year,sex,indig,dist_sec,sc,grc,fam_n,min_dist,dist_cap,poor,progresa,hohedu,hohwag,welfare_index,hohsex,hohage,age,village,folnum,grc97,sc97
97,0.0,0.0,4.473,1.0,7.0,7,21.16838403012562,21.16838403012562,pobre,0,6,0.0,583.0,1.0,35.0,13,163,1,7,1.0
98,0.0,0.0,4.473,1.0,8.0,7,21.16838403012562,21.16838403012562,pobre,0,6,0.0,583.0,1.0,35.0,14,163,1,7,1.0
97,1.0,0.0,4.473,1.0,6.0,7,21.16838403012562,21.16838403012562,pobre,0,6,0.0,583.0,1.0,35.0,12,163,2,6,1.0
98,1.0,0.0,4.473,1.0,7.0,7,21.16838403012562,21.16838403012562,pobre,0,6,0.0,583.0,1.0,35.0,13,163,2,6,1.0
97,0.0,0.0,4.473,1.0,2.0,7,21.16838403012562,21.16838403012562,pobre,0,6,0.0,583.0,1.0,35.0,8,163,3,2,1.0
98,0.0,0.0,4.473,1.0,3.0,7,21.16838403012562,21.16838403012562,pobre,0,6,0.0,583.0,1.0,35.0,9,163,3,2,1.0
97,0.0,0.0,3.154,0.0,6.0,6,127.1147801129469,154.1960026420774,pobre,basal,4,0.0,684.0,1.0,85.0,14,271,4,6,0.0
98,0.0,0.0,3.154,0.0,6.0,6,127.1147801129469,154.1960026420774,pobre,basal,4,0.0,684.0,1.0,85.0,15,271,4,6,0.0
97,1.0,0.0,3.3729999,1.0,2.0,5,85.30027246259445,105.8786688109714,pobre,basal,6,875.0,742.14001,1.0,26.0,9,263,5,2,1.0
98,1.0,0.0,3.3729999,1.0,2.0,5,85.30027246259445,105.8786688109714,pobre,basal,6,875.0,742.14001,1.0,26.0,10,263,5,2,1.0
97,0.0,0.0,3.3729999,1.0,2.0,5,85.30027246259445,105.8786688109714,pobre,basal,6,875.0,742.14001,1.0,26.0,7,263,6,2,1.0
98,0.0,0.0,3.3729999,1.0,3.0,5,85.30027246259445,105.8786688109714,pobre,basal,6,875.0,742.14001,1.0,26.0,8,263,6,2,1.0
97,0.0,0.0,3.3729999,,0.0,5,85.30027246259445,105.8786688109714,pobre,basal,6,875.0,742.14001,1.0,26.0,6,263,7,0,
98,0.0,0.0,3.3729999,1.0,1.0,5,85.30027246259445,105.8786688109714,pobre,basal,6,875.0,742.14001,1.0,26.0,7,263,7,0,
97,1.0,1.0,1.9349999,1.0,2.0,5,127.6576076683567,333.0487309508877,pobre,basal,3,500.0,552.0,1.0,98.0,10,418,8,2,1.0
98,1.0,1.0,1.9349999,1.0,3.0,5,127.6576076683567,333.0487309508877,pobre,basal,3,500.0,552.0,1.0,98.0,11,418,8,2,1.0
97,0.0,1.0,1.9349999,1.0,2.0,5,127.6576076683567,333.0487309508877,pobre,basal,3,500.0,552.0,1.0,98.0,8,418,9,2,1.0
98,0.0,1.0,1.9349999,1.0,3.0,5,127.6576076683567,333.0487309508877,pobre,basal,3,500.0,552.0,1.0,98.0,9,418,9,2,1.0
97,1.0,1.0,1.9349999,1.0,5.0,10,127.6576076683567,333.0487309508877,pobre,basal,0,500.0,660.0,1.0,60.0,16,418,10,5,1.0
98,1.0,1.0,1.9349999,0.0,6.0,10,127.6576076683567,333.0487309508877,pobre,basal,0,500.0,660.0,1.0,60.0,17,418,10,5,1.0
97,0.0,1.0,1.9349999,1.0,3.0,10,127.6576076683567,333.0487309508877,pobre,basal,0,500.0,660.0,1.0,60.0,12,418,11,3,1.0
98,0.0,1.0,1.9349999,1.0,6.0,10,127.6576076683567,333.0487309508877,pobre,basal,0,500.0,660.0,1.0,60.0,13,418,11,3,1.0
97,0.0,1.0,1.9349999,1.0,2.0,7,127.6576076683567,333.0487309508877,pobre,basal,4,500.0,471.0,1.0,30.0,8,418,12,2,1.0
98,0.0,1.0,1.9349999,1.0,3.0,7,127.6576076683567,333.0487309508877,pobre,basal,4,500.0,471.0,1.0,30.0,9,418,12,2,1.0
97,1.0,1.0,1.9349999,1.0,1.0,7,127.6576076683567,333.0487309508877,pobre,basal,4,500.0,471.0,1.0,30.0,7,418,13,1,1.0
98,1.0,1.0,1.9349999,1.0,2.0,7,127.6576076683567,333.0487309508877,pobre,basal,4,500.0,471.0,1.0,30.0,8,418,13,1,1.0
97,0.0,1.0,1.9349999,1.0,3.0,5,127.6576076683567,333.0487309508877,pobre,basal,4,500.0,530.0,1.0,32.0,8,418,14,3,1.0
98,0.0,1.0,1.9349999,1.0,3.0,5,127.6576076683567,333.0487309508877,pobre,basal,4,500.0,530.0,1.0,32.0,9,418,14,3,1.0
97,1.0,1.0,1.9349999,0.0,6.0,9,127.6576076683567,333.0487309508877,pobre,basal,0,500.0,595.59998,1.0,50.0,14,418,15,6,0.0
98,1.0,1.0,1.9349999,,,9,127.6576076683567,333.0487309508877,pobre,basal,0,500.0,595.59998,1.0,50.0,15,418,15,6,0.0
97,1.0,1.0,1.9349999,1.0,3.0,9,127.6576076683567,333.0487309508877,pobre,basal,0,500.0,595.59998,1.0,50.0,10,418,16,3,1.0
98,1.0,1.0,1.9349999,1.0,4.0,9,127.6576076683567,333.0487309508877,pobre,basal,0,500.0,595.59998,1.0,50.0,11,418,16,3,1.0
97,1.0,1.0,1.9349999,1.0,2.0,9,127.6576076683567,333.0487309508877,pobre,basal,0,500.0,595.59998,1.0,50.0,8,418,17,2,1.0
98,1.0,1.0,1.9349999,1.0,3.0,9,127.6576076683567,333.0487309508877,pobre,basal,0,500.0,595.59998,1.0,50.0,9,418,17,2,1.0
97,0.0,1.0,1.9349999,1.0,3.0,4,127.6576076683567,333.0487309508877,pobre,basal,4,500.0,604.0,1.0,37.0,10,418,18,3,1.0
98,0.0,1.0,1.9349999,1.0,4.0,4,127.6576076683567,333.0487309508877,pobre,basal,4,500.0,604.0,1.0,37.0,11,418,18,3,1.0
97,0.0,1.0,1.9349999,1.0,2.0,4,127.6576076683567,333.0487309508877,pobre,basal,4,500.0,604.0,1.0,37.0,9,418,19,2,1.0
98,0.0,1.0,1.9349999,1.0,3.0,4,127.6576076683567,333.0487309508877,pobre,basal,4,500.0,604.0,1.0,37.0,10,418,19,2,1.0
97,0.0,1.0,1.9349999,0.0,3.0,6,127.6576076683567,333.0487309508877,pobre,basal,0,500.0,764.0,1.0,44.0,15,418,20,3,0.0
98,0.0,1.0,1.9349999,0.0,4.0,6,127.6576076683567,333.0487309508877,pobre,basal,0,500.0,764.0,1.0,44.0,16,418,20,3,0.0
97,0.0,1.0,1.9349999,1.0,2.0,6,127.6576076683567,333.0487309508877,pobre,basal,0,500.0,764.0,1.0,44.0,8,418,21,2,1.0
98,0.0,1.0,1.9349999,1.0,3.0,6,127.6576076683567,333.0487309508877,pobre,basal,0,500.0,764.0,1.0,44.0,9,418,21,2,1.0
97,0.0,1.0,1.9349999,1.0,3.0,6,127.6576076683567,333.0487309508877,pobre,basal,0,500.0,764.0,1.0,44.0,11,418,22,3,1.0
98,0.0,1.0,1.9349999,1.0,4.0,6,127.6576076683567,333.0487309508877,pobre,basal,0,500.0,764.0,1.0,44.0,12,418,22,3,1.0
97,1.0,1.0,1.9349999,1.0,5.0,7,127.6576076683567,333.0487309508877,pobre,basal,6,480.0,618.5,1.0,36.0,14,418,23,5,1.0
98,1.0,1.0,1.9349999,0.0,5.0,7,127.6576076683567,333.0487309508877,pobre,basal,6,480.0,618.5,1.0,36.0,15,418,23,5,1.0
97,0.0,1.0,1.9349999,1.0,5.0,7,127.6576076683567,333.0487309508877,pobre,basal,6,480.0,618.5,1.0,36.0,12,418,24,5,1.0
98,0.0,1.0,1.9349999,0.0,6.0,7,127.6576076683567,333.0487309508877,pobre,basal,6,480.0,618.5,1.0,36.0,13,418,24,5,1.0
97,1.0,1.0,1.9349999,1.0,1.0,7,127.6576076683567,333.0487309508877,pobre,basal,6,480.0,618.5,1.0,36.0,7,418,25,1,1.0
98,1.0,1.0,1.9349999,1.0,2.0,7,127.6576076683567,333.0487309508877,pobre,basal,6,480.0,618.5,1.0,36.0,8,418,25,1,1.0
97,0.0,1.0,1.9349999,0.0,6.0,6,127.6576076683567,333.0487309508877,pobre,basal,0,500.0,631.0,1.0,41.0,15,418,26,6,0.0
98,0.0,1.0,1.9349999,0.0,6.0,6,127.6576076683567,333.0487309508877,pobre,basal,0,500.0,631.0,1.0,41.0,16,418,26,6,0.0
97,0.0,1.0,1.9349999,0.0,6.0,8,127.6576076683567,333.0487309508877,pobre,basal,0,500.0,459.0,1.0,49.0,16,418,27,6,0.0
98,0.0,1.0,1.9349999,,,8,127.6576076683567,333.0487309508877,pobre,basal,0,500.0,459.0,1.0,49.0,17,418,27,6,0.0
97,1.0,1.0,1.9349999,0.0,5.0,8,127.6576076683567,333.0487309508877,pobre,basal,0,500.0,459.0,1.0,49.0,12,418,28,5,0.0
98,1.0,1.0,1.9349999,1.0,5.0,8,127.6576076683567,333.0487309508877,pobre,basal,0,500.0,459.0,1.0,49.0,13,418,28,5,0.0
97,0.0,1.0,1.9349999,0.0,5.0,8,127.6576076683567,333.0487309508877,pobre,basal,0,500.0,459.0,1.0,49.0,10,418,29,5,0.0
98,0.0,1.0,1.9349999,1.0,5.0,8,127.6576076683567,333.0487309508877,pobre,basal,0,500.0,459.0,1.0,49.0,11,418,29,5,0.0
97,1.0,1.0,1.9349999,0.0,3.0,8,127.6576076683567,333.0487309508877,pobre,basal,0,500.0,459.0,1.0,49.0,9,418,30,3,0.0
98,1.0,1.0,1.9349999,1.0,4.0,8,127.6576076683567,333.0487309508877,pobre,basal,0,500.0,459.0,1.0,49.0,10,418,30,3,0.0
97,0.0,1.0,1.9349999,1.0,3.0,8,127.6576076683567,333.0487309508877,pobre,basal,5,500.0,438.0,1.0,32.0,9,418,31,3,1.0
98,0.0,1.0,1.9349999,1.0,4.0,8,127.6576076683567,333.0487309508877,pobre,basal,5,500.0,438.0,1.0,32.0,10,418,31,3,1.0
97,1.0,1.0,1.9349999,1.0,1.0,8,127.6576076683567,333.0487309508877,pobre,basal,5,500.0,438.0,1.0,32.0,7,418,32,1,1.0
98,1.0,1.0,1.9349999,1.0,2.0,8,127.6576076683567,333.0487309508877,pobre,basal,5,500.0,438.0,1.0,32.0,8,418,32,1,1.0
97,0.0,1.0,1.9349999,1.0,4.0,6,127.6576076683567,333.0487309508877,pobre,basal,6,480.0,513.0,1.0,39.0,10,418,33,4,1.0
98,0.0,1.0,1.9349999,1.0,5.0,6,127.6576076683567,333.0487309508877,pobre,basal,6,480.0,513.0,1.0,39.0,11,418,33,4,1.0
97,1.0,1.0,1.9349999,1.0,2.0,6,127.6576076683567,333.0487309508877,pobre,basal,6,480.0,513.0,1.0,39.0,8,418,34,2,1.0
98,1.0,1.0,1.9349999,1.0,3.0,6,127.6576076683567,333.0487309508877,pobre,basal,6,480.0,513.0,1.0,39.0,9,418,34,2,1.0
97,0.0,1.0,1.9349999,0.0,6.0,7,127.6576076683567,333.0487309508877,pobre,basal,0,480.0,612.5,1.0,57.0,15,418,35,6,0.0
98,0.0,1.0,1.9349999,0.0,3.0,7,127.6576076683567,333.0487309508877,pobre,basal,0,480.0,612.5,1.0,57.0,16,418,35,6,0.0
97,1.0,1.0,1.9349999,1.0,4.0,7,127.6576076683567,333.0487309508877,pobre,basal,0,480.0,612.5,1.0,57.0,11,418,36,4,1.0
98,1.0,1.0,1.9349999,1.0,5.0,7,127.6576076683567,333.0487309508877,pobre,basal,0,480.0,612.5,1.0,57.0,12,418,36,4,1.0
97,1.0,1.0,1.9349999,1.0,0.0,7,127.6576076683567,333.0487309508877,pobre,basal,0,480.0,612.5,1.0,57.0,6,418,37,0,1.0
98,1.0,1.0,1.9349999,1.0,1.0,7,127.6576076683567,333.0487309508877,pobre,basal,0,480.0,612.5,1.0,57.0,7,418,37,0,1.0
97,0.0,1.0,1.9349999,0.0,6.0,9,127.6576076683567,333.0487309508877,pobre,basal,0,480.0,517.5,1.0,37.0,15,418,38,6,0.0
98,0.0,1.0,1.9349999,0.0,6.0,9,127.6576076683567,333.0487309508877,pobre,basal,0,480.0,517.5,1.0,37.0,16,418,38,6,0.0
97,1.0,1.0,1.9349999,1.0,6.0,9,127.6576076683567,333.0487309508877,pobre,basal,0,480.0,517.5,1.0,37.0,13,418,39,6,1.0
98,1.0,1.0,1.9349999,1.0,7.0,9,127.6576076683567,333.0487309508877,pobre,basal,0,480.0,517.5,1.0,37.0,14,418,39,6,1.0
97,0.0,1.0,1.9349999,0.0,4.0,9,127.6576076683567,333.0487309508877,pobre,basal,0,480.0,517.5,1.0,37.0,11,418,40,4,0.0
98,0.0,1.0,1.9349999,1.0,5.0,9,127.6576076683567,333.0487309508877,pobre,basal,0,480.0,517.5,1.0,37.0,12,418,40,4,0.0
97,1.0,1.0,1.9349999,1.0,2.0,9,127.6576076683567,333.0487309508877,pobre,basal,0,480.0,517.5,1.0,37.0,9,418,41,2,1.0
98,1.0,1.0,1.9349999,1.0,3.0,9,127.6576076683567,333.0487309508877,pobre,basal,0,480.0,517.5,1.0,37.0,10,418,41,2,1.0
97,0.0,1.0,1.9349999,1.0,0.0,9,127.6576076683567,333.0487309508877,pobre,basal,0,480.0,517.5,1.0,37.0,6,418,42,0,1.0
98,0.0,1.0,1.9349999,1.0,1.0,9,127.6576076683567,333.0487309508877,pobre,basal,0,480.0,517.5,1.0,37.0,7,418,42,0,1.0
97,1.0,0.0,4.3509998,0.0,7.0,7,156.2881228509076,168.9932054461552,no pobre,basal,0,750.0,1152.25,1.0,45.0,16,363,43,7,0.0
98,1.0,0.0,4.3509998,,,7,156.2881228509076,168.9932054461552,no pobre,basal,0,750.0,1152.25,1.0,45.0,17,363,43,7,0.0
97,0.0,0.0,4.3509998,1.0,1.0,7,156.2881228509076,168.9932054461552,no pobre,basal,0,750.0,1152.25,1.0,45.0,8,363,44,1,1.0
98,0.0,0.0,4.3509998,1.0,2.0,7,156.2881228509076,168.9932054461552,no pobre,basal,0,750.0,1152.25,1.0,45.0,9,363,44,1,1.0
97,1.0,0.0,4.3509998,1.0,0.0,4,156.2881228509076,168.9932054461552,pobre,basal,6,750.0,744.0,1.0,30.0,6,363,45,0,1.0
98,1.0,0.0,4.3509998,1.0,1.0,4,156.2881228509076,168.9932054461552,pobre,basal,6,750.0,744.0,1.0,30.0,7,363,45,0,1.0
97,1.0,0.0,4.3509998,1.0,0.0,4,156.2881228509076,168.9932054461552,no pobre,basal,6,750.0,875.0,1.0,34.0,6,363,46,0,1.0
98,1.0,0.0,4.3509998,1.0,1.0,4,156.2881228509076,168.9932054461552,no pobre,basal,6,750.0,875.0,1.0,34.0,7,363,46,0,1.0
97,0.0,0.0,4.3509998,1.0,6.0,5,156.2881228509076,168.9932054461552,pobre,basal,6,1200.0,754.0,1.0,36.0,13,363,47,6,1.0
98,0.0,0.0,4.3509998,1.0,7.0,5,156.2881228509076,168.9932054461552,pobre,basal,6,1200.0,754.0,1.0,36.0,14,363,47,6,1.0
97,0.0,0.0,4.3509998,1.0,5.0,5,156.2881228509076,168.9932054461552,pobre,basal,6,1200.0,754.0,1.0,36.0,12,363,48,5,1.0
98,0.0,0.0,4.3509998,1.0,6.0,5,156.2881228509076,168.9932054461552,pobre,basal,6,1200.0,754.0,1.0,36.0,13,363,48,5,1.0
97,1.0,0.0,4.3509998,1.0,5.0,7,156.2881228509076,168.9932054461552,no pobre,basal,0,0.0,825.12,1.0,66.0,14,363,49,5,1.0
98,1.0,0.0,4.3509998,1.0,6.0,7,156.2881228509076,168.9932054461552,no pobre,basal,0,0.0,825.12,1.0,66.0,15,363,49,5,1.0
97,0.0,0.0,4.3509998,1.0,7.0,7,156.2881228509076,168.9932054461552,no pobre,basal,0,0.0,825.12,1.0,66.0,13,363,50,7,1.0
98,0.0,0.0,4.3509998,1.0,8.0,7,156.2881228509076,168.9932054461552,no pobre,basal,0,0.0,825.12,1.0,66.0,14,363,50,7,1.0
97,1.0,0.0,4.3509998,1.0,5.0,7,156.2881228509076,168.9932054461552,no pobre,basal,0,0.0,825.12,1.0,66.0,11,363,51,5,1.0
98,1.0,0.0,4.3509998,1.0,6.0,7,156.2881228509076,168.9932054461552,no pobre,basal,0,0.0,825.12,1.0,66.0,12,363,51,5,1.0
97,0.0,0.0,4.3509998,1.0,7.0,8,156.2881228509076,168.9932054461552,pobre,basal,3,0.0,844.0,1.0,39.0,16,363,52,7,1.0
98,0.0,0.0,4.3509998,,,8,156.2881228509076,168.9932054461552,pobre,basal,3,0.0,844.0,1.0,39.0,17,363,52,7,1.0
97,0.0,0.0,4.3509998,1.0,7.0,8,156.2881228509076,168.9932054461552,pobre,basal,3,0.0,844.0,1.0,39.0,14,363,53,7,1.0
98,0.0,0.0,4.3509998,1.0,8.0,8,156.2881228509076,168.9932054461552,pobre,basal,3,0.0,844.0,1.0,39.0,15,363,53,7,1.0
97,1.0,0.0,4.3509998,1.0,5.0,8,156.2881228509076,168.9932054461552,pobre,basal,3,0.0,844.0,1.0,39.0,11,363,54,5,1.0
98,1.0,0.0,4.3509998,1.0,6.0,8,156.2881228509076,168.9932054461552,pobre,basal,3,0.0,844.0,1.0,39.0,12,363,54,5,1.0
97,1.0,0.0,4.3509998,1.0,0.0,8,156.2881228509076,168.9932054461552,pobre,basal,3,0.0,844.0,1.0,39.0,6,363,55,0,1.0
98,1.0,0.0,4.3509998,1.0,1.0,8,156.2881228509076,168.9932054461552,pobre,basal,3,0.0,844.0,1.0,39.0,7,363,55,0,1.0
97,1.0,0.0,4.3509998,0.0,6.0,4,156.2881228509076,168.9932054461552,pobre,basal,0,750.0,671.0,1.0,66.0,16,363,56,6,0.0
98,1.0,0.0,4.3509998,,,4,156.2881228509076,168.9932054461552,pobre,basal,0,750.0,671.0,1.0,66.0,17,363,56,6,0.0
97,0.0,0.0,4.3509998,1.0,3.0,5,156.2881228509076,168.9932054461552,pobre,basal,1,0.0,522.0,1.0,48.0,9,363,57,3,1.0
98,0.0,0.0,4.3509998,1.0,4.0,5,156.2881228509076,168.9932054461552,pobre,basal,1,0.0,522.0,1.0,48.0,10,363,57,3,1.0
97,1.0,0.0,4.3509998,1.0,1.0,5,156.2881228509076,168.9932054461552,pobre,basal,1,0.0,522.0,1.0,48.0,7,363,58,1,1.0
98,1.0,0.0,4.3509998,1.0,2.0,5,156.2881228509076,168.9932054461552,pobre,basal,1,0.0,522.0,1.0,48.0,8,363,58,1,1.0
97,1.0,0.0,4.3509998,1.0,10.0,8,156.2881228509076,168.9932054461552,no pobre,basal,3,0.0,766.0,1.0,44.0,16,363,59,10,1.0
98,1.0,0.0,4.3509998,,,8,156.2881228509076,168.9932054461552,no pobre,basal,3,0.0,766.0,1.0,44.0,17,363,59,10,1.0
97,1.0,0.0,4.3509998,1.0,9.0,8,156.2881228509076,168.9932054461552,no pobre,basal,3,0.0,766.0,1.0,44.0,15,363,60,9,1.0
98,1.0,0.0,4.3509998,1.0,11.0,8,156.2881228509076,168.9932054461552,no pobre,basal,3,0.0,766.0,1.0,44.0,16,363,60,9,1.0
97,1.0,0.0,4.3509998,1.0,8.0,5,156.2881228509076,168.9932054461552,pobre,basal,1,83.333336,947.0,1.0,72.0,16,363,61,8,1.0
98,1.0,0.0,4.3509998,,,5,156.2881228509076,168.9932054461552,pobre,basal,1,83.333336,947.0,1.0,72.0,17,363,61,8,1.0
97,0.0,0.0,4.3509998,1.0,2.0,5,156.2881228509076,168.9932054461552,pobre,basal,1,83.333336,947.0,1.0,72.0,9,363,62,2,1.0
98,0.0,0.0,4.3509998,1.0,3.0,5,156.2881228509076,168.9932054461552,pobre,basal,1,83.333336,947.0,1.0,72.0,10,363,62,2,1.0
97,1.0,0.0,4.3509998,1.0,1.0,5,156.2881228509076,168.9932054461552,pobre,basal,1,83.333336,947.0,1.0,72.0,7,363,63,1,1.0
98,1.0,0.0,4.3509998,1.0,1.0,5,156.2881228509076,168.9932054461552,pobre,basal,1,83.333336,947.0,1.0,72.0,8,363,63,1,1.0
97,1.0,0.0,4.3509998,1.0,4.0,6,156.2881228509076,168.9932054461552,pobre,basal,3,750.0,827.0,1.0,48.0,15,363,64,4,1.0
98,1.0,0.0,4.3509998,1.0,5.0,6,156.2881228509076,168.9932054461552,pobre,basal,3,750.0,827.0,1.0,48.0,16,363,64,4,1.0
97,0.0,0.0,4.3509998,1.0,6.0,6,156.2881228509076,168.9932054461552,pobre,basal,3,750.0,827.0,1.0,48.0,12,363,65,6,1.0
98,0.0,0.0,4.3509998,1.0,7.0,6,156.2881228509076,168.9932054461552,pobre,basal,3,750.0,827.0,1.0,48.0,13,363,65,6,1.0
97,1.0,0.0,4.3509998,1.0,4.0,6,156.2881228509076,168.9932054461552,pobre,basal,3,750.0,827.0,1.0,48.0,10,363,66,4,1.0
98,1.0,0.0,4.3509998,1.0,5.0,6,156.2881228509076,168.9932054461552,pobre,basal,3,750.0,827.0,1.0,48.0,11,363,66,4,1.0
97,1.0,0.0,4.3509998,1.0,3.0,3,156.2881228509076,168.9932054461552,no pobre,basal,7,0.0,840.0,0.0,25.0,9,363,67,3,1.0
98,1.0,0.0,4.3509998,1.0,4.0,3,156.2881228509076,168.9932054461552,no pobre,basal,7,0.0,840.0,0.0,25.0,10,363,67,3,1.0
97,1.0,0.0,4.3509998,1.0,1.0,3,156.2881228509076,168.9932054461552,no pobre,basal,7,0.0,840.0,0.0,25.0,7,363,68,1,1.0
98,1.0,0.0,4.3509998,1.0,1.0,3,156.2881228509076,168.9932054461552,no pobre,basal,7,0.0,840.0,0.0,25.0,8,363,68,1,1.0
97,1.0,0.0,4.3509998,1.0,3.0,7,156.2881228509076,168.9932054461552,pobre,basal,0,625.0,552.0,1.0,33.0,10,363,69,3,1.0
98,1.0,0.0,4.3509998,1.0,3.0,7,156.2881228509076,168.9932054461552,pobre,basal,0,625.0,552.0,1.0,33.0,11,363,69,3,1.0
97,1.0,0.0,4.3509998,1.0,2.0,7,156.2881228509076,168.9932054461552,pobre,basal,0,625.0,552.0,1.0,33.0,9,363,70,2,1.0
98,1.0,0.0,4.3509998,1.0,2.0,7,156.2881228509076,168.9932054461552,pobre,basal,0,625.0,552.0,1.0,33.0,10,363,70,2,1.0
97,0.0,0.0,4.3509998,1.0,7.0,7,156.2881228509076,168.9932054461552,no pobre,basal,6,583.33331,980.03998,1.0,53.0,14,363,71,7,1.0
98,0.0,0.0,4.3509998,1.0,8.0,7,156.2881228509076,168.9932054461552,no pobre,basal,6,583.33331,980.03998,1.0,53.0,15,363,71,7,1.0
97,0.0,0.0,4.3509998,1.0,1.0,7,156.2881228509076,168.9932054461552,no pobre,basal,6,583.33331,980.03998,1.0,53.0,7,363,72,1,1.0
98,0.0,0.0,4.3509998,1.0,2.0,7,156.2881228509076,168.9932054461552,no pobre,basal,6,583.33331,980.03998,1.0,53.0,8,363,72,1,1.0
97,0.0,0.0,4.3509998,0.0,1.0,7,156.2881228509076,168.9932054461552,no pobre,basal,6,583.33331,980.03998,1.0,53.0,16,363,73,1,0.0
98,0.0,0.0,4.3509998,,,7,156.2881228509076,168.9932054461552,no pobre,basal,6,583.33331,980.03998,1.0,53.0,17,363,73,1,0.0
97,1.0,0.0,4.3509998,1.0,6.0,7,156.2881228509076,168.9932054461552,no pobre,basal,0,0.0,1030.0,1.0,55.0,16,363,74,6,1.0
98,1.0,0.0,4.3509998,,,7,156.2881228509076,168.9932054461552,no pobre,basal,0,0.0,1030.0,1.0,55.0,17,363,74,6,1.0
97,1.0,0.0,4.3509998,1.0,5.0,7,156.2881228509076,168.9932054461552,no pobre,basal,0,0.0,1030.0,1.0,55.0,12,363,75,5,1.0
98,1.0,0.0,4.3509998,1.0,8.0,7,156.2881228509076,168.9932054461552,no pobre,basal,0,0.0,1030.0,1.0,55.0,13,363,75,5,1.0
97,0.0,0.0,4.3509998,1.0,3.0,7,156.2881228509076,168.9932054461552,no pobre,basal,0,0.0,1030.0,1.0,55.0,11,363,76,3,1.0
98,0.0,0.0,4.3509998,1.0,6.0,7,156.2881228509076,168.9932054461552,no pobre,basal,0,0.0,1030.0,1.0,55.0,12,363,76,3,1.0
97,0.0,0.0,4.3509998,1.0,8.0,5,156.2881228509076,168.9932054461552,no pobre,basal,6,0.0,956.0,1.0,59.0,16,363,77,8,1.0
98,0.0,0.0,4.3509998,,,5,156.2881228509076,168.9932054461552,no pobre,basal,6,0.0,956.0,1.0,59.0,17,363,77,8,1.0
97,1.0,0.0,4.3509998,1.0,6.0,5,156.2881228509076,168.9932054461552,no pobre,basal,6,0.0,956.0,1.0,59.0,12,363,78,6,1.0
98,1.0,0.0,4.3509998,1.0,5.0,5,156.2881228509076,168.9932054461552,no pobre,basal,6,0.0,956.0,1.0,59.0,13,363,78,6,1.0
97,0.0,0.0,4.3509998,1.0,1.0,5,156.2881228509076,168.9932054461552,no pobre,basal,6,0.0,956.0,1.0,59.0,7,363,79,1,1.0
98,0.0,0.0,4.3509998,1.0,2.0,5,156.2881228509076,168.9932054461552,no pobre,basal,6,0.0,956.0,1.0,59.0,8,363,79,1,1.0
97,1.0,0.0,4.3509998,1.0,7.0,7,156.2881228509076,168.9932054461552,pobre,basal,0,625.0,609.0,1.0,72.0,15,363,80,7,1.0
98,1.0,0.0,4.3509998,1.0,7.0,7,156.2881228509076,168.9932054461552,pobre,basal,0,625.0,609.0,1.0,72.0,16,363,80,7,1.0
97,0.0,0.0,4.3509998,1.0,7.0,7,156.2881228509076,168.9932054461552,pobre,basal,0,625.0,609.0,1.0,72.0,14,363,81,7,1.0
98,0.0,0.0,4.3509998,1.0,7.0,7,156.2881228509076,168.9932054461552,pobre,basal,0,625.0,609.0,1.0,72.0,15,363,81,7,1.0
97,1.0,0.0,4.3509998,1.0,3.0,7,156.2881228509076,168.9932054461552,pobre,basal,0,625.0,609.0,1.0,72.0,8,363,82,3,1.0
98,1.0,0.0,4.3509998,1.0,4.0,7,156.2881228509076,168.9932054461552,pobre,basal,0,625.0,609.0,1.0,72.0,9,363,82,3,1.0
97,0.0,0.0,4.3509998,1.0,1.0,4,156.2881228509076,168.9932054461552,pobre,basal,6,750.0,760.0,1.0,36.0,7,363,83,1,1.0
98,0.0,0.0,4.3509998,1.0,2.0,4,156.2881228509076,168.9932054461552,pobre,basal,6,750.0,760.0,1.0,36.0,8,363,83,1,1.0
97,1.0,0.0,4.3509998,0.0,6.0,9,156.2881228509076,168.9932054461552,pobre,basal,0,0.0,756.0,1.0,47.0,16,363,84,6,0.0
98,1.0,0.0,4.3509998,,,9,156.2881228509076,168.9932054461552,pobre,basal,0,0.0,756.0,1.0,47.0,17,363,84,6,0.0
97,1.0,0.0,4.3509998,0.0,6.0,9,156.2881228509076,168.9932054461552,pobre,basal,0,0.0,756.0,1.0,47.0,13,363,85,6,0.0
98,1.0,0.0,4.3509998,1.0,7.0,9,156.2881228509076,168.9932054461552,pobre,basal,0,0.0,756.0,1.0,47.0,14,363,85,6,0.0
97,1.0,0.0,4.3509998,1.0,4.0,9,156.2881228509076,168.9932054461552,pobre,basal,0,0.0,756.0,1.0,47.0,9,363,86,4,1.0
98,1.0,0.0,4.3509998,1.0,5.0,9,156.2881228509076,168.9932054461552,pobre,basal,0,0.0,756.0,1.0,47.0,10,363,86,4,1.0
97,1.0,0.0,4.3509998,1.0,1.0,9,156.2881228509076,168.9932054461552,pobre,basal,0,0.0,756.0,1.0,47.0,7,363,87,1,1.0
98,1.0,0.0,4.3509998,1.0,1.0,9,156.2881228509076,168.9932054461552,pobre,basal,0,0.0,756.0,1.0,47.0,8,363,87,1,1.0
97,1.0,0.0,4.3509998,1.0,1.0,4,156.2881228509076,168.9932054461552,pobre,basal,0,912.5,691.0,0.0,43.0,8,363,88,1,1.0
98,1.0,0.0,4.3509998,1.0,2.0,4,156.2881228509076,168.9932054461552,pobre,basal,0,912.5,691.0,0.0,43.0,9,363,88,1,1.0
97,1.0,1.0,1.409,1.0,5.0,5,133.9841350494101,259.9790229566363,pobre,basal,3,300.0,743.0,1.0,41.0,12,347,89,5,1.0
98,1.0,1.0,1.409,1.0,6.0,5,133.9841350494101,259.9790229566363,pobre,basal,3,300.0,743.0,1.0,41.0,13,347,89,5,1.0
97,1.0,1.0,1.409,1.0,7.0,6,133.9841350494101,259.9790229566363,pobre,basal,2,83.333336,580.0,1.0,50.0,15,347,90,7,1.0
98,1.0,1.0,1.409,,,6,133.9841350494101,259.9790229566363,pobre,basal,2,83.333336,580.0,1.0,50.0,16,347,90,7,1.0
97,0.0,1.0,1.409,1.0,1.0,6,133.9841350494101,259.9790229566363,pobre,basal,2,83.333336,580.0,1.0,50.0,9,347,91,1,1.0
98,0.0,1.0,1.409,1.0,2.0,6,133.9841350494101,259.9790229566363,pobre,basal,2,83.333336,580.0,1.0,50.0,10,347,91,1,1.0
97,1.0,1.0,1.409,1.0,0.0,6,133.9841350494101,259.9790229566363,pobre,basal,2,83.333336,580.0,1.0,50.0,6,347,92,0,1.0
98,1.0,1.0,1.409,1.0,1.0,6,133.9841350494101,259.9790229566363,pobre,basal,2,83.333336,580.0,1.0,50.0,7,347,92,0,1.0
97,0.0,1.0,1.529,1.0,2.0,5,146.8077238599486,198.9165995846622,pobre,0,0,500.0,637.5,1.0,48.0,9,302,93,2,1.0
98,0.0,1.0,1.529,1.0,3.0,5,146.8077238599486,198.9165995846622,pobre,0,0,500.0,637.5,1.0,48.0,10,302,93,2,1.0
97,0.0,1.0,1.529,1.0,0.0,5,146.8077238599486,198.9165995846622,pobre,0,0,750.0,530.0,1.0,34.0,6,302,94,0,1.0
98,0.0,1.0,1.529,1.0,1.0,5,146.8077238599486,198.9165995846622,pobre,0,0,750.0,530.0,1.0,34.0,7,302,94,0,1.0
97,0.0,1.0,1.529,1.0,2.0,6,146.8077238599486,198.9165995846622,pobre,0,2,500.0,539.0,1.0,53.0,9,302,95,2,1.0
98,0.0,1.0,1.529,1.0,3.0,6,146.8077238599486,198.9165995846622,pobre,0,2,500.0,539.0,1.0,53.0,10,302,95,2,1.0
97,0.0,1.0,1.529,1.0,5.0,4,146.8077238599486,198.9165995846622,pobre,0,0,500.0,605.0,1.0,61.0,13,302,96,5,1.0
98,0.0,1.0,1.529,0.0,6.0,4,146.8077238599486,198.9165995846622,pobre,0,0,500.0,605.0,1.0,61.0,14,302,96,5,1.0
97,1.0,1.0,1.529,1.0,3.0,4,146.8077238599486,198.9165995846622,pobre,0,0,500.0,605.0,1.0,61.0,11,302,97,3,1.0
98,1.0,1.0,1.529,1.0,4.0,4,146.8077238599486,198.9165995846622,pobre,0,0,500.0,605.0,1.0,61.0,12,302,97,3,1.0
97,1.0,0.0,4.473,1.0,4.0,6,21.16838403012562,21.16838403012562,pobre,0,2,1250.0,673.5,1.0,37.0,11,163,98,4,1.0
98,1.0,0.0,4.473,1.0,5.0,6,21.16838403012562,21.16838403012562,pobre,0,2,1250.0,673.5,1.0,37.0,12,163,98,4,1.0
97,1.0,0.0,4.473,1.0,4.0,6,21.16838403012562,21.16838403012562,pobre,0,2,1250.0,673.5,1.0,37.0,10,163,99,4,1.0
98,1.0,0.0,4.473,1.0,5.0,6,21.16838403012562,21.16838403012562,pobre,0,2,1250.0,673.5,1.0,37.0,11,163,99,4,1.0
97,1.0,0.0,4.473,0.0,6.0,5,21.16838403012562,21.16838403012562,pobre,0,4,0.0,695.0,1.0,39.0,13,163,100,6,0.0
98,1.0,0.0,4.473,0.0,6.0,5,21.16838403012562,21.16838403012562,pobre,0,4,0.0,695.0,1.0,39.0,14,163,100,6,0.0
97,0.0,0.0,4.473,1.0,0.0,5,21.16838403012562,21.16838403012562,pobre,0,4,0.0,695.0,1.0,39.0,6,163,101,0,1.0
98,0.0,0.0,4.473,1.0,1.0,5,21.16838403012562,21.16838403012562,pobre,0,4,0.0,695.0,1.0,39.0,7,163,101,0,1.0
97,0.0,0.0,4.473,0.0,6.0,8,21.16838403012562,21.16838403012562,pobre,0,1,2500.0,524.0,1.0,44.0,15,163,102,6,0.0
98,0.0,0.0,4.473,0.0,6.0,8,21.16838403012562,21.16838403012562,pobre,0,1,2500.0,524.0,1.0,44.0,16,163,102,6,0.0
97,0.0,0.0,4.473,1.0,5.0,8,21.16838403012562,21.16838403012562,pobre,0,1,2500.0,524.0,1.0,44.0,13,163,103,5,1.0
98,0.0,0.0,4.473,0.0,6.0,8,21.16838403012562,21.16838403012562,pobre,0,1,2500.0,524.0,1.0,44.0,14,163,103,5,1.0
97,0.0,0.0,4.473,0.0,6.0,8,21.16838403012562,21.16838403012562,pobre,0,1,2500.0,524.0,1.0,44.0,12,163,104,6,0.0
98,0.0,0.0,4.473,0.0,6.0,8,21.16838403012562,21.16838403012562,pobre,0,1,2500.0,524.0,1.0,44.0,13,163,104,6,0.0
97,1.0,0.0,4.473,1.0,4.0,8,21.16838403012562,21.16838403012562,pobre,0,1,2500.0,524.0,1.0,44.0,11,163,105,4,1.0
98,1.0,0.0,4.473,1.0,5.0,8,21.16838403012562,21.16838403012562,pobre,0,1,2500.0,524.0,1.0,44.0,12,163,105,4,1.0
97,0.0,0.0,4.473,1.0,2.0,8,21.16838403012562,21.16838403012562,pobre,0,1,2500.0,524.0,1.0,44.0,8,163,106,2,1.0
98,0.0,0.0,4.473,1.0,3.0,8,21.16838403012562,21.16838403012562,pobre,0,1,2500.0,524.0,1.0,44.0,9,163,106,2,1.0
97,0.0,0.0,4.473,1.0,5.0,6,21.16838403012562,21.16838403012562,pobre,0,0,1000.0,599.0,1.0,36.0,13,163,107,5,1.0
98,0.0,0.0,4.473,0.0,6.0,6,21.16838403012562,21.16838403012562,pobre,0,0,1000.0,599.0,1.0,36.0,14,163,107,5,1.0
97,0.0,0.0,4.473,1.0,2.0,6,21.16838403012562,21.16838403012562,pobre,0,0,1000.0,599.0,1.0,36.0,10,163,108,2,1.0
98,0.0,0.0,4.473,1.0,1.0,6,21.16838403012562,21.16838403012562,pobre,0,0,1000.0,599.0,1.0,36.0,11,163,108,2,1.0
97,1.0,0.0,4.473,1.0,2.0,6,21.16838403012562,21.16838403012562,pobre,0,0,1000.0,599.0,1.0,36.0,8,163,109,2,1.0
98,1.0,0.0,4.473,1.0,2.0,6,21.16838403012562,21.16838403012562,pobre,0,0,1000.0,599.0,1.0,36.0,9,163,109,2,1.0
97,1.0,0.0,4.473,1.0,4.0,6,21.16838403012562,21.16838403012562,pobre,0,3,0.0,557.0,1.0,31.0,10,163,110,4,1.0
98,1.0,0.0,4.473,1.0,5.0,6,21.16838403012562,21.16838403012562,pobre,0,3,0.0,557.0,1.0,31.0,11,163,110,4,1.0
97,1.0,0.0,4.473,1.0,3.0,6,21.16838403012562,21.16838403012562,pobre,0,3,0.0,557.0,1.0,31.0,9,163,111,3,1.0
98,1.0,0.0,4.473,1.0,4.0,6,21.16838403012562,21.16838403012562,pobre,0,3,0.0,557.0,1.0,31.0,10,163,111,3,1.0
97,0.0,0.0,4.473,1.0,1.0,6,21.16838403012562,21.16838403012562,pobre,0,3,0.0,557.0,1.0,31.0,7,163,112,1,1.0
98,0.0,0.0,4.473,1.0,2.0,6,21.16838403012562,21.16838403012562,pobre,0,3,0.0,557.0,1.0,31.0,8,163,112,1,1.0
97,1.0,0.0,4.473,1.0,3.0,5,21.16838403012562,21.16838403012562,pobre,0,4,0.0,605.0,1.0,28.0,8,163,113,3,1.0
98,1.0,0.0,4.473,1.0,4.0,5,21.16838403012562,21.16838403012562,pobre,0,4,0.0,605.0,1.0,28.0,9,163,113,3,1.0
97,1.0,0.0,4.473,1.0,2.0,5,21.16838403012562,21.16838403012562,no pobre,0,0,0.0,782.5,1.0,46.0,9,163,114,2,1.0
98,1.0,0.0,4.473,1.0,3.0,5,21.16838403012562,21.16838403012562,no pobre,0,0,0.0,782.5,1.0,46.0,10,163,114,2,1.0
97,1.0,0.0,4.473,1.0,0.0,6,21.16838403012562,21.16838403012562,no pobre,0,3,0.0,708.0,1.0,75.0,6,163,115,0,1.0
98,1.0,0.0,4.473,1.0,1.0,6,21.16838403012562,21.16838403012562,no pobre,0,3,0.0,708.0,1.0,75.0,7,163,115,0,1.0
97,0.0,0.0,4.473,0.0,6.0,6,21.16838403012562,21.16838403012562,pobre,0,1,0.0,597.0,1.0,52.0,13,163,116,6,0.0
98,0.0,0.0,4.473,0.0,6.0,6,21.16838403012562,21.16838403012562,pobre,0,1,0.0,597.0,1.0,52.0,14,163,116,6,0.0
97,1.0,0.0,4.473,1.0,5.0,6,21.16838403012562,21.16838403012562,pobre,0,1,0.0,597.0,1.0,52.0,12,163,117,5,1.0
98,1.0,0.0,4.473,0.0,6.0,6,21.16838403012562,21.16838403012562,pobre,0,1,0.0,597.0,1.0,52.0,13,163,117,5,1.0
97,1.0,0.0,4.473,1.0,4.0,6,21.16838403012562,21.16838403012562,pobre,0,1,0.0,597.0,1.0,52.0,10,163,118,4,1.0
98,1.0,0.0,4.473,1.0,5.0,6,21.16838403012562,21.16838403012562,pobre,0,1,0.0,597.0,1.0,52.0,11,163,118,4,1.0
97,0.0,0.0,4.473,1.0,2.0,6,21.16838403012562,21.16838403012562,pobre,0,1,0.0,597.0,1.0,52.0,8,163,119,2,1.0
98,0.0,0.0,4.473,1.0,3.0,6,21.16838403012562,21.16838403012562,pobre,0,1,0.0,597.0,1.0,52.0,9,163,119,2,1.0
97,0.0,0.0,4.473,0.0,6.0,7,21.16838403012562,21.16838403012562,pobre,0,3,1250.0,530.0,1.0,39.0,14,163,120,6,0.0
98,0.0,0.0,4.473,0.0,6.0,7,21.16838403012562,21.16838403012562,pobre,0,3,1250.0,530.0,1.0,39.0,15,163,120,6,0.0
97,1.0,0.0,4.473,0.0,6.0,7,21.16838403012562,21.16838403012562,pobre,0,3,1250.0,530.0,1.0,39.0,13,163,121,6,0.0
98,1.0,0.0,4.473,0.0,6.0,7,21.16838403012562,21.16838403012562,pobre,0,3,1250.0,530.0,1.0,39.0,14,163,121,6,0.0
97,0.0,0.0,4.473,1.0,5.0,7,21.16838403012562,21.16838403012562,pobre,0,3,1250.0,530.0,1.0,39.0,11,163,122,5,1.0
98,0.0,0.0,4.473,0.0,6.0,7,21.16838403012562,21.16838403012562,pobre,0,3,1250.0,530.0,1.0,39.0,12,163,122,5,1.0
97,0.0,0.0,4.473,1.0,3.0,7,21.16838403012562,21.16838403012562,pobre,0,3,1250.0,530.0,1.0,39.0,10,163,123,3,1.0
98,0.0,0.0,4.473,1.0,4.0,7,21.16838403012562,21.16838403012562,pobre,0,3,1250.0,530.0,1.0,39.0,11,163,123,3,1.0
97,0.0,0.0,4.473,0.0,3.0,3,21.16838403012562,21.16838403012562,pobre,0,0,0.0,747.0,0.0,60.0,13,163,124,3,0.0
98,0.0,0.0,4.473,,,3,21.16838403012562,21.16838403012562,pobre,0,0,0.0,747.0,0.0,60.0,14,163,124,3,0.0
97,0.0,0.0,4.473,1.0,0.0,4,21.16838403012562,21.16838403012562,pobre,0,7,0.0,680.0,1.0,33.0,6,163,125,0,1.0
98,0.0,0.0,4.473,1.0,1.0,4,21.16838403012562,21.16838403012562,pobre,0,7,0.0,680.0,1.0,33.0,7,163,125,0,1.0
97,1.0,0.0,4.473,0.0,6.0,8,21.16838403012562,21.16838403012562,pobre,0,6,0.0,681.0,1.0,46.0,16,163,126,6,0.0
98,1.0,0.0,4.473,,,8,21.16838403012562,21.16838403012562,pobre,0,6,0.0,681.0,1.0,46.0,17,163,126,6,0.0
97,1.0,0.0,4.473,0.0,6.0,8,21.16838403012562,21.16838403012562,pobre,0,6,0.0,681.0,1.0,46.0,12,163,127,6,0.0
98,1.0,0.0,4.473,0.0,6.0,8,21.16838403012562,21.16838403012562,pobre,0,6,0.0,681.0,1.0,46.0,13,163,127,6,0.0
97,1.0,0.0,4.473,1.0,5.0,8,21.16838403012562,21.16838403012562,pobre,0,6,0.0,681.0,1.0,46.0,11,163,128,5,1.0
98,1.0,0.0,4.473,0.0,6.0,8,21.16838403012562,21.16838403012562,pobre,0,6,0.0,681.0,1.0,46.0,12,163,128,5,1.0
97,1.0,0.0,4.473,0.0,5.0,6,21.16838403012562,21.16838403012562,pobre,0,0,600.0,570.0,1.0,40.0,13,163,129,5,0.0
98,1.0,0.0,4.473,,,6,21.16838403012562,21.16838403012562,pobre,0,0,600.0,570.0,1.0,40.0,14,163,129,5,0.0
97,1.0,0.0,4.473,1.0,5.0,6,21.16838403012562,21.16838403012562,pobre,0,0,600.0,570.0,1.0,40.0,11,163,130,5,1.0
98,1.0,0.0,4.473,,,6,21.16838403012562,21.16838403012562,pobre,0,0,600.0,570.0,1.0,40.0,12,163,130,5,1.0
97,0.0,0.0,4.473,1.0,2.0,6,21.16838403012562,21.16838403012562,pobre,0,0,600.0,570.0,1.0,40.0,9,163,131,2,1.0
98,0.0,0.0,4.473,,,6,21.16838403012562,21.16838403012562,pobre,0,0,600.0,570.0,1.0,40.0,10,163,131,2,1.0
97,1.0,0.0,4.473,1.0,0.0,6,21.16838403012562,21.16838403012562,pobre,0,0,600.0,570.0,1.0,40.0,6,163,132,0,1.0
98,1.0,0.0,4.473,,,6,21.16838403012562,21.16838403012562,pobre,0,0,600.0,570.0,1.0,40.0,7,163,132,0,1.0
97,1.0,0.0,4.473,1.0,5.0,5,21.16838403012562,21.16838403012562,pobre,0,4,1000.0,667.0,1.0,34.0,12,163,133,5,1.0
98,1.0,0.0,4.473,0.0,6.0,5,21.16838403012562,21.16838403012562,pobre,0,4,1000.0,667.0,1.0,34.0,13,163,133,5,1.0
97,0.0,0.0,4.473,1.0,4.0,5,21.16838403012562,21.16838403012562,pobre,0,4,1000.0,667.0,1.0,34.0,10,163,134,4,1.0
98,0.0,0.0,4.473,1.0,5.0,5,21.16838403012562,21.16838403012562,pobre,0,4,1000.0,667.0,1.0,34.0,11,163,134,4,1.0
97,1.0,0.0,4.473,1.0,1.0,5,21.16838403012562,21.16838403012562,pobre,0,4,1000.0,667.0,1.0,34.0,7,163,135,1,1.0
98,1.0,0.0,4.473,1.0,2.0,5,21.16838403012562,21.16838403012562,pobre,0,4,1000.0,667.0,1.0,34.0,8,163,135,1,1.0
97,0.0,0.0,4.473,1.0,6.0,6,21.16838403012562,21.16838403012562,no pobre,0,3,0.0,712.0,1.0,66.0,13,163,136,6,1.0
98,0.0,0.0,4.473,0.0,6.0,6,21.16838403012562,21.16838403012562,no pobre,0,3,0.0,712.0,1.0,66.0,14,163,136,6,1.0
97,1.0,0.0,4.473,1.0,3.0,8,21.16838403012562,21.16838403012562,pobre,0,3,2500.0,478.0,1.0,34.0,11,163,137,3,1.0
98,1.0,0.0,4.473,1.0,4.0,8,21.16838403012562,21.16838403012562,pobre,0,3,2500.0,478.0,1.0,34.0,12,163,137,3,1.0
97,0.0,0.0,4.473,1.0,1.0,8,21.16838403012562,21.16838403012562,pobre,0,3,2500.0,478.0,1.0,34.0,9,163,138,1,1.0
98,0.0,0.0,4.473,1.0,2.0,8,21.16838403012562,21.16838403012562,pobre,0,3,2500.0,478.0,1.0,34.0,10,163,138,1,1.0
97,0.0,0.0,4.473,1.0,0.0,8,21.16838403012562,21.16838403012562,pobre,0,3,2500.0,478.0,1.0,34.0,7,163,139,0,1.0
98,0.0,0.0,4.473,1.0,1.0,8,21.16838403012562,21.16838403012562,pobre,0,3,2500.0,478.0,1.0,34.0,8,163,139,0,1.0
97,1.0,0.0,4.473,1.0,0.0,8,21.16838403012562,21.16838403012562,pobre,0,3,2500.0,478.0,1.0,34.0,6,163,140,0,1.0
98,1.0,0.0,4.473,1.0,1.0,8,21.16838403012562,21.16838403012562,pobre,0,3,2500.0,478.0,1.0,34.0,7,163,140,0,1.0
97,1.0,0.0,4.473,0.0,6.0,7,21.16838403012562,21.16838403012562,pobre,0,3,784.0,569.0,1.0,45.0,16,163,141,6,0.0
98,1.0,0.0,4.473,,,7,21.16838403012562,21.16838403012562,pobre,0,3,784.0,569.0,1.0,45.0,17,163,141,6,0.0
97,1.0,0.0,4.473,0.0,6.0,7,21.16838403012562,21.16838403012562,pobre,0,3,784.0,569.0,1.0,45.0,14,163,142,6,0.0
98,1.0,0.0,4.473,0.0,6.0,7,21.16838403012562,21.16838403012562,pobre,0,3,784.0,569.0,1.0,45.0,15,163,142,6,0.0
97,0.0,0.0,4.473,1.0,5.0,7,21.16838403012562,21.16838403012562,pobre,0,3,784.0,569.0,1.0,45.0,12,163,143,5,1.0
98,0.0,0.0,4.473,0.0,6.0,7,21.16838403012562,21.16838403012562,pobre,0,3,784.0,569.0,1.0,45.0,13,163,143,5,1.0
97,1.0,0.0,4.473,0.0,6.0,9,21.16838403012562,21.16838403012562,no pobre,0,4,0.0,747.5,1.0,48.0,16,163,144,6,0.0
98,1.0,0.0,4.473,,,9,21.16838403012562,21.16838403012562,no pobre,0,4,0.0,747.5,1.0,48.0,17,163,144,6,0.0
97,0.0,0.0,4.473,1.0,5.0,9,21.16838403012562,21.16838403012562,no pobre,0,4,0.0,747.5,1.0,48.0,11,163,145,5,1.0
98,0.0,0.0,4.473,0.0,6.0,9,21.16838403012562,21.16838403012562,no pobre,0,4,0.0,747.5,1.0,48.0,12,163,145,5,1.0
97,0.0,0.0,4.473,1.0,0.0,9,21.16838403012562,21.16838403012562,no pobre,0,4,0.0,747.5,1.0,48.0,6,163,146,0,1.0
98,0.0,0.0,4.473,,,9,21.16838403012562,21.16838403012562,no pobre,0,4,0.0,747.5,1.0,48.0,7,163,146,0,1.0
97,1.0,0.0,4.473,0.0,5.0,10,21.16838403012562,21.16838403012562,pobre,0,3,0.0,659.5,1.0,50.0,15,163,147,5,0.0
98,1.0,0.0,4.473,0.0,5.0,10,21.16838403012562,21.16838403012562,pobre,0,3,0.0,659.5,1.0,50.0,16,163,147,5,0.0
97,1.0,0.0,4.473,1.0,5.0,10,21.16838403012562,21.16838403012562,pobre,0,3,0.0,659.5,1.0,50.0,13,163,148,5,1.0
98,1.0,0.0,4.473,0.0,6.0,10,21.16838403012562,21.16838403012562,pobre,0,3,0.0,659.5,1.0,50.0,14,163,148,5,1.0
97,0.0,0.0,4.473,1.0,5.0,10,21.16838403012562,21.16838403012562,pobre,0,3,0.0,659.5,1.0,50.0,12,163,149,5,1.0
98,0.0,0.0,4.473,0.0,6.0,10,21.16838403012562,21.16838403012562,pobre,0,3,0.0,659.5,1.0,50.0,13,163,149,5,1.0
97,1.0,0.0,4.473,1.0,4.0,10,21.16838403012562,21.16838403012562,pobre,0,3,0.0,659.5,1.0,50.0,11,163,150,4,1.0
98,1.0,0.0,4.473,1.0,5.0,10,21.16838403012562,21.16838403012562,pobre,0,3,0.0,659.5,1.0,50.0,12,163,150,4,1.0
97,1.0,0.0,4.473,1.0,4.0,10,21.16838403012562,21.16838403012562,pobre,0,3,0.0,659.5,1.0,50.0,10,163,151,4,1.0
98,1.0,0.0,4.473,1.0,5.0,10,21.16838403012562,21.16838403012562,pobre,0,3,0.0,659.5,1.0,50.0,11,163,151,4,1.0
97,0.0,0.0,4.473,1.0,1.0,10,21.16838403012562,21.16838403012562,pobre,0,3,0.0,659.5,1.0,50.0,7,163,152,1,1.0
98,0.0,0.0,4.473,1.0,2.0,10,21.16838403012562,21.16838403012562,pobre,0,3,0.0,659.5,1.0,50.0,8,163,152,1,1.0
97,1.0,0.0,4.473,0.0,6.0,7,21.16838403012562,21.16838403012562,pobre,0,0,1000.0,580.0,1.0,32.0,14,163,153,6,0.0
98,1.0,0.0,4.473,,,7,21.16838403012562,21.16838403012562,pobre,0,0,1000.0,580.0,1.0,32.0,15,163,153,6,0.0
97,0.0,0.0,4.473,1.0,5.0,7,21.16838403012562,21.16838403012562,pobre,0,0,1000.0,580.0,1.0,32.0,14,163,154,5,1.0
98,0.0,0.0,4.473,0.0,6.0,7,21.16838403012562,21.16838403012562,pobre,0,0,1000.0,580.0,1.0,32.0,15,163,154,5,1.0
97,1.0,0.0,4.473,1.0,5.0,7,21.16838403012562,21.16838403012562,pobre,0,0,1000.0,580.0,1.0,32.0,12,163,155,5,1.0
98,1.0,0.0,4.473,0.0,6.0,7,21.16838403012562,21.16838403012562,pobre,0,0,1000.0,580.0,1.0,32.0,13,163,155,5,1.0
97,0.0,0.0,4.473,1.0,5.0,7,21.16838403012562,21.16838403012562,pobre,0,0,1000.0,580.0,1.0,32.0,11,163,156,5,1.0
98,0.0,0.0,4.473,0.0,6.0,7,21.16838403012562,21.16838403012562,pobre,0,0,1000.0,580.0,1.0,32.0,12,163,156,5,1.0
97,0.0,0.0,4.473,1.0,3.0,7,21.16838403012562,21.16838403012562,pobre,0,0,1000.0,580.0,1.0,32.0,9,163,157,3,1.0
98,0.0,0.0,4.473,,,7,21.16838403012562,21.16838403012562,pobre,0,0,1000.0,580.0,1.0,32.0,10,163,157,3,1.0
97,1.0,0.0,4.473,1.0,3.0,7,21.16838403012562,21.16838403012562,pobre,0,6,0.0,499.0,1.0,29.0,9,163,158,3,1.0
98,1.0,0.0,4.473,1.0,4.0,7,21.16838403012562,21.16838403012562,pobre,0,6,0.0,499.0,1.0,29.0,10,163,158,3,1.0
97,1.0,0.0,4.473,1.0,2.0,7,21.16838403012562,21.16838403012562,pobre,0,6,0.0,499.0,1.0,29.0,8,163,159,2,1.0
98,1.0,0.0,4.473,1.0,3.0,7,21.16838403012562,21.16838403012562,pobre,0,6,0.0,499.0,1.0,29.0,9,163,159,2,1.0
97,1.0,0.0,4.473,1.0,1.0,4,21.16838403012562,21.16838403012562,pobre,0,6,1250.0,680.0,1.0,28.0,7,163,160,1,1.0
98,1.0,0.0,4.473,1.0,2.0,4,21.16838403012562,21.16838403012562,pobre,0,6,1250.0,680.0,1.0,28.0,8,163,160,1,1.0
97,0.0,0.0,4.473,0.0,6.0,6,21.16838403012562,21.16838403012562,pobre,0,1,0.0,740.40002,1.0,62.0,16,163,161,6,0.0
98,0.0,0.0,4.473,,,6,21.16838403012562,21.16838403012562,pobre,0,1,0.0,740.40002,1.0,62.0,17,163,161,6,0.0
97,0.0,0.0,4.473,0.0,4.0,6,21.16838403012562,21.16838403012562,pobre,0,1,0.0,740.40002,1.0,62.0,14,163,162,4,0.0
98,0.0,0.0,4.473,,,6,21.16838403012562,21.16838403012562,pobre,0,1,0.0,740.40002,1.0,62.0,15,163,162,4,0.0
97,0.0,0.0,4.473,0.0,4.0,10,21.16838403012562,21.16838403012562,pobre,0,3,0.0,663.0,1.0,50.0,15,163,163,4,0.0
98,0.0,0.0,4.473,0.0,4.0,10,21.16838403012562,21.16838403012562,pobre,0,3,0.0,663.0,1.0,50.0,16,163,163,4,0.0
97,1.0,0.0,4.473,0.0,6.0,10,21.16838403012562,21.16838403012562,pobre,0,3,0.0,663.0,1.0,50.0,11,163,164,6,0.0
98,1.0,0.0,4.473,0.0,6.0,10,21.16838403012562,21.16838403012562,pobre,0,3,0.0,663.0,1.0,50.0,12,163,164,6,0.0
97,0.0,0.0,4.473,1.0,3.0,10,21.16838403012562,21.16838403012562,pobre,0,3,0.0,663.0,1.0,50.0,9,163,165,3,1.0
98,0.0,0.0,4.473,1.0,4.0,10,21.16838403012562,21.16838403012562,pobre,0,3,0.0,663.0,1.0,50.0,10,163,165,3,1.0
97,0.0,0.0,4.473,1.0,4.0,4,21.16838403012562,21.16838403012562,no pobre,0,0,400.0,743.0,1.0,49.0,10,163,166,4,1.0
98,0.0,0.0,4.473,1.0,5.0,4,21.16838403012562,21.16838403012562,no pobre,0,0,400.0,743.0,1.0,49.0,11,163,166,4,1.0
97,1.0,0.0,4.473,1.0,1.0,4,21.16838403012562,21.16838403012562,pobre,0,3,0.0,712.0,1.0,36.0,7,163,167,1,1.0
98,1.0,0.0,4.473,1.0,2.0,4,21.16838403012562,21.16838403012562,pobre,0,3,0.0,712.0,1.0,36.0,8,163,167,1,1.0
97,0.0,0.0,4.473,0.0,6.0,7,21.16838403012562,21.16838403012562,pobre,0,3,0.0,660.5,1.0,50.0,13,163,168,6,0.0
98,0.0,0.0,4.473,0.0,6.0,7,21.16838403012562,21.16838403012562,pobre,0,3,0.0,660.5,1.0,50.0,14,163,168,6,0.0
97,1.0,0.0,4.473,1.0,5.0,7,21.16838403012562,21.16838403012562,pobre,0,3,0.0,660.5,1.0,50.0,11,163,169,5,1.0
98,1.0,0.0,4.473,0.0,6.0,7,21.16838403012562,21.16838403012562,pobre,0,3,0.0,660.5,1.0,50.0,12,163,169,5,1.0
97,1.0,0.0,4.473,1.0,2.0,5,21.16838403012562,21.16838403012562,pobre,0,2,0.0,589.0,1.0,34.0,8,163,170,2,1.0
98,1.0,0.0,4.473,1.0,3.0,5,21.16838403012562,21.16838403012562,pobre,0,2,0.0,589.0,1.0,34.0,9,163,170,2,1.0
97,0.0,0.0,4.473,1.0,1.0,5,21.16838403012562,21.16838403012562,pobre,0,2,0.0,589.0,1.0,34.0,6,163,171,1,1.0
98,0.0,0.0,4.473,1.0,2.0,5,21.16838403012562,21.16838403012562,pobre,0,2,0.0,589.0,1.0,34.0,7,163,171,1,1.0
97,1.0,0.0,4.473,0.0,6.0,8,21.16838403012562,21.16838403012562,pobre,0,1,800.0,514.0,1.0,38.0,16,163,172,6,0.0
98,1.0,0.0,4.473,,,8,21.16838403012562,21.16838403012562,pobre,0,1,800.0,514.0,1.0,38.0,17,163,172,6,0.0
97,0.0,0.0,4.473,0.0,2.0,8,21.16838403012562,21.16838403012562,pobre,0,1,800.0,514.0,1.0,38.0,14,163,173,2,0.0
98,0.0,0.0,4.473,0.0,2.0,8,21.16838403012562,21.16838403012562,pobre,0,1,800.0,514.0,1.0,38.0,15,163,173,2,0.0
97,0.0,0.0,4.473,1.0,4.0,8,21.16838403012562,21.16838403012562,pobre,0,1,800.0,514.0,1.0,38.0,11,163,174,4,1.0
98,0.0,0.0,4.473,1.0,5.0,8,21.16838403012562,21.16838403012562,pobre,0,1,800.0,514.0,1.0,38.0,12,163,174,4,1.0
97,0.0,0.0,4.473,1.0,2.0,8,21.16838403012562,21.16838403012562,pobre,0,1,800.0,514.0,1.0,38.0,9,163,175,2,1.0
98,0.0,0.0,4.473,1.0,3.0,8,21.16838403012562,21.16838403012562,pobre,0,1,800.0,514.0,1.0,38.0,10,163,175,2,1.0
97,1.0,0.0,4.473,1.0,5.0,4,21.16838403012562,21.16838403012562,no pobre,0,2,2000.0,706.0,1.0,40.0,12,163,176,5,1.0
98,1.0,0.0,4.473,0.0,6.0,4,21.16838403012562,21.16838403012562,no pobre,0,2,2000.0,706.0,1.0,40.0,13,163,176,5,1.0
97,1.0,0.0,4.473,1.0,4.0,4,21.16838403012562,21.16838403012562,no pobre,0,2,2000.0,706.0,1.0,40.0,10,163,177,4,1.0
98,1.0,0.0,4.473,1.0,5.0,4,21.16838403012562,21.16838403012562,no pobre,0,2,2000.0,706.0,1.0,40.0,11,163,177,4,1.0
97,1.0,0.0,4.473,1.0,5.0,5,21.16838403012562,21.16838403012562,no pobre,0,3,1250.0,718.89001,1.0,29.0,10,163,178,5,1.0
98,1.0,0.0,4.473,1.0,6.0,5,21.16838403012562,21.16838403012562,no pobre,0,3,1250.0,718.89001,1.0,29.0,11,163,178,5,1.0
97,1.0,0.0,4.473,1.0,3.0,5,21.16838403012562,21.16838403012562,no pobre,0,3,1250.0,718.89001,1.0,29.0,8,163,179,3,1.0
98,1.0,0.0,4.473,1.0,4.0,5,21.16838403012562,21.16838403012562,no pobre,0,3,1250.0,718.89001,1.0,29.0,9,163,179,3,1.0
97,1.0,0.0,4.473,0.0,6.0,3,21.16838403012562,21.16838403012562,no pobre,0,0,0.0,725.0,1.0,40.0,13,163,180,6,0.0
98,1.0,0.0,4.473,0.0,6.0,3,21.16838403012562,21.16838403012562,no pobre,0,0,0.0,725.0,1.0,40.0,14,163,180,6,0.0
97,1.0,0.0,4.473,0.0,6.0,10,21.16838403012562,21.16838403012562,pobre,0,6,240.0,642.85999,1.0,55.0,15,163,181,6,0.0
98,1.0,0.0,4.473,0.0,6.0,10,21.16838403012562,21.16838403012562,pobre,0,6,240.0,642.85999,1.0,55.0,16,163,181,6,0.0
97,1.0,0.0,4.473,0.0,6.0,10,21.16838403012562,21.16838403012562,pobre,0,6,240.0,642.85999,1.0,55.0,14,163,182,6,0.0
98,1.0,0.0,4.473,0.0,6.0,10,21.16838403012562,21.16838403012562,pobre,0,6,240.0,642.85999,1.0,55.0,15,163,182,6,0.0
97,0.0,0.0,4.473,1.0,5.0,10,21.16838403012562,21.16838403012562,pobre,0,6,240.0,642.85999,1.0,55.0,11,163,183,5,1.0
98,0.0,0.0,4.473,0.0,6.0,10,21.16838403012562,21.16838403012562,pobre,0,6,240.0,642.85999,1.0,55.0,12,163,183,5,1.0
97,1.0,0.0,4.473,0.0,6.0,10,21.16838403012562,21.16838403012562,pobre,0,6,240.0,642.85999,1.0,55.0,12,163,184,6,0.0
98,1.0,0.0,4.473,0.0,6.0,10,21.16838403012562,21.16838403012562,pobre,0,6,240.0,642.85999,1.0,55.0,13,163,184,6,0.0
97,0.0,0.0,4.473,1.0,1.0,6,21.16838403012562,21.16838403012562,pobre,0,6,0.0,412.34,0.0,66.0,8,163,185,1,1.0
98,0.0,0.0,4.473,1.0,1.0,6,21.16838403012562,21.16838403012562,pobre,0,6,0.0,412.34,0.0,66.0,9,163,185,1,1.0
97,0.0,0.0,4.473,1.0,3.0,10,21.16838403012562,21.16838403012562,pobre,0,0,0.0,643.0,1.0,54.0,13,163,186,3,1.0
98,0.0,0.0,4.473,1.0,4.0,10,21.16838403012562,21.16838403012562,pobre,0,0,0.0,643.0,1.0,54.0,14,163,186,3,1.0
97,0.0,0.0,4.473,1.0,3.0,10,21.16838403012562,21.16838403012562,pobre,0,0,0.0,643.0,1.0,54.0,9,163,187,3,1.0
98,0.0,0.0,4.473,1.0,4.0,10,21.16838403012562,21.16838403012562,pobre,0,0,0.0,643.0,1.0,54.0,10,163,187,3,1.0
97,1.0,0.0,4.473,1.0,8.0,7,21.16838403012562,21.16838403012562,pobre,0,2,0.0,680.5,1.0,39.0,16,163,188,8,1.0
98,1.0,0.0,4.473,1.0,9.0,7,21.16838403012562,21.16838403012562,pobre,0,2,0.0,680.5,1.0,39.0,17,163,188,8,1.0
97,0.0,0.0,4.473,0.0,6.0,7,21.16838403012562,21.16838403012562,pobre,0,2,0.0,680.5,1.0,39.0,14,163,189,6,0.0
98,0.0,0.0,4.473,0.0,6.0,7,21.16838403012562,21.16838403012562,pobre,0,2,0.0,680.5,1.0,39.0,15,163,189,6,0.0
97,0.0,0.0,4.473,1.0,5.0,7,21.16838403012562,21.16838403012562,pobre,0,2,0.0,680.5,1.0,39.0,12,163,190,5,1.0
98,0.0,0.0,4.473,0.0,6.0,7,21.16838403012562,21.16838403012562,pobre,0,2,0.0,680.5,1.0,39.0,13,163,190,5,1.0
97,1.0,0.0,4.473,1.0,4.0,7,21.16838403012562,21.16838403012562,pobre,0,2,0.0,680.5,1.0,39.0,10,163,191,4,1.0
98,1.0,0.0,4.473,1.0,5.0,7,21.16838403012562,21.16838403012562,pobre,0,2,0.0,680.5,1.0,39.0,11,163,191,4,1.0
97,0.0,0.0,4.473,1.0,5.0,10,21.16838403012562,21.16838403012562,pobre,0,2,0.0,694.0,1.0,48.0,11,163,192,5,1.0
98,0.0,0.0,4.473,0.0,6.0,10,21.16838403012562,21.16838403012562,pobre,0,2,0.0,694.0,1.0,48.0,12,163,192,5,1.0
97,0.0,0.0,4.473,1.0,1.0,10,21.16838403012562,21.16838403012562,pobre,0,2,0.0,694.0,1.0,48.0,8,163,193,1,1.0
98,0.0,0.0,4.473,1.0,2.0,10,21.16838403012562,21.16838403012562,pobre,0,2,0.0,694.0,1.0,48.0,9,163,193,1,1.0
97,1.0,0.0,4.473,,0.0,10,21.16838403012562,21.16838403012562,pobre,0,2,0.0,694.0,1.0,48.0,12,163,194,0,
98,1.0,0.0,4.473,,,10,21.16838403012562,21.16838403012562,pobre,0,2,0.0,694.0,1.0,48.0,13,163,194,0,
97,0.0,0.0,4.473,0.0,6.0,6,21.16838403012562,21.16838403012562,pobre,0,2,166.66667,667.0,1.0,63.0,15,163,195,6,0.0
98,0.0,0.0,4.473,,,6,21.16838403012562,21.16838403012562,pobre,0,2,166.66667,667.0,1.0,63.0,16,163,195,6,0.0
97,0.0,0.0,4.473,0.0,6.0,6,21.16838403012562,21.16838403012562,pobre,0,2,166.66667,667.0,1.0,63.0,14,163,196,6,0.0
98,0.0,0.0,4.473,0.0,6.0,6,21.16838403012562,21.16838403012562,pobre,0,2,166.66667,667.0,1.0,63.0,15,163,196,6,0.0
97,1.0,0.0,4.473,0.0,6.0,6,21.16838403012562,21.16838403012562,pobre,0,2,166.66667,667.0,1.0,63.0,12,163,197,6,0.0
98,1.0,0.0,4.473,0.0,6.0,6,21.16838403012562,21.16838403012562,pobre,0,2,166.66667,667.0,1.0,63.0,13,163,197,6,0.0
97,1.0,0.0,4.473,1.0,4.0,5,21.16838403012562,21.16838403012562,pobre,0,3,0.0,614.0,1.0,31.0,10,163,198,4,1.0
98,1.0,0.0,4.473,1.0,5.0,5,21.16838403012562,21.16838403012562,pobre,0,3,0.0,614.0,1.0,31.0,11,163,198,4,1.0
97,1.0,0.0,4.473,1.0,1.0,5,21.16838403012562,21.16838403012562,pobre,0,3,0.0,614.0,1.0,31.0,9,163,199,1,1.0
98,1.0,0.0,4.473,1.0,2.0,5,21.16838403012562,21.16838403012562,pobre,0,3,0.0,614.0,1.0,31.0,10,163,199,1,1.0
97,1.0,0.0,4.473,0.0,6.0,10,21.16838403012562,21.16838403012562,pobre,0,0,116.66666,604.0,1.0,50.0,11,163,200,6,0.0
98,1.0,0.0,4.473,0.0,6.0,10,21.16838403012562,21.16838403012562,pobre,0,0,116.66666,604.0,1.0,50.0,12,163,200,6,0.0
97,0.0,0.0,4.473,1.0,3.0,10,21.16838403012562,21.16838403012562,pobre,0,0,116.66666,604.0,1.0,50.0,9,163,201,3,1.0
98,0.0,0.0,4.473,1.0,4.0,10,21.16838403012562,21.16838403012562,pobre,0,0,116.66666,604.0,1.0,50.0,10,163,201,3,1.0
97,1.0,0.0,4.473,1.0,5.0,8,21.16838403012562,21.16838403012562,pobre,0,4,0.0,473.0,1.0,34.0,13,163,202,5,1.0
98,1.0,0.0,4.473,0.0,6.0,8,21.16838403012562,21.16838403012562,pobre,0,4,0.0,473.0,1.0,34.0,14,163,202,5,1.0
97,1.0,0.0,4.473,1.0,4.0,8,21.16838403012562,21.16838403012562,pobre,0,4,0.0,473.0,1.0,34.0,10,163,203,4,1.0
98,1.0,0.0,4.473,1.0,5.0,8,21.16838403012562,21.16838403012562,pobre,0,4,0.0,473.0,1.0,34.0,11,163,203,4,1.0
97,0.0,0.0,4.473,1.0,2.0,8,21.16838403012562,21.16838403012562,pobre,0,4,0.0,473.0,1.0,34.0,8,163,204,2,1.0
98,0.0,0.0,4.473,1.0,1.0,8,21.16838403012562,21.16838403012562,pobre,0,4,0.0,473.0,1.0,34.0,9,163,204,2,1.0
97,0.0,0.0,4.473,1.0,0.0,8,21.16838403012562,21.16838403012562,pobre,0,4,0.0,473.0,1.0,34.0,6,163,205,0,1.0
98,0.0,0.0,4.473,1.0,1.0,8,21.16838403012562,21.16838403012562,pobre,0,4,0.0,473.0,1.0,34.0,7,163,205,0,1.0
97,0.0,0.0,4.473,1.0,3.0,6,21.16838403012562,21.16838403012562,pobre,0,3,0.0,599.0,1.0,35.0,9,163,206,3,1.0
98,0.0,0.0,4.473,1.0,4.0,6,21.16838403012562,21.16838403012562,pobre,0,3,0.0,599.0,1.0,35.0,10,163,206,3,1.0
97,1.0,0.0,4.473,1.0,0.0,6,21.16838403012562,21.16838403012562,pobre,0,3,0.0,599.0,1.0,35.0,6,163,207,0,1.0
98,1.0,0.0,4.473,1.0,1.0,6,21.16838403012562,21.16838403012562,pobre,0,3,0.0,599.0,1.0,35.0,7,163,207,0,1.0
97,0.0,0.0,1.163,0.0,0.0,4,138.6567627911014,138.6567627911014,pobre,basal,1,1500.0,680.0,1.0,64.0,11,168,208,0,0.0
98,0.0,0.0,1.163,0.0,4.0,4,138.6567627911014,138.6567627911014,pobre,basal,1,1500.0,680.0,1.0,64.0,12,168,208,0,0.0
97,1.0,0.0,1.163,1.0,7.0,7,138.6567627911014,138.6567627911014,pobre,basal,1,0.0,557.0,1.0,46.0,15,168,209,7,1.0
98,1.0,0.0,1.163,,,7,138.6567627911014,138.6567627911014,pobre,basal,1,0.0,557.0,1.0,46.0,16,168,209,7,1.0
97,0.0,0.0,1.163,1.0,7.0,7,138.6567627911014,138.6567627911014,pobre,basal,1,0.0,557.0,1.0,46.0,13,168,210,7,1.0
98,0.0,0.0,1.163,1.0,7.0,7,138.6567627911014,138.6567627911014,pobre,basal,1,0.0,557.0,1.0,46.0,14,168,210,7,1.0
97,1.0,0.0,1.163,1.0,3.0,7,138.6567627911014,138.6567627911014,pobre,basal,1,0.0,557.0,1.0,46.0,10,168,211,3,1.0
98,1.0,0.0,1.163,1.0,4.0,7,138.6567627911014,138.6567627911014,pobre,basal,1,0.0,557.0,1.0,46.0,11,168,211,3,1.0
97,0.0,0.0,1.163,1.0,0.0,7,138.6567627911014,138.6567627911014,pobre,basal,1,0.0,557.0,1.0,46.0,7,168,212,0,1.0
98,0.0,0.0,1.163,1.0,1.0,7,138.6567627911014,138.6567627911014,pobre,basal,1,0.0,557.0,1.0,46.0,8,168,212,0,1.0
97,0.0,0.0,1.163,1.0,7.0,4,138.6567627911014,138.6567627911014,no pobre,basal,0,0.0,773.12,1.0,52.0,15,168,213,7,1.0
98,0.0,0.0,1.163,1.0,7.0,4,138.6567627911014,138.6567627911014,no pobre,basal,0,0.0,773.12,1.0,52.0,16,168,213,7,1.0
97,1.0,0.0,3.5239999,0.0,9.0,8,137.4830240664718,137.4830240664718,pobre,0,2,2000.0,684.0,1.0,41.0,16,171,214,9,0.0
98,1.0,0.0,3.5239999,,,8,137.4830240664718,137.4830240664718,pobre,0,2,2000.0,684.0,1.0,41.0,17,171,214,9,0.0
97,0.0,0.0,3.5239999,1.0,8.0,8,137.4830240664718,137.4830240664718,pobre,0,2,2000.0,684.0,1.0,41.0,14,171,215,8,1.0
98,0.0,0.0,3.5239999,1.0,8.0,8,137.4830240664718,137.4830240664718,pobre,0,2,2000.0,684.0,1.0,41.0,15,171,215,8,1.0
97,1.0,0.0,3.5239999,1.0,7.0,8,137.4830240664718,137.4830240664718,pobre,0,2,2000.0,684.0,1.0,41.0,12,171,216,7,1.0
98,1.0,0.0,3.5239999,1.0,7.0,8,137.4830240664718,137.4830240664718,pobre,0,2,2000.0,684.0,1.0,41.0,13,171,216,7,1.0
97,0.0,1.0,4.302,1.0,0.0,3,141.8934480113655,284.1669175236383,pobre,basal,4,500.0,920.0,1.0,57.0,6,434,217,0,1.0
98,0.0,1.0,4.302,,,3,141.8934480113655,284.1669175236383,pobre,basal,4,500.0,920.0,1.0,57.0,7,434,217,0,1.0
97,1.0,1.0,4.302,1.0,0.0,6,141.8934480113655,284.1669175236383,pobre,basal,6,500.0,614.0,1.0,25.0,7,434,218,0,1.0
98,1.0,1.0,4.302,1.0,1.0,6,141.8934480113655,284.1669175236383,pobre,basal,6,500.0,614.0,1.0,25.0,8,434,218,0,1.0
97,1.0,1.0,4.302,1.0,8.0,5,141.8934480113655,284.1669175236383,pobre,basal,4,500.0,747.0,1.0,42.0,14,434,219,8,1.0
98,1.0,1.0,4.302,1.0,9.0,5,141.8934480113655,284.1669175236383,pobre,basal,4,500.0,747.0,1.0,42.0,15,434,219,8,1.0
97,0.0,1.0,4.302,1.0,5.0,5,141.8934480113655,284.1669175236383,pobre,basal,4,500.0,747.0,1.0,42.0,11,434,220,5,1.0
98,0.0,1.0,4.302,1.0,6.0,5,141.8934480113655,284.1669175236383,pobre,basal,4,500.0,747.0,1.0,42.0,12,434,220,5,1.0
97,0.0,1.0,4.302,1.0,2.0,5,141.8934480113655,284.1669175236383,pobre,basal,4,500.0,747.0,1.0,42.0,8,434,221,2,1.0
98,0.0,1.0,4.302,1.0,3.0,5,141.8934480113655,284.1669175236383,pobre,basal,4,500.0,747.0,1.0,42.0,9,434,221,2,1.0
97,0.0,0.0,3.707,0.0,6.0,8,73.40680385734449,75.40415905197706,no pobre,basal,1,600.0,755.0,1.0,50.0,14,155,222,6,0.0
98,0.0,0.0,3.707,0.0,6.0,8,73.40680385734449,75.40415905197706,no pobre,basal,1,600.0,755.0,1.0,50.0,15,155,222,6,0.0
97,0.0,0.0,3.707,1.0,3.0,8,73.40680385734449,75.40415905197706,no pobre,basal,1,600.0,755.0,1.0,50.0,9,155,223,3,1.0
98,0.0,0.0,3.707,1.0,4.0,8,73.40680385734449,75.40415905197706,no pobre,basal,1,600.0,755.0,1.0,50.0,10,155,223,3,1.0
97,1.0,0.0,3.707,1.0,5.0,8,73.40680385734449,75.40415905197706,no pobre,basal,1,600.0,755.0,1.0,50.0,11,155,224,5,1.0
98,1.0,0.0,3.707,1.0,6.0,8,73.40680385734449,75.40415905197706,no pobre,basal,1,600.0,755.0,1.0,50.0,12,155,224,5,1.0
97,0.0,0.0,3.707,0.0,5.0,6,73.40680385734449,75.40415905197706,pobre,basal,6,600.0,613.0,1.0,51.0,16,155,225,5,0.0
98,0.0,0.0,3.707,,,6,73.40680385734449,75.40415905197706,pobre,basal,6,600.0,613.0,1.0,51.0,17,155,225,5,0.0
97,1.0,0.0,3.707,1.0,2.0,6,73.40680385734449,75.40415905197706,pobre,basal,6,600.0,613.0,1.0,51.0,8,155,226,2,1.0
98,1.0,0.0,3.707,1.0,3.0,6,73.40680385734449,75.40415905197706,pobre,basal,6,600.0,613.0,1.0,51.0,9,155,226,2,1.0
97,1.0,0.0,3.707,1.0,0.0,6,73.40680385734449,75.40415905197706,pobre,basal,6,600.0,613.0,1.0,51.0,6,155,227,0,1.0
98,1.0,0.0,3.707,1.0,1.0,6,73.40680385734449,75.40415905197706,pobre,basal,6,600.0,613.0,1.0,51.0,7,155,227,0,1.0
97,0.0,0.0,3.707,0.0,6.0,6,73.40680385734449,75.40415905197706,pobre,basal,2,0.0,632.0,0.0,53.0,15,155,228,6,0.0
98,0.0,0.0,3.707,,,6,73.40680385734449,75.40415905197706,pobre,basal,2,0.0,632.0,0.0,53.0,16,155,228,6,0.0
97,1.0,0.0,3.707,0.0,6.0,6,73.40680385734449,75.40415905197706,pobre,basal,2,0.0,632.0,0.0,53.0,15,155,229,6,0.0
98,1.0,0.0,3.707,0.0,6.0,6,73.40680385734449,75.40415905197706,pobre,basal,2,0.0,632.0,0.0,53.0,16,155,229,6,0.0
97,0.0,0.0,3.707,1.0,6.0,6,73.40680385734449,75.40415905197706,pobre,basal,2,0.0,632.0,0.0,53.0,12,155,230,6,1.0
98,0.0,0.0,3.707,1.0,6.0,6,73.40680385734449,75.40415905197706,pobre,basal,2,0.0,632.0,0.0,53.0,13,155,230,6,1.0
97,0.0,0.0,3.707,0.0,7.0,13,73.40680385734449,75.40415905197706,pobre,basal,3,1250.0,450.75,1.0,49.0,15,155,231,7,0.0
98,0.0,0.0,3.707,0.0,7.0,13,73.40680385734449,75.40415905197706,pobre,basal,3,1250.0,450.75,1.0,49.0,16,155,231,7,0.0
97,0.0,0.0,3.707,1.0,5.0,13,73.40680385734449,75.40415905197706,pobre,basal,3,1250.0,450.75,1.0,49.0,10,155,232,5,1.0
98,0.0,0.0,3.707,1.0,6.0,13,73.40680385734449,75.40415905197706,pobre,basal,3,1250.0,450.75,1.0,49.0,11,155,232,5,1.0
97,1.0,0.0,3.707,0.0,7.0,13,73.40680385734449,75.40415905197706,pobre,basal,3,1250.0,450.75,1.0,49.0,12,155,233,7,0.0
98,1.0,0.0,3.707,0.0,8.0,13,73.40680385734449,75.40415905197706,pobre,basal,3,1250.0,450.75,1.0,49.0,13,155,233,7,0.0
97,1.0,0.0,3.707,1.0,5.0,13,73.40680385734449,75.40415905197706,pobre,basal,3,1250.0,450.75,1.0,49.0,11,155,234,5,1.0
98,1.0,0.0,3.707,1.0,6.0,13,73.40680385734449,75.40415905197706,pobre,basal,3,1250.0,450.75,1.0,49.0,12,155,234,5,1.0
97,0.0,0.0,3.707,1.0,3.0,13,73.40680385734449,75.40415905197706,pobre,basal,3,1250.0,450.75,1.0,49.0,8,155,235,3,1.0
98,0.0,0.0,3.707,1.0,4.0,13,73.40680385734449,75.40415905197706,pobre,basal,3,1250.0,450.75,1.0,49.0,9,155,235,3,1.0
97,1.0,0.0,3.707,1.0,0.0,13,73.40680385734449,75.40415905197706,pobre,basal,3,1250.0,450.75,1.0,49.0,6,155,236,0,1.0
98,1.0,0.0,3.707,1.0,1.0,13,73.40680385734449,75.40415905197706,pobre,basal,3,1250.0,450.75,1.0,49.0,7,155,236,0,1.0
97,0.0,0.0,3.707,1.0,8.0,8,73.40680385734449,75.40415905197706,pobre,basal,0,0.0,509.20001,0.0,34.0,15,155,237,8,1.0
98,0.0,0.0,3.707,0.0,9.0,8,73.40680385734449,75.40415905197706,pobre,basal,0,0.0,509.20001,0.0,34.0,16,155,237,8,1.0
97,0.0,0.0,3.707,1.0,5.0,8,73.40680385734449,75.40415905197706,pobre,basal,0,0.0,509.20001,0.0,34.0,13,155,238,5,1.0
98,0.0,0.0,3.707,0.0,6.0,8,73.40680385734449,75.40415905197706,pobre,basal,0,0.0,509.20001,0.0,34.0,14,155,238,5,1.0
97,0.0,0.0,3.707,1.0,4.0,8,73.40680385734449,75.40415905197706,pobre,basal,0,0.0,509.20001,0.0,34.0,12,155,239,4,1.0
98,0.0,0.0,3.707,1.0,5.0,8,73.40680385734449,75.40415905197706,pobre,basal,0,0.0,509.20001,0.0,34.0,13,155,239,4,1.0
97,1.0,0.0,3.707,1.0,0.0,8,73.40680385734449,75.40415905197706,pobre,basal,0,0.0,509.20001,0.0,34.0,6,155,240,0,1.0
98,1.0,0.0,3.707,1.0,1.0,8,73.40680385734449,75.40415905197706,pobre,basal,0,0.0,509.20001,0.0,34.0,7,155,240,0,1.0
97,1.0,0.0,3.707,0.0,6.0,12,73.40680385734449,75.40415905197706,pobre,basal,0,500.0,559.5,1.0,60.0,15,155,241,6,0.0
98,1.0,0.0,3.707,,,12,73.40680385734449,75.40415905197706,pobre,basal,0,500.0,559.5,1.0,60.0,16,155,241,6,0.0
97,1.0,0.0,3.707,1.0,5.0,12,73.40680385734449,75.40415905197706,pobre,basal,0,500.0,559.5,1.0,60.0,10,155,242,5,1.0
98,1.0,0.0,3.707,0.0,6.0,12,73.40680385734449,75.40415905197706,pobre,basal,0,500.0,559.5,1.0,60.0,11,155,242,5,1.0
97,0.0,0.0,3.707,1.0,1.0,4,73.40680385734449,75.40415905197706,pobre,basal,6,0.0,560.0,1.0,31.0,7,155,243,1,1.0
98,0.0,0.0,3.707,1.0,2.0,4,73.40680385734449,75.40415905197706,pobre,basal,6,0.0,560.0,1.0,31.0,8,155,243,1,1.0
97,0.0,0.0,3.707,1.0,0.0,4,73.40680385734449,75.40415905197706,pobre,basal,2,0.0,630.0,1.0,30.0,6,155,244,0,1.0
98,0.0,0.0,3.707,1.0,1.0,4,73.40680385734449,75.40415905197706,pobre,basal,2,0.0,630.0,1.0,30.0,7,155,244,0,1.0
97,0.0,0.0,3.707,1.0,6.0,8,73.40680385734449,75.40415905197706,no pobre,basal,4,250.0,721.0,0.0,43.0,15,155,245,6,1.0
98,0.0,0.0,3.707,0.0,6.0,8,73.40680385734449,75.40415905197706,no pobre,basal,4,250.0,721.0,0.0,43.0,16,155,245,6,1.0
97,0.0,0.0,3.707,1.0,6.0,8,73.40680385734449,75.40415905197706,no pobre,basal,4,250.0,721.0,0.0,43.0,13,155,246,6,1.0
98,0.0,0.0,3.707,0.0,6.0,8,73.40680385734449,75.40415905197706,no pobre,basal,4,250.0,721.0,0.0,43.0,14,155,246,6,1.0
97,1.0,0.0,3.707,1.0,4.0,8,73.40680385734449,75.40415905197706,no pobre,basal,4,250.0,721.0,0.0,43.0,11,155,247,4,1.0
98,1.0,0.0,3.707,1.0,5.0,8,73.40680385734449,75.40415905197706,no pobre,basal,4,250.0,721.0,0.0,43.0,12,155,247,4,1.0
97,1.0,0.0,3.707,1.0,2.0,8,73.40680385734449,75.40415905197706,no pobre,basal,4,250.0,721.0,0.0,43.0,9,155,248,2,1.0
98,1.0,0.0,3.707,1.0,3.0,8,73.40680385734449,75.40415905197706,no pobre,basal,4,250.0,721.0,0.0,43.0,10,155,248,2,1.0
97,1.0,0.0,3.707,1.0,0.0,8,73.40680385734449,75.40415905197706,no pobre,basal,4,250.0,721.0,0.0,43.0,6,155,249,0,1.0
98,1.0,0.0,3.707,1.0,1.0,8,73.40680385734449,75.40415905197706,no pobre,basal,4,250.0,721.0,0.0,43.0,7,155,249,0,1.0
97,1.0,0.0,2.6930001,1.0,2.0,8,122.6335278460897,132.5405966011195,pobre,0,8,625.0,531.0,1.0,32.0,9,395,250,2,1.0
98,1.0,0.0,2.6930001,1.0,3.0,8,122.6335278460897,132.5405966011195,pobre,0,8,625.0,531.0,1.0,32.0,10,395,250,2,1.0
97,0.0,0.0,2.6930001,1.0,2.0,8,122.6335278460897,132.5405966011195,pobre,0,8,625.0,531.0,1.0,32.0,8,395,251,2,1.0
98,0.0,0.0,2.6930001,1.0,2.0,8,122.6335278460897,132.5405966011195,pobre,0,8,625.0,531.0,1.0,32.0,9,395,251,2,1.0
97,1.0,0.0,2.6930001,1.0,1.0,8,122.6335278460897,132.5405966011195,pobre,0,8,625.0,531.0,1.0,32.0,7,395,252,1,1.0
98,1.0,0.0,2.6930001,1.0,1.0,8,122.6335278460897,132.5405966011195,pobre,0,8,625.0,531.0,1.0,32.0,8,395,252,1,1.0
97,1.0,0.0,2.6930001,0.0,5.0,4,122.6335278460897,132.5405966011195,no pobre,0,1,500.0,782.0,0.0,67.0,14,395,253,5,0.0
98,1.0,0.0,2.6930001,,,4,122.6335278460897,132.5405966011195,no pobre,0,1,500.0,782.0,0.0,67.0,15,395,253,5,0.0
97,1.0,0.0,2.6930001,1.0,3.0,4,122.6335278460897,132.5405966011195,no pobre,0,1,500.0,782.0,0.0,67.0,12,395,254,3,1.0
98,1.0,0.0,2.6930001,1.0,4.0,4,122.6335278460897,132.5405966011195,no pobre,0,1,500.0,782.0,0.0,67.0,13,395,254,3,1.0
97,1.0,0.0,2.6930001,0.0,2.0,7,122.6335278460897,132.5405966011195,pobre,0,2,500.0,572.5,1.0,30.0,14,395,255,2,0.0
98,1.0,0.0,2.6930001,1.0,2.0,7,122.6335278460897,132.5405966011195,pobre,0,2,500.0,572.5,1.0,30.0,15,395,255,2,0.0
97,1.0,0.0,2.6930001,1.0,4.0,7,122.6335278460897,132.5405966011195,pobre,0,2,500.0,572.5,1.0,30.0,12,395,256,4,1.0
98,1.0,0.0,2.6930001,1.0,4.0,7,122.6335278460897,132.5405966011195,pobre,0,2,500.0,572.5,1.0,30.0,13,395,256,4,1.0
97,1.0,0.0,2.6930001,1.0,2.0,7,122.6335278460897,132.5405966011195,pobre,0,2,500.0,572.5,1.0,30.0,9,395,257,2,1.0
98,1.0,0.0,2.6930001,1.0,3.0,7,122.6335278460897,132.5405966011195,pobre,0,2,500.0,572.5,1.0,30.0,10,395,257,2,1.0
97,1.0,0.0,2.6930001,0.0,3.0,7,122.6335278460897,132.5405966011195,pobre,0,2,625.0,670.5,1.0,24.0,16,395,258,3,0.0
98,1.0,0.0,2.6930001,,,7,122.6335278460897,132.5405966011195,pobre,0,2,625.0,670.5,1.0,24.0,17,395,258,3,0.0
97,0.0,0.0,2.6930001,,0.0,7,122.6335278460897,132.5405966011195,pobre,0,2,625.0,670.5,1.0,24.0,14,395,259,0,
98,0.0,0.0,2.6930001,0.0,8.0,7,122.6335278460897,132.5405966011195,pobre,0,2,625.0,670.5,1.0,24.0,15,395,259,0,
97,1.0,0.0,2.6930001,1.0,3.0,7,122.6335278460897,132.5405966011195,pobre,0,2,625.0,670.5,1.0,24.0,10,395,260,3,1.0
98,1.0,0.0,2.6930001,1.0,3.0,7,122.6335278460897,132.5405966011195,pobre,0,2,625.0,670.5,1.0,24.0,11,395,260,3,1.0
97,0.0,0.0,2.6930001,0.0,3.0,4,122.6335278460897,132.5405966011195,pobre,0,0,500.0,647.0,1.0,66.0,14,395,261,3,0.0
98,0.0,0.0,2.6930001,,,4,122.6335278460897,132.5405966011195,pobre,0,0,500.0,647.0,1.0,66.0,15,395,261,3,0.0
97,0.0,0.0,2.6930001,0.0,2.0,8,122.6335278460897,132.5405966011195,pobre,0,3,625.0,507.0,1.0,36.0,12,395,262,2,0.0
98,0.0,0.0,2.6930001,0.0,2.0,8,122.6335278460897,132.5405966011195,pobre,0,3,625.0,507.0,1.0,36.0,13,395,262,2,0.0
97,1.0,0.0,2.6930001,1.0,2.0,8,122.6335278460897,132.5405966011195,pobre,0,3,625.0,507.0,1.0,36.0,10,395,263,2,1.0
98,1.0,0.0,2.6930001,1.0,2.0,8,122.6335278460897,132.5405966011195,pobre,0,3,625.0,507.0,1.0,36.0,11,395,263,2,1.0
97,1.0,0.0,2.6930001,1.0,2.0,8,122.6335278460897,132.5405966011195,pobre,0,3,625.0,507.0,1.0,36.0,8,395,264,2,1.0
98,1.0,0.0,2.6930001,1.0,3.0,8,122.6335278460897,132.5405966011195,pobre,0,3,625.0,507.0,1.0,36.0,9,395,264,2,1.0
97,1.0,0.0,2.6930001,0.0,3.0,5,122.6335278460897,132.5405966011195,pobre,0,5,625.0,696.0,1.0,41.0,15,395,265,3,0.0
98,1.0,0.0,2.6930001,0.0,3.0,5,122.6335278460897,132.5405966011195,pobre,0,5,625.0,696.0,1.0,41.0,16,395,265,3,0.0
97,1.0,0.0,2.6930001,0.0,3.0,5,122.6335278460897,132.5405966011195,pobre,0,5,625.0,696.0,1.0,41.0,14,395,266,3,0.0
98,1.0,0.0,2.6930001,0.0,3.0,5,122.6335278460897,132.5405966011195,pobre,0,5,625.0,696.0,1.0,41.0,15,395,266,3,0.0
97,1.0,0.0,2.6930001,1.0,4.0,5,122.6335278460897,132.5405966011195,pobre,0,5,625.0,696.0,1.0,41.0,11,395,267,4,1.0
98,1.0,0.0,2.6930001,1.0,4.0,5,122.6335278460897,132.5405966011195,pobre,0,5,625.0,696.0,1.0,41.0,12,395,267,4,1.0
97,1.0,0.0,2.6930001,1.0,3.0,6,122.6335278460897,132.5405966011195,pobre,0,1,0.0,555.0,1.0,34.0,6,395,268,3,1.0
98,1.0,0.0,2.6930001,1.0,1.0,6,122.6335278460897,132.5405966011195,pobre,0,1,0.0,555.0,1.0,34.0,7,395,268,3,1.0
97,0.0,0.0,2.6930001,1.0,4.0,5,122.6335278460897,132.5405966011195,pobre,0,8,750.0,716.0,1.0,33.0,12,395,269,4,1.0
98,0.0,0.0,2.6930001,1.0,5.0,5,122.6335278460897,132.5405966011195,pobre,0,8,750.0,716.0,1.0,33.0,13,395,269,4,1.0
97,0.0,0.0,2.6930001,1.0,1.0,5,122.6335278460897,132.5405966011195,pobre,0,8,750.0,716.0,1.0,33.0,7,395,270,1,1.0
98,0.0,0.0,2.6930001,1.0,2.0,5,122.6335278460897,132.5405966011195,pobre,0,8,750.0,716.0,1.0,33.0,8,395,270,1,1.0
97,1.0,0.0,2.6930001,,0.0,5,122.6335278460897,132.5405966011195,pobre,0,1,625.0,664.64001,1.0,64.0,14,395,271,0,
98,1.0,0.0,2.6930001,,,5,122.6335278460897,132.5405966011195,pobre,0,1,625.0,664.64001,1.0,64.0,15,395,271,0,
97,1.0,0.0,2.6930001,,0.0,5,122.6335278460897,132.5405966011195,pobre,0,1,625.0,664.64001,1.0,64.0,9,395,272,0,
98,1.0,0.0,2.6930001,0.0,2.0,5,122.6335278460897,132.5405966011195,pobre,0,1,625.0,664.64001,1.0,64.0,10,395,272,0,
97,1.0,0.0,2.6930001,,0.0,5,122.6335278460897,132.5405966011195,pobre,0,1,625.0,664.64001,1.0,64.0,7,395,273,0,
98,1.0,0.0,2.6930001,,,5,122.6335278460897,132.5405966011195,pobre,0,1,625.0,664.64001,1.0,64.0,8,395,273,0,
97,0.0,0.0,2.6930001,0.0,6.0,6,122.6335278460897,132.5405966011195,pobre,0,2,500.0,682.0,1.0,46.0,16,395,274,6,0.0
98,0.0,0.0,2.6930001,,,6,122.6335278460897,132.5405966011195,pobre,0,2,500.0,682.0,1.0,46.0,17,395,274,6,0.0
97,1.0,0.0,2.6930001,1.0,5.0,6,122.6335278460897,132.5405966011195,pobre,0,2,500.0,682.0,1.0,46.0,15,395,275,5,1.0
98,1.0,0.0,2.6930001,1.0,6.0,6,122.6335278460897,132.5405966011195,pobre,0,2,500.0,682.0,1.0,46.0,16,395,275,5,1.0
97,1.0,0.0,2.6930001,1.0,4.0,6,122.6335278460897,132.5405966011195,pobre,0,2,500.0,682.0,1.0,46.0,14,395,276,4,1.0
98,1.0,0.0,2.6930001,1.0,6.0,6,122.6335278460897,132.5405966011195,pobre,0,2,500.0,682.0,1.0,46.0,15,395,276,4,1.0
97,1.0,0.0,2.6930001,1.0,1.0,6,122.6335278460897,132.5405966011195,pobre,0,2,500.0,682.0,1.0,46.0,8,395,277,1,1.0
98,1.0,0.0,2.6930001,1.0,2.0,6,122.6335278460897,132.5405966011195,pobre,0,2,500.0,682.0,1.0,46.0,9,395,277,1,1.0
97,1.0,0.0,2.6930001,0.0,6.0,6,122.6335278460897,132.5405966011195,no pobre,0,4,0.0,913.5,0.0,42.0,16,395,278,6,0.0
98,1.0,0.0,2.6930001,,,6,122.6335278460897,132.5405966011195,no pobre,0,4,0.0,913.5,0.0,42.0,17,395,278,6,0.0
97,1.0,0.0,2.6930001,1.0,4.0,6,122.6335278460897,132.5405966011195,no pobre,0,4,0.0,913.5,0.0,42.0,14,395,279,4,1.0
98,1.0,0.0,2.6930001,1.0,5.0,6,122.6335278460897,132.5405966011195,no pobre,0,4,0.0,913.5,0.0,42.0,15,395,279,4,1.0
97,1.0,0.0,2.6930001,1.0,3.0,6,122.6335278460897,132.5405966011195,pobre,0,2,500.0,750.0,1.0,44.0,14,395,280,3,1.0
98,1.0,0.0,2.6930001,0.0,4.0,6,122.6335278460897,132.5405966011195,pobre,0,2,500.0,750.0,1.0,44.0,15,395,280,3,1.0
97,0.0,0.0,2.6930001,1.0,4.0,6,122.6335278460897,132.5405966011195,pobre,0,2,500.0,750.0,1.0,44.0,11,395,281,4,1.0
98,0.0,0.0,2.6930001,1.0,5.0,6,122.6335278460897,132.5405966011195,pobre,0,2,500.0,750.0,1.0,44.0,12,395,281,4,1.0
97,0.0,0.0,2.6930001,1.0,4.0,6,122.6335278460897,132.5405966011195,pobre,0,2,500.0,750.0,1.0,44.0,10,395,282,4,1.0
98,0.0,0.0,2.6930001,1.0,5.0,6,122.6335278460897,132.5405966011195,pobre,0,2,500.0,750.0,1.0,44.0,11,395,282,4,1.0
97,1.0,0.0,2.6930001,1.0,1.0,3,122.6335278460897,132.5405966011195,pobre,0,0,0.0,887.0,0.0,49.0,8,395,283,1,1.0
98,1.0,0.0,2.6930001,1.0,3.0,3,122.6335278460897,132.5405966011195,pobre,0,0,0.0,887.0,0.0,49.0,9,395,283,1,1.0
97,1.0,0.0,2.6930001,0.0,9.0,4,122.6335278460897,132.5405966011195,pobre,0,2,625.0,860.0,1.0,43.0,14,395,284,9,0.0
98,1.0,0.0,2.6930001,1.0,9.0,4,122.6335278460897,132.5405966011195,pobre,0,2,625.0,860.0,1.0,43.0,15,395,284,9,0.0
97,1.0,0.0,2.6930001,1.0,6.0,4,122.6335278460897,132.5405966011195,pobre,0,2,625.0,860.0,1.0,43.0,11,395,285,6,1.0
98,1.0,0.0,2.6930001,1.0,7.0,4,122.6335278460897,132.5405966011195,pobre,0,2,625.0,860.0,1.0,43.0,12,395,285,6,1.0
97,0.0,0.0,2.6930001,0.0,6.0,4,122.6335278460897,132.5405966011195,pobre,0,3,3750.0,704.0,1.0,47.0,12,395,286,6,0.0
98,0.0,0.0,2.6930001,0.0,6.0,4,122.6335278460897,132.5405966011195,pobre,0,3,3750.0,704.0,1.0,47.0,13,395,286,6,0.0
97,0.0,0.0,2.6930001,0.0,4.0,4,122.6335278460897,132.5405966011195,pobre,0,3,3750.0,704.0,1.0,47.0,10,395,287,4,0.0
98,0.0,0.0,2.6930001,1.0,4.0,4,122.6335278460897,132.5405966011195,pobre,0,3,3750.0,704.0,1.0,47.0,11,395,287,4,0.0
97,0.0,0.0,2.6930001,,0.0,9,122.6335278460897,132.5405966011195,pobre,0,3,750.0,628.5,1.0,41.0,16,395,288,0,
98,0.0,0.0,2.6930001,0.0,2.0,9,122.6335278460897,132.5405966011195,pobre,0,3,750.0,628.5,1.0,41.0,17,395,288,0,
97,0.0,0.0,2.6930001,0.0,6.0,9,122.6335278460897,132.5405966011195,pobre,0,3,750.0,628.5,1.0,41.0,14,395,289,6,0.0
98,0.0,0.0,2.6930001,0.0,6.0,9,122.6335278460897,132.5405966011195,pobre,0,3,750.0,628.5,1.0,41.0,15,395,289,6,0.0
97,0.0,0.0,2.6930001,1.0,6.0,9,122.6335278460897,132.5405966011195,pobre,0,3,750.0,628.5,1.0,41.0,12,395,290,6,1.0
98,0.0,0.0,2.6930001,1.0,7.0,9,122.6335278460897,132.5405966011195,pobre,0,3,750.0,628.5,1.0,41.0,13,395,290,6,1.0
97,1.0,0.0,2.6930001,1.0,3.0,9,122.6335278460897,132.5405966011195,pobre,0,3,750.0,628.5,1.0,41.0,10,395,291,3,1.0
98,1.0,0.0,2.6930001,1.0,4.0,9,122.6335278460897,132.5405966011195,pobre,0,3,750.0,628.5,1.0,41.0,11,395,291,3,1.0
97,1.0,0.0,2.6930001,1.0,0.0,9,122.6335278460897,132.5405966011195,pobre,0,3,750.0,628.5,1.0,41.0,6,395,292,0,1.0
98,1.0,0.0,2.6930001,1.0,1.0,9,122.6335278460897,132.5405966011195,pobre,0,3,750.0,628.5,1.0,41.0,7,395,292,0,1.0
97,1.0,0.0,2.6930001,,0.0,6,122.6335278460897,132.5405966011195,pobre,0,0,0.0,557.0,0.0,98.0,15,395,293,0,
98,1.0,0.0,2.6930001,,,6,122.6335278460897,132.5405966011195,pobre,0,0,0.0,557.0,0.0,98.0,16,395,293,0,
97,1.0,0.0,2.6930001,1.0,9.0,4,122.6335278460897,132.5405966011195,no pobre,0,0,0.0,972.33002,0.0,43.0,16,395,294,9,1.0
98,1.0,0.0,2.6930001,,,4,122.6335278460897,132.5405966011195,no pobre,0,0,0.0,972.33002,0.0,43.0,17,395,294,9,1.0
97,0.0,0.0,2.6930001,0.0,4.0,3,122.6335278460897,132.5405966011195,pobre,0,0,625.0,605.0,1.0,19.0,16,395,295,4,0.0
98,0.0,0.0,2.6930001,,,3,122.6335278460897,132.5405966011195,pobre,0,0,625.0,605.0,1.0,19.0,17,395,295,4,0.0
97,0.0,0.0,2.6930001,1.0,0.0,4,122.6335278460897,132.5405966011195,pobre,0,6,625.0,659.0,1.0,29.0,6,395,296,0,1.0
98,0.0,0.0,2.6930001,1.0,1.0,4,122.6335278460897,132.5405966011195,pobre,0,6,625.0,659.0,1.0,29.0,7,395,296,0,1.0
97,0.0,0.0,2.6930001,1.0,1.0,7,122.6335278460897,132.5405966011195,pobre,0,16,2600.0,746.0,1.0,34.0,7,395,297,1,1.0
98,0.0,0.0,2.6930001,1.0,2.0,7,122.6335278460897,132.5405966011195,pobre,0,16,2600.0,746.0,1.0,34.0,8,395,297,1,1.0
97,1.0,0.0,2.6930001,1.0,0.0,7,122.6335278460897,132.5405966011195,pobre,0,16,2600.0,746.0,1.0,34.0,6,395,298,0,1.0
98,1.0,0.0,2.6930001,1.0,2.0,7,122.6335278460897,132.5405966011195,pobre,0,16,2600.0,746.0,1.0,34.0,7,395,298,0,1.0
97,1.0,0.0,2.6930001,1.0,1.0,4,122.6335278460897,132.5405966011195,no pobre,0,2,750.0,967.0,0.0,50.0,7,395,299,1,1.0
98,1.0,0.0,2.6930001,1.0,2.0,4,122.6335278460897,132.5405966011195,no pobre,0,2,750.0,967.0,0.0,50.0,8,395,299,1,1.0
97,0.0,0.0,2.6930001,0.0,6.0,5,122.6335278460897,132.5405966011195,pobre,0,0,0.0,730.66998,1.0,62.0,12,395,300,6,0.0
98,0.0,0.0,2.6930001,0.0,6.0,5,122.6335278460897,132.5405966011195,pobre,0,0,0.0,730.66998,1.0,62.0,13,395,300,6,0.0
97,0.0,0.0,2.6930001,1.0,5.0,5,122.6335278460897,132.5405966011195,pobre,0,0,0.0,730.66998,1.0,62.0,10,395,301,5,1.0
98,0.0,0.0,2.6930001,0.0,6.0,5,122.6335278460897,132.5405966011195,pobre,0,0,0.0,730.66998,1.0,62.0,11,395,301,5,1.0
97,1.0,0.0,2.6930001,0.0,6.0,7,122.6335278460897,132.5405966011195,pobre,0,3,625.0,690.31,1.0,40.0,16,395,302,6,0.0
98,1.0,0.0,2.6930001,,,7,122.6335278460897,132.5405966011195,pobre,0,3,625.0,690.31,1.0,40.0,17,395,302,6,0.0
97,1.0,0.0,2.6930001,1.0,8.0,7,122.6335278460897,132.5405966011195,pobre,0,3,625.0,690.31,1.0,40.0,14,395,303,8,1.0
98,1.0,0.0,2.6930001,1.0,8.0,7,122.6335278460897,132.5405966011195,pobre,0,3,625.0,690.31,1.0,40.0,15,395,303,8,1.0
97,1.0,0.0,2.6930001,1.0,7.0,7,122.6335278460897,132.5405966011195,pobre,0,3,625.0,690.31,1.0,40.0,12,395,304,7,1.0
98,1.0,0.0,2.6930001,1.0,7.0,7,122.6335278460897,132.5405966011195,pobre,0,3,625.0,690.31,1.0,40.0,13,395,304,7,1.0
97,1.0,0.0,2.6930001,0.0,6.0,4,122.6335278460897,132.5405966011195,pobre,0,0,500.0,816.0,1.0,57.0,13,395,305,6,0.0
98,1.0,0.0,2.6930001,0.0,6.0,4,122.6335278460897,132.5405966011195,pobre,0,0,500.0,816.0,1.0,57.0,14,395,305,6,0.0
97,1.0,0.0,2.6930001,0.0,6.0,2,122.6335278460897,132.5405966011195,pobre,0,3,0.0,894.0,1.0,81.0,14,395,306,6,0.0
98,1.0,0.0,2.6930001,,,2,122.6335278460897,132.5405966011195,pobre,0,3,0.0,894.0,1.0,81.0,15,395,306,6,0.0
97,0.0,0.0,2.6930001,1.0,5.0,7,122.6335278460897,132.5405966011195,pobre,0,3,0.0,673.5,1.0,35.0,13,395,307,5,1.0
98,0.0,0.0,2.6930001,0.0,6.0,7,122.6335278460897,132.5405966011195,pobre,0,3,0.0,673.5,1.0,35.0,14,395,307,5,1.0
97,0.0,0.0,2.6930001,1.0,5.0,7,122.6335278460897,132.5405966011195,pobre,0,3,0.0,673.5,1.0,35.0,11,395,308,5,1.0
98,0.0,0.0,2.6930001,1.0,5.0,7,122.6335278460897,132.5405966011195,pobre,0,3,0.0,673.5,1.0,35.0,12,395,308,5,1.0
97,0.0,0.0,2.6930001,1.0,3.0,7,122.6335278460897,132.5405966011195,pobre,0,3,0.0,673.5,1.0,35.0,9,395,309,3,1.0
98,0.0,0.0,2.6930001,1.0,3.0,7,122.6335278460897,132.5405966011195,pobre,0,3,0.0,673.5,1.0,35.0,10,395,309,3,1.0
97,1.0,0.0,2.6930001,1.0,1.0,7,122.6335278460897,132.5405966011195,pobre,0,3,0.0,673.5,1.0,35.0,7,395,310,1,1.0
98,1.0,0.0,2.6930001,1.0,1.0,7,122.6335278460897,132.5405966011195,pobre,0,3,0.0,673.5,1.0,35.0,8,395,310,1,1.0
97,0.0,0.0,2.6930001,0.0,6.0,5,122.6335278460897,132.5405966011195,pobre,0,0,625.0,647.0,1.0,37.0,14,395,311,6,0.0
98,0.0,0.0,2.6930001,0.0,6.0,5,122.6335278460897,132.5405966011195,pobre,0,0,625.0,647.0,1.0,37.0,15,395,311,6,0.0
97,1.0,0.0,2.6930001,0.0,4.0,5,122.6335278460897,132.5405966011195,pobre,0,0,625.0,647.0,1.0,37.0,13,395,312,4,0.0
98,1.0,0.0,2.6930001,1.0,5.0,5,122.6335278460897,132.5405966011195,pobre,0,0,625.0,647.0,1.0,37.0,14,395,312,4,0.0
97,1.0,0.0,2.6930001,0.0,3.0,5,122.6335278460897,132.5405966011195,pobre,0,0,625.0,647.0,1.0,37.0,11,395,313,3,0.0
98,1.0,0.0,2.6930001,1.0,4.0,5,122.6335278460897,132.5405966011195,pobre,0,0,625.0,647.0,1.0,37.0,12,395,313,3,0.0
97,1.0,0.0,2.6930001,0.0,4.0,5,122.6335278460897,132.5405966011195,pobre,0,0,0.0,694.66998,1.0,82.0,16,395,314,4,0.0
98,1.0,0.0,2.6930001,,,5,122.6335278460897,132.5405966011195,pobre,0,0,0.0,694.66998,1.0,82.0,17,395,314,4,0.0
97,1.0,0.0,2.6930001,0.0,4.0,5,122.6335278460897,132.5405966011195,pobre,0,0,0.0,694.66998,1.0,82.0,15,395,315,4,0.0
98,1.0,0.0,2.6930001,,,5,122.6335278460897,132.5405966011195,pobre,0,0,0.0,694.66998,1.0,82.0,16,395,315,4,0.0
97,1.0,0.0,2.6930001,1.0,4.0,5,122.6335278460897,132.5405966011195,pobre,0,0,0.0,694.66998,1.0,82.0,12,395,316,4,1.0
98,1.0,0.0,2.6930001,1.0,5.0,5,122.6335278460897,132.5405966011195,pobre,0,0,0.0,694.66998,1.0,82.0,13,395,316,4,1.0
97,1.0,0.0,2.6930001,0.0,6.0,9,122.6335278460897,132.5405966011195,pobre,0,0,625.0,698.25,1.0,41.0,15,395,317,6,0.0
98,1.0,0.0,2.6930001,1.0,6.0,9,122.6335278460897,132.5405966011195,pobre,0,0,625.0,698.25,1.0,41.0,16,395,317,6,0.0
97,1.0,0.0,2.6930001,1.0,4.0,9,122.6335278460897,132.5405966011195,pobre,0,0,625.0,698.25,1.0,41.0,13,395,318,4,1.0
98,1.0,0.0,2.6930001,1.0,5.0,9,122.6335278460897,132.5405966011195,pobre,0,0,625.0,698.25,1.0,41.0,14,395,318,4,1.0
97,0.0,0.0,2.6930001,1.0,2.0,9,122.6335278460897,132.5405966011195,pobre,0,0,625.0,698.25,1.0,41.0,11,395,319,2,1.0
98,0.0,0.0,2.6930001,1.0,2.0,9,122.6335278460897,132.5405966011195,pobre,0,0,625.0,698.25,1.0,41.0,12,395,319,2,1.0
97,1.0,0.0,2.6930001,1.0,1.0,9,122.6335278460897,132.5405966011195,pobre,0,0,625.0,698.25,1.0,41.0,10,395,320,1,1.0
98,1.0,0.0,2.6930001,1.0,1.0,9,122.6335278460897,132.5405966011195,pobre,0,0,625.0,698.25,1.0,41.0,11,395,320,1,1.0
97,1.0,0.0,2.6930001,1.0,0.0,9,122.6335278460897,132.5405966011195,pobre,0,0,625.0,698.25,1.0,41.0,8,395,321,0,1.0
98,1.0,0.0,2.6930001,1.0,1.0,9,122.6335278460897,132.5405966011195,pobre,0,0,625.0,698.25,1.0,41.0,9,395,321,0,1.0
97,1.0,1.0,5.875,0.0,1.0,4,30.72069994435245,111.1855181072627,no pobre,basal,1,375.0,894.0,1.0,41.0,14,471,322,1,0.0
98,1.0,1.0,5.875,0.0,4.0,4,30.72069994435245,111.1855181072627,no pobre,basal,1,375.0,894.0,1.0,41.0,15,471,322,1,0.0
97,1.0,1.0,5.875,1.0,1.0,7,30.72069994435245,111.1855181072627,pobre,basal,4,500.0,719.0,1.0,38.0,13,471,323,1,1.0
98,1.0,1.0,5.875,1.0,1.0,7,30.72069994435245,111.1855181072627,pobre,basal,4,500.0,719.0,1.0,38.0,14,471,323,1,1.0
97,1.0,1.0,5.875,1.0,2.0,7,30.72069994435245,111.1855181072627,pobre,basal,4,500.0,719.0,1.0,38.0,9,471,324,2,1.0
98,1.0,1.0,5.875,1.0,3.0,7,30.72069994435245,111.1855181072627,pobre,basal,4,500.0,719.0,1.0,38.0,10,471,324,2,1.0
97,0.0,1.0,5.875,1.0,1.0,7,30.72069994435245,111.1855181072627,pobre,basal,4,500.0,719.0,1.0,38.0,6,471,325,1,1.0
98,0.0,1.0,5.875,,,7,30.72069994435245,111.1855181072627,pobre,basal,4,500.0,719.0,1.0,38.0,7,471,325,1,1.0
97,1.0,1.0,5.875,0.0,7.0,7,30.72069994435245,111.1855181072627,no pobre,basal,6,12166.667,876.0,1.0,43.0,16,471,326,7,0.0
98,1.0,1.0,5.875,1.0,8.0,7,30.72069994435245,111.1855181072627,no pobre,basal,6,12166.667,876.0,1.0,43.0,17,471,326,7,0.0
97,1.0,1.0,5.875,0.0,4.0,7,30.72069994435245,111.1855181072627,no pobre,basal,6,12166.667,876.0,1.0,43.0,13,471,327,4,0.0
98,1.0,1.0,5.875,1.0,5.0,7,30.72069994435245,111.1855181072627,no pobre,basal,6,12166.667,876.0,1.0,43.0,14,471,327,4,0.0
97,1.0,1.0,5.875,0.0,5.0,5,30.72069994435245,111.1855181072627,no pobre,basal,6,250.0,863.0,1.0,45.0,14,471,328,5,0.0
98,1.0,1.0,5.875,0.0,5.0,5,30.72069994435245,111.1855181072627,no pobre,basal,6,250.0,863.0,1.0,45.0,15,471,328,5,0.0
97,0.0,1.0,5.875,,0.0,5,30.72069994435245,111.1855181072627,no pobre,basal,6,250.0,863.0,1.0,45.0,12,471,329,0,
98,0.0,1.0,5.875,,,5,30.72069994435245,111.1855181072627,no pobre,basal,6,250.0,863.0,1.0,45.0,13,471,329,0,
97,1.0,1.0,5.875,1.0,0.0,5,30.72069994435245,111.1855181072627,no pobre,basal,8,0.0,874.0,1.0,29.0,6,471,330,0,1.0
98,1.0,1.0,5.875,1.0,0.0,5,30.72069994435245,111.1855181072627,no pobre,basal,8,0.0,874.0,1.0,29.0,7,471,330,0,1.0
97,0.0,1.0,5.875,1.0,9.0,4,30.72069994435245,111.1855181072627,no pobre,basal,9,0.0,816.0,0.0,41.0,16,471,331,9,1.0
98,0.0,1.0,5.875,,,4,30.72069994435245,111.1855181072627,no pobre,basal,9,0.0,816.0,0.0,41.0,17,471,331,9,1.0
97,1.0,1.0,5.875,1.0,5.0,4,30.72069994435245,111.1855181072627,no pobre,basal,9,0.0,816.0,0.0,41.0,15,471,332,5,1.0
98,1.0,1.0,5.875,1.0,6.0,4,30.72069994435245,111.1855181072627,no pobre,basal,9,0.0,816.0,0.0,41.0,16,471,332,5,1.0
97,0.0,1.0,5.875,1.0,4.0,4,30.72069994435245,111.1855181072627,no pobre,basal,9,0.0,816.0,0.0,41.0,9,471,333,4,1.0
98,0.0,1.0,5.875,1.0,5.0,4,30.72069994435245,111.1855181072627,no pobre,basal,9,0.0,816.0,0.0,41.0,10,471,333,4,1.0
97,1.0,1.0,5.875,1.0,6.0,5,30.72069994435245,111.1855181072627,pobre,basal,0,0.0,825.5,1.0,47.0,12,471,334,6,1.0
98,1.0,1.0,5.875,,,5,30.72069994435245,111.1855181072627,pobre,basal,0,0.0,825.5,1.0,47.0,13,471,334,6,1.0
97,1.0,1.0,5.875,1.0,5.0,5,30.72069994435245,111.1855181072627,no pobre,basal,0,250.0,860.0,1.0,59.0,12,471,335,5,1.0
98,1.0,1.0,5.875,0.0,6.0,5,30.72069994435245,111.1855181072627,no pobre,basal,0,250.0,860.0,1.0,59.0,13,471,335,5,1.0
97,1.0,1.0,5.875,1.0,5.0,6,30.72069994435245,111.1855181072627,pobre,basal,0,0.0,659.0,1.0,47.0,15,471,336,5,1.0
98,1.0,1.0,5.875,1.0,6.0,6,30.72069994435245,111.1855181072627,pobre,basal,0,0.0,659.0,1.0,47.0,16,471,336,5,1.0
97,1.0,1.0,5.875,1.0,5.0,6,30.72069994435245,111.1855181072627,pobre,basal,0,0.0,659.0,1.0,47.0,13,471,337,5,1.0
98,1.0,1.0,5.875,1.0,6.0,6,30.72069994435245,111.1855181072627,pobre,basal,0,0.0,659.0,1.0,47.0,14,471,337,5,1.0
97,1.0,1.0,5.875,1.0,5.0,6,30.72069994435245,111.1855181072627,pobre,basal,0,0.0,659.0,1.0,47.0,9,471,338,5,1.0
98,1.0,1.0,5.875,,,6,30.72069994435245,111.1855181072627,pobre,basal,0,0.0,659.0,1.0,47.0,10,471,338,5,1.0
97,0.0,1.0,5.875,1.0,1.0,5,30.72069994435245,111.1855181072627,pobre,basal,5,0.0,618.0,1.0,22.0,6,471,339,1,1.0
98,0.0,1.0,5.875,1.0,2.0,5,30.72069994435245,111.1855181072627,pobre,basal,5,0.0,618.0,1.0,22.0,7,471,339,1,1.0
97,1.0,1.0,5.875,0.0,6.0,5,30.72069994435245,111.1855181072627,pobre,basal,0,125.0,773.0,1.0,49.0,16,471,340,6,0.0
98,1.0,1.0,5.875,,,5,30.72069994435245,111.1855181072627,pobre,basal,0,125.0,773.0,1.0,49.0,17,471,340,6,0.0
97,0.0,1.0,5.875,1.0,5.0,5,30.72069994435245,111.1855181072627,pobre,basal,0,125.0,773.0,1.0,49.0,10,471,341,5,1.0
98,0.0,1.0,5.875,1.0,6.0,5,30.72069994435245,111.1855181072627,pobre,basal,0,125.0,773.0,1.0,49.0,11,471,341,5,1.0
97,0.0,1.0,5.875,0.0,6.0,3,30.72069994435245,111.1855181072627,no pobre,basal,6,1500.0,995.0,0.0,16.0,16,471,342,6,0.0
98,0.0,1.0,5.875,,,3,30.72069994435245,111.1855181072627,no pobre,basal,6,1500.0,995.0,0.0,16.0,17,471,342,6,0.0
97,1.0,1.0,5.875,1.0,8.0,3,30.72069994435245,111.1855181072627,no pobre,basal,6,1500.0,995.0,0.0,16.0,14,471,343,8,1.0
98,1.0,1.0,5.875,1.0,8.0,3,30.72069994435245,111.1855181072627,no pobre,basal,6,1500.0,995.0,0.0,16.0,15,471,343,8,1.0
97,1.0,1.0,5.875,,2.0,7,30.72069994435245,111.1855181072627,pobre,basal,0,375.0,733.45001,1.0,40.0,14,471,344,2,
98,1.0,1.0,5.875,0.0,3.0,7,30.72069994435245,111.1855181072627,pobre,basal,0,375.0,733.45001,1.0,40.0,15,471,344,2,
97,0.0,1.0,5.875,,0.0,7,30.72069994435245,111.1855181072627,pobre,basal,0,375.0,733.45001,1.0,40.0,11,471,345,0,
98,0.0,1.0,5.875,0.0,3.0,7,30.72069994435245,111.1855181072627,pobre,basal,0,375.0,733.45001,1.0,40.0,12,471,345,0,
97,0.0,1.0,5.875,,0.0,7,30.72069994435245,111.1855181072627,pobre,basal,0,375.0,733.45001,1.0,40.0,11,471,346,0,
98,0.0,1.0,5.875,,,7,30.72069994435245,111.1855181072627,pobre,basal,0,375.0,733.45001,1.0,40.0,12,471,346,0,
97,0.0,1.0,5.875,,0.0,7,30.72069994435245,111.1855181072627,pobre,basal,0,375.0,733.45001,1.0,40.0,8,471,347,0,
98,0.0,1.0,5.875,0.0,1.0,7,30.72069994435245,111.1855181072627,pobre,basal,0,375.0,733.45001,1.0,40.0,9,471,347,0,
97,0.0,1.0,5.875,1.0,5.0,5,30.72069994435245,111.1855181072627,no pobre,basal,6,347.61905,840.0,1.0,28.0,9,471,348,5,1.0
98,0.0,1.0,5.875,1.0,6.0,5,30.72069994435245,111.1855181072627,no pobre,basal,6,347.61905,840.0,1.0,28.0,10,471,348,5,1.0
97,0.0,1.0,5.875,1.0,1.0,5,30.72069994435245,111.1855181072627,no pobre,basal,6,347.61905,840.0,1.0,28.0,6,471,349,1,1.0
98,0.0,1.0,5.875,1.0,2.0,5,30.72069994435245,111.1855181072627,no pobre,basal,6,347.61905,840.0,1.0,28.0,7,471,349,1,1.0
97,1.0,1.0,3.131,1.0,5.0,7,34.38737950300349,124.8207796971714,pobre,0,2,200.0,480.0,1.0,33.0,12,386,350,5,1.0
98,1.0,1.0,3.131,1.0,6.0,7,34.38737950300349,124.8207796971714,pobre,0,2,200.0,480.0,1.0,33.0,13,386,350,5,1.0
97,0.0,1.0,3.131,1.0,3.0,7,34.38737950300349,124.8207796971714,pobre,0,2,200.0,480.0,1.0,33.0,10,386,351,3,1.0
98,0.0,1.0,3.131,1.0,4.0,7,34.38737950300349,124.8207796971714,pobre,0,2,200.0,480.0,1.0,33.0,11,386,351,3,1.0
97,0.0,1.0,3.131,1.0,2.0,7,34.38737950300349,124.8207796971714,pobre,0,2,200.0,480.0,1.0,33.0,9,386,352,2,1.0
98,0.0,1.0,3.131,1.0,3.0,7,34.38737950300349,124.8207796971714,pobre,0,2,200.0,480.0,1.0,33.0,10,386,352,2,1.0
97,1.0,1.0,3.131,1.0,0.0,7,34.38737950300349,124.8207796971714,pobre,0,2,200.0,480.0,1.0,33.0,6,386,353,0,1.0
98,1.0,1.0,3.131,1.0,1.0,7,34.38737950300349,124.8207796971714,pobre,0,2,200.0,480.0,1.0,33.0,7,386,353,0,1.0
97,0.0,1.0,3.131,1.0,5.0,4,34.38737950300349,124.8207796971714,pobre,0,0,375.0,602.40002,1.0,29.0,12,386,354,5,1.0
98,0.0,1.0,3.131,1.0,6.0,4,34.38737950300349,124.8207796971714,pobre,0,0,375.0,602.40002,1.0,29.0,13,386,354,5,1.0
97,0.0,1.0,3.131,1.0,3.0,3,34.38737950300349,124.8207796971714,pobre,0,0,0.0,634.0,0.0,52.0,12,386,355,3,1.0
98,0.0,1.0,3.131,1.0,3.0,3,34.38737950300349,124.8207796971714,pobre,0,0,0.0,634.0,0.0,52.0,13,386,355,3,1.0
97,0.0,1.0,3.131,0.0,6.0,9,34.38737950300349,124.8207796971714,pobre,0,0,200.0,572.0,1.0,47.0,15,386,356,6,0.0
98,0.0,1.0,3.131,0.0,6.0,9,34.38737950300349,124.8207796971714,pobre,0,0,200.0,572.0,1.0,47.0,16,386,356,6,0.0
97,0.0,1.0,3.131,1.0,5.0,9,34.38737950300349,124.8207796971714,pobre,0,0,200.0,572.0,1.0,47.0,12,386,357,5,1.0
98,0.0,1.0,3.131,0.0,6.0,9,34.38737950300349,124.8207796971714,pobre,0,0,200.0,572.0,1.0,47.0,13,386,357,5,1.0
97,0.0,1.0,3.131,1.0,4.0,9,34.38737950300349,124.8207796971714,pobre,0,0,200.0,572.0,1.0,47.0,10,386,358,4,1.0
98,0.0,1.0,3.131,1.0,5.0,9,34.38737950300349,124.8207796971714,pobre,0,0,200.0,572.0,1.0,47.0,11,386,358,4,1.0
97,1.0,1.0,3.131,1.0,1.0,9,34.38737950300349,124.8207796971714,pobre,0,0,200.0,572.0,1.0,47.0,6,386,359,1,1.0
98,1.0,1.0,3.131,1.0,1.0,9,34.38737950300349,124.8207796971714,pobre,0,0,200.0,572.0,1.0,47.0,7,386,359,1,1.0
97,0.0,1.0,3.131,1.0,5.0,4,34.38737950300349,124.8207796971714,pobre,0,0,0.0,622.60999,0.0,52.0,14,386,360,5,1.0
98,0.0,1.0,3.131,,,4,34.38737950300349,124.8207796971714,pobre,0,0,0.0,622.60999,0.0,52.0,15,386,360,5,1.0
97,1.0,1.0,3.131,0.0,6.0,10,34.38737950300349,124.8207796971714,pobre,0,0,0.0,387.39999,1.0,40.0,16,386,361,6,0.0
98,1.0,1.0,3.131,,,10,34.38737950300349,124.8207796971714,pobre,0,0,0.0,387.39999,1.0,40.0,17,386,361,6,0.0
97,0.0,1.0,3.131,1.0,5.0,10,34.38737950300349,124.8207796971714,pobre,0,0,0.0,387.39999,1.0,40.0,13,386,362,5,1.0
98,0.0,1.0,3.131,0.0,6.0,10,34.38737950300349,124.8207796971714,pobre,0,0,0.0,387.39999,1.0,40.0,14,386,362,5,1.0
97,0.0,1.0,3.131,1.0,2.0,10,34.38737950300349,124.8207796971714,pobre,0,0,0.0,387.39999,1.0,40.0,11,386,363,2,1.0
98,0.0,1.0,3.131,1.0,3.0,10,34.38737950300349,124.8207796971714,pobre,0,0,0.0,387.39999,1.0,40.0,12,386,363,2,1.0
97,1.0,1.0,3.131,1.0,2.0,10,34.38737950300349,124.8207796971714,pobre,0,0,0.0,387.39999,1.0,40.0,8,386,364,2,1.0
98,1.0,1.0,3.131,1.0,1.0,10,34.38737950300349,124.8207796971714,pobre,0,0,0.0,387.39999,1.0,40.0,9,386,364,2,1.0
97,0.0,1.0,3.131,,0.0,7,34.38737950300349,124.8207796971714,pobre,0,0,0.0,645.45001,0.0,50.0,16,386,365,0,
98,0.0,1.0,3.131,,,7,34.38737950300349,124.8207796971714,pobre,0,0,0.0,645.45001,0.0,50.0,17,386,365,0,
97,0.0,1.0,3.131,,0.0,7,34.38737950300349,124.8207796971714,pobre,0,0,0.0,645.45001,0.0,50.0,12,386,366,0,
98,0.0,1.0,3.131,,,7,34.38737950300349,124.8207796971714,pobre,0,0,0.0,645.45001,0.0,50.0,13,386,366,0,
97,0.0,1.0,3.131,,0.0,7,34.38737950300349,124.8207796971714,pobre,0,0,0.0,645.45001,0.0,50.0,9,386,367,0,
98,0.0,1.0,3.131,1.0,3.0,7,34.38737950300349,124.8207796971714,pobre,0,0,0.0,645.45001,0.0,50.0,10,386,367,0,
97,0.0,0.0,3.131,,0.0,7,34.38737950300349,124.8207796971714,pobre,0,0,250.0,533.0,1.0,42.0,8,386,368,0,
98,0.0,0.0,3.131,,,7,34.38737950300349,124.8207796971714,pobre,0,0,250.0,533.0,1.0,42.0,9,386,368,0,
97,0.0,0.0,3.131,,0.0,7,34.38737950300349,124.8207796971714,pobre,0,0,250.0,533.0,1.0,42.0,6,386,369,0,
98,0.0,0.0,3.131,,,7,34.38737950300349,124.8207796971714,pobre,0,0,250.0,533.0,1.0,42.0,7,386,369,0,
97,1.0,1.0,3.131,,1.0,11,34.38737950300349,124.8207796971714,pobre,0,0,0.0,350.0,1.0,45.0,15,386,370,1,
98,1.0,1.0,3.131,0.0,2.0,11,34.38737950300349,124.8207796971714,pobre,0,0,0.0,350.0,1.0,45.0,16,386,370,1,
97,1.0,1.0,3.131,,2.0,11,34.38737950300349,124.8207796971714,pobre,0,0,0.0,350.0,1.0,45.0,10,386,371,2,
98,1.0,1.0,3.131,1.0,2.0,11,34.38737950300349,124.8207796971714,pobre,0,0,0.0,350.0,1.0,45.0,11,386,371,2,
97,0.0,1.0,3.131,1.0,2.0,7,34.38737950300349,124.8207796971714,pobre,0,0,0.0,585.0,0.0,57.0,9,386,372,2,1.0
98,0.0,1.0,3.131,1.0,3.0,7,34.38737950300349,124.8207796971714,pobre,0,0,0.0,585.0,0.0,57.0,10,386,372,2,1.0
97,0.0,1.0,3.131,1.0,2.0,7,34.38737950300349,124.8207796971714,pobre,0,0,0.0,585.0,0.0,57.0,8,386,373,2,1.0
98,0.0,1.0,3.131,,,7,34.38737950300349,124.8207796971714,pobre,0,0,0.0,585.0,0.0,57.0,9,386,373,2,1.0
97,0.0,1.0,3.131,1.0,1.0,7,34.38737950300349,124.8207796971714,pobre,0,0,0.0,466.0,1.0,77.0,8,386,374,1,1.0
98,0.0,1.0,3.131,1.0,2.0,7,34.38737950300349,124.8207796971714,pobre,0,0,0.0,466.0,1.0,77.0,9,386,374,1,1.0
97,0.0,1.0,3.131,1.0,4.0,6,34.38737950300349,124.8207796971714,pobre,0,2,0.0,479.0,1.0,26.0,10,386,375,4,1.0
98,0.0,1.0,3.131,1.0,5.0,6,34.38737950300349,124.8207796971714,pobre,0,2,0.0,479.0,1.0,26.0,11,386,375,4,1.0
97,0.0,1.0,3.131,1.0,1.0,6,34.38737950300349,124.8207796971714,pobre,0,2,0.0,479.0,1.0,26.0,6,386,376,1,1.0
98,0.0,1.0,3.131,1.0,2.0,6,34.38737950300349,124.8207796971714,pobre,0,2,0.0,479.0,1.0,26.0,7,386,376,1,1.0
97,0.0,1.0,3.131,0.0,6.0,2,34.38737950300349,124.8207796971714,pobre,0,0,0.0,637.0,1.0,28.0,15,386,377,6,0.0
98,0.0,1.0,3.131,0.0,6.0,2,34.38737950300349,124.8207796971714,pobre,0,0,0.0,637.0,1.0,28.0,16,386,377,6,0.0
97,0.0,1.0,3.131,0.0,4.0,8,34.38737950300349,124.8207796971714,pobre,0,0,1000.0,590.0,0.0,39.0,11,386,378,4,0.0
98,0.0,1.0,3.131,,,8,34.38737950300349,124.8207796971714,pobre,0,0,1000.0,590.0,0.0,39.0,12,386,378,4,0.0
97,0.0,1.0,3.131,1.0,1.0,8,34.38737950300349,124.8207796971714,pobre,0,0,1000.0,590.0,0.0,39.0,7,386,379,1,1.0
98,0.0,1.0,3.131,,,8,34.38737950300349,124.8207796971714,pobre,0,0,1000.0,590.0,0.0,39.0,8,386,379,1,1.0
97,1.0,1.0,3.131,0.0,6.0,9,34.38737950300349,124.8207796971714,pobre,0,0,0.0,628.0,1.0,37.0,15,386,380,6,0.0
98,1.0,1.0,3.131,0.0,6.0,9,34.38737950300349,124.8207796971714,pobre,0,0,0.0,628.0,1.0,37.0,16,386,380,6,0.0
97,0.0,1.0,3.131,0.0,6.0,9,34.38737950300349,124.8207796971714,pobre,0,0,0.0,628.0,1.0,37.0,12,386,381,6,0.0
98,0.0,1.0,3.131,0.0,6.0,9,34.38737950300349,124.8207796971714,pobre,0,0,0.0,628.0,1.0,37.0,13,386,381,6,0.0
97,0.0,1.0,3.131,1.0,3.0,9,34.38737950300349,124.8207796971714,pobre,0,0,0.0,628.0,1.0,37.0,9,386,382,3,1.0
98,0.0,1.0,3.131,1.0,4.0,9,34.38737950300349,124.8207796971714,pobre,0,0,0.0,628.0,1.0,37.0,10,386,382,3,1.0
97,1.0,1.0,3.131,1.0,1.0,9,34.38737950300349,124.8207796971714,pobre,0,0,0.0,628.0,1.0,37.0,7,386,383,1,1.0
98,1.0,1.0,3.131,1.0,2.0,9,34.38737950300349,124.8207796971714,pobre,0,0,0.0,628.0,1.0,37.0,8,386,383,1,1.0
97,1.0,1.0,3.131,0.0,6.0,6,34.38737950300349,124.8207796971714,pobre,0,4,1600.0,668.0,1.0,41.0,13,386,384,6,0.0
98,1.0,1.0,3.131,,,6,34.38737950300349,124.8207796971714,pobre,0,4,1600.0,668.0,1.0,41.0,14,386,384,6,0.0
97,1.0,1.0,3.131,1.0,1.0,6,34.38737950300349,124.8207796971714,pobre,0,4,1600.0,668.0,1.0,41.0,7,386,385,1,1.0
98,1.0,1.0,3.131,1.0,1.0,6,34.38737950300349,124.8207796971714,pobre,0,4,1600.0,668.0,1.0,41.0,8,386,385,1,1.0
97,0.0,1.0,3.131,,0.0,9,34.38737950300349,124.8207796971714,no pobre,0,2,0.0,587.0,1.0,39.0,14,386,386,0,
98,0.0,1.0,3.131,0.0,3.0,9,34.38737950300349,124.8207796971714,no pobre,0,2,0.0,587.0,1.0,39.0,15,386,386,0,
97,0.0,1.0,3.131,1.0,2.0,9,34.38737950300349,124.8207796971714,no pobre,0,2,0.0,587.0,1.0,39.0,10,386,387,2,1.0
98,0.0,1.0,3.131,1.0,2.0,9,34.38737950300349,124.8207796971714,no pobre,0,2,0.0,587.0,1.0,39.0,11,386,387,2,1.0
97,1.0,1.0,3.131,1.0,5.0,9,34.38737950300349,124.8207796971714,no pobre,0,2,0.0,587.0,1.0,39.0,10,386,388,5,1.0
98,1.0,1.0,3.131,0.0,6.0,9,34.38737950300349,124.8207796971714,no pobre,0,2,0.0,587.0,1.0,39.0,11,386,388,5,1.0
97,0.0,1.0,3.131,1.0,1.0,9,34.38737950300349,124.8207796971714,no pobre,0,2,0.0,587.0,1.0,39.0,8,386,389,1,1.0
98,0.0,1.0,3.131,1.0,2.0,9,34.38737950300349,124.8207796971714,no pobre,0,2,0.0,587.0,1.0,39.0,9,386,389,1,1.0
97,0.0,1.0,3.131,1.0,0.0,9,34.38737950300349,124.8207796971714,no pobre,0,2,0.0,587.0,1.0,39.0,7,386,390,0,1.0
98,0.0,1.0,3.131,1.0,1.0,9,34.38737950300349,124.8207796971714,no pobre,0,2,0.0,587.0,1.0,39.0,8,386,390,0,1.0
97,1.0,1.0,3.131,1.0,3.0,4,34.38737950300349,124.8207796971714,pobre,0,2,250.0,582.0,1.0,34.0,11,386,391,3,1.0
98,1.0,1.0,3.131,,,4,34.38737950300349,124.8207796971714,pobre,0,2,250.0,582.0,1.0,34.0,12,386,391,3,1.0
97,0.0,1.0,3.131,1.0,0.0,7,34.38737950300349,124.8207796971714,no pobre,0,2,0.0,785.0,1.0,22.0,6,386,392,0,1.0
98,0.0,1.0,3.131,,,7,34.38737950300349,124.8207796971714,no pobre,0,2,0.0,785.0,1.0,22.0,7,386,392,0,1.0
97,0.0,1.0,3.131,0.0,6.0,12,34.38737950300349,124.8207796971714,pobre,0,0,0.0,668.0,1.0,61.0,16,386,393,6,0.0
98,0.0,1.0,3.131,,,12,34.38737950300349,124.8207796971714,pobre,0,0,0.0,668.0,1.0,61.0,17,386,393,6,0.0
97,1.0,1.0,3.131,0.0,4.0,12,34.38737950300349,124.8207796971714,pobre,0,0,0.0,668.0,1.0,61.0,13,386,394,4,0.0
98,1.0,1.0,3.131,,,12,34.38737950300349,124.8207796971714,pobre,0,0,0.0,668.0,1.0,61.0,14,386,394,4,0.0
97,1.0,1.0,3.131,0.0,1.0,12,34.38737950300349,124.8207796971714,pobre,0,0,0.0,668.0,1.0,61.0,11,386,395,1,0.0
98,1.0,1.0,3.131,0.0,1.0,12,34.38737950300349,124.8207796971714,pobre,0,0,0.0,668.0,1.0,61.0,12,386,395,1,0.0
97,1.0,1.0,3.131,1.0,2.0,12,34.38737950300349,124.8207796971714,pobre,0,0,0.0,668.0,1.0,61.0,10,386,396,2,1.0
98,1.0,1.0,3.131,1.0,3.0,12,34.38737950300349,124.8207796971714,pobre,0,0,0.0,668.0,1.0,61.0,11,386,396,2,1.0
97,1.0,1.0,3.131,0.0,6.0,10,34.38737950300349,124.8207796971714,pobre,0,0,1200.0,657.14001,1.0,55.0,13,386,397,6,0.0
98,1.0,1.0,3.131,,,10,34.38737950300349,124.8207796971714,pobre,0,0,1200.0,657.14001,1.0,55.0,14,386,397,6,0.0
97,1.0,1.0,3.131,1.0,5.0,10,34.38737950300349,124.8207796971714,pobre,0,0,1200.0,657.14001,1.0,55.0,11,386,398,5,1.0
98,1.0,1.0,3.131,,,10,34.38737950300349,124.8207796971714,pobre,0,0,1200.0,657.14001,1.0,55.0,12,386,398,5,1.0
97,0.0,1.0,3.131,1.0,6.0,7,34.38737950300349,124.8207796971714,pobre,0,1,250.0,587.0,1.0,34.0,13,386,399,6,1.0
98,0.0,1.0,3.131,0.0,6.0,7,34.38737950300349,124.8207796971714,pobre,0,1,250.0,587.0,1.0,34.0,14,386,399,6,1.0
97,0.0,1.0,3.131,1.0,4.0,7,34.38737950300349,124.8207796971714,pobre,0,1,250.0,587.0,1.0,34.0,9,386,400,4,1.0
98,0.0,1.0,3.131,1.0,4.0,7,34.38737950300349,124.8207796971714,pobre,0,1,250.0,587.0,1.0,34.0,10,386,400,4,1.0
97,1.0,1.0,3.131,0.0,4.0,7,34.38737950300349,124.8207796971714,pobre,0,3,250.0,623.0,1.0,28.0,16,386,401,4,0.0
98,1.0,1.0,3.131,,,7,34.38737950300349,124.8207796971714,pobre,0,3,250.0,623.0,1.0,28.0,17,386,401,4,0.0
97,0.0,1.0,3.131,1.0,6.0,7,34.38737950300349,124.8207796971714,pobre,0,3,250.0,623.0,1.0,28.0,14,386,402,6,1.0
98,0.0,1.0,3.131,0.0,6.0,7,34.38737950300349,124.8207796971714,pobre,0,3,250.0,623.0,1.0,28.0,15,386,402,6,1.0
97,1.0,1.0,3.131,1.0,5.0,7,34.38737950300349,124.8207796971714,pobre,0,3,250.0,623.0,1.0,28.0,11,386,403,5,1.0
98,1.0,1.0,3.131,1.0,5.0,7,34.38737950300349,124.8207796971714,pobre,0,3,250.0,623.0,1.0,28.0,12,386,403,5,1.0
97,1.0,1.0,3.131,1.0,2.0,7,34.38737950300349,124.8207796971714,pobre,0,3,250.0,623.0,1.0,28.0,9,386,404,2,1.0
98,1.0,1.0,3.131,1.0,1.0,7,34.38737950300349,124.8207796971714,pobre,0,3,250.0,623.0,1.0,28.0,10,386,404,2,1.0
97,0.0,1.0,3.131,1.0,0.0,5,34.38737950300349,124.8207796971714,pobre,0,3,0.0,516.0,1.0,28.0,6,386,405,0,1.0
98,0.0,1.0,3.131,1.0,1.0,5,34.38737950300349,124.8207796971714,pobre,0,3,0.0,516.0,1.0,28.0,7,386,405,0,1.0
97,1.0,1.0,3.131,0.0,6.0,9,34.38737950300349,124.8207796971714,pobre,0,0,250.0,577.0,1.0,44.0,16,386,406,6,0.0
98,1.0,1.0,3.131,,,9,34.38737950300349,124.8207796971714,pobre,0,0,250.0,577.0,1.0,44.0,17,386,406,6,0.0
97,1.0,1.0,3.131,1.0,5.0,9,34.38737950300349,124.8207796971714,pobre,0,0,250.0,577.0,1.0,44.0,12,386,407,5,1.0
98,1.0,1.0,3.131,,,9,34.38737950300349,124.8207796971714,pobre,0,0,250.0,577.0,1.0,44.0,13,386,407,5,1.0
97,1.0,1.0,3.131,0.0,3.0,9,34.38737950300349,124.8207796971714,pobre,0,0,250.0,577.0,1.0,44.0,13,386,408,3,0.0
98,1.0,1.0,3.131,,,9,34.38737950300349,124.8207796971714,pobre,0,0,250.0,577.0,1.0,44.0,14,386,408,3,0.0
97,0.0,1.0,3.131,0.0,2.0,9,34.38737950300349,124.8207796971714,pobre,0,0,250.0,577.0,1.0,44.0,9,386,409,2,0.0
98,0.0,1.0,3.131,,,9,34.38737950300349,124.8207796971714,pobre,0,0,250.0,577.0,1.0,44.0,10,386,409,2,0.0
97,1.0,1.0,3.131,0.0,3.0,8,34.38737950300349,124.8207796971714,pobre,0,0,250.0,536.0,1.0,39.0,14,386,410,3,0.0
98,1.0,1.0,3.131,0.0,4.0,8,34.38737950300349,124.8207796971714,pobre,0,0,250.0,536.0,1.0,39.0,15,386,410,3,0.0
97,1.0,1.0,3.131,1.0,3.0,8,34.38737950300349,124.8207796971714,pobre,0,0,250.0,536.0,1.0,39.0,12,386,411,3,1.0
98,1.0,1.0,3.131,1.0,4.0,8,34.38737950300349,124.8207796971714,pobre,0,0,250.0,536.0,1.0,39.0,13,386,411,3,1.0
97,1.0,1.0,3.131,1.0,0.0,8,34.38737950300349,124.8207796971714,pobre,0,0,250.0,536.0,1.0,39.0,8,386,412,0,1.0
98,1.0,1.0,3.131,1.0,0.0,8,34.38737950300349,124.8207796971714,pobre,0,0,250.0,536.0,1.0,39.0,9,386,412,0,1.0
97,1.0,1.0,3.131,0.0,6.0,6,34.38737950300349,124.8207796971714,pobre,0,0,250.0,638.0,1.0,65.0,16,386,413,6,0.0
98,1.0,1.0,3.131,,,6,34.38737950300349,124.8207796971714,pobre,0,0,250.0,638.0,1.0,65.0,17,386,413,6,0.0
97,1.0,1.0,3.131,0.0,6.0,6,34.38737950300349,124.8207796971714,pobre,0,0,250.0,638.0,1.0,65.0,14,386,414,6,0.0
98,1.0,1.0,3.131,,,6,34.38737950300349,124.8207796971714,pobre,0,0,250.0,638.0,1.0,65.0,15,386,414,6,0.0
97,0.0,1.0,3.131,0.0,6.0,9,34.38737950300349,124.8207796971714,pobre,0,0,250.0,600.0,1.0,48.0,15,386,415,6,0.0
98,0.0,1.0,3.131,0.0,,9,34.38737950300349,124.8207796971714,pobre,0,0,250.0,600.0,1.0,48.0,16,386,415,6,0.0
97,0.0,1.0,3.131,1.0,5.0,9,34.38737950300349,124.8207796971714,pobre,0,0,250.0,600.0,1.0,48.0,12,386,416,5,1.0
98,0.0,1.0,3.131,0.0,5.0,9,34.38737950300349,124.8207796971714,pobre,0,0,250.0,600.0,1.0,48.0,13,386,416,5,1.0
97,1.0,1.0,3.131,1.0,5.0,9,34.38737950300349,124.8207796971714,pobre,0,0,250.0,600.0,1.0,48.0,10,386,417,5,1.0
98,1.0,1.0,3.131,1.0,6.0,9,34.38737950300349,124.8207796971714,pobre,0,0,250.0,600.0,1.0,48.0,11,386,417,5,1.0
97,0.0,1.0,3.131,1.0,0.0,9,34.38737950300349,124.8207796971714,pobre,0,0,250.0,600.0,1.0,48.0,6,386,418,0,1.0
98,0.0,1.0,3.131,1.0,1.0,9,34.38737950300349,124.8207796971714,pobre,0,0,250.0,600.0,1.0,48.0,7,386,418,0,1.0
97,1.0,1.0,3.131,0.0,6.0,9,34.38737950300349,124.8207796971714,pobre,0,0,0.0,416.0,1.0,33.0,14,386,419,6,0.0
98,1.0,1.0,3.131,,,9,34.38737950300349,124.8207796971714,pobre,0,0,0.0,416.0,1.0,33.0,15,386,419,6,0.0
97,1.0,1.0,3.131,,0.0,9,34.38737950300349,124.8207796971714,pobre,0,0,0.0,416.0,1.0,33.0,12,386,420,0,
98,1.0,1.0,3.131,1.0,5.0,9,34.38737950300349,124.8207796971714,pobre,0,0,0.0,416.0,1.0,33.0,13,386,420,0,
97,1.0,1.0,3.131,,0.0,9,34.38737950300349,124.8207796971714,pobre,0,0,0.0,416.0,1.0,33.0,6,386,421,0,
98,1.0,1.0,3.131,1.0,1.0,9,34.38737950300349,124.8207796971714,pobre,0,0,0.0,416.0,1.0,33.0,7,386,421,0,
97,1.0,1.0,3.131,0.0,6.0,6,34.38737950300349,124.8207796971714,pobre,0,1,0.0,507.0,1.0,47.0,16,386,422,6,0.0
98,1.0,1.0,3.131,,,6,34.38737950300349,124.8207796971714,pobre,0,1,0.0,507.0,1.0,47.0,17,386,422,6,0.0
97,0.0,1.0,3.131,1.0,2.0,6,34.38737950300349,124.8207796971714,pobre,0,1,250.0,764.0,1.0,38.0,8,386,423,2,1.0
98,0.0,1.0,3.131,1.0,3.0,6,34.38737950300349,124.8207796971714,pobre,0,1,250.0,764.0,1.0,38.0,9,386,423,2,1.0
97,1.0,1.0,3.131,1.0,1.0,6,34.38737950300349,124.8207796971714,pobre,0,1,250.0,764.0,1.0,38.0,8,386,424,1,1.0
98,1.0,1.0,3.131,,,6,34.38737950300349,124.8207796971714,pobre,0,1,250.0,764.0,1.0,38.0,9,386,424,1,1.0
97,1.0,1.0,3.131,1.0,2.0,6,34.38737950300349,124.8207796971714,pobre,0,0,250.0,538.0,1.0,41.0,11,386,425,2,1.0
98,1.0,1.0,3.131,0.0,3.0,6,34.38737950300349,124.8207796971714,pobre,0,0,250.0,538.0,1.0,41.0,12,386,425,2,1.0
97,0.0,1.0,3.131,,0.0,5,34.38737950300349,124.8207796971714,pobre,0,2,0.0,574.45001,1.0,37.0,16,386,426,0,
98,0.0,1.0,3.131,,,5,34.38737950300349,124.8207796971714,pobre,0,2,0.0,574.45001,1.0,37.0,17,386,426,0,
97,1.0,1.0,3.131,1.0,2.0,5,34.38737950300349,124.8207796971714,pobre,0,2,0.0,574.45001,1.0,37.0,9,386,427,2,1.0
98,1.0,1.0,3.131,0.0,2.0,5,34.38737950300349,124.8207796971714,pobre,0,2,0.0,574.45001,1.0,37.0,10,386,427,2,1.0
97,0.0,1.0,3.131,,0.0,5,34.38737950300349,124.8207796971714,pobre,0,2,0.0,574.45001,1.0,37.0,6,386,428,0,
98,0.0,1.0,3.131,1.0,1.0,5,34.38737950300349,124.8207796971714,pobre,0,2,0.0,574.45001,1.0,37.0,7,386,428,0,
97,1.0,1.0,3.9430001,1.0,1.0,4,19.62303655892494,121.3276221369556,pobre,basal,1,375.0,701.0,1.0,37.0,8,387,429,1,1.0
98,1.0,1.0,3.9430001,1.0,2.0,4,19.62303655892494,121.3276221369556,pobre,basal,1,375.0,701.0,1.0,37.0,9,387,429,1,1.0
97,0.0,1.0,3.9430001,1.0,1.0,5,19.62303655892494,121.3276221369556,pobre,basal,3,250.0,647.0,1.0,29.0,7,387,430,1,1.0
98,0.0,1.0,3.9430001,1.0,2.0,5,19.62303655892494,121.3276221369556,pobre,basal,3,250.0,647.0,1.0,29.0,8,387,430,1,1.0
97,0.0,1.0,3.9430001,1.0,10.0,10,19.62303655892494,121.3276221369556,no pobre,basal,3,3041.6667,959.0,1.0,50.0,16,387,431,10,1.0
98,0.0,1.0,3.9430001,,,10,19.62303655892494,121.3276221369556,no pobre,basal,3,3041.6667,959.0,1.0,50.0,17,387,431,10,1.0
97,1.0,1.0,3.9430001,1.0,8.0,10,19.62303655892494,121.3276221369556,no pobre,basal,3,3041.6667,959.0,1.0,50.0,16,387,432,8,1.0
98,1.0,1.0,3.9430001,1.0,9.0,10,19.62303655892494,121.3276221369556,no pobre,basal,3,3041.6667,959.0,1.0,50.0,17,387,432,8,1.0
97,1.0,1.0,3.9430001,1.0,3.0,10,19.62303655892494,121.3276221369556,no pobre,basal,3,3041.6667,959.0,1.0,50.0,9,387,433,3,1.0
98,1.0,1.0,3.9430001,1.0,4.0,10,19.62303655892494,121.3276221369556,no pobre,basal,3,3041.6667,959.0,1.0,50.0,10,387,433,3,1.0
97,0.0,0.0,3.9430001,1.0,6.0,7,19.62303655892494,121.3276221369556,pobre,basal,2,300.0,623.0,1.0,41.0,12,387,434,6,1.0
98,0.0,0.0,3.9430001,1.0,7.0,7,19.62303655892494,121.3276221369556,pobre,basal,2,300.0,623.0,1.0,41.0,13,387,434,6,1.0
97,0.0,0.0,3.9430001,1.0,5.0,7,19.62303655892494,121.3276221369556,pobre,basal,2,300.0,623.0,1.0,41.0,10,387,435,5,1.0
98,0.0,0.0,3.9430001,1.0,5.0,7,19.62303655892494,121.3276221369556,pobre,basal,2,300.0,623.0,1.0,41.0,11,387,435,5,1.0
97,1.0,0.0,3.9430001,1.0,3.0,7,19.62303655892494,121.3276221369556,pobre,basal,2,300.0,623.0,1.0,41.0,9,387,436,3,1.0
98,1.0,0.0,3.9430001,1.0,3.0,7,19.62303655892494,121.3276221369556,pobre,basal,2,300.0,623.0,1.0,41.0,10,387,436,3,1.0
97,0.0,0.0,3.9430001,,0.0,7,19.62303655892494,121.3276221369556,pobre,basal,2,300.0,623.0,1.0,41.0,6,387,437,0,
98,0.0,0.0,3.9430001,1.0,0.0,7,19.62303655892494,121.3276221369556,pobre,basal,2,300.0,623.0,1.0,41.0,7,387,437,0,
97,1.0,1.0,3.9430001,1.0,7.0,4,19.62303655892494,121.3276221369556,pobre,basal,2,0.0,699.0,0.0,50.0,14,387,438,7,1.0
98,1.0,1.0,3.9430001,1.0,8.0,4,19.62303655892494,121.3276221369556,pobre,basal,2,0.0,699.0,0.0,50.0,15,387,438,7,1.0
97,0.0,1.0,3.9430001,,0.0,8,19.62303655892494,121.3276221369556,pobre,basal,2,375.0,713.0,1.0,35.0,16,387,439,0,
98,0.0,1.0,3.9430001,,,8,19.62303655892494,121.3276221369556,pobre,basal,2,375.0,713.0,1.0,35.0,17,387,439,0,
97,1.0,1.0,3.9430001,1.0,5.0,8,19.62303655892494,121.3276221369556,pobre,basal,2,375.0,713.0,1.0,35.0,11,387,440,5,1.0
98,1.0,1.0,3.9430001,1.0,5.0,8,19.62303655892494,121.3276221369556,pobre,basal,2,375.0,713.0,1.0,35.0,12,387,440,5,1.0
97,0.0,1.0,3.9430001,1.0,2.0,8,19.62303655892494,121.3276221369556,pobre,basal,2,375.0,713.0,1.0,35.0,6,387,441,2,1.0
98,0.0,1.0,3.9430001,1.0,2.0,8,19.62303655892494,121.3276221369556,pobre,basal,2,375.0,713.0,1.0,35.0,7,387,441,2,1.0
97,0.0,1.0,3.9430001,1.0,5.0,6,19.62303655892494,121.3276221369556,pobre,basal,1,250.0,625.0,1.0,56.0,10,387,442,5,1.0
98,0.0,1.0,3.9430001,1.0,5.0,6,19.62303655892494,121.3276221369556,pobre,basal,1,250.0,625.0,1.0,56.0,11,387,442,5,1.0
97,0.0,1.0,3.9430001,1.0,3.0,6,19.62303655892494,121.3276221369556,pobre,basal,1,250.0,625.0,1.0,56.0,8,387,443,3,1.0
98,0.0,1.0,3.9430001,1.0,3.0,6,19.62303655892494,121.3276221369556,pobre,basal,1,250.0,625.0,1.0,56.0,9,387,443,3,1.0
97,1.0,1.0,3.9430001,,0.0,5,19.62303655892494,121.3276221369556,pobre,basal,0,250.0,547.0,1.0,40.0,10,387,444,0,
98,1.0,1.0,3.9430001,,,5,19.62303655892494,121.3276221369556,pobre,basal,0,250.0,547.0,1.0,40.0,11,387,444,0,
97,0.0,1.0,3.9430001,,0.0,5,19.62303655892494,121.3276221369556,pobre,basal,0,250.0,547.0,1.0,40.0,8,387,445,0,
98,0.0,1.0,3.9430001,,,5,19.62303655892494,121.3276221369556,pobre,basal,0,250.0,547.0,1.0,40.0,9,387,445,0,
97,0.0,1.0,3.9430001,1.0,1.0,5,19.62303655892494,121.3276221369556,pobre,basal,0,375.0,645.0,1.0,30.0,6,387,446,1,1.0
98,0.0,1.0,3.9430001,1.0,1.0,5,19.62303655892494,121.3276221369556,pobre,basal,0,375.0,645.0,1.0,30.0,7,387,446,1,1.0
97,0.0,1.0,3.9430001,1.0,7.0,10,19.62303655892494,121.3276221369556,pobre,basal,0,250.0,635.0,1.0,30.0,16,387,447,7,1.0
98,0.0,1.0,3.9430001,,,10,19.62303655892494,121.3276221369556,pobre,basal,0,250.0,635.0,1.0,30.0,17,387,447,7,1.0
97,0.0,1.0,3.9430001,1.0,7.0,10,19.62303655892494,121.3276221369556,pobre,basal,0,250.0,635.0,1.0,30.0,14,387,448,7,1.0
98,0.0,1.0,3.9430001,1.0,8.0,10,19.62303655892494,121.3276221369556,pobre,basal,0,250.0,635.0,1.0,30.0,15,387,448,7,1.0
97,0.0,1.0,3.9430001,1.0,4.0,10,19.62303655892494,121.3276221369556,pobre,basal,0,250.0,635.0,1.0,30.0,13,387,449,4,1.0
98,0.0,1.0,3.9430001,1.0,5.0,10,19.62303655892494,121.3276221369556,pobre,basal,0,250.0,635.0,1.0,30.0,14,387,449,4,1.0
97,0.0,1.0,3.9430001,1.0,4.0,10,19.62303655892494,121.3276221369556,pobre,basal,0,250.0,635.0,1.0,30.0,9,387,450,4,1.0
98,0.0,1.0,3.9430001,1.0,5.0,10,19.62303655892494,121.3276221369556,pobre,basal,0,250.0,635.0,1.0,30.0,10,387,450,4,1.0
97,1.0,1.0,3.9430001,,0.0,8,19.62303655892494,121.3276221369556,pobre,basal,0,200.0,735.0,1.0,38.0,16,387,451,0,
98,1.0,1.0,3.9430001,,,8,19.62303655892494,121.3276221369556,pobre,basal,0,200.0,735.0,1.0,38.0,17,387,451,0,
97,1.0,1.0,3.9430001,,0.0,8,19.62303655892494,121.3276221369556,pobre,basal,0,200.0,735.0,1.0,38.0,12,387,452,0,
98,1.0,1.0,3.9430001,0.0,3.0,8,19.62303655892494,121.3276221369556,pobre,basal,0,200.0,735.0,1.0,38.0,13,387,452,0,
97,0.0,1.0,3.9430001,,0.0,8,19.62303655892494,121.3276221369556,pobre,basal,0,200.0,735.0,1.0,38.0,11,387,453,0,
98,0.0,1.0,3.9430001,1.0,2.0,8,19.62303655892494,121.3276221369556,pobre,basal,0,200.0,735.0,1.0,38.0,12,387,453,0,
97,1.0,1.0,3.9430001,1.0,0.0,8,19.62303655892494,121.3276221369556,pobre,basal,0,200.0,735.0,1.0,38.0,7,387,454,0,1.0
98,1.0,1.0,3.9430001,1.0,1.0,8,19.62303655892494,121.3276221369556,pobre,basal,0,200.0,735.0,1.0,38.0,8,387,454,0,1.0
97,1.0,0.0,3.9430001,1.0,9.0,7,19.62303655892494,121.3276221369556,pobre,basal,2,625.0,603.0,1.0,35.0,15,387,455,9,1.0
98,1.0,0.0,3.9430001,1.0,10.0,7,19.62303655892494,121.3276221369556,pobre,basal,2,625.0,603.0,1.0,35.0,16,387,455,9,1.0
97,1.0,0.0,3.9430001,1.0,6.0,7,19.62303655892494,121.3276221369556,pobre,basal,2,625.0,603.0,1.0,35.0,13,387,456,6,1.0
98,1.0,0.0,3.9430001,1.0,7.0,7,19.62303655892494,121.3276221369556,pobre,basal,2,625.0,603.0,1.0,35.0,14,387,456,6,1.0
97,0.0,0.0,3.9430001,1.0,3.0,7,19.62303655892494,121.3276221369556,pobre,basal,2,625.0,603.0,1.0,35.0,8,387,457,3,1.0
98,0.0,0.0,3.9430001,1.0,4.0,7,19.62303655892494,121.3276221369556,pobre,basal,2,625.0,603.0,1.0,35.0,9,387,457,3,1.0
97,0.0,0.0,3.9430001,1.0,1.0,7,19.62303655892494,121.3276221369556,pobre,basal,2,625.0,603.0,1.0,35.0,7,387,458,1,1.0
98,0.0,0.0,3.9430001,1.0,2.0,7,19.62303655892494,121.3276221369556,pobre,basal,2,625.0,603.0,1.0,35.0,8,387,458,1,1.0
97,0.0,1.0,3.9430001,0.0,4.0,8,19.62303655892494,121.3276221369556,no pobre,basal,3,1000.0,989.0,1.0,42.0,16,387,459,4,0.0
98,0.0,1.0,3.9430001,,,8,19.62303655892494,121.3276221369556,no pobre,basal,3,1000.0,989.0,1.0,42.0,17,387,459,4,0.0
97,1.0,1.0,3.9430001,1.0,6.0,8,19.62303655892494,121.3276221369556,no pobre,basal,3,1000.0,989.0,1.0,42.0,14,387,460,6,1.0
98,1.0,1.0,3.9430001,1.0,7.0,8,19.62303655892494,121.3276221369556,no pobre,basal,3,1000.0,989.0,1.0,42.0,15,387,460,6,1.0
97,0.0,1.0,3.9430001,1.0,4.0,8,19.62303655892494,121.3276221369556,no pobre,basal,3,1000.0,989.0,1.0,42.0,12,387,461,4,1.0
98,0.0,1.0,3.9430001,1.0,5.0,8,19.62303655892494,121.3276221369556,no pobre,basal,3,1000.0,989.0,1.0,42.0,13,387,461,4,1.0
97,0.0,1.0,3.9430001,1.0,2.0,8,19.62303655892494,121.3276221369556,no pobre,basal,3,1000.0,989.0,1.0,42.0,8,387,462,2,1.0
98,0.0,1.0,3.9430001,1.0,3.0,8,19.62303655892494,121.3276221369556,no pobre,basal,3,1000.0,989.0,1.0,42.0,9,387,462,2,1.0
97,0.0,1.0,3.9430001,1.0,6.0,9,19.62303655892494,121.3276221369556,pobre,basal,2,500.0,568.0,1.0,33.0,15,387,463,6,1.0
98,0.0,1.0,3.9430001,1.0,7.0,9,19.62303655892494,121.3276221369556,pobre,basal,2,500.0,568.0,1.0,33.0,16,387,463,6,1.0
97,0.0,1.0,3.9430001,1.0,5.0,9,19.62303655892494,121.3276221369556,pobre,basal,2,500.0,568.0,1.0,33.0,13,387,464,5,1.0
98,0.0,1.0,3.9430001,1.0,5.0,9,19.62303655892494,121.3276221369556,pobre,basal,2,500.0,568.0,1.0,33.0,14,387,464,5,1.0
97,0.0,1.0,3.9430001,1.0,4.0,9,19.62303655892494,121.3276221369556,pobre,basal,2,500.0,568.0,1.0,33.0,10,387,465,4,1.0
98,0.0,1.0,3.9430001,1.0,4.0,9,19.62303655892494,121.3276221369556,pobre,basal,2,500.0,568.0,1.0,33.0,11,387,465,4,1.0
97,1.0,1.0,3.9430001,1.0,4.0,9,19.62303655892494,121.3276221369556,pobre,basal,2,500.0,568.0,1.0,33.0,9,387,466,4,1.0
98,1.0,1.0,3.9430001,1.0,4.0,9,19.62303655892494,121.3276221369556,pobre,basal,2,500.0,568.0,1.0,33.0,10,387,466,4,1.0
97,1.0,1.0,3.9430001,1.0,1.0,9,19.62303655892494,121.3276221369556,pobre,basal,2,500.0,568.0,1.0,33.0,6,387,467,1,1.0
98,1.0,1.0,3.9430001,1.0,1.0,9,19.62303655892494,121.3276221369556,pobre,basal,2,500.0,568.0,1.0,33.0,7,387,467,1,1.0
97,0.0,1.0,3.9430001,,0.0,5,19.62303655892494,121.3276221369556,pobre,basal,0,250.0,663.0,1.0,51.0,14,387,468,0,
98,0.0,1.0,3.9430001,,,5,19.62303655892494,121.3276221369556,pobre,basal,0,250.0,663.0,1.0,51.0,15,387,468,0,
97,0.0,1.0,3.9430001,,0.0,5,19.62303655892494,121.3276221369556,pobre,basal,0,250.0,663.0,1.0,51.0,12,387,469,0,
98,0.0,1.0,3.9430001,,,5,19.62303655892494,121.3276221369556,pobre,basal,0,250.0,663.0,1.0,51.0,13,387,469,0,
97,1.0,1.0,3.9430001,1.0,1.0,5,19.62303655892494,121.3276221369556,pobre,basal,0,250.0,663.0,1.0,51.0,8,387,470,1,1.0
98,1.0,1.0,3.9430001,1.0,1.0,5,19.62303655892494,121.3276221369556,pobre,basal,0,250.0,663.0,1.0,51.0,9,387,470,1,1.0
97,0.0,1.0,3.9430001,0.0,3.0,4,19.62303655892494,121.3276221369556,pobre,basal,2,250.0,711.0,1.0,18.0,16,387,471,3,0.0
98,0.0,1.0,3.9430001,,,4,19.62303655892494,121.3276221369556,pobre,basal,2,250.0,711.0,1.0,18.0,17,387,471,3,0.0
97,0.0,1.0,3.9430001,,0.0,4,19.62303655892494,121.3276221369556,pobre,basal,2,250.0,711.0,1.0,18.0,15,387,472,0,
98,0.0,1.0,3.9430001,,,4,19.62303655892494,121.3276221369556,pobre,basal,2,250.0,711.0,1.0,18.0,16,387,472,0,
97,1.0,1.0,3.9430001,1.0,1.0,4,19.62303655892494,121.3276221369556,pobre,basal,2,250.0,711.0,1.0,18.0,12,387,473,1,1.0
98,1.0,1.0,3.9430001,1.0,2.0,4,19.62303655892494,121.3276221369556,pobre,basal,2,250.0,711.0,1.0,18.0,13,387,473,1,1.0
97,1.0,1.0,3.9430001,0.0,3.0,7,19.62303655892494,121.3276221369556,pobre,basal,2,300.0,539.0,1.0,32.0,15,387,474,3,0.0
98,1.0,1.0,3.9430001,,,7,19.62303655892494,121.3276221369556,pobre,basal,2,300.0,539.0,1.0,32.0,16,387,474,3,0.0
97,1.0,1.0,3.9430001,1.0,3.0,7,19.62303655892494,121.3276221369556,pobre,basal,2,300.0,539.0,1.0,32.0,13,387,475,3,1.0
98,1.0,1.0,3.9430001,1.0,4.0,7,19.62303655892494,121.3276221369556,pobre,basal,2,300.0,539.0,1.0,32.0,14,387,475,3,1.0
97,0.0,1.0,3.9430001,1.0,2.0,7,19.62303655892494,121.3276221369556,pobre,basal,2,300.0,539.0,1.0,32.0,9,387,476,2,1.0
98,0.0,1.0,3.9430001,1.0,3.0,7,19.62303655892494,121.3276221369556,pobre,basal,2,300.0,539.0,1.0,32.0,10,387,476,2,1.0
97,1.0,1.0,3.9430001,1.0,1.0,7,19.62303655892494,121.3276221369556,pobre,basal,2,300.0,539.0,1.0,32.0,6,387,477,1,1.0
98,1.0,1.0,3.9430001,1.0,2.0,7,19.62303655892494,121.3276221369556,pobre,basal,2,300.0,539.0,1.0,32.0,7,387,477,1,1.0
97,0.0,1.0,3.9430001,,0.0,6,19.62303655892494,121.3276221369556,pobre,basal,0,250.0,524.0,0.0,38.0,15,387,478,0,
98,0.0,1.0,3.9430001,,,6,19.62303655892494,121.3276221369556,pobre,basal,0,250.0,524.0,0.0,38.0,16,387,478,0,
97,1.0,1.0,3.9430001,1.0,2.0,6,19.62303655892494,121.3276221369556,pobre,basal,0,250.0,524.0,0.0,38.0,12,387,479,2,1.0
98,1.0,1.0,3.9430001,1.0,3.0,6,19.62303655892494,121.3276221369556,pobre,basal,0,250.0,524.0,0.0,38.0,13,387,479,2,1.0
97,0.0,1.0,3.9430001,1.0,1.0,6,19.62303655892494,121.3276221369556,pobre,basal,0,250.0,524.0,0.0,38.0,11,387,480,1,1.0
98,0.0,1.0,3.9430001,1.0,2.0,6,19.62303655892494,121.3276221369556,pobre,basal,0,250.0,524.0,0.0,38.0,12,387,480,1,1.0
97,0.0,1.0,3.9430001,1.0,1.0,6,19.62303655892494,121.3276221369556,pobre,basal,0,250.0,524.0,0.0,38.0,6,387,481,1,1.0
98,0.0,1.0,3.9430001,1.0,2.0,6,19.62303655892494,121.3276221369556,pobre,basal,0,250.0,524.0,0.0,38.0,7,387,481,1,1.0
97,1.0,1.0,3.9430001,0.0,4.0,5,19.62303655892494,121.3276221369556,pobre,basal,1,300.0,710.0,1.0,52.0,13,387,482,4,0.0
98,1.0,1.0,3.9430001,,,5,19.62303655892494,121.3276221369556,pobre,basal,1,300.0,710.0,1.0,52.0,14,387,482,4,0.0
97,0.0,1.0,3.9430001,1.0,4.0,5,19.62303655892494,121.3276221369556,pobre,basal,1,300.0,710.0,1.0,52.0,12,387,483,4,1.0
98,0.0,1.0,3.9430001,1.0,4.0,5,19.62303655892494,121.3276221369556,pobre,basal,1,300.0,710.0,1.0,52.0,13,387,483,4,1.0
97,1.0,1.0,3.9430001,1.0,5.0,6,19.62303655892494,121.3276221369556,pobre,basal,0,250.0,652.0,1.0,49.0,12,387,484,5,1.0
98,1.0,1.0,3.9430001,1.0,6.0,6,19.62303655892494,121.3276221369556,pobre,basal,0,250.0,652.0,1.0,49.0,13,387,484,5,1.0
97,0.0,0.0,3.9430001,1.0,8.0,11,19.62303655892494,121.3276221369556,no pobre,basal,2,300.0,576.0,1.0,37.0,16,387,485,8,1.0
98,0.0,0.0,3.9430001,,,11,19.62303655892494,121.3276221369556,no pobre,basal,2,300.0,576.0,1.0,37.0,17,387,485,8,1.0
97,0.0,0.0,3.9430001,1.0,7.0,11,19.62303655892494,121.3276221369556,no pobre,basal,2,300.0,576.0,1.0,37.0,16,387,486,7,1.0
98,0.0,0.0,3.9430001,,,11,19.62303655892494,121.3276221369556,no pobre,basal,2,300.0,576.0,1.0,37.0,17,387,486,7,1.0
97,1.0,0.0,3.9430001,1.0,6.0,11,19.62303655892494,121.3276221369556,no pobre,basal,2,300.0,576.0,1.0,37.0,13,387,487,6,1.0
98,1.0,0.0,3.9430001,1.0,7.0,11,19.62303655892494,121.3276221369556,no pobre,basal,2,300.0,576.0,1.0,37.0,14,387,487,6,1.0
97,0.0,0.0,3.9430001,1.0,5.0,11,19.62303655892494,121.3276221369556,no pobre,basal,2,300.0,576.0,1.0,37.0,11,387,488,5,1.0
98,0.0,0.0,3.9430001,1.0,6.0,11,19.62303655892494,121.3276221369556,no pobre,basal,2,300.0,576.0,1.0,37.0,12,387,488,5,1.0
97,1.0,0.0,3.9430001,1.0,3.0,11,19.62303655892494,121.3276221369556,no pobre,basal,2,300.0,576.0,1.0,37.0,9,387,489,3,1.0
98,1.0,0.0,3.9430001,1.0,4.0,11,19.62303655892494,121.3276221369556,no pobre,basal,2,300.0,576.0,1.0,37.0,10,387,489,3,1.0
97,1.0,0.0,3.9430001,1.0,1.0,11,19.62303655892494,121.3276221369556,no pobre,basal,2,300.0,576.0,1.0,37.0,7,387,490,1,1.0
98,1.0,0.0,3.9430001,1.0,2.0,11,19.62303655892494,121.3276221369556,no pobre,basal,2,300.0,576.0,1.0,37.0,8,387,490,1,1.0
97,0.0,1.0,3.9430001,1.0,4.0,7,19.62303655892494,121.3276221369556,pobre,basal,1,250.0,770.5,1.0,47.0,9,387,491,4,1.0
98,0.0,1.0,3.9430001,1.0,4.0,7,19.62303655892494,121.3276221369556,pobre,basal,1,250.0,770.5,1.0,47.0,10,387,491,4,1.0
97,1.0,1.0,3.9430001,1.0,1.0,7,19.62303655892494,121.3276221369556,pobre,basal,1,250.0,770.5,1.0,47.0,7,387,492,1,1.0
98,1.0,1.0,3.9430001,1.0,2.0,7,19.62303655892494,121.3276221369556,pobre,basal,1,250.0,770.5,1.0,47.0,8,387,492,1,1.0
97,0.0,1.0,3.9430001,1.0,0.0,6,19.62303655892494,121.3276221369556,pobre,basal,3,250.0,608.0,1.0,31.0,6,387,493,0,1.0
98,0.0,1.0,3.9430001,1.0,0.0,6,19.62303655892494,121.3276221369556,pobre,basal,3,250.0,608.0,1.0,31.0,7,387,493,0,1.0
97,0.0,1.0,3.9430001,,0.0,8,19.62303655892494,121.3276221369556,pobre,basal,0,375.0,539.0,1.0,30.0,10,387,494,0,
98,0.0,1.0,3.9430001,0.0,1.0,8,19.62303655892494,121.3276221369556,pobre,basal,0,375.0,539.0,1.0,30.0,11,387,494,0,
97,0.0,1.0,3.9430001,,0.0,8,19.62303655892494,121.3276221369556,pobre,basal,0,375.0,539.0,1.0,30.0,9,387,495,0,
98,0.0,1.0,3.9430001,1.0,0.0,8,19.62303655892494,121.3276221369556,pobre,basal,0,375.0,539.0,1.0,30.0,10,387,495,0,
97,1.0,1.0,3.9430001,,0.0,8,19.62303655892494,121.3276221369556,pobre,basal,0,375.0,539.0,1.0,30.0,7,387,496,0,
98,1.0,1.0,3.9430001,1.0,0.0,8,19.62303655892494,121.3276221369556,pobre,basal,0,375.0,539.0,1.0,30.0,8,387,496,0,
97,0.0,1.0,3.9430001,,0.0,4,19.62303655892494,121.3276221369556,pobre,basal,0,375.0,678.0,1.0,26.0,7,387,497,0,
98,0.0,1.0,3.9430001,1.0,1.0,4,19.62303655892494,121.3276221369556,pobre,basal,0,375.0,678.0,1.0,26.0,8,387,497,0,
97,1.0,1.0,3.9430001,1.0,2.0,10,19.62303655892494,121.3276221369556,pobre,basal,0,300.0,722.0,1.0,44.0,13,387,498,2,1.0
98,1.0,1.0,3.9430001,1.0,5.0,10,19.62303655892494,121.3276221369556,pobre,basal,0,300.0,722.0,1.0,44.0,14,387,498,2,1.0
97,1.0,1.0,3.9430001,1.0,1.0,10,19.62303655892494,121.3276221369556,pobre,basal,0,300.0,722.0,1.0,44.0,7,387,499,1,1.0
98,1.0,1.0,3.9430001,1.0,1.0,10,19.62303655892494,121.3276221369556,pobre,basal,0,300.0,722.0,1.0,44.0,8,387,499,1,1.0
97,0.0,1.0,3.9430001,,0.0,3,19.62303655892494,121.3276221369556,pobre,basal,0,375.0,719.45001,1.0,57.0,6,387,500,0,
98,0.0,1.0,3.9430001,,,3,19.62303655892494,121.3276221369556,pobre,basal,0,375.0,719.45001,1.0,57.0,7,387,500,0,
97,0.0,1.0,3.9430001,,0.0,9,19.62303655892494,121.3276221369556,pobre,basal,0,375.0,650.0,1.0,33.0,15,387,501,0,
98,0.0,1.0,3.9430001,,,9,19.62303655892494,121.3276221369556,pobre,basal,0,375.0,650.0,1.0,33.0,16,387,501,0,
97,1.0,1.0,3.9430001,1.0,1.0,9,19.62303655892494,121.3276221369556,pobre,basal,0,375.0,650.0,1.0,33.0,12,387,502,1,1.0
98,1.0,1.0,3.9430001,,,9,19.62303655892494,121.3276221369556,pobre,basal,0,375.0,650.0,1.0,33.0,13,387,502,1,1.0
97,1.0,1.0,3.9430001,,0.0,9,19.62303655892494,121.3276221369556,pobre,basal,0,375.0,650.0,1.0,33.0,9,387,503,0,
98,1.0,1.0,3.9430001,,,9,19.62303655892494,121.3276221369556,pobre,basal,0,375.0,650.0,1.0,33.0,10,387,503,0,
97,1.0,1.0,3.9430001,1.0,1.0,9,19.62303655892494,121.3276221369556,pobre,basal,0,375.0,650.0,1.0,33.0,7,387,504,1,1.0
98,1.0,1.0,3.9430001,,,9,19.62303655892494,121.3276221369556,pobre,basal,0,375.0,650.0,1.0,33.0,8,387,504,1,1.0
97,0.0,1.0,3.9430001,1.0,6.0,12,19.62303655892494,121.3276221369556,pobre,basal,1,300.0,741.0,1.0,48.0,13,387,505,6,1.0
98,0.0,1.0,3.9430001,1.0,6.0,12,19.62303655892494,121.3276221369556,pobre,basal,1,300.0,741.0,1.0,48.0,14,387,505,6,1.0
97,0.0,1.0,3.9430001,1.0,5.0,12,19.62303655892494,121.3276221369556,pobre,basal,1,300.0,741.0,1.0,48.0,10,387,506,5,1.0
98,0.0,1.0,3.9430001,1.0,5.0,12,19.62303655892494,121.3276221369556,pobre,basal,1,300.0,741.0,1.0,48.0,11,387,506,5,1.0
97,0.0,1.0,3.9430001,1.0,2.0,12,19.62303655892494,121.3276221369556,pobre,basal,1,300.0,741.0,1.0,48.0,7,387,507,2,1.0
98,0.0,1.0,3.9430001,1.0,1.0,12,19.62303655892494,121.3276221369556,pobre,basal,1,300.0,741.0,1.0,48.0,8,387,507,2,1.0
97,1.0,1.0,3.9430001,1.0,6.0,8,19.62303655892494,121.3276221369556,pobre,basal,0,375.0,719.0,1.0,48.0,13,387,508,6,1.0
98,1.0,1.0,3.9430001,1.0,7.0,8,19.62303655892494,121.3276221369556,pobre,basal,0,375.0,719.0,1.0,48.0,14,387,508,6,1.0
97,0.0,1.0,3.9430001,1.0,0.0,8,19.62303655892494,121.3276221369556,pobre,basal,0,375.0,719.0,1.0,48.0,6,387,509,0,1.0
98,0.0,1.0,3.9430001,1.0,1.0,8,19.62303655892494,121.3276221369556,pobre,basal,0,375.0,719.0,1.0,48.0,7,387,509,0,1.0
97,0.0,1.0,3.9430001,1.0,0.0,8,19.62303655892494,121.3276221369556,pobre,basal,0,375.0,719.0,1.0,48.0,6,387,510,0,1.0
98,0.0,1.0,3.9430001,1.0,1.0,8,19.62303655892494,121.3276221369556,pobre,basal,0,375.0,719.0,1.0,48.0,7,387,510,0,1.0
97,0.0,1.0,3.9430001,1.0,5.0,7,19.62303655892494,121.3276221369556,pobre,basal,0,250.0,712.0,1.0,46.0,14,387,511,5,1.0
98,0.0,1.0,3.9430001,1.0,6.0,7,19.62303655892494,121.3276221369556,pobre,basal,0,250.0,712.0,1.0,46.0,15,387,511,5,1.0
97,0.0,1.0,3.9430001,0.0,6.0,6,19.62303655892494,121.3276221369556,pobre,basal,2,0.0,657.0,1.0,46.0,16,387,512,6,0.0
98,0.0,1.0,3.9430001,,,6,19.62303655892494,121.3276221369556,pobre,basal,2,0.0,657.0,1.0,46.0,17,387,512,6,0.0
97,1.0,1.0,3.9430001,1.0,4.0,6,19.62303655892494,121.3276221369556,pobre,basal,2,0.0,657.0,1.0,46.0,12,387,513,4,1.0
98,1.0,1.0,3.9430001,1.0,4.0,6,19.62303655892494,121.3276221369556,pobre,basal,2,0.0,657.0,1.0,46.0,13,387,513,4,1.0
97,1.0,1.0,3.9430001,1.0,2.0,9,19.62303655892494,121.3276221369556,pobre,basal,2,0.0,509.0,1.0,38.0,8,387,514,2,1.0
98,1.0,1.0,3.9430001,1.0,2.0,9,19.62303655892494,121.3276221369556,pobre,basal,2,0.0,509.0,1.0,38.0,9,387,514,2,1.0
97,1.0,1.0,3.9430001,0.0,2.0,6,19.62303655892494,121.3276221369556,pobre,basal,2,250.0,658.0,1.0,41.0,14,387,515,2,0.0
98,1.0,1.0,3.9430001,0.0,2.0,6,19.62303655892494,121.3276221369556,pobre,basal,2,250.0,658.0,1.0,41.0,15,387,515,2,0.0
97,1.0,1.0,3.9430001,1.0,4.0,6,19.62303655892494,121.3276221369556,pobre,basal,2,250.0,658.0,1.0,41.0,11,387,516,4,1.0
98,1.0,1.0,3.9430001,0.0,5.0,6,19.62303655892494,121.3276221369556,pobre,basal,2,250.0,658.0,1.0,41.0,12,387,516,4,1.0
97,0.0,1.0,3.9430001,,0.0,5,19.62303655892494,121.3276221369556,pobre,basal,0,0.0,706.0,0.0,39.0,16,387,517,0,
98,0.0,1.0,3.9430001,,,5,19.62303655892494,121.3276221369556,pobre,basal,0,0.0,706.0,0.0,39.0,17,387,517,0,
97,1.0,1.0,3.9430001,0.0,6.0,5,19.62303655892494,121.3276221369556,pobre,basal,0,0.0,706.0,0.0,39.0,15,387,518,6,0.0
98,1.0,1.0,3.9430001,0.0,6.0,5,19.62303655892494,121.3276221369556,pobre,basal,0,0.0,706.0,0.0,39.0,16,387,518,6,0.0
97,0.0,1.0,3.9430001,1.0,4.0,8,19.62303655892494,121.3276221369556,pobre,basal,2,500.0,568.0,1.0,29.0,10,387,519,4,1.0
98,0.0,1.0,3.9430001,1.0,4.0,8,19.62303655892494,121.3276221369556,pobre,basal,2,500.0,568.0,1.0,29.0,11,387,519,4,1.0
97,0.0,1.0,3.9430001,1.0,3.0,8,19.62303655892494,121.3276221369556,pobre,basal,2,500.0,568.0,1.0,29.0,8,387,520,3,1.0
98,0.0,1.0,3.9430001,1.0,3.0,8,19.62303655892494,121.3276221369556,pobre,basal,2,500.0,568.0,1.0,29.0,9,387,520,3,1.0
97,0.0,1.0,3.9430001,1.0,0.0,8,19.62303655892494,121.3276221369556,pobre,basal,2,500.0,568.0,1.0,29.0,6,387,521,0,1.0
98,0.0,1.0,3.9430001,1.0,0.0,8,19.62303655892494,121.3276221369556,pobre,basal,2,500.0,568.0,1.0,29.0,7,387,521,0,1.0
97,0.0,1.0,3.9430001,1.0,6.0,9,19.62303655892494,121.3276221369556,pobre,basal,4,0.0,584.0,1.0,31.0,14,387,522,6,1.0
98,0.0,1.0,3.9430001,1.0,7.0,9,19.62303655892494,121.3276221369556,pobre,basal,4,0.0,584.0,1.0,31.0,15,387,522,6,1.0
97,1.0,1.0,3.9430001,1.0,5.0,9,19.62303655892494,121.3276221369556,pobre,basal,4,0.0,584.0,1.0,31.0,12,387,523,5,1.0
98,1.0,1.0,3.9430001,1.0,5.0,9,19.62303655892494,121.3276221369556,pobre,basal,4,0.0,584.0,1.0,31.0,13,387,523,5,1.0
97,1.0,1.0,3.9430001,1.0,3.0,9,19.62303655892494,121.3276221369556,pobre,basal,4,0.0,584.0,1.0,31.0,9,387,524,3,1.0
98,1.0,1.0,3.9430001,1.0,3.0,9,19.62303655892494,121.3276221369556,pobre,basal,4,0.0,584.0,1.0,31.0,10,387,524,3,1.0
97,0.0,1.0,3.9430001,1.0,1.0,9,19.62303655892494,121.3276221369556,pobre,basal,4,0.0,584.0,1.0,31.0,6,387,525,1,1.0
98,0.0,1.0,3.9430001,1.0,1.0,9,19.62303655892494,121.3276221369556,pobre,basal,4,0.0,584.0,1.0,31.0,7,387,525,1,1.0
97,1.0,1.0,3.9430001,,0.0,4,19.62303655892494,121.3276221369556,pobre,basal,2,250.0,641.45001,1.0,34.0,13,387,526,0,
98,1.0,1.0,3.9430001,0.0,3.0,4,19.62303655892494,121.3276221369556,pobre,basal,2,250.0,641.45001,1.0,34.0,14,387,526,0,
97,0.0,1.0,3.9430001,1.0,6.0,4,19.62303655892494,121.3276221369556,pobre,basal,0,0.0,707.0,1.0,52.0,12,387,527,6,1.0
98,0.0,1.0,3.9430001,,,4,19.62303655892494,121.3276221369556,pobre,basal,0,0.0,707.0,1.0,52.0,13,387,527,6,1.0
97,0.0,1.0,3.9430001,1.0,3.0,4,19.62303655892494,121.3276221369556,no pobre,basal,1,500.0,811.0,1.0,38.0,8,387,528,3,1.0
98,0.0,1.0,3.9430001,,,4,19.62303655892494,121.3276221369556,no pobre,basal,1,500.0,811.0,1.0,38.0,9,387,528,3,1.0
97,0.0,1.0,3.9430001,1.0,2.0,7,19.62303655892494,121.3276221369556,pobre,basal,2,250.0,733.0,1.0,26.0,7,387,529,2,1.0
98,0.0,1.0,3.9430001,1.0,3.0,7,19.62303655892494,121.3276221369556,pobre,basal,2,250.0,733.0,1.0,26.0,8,387,529,2,1.0
97,0.0,1.0,3.9430001,1.0,1.0,7,19.62303655892494,121.3276221369556,pobre,basal,2,0.0,605.0,1.0,44.0,9,387,530,1,1.0
98,0.0,1.0,3.9430001,1.0,2.0,7,19.62303655892494,121.3276221369556,pobre,basal,2,0.0,605.0,1.0,44.0,10,387,530,1,1.0
97,1.0,1.0,3.9430001,1.0,3.0,7,19.62303655892494,121.3276221369556,pobre,basal,2,0.0,605.0,1.0,44.0,13,387,531,3,1.0
98,1.0,1.0,3.9430001,1.0,4.0,7,19.62303655892494,121.3276221369556,pobre,basal,2,0.0,605.0,1.0,44.0,14,387,531,3,1.0
97,0.0,1.0,3.9430001,1.0,3.0,8,19.62303655892494,121.3276221369556,pobre,basal,1,0.0,531.0,1.0,38.0,13,387,532,3,1.0
98,0.0,1.0,3.9430001,1.0,4.0,8,19.62303655892494,121.3276221369556,pobre,basal,1,0.0,531.0,1.0,38.0,14,387,532,3,1.0
97,1.0,1.0,3.9430001,1.0,1.0,8,19.62303655892494,121.3276221369556,pobre,basal,1,0.0,531.0,1.0,38.0,13,387,533,1,1.0
98,1.0,1.0,3.9430001,,,8,19.62303655892494,121.3276221369556,pobre,basal,1,0.0,531.0,1.0,38.0,14,387,533,1,1.0
97,0.0,1.0,3.9430001,,0.0,8,19.62303655892494,121.3276221369556,pobre,basal,1,0.0,531.0,1.0,38.0,6,387,534,0,
98,0.0,1.0,3.9430001,1.0,3.0,8,19.62303655892494,121.3276221369556,pobre,basal,1,0.0,531.0,1.0,38.0,7,387,534,0,
97,1.0,1.0,3.9430001,,3.0,10,19.62303655892494,121.3276221369556,no pobre,basal,1,250.0,655.0,1.0,41.0,16,387,535,3,
98,1.0,1.0,3.9430001,,,10,19.62303655892494,121.3276221369556,no pobre,basal,1,250.0,655.0,1.0,41.0,17,387,535,3,
97,1.0,1.0,3.9430001,1.0,3.0,10,19.62303655892494,121.3276221369556,no pobre,basal,1,250.0,655.0,1.0,41.0,13,387,536,3,1.0
98,1.0,1.0,3.9430001,1.0,4.0,10,19.62303655892494,121.3276221369556,no pobre,basal,1,250.0,655.0,1.0,41.0,14,387,536,3,1.0
97,0.0,1.0,3.9430001,1.0,3.0,10,19.62303655892494,121.3276221369556,no pobre,basal,1,250.0,655.0,1.0,41.0,10,387,537,3,1.0
98,0.0,1.0,3.9430001,1.0,4.0,10,19.62303655892494,121.3276221369556,no pobre,basal,1,250.0,655.0,1.0,41.0,11,387,537,3,1.0
97,0.0,1.0,3.9430001,1.0,2.0,10,19.62303655892494,121.3276221369556,no pobre,basal,1,250.0,655.0,1.0,41.0,8,387,538,2,1.0
98,0.0,1.0,3.9430001,1.0,3.0,10,19.62303655892494,121.3276221369556,no pobre,basal,1,250.0,655.0,1.0,41.0,9,387,538,2,1.0
97,1.0,0.0,3.9430001,,0.0,8,19.62303655892494,121.3276221369556,pobre,basal,1,375.0,576.0,1.0,37.0,15,387,539,0,
98,1.0,0.0,3.9430001,,,8,19.62303655892494,121.3276221369556,pobre,basal,1,375.0,576.0,1.0,37.0,16,387,539,0,
97,1.0,1.0,3.9430001,0.0,4.0,8,19.62303655892494,121.3276221369556,pobre,basal,1,375.0,576.0,1.0,37.0,13,387,540,4,0.0
98,1.0,1.0,3.9430001,,,8,19.62303655892494,121.3276221369556,pobre,basal,1,375.0,576.0,1.0,37.0,14,387,540,4,0.0
97,1.0,1.0,3.9430001,1.0,4.0,8,19.62303655892494,121.3276221369556,pobre,basal,1,375.0,576.0,1.0,37.0,11,387,541,4,1.0
98,1.0,1.0,3.9430001,,,8,19.62303655892494,121.3276221369556,pobre,basal,1,375.0,576.0,1.0,37.0,12,387,541,4,1.0
97,1.0,1.0,3.9430001,1.0,1.0,8,19.62303655892494,121.3276221369556,pobre,basal,1,375.0,576.0,1.0,37.0,8,387,542,1,1.0
98,1.0,1.0,3.9430001,,,8,19.62303655892494,121.3276221369556,pobre,basal,1,375.0,576.0,1.0,37.0,9,387,542,1,1.0
97,0.0,1.0,3.9430001,1.0,0.0,5,19.62303655892494,121.3276221369556,pobre,basal,3,500.0,748.40002,1.0,98.0,6,387,543,0,1.0
98,0.0,1.0,3.9430001,1.0,1.0,5,19.62303655892494,121.3276221369556,pobre,basal,3,500.0,748.40002,1.0,98.0,7,387,543,0,1.0
97,1.0,1.0,3.9430001,0.0,0.0,5,19.62303655892494,121.3276221369556,pobre,basal,3,500.0,748.40002,1.0,98.0,11,387,544,0,0.0
98,1.0,1.0,3.9430001,0.0,6.0,5,19.62303655892494,121.3276221369556,pobre,basal,3,500.0,748.40002,1.0,98.0,12,387,544,0,0.0
97,0.0,1.0,3.9430001,0.0,4.0,5,19.62303655892494,121.3276221369556,pobre,basal,1,0.0,654.0,0.0,36.0,15,387,545,4,0.0
98,0.0,1.0,3.9430001,0.0,5.0,5,19.62303655892494,121.3276221369556,pobre,basal,1,0.0,654.0,0.0,36.0,16,387,545,4,0.0
97,1.0,1.0,3.9430001,1.0,3.0,5,19.62303655892494,121.3276221369556,pobre,basal,1,0.0,654.0,0.0,36.0,11,387,546,3,1.0
98,1.0,1.0,3.9430001,1.0,4.0,5,19.62303655892494,121.3276221369556,pobre,basal,1,0.0,654.0,0.0,36.0,12,387,546,3,1.0
97,0.0,1.0,3.9430001,0.0,2.0,6,19.62303655892494,121.3276221369556,pobre,basal,1,0.0,613.0,1.0,46.0,12,387,547,2,0.0
98,0.0,1.0,3.9430001,1.0,3.0,6,19.62303655892494,121.3276221369556,pobre,basal,1,0.0,613.0,1.0,46.0,13,387,547,2,0.0
97,1.0,1.0,3.9430001,1.0,1.0,6,19.62303655892494,121.3276221369556,pobre,basal,1,0.0,613.0,1.0,46.0,9,387,548,1,1.0
98,1.0,1.0,3.9430001,1.0,2.0,6,19.62303655892494,121.3276221369556,pobre,basal,1,0.0,613.0,1.0,46.0,10,387,548,1,1.0
97,1.0,1.0,3.9430001,,0.0,6,19.62303655892494,121.3276221369556,pobre,basal,1,0.0,613.0,1.0,46.0,6,387,549,0,
98,1.0,1.0,3.9430001,1.0,2.0,6,19.62303655892494,121.3276221369556,pobre,basal,1,0.0,613.0,1.0,46.0,7,387,549,0,
97,0.0,1.0,3.9430001,1.0,2.0,4,19.62303655892494,121.3276221369556,pobre,basal,9,250.0,719.0,0.0,33.0,8,387,550,2,1.0
98,0.0,1.0,3.9430001,1.0,3.0,4,19.62303655892494,121.3276221369556,pobre,basal,9,250.0,719.0,0.0,33.0,9,387,550,2,1.0
97,1.0,1.0,3.9430001,,0.0,4,19.62303655892494,121.3276221369556,pobre,basal,9,250.0,719.0,0.0,33.0,6,387,551,0,
98,1.0,1.0,3.9430001,1.0,1.0,4,19.62303655892494,121.3276221369556,pobre,basal,9,250.0,719.0,0.0,33.0,7,387,551,0,
97,1.0,1.0,3.9430001,1.0,3.0,6,19.62303655892494,121.3276221369556,pobre,basal,2,500.0,624.0,1.0,30.0,9,387,552,3,1.0
98,1.0,1.0,3.9430001,1.0,4.0,6,19.62303655892494,121.3276221369556,pobre,basal,2,500.0,624.0,1.0,30.0,10,387,552,3,1.0
97,1.0,0.0,3.9430001,0.0,6.0,7,19.62303655892494,121.3276221369556,pobre,basal,2,300.0,663.0,1.0,33.0,13,387,553,6,0.0
98,1.0,0.0,3.9430001,,,7,19.62303655892494,121.3276221369556,pobre,basal,2,300.0,663.0,1.0,33.0,14,387,553,6,0.0
97,0.0,1.0,3.9430001,,0.0,5,19.62303655892494,121.3276221369556,no pobre,basal,0,250.0,758.0,1.0,29.0,6,387,554,0,
98,0.0,1.0,3.9430001,1.0,2.0,5,19.62303655892494,121.3276221369556,no pobre,basal,0,250.0,758.0,1.0,29.0,7,387,554,0,
97,1.0,0.0,2.6930001,1.0,9.0,8,135.0456188163414,185.3608004078433,pobre,0,0,0.0,394.0,1.0,35.0,15,444,555,9,1.0
98,1.0,0.0,2.6930001,1.0,9.0,8,135.0456188163414,185.3608004078433,pobre,0,0,0.0,394.0,1.0,35.0,16,444,555,9,1.0
97,0.0,0.0,2.6930001,1.0,7.0,8,135.0456188163414,185.3608004078433,pobre,0,0,0.0,394.0,1.0,35.0,12,444,556,7,1.0
98,0.0,0.0,2.6930001,1.0,8.0,8,135.0456188163414,185.3608004078433,pobre,0,0,0.0,394.0,1.0,35.0,13,444,556,7,1.0
97,1.0,0.0,2.6930001,1.0,3.0,8,135.0456188163414,185.3608004078433,pobre,0,0,0.0,394.0,1.0,35.0,8,444,557,3,1.0
98,1.0,0.0,2.6930001,1.0,4.0,8,135.0456188163414,185.3608004078433,pobre,0,0,0.0,394.0,1.0,35.0,9,444,557,3,1.0
97,1.0,0.0,2.6930001,1.0,2.0,8,135.0456188163414,185.3608004078433,pobre,0,0,0.0,394.0,1.0,35.0,7,444,558,2,1.0
98,1.0,0.0,2.6930001,1.0,3.0,8,135.0456188163414,185.3608004078433,pobre,0,0,0.0,394.0,1.0,35.0,8,444,558,2,1.0
97,1.0,0.0,2.6930001,1.0,8.0,6,135.0456188163414,185.3608004078433,pobre,0,0,0.0,638.0,1.0,69.0,14,444,559,8,1.0
98,1.0,0.0,2.6930001,1.0,8.0,6,135.0456188163414,185.3608004078433,pobre,0,0,0.0,638.0,1.0,69.0,15,444,559,8,1.0
97,0.0,0.0,2.6930001,1.0,9.0,5,135.0456188163414,185.3608004078433,no pobre,0,0,0.0,812.66998,0.0,46.0,14,444,560,9,1.0
98,0.0,0.0,2.6930001,0.0,9.0,5,135.0456188163414,185.3608004078433,no pobre,0,0,0.0,812.66998,0.0,46.0,15,444,560,9,1.0
97,1.0,0.0,2.6930001,1.0,1.0,5,135.0456188163414,185.3608004078433,pobre,0,0,625.0,545.0,1.0,71.0,7,444,561,1,1.0
98,1.0,0.0,2.6930001,1.0,2.0,5,135.0456188163414,185.3608004078433,pobre,0,0,625.0,545.0,1.0,71.0,8,444,561,1,1.0
97,0.0,0.0,2.6930001,,0.0,4,135.0456188163414,185.3608004078433,pobre,0,6,625.0,557.0,1.0,23.0,15,444,562,0,
98,0.0,0.0,2.6930001,,,4,135.0456188163414,185.3608004078433,pobre,0,6,625.0,557.0,1.0,23.0,16,444,562,0,
97,1.0,1.0,2.6930001,1.0,1.0,4,135.0456188163414,185.3608004078433,pobre,0,6,625.0,557.0,1.0,23.0,11,444,563,1,1.0
98,1.0,1.0,2.6930001,,,4,135.0456188163414,185.3608004078433,pobre,0,6,625.0,557.0,1.0,23.0,12,444,563,1,1.0
97,1.0,1.0,2.6930001,1.0,2.0,7,135.0456188163414,185.3608004078433,pobre,0,0,625.0,691.5,1.0,80.0,14,444,564,2,1.0
98,1.0,1.0,2.6930001,,,7,135.0456188163414,185.3608004078433,pobre,0,0,625.0,691.5,1.0,80.0,15,444,564,2,1.0
97,1.0,0.0,2.6930001,1.0,4.0,7,135.0456188163414,185.3608004078433,pobre,0,0,625.0,691.5,1.0,80.0,8,444,565,4,1.0
98,1.0,0.0,2.6930001,,,7,135.0456188163414,185.3608004078433,pobre,0,0,625.0,691.5,1.0,80.0,9,444,565,4,1.0
97,1.0,0.0,2.6930001,1.0,3.0,4,135.0456188163414,185.3608004078433,pobre,0,12,625.0,823.0,1.0,34.0,8,444,566,3,1.0
98,1.0,0.0,2.6930001,1.0,4.0,4,135.0456188163414,185.3608004078433,pobre,0,12,625.0,823.0,1.0,34.0,9,444,566,3,1.0
97,1.0,1.0,2.6930001,1.0,1.0,5,135.0456188163414,185.3608004078433,pobre,0,6,680.0,535.0,1.0,30.0,7,444,567,1,1.0
98,1.0,1.0,2.6930001,1.0,2.0,5,135.0456188163414,185.3608004078433,pobre,0,6,680.0,535.0,1.0,30.0,8,444,567,1,1.0
97,1.0,1.0,2.6930001,1.0,9.0,3,135.0456188163414,185.3608004078433,pobre,0,0,0.0,660.0,0.0,54.0,13,444,568,9,1.0
98,1.0,1.0,2.6930001,1.0,4.0,3,135.0456188163414,185.3608004078433,pobre,0,0,0.0,660.0,0.0,54.0,14,444,568,9,1.0
97,0.0,0.0,2.6930001,1.0,11.0,9,135.0456188163414,185.3608004078433,pobre,0,2,0.0,409.0,1.0,50.0,16,444,569,11,1.0
98,0.0,0.0,2.6930001,,,9,135.0456188163414,185.3608004078433,pobre,0,2,0.0,409.0,1.0,50.0,17,444,569,11,1.0
97,0.0,0.0,2.6930001,1.0,0.0,9,135.0456188163414,185.3608004078433,pobre,0,2,0.0,409.0,1.0,50.0,14,444,570,0,1.0
98,0.0,0.0,2.6930001,1.0,7.0,9,135.0456188163414,185.3608004078433,pobre,0,2,0.0,409.0,1.0,50.0,15,444,570,0,1.0
97,1.0,0.0,2.6930001,1.0,6.0,9,135.0456188163414,185.3608004078433,pobre,0,2,0.0,409.0,1.0,50.0,12,444,571,6,1.0
98,1.0,0.0,2.6930001,1.0,7.0,9,135.0456188163414,185.3608004078433,pobre,0,2,0.0,409.0,1.0,50.0,13,444,571,6,1.0
97,1.0,0.0,2.6930001,1.0,4.0,6,135.0456188163414,185.3608004078433,pobre,0,3,840.0,780.0,1.0,50.0,8,444,572,4,1.0
98,1.0,0.0,2.6930001,,,6,135.0456188163414,185.3608004078433,pobre,0,3,840.0,780.0,1.0,50.0,9,444,572,4,1.0
97,1.0,0.0,2.6930001,1.0,3.0,2,135.0456188163414,185.3608004078433,pobre,0,1,625.0,687.0,1.0,54.0,8,444,573,3,1.0
98,1.0,0.0,2.6930001,,,2,135.0456188163414,185.3608004078433,pobre,0,1,625.0,687.0,1.0,54.0,9,444,573,3,1.0
97,0.0,0.0,2.6930001,0.0,6.0,9,135.0456188163414,185.3608004078433,pobre,0,2,625.0,612.5,1.0,37.0,15,444,574,6,0.0
98,0.0,0.0,2.6930001,,,9,135.0456188163414,185.3608004078433,pobre,0,2,625.0,612.5,1.0,37.0,16,444,574,6,0.0
97,0.0,0.0,2.6930001,0.0,6.0,9,135.0456188163414,185.3608004078433,pobre,0,2,625.0,612.5,1.0,37.0,14,444,575,6,0.0
98,0.0,0.0,2.6930001,0.0,6.0,9,135.0456188163414,185.3608004078433,pobre,0,2,625.0,612.5,1.0,37.0,15,444,575,6,0.0
97,1.0,0.0,2.6930001,1.0,4.0,9,135.0456188163414,185.3608004078433,pobre,0,2,625.0,612.5,1.0,37.0,12,444,576,4,1.0
98,1.0,0.0,2.6930001,1.0,5.0,9,135.0456188163414,185.3608004078433,pobre,0,2,625.0,612.5,1.0,37.0,13,444,576,4,1.0
97,0.0,0.0,2.6930001,1.0,3.0,9,135.0456188163414,185.3608004078433,pobre,0,2,625.0,612.5,1.0,37.0,9,444,577,3,1.0
98,0.0,0.0,2.6930001,1.0,4.0,9,135.0456188163414,185.3608004078433,pobre,0,2,625.0,612.5,1.0,37.0,10,444,577,3,1.0
97,1.0,0.0,2.6930001,1.0,1.0,9,135.0456188163414,185.3608004078433,pobre,0,2,625.0,612.5,1.0,37.0,7,444,578,1,1.0
98,1.0,0.0,2.6930001,1.0,2.0,9,135.0456188163414,185.3608004078433,pobre,0,2,625.0,612.5,1.0,37.0,8,444,578,1,1.0
97,1.0,0.0,2.6930001,1.0,7.0,6,135.0456188163414,185.3608004078433,pobre,0,0,625.0,608.16998,1.0,58.0,16,444,579,7,1.0
98,1.0,0.0,2.6930001,,,6,135.0456188163414,185.3608004078433,pobre,0,0,625.0,608.16998,1.0,58.0,17,444,579,7,1.0
97,1.0,0.0,2.6930001,1.0,6.0,6,135.0456188163414,185.3608004078433,pobre,0,0,625.0,608.16998,1.0,58.0,13,444,580,6,1.0
98,1.0,0.0,2.6930001,1.0,7.0,6,135.0456188163414,185.3608004078433,pobre,0,0,625.0,608.16998,1.0,58.0,14,444,580,6,1.0
97,1.0,0.0,2.6930001,1.0,4.0,6,135.0456188163414,185.3608004078433,pobre,0,0,625.0,608.16998,1.0,58.0,10,444,581,4,1.0
98,1.0,0.0,2.6930001,1.0,5.0,6,135.0456188163414,185.3608004078433,pobre,0,0,625.0,608.16998,1.0,58.0,11,444,581,4,1.0
97,1.0,0.0,2.6930001,1.0,6.0,5,135.0456188163414,185.3608004078433,pobre,0,4,625.0,756.5,1.0,40.0,14,444,582,6,1.0
98,1.0,0.0,2.6930001,1.0,7.0,5,135.0456188163414,185.3608004078433,pobre,0,4,625.0,756.5,1.0,40.0,15,444,582,6,1.0
97,0.0,0.0,2.6930001,1.0,4.0,5,135.0456188163414,185.3608004078433,pobre,0,4,625.0,756.5,1.0,40.0,13,444,583,4,1.0
98,0.0,0.0,2.6930001,1.0,5.0,5,135.0456188163414,185.3608004078433,pobre,0,4,625.0,756.5,1.0,40.0,14,444,583,4,1.0
97,1.0,0.0,2.6930001,1.0,3.0,5,135.0456188163414,185.3608004078433,pobre,0,4,625.0,756.5,1.0,40.0,10,444,584,3,1.0
98,1.0,0.0,2.6930001,1.0,4.0,5,135.0456188163414,185.3608004078433,pobre,0,4,625.0,756.5,1.0,40.0,11,444,584,3,1.0
97,1.0,0.0,2.6930001,1.0,6.0,6,135.0456188163414,185.3608004078433,pobre,0,4,625.0,739.5,1.0,40.0,14,444,585,6,1.0
98,1.0,0.0,2.6930001,1.0,7.0,6,135.0456188163414,185.3608004078433,pobre,0,4,625.0,739.5,1.0,40.0,15,444,585,6,1.0
97,0.0,0.0,2.6930001,1.0,6.0,6,135.0456188163414,185.3608004078433,pobre,0,4,625.0,739.5,1.0,40.0,12,444,586,6,1.0
98,0.0,0.0,2.6930001,1.0,7.0,6,135.0456188163414,185.3608004078433,pobre,0,4,625.0,739.5,1.0,40.0,13,444,586,6,1.0
97,1.0,0.0,2.6930001,1.0,4.0,6,135.0456188163414,185.3608004078433,pobre,0,4,625.0,739.5,1.0,40.0,10,444,587,4,1.0
98,1.0,0.0,2.6930001,1.0,5.0,6,135.0456188163414,185.3608004078433,pobre,0,4,625.0,739.5,1.0,40.0,11,444,587,4,1.0
97,1.0,0.0,2.6930001,1.0,8.0,6,135.0456188163414,185.3608004078433,pobre,0,0,0.0,602.0,1.0,50.0,13,444,588,8,1.0
98,1.0,0.0,2.6930001,1.0,8.0,6,135.0456188163414,185.3608004078433,pobre,0,0,0.0,602.0,1.0,50.0,14,444,588,8,1.0
97,1.0,0.0,2.6930001,1.0,5.0,6,135.0456188163414,185.3608004078433,pobre,0,0,0.0,602.0,1.0,50.0,10,444,589,5,1.0
98,1.0,0.0,2.6930001,1.0,5.0,6,135.0456188163414,185.3608004078433,pobre,0,0,0.0,602.0,1.0,50.0,11,444,589,5,1.0
97,0.0,0.0,2.6930001,0.0,9.0,6,135.0456188163414,185.3608004078433,pobre,0,0,0.0,602.0,1.0,50.0,14,444,590,9,0.0
98,0.0,0.0,2.6930001,0.0,9.0,6,135.0456188163414,185.3608004078433,pobre,0,0,0.0,602.0,1.0,50.0,15,444,590,9,0.0
97,1.0,0.0,2.6930001,1.0,3.0,6,135.0456188163414,185.3608004078433,pobre,0,0,0.0,602.0,1.0,50.0,8,444,591,3,1.0
98,1.0,0.0,2.6930001,1.0,3.0,6,135.0456188163414,185.3608004078433,pobre,0,0,0.0,602.0,1.0,50.0,9,444,591,3,1.0
97,1.0,1.0,2.6930001,1.0,9.0,8,135.0456188163414,185.3608004078433,pobre,0,3,0.0,667.0,1.0,49.0,14,444,592,9,1.0
98,1.0,1.0,2.6930001,,,8,135.0456188163414,185.3608004078433,pobre,0,3,0.0,667.0,1.0,49.0,15,444,592,9,1.0
97,1.0,1.0,2.6930001,1.0,7.0,8,135.0456188163414,185.3608004078433,pobre,0,3,0.0,667.0,1.0,49.0,12,444,593,7,1.0
98,1.0,1.0,2.6930001,1.0,7.0,8,135.0456188163414,185.3608004078433,pobre,0,3,0.0,667.0,1.0,49.0,13,444,593,7,1.0
97,1.0,0.0,2.6930001,1.0,10.0,5,135.0456188163414,185.3608004078433,pobre,0,0,625.0,699.0,1.0,54.0,16,444,594,10,1.0
98,1.0,0.0,2.6930001,,,5,135.0456188163414,185.3608004078433,pobre,0,0,625.0,699.0,1.0,54.0,17,444,594,10,1.0
97,1.0,0.0,2.6930001,1.0,7.0,5,135.0456188163414,185.3608004078433,pobre,0,0,625.0,699.0,1.0,54.0,14,444,595,7,1.0
98,1.0,0.0,2.6930001,1.0,7.0,5,135.0456188163414,185.3608004078433,pobre,0,0,625.0,699.0,1.0,54.0,15,444,595,7,1.0
97,0.0,0.0,2.6930001,1.0,7.0,5,135.0456188163414,185.3608004078433,pobre,0,0,625.0,699.0,1.0,54.0,12,444,596,7,1.0
98,0.0,0.0,2.6930001,1.0,7.0,5,135.0456188163414,185.3608004078433,pobre,0,0,625.0,699.0,1.0,54.0,13,444,596,7,1.0
97,0.0,0.0,2.6930001,1.0,8.0,7,135.0456188163414,185.3608004078433,pobre,0,1,625.0,571.0,1.0,48.0,15,444,597,8,1.0
98,0.0,0.0,2.6930001,,,7,135.0456188163414,185.3608004078433,pobre,0,1,625.0,571.0,1.0,48.0,16,444,597,8,1.0
97,0.0,0.0,2.6930001,0.0,6.0,7,135.0456188163414,185.3608004078433,pobre,0,1,625.0,571.0,1.0,48.0,13,444,598,6,0.0
98,0.0,0.0,2.6930001,0.0,6.0,7,135.0456188163414,185.3608004078433,pobre,0,1,625.0,571.0,1.0,48.0,14,444,598,6,0.0
97,1.0,0.0,2.6930001,1.0,5.0,7,135.0456188163414,185.3608004078433,pobre,0,1,625.0,571.0,1.0,48.0,11,444,599,5,1.0
98,1.0,0.0,2.6930001,1.0,5.0,7,135.0456188163414,185.3608004078433,pobre,0,1,625.0,571.0,1.0,48.0,12,444,599,5,1.0
97,1.0,0.0,2.6930001,1.0,3.0,7,135.0456188163414,185.3608004078433,pobre,0,1,625.0,571.0,1.0,48.0,9,444,600,3,1.0
98,1.0,0.0,2.6930001,1.0,4.0,7,135.0456188163414,185.3608004078433,pobre,0,1,625.0,571.0,1.0,48.0,10,444,600,3,1.0
97,0.0,0.0,2.6930001,0.0,5.0,5,135.0456188163414,185.3608004078433,pobre,0,0,500.0,668.14001,1.0,56.0,16,444,601,5,0.0
98,0.0,0.0,2.6930001,,,5,135.0456188163414,185.3608004078433,pobre,0,0,500.0,668.14001,1.0,56.0,17,444,601,5,0.0
97,1.0,1.0,2.6930001,1.0,1.0,5,135.0456188163414,185.3608004078433,pobre,0,9,625.0,588.0,1.0,25.0,7,444,602,1,1.0
98,1.0,1.0,2.6930001,1.0,1.0,5,135.0456188163414,185.3608004078433,pobre,0,9,625.0,588.0,1.0,25.0,8,444,602,1,1.0
97,0.0,0.0,2.6930001,0.0,9.0,5,135.0456188163414,185.3608004078433,pobre,0,1,625.0,531.0,1.0,60.0,15,444,603,9,0.0
98,0.0,0.0,2.6930001,0.0,9.0,5,135.0456188163414,185.3608004078433,pobre,0,1,625.0,531.0,1.0,60.0,16,444,603,9,0.0
97,1.0,0.0,2.6930001,0.0,8.0,5,135.0456188163414,185.3608004078433,pobre,0,1,625.0,531.0,1.0,60.0,12,444,604,8,0.0
98,1.0,0.0,2.6930001,1.0,8.0,5,135.0456188163414,185.3608004078433,pobre,0,1,625.0,531.0,1.0,60.0,13,444,604,8,0.0
97,0.0,1.0,2.6930001,1.0,1.0,6,135.0456188163414,185.3608004078433,pobre,0,0,625.0,511.0,1.0,31.0,7,444,605,1,1.0
98,0.0,1.0,2.6930001,1.0,1.0,6,135.0456188163414,185.3608004078433,pobre,0,0,625.0,511.0,1.0,31.0,8,444,605,1,1.0
97,1.0,0.0,2.6930001,0.0,8.0,5,135.0456188163414,185.3608004078433,pobre,0,1,0.0,576.0,0.0,46.0,16,444,606,8,0.0
98,1.0,0.0,2.6930001,1.0,8.0,5,135.0456188163414,185.3608004078433,pobre,0,1,0.0,576.0,0.0,46.0,17,444,606,8,0.0
97,1.0,1.0,2.6930001,1.0,5.0,7,135.0456188163414,185.3608004078433,pobre,0,0,600.0,614.0,1.0,35.0,13,444,607,5,1.0
98,1.0,1.0,2.6930001,1.0,6.0,7,135.0456188163414,185.3608004078433,pobre,0,0,600.0,614.0,1.0,35.0,14,444,607,5,1.0
97,0.0,1.0,2.6930001,1.0,7.0,7,135.0456188163414,185.3608004078433,pobre,0,0,600.0,614.0,1.0,35.0,11,444,608,7,1.0
98,0.0,1.0,2.6930001,1.0,7.0,7,135.0456188163414,185.3608004078433,pobre,0,0,600.0,614.0,1.0,35.0,12,444,608,7,1.0
97,0.0,1.0,2.6930001,1.0,5.0,7,135.0456188163414,185.3608004078433,pobre,0,0,600.0,614.0,1.0,35.0,10,444,609,5,1.0
98,0.0,1.0,2.6930001,1.0,5.0,7,135.0456188163414,185.3608004078433,pobre,0,0,600.0,614.0,1.0,35.0,11,444,609,5,1.0
97,0.0,1.0,2.6930001,1.0,3.0,7,135.0456188163414,185.3608004078433,pobre,0,0,600.0,614.0,1.0,35.0,9,444,610,3,1.0
98,0.0,1.0,2.6930001,1.0,3.0,7,135.0456188163414,185.3608004078433,pobre,0,0,600.0,614.0,1.0,35.0,10,444,610,3,1.0
97,1.0,1.0,2.6930001,1.0,3.0,7,135.0456188163414,185.3608004078433,pobre,0,0,600.0,614.0,1.0,35.0,8,444,611,3,1.0
98,1.0,1.0,2.6930001,1.0,3.0,7,135.0456188163414,185.3608004078433,pobre,0,0,600.0,614.0,1.0,35.0,9,444,611,3,1.0
97,1.0,1.0,5.5890002,1.0,6.0,6,33.0935685842645,109.6177734541219,pobre,basal,0,300.0,550.0,1.0,57.0,12,472,612,6,1.0
98,1.0,1.0,5.5890002,1.0,7.0,6,33.0935685842645,109.6177734541219,pobre,basal,0,300.0,550.0,1.0,57.0,13,472,612,6,1.0
97,0.0,1.0,5.5890002,1.0,3.0,6,33.0935685842645,109.6177734541219,pobre,basal,0,250.0,516.0,1.0,42.0,10,472,613,3,1.0
98,0.0,1.0,5.5890002,1.0,4.0,6,33.0935685842645,109.6177734541219,pobre,basal,0,250.0,516.0,1.0,42.0,11,472,613,3,1.0
97,0.0,1.0,5.5890002,1.0,2.0,6,33.0935685842645,109.6177734541219,pobre,basal,0,250.0,516.0,1.0,42.0,8,472,614,2,1.0
98,0.0,1.0,5.5890002,1.0,3.0,6,33.0935685842645,109.6177734541219,pobre,basal,0,250.0,516.0,1.0,42.0,9,472,614,2,1.0
97,1.0,1.0,5.5890002,1.0,2.0,6,33.0935685842645,109.6177734541219,pobre,basal,0,250.0,516.0,1.0,42.0,6,472,615,2,1.0
98,1.0,1.0,5.5890002,1.0,3.0,6,33.0935685842645,109.6177734541219,pobre,basal,0,250.0,516.0,1.0,42.0,7,472,615,2,1.0
97,0.0,1.0,5.5890002,0.0,6.0,6,33.0935685842645,109.6177734541219,pobre,basal,0,250.0,522.0,1.0,46.0,15,472,616,6,0.0
98,0.0,1.0,5.5890002,0.0,6.0,6,33.0935685842645,109.6177734541219,pobre,basal,0,250.0,522.0,1.0,46.0,16,472,616,6,0.0
97,0.0,1.0,5.5890002,0.0,5.0,6,33.0935685842645,109.6177734541219,pobre,basal,0,250.0,522.0,1.0,46.0,11,472,617,5,0.0
98,0.0,1.0,5.5890002,0.0,6.0,6,33.0935685842645,109.6177734541219,pobre,basal,0,250.0,522.0,1.0,46.0,12,472,617,5,0.0
97,0.0,1.0,5.5890002,,0.0,6,33.0935685842645,109.6177734541219,pobre,basal,0,250.0,522.0,1.0,46.0,10,472,618,0,
98,0.0,1.0,5.5890002,,,6,33.0935685842645,109.6177734541219,pobre,basal,0,250.0,522.0,1.0,46.0,11,472,618,0,
97,1.0,1.0,5.5890002,1.0,1.0,5,33.0935685842645,109.6177734541219,pobre,basal,0,250.0,632.0,1.0,57.0,13,472,619,1,1.0
98,1.0,1.0,5.5890002,1.0,2.0,5,33.0935685842645,109.6177734541219,pobre,basal,0,250.0,632.0,1.0,57.0,14,472,619,1,1.0
97,1.0,1.0,5.5890002,1.0,1.0,5,33.0935685842645,109.6177734541219,pobre,basal,0,250.0,632.0,1.0,57.0,9,472,620,1,1.0
98,1.0,1.0,5.5890002,1.0,2.0,5,33.0935685842645,109.6177734541219,pobre,basal,0,250.0,632.0,1.0,57.0,10,472,620,1,1.0
97,0.0,1.0,5.5890002,1.0,4.0,7,33.0935685842645,109.6177734541219,pobre,basal,0,250.0,474.0,1.0,35.0,10,472,621,4,1.0
98,0.0,1.0,5.5890002,1.0,5.0,7,33.0935685842645,109.6177734541219,pobre,basal,0,250.0,474.0,1.0,35.0,11,472,621,4,1.0
97,0.0,1.0,5.5890002,1.0,2.0,7,33.0935685842645,109.6177734541219,pobre,basal,0,250.0,474.0,1.0,35.0,9,472,622,2,1.0
98,0.0,1.0,5.5890002,1.0,2.0,7,33.0935685842645,109.6177734541219,pobre,basal,0,250.0,474.0,1.0,35.0,10,472,622,2,1.0
97,1.0,1.0,5.5890002,1.0,0.0,7,33.0935685842645,109.6177734541219,pobre,basal,0,250.0,474.0,1.0,35.0,6,472,623,0,1.0
98,1.0,1.0,5.5890002,1.0,1.0,7,33.0935685842645,109.6177734541219,pobre,basal,0,250.0,474.0,1.0,35.0,7,472,623,0,1.0
97,0.0,1.0,5.5890002,,0.0,6,33.0935685842645,109.6177734541219,pobre,basal,0,0.0,516.0,0.0,60.0,16,472,624,0,
98,0.0,1.0,5.5890002,,,6,33.0935685842645,109.6177734541219,pobre,basal,0,0.0,516.0,0.0,60.0,17,472,624,0,
97,0.0,0.0,5.5890002,,0.0,4,33.0935685842645,109.6177734541219,pobre,basal,0,375.0,568.28003,1.0,41.0,8,472,625,0,
98,0.0,0.0,5.5890002,,,4,33.0935685842645,109.6177734541219,pobre,basal,0,375.0,568.28003,1.0,41.0,9,472,625,0,
97,0.0,1.0,5.5890002,0.0,6.0,6,33.0935685842645,109.6177734541219,pobre,basal,0,375.0,521.88,1.0,37.0,12,472,626,6,0.0
98,0.0,1.0,5.5890002,0.0,6.0,6,33.0935685842645,109.6177734541219,pobre,basal,0,375.0,521.88,1.0,37.0,13,472,626,6,0.0
97,1.0,1.0,5.5890002,1.0,4.0,6,33.0935685842645,109.6177734541219,pobre,basal,0,375.0,521.88,1.0,37.0,11,472,627,4,1.0
98,1.0,1.0,5.5890002,1.0,5.0,6,33.0935685842645,109.6177734541219,pobre,basal,0,375.0,521.88,1.0,37.0,12,472,627,4,1.0
97,0.0,1.0,5.5890002,1.0,1.0,6,33.0935685842645,109.6177734541219,pobre,basal,0,375.0,521.88,1.0,37.0,7,472,628,1,1.0
98,0.0,1.0,5.5890002,1.0,2.0,6,33.0935685842645,109.6177734541219,pobre,basal,0,375.0,521.88,1.0,37.0,8,472,628,1,1.0
97,1.0,1.0,5.5890002,1.0,5.0,8,33.0935685842645,109.6177734541219,pobre,basal,0,0.0,421.0,1.0,58.0,13,472,629,5,1.0
98,1.0,1.0,5.5890002,1.0,6.0,8,33.0935685842645,109.6177734541219,pobre,basal,0,0.0,421.0,1.0,58.0,14,472,629,5,1.0
97,1.0,1.0,5.5890002,1.0,4.0,8,33.0935685842645,109.6177734541219,pobre,basal,0,0.0,421.0,1.0,58.0,9,472,630,4,1.0
98,1.0,1.0,5.5890002,1.0,2.0,8,33.0935685842645,109.6177734541219,pobre,basal,0,0.0,421.0,1.0,58.0,10,472,630,4,1.0
97,0.0,1.0,5.5890002,,0.0,8,33.0935685842645,109.6177734541219,pobre,basal,0,0.0,421.0,1.0,58.0,8,472,631,0,
98,0.0,1.0,5.5890002,,,8,33.0935685842645,109.6177734541219,pobre,basal,0,0.0,421.0,1.0,58.0,9,472,631,0,
97,0.0,1.0,5.5890002,,0.0,8,33.0935685842645,109.6177734541219,pobre,basal,0,0.0,421.0,1.0,58.0,6,472,632,0,
98,0.0,1.0,5.5890002,,,8,33.0935685842645,109.6177734541219,pobre,basal,0,0.0,421.0,1.0,58.0,7,472,632,0,
97,0.0,1.0,5.5890002,0.0,6.0,6,33.0935685842645,109.6177734541219,pobre,basal,0,300.0,617.88,1.0,41.0,13,472,633,6,0.0
98,0.0,1.0,5.5890002,,,6,33.0935685842645,109.6177734541219,pobre,basal,0,300.0,617.88,1.0,41.0,14,472,633,6,0.0
97,1.0,1.0,5.5890002,1.0,2.0,6,33.0935685842645,109.6177734541219,pobre,basal,0,300.0,617.88,1.0,41.0,10,472,634,2,1.0
98,1.0,1.0,5.5890002,1.0,3.0,6,33.0935685842645,109.6177734541219,pobre,basal,0,300.0,617.88,1.0,41.0,11,472,634,2,1.0
97,1.0,1.0,5.5890002,1.0,6.0,7,33.0935685842645,109.6177734541219,pobre,basal,0,0.0,663.5,1.0,47.0,14,472,635,6,1.0
98,1.0,1.0,5.5890002,1.0,7.0,7,33.0935685842645,109.6177734541219,pobre,basal,0,0.0,663.5,1.0,47.0,15,472,635,6,1.0
97,0.0,,5.5890002,0.0,6.0,3,33.0935685842645,109.6177734541219,pobre,basal,0,375.0,624.0,1.0,59.0,14,472,636,6,0.0
98,0.0,,5.5890002,,,3,33.0935685842645,109.6177734541219,pobre,basal,0,375.0,624.0,1.0,59.0,15,472,636,6,0.0
97,0.0,1.0,5.5890002,1.0,5.0,3,33.0935685842645,109.6177734541219,pobre,basal,0,375.0,626.0,1.0,46.0,11,472,637,5,1.0
98,0.0,1.0,5.5890002,0.0,6.0,3,33.0935685842645,109.6177734541219,pobre,basal,0,375.0,626.0,1.0,46.0,12,472,637,5,1.0
97,0.0,1.0,5.5890002,,0.0,3,33.0935685842645,109.6177734541219,pobre,basal,0,0.0,645.45001,1.0,39.0,6,472,638,0,
98,0.0,1.0,5.5890002,1.0,1.0,3,33.0935685842645,109.6177734541219,pobre,basal,0,0.0,645.45001,1.0,39.0,7,472,638,0,
97,0.0,1.0,5.5890002,0.0,2.0,6,33.0935685842645,109.6177734541219,pobre,basal,0,250.0,626.0,1.0,56.0,16,472,639,2,0.0
98,0.0,1.0,5.5890002,,,6,33.0935685842645,109.6177734541219,pobre,basal,0,250.0,626.0,1.0,56.0,17,472,639,2,0.0
97,0.0,1.0,5.5890002,0.0,3.0,6,33.0935685842645,109.6177734541219,pobre,basal,0,250.0,626.0,1.0,56.0,13,472,640,3,0.0
98,0.0,1.0,5.5890002,0.0,3.0,6,33.0935685842645,109.6177734541219,pobre,basal,0,250.0,626.0,1.0,56.0,14,472,640,3,0.0
97,1.0,1.0,5.5890002,1.0,4.0,6,33.0935685842645,109.6177734541219,pobre,basal,0,250.0,626.0,1.0,56.0,10,472,641,4,1.0
98,1.0,1.0,5.5890002,1.0,4.0,6,33.0935685842645,109.6177734541219,pobre,basal,0,250.0,626.0,1.0,56.0,11,472,641,4,1.0
97,1.0,1.0,5.5890002,1.0,3.0,6,33.0935685842645,109.6177734541219,pobre,basal,0,250.0,626.0,1.0,56.0,8,472,642,3,1.0
98,1.0,1.0,5.5890002,1.0,4.0,6,33.0935685842645,109.6177734541219,pobre,basal,0,250.0,626.0,1.0,56.0,9,472,642,3,1.0
97,1.0,1.0,5.5890002,0.0,2.0,5,33.0935685842645,109.6177734541219,pobre,basal,0,250.0,545.0,1.0,37.0,11,472,643,2,0.0
98,1.0,1.0,5.5890002,0.0,2.0,5,33.0935685842645,109.6177734541219,pobre,basal,0,250.0,545.0,1.0,37.0,12,472,643,2,0.0
97,0.0,1.0,5.5890002,1.0,1.0,5,33.0935685842645,109.6177734541219,pobre,basal,0,250.0,545.0,1.0,37.0,7,472,644,1,1.0
98,0.0,1.0,5.5890002,1.0,2.0,5,33.0935685842645,109.6177734541219,pobre,basal,0,250.0,545.0,1.0,37.0,8,472,644,1,1.0
97,1.0,1.0,5.5890002,0.0,6.0,7,33.0935685842645,109.6177734541219,pobre,basal,0,625.0,514.0,1.0,30.0,12,472,645,6,0.0
98,1.0,1.0,5.5890002,1.0,6.0,7,33.0935685842645,109.6177734541219,pobre,basal,0,625.0,514.0,1.0,30.0,13,472,645,6,0.0
97,1.0,1.0,5.5890002,,0.0,7,33.0935685842645,109.6177734541219,pobre,basal,0,625.0,514.0,1.0,30.0,10,472,646,0,
98,1.0,1.0,5.5890002,,,7,33.0935685842645,109.6177734541219,pobre,basal,0,625.0,514.0,1.0,30.0,11,472,646,0,
97,1.0,1.0,5.5890002,,0.0,7,33.0935685842645,109.6177734541219,pobre,basal,0,625.0,514.0,1.0,30.0,9,472,647,0,
98,1.0,1.0,5.5890002,1.0,2.0,7,33.0935685842645,109.6177734541219,pobre,basal,0,625.0,514.0,1.0,30.0,10,472,647,0,
97,1.0,1.0,5.5890002,0.0,6.0,6,33.0935685842645,109.6177734541219,pobre,basal,0,300.0,663.0,1.0,46.0,15,472,648,6,0.0
98,1.0,1.0,5.5890002,1.0,7.0,6,33.0935685842645,109.6177734541219,pobre,basal,0,300.0,663.0,1.0,46.0,16,472,648,6,0.0
97,0.0,1.0,5.5890002,,0.0,6,33.0935685842645,109.6177734541219,pobre,basal,0,300.0,663.0,1.0,46.0,12,472,649,0,
98,0.0,1.0,5.5890002,,,6,33.0935685842645,109.6177734541219,pobre,basal,0,300.0,663.0,1.0,46.0,13,472,649,0,
97,0.0,1.0,5.5890002,1.0,1.0,6,33.0935685842645,109.6177734541219,pobre,basal,0,300.0,663.0,1.0,46.0,7,472,650,1,1.0
98,0.0,1.0,5.5890002,1.0,2.0,6,33.0935685842645,109.6177734541219,pobre,basal,0,300.0,663.0,1.0,46.0,8,472,650,1,1.0
97,0.0,1.0,5.5890002,1.0,9.0,5,33.0935685842645,109.6177734541219,pobre,basal,0,300.0,585.0,1.0,50.0,15,472,651,9,1.0
98,0.0,1.0,5.5890002,1.0,9.0,5,33.0935685842645,109.6177734541219,pobre,basal,0,300.0,585.0,1.0,50.0,16,472,651,9,1.0
97,1.0,1.0,5.5890002,1.0,6.0,5,33.0935685842645,109.6177734541219,pobre,basal,0,300.0,585.0,1.0,50.0,11,472,652,6,1.0
98,1.0,1.0,5.5890002,1.0,7.0,5,33.0935685842645,109.6177734541219,pobre,basal,0,300.0,585.0,1.0,50.0,12,472,652,6,1.0
97,1.0,1.0,5.5890002,1.0,4.0,5,33.0935685842645,109.6177734541219,pobre,basal,0,300.0,585.0,1.0,50.0,9,472,653,4,1.0
98,1.0,1.0,5.5890002,1.0,5.0,5,33.0935685842645,109.6177734541219,pobre,basal,0,300.0,585.0,1.0,50.0,10,472,653,4,1.0
97,1.0,1.0,5.5890002,0.0,6.0,6,33.0935685842645,109.6177734541219,pobre,basal,0,250.0,555.0,1.0,31.0,11,472,654,6,0.0
98,1.0,1.0,5.5890002,1.0,7.0,6,33.0935685842645,109.6177734541219,pobre,basal,0,250.0,555.0,1.0,31.0,12,472,654,6,0.0
97,1.0,1.0,5.5890002,0.0,2.0,6,33.0935685842645,109.6177734541219,pobre,basal,0,250.0,555.0,1.0,31.0,9,472,655,2,0.0
98,1.0,1.0,5.5890002,1.0,3.0,6,33.0935685842645,109.6177734541219,pobre,basal,0,250.0,555.0,1.0,31.0,10,472,655,2,0.0
97,0.0,0.0,2.053,0.0,6.0,6,34.70068413382722,79.87623975864597,pobre,0,0,0.0,605.0,0.0,75.0,13,497,656,6,0.0
98,0.0,0.0,2.053,0.0,6.0,6,34.70068413382722,79.87623975864597,pobre,0,0,0.0,605.0,0.0,75.0,14,497,656,6,0.0
97,1.0,0.0,2.053,1.0,3.0,6,34.70068413382722,79.87623975864597,pobre,0,0,0.0,605.0,0.0,75.0,11,497,657,3,1.0
98,1.0,0.0,2.053,1.0,4.0,6,34.70068413382722,79.87623975864597,pobre,0,0,0.0,605.0,0.0,75.0,12,497,657,3,1.0
97,0.0,0.0,2.053,1.0,1.0,6,34.70068413382722,79.87623975864597,pobre,0,0,0.0,605.0,0.0,75.0,7,497,658,1,1.0
98,0.0,0.0,2.053,1.0,2.0,6,34.70068413382722,79.87623975864597,pobre,0,0,0.0,605.0,0.0,75.0,8,497,658,1,1.0
97,0.0,0.0,2.053,1.0,1.0,6,34.70068413382722,79.87623975864597,pobre,0,0,750.0,612.0,1.0,42.0,9,497,659,1,1.0
98,0.0,0.0,2.053,1.0,2.0,6,34.70068413382722,79.87623975864597,pobre,0,0,750.0,612.0,1.0,42.0,10,497,659,1,1.0
97,1.0,0.0,2.053,1.0,0.0,6,34.70068413382722,79.87623975864597,pobre,0,0,750.0,612.0,1.0,42.0,8,497,660,0,1.0
98,1.0,0.0,2.053,1.0,0.0,6,34.70068413382722,79.87623975864597,pobre,0,0,750.0,612.0,1.0,42.0,9,497,660,0,1.0
97,1.0,1.0,3.4289999,0.0,3.0,11,19.67954950694879,123.4906960556507,pobre,0,1,500.0,713.0,1.0,41.0,16,480,661,3,0.0
98,1.0,1.0,3.4289999,0.0,3.0,11,19.67954950694879,123.4906960556507,pobre,0,1,500.0,713.0,1.0,41.0,17,480,661,3,0.0
97,1.0,1.0,3.4289999,1.0,6.0,11,19.67954950694879,123.4906960556507,pobre,0,1,500.0,713.0,1.0,41.0,14,480,662,6,1.0
98,1.0,1.0,3.4289999,1.0,6.0,11,19.67954950694879,123.4906960556507,pobre,0,1,500.0,713.0,1.0,41.0,15,480,662,6,1.0
97,1.0,1.0,3.4289999,1.0,5.0,11,19.67954950694879,123.4906960556507,pobre,0,1,500.0,713.0,1.0,41.0,12,480,663,5,1.0
98,1.0,1.0,3.4289999,1.0,5.0,11,19.67954950694879,123.4906960556507,pobre,0,1,500.0,713.0,1.0,41.0,13,480,663,5,1.0
97,0.0,1.0,3.4289999,1.0,1.0,11,19.67954950694879,123.4906960556507,pobre,0,1,500.0,713.0,1.0,41.0,8,480,664,1,1.0
98,0.0,1.0,3.4289999,1.0,2.0,11,19.67954950694879,123.4906960556507,pobre,0,1,500.0,713.0,1.0,41.0,9,480,664,1,1.0
97,1.0,1.0,3.4289999,,0.0,8,19.67954950694879,123.4906960556507,pobre,0,3,250.0,550.0,1.0,27.0,10,480,665,0,
98,1.0,1.0,3.4289999,,,8,19.67954950694879,123.4906960556507,pobre,0,3,250.0,550.0,1.0,27.0,11,480,665,0,
97,0.0,1.0,3.4289999,1.0,3.0,8,19.67954950694879,123.4906960556507,pobre,0,3,250.0,550.0,1.0,27.0,9,480,666,3,1.0
98,0.0,1.0,3.4289999,1.0,3.0,8,19.67954950694879,123.4906960556507,pobre,0,3,250.0,550.0,1.0,27.0,10,480,666,3,1.0
97,0.0,1.0,3.4289999,,0.0,8,19.67954950694879,123.4906960556507,pobre,0,3,250.0,550.0,1.0,27.0,7,480,667,0,
98,0.0,1.0,3.4289999,,,8,19.67954950694879,123.4906960556507,pobre,0,3,250.0,550.0,1.0,27.0,8,480,667,0,
97,1.0,1.0,3.4289999,1.0,8.0,6,19.67954950694879,123.4906960556507,no pobre,0,3,250.0,783.0,1.0,57.0,14,480,668,8,1.0
98,1.0,1.0,3.4289999,1.0,9.0,6,19.67954950694879,123.4906960556507,no pobre,0,3,250.0,783.0,1.0,57.0,15,480,668,8,1.0
97,1.0,1.0,3.4289999,0.0,6.0,6,19.67954950694879,123.4906960556507,no pobre,0,3,250.0,783.0,1.0,57.0,12,480,669,6,0.0
98,1.0,1.0,3.4289999,0.0,6.0,6,19.67954950694879,123.4906960556507,no pobre,0,3,250.0,783.0,1.0,57.0,13,480,669,6,0.0
97,0.0,1.0,3.4289999,0.0,9.0,7,19.67954950694879,123.4906960556507,pobre,0,4,480.0,621.0,1.0,38.0,14,480,670,9,0.0
98,0.0,1.0,3.4289999,1.0,9.0,7,19.67954950694879,123.4906960556507,pobre,0,4,480.0,621.0,1.0,38.0,15,480,670,9,0.0
97,1.0,1.0,3.4289999,1.0,4.0,7,19.67954950694879,123.4906960556507,pobre,0,4,480.0,621.0,1.0,38.0,11,480,671,4,1.0
98,1.0,1.0,3.4289999,1.0,5.0,7,19.67954950694879,123.4906960556507,pobre,0,4,480.0,621.0,1.0,38.0,12,480,671,4,1.0
97,0.0,1.0,3.4289999,1.0,3.0,7,19.67954950694879,123.4906960556507,pobre,0,4,480.0,621.0,1.0,38.0,10,480,672,3,1.0
98,0.0,1.0,3.4289999,1.0,4.0,7,19.67954950694879,123.4906960556507,pobre,0,4,480.0,621.0,1.0,38.0,11,480,672,3,1.0
97,0.0,1.0,3.4289999,1.0,3.0,7,19.67954950694879,123.4906960556507,pobre,0,4,480.0,621.0,1.0,38.0,6,480,673,3,1.0
98,0.0,1.0,3.4289999,1.0,3.0,7,19.67954950694879,123.4906960556507,pobre,0,4,480.0,621.0,1.0,38.0,7,480,673,3,1.0
97,1.0,1.0,3.4289999,0.0,3.0,4,19.67954950694879,123.4906960556507,no pobre,0,0,375.0,830.0,1.0,52.0,16,480,674,3,0.0
98,1.0,1.0,3.4289999,,,4,19.67954950694879,123.4906960556507,no pobre,0,0,375.0,830.0,1.0,52.0,17,480,674,3,0.0
97,0.0,1.0,3.4289999,0.0,6.0,12,19.67954950694879,123.4906960556507,pobre,0,4,375.0,688.0,1.0,40.0,14,480,675,6,0.0
98,0.0,1.0,3.4289999,0.0,6.0,12,19.67954950694879,123.4906960556507,pobre,0,4,375.0,688.0,1.0,40.0,15,480,675,6,0.0
97,1.0,1.0,3.4289999,1.0,5.0,12,19.67954950694879,123.4906960556507,pobre,0,4,375.0,688.0,1.0,40.0,11,480,676,5,1.0
98,1.0,1.0,3.4289999,1.0,5.0,12,19.67954950694879,123.4906960556507,pobre,0,4,375.0,688.0,1.0,40.0,12,480,676,5,1.0
97,1.0,1.0,3.4289999,1.0,4.0,12,19.67954950694879,123.4906960556507,pobre,0,4,375.0,688.0,1.0,40.0,10,480,677,4,1.0
98,1.0,1.0,3.4289999,1.0,4.0,12,19.67954950694879,123.4906960556507,pobre,0,4,375.0,688.0,1.0,40.0,11,480,677,4,1.0
97,1.0,1.0,3.4289999,1.0,2.0,12,19.67954950694879,123.4906960556507,pobre,0,4,375.0,688.0,1.0,40.0,7,480,678,2,1.0
98,1.0,1.0,3.4289999,1.0,2.0,12,19.67954950694879,123.4906960556507,pobre,0,4,375.0,688.0,1.0,40.0,8,480,678,2,1.0
97,0.0,1.0,3.4289999,1.0,2.0,3,19.67954950694879,123.4906960556507,pobre,0,3,500.0,743.0,1.0,28.0,8,480,679,2,1.0
98,0.0,1.0,3.4289999,1.0,3.0,3,19.67954950694879,123.4906960556507,pobre,0,3,500.0,743.0,1.0,28.0,9,480,679,2,1.0
97,0.0,1.0,3.4289999,0.0,3.0,5,19.67954950694879,123.4906960556507,pobre,0,1,500.0,732.0,1.0,52.0,14,480,680,3,0.0
98,0.0,1.0,3.4289999,1.0,5.0,5,19.67954950694879,123.4906960556507,pobre,0,1,500.0,732.0,1.0,52.0,15,480,680,3,0.0
97,1.0,1.0,3.4289999,1.0,3.0,7,19.67954950694879,123.4906960556507,no pobre,0,3,500.0,734.0,1.0,31.0,9,480,681,3,1.0
98,1.0,1.0,3.4289999,1.0,4.0,7,19.67954950694879,123.4906960556507,no pobre,0,3,500.0,734.0,1.0,31.0,10,480,681,3,1.0
97,1.0,1.0,3.4289999,1.0,1.0,7,19.67954950694879,123.4906960556507,no pobre,0,3,500.0,734.0,1.0,31.0,7,480,682,1,1.0
98,1.0,1.0,3.4289999,1.0,2.0,7,19.67954950694879,123.4906960556507,no pobre,0,3,500.0,734.0,1.0,31.0,8,480,682,1,1.0
97,1.0,1.0,3.4289999,1.0,0.0,3,19.67954950694879,123.4906960556507,pobre,0,2,500.0,735.0,1.0,26.0,6,480,683,0,1.0
98,1.0,1.0,3.4289999,1.0,1.0,3,19.67954950694879,123.4906960556507,pobre,0,2,500.0,735.0,1.0,26.0,7,480,683,0,1.0
97,0.0,1.0,3.4289999,1.0,5.0,6,19.67954950694879,123.4906960556507,pobre,0,2,375.0,649.0,1.0,38.0,13,480,684,5,1.0
98,0.0,1.0,3.4289999,1.0,6.0,6,19.67954950694879,123.4906960556507,pobre,0,2,375.0,649.0,1.0,38.0,14,480,684,5,1.0
97,1.0,1.0,3.4289999,1.0,3.0,6,19.67954950694879,123.4906960556507,pobre,0,2,375.0,649.0,1.0,38.0,10,480,685,3,1.0
98,1.0,1.0,3.4289999,1.0,4.0,6,19.67954950694879,123.4906960556507,pobre,0,2,375.0,649.0,1.0,38.0,11,480,685,3,1.0
97,1.0,1.0,3.4289999,1.0,0.0,6,19.67954950694879,123.4906960556507,pobre,0,2,375.0,649.0,1.0,38.0,8,480,686,0,1.0
98,1.0,1.0,3.4289999,1.0,1.0,6,19.67954950694879,123.4906960556507,pobre,0,2,375.0,649.0,1.0,38.0,9,480,686,0,1.0
97,1.0,1.0,3.4289999,0.0,6.0,11,19.67954950694879,123.4906960556507,pobre,0,1,375.0,672.5,1.0,47.0,15,480,687,6,0.0
98,1.0,1.0,3.4289999,0.0,6.0,11,19.67954950694879,123.4906960556507,pobre,0,1,375.0,672.5,1.0,47.0,16,480,687,6,0.0
97,0.0,1.0,3.4289999,0.0,6.0,11,19.67954950694879,123.4906960556507,pobre,0,1,375.0,672.5,1.0,47.0,13,480,688,6,0.0
98,0.0,1.0,3.4289999,0.0,6.0,11,19.67954950694879,123.4906960556507,pobre,0,1,375.0,672.5,1.0,47.0,14,480,688,6,0.0
97,1.0,1.0,3.4289999,1.0,5.0,11,19.67954950694879,123.4906960556507,pobre,0,1,375.0,672.5,1.0,47.0,11,480,689,5,1.0
98,1.0,1.0,3.4289999,1.0,5.0,11,19.67954950694879,123.4906960556507,pobre,0,1,375.0,672.5,1.0,47.0,12,480,689,5,1.0
97,0.0,1.0,3.4289999,1.0,1.0,11,19.67954950694879,123.4906960556507,pobre,0,1,375.0,672.5,1.0,47.0,9,480,690,1,1.0
98,0.0,1.0,3.4289999,1.0,2.0,11,19.67954950694879,123.4906960556507,pobre,0,1,375.0,672.5,1.0,47.0,10,480,690,1,1.0
97,0.0,1.0,3.4289999,1.0,2.0,11,19.67954950694879,123.4906960556507,pobre,0,1,375.0,672.5,1.0,47.0,7,480,691,2,1.0
98,0.0,1.0,3.4289999,1.0,1.0,11,19.67954950694879,123.4906960556507,pobre,0,1,375.0,672.5,1.0,47.0,8,480,691,2,1.0
97,0.0,1.0,3.4289999,0.0,6.0,13,19.67954950694879,123.4906960556507,pobre,0,1,375.0,711.38,1.0,47.0,16,480,692,6,0.0
98,0.0,1.0,3.4289999,,,13,19.67954950694879,123.4906960556507,pobre,0,1,375.0,711.38,1.0,47.0,17,480,692,6,0.0
97,1.0,1.0,3.4289999,1.0,6.0,13,19.67954950694879,123.4906960556507,pobre,0,1,375.0,711.38,1.0,47.0,14,480,693,6,1.0
98,1.0,1.0,3.4289999,1.0,6.0,13,19.67954950694879,123.4906960556507,pobre,0,1,375.0,711.38,1.0,47.0,15,480,693,6,1.0
97,0.0,1.0,3.4289999,1.0,6.0,13,19.67954950694879,123.4906960556507,pobre,0,1,375.0,711.38,1.0,47.0,13,480,694,6,1.0
98,0.0,1.0,3.4289999,1.0,6.0,13,19.67954950694879,123.4906960556507,pobre,0,1,375.0,711.38,1.0,47.0,14,480,694,6,1.0
97,1.0,1.0,3.4289999,1.0,5.0,13,19.67954950694879,123.4906960556507,pobre,0,1,375.0,711.38,1.0,47.0,11,480,695,5,1.0
98,1.0,1.0,3.4289999,1.0,6.0,13,19.67954950694879,123.4906960556507,pobre,0,1,375.0,711.38,1.0,47.0,12,480,695,5,1.0
97,1.0,1.0,3.4289999,1.0,2.0,13,19.67954950694879,123.4906960556507,pobre,0,1,375.0,711.38,1.0,47.0,9,480,696,2,1.0
98,1.0,1.0,3.4289999,1.0,2.0,13,19.67954950694879,123.4906960556507,pobre,0,1,375.0,711.38,1.0,47.0,10,480,696,2,1.0
97,0.0,1.0,3.4289999,1.0,1.0,13,19.67954950694879,123.4906960556507,pobre,0,1,375.0,711.38,1.0,47.0,6,480,697,1,1.0
98,0.0,1.0,3.4289999,1.0,1.0,13,19.67954950694879,123.4906960556507,pobre,0,1,375.0,711.38,1.0,47.0,7,480,697,1,1.0
97,0.0,1.0,3.4289999,,1.0,5,19.67954950694879,123.4906960556507,pobre,0,2,375.0,674.0,1.0,28.0,6,480,698,1,
98,0.0,1.0,3.4289999,,,5,19.67954950694879,123.4906960556507,pobre,0,2,375.0,674.0,1.0,28.0,7,480,698,1,
97,1.0,1.0,3.4289999,1.0,6.0,6,19.67954950694879,123.4906960556507,pobre,0,2,375.0,655.0,1.0,37.0,14,480,699,6,1.0
98,1.0,1.0,3.4289999,0.0,6.0,6,19.67954950694879,123.4906960556507,pobre,0,2,375.0,655.0,1.0,37.0,15,480,699,6,1.0
97,1.0,1.0,3.4289999,1.0,5.0,6,19.67954950694879,123.4906960556507,pobre,0,2,375.0,655.0,1.0,37.0,12,480,700,5,1.0
98,1.0,1.0,3.4289999,1.0,6.0,6,19.67954950694879,123.4906960556507,pobre,0,2,375.0,655.0,1.0,37.0,13,480,700,5,1.0
97,0.0,1.0,3.4289999,1.0,3.0,6,19.67954950694879,123.4906960556507,pobre,0,2,375.0,655.0,1.0,37.0,9,480,701,3,1.0
98,0.0,1.0,3.4289999,1.0,3.0,6,19.67954950694879,123.4906960556507,pobre,0,2,375.0,655.0,1.0,37.0,10,480,701,3,1.0
97,0.0,1.0,3.4289999,1.0,6.0,9,19.67954950694879,123.4906960556507,pobre,0,2,500.0,559.0,1.0,41.0,15,480,702,6,1.0
98,0.0,1.0,3.4289999,1.0,7.0,9,19.67954950694879,123.4906960556507,pobre,0,2,500.0,559.0,1.0,41.0,16,480,702,6,1.0
97,1.0,1.0,3.4289999,1.0,4.0,9,19.67954950694879,123.4906960556507,pobre,0,2,500.0,559.0,1.0,41.0,12,480,703,4,1.0
98,1.0,1.0,3.4289999,1.0,5.0,9,19.67954950694879,123.4906960556507,pobre,0,2,500.0,559.0,1.0,41.0,13,480,703,4,1.0
97,1.0,1.0,3.4289999,1.0,2.0,9,19.67954950694879,123.4906960556507,pobre,0,2,500.0,559.0,1.0,41.0,10,480,704,2,1.0
98,1.0,1.0,3.4289999,1.0,3.0,9,19.67954950694879,123.4906960556507,pobre,0,2,500.0,559.0,1.0,41.0,11,480,704,2,1.0
97,0.0,1.0,3.4289999,1.0,1.0,9,19.67954950694879,123.4906960556507,pobre,0,2,500.0,559.0,1.0,41.0,7,480,705,1,1.0
98,0.0,1.0,3.4289999,1.0,2.0,9,19.67954950694879,123.4906960556507,pobre,0,2,500.0,559.0,1.0,41.0,8,480,705,1,1.0
97,0.0,1.0,3.4289999,1.0,3.0,7,19.67954950694879,123.4906960556507,pobre,0,1,375.0,607.0,1.0,40.0,11,480,706,3,1.0
98,0.0,1.0,3.4289999,1.0,3.0,7,19.67954950694879,123.4906960556507,pobre,0,1,375.0,607.0,1.0,40.0,12,480,706,3,1.0
97,0.0,1.0,3.4289999,1.0,2.0,7,19.67954950694879,123.4906960556507,pobre,0,1,375.0,607.0,1.0,40.0,9,480,707,2,1.0
98,0.0,1.0,3.4289999,1.0,3.0,7,19.67954950694879,123.4906960556507,pobre,0,1,375.0,607.0,1.0,40.0,10,480,707,2,1.0
97,0.0,1.0,3.4289999,1.0,1.0,7,19.67954950694879,123.4906960556507,pobre,0,1,375.0,607.0,1.0,40.0,7,480,708,1,1.0
98,0.0,1.0,3.4289999,1.0,2.0,7,19.67954950694879,123.4906960556507,pobre,0,1,375.0,607.0,1.0,40.0,8,480,708,1,1.0
97,1.0,1.0,3.4289999,1.0,5.0,5,19.67954950694879,123.4906960556507,pobre,0,0,375.0,759.0,1.0,67.0,11,480,709,5,1.0
98,1.0,1.0,3.4289999,1.0,5.0,5,19.67954950694879,123.4906960556507,pobre,0,0,375.0,759.0,1.0,67.0,12,480,709,5,1.0
97,1.0,1.0,3.4289999,1.0,3.0,5,19.67954950694879,123.4906960556507,pobre,0,0,375.0,759.0,1.0,67.0,10,480,710,3,1.0
98,1.0,1.0,3.4289999,1.0,3.0,5,19.67954950694879,123.4906960556507,pobre,0,0,375.0,759.0,1.0,67.0,11,480,710,3,1.0
97,1.0,1.0,3.4289999,0.0,5.0,2,19.67954950694879,123.4906960556507,pobre,0,5,625.0,782.0,1.0,16.0,16,480,711,5,0.0
98,1.0,1.0,3.4289999,,,2,19.67954950694879,123.4906960556507,pobre,0,5,625.0,782.0,1.0,16.0,17,480,711,5,0.0
97,0.0,1.0,3.4289999,0.0,6.0,8,19.67954950694879,123.4906960556507,pobre,0,3,625.0,571.0,1.0,40.0,16,480,712,6,0.0
98,0.0,1.0,3.4289999,0.0,6.0,8,19.67954950694879,123.4906960556507,pobre,0,3,625.0,571.0,1.0,40.0,17,480,712,6,0.0
97,1.0,1.0,3.4289999,1.0,7.0,8,19.67954950694879,123.4906960556507,pobre,0,3,625.0,571.0,1.0,40.0,13,480,713,7,1.0
98,1.0,1.0,3.4289999,1.0,8.0,8,19.67954950694879,123.4906960556507,pobre,0,3,625.0,571.0,1.0,40.0,14,480,713,7,1.0
97,0.0,1.0,3.4289999,1.0,4.0,8,19.67954950694879,123.4906960556507,pobre,0,3,625.0,571.0,1.0,40.0,9,480,714,4,1.0
98,0.0,1.0,3.4289999,1.0,5.0,8,19.67954950694879,123.4906960556507,pobre,0,3,625.0,571.0,1.0,40.0,10,480,714,4,1.0
97,1.0,1.0,3.4289999,,0.0,8,19.67954950694879,123.4906960556507,pobre,0,3,625.0,571.0,1.0,40.0,7,480,715,0,
98,1.0,1.0,3.4289999,1.0,3.0,8,19.67954950694879,123.4906960556507,pobre,0,3,625.0,571.0,1.0,40.0,8,480,715,0,
97,1.0,1.0,3.4289999,0.0,6.0,6,19.67954950694879,123.4906960556507,pobre,0,0,500.0,652.0,1.0,52.0,13,480,716,6,0.0
98,1.0,1.0,3.4289999,1.0,7.0,6,19.67954950694879,123.4906960556507,pobre,0,0,500.0,652.0,1.0,52.0,14,480,716,6,0.0
97,0.0,1.0,3.4289999,1.0,3.0,6,19.67954950694879,123.4906960556507,pobre,0,0,500.0,652.0,1.0,52.0,10,480,717,3,1.0
98,0.0,1.0,3.4289999,1.0,4.0,6,19.67954950694879,123.4906960556507,pobre,0,0,500.0,652.0,1.0,52.0,11,480,717,3,1.0
97,1.0,1.0,3.4289999,,0.0,6,19.67954950694879,123.4906960556507,pobre,0,0,500.0,652.0,1.0,52.0,7,480,718,0,
98,1.0,1.0,3.4289999,1.0,2.0,6,19.67954950694879,123.4906960556507,pobre,0,0,500.0,652.0,1.0,52.0,8,480,718,0,
97,1.0,1.0,3.4289999,1.0,1.0,5,19.67954950694879,123.4906960556507,pobre,0,0,625.0,657.0,1.0,26.0,6,480,719,1,1.0
98,1.0,1.0,3.4289999,1.0,2.0,5,19.67954950694879,123.4906960556507,pobre,0,0,625.0,657.0,1.0,26.0,7,480,719,1,1.0
97,0.0,1.0,3.4289999,0.0,2.0,2,19.67954950694879,123.4906960556507,no pobre,0,0,0.0,820.0,1.0,51.0,16,480,720,2,0.0
98,0.0,1.0,3.4289999,,,2,19.67954950694879,123.4906960556507,no pobre,0,0,0.0,820.0,1.0,51.0,17,480,720,2,0.0
97,0.0,1.0,3.4289999,,0.0,7,19.67954950694879,123.4906960556507,pobre,0,4,500.0,596.0,1.0,31.0,12,480,721,0,
98,0.0,1.0,3.4289999,,,7,19.67954950694879,123.4906960556507,pobre,0,4,500.0,596.0,1.0,31.0,13,480,721,0,
97,0.0,1.0,3.4289999,,0.0,7,19.67954950694879,123.4906960556507,pobre,0,4,500.0,596.0,1.0,31.0,10,480,722,0,
98,0.0,1.0,3.4289999,1.0,4.0,7,19.67954950694879,123.4906960556507,pobre,0,4,500.0,596.0,1.0,31.0,11,480,722,0,
97,1.0,1.0,3.4289999,,0.0,7,19.67954950694879,123.4906960556507,pobre,0,4,500.0,596.0,1.0,31.0,8,480,723,0,
98,1.0,1.0,3.4289999,1.0,3.0,7,19.67954950694879,123.4906960556507,pobre,0,4,500.0,596.0,1.0,31.0,9,480,723,0,
97,1.0,1.0,3.4289999,1.0,5.0,5,19.67954950694879,123.4906960556507,pobre,0,2,500.0,663.45001,1.0,33.0,10,480,724,5,1.0
98,1.0,1.0,3.4289999,1.0,6.0,5,19.67954950694879,123.4906960556507,pobre,0,2,500.0,663.45001,1.0,33.0,11,480,724,5,1.0
97,0.0,1.0,3.4289999,1.0,3.0,5,19.67954950694879,123.4906960556507,pobre,0,2,500.0,663.45001,1.0,33.0,8,480,725,3,1.0
98,0.0,1.0,3.4289999,1.0,4.0,5,19.67954950694879,123.4906960556507,pobre,0,2,500.0,663.45001,1.0,33.0,9,480,725,3,1.0
97,1.0,1.0,3.4289999,0.0,6.0,6,19.67954950694879,123.4906960556507,pobre,0,3,375.0,632.0,1.0,34.0,13,480,726,6,0.0
98,1.0,1.0,3.4289999,1.0,7.0,6,19.67954950694879,123.4906960556507,pobre,0,3,375.0,632.0,1.0,34.0,14,480,726,6,0.0
97,1.0,1.0,3.4289999,1.0,3.0,6,19.67954950694879,123.4906960556507,pobre,0,3,375.0,632.0,1.0,34.0,8,480,727,3,1.0
98,1.0,1.0,3.4289999,1.0,3.0,6,19.67954950694879,123.4906960556507,pobre,0,3,375.0,632.0,1.0,34.0,9,480,727,3,1.0
97,1.0,1.0,3.4289999,1.0,1.0,9,19.67954950694879,123.4906960556507,pobre,0,0,250.0,647.0,1.0,72.0,8,480,728,1,1.0
98,1.0,1.0,3.4289999,1.0,2.0,9,19.67954950694879,123.4906960556507,pobre,0,0,250.0,647.0,1.0,72.0,9,480,728,1,1.0
97,0.0,1.0,3.4289999,1.0,3.0,9,19.67954950694879,123.4906960556507,pobre,0,0,250.0,647.0,1.0,72.0,6,480,729,3,1.0
98,0.0,1.0,3.4289999,1.0,1.0,9,19.67954950694879,123.4906960556507,pobre,0,0,250.0,647.0,1.0,72.0,7,480,729,3,1.0
97,0.0,1.0,3.4289999,1.0,3.0,9,19.67954950694879,123.4906960556507,pobre,0,0,250.0,647.0,1.0,72.0,6,480,730,3,1.0
98,0.0,1.0,3.4289999,1.0,1.0,9,19.67954950694879,123.4906960556507,pobre,0,0,250.0,647.0,1.0,72.0,7,480,730,3,1.0
97,0.0,1.0,3.4289999,1.0,3.0,5,19.67954950694879,123.4906960556507,pobre,0,1,375.0,650.0,1.0,36.0,10,480,731,3,1.0
98,0.0,1.0,3.4289999,1.0,4.0,5,19.67954950694879,123.4906960556507,pobre,0,1,375.0,650.0,1.0,36.0,11,480,731,3,1.0
97,1.0,1.0,3.4289999,1.0,3.0,5,19.67954950694879,123.4906960556507,pobre,0,1,375.0,650.0,1.0,36.0,6,480,732,3,1.0
98,1.0,1.0,3.4289999,1.0,1.0,5,19.67954950694879,123.4906960556507,pobre,0,1,375.0,650.0,1.0,36.0,7,480,732,3,1.0
97,0.0,1.0,3.4289999,1.0,9.0,6,19.67954950694879,123.4906960556507,pobre,0,1,500.0,685.0,1.0,59.0,16,480,733,9,1.0
98,0.0,1.0,3.4289999,,,6,19.67954950694879,123.4906960556507,pobre,0,1,500.0,685.0,1.0,59.0,17,480,733,9,1.0
97,0.0,1.0,3.4289999,1.0,7.0,6,19.67954950694879,123.4906960556507,pobre,0,1,500.0,685.0,1.0,59.0,13,480,734,7,1.0
98,0.0,1.0,3.4289999,1.0,8.0,6,19.67954950694879,123.4906960556507,pobre,0,1,500.0,685.0,1.0,59.0,14,480,734,7,1.0
97,0.0,1.0,3.4289999,1.0,4.0,6,19.67954950694879,123.4906960556507,pobre,0,1,500.0,685.0,1.0,59.0,11,480,735,4,1.0
98,0.0,1.0,3.4289999,1.0,5.0,6,19.67954950694879,123.4906960556507,pobre,0,1,500.0,685.0,1.0,59.0,12,480,735,4,1.0
97,0.0,1.0,3.4289999,1.0,3.0,6,19.67954950694879,123.4906960556507,pobre,0,1,500.0,685.0,1.0,59.0,6,480,736,3,1.0
98,0.0,1.0,3.4289999,1.0,3.0,6,19.67954950694879,123.4906960556507,pobre,0,1,500.0,685.0,1.0,59.0,7,480,736,3,1.0
97,0.0,1.0,3.4289999,0.0,4.0,4,19.67954950694879,123.4906960556507,no pobre,0,0,300.0,838.0,1.0,66.0,14,480,737,4,0.0
98,0.0,1.0,3.4289999,,,4,19.67954950694879,123.4906960556507,no pobre,0,0,300.0,838.0,1.0,66.0,15,480,737,4,0.0
97,0.0,1.0,3.4289999,1.0,2.0,6,19.67954950694879,123.4906960556507,pobre,0,3,500.0,637.0,1.0,27.0,8,480,738,2,1.0
98,0.0,1.0,3.4289999,1.0,3.0,6,19.67954950694879,123.4906960556507,pobre,0,3,500.0,637.0,1.0,27.0,9,480,738,2,1.0
97,0.0,1.0,3.4289999,1.0,3.0,6,19.67954950694879,123.4906960556507,pobre,0,3,500.0,637.0,1.0,27.0,6,480,739,3,1.0
98,0.0,1.0,3.4289999,1.0,1.0,6,19.67954950694879,123.4906960556507,pobre,0,3,500.0,637.0,1.0,27.0,7,480,739,3,1.0
97,1.0,1.0,3.4289999,1.0,7.0,5,19.67954950694879,123.4906960556507,pobre,0,0,0.0,705.0,0.0,57.0,15,480,740,7,1.0
98,1.0,1.0,3.4289999,,,5,19.67954950694879,123.4906960556507,pobre,0,0,0.0,705.0,0.0,57.0,16,480,740,7,1.0
97,0.0,1.0,3.4289999,0.0,0.0,6,19.67954950694879,123.4906960556507,pobre,0,0,500.0,630.40002,1.0,35.0,16,480,741,0,0.0
98,0.0,1.0,3.4289999,,,6,19.67954950694879,123.4906960556507,pobre,0,0,500.0,630.40002,1.0,35.0,17,480,741,0,0.0
97,0.0,1.0,3.4289999,0.0,6.0,6,19.67954950694879,123.4906960556507,pobre,0,0,500.0,630.40002,1.0,35.0,15,480,742,6,0.0
98,0.0,1.0,3.4289999,0.0,6.0,6,19.67954950694879,123.4906960556507,pobre,0,0,500.0,630.40002,1.0,35.0,16,480,742,6,0.0
97,0.0,1.0,3.4289999,1.0,4.0,6,19.67954950694879,123.4906960556507,pobre,0,0,500.0,630.40002,1.0,35.0,13,480,743,4,1.0
98,0.0,1.0,3.4289999,1.0,5.0,6,19.67954950694879,123.4906960556507,pobre,0,0,500.0,630.40002,1.0,35.0,14,480,743,4,1.0
97,0.0,1.0,3.4289999,1.0,4.0,6,19.67954950694879,123.4906960556507,pobre,0,0,500.0,630.40002,1.0,35.0,10,480,744,4,1.0
98,0.0,1.0,3.4289999,1.0,5.0,6,19.67954950694879,123.4906960556507,pobre,0,0,500.0,630.40002,1.0,35.0,11,480,744,4,1.0
97,1.0,1.0,3.4289999,0.0,5.0,6,19.67954950694879,123.4906960556507,pobre,0,0,500.0,750.40002,1.0,40.0,15,480,745,5,0.0
98,1.0,1.0,3.4289999,0.0,6.0,6,19.67954950694879,123.4906960556507,pobre,0,0,500.0,750.40002,1.0,40.0,16,480,745,5,0.0
97,0.0,1.0,3.4289999,1.0,3.0,6,19.67954950694879,123.4906960556507,pobre,0,0,500.0,750.40002,1.0,40.0,11,480,746,3,1.0
98,0.0,1.0,3.4289999,1.0,4.0,6,19.67954950694879,123.4906960556507,pobre,0,0,500.0,750.40002,1.0,40.0,12,480,746,3,1.0
97,1.0,1.0,3.4289999,0.0,6.0,7,19.67954950694879,123.4906960556507,no pobre,0,2,625.0,810.0,1.0,37.0,16,480,747,6,0.0
98,1.0,1.0,3.4289999,,,7,19.67954950694879,123.4906960556507,no pobre,0,2,625.0,810.0,1.0,37.0,17,480,747,6,0.0
97,1.0,1.0,3.4289999,1.0,7.0,7,19.67954950694879,123.4906960556507,no pobre,0,2,625.0,810.0,1.0,37.0,15,480,748,7,1.0
98,1.0,1.0,3.4289999,1.0,8.0,7,19.67954950694879,123.4906960556507,no pobre,0,2,625.0,810.0,1.0,37.0,16,480,748,7,1.0
97,1.0,1.0,3.4289999,1.0,5.0,7,19.67954950694879,123.4906960556507,no pobre,0,2,625.0,810.0,1.0,37.0,11,480,749,5,1.0
98,1.0,1.0,3.4289999,1.0,6.0,7,19.67954950694879,123.4906960556507,no pobre,0,2,625.0,810.0,1.0,37.0,12,480,749,5,1.0
97,1.0,1.0,3.4289999,1.0,3.0,7,19.67954950694879,123.4906960556507,no pobre,0,2,625.0,810.0,1.0,37.0,6,480,750,3,1.0
98,1.0,1.0,3.4289999,1.0,3.0,7,19.67954950694879,123.4906960556507,no pobre,0,2,625.0,810.0,1.0,37.0,7,480,750,3,1.0
97,1.0,1.0,3.4289999,0.0,6.0,4,19.67954950694879,123.4906960556507,pobre,0,2,500.0,773.0,1.0,43.0,16,480,751,6,0.0
98,1.0,1.0,3.4289999,,,4,19.67954950694879,123.4906960556507,pobre,0,2,500.0,773.0,1.0,43.0,17,480,751,6,0.0
97,1.0,1.0,3.4289999,0.0,6.0,6,19.67954950694879,123.4906960556507,no pobre,0,5,10000.0,750.0,1.0,33.0,11,480,752,6,0.0
98,1.0,1.0,3.4289999,,,6,19.67954950694879,123.4906960556507,no pobre,0,5,10000.0,750.0,1.0,33.0,12,480,752,6,0.0
97,1.0,1.0,3.4289999,1.0,3.0,6,19.67954950694879,123.4906960556507,no pobre,0,5,10000.0,750.0,1.0,33.0,10,480,753,3,1.0
98,1.0,1.0,3.4289999,1.0,4.0,6,19.67954950694879,123.4906960556507,no pobre,0,5,10000.0,750.0,1.0,33.0,11,480,753,3,1.0
97,0.0,1.0,3.4289999,1.0,5.0,5,19.67954950694879,123.4906960556507,no pobre,0,4,500.0,796.0,1.0,56.0,12,480,754,5,1.0
98,0.0,1.0,3.4289999,,,5,19.67954950694879,123.4906960556507,no pobre,0,4,500.0,796.0,1.0,56.0,13,480,754,5,1.0
97,0.0,1.0,3.4289999,1.0,5.0,7,19.67954950694879,123.4906960556507,pobre,0,1,1250.0,762.5,1.0,47.0,15,480,755,5,1.0
98,0.0,1.0,3.4289999,,,7,19.67954950694879,123.4906960556507,pobre,0,1,1250.0,762.5,1.0,47.0,16,480,755,5,1.0
97,1.0,1.0,3.4289999,1.0,1.0,7,19.67954950694879,123.4906960556507,pobre,0,1,1250.0,762.5,1.0,47.0,10,480,756,1,1.0
98,1.0,1.0,3.4289999,1.0,2.0,7,19.67954950694879,123.4906960556507,pobre,0,1,1250.0,762.5,1.0,47.0,11,480,756,1,1.0
97,1.0,1.0,3.4289999,1.0,3.0,6,19.67954950694879,123.4906960556507,pobre,0,0,100.0,621.0,1.0,33.0,11,480,757,3,1.0
98,1.0,1.0,3.4289999,1.0,4.0,6,19.67954950694879,123.4906960556507,pobre,0,0,100.0,621.0,1.0,33.0,12,480,757,3,1.0
97,0.0,1.0,3.4289999,1.0,1.0,6,19.67954950694879,123.4906960556507,pobre,0,0,100.0,621.0,1.0,33.0,8,480,758,1,1.0
98,0.0,1.0,3.4289999,1.0,2.0,6,19.67954950694879,123.4906960556507,pobre,0,0,100.0,621.0,1.0,33.0,9,480,758,1,1.0
97,0.0,1.0,3.4289999,1.0,1.0,6,19.67954950694879,123.4906960556507,pobre,0,0,100.0,621.0,1.0,33.0,6,480,759,1,1.0
98,0.0,1.0,3.4289999,1.0,0.0,6,19.67954950694879,123.4906960556507,pobre,0,0,100.0,621.0,1.0,33.0,7,480,759,1,1.0
97,0.0,1.0,3.4289999,0.0,3.0,8,19.67954950694879,123.4906960556507,no pobre,0,2,750.0,767.0,1.0,42.0,15,480,760,3,0.0
98,0.0,1.0,3.4289999,,,8,19.67954950694879,123.4906960556507,no pobre,0,2,750.0,767.0,1.0,42.0,16,480,760,3,0.0
97,0.0,1.0,3.4289999,1.0,4.0,8,19.67954950694879,123.4906960556507,no pobre,0,2,750.0,767.0,1.0,42.0,13,480,761,4,1.0
98,0.0,1.0,3.4289999,1.0,5.0,8,19.67954950694879,123.4906960556507,no pobre,0,2,750.0,767.0,1.0,42.0,14,480,761,4,1.0
97,0.0,1.0,3.4289999,1.0,3.0,8,19.67954950694879,123.4906960556507,no pobre,0,2,750.0,767.0,1.0,42.0,10,480,762,3,1.0
98,0.0,1.0,3.4289999,1.0,4.0,8,19.67954950694879,123.4906960556507,no pobre,0,2,750.0,767.0,1.0,42.0,11,480,762,3,1.0
97,0.0,1.0,3.4289999,1.0,1.0,8,19.67954950694879,123.4906960556507,no pobre,0,2,750.0,767.0,1.0,42.0,6,480,763,1,1.0
98,0.0,1.0,3.4289999,1.0,2.0,8,19.67954950694879,123.4906960556507,no pobre,0,2,750.0,767.0,1.0,42.0,7,480,763,1,1.0
97,0.0,1.0,3.4289999,0.0,6.0,3,19.67954950694879,123.4906960556507,pobre,0,3,375.0,738.0,1.0,17.0,16,480,764,6,0.0
98,0.0,1.0,3.4289999,,,3,19.67954950694879,123.4906960556507,pobre,0,3,375.0,738.0,1.0,17.0,17,480,764,6,0.0
97,0.0,1.0,3.4289999,0.0,6.0,2,19.67954950694879,123.4906960556507,pobre,0,3,500.0,780.0,1.0,19.0,13,480,765,6,0.0
98,0.0,1.0,3.4289999,,,2,19.67954950694879,123.4906960556507,pobre,0,3,500.0,780.0,1.0,19.0,14,480,765,6,0.0
97,0.0,1.0,3.4289999,1.0,4.0,5,19.67954950694879,123.4906960556507,pobre,0,3,500.0,674.0,1.0,25.0,9,480,766,4,1.0
98,0.0,1.0,3.4289999,1.0,4.0,5,19.67954950694879,123.4906960556507,pobre,0,3,500.0,674.0,1.0,25.0,10,480,766,4,1.0
97,1.0,1.0,3.4289999,0.0,6.0,7,19.67954950694879,123.4906960556507,no pobre,0,0,1500.0,846.0,1.0,52.0,15,480,767,6,0.0
98,1.0,1.0,3.4289999,0.0,6.0,7,19.67954950694879,123.4906960556507,no pobre,0,0,1500.0,846.0,1.0,52.0,16,480,767,6,0.0
97,1.0,1.0,3.4289999,1.0,6.0,7,19.67954950694879,123.4906960556507,no pobre,0,0,1500.0,846.0,1.0,52.0,13,480,768,6,1.0
98,1.0,1.0,3.4289999,1.0,6.0,7,19.67954950694879,123.4906960556507,no pobre,0,0,1500.0,846.0,1.0,52.0,14,480,768,6,1.0
97,0.0,1.0,3.4289999,1.0,4.0,7,19.67954950694879,123.4906960556507,no pobre,0,0,1500.0,846.0,1.0,52.0,10,480,769,4,1.0
98,0.0,1.0,3.4289999,1.0,4.0,7,19.67954950694879,123.4906960556507,no pobre,0,0,1500.0,846.0,1.0,52.0,11,480,769,4,1.0
97,0.0,1.0,3.4289999,1.0,4.0,7,19.67954950694879,123.4906960556507,no pobre,0,0,1500.0,846.0,1.0,52.0,9,480,770,4,1.0
98,0.0,1.0,3.4289999,1.0,4.0,7,19.67954950694879,123.4906960556507,no pobre,0,0,1500.0,846.0,1.0,52.0,10,480,770,4,1.0
97,1.0,1.0,3.4289999,,6.0,9,19.67954950694879,123.4906960556507,no pobre,0,0,750.0,814.0,1.0,37.0,14,480,771,6,
98,1.0,1.0,3.4289999,0.0,6.0,9,19.67954950694879,123.4906960556507,no pobre,0,0,750.0,814.0,1.0,37.0,15,480,771,6,
97,0.0,1.0,3.4289999,,5.0,9,19.67954950694879,123.4906960556507,no pobre,0,0,750.0,814.0,1.0,37.0,12,480,772,5,
98,0.0,1.0,3.4289999,1.0,4.0,9,19.67954950694879,123.4906960556507,no pobre,0,0,750.0,814.0,1.0,37.0,13,480,772,5,
97,1.0,1.0,3.4289999,,3.0,9,19.67954950694879,123.4906960556507,no pobre,0,0,750.0,814.0,1.0,37.0,8,480,773,3,
98,1.0,1.0,3.4289999,1.0,3.0,9,19.67954950694879,123.4906960556507,no pobre,0,0,750.0,814.0,1.0,37.0,9,480,773,3,
97,0.0,1.0,3.4289999,,2.0,9,19.67954950694879,123.4906960556507,no pobre,0,0,750.0,814.0,1.0,37.0,7,480,774,2,
98,0.0,1.0,3.4289999,1.0,1.0,9,19.67954950694879,123.4906960556507,no pobre,0,0,750.0,814.0,1.0,37.0,8,480,774,2,
97,0.0,1.0,3.4289999,,0.0,6,19.67954950694879,123.4906960556507,pobre,0,0,375.0,609.0,1.0,40.0,7,480,775,0,
98,0.0,1.0,3.4289999,1.0,2.0,6,19.67954950694879,123.4906960556507,pobre,0,0,375.0,609.0,1.0,40.0,8,480,775,0,
97,0.0,1.0,3.4289999,1.0,5.0,6,19.67954950694879,123.4906960556507,pobre,0,3,500.0,641.0,1.0,28.0,11,480,776,5,1.0
98,0.0,1.0,3.4289999,1.0,5.0,6,19.67954950694879,123.4906960556507,pobre,0,3,500.0,641.0,1.0,28.0,12,480,776,5,1.0
97,0.0,1.0,3.4289999,1.0,4.0,6,19.67954950694879,123.4906960556507,pobre,0,3,500.0,641.0,1.0,28.0,9,480,777,4,1.0
98,0.0,1.0,3.4289999,1.0,4.0,6,19.67954950694879,123.4906960556507,pobre,0,3,500.0,641.0,1.0,28.0,10,480,777,4,1.0
97,1.0,1.0,3.4289999,1.0,1.0,6,19.67954950694879,123.4906960556507,pobre,0,3,500.0,641.0,1.0,28.0,6,480,778,1,1.0
98,1.0,1.0,3.4289999,1.0,1.0,6,19.67954950694879,123.4906960556507,pobre,0,3,500.0,641.0,1.0,28.0,7,480,778,1,1.0
97,0.0,1.0,3.4289999,1.0,8.0,6,19.67954950694879,123.4906960556507,no pobre,0,5,500.0,755.0,1.0,37.0,14,480,779,8,1.0
98,0.0,1.0,3.4289999,1.0,10.0,6,19.67954950694879,123.4906960556507,no pobre,0,5,500.0,755.0,1.0,37.0,15,480,779,8,1.0
97,1.0,1.0,3.4289999,1.0,7.0,6,19.67954950694879,123.4906960556507,no pobre,0,5,500.0,755.0,1.0,37.0,13,480,780,7,1.0
98,1.0,1.0,3.4289999,1.0,8.0,6,19.67954950694879,123.4906960556507,no pobre,0,5,500.0,755.0,1.0,37.0,14,480,780,7,1.0
97,1.0,1.0,3.4289999,1.0,5.0,6,19.67954950694879,123.4906960556507,no pobre,0,5,500.0,755.0,1.0,37.0,9,480,781,5,1.0
98,1.0,1.0,3.4289999,1.0,6.0,6,19.67954950694879,123.4906960556507,no pobre,0,5,500.0,755.0,1.0,37.0,10,480,781,5,1.0
97,0.0,1.0,3.4289999,0.0,5.0,7,19.67954950694879,123.4906960556507,pobre,0,3,500.0,617.0,1.0,40.0,15,480,782,5,0.0
98,0.0,1.0,3.4289999,1.0,5.0,7,19.67954950694879,123.4906960556507,pobre,0,3,500.0,617.0,1.0,40.0,16,480,782,5,0.0
97,0.0,1.0,3.4289999,1.0,5.0,7,19.67954950694879,123.4906960556507,pobre,0,3,500.0,617.0,1.0,40.0,13,480,783,5,1.0
98,0.0,1.0,3.4289999,1.0,5.0,7,19.67954950694879,123.4906960556507,pobre,0,3,500.0,617.0,1.0,40.0,14,480,783,5,1.0
97,0.0,1.0,3.4289999,1.0,4.0,7,19.67954950694879,123.4906960556507,pobre,0,3,500.0,617.0,1.0,40.0,10,480,784,4,1.0
98,0.0,1.0,3.4289999,1.0,4.0,7,19.67954950694879,123.4906960556507,pobre,0,3,500.0,617.0,1.0,40.0,11,480,784,4,1.0
97,1.0,1.0,3.4289999,0.0,6.0,5,19.67954950694879,123.4906960556507,pobre,0,2,500.0,787.0,1.0,41.0,16,480,785,6,0.0
98,1.0,1.0,3.4289999,,,5,19.67954950694879,123.4906960556507,pobre,0,2,500.0,787.0,1.0,41.0,17,480,785,6,0.0
97,0.0,1.0,3.4289999,1.0,2.0,5,19.67954950694879,123.4906960556507,pobre,0,2,500.0,787.0,1.0,41.0,10,480,786,2,1.0
98,0.0,1.0,3.4289999,1.0,3.0,5,19.67954950694879,123.4906960556507,pobre,0,2,500.0,787.0,1.0,41.0,11,480,786,2,1.0
97,1.0,1.0,3.4289999,1.0,5.0,9,19.67954950694879,123.4906960556507,pobre,0,2,375.0,521.0,1.0,32.0,13,480,787,5,1.0
98,1.0,1.0,3.4289999,0.0,6.0,9,19.67954950694879,123.4906960556507,pobre,0,2,375.0,521.0,1.0,32.0,14,480,787,5,1.0
97,1.0,1.0,3.4289999,1.0,3.0,9,19.67954950694879,123.4906960556507,pobre,0,2,375.0,521.0,1.0,32.0,11,480,788,3,1.0
98,1.0,1.0,3.4289999,1.0,4.0,9,19.67954950694879,123.4906960556507,pobre,0,2,375.0,521.0,1.0,32.0,12,480,788,3,1.0
97,0.0,1.0,3.4289999,1.0,1.0,9,19.67954950694879,123.4906960556507,pobre,0,2,375.0,521.0,1.0,32.0,10,480,789,1,1.0
98,0.0,1.0,3.4289999,1.0,2.0,9,19.67954950694879,123.4906960556507,pobre,0,2,375.0,521.0,1.0,32.0,11,480,789,1,1.0
97,0.0,1.0,3.4289999,1.0,3.0,9,19.67954950694879,123.4906960556507,pobre,0,2,375.0,521.0,1.0,32.0,8,480,790,3,1.0
98,0.0,1.0,3.4289999,1.0,4.0,9,19.67954950694879,123.4906960556507,pobre,0,2,375.0,521.0,1.0,32.0,9,480,790,3,1.0
97,1.0,1.0,3.4289999,1.0,3.0,9,19.67954950694879,123.4906960556507,pobre,0,2,375.0,521.0,1.0,32.0,6,480,791,3,1.0
98,1.0,1.0,3.4289999,1.0,3.0,9,19.67954950694879,123.4906960556507,pobre,0,2,375.0,521.0,1.0,32.0,7,480,791,3,1.0
97,0.0,1.0,3.4289999,1.0,2.0,7,19.67954950694879,123.4906960556507,pobre,0,2,375.0,699.0,1.0,34.0,11,480,792,2,1.0
98,0.0,1.0,3.4289999,1.0,3.0,7,19.67954950694879,123.4906960556507,pobre,0,2,375.0,699.0,1.0,34.0,12,480,792,2,1.0
97,0.0,1.0,3.4289999,0.0,6.0,8,19.67954950694879,123.4906960556507,pobre,0,9,375.0,610.0,1.0,39.0,14,480,793,6,0.0
98,0.0,1.0,3.4289999,1.0,6.0,8,19.67954950694879,123.4906960556507,pobre,0,9,375.0,610.0,1.0,39.0,15,480,793,6,0.0
97,0.0,1.0,3.4289999,1.0,3.0,8,19.67954950694879,123.4906960556507,pobre,0,9,375.0,610.0,1.0,39.0,10,480,794,3,1.0
98,0.0,1.0,3.4289999,1.0,4.0,8,19.67954950694879,123.4906960556507,pobre,0,9,375.0,610.0,1.0,39.0,11,480,794,3,1.0
97,1.0,1.0,3.4289999,1.0,2.0,8,19.67954950694879,123.4906960556507,pobre,0,9,375.0,610.0,1.0,39.0,8,480,795,2,1.0
98,1.0,1.0,3.4289999,1.0,3.0,8,19.67954950694879,123.4906960556507,pobre,0,9,375.0,610.0,1.0,39.0,9,480,795,2,1.0
97,1.0,1.0,3.4289999,1.0,3.0,8,19.67954950694879,123.4906960556507,pobre,0,9,375.0,610.0,1.0,39.0,6,480,796,3,1.0
98,1.0,1.0,3.4289999,1.0,3.0,8,19.67954950694879,123.4906960556507,pobre,0,9,375.0,610.0,1.0,39.0,7,480,796,3,1.0
97,1.0,1.0,3.4289999,1.0,7.0,6,19.67954950694879,123.4906960556507,pobre,0,0,600.0,643.40002,1.0,32.0,13,480,797,7,1.0
98,1.0,1.0,3.4289999,1.0,8.0,6,19.67954950694879,123.4906960556507,pobre,0,0,600.0,643.40002,1.0,32.0,14,480,797,7,1.0
97,0.0,1.0,3.4289999,0.0,3.0,6,19.67954950694879,123.4906960556507,pobre,0,0,600.0,643.40002,1.0,32.0,11,480,798,3,0.0
98,0.0,1.0,3.4289999,1.0,3.0,6,19.67954950694879,123.4906960556507,pobre,0,0,600.0,643.40002,1.0,32.0,12,480,798,3,0.0
97,1.0,1.0,3.4289999,1.0,1.0,6,19.67954950694879,123.4906960556507,pobre,0,0,600.0,643.40002,1.0,32.0,7,480,799,1,1.0
98,1.0,1.0,3.4289999,1.0,2.0,6,19.67954950694879,123.4906960556507,pobre,0,0,600.0,643.40002,1.0,32.0,8,480,799,1,1.0
97,1.0,1.0,3.4289999,1.0,2.0,9,19.67954950694879,123.4906960556507,pobre,0,0,0.0,554.0,1.0,67.0,8,480,800,2,1.0
98,1.0,1.0,3.4289999,,,9,19.67954950694879,123.4906960556507,pobre,0,0,0.0,554.0,1.0,67.0,9,480,800,2,1.0
97,0.0,1.0,3.4289999,1.0,3.0,9,19.67954950694879,123.4906960556507,pobre,0,0,0.0,554.0,1.0,67.0,6,480,801,3,1.0
98,0.0,1.0,3.4289999,,,9,19.67954950694879,123.4906960556507,pobre,0,0,0.0,554.0,1.0,67.0,7,480,801,3,1.0
97,0.0,1.0,3.4289999,1.0,1.0,4,19.67954950694879,123.4906960556507,pobre,0,4,500.0,737.0,1.0,26.0,6,480,802,1,1.0
98,0.0,1.0,3.4289999,1.0,2.0,4,19.67954950694879,123.4906960556507,pobre,0,4,500.0,737.0,1.0,26.0,7,480,802,1,1.0
97,1.0,1.0,3.4289999,0.0,6.0,8,19.67954950694879,123.4906960556507,pobre,0,0,250.0,732.40002,1.0,43.0,14,480,803,6,0.0
98,1.0,1.0,3.4289999,0.0,6.0,8,19.67954950694879,123.4906960556507,pobre,0,0,250.0,732.40002,1.0,43.0,15,480,803,6,0.0
97,0.0,1.0,3.4289999,0.0,6.0,8,19.67954950694879,123.4906960556507,pobre,0,0,250.0,732.40002,1.0,43.0,13,480,804,6,0.0
98,0.0,1.0,3.4289999,0.0,6.0,8,19.67954950694879,123.4906960556507,pobre,0,0,250.0,732.40002,1.0,43.0,14,480,804,6,0.0
97,1.0,1.0,3.4289999,1.0,4.0,8,19.67954950694879,123.4906960556507,pobre,0,0,250.0,732.40002,1.0,43.0,11,480,805,4,1.0
98,1.0,1.0,3.4289999,1.0,5.0,8,19.67954950694879,123.4906960556507,pobre,0,0,250.0,732.40002,1.0,43.0,12,480,805,4,1.0
97,0.0,1.0,3.4289999,1.0,0.0,8,19.67954950694879,123.4906960556507,pobre,0,0,250.0,732.40002,1.0,43.0,8,480,806,0,1.0
98,0.0,1.0,3.4289999,1.0,3.0,8,19.67954950694879,123.4906960556507,pobre,0,0,250.0,732.40002,1.0,43.0,9,480,806,0,1.0
97,0.0,1.0,3.4289999,1.0,4.0,8,19.67954950694879,123.4906960556507,pobre,0,0,375.0,674.0,1.0,52.0,11,480,807,4,1.0
98,0.0,1.0,3.4289999,1.0,5.0,8,19.67954950694879,123.4906960556507,pobre,0,0,375.0,674.0,1.0,52.0,12,480,807,4,1.0
97,1.0,1.0,3.4289999,1.0,1.0,8,19.67954950694879,123.4906960556507,pobre,0,0,375.0,674.0,1.0,52.0,7,480,808,1,1.0
98,1.0,1.0,3.4289999,1.0,2.0,8,19.67954950694879,123.4906960556507,pobre,0,0,375.0,674.0,1.0,52.0,8,480,808,1,1.0
97,1.0,1.0,3.4289999,1.0,4.0,5,19.67954950694879,123.4906960556507,pobre,0,4,750.0,684.0,1.0,32.0,12,480,809,4,1.0
98,1.0,1.0,3.4289999,1.0,4.0,5,19.67954950694879,123.4906960556507,pobre,0,4,750.0,684.0,1.0,32.0,13,480,809,4,1.0
97,0.0,1.0,3.4289999,1.0,3.0,5,19.67954950694879,123.4906960556507,pobre,0,4,750.0,684.0,1.0,32.0,10,480,810,3,1.0
98,0.0,1.0,3.4289999,1.0,3.0,5,19.67954950694879,123.4906960556507,pobre,0,4,750.0,684.0,1.0,32.0,11,480,810,3,1.0
97,1.0,1.0,3.4289999,1.0,3.0,5,19.67954950694879,123.4906960556507,pobre,0,4,750.0,684.0,1.0,32.0,9,480,811,3,1.0
98,1.0,1.0,3.4289999,1.0,4.0,5,19.67954950694879,123.4906960556507,pobre,0,4,750.0,684.0,1.0,32.0,10,480,811,3,1.0
97,1.0,1.0,3.4289999,0.0,6.0,6,19.67954950694879,123.4906960556507,pobre,0,2,500.0,665.0,1.0,37.0,16,480,812,6,0.0
98,1.0,1.0,3.4289999,,,6,19.67954950694879,123.4906960556507,pobre,0,2,500.0,665.0,1.0,37.0,17,480,812,6,0.0
97,1.0,1.0,3.4289999,1.0,6.0,6,19.67954950694879,123.4906960556507,pobre,0,2,500.0,665.0,1.0,37.0,14,480,813,6,1.0
98,1.0,1.0,3.4289999,0.0,6.0,6,19.67954950694879,123.4906960556507,pobre,0,2,500.0,665.0,1.0,37.0,15,480,813,6,1.0
97,1.0,1.0,3.4289999,1.0,5.0,6,19.67954950694879,123.4906960556507,pobre,0,2,500.0,665.0,1.0,37.0,12,480,814,5,1.0
98,1.0,1.0,3.4289999,1.0,5.0,6,19.67954950694879,123.4906960556507,pobre,0,2,500.0,665.0,1.0,37.0,13,480,814,5,1.0
97,1.0,1.0,3.4289999,1.0,1.0,6,19.67954950694879,123.4906960556507,pobre,0,2,500.0,665.0,1.0,37.0,6,480,815,1,1.0
98,1.0,1.0,3.4289999,1.0,1.0,6,19.67954950694879,123.4906960556507,pobre,0,2,500.0,665.0,1.0,37.0,7,480,815,1,1.0
97,0.0,1.0,3.4289999,0.0,6.0,8,19.67954950694879,123.4906960556507,pobre,0,4,625.0,556.0,1.0,31.0,13,480,816,6,0.0
98,0.0,1.0,3.4289999,0.0,6.0,8,19.67954950694879,123.4906960556507,pobre,0,4,625.0,556.0,1.0,31.0,14,480,816,6,0.0
97,1.0,1.0,3.4289999,,0.0,8,19.67954950694879,123.4906960556507,pobre,0,4,625.0,556.0,1.0,31.0,11,480,817,0,
98,1.0,1.0,3.4289999,1.0,2.0,8,19.67954950694879,123.4906960556507,pobre,0,4,625.0,556.0,1.0,31.0,12,480,817,0,
97,0.0,1.0,3.4289999,1.0,2.0,8,19.67954950694879,123.4906960556507,pobre,0,4,625.0,556.0,1.0,31.0,9,480,818,2,1.0
98,0.0,1.0,3.4289999,1.0,2.0,8,19.67954950694879,123.4906960556507,pobre,0,4,625.0,556.0,1.0,31.0,10,480,818,2,1.0
97,0.0,1.0,3.4289999,1.0,1.0,8,19.67954950694879,123.4906960556507,pobre,0,4,625.0,556.0,1.0,31.0,7,480,819,1,1.0
98,0.0,1.0,3.4289999,1.0,2.0,8,19.67954950694879,123.4906960556507,pobre,0,4,625.0,556.0,1.0,31.0,8,480,819,1,1.0
97,0.0,1.0,3.4289999,,2.0,8,19.67954950694879,123.4906960556507,pobre,0,4,1250.0,683.0,1.0,28.0,10,480,820,2,
98,0.0,1.0,3.4289999,1.0,3.0,8,19.67954950694879,123.4906960556507,pobre,0,4,1250.0,683.0,1.0,28.0,11,480,820,2,
97,0.0,1.0,3.4289999,,1.0,8,19.67954950694879,123.4906960556507,pobre,0,4,1250.0,683.0,1.0,28.0,8,480,821,1,
98,0.0,1.0,3.4289999,1.0,2.0,8,19.67954950694879,123.4906960556507,pobre,0,4,1250.0,683.0,1.0,28.0,9,480,821,1,
97,1.0,1.0,3.4289999,,2.0,6,19.67954950694879,123.4906960556507,pobre,0,3,500.0,636.0,1.0,24.0,7,480,822,2,
98,1.0,1.0,3.4289999,1.0,3.0,6,19.67954950694879,123.4906960556507,pobre,0,3,500.0,636.0,1.0,24.0,8,480,822,2,
97,0.0,1.0,3.4289999,,1.0,6,19.67954950694879,123.4906960556507,pobre,0,3,500.0,636.0,1.0,24.0,7,480,823,1,
98,0.0,1.0,3.4289999,1.0,2.0,6,19.67954950694879,123.4906960556507,pobre,0,3,500.0,636.0,1.0,24.0,8,480,823,1,
97,0.0,1.0,3.4289999,1.0,6.0,10,19.67954950694879,123.4906960556507,pobre,0,2,500.0,678.0,1.0,53.0,16,480,824,6,1.0
98,0.0,1.0,3.4289999,,,10,19.67954950694879,123.4906960556507,pobre,0,2,500.0,678.0,1.0,53.0,17,480,824,6,1.0
97,0.0,1.0,3.4289999,1.0,5.0,10,19.67954950694879,123.4906960556507,pobre,0,2,500.0,678.0,1.0,53.0,11,480,825,5,1.0
98,0.0,1.0,3.4289999,1.0,5.0,10,19.67954950694879,123.4906960556507,pobre,0,2,500.0,678.0,1.0,53.0,12,480,825,5,1.0
97,1.0,1.0,3.4289999,1.0,3.0,10,19.67954950694879,123.4906960556507,pobre,0,2,500.0,678.0,1.0,53.0,8,480,826,3,1.0
98,1.0,1.0,3.4289999,1.0,4.0,10,19.67954950694879,123.4906960556507,pobre,0,2,500.0,678.0,1.0,53.0,9,480,826,3,1.0
97,0.0,1.0,3.4289999,,0.0,3,19.67954950694879,123.4906960556507,pobre,0,1,375.0,628.45001,1.0,82.0,14,480,827,0,
98,0.0,1.0,3.4289999,,,3,19.67954950694879,123.4906960556507,pobre,0,1,375.0,628.45001,1.0,82.0,15,480,827,0,
97,0.0,1.0,3.4289999,1.0,4.0,7,19.67954950694879,123.4906960556507,no pobre,0,2,500.0,835.0,1.0,45.0,13,480,828,4,1.0
98,0.0,1.0,3.4289999,0.0,5.0,7,19.67954950694879,123.4906960556507,no pobre,0,2,500.0,835.0,1.0,45.0,14,480,828,4,1.0
97,0.0,1.0,3.4289999,1.0,3.0,7,19.67954950694879,123.4906960556507,no pobre,0,2,500.0,835.0,1.0,45.0,10,480,829,3,1.0
98,0.0,1.0,3.4289999,1.0,4.0,7,19.67954950694879,123.4906960556507,no pobre,0,2,500.0,835.0,1.0,45.0,11,480,829,3,1.0
97,1.0,1.0,3.4289999,1.0,0.0,7,19.67954950694879,123.4906960556507,no pobre,0,2,500.0,835.0,1.0,45.0,7,480,830,0,1.0
98,1.0,1.0,3.4289999,1.0,1.0,7,19.67954950694879,123.4906960556507,no pobre,0,2,500.0,835.0,1.0,45.0,8,480,830,0,1.0
97,1.0,1.0,3.4289999,1.0,0.0,7,19.67954950694879,123.4906960556507,no pobre,0,2,500.0,835.0,1.0,45.0,6,480,831,0,1.0
98,1.0,1.0,3.4289999,1.0,1.0,7,19.67954950694879,123.4906960556507,no pobre,0,2,500.0,835.0,1.0,45.0,7,480,831,0,1.0
97,0.0,1.0,3.4289999,1.0,4.0,6,19.67954950694879,123.4906960556507,pobre,0,1,500.0,627.0,1.0,28.0,11,480,832,4,1.0
98,0.0,1.0,3.4289999,,,6,19.67954950694879,123.4906960556507,pobre,0,1,500.0,627.0,1.0,28.0,12,480,832,4,1.0
97,0.0,1.0,3.4289999,1.0,3.0,6,19.67954950694879,123.4906960556507,pobre,0,1,500.0,627.0,1.0,28.0,9,480,833,3,1.0
98,0.0,1.0,3.4289999,,,6,19.67954950694879,123.4906960556507,pobre,0,1,500.0,627.0,1.0,28.0,10,480,833,3,1.0
97,1.0,1.0,3.4289999,1.0,0.0,6,19.67954950694879,123.4906960556507,pobre,0,1,500.0,627.0,1.0,28.0,6,480,834,0,1.0
98,1.0,1.0,3.4289999,,,6,19.67954950694879,123.4906960556507,pobre,0,1,500.0,627.0,1.0,28.0,7,480,834,0,1.0
97,1.0,0.0,3.4289999,1.0,1.0,4,19.67954950694879,123.4906960556507,no pobre,0,3,1000.0,975.0,1.0,27.0,7,480,835,1,1.0
98,1.0,0.0,3.4289999,,,4,19.67954950694879,123.4906960556507,no pobre,0,3,1000.0,975.0,1.0,27.0,8,480,835,1,1.0
97,1.0,0.0,3.4289999,1.0,0.0,4,19.67954950694879,123.4906960556507,no pobre,0,3,1000.0,975.0,1.0,27.0,6,480,836,0,1.0
98,1.0,0.0,3.4289999,,,4,19.67954950694879,123.4906960556507,no pobre,0,3,1000.0,975.0,1.0,27.0,7,480,836,0,1.0
97,1.0,1.0,3.4289999,1.0,6.0,5,19.67954950694879,123.4906960556507,pobre,0,3,250.0,771.0,1.0,44.0,13,480,837,6,1.0
98,1.0,1.0,3.4289999,1.0,7.0,5,19.67954950694879,123.4906960556507,pobre,0,3,250.0,771.0,1.0,44.0,14,480,837,6,1.0
97,0.0,1.0,3.4289999,1.0,4.0,5,19.67954950694879,123.4906960556507,pobre,0,3,250.0,771.0,1.0,44.0,9,480,838,4,1.0
98,0.0,1.0,3.4289999,1.0,4.0,5,19.67954950694879,123.4906960556507,pobre,0,3,250.0,771.0,1.0,44.0,10,480,838,4,1.0
97,0.0,1.0,3.4289999,1.0,0.0,5,19.67954950694879,123.4906960556507,pobre,0,3,250.0,771.0,1.0,44.0,6,480,839,0,1.0
98,0.0,1.0,3.4289999,1.0,1.0,5,19.67954950694879,123.4906960556507,pobre,0,3,250.0,771.0,1.0,44.0,7,480,839,0,1.0
97,0.0,0.0,3.4289999,1.0,5.0,8,19.67954950694879,123.4906960556507,pobre,0,0,500.0,580.0,1.0,39.0,14,480,840,5,1.0
98,0.0,0.0,3.4289999,1.0,6.0,8,19.67954950694879,123.4906960556507,pobre,0,0,500.0,580.0,1.0,39.0,15,480,840,5,1.0
97,0.0,1.0,3.4289999,1.0,2.0,8,19.67954950694879,123.4906960556507,pobre,0,0,500.0,580.0,1.0,39.0,9,480,841,2,1.0
98,0.0,1.0,3.4289999,1.0,3.0,8,19.67954950694879,123.4906960556507,pobre,0,0,500.0,580.0,1.0,39.0,10,480,841,2,1.0
97,1.0,1.0,3.4289999,,0.0,8,19.67954950694879,123.4906960556507,pobre,0,0,500.0,580.0,1.0,39.0,6,480,842,0,
98,1.0,1.0,3.4289999,1.0,1.0,8,19.67954950694879,123.4906960556507,pobre,0,0,500.0,580.0,1.0,39.0,7,480,842,0,
97,1.0,1.0,3.4289999,1.0,0.0,3,19.67954950694879,123.4906960556507,pobre,0,0,250.0,742.0,1.0,54.0,7,480,843,0,1.0
98,1.0,1.0,3.4289999,1.0,1.0,3,19.67954950694879,123.4906960556507,pobre,0,0,250.0,742.0,1.0,54.0,8,480,843,0,1.0
97,0.0,1.0,3.4289999,1.0,5.0,4,19.67954950694879,123.4906960556507,pobre,0,1,500.0,743.0,1.0,50.0,13,480,844,5,1.0
98,0.0,1.0,3.4289999,,,4,19.67954950694879,123.4906960556507,pobre,0,1,500.0,743.0,1.0,50.0,14,480,844,5,1.0
97,0.0,1.0,3.4289999,1.0,8.0,7,19.67954950694879,123.4906960556507,pobre,0,2,0.0,629.60999,1.0,39.0,15,480,845,8,1.0
98,0.0,1.0,3.4289999,1.0,9.0,7,19.67954950694879,123.4906960556507,pobre,0,2,0.0,629.60999,1.0,39.0,16,480,845,8,1.0
97,1.0,1.0,3.4289999,1.0,4.0,7,19.67954950694879,123.4906960556507,pobre,0,2,0.0,629.60999,1.0,39.0,11,480,846,4,1.0
98,1.0,1.0,3.4289999,1.0,5.0,7,19.67954950694879,123.4906960556507,pobre,0,2,0.0,629.60999,1.0,39.0,12,480,846,4,1.0
97,0.0,1.0,3.4289999,1.0,2.0,7,19.67954950694879,123.4906960556507,pobre,0,2,0.0,629.60999,1.0,39.0,8,480,847,2,1.0
98,0.0,1.0,3.4289999,1.0,3.0,7,19.67954950694879,123.4906960556507,pobre,0,2,0.0,629.60999,1.0,39.0,9,480,847,2,1.0
97,0.0,1.0,3.4289999,1.0,0.0,7,19.67954950694879,123.4906960556507,pobre,0,2,0.0,629.60999,1.0,39.0,6,480,848,0,1.0
98,0.0,1.0,3.4289999,1.0,0.0,7,19.67954950694879,123.4906960556507,pobre,0,2,0.0,629.60999,1.0,39.0,7,480,848,0,1.0
97,0.0,1.0,3.4289999,1.0,4.0,7,19.67954950694879,123.4906960556507,pobre,0,2,375.0,593.0,1.0,36.0,11,480,849,4,1.0
98,0.0,1.0,3.4289999,1.0,5.0,7,19.67954950694879,123.4906960556507,pobre,0,2,375.0,593.0,1.0,36.0,12,480,849,4,1.0
97,0.0,1.0,3.4289999,1.0,3.0,7,19.67954950694879,123.4906960556507,pobre,0,2,375.0,593.0,1.0,36.0,8,480,850,3,1.0
98,0.0,1.0,3.4289999,1.0,3.0,7,19.67954950694879,123.4906960556507,pobre,0,2,375.0,593.0,1.0,36.0,9,480,850,3,1.0
97,1.0,1.0,3.4289999,1.0,1.0,7,19.67954950694879,123.4906960556507,pobre,0,2,375.0,593.0,1.0,36.0,6,480,851,1,1.0
98,1.0,1.0,3.4289999,1.0,1.0,7,19.67954950694879,123.4906960556507,pobre,0,2,375.0,593.0,1.0,36.0,7,480,851,1,1.0
97,1.0,1.0,3.4289999,0.0,4.0,7,19.67954950694879,123.4906960556507,pobre,0,1,375.0,672.0,1.0,46.0,13,480,852,4,0.0
98,1.0,1.0,3.4289999,0.0,3.0,7,19.67954950694879,123.4906960556507,pobre,0,1,375.0,672.0,1.0,46.0,14,480,852,4,0.0
97,1.0,1.0,3.4289999,1.0,5.0,7,19.67954950694879,123.4906960556507,pobre,0,1,375.0,672.0,1.0,46.0,11,480,853,5,1.0
98,1.0,1.0,3.4289999,1.0,5.0,7,19.67954950694879,123.4906960556507,pobre,0,1,375.0,672.0,1.0,46.0,12,480,853,5,1.0
97,1.0,1.0,3.4289999,1.0,3.0,7,19.67954950694879,123.4906960556507,pobre,0,1,375.0,672.0,1.0,46.0,9,480,854,3,1.0
98,1.0,1.0,3.4289999,1.0,4.0,7,19.67954950694879,123.4906960556507,pobre,0,1,375.0,672.0,1.0,46.0,10,480,854,3,1.0
97,1.0,1.0,3.4289999,1.0,1.0,7,19.67954950694879,123.4906960556507,pobre,0,1,375.0,672.0,1.0,46.0,6,480,855,1,1.0
98,1.0,1.0,3.4289999,1.0,1.0,7,19.67954950694879,123.4906960556507,pobre,0,1,375.0,672.0,1.0,46.0,7,480,855,1,1.0
97,0.0,1.0,3.4289999,1.0,6.0,6,19.67954950694879,123.4906960556507,pobre,0,2,500.0,765.0,1.0,50.0,14,480,856,6,1.0
98,0.0,1.0,3.4289999,0.0,6.0,6,19.67954950694879,123.4906960556507,pobre,0,2,500.0,765.0,1.0,50.0,15,480,856,6,1.0
97,0.0,1.0,3.4289999,1.0,1.0,6,19.67954950694879,123.4906960556507,pobre,0,2,500.0,765.0,1.0,50.0,6,480,857,1,1.0
98,0.0,1.0,3.4289999,1.0,2.0,6,19.67954950694879,123.4906960556507,pobre,0,2,500.0,765.0,1.0,50.0,7,480,857,1,1.0
97,1.0,1.0,3.4289999,0.0,2.0,10,19.67954950694879,123.4906960556507,pobre,0,2,500.0,728.0,1.0,35.0,16,480,858,2,0.0
98,1.0,1.0,3.4289999,,,10,19.67954950694879,123.4906960556507,pobre,0,2,500.0,728.0,1.0,35.0,17,480,858,2,0.0
97,1.0,1.0,3.4289999,0.0,6.0,10,19.67954950694879,123.4906960556507,pobre,0,2,500.0,728.0,1.0,35.0,14,480,859,6,0.0
98,1.0,1.0,3.4289999,0.0,6.0,10,19.67954950694879,123.4906960556507,pobre,0,2,500.0,728.0,1.0,35.0,15,480,859,6,0.0
97,0.0,1.0,3.4289999,1.0,2.0,10,19.67954950694879,123.4906960556507,pobre,0,2,500.0,728.0,1.0,35.0,9,480,860,2,1.0
98,0.0,1.0,3.4289999,1.0,2.0,10,19.67954950694879,123.4906960556507,pobre,0,2,500.0,728.0,1.0,35.0,10,480,860,2,1.0
97,0.0,1.0,3.4289999,1.0,2.0,10,19.67954950694879,123.4906960556507,pobre,0,2,500.0,728.0,1.0,35.0,7,480,861,2,1.0
98,0.0,1.0,3.4289999,1.0,2.0,10,19.67954950694879,123.4906960556507,pobre,0,2,500.0,728.0,1.0,35.0,8,480,861,2,1.0
97,1.0,1.0,3.4289999,1.0,4.0,10,19.67954950694879,123.4906960556507,pobre,0,2,500.0,728.0,1.0,35.0,11,480,862,4,1.0
98,1.0,1.0,3.4289999,1.0,4.0,10,19.67954950694879,123.4906960556507,pobre,0,2,500.0,728.0,1.0,35.0,12,480,862,4,1.0
97,1.0,0.0,3.898,0.0,5.0,9,60.83811012597582,68.62493456571534,pobre,basal,1,625.0,614.0,1.0,30.0,13,403,863,5,0.0
98,1.0,0.0,3.898,0.0,6.0,9,60.83811012597582,68.62493456571534,pobre,basal,1,625.0,614.0,1.0,30.0,14,403,863,5,0.0
97,1.0,0.0,3.898,1.0,3.0,9,60.83811012597582,68.62493456571534,pobre,basal,1,625.0,614.0,1.0,30.0,10,403,864,3,1.0
98,1.0,0.0,3.898,1.0,3.0,9,60.83811012597582,68.62493456571534,pobre,basal,1,625.0,614.0,1.0,30.0,11,403,864,3,1.0
97,0.0,0.0,3.898,1.0,0.0,9,60.83811012597582,68.62493456571534,pobre,basal,1,625.0,614.0,1.0,30.0,7,403,865,0,1.0
98,0.0,0.0,3.898,1.0,1.0,9,60.83811012597582,68.62493456571534,pobre,basal,1,625.0,614.0,1.0,30.0,8,403,865,0,1.0
97,1.0,0.0,3.898,1.0,2.0,3,60.83811012597582,68.62493456571534,pobre,basal,2,625.0,775.0,1.0,30.0,8,403,866,2,1.0
98,1.0,0.0,3.898,1.0,3.0,3,60.83811012597582,68.62493456571534,pobre,basal,2,625.0,775.0,1.0,30.0,9,403,866,2,1.0
97,0.0,0.0,3.898,0.0,3.0,6,60.83811012597582,68.62493456571534,pobre,basal,0,750.0,841.0,1.0,41.0,14,403,867,3,0.0
98,0.0,0.0,3.898,,,6,60.83811012597582,68.62493456571534,pobre,basal,0,750.0,841.0,1.0,41.0,15,403,867,3,0.0
97,1.0,0.0,3.898,1.0,2.0,6,60.83811012597582,68.62493456571534,pobre,basal,0,750.0,841.0,1.0,41.0,12,403,868,2,1.0
98,1.0,0.0,3.898,1.0,3.0,6,60.83811012597582,68.62493456571534,pobre,basal,0,750.0,841.0,1.0,41.0,13,403,868,2,1.0
97,1.0,0.0,3.898,1.0,5.0,6,60.83811012597582,68.62493456571534,pobre,basal,2,750.0,738.0,1.0,49.0,13,403,869,5,1.0
98,1.0,0.0,3.898,1.0,5.0,6,60.83811012597582,68.62493456571534,pobre,basal,2,750.0,738.0,1.0,49.0,14,403,869,5,1.0
97,1.0,0.0,3.898,1.0,2.0,6,60.83811012597582,68.62493456571534,pobre,basal,2,750.0,738.0,1.0,49.0,13,403,870,2,1.0
98,1.0,0.0,3.898,1.0,3.0,6,60.83811012597582,68.62493456571534,pobre,basal,2,750.0,738.0,1.0,49.0,14,403,870,2,1.0
97,1.0,0.0,3.898,1.0,2.0,6,60.83811012597582,68.62493456571534,pobre,basal,2,750.0,738.0,1.0,49.0,7,403,871,2,1.0
98,1.0,0.0,3.898,1.0,2.0,6,60.83811012597582,68.62493456571534,pobre,basal,2,750.0,738.0,1.0,49.0,8,403,871,2,1.0
97,0.0,0.0,3.898,1.0,3.0,4,60.83811012597582,68.62493456571534,no pobre,basal,4,750.0,961.0,1.0,31.0,9,403,872,3,1.0
98,0.0,0.0,3.898,,,4,60.83811012597582,68.62493456571534,no pobre,basal,4,750.0,961.0,1.0,31.0,10,403,872,3,1.0
97,1.0,0.0,3.898,1.0,0.0,4,60.83811012597582,68.62493456571534,no pobre,basal,4,750.0,961.0,1.0,31.0,6,403,873,0,1.0
98,1.0,0.0,3.898,1.0,1.0,4,60.83811012597582,68.62493456571534,no pobre,basal,4,750.0,961.0,1.0,31.0,7,403,873,0,1.0
97,0.0,0.0,3.898,0.0,6.0,7,60.83811012597582,68.62493456571534,pobre,basal,4,750.0,863.0,1.0,36.0,14,403,874,6,0.0
98,0.0,0.0,3.898,1.0,6.0,7,60.83811012597582,68.62493456571534,pobre,basal,4,750.0,863.0,1.0,36.0,15,403,874,6,0.0
97,1.0,0.0,3.898,1.0,5.0,7,60.83811012597582,68.62493456571534,pobre,basal,4,750.0,863.0,1.0,36.0,11,403,875,5,1.0
98,1.0,0.0,3.898,1.0,5.0,7,60.83811012597582,68.62493456571534,pobre,basal,4,750.0,863.0,1.0,36.0,12,403,875,5,1.0
97,1.0,0.0,3.898,1.0,1.0,7,60.83811012597582,68.62493456571534,pobre,basal,4,750.0,863.0,1.0,36.0,6,403,876,1,1.0
98,1.0,0.0,3.898,1.0,1.0,7,60.83811012597582,68.62493456571534,pobre,basal,4,750.0,863.0,1.0,36.0,7,403,876,1,1.0
97,1.0,0.0,3.898,0.0,3.0,9,60.83811012597582,68.62493456571534,pobre,basal,0,625.0,620.40002,1.0,39.0,14,403,877,3,0.0
98,1.0,0.0,3.898,0.0,3.0,9,60.83811012597582,68.62493456571534,pobre,basal,0,625.0,620.40002,1.0,39.0,15,403,877,3,0.0
97,1.0,0.0,3.898,1.0,6.0,9,60.83811012597582,68.62493456571534,pobre,basal,0,625.0,620.40002,1.0,39.0,11,403,878,6,1.0
98,1.0,0.0,3.898,0.0,6.0,9,60.83811012597582,68.62493456571534,pobre,basal,0,625.0,620.40002,1.0,39.0,12,403,878,6,1.0
97,0.0,0.0,3.898,1.0,2.0,9,60.83811012597582,68.62493456571534,pobre,basal,0,625.0,620.40002,1.0,39.0,10,403,879,2,1.0
98,0.0,0.0,3.898,1.0,2.0,9,60.83811012597582,68.62493456571534,pobre,basal,0,625.0,620.40002,1.0,39.0,11,403,879,2,1.0
97,0.0,0.0,3.898,1.0,5.0,3,60.83811012597582,68.62493456571534,no pobre,basal,2,0.0,1084.0,1.0,37.0,12,403,880,5,1.0
98,0.0,0.0,3.898,0.0,6.0,3,60.83811012597582,68.62493456571534,no pobre,basal,2,0.0,1084.0,1.0,37.0,13,403,880,5,1.0
97,0.0,0.0,3.898,0.0,6.0,10,60.83811012597582,68.62493456571534,no pobre,basal,3,166.66667,1013.0,1.0,52.0,13,403,881,6,0.0
98,0.0,0.0,3.898,1.0,6.0,10,60.83811012597582,68.62493456571534,no pobre,basal,3,166.66667,1013.0,1.0,52.0,14,403,881,6,0.0
97,0.0,0.0,3.898,0.0,6.0,10,60.83811012597582,68.62493456571534,no pobre,basal,3,166.66667,1013.0,1.0,52.0,16,403,882,6,0.0
98,0.0,0.0,3.898,,,10,60.83811012597582,68.62493456571534,no pobre,basal,3,166.66667,1013.0,1.0,52.0,17,403,882,6,0.0
97,1.0,0.0,3.898,1.0,6.0,10,60.83811012597582,68.62493456571534,no pobre,basal,3,166.66667,1013.0,1.0,52.0,12,403,883,6,1.0
98,1.0,0.0,3.898,0.0,6.0,10,60.83811012597582,68.62493456571534,no pobre,basal,3,166.66667,1013.0,1.0,52.0,13,403,883,6,1.0
97,0.0,0.0,3.898,0.0,4.0,10,60.83811012597582,68.62493456571534,no pobre,basal,3,166.66667,1013.0,1.0,52.0,9,403,884,4,0.0
98,0.0,0.0,3.898,1.0,4.0,10,60.83811012597582,68.62493456571534,no pobre,basal,3,166.66667,1013.0,1.0,52.0,10,403,884,4,0.0
97,0.0,0.0,3.898,0.0,6.0,7,60.83811012597582,68.62493456571534,pobre,basal,3,750.0,760.0,1.0,35.0,13,403,885,6,0.0
98,0.0,0.0,3.898,0.0,6.0,7,60.83811012597582,68.62493456571534,pobre,basal,3,750.0,760.0,1.0,35.0,14,403,885,6,0.0
97,0.0,0.0,3.898,1.0,4.0,5,60.83811012597582,68.62493456571534,pobre,basal,0,66.666664,762.0,1.0,30.0,9,403,886,4,1.0
98,0.0,0.0,3.898,1.0,5.0,5,60.83811012597582,68.62493456571534,pobre,basal,0,66.666664,762.0,1.0,30.0,10,403,886,4,1.0
97,1.0,0.0,3.898,1.0,3.0,5,60.83811012597582,68.62493456571534,pobre,basal,0,66.666664,762.0,1.0,30.0,8,403,887,3,1.0
98,1.0,0.0,3.898,1.0,4.0,5,60.83811012597582,68.62493456571534,pobre,basal,0,66.666664,762.0,1.0,30.0,9,403,887,3,1.0
97,1.0,0.0,3.898,0.0,6.0,10,60.83811012597582,68.62493456571534,pobre,basal,1,750.0,751.0,1.0,44.0,16,403,888,6,0.0
98,1.0,0.0,3.898,,,10,60.83811012597582,68.62493456571534,pobre,basal,1,750.0,751.0,1.0,44.0,17,403,888,6,0.0
97,0.0,0.0,3.898,0.0,4.0,10,60.83811012597582,68.62493456571534,pobre,basal,1,750.0,751.0,1.0,44.0,14,403,889,4,0.0
98,0.0,0.0,3.898,0.0,4.0,10,60.83811012597582,68.62493456571534,pobre,basal,1,750.0,751.0,1.0,44.0,15,403,889,4,0.0
97,0.0,0.0,3.898,1.0,3.0,10,60.83811012597582,68.62493456571534,pobre,basal,1,750.0,751.0,1.0,44.0,9,403,890,3,1.0
98,0.0,0.0,3.898,1.0,4.0,10,60.83811012597582,68.62493456571534,pobre,basal,1,750.0,751.0,1.0,44.0,10,403,890,3,1.0
97,0.0,0.0,3.898,1.0,2.0,10,60.83811012597582,68.62493456571534,pobre,basal,1,750.0,751.0,1.0,44.0,8,403,891,2,1.0
98,0.0,0.0,3.898,1.0,3.0,10,60.83811012597582,68.62493456571534,pobre,basal,1,750.0,751.0,1.0,44.0,9,403,891,2,1.0
97,1.0,0.0,3.898,1.0,0.0,10,60.83811012597582,68.62493456571534,pobre,basal,1,750.0,751.0,1.0,44.0,6,403,892,0,1.0
98,1.0,0.0,3.898,1.0,1.0,10,60.83811012597582,68.62493456571534,pobre,basal,1,750.0,751.0,1.0,44.0,7,403,892,0,1.0
97,0.0,0.0,3.898,1.0,0.0,10,60.83811012597582,68.62493456571534,pobre,basal,1,750.0,751.0,1.0,44.0,6,403,893,0,1.0
98,0.0,0.0,3.898,1.0,0.0,10,60.83811012597582,68.62493456571534,pobre,basal,1,750.0,751.0,1.0,44.0,7,403,893,0,1.0
97,1.0,0.0,3.898,1.0,11.0,3,60.83811012597582,68.62493456571534,no pobre,basal,2,625.0,910.0,1.0,55.0,15,403,894,11,1.0
98,1.0,0.0,3.898,1.0,11.0,3,60.83811012597582,68.62493456571534,no pobre,basal,2,625.0,910.0,1.0,55.0,16,403,894,11,1.0
97,0.0,0.0,3.898,1.0,4.0,6,60.83811012597582,68.62493456571534,pobre,basal,3,750.0,760.0,1.0,31.0,10,403,895,4,1.0
98,0.0,0.0,3.898,1.0,5.0,6,60.83811012597582,68.62493456571534,pobre,basal,3,750.0,760.0,1.0,31.0,11,403,895,4,1.0
97,1.0,0.0,3.898,1.0,3.0,6,60.83811012597582,68.62493456571534,pobre,basal,3,750.0,760.0,1.0,31.0,8,403,896,3,1.0
98,1.0,0.0,3.898,1.0,3.0,6,60.83811012597582,68.62493456571534,pobre,basal,3,750.0,760.0,1.0,31.0,9,403,896,3,1.0
97,1.0,0.0,3.898,1.0,1.0,6,60.83811012597582,68.62493456571534,pobre,basal,3,750.0,760.0,1.0,31.0,6,403,897,1,1.0
98,1.0,0.0,3.898,1.0,1.0,6,60.83811012597582,68.62493456571534,pobre,basal,3,750.0,760.0,1.0,31.0,7,403,897,1,1.0
97,0.0,0.0,3.898,1.0,1.0,6,60.83811012597582,68.62493456571534,pobre,basal,3,750.0,760.0,1.0,31.0,6,403,898,1,1.0
98,0.0,0.0,3.898,1.0,2.0,6,60.83811012597582,68.62493456571534,pobre,basal,3,750.0,760.0,1.0,31.0,7,403,898,1,1.0
97,1.0,0.0,3.898,0.0,3.0,10,60.83811012597582,68.62493456571534,no pobre,basal,3,750.0,790.0,1.0,52.0,16,403,899,3,0.0
98,1.0,0.0,3.898,,,10,60.83811012597582,68.62493456571534,no pobre,basal,3,750.0,790.0,1.0,52.0,17,403,899,3,0.0
97,1.0,0.0,3.898,0.0,6.0,10,60.83811012597582,68.62493456571534,no pobre,basal,3,750.0,790.0,1.0,52.0,14,403,900,6,0.0
98,1.0,0.0,3.898,0.0,6.0,10,60.83811012597582,68.62493456571534,no pobre,basal,3,750.0,790.0,1.0,52.0,15,403,900,6,0.0
97,0.0,0.0,3.898,1.0,5.0,10,60.83811012597582,68.62493456571534,no pobre,basal,3,750.0,790.0,1.0,52.0,12,403,901,5,1.0
98,0.0,0.0,3.898,1.0,5.0,10,60.83811012597582,68.62493456571534,no pobre,basal,3,750.0,790.0,1.0,52.0,13,403,901,5,1.0
97,0.0,0.0,3.898,1.0,5.0,10,60.83811012597582,68.62493456571534,no pobre,basal,3,750.0,790.0,1.0,52.0,9,403,902,5,1.0
98,0.0,0.0,3.898,1.0,5.0,10,60.83811012597582,68.62493456571534,no pobre,basal,3,750.0,790.0,1.0,52.0,10,403,902,5,1.0
97,1.0,0.0,3.898,1.0,5.0,9,60.83811012597582,68.62493456571534,no pobre,basal,0,5000.0,812.0,1.0,58.0,12,403,903,5,1.0
98,1.0,0.0,3.898,0.0,5.0,9,60.83811012597582,68.62493456571534,no pobre,basal,0,5000.0,812.0,1.0,58.0,13,403,903,5,1.0
97,0.0,0.0,3.898,0.0,3.0,6,60.83811012597582,68.62493456571534,no pobre,basal,3,750.0,926.0,1.0,47.0,14,403,904,3,0.0
98,0.0,0.0,3.898,0.0,5.0,6,60.83811012597582,68.62493456571534,no pobre,basal,3,750.0,926.0,1.0,47.0,15,403,904,3,0.0
97,1.0,0.0,3.898,1.0,3.0,6,60.83811012597582,68.62493456571534,no pobre,basal,3,750.0,926.0,1.0,47.0,9,403,905,3,1.0
98,1.0,0.0,3.898,1.0,4.0,6,60.83811012597582,68.62493456571534,no pobre,basal,3,750.0,926.0,1.0,47.0,10,403,905,3,1.0
97,1.0,0.0,3.898,1.0,1.0,5,60.83811012597582,68.62493456571534,pobre,basal,3,625.0,739.0,1.0,20.0,8,403,906,1,1.0
98,1.0,0.0,3.898,1.0,2.0,5,60.83811012597582,68.62493456571534,pobre,basal,3,625.0,739.0,1.0,20.0,9,403,906,1,1.0
97,1.0,0.0,3.898,0.0,5.0,9,60.83811012597582,68.62493456571534,pobre,basal,2,750.0,670.5,1.0,48.0,15,403,907,5,0.0
98,1.0,0.0,3.898,0.0,5.0,9,60.83811012597582,68.62493456571534,pobre,basal,2,750.0,670.5,1.0,48.0,16,403,907,5,0.0
97,1.0,0.0,3.898,0.0,5.0,9,60.83811012597582,68.62493456571534,pobre,basal,2,750.0,670.5,1.0,48.0,13,403,908,5,0.0
98,1.0,0.0,3.898,0.0,5.0,9,60.83811012597582,68.62493456571534,pobre,basal,2,750.0,670.5,1.0,48.0,14,403,908,5,0.0
97,1.0,0.0,3.898,1.0,3.0,9,60.83811012597582,68.62493456571534,pobre,basal,2,750.0,670.5,1.0,48.0,11,403,909,3,1.0
98,1.0,0.0,3.898,1.0,3.0,9,60.83811012597582,68.62493456571534,pobre,basal,2,750.0,670.5,1.0,48.0,12,403,909,3,1.0
97,0.0,0.0,3.898,1.0,2.0,9,60.83811012597582,68.62493456571534,pobre,basal,2,750.0,670.5,1.0,48.0,7,403,910,2,1.0
98,0.0,0.0,3.898,1.0,3.0,9,60.83811012597582,68.62493456571534,pobre,basal,2,750.0,670.5,1.0,48.0,8,403,910,2,1.0
97,1.0,0.0,3.898,1.0,0.0,9,60.83811012597582,68.62493456571534,pobre,basal,2,750.0,670.5,1.0,48.0,6,403,911,0,1.0
98,1.0,0.0,3.898,1.0,1.0,9,60.83811012597582,68.62493456571534,pobre,basal,2,750.0,670.5,1.0,48.0,7,403,911,0,1.0
97,0.0,0.0,3.898,0.0,5.0,7,60.83811012597582,68.62493456571534,pobre,basal,3,625.0,605.0,1.0,38.0,11,403,912,5,0.0
98,0.0,0.0,3.898,1.0,6.0,7,60.83811012597582,68.62493456571534,pobre,basal,3,625.0,605.0,1.0,38.0,12,403,912,5,0.0
97,1.0,0.0,3.898,0.0,2.0,7,60.83811012597582,68.62493456571534,pobre,basal,3,625.0,605.0,1.0,38.0,9,403,913,2,0.0
98,1.0,0.0,3.898,1.0,2.0,7,60.83811012597582,68.62493456571534,pobre,basal,3,625.0,605.0,1.0,38.0,10,403,913,2,0.0
97,0.0,0.0,3.898,,0.0,7,60.83811012597582,68.62493456571534,pobre,basal,3,625.0,605.0,1.0,38.0,8,403,914,0,
98,0.0,0.0,3.898,1.0,1.0,7,60.83811012597582,68.62493456571534,pobre,basal,3,625.0,605.0,1.0,38.0,9,403,914,0,
97,1.0,0.0,3.898,0.0,6.0,7,60.83811012597582,68.62493456571534,no pobre,basal,0,625.0,871.5,1.0,67.0,16,403,915,6,0.0
98,1.0,0.0,3.898,,,7,60.83811012597582,68.62493456571534,no pobre,basal,0,625.0,871.5,1.0,67.0,17,403,915,6,0.0
97,1.0,0.0,3.898,0.0,6.0,7,60.83811012597582,68.62493456571534,no pobre,basal,0,625.0,871.5,1.0,67.0,11,403,916,6,0.0
98,1.0,0.0,3.898,0.0,6.0,7,60.83811012597582,68.62493456571534,no pobre,basal,0,625.0,871.5,1.0,67.0,12,403,916,6,0.0
97,1.0,0.0,3.898,1.0,4.0,7,60.83811012597582,68.62493456571534,no pobre,basal,0,625.0,871.5,1.0,67.0,9,403,917,4,1.0
98,1.0,0.0,3.898,1.0,4.0,7,60.83811012597582,68.62493456571534,no pobre,basal,0,625.0,871.5,1.0,67.0,10,403,917,4,1.0
97,0.0,0.0,3.898,1.0,2.0,7,60.83811012597582,68.62493456571534,pobre,basal,4,625.0,575.0,1.0,28.0,7,403,918,2,1.0
98,0.0,0.0,3.898,1.0,3.0,7,60.83811012597582,68.62493456571534,pobre,basal,4,625.0,575.0,1.0,28.0,8,403,918,2,1.0
97,0.0,0.0,3.898,1.0,0.0,7,60.83811012597582,68.62493456571534,pobre,basal,4,625.0,575.0,1.0,28.0,6,403,919,0,1.0
98,0.0,0.0,3.898,1.0,1.0,7,60.83811012597582,68.62493456571534,pobre,basal,4,625.0,575.0,1.0,28.0,7,403,919,0,1.0
97,0.0,0.0,3.898,0.0,6.0,9,60.83811012597582,68.62493456571534,pobre,basal,3,41.666668,542.0,1.0,53.0,15,403,920,6,0.0
98,0.0,0.0,3.898,,,9,60.83811012597582,68.62493456571534,pobre,basal,3,41.666668,542.0,1.0,53.0,16,403,920,6,0.0
97,1.0,0.0,3.898,1.0,5.0,9,60.83811012597582,68.62493456571534,pobre,basal,3,41.666668,542.0,1.0,53.0,12,403,921,5,1.0
98,1.0,0.0,3.898,1.0,5.0,9,60.83811012597582,68.62493456571534,pobre,basal,3,41.666668,542.0,1.0,53.0,13,403,921,5,1.0
97,0.0,0.0,3.898,1.0,3.0,9,60.83811012597582,68.62493456571534,pobre,basal,3,41.666668,542.0,1.0,53.0,10,403,922,3,1.0
98,0.0,0.0,3.898,1.0,3.0,9,60.83811012597582,68.62493456571534,pobre,basal,3,41.666668,542.0,1.0,53.0,11,403,922,3,1.0
97,0.0,0.0,3.898,1.0,2.0,9,60.83811012597582,68.62493456571534,pobre,basal,3,41.666668,542.0,1.0,53.0,8,403,923,2,1.0
98,0.0,0.0,3.898,1.0,3.0,9,60.83811012597582,68.62493456571534,pobre,basal,3,41.666668,542.0,1.0,53.0,9,403,923,2,1.0
97,1.0,0.0,3.898,1.0,1.0,9,60.83811012597582,68.62493456571534,pobre,basal,3,41.666668,542.0,1.0,53.0,6,403,924,1,1.0
98,1.0,0.0,3.898,1.0,1.0,9,60.83811012597582,68.62493456571534,pobre,basal,3,41.666668,542.0,1.0,53.0,7,403,924,1,1.0
97,0.0,0.0,3.898,0.0,6.0,10,60.83811012597582,68.62493456571534,no pobre,basal,1,1500.0,900.0,1.0,65.0,13,403,925,6,0.0
98,0.0,0.0,3.898,,,10,60.83811012597582,68.62493456571534,no pobre,basal,1,1500.0,900.0,1.0,65.0,14,403,925,6,0.0
97,0.0,0.0,3.898,1.0,1.0,10,60.83811012597582,68.62493456571534,no pobre,basal,1,1500.0,900.0,1.0,65.0,7,403,926,1,1.0
98,0.0,0.0,3.898,,,10,60.83811012597582,68.62493456571534,no pobre,basal,1,1500.0,900.0,1.0,65.0,8,403,926,1,1.0
97,0.0,0.0,3.898,1.0,1.0,10,60.83811012597582,68.62493456571534,no pobre,basal,1,1500.0,900.0,1.0,65.0,7,403,927,1,1.0
98,0.0,0.0,3.898,,,10,60.83811012597582,68.62493456571534,no pobre,basal,1,1500.0,900.0,1.0,65.0,8,403,927,1,1.0
97,0.0,0.0,3.898,1.0,2.0,4,60.83811012597582,68.62493456571534,pobre,basal,2,625.0,757.0,1.0,30.0,9,403,928,2,1.0
98,0.0,0.0,3.898,1.0,3.0,4,60.83811012597582,68.62493456571534,pobre,basal,2,625.0,757.0,1.0,30.0,10,403,928,2,1.0
97,0.0,0.0,3.898,0.0,6.0,5,60.83811012597582,68.62493456571534,pobre,basal,3,750.0,752.0,1.0,33.0,12,403,929,6,0.0
98,0.0,0.0,3.898,0.0,6.0,5,60.83811012597582,68.62493456571534,pobre,basal,3,750.0,752.0,1.0,33.0,13,403,929,6,0.0
97,1.0,0.0,3.898,1.0,4.0,5,60.83811012597582,68.62493456571534,pobre,basal,3,750.0,752.0,1.0,33.0,10,403,930,4,1.0
98,1.0,0.0,3.898,1.0,5.0,5,60.83811012597582,68.62493456571534,pobre,basal,3,750.0,752.0,1.0,33.0,11,403,930,4,1.0
97,0.0,0.0,3.898,0.0,4.0,7,60.83811012597582,68.62493456571534,pobre,basal,2,625.0,670.0,1.0,43.0,14,403,931,4,0.0
98,0.0,0.0,3.898,,,7,60.83811012597582,68.62493456571534,pobre,basal,2,625.0,670.0,1.0,43.0,15,403,931,4,0.0
97,0.0,0.0,3.898,1.0,0.0,7,60.83811012597582,68.62493456571534,pobre,basal,2,625.0,670.0,1.0,43.0,7,403,932,0,1.0
98,0.0,0.0,3.898,1.0,1.0,7,60.83811012597582,68.62493456571534,pobre,basal,2,625.0,670.0,1.0,43.0,8,403,932,0,1.0
97,0.0,0.0,3.898,1.0,3.0,4,60.83811012597582,68.62493456571534,no pobre,basal,4,625.0,948.0,1.0,31.0,9,403,933,3,1.0
98,0.0,0.0,3.898,1.0,4.0,4,60.83811012597582,68.62493456571534,no pobre,basal,4,625.0,948.0,1.0,31.0,10,403,933,3,1.0
97,1.0,0.0,3.898,1.0,4.0,5,60.83811012597582,68.62493456571534,no pobre,basal,3,625.0,929.0,1.0,32.0,9,403,934,4,1.0
98,1.0,0.0,3.898,1.0,5.0,5,60.83811012597582,68.62493456571534,no pobre,basal,3,625.0,929.0,1.0,32.0,10,403,934,4,1.0
97,0.0,0.0,3.898,1.0,0.0,5,60.83811012597582,68.62493456571534,no pobre,basal,3,625.0,929.0,1.0,32.0,6,403,935,0,1.0
98,0.0,0.0,3.898,1.0,1.0,5,60.83811012597582,68.62493456571534,no pobre,basal,3,625.0,929.0,1.0,32.0,7,403,935,0,1.0
97,1.0,0.0,3.898,0.0,5.0,9,60.83811012597582,68.62493456571534,pobre,basal,2,625.0,603.5,1.0,50.0,15,403,936,5,0.0
98,1.0,0.0,3.898,,,9,60.83811012597582,68.62493456571534,pobre,basal,2,625.0,603.5,1.0,50.0,16,403,936,5,0.0
97,1.0,0.0,3.898,0.0,4.0,9,60.83811012597582,68.62493456571534,pobre,basal,2,625.0,603.5,1.0,50.0,12,403,937,4,0.0
98,1.0,0.0,3.898,0.0,4.0,9,60.83811012597582,68.62493456571534,pobre,basal,2,625.0,603.5,1.0,50.0,13,403,937,4,0.0
97,1.0,0.0,3.898,0.0,3.0,9,60.83811012597582,68.62493456571534,pobre,basal,2,625.0,603.5,1.0,50.0,11,403,938,3,0.0
98,1.0,0.0,3.898,0.0,4.0,9,60.83811012597582,68.62493456571534,pobre,basal,2,625.0,603.5,1.0,50.0,12,403,938,3,0.0
97,0.0,0.0,3.898,1.0,2.0,9,60.83811012597582,68.62493456571534,pobre,basal,2,625.0,603.5,1.0,50.0,8,403,939,2,1.0
98,0.0,0.0,3.898,1.0,3.0,9,60.83811012597582,68.62493456571534,pobre,basal,2,625.0,603.5,1.0,50.0,9,403,939,2,1.0
97,0.0,0.0,3.898,1.0,0.0,9,60.83811012597582,68.62493456571534,pobre,basal,2,625.0,603.5,1.0,50.0,6,403,940,0,1.0
98,0.0,0.0,3.898,1.0,3.0,9,60.83811012597582,68.62493456571534,pobre,basal,2,625.0,603.5,1.0,50.0,7,403,940,0,1.0
97,0.0,0.0,2.2060001,0.0,2.0,5,49.60760724301652,89.81912517964099,no pobre,basal,0,625.0,819.0,1.0,67.0,16,405,941,2,0.0
98,0.0,0.0,2.2060001,,,5,49.60760724301652,89.81912517964099,no pobre,basal,0,625.0,819.0,1.0,67.0,17,405,941,2,0.0
97,1.0,0.0,2.2060001,1.0,0.0,3,49.60760724301652,89.81912517964099,pobre,basal,3,500.0,684.0,1.0,38.0,7,405,942,0,1.0
98,1.0,0.0,2.2060001,1.0,3.0,3,49.60760724301652,89.81912517964099,pobre,basal,3,500.0,684.0,1.0,38.0,8,405,942,0,1.0
97,1.0,0.0,2.2060001,0.0,6.0,6,49.60760724301652,89.81912517964099,pobre,basal,1,750.0,775.0,1.0,36.0,15,405,943,6,0.0
98,1.0,0.0,2.2060001,0.0,6.0,6,49.60760724301652,89.81912517964099,pobre,basal,1,750.0,775.0,1.0,36.0,16,405,943,6,0.0
97,0.0,0.0,2.2060001,0.0,6.0,6,49.60760724301652,89.81912517964099,pobre,basal,1,750.0,775.0,1.0,36.0,16,405,944,6,0.0
98,0.0,0.0,2.2060001,,,6,49.60760724301652,89.81912517964099,pobre,basal,1,750.0,775.0,1.0,36.0,17,405,944,6,0.0
97,1.0,0.0,2.2060001,1.0,5.0,6,49.60760724301652,89.81912517964099,pobre,basal,1,750.0,775.0,1.0,36.0,12,405,945,5,1.0
98,1.0,0.0,2.2060001,0.0,5.0,6,49.60760724301652,89.81912517964099,pobre,basal,1,750.0,775.0,1.0,36.0,13,405,945,5,1.0
97,0.0,0.0,2.2060001,,0.0,6,49.60760724301652,89.81912517964099,pobre,basal,1,750.0,775.0,1.0,36.0,15,405,946,0,
98,0.0,0.0,2.2060001,1.0,0.0,6,49.60760724301652,89.81912517964099,pobre,basal,1,750.0,775.0,1.0,36.0,16,405,946,0,
97,1.0,0.0,2.2060001,1.0,3.0,9,49.60760724301652,89.81912517964099,pobre,basal,2,0.0,738.0,1.0,46.0,13,405,947,3,1.0
98,1.0,0.0,2.2060001,0.0,4.0,9,49.60760724301652,89.81912517964099,pobre,basal,2,0.0,738.0,1.0,46.0,14,405,947,3,1.0
97,1.0,0.0,2.2060001,1.0,3.0,9,49.60760724301652,89.81912517964099,pobre,basal,2,0.0,738.0,1.0,46.0,11,405,948,3,1.0
98,1.0,0.0,2.2060001,1.0,4.0,9,49.60760724301652,89.81912517964099,pobre,basal,2,0.0,738.0,1.0,46.0,12,405,948,3,1.0
97,0.0,0.0,2.2060001,1.0,1.0,9,49.60760724301652,89.81912517964099,pobre,basal,2,0.0,738.0,1.0,46.0,10,405,949,1,1.0
98,0.0,0.0,2.2060001,1.0,2.0,9,49.60760724301652,89.81912517964099,pobre,basal,2,0.0,738.0,1.0,46.0,11,405,949,1,1.0
97,0.0,0.0,2.2060001,1.0,1.0,9,49.60760724301652,89.81912517964099,pobre,basal,2,0.0,738.0,1.0,46.0,9,405,950,1,1.0
98,0.0,0.0,2.2060001,1.0,2.0,9,49.60760724301652,89.81912517964099,pobre,basal,2,0.0,738.0,1.0,46.0,10,405,950,1,1.0
97,1.0,0.0,2.2060001,1.0,2.0,9,49.60760724301652,89.81912517964099,pobre,basal,2,0.0,738.0,1.0,46.0,7,405,951,2,1.0
98,1.0,0.0,2.2060001,1.0,3.0,9,49.60760724301652,89.81912517964099,pobre,basal,2,0.0,738.0,1.0,46.0,8,405,951,2,1.0
97,0.0,0.0,2.2060001,,3.0,4,49.60760724301652,89.81912517964099,no pobre,basal,0,0.0,1008.45,1.0,42.0,11,405,952,3,
98,0.0,0.0,2.2060001,0.0,4.0,4,49.60760724301652,89.81912517964099,no pobre,basal,0,0.0,1008.45,1.0,42.0,12,405,952,3,
97,0.0,0.0,2.2060001,1.0,1.0,6,49.60760724301652,89.81912517964099,pobre,basal,0,500.0,519.0,1.0,30.0,8,405,953,1,1.0
98,0.0,0.0,2.2060001,1.0,1.0,6,49.60760724301652,89.81912517964099,pobre,basal,0,500.0,519.0,1.0,30.0,9,405,953,1,1.0
97,1.0,0.0,2.2060001,1.0,1.0,6,49.60760724301652,89.81912517964099,pobre,basal,1,600.0,634.0,1.0,27.0,9,405,954,1,1.0
98,1.0,0.0,2.2060001,1.0,1.0,6,49.60760724301652,89.81912517964099,pobre,basal,1,600.0,634.0,1.0,27.0,10,405,954,1,1.0
97,0.0,0.0,2.2060001,1.0,1.0,6,49.60760724301652,89.81912517964099,pobre,basal,1,600.0,634.0,1.0,27.0,8,405,955,1,1.0
98,0.0,0.0,2.2060001,1.0,2.0,6,49.60760724301652,89.81912517964099,pobre,basal,1,600.0,634.0,1.0,27.0,9,405,955,1,1.0
97,1.0,0.0,2.2060001,1.0,3.0,6,49.60760724301652,89.81912517964099,no pobre,basal,0,0.0,883.0,1.0,73.0,7,405,956,3,1.0
98,1.0,0.0,2.2060001,1.0,1.0,6,49.60760724301652,89.81912517964099,no pobre,basal,0,0.0,883.0,1.0,73.0,8,405,956,3,1.0
97,0.0,0.0,2.2060001,0.0,2.0,6,49.60760724301652,89.81912517964099,no pobre,basal,0,0.0,883.0,1.0,73.0,14,405,957,2,0.0
98,0.0,0.0,2.2060001,0.0,,6,49.60760724301652,89.81912517964099,no pobre,basal,0,0.0,883.0,1.0,73.0,15,405,957,2,0.0
97,0.0,0.0,2.2060001,0.0,1.0,10,49.60760724301652,89.81912517964099,pobre,basal,2,750.0,709.0,1.0,43.0,14,405,958,1,0.0
98,0.0,0.0,2.2060001,0.0,1.0,10,49.60760724301652,89.81912517964099,pobre,basal,2,750.0,709.0,1.0,43.0,15,405,958,1,0.0
97,0.0,0.0,2.2060001,1.0,0.0,10,49.60760724301652,89.81912517964099,pobre,basal,2,750.0,709.0,1.0,43.0,12,405,959,0,1.0
98,0.0,0.0,2.2060001,1.0,,10,49.60760724301652,89.81912517964099,pobre,basal,2,750.0,709.0,1.0,43.0,13,405,959,0,1.0
97,0.0,0.0,2.2060001,1.0,0.0,10,49.60760724301652,89.81912517964099,pobre,basal,2,750.0,709.0,1.0,43.0,10,405,960,0,1.0
98,0.0,0.0,2.2060001,1.0,,10,49.60760724301652,89.81912517964099,pobre,basal,2,750.0,709.0,1.0,43.0,11,405,960,0,1.0
97,0.0,0.0,2.2060001,1.0,0.0,10,49.60760724301652,89.81912517964099,pobre,basal,2,750.0,709.0,1.0,43.0,7,405,961,0,1.0
98,0.0,0.0,2.2060001,1.0,,10,49.60760724301652,89.81912517964099,pobre,basal,2,750.0,709.0,1.0,43.0,8,405,961,0,1.0
97,1.0,0.0,2.2060001,1.0,0.0,3,49.60760724301652,89.81912517964099,pobre,basal,0,625.0,725.0,1.0,80.0,6,405,962,0,1.0
98,1.0,0.0,2.2060001,1.0,0.0,3,49.60760724301652,89.81912517964099,pobre,basal,0,625.0,725.0,1.0,80.0,7,405,962,0,1.0
97,1.0,0.0,2.2060001,1.0,4.0,7,49.60760724301652,89.81912517964099,pobre,basal,0,625.0,581.0,1.0,38.0,11,405,963,4,1.0
98,1.0,0.0,2.2060001,1.0,5.0,7,49.60760724301652,89.81912517964099,pobre,basal,0,625.0,581.0,1.0,38.0,12,405,963,4,1.0
97,0.0,0.0,2.2060001,1.0,2.0,7,49.60760724301652,89.81912517964099,pobre,basal,0,625.0,581.0,1.0,38.0,9,405,964,2,1.0
98,0.0,0.0,2.2060001,1.0,3.0,7,49.60760724301652,89.81912517964099,pobre,basal,0,625.0,581.0,1.0,38.0,10,405,964,2,1.0
97,0.0,0.0,2.2060001,1.0,0.0,7,49.60760724301652,89.81912517964099,pobre,basal,0,625.0,581.0,1.0,38.0,6,405,965,0,1.0
98,0.0,0.0,2.2060001,1.0,0.0,7,49.60760724301652,89.81912517964099,pobre,basal,0,625.0,581.0,1.0,38.0,7,405,965,0,1.0
97,1.0,0.0,1.26,0.0,5.0,8,33.9778544631134,74.88818441417425,pobre,basal,4,625.0,791.45001,1.0,41.0,16,390,966,5,0.0
98,1.0,0.0,1.26,,,8,33.9778544631134,74.88818441417425,pobre,basal,4,625.0,791.45001,1.0,41.0,17,390,966,5,0.0
97,0.0,0.0,1.26,1.0,8.0,8,33.9778544631134,74.88818441417425,pobre,basal,4,625.0,791.45001,1.0,41.0,14,390,967,8,1.0
98,0.0,0.0,1.26,1.0,10.0,8,33.9778544631134,74.88818441417425,pobre,basal,4,625.0,791.45001,1.0,41.0,15,390,967,8,1.0
97,0.0,0.0,1.26,1.0,3.0,8,33.9778544631134,74.88818441417425,pobre,basal,4,625.0,791.45001,1.0,41.0,12,390,968,3,1.0
98,0.0,0.0,1.26,,,8,33.9778544631134,74.88818441417425,pobre,basal,4,625.0,791.45001,1.0,41.0,13,390,968,3,1.0
97,1.0,0.0,1.26,,0.0,8,33.9778544631134,74.88818441417425,pobre,basal,4,625.0,791.45001,1.0,41.0,9,390,969,0,
98,1.0,0.0,1.26,,,8,33.9778544631134,74.88818441417425,pobre,basal,4,625.0,791.45001,1.0,41.0,10,390,969,0,
97,1.0,0.0,1.26,1.0,3.0,8,33.9778544631134,74.88818441417425,pobre,basal,4,625.0,791.45001,1.0,41.0,8,390,970,3,1.0
98,1.0,0.0,1.26,1.0,4.0,8,33.9778544631134,74.88818441417425,pobre,basal,4,625.0,791.45001,1.0,41.0,9,390,970,3,1.0
97,1.0,0.0,1.26,0.0,5.0,6,33.9778544631134,74.88818441417425,pobre,basal,4,700.0,718.0,1.0,50.0,13,390,971,5,0.0
98,1.0,0.0,1.26,0.0,5.0,6,33.9778544631134,74.88818441417425,pobre,basal,4,700.0,718.0,1.0,50.0,14,390,971,5,0.0
97,0.0,0.0,1.26,1.0,3.0,6,33.9778544631134,74.88818441417425,pobre,basal,4,700.0,718.0,1.0,50.0,9,390,972,3,1.0
98,0.0,0.0,1.26,1.0,4.0,6,33.9778544631134,74.88818441417425,pobre,basal,4,700.0,718.0,1.0,50.0,10,390,972,3,1.0
97,0.0,0.0,1.26,,0.0,7,33.9778544631134,74.88818441417425,no pobre,basal,0,166.66667,831.0,1.0,52.0,12,390,973,0,
98,0.0,0.0,1.26,0.0,5.0,7,33.9778544631134,74.88818441417425,no pobre,basal,0,166.66667,831.0,1.0,52.0,13,390,973,0,
97,0.0,0.0,1.26,0.0,5.0,5,33.9778544631134,74.88818441417425,pobre,basal,0,700.0,858.45001,1.0,44.0,16,390,974,5,0.0
98,0.0,0.0,1.26,,,5,33.9778544631134,74.88818441417425,pobre,basal,0,700.0,858.45001,1.0,44.0,17,390,974,5,0.0
97,1.0,0.0,1.26,,0.0,5,33.9778544631134,74.88818441417425,pobre,basal,0,700.0,858.45001,1.0,44.0,6,390,975,0,
98,1.0,0.0,1.26,1.0,1.0,5,33.9778544631134,74.88818441417425,pobre,basal,0,700.0,858.45001,1.0,44.0,7,390,975,0,
97,0.0,0.0,1.26,1.0,3.0,5,33.9778544631134,74.88818441417425,pobre,basal,3,625.0,804.0,1.0,33.0,9,390,976,3,1.0
98,0.0,0.0,1.26,1.0,4.0,5,33.9778544631134,74.88818441417425,pobre,basal,3,625.0,804.0,1.0,33.0,10,390,976,3,1.0
97,1.0,0.0,1.26,0.0,6.0,8,33.9778544631134,74.88818441417425,no pobre,basal,2,750.0,811.0,1.0,68.0,16,390,977,6,0.0
98,1.0,0.0,1.26,,,8,33.9778544631134,74.88818441417425,no pobre,basal,2,750.0,811.0,1.0,68.0,17,390,977,6,0.0
97,1.0,0.0,1.26,0.0,6.0,8,33.9778544631134,74.88818441417425,no pobre,basal,2,750.0,811.0,1.0,68.0,14,390,978,6,0.0
98,1.0,0.0,1.26,,,8,33.9778544631134,74.88818441417425,no pobre,basal,2,750.0,811.0,1.0,68.0,15,390,978,6,0.0
97,0.0,0.0,1.26,1.0,3.0,6,33.9778544631134,74.88818441417425,pobre,basal,4,500.0,789.0,1.0,38.0,10,390,979,3,1.0
98,0.0,0.0,1.26,1.0,4.0,6,33.9778544631134,74.88818441417425,pobre,basal,4,500.0,789.0,1.0,38.0,11,390,979,3,1.0
97,0.0,0.0,1.26,1.0,2.0,6,33.9778544631134,74.88818441417425,pobre,basal,4,500.0,789.0,1.0,38.0,9,390,980,2,1.0
98,0.0,0.0,1.26,1.0,3.0,6,33.9778544631134,74.88818441417425,pobre,basal,4,500.0,789.0,1.0,38.0,10,390,980,2,1.0
97,0.0,0.0,1.26,1.0,0.0,6,33.9778544631134,74.88818441417425,pobre,basal,4,500.0,789.0,1.0,38.0,7,390,981,0,1.0
98,0.0,0.0,1.26,1.0,1.0,6,33.9778544631134,74.88818441417425,pobre,basal,4,500.0,789.0,1.0,38.0,8,390,981,0,1.0
97,0.0,0.0,1.26,1.0,5.0,5,33.9778544631134,74.88818441417425,pobre,basal,3,800.0,674.0,0.0,31.0,13,390,982,5,1.0
98,0.0,0.0,1.26,0.0,6.0,5,33.9778544631134,74.88818441417425,pobre,basal,3,800.0,674.0,0.0,31.0,14,390,982,5,1.0
97,0.0,0.0,1.26,1.0,3.0,5,33.9778544631134,74.88818441417425,pobre,basal,3,800.0,674.0,0.0,31.0,10,390,983,3,1.0
98,0.0,0.0,1.26,1.0,4.0,5,33.9778544631134,74.88818441417425,pobre,basal,3,800.0,674.0,0.0,31.0,11,390,983,3,1.0
97,1.0,0.0,1.26,1.0,3.0,5,33.9778544631134,74.88818441417425,pobre,basal,3,800.0,674.0,0.0,31.0,9,390,984,3,1.0
98,1.0,0.0,1.26,1.0,4.0,5,33.9778544631134,74.88818441417425,pobre,basal,3,800.0,674.0,0.0,31.0,10,390,984,3,1.0
97,0.0,0.0,1.26,1.0,0.0,5,33.9778544631134,74.88818441417425,pobre,basal,3,800.0,674.0,0.0,31.0,7,390,985,0,1.0
98,0.0,0.0,1.26,1.0,1.0,5,33.9778544631134,74.88818441417425,pobre,basal,3,800.0,674.0,0.0,31.0,8,390,985,0,1.0
97,0.0,0.0,1.26,0.0,8.0,9,33.9778544631134,74.88818441417425,pobre,basal,3,750.0,676.0,1.0,46.0,15,390,986,8,0.0
98,0.0,0.0,1.26,0.0,8.0,9,33.9778544631134,74.88818441417425,pobre,basal,3,750.0,676.0,1.0,46.0,16,390,986,8,0.0
97,1.0,0.0,1.26,1.0,6.0,9,33.9778544631134,74.88818441417425,pobre,basal,3,750.0,676.0,1.0,46.0,12,390,987,6,1.0
98,1.0,0.0,1.26,1.0,7.0,9,33.9778544631134,74.88818441417425,pobre,basal,3,750.0,676.0,1.0,46.0,13,390,987,6,1.0
97,0.0,0.0,1.26,1.0,4.0,9,33.9778544631134,74.88818441417425,pobre,basal,3,750.0,676.0,1.0,46.0,10,390,988,4,1.0
98,0.0,0.0,1.26,1.0,5.0,9,33.9778544631134,74.88818441417425,pobre,basal,3,750.0,676.0,1.0,46.0,11,390,988,4,1.0
97,0.0,0.0,1.26,1.0,2.0,9,33.9778544631134,74.88818441417425,pobre,basal,3,750.0,676.0,1.0,46.0,7,390,989,2,1.0
98,0.0,0.0,1.26,1.0,2.0,9,33.9778544631134,74.88818441417425,pobre,basal,3,750.0,676.0,1.0,46.0,8,390,989,2,1.0
97,1.0,0.0,1.26,0.0,6.0,7,33.9778544631134,74.88818441417425,no pobre,basal,3,500.0,826.0,1.0,72.0,16,390,990,6,0.0
98,1.0,0.0,1.26,,,7,33.9778544631134,74.88818441417425,no pobre,basal,3,500.0,826.0,1.0,72.0,17,390,990,6,0.0
97,1.0,0.0,1.26,0.0,6.0,7,33.9778544631134,74.88818441417425,no pobre,basal,3,500.0,826.0,1.0,72.0,15,390,991,6,0.0
98,1.0,0.0,1.26,0.0,6.0,7,33.9778544631134,74.88818441417425,no pobre,basal,3,500.0,826.0,1.0,72.0,16,390,991,6,0.0
97,0.0,0.0,1.26,0.0,6.0,2,33.9778544631134,74.88818441417425,pobre,basal,6,625.0,796.0,1.0,23.0,16,390,992,6,0.0
98,0.0,0.0,1.26,,,2,33.9778544631134,74.88818441417425,pobre,basal,6,625.0,796.0,1.0,23.0,17,390,992,6,0.0
97,1.0,0.0,1.26,0.0,6.0,5,33.9778544631134,74.88818441417425,pobre,basal,5,0.0,706.0,0.0,38.0,16,390,993,6,0.0
98,1.0,0.0,1.26,,,5,33.9778544631134,74.88818441417425,pobre,basal,5,0.0,706.0,0.0,38.0,17,390,993,6,0.0
97,1.0,0.0,1.26,0.0,6.0,5,33.9778544631134,74.88818441417425,pobre,basal,5,0.0,706.0,0.0,38.0,15,390,994,6,0.0
98,1.0,0.0,1.26,0.0,6.0,5,33.9778544631134,74.88818441417425,pobre,basal,5,0.0,706.0,0.0,38.0,16,390,994,6,0.0
97,1.0,0.0,1.26,1.0,4.0,5,33.9778544631134,74.88818441417425,pobre,basal,5,0.0,706.0,0.0,38.0,11,390,995,4,1.0
98,1.0,0.0,1.26,1.0,5.0,5,33.9778544631134,74.88818441417425,pobre,basal,5,0.0,706.0,0.0,38.0,12,390,995,4,1.0
97,0.0,0.0,1.26,1.0,5.0,6,33.9778544631134,74.88818441417425,pobre,basal,3,560.0,692.0,1.0,48.0,13,390,996,5,1.0
98,0.0,0.0,1.26,1.0,6.0,6,33.9778544631134,74.88818441417425,pobre,basal,3,560.0,692.0,1.0,48.0,14,390,996,5,1.0
97,1.0,0.0,1.26,1.0,5.0,6,33.9778544631134,74.88818441417425,pobre,basal,3,560.0,692.0,1.0,48.0,12,390,997,5,1.0
98,1.0,0.0,1.26,1.0,6.0,6,33.9778544631134,74.88818441417425,pobre,basal,3,560.0,692.0,1.0,48.0,13,390,997,5,1.0
97,0.0,0.0,1.26,1.0,3.0,3,33.9778544631134,74.88818441417425,no pobre,basal,6,625.0,852.0,1.0,32.0,9,390,998,3,1.0
98,0.0,0.0,1.26,1.0,4.0,3,33.9778544631134,74.88818441417425,no pobre,basal,6,625.0,852.0,1.0,32.0,10,390,998,3,1.0
97,0.0,0.0,1.26,0.0,6.0,8,33.9778544631134,74.88818441417425,pobre,basal,3,500.0,774.0,1.0,58.0,16,390,999,6,0.0
98,0.0,0.0,1.26,,,8,33.9778544631134,74.88818441417425,pobre,basal,3,500.0,774.0,1.0,58.0,17,390,999,6,0.0
97,1.0,0.0,1.26,0.0,6.0,8,33.9778544631134,74.88818441417425,pobre,basal,3,500.0,774.0,1.0,58.0,13,390,1000,6,0.0
98,1.0,0.0,1.26,1.0,7.0,8,33.9778544631134,74.88818441417425,pobre,basal,3,500.0,774.0,1.0,58.0,14,390,1000,6,0.0
97,0.0,0.0,1.26,1.0,4.0,8,33.9778544631134,74.88818441417425,pobre,basal,3,500.0,774.0,1.0,58.0,10,390,1001,4,1.0
98,0.0,0.0,1.26,1.0,5.0,8,33.9778544631134,74.88818441417425,pobre,basal,3,500.0,774.0,1.0,58.0,11,390,1001,4,1.0
97,1.0,0.0,1.26,1.0,0.0,5,33.9778544631134,74.88818441417425,pobre,basal,6,750.0,664.0,0.0,30.0,6,390,1002,0,1.0
98,1.0,0.0,1.26,1.0,1.0,5,33.9778544631134,74.88818441417425,pobre,basal,6,750.0,664.0,0.0,30.0,7,390,1002,0,1.0
97,0.0,0.0,1.26,0.0,3.0,11,33.9778544631134,74.88818441417425,pobre,basal,3,500.0,603.85999,1.0,55.0,8,390,1003,3,0.0
98,0.0,0.0,1.26,,,11,33.9778544631134,74.88818441417425,pobre,basal,3,500.0,603.85999,1.0,55.0,9,390,1003,3,0.0
97,1.0,0.0,1.26,1.0,5.0,11,33.9778544631134,74.88818441417425,pobre,basal,3,500.0,603.85999,1.0,55.0,13,390,1004,5,1.0
98,1.0,0.0,1.26,1.0,5.0,11,33.9778544631134,74.88818441417425,pobre,basal,3,500.0,603.85999,1.0,55.0,14,390,1004,5,1.0
97,0.0,0.0,1.26,1.0,5.0,11,33.9778544631134,74.88818441417425,pobre,basal,3,500.0,603.85999,1.0,55.0,15,390,1005,5,1.0
98,0.0,0.0,1.26,0.0,4.0,11,33.9778544631134,74.88818441417425,pobre,basal,3,500.0,603.85999,1.0,55.0,16,390,1005,5,1.0
97,1.0,0.0,1.26,1.0,4.0,11,33.9778544631134,74.88818441417425,pobre,basal,3,500.0,603.85999,1.0,55.0,11,390,1006,4,1.0
98,1.0,0.0,1.26,1.0,4.0,11,33.9778544631134,74.88818441417425,pobre,basal,3,500.0,603.85999,1.0,55.0,12,390,1006,4,1.0
97,0.0,0.0,1.26,1.0,0.0,11,33.9778544631134,74.88818441417425,pobre,basal,3,500.0,603.85999,1.0,55.0,6,390,1007,0,1.0
98,0.0,0.0,1.26,1.0,1.0,11,33.9778544631134,74.88818441417425,pobre,basal,3,500.0,603.85999,1.0,55.0,7,390,1007,0,1.0
97,0.0,0.0,1.26,1.0,10.0,6,33.9778544631134,74.88818441417425,no pobre,basal,4,750.0,766.0,1.0,60.0,15,390,1008,10,1.0
98,0.0,0.0,1.26,1.0,11.0,6,33.9778544631134,74.88818441417425,no pobre,basal,4,750.0,766.0,1.0,60.0,16,390,1008,10,1.0
97,0.0,0.0,1.26,1.0,1.0,6,33.9778544631134,74.88818441417425,no pobre,basal,4,750.0,766.0,1.0,60.0,7,390,1009,1,1.0
98,0.0,0.0,1.26,1.0,2.0,6,33.9778544631134,74.88818441417425,no pobre,basal,4,750.0,766.0,1.0,60.0,8,390,1009,1,1.0
97,0.0,0.0,1.26,0.0,3.0,6,33.9778544631134,74.88818441417425,pobre,basal,3,320.0,777.0,0.0,35.0,15,390,1010,3,0.0
98,0.0,0.0,1.26,0.0,3.0,6,33.9778544631134,74.88818441417425,pobre,basal,3,320.0,777.0,0.0,35.0,16,390,1010,3,0.0
97,0.0,0.0,1.26,1.0,5.0,6,33.9778544631134,74.88818441417425,pobre,basal,3,320.0,777.0,0.0,35.0,12,390,1011,5,1.0
98,0.0,0.0,1.26,1.0,5.0,6,33.9778544631134,74.88818441417425,pobre,basal,3,320.0,777.0,0.0,35.0,13,390,1011,5,1.0
97,1.0,0.0,1.855,0.0,8.0,9,104.541265065324,104.541265065324,no pobre,basal,2,960.0,741.5,1.0,37.0,15,279,1012,8,0.0
98,1.0,0.0,1.855,0.0,9.0,9,104.541265065324,104.541265065324,no pobre,basal,2,960.0,741.5,1.0,37.0,16,279,1012,8,0.0
97,0.0,0.0,1.855,1.0,6.0,9,104.541265065324,104.541265065324,no pobre,basal,2,960.0,741.5,1.0,37.0,12,279,1013,6,1.0
98,0.0,0.0,1.855,0.0,6.0,9,104.541265065324,104.541265065324,no pobre,basal,2,960.0,741.5,1.0,37.0,13,279,1013,6,1.0
97,0.0,0.0,1.855,0.0,4.0,9,104.541265065324,104.541265065324,no pobre,basal,2,960.0,741.5,1.0,37.0,10,279,1014,4,0.0
98,0.0,0.0,1.855,1.0,5.0,9,104.541265065324,104.541265065324,no pobre,basal,2,960.0,741.5,1.0,37.0,11,279,1014,4,0.0
97,1.0,0.0,1.855,0.0,2.0,9,104.541265065324,104.541265065324,no pobre,basal,2,960.0,741.5,1.0,37.0,8,279,1015,2,0.0
98,1.0,0.0,1.855,1.0,3.0,9,104.541265065324,104.541265065324,no pobre,basal,2,960.0,741.5,1.0,37.0,9,279,1015,2,0.0
97,1.0,0.0,1.855,0.0,1.0,9,104.541265065324,104.541265065324,no pobre,basal,2,960.0,741.5,1.0,37.0,6,279,1016,1,0.0
98,1.0,0.0,1.855,1.0,1.0,9,104.541265065324,104.541265065324,no pobre,basal,2,960.0,741.5,1.0,37.0,7,279,1016,1,0.0
97,0.0,0.0,1.855,0.0,6.0,9,104.541265065324,104.541265065324,no pobre,basal,6,0.0,770.0,1.0,64.0,16,279,1017,6,0.0
98,0.0,0.0,1.855,,,9,104.541265065324,104.541265065324,no pobre,basal,6,0.0,770.0,1.0,64.0,17,279,1017,6,0.0
97,0.0,0.0,1.855,1.0,5.0,9,104.541265065324,104.541265065324,no pobre,basal,6,0.0,770.0,1.0,64.0,12,279,1018,5,1.0
98,0.0,0.0,1.855,1.0,6.0,9,104.541265065324,104.541265065324,no pobre,basal,6,0.0,770.0,1.0,64.0,13,279,1018,5,1.0
97,0.0,0.0,1.855,1.0,7.0,9,104.541265065324,104.541265065324,no pobre,basal,6,0.0,770.0,1.0,64.0,13,279,1019,7,1.0
98,0.0,0.0,1.855,,,9,104.541265065324,104.541265065324,no pobre,basal,6,0.0,770.0,1.0,64.0,14,279,1019,7,1.0
97,1.0,0.0,1.855,1.0,0.0,9,104.541265065324,104.541265065324,no pobre,basal,6,0.0,770.0,1.0,64.0,10,279,1020,0,1.0
98,1.0,0.0,1.855,1.0,3.0,9,104.541265065324,104.541265065324,no pobre,basal,6,0.0,770.0,1.0,64.0,11,279,1020,0,1.0
97,0.0,0.0,1.855,1.0,4.0,6,104.541265065324,104.541265065324,pobre,basal,2,800.0,616.0,1.0,30.0,10,279,1021,4,1.0
98,0.0,0.0,1.855,1.0,5.0,6,104.541265065324,104.541265065324,pobre,basal,2,800.0,616.0,1.0,30.0,11,279,1021,4,1.0
97,1.0,0.0,1.855,1.0,1.0,6,104.541265065324,104.541265065324,pobre,basal,2,800.0,616.0,1.0,30.0,7,279,1022,1,1.0
98,1.0,0.0,1.855,1.0,2.0,6,104.541265065324,104.541265065324,pobre,basal,2,800.0,616.0,1.0,30.0,8,279,1022,1,1.0
97,1.0,0.0,1.855,0.0,6.0,8,104.541265065324,104.541265065324,pobre,basal,0,0.0,505.0,1.0,56.0,13,279,1023,6,0.0
98,1.0,0.0,1.855,0.0,6.0,8,104.541265065324,104.541265065324,pobre,basal,0,0.0,505.0,1.0,56.0,14,279,1023,6,0.0
97,0.0,0.0,1.855,1.0,5.0,8,104.541265065324,104.541265065324,pobre,basal,0,0.0,505.0,1.0,56.0,10,279,1024,5,1.0
98,0.0,0.0,1.855,1.0,5.0,8,104.541265065324,104.541265065324,pobre,basal,0,0.0,505.0,1.0,56.0,11,279,1024,5,1.0
97,0.0,0.0,1.855,0.0,2.0,8,104.541265065324,104.541265065324,pobre,basal,0,0.0,505.0,1.0,56.0,8,279,1025,2,0.0
98,0.0,0.0,1.855,1.0,3.0,8,104.541265065324,104.541265065324,pobre,basal,0,0.0,505.0,1.0,56.0,9,279,1025,2,0.0
97,1.0,0.0,1.855,1.0,1.0,8,104.541265065324,104.541265065324,pobre,basal,0,0.0,505.0,1.0,56.0,6,279,1026,1,1.0
98,1.0,0.0,1.855,1.0,0.0,8,104.541265065324,104.541265065324,pobre,basal,0,0.0,505.0,1.0,56.0,7,279,1026,1,1.0
97,0.0,0.0,1.855,0.0,6.0,3,104.541265065324,104.541265065324,no pobre,basal,0,0.0,823.70001,1.0,62.0,13,279,1027,6,0.0
98,0.0,0.0,1.855,0.0,6.0,3,104.541265065324,104.541265065324,no pobre,basal,0,0.0,823.70001,1.0,62.0,14,279,1027,6,0.0
97,1.0,0.0,1.855,0.0,9.0,8,104.541265065324,104.541265065324,pobre,basal,0,0.0,740.0,0.0,49.0,15,279,1028,9,0.0
98,1.0,0.0,1.855,,,8,104.541265065324,104.541265065324,pobre,basal,0,0.0,740.0,0.0,49.0,16,279,1028,9,0.0
97,0.0,0.0,1.855,1.0,7.0,8,104.541265065324,104.541265065324,pobre,basal,0,0.0,740.0,0.0,49.0,14,279,1029,7,1.0
98,0.0,0.0,1.855,,,8,104.541265065324,104.541265065324,pobre,basal,0,0.0,740.0,0.0,49.0,15,279,1029,7,1.0
97,0.0,0.0,1.855,1.0,5.0,8,104.541265065324,104.541265065324,pobre,basal,0,0.0,740.0,0.0,49.0,11,279,1030,5,1.0
98,0.0,0.0,1.855,1.0,6.0,8,104.541265065324,104.541265065324,pobre,basal,0,0.0,740.0,0.0,49.0,12,279,1030,5,1.0
97,1.0,0.0,1.855,1.0,7.0,9,104.541265065324,104.541265065324,pobre,basal,3,500.0,527.5,1.0,50.0,15,279,1031,7,1.0
98,1.0,0.0,1.855,1.0,2.0,9,104.541265065324,104.541265065324,pobre,basal,3,500.0,527.5,1.0,50.0,16,279,1031,7,1.0
97,0.0,0.0,1.855,1.0,5.0,9,104.541265065324,104.541265065324,pobre,basal,3,500.0,527.5,1.0,50.0,14,279,1032,5,1.0
98,0.0,0.0,1.855,1.0,5.0,9,104.541265065324,104.541265065324,pobre,basal,3,500.0,527.5,1.0,50.0,15,279,1032,5,1.0
97,0.0,0.0,1.855,1.0,4.0,9,104.541265065324,104.541265065324,pobre,basal,3,500.0,527.5,1.0,50.0,10,279,1033,4,1.0
98,0.0,0.0,1.855,1.0,5.0,9,104.541265065324,104.541265065324,pobre,basal,3,500.0,527.5,1.0,50.0,11,279,1033,4,1.0
97,0.0,0.0,1.855,1.0,2.0,9,104.541265065324,104.541265065324,pobre,basal,3,500.0,527.5,1.0,50.0,8,279,1034,2,1.0
98,0.0,0.0,1.855,1.0,3.0,9,104.541265065324,104.541265065324,pobre,basal,3,500.0,527.5,1.0,50.0,9,279,1034,2,1.0
97,1.0,0.0,1.855,1.0,3.0,9,104.541265065324,104.541265065324,pobre,basal,3,500.0,527.5,1.0,50.0,6,279,1035,3,1.0
98,1.0,0.0,1.855,1.0,1.0,9,104.541265065324,104.541265065324,pobre,basal,3,500.0,527.5,1.0,50.0,7,279,1035,3,1.0
97,0.0,0.0,1.855,0.0,6.0,8,104.541265065324,104.541265065324,pobre,basal,3,500.0,671.0,1.0,38.0,15,279,1036,6,0.0
98,0.0,0.0,1.855,0.0,6.0,8,104.541265065324,104.541265065324,pobre,basal,3,500.0,671.0,1.0,38.0,16,279,1036,6,0.0
97,1.0,0.0,1.855,0.0,6.0,8,104.541265065324,104.541265065324,pobre,basal,3,500.0,671.0,1.0,38.0,14,279,1037,6,0.0
98,1.0,0.0,1.855,0.0,6.0,8,104.541265065324,104.541265065324,pobre,basal,3,500.0,671.0,1.0,38.0,15,279,1037,6,0.0
97,0.0,0.0,1.855,1.0,4.0,8,104.541265065324,104.541265065324,pobre,basal,3,500.0,671.0,1.0,38.0,9,279,1038,4,1.0
98,0.0,0.0,1.855,1.0,5.0,8,104.541265065324,104.541265065324,pobre,basal,3,500.0,671.0,1.0,38.0,10,279,1038,4,1.0
97,1.0,0.0,1.855,1.0,1.0,8,104.541265065324,104.541265065324,pobre,basal,3,500.0,671.0,1.0,38.0,7,279,1039,1,1.0
98,1.0,0.0,1.855,1.0,2.0,8,104.541265065324,104.541265065324,pobre,basal,3,500.0,671.0,1.0,38.0,8,279,1039,1,1.0
97,1.0,0.0,1.855,0.0,8.0,8,104.541265065324,104.541265065324,pobre,basal,0,500.0,705.20001,1.0,60.0,16,279,1040,8,0.0
98,1.0,0.0,1.855,,,8,104.541265065324,104.541265065324,pobre,basal,0,500.0,705.20001,1.0,60.0,17,279,1040,8,0.0
97,0.0,0.0,1.855,1.0,3.0,8,104.541265065324,104.541265065324,pobre,basal,2,500.0,769.0,1.0,45.0,14,279,1041,3,1.0
98,0.0,0.0,1.855,,,8,104.541265065324,104.541265065324,pobre,basal,2,500.0,769.0,1.0,45.0,15,279,1041,3,1.0
97,1.0,0.0,1.855,1.0,1.0,8,104.541265065324,104.541265065324,pobre,basal,2,500.0,769.0,1.0,45.0,8,279,1042,1,1.0
98,1.0,0.0,1.855,,,8,104.541265065324,104.541265065324,pobre,basal,2,500.0,769.0,1.0,45.0,9,279,1042,1,1.0
97,0.0,0.0,1.855,1.0,5.0,6,104.541265065324,104.541265065324,pobre,basal,2,500.0,641.0,1.0,44.0,15,279,1043,5,1.0
98,0.0,0.0,1.855,0.0,6.0,6,104.541265065324,104.541265065324,pobre,basal,2,500.0,641.0,1.0,44.0,16,279,1043,5,1.0
97,1.0,0.0,1.855,1.0,4.0,6,104.541265065324,104.541265065324,pobre,basal,2,500.0,641.0,1.0,44.0,12,279,1044,4,1.0
98,1.0,0.0,1.855,1.0,5.0,6,104.541265065324,104.541265065324,pobre,basal,2,500.0,641.0,1.0,44.0,13,279,1044,4,1.0
97,1.0,0.0,1.855,1.0,3.0,6,104.541265065324,104.541265065324,pobre,basal,2,500.0,641.0,1.0,44.0,11,279,1045,3,1.0
98,1.0,0.0,1.855,1.0,4.0,6,104.541265065324,104.541265065324,pobre,basal,2,500.0,641.0,1.0,44.0,12,279,1045,3,1.0
97,1.0,0.0,1.855,1.0,5.0,12,104.541265065324,104.541265065324,pobre,basal,0,625.0,467.70001,1.0,52.0,16,279,1046,5,1.0
98,1.0,0.0,1.855,,,12,104.541265065324,104.541265065324,pobre,basal,0,625.0,467.70001,1.0,52.0,17,279,1046,5,1.0
97,1.0,0.0,1.855,1.0,5.0,12,104.541265065324,104.541265065324,pobre,basal,0,625.0,467.70001,1.0,52.0,15,279,1047,5,1.0
98,1.0,0.0,1.855,1.0,6.0,12,104.541265065324,104.541265065324,pobre,basal,0,625.0,467.70001,1.0,52.0,16,279,1047,5,1.0
97,0.0,0.0,1.855,1.0,5.0,12,104.541265065324,104.541265065324,pobre,basal,0,625.0,467.70001,1.0,52.0,12,279,1048,5,1.0
98,0.0,0.0,1.855,1.0,6.0,12,104.541265065324,104.541265065324,pobre,basal,0,625.0,467.70001,1.0,52.0,13,279,1048,5,1.0
97,0.0,0.0,1.855,1.0,0.0,12,104.541265065324,104.541265065324,pobre,basal,0,625.0,467.70001,1.0,52.0,6,279,1049,0,1.0
98,0.0,0.0,1.855,1.0,0.0,12,104.541265065324,104.541265065324,pobre,basal,0,625.0,467.70001,1.0,52.0,7,279,1049,0,1.0
97,0.0,0.0,1.359,0.0,5.0,8,103.2232355759379,103.2232355759379,pobre,basal,0,500.0,654.0,1.0,67.0,15,280,1050,5,0.0
98,0.0,0.0,1.359,0.0,6.0,8,103.2232355759379,103.2232355759379,pobre,basal,0,500.0,654.0,1.0,67.0,16,280,1050,5,0.0
97,0.0,0.0,1.359,1.0,4.0,8,103.2232355759379,103.2232355759379,pobre,basal,0,500.0,654.0,1.0,67.0,10,280,1051,4,1.0
98,0.0,0.0,1.359,0.0,6.0,8,103.2232355759379,103.2232355759379,pobre,basal,0,500.0,654.0,1.0,67.0,11,280,1051,4,1.0
97,1.0,0.0,1.359,1.0,0.0,8,103.2232355759379,103.2232355759379,pobre,basal,0,500.0,654.0,1.0,67.0,10,280,1052,0,1.0
98,1.0,0.0,1.359,1.0,1.0,8,103.2232355759379,103.2232355759379,pobre,basal,0,500.0,654.0,1.0,67.0,11,280,1052,0,1.0
97,1.0,0.0,1.359,0.0,6.0,5,103.2232355759379,103.2232355759379,pobre,basal,0,0.0,649.0,1.0,63.0,15,280,1053,6,0.0
98,1.0,0.0,1.359,,,5,103.2232355759379,103.2232355759379,pobre,basal,0,0.0,649.0,1.0,63.0,16,280,1053,6,0.0
97,1.0,0.0,1.359,0.0,6.0,5,103.2232355759379,103.2232355759379,pobre,basal,0,0.0,649.0,1.0,63.0,13,280,1054,6,0.0
98,1.0,0.0,1.359,1.0,7.0,5,103.2232355759379,103.2232355759379,pobre,basal,0,0.0,649.0,1.0,63.0,14,280,1054,6,0.0
97,1.0,0.0,1.855,1.0,0.0,6,104.541265065324,104.541265065324,pobre,basal,1,500.0,567.0,1.0,55.0,6,279,1055,0,1.0
98,1.0,0.0,1.855,1.0,1.0,6,104.541265065324,104.541265065324,pobre,basal,1,500.0,567.0,1.0,55.0,7,279,1055,0,1.0
97,0.0,0.0,1.855,1.0,5.0,8,104.541265065324,104.541265065324,pobre,basal,2,1000.0,536.0,1.0,32.0,11,279,1056,5,1.0
98,0.0,0.0,1.855,1.0,6.0,8,104.541265065324,104.541265065324,pobre,basal,2,1000.0,536.0,1.0,32.0,12,279,1056,5,1.0
97,0.0,0.0,1.855,1.0,4.0,8,104.541265065324,104.541265065324,pobre,basal,2,1000.0,536.0,1.0,32.0,10,279,1057,4,1.0
98,0.0,0.0,1.855,1.0,5.0,8,104.541265065324,104.541265065324,pobre,basal,2,1000.0,536.0,1.0,32.0,11,279,1057,4,1.0
97,1.0,0.0,1.855,1.0,2.0,8,104.541265065324,104.541265065324,pobre,basal,2,1000.0,536.0,1.0,32.0,8,279,1058,2,1.0
98,1.0,0.0,1.855,1.0,3.0,8,104.541265065324,104.541265065324,pobre,basal,2,1000.0,536.0,1.0,32.0,9,279,1058,2,1.0
97,0.0,0.0,1.855,1.0,1.0,8,104.541265065324,104.541265065324,pobre,basal,2,1000.0,536.0,1.0,32.0,7,279,1059,1,1.0
98,0.0,0.0,1.855,1.0,2.0,8,104.541265065324,104.541265065324,pobre,basal,2,1000.0,536.0,1.0,32.0,8,279,1059,1,1.0
97,0.0,0.0,1.855,1.0,0.0,8,104.541265065324,104.541265065324,pobre,basal,2,1000.0,536.0,1.0,32.0,6,279,1060,0,1.0
98,0.0,0.0,1.855,1.0,1.0,8,104.541265065324,104.541265065324,pobre,basal,2,1000.0,536.0,1.0,32.0,7,279,1060,0,1.0
97,1.0,0.0,1.855,0.0,6.0,7,104.541265065324,104.541265065324,pobre,basal,3,0.0,688.5,1.0,37.0,14,279,1061,6,0.0
98,1.0,0.0,1.855,0.0,6.0,7,104.541265065324,104.541265065324,pobre,basal,3,0.0,688.5,1.0,37.0,15,279,1061,6,0.0
97,1.0,0.0,1.855,1.0,4.0,7,104.541265065324,104.541265065324,pobre,basal,3,0.0,688.5,1.0,37.0,11,279,1062,4,1.0
98,1.0,0.0,1.855,1.0,5.0,7,104.541265065324,104.541265065324,pobre,basal,3,0.0,688.5,1.0,37.0,12,279,1062,4,1.0
97,0.0,0.0,1.855,1.0,1.0,7,104.541265065324,104.541265065324,pobre,basal,3,0.0,688.5,1.0,37.0,7,279,1063,1,1.0
98,0.0,0.0,1.855,1.0,2.0,7,104.541265065324,104.541265065324,pobre,basal,3,0.0,688.5,1.0,37.0,8,279,1063,1,1.0
97,1.0,0.0,1.855,0.0,6.0,15,104.541265065324,104.541265065324,pobre,basal,1,500.0,769.13,1.0,53.0,16,279,1064,6,0.0
98,1.0,0.0,1.855,,,15,104.541265065324,104.541265065324,pobre,basal,1,500.0,769.13,1.0,53.0,17,279,1064,6,0.0
97,0.0,0.0,1.855,1.0,6.0,15,104.541265065324,104.541265065324,pobre,basal,1,500.0,769.13,1.0,53.0,13,279,1065,6,1.0
98,0.0,0.0,1.855,0.0,7.0,15,104.541265065324,104.541265065324,pobre,basal,1,500.0,769.13,1.0,53.0,14,279,1065,6,1.0
97,1.0,0.0,1.855,1.0,2.0,15,104.541265065324,104.541265065324,pobre,basal,1,500.0,769.13,1.0,53.0,10,279,1066,2,1.0
98,1.0,0.0,1.855,1.0,3.0,15,104.541265065324,104.541265065324,pobre,basal,1,500.0,769.13,1.0,53.0,11,279,1066,2,1.0
97,0.0,0.0,1.855,1.0,3.0,15,104.541265065324,104.541265065324,pobre,basal,1,500.0,769.13,1.0,53.0,9,279,1067,3,1.0
98,0.0,0.0,1.855,1.0,4.0,15,104.541265065324,104.541265065324,pobre,basal,1,500.0,769.13,1.0,53.0,10,279,1067,3,1.0
97,0.0,0.0,1.855,1.0,0.0,15,104.541265065324,104.541265065324,pobre,basal,1,500.0,769.13,1.0,53.0,6,279,1068,0,1.0
98,0.0,0.0,1.855,1.0,1.0,15,104.541265065324,104.541265065324,pobre,basal,1,500.0,769.13,1.0,53.0,7,279,1068,0,1.0
97,1.0,0.0,1.855,1.0,5.0,3,104.541265065324,104.541265065324,no pobre,basal,0,500.0,772.0,1.0,62.0,14,279,1069,5,1.0
98,1.0,0.0,1.855,0.0,6.0,3,104.541265065324,104.541265065324,no pobre,basal,0,500.0,772.0,1.0,62.0,15,279,1069,5,1.0
97,1.0,0.0,1.855,1.0,8.0,6,104.541265065324,104.541265065324,pobre,basal,7,625.0,719.0,1.0,30.0,14,279,1070,8,1.0
98,1.0,0.0,1.855,,,6,104.541265065324,104.541265065324,pobre,basal,7,625.0,719.0,1.0,30.0,15,279,1070,8,1.0
97,1.0,0.0,1.855,0.0,6.0,8,104.541265065324,104.541265065324,pobre,basal,3,625.0,633.0,1.0,41.0,15,279,1071,6,0.0
98,1.0,0.0,1.855,1.0,6.0,8,104.541265065324,104.541265065324,pobre,basal,3,625.0,633.0,1.0,41.0,16,279,1071,6,0.0
97,0.0,0.0,1.855,1.0,5.0,8,104.541265065324,104.541265065324,pobre,basal,3,625.0,633.0,1.0,41.0,13,279,1072,5,1.0
98,0.0,0.0,1.855,1.0,6.0,8,104.541265065324,104.541265065324,pobre,basal,3,625.0,633.0,1.0,41.0,14,279,1072,5,1.0
97,0.0,0.0,1.855,1.0,0.0,8,104.541265065324,104.541265065324,pobre,basal,3,625.0,633.0,1.0,41.0,11,279,1073,0,1.0
98,0.0,0.0,1.855,1.0,4.0,8,104.541265065324,104.541265065324,pobre,basal,3,625.0,633.0,1.0,41.0,12,279,1073,0,1.0
97,0.0,0.0,1.855,1.0,0.0,8,104.541265065324,104.541265065324,pobre,basal,3,625.0,633.0,1.0,41.0,10,279,1074,0,1.0
98,0.0,0.0,1.855,1.0,4.0,8,104.541265065324,104.541265065324,pobre,basal,3,625.0,633.0,1.0,41.0,11,279,1074,0,1.0
97,1.0,0.0,1.855,1.0,7.0,8,104.541265065324,104.541265065324,pobre,basal,9,0.0,596.0,1.0,33.0,14,279,1075,7,1.0
98,1.0,0.0,1.855,1.0,8.0,8,104.541265065324,104.541265065324,pobre,basal,9,0.0,596.0,1.0,33.0,15,279,1075,7,1.0
97,1.0,0.0,1.855,1.0,6.0,8,104.541265065324,104.541265065324,pobre,basal,9,0.0,596.0,1.0,33.0,12,279,1076,6,1.0
98,1.0,0.0,1.855,1.0,7.0,8,104.541265065324,104.541265065324,pobre,basal,9,0.0,596.0,1.0,33.0,13,279,1076,6,1.0
97,0.0,0.0,1.855,1.0,2.0,8,104.541265065324,104.541265065324,pobre,basal,9,0.0,596.0,1.0,33.0,8,279,1077,2,1.0
98,0.0,0.0,1.855,1.0,3.0,8,104.541265065324,104.541265065324,pobre,basal,9,0.0,596.0,1.0,33.0,9,279,1077,2,1.0
97,1.0,0.0,1.855,1.0,1.0,8,104.541265065324,104.541265065324,pobre,basal,9,0.0,596.0,1.0,33.0,6,279,1078,1,1.0
98,1.0,0.0,1.855,1.0,1.0,8,104.541265065324,104.541265065324,pobre,basal,9,0.0,596.0,1.0,33.0,7,279,1078,1,1.0
97,1.0,0.0,1.855,1.0,1.0,7,104.541265065324,104.541265065324,pobre,basal,0,500.0,629.0,1.0,68.0,7,279,1079,1,1.0
98,1.0,0.0,1.855,1.0,2.0,7,104.541265065324,104.541265065324,pobre,basal,0,500.0,629.0,1.0,68.0,8,279,1079,1,1.0
97,1.0,0.0,1.855,1.0,8.0,6,104.541265065324,104.541265065324,pobre,basal,3,625.0,665.0,0.0,39.0,15,279,1080,8,1.0
98,1.0,0.0,1.855,0.0,9.0,6,104.541265065324,104.541265065324,pobre,basal,3,625.0,665.0,0.0,39.0,16,279,1080,8,1.0
97,1.0,0.0,1.855,1.0,5.0,6,104.541265065324,104.541265065324,pobre,basal,3,625.0,665.0,0.0,39.0,12,279,1081,5,1.0
98,1.0,0.0,1.855,1.0,6.0,6,104.541265065324,104.541265065324,pobre,basal,3,625.0,665.0,0.0,39.0,13,279,1081,5,1.0
97,1.0,0.0,1.855,1.0,3.0,6,104.541265065324,104.541265065324,pobre,basal,3,625.0,665.0,0.0,39.0,10,279,1082,3,1.0
98,1.0,0.0,1.855,1.0,4.0,6,104.541265065324,104.541265065324,pobre,basal,3,625.0,665.0,0.0,39.0,11,279,1082,3,1.0
97,1.0,0.0,1.855,0.0,6.0,6,104.541265065324,104.541265065324,no pobre,basal,0,500.0,808.0,1.0,58.0,13,279,1083,6,0.0
98,1.0,0.0,1.855,0.0,6.0,6,104.541265065324,104.541265065324,no pobre,basal,0,500.0,808.0,1.0,58.0,14,279,1083,6,0.0
97,1.0,0.0,1.855,0.0,6.0,8,104.541265065324,104.541265065324,pobre,basal,0,625.0,658.0,1.0,56.0,13,279,1084,6,0.0
98,1.0,0.0,1.855,,,8,104.541265065324,104.541265065324,pobre,basal,0,625.0,658.0,1.0,56.0,14,279,1084,6,0.0
97,0.0,0.0,1.855,1.0,4.0,8,104.541265065324,104.541265065324,pobre,basal,0,625.0,658.0,1.0,56.0,11,279,1085,4,1.0
98,0.0,0.0,1.855,,,8,104.541265065324,104.541265065324,pobre,basal,0,625.0,658.0,1.0,56.0,12,279,1085,4,1.0
97,0.0,0.0,1.855,1.0,2.0,8,104.541265065324,104.541265065324,pobre,basal,0,625.0,658.0,1.0,56.0,9,279,1086,2,1.0
98,0.0,0.0,1.855,,,8,104.541265065324,104.541265065324,pobre,basal,0,625.0,658.0,1.0,56.0,10,279,1086,2,1.0
97,1.0,0.0,1.855,1.0,0.0,8,104.541265065324,104.541265065324,pobre,basal,0,625.0,658.0,1.0,56.0,7,279,1087,0,1.0
98,1.0,0.0,1.855,,,8,104.541265065324,104.541265065324,pobre,basal,0,625.0,658.0,1.0,56.0,8,279,1087,0,1.0
97,1.0,0.0,1.855,0.0,2.0,7,104.541265065324,104.541265065324,pobre,basal,1,0.0,662.25,1.0,40.0,16,279,1088,2,0.0
98,1.0,0.0,1.855,,,7,104.541265065324,104.541265065324,pobre,basal,1,0.0,662.25,1.0,40.0,17,279,1088,2,0.0
97,1.0,0.0,1.855,1.0,4.0,7,104.541265065324,104.541265065324,pobre,basal,1,0.0,662.25,1.0,40.0,10,279,1089,4,1.0
98,1.0,0.0,1.855,1.0,5.0,7,104.541265065324,104.541265065324,pobre,basal,1,0.0,662.25,1.0,40.0,11,279,1089,4,1.0
97,0.0,0.0,1.855,0.0,9.0,10,104.541265065324,104.541265065324,pobre,basal,2,0.0,772.5,0.0,38.0,16,279,1090,9,0.0
98,0.0,0.0,1.855,,,10,104.541265065324,104.541265065324,pobre,basal,2,0.0,772.5,0.0,38.0,17,279,1090,9,0.0
97,1.0,0.0,1.855,1.0,6.0,10,104.541265065324,104.541265065324,pobre,basal,2,0.0,772.5,0.0,38.0,12,279,1091,6,1.0
98,1.0,0.0,1.855,1.0,7.0,10,104.541265065324,104.541265065324,pobre,basal,2,0.0,772.5,0.0,38.0,13,279,1091,6,1.0
97,1.0,0.0,1.855,1.0,5.0,10,104.541265065324,104.541265065324,pobre,basal,2,0.0,772.5,0.0,38.0,11,279,1092,5,1.0
98,1.0,0.0,1.855,1.0,6.0,10,104.541265065324,104.541265065324,pobre,basal,2,0.0,772.5,0.0,38.0,12,279,1092,5,1.0
97,0.0,0.0,1.855,1.0,2.0,10,104.541265065324,104.541265065324,pobre,basal,2,0.0,772.5,0.0,38.0,8,279,1093,2,1.0
98,0.0,0.0,1.855,0.0,3.0,10,104.541265065324,104.541265065324,pobre,basal,2,0.0,772.5,0.0,38.0,9,279,1093,2,1.0
97,1.0,0.0,7.0219998,1.0,7.0,5,140.1457448024925,140.1457448024925,pobre,basal,0,0.0,660.0,0.0,47.0,13,289,1094,7,1.0
98,1.0,0.0,7.0219998,1.0,8.0,5,140.1457448024925,140.1457448024925,pobre,basal,0,0.0,660.0,0.0,47.0,14,289,1094,7,1.0
97,0.0,0.0,7.0219998,1.0,1.0,5,140.1457448024925,140.1457448024925,pobre,basal,0,625.0,716.0,1.0,53.0,7,289,1095,1,1.0
98,0.0,0.0,7.0219998,1.0,2.0,5,140.1457448024925,140.1457448024925,pobre,basal,0,625.0,716.0,1.0,53.0,8,289,1095,1,1.0
97,1.0,0.0,7.0219998,1.0,5.0,14,140.1457448024925,140.1457448024925,no pobre,basal,0,50.0,781.0,1.0,49.0,13,289,1096,5,1.0
98,1.0,0.0,7.0219998,0.0,6.0,14,140.1457448024925,140.1457448024925,no pobre,basal,0,50.0,781.0,1.0,49.0,14,289,1096,5,1.0
97,1.0,0.0,7.0219998,1.0,3.0,14,140.1457448024925,140.1457448024925,no pobre,basal,0,50.0,781.0,1.0,49.0,10,289,1097,3,1.0
98,1.0,0.0,7.0219998,1.0,4.0,14,140.1457448024925,140.1457448024925,no pobre,basal,0,50.0,781.0,1.0,49.0,11,289,1097,3,1.0
97,0.0,0.0,7.0219998,0.0,6.0,5,140.1457448024925,140.1457448024925,pobre,basal,0,625.0,760.5,0.0,45.0,15,289,1098,6,0.0
98,0.0,0.0,7.0219998,0.0,6.0,5,140.1457448024925,140.1457448024925,pobre,basal,0,625.0,760.5,0.0,45.0,16,289,1098,6,0.0
97,1.0,0.0,7.0219998,0.0,7.0,5,140.1457448024925,140.1457448024925,pobre,basal,0,625.0,760.5,0.0,45.0,13,289,1099,7,0.0
98,1.0,0.0,7.0219998,1.0,7.0,5,140.1457448024925,140.1457448024925,pobre,basal,0,625.0,760.5,0.0,45.0,14,289,1099,7,0.0
97,0.0,0.0,7.0219998,1.0,4.0,5,140.1457448024925,140.1457448024925,pobre,basal,0,625.0,760.5,0.0,45.0,10,289,1100,4,1.0
98,0.0,0.0,7.0219998,1.0,0.0,5,140.1457448024925,140.1457448024925,pobre,basal,0,625.0,760.5,0.0,45.0,11,289,1100,4,1.0
97,1.0,0.0,7.0219998,1.0,6.0,10,140.1457448024925,140.1457448024925,no pobre,basal,0,0.0,804.0,0.0,60.0,13,289,1101,6,1.0
98,1.0,0.0,7.0219998,1.0,7.0,10,140.1457448024925,140.1457448024925,no pobre,basal,0,0.0,804.0,0.0,60.0,14,289,1101,6,1.0
97,0.0,0.0,7.0219998,1.0,4.0,10,140.1457448024925,140.1457448024925,no pobre,basal,0,0.0,804.0,0.0,60.0,11,289,1102,4,1.0
98,0.0,0.0,7.0219998,1.0,5.0,10,140.1457448024925,140.1457448024925,no pobre,basal,0,0.0,804.0,0.0,60.0,12,289,1102,4,1.0
97,1.0,0.0,7.0219998,1.0,6.0,4,140.1457448024925,140.1457448024925,no pobre,basal,4,9600.0,895.0,1.0,35.0,12,289,1103,6,1.0
98,1.0,0.0,7.0219998,1.0,7.0,4,140.1457448024925,140.1457448024925,no pobre,basal,4,9600.0,895.0,1.0,35.0,13,289,1103,6,1.0
97,0.0,0.0,7.0219998,1.0,2.0,4,140.1457448024925,140.1457448024925,no pobre,basal,4,9600.0,895.0,1.0,35.0,7,289,1104,2,1.0
98,0.0,0.0,7.0219998,1.0,3.0,4,140.1457448024925,140.1457448024925,no pobre,basal,4,9600.0,895.0,1.0,35.0,8,289,1104,2,1.0
97,0.0,0.0,7.0219998,0.0,6.0,5,140.1457448024925,140.1457448024925,pobre,basal,0,0.0,718.0,1.0,52.0,15,289,1105,6,0.0
98,0.0,0.0,7.0219998,,,5,140.1457448024925,140.1457448024925,pobre,basal,0,0.0,718.0,1.0,52.0,16,289,1105,6,0.0
97,1.0,0.0,7.0219998,1.0,5.0,5,140.1457448024925,140.1457448024925,pobre,basal,0,0.0,718.0,1.0,52.0,12,289,1106,5,1.0
98,1.0,0.0,7.0219998,0.0,6.0,5,140.1457448024925,140.1457448024925,pobre,basal,0,0.0,718.0,1.0,52.0,13,289,1106,5,1.0
97,1.0,0.0,7.0219998,1.0,0.0,5,140.1457448024925,140.1457448024925,pobre,basal,0,0.0,718.0,1.0,52.0,9,289,1107,0,1.0
98,1.0,0.0,7.0219998,1.0,1.0,5,140.1457448024925,140.1457448024925,pobre,basal,0,0.0,718.0,1.0,52.0,10,289,1107,0,1.0
97,1.0,0.0,7.0219998,0.0,0.0,8,140.1457448024925,140.1457448024925,pobre,basal,4,625.0,691.0,1.0,42.0,14,289,1108,0,0.0
98,1.0,0.0,7.0219998,,1.0,8,140.1457448024925,140.1457448024925,pobre,basal,4,625.0,691.0,1.0,42.0,15,289,1108,0,0.0
97,0.0,0.0,7.0219998,1.0,5.0,8,140.1457448024925,140.1457448024925,pobre,basal,4,625.0,691.0,1.0,42.0,12,289,1109,5,1.0
98,0.0,0.0,7.0219998,0.0,6.0,8,140.1457448024925,140.1457448024925,pobre,basal,4,625.0,691.0,1.0,42.0,13,289,1109,5,1.0
97,1.0,0.0,7.0219998,1.0,1.0,8,140.1457448024925,140.1457448024925,pobre,basal,4,625.0,691.0,1.0,42.0,8,289,1110,1,1.0
98,1.0,0.0,7.0219998,1.0,2.0,8,140.1457448024925,140.1457448024925,pobre,basal,4,625.0,691.0,1.0,42.0,9,289,1110,1,1.0
97,1.0,0.0,7.0219998,0.0,6.0,8,140.1457448024925,140.1457448024925,pobre,basal,1,1250.0,678.0,1.0,50.0,15,289,1111,6,0.0
98,1.0,0.0,7.0219998,,,8,140.1457448024925,140.1457448024925,pobre,basal,1,1250.0,678.0,1.0,50.0,16,289,1111,6,0.0
97,1.0,0.0,7.0219998,0.0,5.0,8,140.1457448024925,140.1457448024925,pobre,basal,1,1250.0,678.0,1.0,50.0,14,289,1112,5,0.0
98,1.0,0.0,7.0219998,0.0,5.0,8,140.1457448024925,140.1457448024925,pobre,basal,1,1250.0,678.0,1.0,50.0,15,289,1112,5,0.0
97,0.0,0.0,7.0219998,0.0,6.0,8,140.1457448024925,140.1457448024925,pobre,basal,1,1250.0,678.0,1.0,50.0,13,289,1113,6,0.0
98,0.0,0.0,7.0219998,,6.0,8,140.1457448024925,140.1457448024925,pobre,basal,1,1250.0,678.0,1.0,50.0,14,289,1113,6,0.0
97,0.0,0.0,7.0219998,0.0,6.0,8,140.1457448024925,140.1457448024925,pobre,basal,1,1250.0,678.0,1.0,50.0,12,289,1114,6,0.0
98,0.0,0.0,7.0219998,0.0,6.0,8,140.1457448024925,140.1457448024925,pobre,basal,1,1250.0,678.0,1.0,50.0,13,289,1114,6,0.0
97,0.0,0.0,7.0219998,1.0,4.0,8,140.1457448024925,140.1457448024925,pobre,basal,1,1250.0,678.0,1.0,50.0,10,289,1115,4,1.0
98,0.0,0.0,7.0219998,1.0,4.0,8,140.1457448024925,140.1457448024925,pobre,basal,1,1250.0,678.0,1.0,50.0,11,289,1115,4,1.0
97,0.0,0.0,7.0219998,1.0,2.0,5,140.1457448024925,140.1457448024925,pobre,basal,4,750.0,677.0,1.0,30.0,10,289,1116,2,1.0
98,0.0,0.0,7.0219998,1.0,3.0,5,140.1457448024925,140.1457448024925,pobre,basal,4,750.0,677.0,1.0,30.0,11,289,1116,2,1.0
97,0.0,,7.0219998,1.0,1.0,5,140.1457448024925,140.1457448024925,pobre,basal,4,750.0,677.0,1.0,30.0,9,289,1117,1,1.0
98,0.0,,7.0219998,1.0,2.0,5,140.1457448024925,140.1457448024925,pobre,basal,4,750.0,677.0,1.0,30.0,10,289,1117,1,1.0
97,0.0,0.0,7.0219998,0.0,6.0,11,140.1457448024925,140.1457448024925,pobre,basal,0,0.0,657.28998,1.0,79.0,14,289,1118,6,0.0
98,0.0,0.0,7.0219998,0.0,6.0,11,140.1457448024925,140.1457448024925,pobre,basal,0,0.0,657.28998,1.0,79.0,15,289,1118,6,0.0
97,0.0,0.0,7.0219998,0.0,6.0,11,140.1457448024925,140.1457448024925,pobre,basal,0,0.0,657.28998,1.0,79.0,12,289,1119,6,0.0
98,0.0,0.0,7.0219998,0.0,6.0,11,140.1457448024925,140.1457448024925,pobre,basal,0,0.0,657.28998,1.0,79.0,13,289,1119,6,0.0
97,1.0,0.0,7.0219998,1.0,3.0,11,140.1457448024925,140.1457448024925,pobre,basal,0,0.0,657.28998,1.0,79.0,10,289,1120,3,1.0
98,1.0,0.0,7.0219998,1.0,4.0,11,140.1457448024925,140.1457448024925,pobre,basal,0,0.0,657.28998,1.0,79.0,11,289,1120,3,1.0
97,1.0,0.0,7.0219998,1.0,1.0,11,140.1457448024925,140.1457448024925,pobre,basal,0,0.0,657.28998,1.0,79.0,8,289,1121,1,1.0
98,1.0,0.0,7.0219998,1.0,2.0,11,140.1457448024925,140.1457448024925,pobre,basal,0,0.0,657.28998,1.0,79.0,9,289,1121,1,1.0
97,0.0,0.0,7.0219998,1.0,2.0,7,140.1457448024925,140.1457448024925,no pobre,basal,0,0.0,1015.0,1.0,64.0,10,289,1122,2,1.0
98,0.0,0.0,7.0219998,1.0,3.0,7,140.1457448024925,140.1457448024925,no pobre,basal,0,0.0,1015.0,1.0,64.0,11,289,1122,2,1.0
97,0.0,0.0,5.342,1.0,3.0,7,134.2789290705534,134.2789290705534,no pobre,basal,0,600.0,830.25,1.0,75.0,11,291,1123,3,1.0
98,0.0,0.0,5.342,,,7,134.2789290705534,134.2789290705534,no pobre,basal,0,600.0,830.25,1.0,75.0,12,291,1123,3,1.0
97,1.0,0.0,5.342,1.0,0.0,3,134.2789290705534,134.2789290705534,pobre,basal,0,25.0,728.0,0.0,59.0,7,291,1124,0,1.0
98,1.0,0.0,5.342,1.0,1.0,3,134.2789290705534,134.2789290705534,pobre,basal,0,25.0,728.0,0.0,59.0,8,291,1124,0,1.0
97,0.0,,5.342,0.0,6.0,7,134.2789290705534,134.2789290705534,no pobre,basal,0,750.0,781.0,1.0,64.0,16,291,1125,6,0.0
98,0.0,,5.342,,,7,134.2789290705534,134.2789290705534,no pobre,basal,0,750.0,781.0,1.0,64.0,17,291,1125,6,0.0
97,1.0,,5.342,1.0,8.0,7,134.2789290705534,134.2789290705534,no pobre,basal,0,750.0,781.0,1.0,64.0,14,291,1126,8,1.0
98,1.0,,5.342,0.0,9.0,7,134.2789290705534,134.2789290705534,no pobre,basal,0,750.0,781.0,1.0,64.0,15,291,1126,8,1.0
97,1.0,,5.342,1.0,6.0,7,134.2789290705534,134.2789290705534,no pobre,basal,0,750.0,781.0,1.0,64.0,11,291,1127,6,1.0
98,1.0,,5.342,1.0,7.0,7,134.2789290705534,134.2789290705534,no pobre,basal,0,750.0,781.0,1.0,64.0,12,291,1127,6,1.0
97,1.0,0.0,5.342,1.0,7.0,9,134.2789290705534,134.2789290705534,no pobre,basal,6,0.0,1140.75,1.0,57.0,13,291,1128,7,1.0
98,1.0,0.0,5.342,1.0,8.0,9,134.2789290705534,134.2789290705534,no pobre,basal,6,0.0,1140.75,1.0,57.0,14,291,1128,7,1.0
97,1.0,,5.342,1.0,8.0,7,134.2789290705534,134.2789290705534,no pobre,basal,0,250.0,1228.83,0.0,45.0,16,291,1129,8,1.0
98,1.0,,5.342,0.0,9.0,7,134.2789290705534,134.2789290705534,no pobre,basal,0,250.0,1228.83,0.0,45.0,17,291,1129,8,1.0
97,0.0,,5.342,1.0,3.0,7,134.2789290705534,134.2789290705534,no pobre,basal,0,250.0,1228.83,0.0,45.0,11,291,1130,3,1.0
98,0.0,,5.342,1.0,5.0,7,134.2789290705534,134.2789290705534,no pobre,basal,0,250.0,1228.83,0.0,45.0,12,291,1130,3,1.0
97,1.0,,5.342,,0.0,7,134.2789290705534,134.2789290705534,no pobre,basal,0,250.0,1228.83,0.0,45.0,6,291,1131,0,
98,1.0,,5.342,1.0,1.0,7,134.2789290705534,134.2789290705534,no pobre,basal,0,250.0,1228.83,0.0,45.0,7,291,1131,0,
97,0.0,0.0,5.342,0.0,6.0,7,134.2789290705534,134.2789290705534,pobre,basal,3,500.0,557.5,1.0,46.0,14,291,1132,6,0.0
98,0.0,0.0,5.342,,,7,134.2789290705534,134.2789290705534,pobre,basal,3,500.0,557.5,1.0,46.0,15,291,1132,6,0.0
97,0.0,0.0,5.342,0.0,6.0,7,134.2789290705534,134.2789290705534,pobre,basal,3,500.0,557.5,1.0,46.0,11,291,1133,6,0.0
98,0.0,0.0,5.342,0.0,6.0,7,134.2789290705534,134.2789290705534,pobre,basal,3,500.0,557.5,1.0,46.0,12,291,1133,6,0.0
97,1.0,0.0,5.342,1.0,3.0,7,134.2789290705534,134.2789290705534,pobre,basal,3,500.0,557.5,1.0,46.0,9,291,1134,3,1.0
98,1.0,0.0,5.342,1.0,3.0,7,134.2789290705534,134.2789290705534,pobre,basal,3,500.0,557.5,1.0,46.0,10,291,1134,3,1.0
97,1.0,0.0,5.342,1.0,1.0,7,134.2789290705534,134.2789290705534,pobre,basal,3,500.0,557.5,1.0,46.0,7,291,1135,1,1.0
98,1.0,0.0,5.342,1.0,1.0,7,134.2789290705534,134.2789290705534,pobre,basal,3,500.0,557.5,1.0,46.0,8,291,1135,1,1.0
97,1.0,0.0,1.359,1.0,5.0,5,103.2232355759379,103.2232355759379,pobre,basal,1,0.0,519.0,1.0,65.0,12,280,1136,5,1.0
98,1.0,0.0,1.359,,,5,103.2232355759379,103.2232355759379,pobre,basal,1,0.0,519.0,1.0,65.0,13,280,1136,5,1.0
97,0.0,0.0,1.359,1.0,2.0,5,103.2232355759379,103.2232355759379,pobre,basal,1,0.0,519.0,1.0,65.0,10,280,1137,2,1.0
98,0.0,0.0,1.359,,,5,103.2232355759379,103.2232355759379,pobre,basal,1,0.0,519.0,1.0,65.0,11,280,1137,2,1.0
97,1.0,0.0,1.359,0.0,9.0,7,103.2232355759379,103.2232355759379,pobre,basal,2,500.0,662.0,1.0,39.0,16,280,1138,9,0.0
98,1.0,0.0,1.359,,,7,103.2232355759379,103.2232355759379,pobre,basal,2,500.0,662.0,1.0,39.0,17,280,1138,9,0.0
97,1.0,0.0,1.359,1.0,7.0,7,103.2232355759379,103.2232355759379,pobre,basal,2,500.0,662.0,1.0,39.0,15,280,1139,7,1.0
98,1.0,0.0,1.359,0.0,4.0,7,103.2232355759379,103.2232355759379,pobre,basal,2,500.0,662.0,1.0,39.0,16,280,1139,7,1.0
97,0.0,0.0,1.359,1.0,5.0,7,103.2232355759379,103.2232355759379,pobre,basal,2,500.0,662.0,1.0,39.0,13,280,1140,5,1.0
98,0.0,0.0,1.359,1.0,4.0,7,103.2232355759379,103.2232355759379,pobre,basal,2,500.0,662.0,1.0,39.0,14,280,1140,5,1.0
97,1.0,0.0,1.359,1.0,4.0,7,103.2232355759379,103.2232355759379,pobre,basal,2,500.0,662.0,1.0,39.0,11,280,1141,4,1.0
98,1.0,0.0,1.359,1.0,5.0,7,103.2232355759379,103.2232355759379,pobre,basal,2,500.0,662.0,1.0,39.0,12,280,1141,4,1.0
97,1.0,0.0,1.359,1.0,5.0,6,103.2232355759379,103.2232355759379,pobre,basal,0,0.0,436.0,1.0,31.0,11,280,1142,5,1.0
98,1.0,0.0,1.359,1.0,6.0,6,103.2232355759379,103.2232355759379,pobre,basal,0,0.0,436.0,1.0,31.0,12,280,1142,5,1.0
97,1.0,0.0,1.359,,0.0,6,103.2232355759379,103.2232355759379,pobre,basal,0,0.0,436.0,1.0,31.0,8,280,1143,0,
98,1.0,0.0,1.359,,,6,103.2232355759379,103.2232355759379,pobre,basal,0,0.0,436.0,1.0,31.0,9,280,1143,0,
97,0.0,0.0,1.359,1.0,0.0,6,103.2232355759379,103.2232355759379,pobre,basal,0,0.0,436.0,1.0,31.0,6,280,1144,0,1.0
98,0.0,0.0,1.359,1.0,1.0,6,103.2232355759379,103.2232355759379,pobre,basal,0,0.0,436.0,1.0,31.0,7,280,1144,0,1.0
97,0.0,0.0,1.359,1.0,3.0,3,103.2232355759379,103.2232355759379,pobre,basal,6,0.0,567.0,1.0,17.0,10,280,1145,3,1.0
98,0.0,0.0,1.359,,,3,103.2232355759379,103.2232355759379,pobre,basal,6,0.0,567.0,1.0,17.0,11,280,1145,3,1.0
97,0.0,0.0,1.359,1.0,9.0,10,103.2232355759379,103.2232355759379,pobre,basal,2,1200.0,422.0,1.0,42.0,16,280,1146,9,1.0
98,0.0,0.0,1.359,,,10,103.2232355759379,103.2232355759379,pobre,basal,2,1200.0,422.0,1.0,42.0,17,280,1146,9,1.0
97,1.0,0.0,1.359,1.0,6.0,10,103.2232355759379,103.2232355759379,pobre,basal,2,1200.0,422.0,1.0,42.0,14,280,1147,6,1.0
98,1.0,0.0,1.359,1.0,7.0,10,103.2232355759379,103.2232355759379,pobre,basal,2,1200.0,422.0,1.0,42.0,15,280,1147,6,1.0
97,1.0,0.0,1.359,1.0,6.0,10,103.2232355759379,103.2232355759379,pobre,basal,2,1200.0,422.0,1.0,42.0,12,280,1148,6,1.0
98,1.0,0.0,1.359,1.0,6.0,10,103.2232355759379,103.2232355759379,pobre,basal,2,1200.0,422.0,1.0,42.0,13,280,1148,6,1.0
97,0.0,0.0,1.359,1.0,2.0,10,103.2232355759379,103.2232355759379,pobre,basal,2,1200.0,422.0,1.0,42.0,7,280,1149,2,1.0
98,0.0,0.0,1.359,1.0,2.0,10,103.2232355759379,103.2232355759379,pobre,basal,2,1200.0,422.0,1.0,42.0,8,280,1149,2,1.0
97,1.0,0.0,1.359,1.0,5.0,10,103.2232355759379,103.2232355759379,pobre,basal,3,0.0,375.0,1.0,35.0,15,280,1150,5,1.0
98,1.0,0.0,1.359,,,10,103.2232355759379,103.2232355759379,pobre,basal,3,0.0,375.0,1.0,35.0,16,280,1150,5,1.0
97,1.0,0.0,1.359,1.0,3.0,10,103.2232355759379,103.2232355759379,pobre,basal,3,0.0,375.0,1.0,35.0,14,280,1151,3,1.0
98,1.0,0.0,1.359,,,10,103.2232355759379,103.2232355759379,pobre,basal,3,0.0,375.0,1.0,35.0,15,280,1151,3,1.0
97,0.0,0.0,1.359,1.0,4.0,10,103.2232355759379,103.2232355759379,pobre,basal,3,0.0,375.0,1.0,35.0,10,280,1152,4,1.0
98,0.0,0.0,1.359,,,10,103.2232355759379,103.2232355759379,pobre,basal,3,0.0,375.0,1.0,35.0,11,280,1152,4,1.0
97,1.0,0.0,1.359,1.0,2.0,10,103.2232355759379,103.2232355759379,pobre,basal,3,0.0,375.0,1.0,35.0,9,280,1153,2,1.0
98,1.0,0.0,1.359,,,10,103.2232355759379,103.2232355759379,pobre,basal,3,0.0,375.0,1.0,35.0,10,280,1153,2,1.0
97,0.0,0.0,1.359,1.0,0.0,10,103.2232355759379,103.2232355759379,pobre,basal,3,0.0,375.0,1.0,35.0,6,280,1154,0,1.0
98,0.0,0.0,1.359,,,10,103.2232355759379,103.2232355759379,pobre,basal,3,0.0,375.0,1.0,35.0,7,280,1154,0,1.0
97,1.0,0.0,1.359,0.0,4.0,1,103.2232355759379,103.2232355759379,pobre,basal,4,500.0,766.20001,1.0,15.0,15,280,1155,4,0.0
98,1.0,0.0,1.359,,,1,103.2232355759379,103.2232355759379,pobre,basal,4,500.0,766.20001,1.0,15.0,16,280,1155,4,0.0
97,1.0,0.0,1.359,,1.0,3,103.2232355759379,103.2232355759379,pobre,basal,0,625.0,642.53003,1.0,25.0,7,280,1156,1,
98,1.0,0.0,1.359,,,3,103.2232355759379,103.2232355759379,pobre,basal,0,625.0,642.53003,1.0,25.0,8,280,1156,1,
97,1.0,0.0,1.359,1.0,6.0,8,103.2232355759379,103.2232355759379,pobre,basal,6,1560.0,570.0,1.0,32.0,11,280,1157,6,1.0
98,1.0,0.0,1.359,1.0,6.0,8,103.2232355759379,103.2232355759379,pobre,basal,6,1560.0,570.0,1.0,32.0,12,280,1157,6,1.0
97,1.0,0.0,1.359,1.0,1.0,8,103.2232355759379,103.2232355759379,pobre,basal,6,1560.0,570.0,1.0,32.0,8,280,1158,1,1.0
98,1.0,0.0,1.359,1.0,2.0,8,103.2232355759379,103.2232355759379,pobre,basal,6,1560.0,570.0,1.0,32.0,9,280,1158,1,1.0
97,1.0,0.0,1.359,1.0,1.0,8,103.2232355759379,103.2232355759379,pobre,basal,6,1560.0,570.0,1.0,32.0,6,280,1159,1,1.0
98,1.0,0.0,1.359,1.0,1.0,8,103.2232355759379,103.2232355759379,pobre,basal,6,1560.0,570.0,1.0,32.0,7,280,1159,1,1.0
97,1.0,0.0,1.359,1.0,1.0,8,103.2232355759379,103.2232355759379,pobre,basal,6,1560.0,570.0,1.0,32.0,6,280,1160,1,1.0
98,1.0,0.0,1.359,1.0,1.0,8,103.2232355759379,103.2232355759379,pobre,basal,6,1560.0,570.0,1.0,32.0,7,280,1160,1,1.0
97,0.0,0.0,1.359,1.0,5.0,6,103.2232355759379,103.2232355759379,pobre,basal,3,500.0,510.0,1.0,34.0,12,280,1161,5,1.0
98,0.0,0.0,1.359,,,6,103.2232355759379,103.2232355759379,pobre,basal,3,500.0,510.0,1.0,34.0,13,280,1161,5,1.0
97,1.0,0.0,1.359,1.0,4.0,6,103.2232355759379,103.2232355759379,pobre,basal,3,500.0,510.0,1.0,34.0,10,280,1162,4,1.0
98,1.0,0.0,1.359,,,6,103.2232355759379,103.2232355759379,pobre,basal,3,500.0,510.0,1.0,34.0,11,280,1162,4,1.0
97,1.0,0.0,1.359,1.0,1.0,6,103.2232355759379,103.2232355759379,pobre,basal,3,500.0,510.0,1.0,34.0,7,280,1163,1,1.0
98,1.0,0.0,1.359,,,6,103.2232355759379,103.2232355759379,pobre,basal,3,500.0,510.0,1.0,34.0,8,280,1163,1,1.0
97,0.0,0.0,1.359,1.0,8.0,10,103.2232355759379,103.2232355759379,pobre,basal,0,625.0,385.0,1.0,41.0,15,280,1164,8,1.0
98,0.0,0.0,1.359,,,10,103.2232355759379,103.2232355759379,pobre,basal,0,625.0,385.0,1.0,41.0,16,280,1164,8,1.0
97,1.0,0.0,1.359,1.0,7.0,10,103.2232355759379,103.2232355759379,pobre,basal,0,625.0,385.0,1.0,41.0,14,280,1165,7,1.0
98,1.0,0.0,1.359,1.0,8.0,10,103.2232355759379,103.2232355759379,pobre,basal,0,625.0,385.0,1.0,41.0,15,280,1165,7,1.0
97,0.0,0.0,1.359,1.0,5.0,10,103.2232355759379,103.2232355759379,pobre,basal,0,625.0,385.0,1.0,41.0,11,280,1166,5,1.0
98,0.0,0.0,1.359,1.0,6.0,10,103.2232355759379,103.2232355759379,pobre,basal,0,625.0,385.0,1.0,41.0,12,280,1166,5,1.0
97,0.0,0.0,1.359,1.0,3.0,10,103.2232355759379,103.2232355759379,pobre,basal,0,625.0,385.0,1.0,41.0,9,280,1167,3,1.0
98,0.0,0.0,1.359,1.0,4.0,10,103.2232355759379,103.2232355759379,pobre,basal,0,625.0,385.0,1.0,41.0,10,280,1167,3,1.0
97,1.0,0.0,1.359,1.0,2.0,10,103.2232355759379,103.2232355759379,pobre,basal,0,625.0,385.0,1.0,41.0,8,280,1168,2,1.0
98,1.0,0.0,1.359,1.0,3.0,10,103.2232355759379,103.2232355759379,pobre,basal,0,625.0,385.0,1.0,41.0,9,280,1168,2,1.0
97,1.0,0.0,1.359,1.0,0.0,10,103.2232355759379,103.2232355759379,pobre,basal,0,625.0,385.0,1.0,41.0,6,280,1169,0,1.0
98,1.0,0.0,1.359,1.0,1.0,10,103.2232355759379,103.2232355759379,pobre,basal,0,625.0,385.0,1.0,41.0,7,280,1169,0,1.0
97,0.0,0.0,1.359,1.0,5.0,7,103.2232355759379,103.2232355759379,pobre,basal,0,10000.0,708.95001,1.0,55.0,11,280,1170,5,1.0
98,0.0,0.0,1.359,,,7,103.2232355759379,103.2232355759379,pobre,basal,0,10000.0,708.95001,1.0,55.0,12,280,1170,5,1.0
97,1.0,0.0,1.359,1.0,2.0,7,103.2232355759379,103.2232355759379,pobre,basal,0,10000.0,708.95001,1.0,55.0,10,280,1171,2,1.0
98,1.0,0.0,1.359,,,7,103.2232355759379,103.2232355759379,pobre,basal,0,10000.0,708.95001,1.0,55.0,11,280,1171,2,1.0
97,1.0,0.0,1.359,1.0,7.0,6,103.2232355759379,103.2232355759379,pobre,basal,0,0.0,818.0,1.0,66.0,15,280,1172,7,1.0
98,1.0,0.0,1.359,1.0,8.0,6,103.2232355759379,103.2232355759379,pobre,basal,0,0.0,818.0,1.0,66.0,16,280,1172,7,1.0
97,1.0,0.0,1.359,1.0,4.0,6,103.2232355759379,103.2232355759379,pobre,basal,0,0.0,818.0,1.0,66.0,11,280,1173,4,1.0
98,1.0,0.0,1.359,1.0,5.0,6,103.2232355759379,103.2232355759379,pobre,basal,0,0.0,818.0,1.0,66.0,12,280,1173,4,1.0
97,0.0,0.0,1.359,1.0,0.0,6,103.2232355759379,103.2232355759379,pobre,basal,0,0.0,818.0,1.0,66.0,6,280,1174,0,1.0
98,0.0,0.0,1.359,1.0,0.0,6,103.2232355759379,103.2232355759379,pobre,basal,0,0.0,818.0,1.0,66.0,7,280,1174,0,1.0
97,0.0,0.0,2.766,1.0,8.0,6,67.57285414602369,67.57285414602369,no pobre,basal,3,0.0,1059.0,1.0,55.0,15,274,1175,8,1.0
98,0.0,0.0,2.766,1.0,10.0,6,67.57285414602369,67.57285414602369,no pobre,basal,3,0.0,1059.0,1.0,55.0,16,274,1175,8,1.0
97,0.0,0.0,2.766,1.0,2.0,6,67.57285414602369,67.57285414602369,no pobre,basal,3,0.0,1059.0,1.0,55.0,8,274,1176,2,1.0
98,0.0,0.0,2.766,1.0,3.0,6,67.57285414602369,67.57285414602369,no pobre,basal,3,0.0,1059.0,1.0,55.0,9,274,1176,2,1.0
97,0.0,0.0,2.766,0.0,6.0,8,67.57285414602369,67.57285414602369,no pobre,basal,6,1200.0,805.0,1.0,42.0,16,274,1177,6,0.0
98,0.0,0.0,2.766,,,8,67.57285414602369,67.57285414602369,no pobre,basal,6,1200.0,805.0,1.0,42.0,17,274,1177,6,0.0
97,1.0,0.0,2.766,1.0,5.0,8,67.57285414602369,67.57285414602369,no pobre,basal,6,1200.0,805.0,1.0,42.0,12,274,1178,5,1.0
98,1.0,0.0,2.766,0.0,6.0,8,67.57285414602369,67.57285414602369,no pobre,basal,6,1200.0,805.0,1.0,42.0,13,274,1178,5,1.0
97,1.0,0.0,2.766,1.0,4.0,8,67.57285414602369,67.57285414602369,no pobre,basal,6,1200.0,805.0,1.0,42.0,10,274,1179,4,1.0
98,1.0,0.0,2.766,1.0,5.0,8,67.57285414602369,67.57285414602369,no pobre,basal,6,1200.0,805.0,1.0,42.0,11,274,1179,4,1.0
97,0.0,0.0,2.766,1.0,2.0,8,67.57285414602369,67.57285414602369,no pobre,basal,6,1200.0,805.0,1.0,42.0,8,274,1180,2,1.0
98,0.0,0.0,2.766,1.0,3.0,8,67.57285414602369,67.57285414602369,no pobre,basal,6,1200.0,805.0,1.0,42.0,9,274,1180,2,1.0
97,0.0,0.0,2.766,1.0,2.0,4,67.57285414602369,67.57285414602369,no pobre,basal,6,1175.0,887.0,1.0,36.0,8,274,1181,2,1.0
98,0.0,0.0,2.766,,,4,67.57285414602369,67.57285414602369,no pobre,basal,6,1175.0,887.0,1.0,36.0,9,274,1181,2,1.0
97,0.0,0.0,2.766,1.0,0.0,6,67.57285414602369,67.57285414602369,no pobre,basal,0,0.0,1020.0,0.0,57.0,6,274,1182,0,1.0
98,0.0,0.0,2.766,1.0,1.0,6,67.57285414602369,67.57285414602369,no pobre,basal,0,0.0,1020.0,0.0,57.0,7,274,1182,0,1.0
97,1.0,1.0,2.766,0.0,6.0,7,67.57285414602369,67.57285414602369,pobre,basal,0,1250.0,886.25,1.0,53.0,15,274,1183,6,0.0
98,1.0,1.0,2.766,,,7,67.57285414602369,67.57285414602369,pobre,basal,0,1250.0,886.25,1.0,53.0,16,274,1183,6,0.0
97,1.0,1.0,2.766,,0.0,7,67.57285414602369,67.57285414602369,pobre,basal,0,1250.0,886.25,1.0,53.0,7,274,1184,0,
98,1.0,1.0,2.766,1.0,3.0,7,67.57285414602369,67.57285414602369,pobre,basal,0,1250.0,886.25,1.0,53.0,8,274,1184,0,
97,1.0,0.0,2.766,1.0,6.0,6,67.57285414602369,67.57285414602369,no pobre,basal,2,0.0,921.0,1.0,56.0,13,274,1185,6,1.0
98,1.0,0.0,2.766,,,6,67.57285414602369,67.57285414602369,no pobre,basal,2,0.0,921.0,1.0,56.0,14,274,1185,6,1.0
97,0.0,0.0,2.5220001,1.0,4.0,8,58.91364069268889,70.90488611070876,no pobre,0,3,625.0,653.0,1.0,60.0,12,233,1186,4,1.0
98,0.0,0.0,2.5220001,1.0,5.0,8,58.91364069268889,70.90488611070876,no pobre,0,3,625.0,653.0,1.0,60.0,13,233,1186,4,1.0
97,0.0,0.0,2.5220001,1.0,3.0,8,58.91364069268889,70.90488611070876,no pobre,0,3,625.0,653.0,1.0,60.0,10,233,1187,3,1.0
98,0.0,0.0,2.5220001,1.0,4.0,8,58.91364069268889,70.90488611070876,no pobre,0,3,625.0,653.0,1.0,60.0,11,233,1187,3,1.0
97,0.0,0.0,2.5220001,1.0,2.0,8,58.91364069268889,70.90488611070876,no pobre,0,3,625.0,653.0,1.0,60.0,8,233,1188,2,1.0
98,0.0,0.0,2.5220001,1.0,3.0,8,58.91364069268889,70.90488611070876,no pobre,0,3,625.0,653.0,1.0,60.0,9,233,1188,2,1.0
97,1.0,0.0,2.5220001,0.0,9.0,10,58.91364069268889,70.90488611070876,pobre,0,4,625.0,740.5,1.0,40.0,16,233,1189,9,0.0
98,1.0,0.0,2.5220001,0.0,9.0,10,58.91364069268889,70.90488611070876,pobre,0,4,625.0,740.5,1.0,40.0,17,233,1189,9,0.0
97,0.0,0.0,2.5220001,0.0,6.0,10,58.91364069268889,70.90488611070876,pobre,0,4,625.0,740.5,1.0,40.0,15,233,1190,6,0.0
98,0.0,0.0,2.5220001,0.0,6.0,10,58.91364069268889,70.90488611070876,pobre,0,4,625.0,740.5,1.0,40.0,16,233,1190,6,0.0
97,0.0,0.0,2.5220001,1.0,5.0,10,58.91364069268889,70.90488611070876,pobre,0,4,625.0,740.5,1.0,40.0,11,233,1191,5,1.0
98,0.0,0.0,2.5220001,1.0,6.0,10,58.91364069268889,70.90488611070876,pobre,0,4,625.0,740.5,1.0,40.0,12,233,1191,5,1.0
97,0.0,0.0,2.5220001,1.0,4.0,10,58.91364069268889,70.90488611070876,pobre,0,4,625.0,740.5,1.0,40.0,8,233,1192,4,1.0
98,0.0,0.0,2.5220001,1.0,5.0,10,58.91364069268889,70.90488611070876,pobre,0,4,625.0,740.5,1.0,40.0,9,233,1192,4,1.0
97,0.0,0.0,2.5220001,0.0,9.0,5,58.91364069268889,70.90488611070876,pobre,0,3,750.0,641.0,1.0,55.0,16,233,1193,9,0.0
98,0.0,0.0,2.5220001,0.0,9.0,5,58.91364069268889,70.90488611070876,pobre,0,3,750.0,641.0,1.0,55.0,17,233,1193,9,0.0
97,0.0,0.0,2.5220001,1.0,3.0,3,58.91364069268889,70.90488611070876,no pobre,0,0,750.0,1017.0,1.0,63.0,9,233,1194,3,1.0
98,0.0,0.0,2.5220001,1.0,4.0,3,58.91364069268889,70.90488611070876,no pobre,0,0,750.0,1017.0,1.0,63.0,10,233,1194,3,1.0
97,1.0,0.0,2.5220001,1.0,1.0,5,58.91364069268889,70.90488611070876,pobre,0,0,500.0,696.5,1.0,70.0,9,233,1195,1,1.0
98,1.0,0.0,2.5220001,0.0,2.0,5,58.91364069268889,70.90488611070876,pobre,0,0,500.0,696.5,1.0,70.0,10,233,1195,1,1.0
97,0.0,0.0,2.5220001,1.0,2.0,5,58.91364069268889,70.90488611070876,pobre,0,0,500.0,696.5,1.0,70.0,8,233,1196,2,1.0
98,0.0,0.0,2.5220001,1.0,3.0,5,58.91364069268889,70.90488611070876,pobre,0,0,500.0,696.5,1.0,70.0,9,233,1196,2,1.0
97,1.0,0.0,2.5220001,0.0,3.0,8,58.91364069268889,70.90488611070876,pobre,0,0,0.0,400.0,0.0,30.0,16,233,1197,3,0.0
98,1.0,0.0,2.5220001,,,8,58.91364069268889,70.90488611070876,pobre,0,0,0.0,400.0,0.0,30.0,17,233,1197,3,0.0
97,1.0,0.0,2.5220001,1.0,3.0,8,58.91364069268889,70.90488611070876,pobre,0,0,0.0,400.0,0.0,30.0,7,233,1198,3,1.0
98,1.0,0.0,2.5220001,1.0,4.0,8,58.91364069268889,70.90488611070876,pobre,0,0,0.0,400.0,0.0,30.0,8,233,1198,3,1.0
97,0.0,0.0,2.5220001,0.0,3.0,8,58.91364069268889,70.90488611070876,pobre,0,0,0.0,400.0,0.0,30.0,12,233,1199,3,0.0
98,0.0,0.0,2.5220001,0.0,6.0,8,58.91364069268889,70.90488611070876,pobre,0,0,0.0,400.0,0.0,30.0,13,233,1199,3,0.0
97,0.0,0.0,2.5220001,1.0,0.0,8,58.91364069268889,70.90488611070876,pobre,0,0,0.0,400.0,0.0,30.0,6,233,1200,0,1.0
98,0.0,0.0,2.5220001,1.0,1.0,8,58.91364069268889,70.90488611070876,pobre,0,0,0.0,400.0,0.0,30.0,7,233,1200,0,1.0
97,0.0,0.0,2.5220001,0.0,5.0,8,58.91364069268889,70.90488611070876,pobre,0,0,0.0,400.0,0.0,30.0,16,233,1201,5,0.0
98,0.0,0.0,2.5220001,,,8,58.91364069268889,70.90488611070876,pobre,0,0,0.0,400.0,0.0,30.0,17,233,1201,5,0.0
97,1.0,0.0,2.5220001,0.0,6.0,13,58.91364069268889,70.90488611070876,pobre,0,6,480.0,730.25,1.0,47.0,16,233,1202,6,0.0
98,1.0,0.0,2.5220001,,,13,58.91364069268889,70.90488611070876,pobre,0,6,480.0,730.25,1.0,47.0,17,233,1202,6,0.0
97,0.0,0.0,2.5220001,1.0,8.0,13,58.91364069268889,70.90488611070876,pobre,0,6,480.0,730.25,1.0,47.0,15,233,1203,8,1.0
98,0.0,0.0,2.5220001,,,13,58.91364069268889,70.90488611070876,pobre,0,6,480.0,730.25,1.0,47.0,16,233,1203,8,1.0
97,0.0,0.0,2.5220001,0.0,6.0,13,58.91364069268889,70.90488611070876,pobre,0,6,480.0,730.25,1.0,47.0,13,233,1204,6,0.0
98,0.0,0.0,2.5220001,,,13,58.91364069268889,70.90488611070876,pobre,0,6,480.0,730.25,1.0,47.0,14,233,1204,6,0.0
97,1.0,0.0,2.5220001,1.0,5.0,13,58.91364069268889,70.90488611070876,pobre,0,6,480.0,730.25,1.0,47.0,10,233,1205,5,1.0
98,1.0,0.0,2.5220001,,,13,58.91364069268889,70.90488611070876,pobre,0,6,480.0,730.25,1.0,47.0,11,233,1205,5,1.0
97,0.0,0.0,2.5220001,1.0,1.0,13,58.91364069268889,70.90488611070876,pobre,0,6,480.0,730.25,1.0,47.0,6,233,1206,1,1.0
98,0.0,0.0,2.5220001,,,13,58.91364069268889,70.90488611070876,pobre,0,6,480.0,730.25,1.0,47.0,7,233,1206,1,1.0
97,0.0,0.0,2.5220001,1.0,3.0,13,58.91364069268889,70.90488611070876,pobre,0,6,480.0,730.25,1.0,47.0,8,233,1207,3,1.0
98,0.0,0.0,2.5220001,,,13,58.91364069268889,70.90488611070876,pobre,0,6,480.0,730.25,1.0,47.0,9,233,1207,3,1.0
97,1.0,0.0,2.5220001,1.0,0.0,13,58.91364069268889,70.90488611070876,pobre,0,6,480.0,730.25,1.0,47.0,6,233,1208,0,1.0
98,1.0,0.0,2.5220001,,,13,58.91364069268889,70.90488611070876,pobre,0,6,480.0,730.25,1.0,47.0,7,233,1208,0,1.0
97,1.0,0.0,2.5220001,1.0,1.0,5,58.91364069268889,70.90488611070876,pobre,0,6,625.0,645.0,1.0,29.0,7,233,1209,1,1.0
98,1.0,0.0,2.5220001,1.0,2.0,5,58.91364069268889,70.90488611070876,pobre,0,6,625.0,645.0,1.0,29.0,8,233,1209,1,1.0
97,1.0,0.0,2.5220001,1.0,5.0,7,58.91364069268889,70.90488611070876,pobre,0,3,600.0,591.0,1.0,33.0,12,233,1210,5,1.0
98,1.0,0.0,2.5220001,1.0,6.0,7,58.91364069268889,70.90488611070876,pobre,0,3,600.0,591.0,1.0,33.0,13,233,1210,5,1.0
97,0.0,0.0,2.5220001,1.0,3.0,7,58.91364069268889,70.90488611070876,pobre,0,3,600.0,591.0,1.0,33.0,11,233,1211,3,1.0
98,0.0,0.0,2.5220001,1.0,4.0,7,58.91364069268889,70.90488611070876,pobre,0,3,600.0,591.0,1.0,33.0,12,233,1211,3,1.0
97,0.0,0.0,2.5220001,1.0,2.0,7,58.91364069268889,70.90488611070876,pobre,0,3,600.0,591.0,1.0,33.0,9,233,1212,2,1.0
98,0.0,0.0,2.5220001,1.0,3.0,7,58.91364069268889,70.90488611070876,pobre,0,3,600.0,591.0,1.0,33.0,10,233,1212,2,1.0
97,1.0,0.0,2.5220001,1.0,1.0,7,58.91364069268889,70.90488611070876,pobre,0,3,600.0,591.0,1.0,33.0,7,233,1213,1,1.0
98,1.0,0.0,2.5220001,1.0,2.0,7,58.91364069268889,70.90488611070876,pobre,0,3,600.0,591.0,1.0,33.0,8,233,1213,1,1.0
97,1.0,0.0,2.5220001,0.0,9.0,5,58.91364069268889,70.90488611070876,pobre,0,5,625.0,745.25,1.0,37.0,15,233,1214,9,0.0
98,1.0,0.0,2.5220001,0.0,9.0,5,58.91364069268889,70.90488611070876,pobre,0,5,625.0,745.25,1.0,37.0,16,233,1214,9,0.0
97,1.0,0.0,2.5220001,0.0,4.0,5,58.91364069268889,70.90488611070876,pobre,0,5,625.0,745.25,1.0,37.0,15,233,1215,4,0.0
98,1.0,0.0,2.5220001,0.0,3.0,5,58.91364069268889,70.90488611070876,pobre,0,5,625.0,745.25,1.0,37.0,16,233,1215,4,0.0
97,0.0,0.0,2.5220001,0.0,3.0,9,58.91364069268889,70.90488611070876,pobre,0,4,625.0,633.5,1.0,44.0,16,233,1216,3,0.0
98,0.0,0.0,2.5220001,,,9,58.91364069268889,70.90488611070876,pobre,0,4,625.0,633.5,1.0,44.0,17,233,1216,3,0.0
97,1.0,0.0,2.5220001,0.0,4.0,9,58.91364069268889,70.90488611070876,pobre,0,4,625.0,633.5,1.0,44.0,12,233,1217,4,0.0
98,1.0,0.0,2.5220001,,,9,58.91364069268889,70.90488611070876,pobre,0,4,625.0,633.5,1.0,44.0,13,233,1217,4,0.0
97,0.0,0.0,2.5220001,1.0,3.0,9,58.91364069268889,70.90488611070876,pobre,0,4,625.0,633.5,1.0,44.0,10,233,1218,3,1.0
98,0.0,0.0,2.5220001,1.0,2.0,9,58.91364069268889,70.90488611070876,pobre,0,4,625.0,633.5,1.0,44.0,11,233,1218,3,1.0
97,0.0,0.0,2.5220001,1.0,2.0,9,58.91364069268889,70.90488611070876,pobre,0,4,625.0,633.5,1.0,44.0,11,233,1219,2,1.0
98,0.0,0.0,2.5220001,1.0,3.0,9,58.91364069268889,70.90488611070876,pobre,0,4,625.0,633.5,1.0,44.0,12,233,1219,2,1.0
97,0.0,0.0,2.5220001,1.0,0.0,9,58.91364069268889,70.90488611070876,pobre,0,4,625.0,633.5,1.0,44.0,6,233,1220,0,1.0
98,0.0,0.0,2.5220001,1.0,1.0,9,58.91364069268889,70.90488611070876,pobre,0,4,625.0,633.5,1.0,44.0,7,233,1220,0,1.0
97,1.0,0.0,2.5220001,0.0,6.0,8,58.91364069268889,70.90488611070876,pobre,0,0,720.0,826.0,1.0,78.0,15,233,1221,6,0.0
98,1.0,0.0,2.5220001,0.0,6.0,8,58.91364069268889,70.90488611070876,pobre,0,0,720.0,826.0,1.0,78.0,16,233,1221,6,0.0
97,0.0,0.0,2.5220001,1.0,5.0,8,58.91364069268889,70.90488611070876,pobre,0,0,720.0,826.0,1.0,78.0,12,233,1222,5,1.0
98,0.0,0.0,2.5220001,1.0,6.0,8,58.91364069268889,70.90488611070876,pobre,0,0,720.0,826.0,1.0,78.0,13,233,1222,5,1.0
97,0.0,0.0,2.5220001,1.0,1.0,8,58.91364069268889,70.90488611070876,pobre,0,0,720.0,826.0,1.0,78.0,7,233,1223,1,1.0
98,0.0,0.0,2.5220001,1.0,2.0,8,58.91364069268889,70.90488611070876,pobre,0,0,720.0,826.0,1.0,78.0,8,233,1223,1,1.0
97,1.0,0.0,2.5220001,1.0,7.0,8,58.91364069268889,70.90488611070876,pobre,0,1,600.0,706.0,1.0,54.0,14,233,1224,7,1.0
98,1.0,0.0,2.5220001,1.0,8.0,8,58.91364069268889,70.90488611070876,pobre,0,1,600.0,706.0,1.0,54.0,15,233,1224,7,1.0
97,1.0,0.0,2.5220001,1.0,3.0,8,58.91364069268889,70.90488611070876,pobre,0,1,600.0,706.0,1.0,54.0,11,233,1225,3,1.0
98,1.0,0.0,2.5220001,1.0,4.0,8,58.91364069268889,70.90488611070876,pobre,0,1,600.0,706.0,1.0,54.0,12,233,1225,3,1.0
97,1.0,0.0,2.5220001,1.0,3.0,8,58.91364069268889,70.90488611070876,pobre,0,1,600.0,706.0,1.0,54.0,9,233,1226,3,1.0
98,1.0,0.0,2.5220001,1.0,4.0,8,58.91364069268889,70.90488611070876,pobre,0,1,600.0,706.0,1.0,54.0,10,233,1226,3,1.0
97,0.0,0.0,2.5220001,1.0,1.0,8,58.91364069268889,70.90488611070876,pobre,0,1,600.0,706.0,1.0,54.0,6,233,1227,1,1.0
98,0.0,0.0,2.5220001,1.0,2.0,8,58.91364069268889,70.90488611070876,pobre,0,1,600.0,706.0,1.0,54.0,7,233,1227,1,1.0
97,0.0,0.0,2.5220001,0.0,2.0,3,58.91364069268889,70.90488611070876,pobre,0,4,720.0,767.0,1.0,22.0,16,233,1228,2,0.0
98,0.0,0.0,2.5220001,,,3,58.91364069268889,70.90488611070876,pobre,0,4,720.0,767.0,1.0,22.0,17,233,1228,2,0.0
97,1.0,0.0,2.5220001,1.0,2.0,6,58.91364069268889,70.90488611070876,pobre,0,0,625.0,767.0,1.0,44.0,10,233,1229,2,1.0
98,1.0,0.0,2.5220001,1.0,3.0,6,58.91364069268889,70.90488611070876,pobre,0,0,625.0,767.0,1.0,44.0,11,233,1229,2,1.0
97,1.0,0.0,2.5220001,1.0,0.0,6,58.91364069268889,70.90488611070876,pobre,0,0,625.0,767.0,1.0,44.0,7,233,1230,0,1.0
98,1.0,0.0,2.5220001,1.0,2.0,6,58.91364069268889,70.90488611070876,pobre,0,0,625.0,767.0,1.0,44.0,8,233,1230,0,1.0
97,1.0,0.0,2.5220001,0.0,4.0,6,58.91364069268889,70.90488611070876,pobre,0,0,625.0,767.0,1.0,44.0,16,233,1231,4,0.0
98,1.0,0.0,2.5220001,,,6,58.91364069268889,70.90488611070876,pobre,0,0,625.0,767.0,1.0,44.0,17,233,1231,4,0.0
97,0.0,0.0,2.5220001,1.0,5.0,6,58.91364069268889,70.90488611070876,pobre,0,6,625.0,638.0,1.0,34.0,12,233,1232,5,1.0
98,0.0,0.0,2.5220001,0.0,6.0,6,58.91364069268889,70.90488611070876,pobre,0,6,625.0,638.0,1.0,34.0,13,233,1232,5,1.0
97,0.0,0.0,2.5220001,1.0,1.0,6,58.91364069268889,70.90488611070876,pobre,0,6,625.0,638.0,1.0,34.0,8,233,1233,1,1.0
98,0.0,0.0,2.5220001,1.0,2.0,6,58.91364069268889,70.90488611070876,pobre,0,6,625.0,638.0,1.0,34.0,9,233,1233,1,1.0
97,0.0,0.0,2.5220001,1.0,4.0,8,58.91364069268889,70.90488611070876,pobre,0,3,1000.0,719.0,1.0,37.0,11,233,1234,4,1.0
98,0.0,0.0,2.5220001,1.0,5.0,8,58.91364069268889,70.90488611070876,pobre,0,3,1000.0,719.0,1.0,37.0,12,233,1234,4,1.0
97,1.0,0.0,2.5220001,1.0,4.0,8,58.91364069268889,70.90488611070876,pobre,0,3,1000.0,719.0,1.0,37.0,10,233,1235,4,1.0
98,1.0,0.0,2.5220001,1.0,4.0,8,58.91364069268889,70.90488611070876,pobre,0,3,1000.0,719.0,1.0,37.0,11,233,1235,4,1.0
97,0.0,0.0,2.5220001,1.0,3.0,8,58.91364069268889,70.90488611070876,pobre,0,3,1000.0,719.0,1.0,37.0,8,233,1236,3,1.0
98,0.0,0.0,2.5220001,1.0,3.0,8,58.91364069268889,70.90488611070876,pobre,0,3,1000.0,719.0,1.0,37.0,9,233,1236,3,1.0
97,1.0,0.0,2.5220001,0.0,6.0,4,58.91364069268889,70.90488611070876,pobre,0,4,480.0,913.33002,1.0,39.0,14,233,1237,6,0.0
98,1.0,0.0,2.5220001,0.0,6.0,4,58.91364069268889,70.90488611070876,pobre,0,4,480.0,913.33002,1.0,39.0,15,233,1237,6,0.0
97,0.0,0.0,2.5220001,1.0,8.0,5,58.91364069268889,70.90488611070876,no pobre,0,5,600.0,1067.5,1.0,41.0,16,233,1238,8,1.0
98,0.0,0.0,2.5220001,,,5,58.91364069268889,70.90488611070876,no pobre,0,5,600.0,1067.5,1.0,41.0,17,233,1238,8,1.0
97,1.0,0.0,2.5220001,1.0,1.0,5,58.91364069268889,70.90488611070876,no pobre,0,5,600.0,1067.5,1.0,41.0,14,233,1239,1,1.0
98,1.0,0.0,2.5220001,1.0,9.0,5,58.91364069268889,70.90488611070876,no pobre,0,5,600.0,1067.5,1.0,41.0,15,233,1239,1,1.0
97,0.0,0.0,2.5220001,1.0,5.0,7,58.91364069268889,70.90488611070876,pobre,0,3,0.0,546.0,1.0,34.0,12,233,1240,5,1.0
98,0.0,0.0,2.5220001,1.0,6.0,7,58.91364069268889,70.90488611070876,pobre,0,3,0.0,546.0,1.0,34.0,13,233,1240,5,1.0
97,1.0,0.0,2.5220001,1.0,4.0,7,58.91364069268889,70.90488611070876,pobre,0,3,0.0,546.0,1.0,34.0,9,233,1241,4,1.0
98,1.0,0.0,2.5220001,1.0,4.0,7,58.91364069268889,70.90488611070876,pobre,0,3,0.0,546.0,1.0,34.0,10,233,1241,4,1.0
97,0.0,0.0,2.5220001,1.0,1.0,7,58.91364069268889,70.90488611070876,pobre,0,3,0.0,546.0,1.0,34.0,6,233,1242,1,1.0
98,0.0,0.0,2.5220001,1.0,2.0,7,58.91364069268889,70.90488611070876,pobre,0,3,0.0,546.0,1.0,34.0,7,233,1242,1,1.0
97,0.0,0.0,2.5220001,1.0,4.0,4,58.91364069268889,70.90488611070876,pobre,0,3,0.0,664.0,0.0,31.0,11,233,1243,4,1.0
98,0.0,0.0,2.5220001,1.0,5.0,4,58.91364069268889,70.90488611070876,pobre,0,3,0.0,664.0,0.0,31.0,12,233,1243,4,1.0
97,0.0,0.0,2.5220001,0.0,6.0,9,58.91364069268889,70.90488611070876,pobre,0,1,0.0,742.25,1.0,45.0,16,233,1244,6,0.0
98,0.0,0.0,2.5220001,,,9,58.91364069268889,70.90488611070876,pobre,0,1,0.0,742.25,1.0,45.0,17,233,1244,6,0.0
97,0.0,0.0,2.5220001,0.0,6.0,9,58.91364069268889,70.90488611070876,pobre,0,1,0.0,742.25,1.0,45.0,14,233,1245,6,0.0
98,0.0,0.0,2.5220001,0.0,6.0,9,58.91364069268889,70.90488611070876,pobre,0,1,0.0,742.25,1.0,45.0,15,233,1245,6,0.0
97,0.0,0.0,2.5220001,1.0,5.0,9,58.91364069268889,70.90488611070876,pobre,0,1,0.0,742.25,1.0,45.0,10,233,1246,5,1.0
98,0.0,0.0,2.5220001,1.0,5.0,9,58.91364069268889,70.90488611070876,pobre,0,1,0.0,742.25,1.0,45.0,11,233,1246,5,1.0
97,0.0,0.0,2.5220001,1.0,2.0,9,58.91364069268889,70.90488611070876,pobre,0,1,0.0,742.25,1.0,45.0,8,233,1247,2,1.0
98,0.0,0.0,2.5220001,1.0,3.0,9,58.91364069268889,70.90488611070876,pobre,0,1,0.0,742.25,1.0,45.0,9,233,1247,2,1.0
97,0.0,0.0,2.5220001,,0.0,9,58.91364069268889,70.90488611070876,pobre,0,1,0.0,742.25,1.0,45.0,6,233,1248,0,
98,0.0,0.0,2.5220001,1.0,0.0,9,58.91364069268889,70.90488611070876,pobre,0,1,0.0,742.25,1.0,45.0,7,233,1248,0,
97,0.0,0.0,2.5220001,0.0,2.0,10,58.91364069268889,70.90488611070876,pobre,0,2,600.0,684.33002,1.0,38.0,14,233,1249,2,0.0
98,0.0,0.0,2.5220001,0.0,2.0,10,58.91364069268889,70.90488611070876,pobre,0,2,600.0,684.33002,1.0,38.0,15,233,1249,2,0.0
97,1.0,0.0,2.5220001,1.0,8.0,10,58.91364069268889,70.90488611070876,pobre,0,2,600.0,684.33002,1.0,38.0,13,233,1250,8,1.0
98,1.0,0.0,2.5220001,1.0,8.0,10,58.91364069268889,70.90488611070876,pobre,0,2,600.0,684.33002,1.0,38.0,14,233,1250,8,1.0
97,1.0,0.0,2.5220001,1.0,4.0,10,58.91364069268889,70.90488611070876,pobre,0,2,600.0,684.33002,1.0,38.0,9,233,1251,4,1.0
98,1.0,0.0,2.5220001,1.0,4.0,10,58.91364069268889,70.90488611070876,pobre,0,2,600.0,684.33002,1.0,38.0,10,233,1251,4,1.0
97,0.0,0.0,2.5220001,1.0,2.0,10,58.91364069268889,70.90488611070876,pobre,0,2,600.0,684.33002,1.0,38.0,7,233,1252,2,1.0
98,0.0,0.0,2.5220001,1.0,2.0,10,58.91364069268889,70.90488611070876,pobre,0,2,600.0,684.33002,1.0,38.0,8,233,1252,2,1.0
97,1.0,0.0,2.5220001,1.0,8.0,6,58.91364069268889,70.90488611070876,pobre,0,9,1000.0,713.0,1.0,36.0,15,233,1253,8,1.0
98,1.0,0.0,2.5220001,0.0,9.0,6,58.91364069268889,70.90488611070876,pobre,0,9,1000.0,713.0,1.0,36.0,16,233,1253,8,1.0
97,0.0,0.0,2.5220001,1.0,7.0,6,58.91364069268889,70.90488611070876,pobre,0,9,1000.0,713.0,1.0,36.0,13,233,1254,7,1.0
98,0.0,0.0,2.5220001,1.0,8.0,6,58.91364069268889,70.90488611070876,pobre,0,9,1000.0,713.0,1.0,36.0,14,233,1254,7,1.0
97,0.0,0.0,2.5220001,1.0,3.0,6,58.91364069268889,70.90488611070876,pobre,0,9,1000.0,713.0,1.0,36.0,9,233,1255,3,1.0
98,0.0,0.0,2.5220001,1.0,4.0,6,58.91364069268889,70.90488611070876,pobre,0,9,1000.0,713.0,1.0,36.0,10,233,1255,3,1.0
97,1.0,1.0,2.5220001,1.0,1.0,4,58.91364069268889,70.90488611070876,pobre,0,0,0.0,715.33002,0.0,60.0,12,233,1256,1,1.0
98,1.0,1.0,2.5220001,1.0,6.0,4,58.91364069268889,70.90488611070876,pobre,0,0,0.0,715.33002,0.0,60.0,13,233,1256,1,1.0
97,1.0,1.0,2.5220001,1.0,7.0,4,58.91364069268889,70.90488611070876,pobre,0,0,0.0,715.33002,0.0,60.0,14,233,1257,7,1.0
98,1.0,1.0,2.5220001,1.0,8.0,4,58.91364069268889,70.90488611070876,pobre,0,0,0.0,715.33002,0.0,60.0,15,233,1257,7,1.0
97,0.0,0.0,2.5220001,,0.0,10,58.91364069268889,70.90488611070876,pobre,0,0,0.0,590.33002,1.0,97.0,13,233,1258,0,
98,0.0,0.0,2.5220001,0.0,6.0,10,58.91364069268889,70.90488611070876,pobre,0,0,0.0,590.33002,1.0,97.0,14,233,1258,0,
97,1.0,0.0,2.5220001,1.0,4.0,10,58.91364069268889,70.90488611070876,pobre,0,0,0.0,590.33002,1.0,97.0,12,233,1259,4,1.0
98,1.0,0.0,2.5220001,0.0,5.0,10,58.91364069268889,70.90488611070876,pobre,0,0,0.0,590.33002,1.0,97.0,13,233,1259,4,1.0
97,0.0,0.0,2.5220001,1.0,3.0,10,58.91364069268889,70.90488611070876,pobre,0,0,0.0,590.33002,1.0,97.0,11,233,1260,3,1.0
98,0.0,0.0,2.5220001,1.0,4.0,10,58.91364069268889,70.90488611070876,pobre,0,0,0.0,590.33002,1.0,97.0,12,233,1260,3,1.0
97,0.0,0.0,2.5220001,1.0,3.0,10,58.91364069268889,70.90488611070876,pobre,0,0,0.0,590.33002,1.0,97.0,10,233,1261,3,1.0
98,0.0,0.0,2.5220001,1.0,4.0,10,58.91364069268889,70.90488611070876,pobre,0,0,0.0,590.33002,1.0,97.0,11,233,1261,3,1.0
97,0.0,0.0,2.5220001,1.0,1.0,10,58.91364069268889,70.90488611070876,pobre,0,0,0.0,590.33002,1.0,97.0,6,233,1262,1,1.0
98,0.0,0.0,2.5220001,1.0,1.0,10,58.91364069268889,70.90488611070876,pobre,0,0,0.0,590.33002,1.0,97.0,7,233,1262,1,1.0
97,1.0,0.0,2.5220001,1.0,5.0,2,58.91364069268889,70.90488611070876,no pobre,0,7,0.0,819.0,1.0,50.0,11,233,1263,5,1.0
98,1.0,0.0,2.5220001,1.0,6.0,2,58.91364069268889,70.90488611070876,no pobre,0,7,0.0,819.0,1.0,50.0,12,233,1263,5,1.0
97,1.0,0.0,2.5220001,0.0,9.0,5,58.91364069268889,70.90488611070876,no pobre,0,3,400.0,798.5,0.0,43.0,16,233,1264,9,0.0
98,1.0,0.0,2.5220001,,,5,58.91364069268889,70.90488611070876,no pobre,0,3,400.0,798.5,0.0,43.0,17,233,1264,9,0.0
97,0.0,0.0,2.5220001,0.0,9.0,5,58.91364069268889,70.90488611070876,no pobre,0,3,400.0,798.5,0.0,43.0,15,233,1265,9,0.0
98,0.0,0.0,2.5220001,0.0,9.0,5,58.91364069268889,70.90488611070876,no pobre,0,3,400.0,798.5,0.0,43.0,16,233,1265,9,0.0
97,0.0,0.0,2.5220001,1.0,8.0,5,58.91364069268889,70.90488611070876,no pobre,0,3,400.0,798.5,0.0,43.0,13,233,1266,8,1.0
98,0.0,0.0,2.5220001,1.0,8.0,5,58.91364069268889,70.90488611070876,no pobre,0,3,400.0,798.5,0.0,43.0,14,233,1266,8,1.0
97,1.0,0.0,2.5220001,1.0,0.0,7,58.91364069268889,70.90488611070876,pobre,0,9,625.0,635.0,1.0,28.0,6,233,1267,0,1.0
98,1.0,0.0,2.5220001,1.0,1.0,7,58.91364069268889,70.90488611070876,pobre,0,9,625.0,635.0,1.0,28.0,7,233,1267,0,1.0
97,1.0,0.0,2.5220001,1.0,2.0,5,58.91364069268889,70.90488611070876,pobre,0,9,2400.0,741.0,1.0,30.0,7,233,1268,2,1.0
98,1.0,0.0,2.5220001,1.0,3.0,5,58.91364069268889,70.90488611070876,pobre,0,9,2400.0,741.0,1.0,30.0,8,233,1268,2,1.0
97,0.0,0.0,2.5220001,0.0,9.0,5,58.91364069268889,70.90488611070876,no pobre,0,4,0.0,961.66998,1.0,54.0,16,233,1269,9,0.0
98,0.0,0.0,2.5220001,,,5,58.91364069268889,70.90488611070876,no pobre,0,4,0.0,961.66998,1.0,54.0,17,233,1269,9,0.0
97,1.0,0.0,2.5220001,1.0,2.0,6,58.91364069268889,70.90488611070876,pobre,0,6,600.0,690.0,1.0,27.0,8,233,1270,2,1.0
98,1.0,0.0,2.5220001,1.0,3.0,6,58.91364069268889,70.90488611070876,pobre,0,6,600.0,690.0,1.0,27.0,9,233,1270,2,1.0
97,1.0,0.0,2.5220001,1.0,1.0,6,58.91364069268889,70.90488611070876,pobre,0,6,600.0,690.0,1.0,27.0,7,233,1271,1,1.0
98,1.0,0.0,2.5220001,1.0,2.0,6,58.91364069268889,70.90488611070876,pobre,0,6,600.0,690.0,1.0,27.0,8,233,1271,1,1.0
97,0.0,0.0,2.5220001,1.0,5.0,8,58.91364069268889,70.90488611070876,pobre,0,2,500.0,816.0,0.0,45.0,12,233,1272,5,1.0
98,0.0,0.0,2.5220001,0.0,6.0,8,58.91364069268889,70.90488611070876,pobre,0,2,500.0,816.0,0.0,45.0,13,233,1272,5,1.0
97,0.0,0.0,2.5220001,1.0,4.0,8,58.91364069268889,70.90488611070876,pobre,0,2,500.0,816.0,0.0,45.0,11,233,1273,4,1.0
98,0.0,0.0,2.5220001,1.0,5.0,8,58.91364069268889,70.90488611070876,pobre,0,2,500.0,816.0,0.0,45.0,12,233,1273,4,1.0
97,0.0,0.0,2.5220001,1.0,2.0,8,58.91364069268889,70.90488611070876,pobre,0,2,500.0,816.0,0.0,45.0,8,233,1274,2,1.0
98,0.0,0.0,2.5220001,1.0,3.0,8,58.91364069268889,70.90488611070876,pobre,0,2,500.0,816.0,0.0,45.0,9,233,1274,2,1.0
97,0.0,0.0,2.5220001,1.0,0.0,8,58.91364069268889,70.90488611070876,pobre,0,2,500.0,816.0,0.0,45.0,6,233,1275,0,1.0
98,0.0,0.0,2.5220001,1.0,1.0,8,58.91364069268889,70.90488611070876,pobre,0,2,500.0,816.0,0.0,45.0,7,233,1275,0,1.0
97,1.0,0.0,2.5220001,0.0,9.0,9,58.91364069268889,70.90488611070876,pobre,0,2,0.0,804.5,1.0,40.0,15,233,1276,9,0.0
98,1.0,0.0,2.5220001,0.0,9.0,9,58.91364069268889,70.90488611070876,pobre,0,2,0.0,804.5,1.0,40.0,16,233,1276,9,0.0
97,0.0,0.0,2.5220001,0.0,6.0,9,58.91364069268889,70.90488611070876,pobre,0,2,0.0,804.5,1.0,40.0,13,233,1277,6,0.0
98,0.0,0.0,2.5220001,0.0,6.0,9,58.91364069268889,70.90488611070876,pobre,0,2,0.0,804.5,1.0,40.0,14,233,1277,6,0.0
97,0.0,0.0,2.5220001,1.0,5.0,9,58.91364069268889,70.90488611070876,pobre,0,2,0.0,804.5,1.0,40.0,10,233,1278,5,1.0
98,0.0,0.0,2.5220001,0.0,6.0,9,58.91364069268889,70.90488611070876,pobre,0,2,0.0,804.5,1.0,40.0,11,233,1278,5,1.0
97,0.0,0.0,2.5220001,1.0,2.0,9,58.91364069268889,70.90488611070876,pobre,0,2,0.0,804.5,1.0,40.0,8,233,1279,2,1.0
98,0.0,0.0,2.5220001,1.0,3.0,9,58.91364069268889,70.90488611070876,pobre,0,2,0.0,804.5,1.0,40.0,9,233,1279,2,1.0
97,0.0,0.0,2.5220001,1.0,0.0,9,58.91364069268889,70.90488611070876,pobre,0,2,0.0,804.5,1.0,40.0,6,233,1280,0,1.0
98,0.0,0.0,2.5220001,1.0,1.0,9,58.91364069268889,70.90488611070876,pobre,0,2,0.0,804.5,1.0,40.0,7,233,1280,0,1.0
97,0.0,0.0,2.5220001,0.0,3.0,8,58.91364069268889,70.90488611070876,no pobre,0,1,0.0,1059.0,0.0,44.0,15,233,1281,3,0.0
98,0.0,0.0,2.5220001,0.0,3.0,8,58.91364069268889,70.90488611070876,no pobre,0,1,0.0,1059.0,0.0,44.0,16,233,1281,3,0.0
97,1.0,0.0,2.5220001,1.0,5.0,8,58.91364069268889,70.90488611070876,no pobre,0,1,0.0,1059.0,0.0,44.0,13,233,1282,5,1.0
98,1.0,0.0,2.5220001,1.0,6.0,8,58.91364069268889,70.90488611070876,no pobre,0,1,0.0,1059.0,0.0,44.0,14,233,1282,5,1.0
97,1.0,0.0,2.5220001,1.0,1.0,8,58.91364069268889,70.90488611070876,no pobre,0,1,0.0,1059.0,0.0,44.0,8,233,1283,1,1.0
98,1.0,0.0,2.5220001,1.0,2.0,8,58.91364069268889,70.90488611070876,no pobre,0,1,0.0,1059.0,0.0,44.0,9,233,1283,1,1.0
97,0.0,0.0,2.5220001,1.0,5.0,4,58.91364069268889,70.90488611070876,no pobre,0,0,0.0,802.33002,1.0,73.0,15,233,1284,5,1.0
98,0.0,0.0,2.5220001,,,4,58.91364069268889,70.90488611070876,no pobre,0,0,0.0,802.33002,1.0,73.0,16,233,1284,5,1.0
97,0.0,0.0,2.5220001,1.0,8.0,3,58.91364069268889,70.90488611070876,pobre,0,1,625.0,748.0,1.0,44.0,15,233,1285,8,1.0
98,0.0,0.0,2.5220001,,,3,58.91364069268889,70.90488611070876,pobre,0,1,625.0,748.0,1.0,44.0,16,233,1285,8,1.0
97,1.0,0.0,2.5220001,1.0,4.0,3,58.91364069268889,70.90488611070876,pobre,0,1,625.0,748.0,1.0,44.0,10,233,1286,4,1.0
98,1.0,0.0,2.5220001,1.0,5.0,3,58.91364069268889,70.90488611070876,pobre,0,1,625.0,748.0,1.0,44.0,11,233,1286,4,1.0
97,0.0,0.0,2.5220001,1.0,3.0,7,58.91364069268889,70.90488611070876,pobre,0,0,0.0,483.0,0.0,36.0,14,233,1287,3,1.0
98,0.0,0.0,2.5220001,0.0,4.0,7,58.91364069268889,70.90488611070876,pobre,0,0,0.0,483.0,0.0,36.0,15,233,1287,3,1.0
97,0.0,0.0,2.5220001,1.0,3.0,7,58.91364069268889,70.90488611070876,pobre,0,0,0.0,483.0,0.0,36.0,12,233,1288,3,1.0
98,0.0,0.0,2.5220001,1.0,4.0,7,58.91364069268889,70.90488611070876,pobre,0,0,0.0,483.0,0.0,36.0,13,233,1288,3,1.0
97,1.0,0.0,2.5220001,1.0,2.0,7,58.91364069268889,70.90488611070876,pobre,0,0,0.0,483.0,0.0,36.0,10,233,1289,2,1.0
98,1.0,0.0,2.5220001,1.0,3.0,7,58.91364069268889,70.90488611070876,pobre,0,0,0.0,483.0,0.0,36.0,11,233,1289,2,1.0
97,0.0,0.0,2.5220001,1.0,1.0,7,58.91364069268889,70.90488611070876,pobre,0,0,0.0,483.0,0.0,36.0,8,233,1290,1,1.0
98,0.0,0.0,2.5220001,1.0,2.0,7,58.91364069268889,70.90488611070876,pobre,0,0,0.0,483.0,0.0,36.0,9,233,1290,1,1.0
97,0.0,0.0,2.5220001,1.0,0.0,7,58.91364069268889,70.90488611070876,pobre,0,0,0.0,483.0,0.0,36.0,7,233,1291,0,1.0
98,0.0,0.0,2.5220001,1.0,1.0,7,58.91364069268889,70.90488611070876,pobre,0,0,0.0,483.0,0.0,36.0,8,233,1291,0,1.0
97,0.0,0.0,2.5220001,1.0,4.0,10,58.91364069268889,70.90488611070876,pobre,0,2,0.0,698.33002,1.0,43.0,14,233,1292,4,1.0
98,0.0,0.0,2.5220001,0.0,6.0,10,58.91364069268889,70.90488611070876,pobre,0,2,0.0,698.33002,1.0,43.0,15,233,1292,4,1.0
97,0.0,0.0,2.5220001,1.0,4.0,10,58.91364069268889,70.90488611070876,pobre,0,2,0.0,698.33002,1.0,43.0,13,233,1293,4,1.0
98,0.0,0.0,2.5220001,1.0,5.0,10,58.91364069268889,70.90488611070876,pobre,0,2,0.0,698.33002,1.0,43.0,14,233,1293,4,1.0
97,0.0,0.0,2.5220001,1.0,3.0,10,58.91364069268889,70.90488611070876,pobre,0,2,0.0,698.33002,1.0,43.0,9,233,1294,3,1.0
98,0.0,0.0,2.5220001,1.0,3.0,10,58.91364069268889,70.90488611070876,pobre,0,2,0.0,698.33002,1.0,43.0,10,233,1294,3,1.0
97,0.0,0.0,2.5220001,1.0,2.0,10,58.91364069268889,70.90488611070876,pobre,0,2,0.0,698.33002,1.0,43.0,8,233,1295,2,1.0
98,0.0,0.0,2.5220001,1.0,1.0,10,58.91364069268889,70.90488611070876,pobre,0,2,0.0,698.33002,1.0,43.0,9,233,1295,2,1.0
97,0.0,0.0,2.5220001,1.0,1.0,10,58.91364069268889,70.90488611070876,pobre,0,2,0.0,698.33002,1.0,43.0,7,233,1296,1,1.0
98,0.0,0.0,2.5220001,,,10,58.91364069268889,70.90488611070876,pobre,0,2,0.0,698.33002,1.0,43.0,8,233,1296,1,1.0
97,0.0,0.0,2.5220001,1.0,0.0,10,58.91364069268889,70.90488611070876,pobre,0,2,0.0,698.33002,1.0,43.0,6,233,1297,0,1.0
98,0.0,0.0,2.5220001,,,10,58.91364069268889,70.90488611070876,pobre,0,2,0.0,698.33002,1.0,43.0,7,233,1297,0,1.0
97,0.0,0.0,2.5220001,1.0,9.0,7,58.91364069268889,70.90488611070876,no pobre,0,9,600.0,821.5,1.0,41.0,14,233,1298,9,1.0
98,0.0,0.0,2.5220001,,,7,58.91364069268889,70.90488611070876,no pobre,0,9,600.0,821.5,1.0,41.0,15,233,1298,9,1.0
97,0.0,0.0,2.5220001,1.0,4.0,7,58.91364069268889,70.90488611070876,no pobre,0,9,600.0,821.5,1.0,41.0,13,233,1299,4,1.0
98,0.0,0.0,2.5220001,1.0,5.0,7,58.91364069268889,70.90488611070876,no pobre,0,9,600.0,821.5,1.0,41.0,14,233,1299,4,1.0
97,0.0,0.0,2.5220001,1.0,2.0,7,58.91364069268889,70.90488611070876,no pobre,0,9,600.0,821.5,1.0,41.0,7,233,1300,2,1.0
98,0.0,0.0,2.5220001,1.0,3.0,7,58.91364069268889,70.90488611070876,no pobre,0,9,600.0,821.5,1.0,41.0,8,233,1300,2,1.0
97,1.0,0.0,2.5220001,1.0,9.0,6,58.91364069268889,70.90488611070876,no pobre,0,9,2000.0,939.0,1.0,46.0,15,233,1301,9,1.0
98,1.0,0.0,2.5220001,,,6,58.91364069268889,70.90488611070876,no pobre,0,9,2000.0,939.0,1.0,46.0,16,233,1301,9,1.0
97,1.0,0.0,2.5220001,1.0,6.0,6,58.91364069268889,70.90488611070876,no pobre,0,9,2000.0,939.0,1.0,46.0,13,233,1302,6,1.0
98,1.0,0.0,2.5220001,,,6,58.91364069268889,70.90488611070876,no pobre,0,9,2000.0,939.0,1.0,46.0,14,233,1302,6,1.0
97,0.0,0.0,2.5220001,1.0,5.0,6,58.91364069268889,70.90488611070876,no pobre,0,9,2000.0,939.0,1.0,46.0,11,233,1303,5,1.0
98,0.0,0.0,2.5220001,,,6,58.91364069268889,70.90488611070876,no pobre,0,9,2000.0,939.0,1.0,46.0,12,233,1303,5,1.0
97,1.0,0.0,2.5220001,1.0,2.0,6,58.91364069268889,70.90488611070876,pobre,0,1,600.0,723.0,1.0,38.0,8,233,1304,2,1.0
98,1.0,0.0,2.5220001,1.0,3.0,6,58.91364069268889,70.90488611070876,pobre,0,1,600.0,723.0,1.0,38.0,9,233,1304,2,1.0
97,1.0,0.0,2.5220001,1.0,1.0,6,58.91364069268889,70.90488611070876,pobre,0,1,600.0,723.0,1.0,38.0,7,233,1305,1,1.0
98,1.0,0.0,2.5220001,1.0,2.0,6,58.91364069268889,70.90488611070876,pobre,0,1,600.0,723.0,1.0,38.0,8,233,1305,1,1.0
97,1.0,0.0,2.5220001,0.0,4.0,6,58.91364069268889,70.90488611070876,no pobre,0,0,300.0,812.5,0.0,56.0,16,233,1306,4,0.0
98,1.0,0.0,2.5220001,,,6,58.91364069268889,70.90488611070876,no pobre,0,0,300.0,812.5,0.0,56.0,17,233,1306,4,0.0
97,0.0,0.0,2.5220001,0.0,9.0,7,58.91364069268889,70.90488611070876,pobre,0,6,600.0,743.33002,1.0,38.0,15,233,1307,9,0.0
98,0.0,0.0,2.5220001,0.0,9.0,7,58.91364069268889,70.90488611070876,pobre,0,6,600.0,743.33002,1.0,38.0,16,233,1307,9,0.0
97,0.0,0.0,2.5220001,1.0,6.0,7,58.91364069268889,70.90488611070876,pobre,0,6,600.0,743.33002,1.0,38.0,11,233,1308,6,1.0
98,0.0,0.0,2.5220001,1.0,7.0,7,58.91364069268889,70.90488611070876,pobre,0,6,600.0,743.33002,1.0,38.0,12,233,1308,6,1.0
97,0.0,0.0,2.5220001,1.0,4.0,7,58.91364069268889,70.90488611070876,pobre,0,6,600.0,743.33002,1.0,38.0,10,233,1309,4,1.0
98,0.0,0.0,2.5220001,1.0,5.0,7,58.91364069268889,70.90488611070876,pobre,0,6,600.0,743.33002,1.0,38.0,11,233,1309,4,1.0
97,1.0,0.0,2.5220001,1.0,1.0,7,58.91364069268889,70.90488611070876,pobre,0,6,600.0,743.33002,1.0,38.0,6,233,1310,1,1.0
98,1.0,0.0,2.5220001,1.0,2.0,7,58.91364069268889,70.90488611070876,pobre,0,6,600.0,743.33002,1.0,38.0,7,233,1310,1,1.0
97,0.0,0.0,2.5220001,1.0,7.0,8,58.91364069268889,70.90488611070876,pobre,0,1,0.0,673.0,1.0,75.0,13,233,1311,7,1.0
98,0.0,0.0,2.5220001,1.0,8.0,8,58.91364069268889,70.90488611070876,pobre,0,1,0.0,673.0,1.0,75.0,14,233,1311,7,1.0
97,1.0,0.0,2.5220001,1.0,5.0,8,58.91364069268889,70.90488611070876,pobre,0,1,0.0,673.0,1.0,75.0,11,233,1312,5,1.0
98,1.0,0.0,2.5220001,1.0,6.0,8,58.91364069268889,70.90488611070876,pobre,0,1,0.0,673.0,1.0,75.0,12,233,1312,5,1.0
97,0.0,0.0,2.5220001,1.0,0.0,8,58.91364069268889,70.90488611070876,pobre,0,1,0.0,673.0,1.0,75.0,6,233,1313,0,1.0
98,0.0,0.0,2.5220001,1.0,1.0,8,58.91364069268889,70.90488611070876,pobre,0,1,0.0,673.0,1.0,75.0,7,233,1313,0,1.0
97,0.0,0.0,2.5220001,1.0,5.0,5,58.91364069268889,70.90488611070876,no pobre,0,2,0.0,806.66998,1.0,50.0,12,233,1314,5,1.0
98,0.0,0.0,2.5220001,1.0,6.0,5,58.91364069268889,70.90488611070876,no pobre,0,2,0.0,806.66998,1.0,50.0,13,233,1314,5,1.0
97,1.0,0.0,2.5220001,1.0,0.0,7,58.91364069268889,70.90488611070876,no pobre,0,0,0.0,762.33002,1.0,71.0,6,233,1315,0,1.0
98,1.0,0.0,2.5220001,1.0,1.0,7,58.91364069268889,70.90488611070876,no pobre,0,0,0.0,762.33002,1.0,71.0,7,233,1315,0,1.0
97,0.0,0.0,2.5220001,1.0,4.0,6,58.91364069268889,70.90488611070876,pobre,0,9,600.0,608.0,1.0,32.0,10,233,1316,4,1.0
98,0.0,0.0,2.5220001,1.0,5.0,6,58.91364069268889,70.90488611070876,pobre,0,9,600.0,608.0,1.0,32.0,11,233,1316,4,1.0
97,1.0,0.0,2.5220001,1.0,2.0,6,58.91364069268889,70.90488611070876,pobre,0,9,600.0,608.0,1.0,32.0,7,233,1317,2,1.0
98,1.0,0.0,2.5220001,1.0,3.0,6,58.91364069268889,70.90488611070876,pobre,0,9,600.0,608.0,1.0,32.0,8,233,1317,2,1.0
97,1.0,0.0,2.5220001,1.0,7.0,6,58.91364069268889,70.90488611070876,no pobre,0,6,0.0,999.0,1.0,52.0,13,233,1318,7,1.0
98,1.0,0.0,2.5220001,1.0,8.0,6,58.91364069268889,70.90488611070876,no pobre,0,6,0.0,999.0,1.0,52.0,14,233,1318,7,1.0
97,0.0,0.0,2.5220001,0.0,6.0,8,58.91364069268889,70.90488611070876,pobre,0,2,0.0,723.66998,1.0,63.0,16,233,1319,6,0.0
98,0.0,0.0,2.5220001,,,8,58.91364069268889,70.90488611070876,pobre,0,2,0.0,723.66998,1.0,63.0,17,233,1319,6,0.0
97,0.0,0.0,2.5220001,0.0,6.0,8,58.91364069268889,70.90488611070876,pobre,0,2,0.0,723.66998,1.0,63.0,14,233,1320,6,0.0
98,0.0,0.0,2.5220001,1.0,6.0,8,58.91364069268889,70.90488611070876,pobre,0,2,0.0,723.66998,1.0,63.0,15,233,1320,6,0.0
97,1.0,0.0,2.5220001,1.0,5.0,8,58.91364069268889,70.90488611070876,pobre,0,2,0.0,723.66998,1.0,63.0,11,233,1321,5,1.0
98,1.0,0.0,2.5220001,1.0,6.0,8,58.91364069268889,70.90488611070876,pobre,0,2,0.0,723.66998,1.0,63.0,12,233,1321,5,1.0
97,0.0,0.0,2.5220001,1.0,1.0,8,58.91364069268889,70.90488611070876,pobre,0,2,0.0,723.66998,1.0,63.0,7,233,1322,1,1.0
98,0.0,0.0,2.5220001,1.0,2.0,8,58.91364069268889,70.90488611070876,pobre,0,2,0.0,723.66998,1.0,63.0,8,233,1322,1,1.0
97,1.0,0.0,2.5220001,1.0,6.0,6,58.91364069268889,70.90488611070876,no pobre,0,9,1000.0,1005.5,1.0,35.0,12,233,1323,6,1.0
98,1.0,0.0,2.5220001,1.0,7.0,6,58.91364069268889,70.90488611070876,no pobre,0,9,1000.0,1005.5,1.0,35.0,13,233,1323,6,1.0
97,0.0,0.0,2.5220001,1.0,5.0,6,58.91364069268889,70.90488611070876,no pobre,0,9,1000.0,1005.5,1.0,35.0,11,233,1324,5,1.0
98,0.0,0.0,2.5220001,,,6,58.91364069268889,70.90488611070876,no pobre,0,9,1000.0,1005.5,1.0,35.0,12,233,1324,5,1.0
97,1.0,0.0,2.5220001,1.0,3.0,6,58.91364069268889,70.90488611070876,no pobre,0,9,1000.0,1005.5,1.0,35.0,9,233,1325,3,1.0
98,1.0,0.0,2.5220001,1.0,4.0,6,58.91364069268889,70.90488611070876,no pobre,0,9,1000.0,1005.5,1.0,35.0,10,233,1325,3,1.0
97,1.0,0.0,2.5220001,1.0,9.0,11,58.91364069268889,70.90488611070876,no pobre,0,0,0.0,712.67999,1.0,74.0,15,233,1326,9,1.0
98,1.0,0.0,2.5220001,,,11,58.91364069268889,70.90488611070876,no pobre,0,0,0.0,712.67999,1.0,74.0,16,233,1326,9,1.0
97,0.0,0.0,2.5220001,1.0,4.0,11,58.91364069268889,70.90488611070876,no pobre,0,0,0.0,712.67999,1.0,74.0,14,233,1327,4,1.0
98,0.0,0.0,2.5220001,1.0,5.0,11,58.91364069268889,70.90488611070876,no pobre,0,0,0.0,712.67999,1.0,74.0,15,233,1327,4,1.0
97,0.0,0.0,2.5220001,1.0,7.0,11,58.91364069268889,70.90488611070876,no pobre,0,0,0.0,712.67999,1.0,74.0,13,233,1328,7,1.0
98,0.0,0.0,2.5220001,1.0,8.0,11,58.91364069268889,70.90488611070876,no pobre,0,0,0.0,712.67999,1.0,74.0,14,233,1328,7,1.0
97,0.0,0.0,2.5220001,1.0,6.0,11,58.91364069268889,70.90488611070876,no pobre,0,0,0.0,712.67999,1.0,74.0,11,233,1329,6,1.0
98,0.0,0.0,2.5220001,1.0,7.0,11,58.91364069268889,70.90488611070876,no pobre,0,0,0.0,712.67999,1.0,74.0,12,233,1329,6,1.0
97,0.0,0.0,2.5220001,1.0,3.0,11,58.91364069268889,70.90488611070876,no pobre,0,0,0.0,712.67999,1.0,74.0,9,233,1330,3,1.0
98,0.0,0.0,2.5220001,1.0,4.0,11,58.91364069268889,70.90488611070876,no pobre,0,0,0.0,712.67999,1.0,74.0,10,233,1330,3,1.0
97,1.0,0.0,2.5220001,1.0,2.0,11,58.91364069268889,70.90488611070876,no pobre,0,0,0.0,712.67999,1.0,74.0,8,233,1331,2,1.0
98,1.0,0.0,2.5220001,1.0,3.0,11,58.91364069268889,70.90488611070876,no pobre,0,0,0.0,712.67999,1.0,74.0,9,233,1331,2,1.0
97,0.0,0.0,2.5220001,1.0,8.0,6,58.91364069268889,70.90488611070876,pobre,0,3,0.0,742.0,1.0,47.0,14,233,1332,8,1.0
98,0.0,0.0,2.5220001,0.0,9.0,6,58.91364069268889,70.90488611070876,pobre,0,3,0.0,742.0,1.0,47.0,15,233,1332,8,1.0
97,0.0,0.0,2.5220001,1.0,4.0,6,58.91364069268889,70.90488611070876,pobre,0,3,0.0,742.0,1.0,47.0,10,233,1333,4,1.0
98,0.0,0.0,2.5220001,1.0,5.0,6,58.91364069268889,70.90488611070876,pobre,0,3,0.0,742.0,1.0,47.0,11,233,1333,4,1.0
97,0.0,0.0,2.5220001,1.0,1.0,6,58.91364069268889,70.90488611070876,pobre,0,3,0.0,742.0,1.0,47.0,7,233,1334,1,1.0
98,0.0,0.0,2.5220001,1.0,2.0,6,58.91364069268889,70.90488611070876,pobre,0,3,0.0,742.0,1.0,47.0,8,233,1334,1,1.0
97,0.0,0.0,2.5220001,1.0,1.0,4,58.91364069268889,70.90488611070876,no pobre,0,9,1000.0,782.0,1.0,28.0,7,233,1335,1,1.0
98,0.0,0.0,2.5220001,1.0,2.0,4,58.91364069268889,70.90488611070876,no pobre,0,9,1000.0,782.0,1.0,28.0,8,233,1335,1,1.0
97,1.0,0.0,2.5220001,1.0,8.0,6,58.91364069268889,70.90488611070876,no pobre,0,4,0.0,756.0,1.0,37.0,15,233,1336,8,1.0
98,1.0,0.0,2.5220001,0.0,9.0,6,58.91364069268889,70.90488611070876,no pobre,0,4,0.0,756.0,1.0,37.0,16,233,1336,8,1.0
97,1.0,0.0,2.5220001,1.0,0.0,6,58.91364069268889,70.90488611070876,no pobre,0,4,0.0,756.0,1.0,37.0,6,233,1337,0,1.0
98,1.0,0.0,2.5220001,1.0,1.0,6,58.91364069268889,70.90488611070876,no pobre,0,4,0.0,756.0,1.0,37.0,7,233,1337,0,1.0
97,0.0,0.0,2.5220001,0.0,9.0,11,58.91364069268889,70.90488611070876,pobre,0,6,1260.0,692.66998,1.0,45.0,15,233,1338,9,0.0
98,0.0,0.0,2.5220001,0.0,9.0,11,58.91364069268889,70.90488611070876,pobre,0,6,1260.0,692.66998,1.0,45.0,16,233,1338,9,0.0
97,0.0,0.0,2.5220001,1.0,8.0,11,58.91364069268889,70.90488611070876,pobre,0,6,1260.0,692.66998,1.0,45.0,14,233,1339,8,1.0
98,0.0,0.0,2.5220001,0.0,9.0,11,58.91364069268889,70.90488611070876,pobre,0,6,1260.0,692.66998,1.0,45.0,15,233,1339,8,1.0
97,1.0,0.0,2.5220001,1.0,4.0,11,58.91364069268889,70.90488611070876,pobre,0,6,1260.0,692.66998,1.0,45.0,10,233,1340,4,1.0
98,1.0,0.0,2.5220001,1.0,5.0,11,58.91364069268889,70.90488611070876,pobre,0,6,1260.0,692.66998,1.0,45.0,11,233,1340,4,1.0
97,0.0,0.0,2.5220001,1.0,2.0,11,58.91364069268889,70.90488611070876,pobre,0,6,1260.0,692.66998,1.0,45.0,8,233,1341,2,1.0
98,0.0,0.0,2.5220001,1.0,3.0,11,58.91364069268889,70.90488611070876,pobre,0,6,1260.0,692.66998,1.0,45.0,9,233,1341,2,1.0
97,0.0,0.0,2.5220001,1.0,0.0,11,58.91364069268889,70.90488611070876,pobre,0,6,1260.0,692.66998,1.0,45.0,6,233,1342,0,1.0
98,0.0,0.0,2.5220001,1.0,1.0,11,58.91364069268889,70.90488611070876,pobre,0,6,1260.0,692.66998,1.0,45.0,7,233,1342,0,1.0
97,1.0,0.0,2.5220001,0.0,9.0,11,58.91364069268889,70.90488611070876,pobre,0,6,1250.0,512.0,1.0,46.0,15,233,1343,9,0.0
98,1.0,0.0,2.5220001,1.0,9.0,11,58.91364069268889,70.90488611070876,pobre,0,6,1250.0,512.0,1.0,46.0,16,233,1343,9,0.0
97,0.0,0.0,2.5220001,1.0,7.0,11,58.91364069268889,70.90488611070876,pobre,0,6,1250.0,512.0,1.0,46.0,12,233,1344,7,1.0
98,0.0,0.0,2.5220001,1.0,7.0,11,58.91364069268889,70.90488611070876,pobre,0,6,1250.0,512.0,1.0,46.0,13,233,1344,7,1.0
97,0.0,0.0,2.5220001,1.0,4.0,11,58.91364069268889,70.90488611070876,pobre,0,6,1250.0,512.0,1.0,46.0,10,233,1345,4,1.0
98,0.0,0.0,2.5220001,1.0,5.0,11,58.91364069268889,70.90488611070876,pobre,0,6,1250.0,512.0,1.0,46.0,11,233,1345,4,1.0
97,0.0,0.0,2.5220001,,0.0,11,58.91364069268889,70.90488611070876,pobre,0,6,1250.0,512.0,1.0,46.0,6,233,1346,0,
98,0.0,0.0,2.5220001,1.0,0.0,11,58.91364069268889,70.90488611070876,pobre,0,6,1250.0,512.0,1.0,46.0,7,233,1346,0,
97,0.0,0.0,2.5220001,1.0,1.0,9,58.91364069268889,70.90488611070876,no pobre,0,0,0.0,959.0,1.0,59.0,7,233,1347,1,1.0
98,0.0,0.0,2.5220001,1.0,2.0,9,58.91364069268889,70.90488611070876,no pobre,0,0,0.0,959.0,1.0,59.0,8,233,1347,1,1.0
97,0.0,0.0,2.5220001,1.0,1.0,5,58.91364069268889,70.90488611070876,no pobre,0,9,83.333336,942.5,1.0,29.0,6,233,1348,1,1.0
98,0.0,0.0,2.5220001,1.0,1.0,5,58.91364069268889,70.90488611070876,no pobre,0,9,83.333336,942.5,1.0,29.0,7,233,1348,1,1.0
97,1.0,0.0,2.5220001,0.0,2.0,9,58.91364069268889,70.90488611070876,pobre,0,6,750.0,670.0,1.0,63.0,14,233,1349,2,0.0
98,1.0,0.0,2.5220001,0.0,2.0,9,58.91364069268889,70.90488611070876,pobre,0,6,750.0,670.0,1.0,63.0,15,233,1349,2,0.0
97,0.0,0.0,2.5220001,1.0,5.0,9,58.91364069268889,70.90488611070876,pobre,0,6,750.0,670.0,1.0,63.0,12,233,1350,5,1.0
98,0.0,0.0,2.5220001,0.0,6.0,9,58.91364069268889,70.90488611070876,pobre,0,6,750.0,670.0,1.0,63.0,13,233,1350,5,1.0
97,0.0,0.0,2.5220001,1.0,3.0,9,58.91364069268889,70.90488611070876,pobre,0,6,750.0,670.0,1.0,63.0,9,233,1351,3,1.0
98,0.0,0.0,2.5220001,1.0,4.0,9,58.91364069268889,70.90488611070876,pobre,0,6,750.0,670.0,1.0,63.0,10,233,1351,3,1.0
97,0.0,0.0,2.5220001,1.0,1.0,9,58.91364069268889,70.90488611070876,pobre,0,6,750.0,670.0,1.0,63.0,6,233,1352,1,1.0
98,0.0,0.0,2.5220001,1.0,2.0,9,58.91364069268889,70.90488611070876,pobre,0,6,750.0,670.0,1.0,63.0,7,233,1352,1,1.0
97,1.0,0.0,2.5220001,0.0,9.0,8,58.91364069268889,70.90488611070876,pobre,0,5,1200.0,770.0,1.0,38.0,16,233,1353,9,0.0
98,1.0,0.0,2.5220001,,,8,58.91364069268889,70.90488611070876,pobre,0,5,1200.0,770.0,1.0,38.0,17,233,1353,9,0.0
97,0.0,0.0,2.5220001,1.0,6.0,8,58.91364069268889,70.90488611070876,pobre,0,5,1200.0,770.0,1.0,38.0,12,233,1354,6,1.0
98,0.0,0.0,2.5220001,1.0,7.0,8,58.91364069268889,70.90488611070876,pobre,0,5,1200.0,770.0,1.0,38.0,13,233,1354,6,1.0
97,1.0,0.0,2.5220001,1.0,6.0,8,58.91364069268889,70.90488611070876,pobre,0,5,1200.0,770.0,1.0,38.0,12,233,1355,6,1.0
98,1.0,0.0,2.5220001,1.0,7.0,8,58.91364069268889,70.90488611070876,pobre,0,5,1200.0,770.0,1.0,38.0,13,233,1355,6,1.0
97,0.0,0.0,2.5220001,1.0,4.0,8,58.91364069268889,70.90488611070876,pobre,0,5,1200.0,770.0,1.0,38.0,11,233,1356,4,1.0
98,0.0,0.0,2.5220001,1.0,5.0,8,58.91364069268889,70.90488611070876,pobre,0,5,1200.0,770.0,1.0,38.0,12,233,1356,4,1.0
97,0.0,0.0,2.5220001,0.0,9.0,9,58.91364069268889,70.90488611070876,pobre,0,0,500.0,597.25,0.0,54.0,16,233,1357,9,0.0
98,0.0,0.0,2.5220001,,,9,58.91364069268889,70.90488611070876,pobre,0,0,500.0,597.25,0.0,54.0,17,233,1357,9,0.0
97,1.0,0.0,2.5220001,0.0,7.0,9,58.91364069268889,70.90488611070876,pobre,0,0,500.0,597.25,0.0,54.0,15,233,1358,7,0.0
98,1.0,0.0,2.5220001,0.0,7.0,9,58.91364069268889,70.90488611070876,pobre,0,0,500.0,597.25,0.0,54.0,16,233,1358,7,0.0
97,1.0,0.0,2.5220001,1.0,4.0,9,58.91364069268889,70.90488611070876,pobre,0,0,500.0,597.25,0.0,54.0,12,233,1359,4,1.0
98,1.0,0.0,2.5220001,1.0,5.0,9,58.91364069268889,70.90488611070876,pobre,0,0,500.0,597.25,0.0,54.0,13,233,1359,4,1.0
97,1.0,0.0,1.598,1.0,9.0,5,104.2848899629431,125.0715112257247,pobre,0,0,0.0,683.84003,0.0,50.0,15,209,1360,9,1.0
98,1.0,0.0,1.598,1.0,10.0,5,104.2848899629431,125.0715112257247,pobre,0,0,0.0,683.84003,0.0,50.0,16,209,1360,9,1.0
97,1.0,0.0,1.598,1.0,8.0,5,104.2848899629431,125.0715112257247,pobre,0,0,0.0,683.84003,0.0,50.0,13,209,1361,8,1.0
98,1.0,0.0,1.598,0.0,9.0,5,104.2848899629431,125.0715112257247,pobre,0,0,0.0,683.84003,0.0,50.0,14,209,1361,8,1.0
97,1.0,0.0,1.598,1.0,7.0,5,104.2848899629431,125.0715112257247,pobre,0,0,0.0,683.84003,0.0,50.0,10,209,1362,7,1.0
98,1.0,0.0,1.598,1.0,8.0,5,104.2848899629431,125.0715112257247,pobre,0,0,0.0,683.84003,0.0,50.0,11,209,1362,7,1.0
97,0.0,0.0,1.598,1.0,7.0,9,104.2848899629431,125.0715112257247,pobre,0,6,1200.0,653.0,1.0,38.0,13,209,1363,7,1.0
98,0.0,0.0,1.598,1.0,8.0,9,104.2848899629431,125.0715112257247,pobre,0,6,1200.0,653.0,1.0,38.0,14,209,1363,7,1.0
97,1.0,0.0,1.598,1.0,5.0,9,104.2848899629431,125.0715112257247,pobre,0,6,1200.0,653.0,1.0,38.0,12,209,1364,5,1.0
98,1.0,0.0,1.598,1.0,6.0,9,104.2848899629431,125.0715112257247,pobre,0,6,1200.0,653.0,1.0,38.0,13,209,1364,5,1.0
97,1.0,0.0,1.598,1.0,3.0,9,104.2848899629431,125.0715112257247,pobre,0,6,1200.0,653.0,1.0,38.0,10,209,1365,3,1.0
98,1.0,0.0,1.598,1.0,4.0,9,104.2848899629431,125.0715112257247,pobre,0,6,1200.0,653.0,1.0,38.0,11,209,1365,3,1.0
97,1.0,0.0,1.598,1.0,1.0,9,104.2848899629431,125.0715112257247,pobre,0,6,1200.0,653.0,1.0,38.0,8,209,1366,1,1.0
98,1.0,0.0,1.598,1.0,2.0,9,104.2848899629431,125.0715112257247,pobre,0,6,1200.0,653.0,1.0,38.0,9,209,1366,1,1.0
97,0.0,0.0,1.598,1.0,1.0,5,104.2848899629431,125.0715112257247,pobre,0,3,500.0,540.0,1.0,23.0,8,209,1367,1,1.0
98,0.0,0.0,1.598,1.0,2.0,5,104.2848899629431,125.0715112257247,pobre,0,3,500.0,540.0,1.0,23.0,9,209,1367,1,1.0
97,0.0,0.0,1.598,1.0,9.0,4,104.2848899629431,125.0715112257247,pobre,0,6,0.0,713.0,1.0,48.0,15,209,1368,9,1.0
98,0.0,0.0,1.598,1.0,9.0,4,104.2848899629431,125.0715112257247,pobre,0,6,0.0,713.0,1.0,48.0,16,209,1368,9,1.0
97,1.0,0.0,1.598,1.0,6.0,4,104.2848899629431,125.0715112257247,pobre,0,6,0.0,713.0,1.0,48.0,12,209,1369,6,1.0
98,1.0,0.0,1.598,1.0,7.0,4,104.2848899629431,125.0715112257247,pobre,0,6,0.0,713.0,1.0,48.0,13,209,1369,6,1.0
97,0.0,0.0,1.598,0.0,9.0,10,104.2848899629431,125.0715112257247,pobre,0,6,500.0,455.0,1.0,37.0,14,209,1370,9,0.0
98,0.0,0.0,1.598,,,10,104.2848899629431,125.0715112257247,pobre,0,6,500.0,455.0,1.0,37.0,15,209,1370,9,0.0
97,1.0,0.0,1.598,0.0,6.0,10,104.2848899629431,125.0715112257247,pobre,0,6,500.0,455.0,1.0,37.0,13,209,1371,6,0.0
98,1.0,0.0,1.598,,,10,104.2848899629431,125.0715112257247,pobre,0,6,500.0,455.0,1.0,37.0,14,209,1371,6,0.0
97,0.0,0.0,1.598,1.0,4.0,10,104.2848899629431,125.0715112257247,pobre,0,6,500.0,455.0,1.0,37.0,11,209,1372,4,1.0
98,0.0,0.0,1.598,1.0,5.0,10,104.2848899629431,125.0715112257247,pobre,0,6,500.0,455.0,1.0,37.0,12,209,1372,4,1.0
97,0.0,0.0,1.598,1.0,3.0,10,104.2848899629431,125.0715112257247,pobre,0,6,500.0,455.0,1.0,37.0,9,209,1373,3,1.0
98,0.0,0.0,1.598,1.0,4.0,10,104.2848899629431,125.0715112257247,pobre,0,6,500.0,455.0,1.0,37.0,10,209,1373,3,1.0
97,0.0,0.0,1.598,1.0,1.0,10,104.2848899629431,125.0715112257247,pobre,0,6,500.0,455.0,1.0,37.0,6,209,1374,1,1.0
98,0.0,0.0,1.598,1.0,2.0,10,104.2848899629431,125.0715112257247,pobre,0,6,500.0,455.0,1.0,37.0,7,209,1374,1,1.0
97,0.0,0.0,1.598,0.0,9.0,7,104.2848899629431,125.0715112257247,no pobre,0,2,0.0,852.75,1.0,51.0,16,209,1375,9,0.0
98,0.0,0.0,1.598,,,7,104.2848899629431,125.0715112257247,no pobre,0,2,0.0,852.75,1.0,51.0,17,209,1375,9,0.0
97,1.0,0.0,1.598,0.0,9.0,7,104.2848899629431,125.0715112257247,no pobre,0,2,0.0,852.75,1.0,51.0,15,209,1376,9,0.0
98,1.0,0.0,1.598,,,7,104.2848899629431,125.0715112257247,no pobre,0,2,0.0,852.75,1.0,51.0,16,209,1376,9,0.0
97,0.0,0.0,1.598,1.0,5.0,7,104.2848899629431,125.0715112257247,no pobre,0,2,0.0,852.75,1.0,51.0,13,209,1377,5,1.0
98,0.0,0.0,1.598,1.0,6.0,7,104.2848899629431,125.0715112257247,no pobre,0,2,0.0,852.75,1.0,51.0,14,209,1377,5,1.0
97,1.0,0.0,1.598,1.0,8.0,6,104.2848899629431,125.0715112257247,no pobre,0,2,500.0,839.5,1.0,47.0,15,209,1378,8,1.0
98,1.0,0.0,1.598,0.0,9.0,6,104.2848899629431,125.0715112257247,no pobre,0,2,500.0,839.5,1.0,47.0,16,209,1378,8,1.0
97,0.0,0.0,1.598,1.0,5.0,8,104.2848899629431,125.0715112257247,pobre,0,0,375.0,745.66998,1.0,53.0,12,209,1379,5,1.0
98,0.0,0.0,1.598,0.0,6.0,8,104.2848899629431,125.0715112257247,pobre,0,0,375.0,745.66998,1.0,53.0,13,209,1379,5,1.0
97,1.0,0.0,1.598,0.0,4.0,8,104.2848899629431,125.0715112257247,pobre,0,0,375.0,745.66998,1.0,53.0,16,209,1380,4,0.0
98,1.0,0.0,1.598,,,8,104.2848899629431,125.0715112257247,pobre,0,0,375.0,745.66998,1.0,53.0,17,209,1380,4,0.0
97,0.0,0.0,1.598,0.0,6.0,8,104.2848899629431,125.0715112257247,pobre,0,0,375.0,745.66998,1.0,53.0,13,209,1381,6,0.0
98,0.0,0.0,1.598,0.0,6.0,8,104.2848899629431,125.0715112257247,pobre,0,0,375.0,745.66998,1.0,53.0,14,209,1381,6,0.0
97,0.0,0.0,1.598,0.0,6.0,8,104.2848899629431,125.0715112257247,pobre,0,0,375.0,745.66998,1.0,53.0,13,209,1382,6,0.0
98,0.0,0.0,1.598,0.0,6.0,8,104.2848899629431,125.0715112257247,pobre,0,0,375.0,745.66998,1.0,53.0,14,209,1382,6,0.0
97,0.0,0.0,1.598,1.0,9.0,9,104.2848899629431,125.0715112257247,pobre,0,8,625.0,749.5,1.0,46.0,15,209,1383,9,1.0
98,0.0,0.0,1.598,1.0,9.0,9,104.2848899629431,125.0715112257247,pobre,0,8,625.0,749.5,1.0,46.0,16,209,1383,9,1.0
97,1.0,0.0,1.598,1.0,6.0,9,104.2848899629431,125.0715112257247,pobre,0,8,625.0,749.5,1.0,46.0,12,209,1384,6,1.0
98,1.0,0.0,1.598,1.0,7.0,9,104.2848899629431,125.0715112257247,pobre,0,8,625.0,749.5,1.0,46.0,13,209,1384,6,1.0
97,0.0,0.0,1.598,1.0,4.0,9,104.2848899629431,125.0715112257247,pobre,0,8,625.0,749.5,1.0,46.0,10,209,1385,4,1.0
98,0.0,0.0,1.598,1.0,5.0,9,104.2848899629431,125.0715112257247,pobre,0,8,625.0,749.5,1.0,46.0,11,209,1385,4,1.0
97,0.0,0.0,1.598,1.0,2.0,9,104.2848899629431,125.0715112257247,pobre,0,8,625.0,749.5,1.0,46.0,8,209,1386,2,1.0
98,0.0,0.0,1.598,1.0,3.0,9,104.2848899629431,125.0715112257247,pobre,0,8,625.0,749.5,1.0,46.0,9,209,1386,2,1.0
97,1.0,0.0,1.598,1.0,0.0,9,104.2848899629431,125.0715112257247,pobre,0,8,625.0,749.5,1.0,46.0,6,209,1387,0,1.0
98,1.0,0.0,1.598,1.0,1.0,9,104.2848899629431,125.0715112257247,pobre,0,8,625.0,749.5,1.0,46.0,7,209,1387,0,1.0
97,0.0,0.0,1.598,1.0,5.0,7,104.2848899629431,125.0715112257247,pobre,0,3,500.0,459.0,1.0,36.0,12,209,1388,5,1.0
98,0.0,0.0,1.598,1.0,6.0,7,104.2848899629431,125.0715112257247,pobre,0,3,500.0,459.0,1.0,36.0,13,209,1388,5,1.0
97,1.0,0.0,1.598,1.0,4.0,7,104.2848899629431,125.0715112257247,pobre,0,3,500.0,459.0,1.0,36.0,10,209,1389,4,1.0
98,1.0,0.0,1.598,1.0,5.0,7,104.2848899629431,125.0715112257247,pobre,0,3,500.0,459.0,1.0,36.0,11,209,1389,4,1.0
97,0.0,0.0,1.598,1.0,1.0,7,104.2848899629431,125.0715112257247,pobre,0,3,500.0,459.0,1.0,36.0,7,209,1390,1,1.0
98,0.0,0.0,1.598,1.0,2.0,7,104.2848899629431,125.0715112257247,pobre,0,3,500.0,459.0,1.0,36.0,8,209,1390,1,1.0
97,0.0,0.0,1.598,1.0,0.0,7,104.2848899629431,125.0715112257247,pobre,0,3,500.0,459.0,1.0,36.0,6,209,1391,0,1.0
98,0.0,0.0,1.598,1.0,1.0,7,104.2848899629431,125.0715112257247,pobre,0,3,500.0,459.0,1.0,36.0,7,209,1391,0,1.0
97,0.0,0.0,1.598,,0.0,3,104.2848899629431,125.0715112257247,pobre,0,14,0.0,728.0,1.0,60.0,16,209,1392,0,
98,0.0,0.0,1.598,,,3,104.2848899629431,125.0715112257247,pobre,0,14,0.0,728.0,1.0,60.0,17,209,1392,0,
97,0.0,0.0,1.598,1.0,2.0,5,104.2848899629431,125.0715112257247,pobre,0,0,250.0,658.0,0.0,32.0,8,209,1393,2,1.0
98,0.0,0.0,1.598,1.0,3.0,5,104.2848899629431,125.0715112257247,pobre,0,0,250.0,658.0,0.0,32.0,9,209,1393,2,1.0
97,0.0,0.0,1.598,0.0,6.0,7,104.2848899629431,125.0715112257247,pobre,0,3,500.0,460.0,1.0,46.0,14,209,1394,6,0.0
98,0.0,0.0,1.598,0.0,6.0,7,104.2848899629431,125.0715112257247,pobre,0,3,500.0,460.0,1.0,46.0,15,209,1394,6,0.0
97,1.0,0.0,1.598,1.0,5.0,7,104.2848899629431,125.0715112257247,pobre,0,3,500.0,460.0,1.0,46.0,12,209,1395,5,1.0
98,1.0,0.0,1.598,0.0,6.0,7,104.2848899629431,125.0715112257247,pobre,0,3,500.0,460.0,1.0,46.0,13,209,1395,5,1.0
97,0.0,0.0,1.598,,0.0,7,104.2848899629431,125.0715112257247,pobre,0,3,500.0,460.0,1.0,46.0,10,209,1396,0,
98,0.0,0.0,1.598,,,7,104.2848899629431,125.0715112257247,pobre,0,3,500.0,460.0,1.0,46.0,11,209,1396,0,
97,1.0,0.0,1.598,1.0,0.0,3,104.2848899629431,125.0715112257247,pobre,0,6,0.0,728.0,1.0,31.0,7,209,1397,0,1.0
98,1.0,0.0,1.598,,,3,104.2848899629431,125.0715112257247,pobre,0,6,0.0,728.0,1.0,31.0,8,209,1397,0,1.0
97,1.0,0.0,1.598,0.0,9.0,9,104.2848899629431,125.0715112257247,no pobre,0,6,1600.0,798.0,1.0,51.0,16,209,1398,9,0.0
98,1.0,0.0,1.598,,,9,104.2848899629431,125.0715112257247,no pobre,0,6,1600.0,798.0,1.0,51.0,17,209,1398,9,0.0
97,1.0,0.0,1.598,1.0,8.0,9,104.2848899629431,125.0715112257247,no pobre,0,6,1600.0,798.0,1.0,51.0,15,209,1399,8,1.0
98,1.0,0.0,1.598,,,9,104.2848899629431,125.0715112257247,no pobre,0,6,1600.0,798.0,1.0,51.0,16,209,1399,8,1.0
97,0.0,0.0,1.598,1.0,8.0,9,104.2848899629431,125.0715112257247,no pobre,0,6,1600.0,798.0,1.0,51.0,15,209,1400,8,1.0
98,0.0,0.0,1.598,,,9,104.2848899629431,125.0715112257247,no pobre,0,6,1600.0,798.0,1.0,51.0,16,209,1400,8,1.0
97,0.0,0.0,1.598,1.0,7.0,9,104.2848899629431,125.0715112257247,no pobre,0,6,1600.0,798.0,1.0,51.0,13,209,1401,7,1.0
98,0.0,0.0,1.598,,,9,104.2848899629431,125.0715112257247,no pobre,0,6,1600.0,798.0,1.0,51.0,14,209,1401,7,1.0
97,0.0,0.0,1.598,0.0,9.0,10,104.2848899629431,125.0715112257247,pobre,0,1,0.0,749.33002,1.0,80.0,16,209,1402,9,0.0
98,0.0,0.0,1.598,,,10,104.2848899629431,125.0715112257247,pobre,0,1,0.0,749.33002,1.0,80.0,17,209,1402,9,0.0
97,0.0,0.0,1.598,1.0,6.0,10,104.2848899629431,125.0715112257247,pobre,0,1,0.0,749.33002,1.0,80.0,12,209,1403,6,1.0
98,0.0,0.0,1.598,1.0,7.0,10,104.2848899629431,125.0715112257247,pobre,0,1,0.0,749.33002,1.0,80.0,13,209,1403,6,1.0
97,1.0,0.0,1.598,0.0,6.0,7,104.2848899629431,125.0715112257247,pobre,0,2,500.0,726.33002,1.0,57.0,15,209,1404,6,0.0
98,1.0,0.0,1.598,,,7,104.2848899629431,125.0715112257247,pobre,0,2,500.0,726.33002,1.0,57.0,16,209,1404,6,0.0
97,0.0,0.0,1.598,0.0,6.0,7,104.2848899629431,125.0715112257247,pobre,0,2,500.0,726.33002,1.0,57.0,14,209,1405,6,0.0
98,0.0,0.0,1.598,,,7,104.2848899629431,125.0715112257247,pobre,0,2,500.0,726.33002,1.0,57.0,15,209,1405,6,0.0
97,1.0,0.0,1.598,1.0,4.0,7,104.2848899629431,125.0715112257247,pobre,0,2,500.0,726.33002,1.0,57.0,11,209,1406,4,1.0
98,1.0,0.0,1.598,1.0,5.0,7,104.2848899629431,125.0715112257247,pobre,0,2,500.0,726.33002,1.0,57.0,12,209,1406,4,1.0
97,0.0,0.0,1.598,1.0,1.0,5,104.2848899629431,125.0715112257247,pobre,0,6,500.0,628.0,1.0,27.0,7,209,1407,1,1.0
98,0.0,0.0,1.598,1.0,2.0,5,104.2848899629431,125.0715112257247,pobre,0,6,500.0,628.0,1.0,27.0,8,209,1407,1,1.0
97,0.0,0.0,1.598,1.0,0.0,5,104.2848899629431,125.0715112257247,pobre,0,6,500.0,628.0,1.0,27.0,6,209,1408,0,1.0
98,0.0,0.0,1.598,,,5,104.2848899629431,125.0715112257247,pobre,0,6,500.0,628.0,1.0,27.0,7,209,1408,0,1.0
97,1.0,0.0,1.598,0.0,8.0,8,104.2848899629431,125.0715112257247,pobre,0,3,1560.0,707.0,1.0,39.0,15,209,1409,8,0.0
98,1.0,0.0,1.598,,,8,104.2848899629431,125.0715112257247,pobre,0,3,1560.0,707.0,1.0,39.0,16,209,1409,8,0.0
97,1.0,0.0,1.598,1.0,8.0,8,104.2848899629431,125.0715112257247,pobre,0,3,1560.0,707.0,1.0,39.0,13,209,1410,8,1.0
98,1.0,0.0,1.598,0.0,9.0,8,104.2848899629431,125.0715112257247,pobre,0,3,1560.0,707.0,1.0,39.0,14,209,1410,8,1.0
97,1.0,0.0,1.598,1.0,4.0,8,104.2848899629431,125.0715112257247,pobre,0,3,1560.0,707.0,1.0,39.0,12,209,1411,4,1.0
98,1.0,0.0,1.598,1.0,5.0,8,104.2848899629431,125.0715112257247,pobre,0,3,1560.0,707.0,1.0,39.0,13,209,1411,4,1.0
97,0.0,0.0,1.598,1.0,8.0,11,104.2848899629431,125.0715112257247,pobre,0,3,0.0,715.66998,1.0,56.0,14,209,1412,8,1.0
98,0.0,0.0,1.598,,,11,104.2848899629431,125.0715112257247,pobre,0,3,0.0,715.66998,1.0,56.0,15,209,1412,8,1.0
97,0.0,0.0,1.598,1.0,6.0,11,104.2848899629431,125.0715112257247,pobre,0,3,0.0,715.66998,1.0,56.0,12,209,1413,6,1.0
98,0.0,0.0,1.598,1.0,7.0,11,104.2848899629431,125.0715112257247,pobre,0,3,0.0,715.66998,1.0,56.0,13,209,1413,6,1.0
97,1.0,0.0,1.598,1.0,4.0,11,104.2848899629431,125.0715112257247,pobre,0,3,0.0,715.66998,1.0,56.0,10,209,1414,4,1.0
98,1.0,0.0,1.598,1.0,5.0,11,104.2848899629431,125.0715112257247,pobre,0,3,0.0,715.66998,1.0,56.0,11,209,1414,4,1.0
97,1.0,0.0,1.598,1.0,6.0,5,104.2848899629431,125.0715112257247,pobre,0,2,0.0,767.0,1.0,40.0,11,209,1415,6,1.0
98,1.0,0.0,1.598,1.0,6.0,5,104.2848899629431,125.0715112257247,pobre,0,2,0.0,767.0,1.0,40.0,12,209,1415,6,1.0
97,1.0,0.0,1.598,1.0,0.0,5,104.2848899629431,125.0715112257247,pobre,0,2,0.0,767.0,1.0,40.0,6,209,1416,0,1.0
98,1.0,0.0,1.598,1.0,1.0,5,104.2848899629431,125.0715112257247,pobre,0,2,0.0,767.0,1.0,40.0,7,209,1416,0,1.0
97,1.0,0.0,1.598,,0.0,4,104.2848899629431,125.0715112257247,pobre,0,0,500.0,705.14001,1.0,38.0,14,209,1417,0,
98,1.0,0.0,1.598,,,4,104.2848899629431,125.0715112257247,pobre,0,0,500.0,705.14001,1.0,38.0,15,209,1417,0,
97,0.0,0.0,1.598,,0.0,4,104.2848899629431,125.0715112257247,pobre,0,0,500.0,705.14001,1.0,38.0,12,209,1418,0,
98,0.0,0.0,1.598,,,4,104.2848899629431,125.0715112257247,pobre,0,0,500.0,705.14001,1.0,38.0,13,209,1418,0,
97,1.0,0.0,1.598,1.0,3.0,5,104.2848899629431,125.0715112257247,no pobre,0,13,2000.0,909.5,1.0,30.0,8,209,1419,3,1.0
98,1.0,0.0,1.598,,,5,104.2848899629431,125.0715112257247,no pobre,0,13,2000.0,909.5,1.0,30.0,9,209,1419,3,1.0
97,0.0,0.0,1.598,1.0,0.0,5,104.2848899629431,125.0715112257247,no pobre,0,13,2000.0,909.5,1.0,30.0,6,209,1420,0,1.0
98,0.0,0.0,1.598,,,5,104.2848899629431,125.0715112257247,no pobre,0,13,2000.0,909.5,1.0,30.0,7,209,1420,0,1.0
97,1.0,0.0,1.598,1.0,9.0,6,104.2848899629431,125.0715112257247,no pobre,0,1,625.0,802.0,1.0,52.0,16,209,1421,9,1.0
98,1.0,0.0,1.598,,,6,104.2848899629431,125.0715112257247,no pobre,0,1,625.0,802.0,1.0,52.0,17,209,1421,9,1.0
97,1.0,0.0,2.444,1.0,6.0,7,95.00202238906576,115.1568188719346,pobre,0,1,500.0,468.0,1.0,37.0,13,266,1422,6,1.0
98,1.0,0.0,2.444,0.0,6.0,7,95.00202238906576,115.1568188719346,pobre,0,1,500.0,468.0,1.0,37.0,14,266,1422,6,1.0
97,1.0,0.0,2.444,1.0,5.0,7,95.00202238906576,115.1568188719346,pobre,0,1,500.0,468.0,1.0,37.0,12,266,1423,5,1.0
98,1.0,0.0,2.444,1.0,5.0,7,95.00202238906576,115.1568188719346,pobre,0,1,500.0,468.0,1.0,37.0,13,266,1423,5,1.0
97,1.0,0.0,2.444,1.0,1.0,7,95.00202238906576,115.1568188719346,pobre,0,1,500.0,468.0,1.0,37.0,8,266,1424,1,1.0
98,1.0,0.0,2.444,1.0,2.0,7,95.00202238906576,115.1568188719346,pobre,0,1,500.0,468.0,1.0,37.0,9,266,1424,1,1.0
97,0.0,0.0,4.256,1.0,7.0,3,154.758929805565,183.4810121309432,no pobre,0,0,0.0,784.0,1.0,77.0,14,221,1425,7,1.0
98,0.0,0.0,4.256,1.0,8.0,3,154.758929805565,183.4810121309432,no pobre,0,0,0.0,784.0,1.0,77.0,15,221,1425,7,1.0
97,0.0,0.0,4.256,1.0,2.0,4,154.758929805565,183.4810121309432,pobre,0,2,625.0,694.0,1.0,54.0,9,221,1426,2,1.0
98,0.0,0.0,4.256,1.0,3.0,4,154.758929805565,183.4810121309432,pobre,0,2,625.0,694.0,1.0,54.0,10,221,1426,2,1.0
97,0.0,0.0,4.256,1.0,1.0,4,154.758929805565,183.4810121309432,pobre,0,2,625.0,694.0,1.0,54.0,7,221,1427,1,1.0
98,0.0,0.0,4.256,1.0,2.0,4,154.758929805565,183.4810121309432,pobre,0,2,625.0,694.0,1.0,54.0,8,221,1427,1,1.0
97,0.0,0.0,4.256,1.0,1.0,6,154.758929805565,183.4810121309432,pobre,0,6,625.0,682.0,1.0,26.0,6,221,1428,1,1.0
98,0.0,0.0,4.256,1.0,2.0,6,154.758929805565,183.4810121309432,pobre,0,6,625.0,682.0,1.0,26.0,7,221,1428,1,1.0
97,1.0,0.0,4.256,1.0,4.0,3,154.758929805565,183.4810121309432,pobre,0,1,0.0,679.0,0.0,68.0,11,221,1429,4,1.0
98,1.0,0.0,4.256,,,3,154.758929805565,183.4810121309432,pobre,0,1,0.0,679.0,0.0,68.0,12,221,1429,4,1.0
97,1.0,0.0,4.256,1.0,1.0,3,154.758929805565,183.4810121309432,pobre,0,1,0.0,679.0,0.0,68.0,8,221,1430,1,1.0
98,1.0,0.0,4.256,,,3,154.758929805565,183.4810121309432,pobre,0,1,0.0,679.0,0.0,68.0,9,221,1430,1,1.0
97,1.0,0.0,4.256,0.0,6.0,5,154.758929805565,183.4810121309432,pobre,0,0,0.0,800.5,1.0,47.0,16,221,1431,6,0.0
98,1.0,0.0,4.256,,,5,154.758929805565,183.4810121309432,pobre,0,0,0.0,800.5,1.0,47.0,17,221,1431,6,0.0
97,1.0,0.0,4.256,1.0,6.0,5,154.758929805565,183.4810121309432,pobre,0,0,0.0,800.5,1.0,47.0,14,221,1432,6,1.0
98,1.0,0.0,4.256,1.0,7.0,5,154.758929805565,183.4810121309432,pobre,0,0,0.0,800.5,1.0,47.0,15,221,1432,6,1.0
97,1.0,0.0,4.256,1.0,4.0,5,154.758929805565,183.4810121309432,pobre,0,0,0.0,800.5,1.0,47.0,12,221,1433,4,1.0
98,1.0,0.0,4.256,1.0,4.0,5,154.758929805565,183.4810121309432,pobre,0,0,0.0,800.5,1.0,47.0,13,221,1433,4,1.0
97,0.0,0.0,4.256,1.0,0.0,4,154.758929805565,183.4810121309432,no pobre,0,6,600.0,768.0,1.0,27.0,6,221,1434,0,1.0
98,0.0,0.0,4.256,1.0,1.0,4,154.758929805565,183.4810121309432,no pobre,0,6,600.0,768.0,1.0,27.0,7,221,1434,0,1.0
97,1.0,0.0,4.256,1.0,1.0,3,154.758929805565,183.4810121309432,no pobre,0,6,625.0,843.0,1.0,29.0,8,221,1435,1,1.0
98,1.0,0.0,4.256,1.0,2.0,3,154.758929805565,183.4810121309432,no pobre,0,6,625.0,843.0,1.0,29.0,9,221,1435,1,1.0
97,1.0,0.0,4.256,1.0,2.0,3,154.758929805565,183.4810121309432,pobre,0,6,0.0,752.0,1.0,31.0,8,221,1436,2,1.0
98,1.0,0.0,4.256,1.0,3.0,3,154.758929805565,183.4810121309432,pobre,0,6,0.0,752.0,1.0,31.0,9,221,1436,2,1.0
97,1.0,0.0,4.256,0.0,6.0,6,154.758929805565,183.4810121309432,pobre,0,2,600.0,606.0,1.0,36.0,15,221,1437,6,0.0
98,1.0,0.0,4.256,1.0,10.0,6,154.758929805565,183.4810121309432,pobre,0,2,600.0,606.0,1.0,36.0,16,221,1437,6,0.0
97,1.0,0.0,4.256,1.0,6.0,6,154.758929805565,183.4810121309432,pobre,0,2,600.0,606.0,1.0,36.0,13,221,1438,6,1.0
98,1.0,0.0,4.256,1.0,7.0,6,154.758929805565,183.4810121309432,pobre,0,2,600.0,606.0,1.0,36.0,14,221,1438,6,1.0
97,1.0,0.0,4.256,1.0,2.0,6,154.758929805565,183.4810121309432,pobre,0,2,600.0,606.0,1.0,36.0,8,221,1439,2,1.0
98,1.0,0.0,4.256,1.0,3.0,6,154.758929805565,183.4810121309432,pobre,0,2,600.0,606.0,1.0,36.0,9,221,1439,2,1.0
97,1.0,0.0,4.256,1.0,1.0,6,154.758929805565,183.4810121309432,pobre,0,2,600.0,606.0,1.0,36.0,7,221,1440,1,1.0
98,1.0,0.0,4.256,1.0,2.0,6,154.758929805565,183.4810121309432,pobre,0,2,600.0,606.0,1.0,36.0,8,221,1440,1,1.0
97,0.0,0.0,4.256,0.0,9.0,9,154.758929805565,183.4810121309432,pobre,0,2,800.0,558.0,1.0,40.0,14,221,1441,9,0.0
98,0.0,0.0,4.256,1.0,9.0,9,154.758929805565,183.4810121309432,pobre,0,2,800.0,558.0,1.0,40.0,15,221,1441,9,0.0
97,1.0,0.0,4.256,1.0,7.0,9,154.758929805565,183.4810121309432,pobre,0,2,800.0,558.0,1.0,40.0,13,221,1442,7,1.0
98,1.0,0.0,4.256,1.0,8.0,9,154.758929805565,183.4810121309432,pobre,0,2,800.0,558.0,1.0,40.0,14,221,1442,7,1.0
97,0.0,0.0,4.256,1.0,6.0,9,154.758929805565,183.4810121309432,pobre,0,2,800.0,558.0,1.0,40.0,12,221,1443,6,1.0
98,0.0,0.0,4.256,1.0,7.0,9,154.758929805565,183.4810121309432,pobre,0,2,800.0,558.0,1.0,40.0,13,221,1443,6,1.0
97,0.0,0.0,4.256,1.0,5.0,9,154.758929805565,183.4810121309432,pobre,0,2,800.0,558.0,1.0,40.0,11,221,1444,5,1.0
98,0.0,0.0,4.256,1.0,6.0,9,154.758929805565,183.4810121309432,pobre,0,2,800.0,558.0,1.0,40.0,12,221,1444,5,1.0
97,1.0,0.0,4.256,1.0,2.0,9,154.758929805565,183.4810121309432,pobre,0,2,800.0,558.0,1.0,40.0,8,221,1445,2,1.0
98,1.0,0.0,4.256,1.0,3.0,9,154.758929805565,183.4810121309432,pobre,0,2,800.0,558.0,1.0,40.0,9,221,1445,2,1.0
97,1.0,0.0,4.256,1.0,1.0,9,154.758929805565,183.4810121309432,pobre,0,2,800.0,558.0,1.0,40.0,7,221,1446,1,1.0
98,1.0,0.0,4.256,1.0,2.0,9,154.758929805565,183.4810121309432,pobre,0,2,800.0,558.0,1.0,40.0,8,221,1446,1,1.0
97,1.0,0.0,4.256,1.0,6.0,3,154.758929805565,183.4810121309432,pobre,0,2,625.0,848.5,1.0,59.0,13,221,1447,6,1.0
98,1.0,0.0,4.256,1.0,7.0,3,154.758929805565,183.4810121309432,pobre,0,2,625.0,848.5,1.0,59.0,14,221,1447,6,1.0
97,1.0,0.0,4.256,0.0,6.0,9,154.758929805565,183.4810121309432,pobre,0,1,600.0,649.5,1.0,42.0,14,221,1448,6,0.0
98,1.0,0.0,4.256,0.0,6.0,9,154.758929805565,183.4810121309432,pobre,0,1,600.0,649.5,1.0,42.0,15,221,1448,6,0.0
97,0.0,0.0,4.256,1.0,3.0,9,154.758929805565,183.4810121309432,pobre,0,1,600.0,649.5,1.0,42.0,9,221,1449,3,1.0
98,0.0,0.0,4.256,1.0,4.0,9,154.758929805565,183.4810121309432,pobre,0,1,600.0,649.5,1.0,42.0,10,221,1449,3,1.0
97,1.0,0.0,4.256,0.0,9.0,6,154.758929805565,183.4810121309432,pobre,0,6,0.0,748.0,1.0,40.0,16,221,1450,9,0.0
98,1.0,0.0,4.256,,,6,154.758929805565,183.4810121309432,pobre,0,6,0.0,748.0,1.0,40.0,17,221,1450,9,0.0
97,1.0,0.0,4.256,1.0,6.0,6,154.758929805565,183.4810121309432,pobre,0,6,0.0,748.0,1.0,40.0,14,221,1451,6,1.0
98,1.0,0.0,4.256,1.0,7.0,6,154.758929805565,183.4810121309432,pobre,0,6,0.0,748.0,1.0,40.0,15,221,1451,6,1.0
97,1.0,0.0,4.256,1.0,1.0,6,154.758929805565,183.4810121309432,pobre,0,6,0.0,748.0,1.0,40.0,8,221,1452,1,1.0
98,1.0,0.0,4.256,1.0,2.0,6,154.758929805565,183.4810121309432,pobre,0,6,0.0,748.0,1.0,40.0,9,221,1452,1,1.0
97,1.0,0.0,4.256,0.0,0.0,4,154.758929805565,183.4810121309432,no pobre,0,8,600.0,780.0,1.0,33.0,8,221,1453,0,0.0
98,1.0,0.0,4.256,0.0,1.0,4,154.758929805565,183.4810121309432,no pobre,0,8,600.0,780.0,1.0,33.0,9,221,1453,0,0.0
97,0.0,0.0,4.256,,0.0,5,154.758929805565,183.4810121309432,no pobre,0,2,600.0,813.66998,1.0,47.0,16,221,1454,0,
98,0.0,0.0,4.256,,,5,154.758929805565,183.4810121309432,no pobre,0,2,600.0,813.66998,1.0,47.0,17,221,1454,0,
97,0.0,0.0,4.256,1.0,7.0,7,154.758929805565,183.4810121309432,pobre,0,13,625.0,821.5,1.0,59.0,14,221,1455,7,1.0
98,0.0,0.0,4.256,1.0,8.0,7,154.758929805565,183.4810121309432,pobre,0,13,625.0,821.5,1.0,59.0,15,221,1455,7,1.0
97,0.0,0.0,4.256,1.0,5.0,7,154.758929805565,183.4810121309432,pobre,0,13,625.0,821.5,1.0,59.0,11,221,1456,5,1.0
98,0.0,0.0,4.256,1.0,6.0,7,154.758929805565,183.4810121309432,pobre,0,13,625.0,821.5,1.0,59.0,12,221,1456,5,1.0
97,1.0,0.0,4.256,1.0,1.0,7,154.758929805565,183.4810121309432,pobre,0,13,625.0,821.5,1.0,59.0,9,221,1457,1,1.0
98,1.0,0.0,4.256,1.0,2.0,7,154.758929805565,183.4810121309432,pobre,0,13,625.0,821.5,1.0,59.0,10,221,1457,1,1.0
97,1.0,0.0,4.256,1.0,8.0,5,154.758929805565,183.4810121309432,pobre,0,2,500.0,699.0,1.0,55.0,13,221,1458,8,1.0
98,1.0,0.0,4.256,1.0,8.0,5,154.758929805565,183.4810121309432,pobre,0,2,500.0,699.0,1.0,55.0,14,221,1458,8,1.0
97,1.0,0.0,4.256,1.0,5.0,5,154.758929805565,183.4810121309432,pobre,0,2,500.0,699.0,1.0,55.0,10,221,1459,5,1.0
98,1.0,0.0,4.256,1.0,5.0,5,154.758929805565,183.4810121309432,pobre,0,2,500.0,699.0,1.0,55.0,11,221,1459,5,1.0
97,1.0,0.0,4.256,1.0,9.0,6,154.758929805565,183.4810121309432,pobre,0,3,625.0,664.0,1.0,64.0,15,221,1460,9,1.0
98,1.0,0.0,4.256,1.0,10.0,6,154.758929805565,183.4810121309432,pobre,0,3,625.0,664.0,1.0,64.0,16,221,1460,9,1.0
97,1.0,0.0,4.256,0.0,5.0,6,154.758929805565,183.4810121309432,pobre,0,3,625.0,664.0,1.0,64.0,13,221,1461,5,0.0
98,1.0,0.0,4.256,0.0,5.0,6,154.758929805565,183.4810121309432,pobre,0,3,625.0,664.0,1.0,64.0,14,221,1461,5,0.0
97,0.0,0.0,4.256,1.0,0.0,6,154.758929805565,183.4810121309432,pobre,0,3,625.0,664.0,1.0,64.0,7,221,1462,0,1.0
98,0.0,0.0,4.256,1.0,1.0,6,154.758929805565,183.4810121309432,pobre,0,3,625.0,664.0,1.0,64.0,8,221,1462,0,1.0
97,0.0,0.0,4.256,1.0,5.0,7,154.758929805565,183.4810121309432,pobre,0,0,625.0,554.0,1.0,75.0,10,221,1463,5,1.0
98,0.0,0.0,4.256,1.0,6.0,7,154.758929805565,183.4810121309432,pobre,0,0,625.0,554.0,1.0,75.0,11,221,1463,5,1.0
97,1.0,0.0,4.256,1.0,0.0,7,154.758929805565,183.4810121309432,pobre,0,0,625.0,554.0,1.0,75.0,6,221,1464,0,1.0
98,1.0,0.0,4.256,1.0,1.0,7,154.758929805565,183.4810121309432,pobre,0,0,625.0,554.0,1.0,75.0,7,221,1464,0,1.0
97,0.0,0.0,4.256,1.0,3.0,4,154.758929805565,183.4810121309432,no pobre,0,9,640.0,953.33002,1.0,33.0,9,221,1465,3,1.0
98,0.0,0.0,4.256,1.0,4.0,4,154.758929805565,183.4810121309432,no pobre,0,9,640.0,953.33002,1.0,33.0,10,221,1465,3,1.0
97,1.0,0.0,4.256,1.0,1.0,4,154.758929805565,183.4810121309432,no pobre,0,9,640.0,953.33002,1.0,33.0,7,221,1466,1,1.0
98,1.0,0.0,4.256,1.0,2.0,4,154.758929805565,183.4810121309432,no pobre,0,9,640.0,953.33002,1.0,33.0,8,221,1466,1,1.0
97,0.0,0.0,4.256,0.0,6.0,6,154.758929805565,183.4810121309432,pobre,0,3,625.0,625.0,1.0,38.0,15,221,1467,6,0.0
98,0.0,0.0,4.256,,,6,154.758929805565,183.4810121309432,pobre,0,3,625.0,625.0,1.0,38.0,16,221,1467,6,0.0
97,0.0,0.0,4.256,1.0,6.0,6,154.758929805565,183.4810121309432,pobre,0,3,625.0,625.0,1.0,38.0,12,221,1468,6,1.0
98,0.0,0.0,4.256,1.0,7.0,6,154.758929805565,183.4810121309432,pobre,0,3,625.0,625.0,1.0,38.0,13,221,1468,6,1.0
97,1.0,0.0,4.256,1.0,3.0,6,154.758929805565,183.4810121309432,pobre,0,3,625.0,625.0,1.0,38.0,9,221,1469,3,1.0
98,1.0,0.0,4.256,1.0,4.0,6,154.758929805565,183.4810121309432,pobre,0,3,625.0,625.0,1.0,38.0,10,221,1469,3,1.0
97,0.0,0.0,3.154,1.0,4.0,5,127.1147801129469,154.1960026420774,pobre,basal,3,750.0,882.67999,1.0,51.0,10,271,1470,4,1.0
98,0.0,0.0,3.154,1.0,5.0,5,127.1147801129469,154.1960026420774,pobre,basal,3,750.0,882.67999,1.0,51.0,11,271,1470,4,1.0
97,0.0,0.0,3.154,1.0,1.0,5,127.1147801129469,154.1960026420774,pobre,basal,3,750.0,882.67999,1.0,51.0,6,271,1471,1,1.0
98,0.0,0.0,3.154,1.0,2.0,5,127.1147801129469,154.1960026420774,pobre,basal,3,750.0,882.67999,1.0,51.0,7,271,1471,1,1.0
97,1.0,0.0,3.154,1.0,2.0,6,127.1147801129469,154.1960026420774,pobre,basal,6,625.0,721.0,1.0,29.0,8,271,1472,2,1.0
98,1.0,0.0,3.154,1.0,3.0,6,127.1147801129469,154.1960026420774,pobre,basal,6,625.0,721.0,1.0,29.0,9,271,1472,2,1.0
97,1.0,0.0,3.154,1.0,1.0,6,127.1147801129469,154.1960026420774,pobre,basal,6,625.0,721.0,1.0,29.0,7,271,1473,1,1.0
98,1.0,0.0,3.154,1.0,2.0,6,127.1147801129469,154.1960026420774,pobre,basal,6,625.0,721.0,1.0,29.0,8,271,1473,1,1.0
97,1.0,0.0,3.154,1.0,2.0,3,127.1147801129469,154.1960026420774,pobre,basal,0,625.0,837.0,1.0,32.0,9,271,1474,2,1.0
98,1.0,0.0,3.154,1.0,3.0,3,127.1147801129469,154.1960026420774,pobre,basal,0,625.0,837.0,1.0,32.0,10,271,1474,2,1.0
97,0.0,0.0,3.154,1.0,1.0,4,127.1147801129469,154.1960026420774,pobre,basal,6,625.0,651.0,1.0,25.0,7,271,1475,1,1.0
98,0.0,0.0,3.154,1.0,1.0,4,127.1147801129469,154.1960026420774,pobre,basal,6,625.0,651.0,1.0,25.0,8,271,1475,1,1.0
97,0.0,0.0,3.154,0.0,6.0,5,127.1147801129469,154.1960026420774,pobre,basal,2,750.0,714.66998,1.0,62.0,15,271,1476,6,0.0
98,0.0,0.0,3.154,0.0,6.0,5,127.1147801129469,154.1960026420774,pobre,basal,2,750.0,714.66998,1.0,62.0,16,271,1476,6,0.0
97,0.0,0.0,3.154,1.0,0.0,5,127.1147801129469,154.1960026420774,pobre,basal,11,750.0,683.0,1.0,27.0,6,271,1477,0,1.0
98,0.0,0.0,3.154,1.0,1.0,5,127.1147801129469,154.1960026420774,pobre,basal,11,750.0,683.0,1.0,27.0,7,271,1477,0,1.0
97,1.0,0.0,3.154,1.0,8.0,5,127.1147801129469,154.1960026420774,pobre,basal,3,400.0,869.67999,1.0,54.0,16,271,1478,8,1.0
98,1.0,0.0,3.154,,,5,127.1147801129469,154.1960026420774,pobre,basal,3,400.0,869.67999,1.0,54.0,17,271,1478,8,1.0
97,1.0,0.0,3.154,1.0,7.0,5,127.1147801129469,154.1960026420774,pobre,basal,3,400.0,869.67999,1.0,54.0,13,271,1479,7,1.0
98,1.0,0.0,3.154,1.0,8.0,5,127.1147801129469,154.1960026420774,pobre,basal,3,400.0,869.67999,1.0,54.0,14,271,1479,7,1.0
97,0.0,0.0,3.154,1.0,1.0,5,127.1147801129469,154.1960026420774,pobre,basal,6,625.0,882.0,1.0,34.0,7,271,1480,1,1.0
98,0.0,0.0,3.154,1.0,2.0,5,127.1147801129469,154.1960026420774,pobre,basal,6,625.0,882.0,1.0,34.0,8,271,1480,1,1.0
97,1.0,0.0,3.154,0.0,9.0,3,127.1147801129469,154.1960026420774,no pobre,basal,0,625.0,877.5,1.0,58.0,16,271,1481,9,0.0
98,1.0,0.0,3.154,,,3,127.1147801129469,154.1960026420774,no pobre,basal,0,625.0,877.5,1.0,58.0,17,271,1481,9,0.0
97,1.0,0.0,3.154,1.0,7.0,7,127.1147801129469,154.1960026420774,pobre,basal,2,625.0,724.33002,1.0,62.0,15,271,1482,7,1.0
98,1.0,0.0,3.154,1.0,8.0,7,127.1147801129469,154.1960026420774,pobre,basal,2,625.0,724.33002,1.0,62.0,16,271,1482,7,1.0
97,1.0,0.0,3.154,1.0,6.0,7,127.1147801129469,154.1960026420774,pobre,basal,2,625.0,724.33002,1.0,62.0,13,271,1483,6,1.0
98,1.0,0.0,3.154,1.0,7.0,7,127.1147801129469,154.1960026420774,pobre,basal,2,625.0,724.33002,1.0,62.0,14,271,1483,6,1.0
97,0.0,0.0,3.154,1.0,3.0,7,127.1147801129469,154.1960026420774,pobre,basal,2,625.0,724.33002,1.0,62.0,10,271,1484,3,1.0
98,0.0,0.0,3.154,1.0,4.0,7,127.1147801129469,154.1960026420774,pobre,basal,2,625.0,724.33002,1.0,62.0,11,271,1484,3,1.0
97,1.0,0.0,3.154,1.0,0.0,7,127.1147801129469,154.1960026420774,pobre,basal,2,625.0,724.33002,1.0,62.0,6,271,1485,0,1.0
98,1.0,0.0,3.154,1.0,0.0,7,127.1147801129469,154.1960026420774,pobre,basal,2,625.0,724.33002,1.0,62.0,7,271,1485,0,1.0
97,0.0,0.0,3.154,0.0,9.0,6,127.1147801129469,154.1960026420774,pobre,basal,3,625.0,732.0,1.0,38.0,15,271,1486,9,0.0
98,0.0,0.0,3.154,0.0,9.0,6,127.1147801129469,154.1960026420774,pobre,basal,3,625.0,732.0,1.0,38.0,16,271,1486,9,0.0
97,1.0,0.0,3.154,1.0,5.0,6,127.1147801129469,154.1960026420774,pobre,basal,3,625.0,732.0,1.0,38.0,11,271,1487,5,1.0
98,1.0,0.0,3.154,,,6,127.1147801129469,154.1960026420774,pobre,basal,3,625.0,732.0,1.0,38.0,12,271,1487,5,1.0
97,1.0,0.0,3.154,1.0,3.0,4,127.1147801129469,154.1960026420774,pobre,basal,6,750.0,636.0,1.0,33.0,9,271,1488,3,1.0
98,1.0,0.0,3.154,1.0,4.0,4,127.1147801129469,154.1960026420774,pobre,basal,6,750.0,636.0,1.0,33.0,10,271,1488,3,1.0
97,0.0,0.0,3.154,0.0,6.0,3,127.1147801129469,154.1960026420774,no pobre,basal,0,1200.0,955.0,1.0,60.0,16,271,1489,6,0.0
98,0.0,0.0,3.154,,,3,127.1147801129469,154.1960026420774,no pobre,basal,0,1200.0,955.0,1.0,60.0,17,271,1489,6,0.0
97,0.0,0.0,3.154,,0.0,4,127.1147801129469,154.1960026420774,pobre,basal,6,1000.0,722.14001,1.0,27.0,7,271,1490,0,
98,0.0,0.0,3.154,1.0,2.0,4,127.1147801129469,154.1960026420774,pobre,basal,6,1000.0,722.14001,1.0,27.0,8,271,1490,0,
97,0.0,0.0,0.0,1.0,1.0,6,149.6350671870969,176.8672560847707,pobre,0,6,625.0,588.0,1.0,32.0,7,261,1491,1,1.0
98,0.0,0.0,0.0,,,6,149.6350671870969,176.8672560847707,pobre,0,6,625.0,588.0,1.0,32.0,8,261,1491,1,1.0
97,1.0,0.0,0.0,1.0,3.0,4,149.6350671870969,176.8672560847707,pobre,0,1,500.0,810.0,1.0,49.0,10,261,1492,3,1.0
98,1.0,0.0,0.0,1.0,4.0,4,149.6350671870969,176.8672560847707,pobre,0,1,500.0,810.0,1.0,49.0,11,261,1492,3,1.0
97,0.0,0.0,0.0,1.0,10.0,7,149.6350671870969,176.8672560847707,pobre,0,6,400.0,848.5,1.0,39.0,15,261,1493,10,1.0
98,0.0,0.0,0.0,1.0,11.0,7,149.6350671870969,176.8672560847707,pobre,0,6,400.0,848.5,1.0,39.0,16,261,1493,10,1.0
97,0.0,0.0,0.0,1.0,8.0,7,149.6350671870969,176.8672560847707,pobre,0,6,400.0,848.5,1.0,39.0,13,261,1494,8,1.0
98,0.0,0.0,0.0,1.0,9.0,7,149.6350671870969,176.8672560847707,pobre,0,6,400.0,848.5,1.0,39.0,14,261,1494,8,1.0
97,1.0,0.0,0.0,1.0,6.0,7,149.6350671870969,176.8672560847707,pobre,0,6,400.0,848.5,1.0,39.0,11,261,1495,6,1.0
98,1.0,0.0,0.0,1.0,7.0,7,149.6350671870969,176.8672560847707,pobre,0,6,400.0,848.5,1.0,39.0,12,261,1495,6,1.0
97,1.0,0.0,0.0,1.0,0.0,7,149.6350671870969,176.8672560847707,pobre,0,6,400.0,848.5,1.0,39.0,6,261,1496,0,1.0
98,1.0,0.0,0.0,1.0,1.0,7,149.6350671870969,176.8672560847707,pobre,0,6,400.0,848.5,1.0,39.0,7,261,1496,0,1.0
97,1.0,0.0,0.0,1.0,9.0,7,149.6350671870969,176.8672560847707,no pobre,0,6,1000.0,984.33002,1.0,44.0,16,261,1497,9,1.0
98,1.0,0.0,0.0,1.0,11.0,7,149.6350671870969,176.8672560847707,no pobre,0,6,1000.0,984.33002,1.0,44.0,17,261,1497,9,1.0
97,0.0,0.0,0.0,1.0,7.0,7,149.6350671870969,176.8672560847707,no pobre,0,6,1000.0,984.33002,1.0,44.0,13,261,1498,7,1.0
98,0.0,0.0,0.0,1.0,8.0,7,149.6350671870969,176.8672560847707,no pobre,0,6,1000.0,984.33002,1.0,44.0,14,261,1498,7,1.0
97,1.0,0.0,0.0,1.0,4.0,7,149.6350671870969,176.8672560847707,no pobre,0,6,1000.0,984.33002,1.0,44.0,10,261,1499,4,1.0
98,1.0,0.0,0.0,1.0,5.0,7,149.6350671870969,176.8672560847707,no pobre,0,6,1000.0,984.33002,1.0,44.0,11,261,1499,4,1.0
97,0.0,0.0,0.0,1.0,3.0,4,149.6350671870969,176.8672560847707,pobre,0,0,0.0,772.0,1.0,40.0,8,261,1500,3,1.0
98,0.0,0.0,0.0,1.0,4.0,4,149.6350671870969,176.8672560847707,pobre,0,0,0.0,772.0,1.0,40.0,9,261,1500,3,1.0
97,1.0,0.0,0.0,1.0,7.0,3,149.6350671870969,176.8672560847707,no pobre,0,0,800.0,855.5,1.0,56.0,15,261,1501,7,1.0
98,1.0,0.0,0.0,1.0,8.0,3,149.6350671870969,176.8672560847707,no pobre,0,0,800.0,855.5,1.0,56.0,16,261,1501,7,1.0
97,0.0,0.0,0.0,1.0,8.0,9,149.6350671870969,176.8672560847707,pobre,0,0,960.0,803.25,1.0,46.0,14,261,1502,8,1.0
98,0.0,0.0,0.0,1.0,9.0,9,149.6350671870969,176.8672560847707,pobre,0,0,960.0,803.25,1.0,46.0,15,261,1502,8,1.0
97,1.0,0.0,0.0,1.0,7.0,9,149.6350671870969,176.8672560847707,pobre,0,0,960.0,803.25,1.0,46.0,13,261,1503,7,1.0
98,1.0,0.0,0.0,1.0,8.0,9,149.6350671870969,176.8672560847707,pobre,0,0,960.0,803.25,1.0,46.0,14,261,1503,7,1.0
97,1.0,0.0,0.0,1.0,0.0,9,149.6350671870969,176.8672560847707,pobre,0,0,960.0,803.25,1.0,46.0,6,261,1504,0,1.0
98,1.0,0.0,0.0,1.0,1.0,9,149.6350671870969,176.8672560847707,pobre,0,0,960.0,803.25,1.0,46.0,7,261,1504,0,1.0
97,0.0,0.0,0.0,1.0,7.0,5,149.6350671870969,176.8672560847707,pobre,0,4,1125.0,739.0,1.0,35.0,14,261,1505,7,1.0
98,0.0,0.0,0.0,1.0,8.0,5,149.6350671870969,176.8672560847707,pobre,0,4,1125.0,739.0,1.0,35.0,15,261,1505,7,1.0
97,1.0,0.0,0.0,1.0,4.0,5,149.6350671870969,176.8672560847707,pobre,0,4,1125.0,739.0,1.0,35.0,12,261,1506,4,1.0
98,1.0,0.0,0.0,1.0,5.0,5,149.6350671870969,176.8672560847707,pobre,0,4,1125.0,739.0,1.0,35.0,13,261,1506,4,1.0
97,1.0,0.0,0.0,1.0,3.0,5,149.6350671870969,176.8672560847707,pobre,0,4,1125.0,739.0,1.0,35.0,9,261,1507,3,1.0
98,1.0,0.0,0.0,1.0,3.0,5,149.6350671870969,176.8672560847707,pobre,0,4,1125.0,739.0,1.0,35.0,10,261,1507,3,1.0
97,1.0,0.0,0.0,1.0,8.0,5,149.6350671870969,176.8672560847707,no pobre,0,6,625.0,956.66998,1.0,33.0,14,261,1508,8,1.0
98,1.0,0.0,0.0,1.0,10.0,5,149.6350671870969,176.8672560847707,no pobre,0,6,625.0,956.66998,1.0,33.0,15,261,1508,8,1.0
97,1.0,0.0,0.0,1.0,1.0,5,149.6350671870969,176.8672560847707,no pobre,0,6,625.0,956.66998,1.0,33.0,6,261,1509,1,1.0
98,1.0,0.0,0.0,1.0,2.0,5,149.6350671870969,176.8672560847707,no pobre,0,6,625.0,956.66998,1.0,33.0,7,261,1509,1,1.0
97,1.0,1.0,0.0,1.0,8.0,8,149.6350671870969,176.8672560847707,pobre,0,4,625.0,524.0,1.0,36.0,16,261,1510,8,1.0
98,1.0,1.0,0.0,0.0,9.0,8,149.6350671870969,176.8672560847707,pobre,0,4,625.0,524.0,1.0,36.0,17,261,1510,8,1.0
97,0.0,1.0,0.0,1.0,5.0,8,149.6350671870969,176.8672560847707,pobre,0,4,625.0,524.0,1.0,36.0,13,261,1511,5,1.0
98,0.0,1.0,0.0,0.0,6.0,8,149.6350671870969,176.8672560847707,pobre,0,4,625.0,524.0,1.0,36.0,14,261,1511,5,1.0
97,0.0,1.0,0.0,1.0,4.0,8,149.6350671870969,176.8672560847707,pobre,0,4,625.0,524.0,1.0,36.0,11,261,1512,4,1.0
98,0.0,1.0,0.0,1.0,5.0,8,149.6350671870969,176.8672560847707,pobre,0,4,625.0,524.0,1.0,36.0,12,261,1512,4,1.0
97,1.0,1.0,0.0,1.0,2.0,8,149.6350671870969,176.8672560847707,pobre,0,4,625.0,524.0,1.0,36.0,8,261,1513,2,1.0
98,1.0,1.0,0.0,1.0,3.0,8,149.6350671870969,176.8672560847707,pobre,0,4,625.0,524.0,1.0,36.0,9,261,1513,2,1.0
97,0.0,1.0,0.0,1.0,5.0,5,149.6350671870969,176.8672560847707,pobre,0,2,625.0,541.0,1.0,35.0,10,261,1514,5,1.0
98,0.0,1.0,0.0,0.0,6.0,5,149.6350671870969,176.8672560847707,pobre,0,2,625.0,541.0,1.0,35.0,11,261,1514,5,1.0
97,0.0,1.0,0.0,1.0,1.0,5,149.6350671870969,176.8672560847707,pobre,0,2,625.0,541.0,1.0,35.0,9,261,1515,1,1.0
98,0.0,1.0,0.0,1.0,2.0,5,149.6350671870969,176.8672560847707,pobre,0,2,625.0,541.0,1.0,35.0,10,261,1515,1,1.0
97,1.0,1.0,0.0,1.0,1.0,5,149.6350671870969,176.8672560847707,pobre,0,2,625.0,541.0,1.0,35.0,6,261,1516,1,1.0
98,1.0,1.0,0.0,1.0,2.0,5,149.6350671870969,176.8672560847707,pobre,0,2,625.0,541.0,1.0,35.0,7,261,1516,1,1.0
97,0.0,0.0,0.0,1.0,8.0,7,149.6350671870969,176.8672560847707,no pobre,0,6,600.0,889.5,1.0,38.0,14,261,1517,8,1.0
98,0.0,0.0,0.0,1.0,10.0,7,149.6350671870969,176.8672560847707,no pobre,0,6,600.0,889.5,1.0,38.0,15,261,1517,8,1.0
97,0.0,0.0,0.0,1.0,5.0,7,149.6350671870969,176.8672560847707,no pobre,0,6,600.0,889.5,1.0,38.0,11,261,1518,5,1.0
98,0.0,0.0,0.0,1.0,7.0,7,149.6350671870969,176.8672560847707,no pobre,0,6,600.0,889.5,1.0,38.0,12,261,1518,5,1.0
97,1.0,0.0,0.0,1.0,5.0,9,149.6350671870969,176.8672560847707,pobre,0,7,800.0,679.0,1.0,30.0,12,261,1519,5,1.0
98,1.0,0.0,0.0,1.0,6.0,9,149.6350671870969,176.8672560847707,pobre,0,7,800.0,679.0,1.0,30.0,13,261,1519,5,1.0
97,1.0,0.0,0.0,1.0,5.0,9,149.6350671870969,176.8672560847707,pobre,0,7,800.0,679.0,1.0,30.0,10,261,1520,5,1.0
98,1.0,0.0,0.0,1.0,6.0,9,149.6350671870969,176.8672560847707,pobre,0,7,800.0,679.0,1.0,30.0,11,261,1520,5,1.0
97,1.0,0.0,0.0,1.0,3.0,9,149.6350671870969,176.8672560847707,pobre,0,7,800.0,679.0,1.0,30.0,8,261,1521,3,1.0
98,1.0,0.0,0.0,1.0,4.0,9,149.6350671870969,176.8672560847707,pobre,0,7,800.0,679.0,1.0,30.0,9,261,1521,3,1.0
97,0.0,1.0,0.0,1.0,6.0,6,149.6350671870969,176.8672560847707,no pobre,0,3,625.0,794.0,1.0,55.0,12,261,1522,6,1.0
98,0.0,1.0,0.0,1.0,6.0,6,149.6350671870969,176.8672560847707,no pobre,0,3,625.0,794.0,1.0,55.0,13,261,1522,6,1.0
97,1.0,1.0,0.0,1.0,2.0,6,149.6350671870969,176.8672560847707,no pobre,0,3,625.0,794.0,1.0,55.0,8,261,1523,2,1.0
98,1.0,1.0,0.0,1.0,3.0,6,149.6350671870969,176.8672560847707,no pobre,0,3,625.0,794.0,1.0,55.0,9,261,1523,2,1.0
97,1.0,0.0,0.0,1.0,4.0,5,149.6350671870969,176.8672560847707,pobre,0,0,375.0,734.5,1.0,66.0,10,261,1524,4,1.0
98,1.0,0.0,0.0,1.0,5.0,5,149.6350671870969,176.8672560847707,pobre,0,0,375.0,734.5,1.0,66.0,11,261,1524,4,1.0
97,1.0,0.0,0.0,1.0,2.0,5,149.6350671870969,176.8672560847707,pobre,0,0,375.0,734.5,1.0,66.0,8,261,1525,2,1.0
98,1.0,0.0,0.0,1.0,3.0,5,149.6350671870969,176.8672560847707,pobre,0,0,375.0,734.5,1.0,66.0,9,261,1525,2,1.0
97,0.0,0.0,0.0,1.0,7.0,5,149.6350671870969,176.8672560847707,pobre,0,1,625.0,691.0,1.0,43.0,13,261,1526,7,1.0
98,0.0,0.0,0.0,1.0,8.0,5,149.6350671870969,176.8672560847707,pobre,0,1,625.0,691.0,1.0,43.0,14,261,1526,7,1.0
97,1.0,0.0,0.0,1.0,4.0,5,149.6350671870969,176.8672560847707,pobre,0,1,625.0,691.0,1.0,43.0,10,261,1527,4,1.0
98,1.0,0.0,0.0,1.0,5.0,5,149.6350671870969,176.8672560847707,pobre,0,1,625.0,691.0,1.0,43.0,11,261,1527,4,1.0
97,0.0,0.0,0.0,1.0,0.0,5,149.6350671870969,176.8672560847707,pobre,0,1,625.0,691.0,1.0,43.0,6,261,1528,0,1.0
98,0.0,0.0,0.0,1.0,1.0,5,149.6350671870969,176.8672560847707,pobre,0,1,625.0,691.0,1.0,43.0,7,261,1528,0,1.0
97,1.0,0.0,0.0,1.0,8.0,8,149.6350671870969,176.8672560847707,pobre,0,6,625.0,550.0,1.0,33.0,14,261,1529,8,1.0
98,1.0,0.0,0.0,1.0,9.0,8,149.6350671870969,176.8672560847707,pobre,0,6,625.0,550.0,1.0,33.0,15,261,1529,8,1.0
97,1.0,0.0,0.0,1.0,7.0,8,149.6350671870969,176.8672560847707,pobre,0,6,625.0,550.0,1.0,33.0,13,261,1530,7,1.0
98,1.0,0.0,0.0,1.0,8.0,8,149.6350671870969,176.8672560847707,pobre,0,6,625.0,550.0,1.0,33.0,14,261,1530,7,1.0
97,0.0,0.0,0.0,1.0,7.0,8,149.6350671870969,176.8672560847707,pobre,0,6,625.0,550.0,1.0,33.0,12,261,1531,7,1.0
98,0.0,0.0,0.0,1.0,8.0,8,149.6350671870969,176.8672560847707,pobre,0,6,625.0,550.0,1.0,33.0,13,261,1531,7,1.0
97,0.0,0.0,0.0,1.0,4.0,8,149.6350671870969,176.8672560847707,pobre,0,6,625.0,550.0,1.0,33.0,10,261,1532,4,1.0
98,0.0,0.0,0.0,1.0,4.0,8,149.6350671870969,176.8672560847707,pobre,0,6,625.0,550.0,1.0,33.0,11,261,1532,4,1.0
97,1.0,0.0,0.0,1.0,0.0,8,149.6350671870969,176.8672560847707,pobre,0,6,625.0,550.0,1.0,33.0,6,261,1533,0,1.0
98,1.0,0.0,0.0,1.0,1.0,8,149.6350671870969,176.8672560847707,pobre,0,6,625.0,550.0,1.0,33.0,7,261,1533,0,1.0
97,1.0,0.0,0.0,1.0,0.0,8,149.6350671870969,176.8672560847707,pobre,0,6,400.0,710.0,0.0,61.0,6,261,1534,0,1.0
98,1.0,0.0,0.0,1.0,1.0,8,149.6350671870969,176.8672560847707,pobre,0,6,400.0,710.0,0.0,61.0,7,261,1534,0,1.0
97,1.0,0.0,0.0,1.0,0.0,8,149.6350671870969,176.8672560847707,pobre,0,6,400.0,710.0,0.0,61.0,6,261,1535,0,1.0
98,1.0,0.0,0.0,1.0,1.0,8,149.6350671870969,176.8672560847707,pobre,0,6,400.0,710.0,0.0,61.0,7,261,1535,0,1.0
97,1.0,0.0,0.0,0.0,2.0,9,149.6350671870969,176.8672560847707,pobre,0,0,625.0,612.5,1.0,38.0,15,261,1536,2,0.0
98,1.0,0.0,0.0,,,9,149.6350671870969,176.8672560847707,pobre,0,0,625.0,612.5,1.0,38.0,16,261,1536,2,0.0
97,0.0,0.0,0.0,1.0,8.0,9,149.6350671870969,176.8672560847707,pobre,0,0,625.0,612.5,1.0,38.0,14,261,1537,8,1.0
98,0.0,0.0,0.0,1.0,8.0,9,149.6350671870969,176.8672560847707,pobre,0,0,625.0,612.5,1.0,38.0,15,261,1537,8,1.0
97,0.0,0.0,0.0,1.0,5.0,9,149.6350671870969,176.8672560847707,pobre,0,0,625.0,612.5,1.0,38.0,12,261,1538,5,1.0
98,0.0,0.0,0.0,1.0,6.0,9,149.6350671870969,176.8672560847707,pobre,0,0,625.0,612.5,1.0,38.0,13,261,1538,5,1.0
97,0.0,0.0,0.0,1.0,3.0,9,149.6350671870969,176.8672560847707,pobre,0,0,625.0,612.5,1.0,38.0,11,261,1539,3,1.0
98,0.0,0.0,0.0,1.0,4.0,9,149.6350671870969,176.8672560847707,pobre,0,0,625.0,612.5,1.0,38.0,12,261,1539,3,1.0
97,0.0,0.0,0.0,1.0,2.0,9,149.6350671870969,176.8672560847707,pobre,0,0,625.0,612.5,1.0,38.0,8,261,1540,2,1.0
98,0.0,0.0,0.0,1.0,3.0,9,149.6350671870969,176.8672560847707,pobre,0,0,625.0,612.5,1.0,38.0,9,261,1540,2,1.0
97,1.0,0.0,0.0,1.0,0.0,9,149.6350671870969,176.8672560847707,pobre,0,0,625.0,612.5,1.0,38.0,6,261,1541,0,1.0
98,1.0,0.0,0.0,1.0,1.0,9,149.6350671870969,176.8672560847707,pobre,0,0,625.0,612.5,1.0,38.0,7,261,1541,0,1.0
97,0.0,0.0,0.0,1.0,2.0,5,149.6350671870969,176.8672560847707,pobre,0,2,320.0,816.0,0.0,38.0,10,261,1542,2,1.0
98,0.0,0.0,0.0,1.0,3.0,5,149.6350671870969,176.8672560847707,pobre,0,2,320.0,816.0,0.0,38.0,11,261,1542,2,1.0
97,1.0,0.0,0.0,1.0,1.0,5,149.6350671870969,176.8672560847707,pobre,0,2,320.0,816.0,0.0,38.0,7,261,1543,1,1.0
98,1.0,0.0,0.0,1.0,2.0,5,149.6350671870969,176.8672560847707,pobre,0,2,320.0,816.0,0.0,38.0,8,261,1543,1,1.0
97,1.0,0.0,0.0,1.0,9.0,4,149.6350671870969,176.8672560847707,no pobre,0,2,625.0,774.33002,1.0,54.0,15,261,1544,9,1.0
98,1.0,0.0,0.0,1.0,9.0,4,149.6350671870969,176.8672560847707,no pobre,0,2,625.0,774.33002,1.0,54.0,16,261,1544,9,1.0
97,1.0,0.0,0.0,1.0,9.0,4,149.6350671870969,176.8672560847707,no pobre,0,2,625.0,774.33002,1.0,54.0,15,261,1545,9,1.0
98,1.0,0.0,0.0,1.0,9.0,4,149.6350671870969,176.8672560847707,no pobre,0,2,625.0,774.33002,1.0,54.0,16,261,1545,9,1.0
97,1.0,0.0,0.0,1.0,8.0,4,149.6350671870969,176.8672560847707,pobre,0,2,200.0,747.0,1.0,56.0,16,261,1546,8,1.0
98,1.0,0.0,0.0,,,4,149.6350671870969,176.8672560847707,pobre,0,2,200.0,747.0,1.0,56.0,17,261,1546,8,1.0
97,0.0,0.0,0.0,1.0,6.0,4,149.6350671870969,176.8672560847707,pobre,0,2,200.0,747.0,1.0,56.0,12,261,1547,6,1.0
98,0.0,0.0,0.0,1.0,7.0,4,149.6350671870969,176.8672560847707,pobre,0,2,200.0,747.0,1.0,56.0,13,261,1547,6,1.0
97,1.0,0.0,0.0,1.0,8.0,6,149.6350671870969,176.8672560847707,no pobre,0,6,300.0,930.0,1.0,43.0,15,261,1548,8,1.0
98,1.0,0.0,0.0,1.0,9.0,6,149.6350671870969,176.8672560847707,no pobre,0,6,300.0,930.0,1.0,43.0,16,261,1548,8,1.0
97,1.0,0.0,0.0,1.0,5.0,6,149.6350671870969,176.8672560847707,no pobre,0,6,300.0,930.0,1.0,43.0,10,261,1549,5,1.0
98,1.0,0.0,0.0,1.0,6.0,6,149.6350671870969,176.8672560847707,no pobre,0,6,300.0,930.0,1.0,43.0,11,261,1549,5,1.0
97,0.0,0.0,0.0,0.0,9.0,12,149.6350671870969,176.8672560847707,pobre,0,3,500.0,753.0,1.0,46.0,16,261,1550,9,0.0
98,0.0,0.0,0.0,,,12,149.6350671870969,176.8672560847707,pobre,0,3,500.0,753.0,1.0,46.0,17,261,1550,9,0.0
97,0.0,0.0,0.0,1.0,7.0,12,149.6350671870969,176.8672560847707,pobre,0,3,500.0,753.0,1.0,46.0,14,261,1551,7,1.0
98,0.0,0.0,0.0,1.0,8.0,12,149.6350671870969,176.8672560847707,pobre,0,3,500.0,753.0,1.0,46.0,15,261,1551,7,1.0
97,1.0,0.0,0.0,1.0,1.0,4,149.6350671870969,176.8672560847707,pobre,0,9,625.0,729.0,1.0,30.0,7,261,1552,1,1.0
98,1.0,0.0,0.0,1.0,2.0,4,149.6350671870969,176.8672560847707,pobre,0,9,625.0,729.0,1.0,30.0,8,261,1552,1,1.0
97,1.0,0.0,0.0,1.0,2.0,6,149.6350671870969,176.8672560847707,pobre,0,6,625.0,707.0,1.0,29.0,9,261,1553,2,1.0
98,1.0,0.0,0.0,1.0,3.0,6,149.6350671870969,176.8672560847707,pobre,0,6,625.0,707.0,1.0,29.0,10,261,1553,2,1.0
97,1.0,0.0,0.0,1.0,1.0,6,149.6350671870969,176.8672560847707,pobre,0,6,625.0,707.0,1.0,29.0,7,261,1554,1,1.0
98,1.0,0.0,0.0,1.0,2.0,6,149.6350671870969,176.8672560847707,pobre,0,6,625.0,707.0,1.0,29.0,8,261,1554,1,1.0
97,0.0,0.0,0.0,1.0,5.0,6,149.6350671870969,176.8672560847707,pobre,0,0,625.0,668.0,1.0,53.0,14,261,1555,5,1.0
98,0.0,0.0,0.0,0.0,6.0,6,149.6350671870969,176.8672560847707,pobre,0,0,625.0,668.0,1.0,53.0,15,261,1555,5,1.0
97,1.0,0.0,0.0,1.0,5.0,6,149.6350671870969,176.8672560847707,pobre,0,0,625.0,668.0,1.0,53.0,12,261,1556,5,1.0
98,1.0,0.0,0.0,1.0,6.0,6,149.6350671870969,176.8672560847707,pobre,0,0,625.0,668.0,1.0,53.0,13,261,1556,5,1.0
97,1.0,0.0,0.0,1.0,1.0,6,149.6350671870969,176.8672560847707,pobre,0,0,625.0,668.0,1.0,53.0,8,261,1557,1,1.0
98,1.0,0.0,0.0,1.0,2.0,6,149.6350671870969,176.8672560847707,pobre,0,0,625.0,668.0,1.0,53.0,9,261,1557,1,1.0
97,1.0,0.0,0.0,1.0,0.0,5,149.6350671870969,176.8672560847707,no pobre,0,3,1250.0,800.5,1.0,30.0,6,261,1558,0,1.0
98,1.0,0.0,0.0,1.0,1.0,5,149.6350671870969,176.8672560847707,no pobre,0,3,1250.0,800.5,1.0,30.0,7,261,1558,0,1.0
97,0.0,0.0,0.0,1.0,2.0,6,149.6350671870969,176.8672560847707,pobre,0,6,0.0,596.0,1.0,26.0,9,261,1559,2,1.0
98,0.0,0.0,0.0,,,6,149.6350671870969,176.8672560847707,pobre,0,6,0.0,596.0,1.0,26.0,10,261,1559,2,1.0
97,1.0,0.0,0.0,1.0,1.0,6,149.6350671870969,176.8672560847707,pobre,0,6,0.0,596.0,1.0,26.0,6,261,1560,1,1.0
98,1.0,0.0,0.0,,,6,149.6350671870969,176.8672560847707,pobre,0,6,0.0,596.0,1.0,26.0,7,261,1560,1,1.0
97,0.0,0.0,0.0,1.0,0.0,5,149.6350671870969,176.8672560847707,pobre,0,2,480.0,658.0,1.0,32.0,7,261,1561,0,1.0
98,0.0,0.0,0.0,1.0,2.0,5,149.6350671870969,176.8672560847707,pobre,0,2,480.0,658.0,1.0,32.0,8,261,1561,0,1.0
97,1.0,0.0,0.0,1.0,4.0,4,149.6350671870969,176.8672560847707,pobre,0,3,800.0,698.0,1.0,30.0,10,261,1562,4,1.0
98,1.0,0.0,0.0,1.0,5.0,4,149.6350671870969,176.8672560847707,pobre,0,3,800.0,698.0,1.0,30.0,11,261,1562,4,1.0
97,1.0,0.0,0.0,1.0,1.0,4,149.6350671870969,176.8672560847707,pobre,0,3,800.0,698.0,1.0,30.0,6,261,1563,1,1.0
98,1.0,0.0,0.0,1.0,2.0,4,149.6350671870969,176.8672560847707,pobre,0,3,800.0,698.0,1.0,30.0,7,261,1563,1,1.0
97,0.0,0.0,0.0,1.0,7.0,5,149.6350671870969,176.8672560847707,pobre,0,0,625.0,752.5,1.0,54.0,13,261,1564,7,1.0
98,0.0,0.0,0.0,1.0,8.0,5,149.6350671870969,176.8672560847707,pobre,0,0,625.0,752.5,1.0,54.0,14,261,1564,7,1.0
97,0.0,0.0,0.0,0.0,9.0,5,149.6350671870969,176.8672560847707,pobre,0,0,625.0,752.5,1.0,54.0,15,261,1565,9,0.0
98,0.0,0.0,0.0,0.0,9.0,5,149.6350671870969,176.8672560847707,pobre,0,0,625.0,752.5,1.0,54.0,16,261,1565,9,0.0
97,0.0,0.0,0.0,1.0,8.0,4,149.6350671870969,176.8672560847707,pobre,0,2,625.0,713.0,1.0,46.0,14,261,1566,8,1.0
98,0.0,0.0,0.0,0.0,5.0,4,149.6350671870969,176.8672560847707,pobre,0,2,625.0,713.0,1.0,46.0,15,261,1566,8,1.0
97,0.0,0.0,0.0,1.0,4.0,4,149.6350671870969,176.8672560847707,pobre,0,2,625.0,713.0,1.0,46.0,11,261,1567,4,1.0
98,0.0,0.0,0.0,1.0,4.0,4,149.6350671870969,176.8672560847707,pobre,0,2,625.0,713.0,1.0,46.0,12,261,1567,4,1.0
97,1.0,0.0,0.0,1.0,8.0,6,149.6350671870969,176.8672560847707,pobre,0,1,625.0,617.0,1.0,34.0,15,261,1568,8,1.0
98,1.0,0.0,0.0,1.0,9.0,6,149.6350671870969,176.8672560847707,pobre,0,1,625.0,617.0,1.0,34.0,16,261,1568,8,1.0
97,1.0,0.0,0.0,1.0,5.0,6,149.6350671870969,176.8672560847707,pobre,0,1,625.0,617.0,1.0,34.0,12,261,1569,5,1.0
98,1.0,0.0,0.0,1.0,6.0,6,149.6350671870969,176.8672560847707,pobre,0,1,625.0,617.0,1.0,34.0,13,261,1569,5,1.0
97,1.0,0.0,0.0,1.0,3.0,6,149.6350671870969,176.8672560847707,pobre,0,1,625.0,617.0,1.0,34.0,9,261,1570,3,1.0
98,1.0,0.0,0.0,1.0,4.0,6,149.6350671870969,176.8672560847707,pobre,0,1,625.0,617.0,1.0,34.0,10,261,1570,3,1.0
97,0.0,0.0,0.0,0.0,6.0,8,149.6350671870969,176.8672560847707,pobre,0,0,625.0,740.0,1.0,38.0,15,261,1571,6,0.0
98,0.0,0.0,0.0,0.0,6.0,8,149.6350671870969,176.8672560847707,pobre,0,0,625.0,740.0,1.0,38.0,16,261,1571,6,0.0
97,1.0,0.0,0.0,1.0,4.0,8,149.6350671870969,176.8672560847707,pobre,0,0,625.0,740.0,1.0,38.0,13,261,1572,4,1.0
98,1.0,0.0,0.0,1.0,5.0,8,149.6350671870969,176.8672560847707,pobre,0,0,625.0,740.0,1.0,38.0,14,261,1572,4,1.0
97,0.0,0.0,0.0,1.0,2.0,8,149.6350671870969,176.8672560847707,pobre,0,0,625.0,740.0,1.0,38.0,10,261,1573,2,1.0
98,0.0,0.0,0.0,1.0,3.0,8,149.6350671870969,176.8672560847707,pobre,0,0,625.0,740.0,1.0,38.0,11,261,1573,2,1.0
97,0.0,0.0,0.0,1.0,1.0,8,149.6350671870969,176.8672560847707,pobre,0,0,625.0,740.0,1.0,38.0,7,261,1574,1,1.0
98,0.0,0.0,0.0,1.0,2.0,8,149.6350671870969,176.8672560847707,pobre,0,0,625.0,740.0,1.0,38.0,8,261,1574,1,1.0
97,0.0,0.0,0.0,1.0,6.0,4,149.6350671870969,176.8672560847707,pobre,0,0,625.0,843.0,1.0,58.0,12,261,1575,6,1.0
98,0.0,0.0,0.0,1.0,7.0,4,149.6350671870969,176.8672560847707,pobre,0,0,625.0,843.0,1.0,58.0,13,261,1575,6,1.0
97,1.0,0.0,0.0,1.0,5.0,3,149.6350671870969,176.8672560847707,pobre,0,6,625.0,753.0,1.0,29.0,10,261,1576,5,1.0
98,1.0,0.0,0.0,1.0,6.0,3,149.6350671870969,176.8672560847707,pobre,0,6,625.0,753.0,1.0,29.0,11,261,1576,5,1.0
97,0.0,0.0,0.0,1.0,1.0,4,149.6350671870969,176.8672560847707,pobre,0,2,625.0,736.0,1.0,66.0,7,261,1577,1,1.0
98,0.0,0.0,0.0,1.0,2.0,4,149.6350671870969,176.8672560847707,pobre,0,2,625.0,736.0,1.0,66.0,8,261,1577,1,1.0
97,0.0,0.0,0.0,1.0,6.0,4,149.6350671870969,176.8672560847707,no pobre,0,2,200.0,1195.0,1.0,48.0,14,261,1578,6,1.0
98,0.0,0.0,0.0,1.0,7.0,4,149.6350671870969,176.8672560847707,no pobre,0,2,200.0,1195.0,1.0,48.0,15,261,1578,6,1.0
97,1.0,0.0,0.0,0.0,9.0,9,149.6350671870969,176.8672560847707,pobre,0,4,41.666668,720.0,1.0,38.0,16,261,1579,9,0.0
98,1.0,0.0,0.0,,,9,149.6350671870969,176.8672560847707,pobre,0,4,41.666668,720.0,1.0,38.0,17,261,1579,9,0.0
97,0.0,0.0,0.0,0.0,6.0,9,149.6350671870969,176.8672560847707,pobre,0,4,41.666668,720.0,1.0,38.0,13,261,1580,6,0.0
98,0.0,0.0,0.0,0.0,6.0,9,149.6350671870969,176.8672560847707,pobre,0,4,41.666668,720.0,1.0,38.0,14,261,1580,6,0.0
97,0.0,0.0,0.0,1.0,6.0,9,149.6350671870969,176.8672560847707,pobre,0,4,41.666668,720.0,1.0,38.0,12,261,1581,6,1.0
98,0.0,0.0,0.0,1.0,7.0,9,149.6350671870969,176.8672560847707,pobre,0,4,41.666668,720.0,1.0,38.0,13,261,1581,6,1.0
97,1.0,0.0,0.0,1.0,3.0,9,149.6350671870969,176.8672560847707,pobre,0,4,41.666668,720.0,1.0,38.0,10,261,1582,3,1.0
98,1.0,0.0,0.0,1.0,4.0,9,149.6350671870969,176.8672560847707,pobre,0,4,41.666668,720.0,1.0,38.0,11,261,1582,3,1.0
97,0.0,0.0,0.0,1.0,7.0,6,149.6350671870969,176.8672560847707,pobre,0,6,1000.0,757.0,1.0,38.0,13,261,1583,7,1.0
98,0.0,0.0,0.0,1.0,8.0,6,149.6350671870969,176.8672560847707,pobre,0,6,1000.0,757.0,1.0,38.0,14,261,1583,7,1.0
97,1.0,0.0,0.0,1.0,4.0,6,149.6350671870969,176.8672560847707,pobre,0,6,1000.0,757.0,1.0,38.0,10,261,1584,4,1.0
98,1.0,0.0,0.0,1.0,5.0,6,149.6350671870969,176.8672560847707,pobre,0,6,1000.0,757.0,1.0,38.0,11,261,1584,4,1.0
97,1.0,0.0,0.0,1.0,10.0,7,149.6350671870969,176.8672560847707,pobre,0,6,625.0,604.0,1.0,37.0,14,261,1585,10,1.0
98,1.0,0.0,0.0,,,7,149.6350671870969,176.8672560847707,pobre,0,6,625.0,604.0,1.0,37.0,15,261,1585,10,1.0
97,1.0,0.0,0.0,1.0,7.0,7,149.6350671870969,176.8672560847707,pobre,0,6,625.0,604.0,1.0,37.0,13,261,1586,7,1.0
98,1.0,0.0,0.0,1.0,8.0,7,149.6350671870969,176.8672560847707,pobre,0,6,625.0,604.0,1.0,37.0,14,261,1586,7,1.0
97,0.0,0.0,0.0,1.0,3.0,7,149.6350671870969,176.8672560847707,pobre,0,6,625.0,604.0,1.0,37.0,9,261,1587,3,1.0
98,0.0,0.0,0.0,1.0,4.0,7,149.6350671870969,176.8672560847707,pobre,0,6,625.0,604.0,1.0,37.0,10,261,1587,3,1.0
97,0.0,0.0,0.0,1.0,7.0,7,149.6350671870969,176.8672560847707,pobre,0,3,625.0,567.0,1.0,34.0,14,261,1588,7,1.0
98,0.0,0.0,0.0,1.0,8.0,7,149.6350671870969,176.8672560847707,pobre,0,3,625.0,567.0,1.0,34.0,15,261,1588,7,1.0
97,1.0,0.0,0.0,1.0,3.0,7,149.6350671870969,176.8672560847707,pobre,0,3,625.0,567.0,1.0,34.0,12,261,1589,3,1.0
98,1.0,0.0,0.0,1.0,4.0,7,149.6350671870969,176.8672560847707,pobre,0,3,625.0,567.0,1.0,34.0,13,261,1589,3,1.0
97,1.0,0.0,0.0,1.0,0.0,7,149.6350671870969,176.8672560847707,pobre,0,3,625.0,567.0,1.0,34.0,7,261,1590,0,1.0
98,1.0,0.0,0.0,1.0,1.0,7,149.6350671870969,176.8672560847707,pobre,0,3,625.0,567.0,1.0,34.0,8,261,1590,0,1.0
97,0.0,0.0,0.0,1.0,8.0,4,149.6350671870969,176.8672560847707,pobre,0,2,200.0,866.0,1.0,60.0,15,261,1591,8,1.0
98,0.0,0.0,0.0,,,4,149.6350671870969,176.8672560847707,pobre,0,2,200.0,866.0,1.0,60.0,16,261,1591,8,1.0
97,0.0,0.0,0.0,0.0,6.0,10,149.6350671870969,176.8672560847707,pobre,0,3,0.0,726.33002,1.0,47.0,16,261,1592,6,0.0
98,0.0,0.0,0.0,,,10,149.6350671870969,176.8672560847707,pobre,0,3,0.0,726.33002,1.0,47.0,17,261,1592,6,0.0
97,0.0,0.0,0.0,1.0,6.0,10,149.6350671870969,176.8672560847707,pobre,0,3,0.0,726.33002,1.0,47.0,14,261,1593,6,1.0
98,0.0,0.0,0.0,1.0,7.0,10,149.6350671870969,176.8672560847707,pobre,0,3,0.0,726.33002,1.0,47.0,15,261,1593,6,1.0
97,1.0,0.0,0.0,1.0,4.0,10,149.6350671870969,176.8672560847707,pobre,0,3,0.0,726.33002,1.0,47.0,11,261,1594,4,1.0
98,1.0,0.0,0.0,1.0,5.0,10,149.6350671870969,176.8672560847707,pobre,0,3,0.0,726.33002,1.0,47.0,12,261,1594,4,1.0
97,0.0,0.0,0.0,1.0,2.0,10,149.6350671870969,176.8672560847707,pobre,0,3,0.0,726.33002,1.0,47.0,8,261,1595,2,1.0
98,0.0,0.0,0.0,1.0,3.0,10,149.6350671870969,176.8672560847707,pobre,0,3,0.0,726.33002,1.0,47.0,9,261,1595,2,1.0
97,1.0,0.0,0.0,0.0,9.0,7,149.6350671870969,176.8672560847707,pobre,0,3,200.0,855.33002,1.0,60.0,14,261,1596,9,0.0
98,1.0,0.0,0.0,0.0,9.0,7,149.6350671870969,176.8672560847707,pobre,0,3,200.0,855.33002,1.0,60.0,15,261,1596,9,0.0
97,0.0,0.0,0.0,1.0,7.0,7,149.6350671870969,176.8672560847707,pobre,0,3,200.0,855.33002,1.0,60.0,13,261,1597,7,1.0
98,0.0,0.0,0.0,1.0,8.0,7,149.6350671870969,176.8672560847707,pobre,0,3,200.0,855.33002,1.0,60.0,14,261,1597,7,1.0
97,0.0,0.0,0.0,1.0,3.0,7,149.6350671870969,176.8672560847707,pobre,0,3,200.0,855.33002,1.0,60.0,9,261,1598,3,1.0
98,0.0,0.0,0.0,1.0,4.0,7,149.6350671870969,176.8672560847707,pobre,0,3,200.0,855.33002,1.0,60.0,10,261,1598,3,1.0
97,1.0,0.0,0.0,1.0,3.0,7,149.6350671870969,176.8672560847707,pobre,0,3,200.0,855.33002,1.0,60.0,8,261,1599,3,1.0
98,1.0,0.0,0.0,1.0,4.0,7,149.6350671870969,176.8672560847707,pobre,0,3,200.0,855.33002,1.0,60.0,9,261,1599,3,1.0
97,1.0,0.0,0.0,1.0,2.0,7,149.6350671870969,176.8672560847707,pobre,0,3,200.0,855.33002,1.0,60.0,7,261,1600,2,1.0
98,1.0,0.0,0.0,,,7,149.6350671870969,176.8672560847707,pobre,0,3,200.0,855.33002,1.0,60.0,8,261,1600,2,1.0
97,1.0,0.0,0.0,1.0,9.0,6,149.6350671870969,176.8672560847707,no pobre,0,0,500.0,873.5,1.0,58.0,15,261,1601,9,1.0
98,1.0,0.0,0.0,1.0,10.0,6,149.6350671870969,176.8672560847707,no pobre,0,0,500.0,873.5,1.0,58.0,16,261,1601,9,1.0
97,1.0,0.0,0.0,1.0,8.0,6,149.6350671870969,176.8672560847707,no pobre,0,0,500.0,873.5,1.0,58.0,13,261,1602,8,1.0
98,1.0,0.0,0.0,0.0,8.0,6,149.6350671870969,176.8672560847707,no pobre,0,0,500.0,873.5,1.0,58.0,14,261,1602,8,1.0
97,0.0,0.0,0.0,1.0,7.0,6,149.6350671870969,176.8672560847707,no pobre,0,0,500.0,873.5,1.0,58.0,12,261,1603,7,1.0
98,0.0,0.0,0.0,1.0,7.0,6,149.6350671870969,176.8672560847707,no pobre,0,0,500.0,873.5,1.0,58.0,13,261,1603,7,1.0
97,0.0,0.0,0.0,1.0,5.0,5,149.6350671870969,176.8672560847707,no pobre,0,6,500.0,1003.5,1.0,43.0,11,261,1604,5,1.0
98,0.0,0.0,0.0,1.0,6.0,5,149.6350671870969,176.8672560847707,no pobre,0,6,500.0,1003.5,1.0,43.0,12,261,1604,5,1.0
97,1.0,1.0,0.0,0.0,6.0,4,149.6350671870969,176.8672560847707,pobre,0,0,100.0,732.0,1.0,56.0,16,261,1605,6,0.0
98,1.0,1.0,0.0,,,4,149.6350671870969,176.8672560847707,pobre,0,0,100.0,732.0,1.0,56.0,17,261,1605,6,0.0
97,0.0,0.0,0.0,,0.0,5,149.6350671870969,176.8672560847707,pobre,0,9,625.0,688.0,1.0,29.0,7,261,1606,0,
98,0.0,0.0,0.0,1.0,3.0,5,149.6350671870969,176.8672560847707,pobre,0,9,625.0,688.0,1.0,29.0,8,261,1606,0,
97,0.0,0.0,0.0,0.0,6.0,4,149.6350671870969,176.8672560847707,no pobre,0,1,83.333336,906.33002,1.0,64.0,14,261,1607,6,0.0
98,0.0,0.0,0.0,,,4,149.6350671870969,176.8672560847707,no pobre,0,1,83.333336,906.33002,1.0,64.0,15,261,1607,6,0.0
97,1.0,0.0,0.0,1.0,7.0,4,149.6350671870969,176.8672560847707,no pobre,0,1,83.333336,906.33002,1.0,64.0,13,261,1608,7,1.0
98,1.0,0.0,0.0,,,4,149.6350671870969,176.8672560847707,no pobre,0,1,83.333336,906.33002,1.0,64.0,14,261,1608,7,1.0
97,0.0,0.0,0.0,1.0,10.0,5,149.6350671870969,176.8672560847707,no pobre,0,6,83.333336,1072.67,1.0,47.0,15,261,1609,10,1.0
98,0.0,0.0,0.0,1.0,8.0,5,149.6350671870969,176.8672560847707,no pobre,0,6,83.333336,1072.67,1.0,47.0,16,261,1609,10,1.0
97,1.0,0.0,0.0,1.0,7.0,9,149.6350671870969,176.8672560847707,no pobre,0,8,300.0,1017.0,1.0,42.0,14,261,1610,7,1.0
98,1.0,0.0,0.0,1.0,8.0,9,149.6350671870969,176.8672560847707,no pobre,0,8,300.0,1017.0,1.0,42.0,15,261,1610,7,1.0
97,1.0,0.0,0.0,1.0,6.0,9,149.6350671870969,176.8672560847707,no pobre,0,8,300.0,1017.0,1.0,42.0,12,261,1611,6,1.0
98,1.0,0.0,0.0,1.0,7.0,9,149.6350671870969,176.8672560847707,no pobre,0,8,300.0,1017.0,1.0,42.0,13,261,1611,6,1.0
97,1.0,0.0,0.0,1.0,4.0,9,149.6350671870969,176.8672560847707,no pobre,0,8,300.0,1017.0,1.0,42.0,10,261,1612,4,1.0
98,1.0,0.0,0.0,1.0,5.0,9,149.6350671870969,176.8672560847707,no pobre,0,8,300.0,1017.0,1.0,42.0,11,261,1612,4,1.0
97,0.0,0.0,0.0,1.0,3.0,9,149.6350671870969,176.8672560847707,no pobre,0,8,300.0,1017.0,1.0,42.0,9,261,1613,3,1.0
98,0.0,0.0,0.0,1.0,4.0,9,149.6350671870969,176.8672560847707,no pobre,0,8,300.0,1017.0,1.0,42.0,10,261,1613,3,1.0
97,0.0,0.0,0.0,1.0,4.0,4,149.6350671870969,176.8672560847707,pobre,0,0,625.0,773.0,1.0,50.0,11,261,1614,4,1.0
98,0.0,0.0,0.0,1.0,5.0,4,149.6350671870969,176.8672560847707,pobre,0,0,625.0,773.0,1.0,50.0,12,261,1614,4,1.0
97,1.0,0.0,0.0,1.0,0.0,4,149.6350671870969,176.8672560847707,pobre,0,0,625.0,773.0,1.0,50.0,6,261,1615,0,1.0
98,1.0,0.0,0.0,,,4,149.6350671870969,176.8672560847707,pobre,0,0,625.0,773.0,1.0,50.0,7,261,1615,0,1.0
97,1.0,0.0,0.0,1.0,7.0,8,149.6350671870969,176.8672560847707,no pobre,0,9,625.0,850.0,1.0,24.0,15,261,1616,7,1.0
98,1.0,0.0,0.0,1.0,10.0,8,149.6350671870969,176.8672560847707,no pobre,0,9,625.0,850.0,1.0,24.0,16,261,1616,7,1.0
97,1.0,0.0,0.0,1.0,7.0,8,149.6350671870969,176.8672560847707,no pobre,0,9,625.0,850.0,1.0,24.0,12,261,1617,7,1.0
98,1.0,0.0,0.0,1.0,8.0,8,149.6350671870969,176.8672560847707,no pobre,0,9,625.0,850.0,1.0,24.0,13,261,1617,7,1.0
97,0.0,0.0,0.0,1.0,4.0,8,149.6350671870969,176.8672560847707,no pobre,0,9,625.0,850.0,1.0,24.0,10,261,1618,4,1.0
98,0.0,0.0,0.0,1.0,5.0,8,149.6350671870969,176.8672560847707,no pobre,0,9,625.0,850.0,1.0,24.0,11,261,1618,4,1.0
97,1.0,0.0,0.0,1.0,4.0,8,149.6350671870969,176.8672560847707,pobre,0,0,600.0,535.0,1.0,44.0,10,261,1619,4,1.0
98,1.0,0.0,0.0,1.0,5.0,8,149.6350671870969,176.8672560847707,pobre,0,0,600.0,535.0,1.0,44.0,11,261,1619,4,1.0
97,0.0,0.0,0.0,1.0,2.0,8,149.6350671870969,176.8672560847707,pobre,0,0,600.0,535.0,1.0,44.0,8,261,1620,2,1.0
98,0.0,0.0,0.0,1.0,1.0,8,149.6350671870969,176.8672560847707,pobre,0,0,600.0,535.0,1.0,44.0,9,261,1620,2,1.0
97,0.0,0.0,0.0,1.0,8.0,7,149.6350671870969,176.8672560847707,no pobre,0,2,666.66669,988.33002,1.0,54.0,14,261,1621,8,1.0
98,0.0,0.0,0.0,,,7,149.6350671870969,176.8672560847707,no pobre,0,2,666.66669,988.33002,1.0,54.0,15,261,1621,8,1.0
97,0.0,0.0,0.0,1.0,5.0,7,149.6350671870969,176.8672560847707,no pobre,0,2,666.66669,988.33002,1.0,54.0,11,261,1622,5,1.0
98,0.0,0.0,0.0,1.0,6.0,7,149.6350671870969,176.8672560847707,no pobre,0,2,666.66669,988.33002,1.0,54.0,12,261,1622,5,1.0
97,1.0,0.0,0.0,1.0,2.0,7,149.6350671870969,176.8672560847707,no pobre,0,2,666.66669,988.33002,1.0,54.0,10,261,1623,2,1.0
98,1.0,0.0,0.0,1.0,3.0,7,149.6350671870969,176.8672560847707,no pobre,0,2,666.66669,988.33002,1.0,54.0,11,261,1623,2,1.0
97,1.0,0.0,0.0,1.0,1.0,7,149.6350671870969,176.8672560847707,no pobre,0,2,666.66669,988.33002,1.0,54.0,7,261,1624,1,1.0
98,1.0,0.0,0.0,1.0,2.0,7,149.6350671870969,176.8672560847707,no pobre,0,2,666.66669,988.33002,1.0,54.0,8,261,1624,1,1.0
97,0.0,0.0,0.0,0.0,5.0,3,149.6350671870969,176.8672560847707,pobre,0,9,625.0,768.0,1.0,24.0,16,261,1625,5,0.0
98,0.0,0.0,0.0,,,3,149.6350671870969,176.8672560847707,pobre,0,9,625.0,768.0,1.0,24.0,17,261,1625,5,0.0
97,0.0,0.0,0.0,0.0,7.0,3,149.6350671870969,176.8672560847707,no pobre,0,3,625.0,1028.0,1.0,59.0,14,261,1626,7,0.0
98,0.0,0.0,0.0,0.0,7.0,3,149.6350671870969,176.8672560847707,no pobre,0,3,625.0,1028.0,1.0,59.0,15,261,1626,7,0.0
97,1.0,0.0,0.0,0.0,4.0,8,149.6350671870969,176.8672560847707,pobre,0,0,625.0,616.66998,1.0,44.0,15,261,1627,4,0.0
98,1.0,0.0,0.0,0.0,4.0,8,149.6350671870969,176.8672560847707,pobre,0,0,625.0,616.66998,1.0,44.0,16,261,1627,4,0.0
97,1.0,0.0,0.0,0.0,3.0,8,149.6350671870969,176.8672560847707,pobre,0,0,625.0,616.66998,1.0,44.0,14,261,1628,3,0.0
98,1.0,0.0,0.0,0.0,3.0,8,149.6350671870969,176.8672560847707,pobre,0,0,625.0,616.66998,1.0,44.0,15,261,1628,3,0.0
97,1.0,0.0,0.0,1.0,4.0,8,149.6350671870969,176.8672560847707,pobre,0,0,625.0,616.66998,1.0,44.0,10,261,1629,4,1.0
98,1.0,0.0,0.0,1.0,5.0,8,149.6350671870969,176.8672560847707,pobre,0,0,625.0,616.66998,1.0,44.0,11,261,1629,4,1.0
97,1.0,0.0,0.0,1.0,3.0,8,149.6350671870969,176.8672560847707,pobre,0,0,625.0,616.66998,1.0,44.0,9,261,1630,3,1.0
98,1.0,0.0,0.0,1.0,4.0,8,149.6350671870969,176.8672560847707,pobre,0,0,625.0,616.66998,1.0,44.0,10,261,1630,3,1.0
97,1.0,0.0,0.0,1.0,1.0,8,149.6350671870969,176.8672560847707,pobre,0,0,625.0,616.66998,1.0,44.0,7,261,1631,1,1.0
98,1.0,0.0,0.0,1.0,2.0,8,149.6350671870969,176.8672560847707,pobre,0,0,625.0,616.66998,1.0,44.0,8,261,1631,1,1.0
97,1.0,0.0,0.0,1.0,0.0,8,149.6350671870969,176.8672560847707,pobre,0,0,625.0,616.66998,1.0,44.0,6,261,1632,0,1.0
98,1.0,0.0,0.0,1.0,0.0,8,149.6350671870969,176.8672560847707,pobre,0,0,625.0,616.66998,1.0,44.0,7,261,1632,0,1.0
97,1.0,0.0,0.0,1.0,5.0,5,149.6350671870969,176.8672560847707,no pobre,0,0,66.666664,900.0,1.0,33.0,12,261,1633,5,1.0
98,1.0,0.0,0.0,1.0,6.0,5,149.6350671870969,176.8672560847707,no pobre,0,0,66.666664,900.0,1.0,33.0,13,261,1633,5,1.0
97,0.0,0.0,0.0,1.0,1.0,5,149.6350671870969,176.8672560847707,no pobre,0,0,66.666664,900.0,1.0,33.0,6,261,1634,1,1.0
98,0.0,0.0,0.0,1.0,2.0,5,149.6350671870969,176.8672560847707,no pobre,0,0,66.666664,900.0,1.0,33.0,7,261,1634,1,1.0
97,0.0,0.0,0.0,1.0,6.0,7,149.6350671870969,176.8672560847707,pobre,0,0,300.0,877.5,1.0,48.0,14,261,1635,6,1.0
98,0.0,0.0,0.0,1.0,7.0,7,149.6350671870969,176.8672560847707,pobre,0,0,300.0,877.5,1.0,48.0,15,261,1635,6,1.0
97,0.0,0.0,0.0,1.0,3.0,7,149.6350671870969,176.8672560847707,pobre,0,0,300.0,877.5,1.0,48.0,10,261,1636,3,1.0
98,0.0,0.0,0.0,1.0,3.0,7,149.6350671870969,176.8672560847707,pobre,0,0,300.0,877.5,1.0,48.0,11,261,1636,3,1.0
97,0.0,0.0,0.0,1.0,4.0,3,149.6350671870969,176.8672560847707,no pobre,0,1,1000.0,819.0,1.0,39.0,10,261,1637,4,1.0
98,0.0,0.0,0.0,1.0,5.0,3,149.6350671870969,176.8672560847707,no pobre,0,1,1000.0,819.0,1.0,39.0,11,261,1637,4,1.0
97,1.0,0.0,0.0,1.0,7.0,8,149.6350671870969,176.8672560847707,pobre,0,0,625.0,593.0,1.0,44.0,16,261,1638,7,1.0
98,1.0,0.0,0.0,,,8,149.6350671870969,176.8672560847707,pobre,0,0,625.0,593.0,1.0,44.0,17,261,1638,7,1.0
97,1.0,0.0,0.0,1.0,8.0,8,149.6350671870969,176.8672560847707,pobre,0,0,625.0,593.0,1.0,44.0,14,261,1639,8,1.0
98,1.0,0.0,0.0,0.0,9.0,8,149.6350671870969,176.8672560847707,pobre,0,0,625.0,593.0,1.0,44.0,15,261,1639,8,1.0
97,0.0,0.0,0.0,1.0,5.0,8,149.6350671870969,176.8672560847707,pobre,0,0,625.0,593.0,1.0,44.0,12,261,1640,5,1.0
98,0.0,0.0,0.0,1.0,6.0,8,149.6350671870969,176.8672560847707,pobre,0,0,625.0,593.0,1.0,44.0,13,261,1640,5,1.0
97,0.0,0.0,0.0,1.0,3.0,8,149.6350671870969,176.8672560847707,pobre,0,0,625.0,593.0,1.0,44.0,10,261,1641,3,1.0
98,0.0,0.0,0.0,1.0,4.0,8,149.6350671870969,176.8672560847707,pobre,0,0,625.0,593.0,1.0,44.0,11,261,1641,3,1.0
97,1.0,0.0,0.0,1.0,1.0,8,149.6350671870969,176.8672560847707,pobre,0,0,625.0,593.0,1.0,44.0,7,261,1642,1,1.0
98,1.0,0.0,0.0,1.0,2.0,8,149.6350671870969,176.8672560847707,pobre,0,0,625.0,593.0,1.0,44.0,8,261,1642,1,1.0
97,1.0,0.0,0.0,1.0,1.0,8,149.6350671870969,176.8672560847707,pobre,0,2,83.333336,764.66998,1.0,61.0,7,261,1643,1,1.0
98,1.0,0.0,0.0,1.0,2.0,8,149.6350671870969,176.8672560847707,pobre,0,2,83.333336,764.66998,1.0,61.0,8,261,1643,1,1.0
97,1.0,0.0,0.0,0.0,6.0,6,149.6350671870969,176.8672560847707,pobre,0,1,83.333336,641.0,1.0,60.0,14,261,1644,6,0.0
98,1.0,0.0,0.0,0.0,6.0,6,149.6350671870969,176.8672560847707,pobre,0,1,83.333336,641.0,1.0,60.0,15,261,1644,6,0.0
97,1.0,0.0,0.0,0.0,6.0,6,149.6350671870969,176.8672560847707,pobre,0,1,83.333336,641.0,1.0,60.0,12,261,1645,6,0.0
98,1.0,0.0,0.0,0.0,6.0,6,149.6350671870969,176.8672560847707,pobre,0,1,83.333336,641.0,1.0,60.0,13,261,1645,6,0.0
97,1.0,0.0,0.0,1.0,4.0,6,149.6350671870969,176.8672560847707,pobre,0,1,83.333336,641.0,1.0,60.0,10,261,1646,4,1.0
98,1.0,0.0,0.0,1.0,4.0,6,149.6350671870969,176.8672560847707,pobre,0,1,83.333336,641.0,1.0,60.0,11,261,1646,4,1.0
97,0.0,0.0,0.0,1.0,8.0,8,149.6350671870969,176.8672560847707,pobre,0,3,83.333336,613.0,1.0,42.0,14,261,1647,8,1.0
98,0.0,0.0,0.0,1.0,9.0,8,149.6350671870969,176.8672560847707,pobre,0,3,83.333336,613.0,1.0,42.0,15,261,1647,8,1.0
97,1.0,0.0,0.0,1.0,6.0,8,149.6350671870969,176.8672560847707,pobre,0,3,83.333336,613.0,1.0,42.0,12,261,1648,6,1.0
98,1.0,0.0,0.0,1.0,7.0,8,149.6350671870969,176.8672560847707,pobre,0,3,83.333336,613.0,1.0,42.0,13,261,1648,6,1.0
97,1.0,0.0,0.0,1.0,3.0,8,149.6350671870969,176.8672560847707,pobre,0,3,83.333336,613.0,1.0,42.0,10,261,1649,3,1.0
98,1.0,0.0,0.0,1.0,4.0,8,149.6350671870969,176.8672560847707,pobre,0,3,83.333336,613.0,1.0,42.0,11,261,1649,3,1.0
97,1.0,0.0,0.0,1.0,2.0,8,149.6350671870969,176.8672560847707,pobre,0,3,83.333336,613.0,1.0,42.0,8,261,1650,2,1.0
98,1.0,0.0,0.0,1.0,3.0,8,149.6350671870969,176.8672560847707,pobre,0,3,83.333336,613.0,1.0,42.0,9,261,1650,2,1.0
97,0.0,0.0,0.0,1.0,8.0,10,149.6350671870969,176.8672560847707,pobre,0,2,66.666664,785.5,1.0,36.0,14,261,1651,8,1.0
98,0.0,0.0,0.0,1.0,9.0,10,149.6350671870969,176.8672560847707,pobre,0,2,66.666664,785.5,1.0,36.0,15,261,1651,8,1.0
97,1.0,0.0,0.0,1.0,4.0,10,149.6350671870969,176.8672560847707,pobre,0,2,66.666664,785.5,1.0,36.0,10,261,1652,4,1.0
98,1.0,0.0,0.0,1.0,5.0,10,149.6350671870969,176.8672560847707,pobre,0,2,66.666664,785.5,1.0,36.0,11,261,1652,4,1.0
97,0.0,0.0,0.0,1.0,0.0,10,149.6350671870969,176.8672560847707,pobre,0,2,66.666664,785.5,1.0,36.0,7,261,1653,0,1.0
98,0.0,0.0,0.0,1.0,1.0,10,149.6350671870969,176.8672560847707,pobre,0,2,66.666664,785.5,1.0,36.0,8,261,1653,0,1.0
97,0.0,0.0,0.0,1.0,8.0,8,149.6350671870969,176.8672560847707,pobre,0,4,50.0,753.0,1.0,41.0,15,261,1654,8,1.0
98,0.0,0.0,0.0,,,8,149.6350671870969,176.8672560847707,pobre,0,4,50.0,753.0,1.0,41.0,16,261,1654,8,1.0
97,0.0,0.0,0.0,1.0,7.0,8,149.6350671870969,176.8672560847707,pobre,0,4,50.0,753.0,1.0,41.0,13,261,1655,7,1.0
98,0.0,0.0,0.0,1.0,8.0,8,149.6350671870969,176.8672560847707,pobre,0,4,50.0,753.0,1.0,41.0,14,261,1655,7,1.0
97,1.0,0.0,0.0,1.0,3.0,8,149.6350671870969,176.8672560847707,pobre,0,4,50.0,753.0,1.0,41.0,8,261,1656,3,1.0
98,1.0,0.0,0.0,1.0,4.0,8,149.6350671870969,176.8672560847707,pobre,0,4,50.0,753.0,1.0,41.0,9,261,1656,3,1.0
97,0.0,0.0,0.0,1.0,1.0,8,149.6350671870969,176.8672560847707,pobre,0,4,50.0,753.0,1.0,41.0,6,261,1657,1,1.0
98,0.0,0.0,0.0,1.0,2.0,8,149.6350671870969,176.8672560847707,pobre,0,4,50.0,753.0,1.0,41.0,7,261,1657,1,1.0
97,0.0,0.0,0.0,1.0,1.0,2,149.6350671870969,176.8672560847707,pobre,0,0,450.0,767.0,0.0,61.0,7,261,1658,1,1.0
98,0.0,0.0,0.0,1.0,2.0,2,149.6350671870969,176.8672560847707,pobre,0,0,450.0,767.0,0.0,61.0,8,261,1658,1,1.0
97,0.0,0.0,2.8239999,0.0,4.0,5,97.42757885108531,123.910937230601,pobre,basal,2,500.0,642.0,1.0,43.0,15,243,1659,4,0.0
98,0.0,0.0,2.8239999,,,5,97.42757885108531,123.910937230601,pobre,basal,2,500.0,642.0,1.0,43.0,16,243,1659,4,0.0
97,0.0,0.0,2.8239999,1.0,3.0,5,97.42757885108531,123.910937230601,pobre,basal,2,500.0,642.0,1.0,43.0,11,243,1660,3,1.0
98,0.0,0.0,2.8239999,1.0,4.0,5,97.42757885108531,123.910937230601,pobre,basal,2,500.0,642.0,1.0,43.0,12,243,1660,3,1.0
97,0.0,1.0,2.8239999,0.0,3.0,8,97.42757885108531,123.910937230601,pobre,basal,1,625.0,682.0,1.0,40.0,14,243,1661,3,0.0
98,0.0,1.0,2.8239999,0.0,5.0,8,97.42757885108531,123.910937230601,pobre,basal,1,625.0,682.0,1.0,40.0,15,243,1661,3,0.0
97,0.0,0.0,2.8239999,0.0,1.0,8,97.42757885108531,123.910937230601,pobre,basal,1,625.0,682.0,1.0,40.0,16,243,1662,1,0.0
98,0.0,0.0,2.8239999,,,8,97.42757885108531,123.910937230601,pobre,basal,1,625.0,682.0,1.0,40.0,17,243,1662,1,0.0
97,1.0,1.0,2.8239999,,0.0,5,97.42757885108531,123.910937230601,pobre,basal,0,750.0,621.5,1.0,33.0,6,243,1663,0,
98,1.0,1.0,2.8239999,,,5,97.42757885108531,123.910937230601,pobre,basal,0,750.0,621.5,1.0,33.0,7,243,1663,0,
97,0.0,1.0,2.8239999,0.0,5.0,5,97.42757885108531,123.910937230601,pobre,basal,0,750.0,621.5,1.0,33.0,12,243,1664,5,0.0
98,0.0,1.0,2.8239999,,,5,97.42757885108531,123.910937230601,pobre,basal,0,750.0,621.5,1.0,33.0,13,243,1664,5,0.0
97,1.0,1.0,2.8239999,0.0,4.0,7,97.42757885108531,123.910937230601,pobre,basal,0,625.0,790.33002,1.0,35.0,14,243,1665,4,0.0
98,1.0,1.0,2.8239999,0.0,4.0,7,97.42757885108531,123.910937230601,pobre,basal,0,625.0,790.33002,1.0,35.0,15,243,1665,4,0.0
97,0.0,1.0,2.8239999,0.0,3.0,7,97.42757885108531,123.910937230601,pobre,basal,0,625.0,790.33002,1.0,35.0,13,243,1666,3,0.0
98,0.0,1.0,2.8239999,0.0,3.0,7,97.42757885108531,123.910937230601,pobre,basal,0,625.0,790.33002,1.0,35.0,14,243,1666,3,0.0
97,1.0,1.0,2.8239999,1.0,0.0,7,97.42757885108531,123.910937230601,pobre,basal,0,625.0,790.33002,1.0,35.0,8,243,1667,0,1.0
98,1.0,1.0,2.8239999,0.0,2.0,7,97.42757885108531,123.910937230601,pobre,basal,0,625.0,790.33002,1.0,35.0,9,243,1667,0,1.0
97,1.0,0.0,2.8239999,0.0,3.0,7,97.42757885108531,123.910937230601,pobre,basal,1,0.0,503.0,1.0,34.0,15,243,1668,3,0.0
98,1.0,0.0,2.8239999,,,7,97.42757885108531,123.910937230601,pobre,basal,1,0.0,503.0,1.0,34.0,16,243,1668,3,0.0
97,1.0,0.0,2.8239999,1.0,2.0,7,97.42757885108531,123.910937230601,pobre,basal,1,0.0,503.0,1.0,34.0,10,243,1669,2,1.0
98,1.0,0.0,2.8239999,1.0,4.0,7,97.42757885108531,123.910937230601,pobre,basal,1,0.0,503.0,1.0,34.0,11,243,1669,2,1.0
97,1.0,0.0,2.8239999,1.0,1.0,7,97.42757885108531,123.910937230601,pobre,basal,1,0.0,503.0,1.0,34.0,8,243,1670,1,1.0
98,1.0,0.0,2.8239999,1.0,3.0,7,97.42757885108531,123.910937230601,pobre,basal,1,0.0,503.0,1.0,34.0,9,243,1670,1,1.0
97,1.0,0.0,2.8239999,1.0,0.0,7,97.42757885108531,123.910937230601,pobre,basal,1,0.0,503.0,1.0,34.0,6,243,1671,0,1.0
98,1.0,0.0,2.8239999,1.0,0.0,7,97.42757885108531,123.910937230601,pobre,basal,1,0.0,503.0,1.0,34.0,7,243,1671,0,1.0
97,1.0,0.0,0.0,1.0,2.0,6,149.6350671870969,176.8672560847707,pobre,0,0,625.0,591.0,1.0,30.0,8,261,1672,2,1.0
98,1.0,0.0,0.0,1.0,3.0,6,149.6350671870969,176.8672560847707,pobre,0,0,625.0,591.0,1.0,30.0,9,261,1672,2,1.0
97,0.0,0.0,0.0,,0.0,6,149.6350671870969,176.8672560847707,pobre,0,0,625.0,591.0,1.0,30.0,6,261,1673,0,
98,0.0,0.0,0.0,1.0,1.0,6,149.6350671870969,176.8672560847707,pobre,0,0,625.0,591.0,1.0,30.0,7,261,1673,0,
97,1.0,0.0,0.0,1.0,7.0,6,149.6350671870969,176.8672560847707,pobre,0,1,125.0,662.0,1.0,44.0,14,261,1674,7,1.0
98,1.0,0.0,0.0,1.0,8.0,6,149.6350671870969,176.8672560847707,pobre,0,1,125.0,662.0,1.0,44.0,15,261,1674,7,1.0
97,1.0,0.0,0.0,1.0,4.0,6,149.6350671870969,176.8672560847707,pobre,0,1,125.0,662.0,1.0,44.0,12,261,1675,4,1.0
98,1.0,0.0,0.0,1.0,5.0,6,149.6350671870969,176.8672560847707,pobre,0,1,125.0,662.0,1.0,44.0,13,261,1675,4,1.0
97,1.0,0.0,0.0,1.0,5.0,6,149.6350671870969,176.8672560847707,pobre,0,1,125.0,662.0,1.0,44.0,11,261,1676,5,1.0
98,1.0,0.0,0.0,1.0,6.0,6,149.6350671870969,176.8672560847707,pobre,0,1,125.0,662.0,1.0,44.0,12,261,1676,5,1.0
97,1.0,0.0,0.0,1.0,9.0,6,149.6350671870969,176.8672560847707,no pobre,0,0,400.0,882.0,1.0,54.0,16,261,1677,9,1.0
98,1.0,0.0,0.0,,,6,149.6350671870969,176.8672560847707,no pobre,0,0,400.0,882.0,1.0,54.0,17,261,1677,9,1.0
97,0.0,0.0,0.0,1.0,7.0,6,149.6350671870969,176.8672560847707,no pobre,0,0,400.0,882.0,1.0,54.0,12,261,1678,7,1.0
98,0.0,0.0,0.0,1.0,8.0,6,149.6350671870969,176.8672560847707,no pobre,0,0,400.0,882.0,1.0,54.0,13,261,1678,7,1.0
97,1.0,0.0,0.0,1.0,4.0,6,149.6350671870969,176.8672560847707,no pobre,0,0,400.0,882.0,1.0,54.0,11,261,1679,4,1.0
98,1.0,0.0,0.0,1.0,5.0,6,149.6350671870969,176.8672560847707,no pobre,0,0,400.0,882.0,1.0,54.0,12,261,1679,4,1.0
97,0.0,0.0,0.0,1.0,1.0,3,149.6350671870969,176.8672560847707,pobre,0,3,625.0,721.0,1.0,29.0,7,261,1680,1,1.0
98,0.0,0.0,0.0,1.0,2.0,3,149.6350671870969,176.8672560847707,pobre,0,3,625.0,721.0,1.0,29.0,8,261,1680,1,1.0
97,1.0,0.0,0.0,1.0,5.0,6,149.6350671870969,176.8672560847707,pobre,0,0,500.0,764.0,1.0,45.0,14,261,1681,5,1.0
98,1.0,0.0,0.0,1.0,6.0,6,149.6350671870969,176.8672560847707,pobre,0,0,500.0,764.0,1.0,45.0,15,261,1681,5,1.0
97,0.0,0.0,0.0,1.0,4.0,6,149.6350671870969,176.8672560847707,pobre,0,0,500.0,764.0,1.0,45.0,10,261,1682,4,1.0
98,0.0,0.0,0.0,1.0,5.0,6,149.6350671870969,176.8672560847707,pobre,0,0,500.0,764.0,1.0,45.0,11,261,1682,4,1.0
97,0.0,0.0,0.0,1.0,0.0,4,149.6350671870969,176.8672560847707,pobre,0,9,625.0,750.0,1.0,27.0,6,261,1683,0,1.0
98,0.0,0.0,0.0,1.0,1.0,4,149.6350671870969,176.8672560847707,pobre,0,9,625.0,750.0,1.0,27.0,7,261,1683,0,1.0
97,0.0,0.0,0.0,1.0,5.0,10,149.6350671870969,176.8672560847707,pobre,0,0,0.0,716.5,1.0,70.0,15,261,1684,5,1.0
98,0.0,0.0,0.0,,,10,149.6350671870969,176.8672560847707,pobre,0,0,0.0,716.5,1.0,70.0,16,261,1684,5,1.0
97,1.0,0.0,0.0,1.0,5.0,10,149.6350671870969,176.8672560847707,pobre,0,0,0.0,716.5,1.0,70.0,13,261,1685,5,1.0
98,1.0,0.0,0.0,1.0,6.0,10,149.6350671870969,176.8672560847707,pobre,0,0,0.0,716.5,1.0,70.0,14,261,1685,5,1.0
97,1.0,0.0,0.0,1.0,5.0,10,149.6350671870969,176.8672560847707,pobre,0,0,0.0,716.5,1.0,70.0,11,261,1686,5,1.0
98,1.0,0.0,0.0,1.0,6.0,10,149.6350671870969,176.8672560847707,pobre,0,0,0.0,716.5,1.0,70.0,12,261,1686,5,1.0
97,1.0,0.0,0.0,,0.0,10,149.6350671870969,176.8672560847707,pobre,0,0,0.0,716.5,1.0,70.0,14,261,1687,0,
98,1.0,0.0,0.0,,,10,149.6350671870969,176.8672560847707,pobre,0,0,0.0,716.5,1.0,70.0,15,261,1687,0,
97,0.0,0.0,0.0,1.0,3.0,10,149.6350671870969,176.8672560847707,pobre,0,0,0.0,716.5,1.0,70.0,12,261,1688,3,1.0
98,0.0,0.0,0.0,1.0,4.0,10,149.6350671870969,176.8672560847707,pobre,0,0,0.0,716.5,1.0,70.0,13,261,1688,3,1.0
97,1.0,0.0,0.0,1.0,2.0,10,149.6350671870969,176.8672560847707,pobre,0,0,0.0,716.5,1.0,70.0,8,261,1689,2,1.0
98,1.0,0.0,0.0,1.0,3.0,10,149.6350671870969,176.8672560847707,pobre,0,0,0.0,716.5,1.0,70.0,9,261,1689,2,1.0
97,0.0,0.0,0.0,0.0,6.0,5,149.6350671870969,176.8672560847707,no pobre,0,9,480.0,808.66998,1.0,19.0,15,261,1690,6,0.0
98,0.0,0.0,0.0,0.0,6.0,5,149.6350671870969,176.8672560847707,no pobre,0,9,480.0,808.66998,1.0,19.0,16,261,1690,6,0.0
97,1.0,0.0,0.0,1.0,6.0,5,149.6350671870969,176.8672560847707,no pobre,0,9,480.0,808.66998,1.0,19.0,12,261,1691,6,1.0
98,1.0,0.0,0.0,1.0,7.0,5,149.6350671870969,176.8672560847707,no pobre,0,9,480.0,808.66998,1.0,19.0,13,261,1691,6,1.0
97,0.0,0.0,0.0,0.0,6.0,7,149.6350671870969,176.8672560847707,pobre,0,2,625.0,634.0,1.0,37.0,15,261,1692,6,0.0
98,0.0,0.0,0.0,0.0,6.0,7,149.6350671870969,176.8672560847707,pobre,0,2,625.0,634.0,1.0,37.0,16,261,1692,6,0.0
97,1.0,0.0,0.0,1.0,7.0,7,149.6350671870969,176.8672560847707,pobre,0,2,625.0,634.0,1.0,37.0,13,261,1693,7,1.0
98,1.0,0.0,0.0,1.0,8.0,7,149.6350671870969,176.8672560847707,pobre,0,2,625.0,634.0,1.0,37.0,14,261,1693,7,1.0
97,1.0,0.0,0.0,1.0,5.0,7,149.6350671870969,176.8672560847707,pobre,0,2,625.0,634.0,1.0,37.0,11,261,1694,5,1.0
98,1.0,0.0,0.0,1.0,6.0,7,149.6350671870969,176.8672560847707,pobre,0,2,625.0,634.0,1.0,37.0,12,261,1694,5,1.0
97,0.0,0.0,0.0,1.0,2.0,7,149.6350671870969,176.8672560847707,pobre,0,2,625.0,634.0,1.0,37.0,8,261,1695,2,1.0
98,0.0,0.0,0.0,1.0,3.0,7,149.6350671870969,176.8672560847707,pobre,0,2,625.0,634.0,1.0,37.0,9,261,1695,2,1.0
97,1.0,0.0,0.0,1.0,7.0,8,149.6350671870969,176.8672560847707,pobre,0,3,100.0,862.0,1.0,49.0,13,261,1696,7,1.0
98,1.0,0.0,0.0,1.0,8.0,8,149.6350671870969,176.8672560847707,pobre,0,3,100.0,862.0,1.0,49.0,14,261,1696,7,1.0
97,0.0,0.0,0.0,1.0,7.0,8,149.6350671870969,176.8672560847707,pobre,0,2,625.0,560.0,1.0,31.0,13,261,1697,7,1.0
98,0.0,0.0,0.0,1.0,8.0,8,149.6350671870969,176.8672560847707,pobre,0,2,625.0,560.0,1.0,31.0,14,261,1697,7,1.0
97,0.0,0.0,0.0,1.0,6.0,8,149.6350671870969,176.8672560847707,pobre,0,2,625.0,560.0,1.0,31.0,12,261,1698,6,1.0
98,0.0,0.0,0.0,1.0,7.0,8,149.6350671870969,176.8672560847707,pobre,0,2,625.0,560.0,1.0,31.0,13,261,1698,6,1.0
97,1.0,0.0,0.0,1.0,3.0,8,149.6350671870969,176.8672560847707,pobre,0,2,625.0,560.0,1.0,31.0,10,261,1699,3,1.0
98,1.0,0.0,0.0,1.0,3.0,8,149.6350671870969,176.8672560847707,pobre,0,2,625.0,560.0,1.0,31.0,11,261,1699,3,1.0
97,1.0,0.0,0.0,1.0,2.0,8,149.6350671870969,176.8672560847707,pobre,0,2,625.0,560.0,1.0,31.0,8,261,1700,2,1.0
98,1.0,0.0,0.0,1.0,3.0,8,149.6350671870969,176.8672560847707,pobre,0,2,625.0,560.0,1.0,31.0,9,261,1700,2,1.0
97,0.0,0.0,0.0,0.0,6.0,3,149.6350671870969,176.8672560847707,pobre,0,0,625.0,789.5,1.0,48.0,15,261,1701,6,0.0
98,0.0,0.0,0.0,0.0,6.0,3,149.6350671870969,176.8672560847707,pobre,0,0,625.0,789.5,1.0,48.0,16,261,1701,6,0.0
97,1.0,0.0,0.0,1.0,6.0,4,149.6350671870969,176.8672560847707,no pobre,0,12,3200.0,1007.0,1.0,38.0,11,261,1702,6,1.0
98,1.0,0.0,0.0,1.0,7.0,4,149.6350671870969,176.8672560847707,no pobre,0,12,3200.0,1007.0,1.0,38.0,12,261,1702,6,1.0
97,0.0,0.0,0.0,1.0,3.0,4,149.6350671870969,176.8672560847707,no pobre,0,12,3200.0,1007.0,1.0,38.0,9,261,1703,3,1.0
98,0.0,0.0,0.0,1.0,4.0,4,149.6350671870969,176.8672560847707,no pobre,0,12,3200.0,1007.0,1.0,38.0,10,261,1703,3,1.0
97,1.0,0.0,0.0,1.0,2.0,4,149.6350671870969,176.8672560847707,no pobre,0,5,625.0,777.0,1.0,28.0,8,261,1704,2,1.0
98,1.0,0.0,0.0,1.0,3.0,4,149.6350671870969,176.8672560847707,no pobre,0,5,625.0,777.0,1.0,28.0,9,261,1704,2,1.0
97,1.0,0.0,0.0,1.0,8.0,7,149.6350671870969,176.8672560847707,pobre,0,2,625.0,723.5,1.0,26.0,15,261,1705,8,1.0
98,1.0,0.0,0.0,1.0,9.0,7,149.6350671870969,176.8672560847707,pobre,0,2,625.0,723.5,1.0,26.0,16,261,1705,8,1.0
97,0.0,0.0,0.0,1.0,7.0,7,149.6350671870969,176.8672560847707,pobre,0,2,625.0,723.5,1.0,26.0,13,261,1706,7,1.0
98,0.0,0.0,0.0,1.0,8.0,7,149.6350671870969,176.8672560847707,pobre,0,2,625.0,723.5,1.0,26.0,14,261,1706,7,1.0
97,0.0,0.0,0.0,1.0,4.0,7,149.6350671870969,176.8672560847707,pobre,0,2,625.0,723.5,1.0,26.0,11,261,1707,4,1.0
98,0.0,0.0,0.0,1.0,5.0,7,149.6350671870969,176.8672560847707,pobre,0,2,625.0,723.5,1.0,26.0,12,261,1707,4,1.0
97,0.0,0.0,0.0,1.0,0.0,3,149.6350671870969,176.8672560847707,pobre,0,0,0.0,758.0,1.0,55.0,6,261,1708,0,1.0
98,0.0,0.0,0.0,1.0,1.0,3,149.6350671870969,176.8672560847707,pobre,0,0,0.0,758.0,1.0,55.0,7,261,1708,0,1.0
97,1.0,0.0,0.0,1.0,6.0,7,149.6350671870969,176.8672560847707,pobre,0,1,83.333336,634.0,1.0,30.0,13,261,1709,6,1.0
98,1.0,0.0,0.0,1.0,7.0,7,149.6350671870969,176.8672560847707,pobre,0,1,83.333336,634.0,1.0,30.0,14,261,1709,6,1.0
97,1.0,0.0,2.543,0.0,6.0,7,163.8382632356503,192.3609514114631,no pobre,basal,2,4500.0,804.33002,1.0,40.0,16,220,1710,6,0.0
98,1.0,0.0,2.543,,,7,163.8382632356503,192.3609514114631,no pobre,basal,2,4500.0,804.33002,1.0,40.0,17,220,1710,6,0.0
97,0.0,0.0,2.543,1.0,8.0,7,163.8382632356503,192.3609514114631,no pobre,basal,2,4500.0,804.33002,1.0,40.0,15,220,1711,8,1.0
98,0.0,0.0,2.543,1.0,9.0,7,163.8382632356503,192.3609514114631,no pobre,basal,2,4500.0,804.33002,1.0,40.0,16,220,1711,8,1.0
97,0.0,0.0,2.543,1.0,3.0,7,163.8382632356503,192.3609514114631,no pobre,basal,2,4500.0,804.33002,1.0,40.0,9,220,1712,3,1.0
98,0.0,0.0,2.543,1.0,4.0,7,163.8382632356503,192.3609514114631,no pobre,basal,2,4500.0,804.33002,1.0,40.0,10,220,1712,3,1.0
97,0.0,0.0,2.543,1.0,1.0,7,163.8382632356503,192.3609514114631,no pobre,basal,2,4500.0,804.33002,1.0,40.0,6,220,1713,1,1.0
98,0.0,0.0,2.543,1.0,1.0,7,163.8382632356503,192.3609514114631,no pobre,basal,2,4500.0,804.33002,1.0,40.0,7,220,1713,1,1.0
97,0.0,0.0,2.543,0.0,6.0,5,163.8382632356503,192.3609514114631,pobre,basal,1,0.0,839.5,1.0,47.0,15,220,1714,6,0.0
98,0.0,0.0,2.543,0.0,6.0,5,163.8382632356503,192.3609514114631,pobre,basal,1,0.0,839.5,1.0,47.0,16,220,1714,6,0.0
97,0.0,0.0,2.543,0.0,6.0,5,163.8382632356503,192.3609514114631,pobre,basal,1,0.0,839.5,1.0,47.0,13,220,1715,6,0.0
98,0.0,0.0,2.543,0.0,6.0,5,163.8382632356503,192.3609514114631,pobre,basal,1,0.0,839.5,1.0,47.0,14,220,1715,6,0.0
97,1.0,0.0,2.543,1.0,1.0,5,163.8382632356503,192.3609514114631,pobre,basal,1,0.0,839.5,1.0,47.0,8,220,1716,1,1.0
98,1.0,0.0,2.543,1.0,2.0,5,163.8382632356503,192.3609514114631,pobre,basal,1,0.0,839.5,1.0,47.0,9,220,1716,1,1.0
97,0.0,0.0,3.154,1.0,2.0,4,127.1147801129469,154.1960026420774,pobre,basal,6,625.0,816.0,1.0,25.0,7,271,1717,2,1.0
98,0.0,0.0,3.154,1.0,3.0,4,127.1147801129469,154.1960026420774,pobre,basal,6,625.0,816.0,1.0,25.0,8,271,1717,2,1.0
97,1.0,0.0,3.154,1.0,5.0,6,127.1147801129469,154.1960026420774,pobre,basal,0,750.0,556.0,1.0,37.0,13,271,1718,5,1.0
98,1.0,0.0,3.154,,,6,127.1147801129469,154.1960026420774,pobre,basal,0,750.0,556.0,1.0,37.0,14,271,1718,5,1.0
97,1.0,0.0,3.154,1.0,5.0,6,127.1147801129469,154.1960026420774,pobre,basal,0,750.0,556.0,1.0,37.0,13,271,1719,5,1.0
98,1.0,0.0,3.154,,,6,127.1147801129469,154.1960026420774,pobre,basal,0,750.0,556.0,1.0,37.0,14,271,1719,5,1.0
97,0.0,0.0,3.154,1.0,8.0,10,127.1147801129469,154.1960026420774,pobre,basal,3,625.0,644.0,1.0,39.0,16,271,1720,8,1.0
98,0.0,0.0,3.154,,,10,127.1147801129469,154.1960026420774,pobre,basal,3,625.0,644.0,1.0,39.0,17,271,1720,8,1.0
97,1.0,0.0,3.154,1.0,6.0,10,127.1147801129469,154.1960026420774,pobre,basal,3,625.0,644.0,1.0,39.0,13,271,1721,6,1.0
98,1.0,0.0,3.154,1.0,7.0,10,127.1147801129469,154.1960026420774,pobre,basal,3,625.0,644.0,1.0,39.0,14,271,1721,6,1.0
97,1.0,0.0,3.154,1.0,5.0,10,127.1147801129469,154.1960026420774,pobre,basal,3,625.0,644.0,1.0,39.0,11,271,1722,5,1.0
98,1.0,0.0,3.154,1.0,6.0,10,127.1147801129469,154.1960026420774,pobre,basal,3,625.0,644.0,1.0,39.0,12,271,1722,5,1.0
97,0.0,0.0,3.154,1.0,3.0,10,127.1147801129469,154.1960026420774,pobre,basal,3,625.0,644.0,1.0,39.0,9,271,1723,3,1.0
98,0.0,0.0,3.154,1.0,4.0,10,127.1147801129469,154.1960026420774,pobre,basal,3,625.0,644.0,1.0,39.0,10,271,1723,3,1.0
97,1.0,0.0,3.154,1.0,0.0,10,127.1147801129469,154.1960026420774,pobre,basal,3,625.0,644.0,1.0,39.0,6,271,1724,0,1.0
98,1.0,0.0,3.154,1.0,1.0,10,127.1147801129469,154.1960026420774,pobre,basal,3,625.0,644.0,1.0,39.0,7,271,1724,0,1.0
97,0.0,0.0,3.154,0.0,6.0,2,127.1147801129469,154.1960026420774,pobre,basal,0,0.0,805.0,0.0,59.0,15,271,1725,6,0.0
98,0.0,0.0,3.154,0.0,6.0,2,127.1147801129469,154.1960026420774,pobre,basal,0,0.0,805.0,0.0,59.0,16,271,1725,6,0.0
97,1.0,0.0,3.154,1.0,2.0,5,127.1147801129469,154.1960026420774,pobre,basal,6,625.0,708.5,1.0,30.0,8,271,1726,2,1.0
98,1.0,0.0,3.154,1.0,3.0,5,127.1147801129469,154.1960026420774,pobre,basal,6,625.0,708.5,1.0,30.0,9,271,1726,2,1.0
97,1.0,0.0,3.154,1.0,7.0,7,127.1147801129469,154.1960026420774,pobre,basal,4,625.0,587.16998,1.0,47.0,14,271,1727,7,1.0
98,1.0,0.0,3.154,1.0,8.0,7,127.1147801129469,154.1960026420774,pobre,basal,4,625.0,587.16998,1.0,47.0,15,271,1727,7,1.0
97,0.0,0.0,3.154,1.0,5.0,7,127.1147801129469,154.1960026420774,pobre,basal,4,625.0,587.16998,1.0,47.0,12,271,1728,5,1.0
98,0.0,0.0,3.154,1.0,6.0,7,127.1147801129469,154.1960026420774,pobre,basal,4,625.0,587.16998,1.0,47.0,13,271,1728,5,1.0
97,1.0,0.0,3.154,1.0,4.0,7,127.1147801129469,154.1960026420774,pobre,basal,4,625.0,587.16998,1.0,47.0,10,271,1729,4,1.0
98,1.0,0.0,3.154,1.0,5.0,7,127.1147801129469,154.1960026420774,pobre,basal,4,625.0,587.16998,1.0,47.0,11,271,1729,4,1.0
97,1.0,0.0,3.154,1.0,2.0,7,127.1147801129469,154.1960026420774,pobre,basal,4,625.0,587.16998,1.0,47.0,8,271,1730,2,1.0
98,1.0,0.0,3.154,1.0,3.0,7,127.1147801129469,154.1960026420774,pobre,basal,4,625.0,587.16998,1.0,47.0,9,271,1730,2,1.0
97,0.0,0.0,3.154,1.0,3.0,11,127.1147801129469,154.1960026420774,pobre,basal,1,625.0,773.75,1.0,62.0,9,271,1731,3,1.0
98,0.0,0.0,3.154,1.0,4.0,11,127.1147801129469,154.1960026420774,pobre,basal,1,625.0,773.75,1.0,62.0,10,271,1731,3,1.0
97,0.0,0.0,3.154,,0.0,11,127.1147801129469,154.1960026420774,pobre,basal,1,625.0,773.75,1.0,62.0,7,271,1732,0,
98,0.0,0.0,3.154,1.0,2.0,11,127.1147801129469,154.1960026420774,pobre,basal,1,625.0,773.75,1.0,62.0,8,271,1732,0,
97,0.0,0.0,3.154,,0.0,11,127.1147801129469,154.1960026420774,pobre,basal,1,625.0,773.75,1.0,62.0,6,271,1733,0,
98,0.0,0.0,3.154,1.0,1.0,11,127.1147801129469,154.1960026420774,pobre,basal,1,625.0,773.75,1.0,62.0,7,271,1733,0,
97,1.0,0.0,3.154,1.0,8.0,8,127.1147801129469,154.1960026420774,pobre,basal,0,500.0,668.0,1.0,39.0,15,271,1734,8,1.0
98,1.0,0.0,3.154,0.0,9.0,8,127.1147801129469,154.1960026420774,pobre,basal,0,500.0,668.0,1.0,39.0,16,271,1734,8,1.0
97,1.0,0.0,3.154,1.0,5.0,8,127.1147801129469,154.1960026420774,pobre,basal,0,500.0,668.0,1.0,39.0,13,271,1735,5,1.0
98,1.0,0.0,3.154,1.0,5.0,8,127.1147801129469,154.1960026420774,pobre,basal,0,500.0,668.0,1.0,39.0,14,271,1735,5,1.0
97,1.0,0.0,3.154,1.0,4.0,8,127.1147801129469,154.1960026420774,pobre,basal,0,500.0,668.0,1.0,39.0,11,271,1736,4,1.0
98,1.0,0.0,3.154,1.0,5.0,8,127.1147801129469,154.1960026420774,pobre,basal,0,500.0,668.0,1.0,39.0,12,271,1736,4,1.0
97,0.0,0.0,3.154,1.0,3.0,8,127.1147801129469,154.1960026420774,pobre,basal,0,500.0,668.0,1.0,39.0,10,271,1737,3,1.0
98,0.0,0.0,3.154,1.0,4.0,8,127.1147801129469,154.1960026420774,pobre,basal,0,500.0,668.0,1.0,39.0,11,271,1737,3,1.0
97,1.0,0.0,3.154,1.0,3.0,8,127.1147801129469,154.1960026420774,pobre,basal,0,500.0,668.0,1.0,39.0,9,271,1738,3,1.0
98,1.0,0.0,3.154,1.0,4.0,8,127.1147801129469,154.1960026420774,pobre,basal,0,500.0,668.0,1.0,39.0,10,271,1738,3,1.0
97,0.0,0.0,3.154,1.0,1.0,8,127.1147801129469,154.1960026420774,pobre,basal,0,500.0,668.0,1.0,39.0,7,271,1739,1,1.0
98,0.0,0.0,3.154,1.0,1.0,8,127.1147801129469,154.1960026420774,pobre,basal,0,500.0,668.0,1.0,39.0,8,271,1739,1,1.0
97,0.0,0.0,3.154,0.0,9.0,9,127.1147801129469,154.1960026420774,pobre,basal,4,2500.0,732.0,1.0,39.0,15,271,1740,9,0.0
98,0.0,0.0,3.154,0.0,9.0,9,127.1147801129469,154.1960026420774,pobre,basal,4,2500.0,732.0,1.0,39.0,16,271,1740,9,0.0
97,1.0,0.0,3.154,1.0,7.0,9,127.1147801129469,154.1960026420774,pobre,basal,4,2500.0,732.0,1.0,39.0,13,271,1741,7,1.0
98,1.0,0.0,3.154,1.0,8.0,9,127.1147801129469,154.1960026420774,pobre,basal,4,2500.0,732.0,1.0,39.0,14,271,1741,7,1.0
97,1.0,0.0,3.154,1.0,6.0,9,127.1147801129469,154.1960026420774,pobre,basal,4,2500.0,732.0,1.0,39.0,11,271,1742,6,1.0
98,1.0,0.0,3.154,1.0,7.0,9,127.1147801129469,154.1960026420774,pobre,basal,4,2500.0,732.0,1.0,39.0,12,271,1742,6,1.0
97,0.0,0.0,3.154,1.0,4.0,9,127.1147801129469,154.1960026420774,pobre,basal,4,2500.0,732.0,1.0,39.0,10,271,1743,4,1.0
98,0.0,0.0,3.154,1.0,5.0,9,127.1147801129469,154.1960026420774,pobre,basal,4,2500.0,732.0,1.0,39.0,11,271,1743,4,1.0
97,1.0,0.0,3.154,1.0,2.0,9,127.1147801129469,154.1960026420774,pobre,basal,4,2500.0,732.0,1.0,39.0,8,271,1744,2,1.0
98,1.0,0.0,3.154,1.0,3.0,9,127.1147801129469,154.1960026420774,pobre,basal,4,2500.0,732.0,1.0,39.0,9,271,1744,2,1.0
97,1.0,0.0,3.154,1.0,2.0,9,127.1147801129469,154.1960026420774,pobre,basal,4,2500.0,732.0,1.0,39.0,9,271,1745,2,1.0
98,1.0,0.0,3.154,,,9,127.1147801129469,154.1960026420774,pobre,basal,4,2500.0,732.0,1.0,39.0,10,271,1745,2,1.0
97,1.0,0.0,3.154,1.0,1.0,5,127.1147801129469,154.1960026420774,pobre,basal,3,625.0,736.67999,1.0,32.0,7,271,1746,1,1.0
98,1.0,0.0,3.154,1.0,2.0,5,127.1147801129469,154.1960026420774,pobre,basal,3,625.0,736.67999,1.0,32.0,8,271,1746,1,1.0
97,0.0,0.0,3.154,1.0,0.0,5,127.1147801129469,154.1960026420774,pobre,basal,3,625.0,736.67999,1.0,32.0,6,271,1747,0,1.0
98,0.0,0.0,3.154,1.0,1.0,5,127.1147801129469,154.1960026420774,pobre,basal,3,625.0,736.67999,1.0,32.0,7,271,1747,0,1.0
97,0.0,0.0,3.154,0.0,9.0,3,127.1147801129469,154.1960026420774,pobre,basal,3,625.0,1014.18,1.0,46.0,15,271,1748,9,0.0
98,0.0,0.0,3.154,,,3,127.1147801129469,154.1960026420774,pobre,basal,3,625.0,1014.18,1.0,46.0,16,271,1748,9,0.0
97,1.0,0.0,3.154,1.0,0.0,6,127.1147801129469,154.1960026420774,pobre,basal,9,625.0,624.0,1.0,28.0,6,271,1749,0,1.0
98,1.0,0.0,3.154,1.0,1.0,6,127.1147801129469,154.1960026420774,pobre,basal,9,625.0,624.0,1.0,28.0,7,271,1749,0,1.0
97,0.0,0.0,3.154,0.0,9.0,5,127.1147801129469,154.1960026420774,pobre,basal,5,750.0,721.5,1.0,37.0,15,271,1750,9,0.0
98,0.0,0.0,3.154,,,5,127.1147801129469,154.1960026420774,pobre,basal,5,750.0,721.5,1.0,37.0,16,271,1750,9,0.0
97,0.0,0.0,3.154,1.0,7.0,5,127.1147801129469,154.1960026420774,pobre,basal,5,750.0,721.5,1.0,37.0,12,271,1751,7,1.0
98,0.0,0.0,3.154,1.0,8.0,5,127.1147801129469,154.1960026420774,pobre,basal,5,750.0,721.5,1.0,37.0,13,271,1751,7,1.0
97,0.0,0.0,3.154,1.0,2.0,5,127.1147801129469,154.1960026420774,pobre,basal,5,750.0,721.5,1.0,37.0,8,271,1752,2,1.0
98,0.0,0.0,3.154,1.0,3.0,5,127.1147801129469,154.1960026420774,pobre,basal,5,750.0,721.5,1.0,37.0,9,271,1752,2,1.0
97,0.0,0.0,3.154,0.0,3.0,6,127.1147801129469,154.1960026420774,pobre,basal,0,625.0,806.0,1.0,55.0,16,271,1753,3,0.0
98,0.0,0.0,3.154,,,6,127.1147801129469,154.1960026420774,pobre,basal,0,625.0,806.0,1.0,55.0,17,271,1753,3,0.0
97,1.0,0.0,3.154,0.0,4.0,6,127.1147801129469,154.1960026420774,pobre,basal,0,625.0,806.0,1.0,55.0,14,271,1754,4,0.0
98,1.0,0.0,3.154,1.0,5.0,6,127.1147801129469,154.1960026420774,pobre,basal,0,625.0,806.0,1.0,55.0,15,271,1754,4,0.0
97,0.0,0.0,3.154,1.0,2.0,6,127.1147801129469,154.1960026420774,pobre,basal,0,625.0,806.0,1.0,55.0,10,271,1755,2,1.0
98,0.0,0.0,3.154,1.0,2.0,6,127.1147801129469,154.1960026420774,pobre,basal,0,625.0,806.0,1.0,55.0,11,271,1755,2,1.0
97,0.0,0.0,3.154,0.0,9.0,6,127.1147801129469,154.1960026420774,pobre,basal,0,750.0,812.0,1.0,34.0,16,271,1756,9,0.0
98,0.0,0.0,3.154,,,6,127.1147801129469,154.1960026420774,pobre,basal,0,750.0,812.0,1.0,34.0,17,271,1756,9,0.0
97,0.0,0.0,3.154,1.0,8.0,6,127.1147801129469,154.1960026420774,pobre,basal,0,750.0,812.0,1.0,34.0,14,271,1757,8,1.0
98,0.0,0.0,3.154,,,6,127.1147801129469,154.1960026420774,pobre,basal,0,750.0,812.0,1.0,34.0,15,271,1757,8,1.0
97,0.0,0.0,3.154,1.0,5.0,6,127.1147801129469,154.1960026420774,pobre,basal,0,750.0,812.0,1.0,34.0,11,271,1758,5,1.0
98,0.0,0.0,3.154,1.0,6.0,6,127.1147801129469,154.1960026420774,pobre,basal,0,750.0,812.0,1.0,34.0,12,271,1758,5,1.0
97,1.0,0.0,3.154,1.0,2.0,6,127.1147801129469,154.1960026420774,pobre,basal,3,750.0,723.0,1.0,64.0,9,271,1759,2,1.0
98,1.0,0.0,3.154,1.0,3.0,6,127.1147801129469,154.1960026420774,pobre,basal,3,750.0,723.0,1.0,64.0,10,271,1759,2,1.0
97,1.0,0.0,3.154,1.0,8.0,5,127.1147801129469,154.1960026420774,no pobre,basal,0,500.0,797.66998,0.0,54.0,15,271,1760,8,1.0
98,1.0,0.0,3.154,,,5,127.1147801129469,154.1960026420774,no pobre,basal,0,500.0,797.66998,0.0,54.0,16,271,1760,8,1.0
97,0.0,0.0,3.154,0.0,6.0,5,127.1147801129469,154.1960026420774,no pobre,basal,0,500.0,797.66998,0.0,54.0,16,271,1761,6,0.0
98,0.0,0.0,3.154,,,5,127.1147801129469,154.1960026420774,no pobre,basal,0,500.0,797.66998,0.0,54.0,17,271,1761,6,0.0
97,1.0,0.0,0.0,1.0,6.0,5,124.0098905128548,150.1722144672015,no pobre,basal,4,750.0,798.5,1.0,48.0,12,270,1762,6,1.0
98,1.0,0.0,0.0,1.0,7.0,5,124.0098905128548,150.1722144672015,no pobre,basal,4,750.0,798.5,1.0,48.0,13,270,1762,6,1.0
97,0.0,0.0,0.0,1.0,5.0,5,124.0098905128548,150.1722144672015,no pobre,basal,4,750.0,798.5,1.0,48.0,11,270,1763,5,1.0
98,0.0,0.0,0.0,1.0,6.0,5,124.0098905128548,150.1722144672015,no pobre,basal,4,750.0,798.5,1.0,48.0,12,270,1763,5,1.0
97,1.0,0.0,0.0,1.0,4.0,5,124.0098905128548,150.1722144672015,pobre,basal,2,750.0,755.5,1.0,32.0,11,270,1764,4,1.0
98,1.0,0.0,0.0,1.0,5.0,5,124.0098905128548,150.1722144672015,pobre,basal,2,750.0,755.5,1.0,32.0,12,270,1764,4,1.0
97,0.0,0.0,0.0,1.0,3.0,5,124.0098905128548,150.1722144672015,pobre,basal,2,750.0,755.5,1.0,32.0,9,270,1765,3,1.0
98,0.0,0.0,0.0,1.0,4.0,5,124.0098905128548,150.1722144672015,pobre,basal,2,750.0,755.5,1.0,32.0,10,270,1765,3,1.0
97,1.0,0.0,0.0,1.0,1.0,5,124.0098905128548,150.1722144672015,pobre,basal,2,750.0,755.5,1.0,32.0,7,270,1766,1,1.0
98,1.0,0.0,0.0,1.0,2.0,5,124.0098905128548,150.1722144672015,pobre,basal,2,750.0,755.5,1.0,32.0,8,270,1766,1,1.0
97,0.0,0.0,0.0,0.0,2.0,6,124.0098905128548,150.1722144672015,pobre,basal,0,750.0,853.64001,1.0,31.0,16,270,1767,2,0.0
98,0.0,0.0,0.0,,,6,124.0098905128548,150.1722144672015,pobre,basal,0,750.0,853.64001,1.0,31.0,17,270,1767,2,0.0
97,1.0,0.0,0.0,1.0,5.0,6,124.0098905128548,150.1722144672015,pobre,basal,0,750.0,853.64001,1.0,31.0,13,270,1768,5,1.0
98,1.0,0.0,0.0,1.0,6.0,6,124.0098905128548,150.1722144672015,pobre,basal,0,750.0,853.64001,1.0,31.0,14,270,1768,5,1.0
97,0.0,0.0,0.0,1.0,3.0,6,124.0098905128548,150.1722144672015,pobre,basal,0,750.0,853.64001,1.0,31.0,10,270,1769,3,1.0
98,0.0,0.0,0.0,1.0,4.0,6,124.0098905128548,150.1722144672015,pobre,basal,0,750.0,853.64001,1.0,31.0,11,270,1769,3,1.0
97,1.0,0.0,0.0,1.0,3.0,6,124.0098905128548,150.1722144672015,pobre,basal,0,750.0,853.64001,1.0,31.0,8,270,1770,3,1.0
98,1.0,0.0,0.0,1.0,4.0,6,124.0098905128548,150.1722144672015,pobre,basal,0,750.0,853.64001,1.0,31.0,9,270,1770,3,1.0
97,1.0,0.0,0.0,0.0,12.0,5,124.0098905128548,150.1722144672015,no pobre,basal,0,750.0,814.66998,1.0,60.0,16,270,1771,12,0.0
98,1.0,0.0,0.0,,,5,124.0098905128548,150.1722144672015,no pobre,basal,0,750.0,814.66998,1.0,60.0,17,270,1771,12,0.0
97,0.0,0.0,0.0,1.0,8.0,5,124.0098905128548,150.1722144672015,no pobre,basal,0,750.0,814.66998,1.0,60.0,15,270,1772,8,1.0
98,0.0,0.0,0.0,0.0,9.0,5,124.0098905128548,150.1722144672015,no pobre,basal,0,750.0,814.66998,1.0,60.0,16,270,1772,8,1.0
97,1.0,0.0,0.0,1.0,5.0,5,124.0098905128548,150.1722144672015,no pobre,basal,0,750.0,814.66998,1.0,60.0,13,270,1773,5,1.0
98,1.0,0.0,0.0,1.0,6.0,5,124.0098905128548,150.1722144672015,no pobre,basal,0,750.0,814.66998,1.0,60.0,14,270,1773,5,1.0
97,0.0,0.0,0.0,1.0,3.0,4,124.0098905128548,150.1722144672015,pobre,basal,6,750.0,739.0,1.0,27.0,8,270,1774,3,1.0
98,0.0,0.0,0.0,1.0,4.0,4,124.0098905128548,150.1722144672015,pobre,basal,6,750.0,739.0,1.0,27.0,9,270,1774,3,1.0
97,0.0,0.0,0.0,1.0,1.0,4,124.0098905128548,150.1722144672015,pobre,basal,6,750.0,739.0,1.0,27.0,7,270,1775,1,1.0
98,0.0,0.0,0.0,1.0,2.0,4,124.0098905128548,150.1722144672015,pobre,basal,6,750.0,739.0,1.0,27.0,8,270,1775,1,1.0
97,0.0,0.0,0.0,0.0,6.0,8,124.0098905128548,150.1722144672015,pobre,basal,6,750.0,655.0,1.0,38.0,15,270,1776,6,0.0
98,0.0,0.0,0.0,0.0,6.0,8,124.0098905128548,150.1722144672015,pobre,basal,6,750.0,655.0,1.0,38.0,16,270,1776,6,0.0
97,0.0,0.0,0.0,1.0,4.0,8,124.0098905128548,150.1722144672015,pobre,basal,6,750.0,655.0,1.0,38.0,11,270,1777,4,1.0
98,0.0,0.0,0.0,1.0,5.0,8,124.0098905128548,150.1722144672015,pobre,basal,6,750.0,655.0,1.0,38.0,12,270,1777,4,1.0
97,0.0,0.0,0.0,1.0,2.0,8,124.0098905128548,150.1722144672015,pobre,basal,6,750.0,655.0,1.0,38.0,9,270,1778,2,1.0
98,0.0,0.0,0.0,1.0,3.0,8,124.0098905128548,150.1722144672015,pobre,basal,6,750.0,655.0,1.0,38.0,10,270,1778,2,1.0
97,1.0,0.0,0.0,1.0,4.0,6,124.0098905128548,150.1722144672015,no pobre,basal,2,750.0,771.5,1.0,63.0,11,270,1779,4,1.0
98,1.0,0.0,0.0,1.0,5.0,6,124.0098905128548,150.1722144672015,no pobre,basal,2,750.0,771.5,1.0,63.0,12,270,1779,4,1.0
97,0.0,0.0,2.8239999,1.0,0.0,6,97.42757885108531,123.910937230601,pobre,basal,2,1200.0,751.0,1.0,35.0,7,243,1780,0,1.0
98,0.0,0.0,2.8239999,0.0,1.0,6,97.42757885108531,123.910937230601,pobre,basal,2,1200.0,751.0,1.0,35.0,8,243,1780,0,1.0
97,1.0,0.0,2.8239999,1.0,0.0,6,97.42757885108531,123.910937230601,pobre,basal,2,1200.0,751.0,1.0,35.0,6,243,1781,0,1.0
98,1.0,0.0,2.8239999,1.0,1.0,6,97.42757885108531,123.910937230601,pobre,basal,2,1200.0,751.0,1.0,35.0,7,243,1781,0,1.0
97,0.0,1.0,2.8239999,0.0,3.0,8,97.42757885108531,123.910937230601,pobre,basal,1,125.0,627.0,1.0,39.0,15,243,1782,3,0.0
98,0.0,1.0,2.8239999,0.0,4.0,8,97.42757885108531,123.910937230601,pobre,basal,1,125.0,627.0,1.0,39.0,16,243,1782,3,0.0
97,1.0,1.0,2.8239999,1.0,1.0,8,97.42757885108531,123.910937230601,pobre,basal,1,125.0,627.0,1.0,39.0,11,243,1783,1,1.0
98,1.0,1.0,2.8239999,1.0,3.0,8,97.42757885108531,123.910937230601,pobre,basal,1,125.0,627.0,1.0,39.0,12,243,1783,1,1.0
97,0.0,1.0,2.8239999,1.0,2.0,8,97.42757885108531,123.910937230601,pobre,basal,1,125.0,627.0,1.0,39.0,9,243,1784,2,1.0
98,0.0,1.0,2.8239999,1.0,4.0,8,97.42757885108531,123.910937230601,pobre,basal,1,125.0,627.0,1.0,39.0,10,243,1784,2,1.0
97,0.0,0.0,2.8239999,1.0,0.0,8,97.42757885108531,123.910937230601,pobre,basal,1,125.0,627.0,1.0,39.0,6,243,1785,0,1.0
98,0.0,0.0,2.8239999,1.0,0.0,8,97.42757885108531,123.910937230601,pobre,basal,1,125.0,627.0,1.0,39.0,7,243,1785,0,1.0
97,1.0,0.0,2.8239999,,0.0,3,97.42757885108531,123.910937230601,pobre,basal,0,625.0,786.14001,1.0,39.0,15,243,1786,0,
98,1.0,0.0,2.8239999,,,3,97.42757885108531,123.910937230601,pobre,basal,0,625.0,786.14001,1.0,39.0,16,243,1786,0,
97,1.0,1.0,2.8239999,1.0,3.0,8,97.42757885108531,123.910937230601,pobre,basal,1,4000.0,712.0,1.0,46.0,13,243,1787,3,1.0
98,1.0,1.0,2.8239999,0.0,3.0,8,97.42757885108531,123.910937230601,pobre,basal,1,4000.0,712.0,1.0,46.0,14,243,1787,3,1.0
97,0.0,1.0,2.8239999,1.0,1.0,8,97.42757885108531,123.910937230601,pobre,basal,1,4000.0,712.0,1.0,46.0,9,243,1788,1,1.0
98,0.0,1.0,2.8239999,1.0,2.0,8,97.42757885108531,123.910937230601,pobre,basal,1,4000.0,712.0,1.0,46.0,10,243,1788,1,1.0
97,0.0,1.0,2.8239999,1.0,2.0,8,97.42757885108531,123.910937230601,pobre,basal,1,4000.0,712.0,1.0,46.0,11,243,1789,2,1.0
98,0.0,1.0,2.8239999,1.0,3.0,8,97.42757885108531,123.910937230601,pobre,basal,1,4000.0,712.0,1.0,46.0,12,243,1789,2,1.0
97,0.0,1.0,2.8239999,1.0,0.0,8,97.42757885108531,123.910937230601,pobre,basal,1,4000.0,712.0,1.0,46.0,7,243,1790,0,1.0
98,0.0,1.0,2.8239999,1.0,1.0,8,97.42757885108531,123.910937230601,pobre,basal,1,4000.0,712.0,1.0,46.0,8,243,1790,0,1.0
97,1.0,0.0,2.8239999,1.0,4.0,4,97.42757885108531,123.910937230601,pobre,basal,6,333.33334,715.0,1.0,42.0,10,243,1791,4,1.0
98,1.0,0.0,2.8239999,1.0,0.0,4,97.42757885108531,123.910937230601,pobre,basal,6,333.33334,715.0,1.0,42.0,11,243,1791,4,1.0
97,0.0,1.0,2.8239999,1.0,2.0,2,97.42757885108531,123.910937230601,pobre,basal,0,625.0,875.0,0.0,46.0,10,243,1792,2,1.0
98,0.0,1.0,2.8239999,1.0,3.0,2,97.42757885108531,123.910937230601,pobre,basal,0,625.0,875.0,0.0,46.0,11,243,1792,2,1.0
97,1.0,1.0,2.8239999,1.0,2.0,3,97.42757885108531,123.910937230601,pobre,basal,2,625.0,712.0,1.0,66.0,10,243,1793,2,1.0
98,1.0,1.0,2.8239999,0.0,4.0,3,97.42757885108531,123.910937230601,pobre,basal,2,625.0,712.0,1.0,66.0,11,243,1793,2,1.0
97,1.0,1.0,2.8239999,1.0,1.0,6,97.42757885108531,123.910937230601,pobre,basal,2,166.66667,705.0,1.0,54.0,8,243,1794,1,1.0
98,1.0,1.0,2.8239999,1.0,3.0,6,97.42757885108531,123.910937230601,pobre,basal,2,166.66667,705.0,1.0,54.0,9,243,1794,1,1.0
97,0.0,1.0,2.8239999,1.0,5.0,6,97.42757885108531,123.910937230601,pobre,basal,2,166.66667,705.0,1.0,54.0,14,243,1795,5,1.0
98,0.0,1.0,2.8239999,,,6,97.42757885108531,123.910937230601,pobre,basal,2,166.66667,705.0,1.0,54.0,15,243,1795,5,1.0
97,0.0,1.0,2.8239999,1.0,1.0,5,97.42757885108531,123.910937230601,pobre,basal,6,750.0,625.0,1.0,30.0,7,243,1796,1,1.0
98,0.0,1.0,2.8239999,1.0,2.0,5,97.42757885108531,123.910937230601,pobre,basal,6,750.0,625.0,1.0,30.0,8,243,1796,1,1.0
97,0.0,0.0,2.8239999,1.0,3.0,8,97.42757885108531,123.910937230601,pobre,basal,5,1250.0,689.0,1.0,42.0,14,243,1797,3,1.0
98,0.0,0.0,2.8239999,0.0,4.0,8,97.42757885108531,123.910937230601,pobre,basal,5,1250.0,689.0,1.0,42.0,15,243,1797,3,1.0
97,1.0,0.0,2.8239999,1.0,5.0,8,97.42757885108531,123.910937230601,pobre,basal,5,1250.0,689.0,1.0,42.0,12,243,1798,5,1.0
98,1.0,0.0,2.8239999,0.0,6.0,8,97.42757885108531,123.910937230601,pobre,basal,5,1250.0,689.0,1.0,42.0,13,243,1798,5,1.0
97,1.0,0.0,2.8239999,1.0,2.0,8,97.42757885108531,123.910937230601,pobre,basal,5,1250.0,689.0,1.0,42.0,10,243,1799,2,1.0
98,1.0,0.0,2.8239999,1.0,3.0,8,97.42757885108531,123.910937230601,pobre,basal,5,1250.0,689.0,1.0,42.0,11,243,1799,2,1.0
97,0.0,0.0,2.8239999,1.0,1.0,8,97.42757885108531,123.910937230601,pobre,basal,5,1250.0,689.0,1.0,42.0,8,243,1800,1,1.0
98,0.0,0.0,2.8239999,1.0,2.0,8,97.42757885108531,123.910937230601,pobre,basal,5,1250.0,689.0,1.0,42.0,9,243,1800,1,1.0
97,1.0,0.0,2.8239999,1.0,0.0,8,97.42757885108531,123.910937230601,pobre,basal,5,1250.0,689.0,1.0,42.0,6,243,1801,0,1.0
98,1.0,0.0,2.8239999,1.0,0.0,8,97.42757885108531,123.910937230601,pobre,basal,5,1250.0,689.0,1.0,42.0,7,243,1801,0,1.0
97,1.0,0.0,2.8239999,0.0,1.0,8,97.42757885108531,123.910937230601,pobre,basal,1,500.0,754.66998,1.0,43.0,16,243,1802,1,0.0
98,1.0,0.0,2.8239999,,,8,97.42757885108531,123.910937230601,pobre,basal,1,500.0,754.66998,1.0,43.0,17,243,1802,1,0.0
97,0.0,0.0,2.8239999,0.0,6.0,8,97.42757885108531,123.910937230601,pobre,basal,1,500.0,754.66998,1.0,43.0,12,243,1803,6,0.0
98,0.0,0.0,2.8239999,0.0,8.0,8,97.42757885108531,123.910937230601,pobre,basal,1,500.0,754.66998,1.0,43.0,13,243,1803,6,0.0
97,0.0,0.0,2.8239999,1.0,3.0,3,97.42757885108531,123.910937230601,pobre,basal,2,500.0,847.0,0.0,46.0,10,243,1804,3,1.0
98,0.0,0.0,2.8239999,1.0,4.0,3,97.42757885108531,123.910937230601,pobre,basal,2,500.0,847.0,0.0,46.0,11,243,1804,3,1.0
97,0.0,0.0,2.8239999,,0.0,6,97.42757885108531,123.910937230601,pobre,basal,0,750.0,767.0,1.0,60.0,16,243,1805,0,
98,0.0,0.0,2.8239999,,,6,97.42757885108531,123.910937230601,pobre,basal,0,750.0,767.0,1.0,60.0,17,243,1805,0,
97,0.0,0.0,2.8239999,0.0,3.0,6,97.42757885108531,123.910937230601,pobre,basal,0,750.0,767.0,1.0,60.0,16,243,1806,3,0.0
98,0.0,0.0,2.8239999,,,6,97.42757885108531,123.910937230601,pobre,basal,0,750.0,767.0,1.0,60.0,17,243,1806,3,0.0
97,1.0,0.0,2.8239999,0.0,6.0,7,97.42757885108531,123.910937230601,pobre,basal,6,1100.0,725.75,1.0,53.0,12,243,1807,6,0.0
98,1.0,0.0,2.8239999,0.0,6.0,7,97.42757885108531,123.910937230601,pobre,basal,6,1100.0,725.75,1.0,53.0,13,243,1807,6,0.0
97,1.0,0.0,2.8239999,1.0,1.0,7,97.42757885108531,123.910937230601,pobre,basal,6,1100.0,725.75,1.0,53.0,9,243,1808,1,1.0
98,1.0,0.0,2.8239999,1.0,3.0,7,97.42757885108531,123.910937230601,pobre,basal,6,1100.0,725.75,1.0,53.0,10,243,1808,1,1.0
97,1.0,0.0,2.8239999,1.0,0.0,7,97.42757885108531,123.910937230601,pobre,basal,6,1100.0,725.75,1.0,53.0,7,243,1809,0,1.0
98,1.0,0.0,2.8239999,1.0,1.0,7,97.42757885108531,123.910937230601,pobre,basal,6,1100.0,725.75,1.0,53.0,8,243,1809,0,1.0
97,1.0,0.0,2.8239999,1.0,1.0,5,97.42757885108531,123.910937230601,pobre,basal,0,750.0,656.0,1.0,45.0,8,243,1810,1,1.0
98,1.0,0.0,2.8239999,1.0,2.0,5,97.42757885108531,123.910937230601,pobre,basal,0,750.0,656.0,1.0,45.0,9,243,1810,1,1.0
97,0.0,0.0,2.8239999,0.0,0.0,5,97.42757885108531,123.910937230601,pobre,basal,0,800.0,782.66998,1.0,70.0,6,243,1811,0,0.0
98,0.0,0.0,2.8239999,1.0,1.0,5,97.42757885108531,123.910937230601,pobre,basal,0,800.0,782.66998,1.0,70.0,7,243,1811,0,0.0
97,0.0,0.0,2.8239999,1.0,5.0,8,97.42757885108531,123.910937230601,pobre,basal,2,750.0,665.0,1.0,38.0,12,243,1812,5,1.0
98,0.0,0.0,2.8239999,,,8,97.42757885108531,123.910937230601,pobre,basal,2,750.0,665.0,1.0,38.0,13,243,1812,5,1.0
97,1.0,0.0,2.8239999,1.0,3.0,8,97.42757885108531,123.910937230601,pobre,basal,2,750.0,665.0,1.0,38.0,8,243,1813,3,1.0
98,1.0,0.0,2.8239999,1.0,4.0,8,97.42757885108531,123.910937230601,pobre,basal,2,750.0,665.0,1.0,38.0,9,243,1813,3,1.0
97,1.0,0.0,2.8239999,1.0,0.0,8,97.42757885108531,123.910937230601,pobre,basal,2,750.0,665.0,1.0,38.0,6,243,1814,0,1.0
98,1.0,0.0,2.8239999,1.0,2.0,8,97.42757885108531,123.910937230601,pobre,basal,2,750.0,665.0,1.0,38.0,7,243,1814,0,1.0
97,1.0,0.0,2.8239999,0.0,4.0,8,97.42757885108531,123.910937230601,pobre,basal,3,83.333336,693.66998,1.0,51.0,16,243,1815,4,0.0
98,1.0,0.0,2.8239999,,,8,97.42757885108531,123.910937230601,pobre,basal,3,83.333336,693.66998,1.0,51.0,17,243,1815,4,0.0
97,1.0,0.0,2.8239999,0.0,4.0,8,97.42757885108531,123.910937230601,pobre,basal,3,83.333336,693.66998,1.0,51.0,11,243,1816,4,0.0
98,1.0,0.0,2.8239999,0.0,6.0,8,97.42757885108531,123.910937230601,pobre,basal,3,83.333336,693.66998,1.0,51.0,12,243,1816,4,0.0
97,0.0,0.0,2.8239999,0.0,3.0,8,97.42757885108531,123.910937230601,pobre,basal,3,83.333336,693.66998,1.0,51.0,10,243,1817,3,0.0
98,0.0,0.0,2.8239999,0.0,5.0,8,97.42757885108531,123.910937230601,pobre,basal,3,83.333336,693.66998,1.0,51.0,11,243,1817,3,0.0
97,0.0,0.0,2.8239999,1.0,2.0,8,97.42757885108531,123.910937230601,pobre,basal,3,83.333336,693.66998,1.0,51.0,8,243,1818,2,1.0
98,0.0,0.0,2.8239999,1.0,3.0,8,97.42757885108531,123.910937230601,pobre,basal,3,83.333336,693.66998,1.0,51.0,9,243,1818,2,1.0
97,1.0,0.0,2.8239999,1.0,0.0,8,97.42757885108531,123.910937230601,pobre,basal,3,83.333336,693.66998,1.0,51.0,6,243,1819,0,1.0
98,1.0,0.0,2.8239999,1.0,1.0,8,97.42757885108531,123.910937230601,pobre,basal,3,83.333336,693.66998,1.0,51.0,7,243,1819,0,1.0
97,1.0,0.0,2.8239999,1.0,2.0,5,97.42757885108531,123.910937230601,pobre,basal,3,1000.0,708.5,0.0,36.0,12,243,1820,2,1.0
98,1.0,0.0,2.8239999,0.0,3.0,5,97.42757885108531,123.910937230601,pobre,basal,3,1000.0,708.5,0.0,36.0,13,243,1820,2,1.0
97,1.0,0.0,2.8239999,1.0,2.0,5,97.42757885108531,123.910937230601,pobre,basal,3,1000.0,708.5,0.0,36.0,10,243,1821,2,1.0
98,1.0,0.0,2.8239999,1.0,3.0,5,97.42757885108531,123.910937230601,pobre,basal,3,1000.0,708.5,0.0,36.0,11,243,1821,2,1.0
97,0.0,0.0,2.8239999,1.0,0.0,5,97.42757885108531,123.910937230601,pobre,basal,3,1000.0,708.5,0.0,36.0,7,243,1822,0,1.0
98,0.0,0.0,2.8239999,1.0,1.0,5,97.42757885108531,123.910937230601,pobre,basal,3,1000.0,708.5,0.0,36.0,8,243,1822,0,1.0
97,1.0,0.0,2.8239999,0.0,2.0,3,97.42757885108531,123.910937230601,pobre,basal,0,625.0,632.5,1.0,70.0,15,243,1823,2,0.0
98,1.0,0.0,2.8239999,,,3,97.42757885108531,123.910937230601,pobre,basal,0,625.0,632.5,1.0,70.0,16,243,1823,2,0.0
97,0.0,0.0,2.8239999,0.0,4.0,10,97.42757885108531,123.910937230601,pobre,basal,2,1000.0,656.33002,1.0,42.0,13,243,1824,4,0.0
98,0.0,0.0,2.8239999,0.0,5.0,10,97.42757885108531,123.910937230601,pobre,basal,2,1000.0,656.33002,1.0,42.0,14,243,1824,4,0.0
97,1.0,0.0,2.8239999,0.0,5.0,10,97.42757885108531,123.910937230601,pobre,basal,2,1000.0,656.33002,1.0,42.0,12,243,1825,5,0.0
98,1.0,0.0,2.8239999,0.0,4.0,10,97.42757885108531,123.910937230601,pobre,basal,2,1000.0,656.33002,1.0,42.0,13,243,1825,5,0.0
97,1.0,0.0,2.8239999,1.0,3.0,10,97.42757885108531,123.910937230601,pobre,basal,2,1000.0,656.33002,1.0,42.0,10,243,1826,3,1.0
98,1.0,0.0,2.8239999,1.0,4.0,10,97.42757885108531,123.910937230601,pobre,basal,2,1000.0,656.33002,1.0,42.0,11,243,1826,3,1.0
97,1.0,0.0,2.8239999,1.0,1.0,10,97.42757885108531,123.910937230601,pobre,basal,2,1000.0,656.33002,1.0,42.0,9,243,1827,1,1.0
98,1.0,0.0,2.8239999,1.0,2.0,10,97.42757885108531,123.910937230601,pobre,basal,2,1000.0,656.33002,1.0,42.0,10,243,1827,1,1.0
97,1.0,0.0,2.8239999,1.0,0.0,10,97.42757885108531,123.910937230601,pobre,basal,2,1000.0,656.33002,1.0,42.0,6,243,1828,0,1.0
98,1.0,0.0,2.8239999,1.0,1.0,10,97.42757885108531,123.910937230601,pobre,basal,2,1000.0,656.33002,1.0,42.0,7,243,1828,0,1.0
97,1.0,1.0,2.8239999,1.0,4.0,4,97.42757885108531,123.910937230601,pobre,basal,2,760.0,703.33002,1.0,47.0,10,243,1829,4,1.0
98,1.0,1.0,2.8239999,1.0,4.0,4,97.42757885108531,123.910937230601,pobre,basal,2,760.0,703.33002,1.0,47.0,11,243,1829,4,1.0
97,1.0,1.0,2.8239999,1.0,1.0,4,97.42757885108531,123.910937230601,pobre,basal,1,750.0,656.0,1.0,42.0,6,243,1830,1,1.0
98,1.0,1.0,2.8239999,1.0,0.0,4,97.42757885108531,123.910937230601,pobre,basal,1,750.0,656.0,1.0,42.0,7,243,1830,1,1.0
97,0.0,1.0,2.8239999,,0.0,7,97.42757885108531,123.910937230601,pobre,basal,0,700.0,623.5,1.0,66.0,15,243,1831,0,
98,0.0,1.0,2.8239999,0.0,1.0,7,97.42757885108531,123.910937230601,pobre,basal,0,700.0,623.5,1.0,66.0,16,243,1831,0,
97,0.0,1.0,2.8239999,1.0,2.0,7,97.42757885108531,123.910937230601,pobre,basal,0,700.0,623.5,1.0,66.0,12,243,1832,2,1.0
98,0.0,1.0,2.8239999,1.0,1.0,7,97.42757885108531,123.910937230601,pobre,basal,0,700.0,623.5,1.0,66.0,13,243,1832,2,1.0
97,0.0,1.0,2.8239999,1.0,1.0,7,97.42757885108531,123.910937230601,pobre,basal,0,700.0,623.5,1.0,66.0,6,243,1833,1,1.0
98,0.0,1.0,2.8239999,1.0,0.0,7,97.42757885108531,123.910937230601,pobre,basal,0,700.0,623.5,1.0,66.0,7,243,1833,1,1.0
97,0.0,0.0,2.8239999,1.0,3.0,4,97.42757885108531,123.910937230601,pobre,basal,3,500.0,686.0,1.0,35.0,9,243,1834,3,1.0
98,0.0,0.0,2.8239999,1.0,2.0,4,97.42757885108531,123.910937230601,pobre,basal,3,500.0,686.0,1.0,35.0,10,243,1834,3,1.0
97,0.0,0.0,2.8239999,1.0,2.0,4,97.42757885108531,123.910937230601,pobre,basal,3,500.0,686.0,1.0,35.0,7,243,1835,2,1.0
98,0.0,0.0,2.8239999,1.0,1.0,4,97.42757885108531,123.910937230601,pobre,basal,3,500.0,686.0,1.0,35.0,8,243,1835,2,1.0
97,1.0,0.0,2.8239999,,0.0,3,97.42757885108531,123.910937230601,no pobre,basal,2,750.0,757.64001,1.0,29.0,7,243,1836,0,
98,1.0,0.0,2.8239999,,,3,97.42757885108531,123.910937230601,no pobre,basal,2,750.0,757.64001,1.0,29.0,8,243,1836,0,
97,0.0,0.0,2.8239999,1.0,4.0,7,97.42757885108531,123.910937230601,pobre,basal,2,625.0,559.0,1.0,37.0,13,243,1837,4,1.0
98,0.0,0.0,2.8239999,1.0,5.0,7,97.42757885108531,123.910937230601,pobre,basal,2,625.0,559.0,1.0,37.0,14,243,1837,4,1.0
97,1.0,0.0,2.8239999,1.0,2.0,7,97.42757885108531,123.910937230601,pobre,basal,2,625.0,559.0,1.0,37.0,11,243,1838,2,1.0
98,1.0,0.0,2.8239999,1.0,4.0,7,97.42757885108531,123.910937230601,pobre,basal,2,625.0,559.0,1.0,37.0,12,243,1838,2,1.0
97,1.0,0.0,2.8239999,1.0,0.0,7,97.42757885108531,123.910937230601,pobre,basal,2,625.0,559.0,1.0,37.0,8,243,1839,0,1.0
98,1.0,0.0,2.8239999,1.0,3.0,7,97.42757885108531,123.910937230601,pobre,basal,2,625.0,559.0,1.0,37.0,9,243,1839,0,1.0
97,1.0,0.0,2.8239999,1.0,3.0,4,97.42757885108531,123.910937230601,pobre,basal,0,500.0,662.0,1.0,59.0,10,243,1840,3,1.0
98,1.0,0.0,2.8239999,,,4,97.42757885108531,123.910937230601,pobre,basal,0,500.0,662.0,1.0,59.0,11,243,1840,3,1.0
97,1.0,0.0,2.8239999,1.0,3.0,9,97.42757885108531,123.910937230601,pobre,basal,0,750.0,710.0,1.0,70.0,9,243,1841,3,1.0
98,1.0,0.0,2.8239999,1.0,4.0,9,97.42757885108531,123.910937230601,pobre,basal,0,750.0,710.0,1.0,70.0,10,243,1841,3,1.0
97,0.0,0.0,2.8239999,0.0,3.0,8,97.42757885108531,123.910937230601,pobre,basal,0,625.0,539.0,1.0,40.0,16,243,1842,3,0.0
98,0.0,0.0,2.8239999,,,8,97.42757885108531,123.910937230601,pobre,basal,0,625.0,539.0,1.0,40.0,17,243,1842,3,0.0
97,1.0,0.0,2.8239999,0.0,3.0,8,97.42757885108531,123.910937230601,pobre,basal,0,625.0,539.0,1.0,40.0,13,243,1843,3,0.0
98,1.0,0.0,2.8239999,1.0,4.0,8,97.42757885108531,123.910937230601,pobre,basal,0,625.0,539.0,1.0,40.0,14,243,1843,3,0.0
97,1.0,0.0,2.8239999,1.0,2.0,8,97.42757885108531,123.910937230601,pobre,basal,0,625.0,539.0,1.0,40.0,11,243,1844,2,1.0
98,1.0,0.0,2.8239999,1.0,3.0,8,97.42757885108531,123.910937230601,pobre,basal,0,625.0,539.0,1.0,40.0,12,243,1844,2,1.0
97,1.0,0.0,0.0,1.0,2.0,5,124.0098905128548,150.1722144672015,pobre,basal,6,750.0,628.0,1.0,29.0,8,270,1845,2,1.0
98,1.0,0.0,0.0,1.0,3.0,5,124.0098905128548,150.1722144672015,pobre,basal,6,750.0,628.0,1.0,29.0,9,270,1845,2,1.0
97,0.0,0.0,0.0,1.0,5.0,3,124.0098905128548,150.1722144672015,no pobre,basal,1,750.0,834.5,1.0,56.0,13,270,1846,5,1.0
98,0.0,0.0,0.0,1.0,6.0,3,124.0098905128548,150.1722144672015,no pobre,basal,1,750.0,834.5,1.0,56.0,14,270,1846,5,1.0
97,1.0,0.0,0.0,1.0,3.0,4,124.0098905128548,150.1722144672015,pobre,basal,6,1200.0,712.0,1.0,32.0,9,270,1847,3,1.0
98,1.0,0.0,0.0,1.0,4.0,4,124.0098905128548,150.1722144672015,pobre,basal,6,1200.0,712.0,1.0,32.0,10,270,1847,3,1.0
97,1.0,0.0,0.0,1.0,2.0,4,124.0098905128548,150.1722144672015,pobre,basal,6,1200.0,712.0,1.0,32.0,6,270,1848,2,1.0
98,1.0,0.0,0.0,,,4,124.0098905128548,150.1722144672015,pobre,basal,6,1200.0,712.0,1.0,32.0,7,270,1848,2,1.0
97,1.0,0.0,0.0,1.0,6.0,7,124.0098905128548,150.1722144672015,pobre,basal,3,750.0,769.75,1.0,63.0,14,270,1849,6,1.0
98,1.0,0.0,0.0,1.0,7.0,7,124.0098905128548,150.1722144672015,pobre,basal,3,750.0,769.75,1.0,63.0,15,270,1849,6,1.0
97,0.0,0.0,0.0,0.0,4.0,7,124.0098905128548,150.1722144672015,pobre,basal,3,750.0,769.75,1.0,63.0,16,270,1850,4,0.0
98,0.0,0.0,0.0,,,7,124.0098905128548,150.1722144672015,pobre,basal,3,750.0,769.75,1.0,63.0,17,270,1850,4,0.0
97,0.0,0.0,0.0,0.0,4.0,6,124.0098905128548,150.1722144672015,pobre,basal,1,750.0,774.17999,1.0,47.0,10,270,1851,4,0.0
98,0.0,0.0,0.0,1.0,5.0,6,124.0098905128548,150.1722144672015,pobre,basal,1,750.0,774.17999,1.0,47.0,11,270,1851,4,0.0
97,0.0,0.0,0.0,0.0,2.0,6,124.0098905128548,150.1722144672015,pobre,basal,1,750.0,774.17999,1.0,47.0,7,270,1852,2,0.0
98,0.0,0.0,0.0,1.0,3.0,6,124.0098905128548,150.1722144672015,pobre,basal,1,750.0,774.17999,1.0,47.0,8,270,1852,2,0.0
97,0.0,0.0,0.0,1.0,4.0,5,124.0098905128548,150.1722144672015,pobre,basal,3,750.0,773.0,1.0,43.0,10,270,1853,4,1.0
98,0.0,0.0,0.0,1.0,5.0,5,124.0098905128548,150.1722144672015,pobre,basal,3,750.0,773.0,1.0,43.0,11,270,1853,4,1.0
97,1.0,0.0,0.0,1.0,6.0,5,124.0098905128548,150.1722144672015,pobre,basal,3,750.0,773.0,1.0,43.0,9,270,1854,6,1.0
98,1.0,0.0,0.0,1.0,7.0,5,124.0098905128548,150.1722144672015,pobre,basal,3,750.0,773.0,1.0,43.0,10,270,1854,6,1.0
97,1.0,0.0,0.0,1.0,3.0,4,124.0098905128548,150.1722144672015,no pobre,basal,6,750.0,1011.0,1.0,49.0,9,270,1855,3,1.0
98,1.0,0.0,0.0,1.0,4.0,4,124.0098905128548,150.1722144672015,no pobre,basal,6,750.0,1011.0,1.0,49.0,10,270,1855,3,1.0
97,1.0,0.0,0.0,1.0,5.0,6,124.0098905128548,150.1722144672015,pobre,basal,7,750.0,766.0,1.0,30.0,11,270,1856,5,1.0
98,1.0,0.0,0.0,1.0,6.0,6,124.0098905128548,150.1722144672015,pobre,basal,7,750.0,766.0,1.0,30.0,12,270,1856,5,1.0
97,1.0,0.0,0.0,1.0,5.0,6,124.0098905128548,150.1722144672015,pobre,basal,7,750.0,766.0,1.0,30.0,10,270,1857,5,1.0
98,1.0,0.0,0.0,1.0,5.0,6,124.0098905128548,150.1722144672015,pobre,basal,7,750.0,766.0,1.0,30.0,11,270,1857,5,1.0
97,0.0,0.0,0.0,,0.0,3,124.0098905128548,150.1722144672015,pobre,basal,6,750.0,632.0,1.0,35.0,16,270,1858,0,
98,0.0,0.0,0.0,0.0,8.0,3,124.0098905128548,150.1722144672015,pobre,basal,6,750.0,632.0,1.0,35.0,17,270,1858,0,
97,1.0,0.0,0.0,1.0,2.0,4,124.0098905128548,150.1722144672015,pobre,basal,0,875.0,725.0,1.0,35.0,8,270,1859,2,1.0
98,1.0,0.0,0.0,1.0,3.0,4,124.0098905128548,150.1722144672015,pobre,basal,0,875.0,725.0,1.0,35.0,9,270,1859,2,1.0
97,0.0,0.0,0.0,1.0,0.0,4,124.0098905128548,150.1722144672015,pobre,basal,0,875.0,725.0,1.0,35.0,6,270,1860,0,1.0
98,0.0,0.0,0.0,1.0,1.0,4,124.0098905128548,150.1722144672015,pobre,basal,0,875.0,725.0,1.0,35.0,7,270,1860,0,1.0
97,0.0,0.0,0.0,1.0,1.0,4,124.0098905128548,150.1722144672015,no pobre,basal,1,500.0,789.0,0.0,63.0,7,270,1861,1,1.0
98,0.0,0.0,0.0,1.0,2.0,4,124.0098905128548,150.1722144672015,no pobre,basal,1,500.0,789.0,0.0,63.0,8,270,1861,1,1.0
97,0.0,0.0,0.0,1.0,1.0,5,124.0098905128548,150.1722144672015,pobre,basal,6,750.0,774.5,1.0,36.0,7,270,1862,1,1.0
98,0.0,0.0,0.0,1.0,2.0,5,124.0098905128548,150.1722144672015,pobre,basal,6,750.0,774.5,1.0,36.0,8,270,1862,1,1.0
97,1.0,0.0,0.0,1.0,6.0,7,124.0098905128548,150.1722144672015,no pobre,basal,4,750.0,1027.0,1.0,44.0,14,270,1863,6,1.0
98,1.0,0.0,0.0,1.0,7.0,7,124.0098905128548,150.1722144672015,no pobre,basal,4,750.0,1027.0,1.0,44.0,15,270,1863,6,1.0
97,1.0,0.0,0.0,1.0,4.0,7,124.0098905128548,150.1722144672015,no pobre,basal,4,750.0,1027.0,1.0,44.0,13,270,1864,4,1.0
98,1.0,0.0,0.0,1.0,5.0,7,124.0098905128548,150.1722144672015,no pobre,basal,4,750.0,1027.0,1.0,44.0,14,270,1864,4,1.0
97,1.0,0.0,0.0,1.0,5.0,6,124.0098905128548,150.1722144672015,pobre,basal,1,750.0,776.0,1.0,50.0,15,270,1865,5,1.0
98,1.0,0.0,0.0,1.0,6.0,6,124.0098905128548,150.1722144672015,pobre,basal,1,750.0,776.0,1.0,50.0,16,270,1865,5,1.0
97,0.0,0.0,0.0,1.0,0.0,6,124.0098905128548,150.1722144672015,pobre,basal,1,750.0,776.0,1.0,50.0,8,270,1866,0,1.0
98,0.0,0.0,0.0,1.0,1.0,6,124.0098905128548,150.1722144672015,pobre,basal,1,750.0,776.0,1.0,50.0,9,270,1866,0,1.0
97,1.0,0.0,0.0,1.0,4.0,7,124.0098905128548,150.1722144672015,no pobre,basal,1,0.0,896.33002,1.0,47.0,10,270,1867,4,1.0
98,1.0,0.0,0.0,1.0,5.0,7,124.0098905128548,150.1722144672015,no pobre,basal,1,0.0,896.33002,1.0,47.0,11,270,1867,4,1.0
97,0.0,0.0,0.0,,0.0,3,124.0098905128548,150.1722144672015,pobre,basal,0,750.0,742.14001,1.0,51.0,6,270,1868,0,
98,0.0,0.0,0.0,,,3,124.0098905128548,150.1722144672015,pobre,basal,0,750.0,742.14001,1.0,51.0,7,270,1868,0,
97,0.0,0.0,0.0,1.0,6.0,4,124.0098905128548,150.1722144672015,pobre,basal,2,750.0,729.0,1.0,51.0,14,270,1869,6,1.0
98,0.0,0.0,0.0,1.0,7.0,4,124.0098905128548,150.1722144672015,pobre,basal,2,750.0,729.0,1.0,51.0,15,270,1869,6,1.0
97,1.0,0.0,0.0,1.0,7.0,4,124.0098905128548,150.1722144672015,pobre,basal,4,750.0,717.0,1.0,45.0,15,270,1870,7,1.0
98,1.0,0.0,0.0,1.0,8.0,4,124.0098905128548,150.1722144672015,pobre,basal,4,750.0,717.0,1.0,45.0,16,270,1870,7,1.0
97,1.0,0.0,0.0,1.0,7.0,5,124.0098905128548,150.1722144672015,no pobre,basal,0,0.0,1012.67,1.0,58.0,14,270,1871,7,1.0
98,1.0,0.0,0.0,1.0,8.0,5,124.0098905128548,150.1722144672015,no pobre,basal,0,0.0,1012.67,1.0,58.0,15,270,1871,7,1.0
97,0.0,0.0,0.0,1.0,5.0,5,124.0098905128548,150.1722144672015,no pobre,basal,0,0.0,1012.67,1.0,58.0,13,270,1872,5,1.0
98,0.0,0.0,0.0,1.0,6.0,5,124.0098905128548,150.1722144672015,no pobre,basal,0,0.0,1012.67,1.0,58.0,14,270,1872,5,1.0
97,0.0,0.0,0.0,,0.0,4,124.0098905128548,150.1722144672015,no pobre,basal,15,2200.0,1184.14,1.0,42.0,10,270,1873,0,
98,0.0,0.0,0.0,1.0,3.0,4,124.0098905128548,150.1722144672015,no pobre,basal,15,2200.0,1184.14,1.0,42.0,11,270,1873,0,
97,0.0,0.0,0.0,0.0,6.0,7,124.0098905128548,150.1722144672015,pobre,basal,0,375.0,601.33002,0.0,42.0,15,270,1874,6,0.0
98,0.0,0.0,0.0,1.0,6.0,7,124.0098905128548,150.1722144672015,pobre,basal,0,375.0,601.33002,0.0,42.0,16,270,1874,6,0.0
97,0.0,0.0,0.0,0.0,2.0,7,124.0098905128548,150.1722144672015,pobre,basal,0,375.0,601.33002,0.0,42.0,10,270,1875,2,0.0
98,0.0,0.0,0.0,1.0,2.0,7,124.0098905128548,150.1722144672015,pobre,basal,0,375.0,601.33002,0.0,42.0,11,270,1875,2,0.0
97,1.0,0.0,0.0,1.0,3.0,7,124.0098905128548,150.1722144672015,pobre,basal,0,375.0,601.33002,0.0,42.0,9,270,1876,3,1.0
98,1.0,0.0,0.0,1.0,3.0,7,124.0098905128548,150.1722144672015,pobre,basal,0,375.0,601.33002,0.0,42.0,10,270,1876,3,1.0
97,0.0,0.0,0.0,1.0,1.0,7,124.0098905128548,150.1722144672015,pobre,basal,0,375.0,601.33002,0.0,42.0,8,270,1877,1,1.0
98,0.0,0.0,0.0,1.0,1.0,7,124.0098905128548,150.1722144672015,pobre,basal,0,375.0,601.33002,0.0,42.0,9,270,1877,1,1.0
97,0.0,0.0,0.0,1.0,4.0,5,124.0098905128548,150.1722144672015,pobre,basal,5,750.0,631.0,1.0,34.0,12,270,1878,4,1.0
98,0.0,0.0,0.0,,,5,124.0098905128548,150.1722144672015,pobre,basal,5,750.0,631.0,1.0,34.0,13,270,1878,4,1.0
97,1.0,0.0,0.0,1.0,6.0,9,124.0098905128548,150.1722144672015,pobre,basal,0,750.0,543.0,1.0,48.0,13,270,1879,6,1.0
98,1.0,0.0,0.0,1.0,7.0,9,124.0098905128548,150.1722144672015,pobre,basal,0,750.0,543.0,1.0,48.0,14,270,1879,6,1.0
97,0.0,0.0,0.0,1.0,3.0,9,124.0098905128548,150.1722144672015,pobre,basal,0,750.0,543.0,1.0,48.0,13,270,1880,3,1.0
98,0.0,0.0,0.0,0.0,4.0,9,124.0098905128548,150.1722144672015,pobre,basal,0,750.0,543.0,1.0,48.0,14,270,1880,3,1.0
97,0.0,0.0,0.0,1.0,5.0,9,124.0098905128548,150.1722144672015,pobre,basal,0,750.0,543.0,1.0,48.0,11,270,1881,5,1.0
98,0.0,0.0,0.0,1.0,6.0,9,124.0098905128548,150.1722144672015,pobre,basal,0,750.0,543.0,1.0,48.0,12,270,1881,5,1.0
97,0.0,0.0,0.0,1.0,2.0,9,124.0098905128548,150.1722144672015,pobre,basal,0,750.0,543.0,1.0,48.0,8,270,1882,2,1.0
98,0.0,0.0,0.0,1.0,3.0,9,124.0098905128548,150.1722144672015,pobre,basal,0,750.0,543.0,1.0,48.0,9,270,1882,2,1.0
97,0.0,0.0,0.0,0.0,3.0,9,124.0098905128548,150.1722144672015,pobre,basal,0,750.0,675.25,1.0,48.0,14,270,1883,3,0.0
98,0.0,0.0,0.0,0.0,4.0,9,124.0098905128548,150.1722144672015,pobre,basal,0,750.0,675.25,1.0,48.0,15,270,1883,3,0.0
97,1.0,0.0,0.0,1.0,3.0,9,124.0098905128548,150.1722144672015,pobre,basal,0,750.0,675.25,1.0,48.0,12,270,1884,3,1.0
98,1.0,0.0,0.0,1.0,4.0,9,124.0098905128548,150.1722144672015,pobre,basal,0,750.0,675.25,1.0,48.0,13,270,1884,3,1.0
97,0.0,0.0,0.0,,2.0,9,124.0098905128548,150.1722144672015,pobre,basal,0,750.0,675.25,1.0,48.0,9,270,1885,2,
98,0.0,0.0,0.0,1.0,3.0,9,124.0098905128548,150.1722144672015,pobre,basal,0,750.0,675.25,1.0,48.0,10,270,1885,2,
97,1.0,0.0,0.0,,1.0,9,124.0098905128548,150.1722144672015,pobre,basal,0,750.0,675.25,1.0,48.0,8,270,1886,1,
98,1.0,0.0,0.0,1.0,2.0,9,124.0098905128548,150.1722144672015,pobre,basal,0,750.0,675.25,1.0,48.0,9,270,1886,1,
97,0.0,0.0,0.0,1.0,1.0,5,124.0098905128548,150.1722144672015,pobre,basal,5,750.0,738.5,1.0,26.0,7,270,1887,1,1.0
98,0.0,0.0,0.0,,,5,124.0098905128548,150.1722144672015,pobre,basal,5,750.0,738.5,1.0,26.0,8,270,1887,1,1.0
97,1.0,0.0,0.0,1.0,5.0,7,124.0098905128548,150.1722144672015,no pobre,basal,0,720.0,831.75,1.0,48.0,13,270,1888,5,1.0
98,1.0,0.0,0.0,1.0,6.0,7,124.0098905128548,150.1722144672015,no pobre,basal,0,720.0,831.75,1.0,48.0,14,270,1888,5,1.0
97,1.0,0.0,0.0,1.0,2.0,7,124.0098905128548,150.1722144672015,no pobre,basal,0,720.0,831.75,1.0,48.0,12,270,1889,2,1.0
98,1.0,0.0,0.0,1.0,3.0,7,124.0098905128548,150.1722144672015,no pobre,basal,0,720.0,831.75,1.0,48.0,13,270,1889,2,1.0
97,1.0,0.0,0.0,1.0,2.0,7,124.0098905128548,150.1722144672015,no pobre,basal,0,720.0,831.75,1.0,48.0,10,270,1890,2,1.0
98,1.0,0.0,0.0,,,7,124.0098905128548,150.1722144672015,no pobre,basal,0,720.0,831.75,1.0,48.0,11,270,1890,2,1.0
97,1.0,0.0,0.0,1.0,5.0,4,124.0098905128548,150.1722144672015,no pobre,basal,0,0.0,799.0,0.0,60.0,10,270,1891,5,1.0
98,1.0,0.0,0.0,1.0,3.0,4,124.0098905128548,150.1722144672015,no pobre,basal,0,0.0,799.0,0.0,60.0,11,270,1891,5,1.0
97,0.0,0.0,0.0,1.0,1.0,5,124.0098905128548,150.1722144672015,pobre,basal,2,720.0,813.0,1.0,61.0,7,270,1892,1,1.0
98,0.0,0.0,0.0,1.0,2.0,5,124.0098905128548,150.1722144672015,pobre,basal,2,720.0,813.0,1.0,61.0,8,270,1892,1,1.0
97,1.0,0.0,0.0,1.0,0.0,5,124.0098905128548,150.1722144672015,pobre,basal,2,720.0,813.0,1.0,61.0,6,270,1893,0,1.0
98,1.0,0.0,0.0,1.0,1.0,5,124.0098905128548,150.1722144672015,pobre,basal,2,720.0,813.0,1.0,61.0,7,270,1893,0,1.0
97,0.0,,0.0,1.0,4.0,4,124.0098905128548,150.1722144672015,no pobre,basal,0,720.0,819.0,1.0,65.0,10,270,1894,4,1.0
98,0.0,,0.0,1.0,5.0,4,124.0098905128548,150.1722144672015,no pobre,basal,0,720.0,819.0,1.0,65.0,11,270,1894,4,1.0
97,1.0,0.0,0.0,0.0,1.0,6,124.0098905128548,150.1722144672015,pobre,basal,1,720.0,805.0,1.0,62.0,14,270,1895,1,0.0
98,1.0,0.0,0.0,0.0,1.0,6,124.0098905128548,150.1722144672015,pobre,basal,1,720.0,805.0,1.0,62.0,15,270,1895,1,0.0
97,0.0,0.0,0.0,1.0,8.0,6,124.0098905128548,150.1722144672015,no pobre,basal,1,800.0,818.0,1.0,50.0,15,270,1896,8,1.0
98,0.0,0.0,0.0,0.0,9.0,6,124.0098905128548,150.1722144672015,no pobre,basal,1,800.0,818.0,1.0,50.0,16,270,1896,8,1.0
97,0.0,0.0,0.0,1.0,4.0,5,124.0098905128548,150.1722144672015,pobre,basal,6,750.0,768.5,1.0,35.0,10,270,1897,4,1.0
98,0.0,0.0,0.0,1.0,4.0,5,124.0098905128548,150.1722144672015,pobre,basal,6,750.0,768.5,1.0,35.0,11,270,1897,4,1.0
97,1.0,0.0,0.0,1.0,7.0,4,124.0098905128548,150.1722144672015,no pobre,basal,3,875.0,904.0,1.0,41.0,14,270,1898,7,1.0
98,1.0,0.0,0.0,0.0,8.0,4,124.0098905128548,150.1722144672015,no pobre,basal,3,875.0,904.0,1.0,41.0,15,270,1898,7,1.0
97,1.0,0.0,0.0,0.0,5.0,7,124.0098905128548,150.1722144672015,pobre,basal,3,750.0,596.75,1.0,45.0,14,270,1899,5,0.0
98,1.0,0.0,0.0,1.0,6.0,7,124.0098905128548,150.1722144672015,pobre,basal,3,750.0,596.75,1.0,45.0,15,270,1899,5,0.0
97,1.0,,0.0,0.0,1.0,7,124.0098905128548,150.1722144672015,pobre,basal,3,750.0,596.75,1.0,45.0,7,270,1900,1,0.0
98,1.0,,0.0,1.0,2.0,7,124.0098905128548,150.1722144672015,pobre,basal,3,750.0,596.75,1.0,45.0,8,270,1900,1,0.0
97,0.0,0.0,0.0,1.0,6.0,5,124.0098905128548,150.1722144672015,pobre,basal,6,600.0,796.5,1.0,37.0,12,270,1901,6,1.0
98,0.0,0.0,0.0,1.0,7.0,5,124.0098905128548,150.1722144672015,pobre,basal,6,600.0,796.5,1.0,37.0,13,270,1901,6,1.0
97,0.0,0.0,0.0,1.0,1.0,5,124.0098905128548,150.1722144672015,pobre,basal,6,600.0,796.5,1.0,37.0,6,270,1902,1,1.0
98,0.0,0.0,0.0,1.0,2.0,5,124.0098905128548,150.1722144672015,pobre,basal,6,600.0,796.5,1.0,37.0,7,270,1902,1,1.0
97,1.0,0.0,0.0,0.0,9.0,8,124.0098905128548,150.1722144672015,pobre,basal,3,600.0,698.0,0.0,37.0,15,270,1903,9,0.0
98,1.0,0.0,0.0,0.0,9.0,8,124.0098905128548,150.1722144672015,pobre,basal,3,600.0,698.0,0.0,37.0,16,270,1903,9,0.0
97,0.0,0.0,0.0,1.0,7.0,8,124.0098905128548,150.1722144672015,pobre,basal,3,600.0,698.0,0.0,37.0,14,270,1904,7,1.0
98,0.0,0.0,0.0,1.0,8.0,8,124.0098905128548,150.1722144672015,pobre,basal,3,600.0,698.0,0.0,37.0,15,270,1904,7,1.0
97,0.0,0.0,0.0,1.0,4.0,8,124.0098905128548,150.1722144672015,pobre,basal,3,600.0,698.0,0.0,37.0,11,270,1905,4,1.0
98,0.0,0.0,0.0,1.0,5.0,8,124.0098905128548,150.1722144672015,pobre,basal,3,600.0,698.0,0.0,37.0,12,270,1905,4,1.0
97,0.0,0.0,0.0,1.0,3.0,8,124.0098905128548,150.1722144672015,pobre,basal,3,600.0,698.0,0.0,37.0,9,270,1906,3,1.0
98,0.0,0.0,0.0,1.0,4.0,8,124.0098905128548,150.1722144672015,pobre,basal,3,600.0,698.0,0.0,37.0,10,270,1906,3,1.0
97,0.0,0.0,0.0,1.0,3.0,8,124.0098905128548,150.1722144672015,pobre,basal,3,600.0,698.0,0.0,37.0,6,270,1907,3,1.0
98,0.0,0.0,0.0,1.0,1.0,8,124.0098905128548,150.1722144672015,pobre,basal,3,600.0,698.0,0.0,37.0,7,270,1907,3,1.0
97,1.0,0.0,0.0,1.0,4.0,7,124.0098905128548,150.1722144672015,pobre,basal,3,750.0,722.5,1.0,49.0,10,270,1908,4,1.0
98,1.0,0.0,0.0,1.0,5.0,7,124.0098905128548,150.1722144672015,pobre,basal,3,750.0,722.5,1.0,49.0,11,270,1908,4,1.0
97,1.0,0.0,0.0,1.0,8.0,8,124.0098905128548,150.1722144672015,pobre,basal,2,1400.0,688.0,1.0,43.0,16,270,1909,8,1.0
98,1.0,0.0,0.0,,,8,124.0098905128548,150.1722144672015,pobre,basal,2,1400.0,688.0,1.0,43.0,17,270,1909,8,1.0
97,1.0,0.0,0.0,1.0,8.0,8,124.0098905128548,150.1722144672015,pobre,basal,2,1400.0,688.0,1.0,43.0,13,270,1910,8,1.0
98,1.0,0.0,0.0,0.0,9.0,8,124.0098905128548,150.1722144672015,pobre,basal,2,1400.0,688.0,1.0,43.0,14,270,1910,8,1.0
97,1.0,0.0,0.0,1.0,4.0,8,124.0098905128548,150.1722144672015,pobre,basal,2,1400.0,688.0,1.0,43.0,10,270,1911,4,1.0
98,1.0,0.0,0.0,1.0,5.0,8,124.0098905128548,150.1722144672015,pobre,basal,2,1400.0,688.0,1.0,43.0,11,270,1911,4,1.0
97,0.0,0.0,0.0,1.0,0.0,8,124.0098905128548,150.1722144672015,pobre,basal,2,1400.0,688.0,1.0,43.0,6,270,1912,0,1.0
98,0.0,0.0,0.0,1.0,1.0,8,124.0098905128548,150.1722144672015,pobre,basal,2,1400.0,688.0,1.0,43.0,7,270,1912,0,1.0
97,1.0,0.0,0.0,,0.0,5,124.0098905128548,150.1722144672015,pobre,basal,6,750.0,547.0,1.0,28.0,8,270,1913,0,
98,1.0,0.0,0.0,1.0,3.0,5,124.0098905128548,150.1722144672015,pobre,basal,6,750.0,547.0,1.0,28.0,9,270,1913,0,
97,1.0,0.0,0.0,1.0,10.0,3,124.0098905128548,150.1722144672015,no pobre,basal,0,625.0,799.5,1.0,65.0,15,270,1914,10,1.0
98,1.0,0.0,0.0,,,3,124.0098905128548,150.1722144672015,no pobre,basal,0,625.0,799.5,1.0,65.0,16,270,1914,10,1.0
97,1.0,0.0,0.0,1.0,0.0,3,124.0098905128548,150.1722144672015,pobre,basal,6,750.0,684.5,1.0,35.0,6,270,1915,0,1.0
98,1.0,0.0,0.0,1.0,1.0,3,124.0098905128548,150.1722144672015,pobre,basal,6,750.0,684.5,1.0,35.0,7,270,1915,0,1.0
97,1.0,0.0,0.0,1.0,1.0,4,124.0098905128548,150.1722144672015,pobre,basal,6,875.0,840.14001,1.0,30.0,7,270,1916,1,1.0
98,1.0,0.0,0.0,1.0,2.0,4,124.0098905128548,150.1722144672015,pobre,basal,6,875.0,840.14001,1.0,30.0,8,270,1916,1,1.0
97,0.0,0.0,0.0,1.0,0.0,3,124.0098905128548,150.1722144672015,pobre,basal,4,750.0,747.0,1.0,39.0,7,270,1917,0,1.0
98,0.0,0.0,0.0,1.0,1.0,3,124.0098905128548,150.1722144672015,pobre,basal,4,750.0,747.0,1.0,39.0,8,270,1917,0,1.0
97,0.0,0.0,0.0,0.0,9.0,7,124.0098905128548,150.1722144672015,pobre,basal,6,750.0,582.0,1.0,38.0,16,270,1918,9,0.0
98,0.0,0.0,0.0,,,7,124.0098905128548,150.1722144672015,pobre,basal,6,750.0,582.0,1.0,38.0,17,270,1918,9,0.0
97,0.0,0.0,0.0,1.0,4.0,7,124.0098905128548,150.1722144672015,pobre,basal,6,750.0,582.0,1.0,38.0,10,270,1919,4,1.0
98,0.0,0.0,0.0,1.0,5.0,7,124.0098905128548,150.1722144672015,pobre,basal,6,750.0,582.0,1.0,38.0,11,270,1919,4,1.0
97,1.0,0.0,0.0,1.0,2.0,7,124.0098905128548,150.1722144672015,pobre,basal,6,750.0,582.0,1.0,38.0,8,270,1920,2,1.0
98,1.0,0.0,0.0,1.0,3.0,7,124.0098905128548,150.1722144672015,pobre,basal,6,750.0,582.0,1.0,38.0,9,270,1920,2,1.0
97,0.0,0.0,0.0,1.0,7.0,7,124.0098905128548,150.1722144672015,pobre,basal,6,400.0,611.0,1.0,37.0,14,270,1921,7,1.0
98,0.0,0.0,0.0,1.0,8.0,7,124.0098905128548,150.1722144672015,pobre,basal,6,400.0,611.0,1.0,37.0,15,270,1921,7,1.0
97,1.0,0.0,0.0,1.0,5.0,7,124.0098905128548,150.1722144672015,pobre,basal,6,400.0,611.0,1.0,37.0,10,270,1922,5,1.0
98,1.0,0.0,0.0,1.0,6.0,7,124.0098905128548,150.1722144672015,pobre,basal,6,400.0,611.0,1.0,37.0,11,270,1922,5,1.0
97,1.0,0.0,0.0,1.0,2.0,7,124.0098905128548,150.1722144672015,pobre,basal,6,400.0,611.0,1.0,37.0,9,270,1923,2,1.0
98,1.0,0.0,0.0,1.0,3.0,7,124.0098905128548,150.1722144672015,pobre,basal,6,400.0,611.0,1.0,37.0,10,270,1923,2,1.0
97,1.0,0.0,0.0,0.0,1.0,7,124.0098905128548,150.1722144672015,pobre,basal,6,750.0,588.5,1.0,29.0,9,270,1924,1,0.0
98,1.0,0.0,0.0,1.0,1.0,7,124.0098905128548,150.1722144672015,pobre,basal,6,750.0,588.5,1.0,29.0,10,270,1924,1,0.0
97,0.0,0.0,0.0,1.0,2.0,7,124.0098905128548,150.1722144672015,pobre,basal,6,750.0,588.5,1.0,29.0,8,270,1925,2,1.0
98,0.0,0.0,0.0,1.0,3.0,7,124.0098905128548,150.1722144672015,pobre,basal,6,750.0,588.5,1.0,29.0,9,270,1925,2,1.0
97,1.0,0.0,0.0,1.0,8.0,4,124.0098905128548,150.1722144672015,no pobre,basal,0,750.0,1031.0,1.0,55.0,15,270,1926,8,1.0
98,1.0,0.0,0.0,0.0,9.0,4,124.0098905128548,150.1722144672015,no pobre,basal,0,750.0,1031.0,1.0,55.0,16,270,1926,8,1.0
97,0.0,0.0,0.0,1.0,5.0,6,124.0098905128548,150.1722144672015,pobre,basal,5,83.333336,795.0,1.0,40.0,11,270,1927,5,1.0
98,0.0,0.0,0.0,1.0,6.0,6,124.0098905128548,150.1722144672015,pobre,basal,5,83.333336,795.0,1.0,40.0,12,270,1927,5,1.0
97,0.0,0.0,0.0,1.0,2.0,6,124.0098905128548,150.1722144672015,pobre,basal,5,83.333336,795.0,1.0,40.0,8,270,1928,2,1.0
98,0.0,0.0,0.0,1.0,3.0,6,124.0098905128548,150.1722144672015,pobre,basal,5,83.333336,795.0,1.0,40.0,9,270,1928,2,1.0
97,0.0,0.0,0.0,1.0,6.0,5,124.0098905128548,150.1722144672015,no pobre,basal,2,750.0,798.5,1.0,47.0,12,270,1929,6,1.0
98,0.0,0.0,0.0,1.0,7.0,5,124.0098905128548,150.1722144672015,no pobre,basal,2,750.0,798.5,1.0,47.0,13,270,1929,6,1.0
97,1.0,0.0,0.0,1.0,3.0,5,124.0098905128548,150.1722144672015,no pobre,basal,2,750.0,798.5,1.0,47.0,10,270,1930,3,1.0
98,1.0,0.0,0.0,1.0,4.0,5,124.0098905128548,150.1722144672015,no pobre,basal,2,750.0,798.5,1.0,47.0,11,270,1930,3,1.0
97,0.0,0.0,0.0,1.0,5.0,7,124.0098905128548,150.1722144672015,pobre,basal,6,750.0,430.0,1.0,32.0,10,270,1931,5,1.0
98,0.0,0.0,0.0,1.0,6.0,7,124.0098905128548,150.1722144672015,pobre,basal,6,750.0,430.0,1.0,32.0,11,270,1931,5,1.0
97,0.0,0.0,0.0,1.0,3.0,7,124.0098905128548,150.1722144672015,pobre,basal,6,750.0,430.0,1.0,32.0,8,270,1932,3,1.0
98,0.0,0.0,0.0,1.0,4.0,7,124.0098905128548,150.1722144672015,pobre,basal,6,750.0,430.0,1.0,32.0,9,270,1932,3,1.0
97,0.0,0.0,0.0,1.0,1.0,7,124.0098905128548,150.1722144672015,pobre,basal,6,750.0,430.0,1.0,32.0,7,270,1933,1,1.0
98,0.0,0.0,0.0,1.0,2.0,7,124.0098905128548,150.1722144672015,pobre,basal,6,750.0,430.0,1.0,32.0,8,270,1933,1,1.0
97,1.0,0.0,0.0,1.0,5.0,7,124.0098905128548,150.1722144672015,pobre,basal,0,750.0,579.0,1.0,49.0,15,270,1934,5,1.0
98,1.0,0.0,0.0,1.0,6.0,7,124.0098905128548,150.1722144672015,pobre,basal,0,750.0,579.0,1.0,49.0,16,270,1934,5,1.0
97,1.0,0.0,0.0,1.0,5.0,7,124.0098905128548,150.1722144672015,pobre,basal,0,750.0,579.0,1.0,49.0,11,270,1935,5,1.0
98,1.0,0.0,0.0,1.0,6.0,7,124.0098905128548,150.1722144672015,pobre,basal,0,750.0,579.0,1.0,49.0,12,270,1935,5,1.0
97,1.0,0.0,0.0,1.0,2.0,7,124.0098905128548,150.1722144672015,pobre,basal,0,750.0,579.0,1.0,49.0,9,270,1936,2,1.0
98,1.0,0.0,0.0,1.0,3.0,7,124.0098905128548,150.1722144672015,pobre,basal,0,750.0,579.0,1.0,49.0,10,270,1936,2,1.0
97,0.0,0.0,0.0,1.0,0.0,7,124.0098905128548,150.1722144672015,pobre,basal,0,750.0,579.0,1.0,49.0,7,270,1937,0,1.0
98,0.0,0.0,0.0,1.0,1.0,7,124.0098905128548,150.1722144672015,pobre,basal,0,750.0,579.0,1.0,49.0,8,270,1937,0,1.0
97,1.0,0.0,0.0,1.0,6.0,7,124.0098905128548,150.1722144672015,pobre,basal,2,625.0,593.0,1.0,46.0,13,270,1938,6,1.0
98,1.0,0.0,0.0,1.0,7.0,7,124.0098905128548,150.1722144672015,pobre,basal,2,625.0,593.0,1.0,46.0,14,270,1938,6,1.0
97,1.0,0.0,0.0,1.0,2.0,7,124.0098905128548,150.1722144672015,pobre,basal,2,625.0,593.0,1.0,46.0,11,270,1939,2,1.0
98,1.0,0.0,0.0,1.0,3.0,7,124.0098905128548,150.1722144672015,pobre,basal,2,625.0,593.0,1.0,46.0,12,270,1939,2,1.0
97,1.0,0.0,0.0,1.0,1.0,7,124.0098905128548,150.1722144672015,pobre,basal,2,625.0,593.0,1.0,46.0,8,270,1940,1,1.0
98,1.0,0.0,0.0,1.0,2.0,7,124.0098905128548,150.1722144672015,pobre,basal,2,625.0,593.0,1.0,46.0,9,270,1940,1,1.0
97,0.0,0.0,0.0,1.0,3.0,6,124.0098905128548,150.1722144672015,pobre,basal,4,750.0,639.0,1.0,35.0,9,270,1941,3,1.0
98,0.0,0.0,0.0,1.0,4.0,6,124.0098905128548,150.1722144672015,pobre,basal,4,750.0,639.0,1.0,35.0,10,270,1941,3,1.0
97,1.0,0.0,0.0,1.0,1.0,6,124.0098905128548,150.1722144672015,pobre,basal,4,750.0,639.0,1.0,35.0,7,270,1942,1,1.0
98,1.0,0.0,0.0,1.0,2.0,6,124.0098905128548,150.1722144672015,pobre,basal,4,750.0,639.0,1.0,35.0,8,270,1942,1,1.0
97,1.0,0.0,0.0,1.0,0.0,6,124.0098905128548,150.1722144672015,pobre,basal,4,750.0,639.0,1.0,35.0,6,270,1943,0,1.0
98,1.0,0.0,0.0,1.0,1.0,6,124.0098905128548,150.1722144672015,pobre,basal,4,750.0,639.0,1.0,35.0,7,270,1943,0,1.0
97,0.0,0.0,0.0,0.0,9.0,8,124.0098905128548,150.1722144672015,pobre,basal,0,750.0,678.0,1.0,56.0,16,270,1944,9,0.0
98,0.0,0.0,0.0,,,8,124.0098905128548,150.1722144672015,pobre,basal,0,750.0,678.0,1.0,56.0,17,270,1944,9,0.0
97,0.0,0.0,0.0,1.0,6.0,8,124.0098905128548,150.1722144672015,pobre,basal,0,750.0,678.0,1.0,56.0,11,270,1945,6,1.0
98,0.0,0.0,0.0,1.0,7.0,8,124.0098905128548,150.1722144672015,pobre,basal,0,750.0,678.0,1.0,56.0,12,270,1945,6,1.0
97,0.0,0.0,0.0,1.0,3.0,8,124.0098905128548,150.1722144672015,pobre,basal,0,750.0,678.0,1.0,56.0,10,270,1946,3,1.0
98,0.0,0.0,0.0,1.0,4.0,8,124.0098905128548,150.1722144672015,pobre,basal,0,750.0,678.0,1.0,56.0,11,270,1946,3,1.0
97,1.0,0.0,0.0,1.0,2.0,8,124.0098905128548,150.1722144672015,pobre,basal,0,750.0,678.0,1.0,56.0,8,270,1947,2,1.0
98,1.0,0.0,0.0,1.0,3.0,8,124.0098905128548,150.1722144672015,pobre,basal,0,750.0,678.0,1.0,56.0,9,270,1947,2,1.0
97,1.0,0.0,0.0,1.0,0.0,5,124.0098905128548,150.1722144672015,pobre,basal,6,750.0,602.0,1.0,37.0,6,270,1948,0,1.0
98,1.0,0.0,0.0,1.0,1.0,5,124.0098905128548,150.1722144672015,pobre,basal,6,750.0,602.0,1.0,37.0,7,270,1948,0,1.0
97,1.0,0.0,0.0,1.0,0.0,4,124.0098905128548,150.1722144672015,pobre,basal,6,750.0,699.0,1.0,30.0,6,270,1949,0,1.0
98,1.0,0.0,0.0,1.0,1.0,4,124.0098905128548,150.1722144672015,pobre,basal,6,750.0,699.0,1.0,30.0,7,270,1949,0,1.0
97,0.0,0.0,0.0,1.0,8.0,8,124.0098905128548,150.1722144672015,pobre,basal,3,750.0,600.0,1.0,40.0,15,270,1950,8,1.0
98,0.0,0.0,0.0,0.0,9.0,8,124.0098905128548,150.1722144672015,pobre,basal,3,750.0,600.0,1.0,40.0,16,270,1950,8,1.0
97,0.0,0.0,0.0,1.0,5.0,8,124.0098905128548,150.1722144672015,pobre,basal,3,750.0,600.0,1.0,40.0,13,270,1951,5,1.0
98,0.0,0.0,0.0,1.0,6.0,8,124.0098905128548,150.1722144672015,pobre,basal,3,750.0,600.0,1.0,40.0,14,270,1951,5,1.0
97,1.0,0.0,0.0,1.0,4.0,8,124.0098905128548,150.1722144672015,pobre,basal,3,750.0,600.0,1.0,40.0,11,270,1952,4,1.0
98,1.0,0.0,0.0,1.0,5.0,8,124.0098905128548,150.1722144672015,pobre,basal,3,750.0,600.0,1.0,40.0,12,270,1952,4,1.0
97,1.0,0.0,0.0,1.0,2.0,8,124.0098905128548,150.1722144672015,pobre,basal,3,750.0,600.0,1.0,40.0,8,270,1953,2,1.0
98,1.0,0.0,0.0,1.0,3.0,8,124.0098905128548,150.1722144672015,pobre,basal,3,750.0,600.0,1.0,40.0,9,270,1953,2,1.0
97,1.0,0.0,0.0,1.0,1.0,8,124.0098905128548,150.1722144672015,pobre,basal,3,750.0,600.0,1.0,40.0,7,270,1954,1,1.0
98,1.0,0.0,0.0,1.0,1.0,8,124.0098905128548,150.1722144672015,pobre,basal,3,750.0,600.0,1.0,40.0,8,270,1954,1,1.0
97,1.0,0.0,0.0,0.0,9.0,8,124.0098905128548,150.1722144672015,pobre,basal,0,625.0,713.0,1.0,50.0,16,270,1955,9,0.0
98,1.0,0.0,0.0,,,8,124.0098905128548,150.1722144672015,pobre,basal,0,625.0,713.0,1.0,50.0,17,270,1955,9,0.0
97,1.0,0.0,0.0,1.0,8.0,8,124.0098905128548,150.1722144672015,pobre,basal,0,625.0,713.0,1.0,50.0,14,270,1956,8,1.0
98,1.0,0.0,0.0,0.0,6.0,8,124.0098905128548,150.1722144672015,pobre,basal,0,625.0,713.0,1.0,50.0,15,270,1956,8,1.0
97,1.0,0.0,0.0,1.0,5.0,8,124.0098905128548,150.1722144672015,pobre,basal,0,625.0,713.0,1.0,50.0,11,270,1957,5,1.0
98,1.0,0.0,0.0,1.0,6.0,8,124.0098905128548,150.1722144672015,pobre,basal,0,625.0,713.0,1.0,50.0,12,270,1957,5,1.0
97,0.0,0.0,0.0,1.0,3.0,8,124.0098905128548,150.1722144672015,pobre,basal,0,625.0,713.0,1.0,50.0,8,270,1958,3,1.0
98,0.0,0.0,0.0,1.0,4.0,8,124.0098905128548,150.1722144672015,pobre,basal,0,625.0,713.0,1.0,50.0,9,270,1958,3,1.0
97,0.0,0.0,0.0,1.0,1.0,3,124.0098905128548,150.1722144672015,no pobre,basal,6,2000.0,894.0,1.0,36.0,6,270,1959,1,1.0
98,0.0,0.0,0.0,1.0,2.0,3,124.0098905128548,150.1722144672015,no pobre,basal,6,2000.0,894.0,1.0,36.0,7,270,1959,1,1.0
97,1.0,0.0,0.0,0.0,9.0,6,124.0098905128548,150.1722144672015,pobre,basal,3,750.0,625.0,1.0,40.0,16,270,1960,9,0.0
98,1.0,0.0,0.0,,,6,124.0098905128548,150.1722144672015,pobre,basal,3,750.0,625.0,1.0,40.0,17,270,1960,9,0.0
97,1.0,0.0,0.0,1.0,5.0,6,124.0098905128548,150.1722144672015,pobre,basal,3,750.0,625.0,1.0,40.0,13,270,1961,5,1.0
98,1.0,0.0,0.0,1.0,6.0,6,124.0098905128548,150.1722144672015,pobre,basal,3,750.0,625.0,1.0,40.0,14,270,1961,5,1.0
97,0.0,0.0,0.0,1.0,4.0,6,124.0098905128548,150.1722144672015,pobre,basal,3,750.0,625.0,1.0,40.0,10,270,1962,4,1.0
98,0.0,0.0,0.0,1.0,5.0,6,124.0098905128548,150.1722144672015,pobre,basal,3,750.0,625.0,1.0,40.0,11,270,1962,4,1.0
97,0.0,0.0,0.0,1.0,6.0,5,124.0098905128548,150.1722144672015,no pobre,basal,6,750.0,843.5,1.0,38.0,12,270,1963,6,1.0
98,0.0,0.0,0.0,1.0,7.0,5,124.0098905128548,150.1722144672015,no pobre,basal,6,750.0,843.5,1.0,38.0,13,270,1963,6,1.0
97,0.0,0.0,0.0,1.0,2.0,5,124.0098905128548,150.1722144672015,no pobre,basal,6,750.0,843.5,1.0,38.0,7,270,1964,2,1.0
98,0.0,0.0,0.0,1.0,2.0,5,124.0098905128548,150.1722144672015,no pobre,basal,6,750.0,843.5,1.0,38.0,8,270,1964,2,1.0
97,1.0,0.0,0.0,1.0,8.0,8,124.0098905128548,150.1722144672015,pobre,basal,6,200.0,701.0,1.0,35.0,15,270,1965,8,1.0
98,1.0,0.0,0.0,1.0,8.0,8,124.0098905128548,150.1722144672015,pobre,basal,6,200.0,701.0,1.0,35.0,16,270,1965,8,1.0
97,0.0,0.0,0.0,1.0,6.0,8,124.0098905128548,150.1722144672015,pobre,basal,6,200.0,701.0,1.0,35.0,13,270,1966,6,1.0
98,0.0,0.0,0.0,1.0,7.0,8,124.0098905128548,150.1722144672015,pobre,basal,6,200.0,701.0,1.0,35.0,14,270,1966,6,1.0
97,1.0,0.0,0.0,1.0,3.0,8,124.0098905128548,150.1722144672015,pobre,basal,6,200.0,701.0,1.0,35.0,9,270,1967,3,1.0
98,1.0,0.0,0.0,1.0,4.0,8,124.0098905128548,150.1722144672015,pobre,basal,6,200.0,701.0,1.0,35.0,10,270,1967,3,1.0
97,0.0,0.0,0.0,1.0,8.0,7,124.0098905128548,150.1722144672015,pobre,basal,4,720.0,621.0,1.0,40.0,13,270,1968,8,1.0
98,0.0,0.0,0.0,1.0,8.0,7,124.0098905128548,150.1722144672015,pobre,basal,4,720.0,621.0,1.0,40.0,14,270,1968,8,1.0
97,0.0,0.0,0.0,1.0,5.0,7,124.0098905128548,150.1722144672015,pobre,basal,4,720.0,621.0,1.0,40.0,10,270,1969,5,1.0
98,0.0,0.0,0.0,1.0,6.0,7,124.0098905128548,150.1722144672015,pobre,basal,4,720.0,621.0,1.0,40.0,11,270,1969,5,1.0
97,0.0,0.0,0.0,1.0,2.0,7,124.0098905128548,150.1722144672015,pobre,basal,4,720.0,621.0,1.0,40.0,8,270,1970,2,1.0
98,0.0,0.0,0.0,1.0,3.0,7,124.0098905128548,150.1722144672015,pobre,basal,4,720.0,621.0,1.0,40.0,9,270,1970,2,1.0
97,1.0,0.0,0.0,0.0,2.0,6,124.0098905128548,150.1722144672015,pobre,basal,6,750.0,693.0,1.0,39.0,14,270,1971,2,0.0
98,1.0,0.0,0.0,0.0,2.0,6,124.0098905128548,150.1722144672015,pobre,basal,6,750.0,693.0,1.0,39.0,15,270,1971,2,0.0
97,0.0,0.0,0.0,1.0,7.0,6,124.0098905128548,150.1722144672015,pobre,basal,6,750.0,693.0,1.0,39.0,12,270,1972,7,1.0
98,0.0,0.0,0.0,1.0,8.0,6,124.0098905128548,150.1722144672015,pobre,basal,6,750.0,693.0,1.0,39.0,13,270,1972,7,1.0
97,1.0,0.0,0.0,1.0,1.0,6,124.0098905128548,150.1722144672015,pobre,basal,6,750.0,693.0,1.0,39.0,8,270,1973,1,1.0
98,1.0,0.0,0.0,1.0,2.0,6,124.0098905128548,150.1722144672015,pobre,basal,6,750.0,693.0,1.0,39.0,9,270,1973,1,1.0
97,1.0,0.0,0.0,1.0,0.0,6,124.0098905128548,150.1722144672015,pobre,basal,6,750.0,693.0,1.0,39.0,7,270,1974,0,1.0
98,1.0,0.0,0.0,1.0,1.0,6,124.0098905128548,150.1722144672015,pobre,basal,6,750.0,693.0,1.0,39.0,8,270,1974,0,1.0
97,1.0,0.0,0.0,0.0,4.0,7,124.0098905128548,150.1722144672015,pobre,basal,3,750.0,758.33002,1.0,42.0,13,270,1975,4,0.0
98,1.0,0.0,0.0,1.0,3.0,7,124.0098905128548,150.1722144672015,pobre,basal,3,750.0,758.33002,1.0,42.0,14,270,1975,4,0.0
97,1.0,0.0,0.0,,0.0,7,124.0098905128548,150.1722144672015,pobre,basal,3,750.0,758.33002,1.0,42.0,9,270,1976,0,
98,1.0,0.0,0.0,1.0,3.0,7,124.0098905128548,150.1722144672015,pobre,basal,3,750.0,758.33002,1.0,42.0,10,270,1976,0,
97,0.0,0.0,2.0680001,1.0,5.0,3,151.1757853545379,180.0622438071587,pobre,basal,0,625.0,723.0,0.0,29.0,13,239,1977,5,1.0
98,0.0,0.0,2.0680001,1.0,6.0,3,151.1757853545379,180.0622438071587,pobre,basal,0,625.0,723.0,0.0,29.0,14,239,1977,5,1.0
97,0.0,0.0,2.0680001,1.0,2.0,3,151.1757853545379,180.0622438071587,pobre,basal,0,625.0,723.0,0.0,29.0,9,239,1978,2,1.0
98,0.0,0.0,2.0680001,1.0,3.0,3,151.1757853545379,180.0622438071587,pobre,basal,0,625.0,723.0,0.0,29.0,10,239,1978,2,1.0
97,1.0,1.0,2.0739999,1.0,6.0,4,143.0090656464186,197.23808827357,pobre,0,0,375.0,603.0,1.0,47.0,15,61,1979,6,1.0
98,1.0,1.0,2.0739999,,,4,143.0090656464186,197.23808827357,pobre,0,0,375.0,603.0,1.0,47.0,16,61,1979,6,1.0
97,0.0,1.0,2.0739999,1.0,3.0,4,143.0090656464186,197.23808827357,pobre,0,0,375.0,603.0,1.0,47.0,12,61,1980,3,1.0
98,0.0,1.0,2.0739999,1.0,4.0,4,143.0090656464186,197.23808827357,pobre,0,0,375.0,603.0,1.0,47.0,13,61,1980,3,1.0
97,0.0,1.0,2.0739999,1.0,1.0,4,143.0090656464186,197.23808827357,pobre,0,0,375.0,603.0,1.0,47.0,7,61,1981,1,1.0
98,0.0,1.0,2.0739999,1.0,2.0,4,143.0090656464186,197.23808827357,pobre,0,0,375.0,603.0,1.0,47.0,8,61,1981,1,1.0
97,0.0,1.0,2.0739999,0.0,9.0,7,143.0090656464186,197.23808827357,pobre,0,2,250.0,537.5,1.0,43.0,16,61,1982,9,0.0
98,0.0,1.0,2.0739999,,,7,143.0090656464186,197.23808827357,pobre,0,2,250.0,537.5,1.0,43.0,17,61,1982,9,0.0
97,0.0,1.0,2.0739999,0.0,8.0,7,143.0090656464186,197.23808827357,pobre,0,2,250.0,537.5,1.0,43.0,14,61,1983,8,0.0
98,0.0,1.0,2.0739999,,,7,143.0090656464186,197.23808827357,pobre,0,2,250.0,537.5,1.0,43.0,15,61,1983,8,0.0
97,1.0,1.0,2.0739999,1.0,3.0,7,143.0090656464186,197.23808827357,pobre,0,2,250.0,537.5,1.0,43.0,11,61,1984,3,1.0
98,1.0,1.0,2.0739999,1.0,4.0,7,143.0090656464186,197.23808827357,pobre,0,2,250.0,537.5,1.0,43.0,12,61,1984,3,1.0
97,0.0,1.0,2.0739999,1.0,1.0,7,143.0090656464186,197.23808827357,pobre,0,2,250.0,537.5,1.0,43.0,8,61,1985,1,1.0
98,0.0,1.0,2.0739999,1.0,1.0,7,143.0090656464186,197.23808827357,pobre,0,2,250.0,537.5,1.0,43.0,9,61,1985,1,1.0
97,0.0,1.0,2.0739999,0.0,6.0,5,143.0090656464186,197.23808827357,pobre,0,0,375.0,545.0,1.0,55.0,14,61,1986,6,0.0
98,0.0,1.0,2.0739999,,,5,143.0090656464186,197.23808827357,pobre,0,0,375.0,545.0,1.0,55.0,15,61,1986,6,0.0
97,0.0,1.0,2.0739999,0.0,6.0,5,143.0090656464186,197.23808827357,pobre,0,0,375.0,545.0,1.0,55.0,12,61,1987,6,0.0
98,0.0,1.0,2.0739999,,,5,143.0090656464186,197.23808827357,pobre,0,0,375.0,545.0,1.0,55.0,13,61,1987,6,0.0
97,1.0,1.0,2.0739999,1.0,4.0,5,143.0090656464186,197.23808827357,pobre,0,0,375.0,545.0,1.0,55.0,10,61,1988,4,1.0
98,1.0,1.0,2.0739999,1.0,5.0,5,143.0090656464186,197.23808827357,pobre,0,0,375.0,545.0,1.0,55.0,11,61,1988,4,1.0
97,0.0,1.0,2.0739999,1.0,3.0,5,143.0090656464186,197.23808827357,pobre,0,3,300.0,533.0,1.0,32.0,10,61,1989,3,1.0
98,0.0,1.0,2.0739999,1.0,4.0,5,143.0090656464186,197.23808827357,pobre,0,3,300.0,533.0,1.0,32.0,11,61,1989,3,1.0
97,0.0,1.0,2.0739999,1.0,5.0,3,143.0090656464186,197.23808827357,pobre,0,0,300.0,617.0,1.0,37.0,11,61,1990,5,1.0
98,0.0,1.0,2.0739999,0.0,6.0,3,143.0090656464186,197.23808827357,pobre,0,0,300.0,617.0,1.0,37.0,12,61,1990,5,1.0
97,0.0,1.0,2.0739999,0.0,4.0,2,143.0090656464186,197.23808827357,pobre,0,8,625.0,669.0,1.0,18.0,15,61,1991,4,0.0
98,0.0,1.0,2.0739999,,,2,143.0090656464186,197.23808827357,pobre,0,8,625.0,669.0,1.0,18.0,16,61,1991,4,0.0
97,0.0,1.0,2.0739999,1.0,2.0,4,143.0090656464186,197.23808827357,pobre,0,9,250.0,591.0,1.0,34.0,8,61,1992,2,1.0
98,0.0,1.0,2.0739999,1.0,3.0,4,143.0090656464186,197.23808827357,pobre,0,9,250.0,591.0,1.0,34.0,9,61,1992,2,1.0
97,0.0,1.0,2.0739999,0.0,6.0,9,143.0090656464186,197.23808827357,pobre,0,0,250.0,548.5,1.0,51.0,15,61,1993,6,0.0
98,0.0,1.0,2.0739999,0.0,6.0,9,143.0090656464186,197.23808827357,pobre,0,0,250.0,548.5,1.0,51.0,16,61,1993,6,0.0
97,1.0,1.0,2.0739999,1.0,2.0,9,143.0090656464186,197.23808827357,pobre,0,0,250.0,548.5,1.0,51.0,12,61,1994,2,1.0
98,1.0,1.0,2.0739999,1.0,3.0,9,143.0090656464186,197.23808827357,pobre,0,0,250.0,548.5,1.0,51.0,13,61,1994,2,1.0
97,1.0,1.0,2.0739999,1.0,2.0,9,143.0090656464186,197.23808827357,pobre,0,0,250.0,548.5,1.0,51.0,10,61,1995,2,1.0
98,1.0,1.0,2.0739999,1.0,3.0,9,143.0090656464186,197.23808827357,pobre,0,0,250.0,548.5,1.0,51.0,11,61,1995,2,1.0
97,1.0,1.0,2.0739999,1.0,0.0,9,143.0090656464186,197.23808827357,pobre,0,0,250.0,548.5,1.0,51.0,7,61,1996,0,1.0
98,1.0,1.0,2.0739999,1.0,1.0,9,143.0090656464186,197.23808827357,pobre,0,0,250.0,548.5,1.0,51.0,8,61,1996,0,1.0
97,1.0,1.0,2.0739999,1.0,1.0,3,143.0090656464186,197.23808827357,pobre,0,0,375.0,626.0,1.0,46.0,10,61,1997,1,1.0
98,1.0,1.0,2.0739999,1.0,2.0,3,143.0090656464186,197.23808827357,pobre,0,0,375.0,626.0,1.0,46.0,11,61,1997,1,1.0
97,1.0,1.0,2.0739999,1.0,6.0,5,143.0090656464186,197.23808827357,pobre,0,0,375.0,546.0,1.0,37.0,12,61,1998,6,1.0
98,1.0,1.0,2.0739999,,,5,143.0090656464186,197.23808827357,pobre,0,0,375.0,546.0,1.0,37.0,13,61,1998,6,1.0
97,1.0,1.0,2.0739999,1.0,3.0,6,143.0090656464186,197.23808827357,pobre,0,0,375.0,638.76001,1.0,37.0,12,61,1999,3,1.0
98,1.0,1.0,2.0739999,1.0,5.0,6,143.0090656464186,197.23808827357,pobre,0,0,375.0,638.76001,1.0,37.0,13,61,1999,3,1.0
97,1.0,1.0,2.0739999,,0.0,6,143.0090656464186,197.23808827357,pobre,0,0,375.0,638.76001,1.0,37.0,6,61,2000,0,
98,1.0,1.0,2.0739999,,,6,143.0090656464186,197.23808827357,pobre,0,0,375.0,638.76001,1.0,37.0,7,61,2000,0,
97,0.0,1.0,2.0739999,1.0,2.0,6,143.0090656464186,197.23808827357,pobre,0,0,375.0,638.76001,1.0,37.0,8,61,2001,2,1.0
98,0.0,1.0,2.0739999,1.0,2.0,6,143.0090656464186,197.23808827357,pobre,0,0,375.0,638.76001,1.0,37.0,9,61,2001,2,1.0
97,1.0,1.0,2.0739999,1.0,1.0,4,143.0090656464186,197.23808827357,pobre,0,5,375.0,584.0,1.0,30.0,7,61,2002,1,1.0
98,1.0,1.0,2.0739999,1.0,2.0,4,143.0090656464186,197.23808827357,pobre,0,5,375.0,584.0,1.0,30.0,8,61,2002,1,1.0
97,0.0,1.0,2.0739999,1.0,8.0,3,143.0090656464186,197.23808827357,pobre,0,9,375.0,660.0,1.0,54.0,14,61,2003,8,1.0
98,0.0,1.0,2.0739999,0.0,9.0,3,143.0090656464186,197.23808827357,pobre,0,9,375.0,660.0,1.0,54.0,15,61,2003,8,1.0
97,0.0,1.0,2.0739999,1.0,5.0,2,143.0090656464186,197.23808827357,pobre,0,0,375.0,632.0,0.0,30.0,11,61,2004,5,1.0
98,0.0,1.0,2.0739999,0.0,6.0,2,143.0090656464186,197.23808827357,pobre,0,0,375.0,632.0,0.0,30.0,12,61,2004,5,1.0
97,1.0,1.0,2.0739999,0.0,6.0,5,143.0090656464186,197.23808827357,pobre,0,0,375.0,590.0,1.0,98.0,16,61,2005,6,0.0
98,1.0,1.0,2.0739999,,,5,143.0090656464186,197.23808827357,pobre,0,0,375.0,590.0,1.0,98.0,17,61,2005,6,0.0
97,1.0,1.0,2.0739999,1.0,6.0,5,143.0090656464186,197.23808827357,pobre,0,0,375.0,590.0,1.0,98.0,12,61,2006,6,1.0
98,1.0,1.0,2.0739999,1.0,7.0,5,143.0090656464186,197.23808827357,pobre,0,0,375.0,590.0,1.0,98.0,13,61,2006,6,1.0
97,0.0,1.0,2.0739999,1.0,3.0,5,143.0090656464186,197.23808827357,pobre,0,0,375.0,590.0,1.0,98.0,10,61,2007,3,1.0
98,0.0,1.0,2.0739999,1.0,4.0,5,143.0090656464186,197.23808827357,pobre,0,0,375.0,590.0,1.0,98.0,11,61,2007,3,1.0
97,1.0,1.0,2.0739999,,0.0,7,143.0090656464186,197.23808827357,pobre,0,0,250.0,467.0,1.0,37.0,10,61,2008,0,
98,1.0,1.0,2.0739999,1.0,4.0,7,143.0090656464186,197.23808827357,pobre,0,0,250.0,467.0,1.0,37.0,11,61,2008,0,
97,1.0,1.0,2.0739999,1.0,3.0,9,143.0090656464186,197.23808827357,pobre,0,7,375.0,604.0,1.0,43.0,15,61,2009,3,1.0
98,1.0,1.0,2.0739999,,,9,143.0090656464186,197.23808827357,pobre,0,7,375.0,604.0,1.0,43.0,16,61,2009,3,1.0
97,0.0,1.0,2.0739999,1.0,7.0,9,143.0090656464186,197.23808827357,pobre,0,7,375.0,604.0,1.0,43.0,13,61,2010,7,1.0
98,0.0,1.0,2.0739999,1.0,8.0,9,143.0090656464186,197.23808827357,pobre,0,7,375.0,604.0,1.0,43.0,14,61,2010,7,1.0
97,0.0,1.0,2.0739999,1.0,4.0,9,143.0090656464186,197.23808827357,pobre,0,7,375.0,604.0,1.0,43.0,11,61,2011,4,1.0
98,0.0,1.0,2.0739999,1.0,5.0,9,143.0090656464186,197.23808827357,pobre,0,7,375.0,604.0,1.0,43.0,12,61,2011,4,1.0
97,0.0,1.0,2.0739999,1.0,3.0,9,143.0090656464186,197.23808827357,pobre,0,7,375.0,604.0,1.0,43.0,9,61,2012,3,1.0
98,0.0,1.0,2.0739999,1.0,4.0,9,143.0090656464186,197.23808827357,pobre,0,7,375.0,604.0,1.0,43.0,10,61,2012,3,1.0
97,1.0,1.0,2.0739999,1.0,2.0,9,143.0090656464186,197.23808827357,pobre,0,7,375.0,604.0,1.0,43.0,8,61,2013,2,1.0
98,1.0,1.0,2.0739999,1.0,3.0,9,143.0090656464186,197.23808827357,pobre,0,7,375.0,604.0,1.0,43.0,9,61,2013,2,1.0
97,1.0,1.0,2.0739999,1.0,4.0,2,143.0090656464186,197.23808827357,pobre,0,0,250.0,686.70001,1.0,65.0,13,61,2014,4,1.0
98,1.0,1.0,2.0739999,1.0,5.0,2,143.0090656464186,197.23808827357,pobre,0,0,250.0,686.70001,1.0,65.0,14,61,2014,4,1.0
97,1.0,1.0,2.0739999,1.0,0.0,2,143.0090656464186,197.23808827357,pobre,0,2,300.0,623.0,1.0,17.0,6,61,2015,0,1.0
98,1.0,1.0,2.0739999,1.0,3.0,2,143.0090656464186,197.23808827357,pobre,0,2,300.0,623.0,1.0,17.0,7,61,2015,0,1.0
97,0.0,1.0,2.0739999,1.0,9.0,6,143.0090656464186,197.23808827357,pobre,0,6,375.0,499.0,1.0,33.0,15,61,2016,9,1.0
98,0.0,1.0,2.0739999,,,6,143.0090656464186,197.23808827357,pobre,0,6,375.0,499.0,1.0,33.0,16,61,2016,9,1.0
97,0.0,1.0,2.0739999,1.0,7.0,6,143.0090656464186,197.23808827357,pobre,0,6,375.0,499.0,1.0,33.0,13,61,2017,7,1.0
98,0.0,1.0,2.0739999,1.0,7.0,6,143.0090656464186,197.23808827357,pobre,0,6,375.0,499.0,1.0,33.0,14,61,2017,7,1.0
97,1.0,1.0,2.0739999,1.0,3.0,6,143.0090656464186,197.23808827357,pobre,0,6,375.0,499.0,1.0,33.0,9,61,2018,3,1.0
98,1.0,1.0,2.0739999,1.0,4.0,6,143.0090656464186,197.23808827357,pobre,0,6,375.0,499.0,1.0,33.0,10,61,2018,3,1.0
97,0.0,1.0,2.0739999,,0.0,7,143.0090656464186,197.23808827357,pobre,0,4,250.0,443.0,1.0,26.0,8,61,2019,0,
98,0.0,1.0,2.0739999,1.0,1.0,7,143.0090656464186,197.23808827357,pobre,0,4,250.0,443.0,1.0,26.0,9,61,2019,0,
97,0.0,1.0,2.0739999,,0.0,7,143.0090656464186,197.23808827357,pobre,0,4,250.0,443.0,1.0,26.0,7,61,2020,0,
98,0.0,1.0,2.0739999,1.0,2.0,7,143.0090656464186,197.23808827357,pobre,0,4,250.0,443.0,1.0,26.0,8,61,2020,0,
97,1.0,1.0,2.0739999,1.0,6.0,10,143.0090656464186,197.23808827357,pobre,0,12,400.0,376.0,1.0,32.0,12,61,2021,6,1.0
98,1.0,1.0,2.0739999,1.0,6.0,10,143.0090656464186,197.23808827357,pobre,0,12,400.0,376.0,1.0,32.0,13,61,2021,6,1.0
97,1.0,1.0,2.0739999,1.0,4.0,10,143.0090656464186,197.23808827357,pobre,0,12,400.0,376.0,1.0,32.0,10,61,2022,4,1.0
98,1.0,1.0,2.0739999,1.0,5.0,10,143.0090656464186,197.23808827357,pobre,0,12,400.0,376.0,1.0,32.0,11,61,2022,4,1.0
97,0.0,1.0,2.0739999,1.0,2.0,10,143.0090656464186,197.23808827357,pobre,0,12,400.0,376.0,1.0,32.0,8,61,2023,2,1.0
98,0.0,1.0,2.0739999,1.0,3.0,10,143.0090656464186,197.23808827357,pobre,0,12,400.0,376.0,1.0,32.0,9,61,2023,2,1.0
97,1.0,1.0,2.0739999,1.0,0.0,10,143.0090656464186,197.23808827357,pobre,0,12,400.0,376.0,1.0,32.0,6,61,2024,0,1.0
98,1.0,1.0,2.0739999,1.0,1.0,10,143.0090656464186,197.23808827357,pobre,0,12,400.0,376.0,1.0,32.0,7,61,2024,0,1.0
97,1.0,1.0,2.0739999,,0.0,5,143.0090656464186,197.23808827357,pobre,0,0,250.0,581.83002,1.0,45.0,15,61,2025,0,
98,1.0,1.0,2.0739999,,,5,143.0090656464186,197.23808827357,pobre,0,0,250.0,581.83002,1.0,45.0,16,61,2025,0,
97,1.0,1.0,2.0739999,,0.0,5,143.0090656464186,197.23808827357,pobre,0,0,250.0,581.83002,1.0,45.0,10,61,2026,0,
98,1.0,1.0,2.0739999,1.0,6.0,5,143.0090656464186,197.23808827357,pobre,0,0,250.0,581.83002,1.0,45.0,11,61,2026,0,
97,0.0,1.0,2.0739999,,0.0,5,143.0090656464186,197.23808827357,pobre,0,0,250.0,581.83002,1.0,45.0,6,61,2027,0,
98,0.0,1.0,2.0739999,1.0,2.0,5,143.0090656464186,197.23808827357,pobre,0,0,250.0,581.83002,1.0,45.0,7,61,2027,0,
97,0.0,1.0,2.0739999,1.0,8.0,7,143.0090656464186,197.23808827357,pobre,0,0,375.0,495.0,1.0,41.0,13,61,2028,8,1.0
98,0.0,1.0,2.0739999,,,7,143.0090656464186,197.23808827357,pobre,0,0,375.0,495.0,1.0,41.0,14,61,2028,8,1.0
97,0.0,1.0,2.0739999,1.0,4.0,7,143.0090656464186,197.23808827357,pobre,0,0,375.0,495.0,1.0,41.0,11,61,2029,4,1.0
98,0.0,1.0,2.0739999,1.0,6.0,7,143.0090656464186,197.23808827357,pobre,0,0,375.0,495.0,1.0,41.0,12,61,2029,4,1.0
97,1.0,1.0,2.0739999,1.0,7.0,5,143.0090656464186,197.23808827357,pobre,0,0,0.0,563.0,0.0,36.0,12,61,2030,7,1.0
98,1.0,1.0,2.0739999,1.0,8.0,5,143.0090656464186,197.23808827357,pobre,0,0,0.0,563.0,0.0,36.0,13,61,2030,7,1.0
97,0.0,1.0,2.0739999,1.0,4.0,5,143.0090656464186,197.23808827357,pobre,0,0,0.0,563.0,0.0,36.0,10,61,2031,4,1.0
98,0.0,1.0,2.0739999,1.0,5.0,5,143.0090656464186,197.23808827357,pobre,0,0,0.0,563.0,0.0,36.0,11,61,2031,4,1.0
97,1.0,1.0,2.0739999,1.0,0.0,5,143.0090656464186,197.23808827357,pobre,0,0,0.0,563.0,0.0,36.0,6,61,2032,0,1.0
98,1.0,1.0,2.0739999,1.0,1.0,5,143.0090656464186,197.23808827357,pobre,0,0,0.0,563.0,0.0,36.0,7,61,2032,0,1.0
97,0.0,1.0,2.0739999,1.0,2.0,2,143.0090656464186,197.23808827357,pobre,0,9,300.0,716.0,1.0,17.0,8,61,2033,2,1.0
98,0.0,1.0,2.0739999,1.0,4.0,2,143.0090656464186,197.23808827357,pobre,0,9,300.0,716.0,1.0,17.0,9,61,2033,2,1.0
97,0.0,1.0,3.632,1.0,8.0,5,136.2710766731774,203.9586538801525,pobre,basal,0,500.0,874.0,1.0,54.0,16,60,2034,8,1.0
98,0.0,1.0,3.632,,,5,136.2710766731774,203.9586538801525,pobre,basal,0,500.0,874.0,1.0,54.0,17,60,2034,8,1.0
97,0.0,1.0,3.632,0.0,6.0,5,136.2710766731774,203.9586538801525,pobre,basal,0,500.0,874.0,1.0,54.0,14,60,2035,6,0.0
98,0.0,1.0,3.632,0.0,6.0,5,136.2710766731774,203.9586538801525,pobre,basal,0,500.0,874.0,1.0,54.0,15,60,2035,6,0.0
97,0.0,1.0,3.632,1.0,8.0,5,136.2710766731774,203.9586538801525,pobre,basal,0,500.0,874.0,1.0,54.0,14,60,2036,8,1.0
98,0.0,1.0,3.632,0.0,9.0,5,136.2710766731774,203.9586538801525,pobre,basal,0,500.0,874.0,1.0,54.0,15,60,2036,8,1.0
97,0.0,0.0,4.7249999,0.0,6.0,7,144.1660194955956,170.5267988723241,no pobre,basal,0,600.0,812.0,1.0,52.0,16,66,2037,6,0.0
98,0.0,0.0,4.7249999,,,7,144.1660194955956,170.5267988723241,no pobre,basal,0,600.0,812.0,1.0,52.0,17,66,2037,6,0.0
97,0.0,0.0,4.7249999,1.0,1.0,7,144.1660194955956,170.5267988723241,no pobre,basal,0,600.0,812.0,1.0,52.0,9,66,2038,1,1.0
98,0.0,0.0,4.7249999,1.0,2.0,7,144.1660194955956,170.5267988723241,no pobre,basal,0,600.0,812.0,1.0,52.0,10,66,2038,1,1.0
97,1.0,0.0,4.7249999,1.0,1.0,7,144.1660194955956,170.5267988723241,no pobre,basal,0,600.0,812.0,1.0,52.0,8,66,2039,1,1.0
98,1.0,0.0,4.7249999,1.0,2.0,7,144.1660194955956,170.5267988723241,no pobre,basal,0,600.0,812.0,1.0,52.0,9,66,2039,1,1.0
97,0.0,0.0,4.7249999,0.0,6.0,7,144.1660194955956,170.5267988723241,pobre,basal,0,0.0,899.5,1.0,47.0,16,66,2040,6,0.0
98,0.0,0.0,4.7249999,,,7,144.1660194955956,170.5267988723241,pobre,basal,0,0.0,899.5,1.0,47.0,17,66,2040,6,0.0
97,0.0,0.0,4.7249999,1.0,3.0,7,144.1660194955956,170.5267988723241,pobre,basal,0,0.0,899.5,1.0,47.0,9,66,2041,3,1.0
98,0.0,0.0,4.7249999,1.0,4.0,7,144.1660194955956,170.5267988723241,pobre,basal,0,0.0,899.5,1.0,47.0,10,66,2041,3,1.0
97,1.0,0.0,4.7249999,1.0,6.0,5,144.1660194955956,170.5267988723241,no pobre,basal,1,400.0,823.0,1.0,35.0,12,66,2042,6,1.0
98,1.0,0.0,4.7249999,1.0,7.0,5,144.1660194955956,170.5267988723241,no pobre,basal,1,400.0,823.0,1.0,35.0,13,66,2042,6,1.0
97,1.0,0.0,4.7249999,1.0,4.0,5,144.1660194955956,170.5267988723241,no pobre,basal,1,400.0,823.0,1.0,35.0,10,66,2043,4,1.0
98,1.0,0.0,4.7249999,1.0,5.0,5,144.1660194955956,170.5267988723241,no pobre,basal,1,400.0,823.0,1.0,35.0,11,66,2043,4,1.0
97,1.0,0.0,4.7249999,0.0,6.0,7,144.1660194955956,170.5267988723241,pobre,basal,0,0.0,677.5,1.0,47.0,16,66,2044,6,0.0
98,1.0,0.0,4.7249999,,,7,144.1660194955956,170.5267988723241,pobre,basal,0,0.0,677.5,1.0,47.0,17,66,2044,6,0.0
97,1.0,0.0,4.7249999,0.0,6.0,7,144.1660194955956,170.5267988723241,pobre,basal,0,0.0,677.5,1.0,47.0,15,66,2045,6,0.0
98,1.0,0.0,4.7249999,,,7,144.1660194955956,170.5267988723241,pobre,basal,0,0.0,677.5,1.0,47.0,16,66,2045,6,0.0
97,1.0,0.0,4.7249999,1.0,5.0,7,144.1660194955956,170.5267988723241,pobre,basal,0,0.0,677.5,1.0,47.0,12,66,2046,5,1.0
98,1.0,0.0,4.7249999,0.0,6.0,7,144.1660194955956,170.5267988723241,pobre,basal,0,0.0,677.5,1.0,47.0,13,66,2046,5,1.0
97,1.0,0.0,4.7249999,1.0,2.0,7,144.1660194955956,170.5267988723241,pobre,basal,0,0.0,677.5,1.0,47.0,9,66,2047,2,1.0
98,1.0,0.0,4.7249999,1.0,3.0,7,144.1660194955956,170.5267988723241,pobre,basal,0,0.0,677.5,1.0,47.0,10,66,2047,2,1.0
97,0.0,0.0,4.7249999,1.0,3.0,7,144.1660194955956,170.5267988723241,pobre,basal,0,0.0,677.5,1.0,47.0,9,66,2048,3,1.0
98,0.0,0.0,4.7249999,1.0,4.0,7,144.1660194955956,170.5267988723241,pobre,basal,0,0.0,677.5,1.0,47.0,10,66,2048,3,1.0
97,0.0,0.0,4.7249999,1.0,0.0,3,144.1660194955956,170.5267988723241,pobre,basal,6,200.0,806.0,0.0,23.0,6,66,2049,0,1.0
98,0.0,0.0,4.7249999,1.0,1.0,3,144.1660194955956,170.5267988723241,pobre,basal,6,200.0,806.0,0.0,23.0,7,66,2049,0,1.0
97,0.0,0.0,4.7249999,1.0,7.0,6,144.1660194955956,170.5267988723241,no pobre,basal,0,400.0,919.0,1.0,36.0,13,66,2050,7,1.0
98,0.0,0.0,4.7249999,1.0,8.0,6,144.1660194955956,170.5267988723241,no pobre,basal,0,400.0,919.0,1.0,36.0,14,66,2050,7,1.0
97,1.0,0.0,4.7249999,1.0,5.0,6,144.1660194955956,170.5267988723241,no pobre,basal,0,400.0,919.0,1.0,36.0,11,66,2051,5,1.0
98,1.0,0.0,4.7249999,,,6,144.1660194955956,170.5267988723241,no pobre,basal,0,400.0,919.0,1.0,36.0,12,66,2051,5,1.0
97,1.0,0.0,4.7249999,1.0,0.0,6,144.1660194955956,170.5267988723241,no pobre,basal,0,400.0,919.0,1.0,36.0,6,66,2052,0,1.0
98,1.0,0.0,4.7249999,1.0,1.0,6,144.1660194955956,170.5267988723241,no pobre,basal,0,400.0,919.0,1.0,36.0,7,66,2052,0,1.0
97,0.0,0.0,4.7249999,0.0,6.0,10,144.1660194955956,170.5267988723241,pobre,basal,2,625.0,628.0,1.0,45.0,16,66,2053,6,0.0
98,0.0,0.0,4.7249999,,,10,144.1660194955956,170.5267988723241,pobre,basal,2,625.0,628.0,1.0,45.0,17,66,2053,6,0.0
97,1.0,0.0,4.7249999,1.0,6.0,10,144.1660194955956,170.5267988723241,pobre,basal,2,625.0,628.0,1.0,45.0,13,66,2054,6,1.0
98,1.0,0.0,4.7249999,1.0,7.0,10,144.1660194955956,170.5267988723241,pobre,basal,2,625.0,628.0,1.0,45.0,14,66,2054,6,1.0
97,0.0,0.0,4.7249999,1.0,6.0,10,144.1660194955956,170.5267988723241,pobre,basal,2,625.0,628.0,1.0,45.0,13,66,2055,6,1.0
98,0.0,0.0,4.7249999,0.0,7.0,10,144.1660194955956,170.5267988723241,pobre,basal,2,625.0,628.0,1.0,45.0,14,66,2055,6,1.0
97,0.0,0.0,4.7249999,1.0,5.0,10,144.1660194955956,170.5267988723241,pobre,basal,2,625.0,628.0,1.0,45.0,11,66,2056,5,1.0
98,0.0,0.0,4.7249999,1.0,5.0,10,144.1660194955956,170.5267988723241,pobre,basal,2,625.0,628.0,1.0,45.0,12,66,2056,5,1.0
97,1.0,0.0,4.7249999,1.0,2.0,10,144.1660194955956,170.5267988723241,pobre,basal,2,625.0,628.0,1.0,45.0,8,66,2057,2,1.0
98,1.0,0.0,4.7249999,1.0,3.0,10,144.1660194955956,170.5267988723241,pobre,basal,2,625.0,628.0,1.0,45.0,9,66,2057,2,1.0
97,1.0,0.0,4.7249999,0.0,4.0,6,144.1660194955956,170.5267988723241,no pobre,basal,1,400.0,931.0,1.0,48.0,16,66,2058,4,0.0
98,1.0,0.0,4.7249999,,,6,144.1660194955956,170.5267988723241,no pobre,basal,1,400.0,931.0,1.0,48.0,17,66,2058,4,0.0
97,0.0,0.0,4.7249999,1.0,1.0,6,144.1660194955956,170.5267988723241,no pobre,basal,1,400.0,931.0,1.0,48.0,7,66,2059,1,1.0
98,0.0,0.0,4.7249999,1.0,2.0,6,144.1660194955956,170.5267988723241,no pobre,basal,1,400.0,931.0,1.0,48.0,8,66,2059,1,1.0
97,1.0,0.0,4.7249999,1.0,3.0,9,144.1660194955956,170.5267988723241,pobre,basal,1,300.0,554.5,1.0,43.0,9,66,2060,3,1.0
98,1.0,0.0,4.7249999,1.0,4.0,9,144.1660194955956,170.5267988723241,pobre,basal,1,300.0,554.5,1.0,43.0,10,66,2060,3,1.0
97,1.0,0.0,4.7249999,1.0,1.0,9,144.1660194955956,170.5267988723241,pobre,basal,1,300.0,554.5,1.0,43.0,8,66,2061,1,1.0
98,1.0,0.0,4.7249999,1.0,2.0,9,144.1660194955956,170.5267988723241,pobre,basal,1,300.0,554.5,1.0,43.0,9,66,2061,1,1.0
97,0.0,0.0,4.7249999,1.0,0.0,9,144.1660194955956,170.5267988723241,pobre,basal,1,300.0,554.5,1.0,43.0,6,66,2062,0,1.0
98,0.0,0.0,4.7249999,1.0,1.0,9,144.1660194955956,170.5267988723241,pobre,basal,1,300.0,554.5,1.0,43.0,7,66,2062,0,1.0
97,1.0,0.0,4.7249999,1.0,4.0,4,144.1660194955956,170.5267988723241,pobre,basal,0,625.0,710.0,1.0,35.0,10,66,2063,4,1.0
98,1.0,0.0,4.7249999,1.0,5.0,4,144.1660194955956,170.5267988723241,pobre,basal,0,625.0,710.0,1.0,35.0,11,66,2063,4,1.0
97,0.0,0.0,4.7249999,1.0,1.0,4,144.1660194955956,170.5267988723241,pobre,basal,0,625.0,710.0,1.0,35.0,6,66,2064,1,1.0
98,0.0,0.0,4.7249999,1.0,2.0,4,144.1660194955956,170.5267988723241,pobre,basal,0,625.0,710.0,1.0,35.0,7,66,2064,1,1.0
97,1.0,0.0,4.7249999,1.0,6.0,7,144.1660194955956,170.5267988723241,pobre,basal,0,625.0,726.0,1.0,65.0,14,66,2065,6,1.0
98,1.0,0.0,4.7249999,,,7,144.1660194955956,170.5267988723241,pobre,basal,0,625.0,726.0,1.0,65.0,15,66,2065,6,1.0
97,0.0,0.0,4.7249999,1.0,6.0,7,144.1660194955956,170.5267988723241,pobre,basal,0,625.0,726.0,1.0,65.0,12,66,2066,6,1.0
98,0.0,0.0,4.7249999,1.0,7.0,7,144.1660194955956,170.5267988723241,pobre,basal,0,625.0,726.0,1.0,65.0,13,66,2066,6,1.0
97,0.0,0.0,4.7249999,1.0,1.0,4,144.1660194955956,170.5267988723241,pobre,basal,5,1000.0,734.0,1.0,22.0,6,66,2067,1,1.0
98,0.0,0.0,4.7249999,,,4,144.1660194955956,170.5267988723241,pobre,basal,5,1000.0,734.0,1.0,22.0,7,66,2067,1,1.0
97,0.0,0.0,4.7249999,1.0,1.0,4,144.1660194955956,170.5267988723241,pobre,basal,0,625.0,756.0,1.0,33.0,7,66,2068,1,1.0
98,0.0,0.0,4.7249999,1.0,2.0,4,144.1660194955956,170.5267988723241,pobre,basal,0,625.0,756.0,1.0,33.0,8,66,2068,1,1.0
97,1.0,0.0,4.7249999,0.0,6.0,6,144.1660194955956,170.5267988723241,pobre,basal,0,500.0,794.0,1.0,57.0,16,66,2069,6,0.0
98,1.0,0.0,4.7249999,,,6,144.1660194955956,170.5267988723241,pobre,basal,0,500.0,794.0,1.0,57.0,17,66,2069,6,0.0
97,0.0,0.0,4.7249999,0.0,6.0,6,144.1660194955956,170.5267988723241,pobre,basal,0,500.0,794.0,1.0,57.0,13,66,2070,6,0.0
98,0.0,0.0,4.7249999,0.0,6.0,6,144.1660194955956,170.5267988723241,pobre,basal,0,500.0,794.0,1.0,57.0,14,66,2070,6,0.0
97,0.0,0.0,4.7249999,1.0,5.0,6,144.1660194955956,170.5267988723241,pobre,basal,0,500.0,794.0,1.0,57.0,11,66,2071,5,1.0
98,0.0,0.0,4.7249999,0.0,6.0,6,144.1660194955956,170.5267988723241,pobre,basal,0,500.0,794.0,1.0,57.0,12,66,2071,5,1.0
97,0.0,0.0,4.7249999,1.0,4.0,5,144.1660194955956,170.5267988723241,pobre,basal,0,0.0,782.5,1.0,65.0,11,66,2072,4,1.0
98,0.0,0.0,4.7249999,,,5,144.1660194955956,170.5267988723241,pobre,basal,0,0.0,782.5,1.0,65.0,12,66,2072,4,1.0
97,0.0,0.0,4.7249999,0.0,6.0,3,144.1660194955956,170.5267988723241,pobre,basal,0,240.0,638.0,0.0,50.0,16,66,2073,6,0.0
98,0.0,0.0,4.7249999,,,3,144.1660194955956,170.5267988723241,pobre,basal,0,240.0,638.0,0.0,50.0,17,66,2073,6,0.0
97,1.0,0.0,4.7249999,1.0,4.0,3,144.1660194955956,170.5267988723241,pobre,basal,0,240.0,638.0,0.0,50.0,12,66,2074,4,1.0
98,1.0,0.0,4.7249999,1.0,5.0,3,144.1660194955956,170.5267988723241,pobre,basal,0,240.0,638.0,0.0,50.0,13,66,2074,4,1.0
97,1.0,0.0,3.2260001,1.0,3.0,5,102.4536154918796,134.825962953294,pobre,basal,4,750.0,706.0,1.0,47.0,8,127,2075,3,1.0
98,1.0,0.0,3.2260001,1.0,4.0,5,102.4536154918796,134.825962953294,pobre,basal,4,750.0,706.0,1.0,47.0,9,127,2075,3,1.0
97,1.0,0.0,3.2260001,1.0,1.0,5,102.4536154918796,134.825962953294,pobre,basal,4,750.0,706.0,1.0,47.0,7,127,2076,1,1.0
98,1.0,0.0,3.2260001,1.0,2.0,5,102.4536154918796,134.825962953294,pobre,basal,4,750.0,706.0,1.0,47.0,8,127,2076,1,1.0
97,1.0,0.0,3.2260001,0.0,5.0,9,102.4536154918796,134.825962953294,no pobre,basal,1,750.0,901.0,1.0,49.0,15,127,2077,5,0.0
98,1.0,0.0,3.2260001,0.0,6.0,9,102.4536154918796,134.825962953294,no pobre,basal,1,750.0,901.0,1.0,49.0,16,127,2077,5,0.0
97,1.0,0.0,3.2260001,0.0,8.0,9,102.4536154918796,134.825962953294,no pobre,basal,1,750.0,901.0,1.0,49.0,10,127,2078,8,0.0
98,1.0,0.0,3.2260001,1.0,8.0,9,102.4536154918796,134.825962953294,no pobre,basal,1,750.0,901.0,1.0,49.0,11,127,2078,8,0.0
97,1.0,0.0,3.2260001,1.0,3.0,4,102.4536154918796,134.825962953294,pobre,basal,1,375.0,621.0,1.0,49.0,8,127,2079,3,1.0
98,1.0,0.0,3.2260001,,,4,102.4536154918796,134.825962953294,pobre,basal,1,375.0,621.0,1.0,49.0,9,127,2079,3,1.0
97,0.0,1.0,3.2260001,0.0,6.0,6,102.4536154918796,134.825962953294,no pobre,basal,2,750.0,818.0,1.0,55.0,16,127,2080,6,0.0
98,0.0,1.0,3.2260001,,,6,102.4536154918796,134.825962953294,no pobre,basal,2,750.0,818.0,1.0,55.0,17,127,2080,6,0.0
97,0.0,1.0,3.2260001,0.0,6.0,6,102.4536154918796,134.825962953294,no pobre,basal,2,750.0,818.0,1.0,55.0,14,127,2081,6,0.0
98,0.0,1.0,3.2260001,0.0,6.0,6,102.4536154918796,134.825962953294,no pobre,basal,2,750.0,818.0,1.0,55.0,15,127,2081,6,0.0
97,0.0,1.0,3.2260001,0.0,6.0,6,102.4536154918796,134.825962953294,no pobre,basal,2,750.0,818.0,1.0,55.0,13,127,2082,6,0.0
98,0.0,1.0,3.2260001,0.0,6.0,6,102.4536154918796,134.825962953294,no pobre,basal,2,750.0,818.0,1.0,55.0,14,127,2082,6,0.0
97,1.0,1.0,3.2260001,1.0,4.0,6,102.4536154918796,134.825962953294,no pobre,basal,2,750.0,818.0,1.0,55.0,11,127,2083,4,1.0
98,1.0,1.0,3.2260001,1.0,5.0,6,102.4536154918796,134.825962953294,no pobre,basal,2,750.0,818.0,1.0,55.0,12,127,2083,4,1.0
97,1.0,0.0,3.2260001,1.0,1.0,4,102.4536154918796,134.825962953294,pobre,basal,6,1200.0,738.0,1.0,27.0,6,127,2084,1,1.0
98,1.0,0.0,3.2260001,1.0,2.0,4,102.4536154918796,134.825962953294,pobre,basal,6,1200.0,738.0,1.0,27.0,7,127,2084,1,1.0
97,0.0,1.0,3.2260001,1.0,7.0,7,102.4536154918796,134.825962953294,no pobre,basal,3,500.0,928.5,1.0,43.0,13,127,2085,7,1.0
98,0.0,1.0,3.2260001,1.0,9.0,7,102.4536154918796,134.825962953294,no pobre,basal,3,500.0,928.5,1.0,43.0,14,127,2085,7,1.0
97,0.0,1.0,3.2260001,1.0,1.0,7,102.4536154918796,134.825962953294,no pobre,basal,3,500.0,928.5,1.0,43.0,6,127,2086,1,1.0
98,0.0,1.0,3.2260001,1.0,3.0,7,102.4536154918796,134.825962953294,no pobre,basal,3,500.0,928.5,1.0,43.0,7,127,2086,1,1.0
97,0.0,0.0,3.2260001,1.0,3.0,6,102.4536154918796,134.825962953294,no pobre,basal,4,320.0,725.22998,1.0,34.0,9,127,2087,3,1.0
98,0.0,0.0,3.2260001,1.0,4.0,6,102.4536154918796,134.825962953294,no pobre,basal,4,320.0,725.22998,1.0,34.0,10,127,2087,3,1.0
97,1.0,0.0,3.2260001,,0.0,6,102.4536154918796,134.825962953294,no pobre,basal,4,320.0,725.22998,1.0,34.0,7,127,2088,0,
98,1.0,0.0,3.2260001,1.0,3.0,6,102.4536154918796,134.825962953294,no pobre,basal,4,320.0,725.22998,1.0,34.0,8,127,2088,0,
97,0.0,0.0,3.2260001,1.0,5.0,5,102.4536154918796,134.825962953294,pobre,basal,3,625.0,550.0,1.0,39.0,11,127,2089,5,1.0
98,0.0,0.0,3.2260001,1.0,5.0,5,102.4536154918796,134.825962953294,pobre,basal,3,625.0,550.0,1.0,39.0,12,127,2089,5,1.0
97,1.0,0.0,3.2260001,1.0,4.0,5,102.4536154918796,134.825962953294,pobre,basal,3,625.0,550.0,1.0,39.0,9,127,2090,4,1.0
98,1.0,0.0,3.2260001,1.0,4.0,5,102.4536154918796,134.825962953294,pobre,basal,3,625.0,550.0,1.0,39.0,10,127,2090,4,1.0
97,0.0,0.0,3.2260001,1.0,1.0,5,102.4536154918796,134.825962953294,pobre,basal,3,625.0,550.0,1.0,39.0,7,127,2091,1,1.0
98,0.0,0.0,3.2260001,1.0,0.0,5,102.4536154918796,134.825962953294,pobre,basal,3,625.0,550.0,1.0,39.0,8,127,2091,1,1.0
97,1.0,0.0,3.2260001,,0.0,9,102.4536154918796,134.825962953294,no pobre,basal,0,875.0,787.5,1.0,46.0,16,127,2092,0,
98,1.0,0.0,3.2260001,,,9,102.4536154918796,134.825962953294,no pobre,basal,0,875.0,787.5,1.0,46.0,17,127,2092,0,
97,0.0,0.0,3.2260001,0.0,6.0,9,102.4536154918796,134.825962953294,no pobre,basal,0,875.0,787.5,1.0,46.0,14,127,2093,6,0.0
98,0.0,0.0,3.2260001,0.0,6.0,9,102.4536154918796,134.825962953294,no pobre,basal,0,875.0,787.5,1.0,46.0,15,127,2093,6,0.0
97,1.0,0.0,3.2260001,1.0,5.0,9,102.4536154918796,134.825962953294,no pobre,basal,0,875.0,787.5,1.0,46.0,13,127,2094,5,1.0
98,1.0,0.0,3.2260001,1.0,5.0,9,102.4536154918796,134.825962953294,no pobre,basal,0,875.0,787.5,1.0,46.0,14,127,2094,5,1.0
97,1.0,0.0,3.2260001,1.0,4.0,9,102.4536154918796,134.825962953294,no pobre,basal,0,875.0,787.5,1.0,46.0,10,127,2095,4,1.0
98,1.0,0.0,3.2260001,1.0,5.0,9,102.4536154918796,134.825962953294,no pobre,basal,0,875.0,787.5,1.0,46.0,11,127,2095,4,1.0
97,1.0,0.0,3.2260001,1.0,3.0,9,102.4536154918796,134.825962953294,no pobre,basal,0,875.0,787.5,1.0,46.0,9,127,2096,3,1.0
98,1.0,0.0,3.2260001,1.0,4.0,9,102.4536154918796,134.825962953294,no pobre,basal,0,875.0,787.5,1.0,46.0,10,127,2096,3,1.0
97,0.0,1.0,3.2260001,0.0,5.0,7,102.4536154918796,134.825962953294,no pobre,basal,0,750.0,903.0,1.0,61.0,14,127,2097,5,0.0
98,0.0,1.0,3.2260001,,,7,102.4536154918796,134.825962953294,no pobre,basal,0,750.0,903.0,1.0,61.0,15,127,2097,5,0.0
97,1.0,1.0,3.2260001,1.0,7.0,7,102.4536154918796,134.825962953294,no pobre,basal,0,750.0,903.0,1.0,61.0,11,127,2098,7,1.0
98,1.0,1.0,3.2260001,1.0,8.0,7,102.4536154918796,134.825962953294,no pobre,basal,0,750.0,903.0,1.0,61.0,12,127,2098,7,1.0
97,0.0,0.0,3.2260001,0.0,3.0,8,102.4536154918796,134.825962953294,no pobre,basal,3,66.666664,922.0,1.0,62.0,15,127,2099,3,0.0
98,0.0,0.0,3.2260001,,,8,102.4536154918796,134.825962953294,no pobre,basal,3,66.666664,922.0,1.0,62.0,16,127,2099,3,0.0
97,1.0,0.0,3.2260001,1.0,3.0,8,102.4536154918796,134.825962953294,no pobre,basal,3,66.666664,922.0,1.0,62.0,9,127,2100,3,1.0
98,1.0,0.0,3.2260001,,,8,102.4536154918796,134.825962953294,no pobre,basal,3,66.666664,922.0,1.0,62.0,10,127,2100,3,1.0
97,1.0,0.0,3.2260001,0.0,6.0,8,102.4536154918796,134.825962953294,pobre,basal,5,750.0,605.0,1.0,48.0,15,127,2101,6,0.0
98,1.0,0.0,3.2260001,,,8,102.4536154918796,134.825962953294,pobre,basal,5,750.0,605.0,1.0,48.0,16,127,2101,6,0.0
97,0.0,0.0,3.2260001,0.0,6.0,8,102.4536154918796,134.825962953294,pobre,basal,5,750.0,605.0,1.0,48.0,13,127,2102,6,0.0
98,0.0,0.0,3.2260001,,,8,102.4536154918796,134.825962953294,pobre,basal,5,750.0,605.0,1.0,48.0,14,127,2102,6,0.0
97,0.0,0.0,3.2260001,1.0,5.0,8,102.4536154918796,134.825962953294,pobre,basal,5,750.0,605.0,1.0,48.0,12,127,2103,5,1.0
98,0.0,0.0,3.2260001,,,8,102.4536154918796,134.825962953294,pobre,basal,5,750.0,605.0,1.0,48.0,13,127,2103,5,1.0
97,0.0,0.0,4.7249999,0.0,6.0,6,144.1660194955956,170.5267988723241,pobre,basal,3,500.0,597.0,1.0,39.0,15,66,2104,6,0.0
98,0.0,0.0,4.7249999,,,6,144.1660194955956,170.5267988723241,pobre,basal,3,500.0,597.0,1.0,39.0,16,66,2104,6,0.0
97,1.0,0.0,4.7249999,1.0,4.0,6,144.1660194955956,170.5267988723241,pobre,basal,3,500.0,597.0,1.0,39.0,12,66,2105,4,1.0
98,1.0,0.0,4.7249999,1.0,5.0,6,144.1660194955956,170.5267988723241,pobre,basal,3,500.0,597.0,1.0,39.0,13,66,2105,4,1.0
97,0.0,0.0,4.7249999,1.0,3.0,6,144.1660194955956,170.5267988723241,pobre,basal,3,500.0,597.0,1.0,39.0,10,66,2106,3,1.0
98,0.0,0.0,4.7249999,1.0,4.0,6,144.1660194955956,170.5267988723241,pobre,basal,3,500.0,597.0,1.0,39.0,11,66,2106,3,1.0
97,0.0,0.0,4.7249999,1.0,2.0,6,144.1660194955956,170.5267988723241,pobre,basal,3,500.0,597.0,1.0,39.0,8,66,2107,2,1.0
98,0.0,0.0,4.7249999,1.0,3.0,6,144.1660194955956,170.5267988723241,pobre,basal,3,500.0,597.0,1.0,39.0,9,66,2107,2,1.0
97,1.0,0.0,4.7249999,0.0,6.0,7,144.1660194955956,170.5267988723241,pobre,basal,0,625.0,702.0,1.0,40.0,16,66,2108,6,0.0
98,1.0,0.0,4.7249999,,,7,144.1660194955956,170.5267988723241,pobre,basal,0,625.0,702.0,1.0,40.0,17,66,2108,6,0.0
97,1.0,0.0,4.7249999,0.0,6.0,7,144.1660194955956,170.5267988723241,pobre,basal,0,625.0,702.0,1.0,40.0,13,66,2109,6,0.0
98,1.0,0.0,4.7249999,,,7,144.1660194955956,170.5267988723241,pobre,basal,0,625.0,702.0,1.0,40.0,14,66,2109,6,0.0
97,0.0,0.0,4.7249999,1.0,5.0,7,144.1660194955956,170.5267988723241,pobre,basal,0,625.0,702.0,1.0,40.0,10,66,2110,5,1.0
98,0.0,0.0,4.7249999,1.0,6.0,7,144.1660194955956,170.5267988723241,pobre,basal,0,625.0,702.0,1.0,40.0,11,66,2110,5,1.0
97,1.0,0.0,4.7249999,0.0,6.0,4,144.1660194955956,170.5267988723241,no pobre,basal,0,160.0,837.0,0.0,42.0,16,66,2111,6,0.0
98,1.0,0.0,4.7249999,,,4,144.1660194955956,170.5267988723241,no pobre,basal,0,160.0,837.0,0.0,42.0,17,66,2111,6,0.0
97,0.0,1.0,2.661,0.0,6.0,7,122.4102453722915,122.4102453722915,pobre,basal,0,1000.0,652.0,1.0,32.0,14,65,2112,6,0.0
98,0.0,1.0,2.661,0.0,6.0,7,122.4102453722915,122.4102453722915,pobre,basal,0,1000.0,652.0,1.0,32.0,15,65,2112,6,0.0
97,0.0,1.0,2.661,1.0,4.0,7,122.4102453722915,122.4102453722915,pobre,basal,0,1000.0,652.0,1.0,32.0,12,65,2113,4,1.0
98,0.0,1.0,2.661,1.0,4.0,7,122.4102453722915,122.4102453722915,pobre,basal,0,1000.0,652.0,1.0,32.0,13,65,2113,4,1.0
97,0.0,0.0,2.661,1.0,3.0,7,122.4102453722915,122.4102453722915,pobre,basal,0,1000.0,652.0,1.0,32.0,7,65,2114,3,1.0
98,0.0,0.0,2.661,,,7,122.4102453722915,122.4102453722915,pobre,basal,0,1000.0,652.0,1.0,32.0,8,65,2114,3,1.0
97,0.0,0.0,2.661,0.0,6.0,3,122.4102453722915,122.4102453722915,pobre,basal,0,625.0,882.5,1.0,58.0,13,65,2115,6,0.0
98,0.0,0.0,2.661,1.0,7.0,3,122.4102453722915,122.4102453722915,pobre,basal,0,625.0,882.5,1.0,58.0,14,65,2115,6,0.0
97,1.0,1.0,2.661,0.0,6.0,5,122.4102453722915,122.4102453722915,pobre,basal,0,500.0,1093.2,1.0,64.0,13,65,2116,6,0.0
98,1.0,1.0,2.661,0.0,6.0,5,122.4102453722915,122.4102453722915,pobre,basal,0,500.0,1093.2,1.0,64.0,14,65,2116,6,0.0
97,0.0,1.0,2.661,1.0,6.0,7,122.4102453722915,122.4102453722915,pobre,basal,3,500.0,736.0,1.0,36.0,11,65,2117,6,1.0
98,0.0,1.0,2.661,1.0,7.0,7,122.4102453722915,122.4102453722915,pobre,basal,3,500.0,736.0,1.0,36.0,12,65,2117,6,1.0
97,0.0,1.0,2.661,1.0,3.0,7,122.4102453722915,122.4102453722915,pobre,basal,3,500.0,736.0,1.0,36.0,8,65,2118,3,1.0
98,0.0,1.0,2.661,1.0,3.0,7,122.4102453722915,122.4102453722915,pobre,basal,3,500.0,736.0,1.0,36.0,9,65,2118,3,1.0
97,0.0,1.0,2.661,1.0,0.0,7,122.4102453722915,122.4102453722915,pobre,basal,3,500.0,736.0,1.0,36.0,6,65,2119,0,1.0
98,0.0,1.0,2.661,1.0,1.0,7,122.4102453722915,122.4102453722915,pobre,basal,3,500.0,736.0,1.0,36.0,7,65,2119,0,1.0
97,0.0,1.0,2.661,0.0,3.0,4,122.4102453722915,122.4102453722915,pobre,basal,0,375.0,758.0,0.0,75.0,14,65,2120,3,0.0
98,0.0,1.0,2.661,0.0,4.0,4,122.4102453722915,122.4102453722915,pobre,basal,0,375.0,758.0,0.0,75.0,15,65,2120,3,0.0
97,1.0,1.0,2.661,0.0,3.0,4,122.4102453722915,122.4102453722915,pobre,basal,0,375.0,758.0,0.0,75.0,12,65,2121,3,0.0
98,1.0,1.0,2.661,0.0,4.0,4,122.4102453722915,122.4102453722915,pobre,basal,0,375.0,758.0,0.0,75.0,13,65,2121,3,0.0
97,1.0,0.0,0.0,1.0,6.0,6,166.3063744613838,166.3063744613838,pobre,basal,2,480.0,696.0,1.0,39.0,13,76,2122,6,1.0
98,1.0,0.0,0.0,1.0,7.0,6,166.3063744613838,166.3063744613838,pobre,basal,2,480.0,696.0,1.0,39.0,14,76,2122,6,1.0
97,0.0,0.0,0.0,1.0,4.0,6,166.3063744613838,166.3063744613838,pobre,basal,2,480.0,696.0,1.0,39.0,10,76,2123,4,1.0
98,0.0,0.0,0.0,1.0,5.0,6,166.3063744613838,166.3063744613838,pobre,basal,2,480.0,696.0,1.0,39.0,11,76,2123,4,1.0
97,1.0,0.0,0.0,1.0,1.0,6,166.3063744613838,166.3063744613838,pobre,basal,2,480.0,696.0,1.0,39.0,8,76,2124,1,1.0
98,1.0,0.0,0.0,1.0,2.0,6,166.3063744613838,166.3063744613838,pobre,basal,2,480.0,696.0,1.0,39.0,9,76,2124,1,1.0
97,0.0,0.0,0.0,,0.0,6,166.3063744613838,166.3063744613838,pobre,basal,2,480.0,696.0,1.0,39.0,16,76,2125,0,
98,0.0,0.0,0.0,,,6,166.3063744613838,166.3063744613838,pobre,basal,2,480.0,696.0,1.0,39.0,17,76,2125,0,
97,0.0,0.0,0.0,1.0,5.0,6,166.3063744613838,166.3063744613838,pobre,basal,4,480.0,616.0,1.0,34.0,10,76,2126,5,1.0
98,0.0,0.0,0.0,1.0,5.0,6,166.3063744613838,166.3063744613838,pobre,basal,4,480.0,616.0,1.0,34.0,11,76,2126,5,1.0
97,0.0,0.0,0.0,1.0,2.0,6,166.3063744613838,166.3063744613838,pobre,basal,4,480.0,616.0,1.0,34.0,7,76,2127,2,1.0
98,0.0,0.0,0.0,1.0,3.0,6,166.3063744613838,166.3063744613838,pobre,basal,4,480.0,616.0,1.0,34.0,8,76,2127,2,1.0
97,1.0,0.0,0.0,1.0,7.0,5,166.3063744613838,166.3063744613838,pobre,basal,3,320.0,680.0,1.0,36.0,14,76,2128,7,1.0
98,1.0,0.0,0.0,1.0,8.0,5,166.3063744613838,166.3063744613838,pobre,basal,3,320.0,680.0,1.0,36.0,15,76,2128,7,1.0
97,1.0,0.0,0.0,1.0,2.0,5,166.3063744613838,166.3063744613838,pobre,basal,3,320.0,680.0,1.0,36.0,8,76,2129,2,1.0
98,1.0,0.0,0.0,1.0,3.0,5,166.3063744613838,166.3063744613838,pobre,basal,3,320.0,680.0,1.0,36.0,9,76,2129,2,1.0
97,1.0,0.0,0.0,0.0,8.0,5,166.3063744613838,166.3063744613838,pobre,basal,2,0.0,701.0,0.0,57.0,14,76,2130,8,0.0
98,1.0,0.0,0.0,,,5,166.3063744613838,166.3063744613838,pobre,basal,2,0.0,701.0,0.0,57.0,15,76,2130,8,0.0
97,0.0,0.0,0.0,0.0,6.0,5,166.3063744613838,166.3063744613838,pobre,basal,2,0.0,701.0,0.0,57.0,15,76,2131,6,0.0
98,0.0,0.0,0.0,,,5,166.3063744613838,166.3063744613838,pobre,basal,2,0.0,701.0,0.0,57.0,16,76,2131,6,0.0
97,0.0,0.0,0.0,0.0,6.0,5,166.3063744613838,166.3063744613838,pobre,basal,2,0.0,701.0,0.0,57.0,12,76,2132,6,0.0
98,0.0,0.0,0.0,,,5,166.3063744613838,166.3063744613838,pobre,basal,2,0.0,701.0,0.0,57.0,13,76,2132,6,0.0
97,1.0,0.0,0.0,0.0,9.0,10,166.3063744613838,166.3063744613838,pobre,basal,3,480.0,725.5,1.0,47.0,15,76,2133,9,0.0
98,1.0,0.0,0.0,,,10,166.3063744613838,166.3063744613838,pobre,basal,3,480.0,725.5,1.0,47.0,16,76,2133,9,0.0
97,0.0,0.0,0.0,1.0,8.0,10,166.3063744613838,166.3063744613838,pobre,basal,3,480.0,725.5,1.0,47.0,13,76,2134,8,1.0
98,0.0,0.0,0.0,1.0,9.0,10,166.3063744613838,166.3063744613838,pobre,basal,3,480.0,725.5,1.0,47.0,14,76,2134,8,1.0
97,0.0,0.0,0.0,1.0,5.0,10,166.3063744613838,166.3063744613838,pobre,basal,3,480.0,725.5,1.0,47.0,11,76,2135,5,1.0
98,0.0,0.0,0.0,1.0,6.0,10,166.3063744613838,166.3063744613838,pobre,basal,3,480.0,725.5,1.0,47.0,12,76,2135,5,1.0
97,1.0,0.0,0.0,1.0,4.0,10,166.3063744613838,166.3063744613838,pobre,basal,3,480.0,725.5,1.0,47.0,9,76,2136,4,1.0
98,1.0,0.0,0.0,1.0,5.0,10,166.3063744613838,166.3063744613838,pobre,basal,3,480.0,725.5,1.0,47.0,10,76,2136,4,1.0
97,1.0,0.0,0.0,1.0,2.0,10,166.3063744613838,166.3063744613838,pobre,basal,3,480.0,725.5,1.0,47.0,7,76,2137,2,1.0
98,1.0,0.0,0.0,1.0,3.0,10,166.3063744613838,166.3063744613838,pobre,basal,3,480.0,725.5,1.0,47.0,8,76,2137,2,1.0
97,1.0,0.0,0.0,1.0,3.0,5,166.3063744613838,166.3063744613838,pobre,basal,0,240.0,684.0,1.0,63.0,9,76,2138,3,1.0
98,1.0,0.0,0.0,1.0,4.0,5,166.3063744613838,166.3063744613838,pobre,basal,0,240.0,684.0,1.0,63.0,10,76,2138,3,1.0
97,0.0,0.0,0.0,1.0,0.0,5,166.3063744613838,166.3063744613838,pobre,basal,0,240.0,684.0,1.0,63.0,7,76,2139,0,1.0
98,0.0,0.0,0.0,1.0,1.0,5,166.3063744613838,166.3063744613838,pobre,basal,0,240.0,684.0,1.0,63.0,8,76,2139,0,1.0
97,1.0,0.0,0.0,1.0,9.0,8,166.3063744613838,166.3063744613838,pobre,basal,3,480.0,567.0,1.0,40.0,16,76,2140,9,1.0
98,1.0,0.0,0.0,,,8,166.3063744613838,166.3063744613838,pobre,basal,3,480.0,567.0,1.0,40.0,17,76,2140,9,1.0
97,0.0,0.0,0.0,0.0,6.0,8,166.3063744613838,166.3063744613838,pobre,basal,3,480.0,567.0,1.0,40.0,13,76,2141,6,0.0
98,0.0,0.0,0.0,,,8,166.3063744613838,166.3063744613838,pobre,basal,3,480.0,567.0,1.0,40.0,14,76,2141,6,0.0
97,0.0,0.0,0.0,1.0,5.0,8,166.3063744613838,166.3063744613838,pobre,basal,3,480.0,567.0,1.0,40.0,11,76,2142,5,1.0
98,0.0,0.0,0.0,,,8,166.3063744613838,166.3063744613838,pobre,basal,3,480.0,567.0,1.0,40.0,12,76,2142,5,1.0
97,1.0,0.0,0.0,1.0,2.0,8,166.3063744613838,166.3063744613838,pobre,basal,3,480.0,567.0,1.0,40.0,8,76,2143,2,1.0
98,1.0,0.0,0.0,,,8,166.3063744613838,166.3063744613838,pobre,basal,3,480.0,567.0,1.0,40.0,9,76,2143,2,1.0
97,1.0,0.0,0.0,1.0,0.0,8,166.3063744613838,166.3063744613838,pobre,basal,3,480.0,567.0,1.0,40.0,6,76,2144,0,1.0
98,1.0,0.0,0.0,1.0,1.0,8,166.3063744613838,166.3063744613838,pobre,basal,3,480.0,567.0,1.0,40.0,7,76,2144,0,1.0
97,0.0,0.0,0.0,0.0,9.0,4,166.3063744613838,166.3063744613838,pobre,basal,0,0.0,686.0,0.0,56.0,15,76,2145,9,0.0
98,0.0,0.0,0.0,,,4,166.3063744613838,166.3063744613838,pobre,basal,0,0.0,686.0,0.0,56.0,16,76,2145,9,0.0
97,1.0,0.0,0.0,1.0,6.0,4,166.3063744613838,166.3063744613838,pobre,basal,0,0.0,686.0,0.0,56.0,13,76,2146,6,1.0
98,1.0,0.0,0.0,1.0,7.0,4,166.3063744613838,166.3063744613838,pobre,basal,0,0.0,686.0,0.0,56.0,14,76,2146,6,1.0
97,0.0,0.0,0.0,1.0,3.0,6,166.3063744613838,166.3063744613838,no pobre,basal,1,480.0,833.0,1.0,56.0,16,76,2147,3,1.0
98,0.0,0.0,0.0,,,6,166.3063744613838,166.3063744613838,no pobre,basal,1,480.0,833.0,1.0,56.0,17,76,2147,3,1.0
97,1.0,0.0,0.0,1.0,6.0,6,166.3063744613838,166.3063744613838,no pobre,basal,1,480.0,833.0,1.0,56.0,12,76,2148,6,1.0
98,1.0,0.0,0.0,1.0,7.0,6,166.3063744613838,166.3063744613838,no pobre,basal,1,480.0,833.0,1.0,56.0,13,76,2148,6,1.0
97,0.0,0.0,0.0,1.0,7.0,7,166.3063744613838,166.3063744613838,pobre,basal,2,480.0,628.0,1.0,38.0,14,76,2149,7,1.0
98,0.0,0.0,0.0,1.0,8.0,7,166.3063744613838,166.3063744613838,pobre,basal,2,480.0,628.0,1.0,38.0,15,76,2149,7,1.0
97,0.0,0.0,0.0,1.0,6.0,7,166.3063744613838,166.3063744613838,pobre,basal,2,480.0,628.0,1.0,38.0,12,76,2150,6,1.0
98,0.0,0.0,0.0,1.0,8.0,7,166.3063744613838,166.3063744613838,pobre,basal,2,480.0,628.0,1.0,38.0,13,76,2150,6,1.0
97,0.0,0.0,0.0,1.0,3.0,7,166.3063744613838,166.3063744613838,pobre,basal,2,480.0,628.0,1.0,38.0,9,76,2151,3,1.0
98,0.0,0.0,0.0,1.0,3.0,7,166.3063744613838,166.3063744613838,pobre,basal,2,480.0,628.0,1.0,38.0,10,76,2151,3,1.0
97,0.0,0.0,0.0,1.0,1.0,7,166.3063744613838,166.3063744613838,pobre,basal,2,480.0,628.0,1.0,38.0,7,76,2152,1,1.0
98,0.0,0.0,0.0,1.0,2.0,7,166.3063744613838,166.3063744613838,pobre,basal,2,480.0,628.0,1.0,38.0,8,76,2152,1,1.0
97,0.0,0.0,0.0,1.0,8.0,7,166.3063744613838,166.3063744613838,no pobre,basal,3,480.0,838.25,1.0,56.0,15,76,2153,8,1.0
98,0.0,0.0,0.0,0.0,9.0,7,166.3063744613838,166.3063744613838,no pobre,basal,3,480.0,838.25,1.0,56.0,16,76,2153,8,1.0
97,1.0,0.0,0.0,1.0,1.0,7,166.3063744613838,166.3063744613838,no pobre,basal,3,480.0,838.25,1.0,56.0,8,76,2154,1,1.0
98,1.0,0.0,0.0,1.0,3.0,7,166.3063744613838,166.3063744613838,no pobre,basal,3,480.0,838.25,1.0,56.0,9,76,2154,1,1.0
97,1.0,0.0,0.0,1.0,5.0,6,166.3063744613838,166.3063744613838,no pobre,basal,3,320.0,815.0,1.0,38.0,11,76,2155,5,1.0
98,1.0,0.0,0.0,1.0,6.0,6,166.3063744613838,166.3063744613838,no pobre,basal,3,320.0,815.0,1.0,38.0,12,76,2155,5,1.0
97,0.0,0.0,0.0,1.0,1.0,6,166.3063744613838,166.3063744613838,no pobre,basal,3,320.0,815.0,1.0,38.0,6,76,2156,1,1.0
98,0.0,0.0,0.0,1.0,2.0,6,166.3063744613838,166.3063744613838,no pobre,basal,3,320.0,815.0,1.0,38.0,7,76,2156,1,1.0
97,1.0,0.0,0.0,0.0,1.0,5,166.3063744613838,166.3063744613838,pobre,basal,5,240.0,672.0,1.0,28.0,7,76,2157,1,0.0
98,1.0,0.0,0.0,1.0,2.0,5,166.3063744613838,166.3063744613838,pobre,basal,5,240.0,672.0,1.0,28.0,8,76,2157,1,0.0
97,1.0,0.0,0.0,1.0,8.0,6,166.3063744613838,166.3063744613838,no pobre,basal,3,600.0,820.0,1.0,48.0,15,76,2158,8,1.0
98,1.0,0.0,0.0,0.0,9.0,6,166.3063744613838,166.3063744613838,no pobre,basal,3,600.0,820.0,1.0,48.0,16,76,2158,8,1.0
97,1.0,0.0,0.0,1.0,8.0,6,166.3063744613838,166.3063744613838,no pobre,basal,3,600.0,820.0,1.0,48.0,15,76,2159,8,1.0
98,1.0,0.0,0.0,0.0,9.0,6,166.3063744613838,166.3063744613838,no pobre,basal,3,600.0,820.0,1.0,48.0,16,76,2159,8,1.0
97,1.0,0.0,0.0,,0.0,3,166.3063744613838,166.3063744613838,pobre,basal,0,240.0,636.83002,1.0,40.0,15,76,2160,0,
98,1.0,0.0,0.0,,,3,166.3063744613838,166.3063744613838,pobre,basal,0,240.0,636.83002,1.0,40.0,16,76,2160,0,
97,1.0,0.0,0.0,1.0,8.0,4,166.3063744613838,166.3063744613838,no pobre,basal,3,8.333333,795.0,1.0,60.0,14,76,2161,8,1.0
98,1.0,0.0,0.0,1.0,10.0,4,166.3063744613838,166.3063744613838,no pobre,basal,3,8.333333,795.0,1.0,60.0,15,76,2161,8,1.0
97,1.0,0.0,0.0,0.0,9.0,6,166.3063744613838,166.3063744613838,pobre,basal,3,0.0,672.0,1.0,43.0,14,76,2162,9,0.0
98,1.0,0.0,0.0,1.0,9.0,6,166.3063744613838,166.3063744613838,pobre,basal,3,0.0,672.0,1.0,43.0,15,76,2162,9,0.0
97,1.0,0.0,0.0,0.0,6.0,6,166.3063744613838,166.3063744613838,pobre,basal,3,0.0,672.0,1.0,43.0,12,76,2163,6,0.0
98,1.0,0.0,0.0,1.0,7.0,6,166.3063744613838,166.3063744613838,pobre,basal,3,0.0,672.0,1.0,43.0,13,76,2163,6,0.0
97,1.0,0.0,0.0,1.0,1.0,6,166.3063744613838,166.3063744613838,pobre,basal,3,0.0,672.0,1.0,43.0,7,76,2164,1,1.0
98,1.0,0.0,0.0,1.0,2.0,6,166.3063744613838,166.3063744613838,pobre,basal,3,0.0,672.0,1.0,43.0,8,76,2164,1,1.0
97,1.0,0.0,0.0,1.0,0.0,5,166.3063744613838,166.3063744613838,pobre,basal,3,520.0,626.0,1.0,23.0,6,76,2165,0,1.0
98,1.0,0.0,0.0,1.0,1.0,5,166.3063744613838,166.3063744613838,pobre,basal,3,520.0,626.0,1.0,23.0,7,76,2165,0,1.0
97,1.0,0.0,0.0,0.0,3.0,6,166.3063744613838,166.3063744613838,pobre,basal,2,480.0,665.0,1.0,53.0,16,76,2166,3,0.0
98,1.0,0.0,0.0,,,6,166.3063744613838,166.3063744613838,pobre,basal,2,480.0,665.0,1.0,53.0,17,76,2166,3,0.0
97,0.0,0.0,0.0,1.0,7.0,6,166.3063744613838,166.3063744613838,pobre,basal,2,480.0,665.0,1.0,53.0,12,76,2167,7,1.0
98,0.0,0.0,0.0,1.0,8.0,6,166.3063744613838,166.3063744613838,pobre,basal,2,480.0,665.0,1.0,53.0,13,76,2167,7,1.0
97,1.0,0.0,0.0,1.0,5.0,6,166.3063744613838,166.3063744613838,pobre,basal,2,480.0,665.0,1.0,53.0,10,76,2168,5,1.0
98,1.0,0.0,0.0,1.0,6.0,6,166.3063744613838,166.3063744613838,pobre,basal,2,480.0,665.0,1.0,53.0,11,76,2168,5,1.0
97,0.0,0.0,0.0,1.0,8.0,6,166.3063744613838,166.3063744613838,pobre,basal,4,480.0,664.0,1.0,36.0,15,76,2169,8,1.0
98,0.0,0.0,0.0,1.0,9.0,6,166.3063744613838,166.3063744613838,pobre,basal,4,480.0,664.0,1.0,36.0,16,76,2169,8,1.0
97,1.0,0.0,0.0,1.0,5.0,6,166.3063744613838,166.3063744613838,pobre,basal,4,480.0,664.0,1.0,36.0,13,76,2170,5,1.0
98,1.0,0.0,0.0,1.0,6.0,6,166.3063744613838,166.3063744613838,pobre,basal,4,480.0,664.0,1.0,36.0,14,76,2170,5,1.0
97,0.0,0.0,0.0,1.0,5.0,6,166.3063744613838,166.3063744613838,pobre,basal,4,480.0,664.0,1.0,36.0,10,76,2171,5,1.0
98,0.0,0.0,0.0,1.0,5.0,6,166.3063744613838,166.3063744613838,pobre,basal,4,480.0,664.0,1.0,36.0,11,76,2171,5,1.0
97,0.0,0.0,0.0,,0.0,3,166.3063744613838,166.3063744613838,pobre,basal,6,400.0,699.33002,1.0,20.0,7,76,2172,0,
98,0.0,0.0,0.0,1.0,2.0,3,166.3063744613838,166.3063744613838,pobre,basal,6,400.0,699.33002,1.0,20.0,8,76,2172,0,
97,0.0,0.0,0.0,1.0,6.0,10,166.3063744613838,166.3063744613838,pobre,basal,2,400.0,514.0,1.0,45.0,14,76,2173,6,1.0
98,0.0,0.0,0.0,1.0,6.0,10,166.3063744613838,166.3063744613838,pobre,basal,2,400.0,514.0,1.0,45.0,15,76,2173,6,1.0
97,1.0,0.0,0.0,1.0,4.0,10,166.3063744613838,166.3063744613838,pobre,basal,2,400.0,514.0,1.0,45.0,10,76,2174,4,1.0
98,1.0,0.0,0.0,1.0,5.0,10,166.3063744613838,166.3063744613838,pobre,basal,2,400.0,514.0,1.0,45.0,11,76,2174,4,1.0
97,1.0,0.0,0.0,1.0,7.0,4,166.3063744613838,166.3063744613838,pobre,basal,3,240.0,691.0,1.0,52.0,13,76,2175,7,1.0
98,1.0,0.0,0.0,1.0,8.0,4,166.3063744613838,166.3063744613838,pobre,basal,3,240.0,691.0,1.0,52.0,14,76,2175,7,1.0
97,1.0,0.0,0.0,,0.0,10,166.3063744613838,166.3063744613838,pobre,basal,3,400.0,559.0,1.0,45.0,16,76,2176,0,
98,1.0,0.0,0.0,,,10,166.3063744613838,166.3063744613838,pobre,basal,3,400.0,559.0,1.0,45.0,17,76,2176,0,
97,0.0,0.0,0.0,0.0,6.0,10,166.3063744613838,166.3063744613838,pobre,basal,3,400.0,559.0,1.0,45.0,14,76,2177,6,0.0
98,0.0,0.0,0.0,1.0,6.0,10,166.3063744613838,166.3063744613838,pobre,basal,3,400.0,559.0,1.0,45.0,15,76,2177,6,0.0
97,0.0,0.0,0.0,0.0,6.0,10,166.3063744613838,166.3063744613838,pobre,basal,3,400.0,559.0,1.0,45.0,13,76,2178,6,0.0
98,0.0,0.0,0.0,1.0,6.0,10,166.3063744613838,166.3063744613838,pobre,basal,3,400.0,559.0,1.0,45.0,14,76,2178,6,0.0
97,1.0,0.0,0.0,1.0,5.0,10,166.3063744613838,166.3063744613838,pobre,basal,3,400.0,559.0,1.0,45.0,10,76,2179,5,1.0
98,1.0,0.0,0.0,1.0,5.0,10,166.3063744613838,166.3063744613838,pobre,basal,3,400.0,559.0,1.0,45.0,11,76,2179,5,1.0
97,1.0,0.0,0.0,1.0,2.0,10,166.3063744613838,166.3063744613838,pobre,basal,3,400.0,559.0,1.0,45.0,8,76,2180,2,1.0
98,1.0,0.0,0.0,1.0,3.0,10,166.3063744613838,166.3063744613838,pobre,basal,3,400.0,559.0,1.0,45.0,9,76,2180,2,1.0
97,1.0,0.0,0.0,1.0,7.0,4,166.3063744613838,166.3063744613838,pobre,basal,3,0.0,942.0,1.0,49.0,16,76,2181,7,1.0
98,1.0,0.0,0.0,,,4,166.3063744613838,166.3063744613838,pobre,basal,3,0.0,942.0,1.0,49.0,17,76,2181,7,1.0
97,,1.0,0.0,1.0,7.0,4,166.3063744613838,166.3063744613838,pobre,basal,3,0.0,942.0,1.0,49.0,13,76,2182,7,1.0
98,,1.0,0.0,1.0,8.0,4,166.3063744613838,166.3063744613838,pobre,basal,3,0.0,942.0,1.0,49.0,14,76,2182,7,1.0
97,1.0,0.0,0.0,1.0,7.0,6,166.3063744613838,166.3063744613838,pobre,basal,3,625.0,647.0,1.0,35.0,14,76,2183,7,1.0
98,1.0,0.0,0.0,1.0,8.0,6,166.3063744613838,166.3063744613838,pobre,basal,3,625.0,647.0,1.0,35.0,15,76,2183,7,1.0
97,0.0,0.0,0.0,1.0,7.0,6,166.3063744613838,166.3063744613838,pobre,basal,3,625.0,647.0,1.0,35.0,12,76,2184,7,1.0
98,0.0,0.0,0.0,1.0,7.0,6,166.3063744613838,166.3063744613838,pobre,basal,3,625.0,647.0,1.0,35.0,13,76,2184,7,1.0
97,1.0,0.0,0.0,1.0,3.0,6,166.3063744613838,166.3063744613838,pobre,basal,3,625.0,647.0,1.0,35.0,9,76,2185,3,1.0
98,1.0,0.0,0.0,1.0,4.0,6,166.3063744613838,166.3063744613838,pobre,basal,3,625.0,647.0,1.0,35.0,10,76,2185,3,1.0
97,1.0,0.0,0.0,1.0,2.0,7,166.3063744613838,166.3063744613838,pobre,basal,6,500.0,701.5,1.0,30.0,8,76,2186,2,1.0
98,1.0,0.0,0.0,1.0,3.0,7,166.3063744613838,166.3063744613838,pobre,basal,6,500.0,701.5,1.0,30.0,9,76,2186,2,1.0
97,1.0,0.0,0.0,1.0,0.0,7,166.3063744613838,166.3063744613838,pobre,basal,6,500.0,701.5,1.0,30.0,6,76,2187,0,1.0
98,1.0,0.0,0.0,1.0,1.0,7,166.3063744613838,166.3063744613838,pobre,basal,6,500.0,701.5,1.0,30.0,7,76,2187,0,1.0
97,1.0,0.0,0.0,1.0,8.0,8,166.3063744613838,166.3063744613838,pobre,basal,2,500.0,575.0,1.0,38.0,16,76,2188,8,1.0
98,1.0,0.0,0.0,,,8,166.3063744613838,166.3063744613838,pobre,basal,2,500.0,575.0,1.0,38.0,17,76,2188,8,1.0
97,1.0,0.0,0.0,1.0,6.0,8,166.3063744613838,166.3063744613838,pobre,basal,2,500.0,575.0,1.0,38.0,13,76,2189,6,1.0
98,1.0,0.0,0.0,1.0,7.0,8,166.3063744613838,166.3063744613838,pobre,basal,2,500.0,575.0,1.0,38.0,14,76,2189,6,1.0
97,1.0,0.0,0.0,1.0,4.0,8,166.3063744613838,166.3063744613838,pobre,basal,2,500.0,575.0,1.0,38.0,11,76,2190,4,1.0
98,1.0,0.0,0.0,1.0,5.0,8,166.3063744613838,166.3063744613838,pobre,basal,2,500.0,575.0,1.0,38.0,12,76,2190,4,1.0
97,0.0,0.0,0.0,1.0,3.0,8,166.3063744613838,166.3063744613838,pobre,basal,2,500.0,575.0,1.0,38.0,9,76,2191,3,1.0
98,0.0,0.0,0.0,1.0,4.0,8,166.3063744613838,166.3063744613838,pobre,basal,2,500.0,575.0,1.0,38.0,10,76,2191,3,1.0
97,1.0,0.0,0.0,1.0,1.0,8,166.3063744613838,166.3063744613838,pobre,basal,2,500.0,575.0,1.0,38.0,7,76,2192,1,1.0
98,1.0,0.0,0.0,1.0,2.0,8,166.3063744613838,166.3063744613838,pobre,basal,2,500.0,575.0,1.0,38.0,8,76,2192,1,1.0
97,1.0,0.0,0.0,1.0,0.0,8,166.3063744613838,166.3063744613838,pobre,basal,2,500.0,575.0,1.0,38.0,6,76,2193,0,1.0
98,1.0,0.0,0.0,,,8,166.3063744613838,166.3063744613838,pobre,basal,2,500.0,575.0,1.0,38.0,7,76,2193,0,1.0
97,0.0,0.0,0.0,1.0,6.0,10,166.3063744613838,166.3063744613838,pobre,basal,9,500.0,566.0,1.0,45.0,16,76,2194,6,1.0
98,0.0,0.0,0.0,,,10,166.3063744613838,166.3063744613838,pobre,basal,9,500.0,566.0,1.0,45.0,17,76,2194,6,1.0
97,1.0,0.0,0.0,1.0,2.0,10,166.3063744613838,166.3063744613838,pobre,basal,9,500.0,566.0,1.0,45.0,12,76,2195,2,1.0
98,1.0,0.0,0.0,1.0,4.0,10,166.3063744613838,166.3063744613838,pobre,basal,9,500.0,566.0,1.0,45.0,13,76,2195,2,1.0
97,0.0,0.0,0.0,1.0,3.0,10,166.3063744613838,166.3063744613838,pobre,basal,9,500.0,566.0,1.0,45.0,11,76,2196,3,1.0
98,0.0,0.0,0.0,1.0,5.0,10,166.3063744613838,166.3063744613838,pobre,basal,9,500.0,566.0,1.0,45.0,12,76,2196,3,1.0
97,0.0,0.0,0.0,1.0,3.0,10,166.3063744613838,166.3063744613838,pobre,basal,9,500.0,566.0,1.0,45.0,8,76,2197,3,1.0
98,0.0,0.0,0.0,1.0,4.0,10,166.3063744613838,166.3063744613838,pobre,basal,9,500.0,566.0,1.0,45.0,9,76,2197,3,1.0
97,0.0,0.0,0.0,,0.0,3,166.3063744613838,166.3063744613838,no pobre,basal,6,500.0,811.33002,1.0,60.0,14,76,2198,0,
98,0.0,0.0,0.0,0.0,6.0,3,166.3063744613838,166.3063744613838,no pobre,basal,6,500.0,811.33002,1.0,60.0,15,76,2198,0,
97,0.0,0.0,0.0,0.0,6.0,8,166.3063744613838,166.3063744613838,pobre,basal,2,500.0,710.0,1.0,47.0,11,76,2199,6,0.0
98,0.0,0.0,0.0,0.0,6.0,8,166.3063744613838,166.3063744613838,pobre,basal,2,500.0,710.0,1.0,47.0,12,76,2199,6,0.0
97,0.0,0.0,0.0,1.0,4.0,8,166.3063744613838,166.3063744613838,pobre,basal,2,500.0,710.0,1.0,47.0,9,76,2200,4,1.0
98,0.0,0.0,0.0,1.0,5.0,8,166.3063744613838,166.3063744613838,pobre,basal,2,500.0,710.0,1.0,47.0,10,76,2200,4,1.0
97,0.0,0.0,0.0,1.0,2.0,8,166.3063744613838,166.3063744613838,pobre,basal,2,500.0,710.0,1.0,47.0,8,76,2201,2,1.0
98,0.0,0.0,0.0,1.0,3.0,8,166.3063744613838,166.3063744613838,pobre,basal,2,500.0,710.0,1.0,47.0,9,76,2201,2,1.0
97,1.0,0.0,0.0,1.0,8.0,10,166.3063744613838,166.3063744613838,pobre,basal,0,500.0,541.0,1.0,56.0,16,76,2202,8,1.0
98,1.0,0.0,0.0,,,10,166.3063744613838,166.3063744613838,pobre,basal,0,500.0,541.0,1.0,56.0,17,76,2202,8,1.0
97,0.0,0.0,0.0,1.0,6.0,10,166.3063744613838,166.3063744613838,pobre,basal,0,500.0,541.0,1.0,56.0,14,76,2203,6,1.0
98,0.0,0.0,0.0,1.0,8.0,10,166.3063744613838,166.3063744613838,pobre,basal,0,500.0,541.0,1.0,56.0,15,76,2203,6,1.0
97,1.0,0.0,0.0,1.0,4.0,10,166.3063744613838,166.3063744613838,pobre,basal,0,500.0,541.0,1.0,56.0,12,76,2204,4,1.0
98,1.0,0.0,0.0,1.0,5.0,10,166.3063744613838,166.3063744613838,pobre,basal,0,500.0,541.0,1.0,56.0,13,76,2204,4,1.0
97,1.0,0.0,0.0,1.0,3.0,10,166.3063744613838,166.3063744613838,pobre,basal,0,500.0,541.0,1.0,56.0,10,76,2205,3,1.0
98,1.0,0.0,0.0,1.0,5.0,10,166.3063744613838,166.3063744613838,pobre,basal,0,500.0,541.0,1.0,56.0,11,76,2205,3,1.0
97,0.0,0.0,0.0,1.0,3.0,10,166.3063744613838,166.3063744613838,pobre,basal,0,500.0,541.0,1.0,56.0,8,76,2206,3,1.0
98,0.0,0.0,0.0,1.0,4.0,10,166.3063744613838,166.3063744613838,pobre,basal,0,500.0,541.0,1.0,56.0,9,76,2206,3,1.0
97,1.0,0.0,0.0,1.0,2.0,7,166.3063744613838,166.3063744613838,pobre,basal,0,500.0,724.5,1.0,58.0,16,76,2207,2,1.0
98,1.0,0.0,0.0,,,7,166.3063744613838,166.3063744613838,pobre,basal,0,500.0,724.5,1.0,58.0,17,76,2207,2,1.0
97,0.0,0.0,0.0,1.0,5.0,7,166.3063744613838,166.3063744613838,pobre,basal,0,500.0,724.5,1.0,58.0,14,76,2208,5,1.0
98,0.0,0.0,0.0,0.0,6.0,7,166.3063744613838,166.3063744613838,pobre,basal,0,500.0,724.5,1.0,58.0,15,76,2208,5,1.0
97,1.0,0.0,0.0,1.0,5.0,7,166.3063744613838,166.3063744613838,pobre,basal,0,500.0,724.5,1.0,58.0,12,76,2209,5,1.0
98,1.0,0.0,0.0,1.0,6.0,7,166.3063744613838,166.3063744613838,pobre,basal,0,500.0,724.5,1.0,58.0,13,76,2209,5,1.0
97,1.0,0.0,0.0,1.0,1.0,7,166.3063744613838,166.3063744613838,pobre,basal,0,500.0,724.5,1.0,58.0,9,76,2210,1,1.0
98,1.0,0.0,0.0,1.0,2.0,7,166.3063744613838,166.3063744613838,pobre,basal,0,500.0,724.5,1.0,58.0,10,76,2210,1,1.0
97,1.0,0.0,0.0,1.0,0.0,7,166.3063744613838,166.3063744613838,pobre,basal,0,500.0,724.5,1.0,58.0,6,76,2211,0,1.0
98,1.0,0.0,0.0,1.0,1.0,7,166.3063744613838,166.3063744613838,pobre,basal,0,500.0,724.5,1.0,58.0,7,76,2211,0,1.0
97,0.0,0.0,0.0,1.0,0.0,5,166.3063744613838,166.3063744613838,pobre,basal,2,500.0,653.0,1.0,28.0,6,76,2212,0,1.0
98,0.0,0.0,0.0,1.0,1.0,5,166.3063744613838,166.3063744613838,pobre,basal,2,500.0,653.0,1.0,28.0,7,76,2212,0,1.0
97,1.0,0.0,0.0,1.0,5.0,6,166.3063744613838,166.3063744613838,pobre,basal,2,500.0,649.0,1.0,59.0,11,76,2213,5,1.0
98,1.0,0.0,0.0,1.0,6.0,6,166.3063744613838,166.3063744613838,pobre,basal,2,500.0,649.0,1.0,59.0,12,76,2213,5,1.0
97,0.0,0.0,0.0,1.0,1.0,6,166.3063744613838,166.3063744613838,pobre,basal,2,500.0,649.0,1.0,59.0,7,76,2214,1,1.0
98,0.0,0.0,0.0,1.0,2.0,6,166.3063744613838,166.3063744613838,pobre,basal,2,500.0,649.0,1.0,59.0,8,76,2214,1,1.0
97,1.0,0.0,0.0,0.0,3.0,5,166.3063744613838,166.3063744613838,no pobre,basal,6,0.0,820.5,1.0,28.0,15,76,2215,3,0.0
98,1.0,0.0,0.0,,,5,166.3063744613838,166.3063744613838,no pobre,basal,6,0.0,820.5,1.0,28.0,16,76,2215,3,0.0
97,0.0,0.0,0.0,1.0,2.0,5,166.3063744613838,166.3063744613838,no pobre,basal,6,0.0,820.5,1.0,28.0,8,76,2216,2,1.0
98,0.0,0.0,0.0,,,5,166.3063744613838,166.3063744613838,no pobre,basal,6,0.0,820.5,1.0,28.0,9,76,2216,2,1.0
97,0.0,0.0,0.0,1.0,5.0,3,166.3063744613838,166.3063744613838,no pobre,basal,3,225.0,799.0,0.0,47.0,12,76,2217,5,1.0
98,0.0,0.0,0.0,1.0,6.0,3,166.3063744613838,166.3063744613838,no pobre,basal,3,225.0,799.0,0.0,47.0,13,76,2217,5,1.0
97,1.0,0.0,0.0,1.0,3.0,3,166.3063744613838,166.3063744613838,no pobre,basal,3,225.0,799.0,0.0,47.0,10,76,2218,3,1.0
98,1.0,0.0,0.0,1.0,3.0,3,166.3063744613838,166.3063744613838,no pobre,basal,3,225.0,799.0,0.0,47.0,11,76,2218,3,1.0
97,0.0,0.0,0.0,1.0,7.0,8,166.3063744613838,166.3063744613838,pobre,basal,0,500.0,729.0,1.0,32.0,10,76,2219,7,1.0
98,0.0,0.0,0.0,1.0,8.0,8,166.3063744613838,166.3063744613838,pobre,basal,0,500.0,729.0,1.0,32.0,11,76,2219,7,1.0
97,0.0,0.0,0.0,1.0,4.0,8,166.3063744613838,166.3063744613838,pobre,basal,0,500.0,729.0,1.0,32.0,11,76,2220,4,1.0
98,0.0,0.0,0.0,1.0,5.0,8,166.3063744613838,166.3063744613838,pobre,basal,0,500.0,729.0,1.0,32.0,12,76,2220,4,1.0
97,0.0,0.0,0.0,1.0,1.0,8,166.3063744613838,166.3063744613838,pobre,basal,0,500.0,729.0,1.0,32.0,6,76,2221,1,1.0
98,0.0,0.0,0.0,1.0,2.0,8,166.3063744613838,166.3063744613838,pobre,basal,0,500.0,729.0,1.0,32.0,7,76,2221,1,1.0
97,1.0,0.0,0.0,1.0,1.0,4,166.3063744613838,166.3063744613838,pobre,basal,3,480.0,679.0,1.0,30.0,6,76,2222,1,1.0
98,1.0,0.0,0.0,,,4,166.3063744613838,166.3063744613838,pobre,basal,3,480.0,679.0,1.0,30.0,7,76,2222,1,1.0
97,0.0,0.0,0.0,1.0,8.0,8,166.3063744613838,166.3063744613838,pobre,basal,2,625.0,593.0,1.0,48.0,16,76,2223,8,1.0
98,0.0,0.0,0.0,0.0,9.0,8,166.3063744613838,166.3063744613838,pobre,basal,2,625.0,593.0,1.0,48.0,17,76,2223,8,1.0
97,0.0,0.0,0.0,1.0,7.0,8,166.3063744613838,166.3063744613838,pobre,basal,2,625.0,593.0,1.0,48.0,13,76,2224,7,1.0
98,0.0,0.0,0.0,1.0,8.0,8,166.3063744613838,166.3063744613838,pobre,basal,2,625.0,593.0,1.0,48.0,14,76,2224,7,1.0
97,0.0,0.0,0.0,1.0,5.0,8,166.3063744613838,166.3063744613838,pobre,basal,2,625.0,593.0,1.0,48.0,11,76,2225,5,1.0
98,0.0,0.0,0.0,1.0,6.0,8,166.3063744613838,166.3063744613838,pobre,basal,2,625.0,593.0,1.0,48.0,12,76,2225,5,1.0
97,1.0,0.0,0.0,1.0,2.0,8,166.3063744613838,166.3063744613838,pobre,basal,2,625.0,593.0,1.0,48.0,7,76,2226,2,1.0
98,1.0,0.0,0.0,1.0,3.0,8,166.3063744613838,166.3063744613838,pobre,basal,2,625.0,593.0,1.0,48.0,8,76,2226,2,1.0
97,0.0,0.0,0.0,1.0,5.0,7,166.3063744613838,166.3063744613838,pobre,basal,0,500.0,794.25,1.0,63.0,13,76,2227,5,1.0
98,0.0,0.0,0.0,1.0,6.0,7,166.3063744613838,166.3063744613838,pobre,basal,0,500.0,794.25,1.0,63.0,14,76,2227,5,1.0
97,1.0,0.0,0.0,1.0,4.0,7,166.3063744613838,166.3063744613838,pobre,basal,0,500.0,794.25,1.0,63.0,10,76,2228,4,1.0
98,1.0,0.0,0.0,1.0,5.0,7,166.3063744613838,166.3063744613838,pobre,basal,0,500.0,794.25,1.0,63.0,11,76,2228,4,1.0
97,1.0,0.0,0.0,1.0,2.0,7,166.3063744613838,166.3063744613838,pobre,basal,0,500.0,794.25,1.0,63.0,7,76,2229,2,1.0
98,1.0,0.0,0.0,1.0,3.0,7,166.3063744613838,166.3063744613838,pobre,basal,0,500.0,794.25,1.0,63.0,8,76,2229,2,1.0
97,0.0,0.0,0.0,0.0,9.0,6,166.3063744613838,166.3063744613838,no pobre,basal,4,608.33331,819.5,1.0,54.0,16,76,2230,9,0.0
98,0.0,0.0,0.0,,,6,166.3063744613838,166.3063744613838,no pobre,basal,4,608.33331,819.5,1.0,54.0,17,76,2230,9,0.0
97,0.0,0.0,0.0,1.0,7.0,7,166.3063744613838,166.3063744613838,pobre,basal,3,0.0,729.5,1.0,60.0,15,76,2231,7,1.0
98,0.0,0.0,0.0,1.0,8.0,7,166.3063744613838,166.3063744613838,pobre,basal,3,0.0,729.5,1.0,60.0,16,76,2231,7,1.0
97,0.0,0.0,0.0,1.0,7.0,7,166.3063744613838,166.3063744613838,pobre,basal,3,0.0,729.5,1.0,60.0,13,76,2232,7,1.0
98,0.0,0.0,0.0,1.0,7.0,7,166.3063744613838,166.3063744613838,pobre,basal,3,0.0,729.5,1.0,60.0,14,76,2232,7,1.0
97,1.0,0.0,0.0,0.0,2.0,7,166.3063744613838,166.3063744613838,pobre,basal,3,0.0,729.5,1.0,60.0,14,76,2233,2,0.0
98,1.0,0.0,0.0,0.0,6.0,7,166.3063744613838,166.3063744613838,pobre,basal,3,0.0,729.5,1.0,60.0,15,76,2233,2,0.0
97,0.0,0.0,0.0,,0.0,7,166.3063744613838,166.3063744613838,pobre,basal,3,0.0,729.5,1.0,60.0,8,76,2234,0,
98,0.0,0.0,0.0,,,7,166.3063744613838,166.3063744613838,pobre,basal,3,0.0,729.5,1.0,60.0,9,76,2234,0,
97,0.0,0.0,0.0,1.0,8.0,11,166.3063744613838,166.3063744613838,pobre,basal,0,0.0,818.0,1.0,75.0,14,76,2235,8,1.0
98,0.0,0.0,0.0,1.0,9.0,11,166.3063744613838,166.3063744613838,pobre,basal,0,0.0,818.0,1.0,75.0,15,76,2235,8,1.0
97,0.0,0.0,0.0,1.0,8.0,11,166.3063744613838,166.3063744613838,pobre,basal,0,0.0,818.0,1.0,75.0,14,76,2236,8,1.0
98,0.0,0.0,0.0,,,11,166.3063744613838,166.3063744613838,pobre,basal,0,0.0,818.0,1.0,75.0,15,76,2236,8,1.0
97,0.0,0.0,0.0,1.0,3.0,11,166.3063744613838,166.3063744613838,pobre,basal,0,0.0,818.0,1.0,75.0,9,76,2237,3,1.0
98,0.0,0.0,0.0,1.0,4.0,11,166.3063744613838,166.3063744613838,pobre,basal,0,0.0,818.0,1.0,75.0,10,76,2237,3,1.0
97,1.0,0.0,0.0,1.0,4.0,11,166.3063744613838,166.3063744613838,pobre,basal,0,0.0,818.0,1.0,75.0,10,76,2238,4,1.0
98,1.0,0.0,0.0,1.0,5.0,11,166.3063744613838,166.3063744613838,pobre,basal,0,0.0,818.0,1.0,75.0,11,76,2238,4,1.0
97,0.0,0.0,0.0,1.0,1.0,11,166.3063744613838,166.3063744613838,pobre,basal,0,0.0,818.0,1.0,75.0,7,76,2239,1,1.0
98,0.0,0.0,0.0,1.0,2.0,11,166.3063744613838,166.3063744613838,pobre,basal,0,0.0,818.0,1.0,75.0,8,76,2239,1,1.0
97,1.0,0.0,0.0,1.0,8.0,7,166.3063744613838,166.3063744613838,pobre,basal,5,480.0,591.0,1.0,32.0,14,76,2240,8,1.0
98,1.0,0.0,0.0,1.0,8.0,7,166.3063744613838,166.3063744613838,pobre,basal,5,480.0,591.0,1.0,32.0,15,76,2240,8,1.0
97,1.0,0.0,0.0,1.0,6.0,7,166.3063744613838,166.3063744613838,pobre,basal,5,480.0,591.0,1.0,32.0,12,76,2241,6,1.0
98,1.0,0.0,0.0,1.0,7.0,7,166.3063744613838,166.3063744613838,pobre,basal,5,480.0,591.0,1.0,32.0,13,76,2241,6,1.0
97,1.0,0.0,0.0,1.0,4.0,7,166.3063744613838,166.3063744613838,pobre,basal,5,480.0,591.0,1.0,32.0,10,76,2242,4,1.0
98,1.0,0.0,0.0,1.0,5.0,7,166.3063744613838,166.3063744613838,pobre,basal,5,480.0,591.0,1.0,32.0,11,76,2242,4,1.0
97,0.0,0.0,0.0,1.0,2.0,7,166.3063744613838,166.3063744613838,pobre,basal,5,480.0,591.0,1.0,32.0,8,76,2243,2,1.0
98,0.0,0.0,0.0,1.0,3.0,7,166.3063744613838,166.3063744613838,pobre,basal,5,480.0,591.0,1.0,32.0,9,76,2243,2,1.0
97,0.0,0.0,0.0,1.0,8.0,6,166.3063744613838,166.3063744613838,pobre,basal,3,480.0,758.0,1.0,54.0,13,76,2244,8,1.0
98,0.0,0.0,0.0,1.0,9.0,6,166.3063744613838,166.3063744613838,pobre,basal,3,480.0,758.0,1.0,54.0,14,76,2244,8,1.0
97,1.0,0.0,0.0,0.0,9.0,9,166.3063744613838,166.3063744613838,pobre,basal,0,0.0,670.5,0.0,73.0,16,76,2245,9,0.0
98,1.0,0.0,0.0,,,9,166.3063744613838,166.3063744613838,pobre,basal,0,0.0,670.5,0.0,73.0,17,76,2245,9,0.0
97,1.0,0.0,0.0,1.0,9.0,9,166.3063744613838,166.3063744613838,pobre,basal,0,0.0,670.5,0.0,73.0,15,76,2246,9,1.0
98,1.0,0.0,0.0,,,9,166.3063744613838,166.3063744613838,pobre,basal,0,0.0,670.5,0.0,73.0,16,76,2246,9,1.0
97,0.0,0.0,0.0,1.0,7.0,9,166.3063744613838,166.3063744613838,pobre,basal,0,0.0,670.5,0.0,73.0,13,76,2247,7,1.0
98,0.0,0.0,0.0,1.0,8.0,9,166.3063744613838,166.3063744613838,pobre,basal,0,0.0,670.5,0.0,73.0,14,76,2247,7,1.0
97,1.0,0.0,0.0,1.0,3.0,9,166.3063744613838,166.3063744613838,pobre,basal,0,0.0,670.5,0.0,73.0,9,76,2248,3,1.0
98,1.0,0.0,0.0,1.0,4.0,9,166.3063744613838,166.3063744613838,pobre,basal,0,0.0,670.5,0.0,73.0,10,76,2248,3,1.0
97,0.0,0.0,0.0,1.0,0.0,9,166.3063744613838,166.3063744613838,pobre,basal,0,0.0,670.5,0.0,73.0,6,76,2249,0,1.0
98,0.0,0.0,0.0,1.0,1.0,9,166.3063744613838,166.3063744613838,pobre,basal,0,0.0,670.5,0.0,73.0,7,76,2249,0,1.0
97,0.0,0.0,0.0,1.0,7.0,6,166.3063744613838,166.3063744613838,pobre,basal,3,500.0,622.0,1.0,33.0,12,76,2250,7,1.0
98,0.0,0.0,0.0,1.0,8.0,6,166.3063744613838,166.3063744613838,pobre,basal,3,500.0,622.0,1.0,33.0,13,76,2250,7,1.0
97,0.0,0.0,0.0,1.0,4.0,6,166.3063744613838,166.3063744613838,pobre,basal,3,500.0,622.0,1.0,33.0,10,76,2251,4,1.0
98,0.0,0.0,0.0,1.0,5.0,6,166.3063744613838,166.3063744613838,pobre,basal,3,500.0,622.0,1.0,33.0,11,76,2251,4,1.0
97,1.0,0.0,0.0,1.0,2.0,5,166.3063744613838,166.3063744613838,pobre,basal,4,500.0,653.0,1.0,28.0,8,76,2252,2,1.0
98,1.0,0.0,0.0,1.0,3.0,5,166.3063744613838,166.3063744613838,pobre,basal,4,500.0,653.0,1.0,28.0,9,76,2252,2,1.0
97,1.0,0.0,0.0,1.0,9.0,6,166.3063744613838,166.3063744613838,no pobre,basal,1,500.0,837.40002,1.0,52.0,16,76,2253,9,1.0
98,1.0,0.0,0.0,,,6,166.3063744613838,166.3063744613838,no pobre,basal,1,500.0,837.40002,1.0,52.0,17,76,2253,9,1.0
97,0.0,0.0,0.0,0.0,6.0,7,166.3063744613838,166.3063744613838,pobre,basal,3,500.0,729.25,1.0,38.0,15,76,2254,6,0.0
98,0.0,0.0,0.0,0.0,6.0,7,166.3063744613838,166.3063744613838,pobre,basal,3,500.0,729.25,1.0,38.0,16,76,2254,6,0.0
97,1.0,0.0,0.0,1.0,5.0,7,166.3063744613838,166.3063744613838,pobre,basal,3,500.0,729.25,1.0,38.0,11,76,2255,5,1.0
98,1.0,0.0,0.0,1.0,6.0,7,166.3063744613838,166.3063744613838,pobre,basal,3,500.0,729.25,1.0,38.0,12,76,2255,5,1.0
97,1.0,0.0,0.0,1.0,2.0,7,166.3063744613838,166.3063744613838,pobre,basal,3,500.0,729.25,1.0,38.0,8,76,2256,2,1.0
98,1.0,0.0,0.0,1.0,3.0,7,166.3063744613838,166.3063744613838,pobre,basal,3,500.0,729.25,1.0,38.0,9,76,2256,2,1.0
97,1.0,0.0,0.0,0.0,9.0,10,166.3063744613838,166.3063744613838,pobre,basal,2,500.0,671.0,1.0,36.0,16,76,2257,9,0.0
98,1.0,0.0,0.0,,,10,166.3063744613838,166.3063744613838,pobre,basal,2,500.0,671.0,1.0,36.0,17,76,2257,9,0.0
97,0.0,0.0,0.0,1.0,8.0,10,166.3063744613838,166.3063744613838,pobre,basal,2,500.0,671.0,1.0,36.0,15,76,2258,8,1.0
98,0.0,0.0,0.0,0.0,9.0,10,166.3063744613838,166.3063744613838,pobre,basal,2,500.0,671.0,1.0,36.0,16,76,2258,8,1.0
97,0.0,0.0,0.0,1.0,4.0,10,166.3063744613838,166.3063744613838,pobre,basal,2,500.0,671.0,1.0,36.0,12,76,2259,4,1.0
98,0.0,0.0,0.0,1.0,5.0,10,166.3063744613838,166.3063744613838,pobre,basal,2,500.0,671.0,1.0,36.0,13,76,2259,4,1.0
97,0.0,0.0,0.0,1.0,5.0,10,166.3063744613838,166.3063744613838,pobre,basal,2,500.0,671.0,1.0,36.0,11,76,2260,5,1.0
98,0.0,0.0,0.0,1.0,6.0,10,166.3063744613838,166.3063744613838,pobre,basal,2,500.0,671.0,1.0,36.0,12,76,2260,5,1.0
97,0.0,0.0,0.0,1.0,1.0,10,166.3063744613838,166.3063744613838,pobre,basal,2,500.0,671.0,1.0,36.0,9,76,2261,1,1.0
98,0.0,0.0,0.0,1.0,2.0,10,166.3063744613838,166.3063744613838,pobre,basal,2,500.0,671.0,1.0,36.0,10,76,2261,1,1.0
97,0.0,0.0,0.0,1.0,3.0,10,166.3063744613838,166.3063744613838,pobre,basal,2,500.0,671.0,1.0,36.0,6,76,2262,3,1.0
98,0.0,0.0,0.0,1.0,1.0,10,166.3063744613838,166.3063744613838,pobre,basal,2,500.0,671.0,1.0,36.0,7,76,2262,3,1.0
97,0.0,0.0,0.0,1.0,3.0,5,166.3063744613838,166.3063744613838,pobre,basal,6,500.0,642.0,1.0,30.0,8,76,2263,3,1.0
98,0.0,0.0,0.0,1.0,3.0,5,166.3063744613838,166.3063744613838,pobre,basal,6,500.0,642.0,1.0,30.0,9,76,2263,3,1.0
97,0.0,0.0,0.0,1.0,4.0,5,166.3063744613838,166.3063744613838,pobre,basal,2,600.0,781.0,1.0,38.0,10,76,2264,4,1.0
98,0.0,0.0,0.0,1.0,5.0,5,166.3063744613838,166.3063744613838,pobre,basal,2,600.0,781.0,1.0,38.0,11,76,2264,4,1.0
97,1.0,0.0,0.0,0.0,0.0,5,166.3063744613838,166.3063744613838,pobre,basal,2,600.0,781.0,1.0,38.0,6,76,2265,0,0.0
98,1.0,0.0,0.0,1.0,1.0,5,166.3063744613838,166.3063744613838,pobre,basal,2,600.0,781.0,1.0,38.0,7,76,2265,0,0.0
97,1.0,0.0,0.0,1.0,8.0,5,166.3063744613838,166.3063744613838,pobre,basal,0,480.0,660.33002,1.0,41.0,16,76,2266,8,1.0
98,1.0,0.0,0.0,,,5,166.3063744613838,166.3063744613838,pobre,basal,0,480.0,660.33002,1.0,41.0,17,76,2266,8,1.0
97,1.0,0.0,0.0,1.0,5.0,5,166.3063744613838,166.3063744613838,pobre,basal,0,480.0,660.33002,1.0,41.0,14,76,2267,5,1.0
98,1.0,0.0,0.0,1.0,6.0,5,166.3063744613838,166.3063744613838,pobre,basal,0,480.0,660.33002,1.0,41.0,15,76,2267,5,1.0
97,0.0,0.0,0.0,,0.0,5,166.3063744613838,166.3063744613838,pobre,basal,0,480.0,660.33002,1.0,41.0,13,76,2268,0,
98,0.0,0.0,0.0,,,5,166.3063744613838,166.3063744613838,pobre,basal,0,480.0,660.33002,1.0,41.0,14,76,2268,0,
97,1.0,0.0,0.0,1.0,3.0,5,166.3063744613838,166.3063744613838,pobre,basal,0,0.0,648.0,1.0,48.0,12,76,2269,3,1.0
98,1.0,0.0,0.0,1.0,4.0,5,166.3063744613838,166.3063744613838,pobre,basal,0,0.0,648.0,1.0,48.0,13,76,2269,3,1.0
97,1.0,0.0,0.0,1.0,1.0,5,166.3063744613838,166.3063744613838,pobre,basal,0,0.0,648.0,1.0,48.0,8,76,2270,1,1.0
98,1.0,0.0,0.0,1.0,2.0,5,166.3063744613838,166.3063744613838,pobre,basal,0,0.0,648.0,1.0,48.0,9,76,2270,1,1.0
97,0.0,0.0,0.0,1.0,5.0,4,166.3063744613838,166.3063744613838,pobre,basal,1,500.0,730.0,1.0,52.0,12,76,2271,5,1.0
98,0.0,0.0,0.0,1.0,7.0,4,166.3063744613838,166.3063744613838,pobre,basal,1,500.0,730.0,1.0,52.0,13,76,2271,5,1.0
97,1.0,0.0,0.0,1.0,3.0,4,166.3063744613838,166.3063744613838,pobre,basal,1,500.0,730.0,1.0,52.0,9,76,2272,3,1.0
98,1.0,0.0,0.0,1.0,4.0,4,166.3063744613838,166.3063744613838,pobre,basal,1,500.0,730.0,1.0,52.0,10,76,2272,3,1.0
97,0.0,0.0,0.0,1.0,4.0,3,166.3063744613838,166.3063744613838,pobre,basal,1,0.0,736.0,1.0,56.0,14,76,2273,4,1.0
98,0.0,0.0,0.0,,,3,166.3063744613838,166.3063744613838,pobre,basal,1,0.0,736.0,1.0,56.0,15,76,2273,4,1.0
97,0.0,0.0,0.0,1.0,2.0,6,166.3063744613838,166.3063744613838,pobre,basal,0,480.0,722.0,1.0,75.0,7,76,2274,2,1.0
98,0.0,0.0,0.0,1.0,3.0,6,166.3063744613838,166.3063744613838,pobre,basal,0,480.0,722.0,1.0,75.0,8,76,2274,2,1.0
97,0.0,0.0,0.0,0.0,6.0,10,166.3063744613838,166.3063744613838,pobre,basal,0,500.0,641.0,1.0,35.0,16,76,2275,6,0.0
98,0.0,0.0,0.0,,,10,166.3063744613838,166.3063744613838,pobre,basal,0,500.0,641.0,1.0,35.0,17,76,2275,6,0.0
97,0.0,0.0,0.0,0.0,6.0,10,166.3063744613838,166.3063744613838,pobre,basal,0,500.0,641.0,1.0,35.0,14,76,2276,6,0.0
98,0.0,0.0,0.0,1.0,6.0,10,166.3063744613838,166.3063744613838,pobre,basal,0,500.0,641.0,1.0,35.0,15,76,2276,6,0.0
97,1.0,0.0,0.0,1.0,5.0,10,166.3063744613838,166.3063744613838,pobre,basal,0,500.0,641.0,1.0,35.0,12,76,2277,5,1.0
98,1.0,0.0,0.0,1.0,6.0,10,166.3063744613838,166.3063744613838,pobre,basal,0,500.0,641.0,1.0,35.0,13,76,2277,5,1.0
97,1.0,0.0,0.0,1.0,4.0,10,166.3063744613838,166.3063744613838,pobre,basal,0,500.0,641.0,1.0,35.0,9,76,2278,4,1.0
98,1.0,0.0,0.0,1.0,4.0,10,166.3063744613838,166.3063744613838,pobre,basal,0,500.0,641.0,1.0,35.0,10,76,2278,4,1.0
97,0.0,0.0,0.0,0.0,6.0,8,166.3063744613838,166.3063744613838,pobre,basal,2,500.0,602.0,1.0,40.0,14,76,2279,6,0.0
98,0.0,0.0,0.0,0.0,6.0,8,166.3063744613838,166.3063744613838,pobre,basal,2,500.0,602.0,1.0,40.0,15,76,2279,6,0.0
97,1.0,0.0,0.0,0.0,6.0,8,166.3063744613838,166.3063744613838,pobre,basal,2,500.0,602.0,1.0,40.0,12,76,2280,6,0.0
98,1.0,0.0,0.0,0.0,6.0,8,166.3063744613838,166.3063744613838,pobre,basal,2,500.0,602.0,1.0,40.0,13,76,2280,6,0.0
97,1.0,0.0,0.0,1.0,4.0,8,166.3063744613838,166.3063744613838,pobre,basal,2,500.0,602.0,1.0,40.0,9,76,2281,4,1.0
98,1.0,0.0,0.0,1.0,4.0,8,166.3063744613838,166.3063744613838,pobre,basal,2,500.0,602.0,1.0,40.0,10,76,2281,4,1.0
97,1.0,0.0,0.0,1.0,5.0,9,166.3063744613838,166.3063744613838,pobre,basal,0,500.0,521.0,1.0,42.0,14,76,2282,5,1.0
98,1.0,0.0,0.0,0.0,6.0,9,166.3063744613838,166.3063744613838,pobre,basal,0,500.0,521.0,1.0,42.0,15,76,2282,5,1.0
97,1.0,0.0,0.0,1.0,4.0,9,166.3063744613838,166.3063744613838,pobre,basal,0,500.0,521.0,1.0,42.0,12,76,2283,4,1.0
98,1.0,0.0,0.0,1.0,5.0,9,166.3063744613838,166.3063744613838,pobre,basal,0,500.0,521.0,1.0,42.0,13,76,2283,4,1.0
97,1.0,0.0,0.0,0.0,3.0,9,166.3063744613838,166.3063744613838,pobre,basal,0,500.0,521.0,1.0,42.0,8,76,2284,3,0.0
98,1.0,0.0,0.0,1.0,3.0,9,166.3063744613838,166.3063744613838,pobre,basal,0,500.0,521.0,1.0,42.0,9,76,2284,3,0.0
97,1.0,0.0,0.0,1.0,2.0,9,166.3063744613838,166.3063744613838,pobre,basal,0,500.0,521.0,1.0,42.0,7,76,2285,2,1.0
98,1.0,0.0,0.0,,,9,166.3063744613838,166.3063744613838,pobre,basal,0,500.0,521.0,1.0,42.0,8,76,2285,2,1.0
97,0.0,0.0,0.0,0.0,6.0,12,166.3063744613838,166.3063744613838,pobre,basal,3,625.0,435.0,1.0,46.0,14,76,2286,6,0.0
98,0.0,0.0,0.0,0.0,6.0,12,166.3063744613838,166.3063744613838,pobre,basal,3,625.0,435.0,1.0,46.0,15,76,2286,6,0.0
97,1.0,0.0,0.0,0.0,6.0,12,166.3063744613838,166.3063744613838,pobre,basal,3,625.0,435.0,1.0,46.0,12,76,2287,6,0.0
98,1.0,0.0,0.0,0.0,6.0,12,166.3063744613838,166.3063744613838,pobre,basal,3,625.0,435.0,1.0,46.0,13,76,2287,6,0.0
97,1.0,0.0,0.0,1.0,5.0,12,166.3063744613838,166.3063744613838,pobre,basal,3,625.0,435.0,1.0,46.0,11,76,2288,5,1.0
98,1.0,0.0,0.0,1.0,5.0,12,166.3063744613838,166.3063744613838,pobre,basal,3,625.0,435.0,1.0,46.0,12,76,2288,5,1.0
97,0.0,0.0,0.0,1.0,4.0,12,166.3063744613838,166.3063744613838,pobre,basal,3,625.0,435.0,1.0,46.0,9,76,2289,4,1.0
98,0.0,0.0,0.0,1.0,5.0,12,166.3063744613838,166.3063744613838,pobre,basal,3,625.0,435.0,1.0,46.0,10,76,2289,4,1.0
97,0.0,0.0,0.0,1.0,2.0,12,166.3063744613838,166.3063744613838,pobre,basal,3,625.0,435.0,1.0,46.0,7,76,2290,2,1.0
98,0.0,0.0,0.0,1.0,2.0,12,166.3063744613838,166.3063744613838,pobre,basal,3,625.0,435.0,1.0,46.0,8,76,2290,2,1.0
97,0.0,0.0,0.0,1.0,0.0,12,166.3063744613838,166.3063744613838,pobre,basal,3,625.0,435.0,1.0,46.0,6,76,2291,0,1.0
98,0.0,0.0,0.0,1.0,0.0,12,166.3063744613838,166.3063744613838,pobre,basal,3,625.0,435.0,1.0,46.0,7,76,2291,0,1.0
97,1.0,0.0,0.0,1.0,6.0,13,166.3063744613838,166.3063744613838,pobre,basal,3,625.0,707.0,1.0,52.0,15,76,2292,6,1.0
98,1.0,0.0,0.0,1.0,7.0,13,166.3063744613838,166.3063744613838,pobre,basal,3,625.0,707.0,1.0,52.0,16,76,2292,6,1.0
97,0.0,0.0,0.0,0.0,6.0,13,166.3063744613838,166.3063744613838,pobre,basal,3,625.0,707.0,1.0,52.0,14,76,2293,6,0.0
98,0.0,0.0,0.0,0.0,6.0,13,166.3063744613838,166.3063744613838,pobre,basal,3,625.0,707.0,1.0,52.0,15,76,2293,6,0.0
97,0.0,0.0,0.0,1.0,5.0,13,166.3063744613838,166.3063744613838,pobre,basal,3,625.0,707.0,1.0,52.0,12,76,2294,5,1.0
98,0.0,0.0,0.0,1.0,5.0,13,166.3063744613838,166.3063744613838,pobre,basal,3,625.0,707.0,1.0,52.0,13,76,2294,5,1.0
97,0.0,0.0,0.0,1.0,3.0,13,166.3063744613838,166.3063744613838,pobre,basal,3,625.0,707.0,1.0,52.0,9,76,2295,3,1.0
98,0.0,0.0,0.0,1.0,4.0,13,166.3063744613838,166.3063744613838,pobre,basal,3,625.0,707.0,1.0,52.0,10,76,2295,3,1.0
97,0.0,0.0,0.0,1.0,0.0,13,166.3063744613838,166.3063744613838,pobre,basal,3,625.0,707.0,1.0,52.0,7,76,2296,0,1.0
98,0.0,0.0,0.0,1.0,1.0,13,166.3063744613838,166.3063744613838,pobre,basal,3,625.0,707.0,1.0,52.0,8,76,2296,0,1.0
97,0.0,0.0,0.0,0.0,6.0,10,166.3063744613838,166.3063744613838,pobre,basal,3,320.0,505.0,1.0,43.0,16,76,2297,6,0.0
98,0.0,0.0,0.0,,,10,166.3063744613838,166.3063744613838,pobre,basal,3,320.0,505.0,1.0,43.0,17,76,2297,6,0.0
97,0.0,0.0,0.0,0.0,6.0,10,166.3063744613838,166.3063744613838,pobre,basal,3,320.0,505.0,1.0,43.0,15,76,2298,6,0.0
98,0.0,0.0,0.0,0.0,6.0,10,166.3063744613838,166.3063744613838,pobre,basal,3,320.0,505.0,1.0,43.0,16,76,2298,6,0.0
97,0.0,0.0,0.0,1.0,5.0,10,166.3063744613838,166.3063744613838,pobre,basal,3,320.0,505.0,1.0,43.0,12,76,2299,5,1.0
98,0.0,0.0,0.0,0.0,6.0,10,166.3063744613838,166.3063744613838,pobre,basal,3,320.0,505.0,1.0,43.0,13,76,2299,5,1.0
97,0.0,0.0,0.0,1.0,4.0,10,166.3063744613838,166.3063744613838,pobre,basal,3,320.0,505.0,1.0,43.0,10,76,2300,4,1.0
98,0.0,0.0,0.0,1.0,5.0,10,166.3063744613838,166.3063744613838,pobre,basal,3,320.0,505.0,1.0,43.0,11,76,2300,4,1.0
97,1.0,0.0,0.0,1.0,1.0,10,166.3063744613838,166.3063744613838,pobre,basal,3,320.0,505.0,1.0,43.0,7,76,2301,1,1.0
98,1.0,0.0,0.0,1.0,2.0,10,166.3063744613838,166.3063744613838,pobre,basal,3,320.0,505.0,1.0,43.0,8,76,2301,1,1.0
97,0.0,0.0,0.0,1.0,0.0,10,166.3063744613838,166.3063744613838,pobre,basal,3,320.0,505.0,1.0,43.0,6,76,2302,0,1.0
98,0.0,0.0,0.0,1.0,1.0,10,166.3063744613838,166.3063744613838,pobre,basal,3,320.0,505.0,1.0,43.0,7,76,2302,0,1.0
97,1.0,0.0,0.0,0.0,2.0,6,166.3063744613838,166.3063744613838,pobre,basal,0,240.0,639.0,1.0,50.0,16,76,2303,2,0.0
98,1.0,0.0,0.0,,,6,166.3063744613838,166.3063744613838,pobre,basal,0,240.0,639.0,1.0,50.0,17,76,2303,2,0.0
97,0.0,0.0,0.0,1.0,6.0,6,166.3063744613838,166.3063744613838,pobre,basal,0,240.0,639.0,1.0,50.0,12,76,2304,6,1.0
98,0.0,0.0,0.0,1.0,7.0,6,166.3063744613838,166.3063744613838,pobre,basal,0,240.0,639.0,1.0,50.0,13,76,2304,6,1.0
97,1.0,0.0,0.0,0.0,4.0,7,166.3063744613838,166.3063744613838,pobre,basal,0,500.0,751.79999,1.0,54.0,15,76,2305,4,0.0
98,1.0,0.0,0.0,,,7,166.3063744613838,166.3063744613838,pobre,basal,0,500.0,751.79999,1.0,54.0,16,76,2305,4,0.0
97,0.0,0.0,0.0,1.0,6.0,7,166.3063744613838,166.3063744613838,pobre,basal,0,500.0,751.79999,1.0,54.0,11,76,2306,6,1.0
98,0.0,0.0,0.0,,,7,166.3063744613838,166.3063744613838,pobre,basal,0,500.0,751.79999,1.0,54.0,12,76,2306,6,1.0
97,0.0,0.0,0.0,1.0,7.0,5,166.3063744613838,166.3063744613838,no pobre,basal,0,500.0,792.5,1.0,55.0,13,76,2307,7,1.0
98,0.0,0.0,0.0,1.0,8.0,5,166.3063744613838,166.3063744613838,no pobre,basal,0,500.0,792.5,1.0,55.0,14,76,2307,7,1.0
97,0.0,0.0,0.0,1.0,4.0,5,166.3063744613838,166.3063744613838,no pobre,basal,0,500.0,792.5,1.0,55.0,11,76,2308,4,1.0
98,0.0,0.0,0.0,1.0,5.0,5,166.3063744613838,166.3063744613838,no pobre,basal,0,500.0,792.5,1.0,55.0,12,76,2308,4,1.0
97,1.0,0.0,0.0,1.0,3.0,6,166.3063744613838,166.3063744613838,pobre,basal,0,500.0,634.0,1.0,42.0,11,76,2309,3,1.0
98,1.0,0.0,0.0,1.0,4.0,6,166.3063744613838,166.3063744613838,pobre,basal,0,500.0,634.0,1.0,42.0,12,76,2309,3,1.0
97,1.0,0.0,0.0,1.0,8.0,8,166.3063744613838,166.3063744613838,pobre,basal,0,500.0,570.0,1.0,44.0,13,76,2310,8,1.0
98,1.0,0.0,0.0,1.0,9.0,8,166.3063744613838,166.3063744613838,pobre,basal,0,500.0,570.0,1.0,44.0,14,76,2310,8,1.0
97,0.0,0.0,0.0,1.0,4.0,8,166.3063744613838,166.3063744613838,pobre,basal,0,500.0,570.0,1.0,44.0,10,76,2311,4,1.0
98,0.0,0.0,0.0,1.0,5.0,8,166.3063744613838,166.3063744613838,pobre,basal,0,500.0,570.0,1.0,44.0,11,76,2311,4,1.0
97,0.0,0.0,0.0,1.0,1.0,8,166.3063744613838,166.3063744613838,pobre,basal,0,500.0,570.0,1.0,44.0,7,76,2312,1,1.0
98,0.0,0.0,0.0,1.0,2.0,8,166.3063744613838,166.3063744613838,pobre,basal,0,500.0,570.0,1.0,44.0,8,76,2312,1,1.0
97,0.0,0.0,3.632,1.0,2.0,7,136.2710766731774,203.9586538801525,pobre,basal,9,500.0,632.0,1.0,28.0,8,60,2313,2,1.0
98,0.0,0.0,3.632,1.0,3.0,7,136.2710766731774,203.9586538801525,pobre,basal,9,500.0,632.0,1.0,28.0,9,60,2313,2,1.0
97,1.0,0.0,3.632,1.0,1.0,7,136.2710766731774,203.9586538801525,pobre,basal,9,500.0,632.0,1.0,28.0,7,60,2314,1,1.0
98,1.0,0.0,3.632,1.0,2.0,7,136.2710766731774,203.9586538801525,pobre,basal,9,500.0,632.0,1.0,28.0,8,60,2314,1,1.0
97,1.0,0.0,3.632,1.0,8.0,6,136.2710766731774,203.9586538801525,pobre,basal,3,625.0,914.0,1.0,42.0,14,60,2315,8,1.0
98,1.0,0.0,3.632,0.0,9.0,6,136.2710766731774,203.9586538801525,pobre,basal,3,625.0,914.0,1.0,42.0,15,60,2315,8,1.0
97,1.0,0.0,3.632,1.0,4.0,6,136.2710766731774,203.9586538801525,pobre,basal,3,625.0,914.0,1.0,42.0,10,60,2316,4,1.0
98,1.0,0.0,3.632,1.0,4.0,6,136.2710766731774,203.9586538801525,pobre,basal,3,625.0,914.0,1.0,42.0,11,60,2316,4,1.0
97,1.0,0.0,3.632,1.0,0.0,6,136.2710766731774,203.9586538801525,pobre,basal,3,625.0,914.0,1.0,42.0,6,60,2317,0,1.0
98,1.0,0.0,3.632,1.0,1.0,6,136.2710766731774,203.9586538801525,pobre,basal,3,625.0,914.0,1.0,42.0,7,60,2317,0,1.0
97,0.0,0.0,3.632,1.0,3.0,10,136.2710766731774,203.9586538801525,pobre,basal,2,500.0,449.0,1.0,33.0,11,60,2318,3,1.0
98,0.0,0.0,3.632,1.0,4.0,10,136.2710766731774,203.9586538801525,pobre,basal,2,500.0,449.0,1.0,33.0,12,60,2318,3,1.0
97,0.0,0.0,3.632,1.0,3.0,10,136.2710766731774,203.9586538801525,pobre,basal,2,500.0,449.0,1.0,33.0,9,60,2319,3,1.0
98,0.0,0.0,3.632,1.0,4.0,10,136.2710766731774,203.9586538801525,pobre,basal,2,500.0,449.0,1.0,33.0,10,60,2319,3,1.0
97,1.0,0.0,3.632,1.0,3.0,10,136.2710766731774,203.9586538801525,pobre,basal,2,500.0,449.0,1.0,33.0,8,60,2320,3,1.0
98,1.0,0.0,3.632,1.0,3.0,10,136.2710766731774,203.9586538801525,pobre,basal,2,500.0,449.0,1.0,33.0,9,60,2320,3,1.0
97,1.0,0.0,3.632,1.0,0.0,10,136.2710766731774,203.9586538801525,pobre,basal,2,500.0,449.0,1.0,33.0,6,60,2321,0,1.0
98,1.0,0.0,3.632,1.0,1.0,10,136.2710766731774,203.9586538801525,pobre,basal,2,500.0,449.0,1.0,33.0,7,60,2321,0,1.0
97,1.0,0.0,3.632,1.0,9.0,6,136.2710766731774,203.9586538801525,pobre,basal,3,500.0,675.0,1.0,38.0,15,60,2322,9,1.0
98,1.0,0.0,3.632,,,6,136.2710766731774,203.9586538801525,pobre,basal,3,500.0,675.0,1.0,38.0,16,60,2322,9,1.0
97,1.0,0.0,3.632,1.0,6.0,6,136.2710766731774,203.9586538801525,pobre,basal,3,500.0,675.0,1.0,38.0,14,60,2323,6,1.0
98,1.0,0.0,3.632,1.0,7.0,6,136.2710766731774,203.9586538801525,pobre,basal,3,500.0,675.0,1.0,38.0,15,60,2323,6,1.0
97,1.0,0.0,3.632,1.0,4.0,6,136.2710766731774,203.9586538801525,pobre,basal,3,500.0,675.0,1.0,38.0,9,60,2324,4,1.0
98,1.0,0.0,3.632,1.0,5.0,6,136.2710766731774,203.9586538801525,pobre,basal,3,500.0,675.0,1.0,38.0,10,60,2324,4,1.0
97,0.0,0.0,3.632,1.0,2.0,10,136.2710766731774,203.9586538801525,pobre,basal,0,500.0,674.0,1.0,54.0,10,60,2325,2,1.0
98,0.0,0.0,3.632,1.0,3.0,10,136.2710766731774,203.9586538801525,pobre,basal,0,500.0,674.0,1.0,54.0,11,60,2325,2,1.0
97,0.0,0.0,3.632,1.0,10.0,9,136.2710766731774,203.9586538801525,pobre,basal,2,500.0,714.0,1.0,47.0,16,60,2326,10,1.0
98,0.0,0.0,3.632,,,9,136.2710766731774,203.9586538801525,pobre,basal,2,500.0,714.0,1.0,47.0,17,60,2326,10,1.0
97,0.0,0.0,3.632,1.0,6.0,9,136.2710766731774,203.9586538801525,pobre,basal,2,500.0,714.0,1.0,47.0,12,60,2327,6,1.0
98,0.0,0.0,3.632,1.0,8.0,9,136.2710766731774,203.9586538801525,pobre,basal,2,500.0,714.0,1.0,47.0,13,60,2327,6,1.0
97,0.0,0.0,3.632,0.0,6.0,8,136.2710766731774,203.9586538801525,pobre,basal,4,500.0,552.0,1.0,40.0,16,60,2328,6,0.0
98,0.0,0.0,3.632,,,8,136.2710766731774,203.9586538801525,pobre,basal,4,500.0,552.0,1.0,40.0,17,60,2328,6,0.0
97,0.0,0.0,3.632,1.0,8.0,8,136.2710766731774,203.9586538801525,pobre,basal,4,500.0,552.0,1.0,40.0,15,60,2329,8,1.0
98,0.0,0.0,3.632,0.0,9.0,8,136.2710766731774,203.9586538801525,pobre,basal,4,500.0,552.0,1.0,40.0,16,60,2329,8,1.0
97,0.0,0.0,3.632,1.0,6.0,8,136.2710766731774,203.9586538801525,pobre,basal,4,500.0,552.0,1.0,40.0,12,60,2330,6,1.0
98,0.0,0.0,3.632,1.0,6.0,8,136.2710766731774,203.9586538801525,pobre,basal,4,500.0,552.0,1.0,40.0,13,60,2330,6,1.0
97,1.0,0.0,3.632,1.0,3.0,8,136.2710766731774,203.9586538801525,pobre,basal,4,500.0,552.0,1.0,40.0,11,60,2331,3,1.0
98,1.0,0.0,3.632,1.0,4.0,8,136.2710766731774,203.9586538801525,pobre,basal,4,500.0,552.0,1.0,40.0,12,60,2331,3,1.0
97,0.0,0.0,3.632,1.0,3.0,8,136.2710766731774,203.9586538801525,pobre,basal,4,500.0,552.0,1.0,40.0,9,60,2332,3,1.0
98,0.0,0.0,3.632,1.0,4.0,8,136.2710766731774,203.9586538801525,pobre,basal,4,500.0,552.0,1.0,40.0,10,60,2332,3,1.0
97,0.0,0.0,3.632,1.0,0.0,8,136.2710766731774,203.9586538801525,pobre,basal,4,500.0,552.0,1.0,40.0,6,60,2333,0,1.0
98,0.0,0.0,3.632,1.0,0.0,8,136.2710766731774,203.9586538801525,pobre,basal,4,500.0,552.0,1.0,40.0,7,60,2333,0,1.0
97,0.0,0.0,3.632,0.0,6.0,4,136.2710766731774,203.9586538801525,pobre,basal,2,500.0,873.0,1.0,43.0,13,60,2334,6,0.0
98,0.0,0.0,3.632,,,4,136.2710766731774,203.9586538801525,pobre,basal,2,500.0,873.0,1.0,43.0,14,60,2334,6,0.0
97,1.0,0.0,3.632,1.0,7.0,10,136.2710766731774,203.9586538801525,pobre,basal,0,500.0,795.0,1.0,50.0,14,60,2335,7,1.0
98,1.0,0.0,3.632,1.0,8.0,10,136.2710766731774,203.9586538801525,pobre,basal,0,500.0,795.0,1.0,50.0,15,60,2335,7,1.0
97,0.0,1.0,3.632,1.0,3.0,7,136.2710766731774,203.9586538801525,pobre,basal,6,500.0,934.5,1.0,56.0,9,60,2336,3,1.0
98,0.0,1.0,3.632,1.0,4.0,7,136.2710766731774,203.9586538801525,pobre,basal,6,500.0,934.5,1.0,56.0,10,60,2336,3,1.0
97,0.0,1.0,3.632,1.0,0.0,7,136.2710766731774,203.9586538801525,pobre,basal,6,500.0,934.5,1.0,56.0,6,60,2337,0,1.0
98,0.0,1.0,3.632,1.0,0.0,7,136.2710766731774,203.9586538801525,pobre,basal,6,500.0,934.5,1.0,56.0,7,60,2337,0,1.0
97,0.0,1.0,3.632,1.0,0.0,7,136.2710766731774,203.9586538801525,pobre,basal,6,500.0,934.5,1.0,56.0,6,60,2338,0,1.0
98,0.0,1.0,3.632,1.0,0.0,7,136.2710766731774,203.9586538801525,pobre,basal,6,500.0,934.5,1.0,56.0,7,60,2338,0,1.0
97,0.0,0.0,3.632,0.0,9.0,6,136.2710766731774,203.9586538801525,pobre,basal,8,625.0,862.0,1.0,20.0,16,60,2339,9,0.0
98,0.0,0.0,3.632,,,6,136.2710766731774,203.9586538801525,pobre,basal,8,625.0,862.0,1.0,20.0,17,60,2339,9,0.0
97,1.0,0.0,3.632,1.0,1.0,6,136.2710766731774,203.9586538801525,pobre,basal,9,625.0,754.0,1.0,27.0,7,60,2340,1,1.0
98,1.0,0.0,3.632,1.0,2.0,6,136.2710766731774,203.9586538801525,pobre,basal,9,625.0,754.0,1.0,27.0,8,60,2340,1,1.0
97,1.0,0.0,3.632,1.0,4.0,6,136.2710766731774,203.9586538801525,pobre,basal,9,625.0,754.0,1.0,27.0,10,60,2341,4,1.0
98,1.0,0.0,3.632,1.0,5.0,6,136.2710766731774,203.9586538801525,pobre,basal,9,625.0,754.0,1.0,27.0,11,60,2341,4,1.0
97,1.0,0.0,3.632,1.0,8.0,7,136.2710766731774,203.9586538801525,pobre,basal,2,500.0,770.0,1.0,46.0,16,60,2342,8,1.0
98,1.0,0.0,3.632,,,7,136.2710766731774,203.9586538801525,pobre,basal,2,500.0,770.0,1.0,46.0,17,60,2342,8,1.0
97,1.0,0.0,3.632,1.0,8.0,7,136.2710766731774,203.9586538801525,pobre,basal,2,500.0,770.0,1.0,46.0,15,60,2343,8,1.0
98,1.0,0.0,3.632,1.0,9.0,7,136.2710766731774,203.9586538801525,pobre,basal,2,500.0,770.0,1.0,46.0,16,60,2343,8,1.0
97,0.0,0.0,3.632,1.0,4.0,7,136.2710766731774,203.9586538801525,pobre,basal,2,500.0,770.0,1.0,46.0,13,60,2344,4,1.0
98,0.0,0.0,3.632,1.0,8.0,7,136.2710766731774,203.9586538801525,pobre,basal,2,500.0,770.0,1.0,46.0,14,60,2344,4,1.0
97,1.0,0.0,3.632,1.0,3.0,7,136.2710766731774,203.9586538801525,pobre,basal,2,500.0,770.0,1.0,46.0,11,60,2345,3,1.0
98,1.0,0.0,3.632,1.0,4.0,7,136.2710766731774,203.9586538801525,pobre,basal,2,500.0,770.0,1.0,46.0,12,60,2345,3,1.0
97,0.0,0.0,3.632,1.0,9.0,5,136.2710766731774,203.9586538801525,pobre,basal,3,575.0,784.0,1.0,34.0,16,60,2346,9,1.0
98,0.0,0.0,3.632,,,5,136.2710766731774,203.9586538801525,pobre,basal,3,575.0,784.0,1.0,34.0,17,60,2346,9,1.0
97,0.0,0.0,3.632,1.0,6.0,5,136.2710766731774,203.9586538801525,pobre,basal,3,575.0,784.0,1.0,34.0,12,60,2347,6,1.0
98,0.0,0.0,3.632,1.0,7.0,5,136.2710766731774,203.9586538801525,pobre,basal,3,575.0,784.0,1.0,34.0,13,60,2347,6,1.0
97,0.0,0.0,2.661,1.0,3.0,5,122.4102453722915,122.4102453722915,pobre,basal,9,1600.0,708.0,1.0,32.0,9,65,2348,3,1.0
98,0.0,0.0,2.661,1.0,4.0,5,122.4102453722915,122.4102453722915,pobre,basal,9,1600.0,708.0,1.0,32.0,10,65,2348,3,1.0
97,0.0,0.0,2.661,1.0,2.0,5,122.4102453722915,122.4102453722915,pobre,basal,9,1600.0,708.0,1.0,32.0,7,65,2349,2,1.0
98,0.0,0.0,2.661,1.0,3.0,5,122.4102453722915,122.4102453722915,pobre,basal,9,1600.0,708.0,1.0,32.0,8,65,2349,2,1.0
97,1.0,1.0,2.661,0.0,8.0,2,122.4102453722915,122.4102453722915,no pobre,basal,0,0.0,820.0,0.0,60.0,16,65,2350,8,0.0
98,1.0,1.0,2.661,,,2,122.4102453722915,122.4102453722915,no pobre,basal,0,0.0,820.0,0.0,60.0,17,65,2350,8,0.0
97,1.0,0.0,2.661,1.0,8.0,6,122.4102453722915,122.4102453722915,no pobre,basal,3,3750.0,1195.0,1.0,38.0,15,65,2351,8,1.0
98,1.0,0.0,2.661,0.0,8.0,6,122.4102453722915,122.4102453722915,no pobre,basal,3,3750.0,1195.0,1.0,38.0,16,65,2351,8,1.0
97,0.0,0.0,2.661,0.0,6.0,6,122.4102453722915,122.4102453722915,no pobre,basal,3,3750.0,1195.0,1.0,38.0,14,65,2352,6,0.0
98,0.0,0.0,2.661,0.0,6.0,6,122.4102453722915,122.4102453722915,no pobre,basal,3,3750.0,1195.0,1.0,38.0,15,65,2352,6,0.0
97,1.0,0.0,2.661,1.0,6.0,6,122.4102453722915,122.4102453722915,no pobre,basal,3,3750.0,1195.0,1.0,38.0,13,65,2353,6,1.0
98,1.0,0.0,2.661,1.0,6.0,6,122.4102453722915,122.4102453722915,no pobre,basal,3,3750.0,1195.0,1.0,38.0,14,65,2353,6,1.0
97,1.0,0.0,2.661,1.0,2.0,6,122.4102453722915,122.4102453722915,no pobre,basal,3,3750.0,1195.0,1.0,38.0,8,65,2354,2,1.0
98,1.0,0.0,2.661,1.0,1.0,6,122.4102453722915,122.4102453722915,no pobre,basal,3,3750.0,1195.0,1.0,38.0,9,65,2354,2,1.0
97,1.0,1.0,2.661,0.0,6.0,4,122.4102453722915,122.4102453722915,pobre,basal,3,400.0,902.0,1.0,55.0,16,65,2355,6,0.0
98,1.0,1.0,2.661,,,4,122.4102453722915,122.4102453722915,pobre,basal,3,400.0,902.0,1.0,55.0,17,65,2355,6,0.0
97,1.0,1.0,2.661,0.0,6.0,8,122.4102453722915,122.4102453722915,pobre,basal,0,320.0,867.20001,0.0,42.0,15,65,2356,6,0.0
98,1.0,1.0,2.661,0.0,6.0,8,122.4102453722915,122.4102453722915,pobre,basal,0,320.0,867.20001,0.0,42.0,16,65,2356,6,0.0
97,1.0,1.0,2.661,,0.0,8,122.4102453722915,122.4102453722915,pobre,basal,0,0.0,707.95001,1.0,68.0,9,65,2357,0,
98,1.0,1.0,2.661,,,8,122.4102453722915,122.4102453722915,pobre,basal,0,0.0,707.95001,1.0,68.0,10,65,2357,0,
97,1.0,1.0,2.661,1.0,6.0,8,122.4102453722915,122.4102453722915,pobre,basal,2,0.0,690.0,1.0,43.0,14,65,2358,6,1.0
98,1.0,1.0,2.661,1.0,7.0,8,122.4102453722915,122.4102453722915,pobre,basal,2,0.0,690.0,1.0,43.0,15,65,2358,6,1.0
97,1.0,1.0,2.661,1.0,3.0,8,122.4102453722915,122.4102453722915,pobre,basal,2,0.0,690.0,1.0,43.0,9,65,2359,3,1.0
98,1.0,1.0,2.661,1.0,4.0,8,122.4102453722915,122.4102453722915,pobre,basal,2,0.0,690.0,1.0,43.0,10,65,2359,3,1.0
97,0.0,1.0,2.661,1.0,1.0,8,122.4102453722915,122.4102453722915,pobre,basal,2,0.0,690.0,1.0,43.0,6,65,2360,1,1.0
98,0.0,1.0,2.661,1.0,2.0,8,122.4102453722915,122.4102453722915,pobre,basal,2,0.0,690.0,1.0,43.0,7,65,2360,1,1.0
97,0.0,1.0,2.661,1.0,7.0,7,122.4102453722915,122.4102453722915,pobre,basal,0,700.0,727.0,1.0,42.0,12,65,2361,7,1.0
98,0.0,1.0,2.661,,,7,122.4102453722915,122.4102453722915,pobre,basal,0,700.0,727.0,1.0,42.0,13,65,2361,7,1.0
97,0.0,1.0,2.661,1.0,5.0,7,122.4102453722915,122.4102453722915,pobre,basal,0,700.0,727.0,1.0,42.0,10,65,2362,5,1.0
98,0.0,1.0,2.661,,,7,122.4102453722915,122.4102453722915,pobre,basal,0,700.0,727.0,1.0,42.0,11,65,2362,5,1.0
97,0.0,1.0,2.661,1.0,2.0,7,122.4102453722915,122.4102453722915,pobre,basal,0,700.0,727.0,1.0,42.0,8,65,2363,2,1.0
98,0.0,1.0,2.661,,,7,122.4102453722915,122.4102453722915,pobre,basal,0,700.0,727.0,1.0,42.0,9,65,2363,2,1.0
97,1.0,0.0,2.661,1.0,7.0,8,122.4102453722915,122.4102453722915,pobre,basal,6,1500.0,736.0,1.0,34.0,12,65,2364,7,1.0
98,1.0,0.0,2.661,1.0,8.0,8,122.4102453722915,122.4102453722915,pobre,basal,6,1500.0,736.0,1.0,34.0,13,65,2364,7,1.0
97,1.0,0.0,2.661,1.0,4.0,8,122.4102453722915,122.4102453722915,pobre,basal,6,1500.0,736.0,1.0,34.0,9,65,2365,4,1.0
98,1.0,0.0,2.661,1.0,5.0,8,122.4102453722915,122.4102453722915,pobre,basal,6,1500.0,736.0,1.0,34.0,10,65,2365,4,1.0
97,1.0,0.0,2.661,1.0,1.0,8,122.4102453722915,122.4102453722915,pobre,basal,6,1500.0,736.0,1.0,34.0,7,65,2366,1,1.0
98,1.0,0.0,2.661,1.0,2.0,8,122.4102453722915,122.4102453722915,pobre,basal,6,1500.0,736.0,1.0,34.0,8,65,2366,1,1.0
97,1.0,0.0,2.661,1.0,8.0,8,122.4102453722915,122.4102453722915,pobre,basal,0,750.0,713.33002,1.0,47.0,16,65,2367,8,1.0
98,1.0,0.0,2.661,,,8,122.4102453722915,122.4102453722915,pobre,basal,0,750.0,713.33002,1.0,47.0,17,65,2367,8,1.0
97,1.0,0.0,2.661,1.0,7.0,8,122.4102453722915,122.4102453722915,pobre,basal,0,750.0,713.33002,1.0,47.0,14,65,2368,7,1.0
98,1.0,0.0,2.661,1.0,5.0,8,122.4102453722915,122.4102453722915,pobre,basal,0,750.0,713.33002,1.0,47.0,15,65,2368,7,1.0
97,0.0,0.0,2.661,1.0,4.0,8,122.4102453722915,122.4102453722915,pobre,basal,0,750.0,713.33002,1.0,47.0,10,65,2369,4,1.0
98,0.0,0.0,2.661,1.0,5.0,8,122.4102453722915,122.4102453722915,pobre,basal,0,750.0,713.33002,1.0,47.0,11,65,2369,4,1.0
97,0.0,0.0,2.661,1.0,4.0,8,122.4102453722915,122.4102453722915,pobre,basal,0,750.0,713.33002,1.0,47.0,9,65,2370,4,1.0
98,0.0,0.0,2.661,1.0,1.0,8,122.4102453722915,122.4102453722915,pobre,basal,0,750.0,713.33002,1.0,47.0,10,65,2370,4,1.0
97,0.0,0.0,2.661,1.0,1.0,8,122.4102453722915,122.4102453722915,pobre,basal,0,750.0,713.33002,1.0,47.0,6,65,2371,1,1.0
98,0.0,0.0,2.661,1.0,0.0,8,122.4102453722915,122.4102453722915,pobre,basal,0,750.0,713.33002,1.0,47.0,7,65,2371,1,1.0
97,1.0,1.0,2.661,1.0,7.0,11,122.4102453722915,122.4102453722915,no pobre,basal,0,0.0,978.14001,1.0,67.0,14,65,2372,7,1.0
98,1.0,1.0,2.661,1.0,8.0,11,122.4102453722915,122.4102453722915,no pobre,basal,0,0.0,978.14001,1.0,67.0,15,65,2372,7,1.0
97,1.0,1.0,2.661,1.0,1.0,5,122.4102453722915,122.4102453722915,pobre,basal,4,750.0,920.0,1.0,51.0,8,65,2373,1,1.0
98,1.0,1.0,2.661,1.0,2.0,5,122.4102453722915,122.4102453722915,pobre,basal,4,750.0,920.0,1.0,51.0,9,65,2373,1,1.0
97,0.0,0.0,2.661,1.0,1.0,4,122.4102453722915,122.4102453722915,no pobre,basal,7,2400.0,1008.0,1.0,25.0,6,65,2374,1,1.0
98,0.0,0.0,2.661,,,4,122.4102453722915,122.4102453722915,no pobre,basal,7,2400.0,1008.0,1.0,25.0,7,65,2374,1,1.0
97,0.0,1.0,2.661,0.0,8.0,5,122.4102453722915,122.4102453722915,pobre,basal,6,750.0,871.0,1.0,20.0,16,65,2375,8,0.0
98,0.0,1.0,2.661,,,5,122.4102453722915,122.4102453722915,pobre,basal,6,750.0,871.0,1.0,20.0,17,65,2375,8,0.0
97,0.0,0.0,0.0,1.0,5.0,12,155.0037002873992,210.2250334023131,pobre,basal,2,600.0,547.0,1.0,51.0,14,373,2376,5,1.0
98,0.0,0.0,0.0,1.0,7.0,12,155.0037002873992,210.2250334023131,pobre,basal,2,600.0,547.0,1.0,51.0,15,373,2376,5,1.0
97,0.0,0.0,0.0,1.0,5.0,12,155.0037002873992,210.2250334023131,pobre,basal,2,600.0,547.0,1.0,51.0,13,373,2377,5,1.0
98,0.0,0.0,0.0,0.0,6.0,12,155.0037002873992,210.2250334023131,pobre,basal,2,600.0,547.0,1.0,51.0,14,373,2377,5,1.0
97,1.0,0.0,0.0,1.0,2.0,12,155.0037002873992,210.2250334023131,pobre,basal,2,600.0,547.0,1.0,51.0,10,373,2378,2,1.0
98,1.0,0.0,0.0,1.0,3.0,12,155.0037002873992,210.2250334023131,pobre,basal,2,600.0,547.0,1.0,51.0,11,373,2378,2,1.0
97,1.0,0.0,0.0,1.0,1.0,12,155.0037002873992,210.2250334023131,pobre,basal,2,600.0,547.0,1.0,51.0,8,373,2379,1,1.0
98,1.0,0.0,0.0,1.0,2.0,12,155.0037002873992,210.2250334023131,pobre,basal,2,600.0,547.0,1.0,51.0,9,373,2379,1,1.0
97,1.0,0.0,0.0,1.0,0.0,12,155.0037002873992,210.2250334023131,pobre,basal,2,600.0,547.0,1.0,51.0,6,373,2380,0,1.0
98,1.0,0.0,0.0,1.0,1.0,12,155.0037002873992,210.2250334023131,pobre,basal,2,600.0,547.0,1.0,51.0,7,373,2380,0,1.0
97,1.0,0.0,0.0,0.0,3.0,12,155.0037002873992,210.2250334023131,pobre,basal,2,600.0,547.0,1.0,51.0,16,373,2381,3,0.0
98,1.0,0.0,0.0,,,12,155.0037002873992,210.2250334023131,pobre,basal,2,600.0,547.0,1.0,51.0,17,373,2381,3,0.0
97,0.0,0.0,0.0,1.0,4.0,6,155.0037002873992,210.2250334023131,pobre,basal,6,1300.0,559.0,1.0,36.0,10,373,2382,4,1.0
98,0.0,0.0,0.0,1.0,5.0,6,155.0037002873992,210.2250334023131,pobre,basal,6,1300.0,559.0,1.0,36.0,11,373,2382,4,1.0
97,1.0,0.0,0.0,1.0,2.0,6,155.0037002873992,210.2250334023131,pobre,basal,6,1300.0,559.0,1.0,36.0,9,373,2383,2,1.0
98,1.0,0.0,0.0,1.0,3.0,6,155.0037002873992,210.2250334023131,pobre,basal,6,1300.0,559.0,1.0,36.0,10,373,2383,2,1.0
97,1.0,0.0,0.0,0.0,6.0,7,155.0037002873992,210.2250334023131,pobre,basal,3,600.0,560.0,1.0,39.0,14,373,2384,6,0.0
98,1.0,0.0,0.0,0.0,6.0,7,155.0037002873992,210.2250334023131,pobre,basal,3,600.0,560.0,1.0,39.0,15,373,2384,6,0.0
97,1.0,0.0,0.0,1.0,1.0,7,155.0037002873992,210.2250334023131,pobre,basal,3,600.0,560.0,1.0,39.0,9,373,2385,1,1.0
98,1.0,0.0,0.0,1.0,4.0,7,155.0037002873992,210.2250334023131,pobre,basal,3,600.0,560.0,1.0,39.0,10,373,2385,1,1.0
97,0.0,0.0,0.0,1.0,1.0,7,155.0037002873992,210.2250334023131,pobre,basal,3,600.0,560.0,1.0,39.0,8,373,2386,1,1.0
98,0.0,0.0,0.0,1.0,3.0,7,155.0037002873992,210.2250334023131,pobre,basal,3,600.0,560.0,1.0,39.0,9,373,2386,1,1.0
97,1.0,0.0,0.0,1.0,3.0,7,155.0037002873992,210.2250334023131,pobre,basal,6,41.666668,364.0,1.0,27.0,8,373,2387,3,1.0
98,1.0,0.0,0.0,1.0,4.0,7,155.0037002873992,210.2250334023131,pobre,basal,6,41.666668,364.0,1.0,27.0,9,373,2387,3,1.0
97,1.0,0.0,0.0,1.0,2.0,7,155.0037002873992,210.2250334023131,pobre,basal,6,41.666668,364.0,1.0,27.0,7,373,2388,2,1.0
98,1.0,0.0,0.0,1.0,1.0,7,155.0037002873992,210.2250334023131,pobre,basal,6,41.666668,364.0,1.0,27.0,8,373,2388,2,1.0
97,1.0,0.0,0.0,1.0,2.0,4,155.0037002873992,210.2250334023131,pobre,basal,0,41.666668,575.0,1.0,62.0,8,373,2389,2,1.0
98,1.0,0.0,0.0,1.0,3.0,4,155.0037002873992,210.2250334023131,pobre,basal,0,41.666668,575.0,1.0,62.0,9,373,2389,2,1.0
97,0.0,0.0,0.0,1.0,3.0,6,155.0037002873992,210.2250334023131,pobre,basal,0,50.0,485.0,1.0,28.0,10,373,2390,3,1.0
98,0.0,0.0,0.0,1.0,4.0,6,155.0037002873992,210.2250334023131,pobre,basal,0,50.0,485.0,1.0,28.0,11,373,2390,3,1.0
97,1.0,0.0,0.0,1.0,1.0,6,155.0037002873992,210.2250334023131,pobre,basal,0,50.0,485.0,1.0,28.0,8,373,2391,1,1.0
98,1.0,0.0,0.0,1.0,2.0,6,155.0037002873992,210.2250334023131,pobre,basal,0,50.0,485.0,1.0,28.0,9,373,2391,1,1.0
97,0.0,0.0,0.0,1.0,3.0,7,155.0037002873992,210.2250334023131,pobre,basal,0,41.666668,592.0,1.0,61.0,11,373,2392,3,1.0
98,0.0,0.0,0.0,,,7,155.0037002873992,210.2250334023131,pobre,basal,0,41.666668,592.0,1.0,61.0,12,373,2392,3,1.0
97,1.0,0.0,0.0,1.0,0.0,7,155.0037002873992,210.2250334023131,pobre,basal,0,41.666668,592.0,1.0,61.0,7,373,2393,0,1.0
98,1.0,0.0,0.0,1.0,2.0,7,155.0037002873992,210.2250334023131,pobre,basal,0,41.666668,592.0,1.0,61.0,8,373,2393,0,1.0
97,1.0,0.0,0.0,1.0,0.0,6,155.0037002873992,210.2250334023131,pobre,basal,0,25.0,426.0,1.0,52.0,6,373,2394,0,1.0
98,1.0,0.0,0.0,1.0,1.0,6,155.0037002873992,210.2250334023131,pobre,basal,0,25.0,426.0,1.0,52.0,7,373,2394,0,1.0
97,0.0,0.0,0.0,0.0,5.0,3,155.0037002873992,210.2250334023131,pobre,basal,0,0.0,522.0,0.0,46.0,16,373,2395,5,0.0
98,0.0,0.0,0.0,,,3,155.0037002873992,210.2250334023131,pobre,basal,0,0.0,522.0,0.0,46.0,17,373,2395,5,0.0
97,0.0,0.0,0.0,0.0,9.0,10,155.0037002873992,210.2250334023131,pobre,basal,2,300.0,684.0,1.0,36.0,16,373,2396,9,0.0
98,0.0,0.0,0.0,,,10,155.0037002873992,210.2250334023131,pobre,basal,2,300.0,684.0,1.0,36.0,17,373,2396,9,0.0
97,0.0,0.0,0.0,1.0,8.0,10,155.0037002873992,210.2250334023131,pobre,basal,2,300.0,684.0,1.0,36.0,13,373,2397,8,1.0
98,0.0,0.0,0.0,1.0,9.0,10,155.0037002873992,210.2250334023131,pobre,basal,2,300.0,684.0,1.0,36.0,14,373,2397,8,1.0
97,1.0,0.0,0.0,1.0,5.0,10,155.0037002873992,210.2250334023131,pobre,basal,2,300.0,684.0,1.0,36.0,11,373,2398,5,1.0
98,1.0,0.0,0.0,1.0,7.0,10,155.0037002873992,210.2250334023131,pobre,basal,2,300.0,684.0,1.0,36.0,12,373,2398,5,1.0
97,1.0,0.0,0.0,1.0,0.0,10,155.0037002873992,210.2250334023131,pobre,basal,2,300.0,684.0,1.0,36.0,7,373,2399,0,1.0
98,1.0,0.0,0.0,1.0,1.0,10,155.0037002873992,210.2250334023131,pobre,basal,2,300.0,684.0,1.0,36.0,8,373,2399,0,1.0
97,0.0,0.0,0.0,0.0,6.0,8,155.0037002873992,210.2250334023131,pobre,basal,3,25.0,762.66669,1.0,55.0,15,373,2400,6,0.0
98,0.0,0.0,0.0,1.0,9.0,8,155.0037002873992,210.2250334023131,pobre,basal,3,25.0,762.66669,1.0,55.0,16,373,2400,6,0.0
97,1.0,0.0,0.0,1.0,4.0,8,155.0037002873992,210.2250334023131,pobre,basal,3,25.0,762.66669,1.0,55.0,12,373,2401,4,1.0
98,1.0,0.0,0.0,1.0,5.0,8,155.0037002873992,210.2250334023131,pobre,basal,3,25.0,762.66669,1.0,55.0,13,373,2401,4,1.0
97,1.0,0.0,0.0,1.0,3.0,8,155.0037002873992,210.2250334023131,pobre,basal,3,25.0,762.66669,1.0,55.0,10,373,2402,3,1.0
98,1.0,0.0,0.0,1.0,4.0,8,155.0037002873992,210.2250334023131,pobre,basal,3,25.0,762.66669,1.0,55.0,11,373,2402,3,1.0
97,0.0,0.0,0.0,1.0,1.0,8,155.0037002873992,210.2250334023131,pobre,basal,3,25.0,762.66669,1.0,55.0,7,373,2403,1,1.0
98,0.0,0.0,0.0,1.0,2.0,8,155.0037002873992,210.2250334023131,pobre,basal,3,25.0,762.66669,1.0,55.0,8,373,2403,1,1.0
97,1.0,0.0,0.0,0.0,6.0,9,155.0037002873992,210.2250334023131,pobre,basal,2,600.0,846.14288,1.0,52.0,16,373,2404,6,0.0
98,1.0,0.0,0.0,,,9,155.0037002873992,210.2250334023131,pobre,basal,2,600.0,846.14288,1.0,52.0,17,373,2404,6,0.0
97,0.0,0.0,0.0,1.0,6.0,8,155.0037002873992,210.2250334023131,pobre,basal,3,25.0,563.0,1.0,30.0,13,373,2405,6,1.0
98,0.0,0.0,0.0,1.0,7.0,8,155.0037002873992,210.2250334023131,pobre,basal,3,25.0,563.0,1.0,30.0,14,373,2405,6,1.0
97,1.0,0.0,0.0,1.0,4.0,8,155.0037002873992,210.2250334023131,pobre,basal,3,25.0,563.0,1.0,30.0,12,373,2406,4,1.0
98,1.0,0.0,0.0,1.0,4.0,8,155.0037002873992,210.2250334023131,pobre,basal,3,25.0,563.0,1.0,30.0,13,373,2406,4,1.0
97,0.0,0.0,0.0,1.0,3.0,8,155.0037002873992,210.2250334023131,pobre,basal,3,25.0,563.0,1.0,30.0,9,373,2407,3,1.0
98,0.0,0.0,0.0,1.0,4.0,8,155.0037002873992,210.2250334023131,pobre,basal,3,25.0,563.0,1.0,30.0,10,373,2407,3,1.0
97,1.0,0.0,0.0,1.0,2.0,8,155.0037002873992,210.2250334023131,pobre,basal,3,25.0,563.0,1.0,30.0,8,373,2408,2,1.0
98,1.0,0.0,0.0,1.0,2.0,8,155.0037002873992,210.2250334023131,pobre,basal,3,25.0,563.0,1.0,30.0,9,373,2408,2,1.0
97,1.0,0.0,0.0,1.0,1.0,8,155.0037002873992,210.2250334023131,pobre,basal,3,25.0,563.0,1.0,30.0,7,373,2409,1,1.0
98,1.0,0.0,0.0,1.0,2.0,8,155.0037002873992,210.2250334023131,pobre,basal,3,25.0,563.0,1.0,30.0,8,373,2409,1,1.0
97,0.0,0.0,0.0,0.0,6.0,10,170.457647201448,195.279140182023,pobre,basal,0,50.0,562.0,1.0,47.0,16,372,2410,6,0.0
98,0.0,0.0,0.0,,,10,170.457647201448,195.279140182023,pobre,basal,0,50.0,562.0,1.0,47.0,17,372,2410,6,0.0
97,0.0,0.0,0.0,1.0,5.0,10,170.457647201448,195.279140182023,pobre,basal,0,50.0,562.0,1.0,47.0,13,372,2411,5,1.0
98,0.0,0.0,0.0,1.0,6.0,10,170.457647201448,195.279140182023,pobre,basal,0,50.0,562.0,1.0,47.0,14,372,2411,5,1.0
97,0.0,0.0,0.0,1.0,5.0,10,170.457647201448,195.279140182023,pobre,basal,0,50.0,562.0,1.0,47.0,12,372,2412,5,1.0
98,0.0,0.0,0.0,1.0,6.0,10,170.457647201448,195.279140182023,pobre,basal,0,50.0,562.0,1.0,47.0,13,372,2412,5,1.0
97,1.0,0.0,0.0,1.0,8.0,10,170.457647201448,195.279140182023,pobre,basal,2,0.0,727.0,1.0,49.0,14,372,2413,8,1.0
98,1.0,0.0,0.0,0.0,9.0,10,170.457647201448,195.279140182023,pobre,basal,2,0.0,727.0,1.0,49.0,15,372,2413,8,1.0
97,1.0,0.0,0.0,0.0,6.0,10,170.457647201448,195.279140182023,pobre,basal,2,0.0,727.0,1.0,49.0,14,372,2414,6,0.0
98,1.0,0.0,0.0,0.0,6.0,10,170.457647201448,195.279140182023,pobre,basal,2,0.0,727.0,1.0,49.0,15,372,2414,6,0.0
97,1.0,0.0,0.0,1.0,6.0,10,170.457647201448,195.279140182023,pobre,basal,2,0.0,727.0,1.0,49.0,12,372,2415,6,1.0
98,1.0,0.0,0.0,1.0,7.0,10,170.457647201448,195.279140182023,pobre,basal,2,0.0,727.0,1.0,49.0,13,372,2415,6,1.0
97,1.0,0.0,0.0,1.0,4.0,10,170.457647201448,195.279140182023,pobre,basal,2,0.0,727.0,1.0,49.0,10,372,2416,4,1.0
98,1.0,0.0,0.0,1.0,5.0,10,170.457647201448,195.279140182023,pobre,basal,2,0.0,727.0,1.0,49.0,11,372,2416,4,1.0
97,1.0,0.0,0.0,1.0,1.0,10,170.457647201448,195.279140182023,pobre,basal,2,0.0,727.0,1.0,49.0,7,372,2417,1,1.0
98,1.0,0.0,0.0,1.0,2.0,10,170.457647201448,195.279140182023,pobre,basal,2,0.0,727.0,1.0,49.0,8,372,2417,1,1.0
97,0.0,0.0,0.0,1.0,7.0,11,170.457647201448,195.279140182023,pobre,basal,2,0.0,836.33331,1.0,48.0,15,372,2418,7,1.0
98,0.0,0.0,0.0,1.0,8.0,11,170.457647201448,195.279140182023,pobre,basal,2,0.0,836.33331,1.0,48.0,16,372,2418,7,1.0
97,0.0,0.0,0.0,1.0,6.0,11,170.457647201448,195.279140182023,pobre,basal,2,0.0,836.33331,1.0,48.0,13,372,2419,6,1.0
98,0.0,0.0,0.0,1.0,7.0,11,170.457647201448,195.279140182023,pobre,basal,2,0.0,836.33331,1.0,48.0,14,372,2419,6,1.0
97,1.0,0.0,0.0,1.0,3.0,11,170.457647201448,195.279140182023,pobre,basal,2,0.0,836.33331,1.0,48.0,9,372,2420,3,1.0
98,1.0,0.0,0.0,1.0,4.0,11,170.457647201448,195.279140182023,pobre,basal,2,0.0,836.33331,1.0,48.0,10,372,2420,3,1.0
97,0.0,0.0,0.0,1.0,1.0,5,170.457647201448,195.279140182023,pobre,basal,0,0.0,823.73999,1.0,31.0,7,372,2421,1,1.0
98,0.0,0.0,0.0,1.0,2.0,5,170.457647201448,195.279140182023,pobre,basal,0,0.0,823.73999,1.0,31.0,8,372,2421,1,1.0
97,0.0,0.0,0.0,1.0,2.0,4,170.457647201448,195.279140182023,pobre,basal,9,400.0,760.0,1.0,30.0,8,372,2422,2,1.0
98,0.0,0.0,0.0,1.0,3.0,4,170.457647201448,195.279140182023,pobre,basal,9,400.0,760.0,1.0,30.0,9,372,2422,2,1.0
97,1.0,0.0,0.0,1.0,0.0,4,170.457647201448,195.279140182023,pobre,basal,9,400.0,760.0,1.0,30.0,6,372,2423,0,1.0
98,1.0,0.0,0.0,1.0,1.0,4,170.457647201448,195.279140182023,pobre,basal,9,400.0,760.0,1.0,30.0,7,372,2423,0,1.0
97,1.0,0.0,0.0,1.0,4.0,6,170.457647201448,195.279140182023,pobre,basal,3,25.0,523.0,1.0,32.0,10,372,2424,4,1.0
98,1.0,0.0,0.0,1.0,5.0,6,170.457647201448,195.279140182023,pobre,basal,3,25.0,523.0,1.0,32.0,11,372,2424,4,1.0
97,1.0,0.0,0.0,1.0,2.0,6,170.457647201448,195.279140182023,pobre,basal,3,25.0,523.0,1.0,32.0,9,372,2425,2,1.0
98,1.0,0.0,0.0,1.0,3.0,6,170.457647201448,195.279140182023,pobre,basal,3,25.0,523.0,1.0,32.0,10,372,2425,2,1.0
97,1.0,0.0,0.0,1.0,4.0,7,170.457647201448,195.279140182023,pobre,basal,2,600.0,478.0,1.0,33.0,10,372,2426,4,1.0
98,1.0,0.0,0.0,1.0,5.0,7,170.457647201448,195.279140182023,pobre,basal,2,600.0,478.0,1.0,33.0,11,372,2426,4,1.0
97,0.0,0.0,0.0,1.0,1.0,7,170.457647201448,195.279140182023,pobre,basal,2,600.0,478.0,1.0,33.0,8,372,2427,1,1.0
98,0.0,0.0,0.0,1.0,2.0,7,170.457647201448,195.279140182023,pobre,basal,2,600.0,478.0,1.0,33.0,9,372,2427,1,1.0
97,1.0,0.0,0.0,1.0,0.0,7,170.457647201448,195.279140182023,pobre,basal,2,600.0,478.0,1.0,33.0,7,372,2428,0,1.0
98,1.0,0.0,0.0,1.0,1.0,7,170.457647201448,195.279140182023,pobre,basal,2,600.0,478.0,1.0,33.0,8,372,2428,0,1.0
97,1.0,,0.0,0.0,9.0,6,170.457647201448,195.279140182023,pobre,basal,4,16.666666,825.0,1.0,41.0,16,372,2429,9,0.0
98,1.0,,0.0,,,6,170.457647201448,195.279140182023,pobre,basal,4,16.666666,825.0,1.0,41.0,17,372,2429,9,0.0
97,0.0,,0.0,1.0,7.0,6,170.457647201448,195.279140182023,pobre,basal,4,16.666666,825.0,1.0,41.0,14,372,2430,7,1.0
98,0.0,,0.0,1.0,8.0,6,170.457647201448,195.279140182023,pobre,basal,4,16.666666,825.0,1.0,41.0,15,372,2430,7,1.0
97,0.0,0.0,0.0,1.0,2.0,7,170.457647201448,195.279140182023,pobre,basal,3,0.0,604.0,1.0,29.0,9,372,2431,2,1.0
98,0.0,0.0,0.0,1.0,3.0,7,170.457647201448,195.279140182023,pobre,basal,3,0.0,604.0,1.0,29.0,10,372,2431,2,1.0
97,1.0,0.0,0.0,1.0,2.0,7,170.457647201448,195.279140182023,pobre,basal,3,0.0,604.0,1.0,29.0,8,372,2432,2,1.0
98,1.0,0.0,0.0,1.0,3.0,7,170.457647201448,195.279140182023,pobre,basal,3,0.0,604.0,1.0,29.0,9,372,2432,2,1.0
97,0.0,0.0,0.0,1.0,0.0,7,170.457647201448,195.279140182023,pobre,basal,3,0.0,604.0,1.0,29.0,6,372,2433,0,1.0
98,0.0,0.0,0.0,1.0,1.0,7,170.457647201448,195.279140182023,pobre,basal,3,0.0,604.0,1.0,29.0,7,372,2433,0,1.0
97,0.0,0.0,0.0,1.0,8.0,8,170.457647201448,195.279140182023,pobre,basal,3,0.0,558.0,1.0,38.0,16,372,2434,8,1.0
98,0.0,0.0,0.0,,,8,170.457647201448,195.279140182023,pobre,basal,3,0.0,558.0,1.0,38.0,17,372,2434,8,1.0
97,0.0,0.0,0.0,0.0,6.0,8,170.457647201448,195.279140182023,pobre,basal,3,0.0,558.0,1.0,38.0,15,372,2435,6,0.0
98,0.0,0.0,0.0,0.0,6.0,8,170.457647201448,195.279140182023,pobre,basal,3,0.0,558.0,1.0,38.0,16,372,2435,6,0.0
97,0.0,0.0,0.0,1.0,6.0,8,170.457647201448,195.279140182023,pobre,basal,3,0.0,558.0,1.0,38.0,12,372,2436,6,1.0
98,0.0,0.0,0.0,1.0,7.0,8,170.457647201448,195.279140182023,pobre,basal,3,0.0,558.0,1.0,38.0,13,372,2436,6,1.0
97,1.0,0.0,0.0,1.0,3.0,8,170.457647201448,195.279140182023,pobre,basal,3,0.0,558.0,1.0,38.0,9,372,2437,3,1.0
98,1.0,0.0,0.0,1.0,4.0,8,170.457647201448,195.279140182023,pobre,basal,3,0.0,558.0,1.0,38.0,10,372,2437,3,1.0
97,1.0,0.0,0.0,1.0,1.0,8,170.457647201448,195.279140182023,pobre,basal,3,0.0,558.0,1.0,38.0,7,372,2438,1,1.0
98,1.0,0.0,0.0,1.0,2.0,8,170.457647201448,195.279140182023,pobre,basal,3,0.0,558.0,1.0,38.0,8,372,2438,1,1.0
97,1.0,0.0,0.0,1.0,0.0,8,170.457647201448,195.279140182023,pobre,basal,3,0.0,558.0,1.0,38.0,6,372,2439,0,1.0
98,1.0,0.0,0.0,1.0,0.0,8,170.457647201448,195.279140182023,pobre,basal,3,0.0,558.0,1.0,38.0,7,372,2439,0,1.0
97,1.0,0.0,0.0,1.0,8.0,12,170.457647201448,195.279140182023,pobre,basal,2,600.0,731.0,1.0,36.0,16,372,2440,8,1.0
98,1.0,0.0,0.0,,,12,170.457647201448,195.279140182023,pobre,basal,2,600.0,731.0,1.0,36.0,17,372,2440,8,1.0
97,1.0,0.0,0.0,1.0,8.0,12,170.457647201448,195.279140182023,pobre,basal,2,600.0,731.0,1.0,36.0,15,372,2441,8,1.0
98,1.0,0.0,0.0,0.0,9.0,12,170.457647201448,195.279140182023,pobre,basal,2,600.0,731.0,1.0,36.0,16,372,2441,8,1.0
97,1.0,0.0,0.0,1.0,8.0,12,170.457647201448,195.279140182023,pobre,basal,2,600.0,731.0,1.0,36.0,14,372,2442,8,1.0
98,1.0,0.0,0.0,1.0,8.0,12,170.457647201448,195.279140182023,pobre,basal,2,600.0,731.0,1.0,36.0,15,372,2442,8,1.0
97,0.0,0.0,0.0,1.0,6.0,12,170.457647201448,195.279140182023,pobre,basal,2,600.0,731.0,1.0,36.0,11,372,2443,6,1.0
98,0.0,0.0,0.0,1.0,7.0,12,170.457647201448,195.279140182023,pobre,basal,2,600.0,731.0,1.0,36.0,12,372,2443,6,1.0
97,1.0,0.0,0.0,0.0,9.0,4,170.457647201448,195.279140182023,pobre,basal,0,600.0,853.33331,1.0,64.0,16,372,2444,9,0.0
98,1.0,0.0,0.0,,,4,170.457647201448,195.279140182023,pobre,basal,0,600.0,853.33331,1.0,64.0,17,372,2444,9,0.0
97,0.0,0.0,0.0,1.0,0.0,5,170.457647201448,195.279140182023,pobre,basal,6,600.0,683.0,1.0,28.0,6,372,2445,0,1.0
98,0.0,0.0,0.0,1.0,1.0,5,170.457647201448,195.279140182023,pobre,basal,6,600.0,683.0,1.0,28.0,7,372,2445,0,1.0
97,1.0,0.0,0.0,1.0,1.0,6,82.98141940423264,146.3419564621891,pobre,0,3,0.0,669.0,1.0,46.0,7,354,2446,1,1.0
98,1.0,0.0,0.0,1.0,2.0,6,82.98141940423264,146.3419564621891,pobre,0,3,0.0,669.0,1.0,46.0,8,354,2446,1,1.0
97,0.0,0.0,0.0,1.0,6.0,5,82.98141940423264,146.3419564621891,pobre,0,4,50.0,769.0,1.0,38.0,14,354,2447,6,1.0
98,0.0,0.0,0.0,1.0,7.0,5,82.98141940423264,146.3419564621891,pobre,0,4,50.0,769.0,1.0,38.0,15,354,2447,6,1.0
97,1.0,0.0,0.0,1.0,4.0,5,82.98141940423264,146.3419564621891,pobre,0,4,50.0,769.0,1.0,38.0,13,354,2448,4,1.0
98,1.0,0.0,0.0,1.0,5.0,5,82.98141940423264,146.3419564621891,pobre,0,4,50.0,769.0,1.0,38.0,14,354,2448,4,1.0
97,0.0,0.0,0.0,1.0,3.0,5,82.98141940423264,146.3419564621891,pobre,0,4,50.0,769.0,1.0,38.0,12,354,2449,3,1.0
98,0.0,0.0,0.0,1.0,4.0,5,82.98141940423264,146.3419564621891,pobre,0,4,50.0,769.0,1.0,38.0,13,354,2449,3,1.0
97,0.0,0.0,0.0,0.0,5.0,9,82.98141940423264,146.3419564621891,pobre,0,0,0.0,788.59998,1.0,60.0,15,354,2450,5,0.0
98,0.0,0.0,0.0,0.0,5.0,9,82.98141940423264,146.3419564621891,pobre,0,0,0.0,788.59998,1.0,60.0,16,354,2450,5,0.0
97,1.0,0.0,0.0,0.0,6.0,9,82.98141940423264,146.3419564621891,pobre,0,0,0.0,788.59998,1.0,60.0,13,354,2451,6,0.0
98,1.0,0.0,0.0,0.0,6.0,9,82.98141940423264,146.3419564621891,pobre,0,0,0.0,788.59998,1.0,60.0,14,354,2451,6,0.0
97,1.0,0.0,0.0,0.0,4.0,13,82.98141940423264,146.3419564621891,pobre,0,0,0.0,642.25,1.0,61.0,16,354,2452,4,0.0
98,1.0,0.0,0.0,,,13,82.98141940423264,146.3419564621891,pobre,0,0,0.0,642.25,1.0,61.0,17,354,2452,4,0.0
97,0.0,0.0,0.0,0.0,7.0,13,82.98141940423264,146.3419564621891,pobre,0,0,0.0,642.25,1.0,61.0,13,354,2453,7,0.0
98,0.0,0.0,0.0,1.0,7.0,13,82.98141940423264,146.3419564621891,pobre,0,0,0.0,642.25,1.0,61.0,14,354,2453,7,0.0
97,0.0,0.0,0.0,1.0,5.0,6,82.98141940423264,146.3419564621891,pobre,0,2,0.0,639.0,1.0,42.0,12,354,2454,5,1.0
98,0.0,0.0,0.0,1.0,6.0,6,82.98141940423264,146.3419564621891,pobre,0,2,0.0,639.0,1.0,42.0,13,354,2454,5,1.0
97,1.0,0.0,0.0,1.0,3.0,6,82.98141940423264,146.3419564621891,pobre,0,2,0.0,639.0,1.0,42.0,11,354,2455,3,1.0
98,1.0,0.0,0.0,1.0,4.0,6,82.98141940423264,146.3419564621891,pobre,0,2,0.0,639.0,1.0,42.0,12,354,2455,3,1.0
97,1.0,0.0,0.0,1.0,1.0,6,82.98141940423264,146.3419564621891,pobre,0,2,0.0,639.0,1.0,42.0,9,354,2456,1,1.0
98,1.0,0.0,0.0,1.0,2.0,6,82.98141940423264,146.3419564621891,pobre,0,2,0.0,639.0,1.0,42.0,10,354,2456,1,1.0
97,0.0,0.0,0.0,0.0,6.0,12,82.98141940423264,146.3419564621891,pobre,0,0,1000.0,696.0,1.0,68.0,16,354,2457,6,0.0
98,0.0,0.0,0.0,,,12,82.98141940423264,146.3419564621891,pobre,0,0,1000.0,696.0,1.0,68.0,17,354,2457,6,0.0
97,0.0,0.0,0.0,1.0,5.0,12,82.98141940423264,146.3419564621891,pobre,0,0,1000.0,696.0,1.0,68.0,13,354,2458,5,1.0
98,0.0,0.0,0.0,1.0,6.0,12,82.98141940423264,146.3419564621891,pobre,0,0,1000.0,696.0,1.0,68.0,14,354,2458,5,1.0
97,1.0,0.0,0.0,1.0,1.0,12,82.98141940423264,146.3419564621891,pobre,0,0,1000.0,696.0,1.0,68.0,9,354,2459,1,1.0
98,1.0,0.0,0.0,1.0,1.0,12,82.98141940423264,146.3419564621891,pobre,0,0,1000.0,696.0,1.0,68.0,10,354,2459,1,1.0
97,0.0,0.0,0.0,1.0,1.0,12,82.98141940423264,146.3419564621891,pobre,0,0,1000.0,696.0,1.0,68.0,7,354,2460,1,1.0
98,0.0,0.0,0.0,1.0,2.0,12,82.98141940423264,146.3419564621891,pobre,0,0,1000.0,696.0,1.0,68.0,8,354,2460,1,1.0
97,1.0,0.0,0.0,1.0,2.0,6,82.98141940423264,146.3419564621891,pobre,0,0,25.0,799.0,1.0,78.0,10,354,2461,2,1.0
98,1.0,0.0,0.0,1.0,3.0,6,82.98141940423264,146.3419564621891,pobre,0,0,25.0,799.0,1.0,78.0,11,354,2461,2,1.0
97,0.0,0.0,0.0,0.0,9.0,6,82.98141940423264,146.3419564621891,pobre,0,3,16.666666,802.0,1.0,60.0,16,354,2462,9,0.0
98,0.0,0.0,0.0,,,6,82.98141940423264,146.3419564621891,pobre,0,3,16.666666,802.0,1.0,60.0,17,354,2462,9,0.0
97,1.0,0.0,0.0,1.0,8.0,6,82.98141940423264,146.3419564621891,pobre,0,3,16.666666,802.0,1.0,60.0,14,354,2463,8,1.0
98,1.0,0.0,0.0,1.0,9.0,6,82.98141940423264,146.3419564621891,pobre,0,3,16.666666,802.0,1.0,60.0,15,354,2463,8,1.0
97,0.0,0.0,0.0,1.0,0.0,3,82.98141940423264,146.3419564621891,pobre,0,3,16.666666,825.0,1.0,51.0,6,354,2464,0,1.0
98,0.0,0.0,0.0,1.0,1.0,3,82.98141940423264,146.3419564621891,pobre,0,3,16.666666,825.0,1.0,51.0,7,354,2464,0,1.0
97,1.0,0.0,0.0,1.0,3.0,6,82.98141940423264,146.3419564621891,pobre,0,0,0.0,637.0,0.0,80.0,9,354,2465,3,1.0
98,1.0,0.0,0.0,1.0,4.0,6,82.98141940423264,146.3419564621891,pobre,0,0,0.0,637.0,0.0,80.0,10,354,2465,3,1.0
97,1.0,0.0,0.0,1.0,0.0,6,82.98141940423264,146.3419564621891,pobre,0,0,0.0,637.0,0.0,80.0,8,354,2466,0,1.0
98,1.0,0.0,0.0,1.0,1.0,6,82.98141940423264,146.3419564621891,pobre,0,0,0.0,637.0,0.0,80.0,9,354,2466,0,1.0
97,1.0,0.0,0.0,1.0,0.0,3,82.98141940423264,146.3419564621891,pobre,0,6,0.0,771.0,1.0,37.0,6,354,2467,0,1.0
98,1.0,0.0,0.0,1.0,1.0,3,82.98141940423264,146.3419564621891,pobre,0,6,0.0,771.0,1.0,37.0,7,354,2467,0,1.0
97,0.0,0.0,0.0,0.0,9.0,10,82.98141940423264,146.3419564621891,pobre,0,1,0.0,763.33331,1.0,48.0,16,354,2468,9,0.0
98,0.0,0.0,0.0,,,10,82.98141940423264,146.3419564621891,pobre,0,1,0.0,763.33331,1.0,48.0,17,354,2468,9,0.0
97,1.0,0.0,0.0,1.0,5.0,10,82.98141940423264,146.3419564621891,pobre,0,1,0.0,763.33331,1.0,48.0,12,354,2469,5,1.0
98,1.0,0.0,0.0,1.0,6.0,10,82.98141940423264,146.3419564621891,pobre,0,1,0.0,763.33331,1.0,48.0,13,354,2469,5,1.0
97,0.0,0.0,0.0,1.0,4.0,6,170.457647201448,195.279140182023,pobre,basal,1,625.0,697.0,1.0,36.0,10,372,2470,4,1.0
98,0.0,0.0,0.0,1.0,5.0,6,170.457647201448,195.279140182023,pobre,basal,1,625.0,697.0,1.0,36.0,11,372,2470,4,1.0
97,1.0,0.0,0.0,1.0,2.0,6,170.457647201448,195.279140182023,pobre,basal,1,625.0,697.0,1.0,36.0,9,372,2471,2,1.0
98,1.0,0.0,0.0,1.0,3.0,6,170.457647201448,195.279140182023,pobre,basal,1,625.0,697.0,1.0,36.0,10,372,2471,2,1.0
97,1.0,0.0,0.0,1.0,0.0,6,170.457647201448,195.279140182023,pobre,basal,1,625.0,697.0,1.0,36.0,7,372,2472,0,1.0
98,1.0,0.0,0.0,1.0,1.0,6,170.457647201448,195.279140182023,pobre,basal,1,625.0,697.0,1.0,36.0,8,372,2472,0,1.0
97,0.0,0.0,0.0,1.0,4.0,6,170.457647201448,195.279140182023,pobre,basal,2,6400.0,802.0,1.0,30.0,10,372,2473,4,1.0
98,0.0,0.0,0.0,1.0,5.0,6,170.457647201448,195.279140182023,pobre,basal,2,6400.0,802.0,1.0,30.0,11,372,2473,4,1.0
97,1.0,0.0,0.0,1.0,3.0,6,170.457647201448,195.279140182023,pobre,basal,2,6400.0,802.0,1.0,30.0,9,372,2474,3,1.0
98,1.0,0.0,0.0,1.0,4.0,6,170.457647201448,195.279140182023,pobre,basal,2,6400.0,802.0,1.0,30.0,10,372,2474,3,1.0
97,0.0,0.0,0.0,1.0,5.0,2,170.457647201448,195.279140182023,pobre,basal,0,0.0,808.0,0.0,70.0,12,372,2475,5,1.0
98,0.0,0.0,0.0,0.0,6.0,2,170.457647201448,195.279140182023,pobre,basal,0,0.0,808.0,0.0,70.0,13,372,2475,5,1.0
97,1.0,0.0,0.0,0.0,2.0,7,155.0037002873992,210.2250334023131,pobre,basal,3,500.0,597.0,1.0,39.0,15,373,2476,2,0.0
98,1.0,0.0,0.0,,,7,155.0037002873992,210.2250334023131,pobre,basal,3,500.0,597.0,1.0,39.0,16,373,2476,2,0.0
97,0.0,0.0,0.0,1.0,5.0,7,155.0037002873992,210.2250334023131,pobre,basal,3,500.0,597.0,1.0,39.0,14,373,2477,5,1.0
98,0.0,0.0,0.0,1.0,5.0,7,155.0037002873992,210.2250334023131,pobre,basal,3,500.0,597.0,1.0,39.0,15,373,2477,5,1.0
97,1.0,0.0,0.0,1.0,4.0,7,155.0037002873992,210.2250334023131,pobre,basal,3,500.0,597.0,1.0,39.0,11,373,2478,4,1.0
98,1.0,0.0,0.0,1.0,5.0,7,155.0037002873992,210.2250334023131,pobre,basal,3,500.0,597.0,1.0,39.0,12,373,2478,4,1.0
97,0.0,0.0,0.0,1.0,1.0,7,155.0037002873992,210.2250334023131,pobre,basal,3,500.0,597.0,1.0,39.0,9,373,2479,1,1.0
98,0.0,0.0,0.0,1.0,3.0,7,155.0037002873992,210.2250334023131,pobre,basal,3,500.0,597.0,1.0,39.0,10,373,2479,1,1.0
97,1.0,0.0,0.0,1.0,2.0,8,155.0037002873992,210.2250334023131,pobre,basal,1,0.0,678.0,1.0,65.0,8,373,2480,2,1.0
98,1.0,0.0,0.0,1.0,3.0,8,155.0037002873992,210.2250334023131,pobre,basal,1,0.0,678.0,1.0,65.0,9,373,2480,2,1.0
97,1.0,0.0,0.0,1.0,2.0,8,155.0037002873992,210.2250334023131,pobre,basal,1,0.0,678.0,1.0,65.0,7,373,2481,2,1.0
98,1.0,0.0,0.0,1.0,3.0,8,155.0037002873992,210.2250334023131,pobre,basal,1,0.0,678.0,1.0,65.0,8,373,2481,2,1.0
97,1.0,0.0,0.0,1.0,4.0,7,155.0037002873992,210.2250334023131,pobre,basal,0,525.0,556.33331,1.0,59.0,13,373,2482,4,1.0
98,1.0,0.0,0.0,1.0,4.0,7,155.0037002873992,210.2250334023131,pobre,basal,0,525.0,556.33331,1.0,59.0,14,373,2482,4,1.0
97,1.0,0.0,0.0,1.0,4.0,7,155.0037002873992,210.2250334023131,pobre,basal,0,525.0,556.33331,1.0,59.0,11,373,2483,4,1.0
98,1.0,0.0,0.0,1.0,5.0,7,155.0037002873992,210.2250334023131,pobre,basal,0,525.0,556.33331,1.0,59.0,12,373,2483,4,1.0
97,1.0,,0.0,0.0,1.0,8,155.0037002873992,210.2250334023131,pobre,basal,0,700.0,535.0,1.0,37.0,14,373,2484,1,0.0
98,1.0,,0.0,1.0,1.0,8,155.0037002873992,210.2250334023131,pobre,basal,0,700.0,535.0,1.0,37.0,15,373,2484,1,0.0
97,0.0,,0.0,1.0,5.0,8,155.0037002873992,210.2250334023131,pobre,basal,0,700.0,535.0,1.0,37.0,11,373,2485,5,1.0
98,0.0,,0.0,1.0,6.0,8,155.0037002873992,210.2250334023131,pobre,basal,0,700.0,535.0,1.0,37.0,12,373,2485,5,1.0
97,0.0,,0.0,1.0,2.0,8,155.0037002873992,210.2250334023131,pobre,basal,0,700.0,535.0,1.0,37.0,9,373,2486,2,1.0
98,0.0,,0.0,1.0,3.0,8,155.0037002873992,210.2250334023131,pobre,basal,0,700.0,535.0,1.0,37.0,10,373,2486,2,1.0
97,1.0,,0.0,1.0,1.0,8,155.0037002873992,210.2250334023131,pobre,basal,0,700.0,535.0,1.0,37.0,6,373,2487,1,1.0
98,1.0,,0.0,1.0,2.0,8,155.0037002873992,210.2250334023131,pobre,basal,0,700.0,535.0,1.0,37.0,7,373,2487,1,1.0
97,1.0,0.0,0.0,0.0,3.0,8,155.0037002873992,210.2250334023131,pobre,basal,0,525.0,769.0,1.0,62.0,16,373,2488,3,0.0
98,1.0,0.0,0.0,,,8,155.0037002873992,210.2250334023131,pobre,basal,0,525.0,769.0,1.0,62.0,17,373,2488,3,0.0
97,0.0,0.0,0.0,1.0,5.0,8,155.0037002873992,210.2250334023131,pobre,basal,0,525.0,769.0,1.0,62.0,11,373,2489,5,1.0
98,0.0,0.0,0.0,1.0,6.0,8,155.0037002873992,210.2250334023131,pobre,basal,0,525.0,769.0,1.0,62.0,12,373,2489,5,1.0
97,0.0,0.0,0.0,1.0,1.0,8,155.0037002873992,210.2250334023131,pobre,basal,0,525.0,769.0,1.0,62.0,8,373,2490,1,1.0
98,0.0,0.0,0.0,1.0,1.0,8,155.0037002873992,210.2250334023131,pobre,basal,0,525.0,769.0,1.0,62.0,9,373,2490,1,1.0
97,0.0,0.0,0.0,1.0,3.0,6,155.0037002873992,210.2250334023131,pobre,basal,3,750.0,534.0,1.0,31.0,10,373,2491,3,1.0
98,0.0,0.0,0.0,1.0,4.0,6,155.0037002873992,210.2250334023131,pobre,basal,3,750.0,534.0,1.0,31.0,11,373,2491,3,1.0
97,1.0,0.0,0.0,1.0,2.0,6,155.0037002873992,210.2250334023131,pobre,basal,3,750.0,534.0,1.0,31.0,9,373,2492,2,1.0
98,1.0,0.0,0.0,1.0,3.0,6,155.0037002873992,210.2250334023131,pobre,basal,3,750.0,534.0,1.0,31.0,10,373,2492,2,1.0
97,1.0,0.0,0.0,1.0,6.0,5,155.0037002873992,210.2250334023131,pobre,basal,3,700.0,555.0,1.0,36.0,13,373,2493,6,1.0
98,1.0,0.0,0.0,1.0,7.0,5,155.0037002873992,210.2250334023131,pobre,basal,3,700.0,555.0,1.0,36.0,14,373,2493,6,1.0
97,1.0,0.0,0.0,1.0,5.0,5,155.0037002873992,210.2250334023131,pobre,basal,3,700.0,555.0,1.0,36.0,11,373,2494,5,1.0
98,1.0,0.0,0.0,1.0,6.0,5,155.0037002873992,210.2250334023131,pobre,basal,3,700.0,555.0,1.0,36.0,12,373,2494,5,1.0
97,1.0,0.0,0.0,0.0,8.0,7,155.0037002873992,210.2250334023131,pobre,basal,0,525.0,824.33331,1.0,50.0,16,373,2495,8,0.0
98,1.0,0.0,0.0,,,7,155.0037002873992,210.2250334023131,pobre,basal,0,525.0,824.33331,1.0,50.0,17,373,2495,8,0.0
97,1.0,0.0,0.0,1.0,5.0,7,155.0037002873992,210.2250334023131,pobre,basal,0,525.0,824.33331,1.0,50.0,12,373,2496,5,1.0
98,1.0,0.0,0.0,0.0,6.0,7,155.0037002873992,210.2250334023131,pobre,basal,0,525.0,824.33331,1.0,50.0,13,373,2496,5,1.0
97,0.0,0.0,0.0,1.0,2.0,7,155.0037002873992,210.2250334023131,pobre,basal,0,525.0,824.33331,1.0,50.0,9,373,2497,2,1.0
98,0.0,0.0,0.0,1.0,3.0,7,155.0037002873992,210.2250334023131,pobre,basal,0,525.0,824.33331,1.0,50.0,10,373,2497,2,1.0
97,0.0,0.0,0.0,1.0,1.0,5,155.0037002873992,210.2250334023131,pobre,basal,0,875.0,551.0,1.0,37.0,8,373,2498,1,1.0
98,0.0,0.0,0.0,1.0,2.0,5,155.0037002873992,210.2250334023131,pobre,basal,0,875.0,551.0,1.0,37.0,9,373,2498,1,1.0
97,1.0,0.0,0.0,,0.0,13,155.0037002873992,210.2250334023131,pobre,basal,1,525.0,608.5,1.0,41.0,16,373,2499,0,
98,1.0,0.0,0.0,,,13,155.0037002873992,210.2250334023131,pobre,basal,1,525.0,608.5,1.0,41.0,17,373,2499,0,
97,0.0,0.0,0.0,0.0,2.0,13,155.0037002873992,210.2250334023131,pobre,basal,1,525.0,608.5,1.0,41.0,13,373,2500,2,0.0
98,0.0,0.0,0.0,,,13,155.0037002873992,210.2250334023131,pobre,basal,1,525.0,608.5,1.0,41.0,14,373,2500,2,0.0
97,0.0,0.0,0.0,0.0,2.0,13,155.0037002873992,210.2250334023131,pobre,basal,1,525.0,608.5,1.0,41.0,12,373,2501,2,0.0
98,0.0,0.0,0.0,,,13,155.0037002873992,210.2250334023131,pobre,basal,1,525.0,608.5,1.0,41.0,13,373,2501,2,0.0
97,0.0,0.0,0.0,1.0,2.0,13,155.0037002873992,210.2250334023131,pobre,basal,1,525.0,608.5,1.0,41.0,10,373,2502,2,1.0
98,0.0,0.0,0.0,1.0,3.0,13,155.0037002873992,210.2250334023131,pobre,basal,1,525.0,608.5,1.0,41.0,11,373,2502,2,1.0
97,1.0,0.0,0.0,,0.0,13,155.0037002873992,210.2250334023131,pobre,basal,1,525.0,608.5,1.0,41.0,7,373,2503,0,
98,1.0,0.0,0.0,,,13,155.0037002873992,210.2250334023131,pobre,basal,1,525.0,608.5,1.0,41.0,8,373,2503,0,
97,1.0,0.0,0.0,,0.0,13,155.0037002873992,210.2250334023131,pobre,basal,1,525.0,608.5,1.0,41.0,6,373,2504,0,
98,1.0,0.0,0.0,,,13,155.0037002873992,210.2250334023131,pobre,basal,1,525.0,608.5,1.0,41.0,7,373,2504,0,
97,1.0,0.0,0.0,0.0,8.0,10,155.0037002873992,210.2250334023131,pobre,basal,5,700.0,759.33331,1.0,40.0,16,373,2505,8,0.0
98,1.0,0.0,0.0,,,10,155.0037002873992,210.2250334023131,pobre,basal,5,700.0,759.33331,1.0,40.0,17,373,2505,8,0.0
97,1.0,0.0,0.0,1.0,7.0,10,155.0037002873992,210.2250334023131,pobre,basal,5,700.0,759.33331,1.0,40.0,13,373,2506,7,1.0
98,1.0,0.0,0.0,,,10,155.0037002873992,210.2250334023131,pobre,basal,5,700.0,759.33331,1.0,40.0,14,373,2506,7,1.0
97,1.0,0.0,0.0,1.0,5.0,10,155.0037002873992,210.2250334023131,pobre,basal,5,700.0,759.33331,1.0,40.0,11,373,2507,5,1.0
98,1.0,0.0,0.0,1.0,6.0,10,155.0037002873992,210.2250334023131,pobre,basal,5,700.0,759.33331,1.0,40.0,12,373,2507,5,1.0
97,0.0,0.0,0.0,0.0,6.0,10,155.0037002873992,210.2250334023131,pobre,basal,5,700.0,759.33331,1.0,40.0,16,373,2508,6,0.0
98,0.0,0.0,0.0,,,10,155.0037002873992,210.2250334023131,pobre,basal,5,700.0,759.33331,1.0,40.0,17,373,2508,6,0.0
97,0.0,0.0,0.0,1.0,0.0,9,146.5902897344064,146.5902897344064,no pobre,basal,3,480.0,660.20001,1.0,59.0,6,309,2509,0,1.0
98,0.0,0.0,0.0,1.0,2.0,9,146.5902897344064,146.5902897344064,no pobre,basal,3,480.0,660.20001,1.0,59.0,7,309,2509,0,1.0
97,0.0,0.0,0.0,0.0,7.0,8,146.5902897344064,146.5902897344064,pobre,basal,3,0.0,586.0,1.0,41.0,15,309,2510,7,0.0
98,0.0,0.0,0.0,0.0,7.0,8,146.5902897344064,146.5902897344064,pobre,basal,3,0.0,586.0,1.0,41.0,16,309,2510,7,0.0
97,1.0,0.0,0.0,1.0,6.0,8,146.5902897344064,146.5902897344064,pobre,basal,3,0.0,586.0,1.0,41.0,12,309,2511,6,1.0
98,1.0,0.0,0.0,1.0,7.0,8,146.5902897344064,146.5902897344064,pobre,basal,3,0.0,586.0,1.0,41.0,13,309,2511,6,1.0
97,1.0,0.0,0.0,1.0,1.0,5,146.5902897344064,146.5902897344064,pobre,basal,8,0.0,546.0,1.0,30.0,7,309,2512,1,1.0
98,1.0,0.0,0.0,1.0,2.0,5,146.5902897344064,146.5902897344064,pobre,basal,8,0.0,546.0,1.0,30.0,8,309,2512,1,1.0
97,0.0,0.0,0.0,1.0,3.0,8,146.5902897344064,146.5902897344064,pobre,basal,3,0.0,579.0,1.0,56.0,9,309,2513,3,1.0
98,0.0,0.0,0.0,1.0,4.0,8,146.5902897344064,146.5902897344064,pobre,basal,3,0.0,579.0,1.0,56.0,10,309,2513,3,1.0
97,1.0,0.0,0.0,1.0,2.0,8,146.5902897344064,146.5902897344064,pobre,basal,3,0.0,579.0,1.0,56.0,8,309,2514,2,1.0
98,1.0,0.0,0.0,1.0,3.0,8,146.5902897344064,146.5902897344064,pobre,basal,3,0.0,579.0,1.0,56.0,9,309,2514,2,1.0
97,1.0,0.0,4.1820002,0.0,6.0,11,149.030159539813,149.030159539813,pobre,0,3,750.0,665.0,1.0,48.0,15,311,2515,6,0.0
98,1.0,0.0,4.1820002,0.0,6.0,11,149.030159539813,149.030159539813,pobre,0,3,750.0,665.0,1.0,48.0,16,311,2515,6,0.0
97,1.0,0.0,4.1820002,1.0,4.0,11,149.030159539813,149.030159539813,pobre,0,3,750.0,665.0,1.0,48.0,9,311,2516,4,1.0
98,1.0,0.0,4.1820002,1.0,4.0,11,149.030159539813,149.030159539813,pobre,0,3,750.0,665.0,1.0,48.0,10,311,2516,4,1.0
97,0.0,0.0,4.1820002,1.0,2.0,11,149.030159539813,149.030159539813,pobre,0,3,750.0,665.0,1.0,48.0,7,311,2517,2,1.0
98,0.0,0.0,4.1820002,1.0,3.0,11,149.030159539813,149.030159539813,pobre,0,3,750.0,665.0,1.0,48.0,8,311,2517,2,1.0
97,1.0,0.0,0.0,0.0,9.0,7,146.5902897344064,146.5902897344064,pobre,basal,4,800.0,407.0,1.0,38.0,15,309,2518,9,0.0
98,1.0,0.0,0.0,0.0,9.0,7,146.5902897344064,146.5902897344064,pobre,basal,4,800.0,407.0,1.0,38.0,16,309,2518,9,0.0
97,1.0,0.0,0.0,1.0,6.0,7,146.5902897344064,146.5902897344064,pobre,basal,4,800.0,407.0,1.0,38.0,14,309,2519,6,1.0
98,1.0,0.0,0.0,1.0,7.0,7,146.5902897344064,146.5902897344064,pobre,basal,4,800.0,407.0,1.0,38.0,15,309,2519,6,1.0
97,1.0,0.0,0.0,1.0,6.0,7,146.5902897344064,146.5902897344064,pobre,basal,4,800.0,407.0,1.0,38.0,12,309,2520,6,1.0
98,1.0,0.0,0.0,1.0,6.0,7,146.5902897344064,146.5902897344064,pobre,basal,4,800.0,407.0,1.0,38.0,13,309,2520,6,1.0
97,1.0,0.0,0.0,0.0,9.0,8,146.5902897344064,146.5902897344064,no pobre,basal,3,0.0,589.0,1.0,54.0,14,309,2521,9,0.0
98,1.0,0.0,0.0,0.0,9.0,8,146.5902897344064,146.5902897344064,no pobre,basal,3,0.0,589.0,1.0,54.0,15,309,2521,9,0.0
97,0.0,0.0,0.0,0.0,5.0,8,146.5902897344064,146.5902897344064,no pobre,basal,3,0.0,589.0,1.0,54.0,13,309,2522,5,0.0
98,0.0,0.0,0.0,0.0,5.0,8,146.5902897344064,146.5902897344064,no pobre,basal,3,0.0,589.0,1.0,54.0,14,309,2522,5,0.0
97,0.0,0.0,0.0,0.0,6.0,4,146.5902897344064,146.5902897344064,pobre,basal,0,720.0,543.0,1.0,53.0,14,309,2523,6,0.0
98,0.0,0.0,0.0,0.0,6.0,4,146.5902897344064,146.5902897344064,pobre,basal,0,720.0,543.0,1.0,53.0,15,309,2523,6,0.0
97,1.0,0.0,0.0,1.0,1.0,4,146.5902897344064,146.5902897344064,pobre,basal,0,720.0,543.0,1.0,53.0,6,309,2524,1,1.0
98,1.0,0.0,0.0,1.0,1.0,4,146.5902897344064,146.5902897344064,pobre,basal,0,720.0,543.0,1.0,53.0,7,309,2524,1,1.0
97,1.0,0.0,4.1820002,1.0,5.0,7,149.030159539813,149.030159539813,pobre,0,4,0.0,549.0,1.0,42.0,13,311,2525,5,1.0
98,1.0,0.0,4.1820002,0.0,6.0,7,149.030159539813,149.030159539813,pobre,0,4,0.0,549.0,1.0,42.0,14,311,2525,5,1.0
97,0.0,0.0,4.1820002,1.0,7.0,6,149.030159539813,149.030159539813,pobre,0,3,800.0,470.0,1.0,37.0,14,311,2526,7,1.0
98,0.0,0.0,4.1820002,1.0,8.0,6,149.030159539813,149.030159539813,pobre,0,3,800.0,470.0,1.0,37.0,15,311,2526,7,1.0
97,1.0,0.0,4.1820002,1.0,5.0,6,149.030159539813,149.030159539813,pobre,0,3,800.0,470.0,1.0,37.0,11,311,2527,5,1.0
98,1.0,0.0,4.1820002,0.0,6.0,6,149.030159539813,149.030159539813,pobre,0,3,800.0,470.0,1.0,37.0,12,311,2527,5,1.0
97,1.0,0.0,4.1820002,1.0,3.0,6,149.030159539813,149.030159539813,pobre,0,3,800.0,470.0,1.0,37.0,8,311,2528,3,1.0
98,1.0,0.0,4.1820002,1.0,4.0,6,149.030159539813,149.030159539813,pobre,0,3,800.0,470.0,1.0,37.0,9,311,2528,3,1.0
97,0.0,0.0,4.1820002,1.0,4.0,7,149.030159539813,149.030159539813,pobre,0,9,450.0,495.0,1.0,30.0,10,311,2529,4,1.0
98,0.0,0.0,4.1820002,1.0,5.0,7,149.030159539813,149.030159539813,pobre,0,9,450.0,495.0,1.0,30.0,11,311,2529,4,1.0
97,1.0,0.0,4.1820002,1.0,2.0,7,149.030159539813,149.030159539813,pobre,0,9,450.0,495.0,1.0,30.0,8,311,2530,2,1.0
98,1.0,0.0,4.1820002,1.0,2.0,7,149.030159539813,149.030159539813,pobre,0,9,450.0,495.0,1.0,30.0,9,311,2530,2,1.0
97,0.0,0.0,4.1820002,1.0,1.0,7,149.030159539813,149.030159539813,pobre,0,9,450.0,495.0,1.0,30.0,7,311,2531,1,1.0
98,0.0,0.0,4.1820002,1.0,2.0,7,149.030159539813,149.030159539813,pobre,0,9,450.0,495.0,1.0,30.0,8,311,2531,1,1.0
97,1.0,0.0,0.0,0.0,7.0,9,146.5902897344064,146.5902897344064,pobre,basal,3,750.0,500.0,1.0,45.0,15,309,2532,7,0.0
98,1.0,0.0,0.0,0.0,7.0,9,146.5902897344064,146.5902897344064,pobre,basal,3,750.0,500.0,1.0,45.0,16,309,2532,7,0.0
97,0.0,0.0,0.0,1.0,6.0,9,146.5902897344064,146.5902897344064,pobre,basal,3,750.0,500.0,1.0,45.0,12,309,2533,6,1.0
98,0.0,0.0,0.0,1.0,7.0,9,146.5902897344064,146.5902897344064,pobre,basal,3,750.0,500.0,1.0,45.0,13,309,2533,6,1.0
97,1.0,0.0,0.0,1.0,4.0,9,146.5902897344064,146.5902897344064,pobre,basal,3,750.0,500.0,1.0,45.0,11,309,2534,4,1.0
98,1.0,0.0,0.0,1.0,5.0,9,146.5902897344064,146.5902897344064,pobre,basal,3,750.0,500.0,1.0,45.0,12,309,2534,4,1.0
97,1.0,0.0,0.0,1.0,1.0,9,146.5902897344064,146.5902897344064,pobre,basal,3,750.0,500.0,1.0,45.0,8,309,2535,1,1.0
98,1.0,0.0,0.0,1.0,1.0,9,146.5902897344064,146.5902897344064,pobre,basal,3,750.0,500.0,1.0,45.0,9,309,2535,1,1.0
97,0.0,0.0,0.0,1.0,0.0,9,146.5902897344064,146.5902897344064,pobre,basal,3,750.0,500.0,1.0,45.0,6,309,2536,0,1.0
98,0.0,0.0,0.0,1.0,0.0,9,146.5902897344064,146.5902897344064,pobre,basal,3,750.0,500.0,1.0,45.0,7,309,2536,0,1.0
97,1.0,0.0,0.0,1.0,6.0,7,146.5902897344064,146.5902897344064,pobre,basal,2,42.083332,581.0,1.0,61.0,15,309,2537,6,1.0
98,1.0,0.0,0.0,1.0,0.0,7,146.5902897344064,146.5902897344064,pobre,basal,2,42.083332,581.0,1.0,61.0,16,309,2537,6,1.0
97,0.0,0.0,0.0,0.0,6.0,7,146.5902897344064,146.5902897344064,pobre,basal,2,42.083332,581.0,1.0,61.0,13,309,2538,6,0.0
98,0.0,0.0,0.0,1.0,6.0,7,146.5902897344064,146.5902897344064,pobre,basal,2,42.083332,581.0,1.0,61.0,14,309,2538,6,0.0
97,0.0,0.0,0.0,1.0,4.0,7,146.5902897344064,146.5902897344064,pobre,basal,2,42.083332,581.0,1.0,61.0,11,309,2539,4,1.0
98,0.0,0.0,0.0,1.0,4.0,7,146.5902897344064,146.5902897344064,pobre,basal,2,42.083332,581.0,1.0,61.0,12,309,2539,4,1.0
97,0.0,0.0,0.0,1.0,1.0,7,146.5902897344064,146.5902897344064,pobre,basal,2,42.083332,581.0,1.0,61.0,7,309,2540,1,1.0
98,0.0,0.0,0.0,1.0,2.0,7,146.5902897344064,146.5902897344064,pobre,basal,2,42.083332,581.0,1.0,61.0,8,309,2540,1,1.0
97,1.0,0.0,4.1820002,1.0,7.0,6,149.030159539813,149.030159539813,pobre,0,6,416.66666,506.0,1.0,37.0,15,311,2541,7,1.0
98,1.0,0.0,4.1820002,,,6,149.030159539813,149.030159539813,pobre,0,6,416.66666,506.0,1.0,37.0,16,311,2541,7,1.0
97,0.0,0.0,4.1820002,1.0,5.0,6,149.030159539813,149.030159539813,pobre,0,6,416.66666,506.0,1.0,37.0,11,311,2542,5,1.0
98,0.0,0.0,4.1820002,,,6,149.030159539813,149.030159539813,pobre,0,6,416.66666,506.0,1.0,37.0,12,311,2542,5,1.0
97,0.0,0.0,4.1820002,1.0,3.0,6,149.030159539813,149.030159539813,pobre,0,6,416.66666,506.0,1.0,37.0,10,311,2543,3,1.0
98,0.0,0.0,4.1820002,,,6,149.030159539813,149.030159539813,pobre,0,6,416.66666,506.0,1.0,37.0,11,311,2543,3,1.0
97,0.0,0.0,0.0,1.0,3.0,5,146.5902897344064,146.5902897344064,pobre,basal,6,1400.0,571.0,1.0,30.0,10,309,2544,3,1.0
98,0.0,0.0,0.0,1.0,4.0,5,146.5902897344064,146.5902897344064,pobre,basal,6,1400.0,571.0,1.0,30.0,11,309,2544,3,1.0
97,0.0,0.0,0.0,1.0,2.0,5,146.5902897344064,146.5902897344064,pobre,basal,6,1400.0,571.0,1.0,30.0,6,309,2545,2,1.0
98,0.0,0.0,0.0,1.0,1.0,5,146.5902897344064,146.5902897344064,pobre,basal,6,1400.0,571.0,1.0,30.0,7,309,2545,2,1.0
97,1.0,0.0,0.0,1.0,4.0,5,146.5902897344064,146.5902897344064,pobre,basal,9,1200.0,548.0,1.0,31.0,10,309,2546,4,1.0
98,1.0,0.0,0.0,1.0,5.0,5,146.5902897344064,146.5902897344064,pobre,basal,9,1200.0,548.0,1.0,31.0,11,309,2546,4,1.0
97,1.0,0.0,0.0,1.0,3.0,5,146.5902897344064,146.5902897344064,pobre,basal,9,1200.0,548.0,1.0,31.0,9,309,2547,3,1.0
98,1.0,0.0,0.0,1.0,3.0,5,146.5902897344064,146.5902897344064,pobre,basal,9,1200.0,548.0,1.0,31.0,10,309,2547,3,1.0
97,0.0,0.0,0.0,1.0,1.0,5,146.5902897344064,146.5902897344064,pobre,basal,9,1200.0,548.0,1.0,31.0,7,309,2548,1,1.0
98,0.0,0.0,0.0,1.0,2.0,5,146.5902897344064,146.5902897344064,pobre,basal,9,1200.0,548.0,1.0,31.0,8,309,2548,1,1.0
97,0.0,0.0,0.0,1.0,4.0,6,146.5902897344064,146.5902897344064,pobre,basal,6,700.0,502.0,1.0,33.0,10,309,2549,4,1.0
98,0.0,0.0,0.0,1.0,5.0,6,146.5902897344064,146.5902897344064,pobre,basal,6,700.0,502.0,1.0,33.0,11,309,2549,4,1.0
97,0.0,0.0,0.0,1.0,1.0,6,146.5902897344064,146.5902897344064,pobre,basal,6,700.0,502.0,1.0,33.0,7,309,2550,1,1.0
98,0.0,0.0,0.0,1.0,2.0,6,146.5902897344064,146.5902897344064,pobre,basal,6,700.0,502.0,1.0,33.0,8,309,2550,1,1.0
97,0.0,0.0,0.0,1.0,7.0,5,146.5902897344064,146.5902897344064,pobre,basal,3,750.0,589.0,1.0,58.0,14,309,2551,7,1.0
98,0.0,0.0,0.0,1.0,8.0,5,146.5902897344064,146.5902897344064,pobre,basal,3,750.0,589.0,1.0,58.0,15,309,2551,7,1.0
97,0.0,0.0,0.0,1.0,3.0,5,146.5902897344064,146.5902897344064,pobre,basal,3,750.0,589.0,1.0,58.0,9,309,2552,3,1.0
98,0.0,0.0,0.0,1.0,4.0,5,146.5902897344064,146.5902897344064,pobre,basal,3,750.0,589.0,1.0,58.0,10,309,2552,3,1.0
97,0.0,0.0,0.0,1.0,1.0,5,146.5902897344064,146.5902897344064,pobre,basal,3,750.0,589.0,1.0,58.0,7,309,2553,1,1.0
98,0.0,0.0,0.0,1.0,2.0,5,146.5902897344064,146.5902897344064,pobre,basal,3,750.0,589.0,1.0,58.0,8,309,2553,1,1.0
97,0.0,0.0,0.0,1.0,3.0,4,146.5902897344064,146.5902897344064,no pobre,basal,2,800.0,582.0,1.0,64.0,9,309,2554,3,1.0
98,0.0,0.0,0.0,1.0,4.0,4,146.5902897344064,146.5902897344064,no pobre,basal,2,800.0,582.0,1.0,64.0,10,309,2554,3,1.0
97,0.0,0.0,0.0,1.0,1.0,4,146.5902897344064,146.5902897344064,no pobre,basal,2,800.0,582.0,1.0,64.0,7,309,2555,1,1.0
98,0.0,0.0,0.0,1.0,2.0,4,146.5902897344064,146.5902897344064,no pobre,basal,2,800.0,582.0,1.0,64.0,8,309,2555,1,1.0
97,0.0,0.0,0.0,1.0,1.0,6,146.5902897344064,146.5902897344064,pobre,basal,2,2000.0,461.0,1.0,36.0,7,309,2556,1,1.0
98,0.0,0.0,0.0,1.0,2.0,6,146.5902897344064,146.5902897344064,pobre,basal,2,2000.0,461.0,1.0,36.0,8,309,2556,1,1.0
97,1.0,0.0,0.0,1.0,2.0,5,146.5902897344064,146.5902897344064,pobre,basal,2,1000.0,527.0,1.0,36.0,8,309,2557,2,1.0
98,1.0,0.0,0.0,1.0,3.0,5,146.5902897344064,146.5902897344064,pobre,basal,2,1000.0,527.0,1.0,36.0,9,309,2557,2,1.0
97,0.0,0.0,0.0,1.0,1.0,5,146.5902897344064,146.5902897344064,pobre,basal,2,1000.0,527.0,1.0,36.0,6,309,2558,1,1.0
98,0.0,0.0,0.0,1.0,1.0,5,146.5902897344064,146.5902897344064,pobre,basal,2,1000.0,527.0,1.0,36.0,7,309,2558,1,1.0
97,1.0,0.0,0.0,0.0,9.0,7,146.5902897344064,146.5902897344064,no pobre,basal,6,1000.0,616.0,1.0,37.0,16,309,2559,9,0.0
98,1.0,0.0,0.0,,,7,146.5902897344064,146.5902897344064,no pobre,basal,6,1000.0,616.0,1.0,37.0,17,309,2559,9,0.0
97,0.0,0.0,0.0,0.0,9.0,7,146.5902897344064,146.5902897344064,no pobre,basal,6,1000.0,616.0,1.0,37.0,15,309,2560,9,0.0
98,0.0,0.0,0.0,0.0,9.0,7,146.5902897344064,146.5902897344064,no pobre,basal,6,1000.0,616.0,1.0,37.0,16,309,2560,9,0.0
97,1.0,0.0,0.0,1.0,6.0,7,146.5902897344064,146.5902897344064,no pobre,basal,6,1000.0,616.0,1.0,37.0,12,309,2561,6,1.0
98,1.0,0.0,0.0,1.0,6.0,7,146.5902897344064,146.5902897344064,no pobre,basal,6,1000.0,616.0,1.0,37.0,13,309,2561,6,1.0
97,1.0,0.0,0.0,1.0,3.0,7,146.5902897344064,146.5902897344064,no pobre,basal,6,1000.0,616.0,1.0,37.0,9,309,2562,3,1.0
98,1.0,0.0,0.0,1.0,3.0,7,146.5902897344064,146.5902897344064,no pobre,basal,6,1000.0,616.0,1.0,37.0,10,309,2562,3,1.0
97,1.0,0.0,0.0,0.0,5.0,10,146.5902897344064,146.5902897344064,pobre,basal,3,750.0,569.0,1.0,38.0,15,309,2563,5,0.0
98,1.0,0.0,0.0,0.0,5.0,10,146.5902897344064,146.5902897344064,pobre,basal,3,750.0,569.0,1.0,38.0,16,309,2563,5,0.0
97,0.0,0.0,0.0,1.0,5.0,10,146.5902897344064,146.5902897344064,pobre,basal,3,750.0,569.0,1.0,38.0,13,309,2564,5,1.0
98,0.0,0.0,0.0,1.0,6.0,10,146.5902897344064,146.5902897344064,pobre,basal,3,750.0,569.0,1.0,38.0,14,309,2564,5,1.0
97,1.0,0.0,0.0,1.0,4.0,10,146.5902897344064,146.5902897344064,pobre,basal,3,750.0,569.0,1.0,38.0,12,309,2565,4,1.0
98,1.0,0.0,0.0,1.0,4.0,10,146.5902897344064,146.5902897344064,pobre,basal,3,750.0,569.0,1.0,38.0,13,309,2565,4,1.0
97,1.0,0.0,0.0,1.0,3.0,10,146.5902897344064,146.5902897344064,pobre,basal,3,750.0,569.0,1.0,38.0,9,309,2566,3,1.0
98,1.0,0.0,0.0,1.0,3.0,10,146.5902897344064,146.5902897344064,pobre,basal,3,750.0,569.0,1.0,38.0,10,309,2566,3,1.0
97,1.0,0.0,0.0,,0.0,10,146.5902897344064,146.5902897344064,pobre,basal,3,750.0,569.0,1.0,38.0,7,309,2567,0,
98,1.0,0.0,0.0,,,10,146.5902897344064,146.5902897344064,pobre,basal,3,750.0,569.0,1.0,38.0,8,309,2567,0,
97,1.0,0.0,0.0,1.0,5.0,4,146.5902897344064,146.5902897344064,pobre,basal,3,750.0,526.0,1.0,45.0,11,309,2568,5,1.0
98,1.0,0.0,0.0,1.0,6.0,4,146.5902897344064,146.5902897344064,pobre,basal,3,750.0,526.0,1.0,45.0,12,309,2568,5,1.0
97,1.0,0.0,0.0,1.0,1.0,4,146.5902897344064,146.5902897344064,pobre,basal,3,750.0,526.0,1.0,45.0,9,309,2569,1,1.0
98,1.0,0.0,0.0,1.0,2.0,4,146.5902897344064,146.5902897344064,pobre,basal,3,750.0,526.0,1.0,45.0,10,309,2569,1,1.0
97,1.0,0.0,0.0,1.0,6.0,10,146.5902897344064,146.5902897344064,pobre,basal,3,0.0,512.0,1.0,69.0,16,309,2570,6,1.0
98,1.0,0.0,0.0,,,10,146.5902897344064,146.5902897344064,pobre,basal,3,0.0,512.0,1.0,69.0,17,309,2570,6,1.0
97,1.0,0.0,0.0,1.0,7.0,10,146.5902897344064,146.5902897344064,pobre,basal,3,0.0,512.0,1.0,69.0,13,309,2571,7,1.0
98,1.0,0.0,0.0,1.0,8.0,10,146.5902897344064,146.5902897344064,pobre,basal,3,0.0,512.0,1.0,69.0,14,309,2571,7,1.0
97,0.0,0.0,0.0,1.0,4.0,10,146.5902897344064,146.5902897344064,pobre,basal,3,0.0,512.0,1.0,69.0,11,309,2572,4,1.0
98,0.0,0.0,0.0,1.0,5.0,10,146.5902897344064,146.5902897344064,pobre,basal,3,0.0,512.0,1.0,69.0,12,309,2572,4,1.0
97,0.0,0.0,0.0,1.0,2.0,10,146.5902897344064,146.5902897344064,pobre,basal,3,0.0,512.0,1.0,69.0,9,309,2573,2,1.0
98,0.0,0.0,0.0,1.0,3.0,10,146.5902897344064,146.5902897344064,pobre,basal,3,0.0,512.0,1.0,69.0,10,309,2573,2,1.0
97,0.0,0.0,0.0,1.0,1.0,10,146.5902897344064,146.5902897344064,pobre,basal,3,0.0,512.0,1.0,69.0,7,309,2574,1,1.0
98,0.0,0.0,0.0,1.0,2.0,10,146.5902897344064,146.5902897344064,pobre,basal,3,0.0,512.0,1.0,69.0,8,309,2574,1,1.0
97,0.0,0.0,0.0,0.0,6.0,4,146.5902897344064,146.5902897344064,pobre,basal,2,200.0,559.0,0.0,52.0,15,309,2575,6,0.0
98,0.0,0.0,0.0,0.0,6.0,4,146.5902897344064,146.5902897344064,pobre,basal,2,200.0,559.0,0.0,52.0,16,309,2575,6,0.0
97,1.0,0.0,0.0,1.0,6.0,7,146.5902897344064,146.5902897344064,pobre,basal,1,0.0,485.0,1.0,74.0,14,309,2576,6,1.0
98,1.0,0.0,0.0,1.0,7.0,7,146.5902897344064,146.5902897344064,pobre,basal,1,0.0,485.0,1.0,74.0,15,309,2576,6,1.0
97,0.0,0.0,0.0,1.0,6.0,7,146.5902897344064,146.5902897344064,pobre,basal,1,0.0,485.0,1.0,74.0,12,309,2577,6,1.0
98,0.0,0.0,0.0,1.0,6.0,7,146.5902897344064,146.5902897344064,pobre,basal,1,0.0,485.0,1.0,74.0,13,309,2577,6,1.0
97,1.0,0.0,0.0,1.0,5.0,7,146.5902897344064,146.5902897344064,pobre,basal,1,0.0,485.0,1.0,74.0,10,309,2578,5,1.0
98,1.0,0.0,0.0,1.0,6.0,7,146.5902897344064,146.5902897344064,pobre,basal,1,0.0,485.0,1.0,74.0,11,309,2578,5,1.0
97,0.0,0.0,0.0,1.0,3.0,7,146.5902897344064,146.5902897344064,pobre,basal,1,0.0,485.0,1.0,74.0,9,309,2579,3,1.0
98,0.0,0.0,0.0,1.0,4.0,7,146.5902897344064,146.5902897344064,pobre,basal,1,0.0,485.0,1.0,74.0,10,309,2579,3,1.0
97,1.0,0.0,0.0,1.0,1.0,3,146.5902897344064,146.5902897344064,no pobre,basal,3,0.0,618.0,1.0,74.0,6,309,2580,1,1.0
98,1.0,0.0,0.0,1.0,1.0,3,146.5902897344064,146.5902897344064,no pobre,basal,3,0.0,618.0,1.0,74.0,7,309,2580,1,1.0
97,1.0,0.0,0.0,0.0,6.0,8,146.5902897344064,146.5902897344064,no pobre,basal,6,1600.0,581.0,1.0,68.0,15,309,2581,6,0.0
98,1.0,0.0,0.0,0.0,6.0,8,146.5902897344064,146.5902897344064,no pobre,basal,6,1600.0,581.0,1.0,68.0,16,309,2581,6,0.0
97,1.0,0.0,0.0,1.0,6.0,8,146.5902897344064,146.5902897344064,no pobre,basal,6,1600.0,581.0,1.0,68.0,12,309,2582,6,1.0
98,1.0,0.0,0.0,1.0,6.0,8,146.5902897344064,146.5902897344064,no pobre,basal,6,1600.0,581.0,1.0,68.0,13,309,2582,6,1.0
97,0.0,0.0,0.0,1.0,5.0,8,146.5902897344064,146.5902897344064,no pobre,basal,6,1600.0,581.0,1.0,68.0,11,309,2583,5,1.0
98,0.0,0.0,0.0,1.0,5.0,8,146.5902897344064,146.5902897344064,no pobre,basal,6,1600.0,581.0,1.0,68.0,12,309,2583,5,1.0
97,1.0,0.0,0.0,1.0,9.0,4,146.5902897344064,146.5902897344064,pobre,basal,0,6400.0,544.53998,1.0,54.0,14,309,2584,9,1.0
98,1.0,0.0,0.0,0.0,9.0,4,146.5902897344064,146.5902897344064,pobre,basal,0,6400.0,544.53998,1.0,54.0,15,309,2584,9,1.0
97,0.0,0.0,0.0,1.0,7.0,4,146.5902897344064,146.5902897344064,pobre,basal,0,6400.0,544.53998,1.0,54.0,12,309,2585,7,1.0
98,0.0,0.0,0.0,1.0,7.0,4,146.5902897344064,146.5902897344064,pobre,basal,0,6400.0,544.53998,1.0,54.0,13,309,2585,7,1.0
97,1.0,0.0,0.0,1.0,8.0,7,146.5902897344064,146.5902897344064,pobre,basal,3,0.0,610.0,1.0,50.0,14,309,2586,8,1.0
98,1.0,0.0,0.0,0.0,9.0,7,146.5902897344064,146.5902897344064,pobre,basal,3,0.0,610.0,1.0,50.0,15,309,2586,8,1.0
97,0.0,0.0,0.0,1.0,3.0,7,146.5902897344064,146.5902897344064,pobre,basal,3,0.0,610.0,1.0,50.0,10,309,2587,3,1.0
98,0.0,0.0,0.0,1.0,4.0,7,146.5902897344064,146.5902897344064,pobre,basal,3,0.0,610.0,1.0,50.0,11,309,2587,3,1.0
97,0.0,0.0,0.0,1.0,0.0,7,146.5902897344064,146.5902897344064,pobre,basal,3,0.0,610.0,1.0,50.0,7,309,2588,0,1.0
98,0.0,0.0,0.0,1.0,1.0,7,146.5902897344064,146.5902897344064,pobre,basal,3,0.0,610.0,1.0,50.0,8,309,2588,0,1.0
97,1.0,0.0,0.0,0.0,5.0,6,146.5902897344064,146.5902897344064,pobre,basal,3,83.333336,614.0,1.0,54.0,14,309,2589,5,0.0
98,1.0,0.0,0.0,0.0,5.0,6,146.5902897344064,146.5902897344064,pobre,basal,3,83.333336,614.0,1.0,54.0,15,309,2589,5,0.0
97,0.0,0.0,0.0,1.0,5.0,6,146.5902897344064,146.5902897344064,pobre,basal,3,83.333336,614.0,1.0,54.0,12,309,2590,5,1.0
98,0.0,0.0,0.0,1.0,6.0,6,146.5902897344064,146.5902897344064,pobre,basal,3,83.333336,614.0,1.0,54.0,13,309,2590,5,1.0
97,1.0,0.0,0.0,0.0,9.0,14,146.5902897344064,146.5902897344064,pobre,basal,4,4200.0,472.0,1.0,40.0,16,309,2591,9,0.0
98,1.0,0.0,0.0,,,14,146.5902897344064,146.5902897344064,pobre,basal,4,4200.0,472.0,1.0,40.0,17,309,2591,9,0.0
97,1.0,0.0,0.0,1.0,8.0,14,146.5902897344064,146.5902897344064,pobre,basal,4,4200.0,472.0,1.0,40.0,14,309,2592,8,1.0
98,1.0,0.0,0.0,0.0,9.0,14,146.5902897344064,146.5902897344064,pobre,basal,4,4200.0,472.0,1.0,40.0,15,309,2592,8,1.0
97,1.0,0.0,0.0,1.0,6.0,14,146.5902897344064,146.5902897344064,pobre,basal,4,4200.0,472.0,1.0,40.0,13,309,2593,6,1.0
98,1.0,0.0,0.0,1.0,7.0,14,146.5902897344064,146.5902897344064,pobre,basal,4,4200.0,472.0,1.0,40.0,14,309,2593,6,1.0
97,1.0,0.0,0.0,1.0,3.0,14,146.5902897344064,146.5902897344064,pobre,basal,4,4200.0,472.0,1.0,40.0,10,309,2594,3,1.0
98,1.0,0.0,0.0,1.0,3.0,14,146.5902897344064,146.5902897344064,pobre,basal,4,4200.0,472.0,1.0,40.0,11,309,2594,3,1.0
97,0.0,0.0,0.0,1.0,3.0,14,146.5902897344064,146.5902897344064,pobre,basal,4,4200.0,472.0,1.0,40.0,9,309,2595,3,1.0
98,0.0,0.0,0.0,1.0,4.0,14,146.5902897344064,146.5902897344064,pobre,basal,4,4200.0,472.0,1.0,40.0,10,309,2595,3,1.0
97,0.0,0.0,0.0,0.0,6.0,11,146.5902897344064,146.5902897344064,pobre,basal,4,12000.0,559.0,1.0,60.0,16,309,2596,6,0.0
98,0.0,0.0,0.0,,,11,146.5902897344064,146.5902897344064,pobre,basal,4,12000.0,559.0,1.0,60.0,17,309,2596,6,0.0
97,0.0,0.0,0.0,1.0,8.0,11,146.5902897344064,146.5902897344064,pobre,basal,4,12000.0,559.0,1.0,60.0,14,309,2597,8,1.0
98,0.0,0.0,0.0,1.0,8.0,11,146.5902897344064,146.5902897344064,pobre,basal,4,12000.0,559.0,1.0,60.0,15,309,2597,8,1.0
97,0.0,0.0,0.0,1.0,4.0,11,146.5902897344064,146.5902897344064,pobre,basal,4,12000.0,559.0,1.0,60.0,10,309,2598,4,1.0
98,0.0,0.0,0.0,1.0,5.0,11,146.5902897344064,146.5902897344064,pobre,basal,4,12000.0,559.0,1.0,60.0,11,309,2598,4,1.0
97,1.0,0.0,0.0,1.0,0.0,11,146.5902897344064,146.5902897344064,pobre,basal,4,12000.0,559.0,1.0,60.0,6,309,2599,0,1.0
98,1.0,0.0,0.0,1.0,1.0,11,146.5902897344064,146.5902897344064,pobre,basal,4,12000.0,559.0,1.0,60.0,7,309,2599,0,1.0
97,1.0,0.0,0.0,0.0,6.0,11,146.5902897344064,146.5902897344064,pobre,basal,4,0.0,524.0,1.0,49.0,16,309,2600,6,0.0
98,1.0,0.0,0.0,,,11,146.5902897344064,146.5902897344064,pobre,basal,4,0.0,524.0,1.0,49.0,17,309,2600,6,0.0
97,0.0,0.0,0.0,1.0,8.0,11,146.5902897344064,146.5902897344064,pobre,basal,4,0.0,524.0,1.0,49.0,14,309,2601,8,1.0
98,0.0,0.0,0.0,0.0,9.0,11,146.5902897344064,146.5902897344064,pobre,basal,4,0.0,524.0,1.0,49.0,15,309,2601,8,1.0
97,1.0,0.0,0.0,1.0,4.0,11,146.5902897344064,146.5902897344064,pobre,basal,4,0.0,524.0,1.0,49.0,12,309,2602,4,1.0
98,1.0,0.0,0.0,1.0,5.0,11,146.5902897344064,146.5902897344064,pobre,basal,4,0.0,524.0,1.0,49.0,13,309,2602,4,1.0
97,1.0,0.0,0.0,1.0,3.0,11,146.5902897344064,146.5902897344064,pobre,basal,4,0.0,524.0,1.0,49.0,10,309,2603,3,1.0
98,1.0,0.0,0.0,1.0,4.0,11,146.5902897344064,146.5902897344064,pobre,basal,4,0.0,524.0,1.0,49.0,11,309,2603,3,1.0
97,0.0,0.0,0.0,0.0,6.0,6,146.5902897344064,146.5902897344064,pobre,basal,3,750.0,468.0,1.0,57.0,12,309,2604,6,0.0
98,0.0,0.0,0.0,1.0,6.0,6,146.5902897344064,146.5902897344064,pobre,basal,3,750.0,468.0,1.0,57.0,13,309,2604,6,0.0
97,0.0,0.0,0.0,1.0,2.0,6,146.5902897344064,146.5902897344064,pobre,basal,3,750.0,468.0,1.0,57.0,8,309,2605,2,1.0
98,0.0,0.0,0.0,1.0,3.0,6,146.5902897344064,146.5902897344064,pobre,basal,3,750.0,468.0,1.0,57.0,9,309,2605,2,1.0
97,1.0,0.0,0.0,1.0,0.0,6,146.5902897344064,146.5902897344064,pobre,basal,3,750.0,468.0,1.0,57.0,6,309,2606,0,1.0
98,1.0,0.0,0.0,1.0,1.0,6,146.5902897344064,146.5902897344064,pobre,basal,3,750.0,468.0,1.0,57.0,7,309,2606,0,1.0
97,0.0,0.0,0.0,0.0,6.0,8,146.5902897344064,146.5902897344064,pobre,basal,3,0.0,573.0,1.0,67.0,16,309,2607,6,0.0
98,0.0,0.0,0.0,,,8,146.5902897344064,146.5902897344064,pobre,basal,3,0.0,573.0,1.0,67.0,17,309,2607,6,0.0
97,1.0,0.0,0.0,1.0,6.0,8,146.5902897344064,146.5902897344064,pobre,basal,3,0.0,573.0,1.0,67.0,13,309,2608,6,1.0
98,1.0,0.0,0.0,1.0,7.0,8,146.5902897344064,146.5902897344064,pobre,basal,3,0.0,573.0,1.0,67.0,14,309,2608,6,1.0
97,1.0,0.0,0.0,1.0,2.0,8,146.5902897344064,146.5902897344064,pobre,basal,3,0.0,573.0,1.0,67.0,11,309,2609,2,1.0
98,1.0,0.0,0.0,1.0,3.0,8,146.5902897344064,146.5902897344064,pobre,basal,3,0.0,573.0,1.0,67.0,12,309,2609,2,1.0
97,1.0,0.0,0.0,1.0,3.0,10,146.5902897344064,146.5902897344064,pobre,basal,3,1250.0,298.0,1.0,41.0,10,309,2610,3,1.0
98,1.0,0.0,0.0,1.0,4.0,10,146.5902897344064,146.5902897344064,pobre,basal,3,1250.0,298.0,1.0,41.0,11,309,2610,3,1.0
97,1.0,0.0,0.0,1.0,0.0,10,146.5902897344064,146.5902897344064,pobre,basal,3,1250.0,298.0,1.0,41.0,6,309,2611,0,1.0
98,1.0,0.0,0.0,1.0,1.0,10,146.5902897344064,146.5902897344064,pobre,basal,3,1250.0,298.0,1.0,41.0,7,309,2611,0,1.0
97,1.0,0.0,0.0,1.0,9.0,6,146.5902897344064,146.5902897344064,pobre,basal,6,0.0,408.0,1.0,41.0,16,309,2612,9,1.0
98,1.0,0.0,0.0,,,6,146.5902897344064,146.5902897344064,pobre,basal,6,0.0,408.0,1.0,41.0,17,309,2612,9,1.0
97,1.0,0.0,0.0,1.0,6.0,6,146.5902897344064,146.5902897344064,pobre,basal,6,0.0,408.0,1.0,41.0,14,309,2613,6,1.0
98,1.0,0.0,0.0,1.0,7.0,6,146.5902897344064,146.5902897344064,pobre,basal,6,0.0,408.0,1.0,41.0,15,309,2613,6,1.0
97,0.0,0.0,0.0,1.0,6.0,6,146.5902897344064,146.5902897344064,pobre,basal,6,0.0,408.0,1.0,41.0,12,309,2614,6,1.0
98,0.0,0.0,0.0,1.0,7.0,6,146.5902897344064,146.5902897344064,pobre,basal,6,0.0,408.0,1.0,41.0,13,309,2614,6,1.0
97,1.0,0.0,0.0,1.0,3.0,6,146.5902897344064,146.5902897344064,pobre,basal,6,0.0,408.0,1.0,41.0,9,309,2615,3,1.0
98,1.0,0.0,0.0,1.0,4.0,6,146.5902897344064,146.5902897344064,pobre,basal,6,0.0,408.0,1.0,41.0,10,309,2615,3,1.0
97,0.0,0.0,0.0,1.0,5.0,4,146.5902897344064,146.5902897344064,pobre,basal,6,500.0,569.0,1.0,35.0,11,309,2616,5,1.0
98,0.0,0.0,0.0,1.0,6.0,4,146.5902897344064,146.5902897344064,pobre,basal,6,500.0,569.0,1.0,35.0,12,309,2616,5,1.0
97,0.0,1.0,1.409,0.0,6.0,8,133.9841350494101,259.9790229566363,pobre,basal,3,1000.0,451.0,1.0,38.0,14,347,2617,6,0.0
98,0.0,1.0,1.409,0.0,6.0,8,133.9841350494101,259.9790229566363,pobre,basal,3,1000.0,451.0,1.0,38.0,15,347,2617,6,0.0
97,0.0,1.0,1.409,1.0,4.0,8,133.9841350494101,259.9790229566363,pobre,basal,3,1000.0,451.0,1.0,38.0,12,347,2618,4,1.0
98,0.0,1.0,1.409,1.0,6.0,8,133.9841350494101,259.9790229566363,pobre,basal,3,1000.0,451.0,1.0,38.0,13,347,2618,4,1.0
97,0.0,1.0,1.409,1.0,3.0,8,133.9841350494101,259.9790229566363,pobre,basal,3,1000.0,451.0,1.0,38.0,10,347,2619,3,1.0
98,0.0,1.0,1.409,1.0,4.0,8,133.9841350494101,259.9790229566363,pobre,basal,3,1000.0,451.0,1.0,38.0,11,347,2619,3,1.0
97,0.0,1.0,1.409,,0.0,8,133.9841350494101,259.9790229566363,pobre,basal,3,1000.0,451.0,1.0,38.0,7,347,2620,0,
98,0.0,1.0,1.409,,,8,133.9841350494101,259.9790229566363,pobre,basal,3,1000.0,451.0,1.0,38.0,8,347,2620,0,
97,0.0,1.0,1.409,1.0,0.0,8,133.9841350494101,259.9790229566363,pobre,basal,3,1000.0,451.0,1.0,38.0,6,347,2621,0,1.0
98,0.0,1.0,1.409,1.0,1.0,8,133.9841350494101,259.9790229566363,pobre,basal,3,1000.0,451.0,1.0,38.0,7,347,2621,0,1.0
97,1.0,1.0,1.409,0.0,6.0,4,133.9841350494101,259.9790229566363,pobre,basal,1,600.0,666.0,1.0,39.0,14,347,2622,6,0.0
98,1.0,1.0,1.409,0.0,6.0,4,133.9841350494101,259.9790229566363,pobre,basal,1,600.0,666.0,1.0,39.0,15,347,2622,6,0.0
97,1.0,1.0,1.409,1.0,2.0,4,133.9841350494101,259.9790229566363,pobre,basal,1,600.0,666.0,1.0,39.0,9,347,2623,2,1.0
98,1.0,1.0,1.409,1.0,3.0,4,133.9841350494101,259.9790229566363,pobre,basal,1,600.0,666.0,1.0,39.0,10,347,2623,2,1.0
97,0.0,1.0,0.0,1.0,4.0,8,122.5159576672013,251.2941533924384,pobre,basal,0,250.0,418.0,1.0,34.0,13,366,2624,4,1.0
98,0.0,1.0,0.0,1.0,5.0,8,122.5159576672013,251.2941533924384,pobre,basal,0,250.0,418.0,1.0,34.0,14,366,2624,4,1.0
97,1.0,1.0,0.0,1.0,4.0,8,122.5159576672013,251.2941533924384,pobre,basal,0,250.0,418.0,1.0,34.0,10,366,2625,4,1.0
98,1.0,1.0,0.0,1.0,4.0,8,122.5159576672013,251.2941533924384,pobre,basal,0,250.0,418.0,1.0,34.0,11,366,2625,4,1.0
97,0.0,1.0,0.0,1.0,2.0,8,122.5159576672013,251.2941533924384,pobre,basal,0,250.0,418.0,1.0,34.0,9,366,2626,2,1.0
98,0.0,1.0,0.0,1.0,2.0,8,122.5159576672013,251.2941533924384,pobre,basal,0,250.0,418.0,1.0,34.0,10,366,2626,2,1.0
97,0.0,1.0,0.0,1.0,7.0,7,122.5159576672013,251.2941533924384,pobre,basal,1,400.0,667.0,1.0,56.0,15,366,2627,7,1.0
98,0.0,1.0,0.0,1.0,8.0,7,122.5159576672013,251.2941533924384,pobre,basal,1,400.0,667.0,1.0,56.0,16,366,2627,7,1.0
97,0.0,1.0,0.0,1.0,0.0,7,122.5159576672013,251.2941533924384,pobre,basal,1,400.0,667.0,1.0,56.0,6,366,2628,0,1.0
98,0.0,1.0,0.0,1.0,0.0,7,122.5159576672013,251.2941533924384,pobre,basal,1,400.0,667.0,1.0,56.0,7,366,2628,0,1.0
97,1.0,1.0,0.0,1.0,8.0,8,122.5159576672013,251.2941533924384,pobre,basal,2,375.0,858.0,1.0,49.0,15,366,2629,8,1.0
98,1.0,1.0,0.0,0.0,9.0,8,122.5159576672013,251.2941533924384,pobre,basal,2,375.0,858.0,1.0,49.0,16,366,2629,8,1.0
97,0.0,1.0,0.0,1.0,4.0,8,122.5159576672013,251.2941533924384,pobre,basal,2,375.0,858.0,1.0,49.0,12,366,2630,4,1.0
98,0.0,1.0,0.0,1.0,5.0,8,122.5159576672013,251.2941533924384,pobre,basal,2,375.0,858.0,1.0,49.0,13,366,2630,4,1.0
97,1.0,1.0,0.0,1.0,2.0,8,122.5159576672013,251.2941533924384,pobre,basal,2,375.0,858.0,1.0,49.0,9,366,2631,2,1.0
98,1.0,1.0,0.0,1.0,2.0,8,122.5159576672013,251.2941533924384,pobre,basal,2,375.0,858.0,1.0,49.0,10,366,2631,2,1.0
97,1.0,1.0,0.0,0.0,9.0,8,122.5159576672013,251.2941533924384,pobre,basal,0,500.0,601.0,1.0,55.0,16,366,2632,9,0.0
98,1.0,1.0,0.0,,,8,122.5159576672013,251.2941533924384,pobre,basal,0,500.0,601.0,1.0,55.0,17,366,2632,9,0.0
97,1.0,1.0,0.0,1.0,2.0,8,122.5159576672013,251.2941533924384,pobre,basal,0,500.0,601.0,1.0,55.0,13,366,2633,2,1.0
98,1.0,1.0,0.0,,,8,122.5159576672013,251.2941533924384,pobre,basal,0,500.0,601.0,1.0,55.0,14,366,2633,2,1.0
97,1.0,1.0,0.0,1.0,6.0,11,122.5159576672013,251.2941533924384,pobre,basal,2,600.0,667.40002,1.0,61.0,16,366,2634,6,1.0
98,1.0,1.0,0.0,,,11,122.5159576672013,251.2941533924384,pobre,basal,2,600.0,667.40002,1.0,61.0,17,366,2634,6,1.0
97,1.0,1.0,0.0,1.0,4.0,11,122.5159576672013,251.2941533924384,pobre,basal,2,600.0,667.40002,1.0,61.0,14,366,2635,4,1.0
98,1.0,1.0,0.0,1.0,5.0,11,122.5159576672013,251.2941533924384,pobre,basal,2,600.0,667.40002,1.0,61.0,15,366,2635,4,1.0
97,0.0,1.0,0.0,1.0,5.0,11,122.5159576672013,251.2941533924384,pobre,basal,2,600.0,667.40002,1.0,61.0,11,366,2636,5,1.0
98,0.0,1.0,0.0,1.0,6.0,11,122.5159576672013,251.2941533924384,pobre,basal,2,600.0,667.40002,1.0,61.0,12,366,2636,5,1.0
97,0.0,1.0,0.0,1.0,6.0,5,122.5159576672013,251.2941533924384,pobre,basal,0,375.0,673.0,1.0,54.0,15,366,2637,6,1.0
98,0.0,1.0,0.0,1.0,7.0,5,122.5159576672013,251.2941533924384,pobre,basal,0,375.0,673.0,1.0,54.0,16,366,2637,6,1.0
97,0.0,1.0,0.0,1.0,5.0,5,122.5159576672013,251.2941533924384,pobre,basal,3,500.0,661.5,1.0,60.0,13,366,2638,5,1.0
98,0.0,1.0,0.0,1.0,6.0,5,122.5159576672013,251.2941533924384,pobre,basal,3,500.0,661.5,1.0,60.0,14,366,2638,5,1.0
97,1.0,1.0,0.0,1.0,3.0,5,122.5159576672013,251.2941533924384,pobre,basal,3,500.0,661.5,1.0,60.0,9,366,2639,3,1.0
98,1.0,1.0,0.0,1.0,4.0,5,122.5159576672013,251.2941533924384,pobre,basal,3,500.0,661.5,1.0,60.0,10,366,2639,3,1.0
97,0.0,1.0,0.0,1.0,3.0,6,122.5159576672013,251.2941533924384,pobre,basal,9,375.0,514.0,1.0,32.0,10,366,2640,3,1.0
98,0.0,1.0,0.0,1.0,4.0,6,122.5159576672013,251.2941533924384,pobre,basal,9,375.0,514.0,1.0,32.0,11,366,2640,3,1.0
97,1.0,1.0,0.0,1.0,3.0,6,122.5159576672013,251.2941533924384,pobre,basal,9,375.0,514.0,1.0,32.0,11,366,2641,3,1.0
98,1.0,1.0,0.0,1.0,4.0,6,122.5159576672013,251.2941533924384,pobre,basal,9,375.0,514.0,1.0,32.0,12,366,2641,3,1.0
97,1.0,1.0,0.0,1.0,0.0,6,122.5159576672013,251.2941533924384,pobre,basal,9,375.0,514.0,1.0,32.0,6,366,2642,0,1.0
98,1.0,1.0,0.0,1.0,1.0,6,122.5159576672013,251.2941533924384,pobre,basal,9,375.0,514.0,1.0,32.0,7,366,2642,0,1.0
97,1.0,1.0,1.409,1.0,4.0,8,133.9841350494101,259.9790229566363,pobre,basal,0,375.0,453.0,1.0,46.0,9,347,2643,4,1.0
98,1.0,1.0,1.409,1.0,5.0,8,133.9841350494101,259.9790229566363,pobre,basal,0,375.0,453.0,1.0,46.0,10,347,2643,4,1.0
97,1.0,1.0,1.409,1.0,2.0,8,133.9841350494101,259.9790229566363,pobre,basal,0,375.0,453.0,1.0,46.0,8,347,2644,2,1.0
98,1.0,1.0,1.409,1.0,3.0,8,133.9841350494101,259.9790229566363,pobre,basal,0,375.0,453.0,1.0,46.0,9,347,2644,2,1.0
97,1.0,1.0,1.409,1.0,0.0,8,133.9841350494101,259.9790229566363,pobre,basal,0,375.0,453.0,1.0,46.0,6,347,2645,0,1.0
98,1.0,1.0,1.409,1.0,1.0,8,133.9841350494101,259.9790229566363,pobre,basal,0,375.0,453.0,1.0,46.0,7,347,2645,0,1.0
97,1.0,1.0,1.409,1.0,7.0,3,133.9841350494101,259.9790229566363,pobre,basal,6,500.0,728.0,1.0,50.0,14,347,2646,7,1.0
98,1.0,1.0,1.409,1.0,8.0,3,133.9841350494101,259.9790229566363,pobre,basal,6,500.0,728.0,1.0,50.0,15,347,2646,7,1.0
97,1.0,1.0,0.0,0.0,5.0,10,122.5159576672013,251.2941533924384,pobre,basal,0,500.0,581.0,1.0,68.0,15,366,2647,5,0.0
98,1.0,1.0,0.0,1.0,5.0,10,122.5159576672013,251.2941533924384,pobre,basal,0,500.0,581.0,1.0,68.0,16,366,2647,5,0.0
97,1.0,1.0,0.0,0.0,6.0,10,122.5159576672013,251.2941533924384,pobre,basal,0,500.0,581.0,1.0,68.0,14,366,2648,6,0.0
98,1.0,1.0,0.0,1.0,6.0,10,122.5159576672013,251.2941533924384,pobre,basal,0,500.0,581.0,1.0,68.0,15,366,2648,6,0.0
97,0.0,1.0,0.0,1.0,5.0,10,122.5159576672013,251.2941533924384,pobre,basal,0,500.0,581.0,1.0,68.0,12,366,2649,5,1.0
98,0.0,1.0,0.0,1.0,6.0,10,122.5159576672013,251.2941533924384,pobre,basal,0,500.0,581.0,1.0,68.0,13,366,2649,5,1.0
97,0.0,1.0,0.0,1.0,4.0,10,122.5159576672013,251.2941533924384,pobre,basal,0,500.0,581.0,1.0,68.0,10,366,2650,4,1.0
98,0.0,1.0,0.0,1.0,5.0,10,122.5159576672013,251.2941533924384,pobre,basal,0,500.0,581.0,1.0,68.0,11,366,2650,4,1.0
97,1.0,1.0,0.0,1.0,3.0,10,122.5159576672013,251.2941533924384,pobre,basal,0,500.0,581.0,1.0,68.0,9,366,2651,3,1.0
98,1.0,1.0,0.0,,,10,122.5159576672013,251.2941533924384,pobre,basal,0,500.0,581.0,1.0,68.0,10,366,2651,3,1.0
97,1.0,1.0,0.0,1.0,1.0,10,122.5159576672013,251.2941533924384,pobre,basal,0,500.0,581.0,1.0,68.0,8,366,2652,1,1.0
98,1.0,1.0,0.0,1.0,2.0,10,122.5159576672013,251.2941533924384,pobre,basal,0,500.0,581.0,1.0,68.0,9,366,2652,1,1.0
97,1.0,1.0,0.0,1.0,2.0,6,122.5159576672013,251.2941533924384,pobre,basal,6,500.0,505.0,1.0,28.0,8,366,2653,2,1.0
98,1.0,1.0,0.0,1.0,3.0,6,122.5159576672013,251.2941533924384,pobre,basal,6,500.0,505.0,1.0,28.0,9,366,2653,2,1.0
97,0.0,1.0,0.0,1.0,0.0,6,122.5159576672013,251.2941533924384,pobre,basal,6,500.0,505.0,1.0,28.0,6,366,2654,0,1.0
98,0.0,1.0,0.0,1.0,1.0,6,122.5159576672013,251.2941533924384,pobre,basal,6,500.0,505.0,1.0,28.0,7,366,2654,0,1.0
97,0.0,1.0,0.0,0.0,6.0,7,122.5159576672013,251.2941533924384,pobre,basal,7,500.0,581.5,1.0,39.0,16,366,2655,6,0.0
98,0.0,1.0,0.0,,,7,122.5159576672013,251.2941533924384,pobre,basal,7,500.0,581.5,1.0,39.0,17,366,2655,6,0.0
97,1.0,1.0,0.0,0.0,6.0,7,122.5159576672013,251.2941533924384,pobre,basal,7,500.0,581.5,1.0,39.0,14,366,2656,6,0.0
98,1.0,1.0,0.0,1.0,6.0,7,122.5159576672013,251.2941533924384,pobre,basal,7,500.0,581.5,1.0,39.0,15,366,2656,6,0.0
97,0.0,1.0,0.0,1.0,3.0,7,122.5159576672013,251.2941533924384,pobre,basal,7,500.0,581.5,1.0,39.0,12,366,2657,3,1.0
98,0.0,1.0,0.0,1.0,4.0,7,122.5159576672013,251.2941533924384,pobre,basal,7,500.0,581.5,1.0,39.0,13,366,2657,3,1.0
97,0.0,1.0,0.0,1.0,5.0,7,122.5159576672013,251.2941533924384,pobre,basal,7,500.0,581.5,1.0,39.0,10,366,2658,5,1.0
98,0.0,1.0,0.0,1.0,6.0,7,122.5159576672013,251.2941533924384,pobre,basal,7,500.0,581.5,1.0,39.0,11,366,2658,5,1.0
97,1.0,1.0,0.0,0.0,4.0,10,122.5159576672013,251.2941533924384,pobre,basal,2,500.0,744.0,1.0,43.0,15,366,2659,4,0.0
98,1.0,1.0,0.0,,,10,122.5159576672013,251.2941533924384,pobre,basal,2,500.0,744.0,1.0,43.0,16,366,2659,4,0.0
97,1.0,1.0,0.0,0.0,6.0,10,122.5159576672013,251.2941533924384,pobre,basal,2,500.0,744.0,1.0,43.0,13,366,2660,6,0.0
98,1.0,1.0,0.0,,,10,122.5159576672013,251.2941533924384,pobre,basal,2,500.0,744.0,1.0,43.0,14,366,2660,6,0.0
97,0.0,1.0,0.0,1.0,5.0,10,122.5159576672013,251.2941533924384,pobre,basal,2,500.0,744.0,1.0,43.0,11,366,2661,5,1.0
98,0.0,1.0,0.0,1.0,6.0,10,122.5159576672013,251.2941533924384,pobre,basal,2,500.0,744.0,1.0,43.0,12,366,2661,5,1.0
97,0.0,1.0,0.0,1.0,4.0,10,122.5159576672013,251.2941533924384,pobre,basal,2,500.0,744.0,1.0,43.0,10,366,2662,4,1.0
98,0.0,1.0,0.0,1.0,5.0,10,122.5159576672013,251.2941533924384,pobre,basal,2,500.0,744.0,1.0,43.0,11,366,2662,4,1.0
97,1.0,1.0,0.0,1.0,8.0,4,122.5159576672013,251.2941533924384,pobre,basal,0,450.0,704.0,1.0,70.0,16,366,2663,8,1.0
98,1.0,1.0,0.0,,,4,122.5159576672013,251.2941533924384,pobre,basal,0,450.0,704.0,1.0,70.0,17,366,2663,8,1.0
97,0.0,1.0,0.0,1.0,1.0,6,122.5159576672013,251.2941533924384,pobre,basal,6,500.0,499.0,1.0,29.0,7,366,2664,1,1.0
98,0.0,1.0,0.0,1.0,2.0,6,122.5159576672013,251.2941533924384,pobre,basal,6,500.0,499.0,1.0,29.0,8,366,2664,1,1.0
97,1.0,1.0,0.0,1.0,0.0,6,122.5159576672013,251.2941533924384,pobre,basal,6,500.0,499.0,1.0,29.0,6,366,2665,0,1.0
98,1.0,1.0,0.0,1.0,1.0,6,122.5159576672013,251.2941533924384,pobre,basal,6,500.0,499.0,1.0,29.0,7,366,2665,0,1.0
97,0.0,1.0,0.0,0.0,5.0,8,122.5159576672013,251.2941533924384,pobre,basal,2,500.0,581.0,1.0,35.0,15,366,2666,5,0.0
98,0.0,1.0,0.0,,,8,122.5159576672013,251.2941533924384,pobre,basal,2,500.0,581.0,1.0,35.0,16,366,2666,5,0.0
97,1.0,1.0,0.0,,0.0,8,122.5159576672013,251.2941533924384,pobre,basal,2,500.0,581.0,1.0,35.0,12,366,2667,0,
98,1.0,1.0,0.0,,,8,122.5159576672013,251.2941533924384,pobre,basal,2,500.0,581.0,1.0,35.0,13,366,2667,0,
97,1.0,1.0,0.0,1.0,5.0,8,122.5159576672013,251.2941533924384,pobre,basal,2,500.0,581.0,1.0,35.0,9,366,2668,5,1.0
98,1.0,1.0,0.0,0.0,6.0,8,122.5159576672013,251.2941533924384,pobre,basal,2,500.0,581.0,1.0,35.0,10,366,2668,5,1.0
97,1.0,1.0,0.0,1.0,4.0,8,122.5159576672013,251.2941533924384,pobre,basal,2,500.0,581.0,1.0,35.0,8,366,2669,4,1.0
98,1.0,1.0,0.0,1.0,5.0,8,122.5159576672013,251.2941533924384,pobre,basal,2,500.0,581.0,1.0,35.0,9,366,2669,4,1.0
97,0.0,1.0,0.0,0.0,6.0,9,122.5159576672013,251.2941533924384,pobre,basal,3,500.0,619.5,1.0,51.0,15,366,2670,6,0.0
98,0.0,1.0,0.0,,,9,122.5159576672013,251.2941533924384,pobre,basal,3,500.0,619.5,1.0,51.0,16,366,2670,6,0.0
97,1.0,1.0,0.0,1.0,7.0,9,122.5159576672013,251.2941533924384,pobre,basal,3,500.0,619.5,1.0,51.0,14,366,2671,7,1.0
98,1.0,1.0,0.0,1.0,8.0,9,122.5159576672013,251.2941533924384,pobre,basal,3,500.0,619.5,1.0,51.0,15,366,2671,7,1.0
97,1.0,1.0,0.0,1.0,4.0,9,122.5159576672013,251.2941533924384,pobre,basal,3,500.0,619.5,1.0,51.0,11,366,2672,4,1.0
98,1.0,1.0,0.0,1.0,5.0,9,122.5159576672013,251.2941533924384,pobre,basal,3,500.0,619.5,1.0,51.0,12,366,2672,4,1.0
97,0.0,1.0,0.0,1.0,3.0,9,122.5159576672013,251.2941533924384,pobre,basal,3,500.0,619.5,1.0,51.0,10,366,2673,3,1.0
98,0.0,1.0,0.0,1.0,4.0,9,122.5159576672013,251.2941533924384,pobre,basal,3,500.0,619.5,1.0,51.0,11,366,2673,3,1.0
97,1.0,1.0,0.0,1.0,7.0,11,122.5159576672013,251.2941533924384,pobre,basal,2,500.0,592.03998,1.0,44.0,15,366,2674,7,1.0
98,1.0,1.0,0.0,1.0,7.0,11,122.5159576672013,251.2941533924384,pobre,basal,2,500.0,592.03998,1.0,44.0,16,366,2674,7,1.0
97,1.0,1.0,0.0,1.0,6.0,11,122.5159576672013,251.2941533924384,pobre,basal,2,500.0,592.03998,1.0,44.0,13,366,2675,6,1.0
98,1.0,1.0,0.0,1.0,6.0,11,122.5159576672013,251.2941533924384,pobre,basal,2,500.0,592.03998,1.0,44.0,14,366,2675,6,1.0
97,0.0,1.0,0.0,1.0,4.0,11,122.5159576672013,251.2941533924384,pobre,basal,2,500.0,592.03998,1.0,44.0,11,366,2676,4,1.0
98,0.0,1.0,0.0,1.0,5.0,11,122.5159576672013,251.2941533924384,pobre,basal,2,500.0,592.03998,1.0,44.0,12,366,2676,4,1.0
97,0.0,1.0,0.0,1.0,2.0,11,122.5159576672013,251.2941533924384,pobre,basal,2,500.0,592.03998,1.0,44.0,8,366,2677,2,1.0
98,0.0,1.0,0.0,1.0,3.0,11,122.5159576672013,251.2941533924384,pobre,basal,2,500.0,592.03998,1.0,44.0,9,366,2677,2,1.0
97,1.0,1.0,0.0,1.0,0.0,11,122.5159576672013,251.2941533924384,pobre,basal,2,500.0,592.03998,1.0,44.0,6,366,2678,0,1.0
98,1.0,1.0,0.0,1.0,1.0,11,122.5159576672013,251.2941533924384,pobre,basal,2,500.0,592.03998,1.0,44.0,7,366,2678,0,1.0
97,0.0,0.0,0.0,1.0,4.0,4,122.5159576672013,251.2941533924384,pobre,basal,0,500.0,671.0,1.0,66.0,10,366,2679,4,1.0
98,0.0,0.0,0.0,1.0,5.0,4,122.5159576672013,251.2941533924384,pobre,basal,0,500.0,671.0,1.0,66.0,11,366,2679,4,1.0
97,0.0,1.0,0.0,1.0,4.0,5,122.5159576672013,251.2941533924384,pobre,basal,2,480.0,567.0,1.0,36.0,10,366,2680,4,1.0
98,0.0,1.0,0.0,1.0,5.0,5,122.5159576672013,251.2941533924384,pobre,basal,2,480.0,567.0,1.0,36.0,11,366,2680,4,1.0
97,1.0,1.0,0.0,1.0,2.0,5,122.5159576672013,251.2941533924384,pobre,basal,2,480.0,567.0,1.0,36.0,9,366,2681,2,1.0
98,1.0,1.0,0.0,1.0,3.0,5,122.5159576672013,251.2941533924384,pobre,basal,2,480.0,567.0,1.0,36.0,10,366,2681,2,1.0
97,0.0,0.0,0.0,1.0,1.0,6,122.5159576672013,251.2941533924384,pobre,basal,9,500.0,625.0,1.0,29.0,7,366,2682,1,1.0
98,0.0,0.0,0.0,1.0,2.0,6,122.5159576672013,251.2941533924384,pobre,basal,9,500.0,625.0,1.0,29.0,8,366,2682,1,1.0
97,1.0,1.0,0.0,1.0,7.0,3,122.5159576672013,251.2941533924384,pobre,basal,0,500.0,635.5,1.0,70.0,15,366,2683,7,1.0
98,1.0,1.0,0.0,0.0,7.0,3,122.5159576672013,251.2941533924384,pobre,basal,0,500.0,635.5,1.0,70.0,16,366,2683,7,1.0
97,0.0,0.0,0.0,0.0,6.0,12,122.5159576672013,251.2941533924384,pobre,basal,2,500.0,422.42999,1.0,43.0,16,366,2684,6,0.0
98,0.0,0.0,0.0,,,12,122.5159576672013,251.2941533924384,pobre,basal,2,500.0,422.42999,1.0,43.0,17,366,2684,6,0.0
97,1.0,0.0,0.0,1.0,5.0,12,122.5159576672013,251.2941533924384,pobre,basal,2,500.0,422.42999,1.0,43.0,14,366,2685,5,1.0
98,1.0,0.0,0.0,1.0,6.0,12,122.5159576672013,251.2941533924384,pobre,basal,2,500.0,422.42999,1.0,43.0,15,366,2685,5,1.0
97,0.0,0.0,0.0,1.0,3.0,12,122.5159576672013,251.2941533924384,pobre,basal,2,500.0,422.42999,1.0,43.0,12,366,2686,3,1.0
98,0.0,0.0,0.0,1.0,4.0,12,122.5159576672013,251.2941533924384,pobre,basal,2,500.0,422.42999,1.0,43.0,13,366,2686,3,1.0
97,1.0,0.0,0.0,1.0,4.0,12,122.5159576672013,251.2941533924384,pobre,basal,2,500.0,422.42999,1.0,43.0,10,366,2687,4,1.0
98,1.0,0.0,0.0,1.0,5.0,12,122.5159576672013,251.2941533924384,pobre,basal,2,500.0,422.42999,1.0,43.0,11,366,2687,4,1.0
97,0.0,0.0,0.0,1.0,2.0,12,122.5159576672013,251.2941533924384,pobre,basal,2,500.0,422.42999,1.0,43.0,8,366,2688,2,1.0
98,0.0,0.0,0.0,1.0,3.0,12,122.5159576672013,251.2941533924384,pobre,basal,2,500.0,422.42999,1.0,43.0,9,366,2688,2,1.0
97,0.0,0.0,0.0,1.0,1.0,12,122.5159576672013,251.2941533924384,pobre,basal,2,500.0,422.42999,1.0,43.0,7,366,2689,1,1.0
98,0.0,0.0,0.0,1.0,2.0,12,122.5159576672013,251.2941533924384,pobre,basal,2,500.0,422.42999,1.0,43.0,8,366,2689,1,1.0
97,0.0,0.0,1.409,1.0,3.0,7,133.9841350494101,259.9790229566363,pobre,basal,6,500.0,468.0,1.0,29.0,10,347,2690,3,1.0
98,0.0,0.0,1.409,1.0,4.0,7,133.9841350494101,259.9790229566363,pobre,basal,6,500.0,468.0,1.0,29.0,11,347,2690,3,1.0
97,0.0,0.0,1.409,1.0,1.0,7,133.9841350494101,259.9790229566363,pobre,basal,6,500.0,468.0,1.0,29.0,7,347,2691,1,1.0
98,0.0,0.0,1.409,1.0,2.0,7,133.9841350494101,259.9790229566363,pobre,basal,6,500.0,468.0,1.0,29.0,8,347,2691,1,1.0
97,1.0,1.0,1.409,1.0,4.0,6,133.9841350494101,259.9790229566363,pobre,basal,5,300.0,513.0,1.0,36.0,13,347,2692,4,1.0
98,1.0,1.0,1.409,1.0,5.0,6,133.9841350494101,259.9790229566363,pobre,basal,5,300.0,513.0,1.0,36.0,14,347,2692,4,1.0
97,0.0,1.0,1.409,1.0,3.0,6,133.9841350494101,259.9790229566363,pobre,basal,5,300.0,513.0,1.0,36.0,10,347,2693,3,1.0
98,0.0,1.0,1.409,1.0,4.0,6,133.9841350494101,259.9790229566363,pobre,basal,5,300.0,513.0,1.0,36.0,11,347,2693,3,1.0
97,0.0,1.0,1.409,1.0,0.0,6,133.9841350494101,259.9790229566363,pobre,basal,5,300.0,513.0,1.0,36.0,6,347,2694,0,1.0
98,0.0,1.0,1.409,1.0,1.0,6,133.9841350494101,259.9790229566363,pobre,basal,5,300.0,513.0,1.0,36.0,7,347,2694,0,1.0
97,1.0,1.0,1.409,1.0,4.0,3,133.9841350494101,259.9790229566363,pobre,basal,3,0.0,704.0,0.0,44.0,11,347,2695,4,1.0
98,1.0,1.0,1.409,1.0,5.0,3,133.9841350494101,259.9790229566363,pobre,basal,3,0.0,704.0,0.0,44.0,12,347,2695,4,1.0
97,0.0,1.0,1.409,0.0,6.0,7,133.9841350494101,259.9790229566363,pobre,basal,3,500.0,685.25,1.0,47.0,16,347,2696,6,0.0
98,0.0,1.0,1.409,,,7,133.9841350494101,259.9790229566363,pobre,basal,3,500.0,685.25,1.0,47.0,17,347,2696,6,0.0
97,0.0,1.0,1.409,1.0,7.0,7,133.9841350494101,259.9790229566363,pobre,basal,3,500.0,685.25,1.0,47.0,14,347,2697,7,1.0
98,0.0,1.0,1.409,1.0,8.0,7,133.9841350494101,259.9790229566363,pobre,basal,3,500.0,685.25,1.0,47.0,15,347,2697,7,1.0
97,0.0,1.0,1.409,1.0,2.0,7,133.9841350494101,259.9790229566363,pobre,basal,3,500.0,685.25,1.0,47.0,9,347,2698,2,1.0
98,0.0,1.0,1.409,1.0,3.0,7,133.9841350494101,259.9790229566363,pobre,basal,3,500.0,685.25,1.0,47.0,10,347,2698,2,1.0
97,0.0,1.0,1.409,0.0,6.0,10,133.9841350494101,259.9790229566363,pobre,basal,3,500.0,588.5,1.0,39.0,15,347,2699,6,0.0
98,0.0,1.0,1.409,0.0,6.0,10,133.9841350494101,259.9790229566363,pobre,basal,3,500.0,588.5,1.0,39.0,16,347,2699,6,0.0
97,0.0,1.0,1.409,1.0,5.0,10,133.9841350494101,259.9790229566363,pobre,basal,3,500.0,588.5,1.0,39.0,13,347,2700,5,1.0
98,0.0,1.0,1.409,0.0,6.0,10,133.9841350494101,259.9790229566363,pobre,basal,3,500.0,588.5,1.0,39.0,14,347,2700,5,1.0
97,0.0,1.0,1.409,1.0,3.0,10,133.9841350494101,259.9790229566363,pobre,basal,3,500.0,588.5,1.0,39.0,9,347,2701,3,1.0
98,0.0,1.0,1.409,1.0,4.0,10,133.9841350494101,259.9790229566363,pobre,basal,3,500.0,588.5,1.0,39.0,10,347,2701,3,1.0
97,1.0,1.0,1.409,1.0,1.0,10,133.9841350494101,259.9790229566363,pobre,basal,3,500.0,588.5,1.0,39.0,6,347,2702,1,1.0
98,1.0,1.0,1.409,1.0,2.0,10,133.9841350494101,259.9790229566363,pobre,basal,3,500.0,588.5,1.0,39.0,7,347,2702,1,1.0
97,0.0,1.0,1.409,0.0,6.0,5,133.9841350494101,259.9790229566363,pobre,basal,2,500.0,683.0,1.0,42.0,16,347,2703,6,0.0
98,0.0,1.0,1.409,,,5,133.9841350494101,259.9790229566363,pobre,basal,2,500.0,683.0,1.0,42.0,17,347,2703,6,0.0
97,0.0,1.0,1.409,0.0,6.0,5,133.9841350494101,259.9790229566363,pobre,basal,2,500.0,683.0,1.0,42.0,13,347,2704,6,0.0
98,0.0,1.0,1.409,0.0,6.0,5,133.9841350494101,259.9790229566363,pobre,basal,2,500.0,683.0,1.0,42.0,14,347,2704,6,0.0
97,0.0,1.0,1.409,1.0,8.0,6,133.9841350494101,259.9790229566363,pobre,basal,2,375.0,688.0,1.0,46.0,15,347,2705,8,1.0
98,0.0,1.0,1.409,,,6,133.9841350494101,259.9790229566363,pobre,basal,2,375.0,688.0,1.0,46.0,16,347,2705,8,1.0
97,1.0,1.0,1.409,1.0,7.0,6,133.9841350494101,259.9790229566363,pobre,basal,2,375.0,688.0,1.0,46.0,14,347,2706,7,1.0
98,1.0,1.0,1.409,1.0,8.0,6,133.9841350494101,259.9790229566363,pobre,basal,2,375.0,688.0,1.0,46.0,15,347,2706,7,1.0
97,0.0,1.0,1.409,0.0,9.0,6,133.9841350494101,259.9790229566363,pobre,basal,2,375.0,654.40002,1.0,49.0,15,347,2707,9,0.0
98,0.0,1.0,1.409,0.0,9.0,6,133.9841350494101,259.9790229566363,pobre,basal,2,375.0,654.40002,1.0,49.0,16,347,2707,9,0.0
97,0.0,1.0,1.409,,0.0,6,133.9841350494101,259.9790229566363,pobre,basal,6,333.33334,504.0,1.0,42.0,11,347,2708,0,
98,0.0,1.0,1.409,,,6,133.9841350494101,259.9790229566363,pobre,basal,6,333.33334,504.0,1.0,42.0,12,347,2708,0,
97,0.0,1.0,1.409,1.0,2.0,6,133.9841350494101,259.9790229566363,pobre,basal,6,333.33334,504.0,1.0,42.0,8,347,2709,2,1.0
98,0.0,1.0,1.409,,,6,133.9841350494101,259.9790229566363,pobre,basal,6,333.33334,504.0,1.0,42.0,9,347,2709,2,1.0
97,0.0,1.0,1.409,1.0,6.0,3,133.9841350494101,259.9790229566363,pobre,basal,4,41.666668,625.0,1.0,42.0,13,347,2710,6,1.0
98,0.0,1.0,1.409,0.0,6.0,3,133.9841350494101,259.9790229566363,pobre,basal,4,41.666668,625.0,1.0,42.0,14,347,2710,6,1.0
97,1.0,1.0,1.409,1.0,8.0,5,133.9841350494101,259.9790229566363,pobre,basal,3,41.666668,672.5,1.0,45.0,14,347,2711,8,1.0
98,1.0,1.0,1.409,0.0,9.0,5,133.9841350494101,259.9790229566363,pobre,basal,3,41.666668,672.5,1.0,45.0,15,347,2711,8,1.0
97,0.0,1.0,1.409,1.0,3.0,5,133.9841350494101,259.9790229566363,pobre,basal,3,41.666668,672.5,1.0,45.0,11,347,2712,3,1.0
98,0.0,1.0,1.409,1.0,3.0,5,133.9841350494101,259.9790229566363,pobre,basal,3,41.666668,672.5,1.0,45.0,12,347,2712,3,1.0
97,0.0,1.0,1.409,0.0,6.0,6,133.9841350494101,259.9790229566363,pobre,basal,0,320.0,556.20001,1.0,38.0,15,347,2713,6,0.0
98,0.0,1.0,1.409,,,6,133.9841350494101,259.9790229566363,pobre,basal,0,320.0,556.20001,1.0,38.0,16,347,2713,6,0.0
97,0.0,1.0,1.409,0.0,6.0,6,133.9841350494101,259.9790229566363,pobre,basal,0,320.0,556.20001,1.0,38.0,14,347,2714,6,0.0
98,0.0,1.0,1.409,0.0,6.0,6,133.9841350494101,259.9790229566363,pobre,basal,0,320.0,556.20001,1.0,38.0,15,347,2714,6,0.0
97,0.0,0.0,2.619,0.0,6.0,5,136.56341742645,255.3802119671766,pobre,basal,8,375.0,773.5,1.0,58.0,16,365,2715,6,0.0
98,0.0,0.0,2.619,,,5,136.56341742645,255.3802119671766,pobre,basal,8,375.0,773.5,1.0,58.0,17,365,2715,6,0.0
97,1.0,0.0,2.619,0.0,6.0,5,136.56341742645,255.3802119671766,pobre,basal,8,375.0,773.5,1.0,58.0,15,365,2716,6,0.0
98,1.0,0.0,2.619,1.0,7.0,5,136.56341742645,255.3802119671766,pobre,basal,8,375.0,773.5,1.0,58.0,16,365,2716,6,0.0
97,0.0,0.0,2.619,1.0,4.0,5,136.56341742645,255.3802119671766,pobre,basal,8,375.0,773.5,1.0,58.0,12,365,2717,4,1.0
98,0.0,0.0,2.619,1.0,5.0,5,136.56341742645,255.3802119671766,pobre,basal,8,375.0,773.5,1.0,58.0,13,365,2717,4,1.0
97,0.0,0.0,2.619,1.0,1.0,3,136.56341742645,255.3802119671766,pobre,basal,3,500.0,733.0,1.0,47.0,8,365,2718,1,1.0
98,0.0,0.0,2.619,1.0,2.0,3,136.56341742645,255.3802119671766,pobre,basal,3,500.0,733.0,1.0,47.0,9,365,2718,1,1.0
97,0.0,0.0,2.619,1.0,6.0,6,136.56341742645,255.3802119671766,no pobre,basal,3,500.0,834.0,1.0,42.0,15,365,2719,6,1.0
98,0.0,0.0,2.619,0.0,6.0,6,136.56341742645,255.3802119671766,no pobre,basal,3,500.0,834.0,1.0,42.0,16,365,2719,6,1.0
97,1.0,0.0,2.619,1.0,6.0,6,136.56341742645,255.3802119671766,no pobre,basal,3,500.0,834.0,1.0,42.0,12,365,2720,6,1.0
98,1.0,0.0,2.619,1.0,7.0,6,136.56341742645,255.3802119671766,no pobre,basal,3,500.0,834.0,1.0,42.0,13,365,2720,6,1.0
97,0.0,0.0,2.619,1.0,8.0,6,136.56341742645,255.3802119671766,no pobre,basal,3,340.0,827.0,1.0,42.0,14,365,2721,8,1.0
98,0.0,0.0,2.619,0.0,9.0,6,136.56341742645,255.3802119671766,no pobre,basal,3,340.0,827.0,1.0,42.0,15,365,2721,8,1.0
97,1.0,0.0,2.619,1.0,6.0,6,136.56341742645,255.3802119671766,no pobre,basal,3,340.0,827.0,1.0,42.0,12,365,2722,6,1.0
98,1.0,0.0,2.619,1.0,7.0,6,136.56341742645,255.3802119671766,no pobre,basal,3,340.0,827.0,1.0,42.0,13,365,2722,6,1.0
97,1.0,0.0,2.619,1.0,3.0,6,136.56341742645,255.3802119671766,no pobre,basal,3,340.0,827.0,1.0,42.0,10,365,2723,3,1.0
98,1.0,0.0,2.619,1.0,4.0,6,136.56341742645,255.3802119671766,no pobre,basal,3,340.0,827.0,1.0,42.0,11,365,2723,3,1.0
97,1.0,0.0,2.619,1.0,0.0,6,136.56341742645,255.3802119671766,pobre,basal,2,0.0,587.0,1.0,64.0,6,365,2724,0,1.0
98,1.0,0.0,2.619,1.0,1.0,6,136.56341742645,255.3802119671766,pobre,basal,2,0.0,587.0,1.0,64.0,7,365,2724,0,1.0
97,1.0,0.0,2.619,1.0,5.0,6,136.56341742645,255.3802119671766,no pobre,basal,3,750.0,862.0,1.0,53.0,13,365,2725,5,1.0
98,1.0,0.0,2.619,1.0,6.0,6,136.56341742645,255.3802119671766,no pobre,basal,3,750.0,862.0,1.0,53.0,14,365,2725,5,1.0
97,1.0,1.0,2.619,1.0,2.0,4,136.56341742645,255.3802119671766,no pobre,basal,0,500.0,820.0,1.0,53.0,8,365,2726,2,1.0
98,1.0,1.0,2.619,1.0,3.0,4,136.56341742645,255.3802119671766,no pobre,basal,0,500.0,820.0,1.0,53.0,9,365,2726,2,1.0
97,0.0,0.0,2.619,1.0,2.0,9,136.56341742645,255.3802119671766,pobre,basal,6,500.0,724.0,1.0,29.0,8,365,2727,2,1.0
98,0.0,0.0,2.619,1.0,3.0,9,136.56341742645,255.3802119671766,pobre,basal,6,500.0,724.0,1.0,29.0,9,365,2727,2,1.0
97,1.0,0.0,2.619,1.0,1.0,9,136.56341742645,255.3802119671766,pobre,basal,6,500.0,724.0,1.0,29.0,7,365,2728,1,1.0
98,1.0,0.0,2.619,1.0,2.0,9,136.56341742645,255.3802119671766,pobre,basal,6,500.0,724.0,1.0,29.0,8,365,2728,1,1.0
97,1.0,0.0,2.619,1.0,0.0,5,136.56341742645,255.3802119671766,pobre,basal,3,400.0,752.0,1.0,34.0,6,365,2729,0,1.0
98,1.0,0.0,2.619,1.0,1.0,5,136.56341742645,255.3802119671766,pobre,basal,3,400.0,752.0,1.0,34.0,7,365,2729,0,1.0
97,1.0,0.0,2.619,1.0,2.0,6,136.56341742645,255.3802119671766,pobre,basal,3,600.0,617.0,1.0,32.0,8,365,2730,2,1.0
98,1.0,0.0,2.619,1.0,3.0,6,136.56341742645,255.3802119671766,pobre,basal,3,600.0,617.0,1.0,32.0,9,365,2730,2,1.0
97,1.0,0.0,2.619,1.0,0.0,6,136.56341742645,255.3802119671766,pobre,basal,3,600.0,617.0,1.0,32.0,6,365,2731,0,1.0
98,1.0,0.0,2.619,1.0,1.0,6,136.56341742645,255.3802119671766,pobre,basal,3,600.0,617.0,1.0,32.0,7,365,2731,0,1.0
97,0.0,0.0,2.619,1.0,2.0,6,136.56341742645,255.3802119671766,pobre,basal,8,720.0,669.0,1.0,35.0,8,365,2732,2,1.0
98,0.0,0.0,2.619,,,6,136.56341742645,255.3802119671766,pobre,basal,8,720.0,669.0,1.0,35.0,9,365,2732,2,1.0
97,1.0,0.0,2.619,1.0,0.0,6,136.56341742645,255.3802119671766,pobre,basal,8,720.0,669.0,1.0,35.0,6,365,2733,0,1.0
98,1.0,0.0,2.619,,,6,136.56341742645,255.3802119671766,pobre,basal,8,720.0,669.0,1.0,35.0,7,365,2733,0,1.0
97,1.0,0.0,2.619,0.0,3.0,3,136.56341742645,255.3802119671766,no pobre,basal,0,500.0,866.0,0.0,57.0,16,365,2734,3,0.0
98,1.0,0.0,2.619,,,3,136.56341742645,255.3802119671766,no pobre,basal,0,500.0,866.0,0.0,57.0,17,365,2734,3,0.0
97,0.0,0.0,2.619,0.0,7.0,11,136.56341742645,255.3802119671766,pobre,basal,3,600.0,486.0,1.0,37.0,13,365,2735,7,0.0
98,0.0,0.0,2.619,1.0,7.0,11,136.56341742645,255.3802119671766,pobre,basal,3,600.0,486.0,1.0,37.0,14,365,2735,7,0.0
97,0.0,0.0,2.619,1.0,6.0,11,136.56341742645,255.3802119671766,pobre,basal,3,600.0,486.0,1.0,37.0,12,365,2736,6,1.0
98,0.0,0.0,2.619,1.0,7.0,11,136.56341742645,255.3802119671766,pobre,basal,3,600.0,486.0,1.0,37.0,13,365,2736,6,1.0
97,0.0,0.0,2.619,1.0,4.0,11,136.56341742645,255.3802119671766,pobre,basal,3,600.0,486.0,1.0,37.0,10,365,2737,4,1.0
98,0.0,0.0,2.619,1.0,5.0,11,136.56341742645,255.3802119671766,pobre,basal,3,600.0,486.0,1.0,37.0,11,365,2737,4,1.0
97,0.0,0.0,2.619,1.0,2.0,11,136.56341742645,255.3802119671766,pobre,basal,3,600.0,486.0,1.0,37.0,8,365,2738,2,1.0
98,0.0,0.0,2.619,1.0,3.0,11,136.56341742645,255.3802119671766,pobre,basal,3,600.0,486.0,1.0,37.0,9,365,2738,2,1.0
97,1.0,0.0,2.619,1.0,0.0,11,136.56341742645,255.3802119671766,pobre,basal,3,600.0,486.0,1.0,37.0,6,365,2739,0,1.0
98,1.0,0.0,2.619,1.0,1.0,11,136.56341742645,255.3802119671766,pobre,basal,3,600.0,486.0,1.0,37.0,7,365,2739,0,1.0
97,1.0,0.0,2.619,1.0,5.0,5,136.56341742645,255.3802119671766,pobre,basal,6,280.0,735.0,1.0,37.0,15,365,2740,5,1.0
98,1.0,0.0,2.619,0.0,5.0,5,136.56341742645,255.3802119671766,pobre,basal,6,280.0,735.0,1.0,37.0,16,365,2740,5,1.0
97,0.0,0.0,2.619,0.0,6.0,4,136.56341742645,255.3802119671766,pobre,basal,0,125.0,716.0,1.0,51.0,12,365,2741,6,0.0
98,0.0,0.0,2.619,1.0,6.0,4,136.56341742645,255.3802119671766,pobre,basal,0,125.0,716.0,1.0,51.0,13,365,2741,6,0.0
97,1.0,0.0,2.619,1.0,3.0,4,136.56341742645,255.3802119671766,pobre,basal,0,125.0,716.0,1.0,51.0,9,365,2742,3,1.0
98,1.0,0.0,2.619,1.0,4.0,4,136.56341742645,255.3802119671766,pobre,basal,0,125.0,716.0,1.0,51.0,10,365,2742,3,1.0
97,1.0,1.0,2.619,1.0,3.0,6,136.56341742645,255.3802119671766,pobre,basal,3,375.0,765.0,1.0,59.0,9,365,2743,3,1.0
98,1.0,1.0,2.619,1.0,4.0,6,136.56341742645,255.3802119671766,pobre,basal,3,375.0,765.0,1.0,59.0,10,365,2743,3,1.0
97,0.0,1.0,2.619,1.0,0.0,6,136.56341742645,255.3802119671766,pobre,basal,3,375.0,765.0,1.0,59.0,6,365,2744,0,1.0
98,0.0,1.0,2.619,1.0,1.0,6,136.56341742645,255.3802119671766,pobre,basal,3,375.0,765.0,1.0,59.0,7,365,2744,0,1.0
97,0.0,0.0,2.619,0.0,5.0,12,136.56341742645,255.3802119671766,no pobre,basal,3,375.0,756.0,1.0,66.0,16,365,2745,5,0.0
98,0.0,0.0,2.619,,,12,136.56341742645,255.3802119671766,no pobre,basal,3,375.0,756.0,1.0,66.0,17,365,2745,5,0.0
97,0.0,0.0,2.619,0.0,4.0,12,136.56341742645,255.3802119671766,no pobre,basal,3,375.0,756.0,1.0,66.0,14,365,2746,4,0.0
98,0.0,0.0,2.619,0.0,5.0,12,136.56341742645,255.3802119671766,no pobre,basal,3,375.0,756.0,1.0,66.0,15,365,2746,4,0.0
97,1.0,0.0,2.619,1.0,4.0,12,136.56341742645,255.3802119671766,no pobre,basal,3,375.0,756.0,1.0,66.0,12,365,2747,4,1.0
98,1.0,0.0,2.619,1.0,5.0,12,136.56341742645,255.3802119671766,no pobre,basal,3,375.0,756.0,1.0,66.0,13,365,2747,4,1.0
97,0.0,0.0,2.619,1.0,3.0,12,136.56341742645,255.3802119671766,no pobre,basal,3,375.0,756.0,1.0,66.0,11,365,2748,3,1.0
98,0.0,0.0,2.619,1.0,4.0,12,136.56341742645,255.3802119671766,no pobre,basal,3,375.0,756.0,1.0,66.0,12,365,2748,3,1.0
97,0.0,0.0,2.619,1.0,2.0,12,136.56341742645,255.3802119671766,no pobre,basal,3,375.0,756.0,1.0,66.0,9,365,2749,2,1.0
98,0.0,0.0,2.619,1.0,3.0,12,136.56341742645,255.3802119671766,no pobre,basal,3,375.0,756.0,1.0,66.0,10,365,2749,2,1.0
97,1.0,0.0,2.619,1.0,0.0,12,136.56341742645,255.3802119671766,no pobre,basal,3,375.0,756.0,1.0,66.0,6,365,2750,0,1.0
98,1.0,0.0,2.619,1.0,0.0,12,136.56341742645,255.3802119671766,no pobre,basal,3,375.0,756.0,1.0,66.0,7,365,2750,0,1.0
97,0.0,0.0,2.619,1.0,0.0,12,136.56341742645,255.3802119671766,no pobre,basal,3,375.0,756.0,1.0,66.0,6,365,2751,0,1.0
98,0.0,0.0,2.619,1.0,0.0,12,136.56341742645,255.3802119671766,no pobre,basal,3,375.0,756.0,1.0,66.0,7,365,2751,0,1.0
97,1.0,0.0,2.619,1.0,5.0,4,136.56341742645,255.3802119671766,no pobre,basal,4,0.0,786.0,0.0,48.0,16,365,2752,5,1.0
98,1.0,0.0,2.619,,,4,136.56341742645,255.3802119671766,no pobre,basal,4,0.0,786.0,0.0,48.0,17,365,2752,5,1.0
97,1.0,0.0,2.619,1.0,0.0,6,136.56341742645,255.3802119671766,pobre,basal,6,375.0,649.0,1.0,31.0,6,365,2753,0,1.0
98,1.0,0.0,2.619,1.0,1.0,6,136.56341742645,255.3802119671766,pobre,basal,6,375.0,649.0,1.0,31.0,7,365,2753,0,1.0
97,1.0,0.0,2.619,0.0,9.0,5,136.56341742645,255.3802119671766,no pobre,basal,0,0.0,791.0,1.0,54.0,16,365,2754,9,0.0
98,1.0,0.0,2.619,,,5,136.56341742645,255.3802119671766,no pobre,basal,0,0.0,791.0,1.0,54.0,17,365,2754,9,0.0
97,1.0,0.0,2.8929999,1.0,1.0,6,148.9248462887576,148.9248462887576,pobre,basal,6,500.0,636.0,1.0,33.0,8,303,2755,1,1.0
98,1.0,0.0,2.8929999,1.0,1.0,6,148.9248462887576,148.9248462887576,pobre,basal,6,500.0,636.0,1.0,33.0,9,303,2755,1,1.0
97,0.0,0.0,2.8929999,1.0,3.0,6,148.9248462887576,148.9248462887576,no pobre,basal,2,1400.0,812.0,1.0,48.0,12,303,2756,3,1.0
98,0.0,0.0,2.8929999,1.0,4.0,6,148.9248462887576,148.9248462887576,no pobre,basal,2,1400.0,812.0,1.0,48.0,13,303,2756,3,1.0
97,1.0,0.0,2.8929999,1.0,2.0,6,148.9248462887576,148.9248462887576,no pobre,basal,2,1400.0,812.0,1.0,48.0,8,303,2757,2,1.0
98,1.0,0.0,2.8929999,1.0,3.0,6,148.9248462887576,148.9248462887576,no pobre,basal,2,1400.0,812.0,1.0,48.0,9,303,2757,2,1.0
97,0.0,0.0,2.8929999,1.0,3.0,3,148.9248462887576,148.9248462887576,pobre,basal,4,625.0,786.0,1.0,45.0,11,303,2758,3,1.0
98,0.0,0.0,2.8929999,1.0,3.0,3,148.9248462887576,148.9248462887576,pobre,basal,4,625.0,786.0,1.0,45.0,12,303,2758,3,1.0
97,1.0,0.0,3.5940001,0.0,6.0,3,56.06418404144591,56.06418404144591,pobre,basal,3,0.0,693.5,1.0,66.0,15,313,2759,6,0.0
98,1.0,0.0,3.5940001,0.0,6.0,3,56.06418404144591,56.06418404144591,pobre,basal,3,0.0,693.5,1.0,66.0,16,313,2759,6,0.0
97,0.0,0.0,3.5940001,0.0,6.0,9,56.06418404144591,56.06418404144591,pobre,basal,0,0.0,570.0,1.0,55.0,14,313,2760,6,0.0
98,0.0,0.0,3.5940001,0.0,6.0,9,56.06418404144591,56.06418404144591,pobre,basal,0,0.0,570.0,1.0,55.0,15,313,2760,6,0.0
97,1.0,0.0,3.5940001,1.0,5.0,9,56.06418404144591,56.06418404144591,pobre,basal,0,0.0,570.0,1.0,55.0,12,313,2761,5,1.0
98,1.0,0.0,3.5940001,1.0,5.0,9,56.06418404144591,56.06418404144591,pobre,basal,0,0.0,570.0,1.0,55.0,13,313,2761,5,1.0
97,1.0,0.0,3.5940001,1.0,2.0,9,56.06418404144591,56.06418404144591,pobre,basal,0,0.0,570.0,1.0,55.0,8,313,2762,2,1.0
98,1.0,0.0,3.5940001,1.0,2.0,9,56.06418404144591,56.06418404144591,pobre,basal,0,0.0,570.0,1.0,55.0,9,313,2762,2,1.0
97,0.0,0.0,3.5940001,0.0,6.0,8,56.06418404144591,56.06418404144591,pobre,basal,0,0.0,603.0,1.0,55.0,14,313,2763,6,0.0
98,0.0,0.0,3.5940001,0.0,6.0,8,56.06418404144591,56.06418404144591,pobre,basal,0,0.0,603.0,1.0,55.0,15,313,2763,6,0.0
97,0.0,0.0,3.5940001,1.0,5.0,8,56.06418404144591,56.06418404144591,pobre,basal,0,0.0,603.0,1.0,55.0,12,313,2764,5,1.0
98,0.0,0.0,3.5940001,1.0,5.0,8,56.06418404144591,56.06418404144591,pobre,basal,0,0.0,603.0,1.0,55.0,13,313,2764,5,1.0
97,1.0,0.0,3.5940001,1.0,4.0,8,56.06418404144591,56.06418404144591,pobre,basal,0,0.0,603.0,1.0,55.0,10,313,2765,4,1.0
98,1.0,0.0,3.5940001,1.0,4.0,8,56.06418404144591,56.06418404144591,pobre,basal,0,0.0,603.0,1.0,55.0,11,313,2765,4,1.0
97,1.0,0.0,3.76,1.0,3.0,4,153.6393818242109,179.6701862219755,no pobre,basal,3,750.0,995.0,1.0,46.0,9,362,2766,3,1.0
98,1.0,0.0,3.76,1.0,4.0,4,153.6393818242109,179.6701862219755,no pobre,basal,3,750.0,995.0,1.0,46.0,10,362,2766,3,1.0
97,1.0,0.0,3.76,1.0,0.0,4,153.6393818242109,179.6701862219755,no pobre,basal,3,750.0,995.0,1.0,46.0,6,362,2767,0,1.0
98,1.0,0.0,3.76,1.0,1.0,4,153.6393818242109,179.6701862219755,no pobre,basal,3,750.0,995.0,1.0,46.0,7,362,2767,0,1.0
97,0.0,0.0,3.76,1.0,3.0,6,153.6393818242109,179.6701862219755,no pobre,basal,3,750.0,1026.0,1.0,52.0,11,362,2768,3,1.0
98,0.0,0.0,3.76,1.0,3.0,6,153.6393818242109,179.6701862219755,no pobre,basal,3,750.0,1026.0,1.0,52.0,12,362,2768,3,1.0
97,1.0,0.0,3.76,1.0,0.0,6,153.6393818242109,179.6701862219755,no pobre,basal,3,750.0,1026.0,1.0,52.0,6,362,2769,0,1.0
98,1.0,0.0,3.76,1.0,1.0,6,153.6393818242109,179.6701862219755,no pobre,basal,3,750.0,1026.0,1.0,52.0,7,362,2769,0,1.0
97,1.0,0.0,3.76,1.0,8.0,3,153.6393818242109,179.6701862219755,no pobre,basal,3,750.0,1131.0,1.0,47.0,16,362,2770,8,1.0
98,1.0,0.0,3.76,,,3,153.6393818242109,179.6701862219755,no pobre,basal,3,750.0,1131.0,1.0,47.0,17,362,2770,8,1.0
97,0.0,0.0,3.76,1.0,8.0,5,153.6393818242109,179.6701862219755,no pobre,basal,3,750.0,1068.0,1.0,67.0,14,362,2771,8,1.0
98,0.0,0.0,3.76,0.0,9.0,5,153.6393818242109,179.6701862219755,no pobre,basal,3,750.0,1068.0,1.0,67.0,15,362,2771,8,1.0
97,0.0,0.0,3.76,1.0,6.0,8,153.6393818242109,179.6701862219755,pobre,basal,13,750.0,552.0,1.0,36.0,12,362,2772,6,1.0
98,0.0,0.0,3.76,1.0,7.0,8,153.6393818242109,179.6701862219755,pobre,basal,13,750.0,552.0,1.0,36.0,13,362,2772,6,1.0
97,0.0,0.0,3.76,1.0,4.0,8,153.6393818242109,179.6701862219755,pobre,basal,13,750.0,552.0,1.0,36.0,11,362,2773,4,1.0
98,0.0,0.0,3.76,1.0,5.0,8,153.6393818242109,179.6701862219755,pobre,basal,13,750.0,552.0,1.0,36.0,12,362,2773,4,1.0
97,1.0,0.0,3.76,1.0,2.0,8,153.6393818242109,179.6701862219755,pobre,basal,13,750.0,552.0,1.0,36.0,9,362,2774,2,1.0
98,1.0,0.0,3.76,1.0,3.0,8,153.6393818242109,179.6701862219755,pobre,basal,13,750.0,552.0,1.0,36.0,10,362,2774,2,1.0
97,0.0,0.0,3.76,1.0,0.0,8,153.6393818242109,179.6701862219755,pobre,basal,13,750.0,552.0,1.0,36.0,6,362,2775,0,1.0
98,0.0,0.0,3.76,1.0,1.0,8,153.6393818242109,179.6701862219755,pobre,basal,13,750.0,552.0,1.0,36.0,7,362,2775,0,1.0
97,0.0,0.0,3.76,0.0,6.0,8,153.6393818242109,179.6701862219755,pobre,basal,1,0.0,805.0,0.0,51.0,13,362,2776,6,0.0
98,0.0,0.0,3.76,0.0,6.0,8,153.6393818242109,179.6701862219755,pobre,basal,1,0.0,805.0,0.0,51.0,14,362,2776,6,0.0
97,1.0,0.0,3.76,1.0,2.0,8,153.6393818242109,179.6701862219755,pobre,basal,1,0.0,805.0,0.0,51.0,12,362,2777,2,1.0
98,1.0,0.0,3.76,1.0,7.0,8,153.6393818242109,179.6701862219755,pobre,basal,1,0.0,805.0,0.0,51.0,13,362,2777,2,1.0
97,0.0,0.0,3.76,1.0,3.0,8,153.6393818242109,179.6701862219755,pobre,basal,1,0.0,805.0,0.0,51.0,11,362,2778,3,1.0
98,0.0,0.0,3.76,1.0,4.0,8,153.6393818242109,179.6701862219755,pobre,basal,1,0.0,805.0,0.0,51.0,12,362,2778,3,1.0
97,0.0,0.0,3.76,0.0,3.0,6,153.6393818242109,179.6701862219755,pobre,basal,3,625.0,764.0,1.0,42.0,16,362,2779,3,0.0
98,0.0,0.0,3.76,,,6,153.6393818242109,179.6701862219755,pobre,basal,3,625.0,764.0,1.0,42.0,17,362,2779,3,0.0
97,1.0,0.0,3.76,0.0,6.0,6,153.6393818242109,179.6701862219755,pobre,basal,3,625.0,764.0,1.0,42.0,15,362,2780,6,0.0
98,1.0,0.0,3.76,0.0,6.0,6,153.6393818242109,179.6701862219755,pobre,basal,3,625.0,764.0,1.0,42.0,16,362,2780,6,0.0
97,1.0,0.0,3.76,1.0,5.0,6,153.6393818242109,179.6701862219755,pobre,basal,3,625.0,764.0,1.0,42.0,11,362,2781,5,1.0
98,1.0,0.0,3.76,1.0,6.0,6,153.6393818242109,179.6701862219755,pobre,basal,3,625.0,764.0,1.0,42.0,12,362,2781,5,1.0
97,0.0,0.0,3.76,1.0,1.0,6,153.6393818242109,179.6701862219755,pobre,basal,3,625.0,764.0,1.0,42.0,7,362,2782,1,1.0
98,0.0,0.0,3.76,1.0,2.0,6,153.6393818242109,179.6701862219755,pobre,basal,3,625.0,764.0,1.0,42.0,8,362,2782,1,1.0
97,0.0,0.0,3.76,1.0,7.0,10,153.6393818242109,179.6701862219755,pobre,basal,6,2000.0,934.0,0.0,65.0,16,362,2783,7,1.0
98,0.0,0.0,3.76,,,10,153.6393818242109,179.6701862219755,pobre,basal,6,2000.0,934.0,0.0,65.0,17,362,2783,7,1.0
97,1.0,0.0,3.76,1.0,4.0,10,153.6393818242109,179.6701862219755,pobre,basal,6,2000.0,934.0,0.0,65.0,10,362,2784,4,1.0
98,1.0,0.0,3.76,1.0,5.0,10,153.6393818242109,179.6701862219755,pobre,basal,6,2000.0,934.0,0.0,65.0,11,362,2784,4,1.0
97,0.0,0.0,3.76,1.0,3.0,10,153.6393818242109,179.6701862219755,pobre,basal,6,2000.0,934.0,0.0,65.0,10,362,2785,3,1.0
98,0.0,0.0,3.76,1.0,4.0,10,153.6393818242109,179.6701862219755,pobre,basal,6,2000.0,934.0,0.0,65.0,11,362,2785,3,1.0
97,1.0,0.0,3.76,1.0,2.0,10,153.6393818242109,179.6701862219755,pobre,basal,6,2000.0,934.0,0.0,65.0,9,362,2786,2,1.0
98,1.0,0.0,3.76,1.0,3.0,10,153.6393818242109,179.6701862219755,pobre,basal,6,2000.0,934.0,0.0,65.0,10,362,2786,2,1.0
97,1.0,0.0,3.76,1.0,6.0,10,153.6393818242109,179.6701862219755,pobre,basal,3,720.0,543.0,1.0,41.0,15,362,2787,6,1.0
98,1.0,0.0,3.76,0.0,9.0,10,153.6393818242109,179.6701862219755,pobre,basal,3,720.0,543.0,1.0,41.0,16,362,2787,6,1.0
97,0.0,0.0,3.76,1.0,6.0,10,153.6393818242109,179.6701862219755,pobre,basal,3,720.0,543.0,1.0,41.0,12,362,2788,6,1.0
98,0.0,0.0,3.76,0.0,6.0,10,153.6393818242109,179.6701862219755,pobre,basal,3,720.0,543.0,1.0,41.0,13,362,2788,6,1.0
97,1.0,0.0,3.76,1.0,3.0,10,153.6393818242109,179.6701862219755,pobre,basal,3,720.0,543.0,1.0,41.0,8,362,2789,3,1.0
98,1.0,0.0,3.76,1.0,3.0,10,153.6393818242109,179.6701862219755,pobre,basal,3,720.0,543.0,1.0,41.0,9,362,2789,3,1.0
97,1.0,0.0,3.76,1.0,3.0,10,153.6393818242109,179.6701862219755,pobre,basal,3,720.0,543.0,1.0,41.0,7,362,2790,3,1.0
98,1.0,0.0,3.76,1.0,2.0,10,153.6393818242109,179.6701862219755,pobre,basal,3,720.0,543.0,1.0,41.0,8,362,2790,3,1.0
97,0.0,0.0,3.76,1.0,0.0,10,153.6393818242109,179.6701862219755,pobre,basal,3,720.0,543.0,1.0,41.0,6,362,2791,0,1.0
98,0.0,0.0,3.76,1.0,1.0,10,153.6393818242109,179.6701862219755,pobre,basal,3,720.0,543.0,1.0,41.0,7,362,2791,0,1.0
97,0.0,0.0,3.76,0.0,4.0,8,153.6393818242109,179.6701862219755,pobre,basal,0,750.0,691.0,0.0,33.0,14,362,2792,4,0.0
98,0.0,0.0,3.76,0.0,6.0,8,153.6393818242109,179.6701862219755,pobre,basal,0,750.0,691.0,0.0,33.0,15,362,2792,4,0.0
97,0.0,0.0,3.76,1.0,3.0,8,153.6393818242109,179.6701862219755,pobre,basal,0,750.0,691.0,0.0,33.0,11,362,2793,3,1.0
98,0.0,0.0,3.76,0.0,6.0,8,153.6393818242109,179.6701862219755,pobre,basal,0,750.0,691.0,0.0,33.0,12,362,2793,3,1.0
97,1.0,0.0,3.76,1.0,1.0,8,153.6393818242109,179.6701862219755,pobre,basal,0,750.0,691.0,0.0,33.0,9,362,2794,1,1.0
98,1.0,0.0,3.76,,,8,153.6393818242109,179.6701862219755,pobre,basal,0,750.0,691.0,0.0,33.0,10,362,2794,1,1.0
97,1.0,0.0,3.76,1.0,0.0,8,153.6393818242109,179.6701862219755,pobre,basal,0,750.0,691.0,0.0,33.0,6,362,2795,0,1.0
98,1.0,0.0,3.76,1.0,2.0,8,153.6393818242109,179.6701862219755,pobre,basal,0,750.0,691.0,0.0,33.0,7,362,2795,0,1.0
97,1.0,0.0,3.76,,0.0,6,153.6393818242109,179.6701862219755,pobre,basal,0,750.0,643.0,0.0,60.0,16,362,2796,0,
98,1.0,0.0,3.76,,,6,153.6393818242109,179.6701862219755,pobre,basal,0,750.0,643.0,0.0,60.0,17,362,2796,0,
97,1.0,0.0,3.76,0.0,6.0,4,153.6393818242109,179.6701862219755,pobre,basal,3,750.0,700.0,1.0,58.0,14,362,2797,6,0.0
98,1.0,0.0,3.76,0.0,6.0,4,153.6393818242109,179.6701862219755,pobre,basal,3,750.0,700.0,1.0,58.0,15,362,2797,6,0.0
97,0.0,0.0,3.76,1.0,4.0,4,153.6393818242109,179.6701862219755,pobre,basal,3,750.0,700.0,1.0,58.0,10,362,2798,4,1.0
98,0.0,0.0,3.76,1.0,5.0,4,153.6393818242109,179.6701862219755,pobre,basal,3,750.0,700.0,1.0,58.0,11,362,2798,4,1.0
97,0.0,0.0,3.76,0.0,9.0,8,153.6393818242109,179.6701862219755,no pobre,basal,4,3750.0,994.0,1.0,40.0,15,362,2799,9,0.0
98,0.0,0.0,3.76,0.0,9.0,8,153.6393818242109,179.6701862219755,no pobre,basal,4,3750.0,994.0,1.0,40.0,16,362,2799,9,0.0
97,1.0,0.0,3.76,1.0,7.0,8,153.6393818242109,179.6701862219755,no pobre,basal,4,3750.0,994.0,1.0,40.0,13,362,2800,7,1.0
98,1.0,0.0,3.76,1.0,8.0,8,153.6393818242109,179.6701862219755,no pobre,basal,4,3750.0,994.0,1.0,40.0,14,362,2800,7,1.0
97,1.0,0.0,3.76,1.0,5.0,8,153.6393818242109,179.6701862219755,no pobre,basal,4,3750.0,994.0,1.0,40.0,11,362,2801,5,1.0
98,1.0,0.0,3.76,1.0,6.0,8,153.6393818242109,179.6701862219755,no pobre,basal,4,3750.0,994.0,1.0,40.0,12,362,2801,5,1.0
97,0.0,0.0,3.76,0.0,7.0,8,153.6393818242109,179.6701862219755,no pobre,basal,4,3750.0,994.0,1.0,40.0,16,362,2802,7,0.0
98,0.0,0.0,3.76,,,8,153.6393818242109,179.6701862219755,no pobre,basal,4,3750.0,994.0,1.0,40.0,17,362,2802,7,0.0
97,0.0,0.0,3.76,1.0,7.0,7,153.6393818242109,179.6701862219755,pobre,basal,4,750.0,778.0,1.0,40.0,13,362,2803,7,1.0
98,0.0,0.0,3.76,1.0,8.0,7,153.6393818242109,179.6701862219755,pobre,basal,4,750.0,778.0,1.0,40.0,14,362,2803,7,1.0
97,0.0,0.0,3.76,1.0,1.0,7,153.6393818242109,179.6701862219755,pobre,basal,4,750.0,778.0,1.0,40.0,6,362,2804,1,1.0
98,0.0,0.0,3.76,1.0,2.0,7,153.6393818242109,179.6701862219755,pobre,basal,4,750.0,778.0,1.0,40.0,7,362,2804,1,1.0
97,1.0,0.0,2.8929999,1.0,7.0,7,148.9248462887576,148.9248462887576,no pobre,basal,3,0.0,868.0,1.0,69.0,14,303,2805,7,1.0
98,1.0,0.0,2.8929999,1.0,8.0,7,148.9248462887576,148.9248462887576,no pobre,basal,3,0.0,868.0,1.0,69.0,15,303,2805,7,1.0
97,1.0,0.0,2.8929999,1.0,8.0,7,148.9248462887576,148.9248462887576,no pobre,basal,3,0.0,868.0,1.0,69.0,14,303,2806,8,1.0
98,1.0,0.0,2.8929999,0.0,9.0,7,148.9248462887576,148.9248462887576,no pobre,basal,3,0.0,868.0,1.0,69.0,15,303,2806,8,1.0
97,1.0,0.0,2.8929999,1.0,3.0,7,148.9248462887576,148.9248462887576,no pobre,basal,3,0.0,868.0,1.0,69.0,9,303,2807,3,1.0
98,1.0,0.0,2.8929999,1.0,4.0,7,148.9248462887576,148.9248462887576,no pobre,basal,3,0.0,868.0,1.0,69.0,10,303,2807,3,1.0
97,0.0,0.0,2.8929999,0.0,9.0,5,148.9248462887576,148.9248462887576,no pobre,basal,0,750.0,906.75,1.0,46.0,16,303,2808,9,0.0
98,0.0,0.0,2.8929999,,,5,148.9248462887576,148.9248462887576,no pobre,basal,0,750.0,906.75,1.0,46.0,17,303,2808,9,0.0
97,0.0,0.0,2.8929999,1.0,5.0,5,148.9248462887576,148.9248462887576,no pobre,basal,0,750.0,906.75,1.0,46.0,12,303,2809,5,1.0
98,0.0,0.0,2.8929999,1.0,6.0,5,148.9248462887576,148.9248462887576,no pobre,basal,0,750.0,906.75,1.0,46.0,13,303,2809,5,1.0
97,1.0,0.0,2.8929999,1.0,2.0,5,148.9248462887576,148.9248462887576,no pobre,basal,0,750.0,906.75,1.0,46.0,8,303,2810,2,1.0
98,1.0,0.0,2.8929999,1.0,3.0,5,148.9248462887576,148.9248462887576,no pobre,basal,0,750.0,906.75,1.0,46.0,9,303,2810,2,1.0
97,1.0,0.0,2.8929999,1.0,4.0,5,148.9248462887576,148.9248462887576,pobre,basal,3,750.0,729.0,1.0,33.0,10,303,2811,4,1.0
98,1.0,0.0,2.8929999,1.0,5.0,5,148.9248462887576,148.9248462887576,pobre,basal,3,750.0,729.0,1.0,33.0,11,303,2811,4,1.0
97,1.0,0.0,2.8929999,1.0,2.0,5,148.9248462887576,148.9248462887576,pobre,basal,3,750.0,729.0,1.0,33.0,8,303,2812,2,1.0
98,1.0,0.0,2.8929999,1.0,3.0,5,148.9248462887576,148.9248462887576,pobre,basal,3,750.0,729.0,1.0,33.0,9,303,2812,2,1.0
97,1.0,0.0,2.8929999,1.0,1.0,5,148.9248462887576,148.9248462887576,pobre,basal,3,750.0,729.0,1.0,33.0,7,303,2813,1,1.0
98,1.0,0.0,2.8929999,1.0,2.0,5,148.9248462887576,148.9248462887576,pobre,basal,3,750.0,729.0,1.0,33.0,8,303,2813,1,1.0
97,0.0,0.0,2.8929999,0.0,9.0,6,148.9248462887576,148.9248462887576,no pobre,basal,3,875.0,1088.0,1.0,54.0,16,303,2814,9,0.0
98,0.0,0.0,2.8929999,,,6,148.9248462887576,148.9248462887576,no pobre,basal,3,875.0,1088.0,1.0,54.0,17,303,2814,9,0.0
97,1.0,0.0,2.8929999,1.0,8.0,6,148.9248462887576,148.9248462887576,no pobre,basal,3,875.0,1088.0,1.0,54.0,15,303,2815,8,1.0
98,1.0,0.0,2.8929999,0.0,6.0,6,148.9248462887576,148.9248462887576,no pobre,basal,3,875.0,1088.0,1.0,54.0,16,303,2815,8,1.0
97,1.0,0.0,2.8929999,1.0,7.0,6,148.9248462887576,148.9248462887576,no pobre,basal,3,875.0,1088.0,1.0,54.0,13,303,2816,7,1.0
98,1.0,0.0,2.8929999,1.0,8.0,6,148.9248462887576,148.9248462887576,no pobre,basal,3,875.0,1088.0,1.0,54.0,14,303,2816,7,1.0
97,0.0,0.0,2.8929999,0.0,6.0,8,148.9248462887576,148.9248462887576,pobre,basal,0,750.0,719.0,1.0,56.0,14,303,2817,6,0.0
98,0.0,0.0,2.8929999,0.0,6.0,8,148.9248462887576,148.9248462887576,pobre,basal,0,750.0,719.0,1.0,56.0,15,303,2817,6,0.0
97,1.0,0.0,2.8929999,0.0,0.0,8,148.9248462887576,148.9248462887576,pobre,basal,0,750.0,719.0,1.0,56.0,6,303,2818,0,0.0
98,1.0,0.0,2.8929999,1.0,1.0,8,148.9248462887576,148.9248462887576,pobre,basal,0,750.0,719.0,1.0,56.0,7,303,2818,0,0.0
97,0.0,0.0,2.8929999,1.0,5.0,6,148.9248462887576,148.9248462887576,no pobre,basal,0,875.0,925.5,1.0,76.0,11,303,2819,5,1.0
98,0.0,0.0,2.8929999,,,6,148.9248462887576,148.9248462887576,no pobre,basal,0,875.0,925.5,1.0,76.0,12,303,2819,5,1.0
97,1.0,0.0,2.8929999,1.0,1.0,6,148.9248462887576,148.9248462887576,no pobre,basal,0,875.0,925.5,1.0,76.0,9,303,2820,1,1.0
98,1.0,0.0,2.8929999,1.0,2.0,6,148.9248462887576,148.9248462887576,no pobre,basal,0,875.0,925.5,1.0,76.0,10,303,2820,1,1.0
97,0.0,0.0,2.8929999,1.0,4.0,7,148.9248462887576,148.9248462887576,pobre,basal,2,875.0,474.0,1.0,40.0,11,303,2821,4,1.0
98,0.0,0.0,2.8929999,1.0,5.0,7,148.9248462887576,148.9248462887576,pobre,basal,2,875.0,474.0,1.0,40.0,12,303,2821,4,1.0
97,0.0,0.0,2.8929999,1.0,1.0,7,148.9248462887576,148.9248462887576,pobre,basal,2,875.0,474.0,1.0,40.0,9,303,2822,1,1.0
98,0.0,0.0,2.8929999,1.0,2.0,7,148.9248462887576,148.9248462887576,pobre,basal,2,875.0,474.0,1.0,40.0,10,303,2822,1,1.0
97,1.0,0.0,2.8929999,1.0,3.0,7,148.9248462887576,148.9248462887576,pobre,basal,2,875.0,474.0,1.0,40.0,8,303,2823,3,1.0
98,1.0,0.0,2.8929999,1.0,1.0,7,148.9248462887576,148.9248462887576,pobre,basal,2,875.0,474.0,1.0,40.0,9,303,2823,3,1.0
97,1.0,0.0,2.8929999,1.0,3.0,8,148.9248462887576,148.9248462887576,pobre,basal,6,1200.0,677.0,1.0,38.0,9,303,2824,3,1.0
98,1.0,0.0,2.8929999,1.0,4.0,8,148.9248462887576,148.9248462887576,pobre,basal,6,1200.0,677.0,1.0,38.0,10,303,2824,3,1.0
97,1.0,0.0,2.8929999,1.0,1.0,8,148.9248462887576,148.9248462887576,pobre,basal,6,1200.0,677.0,1.0,38.0,8,303,2825,1,1.0
98,1.0,0.0,2.8929999,1.0,2.0,8,148.9248462887576,148.9248462887576,pobre,basal,6,1200.0,677.0,1.0,38.0,9,303,2825,1,1.0
97,1.0,0.0,2.8929999,1.0,0.0,8,148.9248462887576,148.9248462887576,pobre,basal,6,1200.0,677.0,1.0,38.0,6,303,2826,0,1.0
98,1.0,0.0,2.8929999,1.0,1.0,8,148.9248462887576,148.9248462887576,pobre,basal,6,1200.0,677.0,1.0,38.0,7,303,2826,0,1.0
97,1.0,0.0,2.8929999,1.0,5.0,6,148.9248462887576,148.9248462887576,no pobre,basal,2,2300.0,1001.0,1.0,45.0,15,303,2827,5,1.0
98,1.0,0.0,2.8929999,1.0,6.0,6,148.9248462887576,148.9248462887576,no pobre,basal,2,2300.0,1001.0,1.0,45.0,16,303,2827,5,1.0
97,0.0,0.0,2.8929999,1.0,6.0,6,148.9248462887576,148.9248462887576,no pobre,basal,2,2300.0,1001.0,1.0,45.0,12,303,2828,6,1.0
98,0.0,0.0,2.8929999,1.0,7.0,6,148.9248462887576,148.9248462887576,no pobre,basal,2,2300.0,1001.0,1.0,45.0,13,303,2828,6,1.0
97,0.0,0.0,2.8929999,1.0,2.0,6,148.9248462887576,148.9248462887576,no pobre,basal,2,2300.0,1001.0,1.0,45.0,9,303,2829,2,1.0
98,0.0,0.0,2.8929999,1.0,3.0,6,148.9248462887576,148.9248462887576,no pobre,basal,2,2300.0,1001.0,1.0,45.0,10,303,2829,2,1.0
97,1.0,0.0,2.8929999,0.0,3.0,7,148.9248462887576,148.9248462887576,pobre,basal,0,750.0,810.25,1.0,53.0,14,303,2830,3,0.0
98,1.0,0.0,2.8929999,0.0,4.0,7,148.9248462887576,148.9248462887576,pobre,basal,0,750.0,810.25,1.0,53.0,15,303,2830,3,0.0
97,1.0,0.0,2.8929999,1.0,6.0,7,148.9248462887576,148.9248462887576,pobre,basal,0,750.0,810.25,1.0,53.0,14,303,2831,6,1.0
98,1.0,0.0,2.8929999,1.0,7.0,7,148.9248462887576,148.9248462887576,pobre,basal,0,750.0,810.25,1.0,53.0,15,303,2831,6,1.0
97,0.0,0.0,2.8929999,1.0,2.0,7,148.9248462887576,148.9248462887576,pobre,basal,0,750.0,810.25,1.0,53.0,10,303,2832,2,1.0
98,0.0,0.0,2.8929999,1.0,3.0,7,148.9248462887576,148.9248462887576,pobre,basal,0,750.0,810.25,1.0,53.0,11,303,2832,2,1.0
97,1.0,0.0,2.8929999,1.0,7.0,4,148.9248462887576,148.9248462887576,pobre,basal,0,0.0,790.0,1.0,62.0,15,303,2833,7,1.0
98,1.0,0.0,2.8929999,1.0,8.0,4,148.9248462887576,148.9248462887576,pobre,basal,0,0.0,790.0,1.0,62.0,16,303,2833,7,1.0
97,1.0,0.0,2.8929999,1.0,3.0,4,148.9248462887576,148.9248462887576,pobre,basal,0,0.0,790.0,1.0,62.0,11,303,2834,3,1.0
98,1.0,0.0,2.8929999,1.0,4.0,4,148.9248462887576,148.9248462887576,pobre,basal,0,0.0,790.0,1.0,62.0,12,303,2834,3,1.0
97,1.0,0.0,2.8929999,1.0,0.0,6,148.9248462887576,148.9248462887576,pobre,basal,0,750.0,695.42999,1.0,25.0,6,303,2835,0,1.0
98,1.0,0.0,2.8929999,1.0,1.0,6,148.9248462887576,148.9248462887576,pobre,basal,0,750.0,695.42999,1.0,25.0,7,303,2835,0,1.0
97,0.0,0.0,2.8929999,0.0,6.0,7,148.9248462887576,148.9248462887576,pobre,basal,3,750.0,904.0,1.0,54.0,16,303,2836,6,0.0
98,0.0,0.0,2.8929999,,,7,148.9248462887576,148.9248462887576,pobre,basal,3,750.0,904.0,1.0,54.0,17,303,2836,6,0.0
97,0.0,0.0,2.8929999,1.0,6.0,7,148.9248462887576,148.9248462887576,pobre,basal,3,750.0,904.0,1.0,54.0,14,303,2837,6,1.0
98,0.0,0.0,2.8929999,1.0,6.0,7,148.9248462887576,148.9248462887576,pobre,basal,3,750.0,904.0,1.0,54.0,15,303,2837,6,1.0
97,1.0,0.0,2.8929999,1.0,5.0,7,148.9248462887576,148.9248462887576,pobre,basal,3,750.0,904.0,1.0,54.0,11,303,2838,5,1.0
98,1.0,0.0,2.8929999,1.0,6.0,7,148.9248462887576,148.9248462887576,pobre,basal,3,750.0,904.0,1.0,54.0,12,303,2838,5,1.0
97,1.0,0.0,2.8929999,1.0,2.0,7,148.9248462887576,148.9248462887576,pobre,basal,3,750.0,904.0,1.0,54.0,9,303,2839,2,1.0
98,1.0,0.0,2.8929999,1.0,3.0,7,148.9248462887576,148.9248462887576,pobre,basal,3,750.0,904.0,1.0,54.0,10,303,2839,2,1.0
97,0.0,0.0,2.8929999,1.0,6.0,7,148.9248462887576,148.9248462887576,pobre,basal,1,625.0,491.25,0.0,40.0,12,303,2840,6,1.0
98,0.0,0.0,2.8929999,1.0,6.0,7,148.9248462887576,148.9248462887576,pobre,basal,1,625.0,491.25,0.0,40.0,13,303,2840,6,1.0
97,0.0,0.0,2.8929999,1.0,5.0,7,148.9248462887576,148.9248462887576,pobre,basal,1,625.0,491.25,0.0,40.0,10,303,2841,5,1.0
98,0.0,0.0,2.8929999,1.0,5.0,7,148.9248462887576,148.9248462887576,pobre,basal,1,625.0,491.25,0.0,40.0,11,303,2841,5,1.0
97,1.0,0.0,2.8929999,1.0,1.0,7,148.9248462887576,148.9248462887576,pobre,basal,1,625.0,491.25,0.0,40.0,9,303,2842,1,1.0
98,1.0,0.0,2.8929999,1.0,1.0,7,148.9248462887576,148.9248462887576,pobre,basal,1,625.0,491.25,0.0,40.0,10,303,2842,1,1.0
97,0.0,0.0,2.8929999,1.0,0.0,7,148.9248462887576,148.9248462887576,pobre,basal,1,625.0,491.25,0.0,40.0,6,303,2843,0,1.0
98,0.0,0.0,2.8929999,1.0,1.0,7,148.9248462887576,148.9248462887576,pobre,basal,1,625.0,491.25,0.0,40.0,7,303,2843,0,1.0
97,0.0,0.0,2.8929999,0.0,8.0,4,148.9248462887576,148.9248462887576,no pobre,basal,1,0.0,920.0,1.0,60.0,15,303,2844,8,0.0
98,0.0,0.0,2.8929999,,,4,148.9248462887576,148.9248462887576,no pobre,basal,1,0.0,920.0,1.0,60.0,16,303,2844,8,0.0
97,1.0,0.0,2.8929999,0.0,1.0,3,148.9248462887576,148.9248462887576,pobre,basal,5,625.0,595.5,1.0,34.0,11,303,2845,1,0.0
98,1.0,0.0,2.8929999,1.0,1.0,3,148.9248462887576,148.9248462887576,pobre,basal,5,625.0,595.5,1.0,34.0,12,303,2845,1,0.0
97,1.0,0.0,2.8929999,0.0,5.0,6,148.9248462887576,148.9248462887576,pobre,basal,2,750.0,698.40002,1.0,34.0,13,303,2846,5,0.0
98,1.0,0.0,2.8929999,0.0,5.0,6,148.9248462887576,148.9248462887576,pobre,basal,2,750.0,698.40002,1.0,34.0,14,303,2846,5,0.0
97,1.0,0.0,2.8929999,1.0,4.0,6,148.9248462887576,148.9248462887576,pobre,basal,2,750.0,698.40002,1.0,34.0,11,303,2847,4,1.0
98,1.0,0.0,2.8929999,1.0,5.0,6,148.9248462887576,148.9248462887576,pobre,basal,2,750.0,698.40002,1.0,34.0,12,303,2847,4,1.0
97,1.0,0.0,2.8929999,1.0,1.0,6,148.9248462887576,148.9248462887576,pobre,basal,2,750.0,698.40002,1.0,34.0,9,303,2848,1,1.0
98,1.0,0.0,2.8929999,1.0,1.0,6,148.9248462887576,148.9248462887576,pobre,basal,2,750.0,698.40002,1.0,34.0,10,303,2848,1,1.0
97,0.0,0.0,2.8929999,1.0,5.0,7,148.9248462887576,148.9248462887576,pobre,basal,6,1375.0,755.5,1.0,51.0,13,303,2849,5,1.0
98,0.0,0.0,2.8929999,1.0,6.0,7,148.9248462887576,148.9248462887576,pobre,basal,6,1375.0,755.5,1.0,51.0,14,303,2849,5,1.0
97,0.0,0.0,2.8929999,1.0,3.0,7,148.9248462887576,148.9248462887576,pobre,basal,6,1375.0,755.5,1.0,51.0,11,303,2850,3,1.0
98,0.0,0.0,2.8929999,1.0,4.0,7,148.9248462887576,148.9248462887576,pobre,basal,6,1375.0,755.5,1.0,51.0,12,303,2850,3,1.0
97,0.0,0.0,2.8929999,1.0,2.0,7,148.9248462887576,148.9248462887576,pobre,basal,6,1375.0,755.5,1.0,51.0,9,303,2851,2,1.0
98,0.0,0.0,2.8929999,1.0,3.0,7,148.9248462887576,148.9248462887576,pobre,basal,6,1375.0,755.5,1.0,51.0,10,303,2851,2,1.0
97,0.0,0.0,2.8929999,1.0,0.0,7,148.9248462887576,148.9248462887576,pobre,basal,6,1375.0,755.5,1.0,51.0,7,303,2852,0,1.0
98,0.0,0.0,2.8929999,,,7,148.9248462887576,148.9248462887576,pobre,basal,6,1375.0,755.5,1.0,51.0,8,303,2852,0,1.0
97,0.0,0.0,2.8929999,1.0,4.0,6,148.9248462887576,148.9248462887576,pobre,basal,9,875.0,712.0,1.0,27.0,10,303,2853,4,1.0
98,0.0,0.0,2.8929999,1.0,5.0,6,148.9248462887576,148.9248462887576,pobre,basal,9,875.0,712.0,1.0,27.0,11,303,2853,4,1.0
97,1.0,0.0,2.8929999,0.0,5.0,4,148.9248462887576,148.9248462887576,pobre,basal,0,625.0,732.0,1.0,64.0,13,303,2854,5,0.0
98,1.0,0.0,2.8929999,0.0,5.0,4,148.9248462887576,148.9248462887576,pobre,basal,0,625.0,732.0,1.0,64.0,14,303,2854,5,0.0
97,1.0,0.0,2.8929999,0.0,6.0,3,148.9248462887576,148.9248462887576,no pobre,basal,5,750.0,1044.0,1.0,54.0,16,303,2855,6,0.0
98,1.0,0.0,2.8929999,0.0,6.0,3,148.9248462887576,148.9248462887576,no pobre,basal,5,750.0,1044.0,1.0,54.0,17,303,2855,6,0.0
97,1.0,0.0,2.8929999,0.0,6.0,7,148.9248462887576,148.9248462887576,pobre,basal,0,1250.0,677.5,1.0,55.0,15,303,2856,6,0.0
98,1.0,0.0,2.8929999,,,7,148.9248462887576,148.9248462887576,pobre,basal,0,1250.0,677.5,1.0,55.0,16,303,2856,6,0.0
97,1.0,0.0,2.8929999,1.0,5.0,7,148.9248462887576,148.9248462887576,pobre,basal,0,1250.0,677.5,1.0,55.0,11,303,2857,5,1.0
98,1.0,0.0,2.8929999,1.0,6.0,7,148.9248462887576,148.9248462887576,pobre,basal,0,1250.0,677.5,1.0,55.0,12,303,2857,5,1.0
97,0.0,0.0,2.8929999,1.0,3.0,7,148.9248462887576,148.9248462887576,pobre,basal,0,1250.0,677.5,1.0,55.0,9,303,2858,3,1.0
98,0.0,0.0,2.8929999,1.0,4.0,7,148.9248462887576,148.9248462887576,pobre,basal,0,1250.0,677.5,1.0,55.0,10,303,2858,3,1.0
97,0.0,0.0,2.8929999,1.0,1.0,7,148.9248462887576,148.9248462887576,pobre,basal,0,1250.0,677.5,1.0,55.0,7,303,2859,1,1.0
98,0.0,0.0,2.8929999,1.0,2.0,7,148.9248462887576,148.9248462887576,pobre,basal,0,1250.0,677.5,1.0,55.0,8,303,2859,1,1.0
97,1.0,0.0,2.8929999,0.0,6.0,2,148.9248462887576,148.9248462887576,pobre,basal,1,0.0,673.0,0.0,64.0,16,303,2860,6,0.0
98,1.0,0.0,2.8929999,,,2,148.9248462887576,148.9248462887576,pobre,basal,1,0.0,673.0,0.0,64.0,17,303,2860,6,0.0
97,1.0,0.0,2.8929999,1.0,0.0,6,148.9248462887576,148.9248462887576,pobre,basal,1,625.0,752.0,1.0,29.0,6,303,2861,0,1.0
98,1.0,0.0,2.8929999,1.0,1.0,6,148.9248462887576,148.9248462887576,pobre,basal,1,625.0,752.0,1.0,29.0,7,303,2861,0,1.0
97,1.0,0.0,2.8929999,0.0,2.0,12,148.9248462887576,148.9248462887576,pobre,basal,0,625.0,749.0,1.0,59.0,14,303,2862,2,0.0
98,1.0,0.0,2.8929999,,,12,148.9248462887576,148.9248462887576,pobre,basal,0,625.0,749.0,1.0,59.0,15,303,2862,2,0.0
97,0.0,0.0,2.8929999,1.0,6.0,12,148.9248462887576,148.9248462887576,pobre,basal,0,625.0,749.0,1.0,59.0,13,303,2863,6,1.0
98,0.0,0.0,2.8929999,1.0,7.0,12,148.9248462887576,148.9248462887576,pobre,basal,0,625.0,749.0,1.0,59.0,14,303,2863,6,1.0
97,0.0,0.0,2.8929999,1.0,5.0,12,148.9248462887576,148.9248462887576,pobre,basal,0,625.0,749.0,1.0,59.0,12,303,2864,5,1.0
98,0.0,0.0,2.8929999,1.0,6.0,12,148.9248462887576,148.9248462887576,pobre,basal,0,625.0,749.0,1.0,59.0,13,303,2864,5,1.0
97,0.0,0.0,2.8929999,1.0,3.0,12,148.9248462887576,148.9248462887576,pobre,basal,0,625.0,749.0,1.0,59.0,9,303,2865,3,1.0
98,0.0,0.0,2.8929999,1.0,4.0,12,148.9248462887576,148.9248462887576,pobre,basal,0,625.0,749.0,1.0,59.0,10,303,2865,3,1.0
97,0.0,0.0,2.8929999,1.0,1.0,12,148.9248462887576,148.9248462887576,pobre,basal,0,625.0,749.0,1.0,59.0,8,303,2866,1,1.0
98,0.0,0.0,2.8929999,1.0,2.0,12,148.9248462887576,148.9248462887576,pobre,basal,0,625.0,749.0,1.0,59.0,9,303,2866,1,1.0
97,1.0,0.0,2.8929999,0.0,6.0,8,148.9248462887576,148.9248462887576,no pobre,basal,0,750.0,905.0,1.0,40.0,15,303,2867,6,0.0
98,1.0,0.0,2.8929999,0.0,6.0,8,148.9248462887576,148.9248462887576,no pobre,basal,0,750.0,905.0,1.0,40.0,16,303,2867,6,0.0
97,1.0,0.0,2.8929999,1.0,4.0,8,148.9248462887576,148.9248462887576,no pobre,basal,0,750.0,905.0,1.0,40.0,10,303,2868,4,1.0
98,1.0,0.0,2.8929999,1.0,5.0,8,148.9248462887576,148.9248462887576,no pobre,basal,0,750.0,905.0,1.0,40.0,11,303,2868,4,1.0
97,1.0,0.0,2.8929999,1.0,0.0,8,148.9248462887576,148.9248462887576,no pobre,basal,0,750.0,905.0,1.0,40.0,7,303,2869,0,1.0
98,1.0,0.0,2.8929999,1.0,1.0,8,148.9248462887576,148.9248462887576,no pobre,basal,0,750.0,905.0,1.0,40.0,8,303,2869,0,1.0
97,1.0,0.0,2.8929999,0.0,4.0,9,148.9248462887576,148.9248462887576,pobre,basal,2,1000.0,783.57001,1.0,48.0,16,303,2870,4,0.0
98,1.0,0.0,2.8929999,,,9,148.9248462887576,148.9248462887576,pobre,basal,2,1000.0,783.57001,1.0,48.0,17,303,2870,4,0.0
97,0.0,0.0,2.8929999,0.0,6.0,9,148.9248462887576,148.9248462887576,pobre,basal,2,1000.0,783.57001,1.0,48.0,14,303,2871,6,0.0
98,0.0,0.0,2.8929999,0.0,6.0,9,148.9248462887576,148.9248462887576,pobre,basal,2,1000.0,783.57001,1.0,48.0,15,303,2871,6,0.0
97,0.0,0.0,2.8929999,0.0,6.0,9,148.9248462887576,148.9248462887576,pobre,basal,2,1000.0,783.57001,1.0,48.0,13,303,2872,6,0.0
98,0.0,0.0,2.8929999,0.0,6.0,9,148.9248462887576,148.9248462887576,pobre,basal,2,1000.0,783.57001,1.0,48.0,14,303,2872,6,0.0
97,1.0,0.0,2.8929999,0.0,2.0,9,148.9248462887576,148.9248462887576,pobre,basal,2,1000.0,783.57001,1.0,48.0,11,303,2873,2,0.0
98,1.0,0.0,2.8929999,0.0,2.0,9,148.9248462887576,148.9248462887576,pobre,basal,2,1000.0,783.57001,1.0,48.0,12,303,2873,2,0.0
97,1.0,0.0,2.8929999,1.0,4.0,5,148.9248462887576,148.9248462887576,pobre,basal,3,500.0,718.0,1.0,37.0,12,303,2874,4,1.0
98,1.0,0.0,2.8929999,1.0,6.0,5,148.9248462887576,148.9248462887576,pobre,basal,3,500.0,718.0,1.0,37.0,13,303,2874,4,1.0
97,1.0,0.0,2.8929999,1.0,2.0,5,148.9248462887576,148.9248462887576,pobre,basal,3,500.0,718.0,1.0,37.0,8,303,2875,2,1.0
98,1.0,0.0,2.8929999,1.0,3.0,5,148.9248462887576,148.9248462887576,pobre,basal,3,500.0,718.0,1.0,37.0,9,303,2875,2,1.0
97,1.0,0.0,2.8929999,1.0,0.0,5,148.9248462887576,148.9248462887576,pobre,basal,3,500.0,718.0,1.0,37.0,6,303,2876,0,1.0
98,1.0,0.0,2.8929999,1.0,0.0,5,148.9248462887576,148.9248462887576,pobre,basal,3,500.0,718.0,1.0,37.0,7,303,2876,0,1.0
97,0.0,0.0,2.8929999,1.0,7.0,6,148.9248462887576,148.9248462887576,no pobre,basal,3,2500.0,1026.0,1.0,41.0,15,303,2877,7,1.0
98,0.0,0.0,2.8929999,1.0,8.0,6,148.9248462887576,148.9248462887576,no pobre,basal,3,2500.0,1026.0,1.0,41.0,16,303,2877,7,1.0
97,1.0,0.0,2.8929999,1.0,1.0,6,148.9248462887576,148.9248462887576,no pobre,basal,3,2500.0,1026.0,1.0,41.0,7,303,2878,1,1.0
98,1.0,0.0,2.8929999,1.0,2.0,6,148.9248462887576,148.9248462887576,no pobre,basal,3,2500.0,1026.0,1.0,41.0,8,303,2878,1,1.0
97,1.0,0.0,2.8929999,1.0,7.0,7,148.9248462887576,148.9248462887576,pobre,basal,3,400.0,600.0,1.0,42.0,16,303,2879,7,1.0
98,1.0,0.0,2.8929999,,,7,148.9248462887576,148.9248462887576,pobre,basal,3,400.0,600.0,1.0,42.0,17,303,2879,7,1.0
97,0.0,0.0,2.8929999,1.0,6.0,7,148.9248462887576,148.9248462887576,pobre,basal,3,400.0,600.0,1.0,42.0,13,303,2880,6,1.0
98,0.0,0.0,2.8929999,1.0,7.0,7,148.9248462887576,148.9248462887576,pobre,basal,3,400.0,600.0,1.0,42.0,14,303,2880,6,1.0
97,1.0,0.0,2.8929999,1.0,4.0,7,148.9248462887576,148.9248462887576,pobre,basal,3,400.0,600.0,1.0,42.0,11,303,2881,4,1.0
98,1.0,0.0,2.8929999,1.0,5.0,7,148.9248462887576,148.9248462887576,pobre,basal,3,400.0,600.0,1.0,42.0,12,303,2881,4,1.0
97,1.0,0.0,2.8929999,0.0,9.0,4,148.9248462887576,148.9248462887576,pobre,basal,2,750.0,788.0,1.0,57.0,15,303,2882,9,0.0
98,1.0,0.0,2.8929999,0.0,9.0,4,148.9248462887576,148.9248462887576,pobre,basal,2,750.0,788.0,1.0,57.0,16,303,2882,9,0.0
97,1.0,0.0,2.8929999,0.0,6.0,9,148.9248462887576,148.9248462887576,pobre,basal,3,750.0,637.5,1.0,34.0,13,303,2883,6,0.0
98,1.0,0.0,2.8929999,,,9,148.9248462887576,148.9248462887576,pobre,basal,3,750.0,637.5,1.0,34.0,14,303,2883,6,0.0
97,1.0,0.0,2.8929999,1.0,5.0,9,148.9248462887576,148.9248462887576,pobre,basal,3,750.0,637.5,1.0,34.0,11,303,2884,5,1.0
98,1.0,0.0,2.8929999,1.0,6.0,9,148.9248462887576,148.9248462887576,pobre,basal,3,750.0,637.5,1.0,34.0,12,303,2884,5,1.0
97,0.0,0.0,2.8929999,1.0,3.0,9,148.9248462887576,148.9248462887576,pobre,basal,3,750.0,637.5,1.0,34.0,9,303,2885,3,1.0
98,0.0,0.0,2.8929999,1.0,4.0,9,148.9248462887576,148.9248462887576,pobre,basal,3,750.0,637.5,1.0,34.0,10,303,2885,3,1.0
97,1.0,0.0,2.8929999,1.0,1.0,9,148.9248462887576,148.9248462887576,pobre,basal,3,750.0,637.5,1.0,34.0,7,303,2886,1,1.0
98,1.0,0.0,2.8929999,1.0,1.0,9,148.9248462887576,148.9248462887576,pobre,basal,3,750.0,637.5,1.0,34.0,8,303,2886,1,1.0
97,0.0,0.0,2.8929999,0.0,7.0,6,148.9248462887576,148.9248462887576,pobre,basal,1,750.0,790.0,1.0,47.0,15,303,2887,7,0.0
98,0.0,0.0,2.8929999,1.0,7.0,6,148.9248462887576,148.9248462887576,pobre,basal,1,750.0,790.0,1.0,47.0,16,303,2887,7,0.0
97,0.0,0.0,2.8929999,1.0,7.0,6,148.9248462887576,148.9248462887576,pobre,basal,1,750.0,790.0,1.0,47.0,14,303,2888,7,1.0
98,0.0,0.0,2.8929999,1.0,8.0,6,148.9248462887576,148.9248462887576,pobre,basal,1,750.0,790.0,1.0,47.0,15,303,2888,7,1.0
97,0.0,0.0,2.8929999,1.0,6.0,6,148.9248462887576,148.9248462887576,pobre,basal,1,750.0,790.0,1.0,47.0,13,303,2889,6,1.0
98,0.0,0.0,2.8929999,,,6,148.9248462887576,148.9248462887576,pobre,basal,1,750.0,790.0,1.0,47.0,14,303,2889,6,1.0
97,1.0,0.0,2.8929999,1.0,2.0,6,148.9248462887576,148.9248462887576,pobre,basal,1,750.0,790.0,1.0,47.0,10,303,2890,2,1.0
98,1.0,0.0,2.8929999,1.0,3.0,6,148.9248462887576,148.9248462887576,pobre,basal,1,750.0,790.0,1.0,47.0,11,303,2890,2,1.0
97,1.0,0.0,2.8929999,1.0,4.0,6,148.9248462887576,148.9248462887576,pobre,basal,3,750.0,666.0,1.0,61.0,12,303,2891,4,1.0
98,1.0,0.0,2.8929999,1.0,5.0,6,148.9248462887576,148.9248462887576,pobre,basal,3,750.0,666.0,1.0,61.0,13,303,2891,4,1.0
97,0.0,0.0,2.8929999,0.0,6.0,11,148.9248462887576,148.9248462887576,pobre,basal,0,625.0,835.5,1.0,49.0,15,303,2892,6,0.0
98,0.0,0.0,2.8929999,1.0,6.0,11,148.9248462887576,148.9248462887576,pobre,basal,0,625.0,835.5,1.0,49.0,16,303,2892,6,0.0
97,1.0,0.0,2.8929999,0.0,6.0,11,148.9248462887576,148.9248462887576,pobre,basal,0,625.0,835.5,1.0,49.0,14,303,2893,6,0.0
98,1.0,0.0,2.8929999,0.0,6.0,11,148.9248462887576,148.9248462887576,pobre,basal,0,625.0,835.5,1.0,49.0,15,303,2893,6,0.0
97,1.0,0.0,2.8929999,1.0,4.0,11,148.9248462887576,148.9248462887576,pobre,basal,0,625.0,835.5,1.0,49.0,13,303,2894,4,1.0
98,1.0,0.0,2.8929999,1.0,5.0,11,148.9248462887576,148.9248462887576,pobre,basal,0,625.0,835.5,1.0,49.0,14,303,2894,4,1.0
97,1.0,0.0,2.8929999,1.0,2.0,11,148.9248462887576,148.9248462887576,pobre,basal,0,625.0,835.5,1.0,49.0,9,303,2895,2,1.0
98,1.0,0.0,2.8929999,1.0,3.0,11,148.9248462887576,148.9248462887576,pobre,basal,0,625.0,835.5,1.0,49.0,10,303,2895,2,1.0
97,1.0,0.0,2.8929999,1.0,7.0,11,148.9248462887576,148.9248462887576,pobre,basal,0,625.0,835.5,1.0,49.0,16,303,2896,7,1.0
98,1.0,0.0,2.8929999,,,11,148.9248462887576,148.9248462887576,pobre,basal,0,625.0,835.5,1.0,49.0,17,303,2896,7,1.0
97,1.0,0.0,0.0,1.0,3.0,10,41.26526845784417,41.26526845784417,pobre,basal,2,1200.0,758.0,1.0,51.0,11,380,2897,3,1.0
98,1.0,0.0,0.0,1.0,4.0,10,41.26526845784417,41.26526845784417,pobre,basal,2,1200.0,758.0,1.0,51.0,12,380,2897,3,1.0
97,1.0,0.0,0.0,0.0,6.0,7,41.26526845784417,41.26526845784417,no pobre,basal,0,0.0,870.0,1.0,52.0,15,380,2898,6,0.0
98,1.0,0.0,0.0,0.0,6.0,7,41.26526845784417,41.26526845784417,no pobre,basal,0,0.0,870.0,1.0,52.0,16,380,2898,6,0.0
97,1.0,0.0,0.0,1.0,3.0,7,41.26526845784417,41.26526845784417,no pobre,basal,0,0.0,870.0,1.0,52.0,9,380,2899,3,1.0
98,1.0,0.0,0.0,1.0,4.0,7,41.26526845784417,41.26526845784417,no pobre,basal,0,0.0,870.0,1.0,52.0,10,380,2899,3,1.0
97,1.0,0.0,0.0,1.0,1.0,4,41.26526845784417,41.26526845784417,no pobre,basal,0,0.0,1033.0,1.0,48.0,7,380,2900,1,1.0
98,1.0,0.0,0.0,1.0,2.0,4,41.26526845784417,41.26526845784417,no pobre,basal,0,0.0,1033.0,1.0,48.0,8,380,2900,1,1.0
97,1.0,0.0,2.8929999,0.0,9.0,5,148.9248462887576,148.9248462887576,no pobre,basal,3,0.0,980.5,1.0,56.0,15,303,2901,9,0.0
98,1.0,0.0,2.8929999,,,5,148.9248462887576,148.9248462887576,no pobre,basal,3,0.0,980.5,1.0,56.0,16,303,2901,9,0.0
97,1.0,0.0,2.8929999,1.0,5.0,6,148.9248462887576,148.9248462887576,pobre,basal,1,0.0,677.5,1.0,56.0,13,303,2902,5,1.0
98,1.0,0.0,2.8929999,0.0,6.0,6,148.9248462887576,148.9248462887576,pobre,basal,1,0.0,677.5,1.0,56.0,14,303,2902,5,1.0
97,1.0,0.0,2.8929999,1.0,5.0,6,148.9248462887576,148.9248462887576,pobre,basal,1,0.0,677.5,1.0,56.0,11,303,2903,5,1.0
98,1.0,0.0,2.8929999,0.0,6.0,6,148.9248462887576,148.9248462887576,pobre,basal,1,0.0,677.5,1.0,56.0,12,303,2903,5,1.0
97,0.0,0.0,2.8929999,1.0,0.0,6,148.9248462887576,148.9248462887576,pobre,basal,1,0.0,677.5,1.0,56.0,7,303,2904,0,1.0
98,0.0,0.0,2.8929999,1.0,1.0,6,148.9248462887576,148.9248462887576,pobre,basal,1,0.0,677.5,1.0,56.0,8,303,2904,0,1.0
97,0.0,0.0,2.8929999,1.0,5.0,5,148.9248462887576,148.9248462887576,pobre,basal,3,500.0,660.5,1.0,56.0,12,303,2905,5,1.0
98,0.0,0.0,2.8929999,1.0,6.0,5,148.9248462887576,148.9248462887576,pobre,basal,3,500.0,660.5,1.0,56.0,13,303,2905,5,1.0
97,1.0,0.0,2.8929999,1.0,2.0,5,148.9248462887576,148.9248462887576,pobre,basal,2,0.0,759.5,1.0,70.0,9,303,2906,2,1.0
98,1.0,0.0,2.8929999,1.0,3.0,5,148.9248462887576,148.9248462887576,pobre,basal,2,0.0,759.5,1.0,70.0,10,303,2906,2,1.0
97,1.0,0.0,2.8929999,1.0,8.0,3,148.9248462887576,148.9248462887576,pobre,basal,3,0.0,688.0,0.0,79.0,15,303,2907,8,1.0
98,1.0,0.0,2.8929999,0.0,9.0,3,148.9248462887576,148.9248462887576,pobre,basal,3,0.0,688.0,0.0,79.0,16,303,2907,8,1.0
97,1.0,0.0,2.8929999,1.0,6.0,3,148.9248462887576,148.9248462887576,pobre,basal,3,0.0,688.0,0.0,79.0,13,303,2908,6,1.0
98,1.0,0.0,2.8929999,1.0,7.0,3,148.9248462887576,148.9248462887576,pobre,basal,3,0.0,688.0,0.0,79.0,14,303,2908,6,1.0
97,0.0,0.0,2.8929999,0.0,6.0,8,148.9248462887576,148.9248462887576,no pobre,basal,3,0.0,889.0,1.0,54.0,15,303,2909,6,0.0
98,0.0,0.0,2.8929999,0.0,6.0,8,148.9248462887576,148.9248462887576,no pobre,basal,3,0.0,889.0,1.0,54.0,16,303,2909,6,0.0
97,1.0,0.0,2.8929999,1.0,6.0,8,148.9248462887576,148.9248462887576,no pobre,basal,3,0.0,889.0,1.0,54.0,13,303,2910,6,1.0
98,1.0,0.0,2.8929999,1.0,7.0,8,148.9248462887576,148.9248462887576,no pobre,basal,3,0.0,889.0,1.0,54.0,14,303,2910,6,1.0
97,1.0,0.0,2.8929999,1.0,2.0,8,148.9248462887576,148.9248462887576,no pobre,basal,3,0.0,889.0,1.0,54.0,7,303,2911,2,1.0
98,1.0,0.0,2.8929999,1.0,3.0,8,148.9248462887576,148.9248462887576,no pobre,basal,3,0.0,889.0,1.0,54.0,8,303,2911,2,1.0
97,1.0,0.0,2.8929999,1.0,1.0,5,148.9248462887576,148.9248462887576,no pobre,basal,9,0.0,1003.5,1.0,31.0,7,303,2912,1,1.0
98,1.0,0.0,2.8929999,1.0,2.0,5,148.9248462887576,148.9248462887576,no pobre,basal,9,0.0,1003.5,1.0,31.0,8,303,2912,1,1.0
97,1.0,0.0,3.362,0.0,6.0,6,143.9758536408446,158.7860954080451,no pobre,basal,0,1000.0,925.0,1.0,47.0,15,334,2913,6,0.0
98,1.0,0.0,3.362,0.0,6.0,6,143.9758536408446,158.7860954080451,no pobre,basal,0,1000.0,925.0,1.0,47.0,16,334,2913,6,0.0
97,0.0,0.0,3.362,0.0,6.0,6,143.9758536408446,158.7860954080451,no pobre,basal,0,1000.0,925.0,1.0,47.0,13,334,2914,6,0.0
98,0.0,0.0,3.362,0.0,6.0,6,143.9758536408446,158.7860954080451,no pobre,basal,0,1000.0,925.0,1.0,47.0,14,334,2914,6,0.0
97,1.0,0.0,3.362,1.0,3.0,4,143.9758536408446,158.7860954080451,no pobre,basal,4,875.0,866.0,1.0,43.0,9,334,2915,3,1.0
98,1.0,0.0,3.362,1.0,4.0,4,143.9758536408446,158.7860954080451,no pobre,basal,4,875.0,866.0,1.0,43.0,10,334,2915,3,1.0
97,0.0,0.0,3.362,0.0,5.0,2,143.9758536408446,158.7860954080451,pobre,basal,3,750.0,661.0,1.0,66.0,14,334,2916,5,0.0
98,0.0,0.0,3.362,0.0,6.0,2,143.9758536408446,158.7860954080451,pobre,basal,3,750.0,661.0,1.0,66.0,15,334,2916,5,0.0
97,1.0,0.0,3.362,1.0,6.0,8,143.9758536408446,158.7860954080451,pobre,basal,2,800.0,616.0,1.0,41.0,12,334,2917,6,1.0
98,1.0,0.0,3.362,1.0,7.0,8,143.9758536408446,158.7860954080451,pobre,basal,2,800.0,616.0,1.0,41.0,13,334,2917,6,1.0
97,1.0,0.0,3.362,1.0,3.0,8,143.9758536408446,158.7860954080451,pobre,basal,2,800.0,616.0,1.0,41.0,10,334,2918,3,1.0
98,1.0,0.0,3.362,1.0,4.0,8,143.9758536408446,158.7860954080451,pobre,basal,2,800.0,616.0,1.0,41.0,11,334,2918,3,1.0
97,1.0,0.0,3.362,1.0,8.0,6,143.9758536408446,158.7860954080451,no pobre,basal,1,83.333336,940.0,1.0,40.0,14,334,2919,8,1.0
98,1.0,0.0,3.362,0.0,9.0,6,143.9758536408446,158.7860954080451,no pobre,basal,1,83.333336,940.0,1.0,40.0,15,334,2919,8,1.0
97,1.0,0.0,3.362,1.0,2.0,6,143.9758536408446,158.7860954080451,no pobre,basal,1,83.333336,940.0,1.0,40.0,9,334,2920,2,1.0
98,1.0,0.0,3.362,1.0,4.0,6,143.9758536408446,158.7860954080451,no pobre,basal,1,83.333336,940.0,1.0,40.0,10,334,2920,2,1.0
97,0.0,0.0,3.362,0.0,6.0,6,143.9758536408446,158.7860954080451,no pobre,basal,0,0.0,897.0,1.0,67.0,15,334,2921,6,0.0
98,0.0,0.0,3.362,0.0,6.0,6,143.9758536408446,158.7860954080451,no pobre,basal,0,0.0,897.0,1.0,67.0,16,334,2921,6,0.0
97,1.0,0.0,3.362,0.0,8.0,5,143.9758536408446,158.7860954080451,no pobre,basal,5,1600.0,984.5,1.0,51.0,15,334,2922,8,0.0
98,1.0,0.0,3.362,0.0,9.0,5,143.9758536408446,158.7860954080451,no pobre,basal,5,1600.0,984.5,1.0,51.0,16,334,2922,8,0.0
97,0.0,0.0,3.362,1.0,5.0,5,143.9758536408446,158.7860954080451,no pobre,basal,5,1600.0,984.5,1.0,51.0,13,334,2923,5,1.0
98,0.0,0.0,3.362,0.0,6.0,5,143.9758536408446,158.7860954080451,no pobre,basal,5,1600.0,984.5,1.0,51.0,14,334,2923,5,1.0
97,1.0,0.0,3.362,1.0,3.0,5,143.9758536408446,158.7860954080451,no pobre,basal,5,1600.0,984.5,1.0,51.0,10,334,2924,3,1.0
98,1.0,0.0,3.362,1.0,4.0,5,143.9758536408446,158.7860954080451,no pobre,basal,5,1600.0,984.5,1.0,51.0,11,334,2924,3,1.0
97,0.0,0.0,3.362,0.0,4.0,7,143.9758536408446,158.7860954080451,pobre,basal,3,0.0,489.0,1.0,57.0,16,334,2925,4,0.0
98,0.0,0.0,3.362,,,7,143.9758536408446,158.7860954080451,pobre,basal,3,0.0,489.0,1.0,57.0,17,334,2925,4,0.0
97,0.0,0.0,3.362,1.0,4.0,7,143.9758536408446,158.7860954080451,pobre,basal,3,0.0,489.0,1.0,57.0,15,334,2926,4,1.0
98,0.0,0.0,3.362,1.0,5.0,7,143.9758536408446,158.7860954080451,pobre,basal,3,0.0,489.0,1.0,57.0,16,334,2926,4,1.0
97,0.0,0.0,3.362,1.0,6.0,7,143.9758536408446,158.7860954080451,pobre,basal,3,0.0,489.0,1.0,57.0,13,334,2927,6,1.0
98,0.0,0.0,3.362,1.0,7.0,7,143.9758536408446,158.7860954080451,pobre,basal,3,0.0,489.0,1.0,57.0,14,334,2927,6,1.0
97,0.0,0.0,3.362,1.0,4.0,7,143.9758536408446,158.7860954080451,pobre,basal,3,0.0,489.0,1.0,57.0,12,334,2928,4,1.0
98,0.0,0.0,3.362,1.0,5.0,7,143.9758536408446,158.7860954080451,pobre,basal,3,0.0,489.0,1.0,57.0,13,334,2928,4,1.0
97,0.0,0.0,3.362,0.0,6.0,8,143.9758536408446,158.7860954080451,pobre,basal,2,625.0,586.0,1.0,62.0,16,334,2929,6,0.0
98,0.0,0.0,3.362,,,8,143.9758536408446,158.7860954080451,pobre,basal,2,625.0,586.0,1.0,62.0,17,334,2929,6,0.0
97,0.0,0.0,3.362,0.0,6.0,8,143.9758536408446,158.7860954080451,pobre,basal,2,625.0,586.0,1.0,62.0,14,334,2930,6,0.0
98,0.0,0.0,3.362,0.0,6.0,8,143.9758536408446,158.7860954080451,pobre,basal,2,625.0,586.0,1.0,62.0,15,334,2930,6,0.0
97,0.0,0.0,3.362,0.0,6.0,8,143.9758536408446,158.7860954080451,pobre,basal,2,625.0,586.0,1.0,62.0,13,334,2931,6,0.0
98,0.0,0.0,3.362,0.0,6.0,8,143.9758536408446,158.7860954080451,pobre,basal,2,625.0,586.0,1.0,62.0,14,334,2931,6,0.0
97,1.0,0.0,3.362,1.0,3.0,8,143.9758536408446,158.7860954080451,pobre,basal,2,625.0,586.0,1.0,62.0,10,334,2932,3,1.0
98,1.0,0.0,3.362,1.0,4.0,8,143.9758536408446,158.7860954080451,pobre,basal,2,625.0,586.0,1.0,62.0,11,334,2932,3,1.0
97,0.0,0.0,3.362,1.0,1.0,8,143.9758536408446,158.7860954080451,pobre,basal,2,625.0,586.0,1.0,62.0,7,334,2933,1,1.0
98,0.0,0.0,3.362,1.0,1.0,8,143.9758536408446,158.7860954080451,pobre,basal,2,625.0,586.0,1.0,62.0,8,334,2933,1,1.0
97,0.0,0.0,3.362,1.0,0.0,8,143.9758536408446,158.7860954080451,pobre,basal,2,625.0,586.0,1.0,62.0,6,334,2934,0,1.0
98,0.0,0.0,3.362,1.0,1.0,8,143.9758536408446,158.7860954080451,pobre,basal,2,625.0,586.0,1.0,62.0,7,334,2934,0,1.0
97,0.0,0.0,3.362,1.0,8.0,6,143.9758536408446,158.7860954080451,no pobre,basal,2,0.0,1155.0,1.0,61.0,15,334,2935,8,1.0
98,0.0,0.0,3.362,0.0,9.0,6,143.9758536408446,158.7860954080451,no pobre,basal,2,0.0,1155.0,1.0,61.0,16,334,2935,8,1.0
97,0.0,0.0,1.756,,0.0,9,125.4366439880355,283.7663618855796,pobre,0,1,0.0,626.0,1.0,55.0,12,451,2936,0,
98,0.0,0.0,1.756,1.0,2.0,9,125.4366439880355,283.7663618855796,pobre,0,1,0.0,626.0,1.0,55.0,13,451,2936,0,
97,1.0,0.0,1.756,1.0,2.0,9,125.4366439880355,283.7663618855796,pobre,0,1,0.0,626.0,1.0,55.0,11,451,2937,2,1.0
98,1.0,0.0,1.756,1.0,2.0,9,125.4366439880355,283.7663618855796,pobre,0,1,0.0,626.0,1.0,55.0,12,451,2937,2,1.0
97,1.0,0.0,1.756,1.0,0.0,9,125.4366439880355,283.7663618855796,pobre,0,1,0.0,626.0,1.0,55.0,7,451,2938,0,1.0
98,1.0,0.0,1.756,1.0,1.0,9,125.4366439880355,283.7663618855796,pobre,0,1,0.0,626.0,1.0,55.0,8,451,2938,0,1.0
97,0.0,0.0,1.756,1.0,4.0,5,125.4366439880355,283.7663618855796,pobre,0,0,0.0,506.0,1.0,30.0,10,451,2939,4,1.0
98,0.0,0.0,1.756,1.0,5.0,5,125.4366439880355,283.7663618855796,pobre,0,0,0.0,506.0,1.0,30.0,11,451,2939,4,1.0
97,1.0,0.0,1.756,1.0,2.0,5,125.4366439880355,283.7663618855796,pobre,0,0,0.0,506.0,1.0,30.0,8,451,2940,2,1.0
98,1.0,0.0,1.756,1.0,3.0,5,125.4366439880355,283.7663618855796,pobre,0,0,0.0,506.0,1.0,30.0,9,451,2940,2,1.0
97,1.0,0.0,1.756,0.0,9.0,4,125.4366439880355,283.7663618855796,pobre,0,0,0.0,608.0,0.0,44.0,15,451,2941,9,0.0
98,1.0,0.0,1.756,,,4,125.4366439880355,283.7663618855796,pobre,0,0,0.0,608.0,0.0,44.0,16,451,2941,9,0.0
97,0.0,0.0,1.756,0.0,6.0,9,125.4366439880355,283.7663618855796,pobre,0,1,0.0,566.5,1.0,60.0,16,451,2942,6,0.0
98,0.0,0.0,1.756,,,9,125.4366439880355,283.7663618855796,pobre,0,1,0.0,566.5,1.0,60.0,17,451,2942,6,0.0
97,0.0,0.0,1.756,1.0,5.0,9,125.4366439880355,283.7663618855796,pobre,0,1,0.0,566.5,1.0,60.0,14,451,2943,5,1.0
98,0.0,0.0,1.756,0.0,6.0,9,125.4366439880355,283.7663618855796,pobre,0,1,0.0,566.5,1.0,60.0,15,451,2943,5,1.0
97,0.0,0.0,1.756,0.0,6.0,9,125.4366439880355,283.7663618855796,pobre,0,0,375.0,805.5,1.0,62.0,15,451,2944,6,0.0
98,0.0,0.0,1.756,0.0,6.0,9,125.4366439880355,283.7663618855796,pobre,0,0,375.0,805.5,1.0,62.0,16,451,2944,6,0.0
97,1.0,0.0,1.756,1.0,5.0,9,125.4366439880355,283.7663618855796,pobre,0,0,375.0,805.5,1.0,62.0,13,451,2945,5,1.0
98,1.0,0.0,1.756,1.0,6.0,9,125.4366439880355,283.7663618855796,pobre,0,0,375.0,805.5,1.0,62.0,14,451,2945,5,1.0
97,0.0,0.0,1.756,1.0,4.0,9,125.4366439880355,283.7663618855796,pobre,0,0,375.0,805.5,1.0,62.0,11,451,2946,4,1.0
98,0.0,0.0,1.756,1.0,5.0,9,125.4366439880355,283.7663618855796,pobre,0,0,375.0,805.5,1.0,62.0,12,451,2946,4,1.0
97,0.0,0.0,1.756,0.0,6.0,5,125.4366439880355,283.7663618855796,pobre,0,3,625.0,560.0,1.0,51.0,14,451,2947,6,0.0
98,0.0,0.0,1.756,0.0,6.0,5,125.4366439880355,283.7663618855796,pobre,0,3,625.0,560.0,1.0,51.0,15,451,2947,6,0.0
97,1.0,0.0,1.756,1.0,6.0,5,125.4366439880355,283.7663618855796,pobre,0,3,625.0,560.0,1.0,51.0,11,451,2948,6,1.0
98,1.0,0.0,1.756,0.0,6.0,5,125.4366439880355,283.7663618855796,pobre,0,3,625.0,560.0,1.0,51.0,12,451,2948,6,1.0
97,0.0,0.0,1.756,1.0,2.0,5,125.4366439880355,283.7663618855796,pobre,0,3,625.0,560.0,1.0,51.0,7,451,2949,2,1.0
98,0.0,0.0,1.756,1.0,3.0,5,125.4366439880355,283.7663618855796,pobre,0,3,625.0,560.0,1.0,51.0,8,451,2949,2,1.0
97,1.0,0.0,1.756,1.0,7.0,8,125.4366439880355,283.7663618855796,pobre,0,0,625.0,618.28998,1.0,37.0,14,451,2950,7,1.0
98,1.0,0.0,1.756,1.0,8.0,8,125.4366439880355,283.7663618855796,pobre,0,0,625.0,618.28998,1.0,37.0,15,451,2950,7,1.0
97,0.0,0.0,1.756,1.0,5.0,8,125.4366439880355,283.7663618855796,pobre,0,0,625.0,618.28998,1.0,37.0,12,451,2951,5,1.0
98,0.0,0.0,1.756,1.0,6.0,8,125.4366439880355,283.7663618855796,pobre,0,0,625.0,618.28998,1.0,37.0,13,451,2951,5,1.0
97,0.0,0.0,1.756,1.0,4.0,8,125.4366439880355,283.7663618855796,pobre,0,0,625.0,618.28998,1.0,37.0,10,451,2952,4,1.0
98,0.0,0.0,1.756,1.0,5.0,8,125.4366439880355,283.7663618855796,pobre,0,0,625.0,618.28998,1.0,37.0,11,451,2952,4,1.0
97,0.0,0.0,1.756,1.0,2.0,8,125.4366439880355,283.7663618855796,pobre,0,0,625.0,618.28998,1.0,37.0,8,451,2953,2,1.0
98,0.0,0.0,1.756,1.0,2.0,8,125.4366439880355,283.7663618855796,pobre,0,0,625.0,618.28998,1.0,37.0,9,451,2953,2,1.0
97,1.0,0.0,1.756,1.0,1.0,8,125.4366439880355,283.7663618855796,pobre,0,0,625.0,618.28998,1.0,37.0,6,451,2954,1,1.0
98,1.0,0.0,1.756,1.0,2.0,8,125.4366439880355,283.7663618855796,pobre,0,0,625.0,618.28998,1.0,37.0,7,451,2954,1,1.0
97,0.0,0.0,1.756,0.0,9.0,5,125.4366439880355,283.7663618855796,pobre,0,0,0.0,857.0,1.0,47.0,14,451,2955,9,0.0
98,0.0,0.0,1.756,0.0,9.0,5,125.4366439880355,283.7663618855796,pobre,0,0,0.0,857.0,1.0,47.0,15,451,2955,9,0.0
97,1.0,0.0,1.756,1.0,8.0,5,125.4366439880355,283.7663618855796,pobre,0,0,500.0,707.0,1.0,45.0,15,451,2956,8,1.0
98,1.0,0.0,1.756,1.0,7.0,5,125.4366439880355,283.7663618855796,pobre,0,0,500.0,707.0,1.0,45.0,16,451,2956,8,1.0
97,1.0,0.0,1.756,1.0,0.0,5,125.4366439880355,283.7663618855796,pobre,0,0,500.0,707.0,1.0,45.0,10,451,2957,0,1.0
98,1.0,0.0,1.756,1.0,3.0,5,125.4366439880355,283.7663618855796,pobre,0,0,500.0,707.0,1.0,45.0,11,451,2957,0,1.0
97,0.0,0.0,1.756,0.0,1.0,5,125.4366439880355,283.7663618855796,no pobre,0,1,0.0,951.5,1.0,57.0,15,451,2958,1,0.0
98,0.0,0.0,1.756,,,5,125.4366439880355,283.7663618855796,no pobre,0,1,0.0,951.5,1.0,57.0,16,451,2958,1,0.0
97,1.0,0.0,1.756,1.0,0.0,7,125.4366439880355,283.7663618855796,pobre,0,2,500.0,748.5,1.0,72.0,6,451,2959,0,1.0
98,1.0,0.0,1.756,1.0,1.0,7,125.4366439880355,283.7663618855796,pobre,0,2,500.0,748.5,1.0,72.0,7,451,2959,0,1.0
97,1.0,0.0,1.756,1.0,3.0,5,125.4366439880355,283.7663618855796,pobre,0,4,0.0,579.0,1.0,32.0,9,451,2960,3,1.0
98,1.0,0.0,1.756,1.0,4.0,5,125.4366439880355,283.7663618855796,pobre,0,4,0.0,579.0,1.0,32.0,10,451,2960,3,1.0
97,1.0,0.0,1.756,1.0,0.0,5,125.4366439880355,283.7663618855796,pobre,0,4,0.0,579.0,1.0,32.0,7,451,2961,0,1.0
98,1.0,0.0,1.756,1.0,1.0,5,125.4366439880355,283.7663618855796,pobre,0,4,0.0,579.0,1.0,32.0,8,451,2961,0,1.0
97,1.0,0.0,1.756,0.0,6.0,6,125.4366439880355,283.7663618855796,pobre,0,3,400.0,535.0,1.0,45.0,15,451,2962,6,0.0
98,1.0,0.0,1.756,0.0,6.0,6,125.4366439880355,283.7663618855796,pobre,0,3,400.0,535.0,1.0,45.0,16,451,2962,6,0.0
97,1.0,0.0,1.756,0.0,6.0,6,125.4366439880355,283.7663618855796,pobre,0,3,400.0,535.0,1.0,45.0,11,451,2963,6,0.0
98,1.0,0.0,1.756,0.0,6.0,6,125.4366439880355,283.7663618855796,pobre,0,3,400.0,535.0,1.0,45.0,12,451,2963,6,0.0
97,1.0,0.0,1.756,0.0,6.0,6,125.4366439880355,283.7663618855796,pobre,0,3,400.0,535.0,1.0,45.0,11,451,2964,6,0.0
98,1.0,0.0,1.756,0.0,6.0,6,125.4366439880355,283.7663618855796,pobre,0,3,400.0,535.0,1.0,45.0,12,451,2964,6,0.0
97,1.0,0.0,1.756,1.0,0.0,6,125.4366439880355,283.7663618855796,pobre,0,3,400.0,535.0,1.0,45.0,6,451,2965,0,1.0
98,1.0,0.0,1.756,1.0,0.0,6,125.4366439880355,283.7663618855796,pobre,0,3,400.0,535.0,1.0,45.0,7,451,2965,0,1.0
97,1.0,0.0,1.756,0.0,9.0,9,125.4366439880355,283.7663618855796,pobre,0,5,0.0,424.0,1.0,37.0,15,451,2966,9,0.0
98,1.0,0.0,1.756,0.0,9.0,9,125.4366439880355,283.7663618855796,pobre,0,5,0.0,424.0,1.0,37.0,16,451,2966,9,0.0
97,0.0,0.0,1.756,1.0,5.0,9,125.4366439880355,283.7663618855796,pobre,0,5,0.0,424.0,1.0,37.0,13,451,2967,5,1.0
98,0.0,0.0,1.756,0.0,5.0,9,125.4366439880355,283.7663618855796,pobre,0,5,0.0,424.0,1.0,37.0,14,451,2967,5,1.0
97,0.0,0.0,1.756,1.0,3.0,9,125.4366439880355,283.7663618855796,pobre,0,5,0.0,424.0,1.0,37.0,8,451,2968,3,1.0
98,0.0,0.0,1.756,0.0,4.0,9,125.4366439880355,283.7663618855796,pobre,0,5,0.0,424.0,1.0,37.0,9,451,2968,3,1.0
97,0.0,0.0,1.756,1.0,1.0,9,125.4366439880355,283.7663618855796,pobre,0,5,0.0,424.0,1.0,37.0,6,451,2969,1,1.0
98,0.0,0.0,1.756,1.0,1.0,9,125.4366439880355,283.7663618855796,pobre,0,5,0.0,424.0,1.0,37.0,7,451,2969,1,1.0
97,1.0,0.0,1.756,,0.0,6,125.4366439880355,283.7663618855796,pobre,0,1,375.0,537.33002,1.0,80.0,15,451,2970,0,
98,1.0,0.0,1.756,,,6,125.4366439880355,283.7663618855796,pobre,0,1,375.0,537.33002,1.0,80.0,16,451,2970,0,
97,1.0,0.0,1.756,,0.0,6,125.4366439880355,283.7663618855796,pobre,0,1,375.0,537.33002,1.0,80.0,11,451,2971,0,
98,1.0,0.0,1.756,0.0,5.0,6,125.4366439880355,283.7663618855796,pobre,0,1,375.0,537.33002,1.0,80.0,12,451,2971,0,
97,0.0,0.0,1.756,0.0,9.0,9,125.4366439880355,283.7663618855796,pobre,0,3,375.0,652.0,1.0,39.0,16,451,2972,9,0.0
98,0.0,0.0,1.756,,,9,125.4366439880355,283.7663618855796,pobre,0,3,375.0,652.0,1.0,39.0,17,451,2972,9,0.0
97,1.0,0.0,1.756,1.0,8.0,9,125.4366439880355,283.7663618855796,pobre,0,3,375.0,652.0,1.0,39.0,14,451,2973,8,1.0
98,1.0,0.0,1.756,0.0,9.0,9,125.4366439880355,283.7663618855796,pobre,0,3,375.0,652.0,1.0,39.0,15,451,2973,8,1.0
97,0.0,0.0,1.756,1.0,5.0,9,125.4366439880355,283.7663618855796,pobre,0,3,375.0,652.0,1.0,39.0,11,451,2974,5,1.0
98,0.0,0.0,1.756,1.0,6.0,9,125.4366439880355,283.7663618855796,pobre,0,3,375.0,652.0,1.0,39.0,12,451,2974,5,1.0
97,0.0,0.0,1.756,1.0,2.0,9,125.4366439880355,283.7663618855796,pobre,0,3,375.0,652.0,1.0,39.0,9,451,2975,2,1.0
98,0.0,0.0,1.756,1.0,3.0,9,125.4366439880355,283.7663618855796,pobre,0,3,375.0,652.0,1.0,39.0,10,451,2975,2,1.0
97,0.0,0.0,1.756,0.0,9.0,6,125.4366439880355,283.7663618855796,pobre,0,3,0.0,810.0,1.0,58.0,15,451,2976,9,0.0
98,0.0,0.0,1.756,,,6,125.4366439880355,283.7663618855796,pobre,0,3,0.0,810.0,1.0,58.0,16,451,2976,9,0.0
97,1.0,0.0,1.756,1.0,8.0,6,125.4366439880355,283.7663618855796,pobre,0,3,0.0,810.0,1.0,58.0,14,451,2977,8,1.0
98,1.0,0.0,1.756,0.0,9.0,6,125.4366439880355,283.7663618855796,pobre,0,3,0.0,810.0,1.0,58.0,15,451,2977,8,1.0
97,0.0,0.0,1.756,0.0,6.0,12,125.4366439880355,283.7663618855796,pobre,0,2,0.0,441.0,1.0,43.0,15,451,2978,6,0.0
98,0.0,0.0,1.756,,,12,125.4366439880355,283.7663618855796,pobre,0,2,0.0,441.0,1.0,43.0,16,451,2978,6,0.0
97,0.0,0.0,1.756,0.0,6.0,12,125.4366439880355,283.7663618855796,pobre,0,2,0.0,441.0,1.0,43.0,15,451,2979,6,0.0
98,0.0,0.0,1.756,0.0,6.0,12,125.4366439880355,283.7663618855796,pobre,0,2,0.0,441.0,1.0,43.0,16,451,2979,6,0.0
97,1.0,0.0,1.756,0.0,5.0,12,125.4366439880355,283.7663618855796,pobre,0,2,0.0,441.0,1.0,43.0,13,451,2980,5,0.0
98,1.0,0.0,1.756,0.0,7.0,12,125.4366439880355,283.7663618855796,pobre,0,2,0.0,441.0,1.0,43.0,14,451,2980,5,0.0
97,1.0,0.0,1.756,1.0,3.0,12,125.4366439880355,283.7663618855796,pobre,0,2,0.0,441.0,1.0,43.0,11,451,2981,3,1.0
98,1.0,0.0,1.756,1.0,4.0,12,125.4366439880355,283.7663618855796,pobre,0,2,0.0,441.0,1.0,43.0,12,451,2981,3,1.0
97,0.0,0.0,1.756,1.0,1.0,12,125.4366439880355,283.7663618855796,pobre,0,2,0.0,441.0,1.0,43.0,9,451,2982,1,1.0
98,0.0,0.0,1.756,1.0,4.0,12,125.4366439880355,283.7663618855796,pobre,0,2,0.0,441.0,1.0,43.0,10,451,2982,1,1.0
97,1.0,0.0,1.756,1.0,0.0,12,125.4366439880355,283.7663618855796,pobre,0,2,0.0,441.0,1.0,43.0,8,451,2983,0,1.0
98,1.0,0.0,1.756,1.0,1.0,12,125.4366439880355,283.7663618855796,pobre,0,2,0.0,441.0,1.0,43.0,9,451,2983,0,1.0
97,0.0,0.0,1.756,1.0,0.0,12,125.4366439880355,283.7663618855796,pobre,0,2,0.0,441.0,1.0,43.0,6,451,2984,0,1.0
98,0.0,0.0,1.756,1.0,1.0,12,125.4366439880355,283.7663618855796,pobre,0,2,0.0,441.0,1.0,43.0,7,451,2984,0,1.0
97,1.0,0.0,1.756,0.0,6.0,6,125.4366439880355,283.7663618855796,pobre,0,3,600.0,512.33002,1.0,34.0,16,451,2985,6,0.0
98,1.0,0.0,1.756,,,6,125.4366439880355,283.7663618855796,pobre,0,3,600.0,512.33002,1.0,34.0,17,451,2985,6,0.0
97,1.0,0.0,1.756,1.0,6.0,6,125.4366439880355,283.7663618855796,pobre,0,3,600.0,512.33002,1.0,34.0,14,451,2986,6,1.0
98,1.0,0.0,1.756,0.0,6.0,6,125.4366439880355,283.7663618855796,pobre,0,3,600.0,512.33002,1.0,34.0,15,451,2986,6,1.0
97,0.0,0.0,1.756,1.0,5.0,6,125.4366439880355,283.7663618855796,pobre,0,3,600.0,512.33002,1.0,34.0,11,451,2987,5,1.0
98,0.0,0.0,1.756,1.0,5.0,6,125.4366439880355,283.7663618855796,pobre,0,3,600.0,512.33002,1.0,34.0,12,451,2987,5,1.0
97,0.0,,1.756,,0.0,6,125.4366439880355,283.7663618855796,pobre,0,3,600.0,512.33002,1.0,34.0,6,451,2988,0,
98,0.0,,1.756,1.0,0.0,6,125.4366439880355,283.7663618855796,pobre,0,3,600.0,512.33002,1.0,34.0,7,451,2988,0,
97,0.0,0.0,1.756,0.0,6.0,6,125.4366439880355,283.7663618855796,pobre,0,2,0.0,623.5,1.0,66.0,15,451,2989,6,0.0
98,0.0,0.0,1.756,0.0,6.0,6,125.4366439880355,283.7663618855796,pobre,0,2,0.0,623.5,1.0,66.0,16,451,2989,6,0.0
97,0.0,0.0,1.756,,0.0,5,125.4366439880355,283.7663618855796,no pobre,0,0,500.0,876.5,1.0,60.0,14,451,2990,0,
98,0.0,0.0,1.756,0.0,5.0,5,125.4366439880355,283.7663618855796,no pobre,0,0,500.0,876.5,1.0,60.0,15,451,2990,0,
97,1.0,0.0,1.756,1.0,3.0,5,125.4366439880355,283.7663618855796,no pobre,0,0,500.0,876.5,1.0,60.0,11,451,2991,3,1.0
98,1.0,0.0,1.756,0.0,6.0,5,125.4366439880355,283.7663618855796,no pobre,0,0,500.0,876.5,1.0,60.0,12,451,2991,3,1.0
97,1.0,0.0,1.756,0.0,6.0,6,125.4366439880355,283.7663618855796,pobre,0,3,500.0,599.0,1.0,39.0,15,451,2992,6,0.0
98,1.0,0.0,1.756,0.0,6.0,6,125.4366439880355,283.7663618855796,pobre,0,3,500.0,599.0,1.0,39.0,16,451,2992,6,0.0
97,1.0,0.0,1.756,0.0,6.0,6,125.4366439880355,283.7663618855796,pobre,0,3,500.0,599.0,1.0,39.0,12,451,2993,6,0.0
98,1.0,0.0,1.756,0.0,6.0,6,125.4366439880355,283.7663618855796,pobre,0,3,500.0,599.0,1.0,39.0,13,451,2993,6,0.0
97,1.0,0.0,1.756,1.0,4.0,6,125.4366439880355,283.7663618855796,pobre,0,3,500.0,599.0,1.0,39.0,10,451,2994,4,1.0
98,1.0,0.0,1.756,1.0,5.0,6,125.4366439880355,283.7663618855796,pobre,0,3,500.0,599.0,1.0,39.0,11,451,2994,4,1.0
97,0.0,0.0,1.756,1.0,2.0,6,125.4366439880355,283.7663618855796,pobre,0,3,500.0,599.0,1.0,39.0,7,451,2995,2,1.0
98,0.0,0.0,1.756,1.0,3.0,6,125.4366439880355,283.7663618855796,pobre,0,3,500.0,599.0,1.0,39.0,8,451,2995,2,1.0
97,0.0,1.0,2.138,0.0,6.0,3,152.4683407190686,278.1831441613768,pobre,0,0,625.0,591.0,1.0,20.0,16,504,2996,6,0.0
98,0.0,1.0,2.138,,,3,152.4683407190686,278.1831441613768,pobre,0,0,625.0,591.0,1.0,20.0,17,504,2996,6,0.0
97,0.0,1.0,2.138,1.0,4.0,5,152.4683407190686,278.1831441613768,pobre,0,4,500.0,519.0,1.0,27.0,9,504,2997,4,1.0
98,0.0,1.0,2.138,1.0,4.0,5,152.4683407190686,278.1831441613768,pobre,0,4,500.0,519.0,1.0,27.0,10,504,2997,4,1.0
97,1.0,1.0,2.138,1.0,2.0,5,152.4683407190686,278.1831441613768,pobre,0,4,625.0,530.0,1.0,33.0,6,504,2998,2,1.0
98,1.0,1.0,2.138,,,5,152.4683407190686,278.1831441613768,pobre,0,4,625.0,530.0,1.0,33.0,7,504,2998,2,1.0
97,0.0,1.0,2.138,1.0,4.0,5,152.4683407190686,278.1831441613768,pobre,0,4,625.0,530.0,1.0,33.0,11,504,2999,4,1.0
98,0.0,1.0,2.138,,,5,152.4683407190686,278.1831441613768,pobre,0,4,625.0,530.0,1.0,33.0,12,504,2999,4,1.0
97,1.0,1.0,2.138,1.0,4.0,7,152.4683407190686,278.1831441613768,pobre,0,6,250.0,646.0,1.0,29.0,10,504,3000,4,1.0
98,1.0,1.0,2.138,1.0,4.0,7,152.4683407190686,278.1831441613768,pobre,0,6,250.0,646.0,1.0,29.0,11,504,3000,4,1.0
97,1.0,1.0,2.138,1.0,1.0,7,152.4683407190686,278.1831441613768,pobre,0,6,250.0,646.0,1.0,29.0,6,504,3001,1,1.0
98,1.0,1.0,2.138,1.0,1.0,7,152.4683407190686,278.1831441613768,pobre,0,6,250.0,646.0,1.0,29.0,7,504,3001,1,1.0
97,1.0,1.0,2.138,0.0,6.0,8,152.4683407190686,278.1831441613768,pobre,0,0,500.0,522.0,1.0,38.0,16,504,3002,6,0.0
98,1.0,1.0,2.138,,,8,152.4683407190686,278.1831441613768,pobre,0,0,500.0,522.0,1.0,38.0,17,504,3002,6,0.0
97,1.0,1.0,2.138,0.0,5.0,8,152.4683407190686,278.1831441613768,pobre,0,0,500.0,522.0,1.0,38.0,14,504,3003,5,0.0
98,1.0,1.0,2.138,1.0,5.0,8,152.4683407190686,278.1831441613768,pobre,0,0,500.0,522.0,1.0,38.0,15,504,3003,5,0.0
97,1.0,1.0,2.138,0.0,4.0,8,152.4683407190686,278.1831441613768,pobre,0,0,500.0,522.0,1.0,38.0,14,504,3004,4,0.0
98,1.0,1.0,2.138,1.0,5.0,8,152.4683407190686,278.1831441613768,pobre,0,0,500.0,522.0,1.0,38.0,15,504,3004,4,0.0
97,1.0,1.0,2.138,1.0,1.0,8,152.4683407190686,278.1831441613768,pobre,0,0,500.0,522.0,1.0,38.0,8,504,3005,1,1.0
98,1.0,1.0,2.138,1.0,2.0,8,152.4683407190686,278.1831441613768,pobre,0,0,500.0,522.0,1.0,38.0,9,504,3005,1,1.0
97,1.0,1.0,2.138,1.0,2.0,8,152.4683407190686,278.1831441613768,pobre,0,0,500.0,522.0,1.0,38.0,6,504,3006,2,1.0
98,1.0,1.0,2.138,1.0,0.0,8,152.4683407190686,278.1831441613768,pobre,0,0,500.0,522.0,1.0,38.0,7,504,3006,2,1.0
97,1.0,1.0,2.138,0.0,6.0,9,152.4683407190686,278.1831441613768,pobre,0,0,625.0,553.0,1.0,46.0,15,504,3007,6,0.0
98,1.0,1.0,2.138,0.0,5.0,9,152.4683407190686,278.1831441613768,pobre,0,0,625.0,553.0,1.0,46.0,16,504,3007,6,0.0
97,1.0,1.0,2.138,0.0,6.0,9,152.4683407190686,278.1831441613768,pobre,0,0,625.0,553.0,1.0,46.0,13,504,3008,6,0.0
98,1.0,1.0,2.138,0.0,6.0,9,152.4683407190686,278.1831441613768,pobre,0,0,625.0,553.0,1.0,46.0,14,504,3008,6,0.0
97,0.0,1.0,2.138,1.0,2.0,9,152.4683407190686,278.1831441613768,pobre,0,0,625.0,553.0,1.0,46.0,9,504,3009,2,1.0
98,0.0,1.0,2.138,1.0,2.0,9,152.4683407190686,278.1831441613768,pobre,0,0,625.0,553.0,1.0,46.0,10,504,3009,2,1.0
97,0.0,1.0,2.138,1.0,2.0,9,152.4683407190686,278.1831441613768,pobre,0,0,625.0,553.0,1.0,46.0,7,504,3010,2,1.0
98,0.0,1.0,2.138,1.0,1.0,9,152.4683407190686,278.1831441613768,pobre,0,0,625.0,553.0,1.0,46.0,8,504,3010,2,1.0
97,1.0,1.0,2.138,1.0,3.0,8,152.4683407190686,278.1831441613768,pobre,0,2,500.0,424.0,1.0,34.0,11,504,3011,3,1.0
98,1.0,1.0,2.138,1.0,3.0,8,152.4683407190686,278.1831441613768,pobre,0,2,500.0,424.0,1.0,34.0,12,504,3011,3,1.0
97,0.0,1.0,2.138,1.0,0.0,8,152.4683407190686,278.1831441613768,pobre,0,2,500.0,424.0,1.0,34.0,7,504,3012,0,1.0
98,0.0,1.0,2.138,,,8,152.4683407190686,278.1831441613768,pobre,0,2,500.0,424.0,1.0,34.0,8,504,3012,0,1.0
97,0.0,1.0,2.138,1.0,5.0,8,152.4683407190686,278.1831441613768,pobre,0,2,500.0,424.0,1.0,34.0,14,504,3013,5,1.0
98,0.0,1.0,2.138,,,8,152.4683407190686,278.1831441613768,pobre,0,2,500.0,424.0,1.0,34.0,15,504,3013,5,1.0
97,1.0,1.0,2.138,0.0,6.0,7,152.4683407190686,278.1831441613768,pobre,0,2,500.0,521.5,1.0,37.0,13,504,3014,6,0.0
98,1.0,1.0,2.138,0.0,6.0,7,152.4683407190686,278.1831441613768,pobre,0,2,500.0,521.5,1.0,37.0,14,504,3014,6,0.0
97,0.0,1.0,2.138,,0.0,7,152.4683407190686,278.1831441613768,pobre,0,2,500.0,521.5,1.0,37.0,8,504,3015,0,
98,0.0,1.0,2.138,1.0,2.0,7,152.4683407190686,278.1831441613768,pobre,0,2,500.0,521.5,1.0,37.0,9,504,3015,0,
97,1.0,1.0,2.138,,0.0,4,152.4683407190686,278.1831441613768,pobre,0,0,500.0,653.33002,1.0,90.0,14,504,3016,0,
98,1.0,1.0,2.138,0.0,7.0,4,152.4683407190686,278.1831441613768,pobre,0,0,500.0,653.33002,1.0,90.0,15,504,3016,0,
97,1.0,1.0,2.138,,0.0,6,152.4683407190686,278.1831441613768,pobre,0,2,500.0,490.0,1.0,32.0,11,504,3017,0,
98,1.0,1.0,2.138,,,6,152.4683407190686,278.1831441613768,pobre,0,2,500.0,490.0,1.0,32.0,12,504,3017,0,
97,1.0,1.0,2.138,,0.0,6,152.4683407190686,278.1831441613768,pobre,0,2,500.0,490.0,1.0,32.0,10,504,3018,0,
98,1.0,1.0,2.138,,,6,152.4683407190686,278.1831441613768,pobre,0,2,500.0,490.0,1.0,32.0,11,504,3018,0,
97,0.0,1.0,2.138,,0.0,6,152.4683407190686,278.1831441613768,pobre,0,2,500.0,490.0,1.0,32.0,7,504,3019,0,
98,0.0,1.0,2.138,,,6,152.4683407190686,278.1831441613768,pobre,0,2,500.0,490.0,1.0,32.0,8,504,3019,0,
97,1.0,1.0,2.138,0.0,6.0,11,152.4683407190686,278.1831441613768,pobre,0,0,500.0,516.0,1.0,44.0,13,504,3020,6,0.0
98,1.0,1.0,2.138,0.0,6.0,11,152.4683407190686,278.1831441613768,pobre,0,0,500.0,516.0,1.0,44.0,14,504,3020,6,0.0
97,1.0,1.0,2.138,1.0,3.0,11,152.4683407190686,278.1831441613768,pobre,0,0,500.0,516.0,1.0,44.0,10,504,3021,3,1.0
98,1.0,1.0,2.138,1.0,4.0,11,152.4683407190686,278.1831441613768,pobre,0,0,500.0,516.0,1.0,44.0,11,504,3021,3,1.0
97,0.0,1.0,2.138,0.0,6.0,11,152.4683407190686,278.1831441613768,pobre,0,0,500.0,516.0,1.0,44.0,15,504,3022,6,0.0
98,0.0,1.0,2.138,0.0,6.0,11,152.4683407190686,278.1831441613768,pobre,0,0,500.0,516.0,1.0,44.0,16,504,3022,6,0.0
97,0.0,1.0,2.138,1.0,2.0,11,152.4683407190686,278.1831441613768,pobre,0,0,500.0,516.0,1.0,44.0,9,504,3023,2,1.0
98,0.0,1.0,2.138,1.0,3.0,11,152.4683407190686,278.1831441613768,pobre,0,0,500.0,516.0,1.0,44.0,10,504,3023,2,1.0
97,0.0,1.0,2.138,1.0,1.0,11,152.4683407190686,278.1831441613768,pobre,0,0,500.0,516.0,1.0,44.0,7,504,3024,1,1.0
98,0.0,1.0,2.138,1.0,0.0,11,152.4683407190686,278.1831441613768,pobre,0,0,500.0,516.0,1.0,44.0,8,504,3024,1,1.0
97,1.0,1.0,2.138,1.0,4.0,5,152.4683407190686,278.1831441613768,pobre,0,4,3000.0,529.33002,1.0,31.0,10,504,3025,4,1.0
98,1.0,1.0,2.138,1.0,4.0,5,152.4683407190686,278.1831441613768,pobre,0,4,3000.0,529.33002,1.0,31.0,11,504,3025,4,1.0
97,1.0,1.0,2.138,1.0,1.0,5,152.4683407190686,278.1831441613768,pobre,0,4,3000.0,529.33002,1.0,31.0,10,504,3026,1,1.0
98,1.0,1.0,2.138,1.0,1.0,5,152.4683407190686,278.1831441613768,pobre,0,4,3000.0,529.33002,1.0,31.0,11,504,3026,1,1.0
97,0.0,1.0,2.138,1.0,1.0,5,152.4683407190686,278.1831441613768,pobre,0,2,500.0,550.0,1.0,44.0,7,504,3027,1,1.0
98,0.0,1.0,2.138,,,5,152.4683407190686,278.1831441613768,pobre,0,2,500.0,550.0,1.0,44.0,8,504,3027,1,1.0
97,1.0,1.0,2.138,1.0,9.0,9,152.4683407190686,278.1831441613768,pobre,0,0,500.0,455.0,1.0,27.0,14,504,3028,9,1.0
98,1.0,1.0,2.138,1.0,6.0,9,152.4683407190686,278.1831441613768,pobre,0,0,500.0,455.0,1.0,27.0,15,504,3028,9,1.0
97,1.0,1.0,2.138,1.0,2.0,9,152.4683407190686,278.1831441613768,pobre,0,0,500.0,455.0,1.0,27.0,11,504,3029,2,1.0
98,1.0,1.0,2.138,1.0,4.0,9,152.4683407190686,278.1831441613768,pobre,0,0,500.0,455.0,1.0,27.0,12,504,3029,2,1.0
97,0.0,1.0,2.138,1.0,1.0,9,152.4683407190686,278.1831441613768,pobre,0,0,500.0,455.0,1.0,27.0,7,504,3030,1,1.0
98,0.0,1.0,2.138,1.0,2.0,9,152.4683407190686,278.1831441613768,pobre,0,0,500.0,455.0,1.0,27.0,8,504,3030,1,1.0
97,0.0,1.0,2.138,1.0,1.0,9,152.4683407190686,278.1831441613768,pobre,0,0,500.0,455.0,1.0,27.0,6,504,3031,1,1.0
98,0.0,1.0,2.138,1.0,1.0,9,152.4683407190686,278.1831441613768,pobre,0,0,500.0,455.0,1.0,27.0,7,504,3031,1,1.0
97,0.0,1.0,2.138,0.0,5.0,7,152.4683407190686,278.1831441613768,pobre,0,0,500.0,467.0,1.0,38.0,12,504,3032,5,0.0
98,0.0,1.0,2.138,1.0,4.0,7,152.4683407190686,278.1831441613768,pobre,0,0,500.0,467.0,1.0,38.0,13,504,3032,5,0.0
97,1.0,1.0,2.138,1.0,3.0,7,152.4683407190686,278.1831441613768,pobre,0,0,500.0,467.0,1.0,38.0,11,504,3033,3,1.0
98,1.0,1.0,2.138,1.0,1.0,7,152.4683407190686,278.1831441613768,pobre,0,0,500.0,467.0,1.0,38.0,12,504,3033,3,1.0
97,1.0,1.0,2.138,1.0,2.0,7,152.4683407190686,278.1831441613768,pobre,0,0,500.0,467.0,1.0,38.0,8,504,3034,2,1.0
98,1.0,1.0,2.138,,,7,152.4683407190686,278.1831441613768,pobre,0,0,500.0,467.0,1.0,38.0,9,504,3034,2,1.0
97,1.0,1.0,2.138,1.0,0.0,5,152.4683407190686,278.1831441613768,pobre,0,0,0.0,547.0,0.0,46.0,6,504,3035,0,1.0
98,1.0,1.0,2.138,1.0,1.0,5,152.4683407190686,278.1831441613768,pobre,0,0,0.0,547.0,0.0,46.0,7,504,3035,0,1.0
97,0.0,1.0,2.138,1.0,4.0,9,152.4683407190686,278.1831441613768,pobre,0,0,500.0,561.5,1.0,46.0,14,504,3036,4,1.0
98,0.0,1.0,2.138,0.0,4.0,9,152.4683407190686,278.1831441613768,pobre,0,0,500.0,561.5,1.0,46.0,15,504,3036,4,1.0
97,0.0,1.0,2.138,1.0,3.0,9,152.4683407190686,278.1831441613768,pobre,0,0,500.0,561.5,1.0,46.0,9,504,3037,3,1.0
98,0.0,1.0,2.138,1.0,3.0,9,152.4683407190686,278.1831441613768,pobre,0,0,500.0,561.5,1.0,46.0,10,504,3037,3,1.0
97,1.0,1.0,2.138,1.0,1.0,9,152.4683407190686,278.1831441613768,pobre,0,0,500.0,561.5,1.0,46.0,7,504,3038,1,1.0
98,1.0,1.0,2.138,1.0,2.0,9,152.4683407190686,278.1831441613768,pobre,0,0,500.0,561.5,1.0,46.0,8,504,3038,1,1.0
97,1.0,1.0,2.138,1.0,3.0,4,152.4683407190686,278.1831441613768,pobre,0,1,500.0,584.0,1.0,36.0,13,504,3039,3,1.0
98,1.0,1.0,2.138,1.0,4.0,4,152.4683407190686,278.1831441613768,pobre,0,1,500.0,584.0,1.0,36.0,14,504,3039,3,1.0
97,0.0,1.0,2.138,1.0,1.0,4,152.4683407190686,278.1831441613768,pobre,0,1,500.0,584.0,1.0,36.0,8,504,3040,1,1.0
98,0.0,1.0,2.138,1.0,2.0,4,152.4683407190686,278.1831441613768,pobre,0,1,500.0,584.0,1.0,36.0,9,504,3040,1,1.0
97,1.0,1.0,2.138,1.0,5.0,6,152.4683407190686,278.1831441613768,pobre,0,0,500.0,506.0,1.0,36.0,15,504,3041,5,1.0
98,1.0,1.0,2.138,1.0,6.0,6,152.4683407190686,278.1831441613768,pobre,0,0,500.0,506.0,1.0,36.0,16,504,3041,5,1.0
97,1.0,1.0,2.138,1.0,3.0,6,152.4683407190686,278.1831441613768,pobre,0,0,500.0,506.0,1.0,36.0,10,504,3042,3,1.0
98,1.0,1.0,2.138,1.0,4.0,6,152.4683407190686,278.1831441613768,pobre,0,0,500.0,506.0,1.0,36.0,11,504,3042,3,1.0
97,0.0,1.0,2.138,1.0,1.0,6,152.4683407190686,278.1831441613768,pobre,0,0,500.0,506.0,1.0,36.0,9,504,3043,1,1.0
98,0.0,1.0,2.138,1.0,2.0,6,152.4683407190686,278.1831441613768,pobre,0,0,500.0,506.0,1.0,36.0,10,504,3043,1,1.0
97,0.0,1.0,2.138,1.0,5.0,5,152.4683407190686,278.1831441613768,pobre,0,4,500.0,530.0,1.0,31.0,10,504,3044,5,1.0
98,0.0,1.0,2.138,1.0,5.0,5,152.4683407190686,278.1831441613768,pobre,0,4,500.0,530.0,1.0,31.0,11,504,3044,5,1.0
97,1.0,1.0,2.138,1.0,1.0,5,152.4683407190686,278.1831441613768,pobre,0,4,500.0,530.0,1.0,31.0,6,504,3045,1,1.0
98,1.0,1.0,2.138,1.0,1.0,5,152.4683407190686,278.1831441613768,pobre,0,4,500.0,530.0,1.0,31.0,7,504,3045,1,1.0
97,1.0,1.0,2.138,,0.0,9,152.4683407190686,278.1831441613768,pobre,0,0,500.0,629.08002,1.0,44.0,16,504,3046,0,
98,1.0,1.0,2.138,,,9,152.4683407190686,278.1831441613768,pobre,0,0,500.0,629.08002,1.0,44.0,17,504,3046,0,
97,1.0,1.0,2.138,1.0,5.0,9,152.4683407190686,278.1831441613768,pobre,0,0,500.0,629.08002,1.0,44.0,12,504,3047,5,1.0
98,1.0,1.0,2.138,0.0,6.0,9,152.4683407190686,278.1831441613768,pobre,0,0,500.0,629.08002,1.0,44.0,13,504,3047,5,1.0
97,1.0,1.0,2.138,1.0,3.0,9,152.4683407190686,278.1831441613768,pobre,0,0,500.0,629.08002,1.0,44.0,8,504,3048,3,1.0
98,1.0,1.0,2.138,0.0,4.0,9,152.4683407190686,278.1831441613768,pobre,0,0,500.0,629.08002,1.0,44.0,9,504,3048,3,1.0
97,1.0,1.0,2.138,,0.0,9,152.4683407190686,278.1831441613768,pobre,0,0,500.0,629.08002,1.0,44.0,6,504,3049,0,
98,1.0,1.0,2.138,0.0,1.0,9,152.4683407190686,278.1831441613768,pobre,0,0,500.0,629.08002,1.0,44.0,7,504,3049,0,
97,0.0,1.0,2.138,1.0,5.0,7,152.4683407190686,278.1831441613768,pobre,0,2,500.0,474.0,1.0,36.0,11,504,3050,5,1.0
98,0.0,1.0,2.138,1.0,6.0,7,152.4683407190686,278.1831441613768,pobre,0,2,500.0,474.0,1.0,36.0,12,504,3050,5,1.0
97,0.0,1.0,2.138,1.0,2.0,7,152.4683407190686,278.1831441613768,pobre,0,2,500.0,474.0,1.0,36.0,9,504,3051,2,1.0
98,0.0,1.0,2.138,1.0,3.0,7,152.4683407190686,278.1831441613768,pobre,0,2,500.0,474.0,1.0,36.0,10,504,3051,2,1.0
97,0.0,1.0,2.138,1.0,1.0,7,152.4683407190686,278.1831441613768,pobre,0,2,500.0,474.0,1.0,36.0,7,504,3052,1,1.0
98,0.0,1.0,2.138,1.0,2.0,7,152.4683407190686,278.1831441613768,pobre,0,2,500.0,474.0,1.0,36.0,8,504,3052,1,1.0
97,1.0,0.0,3.3210001,1.0,7.0,5,156.6796310386692,270.9061189275933,pobre,basal,3,500.0,665.0,1.0,48.0,14,462,3053,7,1.0
98,1.0,0.0,3.3210001,1.0,8.0,5,156.6796310386692,270.9061189275933,pobre,basal,3,500.0,665.0,1.0,48.0,15,462,3053,7,1.0
97,1.0,0.0,3.3210001,1.0,3.0,5,156.6796310386692,270.9061189275933,pobre,basal,3,500.0,665.0,1.0,48.0,12,462,3054,3,1.0
98,1.0,0.0,3.3210001,1.0,4.0,5,156.6796310386692,270.9061189275933,pobre,basal,3,500.0,665.0,1.0,48.0,13,462,3054,3,1.0
97,1.0,0.0,3.3210001,1.0,6.0,3,156.6796310386692,270.9061189275933,pobre,basal,3,0.0,740.0,0.0,82.0,11,462,3055,6,1.0
98,1.0,0.0,3.3210001,1.0,6.0,3,156.6796310386692,270.9061189275933,pobre,basal,3,0.0,740.0,0.0,82.0,12,462,3055,6,1.0
97,1.0,0.0,3.3210001,1.0,5.0,6,156.6796310386692,270.9061189275933,pobre,basal,4,1000.0,796.0,1.0,46.0,11,462,3056,5,1.0
98,1.0,0.0,3.3210001,1.0,6.0,6,156.6796310386692,270.9061189275933,pobre,basal,4,1000.0,796.0,1.0,46.0,12,462,3056,5,1.0
97,1.0,0.0,3.3210001,1.0,2.0,6,156.6796310386692,270.9061189275933,pobre,basal,4,1000.0,796.0,1.0,46.0,9,462,3057,2,1.0
98,1.0,0.0,3.3210001,1.0,3.0,6,156.6796310386692,270.9061189275933,pobre,basal,4,1000.0,796.0,1.0,46.0,10,462,3057,2,1.0
97,1.0,0.0,3.3210001,1.0,1.0,6,156.6796310386692,270.9061189275933,pobre,basal,4,1000.0,796.0,1.0,46.0,7,462,3058,1,1.0
98,1.0,0.0,3.3210001,1.0,2.0,6,156.6796310386692,270.9061189275933,pobre,basal,4,1000.0,796.0,1.0,46.0,8,462,3058,1,1.0
97,0.0,0.0,3.767,1.0,5.0,4,127.5952702289413,288.2051001430655,pobre,basal,0,0.0,856.0,0.0,50.0,14,450,3059,5,1.0
98,0.0,0.0,3.767,1.0,5.0,4,127.5952702289413,288.2051001430655,pobre,basal,0,0.0,856.0,0.0,50.0,15,450,3059,5,1.0
97,0.0,0.0,3.767,1.0,0.0,4,127.5952702289413,288.2051001430655,pobre,basal,0,0.0,856.0,0.0,50.0,6,450,3060,0,1.0
98,0.0,0.0,3.767,1.0,1.0,4,127.5952702289413,288.2051001430655,pobre,basal,0,0.0,856.0,0.0,50.0,7,450,3060,0,1.0
97,1.0,0.0,3.767,0.0,6.0,11,127.5952702289413,288.2051001430655,pobre,basal,2,250.0,875.40002,1.0,43.0,15,450,3061,6,0.0
98,1.0,0.0,3.767,,,11,127.5952702289413,288.2051001430655,pobre,basal,2,250.0,875.40002,1.0,43.0,16,450,3061,6,0.0
97,0.0,0.0,3.767,1.0,5.0,11,127.5952702289413,288.2051001430655,pobre,basal,2,250.0,875.40002,1.0,43.0,14,450,3062,5,1.0
98,0.0,0.0,3.767,0.0,6.0,11,127.5952702289413,288.2051001430655,pobre,basal,2,250.0,875.40002,1.0,43.0,15,450,3062,5,1.0
97,1.0,0.0,3.767,0.0,6.0,11,127.5952702289413,288.2051001430655,pobre,basal,2,250.0,875.40002,1.0,43.0,13,450,3063,6,0.0
98,1.0,0.0,3.767,0.0,6.0,11,127.5952702289413,288.2051001430655,pobre,basal,2,250.0,875.40002,1.0,43.0,14,450,3063,6,0.0
97,1.0,0.0,3.767,1.0,4.0,11,127.5952702289413,288.2051001430655,pobre,basal,2,250.0,875.40002,1.0,43.0,11,450,3064,4,1.0
98,1.0,0.0,3.767,1.0,5.0,11,127.5952702289413,288.2051001430655,pobre,basal,2,250.0,875.40002,1.0,43.0,12,450,3064,4,1.0
97,0.0,0.0,3.767,1.0,1.0,11,127.5952702289413,288.2051001430655,pobre,basal,2,250.0,875.40002,1.0,43.0,8,450,3065,1,1.0
98,0.0,0.0,3.767,1.0,2.0,11,127.5952702289413,288.2051001430655,pobre,basal,2,250.0,875.40002,1.0,43.0,9,450,3065,1,1.0
97,0.0,0.0,3.767,1.0,0.0,11,127.5952702289413,288.2051001430655,pobre,basal,2,250.0,875.40002,1.0,43.0,6,450,3066,0,1.0
98,0.0,0.0,3.767,1.0,1.0,11,127.5952702289413,288.2051001430655,pobre,basal,2,250.0,875.40002,1.0,43.0,7,450,3066,0,1.0
97,0.0,1.0,3.767,0.0,6.0,5,127.5952702289413,288.2051001430655,pobre,basal,0,375.0,796.5,1.0,45.0,14,450,3067,6,0.0
98,0.0,1.0,3.767,0.0,6.0,5,127.5952702289413,288.2051001430655,pobre,basal,0,375.0,796.5,1.0,45.0,15,450,3067,6,0.0
97,1.0,1.0,3.767,1.0,1.0,5,127.5952702289413,288.2051001430655,pobre,basal,0,375.0,796.5,1.0,45.0,7,450,3068,1,1.0
98,1.0,1.0,3.767,1.0,2.0,5,127.5952702289413,288.2051001430655,pobre,basal,0,375.0,796.5,1.0,45.0,8,450,3068,1,1.0
97,0.0,0.0,3.3210001,1.0,6.0,7,156.6796310386692,270.9061189275933,pobre,basal,3,625.0,597.0,1.0,42.0,15,462,3069,6,1.0
98,0.0,0.0,3.3210001,1.0,7.0,7,156.6796310386692,270.9061189275933,pobre,basal,3,625.0,597.0,1.0,42.0,16,462,3069,6,1.0
97,0.0,0.0,3.3210001,1.0,5.0,7,156.6796310386692,270.9061189275933,pobre,basal,3,625.0,597.0,1.0,42.0,12,462,3070,5,1.0
98,0.0,0.0,3.3210001,1.0,6.0,7,156.6796310386692,270.9061189275933,pobre,basal,3,625.0,597.0,1.0,42.0,13,462,3070,5,1.0
97,0.0,0.0,3.3210001,1.0,3.0,7,156.6796310386692,270.9061189275933,pobre,basal,3,625.0,597.0,1.0,42.0,10,462,3071,3,1.0
98,0.0,0.0,3.3210001,1.0,4.0,7,156.6796310386692,270.9061189275933,pobre,basal,3,625.0,597.0,1.0,42.0,11,462,3071,3,1.0
97,0.0,0.0,3.3210001,1.0,1.0,7,156.6796310386692,270.9061189275933,pobre,basal,3,625.0,597.0,1.0,42.0,7,462,3072,1,1.0
98,0.0,0.0,3.3210001,1.0,2.0,7,156.6796310386692,270.9061189275933,pobre,basal,3,625.0,597.0,1.0,42.0,8,462,3072,1,1.0
97,1.0,0.0,3.3210001,,1.0,3,156.6796310386692,270.9061189275933,pobre,basal,0,500.0,738.33099,1.0,75.0,15,462,3073,1,
98,1.0,0.0,3.3210001,0.0,2.0,3,156.6796310386692,270.9061189275933,pobre,basal,0,500.0,738.33099,1.0,75.0,16,462,3073,1,
97,1.0,0.0,3.3210001,1.0,5.0,4,156.6796310386692,270.9061189275933,pobre,basal,3,625.0,704.0,0.0,42.0,12,462,3074,5,1.0
98,1.0,0.0,3.3210001,1.0,6.0,4,156.6796310386692,270.9061189275933,pobre,basal,3,625.0,704.0,0.0,42.0,13,462,3074,5,1.0
97,0.0,0.0,3.3210001,1.0,3.0,4,156.6796310386692,270.9061189275933,pobre,basal,3,625.0,704.0,0.0,42.0,10,462,3075,3,1.0
98,0.0,0.0,3.3210001,1.0,3.0,4,156.6796310386692,270.9061189275933,pobre,basal,3,625.0,704.0,0.0,42.0,11,462,3075,3,1.0
97,0.0,0.0,3.3210001,1.0,2.0,4,156.6796310386692,270.9061189275933,pobre,basal,3,625.0,704.0,0.0,42.0,7,462,3076,2,1.0
98,0.0,0.0,3.3210001,1.0,2.0,4,156.6796310386692,270.9061189275933,pobre,basal,3,625.0,704.0,0.0,42.0,8,462,3076,2,1.0
97,1.0,0.0,3.3210001,1.0,4.0,5,156.6796310386692,270.9061189275933,pobre,basal,0,0.0,767.83099,1.0,70.0,12,462,3077,4,1.0
98,1.0,0.0,3.3210001,1.0,5.0,5,156.6796310386692,270.9061189275933,pobre,basal,0,0.0,767.83099,1.0,70.0,13,462,3077,4,1.0
97,1.0,0.0,3.3210001,1.0,8.0,8,156.6796310386692,270.9061189275933,pobre,basal,1,2400.0,727.33099,1.0,45.0,16,462,3078,8,1.0
98,1.0,0.0,3.3210001,,,8,156.6796310386692,270.9061189275933,pobre,basal,1,2400.0,727.33099,1.0,45.0,17,462,3078,8,1.0
97,0.0,0.0,3.3210001,1.0,5.0,8,156.6796310386692,270.9061189275933,pobre,basal,1,2400.0,727.33099,1.0,45.0,13,462,3079,5,1.0
98,0.0,0.0,3.3210001,1.0,6.0,8,156.6796310386692,270.9061189275933,pobre,basal,1,2400.0,727.33099,1.0,45.0,14,462,3079,5,1.0
97,1.0,0.0,3.3210001,1.0,3.0,8,156.6796310386692,270.9061189275933,pobre,basal,1,2400.0,727.33099,1.0,45.0,11,462,3080,3,1.0
98,1.0,0.0,3.3210001,1.0,4.0,8,156.6796310386692,270.9061189275933,pobre,basal,1,2400.0,727.33099,1.0,45.0,12,462,3080,3,1.0
97,1.0,0.0,3.3210001,1.0,1.0,8,156.6796310386692,270.9061189275933,pobre,basal,1,2400.0,727.33099,1.0,45.0,9,462,3081,1,1.0
98,1.0,0.0,3.3210001,1.0,1.0,8,156.6796310386692,270.9061189275933,pobre,basal,1,2400.0,727.33099,1.0,45.0,10,462,3081,1,1.0
97,1.0,0.0,3.3210001,,0.0,8,156.6796310386692,270.9061189275933,pobre,basal,1,2400.0,727.33099,1.0,45.0,6,462,3082,0,
98,1.0,0.0,3.3210001,,,8,156.6796310386692,270.9061189275933,pobre,basal,1,2400.0,727.33099,1.0,45.0,7,462,3082,0,
97,0.0,0.0,3.3210001,1.0,1.0,3,156.6796310386692,270.9061189275933,pobre,basal,2,500.0,970.5,1.0,53.0,8,462,3083,1,1.0
98,0.0,0.0,3.3210001,1.0,2.0,3,156.6796310386692,270.9061189275933,pobre,basal,2,500.0,970.5,1.0,53.0,9,462,3083,1,1.0
97,0.0,0.0,3.3210001,0.0,6.0,6,156.6796310386692,270.9061189275933,pobre,basal,2,625.0,899.0,1.0,57.0,16,462,3084,6,0.0
98,0.0,0.0,3.3210001,,,6,156.6796310386692,270.9061189275933,pobre,basal,2,625.0,899.0,1.0,57.0,17,462,3084,6,0.0
97,1.0,0.0,3.3210001,1.0,5.0,6,156.6796310386692,270.9061189275933,pobre,basal,2,625.0,899.0,1.0,57.0,12,462,3085,5,1.0
98,1.0,0.0,3.3210001,1.0,6.0,6,156.6796310386692,270.9061189275933,pobre,basal,2,625.0,899.0,1.0,57.0,13,462,3085,5,1.0
97,1.0,1.0,0.72899997,1.0,4.0,12,154.5914288333522,272.0878562975476,pobre,basal,2,500.0,769.0,1.0,54.0,12,469,3086,4,1.0
98,1.0,1.0,0.72899997,1.0,5.0,12,154.5914288333522,272.0878562975476,pobre,basal,2,500.0,769.0,1.0,54.0,13,469,3086,4,1.0
97,0.0,1.0,0.72899997,1.0,8.0,6,154.5914288333522,272.0878562975476,pobre,basal,0,500.0,623.0,1.0,35.0,15,469,3087,8,1.0
98,0.0,1.0,0.72899997,1.0,9.0,6,154.5914288333522,272.0878562975476,pobre,basal,0,500.0,623.0,1.0,35.0,16,469,3087,8,1.0
97,0.0,1.0,0.72899997,1.0,5.0,6,154.5914288333522,272.0878562975476,pobre,basal,0,500.0,623.0,1.0,35.0,11,469,3088,5,1.0
98,0.0,1.0,0.72899997,1.0,6.0,6,154.5914288333522,272.0878562975476,pobre,basal,0,500.0,623.0,1.0,35.0,12,469,3088,5,1.0
97,1.0,1.0,0.72899997,1.0,1.0,6,154.5914288333522,272.0878562975476,pobre,basal,0,500.0,623.0,1.0,35.0,6,469,3089,1,1.0
98,1.0,1.0,0.72899997,1.0,2.0,6,154.5914288333522,272.0878562975476,pobre,basal,0,500.0,623.0,1.0,35.0,7,469,3089,1,1.0
97,0.0,0.0,0.72899997,0.0,9.0,7,154.5914288333522,272.0878562975476,pobre,basal,3,500.0,660.0,1.0,36.0,16,469,3090,9,0.0
98,0.0,0.0,0.72899997,,,7,154.5914288333522,272.0878562975476,pobre,basal,3,500.0,660.0,1.0,36.0,17,469,3090,9,0.0
97,1.0,0.0,0.72899997,1.0,10.0,7,154.5914288333522,272.0878562975476,pobre,basal,3,500.0,660.0,1.0,36.0,15,469,3091,10,1.0
98,1.0,0.0,0.72899997,1.0,10.0,7,154.5914288333522,272.0878562975476,pobre,basal,3,500.0,660.0,1.0,36.0,16,469,3091,10,1.0
97,0.0,0.0,0.72899997,1.0,6.0,7,154.5914288333522,272.0878562975476,pobre,basal,3,500.0,660.0,1.0,36.0,13,469,3092,6,1.0
98,0.0,0.0,0.72899997,1.0,7.0,7,154.5914288333522,272.0878562975476,pobre,basal,3,500.0,660.0,1.0,36.0,14,469,3092,6,1.0
97,1.0,0.0,0.72899997,1.0,1.0,7,154.5914288333522,272.0878562975476,pobre,basal,3,500.0,660.0,1.0,36.0,8,469,3093,1,1.0
98,1.0,0.0,0.72899997,1.0,2.0,7,154.5914288333522,272.0878562975476,pobre,basal,3,500.0,660.0,1.0,36.0,9,469,3093,1,1.0
97,0.0,0.0,0.72899997,1.0,0.0,7,154.5914288333522,272.0878562975476,pobre,basal,3,500.0,660.0,1.0,36.0,6,469,3094,0,1.0
98,0.0,0.0,0.72899997,1.0,1.0,7,154.5914288333522,272.0878562975476,pobre,basal,3,500.0,660.0,1.0,36.0,7,469,3094,0,1.0
97,1.0,0.0,3.3210001,1.0,7.0,6,156.6796310386692,270.9061189275933,pobre,basal,6,500.0,622.0,1.0,37.0,12,462,3095,7,1.0
98,1.0,0.0,3.3210001,1.0,7.0,6,156.6796310386692,270.9061189275933,pobre,basal,6,500.0,622.0,1.0,37.0,13,462,3095,7,1.0
97,1.0,0.0,3.3210001,1.0,4.0,6,156.6796310386692,270.9061189275933,pobre,basal,6,500.0,622.0,1.0,37.0,8,462,3096,4,1.0
98,1.0,0.0,3.3210001,1.0,5.0,6,156.6796310386692,270.9061189275933,pobre,basal,6,500.0,622.0,1.0,37.0,9,462,3096,4,1.0
97,1.0,0.0,3.3210001,1.0,3.0,6,156.6796310386692,270.9061189275933,pobre,basal,6,500.0,622.0,1.0,37.0,8,462,3097,3,1.0
98,1.0,0.0,3.3210001,1.0,4.0,6,156.6796310386692,270.9061189275933,pobre,basal,6,500.0,622.0,1.0,37.0,9,462,3097,3,1.0
97,0.0,0.0,3.3210001,1.0,4.0,9,156.6796310386692,270.9061189275933,pobre,basal,4,500.0,502.0,1.0,42.0,10,462,3098,4,1.0
98,0.0,0.0,3.3210001,1.0,5.0,9,156.6796310386692,270.9061189275933,pobre,basal,4,500.0,502.0,1.0,42.0,11,462,3098,4,1.0
97,1.0,0.0,3.3210001,1.0,4.0,9,156.6796310386692,270.9061189275933,pobre,basal,4,500.0,502.0,1.0,42.0,9,462,3099,4,1.0
98,1.0,0.0,3.3210001,1.0,5.0,9,156.6796310386692,270.9061189275933,pobre,basal,4,500.0,502.0,1.0,42.0,10,462,3099,4,1.0
97,1.0,0.0,3.3210001,1.0,1.0,9,156.6796310386692,270.9061189275933,pobre,basal,4,500.0,502.0,1.0,42.0,7,462,3100,1,1.0
98,1.0,0.0,3.3210001,1.0,2.0,9,156.6796310386692,270.9061189275933,pobre,basal,4,500.0,502.0,1.0,42.0,8,462,3100,1,1.0
97,0.0,0.0,3.3210001,0.0,6.0,9,156.6796310386692,270.9061189275933,pobre,basal,5,500.0,673.5,1.0,40.0,15,462,3101,6,0.0
98,0.0,0.0,3.3210001,0.0,6.0,9,156.6796310386692,270.9061189275933,pobre,basal,5,500.0,673.5,1.0,40.0,16,462,3101,6,0.0
97,1.0,0.0,3.3210001,1.0,6.0,9,156.6796310386692,270.9061189275933,pobre,basal,5,500.0,673.5,1.0,40.0,12,462,3102,6,1.0
98,1.0,0.0,3.3210001,1.0,6.0,9,156.6796310386692,270.9061189275933,pobre,basal,5,500.0,673.5,1.0,40.0,13,462,3102,6,1.0
97,1.0,0.0,3.3210001,1.0,4.0,9,156.6796310386692,270.9061189275933,pobre,basal,5,500.0,673.5,1.0,40.0,10,462,3103,4,1.0
98,1.0,0.0,3.3210001,1.0,4.0,9,156.6796310386692,270.9061189275933,pobre,basal,5,500.0,673.5,1.0,40.0,11,462,3103,4,1.0
97,1.0,0.0,3.3210001,1.0,1.0,9,156.6796310386692,270.9061189275933,pobre,basal,5,500.0,673.5,1.0,40.0,6,462,3104,1,1.0
98,1.0,0.0,3.3210001,1.0,1.0,9,156.6796310386692,270.9061189275933,pobre,basal,5,500.0,673.5,1.0,40.0,7,462,3104,1,1.0
97,1.0,1.0,3.3210001,1.0,6.0,7,156.6796310386692,270.9061189275933,pobre,basal,6,500.0,586.0,1.0,31.0,12,462,3105,6,1.0
98,1.0,1.0,3.3210001,1.0,7.0,7,156.6796310386692,270.9061189275933,pobre,basal,6,500.0,586.0,1.0,31.0,13,462,3105,6,1.0
97,0.0,0.0,3.3210001,1.0,5.0,7,156.6796310386692,270.9061189275933,pobre,basal,6,500.0,586.0,1.0,31.0,10,462,3106,5,1.0
98,0.0,0.0,3.3210001,1.0,6.0,7,156.6796310386692,270.9061189275933,pobre,basal,6,500.0,586.0,1.0,31.0,11,462,3106,5,1.0
97,0.0,0.0,3.3210001,1.0,1.0,7,156.6796310386692,270.9061189275933,pobre,basal,6,500.0,586.0,1.0,31.0,7,462,3107,1,1.0
98,0.0,0.0,3.3210001,1.0,2.0,7,156.6796310386692,270.9061189275933,pobre,basal,6,500.0,586.0,1.0,31.0,8,462,3107,1,1.0
97,0.0,1.0,3.3210001,1.0,3.0,4,156.6796310386692,270.9061189275933,pobre,basal,0,0.0,580.0,1.0,72.0,9,462,3108,3,1.0
98,0.0,1.0,3.3210001,1.0,3.0,4,156.6796310386692,270.9061189275933,pobre,basal,0,0.0,580.0,1.0,72.0,10,462,3108,3,1.0
97,0.0,1.0,3.3210001,0.0,6.0,6,156.6796310386692,270.9061189275933,pobre,basal,4,625.0,513.0,1.0,41.0,15,462,3109,6,0.0
98,0.0,1.0,3.3210001,0.0,9.0,6,156.6796310386692,270.9061189275933,pobre,basal,4,625.0,513.0,1.0,41.0,16,462,3109,6,0.0
97,1.0,1.0,3.3210001,1.0,5.0,6,156.6796310386692,270.9061189275933,pobre,basal,4,625.0,513.0,1.0,41.0,12,462,3110,5,1.0
98,1.0,1.0,3.3210001,1.0,5.0,6,156.6796310386692,270.9061189275933,pobre,basal,4,625.0,513.0,1.0,41.0,13,462,3110,5,1.0
97,1.0,1.0,3.3210001,1.0,4.0,6,156.6796310386692,270.9061189275933,pobre,basal,4,625.0,513.0,1.0,41.0,10,462,3111,4,1.0
98,1.0,1.0,3.3210001,1.0,5.0,6,156.6796310386692,270.9061189275933,pobre,basal,4,625.0,513.0,1.0,41.0,11,462,3111,4,1.0
97,1.0,1.0,3.3210001,1.0,1.0,6,156.6796310386692,270.9061189275933,pobre,basal,4,625.0,513.0,1.0,41.0,7,462,3112,1,1.0
98,1.0,1.0,3.3210001,1.0,2.0,6,156.6796310386692,270.9061189275933,pobre,basal,4,625.0,513.0,1.0,41.0,8,462,3112,1,1.0
97,0.0,0.0,3.3210001,1.0,8.0,5,156.6796310386692,270.9061189275933,pobre,basal,5,625.0,676.0,1.0,44.0,15,462,3113,8,1.0
98,0.0,0.0,3.3210001,1.0,8.0,5,156.6796310386692,270.9061189275933,pobre,basal,5,625.0,676.0,1.0,44.0,16,462,3113,8,1.0
97,1.0,0.0,3.3210001,1.0,7.0,5,156.6796310386692,270.9061189275933,pobre,basal,5,625.0,676.0,1.0,44.0,13,462,3114,7,1.0
98,1.0,0.0,3.3210001,1.0,7.0,5,156.6796310386692,270.9061189275933,pobre,basal,5,625.0,676.0,1.0,44.0,14,462,3114,7,1.0
97,0.0,1.0,3.3210001,1.0,5.0,4,156.6796310386692,270.9061189275933,pobre,basal,3,625.0,745.0,1.0,54.0,14,462,3115,5,1.0
98,0.0,1.0,3.3210001,1.0,6.0,4,156.6796310386692,270.9061189275933,pobre,basal,3,625.0,745.0,1.0,54.0,15,462,3115,5,1.0
97,0.0,0.0,3.3210001,1.0,5.0,5,156.6796310386692,270.9061189275933,pobre,basal,2,0.0,816.33099,0.0,60.0,10,462,3116,5,1.0
98,0.0,0.0,3.3210001,1.0,6.0,5,156.6796310386692,270.9061189275933,pobre,basal,2,0.0,816.33099,0.0,60.0,11,462,3116,5,1.0
97,1.0,0.0,3.3210001,1.0,2.0,5,156.6796310386692,270.9061189275933,pobre,basal,2,0.0,816.33099,0.0,60.0,7,462,3117,2,1.0
98,1.0,0.0,3.3210001,1.0,3.0,5,156.6796310386692,270.9061189275933,pobre,basal,2,0.0,816.33099,0.0,60.0,8,462,3117,2,1.0
97,1.0,1.0,3.3210001,1.0,2.0,5,156.6796310386692,270.9061189275933,pobre,basal,0,625.0,740.5,1.0,72.0,7,462,3118,2,1.0
98,1.0,1.0,3.3210001,1.0,3.0,5,156.6796310386692,270.9061189275933,pobre,basal,0,625.0,740.5,1.0,72.0,8,462,3118,2,1.0
97,0.0,1.0,3.3210001,1.0,1.0,4,156.6796310386692,270.9061189275933,pobre,basal,0,500.0,804.0,1.0,54.0,15,462,3119,1,1.0
98,0.0,1.0,3.3210001,1.0,7.0,4,156.6796310386692,270.9061189275933,pobre,basal,0,500.0,804.0,1.0,54.0,16,462,3119,1,1.0
97,1.0,1.0,3.3210001,1.0,7.0,3,156.6796310386692,270.9061189275933,pobre,basal,0,625.0,732.617,1.0,76.0,12,462,3120,7,1.0
98,1.0,1.0,3.3210001,,,3,156.6796310386692,270.9061189275933,pobre,basal,0,625.0,732.617,1.0,76.0,13,462,3120,7,1.0
97,0.0,1.0,3.3210001,1.0,8.0,3,156.6796310386692,270.9061189275933,pobre,basal,0,625.0,765.0,1.0,58.0,16,462,3121,8,1.0
98,0.0,1.0,3.3210001,,,3,156.6796310386692,270.9061189275933,pobre,basal,0,625.0,765.0,1.0,58.0,17,462,3121,8,1.0
97,1.0,1.0,3.3210001,0.0,6.0,2,156.6796310386692,270.9061189275933,pobre,basal,0,0.0,756.0,0.0,52.0,16,462,3122,6,0.0
98,1.0,1.0,3.3210001,0.0,6.0,2,156.6796310386692,270.9061189275933,pobre,basal,0,0.0,756.0,0.0,52.0,17,462,3122,6,0.0
97,1.0,1.0,3.3210001,1.0,4.0,3,156.6796310386692,270.9061189275933,pobre,basal,0,0.0,711.0,0.0,72.0,10,462,3123,4,1.0
98,1.0,1.0,3.3210001,1.0,5.0,3,156.6796310386692,270.9061189275933,pobre,basal,0,0.0,711.0,0.0,72.0,11,462,3123,4,1.0
97,1.0,1.0,3.3210001,1.0,3.0,5,156.6796310386692,270.9061189275933,pobre,basal,4,500.0,630.0,1.0,32.0,8,462,3124,3,1.0
98,1.0,1.0,3.3210001,1.0,3.0,5,156.6796310386692,270.9061189275933,pobre,basal,4,500.0,630.0,1.0,32.0,9,462,3124,3,1.0
97,0.0,1.0,3.3210001,1.0,1.0,5,156.6796310386692,270.9061189275933,pobre,basal,4,500.0,630.0,1.0,32.0,8,462,3125,1,1.0
98,0.0,1.0,3.3210001,1.0,2.0,5,156.6796310386692,270.9061189275933,pobre,basal,4,500.0,630.0,1.0,32.0,9,462,3125,1,1.0
97,0.0,1.0,1.3710001,1.0,8.0,9,164.3681010719044,269.0810428787099,pobre,0,3,500.0,734.5,1.0,67.0,15,461,3126,8,1.0
98,0.0,1.0,1.3710001,0.0,9.0,9,164.3681010719044,269.0810428787099,pobre,0,3,500.0,734.5,1.0,67.0,16,461,3126,8,1.0
97,1.0,1.0,1.3710001,1.0,4.0,9,164.3681010719044,269.0810428787099,pobre,0,3,500.0,734.5,1.0,67.0,10,461,3127,4,1.0
98,1.0,1.0,1.3710001,1.0,5.0,9,164.3681010719044,269.0810428787099,pobre,0,3,500.0,734.5,1.0,67.0,11,461,3127,4,1.0
97,1.0,1.0,1.3710001,1.0,4.0,9,164.3681010719044,269.0810428787099,pobre,0,3,500.0,734.5,1.0,67.0,10,461,3128,4,1.0
98,1.0,1.0,1.3710001,0.0,5.0,9,164.3681010719044,269.0810428787099,pobre,0,3,500.0,734.5,1.0,67.0,11,461,3128,4,1.0
97,0.0,1.0,1.3710001,1.0,6.0,9,164.3681010719044,269.0810428787099,pobre,0,3,500.0,734.5,1.0,67.0,12,461,3129,6,1.0
98,0.0,1.0,1.3710001,0.0,6.0,9,164.3681010719044,269.0810428787099,pobre,0,3,500.0,734.5,1.0,67.0,13,461,3129,6,1.0
97,1.0,1.0,1.3710001,1.0,2.0,9,164.3681010719044,269.0810428787099,pobre,0,3,500.0,734.5,1.0,67.0,9,461,3130,2,1.0
98,1.0,1.0,1.3710001,1.0,3.0,9,164.3681010719044,269.0810428787099,pobre,0,3,500.0,734.5,1.0,67.0,10,461,3130,2,1.0
97,1.0,1.0,1.3710001,1.0,1.0,9,164.3681010719044,269.0810428787099,pobre,0,3,500.0,734.5,1.0,67.0,7,461,3131,1,1.0
98,1.0,1.0,1.3710001,1.0,2.0,9,164.3681010719044,269.0810428787099,pobre,0,3,500.0,734.5,1.0,67.0,8,461,3131,1,1.0
97,1.0,1.0,1.3710001,1.0,8.0,9,164.3681010719044,269.0810428787099,pobre,0,6,800.0,873.59998,1.0,43.0,14,461,3132,8,1.0
98,1.0,1.0,1.3710001,0.0,9.0,9,164.3681010719044,269.0810428787099,pobre,0,6,800.0,873.59998,1.0,43.0,15,461,3132,8,1.0
97,1.0,1.0,1.3710001,1.0,5.0,9,164.3681010719044,269.0810428787099,pobre,0,6,800.0,873.59998,1.0,43.0,12,461,3133,5,1.0
98,1.0,1.0,1.3710001,1.0,6.0,9,164.3681010719044,269.0810428787099,pobre,0,6,800.0,873.59998,1.0,43.0,13,461,3133,5,1.0
97,1.0,1.0,1.3710001,1.0,2.0,9,164.3681010719044,269.0810428787099,pobre,0,6,800.0,873.59998,1.0,43.0,7,461,3134,2,1.0
98,1.0,1.0,1.3710001,1.0,3.0,9,164.3681010719044,269.0810428787099,pobre,0,6,800.0,873.59998,1.0,43.0,8,461,3134,2,1.0
97,1.0,1.0,2.9059999,1.0,8.0,3,164.3898233324462,270.8384497590258,pobre,basal,4,625.0,821.5,1.0,71.0,16,468,3135,8,1.0
98,1.0,1.0,2.9059999,,,3,164.3898233324462,270.8384497590258,pobre,basal,4,625.0,821.5,1.0,71.0,17,468,3135,8,1.0
97,0.0,1.0,2.9059999,1.0,5.0,3,164.3898233324462,270.8384497590258,pobre,basal,5,625.0,997.5,1.0,48.0,11,468,3136,5,1.0
98,0.0,1.0,2.9059999,1.0,6.0,3,164.3898233324462,270.8384497590258,pobre,basal,5,625.0,997.5,1.0,48.0,12,468,3136,5,1.0
97,1.0,1.0,2.9059999,1.0,5.0,6,164.3898233324462,270.8384497590258,pobre,basal,3,0.0,611.0,1.0,32.0,14,468,3137,5,1.0
98,1.0,1.0,2.9059999,1.0,5.0,6,164.3898233324462,270.8384497590258,pobre,basal,3,0.0,611.0,1.0,32.0,15,468,3137,5,1.0
97,0.0,1.0,2.9059999,1.0,1.0,6,164.3898233324462,270.8384497590258,pobre,basal,3,0.0,611.0,1.0,32.0,12,468,3138,1,1.0
98,0.0,1.0,2.9059999,0.0,2.0,6,164.3898233324462,270.8384497590258,pobre,basal,3,0.0,611.0,1.0,32.0,13,468,3138,1,1.0
97,1.0,1.0,2.9059999,1.0,2.0,6,164.3898233324462,270.8384497590258,pobre,basal,3,0.0,611.0,1.0,32.0,9,468,3139,2,1.0
98,1.0,1.0,2.9059999,1.0,3.0,6,164.3898233324462,270.8384497590258,pobre,basal,3,0.0,611.0,1.0,32.0,10,468,3139,2,1.0
97,0.0,1.0,2.9059999,1.0,4.0,8,164.3898233324462,270.8384497590258,pobre,basal,4,500.0,543.0,1.0,32.0,10,468,3140,4,1.0
98,0.0,1.0,2.9059999,1.0,5.0,8,164.3898233324462,270.8384497590258,pobre,basal,4,500.0,543.0,1.0,32.0,11,468,3140,4,1.0
97,1.0,1.0,2.9059999,1.0,3.0,8,164.3898233324462,270.8384497590258,pobre,basal,4,500.0,543.0,1.0,32.0,9,468,3141,3,1.0
98,1.0,1.0,2.9059999,1.0,4.0,8,164.3898233324462,270.8384497590258,pobre,basal,4,500.0,543.0,1.0,32.0,10,468,3141,3,1.0
97,0.0,1.0,2.9059999,1.0,2.0,8,164.3898233324462,270.8384497590258,pobre,basal,4,500.0,543.0,1.0,32.0,8,468,3142,2,1.0
98,0.0,1.0,2.9059999,1.0,3.0,8,164.3898233324462,270.8384497590258,pobre,basal,4,500.0,543.0,1.0,32.0,9,468,3142,2,1.0
97,0.0,1.0,2.9059999,1.0,9.0,8,164.3898233324462,270.8384497590258,pobre,basal,3,500.0,601.0,1.0,41.0,16,468,3143,9,1.0
98,0.0,1.0,2.9059999,,,8,164.3898233324462,270.8384497590258,pobre,basal,3,500.0,601.0,1.0,41.0,17,468,3143,9,1.0
97,0.0,1.0,2.9059999,1.0,3.0,8,164.3898233324462,270.8384497590258,pobre,basal,3,500.0,601.0,1.0,41.0,14,468,3144,3,1.0
98,0.0,1.0,2.9059999,1.0,,8,164.3898233324462,270.8384497590258,pobre,basal,3,500.0,601.0,1.0,41.0,15,468,3144,3,1.0
97,1.0,1.0,2.9059999,1.0,3.0,8,164.3898233324462,270.8384497590258,pobre,basal,3,500.0,601.0,1.0,41.0,8,468,3145,3,1.0
98,1.0,1.0,2.9059999,1.0,3.0,8,164.3898233324462,270.8384497590258,pobre,basal,3,500.0,601.0,1.0,41.0,9,468,3145,3,1.0
97,0.0,1.0,1.3710001,1.0,1.0,4,164.3681010719044,269.0810428787099,pobre,0,6,0.0,657.0,1.0,27.0,6,461,3146,1,1.0
98,0.0,1.0,1.3710001,1.0,1.0,4,164.3681010719044,269.0810428787099,pobre,0,6,0.0,657.0,1.0,27.0,7,461,3146,1,1.0
97,0.0,0.0,2.9059999,0.0,6.0,10,164.3898233324462,270.8384497590258,pobre,basal,0,500.0,516.0,1.0,55.0,15,468,3147,6,0.0
98,0.0,0.0,2.9059999,1.0,6.0,10,164.3898233324462,270.8384497590258,pobre,basal,0,500.0,516.0,1.0,55.0,16,468,3147,6,0.0
97,1.0,1.0,2.9059999,1.0,4.0,10,164.3898233324462,270.8384497590258,pobre,basal,0,500.0,516.0,1.0,55.0,12,468,3148,4,1.0
98,1.0,1.0,2.9059999,1.0,5.0,10,164.3898233324462,270.8384497590258,pobre,basal,0,500.0,516.0,1.0,55.0,13,468,3148,4,1.0
97,0.0,1.0,2.9059999,1.0,5.0,10,164.3898233324462,270.8384497590258,pobre,basal,0,500.0,516.0,1.0,55.0,13,468,3149,5,1.0
98,0.0,1.0,2.9059999,1.0,6.0,10,164.3898233324462,270.8384497590258,pobre,basal,0,500.0,516.0,1.0,55.0,14,468,3149,5,1.0
97,1.0,1.0,2.9059999,1.0,4.0,10,164.3898233324462,270.8384497590258,pobre,basal,0,500.0,516.0,1.0,55.0,11,468,3150,4,1.0
98,1.0,1.0,2.9059999,1.0,5.0,10,164.3898233324462,270.8384497590258,pobre,basal,0,500.0,516.0,1.0,55.0,12,468,3150,4,1.0
97,0.0,1.0,2.9059999,1.0,1.0,10,164.3898233324462,270.8384497590258,pobre,basal,0,500.0,516.0,1.0,55.0,9,468,3151,1,1.0
98,0.0,1.0,2.9059999,1.0,2.0,10,164.3898233324462,270.8384497590258,pobre,basal,0,500.0,516.0,1.0,55.0,10,468,3151,1,1.0
97,0.0,1.0,1.3710001,0.0,6.0,5,164.3681010719044,269.0810428787099,pobre,0,0,0.0,534.0,0.0,54.0,15,461,3152,6,0.0
98,0.0,1.0,1.3710001,0.0,6.0,5,164.3681010719044,269.0810428787099,pobre,0,0,0.0,534.0,0.0,54.0,16,461,3152,6,0.0
97,1.0,1.0,1.3710001,1.0,10.0,8,164.3681010719044,269.0810428787099,pobre,0,6,1250.0,826.0,1.0,47.0,15,461,3153,10,1.0
98,1.0,1.0,1.3710001,,,8,164.3681010719044,269.0810428787099,pobre,0,6,1250.0,826.0,1.0,47.0,16,461,3153,10,1.0
97,1.0,1.0,1.3710001,1.0,7.0,8,164.3681010719044,269.0810428787099,pobre,0,6,1250.0,826.0,1.0,47.0,15,461,3154,7,1.0
98,1.0,1.0,1.3710001,1.0,8.0,8,164.3681010719044,269.0810428787099,pobre,0,6,1250.0,826.0,1.0,47.0,16,461,3154,7,1.0
97,1.0,1.0,1.3710001,1.0,7.0,8,164.3681010719044,269.0810428787099,pobre,0,6,1250.0,826.0,1.0,47.0,13,461,3155,7,1.0
98,1.0,1.0,1.3710001,1.0,8.0,8,164.3681010719044,269.0810428787099,pobre,0,6,1250.0,826.0,1.0,47.0,14,461,3155,7,1.0
97,1.0,1.0,1.3710001,1.0,4.0,8,164.3681010719044,269.0810428787099,pobre,0,6,1250.0,826.0,1.0,47.0,10,461,3156,4,1.0
98,1.0,1.0,1.3710001,1.0,5.0,8,164.3681010719044,269.0810428787099,pobre,0,6,1250.0,826.0,1.0,47.0,11,461,3156,4,1.0
97,1.0,0.0,3.767,0.0,6.0,5,127.5952702289413,288.2051001430655,pobre,basal,2,375.0,872.0,1.0,50.0,15,450,3157,6,0.0
98,1.0,0.0,3.767,0.0,6.0,5,127.5952702289413,288.2051001430655,pobre,basal,2,375.0,872.0,1.0,50.0,16,450,3157,6,0.0
97,0.0,0.0,3.767,,0.0,5,127.5952702289413,288.2051001430655,pobre,basal,2,375.0,872.0,1.0,50.0,12,450,3158,0,
98,0.0,0.0,3.767,,,5,127.5952702289413,288.2051001430655,pobre,basal,2,375.0,872.0,1.0,50.0,13,450,3158,0,
97,1.0,0.0,0.289,1.0,4.0,3,149.2095000992339,244.7946251690846,pobre,0,5,625.0,690.0,1.0,35.0,11,463,3159,4,1.0
98,1.0,0.0,0.289,1.0,5.0,3,149.2095000992339,244.7946251690846,pobre,0,5,625.0,690.0,1.0,35.0,12,463,3159,4,1.0
97,1.0,0.0,0.289,1.0,7.0,7,149.2095000992339,244.7946251690846,pobre,0,3,100.0,599.0,1.0,43.0,14,463,3160,7,1.0
98,1.0,0.0,0.289,1.0,8.0,7,149.2095000992339,244.7946251690846,pobre,0,3,100.0,599.0,1.0,43.0,15,463,3160,7,1.0
97,0.0,0.0,0.289,1.0,3.0,7,149.2095000992339,244.7946251690846,pobre,0,3,100.0,599.0,1.0,43.0,9,463,3161,3,1.0
98,0.0,0.0,0.289,1.0,4.0,7,149.2095000992339,244.7946251690846,pobre,0,3,100.0,599.0,1.0,43.0,10,463,3161,3,1.0
97,0.0,0.0,0.289,1.0,0.0,4,149.2095000992339,244.7946251690846,pobre,0,2,0.0,704.0,1.0,62.0,6,463,3162,0,1.0
98,0.0,0.0,0.289,1.0,1.0,4,149.2095000992339,244.7946251690846,pobre,0,2,0.0,704.0,1.0,62.0,7,463,3162,0,1.0
97,0.0,0.0,3.767,1.0,1.0,8,127.5952702289413,288.2051001430655,pobre,basal,3,375.0,875.0,1.0,57.0,6,450,3163,1,1.0
98,0.0,0.0,3.767,1.0,1.0,8,127.5952702289413,288.2051001430655,pobre,basal,3,375.0,875.0,1.0,57.0,7,450,3163,1,1.0
97,0.0,0.0,3.767,0.0,8.0,6,127.5952702289413,288.2051001430655,pobre,basal,2,375.0,657.0,1.0,42.0,14,450,3164,8,0.0
98,0.0,0.0,3.767,0.0,9.0,6,127.5952702289413,288.2051001430655,pobre,basal,2,375.0,657.0,1.0,42.0,15,450,3164,8,0.0
97,1.0,0.0,3.767,1.0,4.0,6,127.5952702289413,288.2051001430655,pobre,basal,2,375.0,657.0,1.0,42.0,12,450,3165,4,1.0
98,1.0,0.0,3.767,1.0,5.0,6,127.5952702289413,288.2051001430655,pobre,basal,2,375.0,657.0,1.0,42.0,13,450,3165,4,1.0
97,0.0,0.0,3.767,1.0,3.0,6,127.5952702289413,288.2051001430655,pobre,basal,2,375.0,657.0,1.0,42.0,11,450,3166,3,1.0
98,0.0,0.0,3.767,1.0,4.0,6,127.5952702289413,288.2051001430655,pobre,basal,2,375.0,657.0,1.0,42.0,12,450,3166,3,1.0
97,0.0,0.0,3.767,1.0,0.0,6,127.5952702289413,288.2051001430655,pobre,basal,2,375.0,657.0,1.0,42.0,7,450,3167,0,1.0
98,0.0,0.0,3.767,1.0,1.0,6,127.5952702289413,288.2051001430655,pobre,basal,2,375.0,657.0,1.0,42.0,8,450,3167,0,1.0
97,0.0,1.0,0.0,1.0,7.0,7,156.0063538077824,276.0084339545272,pobre,0,0,375.0,599.0,1.0,46.0,15,465,3168,7,1.0
98,0.0,1.0,0.0,1.0,8.0,7,156.0063538077824,276.0084339545272,pobre,0,0,375.0,599.0,1.0,46.0,16,465,3168,7,1.0
97,1.0,1.0,0.0,1.0,5.0,7,156.0063538077824,276.0084339545272,pobre,0,0,375.0,599.0,1.0,46.0,11,465,3169,5,1.0
98,1.0,1.0,0.0,1.0,5.0,7,156.0063538077824,276.0084339545272,pobre,0,0,375.0,599.0,1.0,46.0,12,465,3169,5,1.0
97,0.0,1.0,0.0,1.0,3.0,7,156.0063538077824,276.0084339545272,pobre,0,0,375.0,599.0,1.0,46.0,9,465,3170,3,1.0
98,0.0,1.0,0.0,1.0,4.0,7,156.0063538077824,276.0084339545272,pobre,0,0,375.0,599.0,1.0,46.0,10,465,3170,3,1.0
97,0.0,1.0,0.0,1.0,0.0,7,156.0063538077824,276.0084339545272,pobre,0,0,375.0,599.0,1.0,46.0,6,465,3171,0,1.0
98,0.0,1.0,0.0,1.0,1.0,7,156.0063538077824,276.0084339545272,pobre,0,0,375.0,599.0,1.0,46.0,7,465,3171,0,1.0
97,1.0,1.0,0.0,1.0,7.0,8,156.0063538077824,276.0084339545272,pobre,0,2,375.0,710.0,1.0,45.0,14,465,3172,7,1.0
98,1.0,1.0,0.0,1.0,7.0,8,156.0063538077824,276.0084339545272,pobre,0,2,375.0,710.0,1.0,45.0,15,465,3172,7,1.0
97,1.0,1.0,0.0,1.0,3.0,8,156.0063538077824,276.0084339545272,pobre,0,2,375.0,710.0,1.0,45.0,9,465,3173,3,1.0
98,1.0,1.0,0.0,1.0,4.0,8,156.0063538077824,276.0084339545272,pobre,0,2,375.0,710.0,1.0,45.0,10,465,3173,3,1.0
97,0.0,1.0,0.0,1.0,0.0,8,156.0063538077824,276.0084339545272,pobre,0,2,375.0,710.0,1.0,45.0,6,465,3174,0,1.0
98,0.0,1.0,0.0,1.0,1.0,8,156.0063538077824,276.0084339545272,pobre,0,2,375.0,710.0,1.0,45.0,7,465,3174,0,1.0
97,1.0,1.0,0.0,1.0,4.0,7,156.0063538077824,276.0084339545272,pobre,0,2,375.0,702.5,1.0,60.0,10,465,3175,4,1.0
98,1.0,1.0,0.0,1.0,5.0,7,156.0063538077824,276.0084339545272,pobre,0,2,375.0,702.5,1.0,60.0,11,465,3175,4,1.0
97,1.0,1.0,0.0,1.0,0.0,7,156.0063538077824,276.0084339545272,pobre,0,2,375.0,702.5,1.0,60.0,6,465,3176,0,1.0
98,1.0,1.0,0.0,1.0,1.0,7,156.0063538077824,276.0084339545272,pobre,0,2,375.0,702.5,1.0,60.0,7,465,3176,0,1.0
97,0.0,1.0,0.0,1.0,2.0,4,156.0063538077824,276.0084339545272,pobre,0,0,375.0,713.0,1.0,45.0,11,465,3177,2,1.0
98,0.0,1.0,0.0,1.0,3.0,4,156.0063538077824,276.0084339545272,pobre,0,0,375.0,713.0,1.0,45.0,12,465,3177,2,1.0
97,1.0,1.0,0.0,1.0,1.0,4,156.0063538077824,276.0084339545272,pobre,0,0,375.0,713.0,1.0,45.0,7,465,3178,1,1.0
98,1.0,1.0,0.0,1.0,2.0,4,156.0063538077824,276.0084339545272,pobre,0,0,375.0,713.0,1.0,45.0,8,465,3178,1,1.0
97,0.0,1.0,0.0,1.0,8.0,10,156.0063538077824,276.0084339545272,pobre,0,0,0.0,641.33099,0.0,60.0,16,465,3179,8,1.0
98,0.0,1.0,0.0,,,10,156.0063538077824,276.0084339545272,pobre,0,0,0.0,641.33099,0.0,60.0,17,465,3179,8,1.0
97,0.0,1.0,0.0,1.0,8.0,10,156.0063538077824,276.0084339545272,pobre,0,0,0.0,641.33099,0.0,60.0,15,465,3180,8,1.0
98,0.0,1.0,0.0,1.0,8.0,10,156.0063538077824,276.0084339545272,pobre,0,0,0.0,641.33099,0.0,60.0,16,465,3180,8,1.0
97,0.0,1.0,0.0,1.0,5.0,10,156.0063538077824,276.0084339545272,pobre,0,0,0.0,641.33099,0.0,60.0,12,465,3181,5,1.0
98,0.0,1.0,0.0,1.0,6.0,10,156.0063538077824,276.0084339545272,pobre,0,0,0.0,641.33099,0.0,60.0,13,465,3181,5,1.0
97,1.0,1.0,0.0,1.0,3.0,10,156.0063538077824,276.0084339545272,pobre,0,0,0.0,641.33099,0.0,60.0,9,465,3182,3,1.0
98,1.0,1.0,0.0,1.0,3.0,10,156.0063538077824,276.0084339545272,pobre,0,0,0.0,641.33099,0.0,60.0,10,465,3182,3,1.0
97,1.0,1.0,0.0,1.0,6.0,14,156.0063538077824,276.0084339545272,pobre,0,0,0.0,656.0,0.0,52.0,12,465,3183,6,1.0
98,1.0,1.0,0.0,1.0,7.0,14,156.0063538077824,276.0084339545272,pobre,0,0,0.0,656.0,0.0,52.0,13,465,3183,6,1.0
97,1.0,1.0,0.0,1.0,3.0,14,156.0063538077824,276.0084339545272,pobre,0,0,0.0,656.0,0.0,52.0,9,465,3184,3,1.0
98,1.0,1.0,0.0,1.0,4.0,14,156.0063538077824,276.0084339545272,pobre,0,0,0.0,656.0,0.0,52.0,10,465,3184,3,1.0
97,0.0,1.0,0.0,,0.0,14,156.0063538077824,276.0084339545272,pobre,0,0,0.0,656.0,0.0,52.0,6,465,3185,0,
98,0.0,1.0,0.0,1.0,1.0,14,156.0063538077824,276.0084339545272,pobre,0,0,0.0,656.0,0.0,52.0,7,465,3185,0,
97,1.0,1.0,0.0,1.0,5.0,14,156.0063538077824,276.0084339545272,pobre,0,0,0.0,656.0,0.0,52.0,12,465,3186,5,1.0
98,1.0,1.0,0.0,1.0,5.0,14,156.0063538077824,276.0084339545272,pobre,0,0,0.0,656.0,0.0,52.0,13,465,3186,5,1.0
97,0.0,1.0,0.0,1.0,3.0,14,156.0063538077824,276.0084339545272,pobre,0,0,0.0,656.0,0.0,52.0,10,465,3187,3,1.0
98,0.0,1.0,0.0,1.0,3.0,14,156.0063538077824,276.0084339545272,pobre,0,0,0.0,656.0,0.0,52.0,11,465,3187,3,1.0
97,0.0,1.0,0.0,,0.0,14,156.0063538077824,276.0084339545272,pobre,0,0,0.0,656.0,0.0,52.0,6,465,3188,0,
98,0.0,1.0,0.0,1.0,0.0,14,156.0063538077824,276.0084339545272,pobre,0,0,0.0,656.0,0.0,52.0,7,465,3188,0,
97,1.0,1.0,0.0,1.0,2.0,14,156.0063538077824,276.0084339545272,pobre,0,0,0.0,656.0,0.0,52.0,8,465,3189,2,1.0
98,1.0,1.0,0.0,1.0,3.0,14,156.0063538077824,276.0084339545272,pobre,0,0,0.0,656.0,0.0,52.0,9,465,3189,2,1.0
97,1.0,1.0,0.0,1.0,6.0,5,156.0063538077824,276.0084339545272,pobre,0,4,375.0,840.0,1.0,45.0,13,465,3190,6,1.0
98,1.0,1.0,0.0,1.0,7.0,5,156.0063538077824,276.0084339545272,pobre,0,4,375.0,840.0,1.0,45.0,14,465,3190,6,1.0
97,1.0,1.0,0.0,1.0,3.0,5,156.0063538077824,276.0084339545272,pobre,0,4,375.0,840.0,1.0,45.0,10,465,3191,3,1.0
98,1.0,1.0,0.0,1.0,4.0,5,156.0063538077824,276.0084339545272,pobre,0,4,375.0,840.0,1.0,45.0,11,465,3191,3,1.0
97,0.0,0.0,0.0,1.0,2.0,4,156.0063538077824,276.0084339545272,pobre,0,0,0.0,809.70099,1.0,50.0,7,465,3192,2,1.0
98,0.0,0.0,0.0,1.0,2.0,4,156.0063538077824,276.0084339545272,pobre,0,0,0.0,809.70099,1.0,50.0,8,465,3192,2,1.0
97,1.0,1.0,0.0,1.0,7.0,6,156.0063538077824,276.0084339545272,pobre,0,3,375.0,593.0,1.0,32.0,13,465,3193,7,1.0
98,1.0,1.0,0.0,1.0,8.0,6,156.0063538077824,276.0084339545272,pobre,0,3,375.0,593.0,1.0,32.0,14,465,3193,7,1.0
97,0.0,1.0,0.0,1.0,2.0,6,156.0063538077824,276.0084339545272,pobre,0,3,375.0,593.0,1.0,32.0,10,465,3194,2,1.0
98,0.0,1.0,0.0,1.0,1.0,6,156.0063538077824,276.0084339545272,pobre,0,3,375.0,593.0,1.0,32.0,11,465,3194,2,1.0
97,1.0,1.0,0.0,1.0,3.0,6,156.0063538077824,276.0084339545272,pobre,0,3,375.0,593.0,1.0,32.0,9,465,3195,3,1.0
98,1.0,1.0,0.0,1.0,4.0,6,156.0063538077824,276.0084339545272,pobre,0,3,375.0,593.0,1.0,32.0,10,465,3195,3,1.0
97,0.0,1.0,0.0,1.0,0.0,6,156.0063538077824,276.0084339545272,pobre,0,3,375.0,593.0,1.0,32.0,6,465,3196,0,1.0
98,0.0,1.0,0.0,1.0,1.0,6,156.0063538077824,276.0084339545272,pobre,0,3,375.0,593.0,1.0,32.0,7,465,3196,0,1.0
97,1.0,1.0,0.0,1.0,3.0,2,156.0063538077824,276.0084339545272,pobre,0,4,375.0,785.0,0.0,47.0,10,465,3197,3,1.0
98,1.0,1.0,0.0,1.0,3.0,2,156.0063538077824,276.0084339545272,pobre,0,4,375.0,785.0,0.0,47.0,11,465,3197,3,1.0
97,0.0,1.0,2.8710001,,0.0,6,157.2175772604217,290.5822678775554,pobre,0,0,625.0,632.0,1.0,41.0,16,407,3198,0,
98,0.0,1.0,2.8710001,,,6,157.2175772604217,290.5822678775554,pobre,0,0,625.0,632.0,1.0,41.0,17,407,3198,0,
97,0.0,1.0,2.8710001,,0.0,6,157.2175772604217,290.5822678775554,pobre,0,0,625.0,632.0,1.0,41.0,11,407,3199,0,
98,0.0,1.0,2.8710001,0.0,1.0,6,157.2175772604217,290.5822678775554,pobre,0,0,625.0,632.0,1.0,41.0,12,407,3199,0,
97,1.0,1.0,2.8710001,0.0,3.0,3,157.2175772604217,290.5822678775554,pobre,0,1,875.0,822.5,1.0,35.0,16,407,3200,3,0.0
98,1.0,1.0,2.8710001,0.0,4.0,3,157.2175772604217,290.5822678775554,pobre,0,1,875.0,822.5,1.0,35.0,17,407,3200,3,0.0
97,0.0,1.0,2.8710001,1.0,3.0,6,157.2175772604217,290.5822678775554,pobre,0,2,625.0,642.0,1.0,51.0,10,407,3201,3,1.0
98,0.0,1.0,2.8710001,1.0,3.0,6,157.2175772604217,290.5822678775554,pobre,0,2,625.0,642.0,1.0,51.0,11,407,3201,3,1.0
97,1.0,1.0,2.8710001,1.0,3.0,6,157.2175772604217,290.5822678775554,pobre,0,2,625.0,642.0,1.0,51.0,12,407,3202,3,1.0
98,1.0,1.0,2.8710001,1.0,3.0,6,157.2175772604217,290.5822678775554,pobre,0,2,625.0,642.0,1.0,51.0,13,407,3202,3,1.0
97,1.0,1.0,2.8710001,1.0,1.0,6,157.2175772604217,290.5822678775554,pobre,0,2,625.0,642.0,1.0,51.0,6,407,3203,1,1.0
98,1.0,1.0,2.8710001,1.0,1.0,6,157.2175772604217,290.5822678775554,pobre,0,2,625.0,642.0,1.0,51.0,7,407,3203,1,1.0
97,0.0,1.0,2.8710001,0.0,6.0,6,157.2175772604217,290.5822678775554,pobre,0,5,625.0,671.0,1.0,45.0,14,407,3204,6,0.0
98,0.0,1.0,2.8710001,0.0,6.0,6,157.2175772604217,290.5822678775554,pobre,0,5,625.0,671.0,1.0,45.0,15,407,3204,6,0.0
97,0.0,1.0,2.8710001,,0.0,6,157.2175772604217,290.5822678775554,pobre,0,5,625.0,671.0,1.0,45.0,12,407,3205,0,
98,0.0,1.0,2.8710001,,,6,157.2175772604217,290.5822678775554,pobre,0,5,625.0,671.0,1.0,45.0,13,407,3205,0,
97,1.0,1.0,2.8710001,1.0,4.0,6,157.2175772604217,290.5822678775554,pobre,0,5,625.0,671.0,1.0,45.0,9,407,3206,4,1.0
98,1.0,1.0,2.8710001,1.0,4.0,6,157.2175772604217,290.5822678775554,pobre,0,5,625.0,671.0,1.0,45.0,10,407,3206,4,1.0
97,0.0,1.0,2.8710001,1.0,1.0,6,157.2175772604217,290.5822678775554,pobre,0,5,625.0,671.0,1.0,45.0,7,407,3207,1,1.0
98,0.0,1.0,2.8710001,1.0,1.0,6,157.2175772604217,290.5822678775554,pobre,0,5,625.0,671.0,1.0,45.0,8,407,3207,1,1.0
97,0.0,1.0,2.8710001,1.0,5.0,3,157.2175772604217,290.5822678775554,pobre,0,0,100.0,795.0,1.0,62.0,13,407,3208,5,1.0
98,0.0,1.0,2.8710001,1.0,5.0,3,157.2175772604217,290.5822678775554,pobre,0,0,100.0,795.0,1.0,62.0,14,407,3208,5,1.0
97,1.0,0.0,2.8710001,1.0,7.0,7,157.2175772604217,290.5822678775554,pobre,0,0,625.0,627.0,1.0,50.0,14,407,3209,7,1.0
98,1.0,0.0,2.8710001,1.0,7.0,7,157.2175772604217,290.5822678775554,pobre,0,0,625.0,627.0,1.0,50.0,15,407,3209,7,1.0
97,1.0,0.0,2.8710001,1.0,4.0,7,157.2175772604217,290.5822678775554,pobre,0,0,625.0,627.0,1.0,50.0,9,407,3210,4,1.0
98,1.0,0.0,2.8710001,1.0,5.0,7,157.2175772604217,290.5822678775554,pobre,0,0,625.0,627.0,1.0,50.0,10,407,3210,4,1.0
97,1.0,0.0,2.8710001,1.0,1.0,7,157.2175772604217,290.5822678775554,pobre,0,0,625.0,627.0,1.0,50.0,7,407,3211,1,1.0
98,1.0,0.0,2.8710001,1.0,2.0,7,157.2175772604217,290.5822678775554,pobre,0,0,625.0,627.0,1.0,50.0,8,407,3211,1,1.0
97,0.0,1.0,0.0,1.0,2.0,6,156.0063538077824,276.0084339545272,pobre,0,6,375.0,599.0,1.0,25.0,8,465,3212,2,1.0
98,0.0,1.0,0.0,1.0,3.0,6,156.0063538077824,276.0084339545272,pobre,0,6,375.0,599.0,1.0,25.0,9,465,3212,2,1.0
97,1.0,1.0,0.0,0.0,9.0,13,156.0063538077824,276.0084339545272,pobre,0,6,375.0,685.0,1.0,34.0,16,465,3213,9,0.0
98,1.0,1.0,0.0,,,13,156.0063538077824,276.0084339545272,pobre,0,6,375.0,685.0,1.0,34.0,17,465,3213,9,0.0
97,1.0,1.0,0.0,1.0,5.0,13,156.0063538077824,276.0084339545272,pobre,0,6,375.0,685.0,1.0,34.0,11,465,3214,5,1.0
98,1.0,1.0,0.0,1.0,6.0,13,156.0063538077824,276.0084339545272,pobre,0,6,375.0,685.0,1.0,34.0,12,465,3214,5,1.0
97,1.0,1.0,0.0,1.0,3.0,13,156.0063538077824,276.0084339545272,pobre,0,6,375.0,685.0,1.0,34.0,9,465,3215,3,1.0
98,1.0,1.0,0.0,1.0,4.0,13,156.0063538077824,276.0084339545272,pobre,0,6,375.0,685.0,1.0,34.0,10,465,3215,3,1.0
97,1.0,1.0,0.0,1.0,2.0,3,156.0063538077824,276.0084339545272,pobre,0,0,375.0,762.0,1.0,57.0,9,465,3216,2,1.0
98,1.0,1.0,0.0,1.0,1.0,3,156.0063538077824,276.0084339545272,pobre,0,0,375.0,762.0,1.0,57.0,10,465,3216,2,1.0
97,1.0,1.0,0.0,0.0,2.0,9,156.0063538077824,276.0084339545272,pobre,0,0,375.0,664.0,1.0,52.0,7,465,3217,2,0.0
98,1.0,1.0,0.0,1.0,2.0,9,156.0063538077824,276.0084339545272,pobre,0,0,375.0,664.0,1.0,52.0,8,465,3217,2,0.0
97,1.0,1.0,0.0,0.0,2.0,9,156.0063538077824,276.0084339545272,pobre,0,0,375.0,664.0,1.0,52.0,13,465,3218,2,0.0
98,1.0,1.0,0.0,,,9,156.0063538077824,276.0084339545272,pobre,0,0,375.0,664.0,1.0,52.0,14,465,3218,2,0.0
97,1.0,1.0,0.0,,0.0,9,156.0063538077824,276.0084339545272,pobre,0,0,375.0,664.0,1.0,52.0,8,465,3219,0,
98,1.0,1.0,0.0,1.0,3.0,9,156.0063538077824,276.0084339545272,pobre,0,0,375.0,664.0,1.0,52.0,9,465,3219,0,
97,1.0,1.0,0.0,,0.0,9,156.0063538077824,276.0084339545272,pobre,0,0,375.0,664.0,1.0,52.0,11,465,3220,0,
98,1.0,1.0,0.0,1.0,5.0,9,156.0063538077824,276.0084339545272,pobre,0,0,375.0,664.0,1.0,52.0,12,465,3220,0,
97,0.0,1.0,0.0,0.0,9.0,3,156.0063538077824,276.0084339545272,pobre,0,0,0.0,752.0,0.0,37.0,14,465,3221,9,0.0
98,0.0,1.0,0.0,0.0,9.0,3,156.0063538077824,276.0084339545272,pobre,0,0,0.0,752.0,0.0,37.0,15,465,3221,9,0.0
97,1.0,1.0,0.0,1.0,0.0,9,156.0063538077824,276.0084339545272,pobre,0,6,375.0,507.0,1.0,27.0,7,465,3222,0,1.0
98,1.0,1.0,0.0,1.0,1.0,9,156.0063538077824,276.0084339545272,pobre,0,6,375.0,507.0,1.0,27.0,8,465,3222,0,1.0
97,1.0,1.0,0.0,1.0,0.0,9,156.0063538077824,276.0084339545272,pobre,0,6,375.0,507.0,1.0,27.0,6,465,3223,0,1.0
98,1.0,1.0,0.0,1.0,0.0,9,156.0063538077824,276.0084339545272,pobre,0,6,375.0,507.0,1.0,27.0,7,465,3223,0,1.0
97,1.0,1.0,0.0,1.0,7.0,9,156.0063538077824,276.0084339545272,pobre,0,6,375.0,507.0,1.0,27.0,16,465,3224,7,1.0
98,1.0,1.0,0.0,,,9,156.0063538077824,276.0084339545272,pobre,0,6,375.0,507.0,1.0,27.0,17,465,3224,7,1.0
97,0.0,1.0,0.0,0.0,5.0,8,156.0063538077824,276.0084339545272,pobre,0,2,375.0,762.0,1.0,52.0,16,465,3225,5,0.0
98,0.0,1.0,0.0,,,8,156.0063538077824,276.0084339545272,pobre,0,2,375.0,762.0,1.0,52.0,17,465,3225,5,0.0
97,1.0,1.0,0.0,1.0,7.0,8,156.0063538077824,276.0084339545272,pobre,0,2,375.0,762.0,1.0,52.0,14,465,3226,7,1.0
98,1.0,1.0,0.0,1.0,8.0,8,156.0063538077824,276.0084339545272,pobre,0,2,375.0,762.0,1.0,52.0,15,465,3226,7,1.0
97,1.0,1.0,0.0,0.0,8.0,7,156.0063538077824,276.0084339545272,pobre,0,2,375.0,606.0,1.0,45.0,14,465,3227,8,0.0
98,1.0,1.0,0.0,1.0,8.0,7,156.0063538077824,276.0084339545272,pobre,0,2,375.0,606.0,1.0,45.0,15,465,3227,8,0.0
97,1.0,1.0,0.0,1.0,8.0,7,156.0063538077824,276.0084339545272,pobre,0,2,375.0,606.0,1.0,45.0,15,465,3228,8,1.0
98,1.0,1.0,0.0,0.0,9.0,7,156.0063538077824,276.0084339545272,pobre,0,2,375.0,606.0,1.0,45.0,16,465,3228,8,1.0
97,1.0,1.0,0.0,0.0,6.0,7,156.0063538077824,276.0084339545272,pobre,0,2,375.0,606.0,1.0,45.0,11,465,3229,6,0.0
98,1.0,1.0,0.0,1.0,6.0,7,156.0063538077824,276.0084339545272,pobre,0,2,375.0,606.0,1.0,45.0,12,465,3229,6,0.0
97,1.0,1.0,0.0,1.0,6.0,6,156.0063538077824,276.0084339545272,pobre,0,6,375.0,639.0,1.0,34.0,12,465,3230,6,1.0
98,1.0,1.0,0.0,1.0,7.0,6,156.0063538077824,276.0084339545272,pobre,0,6,375.0,639.0,1.0,34.0,13,465,3230,6,1.0
97,0.0,1.0,0.0,1.0,3.0,6,156.0063538077824,276.0084339545272,pobre,0,6,375.0,639.0,1.0,34.0,9,465,3231,3,1.0
98,0.0,1.0,0.0,1.0,4.0,6,156.0063538077824,276.0084339545272,pobre,0,6,375.0,639.0,1.0,34.0,10,465,3231,3,1.0
97,1.0,1.0,0.0,1.0,0.0,6,156.0063538077824,276.0084339545272,pobre,0,6,375.0,639.0,1.0,34.0,6,465,3232,0,1.0
98,1.0,1.0,0.0,1.0,1.0,6,156.0063538077824,276.0084339545272,pobre,0,6,375.0,639.0,1.0,34.0,7,465,3232,0,1.0
97,1.0,1.0,0.0,1.0,5.0,16,156.0063538077824,276.0084339545272,pobre,0,4,375.0,882.57141,1.0,39.0,8,465,3233,5,1.0
98,1.0,1.0,0.0,1.0,6.0,16,156.0063538077824,276.0084339545272,pobre,0,4,375.0,882.57141,1.0,39.0,9,465,3233,5,1.0
97,0.0,1.0,0.0,1.0,6.0,16,156.0063538077824,276.0084339545272,pobre,0,4,375.0,882.57141,1.0,39.0,16,465,3234,6,1.0
98,0.0,1.0,0.0,,,16,156.0063538077824,276.0084339545272,pobre,0,4,375.0,882.57141,1.0,39.0,17,465,3234,6,1.0
97,1.0,1.0,0.0,1.0,0.0,16,156.0063538077824,276.0084339545272,pobre,0,4,375.0,882.57141,1.0,39.0,7,465,3235,0,1.0
98,1.0,1.0,0.0,1.0,1.0,16,156.0063538077824,276.0084339545272,pobre,0,4,375.0,882.57141,1.0,39.0,8,465,3235,0,1.0
97,0.0,1.0,0.0,1.0,1.0,16,156.0063538077824,276.0084339545272,pobre,0,4,375.0,882.57141,1.0,39.0,8,465,3236,1,1.0
98,0.0,1.0,0.0,1.0,2.0,16,156.0063538077824,276.0084339545272,pobre,0,4,375.0,882.57141,1.0,39.0,9,465,3236,1,1.0
97,0.0,1.0,0.0,1.0,1.0,16,156.0063538077824,276.0084339545272,pobre,0,4,375.0,882.57141,1.0,39.0,8,465,3237,1,1.0
98,0.0,1.0,0.0,1.0,2.0,16,156.0063538077824,276.0084339545272,pobre,0,4,375.0,882.57141,1.0,39.0,9,465,3237,1,1.0
97,1.0,0.0,2.8710001,0.0,6.0,7,157.2175772604217,290.5822678775554,pobre,0,3,625.0,554.5,1.0,43.0,15,407,3238,6,0.0
98,1.0,0.0,2.8710001,,,7,157.2175772604217,290.5822678775554,pobre,0,3,625.0,554.5,1.0,43.0,16,407,3238,6,0.0
97,1.0,0.0,2.8710001,1.0,5.0,7,157.2175772604217,290.5822678775554,pobre,0,3,625.0,554.5,1.0,43.0,12,407,3239,5,1.0
98,1.0,0.0,2.8710001,0.0,6.0,7,157.2175772604217,290.5822678775554,pobre,0,3,625.0,554.5,1.0,43.0,13,407,3239,5,1.0
97,1.0,0.0,2.8710001,,0.0,7,157.2175772604217,290.5822678775554,pobre,0,3,625.0,554.5,1.0,43.0,8,407,3240,0,
98,1.0,0.0,2.8710001,1.0,2.0,7,157.2175772604217,290.5822678775554,pobre,0,3,625.0,554.5,1.0,43.0,9,407,3240,0,
97,0.0,1.0,2.8710001,0.0,6.0,5,157.2175772604217,290.5822678775554,pobre,0,1,625.0,705.0,1.0,48.0,15,407,3241,6,0.0
98,0.0,1.0,2.8710001,0.0,6.0,5,157.2175772604217,290.5822678775554,pobre,0,1,625.0,705.0,1.0,48.0,16,407,3241,6,0.0
97,0.0,1.0,2.8710001,1.0,5.0,5,157.2175772604217,290.5822678775554,pobre,0,1,625.0,705.0,1.0,48.0,11,407,3242,5,1.0
98,0.0,1.0,2.8710001,0.0,6.0,5,157.2175772604217,290.5822678775554,pobre,0,1,625.0,705.0,1.0,48.0,12,407,3242,5,1.0
97,0.0,1.0,2.8710001,0.0,4.0,5,157.2175772604217,290.5822678775554,pobre,0,1,625.0,705.0,1.0,48.0,16,407,3243,4,0.0
98,0.0,1.0,2.8710001,,,5,157.2175772604217,290.5822678775554,pobre,0,1,625.0,705.0,1.0,48.0,17,407,3243,4,0.0
97,0.0,1.0,2.8710001,0.0,6.0,4,157.2175772604217,290.5822678775554,pobre,0,0,0.0,944.0,1.0,70.0,14,407,3244,6,0.0
98,0.0,1.0,2.8710001,0.0,4.0,4,157.2175772604217,290.5822678775554,pobre,0,0,0.0,944.0,1.0,70.0,15,407,3244,6,0.0
97,0.0,0.0,3.319,0.0,5.0,9,151.6755249492749,289.9828830190902,pobre,basal,0,500.0,523.0,1.0,38.0,16,448,3245,5,0.0
98,0.0,0.0,3.319,,,9,151.6755249492749,289.9828830190902,pobre,basal,0,500.0,523.0,1.0,38.0,17,448,3245,5,0.0
97,0.0,0.0,3.319,1.0,5.0,9,151.6755249492749,289.9828830190902,pobre,basal,0,500.0,523.0,1.0,38.0,12,448,3246,5,1.0
98,0.0,0.0,3.319,0.0,6.0,9,151.6755249492749,289.9828830190902,pobre,basal,0,500.0,523.0,1.0,38.0,13,448,3246,5,1.0
97,0.0,0.0,3.319,1.0,3.0,9,151.6755249492749,289.9828830190902,pobre,basal,0,500.0,523.0,1.0,38.0,11,448,3247,3,1.0
98,0.0,0.0,3.319,1.0,4.0,9,151.6755249492749,289.9828830190902,pobre,basal,0,500.0,523.0,1.0,38.0,12,448,3247,3,1.0
97,1.0,0.0,3.319,1.0,1.0,9,151.6755249492749,289.9828830190902,pobre,basal,0,500.0,523.0,1.0,38.0,8,448,3248,1,1.0
98,1.0,0.0,3.319,1.0,2.0,9,151.6755249492749,289.9828830190902,pobre,basal,0,500.0,523.0,1.0,38.0,9,448,3248,1,1.0
97,0.0,0.0,3.319,1.0,0.0,9,151.6755249492749,289.9828830190902,pobre,basal,0,500.0,523.0,1.0,38.0,7,448,3249,0,1.0
98,0.0,0.0,3.319,1.0,1.0,9,151.6755249492749,289.9828830190902,pobre,basal,0,500.0,523.0,1.0,38.0,8,448,3249,0,1.0
97,1.0,0.0,3.319,1.0,0.0,5,151.6755249492749,289.9828830190902,pobre,basal,0,500.0,565.0,1.0,44.0,6,448,3250,0,1.0
98,1.0,0.0,3.319,1.0,1.0,5,151.6755249492749,289.9828830190902,pobre,basal,0,500.0,565.0,1.0,44.0,7,448,3250,0,1.0
97,0.0,1.0,4.119,1.0,6.0,8,156.2566556576621,268.3226079119189,pobre,basal,0,4.0,746.0,1.0,65.0,14,457,3251,6,1.0
98,0.0,1.0,4.119,1.0,7.0,8,156.2566556576621,268.3226079119189,pobre,basal,0,4.0,746.0,1.0,65.0,15,457,3251,6,1.0
97,1.0,1.0,4.119,1.0,1.0,8,156.2566556576621,268.3226079119189,pobre,basal,0,4.0,746.0,1.0,65.0,8,457,3252,1,1.0
98,1.0,1.0,4.119,1.0,3.0,8,156.2566556576621,268.3226079119189,pobre,basal,0,4.0,746.0,1.0,65.0,9,457,3252,1,1.0
97,0.0,1.0,4.119,1.0,7.0,8,156.2566556576621,268.3226079119189,pobre,basal,0,4.0,715.0,1.0,44.0,13,457,3253,7,1.0
98,0.0,1.0,4.119,1.0,8.0,8,156.2566556576621,268.3226079119189,pobre,basal,0,4.0,715.0,1.0,44.0,14,457,3253,7,1.0
97,0.0,1.0,4.119,1.0,4.0,8,156.2566556576621,268.3226079119189,pobre,basal,0,4.0,715.0,1.0,44.0,10,457,3254,4,1.0
98,0.0,1.0,4.119,1.0,5.0,8,156.2566556576621,268.3226079119189,pobre,basal,0,4.0,715.0,1.0,44.0,11,457,3254,4,1.0
97,1.0,1.0,4.119,1.0,3.0,8,156.2566556576621,268.3226079119189,pobre,basal,0,4.0,715.0,1.0,44.0,9,457,3255,3,1.0
98,1.0,1.0,4.119,1.0,4.0,8,156.2566556576621,268.3226079119189,pobre,basal,0,4.0,715.0,1.0,44.0,10,457,3255,3,1.0
97,1.0,1.0,4.119,1.0,0.0,8,156.2566556576621,268.3226079119189,pobre,basal,0,4.0,715.0,1.0,44.0,6,457,3256,0,1.0
98,1.0,1.0,4.119,1.0,1.0,8,156.2566556576621,268.3226079119189,pobre,basal,0,4.0,715.0,1.0,44.0,7,457,3256,0,1.0
97,0.0,1.0,4.119,0.0,6.0,7,156.2566556576621,268.3226079119189,pobre,basal,6,2.0,574.0,1.0,31.0,14,457,3257,6,0.0
98,0.0,1.0,4.119,,,7,156.2566556576621,268.3226079119189,pobre,basal,6,2.0,574.0,1.0,31.0,15,457,3257,6,0.0
97,1.0,1.0,4.119,1.0,2.0,7,156.2566556576621,268.3226079119189,pobre,basal,6,2.0,574.0,1.0,31.0,8,457,3258,2,1.0
98,1.0,1.0,4.119,1.0,3.0,7,156.2566556576621,268.3226079119189,pobre,basal,6,2.0,574.0,1.0,31.0,9,457,3258,2,1.0
97,1.0,1.0,4.119,1.0,0.0,7,156.2566556576621,268.3226079119189,pobre,basal,6,2.0,574.0,1.0,31.0,6,457,3259,0,1.0
98,1.0,1.0,4.119,1.0,1.0,7,156.2566556576621,268.3226079119189,pobre,basal,6,2.0,574.0,1.0,31.0,7,457,3259,0,1.0
97,0.0,1.0,4.119,1.0,8.0,5,156.2566556576621,268.3226079119189,pobre,basal,4,4.0,940.5,1.0,74.0,16,457,3260,8,1.0
98,0.0,1.0,4.119,0.0,9.0,5,156.2566556576621,268.3226079119189,pobre,basal,4,4.0,940.5,1.0,74.0,17,457,3260,8,1.0
97,0.0,1.0,3.0439999,1.0,11.0,9,162.0278080249973,264.1598546067176,pobre,0,5,625.0,577.0,1.0,38.0,16,466,3261,11,1.0
98,0.0,1.0,3.0439999,,,9,162.0278080249973,264.1598546067176,pobre,0,5,625.0,577.0,1.0,38.0,17,466,3261,11,1.0
97,0.0,1.0,3.0439999,0.0,6.0,9,162.0278080249973,264.1598546067176,pobre,0,5,625.0,577.0,1.0,38.0,13,466,3262,6,0.0
98,0.0,1.0,3.0439999,0.0,6.0,9,162.0278080249973,264.1598546067176,pobre,0,5,625.0,577.0,1.0,38.0,14,466,3262,6,0.0
97,1.0,1.0,3.0439999,1.0,3.0,9,162.0278080249973,264.1598546067176,pobre,0,5,625.0,577.0,1.0,38.0,11,466,3263,3,1.0
98,1.0,1.0,3.0439999,1.0,4.0,9,162.0278080249973,264.1598546067176,pobre,0,5,625.0,577.0,1.0,38.0,12,466,3263,3,1.0
97,0.0,1.0,3.0439999,1.0,0.0,9,162.0278080249973,264.1598546067176,pobre,0,5,625.0,577.0,1.0,38.0,6,466,3264,0,1.0
98,0.0,1.0,3.0439999,1.0,0.0,9,162.0278080249973,264.1598546067176,pobre,0,5,625.0,577.0,1.0,38.0,7,466,3264,0,1.0
97,0.0,1.0,3.0439999,1.0,8.0,2,162.0278080249973,264.1598546067176,pobre,0,3,0.0,662.0,0.0,44.0,14,466,3265,8,1.0
98,0.0,1.0,3.0439999,0.0,9.0,2,162.0278080249973,264.1598546067176,pobre,0,3,0.0,662.0,0.0,44.0,15,466,3265,8,1.0
97,1.0,1.0,3.0439999,1.0,7.0,7,162.0278080249973,264.1598546067176,pobre,0,6,625.0,632.0,1.0,47.0,13,466,3266,7,1.0
98,1.0,1.0,3.0439999,1.0,8.0,7,162.0278080249973,264.1598546067176,pobre,0,6,625.0,632.0,1.0,47.0,14,466,3266,7,1.0
97,1.0,1.0,3.0439999,1.0,4.0,7,162.0278080249973,264.1598546067176,pobre,0,6,625.0,632.0,1.0,47.0,11,466,3267,4,1.0
98,1.0,1.0,3.0439999,1.0,5.0,7,162.0278080249973,264.1598546067176,pobre,0,6,625.0,632.0,1.0,47.0,12,466,3267,4,1.0
97,1.0,1.0,3.0439999,1.0,1.0,7,162.0278080249973,264.1598546067176,pobre,0,6,625.0,632.0,1.0,47.0,8,466,3268,1,1.0
98,1.0,1.0,3.0439999,1.0,2.0,7,162.0278080249973,264.1598546067176,pobre,0,6,625.0,632.0,1.0,47.0,9,466,3268,1,1.0
97,1.0,,3.0439999,,0.0,7,162.0278080249973,264.1598546067176,pobre,0,6,625.0,632.0,1.0,47.0,6,466,3269,0,
98,1.0,,3.0439999,1.0,1.0,7,162.0278080249973,264.1598546067176,pobre,0,6,625.0,632.0,1.0,47.0,7,466,3269,0,
97,1.0,1.0,3.0439999,1.0,9.0,8,162.0278080249973,264.1598546067176,pobre,0,6,625.0,679.0,1.0,41.0,16,466,3270,9,1.0
98,1.0,1.0,3.0439999,,,8,162.0278080249973,264.1598546067176,pobre,0,6,625.0,679.0,1.0,41.0,17,466,3270,9,1.0
97,1.0,1.0,3.0439999,1.0,7.0,8,162.0278080249973,264.1598546067176,pobre,0,6,625.0,679.0,1.0,41.0,15,466,3271,7,1.0
98,1.0,1.0,3.0439999,1.0,8.0,8,162.0278080249973,264.1598546067176,pobre,0,6,625.0,679.0,1.0,41.0,16,466,3271,7,1.0
97,0.0,1.0,3.0439999,1.0,3.0,8,162.0278080249973,264.1598546067176,pobre,0,6,625.0,679.0,1.0,41.0,11,466,3272,3,1.0
98,0.0,1.0,3.0439999,1.0,4.0,8,162.0278080249973,264.1598546067176,pobre,0,6,625.0,679.0,1.0,41.0,12,466,3272,3,1.0
97,0.0,1.0,3.0439999,1.0,1.0,8,162.0278080249973,264.1598546067176,pobre,0,6,625.0,679.0,1.0,41.0,8,466,3273,1,1.0
98,0.0,1.0,3.0439999,1.0,2.0,8,162.0278080249973,264.1598546067176,pobre,0,6,625.0,679.0,1.0,41.0,9,466,3273,1,1.0
97,0.0,1.0,3.0439999,1.0,0.0,8,162.0278080249973,264.1598546067176,pobre,0,6,625.0,679.0,1.0,41.0,6,466,3274,0,1.0
98,0.0,1.0,3.0439999,1.0,1.0,8,162.0278080249973,264.1598546067176,pobre,0,6,625.0,679.0,1.0,41.0,7,466,3274,0,1.0
97,0.0,1.0,3.0439999,0.0,6.0,7,162.0278080249973,264.1598546067176,pobre,0,3,625.0,729.5,1.0,51.0,15,466,3275,6,0.0
98,0.0,1.0,3.0439999,1.0,6.0,7,162.0278080249973,264.1598546067176,pobre,0,3,625.0,729.5,1.0,51.0,16,466,3275,6,0.0
97,1.0,1.0,3.0439999,1.0,6.0,7,162.0278080249973,264.1598546067176,pobre,0,3,625.0,729.5,1.0,51.0,12,466,3276,6,1.0
98,1.0,1.0,3.0439999,1.0,7.0,7,162.0278080249973,264.1598546067176,pobre,0,3,625.0,729.5,1.0,51.0,13,466,3276,6,1.0
97,0.0,1.0,3.0439999,1.0,3.0,7,162.0278080249973,264.1598546067176,pobre,0,3,625.0,729.5,1.0,51.0,10,466,3277,3,1.0
98,0.0,1.0,3.0439999,1.0,4.0,7,162.0278080249973,264.1598546067176,pobre,0,3,625.0,729.5,1.0,51.0,11,466,3277,3,1.0
97,0.0,1.0,3.0439999,1.0,0.0,7,162.0278080249973,264.1598546067176,pobre,0,3,625.0,729.5,1.0,51.0,6,466,3278,0,1.0
98,0.0,1.0,3.0439999,1.0,1.0,7,162.0278080249973,264.1598546067176,pobre,0,3,625.0,729.5,1.0,51.0,7,466,3278,0,1.0
97,1.0,1.0,1.3710001,1.0,3.0,7,164.3681010719044,269.0810428787099,pobre,0,3,625.0,769.0,1.0,47.0,9,461,3279,3,1.0
98,1.0,1.0,1.3710001,1.0,4.0,7,164.3681010719044,269.0810428787099,pobre,0,3,625.0,769.0,1.0,47.0,10,461,3279,3,1.0
97,1.0,1.0,1.3710001,1.0,0.0,7,164.3681010719044,269.0810428787099,pobre,0,3,625.0,769.0,1.0,47.0,6,461,3280,0,1.0
98,1.0,1.0,1.3710001,1.0,1.0,7,164.3681010719044,269.0810428787099,pobre,0,3,625.0,769.0,1.0,47.0,7,461,3280,0,1.0
97,1.0,1.0,1.3710001,1.0,6.0,8,164.3681010719044,269.0810428787099,pobre,0,3,625.0,808.0,1.0,51.0,15,461,3281,6,1.0
98,1.0,1.0,1.3710001,1.0,7.0,8,164.3681010719044,269.0810428787099,pobre,0,3,625.0,808.0,1.0,51.0,16,461,3281,6,1.0
97,1.0,1.0,1.3710001,1.0,6.0,8,164.3681010719044,269.0810428787099,pobre,0,3,625.0,808.0,1.0,51.0,13,461,3282,6,1.0
98,1.0,1.0,1.3710001,1.0,7.0,8,164.3681010719044,269.0810428787099,pobre,0,3,625.0,808.0,1.0,51.0,14,461,3282,6,1.0
97,0.0,1.0,1.3710001,1.0,1.0,5,164.3681010719044,269.0810428787099,pobre,0,2,625.0,763.5,1.0,53.0,7,461,3283,1,1.0
98,0.0,1.0,1.3710001,1.0,2.0,5,164.3681010719044,269.0810428787099,pobre,0,2,625.0,763.5,1.0,53.0,8,461,3283,1,1.0
97,0.0,,1.3710001,1.0,2.0,5,164.3681010719044,269.0810428787099,pobre,0,2,625.0,763.5,1.0,53.0,8,461,3284,2,1.0
98,0.0,,1.3710001,1.0,3.0,5,164.3681010719044,269.0810428787099,pobre,0,2,625.0,763.5,1.0,53.0,9,461,3284,2,1.0
97,1.0,1.0,1.3710001,1.0,10.0,4,164.3681010719044,269.0810428787099,pobre,0,2,625.0,902.0,1.0,50.0,16,461,3285,10,1.0
98,1.0,1.0,1.3710001,,,4,164.3681010719044,269.0810428787099,pobre,0,2,625.0,902.0,1.0,50.0,17,461,3285,10,1.0
97,0.0,1.0,1.3710001,1.0,6.0,4,164.3681010719044,269.0810428787099,pobre,0,2,625.0,902.0,1.0,50.0,14,461,3286,6,1.0
98,0.0,1.0,1.3710001,0.0,6.0,4,164.3681010719044,269.0810428787099,pobre,0,2,625.0,902.0,1.0,50.0,15,461,3286,6,1.0
97,1.0,1.0,1.3710001,1.0,2.0,9,164.3681010719044,269.0810428787099,pobre,0,9,750.0,410.0,1.0,29.0,9,461,3287,2,1.0
98,1.0,1.0,1.3710001,1.0,3.0,9,164.3681010719044,269.0810428787099,pobre,0,9,750.0,410.0,1.0,29.0,10,461,3287,2,1.0
97,0.0,1.0,1.3710001,1.0,0.0,9,164.3681010719044,269.0810428787099,pobre,0,9,750.0,410.0,1.0,29.0,6,461,3288,0,1.0
98,0.0,1.0,1.3710001,1.0,1.0,9,164.3681010719044,269.0810428787099,pobre,0,9,750.0,410.0,1.0,29.0,7,461,3288,0,1.0
97,1.0,1.0,1.3710001,1.0,10.0,6,164.3681010719044,269.0810428787099,no pobre,0,16,4800.0,930.0,1.0,38.0,15,461,3289,10,1.0
98,1.0,1.0,1.3710001,1.0,10.0,6,164.3681010719044,269.0810428787099,no pobre,0,16,4800.0,930.0,1.0,38.0,16,461,3289,10,1.0
97,0.0,1.0,1.3710001,1.0,6.0,6,164.3681010719044,269.0810428787099,no pobre,0,16,4800.0,930.0,1.0,38.0,12,461,3290,6,1.0
98,0.0,1.0,1.3710001,1.0,7.0,6,164.3681010719044,269.0810428787099,no pobre,0,16,4800.0,930.0,1.0,38.0,13,461,3290,6,1.0
97,1.0,1.0,1.3710001,1.0,2.0,6,164.3681010719044,269.0810428787099,pobre,0,4,0.0,730.0,1.0,74.0,9,461,3291,2,1.0
98,1.0,1.0,1.3710001,,,6,164.3681010719044,269.0810428787099,pobre,0,4,0.0,730.0,1.0,74.0,10,461,3291,2,1.0
97,1.0,1.0,1.3710001,1.0,5.0,3,164.3681010719044,269.0810428787099,pobre,0,4,625.0,747.5,1.0,52.0,14,461,3292,5,1.0
98,1.0,1.0,1.3710001,1.0,6.0,3,164.3681010719044,269.0810428787099,pobre,0,4,625.0,747.5,1.0,52.0,15,461,3292,5,1.0
97,0.0,0.0,4.473,0.0,6.0,4,21.16838403012562,21.16838403012562,no pobre,0,2,480.0,705.0,1.0,57.0,16,163,3293,6,0.0
98,0.0,0.0,4.473,,,4,21.16838403012562,21.16838403012562,no pobre,0,2,480.0,705.0,1.0,57.0,17,163,3293,6,0.0
97,1.0,0.0,4.473,1.0,5.0,8,21.16838403012562,21.16838403012562,pobre,0,0,480.0,709.0,0.0,42.0,14,163,3294,5,1.0
98,1.0,0.0,4.473,0.0,6.0,8,21.16838403012562,21.16838403012562,pobre,0,0,480.0,709.0,0.0,42.0,15,163,3294,5,1.0
97,1.0,0.0,4.473,1.0,4.0,8,21.16838403012562,21.16838403012562,pobre,0,0,480.0,709.0,0.0,42.0,10,163,3295,4,1.0
98,1.0,0.0,4.473,1.0,4.0,8,21.16838403012562,21.16838403012562,pobre,0,0,480.0,709.0,0.0,42.0,11,163,3295,4,1.0
97,1.0,0.0,4.473,1.0,4.0,8,21.16838403012562,21.16838403012562,pobre,0,0,480.0,709.0,0.0,42.0,10,163,3296,4,1.0
98,1.0,0.0,4.473,1.0,5.0,8,21.16838403012562,21.16838403012562,pobre,0,0,480.0,709.0,0.0,42.0,11,163,3296,4,1.0
97,1.0,0.0,4.473,1.0,2.0,8,21.16838403012562,21.16838403012562,pobre,0,0,480.0,709.0,0.0,42.0,8,163,3297,2,1.0
98,1.0,0.0,4.473,1.0,3.0,8,21.16838403012562,21.16838403012562,pobre,0,0,480.0,709.0,0.0,42.0,9,163,3297,2,1.0
97,1.0,0.0,4.473,1.0,1.0,8,21.16838403012562,21.16838403012562,pobre,0,0,480.0,709.0,0.0,42.0,6,163,3298,1,1.0
98,1.0,0.0,4.473,1.0,1.0,8,21.16838403012562,21.16838403012562,pobre,0,0,480.0,709.0,0.0,42.0,7,163,3298,1,1.0
97,1.0,0.0,4.473,1.0,5.0,4,21.16838403012562,21.16838403012562,pobre,0,3,0.0,795.0,1.0,53.0,14,163,3299,5,1.0
98,1.0,0.0,4.473,,,4,21.16838403012562,21.16838403012562,pobre,0,3,0.0,795.0,1.0,53.0,15,163,3299,5,1.0
97,1.0,0.0,4.473,,0.0,10,21.16838403012562,21.16838403012562,pobre,0,0,1250.0,559.0,1.0,37.0,15,163,3300,0,
98,1.0,0.0,4.473,,,10,21.16838403012562,21.16838403012562,pobre,0,0,1250.0,559.0,1.0,37.0,16,163,3300,0,
97,1.0,0.0,4.473,1.0,4.0,10,21.16838403012562,21.16838403012562,pobre,0,0,1250.0,559.0,1.0,37.0,14,163,3301,4,1.0
98,1.0,0.0,4.473,0.0,5.0,10,21.16838403012562,21.16838403012562,pobre,0,0,1250.0,559.0,1.0,37.0,15,163,3301,4,1.0
97,0.0,0.0,4.473,1.0,3.0,10,21.16838403012562,21.16838403012562,pobre,0,0,1250.0,559.0,1.0,37.0,11,163,3302,3,1.0
98,0.0,0.0,4.473,1.0,4.0,10,21.16838403012562,21.16838403012562,pobre,0,0,1250.0,559.0,1.0,37.0,12,163,3302,3,1.0
97,0.0,0.0,4.473,1.0,1.0,10,21.16838403012562,21.16838403012562,pobre,0,0,1250.0,559.0,1.0,37.0,9,163,3303,1,1.0
98,0.0,0.0,4.473,1.0,2.0,10,21.16838403012562,21.16838403012562,pobre,0,0,1250.0,559.0,1.0,37.0,10,163,3303,1,1.0
97,1.0,0.0,4.473,1.0,1.0,10,21.16838403012562,21.16838403012562,pobre,0,0,1250.0,559.0,1.0,37.0,7,163,3304,1,1.0
98,1.0,0.0,4.473,1.0,1.0,10,21.16838403012562,21.16838403012562,pobre,0,0,1250.0,559.0,1.0,37.0,8,163,3304,1,1.0
97,1.0,0.0,4.473,1.0,1.0,4,21.16838403012562,21.16838403012562,pobre,0,3,400.0,686.0,1.0,31.0,7,163,3305,1,1.0
98,1.0,0.0,4.473,1.0,2.0,4,21.16838403012562,21.16838403012562,pobre,0,3,400.0,686.0,1.0,31.0,8,163,3305,1,1.0
97,0.0,0.0,4.473,0.0,6.0,10,21.16838403012562,21.16838403012562,pobre,0,3,166.66667,633.5,1.0,50.0,16,163,3306,6,0.0
98,0.0,0.0,4.473,,,10,21.16838403012562,21.16838403012562,pobre,0,3,166.66667,633.5,1.0,50.0,17,163,3306,6,0.0
97,1.0,0.0,4.473,0.0,6.0,10,21.16838403012562,21.16838403012562,pobre,0,3,166.66667,633.5,1.0,50.0,14,163,3307,6,0.0
98,1.0,0.0,4.473,0.0,6.0,10,21.16838403012562,21.16838403012562,pobre,0,3,166.66667,633.5,1.0,50.0,15,163,3307,6,0.0
97,0.0,0.0,4.473,0.0,6.0,10,21.16838403012562,21.16838403012562,pobre,0,3,166.66667,633.5,1.0,50.0,12,163,3308,6,0.0
98,0.0,0.0,4.473,0.0,6.0,10,21.16838403012562,21.16838403012562,pobre,0,3,166.66667,633.5,1.0,50.0,13,163,3308,6,0.0
97,1.0,0.0,4.473,1.0,4.0,10,21.16838403012562,21.16838403012562,pobre,0,3,166.66667,633.5,1.0,50.0,10,163,3309,4,1.0
98,1.0,0.0,4.473,1.0,5.0,10,21.16838403012562,21.16838403012562,pobre,0,3,166.66667,633.5,1.0,50.0,11,163,3309,4,1.0
97,1.0,0.0,4.473,1.0,3.0,10,21.16838403012562,21.16838403012562,pobre,0,3,166.66667,633.5,1.0,50.0,7,163,3310,3,1.0
98,1.0,0.0,4.473,1.0,4.0,10,21.16838403012562,21.16838403012562,pobre,0,3,166.66667,633.5,1.0,50.0,8,163,3310,3,1.0
97,1.0,0.0,4.473,1.0,3.0,6,21.16838403012562,21.16838403012562,pobre,0,3,0.0,578.0,1.0,34.0,10,163,3311,3,1.0
98,1.0,0.0,4.473,1.0,4.0,6,21.16838403012562,21.16838403012562,pobre,0,3,0.0,578.0,1.0,34.0,11,163,3311,3,1.0
97,1.0,0.0,4.473,1.0,3.0,6,21.16838403012562,21.16838403012562,pobre,0,3,0.0,578.0,1.0,34.0,9,163,3312,3,1.0
98,1.0,0.0,4.473,1.0,4.0,6,21.16838403012562,21.16838403012562,pobre,0,3,0.0,578.0,1.0,34.0,10,163,3312,3,1.0
97,1.0,0.0,4.473,1.0,1.0,6,21.16838403012562,21.16838403012562,pobre,0,3,0.0,578.0,1.0,34.0,8,163,3313,1,1.0
98,1.0,0.0,4.473,1.0,1.0,6,21.16838403012562,21.16838403012562,pobre,0,3,0.0,578.0,1.0,34.0,9,163,3313,1,1.0
97,0.0,0.0,4.473,0.0,6.0,8,21.16838403012562,21.16838403012562,no pobre,0,0,625.0,779.0,1.0,63.0,16,163,3314,6,0.0
98,0.0,0.0,4.473,,,8,21.16838403012562,21.16838403012562,no pobre,0,0,625.0,779.0,1.0,63.0,17,163,3314,6,0.0
97,1.0,0.0,9.0270004,,0.0,9,105.6858062869262,105.6858062869262,pobre,0,0,0.0,522.5,0.0,40.0,16,169,3315,0,
98,1.0,0.0,9.0270004,0.0,4.0,9,105.6858062869262,105.6858062869262,pobre,0,0,0.0,522.5,0.0,40.0,17,169,3315,0,
97,0.0,0.0,9.0270004,1.0,4.0,9,105.6858062869262,105.6858062869262,pobre,0,0,0.0,522.5,0.0,40.0,13,169,3316,4,1.0
98,0.0,0.0,9.0270004,1.0,4.0,9,105.6858062869262,105.6858062869262,pobre,0,0,0.0,522.5,0.0,40.0,14,169,3316,4,1.0
97,0.0,0.0,9.0270004,,0.0,9,105.6858062869262,105.6858062869262,pobre,0,0,0.0,522.5,0.0,40.0,16,169,3317,0,
98,0.0,0.0,9.0270004,,,9,105.6858062869262,105.6858062869262,pobre,0,0,0.0,522.5,0.0,40.0,17,169,3317,0,
97,0.0,0.0,9.0270004,1.0,1.0,9,105.6858062869262,105.6858062869262,pobre,0,0,0.0,522.5,0.0,40.0,8,169,3318,1,1.0
98,0.0,0.0,9.0270004,1.0,1.0,9,105.6858062869262,105.6858062869262,pobre,0,0,0.0,522.5,0.0,40.0,9,169,3318,1,1.0
97,1.0,0.0,9.0270004,1.0,1.0,6,105.6858062869262,105.6858062869262,pobre,0,1,1250.0,534.0,1.0,23.0,7,169,3319,1,1.0
98,1.0,0.0,9.0270004,1.0,2.0,6,105.6858062869262,105.6858062869262,pobre,0,1,1250.0,534.0,1.0,23.0,8,169,3319,1,1.0
97,0.0,0.0,9.0270004,1.0,1.0,6,105.6858062869262,105.6858062869262,pobre,0,1,1250.0,534.0,1.0,23.0,6,169,3320,1,1.0
98,0.0,0.0,9.0270004,1.0,2.0,6,105.6858062869262,105.6858062869262,pobre,0,1,1250.0,534.0,1.0,23.0,7,169,3320,1,1.0
97,0.0,0.0,9.0270004,0.0,2.0,4,105.6858062869262,105.6858062869262,pobre,0,0,1440.0,658.34399,1.0,38.0,16,169,3321,2,0.0
98,0.0,0.0,9.0270004,,,4,105.6858062869262,105.6858062869262,pobre,0,0,1440.0,658.34399,1.0,38.0,17,169,3321,2,0.0
97,0.0,0.0,9.0270004,,0.0,4,105.6858062869262,105.6858062869262,pobre,0,0,1440.0,658.34399,1.0,38.0,13,169,3322,0,
98,0.0,0.0,9.0270004,0.0,6.0,4,105.6858062869262,105.6858062869262,pobre,0,0,1440.0,658.34399,1.0,38.0,14,169,3322,0,
97,1.0,0.0,9.0270004,,0.0,5,105.6858062869262,105.6858062869262,pobre,0,0,1440.0,488.0,1.0,36.0,6,169,3323,0,
98,1.0,0.0,9.0270004,1.0,0.0,5,105.6858062869262,105.6858062869262,pobre,0,0,1440.0,488.0,1.0,36.0,7,169,3323,0,
97,0.0,0.0,9.0270004,0.0,3.0,8,105.6858062869262,105.6858062869262,pobre,0,1,1500.0,474.0,1.0,35.0,16,169,3324,3,0.0
98,0.0,0.0,9.0270004,,,8,105.6858062869262,105.6858062869262,pobre,0,1,1500.0,474.0,1.0,35.0,17,169,3324,3,0.0
97,1.0,0.0,9.0270004,0.0,4.0,8,105.6858062869262,105.6858062869262,pobre,0,1,1500.0,474.0,1.0,35.0,11,169,3325,4,0.0
98,1.0,0.0,9.0270004,1.0,5.0,8,105.6858062869262,105.6858062869262,pobre,0,1,1500.0,474.0,1.0,35.0,12,169,3325,4,0.0
97,1.0,0.0,9.0270004,0.0,5.0,8,105.6858062869262,105.6858062869262,pobre,0,1,1500.0,474.0,1.0,35.0,13,169,3326,5,0.0
98,1.0,0.0,9.0270004,0.0,6.0,8,105.6858062869262,105.6858062869262,pobre,0,1,1500.0,474.0,1.0,35.0,14,169,3326,5,0.0
97,0.0,0.0,9.0270004,1.0,0.0,8,105.6858062869262,105.6858062869262,pobre,0,1,1500.0,474.0,1.0,35.0,6,169,3327,0,1.0
98,0.0,0.0,9.0270004,1.0,1.0,8,105.6858062869262,105.6858062869262,pobre,0,1,1500.0,474.0,1.0,35.0,7,169,3327,0,1.0
97,0.0,0.0,9.0270004,,0.0,5,105.6858062869262,105.6858062869262,pobre,0,0,0.0,612.0,0.0,39.0,15,169,3328,0,
98,0.0,0.0,9.0270004,0.0,4.0,5,105.6858062869262,105.6858062869262,pobre,0,0,0.0,612.0,0.0,39.0,16,169,3328,0,
97,0.0,0.0,9.0270004,1.0,1.0,5,105.6858062869262,105.6858062869262,pobre,0,0,0.0,612.0,0.0,39.0,11,169,3329,1,1.0
98,0.0,0.0,9.0270004,1.0,3.0,5,105.6858062869262,105.6858062869262,pobre,0,0,0.0,612.0,0.0,39.0,12,169,3329,1,1.0
97,0.0,0.0,9.0270004,1.0,6.0,4,105.6858062869262,105.6858062869262,no pobre,0,0,1250.0,772.0,1.0,50.0,15,169,3330,6,1.0
98,0.0,0.0,9.0270004,0.0,1.0,4,105.6858062869262,105.6858062869262,no pobre,0,0,1250.0,772.0,1.0,50.0,16,169,3330,6,1.0
97,0.0,0.0,9.0270004,,0.0,5,105.6858062869262,105.6858062869262,pobre,0,0,1250.0,472.34,1.0,26.0,6,169,3331,0,
98,0.0,0.0,9.0270004,1.0,2.0,5,105.6858062869262,105.6858062869262,pobre,0,0,1250.0,472.34,1.0,26.0,7,169,3331,0,
97,1.0,,9.0270004,,0.0,5,105.6858062869262,105.6858062869262,pobre,0,0,1250.0,472.34,1.0,26.0,6,169,3332,0,
98,1.0,,9.0270004,1.0,3.0,5,105.6858062869262,105.6858062869262,pobre,0,0,1250.0,472.34,1.0,26.0,7,169,3332,0,
97,1.0,0.0,9.0270004,0.0,3.0,10,105.6858062869262,105.6858062869262,pobre,0,6,1250.0,436.0,1.0,44.0,16,169,3333,3,0.0
98,1.0,0.0,9.0270004,,,10,105.6858062869262,105.6858062869262,pobre,0,6,1250.0,436.0,1.0,44.0,17,169,3333,3,0.0
97,1.0,0.0,9.0270004,0.0,6.0,10,105.6858062869262,105.6858062869262,pobre,0,6,1250.0,436.0,1.0,44.0,14,169,3334,6,0.0
98,1.0,0.0,9.0270004,,,10,105.6858062869262,105.6858062869262,pobre,0,6,1250.0,436.0,1.0,44.0,15,169,3334,6,0.0
97,0.0,0.0,9.0270004,1.0,4.0,10,105.6858062869262,105.6858062869262,pobre,0,6,1250.0,436.0,1.0,44.0,12,169,3335,4,1.0
98,0.0,0.0,9.0270004,0.0,4.0,10,105.6858062869262,105.6858062869262,pobre,0,6,1250.0,436.0,1.0,44.0,13,169,3335,4,1.0
97,1.0,0.0,9.0270004,1.0,3.0,10,105.6858062869262,105.6858062869262,pobre,0,6,1250.0,436.0,1.0,44.0,10,169,3336,3,1.0
98,1.0,0.0,9.0270004,0.0,3.0,10,105.6858062869262,105.6858062869262,pobre,0,6,1250.0,436.0,1.0,44.0,11,169,3336,3,1.0
97,1.0,0.0,9.0270004,1.0,2.0,10,105.6858062869262,105.6858062869262,pobre,0,6,1250.0,436.0,1.0,44.0,8,169,3337,2,1.0
98,1.0,0.0,9.0270004,1.0,2.0,10,105.6858062869262,105.6858062869262,pobre,0,6,1250.0,436.0,1.0,44.0,9,169,3337,2,1.0
97,0.0,0.0,9.0270004,1.0,1.0,10,105.6858062869262,105.6858062869262,pobre,0,6,1250.0,436.0,1.0,44.0,7,169,3338,1,1.0
98,0.0,0.0,9.0270004,,,10,105.6858062869262,105.6858062869262,pobre,0,6,1250.0,436.0,1.0,44.0,8,169,3338,1,1.0
97,1.0,0.0,2.142,0.0,9.0,6,70.61356547867157,83.04214806337976,pobre,0,5,0.0,639.0,1.0,44.0,15,156,3339,9,0.0
98,1.0,0.0,2.142,,,6,70.61356547867157,83.04214806337976,pobre,0,5,0.0,639.0,1.0,44.0,16,156,3339,9,0.0
97,1.0,0.0,2.142,1.0,4.0,6,70.61356547867157,83.04214806337976,pobre,0,5,0.0,639.0,1.0,44.0,15,156,3340,4,1.0
98,1.0,0.0,2.142,,,6,70.61356547867157,83.04214806337976,pobre,0,5,0.0,639.0,1.0,44.0,16,156,3340,4,1.0
97,1.0,0.0,2.142,1.0,6.0,6,70.61356547867157,83.04214806337976,pobre,0,5,0.0,639.0,1.0,44.0,13,156,3341,6,1.0
98,1.0,0.0,2.142,,,6,70.61356547867157,83.04214806337976,pobre,0,5,0.0,639.0,1.0,44.0,14,156,3341,6,1.0
97,0.0,0.0,2.142,1.0,4.0,6,70.61356547867157,83.04214806337976,pobre,0,5,0.0,639.0,1.0,44.0,11,156,3342,4,1.0
98,0.0,0.0,2.142,,,6,70.61356547867157,83.04214806337976,pobre,0,5,0.0,639.0,1.0,44.0,12,156,3342,4,1.0
97,0.0,0.0,2.142,1.0,9.0,7,70.61356547867157,83.04214806337976,pobre,0,4,0.0,756.0,1.0,39.0,15,156,3343,9,1.0
98,0.0,0.0,2.142,,,7,70.61356547867157,83.04214806337976,pobre,0,4,0.0,756.0,1.0,39.0,16,156,3343,9,1.0
97,0.0,0.0,2.142,1.0,8.0,7,70.61356547867157,83.04214806337976,pobre,0,4,0.0,756.0,1.0,39.0,14,156,3344,8,1.0
98,0.0,0.0,2.142,,,7,70.61356547867157,83.04214806337976,pobre,0,4,0.0,756.0,1.0,39.0,15,156,3344,8,1.0
97,1.0,0.0,2.142,1.0,6.0,7,70.61356547867157,83.04214806337976,pobre,0,4,0.0,756.0,1.0,39.0,13,156,3345,6,1.0
98,1.0,0.0,2.142,,,7,70.61356547867157,83.04214806337976,pobre,0,4,0.0,756.0,1.0,39.0,14,156,3345,6,1.0
97,1.0,0.0,2.142,1.0,4.0,7,70.61356547867157,83.04214806337976,pobre,0,4,0.0,756.0,1.0,39.0,10,156,3346,4,1.0
98,1.0,0.0,2.142,,,7,70.61356547867157,83.04214806337976,pobre,0,4,0.0,756.0,1.0,39.0,11,156,3346,4,1.0
97,0.0,0.0,4.4330001,0.0,6.0,7,124.3864908332474,124.3864908332474,pobre,basal,2,500.0,535.0,1.0,38.0,15,145,3347,6,0.0
98,0.0,0.0,4.4330001,1.0,6.0,7,124.3864908332474,124.3864908332474,pobre,basal,2,500.0,535.0,1.0,38.0,16,145,3347,6,0.0
97,1.0,0.0,4.4330001,0.0,8.0,7,124.3864908332474,124.3864908332474,pobre,basal,2,500.0,535.0,1.0,38.0,13,145,3348,8,0.0
98,1.0,0.0,4.4330001,1.0,8.0,7,124.3864908332474,124.3864908332474,pobre,basal,2,500.0,535.0,1.0,38.0,14,145,3348,8,0.0
97,0.0,0.0,4.4330001,1.0,4.0,7,124.3864908332474,124.3864908332474,pobre,basal,2,500.0,535.0,1.0,38.0,12,145,3349,4,1.0
98,0.0,0.0,4.4330001,1.0,5.0,7,124.3864908332474,124.3864908332474,pobre,basal,2,500.0,535.0,1.0,38.0,13,145,3349,4,1.0
97,0.0,0.0,4.4330001,1.0,1.0,7,124.3864908332474,124.3864908332474,pobre,basal,2,500.0,535.0,1.0,38.0,7,145,3350,1,1.0
98,0.0,0.0,4.4330001,1.0,2.0,7,124.3864908332474,124.3864908332474,pobre,basal,2,500.0,535.0,1.0,38.0,8,145,3350,1,1.0
97,1.0,0.0,2.142,1.0,4.0,6,70.61356547867157,83.04214806337976,pobre,0,6,0.0,531.0,1.0,48.0,14,156,3351,4,1.0
98,1.0,0.0,2.142,,,6,70.61356547867157,83.04214806337976,pobre,0,6,0.0,531.0,1.0,48.0,15,156,3351,4,1.0
97,1.0,0.0,2.142,1.0,4.0,6,70.61356547867157,83.04214806337976,pobre,0,6,0.0,531.0,1.0,48.0,12,156,3352,4,1.0
98,1.0,0.0,2.142,,,6,70.61356547867157,83.04214806337976,pobre,0,6,0.0,531.0,1.0,48.0,13,156,3352,4,1.0
97,0.0,0.0,2.142,1.0,3.0,6,70.61356547867157,83.04214806337976,pobre,0,6,0.0,531.0,1.0,48.0,10,156,3353,3,1.0
98,0.0,0.0,2.142,,,6,70.61356547867157,83.04214806337976,pobre,0,6,0.0,531.0,1.0,48.0,11,156,3353,3,1.0
97,1.0,0.0,2.142,1.0,0.0,6,70.61356547867157,83.04214806337976,pobre,0,6,0.0,531.0,1.0,48.0,7,156,3354,0,1.0
98,1.0,0.0,2.142,,,6,70.61356547867157,83.04214806337976,pobre,0,6,0.0,531.0,1.0,48.0,8,156,3354,0,1.0
97,1.0,0.0,4.4330001,0.0,6.0,4,124.3864908332474,124.3864908332474,no pobre,basal,0,1250.0,778.0,1.0,57.0,16,145,3355,6,0.0
98,1.0,0.0,4.4330001,,,4,124.3864908332474,124.3864908332474,no pobre,basal,0,1250.0,778.0,1.0,57.0,17,145,3355,6,0.0
97,1.0,0.0,4.4330001,1.0,3.0,4,124.3864908332474,124.3864908332474,no pobre,basal,0,1250.0,778.0,1.0,57.0,10,145,3356,3,1.0
98,1.0,0.0,4.4330001,1.0,5.0,4,124.3864908332474,124.3864908332474,no pobre,basal,0,1250.0,778.0,1.0,57.0,11,145,3356,3,1.0
97,0.0,0.0,2.142,1.0,3.0,2,70.61356547867157,83.04214806337976,pobre,0,0,100.0,814.0,0.0,76.0,10,156,3357,3,1.0
98,0.0,0.0,2.142,1.0,4.0,2,70.61356547867157,83.04214806337976,pobre,0,0,100.0,814.0,0.0,76.0,11,156,3357,3,1.0
97,1.0,0.0,2.142,1.0,2.0,3,70.61356547867157,83.04214806337976,no pobre,0,1,0.0,773.0,1.0,67.0,9,156,3358,2,1.0
98,1.0,0.0,2.142,1.0,2.0,3,70.61356547867157,83.04214806337976,no pobre,0,1,0.0,773.0,1.0,67.0,10,156,3358,2,1.0
97,1.0,0.0,2.142,0.0,9.0,3,70.61356547867157,83.04214806337976,pobre,0,3,0.0,673.5,1.0,59.0,15,156,3359,9,0.0
98,1.0,0.0,2.142,,,3,70.61356547867157,83.04214806337976,pobre,0,3,0.0,673.5,1.0,59.0,16,156,3359,9,0.0
97,0.0,0.0,2.142,0.0,6.0,12,70.61356547867157,83.04214806337976,pobre,0,0,0.0,473.0,1.0,46.0,14,156,3360,6,0.0
98,0.0,0.0,2.142,0.0,6.0,12,70.61356547867157,83.04214806337976,pobre,0,0,0.0,473.0,1.0,46.0,15,156,3360,6,0.0
97,1.0,0.0,2.142,1.0,4.0,12,70.61356547867157,83.04214806337976,pobre,0,0,0.0,473.0,1.0,46.0,14,156,3361,4,1.0
98,1.0,0.0,2.142,0.0,5.0,12,70.61356547867157,83.04214806337976,pobre,0,0,0.0,473.0,1.0,46.0,15,156,3361,4,1.0
97,1.0,0.0,2.142,1.0,4.0,12,70.61356547867157,83.04214806337976,pobre,0,0,0.0,473.0,1.0,46.0,12,156,3362,4,1.0
98,1.0,0.0,2.142,1.0,5.0,12,70.61356547867157,83.04214806337976,pobre,0,0,0.0,473.0,1.0,46.0,13,156,3362,4,1.0
97,0.0,0.0,2.142,1.0,3.0,12,70.61356547867157,83.04214806337976,pobre,0,0,0.0,473.0,1.0,46.0,10,156,3363,3,1.0
98,0.0,0.0,2.142,1.0,3.0,12,70.61356547867157,83.04214806337976,pobre,0,0,0.0,473.0,1.0,46.0,11,156,3363,3,1.0
97,0.0,0.0,2.142,0.0,1.0,4,70.61356547867157,83.04214806337976,pobre,0,2,1250.0,703.0,1.0,47.0,8,156,3364,1,0.0
98,0.0,0.0,2.142,,,4,70.61356547867157,83.04214806337976,pobre,0,2,1250.0,703.0,1.0,47.0,9,156,3364,1,0.0
97,1.0,0.0,2.142,0.0,9.0,9,70.61356547867157,83.04214806337976,no pobre,0,6,25.0,566.0,1.0,54.0,16,156,3365,9,0.0
98,1.0,0.0,2.142,,,9,70.61356547867157,83.04214806337976,no pobre,0,6,25.0,566.0,1.0,54.0,17,156,3365,9,0.0
97,1.0,0.0,2.142,0.0,9.0,3,70.61356547867157,83.04214806337976,pobre,0,0,33.333332,836.5,1.0,66.0,15,156,3366,9,0.0
98,1.0,0.0,2.142,,,3,70.61356547867157,83.04214806337976,pobre,0,0,33.333332,836.5,1.0,66.0,16,156,3366,9,0.0
97,0.0,0.0,2.142,0.0,6.0,12,70.61356547867157,83.04214806337976,pobre,0,3,750.0,557.0,1.0,45.0,16,156,3367,6,0.0
98,0.0,0.0,2.142,0.0,6.0,12,70.61356547867157,83.04214806337976,pobre,0,3,750.0,557.0,1.0,45.0,17,156,3367,6,0.0
97,0.0,0.0,2.142,1.0,3.0,12,70.61356547867157,83.04214806337976,pobre,0,3,750.0,557.0,1.0,45.0,10,156,3368,3,1.0
98,0.0,0.0,2.142,1.0,4.0,12,70.61356547867157,83.04214806337976,pobre,0,3,750.0,557.0,1.0,45.0,11,156,3368,3,1.0
97,1.0,0.0,2.142,0.0,9.0,6,70.61356547867157,83.04214806337976,pobre,0,0,0.0,694.0,1.0,43.0,15,156,3369,9,0.0
98,1.0,0.0,2.142,,,6,70.61356547867157,83.04214806337976,pobre,0,0,0.0,694.0,1.0,43.0,16,156,3369,9,0.0
97,1.0,0.0,2.142,1.0,7.0,6,70.61356547867157,83.04214806337976,pobre,0,0,0.0,694.0,1.0,43.0,13,156,3370,7,1.0
98,1.0,0.0,2.142,,,6,70.61356547867157,83.04214806337976,pobre,0,0,0.0,694.0,1.0,43.0,14,156,3370,7,1.0
97,1.0,0.0,2.142,1.0,7.0,6,70.61356547867157,83.04214806337976,pobre,0,0,0.0,694.0,1.0,43.0,12,156,3371,7,1.0
98,1.0,0.0,2.142,,,6,70.61356547867157,83.04214806337976,pobre,0,0,0.0,694.0,1.0,43.0,13,156,3371,7,1.0
97,0.0,0.0,2.142,1.0,3.0,6,70.61356547867157,83.04214806337976,pobre,0,0,0.0,694.0,1.0,43.0,9,156,3372,3,1.0
98,0.0,0.0,2.142,,,6,70.61356547867157,83.04214806337976,pobre,0,0,0.0,694.0,1.0,43.0,10,156,3372,3,1.0
97,1.0,0.0,2.142,0.0,6.0,12,70.61356547867157,83.04214806337976,pobre,0,0,100.0,449.0,1.0,61.0,15,156,3373,6,0.0
98,1.0,0.0,2.142,,,12,70.61356547867157,83.04214806337976,pobre,0,0,100.0,449.0,1.0,61.0,16,156,3373,6,0.0
97,0.0,0.0,2.142,0.0,6.0,12,70.61356547867157,83.04214806337976,pobre,0,0,100.0,449.0,1.0,61.0,13,156,3374,6,0.0
98,0.0,0.0,2.142,0.0,6.0,12,70.61356547867157,83.04214806337976,pobre,0,0,100.0,449.0,1.0,61.0,14,156,3374,6,0.0
97,0.0,0.0,2.142,0.0,5.0,12,70.61356547867157,83.04214806337976,pobre,0,0,100.0,449.0,1.0,61.0,11,156,3375,5,0.0
98,0.0,0.0,2.142,,,12,70.61356547867157,83.04214806337976,pobre,0,0,100.0,449.0,1.0,61.0,12,156,3375,5,0.0
97,0.0,0.0,2.142,1.0,4.0,12,70.61356547867157,83.04214806337976,pobre,0,0,100.0,449.0,1.0,61.0,9,156,3376,4,1.0
98,0.0,0.0,2.142,1.0,5.0,12,70.61356547867157,83.04214806337976,pobre,0,0,100.0,449.0,1.0,61.0,10,156,3376,4,1.0
97,0.0,0.0,2.142,1.0,2.0,12,70.61356547867157,83.04214806337976,pobre,0,0,100.0,449.0,1.0,61.0,8,156,3377,2,1.0
98,0.0,0.0,2.142,1.0,2.0,12,70.61356547867157,83.04214806337976,pobre,0,0,100.0,449.0,1.0,61.0,9,156,3377,2,1.0
97,0.0,0.0,2.142,1.0,4.0,6,70.61356547867157,83.04214806337976,pobre,0,9,800.0,696.0,1.0,37.0,10,156,3378,4,1.0
98,0.0,0.0,2.142,1.0,5.0,6,70.61356547867157,83.04214806337976,pobre,0,9,800.0,696.0,1.0,37.0,11,156,3378,4,1.0
97,0.0,0.0,2.142,1.0,2.0,6,70.61356547867157,83.04214806337976,pobre,0,9,800.0,696.0,1.0,37.0,8,156,3379,2,1.0
98,0.0,0.0,2.142,1.0,3.0,6,70.61356547867157,83.04214806337976,pobre,0,9,800.0,696.0,1.0,37.0,9,156,3379,2,1.0
97,0.0,0.0,2.142,0.0,2.0,6,70.61356547867157,83.04214806337976,pobre,0,4,750.0,545.0,1.0,45.0,7,156,3380,2,0.0
98,0.0,0.0,2.142,,,6,70.61356547867157,83.04214806337976,pobre,0,4,750.0,545.0,1.0,45.0,8,156,3380,2,0.0
97,0.0,0.0,2.142,1.0,6.0,5,70.61356547867157,83.04214806337976,no pobre,0,6,250.0,775.0,1.0,42.0,16,156,3381,6,1.0
98,0.0,0.0,2.142,,,5,70.61356547867157,83.04214806337976,no pobre,0,6,250.0,775.0,1.0,42.0,17,156,3381,6,1.0
97,1.0,0.0,2.142,1.0,8.0,5,70.61356547867157,83.04214806337976,no pobre,0,6,250.0,775.0,1.0,42.0,13,156,3382,8,1.0
98,1.0,0.0,2.142,,,5,70.61356547867157,83.04214806337976,no pobre,0,6,250.0,775.0,1.0,42.0,14,156,3382,8,1.0
97,1.0,0.0,2.142,1.0,7.0,5,70.61356547867157,83.04214806337976,no pobre,0,6,250.0,775.0,1.0,42.0,12,156,3383,7,1.0
98,1.0,0.0,2.142,,,5,70.61356547867157,83.04214806337976,no pobre,0,6,250.0,775.0,1.0,42.0,13,156,3383,7,1.0
97,1.0,0.0,4.4330001,1.0,6.0,3,124.3864908332474,124.3864908332474,no pobre,basal,0,1200.0,818.0,1.0,73.0,12,145,3384,6,1.0
98,1.0,0.0,4.4330001,,,3,124.3864908332474,124.3864908332474,no pobre,basal,0,1200.0,818.0,1.0,73.0,13,145,3384,6,1.0
97,1.0,0.0,4.4330001,1.0,5.0,3,124.3864908332474,124.3864908332474,no pobre,basal,0,1200.0,800.5,0.0,50.0,13,145,3385,5,1.0
98,1.0,0.0,4.4330001,0.0,5.0,3,124.3864908332474,124.3864908332474,no pobre,basal,0,1200.0,800.5,0.0,50.0,14,145,3385,5,1.0
97,1.0,0.0,4.4330001,1.0,4.0,3,124.3864908332474,124.3864908332474,no pobre,basal,0,1200.0,800.5,0.0,50.0,9,145,3386,4,1.0
98,1.0,0.0,4.4330001,1.0,4.0,3,124.3864908332474,124.3864908332474,no pobre,basal,0,1200.0,800.5,0.0,50.0,10,145,3386,4,1.0
97,0.0,0.0,4.4330001,1.0,6.0,5,124.3864908332474,124.3864908332474,no pobre,basal,0,1000.0,760.5,1.0,52.0,14,145,3387,6,1.0
98,0.0,0.0,4.4330001,1.0,7.0,5,124.3864908332474,124.3864908332474,no pobre,basal,0,1000.0,760.5,1.0,52.0,15,145,3387,6,1.0
97,1.0,0.0,4.4330001,1.0,4.0,5,124.3864908332474,124.3864908332474,no pobre,basal,0,1000.0,760.5,1.0,52.0,10,145,3388,4,1.0
98,1.0,0.0,4.4330001,1.0,5.0,5,124.3864908332474,124.3864908332474,no pobre,basal,0,1000.0,760.5,1.0,52.0,11,145,3388,4,1.0
97,0.0,0.0,4.4330001,1.0,5.0,3,124.3864908332474,124.3864908332474,no pobre,basal,0,291.66666,773.5,1.0,42.0,11,145,3389,5,1.0
98,0.0,0.0,4.4330001,1.0,6.0,3,124.3864908332474,124.3864908332474,no pobre,basal,0,291.66666,773.5,1.0,42.0,12,145,3389,5,1.0
97,0.0,0.0,4.4330001,0.0,7.0,7,124.3864908332474,124.3864908332474,pobre,basal,0,0.0,501.0,0.0,34.0,16,145,3390,7,0.0
98,0.0,0.0,4.4330001,,,7,124.3864908332474,124.3864908332474,pobre,basal,0,0.0,501.0,0.0,34.0,17,145,3390,7,0.0
97,1.0,0.0,4.4330001,1.0,6.0,7,124.3864908332474,124.3864908332474,pobre,basal,0,0.0,501.0,0.0,34.0,14,145,3391,6,1.0
98,1.0,0.0,4.4330001,1.0,8.0,7,124.3864908332474,124.3864908332474,pobre,basal,0,0.0,501.0,0.0,34.0,15,145,3391,6,1.0
97,0.0,0.0,4.4330001,1.0,6.0,7,124.3864908332474,124.3864908332474,pobre,basal,0,0.0,501.0,0.0,34.0,11,145,3392,6,1.0
98,0.0,0.0,4.4330001,1.0,6.0,7,124.3864908332474,124.3864908332474,pobre,basal,0,0.0,501.0,0.0,34.0,12,145,3392,6,1.0
97,0.0,0.0,4.4330001,1.0,1.0,7,124.3864908332474,124.3864908332474,pobre,basal,0,0.0,501.0,0.0,34.0,9,145,3393,1,1.0
98,0.0,0.0,4.4330001,1.0,2.0,7,124.3864908332474,124.3864908332474,pobre,basal,0,0.0,501.0,0.0,34.0,10,145,3393,1,1.0
97,0.0,0.0,4.4330001,1.0,0.0,7,124.3864908332474,124.3864908332474,pobre,basal,0,0.0,501.0,0.0,34.0,7,145,3394,0,1.0
98,0.0,0.0,4.4330001,1.0,1.0,7,124.3864908332474,124.3864908332474,pobre,basal,0,0.0,501.0,0.0,34.0,8,145,3394,0,1.0
97,0.0,0.0,4.4330001,1.0,0.0,7,124.3864908332474,124.3864908332474,pobre,basal,0,0.0,501.0,0.0,34.0,6,145,3395,0,1.0
98,0.0,0.0,4.4330001,1.0,1.0,7,124.3864908332474,124.3864908332474,pobre,basal,0,0.0,501.0,0.0,34.0,7,145,3395,0,1.0
97,0.0,0.0,4.02,0.0,6.0,6,71.25952953671175,86.90367144768028,pobre,basal,0,0.0,551.0,1.0,54.0,15,152,3396,6,0.0
98,0.0,0.0,4.02,1.0,6.0,6,71.25952953671175,86.90367144768028,pobre,basal,0,0.0,551.0,1.0,54.0,16,152,3396,6,0.0
97,1.0,0.0,4.02,1.0,5.0,6,71.25952953671175,86.90367144768028,pobre,basal,0,0.0,551.0,1.0,54.0,13,152,3397,5,1.0
98,1.0,0.0,4.02,1.0,6.0,6,71.25952953671175,86.90367144768028,pobre,basal,0,0.0,551.0,1.0,54.0,14,152,3397,5,1.0
97,0.0,0.0,4.02,1.0,4.0,6,71.25952953671175,86.90367144768028,pobre,basal,0,0.0,551.0,1.0,54.0,11,152,3398,4,1.0
98,0.0,0.0,4.02,1.0,5.0,6,71.25952953671175,86.90367144768028,pobre,basal,0,0.0,551.0,1.0,54.0,12,152,3398,4,1.0
97,0.0,0.0,4.02,1.0,1.0,5,71.25952953671175,86.90367144768028,pobre,basal,6,0.0,537.0,1.0,27.0,7,152,3399,1,1.0
98,0.0,0.0,4.02,1.0,2.0,5,71.25952953671175,86.90367144768028,pobre,basal,6,0.0,537.0,1.0,27.0,8,152,3399,1,1.0
97,1.0,0.0,4.02,1.0,8.0,8,71.25952953671175,86.90367144768028,pobre,basal,1,0.0,589.20001,1.0,46.0,15,152,3400,8,1.0
98,1.0,0.0,4.02,0.0,9.0,8,71.25952953671175,86.90367144768028,pobre,basal,1,0.0,589.20001,1.0,46.0,16,152,3400,8,1.0
97,0.0,0.0,4.02,1.0,6.0,8,71.25952953671175,86.90367144768028,pobre,basal,1,0.0,589.20001,1.0,46.0,13,152,3401,6,1.0
98,0.0,0.0,4.02,1.0,6.0,8,71.25952953671175,86.90367144768028,pobre,basal,1,0.0,589.20001,1.0,46.0,14,152,3401,6,1.0
97,1.0,0.0,4.02,1.0,5.0,8,71.25952953671175,86.90367144768028,pobre,basal,1,0.0,589.20001,1.0,46.0,12,152,3402,5,1.0
98,1.0,0.0,4.02,1.0,6.0,8,71.25952953671175,86.90367144768028,pobre,basal,1,0.0,589.20001,1.0,46.0,13,152,3402,5,1.0
97,0.0,0.0,4.02,1.0,4.0,8,71.25952953671175,86.90367144768028,pobre,basal,1,0.0,589.20001,1.0,46.0,10,152,3403,4,1.0
98,0.0,0.0,4.02,1.0,5.0,8,71.25952953671175,86.90367144768028,pobre,basal,1,0.0,589.20001,1.0,46.0,11,152,3403,4,1.0
97,1.0,0.0,4.02,1.0,2.0,8,71.25952953671175,86.90367144768028,pobre,basal,1,0.0,589.20001,1.0,46.0,7,152,3404,2,1.0
98,1.0,0.0,4.02,1.0,2.0,8,71.25952953671175,86.90367144768028,pobre,basal,1,0.0,589.20001,1.0,46.0,8,152,3404,2,1.0
97,0.0,0.0,4.02,0.0,6.0,6,71.25952953671175,86.90367144768028,pobre,basal,2,125.0,531.0,1.0,47.0,15,152,3405,6,0.0
98,0.0,0.0,4.02,0.0,6.0,6,71.25952953671175,86.90367144768028,pobre,basal,2,125.0,531.0,1.0,47.0,16,152,3405,6,0.0
97,0.0,0.0,4.02,1.0,5.0,6,71.25952953671175,86.90367144768028,pobre,basal,2,125.0,531.0,1.0,47.0,12,152,3406,5,1.0
98,0.0,0.0,4.02,0.0,6.0,6,71.25952953671175,86.90367144768028,pobre,basal,2,125.0,531.0,1.0,47.0,13,152,3406,5,1.0
97,0.0,0.0,4.02,1.0,1.0,6,71.25952953671175,86.90367144768028,pobre,basal,2,125.0,531.0,1.0,47.0,8,152,3407,1,1.0
98,0.0,0.0,4.02,1.0,2.0,6,71.25952953671175,86.90367144768028,pobre,basal,2,125.0,531.0,1.0,47.0,9,152,3407,1,1.0
97,1.0,0.0,4.4330001,1.0,6.0,6,124.3864908332474,124.3864908332474,pobre,basal,2,83.333336,616.0,1.0,47.0,15,145,3408,6,1.0
98,1.0,0.0,4.4330001,0.0,6.0,6,124.3864908332474,124.3864908332474,pobre,basal,2,83.333336,616.0,1.0,47.0,16,145,3408,6,1.0
97,0.0,0.0,4.4330001,1.0,6.0,6,124.3864908332474,124.3864908332474,pobre,basal,2,83.333336,616.0,1.0,47.0,12,145,3409,6,1.0
98,0.0,0.0,4.4330001,1.0,7.0,6,124.3864908332474,124.3864908332474,pobre,basal,2,83.333336,616.0,1.0,47.0,13,145,3409,6,1.0
97,0.0,0.0,4.4330001,1.0,2.0,6,124.3864908332474,124.3864908332474,pobre,basal,2,83.333336,616.0,1.0,47.0,8,145,3410,2,1.0
98,0.0,0.0,4.4330001,1.0,3.0,6,124.3864908332474,124.3864908332474,pobre,basal,2,83.333336,616.0,1.0,47.0,9,145,3410,2,1.0
97,1.0,0.0,4.02,1.0,6.0,8,71.25952953671175,86.90367144768028,pobre,basal,3,166.66667,495.0,1.0,36.0,13,152,3411,6,1.0
98,1.0,0.0,4.02,1.0,7.0,8,71.25952953671175,86.90367144768028,pobre,basal,3,166.66667,495.0,1.0,36.0,14,152,3411,6,1.0
97,0.0,0.0,4.02,1.0,2.0,8,71.25952953671175,86.90367144768028,pobre,basal,3,166.66667,495.0,1.0,36.0,10,152,3412,2,1.0
98,0.0,0.0,4.02,1.0,3.0,8,71.25952953671175,86.90367144768028,pobre,basal,3,166.66667,495.0,1.0,36.0,11,152,3412,2,1.0
97,0.0,0.0,4.02,1.0,1.0,8,71.25952953671175,86.90367144768028,pobre,basal,3,166.66667,495.0,1.0,36.0,7,152,3413,1,1.0
98,0.0,0.0,4.02,1.0,2.0,8,71.25952953671175,86.90367144768028,pobre,basal,3,166.66667,495.0,1.0,36.0,8,152,3413,1,1.0
97,1.0,0.0,4.02,1.0,2.0,8,71.25952953671175,86.90367144768028,pobre,basal,3,166.66667,495.0,1.0,36.0,8,152,3414,2,1.0
98,1.0,0.0,4.02,1.0,3.0,8,71.25952953671175,86.90367144768028,pobre,basal,3,166.66667,495.0,1.0,36.0,9,152,3414,2,1.0
97,1.0,0.0,4.02,1.0,0.0,8,71.25952953671175,86.90367144768028,pobre,basal,3,166.66667,495.0,1.0,36.0,6,152,3415,0,1.0
98,1.0,0.0,4.02,1.0,1.0,8,71.25952953671175,86.90367144768028,pobre,basal,3,166.66667,495.0,1.0,36.0,7,152,3415,0,1.0
97,1.0,0.0,4.02,1.0,6.0,8,71.25952953671175,86.90367144768028,no pobre,basal,3,480.0,815.0,1.0,45.0,10,152,3416,6,1.0
98,1.0,0.0,4.02,1.0,7.0,8,71.25952953671175,86.90367144768028,no pobre,basal,3,480.0,815.0,1.0,45.0,11,152,3416,6,1.0
97,0.0,0.0,4.02,1.0,1.0,5,71.25952953671175,86.90367144768028,pobre,basal,3,1000.0,515.0,1.0,34.0,6,152,3417,1,1.0
98,0.0,0.0,4.02,1.0,1.0,5,71.25952953671175,86.90367144768028,pobre,basal,3,1000.0,515.0,1.0,34.0,7,152,3417,1,1.0
97,1.0,0.0,4.02,1.0,2.0,9,71.25952953671175,86.90367144768028,pobre,basal,3,840.0,481.20001,1.0,36.0,16,152,3418,2,1.0
98,1.0,0.0,4.02,0.0,3.0,9,71.25952953671175,86.90367144768028,pobre,basal,3,840.0,481.20001,1.0,36.0,17,152,3418,2,1.0
97,0.0,0.0,4.02,1.0,4.0,9,71.25952953671175,86.90367144768028,pobre,basal,3,840.0,481.20001,1.0,36.0,12,152,3419,4,1.0
98,0.0,0.0,4.02,1.0,5.0,9,71.25952953671175,86.90367144768028,pobre,basal,3,840.0,481.20001,1.0,36.0,13,152,3419,4,1.0
97,1.0,0.0,4.02,1.0,1.0,9,71.25952953671175,86.90367144768028,pobre,basal,3,840.0,481.20001,1.0,36.0,8,152,3420,1,1.0
98,1.0,0.0,4.02,1.0,2.0,9,71.25952953671175,86.90367144768028,pobre,basal,3,840.0,481.20001,1.0,36.0,9,152,3420,1,1.0
97,1.0,0.0,4.02,,0.0,9,71.25952953671175,86.90367144768028,pobre,basal,3,840.0,481.20001,1.0,36.0,7,152,3421,0,
98,1.0,0.0,4.02,,,9,71.25952953671175,86.90367144768028,pobre,basal,3,840.0,481.20001,1.0,36.0,8,152,3421,0,
97,0.0,0.0,4.02,0.0,6.0,10,71.25952953671175,86.90367144768028,pobre,basal,6,0.0,369.67001,1.0,32.0,13,152,3422,6,0.0
98,0.0,0.0,4.02,0.0,6.0,10,71.25952953671175,86.90367144768028,pobre,basal,6,0.0,369.67001,1.0,32.0,14,152,3422,6,0.0
97,1.0,0.0,4.02,1.0,6.0,10,71.25952953671175,86.90367144768028,pobre,basal,6,0.0,369.67001,1.0,32.0,12,152,3423,6,1.0
98,1.0,0.0,4.02,1.0,7.0,10,71.25952953671175,86.90367144768028,pobre,basal,6,0.0,369.67001,1.0,32.0,13,152,3423,6,1.0
97,1.0,0.0,4.02,1.0,4.0,10,71.25952953671175,86.90367144768028,pobre,basal,6,0.0,369.67001,1.0,32.0,10,152,3424,4,1.0
98,1.0,0.0,4.02,1.0,5.0,10,71.25952953671175,86.90367144768028,pobre,basal,6,0.0,369.67001,1.0,32.0,11,152,3424,4,1.0
97,1.0,0.0,4.02,1.0,2.0,10,71.25952953671175,86.90367144768028,pobre,basal,6,0.0,369.67001,1.0,32.0,8,152,3425,2,1.0
98,1.0,0.0,4.02,1.0,2.0,10,71.25952953671175,86.90367144768028,pobre,basal,6,0.0,369.67001,1.0,32.0,9,152,3425,2,1.0
97,0.0,0.0,4.02,1.0,1.0,10,71.25952953671175,86.90367144768028,pobre,basal,6,0.0,369.67001,1.0,32.0,6,152,3426,1,1.0
98,0.0,0.0,4.02,1.0,1.0,10,71.25952953671175,86.90367144768028,pobre,basal,6,0.0,369.67001,1.0,32.0,7,152,3426,1,1.0
97,1.0,0.0,4.4330001,1.0,8.0,6,124.3864908332474,124.3864908332474,pobre,basal,0,0.0,570.0,0.0,36.0,15,145,3427,8,1.0
98,1.0,0.0,4.4330001,0.0,9.0,6,124.3864908332474,124.3864908332474,pobre,basal,0,0.0,570.0,0.0,36.0,16,145,3427,8,1.0
97,1.0,0.0,4.4330001,1.0,4.0,6,124.3864908332474,124.3864908332474,pobre,basal,0,0.0,570.0,0.0,36.0,13,145,3428,4,1.0
98,1.0,0.0,4.4330001,1.0,8.0,6,124.3864908332474,124.3864908332474,pobre,basal,0,0.0,570.0,0.0,36.0,14,145,3428,4,1.0
97,0.0,0.0,4.4330001,1.0,4.0,6,124.3864908332474,124.3864908332474,pobre,basal,0,0.0,570.0,0.0,36.0,11,145,3429,4,1.0
98,0.0,0.0,4.4330001,,,6,124.3864908332474,124.3864908332474,pobre,basal,0,0.0,570.0,0.0,36.0,12,145,3429,4,1.0
97,0.0,,4.4330001,1.0,3.0,6,124.3864908332474,124.3864908332474,pobre,basal,0,0.0,570.0,0.0,36.0,8,145,3430,3,1.0
98,0.0,,4.4330001,1.0,4.0,6,124.3864908332474,124.3864908332474,pobre,basal,0,0.0,570.0,0.0,36.0,9,145,3430,3,1.0
97,0.0,0.0,4.4330001,1.0,7.0,3,124.3864908332474,124.3864908332474,pobre,basal,0,125.0,661.0,0.0,42.0,13,145,3431,7,1.0
98,0.0,0.0,4.4330001,1.0,7.0,3,124.3864908332474,124.3864908332474,pobre,basal,0,125.0,661.0,0.0,42.0,14,145,3431,7,1.0
97,0.0,0.0,4.4330001,1.0,2.0,3,124.3864908332474,124.3864908332474,pobre,basal,0,125.0,661.0,0.0,42.0,8,145,3432,2,1.0
98,0.0,0.0,4.4330001,1.0,2.0,3,124.3864908332474,124.3864908332474,pobre,basal,0,125.0,661.0,0.0,42.0,9,145,3432,2,1.0
97,1.0,0.0,4.4330001,0.0,4.0,8,124.3864908332474,124.3864908332474,pobre,basal,0,1250.0,669.0,1.0,38.0,16,145,3433,4,0.0
98,1.0,0.0,4.4330001,,,8,124.3864908332474,124.3864908332474,pobre,basal,0,1250.0,669.0,1.0,38.0,17,145,3433,4,0.0
97,0.0,1.0,4.4330001,,0.0,8,124.3864908332474,124.3864908332474,pobre,basal,0,1250.0,669.0,1.0,38.0,15,145,3434,0,
98,0.0,1.0,4.4330001,0.0,6.0,8,124.3864908332474,124.3864908332474,pobre,basal,0,1250.0,669.0,1.0,38.0,16,145,3434,0,
97,1.0,0.0,4.4330001,1.0,5.0,8,124.3864908332474,124.3864908332474,pobre,basal,0,1250.0,669.0,1.0,38.0,13,145,3435,5,1.0
98,1.0,0.0,4.4330001,1.0,6.0,8,124.3864908332474,124.3864908332474,pobre,basal,0,1250.0,669.0,1.0,38.0,14,145,3435,5,1.0
97,1.0,0.0,4.4330001,1.0,1.0,8,124.3864908332474,124.3864908332474,pobre,basal,0,1250.0,669.0,1.0,38.0,9,145,3436,1,1.0
98,1.0,0.0,4.4330001,1.0,2.0,8,124.3864908332474,124.3864908332474,pobre,basal,0,1250.0,669.0,1.0,38.0,10,145,3436,1,1.0
97,0.0,0.0,4.4330001,1.0,0.0,8,124.3864908332474,124.3864908332474,pobre,basal,0,1250.0,669.0,1.0,38.0,6,145,3437,0,1.0
98,0.0,0.0,4.4330001,1.0,1.0,8,124.3864908332474,124.3864908332474,pobre,basal,0,1250.0,669.0,1.0,38.0,7,145,3437,0,1.0
97,0.0,0.0,4.4330001,1.0,4.0,2,124.3864908332474,124.3864908332474,pobre,basal,0,0.0,751.0,0.0,67.0,11,145,3438,4,1.0
98,0.0,0.0,4.4330001,1.0,4.0,2,124.3864908332474,124.3864908332474,pobre,basal,0,0.0,751.0,0.0,67.0,12,145,3438,4,1.0
97,1.0,0.0,4.4330001,1.0,5.0,5,124.3864908332474,124.3864908332474,pobre,basal,0,0.0,682.0,1.0,32.0,13,145,3439,5,1.0
98,1.0,0.0,4.4330001,0.0,4.0,5,124.3864908332474,124.3864908332474,pobre,basal,0,0.0,682.0,1.0,32.0,14,145,3439,5,1.0
97,0.0,0.0,4.02,1.0,4.0,7,71.25952953671175,86.90367144768028,pobre,basal,2,0.0,582.20001,0.0,43.0,11,152,3440,4,1.0
98,0.0,0.0,4.02,1.0,5.0,7,71.25952953671175,86.90367144768028,pobre,basal,2,0.0,582.20001,0.0,43.0,12,152,3440,4,1.0
97,1.0,0.0,4.02,1.0,0.0,7,71.25952953671175,86.90367144768028,pobre,basal,2,0.0,582.20001,0.0,43.0,6,152,3441,0,1.0
98,1.0,0.0,4.02,1.0,1.0,7,71.25952953671175,86.90367144768028,pobre,basal,2,0.0,582.20001,0.0,43.0,7,152,3441,0,1.0
97,0.0,0.0,4.02,1.0,4.0,6,71.25952953671175,86.90367144768028,pobre,basal,4,0.0,507.70001,1.0,32.0,10,152,3442,4,1.0
98,0.0,0.0,4.02,1.0,5.0,6,71.25952953671175,86.90367144768028,pobre,basal,4,0.0,507.70001,1.0,32.0,11,152,3442,4,1.0
97,0.0,0.0,4.02,1.0,3.0,6,71.25952953671175,86.90367144768028,pobre,basal,4,0.0,507.70001,1.0,32.0,9,152,3443,3,1.0
98,0.0,0.0,4.02,1.0,4.0,6,71.25952953671175,86.90367144768028,pobre,basal,4,0.0,507.70001,1.0,32.0,10,152,3443,3,1.0
97,0.0,0.0,4.02,1.0,1.0,6,71.25952953671175,86.90367144768028,pobre,basal,4,0.0,507.70001,1.0,32.0,7,152,3444,1,1.0
98,0.0,0.0,4.02,1.0,1.0,6,71.25952953671175,86.90367144768028,pobre,basal,4,0.0,507.70001,1.0,32.0,8,152,3444,1,1.0
97,0.0,0.0,4.02,0.0,5.0,13,71.25952953671175,86.90367144768028,pobre,basal,2,0.0,460.75,1.0,40.0,16,152,3445,5,0.0
98,0.0,0.0,4.02,,,13,71.25952953671175,86.90367144768028,pobre,basal,2,0.0,460.75,1.0,40.0,17,152,3445,5,0.0
97,0.0,0.0,4.02,0.0,5.0,13,71.25952953671175,86.90367144768028,pobre,basal,2,0.0,460.75,1.0,40.0,14,152,3446,5,0.0
98,0.0,0.0,4.02,0.0,5.0,13,71.25952953671175,86.90367144768028,pobre,basal,2,0.0,460.75,1.0,40.0,15,152,3446,5,0.0
97,0.0,0.0,4.02,0.0,6.0,13,71.25952953671175,86.90367144768028,pobre,basal,2,0.0,460.75,1.0,40.0,13,152,3447,6,0.0
98,0.0,0.0,4.02,0.0,6.0,13,71.25952953671175,86.90367144768028,pobre,basal,2,0.0,460.75,1.0,40.0,14,152,3447,6,0.0
97,1.0,0.0,4.02,0.0,6.0,13,71.25952953671175,86.90367144768028,pobre,basal,2,0.0,460.75,1.0,40.0,11,152,3448,6,0.0
98,1.0,0.0,4.02,0.0,6.0,13,71.25952953671175,86.90367144768028,pobre,basal,2,0.0,460.75,1.0,40.0,12,152,3448,6,0.0
97,1.0,0.0,4.02,1.0,1.0,13,71.25952953671175,86.90367144768028,pobre,basal,2,0.0,460.75,1.0,40.0,8,152,3449,1,1.0
98,1.0,0.0,4.02,1.0,1.0,13,71.25952953671175,86.90367144768028,pobre,basal,2,0.0,460.75,1.0,40.0,9,152,3449,1,1.0
97,1.0,0.0,4.02,1.0,0.0,13,71.25952953671175,86.90367144768028,pobre,basal,2,0.0,460.75,1.0,40.0,6,152,3450,0,1.0
98,1.0,0.0,4.02,1.0,0.0,13,71.25952953671175,86.90367144768028,pobre,basal,2,0.0,460.75,1.0,40.0,7,152,3450,0,1.0
97,1.0,0.0,4.02,1.0,4.0,5,71.25952953671175,86.90367144768028,pobre,basal,0,250.0,601.0,1.0,58.0,10,152,3451,4,1.0
98,1.0,0.0,4.02,1.0,5.0,5,71.25952953671175,86.90367144768028,pobre,basal,0,250.0,601.0,1.0,58.0,11,152,3451,4,1.0
97,0.0,0.0,4.02,1.0,5.0,5,71.25952953671175,86.90367144768028,pobre,basal,1,0.0,412.0,1.0,50.0,12,152,3452,5,1.0
98,0.0,0.0,4.02,0.0,6.0,5,71.25952953671175,86.90367144768028,pobre,basal,1,0.0,412.0,1.0,50.0,13,152,3452,5,1.0
97,1.0,0.0,4.02,1.0,4.0,5,71.25952953671175,86.90367144768028,pobre,basal,1,0.0,412.0,1.0,50.0,10,152,3453,4,1.0
98,1.0,0.0,4.02,1.0,4.0,5,71.25952953671175,86.90367144768028,pobre,basal,1,0.0,412.0,1.0,50.0,11,152,3453,4,1.0
97,1.0,0.0,0.0,1.0,8.0,8,105.0539879604575,105.0539879604575,pobre,basal,2,1000.0,486.0,1.0,38.0,14,146,3454,8,1.0
98,1.0,0.0,0.0,1.0,9.0,8,105.0539879604575,105.0539879604575,pobre,basal,2,1000.0,486.0,1.0,38.0,15,146,3454,8,1.0
97,1.0,0.0,0.0,1.0,6.0,8,105.0539879604575,105.0539879604575,pobre,basal,2,1000.0,486.0,1.0,38.0,12,146,3455,6,1.0
98,1.0,0.0,0.0,1.0,5.0,8,105.0539879604575,105.0539879604575,pobre,basal,2,1000.0,486.0,1.0,38.0,13,146,3455,6,1.0
97,0.0,0.0,0.0,1.0,5.0,8,105.0539879604575,105.0539879604575,pobre,basal,2,1000.0,486.0,1.0,38.0,11,146,3456,5,1.0
98,0.0,0.0,0.0,1.0,7.0,8,105.0539879604575,105.0539879604575,pobre,basal,2,1000.0,486.0,1.0,38.0,12,146,3456,5,1.0
97,0.0,1.0,0.0,,0.0,8,105.0539879604575,105.0539879604575,pobre,basal,2,1000.0,486.0,1.0,38.0,7,146,3457,0,
98,0.0,1.0,0.0,1.0,4.0,8,105.0539879604575,105.0539879604575,pobre,basal,2,1000.0,486.0,1.0,38.0,8,146,3457,0,
97,0.0,0.0,0.0,1.0,7.0,9,105.0539879604575,105.0539879604575,pobre,basal,6,0.0,688.0,1.0,52.0,14,146,3458,7,1.0
98,0.0,0.0,0.0,1.0,8.0,9,105.0539879604575,105.0539879604575,pobre,basal,6,0.0,688.0,1.0,52.0,15,146,3458,7,1.0
97,1.0,0.0,0.0,1.0,8.0,9,105.0539879604575,105.0539879604575,pobre,basal,6,0.0,688.0,1.0,52.0,13,146,3459,8,1.0
98,1.0,0.0,0.0,0.0,3.0,9,105.0539879604575,105.0539879604575,pobre,basal,6,0.0,688.0,1.0,52.0,14,146,3459,8,1.0
97,1.0,0.0,0.0,1.0,5.0,9,105.0539879604575,105.0539879604575,pobre,basal,6,0.0,688.0,1.0,52.0,12,146,3460,5,1.0
98,1.0,0.0,0.0,1.0,5.0,9,105.0539879604575,105.0539879604575,pobre,basal,6,0.0,688.0,1.0,52.0,13,146,3460,5,1.0
97,1.0,0.0,0.0,1.0,3.0,9,105.0539879604575,105.0539879604575,pobre,basal,6,0.0,688.0,1.0,52.0,11,146,3461,3,1.0
98,1.0,0.0,0.0,1.0,4.0,9,105.0539879604575,105.0539879604575,pobre,basal,6,0.0,688.0,1.0,52.0,12,146,3461,3,1.0
97,1.0,0.0,0.0,1.0,2.0,9,105.0539879604575,105.0539879604575,pobre,basal,6,0.0,688.0,1.0,52.0,10,146,3462,2,1.0
98,1.0,0.0,0.0,1.0,3.0,9,105.0539879604575,105.0539879604575,pobre,basal,6,0.0,688.0,1.0,52.0,11,146,3462,2,1.0
97,1.0,0.0,0.0,1.0,3.0,2,105.0539879604575,105.0539879604575,pobre,basal,1,0.0,777.0,0.0,66.0,9,146,3463,3,1.0
98,1.0,0.0,0.0,1.0,4.0,2,105.0539879604575,105.0539879604575,pobre,basal,1,0.0,777.0,0.0,66.0,10,146,3463,3,1.0
97,0.0,0.0,0.0,0.0,9.0,6,105.0539879604575,105.0539879604575,pobre,basal,0,0.0,659.0,1.0,55.0,15,146,3464,9,0.0
98,0.0,0.0,0.0,1.0,9.0,6,105.0539879604575,105.0539879604575,pobre,basal,0,0.0,659.0,1.0,55.0,16,146,3464,9,0.0
97,0.0,0.0,0.0,1.0,6.0,6,105.0539879604575,105.0539879604575,pobre,basal,0,0.0,659.0,1.0,55.0,13,146,3465,6,1.0
98,0.0,0.0,0.0,1.0,7.0,6,105.0539879604575,105.0539879604575,pobre,basal,0,0.0,659.0,1.0,55.0,14,146,3465,6,1.0
97,1.0,0.0,0.0,1.0,5.0,6,105.0539879604575,105.0539879604575,pobre,basal,0,0.0,659.0,1.0,55.0,12,146,3466,5,1.0
98,1.0,0.0,0.0,1.0,6.0,6,105.0539879604575,105.0539879604575,pobre,basal,0,0.0,659.0,1.0,55.0,13,146,3466,5,1.0
97,0.0,0.0,0.0,1.0,8.0,10,105.0539879604575,105.0539879604575,pobre,basal,1,41.666668,588.0,1.0,60.0,14,146,3467,8,1.0
98,0.0,0.0,0.0,0.0,9.0,10,105.0539879604575,105.0539879604575,pobre,basal,1,41.666668,588.0,1.0,60.0,15,146,3467,8,1.0
97,0.0,0.0,0.0,1.0,4.0,10,105.0539879604575,105.0539879604575,pobre,basal,1,41.666668,588.0,1.0,60.0,10,146,3468,4,1.0
98,0.0,0.0,0.0,1.0,5.0,10,105.0539879604575,105.0539879604575,pobre,basal,1,41.666668,588.0,1.0,60.0,11,146,3468,4,1.0
97,1.0,0.0,0.0,1.0,2.0,10,105.0539879604575,105.0539879604575,pobre,basal,1,41.666668,588.0,1.0,60.0,8,146,3469,2,1.0
98,1.0,0.0,0.0,1.0,2.0,10,105.0539879604575,105.0539879604575,pobre,basal,1,41.666668,588.0,1.0,60.0,9,146,3469,2,1.0
97,0.0,0.0,0.0,1.0,1.0,10,105.0539879604575,105.0539879604575,pobre,basal,1,41.666668,588.0,1.0,60.0,8,146,3470,1,1.0
98,0.0,0.0,0.0,,,10,105.0539879604575,105.0539879604575,pobre,basal,1,41.666668,588.0,1.0,60.0,9,146,3470,1,1.0
97,1.0,0.0,0.0,1.0,0.0,10,105.0539879604575,105.0539879604575,pobre,basal,1,41.666668,588.0,1.0,60.0,6,146,3471,0,1.0
98,1.0,0.0,0.0,1.0,0.0,10,105.0539879604575,105.0539879604575,pobre,basal,1,41.666668,588.0,1.0,60.0,7,146,3471,0,1.0
97,0.0,0.0,0.0,1.0,9.0,7,105.0539879604575,105.0539879604575,pobre,basal,4,1250.0,570.0,1.0,40.0,16,146,3472,9,1.0
98,0.0,0.0,0.0,,,7,105.0539879604575,105.0539879604575,pobre,basal,4,1250.0,570.0,1.0,40.0,17,146,3472,9,1.0
97,0.0,1.0,0.0,1.0,6.0,7,105.0539879604575,105.0539879604575,pobre,basal,4,1250.0,570.0,1.0,40.0,13,146,3473,6,1.0
98,0.0,1.0,0.0,1.0,7.0,7,105.0539879604575,105.0539879604575,pobre,basal,4,1250.0,570.0,1.0,40.0,14,146,3473,6,1.0
97,0.0,0.0,0.0,1.0,6.0,7,105.0539879604575,105.0539879604575,pobre,basal,4,1250.0,570.0,1.0,40.0,12,146,3474,6,1.0
98,0.0,0.0,0.0,1.0,7.0,7,105.0539879604575,105.0539879604575,pobre,basal,4,1250.0,570.0,1.0,40.0,13,146,3474,6,1.0
97,0.0,0.0,0.0,1.0,1.0,7,105.0539879604575,105.0539879604575,pobre,basal,4,1250.0,570.0,1.0,40.0,7,146,3475,1,1.0
98,0.0,0.0,0.0,1.0,2.0,7,105.0539879604575,105.0539879604575,pobre,basal,4,1250.0,570.0,1.0,40.0,8,146,3475,1,1.0
97,0.0,0.0,0.0,1.0,4.0,7,105.0539879604575,105.0539879604575,pobre,basal,6,0.0,590.0,1.0,28.0,14,146,3476,4,1.0
98,0.0,0.0,0.0,1.0,5.0,7,105.0539879604575,105.0539879604575,pobre,basal,6,0.0,590.0,1.0,28.0,15,146,3476,4,1.0
97,0.0,0.0,0.0,1.0,1.0,7,105.0539879604575,105.0539879604575,pobre,basal,6,0.0,590.0,1.0,28.0,7,146,3477,1,1.0
98,0.0,0.0,0.0,1.0,2.0,7,105.0539879604575,105.0539879604575,pobre,basal,6,0.0,590.0,1.0,28.0,8,146,3477,1,1.0
97,0.0,0.0,0.0,1.0,0.0,7,105.0539879604575,105.0539879604575,pobre,basal,6,0.0,590.0,1.0,28.0,6,146,3478,0,1.0
98,0.0,0.0,0.0,1.0,1.0,7,105.0539879604575,105.0539879604575,pobre,basal,6,0.0,590.0,1.0,28.0,7,146,3478,0,1.0
97,0.0,0.0,0.0,1.0,6.0,10,105.0539879604575,105.0539879604575,pobre,basal,0,1500.0,624.5,1.0,47.0,16,146,3479,6,1.0
98,0.0,0.0,0.0,1.0,7.0,10,105.0539879604575,105.0539879604575,pobre,basal,0,1500.0,624.5,1.0,47.0,17,146,3479,6,1.0
97,0.0,0.0,0.0,1.0,4.0,10,105.0539879604575,105.0539879604575,pobre,basal,0,1500.0,624.5,1.0,47.0,13,146,3480,4,1.0
98,0.0,0.0,0.0,1.0,5.0,10,105.0539879604575,105.0539879604575,pobre,basal,0,1500.0,624.5,1.0,47.0,14,146,3480,4,1.0
97,0.0,0.0,0.0,1.0,3.0,10,105.0539879604575,105.0539879604575,pobre,basal,0,1500.0,624.5,1.0,47.0,8,146,3481,3,1.0
98,0.0,0.0,0.0,1.0,3.0,10,105.0539879604575,105.0539879604575,pobre,basal,0,1500.0,624.5,1.0,47.0,9,146,3481,3,1.0
97,1.0,0.0,0.0,1.0,1.0,10,105.0539879604575,105.0539879604575,pobre,basal,0,1500.0,624.5,1.0,47.0,6,146,3482,1,1.0
98,1.0,0.0,0.0,1.0,2.0,10,105.0539879604575,105.0539879604575,pobre,basal,0,1500.0,624.5,1.0,47.0,7,146,3482,1,1.0
97,1.0,0.0,0.0,1.0,0.0,10,105.0539879604575,105.0539879604575,pobre,basal,0,1500.0,624.5,1.0,47.0,6,146,3483,0,1.0
98,1.0,0.0,0.0,1.0,0.0,10,105.0539879604575,105.0539879604575,pobre,basal,0,1500.0,624.5,1.0,47.0,7,146,3483,0,1.0
97,1.0,0.0,0.0,0.0,8.0,5,105.0539879604575,105.0539879604575,no pobre,basal,1,0.0,736.0,1.0,70.0,16,146,3484,8,0.0
98,1.0,0.0,0.0,,,5,105.0539879604575,105.0539879604575,no pobre,basal,1,0.0,736.0,1.0,70.0,17,146,3484,8,0.0
97,1.0,0.0,0.0,0.0,2.0,4,105.0539879604575,105.0539879604575,no pobre,basal,0,0.0,731.0,1.0,66.0,7,146,3485,2,0.0
98,1.0,0.0,0.0,1.0,2.0,4,105.0539879604575,105.0539879604575,no pobre,basal,0,0.0,731.0,1.0,66.0,8,146,3485,2,0.0
97,1.0,0.0,0.0,1.0,7.0,6,105.0539879604575,105.0539879604575,no pobre,basal,0,1000.0,728.0,1.0,54.0,13,146,3486,7,1.0
98,1.0,0.0,0.0,1.0,8.0,6,105.0539879604575,105.0539879604575,no pobre,basal,0,1000.0,728.0,1.0,54.0,14,146,3486,7,1.0
97,0.0,0.0,0.0,1.0,7.0,3,105.0539879604575,105.0539879604575,no pobre,basal,0,1000.0,692.0,1.0,44.0,14,146,3487,7,1.0
98,0.0,0.0,0.0,1.0,7.0,3,105.0539879604575,105.0539879604575,no pobre,basal,0,1000.0,692.0,1.0,44.0,15,146,3487,7,1.0
97,1.0,0.0,0.0,1.0,9.0,13,105.0539879604575,105.0539879604575,pobre,basal,0,0.0,637.75,0.0,54.0,14,146,3488,9,1.0
98,1.0,0.0,0.0,,,13,105.0539879604575,105.0539879604575,pobre,basal,0,0.0,637.75,0.0,54.0,15,146,3488,9,1.0
97,1.0,0.0,0.0,1.0,7.0,13,105.0539879604575,105.0539879604575,pobre,basal,0,0.0,637.75,0.0,54.0,14,146,3489,7,1.0
98,1.0,0.0,0.0,1.0,7.0,13,105.0539879604575,105.0539879604575,pobre,basal,0,0.0,637.75,0.0,54.0,15,146,3489,7,1.0
97,1.0,0.0,0.0,1.0,7.0,13,105.0539879604575,105.0539879604575,pobre,basal,0,0.0,637.75,0.0,54.0,13,146,3490,7,1.0
98,1.0,0.0,0.0,,,13,105.0539879604575,105.0539879604575,pobre,basal,0,0.0,637.75,0.0,54.0,14,146,3490,7,1.0
97,1.0,0.0,0.0,1.0,7.0,13,105.0539879604575,105.0539879604575,pobre,basal,0,0.0,637.75,0.0,54.0,14,146,3491,7,1.0
98,1.0,0.0,0.0,,,13,105.0539879604575,105.0539879604575,pobre,basal,0,0.0,637.75,0.0,54.0,15,146,3491,7,1.0
97,1.0,0.0,0.0,1.0,7.0,13,105.0539879604575,105.0539879604575,pobre,basal,0,0.0,637.75,0.0,54.0,14,146,3492,7,1.0
98,1.0,0.0,0.0,,,13,105.0539879604575,105.0539879604575,pobre,basal,0,0.0,637.75,0.0,54.0,15,146,3492,7,1.0
97,1.0,0.0,0.0,1.0,3.0,13,105.0539879604575,105.0539879604575,pobre,basal,0,0.0,637.75,0.0,54.0,9,146,3493,3,1.0
98,1.0,0.0,0.0,1.0,4.0,13,105.0539879604575,105.0539879604575,pobre,basal,0,0.0,637.75,0.0,54.0,10,146,3493,3,1.0
97,0.0,0.0,0.0,1.0,2.0,13,105.0539879604575,105.0539879604575,pobre,basal,0,0.0,637.75,0.0,54.0,8,146,3494,2,1.0
98,0.0,0.0,0.0,1.0,3.0,13,105.0539879604575,105.0539879604575,pobre,basal,0,0.0,637.75,0.0,54.0,9,146,3494,2,1.0
97,1.0,0.0,0.0,1.0,4.0,7,105.0539879604575,105.0539879604575,pobre,basal,6,1000.0,505.0,1.0,31.0,10,146,3495,4,1.0
98,1.0,0.0,0.0,1.0,5.0,7,105.0539879604575,105.0539879604575,pobre,basal,6,1000.0,505.0,1.0,31.0,11,146,3495,4,1.0
97,0.0,0.0,0.0,1.0,2.0,7,105.0539879604575,105.0539879604575,pobre,basal,6,1000.0,505.0,1.0,31.0,8,146,3496,2,1.0
98,0.0,0.0,0.0,1.0,2.0,7,105.0539879604575,105.0539879604575,pobre,basal,6,1000.0,505.0,1.0,31.0,9,146,3496,2,1.0
97,1.0,0.0,0.0,1.0,0.0,7,105.0539879604575,105.0539879604575,pobre,basal,6,1000.0,505.0,1.0,31.0,6,146,3497,0,1.0
98,1.0,0.0,0.0,1.0,1.0,7,105.0539879604575,105.0539879604575,pobre,basal,6,1000.0,505.0,1.0,31.0,7,146,3497,0,1.0
97,1.0,0.0,0.0,1.0,6.0,5,105.0539879604575,105.0539879604575,pobre,basal,2,0.0,650.0,0.0,47.0,14,146,3498,6,1.0
98,1.0,0.0,0.0,1.0,7.0,5,105.0539879604575,105.0539879604575,pobre,basal,2,0.0,650.0,0.0,47.0,15,146,3498,6,1.0
97,0.0,0.0,0.0,1.0,0.0,5,105.0539879604575,105.0539879604575,pobre,basal,2,0.0,650.0,0.0,47.0,6,146,3499,0,1.0
98,0.0,0.0,0.0,1.0,1.0,5,105.0539879604575,105.0539879604575,pobre,basal,2,0.0,650.0,0.0,47.0,7,146,3499,0,1.0
97,1.0,0.0,0.0,1.0,4.0,3,105.0539879604575,105.0539879604575,no pobre,basal,1,1250.0,723.0,1.0,59.0,9,146,3500,4,1.0
98,1.0,0.0,0.0,1.0,2.0,3,105.0539879604575,105.0539879604575,no pobre,basal,1,1250.0,723.0,1.0,59.0,10,146,3500,4,1.0
97,1.0,0.0,0.0,0.0,6.0,6,105.0539879604575,105.0539879604575,pobre,basal,0,1250.0,575.0,1.0,41.0,13,146,3501,6,0.0
98,1.0,0.0,0.0,,,6,105.0539879604575,105.0539879604575,pobre,basal,0,1250.0,575.0,1.0,41.0,14,146,3501,6,0.0
97,0.0,0.0,0.0,,0.0,6,105.0539879604575,105.0539879604575,pobre,basal,0,1250.0,575.0,1.0,41.0,6,146,3502,0,
98,0.0,0.0,0.0,,,6,105.0539879604575,105.0539879604575,pobre,basal,0,1250.0,575.0,1.0,41.0,7,146,3502,0,
97,0.0,0.0,0.0,,0.0,6,105.0539879604575,105.0539879604575,pobre,basal,0,1250.0,575.0,1.0,41.0,6,146,3503,0,
98,0.0,0.0,0.0,,,6,105.0539879604575,105.0539879604575,pobre,basal,0,1250.0,575.0,1.0,41.0,7,146,3503,0,
97,1.0,0.0,0.0,,0.0,5,105.0539879604575,105.0539879604575,pobre,basal,1,41.666668,583.0,1.0,45.0,14,146,3504,0,
98,1.0,0.0,0.0,1.0,8.0,5,105.0539879604575,105.0539879604575,pobre,basal,1,41.666668,583.0,1.0,45.0,15,146,3504,0,
97,1.0,0.0,0.0,1.0,1.0,5,105.0539879604575,105.0539879604575,pobre,basal,1,41.666668,583.0,1.0,45.0,8,146,3505,1,1.0
98,1.0,0.0,0.0,1.0,2.0,5,105.0539879604575,105.0539879604575,pobre,basal,1,41.666668,583.0,1.0,45.0,9,146,3505,1,1.0
97,0.0,0.0,0.0,1.0,3.0,5,105.0539879604575,105.0539879604575,pobre,basal,1,0.0,588.0,1.0,42.0,9,146,3506,3,1.0
98,0.0,0.0,0.0,1.0,4.0,5,105.0539879604575,105.0539879604575,pobre,basal,1,0.0,588.0,1.0,42.0,10,146,3506,3,1.0
97,1.0,0.0,0.0,1.0,2.0,5,105.0539879604575,105.0539879604575,pobre,basal,1,0.0,588.0,1.0,42.0,8,146,3507,2,1.0
98,1.0,0.0,0.0,1.0,3.0,5,105.0539879604575,105.0539879604575,pobre,basal,1,0.0,588.0,1.0,42.0,9,146,3507,2,1.0
97,0.0,0.0,0.0,1.0,3.0,6,105.0539879604575,105.0539879604575,pobre,basal,6,1250.0,540.0,1.0,32.0,10,146,3508,3,1.0
98,0.0,0.0,0.0,,,6,105.0539879604575,105.0539879604575,pobre,basal,6,1250.0,540.0,1.0,32.0,11,146,3508,3,1.0
97,0.0,0.0,0.0,1.0,2.0,6,105.0539879604575,105.0539879604575,pobre,basal,6,1250.0,540.0,1.0,32.0,8,146,3509,2,1.0
98,0.0,0.0,0.0,,,6,105.0539879604575,105.0539879604575,pobre,basal,6,1250.0,540.0,1.0,32.0,9,146,3509,2,1.0
97,1.0,0.0,0.0,1.0,1.0,6,105.0539879604575,105.0539879604575,pobre,basal,6,1250.0,540.0,1.0,32.0,6,146,3510,1,1.0
98,1.0,0.0,0.0,,,6,105.0539879604575,105.0539879604575,pobre,basal,6,1250.0,540.0,1.0,32.0,7,146,3510,1,1.0
97,1.0,0.0,2.3759999,1.0,8.0,8,109.3589064630826,109.3589064630826,pobre,basal,6,1400.0,667.0,1.0,38.0,14,12,3511,8,1.0
98,1.0,0.0,2.3759999,1.0,9.0,8,109.3589064630826,109.3589064630826,pobre,basal,6,1400.0,667.0,1.0,38.0,15,12,3511,8,1.0
97,0.0,0.0,2.3759999,1.0,7.0,8,109.3589064630826,109.3589064630826,pobre,basal,6,1400.0,667.0,1.0,38.0,11,12,3512,7,1.0
98,0.0,0.0,2.3759999,,,8,109.3589064630826,109.3589064630826,pobre,basal,6,1400.0,667.0,1.0,38.0,12,12,3512,7,1.0
97,1.0,0.0,2.3759999,1.0,9.0,8,109.3589064630826,109.3589064630826,pobre,basal,6,1200.0,699.0,1.0,38.0,16,12,3513,9,1.0
98,1.0,0.0,2.3759999,,,8,109.3589064630826,109.3589064630826,pobre,basal,6,1200.0,699.0,1.0,38.0,17,12,3513,9,1.0
97,0.0,0.0,2.3759999,1.0,7.0,8,109.3589064630826,109.3589064630826,pobre,basal,6,1200.0,699.0,1.0,38.0,15,12,3514,7,1.0
98,0.0,0.0,2.3759999,1.0,8.0,8,109.3589064630826,109.3589064630826,pobre,basal,6,1200.0,699.0,1.0,38.0,16,12,3514,7,1.0
97,1.0,0.0,2.3759999,1.0,6.0,8,109.3589064630826,109.3589064630826,pobre,basal,6,1200.0,699.0,1.0,38.0,13,12,3515,6,1.0
98,1.0,0.0,2.3759999,1.0,7.0,8,109.3589064630826,109.3589064630826,pobre,basal,6,1200.0,699.0,1.0,38.0,14,12,3515,6,1.0
97,1.0,0.0,2.3759999,1.0,10.0,7,109.3589064630826,109.3589064630826,no pobre,basal,15,1250.0,812.0,1.0,41.0,15,12,3516,10,1.0
98,1.0,0.0,2.3759999,1.0,9.0,7,109.3589064630826,109.3589064630826,no pobre,basal,15,1250.0,812.0,1.0,41.0,16,12,3516,10,1.0
97,1.0,0.0,2.3759999,1.0,8.0,7,109.3589064630826,109.3589064630826,no pobre,basal,15,1250.0,812.0,1.0,41.0,14,12,3517,8,1.0
98,1.0,0.0,2.3759999,1.0,9.0,7,109.3589064630826,109.3589064630826,no pobre,basal,15,1250.0,812.0,1.0,41.0,15,12,3517,8,1.0
97,0.0,0.0,2.3759999,1.0,0.0,7,109.3589064630826,109.3589064630826,no pobre,basal,15,1250.0,812.0,1.0,41.0,6,12,3518,0,1.0
98,0.0,0.0,2.3759999,1.0,1.0,7,109.3589064630826,109.3589064630826,no pobre,basal,15,1250.0,812.0,1.0,41.0,7,12,3518,0,1.0
97,1.0,0.0,2.3759999,1.0,4.0,6,109.3589064630826,109.3589064630826,no pobre,basal,12,1000.0,816.0,1.0,28.0,9,12,3519,4,1.0
98,1.0,0.0,2.3759999,1.0,5.0,6,109.3589064630826,109.3589064630826,no pobre,basal,12,1000.0,816.0,1.0,28.0,10,12,3519,4,1.0
97,0.0,0.0,2.3759999,1.0,8.0,7,109.3589064630826,109.3589064630826,no pobre,basal,2,250.0,779.33002,1.0,39.0,14,12,3520,8,1.0
98,0.0,0.0,2.3759999,1.0,9.0,7,109.3589064630826,109.3589064630826,no pobre,basal,2,250.0,779.33002,1.0,39.0,15,12,3520,8,1.0
97,0.0,0.0,2.3759999,1.0,3.0,7,109.3589064630826,109.3589064630826,no pobre,basal,2,250.0,779.33002,1.0,39.0,7,12,3521,3,1.0
98,0.0,0.0,2.3759999,1.0,3.0,7,109.3589064630826,109.3589064630826,no pobre,basal,2,250.0,779.33002,1.0,39.0,8,12,3521,3,1.0
97,1.0,0.0,2.3759999,,0.0,4,109.3589064630826,109.3589064630826,pobre,basal,0,250.0,732.46997,1.0,55.0,14,12,3522,0,
98,1.0,0.0,2.3759999,1.0,10.0,4,109.3589064630826,109.3589064630826,pobre,basal,0,250.0,732.46997,1.0,55.0,15,12,3522,0,
97,0.0,0.0,2.3759999,,0.0,4,109.3589064630826,109.3589064630826,pobre,basal,0,250.0,732.46997,1.0,55.0,12,12,3523,0,
98,0.0,0.0,2.3759999,1.0,6.0,4,109.3589064630826,109.3589064630826,pobre,basal,0,250.0,732.46997,1.0,55.0,13,12,3523,0,
97,1.0,0.0,2.3759999,1.0,4.0,10,109.3589064630826,109.3589064630826,no pobre,basal,0,250.0,767.0,1.0,44.0,15,12,3524,4,1.0
98,1.0,0.0,2.3759999,1.0,5.0,10,109.3589064630826,109.3589064630826,no pobre,basal,0,250.0,767.0,1.0,44.0,16,12,3524,4,1.0
97,1.0,0.0,2.3759999,1.0,2.0,10,109.3589064630826,109.3589064630826,no pobre,basal,0,250.0,767.0,1.0,44.0,12,12,3525,2,1.0
98,1.0,0.0,2.3759999,1.0,2.0,10,109.3589064630826,109.3589064630826,no pobre,basal,0,250.0,767.0,1.0,44.0,13,12,3525,2,1.0
97,1.0,0.0,2.3759999,1.0,3.0,10,109.3589064630826,109.3589064630826,no pobre,basal,0,250.0,767.0,1.0,44.0,10,12,3526,3,1.0
98,1.0,0.0,2.3759999,1.0,4.0,10,109.3589064630826,109.3589064630826,no pobre,basal,0,250.0,767.0,1.0,44.0,11,12,3526,3,1.0
97,0.0,0.0,2.3759999,1.0,2.0,10,109.3589064630826,109.3589064630826,no pobre,basal,0,250.0,767.0,1.0,44.0,9,12,3527,2,1.0
98,0.0,0.0,2.3759999,1.0,3.0,10,109.3589064630826,109.3589064630826,no pobre,basal,0,250.0,767.0,1.0,44.0,10,12,3527,2,1.0
97,1.0,0.0,2.3759999,1.0,5.0,5,109.3589064630826,109.3589064630826,no pobre,basal,6,250.0,828.5,1.0,34.0,10,12,3528,5,1.0
98,1.0,0.0,2.3759999,1.0,5.0,5,109.3589064630826,109.3589064630826,no pobre,basal,6,250.0,828.5,1.0,34.0,11,12,3528,5,1.0
97,1.0,0.0,2.3759999,1.0,3.0,5,109.3589064630826,109.3589064630826,no pobre,basal,6,250.0,828.5,1.0,34.0,8,12,3529,3,1.0
98,1.0,0.0,2.3759999,1.0,1.0,5,109.3589064630826,109.3589064630826,no pobre,basal,6,250.0,828.5,1.0,34.0,9,12,3529,3,1.0
97,0.0,,2.3759999,1.0,1.0,5,109.3589064630826,109.3589064630826,no pobre,basal,6,250.0,828.5,1.0,34.0,7,12,3530,1,1.0
98,0.0,,2.3759999,1.0,1.0,5,109.3589064630826,109.3589064630826,no pobre,basal,6,250.0,828.5,1.0,34.0,8,12,3530,1,1.0
97,0.0,0.0,2.3759999,1.0,2.0,3,109.3589064630826,109.3589064630826,no pobre,basal,0,375.0,772.5,1.0,71.0,8,12,3531,2,1.0
98,0.0,0.0,2.3759999,1.0,2.0,3,109.3589064630826,109.3589064630826,no pobre,basal,0,375.0,772.5,1.0,71.0,9,12,3531,2,1.0
97,0.0,0.0,2.3759999,,3.0,9,109.3589064630826,109.3589064630826,pobre,basal,0,720.0,724.82001,1.0,37.0,16,12,3532,3,
98,0.0,0.0,2.3759999,,,9,109.3589064630826,109.3589064630826,pobre,basal,0,720.0,724.82001,1.0,37.0,17,12,3532,3,
97,1.0,0.0,2.3759999,1.0,6.0,9,109.3589064630826,109.3589064630826,pobre,basal,0,720.0,724.82001,1.0,37.0,14,12,3533,6,1.0
98,1.0,0.0,2.3759999,1.0,7.0,9,109.3589064630826,109.3589064630826,pobre,basal,0,720.0,724.82001,1.0,37.0,15,12,3533,6,1.0
97,1.0,0.0,2.3759999,1.0,3.0,9,109.3589064630826,109.3589064630826,pobre,basal,0,720.0,724.82001,1.0,37.0,12,12,3534,3,1.0
98,1.0,0.0,2.3759999,1.0,4.0,9,109.3589064630826,109.3589064630826,pobre,basal,0,720.0,724.82001,1.0,37.0,13,12,3534,3,1.0
97,0.0,0.0,2.3759999,1.0,2.0,9,109.3589064630826,109.3589064630826,pobre,basal,0,720.0,724.82001,1.0,37.0,9,12,3535,2,1.0
98,0.0,0.0,2.3759999,1.0,3.0,9,109.3589064630826,109.3589064630826,pobre,basal,0,720.0,724.82001,1.0,37.0,10,12,3535,2,1.0
97,1.0,0.0,2.3759999,1.0,3.0,9,109.3589064630826,109.3589064630826,pobre,basal,0,720.0,724.82001,1.0,37.0,6,12,3536,3,1.0
98,1.0,0.0,2.3759999,1.0,1.0,9,109.3589064630826,109.3589064630826,pobre,basal,0,720.0,724.82001,1.0,37.0,7,12,3536,3,1.0
97,0.0,0.0,2.3759999,0.0,1.0,5,109.3589064630826,109.3589064630826,no pobre,basal,3,500.0,801.5,1.0,61.0,16,12,3537,1,0.0
98,0.0,0.0,2.3759999,,,5,109.3589064630826,109.3589064630826,no pobre,basal,3,500.0,801.5,1.0,61.0,17,12,3537,1,0.0
97,1.0,0.0,2.3759999,1.0,7.0,7,109.3589064630826,109.3589064630826,pobre,basal,1,960.0,670.0,1.0,34.0,14,12,3538,7,1.0
98,1.0,0.0,2.3759999,1.0,8.0,7,109.3589064630826,109.3589064630826,pobre,basal,1,960.0,670.0,1.0,34.0,15,12,3538,7,1.0
97,1.0,0.0,2.3759999,1.0,6.0,7,109.3589064630826,109.3589064630826,pobre,basal,1,960.0,670.0,1.0,34.0,13,12,3539,6,1.0
98,1.0,0.0,2.3759999,1.0,7.0,7,109.3589064630826,109.3589064630826,pobre,basal,1,960.0,670.0,1.0,34.0,14,12,3539,6,1.0
97,1.0,0.0,2.3759999,1.0,2.0,7,109.3589064630826,109.3589064630826,pobre,basal,1,960.0,670.0,1.0,34.0,8,12,3540,2,1.0
98,1.0,0.0,2.3759999,1.0,3.0,7,109.3589064630826,109.3589064630826,pobre,basal,1,960.0,670.0,1.0,34.0,9,12,3540,2,1.0
97,0.0,0.0,2.3759999,0.0,6.0,3,109.3589064630826,109.3589064630826,no pobre,basal,1,0.0,798.0,1.0,61.0,16,12,3541,6,0.0
98,0.0,0.0,2.3759999,,,3,109.3589064630826,109.3589064630826,no pobre,basal,1,0.0,798.0,1.0,61.0,17,12,3541,6,0.0
97,0.0,0.0,2.3759999,1.0,6.0,8,109.3589064630826,109.3589064630826,pobre,basal,0,1000.0,746.66998,1.0,41.0,13,12,3542,6,1.0
98,0.0,0.0,2.3759999,0.0,6.0,8,109.3589064630826,109.3589064630826,pobre,basal,0,1000.0,746.66998,1.0,41.0,14,12,3542,6,1.0
97,0.0,0.0,2.3759999,1.0,4.0,8,109.3589064630826,109.3589064630826,pobre,basal,0,1000.0,746.66998,1.0,41.0,11,12,3543,4,1.0
98,0.0,0.0,2.3759999,1.0,5.0,8,109.3589064630826,109.3589064630826,pobre,basal,0,1000.0,746.66998,1.0,41.0,12,12,3543,4,1.0
97,0.0,0.0,2.3759999,1.0,1.0,8,109.3589064630826,109.3589064630826,pobre,basal,0,1000.0,746.66998,1.0,41.0,7,12,3544,1,1.0
98,0.0,0.0,2.3759999,1.0,2.0,8,109.3589064630826,109.3589064630826,pobre,basal,0,1000.0,746.66998,1.0,41.0,8,12,3544,1,1.0
97,1.0,0.0,2.3759999,1.0,8.0,8,109.3589064630826,109.3589064630826,pobre,basal,17,3400.0,728.0,1.0,34.0,14,12,3545,8,1.0
98,1.0,0.0,2.3759999,,,8,109.3589064630826,109.3589064630826,pobre,basal,17,3400.0,728.0,1.0,34.0,15,12,3545,8,1.0
97,0.0,0.0,2.3759999,1.0,4.0,8,109.3589064630826,109.3589064630826,pobre,basal,17,3400.0,728.0,1.0,34.0,10,12,3546,4,1.0
98,0.0,0.0,2.3759999,1.0,5.0,8,109.3589064630826,109.3589064630826,pobre,basal,17,3400.0,728.0,1.0,34.0,11,12,3546,4,1.0
97,0.0,0.0,2.3759999,1.0,0.0,8,109.3589064630826,109.3589064630826,pobre,basal,17,3400.0,728.0,1.0,34.0,7,12,3547,0,1.0
98,0.0,0.0,2.3759999,1.0,1.0,8,109.3589064630826,109.3589064630826,pobre,basal,17,3400.0,728.0,1.0,34.0,8,12,3547,0,1.0
97,1.0,0.0,2.3759999,1.0,10.0,9,109.3589064630826,109.3589064630826,no pobre,basal,3,1600.0,791.0,1.0,45.0,16,12,3548,10,1.0
98,1.0,0.0,2.3759999,,,9,109.3589064630826,109.3589064630826,no pobre,basal,3,1600.0,791.0,1.0,45.0,17,12,3548,10,1.0
97,0.0,0.0,2.3759999,1.0,8.0,9,109.3589064630826,109.3589064630826,no pobre,basal,3,1600.0,791.0,1.0,45.0,14,12,3549,8,1.0
98,0.0,0.0,2.3759999,1.0,9.0,9,109.3589064630826,109.3589064630826,no pobre,basal,3,1600.0,791.0,1.0,45.0,15,12,3549,8,1.0
97,0.0,0.0,2.3759999,1.0,7.0,9,109.3589064630826,109.3589064630826,no pobre,basal,3,1600.0,791.0,1.0,45.0,11,12,3550,7,1.0
98,0.0,0.0,2.3759999,1.0,7.0,9,109.3589064630826,109.3589064630826,no pobre,basal,3,1600.0,791.0,1.0,45.0,12,12,3550,7,1.0
97,0.0,0.0,2.3759999,1.0,1.0,9,109.3589064630826,109.3589064630826,no pobre,basal,3,1600.0,791.0,1.0,45.0,7,12,3551,1,1.0
98,0.0,0.0,2.3759999,1.0,2.0,9,109.3589064630826,109.3589064630826,no pobre,basal,3,1600.0,791.0,1.0,45.0,8,12,3551,1,1.0
97,1.0,0.0,2.3759999,0.0,10.0,6,109.3589064630826,109.3589064630826,pobre,basal,1,0.0,730.0,1.0,40.0,16,12,3552,10,0.0
98,1.0,0.0,2.3759999,,,6,109.3589064630826,109.3589064630826,pobre,basal,1,0.0,730.0,1.0,40.0,17,12,3552,10,0.0
97,1.0,0.0,2.3759999,0.0,5.0,6,109.3589064630826,109.3589064630826,pobre,basal,1,0.0,730.0,1.0,40.0,13,12,3553,5,0.0
98,1.0,0.0,2.3759999,1.0,6.0,6,109.3589064630826,109.3589064630826,pobre,basal,1,0.0,730.0,1.0,40.0,14,12,3553,5,0.0
97,1.0,0.0,2.3759999,0.0,0.0,6,109.3589064630826,109.3589064630826,pobre,basal,1,0.0,730.0,1.0,40.0,6,12,3554,0,0.0
98,1.0,0.0,2.3759999,1.0,4.0,6,109.3589064630826,109.3589064630826,pobre,basal,1,0.0,730.0,1.0,40.0,7,12,3554,0,0.0
97,1.0,0.0,2.3759999,1.0,8.0,7,109.3589064630826,109.3589064630826,pobre,basal,2,160.0,746.20001,1.0,61.0,15,12,3555,8,1.0
98,1.0,0.0,2.3759999,1.0,9.0,7,109.3589064630826,109.3589064630826,pobre,basal,2,160.0,746.20001,1.0,61.0,16,12,3555,8,1.0
97,0.0,0.0,2.3759999,1.0,7.0,7,109.3589064630826,109.3589064630826,pobre,basal,2,160.0,746.20001,1.0,61.0,13,12,3556,7,1.0
98,0.0,0.0,2.3759999,1.0,7.0,7,109.3589064630826,109.3589064630826,pobre,basal,2,160.0,746.20001,1.0,61.0,14,12,3556,7,1.0
97,1.0,0.0,2.3759999,1.0,2.0,7,109.3589064630826,109.3589064630826,pobre,basal,2,160.0,746.20001,1.0,61.0,10,12,3557,2,1.0
98,1.0,0.0,2.3759999,1.0,2.0,7,109.3589064630826,109.3589064630826,pobre,basal,2,160.0,746.20001,1.0,61.0,11,12,3557,2,1.0
97,0.0,0.0,2.3759999,1.0,4.0,4,109.3589064630826,109.3589064630826,no pobre,basal,11,625.0,859.0,0.0,27.0,10,12,3558,4,1.0
98,0.0,0.0,2.3759999,,,4,109.3589064630826,109.3589064630826,no pobre,basal,11,625.0,859.0,0.0,27.0,11,12,3558,4,1.0
97,1.0,0.0,2.3759999,1.0,3.0,3,109.3589064630826,109.3589064630826,pobre,basal,1,750.0,753.0,1.0,28.0,13,12,3559,3,1.0
98,1.0,0.0,2.3759999,1.0,2.0,3,109.3589064630826,109.3589064630826,pobre,basal,1,750.0,753.0,1.0,28.0,14,12,3559,3,1.0
97,1.0,0.0,2.3759999,1.0,5.0,5,109.3589064630826,109.3589064630826,pobre,basal,2,0.0,700.03998,1.0,38.0,14,12,3560,5,1.0
98,1.0,0.0,2.3759999,1.0,5.0,5,109.3589064630826,109.3589064630826,pobre,basal,2,0.0,700.03998,1.0,38.0,15,12,3560,5,1.0
97,0.0,0.0,2.3759999,1.0,5.0,5,109.3589064630826,109.3589064630826,pobre,basal,2,0.0,700.03998,1.0,38.0,12,12,3561,5,1.0
98,0.0,0.0,2.3759999,1.0,5.0,5,109.3589064630826,109.3589064630826,pobre,basal,2,0.0,700.03998,1.0,38.0,13,12,3561,5,1.0
97,1.0,0.0,2.3759999,1.0,3.0,5,109.3589064630826,109.3589064630826,pobre,basal,2,0.0,700.03998,1.0,38.0,10,12,3562,3,1.0
98,1.0,0.0,2.3759999,1.0,3.0,5,109.3589064630826,109.3589064630826,pobre,basal,2,0.0,700.03998,1.0,38.0,11,12,3562,3,1.0
97,0.0,0.0,2.3759999,1.0,3.0,8,109.3589064630826,109.3589064630826,pobre,basal,2,250.0,676.66998,1.0,41.0,13,12,3563,3,1.0
98,0.0,0.0,2.3759999,1.0,4.0,8,109.3589064630826,109.3589064630826,pobre,basal,2,250.0,676.66998,1.0,41.0,14,12,3563,3,1.0
97,1.0,0.0,2.3759999,1.0,6.0,8,109.3589064630826,109.3589064630826,pobre,basal,2,250.0,676.66998,1.0,41.0,11,12,3564,6,1.0
98,1.0,0.0,2.3759999,1.0,6.0,8,109.3589064630826,109.3589064630826,pobre,basal,2,250.0,676.66998,1.0,41.0,12,12,3564,6,1.0
97,1.0,0.0,2.3759999,1.0,1.0,8,109.3589064630826,109.3589064630826,pobre,basal,2,250.0,676.66998,1.0,41.0,7,12,3565,1,1.0
98,1.0,0.0,2.3759999,1.0,1.0,8,109.3589064630826,109.3589064630826,pobre,basal,2,250.0,676.66998,1.0,41.0,8,12,3565,1,1.0
97,1.0,0.0,2.3759999,1.0,6.0,7,109.3589064630826,109.3589064630826,pobre,basal,2,375.0,684.33002,1.0,49.0,15,12,3566,6,1.0
98,1.0,0.0,2.3759999,1.0,7.0,7,109.3589064630826,109.3589064630826,pobre,basal,2,375.0,684.33002,1.0,49.0,16,12,3566,6,1.0
97,0.0,0.0,2.3759999,1.0,6.0,7,109.3589064630826,109.3589064630826,pobre,basal,2,375.0,684.33002,1.0,49.0,13,12,3567,6,1.0
98,0.0,0.0,2.3759999,1.0,7.0,7,109.3589064630826,109.3589064630826,pobre,basal,2,375.0,684.33002,1.0,49.0,14,12,3567,6,1.0
97,0.0,0.0,2.3759999,1.0,2.0,7,109.3589064630826,109.3589064630826,pobre,basal,2,375.0,684.33002,1.0,49.0,10,12,3568,2,1.0
98,0.0,0.0,2.3759999,1.0,2.0,7,109.3589064630826,109.3589064630826,pobre,basal,2,375.0,684.33002,1.0,49.0,11,12,3568,2,1.0
97,0.0,0.0,2.3759999,1.0,2.0,7,109.3589064630826,109.3589064630826,pobre,basal,2,375.0,684.33002,1.0,49.0,7,12,3569,2,1.0
98,0.0,0.0,2.3759999,1.0,3.0,7,109.3589064630826,109.3589064630826,pobre,basal,2,375.0,684.33002,1.0,49.0,8,12,3569,2,1.0
97,0.0,0.0,2.3759999,1.0,5.0,8,109.3589064630826,109.3589064630826,no pobre,basal,0,500.0,807.14001,0.0,44.0,13,12,3570,5,1.0
98,0.0,0.0,2.3759999,0.0,6.0,8,109.3589064630826,109.3589064630826,no pobre,basal,0,500.0,807.14001,0.0,44.0,14,12,3570,5,1.0
97,0.0,0.0,2.3759999,1.0,5.0,8,109.3589064630826,109.3589064630826,no pobre,basal,0,500.0,807.14001,0.0,44.0,13,12,3571,5,1.0
98,0.0,0.0,2.3759999,1.0,6.0,8,109.3589064630826,109.3589064630826,no pobre,basal,0,500.0,807.14001,0.0,44.0,14,12,3571,5,1.0
97,1.0,0.0,2.3759999,1.0,2.0,8,109.3589064630826,109.3589064630826,no pobre,basal,0,500.0,807.14001,0.0,44.0,10,12,3572,2,1.0
98,1.0,0.0,2.3759999,1.0,3.0,8,109.3589064630826,109.3589064630826,no pobre,basal,0,500.0,807.14001,0.0,44.0,11,12,3572,2,1.0
97,1.0,0.0,2.3759999,1.0,1.0,8,109.3589064630826,109.3589064630826,no pobre,basal,0,500.0,807.14001,0.0,44.0,8,12,3573,1,1.0
98,1.0,0.0,2.3759999,1.0,2.0,8,109.3589064630826,109.3589064630826,no pobre,basal,0,500.0,807.14001,0.0,44.0,9,12,3573,1,1.0
97,1.0,0.0,2.3759999,1.0,8.0,5,109.3589064630826,109.3589064630826,no pobre,basal,5,1000.0,841.66998,1.0,37.0,15,12,3574,8,1.0
98,1.0,0.0,2.3759999,1.0,9.0,5,109.3589064630826,109.3589064630826,no pobre,basal,5,1000.0,841.66998,1.0,37.0,16,12,3574,8,1.0
97,0.0,0.0,2.3759999,1.0,7.0,5,109.3589064630826,109.3589064630826,no pobre,basal,5,1000.0,841.66998,1.0,37.0,13,12,3575,7,1.0
98,0.0,0.0,2.3759999,1.0,8.0,5,109.3589064630826,109.3589064630826,no pobre,basal,5,1000.0,841.66998,1.0,37.0,14,12,3575,7,1.0
97,1.0,0.0,2.3759999,1.0,5.0,5,109.3589064630826,109.3589064630826,no pobre,basal,5,1000.0,841.66998,1.0,37.0,11,12,3576,5,1.0
98,1.0,0.0,2.3759999,1.0,6.0,5,109.3589064630826,109.3589064630826,no pobre,basal,5,1000.0,841.66998,1.0,37.0,12,12,3576,5,1.0
97,0.0,0.0,2.3759999,1.0,7.0,10,109.3589064630826,109.3589064630826,no pobre,basal,2,0.0,820.33002,1.0,52.0,16,12,3577,7,1.0
98,0.0,0.0,2.3759999,,,10,109.3589064630826,109.3589064630826,no pobre,basal,2,0.0,820.33002,1.0,52.0,17,12,3577,7,1.0
97,1.0,0.0,2.3759999,1.0,8.0,10,109.3589064630826,109.3589064630826,no pobre,basal,2,0.0,820.33002,1.0,52.0,14,12,3578,8,1.0
98,1.0,0.0,2.3759999,1.0,9.0,10,109.3589064630826,109.3589064630826,no pobre,basal,2,0.0,820.33002,1.0,52.0,15,12,3578,8,1.0
97,0.0,0.0,2.3759999,1.0,6.0,10,109.3589064630826,109.3589064630826,no pobre,basal,2,0.0,820.33002,1.0,52.0,12,12,3579,6,1.0
98,0.0,0.0,2.3759999,1.0,7.0,10,109.3589064630826,109.3589064630826,no pobre,basal,2,0.0,820.33002,1.0,52.0,13,12,3579,6,1.0
97,0.0,0.0,2.3759999,1.0,11.0,4,109.3589064630826,109.3589064630826,no pobre,basal,2,0.0,994.0,1.0,58.0,16,12,3580,11,1.0
98,0.0,0.0,2.3759999,,,4,109.3589064630826,109.3589064630826,no pobre,basal,2,0.0,994.0,1.0,58.0,17,12,3580,11,1.0
97,0.0,0.0,2.3759999,1.0,11.0,4,109.3589064630826,109.3589064630826,no pobre,basal,2,0.0,994.0,1.0,58.0,16,12,3581,11,1.0
98,0.0,0.0,2.3759999,,,4,109.3589064630826,109.3589064630826,no pobre,basal,2,0.0,994.0,1.0,58.0,17,12,3581,11,1.0
97,1.0,0.0,2.3759999,1.0,5.0,5,109.3589064630826,109.3589064630826,pobre,basal,1,0.0,668.0,1.0,47.0,13,12,3582,5,1.0
98,1.0,0.0,2.3759999,1.0,6.0,5,109.3589064630826,109.3589064630826,pobre,basal,1,0.0,668.0,1.0,47.0,14,12,3582,5,1.0
97,0.0,0.0,2.3759999,1.0,5.0,5,109.3589064630826,109.3589064630826,pobre,basal,1,0.0,668.0,1.0,47.0,11,12,3583,5,1.0
98,0.0,0.0,2.3759999,1.0,6.0,5,109.3589064630826,109.3589064630826,pobre,basal,1,0.0,668.0,1.0,47.0,12,12,3583,5,1.0
97,1.0,0.0,2.3759999,0.0,6.0,8,109.3589064630826,109.3589064630826,pobre,basal,1,0.0,744.66998,1.0,40.0,16,12,3584,6,0.0
98,1.0,0.0,2.3759999,,,8,109.3589064630826,109.3589064630826,pobre,basal,1,0.0,744.66998,1.0,40.0,17,12,3584,6,0.0
97,0.0,0.0,2.3759999,0.0,6.0,8,109.3589064630826,109.3589064630826,pobre,basal,1,0.0,744.66998,1.0,40.0,14,12,3585,6,0.0
98,0.0,0.0,2.3759999,0.0,6.0,8,109.3589064630826,109.3589064630826,pobre,basal,1,0.0,744.66998,1.0,40.0,15,12,3585,6,0.0
97,0.0,0.0,2.3759999,1.0,5.0,8,109.3589064630826,109.3589064630826,pobre,basal,1,0.0,744.66998,1.0,40.0,11,12,3586,5,1.0
98,0.0,0.0,2.3759999,1.0,5.0,8,109.3589064630826,109.3589064630826,pobre,basal,1,0.0,744.66998,1.0,40.0,12,12,3586,5,1.0
97,0.0,0.0,2.3759999,1.0,3.0,8,109.3589064630826,109.3589064630826,pobre,basal,1,0.0,744.66998,1.0,40.0,9,12,3587,3,1.0
98,0.0,0.0,2.3759999,1.0,4.0,8,109.3589064630826,109.3589064630826,pobre,basal,1,0.0,744.66998,1.0,40.0,10,12,3587,3,1.0
97,1.0,0.0,2.3759999,1.0,1.0,5,109.3589064630826,109.3589064630826,pobre,basal,0,0.0,682.0,1.0,64.0,7,12,3588,1,1.0
98,1.0,0.0,2.3759999,1.0,2.0,5,109.3589064630826,109.3589064630826,pobre,basal,0,0.0,682.0,1.0,64.0,8,12,3588,1,1.0
97,1.0,0.0,2.3759999,1.0,0.0,4,109.3589064630826,109.3589064630826,pobre,basal,6,0.0,751.0,1.0,28.0,6,12,3589,0,1.0
98,1.0,0.0,2.3759999,1.0,1.0,4,109.3589064630826,109.3589064630826,pobre,basal,6,0.0,751.0,1.0,28.0,7,12,3589,0,1.0
97,1.0,0.0,2.3759999,1.0,7.0,8,109.3589064630826,109.3589064630826,pobre,basal,1,0.0,711.0,1.0,47.0,15,12,3590,7,1.0
98,1.0,0.0,2.3759999,,,8,109.3589064630826,109.3589064630826,pobre,basal,1,0.0,711.0,1.0,47.0,16,12,3590,7,1.0
97,1.0,0.0,2.3759999,1.0,5.0,8,109.3589064630826,109.3589064630826,pobre,basal,1,0.0,711.0,1.0,47.0,12,12,3591,5,1.0
98,1.0,0.0,2.3759999,1.0,6.0,8,109.3589064630826,109.3589064630826,pobre,basal,1,0.0,711.0,1.0,47.0,13,12,3591,5,1.0
97,1.0,0.0,2.3759999,1.0,6.0,10,109.3589064630826,109.3589064630826,pobre,basal,2,625.0,688.33002,1.0,42.0,15,12,3592,6,1.0
98,1.0,0.0,2.3759999,1.0,7.0,10,109.3589064630826,109.3589064630826,pobre,basal,2,625.0,688.33002,1.0,42.0,16,12,3592,6,1.0
97,1.0,0.0,2.3759999,1.0,3.0,10,109.3589064630826,109.3589064630826,pobre,basal,2,625.0,688.33002,1.0,42.0,11,12,3593,3,1.0
98,1.0,0.0,2.3759999,1.0,4.0,10,109.3589064630826,109.3589064630826,pobre,basal,2,625.0,688.33002,1.0,42.0,12,12,3593,3,1.0
97,0.0,0.0,2.3759999,1.0,1.0,10,109.3589064630826,109.3589064630826,pobre,basal,2,625.0,688.33002,1.0,42.0,7,12,3594,1,1.0
98,0.0,0.0,2.3759999,1.0,2.0,10,109.3589064630826,109.3589064630826,pobre,basal,2,625.0,688.33002,1.0,42.0,8,12,3594,1,1.0
97,0.0,0.0,2.3759999,1.0,8.0,7,109.3589064630826,109.3589064630826,pobre,basal,3,1680.0,648.0,1.0,35.0,13,12,3595,8,1.0
98,0.0,0.0,2.3759999,1.0,8.0,7,109.3589064630826,109.3589064630826,pobre,basal,3,1680.0,648.0,1.0,35.0,14,12,3595,8,1.0
97,0.0,0.0,2.3759999,1.0,4.0,7,109.3589064630826,109.3589064630826,pobre,basal,3,1680.0,648.0,1.0,35.0,9,12,3596,4,1.0
98,0.0,0.0,2.3759999,1.0,5.0,7,109.3589064630826,109.3589064630826,pobre,basal,3,1680.0,648.0,1.0,35.0,10,12,3596,4,1.0
97,1.0,0.0,2.3759999,1.0,1.0,7,109.3589064630826,109.3589064630826,pobre,basal,3,1680.0,648.0,1.0,35.0,8,12,3597,1,1.0
98,1.0,0.0,2.3759999,1.0,2.0,7,109.3589064630826,109.3589064630826,pobre,basal,3,1680.0,648.0,1.0,35.0,9,12,3597,1,1.0
97,1.0,0.0,2.3759999,1.0,6.0,8,109.3589064630826,109.3589064630826,pobre,basal,2,1600.0,722.0,1.0,42.0,15,12,3598,6,1.0
98,1.0,0.0,2.3759999,1.0,6.0,8,109.3589064630826,109.3589064630826,pobre,basal,2,1600.0,722.0,1.0,42.0,16,12,3598,6,1.0
97,1.0,0.0,2.3759999,1.0,3.0,8,109.3589064630826,109.3589064630826,pobre,basal,2,1600.0,722.0,1.0,42.0,12,12,3599,3,1.0
98,1.0,0.0,2.3759999,1.0,3.0,8,109.3589064630826,109.3589064630826,pobre,basal,2,1600.0,722.0,1.0,42.0,13,12,3599,3,1.0
97,1.0,0.0,2.3759999,1.0,3.0,8,109.3589064630826,109.3589064630826,pobre,basal,2,1600.0,722.0,1.0,42.0,9,12,3600,3,1.0
98,1.0,0.0,2.3759999,1.0,4.0,8,109.3589064630826,109.3589064630826,pobre,basal,2,1600.0,722.0,1.0,42.0,10,12,3600,3,1.0
97,0.0,0.0,2.3759999,0.0,4.0,12,109.3589064630826,109.3589064630826,pobre,basal,3,625.0,665.0,1.0,38.0,16,12,3601,4,0.0
98,0.0,0.0,2.3759999,,,12,109.3589064630826,109.3589064630826,pobre,basal,3,625.0,665.0,1.0,38.0,17,12,3601,4,0.0
97,1.0,0.0,2.3759999,1.0,3.0,12,109.3589064630826,109.3589064630826,pobre,basal,3,625.0,665.0,1.0,38.0,13,12,3602,3,1.0
98,1.0,0.0,2.3759999,1.0,4.0,12,109.3589064630826,109.3589064630826,pobre,basal,3,625.0,665.0,1.0,38.0,14,12,3602,3,1.0
97,0.0,0.0,2.3759999,1.0,3.0,12,109.3589064630826,109.3589064630826,pobre,basal,3,625.0,665.0,1.0,38.0,11,12,3603,3,1.0
98,0.0,0.0,2.3759999,1.0,4.0,12,109.3589064630826,109.3589064630826,pobre,basal,3,625.0,665.0,1.0,38.0,12,12,3603,3,1.0
97,1.0,0.0,2.3759999,1.0,3.0,12,109.3589064630826,109.3589064630826,pobre,basal,3,625.0,665.0,1.0,38.0,9,12,3604,3,1.0
98,1.0,0.0,2.3759999,1.0,4.0,12,109.3589064630826,109.3589064630826,pobre,basal,3,625.0,665.0,1.0,38.0,10,12,3604,3,1.0
97,0.0,0.0,2.3759999,1.0,1.0,12,109.3589064630826,109.3589064630826,pobre,basal,3,625.0,665.0,1.0,38.0,8,12,3605,1,1.0
98,0.0,0.0,2.3759999,1.0,2.0,12,109.3589064630826,109.3589064630826,pobre,basal,3,625.0,665.0,1.0,38.0,9,12,3605,1,1.0
97,1.0,0.0,2.3759999,1.0,8.0,7,109.3589064630826,109.3589064630826,pobre,basal,0,0.0,749.0,1.0,58.0,16,12,3606,8,1.0
98,1.0,0.0,2.3759999,,,7,109.3589064630826,109.3589064630826,pobre,basal,0,0.0,749.0,1.0,58.0,17,12,3606,8,1.0
97,1.0,0.0,2.3759999,1.0,8.0,7,109.3589064630826,109.3589064630826,pobre,basal,0,0.0,749.0,1.0,58.0,14,12,3607,8,1.0
98,1.0,0.0,2.3759999,1.0,8.0,7,109.3589064630826,109.3589064630826,pobre,basal,0,0.0,749.0,1.0,58.0,15,12,3607,8,1.0
97,1.0,0.0,1.2819999,1.0,4.0,11,42.17066963228419,108.4870502545548,pobre,0,0,500.0,658.0,1.0,49.0,15,217,3608,4,1.0
98,1.0,0.0,1.2819999,1.0,5.0,11,42.17066963228419,108.4870502545548,pobre,0,0,500.0,658.0,1.0,49.0,16,217,3608,4,1.0
97,1.0,0.0,1.2819999,1.0,4.0,11,42.17066963228419,108.4870502545548,pobre,0,0,500.0,658.0,1.0,49.0,13,217,3609,4,1.0
98,1.0,0.0,1.2819999,1.0,5.0,11,42.17066963228419,108.4870502545548,pobre,0,0,500.0,658.0,1.0,49.0,14,217,3609,4,1.0
97,1.0,0.0,1.2819999,1.0,3.0,11,42.17066963228419,108.4870502545548,pobre,0,0,500.0,658.0,1.0,49.0,11,217,3610,3,1.0
98,1.0,0.0,1.2819999,1.0,4.0,11,42.17066963228419,108.4870502545548,pobre,0,0,500.0,658.0,1.0,49.0,12,217,3610,3,1.0
97,0.0,0.0,1.2819999,1.0,1.0,11,42.17066963228419,108.4870502545548,pobre,0,0,500.0,658.0,1.0,49.0,9,217,3611,1,1.0
98,0.0,0.0,1.2819999,1.0,2.0,11,42.17066963228419,108.4870502545548,pobre,0,0,500.0,658.0,1.0,49.0,10,217,3611,1,1.0
97,1.0,0.0,1.2819999,1.0,1.0,11,42.17066963228419,108.4870502545548,pobre,0,0,500.0,658.0,1.0,49.0,7,217,3612,1,1.0
98,1.0,0.0,1.2819999,1.0,2.0,11,42.17066963228419,108.4870502545548,pobre,0,0,500.0,658.0,1.0,49.0,8,217,3612,1,1.0
97,1.0,0.0,1.2819999,0.0,5.0,4,42.17066963228419,108.4870502545548,pobre,0,1,500.0,745.0,1.0,70.0,16,217,3613,5,0.0
98,1.0,0.0,1.2819999,0.0,3.0,4,42.17066963228419,108.4870502545548,pobre,0,1,500.0,745.0,1.0,70.0,17,217,3613,5,0.0
97,1.0,0.0,1.2819999,1.0,7.0,11,42.17066963228419,108.4870502545548,pobre,0,0,1200.0,660.0,1.0,55.0,16,217,3614,7,1.0
98,1.0,0.0,1.2819999,,,11,42.17066963228419,108.4870502545548,pobre,0,0,1200.0,660.0,1.0,55.0,17,217,3614,7,1.0
97,0.0,0.0,1.2819999,0.0,6.0,11,42.17066963228419,108.4870502545548,pobre,0,0,1200.0,660.0,1.0,55.0,14,217,3615,6,0.0
98,0.0,0.0,1.2819999,0.0,6.0,11,42.17066963228419,108.4870502545548,pobre,0,0,1200.0,660.0,1.0,55.0,15,217,3615,6,0.0
97,0.0,0.0,1.2819999,1.0,5.0,11,42.17066963228419,108.4870502545548,pobre,0,0,1200.0,660.0,1.0,55.0,12,217,3616,5,1.0
98,0.0,0.0,1.2819999,1.0,5.0,11,42.17066963228419,108.4870502545548,pobre,0,0,1200.0,660.0,1.0,55.0,13,217,3616,5,1.0
97,1.0,0.0,1.2819999,1.0,2.0,11,42.17066963228419,108.4870502545548,pobre,0,0,1200.0,660.0,1.0,55.0,9,217,3617,2,1.0
98,1.0,0.0,1.2819999,1.0,3.0,11,42.17066963228419,108.4870502545548,pobre,0,0,1200.0,660.0,1.0,55.0,10,217,3617,2,1.0
97,1.0,0.0,1.2819999,0.0,6.0,12,42.17066963228419,108.4870502545548,pobre,0,0,500.0,641.0,1.0,56.0,16,217,3618,6,0.0
98,1.0,0.0,1.2819999,0.0,6.0,12,42.17066963228419,108.4870502545548,pobre,0,0,500.0,641.0,1.0,56.0,17,217,3618,6,0.0
97,0.0,0.0,1.2819999,1.0,4.0,12,42.17066963228419,108.4870502545548,pobre,0,0,500.0,641.0,1.0,56.0,11,217,3619,4,1.0
98,0.0,0.0,1.2819999,1.0,5.0,12,42.17066963228419,108.4870502545548,pobre,0,0,500.0,641.0,1.0,56.0,12,217,3619,4,1.0
97,0.0,0.0,1.2819999,1.0,3.0,12,42.17066963228419,108.4870502545548,pobre,0,0,500.0,641.0,1.0,56.0,9,217,3620,3,1.0
98,0.0,0.0,1.2819999,1.0,4.0,12,42.17066963228419,108.4870502545548,pobre,0,0,500.0,641.0,1.0,56.0,10,217,3620,3,1.0
97,1.0,0.0,1.2819999,1.0,1.0,12,42.17066963228419,108.4870502545548,pobre,0,0,500.0,641.0,1.0,56.0,7,217,3621,1,1.0
98,1.0,0.0,1.2819999,1.0,1.0,12,42.17066963228419,108.4870502545548,pobre,0,0,500.0,641.0,1.0,56.0,8,217,3621,1,1.0
97,0.0,0.0,0.0,0.0,6.0,14,34.32991623066558,88.76121668289686,pobre,0,0,500.0,748.0,1.0,42.0,16,256,3622,6,0.0
98,0.0,0.0,0.0,,,14,34.32991623066558,88.76121668289686,pobre,0,0,500.0,748.0,1.0,42.0,17,256,3622,6,0.0
97,0.0,0.0,0.0,0.0,1.0,14,34.32991623066558,88.76121668289686,pobre,0,0,500.0,748.0,1.0,42.0,14,256,3623,1,0.0
98,0.0,0.0,0.0,,,14,34.32991623066558,88.76121668289686,pobre,0,0,500.0,748.0,1.0,42.0,15,256,3623,1,0.0
97,1.0,0.0,0.0,0.0,1.0,14,34.32991623066558,88.76121668289686,pobre,0,0,500.0,748.0,1.0,42.0,13,256,3624,1,0.0
98,1.0,0.0,0.0,,,14,34.32991623066558,88.76121668289686,pobre,0,0,500.0,748.0,1.0,42.0,14,256,3624,1,0.0
97,0.0,0.0,0.0,1.0,1.0,14,34.32991623066558,88.76121668289686,pobre,0,0,500.0,748.0,1.0,42.0,8,256,3625,1,1.0
98,0.0,0.0,0.0,1.0,1.0,14,34.32991623066558,88.76121668289686,pobre,0,0,500.0,748.0,1.0,42.0,9,256,3625,1,1.0
97,0.0,0.0,0.0,1.0,1.0,14,34.32991623066558,88.76121668289686,pobre,0,0,500.0,748.0,1.0,42.0,7,256,3626,1,1.0
98,0.0,0.0,0.0,1.0,2.0,14,34.32991623066558,88.76121668289686,pobre,0,0,500.0,748.0,1.0,42.0,8,256,3626,1,1.0
97,0.0,0.0,0.0,1.0,5.0,5,34.32991623066558,88.76121668289686,pobre,0,0,500.0,746.0,1.0,45.0,13,256,3627,5,1.0
98,0.0,0.0,0.0,1.0,6.0,5,34.32991623066558,88.76121668289686,pobre,0,0,500.0,746.0,1.0,45.0,14,256,3627,5,1.0
97,1.0,0.0,0.0,0.0,1.0,8,34.32991623066558,88.76121668289686,pobre,0,3,500.0,668.0,1.0,48.0,14,256,3628,1,0.0
98,1.0,0.0,0.0,0.0,1.0,8,34.32991623066558,88.76121668289686,pobre,0,3,500.0,668.0,1.0,48.0,15,256,3628,1,0.0
97,0.0,0.0,0.0,1.0,2.0,8,34.32991623066558,88.76121668289686,pobre,0,3,500.0,668.0,1.0,48.0,11,256,3629,2,1.0
98,0.0,0.0,0.0,1.0,3.0,8,34.32991623066558,88.76121668289686,pobre,0,3,500.0,668.0,1.0,48.0,12,256,3629,2,1.0
97,0.0,0.0,0.0,1.0,2.0,8,34.32991623066558,88.76121668289686,pobre,0,3,500.0,668.0,1.0,48.0,8,256,3630,2,1.0
98,0.0,0.0,0.0,1.0,3.0,8,34.32991623066558,88.76121668289686,pobre,0,3,500.0,668.0,1.0,48.0,9,256,3630,2,1.0
97,1.0,0.0,0.0,1.0,1.0,8,34.32991623066558,88.76121668289686,pobre,0,3,500.0,668.0,1.0,48.0,7,256,3631,1,1.0
98,1.0,0.0,0.0,1.0,2.0,8,34.32991623066558,88.76121668289686,pobre,0,3,500.0,668.0,1.0,48.0,8,256,3631,1,1.0
97,0.0,0.0,0.0,1.0,0.0,8,34.32991623066558,88.76121668289686,pobre,0,3,500.0,668.0,1.0,48.0,6,256,3632,0,1.0
98,0.0,0.0,0.0,1.0,1.0,8,34.32991623066558,88.76121668289686,pobre,0,3,500.0,668.0,1.0,48.0,7,256,3632,0,1.0
97,0.0,0.0,1.2819999,1.0,5.0,5,42.17066963228419,108.4870502545548,pobre,0,3,500.0,739.0,1.0,35.0,14,217,3633,5,1.0
98,0.0,0.0,1.2819999,0.0,6.0,5,42.17066963228419,108.4870502545548,pobre,0,3,500.0,739.0,1.0,35.0,15,217,3633,5,1.0
97,0.0,0.0,1.2819999,1.0,5.0,5,42.17066963228419,108.4870502545548,pobre,0,3,500.0,739.0,1.0,35.0,12,217,3634,5,1.0
98,0.0,0.0,1.2819999,1.0,6.0,5,42.17066963228419,108.4870502545548,pobre,0,3,500.0,739.0,1.0,35.0,13,217,3634,5,1.0
97,1.0,0.0,1.2819999,1.0,4.0,5,42.17066963228419,108.4870502545548,pobre,0,3,500.0,739.0,1.0,35.0,10,217,3635,4,1.0
98,1.0,0.0,1.2819999,1.0,5.0,5,42.17066963228419,108.4870502545548,pobre,0,3,500.0,739.0,1.0,35.0,11,217,3635,4,1.0
97,1.0,0.0,1.2819999,,0.0,6,42.17066963228419,108.4870502545548,pobre,0,0,500.0,881.45001,1.0,55.0,15,217,3636,0,
98,1.0,0.0,1.2819999,,,6,42.17066963228419,108.4870502545548,pobre,0,0,500.0,881.45001,1.0,55.0,16,217,3636,0,
97,0.0,0.0,1.2819999,1.0,4.0,8,42.17066963228419,108.4870502545548,pobre,0,0,500.0,592.0,1.0,42.0,13,217,3637,4,1.0
98,0.0,0.0,1.2819999,1.0,5.0,8,42.17066963228419,108.4870502545548,pobre,0,0,500.0,592.0,1.0,42.0,14,217,3637,4,1.0
97,0.0,0.0,1.2819999,1.0,3.0,8,42.17066963228419,108.4870502545548,pobre,0,0,500.0,592.0,1.0,42.0,11,217,3638,3,1.0
98,0.0,0.0,1.2819999,1.0,4.0,8,42.17066963228419,108.4870502545548,pobre,0,0,500.0,592.0,1.0,42.0,12,217,3638,3,1.0
97,1.0,0.0,1.2819999,1.0,2.0,8,42.17066963228419,108.4870502545548,pobre,0,0,500.0,592.0,1.0,42.0,7,217,3639,2,1.0
98,1.0,0.0,1.2819999,1.0,2.0,8,42.17066963228419,108.4870502545548,pobre,0,0,500.0,592.0,1.0,42.0,8,217,3639,2,1.0
97,1.0,0.0,1.2819999,1.0,2.0,8,42.17066963228419,108.4870502545548,pobre,0,0,500.0,592.0,1.0,42.0,6,217,3640,2,1.0
98,1.0,0.0,1.2819999,1.0,3.0,8,42.17066963228419,108.4870502545548,pobre,0,0,500.0,592.0,1.0,42.0,7,217,3640,2,1.0
97,0.0,0.0,1.2819999,1.0,5.0,10,42.17066963228419,108.4870502545548,pobre,0,0,500.0,512.0,1.0,36.0,15,217,3641,5,1.0
98,0.0,0.0,1.2819999,0.0,6.0,10,42.17066963228419,108.4870502545548,pobre,0,0,500.0,512.0,1.0,36.0,16,217,3641,5,1.0
97,0.0,0.0,1.2819999,1.0,4.0,10,42.17066963228419,108.4870502545548,pobre,0,0,500.0,512.0,1.0,36.0,12,217,3642,4,1.0
98,0.0,0.0,1.2819999,1.0,5.0,10,42.17066963228419,108.4870502545548,pobre,0,0,500.0,512.0,1.0,36.0,13,217,3642,4,1.0
97,0.0,0.0,1.2819999,1.0,3.0,10,42.17066963228419,108.4870502545548,pobre,0,0,500.0,512.0,1.0,36.0,11,217,3643,3,1.0
98,0.0,0.0,1.2819999,1.0,3.0,10,42.17066963228419,108.4870502545548,pobre,0,0,500.0,512.0,1.0,36.0,12,217,3643,3,1.0
97,0.0,0.0,1.2819999,1.0,2.0,10,42.17066963228419,108.4870502545548,pobre,0,0,500.0,512.0,1.0,36.0,9,217,3644,2,1.0
98,0.0,0.0,1.2819999,1.0,3.0,10,42.17066963228419,108.4870502545548,pobre,0,0,500.0,512.0,1.0,36.0,10,217,3644,2,1.0
97,0.0,0.0,1.2819999,1.0,1.0,10,42.17066963228419,108.4870502545548,pobre,0,0,500.0,512.0,1.0,36.0,7,217,3645,1,1.0
98,0.0,0.0,1.2819999,1.0,2.0,10,42.17066963228419,108.4870502545548,pobre,0,0,500.0,512.0,1.0,36.0,8,217,3645,1,1.0
97,0.0,0.0,0.67699999,1.0,3.0,6,50.35157730705794,89.04886429907955,pobre,basal,0,500.0,655.0,1.0,26.0,10,255,3646,3,1.0
98,0.0,0.0,0.67699999,1.0,4.0,6,50.35157730705794,89.04886429907955,pobre,basal,0,500.0,655.0,1.0,26.0,11,255,3646,3,1.0
97,0.0,0.0,0.67699999,1.0,1.0,6,50.35157730705794,89.04886429907955,pobre,basal,0,500.0,655.0,1.0,26.0,8,255,3647,1,1.0
98,0.0,0.0,0.67699999,1.0,2.0,6,50.35157730705794,89.04886429907955,pobre,basal,0,500.0,655.0,1.0,26.0,9,255,3647,1,1.0
97,1.0,0.0,0.67699999,0.0,6.0,9,50.35157730705794,89.04886429907955,pobre,basal,1,625.0,755.5,1.0,60.0,16,255,3648,6,0.0
98,1.0,0.0,0.67699999,,,9,50.35157730705794,89.04886429907955,pobre,basal,1,625.0,755.5,1.0,60.0,17,255,3648,6,0.0
97,0.0,0.0,0.67699999,1.0,2.0,9,50.35157730705794,89.04886429907955,pobre,basal,1,625.0,755.5,1.0,60.0,11,255,3649,2,1.0
98,0.0,0.0,0.67699999,1.0,3.0,9,50.35157730705794,89.04886429907955,pobre,basal,1,625.0,755.5,1.0,60.0,12,255,3649,2,1.0
97,0.0,0.0,0.67699999,1.0,1.0,9,50.35157730705794,89.04886429907955,pobre,basal,1,625.0,755.5,1.0,60.0,6,255,3650,1,1.0
98,0.0,0.0,0.67699999,1.0,3.0,9,50.35157730705794,89.04886429907955,pobre,basal,1,625.0,755.5,1.0,60.0,7,255,3650,1,1.0
97,1.0,0.0,0.67699999,1.0,2.0,9,50.35157730705794,89.04886429907955,pobre,basal,1,625.0,755.5,1.0,60.0,8,255,3651,2,1.0
98,1.0,0.0,0.67699999,1.0,3.0,9,50.35157730705794,89.04886429907955,pobre,basal,1,625.0,755.5,1.0,60.0,9,255,3651,2,1.0
97,1.0,0.0,0.67699999,1.0,6.0,6,50.35157730705794,89.04886429907955,pobre,basal,0,250.0,617.0,0.0,28.0,14,255,3652,6,1.0
98,1.0,0.0,0.67699999,1.0,7.0,6,50.35157730705794,89.04886429907955,pobre,basal,0,250.0,617.0,0.0,28.0,15,255,3652,6,1.0
97,1.0,0.0,0.67699999,1.0,1.0,6,50.35157730705794,89.04886429907955,pobre,basal,0,250.0,617.0,0.0,28.0,9,255,3653,1,1.0
98,1.0,0.0,0.67699999,1.0,2.0,6,50.35157730705794,89.04886429907955,pobre,basal,0,250.0,617.0,0.0,28.0,10,255,3653,1,1.0
97,0.0,0.0,0.67699999,1.0,1.0,6,50.35157730705794,89.04886429907955,pobre,basal,0,250.0,617.0,0.0,28.0,6,255,3654,1,1.0
98,0.0,0.0,0.67699999,1.0,1.0,6,50.35157730705794,89.04886429907955,pobre,basal,0,250.0,617.0,0.0,28.0,7,255,3654,1,1.0
97,1.0,0.0,0.67699999,1.0,5.0,9,50.35157730705794,89.04886429907955,pobre,basal,2,625.0,587.0,1.0,36.0,13,255,3655,5,1.0
98,1.0,0.0,0.67699999,1.0,6.0,9,50.35157730705794,89.04886429907955,pobre,basal,2,625.0,587.0,1.0,36.0,14,255,3655,5,1.0
97,1.0,0.0,0.67699999,1.0,4.0,9,50.35157730705794,89.04886429907955,pobre,basal,2,625.0,587.0,1.0,36.0,12,255,3656,4,1.0
98,1.0,0.0,0.67699999,1.0,5.0,9,50.35157730705794,89.04886429907955,pobre,basal,2,625.0,587.0,1.0,36.0,13,255,3656,4,1.0
97,1.0,0.0,0.67699999,1.0,4.0,9,50.35157730705794,89.04886429907955,pobre,basal,2,625.0,587.0,1.0,36.0,11,255,3657,4,1.0
98,1.0,0.0,0.67699999,1.0,5.0,9,50.35157730705794,89.04886429907955,pobre,basal,2,625.0,587.0,1.0,36.0,12,255,3657,4,1.0
97,0.0,0.0,0.67699999,1.0,2.0,9,50.35157730705794,89.04886429907955,pobre,basal,2,625.0,587.0,1.0,36.0,7,255,3658,2,1.0
98,0.0,0.0,0.67699999,1.0,3.0,9,50.35157730705794,89.04886429907955,pobre,basal,2,625.0,587.0,1.0,36.0,8,255,3658,2,1.0
97,0.0,0.0,0.67699999,1.0,1.0,9,50.35157730705794,89.04886429907955,pobre,basal,2,625.0,587.0,1.0,36.0,7,255,3659,1,1.0
98,0.0,0.0,0.67699999,1.0,0.0,9,50.35157730705794,89.04886429907955,pobre,basal,2,625.0,587.0,1.0,36.0,8,255,3659,1,1.0
97,0.0,0.0,0.0,1.0,8.0,8,41.59141340291752,119.5705109884008,no pobre,basal,6,375.0,825.0,1.0,57.0,16,214,3660,8,1.0
98,0.0,0.0,0.0,,,8,41.59141340291752,119.5705109884008,no pobre,basal,6,375.0,825.0,1.0,57.0,17,214,3660,8,1.0
97,0.0,1.0,0.0,1.0,4.0,8,41.59141340291752,119.5705109884008,no pobre,basal,6,375.0,825.0,1.0,57.0,13,214,3661,4,1.0
98,0.0,1.0,0.0,0.0,6.0,8,41.59141340291752,119.5705109884008,no pobre,basal,6,375.0,825.0,1.0,57.0,14,214,3661,4,1.0
97,1.0,1.0,0.0,1.0,1.0,8,41.59141340291752,119.5705109884008,no pobre,basal,6,375.0,825.0,1.0,57.0,8,214,3662,1,1.0
98,1.0,1.0,0.0,1.0,2.0,8,41.59141340291752,119.5705109884008,no pobre,basal,6,375.0,825.0,1.0,57.0,9,214,3662,1,1.0
97,0.0,0.0,0.0,1.0,0.0,5,41.59141340291752,119.5705109884008,pobre,basal,9,1400.0,727.0,1.0,29.0,6,214,3663,0,1.0
98,0.0,0.0,0.0,1.0,1.0,5,41.59141340291752,119.5705109884008,pobre,basal,9,1400.0,727.0,1.0,29.0,7,214,3663,0,1.0
97,1.0,0.0,0.0,1.0,4.0,8,41.59141340291752,119.5705109884008,pobre,basal,1,800.0,597.0,1.0,50.0,13,214,3664,4,1.0
98,1.0,0.0,0.0,1.0,5.0,8,41.59141340291752,119.5705109884008,pobre,basal,1,800.0,597.0,1.0,50.0,14,214,3664,4,1.0
97,1.0,0.0,0.0,1.0,5.0,8,41.59141340291752,119.5705109884008,pobre,basal,1,800.0,597.0,1.0,50.0,11,214,3665,5,1.0
98,1.0,0.0,0.0,1.0,6.0,8,41.59141340291752,119.5705109884008,pobre,basal,1,800.0,597.0,1.0,50.0,12,214,3665,5,1.0
97,0.0,0.0,0.0,,0.0,8,41.59141340291752,119.5705109884008,pobre,basal,1,800.0,597.0,1.0,50.0,8,214,3666,0,
98,0.0,0.0,0.0,,,8,41.59141340291752,119.5705109884008,pobre,basal,1,800.0,597.0,1.0,50.0,9,214,3666,0,
97,0.0,0.0,0.0,1.0,1.0,8,41.59141340291752,119.5705109884008,pobre,basal,1,800.0,597.0,1.0,50.0,8,214,3667,1,1.0
98,0.0,0.0,0.0,1.0,2.0,8,41.59141340291752,119.5705109884008,pobre,basal,1,800.0,597.0,1.0,50.0,9,214,3667,1,1.0
97,1.0,1.0,0.0,1.0,9.0,14,41.59141340291752,119.5705109884008,no pobre,basal,13,375.0,797.0,1.0,60.0,15,214,3668,9,1.0
98,1.0,1.0,0.0,,,14,41.59141340291752,119.5705109884008,no pobre,basal,13,375.0,797.0,1.0,60.0,16,214,3668,9,1.0
97,1.0,1.0,0.0,1.0,7.0,14,41.59141340291752,119.5705109884008,no pobre,basal,13,375.0,797.0,1.0,60.0,14,214,3669,7,1.0
98,1.0,1.0,0.0,1.0,7.0,14,41.59141340291752,119.5705109884008,no pobre,basal,13,375.0,797.0,1.0,60.0,15,214,3669,7,1.0
97,0.0,1.0,0.0,1.0,4.0,14,41.59141340291752,119.5705109884008,no pobre,basal,13,375.0,797.0,1.0,60.0,9,214,3670,4,1.0
98,0.0,1.0,0.0,1.0,5.0,14,41.59141340291752,119.5705109884008,no pobre,basal,13,375.0,797.0,1.0,60.0,10,214,3670,4,1.0
97,0.0,1.0,0.0,1.0,1.0,14,41.59141340291752,119.5705109884008,no pobre,basal,13,375.0,797.0,1.0,60.0,7,214,3671,1,1.0
98,0.0,1.0,0.0,1.0,2.0,14,41.59141340291752,119.5705109884008,no pobre,basal,13,375.0,797.0,1.0,60.0,8,214,3671,1,1.0
97,1.0,0.0,0.0,1.0,6.0,15,41.59141340291752,119.5705109884008,pobre,basal,2,300.0,742.0,1.0,54.0,14,214,3672,6,1.0
98,1.0,0.0,0.0,1.0,7.0,15,41.59141340291752,119.5705109884008,pobre,basal,2,300.0,742.0,1.0,54.0,15,214,3672,6,1.0
97,1.0,0.0,0.0,1.0,3.0,15,41.59141340291752,119.5705109884008,pobre,basal,2,300.0,742.0,1.0,54.0,12,214,3673,3,1.0
98,1.0,0.0,0.0,1.0,3.0,15,41.59141340291752,119.5705109884008,pobre,basal,2,300.0,742.0,1.0,54.0,13,214,3673,3,1.0
97,0.0,0.0,0.0,1.0,4.0,15,41.59141340291752,119.5705109884008,pobre,basal,2,300.0,742.0,1.0,54.0,10,214,3674,4,1.0
98,0.0,0.0,0.0,1.0,5.0,15,41.59141340291752,119.5705109884008,pobre,basal,2,300.0,742.0,1.0,54.0,11,214,3674,4,1.0
97,0.0,0.0,0.0,1.0,1.0,15,41.59141340291752,119.5705109884008,pobre,basal,2,300.0,742.0,1.0,54.0,7,214,3675,1,1.0
98,0.0,0.0,0.0,1.0,0.0,15,41.59141340291752,119.5705109884008,pobre,basal,2,300.0,742.0,1.0,54.0,8,214,3675,1,1.0
97,1.0,0.0,0.0,0.0,0.0,15,41.59141340291752,119.5705109884008,pobre,basal,2,300.0,742.0,1.0,54.0,16,214,3676,0,0.0
98,1.0,0.0,0.0,,,15,41.59141340291752,119.5705109884008,pobre,basal,2,300.0,742.0,1.0,54.0,17,214,3676,0,0.0
97,0.0,0.0,0.0,,0.0,8,41.59141340291752,119.5705109884008,pobre,basal,0,375.0,450.0,1.0,35.0,16,214,3677,0,
98,0.0,0.0,0.0,,,8,41.59141340291752,119.5705109884008,pobre,basal,0,375.0,450.0,1.0,35.0,17,214,3677,0,
97,0.0,0.0,0.0,,0.0,8,41.59141340291752,119.5705109884008,pobre,basal,0,375.0,450.0,1.0,35.0,12,214,3678,0,
98,0.0,0.0,0.0,0.0,2.0,8,41.59141340291752,119.5705109884008,pobre,basal,0,375.0,450.0,1.0,35.0,13,214,3678,0,
97,0.0,0.0,0.0,,0.0,8,41.59141340291752,119.5705109884008,pobre,basal,0,375.0,450.0,1.0,35.0,9,214,3679,0,
98,0.0,0.0,0.0,0.0,3.0,8,41.59141340291752,119.5705109884008,pobre,basal,0,375.0,450.0,1.0,35.0,10,214,3679,0,
97,1.0,0.0,0.0,0.0,9.0,14,41.59141340291752,119.5705109884008,pobre,basal,0,0.0,600.0,1.0,65.0,16,214,3680,9,0.0
98,1.0,0.0,0.0,,,14,41.59141340291752,119.5705109884008,pobre,basal,0,0.0,600.0,1.0,65.0,17,214,3680,9,0.0
97,1.0,0.0,0.0,1.0,8.0,14,41.59141340291752,119.5705109884008,pobre,basal,0,0.0,600.0,1.0,65.0,15,214,3681,8,1.0
98,1.0,0.0,0.0,0.0,9.0,14,41.59141340291752,119.5705109884008,pobre,basal,0,0.0,600.0,1.0,65.0,16,214,3681,8,1.0
97,1.0,0.0,0.0,1.0,7.0,14,41.59141340291752,119.5705109884008,pobre,basal,0,0.0,600.0,1.0,65.0,13,214,3682,7,1.0
98,1.0,0.0,0.0,1.0,8.0,14,41.59141340291752,119.5705109884008,pobre,basal,0,0.0,600.0,1.0,65.0,14,214,3682,7,1.0
97,0.0,0.0,0.0,1.0,5.0,14,41.59141340291752,119.5705109884008,pobre,basal,0,0.0,600.0,1.0,65.0,11,214,3683,5,1.0
98,0.0,0.0,0.0,1.0,6.0,14,41.59141340291752,119.5705109884008,pobre,basal,0,0.0,600.0,1.0,65.0,12,214,3683,5,1.0
97,1.0,0.0,0.0,1.0,2.0,14,41.59141340291752,119.5705109884008,pobre,basal,0,0.0,600.0,1.0,65.0,8,214,3684,2,1.0
98,1.0,0.0,0.0,1.0,3.0,14,41.59141340291752,119.5705109884008,pobre,basal,0,0.0,600.0,1.0,65.0,9,214,3684,2,1.0
97,1.0,0.0,0.0,1.0,1.0,14,41.59141340291752,119.5705109884008,pobre,basal,0,0.0,600.0,1.0,65.0,6,214,3685,1,1.0
98,1.0,0.0,0.0,1.0,1.0,14,41.59141340291752,119.5705109884008,pobre,basal,0,0.0,600.0,1.0,65.0,7,214,3685,1,1.0
97,1.0,0.0,0.0,1.0,1.0,4,41.59141340291752,119.5705109884008,pobre,basal,0,375.0,728.40002,1.0,32.0,7,214,3686,1,1.0
98,1.0,0.0,0.0,1.0,2.0,4,41.59141340291752,119.5705109884008,pobre,basal,0,375.0,728.40002,1.0,32.0,8,214,3686,1,1.0
97,1.0,0.0,0.0,1.0,5.0,7,41.59141340291752,119.5705109884008,pobre,basal,2,720.0,739.0,1.0,56.0,13,214,3687,5,1.0
98,1.0,0.0,0.0,1.0,6.0,7,41.59141340291752,119.5705109884008,pobre,basal,2,720.0,739.0,1.0,56.0,14,214,3687,5,1.0
97,0.0,0.0,0.0,1.0,7.0,7,41.59141340291752,119.5705109884008,pobre,basal,2,720.0,739.0,1.0,56.0,13,214,3688,7,1.0
98,0.0,0.0,0.0,1.0,8.0,7,41.59141340291752,119.5705109884008,pobre,basal,2,720.0,739.0,1.0,56.0,14,214,3688,7,1.0
97,0.0,0.0,0.0,0.0,9.0,12,41.59141340291752,119.5705109884008,pobre,basal,6,150.0,668.69,1.0,46.0,16,214,3689,9,0.0
98,0.0,0.0,0.0,0.0,9.0,12,41.59141340291752,119.5705109884008,pobre,basal,6,150.0,668.69,1.0,46.0,17,214,3689,9,0.0
97,1.0,0.0,0.0,1.0,8.0,12,41.59141340291752,119.5705109884008,pobre,basal,6,150.0,668.69,1.0,46.0,14,214,3690,8,1.0
98,1.0,0.0,0.0,1.0,9.0,12,41.59141340291752,119.5705109884008,pobre,basal,6,150.0,668.69,1.0,46.0,15,214,3690,8,1.0
97,0.0,0.0,0.0,1.0,6.0,12,41.59141340291752,119.5705109884008,pobre,basal,6,150.0,668.69,1.0,46.0,12,214,3691,6,1.0
98,0.0,0.0,0.0,1.0,7.0,12,41.59141340291752,119.5705109884008,pobre,basal,6,150.0,668.69,1.0,46.0,13,214,3691,6,1.0
97,0.0,0.0,0.0,1.0,2.0,12,41.59141340291752,119.5705109884008,pobre,basal,6,150.0,668.69,1.0,46.0,8,214,3692,2,1.0
98,0.0,0.0,0.0,1.0,3.0,12,41.59141340291752,119.5705109884008,pobre,basal,6,150.0,668.69,1.0,46.0,9,214,3692,2,1.0
97,1.0,0.0,0.0,1.0,1.0,12,41.59141340291752,119.5705109884008,pobre,basal,6,150.0,668.69,1.0,46.0,6,214,3693,1,1.0
98,1.0,0.0,0.0,1.0,1.0,12,41.59141340291752,119.5705109884008,pobre,basal,6,150.0,668.69,1.0,46.0,7,214,3693,1,1.0
97,0.0,0.0,0.0,1.0,7.0,7,41.59141340291752,119.5705109884008,pobre,basal,0,0.0,608.0,0.0,37.0,16,214,3694,7,1.0
98,0.0,0.0,0.0,,,7,41.59141340291752,119.5705109884008,pobre,basal,0,0.0,608.0,0.0,37.0,17,214,3694,7,1.0
97,1.0,0.0,0.0,1.0,5.0,7,41.59141340291752,119.5705109884008,pobre,basal,0,0.0,608.0,0.0,37.0,12,214,3695,5,1.0
98,1.0,0.0,0.0,0.0,6.0,7,41.59141340291752,119.5705109884008,pobre,basal,0,0.0,608.0,0.0,37.0,13,214,3695,5,1.0
97,1.0,0.0,0.0,1.0,5.0,7,41.59141340291752,119.5705109884008,pobre,basal,0,0.0,608.0,0.0,37.0,12,214,3696,5,1.0
98,1.0,0.0,0.0,1.0,6.0,7,41.59141340291752,119.5705109884008,pobre,basal,0,0.0,608.0,0.0,37.0,13,214,3696,5,1.0
97,1.0,0.0,0.0,1.0,3.0,7,41.59141340291752,119.5705109884008,pobre,basal,0,0.0,608.0,0.0,37.0,8,214,3697,3,1.0
98,1.0,0.0,0.0,1.0,3.0,7,41.59141340291752,119.5705109884008,pobre,basal,0,0.0,608.0,0.0,37.0,9,214,3697,3,1.0
97,1.0,1.0,0.0,0.0,2.0,5,41.59141340291752,119.5705109884008,pobre,basal,0,1400.0,690.40002,1.0,31.0,8,214,3698,2,0.0
98,1.0,1.0,0.0,1.0,3.0,5,41.59141340291752,119.5705109884008,pobre,basal,0,1400.0,690.40002,1.0,31.0,9,214,3698,2,0.0
97,1.0,1.0,0.0,0.0,9.0,13,41.59141340291752,119.5705109884008,pobre,basal,6,250.0,651.5,1.0,44.0,15,214,3699,9,0.0
98,1.0,1.0,0.0,,,13,41.59141340291752,119.5705109884008,pobre,basal,6,250.0,651.5,1.0,44.0,16,214,3699,9,0.0
97,0.0,1.0,0.0,1.0,7.0,13,41.59141340291752,119.5705109884008,pobre,basal,6,250.0,651.5,1.0,44.0,13,214,3700,7,1.0
98,0.0,1.0,0.0,1.0,8.0,13,41.59141340291752,119.5705109884008,pobre,basal,6,250.0,651.5,1.0,44.0,14,214,3700,7,1.0
97,0.0,1.0,0.0,1.0,5.0,13,41.59141340291752,119.5705109884008,pobre,basal,6,250.0,651.5,1.0,44.0,11,214,3701,5,1.0
98,0.0,1.0,0.0,1.0,6.0,13,41.59141340291752,119.5705109884008,pobre,basal,6,250.0,651.5,1.0,44.0,12,214,3701,5,1.0
97,1.0,1.0,0.0,1.0,2.0,13,41.59141340291752,119.5705109884008,pobre,basal,6,250.0,651.5,1.0,44.0,7,214,3702,2,1.0
98,1.0,1.0,0.0,1.0,3.0,13,41.59141340291752,119.5705109884008,pobre,basal,6,250.0,651.5,1.0,44.0,8,214,3702,2,1.0
97,1.0,0.0,3.484,0.0,6.0,4,147.3055192581566,147.3055192581566,pobre,basal,4,750.0,552.0,1.0,43.0,15,307,3703,6,0.0
98,1.0,0.0,3.484,0.0,6.0,4,147.3055192581566,147.3055192581566,pobre,basal,4,750.0,552.0,1.0,43.0,16,307,3703,6,0.0
97,0.0,0.0,3.484,0.0,6.0,5,147.3055192581566,147.3055192581566,pobre,basal,0,3200.0,549.0,1.0,53.0,16,307,3704,6,0.0
98,0.0,0.0,3.484,,,5,147.3055192581566,147.3055192581566,pobre,basal,0,3200.0,549.0,1.0,53.0,17,307,3704,6,0.0
97,0.0,0.0,3.484,0.0,6.0,5,147.3055192581566,147.3055192581566,pobre,basal,0,3200.0,549.0,1.0,53.0,15,307,3705,6,0.0
98,0.0,0.0,3.484,0.0,6.0,5,147.3055192581566,147.3055192581566,pobre,basal,0,3200.0,549.0,1.0,53.0,16,307,3705,6,0.0
97,1.0,1.0,0.0,1.0,5.0,3,41.59141340291752,119.5705109884008,pobre,basal,2,0.0,695.0,1.0,57.0,11,214,3706,5,1.0
98,1.0,1.0,0.0,1.0,6.0,3,41.59141340291752,119.5705109884008,pobre,basal,2,0.0,695.0,1.0,57.0,12,214,3706,5,1.0
97,1.0,1.0,0.0,1.0,7.0,9,41.59141340291752,119.5705109884008,pobre,basal,5,600.0,714.0,1.0,45.0,16,214,3707,7,1.0
98,1.0,1.0,0.0,,,9,41.59141340291752,119.5705109884008,pobre,basal,5,600.0,714.0,1.0,45.0,17,214,3707,7,1.0
97,0.0,1.0,0.0,1.0,6.0,9,41.59141340291752,119.5705109884008,pobre,basal,5,600.0,714.0,1.0,45.0,12,214,3708,6,1.0
98,0.0,1.0,0.0,1.0,7.0,9,41.59141340291752,119.5705109884008,pobre,basal,5,600.0,714.0,1.0,45.0,13,214,3708,6,1.0
97,1.0,1.0,0.0,1.0,3.0,9,41.59141340291752,119.5705109884008,pobre,basal,5,600.0,714.0,1.0,45.0,9,214,3709,3,1.0
98,1.0,1.0,0.0,1.0,4.0,9,41.59141340291752,119.5705109884008,pobre,basal,5,600.0,714.0,1.0,45.0,10,214,3709,3,1.0
97,1.0,1.0,0.0,1.0,5.0,9,41.59141340291752,119.5705109884008,pobre,basal,0,375.0,654.0,1.0,82.0,11,214,3710,5,1.0
98,1.0,1.0,0.0,1.0,6.0,9,41.59141340291752,119.5705109884008,pobre,basal,0,375.0,654.0,1.0,82.0,12,214,3710,5,1.0
97,1.0,1.0,0.0,1.0,2.0,9,41.59141340291752,119.5705109884008,pobre,basal,0,375.0,654.0,1.0,82.0,8,214,3711,2,1.0
98,1.0,1.0,0.0,1.0,3.0,9,41.59141340291752,119.5705109884008,pobre,basal,0,375.0,654.0,1.0,82.0,9,214,3711,2,1.0
97,1.0,1.0,0.0,1.0,3.0,9,41.59141340291752,119.5705109884008,pobre,basal,0,375.0,654.0,1.0,82.0,6,214,3712,3,1.0
98,1.0,1.0,0.0,1.0,1.0,9,41.59141340291752,119.5705109884008,pobre,basal,0,375.0,654.0,1.0,82.0,7,214,3712,3,1.0
97,0.0,1.0,0.0,0.0,5.0,14,41.59141340291752,119.5705109884008,pobre,basal,3,300.0,717.40002,1.0,62.0,14,214,3713,5,0.0
98,0.0,1.0,0.0,0.0,5.0,14,41.59141340291752,119.5705109884008,pobre,basal,3,300.0,717.40002,1.0,62.0,15,214,3713,5,0.0
97,0.0,1.0,0.0,0.0,5.0,14,41.59141340291752,119.5705109884008,pobre,basal,3,300.0,717.40002,1.0,62.0,12,214,3714,5,0.0
98,0.0,1.0,0.0,0.0,5.0,14,41.59141340291752,119.5705109884008,pobre,basal,3,300.0,717.40002,1.0,62.0,13,214,3714,5,0.0
97,0.0,0.0,0.0,,0.0,8,41.59141340291752,119.5705109884008,pobre,basal,0,300.0,642.45001,1.0,58.0,11,214,3715,0,
98,0.0,0.0,0.0,0.0,3.0,8,41.59141340291752,119.5705109884008,pobre,basal,0,300.0,642.45001,1.0,58.0,12,214,3715,0,
97,0.0,0.0,0.0,,0.0,8,41.59141340291752,119.5705109884008,pobre,basal,0,300.0,642.45001,1.0,58.0,8,214,3716,0,
98,0.0,0.0,0.0,,,8,41.59141340291752,119.5705109884008,pobre,basal,0,300.0,642.45001,1.0,58.0,9,214,3716,0,
97,1.0,0.0,0.0,,0.0,8,41.59141340291752,119.5705109884008,pobre,basal,0,300.0,642.45001,1.0,58.0,6,214,3717,0,
98,1.0,0.0,0.0,,,8,41.59141340291752,119.5705109884008,pobre,basal,0,300.0,642.45001,1.0,58.0,7,214,3717,0,
97,0.0,0.0,0.0,,0.0,11,41.59141340291752,119.5705109884008,pobre,basal,7,400.0,484.0,1.0,19.0,16,214,3718,0,
98,0.0,0.0,0.0,,,11,41.59141340291752,119.5705109884008,pobre,basal,7,400.0,484.0,1.0,19.0,17,214,3718,0,
97,0.0,0.0,0.0,,0.0,11,41.59141340291752,119.5705109884008,pobre,basal,7,400.0,484.0,1.0,19.0,14,214,3719,0,
98,0.0,0.0,0.0,,,11,41.59141340291752,119.5705109884008,pobre,basal,7,400.0,484.0,1.0,19.0,15,214,3719,0,
97,0.0,0.0,0.0,,0.0,11,41.59141340291752,119.5705109884008,pobre,basal,7,400.0,484.0,1.0,19.0,13,214,3720,0,
98,0.0,0.0,0.0,,,11,41.59141340291752,119.5705109884008,pobre,basal,7,400.0,484.0,1.0,19.0,14,214,3720,0,
97,0.0,0.0,0.0,,0.0,11,41.59141340291752,119.5705109884008,pobre,basal,7,400.0,484.0,1.0,19.0,10,214,3721,0,
98,0.0,0.0,0.0,,,11,41.59141340291752,119.5705109884008,pobre,basal,7,400.0,484.0,1.0,19.0,11,214,3721,0,
97,0.0,1.0,0.0,0.0,6.0,6,41.59141340291752,119.5705109884008,pobre,basal,4,1200.0,763.0,1.0,44.0,15,214,3722,6,0.0
98,0.0,1.0,0.0,0.0,6.0,6,41.59141340291752,119.5705109884008,pobre,basal,4,1200.0,763.0,1.0,44.0,16,214,3722,6,0.0
97,1.0,1.0,0.0,1.0,8.0,6,41.59141340291752,119.5705109884008,pobre,basal,4,1200.0,763.0,1.0,44.0,13,214,3723,8,1.0
98,1.0,1.0,0.0,0.0,9.0,6,41.59141340291752,119.5705109884008,pobre,basal,4,1200.0,763.0,1.0,44.0,14,214,3723,8,1.0
97,1.0,1.0,0.0,1.0,3.0,6,41.59141340291752,119.5705109884008,pobre,basal,4,1200.0,763.0,1.0,44.0,9,214,3724,3,1.0
98,1.0,1.0,0.0,1.0,4.0,6,41.59141340291752,119.5705109884008,pobre,basal,4,1200.0,763.0,1.0,44.0,10,214,3724,3,1.0
97,0.0,1.0,0.0,0.0,6.0,5,41.59141340291752,119.5705109884008,pobre,basal,6,880.0,692.0,1.0,19.0,14,214,3725,6,0.0
98,0.0,1.0,0.0,,,5,41.59141340291752,119.5705109884008,pobre,basal,6,880.0,692.0,1.0,19.0,15,214,3725,6,0.0
97,0.0,1.0,0.0,1.0,4.0,5,41.59141340291752,119.5705109884008,pobre,basal,6,880.0,692.0,1.0,19.0,11,214,3726,4,1.0
98,0.0,1.0,0.0,1.0,5.0,5,41.59141340291752,119.5705109884008,pobre,basal,6,880.0,692.0,1.0,19.0,12,214,3726,4,1.0
97,0.0,1.0,0.0,1.0,2.0,5,41.59141340291752,119.5705109884008,pobre,basal,6,880.0,692.0,1.0,19.0,8,214,3727,2,1.0
98,0.0,1.0,0.0,1.0,3.0,5,41.59141340291752,119.5705109884008,pobre,basal,6,880.0,692.0,1.0,19.0,9,214,3727,2,1.0
97,0.0,1.0,0.0,1.0,7.0,6,41.59141340291752,119.5705109884008,pobre,basal,9,1400.0,566.45001,1.0,23.0,14,214,3728,7,1.0
98,0.0,1.0,0.0,1.0,8.0,6,41.59141340291752,119.5705109884008,pobre,basal,9,1400.0,566.45001,1.0,23.0,15,214,3728,7,1.0
97,1.0,1.0,0.0,1.0,2.0,6,41.59141340291752,119.5705109884008,pobre,basal,9,1400.0,566.45001,1.0,23.0,7,214,3729,2,1.0
98,1.0,1.0,0.0,1.0,1.0,6,41.59141340291752,119.5705109884008,pobre,basal,9,1400.0,566.45001,1.0,23.0,8,214,3729,2,1.0
97,1.0,1.0,0.0,1.0,9.0,15,41.59141340291752,119.5705109884008,pobre,basal,0,0.0,660.0,1.0,77.0,16,214,3730,9,1.0
98,1.0,1.0,0.0,,,15,41.59141340291752,119.5705109884008,pobre,basal,0,0.0,660.0,1.0,77.0,17,214,3730,9,1.0
97,0.0,1.0,0.0,1.0,7.0,15,41.59141340291752,119.5705109884008,pobre,basal,0,0.0,660.0,1.0,77.0,13,214,3731,7,1.0
98,0.0,1.0,0.0,1.0,8.0,15,41.59141340291752,119.5705109884008,pobre,basal,0,0.0,660.0,1.0,77.0,14,214,3731,7,1.0
97,0.0,1.0,0.0,1.0,5.0,15,41.59141340291752,119.5705109884008,pobre,basal,0,0.0,660.0,1.0,77.0,10,214,3732,5,1.0
98,0.0,1.0,0.0,1.0,5.0,15,41.59141340291752,119.5705109884008,pobre,basal,0,0.0,660.0,1.0,77.0,11,214,3732,5,1.0
97,0.0,1.0,0.0,1.0,2.0,15,41.59141340291752,119.5705109884008,pobre,basal,0,0.0,660.0,1.0,77.0,8,214,3733,2,1.0
98,0.0,1.0,0.0,1.0,3.0,15,41.59141340291752,119.5705109884008,pobre,basal,0,0.0,660.0,1.0,77.0,9,214,3733,2,1.0
97,0.0,1.0,0.0,1.0,0.0,15,41.59141340291752,119.5705109884008,pobre,basal,0,0.0,660.0,1.0,77.0,6,214,3734,0,1.0
98,0.0,1.0,0.0,1.0,1.0,15,41.59141340291752,119.5705109884008,pobre,basal,0,0.0,660.0,1.0,77.0,7,214,3734,0,1.0
97,0.0,1.0,0.0,1.0,8.0,15,41.59141340291752,119.5705109884008,pobre,basal,0,0.0,660.0,1.0,77.0,14,214,3735,8,1.0
98,0.0,1.0,0.0,0.0,9.0,15,41.59141340291752,119.5705109884008,pobre,basal,0,0.0,660.0,1.0,77.0,15,214,3735,8,1.0
97,0.0,1.0,0.0,1.0,3.0,15,41.59141340291752,119.5705109884008,pobre,basal,0,0.0,660.0,1.0,77.0,9,214,3736,3,1.0
98,0.0,1.0,0.0,1.0,4.0,15,41.59141340291752,119.5705109884008,pobre,basal,0,0.0,660.0,1.0,77.0,10,214,3736,3,1.0
97,1.0,0.0,0.0,,0.0,5,41.59141340291752,119.5705109884008,pobre,basal,4,1800.0,752.34003,1.0,21.0,7,214,3737,0,
98,1.0,0.0,0.0,1.0,2.0,5,41.59141340291752,119.5705109884008,pobre,basal,4,1800.0,752.34003,1.0,21.0,8,214,3737,0,
97,0.0,0.0,0.0,0.0,6.0,4,41.59141340291752,119.5705109884008,pobre,basal,3,1200.0,812.88,1.0,40.0,14,214,3738,6,0.0
98,0.0,0.0,0.0,,,4,41.59141340291752,119.5705109884008,pobre,basal,3,1200.0,812.88,1.0,40.0,15,214,3738,6,0.0
97,1.0,0.0,0.0,1.0,5.0,4,41.59141340291752,119.5705109884008,pobre,basal,3,1200.0,812.88,1.0,40.0,10,214,3739,5,1.0
98,1.0,0.0,0.0,1.0,6.0,4,41.59141340291752,119.5705109884008,pobre,basal,3,1200.0,812.88,1.0,40.0,11,214,3739,5,1.0
97,0.0,1.0,0.0,0.0,6.0,4,41.59141340291752,119.5705109884008,pobre,basal,0,375.0,746.0,1.0,53.0,16,214,3740,6,0.0
98,0.0,1.0,0.0,,,4,41.59141340291752,119.5705109884008,pobre,basal,0,375.0,746.0,1.0,53.0,17,214,3740,6,0.0
97,1.0,1.0,0.0,1.0,8.0,4,41.59141340291752,119.5705109884008,pobre,basal,0,375.0,746.0,1.0,53.0,14,214,3741,8,1.0
98,1.0,1.0,0.0,,,4,41.59141340291752,119.5705109884008,pobre,basal,0,375.0,746.0,1.0,53.0,15,214,3741,8,1.0
97,0.0,0.0,0.0,0.0,6.0,8,41.59141340291752,119.5705109884008,pobre,basal,6,1600.0,661.0,1.0,35.0,15,214,3742,6,0.0
98,0.0,0.0,0.0,0.0,6.0,8,41.59141340291752,119.5705109884008,pobre,basal,6,1600.0,661.0,1.0,35.0,16,214,3742,6,0.0
97,0.0,0.0,0.0,0.0,6.0,8,41.59141340291752,119.5705109884008,pobre,basal,6,1600.0,661.0,1.0,35.0,14,214,3743,6,0.0
98,0.0,0.0,0.0,0.0,5.0,8,41.59141340291752,119.5705109884008,pobre,basal,6,1600.0,661.0,1.0,35.0,15,214,3743,6,0.0
97,0.0,0.0,0.0,1.0,4.0,8,41.59141340291752,119.5705109884008,pobre,basal,6,1600.0,661.0,1.0,35.0,11,214,3744,4,1.0
98,0.0,0.0,0.0,1.0,4.0,8,41.59141340291752,119.5705109884008,pobre,basal,6,1600.0,661.0,1.0,35.0,12,214,3744,4,1.0
97,0.0,0.0,0.0,1.0,1.0,8,41.59141340291752,119.5705109884008,pobre,basal,6,1600.0,661.0,1.0,35.0,9,214,3745,1,1.0
98,0.0,0.0,0.0,1.0,3.0,8,41.59141340291752,119.5705109884008,pobre,basal,6,1600.0,661.0,1.0,35.0,10,214,3745,1,1.0
97,1.0,0.0,0.0,1.0,5.0,4,41.59141340291752,119.5705109884008,pobre,basal,2,1280.0,744.0,1.0,28.0,9,214,3746,5,1.0
98,1.0,0.0,0.0,1.0,5.0,4,41.59141340291752,119.5705109884008,pobre,basal,2,1280.0,744.0,1.0,28.0,10,214,3746,5,1.0
97,0.0,1.0,0.0,,0.0,5,41.59141340291752,119.5705109884008,pobre,basal,0,1000.0,722.45001,1.0,53.0,13,214,3747,0,
98,0.0,1.0,0.0,,,5,41.59141340291752,119.5705109884008,pobre,basal,0,1000.0,722.45001,1.0,53.0,14,214,3747,0,
97,1.0,1.0,0.0,,0.0,5,41.59141340291752,119.5705109884008,pobre,basal,0,1000.0,722.45001,1.0,53.0,11,214,3748,0,
98,1.0,1.0,0.0,,,5,41.59141340291752,119.5705109884008,pobre,basal,0,1000.0,722.45001,1.0,53.0,12,214,3748,0,
97,0.0,1.0,0.0,,0.0,6,41.59141340291752,119.5705109884008,pobre,basal,0,0.0,723.45001,0.0,53.0,15,214,3749,0,
98,0.0,1.0,0.0,,,6,41.59141340291752,119.5705109884008,pobre,basal,0,0.0,723.45001,0.0,53.0,16,214,3749,0,
97,0.0,1.0,0.0,,0.0,6,41.59141340291752,119.5705109884008,pobre,basal,0,0.0,723.45001,0.0,53.0,13,214,3750,0,
98,0.0,1.0,0.0,,,6,41.59141340291752,119.5705109884008,pobre,basal,0,0.0,723.45001,0.0,53.0,14,214,3750,0,
97,1.0,1.0,0.0,,0.0,6,41.59141340291752,119.5705109884008,pobre,basal,0,0.0,723.45001,0.0,53.0,11,214,3751,0,
98,1.0,1.0,0.0,,,6,41.59141340291752,119.5705109884008,pobre,basal,0,0.0,723.45001,0.0,53.0,12,214,3751,0,
97,0.0,0.0,0.0,0.0,9.0,14,41.59141340291752,119.5705109884008,pobre,basal,6,375.0,604.0,1.0,48.0,16,214,3752,9,0.0
98,0.0,0.0,0.0,,,14,41.59141340291752,119.5705109884008,pobre,basal,6,375.0,604.0,1.0,48.0,17,214,3752,9,0.0
97,1.0,0.0,0.0,1.0,8.0,14,41.59141340291752,119.5705109884008,pobre,basal,6,375.0,604.0,1.0,48.0,14,214,3753,8,1.0
98,1.0,0.0,0.0,1.0,8.0,14,41.59141340291752,119.5705109884008,pobre,basal,6,375.0,604.0,1.0,48.0,15,214,3753,8,1.0
97,1.0,0.0,0.0,1.0,7.0,14,41.59141340291752,119.5705109884008,pobre,basal,6,375.0,604.0,1.0,48.0,12,214,3754,7,1.0
98,1.0,0.0,0.0,1.0,7.0,14,41.59141340291752,119.5705109884008,pobre,basal,6,375.0,604.0,1.0,48.0,13,214,3754,7,1.0
97,1.0,0.0,0.0,1.0,4.0,14,41.59141340291752,119.5705109884008,pobre,basal,6,375.0,604.0,1.0,48.0,10,214,3755,4,1.0
98,1.0,0.0,0.0,1.0,5.0,14,41.59141340291752,119.5705109884008,pobre,basal,6,375.0,604.0,1.0,48.0,11,214,3755,4,1.0
97,0.0,0.0,0.0,1.0,3.0,14,41.59141340291752,119.5705109884008,pobre,basal,6,375.0,604.0,1.0,48.0,8,214,3756,3,1.0
98,0.0,0.0,0.0,1.0,4.0,14,41.59141340291752,119.5705109884008,pobre,basal,6,375.0,604.0,1.0,48.0,9,214,3756,3,1.0
97,1.0,0.0,0.0,1.0,1.0,14,41.59141340291752,119.5705109884008,pobre,basal,6,375.0,604.0,1.0,48.0,6,214,3757,1,1.0
98,1.0,0.0,0.0,1.0,1.0,14,41.59141340291752,119.5705109884008,pobre,basal,6,375.0,604.0,1.0,48.0,7,214,3757,1,1.0
97,0.0,1.0,0.0,0.0,9.0,8,41.59141340291752,119.5705109884008,pobre,basal,9,375.0,753.0,1.0,30.0,15,214,3758,9,0.0
98,0.0,1.0,0.0,,,8,41.59141340291752,119.5705109884008,pobre,basal,9,375.0,753.0,1.0,30.0,16,214,3758,9,0.0
97,0.0,1.0,0.0,1.0,0.0,8,41.59141340291752,119.5705109884008,pobre,basal,9,375.0,753.0,1.0,30.0,6,214,3759,0,1.0
98,0.0,1.0,0.0,1.0,1.0,8,41.59141340291752,119.5705109884008,pobre,basal,9,375.0,753.0,1.0,30.0,7,214,3759,0,1.0
97,0.0,1.0,0.0,1.0,3.0,6,41.59141340291752,119.5705109884008,pobre,basal,1,300.0,519.0,1.0,36.0,7,214,3760,3,1.0
98,0.0,1.0,0.0,,,6,41.59141340291752,119.5705109884008,pobre,basal,1,300.0,519.0,1.0,36.0,8,214,3760,3,1.0
97,1.0,0.0,0.0,0.0,9.0,11,41.59141340291752,119.5705109884008,pobre,basal,3,0.0,673.40002,1.0,39.0,16,214,3761,9,0.0
98,1.0,0.0,0.0,,,11,41.59141340291752,119.5705109884008,pobre,basal,3,0.0,673.40002,1.0,39.0,17,214,3761,9,0.0
97,1.0,0.0,0.0,0.0,9.0,11,41.59141340291752,119.5705109884008,pobre,basal,3,0.0,673.40002,1.0,39.0,15,214,3762,9,0.0
98,1.0,0.0,0.0,,,11,41.59141340291752,119.5705109884008,pobre,basal,3,0.0,673.40002,1.0,39.0,16,214,3762,9,0.0
97,0.0,0.0,0.0,0.0,7.0,11,41.59141340291752,119.5705109884008,pobre,basal,3,0.0,673.40002,1.0,39.0,12,214,3763,7,0.0
98,0.0,0.0,0.0,1.0,8.0,11,41.59141340291752,119.5705109884008,pobre,basal,3,0.0,673.40002,1.0,39.0,13,214,3763,7,0.0
97,1.0,0.0,0.0,1.0,4.0,11,41.59141340291752,119.5705109884008,pobre,basal,3,0.0,673.40002,1.0,39.0,11,214,3764,4,1.0
98,1.0,0.0,0.0,1.0,5.0,11,41.59141340291752,119.5705109884008,pobre,basal,3,0.0,673.40002,1.0,39.0,12,214,3764,4,1.0
97,0.0,0.0,0.0,1.0,2.0,11,41.59141340291752,119.5705109884008,pobre,basal,3,0.0,673.40002,1.0,39.0,8,214,3765,2,1.0
98,0.0,0.0,0.0,1.0,3.0,11,41.59141340291752,119.5705109884008,pobre,basal,3,0.0,673.40002,1.0,39.0,9,214,3765,2,1.0
97,1.0,0.0,0.0,1.0,0.0,11,41.59141340291752,119.5705109884008,pobre,basal,3,0.0,673.40002,1.0,39.0,6,214,3766,0,1.0
98,1.0,0.0,0.0,1.0,1.0,11,41.59141340291752,119.5705109884008,pobre,basal,3,0.0,673.40002,1.0,39.0,7,214,3766,0,1.0
97,0.0,1.0,0.0,1.0,5.0,6,41.59141340291752,119.5705109884008,pobre,basal,3,1400.0,657.40002,1.0,32.0,11,214,3767,5,1.0
98,0.0,1.0,0.0,1.0,6.0,6,41.59141340291752,119.5705109884008,pobre,basal,3,1400.0,657.40002,1.0,32.0,12,214,3767,5,1.0
97,0.0,1.0,0.0,1.0,2.0,6,41.59141340291752,119.5705109884008,pobre,basal,3,1400.0,657.40002,1.0,32.0,8,214,3768,2,1.0
98,0.0,1.0,0.0,1.0,3.0,6,41.59141340291752,119.5705109884008,pobre,basal,3,1400.0,657.40002,1.0,32.0,9,214,3768,2,1.0
97,1.0,1.0,0.0,0.0,6.0,7,41.59141340291752,119.5705109884008,pobre,basal,0,1400.0,697.0,1.0,33.0,16,214,3769,6,0.0
98,1.0,1.0,0.0,,,7,41.59141340291752,119.5705109884008,pobre,basal,0,1400.0,697.0,1.0,33.0,17,214,3769,6,0.0
97,1.0,1.0,0.0,1.0,7.0,7,41.59141340291752,119.5705109884008,pobre,basal,0,1400.0,697.0,1.0,33.0,13,214,3770,7,1.0
98,1.0,1.0,0.0,1.0,8.0,7,41.59141340291752,119.5705109884008,pobre,basal,0,1400.0,697.0,1.0,33.0,14,214,3770,7,1.0
97,0.0,1.0,0.0,1.0,3.0,7,41.59141340291752,119.5705109884008,pobre,basal,0,1400.0,697.0,1.0,33.0,8,214,3771,3,1.0
98,0.0,1.0,0.0,1.0,4.0,7,41.59141340291752,119.5705109884008,pobre,basal,0,1400.0,697.0,1.0,33.0,9,214,3771,3,1.0
97,1.0,1.0,0.0,1.0,1.0,7,41.59141340291752,119.5705109884008,pobre,basal,0,1400.0,697.0,1.0,33.0,7,214,3772,1,1.0
98,1.0,1.0,0.0,1.0,2.0,7,41.59141340291752,119.5705109884008,pobre,basal,0,1400.0,697.0,1.0,33.0,8,214,3772,1,1.0
97,0.0,1.0,0.0,,0.0,6,41.59141340291752,119.5705109884008,pobre,basal,0,1000.0,681.0,1.0,34.0,16,214,3773,0,
98,0.0,1.0,0.0,,,6,41.59141340291752,119.5705109884008,pobre,basal,0,1000.0,681.0,1.0,34.0,17,214,3773,0,
97,1.0,1.0,0.0,1.0,3.0,6,41.59141340291752,119.5705109884008,pobre,basal,0,1000.0,681.0,1.0,34.0,13,214,3774,3,1.0
98,1.0,1.0,0.0,0.0,4.0,6,41.59141340291752,119.5705109884008,pobre,basal,0,1000.0,681.0,1.0,34.0,14,214,3774,3,1.0
97,1.0,1.0,0.0,1.0,2.0,6,41.59141340291752,119.5705109884008,pobre,basal,0,1000.0,681.0,1.0,34.0,8,214,3775,2,1.0
98,1.0,1.0,0.0,1.0,3.0,6,41.59141340291752,119.5705109884008,pobre,basal,0,1000.0,681.0,1.0,34.0,9,214,3775,2,1.0
97,0.0,1.0,0.0,1.0,3.0,4,41.59141340291752,119.5705109884008,pobre,basal,1,300.0,782.0,1.0,52.0,16,214,3776,3,1.0
98,0.0,1.0,0.0,,,4,41.59141340291752,119.5705109884008,pobre,basal,1,300.0,782.0,1.0,52.0,17,214,3776,3,1.0
97,0.0,1.0,0.0,1.0,6.0,9,41.59141340291752,119.5705109884008,pobre,basal,2,0.0,735.0,1.0,51.0,12,214,3777,6,1.0
98,0.0,1.0,0.0,1.0,7.0,9,41.59141340291752,119.5705109884008,pobre,basal,2,0.0,735.0,1.0,51.0,13,214,3777,6,1.0
97,0.0,1.0,0.0,,0.0,9,41.59141340291752,119.5705109884008,pobre,basal,2,0.0,735.0,1.0,51.0,16,214,3778,0,
98,0.0,1.0,0.0,,,9,41.59141340291752,119.5705109884008,pobre,basal,2,0.0,735.0,1.0,51.0,17,214,3778,0,
97,1.0,1.0,0.0,1.0,3.0,9,41.59141340291752,119.5705109884008,pobre,basal,2,0.0,735.0,1.0,51.0,12,214,3779,3,1.0
98,1.0,1.0,0.0,1.0,5.0,9,41.59141340291752,119.5705109884008,pobre,basal,2,0.0,735.0,1.0,51.0,13,214,3779,3,1.0
97,0.0,1.0,0.0,1.0,7.0,5,41.59141340291752,119.5705109884008,no pobre,basal,5,1120.0,762.0,1.0,38.0,15,214,3780,7,1.0
98,0.0,1.0,0.0,1.0,8.0,5,41.59141340291752,119.5705109884008,no pobre,basal,5,1120.0,762.0,1.0,38.0,16,214,3780,7,1.0
97,0.0,0.0,0.0,1.0,6.0,5,41.59141340291752,119.5705109884008,pobre,basal,3,0.0,757.0,0.0,31.0,12,214,3781,6,1.0
98,0.0,0.0,0.0,1.0,7.0,5,41.59141340291752,119.5705109884008,pobre,basal,3,0.0,757.0,0.0,31.0,13,214,3781,6,1.0
97,0.0,0.0,0.0,1.0,4.0,5,41.59141340291752,119.5705109884008,pobre,basal,3,0.0,757.0,0.0,31.0,10,214,3782,4,1.0
98,0.0,0.0,0.0,1.0,5.0,5,41.59141340291752,119.5705109884008,pobre,basal,3,0.0,757.0,0.0,31.0,11,214,3782,4,1.0
97,0.0,,0.0,1.0,2.0,5,41.59141340291752,119.5705109884008,pobre,basal,3,0.0,757.0,0.0,31.0,8,214,3783,2,1.0
98,0.0,,0.0,1.0,3.0,5,41.59141340291752,119.5705109884008,pobre,basal,3,0.0,757.0,0.0,31.0,9,214,3783,2,1.0
97,0.0,0.0,0.0,1.0,3.0,4,41.59141340291752,119.5705109884008,no pobre,basal,0,600.0,814.0,0.0,40.0,14,214,3784,3,1.0
98,0.0,0.0,0.0,0.0,9.0,4,41.59141340291752,119.5705109884008,no pobre,basal,0,600.0,814.0,0.0,40.0,15,214,3784,3,1.0
97,0.0,0.0,0.0,1.0,6.0,8,41.59141340291752,119.5705109884008,pobre,basal,0,0.0,555.0,0.0,60.0,13,214,3785,6,1.0
98,0.0,0.0,0.0,1.0,7.0,8,41.59141340291752,119.5705109884008,pobre,basal,0,0.0,555.0,0.0,60.0,14,214,3785,6,1.0
97,0.0,0.0,0.0,1.0,3.0,8,41.59141340291752,119.5705109884008,pobre,basal,0,0.0,555.0,0.0,60.0,9,214,3786,3,1.0
98,0.0,0.0,0.0,1.0,3.0,8,41.59141340291752,119.5705109884008,pobre,basal,0,0.0,555.0,0.0,60.0,10,214,3786,3,1.0
97,0.0,0.0,0.0,1.0,1.0,8,41.59141340291752,119.5705109884008,pobre,basal,0,0.0,555.0,0.0,60.0,6,214,3787,1,1.0
98,0.0,0.0,0.0,1.0,1.0,8,41.59141340291752,119.5705109884008,pobre,basal,0,0.0,555.0,0.0,60.0,7,214,3787,1,1.0
97,0.0,0.0,0.0,1.0,2.0,4,41.59141340291752,119.5705109884008,pobre,basal,0,375.0,754.0,1.0,50.0,10,214,3788,2,1.0
98,0.0,0.0,0.0,,,4,41.59141340291752,119.5705109884008,pobre,basal,0,375.0,754.0,1.0,50.0,11,214,3788,2,1.0
97,1.0,1.0,0.0,1.0,8.0,4,41.59141340291752,119.5705109884008,pobre,basal,1,800.0,751.0,1.0,55.0,15,214,3789,8,1.0
98,1.0,1.0,0.0,1.0,9.0,4,41.59141340291752,119.5705109884008,pobre,basal,1,800.0,751.0,1.0,55.0,16,214,3789,8,1.0
97,0.0,1.0,0.0,1.0,6.0,4,41.59141340291752,119.5705109884008,pobre,basal,1,800.0,751.0,1.0,55.0,11,214,3790,6,1.0
98,0.0,1.0,0.0,1.0,7.0,4,41.59141340291752,119.5705109884008,pobre,basal,1,800.0,751.0,1.0,55.0,12,214,3790,6,1.0
97,1.0,0.0,0.0,1.0,8.0,8,41.59141340291752,119.5705109884008,pobre,basal,6,300.0,602.0,1.0,36.0,15,214,3791,8,1.0
98,1.0,0.0,0.0,1.0,8.0,8,41.59141340291752,119.5705109884008,pobre,basal,6,300.0,602.0,1.0,36.0,16,214,3791,8,1.0
97,0.0,0.0,0.0,1.0,6.0,8,41.59141340291752,119.5705109884008,pobre,basal,6,300.0,602.0,1.0,36.0,12,214,3792,6,1.0
98,0.0,0.0,0.0,1.0,7.0,8,41.59141340291752,119.5705109884008,pobre,basal,6,300.0,602.0,1.0,36.0,13,214,3792,6,1.0
97,1.0,0.0,0.0,1.0,3.0,8,41.59141340291752,119.5705109884008,pobre,basal,6,300.0,602.0,1.0,36.0,10,214,3793,3,1.0
98,1.0,0.0,0.0,1.0,4.0,8,41.59141340291752,119.5705109884008,pobre,basal,6,300.0,602.0,1.0,36.0,11,214,3793,3,1.0
97,0.0,0.0,0.0,1.0,1.0,8,41.59141340291752,119.5705109884008,pobre,basal,6,300.0,602.0,1.0,36.0,7,214,3794,1,1.0
98,0.0,0.0,0.0,1.0,2.0,8,41.59141340291752,119.5705109884008,pobre,basal,6,300.0,602.0,1.0,36.0,8,214,3794,1,1.0
97,0.0,1.0,0.0,1.0,4.0,7,41.59141340291752,119.5705109884008,pobre,basal,6,1600.0,774.0,1.0,40.0,12,214,3795,4,1.0
98,0.0,1.0,0.0,1.0,5.0,7,41.59141340291752,119.5705109884008,pobre,basal,6,1600.0,774.0,1.0,40.0,13,214,3795,4,1.0
97,1.0,1.0,0.0,1.0,3.0,7,41.59141340291752,119.5705109884008,pobre,basal,6,1600.0,774.0,1.0,40.0,9,214,3796,3,1.0
98,1.0,1.0,0.0,1.0,4.0,7,41.59141340291752,119.5705109884008,pobre,basal,6,1600.0,774.0,1.0,40.0,10,214,3796,3,1.0
97,1.0,0.0,0.0,1.0,1.0,7,41.59141340291752,119.5705109884008,pobre,basal,6,1600.0,774.0,1.0,40.0,8,214,3797,1,1.0
98,1.0,0.0,0.0,1.0,2.0,7,41.59141340291752,119.5705109884008,pobre,basal,6,1600.0,774.0,1.0,40.0,9,214,3797,1,1.0
97,1.0,0.0,0.0,0.0,6.0,9,41.59141340291752,119.5705109884008,pobre,basal,0,600.0,705.40002,1.0,37.0,16,214,3798,6,0.0
98,1.0,0.0,0.0,,,9,41.59141340291752,119.5705109884008,pobre,basal,0,600.0,705.40002,1.0,37.0,17,214,3798,6,0.0
97,1.0,0.0,0.0,1.0,6.0,9,41.59141340291752,119.5705109884008,pobre,basal,0,600.0,705.40002,1.0,37.0,13,214,3799,6,1.0
98,1.0,0.0,0.0,1.0,7.0,9,41.59141340291752,119.5705109884008,pobre,basal,0,600.0,705.40002,1.0,37.0,14,214,3799,6,1.0
97,0.0,0.0,0.0,1.0,4.0,9,41.59141340291752,119.5705109884008,pobre,basal,0,600.0,705.40002,1.0,37.0,10,214,3800,4,1.0
98,0.0,0.0,0.0,1.0,5.0,9,41.59141340291752,119.5705109884008,pobre,basal,0,600.0,705.40002,1.0,37.0,11,214,3800,4,1.0
97,0.0,0.0,0.0,1.0,1.0,9,41.59141340291752,119.5705109884008,pobre,basal,0,600.0,705.40002,1.0,37.0,8,214,3801,1,1.0
98,0.0,0.0,0.0,1.0,2.0,9,41.59141340291752,119.5705109884008,pobre,basal,0,600.0,705.40002,1.0,37.0,9,214,3801,1,1.0
97,1.0,0.0,0.0,0.0,9.0,3,126.6957562563117,136.9893753376227,no pobre,basal,6,0.0,1226.0,0.0,50.0,16,346,3802,9,0.0
98,1.0,0.0,0.0,,,3,126.6957562563117,136.9893753376227,no pobre,basal,6,0.0,1226.0,0.0,50.0,17,346,3802,9,0.0
97,1.0,0.0,3.484,0.0,5.0,6,147.3055192581566,147.3055192581566,no pobre,basal,2,131.66667,601.0,1.0,44.0,16,307,3803,5,0.0
98,1.0,0.0,3.484,,,6,147.3055192581566,147.3055192581566,no pobre,basal,2,131.66667,601.0,1.0,44.0,17,307,3803,5,0.0
97,1.0,0.0,3.484,1.0,4.0,6,147.3055192581566,147.3055192581566,no pobre,basal,2,131.66667,601.0,1.0,44.0,12,307,3804,4,1.0
98,1.0,0.0,3.484,1.0,5.0,6,147.3055192581566,147.3055192581566,no pobre,basal,2,131.66667,601.0,1.0,44.0,13,307,3804,4,1.0
97,0.0,0.0,3.484,1.0,2.0,6,147.3055192581566,147.3055192581566,no pobre,basal,2,131.66667,601.0,1.0,44.0,10,307,3805,2,1.0
98,0.0,0.0,3.484,1.0,3.0,6,147.3055192581566,147.3055192581566,no pobre,basal,2,131.66667,601.0,1.0,44.0,11,307,3805,2,1.0
97,1.0,0.0,0.0,0.0,9.0,3,126.6957562563117,136.9893753376227,pobre,basal,0,250.0,1054.5,1.0,68.0,16,346,3806,9,0.0
98,1.0,0.0,0.0,,,3,126.6957562563117,136.9893753376227,pobre,basal,0,250.0,1054.5,1.0,68.0,17,346,3806,9,0.0
97,1.0,0.0,0.0,1.0,8.0,3,126.6957562563117,136.9893753376227,no pobre,basal,0,0.0,1073.0,0.0,75.0,14,346,3807,8,1.0
98,1.0,0.0,0.0,0.0,9.0,3,126.6957562563117,136.9893753376227,no pobre,basal,0,0.0,1073.0,0.0,75.0,15,346,3807,8,1.0
97,0.0,0.0,0.0,1.0,4.0,3,126.6957562563117,136.9893753376227,no pobre,basal,0,0.0,1073.0,0.0,75.0,10,346,3808,4,1.0
98,0.0,0.0,0.0,1.0,5.0,3,126.6957562563117,136.9893753376227,no pobre,basal,0,0.0,1073.0,0.0,75.0,11,346,3808,4,1.0
97,1.0,0.0,0.0,0.0,9.0,3,126.6957562563117,136.9893753376227,no pobre,basal,2,0.0,1063.0,0.0,57.0,16,346,3809,9,0.0
98,1.0,0.0,0.0,,,3,126.6957562563117,136.9893753376227,no pobre,basal,2,0.0,1063.0,0.0,57.0,17,346,3809,9,0.0
97,1.0,0.0,3.484,0.0,6.0,6,147.3055192581566,147.3055192581566,pobre,basal,3,216.66667,528.0,1.0,37.0,15,307,3810,6,0.0
98,1.0,0.0,3.484,0.0,6.0,6,147.3055192581566,147.3055192581566,pobre,basal,3,216.66667,528.0,1.0,37.0,16,307,3810,6,0.0
97,0.0,0.0,3.484,0.0,6.0,6,147.3055192581566,147.3055192581566,pobre,basal,3,216.66667,528.0,1.0,37.0,14,307,3811,6,0.0
98,0.0,0.0,3.484,0.0,6.0,6,147.3055192581566,147.3055192581566,pobre,basal,3,216.66667,528.0,1.0,37.0,15,307,3811,6,0.0
97,0.0,0.0,3.484,1.0,5.0,6,147.3055192581566,147.3055192581566,pobre,basal,3,216.66667,528.0,1.0,37.0,11,307,3812,5,1.0
98,0.0,0.0,3.484,1.0,6.0,6,147.3055192581566,147.3055192581566,pobre,basal,3,216.66667,528.0,1.0,37.0,12,307,3812,5,1.0
97,0.0,0.0,3.484,1.0,1.0,6,147.3055192581566,147.3055192581566,pobre,basal,3,216.66667,528.0,1.0,37.0,7,307,3813,1,1.0
98,0.0,0.0,3.484,1.0,1.0,6,147.3055192581566,147.3055192581566,pobre,basal,3,216.66667,528.0,1.0,37.0,8,307,3813,1,1.0
97,0.0,0.0,2.2179999,0.0,6.0,8,48.03898506470498,128.2391329711927,pobre,basal,3,625.0,577.0,1.0,36.0,15,212,3814,6,0.0
98,0.0,0.0,2.2179999,0.0,6.0,8,48.03898506470498,128.2391329711927,pobre,basal,3,625.0,577.0,1.0,36.0,16,212,3814,6,0.0
97,0.0,0.0,2.2179999,1.0,4.0,8,48.03898506470498,128.2391329711927,pobre,basal,3,625.0,577.0,1.0,36.0,12,212,3815,4,1.0
98,0.0,0.0,2.2179999,0.0,5.0,8,48.03898506470498,128.2391329711927,pobre,basal,3,625.0,577.0,1.0,36.0,13,212,3815,4,1.0
97,1.0,0.0,2.2179999,1.0,2.0,8,48.03898506470498,128.2391329711927,pobre,basal,3,625.0,577.0,1.0,36.0,10,212,3816,2,1.0
98,1.0,0.0,2.2179999,1.0,3.0,8,48.03898506470498,128.2391329711927,pobre,basal,3,625.0,577.0,1.0,36.0,11,212,3816,2,1.0
97,1.0,0.0,2.2179999,1.0,1.0,8,48.03898506470498,128.2391329711927,pobre,basal,3,625.0,577.0,1.0,36.0,9,212,3817,1,1.0
98,1.0,0.0,2.2179999,1.0,2.0,8,48.03898506470498,128.2391329711927,pobre,basal,3,625.0,577.0,1.0,36.0,10,212,3817,1,1.0
97,1.0,0.0,2.2179999,1.0,1.0,6,48.03898506470498,128.2391329711927,pobre,basal,2,500.0,618.0,1.0,38.0,6,212,3818,1,1.0
98,1.0,0.0,2.2179999,1.0,1.0,6,48.03898506470498,128.2391329711927,pobre,basal,2,500.0,618.0,1.0,38.0,7,212,3818,1,1.0
97,1.0,0.0,2.2179999,1.0,1.0,9,48.03898506470498,128.2391329711927,pobre,basal,0,625.0,792.0,1.0,67.0,9,212,3819,1,1.0
98,1.0,0.0,2.2179999,1.0,1.0,9,48.03898506470498,128.2391329711927,pobre,basal,0,625.0,792.0,1.0,67.0,10,212,3819,1,1.0
97,0.0,0.0,2.2179999,1.0,5.0,8,48.03898506470498,128.2391329711927,pobre,basal,4,625.0,591.0,1.0,31.0,11,212,3820,5,1.0
98,0.0,0.0,2.2179999,1.0,6.0,8,48.03898506470498,128.2391329711927,pobre,basal,4,625.0,591.0,1.0,31.0,12,212,3820,5,1.0
97,0.0,0.0,2.2179999,1.0,3.0,8,48.03898506470498,128.2391329711927,pobre,basal,4,625.0,591.0,1.0,31.0,9,212,3821,3,1.0
98,0.0,0.0,2.2179999,1.0,4.0,8,48.03898506470498,128.2391329711927,pobre,basal,4,625.0,591.0,1.0,31.0,10,212,3821,3,1.0
97,0.0,0.0,2.2179999,1.0,1.0,8,48.03898506470498,128.2391329711927,pobre,basal,4,625.0,591.0,1.0,31.0,6,212,3822,1,1.0
98,0.0,0.0,2.2179999,1.0,1.0,8,48.03898506470498,128.2391329711927,pobre,basal,4,625.0,591.0,1.0,31.0,7,212,3822,1,1.0
97,1.0,0.0,2.2179999,1.0,8.0,12,48.03898506470498,128.2391329711927,pobre,basal,3,625.0,715.0,1.0,44.0,15,212,3823,8,1.0
98,1.0,0.0,2.2179999,0.0,9.0,12,48.03898506470498,128.2391329711927,pobre,basal,3,625.0,715.0,1.0,44.0,16,212,3823,8,1.0
97,0.0,0.0,2.2179999,1.0,7.0,12,48.03898506470498,128.2391329711927,pobre,basal,3,625.0,715.0,1.0,44.0,13,212,3824,7,1.0
98,0.0,0.0,2.2179999,1.0,8.0,12,48.03898506470498,128.2391329711927,pobre,basal,3,625.0,715.0,1.0,44.0,14,212,3824,7,1.0
97,1.0,0.0,2.2179999,0.0,4.0,12,48.03898506470498,128.2391329711927,pobre,basal,3,625.0,715.0,1.0,44.0,12,212,3825,4,0.0
98,1.0,0.0,2.2179999,0.0,4.0,12,48.03898506470498,128.2391329711927,pobre,basal,3,625.0,715.0,1.0,44.0,13,212,3825,4,0.0
97,0.0,0.0,2.2179999,1.0,4.0,12,48.03898506470498,128.2391329711927,pobre,basal,3,625.0,715.0,1.0,44.0,11,212,3826,4,1.0
98,0.0,0.0,2.2179999,1.0,5.0,12,48.03898506470498,128.2391329711927,pobre,basal,3,625.0,715.0,1.0,44.0,12,212,3826,4,1.0
97,0.0,0.0,2.2179999,1.0,2.0,12,48.03898506470498,128.2391329711927,pobre,basal,3,625.0,715.0,1.0,44.0,10,212,3827,2,1.0
98,0.0,0.0,2.2179999,1.0,3.0,12,48.03898506470498,128.2391329711927,pobre,basal,3,625.0,715.0,1.0,44.0,11,212,3827,2,1.0
97,1.0,0.0,2.2179999,1.0,1.0,12,48.03898506470498,128.2391329711927,pobre,basal,3,625.0,715.0,1.0,44.0,7,212,3828,1,1.0
98,1.0,0.0,2.2179999,1.0,2.0,12,48.03898506470498,128.2391329711927,pobre,basal,3,625.0,715.0,1.0,44.0,8,212,3828,1,1.0
97,1.0,0.0,2.2179999,1.0,2.0,5,48.03898506470498,128.2391329711927,pobre,basal,3,625.0,578.0,1.0,32.0,12,212,3829,2,1.0
98,1.0,0.0,2.2179999,0.0,3.0,5,48.03898506470498,128.2391329711927,pobre,basal,3,625.0,578.0,1.0,32.0,13,212,3829,2,1.0
97,1.0,0.0,2.2179999,1.0,1.0,5,48.03898506470498,128.2391329711927,pobre,basal,3,625.0,578.0,1.0,32.0,10,212,3830,1,1.0
98,1.0,0.0,2.2179999,0.0,2.0,5,48.03898506470498,128.2391329711927,pobre,basal,3,625.0,578.0,1.0,32.0,11,212,3830,1,1.0
97,0.0,0.0,2.2179999,1.0,0.0,5,48.03898506470498,128.2391329711927,pobre,basal,3,625.0,578.0,1.0,32.0,6,212,3831,0,1.0
98,0.0,0.0,2.2179999,,,5,48.03898506470498,128.2391329711927,pobre,basal,3,625.0,578.0,1.0,32.0,7,212,3831,0,1.0
97,1.0,0.0,2.2179999,1.0,7.0,6,48.03898506470498,128.2391329711927,no pobre,basal,0,625.0,872.0,1.0,52.0,15,212,3832,7,1.0
98,1.0,0.0,2.2179999,1.0,8.0,6,48.03898506470498,128.2391329711927,no pobre,basal,0,625.0,872.0,1.0,52.0,16,212,3832,7,1.0
97,1.0,0.0,2.2179999,,0.0,6,48.03898506470498,128.2391329711927,no pobre,basal,0,625.0,872.0,1.0,52.0,14,212,3833,0,
98,1.0,0.0,2.2179999,,,6,48.03898506470498,128.2391329711927,no pobre,basal,0,625.0,872.0,1.0,52.0,15,212,3833,0,
97,1.0,0.0,2.2179999,1.0,3.0,6,48.03898506470498,128.2391329711927,no pobre,basal,0,625.0,872.0,1.0,52.0,12,212,3834,3,1.0
98,1.0,0.0,2.2179999,1.0,3.0,6,48.03898506470498,128.2391329711927,no pobre,basal,0,625.0,872.0,1.0,52.0,13,212,3834,3,1.0
97,0.0,0.0,2.2179999,0.0,1.0,2,48.03898506470498,128.2391329711927,pobre,basal,6,625.0,769.0,1.0,21.0,14,212,3835,1,0.0
98,0.0,0.0,2.2179999,,,2,48.03898506470498,128.2391329711927,pobre,basal,6,625.0,769.0,1.0,21.0,15,212,3835,1,0.0
97,0.0,0.0,2.2179999,0.0,6.0,10,48.03898506470498,128.2391329711927,pobre,basal,3,625.0,507.0,1.0,42.0,14,212,3836,6,0.0
98,0.0,0.0,2.2179999,,,10,48.03898506470498,128.2391329711927,pobre,basal,3,625.0,507.0,1.0,42.0,15,212,3836,6,0.0
97,0.0,0.0,2.2179999,0.0,6.0,10,48.03898506470498,128.2391329711927,pobre,basal,3,625.0,507.0,1.0,42.0,13,212,3837,6,0.0
98,0.0,0.0,2.2179999,,,10,48.03898506470498,128.2391329711927,pobre,basal,3,625.0,507.0,1.0,42.0,14,212,3837,6,0.0
97,1.0,0.0,2.2179999,1.0,3.0,10,48.03898506470498,128.2391329711927,pobre,basal,3,625.0,507.0,1.0,42.0,11,212,3838,3,1.0
98,1.0,0.0,2.2179999,,,10,48.03898506470498,128.2391329711927,pobre,basal,3,625.0,507.0,1.0,42.0,12,212,3838,3,1.0
97,0.0,0.0,2.2179999,1.0,3.0,10,48.03898506470498,128.2391329711927,pobre,basal,3,625.0,507.0,1.0,42.0,10,212,3839,3,1.0
98,0.0,0.0,2.2179999,1.0,3.0,10,48.03898506470498,128.2391329711927,pobre,basal,3,625.0,507.0,1.0,42.0,11,212,3839,3,1.0
97,0.0,0.0,2.2179999,1.0,2.0,10,48.03898506470498,128.2391329711927,pobre,basal,3,625.0,507.0,1.0,42.0,8,212,3840,2,1.0
98,0.0,0.0,2.2179999,1.0,2.0,10,48.03898506470498,128.2391329711927,pobre,basal,3,625.0,507.0,1.0,42.0,9,212,3840,2,1.0
97,0.0,0.0,2.2179999,1.0,1.0,10,48.03898506470498,128.2391329711927,pobre,basal,3,625.0,507.0,1.0,42.0,6,212,3841,1,1.0
98,0.0,0.0,2.2179999,1.0,1.0,10,48.03898506470498,128.2391329711927,pobre,basal,3,625.0,507.0,1.0,42.0,7,212,3841,1,1.0
97,0.0,0.0,2.2179999,1.0,4.0,7,48.03898506470498,128.2391329711927,pobre,basal,3,625.0,608.0,1.0,42.0,12,212,3842,4,1.0
98,0.0,0.0,2.2179999,1.0,5.0,7,48.03898506470498,128.2391329711927,pobre,basal,3,625.0,608.0,1.0,42.0,13,212,3842,4,1.0
97,1.0,0.0,2.2179999,1.0,2.0,7,48.03898506470498,128.2391329711927,pobre,basal,3,625.0,608.0,1.0,42.0,7,212,3843,2,1.0
98,1.0,0.0,2.2179999,,,7,48.03898506470498,128.2391329711927,pobre,basal,3,625.0,608.0,1.0,42.0,8,212,3843,2,1.0
97,0.0,0.0,2.2179999,1.0,4.0,7,48.03898506470498,128.2391329711927,pobre,basal,2,500.0,586.0,1.0,33.0,10,212,3844,4,1.0
98,0.0,0.0,2.2179999,1.0,5.0,7,48.03898506470498,128.2391329711927,pobre,basal,2,500.0,586.0,1.0,33.0,11,212,3844,4,1.0
97,1.0,0.0,2.2179999,1.0,2.0,7,48.03898506470498,128.2391329711927,pobre,basal,2,500.0,586.0,1.0,33.0,8,212,3845,2,1.0
98,1.0,0.0,2.2179999,1.0,2.0,7,48.03898506470498,128.2391329711927,pobre,basal,2,500.0,586.0,1.0,33.0,9,212,3845,2,1.0
97,0.0,0.0,2.2179999,1.0,1.0,7,48.03898506470498,128.2391329711927,pobre,basal,2,500.0,586.0,1.0,33.0,6,212,3846,1,1.0
98,0.0,0.0,2.2179999,1.0,1.0,7,48.03898506470498,128.2391329711927,pobre,basal,2,500.0,586.0,1.0,33.0,7,212,3846,1,1.0
97,1.0,0.0,0.0,0.0,9.0,9,126.6957562563117,136.9893753376227,pobre,basal,2,1200.0,770.83099,1.0,45.0,16,346,3847,9,0.0
98,1.0,0.0,0.0,,,9,126.6957562563117,136.9893753376227,pobre,basal,2,1200.0,770.83099,1.0,45.0,17,346,3847,9,0.0
97,1.0,0.0,0.0,1.0,7.0,9,126.6957562563117,136.9893753376227,pobre,basal,2,1200.0,770.83099,1.0,45.0,14,346,3848,7,1.0
98,1.0,0.0,0.0,1.0,8.0,9,126.6957562563117,136.9893753376227,pobre,basal,2,1200.0,770.83099,1.0,45.0,15,346,3848,7,1.0
97,1.0,0.0,0.0,1.0,4.0,9,126.6957562563117,136.9893753376227,pobre,basal,2,1200.0,770.83099,1.0,45.0,9,346,3849,4,1.0
98,1.0,0.0,0.0,1.0,4.0,9,126.6957562563117,136.9893753376227,pobre,basal,2,1200.0,770.83099,1.0,45.0,10,346,3849,4,1.0
97,1.0,0.0,0.0,0.0,6.0,7,126.6957562563117,136.9893753376227,pobre,basal,1,400.0,623.0,1.0,47.0,14,346,3850,6,0.0
98,1.0,0.0,0.0,0.0,6.0,7,126.6957562563117,136.9893753376227,pobre,basal,1,400.0,623.0,1.0,47.0,15,346,3850,6,0.0
97,0.0,0.0,0.0,0.0,6.0,7,126.6957562563117,136.9893753376227,pobre,basal,1,400.0,623.0,1.0,47.0,13,346,3851,6,0.0
98,0.0,0.0,0.0,1.0,6.0,7,126.6957562563117,136.9893753376227,pobre,basal,1,400.0,623.0,1.0,47.0,14,346,3851,6,0.0
97,1.0,0.0,0.0,1.0,5.0,7,126.6957562563117,136.9893753376227,pobre,basal,1,400.0,623.0,1.0,47.0,10,346,3852,5,1.0
98,1.0,0.0,0.0,1.0,5.0,7,126.6957562563117,136.9893753376227,pobre,basal,1,400.0,623.0,1.0,47.0,11,346,3852,5,1.0
97,1.0,0.0,0.0,1.0,3.0,7,126.6957562563117,136.9893753376227,pobre,basal,1,400.0,623.0,1.0,47.0,9,346,3853,3,1.0
98,1.0,0.0,0.0,1.0,3.0,7,126.6957562563117,136.9893753376227,pobre,basal,1,400.0,623.0,1.0,47.0,10,346,3853,3,1.0
97,1.0,0.0,0.0,0.0,6.0,4,126.6957562563117,136.9893753376227,pobre,basal,1,0.0,869.0,0.0,65.0,15,346,3854,6,0.0
98,1.0,0.0,0.0,0.0,6.0,4,126.6957562563117,136.9893753376227,pobre,basal,1,0.0,869.0,0.0,65.0,16,346,3854,6,0.0
97,1.0,0.0,0.0,0.0,6.0,7,126.6957562563117,136.9893753376227,pobre,basal,1,275.0,658.5,1.0,45.0,15,346,3855,6,0.0
98,1.0,0.0,0.0,0.0,6.0,7,126.6957562563117,136.9893753376227,pobre,basal,1,275.0,658.5,1.0,45.0,16,346,3855,6,0.0
97,0.0,0.0,0.0,0.0,6.0,7,126.6957562563117,136.9893753376227,pobre,basal,1,275.0,658.5,1.0,45.0,13,346,3856,6,0.0
98,0.0,0.0,0.0,0.0,6.0,7,126.6957562563117,136.9893753376227,pobre,basal,1,275.0,658.5,1.0,45.0,14,346,3856,6,0.0
97,0.0,0.0,0.0,0.0,6.0,7,126.6957562563117,136.9893753376227,pobre,basal,1,275.0,658.5,1.0,45.0,13,346,3857,6,0.0
98,0.0,0.0,0.0,1.0,6.0,7,126.6957562563117,136.9893753376227,pobre,basal,1,275.0,658.5,1.0,45.0,14,346,3857,6,0.0
97,1.0,0.0,0.0,1.0,0.0,7,126.6957562563117,136.9893753376227,pobre,basal,1,275.0,658.5,1.0,45.0,6,346,3858,0,1.0
98,1.0,0.0,0.0,1.0,1.0,7,126.6957562563117,136.9893753376227,pobre,basal,1,275.0,658.5,1.0,45.0,7,346,3858,0,1.0
97,0.0,0.0,0.0,1.0,5.0,7,126.6957562563117,136.9893753376227,no pobre,basal,4,116.66666,873.0,1.0,40.0,12,346,3859,5,1.0
98,0.0,0.0,0.0,0.0,6.0,7,126.6957562563117,136.9893753376227,no pobre,basal,4,116.66666,873.0,1.0,40.0,13,346,3859,5,1.0
97,1.0,0.0,0.0,1.0,2.0,7,126.6957562563117,136.9893753376227,no pobre,basal,4,116.66666,873.0,1.0,40.0,11,346,3860,2,1.0
98,1.0,0.0,0.0,1.0,3.0,7,126.6957562563117,136.9893753376227,no pobre,basal,4,116.66666,873.0,1.0,40.0,12,346,3860,2,1.0
97,1.0,0.0,0.0,1.0,1.0,7,126.6957562563117,136.9893753376227,no pobre,basal,4,116.66666,873.0,1.0,40.0,9,346,3861,1,1.0
98,1.0,0.0,0.0,1.0,2.0,7,126.6957562563117,136.9893753376227,no pobre,basal,4,116.66666,873.0,1.0,40.0,10,346,3861,1,1.0
97,1.0,0.0,0.0,0.0,6.0,11,126.6957562563117,136.9893753376227,pobre,basal,1,1000.0,830.0,1.0,60.0,14,346,3862,6,0.0
98,1.0,0.0,0.0,0.0,6.0,11,126.6957562563117,136.9893753376227,pobre,basal,1,1000.0,830.0,1.0,60.0,15,346,3862,6,0.0
97,1.0,0.0,0.0,1.0,2.0,11,126.6957562563117,136.9893753376227,pobre,basal,1,1000.0,830.0,1.0,60.0,8,346,3863,2,1.0
98,1.0,0.0,0.0,1.0,2.0,11,126.6957562563117,136.9893753376227,pobre,basal,1,1000.0,830.0,1.0,60.0,9,346,3863,2,1.0
97,0.0,0.0,0.0,,6.0,9,126.6957562563117,136.9893753376227,pobre,basal,0,625.0,691.83099,1.0,72.0,15,346,3864,6,
98,0.0,0.0,0.0,0.0,6.0,9,126.6957562563117,136.9893753376227,pobre,basal,0,625.0,691.83099,1.0,72.0,16,346,3864,6,
97,0.0,0.0,0.0,,6.0,9,126.6957562563117,136.9893753376227,pobre,basal,0,625.0,691.83099,1.0,72.0,13,346,3865,6,
98,0.0,0.0,0.0,0.0,6.0,9,126.6957562563117,136.9893753376227,pobre,basal,0,625.0,691.83099,1.0,72.0,14,346,3865,6,
97,0.0,0.0,0.0,,6.0,9,126.6957562563117,136.9893753376227,pobre,basal,0,625.0,691.83099,1.0,72.0,12,346,3866,6,
98,0.0,0.0,0.0,1.0,7.0,9,126.6957562563117,136.9893753376227,pobre,basal,0,625.0,691.83099,1.0,72.0,13,346,3866,6,
97,0.0,0.0,0.0,,3.0,9,126.6957562563117,136.9893753376227,pobre,basal,0,625.0,691.83099,1.0,72.0,8,346,3867,3,
98,0.0,0.0,0.0,1.0,3.0,9,126.6957562563117,136.9893753376227,pobre,basal,0,625.0,691.83099,1.0,72.0,9,346,3867,3,
97,1.0,0.0,0.0,,1.0,9,126.6957562563117,136.9893753376227,pobre,basal,0,625.0,691.83099,1.0,72.0,6,346,3868,1,
98,1.0,0.0,0.0,1.0,1.0,9,126.6957562563117,136.9893753376227,pobre,basal,0,625.0,691.83099,1.0,72.0,7,346,3868,1,
97,1.0,0.0,0.0,0.0,6.0,7,126.6957562563117,136.9893753376227,pobre,basal,3,625.0,581.0,1.0,41.0,13,346,3869,6,0.0
98,1.0,0.0,0.0,0.0,5.0,7,126.6957562563117,136.9893753376227,pobre,basal,3,625.0,581.0,1.0,41.0,14,346,3869,6,0.0
97,1.0,0.0,0.0,1.0,5.0,7,126.6957562563117,136.9893753376227,pobre,basal,3,625.0,581.0,1.0,41.0,11,346,3870,5,1.0
98,1.0,0.0,0.0,1.0,5.0,7,126.6957562563117,136.9893753376227,pobre,basal,3,625.0,581.0,1.0,41.0,12,346,3870,5,1.0
97,1.0,0.0,0.0,,0.0,7,126.6957562563117,136.9893753376227,pobre,basal,3,625.0,581.0,1.0,41.0,16,346,3871,0,
98,1.0,0.0,0.0,,,7,126.6957562563117,136.9893753376227,pobre,basal,3,625.0,581.0,1.0,41.0,17,346,3871,0,
97,0.0,0.0,0.0,1.0,2.0,7,126.6957562563117,136.9893753376227,pobre,basal,3,625.0,581.0,1.0,41.0,8,346,3872,2,1.0
98,0.0,0.0,0.0,1.0,2.0,7,126.6957562563117,136.9893753376227,pobre,basal,3,625.0,581.0,1.0,41.0,9,346,3872,2,1.0
97,0.0,0.0,0.0,0.0,6.0,8,126.6957562563117,136.9893753376227,pobre,basal,5,750.0,877.0,1.0,42.0,16,346,3873,6,0.0
98,0.0,0.0,0.0,,,8,126.6957562563117,136.9893753376227,pobre,basal,5,750.0,877.0,1.0,42.0,17,346,3873,6,0.0
97,0.0,0.0,0.0,0.0,6.0,8,126.6957562563117,136.9893753376227,pobre,basal,5,750.0,877.0,1.0,42.0,15,346,3874,6,0.0
98,0.0,0.0,0.0,0.0,6.0,8,126.6957562563117,136.9893753376227,pobre,basal,5,750.0,877.0,1.0,42.0,16,346,3874,6,0.0
97,0.0,0.0,0.0,1.0,6.0,8,126.6957562563117,136.9893753376227,pobre,basal,5,750.0,877.0,1.0,42.0,11,346,3875,6,1.0
98,0.0,0.0,0.0,1.0,6.0,8,126.6957562563117,136.9893753376227,pobre,basal,5,750.0,877.0,1.0,42.0,12,346,3875,6,1.0
97,1.0,0.0,0.0,1.0,4.0,8,126.6957562563117,136.9893753376227,pobre,basal,5,750.0,877.0,1.0,42.0,9,346,3876,4,1.0
98,1.0,0.0,0.0,1.0,4.0,8,126.6957562563117,136.9893753376227,pobre,basal,5,750.0,877.0,1.0,42.0,10,346,3876,4,1.0
97,0.0,0.0,0.0,0.0,6.0,6,126.6957562563117,136.9893753376227,pobre,basal,0,240.0,882.0,1.0,68.0,15,346,3877,6,0.0
98,0.0,0.0,0.0,,,6,126.6957562563117,136.9893753376227,pobre,basal,0,240.0,882.0,1.0,68.0,16,346,3877,6,0.0
97,0.0,0.0,0.0,1.0,3.0,6,126.6957562563117,136.9893753376227,pobre,basal,0,240.0,882.0,1.0,68.0,9,346,3878,3,1.0
98,0.0,0.0,0.0,,,6,126.6957562563117,136.9893753376227,pobre,basal,0,240.0,882.0,1.0,68.0,10,346,3878,3,1.0
97,0.0,0.0,0.0,1.0,2.0,4,126.6957562563117,136.9893753376227,pobre,basal,0,0.0,706.0,1.0,75.0,9,346,3879,2,1.0
98,0.0,0.0,0.0,1.0,3.0,4,126.6957562563117,136.9893753376227,pobre,basal,0,0.0,706.0,1.0,75.0,10,346,3879,2,1.0
97,1.0,0.0,0.0,1.0,4.0,6,126.6957562563117,136.9893753376227,pobre,basal,0,1250.0,671.0,1.0,45.0,13,346,3880,4,1.0
98,1.0,0.0,0.0,,,6,126.6957562563117,136.9893753376227,pobre,basal,0,1250.0,671.0,1.0,45.0,14,346,3880,4,1.0
97,1.0,0.0,0.0,1.0,1.0,6,126.6957562563117,136.9893753376227,pobre,basal,0,1250.0,671.0,1.0,45.0,9,346,3881,1,1.0
98,1.0,0.0,0.0,1.0,2.0,6,126.6957562563117,136.9893753376227,pobre,basal,0,1250.0,671.0,1.0,45.0,10,346,3881,1,1.0
97,1.0,0.0,2.2839999,0.0,6.0,7,48.74624322770944,118.7262168765743,pobre,basal,1,500.0,657.0,1.0,42.0,14,241,3882,6,0.0
98,1.0,0.0,2.2839999,0.0,6.0,7,48.74624322770944,118.7262168765743,pobre,basal,1,500.0,657.0,1.0,42.0,15,241,3882,6,0.0
97,1.0,0.0,2.2839999,1.0,5.0,7,48.74624322770944,118.7262168765743,pobre,basal,1,500.0,657.0,1.0,42.0,11,241,3883,5,1.0
98,1.0,0.0,2.2839999,1.0,6.0,7,48.74624322770944,118.7262168765743,pobre,basal,1,500.0,657.0,1.0,42.0,12,241,3883,5,1.0
97,1.0,0.0,2.2839999,1.0,2.0,7,48.74624322770944,118.7262168765743,pobre,basal,1,500.0,657.0,1.0,42.0,7,241,3884,2,1.0
98,1.0,0.0,2.2839999,1.0,3.0,7,48.74624322770944,118.7262168765743,pobre,basal,1,500.0,657.0,1.0,42.0,8,241,3884,2,1.0
97,1.0,0.0,0.0,0.0,6.0,11,126.6957562563117,136.9893753376227,no pobre,basal,1,200.0,744.0,1.0,50.0,16,346,3885,6,0.0
98,1.0,0.0,0.0,,,11,126.6957562563117,136.9893753376227,no pobre,basal,1,200.0,744.0,1.0,50.0,17,346,3885,6,0.0
97,1.0,0.0,0.0,0.0,6.0,11,126.6957562563117,136.9893753376227,no pobre,basal,1,200.0,744.0,1.0,50.0,13,346,3886,6,0.0
98,1.0,0.0,0.0,0.0,6.0,11,126.6957562563117,136.9893753376227,no pobre,basal,1,200.0,744.0,1.0,50.0,14,346,3886,6,0.0
97,1.0,0.0,0.0,1.0,3.0,11,126.6957562563117,136.9893753376227,no pobre,basal,1,200.0,744.0,1.0,50.0,10,346,3887,3,1.0
98,1.0,0.0,0.0,1.0,4.0,11,126.6957562563117,136.9893753376227,no pobre,basal,1,200.0,744.0,1.0,50.0,11,346,3887,3,1.0
97,1.0,0.0,0.0,1.0,3.0,11,126.6957562563117,136.9893753376227,no pobre,basal,1,200.0,744.0,1.0,50.0,9,346,3888,3,1.0
98,1.0,0.0,0.0,1.0,4.0,11,126.6957562563117,136.9893753376227,no pobre,basal,1,200.0,744.0,1.0,50.0,10,346,3888,3,1.0
97,0.0,0.0,2.2839999,0.0,6.0,9,48.74624322770944,118.7262168765743,no pobre,basal,5,500.0,799.0,1.0,39.0,15,241,3889,6,0.0
98,0.0,0.0,2.2839999,0.0,6.0,9,48.74624322770944,118.7262168765743,no pobre,basal,5,500.0,799.0,1.0,39.0,16,241,3889,6,0.0
97,0.0,0.0,2.2839999,0.0,6.0,9,48.74624322770944,118.7262168765743,no pobre,basal,5,500.0,799.0,1.0,39.0,13,241,3890,6,0.0
98,0.0,0.0,2.2839999,0.0,6.0,9,48.74624322770944,118.7262168765743,no pobre,basal,5,500.0,799.0,1.0,39.0,14,241,3890,6,0.0
97,0.0,0.0,2.2839999,1.0,5.0,9,48.74624322770944,118.7262168765743,no pobre,basal,5,500.0,799.0,1.0,39.0,10,241,3891,5,1.0
98,0.0,0.0,2.2839999,0.0,6.0,9,48.74624322770944,118.7262168765743,no pobre,basal,5,500.0,799.0,1.0,39.0,11,241,3891,5,1.0
97,1.0,0.0,2.2839999,1.0,2.0,9,48.74624322770944,118.7262168765743,no pobre,basal,5,500.0,799.0,1.0,39.0,8,241,3892,2,1.0
98,1.0,0.0,2.2839999,1.0,3.0,9,48.74624322770944,118.7262168765743,no pobre,basal,5,500.0,799.0,1.0,39.0,9,241,3892,2,1.0
97,0.0,0.0,2.2839999,0.0,6.0,11,48.74624322770944,118.7262168765743,pobre,basal,6,0.0,700.0,1.0,46.0,14,241,3893,6,0.0
98,0.0,0.0,2.2839999,0.0,6.0,11,48.74624322770944,118.7262168765743,pobre,basal,6,0.0,700.0,1.0,46.0,15,241,3893,6,0.0
97,1.0,0.0,2.2839999,0.0,6.0,11,48.74624322770944,118.7262168765743,pobre,basal,6,0.0,700.0,1.0,46.0,12,241,3894,6,0.0
98,1.0,0.0,2.2839999,0.0,6.0,11,48.74624322770944,118.7262168765743,pobre,basal,6,0.0,700.0,1.0,46.0,13,241,3894,6,0.0
97,0.0,0.0,2.2839999,1.0,2.0,11,48.74624322770944,118.7262168765743,pobre,basal,6,0.0,700.0,1.0,46.0,8,241,3895,2,1.0
98,0.0,0.0,2.2839999,1.0,3.0,11,48.74624322770944,118.7262168765743,pobre,basal,6,0.0,700.0,1.0,46.0,9,241,3895,2,1.0
97,0.0,0.0,2.2839999,0.0,6.0,6,48.74624322770944,118.7262168765743,pobre,basal,2,0.0,679.0,1.0,32.0,14,241,3896,6,0.0
98,0.0,0.0,2.2839999,0.0,6.0,6,48.74624322770944,118.7262168765743,pobre,basal,2,0.0,679.0,1.0,32.0,15,241,3896,6,0.0
97,1.0,0.0,2.2839999,1.0,3.0,6,48.74624322770944,118.7262168765743,pobre,basal,2,0.0,679.0,1.0,32.0,10,241,3897,3,1.0
98,1.0,0.0,2.2839999,1.0,4.0,6,48.74624322770944,118.7262168765743,pobre,basal,2,0.0,679.0,1.0,32.0,11,241,3897,3,1.0
97,1.0,0.0,2.2839999,1.0,1.0,6,48.74624322770944,118.7262168765743,pobre,basal,2,0.0,679.0,1.0,32.0,7,241,3898,1,1.0
98,1.0,0.0,2.2839999,1.0,2.0,6,48.74624322770944,118.7262168765743,pobre,basal,2,0.0,679.0,1.0,32.0,8,241,3898,1,1.0
97,1.0,0.0,2.2839999,1.0,3.0,8,48.74624322770944,118.7262168765743,pobre,basal,4,0.0,592.0,1.0,34.0,10,241,3899,3,1.0
98,1.0,0.0,2.2839999,1.0,4.0,8,48.74624322770944,118.7262168765743,pobre,basal,4,0.0,592.0,1.0,34.0,11,241,3899,3,1.0
97,0.0,0.0,2.2839999,1.0,4.0,8,48.74624322770944,118.7262168765743,pobre,basal,4,0.0,592.0,1.0,34.0,9,241,3900,4,1.0
98,0.0,0.0,2.2839999,1.0,4.0,8,48.74624322770944,118.7262168765743,pobre,basal,4,0.0,592.0,1.0,34.0,10,241,3900,4,1.0
97,0.0,0.0,2.2839999,1.0,2.0,8,48.74624322770944,118.7262168765743,pobre,basal,4,0.0,592.0,1.0,34.0,7,241,3901,2,1.0
98,0.0,0.0,2.2839999,1.0,2.0,8,48.74624322770944,118.7262168765743,pobre,basal,4,0.0,592.0,1.0,34.0,8,241,3901,2,1.0
97,0.0,0.0,2.2839999,1.0,1.0,8,48.74624322770944,118.7262168765743,pobre,basal,4,0.0,592.0,1.0,34.0,6,241,3902,1,1.0
98,0.0,0.0,2.2839999,1.0,1.0,8,48.74624322770944,118.7262168765743,pobre,basal,4,0.0,592.0,1.0,34.0,7,241,3902,1,1.0
97,0.0,0.0,2.2839999,0.0,3.0,4,48.74624322770944,118.7262168765743,no pobre,basal,2,0.0,778.0,0.0,53.0,14,241,3903,3,0.0
98,0.0,0.0,2.2839999,0.0,3.0,4,48.74624322770944,118.7262168765743,no pobre,basal,2,0.0,778.0,0.0,53.0,15,241,3903,3,0.0
97,1.0,0.0,2.2839999,0.0,6.0,4,48.74624322770944,118.7262168765743,no pobre,basal,2,0.0,778.0,0.0,53.0,12,241,3904,6,0.0
98,1.0,0.0,2.2839999,0.0,6.0,4,48.74624322770944,118.7262168765743,no pobre,basal,2,0.0,778.0,0.0,53.0,13,241,3904,6,0.0
97,0.0,0.0,0.0,0.0,9.0,5,126.6957562563117,136.9893753376227,no pobre,basal,3,320.0,1060.0,1.0,45.0,16,346,3905,9,0.0
98,0.0,0.0,0.0,,,5,126.6957562563117,136.9893753376227,no pobre,basal,3,320.0,1060.0,1.0,45.0,17,346,3905,9,0.0
97,0.0,0.0,0.0,1.0,1.0,5,126.6957562563117,136.9893753376227,no pobre,basal,3,320.0,1060.0,1.0,45.0,7,346,3906,1,1.0
98,0.0,0.0,0.0,1.0,2.0,5,126.6957562563117,136.9893753376227,no pobre,basal,3,320.0,1060.0,1.0,45.0,8,346,3906,1,1.0
97,1.0,0.0,2.2839999,1.0,4.0,6,48.74624322770944,118.7262168765743,no pobre,basal,6,41.666668,825.0,1.0,29.0,9,241,3907,4,1.0
98,1.0,0.0,2.2839999,1.0,4.0,6,48.74624322770944,118.7262168765743,no pobre,basal,6,41.666668,825.0,1.0,29.0,10,241,3907,4,1.0
97,1.0,0.0,2.2839999,1.0,3.0,6,48.74624322770944,118.7262168765743,no pobre,basal,6,41.666668,825.0,1.0,29.0,7,241,3908,3,1.0
98,1.0,0.0,2.2839999,1.0,3.0,6,48.74624322770944,118.7262168765743,no pobre,basal,6,41.666668,825.0,1.0,29.0,8,241,3908,3,1.0
97,1.0,0.0,2.2839999,1.0,1.0,6,48.74624322770944,118.7262168765743,no pobre,basal,6,41.666668,825.0,1.0,29.0,6,241,3909,1,1.0
98,1.0,0.0,2.2839999,1.0,1.0,6,48.74624322770944,118.7262168765743,no pobre,basal,6,41.666668,825.0,1.0,29.0,7,241,3909,1,1.0
97,0.0,0.0,2.2839999,0.0,6.0,8,48.74624322770944,118.7262168765743,no pobre,basal,6,0.0,891.0,1.0,51.0,16,241,3910,6,0.0
98,0.0,0.0,2.2839999,,,8,48.74624322770944,118.7262168765743,no pobre,basal,6,0.0,891.0,1.0,51.0,17,241,3910,6,0.0
97,0.0,0.0,2.2839999,0.0,6.0,8,48.74624322770944,118.7262168765743,no pobre,basal,6,0.0,891.0,1.0,51.0,15,241,3911,6,0.0
98,0.0,0.0,2.2839999,0.0,6.0,8,48.74624322770944,118.7262168765743,no pobre,basal,6,0.0,891.0,1.0,51.0,16,241,3911,6,0.0
97,1.0,0.0,2.2839999,1.0,4.0,8,48.74624322770944,118.7262168765743,no pobre,basal,6,0.0,891.0,1.0,51.0,12,241,3912,4,1.0
98,1.0,0.0,2.2839999,1.0,5.0,8,48.74624322770944,118.7262168765743,no pobre,basal,6,0.0,891.0,1.0,51.0,13,241,3912,4,1.0
97,0.0,0.0,2.2839999,1.0,3.0,8,48.74624322770944,118.7262168765743,no pobre,basal,6,0.0,891.0,1.0,51.0,9,241,3913,3,1.0
98,0.0,0.0,2.2839999,1.0,4.0,8,48.74624322770944,118.7262168765743,no pobre,basal,6,0.0,891.0,1.0,51.0,10,241,3913,3,1.0
97,1.0,0.0,2.2839999,1.0,1.0,8,48.74624322770944,118.7262168765743,no pobre,basal,6,0.0,891.0,1.0,51.0,7,241,3914,1,1.0
98,1.0,0.0,2.2839999,1.0,1.0,8,48.74624322770944,118.7262168765743,no pobre,basal,6,0.0,891.0,1.0,51.0,8,241,3914,1,1.0
97,1.0,0.0,2.2839999,1.0,3.0,4,48.74624322770944,118.7262168765743,pobre,basal,0,250.0,690.0,0.0,33.0,10,241,3915,3,1.0
98,1.0,0.0,2.2839999,1.0,4.0,4,48.74624322770944,118.7262168765743,pobre,basal,0,250.0,690.0,0.0,33.0,11,241,3915,3,1.0
97,0.0,0.0,2.2839999,0.0,6.0,10,48.74624322770944,118.7262168765743,no pobre,basal,3,500.0,837.0,1.0,51.0,16,241,3916,6,0.0
98,0.0,0.0,2.2839999,,,10,48.74624322770944,118.7262168765743,no pobre,basal,3,500.0,837.0,1.0,51.0,17,241,3916,6,0.0
97,1.0,0.0,2.2839999,1.0,6.0,10,48.74624322770944,118.7262168765743,no pobre,basal,3,500.0,837.0,1.0,51.0,13,241,3917,6,1.0
98,1.0,0.0,2.2839999,1.0,6.0,10,48.74624322770944,118.7262168765743,no pobre,basal,3,500.0,837.0,1.0,51.0,14,241,3917,6,1.0
97,1.0,0.0,2.2839999,0.0,6.0,9,48.74624322770944,118.7262168765743,pobre,basal,3,0.0,889.0,1.0,49.0,16,241,3918,6,0.0
98,1.0,0.0,2.2839999,0.0,6.0,9,48.74624322770944,118.7262168765743,pobre,basal,3,0.0,889.0,1.0,49.0,17,241,3918,6,0.0
97,0.0,0.0,2.2839999,1.0,5.0,9,48.74624322770944,118.7262168765743,pobre,basal,3,0.0,889.0,1.0,49.0,11,241,3919,5,1.0
98,0.0,0.0,2.2839999,0.0,6.0,9,48.74624322770944,118.7262168765743,pobre,basal,3,0.0,889.0,1.0,49.0,12,241,3919,5,1.0
97,1.0,0.0,2.2839999,1.0,6.0,9,48.74624322770944,118.7262168765743,pobre,basal,3,0.0,889.0,1.0,49.0,13,241,3920,6,1.0
98,1.0,0.0,2.2839999,1.0,7.0,9,48.74624322770944,118.7262168765743,pobre,basal,3,0.0,889.0,1.0,49.0,14,241,3920,6,1.0
97,0.0,0.0,2.2839999,1.0,3.0,9,48.74624322770944,118.7262168765743,pobre,basal,3,0.0,889.0,1.0,49.0,8,241,3921,3,1.0
98,0.0,0.0,2.2839999,1.0,4.0,9,48.74624322770944,118.7262168765743,pobre,basal,3,0.0,889.0,1.0,49.0,9,241,3921,3,1.0
97,1.0,0.0,2.2839999,1.0,3.0,7,48.74624322770944,118.7262168765743,pobre,basal,0,0.0,761.0,1.0,67.0,10,241,3922,3,1.0
98,1.0,0.0,2.2839999,1.0,4.0,7,48.74624322770944,118.7262168765743,pobre,basal,0,0.0,761.0,1.0,67.0,11,241,3922,3,1.0
97,1.0,0.0,2.2839999,1.0,2.0,7,48.74624322770944,118.7262168765743,pobre,basal,0,0.0,761.0,1.0,67.0,7,241,3923,2,1.0
98,1.0,0.0,2.2839999,1.0,3.0,7,48.74624322770944,118.7262168765743,pobre,basal,0,0.0,761.0,1.0,67.0,8,241,3923,2,1.0
97,1.0,0.0,2.2839999,0.0,6.0,11,48.74624322770944,118.7262168765743,pobre,basal,1,0.0,783.5,1.0,59.0,16,241,3924,6,0.0
98,1.0,0.0,2.2839999,,,11,48.74624322770944,118.7262168765743,pobre,basal,1,0.0,783.5,1.0,59.0,17,241,3924,6,0.0
97,0.0,0.0,2.2839999,1.0,5.0,11,48.74624322770944,118.7262168765743,pobre,basal,1,0.0,783.5,1.0,59.0,11,241,3925,5,1.0
98,0.0,0.0,2.2839999,1.0,6.0,11,48.74624322770944,118.7262168765743,pobre,basal,1,0.0,783.5,1.0,59.0,12,241,3925,5,1.0
97,0.0,0.0,2.2839999,1.0,2.0,11,48.74624322770944,118.7262168765743,pobre,basal,1,0.0,783.5,1.0,59.0,9,241,3926,2,1.0
98,0.0,0.0,2.2839999,1.0,3.0,11,48.74624322770944,118.7262168765743,pobre,basal,1,0.0,783.5,1.0,59.0,10,241,3926,2,1.0
97,1.0,0.0,2.2839999,1.0,1.0,11,48.74624322770944,118.7262168765743,pobre,basal,1,0.0,783.5,1.0,59.0,8,241,3927,1,1.0
98,1.0,0.0,2.2839999,1.0,2.0,11,48.74624322770944,118.7262168765743,pobre,basal,1,0.0,783.5,1.0,59.0,9,241,3927,1,1.0
97,1.0,0.0,2.2839999,1.0,3.0,2,48.74624322770944,118.7262168765743,pobre,basal,0,0.0,755.0,0.0,77.0,8,241,3928,3,1.0
98,1.0,0.0,2.2839999,1.0,3.0,2,48.74624322770944,118.7262168765743,pobre,basal,0,0.0,755.0,0.0,77.0,9,241,3928,3,1.0
97,0.0,0.0,2.2839999,0.0,7.0,10,48.74624322770944,118.7262168765743,pobre,basal,3,0.0,782.0,1.0,52.0,15,241,3929,7,0.0
98,0.0,0.0,2.2839999,0.0,7.0,10,48.74624322770944,118.7262168765743,pobre,basal,3,0.0,782.0,1.0,52.0,16,241,3929,7,0.0
97,1.0,0.0,2.2839999,1.0,7.0,10,48.74624322770944,118.7262168765743,pobre,basal,3,0.0,782.0,1.0,52.0,12,241,3930,7,1.0
98,1.0,0.0,2.2839999,1.0,7.0,10,48.74624322770944,118.7262168765743,pobre,basal,3,0.0,782.0,1.0,52.0,13,241,3930,7,1.0
97,1.0,0.0,2.2839999,1.0,4.0,10,48.74624322770944,118.7262168765743,pobre,basal,3,0.0,782.0,1.0,52.0,10,241,3931,4,1.0
98,1.0,0.0,2.2839999,1.0,5.0,10,48.74624322770944,118.7262168765743,pobre,basal,3,0.0,782.0,1.0,52.0,11,241,3931,4,1.0
97,0.0,0.0,2.2839999,0.0,3.0,7,48.74624322770944,118.7262168765743,pobre,basal,2,500.0,739.5,1.0,52.0,16,241,3932,3,0.0
98,0.0,0.0,2.2839999,,,7,48.74624322770944,118.7262168765743,pobre,basal,2,500.0,739.5,1.0,52.0,17,241,3932,3,0.0
97,1.0,0.0,2.2839999,0.0,6.0,7,48.74624322770944,118.7262168765743,pobre,basal,2,500.0,739.5,1.0,52.0,15,241,3933,6,0.0
98,1.0,0.0,2.2839999,0.0,6.0,7,48.74624322770944,118.7262168765743,pobre,basal,2,500.0,739.5,1.0,52.0,16,241,3933,6,0.0
97,1.0,0.0,2.2839999,0.0,6.0,10,48.74624322770944,118.7262168765743,pobre,basal,2,500.0,687.0,1.0,41.0,15,241,3934,6,0.0
98,1.0,0.0,2.2839999,0.0,6.0,10,48.74624322770944,118.7262168765743,pobre,basal,2,500.0,687.0,1.0,41.0,16,241,3934,6,0.0
97,0.0,0.0,2.2839999,1.0,6.0,10,48.74624322770944,118.7262168765743,pobre,basal,2,500.0,687.0,1.0,41.0,12,241,3935,6,1.0
98,0.0,0.0,2.2839999,0.0,6.0,10,48.74624322770944,118.7262168765743,pobre,basal,2,500.0,687.0,1.0,41.0,13,241,3935,6,1.0
97,1.0,0.0,2.2839999,1.0,5.0,10,48.74624322770944,118.7262168765743,pobre,basal,2,500.0,687.0,1.0,41.0,11,241,3936,5,1.0
98,1.0,0.0,2.2839999,1.0,5.0,10,48.74624322770944,118.7262168765743,pobre,basal,2,500.0,687.0,1.0,41.0,12,241,3936,5,1.0
97,1.0,0.0,2.2839999,1.0,3.0,10,48.74624322770944,118.7262168765743,pobre,basal,2,500.0,687.0,1.0,41.0,8,241,3937,3,1.0
98,1.0,0.0,2.2839999,1.0,3.0,10,48.74624322770944,118.7262168765743,pobre,basal,2,500.0,687.0,1.0,41.0,9,241,3937,3,1.0
97,1.0,0.0,2.2839999,1.0,2.0,6,48.74624322770944,118.7262168765743,pobre,basal,3,0.0,672.0,1.0,29.0,8,241,3938,2,1.0
98,1.0,0.0,2.2839999,1.0,3.0,6,48.74624322770944,118.7262168765743,pobre,basal,3,0.0,672.0,1.0,29.0,9,241,3938,2,1.0
97,1.0,0.0,2.2839999,,0.0,6,48.74624322770944,118.7262168765743,pobre,basal,3,0.0,672.0,1.0,29.0,6,241,3939,0,
98,1.0,0.0,2.2839999,1.0,1.0,6,48.74624322770944,118.7262168765743,pobre,basal,3,0.0,672.0,1.0,29.0,7,241,3939,0,
97,1.0,0.0,2.2839999,1.0,1.0,7,48.74624322770944,118.7262168765743,no pobre,basal,2,333.33334,923.0,1.0,38.0,10,241,3940,1,1.0
98,1.0,0.0,2.2839999,1.0,2.0,7,48.74624322770944,118.7262168765743,no pobre,basal,2,333.33334,923.0,1.0,38.0,11,241,3940,1,1.0
97,1.0,0.0,2.2839999,0.0,6.0,8,48.74624322770944,118.7262168765743,pobre,basal,6,166.66667,643.0,1.0,32.0,14,241,3941,6,0.0
98,1.0,0.0,2.2839999,0.0,6.0,8,48.74624322770944,118.7262168765743,pobre,basal,6,166.66667,643.0,1.0,32.0,15,241,3941,6,0.0
97,0.0,0.0,2.2839999,1.0,5.0,8,48.74624322770944,118.7262168765743,pobre,basal,6,166.66667,643.0,1.0,32.0,12,241,3942,5,1.0
98,0.0,0.0,2.2839999,0.0,6.0,8,48.74624322770944,118.7262168765743,pobre,basal,6,166.66667,643.0,1.0,32.0,13,241,3942,5,1.0
97,1.0,0.0,2.2839999,1.0,2.0,8,48.74624322770944,118.7262168765743,pobre,basal,6,166.66667,643.0,1.0,32.0,10,241,3943,2,1.0
98,1.0,0.0,2.2839999,1.0,3.0,8,48.74624322770944,118.7262168765743,pobre,basal,6,166.66667,643.0,1.0,32.0,11,241,3943,2,1.0
97,1.0,0.0,2.2839999,1.0,1.0,8,48.74624322770944,118.7262168765743,pobre,basal,6,166.66667,643.0,1.0,32.0,7,241,3944,1,1.0
98,1.0,0.0,2.2839999,1.0,2.0,8,48.74624322770944,118.7262168765743,pobre,basal,6,166.66667,643.0,1.0,32.0,8,241,3944,1,1.0
97,0.0,0.0,2.2839999,1.0,3.0,7,48.74624322770944,118.7262168765743,pobre,basal,3,1250.0,589.0,1.0,35.0,9,241,3945,3,1.0
98,0.0,0.0,2.2839999,1.0,4.0,7,48.74624322770944,118.7262168765743,pobre,basal,3,1250.0,589.0,1.0,35.0,10,241,3945,3,1.0
97,1.0,0.0,2.2839999,1.0,1.0,7,48.74624322770944,118.7262168765743,pobre,basal,3,1250.0,589.0,1.0,35.0,7,241,3946,1,1.0
98,1.0,0.0,2.2839999,1.0,2.0,7,48.74624322770944,118.7262168765743,pobre,basal,3,1250.0,589.0,1.0,35.0,8,241,3946,1,1.0
97,0.0,0.0,3.7360001,0.0,5.0,12,46.32192834297455,127.5251214041974,pobre,basal,0,625.0,533.0,1.0,47.0,15,213,3947,5,0.0
98,0.0,0.0,3.7360001,0.0,6.0,12,46.32192834297455,127.5251214041974,pobre,basal,0,625.0,533.0,1.0,47.0,16,213,3947,5,0.0
97,1.0,0.0,3.7360001,0.0,6.0,12,46.32192834297455,127.5251214041974,pobre,basal,0,625.0,533.0,1.0,47.0,13,213,3948,6,0.0
98,1.0,0.0,3.7360001,0.0,6.0,12,46.32192834297455,127.5251214041974,pobre,basal,0,625.0,533.0,1.0,47.0,14,213,3948,6,0.0
97,1.0,0.0,3.7360001,1.0,5.0,12,46.32192834297455,127.5251214041974,pobre,basal,0,625.0,533.0,1.0,47.0,11,213,3949,5,1.0
98,1.0,0.0,3.7360001,0.0,6.0,12,46.32192834297455,127.5251214041974,pobre,basal,0,625.0,533.0,1.0,47.0,12,213,3949,5,1.0
97,1.0,0.0,3.7360001,1.0,4.0,12,46.32192834297455,127.5251214041974,pobre,basal,0,625.0,533.0,1.0,47.0,10,213,3950,4,1.0
98,1.0,0.0,3.7360001,1.0,5.0,12,46.32192834297455,127.5251214041974,pobre,basal,0,625.0,533.0,1.0,47.0,11,213,3950,4,1.0
97,0.0,0.0,3.7360001,1.0,2.0,12,46.32192834297455,127.5251214041974,pobre,basal,0,625.0,533.0,1.0,47.0,8,213,3951,2,1.0
98,0.0,0.0,3.7360001,1.0,2.0,12,46.32192834297455,127.5251214041974,pobre,basal,0,625.0,533.0,1.0,47.0,9,213,3951,2,1.0
97,1.0,0.0,3.7360001,,0.0,12,46.32192834297455,127.5251214041974,pobre,basal,0,625.0,533.0,1.0,47.0,7,213,3952,0,
98,1.0,0.0,3.7360001,1.0,1.0,12,46.32192834297455,127.5251214041974,pobre,basal,0,625.0,533.0,1.0,47.0,8,213,3952,0,
97,1.0,0.0,0.0,1.0,4.0,5,55.84136625812461,55.84136625812461,pobre,0,0,800.0,858.33099,1.0,47.0,11,351,3953,4,1.0
98,1.0,0.0,0.0,1.0,5.0,5,55.84136625812461,55.84136625812461,pobre,0,0,800.0,858.33099,1.0,47.0,12,351,3953,4,1.0
97,1.0,0.0,0.0,0.0,3.0,6,55.84136625812461,55.84136625812461,pobre,0,2,1600.0,868.0,1.0,47.0,16,351,3954,3,0.0
98,1.0,0.0,0.0,,,6,55.84136625812461,55.84136625812461,pobre,0,2,1600.0,868.0,1.0,47.0,17,351,3954,3,0.0
97,0.0,0.0,0.0,1.0,5.0,6,55.84136625812461,55.84136625812461,pobre,0,2,1600.0,868.0,1.0,47.0,12,351,3955,5,1.0
98,0.0,0.0,0.0,1.0,6.0,6,55.84136625812461,55.84136625812461,pobre,0,2,1600.0,868.0,1.0,47.0,13,351,3955,5,1.0
97,1.0,0.0,0.0,1.0,1.0,6,55.84136625812461,55.84136625812461,pobre,0,2,1600.0,868.0,1.0,47.0,8,351,3956,1,1.0
98,1.0,0.0,0.0,1.0,2.0,6,55.84136625812461,55.84136625812461,pobre,0,2,1600.0,868.0,1.0,47.0,9,351,3956,1,1.0
97,1.0,0.0,0.0,1.0,4.0,6,55.84136625812461,55.84136625812461,pobre,0,3,750.0,752.0,1.0,59.0,10,351,3957,4,1.0
98,1.0,0.0,0.0,1.0,5.0,6,55.84136625812461,55.84136625812461,pobre,0,3,750.0,752.0,1.0,59.0,11,351,3957,4,1.0
97,0.0,0.0,0.0,1.0,0.0,6,55.84136625812461,55.84136625812461,pobre,0,3,750.0,752.0,1.0,59.0,7,351,3958,0,1.0
98,0.0,0.0,0.0,1.0,1.0,6,55.84136625812461,55.84136625812461,pobre,0,3,750.0,752.0,1.0,59.0,8,351,3958,0,1.0
97,1.0,0.0,3.7360001,0.0,4.0,7,46.32192834297455,127.5251214041974,pobre,basal,0,500.0,664.0,1.0,55.0,16,213,3959,4,0.0
98,1.0,0.0,3.7360001,,,7,46.32192834297455,127.5251214041974,pobre,basal,0,500.0,664.0,1.0,55.0,17,213,3959,4,0.0
97,1.0,0.0,3.7360001,1.0,3.0,7,46.32192834297455,127.5251214041974,pobre,basal,0,500.0,664.0,1.0,55.0,12,213,3960,3,1.0
98,1.0,0.0,3.7360001,1.0,7.0,7,46.32192834297455,127.5251214041974,pobre,basal,0,500.0,664.0,1.0,55.0,13,213,3960,3,1.0
97,0.0,0.0,3.7360001,1.0,3.0,7,46.32192834297455,127.5251214041974,pobre,basal,0,500.0,664.0,1.0,55.0,9,213,3961,3,1.0
98,0.0,0.0,3.7360001,1.0,4.0,7,46.32192834297455,127.5251214041974,pobre,basal,0,500.0,664.0,1.0,55.0,10,213,3961,3,1.0
97,1.0,0.0,3.7360001,1.0,3.0,10,46.32192834297455,127.5251214041974,pobre,basal,3,500.0,661.0,1.0,34.0,11,213,3962,3,1.0
98,1.0,0.0,3.7360001,1.0,4.0,10,46.32192834297455,127.5251214041974,pobre,basal,3,500.0,661.0,1.0,34.0,12,213,3962,3,1.0
97,1.0,0.0,3.7360001,1.0,1.0,7,46.32192834297455,127.5251214041974,pobre,basal,0,166.66667,677.5,1.0,50.0,10,213,3963,1,1.0
98,1.0,0.0,3.7360001,1.0,2.0,7,46.32192834297455,127.5251214041974,pobre,basal,0,166.66667,677.5,1.0,50.0,11,213,3963,1,1.0
97,1.0,0.0,3.7360001,0.0,6.0,10,46.32192834297455,127.5251214041974,pobre,basal,0,2083.3333,778.0,1.0,31.0,11,213,3964,6,0.0
98,1.0,0.0,3.7360001,,,10,46.32192834297455,127.5251214041974,pobre,basal,0,2083.3333,778.0,1.0,31.0,12,213,3964,6,0.0
97,0.0,0.0,3.7360001,1.0,5.0,10,46.32192834297455,127.5251214041974,pobre,basal,0,2083.3333,778.0,1.0,31.0,10,213,3965,5,1.0
98,0.0,0.0,3.7360001,1.0,6.0,10,46.32192834297455,127.5251214041974,pobre,basal,0,2083.3333,778.0,1.0,31.0,11,213,3965,5,1.0
97,0.0,0.0,3.7360001,1.0,4.0,10,46.32192834297455,127.5251214041974,pobre,basal,0,2083.3333,778.0,1.0,31.0,9,213,3966,4,1.0
98,0.0,0.0,3.7360001,1.0,5.0,10,46.32192834297455,127.5251214041974,pobre,basal,0,2083.3333,778.0,1.0,31.0,10,213,3966,4,1.0
97,1.0,0.0,3.7360001,1.0,1.0,10,46.32192834297455,127.5251214041974,pobre,basal,0,2083.3333,778.0,1.0,31.0,6,213,3967,1,1.0
98,1.0,0.0,3.7360001,1.0,1.0,10,46.32192834297455,127.5251214041974,pobre,basal,0,2083.3333,778.0,1.0,31.0,7,213,3967,1,1.0
97,0.0,0.0,0.0,1.0,8.0,12,55.84136625812461,55.84136625812461,pobre,0,2,1000.0,716.0,1.0,58.0,13,351,3968,8,1.0
98,0.0,0.0,0.0,1.0,8.0,12,55.84136625812461,55.84136625812461,pobre,0,2,1000.0,716.0,1.0,58.0,14,351,3968,8,1.0
97,1.0,0.0,0.0,1.0,7.0,12,55.84136625812461,55.84136625812461,pobre,0,2,1000.0,716.0,1.0,58.0,12,351,3969,7,1.0
98,1.0,0.0,0.0,1.0,7.0,12,55.84136625812461,55.84136625812461,pobre,0,2,1000.0,716.0,1.0,58.0,13,351,3969,7,1.0
97,1.0,0.0,0.0,1.0,6.0,12,55.84136625812461,55.84136625812461,pobre,0,2,1000.0,716.0,1.0,58.0,11,351,3970,6,1.0
98,1.0,0.0,0.0,1.0,6.0,12,55.84136625812461,55.84136625812461,pobre,0,2,1000.0,716.0,1.0,58.0,12,351,3970,6,1.0
97,0.0,0.0,0.0,1.0,2.0,12,55.84136625812461,55.84136625812461,pobre,0,2,1000.0,716.0,1.0,58.0,8,351,3971,2,1.0
98,0.0,0.0,0.0,1.0,2.0,12,55.84136625812461,55.84136625812461,pobre,0,2,1000.0,716.0,1.0,58.0,9,351,3971,2,1.0
97,1.0,0.0,0.0,1.0,2.0,12,55.84136625812461,55.84136625812461,pobre,0,2,1000.0,716.0,1.0,58.0,8,351,3972,2,1.0
98,1.0,0.0,0.0,1.0,2.0,12,55.84136625812461,55.84136625812461,pobre,0,2,1000.0,716.0,1.0,58.0,9,351,3972,2,1.0
97,1.0,0.0,3.7360001,1.0,3.0,6,46.32192834297455,127.5251214041974,pobre,basal,0,833.33331,543.0,1.0,36.0,9,213,3973,3,1.0
98,1.0,0.0,3.7360001,1.0,4.0,6,46.32192834297455,127.5251214041974,pobre,basal,0,833.33331,543.0,1.0,36.0,10,213,3973,3,1.0
97,1.0,0.0,3.7360001,1.0,1.0,6,46.32192834297455,127.5251214041974,pobre,basal,0,833.33331,543.0,1.0,36.0,8,213,3974,1,1.0
98,1.0,0.0,3.7360001,1.0,2.0,6,46.32192834297455,127.5251214041974,pobre,basal,0,833.33331,543.0,1.0,36.0,9,213,3974,1,1.0
97,0.0,0.0,3.7360001,0.0,4.0,8,46.32192834297455,127.5251214041974,pobre,basal,0,0.0,592.0,1.0,82.0,16,213,3975,4,0.0
98,0.0,0.0,3.7360001,,,8,46.32192834297455,127.5251214041974,pobre,basal,0,0.0,592.0,1.0,82.0,17,213,3975,4,0.0
97,1.0,0.0,3.7360001,0.0,4.0,8,46.32192834297455,127.5251214041974,pobre,basal,0,0.0,592.0,1.0,82.0,14,213,3976,4,0.0
98,1.0,0.0,3.7360001,0.0,5.0,8,46.32192834297455,127.5251214041974,pobre,basal,0,0.0,592.0,1.0,82.0,15,213,3976,4,0.0
97,1.0,0.0,3.7360001,0.0,4.0,8,46.32192834297455,127.5251214041974,pobre,basal,0,0.0,592.0,1.0,82.0,12,213,3977,4,0.0
98,1.0,0.0,3.7360001,0.0,4.0,8,46.32192834297455,127.5251214041974,pobre,basal,0,0.0,592.0,1.0,82.0,13,213,3977,4,0.0
97,0.0,0.0,3.7360001,1.0,3.0,8,46.32192834297455,127.5251214041974,pobre,basal,0,0.0,592.0,1.0,82.0,10,213,3978,3,1.0
98,0.0,0.0,3.7360001,1.0,3.0,8,46.32192834297455,127.5251214041974,pobre,basal,0,0.0,592.0,1.0,82.0,11,213,3978,3,1.0
97,1.0,0.0,3.7360001,0.0,4.0,7,46.32192834297455,127.5251214041974,pobre,basal,3,0.0,690.5,1.0,54.0,16,213,3979,4,0.0
98,1.0,0.0,3.7360001,,,7,46.32192834297455,127.5251214041974,pobre,basal,3,0.0,690.5,1.0,54.0,17,213,3979,4,0.0
97,0.0,0.0,3.7360001,0.0,4.0,7,46.32192834297455,127.5251214041974,pobre,basal,3,0.0,690.5,1.0,54.0,12,213,3980,4,0.0
98,0.0,0.0,3.7360001,1.0,5.0,7,46.32192834297455,127.5251214041974,pobre,basal,3,0.0,690.5,1.0,54.0,13,213,3980,4,0.0
97,1.0,0.0,3.7360001,1.0,2.0,7,46.32192834297455,127.5251214041974,pobre,basal,3,0.0,690.5,1.0,54.0,8,213,3981,2,1.0
98,1.0,0.0,3.7360001,1.0,3.0,7,46.32192834297455,127.5251214041974,pobre,basal,3,0.0,690.5,1.0,54.0,9,213,3981,2,1.0
97,1.0,0.0,0.0,0.0,8.0,7,55.84136625812461,55.84136625812461,pobre,0,1,0.0,775.0,1.0,69.0,14,351,3982,8,0.0
98,1.0,0.0,0.0,1.0,9.0,7,55.84136625812461,55.84136625812461,pobre,0,1,0.0,775.0,1.0,69.0,15,351,3982,8,0.0
97,0.0,0.0,0.0,1.0,5.0,7,55.84136625812461,55.84136625812461,pobre,0,1,0.0,775.0,1.0,69.0,10,351,3983,5,1.0
98,0.0,0.0,0.0,1.0,6.0,7,55.84136625812461,55.84136625812461,pobre,0,1,0.0,775.0,1.0,69.0,11,351,3983,5,1.0
97,0.0,0.0,0.0,0.0,9.0,3,55.84136625812461,55.84136625812461,pobre,0,0,400.0,1161.0,1.0,62.0,15,351,3984,9,0.0
98,0.0,0.0,0.0,0.0,9.0,3,55.84136625812461,55.84136625812461,pobre,0,0,400.0,1161.0,1.0,62.0,16,351,3984,9,0.0
97,1.0,0.0,0.0,0.0,9.0,10,55.84136625812461,55.84136625812461,pobre,0,2,800.0,829.0,1.0,65.0,15,351,3985,9,0.0
98,1.0,0.0,0.0,0.0,9.0,10,55.84136625812461,55.84136625812461,pobre,0,2,800.0,829.0,1.0,65.0,16,351,3985,9,0.0
97,0.0,0.0,0.0,1.0,6.0,10,55.84136625812461,55.84136625812461,pobre,0,2,800.0,829.0,1.0,65.0,13,351,3986,6,1.0
98,0.0,0.0,0.0,1.0,7.0,10,55.84136625812461,55.84136625812461,pobre,0,2,800.0,829.0,1.0,65.0,14,351,3986,6,1.0
97,1.0,0.0,0.0,1.0,4.0,10,55.84136625812461,55.84136625812461,pobre,0,2,800.0,829.0,1.0,65.0,11,351,3987,4,1.0
98,1.0,0.0,0.0,1.0,5.0,10,55.84136625812461,55.84136625812461,pobre,0,2,800.0,829.0,1.0,65.0,12,351,3987,4,1.0
97,1.0,0.0,0.0,1.0,3.0,10,55.84136625812461,55.84136625812461,pobre,0,2,800.0,829.0,1.0,65.0,9,351,3988,3,1.0
98,1.0,0.0,0.0,1.0,4.0,10,55.84136625812461,55.84136625812461,pobre,0,2,800.0,829.0,1.0,65.0,10,351,3988,3,1.0
97,1.0,0.0,0.0,0.0,9.0,7,55.84136625812461,55.84136625812461,pobre,0,3,400.0,841.0,1.0,44.0,16,351,3989,9,0.0
98,1.0,0.0,0.0,,,7,55.84136625812461,55.84136625812461,pobre,0,3,400.0,841.0,1.0,44.0,17,351,3989,9,0.0
97,0.0,0.0,0.0,1.0,9.0,7,55.84136625812461,55.84136625812461,pobre,0,3,400.0,841.0,1.0,44.0,15,351,3990,9,1.0
98,0.0,0.0,0.0,,,7,55.84136625812461,55.84136625812461,pobre,0,3,400.0,841.0,1.0,44.0,16,351,3990,9,1.0
97,0.0,0.0,0.0,1.0,7.0,7,55.84136625812461,55.84136625812461,pobre,0,3,400.0,841.0,1.0,44.0,13,351,3991,7,1.0
98,0.0,0.0,0.0,,,7,55.84136625812461,55.84136625812461,pobre,0,3,400.0,841.0,1.0,44.0,14,351,3991,7,1.0
97,0.0,0.0,0.0,1.0,5.0,10,55.84136625812461,55.84136625812461,pobre,0,2,750.0,550.0,1.0,72.0,12,351,3992,5,1.0
98,0.0,0.0,0.0,1.0,6.0,10,55.84136625812461,55.84136625812461,pobre,0,2,750.0,550.0,1.0,72.0,13,351,3992,5,1.0
97,1.0,0.0,0.0,1.0,3.0,10,55.84136625812461,55.84136625812461,pobre,0,2,750.0,550.0,1.0,72.0,9,351,3993,3,1.0
98,1.0,0.0,0.0,1.0,4.0,10,55.84136625812461,55.84136625812461,pobre,0,2,750.0,550.0,1.0,72.0,10,351,3993,3,1.0
97,1.0,0.0,0.0,1.0,0.0,10,55.84136625812461,55.84136625812461,pobre,0,2,750.0,550.0,1.0,72.0,6,351,3994,0,1.0
98,1.0,0.0,0.0,1.0,1.0,10,55.84136625812461,55.84136625812461,pobre,0,2,750.0,550.0,1.0,72.0,7,351,3994,0,1.0
97,0.0,0.0,0.0,1.0,9.0,11,55.84136625812461,55.84136625812461,no pobre,0,0,400.0,1107.5,1.0,53.0,15,351,3995,9,1.0
98,0.0,0.0,0.0,0.0,9.0,11,55.84136625812461,55.84136625812461,no pobre,0,0,400.0,1107.5,1.0,53.0,16,351,3995,9,1.0
97,0.0,0.0,0.0,1.0,8.0,11,55.84136625812461,55.84136625812461,no pobre,0,0,400.0,1107.5,1.0,53.0,14,351,3996,8,1.0
98,0.0,0.0,0.0,0.0,8.0,11,55.84136625812461,55.84136625812461,no pobre,0,0,400.0,1107.5,1.0,53.0,15,351,3996,8,1.0
97,0.0,0.0,0.0,1.0,7.0,11,55.84136625812461,55.84136625812461,no pobre,0,0,400.0,1107.5,1.0,53.0,12,351,3997,7,1.0
98,0.0,0.0,0.0,0.0,7.0,11,55.84136625812461,55.84136625812461,no pobre,0,0,400.0,1107.5,1.0,53.0,13,351,3997,7,1.0
97,0.0,0.0,0.0,1.0,1.0,11,55.84136625812461,55.84136625812461,no pobre,0,0,400.0,1107.5,1.0,53.0,7,351,3998,1,1.0
98,0.0,0.0,0.0,1.0,2.0,11,55.84136625812461,55.84136625812461,no pobre,0,0,400.0,1107.5,1.0,53.0,8,351,3998,1,1.0
97,0.0,0.0,0.0,1.0,7.0,11,55.84136625812461,55.84136625812461,no pobre,0,0,400.0,1107.5,1.0,53.0,12,351,3999,7,1.0
98,0.0,0.0,0.0,1.0,7.0,11,55.84136625812461,55.84136625812461,no pobre,0,0,400.0,1107.5,1.0,53.0,13,351,3999,7,1.0
97,0.0,0.0,0.0,1.0,6.0,11,55.84136625812461,55.84136625812461,no pobre,0,0,400.0,1107.5,1.0,53.0,11,351,4000,6,1.0
98,0.0,0.0,0.0,1.0,6.0,11,55.84136625812461,55.84136625812461,no pobre,0,0,400.0,1107.5,1.0,53.0,12,351,4000,6,1.0
97,0.0,0.0,0.0,1.0,4.0,11,55.84136625812461,55.84136625812461,no pobre,0,0,400.0,1107.5,1.0,53.0,9,351,4001,4,1.0
98,0.0,0.0,0.0,1.0,4.0,11,55.84136625812461,55.84136625812461,no pobre,0,0,400.0,1107.5,1.0,53.0,10,351,4001,4,1.0
97,1.0,0.0,0.0,1.0,8.0,5,55.84136625812461,55.84136625812461,pobre,0,0,1972.0,810.948,1.0,47.0,15,351,4002,8,1.0
98,1.0,0.0,0.0,0.0,6.0,5,55.84136625812461,55.84136625812461,pobre,0,0,1972.0,810.948,1.0,47.0,16,351,4002,8,1.0
97,1.0,0.0,0.0,1.0,5.0,5,55.84136625812461,55.84136625812461,pobre,0,0,1972.0,810.948,1.0,47.0,13,351,4003,5,1.0
98,1.0,0.0,0.0,1.0,6.0,5,55.84136625812461,55.84136625812461,pobre,0,0,1972.0,810.948,1.0,47.0,14,351,4003,5,1.0
97,0.0,0.0,0.0,,0.0,5,55.84136625812461,55.84136625812461,pobre,0,0,1972.0,810.948,1.0,47.0,11,351,4004,0,
98,0.0,0.0,0.0,1.0,4.0,5,55.84136625812461,55.84136625812461,pobre,0,0,1972.0,810.948,1.0,47.0,12,351,4004,0,
97,0.0,0.0,1.0190001,1.0,8.0,7,36.25746247148969,36.25746247148969,pobre,0,2,1000.0,818.0,1.0,78.0,14,352,4005,8,1.0
98,0.0,0.0,1.0190001,1.0,8.0,7,36.25746247148969,36.25746247148969,pobre,0,2,1000.0,818.0,1.0,78.0,15,352,4005,8,1.0
97,1.0,0.0,1.0190001,1.0,3.0,9,36.25746247148969,36.25746247148969,pobre,0,6,1400.0,536.0,1.0,36.0,8,352,4006,3,1.0
98,1.0,0.0,1.0190001,1.0,3.0,9,36.25746247148969,36.25746247148969,pobre,0,6,1400.0,536.0,1.0,36.0,9,352,4006,3,1.0
97,0.0,0.0,1.0190001,1.0,2.0,9,36.25746247148969,36.25746247148969,pobre,0,6,1400.0,536.0,1.0,36.0,7,352,4007,2,1.0
98,0.0,0.0,1.0190001,1.0,1.0,9,36.25746247148969,36.25746247148969,pobre,0,6,1400.0,536.0,1.0,36.0,8,352,4007,2,1.0
97,1.0,0.0,1.0190001,1.0,2.0,9,36.25746247148969,36.25746247148969,pobre,0,6,1400.0,536.0,1.0,36.0,6,352,4008,2,1.0
98,1.0,0.0,1.0190001,1.0,0.0,9,36.25746247148969,36.25746247148969,pobre,0,6,1400.0,536.0,1.0,36.0,7,352,4008,2,1.0
97,0.0,0.0,1.0190001,,0.0,10,36.25746247148969,36.25746247148969,pobre,0,2,1000.0,682.0,1.0,59.0,6,352,4009,0,
98,0.0,0.0,1.0190001,1.0,0.0,10,36.25746247148969,36.25746247148969,pobre,0,2,1000.0,682.0,1.0,59.0,7,352,4009,0,
97,1.0,0.0,1.0190001,0.0,3.0,8,36.25746247148969,36.25746247148969,pobre,0,0,500.0,560.0,1.0,48.0,13,352,4010,3,0.0
98,1.0,0.0,1.0190001,0.0,3.0,8,36.25746247148969,36.25746247148969,pobre,0,0,500.0,560.0,1.0,48.0,14,352,4010,3,0.0
97,1.0,0.0,1.0190001,0.0,1.0,8,36.25746247148969,36.25746247148969,pobre,0,0,500.0,560.0,1.0,48.0,10,352,4011,1,0.0
98,1.0,0.0,1.0190001,0.0,1.0,8,36.25746247148969,36.25746247148969,pobre,0,0,500.0,560.0,1.0,48.0,11,352,4011,1,0.0
97,1.0,0.0,1.0190001,0.0,1.0,8,36.25746247148969,36.25746247148969,pobre,0,0,500.0,560.0,1.0,48.0,9,352,4012,1,0.0
98,1.0,0.0,1.0190001,0.0,1.0,8,36.25746247148969,36.25746247148969,pobre,0,0,500.0,560.0,1.0,48.0,10,352,4012,1,0.0
97,1.0,0.0,1.0190001,1.0,2.0,5,36.25746247148969,36.25746247148969,pobre,0,4,1000.0,735.0,1.0,46.0,9,352,4013,2,1.0
98,1.0,0.0,1.0190001,1.0,3.0,5,36.25746247148969,36.25746247148969,pobre,0,4,1000.0,735.0,1.0,46.0,10,352,4013,2,1.0
97,0.0,0.0,1.0190001,0.0,5.0,9,36.25746247148969,36.25746247148969,pobre,0,2,166.66667,971.59998,1.0,60.0,16,352,4014,5,0.0
98,0.0,0.0,1.0190001,,,9,36.25746247148969,36.25746247148969,pobre,0,2,166.66667,971.59998,1.0,60.0,17,352,4014,5,0.0
97,0.0,0.0,1.0190001,1.0,5.0,9,36.25746247148969,36.25746247148969,pobre,0,2,166.66667,971.59998,1.0,60.0,14,352,4015,5,1.0
98,0.0,0.0,1.0190001,0.0,6.0,9,36.25746247148969,36.25746247148969,pobre,0,2,166.66667,971.59998,1.0,60.0,15,352,4015,5,1.0
97,1.0,0.0,1.0190001,1.0,5.0,9,36.25746247148969,36.25746247148969,pobre,0,2,166.66667,971.59998,1.0,60.0,12,352,4016,5,1.0
98,1.0,0.0,1.0190001,1.0,6.0,9,36.25746247148969,36.25746247148969,pobre,0,2,166.66667,971.59998,1.0,60.0,13,352,4016,5,1.0
97,1.0,0.0,1.0190001,1.0,0.0,7,36.25746247148969,36.25746247148969,pobre,0,3,1200.0,609.0,1.0,30.0,9,352,4017,0,1.0
98,1.0,0.0,1.0190001,1.0,1.0,7,36.25746247148969,36.25746247148969,pobre,0,3,1200.0,609.0,1.0,30.0,10,352,4017,0,1.0
97,0.0,0.0,1.0190001,1.0,0.0,7,36.25746247148969,36.25746247148969,pobre,0,3,1200.0,609.0,1.0,30.0,7,352,4018,0,1.0
98,0.0,0.0,1.0190001,1.0,1.0,7,36.25746247148969,36.25746247148969,pobre,0,3,1200.0,609.0,1.0,30.0,8,352,4018,0,1.0
97,0.0,0.0,1.0190001,1.0,4.0,13,36.25746247148969,36.25746247148969,pobre,0,3,1000.0,708.0,1.0,43.0,14,352,4019,4,1.0
98,0.0,0.0,1.0190001,0.0,3.0,13,36.25746247148969,36.25746247148969,pobre,0,3,1000.0,708.0,1.0,43.0,15,352,4019,4,1.0
97,0.0,0.0,1.0190001,1.0,2.0,13,36.25746247148969,36.25746247148969,pobre,0,3,1000.0,708.0,1.0,43.0,12,352,4020,2,1.0
98,0.0,0.0,1.0190001,1.0,3.0,13,36.25746247148969,36.25746247148969,pobre,0,3,1000.0,708.0,1.0,43.0,13,352,4020,2,1.0
97,0.0,0.0,1.0190001,1.0,2.0,13,36.25746247148969,36.25746247148969,pobre,0,3,1000.0,708.0,1.0,43.0,10,352,4021,2,1.0
98,0.0,0.0,1.0190001,1.0,3.0,13,36.25746247148969,36.25746247148969,pobre,0,3,1000.0,708.0,1.0,43.0,11,352,4021,2,1.0
97,0.0,0.0,1.0190001,1.0,1.0,13,36.25746247148969,36.25746247148969,pobre,0,3,1000.0,708.0,1.0,43.0,9,352,4022,1,1.0
98,0.0,0.0,1.0190001,1.0,1.0,13,36.25746247148969,36.25746247148969,pobre,0,3,1000.0,708.0,1.0,43.0,10,352,4022,1,1.0
97,0.0,0.0,1.0190001,1.0,1.0,13,36.25746247148969,36.25746247148969,pobre,0,3,1000.0,708.0,1.0,43.0,8,352,4023,1,1.0
98,0.0,0.0,1.0190001,1.0,2.0,13,36.25746247148969,36.25746247148969,pobre,0,3,1000.0,708.0,1.0,43.0,9,352,4023,1,1.0
97,1.0,0.0,1.0190001,1.0,0.0,13,36.25746247148969,36.25746247148969,pobre,0,3,1000.0,708.0,1.0,43.0,7,352,4024,0,1.0
98,1.0,0.0,1.0190001,1.0,1.0,13,36.25746247148969,36.25746247148969,pobre,0,3,1000.0,708.0,1.0,43.0,8,352,4024,0,1.0
97,1.0,0.0,1.0190001,1.0,0.0,13,36.25746247148969,36.25746247148969,pobre,0,3,1000.0,708.0,1.0,43.0,6,352,4025,0,1.0
98,1.0,0.0,1.0190001,1.0,1.0,13,36.25746247148969,36.25746247148969,pobre,0,3,1000.0,708.0,1.0,43.0,7,352,4025,0,1.0
97,0.0,0.0,1.0190001,1.0,4.0,9,36.25746247148969,36.25746247148969,no pobre,0,3,800.0,797.0,1.0,55.0,12,352,4026,4,1.0
98,0.0,0.0,1.0190001,1.0,5.0,9,36.25746247148969,36.25746247148969,no pobre,0,3,800.0,797.0,1.0,55.0,13,352,4026,4,1.0
97,0.0,0.0,1.0190001,1.0,4.0,9,36.25746247148969,36.25746247148969,no pobre,0,3,800.0,797.0,1.0,55.0,11,352,4027,4,1.0
98,0.0,0.0,1.0190001,1.0,5.0,9,36.25746247148969,36.25746247148969,no pobre,0,3,800.0,797.0,1.0,55.0,12,352,4027,4,1.0
97,0.0,0.0,1.0190001,1.0,2.0,9,36.25746247148969,36.25746247148969,no pobre,0,3,800.0,797.0,1.0,55.0,9,352,4028,2,1.0
98,0.0,0.0,1.0190001,1.0,3.0,9,36.25746247148969,36.25746247148969,no pobre,0,3,800.0,797.0,1.0,55.0,10,352,4028,2,1.0
97,1.0,0.0,1.0190001,1.0,0.0,9,36.25746247148969,36.25746247148969,no pobre,0,3,800.0,797.0,1.0,55.0,6,352,4029,0,1.0
98,1.0,0.0,1.0190001,1.0,0.0,9,36.25746247148969,36.25746247148969,no pobre,0,3,800.0,797.0,1.0,55.0,7,352,4029,0,1.0
97,0.0,0.0,1.0190001,1.0,5.0,8,36.25746247148969,36.25746247148969,pobre,0,3,625.0,590.0,1.0,38.0,14,352,4030,5,1.0
98,0.0,0.0,1.0190001,1.0,6.0,8,36.25746247148969,36.25746247148969,pobre,0,3,625.0,590.0,1.0,38.0,15,352,4030,5,1.0
97,0.0,0.0,1.0190001,1.0,4.0,8,36.25746247148969,36.25746247148969,pobre,0,3,625.0,590.0,1.0,38.0,11,352,4031,4,1.0
98,0.0,0.0,1.0190001,1.0,5.0,8,36.25746247148969,36.25746247148969,pobre,0,3,625.0,590.0,1.0,38.0,12,352,4031,4,1.0
97,0.0,0.0,1.0190001,1.0,3.0,8,36.25746247148969,36.25746247148969,pobre,0,3,625.0,590.0,1.0,38.0,8,352,4032,3,1.0
98,0.0,0.0,1.0190001,1.0,4.0,8,36.25746247148969,36.25746247148969,pobre,0,3,625.0,590.0,1.0,38.0,9,352,4032,3,1.0
97,1.0,0.0,1.0190001,1.0,1.0,8,36.25746247148969,36.25746247148969,pobre,0,3,625.0,590.0,1.0,38.0,8,352,4033,1,1.0
98,1.0,0.0,1.0190001,1.0,2.0,8,36.25746247148969,36.25746247148969,pobre,0,3,625.0,590.0,1.0,38.0,9,352,4033,1,1.0
97,0.0,0.0,1.0190001,1.0,7.0,11,36.25746247148969,36.25746247148969,pobre,0,0,400.0,732.25,1.0,58.0,13,352,4034,7,1.0
98,0.0,0.0,1.0190001,1.0,7.0,11,36.25746247148969,36.25746247148969,pobre,0,0,400.0,732.25,1.0,58.0,14,352,4034,7,1.0
97,1.0,0.0,1.0190001,1.0,4.0,11,36.25746247148969,36.25746247148969,pobre,0,0,400.0,732.25,1.0,58.0,11,352,4035,4,1.0
98,1.0,0.0,1.0190001,1.0,5.0,11,36.25746247148969,36.25746247148969,pobre,0,0,400.0,732.25,1.0,58.0,12,352,4035,4,1.0
97,1.0,0.0,1.0190001,1.0,2.0,11,36.25746247148969,36.25746247148969,pobre,0,0,400.0,732.25,1.0,58.0,10,352,4036,2,1.0
98,1.0,0.0,1.0190001,1.0,2.0,11,36.25746247148969,36.25746247148969,pobre,0,0,400.0,732.25,1.0,58.0,11,352,4036,2,1.0
97,0.0,0.0,1.0190001,1.0,1.0,11,36.25746247148969,36.25746247148969,pobre,0,0,400.0,732.25,1.0,58.0,6,352,4037,1,1.0
98,0.0,0.0,1.0190001,1.0,1.0,11,36.25746247148969,36.25746247148969,pobre,0,0,400.0,732.25,1.0,58.0,7,352,4037,1,1.0
97,1.0,0.0,1.0190001,1.0,2.0,4,36.25746247148969,36.25746247148969,pobre,0,6,750.0,781.0,0.0,38.0,10,352,4038,2,1.0
98,1.0,0.0,1.0190001,1.0,3.0,4,36.25746247148969,36.25746247148969,pobre,0,6,750.0,781.0,0.0,38.0,11,352,4038,2,1.0
97,1.0,0.0,1.0190001,1.0,3.0,6,36.25746247148969,36.25746247148969,no pobre,0,5,1200.0,761.0,1.0,30.0,9,352,4039,3,1.0
98,1.0,0.0,1.0190001,1.0,4.0,6,36.25746247148969,36.25746247148969,no pobre,0,5,1200.0,761.0,1.0,30.0,10,352,4039,3,1.0
97,0.0,0.0,1.0190001,1.0,2.0,6,36.25746247148969,36.25746247148969,no pobre,0,5,1200.0,761.0,1.0,30.0,7,352,4040,2,1.0
98,0.0,0.0,1.0190001,1.0,3.0,6,36.25746247148969,36.25746247148969,no pobre,0,5,1200.0,761.0,1.0,30.0,8,352,4040,2,1.0
97,1.0,0.0,1.0190001,1.0,3.0,7,36.25746247148969,36.25746247148969,pobre,0,3,750.0,627.0,1.0,30.0,9,352,4041,3,1.0
98,1.0,0.0,1.0190001,1.0,4.0,7,36.25746247148969,36.25746247148969,pobre,0,3,750.0,627.0,1.0,30.0,10,352,4041,3,1.0
97,0.0,0.0,1.0190001,1.0,2.0,7,36.25746247148969,36.25746247148969,pobre,0,3,750.0,627.0,1.0,30.0,7,352,4042,2,1.0
98,0.0,0.0,1.0190001,1.0,3.0,7,36.25746247148969,36.25746247148969,pobre,0,3,750.0,627.0,1.0,30.0,8,352,4042,2,1.0
97,0.0,0.0,3.7360001,0.0,6.0,10,46.32192834297455,127.5251214041974,pobre,basal,0,500.0,550.0,1.0,45.0,14,213,4043,6,0.0
98,0.0,0.0,3.7360001,1.0,7.0,10,46.32192834297455,127.5251214041974,pobre,basal,0,500.0,550.0,1.0,45.0,15,213,4043,6,0.0
97,1.0,0.0,3.7360001,1.0,5.0,10,46.32192834297455,127.5251214041974,pobre,basal,0,500.0,550.0,1.0,45.0,12,213,4044,5,1.0
98,1.0,0.0,3.7360001,1.0,6.0,10,46.32192834297455,127.5251214041974,pobre,basal,0,500.0,550.0,1.0,45.0,13,213,4044,5,1.0
97,0.0,0.0,3.7360001,1.0,3.0,10,46.32192834297455,127.5251214041974,pobre,basal,0,500.0,550.0,1.0,45.0,10,213,4045,3,1.0
98,0.0,0.0,3.7360001,1.0,4.0,10,46.32192834297455,127.5251214041974,pobre,basal,0,500.0,550.0,1.0,45.0,11,213,4045,3,1.0
97,1.0,0.0,3.7360001,1.0,1.0,10,46.32192834297455,127.5251214041974,pobre,basal,0,500.0,550.0,1.0,45.0,7,213,4046,1,1.0
98,1.0,0.0,3.7360001,1.0,2.0,10,46.32192834297455,127.5251214041974,pobre,basal,0,500.0,550.0,1.0,45.0,8,213,4046,1,1.0
97,0.0,0.0,3.7360001,0.0,6.0,7,46.32192834297455,127.5251214041974,pobre,basal,5,0.0,639.5,0.0,47.0,16,213,4047,6,0.0
98,0.0,0.0,3.7360001,,,7,46.32192834297455,127.5251214041974,pobre,basal,5,0.0,639.5,0.0,47.0,17,213,4047,6,0.0
97,1.0,0.0,3.7360001,0.0,6.0,7,46.32192834297455,127.5251214041974,pobre,basal,5,0.0,639.5,0.0,47.0,14,213,4048,6,0.0
98,1.0,0.0,3.7360001,,,7,46.32192834297455,127.5251214041974,pobre,basal,5,0.0,639.5,0.0,47.0,15,213,4048,6,0.0
97,0.0,0.0,3.7360001,0.0,4.0,7,46.32192834297455,127.5251214041974,pobre,basal,5,0.0,639.5,0.0,47.0,11,213,4049,4,0.0
98,0.0,0.0,3.7360001,,,7,46.32192834297455,127.5251214041974,pobre,basal,5,0.0,639.5,0.0,47.0,12,213,4049,4,0.0
97,0.0,0.0,0.0,1.0,5.0,4,31.97494499927432,31.97494499927432,no pobre,0,2,46.666668,1133.0,1.0,59.0,11,381,4050,5,1.0
98,0.0,0.0,0.0,1.0,6.0,4,31.97494499927432,31.97494499927432,no pobre,0,2,46.666668,1133.0,1.0,59.0,12,381,4050,5,1.0
97,1.0,0.0,0.0,1.0,8.0,5,31.97494499927432,31.97494499927432,no pobre,0,3,3000.0,1076.5,1.0,54.0,16,381,4051,8,1.0
98,1.0,0.0,0.0,,,5,31.97494499927432,31.97494499927432,no pobre,0,3,3000.0,1076.5,1.0,54.0,17,381,4051,8,1.0
97,1.0,0.0,0.0,1.0,4.0,5,31.97494499927432,31.97494499927432,no pobre,0,3,3000.0,1076.5,1.0,54.0,10,381,4052,4,1.0
98,1.0,0.0,0.0,1.0,5.0,5,31.97494499927432,31.97494499927432,no pobre,0,3,3000.0,1076.5,1.0,54.0,11,381,4052,4,1.0
97,1.0,0.0,0.0,0.0,8.0,6,31.97494499927432,31.97494499927432,no pobre,0,2,1000.0,1029.0,1.0,42.0,15,381,4053,8,0.0
98,1.0,0.0,0.0,0.0,9.0,6,31.97494499927432,31.97494499927432,no pobre,0,2,1000.0,1029.0,1.0,42.0,16,381,4053,8,0.0
97,0.0,0.0,0.0,1.0,2.0,5,31.97494499927432,31.97494499927432,pobre,0,3,1200.0,737.0,1.0,35.0,9,381,4054,2,1.0
98,0.0,0.0,0.0,1.0,3.0,5,31.97494499927432,31.97494499927432,pobre,0,3,1200.0,737.0,1.0,35.0,10,381,4054,2,1.0
97,1.0,0.0,0.0,1.0,0.0,5,31.97494499927432,31.97494499927432,pobre,0,3,1200.0,737.0,1.0,35.0,6,381,4055,0,1.0
98,1.0,0.0,0.0,1.0,1.0,5,31.97494499927432,31.97494499927432,pobre,0,3,1200.0,737.0,1.0,35.0,7,381,4055,0,1.0
97,0.0,0.0,0.0,1.0,8.0,7,31.97494499927432,31.97494499927432,no pobre,0,2,500.0,1246.0,1.0,42.0,14,381,4056,8,1.0
98,0.0,0.0,0.0,0.0,9.0,7,31.97494499927432,31.97494499927432,no pobre,0,2,500.0,1246.0,1.0,42.0,15,381,4056,8,1.0
97,0.0,0.0,0.0,1.0,5.0,7,31.97494499927432,31.97494499927432,no pobre,0,2,500.0,1246.0,1.0,42.0,12,381,4057,5,1.0
98,0.0,0.0,0.0,1.0,6.0,7,31.97494499927432,31.97494499927432,no pobre,0,2,500.0,1246.0,1.0,42.0,13,381,4057,5,1.0
97,1.0,0.0,0.0,1.0,3.0,7,31.97494499927432,31.97494499927432,no pobre,0,2,500.0,1246.0,1.0,42.0,9,381,4058,3,1.0
98,1.0,0.0,0.0,1.0,4.0,7,31.97494499927432,31.97494499927432,no pobre,0,2,500.0,1246.0,1.0,42.0,10,381,4058,3,1.0
97,1.0,0.0,2.2179999,1.0,4.0,8,48.03898506470498,128.2391329711927,pobre,basal,3,750.0,805.0,1.0,49.0,13,212,4059,4,1.0
98,1.0,0.0,2.2179999,1.0,4.0,8,48.03898506470498,128.2391329711927,pobre,basal,3,750.0,805.0,1.0,49.0,14,212,4059,4,1.0
97,1.0,0.0,2.2179999,1.0,2.0,8,48.03898506470498,128.2391329711927,pobre,basal,3,750.0,805.0,1.0,49.0,11,212,4060,2,1.0
98,1.0,0.0,2.2179999,1.0,3.0,8,48.03898506470498,128.2391329711927,pobre,basal,3,750.0,805.0,1.0,49.0,12,212,4060,2,1.0
97,1.0,0.0,2.2179999,0.0,6.0,5,48.03898506470498,128.2391329711927,pobre,basal,4,1000.0,693.0,1.0,50.0,15,212,4061,6,0.0
98,1.0,0.0,2.2179999,0.0,6.0,5,48.03898506470498,128.2391329711927,pobre,basal,4,1000.0,693.0,1.0,50.0,16,212,4061,6,0.0
97,0.0,0.0,2.2179999,0.0,2.0,5,48.03898506470498,128.2391329711927,pobre,basal,4,1000.0,693.0,1.0,50.0,14,212,4062,2,0.0
98,0.0,0.0,2.2179999,0.0,2.0,5,48.03898506470498,128.2391329711927,pobre,basal,4,1000.0,693.0,1.0,50.0,15,212,4062,2,0.0
97,1.0,0.0,2.2179999,1.0,1.0,5,48.03898506470498,128.2391329711927,pobre,basal,4,1000.0,693.0,1.0,50.0,6,212,4063,1,1.0
98,1.0,0.0,2.2179999,1.0,1.0,5,48.03898506470498,128.2391329711927,pobre,basal,4,1000.0,693.0,1.0,50.0,7,212,4063,1,1.0
97,0.0,0.0,2.2179999,1.0,1.0,9,48.03898506470498,128.2391329711927,pobre,basal,0,750.0,762.0,1.0,77.0,6,212,4064,1,1.0
98,0.0,0.0,2.2179999,1.0,1.0,9,48.03898506470498,128.2391329711927,pobre,basal,0,750.0,762.0,1.0,77.0,7,212,4064,1,1.0
97,0.0,0.0,2.2179999,0.0,6.0,9,48.03898506470498,128.2391329711927,no pobre,basal,6,500.0,929.0,1.0,57.0,15,212,4065,6,0.0
98,0.0,0.0,2.2179999,1.0,6.0,9,48.03898506470498,128.2391329711927,no pobre,basal,6,500.0,929.0,1.0,57.0,16,212,4065,6,0.0
97,0.0,0.0,2.2179999,0.0,6.0,8,48.03898506470498,128.2391329711927,pobre,basal,3,0.0,765.0,1.0,40.0,14,212,4066,6,0.0
98,0.0,0.0,2.2179999,1.0,6.0,8,48.03898506470498,128.2391329711927,pobre,basal,3,0.0,765.0,1.0,40.0,15,212,4066,6,0.0
97,0.0,0.0,2.2179999,0.0,5.0,8,48.03898506470498,128.2391329711927,pobre,basal,3,0.0,765.0,1.0,40.0,11,212,4067,5,0.0
98,0.0,0.0,2.2179999,1.0,6.0,8,48.03898506470498,128.2391329711927,pobre,basal,3,0.0,765.0,1.0,40.0,12,212,4067,5,0.0
97,0.0,0.0,2.2179999,1.0,1.0,8,48.03898506470498,128.2391329711927,pobre,basal,3,0.0,765.0,1.0,40.0,9,212,4068,1,1.0
98,0.0,0.0,2.2179999,1.0,2.0,8,48.03898506470498,128.2391329711927,pobre,basal,3,0.0,765.0,1.0,40.0,10,212,4068,1,1.0
97,1.0,0.0,2.2179999,1.0,1.0,8,48.03898506470498,128.2391329711927,pobre,basal,3,0.0,765.0,1.0,40.0,7,212,4069,1,1.0
98,1.0,0.0,2.2179999,1.0,2.0,8,48.03898506470498,128.2391329711927,pobre,basal,3,0.0,765.0,1.0,40.0,8,212,4069,1,1.0
97,0.0,0.0,2.2179999,0.0,1.0,7,48.03898506470498,128.2391329711927,pobre,basal,1,500.0,611.0,1.0,36.0,13,212,4070,1,0.0
98,0.0,0.0,2.2179999,0.0,2.0,7,48.03898506470498,128.2391329711927,pobre,basal,1,500.0,611.0,1.0,36.0,14,212,4070,1,0.0
97,0.0,0.0,2.2179999,1.0,1.0,7,48.03898506470498,128.2391329711927,pobre,basal,1,500.0,611.0,1.0,36.0,12,212,4071,1,1.0
98,0.0,0.0,2.2179999,0.0,1.0,7,48.03898506470498,128.2391329711927,pobre,basal,1,500.0,611.0,1.0,36.0,13,212,4071,1,1.0
97,0.0,0.0,2.2179999,1.0,1.0,7,48.03898506470498,128.2391329711927,pobre,basal,1,500.0,611.0,1.0,36.0,9,212,4072,1,1.0
98,0.0,0.0,2.2179999,0.0,1.0,7,48.03898506470498,128.2391329711927,pobre,basal,1,500.0,611.0,1.0,36.0,10,212,4072,1,1.0
97,1.0,0.0,2.2179999,1.0,1.0,7,48.03898506470498,128.2391329711927,pobre,basal,1,500.0,611.0,1.0,36.0,6,212,4073,1,1.0
98,1.0,0.0,2.2179999,1.0,0.0,7,48.03898506470498,128.2391329711927,pobre,basal,1,500.0,611.0,1.0,36.0,7,212,4073,1,1.0
97,1.0,0.0,2.2179999,0.0,3.0,9,48.03898506470498,128.2391329711927,pobre,basal,3,1080.0,773.5,1.0,45.0,14,212,4074,3,0.0
98,1.0,0.0,2.2179999,0.0,3.0,9,48.03898506470498,128.2391329711927,pobre,basal,3,1080.0,773.5,1.0,45.0,15,212,4074,3,0.0
97,0.0,0.0,2.2179999,1.0,6.0,9,48.03898506470498,128.2391329711927,pobre,basal,3,1080.0,773.5,1.0,45.0,12,212,4075,6,1.0
98,0.0,0.0,2.2179999,0.0,6.0,9,48.03898506470498,128.2391329711927,pobre,basal,3,1080.0,773.5,1.0,45.0,13,212,4075,6,1.0
97,0.0,0.0,2.2179999,1.0,4.0,9,48.03898506470498,128.2391329711927,pobre,basal,3,1080.0,773.5,1.0,45.0,9,212,4076,4,1.0
98,0.0,0.0,2.2179999,1.0,4.0,9,48.03898506470498,128.2391329711927,pobre,basal,3,1080.0,773.5,1.0,45.0,10,212,4076,4,1.0
97,1.0,0.0,2.2179999,1.0,2.0,9,48.03898506470498,128.2391329711927,pobre,basal,3,1080.0,773.5,1.0,45.0,7,212,4077,2,1.0
98,1.0,0.0,2.2179999,1.0,2.0,9,48.03898506470498,128.2391329711927,pobre,basal,3,1080.0,773.5,1.0,45.0,8,212,4077,2,1.0
97,1.0,0.0,0.0,1.0,5.0,8,31.97494499927432,31.97494499927432,no pobre,0,6,1440.0,937.0,1.0,33.0,10,381,4078,5,1.0
98,1.0,0.0,0.0,1.0,6.0,8,31.97494499927432,31.97494499927432,no pobre,0,6,1440.0,937.0,1.0,33.0,11,381,4078,5,1.0
97,0.0,0.0,0.0,1.0,3.0,8,31.97494499927432,31.97494499927432,no pobre,0,6,1440.0,937.0,1.0,33.0,9,381,4079,3,1.0
98,0.0,0.0,0.0,1.0,4.0,8,31.97494499927432,31.97494499927432,no pobre,0,6,1440.0,937.0,1.0,33.0,10,381,4079,3,1.0
97,0.0,0.0,0.0,1.0,2.0,8,31.97494499927432,31.97494499927432,no pobre,0,6,1440.0,937.0,1.0,33.0,8,381,4080,2,1.0
98,0.0,0.0,0.0,1.0,3.0,8,31.97494499927432,31.97494499927432,no pobre,0,6,1440.0,937.0,1.0,33.0,9,381,4080,2,1.0
97,0.0,0.0,0.0,1.0,0.0,8,31.97494499927432,31.97494499927432,no pobre,0,6,1440.0,937.0,1.0,33.0,6,381,4081,0,1.0
98,0.0,0.0,0.0,1.0,1.0,8,31.97494499927432,31.97494499927432,no pobre,0,6,1440.0,937.0,1.0,33.0,7,381,4081,0,1.0
97,0.0,0.0,2.2179999,1.0,10.0,3,48.03898506470498,128.2391329711927,pobre,basal,4,375.0,745.0,0.0,41.0,16,212,4082,10,1.0
98,0.0,0.0,2.2179999,,,3,48.03898506470498,128.2391329711927,pobre,basal,4,375.0,745.0,0.0,41.0,17,212,4082,10,1.0
97,1.0,0.0,2.2179999,1.0,1.0,5,48.03898506470498,128.2391329711927,pobre,basal,2,500.0,568.0,1.0,45.0,8,212,4083,1,1.0
98,1.0,0.0,2.2179999,1.0,1.0,5,48.03898506470498,128.2391329711927,pobre,basal,2,500.0,568.0,1.0,45.0,9,212,4083,1,1.0
97,0.0,0.0,2.2179999,0.0,1.0,6,48.03898506470498,128.2391329711927,pobre,basal,2,500.0,659.0,1.0,41.0,14,212,4084,1,0.0
98,0.0,0.0,2.2179999,0.0,2.0,6,48.03898506470498,128.2391329711927,pobre,basal,2,500.0,659.0,1.0,41.0,15,212,4084,1,0.0
97,0.0,0.0,2.2179999,1.0,2.0,6,48.03898506470498,128.2391329711927,pobre,basal,2,500.0,659.0,1.0,41.0,10,212,4085,2,1.0
98,0.0,0.0,2.2179999,1.0,2.0,6,48.03898506470498,128.2391329711927,pobre,basal,2,500.0,659.0,1.0,41.0,11,212,4085,2,1.0
97,1.0,0.0,2.2179999,1.0,2.0,6,48.03898506470498,128.2391329711927,pobre,basal,2,500.0,659.0,1.0,41.0,9,212,4086,2,1.0
98,1.0,0.0,2.2179999,1.0,3.0,6,48.03898506470498,128.2391329711927,pobre,basal,2,500.0,659.0,1.0,41.0,10,212,4086,2,1.0
97,0.0,0.0,2.2179999,0.0,6.0,8,48.03898506470498,128.2391329711927,pobre,basal,6,500.0,792.0,1.0,45.0,14,212,4087,6,0.0
98,0.0,0.0,2.2179999,0.0,6.0,8,48.03898506470498,128.2391329711927,pobre,basal,6,500.0,792.0,1.0,45.0,15,212,4087,6,0.0
97,0.0,0.0,2.2179999,1.0,5.0,8,48.03898506470498,128.2391329711927,pobre,basal,6,500.0,792.0,1.0,45.0,11,212,4088,5,1.0
98,0.0,0.0,2.2179999,1.0,6.0,8,48.03898506470498,128.2391329711927,pobre,basal,6,500.0,792.0,1.0,45.0,12,212,4088,5,1.0
97,1.0,0.0,2.2179999,1.0,0.0,8,48.03898506470498,128.2391329711927,pobre,basal,6,500.0,792.0,1.0,45.0,6,212,4089,0,1.0
98,1.0,0.0,2.2179999,1.0,0.0,8,48.03898506470498,128.2391329711927,pobre,basal,6,500.0,792.0,1.0,45.0,7,212,4089,0,1.0
97,1.0,0.0,2.2179999,0.0,6.0,6,48.03898506470498,128.2391329711927,pobre,basal,3,500.0,719.0,1.0,47.0,15,212,4090,6,0.0
98,1.0,0.0,2.2179999,,,6,48.03898506470498,128.2391329711927,pobre,basal,3,500.0,719.0,1.0,47.0,16,212,4090,6,0.0
97,0.0,0.0,2.2179999,1.0,7.0,6,48.03898506470498,128.2391329711927,pobre,basal,3,500.0,719.0,1.0,47.0,13,212,4091,7,1.0
98,0.0,0.0,2.2179999,1.0,8.0,6,48.03898506470498,128.2391329711927,pobre,basal,3,500.0,719.0,1.0,47.0,14,212,4091,7,1.0
97,0.0,0.0,2.2179999,1.0,3.0,3,48.03898506470498,128.2391329711927,no pobre,basal,2,500.0,796.0,1.0,61.0,11,212,4092,3,1.0
98,0.0,0.0,2.2179999,1.0,4.0,3,48.03898506470498,128.2391329711927,no pobre,basal,2,500.0,796.0,1.0,61.0,12,212,4092,3,1.0
97,1.0,0.0,2.2179999,1.0,7.0,3,48.03898506470498,128.2391329711927,no pobre,basal,2,500.0,796.0,1.0,61.0,13,212,4093,7,1.0
98,1.0,0.0,2.2179999,1.0,8.0,3,48.03898506470498,128.2391329711927,no pobre,basal,2,500.0,796.0,1.0,61.0,14,212,4093,7,1.0
97,1.0,0.0,2.2179999,1.0,2.0,5,48.03898506470498,128.2391329711927,pobre,basal,1,500.0,645.0,1.0,30.0,9,212,4094,2,1.0
98,1.0,0.0,2.2179999,1.0,3.0,5,48.03898506470498,128.2391329711927,pobre,basal,1,500.0,645.0,1.0,30.0,10,212,4094,2,1.0
97,0.0,0.0,2.2179999,0.0,5.0,8,48.03898506470498,128.2391329711927,pobre,basal,1,1440.0,723.0,1.0,40.0,14,212,4095,5,0.0
98,0.0,0.0,2.2179999,0.0,5.0,8,48.03898506470498,128.2391329711927,pobre,basal,1,1440.0,723.0,1.0,40.0,15,212,4095,5,0.0
97,0.0,0.0,2.2179999,0.0,1.0,8,48.03898506470498,128.2391329711927,pobre,basal,1,1440.0,723.0,1.0,40.0,12,212,4096,1,0.0
98,0.0,0.0,2.2179999,0.0,3.0,8,48.03898506470498,128.2391329711927,pobre,basal,1,1440.0,723.0,1.0,40.0,13,212,4096,1,0.0
97,1.0,0.0,2.2179999,1.0,2.0,8,48.03898506470498,128.2391329711927,pobre,basal,1,1440.0,723.0,1.0,40.0,7,212,4097,2,1.0
98,1.0,0.0,2.2179999,1.0,3.0,8,48.03898506470498,128.2391329711927,pobre,basal,1,1440.0,723.0,1.0,40.0,8,212,4097,2,1.0
97,1.0,0.0,2.2179999,,0.0,8,48.03898506470498,128.2391329711927,pobre,basal,0,500.0,683.0,1.0,68.0,10,212,4098,0,
98,1.0,0.0,2.2179999,1.0,7.0,8,48.03898506470498,128.2391329711927,pobre,basal,0,500.0,683.0,1.0,68.0,11,212,4098,0,
97,0.0,0.0,2.2179999,0.0,1.0,8,48.03898506470498,128.2391329711927,pobre,basal,0,500.0,683.0,1.0,68.0,8,212,4099,1,0.0
98,0.0,0.0,2.2179999,1.0,1.0,8,48.03898506470498,128.2391329711927,pobre,basal,0,500.0,683.0,1.0,68.0,9,212,4099,1,0.0
97,1.0,0.0,2.2179999,0.0,6.0,10,48.03898506470498,128.2391329711927,pobre,basal,6,500.0,759.0,1.0,47.0,16,212,4100,6,0.0
98,1.0,0.0,2.2179999,,,10,48.03898506470498,128.2391329711927,pobre,basal,6,500.0,759.0,1.0,47.0,17,212,4100,6,0.0
97,1.0,0.0,2.2179999,1.0,3.0,10,48.03898506470498,128.2391329711927,pobre,basal,6,500.0,759.0,1.0,47.0,13,212,4101,3,1.0
98,1.0,0.0,2.2179999,1.0,4.0,10,48.03898506470498,128.2391329711927,pobre,basal,6,500.0,759.0,1.0,47.0,14,212,4101,3,1.0
97,1.0,0.0,2.2179999,1.0,2.0,10,48.03898506470498,128.2391329711927,pobre,basal,6,500.0,759.0,1.0,47.0,10,212,4102,2,1.0
98,1.0,0.0,2.2179999,1.0,3.0,10,48.03898506470498,128.2391329711927,pobre,basal,6,500.0,759.0,1.0,47.0,11,212,4102,2,1.0
97,1.0,0.0,2.2179999,1.0,1.0,10,48.03898506470498,128.2391329711927,pobre,basal,6,500.0,759.0,1.0,47.0,8,212,4103,1,1.0
98,1.0,0.0,2.2179999,1.0,2.0,10,48.03898506470498,128.2391329711927,pobre,basal,6,500.0,759.0,1.0,47.0,9,212,4103,1,1.0
97,0.0,0.0,2.2179999,1.0,7.0,5,48.03898506470498,128.2391329711927,no pobre,basal,0,500.0,817.0,1.0,66.0,16,212,4104,7,1.0
98,0.0,0.0,2.2179999,,,5,48.03898506470498,128.2391329711927,no pobre,basal,0,500.0,817.0,1.0,66.0,17,212,4104,7,1.0
97,0.0,0.0,2.2179999,1.0,1.0,6,48.03898506470498,128.2391329711927,pobre,basal,4,500.0,675.0,1.0,28.0,6,212,4105,1,1.0
98,0.0,0.0,2.2179999,1.0,1.0,6,48.03898506470498,128.2391329711927,pobre,basal,4,500.0,675.0,1.0,28.0,7,212,4105,1,1.0
97,1.0,0.0,2.2179999,0.0,4.0,9,48.03898506470498,128.2391329711927,pobre,basal,3,500.0,667.0,1.0,39.0,14,212,4106,4,0.0
98,1.0,0.0,2.2179999,1.0,5.0,9,48.03898506470498,128.2391329711927,pobre,basal,3,500.0,667.0,1.0,39.0,15,212,4106,4,0.0
97,0.0,0.0,2.2179999,1.0,2.0,9,48.03898506470498,128.2391329711927,pobre,basal,3,500.0,667.0,1.0,39.0,10,212,4107,2,1.0
98,0.0,0.0,2.2179999,1.0,3.0,9,48.03898506470498,128.2391329711927,pobre,basal,3,500.0,667.0,1.0,39.0,11,212,4107,2,1.0
97,0.0,0.0,2.2179999,1.0,1.0,9,48.03898506470498,128.2391329711927,pobre,basal,3,500.0,667.0,1.0,39.0,7,212,4108,1,1.0
98,0.0,0.0,2.2179999,1.0,1.0,9,48.03898506470498,128.2391329711927,pobre,basal,3,500.0,667.0,1.0,39.0,8,212,4108,1,1.0
97,1.0,0.0,2.2179999,0.0,2.0,6,48.03898506470498,128.2391329711927,no pobre,basal,3,500.0,844.0,1.0,46.0,16,212,4109,2,0.0
98,1.0,0.0,2.2179999,,,6,48.03898506470498,128.2391329711927,no pobre,basal,3,500.0,844.0,1.0,46.0,17,212,4109,2,0.0
97,1.0,0.0,2.2179999,0.0,3.0,7,48.03898506470498,128.2391329711927,pobre,basal,3,500.0,570.0,1.0,32.0,10,212,4110,3,0.0
98,1.0,0.0,2.2179999,,,7,48.03898506470498,128.2391329711927,pobre,basal,3,500.0,570.0,1.0,32.0,11,212,4110,3,0.0
97,0.0,0.0,2.2179999,1.0,3.0,7,48.03898506470498,128.2391329711927,pobre,basal,3,500.0,570.0,1.0,32.0,8,212,4111,3,1.0
98,0.0,0.0,2.2179999,1.0,3.0,7,48.03898506470498,128.2391329711927,pobre,basal,3,500.0,570.0,1.0,32.0,9,212,4111,3,1.0
97,1.0,0.0,2.2179999,1.0,1.0,7,48.03898506470498,128.2391329711927,pobre,basal,3,500.0,570.0,1.0,32.0,7,212,4112,1,1.0
98,1.0,0.0,2.2179999,1.0,0.0,7,48.03898506470498,128.2391329711927,pobre,basal,3,500.0,570.0,1.0,32.0,8,212,4112,1,1.0
97,0.0,0.0,2.2179999,0.0,1.0,8,48.03898506470498,128.2391329711927,pobre,basal,0,1120.0,794.0,1.0,46.0,16,212,4113,1,0.0
98,0.0,0.0,2.2179999,,,8,48.03898506470498,128.2391329711927,pobre,basal,0,1120.0,794.0,1.0,46.0,17,212,4113,1,0.0
97,0.0,0.0,2.2179999,0.0,2.0,8,48.03898506470498,128.2391329711927,pobre,basal,0,1120.0,794.0,1.0,46.0,14,212,4114,2,0.0
98,0.0,0.0,2.2179999,0.0,3.0,8,48.03898506470498,128.2391329711927,pobre,basal,0,1120.0,794.0,1.0,46.0,15,212,4114,2,0.0
97,1.0,0.0,2.2179999,1.0,1.0,8,48.03898506470498,128.2391329711927,pobre,basal,0,1120.0,794.0,1.0,46.0,7,212,4115,1,1.0
98,1.0,0.0,2.2179999,1.0,0.0,8,48.03898506470498,128.2391329711927,pobre,basal,0,1120.0,794.0,1.0,46.0,8,212,4115,1,1.0
97,0.0,0.0,2.2179999,0.0,3.0,8,48.03898506470498,128.2391329711927,pobre,basal,4,500.0,692.0,1.0,46.0,15,212,4116,3,0.0
98,0.0,0.0,2.2179999,,,8,48.03898506470498,128.2391329711927,pobre,basal,4,500.0,692.0,1.0,46.0,16,212,4116,3,0.0
97,1.0,0.0,2.2179999,0.0,3.0,8,48.03898506470498,128.2391329711927,pobre,basal,4,500.0,692.0,1.0,46.0,14,212,4117,3,0.0
98,1.0,0.0,2.2179999,0.0,3.0,8,48.03898506470498,128.2391329711927,pobre,basal,4,500.0,692.0,1.0,46.0,15,212,4117,3,0.0
97,0.0,0.0,2.2179999,1.0,3.0,8,48.03898506470498,128.2391329711927,pobre,basal,4,500.0,692.0,1.0,46.0,10,212,4118,3,1.0
98,0.0,0.0,2.2179999,1.0,3.0,8,48.03898506470498,128.2391329711927,pobre,basal,4,500.0,692.0,1.0,46.0,11,212,4118,3,1.0
97,0.0,0.0,2.2179999,1.0,1.0,8,48.03898506470498,128.2391329711927,pobre,basal,4,500.0,692.0,1.0,46.0,6,212,4119,1,1.0
98,0.0,0.0,2.2179999,1.0,2.0,8,48.03898506470498,128.2391329711927,pobre,basal,4,500.0,692.0,1.0,46.0,7,212,4119,1,1.0
97,1.0,0.0,0.0,,0.0,6,28.87126420509094,28.87126420509094,pobre,0,1,750.0,639.33099,1.0,77.0,10,382,4120,0,
98,1.0,0.0,0.0,0.0,1.0,6,28.87126420509094,28.87126420509094,pobre,0,1,750.0,639.33099,1.0,77.0,11,382,4120,0,
97,0.0,0.0,0.0,,0.0,6,28.87126420509094,28.87126420509094,pobre,0,1,750.0,639.33099,1.0,77.0,8,382,4121,0,
98,0.0,0.0,0.0,,,6,28.87126420509094,28.87126420509094,pobre,0,1,750.0,639.33099,1.0,77.0,9,382,4121,0,
97,1.0,0.0,0.0,0.0,6.0,7,28.87126420509094,28.87126420509094,pobre,0,0,625.0,815.79999,1.0,48.0,15,382,4122,6,0.0
98,1.0,0.0,0.0,0.0,2.0,7,28.87126420509094,28.87126420509094,pobre,0,0,625.0,815.79999,1.0,48.0,16,382,4122,6,0.0
97,0.0,0.0,0.0,1.0,7.0,7,28.87126420509094,28.87126420509094,pobre,0,0,625.0,815.79999,1.0,48.0,12,382,4123,7,1.0
98,0.0,0.0,0.0,1.0,8.0,7,28.87126420509094,28.87126420509094,pobre,0,0,625.0,815.79999,1.0,48.0,13,382,4123,7,1.0
97,1.0,0.0,0.0,0.0,6.0,6,28.87126420509094,28.87126420509094,pobre,0,4,0.0,623.0,1.0,39.0,15,382,4124,6,0.0
98,1.0,0.0,0.0,0.0,6.0,6,28.87126420509094,28.87126420509094,pobre,0,4,0.0,623.0,1.0,39.0,16,382,4124,6,0.0
97,0.0,0.0,0.0,1.0,5.0,6,28.87126420509094,28.87126420509094,pobre,0,4,0.0,623.0,1.0,39.0,12,382,4125,5,1.0
98,0.0,0.0,0.0,1.0,6.0,6,28.87126420509094,28.87126420509094,pobre,0,4,0.0,623.0,1.0,39.0,13,382,4125,5,1.0
97,1.0,0.0,0.0,1.0,1.0,6,28.87126420509094,28.87126420509094,pobre,0,4,0.0,623.0,1.0,39.0,7,382,4126,1,1.0
98,1.0,0.0,0.0,1.0,2.0,6,28.87126420509094,28.87126420509094,pobre,0,4,0.0,623.0,1.0,39.0,8,382,4126,1,1.0
97,1.0,0.0,0.0,0.0,3.0,6,28.87126420509094,28.87126420509094,pobre,0,0,0.0,784.0,1.0,64.0,15,382,4127,3,0.0
98,1.0,0.0,0.0,0.0,3.0,6,28.87126420509094,28.87126420509094,pobre,0,0,0.0,784.0,1.0,64.0,16,382,4127,3,0.0
97,1.0,0.0,0.0,0.0,3.0,5,28.87126420509094,28.87126420509094,pobre,0,3,480.0,727.0,0.0,37.0,16,382,4128,3,0.0
98,1.0,0.0,0.0,,,5,28.87126420509094,28.87126420509094,pobre,0,3,480.0,727.0,0.0,37.0,17,382,4128,3,0.0
97,0.0,0.0,0.0,1.0,4.0,5,28.87126420509094,28.87126420509094,pobre,0,3,480.0,727.0,0.0,37.0,14,382,4129,4,1.0
98,0.0,0.0,0.0,1.0,5.0,5,28.87126420509094,28.87126420509094,pobre,0,3,480.0,727.0,0.0,37.0,15,382,4129,4,1.0
97,1.0,0.0,0.0,0.0,3.0,7,28.87126420509094,28.87126420509094,pobre,0,0,1000.0,604.5,1.0,38.0,16,382,4130,3,0.0
98,1.0,0.0,0.0,,,7,28.87126420509094,28.87126420509094,pobre,0,0,1000.0,604.5,1.0,38.0,17,382,4130,3,0.0
97,1.0,0.0,0.0,1.0,1.0,7,28.87126420509094,28.87126420509094,pobre,0,0,1000.0,604.5,1.0,38.0,8,382,4131,1,1.0
98,1.0,0.0,0.0,1.0,2.0,7,28.87126420509094,28.87126420509094,pobre,0,0,1000.0,604.5,1.0,38.0,9,382,4131,1,1.0
97,1.0,0.0,0.0,1.0,1.0,7,28.87126420509094,28.87126420509094,pobre,0,0,1000.0,604.5,1.0,38.0,7,382,4132,1,1.0
98,1.0,0.0,0.0,1.0,2.0,7,28.87126420509094,28.87126420509094,pobre,0,0,1000.0,604.5,1.0,38.0,8,382,4132,1,1.0
97,1.0,0.0,0.0,0.0,9.0,11,31.97494499927432,31.97494499927432,no pobre,0,2,1200.0,839.5,1.0,44.0,16,381,4133,9,0.0
98,1.0,0.0,0.0,0.0,9.0,11,31.97494499927432,31.97494499927432,no pobre,0,2,1200.0,839.5,1.0,44.0,17,381,4133,9,0.0
97,0.0,0.0,0.0,1.0,6.0,11,31.97494499927432,31.97494499927432,no pobre,0,2,1200.0,839.5,1.0,44.0,13,381,4134,6,1.0
98,0.0,0.0,0.0,1.0,7.0,11,31.97494499927432,31.97494499927432,no pobre,0,2,1200.0,839.5,1.0,44.0,14,381,4134,6,1.0
97,0.0,0.0,0.0,1.0,4.0,11,31.97494499927432,31.97494499927432,no pobre,0,2,1200.0,839.5,1.0,44.0,10,381,4135,4,1.0
98,0.0,0.0,0.0,1.0,5.0,11,31.97494499927432,31.97494499927432,no pobre,0,2,1200.0,839.5,1.0,44.0,11,381,4135,4,1.0
97,0.0,0.0,0.0,1.0,1.0,11,31.97494499927432,31.97494499927432,no pobre,0,2,1200.0,839.5,1.0,44.0,8,381,4136,1,1.0
98,0.0,0.0,0.0,1.0,1.0,11,31.97494499927432,31.97494499927432,no pobre,0,2,1200.0,839.5,1.0,44.0,9,381,4136,1,1.0
97,0.0,0.0,0.0,0.0,9.0,6,31.97494499927432,31.97494499927432,no pobre,0,3,1000.0,1028.0,1.0,46.0,16,381,4137,9,0.0
98,0.0,0.0,0.0,,,6,31.97494499927432,31.97494499927432,no pobre,0,3,1000.0,1028.0,1.0,46.0,17,381,4137,9,0.0
97,1.0,0.0,0.0,1.0,7.0,6,31.97494499927432,31.97494499927432,no pobre,0,3,1000.0,1028.0,1.0,46.0,14,381,4138,7,1.0
98,1.0,0.0,0.0,1.0,8.0,6,31.97494499927432,31.97494499927432,no pobre,0,3,1000.0,1028.0,1.0,46.0,15,381,4138,7,1.0
97,0.0,0.0,0.0,1.0,6.0,6,31.97494499927432,31.97494499927432,no pobre,0,3,1000.0,1028.0,1.0,46.0,12,381,4139,6,1.0
98,0.0,0.0,0.0,1.0,7.0,6,31.97494499927432,31.97494499927432,no pobre,0,3,1000.0,1028.0,1.0,46.0,13,381,4139,6,1.0
97,1.0,0.0,0.0,1.0,7.0,12,31.97494499927432,31.97494499927432,pobre,0,3,1200.0,514.0,1.0,40.0,16,381,4140,7,1.0
98,1.0,0.0,0.0,1.0,8.0,12,31.97494499927432,31.97494499927432,pobre,0,3,1200.0,514.0,1.0,40.0,17,381,4140,7,1.0
97,0.0,0.0,0.0,0.0,6.0,12,31.97494499927432,31.97494499927432,pobre,0,3,1200.0,514.0,1.0,40.0,15,381,4141,6,0.0
98,0.0,0.0,0.0,0.0,6.0,12,31.97494499927432,31.97494499927432,pobre,0,3,1200.0,514.0,1.0,40.0,16,381,4141,6,0.0
97,1.0,0.0,0.0,0.0,1.0,12,31.97494499927432,31.97494499927432,pobre,0,3,1200.0,514.0,1.0,40.0,14,381,4142,1,0.0
98,1.0,0.0,0.0,0.0,3.0,12,31.97494499927432,31.97494499927432,pobre,0,3,1200.0,514.0,1.0,40.0,15,381,4142,1,0.0
97,0.0,0.0,0.0,1.0,4.0,12,31.97494499927432,31.97494499927432,pobre,0,3,1200.0,514.0,1.0,40.0,12,381,4143,4,1.0
98,0.0,0.0,0.0,1.0,5.0,12,31.97494499927432,31.97494499927432,pobre,0,3,1200.0,514.0,1.0,40.0,13,381,4143,4,1.0
97,1.0,0.0,0.0,1.0,3.0,12,31.97494499927432,31.97494499927432,pobre,0,3,1200.0,514.0,1.0,40.0,11,381,4144,3,1.0
98,1.0,0.0,0.0,1.0,4.0,12,31.97494499927432,31.97494499927432,pobre,0,3,1200.0,514.0,1.0,40.0,12,381,4144,3,1.0
97,0.0,0.0,0.0,1.0,2.0,12,31.97494499927432,31.97494499927432,pobre,0,3,1200.0,514.0,1.0,40.0,10,381,4145,2,1.0
98,0.0,0.0,0.0,1.0,2.0,12,31.97494499927432,31.97494499927432,pobre,0,3,1200.0,514.0,1.0,40.0,11,381,4145,2,1.0
97,1.0,0.0,0.0,1.0,2.0,12,31.97494499927432,31.97494499927432,pobre,0,3,1200.0,514.0,1.0,40.0,7,381,4146,2,1.0
98,1.0,0.0,0.0,1.0,3.0,12,31.97494499927432,31.97494499927432,pobre,0,3,1200.0,514.0,1.0,40.0,8,381,4146,2,1.0
97,1.0,0.0,0.0,1.0,0.0,12,31.97494499927432,31.97494499927432,pobre,0,3,1200.0,514.0,1.0,40.0,6,381,4147,0,1.0
98,1.0,0.0,0.0,1.0,1.0,12,31.97494499927432,31.97494499927432,pobre,0,3,1200.0,514.0,1.0,40.0,7,381,4147,0,1.0
97,1.0,0.0,0.0,1.0,0.0,6,31.97494499927432,31.97494499927432,pobre,0,6,750.0,653.0,1.0,28.0,6,381,4148,0,1.0
98,1.0,0.0,0.0,1.0,2.0,6,31.97494499927432,31.97494499927432,pobre,0,6,750.0,653.0,1.0,28.0,7,381,4148,0,1.0
97,0.0,0.0,0.0,0.0,2.0,6,31.97494499927432,31.97494499927432,pobre,0,2,600.0,653.0,1.0,54.0,16,381,4149,2,0.0
98,0.0,0.0,0.0,,,6,31.97494499927432,31.97494499927432,pobre,0,2,600.0,653.0,1.0,54.0,17,381,4149,2,0.0
97,0.0,0.0,0.0,1.0,7.0,10,31.97494499927432,31.97494499927432,pobre,0,2,1000.0,903.0,1.0,47.0,15,381,4150,7,1.0
98,0.0,0.0,0.0,1.0,8.0,10,31.97494499927432,31.97494499927432,pobre,0,2,1000.0,903.0,1.0,47.0,16,381,4150,7,1.0
97,1.0,0.0,0.0,1.0,7.0,10,31.97494499927432,31.97494499927432,pobre,0,2,1000.0,903.0,1.0,47.0,12,381,4151,7,1.0
98,1.0,0.0,0.0,1.0,8.0,10,31.97494499927432,31.97494499927432,pobre,0,2,1000.0,903.0,1.0,47.0,13,381,4151,7,1.0
97,1.0,0.0,0.0,1.0,3.0,10,31.97494499927432,31.97494499927432,pobre,0,2,1000.0,903.0,1.0,47.0,9,381,4152,3,1.0
98,1.0,0.0,0.0,1.0,4.0,10,31.97494499927432,31.97494499927432,pobre,0,2,1000.0,903.0,1.0,47.0,10,381,4152,3,1.0
97,1.0,0.0,0.0,1.0,0.0,10,31.97494499927432,31.97494499927432,pobre,0,2,1000.0,903.0,1.0,47.0,6,381,4153,0,1.0
98,1.0,0.0,0.0,1.0,1.0,10,31.97494499927432,31.97494499927432,pobre,0,2,1000.0,903.0,1.0,47.0,7,381,4153,0,1.0
97,1.0,0.0,0.0,1.0,6.0,8,31.97494499927432,31.97494499927432,no pobre,0,1,0.0,940.0,0.0,49.0,13,381,4154,6,1.0
98,1.0,0.0,0.0,1.0,8.0,8,31.97494499927432,31.97494499927432,no pobre,0,1,0.0,940.0,0.0,49.0,14,381,4154,6,1.0
97,0.0,0.0,0.0,1.0,2.0,4,28.87126420509094,28.87126420509094,pobre,0,0,720.0,768.0,1.0,60.0,8,382,4155,2,1.0
98,0.0,0.0,0.0,1.0,4.0,4,28.87126420509094,28.87126420509094,pobre,0,0,720.0,768.0,1.0,60.0,9,382,4155,2,1.0
97,0.0,0.0,0.0,1.0,8.0,8,28.87126420509094,28.87126420509094,pobre,0,0,166.66667,883.0,1.0,55.0,14,382,4156,8,1.0
98,0.0,0.0,0.0,1.0,9.0,8,28.87126420509094,28.87126420509094,pobre,0,0,166.66667,883.0,1.0,55.0,15,382,4156,8,1.0
97,1.0,0.0,0.0,1.0,4.0,8,28.87126420509094,28.87126420509094,pobre,0,0,166.66667,883.0,1.0,55.0,13,382,4157,4,1.0
98,1.0,0.0,0.0,1.0,5.0,8,28.87126420509094,28.87126420509094,pobre,0,0,166.66667,883.0,1.0,55.0,14,382,4157,4,1.0
97,1.0,0.0,0.0,,0.0,8,28.87126420509094,28.87126420509094,pobre,0,0,166.66667,883.0,1.0,55.0,8,382,4158,0,
98,1.0,0.0,0.0,,,8,28.87126420509094,28.87126420509094,pobre,0,0,166.66667,883.0,1.0,55.0,9,382,4158,0,
97,1.0,0.0,0.0,1.0,1.0,8,28.87126420509094,28.87126420509094,pobre,0,0,166.66667,883.0,1.0,55.0,7,382,4159,1,1.0
98,1.0,0.0,0.0,1.0,2.0,8,28.87126420509094,28.87126420509094,pobre,0,0,166.66667,883.0,1.0,55.0,8,382,4159,1,1.0
97,1.0,0.0,0.0,1.0,0.0,8,28.87126420509094,28.87126420509094,pobre,0,0,166.66667,883.0,1.0,55.0,6,382,4160,0,1.0
98,1.0,0.0,0.0,1.0,0.0,8,28.87126420509094,28.87126420509094,pobre,0,0,166.66667,883.0,1.0,55.0,7,382,4160,0,1.0
97,0.0,0.0,0.0,1.0,4.0,7,28.87126420509094,28.87126420509094,pobre,0,4,1200.0,647.0,1.0,32.0,12,382,4161,4,1.0
98,0.0,0.0,0.0,1.0,5.0,7,28.87126420509094,28.87126420509094,pobre,0,4,1200.0,647.0,1.0,32.0,13,382,4161,4,1.0
97,0.0,0.0,0.0,1.0,4.0,7,28.87126420509094,28.87126420509094,pobre,0,4,1200.0,647.0,1.0,32.0,11,382,4162,4,1.0
98,0.0,0.0,0.0,1.0,5.0,7,28.87126420509094,28.87126420509094,pobre,0,4,1200.0,647.0,1.0,32.0,12,382,4162,4,1.0
97,1.0,0.0,0.0,1.0,3.0,7,28.87126420509094,28.87126420509094,pobre,0,4,1200.0,647.0,1.0,32.0,9,382,4163,3,1.0
98,1.0,0.0,0.0,1.0,3.0,7,28.87126420509094,28.87126420509094,pobre,0,4,1200.0,647.0,1.0,32.0,10,382,4163,3,1.0
97,0.0,0.0,0.0,1.0,0.0,7,28.87126420509094,28.87126420509094,pobre,0,4,1200.0,647.0,1.0,32.0,6,382,4164,0,1.0
98,0.0,0.0,0.0,1.0,1.0,7,28.87126420509094,28.87126420509094,pobre,0,4,1200.0,647.0,1.0,32.0,7,382,4164,0,1.0
97,0.0,0.0,0.0,0.0,6.0,7,31.97494499927432,31.97494499927432,pobre,0,1,6250.0,682.0,1.0,56.0,15,381,4165,6,0.0
98,0.0,0.0,0.0,0.0,6.0,7,31.97494499927432,31.97494499927432,pobre,0,1,6250.0,682.0,1.0,56.0,16,381,4165,6,0.0
97,1.0,0.0,0.0,1.0,5.0,7,31.97494499927432,31.97494499927432,pobre,0,1,6250.0,682.0,1.0,56.0,12,381,4166,5,1.0
98,1.0,0.0,0.0,0.0,6.0,7,31.97494499927432,31.97494499927432,pobre,0,1,6250.0,682.0,1.0,56.0,13,381,4166,5,1.0
97,1.0,0.0,0.0,1.0,4.0,7,31.97494499927432,31.97494499927432,pobre,0,1,6250.0,682.0,1.0,56.0,10,381,4167,4,1.0
98,1.0,0.0,0.0,1.0,5.0,7,31.97494499927432,31.97494499927432,pobre,0,1,6250.0,682.0,1.0,56.0,11,381,4167,4,1.0
97,0.0,0.0,0.0,1.0,2.0,7,31.97494499927432,31.97494499927432,pobre,0,1,6250.0,682.0,1.0,56.0,8,381,4168,2,1.0
98,0.0,0.0,0.0,1.0,3.0,7,31.97494499927432,31.97494499927432,pobre,0,1,6250.0,682.0,1.0,56.0,9,381,4168,2,1.0
97,1.0,0.0,0.0,1.0,1.0,7,31.97494499927432,31.97494499927432,pobre,0,1,6250.0,682.0,1.0,56.0,7,381,4169,1,1.0
98,1.0,0.0,0.0,1.0,2.0,7,31.97494499927432,31.97494499927432,pobre,0,1,6250.0,682.0,1.0,56.0,8,381,4169,1,1.0
97,1.0,0.0,0.0,0.0,8.0,7,31.97494499927432,31.97494499927432,no pobre,0,3,2000.0,1050.5,1.0,39.0,15,381,4170,8,0.0
98,1.0,0.0,0.0,0.0,8.0,7,31.97494499927432,31.97494499927432,no pobre,0,3,2000.0,1050.5,1.0,39.0,16,381,4170,8,0.0
97,0.0,0.0,0.0,1.0,8.0,7,31.97494499927432,31.97494499927432,no pobre,0,3,2000.0,1050.5,1.0,39.0,14,381,4171,8,1.0
98,0.0,0.0,0.0,1.0,9.0,7,31.97494499927432,31.97494499927432,no pobre,0,3,2000.0,1050.5,1.0,39.0,15,381,4171,8,1.0
97,1.0,0.0,0.0,1.0,5.0,7,31.97494499927432,31.97494499927432,no pobre,0,3,2000.0,1050.5,1.0,39.0,12,381,4172,5,1.0
98,1.0,0.0,0.0,1.0,6.0,7,31.97494499927432,31.97494499927432,no pobre,0,3,2000.0,1050.5,1.0,39.0,13,381,4172,5,1.0
97,1.0,0.0,0.0,1.0,0.0,7,31.97494499927432,31.97494499927432,no pobre,0,3,2000.0,1050.5,1.0,39.0,6,381,4173,0,1.0
98,1.0,0.0,0.0,1.0,1.0,7,31.97494499927432,31.97494499927432,no pobre,0,3,2000.0,1050.5,1.0,39.0,7,381,4173,0,1.0
97,0.0,0.0,0.0,1.0,1.0,6,31.97494499927432,31.97494499927432,no pobre,0,2,750.0,753.0,1.0,34.0,8,381,4174,1,1.0
98,0.0,0.0,0.0,1.0,2.0,6,31.97494499927432,31.97494499927432,no pobre,0,2,750.0,753.0,1.0,34.0,9,381,4174,1,1.0
97,1.0,0.0,0.0,1.0,0.0,6,31.97494499927432,31.97494499927432,no pobre,0,2,750.0,753.0,1.0,34.0,6,381,4175,0,1.0
98,1.0,0.0,0.0,1.0,1.0,6,31.97494499927432,31.97494499927432,no pobre,0,2,750.0,753.0,1.0,34.0,7,381,4175,0,1.0
97,1.0,0.0,0.0,1.0,4.0,6,31.97494499927432,31.97494499927432,pobre,0,3,625.0,670.0,1.0,32.0,11,381,4176,4,1.0
98,1.0,0.0,0.0,1.0,5.0,6,31.97494499927432,31.97494499927432,pobre,0,3,625.0,670.0,1.0,32.0,12,381,4176,4,1.0
97,1.0,0.0,0.0,1.0,3.0,6,31.97494499927432,31.97494499927432,pobre,0,3,625.0,670.0,1.0,32.0,9,381,4177,3,1.0
98,1.0,0.0,0.0,1.0,4.0,6,31.97494499927432,31.97494499927432,pobre,0,3,625.0,670.0,1.0,32.0,10,381,4177,3,1.0
97,0.0,0.0,0.0,1.0,1.0,6,31.97494499927432,31.97494499927432,pobre,0,3,625.0,670.0,1.0,32.0,7,381,4178,1,1.0
98,0.0,0.0,0.0,1.0,1.0,6,31.97494499927432,31.97494499927432,pobre,0,3,625.0,670.0,1.0,32.0,8,381,4178,1,1.0
97,0.0,0.0,0.0,1.0,1.0,6,31.97494499927432,31.97494499927432,pobre,0,2,166.66667,825.0,1.0,74.0,8,381,4179,1,1.0
98,0.0,0.0,0.0,1.0,2.0,6,31.97494499927432,31.97494499927432,pobre,0,2,166.66667,825.0,1.0,74.0,9,381,4179,1,1.0
97,0.0,0.0,0.0,1.0,0.0,6,31.97494499927432,31.97494499927432,pobre,0,2,166.66667,825.0,1.0,74.0,7,381,4180,0,1.0
98,0.0,0.0,0.0,1.0,1.0,6,31.97494499927432,31.97494499927432,pobre,0,2,166.66667,825.0,1.0,74.0,8,381,4180,0,1.0
97,1.0,0.0,0.0,1.0,3.0,5,31.97494499927432,31.97494499927432,no pobre,0,2,2000.0,1022.5,1.0,31.0,9,381,4181,3,1.0
98,1.0,0.0,0.0,1.0,4.0,5,31.97494499927432,31.97494499927432,no pobre,0,2,2000.0,1022.5,1.0,31.0,10,381,4181,3,1.0
97,1.0,0.0,0.0,0.0,6.0,6,31.97494499927432,31.97494499927432,no pobre,0,0,750.0,954.0,1.0,54.0,16,381,4182,6,0.0
98,1.0,0.0,0.0,,,6,31.97494499927432,31.97494499927432,no pobre,0,0,750.0,954.0,1.0,54.0,17,381,4182,6,0.0
97,1.0,0.0,0.0,1.0,4.0,8,31.97494499927432,31.97494499927432,no pobre,0,9,2400.0,1064.0,1.0,31.0,12,381,4183,4,1.0
98,1.0,0.0,0.0,1.0,5.0,8,31.97494499927432,31.97494499927432,no pobre,0,9,2400.0,1064.0,1.0,31.0,13,381,4183,4,1.0
97,0.0,0.0,0.0,1.0,3.0,8,31.97494499927432,31.97494499927432,no pobre,0,9,2400.0,1064.0,1.0,31.0,10,381,4184,3,1.0
98,0.0,0.0,0.0,1.0,4.0,8,31.97494499927432,31.97494499927432,no pobre,0,9,2400.0,1064.0,1.0,31.0,11,381,4184,3,1.0
97,0.0,0.0,0.0,,0.0,8,31.97494499927432,31.97494499927432,no pobre,0,9,2400.0,1064.0,1.0,31.0,8,381,4185,0,
98,0.0,0.0,0.0,1.0,3.0,8,31.97494499927432,31.97494499927432,no pobre,0,9,2400.0,1064.0,1.0,31.0,9,381,4185,0,
97,0.0,0.0,0.0,1.0,7.0,4,31.97494499927432,31.97494499927432,pobre,0,0,1000.0,930.0,1.0,50.0,16,381,4186,7,1.0
98,0.0,0.0,0.0,,,4,31.97494499927432,31.97494499927432,pobre,0,0,1000.0,930.0,1.0,50.0,17,381,4186,7,1.0
97,0.0,0.0,0.0,1.0,5.0,4,31.97494499927432,31.97494499927432,pobre,0,0,1000.0,930.0,1.0,50.0,12,381,4187,5,1.0
98,0.0,0.0,0.0,1.0,6.0,4,31.97494499927432,31.97494499927432,pobre,0,0,1000.0,930.0,1.0,50.0,13,381,4187,5,1.0
97,0.0,0.0,0.0,1.0,6.0,6,31.97494499927432,31.97494499927432,no pobre,0,3,5000.0,1176.0,1.0,51.0,16,381,4188,6,1.0
98,0.0,0.0,0.0,,,6,31.97494499927432,31.97494499927432,no pobre,0,3,5000.0,1176.0,1.0,51.0,17,381,4188,6,1.0
97,0.0,0.0,0.0,1.0,5.0,6,31.97494499927432,31.97494499927432,no pobre,0,3,5000.0,1176.0,1.0,51.0,12,381,4189,5,1.0
98,0.0,0.0,0.0,0.0,6.0,6,31.97494499927432,31.97494499927432,no pobre,0,3,5000.0,1176.0,1.0,51.0,13,381,4189,5,1.0
97,0.0,0.0,0.0,1.0,3.0,6,31.97494499927432,31.97494499927432,no pobre,0,3,5000.0,1176.0,1.0,51.0,10,381,4190,3,1.0
98,0.0,0.0,0.0,1.0,3.0,6,31.97494499927432,31.97494499927432,no pobre,0,3,5000.0,1176.0,1.0,51.0,11,381,4190,3,1.0
97,0.0,0.0,0.0,1.0,0.0,5,31.97494499927432,31.97494499927432,no pobre,0,3,1200.0,953.0,1.0,29.0,6,381,4191,0,1.0
98,0.0,0.0,0.0,1.0,1.0,5,31.97494499927432,31.97494499927432,no pobre,0,3,1200.0,953.0,1.0,29.0,7,381,4191,0,1.0
97,1.0,0.0,0.0,1.0,0.0,5,31.97494499927432,31.97494499927432,no pobre,0,3,1200.0,953.0,1.0,29.0,6,381,4192,0,1.0
98,1.0,0.0,0.0,1.0,1.0,5,31.97494499927432,31.97494499927432,no pobre,0,3,1200.0,953.0,1.0,29.0,7,381,4192,0,1.0
97,0.0,0.0,0.0,0.0,9.0,9,28.87126420509094,28.87126420509094,pobre,0,6,0.0,852.75,1.0,56.0,16,382,4193,9,0.0
98,0.0,0.0,0.0,,,9,28.87126420509094,28.87126420509094,pobre,0,6,0.0,852.75,1.0,56.0,17,382,4193,9,0.0
97,0.0,0.0,0.0,0.0,9.0,9,28.87126420509094,28.87126420509094,pobre,0,6,0.0,852.75,1.0,56.0,15,382,4194,9,0.0
98,0.0,0.0,0.0,0.0,9.0,9,28.87126420509094,28.87126420509094,pobre,0,6,0.0,852.75,1.0,56.0,16,382,4194,9,0.0
97,0.0,0.0,0.0,1.0,7.0,9,28.87126420509094,28.87126420509094,pobre,0,6,0.0,852.75,1.0,56.0,13,382,4195,7,1.0
98,0.0,0.0,0.0,1.0,8.0,9,28.87126420509094,28.87126420509094,pobre,0,6,0.0,852.75,1.0,56.0,14,382,4195,7,1.0
97,0.0,0.0,0.0,1.0,8.0,10,28.87126420509094,28.87126420509094,pobre,0,0,333.33334,898.0,1.0,60.0,14,382,4196,8,1.0
98,0.0,0.0,0.0,1.0,9.0,10,28.87126420509094,28.87126420509094,pobre,0,0,333.33334,898.0,1.0,60.0,15,382,4196,8,1.0
97,0.0,0.0,0.0,1.0,6.0,4,28.87126420509094,28.87126420509094,pobre,0,0,400.0,897.0,1.0,51.0,15,382,4197,6,1.0
98,0.0,0.0,0.0,1.0,7.0,4,28.87126420509094,28.87126420509094,pobre,0,0,400.0,897.0,1.0,51.0,16,382,4197,6,1.0
97,1.0,0.0,0.0,1.0,7.0,8,28.87126420509094,28.87126420509094,no pobre,0,2,625.0,899.0,1.0,48.0,13,382,4198,7,1.0
98,1.0,0.0,0.0,1.0,8.0,8,28.87126420509094,28.87126420509094,no pobre,0,2,625.0,899.0,1.0,48.0,14,382,4198,7,1.0
97,1.0,0.0,0.0,1.0,1.0,8,28.87126420509094,28.87126420509094,no pobre,0,2,625.0,899.0,1.0,48.0,8,382,4199,1,1.0
98,1.0,0.0,0.0,1.0,2.0,8,28.87126420509094,28.87126420509094,no pobre,0,2,625.0,899.0,1.0,48.0,9,382,4199,1,1.0
97,1.0,0.0,0.0,0.0,9.0,6,28.87126420509094,28.87126420509094,no pobre,0,1,1600.0,1181.5,1.0,52.0,16,382,4200,9,0.0
98,1.0,0.0,0.0,,,6,28.87126420509094,28.87126420509094,no pobre,0,1,1600.0,1181.5,1.0,52.0,17,382,4200,9,0.0
97,0.0,0.0,0.0,1.0,8.0,6,28.87126420509094,28.87126420509094,no pobre,0,1,1600.0,1181.5,1.0,52.0,14,382,4201,8,1.0
98,0.0,0.0,0.0,0.0,8.0,6,28.87126420509094,28.87126420509094,no pobre,0,1,1600.0,1181.5,1.0,52.0,15,382,4201,8,1.0
97,0.0,0.0,0.0,1.0,8.0,10,28.87126420509094,28.87126420509094,pobre,0,1,1000.0,818.5,1.0,51.0,16,382,4202,8,1.0
98,0.0,0.0,0.0,,,10,28.87126420509094,28.87126420509094,pobre,0,1,1000.0,818.5,1.0,51.0,17,382,4202,8,1.0
97,1.0,0.0,0.0,0.0,4.0,10,28.87126420509094,28.87126420509094,pobre,0,1,1000.0,818.5,1.0,51.0,15,382,4203,4,0.0
98,1.0,0.0,0.0,0.0,4.0,10,28.87126420509094,28.87126420509094,pobre,0,1,1000.0,818.5,1.0,51.0,16,382,4203,4,0.0
97,0.0,1.0,3.7190001,0.0,7.0,5,44.75906942224255,150.6009100041105,pobre,basal,2,666.66669,626.0,1.0,41.0,16,218,4204,7,0.0
98,0.0,1.0,3.7190001,,,5,44.75906942224255,150.6009100041105,pobre,basal,2,666.66669,626.0,1.0,41.0,17,218,4204,7,0.0
97,1.0,1.0,3.7190001,0.0,7.0,5,44.75906942224255,150.6009100041105,pobre,basal,2,666.66669,626.0,1.0,41.0,14,218,4205,7,0.0
98,1.0,1.0,3.7190001,1.0,9.0,5,44.75906942224255,150.6009100041105,pobre,basal,2,666.66669,626.0,1.0,41.0,15,218,4205,7,0.0
97,1.0,1.0,3.7190001,0.0,6.0,5,44.75906942224255,150.6009100041105,pobre,basal,2,666.66669,626.0,1.0,41.0,12,218,4206,6,0.0
98,1.0,1.0,3.7190001,1.0,6.0,5,44.75906942224255,150.6009100041105,pobre,basal,2,666.66669,626.0,1.0,41.0,13,218,4206,6,0.0
97,0.0,1.0,3.7190001,1.0,2.0,6,44.75906942224255,150.6009100041105,pobre,basal,3,500.0,629.0,1.0,31.0,9,218,4207,2,1.0
98,0.0,1.0,3.7190001,1.0,3.0,6,44.75906942224255,150.6009100041105,pobre,basal,3,500.0,629.0,1.0,31.0,10,218,4207,2,1.0
97,0.0,1.0,3.7190001,1.0,2.0,7,44.75906942224255,150.6009100041105,pobre,basal,1,416.66666,620.0,1.0,64.0,14,218,4208,2,1.0
98,0.0,1.0,3.7190001,1.0,3.0,7,44.75906942224255,150.6009100041105,pobre,basal,1,416.66666,620.0,1.0,64.0,15,218,4208,2,1.0
97,0.0,1.0,3.7190001,1.0,1.0,7,44.75906942224255,150.6009100041105,pobre,basal,1,416.66666,620.0,1.0,64.0,10,218,4209,1,1.0
98,0.0,1.0,3.7190001,1.0,2.0,7,44.75906942224255,150.6009100041105,pobre,basal,1,416.66666,620.0,1.0,64.0,11,218,4209,1,1.0
97,1.0,1.0,3.7190001,1.0,7.0,3,44.75906942224255,150.6009100041105,pobre,basal,1,500.0,756.0,1.0,45.0,14,218,4210,7,1.0
98,1.0,1.0,3.7190001,1.0,8.0,3,44.75906942224255,150.6009100041105,pobre,basal,1,500.0,756.0,1.0,45.0,15,218,4210,7,1.0
97,1.0,1.0,3.7190001,1.0,7.0,6,44.75906942224255,150.6009100041105,pobre,basal,4,333.33334,748.45001,1.0,40.0,14,218,4211,7,1.0
98,1.0,1.0,3.7190001,1.0,8.0,6,44.75906942224255,150.6009100041105,pobre,basal,4,333.33334,748.45001,1.0,40.0,15,218,4211,7,1.0
97,0.0,1.0,3.7190001,1.0,3.0,6,44.75906942224255,150.6009100041105,pobre,basal,4,333.33334,748.45001,1.0,40.0,10,218,4212,3,1.0
98,0.0,1.0,3.7190001,1.0,3.0,6,44.75906942224255,150.6009100041105,pobre,basal,4,333.33334,748.45001,1.0,40.0,11,218,4212,3,1.0
97,0.0,1.0,3.7190001,1.0,1.0,6,44.75906942224255,150.6009100041105,pobre,basal,4,333.33334,748.45001,1.0,40.0,9,218,4213,1,1.0
98,0.0,1.0,3.7190001,1.0,2.0,6,44.75906942224255,150.6009100041105,pobre,basal,4,333.33334,748.45001,1.0,40.0,10,218,4213,1,1.0
97,1.0,1.0,3.7190001,,0.0,6,44.75906942224255,150.6009100041105,pobre,basal,4,333.33334,748.45001,1.0,40.0,7,218,4214,0,
98,1.0,1.0,3.7190001,1.0,2.0,6,44.75906942224255,150.6009100041105,pobre,basal,4,333.33334,748.45001,1.0,40.0,8,218,4214,0,
97,0.0,0.0,0.67299998,,0.0,5,120.7114971857462,144.4715344867167,pobre,basal,2,625.0,642.0,1.0,51.0,9,92,4215,0,
98,0.0,0.0,0.67299998,1.0,4.0,5,120.7114971857462,144.4715344867167,pobre,basal,2,625.0,642.0,1.0,51.0,10,92,4215,0,
97,0.0,0.0,0.67299998,,0.0,5,120.7114971857462,144.4715344867167,pobre,basal,2,625.0,642.0,1.0,51.0,6,92,4216,0,
98,0.0,0.0,0.67299998,,,5,120.7114971857462,144.4715344867167,pobre,basal,2,625.0,642.0,1.0,51.0,7,92,4216,0,
97,0.0,1.0,0.67299998,1.0,2.0,10,120.7114971857462,144.4715344867167,pobre,basal,0,625.0,660.33002,1.0,60.0,10,92,4217,2,1.0
98,0.0,1.0,0.67299998,1.0,3.0,10,120.7114971857462,144.4715344867167,pobre,basal,0,625.0,660.33002,1.0,60.0,11,92,4217,2,1.0
97,1.0,1.0,0.67299998,1.0,2.0,10,120.7114971857462,144.4715344867167,pobre,basal,0,625.0,660.33002,1.0,60.0,7,92,4218,2,1.0
98,1.0,1.0,0.67299998,,,10,120.7114971857462,144.4715344867167,pobre,basal,0,625.0,660.33002,1.0,60.0,8,92,4218,2,1.0
97,1.0,0.0,0.67299998,1.0,2.0,5,120.7114971857462,144.4715344867167,pobre,basal,0,625.0,787.64001,1.0,57.0,8,92,4219,2,1.0
98,1.0,0.0,0.67299998,1.0,2.0,5,120.7114971857462,144.4715344867167,pobre,basal,0,625.0,787.64001,1.0,57.0,9,92,4219,2,1.0
97,1.0,0.0,0.67299998,1.0,1.0,5,120.7114971857462,144.4715344867167,pobre,basal,0,500.0,542.0,1.0,24.0,8,92,4220,1,1.0
98,1.0,0.0,0.67299998,1.0,2.0,5,120.7114971857462,144.4715344867167,pobre,basal,0,500.0,542.0,1.0,24.0,9,92,4220,1,1.0
97,1.0,0.0,0.67299998,1.0,8.0,8,120.7114971857462,144.4715344867167,pobre,basal,0,875.0,679.0,1.0,46.0,16,92,4221,8,1.0
98,1.0,0.0,0.67299998,,,8,120.7114971857462,144.4715344867167,pobre,basal,0,875.0,679.0,1.0,46.0,17,92,4221,8,1.0
97,0.0,0.0,0.67299998,1.0,8.0,8,120.7114971857462,144.4715344867167,pobre,basal,0,875.0,679.0,1.0,46.0,14,92,4222,8,1.0
98,0.0,0.0,0.67299998,0.0,9.0,8,120.7114971857462,144.4715344867167,pobre,basal,0,875.0,679.0,1.0,46.0,15,92,4222,8,1.0
97,0.0,0.0,0.67299998,1.0,4.0,8,120.7114971857462,144.4715344867167,pobre,basal,0,875.0,679.0,1.0,46.0,10,92,4223,4,1.0
98,0.0,0.0,0.67299998,1.0,5.0,8,120.7114971857462,144.4715344867167,pobre,basal,0,875.0,679.0,1.0,46.0,11,92,4223,4,1.0
97,1.0,0.0,0.67299998,1.0,2.0,8,120.7114971857462,144.4715344867167,pobre,basal,0,875.0,679.0,1.0,46.0,7,92,4224,2,1.0
98,1.0,0.0,0.67299998,1.0,3.0,8,120.7114971857462,144.4715344867167,pobre,basal,0,875.0,679.0,1.0,46.0,8,92,4224,2,1.0
97,0.0,0.0,0.67299998,1.0,9.0,3,120.7114971857462,144.4715344867167,pobre,basal,4,500.0,801.0,1.0,54.0,15,92,4225,9,1.0
98,0.0,0.0,0.67299998,,,3,120.7114971857462,144.4715344867167,pobre,basal,4,500.0,801.0,1.0,54.0,16,92,4225,9,1.0
97,1.0,0.0,0.67299998,1.0,6.0,2,120.7114971857462,144.4715344867167,pobre,basal,1,625.0,750.0,0.0,33.0,11,92,4226,6,1.0
98,1.0,0.0,0.67299998,1.0,1.0,2,120.7114971857462,144.4715344867167,pobre,basal,1,625.0,750.0,0.0,33.0,12,92,4226,6,1.0
97,1.0,0.0,4.9229999,1.0,5.0,5,119.3203957442982,138.4220097576332,pobre,0,2,0.0,645.5,1.0,29.0,11,91,4227,5,1.0
98,1.0,0.0,4.9229999,1.0,6.0,5,119.3203957442982,138.4220097576332,pobre,0,2,0.0,645.5,1.0,29.0,12,91,4227,5,1.0
97,1.0,0.0,4.9229999,1.0,3.0,5,119.3203957442982,138.4220097576332,pobre,0,2,0.0,645.5,1.0,29.0,11,91,4228,3,1.0
98,1.0,0.0,4.9229999,1.0,4.0,5,119.3203957442982,138.4220097576332,pobre,0,2,0.0,645.5,1.0,29.0,12,91,4228,3,1.0
97,1.0,0.0,4.9229999,1.0,3.0,5,119.3203957442982,138.4220097576332,pobre,0,2,0.0,645.5,1.0,29.0,6,91,4229,3,1.0
98,1.0,0.0,4.9229999,1.0,4.0,5,119.3203957442982,138.4220097576332,pobre,0,2,0.0,645.5,1.0,29.0,7,91,4229,3,1.0
97,1.0,1.0,4.9229999,0.0,1.0,6,119.3203957442982,138.4220097576332,pobre,0,0,0.0,816.0,1.0,58.0,16,91,4230,1,0.0
98,1.0,1.0,4.9229999,,,6,119.3203957442982,138.4220097576332,pobre,0,0,0.0,816.0,1.0,58.0,17,91,4230,1,0.0
97,0.0,1.0,4.9229999,1.0,2.0,6,119.3203957442982,138.4220097576332,pobre,0,0,0.0,816.0,1.0,58.0,10,91,4231,2,1.0
98,0.0,1.0,4.9229999,1.0,3.0,6,119.3203957442982,138.4220097576332,pobre,0,0,0.0,816.0,1.0,58.0,11,91,4231,2,1.0
97,1.0,1.0,4.9229999,,0.0,6,119.3203957442982,138.4220097576332,pobre,0,0,0.0,710.0,1.0,40.0,16,91,4232,0,
98,1.0,1.0,4.9229999,,,6,119.3203957442982,138.4220097576332,pobre,0,0,0.0,710.0,1.0,40.0,17,91,4232,0,
97,0.0,1.0,4.9229999,0.0,6.0,6,119.3203957442982,138.4220097576332,pobre,0,0,0.0,710.0,1.0,40.0,15,91,4233,6,0.0
98,0.0,1.0,4.9229999,0.0,6.0,6,119.3203957442982,138.4220097576332,pobre,0,0,0.0,710.0,1.0,40.0,16,91,4233,6,0.0
97,1.0,1.0,4.9229999,1.0,2.0,6,119.3203957442982,138.4220097576332,pobre,0,0,0.0,710.0,1.0,40.0,12,91,4234,2,1.0
98,1.0,1.0,4.9229999,0.0,3.0,6,119.3203957442982,138.4220097576332,pobre,0,0,0.0,710.0,1.0,40.0,13,91,4234,2,1.0
97,1.0,1.0,4.9229999,1.0,1.0,6,119.3203957442982,138.4220097576332,pobre,0,0,0.0,710.0,1.0,40.0,9,91,4235,1,1.0
98,1.0,1.0,4.9229999,1.0,2.0,6,119.3203957442982,138.4220097576332,pobre,0,0,0.0,710.0,1.0,40.0,10,91,4235,1,1.0
97,1.0,1.0,4.9229999,0.0,2.0,3,119.3203957442982,138.4220097576332,pobre,0,0,750.0,833.5,1.0,50.0,15,91,4236,2,0.0
98,1.0,1.0,4.9229999,1.0,9.0,3,119.3203957442982,138.4220097576332,pobre,0,0,750.0,833.5,1.0,50.0,16,91,4236,2,0.0
97,0.0,1.0,4.9229999,,0.0,8,119.3203957442982,138.4220097576332,pobre,0,0,500.0,749.66998,1.0,40.0,13,91,4237,0,
98,0.0,1.0,4.9229999,0.0,3.0,8,119.3203957442982,138.4220097576332,pobre,0,0,500.0,749.66998,1.0,40.0,14,91,4237,0,
97,0.0,1.0,4.9229999,1.0,1.0,8,119.3203957442982,138.4220097576332,pobre,0,0,500.0,749.66998,1.0,40.0,10,91,4238,1,1.0
98,0.0,1.0,4.9229999,1.0,2.0,8,119.3203957442982,138.4220097576332,pobre,0,0,500.0,749.66998,1.0,40.0,11,91,4238,1,1.0
97,1.0,1.0,4.9229999,0.0,3.0,8,119.3203957442982,138.4220097576332,pobre,0,0,500.0,749.66998,1.0,40.0,16,91,4239,3,0.0
98,1.0,1.0,4.9229999,0.0,0.0,8,119.3203957442982,138.4220097576332,pobre,0,0,500.0,749.66998,1.0,40.0,17,91,4239,3,0.0
97,0.0,1.0,4.9229999,1.0,1.0,6,119.3203957442982,138.4220097576332,pobre,0,1,375.0,518.0,1.0,30.0,8,91,4240,1,1.0
98,0.0,1.0,4.9229999,1.0,2.0,6,119.3203957442982,138.4220097576332,pobre,0,1,375.0,518.0,1.0,30.0,9,91,4240,1,1.0
97,1.0,1.0,4.9229999,0.0,5.0,7,119.3203957442982,138.4220097576332,pobre,0,0,375.0,691.33002,1.0,42.0,15,91,4241,5,0.0
98,1.0,1.0,4.9229999,0.0,6.0,7,119.3203957442982,138.4220097576332,pobre,0,0,375.0,691.33002,1.0,42.0,16,91,4241,5,0.0
97,1.0,1.0,4.9229999,1.0,4.0,7,119.3203957442982,138.4220097576332,pobre,0,0,375.0,691.33002,1.0,42.0,13,91,4242,4,1.0
98,1.0,1.0,4.9229999,1.0,5.0,7,119.3203957442982,138.4220097576332,pobre,0,0,375.0,691.33002,1.0,42.0,14,91,4242,4,1.0
97,0.0,1.0,4.9229999,1.0,0.0,7,119.3203957442982,138.4220097576332,pobre,0,0,375.0,691.33002,1.0,42.0,7,91,4243,0,1.0
98,0.0,1.0,4.9229999,1.0,1.0,7,119.3203957442982,138.4220097576332,pobre,0,0,375.0,691.33002,1.0,42.0,8,91,4243,0,1.0
97,0.0,0.0,0.67299998,1.0,9.0,6,120.7114971857462,144.4715344867167,no pobre,basal,9,625.0,906.0,1.0,53.0,15,92,4244,9,1.0
98,0.0,0.0,0.67299998,,,6,120.7114971857462,144.4715344867167,no pobre,basal,9,625.0,906.0,1.0,53.0,16,92,4244,9,1.0
97,1.0,0.0,0.67299998,1.0,9.0,4,120.7114971857462,144.4715344867167,pobre,basal,6,625.0,724.0,1.0,34.0,15,92,4245,9,1.0
98,1.0,0.0,0.67299998,0.0,9.0,4,120.7114971857462,144.4715344867167,pobre,basal,6,625.0,724.0,1.0,34.0,16,92,4245,9,1.0
97,1.0,0.0,0.67299998,1.0,6.0,4,120.7114971857462,144.4715344867167,pobre,basal,6,625.0,724.0,1.0,34.0,12,92,4246,6,1.0
98,1.0,0.0,0.67299998,1.0,7.0,4,120.7114971857462,144.4715344867167,pobre,basal,6,625.0,724.0,1.0,34.0,13,92,4246,6,1.0
97,0.0,0.0,0.67299998,0.0,6.0,9,120.7114971857462,144.4715344867167,no pobre,basal,3,1600.0,832.25,1.0,50.0,16,92,4247,6,0.0
98,0.0,0.0,0.67299998,,,9,120.7114971857462,144.4715344867167,no pobre,basal,3,1600.0,832.25,1.0,50.0,17,92,4247,6,0.0
97,0.0,0.0,0.67299998,1.0,6.0,9,120.7114971857462,144.4715344867167,no pobre,basal,3,1600.0,832.25,1.0,50.0,11,92,4248,6,1.0
98,0.0,0.0,0.67299998,1.0,7.0,9,120.7114971857462,144.4715344867167,no pobre,basal,3,1600.0,832.25,1.0,50.0,12,92,4248,6,1.0
97,0.0,0.0,0.67299998,1.0,2.0,9,120.7114971857462,144.4715344867167,no pobre,basal,3,1600.0,832.25,1.0,50.0,8,92,4249,2,1.0
98,0.0,0.0,0.67299998,1.0,3.0,9,120.7114971857462,144.4715344867167,no pobre,basal,3,1600.0,832.25,1.0,50.0,9,92,4249,2,1.0
97,1.0,0.0,0.67299998,1.0,6.0,6,120.7114971857462,144.4715344867167,pobre,basal,9,625.0,649.0,1.0,36.0,11,92,4250,6,1.0
98,1.0,0.0,0.67299998,1.0,6.0,6,120.7114971857462,144.4715344867167,pobre,basal,9,625.0,649.0,1.0,36.0,12,92,4250,6,1.0
97,1.0,0.0,0.67299998,1.0,5.0,6,120.7114971857462,144.4715344867167,pobre,basal,9,625.0,649.0,1.0,36.0,10,92,4251,5,1.0
98,1.0,0.0,0.67299998,1.0,5.0,6,120.7114971857462,144.4715344867167,pobre,basal,9,625.0,649.0,1.0,36.0,11,92,4251,5,1.0
97,1.0,0.0,0.67299998,1.0,3.0,6,120.7114971857462,144.4715344867167,pobre,basal,9,625.0,649.0,1.0,36.0,7,92,4252,3,1.0
98,1.0,0.0,0.67299998,1.0,3.0,6,120.7114971857462,144.4715344867167,pobre,basal,9,625.0,649.0,1.0,36.0,8,92,4252,3,1.0
97,1.0,0.0,0.67299998,1.0,3.0,5,120.7114971857462,144.4715344867167,pobre,basal,6,625.0,642.0,1.0,48.0,10,92,4253,3,1.0
98,1.0,0.0,0.67299998,,,5,120.7114971857462,144.4715344867167,pobre,basal,6,625.0,642.0,1.0,48.0,11,92,4253,3,1.0
97,0.0,0.0,0.67299998,1.0,1.0,5,120.7114971857462,144.4715344867167,pobre,basal,6,625.0,642.0,1.0,48.0,7,92,4254,1,1.0
98,0.0,0.0,0.67299998,,,5,120.7114971857462,144.4715344867167,pobre,basal,6,625.0,642.0,1.0,48.0,8,92,4254,1,1.0
97,1.0,0.0,0.67299998,1.0,7.0,8,120.7114971857462,144.4715344867167,pobre,basal,3,625.0,749.0,1.0,49.0,15,92,4255,7,1.0
98,1.0,0.0,0.67299998,1.0,8.0,8,120.7114971857462,144.4715344867167,pobre,basal,3,625.0,749.0,1.0,49.0,16,92,4255,7,1.0
97,0.0,0.0,0.67299998,1.0,5.0,8,120.7114971857462,144.4715344867167,pobre,basal,3,625.0,749.0,1.0,49.0,13,92,4256,5,1.0
98,0.0,0.0,0.67299998,1.0,6.0,8,120.7114971857462,144.4715344867167,pobre,basal,3,625.0,749.0,1.0,49.0,14,92,4256,5,1.0
97,1.0,0.0,0.67299998,1.0,4.0,8,120.7114971857462,144.4715344867167,pobre,basal,3,625.0,749.0,1.0,49.0,10,92,4257,4,1.0
98,1.0,0.0,0.67299998,1.0,5.0,8,120.7114971857462,144.4715344867167,pobre,basal,3,625.0,749.0,1.0,49.0,11,92,4257,4,1.0
97,1.0,0.0,0.67299998,1.0,1.0,8,120.7114971857462,144.4715344867167,pobre,basal,3,625.0,749.0,1.0,49.0,6,92,4258,1,1.0
98,1.0,0.0,0.67299998,1.0,1.0,8,120.7114971857462,144.4715344867167,pobre,basal,3,625.0,749.0,1.0,49.0,7,92,4258,1,1.0
97,0.0,0.0,0.67299998,1.0,4.0,6,120.7114971857462,144.4715344867167,pobre,basal,1,500.0,596.0,1.0,28.0,11,92,4259,4,1.0
98,0.0,0.0,0.67299998,1.0,5.0,6,120.7114971857462,144.4715344867167,pobre,basal,1,500.0,596.0,1.0,28.0,12,92,4259,4,1.0
97,0.0,0.0,0.67299998,,0.0,6,120.7114971857462,144.4715344867167,pobre,basal,1,500.0,596.0,1.0,28.0,10,92,4260,0,
98,0.0,0.0,0.67299998,0.0,3.0,6,120.7114971857462,144.4715344867167,pobre,basal,1,500.0,596.0,1.0,28.0,11,92,4260,0,
97,1.0,0.0,0.67299998,1.0,1.0,6,120.7114971857462,144.4715344867167,pobre,basal,1,500.0,596.0,1.0,28.0,8,92,4261,1,1.0
98,1.0,0.0,0.67299998,1.0,1.0,6,120.7114971857462,144.4715344867167,pobre,basal,1,500.0,596.0,1.0,28.0,9,92,4261,1,1.0
97,1.0,0.0,0.67299998,1.0,3.0,5,120.7114971857462,144.4715344867167,pobre,basal,0,0.0,615.0,0.0,64.0,9,92,4262,3,1.0
98,1.0,0.0,0.67299998,,,5,120.7114971857462,144.4715344867167,pobre,basal,0,0.0,615.0,0.0,64.0,10,92,4262,3,1.0
97,1.0,0.0,0.67299998,0.0,8.0,3,120.7114971857462,144.4715344867167,pobre,basal,0,625.0,761.0,1.0,63.0,14,92,4263,8,0.0
98,1.0,0.0,0.67299998,,,3,120.7114971857462,144.4715344867167,pobre,basal,0,625.0,761.0,1.0,63.0,15,92,4263,8,0.0
97,1.0,0.0,0.67299998,1.0,8.0,5,120.7114971857462,144.4715344867167,no pobre,basal,9,760.41669,839.5,1.0,35.0,11,92,4264,8,1.0
98,1.0,0.0,0.67299998,1.0,9.0,5,120.7114971857462,144.4715344867167,no pobre,basal,9,760.41669,839.5,1.0,35.0,12,92,4264,8,1.0
97,0.0,0.0,0.67299998,1.0,6.0,5,120.7114971857462,144.4715344867167,no pobre,basal,9,760.41669,839.5,1.0,35.0,9,92,4265,6,1.0
98,0.0,0.0,0.67299998,1.0,7.0,5,120.7114971857462,144.4715344867167,no pobre,basal,9,760.41669,839.5,1.0,35.0,10,92,4265,6,1.0
97,1.0,0.0,0.67299998,1.0,4.0,5,120.7114971857462,144.4715344867167,no pobre,basal,9,760.41669,839.5,1.0,35.0,8,92,4266,4,1.0
98,1.0,0.0,0.67299998,1.0,5.0,5,120.7114971857462,144.4715344867167,no pobre,basal,9,760.41669,839.5,1.0,35.0,9,92,4266,4,1.0
97,1.0,1.0,4.9229999,,0.0,4,119.3203957442982,138.4220097576332,pobre,0,0,0.0,653.14001,1.0,59.0,14,91,4267,0,
98,1.0,1.0,4.9229999,,,4,119.3203957442982,138.4220097576332,pobre,0,0,0.0,653.14001,1.0,59.0,15,91,4267,0,
97,0.0,1.0,4.9229999,,0.0,4,119.3203957442982,138.4220097576332,pobre,0,0,400.0,611.0,0.0,60.0,15,91,4268,0,
98,0.0,1.0,4.9229999,,,4,119.3203957442982,138.4220097576332,pobre,0,0,400.0,611.0,0.0,60.0,16,91,4268,0,
97,0.0,1.0,4.9229999,1.0,5.0,4,119.3203957442982,138.4220097576332,pobre,0,0,400.0,611.0,0.0,60.0,14,91,4269,5,1.0
98,0.0,1.0,4.9229999,,,4,119.3203957442982,138.4220097576332,pobre,0,0,400.0,611.0,0.0,60.0,15,91,4269,5,1.0
97,1.0,1.0,4.9229999,1.0,3.0,4,119.3203957442982,138.4220097576332,pobre,0,0,400.0,611.0,0.0,60.0,10,91,4270,3,1.0
98,1.0,1.0,4.9229999,,,4,119.3203957442982,138.4220097576332,pobre,0,0,400.0,611.0,0.0,60.0,11,91,4270,3,1.0
97,0.0,1.0,4.9229999,,0.0,6,119.3203957442982,138.4220097576332,pobre,0,0,400.0,523.0,1.0,98.0,16,91,4271,0,
98,0.0,1.0,4.9229999,0.0,4.0,6,119.3203957442982,138.4220097576332,pobre,0,0,400.0,523.0,1.0,98.0,17,91,4271,0,
97,0.0,1.0,4.9229999,1.0,2.0,6,119.3203957442982,138.4220097576332,pobre,0,0,400.0,523.0,1.0,98.0,8,91,4272,2,1.0
98,0.0,1.0,4.9229999,1.0,3.0,6,119.3203957442982,138.4220097576332,pobre,0,0,400.0,523.0,1.0,98.0,9,91,4272,2,1.0
97,1.0,1.0,4.9229999,,0.0,7,119.3203957442982,138.4220097576332,pobre,0,0,400.0,794.5,1.0,98.0,10,91,4273,0,
98,1.0,1.0,4.9229999,,,7,119.3203957442982,138.4220097576332,pobre,0,0,400.0,794.5,1.0,98.0,11,91,4273,0,
97,0.0,1.0,4.9229999,,0.0,7,119.3203957442982,138.4220097576332,pobre,0,0,400.0,794.5,1.0,98.0,12,91,4274,0,
98,0.0,1.0,4.9229999,,,7,119.3203957442982,138.4220097576332,pobre,0,0,400.0,794.5,1.0,98.0,13,91,4274,0,
97,0.0,1.0,4.9229999,1.0,5.0,7,119.3203957442982,138.4220097576332,pobre,0,0,400.0,606.5,1.0,36.0,11,91,4275,5,1.0
98,0.0,1.0,4.9229999,1.0,6.0,7,119.3203957442982,138.4220097576332,pobre,0,0,400.0,606.5,1.0,36.0,12,91,4275,5,1.0
97,0.0,1.0,4.9229999,1.0,0.0,7,119.3203957442982,138.4220097576332,pobre,0,0,400.0,606.5,1.0,36.0,6,91,4276,0,1.0
98,0.0,1.0,4.9229999,1.0,1.0,7,119.3203957442982,138.4220097576332,pobre,0,0,400.0,606.5,1.0,36.0,7,91,4276,0,1.0
97,1.0,1.0,4.9229999,1.0,1.0,7,119.3203957442982,138.4220097576332,pobre,0,0,400.0,606.5,1.0,36.0,8,91,4277,1,1.0
98,1.0,1.0,4.9229999,1.0,2.0,7,119.3203957442982,138.4220097576332,pobre,0,0,400.0,606.5,1.0,36.0,9,91,4277,1,1.0
97,1.0,1.0,4.9229999,1.0,5.0,4,119.3203957442982,138.4220097576332,pobre,0,0,400.0,642.33002,1.0,44.0,14,91,4278,5,1.0
98,1.0,1.0,4.9229999,0.0,6.0,4,119.3203957442982,138.4220097576332,pobre,0,0,400.0,642.33002,1.0,44.0,15,91,4278,5,1.0
97,1.0,1.0,4.9229999,0.0,6.0,4,119.3203957442982,138.4220097576332,pobre,0,0,400.0,642.33002,1.0,44.0,13,91,4279,6,0.0
98,1.0,1.0,4.9229999,1.0,6.0,4,119.3203957442982,138.4220097576332,pobre,0,0,400.0,642.33002,1.0,44.0,14,91,4279,6,0.0
97,0.0,0.0,4.9229999,1.0,2.0,4,119.3203957442982,138.4220097576332,pobre,0,0,0.0,547.0,1.0,61.0,10,91,4280,2,1.0
98,0.0,0.0,4.9229999,1.0,3.0,4,119.3203957442982,138.4220097576332,pobre,0,0,0.0,547.0,1.0,61.0,11,91,4280,2,1.0
97,1.0,0.0,4.9229999,1.0,1.0,4,119.3203957442982,138.4220097576332,pobre,0,0,0.0,547.0,1.0,61.0,7,91,4281,1,1.0
98,1.0,0.0,4.9229999,1.0,2.0,4,119.3203957442982,138.4220097576332,pobre,0,0,0.0,547.0,1.0,61.0,8,91,4281,1,1.0
97,0.0,0.0,4.9229999,1.0,2.0,4,119.3203957442982,138.4220097576332,pobre,0,0,400.0,583.0,1.0,32.0,10,91,4282,2,1.0
98,0.0,0.0,4.9229999,1.0,2.0,4,119.3203957442982,138.4220097576332,pobre,0,0,400.0,583.0,1.0,32.0,11,91,4282,2,1.0
97,0.0,0.0,4.9229999,0.0,5.0,11,119.3203957442982,138.4220097576332,pobre,0,0,0.0,448.5,1.0,55.0,16,91,4283,5,0.0
98,0.0,0.0,4.9229999,,,11,119.3203957442982,138.4220097576332,pobre,0,0,0.0,448.5,1.0,55.0,17,91,4283,5,0.0
97,0.0,0.0,4.9229999,0.0,6.0,11,119.3203957442982,138.4220097576332,pobre,0,0,0.0,448.5,1.0,55.0,14,91,4284,6,0.0
98,0.0,0.0,4.9229999,0.0,6.0,11,119.3203957442982,138.4220097576332,pobre,0,0,0.0,448.5,1.0,55.0,15,91,4284,6,0.0
97,1.0,0.0,4.9229999,1.0,5.0,11,119.3203957442982,138.4220097576332,pobre,0,0,0.0,448.5,1.0,55.0,12,91,4285,5,1.0
98,1.0,0.0,4.9229999,0.0,6.0,11,119.3203957442982,138.4220097576332,pobre,0,0,0.0,448.5,1.0,55.0,13,91,4285,5,1.0
97,1.0,0.0,4.9229999,1.0,3.0,11,119.3203957442982,138.4220097576332,pobre,0,0,0.0,448.5,1.0,55.0,10,91,4286,3,1.0
98,1.0,0.0,4.9229999,1.0,4.0,11,119.3203957442982,138.4220097576332,pobre,0,0,0.0,448.5,1.0,55.0,11,91,4286,3,1.0
97,1.0,0.0,4.9229999,1.0,0.0,11,119.3203957442982,138.4220097576332,pobre,0,0,0.0,448.5,1.0,55.0,6,91,4287,0,1.0
98,1.0,0.0,4.9229999,1.0,1.0,11,119.3203957442982,138.4220097576332,pobre,0,0,0.0,448.5,1.0,55.0,7,91,4287,0,1.0
97,0.0,1.0,4.9229999,0.0,6.0,9,119.3203957442982,138.4220097576332,pobre,0,0,300.0,637.25,1.0,44.0,16,91,4288,6,0.0
98,0.0,1.0,4.9229999,,,9,119.3203957442982,138.4220097576332,pobre,0,0,300.0,637.25,1.0,44.0,17,91,4288,6,0.0
97,0.0,1.0,4.9229999,0.0,6.0,9,119.3203957442982,138.4220097576332,pobre,0,0,300.0,637.25,1.0,44.0,13,91,4289,6,0.0
98,0.0,1.0,4.9229999,,,9,119.3203957442982,138.4220097576332,pobre,0,0,300.0,637.25,1.0,44.0,14,91,4289,6,0.0
97,0.0,1.0,4.9229999,1.0,5.0,9,119.3203957442982,138.4220097576332,pobre,0,0,300.0,637.25,1.0,44.0,10,91,4290,5,1.0
98,0.0,1.0,4.9229999,,,9,119.3203957442982,138.4220097576332,pobre,0,0,300.0,637.25,1.0,44.0,11,91,4290,5,1.0
97,1.0,1.0,4.9229999,1.0,0.0,7,119.3203957442982,138.4220097576332,pobre,0,1,600.0,586.5,1.0,25.0,6,91,4291,0,1.0
98,1.0,1.0,4.9229999,1.0,1.0,7,119.3203957442982,138.4220097576332,pobre,0,1,600.0,586.5,1.0,25.0,7,91,4291,0,1.0
97,0.0,1.0,4.9229999,1.0,3.0,5,119.3203957442982,138.4220097576332,pobre,0,0,300.0,584.0,0.0,35.0,12,91,4292,3,1.0
98,0.0,1.0,4.9229999,1.0,4.0,5,119.3203957442982,138.4220097576332,pobre,0,0,300.0,584.0,0.0,35.0,13,91,4292,3,1.0
97,0.0,1.0,4.9229999,1.0,3.0,5,119.3203957442982,138.4220097576332,pobre,0,0,300.0,584.0,0.0,35.0,10,91,4293,3,1.0
98,0.0,1.0,4.9229999,1.0,4.0,5,119.3203957442982,138.4220097576332,pobre,0,0,300.0,584.0,0.0,35.0,11,91,4293,3,1.0
97,1.0,1.0,4.9229999,1.0,0.0,5,119.3203957442982,138.4220097576332,pobre,0,0,300.0,584.0,0.0,35.0,7,91,4294,0,1.0
98,1.0,1.0,4.9229999,1.0,1.0,5,119.3203957442982,138.4220097576332,pobre,0,0,300.0,584.0,0.0,35.0,8,91,4294,0,1.0
97,1.0,0.0,4.9229999,1.0,8.0,9,119.3203957442982,138.4220097576332,pobre,0,3,0.0,691.0,1.0,46.0,15,91,4295,8,1.0
98,1.0,0.0,4.9229999,1.0,9.0,9,119.3203957442982,138.4220097576332,pobre,0,3,0.0,691.0,1.0,46.0,16,91,4295,8,1.0
97,1.0,0.0,4.9229999,1.0,7.0,9,119.3203957442982,138.4220097576332,pobre,0,3,0.0,691.0,1.0,46.0,13,91,4296,7,1.0
98,1.0,0.0,4.9229999,1.0,8.0,9,119.3203957442982,138.4220097576332,pobre,0,3,0.0,691.0,1.0,46.0,14,91,4296,7,1.0
97,1.0,0.0,4.9229999,1.0,5.0,9,119.3203957442982,138.4220097576332,pobre,0,3,0.0,691.0,1.0,46.0,11,91,4297,5,1.0
98,1.0,0.0,4.9229999,1.0,6.0,9,119.3203957442982,138.4220097576332,pobre,0,3,0.0,691.0,1.0,46.0,12,91,4297,5,1.0
97,1.0,0.0,4.9229999,1.0,3.0,9,119.3203957442982,138.4220097576332,pobre,0,3,0.0,691.0,1.0,46.0,9,91,4298,3,1.0
98,1.0,0.0,4.9229999,1.0,4.0,9,119.3203957442982,138.4220097576332,pobre,0,3,0.0,691.0,1.0,46.0,10,91,4298,3,1.0
97,1.0,1.0,4.9229999,0.0,1.0,4,119.3203957442982,138.4220097576332,pobre,0,0,0.0,687.0,1.0,68.0,16,91,4299,1,0.0
98,1.0,1.0,4.9229999,,,4,119.3203957442982,138.4220097576332,pobre,0,0,0.0,687.0,1.0,68.0,17,91,4299,1,0.0
97,1.0,1.0,4.9229999,1.0,1.0,4,119.3203957442982,138.4220097576332,pobre,0,0,0.0,687.0,1.0,68.0,10,91,4300,1,1.0
98,1.0,1.0,4.9229999,1.0,2.0,4,119.3203957442982,138.4220097576332,pobre,0,0,0.0,687.0,1.0,68.0,11,91,4300,1,1.0
97,1.0,1.0,4.9229999,1.0,6.0,7,119.3203957442982,138.4220097576332,pobre,0,3,360.0,488.0,1.0,42.0,14,91,4301,6,1.0
98,1.0,1.0,4.9229999,1.0,8.0,7,119.3203957442982,138.4220097576332,pobre,0,3,360.0,488.0,1.0,42.0,15,91,4301,6,1.0
97,0.0,1.0,4.9229999,1.0,4.0,7,119.3203957442982,138.4220097576332,pobre,0,3,360.0,488.0,1.0,42.0,11,91,4302,4,1.0
98,0.0,1.0,4.9229999,1.0,4.0,7,119.3203957442982,138.4220097576332,pobre,0,3,360.0,488.0,1.0,42.0,12,91,4302,4,1.0
97,1.0,1.0,4.9229999,1.0,2.0,7,119.3203957442982,138.4220097576332,pobre,0,3,360.0,488.0,1.0,42.0,9,91,4303,2,1.0
98,1.0,1.0,4.9229999,1.0,2.0,7,119.3203957442982,138.4220097576332,pobre,0,3,360.0,488.0,1.0,42.0,10,91,4303,2,1.0
97,0.0,1.0,4.9229999,1.0,3.0,7,119.3203957442982,138.4220097576332,pobre,0,3,360.0,488.0,1.0,42.0,7,91,4304,3,1.0
98,0.0,1.0,4.9229999,1.0,4.0,7,119.3203957442982,138.4220097576332,pobre,0,3,360.0,488.0,1.0,42.0,8,91,4304,3,1.0
97,1.0,1.0,4.9229999,0.0,6.0,3,119.3203957442982,138.4220097576332,pobre,0,0,0.0,698.5,1.0,50.0,16,91,4305,6,0.0
98,1.0,1.0,4.9229999,,,3,119.3203957442982,138.4220097576332,pobre,0,0,0.0,698.5,1.0,50.0,17,91,4305,6,0.0
97,1.0,1.0,1.665,1.0,1.0,4,132.1117805208397,164.3844062152743,pobre,basal,0,625.0,733.0,1.0,38.0,9,58,4306,1,1.0
98,1.0,1.0,1.665,1.0,2.0,4,132.1117805208397,164.3844062152743,pobre,basal,0,625.0,733.0,1.0,38.0,10,58,4306,1,1.0
97,0.0,1.0,1.665,1.0,2.0,4,132.1117805208397,164.3844062152743,pobre,basal,0,625.0,733.0,1.0,38.0,8,58,4307,2,1.0
98,0.0,1.0,1.665,1.0,1.0,4,132.1117805208397,164.3844062152743,pobre,basal,0,625.0,733.0,1.0,38.0,9,58,4307,2,1.0
97,0.0,0.0,1.665,1.0,6.0,7,132.1117805208397,164.3844062152743,pobre,basal,5,200.0,625.0,1.0,30.0,13,58,4308,6,1.0
98,0.0,0.0,1.665,0.0,6.0,7,132.1117805208397,164.3844062152743,pobre,basal,5,200.0,625.0,1.0,30.0,14,58,4308,6,1.0
97,1.0,0.0,1.665,1.0,5.0,7,132.1117805208397,164.3844062152743,pobre,basal,5,200.0,625.0,1.0,30.0,12,58,4309,5,1.0
98,1.0,0.0,1.665,1.0,6.0,7,132.1117805208397,164.3844062152743,pobre,basal,5,200.0,625.0,1.0,30.0,13,58,4309,5,1.0
97,1.0,0.0,1.665,1.0,1.0,7,132.1117805208397,164.3844062152743,pobre,basal,5,200.0,625.0,1.0,30.0,9,58,4310,1,1.0
98,1.0,0.0,1.665,1.0,2.0,7,132.1117805208397,164.3844062152743,pobre,basal,5,200.0,625.0,1.0,30.0,10,58,4310,1,1.0
97,1.0,0.0,1.391,1.0,2.0,4,129.3415561763121,158.3548795708538,pobre,basal,3,625.0,567.0,1.0,30.0,6,59,4311,2,1.0
98,1.0,0.0,1.391,1.0,3.0,4,129.3415561763121,158.3548795708538,pobre,basal,3,625.0,567.0,1.0,30.0,7,59,4311,2,1.0
97,1.0,0.0,1.391,1.0,5.0,8,129.3415561763121,158.3548795708538,pobre,basal,1,625.0,524.0,1.0,42.0,11,59,4312,5,1.0
98,1.0,0.0,1.391,1.0,6.0,8,129.3415561763121,158.3548795708538,pobre,basal,1,625.0,524.0,1.0,42.0,12,59,4312,5,1.0
97,1.0,0.0,1.391,1.0,2.0,8,129.3415561763121,158.3548795708538,pobre,basal,1,625.0,524.0,1.0,42.0,7,59,4313,2,1.0
98,1.0,0.0,1.391,1.0,3.0,8,129.3415561763121,158.3548795708538,pobre,basal,1,625.0,524.0,1.0,42.0,8,59,4313,2,1.0
97,0.0,0.0,1.391,1.0,1.0,8,129.3415561763121,158.3548795708538,pobre,basal,1,625.0,524.0,1.0,42.0,7,59,4314,1,1.0
98,0.0,0.0,1.391,1.0,2.0,8,129.3415561763121,158.3548795708538,pobre,basal,1,625.0,524.0,1.0,42.0,8,59,4314,1,1.0
97,1.0,0.0,1.391,1.0,7.0,4,129.3415561763121,158.3548795708538,pobre,basal,3,625.0,753.0,1.0,54.0,12,59,4315,7,1.0
98,1.0,0.0,1.391,1.0,8.0,4,129.3415561763121,158.3548795708538,pobre,basal,3,625.0,753.0,1.0,54.0,13,59,4315,7,1.0
97,1.0,0.0,1.391,1.0,6.0,6,129.3415561763121,158.3548795708538,pobre,basal,0,625.0,720.0,1.0,52.0,15,59,4316,6,1.0
98,1.0,0.0,1.391,,,6,129.3415561763121,158.3548795708538,pobre,basal,0,625.0,720.0,1.0,52.0,16,59,4316,6,1.0
97,1.0,0.0,1.391,1.0,4.0,6,129.3415561763121,158.3548795708538,pobre,basal,0,625.0,720.0,1.0,52.0,10,59,4317,4,1.0
98,1.0,0.0,1.391,1.0,5.0,6,129.3415561763121,158.3548795708538,pobre,basal,0,625.0,720.0,1.0,52.0,11,59,4317,4,1.0
97,0.0,0.0,1.391,1.0,1.0,6,129.3415561763121,158.3548795708538,pobre,basal,0,625.0,720.0,1.0,52.0,6,59,4318,1,1.0
98,0.0,0.0,1.391,1.0,1.0,6,129.3415561763121,158.3548795708538,pobre,basal,0,625.0,720.0,1.0,52.0,7,59,4318,1,1.0
97,1.0,0.0,1.391,1.0,1.0,3,129.3415561763121,158.3548795708538,no pobre,basal,9,625.0,759.0,1.0,60.0,6,59,4319,1,1.0
98,1.0,0.0,1.391,1.0,0.0,3,129.3415561763121,158.3548795708538,no pobre,basal,9,625.0,759.0,1.0,60.0,7,59,4319,1,1.0
97,1.0,0.0,1.391,1.0,1.0,6,129.3415561763121,158.3548795708538,pobre,basal,0,0.0,550.0,0.0,71.0,7,59,4320,1,1.0
98,1.0,0.0,1.391,1.0,2.0,6,129.3415561763121,158.3548795708538,pobre,basal,0,0.0,550.0,0.0,71.0,8,59,4320,1,1.0
97,0.0,0.0,1.391,1.0,0.0,6,129.3415561763121,158.3548795708538,pobre,basal,0,0.0,550.0,0.0,71.0,6,59,4321,0,1.0
98,0.0,0.0,1.391,1.0,1.0,6,129.3415561763121,158.3548795708538,pobre,basal,0,0.0,550.0,0.0,71.0,7,59,4321,0,1.0
97,1.0,1.0,1.665,1.0,8.0,4,132.1117805208397,164.3844062152743,no pobre,basal,1,750.0,822.0,1.0,45.0,16,58,4322,8,1.0
98,1.0,1.0,1.665,,,4,132.1117805208397,164.3844062152743,no pobre,basal,1,750.0,822.0,1.0,45.0,17,58,4322,8,1.0
97,1.0,1.0,1.665,,0.0,5,132.1117805208397,164.3844062152743,pobre,basal,0,625.0,622.0,1.0,98.0,6,58,4323,0,
98,1.0,1.0,1.665,1.0,1.0,5,132.1117805208397,164.3844062152743,pobre,basal,0,625.0,622.0,1.0,98.0,7,58,4323,0,
97,1.0,1.0,1.665,1.0,2.0,6,132.1117805208397,164.3844062152743,pobre,basal,1,625.0,503.0,1.0,40.0,8,58,4324,2,1.0
98,1.0,1.0,1.665,1.0,3.0,6,132.1117805208397,164.3844062152743,pobre,basal,1,625.0,503.0,1.0,40.0,9,58,4324,2,1.0
97,0.0,1.0,1.665,1.0,1.0,6,132.1117805208397,164.3844062152743,pobre,basal,1,625.0,503.0,1.0,40.0,7,58,4325,1,1.0
98,0.0,1.0,1.665,1.0,2.0,6,132.1117805208397,164.3844062152743,pobre,basal,1,625.0,503.0,1.0,40.0,8,58,4325,1,1.0
97,1.0,1.0,1.665,1.0,4.0,4,132.1117805208397,164.3844062152743,pobre,basal,3,625.0,687.0,1.0,35.0,10,58,4326,4,1.0
98,1.0,1.0,1.665,1.0,5.0,4,132.1117805208397,164.3844062152743,pobre,basal,3,625.0,687.0,1.0,35.0,11,58,4326,4,1.0
97,1.0,1.0,1.665,0.0,7.0,8,132.1117805208397,164.3844062152743,pobre,basal,2,625.0,679.0,1.0,36.0,16,58,4327,7,0.0
98,1.0,1.0,1.665,,,8,132.1117805208397,164.3844062152743,pobre,basal,2,625.0,679.0,1.0,36.0,17,58,4327,7,0.0
97,0.0,1.0,1.665,0.0,6.0,8,132.1117805208397,164.3844062152743,pobre,basal,2,625.0,679.0,1.0,36.0,13,58,4328,6,0.0
98,0.0,1.0,1.665,0.0,6.0,8,132.1117805208397,164.3844062152743,pobre,basal,2,625.0,679.0,1.0,36.0,14,58,4328,6,0.0
97,1.0,1.0,1.665,1.0,4.0,8,132.1117805208397,164.3844062152743,pobre,basal,2,625.0,679.0,1.0,36.0,10,58,4329,4,1.0
98,1.0,1.0,1.665,1.0,5.0,8,132.1117805208397,164.3844062152743,pobre,basal,2,625.0,679.0,1.0,36.0,11,58,4329,4,1.0
97,1.0,1.0,1.665,1.0,2.0,8,132.1117805208397,164.3844062152743,pobre,basal,2,625.0,679.0,1.0,36.0,8,58,4330,2,1.0
98,1.0,1.0,1.665,1.0,3.0,8,132.1117805208397,164.3844062152743,pobre,basal,2,625.0,679.0,1.0,36.0,9,58,4330,2,1.0
97,0.0,1.0,1.665,1.0,7.0,7,132.1117805208397,164.3844062152743,pobre,basal,0,750.0,558.0,1.0,28.0,15,58,4331,7,1.0
98,0.0,1.0,1.665,1.0,8.0,7,132.1117805208397,164.3844062152743,pobre,basal,0,750.0,558.0,1.0,28.0,16,58,4331,7,1.0
97,1.0,1.0,1.665,1.0,4.0,7,132.1117805208397,164.3844062152743,pobre,basal,0,750.0,558.0,1.0,28.0,10,58,4332,4,1.0
98,1.0,1.0,1.665,1.0,5.0,7,132.1117805208397,164.3844062152743,pobre,basal,0,750.0,558.0,1.0,28.0,11,58,4332,4,1.0
97,1.0,1.0,1.665,1.0,3.0,7,132.1117805208397,164.3844062152743,pobre,basal,0,750.0,558.0,1.0,28.0,9,58,4333,3,1.0
98,1.0,1.0,1.665,1.0,1.0,7,132.1117805208397,164.3844062152743,pobre,basal,0,750.0,558.0,1.0,28.0,10,58,4333,3,1.0
97,1.0,1.0,1.665,1.0,7.0,8,132.1117805208397,164.3844062152743,pobre,basal,3,625.0,765.0,1.0,50.0,15,58,4334,7,1.0
98,1.0,1.0,1.665,1.0,7.0,8,132.1117805208397,164.3844062152743,pobre,basal,3,625.0,765.0,1.0,50.0,16,58,4334,7,1.0
97,1.0,1.0,1.665,1.0,6.0,8,132.1117805208397,164.3844062152743,pobre,basal,3,625.0,765.0,1.0,50.0,12,58,4335,6,1.0
98,1.0,1.0,1.665,1.0,7.0,8,132.1117805208397,164.3844062152743,pobre,basal,3,625.0,765.0,1.0,50.0,13,58,4335,6,1.0
97,1.0,1.0,1.665,1.0,1.0,8,132.1117805208397,164.3844062152743,pobre,basal,3,625.0,765.0,1.0,50.0,7,58,4336,1,1.0
98,1.0,1.0,1.665,1.0,2.0,8,132.1117805208397,164.3844062152743,pobre,basal,3,625.0,765.0,1.0,50.0,8,58,4336,1,1.0
97,0.0,1.0,1.665,1.0,0.0,4,132.1117805208397,164.3844062152743,pobre,basal,5,625.0,700.0,1.0,26.0,6,58,4337,0,1.0
98,0.0,1.0,1.665,,,4,132.1117805208397,164.3844062152743,pobre,basal,5,625.0,700.0,1.0,26.0,7,58,4337,0,1.0
97,0.0,1.0,1.665,1.0,4.0,4,132.1117805208397,164.3844062152743,pobre,basal,6,625.0,690.0,1.0,33.0,10,58,4338,4,1.0
98,0.0,1.0,1.665,1.0,5.0,4,132.1117805208397,164.3844062152743,pobre,basal,6,625.0,690.0,1.0,33.0,11,58,4338,4,1.0
97,1.0,1.0,1.665,,0.0,6,132.1117805208397,164.3844062152743,pobre,basal,0,625.0,810.0,1.0,48.0,15,58,4339,0,
98,1.0,1.0,1.665,1.0,9.0,6,132.1117805208397,164.3844062152743,pobre,basal,0,625.0,810.0,1.0,48.0,16,58,4339,0,
97,0.0,1.0,1.665,1.0,6.0,6,132.1117805208397,164.3844062152743,pobre,basal,0,625.0,810.0,1.0,48.0,13,58,4340,6,1.0
98,0.0,1.0,1.665,1.0,8.0,6,132.1117805208397,164.3844062152743,pobre,basal,0,625.0,810.0,1.0,48.0,14,58,4340,6,1.0
97,0.0,1.0,1.665,1.0,2.0,6,132.1117805208397,164.3844062152743,pobre,basal,0,625.0,810.0,1.0,48.0,8,58,4341,2,1.0
98,0.0,1.0,1.665,1.0,3.0,6,132.1117805208397,164.3844062152743,pobre,basal,0,625.0,810.0,1.0,48.0,9,58,4341,2,1.0
97,0.0,1.0,1.665,1.0,0.0,5,132.1117805208397,164.3844062152743,pobre,basal,1,625.0,529.0,1.0,28.0,6,58,4342,0,1.0
98,0.0,1.0,1.665,1.0,1.0,5,132.1117805208397,164.3844062152743,pobre,basal,1,625.0,529.0,1.0,28.0,7,58,4342,0,1.0
97,0.0,0.0,1.391,1.0,5.0,6,129.3415561763121,158.3548795708538,pobre,basal,2,625.0,711.0,1.0,59.0,12,59,4343,5,1.0
98,0.0,0.0,1.391,,,6,129.3415561763121,158.3548795708538,pobre,basal,2,625.0,711.0,1.0,59.0,13,59,4343,5,1.0
97,0.0,0.0,1.391,1.0,4.0,6,129.3415561763121,158.3548795708538,pobre,basal,2,625.0,711.0,1.0,59.0,10,59,4344,4,1.0
98,0.0,0.0,1.391,,,6,129.3415561763121,158.3548795708538,pobre,basal,2,625.0,711.0,1.0,59.0,11,59,4344,4,1.0
97,1.0,0.0,1.391,0.0,9.0,7,129.3415561763121,158.3548795708538,pobre,basal,2,625.0,579.0,1.0,38.0,15,59,4345,9,0.0
98,1.0,0.0,1.391,0.0,9.0,7,129.3415561763121,158.3548795708538,pobre,basal,2,625.0,579.0,1.0,38.0,16,59,4345,9,0.0
97,1.0,0.0,1.391,1.0,5.0,7,129.3415561763121,158.3548795708538,pobre,basal,2,625.0,579.0,1.0,38.0,11,59,4346,5,1.0
98,1.0,0.0,1.391,1.0,6.0,7,129.3415561763121,158.3548795708538,pobre,basal,2,625.0,579.0,1.0,38.0,12,59,4346,5,1.0
97,0.0,0.0,1.391,1.0,2.0,7,129.3415561763121,158.3548795708538,pobre,basal,2,625.0,579.0,1.0,38.0,8,59,4347,2,1.0
98,0.0,0.0,1.391,1.0,3.0,7,129.3415561763121,158.3548795708538,pobre,basal,2,625.0,579.0,1.0,38.0,9,59,4347,2,1.0
97,0.0,0.0,1.391,1.0,8.0,3,129.3415561763121,158.3548795708538,pobre,basal,0,625.0,864.0,1.0,59.0,15,59,4348,8,1.0
98,0.0,0.0,1.391,1.0,9.0,3,129.3415561763121,158.3548795708538,pobre,basal,0,625.0,864.0,1.0,59.0,16,59,4348,8,1.0
97,1.0,0.0,1.391,1.0,4.0,4,129.3415561763121,158.3548795708538,pobre,basal,1,625.0,813.0,1.0,35.0,11,59,4349,4,1.0
98,1.0,0.0,1.391,1.0,5.0,4,129.3415561763121,158.3548795708538,pobre,basal,1,625.0,813.0,1.0,35.0,12,59,4349,4,1.0
97,0.0,0.0,1.391,1.0,4.0,4,129.3415561763121,158.3548795708538,pobre,basal,1,625.0,813.0,1.0,35.0,10,59,4350,4,1.0
98,0.0,0.0,1.391,1.0,5.0,4,129.3415561763121,158.3548795708538,pobre,basal,1,625.0,813.0,1.0,35.0,11,59,4350,4,1.0
97,1.0,1.0,1.665,,0.0,5,132.1117805208397,164.3844062152743,pobre,basal,0,625.0,678.39001,1.0,75.0,13,58,4351,0,
98,1.0,1.0,1.665,1.0,2.0,5,132.1117805208397,164.3844062152743,pobre,basal,0,625.0,678.39001,1.0,75.0,14,58,4351,0,
97,0.0,1.0,1.665,1.0,1.0,5,132.1117805208397,164.3844062152743,pobre,basal,9,625.0,634.5,1.0,29.0,7,58,4352,1,1.0
98,0.0,1.0,1.665,1.0,2.0,5,132.1117805208397,164.3844062152743,pobre,basal,9,625.0,634.5,1.0,29.0,8,58,4352,1,1.0
97,1.0,1.0,1.665,1.0,5.0,3,132.1117805208397,164.3844062152743,pobre,basal,3,625.0,758.0,1.0,52.0,11,58,4353,5,1.0
98,1.0,1.0,1.665,1.0,6.0,3,132.1117805208397,164.3844062152743,pobre,basal,3,625.0,758.0,1.0,52.0,12,58,4353,5,1.0
97,1.0,0.0,1.735,0.0,6.0,6,116.077901210358,138.8905476920887,pobre,basal,3,500.0,611.0,1.0,45.0,16,103,4354,6,0.0
98,1.0,0.0,1.735,,,6,116.077901210358,138.8905476920887,pobre,basal,3,500.0,611.0,1.0,45.0,17,103,4354,6,0.0
97,0.0,0.0,1.735,0.0,6.0,6,116.077901210358,138.8905476920887,pobre,basal,3,500.0,611.0,1.0,45.0,12,103,4355,6,0.0
98,0.0,0.0,1.735,0.0,6.0,6,116.077901210358,138.8905476920887,pobre,basal,3,500.0,611.0,1.0,45.0,13,103,4355,6,0.0
97,1.0,0.0,1.735,0.0,5.0,6,116.077901210358,138.8905476920887,pobre,basal,3,500.0,611.0,1.0,45.0,10,103,4356,5,0.0
98,1.0,0.0,1.735,1.0,5.0,6,116.077901210358,138.8905476920887,pobre,basal,3,500.0,611.0,1.0,45.0,11,103,4356,5,0.0
97,1.0,0.0,1.735,0.0,1.0,6,116.077901210358,138.8905476920887,pobre,basal,3,500.0,611.0,1.0,45.0,7,103,4357,1,0.0
98,1.0,0.0,1.735,1.0,1.0,6,116.077901210358,138.8905476920887,pobre,basal,3,500.0,611.0,1.0,45.0,8,103,4357,1,0.0
97,0.0,0.0,1.735,1.0,6.0,14,116.077901210358,138.8905476920887,pobre,basal,0,480.0,662.5,1.0,59.0,15,103,4358,6,1.0
98,0.0,0.0,1.735,0.0,6.0,14,116.077901210358,138.8905476920887,pobre,basal,0,480.0,662.5,1.0,59.0,16,103,4358,6,1.0
97,1.0,0.0,1.735,1.0,2.0,14,116.077901210358,138.8905476920887,pobre,basal,0,480.0,662.5,1.0,59.0,7,103,4359,2,1.0
98,1.0,0.0,1.735,1.0,2.0,14,116.077901210358,138.8905476920887,pobre,basal,0,480.0,662.5,1.0,59.0,8,103,4359,2,1.0
97,0.0,0.0,1.735,1.0,1.0,14,116.077901210358,138.8905476920887,pobre,basal,0,480.0,662.5,1.0,59.0,6,103,4360,1,1.0
98,0.0,0.0,1.735,,,14,116.077901210358,138.8905476920887,pobre,basal,0,480.0,662.5,1.0,59.0,7,103,4360,1,1.0
97,0.0,1.0,1.979,1.0,3.0,8,93.70589647166857,117.9534790688915,pobre,0,1,1200.0,533.0,1.0,30.0,9,116,4361,3,1.0
98,0.0,1.0,1.979,1.0,4.0,8,93.70589647166857,117.9534790688915,pobre,0,1,1200.0,533.0,1.0,30.0,10,116,4361,3,1.0
97,0.0,1.0,1.979,1.0,1.0,8,93.70589647166857,117.9534790688915,pobre,0,1,1200.0,533.0,1.0,30.0,6,116,4362,1,1.0
98,0.0,1.0,1.979,1.0,1.0,8,93.70589647166857,117.9534790688915,pobre,0,1,1200.0,533.0,1.0,30.0,7,116,4362,1,1.0
97,0.0,1.0,1.979,0.0,1.0,8,93.70589647166857,117.9534790688915,pobre,0,1,1200.0,533.0,1.0,30.0,12,116,4363,1,0.0
98,0.0,1.0,1.979,0.0,7.0,8,93.70589647166857,117.9534790688915,pobre,0,1,1200.0,533.0,1.0,30.0,13,116,4363,1,0.0
97,1.0,0.0,1.979,0.0,6.0,10,93.70589647166857,117.9534790688915,no pobre,0,5,1600.0,771.0,1.0,26.0,16,116,4364,6,0.0
98,1.0,0.0,1.979,,,10,93.70589647166857,117.9534790688915,no pobre,0,5,1600.0,771.0,1.0,26.0,17,116,4364,6,0.0
97,1.0,0.0,1.979,0.0,6.0,10,93.70589647166857,117.9534790688915,no pobre,0,5,1600.0,771.0,1.0,26.0,13,116,4365,6,0.0
98,1.0,0.0,1.979,0.0,6.0,10,93.70589647166857,117.9534790688915,no pobre,0,5,1600.0,771.0,1.0,26.0,14,116,4365,6,0.0
97,1.0,0.0,1.979,1.0,5.0,10,93.70589647166857,117.9534790688915,no pobre,0,5,1600.0,771.0,1.0,26.0,9,116,4366,5,1.0
98,1.0,0.0,1.979,1.0,6.0,10,93.70589647166857,117.9534790688915,no pobre,0,5,1600.0,771.0,1.0,26.0,10,116,4366,5,1.0
97,1.0,1.0,1.979,0.0,6.0,7,93.70589647166857,117.9534790688915,pobre,0,0,0.0,627.0,1.0,34.0,13,116,4367,6,0.0
98,1.0,1.0,1.979,0.0,6.0,7,93.70589647166857,117.9534790688915,pobre,0,0,0.0,627.0,1.0,34.0,14,116,4367,6,0.0
97,0.0,1.0,1.979,1.0,6.0,7,93.70589647166857,117.9534790688915,pobre,0,0,0.0,627.0,1.0,34.0,12,116,4368,6,1.0
98,0.0,1.0,1.979,0.0,6.0,7,93.70589647166857,117.9534790688915,pobre,0,0,0.0,627.0,1.0,34.0,13,116,4368,6,1.0
97,1.0,1.0,1.979,1.0,4.0,7,93.70589647166857,117.9534790688915,pobre,0,0,0.0,627.0,1.0,34.0,10,116,4369,4,1.0
98,1.0,1.0,1.979,1.0,5.0,7,93.70589647166857,117.9534790688915,pobre,0,0,0.0,627.0,1.0,34.0,11,116,4369,4,1.0
97,1.0,1.0,1.979,1.0,2.0,7,93.70589647166857,117.9534790688915,pobre,0,0,0.0,627.0,1.0,34.0,8,116,4370,2,1.0
98,1.0,1.0,1.979,1.0,3.0,7,93.70589647166857,117.9534790688915,pobre,0,0,0.0,627.0,1.0,34.0,9,116,4370,2,1.0
97,1.0,0.0,1.979,1.0,5.0,6,93.70589647166857,117.9534790688915,pobre,0,0,1400.0,649.0,1.0,29.0,9,116,4371,5,1.0
98,1.0,0.0,1.979,1.0,6.0,6,93.70589647166857,117.9534790688915,pobre,0,0,1400.0,649.0,1.0,29.0,10,116,4371,5,1.0
97,1.0,0.0,1.979,1.0,3.0,6,93.70589647166857,117.9534790688915,pobre,0,0,1400.0,649.0,1.0,29.0,8,116,4372,3,1.0
98,1.0,0.0,1.979,1.0,3.0,6,93.70589647166857,117.9534790688915,pobre,0,0,1400.0,649.0,1.0,29.0,9,116,4372,3,1.0
97,0.0,0.0,1.979,1.0,1.0,6,93.70589647166857,117.9534790688915,pobre,0,0,1400.0,649.0,1.0,29.0,6,116,4373,1,1.0
98,0.0,0.0,1.979,1.0,1.0,6,93.70589647166857,117.9534790688915,pobre,0,0,1400.0,649.0,1.0,29.0,7,116,4373,1,1.0
97,0.0,1.0,1.979,0.0,5.0,8,93.70589647166857,117.9534790688915,pobre,0,0,625.0,761.66998,1.0,40.0,15,116,4374,5,0.0
98,0.0,1.0,1.979,0.0,5.0,8,93.70589647166857,117.9534790688915,pobre,0,0,625.0,761.66998,1.0,40.0,16,116,4374,5,0.0
97,0.0,1.0,1.979,1.0,6.0,8,93.70589647166857,117.9534790688915,pobre,0,0,625.0,761.66998,1.0,40.0,13,116,4375,6,1.0
98,0.0,1.0,1.979,0.0,6.0,8,93.70589647166857,117.9534790688915,pobre,0,0,625.0,761.66998,1.0,40.0,14,116,4375,6,1.0
97,1.0,1.0,1.979,1.0,1.0,8,93.70589647166857,117.9534790688915,pobre,0,0,625.0,761.66998,1.0,40.0,7,116,4376,1,1.0
98,1.0,1.0,1.979,1.0,1.0,8,93.70589647166857,117.9534790688915,pobre,0,0,625.0,761.66998,1.0,40.0,8,116,4376,1,1.0
97,0.0,1.0,1.979,0.0,2.0,9,93.70589647166857,117.9534790688915,pobre,0,0,1680.0,764.5,1.0,38.0,16,116,4377,2,0.0
98,0.0,1.0,1.979,,,9,93.70589647166857,117.9534790688915,pobre,0,0,1680.0,764.5,1.0,38.0,17,116,4377,2,0.0
97,1.0,0.0,1.979,1.0,8.0,9,93.70589647166857,117.9534790688915,pobre,0,0,1680.0,764.5,1.0,38.0,14,116,4378,8,1.0
98,1.0,0.0,1.979,1.0,9.0,9,93.70589647166857,117.9534790688915,pobre,0,0,1680.0,764.5,1.0,38.0,15,116,4378,8,1.0
97,1.0,0.0,1.979,1.0,5.0,9,93.70589647166857,117.9534790688915,pobre,0,0,1680.0,764.5,1.0,38.0,12,116,4379,5,1.0
98,1.0,0.0,1.979,1.0,6.0,9,93.70589647166857,117.9534790688915,pobre,0,0,1680.0,764.5,1.0,38.0,13,116,4379,5,1.0
97,0.0,0.0,1.979,1.0,2.0,9,93.70589647166857,117.9534790688915,pobre,0,0,1680.0,764.5,1.0,38.0,7,116,4380,2,1.0
98,0.0,0.0,1.979,1.0,2.0,9,93.70589647166857,117.9534790688915,pobre,0,0,1680.0,764.5,1.0,38.0,8,116,4380,2,1.0
97,0.0,0.0,1.979,1.0,2.0,6,93.70589647166857,117.9534790688915,no pobre,0,0,625.0,768.0,1.0,67.0,6,116,4381,2,1.0
98,0.0,0.0,1.979,1.0,1.0,6,93.70589647166857,117.9534790688915,no pobre,0,0,625.0,768.0,1.0,67.0,7,116,4381,2,1.0
97,0.0,1.0,1.979,1.0,6.0,2,93.70589647166857,117.9534790688915,pobre,0,0,625.0,858.0,0.0,38.0,11,116,4382,6,1.0
98,0.0,1.0,1.979,0.0,6.0,2,93.70589647166857,117.9534790688915,pobre,0,0,625.0,858.0,0.0,38.0,12,116,4382,6,1.0
97,1.0,1.0,1.979,1.0,3.0,5,93.70589647166857,117.9534790688915,no pobre,0,2,1600.0,761.5,1.0,29.0,9,116,4383,3,1.0
98,1.0,1.0,1.979,1.0,4.0,5,93.70589647166857,117.9534790688915,no pobre,0,2,1600.0,761.5,1.0,29.0,10,116,4383,3,1.0
97,0.0,0.0,1.979,0.0,6.0,6,93.70589647166857,117.9534790688915,no pobre,0,3,720.0,887.0,1.0,46.0,15,116,4384,6,0.0
98,0.0,0.0,1.979,1.0,6.0,6,93.70589647166857,117.9534790688915,no pobre,0,3,720.0,887.0,1.0,46.0,16,116,4384,6,0.0
97,1.0,0.0,1.979,1.0,2.0,6,93.70589647166857,117.9534790688915,no pobre,0,3,720.0,887.0,1.0,46.0,7,116,4385,2,1.0
98,1.0,0.0,1.979,1.0,2.0,6,93.70589647166857,117.9534790688915,no pobre,0,3,720.0,887.0,1.0,46.0,8,116,4385,2,1.0
97,1.0,0.0,1.979,,0.0,7,93.70589647166857,117.9534790688915,pobre,0,0,1000.0,751.5,1.0,37.0,16,116,4386,0,
98,1.0,0.0,1.979,,,7,93.70589647166857,117.9534790688915,pobre,0,0,1000.0,751.5,1.0,37.0,17,116,4386,0,
97,0.0,0.0,1.979,1.0,6.0,7,93.70589647166857,117.9534790688915,pobre,0,0,1000.0,751.5,1.0,37.0,13,116,4387,6,1.0
98,0.0,0.0,1.979,,,7,93.70589647166857,117.9534790688915,pobre,0,0,1000.0,751.5,1.0,37.0,14,116,4387,6,1.0
97,1.0,0.0,1.979,1.0,2.0,7,93.70589647166857,117.9534790688915,pobre,0,0,1000.0,751.5,1.0,37.0,10,116,4388,2,1.0
98,1.0,0.0,1.979,0.0,3.0,7,93.70589647166857,117.9534790688915,pobre,0,0,1000.0,751.5,1.0,37.0,11,116,4388,2,1.0
97,1.0,0.0,1.979,1.0,3.0,7,93.70589647166857,117.9534790688915,pobre,0,0,1000.0,751.5,1.0,37.0,8,116,4389,3,1.0
98,1.0,0.0,1.979,1.0,3.0,7,93.70589647166857,117.9534790688915,pobre,0,0,1000.0,751.5,1.0,37.0,9,116,4389,3,1.0
97,0.0,0.0,1.979,1.0,1.0,7,93.70589647166857,117.9534790688915,pobre,0,0,1000.0,751.5,1.0,37.0,6,116,4390,1,1.0
98,0.0,0.0,1.979,0.0,2.0,7,93.70589647166857,117.9534790688915,pobre,0,0,1000.0,751.5,1.0,37.0,7,116,4390,1,1.0
97,1.0,0.0,1.979,1.0,7.0,9,93.70589647166857,117.9534790688915,no pobre,0,1,1000.0,814.25,1.0,50.0,12,116,4391,7,1.0
98,1.0,0.0,1.979,1.0,7.0,9,93.70589647166857,117.9534790688915,no pobre,0,1,1000.0,814.25,1.0,50.0,13,116,4391,7,1.0
97,0.0,0.0,1.979,1.0,1.0,3,93.70589647166857,117.9534790688915,no pobre,0,2,800.0,887.0,0.0,44.0,6,116,4392,1,1.0
98,0.0,0.0,1.979,1.0,1.0,3,93.70589647166857,117.9534790688915,no pobre,0,2,800.0,887.0,0.0,44.0,7,116,4392,1,1.0
97,0.0,0.0,1.979,1.0,2.0,5,93.70589647166857,117.9534790688915,pobre,0,9,1000.0,758.0,1.0,27.0,7,116,4393,2,1.0
98,0.0,0.0,1.979,1.0,2.0,5,93.70589647166857,117.9534790688915,pobre,0,9,1000.0,758.0,1.0,27.0,8,116,4393,2,1.0
97,0.0,0.0,1.979,1.0,6.0,3,93.70589647166857,117.9534790688915,no pobre,0,3,0.0,803.0,0.0,66.0,11,116,4394,6,1.0
98,0.0,0.0,1.979,,,3,93.70589647166857,117.9534790688915,no pobre,0,3,0.0,803.0,0.0,66.0,12,116,4394,6,1.0
97,1.0,1.0,1.979,0.0,0.0,11,93.70589647166857,117.9534790688915,pobre,0,0,5000.0,693.66998,1.0,53.0,15,116,4395,0,0.0
98,1.0,1.0,1.979,,,11,93.70589647166857,117.9534790688915,pobre,0,0,5000.0,693.66998,1.0,53.0,16,116,4395,0,0.0
97,0.0,0.0,1.979,1.0,6.0,8,93.70589647166857,117.9534790688915,no pobre,0,6,2720.0,874.66998,1.0,32.0,11,116,4396,6,1.0
98,0.0,0.0,1.979,0.0,5.0,8,93.70589647166857,117.9534790688915,no pobre,0,6,2720.0,874.66998,1.0,32.0,12,116,4396,6,1.0
97,1.0,0.0,1.979,1.0,4.0,8,93.70589647166857,117.9534790688915,no pobre,0,6,2720.0,874.66998,1.0,32.0,9,116,4397,4,1.0
98,1.0,0.0,1.979,0.0,3.0,8,93.70589647166857,117.9534790688915,no pobre,0,6,2720.0,874.66998,1.0,32.0,10,116,4397,4,1.0
97,0.0,0.0,1.979,1.0,3.0,8,93.70589647166857,117.9534790688915,no pobre,0,6,2720.0,874.66998,1.0,32.0,7,116,4398,3,1.0
98,0.0,0.0,1.979,1.0,2.0,8,93.70589647166857,117.9534790688915,no pobre,0,6,2720.0,874.66998,1.0,32.0,8,116,4398,3,1.0
97,1.0,0.0,1.979,0.0,6.0,10,93.70589647166857,117.9534790688915,pobre,0,0,0.0,713.0,1.0,67.0,14,116,4399,6,0.0
98,1.0,0.0,1.979,0.0,6.0,10,93.70589647166857,117.9534790688915,pobre,0,0,0.0,713.0,1.0,67.0,15,116,4399,6,0.0
97,0.0,0.0,1.979,0.0,6.0,10,93.70589647166857,117.9534790688915,pobre,0,0,0.0,713.0,1.0,67.0,12,116,4400,6,0.0
98,0.0,0.0,1.979,0.0,6.0,10,93.70589647166857,117.9534790688915,pobre,0,0,0.0,713.0,1.0,67.0,13,116,4400,6,0.0
97,1.0,0.0,1.979,1.0,5.0,10,93.70589647166857,117.9534790688915,pobre,0,0,0.0,713.0,1.0,67.0,10,116,4401,5,1.0
98,1.0,0.0,1.979,0.0,5.0,10,93.70589647166857,117.9534790688915,pobre,0,0,0.0,713.0,1.0,67.0,11,116,4401,5,1.0
97,0.0,1.0,1.979,0.0,0.0,7,93.70589647166857,117.9534790688915,pobre,0,0,720.0,691.33002,1.0,37.0,16,116,4402,0,0.0
98,0.0,1.0,1.979,,,7,93.70589647166857,117.9534790688915,pobre,0,0,720.0,691.33002,1.0,37.0,17,116,4402,0,0.0
97,1.0,1.0,1.979,0.0,6.0,7,93.70589647166857,117.9534790688915,pobre,0,0,720.0,691.33002,1.0,37.0,15,116,4403,6,0.0
98,1.0,1.0,1.979,0.0,6.0,7,93.70589647166857,117.9534790688915,pobre,0,0,720.0,691.33002,1.0,37.0,16,116,4403,6,0.0
97,0.0,1.0,1.979,0.0,0.0,7,93.70589647166857,117.9534790688915,pobre,0,0,720.0,691.33002,1.0,37.0,9,116,4404,0,0.0
98,0.0,1.0,1.979,0.0,4.0,7,93.70589647166857,117.9534790688915,pobre,0,0,720.0,691.33002,1.0,37.0,10,116,4404,0,0.0
97,1.0,1.0,1.979,1.0,5.0,7,93.70589647166857,117.9534790688915,pobre,0,0,720.0,691.33002,1.0,37.0,12,116,4405,5,1.0
98,1.0,1.0,1.979,1.0,6.0,7,93.70589647166857,117.9534790688915,pobre,0,0,720.0,691.33002,1.0,37.0,13,116,4405,5,1.0
97,1.0,1.0,1.979,1.0,1.0,7,93.70589647166857,117.9534790688915,pobre,0,0,720.0,691.33002,1.0,37.0,7,116,4406,1,1.0
98,1.0,1.0,1.979,1.0,2.0,7,93.70589647166857,117.9534790688915,pobre,0,0,720.0,691.33002,1.0,37.0,8,116,4406,1,1.0
97,0.0,1.0,1.979,0.0,6.0,7,93.70589647166857,117.9534790688915,no pobre,0,0,0.0,891.33002,0.0,47.0,16,116,4407,6,0.0
98,0.0,1.0,1.979,,,7,93.70589647166857,117.9534790688915,no pobre,0,0,0.0,891.33002,0.0,47.0,17,116,4407,6,0.0
97,0.0,1.0,1.979,0.0,6.0,7,93.70589647166857,117.9534790688915,no pobre,0,0,2400.0,795.5,1.0,42.0,14,116,4408,6,0.0
98,0.0,1.0,1.979,0.0,6.0,7,93.70589647166857,117.9534790688915,no pobre,0,0,2400.0,795.5,1.0,42.0,15,116,4408,6,0.0
97,1.0,1.0,1.979,1.0,7.0,7,93.70589647166857,117.9534790688915,no pobre,0,0,2400.0,795.5,1.0,42.0,13,116,4409,7,1.0
98,1.0,1.0,1.979,1.0,8.0,7,93.70589647166857,117.9534790688915,no pobre,0,0,2400.0,795.5,1.0,42.0,14,116,4409,7,1.0
97,0.0,1.0,1.979,1.0,6.0,7,93.70589647166857,117.9534790688915,no pobre,0,0,2400.0,795.5,1.0,42.0,12,116,4410,6,1.0
98,0.0,1.0,1.979,1.0,7.0,7,93.70589647166857,117.9534790688915,no pobre,0,0,2400.0,795.5,1.0,42.0,13,116,4410,6,1.0
97,0.0,1.0,1.979,1.0,2.0,9,93.70589647166857,117.9534790688915,pobre,0,0,625.0,768.5,0.0,63.0,7,116,4411,2,1.0
98,0.0,1.0,1.979,1.0,2.0,9,93.70589647166857,117.9534790688915,pobre,0,0,625.0,768.5,0.0,63.0,8,116,4411,2,1.0
97,0.0,1.0,1.979,1.0,4.0,5,93.70589647166857,117.9534790688915,no pobre,0,5,1400.0,777.0,1.0,27.0,9,116,4412,4,1.0
98,0.0,1.0,1.979,1.0,4.0,5,93.70589647166857,117.9534790688915,no pobre,0,5,1400.0,777.0,1.0,27.0,10,116,4412,4,1.0
97,0.0,1.0,1.979,1.0,2.0,5,93.70589647166857,117.9534790688915,no pobre,0,5,1400.0,777.0,1.0,27.0,7,116,4413,2,1.0
98,0.0,1.0,1.979,1.0,2.0,5,93.70589647166857,117.9534790688915,no pobre,0,5,1400.0,777.0,1.0,27.0,8,116,4413,2,1.0
97,0.0,1.0,1.058,1.0,2.0,4,102.7581304518755,135.1577304237856,pobre,basal,0,500.0,668.0,0.0,33.0,9,34,4414,2,1.0
98,0.0,1.0,1.058,1.0,3.0,4,102.7581304518755,135.1577304237856,pobre,basal,0,500.0,668.0,0.0,33.0,10,34,4414,2,1.0
97,1.0,1.0,1.058,1.0,2.0,4,102.7581304518755,135.1577304237856,pobre,basal,0,500.0,668.0,0.0,33.0,7,34,4415,2,1.0
98,1.0,1.0,1.058,1.0,3.0,4,102.7581304518755,135.1577304237856,pobre,basal,0,500.0,668.0,0.0,33.0,8,34,4415,2,1.0
97,0.0,1.0,1.058,1.0,3.0,4,102.7581304518755,135.1577304237856,no pobre,basal,0,500.0,795.0,1.0,86.0,10,34,4416,3,1.0
98,0.0,1.0,1.058,1.0,4.0,4,102.7581304518755,135.1577304237856,no pobre,basal,0,500.0,795.0,1.0,86.0,11,34,4416,3,1.0
97,0.0,1.0,1.979,0.0,5.0,6,93.70589647166857,117.9534790688915,pobre,0,0,0.0,622.0,0.0,48.0,14,116,4417,5,0.0
98,0.0,1.0,1.979,0.0,5.0,6,93.70589647166857,117.9534790688915,pobre,0,0,0.0,622.0,0.0,48.0,15,116,4417,5,0.0
97,0.0,0.0,1.979,1.0,2.0,6,93.70589647166857,117.9534790688915,pobre,0,0,0.0,622.0,0.0,48.0,8,116,4418,2,1.0
98,0.0,0.0,1.979,1.0,3.0,6,93.70589647166857,117.9534790688915,pobre,0,0,0.0,622.0,0.0,48.0,9,116,4418,2,1.0
97,1.0,0.0,1.979,1.0,9.0,9,93.70589647166857,117.9534790688915,pobre,0,4,1800.0,646.0,1.0,40.0,14,116,4419,9,1.0
98,1.0,0.0,1.979,0.0,9.0,9,93.70589647166857,117.9534790688915,pobre,0,4,1800.0,646.0,1.0,40.0,15,116,4419,9,1.0
97,1.0,0.0,1.979,1.0,7.0,9,93.70589647166857,117.9534790688915,pobre,0,4,1800.0,646.0,1.0,40.0,12,116,4420,7,1.0
98,1.0,0.0,1.979,1.0,7.0,9,93.70589647166857,117.9534790688915,pobre,0,4,1800.0,646.0,1.0,40.0,13,116,4420,7,1.0
97,1.0,0.0,1.979,1.0,4.0,9,93.70589647166857,117.9534790688915,pobre,0,4,1800.0,646.0,1.0,40.0,10,116,4421,4,1.0
98,1.0,0.0,1.979,1.0,5.0,9,93.70589647166857,117.9534790688915,pobre,0,4,1800.0,646.0,1.0,40.0,11,116,4421,4,1.0
97,1.0,0.0,1.979,1.0,2.0,9,93.70589647166857,117.9534790688915,pobre,0,4,1800.0,646.0,1.0,40.0,7,116,4422,2,1.0
98,1.0,0.0,1.979,1.0,2.0,9,93.70589647166857,117.9534790688915,pobre,0,4,1800.0,646.0,1.0,40.0,8,116,4422,2,1.0
97,0.0,0.0,1.979,1.0,5.0,4,93.70589647166857,117.9534790688915,no pobre,0,11,1400.0,951.0,1.0,29.0,10,116,4423,5,1.0
98,0.0,0.0,1.979,1.0,5.0,4,93.70589647166857,117.9534790688915,no pobre,0,11,1400.0,951.0,1.0,29.0,11,116,4423,5,1.0
97,1.0,0.0,1.979,1.0,3.0,4,93.70589647166857,117.9534790688915,no pobre,0,11,1400.0,951.0,1.0,29.0,7,116,4424,3,1.0
98,1.0,0.0,1.979,1.0,4.0,4,93.70589647166857,117.9534790688915,no pobre,0,11,1400.0,951.0,1.0,29.0,8,116,4424,3,1.0
97,0.0,0.0,1.979,1.0,2.0,5,93.70589647166857,117.9534790688915,pobre,0,0,750.0,696.0,1.0,37.0,7,116,4425,2,1.0
98,0.0,0.0,1.979,1.0,2.0,5,93.70589647166857,117.9534790688915,pobre,0,0,750.0,696.0,1.0,37.0,8,116,4425,2,1.0
97,1.0,1.0,1.979,0.0,3.0,6,93.70589647166857,117.9534790688915,no pobre,0,2,800.0,814.0,1.0,55.0,15,116,4426,3,0.0
98,1.0,1.0,1.979,,,6,93.70589647166857,117.9534790688915,no pobre,0,2,800.0,814.0,1.0,55.0,16,116,4426,3,0.0
97,0.0,0.0,1.979,0.0,6.0,5,93.70589647166857,117.9534790688915,pobre,0,0,0.0,634.0,0.0,33.0,15,116,4427,6,0.0
98,0.0,0.0,1.979,0.0,6.0,5,93.70589647166857,117.9534790688915,pobre,0,0,0.0,634.0,0.0,33.0,16,116,4427,6,0.0
97,0.0,0.0,1.979,0.0,6.0,5,93.70589647166857,117.9534790688915,pobre,0,0,0.0,634.0,0.0,33.0,13,116,4428,6,0.0
98,0.0,0.0,1.979,0.0,6.0,5,93.70589647166857,117.9534790688915,pobre,0,0,0.0,634.0,0.0,33.0,14,116,4428,6,0.0
97,1.0,0.0,1.979,1.0,2.0,5,93.70589647166857,117.9534790688915,pobre,0,1,880.0,704.0,1.0,32.0,7,116,4429,2,1.0
98,1.0,0.0,1.979,,,5,93.70589647166857,117.9534790688915,pobre,0,1,880.0,704.0,1.0,32.0,8,116,4429,2,1.0
97,1.0,0.0,1.979,1.0,2.0,5,93.70589647166857,117.9534790688915,pobre,0,1,880.0,704.0,1.0,32.0,6,116,4430,2,1.0
98,1.0,0.0,1.979,,,5,93.70589647166857,117.9534790688915,pobre,0,1,880.0,704.0,1.0,32.0,7,116,4430,2,1.0
97,0.0,0.0,1.479,1.0,0.0,5,88.84794785118052,98.93457170722841,pobre,basal,3,500.0,690.0,1.0,32.0,6,97,4431,0,1.0
98,0.0,0.0,1.479,1.0,1.0,5,88.84794785118052,98.93457170722841,pobre,basal,3,500.0,690.0,1.0,32.0,7,97,4431,0,1.0
97,1.0,0.0,6.085,1.0,8.0,13,110.5096885764419,112.4515053025231,pobre,0,5,0.0,841.33002,1.0,46.0,16,55,4432,8,1.0
98,1.0,0.0,6.085,0.0,9.0,13,110.5096885764419,112.4515053025231,pobre,0,5,0.0,841.33002,1.0,46.0,17,55,4432,8,1.0
97,1.0,0.0,6.085,1.0,3.0,13,110.5096885764419,112.4515053025231,pobre,0,5,0.0,841.33002,1.0,46.0,14,55,4433,3,1.0
98,1.0,0.0,6.085,1.0,8.0,13,110.5096885764419,112.4515053025231,pobre,0,5,0.0,841.33002,1.0,46.0,15,55,4433,3,1.0
97,0.0,0.0,6.085,1.0,6.0,13,110.5096885764419,112.4515053025231,pobre,0,5,0.0,841.33002,1.0,46.0,11,55,4434,6,1.0
98,0.0,0.0,6.085,1.0,7.0,13,110.5096885764419,112.4515053025231,pobre,0,5,0.0,841.33002,1.0,46.0,12,55,4434,6,1.0
97,0.0,0.0,6.085,1.0,4.0,13,110.5096885764419,112.4515053025231,pobre,0,5,0.0,841.33002,1.0,46.0,10,55,4435,4,1.0
98,0.0,0.0,6.085,1.0,5.0,13,110.5096885764419,112.4515053025231,pobre,0,5,0.0,841.33002,1.0,46.0,11,55,4435,4,1.0
97,1.0,0.0,6.085,1.0,3.0,13,110.5096885764419,112.4515053025231,pobre,0,5,0.0,841.33002,1.0,46.0,8,55,4436,3,1.0
98,1.0,0.0,6.085,1.0,4.0,13,110.5096885764419,112.4515053025231,pobre,0,5,0.0,841.33002,1.0,46.0,9,55,4436,3,1.0
97,1.0,0.0,6.085,1.0,1.0,13,110.5096885764419,112.4515053025231,pobre,0,5,0.0,841.33002,1.0,46.0,7,55,4437,1,1.0
98,1.0,0.0,6.085,1.0,2.0,13,110.5096885764419,112.4515053025231,pobre,0,5,0.0,841.33002,1.0,46.0,8,55,4437,1,1.0
97,0.0,0.0,6.085,1.0,0.0,5,110.5096885764419,112.4515053025231,pobre,0,4,600.0,682.0,1.0,30.0,6,55,4438,0,1.0
98,0.0,0.0,6.085,1.0,1.0,5,110.5096885764419,112.4515053025231,pobre,0,4,600.0,682.0,1.0,30.0,7,55,4438,0,1.0
97,1.0,0.0,6.085,1.0,5.0,3,110.5096885764419,112.4515053025231,no pobre,0,0,750.0,1007.0,1.0,36.0,11,55,4439,5,1.0
98,1.0,0.0,6.085,1.0,6.0,3,110.5096885764419,112.4515053025231,no pobre,0,0,750.0,1007.0,1.0,36.0,12,55,4439,5,1.0
97,0.0,0.0,6.085,1.0,6.0,6,110.5096885764419,112.4515053025231,pobre,0,0,750.0,878.0,1.0,50.0,14,55,4440,6,1.0
98,0.0,0.0,6.085,1.0,6.0,6,110.5096885764419,112.4515053025231,pobre,0,0,750.0,878.0,1.0,50.0,15,55,4440,6,1.0
97,0.0,0.0,6.085,1.0,3.0,6,110.5096885764419,112.4515053025231,pobre,0,0,750.0,878.0,1.0,50.0,12,55,4441,3,1.0
98,0.0,0.0,6.085,1.0,8.0,6,110.5096885764419,112.4515053025231,pobre,0,0,750.0,878.0,1.0,50.0,13,55,4441,3,1.0
97,0.0,0.0,6.085,1.0,7.0,11,110.5096885764419,112.4515053025231,no pobre,0,0,0.0,826.75,1.0,57.0,16,55,4442,7,1.0
98,0.0,0.0,6.085,,,11,110.5096885764419,112.4515053025231,no pobre,0,0,0.0,826.75,1.0,57.0,17,55,4442,7,1.0
97,0.0,0.0,6.085,0.0,5.0,11,110.5096885764419,112.4515053025231,no pobre,0,0,0.0,826.75,1.0,57.0,14,55,4443,5,0.0
98,0.0,0.0,6.085,0.0,5.0,11,110.5096885764419,112.4515053025231,no pobre,0,0,0.0,826.75,1.0,57.0,15,55,4443,5,0.0
97,0.0,0.0,6.085,0.0,5.0,6,110.5096885764419,112.4515053025231,pobre,0,0,0.0,769.0,1.0,98.0,16,55,4444,5,0.0
98,0.0,0.0,6.085,,,6,110.5096885764419,112.4515053025231,pobre,0,0,0.0,769.0,1.0,98.0,17,55,4444,5,0.0
97,1.0,0.0,6.085,,0.0,5,110.5096885764419,112.4515053025231,pobre,0,0,0.0,847.64001,1.0,45.0,16,55,4445,0,
98,1.0,0.0,6.085,1.0,1.0,5,110.5096885764419,112.4515053025231,pobre,0,0,0.0,847.64001,1.0,45.0,17,55,4445,0,
97,0.0,0.0,6.085,,0.0,5,110.5096885764419,112.4515053025231,pobre,0,0,0.0,847.64001,1.0,45.0,13,55,4446,0,
98,0.0,0.0,6.085,0.0,2.0,5,110.5096885764419,112.4515053025231,pobre,0,0,0.0,847.64001,1.0,45.0,14,55,4446,0,
97,0.0,0.0,6.085,,0.0,5,110.5096885764419,112.4515053025231,pobre,0,0,0.0,847.64001,1.0,45.0,7,55,4447,0,
98,0.0,0.0,6.085,1.0,3.0,5,110.5096885764419,112.4515053025231,pobre,0,0,0.0,847.64001,1.0,45.0,8,55,4447,0,
97,1.0,0.0,6.085,1.0,2.0,5,110.5096885764419,112.4515053025231,pobre,0,3,875.0,686.0,1.0,34.0,8,55,4448,2,1.0
98,1.0,0.0,6.085,1.0,3.0,5,110.5096885764419,112.4515053025231,pobre,0,3,875.0,686.0,1.0,34.0,9,55,4448,2,1.0
97,0.0,0.0,6.085,1.0,1.0,5,110.5096885764419,112.4515053025231,pobre,0,3,875.0,686.0,1.0,34.0,6,55,4449,1,1.0
98,0.0,0.0,6.085,1.0,2.0,5,110.5096885764419,112.4515053025231,pobre,0,3,875.0,686.0,1.0,34.0,7,55,4449,1,1.0
97,0.0,0.0,6.085,0.0,6.0,7,110.5096885764419,112.4515053025231,no pobre,0,3,0.0,976.33002,1.0,62.0,15,55,4450,6,0.0
98,0.0,0.0,6.085,,,7,110.5096885764419,112.4515053025231,no pobre,0,3,0.0,976.33002,1.0,62.0,16,55,4450,6,0.0
97,0.0,0.0,6.085,0.0,6.0,5,110.5096885764419,112.4515053025231,pobre,0,2,0.0,636.0,1.0,59.0,16,55,4451,6,0.0
98,0.0,0.0,6.085,,,5,110.5096885764419,112.4515053025231,pobre,0,2,0.0,636.0,1.0,59.0,17,55,4451,6,0.0
97,1.0,0.0,6.085,1.0,2.0,5,110.5096885764419,112.4515053025231,pobre,0,2,0.0,636.0,1.0,59.0,8,55,4452,2,1.0
98,1.0,0.0,6.085,,,5,110.5096885764419,112.4515053025231,pobre,0,2,0.0,636.0,1.0,59.0,9,55,4452,2,1.0
97,0.0,0.0,6.085,0.0,6.0,5,110.5096885764419,112.4515053025231,no pobre,0,6,600.0,978.5,1.0,31.0,12,55,4453,6,0.0
98,0.0,0.0,6.085,,,5,110.5096885764419,112.4515053025231,no pobre,0,6,600.0,978.5,1.0,31.0,13,55,4453,6,0.0
97,1.0,0.0,6.085,1.0,2.0,5,110.5096885764419,112.4515053025231,no pobre,0,6,600.0,978.5,1.0,31.0,9,55,4454,2,1.0
98,1.0,0.0,6.085,,,5,110.5096885764419,112.4515053025231,no pobre,0,6,600.0,978.5,1.0,31.0,10,55,4454,2,1.0
97,0.0,0.0,6.085,1.0,1.0,5,110.5096885764419,112.4515053025231,no pobre,0,6,600.0,978.5,1.0,31.0,7,55,4455,1,1.0
98,0.0,0.0,6.085,,,5,110.5096885764419,112.4515053025231,no pobre,0,6,600.0,978.5,1.0,31.0,8,55,4455,1,1.0
97,0.0,0.0,6.085,1.0,6.0,10,110.5096885764419,112.4515053025231,pobre,0,2,750.0,817.33002,1.0,53.0,11,55,4456,6,1.0
98,0.0,0.0,6.085,1.0,7.0,10,110.5096885764419,112.4515053025231,pobre,0,2,750.0,817.33002,1.0,53.0,12,55,4456,6,1.0
97,0.0,0.0,6.085,1.0,3.0,10,110.5096885764419,112.4515053025231,pobre,0,2,750.0,817.33002,1.0,53.0,9,55,4457,3,1.0
98,0.0,0.0,6.085,1.0,4.0,10,110.5096885764419,112.4515053025231,pobre,0,2,750.0,817.33002,1.0,53.0,10,55,4457,3,1.0
97,1.0,0.0,6.085,0.0,6.0,10,110.5096885764419,112.4515053025231,pobre,0,2,750.0,817.33002,1.0,53.0,13,55,4458,6,0.0
98,1.0,0.0,6.085,0.0,6.0,10,110.5096885764419,112.4515053025231,pobre,0,2,750.0,817.33002,1.0,53.0,14,55,4458,6,0.0
97,1.0,0.0,6.085,1.0,4.0,10,110.5096885764419,112.4515053025231,pobre,0,2,750.0,817.33002,1.0,53.0,10,55,4459,4,1.0
98,1.0,0.0,6.085,1.0,4.0,10,110.5096885764419,112.4515053025231,pobre,0,2,750.0,817.33002,1.0,53.0,11,55,4459,4,1.0
97,1.0,0.0,6.085,1.0,2.0,10,110.5096885764419,112.4515053025231,pobre,0,2,750.0,817.33002,1.0,53.0,8,55,4460,2,1.0
98,1.0,0.0,6.085,1.0,3.0,10,110.5096885764419,112.4515053025231,pobre,0,2,750.0,817.33002,1.0,53.0,9,55,4460,2,1.0
97,0.0,0.0,6.085,1.0,6.0,7,110.5096885764419,112.4515053025231,pobre,0,6,4600.0,823.0,1.0,32.0,12,55,4461,6,1.0
98,0.0,0.0,6.085,1.0,7.0,7,110.5096885764419,112.4515053025231,pobre,0,6,4600.0,823.0,1.0,32.0,13,55,4461,6,1.0
97,0.0,0.0,6.085,1.0,4.0,7,110.5096885764419,112.4515053025231,pobre,0,6,4600.0,823.0,1.0,32.0,10,55,4462,4,1.0
98,0.0,0.0,6.085,1.0,5.0,7,110.5096885764419,112.4515053025231,pobre,0,6,4600.0,823.0,1.0,32.0,11,55,4462,4,1.0
97,0.0,0.0,0.0,1.0,6.0,5,93.56069225341122,93.56069225341122,pobre,basal,1,800.0,798.5,1.0,31.0,12,71,4463,6,1.0
98,0.0,0.0,0.0,1.0,7.0,5,93.56069225341122,93.56069225341122,pobre,basal,1,800.0,798.5,1.0,31.0,13,71,4463,6,1.0
97,1.0,0.0,0.0,1.0,4.0,5,93.56069225341122,93.56069225341122,pobre,basal,1,800.0,798.5,1.0,31.0,10,71,4464,4,1.0
98,1.0,0.0,0.0,1.0,5.0,5,93.56069225341122,93.56069225341122,pobre,basal,1,800.0,798.5,1.0,31.0,11,71,4464,4,1.0
97,0.0,0.0,0.0,1.0,1.0,6,93.56069225341122,93.56069225341122,no pobre,basal,10,869.04761,915.0,1.0,28.0,7,71,4465,1,1.0
98,0.0,0.0,0.0,1.0,2.0,6,93.56069225341122,93.56069225341122,no pobre,basal,10,869.04761,915.0,1.0,28.0,8,71,4465,1,1.0
97,1.0,0.0,0.0,1.0,1.0,5,93.56069225341122,93.56069225341122,pobre,basal,8,0.0,672.0,1.0,33.0,6,71,4466,1,1.0
98,1.0,0.0,0.0,1.0,1.0,5,93.56069225341122,93.56069225341122,pobre,basal,8,0.0,672.0,1.0,33.0,7,71,4466,1,1.0
97,1.0,0.0,0.0,0.0,3.0,5,93.56069225341122,93.56069225341122,pobre,basal,14,0.0,708.0,1.0,38.0,15,71,4467,3,0.0
98,1.0,0.0,0.0,,,5,93.56069225341122,93.56069225341122,pobre,basal,14,0.0,708.0,1.0,38.0,16,71,4467,3,0.0
97,0.0,0.0,0.0,1.0,3.0,5,93.56069225341122,93.56069225341122,pobre,basal,14,0.0,708.0,1.0,38.0,8,71,4468,3,1.0
98,0.0,0.0,0.0,1.0,4.0,5,93.56069225341122,93.56069225341122,pobre,basal,14,0.0,708.0,1.0,38.0,9,71,4468,3,1.0
97,1.0,0.0,0.0,1.0,1.0,5,93.56069225341122,93.56069225341122,pobre,basal,14,0.0,708.0,1.0,38.0,6,71,4469,1,1.0
98,1.0,0.0,0.0,1.0,2.0,5,93.56069225341122,93.56069225341122,pobre,basal,14,0.0,708.0,1.0,38.0,7,71,4469,1,1.0
97,1.0,0.0,0.0,1.0,0.0,4,93.56069225341122,93.56069225341122,no pobre,basal,9,800.0,905.0,1.0,30.0,6,71,4470,0,1.0
98,1.0,0.0,0.0,1.0,1.0,4,93.56069225341122,93.56069225341122,no pobre,basal,9,800.0,905.0,1.0,30.0,7,71,4470,0,1.0
97,1.0,0.0,0.0,1.0,10.0,8,93.56069225341122,93.56069225341122,no pobre,basal,0,0.0,879.66998,1.0,76.0,16,71,4471,10,1.0
98,1.0,0.0,0.0,,,8,93.56069225341122,93.56069225341122,no pobre,basal,0,0.0,879.66998,1.0,76.0,17,71,4471,10,1.0
97,0.0,0.0,0.0,1.0,7.0,8,93.56069225341122,93.56069225341122,no pobre,basal,0,0.0,879.66998,1.0,76.0,14,71,4472,7,1.0
98,0.0,0.0,0.0,1.0,8.0,8,93.56069225341122,93.56069225341122,no pobre,basal,0,0.0,879.66998,1.0,76.0,15,71,4472,7,1.0
97,0.0,0.0,0.0,1.0,6.0,8,93.56069225341122,93.56069225341122,no pobre,basal,0,0.0,879.66998,1.0,76.0,12,71,4473,6,1.0
98,0.0,0.0,0.0,1.0,7.0,8,93.56069225341122,93.56069225341122,no pobre,basal,0,0.0,879.66998,1.0,76.0,13,71,4473,6,1.0
97,0.0,0.0,0.0,1.0,2.0,8,93.56069225341122,93.56069225341122,no pobre,basal,0,0.0,879.66998,1.0,76.0,8,71,4474,2,1.0
98,0.0,0.0,0.0,1.0,3.0,8,93.56069225341122,93.56069225341122,no pobre,basal,0,0.0,879.66998,1.0,76.0,9,71,4474,2,1.0
97,0.0,0.0,0.0,1.0,1.0,8,93.56069225341122,93.56069225341122,no pobre,basal,0,0.0,879.66998,1.0,76.0,6,71,4475,1,1.0
98,0.0,0.0,0.0,1.0,2.0,8,93.56069225341122,93.56069225341122,no pobre,basal,0,0.0,879.66998,1.0,76.0,7,71,4475,1,1.0
97,0.0,0.0,0.0,1.0,5.0,10,93.56069225341122,93.56069225341122,pobre,basal,1,0.0,698.0,1.0,63.0,14,71,4476,5,1.0
98,0.0,0.0,0.0,0.0,6.0,10,93.56069225341122,93.56069225341122,pobre,basal,1,0.0,698.0,1.0,63.0,15,71,4476,5,1.0
97,1.0,0.0,0.0,1.0,7.0,10,93.56069225341122,93.56069225341122,pobre,basal,1,0.0,698.0,1.0,63.0,13,71,4477,7,1.0
98,1.0,0.0,0.0,1.0,8.0,10,93.56069225341122,93.56069225341122,pobre,basal,1,0.0,698.0,1.0,63.0,14,71,4477,7,1.0
97,0.0,0.0,0.0,1.0,3.0,8,93.56069225341122,93.56069225341122,pobre,basal,1,0.0,649.0,0.0,76.0,12,71,4478,3,1.0
98,0.0,0.0,0.0,1.0,3.0,8,93.56069225341122,93.56069225341122,pobre,basal,1,0.0,649.0,0.0,76.0,13,71,4478,3,1.0
97,0.0,0.0,0.0,1.0,4.0,8,93.56069225341122,93.56069225341122,pobre,basal,1,0.0,649.0,0.0,76.0,12,71,4479,4,1.0
98,0.0,0.0,0.0,1.0,5.0,8,93.56069225341122,93.56069225341122,pobre,basal,1,0.0,649.0,0.0,76.0,13,71,4479,4,1.0
97,1.0,0.0,0.0,1.0,1.0,8,93.56069225341122,93.56069225341122,pobre,basal,1,0.0,649.0,0.0,76.0,7,71,4480,1,1.0
98,1.0,0.0,0.0,1.0,0.0,8,93.56069225341122,93.56069225341122,pobre,basal,1,0.0,649.0,0.0,76.0,8,71,4480,1,1.0
97,1.0,0.0,0.0,1.0,9.0,5,93.56069225341122,93.56069225341122,pobre,basal,2,500.0,774.66998,1.0,55.0,16,71,4481,9,1.0
98,1.0,0.0,0.0,,,5,93.56069225341122,93.56069225341122,pobre,basal,2,500.0,774.66998,1.0,55.0,17,71,4481,9,1.0
97,1.0,0.0,0.0,1.0,1.0,5,93.56069225341122,93.56069225341122,pobre,basal,2,500.0,774.66998,1.0,55.0,11,71,4482,1,1.0
98,1.0,0.0,0.0,1.0,2.0,5,93.56069225341122,93.56069225341122,pobre,basal,2,500.0,774.66998,1.0,55.0,12,71,4482,1,1.0
97,1.0,0.0,0.0,1.0,1.0,5,93.56069225341122,93.56069225341122,pobre,basal,2,500.0,774.66998,1.0,55.0,6,71,4483,1,1.0
98,1.0,0.0,0.0,1.0,1.0,5,93.56069225341122,93.56069225341122,pobre,basal,2,500.0,774.66998,1.0,55.0,7,71,4483,1,1.0
97,0.0,0.0,0.0,1.0,6.0,6,93.56069225341122,93.56069225341122,pobre,basal,6,800.0,722.0,1.0,33.0,12,71,4484,6,1.0
98,0.0,0.0,0.0,1.0,7.0,6,93.56069225341122,93.56069225341122,pobre,basal,6,800.0,722.0,1.0,33.0,13,71,4484,6,1.0
97,0.0,0.0,0.0,1.0,5.0,6,93.56069225341122,93.56069225341122,pobre,basal,6,800.0,722.0,1.0,33.0,10,71,4485,5,1.0
98,0.0,0.0,0.0,1.0,6.0,6,93.56069225341122,93.56069225341122,pobre,basal,6,800.0,722.0,1.0,33.0,11,71,4485,5,1.0
97,0.0,0.0,0.0,0.0,8.0,4,93.56069225341122,93.56069225341122,no pobre,basal,9,800.0,974.0,1.0,35.0,15,71,4486,8,0.0
98,0.0,0.0,0.0,,,4,93.56069225341122,93.56069225341122,no pobre,basal,9,800.0,974.0,1.0,35.0,16,71,4486,8,0.0
97,1.0,0.0,0.0,1.0,6.0,5,93.56069225341122,93.56069225341122,pobre,basal,6,600.0,736.0,1.0,38.0,10,71,4487,6,1.0
98,1.0,0.0,0.0,1.0,7.0,5,93.56069225341122,93.56069225341122,pobre,basal,6,600.0,736.0,1.0,38.0,11,71,4487,6,1.0
97,1.0,0.0,0.0,0.0,6.0,5,93.56069225341122,93.56069225341122,pobre,basal,6,0.0,651.66998,1.0,58.0,11,71,4488,6,0.0
98,1.0,0.0,0.0,,,5,93.56069225341122,93.56069225341122,pobre,basal,6,0.0,651.66998,1.0,58.0,12,71,4488,6,0.0
97,1.0,0.0,0.0,0.0,6.0,5,93.56069225341122,93.56069225341122,pobre,basal,6,0.0,651.66998,1.0,58.0,10,71,4489,6,0.0
98,1.0,0.0,0.0,,,5,93.56069225341122,93.56069225341122,pobre,basal,6,0.0,651.66998,1.0,58.0,11,71,4489,6,0.0
97,1.0,0.0,0.0,1.0,8.0,5,93.56069225341122,93.56069225341122,pobre,basal,6,0.0,651.66998,1.0,58.0,15,71,4490,8,1.0
98,1.0,0.0,0.0,1.0,8.0,5,93.56069225341122,93.56069225341122,pobre,basal,6,0.0,651.66998,1.0,58.0,16,71,4490,8,1.0
97,1.0,0.0,0.0,1.0,5.0,5,93.56069225341122,93.56069225341122,pobre,basal,6,800.0,747.5,1.0,28.0,10,71,4491,5,1.0
98,1.0,0.0,0.0,1.0,6.0,5,93.56069225341122,93.56069225341122,pobre,basal,6,800.0,747.5,1.0,28.0,11,71,4491,5,1.0
97,1.0,0.0,0.0,1.0,3.0,5,93.56069225341122,93.56069225341122,pobre,basal,6,800.0,747.5,1.0,28.0,9,71,4492,3,1.0
98,1.0,0.0,0.0,1.0,4.0,5,93.56069225341122,93.56069225341122,pobre,basal,6,800.0,747.5,1.0,28.0,10,71,4492,3,1.0
97,0.0,0.0,0.0,1.0,8.0,7,93.56069225341122,93.56069225341122,pobre,basal,6,500.0,708.5,1.0,72.0,12,71,4493,8,1.0
98,0.0,0.0,0.0,,,7,93.56069225341122,93.56069225341122,pobre,basal,6,500.0,708.5,1.0,72.0,13,71,4493,8,1.0
97,0.0,0.0,0.0,1.0,3.0,7,93.56069225341122,93.56069225341122,pobre,basal,6,500.0,708.5,1.0,72.0,10,71,4494,3,1.0
98,0.0,0.0,0.0,1.0,4.0,7,93.56069225341122,93.56069225341122,pobre,basal,6,500.0,708.5,1.0,72.0,11,71,4494,3,1.0
97,1.0,0.0,0.0,1.0,7.0,5,93.56069225341122,93.56069225341122,pobre,basal,1,800.0,788.5,1.0,31.0,13,71,4495,7,1.0
98,1.0,0.0,0.0,1.0,8.0,5,93.56069225341122,93.56069225341122,pobre,basal,1,800.0,788.5,1.0,31.0,14,71,4495,7,1.0
97,0.0,0.0,0.0,1.0,5.0,5,93.56069225341122,93.56069225341122,pobre,basal,1,800.0,788.5,1.0,31.0,11,71,4496,5,1.0
98,0.0,0.0,0.0,1.0,6.0,5,93.56069225341122,93.56069225341122,pobre,basal,1,800.0,788.5,1.0,31.0,12,71,4496,5,1.0
97,0.0,0.0,0.0,1.0,2.0,5,93.56069225341122,93.56069225341122,pobre,basal,1,800.0,788.5,1.0,31.0,8,71,4497,2,1.0
98,0.0,0.0,0.0,1.0,3.0,5,93.56069225341122,93.56069225341122,pobre,basal,1,800.0,788.5,1.0,31.0,9,71,4497,2,1.0
97,1.0,0.0,0.0,0.0,9.0,4,93.56069225341122,93.56069225341122,no pobre,basal,3,400.0,777.51001,1.0,61.0,16,71,4498,9,0.0
98,1.0,0.0,0.0,,,4,93.56069225341122,93.56069225341122,no pobre,basal,3,400.0,777.51001,1.0,61.0,17,71,4498,9,0.0
97,0.0,0.0,0.0,1.0,7.0,8,93.56069225341122,93.56069225341122,pobre,basal,0,0.0,624.46997,1.0,52.0,16,71,4499,7,1.0
98,0.0,0.0,0.0,,,8,93.56069225341122,93.56069225341122,pobre,basal,0,0.0,624.46997,1.0,52.0,17,71,4499,7,1.0
97,0.0,0.0,0.0,1.0,3.0,8,93.56069225341122,93.56069225341122,pobre,basal,0,0.0,624.46997,1.0,52.0,14,71,4500,3,1.0
98,0.0,0.0,0.0,0.0,4.0,8,93.56069225341122,93.56069225341122,pobre,basal,0,0.0,624.46997,1.0,52.0,15,71,4500,3,1.0
97,1.0,0.0,0.0,1.0,4.0,8,93.56069225341122,93.56069225341122,pobre,basal,0,0.0,624.46997,1.0,52.0,13,71,4501,4,1.0
98,1.0,0.0,0.0,1.0,5.0,8,93.56069225341122,93.56069225341122,pobre,basal,0,0.0,624.46997,1.0,52.0,14,71,4501,4,1.0
97,0.0,0.0,0.0,1.0,2.0,8,93.56069225341122,93.56069225341122,pobre,basal,0,0.0,624.46997,1.0,52.0,8,71,4502,2,1.0
98,0.0,0.0,0.0,1.0,3.0,8,93.56069225341122,93.56069225341122,pobre,basal,0,0.0,624.46997,1.0,52.0,9,71,4502,2,1.0
97,1.0,0.0,0.0,1.0,1.0,8,93.56069225341122,93.56069225341122,pobre,basal,0,0.0,624.46997,1.0,52.0,7,71,4503,1,1.0
98,1.0,0.0,0.0,1.0,0.0,8,93.56069225341122,93.56069225341122,pobre,basal,0,0.0,624.46997,1.0,52.0,8,71,4503,1,1.0
97,0.0,0.0,0.0,,0.0,8,93.56069225341122,93.56069225341122,pobre,basal,0,0.0,624.46997,1.0,52.0,6,71,4504,0,
98,0.0,0.0,0.0,1.0,0.0,8,93.56069225341122,93.56069225341122,pobre,basal,0,0.0,624.46997,1.0,52.0,7,71,4504,0,
97,0.0,0.0,0.0,1.0,5.0,6,93.56069225341122,93.56069225341122,pobre,basal,1,800.0,747.0,1.0,42.0,11,71,4505,5,1.0
98,0.0,0.0,0.0,1.0,6.0,6,93.56069225341122,93.56069225341122,pobre,basal,1,800.0,747.0,1.0,42.0,12,71,4505,5,1.0
97,0.0,0.0,0.0,1.0,4.0,6,93.56069225341122,93.56069225341122,pobre,basal,1,800.0,747.0,1.0,42.0,10,71,4506,4,1.0
98,0.0,0.0,0.0,1.0,5.0,6,93.56069225341122,93.56069225341122,pobre,basal,1,800.0,747.0,1.0,42.0,11,71,4506,4,1.0
97,0.0,0.0,0.0,1.0,2.0,6,93.56069225341122,93.56069225341122,pobre,basal,1,800.0,747.0,1.0,42.0,7,71,4507,2,1.0
98,0.0,0.0,0.0,1.0,2.0,6,93.56069225341122,93.56069225341122,pobre,basal,1,800.0,747.0,1.0,42.0,8,71,4507,2,1.0
97,0.0,0.0,0.0,1.0,8.0,5,93.56069225341122,93.56069225341122,pobre,basal,5,0.0,695.0,0.0,39.0,14,71,4508,8,1.0
98,0.0,0.0,0.0,0.0,9.0,5,93.56069225341122,93.56069225341122,pobre,basal,5,0.0,695.0,0.0,39.0,15,71,4508,8,1.0
97,0.0,0.0,0.0,1.0,5.0,5,93.56069225341122,93.56069225341122,pobre,basal,5,0.0,695.0,0.0,39.0,10,71,4509,5,1.0
98,0.0,0.0,0.0,1.0,6.0,5,93.56069225341122,93.56069225341122,pobre,basal,5,0.0,695.0,0.0,39.0,11,71,4509,5,1.0
97,0.0,0.0,0.0,1.0,2.0,4,93.56069225341122,93.56069225341122,pobre,basal,3,800.0,692.0,1.0,32.0,8,71,4510,2,1.0
98,0.0,0.0,0.0,1.0,3.0,4,93.56069225341122,93.56069225341122,pobre,basal,3,800.0,692.0,1.0,32.0,9,71,4510,2,1.0
97,1.0,0.0,0.0,1.0,6.0,6,93.56069225341122,93.56069225341122,pobre,basal,1,1200.0,682.0,1.0,40.0,12,71,4511,6,1.0
98,1.0,0.0,0.0,1.0,7.0,6,93.56069225341122,93.56069225341122,pobre,basal,1,1200.0,682.0,1.0,40.0,13,71,4511,6,1.0
97,1.0,0.0,0.0,1.0,1.0,6,93.56069225341122,93.56069225341122,pobre,basal,1,1200.0,682.0,1.0,40.0,6,71,4512,1,1.0
98,1.0,0.0,0.0,1.0,1.0,6,93.56069225341122,93.56069225341122,pobre,basal,1,1200.0,682.0,1.0,40.0,7,71,4512,1,1.0
97,0.0,0.0,0.0,0.0,8.0,2,93.56069225341122,93.56069225341122,pobre,basal,6,800.0,691.0,1.0,21.0,15,71,4513,8,0.0
98,0.0,0.0,0.0,0.0,6.0,2,93.56069225341122,93.56069225341122,pobre,basal,6,800.0,691.0,1.0,21.0,16,71,4513,8,0.0
97,1.0,0.0,0.0,1.0,4.0,7,93.56069225341122,93.56069225341122,no pobre,basal,2,375.0,855.0,1.0,50.0,8,71,4514,4,1.0
98,1.0,0.0,0.0,1.0,5.0,7,93.56069225341122,93.56069225341122,no pobre,basal,2,375.0,855.0,1.0,50.0,9,71,4514,4,1.0
97,1.0,0.0,0.0,1.0,2.0,7,93.56069225341122,93.56069225341122,no pobre,basal,2,375.0,855.0,1.0,50.0,7,71,4515,2,1.0
98,1.0,0.0,0.0,1.0,3.0,7,93.56069225341122,93.56069225341122,no pobre,basal,2,375.0,855.0,1.0,50.0,8,71,4515,2,1.0
97,1.0,0.0,0.0,1.0,5.0,5,93.56069225341122,93.56069225341122,pobre,basal,9,500.0,688.0,1.0,35.0,10,71,4516,5,1.0
98,1.0,0.0,0.0,1.0,6.0,5,93.56069225341122,93.56069225341122,pobre,basal,9,500.0,688.0,1.0,35.0,11,71,4516,5,1.0
97,1.0,0.0,0.0,1.0,3.0,5,93.56069225341122,93.56069225341122,pobre,basal,9,500.0,688.0,1.0,35.0,8,71,4517,3,1.0
98,1.0,0.0,0.0,1.0,4.0,5,93.56069225341122,93.56069225341122,pobre,basal,9,500.0,688.0,1.0,35.0,9,71,4517,3,1.0
97,0.0,0.0,0.0,1.0,1.0,5,93.56069225341122,93.56069225341122,pobre,basal,3,0.0,745.5,0.0,72.0,6,71,4518,1,1.0
98,0.0,0.0,0.0,,,5,93.56069225341122,93.56069225341122,pobre,basal,3,0.0,745.5,0.0,72.0,7,71,4518,1,1.0
97,0.0,0.0,0.0,1.0,5.0,6,93.56069225341122,93.56069225341122,pobre,basal,9,1600.0,670.0,1.0,32.0,11,71,4519,5,1.0
98,0.0,0.0,0.0,1.0,6.0,6,93.56069225341122,93.56069225341122,pobre,basal,9,1600.0,670.0,1.0,32.0,12,71,4519,5,1.0
97,1.0,0.0,0.0,1.0,1.0,6,93.56069225341122,93.56069225341122,pobre,basal,9,1600.0,670.0,1.0,32.0,9,71,4520,1,1.0
98,1.0,0.0,0.0,1.0,2.0,6,93.56069225341122,93.56069225341122,pobre,basal,9,1600.0,670.0,1.0,32.0,10,71,4520,1,1.0
97,0.0,0.0,0.0,1.0,1.0,6,93.56069225341122,93.56069225341122,pobre,basal,9,1600.0,670.0,1.0,32.0,7,71,4521,1,1.0
98,0.0,0.0,0.0,1.0,2.0,6,93.56069225341122,93.56069225341122,pobre,basal,9,1600.0,670.0,1.0,32.0,8,71,4521,1,1.0
97,1.0,0.0,0.0,1.0,7.0,5,93.56069225341122,93.56069225341122,no pobre,basal,1,500.0,1024.5,1.0,40.0,13,71,4522,7,1.0
98,1.0,0.0,0.0,,,5,93.56069225341122,93.56069225341122,no pobre,basal,1,500.0,1024.5,1.0,40.0,14,71,4522,7,1.0
97,0.0,0.0,0.0,1.0,8.0,5,93.56069225341122,93.56069225341122,no pobre,basal,1,500.0,1024.5,1.0,40.0,16,71,4523,8,1.0
98,0.0,0.0,0.0,,,5,93.56069225341122,93.56069225341122,no pobre,basal,1,500.0,1024.5,1.0,40.0,17,71,4523,8,1.0
97,0.0,0.0,1.665,0.0,6.0,10,132.1117805208397,164.3844062152743,pobre,basal,2,120.0,720.33002,1.0,33.0,15,58,4524,6,0.0
98,0.0,0.0,1.665,0.0,6.0,10,132.1117805208397,164.3844062152743,pobre,basal,2,120.0,720.33002,1.0,33.0,16,58,4524,6,0.0
97,1.0,0.0,1.665,1.0,5.0,10,132.1117805208397,164.3844062152743,pobre,basal,2,120.0,720.33002,1.0,33.0,13,58,4525,5,1.0
98,1.0,0.0,1.665,1.0,6.0,10,132.1117805208397,164.3844062152743,pobre,basal,2,120.0,720.33002,1.0,33.0,14,58,4525,5,1.0
97,1.0,0.0,1.665,1.0,3.0,10,132.1117805208397,164.3844062152743,pobre,basal,2,120.0,720.33002,1.0,33.0,10,58,4526,3,1.0
98,1.0,0.0,1.665,1.0,3.0,10,132.1117805208397,164.3844062152743,pobre,basal,2,120.0,720.33002,1.0,33.0,11,58,4526,3,1.0
97,1.0,0.0,1.665,1.0,1.0,10,132.1117805208397,164.3844062152743,pobre,basal,2,120.0,720.33002,1.0,33.0,7,58,4527,1,1.0
98,1.0,0.0,1.665,1.0,2.0,10,132.1117805208397,164.3844062152743,pobre,basal,2,120.0,720.33002,1.0,33.0,8,58,4527,1,1.0
97,1.0,1.0,1.665,1.0,4.0,4,132.1117805208397,164.3844062152743,pobre,basal,0,750.0,706.0,1.0,30.0,10,58,4528,4,1.0
98,1.0,1.0,1.665,1.0,4.0,4,132.1117805208397,164.3844062152743,pobre,basal,0,750.0,706.0,1.0,30.0,11,58,4528,4,1.0
97,1.0,0.0,1.665,1.0,8.0,7,132.1117805208397,164.3844062152743,pobre,basal,0,625.0,784.33002,1.0,36.0,15,58,4529,8,1.0
98,1.0,0.0,1.665,1.0,9.0,7,132.1117805208397,164.3844062152743,pobre,basal,0,625.0,784.33002,1.0,36.0,16,58,4529,8,1.0
97,0.0,0.0,1.665,1.0,4.0,7,132.1117805208397,164.3844062152743,pobre,basal,0,625.0,784.33002,1.0,36.0,13,58,4530,4,1.0
98,0.0,0.0,1.665,0.0,4.0,7,132.1117805208397,164.3844062152743,pobre,basal,0,625.0,784.33002,1.0,36.0,14,58,4530,4,1.0
97,1.0,0.0,1.665,1.0,3.0,7,132.1117805208397,164.3844062152743,pobre,basal,0,625.0,784.33002,1.0,36.0,10,58,4531,3,1.0
98,1.0,0.0,1.665,1.0,4.0,7,132.1117805208397,164.3844062152743,pobre,basal,0,625.0,784.33002,1.0,36.0,11,58,4531,3,1.0
97,0.0,0.0,1.665,1.0,2.0,7,132.1117805208397,164.3844062152743,pobre,basal,0,625.0,784.33002,1.0,36.0,8,58,4532,2,1.0
98,0.0,0.0,1.665,1.0,3.0,7,132.1117805208397,164.3844062152743,pobre,basal,0,625.0,784.33002,1.0,36.0,9,58,4532,2,1.0
97,1.0,0.0,1.665,1.0,2.0,5,132.1117805208397,164.3844062152743,pobre,basal,6,625.0,658.0,1.0,32.0,8,58,4533,2,1.0
98,1.0,0.0,1.665,1.0,3.0,5,132.1117805208397,164.3844062152743,pobre,basal,6,625.0,658.0,1.0,32.0,9,58,4533,2,1.0
97,1.0,0.0,1.665,1.0,0.0,5,132.1117805208397,164.3844062152743,pobre,basal,6,625.0,658.0,1.0,32.0,6,58,4534,0,1.0
98,1.0,0.0,1.665,1.0,1.0,5,132.1117805208397,164.3844062152743,pobre,basal,6,625.0,658.0,1.0,32.0,7,58,4534,0,1.0
97,1.0,0.0,1.665,0.0,6.0,7,132.1117805208397,164.3844062152743,pobre,basal,1,840.0,655.0,1.0,60.0,15,58,4535,6,0.0
98,1.0,0.0,1.665,,6.0,7,132.1117805208397,164.3844062152743,pobre,basal,1,840.0,655.0,1.0,60.0,16,58,4535,6,0.0
97,0.0,0.0,1.665,1.0,7.0,7,132.1117805208397,164.3844062152743,pobre,basal,1,840.0,655.0,1.0,60.0,13,58,4536,7,1.0
98,0.0,0.0,1.665,1.0,8.0,7,132.1117805208397,164.3844062152743,pobre,basal,1,840.0,655.0,1.0,60.0,14,58,4536,7,1.0
97,1.0,0.0,1.665,1.0,5.0,7,132.1117805208397,164.3844062152743,pobre,basal,1,840.0,655.0,1.0,60.0,11,58,4537,5,1.0
98,1.0,0.0,1.665,1.0,6.0,7,132.1117805208397,164.3844062152743,pobre,basal,1,840.0,655.0,1.0,60.0,12,58,4537,5,1.0
97,0.0,0.0,1.665,1.0,2.0,7,132.1117805208397,164.3844062152743,pobre,basal,1,840.0,655.0,1.0,60.0,8,58,4538,2,1.0
98,0.0,0.0,1.665,1.0,3.0,7,132.1117805208397,164.3844062152743,pobre,basal,1,840.0,655.0,1.0,60.0,9,58,4538,2,1.0
97,1.0,0.0,1.665,0.0,6.0,5,132.1117805208397,164.3844062152743,pobre,basal,0,625.0,713.0,1.0,40.0,13,58,4539,6,0.0
98,1.0,0.0,1.665,1.0,6.0,5,132.1117805208397,164.3844062152743,pobre,basal,0,625.0,713.0,1.0,40.0,14,58,4539,6,0.0
97,1.0,0.0,1.665,1.0,2.0,5,132.1117805208397,164.3844062152743,pobre,basal,0,625.0,713.0,1.0,40.0,8,58,4540,2,1.0
98,1.0,0.0,1.665,1.0,3.0,5,132.1117805208397,164.3844062152743,pobre,basal,0,625.0,713.0,1.0,40.0,9,58,4540,2,1.0
97,1.0,0.0,1.665,1.0,8.0,9,132.1117805208397,164.3844062152743,pobre,basal,3,166.66667,548.0,1.0,44.0,14,58,4541,8,1.0
98,1.0,0.0,1.665,1.0,8.0,9,132.1117805208397,164.3844062152743,pobre,basal,3,166.66667,548.0,1.0,44.0,15,58,4541,8,1.0
97,1.0,0.0,1.665,1.0,5.0,9,132.1117805208397,164.3844062152743,pobre,basal,3,166.66667,548.0,1.0,44.0,11,58,4542,5,1.0
98,1.0,0.0,1.665,1.0,5.0,9,132.1117805208397,164.3844062152743,pobre,basal,3,166.66667,548.0,1.0,44.0,12,58,4542,5,1.0
97,1.0,0.0,1.665,1.0,3.0,9,132.1117805208397,164.3844062152743,pobre,basal,3,166.66667,548.0,1.0,44.0,9,58,4543,3,1.0
98,1.0,0.0,1.665,1.0,3.0,9,132.1117805208397,164.3844062152743,pobre,basal,3,166.66667,548.0,1.0,44.0,10,58,4543,3,1.0
97,1.0,0.0,1.665,1.0,4.0,6,132.1117805208397,164.3844062152743,pobre,basal,0,960.0,659.0,1.0,26.0,10,58,4544,4,1.0
98,1.0,0.0,1.665,1.0,5.0,6,132.1117805208397,164.3844062152743,pobre,basal,0,960.0,659.0,1.0,26.0,11,58,4544,4,1.0
97,1.0,0.0,1.665,1.0,0.0,6,132.1117805208397,164.3844062152743,pobre,basal,0,960.0,659.0,1.0,26.0,6,58,4545,0,1.0
98,1.0,0.0,1.665,1.0,1.0,6,132.1117805208397,164.3844062152743,pobre,basal,0,960.0,659.0,1.0,26.0,7,58,4545,0,1.0
97,1.0,0.0,1.665,1.0,5.0,7,132.1117805208397,164.3844062152743,pobre,basal,5,625.0,714.0,1.0,39.0,11,58,4546,5,1.0
98,1.0,0.0,1.665,1.0,6.0,7,132.1117805208397,164.3844062152743,pobre,basal,5,625.0,714.0,1.0,39.0,12,58,4546,5,1.0
97,1.0,0.0,1.665,1.0,4.0,7,132.1117805208397,164.3844062152743,pobre,basal,5,625.0,714.0,1.0,39.0,10,58,4547,4,1.0
98,1.0,0.0,1.665,1.0,5.0,7,132.1117805208397,164.3844062152743,pobre,basal,5,625.0,714.0,1.0,39.0,11,58,4547,4,1.0
97,0.0,0.0,0.67299998,0.0,6.0,6,120.7114971857462,144.4715344867167,pobre,basal,1,625.0,655.0,1.0,46.0,16,92,4548,6,0.0
98,0.0,0.0,0.67299998,,,6,120.7114971857462,144.4715344867167,pobre,basal,1,625.0,655.0,1.0,46.0,17,92,4548,6,0.0
97,0.0,0.0,0.67299998,1.0,6.0,6,120.7114971857462,144.4715344867167,pobre,basal,1,625.0,655.0,1.0,46.0,15,92,4549,6,1.0
98,0.0,0.0,0.67299998,0.0,6.0,6,120.7114971857462,144.4715344867167,pobre,basal,1,625.0,655.0,1.0,46.0,16,92,4549,6,1.0
97,1.0,0.0,0.67299998,1.0,2.0,6,120.7114971857462,144.4715344867167,pobre,basal,1,625.0,655.0,1.0,46.0,10,92,4550,2,1.0
98,1.0,0.0,0.67299998,1.0,3.0,6,120.7114971857462,144.4715344867167,pobre,basal,1,625.0,655.0,1.0,46.0,11,92,4550,2,1.0
97,0.0,0.0,0.67299998,0.0,6.0,3,120.7114971857462,144.4715344867167,no pobre,basal,0,20.0,765.0,1.0,72.0,16,92,4551,6,0.0
98,0.0,0.0,0.67299998,,,3,120.7114971857462,144.4715344867167,no pobre,basal,0,20.0,765.0,1.0,72.0,17,92,4551,6,0.0
97,0.0,0.0,0.67299998,1.0,2.0,6,120.7114971857462,144.4715344867167,pobre,basal,7,625.0,706.0,1.0,28.0,6,92,4552,2,1.0
98,0.0,0.0,0.67299998,,,6,120.7114971857462,144.4715344867167,pobre,basal,7,625.0,706.0,1.0,28.0,7,92,4552,2,1.0
97,0.0,0.0,0.67299998,1.0,1.0,6,120.7114971857462,144.4715344867167,pobre,basal,7,625.0,706.0,1.0,28.0,6,92,4553,1,1.0
98,0.0,0.0,0.67299998,,,6,120.7114971857462,144.4715344867167,pobre,basal,7,625.0,706.0,1.0,28.0,7,92,4553,1,1.0
97,0.0,0.0,0.67299998,1.0,4.0,5,120.7114971857462,144.4715344867167,no pobre,basal,0,500.0,821.5,1.0,54.0,9,92,4554,4,1.0
98,0.0,0.0,0.67299998,1.0,5.0,5,120.7114971857462,144.4715344867167,no pobre,basal,0,500.0,821.5,1.0,54.0,10,92,4554,4,1.0
97,0.0,0.0,0.67299998,1.0,6.0,10,120.7114971857462,144.4715344867167,pobre,basal,0,400.0,632.5,1.0,55.0,13,92,4555,6,1.0
98,0.0,0.0,0.67299998,1.0,7.0,10,120.7114971857462,144.4715344867167,pobre,basal,0,400.0,632.5,1.0,55.0,14,92,4555,6,1.0
97,1.0,0.0,0.67299998,1.0,0.0,10,120.7114971857462,144.4715344867167,pobre,basal,0,400.0,632.5,1.0,55.0,10,92,4556,0,1.0
98,1.0,0.0,0.67299998,1.0,2.0,10,120.7114971857462,144.4715344867167,pobre,basal,0,400.0,632.5,1.0,55.0,11,92,4556,0,1.0
97,0.0,0.0,0.67299998,1.0,1.0,10,120.7114971857462,144.4715344867167,pobre,basal,0,400.0,632.5,1.0,55.0,7,92,4557,1,1.0
98,0.0,0.0,0.67299998,1.0,2.0,10,120.7114971857462,144.4715344867167,pobre,basal,0,400.0,632.5,1.0,55.0,8,92,4557,1,1.0
97,1.0,0.0,0.67299998,,0.0,10,120.7114971857462,144.4715344867167,pobre,basal,0,400.0,632.5,1.0,55.0,10,92,4558,0,
98,1.0,0.0,0.67299998,0.0,1.0,10,120.7114971857462,144.4715344867167,pobre,basal,0,400.0,632.5,1.0,55.0,11,92,4558,0,
97,0.0,0.0,0.67299998,1.0,0.0,10,120.7114971857462,144.4715344867167,pobre,basal,0,400.0,632.5,1.0,55.0,6,92,4559,0,1.0
98,0.0,0.0,0.67299998,1.0,0.0,10,120.7114971857462,144.4715344867167,pobre,basal,0,400.0,632.5,1.0,55.0,7,92,4559,0,1.0
97,0.0,0.0,0.67299998,0.0,6.0,6,120.7114971857462,144.4715344867167,pobre,basal,0,480.0,679.0,0.0,37.0,13,92,4560,6,0.0
98,0.0,0.0,0.67299998,0.0,6.0,6,120.7114971857462,144.4715344867167,pobre,basal,0,480.0,679.0,0.0,37.0,14,92,4560,6,0.0
97,1.0,0.0,0.67299998,1.0,1.0,6,120.7114971857462,144.4715344867167,pobre,basal,0,480.0,679.0,0.0,37.0,11,92,4561,1,1.0
98,1.0,0.0,0.67299998,1.0,4.0,6,120.7114971857462,144.4715344867167,pobre,basal,0,480.0,679.0,0.0,37.0,12,92,4561,1,1.0
97,1.0,0.0,0.67299998,1.0,7.0,2,120.7114971857462,144.4715344867167,pobre,basal,0,0.0,813.0,0.0,68.0,16,92,4562,7,1.0
98,1.0,0.0,0.67299998,,,2,120.7114971857462,144.4715344867167,pobre,basal,0,0.0,813.0,0.0,68.0,17,92,4562,7,1.0
97,1.0,1.0,8.0690002,0.0,1.0,4,114.9963700159439,123.3540413622409,pobre,0,0,0.0,560.0,0.0,44.0,13,22,4563,1,0.0
98,1.0,1.0,8.0690002,,,4,114.9963700159439,123.3540413622409,pobre,0,0,0.0,560.0,0.0,44.0,14,22,4563,1,0.0
97,0.0,1.0,8.0690002,,0.0,5,114.9963700159439,123.3540413622409,pobre,0,0,750.0,557.0,1.0,46.0,6,22,4564,0,
98,0.0,1.0,8.0690002,,,5,114.9963700159439,123.3540413622409,pobre,0,0,750.0,557.0,1.0,46.0,7,22,4564,0,
97,1.0,1.0,8.0690002,,0.0,5,114.9963700159439,123.3540413622409,pobre,0,0,750.0,687.66998,1.0,32.0,15,22,4565,0,
98,1.0,1.0,8.0690002,1.0,6.0,5,114.9963700159439,123.3540413622409,pobre,0,0,750.0,687.66998,1.0,32.0,16,22,4565,0,
97,0.0,1.0,8.0690002,,0.0,5,114.9963700159439,123.3540413622409,pobre,0,0,750.0,687.66998,1.0,32.0,13,22,4566,0,
98,0.0,1.0,8.0690002,,,5,114.9963700159439,123.3540413622409,pobre,0,0,750.0,687.66998,1.0,32.0,14,22,4566,0,
97,1.0,1.0,8.0690002,1.0,1.0,5,114.9963700159439,123.3540413622409,pobre,0,0,750.0,687.66998,1.0,32.0,11,22,4567,1,1.0
98,1.0,1.0,8.0690002,,,5,114.9963700159439,123.3540413622409,pobre,0,0,750.0,687.66998,1.0,32.0,12,22,4567,1,1.0
97,1.0,1.0,8.0690002,1.0,1.0,7,114.9963700159439,123.3540413622409,pobre,0,2,500.0,710.0,1.0,33.0,10,22,4568,1,1.0
98,1.0,1.0,8.0690002,1.0,2.0,7,114.9963700159439,123.3540413622409,pobre,0,2,500.0,710.0,1.0,33.0,11,22,4568,1,1.0
97,1.0,1.0,8.0690002,1.0,1.0,7,114.9963700159439,123.3540413622409,pobre,0,2,500.0,710.0,1.0,33.0,8,22,4569,1,1.0
98,1.0,1.0,8.0690002,0.0,1.0,7,114.9963700159439,123.3540413622409,pobre,0,2,500.0,710.0,1.0,33.0,9,22,4569,1,1.0
97,1.0,1.0,8.0690002,1.0,0.0,7,114.9963700159439,123.3540413622409,pobre,0,2,500.0,710.0,1.0,33.0,6,22,4570,0,1.0
98,1.0,1.0,8.0690002,1.0,1.0,7,114.9963700159439,123.3540413622409,pobre,0,2,500.0,710.0,1.0,33.0,7,22,4570,0,1.0
97,1.0,1.0,8.0690002,1.0,2.0,6,114.9963700159439,123.3540413622409,pobre,0,2,1400.0,690.0,1.0,35.0,10,22,4571,2,1.0
98,1.0,1.0,8.0690002,1.0,2.0,6,114.9963700159439,123.3540413622409,pobre,0,2,1400.0,690.0,1.0,35.0,11,22,4571,2,1.0
97,0.0,1.0,8.0690002,1.0,0.0,6,114.9963700159439,123.3540413622409,pobre,0,2,1400.0,690.0,1.0,35.0,7,22,4572,0,1.0
98,0.0,1.0,8.0690002,,,6,114.9963700159439,123.3540413622409,pobre,0,2,1400.0,690.0,1.0,35.0,8,22,4572,0,1.0
97,1.0,0.0,8.0690002,1.0,1.0,4,114.9963700159439,123.3540413622409,pobre,0,0,600.0,570.0,1.0,25.0,8,22,4573,1,1.0
98,1.0,0.0,8.0690002,1.0,0.0,4,114.9963700159439,123.3540413622409,pobre,0,0,600.0,570.0,1.0,25.0,9,22,4573,1,1.0
97,1.0,1.0,8.0690002,0.0,1.0,8,114.9963700159439,123.3540413622409,pobre,0,0,750.0,746.0,1.0,36.0,16,22,4574,1,0.0
98,1.0,1.0,8.0690002,,,8,114.9963700159439,123.3540413622409,pobre,0,0,750.0,746.0,1.0,36.0,17,22,4574,1,0.0
97,1.0,1.0,8.0690002,,0.0,8,114.9963700159439,123.3540413622409,pobre,0,0,750.0,746.0,1.0,36.0,14,22,4575,0,
98,1.0,1.0,8.0690002,,,8,114.9963700159439,123.3540413622409,pobre,0,0,750.0,746.0,1.0,36.0,15,22,4575,0,
97,0.0,1.0,8.0690002,,0.0,8,114.9963700159439,123.3540413622409,pobre,0,0,750.0,746.0,1.0,36.0,9,22,4576,0,
98,0.0,1.0,8.0690002,,,8,114.9963700159439,123.3540413622409,pobre,0,0,750.0,746.0,1.0,36.0,10,22,4576,0,
97,1.0,1.0,8.0690002,1.0,2.0,8,114.9963700159439,123.3540413622409,pobre,0,0,750.0,746.0,1.0,36.0,8,22,4577,2,1.0
98,1.0,1.0,8.0690002,,,8,114.9963700159439,123.3540413622409,pobre,0,0,750.0,746.0,1.0,36.0,9,22,4577,2,1.0
97,0.0,1.0,8.0690002,1.0,0.0,5,114.9963700159439,123.3540413622409,pobre,0,0,750.0,691.0,1.0,30.0,8,22,4578,0,1.0
98,0.0,1.0,8.0690002,1.0,1.0,5,114.9963700159439,123.3540413622409,pobre,0,0,750.0,691.0,1.0,30.0,9,22,4578,0,1.0
97,0.0,1.0,8.0690002,1.0,0.0,5,114.9963700159439,123.3540413622409,pobre,0,0,750.0,691.0,1.0,30.0,6,22,4579,0,1.0
98,0.0,1.0,8.0690002,,,5,114.9963700159439,123.3540413622409,pobre,0,0,750.0,691.0,1.0,30.0,7,22,4579,0,1.0
97,0.0,1.0,8.0690002,,0.0,6,114.9963700159439,123.3540413622409,pobre,0,0,0.0,738.5,1.0,38.0,16,22,4580,0,
98,0.0,1.0,8.0690002,,,6,114.9963700159439,123.3540413622409,pobre,0,0,0.0,738.5,1.0,38.0,17,22,4580,0,
97,1.0,1.0,8.0690002,1.0,3.0,6,114.9963700159439,123.3540413622409,pobre,0,0,0.0,738.5,1.0,38.0,13,22,4581,3,1.0
98,1.0,1.0,8.0690002,1.0,4.0,6,114.9963700159439,123.3540413622409,pobre,0,0,0.0,738.5,1.0,38.0,14,22,4581,3,1.0
97,0.0,1.0,8.0690002,1.0,1.0,6,114.9963700159439,123.3540413622409,pobre,0,0,0.0,738.5,1.0,38.0,10,22,4582,1,1.0
98,0.0,1.0,8.0690002,1.0,2.0,6,114.9963700159439,123.3540413622409,pobre,0,0,0.0,738.5,1.0,38.0,11,22,4582,1,1.0
97,1.0,1.0,8.0690002,1.0,0.0,6,114.9963700159439,123.3540413622409,pobre,0,0,0.0,738.5,1.0,38.0,7,22,4583,0,1.0
98,1.0,1.0,8.0690002,1.0,1.0,6,114.9963700159439,123.3540413622409,pobre,0,0,0.0,738.5,1.0,38.0,8,22,4583,0,1.0
97,0.0,1.0,8.0690002,,0.0,11,114.9963700159439,123.3540413622409,pobre,0,0,750.0,646.5,1.0,32.0,15,22,4584,0,
98,0.0,1.0,8.0690002,,,11,114.9963700159439,123.3540413622409,pobre,0,0,750.0,646.5,1.0,32.0,16,22,4584,0,
97,1.0,1.0,8.0690002,,0.0,11,114.9963700159439,123.3540413622409,pobre,0,0,750.0,646.5,1.0,32.0,13,22,4585,0,
98,1.0,1.0,8.0690002,1.0,3.0,11,114.9963700159439,123.3540413622409,pobre,0,0,750.0,646.5,1.0,32.0,14,22,4585,0,
97,1.0,1.0,8.0690002,,0.0,11,114.9963700159439,123.3540413622409,pobre,0,0,750.0,646.5,1.0,32.0,8,22,4586,0,
98,1.0,1.0,8.0690002,1.0,2.0,11,114.9963700159439,123.3540413622409,pobre,0,0,750.0,646.5,1.0,32.0,9,22,4586,0,
97,0.0,1.0,8.0690002,,0.0,11,114.9963700159439,123.3540413622409,pobre,0,0,750.0,646.5,1.0,32.0,7,22,4587,0,
98,0.0,1.0,8.0690002,1.0,1.0,11,114.9963700159439,123.3540413622409,pobre,0,0,750.0,646.5,1.0,32.0,8,22,4587,0,
97,0.0,1.0,8.0690002,,0.0,10,114.9963700159439,123.3540413622409,pobre,0,0,0.0,664.33002,1.0,39.0,16,22,4588,0,
98,0.0,1.0,8.0690002,,,10,114.9963700159439,123.3540413622409,pobre,0,0,0.0,664.33002,1.0,39.0,17,22,4588,0,
97,0.0,1.0,8.0690002,0.0,1.0,10,114.9963700159439,123.3540413622409,pobre,0,0,0.0,664.33002,1.0,39.0,13,22,4589,1,0.0
98,0.0,1.0,8.0690002,,,10,114.9963700159439,123.3540413622409,pobre,0,0,0.0,664.33002,1.0,39.0,14,22,4589,1,0.0
97,0.0,1.0,8.0690002,1.0,1.0,10,114.9963700159439,123.3540413622409,pobre,0,0,0.0,664.33002,1.0,39.0,11,22,4590,1,1.0
98,0.0,1.0,8.0690002,,,10,114.9963700159439,123.3540413622409,pobre,0,0,0.0,664.33002,1.0,39.0,12,22,4590,1,1.0
97,0.0,1.0,8.0690002,,0.0,10,114.9963700159439,123.3540413622409,pobre,0,0,0.0,664.33002,1.0,39.0,7,22,4591,0,
98,0.0,1.0,8.0690002,,,10,114.9963700159439,123.3540413622409,pobre,0,0,0.0,664.33002,1.0,39.0,8,22,4591,0,
97,1.0,1.0,8.0690002,1.0,1.0,3,114.9963700159439,123.3540413622409,pobre,0,1,750.0,713.0,1.0,67.0,8,22,4592,1,1.0
98,1.0,1.0,8.0690002,1.0,3.0,3,114.9963700159439,123.3540413622409,pobre,0,1,750.0,713.0,1.0,67.0,9,22,4592,1,1.0
97,0.0,1.0,8.0690002,0.0,2.0,8,114.9963700159439,123.3540413622409,no pobre,0,3,750.0,752.66998,1.0,36.0,12,22,4593,2,0.0
98,0.0,1.0,8.0690002,0.0,3.0,8,114.9963700159439,123.3540413622409,no pobre,0,3,750.0,752.66998,1.0,36.0,13,22,4593,2,0.0
97,0.0,1.0,8.0690002,1.0,2.0,8,114.9963700159439,123.3540413622409,no pobre,0,3,750.0,752.66998,1.0,36.0,8,22,4594,2,1.0
98,0.0,1.0,8.0690002,1.0,2.0,8,114.9963700159439,123.3540413622409,no pobre,0,3,750.0,752.66998,1.0,36.0,9,22,4594,2,1.0
97,1.0,1.0,8.0690002,,0.0,10,114.9963700159439,123.3540413622409,pobre,0,2,750.0,710.33002,1.0,50.0,6,22,4595,0,
98,1.0,1.0,8.0690002,1.0,0.0,10,114.9963700159439,123.3540413622409,pobre,0,2,750.0,710.33002,1.0,50.0,7,22,4595,0,
97,1.0,1.0,8.0690002,1.0,3.0,5,114.9963700159439,123.3540413622409,pobre,0,0,625.0,725.66998,1.0,68.0,11,22,4596,3,1.0
98,1.0,1.0,8.0690002,1.0,4.0,5,114.9963700159439,123.3540413622409,pobre,0,0,625.0,725.66998,1.0,68.0,12,22,4596,3,1.0
97,0.0,1.0,8.0690002,0.0,3.0,5,114.9963700159439,123.3540413622409,pobre,0,0,625.0,725.66998,1.0,68.0,15,22,4597,3,0.0
98,0.0,1.0,8.0690002,0.0,4.0,5,114.9963700159439,123.3540413622409,pobre,0,0,625.0,725.66998,1.0,68.0,16,22,4597,3,0.0
97,0.0,1.0,8.0690002,,0.0,5,114.9963700159439,123.3540413622409,pobre,0,1,1200.0,705.5,1.0,37.0,14,22,4598,0,
98,0.0,1.0,8.0690002,,,5,114.9963700159439,123.3540413622409,pobre,0,1,1200.0,705.5,1.0,37.0,15,22,4598,0,
97,0.0,1.0,8.0690002,,0.0,5,114.9963700159439,123.3540413622409,pobre,0,1,1200.0,705.5,1.0,37.0,6,22,4599,0,
98,0.0,1.0,8.0690002,1.0,0.0,5,114.9963700159439,123.3540413622409,pobre,0,1,1200.0,705.5,1.0,37.0,7,22,4599,0,
97,0.0,1.0,8.0690002,,0.0,8,114.9963700159439,123.3540413622409,pobre,0,0,750.0,666.0,1.0,71.0,13,22,4600,0,
98,0.0,1.0,8.0690002,0.0,6.0,8,114.9963700159439,123.3540413622409,pobre,0,0,750.0,666.0,1.0,71.0,14,22,4600,0,
97,0.0,1.0,8.0690002,,0.0,8,114.9963700159439,123.3540413622409,pobre,0,0,750.0,666.0,1.0,71.0,10,22,4601,0,
98,0.0,1.0,8.0690002,1.0,4.0,8,114.9963700159439,123.3540413622409,pobre,0,0,750.0,666.0,1.0,71.0,11,22,4601,0,
97,1.0,1.0,8.0690002,1.0,3.0,8,114.9963700159439,123.3540413622409,pobre,0,0,750.0,666.0,1.0,71.0,11,22,4602,3,1.0
98,1.0,1.0,8.0690002,1.0,4.0,8,114.9963700159439,123.3540413622409,pobre,0,0,750.0,666.0,1.0,71.0,12,22,4602,3,1.0
97,0.0,1.0,8.0690002,1.0,1.0,8,114.9963700159439,123.3540413622409,pobre,0,0,625.0,550.0,1.0,29.0,10,22,4603,1,1.0
98,0.0,1.0,8.0690002,0.0,3.0,8,114.9963700159439,123.3540413622409,pobre,0,0,625.0,550.0,1.0,29.0,11,22,4603,1,1.0
97,0.0,1.0,8.0690002,,0.0,8,114.9963700159439,123.3540413622409,pobre,0,0,625.0,550.0,1.0,29.0,8,22,4604,0,
98,0.0,1.0,8.0690002,0.0,2.0,8,114.9963700159439,123.3540413622409,pobre,0,0,625.0,550.0,1.0,29.0,9,22,4604,0,
97,0.0,1.0,8.0690002,,0.0,8,114.9963700159439,123.3540413622409,pobre,0,0,625.0,550.0,1.0,29.0,6,22,4605,0,
98,0.0,1.0,8.0690002,1.0,0.0,8,114.9963700159439,123.3540413622409,pobre,0,0,625.0,550.0,1.0,29.0,7,22,4605,0,
97,0.0,1.0,8.0690002,,0.0,4,114.9963700159439,123.3540413622409,pobre,0,0,0.0,684.46997,1.0,67.0,13,22,4606,0,
98,0.0,1.0,8.0690002,,,4,114.9963700159439,123.3540413622409,pobre,0,0,0.0,684.46997,1.0,67.0,14,22,4606,0,
97,1.0,1.0,8.0690002,1.0,4.0,3,114.9963700159439,123.3540413622409,pobre,0,0,750.0,628.5,1.0,27.0,10,22,4607,4,1.0
98,1.0,1.0,8.0690002,1.0,4.0,3,114.9963700159439,123.3540413622409,pobre,0,0,750.0,628.5,1.0,27.0,11,22,4607,4,1.0
97,1.0,1.0,8.0690002,0.0,3.0,10,114.9963700159439,123.3540413622409,pobre,0,0,750.0,508.0,1.0,43.0,12,22,4608,3,0.0
98,1.0,1.0,8.0690002,,,10,114.9963700159439,123.3540413622409,pobre,0,0,750.0,508.0,1.0,43.0,13,22,4608,3,0.0
97,0.0,1.0,8.0690002,1.0,0.0,10,114.9963700159439,123.3540413622409,pobre,0,0,750.0,508.0,1.0,43.0,8,22,4609,0,1.0
98,0.0,1.0,8.0690002,1.0,2.0,10,114.9963700159439,123.3540413622409,pobre,0,0,750.0,508.0,1.0,43.0,9,22,4609,0,1.0
97,1.0,1.0,8.0690002,0.0,3.0,7,114.9963700159439,123.3540413622409,no pobre,0,0,625.0,887.25,1.0,33.0,16,22,4610,3,0.0
98,1.0,1.0,8.0690002,,,7,114.9963700159439,123.3540413622409,no pobre,0,0,625.0,887.25,1.0,33.0,17,22,4610,3,0.0
97,0.0,1.0,8.0690002,1.0,0.0,7,114.9963700159439,123.3540413622409,no pobre,0,0,625.0,887.25,1.0,33.0,7,22,4611,0,1.0
98,0.0,1.0,8.0690002,1.0,0.0,7,114.9963700159439,123.3540413622409,no pobre,0,0,625.0,887.25,1.0,33.0,8,22,4611,0,1.0
97,1.0,1.0,8.0690002,1.0,1.0,6,114.9963700159439,123.3540413622409,pobre,0,3,625.0,708.0,1.0,28.0,10,22,4612,1,1.0
98,1.0,1.0,8.0690002,1.0,1.0,6,114.9963700159439,123.3540413622409,pobre,0,3,625.0,708.0,1.0,28.0,11,22,4612,1,1.0
97,1.0,1.0,8.0690002,,0.0,6,114.9963700159439,123.3540413622409,pobre,0,3,625.0,708.0,1.0,28.0,8,22,4613,0,
98,1.0,1.0,8.0690002,1.0,0.0,6,114.9963700159439,123.3540413622409,pobre,0,3,625.0,708.0,1.0,28.0,9,22,4613,0,
97,0.0,1.0,8.0690002,1.0,0.0,6,114.9963700159439,123.3540413622409,pobre,0,3,625.0,708.0,1.0,28.0,6,22,4614,0,1.0
98,0.0,1.0,8.0690002,1.0,0.0,6,114.9963700159439,123.3540413622409,pobre,0,3,625.0,708.0,1.0,28.0,7,22,4614,0,1.0
97,0.0,1.0,8.0690002,0.0,4.0,7,114.9963700159439,123.3540413622409,pobre,0,5,20.833334,657.0,1.0,44.0,15,22,4615,4,0.0
98,0.0,1.0,8.0690002,,,7,114.9963700159439,123.3540413622409,pobre,0,5,20.833334,657.0,1.0,44.0,16,22,4615,4,0.0
97,0.0,1.0,8.0690002,0.0,2.0,7,114.9963700159439,123.3540413622409,pobre,0,5,20.833334,657.0,1.0,44.0,10,22,4616,2,0.0
98,0.0,1.0,8.0690002,,,7,114.9963700159439,123.3540413622409,pobre,0,5,20.833334,657.0,1.0,44.0,11,22,4616,2,0.0
97,0.0,1.0,8.0690002,1.0,0.0,7,114.9963700159439,123.3540413622409,pobre,0,5,20.833334,657.0,1.0,44.0,6,22,4617,0,1.0
98,0.0,1.0,8.0690002,,,7,114.9963700159439,123.3540413622409,pobre,0,5,20.833334,657.0,1.0,44.0,7,22,4617,0,1.0
97,1.0,1.0,8.0690002,0.0,3.0,6,114.9963700159439,123.3540413622409,pobre,0,0,40.0,686.0,1.0,48.0,16,22,4618,3,0.0
98,1.0,1.0,8.0690002,,,6,114.9963700159439,123.3540413622409,pobre,0,0,40.0,686.0,1.0,48.0,17,22,4618,3,0.0
97,0.0,1.0,8.0690002,1.0,2.0,7,114.9963700159439,123.3540413622409,pobre,0,3,400.0,736.33002,1.0,38.0,9,22,4619,2,1.0
98,0.0,1.0,8.0690002,1.0,2.0,7,114.9963700159439,123.3540413622409,pobre,0,3,400.0,736.33002,1.0,38.0,10,22,4619,2,1.0
97,1.0,1.0,8.0690002,0.0,4.0,10,114.9963700159439,123.3540413622409,no pobre,0,1,750.0,840.33002,1.0,47.0,13,22,4620,4,0.0
98,1.0,1.0,8.0690002,0.0,6.0,10,114.9963700159439,123.3540413622409,no pobre,0,1,750.0,840.33002,1.0,47.0,14,22,4620,4,0.0
97,0.0,1.0,8.0690002,,0.0,10,114.9963700159439,123.3540413622409,no pobre,0,1,750.0,840.33002,1.0,47.0,16,22,4621,0,
98,0.0,1.0,8.0690002,,,10,114.9963700159439,123.3540413622409,no pobre,0,1,750.0,840.33002,1.0,47.0,17,22,4621,0,
97,0.0,1.0,8.0690002,1.0,3.0,10,114.9963700159439,123.3540413622409,no pobre,0,1,750.0,840.33002,1.0,47.0,8,22,4622,3,1.0
98,0.0,1.0,8.0690002,1.0,3.0,10,114.9963700159439,123.3540413622409,no pobre,0,1,750.0,840.33002,1.0,47.0,9,22,4622,3,1.0
97,0.0,1.0,8.0690002,0.0,3.0,8,114.9963700159439,123.3540413622409,pobre,0,3,500.0,663.0,1.0,33.0,14,22,4623,3,0.0
98,0.0,1.0,8.0690002,0.0,4.0,8,114.9963700159439,123.3540413622409,pobre,0,3,500.0,663.0,1.0,33.0,15,22,4623,3,0.0
97,1.0,1.0,8.0690002,0.0,4.0,8,114.9963700159439,123.3540413622409,pobre,0,3,500.0,663.0,1.0,33.0,12,22,4624,4,0.0
98,1.0,1.0,8.0690002,0.0,4.0,8,114.9963700159439,123.3540413622409,pobre,0,3,500.0,663.0,1.0,33.0,13,22,4624,4,0.0
97,0.0,1.0,8.0690002,0.0,2.0,8,114.9963700159439,123.3540413622409,pobre,0,3,500.0,663.0,1.0,33.0,10,22,4625,2,0.0
98,0.0,1.0,8.0690002,0.0,2.0,8,114.9963700159439,123.3540413622409,pobre,0,3,500.0,663.0,1.0,33.0,11,22,4625,2,0.0
97,0.0,1.0,8.0690002,1.0,1.0,8,114.9963700159439,123.3540413622409,pobre,0,3,500.0,663.0,1.0,33.0,7,22,4626,1,1.0
98,0.0,1.0,8.0690002,1.0,1.0,8,114.9963700159439,123.3540413622409,pobre,0,3,500.0,663.0,1.0,33.0,8,22,4626,1,1.0
97,0.0,1.0,8.0690002,1.0,2.0,3,114.9963700159439,123.3540413622409,no pobre,0,13,2700.0,846.5,1.0,49.0,7,22,4627,2,1.0
98,0.0,1.0,8.0690002,1.0,2.0,3,114.9963700159439,123.3540413622409,no pobre,0,13,2700.0,846.5,1.0,49.0,8,22,4627,2,1.0
97,1.0,1.0,8.0690002,1.0,3.0,6,114.9963700159439,123.3540413622409,pobre,0,0,750.0,704.0,1.0,32.0,11,22,4628,3,1.0
98,1.0,1.0,8.0690002,,,6,114.9963700159439,123.3540413622409,pobre,0,0,750.0,704.0,1.0,32.0,12,22,4628,3,1.0
97,0.0,1.0,8.0690002,,0.0,6,114.9963700159439,123.3540413622409,pobre,0,0,750.0,623.0,1.0,30.0,10,22,4629,0,
98,0.0,1.0,8.0690002,0.0,6.0,6,114.9963700159439,123.3540413622409,pobre,0,0,750.0,623.0,1.0,30.0,11,22,4629,0,
97,0.0,1.0,8.0690002,,0.0,6,114.9963700159439,123.3540413622409,pobre,0,0,750.0,623.0,1.0,30.0,9,22,4630,0,
98,0.0,1.0,8.0690002,1.0,1.0,6,114.9963700159439,123.3540413622409,pobre,0,0,750.0,623.0,1.0,30.0,10,22,4630,0,
97,1.0,1.0,8.0690002,1.0,0.0,6,114.9963700159439,123.3540413622409,pobre,0,0,750.0,623.0,1.0,30.0,8,22,4631,0,1.0
98,1.0,1.0,8.0690002,1.0,0.0,6,114.9963700159439,123.3540413622409,pobre,0,0,750.0,623.0,1.0,30.0,9,22,4631,0,1.0
97,1.0,1.0,8.0690002,0.0,4.0,3,114.9963700159439,123.3540413622409,no pobre,0,0,500.0,777.0,0.0,50.0,13,22,4632,4,0.0
98,1.0,1.0,8.0690002,0.0,6.0,3,114.9963700159439,123.3540413622409,no pobre,0,0,500.0,777.0,0.0,50.0,14,22,4632,4,0.0
97,0.0,1.0,8.0690002,,0.0,14,114.9963700159439,123.3540413622409,pobre,0,5,750.0,665.25,1.0,46.0,14,22,4633,0,
98,0.0,1.0,8.0690002,,,14,114.9963700159439,123.3540413622409,pobre,0,5,750.0,665.25,1.0,46.0,15,22,4633,0,
97,0.0,1.0,8.0690002,1.0,1.0,14,114.9963700159439,123.3540413622409,pobre,0,5,750.0,665.25,1.0,46.0,7,22,4634,1,1.0
98,0.0,1.0,8.0690002,,,14,114.9963700159439,123.3540413622409,pobre,0,5,750.0,665.25,1.0,46.0,8,22,4634,1,1.0
97,1.0,1.0,8.0690002,1.0,0.0,4,114.9963700159439,123.3540413622409,pobre,0,0,750.0,670.0,1.0,27.0,6,22,4635,0,1.0
98,1.0,1.0,8.0690002,0.0,0.0,4,114.9963700159439,123.3540413622409,pobre,0,0,750.0,670.0,1.0,27.0,7,22,4635,0,1.0
97,1.0,1.0,8.0690002,,0.0,8,114.9963700159439,123.3540413622409,pobre,0,0,750.0,610.66998,1.0,33.0,14,22,4636,0,
98,1.0,1.0,8.0690002,0.0,2.0,8,114.9963700159439,123.3540413622409,pobre,0,0,750.0,610.66998,1.0,33.0,15,22,4636,0,
97,1.0,1.0,8.0690002,,0.0,8,114.9963700159439,123.3540413622409,pobre,0,0,750.0,610.66998,1.0,33.0,11,22,4637,0,
98,1.0,1.0,8.0690002,0.0,1.0,8,114.9963700159439,123.3540413622409,pobre,0,0,750.0,610.66998,1.0,33.0,12,22,4637,0,
97,1.0,1.0,8.0690002,,0.0,8,114.9963700159439,123.3540413622409,pobre,0,0,750.0,610.66998,1.0,33.0,8,22,4638,0,
98,1.0,1.0,8.0690002,0.0,2.0,8,114.9963700159439,123.3540413622409,pobre,0,0,750.0,610.66998,1.0,33.0,9,22,4638,0,
97,1.0,1.0,8.0690002,,0.0,8,114.9963700159439,123.3540413622409,pobre,0,0,750.0,610.66998,1.0,33.0,6,22,4639,0,
98,1.0,1.0,8.0690002,1.0,0.0,8,114.9963700159439,123.3540413622409,pobre,0,0,750.0,610.66998,1.0,33.0,7,22,4639,0,
97,1.0,1.0,8.0690002,0.0,1.0,2,114.9963700159439,123.3540413622409,no pobre,0,3,1250.0,798.0,0.0,50.0,14,22,4640,1,0.0
98,1.0,1.0,8.0690002,,,2,114.9963700159439,123.3540413622409,no pobre,0,3,1250.0,798.0,0.0,50.0,15,22,4640,1,0.0
97,0.0,1.0,8.0690002,,0.0,10,114.9963700159439,123.3540413622409,pobre,0,3,500.0,653.66998,1.0,47.0,15,22,4641,0,
98,0.0,1.0,8.0690002,,,10,114.9963700159439,123.3540413622409,pobre,0,3,500.0,653.66998,1.0,47.0,16,22,4641,0,
97,1.0,1.0,8.0690002,0.0,3.0,10,114.9963700159439,123.3540413622409,pobre,0,3,500.0,653.66998,1.0,47.0,13,22,4642,3,0.0
98,1.0,1.0,8.0690002,0.0,3.0,10,114.9963700159439,123.3540413622409,pobre,0,3,500.0,653.66998,1.0,47.0,14,22,4642,3,0.0
97,1.0,1.0,8.0690002,1.0,1.0,10,114.9963700159439,123.3540413622409,pobre,0,3,500.0,653.66998,1.0,47.0,7,22,4643,1,1.0
98,1.0,1.0,8.0690002,1.0,2.0,10,114.9963700159439,123.3540413622409,pobre,0,3,500.0,653.66998,1.0,47.0,8,22,4643,1,1.0
97,0.0,1.0,8.0690002,,0.0,6,114.9963700159439,123.3540413622409,pobre,0,0,0.0,687.0,1.0,40.0,8,22,4644,0,
98,0.0,1.0,8.0690002,,0.0,6,114.9963700159439,123.3540413622409,pobre,0,0,0.0,687.0,1.0,40.0,9,22,4644,0,
97,1.0,1.0,8.0690002,,0.0,6,114.9963700159439,123.3540413622409,pobre,0,0,0.0,687.0,1.0,40.0,7,22,4645,0,
98,1.0,1.0,8.0690002,1.0,0.0,6,114.9963700159439,123.3540413622409,pobre,0,0,0.0,687.0,1.0,40.0,8,22,4645,0,
97,1.0,1.0,8.0690002,0.0,2.0,12,114.9963700159439,123.3540413622409,pobre,0,0,1250.0,495.0,1.0,34.0,15,22,4646,2,0.0
98,1.0,1.0,8.0690002,0.0,2.0,12,114.9963700159439,123.3540413622409,pobre,0,0,1250.0,495.0,1.0,34.0,16,22,4646,2,0.0
97,0.0,1.0,8.0690002,,0.0,12,114.9963700159439,123.3540413622409,pobre,0,0,1250.0,495.0,1.0,34.0,15,22,4647,0,
98,0.0,1.0,8.0690002,0.0,2.0,12,114.9963700159439,123.3540413622409,pobre,0,0,1250.0,495.0,1.0,34.0,16,22,4647,0,
97,1.0,1.0,8.0690002,1.0,5.0,12,114.9963700159439,123.3540413622409,pobre,0,0,1250.0,495.0,1.0,34.0,13,22,4648,5,1.0
98,1.0,1.0,8.0690002,1.0,6.0,12,114.9963700159439,123.3540413622409,pobre,0,0,1250.0,495.0,1.0,34.0,14,22,4648,5,1.0
97,1.0,1.0,8.0690002,1.0,2.0,12,114.9963700159439,123.3540413622409,pobre,0,0,1250.0,495.0,1.0,34.0,11,22,4649,2,1.0
98,1.0,1.0,8.0690002,1.0,3.0,12,114.9963700159439,123.3540413622409,pobre,0,0,1250.0,495.0,1.0,34.0,12,22,4649,2,1.0
97,0.0,1.0,8.0690002,1.0,3.0,12,114.9963700159439,123.3540413622409,pobre,0,0,1250.0,495.0,1.0,34.0,9,22,4650,3,1.0
98,0.0,1.0,8.0690002,1.0,1.0,12,114.9963700159439,123.3540413622409,pobre,0,0,1250.0,495.0,1.0,34.0,10,22,4650,3,1.0
97,1.0,1.0,8.0690002,1.0,0.0,12,114.9963700159439,123.3540413622409,pobre,0,0,1250.0,495.0,1.0,34.0,7,22,4651,0,1.0
98,1.0,1.0,8.0690002,1.0,0.0,12,114.9963700159439,123.3540413622409,pobre,0,0,1250.0,495.0,1.0,34.0,8,22,4651,0,1.0
97,1.0,1.0,8.0690002,1.0,0.0,8,114.9963700159439,123.3540413622409,pobre,0,0,0.0,671.01001,1.0,48.0,12,22,4652,0,1.0
98,1.0,1.0,8.0690002,0.0,1.0,8,114.9963700159439,123.3540413622409,pobre,0,0,0.0,671.01001,1.0,48.0,13,22,4652,0,1.0
97,1.0,1.0,8.0690002,1.0,0.0,8,114.9963700159439,123.3540413622409,pobre,0,0,0.0,671.01001,1.0,48.0,7,22,4653,0,1.0
98,1.0,1.0,8.0690002,,,8,114.9963700159439,123.3540413622409,pobre,0,0,0.0,671.01001,1.0,48.0,8,22,4653,0,1.0
97,0.0,1.0,8.0690002,0.0,3.0,11,114.9963700159439,123.3540413622409,pobre,0,1,0.0,653.5,1.0,64.0,16,22,4654,3,0.0
98,0.0,1.0,8.0690002,,,11,114.9963700159439,123.3540413622409,pobre,0,1,0.0,653.5,1.0,64.0,17,22,4654,3,0.0
97,1.0,1.0,8.0690002,0.0,2.0,11,114.9963700159439,123.3540413622409,pobre,0,1,0.0,653.5,1.0,64.0,14,22,4655,2,0.0
98,1.0,1.0,8.0690002,,,11,114.9963700159439,123.3540413622409,pobre,0,1,0.0,653.5,1.0,64.0,15,22,4655,2,0.0
97,0.0,1.0,8.0690002,0.0,1.0,11,114.9963700159439,123.3540413622409,pobre,0,1,0.0,653.5,1.0,64.0,12,22,4656,1,0.0
98,0.0,1.0,8.0690002,,,11,114.9963700159439,123.3540413622409,pobre,0,1,0.0,653.5,1.0,64.0,13,22,4656,1,0.0
97,0.0,1.0,8.0690002,0.0,0.0,11,114.9963700159439,123.3540413622409,pobre,0,1,0.0,653.5,1.0,64.0,10,22,4657,0,0.0
98,0.0,1.0,8.0690002,,,11,114.9963700159439,123.3540413622409,pobre,0,1,0.0,653.5,1.0,64.0,11,22,4657,0,0.0
97,1.0,1.0,8.0690002,1.0,1.0,8,114.9963700159439,123.3540413622409,pobre,0,0,400.0,671.66998,0.0,61.0,7,22,4658,1,1.0
98,1.0,1.0,8.0690002,1.0,1.0,8,114.9963700159439,123.3540413622409,pobre,0,0,400.0,671.66998,0.0,61.0,8,22,4658,1,1.0
97,1.0,1.0,8.0690002,1.0,3.0,7,114.9963700159439,123.3540413622409,pobre,0,0,0.0,602.0,1.0,30.0,14,22,4659,3,1.0
98,1.0,1.0,8.0690002,0.0,5.0,7,114.9963700159439,123.3540413622409,pobre,0,0,0.0,602.0,1.0,30.0,15,22,4659,3,1.0
97,1.0,1.0,8.0690002,,0.0,7,114.9963700159439,123.3540413622409,pobre,0,0,0.0,602.0,1.0,30.0,12,22,4660,0,
98,1.0,1.0,8.0690002,0.0,3.0,7,114.9963700159439,123.3540413622409,pobre,0,0,0.0,602.0,1.0,30.0,13,22,4660,0,
97,0.0,1.0,8.0690002,1.0,0.0,7,114.9963700159439,123.3540413622409,pobre,0,0,0.0,602.0,1.0,30.0,11,22,4661,0,1.0
98,0.0,1.0,8.0690002,1.0,1.0,7,114.9963700159439,123.3540413622409,pobre,0,0,0.0,602.0,1.0,30.0,12,22,4661,0,1.0
97,0.0,1.0,8.0690002,1.0,0.0,7,114.9963700159439,123.3540413622409,pobre,0,0,0.0,602.0,1.0,30.0,9,22,4662,0,1.0
98,0.0,1.0,8.0690002,1.0,1.0,7,114.9963700159439,123.3540413622409,pobre,0,0,0.0,602.0,1.0,30.0,10,22,4662,0,1.0
97,1.0,1.0,8.0690002,1.0,0.0,7,114.9963700159439,123.3540413622409,pobre,0,0,0.0,602.0,1.0,30.0,7,22,4663,0,1.0
98,1.0,1.0,8.0690002,1.0,1.0,7,114.9963700159439,123.3540413622409,pobre,0,0,0.0,602.0,1.0,30.0,8,22,4663,0,1.0
97,1.0,1.0,8.0690002,0.0,2.0,7,114.9963700159439,123.3540413622409,pobre,0,0,400.0,698.5,1.0,30.0,14,22,4664,2,0.0
98,1.0,1.0,8.0690002,0.0,4.0,7,114.9963700159439,123.3540413622409,pobre,0,0,400.0,698.5,1.0,30.0,15,22,4664,2,0.0
97,1.0,1.0,8.0690002,1.0,2.0,7,114.9963700159439,123.3540413622409,pobre,0,0,400.0,698.5,1.0,30.0,12,22,4665,2,1.0
98,1.0,1.0,8.0690002,0.0,4.0,7,114.9963700159439,123.3540413622409,pobre,0,0,400.0,698.5,1.0,30.0,13,22,4665,2,1.0
97,0.0,1.0,8.0690002,,0.0,7,114.9963700159439,123.3540413622409,pobre,0,0,400.0,698.5,1.0,30.0,6,22,4666,0,
98,0.0,1.0,8.0690002,1.0,0.0,7,114.9963700159439,123.3540413622409,pobre,0,0,400.0,698.5,1.0,30.0,7,22,4666,0,
97,0.0,1.0,8.0690002,1.0,2.0,3,114.9963700159439,123.3540413622409,pobre,0,0,0.0,691.0,1.0,33.0,9,22,4667,2,1.0
98,0.0,1.0,8.0690002,1.0,3.0,3,114.9963700159439,123.3540413622409,pobre,0,0,0.0,691.0,1.0,33.0,10,22,4667,2,1.0
97,1.0,1.0,8.0690002,1.0,3.0,9,114.9963700159439,123.3540413622409,pobre,0,2,750.0,610.5,1.0,35.0,15,22,4668,3,1.0
98,1.0,1.0,8.0690002,0.0,3.0,9,114.9963700159439,123.3540413622409,pobre,0,2,750.0,610.5,1.0,35.0,16,22,4668,3,1.0
97,1.0,1.0,8.0690002,1.0,4.0,9,114.9963700159439,123.3540413622409,pobre,0,2,750.0,610.5,1.0,35.0,13,22,4669,4,1.0
98,1.0,1.0,8.0690002,0.0,4.0,9,114.9963700159439,123.3540413622409,pobre,0,2,750.0,610.5,1.0,35.0,14,22,4669,4,1.0
97,0.0,1.0,8.0690002,1.0,1.0,9,114.9963700159439,123.3540413622409,pobre,0,2,750.0,610.5,1.0,35.0,10,22,4670,1,1.0
98,0.0,1.0,8.0690002,1.0,2.0,9,114.9963700159439,123.3540413622409,pobre,0,2,750.0,610.5,1.0,35.0,11,22,4670,1,1.0
97,0.0,1.0,8.0690002,1.0,1.0,9,114.9963700159439,123.3540413622409,pobre,0,2,750.0,610.5,1.0,35.0,8,22,4671,1,1.0
98,0.0,1.0,8.0690002,,,9,114.9963700159439,123.3540413622409,pobre,0,2,750.0,610.5,1.0,35.0,9,22,4671,1,1.0
97,1.0,1.0,8.0690002,,0.0,9,114.9963700159439,123.3540413622409,pobre,0,2,750.0,610.5,1.0,35.0,6,22,4672,0,
98,1.0,1.0,8.0690002,,,9,114.9963700159439,123.3540413622409,pobre,0,2,750.0,610.5,1.0,35.0,7,22,4672,0,
97,1.0,1.0,8.0690002,1.0,3.0,8,114.9963700159439,123.3540413622409,pobre,0,0,750.0,647.0,1.0,30.0,9,22,4673,3,1.0
98,1.0,1.0,8.0690002,1.0,3.0,8,114.9963700159439,123.3540413622409,pobre,0,0,750.0,647.0,1.0,30.0,10,22,4673,3,1.0
97,0.0,1.0,8.0690002,1.0,2.0,8,114.9963700159439,123.3540413622409,pobre,0,0,750.0,647.0,1.0,30.0,8,22,4674,2,1.0
98,0.0,1.0,8.0690002,1.0,2.0,8,114.9963700159439,123.3540413622409,pobre,0,0,750.0,647.0,1.0,30.0,9,22,4674,2,1.0
97,1.0,1.0,8.0690002,1.0,1.0,8,114.9963700159439,123.3540413622409,pobre,0,0,750.0,647.0,1.0,30.0,7,22,4675,1,1.0
98,1.0,1.0,8.0690002,1.0,1.0,8,114.9963700159439,123.3540413622409,pobre,0,0,750.0,647.0,1.0,30.0,8,22,4675,1,1.0
97,0.0,1.0,8.0690002,0.0,3.0,5,114.9963700159439,123.3540413622409,pobre,0,0,750.0,708.66998,1.0,48.0,13,22,4676,3,0.0
98,0.0,1.0,8.0690002,,,5,114.9963700159439,123.3540413622409,pobre,0,0,750.0,708.66998,1.0,48.0,14,22,4676,3,0.0
97,0.0,1.0,8.0690002,0.0,3.0,5,114.9963700159439,123.3540413622409,pobre,0,0,750.0,708.66998,1.0,48.0,11,22,4677,3,0.0
98,0.0,1.0,8.0690002,,,5,114.9963700159439,123.3540413622409,pobre,0,0,750.0,708.66998,1.0,48.0,12,22,4677,3,0.0
97,1.0,1.0,8.0690002,0.0,3.0,5,114.9963700159439,123.3540413622409,pobre,0,0,750.0,708.66998,1.0,48.0,16,22,4678,3,0.0
98,1.0,1.0,8.0690002,,,5,114.9963700159439,123.3540413622409,pobre,0,0,750.0,708.66998,1.0,48.0,17,22,4678,3,0.0
97,0.0,1.0,8.0690002,0.0,1.0,8,114.9963700159439,123.3540413622409,no pobre,0,0,750.0,773.66998,1.0,41.0,16,22,4679,1,0.0
98,0.0,1.0,8.0690002,,,8,114.9963700159439,123.3540413622409,no pobre,0,0,750.0,773.66998,1.0,41.0,17,22,4679,1,0.0
97,0.0,1.0,8.0690002,0.0,3.0,8,114.9963700159439,123.3540413622409,no pobre,0,0,750.0,773.66998,1.0,41.0,15,22,4680,3,0.0
98,0.0,1.0,8.0690002,,,8,114.9963700159439,123.3540413622409,no pobre,0,0,750.0,773.66998,1.0,41.0,16,22,4680,3,0.0
97,1.0,1.0,8.0690002,0.0,6.0,8,114.9963700159439,123.3540413622409,no pobre,0,0,750.0,773.66998,1.0,41.0,13,22,4681,6,0.0
98,1.0,1.0,8.0690002,0.0,6.0,8,114.9963700159439,123.3540413622409,no pobre,0,0,750.0,773.66998,1.0,41.0,14,22,4681,6,0.0
97,1.0,1.0,8.0690002,1.0,2.0,8,114.9963700159439,123.3540413622409,no pobre,0,0,750.0,773.66998,1.0,41.0,7,22,4682,2,1.0
98,1.0,1.0,8.0690002,1.0,4.0,8,114.9963700159439,123.3540413622409,no pobre,0,0,750.0,773.66998,1.0,41.0,8,22,4682,2,1.0
97,1.0,1.0,8.0690002,0.0,4.0,6,114.9963700159439,123.3540413622409,pobre,0,2,200.0,679.0,1.0,33.0,13,22,4683,4,0.0
98,1.0,1.0,8.0690002,0.0,4.0,6,114.9963700159439,123.3540413622409,pobre,0,2,200.0,679.0,1.0,33.0,14,22,4683,4,0.0
97,0.0,1.0,8.0690002,0.0,3.0,6,114.9963700159439,123.3540413622409,pobre,0,2,200.0,679.0,1.0,33.0,11,22,4684,3,0.0
98,0.0,1.0,8.0690002,0.0,3.0,6,114.9963700159439,123.3540413622409,pobre,0,2,200.0,679.0,1.0,33.0,12,22,4684,3,0.0
97,0.0,1.0,8.0690002,1.0,1.0,6,114.9963700159439,123.3540413622409,pobre,0,2,200.0,679.0,1.0,33.0,7,22,4685,1,1.0
98,0.0,1.0,8.0690002,1.0,2.0,6,114.9963700159439,123.3540413622409,pobre,0,2,200.0,679.0,1.0,33.0,8,22,4685,1,1.0
97,0.0,1.0,8.0690002,,0.0,5,114.9963700159439,123.3540413622409,no pobre,0,0,360.0,772.21997,1.0,60.0,6,22,4686,0,
98,0.0,1.0,8.0690002,,,5,114.9963700159439,123.3540413622409,no pobre,0,0,360.0,772.21997,1.0,60.0,7,22,4686,0,
97,1.0,1.0,8.0690002,,0.0,5,114.9963700159439,123.3540413622409,pobre,0,0,120.0,664.0,1.0,27.0,7,22,4687,0,
98,1.0,1.0,8.0690002,1.0,0.0,5,114.9963700159439,123.3540413622409,pobre,0,0,120.0,664.0,1.0,27.0,8,22,4687,0,
97,0.0,1.0,8.0690002,1.0,5.0,6,114.9963700159439,123.3540413622409,pobre,0,0,0.0,641.0,1.0,31.0,10,22,4688,5,1.0
98,0.0,1.0,8.0690002,,,6,114.9963700159439,123.3540413622409,pobre,0,0,0.0,641.0,1.0,31.0,11,22,4688,5,1.0
97,1.0,1.0,8.0690002,1.0,2.0,6,114.9963700159439,123.3540413622409,pobre,0,0,0.0,641.0,1.0,31.0,8,22,4689,2,1.0
98,1.0,1.0,8.0690002,,,6,114.9963700159439,123.3540413622409,pobre,0,0,0.0,641.0,1.0,31.0,9,22,4689,2,1.0
97,0.0,1.0,8.0690002,1.0,0.0,6,114.9963700159439,123.3540413622409,pobre,0,0,0.0,641.0,1.0,31.0,6,22,4690,0,1.0
98,0.0,1.0,8.0690002,,,6,114.9963700159439,123.3540413622409,pobre,0,0,0.0,641.0,1.0,31.0,7,22,4690,0,1.0
97,0.0,1.0,8.0690002,0.0,3.0,6,114.9963700159439,123.3540413622409,pobre,0,1,750.0,641.0,1.0,35.0,16,22,4691,3,0.0
98,0.0,1.0,8.0690002,,,6,114.9963700159439,123.3540413622409,pobre,0,1,750.0,641.0,1.0,35.0,17,22,4691,3,0.0
97,0.0,1.0,8.0690002,0.0,3.0,6,114.9963700159439,123.3540413622409,pobre,0,1,750.0,641.0,1.0,35.0,14,22,4692,3,0.0
98,0.0,1.0,8.0690002,,,6,114.9963700159439,123.3540413622409,pobre,0,1,750.0,641.0,1.0,35.0,15,22,4692,3,0.0
97,0.0,1.0,8.0690002,1.0,3.0,6,114.9963700159439,123.3540413622409,pobre,0,1,750.0,641.0,1.0,35.0,11,22,4693,3,1.0
98,0.0,1.0,8.0690002,1.0,2.0,6,114.9963700159439,123.3540413622409,pobre,0,1,750.0,641.0,1.0,35.0,12,22,4693,3,1.0
97,0.0,1.0,8.0690002,1.0,0.0,6,114.9963700159439,123.3540413622409,pobre,0,1,750.0,641.0,1.0,35.0,6,22,4694,0,1.0
98,0.0,1.0,8.0690002,1.0,0.0,6,114.9963700159439,123.3540413622409,pobre,0,1,750.0,641.0,1.0,35.0,7,22,4694,0,1.0
97,1.0,1.0,8.0690002,0.0,2.0,8,114.9963700159439,123.3540413622409,pobre,0,0,600.0,592.0,1.0,40.0,13,22,4695,2,0.0
98,1.0,1.0,8.0690002,0.0,2.0,8,114.9963700159439,123.3540413622409,pobre,0,0,600.0,592.0,1.0,40.0,14,22,4695,2,0.0
97,1.0,1.0,8.0690002,1.0,0.0,8,114.9963700159439,123.3540413622409,pobre,0,0,600.0,592.0,1.0,40.0,9,22,4696,0,1.0
98,1.0,1.0,8.0690002,1.0,2.0,8,114.9963700159439,123.3540413622409,pobre,0,0,600.0,592.0,1.0,40.0,10,22,4696,0,1.0
97,0.0,1.0,8.0690002,1.0,0.0,8,114.9963700159439,123.3540413622409,pobre,0,0,600.0,592.0,1.0,40.0,6,22,4697,0,1.0
98,0.0,1.0,8.0690002,1.0,0.0,8,114.9963700159439,123.3540413622409,pobre,0,0,600.0,592.0,1.0,40.0,7,22,4697,0,1.0
97,1.0,1.0,8.0690002,0.0,3.0,10,114.9963700159439,123.3540413622409,pobre,0,2,400.0,708.33002,1.0,37.0,15,22,4698,3,0.0
98,1.0,1.0,8.0690002,0.0,3.0,10,114.9963700159439,123.3540413622409,pobre,0,2,400.0,708.33002,1.0,37.0,16,22,4698,3,0.0
97,0.0,1.0,8.0690002,0.0,3.0,10,114.9963700159439,123.3540413622409,pobre,0,2,400.0,708.33002,1.0,37.0,13,22,4699,3,0.0
98,0.0,1.0,8.0690002,0.0,4.0,10,114.9963700159439,123.3540413622409,pobre,0,2,400.0,708.33002,1.0,37.0,14,22,4699,3,0.0
97,1.0,1.0,8.0690002,1.0,1.0,10,114.9963700159439,123.3540413622409,pobre,0,2,400.0,708.33002,1.0,37.0,8,22,4700,1,1.0
98,1.0,1.0,8.0690002,1.0,2.0,10,114.9963700159439,123.3540413622409,pobre,0,2,400.0,708.33002,1.0,37.0,9,22,4700,1,1.0
97,0.0,1.0,8.0690002,1.0,0.0,10,114.9963700159439,123.3540413622409,pobre,0,2,400.0,708.33002,1.0,37.0,7,22,4701,0,1.0
98,0.0,1.0,8.0690002,1.0,1.0,10,114.9963700159439,123.3540413622409,pobre,0,2,400.0,708.33002,1.0,37.0,8,22,4701,0,1.0
97,0.0,1.0,8.0690002,1.0,6.0,8,114.9963700159439,123.3540413622409,pobre,0,0,0.0,745.14001,1.0,40.0,12,22,4702,6,1.0
98,0.0,1.0,8.0690002,0.0,6.0,8,114.9963700159439,123.3540413622409,pobre,0,0,0.0,745.14001,1.0,40.0,13,22,4702,6,1.0
97,1.0,1.0,8.0690002,1.0,1.0,8,114.9963700159439,123.3540413622409,pobre,0,0,0.0,745.14001,1.0,40.0,9,22,4703,1,1.0
98,1.0,1.0,8.0690002,1.0,4.0,8,114.9963700159439,123.3540413622409,pobre,0,0,0.0,745.14001,1.0,40.0,10,22,4703,1,1.0
97,1.0,1.0,8.0690002,1.0,1.0,8,114.9963700159439,123.3540413622409,pobre,0,0,0.0,745.14001,1.0,40.0,7,22,4704,1,1.0
98,1.0,1.0,8.0690002,1.0,1.0,8,114.9963700159439,123.3540413622409,pobre,0,0,0.0,745.14001,1.0,40.0,8,22,4704,1,1.0
97,1.0,1.0,8.0690002,0.0,3.0,8,114.9963700159439,123.3540413622409,pobre,0,0,750.0,586.0,1.0,43.0,14,22,4705,3,0.0
98,1.0,1.0,8.0690002,0.0,3.0,8,114.9963700159439,123.3540413622409,pobre,0,0,750.0,586.0,1.0,43.0,15,22,4705,3,0.0
97,1.0,1.0,8.0690002,0.0,1.0,8,114.9963700159439,123.3540413622409,pobre,0,0,750.0,586.0,1.0,43.0,13,22,4706,1,0.0
98,1.0,1.0,8.0690002,0.0,,8,114.9963700159439,123.3540413622409,pobre,0,0,750.0,586.0,1.0,43.0,14,22,4706,1,0.0
97,0.0,1.0,8.0690002,0.0,1.0,8,114.9963700159439,123.3540413622409,pobre,0,0,750.0,586.0,1.0,43.0,10,22,4707,1,0.0
98,0.0,1.0,8.0690002,,,8,114.9963700159439,123.3540413622409,pobre,0,0,750.0,586.0,1.0,43.0,11,22,4707,1,0.0
97,0.0,1.0,8.0690002,1.0,0.0,8,114.9963700159439,123.3540413622409,pobre,0,0,750.0,586.0,1.0,43.0,8,22,4708,0,1.0
98,0.0,1.0,8.0690002,,,8,114.9963700159439,123.3540413622409,pobre,0,0,750.0,586.0,1.0,43.0,9,22,4708,0,1.0
97,1.0,1.0,8.0690002,0.0,3.0,7,114.9963700159439,123.3540413622409,pobre,0,2,0.0,790.33002,1.0,41.0,16,22,4709,3,0.0
98,1.0,1.0,8.0690002,,,7,114.9963700159439,123.3540413622409,pobre,0,2,0.0,790.33002,1.0,41.0,17,22,4709,3,0.0
97,0.0,1.0,8.0690002,,0.0,7,114.9963700159439,123.3540413622409,pobre,0,2,0.0,790.33002,1.0,41.0,14,22,4710,0,
98,0.0,1.0,8.0690002,1.0,4.0,7,114.9963700159439,123.3540413622409,pobre,0,2,0.0,790.33002,1.0,41.0,15,22,4710,0,
97,0.0,1.0,8.0690002,,0.0,7,114.9963700159439,123.3540413622409,pobre,0,2,0.0,790.33002,1.0,41.0,11,22,4711,0,
98,0.0,1.0,8.0690002,1.0,2.0,7,114.9963700159439,123.3540413622409,pobre,0,2,0.0,790.33002,1.0,41.0,12,22,4711,0,
97,0.0,1.0,8.0690002,,0.0,7,114.9963700159439,123.3540413622409,pobre,0,2,0.0,790.33002,1.0,41.0,8,22,4712,0,
98,0.0,1.0,8.0690002,1.0,1.0,7,114.9963700159439,123.3540413622409,pobre,0,2,0.0,790.33002,1.0,41.0,9,22,4712,0,
97,0.0,1.0,1.665,1.0,3.0,6,132.1117805208397,164.3844062152743,pobre,basal,0,625.0,711.0,1.0,45.0,9,58,4713,3,1.0
98,0.0,1.0,1.665,1.0,4.0,6,132.1117805208397,164.3844062152743,pobre,basal,0,625.0,711.0,1.0,45.0,10,58,4713,3,1.0
97,0.0,1.0,1.665,1.0,0.0,6,132.1117805208397,164.3844062152743,pobre,basal,0,625.0,711.0,1.0,45.0,6,58,4714,0,1.0
98,0.0,1.0,1.665,1.0,1.0,6,132.1117805208397,164.3844062152743,pobre,basal,0,625.0,711.0,1.0,45.0,7,58,4714,0,1.0
97,0.0,1.0,1.665,1.0,5.0,8,132.1117805208397,164.3844062152743,no pobre,basal,5,0.0,888.0,1.0,36.0,12,58,4715,5,1.0
98,0.0,1.0,1.665,1.0,6.0,8,132.1117805208397,164.3844062152743,no pobre,basal,5,0.0,888.0,1.0,36.0,13,58,4715,5,1.0
97,1.0,1.0,1.665,1.0,4.0,8,132.1117805208397,164.3844062152743,no pobre,basal,5,0.0,888.0,1.0,36.0,10,58,4716,4,1.0
98,1.0,1.0,1.665,1.0,5.0,8,132.1117805208397,164.3844062152743,no pobre,basal,5,0.0,888.0,1.0,36.0,11,58,4716,4,1.0
97,0.0,1.0,1.665,1.0,0.0,8,132.1117805208397,164.3844062152743,no pobre,basal,5,0.0,888.0,1.0,36.0,6,58,4717,0,1.0
98,0.0,1.0,1.665,1.0,1.0,8,132.1117805208397,164.3844062152743,no pobre,basal,5,0.0,888.0,1.0,36.0,7,58,4717,0,1.0
97,0.0,1.0,1.665,0.0,8.0,7,132.1117805208397,164.3844062152743,pobre,basal,2,625.0,829.5,1.0,55.0,14,58,4718,8,0.0
98,0.0,1.0,1.665,0.0,9.0,7,132.1117805208397,164.3844062152743,pobre,basal,2,625.0,829.5,1.0,55.0,15,58,4718,8,0.0
97,0.0,1.0,1.665,0.0,2.0,7,132.1117805208397,164.3844062152743,pobre,basal,2,625.0,829.5,1.0,55.0,13,58,4719,2,0.0
98,0.0,1.0,1.665,1.0,8.0,7,132.1117805208397,164.3844062152743,pobre,basal,2,625.0,829.5,1.0,55.0,14,58,4719,2,0.0
97,1.0,1.0,1.665,0.0,4.0,7,132.1117805208397,164.3844062152743,pobre,basal,0,0.0,633.5,1.0,55.0,15,58,4720,4,0.0
98,1.0,1.0,1.665,,,7,132.1117805208397,164.3844062152743,pobre,basal,0,0.0,633.5,1.0,55.0,16,58,4720,4,0.0
97,0.0,1.0,1.665,1.0,5.0,7,132.1117805208397,164.3844062152743,pobre,basal,0,0.0,633.5,1.0,55.0,15,58,4721,5,1.0
98,0.0,1.0,1.665,0.0,6.0,7,132.1117805208397,164.3844062152743,pobre,basal,0,0.0,633.5,1.0,55.0,16,58,4721,5,1.0
97,0.0,1.0,1.665,1.0,6.0,8,132.1117805208397,164.3844062152743,pobre,basal,3,750.0,574.0,1.0,32.0,13,58,4722,6,1.0
98,0.0,1.0,1.665,1.0,7.0,8,132.1117805208397,164.3844062152743,pobre,basal,3,750.0,574.0,1.0,32.0,14,58,4722,6,1.0
97,0.0,1.0,1.665,1.0,5.0,8,132.1117805208397,164.3844062152743,pobre,basal,3,750.0,574.0,1.0,32.0,11,58,4723,5,1.0
98,0.0,1.0,1.665,0.0,6.0,8,132.1117805208397,164.3844062152743,pobre,basal,3,750.0,574.0,1.0,32.0,12,58,4723,5,1.0
97,0.0,1.0,1.665,1.0,3.0,8,132.1117805208397,164.3844062152743,pobre,basal,3,750.0,574.0,1.0,32.0,9,58,4724,3,1.0
98,0.0,1.0,1.665,1.0,4.0,8,132.1117805208397,164.3844062152743,pobre,basal,3,750.0,574.0,1.0,32.0,10,58,4724,3,1.0
97,1.0,1.0,1.665,1.0,1.0,8,132.1117805208397,164.3844062152743,pobre,basal,3,750.0,574.0,1.0,32.0,7,58,4725,1,1.0
98,1.0,1.0,1.665,1.0,2.0,8,132.1117805208397,164.3844062152743,pobre,basal,3,750.0,574.0,1.0,32.0,8,58,4725,1,1.0
97,1.0,1.0,1.665,0.0,6.0,8,132.1117805208397,164.3844062152743,pobre,basal,0,625.0,737.66998,1.0,65.0,16,58,4726,6,0.0
98,1.0,1.0,1.665,,,8,132.1117805208397,164.3844062152743,pobre,basal,0,625.0,737.66998,1.0,65.0,17,58,4726,6,0.0
97,1.0,1.0,1.665,1.0,5.0,8,132.1117805208397,164.3844062152743,pobre,basal,0,625.0,737.66998,1.0,65.0,11,58,4727,5,1.0
98,1.0,1.0,1.665,1.0,6.0,8,132.1117805208397,164.3844062152743,pobre,basal,0,625.0,737.66998,1.0,65.0,12,58,4727,5,1.0
97,1.0,1.0,1.665,1.0,2.0,8,132.1117805208397,164.3844062152743,pobre,basal,0,625.0,737.66998,1.0,65.0,8,58,4728,2,1.0
98,1.0,1.0,1.665,1.0,3.0,8,132.1117805208397,164.3844062152743,pobre,basal,0,625.0,737.66998,1.0,65.0,9,58,4728,2,1.0
97,0.0,1.0,1.665,1.0,1.0,8,132.1117805208397,164.3844062152743,pobre,basal,0,625.0,737.66998,1.0,65.0,7,58,4729,1,1.0
98,0.0,1.0,1.665,1.0,2.0,8,132.1117805208397,164.3844062152743,pobre,basal,0,625.0,737.66998,1.0,65.0,8,58,4729,1,1.0
97,0.0,1.0,1.665,,4.0,8,132.1117805208397,164.3844062152743,pobre,basal,3,625.0,900.0,1.0,50.0,12,58,4730,4,
98,0.0,1.0,1.665,0.0,4.0,8,132.1117805208397,164.3844062152743,pobre,basal,3,625.0,900.0,1.0,50.0,13,58,4730,4,
97,1.0,1.0,1.665,0.0,3.0,8,132.1117805208397,164.3844062152743,pobre,basal,3,625.0,900.0,1.0,50.0,8,58,4731,3,0.0
98,1.0,1.0,1.665,1.0,3.0,8,132.1117805208397,164.3844062152743,pobre,basal,3,625.0,900.0,1.0,50.0,9,58,4731,3,0.0
97,0.0,1.0,1.665,1.0,1.0,8,132.1117805208397,164.3844062152743,pobre,basal,3,625.0,900.0,1.0,50.0,6,58,4732,1,1.0
98,0.0,1.0,1.665,1.0,1.0,8,132.1117805208397,164.3844062152743,pobre,basal,3,625.0,900.0,1.0,50.0,7,58,4732,1,1.0
97,0.0,1.0,1.665,0.0,4.0,8,132.1117805208397,164.3844062152743,pobre,basal,0,750.0,673.0,1.0,50.0,10,58,4733,4,0.0
98,0.0,1.0,1.665,0.0,4.0,8,132.1117805208397,164.3844062152743,pobre,basal,0,750.0,673.0,1.0,50.0,11,58,4733,4,0.0
97,0.0,1.0,1.665,1.0,5.0,8,132.1117805208397,164.3844062152743,pobre,basal,0,750.0,673.0,1.0,50.0,11,58,4734,5,1.0
98,0.0,1.0,1.665,1.0,6.0,8,132.1117805208397,164.3844062152743,pobre,basal,0,750.0,673.0,1.0,50.0,12,58,4734,5,1.0
97,1.0,1.0,1.665,1.0,2.0,8,132.1117805208397,164.3844062152743,pobre,basal,0,750.0,673.0,1.0,50.0,8,58,4735,2,1.0
98,1.0,1.0,1.665,1.0,3.0,8,132.1117805208397,164.3844062152743,pobre,basal,0,750.0,673.0,1.0,50.0,9,58,4735,2,1.0
97,0.0,1.0,1.665,,0.0,5,132.1117805208397,164.3844062152743,pobre,basal,3,625.0,629.0,1.0,29.0,14,58,4736,0,
98,0.0,1.0,1.665,,,5,132.1117805208397,164.3844062152743,pobre,basal,3,625.0,629.0,1.0,29.0,15,58,4736,0,
97,0.0,1.0,1.665,1.0,4.0,5,132.1117805208397,164.3844062152743,pobre,basal,3,625.0,629.0,1.0,29.0,11,58,4737,4,1.0
98,0.0,1.0,1.665,1.0,2.0,5,132.1117805208397,164.3844062152743,pobre,basal,3,625.0,629.0,1.0,29.0,12,58,4737,4,1.0
97,1.0,1.0,1.665,1.0,2.0,5,132.1117805208397,164.3844062152743,pobre,basal,3,625.0,629.0,1.0,29.0,8,58,4738,2,1.0
98,1.0,1.0,1.665,1.0,2.0,5,132.1117805208397,164.3844062152743,pobre,basal,3,625.0,629.0,1.0,29.0,9,58,4738,2,1.0
97,0.0,1.0,1.665,,0.0,2,132.1117805208397,164.3844062152743,pobre,basal,0,625.0,782.14001,1.0,52.0,12,58,4739,0,
98,0.0,1.0,1.665,,,2,132.1117805208397,164.3844062152743,pobre,basal,0,625.0,782.14001,1.0,52.0,13,58,4739,0,
97,0.0,1.0,1.665,0.0,5.0,5,132.1117805208397,164.3844062152743,pobre,basal,0,625.0,636.0,1.0,35.0,13,58,4740,5,0.0
98,0.0,1.0,1.665,,,5,132.1117805208397,164.3844062152743,pobre,basal,0,625.0,636.0,1.0,35.0,14,58,4740,5,0.0
97,1.0,1.0,1.665,0.0,2.0,5,132.1117805208397,164.3844062152743,pobre,basal,0,625.0,636.0,1.0,35.0,10,58,4741,2,0.0
98,1.0,1.0,1.665,,,5,132.1117805208397,164.3844062152743,pobre,basal,0,625.0,636.0,1.0,35.0,11,58,4741,2,0.0
97,1.0,1.0,1.665,0.0,6.0,9,132.1117805208397,164.3844062152743,pobre,basal,0,625.0,717.25,1.0,54.0,16,58,4742,6,0.0
98,1.0,1.0,1.665,,,9,132.1117805208397,164.3844062152743,pobre,basal,0,625.0,717.25,1.0,54.0,17,58,4742,6,0.0
97,1.0,1.0,1.665,0.0,6.0,9,132.1117805208397,164.3844062152743,pobre,basal,0,625.0,717.25,1.0,54.0,14,58,4743,6,0.0
98,1.0,1.0,1.665,0.0,6.0,9,132.1117805208397,164.3844062152743,pobre,basal,0,625.0,717.25,1.0,54.0,15,58,4743,6,0.0
97,1.0,1.0,1.665,1.0,5.0,9,132.1117805208397,164.3844062152743,pobre,basal,0,625.0,717.25,1.0,54.0,11,58,4744,5,1.0
98,1.0,1.0,1.665,1.0,6.0,9,132.1117805208397,164.3844062152743,pobre,basal,0,625.0,717.25,1.0,54.0,12,58,4744,5,1.0
97,1.0,1.0,1.665,1.0,3.0,9,132.1117805208397,164.3844062152743,pobre,basal,0,625.0,717.25,1.0,54.0,9,58,4745,3,1.0
98,1.0,1.0,1.665,,,9,132.1117805208397,164.3844062152743,pobre,basal,0,625.0,717.25,1.0,54.0,10,58,4745,3,1.0
97,1.0,1.0,1.665,1.0,1.0,9,132.1117805208397,164.3844062152743,pobre,basal,0,625.0,717.25,1.0,54.0,7,58,4746,1,1.0
98,1.0,1.0,1.665,1.0,2.0,9,132.1117805208397,164.3844062152743,pobre,basal,0,625.0,717.25,1.0,54.0,8,58,4746,1,1.0
97,0.0,1.0,1.665,,0.0,4,132.1117805208397,164.3844062152743,pobre,basal,0,625.0,660.14001,1.0,25.0,7,58,4747,0,
98,0.0,1.0,1.665,1.0,2.0,4,132.1117805208397,164.3844062152743,pobre,basal,0,625.0,660.14001,1.0,25.0,8,58,4747,0,
97,0.0,1.0,1.665,,0.0,4,132.1117805208397,164.3844062152743,pobre,basal,0,625.0,660.14001,1.0,25.0,6,58,4748,0,
98,0.0,1.0,1.665,1.0,0.0,4,132.1117805208397,164.3844062152743,pobre,basal,0,625.0,660.14001,1.0,25.0,7,58,4748,0,
97,0.0,1.0,1.665,0.0,6.0,5,132.1117805208397,164.3844062152743,pobre,basal,0,625.0,751.5,1.0,60.0,14,58,4749,6,0.0
98,0.0,1.0,1.665,0.0,6.0,5,132.1117805208397,164.3844062152743,pobre,basal,0,625.0,751.5,1.0,60.0,15,58,4749,6,0.0
97,0.0,1.0,1.665,1.0,3.0,8,132.1117805208397,164.3844062152743,no pobre,basal,3,625.0,813.66998,1.0,45.0,14,58,4750,3,1.0
98,0.0,1.0,1.665,1.0,4.0,8,132.1117805208397,164.3844062152743,no pobre,basal,3,625.0,813.66998,1.0,45.0,15,58,4750,3,1.0
97,1.0,1.0,1.665,,0.0,8,132.1117805208397,164.3844062152743,no pobre,basal,3,625.0,813.66998,1.0,45.0,12,58,4751,0,
98,1.0,1.0,1.665,,,8,132.1117805208397,164.3844062152743,no pobre,basal,3,625.0,813.66998,1.0,45.0,13,58,4751,0,
97,0.0,1.0,1.665,1.0,6.0,9,132.1117805208397,164.3844062152743,pobre,basal,3,625.0,521.0,1.0,39.0,15,58,4752,6,1.0
98,0.0,1.0,1.665,1.0,6.0,9,132.1117805208397,164.3844062152743,pobre,basal,3,625.0,521.0,1.0,39.0,16,58,4752,6,1.0
97,1.0,1.0,1.665,1.0,6.0,9,132.1117805208397,164.3844062152743,pobre,basal,3,625.0,521.0,1.0,39.0,13,58,4753,6,1.0
98,1.0,1.0,1.665,1.0,6.0,9,132.1117805208397,164.3844062152743,pobre,basal,3,625.0,521.0,1.0,39.0,14,58,4753,6,1.0
97,0.0,1.0,1.665,1.0,3.0,9,132.1117805208397,164.3844062152743,pobre,basal,3,625.0,521.0,1.0,39.0,11,58,4754,3,1.0
98,0.0,1.0,1.665,1.0,3.0,9,132.1117805208397,164.3844062152743,pobre,basal,3,625.0,521.0,1.0,39.0,12,58,4754,3,1.0
97,1.0,1.0,1.665,0.0,6.0,7,132.1117805208397,164.3844062152743,pobre,basal,3,750.0,560.0,1.0,40.0,16,58,4755,6,0.0
98,1.0,1.0,1.665,0.0,6.0,7,132.1117805208397,164.3844062152743,pobre,basal,3,750.0,560.0,1.0,40.0,17,58,4755,6,0.0
97,1.0,1.0,1.665,0.0,4.0,7,132.1117805208397,164.3844062152743,pobre,basal,3,750.0,560.0,1.0,40.0,14,58,4756,4,0.0
98,1.0,1.0,1.665,0.0,4.0,7,132.1117805208397,164.3844062152743,pobre,basal,3,750.0,560.0,1.0,40.0,15,58,4756,4,0.0
97,1.0,1.0,1.665,1.0,3.0,7,132.1117805208397,164.3844062152743,pobre,basal,3,750.0,560.0,1.0,40.0,9,58,4757,3,1.0
98,1.0,1.0,1.665,1.0,4.0,7,132.1117805208397,164.3844062152743,pobre,basal,3,750.0,560.0,1.0,40.0,10,58,4757,3,1.0
97,1.0,1.0,1.665,1.0,1.0,7,132.1117805208397,164.3844062152743,pobre,basal,3,750.0,560.0,1.0,40.0,6,58,4758,1,1.0
98,1.0,1.0,1.665,1.0,1.0,7,132.1117805208397,164.3844062152743,pobre,basal,3,750.0,560.0,1.0,40.0,7,58,4758,1,1.0
97,0.0,1.0,1.665,,0.0,6,132.1117805208397,164.3844062152743,pobre,basal,0,625.0,734.0,1.0,40.0,16,58,4759,0,
98,0.0,1.0,1.665,,,6,132.1117805208397,164.3844062152743,pobre,basal,0,625.0,734.0,1.0,40.0,17,58,4759,0,
97,1.0,1.0,1.665,1.0,2.0,6,132.1117805208397,164.3844062152743,pobre,basal,0,625.0,734.0,1.0,40.0,8,58,4760,2,1.0
98,1.0,1.0,1.665,1.0,3.0,6,132.1117805208397,164.3844062152743,pobre,basal,0,625.0,734.0,1.0,40.0,9,58,4760,2,1.0
97,1.0,1.0,1.665,0.0,0.0,7,132.1117805208397,164.3844062152743,pobre,basal,4,625.0,743.0,1.0,40.0,16,58,4761,0,0.0
98,1.0,1.0,1.665,,,7,132.1117805208397,164.3844062152743,pobre,basal,4,625.0,743.0,1.0,40.0,17,58,4761,0,0.0
97,0.0,1.0,1.665,1.0,6.0,7,132.1117805208397,164.3844062152743,pobre,basal,4,625.0,743.0,1.0,40.0,11,58,4762,6,1.0
98,0.0,1.0,1.665,1.0,7.0,7,132.1117805208397,164.3844062152743,pobre,basal,4,625.0,743.0,1.0,40.0,12,58,4762,6,1.0
97,1.0,1.0,1.665,1.0,2.0,7,132.1117805208397,164.3844062152743,pobre,basal,4,625.0,743.0,1.0,40.0,8,58,4763,2,1.0
98,1.0,1.0,1.665,1.0,3.0,7,132.1117805208397,164.3844062152743,pobre,basal,4,625.0,743.0,1.0,40.0,9,58,4763,2,1.0
97,0.0,1.0,1.665,0.0,3.0,9,132.1117805208397,164.3844062152743,pobre,basal,0,625.0,679.5,1.0,55.0,13,58,4764,3,0.0
98,0.0,1.0,1.665,0.0,4.0,9,132.1117805208397,164.3844062152743,pobre,basal,0,625.0,679.5,1.0,55.0,14,58,4764,3,0.0
97,0.0,1.0,1.665,1.0,2.0,9,132.1117805208397,164.3844062152743,pobre,basal,0,625.0,679.5,1.0,55.0,11,58,4765,2,1.0
98,0.0,1.0,1.665,1.0,3.0,9,132.1117805208397,164.3844062152743,pobre,basal,0,625.0,679.5,1.0,55.0,12,58,4765,2,1.0
97,0.0,1.0,1.665,1.0,1.0,9,132.1117805208397,164.3844062152743,pobre,basal,0,625.0,679.5,1.0,55.0,7,58,4766,1,1.0
98,0.0,1.0,1.665,1.0,2.0,9,132.1117805208397,164.3844062152743,pobre,basal,0,625.0,679.5,1.0,55.0,8,58,4766,1,1.0
97,0.0,1.0,1.665,0.0,7.0,7,132.1117805208397,164.3844062152743,pobre,basal,0,625.0,562.0,1.0,41.0,15,58,4767,7,0.0
98,0.0,1.0,1.665,1.0,7.0,7,132.1117805208397,164.3844062152743,pobre,basal,0,625.0,562.0,1.0,41.0,16,58,4767,7,0.0
97,1.0,1.0,1.665,0.0,5.0,7,132.1117805208397,164.3844062152743,pobre,basal,0,625.0,562.0,1.0,41.0,12,58,4768,5,0.0
98,1.0,1.0,1.665,1.0,5.0,7,132.1117805208397,164.3844062152743,pobre,basal,0,625.0,562.0,1.0,41.0,13,58,4768,5,0.0
97,1.0,1.0,1.665,0.0,4.0,7,132.1117805208397,164.3844062152743,pobre,basal,0,625.0,562.0,1.0,41.0,11,58,4769,4,0.0
98,1.0,1.0,1.665,1.0,4.0,7,132.1117805208397,164.3844062152743,pobre,basal,0,625.0,562.0,1.0,41.0,12,58,4769,4,0.0
97,1.0,1.0,1.665,0.0,2.0,7,132.1117805208397,164.3844062152743,pobre,basal,0,625.0,562.0,1.0,41.0,8,58,4770,2,0.0
98,1.0,1.0,1.665,1.0,3.0,7,132.1117805208397,164.3844062152743,pobre,basal,0,625.0,562.0,1.0,41.0,9,58,4770,2,0.0
97,1.0,1.0,1.665,0.0,7.0,7,132.1117805208397,164.3844062152743,pobre,basal,0,750.0,677.5,1.0,42.0,13,58,4771,7,0.0
98,1.0,1.0,1.665,1.0,8.0,7,132.1117805208397,164.3844062152743,pobre,basal,0,750.0,677.5,1.0,42.0,14,58,4771,7,0.0
97,1.0,1.0,1.665,0.0,5.0,7,132.1117805208397,164.3844062152743,pobre,basal,0,750.0,677.5,1.0,42.0,12,58,4772,5,0.0
98,1.0,1.0,1.665,1.0,6.0,7,132.1117805208397,164.3844062152743,pobre,basal,0,750.0,677.5,1.0,42.0,13,58,4772,5,0.0
97,1.0,1.0,1.665,0.0,1.0,7,132.1117805208397,164.3844062152743,pobre,basal,0,750.0,677.5,1.0,42.0,7,58,4773,1,0.0
98,1.0,1.0,1.665,1.0,2.0,7,132.1117805208397,164.3844062152743,pobre,basal,0,750.0,677.5,1.0,42.0,8,58,4773,1,0.0
97,1.0,1.0,1.665,1.0,7.0,8,132.1117805208397,164.3844062152743,pobre,basal,0,625.0,722.0,1.0,43.0,14,58,4774,7,1.0
98,1.0,1.0,1.665,1.0,8.0,8,132.1117805208397,164.3844062152743,pobre,basal,0,625.0,722.0,1.0,43.0,15,58,4774,7,1.0
97,1.0,1.0,1.665,0.0,3.0,6,132.1117805208397,164.3844062152743,pobre,basal,2,625.0,527.0,1.0,48.0,16,58,4775,3,0.0
98,1.0,1.0,1.665,,,6,132.1117805208397,164.3844062152743,pobre,basal,2,625.0,527.0,1.0,48.0,17,58,4775,3,0.0
97,1.0,1.0,1.665,1.0,3.0,6,132.1117805208397,164.3844062152743,pobre,basal,2,625.0,527.0,1.0,48.0,10,58,4776,3,1.0
98,1.0,1.0,1.665,1.0,3.0,6,132.1117805208397,164.3844062152743,pobre,basal,2,625.0,527.0,1.0,48.0,11,58,4776,3,1.0
97,0.0,1.0,1.665,0.0,4.0,10,132.1117805208397,164.3844062152743,pobre,basal,0,625.0,495.0,1.0,50.0,15,58,4777,4,0.0
98,0.0,1.0,1.665,,,10,132.1117805208397,164.3844062152743,pobre,basal,0,625.0,495.0,1.0,50.0,16,58,4777,4,0.0
97,1.0,1.0,1.665,,0.0,10,132.1117805208397,164.3844062152743,pobre,basal,0,625.0,495.0,1.0,50.0,13,58,4778,0,
98,1.0,1.0,1.665,,,10,132.1117805208397,164.3844062152743,pobre,basal,0,625.0,495.0,1.0,50.0,14,58,4778,0,
97,1.0,1.0,1.665,1.0,7.0,10,132.1117805208397,164.3844062152743,pobre,basal,0,625.0,495.0,1.0,50.0,12,58,4779,7,1.0
98,1.0,1.0,1.665,1.0,7.0,10,132.1117805208397,164.3844062152743,pobre,basal,0,625.0,495.0,1.0,50.0,13,58,4779,7,1.0
97,1.0,1.0,1.665,1.0,3.0,10,132.1117805208397,164.3844062152743,pobre,basal,0,625.0,495.0,1.0,50.0,9,58,4780,3,1.0
98,1.0,1.0,1.665,1.0,4.0,10,132.1117805208397,164.3844062152743,pobre,basal,0,625.0,495.0,1.0,50.0,10,58,4780,3,1.0
97,1.0,1.0,1.665,1.0,1.0,10,132.1117805208397,164.3844062152743,pobre,basal,0,625.0,495.0,1.0,50.0,7,58,4781,1,1.0
98,1.0,1.0,1.665,1.0,2.0,10,132.1117805208397,164.3844062152743,pobre,basal,0,625.0,495.0,1.0,50.0,8,58,4781,1,1.0
97,0.0,1.0,1.665,0.0,6.0,3,132.1117805208397,164.3844062152743,no pobre,basal,0,625.0,811.0,1.0,45.0,14,58,4782,6,0.0
98,0.0,1.0,1.665,0.0,6.0,3,132.1117805208397,164.3844062152743,no pobre,basal,0,625.0,811.0,1.0,45.0,15,58,4782,6,0.0
97,0.0,1.0,1.665,1.0,6.0,7,132.1117805208397,164.3844062152743,pobre,basal,0,625.0,653.0,1.0,41.0,14,58,4783,6,1.0
98,0.0,1.0,1.665,1.0,9.0,7,132.1117805208397,164.3844062152743,pobre,basal,0,625.0,653.0,1.0,41.0,15,58,4783,6,1.0
97,1.0,1.0,1.665,1.0,4.0,7,132.1117805208397,164.3844062152743,pobre,basal,0,625.0,653.0,1.0,41.0,10,58,4784,4,1.0
98,1.0,1.0,1.665,1.0,5.0,7,132.1117805208397,164.3844062152743,pobre,basal,0,625.0,653.0,1.0,41.0,11,58,4784,4,1.0
97,1.0,,1.665,1.0,2.0,7,132.1117805208397,164.3844062152743,pobre,basal,0,625.0,653.0,1.0,41.0,8,58,4785,2,1.0
98,1.0,,1.665,1.0,3.0,7,132.1117805208397,164.3844062152743,pobre,basal,0,625.0,653.0,1.0,41.0,9,58,4785,2,1.0
97,1.0,1.0,1.665,1.0,3.0,3,132.1117805208397,164.3844062152743,no pobre,basal,6,750.0,760.0,1.0,34.0,9,58,4786,3,1.0
98,1.0,1.0,1.665,1.0,4.0,3,132.1117805208397,164.3844062152743,no pobre,basal,6,750.0,760.0,1.0,34.0,10,58,4786,3,1.0
97,0.0,1.0,1.665,0.0,7.0,8,132.1117805208397,164.3844062152743,pobre,basal,6,750.0,537.0,1.0,36.0,16,58,4787,7,0.0
98,0.0,1.0,1.665,,,8,132.1117805208397,164.3844062152743,pobre,basal,6,750.0,537.0,1.0,36.0,17,58,4787,7,0.0
97,0.0,1.0,1.665,1.0,6.0,8,132.1117805208397,164.3844062152743,pobre,basal,6,750.0,537.0,1.0,36.0,13,58,4788,6,1.0
98,0.0,1.0,1.665,0.0,9.0,8,132.1117805208397,164.3844062152743,pobre,basal,6,750.0,537.0,1.0,36.0,14,58,4788,6,1.0
97,1.0,1.0,1.665,1.0,2.0,8,132.1117805208397,164.3844062152743,pobre,basal,6,750.0,537.0,1.0,36.0,8,58,4789,2,1.0
98,1.0,1.0,1.665,1.0,3.0,8,132.1117805208397,164.3844062152743,pobre,basal,6,750.0,537.0,1.0,36.0,9,58,4789,2,1.0
97,0.0,1.0,1.665,1.0,0.0,8,132.1117805208397,164.3844062152743,pobre,basal,6,750.0,537.0,1.0,36.0,6,58,4790,0,1.0
98,0.0,1.0,1.665,1.0,1.0,8,132.1117805208397,164.3844062152743,pobre,basal,6,750.0,537.0,1.0,36.0,7,58,4790,0,1.0
97,0.0,1.0,1.665,1.0,3.0,6,132.1117805208397,164.3844062152743,pobre,basal,6,625.0,604.0,1.0,29.0,9,58,4791,3,1.0
98,0.0,1.0,1.665,1.0,4.0,6,132.1117805208397,164.3844062152743,pobre,basal,6,625.0,604.0,1.0,29.0,10,58,4791,3,1.0
97,1.0,1.0,1.665,1.0,2.0,6,132.1117805208397,164.3844062152743,pobre,basal,6,625.0,604.0,1.0,29.0,8,58,4792,2,1.0
98,1.0,1.0,1.665,1.0,3.0,6,132.1117805208397,164.3844062152743,pobre,basal,6,625.0,604.0,1.0,29.0,9,58,4792,2,1.0
97,1.0,1.0,1.665,1.0,0.0,6,132.1117805208397,164.3844062152743,pobre,basal,6,625.0,604.0,1.0,29.0,6,58,4793,0,1.0
98,1.0,1.0,1.665,1.0,1.0,6,132.1117805208397,164.3844062152743,pobre,basal,6,625.0,604.0,1.0,29.0,7,58,4793,0,1.0
97,1.0,1.0,1.665,1.0,3.0,6,132.1117805208397,164.3844062152743,pobre,basal,6,625.0,488.0,1.0,33.0,9,58,4794,3,1.0
98,1.0,1.0,1.665,1.0,4.0,6,132.1117805208397,164.3844062152743,pobre,basal,6,625.0,488.0,1.0,33.0,10,58,4794,3,1.0
97,1.0,1.0,1.665,1.0,7.0,8,132.1117805208397,164.3844062152743,pobre,basal,3,750.0,584.0,1.0,44.0,14,58,4795,7,1.0
98,1.0,1.0,1.665,1.0,8.0,8,132.1117805208397,164.3844062152743,pobre,basal,3,750.0,584.0,1.0,44.0,15,58,4795,7,1.0
97,0.0,1.0,1.665,1.0,3.0,8,132.1117805208397,164.3844062152743,pobre,basal,3,750.0,584.0,1.0,44.0,12,58,4796,3,1.0
98,0.0,1.0,1.665,,,8,132.1117805208397,164.3844062152743,pobre,basal,3,750.0,584.0,1.0,44.0,13,58,4796,3,1.0
97,1.0,1.0,1.665,1.0,3.0,8,132.1117805208397,164.3844062152743,pobre,basal,3,750.0,584.0,1.0,44.0,10,58,4797,3,1.0
98,1.0,1.0,1.665,1.0,4.0,8,132.1117805208397,164.3844062152743,pobre,basal,3,750.0,584.0,1.0,44.0,11,58,4797,3,1.0
97,0.0,1.0,1.665,1.0,2.0,8,132.1117805208397,164.3844062152743,pobre,basal,3,750.0,584.0,1.0,44.0,8,58,4798,2,1.0
98,0.0,1.0,1.665,1.0,3.0,8,132.1117805208397,164.3844062152743,pobre,basal,3,750.0,584.0,1.0,44.0,9,58,4798,2,1.0
97,1.0,1.0,1.665,1.0,1.0,8,132.1117805208397,164.3844062152743,pobre,basal,3,750.0,584.0,1.0,44.0,6,58,4799,1,1.0
98,1.0,1.0,1.665,1.0,2.0,8,132.1117805208397,164.3844062152743,pobre,basal,3,750.0,584.0,1.0,44.0,7,58,4799,1,1.0
97,1.0,1.0,1.665,1.0,7.0,7,132.1117805208397,164.3844062152743,pobre,basal,6,750.0,609.0,1.0,40.0,14,58,4800,7,1.0
98,1.0,1.0,1.665,1.0,8.0,7,132.1117805208397,164.3844062152743,pobre,basal,6,750.0,609.0,1.0,40.0,15,58,4800,7,1.0
97,0.0,1.0,1.665,1.0,5.0,7,132.1117805208397,164.3844062152743,pobre,basal,6,750.0,609.0,1.0,40.0,12,58,4801,5,1.0
98,0.0,1.0,1.665,1.0,6.0,7,132.1117805208397,164.3844062152743,pobre,basal,6,750.0,609.0,1.0,40.0,13,58,4801,5,1.0
97,1.0,1.0,1.665,1.0,3.0,7,132.1117805208397,164.3844062152743,pobre,basal,6,750.0,609.0,1.0,40.0,9,58,4802,3,1.0
98,1.0,1.0,1.665,1.0,4.0,7,132.1117805208397,164.3844062152743,pobre,basal,6,750.0,609.0,1.0,40.0,10,58,4802,3,1.0
97,0.0,1.0,1.665,1.0,1.0,7,132.1117805208397,164.3844062152743,pobre,basal,6,750.0,609.0,1.0,40.0,7,58,4803,1,1.0
98,0.0,1.0,1.665,1.0,2.0,7,132.1117805208397,164.3844062152743,pobre,basal,6,750.0,609.0,1.0,40.0,8,58,4803,1,1.0
97,1.0,1.0,1.665,1.0,4.0,6,132.1117805208397,164.3844062152743,pobre,basal,3,625.0,605.0,1.0,46.0,12,58,4804,4,1.0
98,1.0,1.0,1.665,1.0,5.0,6,132.1117805208397,164.3844062152743,pobre,basal,3,625.0,605.0,1.0,46.0,13,58,4804,4,1.0
97,1.0,1.0,1.665,1.0,0.0,6,132.1117805208397,164.3844062152743,pobre,basal,3,625.0,605.0,1.0,46.0,7,58,4805,0,1.0
98,1.0,1.0,1.665,1.0,1.0,6,132.1117805208397,164.3844062152743,pobre,basal,3,625.0,605.0,1.0,46.0,8,58,4805,0,1.0
97,0.0,1.0,1.665,1.0,3.0,3,132.1117805208397,164.3844062152743,pobre,basal,3,625.0,799.0,1.0,36.0,8,58,4806,3,1.0
98,0.0,1.0,1.665,1.0,3.0,3,132.1117805208397,164.3844062152743,pobre,basal,3,625.0,799.0,1.0,36.0,9,58,4806,3,1.0
97,0.0,1.0,1.665,0.0,5.0,3,132.1117805208397,164.3844062152743,pobre,basal,0,625.0,689.5,1.0,54.0,15,58,4807,5,0.0
98,0.0,1.0,1.665,0.0,5.0,3,132.1117805208397,164.3844062152743,pobre,basal,0,625.0,689.5,1.0,54.0,16,58,4807,5,0.0
97,1.0,1.0,1.665,1.0,5.0,4,132.1117805208397,164.3844062152743,pobre,basal,3,1000.0,779.0,1.0,32.0,12,58,4808,5,1.0
98,1.0,1.0,1.665,1.0,7.0,4,132.1117805208397,164.3844062152743,pobre,basal,3,1000.0,779.0,1.0,32.0,13,58,4808,5,1.0
97,0.0,1.0,1.665,1.0,5.0,4,132.1117805208397,164.3844062152743,pobre,basal,3,1000.0,779.0,1.0,32.0,11,58,4809,5,1.0
98,0.0,1.0,1.665,1.0,6.0,4,132.1117805208397,164.3844062152743,pobre,basal,3,1000.0,779.0,1.0,32.0,12,58,4809,5,1.0
97,0.0,1.0,1.665,1.0,8.0,7,132.1117805208397,164.3844062152743,pobre,basal,6,0.0,584.0,1.0,43.0,13,58,4810,8,1.0
98,0.0,1.0,1.665,1.0,9.0,7,132.1117805208397,164.3844062152743,pobre,basal,6,0.0,584.0,1.0,43.0,14,58,4810,8,1.0
97,1.0,1.0,1.665,1.0,5.0,7,132.1117805208397,164.3844062152743,pobre,basal,6,0.0,584.0,1.0,43.0,11,58,4811,5,1.0
98,1.0,1.0,1.665,1.0,6.0,7,132.1117805208397,164.3844062152743,pobre,basal,6,0.0,584.0,1.0,43.0,12,58,4811,5,1.0
97,1.0,1.0,1.665,1.0,2.0,7,132.1117805208397,164.3844062152743,pobre,basal,6,0.0,584.0,1.0,43.0,7,58,4812,2,1.0
98,1.0,1.0,1.665,1.0,3.0,7,132.1117805208397,164.3844062152743,pobre,basal,6,0.0,584.0,1.0,43.0,8,58,4812,2,1.0
97,1.0,1.0,1.665,0.0,6.0,7,132.1117805208397,164.3844062152743,pobre,basal,4,625.0,560.0,1.0,36.0,15,58,4813,6,0.0
98,1.0,1.0,1.665,,,7,132.1117805208397,164.3844062152743,pobre,basal,4,625.0,560.0,1.0,36.0,16,58,4813,6,0.0
97,0.0,1.0,1.665,1.0,1.0,7,132.1117805208397,164.3844062152743,pobre,basal,4,625.0,560.0,1.0,36.0,7,58,4814,1,1.0
98,0.0,1.0,1.665,1.0,2.0,7,132.1117805208397,164.3844062152743,pobre,basal,4,625.0,560.0,1.0,36.0,8,58,4814,1,1.0
97,1.0,1.0,1.665,0.0,9.0,7,132.1117805208397,164.3844062152743,pobre,basal,3,625.0,570.0,1.0,36.0,16,58,4815,9,0.0
98,1.0,1.0,1.665,,,7,132.1117805208397,164.3844062152743,pobre,basal,3,625.0,570.0,1.0,36.0,17,58,4815,9,0.0
97,0.0,1.0,1.665,0.0,5.0,7,132.1117805208397,164.3844062152743,pobre,basal,3,625.0,570.0,1.0,36.0,12,58,4816,5,0.0
98,0.0,1.0,1.665,,,7,132.1117805208397,164.3844062152743,pobre,basal,3,625.0,570.0,1.0,36.0,13,58,4816,5,0.0
97,0.0,1.0,1.665,1.0,2.0,7,132.1117805208397,164.3844062152743,pobre,basal,3,625.0,570.0,1.0,36.0,7,58,4817,2,1.0
98,0.0,1.0,1.665,1.0,2.0,7,132.1117805208397,164.3844062152743,pobre,basal,3,625.0,570.0,1.0,36.0,8,58,4817,2,1.0
97,1.0,1.0,1.665,0.0,6.0,7,132.1117805208397,164.3844062152743,pobre,basal,2,625.0,561.0,1.0,48.0,16,58,4818,6,0.0
98,1.0,1.0,1.665,,,7,132.1117805208397,164.3844062152743,pobre,basal,2,625.0,561.0,1.0,48.0,17,58,4818,6,0.0
97,1.0,1.0,1.665,0.0,6.0,7,132.1117805208397,164.3844062152743,pobre,basal,2,625.0,561.0,1.0,48.0,13,58,4819,6,0.0
98,1.0,1.0,1.665,,,7,132.1117805208397,164.3844062152743,pobre,basal,2,625.0,561.0,1.0,48.0,14,58,4819,6,0.0
97,0.0,1.0,1.665,1.0,5.0,7,132.1117805208397,164.3844062152743,pobre,basal,2,625.0,561.0,1.0,48.0,11,58,4820,5,1.0
98,0.0,1.0,1.665,1.0,6.0,7,132.1117805208397,164.3844062152743,pobre,basal,2,625.0,561.0,1.0,48.0,12,58,4820,5,1.0
97,0.0,1.0,1.665,1.0,2.0,7,132.1117805208397,164.3844062152743,pobre,basal,2,625.0,561.0,1.0,48.0,9,58,4821,2,1.0
98,0.0,1.0,1.665,1.0,3.0,7,132.1117805208397,164.3844062152743,pobre,basal,2,625.0,561.0,1.0,48.0,10,58,4821,2,1.0
97,1.0,1.0,1.665,1.0,5.0,3,132.1117805208397,164.3844062152743,pobre,basal,0,0.0,580.0,0.0,60.0,13,58,4822,5,1.0
98,1.0,1.0,1.665,1.0,5.0,3,132.1117805208397,164.3844062152743,pobre,basal,0,0.0,580.0,0.0,60.0,14,58,4822,5,1.0
97,1.0,1.0,1.665,1.0,3.0,3,132.1117805208397,164.3844062152743,pobre,basal,0,0.0,580.0,0.0,60.0,9,58,4823,3,1.0
98,1.0,1.0,1.665,1.0,4.0,3,132.1117805208397,164.3844062152743,pobre,basal,0,0.0,580.0,0.0,60.0,10,58,4823,3,1.0
97,0.0,1.0,1.665,0.0,9.0,7,132.1117805208397,164.3844062152743,pobre,basal,0,750.0,596.0,1.0,31.0,14,58,4824,9,0.0
98,0.0,1.0,1.665,0.0,7.0,7,132.1117805208397,164.3844062152743,pobre,basal,0,750.0,596.0,1.0,31.0,15,58,4824,9,0.0
97,1.0,1.0,1.665,1.0,5.0,7,132.1117805208397,164.3844062152743,pobre,basal,0,750.0,596.0,1.0,31.0,13,58,4825,5,1.0
98,1.0,1.0,1.665,1.0,6.0,7,132.1117805208397,164.3844062152743,pobre,basal,0,750.0,596.0,1.0,31.0,14,58,4825,5,1.0
97,0.0,1.0,1.665,1.0,4.0,7,132.1117805208397,164.3844062152743,pobre,basal,0,750.0,596.0,1.0,31.0,10,58,4826,4,1.0
98,0.0,1.0,1.665,1.0,5.0,7,132.1117805208397,164.3844062152743,pobre,basal,0,750.0,596.0,1.0,31.0,11,58,4826,4,1.0
97,0.0,1.0,1.665,1.0,2.0,9,132.1117805208397,164.3844062152743,pobre,basal,0,750.0,665.5,1.0,60.0,10,58,4827,2,1.0
98,0.0,1.0,1.665,0.0,2.0,9,132.1117805208397,164.3844062152743,pobre,basal,0,750.0,665.5,1.0,60.0,11,58,4827,2,1.0
97,1.0,1.0,1.665,1.0,4.0,5,132.1117805208397,164.3844062152743,pobre,basal,0,1000.0,646.0,1.0,25.0,9,58,4828,4,1.0
98,1.0,1.0,1.665,,,5,132.1117805208397,164.3844062152743,pobre,basal,0,1000.0,646.0,1.0,25.0,10,58,4828,4,1.0
97,0.0,1.0,1.665,,0.0,5,132.1117805208397,164.3844062152743,pobre,basal,0,1000.0,646.0,1.0,25.0,8,58,4829,0,
98,0.0,1.0,1.665,,,5,132.1117805208397,164.3844062152743,pobre,basal,0,1000.0,646.0,1.0,25.0,9,58,4829,0,
97,0.0,1.0,1.665,1.0,3.0,5,132.1117805208397,164.3844062152743,pobre,basal,4,1250.0,870.46997,1.0,52.0,9,58,4830,3,1.0
98,0.0,1.0,1.665,1.0,4.0,5,132.1117805208397,164.3844062152743,pobre,basal,4,1250.0,870.46997,1.0,52.0,10,58,4830,3,1.0
97,1.0,1.0,1.665,,3.0,8,132.1117805208397,164.3844062152743,pobre,basal,4,1000.0,525.0,1.0,19.0,12,58,4831,3,
98,1.0,1.0,1.665,,,8,132.1117805208397,164.3844062152743,pobre,basal,4,1000.0,525.0,1.0,19.0,13,58,4831,3,
97,0.0,1.0,1.665,,2.0,8,132.1117805208397,164.3844062152743,pobre,basal,4,1000.0,525.0,1.0,19.0,11,58,4832,2,
98,0.0,1.0,1.665,,,8,132.1117805208397,164.3844062152743,pobre,basal,4,1000.0,525.0,1.0,19.0,12,58,4832,2,
97,1.0,1.0,1.665,,1.0,8,132.1117805208397,164.3844062152743,pobre,basal,4,1000.0,525.0,1.0,19.0,7,58,4833,1,
98,1.0,1.0,1.665,,,8,132.1117805208397,164.3844062152743,pobre,basal,4,1000.0,525.0,1.0,19.0,8,58,4833,1,
97,0.0,1.0,1.665,,0.0,8,132.1117805208397,164.3844062152743,pobre,basal,4,1000.0,525.0,1.0,19.0,6,58,4834,0,
98,0.0,1.0,1.665,,,8,132.1117805208397,164.3844062152743,pobre,basal,4,1000.0,525.0,1.0,19.0,7,58,4834,0,
97,0.0,1.0,1.665,,0.0,5,132.1117805208397,164.3844062152743,no pobre,basal,11,750.0,845.5,1.0,33.0,8,58,4835,0,
98,0.0,1.0,1.665,1.0,4.0,5,132.1117805208397,164.3844062152743,no pobre,basal,11,750.0,845.5,1.0,33.0,9,58,4835,0,
97,1.0,1.0,1.665,1.0,2.0,5,132.1117805208397,164.3844062152743,pobre,basal,0,1000.0,671.17999,1.0,29.0,8,58,4836,2,1.0
98,1.0,1.0,1.665,1.0,3.0,5,132.1117805208397,164.3844062152743,pobre,basal,0,1000.0,671.17999,1.0,29.0,9,58,4836,2,1.0
97,1.0,1.0,1.665,,0.0,5,132.1117805208397,164.3844062152743,pobre,basal,0,1000.0,671.17999,1.0,29.0,6,58,4837,0,
98,1.0,1.0,1.665,1.0,1.0,5,132.1117805208397,164.3844062152743,pobre,basal,0,1000.0,671.17999,1.0,29.0,7,58,4837,0,
97,0.0,1.0,1.665,,0.0,4,132.1117805208397,164.3844062152743,pobre,basal,3,1000.0,747.0,1.0,30.0,10,58,4838,0,
98,0.0,1.0,1.665,1.0,4.0,4,132.1117805208397,164.3844062152743,pobre,basal,3,1000.0,747.0,1.0,30.0,11,58,4838,0,
97,1.0,1.0,1.665,,0.0,4,132.1117805208397,164.3844062152743,pobre,basal,3,875.0,819.0,1.0,54.0,15,58,4839,0,
98,1.0,1.0,1.665,,,4,132.1117805208397,164.3844062152743,pobre,basal,3,875.0,819.0,1.0,54.0,16,58,4839,0,
97,1.0,1.0,1.665,1.0,6.0,4,132.1117805208397,164.3844062152743,pobre,basal,3,875.0,819.0,1.0,54.0,12,58,4840,6,1.0
98,1.0,1.0,1.665,1.0,7.0,4,132.1117805208397,164.3844062152743,pobre,basal,3,875.0,819.0,1.0,54.0,13,58,4840,6,1.0
97,0.0,1.0,1.665,,0.0,3,132.1117805208397,164.3844062152743,pobre,basal,0,625.0,744.14001,1.0,53.0,13,58,4841,0,
98,0.0,1.0,1.665,,,3,132.1117805208397,164.3844062152743,pobre,basal,0,625.0,744.14001,1.0,53.0,14,58,4841,0,
97,1.0,1.0,1.665,1.0,6.0,6,132.1117805208397,164.3844062152743,pobre,basal,6,0.0,603.0,1.0,40.0,11,58,4842,6,1.0
98,1.0,1.0,1.665,1.0,6.0,6,132.1117805208397,164.3844062152743,pobre,basal,6,0.0,603.0,1.0,40.0,12,58,4842,6,1.0
97,0.0,1.0,1.665,1.0,3.0,6,132.1117805208397,164.3844062152743,pobre,basal,6,0.0,603.0,1.0,40.0,9,58,4843,3,1.0
98,0.0,1.0,1.665,1.0,4.0,6,132.1117805208397,164.3844062152743,pobre,basal,6,0.0,603.0,1.0,40.0,10,58,4843,3,1.0
97,0.0,1.0,1.665,1.0,1.0,6,132.1117805208397,164.3844062152743,pobre,basal,6,0.0,603.0,1.0,40.0,7,58,4844,1,1.0
98,0.0,1.0,1.665,1.0,2.0,6,132.1117805208397,164.3844062152743,pobre,basal,6,0.0,603.0,1.0,40.0,8,58,4844,1,1.0
97,0.0,1.0,1.665,1.0,1.0,6,132.1117805208397,164.3844062152743,pobre,basal,2,750.0,580.0,1.0,24.0,7,58,4845,1,1.0
98,0.0,1.0,1.665,1.0,2.0,6,132.1117805208397,164.3844062152743,pobre,basal,2,750.0,580.0,1.0,24.0,8,58,4845,1,1.0
97,1.0,1.0,1.665,1.0,7.0,6,132.1117805208397,164.3844062152743,pobre,basal,6,720.0,685.0,1.0,29.0,14,58,4846,7,1.0
98,1.0,1.0,1.665,1.0,8.0,6,132.1117805208397,164.3844062152743,pobre,basal,6,720.0,685.0,1.0,29.0,15,58,4846,7,1.0
97,0.0,1.0,1.665,1.0,6.0,6,132.1117805208397,164.3844062152743,pobre,basal,1,625.0,604.0,1.0,46.0,12,58,4847,6,1.0
98,0.0,1.0,1.665,1.0,7.0,6,132.1117805208397,164.3844062152743,pobre,basal,1,625.0,604.0,1.0,46.0,13,58,4847,6,1.0
97,0.0,1.0,1.665,1.0,5.0,6,132.1117805208397,164.3844062152743,pobre,basal,1,625.0,604.0,1.0,46.0,11,58,4848,5,1.0
98,0.0,1.0,1.665,1.0,6.0,6,132.1117805208397,164.3844062152743,pobre,basal,1,625.0,604.0,1.0,46.0,12,58,4848,5,1.0
97,1.0,1.0,1.665,1.0,3.0,6,132.1117805208397,164.3844062152743,pobre,basal,1,625.0,604.0,1.0,46.0,9,58,4849,3,1.0
98,1.0,1.0,1.665,1.0,4.0,6,132.1117805208397,164.3844062152743,pobre,basal,1,625.0,604.0,1.0,46.0,10,58,4849,3,1.0
97,1.0,1.0,1.665,,0.0,3,132.1117805208397,164.3844062152743,pobre,basal,2,625.0,943.14001,1.0,41.0,6,58,4850,0,
98,1.0,1.0,1.665,,,3,132.1117805208397,164.3844062152743,pobre,basal,2,625.0,943.14001,1.0,41.0,7,58,4850,0,
97,0.0,1.0,1.665,0.0,6.0,5,132.1117805208397,164.3844062152743,pobre,basal,0,625.0,760.5,1.0,56.0,15,58,4851,6,0.0
98,0.0,1.0,1.665,0.0,6.0,5,132.1117805208397,164.3844062152743,pobre,basal,0,625.0,760.5,1.0,56.0,16,58,4851,6,0.0
97,0.0,1.0,1.665,1.0,4.0,5,132.1117805208397,164.3844062152743,pobre,basal,0,625.0,760.5,1.0,56.0,12,58,4852,4,1.0
98,0.0,1.0,1.665,1.0,5.0,5,132.1117805208397,164.3844062152743,pobre,basal,0,625.0,760.5,1.0,56.0,13,58,4852,4,1.0
97,0.0,1.0,1.665,1.0,8.0,6,132.1117805208397,164.3844062152743,no pobre,basal,6,720.0,889.0,1.0,40.0,15,58,4853,8,1.0
98,0.0,1.0,1.665,1.0,9.0,6,132.1117805208397,164.3844062152743,no pobre,basal,6,720.0,889.0,1.0,40.0,16,58,4853,8,1.0
97,0.0,1.0,1.665,1.0,1.0,6,132.1117805208397,164.3844062152743,no pobre,basal,6,720.0,889.0,1.0,40.0,12,58,4854,1,1.0
98,0.0,1.0,1.665,1.0,8.0,6,132.1117805208397,164.3844062152743,no pobre,basal,6,720.0,889.0,1.0,40.0,13,58,4854,1,1.0
97,1.0,1.0,1.665,1.0,4.0,6,132.1117805208397,164.3844062152743,no pobre,basal,6,720.0,889.0,1.0,40.0,11,58,4855,4,1.0
98,1.0,1.0,1.665,1.0,5.0,6,132.1117805208397,164.3844062152743,no pobre,basal,6,720.0,889.0,1.0,40.0,12,58,4855,4,1.0
97,1.0,1.0,1.665,1.0,3.0,6,132.1117805208397,164.3844062152743,no pobre,basal,6,720.0,889.0,1.0,40.0,9,58,4856,3,1.0
98,1.0,1.0,1.665,1.0,4.0,6,132.1117805208397,164.3844062152743,no pobre,basal,6,720.0,889.0,1.0,40.0,10,58,4856,3,1.0
97,1.0,1.0,1.665,1.0,1.0,4,132.1117805208397,164.3844062152743,pobre,basal,3,750.0,674.0,1.0,31.0,7,58,4857,1,1.0
98,1.0,1.0,1.665,1.0,2.0,4,132.1117805208397,164.3844062152743,pobre,basal,3,750.0,674.0,1.0,31.0,8,58,4857,1,1.0
97,1.0,1.0,1.665,0.0,6.0,9,132.1117805208397,164.3844062152743,pobre,basal,1,416.66666,788.25,1.0,50.0,16,58,4858,6,0.0
98,1.0,1.0,1.665,,,9,132.1117805208397,164.3844062152743,pobre,basal,1,416.66666,788.25,1.0,50.0,17,58,4858,6,0.0
97,1.0,1.0,1.665,1.0,7.0,9,132.1117805208397,164.3844062152743,pobre,basal,1,416.66666,788.25,1.0,50.0,14,58,4859,7,1.0
98,1.0,1.0,1.665,1.0,8.0,9,132.1117805208397,164.3844062152743,pobre,basal,1,416.66666,788.25,1.0,50.0,15,58,4859,7,1.0
97,0.0,1.0,1.665,1.0,5.0,9,132.1117805208397,164.3844062152743,pobre,basal,1,416.66666,788.25,1.0,50.0,12,58,4860,5,1.0
98,0.0,1.0,1.665,1.0,6.0,9,132.1117805208397,164.3844062152743,pobre,basal,1,416.66666,788.25,1.0,50.0,13,58,4860,5,1.0
97,1.0,1.0,1.665,1.0,3.0,9,132.1117805208397,164.3844062152743,pobre,basal,1,416.66666,788.25,1.0,50.0,9,58,4861,3,1.0
98,1.0,1.0,1.665,1.0,4.0,9,132.1117805208397,164.3844062152743,pobre,basal,1,416.66666,788.25,1.0,50.0,10,58,4861,3,1.0
97,0.0,1.0,1.665,1.0,0.0,9,132.1117805208397,164.3844062152743,pobre,basal,1,416.66666,788.25,1.0,50.0,6,58,4862,0,1.0
98,0.0,1.0,1.665,1.0,1.0,9,132.1117805208397,164.3844062152743,pobre,basal,1,416.66666,788.25,1.0,50.0,7,58,4862,0,1.0
97,0.0,1.0,1.665,1.0,3.0,7,132.1117805208397,164.3844062152743,pobre,basal,2,0.0,586.0,1.0,41.0,12,58,4863,3,1.0
98,0.0,1.0,1.665,1.0,4.0,7,132.1117805208397,164.3844062152743,pobre,basal,2,0.0,586.0,1.0,41.0,13,58,4863,3,1.0
97,1.0,1.0,1.665,1.0,2.0,7,132.1117805208397,164.3844062152743,pobre,basal,2,0.0,586.0,1.0,41.0,10,58,4864,2,1.0
98,1.0,1.0,1.665,1.0,3.0,7,132.1117805208397,164.3844062152743,pobre,basal,2,0.0,586.0,1.0,41.0,11,58,4864,2,1.0
97,1.0,1.0,1.665,1.0,1.0,7,132.1117805208397,164.3844062152743,pobre,basal,2,0.0,586.0,1.0,41.0,7,58,4865,1,1.0
98,1.0,1.0,1.665,1.0,2.0,7,132.1117805208397,164.3844062152743,pobre,basal,2,0.0,586.0,1.0,41.0,8,58,4865,1,1.0
97,1.0,1.0,1.665,1.0,0.0,5,132.1117805208397,164.3844062152743,pobre,basal,3,750.0,909.5,1.0,43.0,6,58,4866,0,1.0
98,1.0,1.0,1.665,1.0,1.0,5,132.1117805208397,164.3844062152743,pobre,basal,3,750.0,909.5,1.0,43.0,7,58,4866,0,1.0
97,0.0,1.0,1.665,1.0,7.0,5,132.1117805208397,164.3844062152743,pobre,basal,3,750.0,909.5,1.0,43.0,15,58,4867,7,1.0
98,0.0,1.0,1.665,1.0,8.0,5,132.1117805208397,164.3844062152743,pobre,basal,3,750.0,909.5,1.0,43.0,16,58,4867,7,1.0
97,0.0,1.0,1.665,1.0,4.0,5,132.1117805208397,164.3844062152743,pobre,basal,3,750.0,909.5,1.0,43.0,10,58,4868,4,1.0
98,0.0,1.0,1.665,1.0,5.0,5,132.1117805208397,164.3844062152743,pobre,basal,3,750.0,909.5,1.0,43.0,11,58,4868,4,1.0
97,1.0,1.0,1.665,0.0,2.0,9,132.1117805208397,164.3844062152743,pobre,basal,6,625.0,630.5,1.0,40.0,15,58,4869,2,0.0
98,1.0,1.0,1.665,0.0,2.0,9,132.1117805208397,164.3844062152743,pobre,basal,6,625.0,630.5,1.0,40.0,16,58,4869,2,0.0
97,0.0,1.0,1.665,0.0,5.0,9,132.1117805208397,164.3844062152743,pobre,basal,6,625.0,630.5,1.0,40.0,13,58,4870,5,0.0
98,0.0,1.0,1.665,0.0,5.0,9,132.1117805208397,164.3844062152743,pobre,basal,6,625.0,630.5,1.0,40.0,14,58,4870,5,0.0
97,0.0,1.0,1.665,1.0,1.0,9,132.1117805208397,164.3844062152743,pobre,basal,6,625.0,630.5,1.0,40.0,9,58,4871,1,1.0
98,0.0,1.0,1.665,1.0,2.0,9,132.1117805208397,164.3844062152743,pobre,basal,6,625.0,630.5,1.0,40.0,10,58,4871,1,1.0
97,1.0,1.0,1.665,1.0,0.0,9,132.1117805208397,164.3844062152743,pobre,basal,6,625.0,630.5,1.0,40.0,6,58,4872,0,1.0
98,1.0,1.0,1.665,1.0,1.0,9,132.1117805208397,164.3844062152743,pobre,basal,6,625.0,630.5,1.0,40.0,7,58,4872,0,1.0
97,1.0,1.0,1.665,1.0,3.0,3,132.1117805208397,164.3844062152743,no pobre,basal,1,625.0,817.0,1.0,46.0,13,58,4873,3,1.0
98,1.0,1.0,1.665,1.0,4.0,3,132.1117805208397,164.3844062152743,no pobre,basal,1,625.0,817.0,1.0,46.0,14,58,4873,3,1.0
97,0.0,1.0,1.665,0.0,4.0,8,132.1117805208397,164.3844062152743,pobre,basal,0,0.0,771.66998,1.0,43.0,15,58,4874,4,0.0
98,0.0,1.0,1.665,,,8,132.1117805208397,164.3844062152743,pobre,basal,0,0.0,771.66998,1.0,43.0,16,58,4874,4,0.0
97,1.0,1.0,1.665,1.0,4.0,8,132.1117805208397,164.3844062152743,pobre,basal,0,0.0,771.66998,1.0,43.0,13,58,4875,4,1.0
98,1.0,1.0,1.665,,,8,132.1117805208397,164.3844062152743,pobre,basal,0,0.0,771.66998,1.0,43.0,14,58,4875,4,1.0
97,1.0,1.0,1.665,1.0,2.0,8,132.1117805208397,164.3844062152743,pobre,basal,0,0.0,771.66998,1.0,43.0,12,58,4876,2,1.0
98,1.0,1.0,1.665,,,8,132.1117805208397,164.3844062152743,pobre,basal,0,0.0,771.66998,1.0,43.0,13,58,4876,2,1.0
97,1.0,1.0,1.665,1.0,7.0,6,132.1117805208397,164.3844062152743,pobre,basal,4,0.0,666.0,1.0,40.0,14,58,4877,7,1.0
98,1.0,1.0,1.665,1.0,8.0,6,132.1117805208397,164.3844062152743,pobre,basal,4,0.0,666.0,1.0,40.0,15,58,4877,7,1.0
97,1.0,1.0,1.665,1.0,4.0,6,132.1117805208397,164.3844062152743,pobre,basal,4,0.0,666.0,1.0,40.0,12,58,4878,4,1.0
98,1.0,1.0,1.665,1.0,5.0,6,132.1117805208397,164.3844062152743,pobre,basal,4,0.0,666.0,1.0,40.0,13,58,4878,4,1.0
97,1.0,1.0,1.665,1.0,1.0,6,132.1117805208397,164.3844062152743,pobre,basal,4,0.0,666.0,1.0,40.0,8,58,4879,1,1.0
98,1.0,1.0,1.665,1.0,2.0,6,132.1117805208397,164.3844062152743,pobre,basal,4,0.0,666.0,1.0,40.0,9,58,4879,1,1.0
97,0.0,1.0,1.665,0.0,5.0,10,132.1117805208397,164.3844062152743,pobre,basal,0,720.0,672.5,1.0,45.0,16,58,4880,5,0.0
98,0.0,1.0,1.665,,,10,132.1117805208397,164.3844062152743,pobre,basal,0,720.0,672.5,1.0,45.0,17,58,4880,5,0.0
97,1.0,1.0,1.665,0.0,6.0,10,132.1117805208397,164.3844062152743,pobre,basal,0,720.0,672.5,1.0,45.0,14,58,4881,6,0.0
98,1.0,1.0,1.665,0.0,6.0,10,132.1117805208397,164.3844062152743,pobre,basal,0,720.0,672.5,1.0,45.0,15,58,4881,6,0.0
97,1.0,1.0,1.665,1.0,0.0,10,132.1117805208397,164.3844062152743,pobre,basal,0,720.0,672.5,1.0,45.0,6,58,4882,0,1.0
98,1.0,1.0,1.665,1.0,1.0,10,132.1117805208397,164.3844062152743,pobre,basal,0,720.0,672.5,1.0,45.0,7,58,4882,0,1.0
97,0.0,1.0,1.665,0.0,3.0,8,132.1117805208397,164.3844062152743,pobre,basal,2,0.0,597.0,1.0,40.0,14,58,4883,3,0.0
98,0.0,1.0,1.665,0.0,3.0,8,132.1117805208397,164.3844062152743,pobre,basal,2,0.0,597.0,1.0,40.0,15,58,4883,3,0.0
97,0.0,1.0,1.665,,0.0,8,132.1117805208397,164.3844062152743,pobre,basal,2,0.0,597.0,1.0,40.0,11,58,4884,0,
98,0.0,1.0,1.665,1.0,7.0,8,132.1117805208397,164.3844062152743,pobre,basal,2,0.0,597.0,1.0,40.0,12,58,4884,0,
97,0.0,1.0,1.665,1.0,2.0,8,132.1117805208397,164.3844062152743,pobre,basal,2,0.0,597.0,1.0,40.0,7,58,4885,2,1.0
98,0.0,1.0,1.665,1.0,2.0,8,132.1117805208397,164.3844062152743,pobre,basal,2,0.0,597.0,1.0,40.0,8,58,4885,2,1.0
97,0.0,1.0,1.665,1.0,2.0,6,132.1117805208397,164.3844062152743,pobre,basal,4,0.0,588.0,1.0,32.0,11,58,4886,2,1.0
98,0.0,1.0,1.665,1.0,3.0,6,132.1117805208397,164.3844062152743,pobre,basal,4,0.0,588.0,1.0,32.0,12,58,4886,2,1.0
97,1.0,1.0,1.665,1.0,0.0,6,132.1117805208397,164.3844062152743,pobre,basal,4,0.0,588.0,1.0,32.0,8,58,4887,0,1.0
98,1.0,1.0,1.665,1.0,1.0,6,132.1117805208397,164.3844062152743,pobre,basal,4,0.0,588.0,1.0,32.0,9,58,4887,0,1.0
97,0.0,1.0,1.665,1.0,0.0,6,132.1117805208397,164.3844062152743,pobre,basal,4,0.0,588.0,1.0,32.0,6,58,4888,0,1.0
98,0.0,1.0,1.665,1.0,0.0,6,132.1117805208397,164.3844062152743,pobre,basal,4,0.0,588.0,1.0,32.0,7,58,4888,0,1.0
97,0.0,1.0,1.665,1.0,5.0,9,132.1117805208397,164.3844062152743,pobre,basal,3,0.0,713.5,1.0,40.0,13,58,4889,5,1.0
98,0.0,1.0,1.665,1.0,6.0,9,132.1117805208397,164.3844062152743,pobre,basal,3,0.0,713.5,1.0,40.0,14,58,4889,5,1.0
97,0.0,1.0,1.665,1.0,2.0,9,132.1117805208397,164.3844062152743,pobre,basal,3,0.0,713.5,1.0,40.0,9,58,4890,2,1.0
98,0.0,1.0,1.665,1.0,3.0,9,132.1117805208397,164.3844062152743,pobre,basal,3,0.0,713.5,1.0,40.0,10,58,4890,2,1.0
97,1.0,1.0,1.665,1.0,5.0,7,132.1117805208397,164.3844062152743,pobre,basal,3,750.0,786.5,1.0,42.0,13,58,4891,5,1.0
98,1.0,1.0,1.665,0.0,6.0,7,132.1117805208397,164.3844062152743,pobre,basal,3,750.0,786.5,1.0,42.0,14,58,4891,5,1.0
97,1.0,1.0,1.665,1.0,3.0,7,132.1117805208397,164.3844062152743,pobre,basal,3,750.0,786.5,1.0,42.0,9,58,4892,3,1.0
98,1.0,1.0,1.665,1.0,4.0,7,132.1117805208397,164.3844062152743,pobre,basal,3,750.0,786.5,1.0,42.0,10,58,4892,3,1.0
97,1.0,1.0,1.665,1.0,3.0,6,132.1117805208397,164.3844062152743,pobre,basal,2,0.0,768.0,1.0,32.0,10,58,4893,3,1.0
98,1.0,1.0,1.665,1.0,4.0,6,132.1117805208397,164.3844062152743,pobre,basal,2,0.0,768.0,1.0,32.0,11,58,4893,3,1.0
97,1.0,1.0,1.665,1.0,5.0,5,132.1117805208397,164.3844062152743,no pobre,basal,0,0.0,839.66998,0.0,60.0,13,58,4894,5,1.0
98,1.0,1.0,1.665,1.0,6.0,5,132.1117805208397,164.3844062152743,no pobre,basal,0,0.0,839.66998,0.0,60.0,14,58,4894,5,1.0
97,1.0,1.0,1.665,1.0,8.0,5,132.1117805208397,164.3844062152743,pobre,basal,3,0.0,666.14001,1.0,40.0,16,58,4895,8,1.0
98,1.0,1.0,1.665,0.0,9.0,5,132.1117805208397,164.3844062152743,pobre,basal,3,0.0,666.14001,1.0,40.0,17,58,4895,8,1.0
97,0.0,1.0,1.665,,0.0,5,132.1117805208397,164.3844062152743,pobre,basal,3,0.0,666.14001,1.0,40.0,13,58,4896,0,
98,0.0,1.0,1.665,,,5,132.1117805208397,164.3844062152743,pobre,basal,3,0.0,666.14001,1.0,40.0,14,58,4896,0,
97,0.0,1.0,1.665,,0.0,5,132.1117805208397,164.3844062152743,pobre,basal,3,0.0,666.14001,1.0,40.0,6,58,4897,0,
98,0.0,1.0,1.665,1.0,0.0,5,132.1117805208397,164.3844062152743,pobre,basal,3,0.0,666.14001,1.0,40.0,7,58,4897,0,
97,1.0,1.0,1.665,0.0,6.0,13,132.1117805208397,164.3844062152743,pobre,basal,0,500.0,737.0,1.0,43.0,16,58,4898,6,0.0
98,1.0,1.0,1.665,,,13,132.1117805208397,164.3844062152743,pobre,basal,0,500.0,737.0,1.0,43.0,17,58,4898,6,0.0
97,0.0,1.0,1.665,1.0,5.0,13,132.1117805208397,164.3844062152743,pobre,basal,0,500.0,737.0,1.0,43.0,14,58,4899,5,1.0
98,0.0,1.0,1.665,1.0,6.0,13,132.1117805208397,164.3844062152743,pobre,basal,0,500.0,737.0,1.0,43.0,15,58,4899,5,1.0
97,0.0,1.0,1.665,1.0,5.0,13,132.1117805208397,164.3844062152743,pobre,basal,0,500.0,737.0,1.0,43.0,11,58,4900,5,1.0
98,0.0,1.0,1.665,1.0,6.0,13,132.1117805208397,164.3844062152743,pobre,basal,0,500.0,737.0,1.0,43.0,12,58,4900,5,1.0
97,0.0,1.0,1.665,1.0,2.0,13,132.1117805208397,164.3844062152743,pobre,basal,0,500.0,737.0,1.0,43.0,9,58,4901,2,1.0
98,0.0,1.0,1.665,1.0,3.0,13,132.1117805208397,164.3844062152743,pobre,basal,0,500.0,737.0,1.0,43.0,10,58,4901,2,1.0
97,1.0,1.0,1.665,1.0,0.0,13,132.1117805208397,164.3844062152743,pobre,basal,0,500.0,737.0,1.0,43.0,6,58,4902,0,1.0
98,1.0,1.0,1.665,1.0,2.0,13,132.1117805208397,164.3844062152743,pobre,basal,0,500.0,737.0,1.0,43.0,7,58,4902,0,1.0
97,0.0,1.0,1.665,,0.0,13,132.1117805208397,164.3844062152743,pobre,basal,0,500.0,737.0,1.0,43.0,16,58,4903,0,
98,0.0,1.0,1.665,,,13,132.1117805208397,164.3844062152743,pobre,basal,0,500.0,737.0,1.0,43.0,17,58,4903,0,
97,0.0,1.0,5.2389998,,0.0,5,124.3079531741017,144.0795067328693,pobre,basal,3,400.0,659.0,1.0,26.0,6,90,4904,0,
98,0.0,1.0,5.2389998,1.0,1.0,5,124.3079531741017,144.0795067328693,pobre,basal,3,400.0,659.0,1.0,26.0,7,90,4904,0,
97,0.0,1.0,5.2389998,1.0,3.0,5,124.3079531741017,144.0795067328693,pobre,basal,3,0.0,562.0,1.0,28.0,9,90,4905,3,1.0
98,0.0,1.0,5.2389998,1.0,3.0,5,124.3079531741017,144.0795067328693,pobre,basal,3,0.0,562.0,1.0,28.0,10,90,4905,3,1.0
97,1.0,1.0,5.2389998,1.0,1.0,5,124.3079531741017,144.0795067328693,pobre,basal,3,0.0,562.0,1.0,28.0,7,90,4906,1,1.0
98,1.0,1.0,5.2389998,1.0,2.0,5,124.3079531741017,144.0795067328693,pobre,basal,3,0.0,562.0,1.0,28.0,8,90,4906,1,1.0
97,0.0,1.0,5.2389998,,0.0,9,124.3079531741017,144.0795067328693,pobre,basal,1,500.0,645.79999,1.0,31.0,16,90,4907,0,
98,0.0,1.0,5.2389998,,,9,124.3079531741017,144.0795067328693,pobre,basal,1,500.0,645.79999,1.0,31.0,17,90,4907,0,
97,1.0,1.0,5.2389998,1.0,5.0,9,124.3079531741017,144.0795067328693,pobre,basal,1,500.0,645.79999,1.0,31.0,13,90,4908,5,1.0
98,1.0,1.0,5.2389998,1.0,6.0,9,124.3079531741017,144.0795067328693,pobre,basal,1,500.0,645.79999,1.0,31.0,14,90,4908,5,1.0
97,1.0,1.0,5.2389998,1.0,0.0,9,124.3079531741017,144.0795067328693,pobre,basal,1,500.0,645.79999,1.0,31.0,7,90,4909,0,1.0
98,1.0,1.0,5.2389998,1.0,1.0,9,124.3079531741017,144.0795067328693,pobre,basal,1,500.0,645.79999,1.0,31.0,8,90,4909,0,1.0
97,0.0,1.0,5.2389998,1.0,0.0,9,124.3079531741017,144.0795067328693,pobre,basal,1,500.0,645.79999,1.0,31.0,6,90,4910,0,1.0
98,0.0,1.0,5.2389998,1.0,1.0,9,124.3079531741017,144.0795067328693,pobre,basal,1,500.0,645.79999,1.0,31.0,7,90,4910,0,1.0
97,0.0,0.0,5.2389998,0.0,4.0,10,124.3079531741017,144.0795067328693,pobre,basal,3,400.0,831.33002,1.0,42.0,16,90,4911,4,0.0
98,0.0,0.0,5.2389998,0.0,0.0,10,124.3079531741017,144.0795067328693,pobre,basal,3,400.0,831.33002,1.0,42.0,17,90,4911,4,0.0
97,0.0,0.0,5.2389998,1.0,4.0,10,124.3079531741017,144.0795067328693,pobre,basal,3,400.0,831.33002,1.0,42.0,12,90,4912,4,1.0
98,0.0,0.0,5.2389998,1.0,0.0,10,124.3079531741017,144.0795067328693,pobre,basal,3,400.0,831.33002,1.0,42.0,13,90,4912,4,1.0
97,1.0,0.0,5.2389998,1.0,3.0,10,124.3079531741017,144.0795067328693,pobre,basal,3,400.0,831.33002,1.0,42.0,8,90,4913,3,1.0
98,1.0,0.0,5.2389998,1.0,0.0,10,124.3079531741017,144.0795067328693,pobre,basal,3,400.0,831.33002,1.0,42.0,9,90,4913,3,1.0
97,0.0,1.0,5.2389998,,0.0,12,124.3079531741017,144.0795067328693,pobre,basal,0,480.0,671.0,1.0,20.0,15,90,4914,0,
98,0.0,1.0,5.2389998,,,12,124.3079531741017,144.0795067328693,pobre,basal,0,480.0,671.0,1.0,20.0,16,90,4914,0,
97,0.0,1.0,5.2389998,,0.0,12,124.3079531741017,144.0795067328693,pobre,basal,0,480.0,671.0,1.0,20.0,8,90,4915,0,
98,0.0,1.0,5.2389998,1.0,1.0,12,124.3079531741017,144.0795067328693,pobre,basal,0,480.0,671.0,1.0,20.0,9,90,4915,0,
97,1.0,1.0,5.2389998,0.0,6.0,6,124.3079531741017,144.0795067328693,pobre,basal,1,500.0,644.0,1.0,45.0,16,90,4916,6,0.0
98,1.0,1.0,5.2389998,0.0,6.0,6,124.3079531741017,144.0795067328693,pobre,basal,1,500.0,644.0,1.0,45.0,17,90,4916,6,0.0
97,0.0,1.0,5.2389998,0.0,6.0,6,124.3079531741017,144.0795067328693,pobre,basal,1,500.0,644.0,1.0,45.0,12,90,4917,6,0.0
98,0.0,1.0,5.2389998,1.0,6.0,6,124.3079531741017,144.0795067328693,pobre,basal,1,500.0,644.0,1.0,45.0,13,90,4917,6,0.0
97,0.0,1.0,5.2389998,1.0,0.0,6,124.3079531741017,144.0795067328693,pobre,basal,1,500.0,644.0,1.0,45.0,7,90,4918,0,1.0
98,0.0,1.0,5.2389998,1.0,1.0,6,124.3079531741017,144.0795067328693,pobre,basal,1,500.0,644.0,1.0,45.0,8,90,4918,0,1.0
97,1.0,1.0,5.2389998,0.0,4.0,16,124.3079531741017,144.0795067328693,pobre,basal,0,500.0,572.66998,1.0,47.0,15,90,4919,4,0.0
98,1.0,1.0,5.2389998,0.0,4.0,16,124.3079531741017,144.0795067328693,pobre,basal,0,500.0,572.66998,1.0,47.0,16,90,4919,4,0.0
97,1.0,1.0,5.2389998,0.0,6.0,16,124.3079531741017,144.0795067328693,pobre,basal,0,500.0,572.66998,1.0,47.0,12,90,4920,6,0.0
98,1.0,1.0,5.2389998,0.0,6.0,16,124.3079531741017,144.0795067328693,pobre,basal,0,500.0,572.66998,1.0,47.0,13,90,4920,6,0.0
97,1.0,1.0,5.2389998,1.0,5.0,16,124.3079531741017,144.0795067328693,pobre,basal,0,500.0,572.66998,1.0,47.0,11,90,4921,5,1.0
98,1.0,1.0,5.2389998,0.0,6.0,16,124.3079531741017,144.0795067328693,pobre,basal,0,500.0,572.66998,1.0,47.0,12,90,4921,5,1.0
97,1.0,1.0,5.2389998,,0.0,16,124.3079531741017,144.0795067328693,pobre,basal,0,500.0,572.66998,1.0,47.0,10,90,4922,0,
98,1.0,1.0,5.2389998,,,16,124.3079531741017,144.0795067328693,pobre,basal,0,500.0,572.66998,1.0,47.0,11,90,4922,0,
97,1.0,1.0,5.2389998,1.0,2.0,16,124.3079531741017,144.0795067328693,pobre,basal,0,500.0,572.66998,1.0,47.0,8,90,4923,2,1.0
98,1.0,1.0,5.2389998,1.0,3.0,16,124.3079531741017,144.0795067328693,pobre,basal,0,500.0,572.66998,1.0,47.0,9,90,4923,2,1.0
97,0.0,1.0,5.2389998,0.0,6.0,6,124.3079531741017,144.0795067328693,pobre,basal,0,500.0,670.0,1.0,49.0,15,90,4924,6,0.0
98,0.0,1.0,5.2389998,0.0,6.0,6,124.3079531741017,144.0795067328693,pobre,basal,0,500.0,670.0,1.0,49.0,16,90,4924,6,0.0
97,1.0,1.0,5.2389998,0.0,6.0,6,124.3079531741017,144.0795067328693,pobre,basal,0,500.0,670.0,1.0,49.0,14,90,4925,6,0.0
98,1.0,1.0,5.2389998,0.0,6.0,6,124.3079531741017,144.0795067328693,pobre,basal,0,500.0,670.0,1.0,49.0,15,90,4925,6,0.0
97,0.0,1.0,5.2389998,1.0,4.0,6,124.3079531741017,144.0795067328693,pobre,basal,0,500.0,670.0,1.0,49.0,9,90,4926,4,1.0
98,0.0,1.0,5.2389998,1.0,5.0,6,124.3079531741017,144.0795067328693,pobre,basal,0,500.0,670.0,1.0,49.0,10,90,4926,4,1.0
97,0.0,1.0,5.2389998,1.0,0.0,6,124.3079531741017,144.0795067328693,pobre,basal,0,500.0,670.0,1.0,49.0,6,90,4927,0,1.0
98,0.0,1.0,5.2389998,1.0,2.0,6,124.3079531741017,144.0795067328693,pobre,basal,0,500.0,670.0,1.0,49.0,7,90,4927,0,1.0
97,0.0,0.0,5.2389998,1.0,7.0,13,124.3079531741017,144.0795067328693,pobre,basal,3,800.0,652.33002,1.0,28.0,14,90,4928,7,1.0
98,0.0,0.0,5.2389998,,,13,124.3079531741017,144.0795067328693,pobre,basal,3,800.0,652.33002,1.0,28.0,15,90,4928,7,1.0
97,0.0,1.0,5.2389998,1.0,4.0,13,124.3079531741017,144.0795067328693,pobre,basal,3,800.0,652.33002,1.0,28.0,10,90,4929,4,1.0
98,0.0,1.0,5.2389998,1.0,5.0,13,124.3079531741017,144.0795067328693,pobre,basal,3,800.0,652.33002,1.0,28.0,11,90,4929,4,1.0
97,0.0,1.0,5.2389998,1.0,0.0,13,124.3079531741017,144.0795067328693,pobre,basal,3,800.0,652.33002,1.0,28.0,7,90,4930,0,1.0
98,0.0,1.0,5.2389998,,,13,124.3079531741017,144.0795067328693,pobre,basal,3,800.0,652.33002,1.0,28.0,8,90,4930,0,1.0
97,0.0,1.0,5.2389998,1.0,1.0,5,124.3079531741017,144.0795067328693,pobre,basal,7,500.0,588.0,1.0,26.0,7,90,4931,1,1.0
98,0.0,1.0,5.2389998,1.0,2.0,5,124.3079531741017,144.0795067328693,pobre,basal,7,500.0,588.0,1.0,26.0,8,90,4931,1,1.0
97,1.0,1.0,5.2389998,0.0,6.0,12,124.3079531741017,144.0795067328693,pobre,basal,3,480.0,651.0,1.0,36.0,13,90,4932,6,0.0
98,1.0,1.0,5.2389998,0.0,6.0,12,124.3079531741017,144.0795067328693,pobre,basal,3,480.0,651.0,1.0,36.0,14,90,4932,6,0.0
97,0.0,1.0,5.2389998,1.0,5.0,12,124.3079531741017,144.0795067328693,pobre,basal,3,480.0,651.0,1.0,36.0,12,90,4933,5,1.0
98,0.0,1.0,5.2389998,0.0,6.0,12,124.3079531741017,144.0795067328693,pobre,basal,3,480.0,651.0,1.0,36.0,13,90,4933,5,1.0
97,0.0,1.0,5.2389998,1.0,4.0,12,124.3079531741017,144.0795067328693,pobre,basal,3,480.0,651.0,1.0,36.0,11,90,4934,4,1.0
98,0.0,1.0,5.2389998,1.0,5.0,12,124.3079531741017,144.0795067328693,pobre,basal,3,480.0,651.0,1.0,36.0,12,90,4934,4,1.0
97,0.0,0.0,5.2389998,1.0,2.0,12,124.3079531741017,144.0795067328693,pobre,basal,3,480.0,651.0,1.0,36.0,10,90,4935,2,1.0
98,0.0,0.0,5.2389998,1.0,3.0,12,124.3079531741017,144.0795067328693,pobre,basal,3,480.0,651.0,1.0,36.0,11,90,4935,2,1.0
97,1.0,0.0,5.2389998,1.0,1.0,12,124.3079531741017,144.0795067328693,pobre,basal,3,480.0,651.0,1.0,36.0,8,90,4936,1,1.0
98,1.0,0.0,5.2389998,1.0,2.0,12,124.3079531741017,144.0795067328693,pobre,basal,3,480.0,651.0,1.0,36.0,9,90,4936,1,1.0
97,0.0,0.0,5.2389998,1.0,1.0,12,124.3079531741017,144.0795067328693,pobre,basal,3,480.0,651.0,1.0,36.0,7,90,4937,1,1.0
98,0.0,0.0,5.2389998,1.0,2.0,12,124.3079531741017,144.0795067328693,pobre,basal,3,480.0,651.0,1.0,36.0,8,90,4937,1,1.0
97,1.0,1.0,5.2389998,1.0,8.0,4,124.3079531741017,144.0795067328693,no pobre,basal,2,0.0,842.33002,0.0,49.0,16,90,4938,8,1.0
98,1.0,1.0,5.2389998,,,4,124.3079531741017,144.0795067328693,no pobre,basal,2,0.0,842.33002,0.0,49.0,17,90,4938,8,1.0
97,1.0,0.0,2.7709999,1.0,3.0,4,162.3551720465836,177.3929067697574,pobre,basal,0,500.0,721.0,1.0,51.0,12,41,4939,3,1.0
98,1.0,0.0,2.7709999,1.0,4.0,4,162.3551720465836,177.3929067697574,pobre,basal,0,500.0,721.0,1.0,51.0,13,41,4939,3,1.0
97,1.0,0.0,2.7709999,1.0,3.0,4,162.3551720465836,177.3929067697574,pobre,basal,0,500.0,721.0,1.0,51.0,9,41,4940,3,1.0
98,1.0,0.0,2.7709999,1.0,4.0,4,162.3551720465836,177.3929067697574,pobre,basal,0,500.0,721.0,1.0,51.0,10,41,4940,3,1.0
97,0.0,0.0,2.7709999,1.0,6.0,4,162.3551720465836,177.3929067697574,pobre,basal,4,0.0,725.0,0.0,37.0,12,41,4941,6,1.0
98,0.0,0.0,2.7709999,1.0,7.0,4,162.3551720465836,177.3929067697574,pobre,basal,4,0.0,725.0,0.0,37.0,13,41,4941,6,1.0
97,1.0,0.0,2.7709999,1.0,1.0,4,162.3551720465836,177.3929067697574,pobre,basal,4,0.0,725.0,0.0,37.0,7,41,4942,1,1.0
98,1.0,0.0,2.7709999,1.0,2.0,4,162.3551720465836,177.3929067697574,pobre,basal,4,0.0,725.0,0.0,37.0,8,41,4942,1,1.0
97,1.0,0.0,2.7709999,1.0,4.0,6,162.3551720465836,177.3929067697574,pobre,basal,6,500.0,602.0,1.0,32.0,10,41,4943,4,1.0
98,1.0,0.0,2.7709999,1.0,5.0,6,162.3551720465836,177.3929067697574,pobre,basal,6,500.0,602.0,1.0,32.0,11,41,4943,4,1.0
97,0.0,0.0,2.7709999,1.0,3.0,6,162.3551720465836,177.3929067697574,pobre,basal,6,500.0,602.0,1.0,32.0,9,41,4944,3,1.0
98,0.0,0.0,2.7709999,1.0,4.0,6,162.3551720465836,177.3929067697574,pobre,basal,6,500.0,602.0,1.0,32.0,10,41,4944,3,1.0
97,0.0,0.0,2.7709999,1.0,2.0,6,162.3551720465836,177.3929067697574,pobre,basal,6,500.0,602.0,1.0,32.0,8,41,4945,2,1.0
98,0.0,0.0,2.7709999,1.0,3.0,6,162.3551720465836,177.3929067697574,pobre,basal,6,500.0,602.0,1.0,32.0,9,41,4945,2,1.0
97,1.0,0.0,4.0159998,1.0,5.0,7,81.91323277287741,81.91323277287741,pobre,basal,2,1250.0,802.46002,1.0,44.0,14,337,4946,5,1.0
98,1.0,0.0,4.0159998,0.0,6.0,7,81.91323277287741,81.91323277287741,pobre,basal,2,1250.0,802.46002,1.0,44.0,15,337,4946,5,1.0
97,1.0,0.0,4.0159998,1.0,4.0,7,81.91323277287741,81.91323277287741,pobre,basal,2,1250.0,802.46002,1.0,44.0,12,337,4947,4,1.0
98,1.0,0.0,4.0159998,1.0,5.0,7,81.91323277287741,81.91323277287741,pobre,basal,2,1250.0,802.46002,1.0,44.0,13,337,4947,4,1.0
97,1.0,0.0,4.0159998,1.0,4.0,7,81.91323277287741,81.91323277287741,pobre,basal,2,1250.0,802.46002,1.0,44.0,11,337,4948,4,1.0
98,1.0,0.0,4.0159998,1.0,5.0,7,81.91323277287741,81.91323277287741,pobre,basal,2,1250.0,802.46002,1.0,44.0,12,337,4948,4,1.0
97,1.0,0.0,4.0159998,1.0,6.0,5,81.91323277287741,81.91323277287741,no pobre,basal,9,750.0,827.5,1.0,32.0,13,337,4949,6,1.0
98,1.0,0.0,4.0159998,,,5,81.91323277287741,81.91323277287741,no pobre,basal,9,750.0,827.5,1.0,32.0,14,337,4949,6,1.0
97,0.0,0.0,4.0159998,0.0,4.0,4,81.91323277287741,81.91323277287741,pobre,basal,2,0.0,803.0,1.0,53.0,16,337,4950,4,0.0
98,0.0,0.0,4.0159998,,,4,81.91323277287741,81.91323277287741,pobre,basal,2,0.0,803.0,1.0,53.0,17,337,4950,4,0.0
97,1.0,0.0,4.0159998,0.0,2.0,4,81.91323277287741,81.91323277287741,pobre,basal,2,0.0,803.0,1.0,53.0,14,337,4951,2,0.0
98,1.0,0.0,4.0159998,0.0,4.0,4,81.91323277287741,81.91323277287741,pobre,basal,2,0.0,803.0,1.0,53.0,15,337,4951,2,0.0
97,1.0,0.0,0.0,1.0,7.0,6,159.1772310166844,179.2015546457081,pobre,basal,4,750.0,904.0,1.0,43.0,14,361,4952,7,1.0
98,1.0,0.0,0.0,1.0,8.0,6,159.1772310166844,179.2015546457081,pobre,basal,4,750.0,904.0,1.0,43.0,15,361,4952,7,1.0
97,1.0,0.0,0.0,1.0,4.0,6,159.1772310166844,179.2015546457081,pobre,basal,4,750.0,904.0,1.0,43.0,10,361,4953,4,1.0
98,1.0,0.0,0.0,1.0,5.0,6,159.1772310166844,179.2015546457081,pobre,basal,4,750.0,904.0,1.0,43.0,11,361,4953,4,1.0
97,0.0,0.0,0.0,1.0,5.0,6,147.8817569696666,179.6205427503714,no pobre,0,6,750.0,817.0,1.0,39.0,10,359,4954,5,1.0
98,0.0,0.0,0.0,1.0,6.0,6,147.8817569696666,179.6205427503714,no pobre,0,6,750.0,817.0,1.0,39.0,11,359,4954,5,1.0
97,1.0,0.0,0.0,1.0,9.0,5,147.8817569696666,179.6205427503714,no pobre,0,1,500.0,961.0,1.0,35.0,15,359,4955,9,1.0
98,1.0,0.0,0.0,,,5,147.8817569696666,179.6205427503714,no pobre,0,1,500.0,961.0,1.0,35.0,16,359,4955,9,1.0
97,1.0,0.0,0.0,1.0,7.0,5,147.8817569696666,179.6205427503714,no pobre,0,1,500.0,961.0,1.0,35.0,13,359,4956,7,1.0
98,1.0,0.0,0.0,1.0,7.0,5,147.8817569696666,179.6205427503714,no pobre,0,1,500.0,961.0,1.0,35.0,14,359,4956,7,1.0
97,1.0,0.0,0.0,1.0,4.0,5,147.8817569696666,179.6205427503714,no pobre,0,1,500.0,961.0,1.0,35.0,10,359,4957,4,1.0
98,1.0,0.0,0.0,1.0,5.0,5,147.8817569696666,179.6205427503714,no pobre,0,1,500.0,961.0,1.0,35.0,11,359,4957,4,1.0
97,0.0,0.0,0.0,1.0,9.0,6,159.1772310166844,179.2015546457081,no pobre,basal,3,625.0,1029.0,1.0,47.0,15,361,4958,9,1.0
98,0.0,0.0,0.0,1.0,8.0,6,159.1772310166844,179.2015546457081,no pobre,basal,3,625.0,1029.0,1.0,47.0,16,361,4958,9,1.0
97,0.0,0.0,2.221,1.0,5.0,9,151.8226943513047,175.2493005391392,pobre,basal,0,750.0,526.0,1.0,32.0,13,364,4959,5,1.0
98,0.0,0.0,2.221,1.0,6.0,9,151.8226943513047,175.2493005391392,pobre,basal,0,750.0,526.0,1.0,32.0,14,364,4959,5,1.0
97,1.0,0.0,2.221,1.0,4.0,9,151.8226943513047,175.2493005391392,pobre,basal,0,750.0,526.0,1.0,32.0,10,364,4960,4,1.0
98,1.0,0.0,2.221,1.0,5.0,9,151.8226943513047,175.2493005391392,pobre,basal,0,750.0,526.0,1.0,32.0,11,364,4960,4,1.0
97,0.0,0.0,2.221,1.0,3.0,9,151.8226943513047,175.2493005391392,pobre,basal,0,750.0,526.0,1.0,32.0,8,364,4961,3,1.0
98,0.0,0.0,2.221,1.0,4.0,9,151.8226943513047,175.2493005391392,pobre,basal,0,750.0,526.0,1.0,32.0,9,364,4961,3,1.0
97,0.0,0.0,2.221,1.0,1.0,9,151.8226943513047,175.2493005391392,pobre,basal,0,750.0,526.0,1.0,32.0,7,364,4962,1,1.0
98,0.0,0.0,2.221,1.0,2.0,9,151.8226943513047,175.2493005391392,pobre,basal,0,750.0,526.0,1.0,32.0,8,364,4962,1,1.0
97,1.0,0.0,2.221,0.0,8.0,8,151.8226943513047,175.2493005391392,pobre,basal,0,750.0,630.0,1.0,59.0,16,364,4963,8,0.0
98,1.0,0.0,2.221,,,8,151.8226943513047,175.2493005391392,pobre,basal,0,750.0,630.0,1.0,59.0,17,364,4963,8,0.0
97,0.0,0.0,2.221,1.0,5.0,8,151.8226943513047,175.2493005391392,pobre,basal,0,750.0,630.0,1.0,59.0,12,364,4964,5,1.0
98,0.0,0.0,2.221,1.0,6.0,8,151.8226943513047,175.2493005391392,pobre,basal,0,750.0,630.0,1.0,59.0,13,364,4964,5,1.0
97,1.0,0.0,2.221,1.0,3.0,8,151.8226943513047,175.2493005391392,pobre,basal,0,750.0,630.0,1.0,59.0,11,364,4965,3,1.0
98,1.0,0.0,2.221,1.0,2.0,8,151.8226943513047,175.2493005391392,pobre,basal,0,750.0,630.0,1.0,59.0,12,364,4965,3,1.0
97,0.0,0.0,2.221,1.0,2.0,8,151.8226943513047,175.2493005391392,pobre,basal,0,750.0,630.0,1.0,59.0,8,364,4966,2,1.0
98,0.0,0.0,2.221,1.0,3.0,8,151.8226943513047,175.2493005391392,pobre,basal,0,750.0,630.0,1.0,59.0,9,364,4966,2,1.0
97,1.0,0.0,2.148,1.0,8.0,5,125.1264437166422,141.4668534780548,pobre,basal,0,920.0,731.0,1.0,50.0,15,345,4967,8,1.0
98,1.0,0.0,2.148,0.0,6.0,5,125.1264437166422,141.4668534780548,pobre,basal,0,920.0,731.0,1.0,50.0,16,345,4967,8,1.0
97,1.0,0.0,2.148,0.0,6.0,5,125.1264437166422,141.4668534780548,pobre,basal,0,920.0,731.0,1.0,50.0,12,345,4968,6,0.0
98,1.0,0.0,2.148,0.0,6.0,5,125.1264437166422,141.4668534780548,pobre,basal,0,920.0,731.0,1.0,50.0,13,345,4968,6,0.0
97,0.0,0.0,2.148,0.0,6.0,5,125.1264437166422,141.4668534780548,pobre,basal,0,0.0,751.0,1.0,54.0,16,345,4969,6,0.0
98,0.0,0.0,2.148,,,5,125.1264437166422,141.4668534780548,pobre,basal,0,0.0,751.0,1.0,54.0,17,345,4969,6,0.0
97,0.0,0.0,2.148,0.0,6.0,5,125.1264437166422,141.4668534780548,pobre,basal,0,0.0,751.0,1.0,54.0,12,345,4970,6,0.0
98,0.0,0.0,2.148,0.0,6.0,5,125.1264437166422,141.4668534780548,pobre,basal,0,0.0,751.0,1.0,54.0,13,345,4970,6,0.0
97,1.0,0.0,2.148,1.0,7.0,8,125.1264437166422,141.4668534780548,no pobre,basal,2,2000.0,823.0,1.0,35.0,12,345,4971,7,1.0
98,1.0,0.0,2.148,1.0,8.0,8,125.1264437166422,141.4668534780548,no pobre,basal,2,2000.0,823.0,1.0,35.0,13,345,4971,7,1.0
97,1.0,0.0,2.148,1.0,4.0,8,125.1264437166422,141.4668534780548,no pobre,basal,2,2000.0,823.0,1.0,35.0,11,345,4972,4,1.0
98,1.0,0.0,2.148,1.0,5.0,8,125.1264437166422,141.4668534780548,no pobre,basal,2,2000.0,823.0,1.0,35.0,12,345,4972,4,1.0
97,1.0,0.0,2.148,1.0,2.0,8,125.1264437166422,141.4668534780548,no pobre,basal,2,2000.0,823.0,1.0,35.0,8,345,4973,2,1.0
98,1.0,0.0,2.148,1.0,3.0,8,125.1264437166422,141.4668534780548,no pobre,basal,2,2000.0,823.0,1.0,35.0,9,345,4973,2,1.0
97,1.0,0.0,2.148,1.0,1.0,8,125.1264437166422,141.4668534780548,no pobre,basal,2,2000.0,823.0,1.0,35.0,7,345,4974,1,1.0
98,1.0,0.0,2.148,1.0,2.0,8,125.1264437166422,141.4668534780548,no pobre,basal,2,2000.0,823.0,1.0,35.0,8,345,4974,1,1.0
97,1.0,0.0,2.148,0.0,6.0,9,125.1264437166422,141.4668534780548,no pobre,basal,1,66.666664,1010.0,1.0,55.0,16,345,4975,6,0.0
98,1.0,0.0,2.148,,,9,125.1264437166422,141.4668534780548,no pobre,basal,1,66.666664,1010.0,1.0,55.0,17,345,4975,6,0.0
97,1.0,0.0,2.148,0.0,6.0,9,125.1264437166422,141.4668534780548,no pobre,basal,1,66.666664,1010.0,1.0,55.0,14,345,4976,6,0.0
98,1.0,0.0,2.148,0.0,6.0,9,125.1264437166422,141.4668534780548,no pobre,basal,1,66.666664,1010.0,1.0,55.0,15,345,4976,6,0.0
97,1.0,0.0,2.148,1.0,5.0,9,125.1264437166422,141.4668534780548,no pobre,basal,1,66.666664,1010.0,1.0,55.0,12,345,4977,5,1.0
98,1.0,0.0,2.148,1.0,6.0,9,125.1264437166422,141.4668534780548,no pobre,basal,1,66.666664,1010.0,1.0,55.0,13,345,4977,5,1.0
97,0.0,0.0,2.148,1.0,3.0,9,125.1264437166422,141.4668534780548,no pobre,basal,1,66.666664,1010.0,1.0,55.0,10,345,4978,3,1.0
98,0.0,0.0,2.148,1.0,4.0,9,125.1264437166422,141.4668534780548,no pobre,basal,1,66.666664,1010.0,1.0,55.0,11,345,4978,3,1.0
97,0.0,0.0,2.148,1.0,1.0,9,125.1264437166422,141.4668534780548,no pobre,basal,1,66.666664,1010.0,1.0,55.0,8,345,4979,1,1.0
98,0.0,0.0,2.148,1.0,2.0,9,125.1264437166422,141.4668534780548,no pobre,basal,1,66.666664,1010.0,1.0,55.0,9,345,4979,1,1.0
97,0.0,0.0,2.148,1.0,4.0,10,125.1264437166422,141.4668534780548,no pobre,basal,2,750.0,1038.5,1.0,54.0,10,345,4980,4,1.0
98,0.0,0.0,2.148,1.0,5.0,10,125.1264437166422,141.4668534780548,no pobre,basal,2,750.0,1038.5,1.0,54.0,11,345,4980,4,1.0
97,0.0,0.0,2.148,0.0,6.0,4,125.1264437166422,141.4668534780548,pobre,basal,2,0.0,725.0,1.0,49.0,13,345,4981,6,0.0
98,0.0,0.0,2.148,1.0,6.0,4,125.1264437166422,141.4668534780548,pobre,basal,2,0.0,725.0,1.0,49.0,14,345,4981,6,0.0
97,0.0,0.0,2.148,1.0,2.0,4,125.1264437166422,141.4668534780548,pobre,basal,2,0.0,725.0,1.0,49.0,8,345,4982,2,1.0
98,0.0,0.0,2.148,1.0,3.0,4,125.1264437166422,141.4668534780548,pobre,basal,2,0.0,725.0,1.0,49.0,9,345,4982,2,1.0
97,0.0,0.0,2.148,0.0,5.0,8,125.1264437166422,141.4668534780548,pobre,basal,3,750.0,584.0,1.0,58.0,16,345,4983,5,0.0
98,0.0,0.0,2.148,,,8,125.1264437166422,141.4668534780548,pobre,basal,3,750.0,584.0,1.0,58.0,17,345,4983,5,0.0
97,1.0,0.0,2.148,0.0,6.0,8,125.1264437166422,141.4668534780548,pobre,basal,3,750.0,584.0,1.0,58.0,11,345,4984,6,0.0
98,1.0,0.0,2.148,0.0,6.0,8,125.1264437166422,141.4668534780548,pobre,basal,3,750.0,584.0,1.0,58.0,12,345,4984,6,0.0
97,1.0,0.0,0.0,0.0,8.0,10,31.71579500832655,31.71579500832655,no pobre,basal,3,0.0,899.0,1.0,46.0,16,375,4985,8,0.0
98,1.0,0.0,0.0,,,10,31.71579500832655,31.71579500832655,no pobre,basal,3,0.0,899.0,1.0,46.0,17,375,4985,8,0.0
97,0.0,0.0,0.0,1.0,5.0,10,31.71579500832655,31.71579500832655,no pobre,basal,3,0.0,899.0,1.0,46.0,13,375,4986,5,1.0
98,0.0,0.0,0.0,1.0,6.0,10,31.71579500832655,31.71579500832655,no pobre,basal,3,0.0,899.0,1.0,46.0,14,375,4986,5,1.0
97,0.0,0.0,0.0,1.0,5.0,10,31.71579500832655,31.71579500832655,no pobre,basal,3,0.0,899.0,1.0,46.0,11,375,4987,5,1.0
98,0.0,0.0,0.0,1.0,6.0,10,31.71579500832655,31.71579500832655,no pobre,basal,3,0.0,899.0,1.0,46.0,12,375,4987,5,1.0
97,1.0,0.0,0.0,1.0,3.0,10,31.71579500832655,31.71579500832655,no pobre,basal,3,0.0,899.0,1.0,46.0,9,375,4988,3,1.0
98,1.0,0.0,0.0,1.0,4.0,10,31.71579500832655,31.71579500832655,no pobre,basal,3,0.0,899.0,1.0,46.0,10,375,4988,3,1.0
97,1.0,0.0,0.0,1.0,0.0,10,31.71579500832655,31.71579500832655,no pobre,basal,3,0.0,899.0,1.0,46.0,6,375,4989,0,1.0
98,1.0,0.0,0.0,1.0,1.0,10,31.71579500832655,31.71579500832655,no pobre,basal,3,0.0,899.0,1.0,46.0,7,375,4989,0,1.0
97,1.0,0.0,0.0,0.0,6.0,5,159.1772310166844,179.2015546457081,pobre,basal,3,0.0,816.0,0.0,42.0,14,361,4990,6,0.0
98,1.0,0.0,0.0,0.0,6.0,5,159.1772310166844,179.2015546457081,pobre,basal,3,0.0,816.0,0.0,42.0,15,361,4990,6,0.0
97,0.0,0.0,0.0,1.0,3.0,5,159.1772310166844,179.2015546457081,pobre,basal,3,0.0,816.0,0.0,42.0,9,361,4991,3,1.0
98,0.0,0.0,0.0,1.0,4.0,5,159.1772310166844,179.2015546457081,pobre,basal,3,0.0,816.0,0.0,42.0,10,361,4991,3,1.0
97,1.0,0.0,0.0,1.0,4.0,7,159.1772310166844,179.2015546457081,pobre,basal,0,0.0,672.0,1.0,78.0,9,361,4992,4,1.0
98,1.0,0.0,0.0,1.0,5.0,7,159.1772310166844,179.2015546457081,pobre,basal,0,0.0,672.0,1.0,78.0,10,361,4992,4,1.0
97,1.0,0.0,0.0,1.0,0.0,7,159.1772310166844,179.2015546457081,pobre,basal,0,0.0,672.0,1.0,78.0,6,361,4993,0,1.0
98,1.0,0.0,0.0,1.0,1.0,7,159.1772310166844,179.2015546457081,pobre,basal,0,0.0,672.0,1.0,78.0,7,361,4993,0,1.0
97,0.0,0.0,0.0,0.0,6.0,6,159.1772310166844,179.2015546457081,pobre,basal,3,750.0,824.0,1.0,45.0,14,361,4994,6,0.0
98,0.0,0.0,0.0,0.0,6.0,6,159.1772310166844,179.2015546457081,pobre,basal,3,750.0,824.0,1.0,45.0,15,361,4994,6,0.0
97,1.0,0.0,0.0,1.0,6.0,6,159.1772310166844,179.2015546457081,pobre,basal,3,750.0,824.0,1.0,45.0,12,361,4995,6,1.0
98,1.0,0.0,0.0,1.0,7.0,6,159.1772310166844,179.2015546457081,pobre,basal,3,750.0,824.0,1.0,45.0,13,361,4995,6,1.0
97,0.0,0.0,0.0,0.0,6.0,7,159.1772310166844,179.2015546457081,no pobre,basal,3,750.0,1049.5,1.0,63.0,16,361,4996,6,0.0
98,0.0,0.0,0.0,,,7,159.1772310166844,179.2015546457081,no pobre,basal,3,750.0,1049.5,1.0,63.0,17,361,4996,6,0.0
97,1.0,0.0,0.0,0.0,8.0,7,159.1772310166844,179.2015546457081,no pobre,basal,3,750.0,1049.5,1.0,63.0,15,361,4997,8,0.0
98,1.0,0.0,0.0,0.0,9.0,7,159.1772310166844,179.2015546457081,no pobre,basal,3,750.0,1049.5,1.0,63.0,16,361,4997,8,0.0
97,1.0,0.0,0.0,1.0,8.0,7,159.1772310166844,179.2015546457081,no pobre,basal,3,750.0,1049.5,1.0,63.0,14,361,4998,8,1.0
98,1.0,0.0,0.0,1.0,8.0,7,159.1772310166844,179.2015546457081,no pobre,basal,3,750.0,1049.5,1.0,63.0,15,361,4998,8,1.0
97,1.0,0.0,0.0,1.0,5.0,7,159.1772310166844,179.2015546457081,no pobre,basal,3,750.0,1049.5,1.0,63.0,13,361,4999,5,1.0
98,1.0,0.0,0.0,1.0,6.0,7,159.1772310166844,179.2015546457081,no pobre,basal,3,750.0,1049.5,1.0,63.0,14,361,4999,5,1.0
97,0.0,0.0,0.0,0.0,9.0,9,159.1772310166844,179.2015546457081,no pobre,basal,3,750.0,839.0,1.0,43.0,15,361,5000,9,0.0
98,0.0,0.0,0.0,0.0,9.0,9,159.1772310166844,179.2015546457081,no pobre,basal,3,750.0,839.0,1.0,43.0,16,361,5000,9,0.0
97,1.0,0.0,0.0,1.0,8.0,9,159.1772310166844,179.2015546457081,no pobre,basal,3,750.0,839.0,1.0,43.0,14,361,5001,8,1.0
98,1.0,0.0,0.0,0.0,9.0,9,159.1772310166844,179.2015546457081,no pobre,basal,3,750.0,839.0,1.0,43.0,15,361,5001,8,1.0
97,1.0,0.0,0.0,1.0,5.0,9,159.1772310166844,179.2015546457081,no pobre,basal,3,750.0,839.0,1.0,43.0,12,361,5002,5,1.0
98,1.0,0.0,0.0,1.0,6.0,9,159.1772310166844,179.2015546457081,no pobre,basal,3,750.0,839.0,1.0,43.0,13,361,5002,5,1.0
97,1.0,0.0,0.0,1.0,4.0,9,159.1772310166844,179.2015546457081,no pobre,basal,3,750.0,839.0,1.0,43.0,9,361,5003,4,1.0
98,1.0,0.0,0.0,1.0,5.0,9,159.1772310166844,179.2015546457081,no pobre,basal,3,750.0,839.0,1.0,43.0,10,361,5003,4,1.0
97,1.0,0.0,0.0,1.0,1.0,9,159.1772310166844,179.2015546457081,no pobre,basal,3,750.0,839.0,1.0,43.0,7,361,5004,1,1.0
98,1.0,0.0,0.0,1.0,2.0,9,159.1772310166844,179.2015546457081,no pobre,basal,3,750.0,839.0,1.0,43.0,8,361,5004,1,1.0
97,0.0,0.0,0.0,1.0,2.0,4,159.1772310166844,179.2015546457081,pobre,basal,5,0.0,650.0,0.0,24.0,8,361,5005,2,1.0
98,0.0,0.0,0.0,1.0,3.0,4,159.1772310166844,179.2015546457081,pobre,basal,5,0.0,650.0,0.0,24.0,9,361,5005,2,1.0
97,1.0,0.0,0.0,0.0,6.0,5,159.1772310166844,179.2015546457081,no pobre,basal,3,750.0,847.5,1.0,39.0,15,361,5006,6,0.0
98,1.0,0.0,0.0,0.0,9.0,5,159.1772310166844,179.2015546457081,no pobre,basal,3,750.0,847.5,1.0,39.0,16,361,5006,6,0.0
97,0.0,0.0,0.0,1.0,7.0,5,159.1772310166844,179.2015546457081,no pobre,basal,3,750.0,847.5,1.0,39.0,12,361,5007,7,1.0
98,0.0,0.0,0.0,1.0,8.0,5,159.1772310166844,179.2015546457081,no pobre,basal,3,750.0,847.5,1.0,39.0,13,361,5007,7,1.0
97,0.0,0.0,0.0,1.0,4.0,5,159.1772310166844,179.2015546457081,no pobre,basal,3,750.0,847.5,1.0,39.0,10,361,5008,4,1.0
98,0.0,0.0,0.0,1.0,5.0,5,159.1772310166844,179.2015546457081,no pobre,basal,3,750.0,847.5,1.0,39.0,11,361,5008,4,1.0
97,0.0,0.0,0.0,1.0,1.0,5,159.1772310166844,179.2015546457081,pobre,basal,3,1000.0,851.0,1.0,33.0,6,361,5009,1,1.0
98,0.0,0.0,0.0,1.0,1.0,5,159.1772310166844,179.2015546457081,pobre,basal,3,1000.0,851.0,1.0,33.0,7,361,5009,1,1.0
97,1.0,0.0,0.0,0.0,6.0,5,159.1772310166844,179.2015546457081,pobre,basal,4,875.0,733.0,1.0,47.0,15,361,5010,6,0.0
98,1.0,0.0,0.0,0.0,6.0,5,159.1772310166844,179.2015546457081,pobre,basal,4,875.0,733.0,1.0,47.0,16,361,5010,6,0.0
97,1.0,0.0,0.0,0.0,4.0,5,159.1772310166844,179.2015546457081,pobre,basal,4,875.0,733.0,1.0,47.0,12,361,5011,4,0.0
98,1.0,0.0,0.0,1.0,4.0,5,159.1772310166844,179.2015546457081,pobre,basal,4,875.0,733.0,1.0,47.0,13,361,5011,4,0.0
97,0.0,0.0,0.0,0.0,6.0,4,159.1772310166844,179.2015546457081,no pobre,basal,0,625.0,966.0,1.0,58.0,16,361,5012,6,0.0
98,0.0,0.0,0.0,,,4,159.1772310166844,179.2015546457081,no pobre,basal,0,625.0,966.0,1.0,58.0,17,361,5012,6,0.0
97,0.0,0.0,0.0,1.0,7.0,10,159.1772310166844,179.2015546457081,no pobre,basal,0,750.0,775.0,1.0,56.0,14,361,5013,7,1.0
98,0.0,0.0,0.0,1.0,8.0,10,159.1772310166844,179.2015546457081,no pobre,basal,0,750.0,775.0,1.0,56.0,15,361,5013,7,1.0
97,0.0,0.0,0.0,1.0,6.0,10,159.1772310166844,179.2015546457081,no pobre,basal,0,750.0,775.0,1.0,56.0,13,361,5014,6,1.0
98,0.0,0.0,0.0,1.0,7.0,10,159.1772310166844,179.2015546457081,no pobre,basal,0,750.0,775.0,1.0,56.0,14,361,5014,6,1.0
97,0.0,0.0,0.0,0.0,6.0,10,159.1772310166844,179.2015546457081,no pobre,basal,0,750.0,775.0,1.0,56.0,12,361,5015,6,0.0
98,0.0,0.0,0.0,1.0,7.0,10,159.1772310166844,179.2015546457081,no pobre,basal,0,750.0,775.0,1.0,56.0,13,361,5015,6,0.0
97,0.0,0.0,0.0,1.0,2.0,10,159.1772310166844,179.2015546457081,no pobre,basal,0,750.0,775.0,1.0,56.0,8,361,5016,2,1.0
98,0.0,0.0,0.0,1.0,3.0,10,159.1772310166844,179.2015546457081,no pobre,basal,0,750.0,775.0,1.0,56.0,9,361,5016,2,1.0
97,1.0,0.0,0.0,1.0,0.0,10,159.1772310166844,179.2015546457081,no pobre,basal,0,750.0,775.0,1.0,56.0,6,361,5017,0,1.0
98,1.0,0.0,0.0,1.0,1.0,10,159.1772310166844,179.2015546457081,no pobre,basal,0,750.0,775.0,1.0,56.0,7,361,5017,0,1.0
97,0.0,0.0,0.0,0.0,6.0,9,159.1772310166844,179.2015546457081,pobre,basal,2,625.0,699.0,1.0,42.0,15,361,5018,6,0.0
98,0.0,0.0,0.0,0.0,6.0,9,159.1772310166844,179.2015546457081,pobre,basal,2,625.0,699.0,1.0,42.0,16,361,5018,6,0.0
97,1.0,0.0,0.0,0.0,6.0,9,159.1772310166844,179.2015546457081,pobre,basal,2,625.0,699.0,1.0,42.0,13,361,5019,6,0.0
98,1.0,0.0,0.0,0.0,6.0,9,159.1772310166844,179.2015546457081,pobre,basal,2,625.0,699.0,1.0,42.0,14,361,5019,6,0.0
97,1.0,0.0,0.0,1.0,3.0,9,159.1772310166844,179.2015546457081,pobre,basal,2,625.0,699.0,1.0,42.0,9,361,5020,3,1.0
98,1.0,0.0,0.0,1.0,4.0,9,159.1772310166844,179.2015546457081,pobre,basal,2,625.0,699.0,1.0,42.0,10,361,5020,3,1.0
97,0.0,0.0,0.0,1.0,2.0,9,159.1772310166844,179.2015546457081,pobre,basal,2,625.0,699.0,1.0,42.0,8,361,5021,2,1.0
98,0.0,0.0,0.0,1.0,3.0,9,159.1772310166844,179.2015546457081,pobre,basal,2,625.0,699.0,1.0,42.0,9,361,5021,2,1.0
97,0.0,0.0,0.0,1.0,1.0,9,159.1772310166844,179.2015546457081,pobre,basal,2,625.0,699.0,1.0,42.0,7,361,5022,1,1.0
98,0.0,0.0,0.0,1.0,2.0,9,159.1772310166844,179.2015546457081,pobre,basal,2,625.0,699.0,1.0,42.0,8,361,5022,1,1.0
97,1.0,0.0,0.0,1.0,8.0,6,159.1772310166844,179.2015546457081,no pobre,basal,1,0.0,931.0,1.0,66.0,14,361,5023,8,1.0
98,1.0,0.0,0.0,0.0,9.0,6,159.1772310166844,179.2015546457081,no pobre,basal,1,0.0,931.0,1.0,66.0,15,361,5023,8,1.0
97,0.0,0.0,0.0,1.0,5.0,6,159.1772310166844,179.2015546457081,no pobre,basal,1,0.0,931.0,1.0,66.0,12,361,5024,5,1.0
98,0.0,0.0,0.0,1.0,6.0,6,159.1772310166844,179.2015546457081,no pobre,basal,1,0.0,931.0,1.0,66.0,13,361,5024,5,1.0
97,0.0,0.0,0.0,1.0,4.0,6,159.1772310166844,179.2015546457081,no pobre,basal,1,0.0,931.0,1.0,66.0,10,361,5025,4,1.0
98,0.0,0.0,0.0,1.0,5.0,6,159.1772310166844,179.2015546457081,no pobre,basal,1,0.0,931.0,1.0,66.0,11,361,5025,4,1.0
97,0.0,0.0,0.0,1.0,1.0,6,159.1772310166844,179.2015546457081,no pobre,basal,1,0.0,931.0,1.0,66.0,7,361,5026,1,1.0
98,0.0,0.0,0.0,1.0,2.0,6,159.1772310166844,179.2015546457081,no pobre,basal,1,0.0,931.0,1.0,66.0,8,361,5026,1,1.0
97,1.0,0.0,0.0,1.0,4.0,3,159.1772310166844,179.2015546457081,no pobre,basal,3,0.0,1173.0,1.0,47.0,11,361,5027,4,1.0
98,1.0,0.0,0.0,1.0,5.0,3,159.1772310166844,179.2015546457081,no pobre,basal,3,0.0,1173.0,1.0,47.0,12,361,5027,4,1.0
97,0.0,0.0,2.221,1.0,6.0,10,151.8226943513047,175.2493005391392,no pobre,basal,3,166.66667,645.0,1.0,43.0,15,364,5028,6,1.0
98,0.0,0.0,2.221,1.0,7.0,10,151.8226943513047,175.2493005391392,no pobre,basal,3,166.66667,645.0,1.0,43.0,16,364,5028,6,1.0
97,0.0,0.0,2.221,1.0,5.0,10,151.8226943513047,175.2493005391392,no pobre,basal,3,166.66667,645.0,1.0,43.0,14,364,5029,5,1.0
98,0.0,0.0,2.221,1.0,6.0,10,151.8226943513047,175.2493005391392,no pobre,basal,3,166.66667,645.0,1.0,43.0,15,364,5029,5,1.0
97,0.0,0.0,2.221,1.0,6.0,10,151.8226943513047,175.2493005391392,no pobre,basal,3,166.66667,645.0,1.0,43.0,12,364,5030,6,1.0
98,0.0,0.0,2.221,1.0,7.0,10,151.8226943513047,175.2493005391392,no pobre,basal,3,166.66667,645.0,1.0,43.0,13,364,5030,6,1.0
97,0.0,0.0,2.221,1.0,5.0,10,151.8226943513047,175.2493005391392,no pobre,basal,3,166.66667,645.0,1.0,43.0,11,364,5031,5,1.0
98,0.0,0.0,2.221,1.0,6.0,10,151.8226943513047,175.2493005391392,no pobre,basal,3,166.66667,645.0,1.0,43.0,12,364,5031,5,1.0
97,0.0,0.0,2.221,1.0,2.0,10,151.8226943513047,175.2493005391392,no pobre,basal,3,166.66667,645.0,1.0,43.0,10,364,5032,2,1.0
98,0.0,0.0,2.221,1.0,3.0,10,151.8226943513047,175.2493005391392,no pobre,basal,3,166.66667,645.0,1.0,43.0,11,364,5032,2,1.0
97,0.0,0.0,2.221,1.0,1.0,10,151.8226943513047,175.2493005391392,no pobre,basal,3,166.66667,645.0,1.0,43.0,7,364,5033,1,1.0
98,0.0,0.0,2.221,1.0,1.0,10,151.8226943513047,175.2493005391392,no pobre,basal,3,166.66667,645.0,1.0,43.0,8,364,5033,1,1.0
97,1.0,0.0,2.221,0.0,9.0,7,151.8226943513047,175.2493005391392,no pobre,basal,3,750.0,718.0,1.0,35.0,14,364,5034,9,0.0
98,1.0,0.0,2.221,,,7,151.8226943513047,175.2493005391392,no pobre,basal,3,750.0,718.0,1.0,35.0,15,364,5034,9,0.0
97,1.0,0.0,2.221,1.0,4.0,7,151.8226943513047,175.2493005391392,no pobre,basal,3,750.0,718.0,1.0,35.0,10,364,5035,4,1.0
98,1.0,0.0,2.221,1.0,5.0,7,151.8226943513047,175.2493005391392,no pobre,basal,3,750.0,718.0,1.0,35.0,11,364,5035,4,1.0
97,0.0,0.0,2.221,1.0,2.0,7,151.8226943513047,175.2493005391392,no pobre,basal,3,750.0,718.0,1.0,35.0,8,364,5036,2,1.0
98,0.0,0.0,2.221,1.0,3.0,7,151.8226943513047,175.2493005391392,no pobre,basal,3,750.0,718.0,1.0,35.0,9,364,5036,2,1.0
97,0.0,0.0,2.221,1.0,0.0,7,151.8226943513047,175.2493005391392,no pobre,basal,3,750.0,718.0,1.0,35.0,7,364,5037,0,1.0
98,0.0,0.0,2.221,1.0,3.0,7,151.8226943513047,175.2493005391392,no pobre,basal,3,750.0,718.0,1.0,35.0,8,364,5037,0,1.0
97,1.0,0.0,0.0,1.0,4.0,9,159.1772310166844,179.2015546457081,no pobre,basal,0,0.0,848.5,0.0,65.0,12,361,5038,4,1.0
98,1.0,0.0,0.0,1.0,5.0,9,159.1772310166844,179.2015546457081,no pobre,basal,0,0.0,848.5,0.0,65.0,13,361,5038,4,1.0
97,0.0,0.0,0.0,1.0,3.0,9,159.1772310166844,179.2015546457081,no pobre,basal,0,0.0,848.5,0.0,65.0,10,361,5039,3,1.0
98,0.0,0.0,0.0,1.0,4.0,9,159.1772310166844,179.2015546457081,no pobre,basal,0,0.0,848.5,0.0,65.0,11,361,5039,3,1.0
97,0.0,0.0,0.0,1.0,2.0,9,159.1772310166844,179.2015546457081,no pobre,basal,0,0.0,848.5,0.0,65.0,9,361,5040,2,1.0
98,0.0,0.0,0.0,1.0,2.0,9,159.1772310166844,179.2015546457081,no pobre,basal,0,0.0,848.5,0.0,65.0,10,361,5040,2,1.0
97,0.0,0.0,0.0,1.0,8.0,5,159.1772310166844,179.2015546457081,no pobre,basal,3,2800.0,962.0,1.0,42.0,15,361,5041,8,1.0
98,0.0,0.0,0.0,1.0,8.0,5,159.1772310166844,179.2015546457081,no pobre,basal,3,2800.0,962.0,1.0,42.0,16,361,5041,8,1.0
97,1.0,0.0,0.0,1.0,7.0,5,159.1772310166844,179.2015546457081,no pobre,basal,3,2800.0,962.0,1.0,42.0,13,361,5042,7,1.0
98,1.0,0.0,0.0,1.0,8.0,5,159.1772310166844,179.2015546457081,no pobre,basal,3,2800.0,962.0,1.0,42.0,14,361,5042,7,1.0
97,0.0,0.0,0.0,1.0,5.0,5,159.1772310166844,179.2015546457081,no pobre,basal,3,2800.0,962.0,1.0,42.0,11,361,5043,5,1.0
98,0.0,0.0,0.0,1.0,5.0,5,159.1772310166844,179.2015546457081,no pobre,basal,3,2800.0,962.0,1.0,42.0,12,361,5043,5,1.0
97,0.0,0.0,0.0,1.0,7.0,7,159.1772310166844,179.2015546457081,pobre,basal,3,1600.0,871.0,1.0,45.0,13,361,5044,7,1.0
98,0.0,0.0,0.0,1.0,9.0,7,159.1772310166844,179.2015546457081,pobre,basal,3,1600.0,871.0,1.0,45.0,14,361,5044,7,1.0
97,0.0,0.0,0.0,1.0,5.0,7,159.1772310166844,179.2015546457081,pobre,basal,3,1600.0,871.0,1.0,45.0,10,361,5045,5,1.0
98,0.0,0.0,0.0,1.0,6.0,7,159.1772310166844,179.2015546457081,pobre,basal,3,1600.0,871.0,1.0,45.0,11,361,5045,5,1.0
97,0.0,0.0,0.0,1.0,9.0,7,159.1772310166844,179.2015546457081,pobre,basal,3,1600.0,871.0,1.0,45.0,15,361,5046,9,1.0
98,0.0,0.0,0.0,1.0,11.0,7,159.1772310166844,179.2015546457081,pobre,basal,3,1600.0,871.0,1.0,45.0,16,361,5046,9,1.0
97,1.0,0.0,0.0,1.0,1.0,7,159.1772310166844,179.2015546457081,pobre,basal,3,1600.0,871.0,1.0,45.0,7,361,5047,1,1.0
98,1.0,0.0,0.0,1.0,2.0,7,159.1772310166844,179.2015546457081,pobre,basal,3,1600.0,871.0,1.0,45.0,8,361,5047,1,1.0
97,1.0,0.0,0.0,1.0,2.0,8,159.1772310166844,179.2015546457081,no pobre,basal,6,83.333336,985.33002,1.0,49.0,15,361,5048,2,1.0
98,1.0,0.0,0.0,0.0,3.0,8,159.1772310166844,179.2015546457081,no pobre,basal,6,83.333336,985.33002,1.0,49.0,16,361,5048,2,1.0
97,1.0,0.0,0.0,1.0,8.0,8,159.1772310166844,179.2015546457081,no pobre,basal,6,83.333336,985.33002,1.0,49.0,14,361,5049,8,1.0
98,1.0,0.0,0.0,0.0,9.0,8,159.1772310166844,179.2015546457081,no pobre,basal,6,83.333336,985.33002,1.0,49.0,15,361,5049,8,1.0
97,0.0,0.0,0.0,1.0,6.0,8,159.1772310166844,179.2015546457081,no pobre,basal,6,83.333336,985.33002,1.0,49.0,12,361,5050,6,1.0
98,0.0,0.0,0.0,1.0,6.0,8,159.1772310166844,179.2015546457081,no pobre,basal,6,83.333336,985.33002,1.0,49.0,13,361,5050,6,1.0
97,0.0,0.0,0.0,1.0,4.0,8,159.1772310166844,179.2015546457081,no pobre,basal,6,83.333336,985.33002,1.0,49.0,10,361,5051,4,1.0
98,0.0,0.0,0.0,1.0,4.0,8,159.1772310166844,179.2015546457081,no pobre,basal,6,83.333336,985.33002,1.0,49.0,11,361,5051,4,1.0
97,0.0,0.0,0.0,,0.0,8,159.1772310166844,179.2015546457081,no pobre,basal,6,83.333336,985.33002,1.0,49.0,6,361,5052,0,
98,0.0,0.0,0.0,1.0,1.0,8,159.1772310166844,179.2015546457081,no pobre,basal,6,83.333336,985.33002,1.0,49.0,7,361,5052,0,
97,1.0,0.0,3.76,1.0,2.0,6,153.6393818242109,179.6701862219755,pobre,basal,0,625.0,635.0,1.0,66.0,8,362,5053,2,1.0
98,1.0,0.0,3.76,1.0,3.0,6,153.6393818242109,179.6701862219755,pobre,basal,0,625.0,635.0,1.0,66.0,9,362,5053,2,1.0
97,0.0,0.0,3.76,1.0,1.0,6,153.6393818242109,179.6701862219755,pobre,basal,0,625.0,635.0,1.0,66.0,7,362,5054,1,1.0
98,0.0,0.0,3.76,1.0,1.0,6,153.6393818242109,179.6701862219755,pobre,basal,0,625.0,635.0,1.0,66.0,8,362,5054,1,1.0
97,1.0,0.0,3.76,1.0,9.0,8,153.6393818242109,179.6701862219755,pobre,basal,3,750.0,745.0,1.0,44.0,15,362,5055,9,1.0
98,1.0,0.0,3.76,0.0,9.0,8,153.6393818242109,179.6701862219755,pobre,basal,3,750.0,745.0,1.0,44.0,16,362,5055,9,1.0
97,1.0,0.0,3.76,1.0,3.0,8,153.6393818242109,179.6701862219755,pobre,basal,3,750.0,745.0,1.0,44.0,12,362,5056,3,1.0
98,1.0,0.0,3.76,1.0,4.0,8,153.6393818242109,179.6701862219755,pobre,basal,3,750.0,745.0,1.0,44.0,13,362,5056,3,1.0
97,0.0,0.0,3.76,1.0,5.0,8,153.6393818242109,179.6701862219755,pobre,basal,3,750.0,745.0,1.0,44.0,11,362,5057,5,1.0
98,0.0,0.0,3.76,1.0,6.0,8,153.6393818242109,179.6701862219755,pobre,basal,3,750.0,745.0,1.0,44.0,12,362,5057,5,1.0
97,1.0,0.0,3.76,1.0,0.0,8,153.6393818242109,179.6701862219755,pobre,basal,3,750.0,745.0,1.0,44.0,6,362,5058,0,1.0
98,1.0,0.0,3.76,1.0,0.0,8,153.6393818242109,179.6701862219755,pobre,basal,3,750.0,745.0,1.0,44.0,7,362,5058,0,1.0
97,0.0,0.0,3.76,1.0,0.0,8,153.6393818242109,179.6701862219755,pobre,basal,3,750.0,745.0,1.0,44.0,6,362,5059,0,1.0
98,0.0,0.0,3.76,1.0,0.0,8,153.6393818242109,179.6701862219755,pobre,basal,3,750.0,745.0,1.0,44.0,7,362,5059,0,1.0
97,1.0,0.0,3.76,1.0,5.0,5,153.6393818242109,179.6701862219755,no pobre,basal,5,750.0,955.0,1.0,45.0,11,362,5060,5,1.0
98,1.0,0.0,3.76,1.0,6.0,5,153.6393818242109,179.6701862219755,no pobre,basal,5,750.0,955.0,1.0,45.0,12,362,5060,5,1.0
97,0.0,0.0,2.221,0.0,9.0,7,151.8226943513047,175.2493005391392,no pobre,basal,1,1666.6666,981.5,1.0,47.0,16,364,5061,9,0.0
98,0.0,0.0,2.221,0.0,9.0,7,151.8226943513047,175.2493005391392,no pobre,basal,1,1666.6666,981.5,1.0,47.0,17,364,5061,9,0.0
97,1.0,0.0,2.221,1.0,5.0,7,151.8226943513047,175.2493005391392,no pobre,basal,1,1666.6666,981.5,1.0,47.0,12,364,5062,5,1.0
98,1.0,0.0,2.221,0.0,3.0,7,151.8226943513047,175.2493005391392,no pobre,basal,1,1666.6666,981.5,1.0,47.0,13,364,5062,5,1.0
97,1.0,0.0,2.221,1.0,1.0,7,151.8226943513047,175.2493005391392,no pobre,basal,1,1666.6666,981.5,1.0,47.0,7,364,5063,1,1.0
98,1.0,0.0,2.221,1.0,2.0,7,151.8226943513047,175.2493005391392,no pobre,basal,1,1666.6666,981.5,1.0,47.0,8,364,5063,1,1.0
97,0.0,0.0,2.221,0.0,7.0,9,151.8226943513047,175.2493005391392,no pobre,basal,1,750.0,1068.5,1.0,48.0,16,364,5064,7,0.0
98,0.0,0.0,2.221,,,9,151.8226943513047,175.2493005391392,no pobre,basal,1,750.0,1068.5,1.0,48.0,17,364,5064,7,0.0
97,1.0,0.0,2.221,1.0,8.0,9,151.8226943513047,175.2493005391392,no pobre,basal,1,750.0,1068.5,1.0,48.0,14,364,5065,8,1.0
98,1.0,0.0,2.221,,,9,151.8226943513047,175.2493005391392,no pobre,basal,1,750.0,1068.5,1.0,48.0,15,364,5065,8,1.0
97,1.0,0.0,2.221,1.0,1.0,9,151.8226943513047,175.2493005391392,no pobre,basal,1,750.0,1068.5,1.0,48.0,11,364,5066,1,1.0
98,1.0,0.0,2.221,1.0,2.0,9,151.8226943513047,175.2493005391392,no pobre,basal,1,750.0,1068.5,1.0,48.0,12,364,5066,1,1.0
97,0.0,0.0,2.221,1.0,1.0,9,151.8226943513047,175.2493005391392,no pobre,basal,1,750.0,1068.5,1.0,48.0,10,364,5067,1,1.0
98,0.0,0.0,2.221,1.0,2.0,9,151.8226943513047,175.2493005391392,no pobre,basal,1,750.0,1068.5,1.0,48.0,11,364,5067,1,1.0
97,0.0,0.0,2.221,1.0,1.0,9,151.8226943513047,175.2493005391392,no pobre,basal,1,750.0,1068.5,1.0,48.0,8,364,5068,1,1.0
98,0.0,0.0,2.221,1.0,2.0,9,151.8226943513047,175.2493005391392,no pobre,basal,1,750.0,1068.5,1.0,48.0,9,364,5068,1,1.0
97,0.0,0.0,0.0,1.0,5.0,10,159.1772310166844,179.2015546457081,pobre,basal,3,750.0,531.0,1.0,48.0,11,361,5069,5,1.0
98,0.0,0.0,0.0,1.0,6.0,10,159.1772310166844,179.2015546457081,pobre,basal,3,750.0,531.0,1.0,48.0,12,361,5069,5,1.0
97,1.0,0.0,0.0,0.0,3.0,10,159.1772310166844,179.2015546457081,pobre,basal,3,750.0,531.0,1.0,48.0,10,361,5070,3,0.0
98,1.0,0.0,0.0,1.0,3.0,10,159.1772310166844,179.2015546457081,pobre,basal,3,750.0,531.0,1.0,48.0,11,361,5070,3,0.0
97,1.0,0.0,0.0,1.0,2.0,10,159.1772310166844,179.2015546457081,pobre,basal,3,750.0,531.0,1.0,48.0,8,361,5071,2,1.0
98,1.0,0.0,0.0,1.0,3.0,10,159.1772310166844,179.2015546457081,pobre,basal,3,750.0,531.0,1.0,48.0,9,361,5071,2,1.0
97,0.0,0.0,0.0,1.0,5.0,6,159.1772310166844,179.2015546457081,pobre,basal,5,750.0,651.0,1.0,35.0,11,361,5072,5,1.0
98,0.0,0.0,0.0,1.0,5.0,6,159.1772310166844,179.2015546457081,pobre,basal,5,750.0,651.0,1.0,35.0,12,361,5072,5,1.0
97,0.0,0.0,0.0,1.0,3.0,6,159.1772310166844,179.2015546457081,pobre,basal,5,750.0,651.0,1.0,35.0,9,361,5073,3,1.0
98,0.0,0.0,0.0,1.0,4.0,6,159.1772310166844,179.2015546457081,pobre,basal,5,750.0,651.0,1.0,35.0,10,361,5073,3,1.0
97,0.0,0.0,0.0,1.0,2.0,6,159.1772310166844,179.2015546457081,pobre,basal,5,750.0,651.0,1.0,35.0,7,361,5074,2,1.0
98,0.0,0.0,0.0,1.0,3.0,6,159.1772310166844,179.2015546457081,pobre,basal,5,750.0,651.0,1.0,35.0,8,361,5074,2,1.0
97,0.0,0.0,0.0,1.0,5.0,4,159.1772310166844,179.2015546457081,pobre,basal,3,0.0,799.0,0.0,42.0,11,361,5075,5,1.0
98,0.0,0.0,0.0,1.0,6.0,4,159.1772310166844,179.2015546457081,pobre,basal,3,0.0,799.0,0.0,42.0,12,361,5075,5,1.0
97,0.0,0.0,0.0,1.0,5.0,4,159.1772310166844,179.2015546457081,pobre,basal,0,0.0,834.0,1.0,62.0,11,361,5076,5,1.0
98,0.0,0.0,0.0,1.0,6.0,4,159.1772310166844,179.2015546457081,pobre,basal,0,0.0,834.0,1.0,62.0,12,361,5076,5,1.0
97,1.0,0.0,0.0,1.0,3.0,4,159.1772310166844,179.2015546457081,pobre,basal,0,0.0,834.0,1.0,62.0,10,361,5077,3,1.0
98,1.0,0.0,0.0,1.0,4.0,4,159.1772310166844,179.2015546457081,pobre,basal,0,0.0,834.0,1.0,62.0,11,361,5077,3,1.0
97,1.0,0.0,0.0,1.0,0.0,4,159.1772310166844,179.2015546457081,pobre,basal,0,0.0,834.0,1.0,62.0,6,361,5078,0,1.0
98,1.0,0.0,0.0,1.0,1.0,4,159.1772310166844,179.2015546457081,pobre,basal,0,0.0,834.0,1.0,62.0,7,361,5078,0,1.0
97,0.0,0.0,0.0,0.0,7.0,9,159.1772310166844,179.2015546457081,no pobre,basal,3,750.0,756.0,0.0,40.0,16,361,5079,7,0.0
98,0.0,0.0,0.0,,,9,159.1772310166844,179.2015546457081,no pobre,basal,3,750.0,756.0,0.0,40.0,17,361,5079,7,0.0
97,0.0,0.0,0.0,1.0,6.0,9,159.1772310166844,179.2015546457081,no pobre,basal,3,750.0,756.0,0.0,40.0,14,361,5080,6,1.0
98,0.0,0.0,0.0,1.0,7.0,9,159.1772310166844,179.2015546457081,no pobre,basal,3,750.0,756.0,0.0,40.0,15,361,5080,6,1.0
97,1.0,0.0,0.0,1.0,5.0,9,159.1772310166844,179.2015546457081,no pobre,basal,3,750.0,756.0,0.0,40.0,13,361,5081,5,1.0
98,1.0,0.0,0.0,1.0,6.0,9,159.1772310166844,179.2015546457081,no pobre,basal,3,750.0,756.0,0.0,40.0,14,361,5081,5,1.0
97,1.0,0.0,0.0,1.0,3.0,9,159.1772310166844,179.2015546457081,no pobre,basal,3,750.0,756.0,0.0,40.0,10,361,5082,3,1.0
98,1.0,0.0,0.0,1.0,5.0,9,159.1772310166844,179.2015546457081,no pobre,basal,3,750.0,756.0,0.0,40.0,11,361,5082,3,1.0
97,1.0,0.0,0.0,1.0,3.0,9,159.1772310166844,179.2015546457081,no pobre,basal,3,750.0,756.0,0.0,40.0,9,361,5083,3,1.0
98,1.0,0.0,0.0,1.0,5.0,9,159.1772310166844,179.2015546457081,no pobre,basal,3,750.0,756.0,0.0,40.0,10,361,5083,3,1.0
97,1.0,0.0,0.0,1.0,1.0,9,159.1772310166844,179.2015546457081,no pobre,basal,3,750.0,756.0,0.0,40.0,7,361,5084,1,1.0
98,1.0,0.0,0.0,1.0,2.0,9,159.1772310166844,179.2015546457081,no pobre,basal,3,750.0,756.0,0.0,40.0,8,361,5084,1,1.0
97,0.0,0.0,0.0,1.0,1.0,9,159.1772310166844,179.2015546457081,no pobre,basal,3,750.0,756.0,0.0,40.0,6,361,5085,1,1.0
98,0.0,0.0,0.0,1.0,2.0,9,159.1772310166844,179.2015546457081,no pobre,basal,3,750.0,756.0,0.0,40.0,7,361,5085,1,1.0
97,1.0,0.0,3.76,1.0,8.0,4,153.6393818242109,179.6701862219755,no pobre,basal,3,750.0,895.0,1.0,58.0,13,362,5086,8,1.0
98,1.0,0.0,3.76,0.0,9.0,4,153.6393818242109,179.6701862219755,no pobre,basal,3,750.0,895.0,1.0,58.0,14,362,5086,8,1.0
97,0.0,0.0,3.76,1.0,6.0,4,153.6393818242109,179.6701862219755,no pobre,basal,3,750.0,895.0,1.0,58.0,12,362,5087,6,1.0
98,0.0,0.0,3.76,1.0,7.0,4,153.6393818242109,179.6701862219755,no pobre,basal,3,750.0,895.0,1.0,58.0,13,362,5087,6,1.0
97,1.0,0.0,3.76,1.0,6.0,4,153.6393818242109,179.6701862219755,pobre,basal,0,750.0,756.0,1.0,67.0,14,362,5088,6,1.0
98,1.0,0.0,3.76,1.0,7.0,4,153.6393818242109,179.6701862219755,pobre,basal,0,750.0,756.0,1.0,67.0,15,362,5088,6,1.0
97,0.0,0.0,3.76,1.0,3.0,4,153.6393818242109,179.6701862219755,pobre,basal,0,750.0,756.0,1.0,67.0,10,362,5089,3,1.0
98,0.0,0.0,3.76,1.0,5.0,4,153.6393818242109,179.6701862219755,pobre,basal,0,750.0,756.0,1.0,67.0,11,362,5089,3,1.0
97,1.0,0.0,3.76,0.0,9.0,3,153.6393818242109,179.6701862219755,no pobre,basal,0,0.0,1201.5,1.0,70.0,16,362,5090,9,0.0
98,1.0,0.0,3.76,,,3,153.6393818242109,179.6701862219755,no pobre,basal,0,0.0,1201.5,1.0,70.0,17,362,5090,9,0.0
97,0.0,0.0,3.76,1.0,8.0,3,153.6393818242109,179.6701862219755,no pobre,basal,0,750.0,817.0,1.0,61.0,14,362,5091,8,1.0
98,0.0,0.0,3.76,0.0,9.0,3,153.6393818242109,179.6701862219755,no pobre,basal,0,750.0,817.0,1.0,61.0,15,362,5091,8,1.0
97,0.0,0.0,3.76,1.0,10.0,5,153.6393818242109,179.6701862219755,no pobre,basal,2,750.0,1144.5,1.0,51.0,16,362,5092,10,1.0
98,0.0,0.0,3.76,,,5,153.6393818242109,179.6701862219755,no pobre,basal,2,750.0,1144.5,1.0,51.0,17,362,5092,10,1.0
97,0.0,0.0,3.76,0.0,9.0,5,153.6393818242109,179.6701862219755,no pobre,basal,2,750.0,1144.5,1.0,51.0,15,362,5093,9,0.0
98,0.0,0.0,3.76,,,5,153.6393818242109,179.6701862219755,no pobre,basal,2,750.0,1144.5,1.0,51.0,16,362,5093,9,0.0
97,1.0,0.0,3.76,0.0,6.0,5,153.6393818242109,179.6701862219755,no pobre,basal,3,0.0,1151.75,1.0,54.0,15,362,5094,6,0.0
98,1.0,0.0,3.76,0.0,6.0,5,153.6393818242109,179.6701862219755,no pobre,basal,3,0.0,1151.75,1.0,54.0,16,362,5094,6,0.0
97,1.0,0.0,3.76,0.0,6.0,5,153.6393818242109,179.6701862219755,no pobre,basal,3,0.0,1151.75,1.0,54.0,12,362,5095,6,0.0
98,1.0,0.0,3.76,0.0,6.0,5,153.6393818242109,179.6701862219755,no pobre,basal,3,0.0,1151.75,1.0,54.0,13,362,5095,6,0.0
97,0.0,0.0,2.221,1.0,2.0,3,151.8226943513047,175.2493005391392,pobre,basal,0,750.0,719.0,1.0,30.0,14,364,5096,2,1.0
98,0.0,0.0,2.221,1.0,3.0,3,151.8226943513047,175.2493005391392,pobre,basal,0,750.0,719.0,1.0,30.0,15,364,5096,2,1.0
97,1.0,0.0,0.0,0.0,6.0,4,147.8817569696666,179.6205427503714,no pobre,0,2,625.0,1128.0,1.0,55.0,14,359,5097,6,0.0
98,1.0,0.0,0.0,0.0,6.0,4,147.8817569696666,179.6205427503714,no pobre,0,2,625.0,1128.0,1.0,55.0,15,359,5097,6,0.0
97,1.0,0.0,2.148,1.0,9.0,5,125.1264437166422,141.4668534780548,pobre,basal,1,0.0,723.0,1.0,61.0,15,345,5098,9,1.0
98,1.0,0.0,2.148,0.0,9.0,5,125.1264437166422,141.4668534780548,pobre,basal,1,0.0,723.0,1.0,61.0,16,345,5098,9,1.0
97,1.0,0.0,2.148,1.0,4.0,5,125.1264437166422,141.4668534780548,pobre,basal,1,0.0,723.0,1.0,61.0,12,345,5099,4,1.0
98,1.0,0.0,2.148,1.0,5.0,5,125.1264437166422,141.4668534780548,pobre,basal,1,0.0,723.0,1.0,61.0,13,345,5099,4,1.0
97,1.0,0.0,2.148,1.0,1.0,5,125.1264437166422,141.4668534780548,pobre,basal,1,0.0,723.0,1.0,61.0,8,345,5100,1,1.0
98,1.0,0.0,2.148,1.0,2.0,5,125.1264437166422,141.4668534780548,pobre,basal,1,0.0,723.0,1.0,61.0,9,345,5100,1,1.0
97,1.0,0.0,2.148,1.0,1.0,5,125.1264437166422,141.4668534780548,pobre,basal,2,0.0,705.0,1.0,47.0,6,345,5101,1,1.0
98,1.0,0.0,2.148,1.0,2.0,5,125.1264437166422,141.4668534780548,pobre,basal,2,0.0,705.0,1.0,47.0,7,345,5101,1,1.0
97,1.0,0.0,2.148,0.0,3.0,10,125.1264437166422,141.4668534780548,pobre,basal,2,750.0,386.0,1.0,44.0,14,345,5102,3,0.0
98,1.0,0.0,2.148,0.0,3.0,10,125.1264437166422,141.4668534780548,pobre,basal,2,750.0,386.0,1.0,44.0,15,345,5102,3,0.0
97,0.0,0.0,2.148,1.0,5.0,10,125.1264437166422,141.4668534780548,pobre,basal,2,750.0,386.0,1.0,44.0,13,345,5103,5,1.0
98,0.0,0.0,2.148,1.0,6.0,10,125.1264437166422,141.4668534780548,pobre,basal,2,750.0,386.0,1.0,44.0,14,345,5103,5,1.0
97,1.0,0.0,2.148,1.0,2.0,10,125.1264437166422,141.4668534780548,pobre,basal,2,750.0,386.0,1.0,44.0,11,345,5104,2,1.0
98,1.0,0.0,2.148,1.0,3.0,10,125.1264437166422,141.4668534780548,pobre,basal,2,750.0,386.0,1.0,44.0,12,345,5104,2,1.0
97,0.0,0.0,2.148,1.0,3.0,10,125.1264437166422,141.4668534780548,pobre,basal,2,750.0,386.0,1.0,44.0,9,345,5105,3,1.0
98,0.0,0.0,2.148,1.0,4.0,10,125.1264437166422,141.4668534780548,pobre,basal,2,750.0,386.0,1.0,44.0,10,345,5105,3,1.0
97,1.0,0.0,2.148,1.0,0.0,10,125.1264437166422,141.4668534780548,pobre,basal,2,750.0,386.0,1.0,44.0,6,345,5106,0,1.0
98,1.0,0.0,2.148,1.0,1.0,10,125.1264437166422,141.4668534780548,pobre,basal,2,750.0,386.0,1.0,44.0,7,345,5106,0,1.0
97,1.0,0.0,0.0,1.0,0.0,4,41.26526845784417,41.26526845784417,pobre,basal,0,0.0,740.0,0.0,44.0,6,380,5107,0,1.0
98,1.0,0.0,0.0,1.0,1.0,4,41.26526845784417,41.26526845784417,pobre,basal,0,0.0,740.0,0.0,44.0,7,380,5107,0,1.0
97,1.0,0.0,0.0,1.0,8.0,6,41.26526845784417,41.26526845784417,pobre,basal,2,1200.0,677.0,1.0,47.0,14,380,5108,8,1.0
98,1.0,0.0,0.0,0.0,8.0,6,41.26526845784417,41.26526845784417,pobre,basal,2,1200.0,677.0,1.0,47.0,15,380,5108,8,1.0
97,1.0,0.0,0.0,1.0,4.0,6,41.26526845784417,41.26526845784417,pobre,basal,2,1200.0,677.0,1.0,47.0,11,380,5109,4,1.0
98,1.0,0.0,0.0,1.0,5.0,6,41.26526845784417,41.26526845784417,pobre,basal,2,1200.0,677.0,1.0,47.0,12,380,5109,4,1.0
97,1.0,0.0,0.0,1.0,3.0,6,41.26526845784417,41.26526845784417,pobre,basal,2,1200.0,677.0,1.0,47.0,9,380,5110,3,1.0
98,1.0,0.0,0.0,1.0,4.0,6,41.26526845784417,41.26526845784417,pobre,basal,2,1200.0,677.0,1.0,47.0,10,380,5110,3,1.0
97,0.0,0.0,0.0,1.0,2.0,6,41.26526845784417,41.26526845784417,pobre,basal,4,400.0,631.0,1.0,31.0,8,380,5111,2,1.0
98,0.0,0.0,0.0,1.0,3.0,6,41.26526845784417,41.26526845784417,pobre,basal,4,400.0,631.0,1.0,31.0,9,380,5111,2,1.0
97,1.0,0.0,0.0,1.0,0.0,6,41.26526845784417,41.26526845784417,pobre,basal,4,400.0,631.0,1.0,31.0,6,380,5112,0,1.0
98,1.0,0.0,0.0,1.0,1.0,6,41.26526845784417,41.26526845784417,pobre,basal,4,400.0,631.0,1.0,31.0,7,380,5112,0,1.0
97,1.0,0.0,0.0,1.0,6.0,7,41.26526845784417,41.26526845784417,pobre,basal,0,400.0,688.79999,1.0,62.0,14,380,5113,6,1.0
98,1.0,0.0,0.0,1.0,7.0,7,41.26526845784417,41.26526845784417,pobre,basal,0,400.0,688.79999,1.0,62.0,15,380,5113,6,1.0
97,1.0,0.0,0.0,1.0,2.0,7,41.26526845784417,41.26526845784417,pobre,basal,0,400.0,688.79999,1.0,62.0,10,380,5114,2,1.0
98,1.0,0.0,0.0,1.0,3.0,7,41.26526845784417,41.26526845784417,pobre,basal,0,400.0,688.79999,1.0,62.0,11,380,5114,2,1.0
97,1.0,0.0,0.0,1.0,1.0,7,41.26526845784417,41.26526845784417,pobre,basal,0,400.0,688.79999,1.0,62.0,8,380,5115,1,1.0
98,1.0,0.0,0.0,1.0,2.0,7,41.26526845784417,41.26526845784417,pobre,basal,0,400.0,688.79999,1.0,62.0,9,380,5115,1,1.0
97,1.0,0.0,0.0,0.0,9.0,12,41.26526845784417,41.26526845784417,pobre,basal,6,960.0,659.0,1.0,37.0,16,380,5116,9,0.0
98,1.0,0.0,0.0,,,12,41.26526845784417,41.26526845784417,pobre,basal,6,960.0,659.0,1.0,37.0,17,380,5116,9,0.0
97,0.0,0.0,0.0,1.0,7.0,12,41.26526845784417,41.26526845784417,pobre,basal,6,960.0,659.0,1.0,37.0,14,380,5117,7,1.0
98,0.0,0.0,0.0,1.0,8.0,12,41.26526845784417,41.26526845784417,pobre,basal,6,960.0,659.0,1.0,37.0,15,380,5117,7,1.0
97,1.0,0.0,0.0,1.0,3.0,12,41.26526845784417,41.26526845784417,pobre,basal,6,960.0,659.0,1.0,37.0,13,380,5118,3,1.0
98,1.0,0.0,0.0,0.0,4.0,12,41.26526845784417,41.26526845784417,pobre,basal,6,960.0,659.0,1.0,37.0,14,380,5118,3,1.0
97,0.0,0.0,0.0,1.0,3.0,12,41.26526845784417,41.26526845784417,pobre,basal,6,960.0,659.0,1.0,37.0,11,380,5119,3,1.0
98,0.0,0.0,0.0,1.0,4.0,12,41.26526845784417,41.26526845784417,pobre,basal,6,960.0,659.0,1.0,37.0,12,380,5119,3,1.0
97,0.0,0.0,0.0,1.0,1.0,12,41.26526845784417,41.26526845784417,pobre,basal,6,960.0,659.0,1.0,37.0,10,380,5120,1,1.0
98,0.0,0.0,0.0,1.0,2.0,12,41.26526845784417,41.26526845784417,pobre,basal,6,960.0,659.0,1.0,37.0,11,380,5120,1,1.0
97,1.0,0.0,0.0,1.0,1.0,12,41.26526845784417,41.26526845784417,pobre,basal,6,960.0,659.0,1.0,37.0,8,380,5121,1,1.0
98,1.0,0.0,0.0,1.0,2.0,12,41.26526845784417,41.26526845784417,pobre,basal,6,960.0,659.0,1.0,37.0,9,380,5121,1,1.0
97,0.0,0.0,0.0,1.0,0.0,12,41.26526845784417,41.26526845784417,pobre,basal,6,960.0,659.0,1.0,37.0,6,380,5122,0,1.0
98,0.0,0.0,0.0,1.0,1.0,12,41.26526845784417,41.26526845784417,pobre,basal,6,960.0,659.0,1.0,37.0,7,380,5122,0,1.0
97,0.0,0.0,0.0,1.0,4.0,6,41.26526845784417,41.26526845784417,pobre,basal,7,800.0,699.0,1.0,28.0,10,380,5123,4,1.0
98,0.0,0.0,0.0,1.0,5.0,6,41.26526845784417,41.26526845784417,pobre,basal,7,800.0,699.0,1.0,28.0,11,380,5123,4,1.0
97,0.0,0.0,0.0,0.0,6.0,13,41.26526845784417,41.26526845784417,pobre,basal,0,1200.0,690.75,1.0,45.0,16,380,5124,6,0.0
98,0.0,0.0,0.0,,,13,41.26526845784417,41.26526845784417,pobre,basal,0,1200.0,690.75,1.0,45.0,17,380,5124,6,0.0
97,1.0,0.0,0.0,0.0,6.0,13,41.26526845784417,41.26526845784417,pobre,basal,0,1200.0,690.75,1.0,45.0,14,380,5125,6,0.0
98,1.0,0.0,0.0,0.0,6.0,13,41.26526845784417,41.26526845784417,pobre,basal,0,1200.0,690.75,1.0,45.0,15,380,5125,6,0.0
97,0.0,0.0,0.0,0.0,6.0,13,41.26526845784417,41.26526845784417,pobre,basal,0,1200.0,690.75,1.0,45.0,12,380,5126,6,0.0
98,0.0,0.0,0.0,1.0,7.0,13,41.26526845784417,41.26526845784417,pobre,basal,0,1200.0,690.75,1.0,45.0,13,380,5126,6,0.0
97,0.0,0.0,0.0,1.0,3.0,13,41.26526845784417,41.26526845784417,pobre,basal,0,1200.0,690.75,1.0,45.0,10,380,5127,3,1.0
98,0.0,0.0,0.0,1.0,4.0,13,41.26526845784417,41.26526845784417,pobre,basal,0,1200.0,690.75,1.0,45.0,11,380,5127,3,1.0
97,1.0,0.0,0.0,1.0,1.0,13,41.26526845784417,41.26526845784417,pobre,basal,0,1200.0,690.75,1.0,45.0,6,380,5128,1,1.0
98,1.0,0.0,0.0,1.0,2.0,13,41.26526845784417,41.26526845784417,pobre,basal,0,1200.0,690.75,1.0,45.0,7,380,5128,1,1.0
97,0.0,0.0,0.0,0.0,6.0,13,41.26526845784417,41.26526845784417,pobre,basal,0,1200.0,690.75,1.0,45.0,16,380,5129,6,0.0
98,0.0,0.0,0.0,,,13,41.26526845784417,41.26526845784417,pobre,basal,0,1200.0,690.75,1.0,45.0,17,380,5129,6,0.0
97,1.0,0.0,0.0,0.0,5.0,7,41.26526845784417,41.26526845784417,pobre,basal,0,760.0,736.0,1.0,56.0,15,380,5130,5,0.0
98,1.0,0.0,0.0,,,7,41.26526845784417,41.26526845784417,pobre,basal,0,760.0,736.0,1.0,56.0,16,380,5130,5,0.0
97,0.0,0.0,0.0,0.0,6.0,7,41.26526845784417,41.26526845784417,pobre,basal,0,760.0,736.0,1.0,56.0,14,380,5131,6,0.0
98,0.0,0.0,0.0,,,7,41.26526845784417,41.26526845784417,pobre,basal,0,760.0,736.0,1.0,56.0,15,380,5131,6,0.0
97,1.0,0.0,0.0,0.0,5.0,9,41.26526845784417,41.26526845784417,pobre,basal,0,1200.0,806.75,1.0,52.0,16,380,5132,5,0.0
98,1.0,0.0,0.0,,,9,41.26526845784417,41.26526845784417,pobre,basal,0,1200.0,806.75,1.0,52.0,17,380,5132,5,0.0
97,1.0,0.0,0.0,1.0,2.0,9,41.26526845784417,41.26526845784417,pobre,basal,0,1200.0,806.75,1.0,52.0,13,380,5133,2,1.0
98,1.0,0.0,0.0,1.0,3.0,9,41.26526845784417,41.26526845784417,pobre,basal,0,1200.0,806.75,1.0,52.0,14,380,5133,2,1.0
97,0.0,0.0,0.0,1.0,6.0,9,41.26526845784417,41.26526845784417,pobre,basal,0,1200.0,806.75,1.0,52.0,12,380,5134,6,1.0
98,0.0,0.0,0.0,1.0,7.0,9,41.26526845784417,41.26526845784417,pobre,basal,0,1200.0,806.75,1.0,52.0,13,380,5134,6,1.0
97,0.0,0.0,0.0,1.0,3.0,9,41.26526845784417,41.26526845784417,pobre,basal,0,1200.0,806.75,1.0,52.0,9,380,5135,3,1.0
98,0.0,0.0,0.0,1.0,3.0,9,41.26526845784417,41.26526845784417,pobre,basal,0,1200.0,806.75,1.0,52.0,10,380,5135,3,1.0
97,1.0,0.0,0.0,1.0,1.0,9,41.26526845784417,41.26526845784417,pobre,basal,0,1200.0,806.75,1.0,52.0,6,380,5136,1,1.0
98,1.0,0.0,0.0,1.0,2.0,9,41.26526845784417,41.26526845784417,pobre,basal,0,1200.0,806.75,1.0,52.0,7,380,5136,1,1.0
97,1.0,0.0,0.0,0.0,5.0,11,41.26526845784417,41.26526845784417,pobre,basal,0,800.0,811.25,1.0,51.0,16,380,5137,5,0.0
98,1.0,0.0,0.0,0.0,5.0,11,41.26526845784417,41.26526845784417,pobre,basal,0,800.0,811.25,1.0,51.0,17,380,5137,5,0.0
97,0.0,0.0,0.0,1.0,4.0,11,41.26526845784417,41.26526845784417,pobre,basal,0,800.0,811.25,1.0,51.0,14,380,5138,4,1.0
98,0.0,0.0,0.0,1.0,5.0,11,41.26526845784417,41.26526845784417,pobre,basal,0,800.0,811.25,1.0,51.0,15,380,5138,4,1.0
97,1.0,0.0,0.0,1.0,4.0,11,41.26526845784417,41.26526845784417,pobre,basal,0,800.0,811.25,1.0,51.0,12,380,5139,4,1.0
98,1.0,0.0,0.0,1.0,5.0,11,41.26526845784417,41.26526845784417,pobre,basal,0,800.0,811.25,1.0,51.0,13,380,5139,4,1.0
97,1.0,0.0,0.0,1.0,3.0,11,41.26526845784417,41.26526845784417,pobre,basal,0,800.0,811.25,1.0,51.0,9,380,5140,3,1.0
98,1.0,0.0,0.0,1.0,4.0,11,41.26526845784417,41.26526845784417,pobre,basal,0,800.0,811.25,1.0,51.0,10,380,5140,3,1.0
97,1.0,0.0,0.0,1.0,5.0,5,41.26526845784417,41.26526845784417,no pobre,basal,8,0.0,879.0,1.0,38.0,12,380,5141,5,1.0
98,1.0,0.0,0.0,1.0,6.0,5,41.26526845784417,41.26526845784417,no pobre,basal,8,0.0,879.0,1.0,38.0,13,380,5141,5,1.0
97,0.0,0.0,0.0,1.0,2.0,5,41.26526845784417,41.26526845784417,no pobre,basal,8,0.0,879.0,1.0,38.0,9,380,5142,2,1.0
98,0.0,0.0,0.0,1.0,3.0,5,41.26526845784417,41.26526845784417,no pobre,basal,8,0.0,879.0,1.0,38.0,10,380,5142,2,1.0
97,1.0,0.0,0.0,1.0,1.0,5,41.26526845784417,41.26526845784417,no pobre,basal,8,0.0,879.0,1.0,38.0,8,380,5143,1,1.0
98,1.0,0.0,0.0,1.0,2.0,5,41.26526845784417,41.26526845784417,no pobre,basal,8,0.0,879.0,1.0,38.0,9,380,5143,1,1.0
97,1.0,0.0,0.0,1.0,8.0,8,41.26526845784417,41.26526845784417,pobre,basal,0,1000.0,747.0,1.0,47.0,15,380,5144,8,1.0
98,1.0,0.0,0.0,0.0,9.0,8,41.26526845784417,41.26526845784417,pobre,basal,0,1000.0,747.0,1.0,47.0,16,380,5144,8,1.0
97,1.0,0.0,0.0,1.0,5.0,8,41.26526845784417,41.26526845784417,pobre,basal,0,1000.0,747.0,1.0,47.0,12,380,5145,5,1.0
98,1.0,0.0,0.0,1.0,6.0,8,41.26526845784417,41.26526845784417,pobre,basal,0,1000.0,747.0,1.0,47.0,13,380,5145,5,1.0
97,1.0,0.0,0.0,1.0,3.0,8,41.26526845784417,41.26526845784417,pobre,basal,0,1000.0,747.0,1.0,47.0,9,380,5146,3,1.0
98,1.0,0.0,0.0,1.0,4.0,8,41.26526845784417,41.26526845784417,pobre,basal,0,1000.0,747.0,1.0,47.0,10,380,5146,3,1.0
97,0.0,0.0,0.0,1.0,8.0,5,41.26526845784417,41.26526845784417,pobre,basal,0,0.0,728.5,1.0,37.0,15,380,5147,8,1.0
98,0.0,0.0,0.0,0.0,9.0,5,41.26526845784417,41.26526845784417,pobre,basal,0,0.0,728.5,1.0,37.0,16,380,5147,8,1.0
97,0.0,0.0,0.0,1.0,8.0,5,41.26526845784417,41.26526845784417,pobre,basal,0,0.0,728.5,1.0,37.0,14,380,5148,8,1.0
98,0.0,0.0,0.0,0.0,9.0,5,41.26526845784417,41.26526845784417,pobre,basal,0,0.0,728.5,1.0,37.0,15,380,5148,8,1.0
97,1.0,0.0,0.0,1.0,3.0,5,41.26526845784417,41.26526845784417,pobre,basal,0,0.0,728.5,1.0,37.0,11,380,5149,3,1.0
98,1.0,0.0,0.0,1.0,3.0,5,41.26526845784417,41.26526845784417,pobre,basal,0,0.0,728.5,1.0,37.0,12,380,5149,3,1.0
97,1.0,0.0,0.0,0.0,6.0,6,41.26526845784417,41.26526845784417,pobre,basal,2,920.0,704.0,1.0,70.0,14,380,5150,6,0.0
98,1.0,0.0,0.0,0.0,6.0,6,41.26526845784417,41.26526845784417,pobre,basal,2,920.0,704.0,1.0,70.0,15,380,5150,6,0.0
97,0.0,0.0,0.0,1.0,4.0,6,41.26526845784417,41.26526845784417,pobre,basal,2,920.0,704.0,1.0,70.0,9,380,5151,4,1.0
98,0.0,0.0,0.0,1.0,5.0,6,41.26526845784417,41.26526845784417,pobre,basal,2,920.0,704.0,1.0,70.0,10,380,5151,4,1.0
97,0.0,0.0,0.0,1.0,2.0,6,41.26526845784417,41.26526845784417,pobre,basal,2,920.0,704.0,1.0,70.0,7,380,5152,2,1.0
98,0.0,0.0,0.0,1.0,3.0,6,41.26526845784417,41.26526845784417,pobre,basal,2,920.0,704.0,1.0,70.0,8,380,5152,2,1.0
97,0.0,0.0,0.0,1.0,5.0,5,41.26526845784417,41.26526845784417,pobre,basal,9,800.0,706.0,0.0,29.0,10,380,5153,5,1.0
98,0.0,0.0,0.0,1.0,6.0,5,41.26526845784417,41.26526845784417,pobre,basal,9,800.0,706.0,0.0,29.0,11,380,5153,5,1.0
97,1.0,0.0,0.0,1.0,2.0,5,41.26526845784417,41.26526845784417,pobre,basal,9,800.0,706.0,0.0,29.0,8,380,5154,2,1.0
98,1.0,0.0,0.0,1.0,2.0,5,41.26526845784417,41.26526845784417,pobre,basal,9,800.0,706.0,0.0,29.0,9,380,5154,2,1.0
97,0.0,0.0,0.0,0.0,6.0,6,41.26526845784417,41.26526845784417,pobre,basal,2,0.0,756.0,1.0,48.0,16,380,5155,6,0.0
98,0.0,0.0,0.0,,,6,41.26526845784417,41.26526845784417,pobre,basal,2,0.0,756.0,1.0,48.0,17,380,5155,6,0.0
97,1.0,0.0,0.0,1.0,7.0,6,41.26526845784417,41.26526845784417,pobre,basal,2,0.0,756.0,1.0,48.0,14,380,5156,7,1.0
98,1.0,0.0,0.0,0.0,6.0,6,41.26526845784417,41.26526845784417,pobre,basal,2,0.0,756.0,1.0,48.0,15,380,5156,7,1.0
97,1.0,0.0,0.0,1.0,5.0,6,41.26526845784417,41.26526845784417,pobre,basal,2,0.0,756.0,1.0,48.0,11,380,5157,5,1.0
98,1.0,0.0,0.0,1.0,4.0,6,41.26526845784417,41.26526845784417,pobre,basal,2,0.0,756.0,1.0,48.0,12,380,5157,5,1.0
97,0.0,0.0,0.0,1.0,1.0,6,41.26526845784417,41.26526845784417,pobre,basal,2,0.0,756.0,1.0,48.0,6,380,5158,1,1.0
98,0.0,0.0,0.0,1.0,3.0,6,41.26526845784417,41.26526845784417,pobre,basal,2,0.0,756.0,1.0,48.0,7,380,5158,1,1.0
97,1.0,0.0,0.0,0.0,6.0,10,41.26526845784417,41.26526845784417,no pobre,basal,5,5600.0,897.0,1.0,46.0,16,380,5159,6,0.0
98,1.0,0.0,0.0,,,10,41.26526845784417,41.26526845784417,no pobre,basal,5,5600.0,897.0,1.0,46.0,17,380,5159,6,0.0
97,0.0,0.0,0.0,1.0,5.0,10,41.26526845784417,41.26526845784417,no pobre,basal,5,5600.0,897.0,1.0,46.0,13,380,5160,5,1.0
98,0.0,0.0,0.0,,,10,41.26526845784417,41.26526845784417,no pobre,basal,5,5600.0,897.0,1.0,46.0,14,380,5160,5,1.0
97,1.0,0.0,0.0,1.0,3.0,10,41.26526845784417,41.26526845784417,no pobre,basal,5,5600.0,897.0,1.0,46.0,12,380,5161,3,1.0
98,1.0,0.0,0.0,1.0,4.0,10,41.26526845784417,41.26526845784417,no pobre,basal,5,5600.0,897.0,1.0,46.0,13,380,5161,3,1.0
97,0.0,0.0,0.0,1.0,4.0,10,41.26526845784417,41.26526845784417,no pobre,basal,5,5600.0,897.0,1.0,46.0,10,380,5162,4,1.0
98,0.0,0.0,0.0,1.0,5.0,10,41.26526845784417,41.26526845784417,no pobre,basal,5,5600.0,897.0,1.0,46.0,11,380,5162,4,1.0
97,0.0,0.0,0.0,0.0,6.0,10,41.26526845784417,41.26526845784417,no pobre,basal,5,5600.0,897.0,1.0,46.0,16,380,5163,6,0.0
98,0.0,0.0,0.0,,,10,41.26526845784417,41.26526845784417,no pobre,basal,5,5600.0,897.0,1.0,46.0,17,380,5163,6,0.0
97,0.0,0.0,0.0,1.0,2.0,6,89.64618751987393,89.64618751987393,no pobre,basal,3,0.0,979.0,1.0,41.0,9,338,5164,2,1.0
98,0.0,0.0,0.0,1.0,3.0,6,89.64618751987393,89.64618751987393,no pobre,basal,3,0.0,979.0,1.0,41.0,10,338,5164,2,1.0
97,0.0,0.0,0.0,1.0,1.0,6,89.64618751987393,89.64618751987393,no pobre,basal,3,0.0,979.0,1.0,41.0,8,338,5165,1,1.0
98,0.0,0.0,0.0,1.0,2.0,6,89.64618751987393,89.64618751987393,no pobre,basal,3,0.0,979.0,1.0,41.0,9,338,5165,1,1.0
97,0.0,0.0,0.0,1.0,7.0,5,89.64618751987393,89.64618751987393,no pobre,basal,0,875.0,1034.5,1.0,52.0,14,338,5166,7,1.0
98,0.0,0.0,0.0,1.0,9.0,5,89.64618751987393,89.64618751987393,no pobre,basal,0,875.0,1034.5,1.0,52.0,15,338,5166,7,1.0
97,0.0,0.0,0.0,1.0,6.0,5,89.64618751987393,89.64618751987393,no pobre,basal,0,875.0,1034.5,1.0,52.0,13,338,5167,6,1.0
98,0.0,0.0,0.0,1.0,7.0,5,89.64618751987393,89.64618751987393,no pobre,basal,0,875.0,1034.5,1.0,52.0,14,338,5167,6,1.0
97,1.0,0.0,0.0,1.0,3.0,5,89.64618751987393,89.64618751987393,no pobre,basal,0,875.0,1034.5,1.0,52.0,11,338,5168,3,1.0
98,1.0,0.0,0.0,1.0,4.0,5,89.64618751987393,89.64618751987393,no pobre,basal,0,875.0,1034.5,1.0,52.0,12,338,5168,3,1.0
97,0.0,0.0,0.0,0.0,6.0,4,89.64618751987393,89.64618751987393,pobre,basal,1,0.0,720.0,1.0,52.0,16,338,5169,6,0.0
98,0.0,0.0,0.0,,,4,89.64618751987393,89.64618751987393,pobre,basal,1,0.0,720.0,1.0,52.0,17,338,5169,6,0.0
97,1.0,0.0,0.0,0.0,9.0,3,89.64618751987393,89.64618751987393,no pobre,basal,0,0.0,936.0,0.0,50.0,15,338,5170,9,0.0
98,1.0,0.0,0.0,1.0,9.0,3,89.64618751987393,89.64618751987393,no pobre,basal,0,0.0,936.0,0.0,50.0,16,338,5170,9,0.0
97,0.0,0.0,0.0,1.0,7.0,3,89.64618751987393,89.64618751987393,no pobre,basal,0,0.0,936.0,0.0,50.0,13,338,5171,7,1.0
98,0.0,0.0,0.0,1.0,8.0,3,89.64618751987393,89.64618751987393,no pobre,basal,0,0.0,936.0,0.0,50.0,14,338,5171,7,1.0
97,1.0,0.0,0.0,1.0,6.0,3,89.64618751987393,89.64618751987393,pobre,basal,0,0.0,646.0,1.0,56.0,13,338,5172,6,1.0
98,1.0,0.0,0.0,1.0,7.0,3,89.64618751987393,89.64618751987393,pobre,basal,0,0.0,646.0,1.0,56.0,14,338,5172,6,1.0
97,0.0,0.0,0.0,1.0,4.0,8,89.64618751987393,89.64618751987393,pobre,basal,9,750.0,687.0,1.0,32.0,9,338,5173,4,1.0
98,0.0,0.0,0.0,1.0,4.0,8,89.64618751987393,89.64618751987393,pobre,basal,9,750.0,687.0,1.0,32.0,10,338,5173,4,1.0
97,1.0,0.0,0.0,1.0,3.0,8,89.64618751987393,89.64618751987393,pobre,basal,9,750.0,687.0,1.0,32.0,8,338,5174,3,1.0
98,1.0,0.0,0.0,1.0,3.0,8,89.64618751987393,89.64618751987393,pobre,basal,9,750.0,687.0,1.0,32.0,9,338,5174,3,1.0
97,1.0,0.0,0.0,1.0,1.0,8,89.64618751987393,89.64618751987393,pobre,basal,9,750.0,687.0,1.0,32.0,7,338,5175,1,1.0
98,1.0,0.0,0.0,1.0,2.0,8,89.64618751987393,89.64618751987393,pobre,basal,9,750.0,687.0,1.0,32.0,8,338,5175,1,1.0
97,1.0,0.0,0.0,0.0,6.0,10,89.64618751987393,89.64618751987393,pobre,basal,3,800.0,681.0,1.0,44.0,15,338,5176,6,0.0
98,1.0,0.0,0.0,0.0,6.0,10,89.64618751987393,89.64618751987393,pobre,basal,3,800.0,681.0,1.0,44.0,16,338,5176,6,0.0
97,1.0,0.0,0.0,1.0,7.0,10,89.64618751987393,89.64618751987393,pobre,basal,3,800.0,681.0,1.0,44.0,13,338,5177,7,1.0
98,1.0,0.0,0.0,1.0,8.0,10,89.64618751987393,89.64618751987393,pobre,basal,3,800.0,681.0,1.0,44.0,14,338,5177,7,1.0
97,0.0,0.0,0.0,1.0,6.0,10,89.64618751987393,89.64618751987393,pobre,basal,3,800.0,681.0,1.0,44.0,11,338,5178,6,1.0
98,0.0,0.0,0.0,1.0,7.0,10,89.64618751987393,89.64618751987393,pobre,basal,3,800.0,681.0,1.0,44.0,12,338,5178,6,1.0
97,0.0,0.0,0.0,1.0,1.0,10,89.64618751987393,89.64618751987393,pobre,basal,3,800.0,681.0,1.0,44.0,6,338,5179,1,1.0
98,0.0,0.0,0.0,1.0,1.0,10,89.64618751987393,89.64618751987393,pobre,basal,3,800.0,681.0,1.0,44.0,7,338,5179,1,1.0
97,1.0,0.0,0.0,0.0,9.0,5,89.64618751987393,89.64618751987393,no pobre,basal,1,750.0,916.5,1.0,56.0,16,338,5180,9,0.0
98,1.0,0.0,0.0,0.0,9.0,5,89.64618751987393,89.64618751987393,no pobre,basal,1,750.0,916.5,1.0,56.0,17,338,5180,9,0.0
97,0.0,0.0,0.0,1.0,8.0,5,89.64618751987393,89.64618751987393,no pobre,basal,1,750.0,916.5,1.0,56.0,14,338,5181,8,1.0
98,0.0,0.0,0.0,1.0,8.0,5,89.64618751987393,89.64618751987393,no pobre,basal,1,750.0,916.5,1.0,56.0,15,338,5181,8,1.0
97,1.0,0.0,0.0,0.0,6.0,6,89.64618751987393,89.64618751987393,no pobre,basal,2,0.0,823.40002,1.0,70.0,16,338,5182,6,0.0
98,1.0,0.0,0.0,,,6,89.64618751987393,89.64618751987393,no pobre,basal,2,0.0,823.40002,1.0,70.0,17,338,5182,6,0.0
97,0.0,0.0,0.0,0.0,9.0,6,89.64618751987393,89.64618751987393,pobre,basal,0,0.0,671.0,1.0,48.0,16,338,5183,9,0.0
98,0.0,0.0,0.0,,,6,89.64618751987393,89.64618751987393,pobre,basal,0,0.0,671.0,1.0,48.0,17,338,5183,9,0.0
97,0.0,0.0,0.0,1.0,6.0,6,89.64618751987393,89.64618751987393,pobre,basal,0,0.0,671.0,1.0,48.0,11,338,5184,6,1.0
98,0.0,0.0,0.0,1.0,7.0,6,89.64618751987393,89.64618751987393,pobre,basal,0,0.0,671.0,1.0,48.0,12,338,5184,6,1.0
97,0.0,0.0,0.0,1.0,0.0,6,89.64618751987393,89.64618751987393,pobre,basal,0,0.0,671.0,1.0,48.0,6,338,5185,0,1.0
98,0.0,0.0,0.0,1.0,1.0,6,89.64618751987393,89.64618751987393,pobre,basal,0,0.0,671.0,1.0,48.0,7,338,5185,0,1.0
97,0.0,0.0,0.0,1.0,6.0,11,89.64618751987393,89.64618751987393,pobre,basal,0,750.0,354.0,1.0,51.0,15,338,5186,6,1.0
98,0.0,0.0,0.0,1.0,7.0,11,89.64618751987393,89.64618751987393,pobre,basal,0,750.0,354.0,1.0,51.0,16,338,5186,6,1.0
97,0.0,0.0,0.0,1.0,5.0,11,89.64618751987393,89.64618751987393,pobre,basal,0,750.0,354.0,1.0,51.0,14,338,5187,5,1.0
98,0.0,0.0,0.0,1.0,6.0,11,89.64618751987393,89.64618751987393,pobre,basal,0,750.0,354.0,1.0,51.0,15,338,5187,5,1.0
97,0.0,0.0,0.0,1.0,4.0,11,89.64618751987393,89.64618751987393,pobre,basal,0,750.0,354.0,1.0,51.0,12,338,5188,4,1.0
98,0.0,0.0,0.0,1.0,4.0,11,89.64618751987393,89.64618751987393,pobre,basal,0,750.0,354.0,1.0,51.0,13,338,5188,4,1.0
97,0.0,0.0,0.0,1.0,2.0,11,89.64618751987393,89.64618751987393,pobre,basal,0,750.0,354.0,1.0,51.0,9,338,5189,2,1.0
98,0.0,0.0,0.0,1.0,3.0,11,89.64618751987393,89.64618751987393,pobre,basal,0,750.0,354.0,1.0,51.0,10,338,5189,2,1.0
97,1.0,0.0,0.0,1.0,2.0,11,89.64618751987393,89.64618751987393,pobre,basal,0,750.0,354.0,1.0,51.0,8,338,5190,2,1.0
98,1.0,0.0,0.0,1.0,3.0,11,89.64618751987393,89.64618751987393,pobre,basal,0,750.0,354.0,1.0,51.0,9,338,5190,2,1.0
97,1.0,0.0,0.0,1.0,1.0,11,89.64618751987393,89.64618751987393,pobre,basal,0,750.0,354.0,1.0,51.0,7,338,5191,1,1.0
98,1.0,0.0,0.0,1.0,2.0,11,89.64618751987393,89.64618751987393,pobre,basal,0,750.0,354.0,1.0,51.0,8,338,5191,1,1.0
97,1.0,0.0,0.0,0.0,6.0,12,89.64618751987393,89.64618751987393,pobre,basal,3,0.0,688.0,1.0,44.0,15,338,5192,6,0.0
98,1.0,0.0,0.0,,,12,89.64618751987393,89.64618751987393,pobre,basal,3,0.0,688.0,1.0,44.0,16,338,5192,6,0.0
97,1.0,0.0,0.0,1.0,5.0,12,89.64618751987393,89.64618751987393,pobre,basal,3,0.0,688.0,1.0,44.0,13,338,5193,5,1.0
98,1.0,0.0,0.0,1.0,6.0,12,89.64618751987393,89.64618751987393,pobre,basal,3,0.0,688.0,1.0,44.0,14,338,5193,5,1.0
97,0.0,0.0,0.0,1.0,5.0,12,89.64618751987393,89.64618751987393,pobre,basal,3,0.0,688.0,1.0,44.0,12,338,5194,5,1.0
98,0.0,0.0,0.0,1.0,6.0,12,89.64618751987393,89.64618751987393,pobre,basal,3,0.0,688.0,1.0,44.0,13,338,5194,5,1.0
97,0.0,0.0,0.0,1.0,4.0,12,89.64618751987393,89.64618751987393,pobre,basal,3,0.0,688.0,1.0,44.0,9,338,5195,4,1.0
98,0.0,0.0,0.0,1.0,5.0,12,89.64618751987393,89.64618751987393,pobre,basal,3,0.0,688.0,1.0,44.0,10,338,5195,4,1.0
97,0.0,0.0,0.0,1.0,2.0,12,89.64618751987393,89.64618751987393,pobre,basal,3,0.0,688.0,1.0,44.0,8,338,5196,2,1.0
98,0.0,0.0,0.0,1.0,3.0,12,89.64618751987393,89.64618751987393,pobre,basal,3,0.0,688.0,1.0,44.0,9,338,5196,2,1.0
97,1.0,0.0,0.0,1.0,0.0,12,89.64618751987393,89.64618751987393,pobre,basal,3,0.0,688.0,1.0,44.0,6,338,5197,0,1.0
98,1.0,0.0,0.0,1.0,1.0,12,89.64618751987393,89.64618751987393,pobre,basal,3,0.0,688.0,1.0,44.0,7,338,5197,0,1.0
97,0.0,0.0,0.0,1.0,2.0,5,89.64618751987393,89.64618751987393,no pobre,basal,3,750.0,850.0,1.0,40.0,8,338,5198,2,1.0
98,0.0,0.0,0.0,1.0,3.0,5,89.64618751987393,89.64618751987393,no pobre,basal,3,750.0,850.0,1.0,40.0,9,338,5198,2,1.0
97,0.0,0.0,0.0,1.0,0.0,5,89.64618751987393,89.64618751987393,no pobre,basal,3,750.0,850.0,1.0,40.0,6,338,5199,0,1.0
98,0.0,0.0,0.0,1.0,1.0,5,89.64618751987393,89.64618751987393,no pobre,basal,3,750.0,850.0,1.0,40.0,7,338,5199,0,1.0
97,0.0,0.0,0.0,0.0,7.0,4,89.64618751987393,89.64618751987393,no pobre,basal,2,750.0,794.0,1.0,60.0,16,338,5200,7,0.0
98,0.0,0.0,0.0,,,4,89.64618751987393,89.64618751987393,no pobre,basal,2,750.0,794.0,1.0,60.0,17,338,5200,7,0.0
97,0.0,0.0,0.0,1.0,7.0,4,89.64618751987393,89.64618751987393,no pobre,basal,2,750.0,794.0,1.0,60.0,14,338,5201,7,1.0
98,0.0,0.0,0.0,1.0,8.0,4,89.64618751987393,89.64618751987393,no pobre,basal,2,750.0,794.0,1.0,60.0,15,338,5201,7,1.0
97,1.0,0.0,0.0,1.0,2.0,7,89.64618751987393,89.64618751987393,no pobre,basal,6,750.0,948.5,1.0,30.0,7,338,5202,2,1.0
98,1.0,0.0,0.0,1.0,3.0,7,89.64618751987393,89.64618751987393,no pobre,basal,6,750.0,948.5,1.0,30.0,8,338,5202,2,1.0
97,0.0,0.0,0.0,1.0,8.0,6,89.64618751987393,89.64618751987393,pobre,basal,5,750.0,652.0,1.0,45.0,15,338,5203,8,1.0
98,0.0,0.0,0.0,0.0,9.0,6,89.64618751987393,89.64618751987393,pobre,basal,5,750.0,652.0,1.0,45.0,16,338,5203,8,1.0
97,1.0,0.0,0.0,1.0,4.0,6,89.64618751987393,89.64618751987393,pobre,basal,5,750.0,652.0,1.0,45.0,10,338,5204,4,1.0
98,1.0,0.0,0.0,1.0,5.0,6,89.64618751987393,89.64618751987393,pobre,basal,5,750.0,652.0,1.0,45.0,11,338,5204,4,1.0
97,0.0,0.0,0.0,1.0,1.0,6,89.64618751987393,89.64618751987393,pobre,basal,5,750.0,652.0,1.0,45.0,7,338,5205,1,1.0
98,0.0,0.0,0.0,1.0,2.0,6,89.64618751987393,89.64618751987393,pobre,basal,5,750.0,652.0,1.0,45.0,8,338,5205,1,1.0
97,0.0,0.0,0.0,1.0,4.0,8,89.64618751987393,89.64618751987393,pobre,basal,0,750.0,673.0,1.0,33.0,10,338,5206,4,1.0
98,0.0,0.0,0.0,1.0,5.0,8,89.64618751987393,89.64618751987393,pobre,basal,0,750.0,673.0,1.0,33.0,11,338,5206,4,1.0
97,1.0,0.0,0.0,1.0,2.0,8,89.64618751987393,89.64618751987393,pobre,basal,0,750.0,673.0,1.0,33.0,9,338,5207,2,1.0
98,1.0,0.0,0.0,1.0,3.0,8,89.64618751987393,89.64618751987393,pobre,basal,0,750.0,673.0,1.0,33.0,10,338,5207,2,1.0
97,0.0,0.0,0.0,1.0,1.0,8,89.64618751987393,89.64618751987393,pobre,basal,0,750.0,673.0,1.0,33.0,7,338,5208,1,1.0
98,0.0,0.0,0.0,1.0,2.0,8,89.64618751987393,89.64618751987393,pobre,basal,0,750.0,673.0,1.0,33.0,8,338,5208,1,1.0
97,0.0,0.0,0.0,0.0,9.0,6,89.64618751987393,89.64618751987393,no pobre,basal,5,1250.0,895.40002,1.0,37.0,15,338,5209,9,0.0
98,0.0,0.0,0.0,0.0,9.0,6,89.64618751987393,89.64618751987393,no pobre,basal,5,1250.0,895.40002,1.0,37.0,16,338,5209,9,0.0
97,0.0,0.0,0.0,1.0,6.0,6,89.64618751987393,89.64618751987393,no pobre,basal,5,1250.0,895.40002,1.0,37.0,12,338,5210,6,1.0
98,0.0,0.0,0.0,1.0,7.0,6,89.64618751987393,89.64618751987393,no pobre,basal,5,1250.0,895.40002,1.0,37.0,13,338,5210,6,1.0
97,1.0,0.0,0.0,1.0,3.0,6,89.64618751987393,89.64618751987393,no pobre,basal,5,1250.0,895.40002,1.0,37.0,10,338,5211,3,1.0
98,1.0,0.0,0.0,1.0,4.0,6,89.64618751987393,89.64618751987393,no pobre,basal,5,1250.0,895.40002,1.0,37.0,11,338,5211,3,1.0
97,0.0,0.0,0.0,0.0,9.0,9,89.64618751987393,89.64618751987393,pobre,basal,3,750.0,563.57001,1.0,43.0,15,338,5212,9,0.0
98,0.0,0.0,0.0,0.0,9.0,9,89.64618751987393,89.64618751987393,pobre,basal,3,750.0,563.57001,1.0,43.0,16,338,5212,9,0.0
97,0.0,0.0,0.0,1.0,7.0,9,89.64618751987393,89.64618751987393,pobre,basal,3,750.0,563.57001,1.0,43.0,14,338,5213,7,1.0
98,0.0,0.0,0.0,1.0,8.0,9,89.64618751987393,89.64618751987393,pobre,basal,3,750.0,563.57001,1.0,43.0,15,338,5213,7,1.0
97,0.0,0.0,0.0,1.0,7.0,9,89.64618751987393,89.64618751987393,pobre,basal,3,750.0,563.57001,1.0,43.0,13,338,5214,7,1.0
98,0.0,0.0,0.0,1.0,8.0,9,89.64618751987393,89.64618751987393,pobre,basal,3,750.0,563.57001,1.0,43.0,14,338,5214,7,1.0
97,1.0,0.0,0.0,1.0,5.0,9,89.64618751987393,89.64618751987393,pobre,basal,3,750.0,563.57001,1.0,43.0,11,338,5215,5,1.0
98,1.0,0.0,0.0,1.0,6.0,9,89.64618751987393,89.64618751987393,pobre,basal,3,750.0,563.57001,1.0,43.0,12,338,5215,5,1.0
97,0.0,0.0,0.0,1.0,3.0,9,89.64618751987393,89.64618751987393,pobre,basal,3,750.0,563.57001,1.0,43.0,9,338,5216,3,1.0
98,0.0,0.0,0.0,1.0,4.0,9,89.64618751987393,89.64618751987393,pobre,basal,3,750.0,563.57001,1.0,43.0,10,338,5216,3,1.0
97,1.0,0.0,0.0,1.0,2.0,9,89.64618751987393,89.64618751987393,pobre,basal,3,750.0,563.57001,1.0,43.0,7,338,5217,2,1.0
98,1.0,0.0,0.0,1.0,3.0,9,89.64618751987393,89.64618751987393,pobre,basal,3,750.0,563.57001,1.0,43.0,8,338,5217,2,1.0
97,1.0,0.0,0.0,0.0,9.0,6,89.64618751987393,89.64618751987393,pobre,basal,3,625.0,584.0,1.0,51.0,15,338,5218,9,0.0
98,1.0,0.0,0.0,0.0,9.0,6,89.64618751987393,89.64618751987393,pobre,basal,3,625.0,584.0,1.0,51.0,16,338,5218,9,0.0
97,0.0,0.0,0.0,1.0,6.0,6,89.64618751987393,89.64618751987393,pobre,basal,3,625.0,584.0,1.0,51.0,13,338,5219,6,1.0
98,0.0,0.0,0.0,1.0,6.0,6,89.64618751987393,89.64618751987393,pobre,basal,3,625.0,584.0,1.0,51.0,14,338,5219,6,1.0
97,0.0,0.0,0.0,1.0,4.0,6,89.64618751987393,89.64618751987393,pobre,basal,3,625.0,584.0,1.0,51.0,11,338,5220,4,1.0
98,0.0,0.0,0.0,1.0,5.0,6,89.64618751987393,89.64618751987393,pobre,basal,3,625.0,584.0,1.0,51.0,12,338,5220,4,1.0
97,0.0,0.0,0.0,1.0,3.0,6,89.64618751987393,89.64618751987393,pobre,basal,3,625.0,584.0,1.0,51.0,9,338,5221,3,1.0
98,0.0,0.0,0.0,1.0,4.0,6,89.64618751987393,89.64618751987393,pobre,basal,3,625.0,584.0,1.0,51.0,10,338,5221,3,1.0
97,0.0,0.0,0.0,1.0,3.0,4,89.64618751987393,89.64618751987393,pobre,basal,3,200.0,729.0,1.0,43.0,10,338,5222,3,1.0
98,0.0,0.0,0.0,1.0,4.0,4,89.64618751987393,89.64618751987393,pobre,basal,3,200.0,729.0,1.0,43.0,11,338,5222,3,1.0
97,0.0,0.0,0.0,1.0,1.0,4,89.64618751987393,89.64618751987393,pobre,basal,3,200.0,729.0,1.0,43.0,7,338,5223,1,1.0
98,0.0,0.0,0.0,1.0,2.0,4,89.64618751987393,89.64618751987393,pobre,basal,3,200.0,729.0,1.0,43.0,8,338,5223,1,1.0
97,0.0,0.0,0.0,1.0,5.0,5,89.64618751987393,89.64618751987393,no pobre,basal,2,0.0,948.0,1.0,68.0,11,338,5224,5,1.0
98,0.0,0.0,0.0,1.0,6.0,5,89.64618751987393,89.64618751987393,no pobre,basal,2,0.0,948.0,1.0,68.0,12,338,5224,5,1.0
97,1.0,0.0,0.0,1.0,3.0,5,89.64618751987393,89.64618751987393,no pobre,basal,2,0.0,948.0,1.0,68.0,9,338,5225,3,1.0
98,1.0,0.0,0.0,1.0,4.0,5,89.64618751987393,89.64618751987393,no pobre,basal,2,0.0,948.0,1.0,68.0,10,338,5225,3,1.0
97,1.0,0.0,0.0,1.0,6.0,8,89.64618751987393,89.64618751987393,pobre,basal,4,2000.0,717.0,1.0,43.0,15,338,5226,6,1.0
98,1.0,0.0,0.0,1.0,7.0,8,89.64618751987393,89.64618751987393,pobre,basal,4,2000.0,717.0,1.0,43.0,16,338,5226,6,1.0
97,0.0,0.0,0.0,1.0,4.0,8,89.64618751987393,89.64618751987393,pobre,basal,4,2000.0,717.0,1.0,43.0,13,338,5227,4,1.0
98,0.0,0.0,0.0,1.0,5.0,8,89.64618751987393,89.64618751987393,pobre,basal,4,2000.0,717.0,1.0,43.0,14,338,5227,4,1.0
97,0.0,0.0,0.0,1.0,5.0,8,89.64618751987393,89.64618751987393,pobre,basal,4,2000.0,717.0,1.0,43.0,11,338,5228,5,1.0
98,0.0,0.0,0.0,1.0,6.0,8,89.64618751987393,89.64618751987393,pobre,basal,4,2000.0,717.0,1.0,43.0,12,338,5228,5,1.0
97,0.0,0.0,0.0,1.0,3.0,8,89.64618751987393,89.64618751987393,pobre,basal,4,2000.0,717.0,1.0,43.0,9,338,5229,3,1.0
98,0.0,0.0,0.0,1.0,4.0,8,89.64618751987393,89.64618751987393,pobre,basal,4,2000.0,717.0,1.0,43.0,10,338,5229,3,1.0
97,1.0,0.0,0.0,1.0,0.0,8,89.64618751987393,89.64618751987393,pobre,basal,4,2000.0,717.0,1.0,43.0,6,338,5230,0,1.0
98,1.0,0.0,0.0,1.0,1.0,8,89.64618751987393,89.64618751987393,pobre,basal,4,2000.0,717.0,1.0,43.0,7,338,5230,0,1.0
97,0.0,0.0,4.0159998,0.0,4.0,7,81.91323277287741,81.91323277287741,no pobre,basal,3,875.0,802.5,1.0,53.0,14,337,5231,4,0.0
98,0.0,0.0,4.0159998,,,7,81.91323277287741,81.91323277287741,no pobre,basal,3,875.0,802.5,1.0,53.0,15,337,5231,4,0.0
97,1.0,0.0,4.0159998,1.0,4.0,7,81.91323277287741,81.91323277287741,no pobre,basal,3,875.0,802.5,1.0,53.0,12,337,5232,4,1.0
98,1.0,0.0,4.0159998,,,7,81.91323277287741,81.91323277287741,no pobre,basal,3,875.0,802.5,1.0,53.0,13,337,5232,4,1.0
97,1.0,0.0,4.0159998,1.0,3.0,7,81.91323277287741,81.91323277287741,no pobre,basal,3,875.0,802.5,1.0,53.0,10,337,5233,3,1.0
98,1.0,0.0,4.0159998,,,7,81.91323277287741,81.91323277287741,no pobre,basal,3,875.0,802.5,1.0,53.0,11,337,5233,3,1.0
97,0.0,0.0,4.0159998,1.0,1.0,7,81.91323277287741,81.91323277287741,no pobre,basal,3,875.0,802.5,1.0,53.0,8,337,5234,1,1.0
98,0.0,0.0,4.0159998,,,7,81.91323277287741,81.91323277287741,no pobre,basal,3,875.0,802.5,1.0,53.0,9,337,5234,1,1.0
97,1.0,0.0,4.0159998,1.0,1.0,5,81.91323277287741,81.91323277287741,no pobre,basal,1,1250.0,1013.5,1.0,61.0,7,337,5235,1,1.0
98,1.0,0.0,4.0159998,0.0,2.0,5,81.91323277287741,81.91323277287741,no pobre,basal,1,1250.0,1013.5,1.0,61.0,8,337,5235,1,1.0
97,0.0,0.0,4.0159998,0.0,6.0,5,81.91323277287741,81.91323277287741,no pobre,basal,0,1200.0,960.5,1.0,72.0,14,337,5236,6,0.0
98,0.0,0.0,4.0159998,0.0,6.0,5,81.91323277287741,81.91323277287741,no pobre,basal,0,1200.0,960.5,1.0,72.0,15,337,5236,6,0.0
97,1.0,0.0,4.0159998,,4.0,8,81.91323277287741,81.91323277287741,pobre,basal,6,56.0,644.0,0.0,32.0,13,337,5237,4,
98,1.0,0.0,4.0159998,,,8,81.91323277287741,81.91323277287741,pobre,basal,6,56.0,644.0,0.0,32.0,14,337,5237,4,
97,1.0,0.0,4.0159998,,4.0,8,81.91323277287741,81.91323277287741,pobre,basal,6,56.0,644.0,0.0,32.0,12,337,5238,4,
98,1.0,0.0,4.0159998,,,8,81.91323277287741,81.91323277287741,pobre,basal,6,56.0,644.0,0.0,32.0,13,337,5238,4,
97,0.0,0.0,4.0159998,,4.0,8,81.91323277287741,81.91323277287741,pobre,basal,6,56.0,644.0,0.0,32.0,10,337,5239,4,
98,0.0,0.0,4.0159998,,,8,81.91323277287741,81.91323277287741,pobre,basal,6,56.0,644.0,0.0,32.0,11,337,5239,4,
97,1.0,0.0,4.0159998,,3.0,8,81.91323277287741,81.91323277287741,pobre,basal,6,56.0,644.0,0.0,32.0,9,337,5240,3,
98,1.0,0.0,4.0159998,,,8,81.91323277287741,81.91323277287741,pobre,basal,6,56.0,644.0,0.0,32.0,10,337,5240,3,
97,0.0,0.0,4.0159998,,0.0,8,81.91323277287741,81.91323277287741,pobre,basal,6,56.0,644.0,0.0,32.0,6,337,5241,0,
98,0.0,0.0,4.0159998,,,8,81.91323277287741,81.91323277287741,pobre,basal,6,56.0,644.0,0.0,32.0,7,337,5241,0,
97,1.0,0.0,4.0159998,0.0,9.0,7,81.91323277287741,81.91323277287741,no pobre,basal,3,0.0,949.0,1.0,53.0,16,337,5242,9,0.0
98,1.0,0.0,4.0159998,,,7,81.91323277287741,81.91323277287741,no pobre,basal,3,0.0,949.0,1.0,53.0,17,337,5242,9,0.0
97,0.0,0.0,4.0159998,1.0,6.0,7,81.91323277287741,81.91323277287741,no pobre,basal,3,0.0,949.0,1.0,53.0,15,337,5243,6,1.0
98,0.0,0.0,4.0159998,,,7,81.91323277287741,81.91323277287741,no pobre,basal,3,0.0,949.0,1.0,53.0,16,337,5243,6,1.0
97,1.0,0.0,4.0159998,1.0,5.0,7,81.91323277287741,81.91323277287741,no pobre,basal,3,0.0,949.0,1.0,53.0,13,337,5244,5,1.0
98,1.0,0.0,4.0159998,0.0,6.0,7,81.91323277287741,81.91323277287741,no pobre,basal,3,0.0,949.0,1.0,53.0,14,337,5244,5,1.0
97,0.0,0.0,4.0159998,0.0,6.0,5,81.91323277287741,81.91323277287741,no pobre,basal,1,6250.0,838.5,1.0,56.0,15,337,5245,6,0.0
98,0.0,0.0,4.0159998,,,5,81.91323277287741,81.91323277287741,no pobre,basal,1,6250.0,838.5,1.0,56.0,16,337,5245,6,0.0
97,1.0,0.0,4.0159998,1.0,4.0,5,81.91323277287741,81.91323277287741,no pobre,basal,1,6250.0,838.5,1.0,56.0,12,337,5246,4,1.0
98,1.0,0.0,4.0159998,,,5,81.91323277287741,81.91323277287741,no pobre,basal,1,6250.0,838.5,1.0,56.0,13,337,5246,4,1.0
97,1.0,0.0,4.0159998,0.0,6.0,5,81.91323277287741,81.91323277287741,no pobre,basal,1,6250.0,838.5,1.0,56.0,16,337,5247,6,0.0
98,1.0,0.0,4.0159998,,,5,81.91323277287741,81.91323277287741,no pobre,basal,1,6250.0,838.5,1.0,56.0,17,337,5247,6,0.0
97,1.0,0.0,4.0159998,1.0,4.0,5,81.91323277287741,81.91323277287741,pobre,basal,1,750.0,661.0,1.0,60.0,12,337,5248,4,1.0
98,1.0,0.0,4.0159998,,,5,81.91323277287741,81.91323277287741,pobre,basal,1,750.0,661.0,1.0,60.0,13,337,5248,4,1.0
97,1.0,0.0,4.0159998,0.0,6.0,5,81.91323277287741,81.91323277287741,pobre,basal,2,1000.0,744.0,1.0,53.0,16,337,5249,6,0.0
98,1.0,0.0,4.0159998,,,5,81.91323277287741,81.91323277287741,pobre,basal,2,1000.0,744.0,1.0,53.0,17,337,5249,6,0.0
97,0.0,0.0,4.0159998,1.0,5.0,5,81.91323277287741,81.91323277287741,pobre,basal,2,1000.0,744.0,1.0,53.0,13,337,5250,5,1.0
98,0.0,0.0,4.0159998,1.0,6.0,5,81.91323277287741,81.91323277287741,pobre,basal,2,1000.0,744.0,1.0,53.0,14,337,5250,5,1.0
97,0.0,1.0,1.529,1.0,0.0,6,146.8077238599486,198.9165995846622,pobre,0,2,500.0,696.0,1.0,27.0,6,302,5251,0,1.0
98,0.0,1.0,1.529,1.0,1.0,6,146.8077238599486,198.9165995846622,pobre,0,2,500.0,696.0,1.0,27.0,7,302,5251,0,1.0
97,0.0,1.0,1.529,1.0,3.0,4,146.8077238599486,198.9165995846622,pobre,0,0,500.0,664.0,1.0,51.0,12,302,5252,3,1.0
98,0.0,1.0,1.529,0.0,2.0,4,146.8077238599486,198.9165995846622,pobre,0,0,500.0,664.0,1.0,51.0,13,302,5252,3,1.0
97,1.0,1.0,1.529,0.0,3.0,4,146.8077238599486,198.9165995846622,pobre,0,0,500.0,664.0,1.0,51.0,16,302,5253,3,0.0
98,1.0,1.0,1.529,,,4,146.8077238599486,198.9165995846622,pobre,0,0,500.0,664.0,1.0,51.0,17,302,5253,3,0.0
97,1.0,0.0,0.0,1.0,2.0,5,132.4861135593033,188.9025584948613,pobre,basal,1,0.0,619.33002,1.0,45.0,10,319,5254,2,1.0
98,1.0,0.0,0.0,1.0,3.0,5,132.4861135593033,188.9025584948613,pobre,basal,1,0.0,619.33002,1.0,45.0,11,319,5254,2,1.0
97,1.0,0.0,0.0,1.0,1.0,5,132.4861135593033,188.9025584948613,pobre,basal,1,0.0,619.33002,1.0,45.0,6,319,5255,1,1.0
98,1.0,0.0,0.0,1.0,2.0,5,132.4861135593033,188.9025584948613,pobre,basal,1,0.0,619.33002,1.0,45.0,7,319,5255,1,1.0
97,1.0,0.0,0.0,1.0,8.0,8,132.4861135593033,188.9025584948613,pobre,basal,3,0.0,597.0,1.0,45.0,14,319,5256,8,1.0
98,1.0,0.0,0.0,,,8,132.4861135593033,188.9025584948613,pobre,basal,3,0.0,597.0,1.0,45.0,15,319,5256,8,1.0
97,1.0,0.0,0.0,1.0,6.0,8,132.4861135593033,188.9025584948613,pobre,basal,3,0.0,597.0,1.0,45.0,12,319,5257,6,1.0
98,1.0,0.0,0.0,,,8,132.4861135593033,188.9025584948613,pobre,basal,3,0.0,597.0,1.0,45.0,13,319,5257,6,1.0
97,0.0,0.0,0.0,1.0,4.0,8,132.4861135593033,188.9025584948613,pobre,basal,3,0.0,597.0,1.0,45.0,10,319,5258,4,1.0
98,0.0,0.0,0.0,,,8,132.4861135593033,188.9025584948613,pobre,basal,3,0.0,597.0,1.0,45.0,11,319,5258,4,1.0
97,0.0,0.0,0.0,1.0,1.0,6,132.4861135593033,188.9025584948613,no pobre,basal,9,975.0,1017.0,1.0,29.0,6,319,5259,1,1.0
98,0.0,0.0,0.0,1.0,1.0,6,132.4861135593033,188.9025584948613,no pobre,basal,9,975.0,1017.0,1.0,29.0,7,319,5259,1,1.0
97,1.0,0.0,0.0,1.0,8.0,4,132.4861135593033,188.9025584948613,no pobre,basal,3,625.0,916.0,1.0,44.0,14,319,5260,8,1.0
98,1.0,0.0,0.0,,,4,132.4861135593033,188.9025584948613,no pobre,basal,3,625.0,916.0,1.0,44.0,15,319,5260,8,1.0
97,0.0,0.0,0.0,1.0,7.0,7,132.4861135593033,188.9025584948613,no pobre,basal,3,925.0,971.0,1.0,42.0,13,319,5261,7,1.0
98,0.0,0.0,0.0,1.0,8.0,7,132.4861135593033,188.9025584948613,no pobre,basal,3,925.0,971.0,1.0,42.0,14,319,5261,7,1.0
97,1.0,0.0,0.0,1.0,4.0,7,132.4861135593033,188.9025584948613,no pobre,basal,3,925.0,971.0,1.0,42.0,10,319,5262,4,1.0
98,1.0,0.0,0.0,1.0,5.0,7,132.4861135593033,188.9025584948613,no pobre,basal,3,925.0,971.0,1.0,42.0,11,319,5262,4,1.0
97,1.0,0.0,0.0,0.0,9.0,5,132.4861135593033,188.9025584948613,pobre,basal,2,500.0,696.0,1.0,36.0,14,319,5263,9,0.0
98,1.0,0.0,0.0,0.0,9.0,5,132.4861135593033,188.9025584948613,pobre,basal,2,500.0,696.0,1.0,36.0,15,319,5263,9,0.0
97,0.0,0.0,0.0,1.0,5.0,5,132.4861135593033,188.9025584948613,pobre,basal,2,500.0,696.0,1.0,36.0,11,319,5264,5,1.0
98,0.0,0.0,0.0,1.0,6.0,5,132.4861135593033,188.9025584948613,pobre,basal,2,500.0,696.0,1.0,36.0,12,319,5264,5,1.0
97,1.0,0.0,0.0,0.0,6.0,7,132.4861135593033,188.9025584948613,no pobre,basal,1,0.0,862.0,1.0,65.0,16,319,5265,6,0.0
98,1.0,0.0,0.0,,,7,132.4861135593033,188.9025584948613,no pobre,basal,1,0.0,862.0,1.0,65.0,17,319,5265,6,0.0
97,0.0,0.0,0.0,1.0,4.0,7,132.4861135593033,188.9025584948613,no pobre,basal,1,0.0,862.0,1.0,65.0,14,319,5266,4,1.0
98,0.0,0.0,0.0,1.0,5.0,7,132.4861135593033,188.9025584948613,no pobre,basal,1,0.0,862.0,1.0,65.0,15,319,5266,4,1.0
97,1.0,0.0,0.0,1.0,4.0,7,132.4861135593033,188.9025584948613,no pobre,basal,1,0.0,862.0,1.0,65.0,11,319,5267,4,1.0
98,1.0,0.0,0.0,1.0,5.0,7,132.4861135593033,188.9025584948613,no pobre,basal,1,0.0,862.0,1.0,65.0,12,319,5267,4,1.0
97,0.0,0.0,0.0,1.0,0.0,3,132.4861135593033,188.9025584948613,pobre,basal,3,750.0,641.0,1.0,36.0,6,319,5268,0,1.0
98,0.0,0.0,0.0,1.0,1.0,3,132.4861135593033,188.9025584948613,pobre,basal,3,750.0,641.0,1.0,36.0,7,319,5268,0,1.0
97,1.0,0.0,0.0,1.0,4.0,6,132.4861135593033,188.9025584948613,no pobre,basal,9,1278.0,1053.0,1.0,38.0,11,319,5269,4,1.0
98,1.0,0.0,0.0,1.0,5.0,6,132.4861135593033,188.9025584948613,no pobre,basal,9,1278.0,1053.0,1.0,38.0,12,319,5269,4,1.0
97,0.0,0.0,0.0,0.0,6.0,6,132.4861135593033,188.9025584948613,pobre,basal,3,1000.0,744.0,1.0,40.0,16,319,5270,6,0.0
98,0.0,0.0,0.0,,,6,132.4861135593033,188.9025584948613,pobre,basal,3,1000.0,744.0,1.0,40.0,17,319,5270,6,0.0
97,1.0,0.0,0.0,1.0,6.0,6,132.4861135593033,188.9025584948613,pobre,basal,3,1000.0,744.0,1.0,40.0,15,319,5271,6,1.0
98,1.0,0.0,0.0,1.0,7.0,6,132.4861135593033,188.9025584948613,pobre,basal,3,1000.0,744.0,1.0,40.0,16,319,5271,6,1.0
97,1.0,0.0,0.0,1.0,5.0,6,132.4861135593033,188.9025584948613,pobre,basal,3,1000.0,744.0,1.0,40.0,13,319,5272,5,1.0
98,1.0,0.0,0.0,1.0,6.0,6,132.4861135593033,188.9025584948613,pobre,basal,3,1000.0,744.0,1.0,40.0,14,319,5272,5,1.0
97,1.0,0.0,0.0,1.0,3.0,6,132.4861135593033,188.9025584948613,pobre,basal,3,1000.0,744.0,1.0,40.0,11,319,5273,3,1.0
98,1.0,0.0,0.0,1.0,4.0,6,132.4861135593033,188.9025584948613,pobre,basal,3,1000.0,744.0,1.0,40.0,12,319,5273,3,1.0
97,1.0,0.0,0.0,1.0,3.0,3,132.4861135593033,188.9025584948613,pobre,basal,3,750.0,843.0,1.0,42.0,10,319,5274,3,1.0
98,1.0,0.0,0.0,1.0,4.0,3,132.4861135593033,188.9025584948613,pobre,basal,3,750.0,843.0,1.0,42.0,11,319,5274,3,1.0
97,0.0,0.0,0.0,1.0,3.0,5,132.4861135593033,188.9025584948613,no pobre,basal,9,600.0,858.0,1.0,30.0,10,319,5275,3,1.0
98,0.0,0.0,0.0,1.0,4.0,5,132.4861135593033,188.9025584948613,no pobre,basal,9,600.0,858.0,1.0,30.0,11,319,5275,3,1.0
97,0.0,0.0,0.0,1.0,6.0,5,132.4861135593033,188.9025584948613,no pobre,basal,7,2800.0,1143.5,1.0,36.0,11,319,5276,6,1.0
98,0.0,0.0,0.0,1.0,7.0,5,132.4861135593033,188.9025584948613,no pobre,basal,7,2800.0,1143.5,1.0,36.0,12,319,5276,6,1.0
97,0.0,0.0,0.0,1.0,4.0,5,132.4861135593033,188.9025584948613,no pobre,basal,7,2800.0,1143.5,1.0,36.0,9,319,5277,4,1.0
98,0.0,0.0,0.0,1.0,4.0,5,132.4861135593033,188.9025584948613,no pobre,basal,7,2800.0,1143.5,1.0,36.0,10,319,5277,4,1.0
97,1.0,0.0,0.0,1.0,0.0,5,132.4861135593033,188.9025584948613,no pobre,basal,7,2800.0,1143.5,1.0,36.0,6,319,5278,0,1.0
98,1.0,0.0,0.0,1.0,1.0,5,132.4861135593033,188.9025584948613,no pobre,basal,7,2800.0,1143.5,1.0,36.0,7,319,5278,0,1.0
97,1.0,0.0,0.0,1.0,4.0,6,132.4861135593033,188.9025584948613,pobre,basal,9,1800.0,814.0,1.0,36.0,10,319,5279,4,1.0
98,1.0,0.0,0.0,1.0,5.0,6,132.4861135593033,188.9025584948613,pobre,basal,9,1800.0,814.0,1.0,36.0,11,319,5279,4,1.0
97,1.0,0.0,0.0,1.0,3.0,6,132.4861135593033,188.9025584948613,pobre,basal,9,1800.0,814.0,1.0,36.0,9,319,5280,3,1.0
98,1.0,0.0,0.0,1.0,4.0,6,132.4861135593033,188.9025584948613,pobre,basal,9,1800.0,814.0,1.0,36.0,10,319,5280,3,1.0
97,1.0,0.0,0.0,1.0,1.0,6,132.4861135593033,188.9025584948613,pobre,basal,9,1800.0,814.0,1.0,36.0,7,319,5281,1,1.0
98,1.0,0.0,0.0,1.0,2.0,6,132.4861135593033,188.9025584948613,pobre,basal,9,1800.0,814.0,1.0,36.0,8,319,5281,1,1.0
97,1.0,0.0,0.0,1.0,0.0,8,132.4861135593033,188.9025584948613,no pobre,basal,0,1200.0,956.0,1.0,53.0,6,319,5282,0,1.0
98,1.0,0.0,0.0,1.0,1.0,8,132.4861135593033,188.9025584948613,no pobre,basal,0,1200.0,956.0,1.0,53.0,7,319,5282,0,1.0
97,1.0,0.0,0.0,1.0,4.0,4,132.4861135593033,188.9025584948613,no pobre,basal,9,2000.0,996.0,1.0,31.0,10,319,5283,4,1.0
98,1.0,0.0,0.0,1.0,5.0,4,132.4861135593033,188.9025584948613,no pobre,basal,9,2000.0,996.0,1.0,31.0,11,319,5283,4,1.0
97,1.0,0.0,0.0,1.0,4.0,4,132.4861135593033,188.9025584948613,pobre,basal,3,150.0,630.0,1.0,42.0,13,319,5284,4,1.0
98,1.0,0.0,0.0,1.0,5.0,4,132.4861135593033,188.9025584948613,pobre,basal,3,150.0,630.0,1.0,42.0,14,319,5284,4,1.0
97,0.0,0.0,0.0,0.0,9.0,8,132.4861135593033,188.9025584948613,pobre,basal,2,750.0,599.0,1.0,42.0,16,319,5285,9,0.0
98,0.0,0.0,0.0,,,8,132.4861135593033,188.9025584948613,pobre,basal,2,750.0,599.0,1.0,42.0,17,319,5285,9,0.0
97,1.0,0.0,0.0,1.0,7.0,8,132.4861135593033,188.9025584948613,pobre,basal,2,750.0,599.0,1.0,42.0,13,319,5286,7,1.0
98,1.0,0.0,0.0,1.0,8.0,8,132.4861135593033,188.9025584948613,pobre,basal,2,750.0,599.0,1.0,42.0,14,319,5286,7,1.0
97,0.0,0.0,0.0,1.0,5.0,8,132.4861135593033,188.9025584948613,pobre,basal,2,750.0,599.0,1.0,42.0,12,319,5287,5,1.0
98,0.0,0.0,0.0,1.0,6.0,8,132.4861135593033,188.9025584948613,pobre,basal,2,750.0,599.0,1.0,42.0,13,319,5287,5,1.0
97,1.0,0.0,0.0,1.0,0.0,8,132.4861135593033,188.9025584948613,pobre,basal,2,750.0,599.0,1.0,42.0,9,319,5288,0,1.0
98,1.0,0.0,0.0,1.0,1.0,8,132.4861135593033,188.9025584948613,pobre,basal,2,750.0,599.0,1.0,42.0,10,319,5288,0,1.0
97,0.0,0.0,0.0,1.0,1.0,8,132.4861135593033,188.9025584948613,pobre,basal,2,750.0,599.0,1.0,42.0,9,319,5289,1,1.0
98,0.0,0.0,0.0,1.0,1.0,8,132.4861135593033,188.9025584948613,pobre,basal,2,750.0,599.0,1.0,42.0,10,319,5289,1,1.0
97,1.0,0.0,4.0939999,1.0,7.0,5,126.546352636077,196.1487348154265,pobre,basal,4,500.0,684.0,1.0,38.0,15,325,5290,7,1.0
98,1.0,0.0,4.0939999,1.0,8.0,5,126.546352636077,196.1487348154265,pobre,basal,4,500.0,684.0,1.0,38.0,16,325,5290,7,1.0
97,0.0,0.0,4.0939999,1.0,5.0,5,126.546352636077,196.1487348154265,pobre,basal,4,500.0,684.0,1.0,38.0,13,325,5291,5,1.0
98,0.0,0.0,4.0939999,1.0,6.0,5,126.546352636077,196.1487348154265,pobre,basal,4,500.0,684.0,1.0,38.0,14,325,5291,5,1.0
97,0.0,0.0,4.0939999,1.0,4.0,5,126.546352636077,196.1487348154265,pobre,basal,4,500.0,684.0,1.0,38.0,11,325,5292,4,1.0
98,0.0,0.0,4.0939999,1.0,5.0,5,126.546352636077,196.1487348154265,pobre,basal,4,500.0,684.0,1.0,38.0,12,325,5292,4,1.0
97,0.0,0.0,4.0939999,1.0,5.0,4,126.546352636077,196.1487348154265,pobre,basal,0,0.0,718.0,0.0,43.0,12,325,5293,5,1.0
98,0.0,0.0,4.0939999,,,4,126.546352636077,196.1487348154265,pobre,basal,0,0.0,718.0,0.0,43.0,13,325,5293,5,1.0
97,1.0,0.0,4.0939999,1.0,4.0,4,126.546352636077,196.1487348154265,pobre,basal,0,0.0,718.0,0.0,43.0,11,325,5294,4,1.0
98,1.0,0.0,4.0939999,,,4,126.546352636077,196.1487348154265,pobre,basal,0,0.0,718.0,0.0,43.0,12,325,5294,4,1.0
97,1.0,0.0,4.0939999,1.0,1.0,6,126.546352636077,196.1487348154265,pobre,basal,1,625.0,806.0,1.0,54.0,8,325,5295,1,1.0
98,1.0,0.0,4.0939999,1.0,3.0,6,126.546352636077,196.1487348154265,pobre,basal,1,625.0,806.0,1.0,54.0,9,325,5295,1,1.0
97,1.0,0.0,4.0939999,1.0,5.0,6,126.546352636077,196.1487348154265,pobre,basal,0,625.0,690.0,1.0,38.0,13,325,5296,5,1.0
98,1.0,0.0,4.0939999,1.0,6.0,6,126.546352636077,196.1487348154265,pobre,basal,0,625.0,690.0,1.0,38.0,14,325,5296,5,1.0
97,1.0,0.0,4.0939999,1.0,3.0,6,126.546352636077,196.1487348154265,pobre,basal,0,625.0,690.0,1.0,38.0,12,325,5297,3,1.0
98,1.0,0.0,4.0939999,1.0,4.0,6,126.546352636077,196.1487348154265,pobre,basal,0,625.0,690.0,1.0,38.0,13,325,5297,3,1.0
97,1.0,0.0,4.0939999,1.0,2.0,6,126.546352636077,196.1487348154265,pobre,basal,0,625.0,690.0,1.0,38.0,11,325,5298,2,1.0
98,1.0,0.0,4.0939999,1.0,3.0,6,126.546352636077,196.1487348154265,pobre,basal,0,625.0,690.0,1.0,38.0,12,325,5298,2,1.0
97,0.0,0.0,4.0939999,1.0,3.0,6,126.546352636077,196.1487348154265,pobre,basal,5,625.0,646.0,1.0,28.0,9,325,5299,3,1.0
98,0.0,0.0,4.0939999,1.0,4.0,6,126.546352636077,196.1487348154265,pobre,basal,5,625.0,646.0,1.0,28.0,10,325,5299,3,1.0
97,0.0,0.0,4.0939999,1.0,0.0,6,126.546352636077,196.1487348154265,pobre,basal,5,625.0,646.0,1.0,28.0,6,325,5300,0,1.0
98,0.0,0.0,4.0939999,1.0,1.0,6,126.546352636077,196.1487348154265,pobre,basal,5,625.0,646.0,1.0,28.0,7,325,5300,0,1.0
97,1.0,0.0,4.0939999,0.0,4.0,8,126.546352636077,196.1487348154265,pobre,basal,2,500.0,546.0,1.0,35.0,14,325,5301,4,0.0
98,1.0,0.0,4.0939999,0.0,4.0,8,126.546352636077,196.1487348154265,pobre,basal,2,500.0,546.0,1.0,35.0,15,325,5301,4,0.0
97,0.0,0.0,4.0939999,1.0,4.0,8,126.546352636077,196.1487348154265,pobre,basal,2,500.0,546.0,1.0,35.0,13,325,5302,4,1.0
98,0.0,0.0,4.0939999,1.0,5.0,8,126.546352636077,196.1487348154265,pobre,basal,2,500.0,546.0,1.0,35.0,14,325,5302,4,1.0
97,0.0,0.0,4.0939999,1.0,3.0,8,126.546352636077,196.1487348154265,pobre,basal,2,500.0,546.0,1.0,35.0,12,325,5303,3,1.0
98,0.0,0.0,4.0939999,1.0,3.0,8,126.546352636077,196.1487348154265,pobre,basal,2,500.0,546.0,1.0,35.0,13,325,5303,3,1.0
97,0.0,0.0,4.0939999,1.0,2.0,8,126.546352636077,196.1487348154265,pobre,basal,2,500.0,546.0,1.0,35.0,10,325,5304,2,1.0
98,0.0,0.0,4.0939999,1.0,3.0,8,126.546352636077,196.1487348154265,pobre,basal,2,500.0,546.0,1.0,35.0,11,325,5304,2,1.0
97,1.0,0.0,4.0939999,1.0,1.0,8,126.546352636077,196.1487348154265,pobre,basal,2,500.0,546.0,1.0,35.0,9,325,5305,1,1.0
98,1.0,0.0,4.0939999,1.0,2.0,8,126.546352636077,196.1487348154265,pobre,basal,2,500.0,546.0,1.0,35.0,10,325,5305,1,1.0
97,0.0,0.0,4.0939999,1.0,0.0,8,126.546352636077,196.1487348154265,pobre,basal,2,500.0,546.0,1.0,35.0,8,325,5306,0,1.0
98,0.0,0.0,4.0939999,1.0,1.0,8,126.546352636077,196.1487348154265,pobre,basal,2,500.0,546.0,1.0,35.0,9,325,5306,0,1.0
97,1.0,0.0,4.0939999,1.0,8.0,6,126.546352636077,196.1487348154265,no pobre,basal,6,1000.0,1041.0,1.0,43.0,15,325,5307,8,1.0
98,1.0,0.0,4.0939999,1.0,8.0,6,126.546352636077,196.1487348154265,no pobre,basal,6,1000.0,1041.0,1.0,43.0,16,325,5307,8,1.0
97,1.0,0.0,4.0939999,1.0,4.0,6,126.546352636077,196.1487348154265,no pobre,basal,6,1000.0,1041.0,1.0,43.0,10,325,5308,4,1.0
98,1.0,0.0,4.0939999,1.0,5.0,6,126.546352636077,196.1487348154265,no pobre,basal,6,1000.0,1041.0,1.0,43.0,11,325,5308,4,1.0
97,1.0,0.0,4.0939999,1.0,7.0,6,126.546352636077,196.1487348154265,pobre,basal,5,625.0,665.0,1.0,35.0,15,325,5309,7,1.0
98,1.0,0.0,4.0939999,1.0,8.0,6,126.546352636077,196.1487348154265,pobre,basal,5,625.0,665.0,1.0,35.0,16,325,5309,7,1.0
97,1.0,0.0,4.0939999,1.0,3.0,6,126.546352636077,196.1487348154265,pobre,basal,5,625.0,665.0,1.0,35.0,12,325,5310,3,1.0
98,1.0,0.0,4.0939999,1.0,4.0,6,126.546352636077,196.1487348154265,pobre,basal,5,625.0,665.0,1.0,35.0,13,325,5310,3,1.0
97,0.0,0.0,4.0939999,1.0,2.0,6,126.546352636077,196.1487348154265,pobre,basal,5,625.0,665.0,1.0,35.0,8,325,5311,2,1.0
98,0.0,0.0,4.0939999,1.0,3.0,6,126.546352636077,196.1487348154265,pobre,basal,5,625.0,665.0,1.0,35.0,9,325,5311,2,1.0
97,1.0,0.0,4.0939999,1.0,0.0,6,126.546352636077,196.1487348154265,pobre,basal,5,625.0,665.0,1.0,35.0,6,325,5312,0,1.0
98,1.0,0.0,4.0939999,1.0,0.0,6,126.546352636077,196.1487348154265,pobre,basal,5,625.0,665.0,1.0,35.0,7,325,5312,0,1.0
97,0.0,0.0,4.0939999,1.0,7.0,7,126.546352636077,196.1487348154265,pobre,basal,9,1750.0,811.0,1.0,38.0,15,325,5313,7,1.0
98,0.0,0.0,4.0939999,,,7,126.546352636077,196.1487348154265,pobre,basal,9,1750.0,811.0,1.0,38.0,16,325,5313,7,1.0
97,0.0,0.0,4.0939999,1.0,7.0,7,126.546352636077,196.1487348154265,pobre,basal,9,1750.0,811.0,1.0,38.0,13,325,5314,7,1.0
98,0.0,0.0,4.0939999,,,7,126.546352636077,196.1487348154265,pobre,basal,9,1750.0,811.0,1.0,38.0,14,325,5314,7,1.0
97,0.0,0.0,4.0939999,1.0,3.0,7,126.546352636077,196.1487348154265,pobre,basal,9,1750.0,811.0,1.0,38.0,9,325,5315,3,1.0
98,0.0,0.0,4.0939999,,,7,126.546352636077,196.1487348154265,pobre,basal,9,1750.0,811.0,1.0,38.0,10,325,5315,3,1.0
97,1.0,0.0,4.0939999,1.0,2.0,7,126.546352636077,196.1487348154265,pobre,basal,9,1750.0,811.0,1.0,38.0,8,325,5316,2,1.0
98,1.0,0.0,4.0939999,,,7,126.546352636077,196.1487348154265,pobre,basal,9,1750.0,811.0,1.0,38.0,9,325,5316,2,1.0
97,0.0,0.0,4.0939999,1.0,1.0,7,126.546352636077,196.1487348154265,pobre,basal,9,1750.0,811.0,1.0,38.0,7,325,5317,1,1.0
98,0.0,0.0,4.0939999,,,7,126.546352636077,196.1487348154265,pobre,basal,9,1750.0,811.0,1.0,38.0,8,325,5317,1,1.0
97,1.0,0.0,4.0939999,1.0,5.0,6,126.546352636077,196.1487348154265,pobre,basal,1,0.0,755.0,1.0,67.0,12,325,5318,5,1.0
98,1.0,0.0,4.0939999,1.0,6.0,6,126.546352636077,196.1487348154265,pobre,basal,1,0.0,755.0,1.0,67.0,13,325,5318,5,1.0
97,0.0,0.0,4.0939999,1.0,1.0,6,126.546352636077,196.1487348154265,pobre,basal,1,0.0,755.0,1.0,67.0,7,325,5319,1,1.0
98,0.0,0.0,4.0939999,1.0,2.0,6,126.546352636077,196.1487348154265,pobre,basal,1,0.0,755.0,1.0,67.0,8,325,5319,1,1.0
97,0.0,0.0,4.0939999,0.0,5.0,9,126.546352636077,196.1487348154265,no pobre,basal,0,625.0,870.5,1.0,52.0,16,325,5320,5,0.0
98,0.0,0.0,4.0939999,,,9,126.546352636077,196.1487348154265,no pobre,basal,0,625.0,870.5,1.0,52.0,17,325,5320,5,0.0
97,0.0,0.0,4.0939999,1.0,5.0,9,126.546352636077,196.1487348154265,no pobre,basal,0,625.0,870.5,1.0,52.0,15,325,5321,5,1.0
98,0.0,0.0,4.0939999,0.0,6.0,9,126.546352636077,196.1487348154265,no pobre,basal,0,625.0,870.5,1.0,52.0,16,325,5321,5,1.0
97,0.0,0.0,4.0939999,1.0,3.0,9,126.546352636077,196.1487348154265,no pobre,basal,0,625.0,870.5,1.0,52.0,13,325,5322,3,1.0
98,0.0,0.0,4.0939999,1.0,4.0,9,126.546352636077,196.1487348154265,no pobre,basal,0,625.0,870.5,1.0,52.0,14,325,5322,3,1.0
97,1.0,0.0,4.0939999,1.0,4.0,9,126.546352636077,196.1487348154265,no pobre,basal,0,625.0,870.5,1.0,52.0,11,325,5323,4,1.0
98,1.0,0.0,4.0939999,1.0,5.0,9,126.546352636077,196.1487348154265,no pobre,basal,0,625.0,870.5,1.0,52.0,12,325,5323,4,1.0
97,1.0,0.0,4.0939999,1.0,1.0,9,126.546352636077,196.1487348154265,no pobre,basal,0,625.0,870.5,1.0,52.0,9,325,5324,1,1.0
98,1.0,0.0,4.0939999,1.0,2.0,9,126.546352636077,196.1487348154265,no pobre,basal,0,625.0,870.5,1.0,52.0,10,325,5324,1,1.0
97,1.0,0.0,4.0939999,1.0,0.0,9,126.546352636077,196.1487348154265,no pobre,basal,0,625.0,870.5,1.0,52.0,7,325,5325,0,1.0
98,1.0,0.0,4.0939999,0.0,1.0,9,126.546352636077,196.1487348154265,no pobre,basal,0,625.0,870.5,1.0,52.0,8,325,5325,0,1.0
97,1.0,0.0,4.0939999,1.0,4.0,6,126.546352636077,196.1487348154265,pobre,basal,0,0.0,754.0,1.0,72.0,12,325,5326,4,1.0
98,1.0,0.0,4.0939999,1.0,5.0,6,126.546352636077,196.1487348154265,pobre,basal,0,0.0,754.0,1.0,72.0,13,325,5326,4,1.0
97,0.0,0.0,4.0939999,1.0,3.0,6,126.546352636077,196.1487348154265,pobre,basal,0,0.0,754.0,1.0,72.0,9,325,5327,3,1.0
98,0.0,0.0,4.0939999,1.0,4.0,6,126.546352636077,196.1487348154265,pobre,basal,0,0.0,754.0,1.0,72.0,10,325,5327,3,1.0
97,1.0,0.0,4.0939999,0.0,5.0,4,126.546352636077,196.1487348154265,pobre,basal,1,720.0,740.0,1.0,52.0,14,325,5328,5,0.0
98,1.0,0.0,4.0939999,0.0,5.0,4,126.546352636077,196.1487348154265,pobre,basal,1,720.0,740.0,1.0,52.0,15,325,5328,5,0.0
97,1.0,0.0,4.0939999,,0.0,4,126.546352636077,196.1487348154265,pobre,basal,1,720.0,740.0,1.0,52.0,16,325,5329,0,
98,1.0,0.0,4.0939999,,,4,126.546352636077,196.1487348154265,pobre,basal,1,720.0,740.0,1.0,52.0,17,325,5329,0,
97,1.0,0.0,4.0939999,0.0,5.0,6,126.546352636077,196.1487348154265,pobre,basal,0,400.0,718.0,1.0,66.0,15,325,5330,5,0.0
98,1.0,0.0,4.0939999,0.0,5.0,6,126.546352636077,196.1487348154265,pobre,basal,0,400.0,718.0,1.0,66.0,16,325,5330,5,0.0
97,1.0,0.0,4.0939999,1.0,5.0,6,126.546352636077,196.1487348154265,pobre,basal,0,400.0,718.0,1.0,66.0,13,325,5331,5,1.0
98,1.0,0.0,4.0939999,1.0,5.0,6,126.546352636077,196.1487348154265,pobre,basal,0,400.0,718.0,1.0,66.0,14,325,5331,5,1.0
97,1.0,0.0,4.0939999,1.0,4.0,6,126.546352636077,196.1487348154265,pobre,basal,0,400.0,718.0,1.0,66.0,11,325,5332,4,1.0
98,1.0,0.0,4.0939999,1.0,5.0,6,126.546352636077,196.1487348154265,pobre,basal,0,400.0,718.0,1.0,66.0,12,325,5332,4,1.0
97,0.0,0.0,4.0939999,1.0,1.0,6,126.546352636077,196.1487348154265,pobre,basal,0,400.0,718.0,1.0,66.0,7,325,5333,1,1.0
98,0.0,0.0,4.0939999,1.0,2.0,6,126.546352636077,196.1487348154265,pobre,basal,0,400.0,718.0,1.0,66.0,8,325,5333,1,1.0
97,1.0,0.0,4.0939999,1.0,5.0,3,126.546352636077,196.1487348154265,pobre,basal,0,625.0,722.0,1.0,57.0,15,325,5334,5,1.0
98,1.0,0.0,4.0939999,1.0,6.0,3,126.546352636077,196.1487348154265,pobre,basal,0,625.0,722.0,1.0,57.0,16,325,5334,5,1.0
97,1.0,0.0,4.0939999,0.0,7.0,6,126.546352636077,196.1487348154265,pobre,basal,1,625.0,736.0,1.0,45.0,15,325,5335,7,0.0
98,1.0,0.0,4.0939999,0.0,7.0,6,126.546352636077,196.1487348154265,pobre,basal,1,625.0,736.0,1.0,45.0,16,325,5335,7,0.0
97,1.0,0.0,4.0939999,1.0,4.0,6,126.546352636077,196.1487348154265,pobre,basal,1,625.0,736.0,1.0,45.0,10,325,5336,4,1.0
98,1.0,0.0,4.0939999,1.0,5.0,6,126.546352636077,196.1487348154265,pobre,basal,1,625.0,736.0,1.0,45.0,11,325,5336,4,1.0
97,1.0,0.0,4.0939999,1.0,2.0,6,126.546352636077,196.1487348154265,pobre,basal,1,625.0,527.0,1.0,35.0,8,325,5337,2,1.0
98,1.0,0.0,4.0939999,1.0,3.0,6,126.546352636077,196.1487348154265,pobre,basal,1,625.0,527.0,1.0,35.0,9,325,5337,2,1.0
97,0.0,0.0,4.0939999,1.0,1.0,6,126.546352636077,196.1487348154265,pobre,basal,1,625.0,527.0,1.0,35.0,7,325,5338,1,1.0
98,0.0,0.0,4.0939999,1.0,2.0,6,126.546352636077,196.1487348154265,pobre,basal,1,625.0,527.0,1.0,35.0,8,325,5338,1,1.0
97,0.0,0.0,4.0939999,1.0,0.0,6,126.546352636077,196.1487348154265,pobre,basal,1,625.0,527.0,1.0,35.0,6,325,5339,0,1.0
98,0.0,0.0,4.0939999,1.0,1.0,6,126.546352636077,196.1487348154265,pobre,basal,1,625.0,527.0,1.0,35.0,7,325,5339,0,1.0
97,0.0,0.0,4.0939999,1.0,4.0,5,126.546352636077,196.1487348154265,pobre,basal,3,375.0,854.0,1.0,50.0,10,325,5340,4,1.0
98,0.0,0.0,4.0939999,1.0,5.0,5,126.546352636077,196.1487348154265,pobre,basal,3,375.0,854.0,1.0,50.0,11,325,5340,4,1.0
97,1.0,0.0,4.0939999,1.0,0.0,5,126.546352636077,196.1487348154265,pobre,basal,3,375.0,854.0,1.0,50.0,6,325,5341,0,1.0
98,1.0,0.0,4.0939999,1.0,1.0,5,126.546352636077,196.1487348154265,pobre,basal,3,375.0,854.0,1.0,50.0,7,325,5341,0,1.0
97,1.0,0.0,4.0939999,1.0,4.0,6,126.546352636077,196.1487348154265,no pobre,basal,2,166.66667,890.0,1.0,75.0,11,325,5342,4,1.0
98,1.0,0.0,4.0939999,1.0,5.0,6,126.546352636077,196.1487348154265,no pobre,basal,2,166.66667,890.0,1.0,75.0,12,325,5342,4,1.0
97,1.0,0.0,4.0939999,1.0,3.0,4,126.546352636077,196.1487348154265,pobre,basal,5,625.0,621.0,1.0,34.0,9,325,5343,3,1.0
98,1.0,0.0,4.0939999,1.0,4.0,4,126.546352636077,196.1487348154265,pobre,basal,5,625.0,621.0,1.0,34.0,10,325,5343,3,1.0
97,0.0,0.0,0.0,1.0,9.0,4,113.5564965424124,227.6596456556667,no pobre,0,0,0.0,1076.0,1.0,65.0,16,369,5344,9,1.0
98,0.0,0.0,0.0,,,4,113.5564965424124,227.6596456556667,no pobre,0,0,0.0,1076.0,1.0,65.0,17,369,5344,9,1.0
97,0.0,1.0,0.0,1.0,7.0,10,113.5564965424124,227.6596456556667,pobre,0,3,480.0,802.5,1.0,75.0,13,369,5345,7,1.0
98,0.0,1.0,0.0,1.0,8.0,10,113.5564965424124,227.6596456556667,pobre,0,3,480.0,802.5,1.0,75.0,14,369,5345,7,1.0
97,0.0,1.0,0.0,0.0,9.0,5,113.5564965424124,227.6596456556667,no pobre,0,0,640.0,905.0,1.0,59.0,16,369,5346,9,0.0
98,0.0,1.0,0.0,,,5,113.5564965424124,227.6596456556667,no pobre,0,0,640.0,905.0,1.0,59.0,17,369,5346,9,0.0
97,0.0,1.0,0.0,0.0,3.0,6,113.5564965424124,227.6596456556667,pobre,0,0,0.0,671.0,1.0,73.0,14,369,5347,3,0.0
98,0.0,1.0,0.0,0.0,3.0,6,113.5564965424124,227.6596456556667,pobre,0,0,0.0,671.0,1.0,73.0,15,369,5347,3,0.0
97,0.0,1.0,0.0,0.0,9.0,6,113.5564965424124,227.6596456556667,no pobre,0,2,2000.0,943.5,1.0,58.0,14,369,5348,9,0.0
98,0.0,1.0,0.0,0.0,9.0,6,113.5564965424124,227.6596456556667,no pobre,0,2,2000.0,943.5,1.0,58.0,15,369,5348,9,0.0
97,1.0,0.0,0.0,1.0,1.0,4,113.5564965424124,227.6596456556667,no pobre,0,3,1500.0,776.0,1.0,36.0,7,369,5349,1,1.0
98,1.0,0.0,0.0,1.0,2.0,4,113.5564965424124,227.6596456556667,no pobre,0,3,1500.0,776.0,1.0,36.0,8,369,5349,1,1.0
97,0.0,0.0,0.0,1.0,0.0,4,113.5564965424124,227.6596456556667,no pobre,0,3,1500.0,776.0,1.0,36.0,6,369,5350,0,1.0
98,0.0,0.0,0.0,1.0,1.0,4,113.5564965424124,227.6596456556667,no pobre,0,3,1500.0,776.0,1.0,36.0,7,369,5350,0,1.0
97,0.0,1.0,0.0,1.0,7.0,11,113.5564965424124,227.6596456556667,pobre,0,2,2000.0,742.40002,1.0,48.0,14,369,5351,7,1.0
98,0.0,1.0,0.0,1.0,8.0,11,113.5564965424124,227.6596456556667,pobre,0,2,2000.0,742.40002,1.0,48.0,15,369,5351,7,1.0
97,0.0,1.0,0.0,1.0,5.0,11,113.5564965424124,227.6596456556667,pobre,0,2,2000.0,742.40002,1.0,48.0,11,369,5352,5,1.0
98,0.0,1.0,0.0,1.0,6.0,11,113.5564965424124,227.6596456556667,pobre,0,2,2000.0,742.40002,1.0,48.0,12,369,5352,5,1.0
97,1.0,1.0,0.0,1.0,3.0,11,113.5564965424124,227.6596456556667,pobre,0,2,2000.0,742.40002,1.0,48.0,8,369,5353,3,1.0
98,1.0,1.0,0.0,1.0,3.0,11,113.5564965424124,227.6596456556667,pobre,0,2,2000.0,742.40002,1.0,48.0,9,369,5353,3,1.0
97,0.0,1.0,0.0,1.0,9.0,10,113.5564965424124,227.6596456556667,pobre,0,3,375.0,730.0,1.0,46.0,16,369,5354,9,1.0
98,0.0,1.0,0.0,,,10,113.5564965424124,227.6596456556667,pobre,0,3,375.0,730.0,1.0,46.0,17,369,5354,9,1.0
97,0.0,1.0,0.0,1.0,5.0,10,113.5564965424124,227.6596456556667,pobre,0,3,375.0,730.0,1.0,46.0,13,369,5355,5,1.0
98,0.0,1.0,0.0,1.0,6.0,10,113.5564965424124,227.6596456556667,pobre,0,3,375.0,730.0,1.0,46.0,14,369,5355,5,1.0
97,0.0,1.0,0.0,1.0,5.0,10,113.5564965424124,227.6596456556667,pobre,0,3,375.0,730.0,1.0,46.0,11,369,5356,5,1.0
98,0.0,1.0,0.0,1.0,6.0,10,113.5564965424124,227.6596456556667,pobre,0,3,375.0,730.0,1.0,46.0,12,369,5356,5,1.0
97,0.0,1.0,0.0,1.0,1.0,10,113.5564965424124,227.6596456556667,pobre,0,3,375.0,730.0,1.0,46.0,7,369,5357,1,1.0
98,0.0,1.0,0.0,1.0,2.0,10,113.5564965424124,227.6596456556667,pobre,0,3,375.0,730.0,1.0,46.0,8,369,5357,1,1.0
97,1.0,1.0,0.0,0.0,9.0,9,113.5564965424124,227.6596456556667,no pobre,0,9,450.0,816.0,1.0,20.0,15,369,5358,9,0.0
98,1.0,1.0,0.0,1.0,8.0,9,113.5564965424124,227.6596456556667,no pobre,0,9,450.0,816.0,1.0,20.0,16,369,5358,9,0.0
97,1.0,1.0,0.0,1.0,4.0,9,113.5564965424124,227.6596456556667,no pobre,0,9,450.0,816.0,1.0,20.0,12,369,5359,4,1.0
98,1.0,1.0,0.0,1.0,5.0,9,113.5564965424124,227.6596456556667,no pobre,0,9,450.0,816.0,1.0,20.0,13,369,5359,4,1.0
97,1.0,1.0,0.0,1.0,2.0,9,113.5564965424124,227.6596456556667,no pobre,0,9,450.0,816.0,1.0,20.0,10,369,5360,2,1.0
98,1.0,1.0,0.0,1.0,3.0,9,113.5564965424124,227.6596456556667,no pobre,0,9,450.0,816.0,1.0,20.0,11,369,5360,2,1.0
97,1.0,1.0,0.0,1.0,4.0,6,113.5564965424124,227.6596456556667,pobre,0,0,600.0,797.0,1.0,52.0,11,369,5361,4,1.0
98,1.0,1.0,0.0,1.0,5.0,6,113.5564965424124,227.6596456556667,pobre,0,0,600.0,797.0,1.0,52.0,12,369,5361,4,1.0
97,0.0,1.0,0.0,1.0,7.0,7,113.5564965424124,227.6596456556667,no pobre,0,3,360.0,916.0,1.0,63.0,14,369,5362,7,1.0
98,0.0,1.0,0.0,1.0,8.0,7,113.5564965424124,227.6596456556667,no pobre,0,3,360.0,916.0,1.0,63.0,15,369,5362,7,1.0
97,1.0,1.0,0.0,1.0,6.0,4,113.5564965424124,227.6596456556667,pobre,0,1,0.0,658.0,1.0,48.0,12,369,5363,6,1.0
98,1.0,1.0,0.0,1.0,7.0,4,113.5564965424124,227.6596456556667,pobre,0,1,0.0,658.0,1.0,48.0,13,369,5363,6,1.0
97,0.0,0.0,0.0,1.0,5.0,6,113.5564965424124,227.6596456556667,pobre,0,6,500.0,722.0,1.0,30.0,12,369,5364,5,1.0
98,0.0,0.0,0.0,1.0,6.0,6,113.5564965424124,227.6596456556667,pobre,0,6,500.0,722.0,1.0,30.0,13,369,5364,5,1.0
97,0.0,0.0,0.0,1.0,3.0,6,113.5564965424124,227.6596456556667,pobre,0,6,500.0,722.0,1.0,30.0,10,369,5365,3,1.0
98,0.0,0.0,0.0,1.0,4.0,6,113.5564965424124,227.6596456556667,pobre,0,6,500.0,722.0,1.0,30.0,11,369,5365,3,1.0
97,1.0,0.0,0.0,1.0,1.0,6,113.5564965424124,227.6596456556667,pobre,0,6,500.0,722.0,1.0,30.0,8,369,5366,1,1.0
98,1.0,0.0,0.0,1.0,2.0,6,113.5564965424124,227.6596456556667,pobre,0,6,500.0,722.0,1.0,30.0,9,369,5366,1,1.0
97,1.0,0.0,0.0,1.0,5.0,8,113.5564965424124,227.6596456556667,pobre,0,4,280.0,546.0,1.0,34.0,11,369,5367,5,1.0
98,1.0,0.0,0.0,1.0,6.0,8,113.5564965424124,227.6596456556667,pobre,0,4,280.0,546.0,1.0,34.0,12,369,5367,5,1.0
97,1.0,0.0,0.0,1.0,4.0,8,113.5564965424124,227.6596456556667,pobre,0,4,280.0,546.0,1.0,34.0,9,369,5368,4,1.0
98,1.0,0.0,0.0,1.0,5.0,8,113.5564965424124,227.6596456556667,pobre,0,4,280.0,546.0,1.0,34.0,10,369,5368,4,1.0
97,0.0,0.0,0.0,1.0,1.0,8,113.5564965424124,227.6596456556667,pobre,0,4,280.0,546.0,1.0,34.0,7,369,5369,1,1.0
98,0.0,0.0,0.0,1.0,1.0,8,113.5564965424124,227.6596456556667,pobre,0,4,280.0,546.0,1.0,34.0,8,369,5369,1,1.0
97,1.0,1.0,0.0,1.0,2.0,8,113.5564965424124,227.6596456556667,pobre,0,0,500.0,712.0,1.0,75.0,9,369,5370,2,1.0
98,1.0,1.0,0.0,1.0,2.0,8,113.5564965424124,227.6596456556667,pobre,0,0,500.0,712.0,1.0,75.0,10,369,5370,2,1.0
97,1.0,1.0,0.0,1.0,1.0,8,113.5564965424124,227.6596456556667,pobre,0,0,500.0,712.0,1.0,75.0,8,369,5371,1,1.0
98,1.0,1.0,0.0,1.0,1.0,8,113.5564965424124,227.6596456556667,pobre,0,0,500.0,712.0,1.0,75.0,9,369,5371,1,1.0
97,1.0,1.0,0.0,0.0,8.0,9,113.5564965424124,227.6596456556667,pobre,0,0,500.0,754.75,1.0,51.0,15,369,5372,8,0.0
98,1.0,1.0,0.0,1.0,9.0,9,113.5564965424124,227.6596456556667,pobre,0,0,500.0,754.75,1.0,51.0,16,369,5372,8,0.0
97,1.0,1.0,0.0,1.0,7.0,9,113.5564965424124,227.6596456556667,pobre,0,0,500.0,754.75,1.0,51.0,13,369,5373,7,1.0
98,1.0,1.0,0.0,1.0,8.0,9,113.5564965424124,227.6596456556667,pobre,0,0,500.0,754.75,1.0,51.0,14,369,5373,7,1.0
97,0.0,1.0,0.0,0.0,6.0,9,113.5564965424124,227.6596456556667,pobre,0,0,500.0,754.75,1.0,51.0,13,369,5374,6,0.0
98,0.0,1.0,0.0,1.0,6.0,9,113.5564965424124,227.6596456556667,pobre,0,0,500.0,754.75,1.0,51.0,14,369,5374,6,0.0
97,0.0,1.0,0.0,1.0,4.0,9,113.5564965424124,227.6596456556667,pobre,0,0,500.0,754.75,1.0,51.0,10,369,5375,4,1.0
98,0.0,1.0,0.0,1.0,5.0,9,113.5564965424124,227.6596456556667,pobre,0,0,500.0,754.75,1.0,51.0,11,369,5375,4,1.0
97,0.0,1.0,0.0,1.0,5.0,9,113.5564965424124,227.6596456556667,pobre,0,0,500.0,697.5,1.0,62.0,12,369,5376,5,1.0
98,0.0,1.0,0.0,1.0,6.0,9,113.5564965424124,227.6596456556667,pobre,0,0,500.0,697.5,1.0,62.0,13,369,5376,5,1.0
97,1.0,1.0,0.0,0.0,9.0,9,113.5564965424124,227.6596456556667,pobre,0,2,3000.0,659.5,1.0,48.0,16,369,5377,9,0.0
98,1.0,1.0,0.0,,,9,113.5564965424124,227.6596456556667,pobre,0,2,3000.0,659.5,1.0,48.0,17,369,5377,9,0.0
97,0.0,1.0,0.0,0.0,6.0,9,113.5564965424124,227.6596456556667,pobre,0,2,3000.0,659.5,1.0,48.0,13,369,5378,6,0.0
98,0.0,1.0,0.0,0.0,6.0,9,113.5564965424124,227.6596456556667,pobre,0,2,3000.0,659.5,1.0,48.0,14,369,5378,6,0.0
97,1.0,1.0,0.0,1.0,4.0,9,113.5564965424124,227.6596456556667,pobre,0,2,3000.0,659.5,1.0,48.0,11,369,5379,4,1.0
98,1.0,1.0,0.0,1.0,5.0,9,113.5564965424124,227.6596456556667,pobre,0,2,3000.0,659.5,1.0,48.0,12,369,5379,4,1.0
97,0.0,1.0,0.0,1.0,2.0,9,113.5564965424124,227.6596456556667,pobre,0,2,3000.0,659.5,1.0,48.0,8,369,5380,2,1.0
98,0.0,1.0,0.0,1.0,2.0,9,113.5564965424124,227.6596456556667,pobre,0,2,3000.0,659.5,1.0,48.0,9,369,5380,2,1.0
97,0.0,0.0,0.0,1.0,0.0,8,113.5564965424124,227.6596456556667,no pobre,0,0,500.0,946.0,1.0,71.0,6,369,5381,0,1.0
98,0.0,0.0,0.0,1.0,1.0,8,113.5564965424124,227.6596456556667,no pobre,0,0,500.0,946.0,1.0,71.0,7,369,5381,0,1.0
97,0.0,1.0,0.0,1.0,7.0,7,113.5564965424124,227.6596456556667,pobre,0,0,0.0,497.0,0.0,67.0,14,369,5382,7,1.0
98,0.0,1.0,0.0,1.0,8.0,7,113.5564965424124,227.6596456556667,pobre,0,0,0.0,497.0,0.0,67.0,15,369,5382,7,1.0
97,1.0,1.0,0.0,1.0,5.0,7,113.5564965424124,227.6596456556667,pobre,0,0,0.0,497.0,0.0,67.0,12,369,5383,5,1.0
98,1.0,1.0,0.0,1.0,6.0,7,113.5564965424124,227.6596456556667,pobre,0,0,0.0,497.0,0.0,67.0,13,369,5383,5,1.0
97,0.0,1.0,0.0,1.0,2.0,7,113.5564965424124,227.6596456556667,pobre,0,0,0.0,497.0,0.0,67.0,8,369,5384,2,1.0
98,0.0,1.0,0.0,1.0,3.0,7,113.5564965424124,227.6596456556667,pobre,0,0,0.0,497.0,0.0,67.0,9,369,5384,2,1.0
97,0.0,1.0,0.0,0.0,3.0,7,113.5564965424124,227.6596456556667,pobre,0,5,520.0,599.0,1.0,32.0,13,369,5385,3,0.0
98,0.0,1.0,0.0,0.0,2.0,7,113.5564965424124,227.6596456556667,pobre,0,5,520.0,599.0,1.0,32.0,14,369,5385,3,0.0
97,1.0,1.0,0.0,1.0,4.0,7,113.5564965424124,227.6596456556667,pobre,0,5,520.0,599.0,1.0,32.0,10,369,5386,4,1.0
98,1.0,1.0,0.0,1.0,4.0,7,113.5564965424124,227.6596456556667,pobre,0,5,520.0,599.0,1.0,32.0,11,369,5386,4,1.0
97,0.0,1.0,0.0,1.0,0.0,7,113.5564965424124,227.6596456556667,pobre,0,5,520.0,599.0,1.0,32.0,7,369,5387,0,1.0
98,0.0,1.0,0.0,1.0,1.0,7,113.5564965424124,227.6596456556667,pobre,0,5,520.0,599.0,1.0,32.0,8,369,5387,0,1.0
97,1.0,0.0,0.0,1.0,1.0,6,113.5564965424124,227.6596456556667,pobre,0,5,500.0,520.0,1.0,26.0,8,369,5388,1,1.0
98,1.0,0.0,0.0,1.0,2.0,6,113.5564965424124,227.6596456556667,pobre,0,5,500.0,520.0,1.0,26.0,9,369,5388,1,1.0
97,0.0,0.0,0.0,1.0,0.0,6,113.5564965424124,227.6596456556667,pobre,0,5,500.0,520.0,1.0,26.0,6,369,5389,0,1.0
98,0.0,0.0,0.0,1.0,1.0,6,113.5564965424124,227.6596456556667,pobre,0,5,500.0,520.0,1.0,26.0,7,369,5389,0,1.0
97,1.0,0.0,0.0,1.0,7.0,4,113.5564965424124,227.6596456556667,pobre,0,0,0.0,604.0,0.0,49.0,16,369,5390,7,1.0
98,1.0,0.0,0.0,,,4,113.5564965424124,227.6596456556667,pobre,0,0,0.0,604.0,0.0,49.0,17,369,5390,7,1.0
97,0.0,0.0,0.0,0.0,6.0,3,113.5564965424124,227.6596456556667,pobre,0,3,480.0,641.0,1.0,41.0,13,369,5391,6,0.0
98,0.0,0.0,0.0,0.0,6.0,3,113.5564965424124,227.6596456556667,pobre,0,3,480.0,641.0,1.0,41.0,14,369,5391,6,0.0
97,0.0,1.0,0.0,0.0,9.0,6,113.5564965424124,227.6596456556667,no pobre,0,2,1440.0,885.0,1.0,54.0,16,369,5392,9,0.0
98,0.0,1.0,0.0,0.0,9.0,6,113.5564965424124,227.6596456556667,no pobre,0,2,1440.0,885.0,1.0,54.0,17,369,5392,9,0.0
97,0.0,1.0,0.0,1.0,7.0,6,113.5564965424124,227.6596456556667,no pobre,0,2,1440.0,885.0,1.0,54.0,13,369,5393,7,1.0
98,0.0,1.0,0.0,1.0,8.0,6,113.5564965424124,227.6596456556667,no pobre,0,2,1440.0,885.0,1.0,54.0,14,369,5393,7,1.0
97,0.0,1.0,0.0,1.0,4.0,6,113.5564965424124,227.6596456556667,pobre,0,8,750.0,640.0,1.0,31.0,10,369,5394,4,1.0
98,0.0,1.0,0.0,1.0,5.0,6,113.5564965424124,227.6596456556667,pobre,0,8,750.0,640.0,1.0,31.0,11,369,5394,4,1.0
97,1.0,1.0,0.0,1.0,1.0,6,113.5564965424124,227.6596456556667,pobre,0,8,750.0,640.0,1.0,31.0,7,369,5395,1,1.0
98,1.0,1.0,0.0,1.0,2.0,6,113.5564965424124,227.6596456556667,pobre,0,8,750.0,640.0,1.0,31.0,8,369,5395,1,1.0
97,0.0,1.0,0.0,0.0,6.0,3,113.5564965424124,227.6596456556667,no pobre,0,1,1500.0,851.5,1.0,54.0,16,369,5396,6,0.0
98,0.0,1.0,0.0,,,3,113.5564965424124,227.6596456556667,no pobre,0,1,1500.0,851.5,1.0,54.0,17,369,5396,6,0.0
97,1.0,1.0,0.0,1.0,5.0,5,113.5564965424124,227.6596456556667,pobre,0,4,375.0,777.5,1.0,39.0,11,369,5397,5,1.0
98,1.0,1.0,0.0,1.0,6.0,5,113.5564965424124,227.6596456556667,pobre,0,4,375.0,777.5,1.0,39.0,12,369,5397,5,1.0
97,0.0,1.0,0.0,1.0,3.0,5,113.5564965424124,227.6596456556667,pobre,0,4,375.0,777.5,1.0,39.0,9,369,5398,3,1.0
98,0.0,1.0,0.0,1.0,4.0,5,113.5564965424124,227.6596456556667,pobre,0,4,375.0,777.5,1.0,39.0,10,369,5398,3,1.0
97,0.0,1.0,0.0,1.0,2.0,4,113.5564965424124,227.6596456556667,pobre,0,4,0.0,741.0,1.0,60.0,8,369,5399,2,1.0
98,0.0,1.0,0.0,1.0,3.0,4,113.5564965424124,227.6596456556667,pobre,0,4,0.0,741.0,1.0,60.0,9,369,5399,2,1.0
97,0.0,1.0,0.0,1.0,8.0,5,113.5564965424124,227.6596456556667,pobre,0,1,1250.0,700.0,1.0,57.0,16,369,5400,8,1.0
98,0.0,1.0,0.0,,,5,113.5564965424124,227.6596456556667,pobre,0,1,1250.0,700.0,1.0,57.0,17,369,5400,8,1.0
97,1.0,1.0,0.0,1.0,5.0,5,113.5564965424124,227.6596456556667,pobre,0,1,1250.0,700.0,1.0,57.0,14,369,5401,5,1.0
98,1.0,1.0,0.0,0.0,6.0,5,113.5564965424124,227.6596456556667,pobre,0,1,1250.0,700.0,1.0,57.0,15,369,5401,5,1.0
97,0.0,1.0,0.0,1.0,4.0,5,113.5564965424124,227.6596456556667,pobre,0,1,1250.0,700.0,1.0,57.0,10,369,5402,4,1.0
98,0.0,1.0,0.0,1.0,5.0,5,113.5564965424124,227.6596456556667,pobre,0,1,1250.0,700.0,1.0,57.0,11,369,5402,4,1.0
97,0.0,1.0,0.0,0.0,6.0,9,113.5564965424124,227.6596456556667,pobre,0,0,2500.0,677.75,1.0,60.0,15,369,5403,6,0.0
98,0.0,1.0,0.0,,,9,113.5564965424124,227.6596456556667,pobre,0,0,2500.0,677.75,1.0,60.0,16,369,5403,6,0.0
97,0.0,1.0,0.0,0.0,6.0,9,113.5564965424124,227.6596456556667,pobre,0,0,2500.0,677.75,1.0,60.0,12,369,5404,6,0.0
98,0.0,1.0,0.0,0.0,7.0,9,113.5564965424124,227.6596456556667,pobre,0,0,2500.0,677.75,1.0,60.0,13,369,5404,6,0.0
97,0.0,1.0,0.0,1.0,1.0,7,113.5564965424124,227.6596456556667,pobre,0,0,0.0,569.0,0.0,89.0,7,369,5405,1,1.0
98,0.0,1.0,0.0,1.0,2.0,7,113.5564965424124,227.6596456556667,pobre,0,0,0.0,569.0,0.0,89.0,8,369,5405,1,1.0
97,0.0,1.0,0.0,1.0,2.0,2,113.5564965424124,227.6596456556667,pobre,0,1,250.0,759.0,0.0,36.0,11,369,5406,2,1.0
98,0.0,1.0,0.0,1.0,2.0,2,113.5564965424124,227.6596456556667,pobre,0,1,250.0,759.0,0.0,36.0,12,369,5406,2,1.0
97,0.0,1.0,0.0,1.0,8.0,9,113.5564965424124,227.6596456556667,no pobre,0,3,1200.0,798.75,1.0,46.0,15,369,5407,8,1.0
98,0.0,1.0,0.0,0.0,9.0,9,113.5564965424124,227.6596456556667,no pobre,0,3,1200.0,798.75,1.0,46.0,16,369,5407,8,1.0
97,0.0,1.0,0.0,1.0,8.0,9,113.5564965424124,227.6596456556667,no pobre,0,3,1200.0,798.75,1.0,46.0,15,369,5408,8,1.0
98,0.0,1.0,0.0,0.0,9.0,9,113.5564965424124,227.6596456556667,no pobre,0,3,1200.0,798.75,1.0,46.0,16,369,5408,8,1.0
97,1.0,1.0,0.0,1.0,5.0,9,113.5564965424124,227.6596456556667,no pobre,0,3,1200.0,798.75,1.0,46.0,13,369,5409,5,1.0
98,1.0,1.0,0.0,1.0,6.0,9,113.5564965424124,227.6596456556667,no pobre,0,3,1200.0,798.75,1.0,46.0,14,369,5409,5,1.0
97,1.0,1.0,0.0,1.0,2.0,9,113.5564965424124,227.6596456556667,no pobre,0,3,1200.0,798.75,1.0,46.0,9,369,5410,2,1.0
98,1.0,1.0,0.0,1.0,3.0,9,113.5564965424124,227.6596456556667,no pobre,0,3,1200.0,798.75,1.0,46.0,10,369,5410,2,1.0
97,1.0,1.0,0.0,1.0,7.0,7,113.5564965424124,227.6596456556667,pobre,0,9,375.0,724.0,1.0,32.0,13,369,5411,7,1.0
98,1.0,1.0,0.0,1.0,8.0,7,113.5564965424124,227.6596456556667,pobre,0,9,375.0,724.0,1.0,32.0,14,369,5411,7,1.0
97,1.0,1.0,0.0,1.0,5.0,7,113.5564965424124,227.6596456556667,pobre,0,9,375.0,724.0,1.0,32.0,11,369,5412,5,1.0
98,1.0,1.0,0.0,1.0,6.0,7,113.5564965424124,227.6596456556667,pobre,0,9,375.0,724.0,1.0,32.0,12,369,5412,5,1.0
97,0.0,1.0,0.0,1.0,2.0,7,113.5564965424124,227.6596456556667,pobre,0,9,375.0,724.0,1.0,32.0,9,369,5413,2,1.0
98,0.0,1.0,0.0,1.0,3.0,7,113.5564965424124,227.6596456556667,pobre,0,9,375.0,724.0,1.0,32.0,10,369,5413,2,1.0
97,1.0,1.0,0.0,1.0,0.0,7,113.5564965424124,227.6596456556667,pobre,0,9,375.0,724.0,1.0,32.0,6,369,5414,0,1.0
98,1.0,1.0,0.0,1.0,1.0,7,113.5564965424124,227.6596456556667,pobre,0,9,375.0,724.0,1.0,32.0,7,369,5414,0,1.0
97,1.0,1.0,0.0,1.0,3.0,5,113.5564965424124,227.6596456556667,no pobre,0,9,500.0,830.0,1.0,30.0,9,369,5415,3,1.0
98,1.0,1.0,0.0,1.0,4.0,5,113.5564965424124,227.6596456556667,no pobre,0,9,500.0,830.0,1.0,30.0,10,369,5415,3,1.0
97,0.0,1.0,0.0,1.0,1.0,5,113.5564965424124,227.6596456556667,no pobre,0,9,500.0,830.0,1.0,30.0,7,369,5416,1,1.0
98,0.0,1.0,0.0,1.0,2.0,5,113.5564965424124,227.6596456556667,no pobre,0,9,500.0,830.0,1.0,30.0,8,369,5416,1,1.0
97,0.0,1.0,0.0,1.0,4.0,4,113.5564965424124,227.6596456556667,pobre,0,2,500.0,686.0,1.0,66.0,12,369,5417,4,1.0
98,0.0,1.0,0.0,1.0,5.0,4,113.5564965424124,227.6596456556667,pobre,0,2,500.0,686.0,1.0,66.0,13,369,5417,4,1.0
97,0.0,1.0,0.0,1.0,3.0,6,113.5564965424124,227.6596456556667,pobre,0,5,500.0,479.0,1.0,28.0,10,369,5418,3,1.0
98,0.0,1.0,0.0,1.0,4.0,6,113.5564965424124,227.6596456556667,pobre,0,5,500.0,479.0,1.0,28.0,11,369,5418,3,1.0
97,0.0,1.0,0.0,,0.0,6,113.5564965424124,227.6596456556667,pobre,0,5,500.0,479.0,1.0,28.0,8,369,5419,0,
98,0.0,1.0,0.0,1.0,2.0,6,113.5564965424124,227.6596456556667,pobre,0,5,500.0,479.0,1.0,28.0,9,369,5419,0,
97,1.0,1.0,0.0,1.0,0.0,6,113.5564965424124,227.6596456556667,pobre,0,5,500.0,479.0,1.0,28.0,6,369,5420,0,1.0
98,1.0,1.0,0.0,1.0,1.0,6,113.5564965424124,227.6596456556667,pobre,0,5,500.0,479.0,1.0,28.0,7,369,5420,0,1.0
97,1.0,1.0,0.0,1.0,6.0,6,113.5564965424124,227.6596456556667,pobre,0,2,440.0,656.0,1.0,41.0,12,369,5421,6,1.0
98,1.0,1.0,0.0,,,6,113.5564965424124,227.6596456556667,pobre,0,2,440.0,656.0,1.0,41.0,13,369,5421,6,1.0
97,0.0,1.0,0.0,1.0,3.0,6,113.5564965424124,227.6596456556667,pobre,0,2,440.0,656.0,1.0,41.0,8,369,5422,3,1.0
98,0.0,1.0,0.0,,,6,113.5564965424124,227.6596456556667,pobre,0,2,440.0,656.0,1.0,41.0,9,369,5422,3,1.0
97,1.0,1.0,0.0,1.0,1.0,6,113.5564965424124,227.6596456556667,pobre,0,2,440.0,656.0,1.0,41.0,7,369,5423,1,1.0
98,1.0,1.0,0.0,,,6,113.5564965424124,227.6596456556667,pobre,0,2,440.0,656.0,1.0,41.0,8,369,5423,1,1.0
97,1.0,1.0,0.0,0.0,6.0,10,113.5564965424124,227.6596456556667,pobre,0,3,375.0,719.5,1.0,47.0,16,369,5424,6,0.0
98,1.0,1.0,0.0,,,10,113.5564965424124,227.6596456556667,pobre,0,3,375.0,719.5,1.0,47.0,17,369,5424,6,0.0
97,1.0,1.0,0.0,0.0,6.0,10,113.5564965424124,227.6596456556667,pobre,0,3,375.0,719.5,1.0,47.0,14,369,5425,6,0.0
98,1.0,1.0,0.0,1.0,6.0,10,113.5564965424124,227.6596456556667,pobre,0,3,375.0,719.5,1.0,47.0,15,369,5425,6,0.0
97,0.0,1.0,0.0,1.0,6.0,10,113.5564965424124,227.6596456556667,pobre,0,3,375.0,719.5,1.0,47.0,12,369,5426,6,1.0
98,0.0,1.0,0.0,1.0,7.0,10,113.5564965424124,227.6596456556667,pobre,0,3,375.0,719.5,1.0,47.0,13,369,5426,6,1.0
97,0.0,1.0,0.0,1.0,4.0,10,113.5564965424124,227.6596456556667,pobre,0,3,375.0,719.5,1.0,47.0,10,369,5427,4,1.0
98,0.0,1.0,0.0,1.0,5.0,10,113.5564965424124,227.6596456556667,pobre,0,3,375.0,719.5,1.0,47.0,11,369,5427,4,1.0
97,0.0,1.0,0.0,1.0,1.0,10,113.5564965424124,227.6596456556667,pobre,0,3,375.0,719.5,1.0,47.0,7,369,5428,1,1.0
98,0.0,1.0,0.0,1.0,2.0,10,113.5564965424124,227.6596456556667,pobre,0,3,375.0,719.5,1.0,47.0,8,369,5428,1,1.0
97,1.0,1.0,0.0,1.0,4.0,5,113.5564965424124,227.6596456556667,no pobre,0,6,500.0,947.0,1.0,32.0,10,369,5429,4,1.0
98,1.0,1.0,0.0,1.0,5.0,5,113.5564965424124,227.6596456556667,no pobre,0,6,500.0,947.0,1.0,32.0,11,369,5429,4,1.0
97,1.0,1.0,0.0,1.0,0.0,5,113.5564965424124,227.6596456556667,no pobre,0,6,500.0,947.0,1.0,32.0,6,369,5430,0,1.0
98,1.0,1.0,0.0,1.0,1.0,5,113.5564965424124,227.6596456556667,no pobre,0,6,500.0,947.0,1.0,32.0,7,369,5430,0,1.0
97,1.0,1.0,0.0,1.0,5.0,5,113.5564965424124,227.6596456556667,pobre,0,9,500.0,683.0,1.0,33.0,12,369,5431,5,1.0
98,1.0,1.0,0.0,1.0,6.0,5,113.5564965424124,227.6596456556667,pobre,0,9,500.0,683.0,1.0,33.0,13,369,5431,5,1.0
97,0.0,1.0,0.0,1.0,3.0,5,113.5564965424124,227.6596456556667,pobre,0,9,500.0,683.0,1.0,33.0,8,369,5432,3,1.0
98,0.0,1.0,0.0,1.0,4.0,5,113.5564965424124,227.6596456556667,pobre,0,9,500.0,683.0,1.0,33.0,9,369,5432,3,1.0
97,0.0,1.0,0.0,1.0,5.0,4,113.5564965424124,227.6596456556667,pobre,0,5,250.0,740.0,0.0,38.0,12,369,5433,5,1.0
98,0.0,1.0,0.0,1.0,6.0,4,113.5564965424124,227.6596456556667,pobre,0,5,250.0,740.0,0.0,38.0,13,369,5433,5,1.0
97,1.0,1.0,0.0,1.0,5.0,4,113.5564965424124,227.6596456556667,pobre,0,5,250.0,740.0,0.0,38.0,11,369,5434,5,1.0
98,1.0,1.0,0.0,1.0,6.0,4,113.5564965424124,227.6596456556667,pobre,0,5,250.0,740.0,0.0,38.0,12,369,5434,5,1.0
97,0.0,1.0,0.0,1.0,0.0,4,113.5564965424124,227.6596456556667,pobre,0,5,250.0,740.0,0.0,38.0,6,369,5435,0,1.0
98,0.0,1.0,0.0,1.0,0.0,4,113.5564965424124,227.6596456556667,pobre,0,5,250.0,740.0,0.0,38.0,7,369,5435,0,1.0
97,1.0,1.0,0.0,0.0,3.0,7,113.5564965424124,227.6596456556667,pobre,0,0,2500.0,739.25,1.0,59.0,15,369,5436,3,0.0
98,1.0,1.0,0.0,0.0,3.0,7,113.5564965424124,227.6596456556667,pobre,0,0,2500.0,739.25,1.0,59.0,16,369,5436,3,0.0
97,0.0,1.0,0.0,0.0,3.0,7,113.5564965424124,227.6596456556667,pobre,0,0,2500.0,739.25,1.0,59.0,13,369,5437,3,0.0
98,0.0,1.0,0.0,0.0,4.0,7,113.5564965424124,227.6596456556667,pobre,0,0,2500.0,739.25,1.0,59.0,14,369,5437,3,0.0
97,1.0,1.0,0.0,1.0,0.0,7,113.5564965424124,227.6596456556667,pobre,0,0,2500.0,739.25,1.0,59.0,10,369,5438,0,1.0
98,1.0,1.0,0.0,1.0,4.0,7,113.5564965424124,227.6596456556667,pobre,0,0,2500.0,739.25,1.0,59.0,11,369,5438,0,1.0
97,1.0,1.0,0.0,1.0,5.0,9,113.5564965424124,227.6596456556667,pobre,0,2,500.0,508.0,1.0,42.0,15,369,5439,5,1.0
98,1.0,1.0,0.0,0.0,6.0,9,113.5564965424124,227.6596456556667,pobre,0,2,500.0,508.0,1.0,42.0,16,369,5439,5,1.0
97,1.0,1.0,0.0,1.0,3.0,9,113.5564965424124,227.6596456556667,pobre,0,2,500.0,508.0,1.0,42.0,11,369,5440,3,1.0
98,1.0,1.0,0.0,1.0,4.0,9,113.5564965424124,227.6596456556667,pobre,0,2,500.0,508.0,1.0,42.0,12,369,5440,3,1.0
97,0.0,1.0,0.0,1.0,3.0,9,113.5564965424124,227.6596456556667,pobre,0,2,500.0,508.0,1.0,42.0,9,369,5441,3,1.0
98,0.0,1.0,0.0,1.0,3.0,9,113.5564965424124,227.6596456556667,pobre,0,2,500.0,508.0,1.0,42.0,10,369,5441,3,1.0
97,0.0,1.0,0.0,1.0,1.0,9,113.5564965424124,227.6596456556667,pobre,0,2,500.0,508.0,1.0,42.0,7,369,5442,1,1.0
98,0.0,1.0,0.0,1.0,2.0,9,113.5564965424124,227.6596456556667,pobre,0,2,500.0,508.0,1.0,42.0,8,369,5442,1,1.0
97,0.0,1.0,0.0,1.0,0.0,9,113.5564965424124,227.6596456556667,pobre,0,2,500.0,508.0,1.0,42.0,6,369,5443,0,1.0
98,0.0,1.0,0.0,1.0,1.0,9,113.5564965424124,227.6596456556667,pobre,0,2,500.0,508.0,1.0,42.0,7,369,5443,0,1.0
97,1.0,1.0,0.0,1.0,6.0,7,113.5564965424124,227.6596456556667,pobre,0,0,500.0,622.0,1.0,38.0,14,369,5444,6,1.0
98,1.0,1.0,0.0,1.0,7.0,7,113.5564965424124,227.6596456556667,pobre,0,0,500.0,622.0,1.0,38.0,15,369,5444,6,1.0
97,0.0,1.0,0.0,1.0,4.0,7,113.5564965424124,227.6596456556667,pobre,0,0,500.0,622.0,1.0,38.0,12,369,5445,4,1.0
98,0.0,1.0,0.0,1.0,5.0,7,113.5564965424124,227.6596456556667,pobre,0,0,500.0,622.0,1.0,38.0,13,369,5445,4,1.0
97,0.0,1.0,0.0,1.0,3.0,7,113.5564965424124,227.6596456556667,pobre,0,0,500.0,622.0,1.0,38.0,10,369,5446,3,1.0
98,0.0,1.0,0.0,1.0,4.0,7,113.5564965424124,227.6596456556667,pobre,0,0,500.0,622.0,1.0,38.0,11,369,5446,3,1.0
97,1.0,1.0,0.0,1.0,1.0,7,113.5564965424124,227.6596456556667,pobre,0,0,500.0,622.0,1.0,38.0,7,369,5447,1,1.0
98,1.0,1.0,0.0,1.0,2.0,7,113.5564965424124,227.6596456556667,pobre,0,0,500.0,622.0,1.0,38.0,8,369,5447,1,1.0
97,0.0,1.0,0.0,1.0,7.0,7,113.5564965424124,227.6596456556667,pobre,0,3,500.0,611.0,1.0,47.0,14,369,5448,7,1.0
98,0.0,1.0,0.0,1.0,8.0,7,113.5564965424124,227.6596456556667,pobre,0,3,500.0,611.0,1.0,47.0,15,369,5448,7,1.0
97,0.0,1.0,0.0,1.0,5.0,7,113.5564965424124,227.6596456556667,pobre,0,3,500.0,611.0,1.0,47.0,12,369,5449,5,1.0
98,0.0,1.0,0.0,1.0,6.0,7,113.5564965424124,227.6596456556667,pobre,0,3,500.0,611.0,1.0,47.0,13,369,5449,5,1.0
97,1.0,1.0,0.0,1.0,4.0,7,113.5564965424124,227.6596456556667,pobre,0,3,500.0,611.0,1.0,47.0,10,369,5450,4,1.0
98,1.0,1.0,0.0,1.0,5.0,7,113.5564965424124,227.6596456556667,pobre,0,3,500.0,611.0,1.0,47.0,11,369,5450,4,1.0
97,0.0,1.0,0.0,1.0,1.0,7,113.5564965424124,227.6596456556667,pobre,0,3,500.0,611.0,1.0,47.0,8,369,5451,1,1.0
98,0.0,1.0,0.0,1.0,2.0,7,113.5564965424124,227.6596456556667,pobre,0,3,500.0,611.0,1.0,47.0,9,369,5451,1,1.0
97,0.0,1.0,0.0,1.0,2.0,6,113.5564965424124,227.6596456556667,pobre,0,0,375.0,479.0,1.0,25.0,8,369,5452,2,1.0
98,0.0,1.0,0.0,1.0,3.0,6,113.5564965424124,227.6596456556667,pobre,0,0,375.0,479.0,1.0,25.0,9,369,5452,2,1.0
97,1.0,1.0,0.0,1.0,0.0,6,113.5564965424124,227.6596456556667,pobre,0,0,375.0,479.0,1.0,25.0,6,369,5453,0,1.0
98,1.0,1.0,0.0,1.0,1.0,6,113.5564965424124,227.6596456556667,pobre,0,0,375.0,479.0,1.0,25.0,7,369,5453,0,1.0
97,1.0,1.0,0.0,1.0,0.0,6,113.5564965424124,227.6596456556667,pobre,0,0,375.0,479.0,1.0,25.0,6,369,5454,0,1.0
98,1.0,1.0,0.0,1.0,0.0,6,113.5564965424124,227.6596456556667,pobre,0,0,375.0,479.0,1.0,25.0,7,369,5454,0,1.0
97,0.0,1.0,0.0,0.0,9.0,11,113.5564965424124,227.6596456556667,no pobre,0,2,500.0,813.5,1.0,49.0,16,369,5455,9,0.0
98,0.0,1.0,0.0,,,11,113.5564965424124,227.6596456556667,no pobre,0,2,500.0,813.5,1.0,49.0,17,369,5455,9,0.0
97,0.0,1.0,0.0,1.0,8.0,11,113.5564965424124,227.6596456556667,no pobre,0,2,500.0,813.5,1.0,49.0,14,369,5456,8,1.0
98,0.0,1.0,0.0,0.0,9.0,11,113.5564965424124,227.6596456556667,no pobre,0,2,500.0,813.5,1.0,49.0,15,369,5456,8,1.0
97,1.0,1.0,0.0,1.0,6.0,11,113.5564965424124,227.6596456556667,no pobre,0,2,500.0,813.5,1.0,49.0,12,369,5457,6,1.0
98,1.0,1.0,0.0,1.0,7.0,11,113.5564965424124,227.6596456556667,no pobre,0,2,500.0,813.5,1.0,49.0,13,369,5457,6,1.0
97,0.0,1.0,0.0,1.0,4.0,11,113.5564965424124,227.6596456556667,no pobre,0,2,500.0,813.5,1.0,49.0,9,369,5458,4,1.0
98,0.0,1.0,0.0,1.0,5.0,11,113.5564965424124,227.6596456556667,no pobre,0,2,500.0,813.5,1.0,49.0,10,369,5458,4,1.0
97,0.0,1.0,2.1889999,0.0,6.0,5,148.6395262046503,196.9854544599087,pobre,0,0,500.0,685.0,1.0,57.0,16,301,5459,6,0.0
98,0.0,1.0,2.1889999,,,5,148.6395262046503,196.9854544599087,pobre,0,0,500.0,685.0,1.0,57.0,17,301,5459,6,0.0
97,0.0,1.0,2.1889999,0.0,6.0,5,148.6395262046503,196.9854544599087,pobre,0,0,500.0,685.0,1.0,57.0,13,301,5460,6,0.0
98,0.0,1.0,2.1889999,0.0,6.0,5,148.6395262046503,196.9854544599087,pobre,0,0,500.0,685.0,1.0,57.0,14,301,5460,6,0.0
97,1.0,0.0,2.1889999,1.0,4.0,8,148.6395262046503,196.9854544599087,pobre,0,4,625.0,560.0,1.0,36.0,11,301,5461,4,1.0
98,1.0,0.0,2.1889999,1.0,5.0,8,148.6395262046503,196.9854544599087,pobre,0,4,625.0,560.0,1.0,36.0,12,301,5461,4,1.0
97,1.0,0.0,2.1889999,1.0,3.0,8,148.6395262046503,196.9854544599087,pobre,0,4,625.0,560.0,1.0,36.0,9,301,5462,3,1.0
98,1.0,0.0,2.1889999,1.0,4.0,8,148.6395262046503,196.9854544599087,pobre,0,4,625.0,560.0,1.0,36.0,10,301,5462,3,1.0
97,1.0,0.0,2.1889999,1.0,1.0,8,148.6395262046503,196.9854544599087,pobre,0,4,625.0,560.0,1.0,36.0,8,301,5463,1,1.0
98,1.0,0.0,2.1889999,1.0,2.0,8,148.6395262046503,196.9854544599087,pobre,0,4,625.0,560.0,1.0,36.0,9,301,5463,1,1.0
97,0.0,0.0,2.1889999,1.0,0.0,8,148.6395262046503,196.9854544599087,pobre,0,4,625.0,560.0,1.0,36.0,6,301,5464,0,1.0
98,0.0,0.0,2.1889999,1.0,0.0,8,148.6395262046503,196.9854544599087,pobre,0,4,625.0,560.0,1.0,36.0,7,301,5464,0,1.0
97,0.0,0.0,2.1889999,1.0,6.0,9,148.6395262046503,196.9854544599087,pobre,0,1,500.0,840.75,1.0,38.0,15,301,5465,6,1.0
98,0.0,0.0,2.1889999,0.0,6.0,9,148.6395262046503,196.9854544599087,pobre,0,1,500.0,840.75,1.0,38.0,16,301,5465,6,1.0
97,0.0,0.0,2.1889999,1.0,6.0,9,148.6395262046503,196.9854544599087,pobre,0,1,500.0,840.75,1.0,38.0,12,301,5466,6,1.0
98,0.0,0.0,2.1889999,0.0,6.0,9,148.6395262046503,196.9854544599087,pobre,0,1,500.0,840.75,1.0,38.0,13,301,5466,6,1.0
97,1.0,0.0,2.1889999,,0.0,9,148.6395262046503,196.9854544599087,pobre,0,1,500.0,840.75,1.0,38.0,6,301,5467,0,
98,1.0,0.0,2.1889999,1.0,3.0,9,148.6395262046503,196.9854544599087,pobre,0,1,500.0,840.75,1.0,38.0,7,301,5467,0,
97,1.0,0.0,2.1889999,0.0,4.0,7,148.6395262046503,196.9854544599087,pobre,0,1,500.0,662.0,1.0,48.0,11,301,5468,4,0.0
98,1.0,0.0,2.1889999,1.0,5.0,7,148.6395262046503,196.9854544599087,pobre,0,1,500.0,662.0,1.0,48.0,12,301,5468,4,0.0
97,0.0,0.0,2.1889999,1.0,3.0,7,148.6395262046503,196.9854544599087,pobre,0,1,500.0,662.0,1.0,48.0,9,301,5469,3,1.0
98,0.0,0.0,2.1889999,1.0,4.0,7,148.6395262046503,196.9854544599087,pobre,0,1,500.0,662.0,1.0,48.0,10,301,5469,3,1.0
97,1.0,0.0,2.1889999,1.0,0.0,7,148.6395262046503,196.9854544599087,pobre,0,1,500.0,662.0,1.0,48.0,6,301,5470,0,1.0
98,1.0,0.0,2.1889999,1.0,1.0,7,148.6395262046503,196.9854544599087,pobre,0,1,500.0,662.0,1.0,48.0,7,301,5470,0,1.0
97,1.0,0.0,2.1889999,0.0,6.0,8,148.6395262046503,196.9854544599087,pobre,0,0,500.0,635.0,1.0,55.0,16,301,5471,6,0.0
98,1.0,0.0,2.1889999,,,8,148.6395262046503,196.9854544599087,pobre,0,0,500.0,635.0,1.0,55.0,17,301,5471,6,0.0
97,1.0,0.0,2.1889999,1.0,4.0,8,148.6395262046503,196.9854544599087,pobre,0,0,500.0,635.0,1.0,55.0,12,301,5472,4,1.0
98,1.0,0.0,2.1889999,1.0,4.0,8,148.6395262046503,196.9854544599087,pobre,0,0,500.0,635.0,1.0,55.0,13,301,5472,4,1.0
97,0.0,0.0,2.1889999,1.0,2.0,8,148.6395262046503,196.9854544599087,pobre,0,0,500.0,635.0,1.0,55.0,8,301,5473,2,1.0
98,0.0,0.0,2.1889999,1.0,3.0,8,148.6395262046503,196.9854544599087,pobre,0,0,500.0,635.0,1.0,55.0,9,301,5473,2,1.0
97,1.0,0.0,2.1889999,1.0,2.0,8,148.6395262046503,196.9854544599087,pobre,0,0,500.0,635.0,1.0,55.0,7,301,5474,2,1.0
98,1.0,0.0,2.1889999,1.0,2.0,8,148.6395262046503,196.9854544599087,pobre,0,0,500.0,635.0,1.0,55.0,8,301,5474,2,1.0
97,1.0,1.0,2.1889999,1.0,0.0,7,148.6395262046503,196.9854544599087,pobre,0,0,500.0,795.0,1.0,64.0,6,301,5475,0,1.0
98,1.0,1.0,2.1889999,1.0,1.0,7,148.6395262046503,196.9854544599087,pobre,0,0,500.0,795.0,1.0,64.0,7,301,5475,0,1.0
97,1.0,1.0,2.1889999,0.0,6.0,8,148.6395262046503,196.9854544599087,pobre,0,0,0.0,693.0,1.0,46.0,15,301,5476,6,0.0
98,1.0,1.0,2.1889999,0.0,6.0,8,148.6395262046503,196.9854544599087,pobre,0,0,0.0,693.0,1.0,46.0,16,301,5476,6,0.0
97,0.0,1.0,2.1889999,1.0,5.0,8,148.6395262046503,196.9854544599087,pobre,0,0,0.0,693.0,1.0,46.0,12,301,5477,5,1.0
98,0.0,1.0,2.1889999,0.0,6.0,8,148.6395262046503,196.9854544599087,pobre,0,0,0.0,693.0,1.0,46.0,13,301,5477,5,1.0
97,0.0,1.0,2.1889999,0.0,6.0,7,148.6395262046503,196.9854544599087,pobre,0,3,500.0,606.5,1.0,46.0,13,301,5478,6,0.0
98,0.0,1.0,2.1889999,0.0,6.0,7,148.6395262046503,196.9854544599087,pobre,0,3,500.0,606.5,1.0,46.0,14,301,5478,6,0.0
97,0.0,1.0,2.1889999,1.0,4.0,7,148.6395262046503,196.9854544599087,pobre,0,3,500.0,606.5,1.0,46.0,10,301,5479,4,1.0
98,0.0,1.0,2.1889999,1.0,5.0,7,148.6395262046503,196.9854544599087,pobre,0,3,500.0,606.5,1.0,46.0,11,301,5479,4,1.0
97,0.0,1.0,2.1889999,1.0,1.0,7,148.6395262046503,196.9854544599087,pobre,0,3,500.0,606.5,1.0,46.0,7,301,5480,1,1.0
98,0.0,1.0,2.1889999,1.0,2.0,7,148.6395262046503,196.9854544599087,pobre,0,3,500.0,606.5,1.0,46.0,8,301,5480,1,1.0
97,1.0,1.0,2.1889999,1.0,4.0,6,148.6395262046503,196.9854544599087,pobre,0,3,625.0,510.0,1.0,35.0,11,301,5481,4,1.0
98,1.0,1.0,2.1889999,1.0,5.0,6,148.6395262046503,196.9854544599087,pobre,0,3,625.0,510.0,1.0,35.0,12,301,5481,4,1.0
97,1.0,1.0,2.1889999,1.0,0.0,6,148.6395262046503,196.9854544599087,pobre,0,3,625.0,510.0,1.0,35.0,6,301,5482,0,1.0
98,1.0,1.0,2.1889999,1.0,1.0,6,148.6395262046503,196.9854544599087,pobre,0,3,625.0,510.0,1.0,35.0,7,301,5482,0,1.0
97,1.0,1.0,2.1889999,0.0,6.0,4,148.6395262046503,196.9854544599087,pobre,0,0,80.0,700.0,1.0,64.0,16,301,5483,6,0.0
98,1.0,1.0,2.1889999,,,4,148.6395262046503,196.9854544599087,pobre,0,0,80.0,700.0,1.0,64.0,17,301,5483,6,0.0
97,0.0,1.0,2.1889999,1.0,4.0,4,148.6395262046503,196.9854544599087,pobre,0,0,80.0,700.0,1.0,64.0,11,301,5484,4,1.0
98,0.0,1.0,2.1889999,1.0,5.0,4,148.6395262046503,196.9854544599087,pobre,0,0,80.0,700.0,1.0,64.0,12,301,5484,4,1.0
97,0.0,1.0,2.1889999,1.0,3.0,4,148.6395262046503,196.9854544599087,pobre,0,0,500.0,606.0,1.0,49.0,9,301,5485,3,1.0
98,0.0,1.0,2.1889999,1.0,4.0,4,148.6395262046503,196.9854544599087,pobre,0,0,500.0,606.0,1.0,49.0,10,301,5485,3,1.0
97,0.0,1.0,2.1889999,1.0,0.0,4,148.6395262046503,196.9854544599087,pobre,0,0,500.0,606.0,1.0,49.0,6,301,5486,0,1.0
98,0.0,1.0,2.1889999,1.0,1.0,4,148.6395262046503,196.9854544599087,pobre,0,0,500.0,606.0,1.0,49.0,7,301,5486,0,1.0
97,1.0,1.0,2.1889999,,0.0,4,148.6395262046503,196.9854544599087,pobre,0,0,500.0,614.0,1.0,37.0,15,301,5487,0,
98,1.0,1.0,2.1889999,,,4,148.6395262046503,196.9854544599087,pobre,0,0,500.0,614.0,1.0,37.0,16,301,5487,0,
97,0.0,1.0,2.1889999,1.0,4.0,4,148.6395262046503,196.9854544599087,pobre,0,0,500.0,614.0,1.0,37.0,14,301,5488,4,1.0
98,0.0,1.0,2.1889999,1.0,5.0,4,148.6395262046503,196.9854544599087,pobre,0,0,500.0,614.0,1.0,37.0,15,301,5488,4,1.0
97,1.0,0.0,2.1889999,0.0,4.0,4,148.6395262046503,196.9854544599087,pobre,0,0,0.0,663.0,0.0,58.0,16,301,5489,4,0.0
98,1.0,0.0,2.1889999,,,4,148.6395262046503,196.9854544599087,pobre,0,0,0.0,663.0,0.0,58.0,17,301,5489,4,0.0
97,0.0,1.0,2.1889999,1.0,0.0,6,148.6395262046503,196.9854544599087,pobre,0,6,8400.0,602.0,1.0,31.0,6,301,5490,0,1.0
98,0.0,1.0,2.1889999,1.0,1.0,6,148.6395262046503,196.9854544599087,pobre,0,6,8400.0,602.0,1.0,31.0,7,301,5490,0,1.0
97,1.0,1.0,2.1889999,0.0,6.0,6,148.6395262046503,196.9854544599087,pobre,0,6,8400.0,602.0,1.0,31.0,14,301,5491,6,0.0
98,1.0,1.0,2.1889999,0.0,6.0,6,148.6395262046503,196.9854544599087,pobre,0,6,8400.0,602.0,1.0,31.0,15,301,5491,6,0.0
97,1.0,1.0,2.1889999,1.0,3.0,8,148.6395262046503,196.9854544599087,pobre,0,0,500.0,578.0,1.0,53.0,14,301,5492,3,1.0
98,1.0,1.0,2.1889999,0.0,4.0,8,148.6395262046503,196.9854544599087,pobre,0,0,500.0,578.0,1.0,53.0,15,301,5492,3,1.0
97,0.0,1.0,2.1889999,1.0,1.0,8,148.6395262046503,196.9854544599087,pobre,0,0,500.0,578.0,1.0,53.0,6,301,5493,1,1.0
98,0.0,1.0,2.1889999,1.0,2.0,8,148.6395262046503,196.9854544599087,pobre,0,0,500.0,578.0,1.0,53.0,7,301,5493,1,1.0
97,0.0,1.0,2.1889999,1.0,0.0,8,148.6395262046503,196.9854544599087,pobre,0,0,500.0,578.0,1.0,53.0,6,301,5494,0,1.0
98,0.0,1.0,2.1889999,1.0,1.0,8,148.6395262046503,196.9854544599087,pobre,0,0,500.0,578.0,1.0,53.0,7,301,5494,0,1.0
97,1.0,1.0,2.1889999,1.0,4.0,6,148.6395262046503,196.9854544599087,pobre,0,0,80.0,630.0,1.0,56.0,12,301,5495,4,1.0
98,1.0,1.0,2.1889999,1.0,5.0,6,148.6395262046503,196.9854544599087,pobre,0,0,80.0,630.0,1.0,56.0,13,301,5495,4,1.0
97,0.0,1.0,2.1889999,1.0,0.0,6,148.6395262046503,196.9854544599087,pobre,0,0,1250.0,663.0,1.0,75.0,8,301,5496,0,1.0
98,0.0,1.0,2.1889999,1.0,1.0,6,148.6395262046503,196.9854544599087,pobre,0,0,1250.0,663.0,1.0,75.0,9,301,5496,0,1.0
97,1.0,1.0,2.1889999,1.0,0.0,6,148.6395262046503,196.9854544599087,pobre,0,0,1250.0,663.0,1.0,75.0,6,301,5497,0,1.0
98,1.0,1.0,2.1889999,,,6,148.6395262046503,196.9854544599087,pobre,0,0,1250.0,663.0,1.0,75.0,7,301,5497,0,1.0
97,1.0,0.0,2.1889999,1.0,2.0,8,148.6395262046503,196.9854544599087,pobre,0,3,580.0,614.0,1.0,46.0,13,301,5498,2,1.0
98,1.0,0.0,2.1889999,1.0,3.0,8,148.6395262046503,196.9854544599087,pobre,0,3,580.0,614.0,1.0,46.0,14,301,5498,2,1.0
97,0.0,0.0,2.1889999,1.0,1.0,8,148.6395262046503,196.9854544599087,pobre,0,3,580.0,614.0,1.0,46.0,7,301,5499,1,1.0
98,0.0,0.0,2.1889999,1.0,2.0,8,148.6395262046503,196.9854544599087,pobre,0,3,580.0,614.0,1.0,46.0,8,301,5499,1,1.0
97,0.0,1.0,2.1889999,1.0,2.0,3,148.6395262046503,196.9854544599087,pobre,0,0,300.0,708.5,0.0,65.0,9,301,5500,2,1.0
98,0.0,1.0,2.1889999,1.0,3.0,3,148.6395262046503,196.9854544599087,pobre,0,0,300.0,708.5,0.0,65.0,10,301,5500,2,1.0
97,0.0,0.0,2.1889999,0.0,1.0,7,148.6395262046503,196.9854544599087,pobre,0,0,500.0,430.0,1.0,27.0,8,301,5501,1,0.0
98,0.0,0.0,2.1889999,0.0,4.0,7,148.6395262046503,196.9854544599087,pobre,0,0,500.0,430.0,1.0,27.0,9,301,5501,1,0.0
97,1.0,0.0,2.1889999,0.0,0.0,7,148.6395262046503,196.9854544599087,pobre,0,0,500.0,430.0,1.0,27.0,6,301,5502,0,0.0
98,1.0,0.0,2.1889999,1.0,3.0,7,148.6395262046503,196.9854544599087,pobre,0,0,500.0,430.0,1.0,27.0,7,301,5502,0,0.0
97,1.0,1.0,1.529,1.0,1.0,6,146.8077238599486,198.9165995846622,pobre,0,2,500.0,656.0,1.0,53.0,13,302,5503,1,1.0
98,1.0,1.0,1.529,1.0,2.0,6,146.8077238599486,198.9165995846622,pobre,0,2,500.0,656.0,1.0,53.0,14,302,5503,1,1.0
97,1.0,1.0,1.529,1.0,3.0,7,146.8077238599486,198.9165995846622,pobre,0,0,500.0,473.0,1.0,36.0,14,302,5504,3,1.0
98,1.0,1.0,1.529,1.0,4.0,7,146.8077238599486,198.9165995846622,pobre,0,0,500.0,473.0,1.0,36.0,15,302,5504,3,1.0
97,1.0,1.0,1.529,1.0,2.0,7,146.8077238599486,198.9165995846622,pobre,0,0,500.0,473.0,1.0,36.0,13,302,5505,2,1.0
98,1.0,1.0,1.529,1.0,3.0,7,146.8077238599486,198.9165995846622,pobre,0,0,500.0,473.0,1.0,36.0,14,302,5505,2,1.0
97,1.0,1.0,1.529,1.0,2.0,7,146.8077238599486,198.9165995846622,pobre,0,0,500.0,473.0,1.0,36.0,11,302,5506,2,1.0
98,1.0,1.0,1.529,1.0,3.0,7,146.8077238599486,198.9165995846622,pobre,0,0,500.0,473.0,1.0,36.0,12,302,5506,2,1.0
97,1.0,1.0,1.529,1.0,0.0,7,146.8077238599486,198.9165995846622,pobre,0,0,500.0,473.0,1.0,36.0,7,302,5507,0,1.0
98,1.0,1.0,1.529,1.0,1.0,7,146.8077238599486,198.9165995846622,pobre,0,0,500.0,473.0,1.0,36.0,8,302,5507,0,1.0
97,0.0,1.0,1.529,,0.0,8,146.8077238599486,198.9165995846622,pobre,0,0,400.0,412.0,0.0,20.0,14,302,5508,0,
98,0.0,1.0,1.529,,,8,146.8077238599486,198.9165995846622,pobre,0,0,400.0,412.0,0.0,20.0,15,302,5508,0,
97,1.0,1.0,1.529,1.0,2.0,8,146.8077238599486,198.9165995846622,pobre,0,0,400.0,412.0,0.0,20.0,12,302,5509,2,1.0
98,1.0,1.0,1.529,1.0,3.0,8,146.8077238599486,198.9165995846622,pobre,0,0,400.0,412.0,0.0,20.0,13,302,5509,2,1.0
97,1.0,1.0,1.529,1.0,1.0,8,146.8077238599486,198.9165995846622,pobre,0,0,400.0,412.0,0.0,20.0,11,302,5510,1,1.0
98,1.0,1.0,1.529,1.0,2.0,8,146.8077238599486,198.9165995846622,pobre,0,0,400.0,412.0,0.0,20.0,12,302,5510,1,1.0
97,0.0,1.0,1.529,1.0,1.0,8,146.8077238599486,198.9165995846622,pobre,0,0,400.0,412.0,0.0,20.0,8,302,5511,1,1.0
98,0.0,1.0,1.529,1.0,2.0,8,146.8077238599486,198.9165995846622,pobre,0,0,400.0,412.0,0.0,20.0,9,302,5511,1,1.0
97,0.0,1.0,1.529,1.0,0.0,8,146.8077238599486,198.9165995846622,pobre,0,0,400.0,412.0,0.0,20.0,7,302,5512,0,1.0
98,0.0,1.0,1.529,0.0,0.0,8,146.8077238599486,198.9165995846622,pobre,0,0,400.0,412.0,0.0,20.0,8,302,5512,0,1.0
97,0.0,1.0,1.529,1.0,1.0,4,146.8077238599486,198.9165995846622,pobre,0,2,500.0,587.0,1.0,36.0,6,302,5513,1,1.0
98,0.0,1.0,1.529,1.0,1.0,4,146.8077238599486,198.9165995846622,pobre,0,2,500.0,587.0,1.0,36.0,7,302,5513,1,1.0
97,0.0,1.0,1.529,0.0,4.0,9,146.8077238599486,198.9165995846622,pobre,0,1,875.0,409.0,1.0,42.0,14,302,5514,4,0.0
98,0.0,1.0,1.529,,,9,146.8077238599486,198.9165995846622,pobre,0,1,875.0,409.0,1.0,42.0,15,302,5514,4,0.0
97,0.0,1.0,1.529,1.0,2.0,9,146.8077238599486,198.9165995846622,pobre,0,1,875.0,409.0,1.0,42.0,10,302,5515,2,1.0
98,0.0,1.0,1.529,1.0,3.0,9,146.8077238599486,198.9165995846622,pobre,0,1,875.0,409.0,1.0,42.0,11,302,5515,2,1.0
97,1.0,1.0,1.529,1.0,1.0,9,146.8077238599486,198.9165995846622,pobre,0,1,875.0,409.0,1.0,42.0,7,302,5516,1,1.0
98,1.0,1.0,1.529,1.0,2.0,9,146.8077238599486,198.9165995846622,pobre,0,1,875.0,409.0,1.0,42.0,8,302,5516,1,1.0
97,1.0,1.0,1.529,1.0,1.0,9,146.8077238599486,198.9165995846622,pobre,0,1,875.0,409.0,1.0,42.0,6,302,5517,1,1.0
98,1.0,1.0,1.529,1.0,2.0,9,146.8077238599486,198.9165995846622,pobre,0,1,875.0,409.0,1.0,42.0,7,302,5517,1,1.0
97,1.0,1.0,1.529,0.0,6.0,7,146.8077238599486,198.9165995846622,pobre,0,0,500.0,481.0,1.0,36.0,14,302,5518,6,0.0
98,1.0,1.0,1.529,1.0,7.0,7,146.8077238599486,198.9165995846622,pobre,0,0,500.0,481.0,1.0,36.0,15,302,5518,6,0.0
97,0.0,1.0,1.529,0.0,6.0,7,146.8077238599486,198.9165995846622,pobre,0,0,500.0,481.0,1.0,36.0,12,302,5519,6,0.0
98,0.0,1.0,1.529,0.0,6.0,7,146.8077238599486,198.9165995846622,pobre,0,0,500.0,481.0,1.0,36.0,13,302,5519,6,0.0
97,1.0,1.0,1.529,0.0,0.0,7,146.8077238599486,198.9165995846622,pobre,0,0,500.0,481.0,1.0,36.0,10,302,5520,0,0.0
98,1.0,1.0,1.529,1.0,2.0,7,146.8077238599486,198.9165995846622,pobre,0,0,500.0,481.0,1.0,36.0,11,302,5520,0,0.0
97,0.0,1.0,1.529,0.0,3.0,7,146.8077238599486,198.9165995846622,pobre,0,0,500.0,613.25,1.0,59.0,14,302,5521,3,0.0
98,0.0,1.0,1.529,0.0,3.0,7,146.8077238599486,198.9165995846622,pobre,0,0,500.0,613.25,1.0,59.0,15,302,5521,3,0.0
97,1.0,1.0,1.529,1.0,3.0,7,146.8077238599486,198.9165995846622,pobre,0,0,500.0,613.25,1.0,59.0,12,302,5522,3,1.0
98,1.0,1.0,1.529,1.0,4.0,7,146.8077238599486,198.9165995846622,pobre,0,0,500.0,613.25,1.0,59.0,13,302,5522,3,1.0
97,0.0,1.0,1.529,1.0,2.0,7,146.8077238599486,198.9165995846622,pobre,0,0,500.0,613.25,1.0,59.0,8,302,5523,2,1.0
98,0.0,1.0,1.529,1.0,3.0,7,146.8077238599486,198.9165995846622,pobre,0,0,500.0,613.25,1.0,59.0,9,302,5523,2,1.0
97,1.0,1.0,1.529,0.0,5.0,7,146.8077238599486,198.9165995846622,pobre,0,0,500.0,613.25,1.0,59.0,16,302,5524,5,0.0
98,1.0,1.0,1.529,,,7,146.8077238599486,198.9165995846622,pobre,0,0,500.0,613.25,1.0,59.0,17,302,5524,5,0.0
97,1.0,0.0,1.529,1.0,2.0,6,146.8077238599486,198.9165995846622,pobre,0,3,0.0,455.0,1.0,28.0,8,302,5525,2,1.0
98,1.0,0.0,1.529,1.0,3.0,6,146.8077238599486,198.9165995846622,pobre,0,3,0.0,455.0,1.0,28.0,9,302,5525,2,1.0
97,1.0,1.0,1.529,0.0,3.0,5,146.8077238599486,198.9165995846622,no pobre,0,0,500.0,829.0,1.0,58.0,16,302,5526,3,0.0
98,1.0,1.0,1.529,,,5,146.8077238599486,198.9165995846622,no pobre,0,0,500.0,829.0,1.0,58.0,17,302,5526,3,0.0
97,0.0,1.0,1.529,1.0,3.0,5,146.8077238599486,198.9165995846622,no pobre,0,0,500.0,829.0,1.0,58.0,14,302,5527,3,1.0
98,0.0,1.0,1.529,0.0,3.0,5,146.8077238599486,198.9165995846622,no pobre,0,0,500.0,829.0,1.0,58.0,15,302,5527,3,1.0
97,0.0,0.0,3.8699999,1.0,2.0,5,127.0318622174438,193.1591876032865,pobre,basal,6,600.0,659.0,1.0,31.0,8,316,5528,2,1.0
98,0.0,0.0,3.8699999,1.0,3.0,5,127.0318622174438,193.1591876032865,pobre,basal,6,600.0,659.0,1.0,31.0,9,316,5528,2,1.0
97,0.0,0.0,3.8699999,1.0,0.0,5,127.0318622174438,193.1591876032865,pobre,basal,6,600.0,659.0,1.0,31.0,7,316,5529,0,1.0
98,0.0,0.0,3.8699999,1.0,1.0,5,127.0318622174438,193.1591876032865,pobre,basal,6,600.0,659.0,1.0,31.0,8,316,5529,0,1.0
97,1.0,0.0,3.8699999,1.0,0.0,4,127.0318622174438,193.1591876032865,pobre,basal,2,600.0,724.0,1.0,28.0,6,316,5530,0,1.0
98,1.0,0.0,3.8699999,1.0,1.0,4,127.0318622174438,193.1591876032865,pobre,basal,2,600.0,724.0,1.0,28.0,7,316,5530,0,1.0
97,0.0,0.0,3.8699999,0.0,6.0,9,127.0318622174438,193.1591876032865,no pobre,basal,3,200.0,880.0,1.0,58.0,15,316,5531,6,0.0
98,0.0,0.0,3.8699999,0.0,6.0,9,127.0318622174438,193.1591876032865,no pobre,basal,3,200.0,880.0,1.0,58.0,16,316,5531,6,0.0
97,0.0,0.0,3.8699999,0.0,6.0,9,127.0318622174438,193.1591876032865,no pobre,basal,3,200.0,880.0,1.0,58.0,13,316,5532,6,0.0
98,0.0,0.0,3.8699999,0.0,6.0,9,127.0318622174438,193.1591876032865,no pobre,basal,3,200.0,880.0,1.0,58.0,14,316,5532,6,0.0
97,0.0,0.0,3.8699999,1.0,3.0,9,127.0318622174438,193.1591876032865,no pobre,basal,3,200.0,880.0,1.0,58.0,9,316,5533,3,1.0
98,0.0,0.0,3.8699999,1.0,4.0,9,127.0318622174438,193.1591876032865,no pobre,basal,3,200.0,880.0,1.0,58.0,10,316,5533,3,1.0
97,0.0,0.0,3.8699999,1.0,0.0,9,127.0318622174438,193.1591876032865,no pobre,basal,3,200.0,880.0,1.0,58.0,6,316,5534,0,1.0
98,0.0,0.0,3.8699999,1.0,1.0,9,127.0318622174438,193.1591876032865,no pobre,basal,3,200.0,880.0,1.0,58.0,7,316,5534,0,1.0
97,0.0,0.0,3.8699999,0.0,6.0,7,127.0318622174438,193.1591876032865,no pobre,basal,1,625.0,777.5,1.0,47.0,15,316,5535,6,0.0
98,0.0,0.0,3.8699999,,,7,127.0318622174438,193.1591876032865,no pobre,basal,1,625.0,777.5,1.0,47.0,16,316,5535,6,0.0
97,1.0,0.0,3.8699999,1.0,6.0,7,127.0318622174438,193.1591876032865,no pobre,basal,1,625.0,777.5,1.0,47.0,12,316,5536,6,1.0
98,1.0,0.0,3.8699999,1.0,7.0,7,127.0318622174438,193.1591876032865,no pobre,basal,1,625.0,777.5,1.0,47.0,13,316,5536,6,1.0
97,0.0,0.0,3.8699999,1.0,1.0,7,127.0318622174438,193.1591876032865,no pobre,basal,1,625.0,777.5,1.0,47.0,10,316,5537,1,1.0
98,0.0,0.0,3.8699999,1.0,2.0,7,127.0318622174438,193.1591876032865,no pobre,basal,1,625.0,777.5,1.0,47.0,11,316,5537,1,1.0
97,1.0,0.0,3.8699999,1.0,7.0,5,127.0318622174438,193.1591876032865,pobre,basal,3,800.0,833.0,1.0,47.0,15,316,5538,7,1.0
98,1.0,0.0,3.8699999,0.0,7.0,5,127.0318622174438,193.1591876032865,pobre,basal,3,800.0,833.0,1.0,47.0,16,316,5538,7,1.0
97,0.0,0.0,3.8699999,1.0,3.0,5,127.0318622174438,193.1591876032865,pobre,basal,3,800.0,833.0,1.0,47.0,10,316,5539,3,1.0
98,0.0,0.0,3.8699999,1.0,4.0,5,127.0318622174438,193.1591876032865,pobre,basal,3,800.0,833.0,1.0,47.0,11,316,5539,3,1.0
97,1.0,0.0,3.8699999,1.0,1.0,5,127.0318622174438,193.1591876032865,pobre,basal,3,800.0,833.0,1.0,47.0,7,316,5540,1,1.0
98,1.0,0.0,3.8699999,1.0,2.0,5,127.0318622174438,193.1591876032865,pobre,basal,3,800.0,833.0,1.0,47.0,8,316,5540,1,1.0
97,1.0,0.0,3.8699999,1.0,5.0,5,127.0318622174438,193.1591876032865,no pobre,basal,3,600.0,792.5,1.0,49.0,11,316,5541,5,1.0
98,1.0,0.0,3.8699999,0.0,6.0,5,127.0318622174438,193.1591876032865,no pobre,basal,3,600.0,792.5,1.0,49.0,12,316,5541,5,1.0
97,1.0,0.0,3.8699999,1.0,0.0,5,127.0318622174438,193.1591876032865,pobre,basal,6,625.0,550.0,1.0,30.0,6,316,5542,0,1.0
98,1.0,0.0,3.8699999,1.0,1.0,5,127.0318622174438,193.1591876032865,pobre,basal,6,625.0,550.0,1.0,30.0,7,316,5542,0,1.0
97,0.0,0.0,3.8699999,1.0,0.0,4,127.0318622174438,193.1591876032865,pobre,basal,4,800.0,676.0,1.0,25.0,6,316,5543,0,1.0
98,0.0,0.0,3.8699999,1.0,1.0,4,127.0318622174438,193.1591876032865,pobre,basal,4,800.0,676.0,1.0,25.0,7,316,5543,0,1.0
97,1.0,0.0,3.8699999,0.0,6.0,11,127.0318622174438,193.1591876032865,pobre,basal,0,41.666668,742.01001,1.0,64.0,15,316,5544,6,0.0
98,1.0,0.0,3.8699999,0.0,6.0,11,127.0318622174438,193.1591876032865,pobre,basal,0,41.666668,742.01001,1.0,64.0,16,316,5544,6,0.0
97,1.0,0.0,3.8699999,1.0,7.0,11,127.0318622174438,193.1591876032865,pobre,basal,0,41.666668,742.01001,1.0,64.0,13,316,5545,7,1.0
98,1.0,0.0,3.8699999,1.0,8.0,11,127.0318622174438,193.1591876032865,pobre,basal,0,41.666668,742.01001,1.0,64.0,14,316,5545,7,1.0
97,1.0,0.0,3.8699999,1.0,4.0,11,127.0318622174438,193.1591876032865,pobre,basal,0,41.666668,742.01001,1.0,64.0,11,316,5546,4,1.0
98,1.0,0.0,3.8699999,1.0,5.0,11,127.0318622174438,193.1591876032865,pobre,basal,0,41.666668,742.01001,1.0,64.0,12,316,5546,4,1.0
97,0.0,0.0,3.8699999,0.0,3.0,11,127.0318622174438,193.1591876032865,pobre,basal,0,41.666668,742.01001,1.0,64.0,16,316,5547,3,0.0
98,0.0,0.0,3.8699999,,,11,127.0318622174438,193.1591876032865,pobre,basal,0,41.666668,742.01001,1.0,64.0,17,316,5547,3,0.0
97,1.0,0.0,3.8699999,1.0,9.0,6,127.0318622174438,193.1591876032865,no pobre,basal,1,600.0,759.0,1.0,35.0,14,316,5548,9,1.0
98,1.0,0.0,3.8699999,1.0,9.0,6,127.0318622174438,193.1591876032865,no pobre,basal,1,600.0,759.0,1.0,35.0,15,316,5548,9,1.0
97,0.0,0.0,3.8699999,1.0,5.0,6,127.0318622174438,193.1591876032865,no pobre,basal,1,600.0,759.0,1.0,35.0,12,316,5549,5,1.0
98,0.0,0.0,3.8699999,1.0,6.0,6,127.0318622174438,193.1591876032865,no pobre,basal,1,600.0,759.0,1.0,35.0,13,316,5549,5,1.0
97,1.0,0.0,3.8699999,1.0,3.0,6,127.0318622174438,193.1591876032865,no pobre,basal,1,600.0,759.0,1.0,35.0,10,316,5550,3,1.0
98,1.0,0.0,3.8699999,1.0,4.0,6,127.0318622174438,193.1591876032865,no pobre,basal,1,600.0,759.0,1.0,35.0,11,316,5550,3,1.0
97,1.0,0.0,3.8699999,1.0,0.0,6,127.0318622174438,193.1591876032865,no pobre,basal,1,600.0,759.0,1.0,35.0,6,316,5551,0,1.0
98,1.0,0.0,3.8699999,1.0,1.0,6,127.0318622174438,193.1591876032865,no pobre,basal,1,600.0,759.0,1.0,35.0,7,316,5551,0,1.0
97,1.0,0.0,3.8699999,1.0,7.0,5,127.0318622174438,193.1591876032865,pobre,basal,2,600.0,701.0,1.0,40.0,14,316,5552,7,1.0
98,1.0,0.0,3.8699999,1.0,8.0,5,127.0318622174438,193.1591876032865,pobre,basal,2,600.0,701.0,1.0,40.0,15,316,5552,7,1.0
97,0.0,0.0,3.8699999,1.0,5.0,5,127.0318622174438,193.1591876032865,pobre,basal,2,600.0,701.0,1.0,40.0,11,316,5553,5,1.0
98,0.0,0.0,3.8699999,1.0,6.0,5,127.0318622174438,193.1591876032865,pobre,basal,2,600.0,701.0,1.0,40.0,12,316,5553,5,1.0
97,0.0,0.0,3.8699999,1.0,1.0,5,127.0318622174438,193.1591876032865,pobre,basal,2,600.0,701.0,1.0,40.0,7,316,5554,1,1.0
98,0.0,0.0,3.8699999,1.0,2.0,5,127.0318622174438,193.1591876032865,pobre,basal,2,600.0,701.0,1.0,40.0,8,316,5554,1,1.0
97,0.0,0.0,3.8699999,1.0,4.0,8,127.0318622174438,193.1591876032865,no pobre,basal,4,1250.0,840.33002,1.0,62.0,10,316,5555,4,1.0
98,0.0,0.0,3.8699999,1.0,5.0,8,127.0318622174438,193.1591876032865,no pobre,basal,4,1250.0,840.33002,1.0,62.0,11,316,5555,4,1.0
97,1.0,0.0,3.8699999,1.0,2.0,8,127.0318622174438,193.1591876032865,no pobre,basal,4,1250.0,840.33002,1.0,62.0,8,316,5556,2,1.0
98,1.0,0.0,3.8699999,1.0,3.0,8,127.0318622174438,193.1591876032865,no pobre,basal,4,1250.0,840.33002,1.0,62.0,9,316,5556,2,1.0
97,1.0,0.0,3.8699999,,0.0,8,127.0318622174438,193.1591876032865,no pobre,basal,4,1250.0,840.33002,1.0,62.0,7,316,5557,0,
98,1.0,0.0,3.8699999,,,8,127.0318622174438,193.1591876032865,no pobre,basal,4,1250.0,840.33002,1.0,62.0,8,316,5557,0,
97,1.0,0.0,3.8699999,1.0,0.0,5,127.0318622174438,193.1591876032865,no pobre,basal,6,1400.0,928.0,1.0,33.0,6,316,5558,0,1.0
98,1.0,0.0,3.8699999,1.0,1.0,5,127.0318622174438,193.1591876032865,no pobre,basal,6,1400.0,928.0,1.0,33.0,7,316,5558,0,1.0
97,1.0,0.0,3.8699999,1.0,0.0,5,127.0318622174438,193.1591876032865,pobre,basal,4,625.0,661.0,1.0,33.0,6,316,5559,0,1.0
98,1.0,0.0,3.8699999,1.0,1.0,5,127.0318622174438,193.1591876032865,pobre,basal,4,625.0,661.0,1.0,33.0,7,316,5559,0,1.0
97,0.0,0.0,3.8699999,1.0,0.0,5,127.0318622174438,193.1591876032865,pobre,basal,9,625.0,850.0,1.0,35.0,6,316,5560,0,1.0
98,0.0,0.0,3.8699999,,,5,127.0318622174438,193.1591876032865,pobre,basal,9,625.0,850.0,1.0,35.0,7,316,5560,0,1.0
97,0.0,0.0,3.8699999,0.0,9.0,5,127.0318622174438,193.1591876032865,no pobre,basal,9,166.66667,840.0,1.0,36.0,15,316,5561,9,0.0
98,0.0,0.0,3.8699999,,,5,127.0318622174438,193.1591876032865,no pobre,basal,9,166.66667,840.0,1.0,36.0,16,316,5561,9,0.0
97,1.0,0.0,3.8699999,1.0,6.0,5,127.0318622174438,193.1591876032865,no pobre,basal,9,166.66667,840.0,1.0,36.0,12,316,5562,6,1.0
98,1.0,0.0,3.8699999,1.0,7.0,5,127.0318622174438,193.1591876032865,no pobre,basal,9,166.66667,840.0,1.0,36.0,13,316,5562,6,1.0
97,0.0,0.0,3.8699999,1.0,0.0,5,127.0318622174438,193.1591876032865,no pobre,basal,9,166.66667,840.0,1.0,36.0,6,316,5563,0,1.0
98,0.0,0.0,3.8699999,1.0,0.0,5,127.0318622174438,193.1591876032865,no pobre,basal,9,166.66667,840.0,1.0,36.0,7,316,5563,0,1.0
97,0.0,0.0,3.8699999,0.0,9.0,5,127.0318622174438,193.1591876032865,pobre,basal,0,0.0,654.0,0.0,54.0,15,316,5564,9,0.0
98,0.0,0.0,3.8699999,0.0,9.0,5,127.0318622174438,193.1591876032865,pobre,basal,0,0.0,654.0,0.0,54.0,16,316,5564,9,0.0
97,1.0,0.0,3.8699999,1.0,4.0,4,127.0318622174438,193.1591876032865,pobre,basal,6,625.0,594.0,1.0,33.0,10,316,5565,4,1.0
98,1.0,0.0,3.8699999,1.0,5.0,4,127.0318622174438,193.1591876032865,pobre,basal,6,625.0,594.0,1.0,33.0,11,316,5565,4,1.0
97,1.0,0.0,3.8699999,1.0,3.0,4,127.0318622174438,193.1591876032865,pobre,basal,6,625.0,594.0,1.0,33.0,9,316,5566,3,1.0
98,1.0,0.0,3.8699999,1.0,4.0,4,127.0318622174438,193.1591876032865,pobre,basal,6,625.0,594.0,1.0,33.0,10,316,5566,3,1.0
97,0.0,1.0,1.529,1.0,1.0,5,146.8077238599486,198.9165995846622,pobre,0,1,500.0,547.0,1.0,34.0,9,302,5567,1,1.0
98,0.0,1.0,1.529,1.0,2.0,5,146.8077238599486,198.9165995846622,pobre,0,1,500.0,547.0,1.0,34.0,10,302,5567,1,1.0
97,0.0,1.0,1.529,1.0,1.0,5,146.8077238599486,198.9165995846622,pobre,0,1,500.0,547.0,1.0,34.0,9,302,5568,1,1.0
98,0.0,1.0,1.529,1.0,2.0,5,146.8077238599486,198.9165995846622,pobre,0,1,500.0,547.0,1.0,34.0,10,302,5568,1,1.0
97,1.0,1.0,1.529,1.0,4.0,4,146.8077238599486,198.9165995846622,pobre,0,0,0.0,663.0,0.0,64.0,11,302,5569,4,1.0
98,1.0,1.0,1.529,1.0,4.0,4,146.8077238599486,198.9165995846622,pobre,0,0,0.0,663.0,0.0,64.0,12,302,5569,4,1.0
97,0.0,1.0,1.529,1.0,4.0,6,146.8077238599486,198.9165995846622,pobre,0,2,0.0,514.0,0.0,45.0,12,302,5570,4,1.0
98,0.0,1.0,1.529,1.0,4.0,6,146.8077238599486,198.9165995846622,pobre,0,2,0.0,514.0,0.0,45.0,13,302,5570,4,1.0
97,0.0,1.0,1.529,1.0,1.0,6,146.8077238599486,198.9165995846622,pobre,0,2,0.0,514.0,0.0,45.0,10,302,5571,1,1.0
98,0.0,1.0,1.529,1.0,0.0,6,146.8077238599486,198.9165995846622,pobre,0,2,0.0,514.0,0.0,45.0,11,302,5571,1,1.0
97,0.0,1.0,1.529,1.0,0.0,5,146.8077238599486,198.9165995846622,pobre,0,6,625.0,550.0,1.0,31.0,6,302,5572,0,1.0
98,0.0,1.0,1.529,1.0,1.0,5,146.8077238599486,198.9165995846622,pobre,0,6,625.0,550.0,1.0,31.0,7,302,5572,0,1.0
97,1.0,1.0,1.089,1.0,3.0,4,132.3560628277174,198.2682323517741,pobre,0,0,500.0,687.0,1.0,35.0,10,323,5573,3,1.0
98,1.0,1.0,1.089,1.0,4.0,4,132.3560628277174,198.2682323517741,pobre,0,0,500.0,687.0,1.0,35.0,11,323,5573,3,1.0
97,1.0,1.0,1.089,1.0,2.0,6,132.3560628277174,198.2682323517741,pobre,0,1,500.0,579.0,1.0,28.0,10,323,5574,2,1.0
98,1.0,1.0,1.089,1.0,2.0,6,132.3560628277174,198.2682323517741,pobre,0,1,500.0,579.0,1.0,28.0,11,323,5574,2,1.0
97,1.0,1.0,1.089,1.0,0.0,6,132.3560628277174,198.2682323517741,pobre,0,1,500.0,579.0,1.0,28.0,6,323,5575,0,1.0
98,1.0,1.0,1.089,1.0,0.0,6,132.3560628277174,198.2682323517741,pobre,0,1,500.0,579.0,1.0,28.0,7,323,5575,0,1.0
97,0.0,1.0,1.529,1.0,5.0,7,146.8077238599486,198.9165995846622,pobre,0,0,625.0,588.5,1.0,43.0,13,302,5576,5,1.0
98,0.0,1.0,1.529,1.0,5.0,7,146.8077238599486,198.9165995846622,pobre,0,0,625.0,588.5,1.0,43.0,14,302,5576,5,1.0
97,0.0,0.0,1.529,1.0,0.0,7,146.8077238599486,198.9165995846622,pobre,0,0,625.0,588.5,1.0,43.0,6,302,5577,0,1.0
98,0.0,0.0,1.529,1.0,1.0,7,146.8077238599486,198.9165995846622,pobre,0,0,625.0,588.5,1.0,43.0,7,302,5577,0,1.0
97,1.0,1.0,1.529,1.0,1.0,7,146.8077238599486,198.9165995846622,pobre,0,0,625.0,588.5,1.0,43.0,10,302,5578,1,1.0
98,1.0,1.0,1.529,1.0,2.0,7,146.8077238599486,198.9165995846622,pobre,0,0,625.0,588.5,1.0,43.0,11,302,5578,1,1.0
97,0.0,1.0,1.529,,0.0,7,146.8077238599486,198.9165995846622,pobre,0,2,500.0,494.0,1.0,40.0,16,302,5579,0,
98,0.0,1.0,1.529,,,7,146.8077238599486,198.9165995846622,pobre,0,2,500.0,494.0,1.0,40.0,17,302,5579,0,
97,1.0,1.0,1.529,,0.0,7,146.8077238599486,198.9165995846622,pobre,0,2,500.0,494.0,1.0,40.0,11,302,5580,0,
98,1.0,1.0,1.529,1.0,1.0,7,146.8077238599486,198.9165995846622,pobre,0,2,500.0,494.0,1.0,40.0,12,302,5580,0,
97,1.0,1.0,1.529,,0.0,7,146.8077238599486,198.9165995846622,pobre,0,2,500.0,494.0,1.0,40.0,7,302,5581,0,
98,1.0,1.0,1.529,,,7,146.8077238599486,198.9165995846622,pobre,0,2,500.0,494.0,1.0,40.0,8,302,5581,0,
97,1.0,0.0,4.0939999,1.0,0.0,5,126.546352636077,196.1487348154265,no pobre,basal,0,625.0,820.5,1.0,54.0,6,325,5582,0,1.0
98,1.0,0.0,4.0939999,1.0,1.0,5,126.546352636077,196.1487348154265,no pobre,basal,0,625.0,820.5,1.0,54.0,7,325,5582,0,1.0
97,0.0,1.0,1.089,1.0,6.0,8,132.3560628277174,198.2682323517741,pobre,0,6,500.0,587.0,1.0,36.0,14,323,5583,6,1.0
98,0.0,1.0,1.089,0.0,6.0,8,132.3560628277174,198.2682323517741,pobre,0,6,500.0,587.0,1.0,36.0,15,323,5583,6,1.0
97,0.0,1.0,1.089,1.0,5.0,8,132.3560628277174,198.2682323517741,pobre,0,6,500.0,587.0,1.0,36.0,11,323,5584,5,1.0
98,0.0,1.0,1.089,1.0,6.0,8,132.3560628277174,198.2682323517741,pobre,0,6,500.0,587.0,1.0,36.0,12,323,5584,5,1.0
97,0.0,1.0,1.089,1.0,0.0,8,132.3560628277174,198.2682323517741,pobre,0,6,500.0,587.0,1.0,36.0,7,323,5585,0,1.0
98,0.0,1.0,1.089,1.0,1.0,8,132.3560628277174,198.2682323517741,pobre,0,6,500.0,587.0,1.0,36.0,8,323,5585,0,1.0
97,0.0,1.0,1.089,0.0,6.0,11,132.3560628277174,198.2682323517741,no pobre,0,2,500.0,837.40002,1.0,47.0,16,323,5586,6,0.0
98,0.0,1.0,1.089,,,11,132.3560628277174,198.2682323517741,no pobre,0,2,500.0,837.40002,1.0,47.0,17,323,5586,6,0.0
97,1.0,1.0,1.089,1.0,7.0,11,132.3560628277174,198.2682323517741,no pobre,0,2,500.0,837.40002,1.0,47.0,14,323,5587,7,1.0
98,1.0,1.0,1.089,1.0,8.0,11,132.3560628277174,198.2682323517741,no pobre,0,2,500.0,837.40002,1.0,47.0,15,323,5587,7,1.0
97,0.0,1.0,1.089,1.0,3.0,11,132.3560628277174,198.2682323517741,no pobre,0,2,500.0,837.40002,1.0,47.0,10,323,5588,3,1.0
98,0.0,1.0,1.089,1.0,4.0,11,132.3560628277174,198.2682323517741,no pobre,0,2,500.0,837.40002,1.0,47.0,11,323,5588,3,1.0
97,1.0,1.0,1.089,1.0,2.0,11,132.3560628277174,198.2682323517741,no pobre,0,2,500.0,837.40002,1.0,47.0,8,323,5589,2,1.0
98,1.0,1.0,1.089,1.0,3.0,11,132.3560628277174,198.2682323517741,no pobre,0,2,500.0,837.40002,1.0,47.0,9,323,5589,2,1.0
97,1.0,1.0,1.089,1.0,0.0,11,132.3560628277174,198.2682323517741,no pobre,0,2,500.0,837.40002,1.0,47.0,6,323,5590,0,1.0
98,1.0,1.0,1.089,1.0,1.0,11,132.3560628277174,198.2682323517741,no pobre,0,2,500.0,837.40002,1.0,47.0,7,323,5590,0,1.0
97,0.0,1.0,1.089,1.0,1.0,6,132.3560628277174,198.2682323517741,pobre,0,3,500.0,702.0,1.0,25.0,9,323,5591,1,1.0
98,0.0,1.0,1.089,1.0,2.0,6,132.3560628277174,198.2682323517741,pobre,0,3,500.0,702.0,1.0,25.0,10,323,5591,1,1.0
97,0.0,1.0,1.089,1.0,5.0,7,132.3560628277174,198.2682323517741,pobre,0,1,500.0,594.0,1.0,38.0,12,323,5592,5,1.0
98,0.0,1.0,1.089,1.0,6.0,7,132.3560628277174,198.2682323517741,pobre,0,1,500.0,594.0,1.0,38.0,13,323,5592,5,1.0
97,1.0,1.0,1.089,1.0,1.0,7,132.3560628277174,198.2682323517741,pobre,0,1,500.0,594.0,1.0,38.0,8,323,5593,1,1.0
98,1.0,1.0,1.089,1.0,2.0,7,132.3560628277174,198.2682323517741,pobre,0,1,500.0,594.0,1.0,38.0,9,323,5593,1,1.0
97,1.0,1.0,1.089,1.0,5.0,6,132.3560628277174,198.2682323517741,pobre,0,2,200.0,851.0,0.0,36.0,14,323,5594,5,1.0
98,1.0,1.0,1.089,1.0,6.0,6,132.3560628277174,198.2682323517741,pobre,0,2,200.0,851.0,0.0,36.0,15,323,5594,5,1.0
97,1.0,1.0,1.089,1.0,4.0,6,132.3560628277174,198.2682323517741,pobre,0,2,200.0,851.0,0.0,36.0,12,323,5595,4,1.0
98,1.0,1.0,1.089,1.0,4.0,6,132.3560628277174,198.2682323517741,pobre,0,2,200.0,851.0,0.0,36.0,13,323,5595,4,1.0
97,1.0,1.0,1.089,1.0,1.0,6,132.3560628277174,198.2682323517741,pobre,0,2,200.0,851.0,0.0,36.0,9,323,5596,1,1.0
98,1.0,1.0,1.089,1.0,2.0,6,132.3560628277174,198.2682323517741,pobre,0,2,200.0,851.0,0.0,36.0,10,323,5596,1,1.0
97,1.0,1.0,1.089,1.0,0.0,6,132.3560628277174,198.2682323517741,pobre,0,2,200.0,851.0,0.0,36.0,6,323,5597,0,1.0
98,1.0,1.0,1.089,1.0,1.0,6,132.3560628277174,198.2682323517741,pobre,0,2,200.0,851.0,0.0,36.0,7,323,5597,0,1.0
97,0.0,1.0,1.089,1.0,4.0,6,132.3560628277174,198.2682323517741,pobre,0,2,700.0,826.0,1.0,65.0,11,323,5598,4,1.0
98,0.0,1.0,1.089,,,6,132.3560628277174,198.2682323517741,pobre,0,2,700.0,826.0,1.0,65.0,12,323,5598,4,1.0
97,1.0,1.0,1.089,1.0,3.0,6,132.3560628277174,198.2682323517741,pobre,0,2,700.0,826.0,1.0,65.0,8,323,5599,3,1.0
98,1.0,1.0,1.089,1.0,4.0,6,132.3560628277174,198.2682323517741,pobre,0,2,700.0,826.0,1.0,65.0,9,323,5599,3,1.0
97,0.0,1.0,1.089,1.0,2.0,6,132.3560628277174,198.2682323517741,pobre,0,2,700.0,826.0,1.0,65.0,13,323,5600,2,1.0
98,0.0,1.0,1.089,1.0,8.0,6,132.3560628277174,198.2682323517741,pobre,0,2,700.0,826.0,1.0,65.0,14,323,5600,2,1.0
97,0.0,1.0,1.089,0.0,9.0,6,132.3560628277174,198.2682323517741,pobre,0,2,700.0,826.0,1.0,65.0,14,323,5601,9,0.0
98,0.0,1.0,1.089,,,6,132.3560628277174,198.2682323517741,pobre,0,2,700.0,826.0,1.0,65.0,15,323,5601,9,0.0
97,0.0,1.0,1.089,1.0,2.0,5,132.3560628277174,198.2682323517741,pobre,0,6,500.0,789.0,1.0,29.0,8,323,5602,2,1.0
98,0.0,1.0,1.089,1.0,3.0,5,132.3560628277174,198.2682323517741,pobre,0,6,500.0,789.0,1.0,29.0,9,323,5602,2,1.0
97,0.0,1.0,1.089,1.0,0.0,5,132.3560628277174,198.2682323517741,pobre,0,6,500.0,789.0,1.0,29.0,6,323,5603,0,1.0
98,0.0,1.0,1.089,1.0,1.0,5,132.3560628277174,198.2682323517741,pobre,0,6,500.0,789.0,1.0,29.0,7,323,5603,0,1.0
97,1.0,1.0,1.089,1.0,0.0,4,132.3560628277174,198.2682323517741,pobre,0,2,625.0,730.0,1.0,37.0,6,323,5604,0,1.0
98,1.0,1.0,1.089,1.0,0.0,4,132.3560628277174,198.2682323517741,pobre,0,2,625.0,730.0,1.0,37.0,7,323,5604,0,1.0
97,1.0,0.0,2.0880001,0.0,4.0,6,86.77187925719781,246.2588365450004,pobre,basal,0,500.0,893.0,1.0,58.0,10,358,5605,4,0.0
98,1.0,0.0,2.0880001,1.0,5.0,6,86.77187925719781,246.2588365450004,pobre,basal,0,500.0,893.0,1.0,58.0,11,358,5605,4,0.0
97,0.0,0.0,2.0880001,1.0,2.0,6,86.77187925719781,246.2588365450004,pobre,basal,0,500.0,893.0,1.0,58.0,9,358,5606,2,1.0
98,0.0,0.0,2.0880001,1.0,3.0,6,86.77187925719781,246.2588365450004,pobre,basal,0,500.0,893.0,1.0,58.0,10,358,5606,2,1.0
97,1.0,0.0,2.0880001,1.0,0.0,6,86.77187925719781,246.2588365450004,pobre,basal,0,500.0,893.0,1.0,58.0,6,358,5607,0,1.0
98,1.0,0.0,2.0880001,1.0,1.0,6,86.77187925719781,246.2588365450004,pobre,basal,0,500.0,893.0,1.0,58.0,7,358,5607,0,1.0
97,0.0,0.0,2.0880001,1.0,9.0,5,86.77187925719781,246.2588365450004,no pobre,basal,2,500.0,1074.0,1.0,55.0,14,358,5608,9,1.0
98,0.0,0.0,2.0880001,1.0,10.0,5,86.77187925719781,246.2588365450004,no pobre,basal,2,500.0,1074.0,1.0,55.0,15,358,5608,9,1.0
97,0.0,0.0,2.0880001,1.0,6.0,4,86.77187925719781,246.2588365450004,no pobre,basal,5,500.0,1206.0,1.0,50.0,13,358,5609,6,1.0
98,0.0,0.0,2.0880001,,,4,86.77187925719781,246.2588365450004,no pobre,basal,5,500.0,1206.0,1.0,50.0,14,358,5609,6,1.0
97,0.0,0.0,2.0880001,1.0,5.0,4,86.77187925719781,246.2588365450004,no pobre,basal,5,500.0,1206.0,1.0,50.0,11,358,5610,5,1.0
98,0.0,0.0,2.0880001,,,4,86.77187925719781,246.2588365450004,no pobre,basal,5,500.0,1206.0,1.0,50.0,12,358,5610,5,1.0
97,0.0,0.0,2.0880001,0.0,3.0,8,86.77187925719781,246.2588365450004,pobre,basal,1,500.0,858.0,1.0,48.0,15,358,5611,3,0.0
98,0.0,0.0,2.0880001,,,8,86.77187925719781,246.2588365450004,pobre,basal,1,500.0,858.0,1.0,48.0,16,358,5611,3,0.0
97,1.0,0.0,2.0880001,1.0,2.0,8,86.77187925719781,246.2588365450004,pobre,basal,1,500.0,858.0,1.0,48.0,14,358,5612,2,1.0
98,1.0,0.0,2.0880001,,,8,86.77187925719781,246.2588365450004,pobre,basal,1,500.0,858.0,1.0,48.0,15,358,5612,2,1.0
97,0.0,0.0,2.0880001,1.0,5.0,8,86.77187925719781,246.2588365450004,pobre,basal,1,500.0,858.0,1.0,48.0,12,358,5613,5,1.0
98,0.0,0.0,2.0880001,1.0,6.0,8,86.77187925719781,246.2588365450004,pobre,basal,1,500.0,858.0,1.0,48.0,13,358,5613,5,1.0
97,0.0,0.0,2.0880001,1.0,3.0,8,86.77187925719781,246.2588365450004,pobre,basal,1,500.0,858.0,1.0,48.0,10,358,5614,3,1.0
98,0.0,0.0,2.0880001,1.0,4.0,8,86.77187925719781,246.2588365450004,pobre,basal,1,500.0,858.0,1.0,48.0,11,358,5614,3,1.0
97,0.0,0.0,2.0880001,1.0,0.0,8,86.77187925719781,246.2588365450004,pobre,basal,1,500.0,858.0,1.0,48.0,8,358,5615,0,1.0
98,0.0,0.0,2.0880001,1.0,1.0,8,86.77187925719781,246.2588365450004,pobre,basal,1,500.0,858.0,1.0,48.0,9,358,5615,0,1.0
97,1.0,0.0,2.0880001,1.0,2.0,9,86.77187925719781,246.2588365450004,pobre,basal,3,625.0,745.75,1.0,61.0,16,358,5616,2,1.0
98,1.0,0.0,2.0880001,,,9,86.77187925719781,246.2588365450004,pobre,basal,3,625.0,745.75,1.0,61.0,17,358,5616,2,1.0
97,0.0,0.0,2.0880001,1.0,6.0,9,86.77187925719781,246.2588365450004,pobre,basal,3,625.0,745.75,1.0,61.0,13,358,5617,6,1.0
98,0.0,0.0,2.0880001,1.0,7.0,9,86.77187925719781,246.2588365450004,pobre,basal,3,625.0,745.75,1.0,61.0,14,358,5617,6,1.0
97,1.0,0.0,2.0880001,1.0,4.0,9,86.77187925719781,246.2588365450004,pobre,basal,3,625.0,745.75,1.0,61.0,10,358,5618,4,1.0
98,1.0,0.0,2.0880001,1.0,5.0,9,86.77187925719781,246.2588365450004,pobre,basal,3,625.0,745.75,1.0,61.0,11,358,5618,4,1.0
97,1.0,0.0,2.0880001,0.0,9.0,4,86.77187925719781,246.2588365450004,no pobre,basal,0,91.666664,879.0,1.0,55.0,16,358,5619,9,0.0
98,1.0,0.0,2.0880001,,,4,86.77187925719781,246.2588365450004,no pobre,basal,0,91.666664,879.0,1.0,55.0,17,358,5619,9,0.0
97,1.0,0.0,2.0880001,1.0,6.0,4,86.77187925719781,246.2588365450004,no pobre,basal,0,91.666664,879.0,1.0,55.0,13,358,5620,6,1.0
98,1.0,0.0,2.0880001,1.0,7.0,4,86.77187925719781,246.2588365450004,no pobre,basal,0,91.666664,879.0,1.0,55.0,14,358,5620,6,1.0
97,1.0,0.0,2.0880001,1.0,8.0,6,86.77187925719781,246.2588365450004,no pobre,basal,2,625.0,823.0,1.0,76.0,16,358,5621,8,1.0
98,1.0,0.0,2.0880001,,,6,86.77187925719781,246.2588365450004,no pobre,basal,2,625.0,823.0,1.0,76.0,17,358,5621,8,1.0
97,1.0,0.0,2.0880001,1.0,7.0,6,86.77187925719781,246.2588365450004,no pobre,basal,2,625.0,823.0,1.0,76.0,15,358,5622,7,1.0
98,1.0,0.0,2.0880001,1.0,8.0,6,86.77187925719781,246.2588365450004,no pobre,basal,2,625.0,823.0,1.0,76.0,16,358,5622,7,1.0
97,1.0,0.0,2.0880001,1.0,7.0,6,86.77187925719781,246.2588365450004,no pobre,basal,2,625.0,823.0,1.0,76.0,14,358,5623,7,1.0
98,1.0,0.0,2.0880001,1.0,8.0,6,86.77187925719781,246.2588365450004,no pobre,basal,2,625.0,823.0,1.0,76.0,15,358,5623,7,1.0
97,1.0,0.0,2.0880001,1.0,7.0,5,86.77187925719781,246.2588365450004,no pobre,basal,1,625.0,1157.0,1.0,55.0,13,358,5624,7,1.0
98,1.0,0.0,2.0880001,1.0,8.0,5,86.77187925719781,246.2588365450004,no pobre,basal,1,625.0,1157.0,1.0,55.0,14,358,5624,7,1.0
97,1.0,0.0,2.0880001,1.0,8.0,6,86.77187925719781,246.2588365450004,no pobre,basal,1,625.0,804.0,1.0,54.0,16,358,5625,8,1.0
98,1.0,0.0,2.0880001,,,6,86.77187925719781,246.2588365450004,no pobre,basal,1,625.0,804.0,1.0,54.0,17,358,5625,8,1.0
97,0.0,0.0,2.0880001,1.0,7.0,6,86.77187925719781,246.2588365450004,no pobre,basal,1,625.0,804.0,1.0,54.0,12,358,5626,7,1.0
98,0.0,0.0,2.0880001,1.0,8.0,6,86.77187925719781,246.2588365450004,no pobre,basal,1,625.0,804.0,1.0,54.0,13,358,5626,7,1.0
97,1.0,0.0,2.0880001,1.0,4.0,6,86.77187925719781,246.2588365450004,no pobre,basal,1,625.0,804.0,1.0,54.0,10,358,5627,4,1.0
98,1.0,0.0,2.0880001,1.0,5.0,6,86.77187925719781,246.2588365450004,no pobre,basal,1,625.0,804.0,1.0,54.0,11,358,5627,4,1.0
97,0.0,0.0,2.0880001,1.0,4.0,3,86.77187925719781,246.2588365450004,pobre,basal,1,625.0,797.0,1.0,40.0,11,358,5628,4,1.0
98,0.0,0.0,2.0880001,1.0,5.0,3,86.77187925719781,246.2588365450004,pobre,basal,1,625.0,797.0,1.0,40.0,12,358,5628,4,1.0
97,1.0,0.0,2.0880001,1.0,0.0,6,86.77187925719781,246.2588365450004,no pobre,basal,1,500.0,861.0,1.0,30.0,6,358,5629,0,1.0
98,1.0,0.0,2.0880001,1.0,1.0,6,86.77187925719781,246.2588365450004,no pobre,basal,1,500.0,861.0,1.0,30.0,7,358,5629,0,1.0
97,1.0,0.0,2.0880001,1.0,4.0,4,86.77187925719781,246.2588365450004,no pobre,basal,0,750.0,1022.0,1.0,64.0,10,358,5630,4,1.0
98,1.0,0.0,2.0880001,1.0,5.0,4,86.77187925719781,246.2588365450004,no pobre,basal,0,750.0,1022.0,1.0,64.0,11,358,5630,4,1.0
97,1.0,0.0,2.0880001,1.0,2.0,4,86.77187925719781,246.2588365450004,no pobre,basal,0,750.0,1022.0,1.0,64.0,8,358,5631,2,1.0
98,1.0,0.0,2.0880001,1.0,3.0,4,86.77187925719781,246.2588365450004,no pobre,basal,0,750.0,1022.0,1.0,64.0,9,358,5631,2,1.0
97,0.0,0.0,2.0880001,1.0,5.0,5,86.77187925719781,246.2588365450004,pobre,basal,1,500.0,846.33002,1.0,52.0,13,358,5632,5,1.0
98,0.0,0.0,2.0880001,1.0,6.0,5,86.77187925719781,246.2588365450004,pobre,basal,1,500.0,846.33002,1.0,52.0,14,358,5632,5,1.0
97,1.0,0.0,2.0880001,,0.0,5,86.77187925719781,246.2588365450004,pobre,basal,1,500.0,846.33002,1.0,52.0,9,358,5633,0,
98,1.0,0.0,2.0880001,,,5,86.77187925719781,246.2588365450004,pobre,basal,1,500.0,846.33002,1.0,52.0,10,358,5633,0,
97,0.0,0.0,2.0880001,1.0,7.0,4,86.77187925719781,246.2588365450004,no pobre,basal,0,0.0,854.0,0.0,77.0,15,358,5634,7,1.0
98,0.0,0.0,2.0880001,1.0,8.0,4,86.77187925719781,246.2588365450004,no pobre,basal,0,0.0,854.0,0.0,77.0,16,358,5634,7,1.0
97,0.0,0.0,2.0880001,0.0,6.0,12,86.77187925719781,246.2588365450004,pobre,basal,0,0.0,753.0,1.0,60.0,15,358,5635,6,0.0
98,0.0,0.0,2.0880001,1.0,6.0,12,86.77187925719781,246.2588365450004,pobre,basal,0,0.0,753.0,1.0,60.0,16,358,5635,6,0.0
97,1.0,0.0,2.0880001,1.0,5.0,12,86.77187925719781,246.2588365450004,pobre,basal,0,0.0,753.0,1.0,60.0,12,358,5636,5,1.0
98,1.0,0.0,2.0880001,1.0,6.0,12,86.77187925719781,246.2588365450004,pobre,basal,0,0.0,753.0,1.0,60.0,13,358,5636,5,1.0
97,0.0,0.0,2.0880001,1.0,4.0,12,86.77187925719781,246.2588365450004,pobre,basal,0,0.0,753.0,1.0,60.0,11,358,5637,4,1.0
98,0.0,0.0,2.0880001,1.0,5.0,12,86.77187925719781,246.2588365450004,pobre,basal,0,0.0,753.0,1.0,60.0,12,358,5637,4,1.0
97,1.0,0.0,2.0880001,1.0,3.0,12,86.77187925719781,246.2588365450004,pobre,basal,0,0.0,753.0,1.0,60.0,9,358,5638,3,1.0
98,1.0,0.0,2.0880001,1.0,4.0,12,86.77187925719781,246.2588365450004,pobre,basal,0,0.0,753.0,1.0,60.0,10,358,5638,3,1.0
97,1.0,0.0,2.0880001,1.0,4.0,12,86.77187925719781,246.2588365450004,pobre,basal,0,0.0,753.0,1.0,60.0,9,358,5639,4,1.0
98,1.0,0.0,2.0880001,1.0,5.0,12,86.77187925719781,246.2588365450004,pobre,basal,0,0.0,753.0,1.0,60.0,10,358,5639,4,1.0
97,1.0,0.0,2.0880001,1.0,0.0,5,86.77187925719781,246.2588365450004,no pobre,basal,3,600.0,1209.75,1.0,45.0,6,358,5640,0,1.0
98,1.0,0.0,2.0880001,1.0,1.0,5,86.77187925719781,246.2588365450004,no pobre,basal,3,600.0,1209.75,1.0,45.0,7,358,5640,0,1.0
97,1.0,0.0,2.0880001,0.0,7.0,2,86.77187925719781,246.2588365450004,no pobre,basal,3,3041.6667,1260.0,1.0,73.0,16,358,5641,7,0.0
98,1.0,0.0,2.0880001,,,2,86.77187925719781,246.2588365450004,no pobre,basal,3,3041.6667,1260.0,1.0,73.0,17,358,5641,7,0.0
97,1.0,0.0,2.0880001,0.0,9.0,5,86.77187925719781,246.2588365450004,pobre,basal,0,0.0,917.5,0.0,63.0,14,358,5642,9,0.0
98,1.0,0.0,2.0880001,0.0,9.0,5,86.77187925719781,246.2588365450004,pobre,basal,0,0.0,917.5,0.0,63.0,15,358,5642,9,0.0
97,1.0,0.0,2.0880001,1.0,3.0,2,86.77187925719781,246.2588365450004,pobre,basal,0,0.0,953.0,0.0,72.0,9,358,5643,3,1.0
98,1.0,0.0,2.0880001,1.0,4.0,2,86.77187925719781,246.2588365450004,pobre,basal,0,0.0,953.0,0.0,72.0,10,358,5643,3,1.0
97,1.0,0.0,2.0880001,1.0,8.0,2,86.77187925719781,246.2588365450004,pobre,basal,0,0.0,755.0,0.0,50.0,15,358,5644,8,1.0
98,1.0,0.0,2.0880001,0.0,9.0,2,86.77187925719781,246.2588365450004,pobre,basal,0,0.0,755.0,0.0,50.0,16,358,5644,8,1.0
97,1.0,0.0,2.0880001,1.0,3.0,5,86.77187925719781,246.2588365450004,pobre,basal,1,600.0,678.0,1.0,33.0,9,358,5645,3,1.0
98,1.0,0.0,2.0880001,1.0,4.0,5,86.77187925719781,246.2588365450004,pobre,basal,1,600.0,678.0,1.0,33.0,10,358,5645,3,1.0
97,0.0,1.0,1.089,0.0,6.0,8,132.3560628277174,198.2682323517741,pobre,0,2,500.0,642.20001,1.0,43.0,15,323,5646,6,0.0
98,0.0,1.0,1.089,0.0,6.0,8,132.3560628277174,198.2682323517741,pobre,0,2,500.0,642.20001,1.0,43.0,16,323,5646,6,0.0
97,0.0,1.0,1.089,1.0,5.0,8,132.3560628277174,198.2682323517741,pobre,0,2,500.0,642.20001,1.0,43.0,12,323,5647,5,1.0
98,0.0,1.0,1.089,1.0,6.0,8,132.3560628277174,198.2682323517741,pobre,0,2,500.0,642.20001,1.0,43.0,13,323,5647,5,1.0
97,1.0,1.0,1.089,1.0,0.0,8,132.3560628277174,198.2682323517741,pobre,0,2,500.0,642.20001,1.0,43.0,7,323,5648,0,1.0
98,1.0,1.0,1.089,1.0,1.0,8,132.3560628277174,198.2682323517741,pobre,0,2,500.0,642.20001,1.0,43.0,8,323,5648,0,1.0
97,1.0,1.0,1.089,1.0,0.0,6,132.3560628277174,198.2682323517741,no pobre,0,1,375.0,829.40002,1.0,52.0,6,323,5649,0,1.0
98,1.0,1.0,1.089,1.0,1.0,6,132.3560628277174,198.2682323517741,no pobre,0,1,375.0,829.40002,1.0,52.0,7,323,5649,0,1.0
97,1.0,1.0,1.089,1.0,7.0,9,132.3560628277174,198.2682323517741,pobre,0,2,500.0,582.0,1.0,38.0,14,323,5650,7,1.0
98,1.0,1.0,1.089,1.0,8.0,9,132.3560628277174,198.2682323517741,pobre,0,2,500.0,582.0,1.0,38.0,15,323,5650,7,1.0
97,0.0,1.0,1.089,1.0,6.0,9,132.3560628277174,198.2682323517741,pobre,0,2,500.0,582.0,1.0,38.0,12,323,5651,6,1.0
98,0.0,1.0,1.089,0.0,6.0,9,132.3560628277174,198.2682323517741,pobre,0,2,500.0,582.0,1.0,38.0,13,323,5651,6,1.0
97,0.0,1.0,1.089,1.0,4.0,9,132.3560628277174,198.2682323517741,pobre,0,2,500.0,582.0,1.0,38.0,10,323,5652,4,1.0
98,0.0,1.0,1.089,1.0,5.0,9,132.3560628277174,198.2682323517741,pobre,0,2,500.0,582.0,1.0,38.0,11,323,5652,4,1.0
97,0.0,1.0,1.089,1.0,1.0,9,132.3560628277174,198.2682323517741,pobre,0,2,500.0,582.0,1.0,38.0,7,323,5653,1,1.0
98,0.0,1.0,1.089,1.0,2.0,9,132.3560628277174,198.2682323517741,pobre,0,2,500.0,582.0,1.0,38.0,8,323,5653,1,1.0
97,0.0,1.0,1.089,0.0,6.0,7,132.3560628277174,198.2682323517741,pobre,0,2,240.0,683.0,1.0,49.0,14,323,5654,6,0.0
98,0.0,1.0,1.089,,,7,132.3560628277174,198.2682323517741,pobre,0,2,240.0,683.0,1.0,49.0,15,323,5654,6,0.0
97,1.0,1.0,1.089,1.0,2.0,7,132.3560628277174,198.2682323517741,pobre,0,2,240.0,683.0,1.0,49.0,12,323,5655,2,1.0
98,1.0,1.0,1.089,,,7,132.3560628277174,198.2682323517741,pobre,0,2,240.0,683.0,1.0,49.0,13,323,5655,2,1.0
97,1.0,1.0,1.089,1.0,4.0,7,132.3560628277174,198.2682323517741,pobre,0,2,240.0,683.0,1.0,49.0,10,323,5656,4,1.0
98,1.0,1.0,1.089,,,7,132.3560628277174,198.2682323517741,pobre,0,2,240.0,683.0,1.0,49.0,11,323,5656,4,1.0
97,1.0,1.0,1.089,1.0,5.0,8,132.3560628277174,198.2682323517741,pobre,0,2,0.0,605.0,0.0,55.0,11,323,5657,5,1.0
98,1.0,1.0,1.089,1.0,6.0,8,132.3560628277174,198.2682323517741,pobre,0,2,0.0,605.0,0.0,55.0,12,323,5657,5,1.0
97,1.0,1.0,1.089,1.0,3.0,8,132.3560628277174,198.2682323517741,pobre,0,2,0.0,605.0,0.0,55.0,9,323,5658,3,1.0
98,1.0,1.0,1.089,1.0,4.0,8,132.3560628277174,198.2682323517741,pobre,0,2,0.0,605.0,0.0,55.0,10,323,5658,3,1.0
97,1.0,1.0,1.089,1.0,0.0,8,132.3560628277174,198.2682323517741,pobre,0,2,0.0,605.0,0.0,55.0,6,323,5659,0,1.0
98,1.0,1.0,1.089,1.0,1.0,8,132.3560628277174,198.2682323517741,pobre,0,2,0.0,605.0,0.0,55.0,7,323,5659,0,1.0
97,1.0,1.0,1.089,1.0,8.0,6,132.3560628277174,198.2682323517741,pobre,0,1,375.0,661.0,1.0,56.0,14,323,5660,8,1.0
98,1.0,1.0,1.089,0.0,9.0,6,132.3560628277174,198.2682323517741,pobre,0,1,375.0,661.0,1.0,56.0,15,323,5660,8,1.0
97,0.0,1.0,1.089,1.0,3.0,6,132.3560628277174,198.2682323517741,pobre,0,1,375.0,661.0,1.0,56.0,10,323,5661,3,1.0
98,0.0,1.0,1.089,1.0,4.0,6,132.3560628277174,198.2682323517741,pobre,0,1,375.0,661.0,1.0,56.0,11,323,5661,3,1.0
97,0.0,1.0,1.089,1.0,2.0,6,132.3560628277174,198.2682323517741,pobre,0,1,375.0,661.0,1.0,56.0,8,323,5662,2,1.0
98,0.0,1.0,1.089,1.0,3.0,6,132.3560628277174,198.2682323517741,pobre,0,1,375.0,661.0,1.0,56.0,9,323,5662,2,1.0
97,1.0,0.0,1.729,1.0,4.0,7,123.4044036077507,315.2820659441691,pobre,basal,6,500.0,840.5,1.0,38.0,10,419,5663,4,1.0
98,1.0,0.0,1.729,1.0,5.0,7,123.4044036077507,315.2820659441691,pobre,basal,6,500.0,840.5,1.0,38.0,11,419,5663,4,1.0
97,0.0,0.0,1.729,1.0,1.0,7,123.4044036077507,315.2820659441691,pobre,basal,6,500.0,840.5,1.0,38.0,8,419,5664,1,1.0
98,0.0,0.0,1.729,1.0,2.0,7,123.4044036077507,315.2820659441691,pobre,basal,6,500.0,840.5,1.0,38.0,9,419,5664,1,1.0
97,0.0,0.0,1.729,1.0,0.0,7,123.4044036077507,315.2820659441691,pobre,basal,6,500.0,840.5,1.0,38.0,7,419,5665,0,1.0
98,0.0,0.0,1.729,,,7,123.4044036077507,315.2820659441691,pobre,basal,6,500.0,840.5,1.0,38.0,8,419,5665,0,1.0
97,0.0,1.0,0.0,1.0,3.0,6,109.4099709556375,328.5566298014576,pobre,basal,6,500.0,636.0,1.0,32.0,7,481,5666,3,1.0
98,0.0,1.0,0.0,1.0,1.0,6,109.4099709556375,328.5566298014576,pobre,basal,6,500.0,636.0,1.0,32.0,8,481,5666,3,1.0
97,1.0,1.0,0.0,1.0,6.0,8,109.4099709556375,328.5566298014576,pobre,basal,6,500.0,585.0,1.0,42.0,16,481,5667,6,1.0
98,1.0,1.0,0.0,,,8,109.4099709556375,328.5566298014576,pobre,basal,6,500.0,585.0,1.0,42.0,17,481,5667,6,1.0
97,1.0,1.0,0.0,1.0,6.0,8,109.4099709556375,328.5566298014576,pobre,basal,6,500.0,585.0,1.0,42.0,15,481,5668,6,1.0
98,1.0,1.0,0.0,1.0,6.0,8,109.4099709556375,328.5566298014576,pobre,basal,6,500.0,585.0,1.0,42.0,16,481,5668,6,1.0
97,0.0,1.0,0.0,1.0,4.0,8,109.4099709556375,328.5566298014576,pobre,basal,6,500.0,585.0,1.0,42.0,11,481,5669,4,1.0
98,0.0,1.0,0.0,1.0,5.0,8,109.4099709556375,328.5566298014576,pobre,basal,6,500.0,585.0,1.0,42.0,12,481,5669,4,1.0
97,1.0,1.0,0.0,1.0,1.0,8,109.4099709556375,328.5566298014576,pobre,basal,6,500.0,585.0,1.0,42.0,7,481,5670,1,1.0
98,1.0,1.0,0.0,1.0,2.0,8,109.4099709556375,328.5566298014576,pobre,basal,6,500.0,585.0,1.0,42.0,8,481,5670,1,1.0
97,0.0,1.0,1.729,1.0,7.0,3,123.4044036077507,315.2820659441691,pobre,basal,0,625.0,848.0,1.0,54.0,14,419,5671,7,1.0
98,0.0,1.0,1.729,1.0,9.0,3,123.4044036077507,315.2820659441691,pobre,basal,0,625.0,848.0,1.0,54.0,15,419,5671,7,1.0
97,1.0,1.0,0.0,1.0,1.0,4,109.4099709556375,328.5566298014576,pobre,basal,0,140.0,699.0,0.0,60.0,13,481,5672,1,1.0
98,1.0,1.0,0.0,1.0,2.0,4,109.4099709556375,328.5566298014576,pobre,basal,0,140.0,699.0,0.0,60.0,14,481,5672,1,1.0
97,0.0,1.0,0.0,1.0,7.0,7,109.4099709556375,328.5566298014576,pobre,basal,0,0.0,618.0,0.0,64.0,13,481,5673,7,1.0
98,0.0,1.0,0.0,1.0,8.0,7,109.4099709556375,328.5566298014576,pobre,basal,0,0.0,618.0,0.0,64.0,14,481,5673,7,1.0
97,1.0,1.0,0.0,1.0,5.0,7,109.4099709556375,328.5566298014576,pobre,basal,0,0.0,618.0,0.0,64.0,12,481,5674,5,1.0
98,1.0,1.0,0.0,1.0,6.0,7,109.4099709556375,328.5566298014576,pobre,basal,0,0.0,618.0,0.0,64.0,13,481,5674,5,1.0
97,0.0,1.0,0.0,1.0,4.0,7,109.4099709556375,328.5566298014576,pobre,basal,0,0.0,618.0,0.0,64.0,10,481,5675,4,1.0
98,0.0,1.0,0.0,1.0,5.0,7,109.4099709556375,328.5566298014576,pobre,basal,0,0.0,618.0,0.0,64.0,11,481,5675,4,1.0
97,1.0,1.0,0.0,0.0,5.0,8,134.7560732061176,285.4250077588848,pobre,basal,6,500.0,725.0,1.0,35.0,16,431,5676,5,0.0
98,1.0,1.0,0.0,,,8,134.7560732061176,285.4250077588848,pobre,basal,6,500.0,725.0,1.0,35.0,17,431,5676,5,0.0
97,1.0,1.0,0.0,1.0,4.0,8,134.7560732061176,285.4250077588848,pobre,basal,6,500.0,725.0,1.0,35.0,14,431,5677,4,1.0
98,1.0,1.0,0.0,1.0,5.0,8,134.7560732061176,285.4250077588848,pobre,basal,6,500.0,725.0,1.0,35.0,15,431,5677,4,1.0
97,1.0,1.0,0.0,1.0,4.0,8,134.7560732061176,285.4250077588848,pobre,basal,6,500.0,725.0,1.0,35.0,12,431,5678,4,1.0
98,1.0,1.0,0.0,1.0,4.0,8,134.7560732061176,285.4250077588848,pobre,basal,6,500.0,725.0,1.0,35.0,13,431,5678,4,1.0
97,0.0,1.0,0.0,1.0,3.0,8,134.7560732061176,285.4250077588848,pobre,basal,6,500.0,725.0,1.0,35.0,11,431,5679,3,1.0
98,0.0,1.0,0.0,1.0,4.0,8,134.7560732061176,285.4250077588848,pobre,basal,6,500.0,725.0,1.0,35.0,12,431,5679,3,1.0
97,1.0,1.0,0.0,1.0,1.0,8,134.7560732061176,285.4250077588848,pobre,basal,6,500.0,725.0,1.0,35.0,9,431,5680,1,1.0
98,1.0,1.0,0.0,1.0,1.0,8,134.7560732061176,285.4250077588848,pobre,basal,6,500.0,725.0,1.0,35.0,10,431,5680,1,1.0
97,1.0,1.0,0.0,1.0,0.0,8,134.7560732061176,285.4250077588848,pobre,basal,6,500.0,725.0,1.0,35.0,8,431,5681,0,1.0
98,1.0,1.0,0.0,1.0,1.0,8,134.7560732061176,285.4250077588848,pobre,basal,6,500.0,725.0,1.0,35.0,9,431,5681,0,1.0
97,0.0,1.0,0.0,0.0,9.0,7,134.7560732061176,285.4250077588848,pobre,basal,3,0.0,875.5,1.0,42.0,16,431,5682,9,0.0
98,0.0,1.0,0.0,,,7,134.7560732061176,285.4250077588848,pobre,basal,3,0.0,875.5,1.0,42.0,17,431,5682,9,0.0
97,1.0,1.0,0.0,1.0,4.0,9,134.7560732061176,285.4250077588848,pobre,basal,4,625.0,756.0,1.0,40.0,15,431,5683,4,1.0
98,1.0,1.0,0.0,1.0,5.0,9,134.7560732061176,285.4250077588848,pobre,basal,4,625.0,756.0,1.0,40.0,16,431,5683,4,1.0
97,0.0,1.0,0.0,1.0,3.0,9,134.7560732061176,285.4250077588848,pobre,basal,4,625.0,756.0,1.0,40.0,12,431,5684,3,1.0
98,0.0,1.0,0.0,1.0,4.0,9,134.7560732061176,285.4250077588848,pobre,basal,4,625.0,756.0,1.0,40.0,13,431,5684,3,1.0
97,1.0,1.0,0.0,1.0,2.0,9,134.7560732061176,285.4250077588848,pobre,basal,4,625.0,756.0,1.0,40.0,10,431,5685,2,1.0
98,1.0,1.0,0.0,1.0,1.0,9,134.7560732061176,285.4250077588848,pobre,basal,4,625.0,756.0,1.0,40.0,11,431,5685,2,1.0
97,1.0,1.0,0.0,1.0,0.0,9,134.7560732061176,285.4250077588848,pobre,basal,4,625.0,756.0,1.0,40.0,6,431,5686,0,1.0
98,1.0,1.0,0.0,1.0,0.0,9,134.7560732061176,285.4250077588848,pobre,basal,4,625.0,756.0,1.0,40.0,7,431,5686,0,1.0
97,1.0,1.0,0.0,1.0,1.0,9,134.7560732061176,285.4250077588848,pobre,basal,2,625.0,882.5,1.0,38.0,15,431,5687,1,1.0
98,1.0,1.0,0.0,1.0,8.0,9,134.7560732061176,285.4250077588848,pobre,basal,2,625.0,882.5,1.0,38.0,16,431,5687,1,1.0
97,0.0,1.0,0.0,1.0,5.0,9,134.7560732061176,285.4250077588848,pobre,basal,2,625.0,882.5,1.0,38.0,13,431,5688,5,1.0
98,0.0,1.0,0.0,1.0,6.0,9,134.7560732061176,285.4250077588848,pobre,basal,2,625.0,882.5,1.0,38.0,14,431,5688,5,1.0
97,0.0,1.0,0.0,1.0,5.0,9,134.7560732061176,285.4250077588848,pobre,basal,2,625.0,882.5,1.0,38.0,11,431,5689,5,1.0
98,0.0,1.0,0.0,1.0,6.0,9,134.7560732061176,285.4250077588848,pobre,basal,2,625.0,882.5,1.0,38.0,12,431,5689,5,1.0
97,0.0,1.0,0.0,1.0,3.0,9,134.7560732061176,285.4250077588848,pobre,basal,2,625.0,882.5,1.0,38.0,9,431,5690,3,1.0
98,0.0,1.0,0.0,1.0,3.0,9,134.7560732061176,285.4250077588848,pobre,basal,2,625.0,882.5,1.0,38.0,10,431,5690,3,1.0
97,0.0,0.0,0.0,1.0,0.0,9,134.7560732061176,285.4250077588848,pobre,basal,2,625.0,882.5,1.0,38.0,6,431,5691,0,1.0
98,0.0,0.0,0.0,1.0,1.0,9,134.7560732061176,285.4250077588848,pobre,basal,2,625.0,882.5,1.0,38.0,7,431,5691,0,1.0
97,0.0,1.0,0.0,1.0,5.0,6,134.7560732061176,285.4250077588848,pobre,basal,3,500.0,705.0,1.0,51.0,15,431,5692,5,1.0
98,0.0,1.0,0.0,1.0,6.0,6,134.7560732061176,285.4250077588848,pobre,basal,3,500.0,705.0,1.0,51.0,16,431,5692,5,1.0
97,0.0,1.0,0.0,1.0,5.0,6,134.7560732061176,285.4250077588848,pobre,basal,3,500.0,705.0,1.0,51.0,14,431,5693,5,1.0
98,0.0,1.0,0.0,1.0,6.0,6,134.7560732061176,285.4250077588848,pobre,basal,3,500.0,705.0,1.0,51.0,15,431,5693,5,1.0
97,1.0,1.0,0.0,1.0,4.0,6,134.7560732061176,285.4250077588848,pobre,basal,3,500.0,705.0,1.0,51.0,10,431,5694,4,1.0
98,1.0,1.0,0.0,1.0,5.0,6,134.7560732061176,285.4250077588848,pobre,basal,3,500.0,705.0,1.0,51.0,11,431,5694,4,1.0
97,0.0,1.0,0.0,1.0,7.0,7,134.7560732061176,285.4250077588848,pobre,basal,5,1440.0,803.5,0.0,33.0,14,431,5695,7,1.0
98,0.0,1.0,0.0,1.0,8.0,7,134.7560732061176,285.4250077588848,pobre,basal,5,1440.0,803.5,0.0,33.0,15,431,5695,7,1.0
97,0.0,1.0,0.0,1.0,6.0,7,134.7560732061176,285.4250077588848,pobre,basal,5,1440.0,803.5,0.0,33.0,13,431,5696,6,1.0
98,0.0,1.0,0.0,1.0,7.0,7,134.7560732061176,285.4250077588848,pobre,basal,5,1440.0,803.5,0.0,33.0,14,431,5696,6,1.0
97,0.0,1.0,0.0,1.0,5.0,7,134.7560732061176,285.4250077588848,pobre,basal,5,1440.0,803.5,0.0,33.0,11,431,5697,5,1.0
98,0.0,1.0,0.0,1.0,6.0,7,134.7560732061176,285.4250077588848,pobre,basal,5,1440.0,803.5,0.0,33.0,12,431,5697,5,1.0
97,1.0,1.0,0.0,1.0,3.0,7,134.7560732061176,285.4250077588848,pobre,basal,5,1440.0,803.5,0.0,33.0,10,431,5698,3,1.0
98,1.0,1.0,0.0,1.0,4.0,7,134.7560732061176,285.4250077588848,pobre,basal,5,1440.0,803.5,0.0,33.0,11,431,5698,3,1.0
97,0.0,1.0,0.0,1.0,2.0,7,134.7560732061176,285.4250077588848,pobre,basal,5,1440.0,803.5,0.0,33.0,8,431,5699,2,1.0
98,0.0,1.0,0.0,1.0,2.0,7,134.7560732061176,285.4250077588848,pobre,basal,5,1440.0,803.5,0.0,33.0,9,431,5699,2,1.0
97,0.0,1.0,0.0,1.0,8.0,7,134.7560732061176,285.4250077588848,pobre,basal,6,625.0,632.0,1.0,42.0,16,431,5700,8,1.0
98,0.0,1.0,0.0,,,7,134.7560732061176,285.4250077588848,pobre,basal,6,625.0,632.0,1.0,42.0,17,431,5700,8,1.0
97,1.0,1.0,0.0,1.0,8.0,7,134.7560732061176,285.4250077588848,pobre,basal,6,625.0,632.0,1.0,42.0,14,431,5701,8,1.0
98,1.0,1.0,0.0,0.0,9.0,7,134.7560732061176,285.4250077588848,pobre,basal,6,625.0,632.0,1.0,42.0,15,431,5701,8,1.0
97,1.0,1.0,0.0,1.0,5.0,7,134.7560732061176,285.4250077588848,pobre,basal,6,625.0,632.0,1.0,42.0,12,431,5702,5,1.0
98,1.0,1.0,0.0,1.0,6.0,7,134.7560732061176,285.4250077588848,pobre,basal,6,625.0,632.0,1.0,42.0,13,431,5702,5,1.0
97,1.0,1.0,0.0,1.0,4.0,7,134.7560732061176,285.4250077588848,pobre,basal,6,625.0,632.0,1.0,42.0,10,431,5703,4,1.0
98,1.0,1.0,0.0,1.0,4.0,7,134.7560732061176,285.4250077588848,pobre,basal,6,625.0,632.0,1.0,42.0,11,431,5703,4,1.0
97,0.0,1.0,0.0,1.0,7.0,6,134.7560732061176,285.4250077588848,pobre,basal,3,500.0,838.0,0.0,39.0,15,431,5704,7,1.0
98,0.0,1.0,0.0,1.0,8.0,6,134.7560732061176,285.4250077588848,pobre,basal,3,500.0,838.0,0.0,39.0,16,431,5704,7,1.0
97,0.0,1.0,0.0,1.0,5.0,6,134.7560732061176,285.4250077588848,pobre,basal,3,500.0,838.0,0.0,39.0,12,431,5705,5,1.0
98,0.0,1.0,0.0,1.0,6.0,6,134.7560732061176,285.4250077588848,pobre,basal,3,500.0,838.0,0.0,39.0,13,431,5705,5,1.0
97,1.0,1.0,0.0,1.0,3.0,6,134.7560732061176,285.4250077588848,pobre,basal,3,500.0,838.0,0.0,39.0,9,431,5706,3,1.0
98,1.0,1.0,0.0,1.0,3.0,6,134.7560732061176,285.4250077588848,pobre,basal,3,500.0,838.0,0.0,39.0,10,431,5706,3,1.0
97,0.0,1.0,0.0,1.0,0.0,6,134.7560732061176,285.4250077588848,pobre,basal,3,500.0,838.0,0.0,39.0,7,431,5707,0,1.0
98,0.0,1.0,0.0,1.0,1.0,6,134.7560732061176,285.4250077588848,pobre,basal,3,500.0,838.0,0.0,39.0,8,431,5707,0,1.0
97,1.0,1.0,0.0,1.0,1.0,6,134.7560732061176,285.4250077588848,pobre,basal,6,500.0,765.0,1.0,47.0,15,431,5708,1,1.0
98,1.0,1.0,0.0,1.0,3.0,6,134.7560732061176,285.4250077588848,pobre,basal,6,500.0,765.0,1.0,47.0,16,431,5708,1,1.0
97,0.0,1.0,0.0,1.0,6.0,6,134.7560732061176,285.4250077588848,pobre,basal,6,500.0,765.0,1.0,47.0,13,431,5709,6,1.0
98,0.0,1.0,0.0,1.0,7.0,6,134.7560732061176,285.4250077588848,pobre,basal,6,500.0,765.0,1.0,47.0,14,431,5709,6,1.0
97,1.0,1.0,0.0,0.0,9.0,8,134.7560732061176,285.4250077588848,pobre,basal,1,500.0,778.0,1.0,47.0,16,431,5710,9,0.0
98,1.0,1.0,0.0,,,8,134.7560732061176,285.4250077588848,pobre,basal,1,500.0,778.0,1.0,47.0,17,431,5710,9,0.0
97,0.0,1.0,0.0,1.0,7.0,8,134.7560732061176,285.4250077588848,pobre,basal,1,500.0,778.0,1.0,47.0,15,431,5711,7,1.0
98,0.0,1.0,0.0,1.0,8.0,8,134.7560732061176,285.4250077588848,pobre,basal,1,500.0,778.0,1.0,47.0,16,431,5711,7,1.0
97,0.0,1.0,0.0,1.0,3.0,8,134.7560732061176,285.4250077588848,pobre,basal,1,500.0,778.0,1.0,47.0,12,431,5712,3,1.0
98,0.0,1.0,0.0,1.0,4.0,8,134.7560732061176,285.4250077588848,pobre,basal,1,500.0,778.0,1.0,47.0,13,431,5712,3,1.0
97,0.0,1.0,0.0,1.0,2.0,8,134.7560732061176,285.4250077588848,pobre,basal,1,500.0,778.0,1.0,47.0,9,431,5713,2,1.0
98,0.0,1.0,0.0,1.0,3.0,8,134.7560732061176,285.4250077588848,pobre,basal,1,500.0,778.0,1.0,47.0,10,431,5713,2,1.0
97,1.0,1.0,0.0,1.0,1.0,8,134.7560732061176,285.4250077588848,pobre,basal,1,500.0,778.0,1.0,47.0,7,431,5714,1,1.0
98,1.0,1.0,0.0,1.0,2.0,8,134.7560732061176,285.4250077588848,pobre,basal,1,500.0,778.0,1.0,47.0,8,431,5714,1,1.0
97,0.0,1.0,0.0,1.0,3.0,7,134.7560732061176,285.4250077588848,pobre,basal,6,625.0,634.0,1.0,32.0,11,431,5715,3,1.0
98,0.0,1.0,0.0,1.0,4.0,7,134.7560732061176,285.4250077588848,pobre,basal,6,625.0,634.0,1.0,32.0,12,431,5715,3,1.0
97,1.0,1.0,0.0,1.0,3.0,7,134.7560732061176,285.4250077588848,pobre,basal,6,625.0,634.0,1.0,32.0,9,431,5716,3,1.0
98,1.0,1.0,0.0,1.0,4.0,7,134.7560732061176,285.4250077588848,pobre,basal,6,625.0,634.0,1.0,32.0,10,431,5716,3,1.0
97,1.0,1.0,0.0,1.0,1.0,7,134.7560732061176,285.4250077588848,pobre,basal,6,625.0,634.0,1.0,32.0,8,431,5717,1,1.0
98,1.0,1.0,0.0,1.0,2.0,7,134.7560732061176,285.4250077588848,pobre,basal,6,625.0,634.0,1.0,32.0,9,431,5717,1,1.0
97,1.0,1.0,0.0,1.0,4.0,7,134.7560732061176,285.4250077588848,pobre,basal,6,1250.0,714.0,1.0,34.0,12,431,5718,4,1.0
98,1.0,1.0,0.0,1.0,5.0,7,134.7560732061176,285.4250077588848,pobre,basal,6,1250.0,714.0,1.0,34.0,13,431,5718,4,1.0
97,1.0,1.0,0.0,1.0,3.0,7,134.7560732061176,285.4250077588848,pobre,basal,6,1250.0,714.0,1.0,34.0,10,431,5719,3,1.0
98,1.0,1.0,0.0,1.0,4.0,7,134.7560732061176,285.4250077588848,pobre,basal,6,1250.0,714.0,1.0,34.0,11,431,5719,3,1.0
97,1.0,1.0,0.0,1.0,1.0,7,134.7560732061176,285.4250077588848,pobre,basal,6,1250.0,714.0,1.0,34.0,8,431,5720,1,1.0
98,1.0,1.0,0.0,1.0,2.0,7,134.7560732061176,285.4250077588848,pobre,basal,6,1250.0,714.0,1.0,34.0,9,431,5720,1,1.0
97,1.0,1.0,0.0,1.0,0.0,7,134.7560732061176,285.4250077588848,pobre,basal,6,1250.0,714.0,1.0,34.0,6,431,5721,0,1.0
98,1.0,1.0,0.0,1.0,1.0,7,134.7560732061176,285.4250077588848,pobre,basal,6,1250.0,714.0,1.0,34.0,7,431,5721,0,1.0
97,1.0,1.0,0.0,0.0,9.0,6,134.7560732061176,285.4250077588848,pobre,basal,6,500.0,702.0,1.0,24.0,16,431,5722,9,0.0
98,1.0,1.0,0.0,,,6,134.7560732061176,285.4250077588848,pobre,basal,6,500.0,702.0,1.0,24.0,17,431,5722,9,0.0
97,0.0,1.0,0.0,1.0,1.0,5,134.7560732061176,285.4250077588848,pobre,basal,6,625.0,767.0,1.0,28.0,7,431,5723,1,1.0
98,0.0,1.0,0.0,1.0,2.0,5,134.7560732061176,285.4250077588848,pobre,basal,6,625.0,767.0,1.0,28.0,8,431,5723,1,1.0
97,0.0,1.0,0.0,1.0,0.0,5,134.7560732061176,285.4250077588848,pobre,basal,6,625.0,767.0,1.0,28.0,6,431,5724,0,1.0
98,0.0,1.0,0.0,1.0,1.0,5,134.7560732061176,285.4250077588848,pobre,basal,6,625.0,767.0,1.0,28.0,7,431,5724,0,1.0
97,0.0,1.0,0.0,,0.0,4,134.7560732061176,285.4250077588848,pobre,basal,0,0.0,773.0,1.0,62.0,16,431,5725,0,
98,0.0,1.0,0.0,0.0,3.0,4,134.7560732061176,285.4250077588848,pobre,basal,0,0.0,773.0,1.0,62.0,17,431,5725,0,
97,1.0,1.0,0.0,1.0,1.0,4,134.7560732061176,285.4250077588848,pobre,basal,0,0.0,773.0,1.0,62.0,8,431,5726,1,1.0
98,1.0,1.0,0.0,1.0,2.0,4,134.7560732061176,285.4250077588848,pobre,basal,0,0.0,773.0,1.0,62.0,9,431,5726,1,1.0
97,1.0,1.0,0.0,1.0,2.0,6,134.7560732061176,285.4250077588848,pobre,basal,6,500.0,596.0,1.0,33.0,12,431,5727,2,1.0
98,1.0,1.0,0.0,1.0,3.0,6,134.7560732061176,285.4250077588848,pobre,basal,6,500.0,596.0,1.0,33.0,13,431,5727,2,1.0
97,1.0,1.0,0.0,1.0,1.0,6,134.7560732061176,285.4250077588848,pobre,basal,6,500.0,596.0,1.0,33.0,10,431,5728,1,1.0
98,1.0,1.0,0.0,1.0,2.0,6,134.7560732061176,285.4250077588848,pobre,basal,6,500.0,596.0,1.0,33.0,11,431,5728,1,1.0
97,0.0,0.0,2.599,1.0,3.0,6,98.86914784913344,344.1861001114338,pobre,0,6,750.0,539.0,1.0,38.0,10,487,5729,3,1.0
98,0.0,0.0,2.599,1.0,4.0,6,98.86914784913344,344.1861001114338,pobre,0,6,750.0,539.0,1.0,38.0,11,487,5729,3,1.0
97,0.0,0.0,2.599,1.0,1.0,6,98.86914784913344,344.1861001114338,pobre,0,6,750.0,539.0,1.0,38.0,8,487,5730,1,1.0
98,0.0,0.0,2.599,1.0,2.0,6,98.86914784913344,344.1861001114338,pobre,0,6,750.0,539.0,1.0,38.0,9,487,5730,1,1.0
97,1.0,0.0,2.599,1.0,7.0,5,98.86914784913344,344.1861001114338,pobre,0,0,500.0,584.0,1.0,46.0,14,487,5731,7,1.0
98,1.0,0.0,2.599,0.0,8.0,5,98.86914784913344,344.1861001114338,pobre,0,0,500.0,584.0,1.0,46.0,15,487,5731,7,1.0
97,1.0,0.0,2.599,1.0,5.0,5,98.86914784913344,344.1861001114338,pobre,0,0,500.0,584.0,1.0,46.0,12,487,5732,5,1.0
98,1.0,0.0,2.599,1.0,6.0,5,98.86914784913344,344.1861001114338,pobre,0,0,500.0,584.0,1.0,46.0,13,487,5732,5,1.0
97,1.0,0.0,2.599,1.0,1.0,5,98.86914784913344,344.1861001114338,pobre,0,0,500.0,584.0,1.0,46.0,8,487,5733,1,1.0
98,1.0,0.0,2.599,1.0,2.0,5,98.86914784913344,344.1861001114338,pobre,0,0,500.0,584.0,1.0,46.0,9,487,5733,1,1.0
97,0.0,0.0,2.599,0.0,6.0,6,98.86914784913344,344.1861001114338,pobre,0,4,500.0,548.0,1.0,50.0,16,487,5734,6,0.0
98,0.0,0.0,2.599,,,6,98.86914784913344,344.1861001114338,pobre,0,4,500.0,548.0,1.0,50.0,17,487,5734,6,0.0
97,1.0,0.0,2.599,1.0,7.0,6,98.86914784913344,344.1861001114338,pobre,0,4,500.0,548.0,1.0,50.0,14,487,5735,7,1.0
98,1.0,0.0,2.599,1.0,8.0,6,98.86914784913344,344.1861001114338,pobre,0,4,500.0,548.0,1.0,50.0,15,487,5735,7,1.0
97,0.0,0.0,2.599,1.0,5.0,6,98.86914784913344,344.1861001114338,pobre,0,4,500.0,548.0,1.0,50.0,11,487,5736,5,1.0
98,0.0,0.0,2.599,0.0,6.0,6,98.86914784913344,344.1861001114338,pobre,0,4,500.0,548.0,1.0,50.0,12,487,5736,5,1.0
97,0.0,0.0,2.599,1.0,5.0,6,98.86914784913344,344.1861001114338,pobre,0,4,500.0,548.0,1.0,50.0,11,487,5737,5,1.0
98,0.0,0.0,2.599,0.0,6.0,6,98.86914784913344,344.1861001114338,pobre,0,4,500.0,548.0,1.0,50.0,12,487,5737,5,1.0
97,0.0,0.0,2.599,0.0,6.0,2,98.86914784913344,344.1861001114338,pobre,0,6,500.0,673.0,1.0,18.0,14,487,5738,6,0.0
98,0.0,0.0,2.599,0.0,6.0,2,98.86914784913344,344.1861001114338,pobre,0,6,500.0,673.0,1.0,18.0,15,487,5738,6,0.0
97,0.0,0.0,2.599,1.0,2.0,5,98.86914784913344,344.1861001114338,pobre,0,3,625.0,675.0,1.0,32.0,8,487,5739,2,1.0
98,0.0,0.0,2.599,1.0,3.0,5,98.86914784913344,344.1861001114338,pobre,0,3,625.0,675.0,1.0,32.0,9,487,5739,2,1.0
97,1.0,0.0,2.599,1.0,7.0,4,98.86914784913344,344.1861001114338,pobre,0,6,250.0,745.0,1.0,48.0,14,487,5740,7,1.0
98,1.0,0.0,2.599,1.0,8.0,4,98.86914784913344,344.1861001114338,pobre,0,6,250.0,745.0,1.0,48.0,15,487,5740,7,1.0
97,1.0,0.0,2.599,1.0,4.0,4,98.86914784913344,344.1861001114338,pobre,0,6,250.0,745.0,1.0,48.0,10,487,5741,4,1.0
98,1.0,0.0,2.599,1.0,5.0,4,98.86914784913344,344.1861001114338,pobre,0,6,250.0,745.0,1.0,48.0,11,487,5741,4,1.0
97,1.0,0.0,2.599,0.0,1.0,7,98.86914784913344,344.1861001114338,pobre,0,3,1000.0,750.5,1.0,43.0,15,487,5742,1,0.0
98,1.0,0.0,2.599,0.0,1.0,7,98.86914784913344,344.1861001114338,pobre,0,3,1000.0,750.5,1.0,43.0,16,487,5742,1,0.0
97,0.0,0.0,2.599,0.0,9.0,7,98.86914784913344,344.1861001114338,pobre,0,3,1000.0,750.5,1.0,43.0,14,487,5743,9,0.0
98,0.0,0.0,2.599,0.0,5.0,7,98.86914784913344,344.1861001114338,pobre,0,3,1000.0,750.5,1.0,43.0,15,487,5743,9,0.0
97,1.0,0.0,2.599,1.0,0.0,7,98.86914784913344,344.1861001114338,pobre,0,3,1000.0,750.5,1.0,43.0,6,487,5744,0,1.0
98,1.0,0.0,2.599,1.0,1.0,7,98.86914784913344,344.1861001114338,pobre,0,3,1000.0,750.5,1.0,43.0,7,487,5744,0,1.0
97,1.0,0.0,2.599,1.0,3.0,10,98.86914784913344,344.1861001114338,pobre,0,0,0.0,619.5,0.0,57.0,9,487,5745,3,1.0
98,1.0,0.0,2.599,1.0,3.0,10,98.86914784913344,344.1861001114338,pobre,0,0,0.0,619.5,0.0,57.0,10,487,5745,3,1.0
97,0.0,0.0,2.599,1.0,1.0,10,98.86914784913344,344.1861001114338,pobre,0,0,0.0,619.5,0.0,57.0,7,487,5746,1,1.0
98,0.0,0.0,2.599,1.0,3.0,10,98.86914784913344,344.1861001114338,pobre,0,0,0.0,619.5,0.0,57.0,8,487,5746,1,1.0
97,0.0,0.0,2.599,1.0,5.0,9,98.86914784913344,344.1861001114338,pobre,0,0,400.0,541.0,1.0,37.0,11,487,5747,5,1.0
98,0.0,0.0,2.599,1.0,6.0,9,98.86914784913344,344.1861001114338,pobre,0,0,400.0,541.0,1.0,37.0,12,487,5747,5,1.0
97,0.0,0.0,2.599,1.0,3.0,9,98.86914784913344,344.1861001114338,pobre,0,0,400.0,541.0,1.0,37.0,9,487,5748,3,1.0
98,0.0,0.0,2.599,1.0,4.0,9,98.86914784913344,344.1861001114338,pobre,0,0,400.0,541.0,1.0,37.0,10,487,5748,3,1.0
97,1.0,0.0,2.599,1.0,1.0,9,98.86914784913344,344.1861001114338,pobre,0,0,400.0,541.0,1.0,37.0,8,487,5749,1,1.0
98,1.0,0.0,2.599,1.0,2.0,9,98.86914784913344,344.1861001114338,pobre,0,0,400.0,541.0,1.0,37.0,9,487,5749,1,1.0
97,1.0,0.0,2.599,1.0,1.0,9,98.86914784913344,344.1861001114338,pobre,0,0,400.0,541.0,1.0,37.0,6,487,5750,1,1.0
98,1.0,0.0,2.599,1.0,1.0,9,98.86914784913344,344.1861001114338,pobre,0,0,400.0,541.0,1.0,37.0,7,487,5750,1,1.0
97,1.0,0.0,2.599,1.0,1.0,5,98.86914784913344,344.1861001114338,no pobre,0,2,500.0,811.0,1.0,58.0,6,487,5751,1,1.0
98,1.0,0.0,2.599,1.0,1.0,5,98.86914784913344,344.1861001114338,no pobre,0,2,500.0,811.0,1.0,58.0,7,487,5751,1,1.0
97,0.0,0.0,2.599,0.0,6.0,6,98.86914784913344,344.1861001114338,pobre,0,0,750.0,619.0,1.0,53.0,15,487,5752,6,0.0
98,0.0,0.0,2.599,0.0,6.0,6,98.86914784913344,344.1861001114338,pobre,0,0,750.0,619.0,1.0,53.0,16,487,5752,6,0.0
97,0.0,0.0,2.599,0.0,6.0,6,98.86914784913344,344.1861001114338,pobre,0,0,750.0,619.0,1.0,53.0,14,487,5753,6,0.0
98,0.0,0.0,2.599,0.0,6.0,6,98.86914784913344,344.1861001114338,pobre,0,0,750.0,619.0,1.0,53.0,15,487,5753,6,0.0
97,0.0,0.0,2.599,1.0,5.0,6,98.86914784913344,344.1861001114338,pobre,0,0,750.0,619.0,1.0,53.0,10,487,5754,5,1.0
98,0.0,0.0,2.599,1.0,5.0,6,98.86914784913344,344.1861001114338,pobre,0,0,750.0,619.0,1.0,53.0,11,487,5754,5,1.0
97,0.0,0.0,2.599,1.0,7.0,8,98.86914784913344,344.1861001114338,pobre,0,3,375.0,461.0,1.0,43.0,15,487,5755,7,1.0
98,0.0,0.0,2.599,1.0,7.0,8,98.86914784913344,344.1861001114338,pobre,0,3,375.0,461.0,1.0,43.0,16,487,5755,7,1.0
97,1.0,0.0,2.599,1.0,5.0,8,98.86914784913344,344.1861001114338,pobre,0,3,375.0,461.0,1.0,43.0,12,487,5756,5,1.0
98,1.0,0.0,2.599,1.0,5.0,8,98.86914784913344,344.1861001114338,pobre,0,3,375.0,461.0,1.0,43.0,13,487,5756,5,1.0
97,0.0,0.0,2.599,1.0,3.0,8,98.86914784913344,344.1861001114338,pobre,0,3,375.0,461.0,1.0,43.0,10,487,5757,3,1.0
98,0.0,0.0,2.599,1.0,3.0,8,98.86914784913344,344.1861001114338,pobre,0,3,375.0,461.0,1.0,43.0,11,487,5757,3,1.0
97,1.0,0.0,2.599,0.0,3.0,5,98.86914784913344,344.1861001114338,pobre,0,0,625.0,647.5,1.0,60.0,16,487,5758,3,0.0
98,1.0,0.0,2.599,,,5,98.86914784913344,344.1861001114338,pobre,0,0,625.0,647.5,1.0,60.0,17,487,5758,3,0.0
97,0.0,0.0,2.599,0.0,6.0,5,98.86914784913344,344.1861001114338,pobre,0,0,625.0,647.5,1.0,60.0,14,487,5759,6,0.0
98,0.0,0.0,2.599,0.0,6.0,5,98.86914784913344,344.1861001114338,pobre,0,0,625.0,647.5,1.0,60.0,15,487,5759,6,0.0
97,1.0,0.0,2.599,1.0,1.0,5,98.86914784913344,344.1861001114338,pobre,0,0,625.0,647.5,1.0,60.0,8,487,5760,1,1.0
98,1.0,0.0,2.599,1.0,2.0,5,98.86914784913344,344.1861001114338,pobre,0,0,625.0,647.5,1.0,60.0,9,487,5760,1,1.0
97,0.0,0.0,2.599,0.0,6.0,8,98.86914784913344,344.1861001114338,pobre,0,3,750.0,689.0,1.0,43.0,16,487,5761,6,0.0
98,0.0,0.0,2.599,,,8,98.86914784913344,344.1861001114338,pobre,0,3,750.0,689.0,1.0,43.0,17,487,5761,6,0.0
97,0.0,0.0,2.599,0.0,6.0,8,98.86914784913344,344.1861001114338,pobre,0,3,750.0,689.0,1.0,43.0,14,487,5762,6,0.0
98,0.0,0.0,2.599,0.0,6.0,8,98.86914784913344,344.1861001114338,pobre,0,3,750.0,689.0,1.0,43.0,15,487,5762,6,0.0
97,0.0,0.0,2.599,1.0,5.0,8,98.86914784913344,344.1861001114338,pobre,0,3,750.0,689.0,1.0,43.0,11,487,5763,5,1.0
98,0.0,0.0,2.599,1.0,6.0,8,98.86914784913344,344.1861001114338,pobre,0,3,750.0,689.0,1.0,43.0,12,487,5763,5,1.0
97,1.0,0.0,2.599,1.0,6.0,4,98.86914784913344,344.1861001114338,pobre,0,6,480.0,691.0,1.0,54.0,12,487,5764,6,1.0
98,1.0,0.0,2.599,1.0,7.0,4,98.86914784913344,344.1861001114338,pobre,0,6,480.0,691.0,1.0,54.0,13,487,5764,6,1.0
97,1.0,0.0,2.599,0.0,2.0,5,98.86914784913344,344.1861001114338,pobre,0,3,600.0,664.5,1.0,45.0,11,487,5765,2,0.0
98,1.0,0.0,2.599,0.0,2.0,5,98.86914784913344,344.1861001114338,pobre,0,3,600.0,664.5,1.0,45.0,12,487,5765,2,0.0
97,1.0,0.0,2.599,1.0,4.0,5,98.86914784913344,344.1861001114338,pobre,0,3,600.0,664.5,1.0,45.0,10,487,5766,4,1.0
98,1.0,0.0,2.599,1.0,4.0,5,98.86914784913344,344.1861001114338,pobre,0,3,600.0,664.5,1.0,45.0,11,487,5766,4,1.0
97,0.0,1.0,1.224,1.0,0.0,7,123.1103316144938,334.4607625816827,pobre,0,0,1250.0,737.0,1.0,41.0,6,479,5767,0,1.0
98,0.0,1.0,1.224,0.0,2.0,7,123.1103316144938,334.4607625816827,pobre,0,0,1250.0,737.0,1.0,41.0,7,479,5767,0,1.0
97,1.0,1.0,1.224,1.0,1.0,7,123.1103316144938,334.4607625816827,pobre,0,0,1250.0,737.0,1.0,41.0,8,479,5768,1,1.0
98,1.0,1.0,1.224,1.0,2.0,7,123.1103316144938,334.4607625816827,pobre,0,0,1250.0,737.0,1.0,41.0,9,479,5768,1,1.0
97,0.0,1.0,1.224,,0.0,8,123.1103316144938,334.4607625816827,pobre,0,0,0.0,426.0,1.0,38.0,12,479,5769,0,
98,0.0,1.0,1.224,,,8,123.1103316144938,334.4607625816827,pobre,0,0,0.0,426.0,1.0,38.0,13,479,5769,0,
97,0.0,1.0,1.224,,0.0,8,123.1103316144938,334.4607625816827,pobre,0,0,0.0,426.0,1.0,38.0,10,479,5770,0,
98,0.0,1.0,1.224,,,8,123.1103316144938,334.4607625816827,pobre,0,0,0.0,426.0,1.0,38.0,11,479,5770,0,
97,0.0,1.0,1.224,,0.0,8,123.1103316144938,334.4607625816827,pobre,0,0,0.0,426.0,1.0,38.0,7,479,5771,0,
98,0.0,1.0,1.224,,,8,123.1103316144938,334.4607625816827,pobre,0,0,0.0,426.0,1.0,38.0,8,479,5771,0,
97,0.0,1.0,1.224,0.0,5.0,9,123.1103316144938,334.4607625816827,pobre,0,0,500.0,665.0,1.0,44.0,16,479,5772,5,0.0
98,0.0,1.0,1.224,,,9,123.1103316144938,334.4607625816827,pobre,0,0,500.0,665.0,1.0,44.0,17,479,5772,5,0.0
97,1.0,1.0,1.224,0.0,6.0,9,123.1103316144938,334.4607625816827,pobre,0,0,500.0,665.0,1.0,44.0,13,479,5773,6,0.0
98,1.0,1.0,1.224,0.0,6.0,9,123.1103316144938,334.4607625816827,pobre,0,0,500.0,665.0,1.0,44.0,14,479,5773,6,0.0
97,0.0,1.0,1.224,1.0,5.0,9,123.1103316144938,334.4607625816827,pobre,0,0,500.0,665.0,1.0,44.0,11,479,5774,5,1.0
98,0.0,1.0,1.224,0.0,6.0,9,123.1103316144938,334.4607625816827,pobre,0,0,500.0,665.0,1.0,44.0,12,479,5774,5,1.0
97,1.0,1.0,1.224,1.0,1.0,9,123.1103316144938,334.4607625816827,pobre,0,0,500.0,665.0,1.0,44.0,8,479,5775,1,1.0
98,1.0,1.0,1.224,0.0,2.0,9,123.1103316144938,334.4607625816827,pobre,0,0,500.0,665.0,1.0,44.0,9,479,5775,1,1.0
97,0.0,0.0,2.599,1.0,3.0,4,98.86914784913344,344.1861001114338,pobre,0,3,400.0,713.0,1.0,30.0,10,487,5776,3,1.0
98,0.0,0.0,2.599,1.0,3.0,4,98.86914784913344,344.1861001114338,pobre,0,3,400.0,713.0,1.0,30.0,11,487,5776,3,1.0
97,0.0,0.0,0.0,0.0,6.0,8,72.80421840935115,72.80421840935115,no pobre,0,4,750.0,1049.0,1.0,42.0,16,283,5777,6,0.0
98,0.0,0.0,0.0,,,8,72.80421840935115,72.80421840935115,no pobre,0,4,750.0,1049.0,1.0,42.0,17,283,5777,6,0.0
97,0.0,0.0,0.0,1.0,8.0,8,72.80421840935115,72.80421840935115,no pobre,0,4,750.0,1049.0,1.0,42.0,15,283,5778,8,1.0
98,0.0,0.0,0.0,0.0,9.0,8,72.80421840935115,72.80421840935115,no pobre,0,4,750.0,1049.0,1.0,42.0,16,283,5778,8,1.0
97,0.0,0.0,0.0,1.0,4.0,8,72.80421840935115,72.80421840935115,no pobre,0,4,750.0,1049.0,1.0,42.0,10,283,5779,4,1.0
98,0.0,0.0,0.0,1.0,5.0,8,72.80421840935115,72.80421840935115,no pobre,0,4,750.0,1049.0,1.0,42.0,11,283,5779,4,1.0
97,1.0,0.0,2.599,1.0,0.0,4,98.86914784913344,344.1861001114338,pobre,0,6,500.0,587.0,1.0,31.0,6,487,5780,0,1.0
98,1.0,0.0,2.599,,,4,98.86914784913344,344.1861001114338,pobre,0,6,500.0,587.0,1.0,31.0,7,487,5780,0,1.0
97,0.0,0.0,2.599,1.0,6.0,7,98.86914784913344,344.1861001114338,pobre,0,6,600.0,626.0,1.0,32.0,12,487,5781,6,1.0
98,0.0,0.0,2.599,1.0,6.0,7,98.86914784913344,344.1861001114338,pobre,0,6,600.0,626.0,1.0,32.0,13,487,5781,6,1.0
97,0.0,0.0,2.599,1.0,1.0,7,98.86914784913344,344.1861001114338,pobre,0,6,600.0,626.0,1.0,32.0,9,487,5782,1,1.0
98,0.0,0.0,2.599,1.0,2.0,7,98.86914784913344,344.1861001114338,pobre,0,6,600.0,626.0,1.0,32.0,10,487,5782,1,1.0
97,0.0,0.0,2.599,1.0,0.0,7,98.86914784913344,344.1861001114338,pobre,0,6,600.0,626.0,1.0,32.0,6,487,5783,0,1.0
98,0.0,0.0,2.599,1.0,0.0,7,98.86914784913344,344.1861001114338,pobre,0,6,600.0,626.0,1.0,32.0,7,487,5783,0,1.0
97,1.0,0.0,0.0,1.0,2.0,4,72.80421840935115,72.80421840935115,pobre,0,1,3000.0,743.33099,1.0,50.0,8,283,5784,2,1.0
98,1.0,0.0,0.0,1.0,2.0,4,72.80421840935115,72.80421840935115,pobre,0,1,3000.0,743.33099,1.0,50.0,9,283,5784,2,1.0
97,1.0,0.0,0.0,1.0,5.0,6,72.80421840935115,72.80421840935115,pobre,0,3,1400.0,630.0,1.0,33.0,11,283,5785,5,1.0
98,1.0,0.0,0.0,1.0,6.0,6,72.80421840935115,72.80421840935115,pobre,0,3,1400.0,630.0,1.0,33.0,12,283,5785,5,1.0
97,0.0,0.0,0.0,1.0,1.0,6,72.80421840935115,72.80421840935115,pobre,0,3,1400.0,630.0,1.0,33.0,7,283,5786,1,1.0
98,0.0,0.0,0.0,1.0,2.0,6,72.80421840935115,72.80421840935115,pobre,0,3,1400.0,630.0,1.0,33.0,8,283,5786,1,1.0
97,1.0,0.0,0.0,1.0,0.0,6,72.80421840935115,72.80421840935115,pobre,0,3,1400.0,630.0,1.0,33.0,6,283,5787,0,1.0
98,1.0,0.0,0.0,1.0,0.0,6,72.80421840935115,72.80421840935115,pobre,0,3,1400.0,630.0,1.0,33.0,7,283,5787,0,1.0
97,0.0,0.0,0.0,0.0,6.0,8,72.80421840935115,72.80421840935115,pobre,0,5,1400.0,753.0,1.0,38.0,15,283,5788,6,0.0
98,0.0,0.0,0.0,0.0,6.0,8,72.80421840935115,72.80421840935115,pobre,0,5,1400.0,753.0,1.0,38.0,16,283,5788,6,0.0
97,1.0,0.0,0.0,0.0,6.0,8,72.80421840935115,72.80421840935115,pobre,0,5,1400.0,753.0,1.0,38.0,13,283,5789,6,0.0
98,1.0,0.0,0.0,0.0,6.0,8,72.80421840935115,72.80421840935115,pobre,0,5,1400.0,753.0,1.0,38.0,14,283,5789,6,0.0
97,1.0,1.0,1.527,1.0,3.0,3,106.9294570178445,324.4899322380559,pobre,0,2,500.0,624.0,1.0,42.0,10,484,5790,3,1.0
98,1.0,1.0,1.527,1.0,4.0,3,106.9294570178445,324.4899322380559,pobre,0,2,500.0,624.0,1.0,42.0,11,484,5790,3,1.0
97,0.0,0.0,1.527,,0.0,4,106.9294570178445,324.4899322380559,pobre,0,3,180.0,603.0,0.0,40.0,13,484,5791,0,
98,0.0,0.0,1.527,,,4,106.9294570178445,324.4899322380559,pobre,0,3,180.0,603.0,0.0,40.0,14,484,5791,0,
97,0.0,0.0,1.527,1.0,5.0,4,106.9294570178445,324.4899322380559,pobre,0,3,180.0,603.0,0.0,40.0,12,484,5792,5,1.0
98,0.0,0.0,1.527,0.0,6.0,4,106.9294570178445,324.4899322380559,pobre,0,3,180.0,603.0,0.0,40.0,13,484,5792,5,1.0
97,0.0,0.0,1.527,1.0,3.0,4,106.9294570178445,324.4899322380559,pobre,0,3,180.0,603.0,0.0,40.0,9,484,5793,3,1.0
98,0.0,0.0,1.527,1.0,4.0,4,106.9294570178445,324.4899322380559,pobre,0,3,180.0,603.0,0.0,40.0,10,484,5793,3,1.0
97,1.0,0.0,1.527,1.0,1.0,5,106.9294570178445,324.4899322380559,pobre,0,2,450.0,577.0,0.0,69.0,11,484,5794,1,1.0
98,1.0,0.0,1.527,1.0,2.0,5,106.9294570178445,324.4899322380559,pobre,0,2,450.0,577.0,0.0,69.0,12,484,5794,1,1.0
97,0.0,0.0,1.527,1.0,9.0,5,106.9294570178445,324.4899322380559,no pobre,0,9,800.0,818.5,1.0,39.0,15,484,5795,9,1.0
98,0.0,0.0,1.527,1.0,10.0,5,106.9294570178445,324.4899322380559,no pobre,0,9,800.0,818.5,1.0,39.0,16,484,5795,9,1.0
97,1.0,0.0,1.527,1.0,6.0,5,106.9294570178445,324.4899322380559,no pobre,0,9,800.0,818.5,1.0,39.0,12,484,5796,6,1.0
98,1.0,0.0,1.527,1.0,7.0,5,106.9294570178445,324.4899322380559,no pobre,0,9,800.0,818.5,1.0,39.0,13,484,5796,6,1.0
97,1.0,0.0,1.527,1.0,5.0,5,106.9294570178445,324.4899322380559,no pobre,0,9,800.0,818.5,1.0,39.0,9,484,5797,5,1.0
98,1.0,0.0,1.527,1.0,5.0,5,106.9294570178445,324.4899322380559,no pobre,0,9,800.0,818.5,1.0,39.0,10,484,5797,5,1.0
97,0.0,0.0,1.527,0.0,9.0,2,106.9294570178445,324.4899322380559,no pobre,0,3,750.0,852.0,1.0,44.0,16,484,5798,9,0.0
98,0.0,0.0,1.527,,,2,106.9294570178445,324.4899322380559,no pobre,0,3,750.0,852.0,1.0,44.0,17,484,5798,9,0.0
97,1.0,0.0,4.4710002,1.0,6.0,4,71.52226309497719,71.52226309497719,pobre,0,3,800.0,681.0,1.0,35.0,12,173,5799,6,1.0
98,1.0,0.0,4.4710002,1.0,7.0,4,71.52226309497719,71.52226309497719,pobre,0,3,800.0,681.0,1.0,35.0,13,173,5799,6,1.0
97,1.0,0.0,4.4710002,1.0,4.0,4,71.52226309497719,71.52226309497719,pobre,0,3,800.0,681.0,1.0,35.0,10,173,5800,4,1.0
98,1.0,0.0,4.4710002,1.0,4.0,4,71.52226309497719,71.52226309497719,pobre,0,3,800.0,681.0,1.0,35.0,11,173,5800,4,1.0
97,1.0,0.0,1.876,1.0,0.0,5,70.51823763254379,104.5826242765136,pobre,basal,4,625.0,598.0,1.0,31.0,10,134,5801,0,1.0
98,1.0,0.0,1.876,0.0,1.0,5,70.51823763254379,104.5826242765136,pobre,basal,4,625.0,598.0,1.0,31.0,11,134,5801,0,1.0
97,1.0,0.0,1.876,1.0,1.0,5,70.51823763254379,104.5826242765136,pobre,basal,4,625.0,598.0,1.0,31.0,7,134,5802,1,1.0
98,1.0,0.0,1.876,1.0,2.0,5,70.51823763254379,104.5826242765136,pobre,basal,4,625.0,598.0,1.0,31.0,8,134,5802,1,1.0
97,0.0,0.0,1.876,0.0,7.0,10,70.51823763254379,104.5826242765136,no pobre,basal,0,1800.0,722.5,1.0,53.0,15,134,5803,7,0.0
98,0.0,0.0,1.876,,,10,70.51823763254379,104.5826242765136,no pobre,basal,0,1800.0,722.5,1.0,53.0,16,134,5803,7,0.0
97,0.0,0.0,1.876,0.0,8.0,10,70.51823763254379,104.5826242765136,no pobre,basal,0,1800.0,722.5,1.0,53.0,13,134,5804,8,0.0
98,0.0,0.0,1.876,,,10,70.51823763254379,104.5826242765136,no pobre,basal,0,1800.0,722.5,1.0,53.0,14,134,5804,8,0.0
97,0.0,0.0,1.876,1.0,3.0,10,70.51823763254379,104.5826242765136,no pobre,basal,0,1800.0,722.5,1.0,53.0,9,134,5805,3,1.0
98,0.0,0.0,1.876,1.0,3.0,10,70.51823763254379,104.5826242765136,no pobre,basal,0,1800.0,722.5,1.0,53.0,10,134,5805,3,1.0
97,1.0,0.0,1.876,0.0,9.0,6,70.51823763254379,104.5826242765136,no pobre,basal,6,625.0,730.0,1.0,38.0,16,134,5806,9,0.0
98,1.0,0.0,1.876,,,6,70.51823763254379,104.5826242765136,no pobre,basal,6,625.0,730.0,1.0,38.0,17,134,5806,9,0.0
97,1.0,0.0,1.876,1.0,9.0,6,70.51823763254379,104.5826242765136,no pobre,basal,6,625.0,730.0,1.0,38.0,15,134,5807,9,1.0
98,1.0,0.0,1.876,1.0,9.0,6,70.51823763254379,104.5826242765136,no pobre,basal,6,625.0,730.0,1.0,38.0,16,134,5807,9,1.0
97,1.0,0.0,1.876,1.0,5.0,6,70.51823763254379,104.5826242765136,no pobre,basal,6,625.0,730.0,1.0,38.0,9,134,5808,5,1.0
98,1.0,0.0,1.876,1.0,6.0,6,70.51823763254379,104.5826242765136,no pobre,basal,6,625.0,730.0,1.0,38.0,10,134,5808,5,1.0
97,1.0,0.0,1.876,1.0,2.0,6,70.51823763254379,104.5826242765136,no pobre,basal,6,625.0,730.0,1.0,38.0,8,134,5809,2,1.0
98,1.0,0.0,1.876,1.0,3.0,6,70.51823763254379,104.5826242765136,no pobre,basal,6,625.0,730.0,1.0,38.0,9,134,5809,2,1.0
97,0.0,0.0,1.876,1.0,0.0,3,70.51823763254379,104.5826242765136,no pobre,basal,6,0.0,719.0,1.0,32.0,6,134,5810,0,1.0
98,0.0,0.0,1.876,1.0,1.0,3,70.51823763254379,104.5826242765136,no pobre,basal,6,0.0,719.0,1.0,32.0,7,134,5810,0,1.0
97,1.0,0.0,1.876,1.0,5.0,9,70.51823763254379,104.5826242765136,pobre,basal,6,1600.0,719.0,1.0,46.0,16,134,5811,5,1.0
98,1.0,0.0,1.876,1.0,6.0,9,70.51823763254379,104.5826242765136,pobre,basal,6,1600.0,719.0,1.0,46.0,17,134,5811,5,1.0
97,0.0,0.0,1.876,1.0,5.0,9,70.51823763254379,104.5826242765136,pobre,basal,6,1600.0,719.0,1.0,46.0,14,134,5812,5,1.0
98,0.0,0.0,1.876,1.0,6.0,9,70.51823763254379,104.5826242765136,pobre,basal,6,1600.0,719.0,1.0,46.0,15,134,5812,5,1.0
97,1.0,0.0,1.876,1.0,4.0,8,70.51823763254379,104.5826242765136,no pobre,basal,3,0.0,742.0,1.0,52.0,12,134,5813,4,1.0
98,1.0,0.0,1.876,1.0,5.0,8,70.51823763254379,104.5826242765136,no pobre,basal,3,0.0,742.0,1.0,52.0,13,134,5813,4,1.0
97,0.0,0.0,1.876,1.0,3.0,8,70.51823763254379,104.5826242765136,no pobre,basal,3,0.0,742.0,1.0,52.0,9,134,5814,3,1.0
98,0.0,0.0,1.876,1.0,4.0,8,70.51823763254379,104.5826242765136,no pobre,basal,3,0.0,742.0,1.0,52.0,10,134,5814,3,1.0
97,1.0,0.0,1.876,1.0,0.0,8,70.51823763254379,104.5826242765136,no pobre,basal,3,0.0,742.0,1.0,52.0,6,134,5815,0,1.0
98,1.0,0.0,1.876,1.0,1.0,8,70.51823763254379,104.5826242765136,no pobre,basal,3,0.0,742.0,1.0,52.0,7,134,5815,0,1.0
97,0.0,0.0,1.876,0.0,3.0,5,70.51823763254379,104.5826242765136,no pobre,basal,0,0.0,781.0,1.0,54.0,15,134,5816,3,0.0
98,0.0,0.0,1.876,0.0,4.0,5,70.51823763254379,104.5826242765136,no pobre,basal,0,0.0,781.0,1.0,54.0,16,134,5816,3,0.0
97,1.0,0.0,1.876,1.0,0.0,5,70.51823763254379,104.5826242765136,pobre,basal,2,0.0,539.0,0.0,23.0,6,134,5817,0,1.0
98,1.0,0.0,1.876,1.0,1.0,5,70.51823763254379,104.5826242765136,pobre,basal,2,0.0,539.0,0.0,23.0,7,134,5817,0,1.0
97,1.0,0.0,1.876,1.0,8.0,12,70.51823763254379,104.5826242765136,pobre,basal,3,2000.0,683.0,1.0,46.0,16,134,5818,8,1.0
98,1.0,0.0,1.876,,,12,70.51823763254379,104.5826242765136,pobre,basal,3,2000.0,683.0,1.0,46.0,17,134,5818,8,1.0
97,0.0,0.0,1.876,1.0,8.0,12,70.51823763254379,104.5826242765136,pobre,basal,3,2000.0,683.0,1.0,46.0,15,134,5819,8,1.0
98,0.0,0.0,1.876,1.0,9.0,12,70.51823763254379,104.5826242765136,pobre,basal,3,2000.0,683.0,1.0,46.0,16,134,5819,8,1.0
97,0.0,0.0,1.876,1.0,5.0,12,70.51823763254379,104.5826242765136,pobre,basal,3,2000.0,683.0,1.0,46.0,12,134,5820,5,1.0
98,0.0,0.0,1.876,1.0,7.0,12,70.51823763254379,104.5826242765136,pobre,basal,3,2000.0,683.0,1.0,46.0,13,134,5820,5,1.0
97,0.0,0.0,1.876,1.0,5.0,8,70.51823763254379,104.5826242765136,no pobre,basal,1,1500.0,778.0,1.0,50.0,11,134,5821,5,1.0
98,0.0,0.0,1.876,0.0,6.0,8,70.51823763254379,104.5826242765136,no pobre,basal,1,1500.0,778.0,1.0,50.0,12,134,5821,5,1.0
97,1.0,0.0,1.876,1.0,1.0,8,70.51823763254379,104.5826242765136,no pobre,basal,1,1500.0,778.0,1.0,50.0,8,134,5822,1,1.0
98,1.0,0.0,1.876,1.0,2.0,8,70.51823763254379,104.5826242765136,no pobre,basal,1,1500.0,778.0,1.0,50.0,9,134,5822,1,1.0
97,0.0,0.0,1.876,0.0,6.0,8,70.51823763254379,104.5826242765136,pobre,basal,2,0.0,475.0,1.0,40.0,16,134,5823,6,0.0
98,0.0,0.0,1.876,,,8,70.51823763254379,104.5826242765136,pobre,basal,2,0.0,475.0,1.0,40.0,17,134,5823,6,0.0
97,0.0,0.0,1.876,0.0,4.0,8,70.51823763254379,104.5826242765136,pobre,basal,2,0.0,475.0,1.0,40.0,15,134,5824,4,0.0
98,0.0,0.0,1.876,0.0,6.0,8,70.51823763254379,104.5826242765136,pobre,basal,2,0.0,475.0,1.0,40.0,16,134,5824,4,0.0
97,1.0,0.0,1.876,1.0,2.0,8,70.51823763254379,104.5826242765136,pobre,basal,2,0.0,475.0,1.0,40.0,13,134,5825,2,1.0
98,1.0,0.0,1.876,1.0,3.0,8,70.51823763254379,104.5826242765136,pobre,basal,2,0.0,475.0,1.0,40.0,14,134,5825,2,1.0
97,0.0,0.0,1.876,1.0,2.0,8,70.51823763254379,104.5826242765136,pobre,basal,2,0.0,475.0,1.0,40.0,9,134,5826,2,1.0
98,0.0,0.0,1.876,1.0,3.0,8,70.51823763254379,104.5826242765136,pobre,basal,2,0.0,475.0,1.0,40.0,10,134,5826,2,1.0
97,1.0,0.0,1.876,1.0,3.0,8,70.51823763254379,104.5826242765136,pobre,basal,2,0.0,475.0,1.0,40.0,6,134,5827,3,1.0
98,1.0,0.0,1.876,1.0,0.0,8,70.51823763254379,104.5826242765136,pobre,basal,2,0.0,475.0,1.0,40.0,7,134,5827,3,1.0
97,1.0,0.0,1.876,,0.0,9,70.51823763254379,104.5826242765136,pobre,basal,0,0.0,627.75,1.0,46.0,16,134,5828,0,
98,1.0,0.0,1.876,,,9,70.51823763254379,104.5826242765136,pobre,basal,0,0.0,627.75,1.0,46.0,17,134,5828,0,
97,1.0,0.0,1.876,,0.0,9,70.51823763254379,104.5826242765136,pobre,basal,0,0.0,627.75,1.0,46.0,14,134,5829,0,
98,1.0,0.0,1.876,,,9,70.51823763254379,104.5826242765136,pobre,basal,0,0.0,627.75,1.0,46.0,15,134,5829,0,
97,1.0,0.0,1.876,,0.0,9,70.51823763254379,104.5826242765136,pobre,basal,0,0.0,627.75,1.0,46.0,12,134,5830,0,
98,1.0,0.0,1.876,,,9,70.51823763254379,104.5826242765136,pobre,basal,0,0.0,627.75,1.0,46.0,13,134,5830,0,
97,0.0,0.0,1.876,,0.0,9,70.51823763254379,104.5826242765136,pobre,basal,0,0.0,627.75,1.0,46.0,6,134,5831,0,
98,0.0,0.0,1.876,1.0,1.0,9,70.51823763254379,104.5826242765136,pobre,basal,0,0.0,627.75,1.0,46.0,7,134,5831,0,
97,1.0,0.0,1.876,0.0,6.0,6,70.51823763254379,104.5826242765136,pobre,basal,6,625.0,606.0,1.0,36.0,13,134,5832,6,0.0
98,1.0,0.0,1.876,1.0,6.0,6,70.51823763254379,104.5826242765136,pobre,basal,6,625.0,606.0,1.0,36.0,14,134,5832,6,0.0
97,0.0,0.0,1.876,1.0,4.0,6,70.51823763254379,104.5826242765136,pobre,basal,6,625.0,606.0,1.0,36.0,11,134,5833,4,1.0
98,0.0,0.0,1.876,1.0,4.0,6,70.51823763254379,104.5826242765136,pobre,basal,6,625.0,606.0,1.0,36.0,12,134,5833,4,1.0
97,0.0,0.0,1.876,1.0,2.0,6,70.51823763254379,104.5826242765136,pobre,basal,6,625.0,606.0,1.0,36.0,9,134,5834,2,1.0
98,0.0,0.0,1.876,1.0,3.0,6,70.51823763254379,104.5826242765136,pobre,basal,6,625.0,606.0,1.0,36.0,10,134,5834,2,1.0
97,0.0,0.0,1.876,0.0,0.0,4,70.51823763254379,104.5826242765136,pobre,basal,3,480.0,636.0,1.0,24.0,6,134,5835,0,0.0
98,0.0,0.0,1.876,1.0,1.0,4,70.51823763254379,104.5826242765136,pobre,basal,3,480.0,636.0,1.0,24.0,7,134,5835,0,0.0
97,1.0,0.0,1.876,0.0,6.0,10,70.51823763254379,104.5826242765136,pobre,basal,3,0.0,467.0,1.0,42.0,14,134,5836,6,0.0
98,1.0,0.0,1.876,,,10,70.51823763254379,104.5826242765136,pobre,basal,3,0.0,467.0,1.0,42.0,15,134,5836,6,0.0
97,0.0,0.0,1.876,1.0,6.0,10,70.51823763254379,104.5826242765136,pobre,basal,3,0.0,467.0,1.0,42.0,16,134,5837,6,1.0
98,0.0,0.0,1.876,,,10,70.51823763254379,104.5826242765136,pobre,basal,3,0.0,467.0,1.0,42.0,17,134,5837,6,1.0
97,0.0,0.0,1.876,1.0,4.0,10,70.51823763254379,104.5826242765136,pobre,basal,3,0.0,467.0,1.0,42.0,14,134,5838,4,1.0
98,0.0,0.0,1.876,1.0,5.0,10,70.51823763254379,104.5826242765136,pobre,basal,3,0.0,467.0,1.0,42.0,15,134,5838,4,1.0
97,1.0,0.0,1.876,1.0,3.0,10,70.51823763254379,104.5826242765136,pobre,basal,3,0.0,467.0,1.0,42.0,10,134,5839,3,1.0
98,1.0,0.0,1.876,1.0,3.0,10,70.51823763254379,104.5826242765136,pobre,basal,3,0.0,467.0,1.0,42.0,11,134,5839,3,1.0
97,1.0,0.0,1.876,1.0,3.0,10,70.51823763254379,104.5826242765136,pobre,basal,3,0.0,467.0,1.0,42.0,12,134,5840,3,1.0
98,1.0,0.0,1.876,1.0,1.0,10,70.51823763254379,104.5826242765136,pobre,basal,3,0.0,467.0,1.0,42.0,13,134,5840,3,1.0
97,0.0,0.0,1.876,0.0,6.0,10,70.51823763254379,104.5826242765136,pobre,basal,2,0.0,716.0,1.0,47.0,14,134,5841,6,0.0
98,0.0,0.0,1.876,1.0,6.0,10,70.51823763254379,104.5826242765136,pobre,basal,2,0.0,716.0,1.0,47.0,15,134,5841,6,0.0
97,1.0,0.0,1.876,1.0,4.0,10,70.51823763254379,104.5826242765136,pobre,basal,2,0.0,716.0,1.0,47.0,11,134,5842,4,1.0
98,1.0,0.0,1.876,1.0,5.0,10,70.51823763254379,104.5826242765136,pobre,basal,2,0.0,716.0,1.0,47.0,12,134,5842,4,1.0
97,0.0,0.0,1.876,1.0,2.0,10,70.51823763254379,104.5826242765136,pobre,basal,2,0.0,716.0,1.0,47.0,9,134,5843,2,1.0
98,0.0,0.0,1.876,1.0,3.0,10,70.51823763254379,104.5826242765136,pobre,basal,2,0.0,716.0,1.0,47.0,10,134,5843,2,1.0
97,1.0,0.0,1.876,,6.0,8,70.51823763254379,104.5826242765136,pobre,basal,3,1250.0,633.0,1.0,36.0,15,134,5844,6,
98,1.0,0.0,1.876,0.0,6.0,8,70.51823763254379,104.5826242765136,pobre,basal,3,1250.0,633.0,1.0,36.0,16,134,5844,6,
97,0.0,0.0,1.876,,6.0,8,70.51823763254379,104.5826242765136,pobre,basal,3,1250.0,633.0,1.0,36.0,13,134,5845,6,
98,0.0,0.0,1.876,1.0,6.0,8,70.51823763254379,104.5826242765136,pobre,basal,3,1250.0,633.0,1.0,36.0,14,134,5845,6,
97,1.0,0.0,1.876,1.0,4.0,8,70.51823763254379,104.5826242765136,pobre,basal,3,1250.0,633.0,1.0,36.0,12,134,5846,4,1.0
98,1.0,0.0,1.876,1.0,5.0,8,70.51823763254379,104.5826242765136,pobre,basal,3,1250.0,633.0,1.0,36.0,13,134,5846,4,1.0
97,1.0,0.0,1.876,1.0,1.0,8,70.51823763254379,104.5826242765136,pobre,basal,3,1250.0,633.0,1.0,36.0,7,134,5847,1,1.0
98,1.0,0.0,1.876,1.0,2.0,8,70.51823763254379,104.5826242765136,pobre,basal,3,1250.0,633.0,1.0,36.0,8,134,5847,1,1.0
97,1.0,0.0,1.876,0.0,6.0,7,70.51823763254379,104.5826242765136,no pobre,basal,0,0.0,737.25,0.0,71.0,15,134,5848,6,0.0
98,1.0,0.0,1.876,0.0,6.0,7,70.51823763254379,104.5826242765136,no pobre,basal,0,0.0,737.25,0.0,71.0,16,134,5848,6,0.0
97,0.0,0.0,1.876,1.0,4.0,7,70.51823763254379,104.5826242765136,no pobre,basal,0,0.0,737.25,0.0,71.0,13,134,5849,4,1.0
98,0.0,0.0,1.876,1.0,5.0,7,70.51823763254379,104.5826242765136,no pobre,basal,0,0.0,737.25,0.0,71.0,14,134,5849,4,1.0
97,0.0,0.0,1.876,1.0,4.0,7,70.51823763254379,104.5826242765136,no pobre,basal,0,0.0,737.25,0.0,71.0,11,134,5850,4,1.0
98,0.0,0.0,1.876,1.0,5.0,7,70.51823763254379,104.5826242765136,no pobre,basal,0,0.0,737.25,0.0,71.0,12,134,5850,4,1.0
97,1.0,0.0,2.7379999,1.0,3.0,7,115.9450788670059,140.0621186260371,pobre,0,8,500.0,656.0,1.0,40.0,10,392,5851,3,1.0
98,1.0,0.0,2.7379999,1.0,4.0,7,115.9450788670059,140.0621186260371,pobre,0,8,500.0,656.0,1.0,40.0,11,392,5851,3,1.0
97,0.0,0.0,2.7379999,1.0,1.0,7,115.9450788670059,140.0621186260371,pobre,0,8,500.0,656.0,1.0,40.0,9,392,5852,1,1.0
98,0.0,0.0,2.7379999,1.0,2.0,7,115.9450788670059,140.0621186260371,pobre,0,8,500.0,656.0,1.0,40.0,10,392,5852,1,1.0
97,1.0,0.0,2.7379999,1.0,8.0,15,115.9450788670059,140.0621186260371,no pobre,0,1,0.0,932.375,0.0,50.0,16,392,5853,8,1.0
98,1.0,0.0,2.7379999,,,15,115.9450788670059,140.0621186260371,no pobre,0,1,0.0,932.375,0.0,50.0,17,392,5853,8,1.0
97,0.0,0.0,2.7379999,1.0,7.0,15,115.9450788670059,140.0621186260371,no pobre,0,1,0.0,932.375,0.0,50.0,13,392,5854,7,1.0
98,0.0,0.0,2.7379999,1.0,8.0,15,115.9450788670059,140.0621186260371,no pobre,0,1,0.0,932.375,0.0,50.0,14,392,5854,7,1.0
97,0.0,0.0,2.7379999,0.0,6.0,5,115.9450788670059,140.0621186260371,pobre,0,1,625.0,525.0,1.0,70.0,14,392,5855,6,0.0
98,0.0,0.0,2.7379999,,,5,115.9450788670059,140.0621186260371,pobre,0,1,625.0,525.0,1.0,70.0,15,392,5855,6,0.0
97,1.0,0.0,2.7379999,1.0,1.0,5,115.9450788670059,140.0621186260371,pobre,0,1,625.0,525.0,1.0,70.0,11,392,5856,1,1.0
98,1.0,0.0,2.7379999,,,5,115.9450788670059,140.0621186260371,pobre,0,1,625.0,525.0,1.0,70.0,12,392,5856,1,1.0
97,1.0,0.0,2.7379999,,0.0,5,115.9450788670059,140.0621186260371,pobre,0,1,625.0,525.0,1.0,70.0,6,392,5857,0,
98,1.0,0.0,2.7379999,,,5,115.9450788670059,140.0621186260371,pobre,0,1,625.0,525.0,1.0,70.0,7,392,5857,0,
97,1.0,0.0,2.7379999,1.0,10.0,7,115.9450788670059,140.0621186260371,pobre,0,3,1400.0,745.5,1.0,46.0,16,392,5858,10,1.0
98,1.0,0.0,2.7379999,,,7,115.9450788670059,140.0621186260371,pobre,0,3,1400.0,745.5,1.0,46.0,17,392,5858,10,1.0
97,1.0,0.0,2.7379999,1.0,8.0,7,115.9450788670059,140.0621186260371,pobre,0,3,1400.0,745.5,1.0,46.0,14,392,5859,8,1.0
98,1.0,0.0,2.7379999,0.0,9.0,7,115.9450788670059,140.0621186260371,pobre,0,3,1400.0,745.5,1.0,46.0,15,392,5859,8,1.0
97,0.0,0.0,2.7379999,1.0,5.0,7,115.9450788670059,140.0621186260371,pobre,0,3,1400.0,745.5,1.0,46.0,11,392,5860,5,1.0
98,0.0,0.0,2.7379999,1.0,6.0,7,115.9450788670059,140.0621186260371,pobre,0,3,1400.0,745.5,1.0,46.0,12,392,5860,5,1.0
97,0.0,0.0,2.7379999,0.0,6.0,9,115.9450788670059,140.0621186260371,pobre,0,2,0.0,641.25,0.0,55.0,16,392,5861,6,0.0
98,0.0,0.0,2.7379999,,,9,115.9450788670059,140.0621186260371,pobre,0,2,0.0,641.25,0.0,55.0,17,392,5861,6,0.0
97,0.0,0.0,2.7379999,0.0,6.0,9,115.9450788670059,140.0621186260371,pobre,0,2,0.0,641.25,0.0,55.0,14,392,5862,6,0.0
98,0.0,0.0,2.7379999,,,9,115.9450788670059,140.0621186260371,pobre,0,2,0.0,641.25,0.0,55.0,15,392,5862,6,0.0
97,0.0,0.0,2.849,1.0,7.0,8,116.7780609430619,128.1636780595178,pobre,basal,2,0.0,637.66998,1.0,40.0,15,393,5863,7,1.0
98,0.0,0.0,2.849,1.0,8.0,8,116.7780609430619,128.1636780595178,pobre,basal,2,0.0,637.66998,1.0,40.0,16,393,5863,7,1.0
97,1.0,0.0,2.849,1.0,7.0,8,116.7780609430619,128.1636780595178,pobre,basal,2,0.0,637.66998,1.0,40.0,14,393,5864,7,1.0
98,1.0,0.0,2.849,1.0,8.0,8,116.7780609430619,128.1636780595178,pobre,basal,2,0.0,637.66998,1.0,40.0,15,393,5864,7,1.0
97,0.0,0.0,2.849,0.0,3.0,8,116.7780609430619,128.1636780595178,pobre,basal,2,0.0,637.66998,1.0,40.0,12,393,5865,3,0.0
98,0.0,0.0,2.849,1.0,4.0,8,116.7780609430619,128.1636780595178,pobre,basal,2,0.0,637.66998,1.0,40.0,13,393,5865,3,0.0
97,0.0,0.0,2.849,1.0,3.0,8,116.7780609430619,128.1636780595178,pobre,basal,2,0.0,637.66998,1.0,40.0,10,393,5866,3,1.0
98,0.0,0.0,2.849,1.0,4.0,8,116.7780609430619,128.1636780595178,pobre,basal,2,0.0,637.66998,1.0,40.0,11,393,5866,3,1.0
97,1.0,0.0,2.849,0.0,3.0,3,116.7780609430619,128.1636780595178,pobre,basal,0,625.0,749.0,1.0,50.0,11,393,5867,3,0.0
98,1.0,0.0,2.849,,,3,116.7780609430619,128.1636780595178,pobre,basal,0,625.0,749.0,1.0,50.0,12,393,5867,3,0.0
97,0.0,0.0,2.849,0.0,2.0,3,116.7780609430619,128.1636780595178,pobre,basal,9,625.0,815.0,1.0,20.0,16,393,5868,2,0.0
98,0.0,0.0,2.849,,,3,116.7780609430619,128.1636780595178,pobre,basal,9,625.0,815.0,1.0,20.0,17,393,5868,2,0.0
97,1.0,0.0,2.849,0.0,6.0,12,116.7780609430619,128.1636780595178,pobre,basal,3,625.0,702.0,1.0,45.0,16,393,5869,6,0.0
98,1.0,0.0,2.849,,,12,116.7780609430619,128.1636780595178,pobre,basal,3,625.0,702.0,1.0,45.0,17,393,5869,6,0.0
97,1.0,0.0,2.849,0.0,6.0,12,116.7780609430619,128.1636780595178,pobre,basal,3,625.0,702.0,1.0,45.0,15,393,5870,6,0.0
98,1.0,0.0,2.849,0.0,6.0,12,116.7780609430619,128.1636780595178,pobre,basal,3,625.0,702.0,1.0,45.0,16,393,5870,6,0.0
97,0.0,0.0,2.849,1.0,6.0,12,116.7780609430619,128.1636780595178,pobre,basal,3,625.0,702.0,1.0,45.0,12,393,5871,6,1.0
98,0.0,0.0,2.849,0.0,6.0,12,116.7780609430619,128.1636780595178,pobre,basal,3,625.0,702.0,1.0,45.0,13,393,5871,6,1.0
97,1.0,0.0,2.849,1.0,3.0,12,116.7780609430619,128.1636780595178,pobre,basal,3,625.0,702.0,1.0,45.0,9,393,5872,3,1.0
98,1.0,0.0,2.849,1.0,3.0,12,116.7780609430619,128.1636780595178,pobre,basal,3,625.0,702.0,1.0,45.0,10,393,5872,3,1.0
97,1.0,0.0,2.849,1.0,1.0,12,116.7780609430619,128.1636780595178,pobre,basal,3,625.0,702.0,1.0,45.0,7,393,5873,1,1.0
98,1.0,0.0,2.849,1.0,2.0,12,116.7780609430619,128.1636780595178,pobre,basal,3,625.0,702.0,1.0,45.0,8,393,5873,1,1.0
97,1.0,0.0,2.849,0.0,6.0,6,116.7780609430619,128.1636780595178,pobre,basal,0,625.0,854.0,1.0,51.0,14,393,5874,6,0.0
98,1.0,0.0,2.849,0.0,6.0,6,116.7780609430619,128.1636780595178,pobre,basal,0,625.0,854.0,1.0,51.0,15,393,5874,6,0.0
97,0.0,0.0,2.849,1.0,5.0,6,116.7780609430619,128.1636780595178,pobre,basal,0,625.0,854.0,1.0,51.0,12,393,5875,5,1.0
98,0.0,0.0,2.849,0.0,6.0,6,116.7780609430619,128.1636780595178,pobre,basal,0,625.0,854.0,1.0,51.0,13,393,5875,5,1.0
97,1.0,0.0,2.849,1.0,4.0,6,116.7780609430619,128.1636780595178,pobre,basal,0,625.0,854.0,1.0,51.0,10,393,5876,4,1.0
98,1.0,0.0,2.849,1.0,5.0,6,116.7780609430619,128.1636780595178,pobre,basal,0,625.0,854.0,1.0,51.0,11,393,5876,4,1.0
97,0.0,0.0,2.849,1.0,5.0,6,116.7780609430619,128.1636780595178,pobre,basal,6,300.0,612.0,1.0,32.0,12,393,5877,5,1.0
98,0.0,0.0,2.849,1.0,6.0,6,116.7780609430619,128.1636780595178,pobre,basal,6,300.0,612.0,1.0,32.0,13,393,5877,5,1.0
97,1.0,0.0,2.849,1.0,3.0,6,116.7780609430619,128.1636780595178,pobre,basal,6,300.0,612.0,1.0,32.0,10,393,5878,3,1.0
98,1.0,0.0,2.849,1.0,4.0,6,116.7780609430619,128.1636780595178,pobre,basal,6,300.0,612.0,1.0,32.0,11,393,5878,3,1.0
97,1.0,0.0,2.849,1.0,0.0,6,116.7780609430619,128.1636780595178,pobre,basal,6,300.0,612.0,1.0,32.0,6,393,5879,0,1.0
98,1.0,0.0,2.849,1.0,1.0,6,116.7780609430619,128.1636780595178,pobre,basal,6,300.0,612.0,1.0,32.0,7,393,5879,0,1.0
97,1.0,0.0,2.8110001,1.0,9.0,5,115.1815344929669,138.4113442464217,pobre,basal,0,500.0,676.5,1.0,49.0,16,397,5880,9,1.0
98,1.0,0.0,2.8110001,0.0,10.0,5,115.1815344929669,138.4113442464217,pobre,basal,0,500.0,676.5,1.0,49.0,17,397,5880,9,1.0
97,1.0,0.0,2.8110001,1.0,7.0,5,115.1815344929669,138.4113442464217,pobre,basal,0,500.0,676.5,1.0,49.0,11,397,5881,7,1.0
98,1.0,0.0,2.8110001,0.0,2.0,5,115.1815344929669,138.4113442464217,pobre,basal,0,500.0,676.5,1.0,49.0,12,397,5881,7,1.0
97,0.0,0.0,2.8110001,1.0,5.0,2,115.1815344929669,138.4113442464217,no pobre,basal,3,625.0,767.0,1.0,34.0,11,397,5882,5,1.0
98,0.0,0.0,2.8110001,1.0,5.0,2,115.1815344929669,138.4113442464217,no pobre,basal,3,625.0,767.0,1.0,34.0,12,397,5882,5,1.0
97,0.0,0.0,2.8110001,0.0,9.0,4,115.1815344929669,138.4113442464217,no pobre,basal,2,500.0,820.0,1.0,53.0,15,397,5883,9,0.0
98,0.0,0.0,2.8110001,,,4,115.1815344929669,138.4113442464217,no pobre,basal,2,500.0,820.0,1.0,53.0,16,397,5883,9,0.0
97,1.0,1.0,5.704,,0.0,8,29.86938836357523,107.9638152114387,pobre,basal,0,0.0,455.0,1.0,45.0,14,473,5884,0,
98,1.0,1.0,5.704,0.0,4.0,8,29.86938836357523,107.9638152114387,pobre,basal,0,0.0,455.0,1.0,45.0,15,473,5884,0,
97,0.0,1.0,5.704,1.0,4.0,8,29.86938836357523,107.9638152114387,pobre,basal,0,0.0,455.0,1.0,45.0,13,473,5885,4,1.0
98,0.0,1.0,5.704,0.0,5.0,8,29.86938836357523,107.9638152114387,pobre,basal,0,0.0,455.0,1.0,45.0,14,473,5885,4,1.0
97,0.0,1.0,5.704,1.0,3.0,8,29.86938836357523,107.9638152114387,pobre,basal,0,0.0,455.0,1.0,45.0,10,473,5886,3,1.0
98,0.0,1.0,5.704,1.0,4.0,8,29.86938836357523,107.9638152114387,pobre,basal,0,0.0,455.0,1.0,45.0,11,473,5886,3,1.0
97,0.0,1.0,5.704,1.0,2.0,8,29.86938836357523,107.9638152114387,pobre,basal,0,0.0,455.0,1.0,45.0,10,473,5887,2,1.0
98,0.0,1.0,5.704,1.0,3.0,8,29.86938836357523,107.9638152114387,pobre,basal,0,0.0,455.0,1.0,45.0,11,473,5887,2,1.0
97,0.0,1.0,5.704,1.0,0.0,8,29.86938836357523,107.9638152114387,pobre,basal,0,0.0,455.0,1.0,45.0,6,473,5888,0,1.0
98,0.0,1.0,5.704,1.0,1.0,8,29.86938836357523,107.9638152114387,pobre,basal,0,0.0,455.0,1.0,45.0,7,473,5888,0,1.0
97,1.0,1.0,5.704,,0.0,7,29.86938836357523,107.9638152114387,pobre,basal,0,300.0,539.0,1.0,40.0,13,473,5889,0,
98,1.0,1.0,5.704,0.0,5.0,7,29.86938836357523,107.9638152114387,pobre,basal,0,300.0,539.0,1.0,40.0,14,473,5889,0,
97,1.0,1.0,5.704,1.0,3.0,7,29.86938836357523,107.9638152114387,pobre,basal,0,300.0,539.0,1.0,40.0,11,473,5890,3,1.0
98,1.0,1.0,5.704,0.0,4.0,7,29.86938836357523,107.9638152114387,pobre,basal,0,300.0,539.0,1.0,40.0,12,473,5890,3,1.0
97,0.0,1.0,5.704,1.0,2.0,7,29.86938836357523,107.9638152114387,pobre,basal,0,300.0,539.0,1.0,40.0,8,473,5891,2,1.0
98,0.0,1.0,5.704,1.0,3.0,7,29.86938836357523,107.9638152114387,pobre,basal,0,300.0,539.0,1.0,40.0,9,473,5891,2,1.0
97,1.0,1.0,5.704,1.0,0.0,7,29.86938836357523,107.9638152114387,pobre,basal,0,300.0,539.0,1.0,40.0,6,473,5892,0,1.0
98,1.0,1.0,5.704,1.0,1.0,7,29.86938836357523,107.9638152114387,pobre,basal,0,300.0,539.0,1.0,40.0,7,473,5892,0,1.0
97,0.0,1.0,5.704,0.0,6.0,7,29.86938836357523,107.9638152114387,pobre,basal,0,300.0,603.0,1.0,44.0,14,473,5893,6,0.0
98,0.0,1.0,5.704,0.0,6.0,7,29.86938836357523,107.9638152114387,pobre,basal,0,300.0,603.0,1.0,44.0,15,473,5893,6,0.0
97,1.0,1.0,5.704,1.0,3.0,7,29.86938836357523,107.9638152114387,pobre,basal,0,300.0,603.0,1.0,44.0,11,473,5894,3,1.0
98,1.0,1.0,5.704,1.0,4.0,7,29.86938836357523,107.9638152114387,pobre,basal,0,300.0,603.0,1.0,44.0,12,473,5894,3,1.0
97,1.0,1.0,5.704,1.0,2.0,7,29.86938836357523,107.9638152114387,pobre,basal,0,300.0,603.0,1.0,44.0,6,473,5895,2,1.0
98,1.0,1.0,5.704,0.0,3.0,7,29.86938836357523,107.9638152114387,pobre,basal,0,300.0,603.0,1.0,44.0,7,473,5895,2,1.0
97,0.0,1.0,5.704,1.0,1.0,7,29.86938836357523,107.9638152114387,pobre,basal,0,300.0,603.0,1.0,44.0,8,473,5896,1,1.0
98,0.0,1.0,5.704,1.0,2.0,7,29.86938836357523,107.9638152114387,pobre,basal,0,300.0,603.0,1.0,44.0,9,473,5896,1,1.0
97,1.0,1.0,5.704,1.0,5.0,9,29.86938836357523,107.9638152114387,pobre,basal,2,0.0,451.0,1.0,40.0,15,473,5897,5,1.0
98,1.0,1.0,5.704,1.0,6.0,9,29.86938836357523,107.9638152114387,pobre,basal,2,0.0,451.0,1.0,40.0,16,473,5897,5,1.0
97,1.0,1.0,5.704,1.0,3.0,9,29.86938836357523,107.9638152114387,pobre,basal,2,0.0,451.0,1.0,40.0,10,473,5898,3,1.0
98,1.0,1.0,5.704,1.0,4.0,9,29.86938836357523,107.9638152114387,pobre,basal,2,0.0,451.0,1.0,40.0,11,473,5898,3,1.0
97,1.0,1.0,5.704,1.0,2.0,9,29.86938836357523,107.9638152114387,pobre,basal,2,0.0,451.0,1.0,40.0,8,473,5899,2,1.0
98,1.0,1.0,5.704,1.0,2.0,9,29.86938836357523,107.9638152114387,pobre,basal,2,0.0,451.0,1.0,40.0,9,473,5899,2,1.0
97,1.0,1.0,5.704,1.0,5.0,9,29.86938836357523,107.9638152114387,pobre,basal,2,0.0,451.0,1.0,40.0,14,473,5900,5,1.0
98,1.0,1.0,5.704,1.0,6.0,9,29.86938836357523,107.9638152114387,pobre,basal,2,0.0,451.0,1.0,40.0,15,473,5900,5,1.0
97,0.0,1.0,5.704,,0.0,7,29.86938836357523,107.9638152114387,pobre,basal,0,300.0,621.0,1.0,47.0,16,473,5901,0,
98,0.0,1.0,5.704,,,7,29.86938836357523,107.9638152114387,pobre,basal,0,300.0,621.0,1.0,47.0,17,473,5901,0,
97,1.0,1.0,5.704,0.0,6.0,7,29.86938836357523,107.9638152114387,pobre,basal,0,300.0,621.0,1.0,47.0,16,473,5902,6,0.0
98,1.0,1.0,5.704,,,7,29.86938836357523,107.9638152114387,pobre,basal,0,300.0,621.0,1.0,47.0,17,473,5902,6,0.0
97,0.0,1.0,5.704,1.0,4.0,7,29.86938836357523,107.9638152114387,pobre,basal,0,300.0,621.0,1.0,47.0,14,473,5903,4,1.0
98,0.0,1.0,5.704,0.0,4.0,7,29.86938836357523,107.9638152114387,pobre,basal,0,300.0,621.0,1.0,47.0,15,473,5903,4,1.0
97,0.0,1.0,5.704,1.0,2.0,7,29.86938836357523,107.9638152114387,pobre,basal,0,300.0,621.0,1.0,47.0,9,473,5904,2,1.0
98,0.0,1.0,5.704,1.0,3.0,7,29.86938836357523,107.9638152114387,pobre,basal,0,300.0,621.0,1.0,47.0,10,473,5904,2,1.0
97,0.0,1.0,5.704,0.0,6.0,7,29.86938836357523,107.9638152114387,pobre,basal,0,0.0,456.0,1.0,38.0,13,473,5905,6,0.0
98,0.0,1.0,5.704,0.0,6.0,7,29.86938836357523,107.9638152114387,pobre,basal,0,0.0,456.0,1.0,38.0,14,473,5905,6,0.0
97,0.0,1.0,5.704,1.0,4.0,7,29.86938836357523,107.9638152114387,pobre,basal,0,0.0,456.0,1.0,38.0,11,473,5906,4,1.0
98,0.0,1.0,5.704,1.0,5.0,7,29.86938836357523,107.9638152114387,pobre,basal,0,0.0,456.0,1.0,38.0,12,473,5906,4,1.0
97,0.0,1.0,5.704,1.0,0.0,7,29.86938836357523,107.9638152114387,pobre,basal,0,0.0,456.0,1.0,38.0,6,473,5907,0,1.0
98,0.0,1.0,5.704,1.0,1.0,7,29.86938836357523,107.9638152114387,pobre,basal,0,0.0,456.0,1.0,38.0,7,473,5907,0,1.0
97,0.0,1.0,5.704,,0.0,5,29.86938836357523,107.9638152114387,pobre,basal,0,0.0,659.45001,1.0,50.0,12,473,5908,0,
98,0.0,1.0,5.704,,,5,29.86938836357523,107.9638152114387,pobre,basal,0,0.0,659.45001,1.0,50.0,13,473,5908,0,
97,1.0,1.0,5.704,,0.0,6,29.86938836357523,107.9638152114387,pobre,basal,0,375.0,510.45001,1.0,34.0,6,473,5909,0,
98,1.0,1.0,5.704,,,6,29.86938836357523,107.9638152114387,pobre,basal,0,375.0,510.45001,1.0,34.0,7,473,5909,0,
97,1.0,1.0,5.704,,0.0,6,29.86938836357523,107.9638152114387,pobre,basal,0,375.0,510.45001,1.0,34.0,9,473,5910,0,
98,1.0,1.0,5.704,,,6,29.86938836357523,107.9638152114387,pobre,basal,0,375.0,510.45001,1.0,34.0,10,473,5910,0,
97,0.0,1.0,5.704,,0.0,6,29.86938836357523,107.9638152114387,pobre,basal,0,375.0,510.45001,1.0,34.0,14,473,5911,0,
98,0.0,1.0,5.704,,,6,29.86938836357523,107.9638152114387,pobre,basal,0,375.0,510.45001,1.0,34.0,15,473,5911,0,
97,1.0,1.0,5.704,1.0,1.0,4,29.86938836357523,107.9638152114387,pobre,basal,0,0.0,551.0,1.0,30.0,8,473,5912,1,1.0
98,1.0,1.0,5.704,1.0,2.0,4,29.86938836357523,107.9638152114387,pobre,basal,0,0.0,551.0,1.0,30.0,9,473,5912,1,1.0
97,1.0,1.0,5.704,1.0,0.0,4,29.86938836357523,107.9638152114387,pobre,basal,0,0.0,551.0,1.0,30.0,6,473,5913,0,1.0
98,1.0,1.0,5.704,1.0,1.0,4,29.86938836357523,107.9638152114387,pobre,basal,0,0.0,551.0,1.0,30.0,7,473,5913,0,1.0
97,0.0,1.0,3.487,1.0,2.0,4,35.47325454277181,110.1491541368371,pobre,basal,4,360.0,876.0,1.0,40.0,7,474,5914,2,1.0
98,0.0,1.0,3.487,,,4,35.47325454277181,110.1491541368371,pobre,basal,4,360.0,876.0,1.0,40.0,8,474,5914,2,1.0
97,1.0,1.0,3.487,,0.0,5,35.47325454277181,110.1491541368371,pobre,basal,2,400.0,746.0,1.0,40.0,14,474,5915,0,
98,1.0,1.0,3.487,0.0,2.0,5,35.47325454277181,110.1491541368371,pobre,basal,2,400.0,746.0,1.0,40.0,15,474,5915,0,
97,0.0,1.0,3.487,,0.0,5,35.47325454277181,110.1491541368371,pobre,basal,2,400.0,746.0,1.0,40.0,7,474,5916,0,
98,0.0,1.0,3.487,1.0,3.0,5,35.47325454277181,110.1491541368371,pobre,basal,2,400.0,746.0,1.0,40.0,8,474,5916,0,
97,0.0,0.0,3.487,1.0,4.0,4,35.47325454277181,110.1491541368371,pobre,basal,2,33.333332,796.0,1.0,26.0,9,474,5917,4,1.0
98,0.0,0.0,3.487,1.0,4.0,4,35.47325454277181,110.1491541368371,pobre,basal,2,33.333332,796.0,1.0,26.0,10,474,5917,4,1.0
97,1.0,1.0,3.487,1.0,5.0,7,35.47325454277181,110.1491541368371,pobre,basal,10,920.0,817.5,1.0,32.0,10,474,5918,5,1.0
98,1.0,1.0,3.487,1.0,6.0,7,35.47325454277181,110.1491541368371,pobre,basal,10,920.0,817.5,1.0,32.0,11,474,5918,5,1.0
97,1.0,1.0,3.487,1.0,3.0,7,35.47325454277181,110.1491541368371,pobre,basal,10,920.0,817.5,1.0,32.0,8,474,5919,3,1.0
98,1.0,1.0,3.487,1.0,4.0,7,35.47325454277181,110.1491541368371,pobre,basal,10,920.0,817.5,1.0,32.0,9,474,5919,3,1.0
97,0.0,1.0,3.487,1.0,1.0,7,35.47325454277181,110.1491541368371,pobre,basal,10,920.0,817.5,1.0,32.0,6,474,5920,1,1.0
98,0.0,1.0,3.487,1.0,1.0,7,35.47325454277181,110.1491541368371,pobre,basal,10,920.0,817.5,1.0,32.0,7,474,5920,1,1.0
97,1.0,1.0,3.487,1.0,7.0,11,35.47325454277181,110.1491541368371,pobre,basal,0,0.0,712.0,1.0,46.0,15,474,5921,7,1.0
98,1.0,1.0,3.487,0.0,7.0,11,35.47325454277181,110.1491541368371,pobre,basal,0,0.0,712.0,1.0,46.0,16,474,5921,7,1.0
97,0.0,1.0,3.487,1.0,4.0,11,35.47325454277181,110.1491541368371,pobre,basal,0,0.0,712.0,1.0,46.0,10,474,5922,4,1.0
98,0.0,1.0,3.487,1.0,4.0,11,35.47325454277181,110.1491541368371,pobre,basal,0,0.0,712.0,1.0,46.0,11,474,5922,4,1.0
97,0.0,1.0,3.487,1.0,6.0,11,35.47325454277181,110.1491541368371,pobre,basal,0,0.0,712.0,1.0,46.0,12,474,5923,6,1.0
98,0.0,1.0,3.487,,,11,35.47325454277181,110.1491541368371,pobre,basal,0,0.0,712.0,1.0,46.0,13,474,5923,6,1.0
97,0.0,1.0,3.487,1.0,7.0,11,35.47325454277181,110.1491541368371,pobre,basal,0,0.0,712.0,1.0,46.0,16,474,5924,7,1.0
98,0.0,1.0,3.487,,,11,35.47325454277181,110.1491541368371,pobre,basal,0,0.0,712.0,1.0,46.0,17,474,5924,7,1.0
97,1.0,1.0,3.487,1.0,1.0,4,35.47325454277181,110.1491541368371,pobre,basal,3,400.0,757.0,1.0,30.0,7,474,5925,1,1.0
98,1.0,1.0,3.487,1.0,1.0,4,35.47325454277181,110.1491541368371,pobre,basal,3,400.0,757.0,1.0,30.0,8,474,5925,1,1.0
97,0.0,1.0,3.487,1.0,6.0,5,35.47325454277181,110.1491541368371,pobre,basal,2,500.0,746.0,1.0,33.0,11,474,5926,6,1.0
98,0.0,1.0,3.487,1.0,6.0,5,35.47325454277181,110.1491541368371,pobre,basal,2,500.0,746.0,1.0,33.0,12,474,5926,6,1.0
97,0.0,1.0,3.487,1.0,2.0,5,35.47325454277181,110.1491541368371,pobre,basal,2,500.0,746.0,1.0,33.0,7,474,5927,2,1.0
98,0.0,1.0,3.487,1.0,2.0,5,35.47325454277181,110.1491541368371,pobre,basal,2,500.0,746.0,1.0,33.0,8,474,5927,2,1.0
97,1.0,1.0,3.487,0.0,3.0,6,35.47325454277181,110.1491541368371,pobre,basal,1,60.0,784.0,1.0,56.0,16,474,5928,3,0.0
98,1.0,1.0,3.487,,,6,35.47325454277181,110.1491541368371,pobre,basal,1,60.0,784.0,1.0,56.0,17,474,5928,3,0.0
97,0.0,1.0,3.487,1.0,5.0,6,35.47325454277181,110.1491541368371,pobre,basal,1,60.0,784.0,1.0,56.0,13,474,5929,5,1.0
98,0.0,1.0,3.487,0.0,5.0,6,35.47325454277181,110.1491541368371,pobre,basal,1,60.0,784.0,1.0,56.0,14,474,5929,5,1.0
97,1.0,1.0,3.487,1.0,5.0,8,35.47325454277181,110.1491541368371,pobre,basal,2,0.0,702.0,1.0,38.0,13,474,5930,5,1.0
98,1.0,1.0,3.487,1.0,6.0,8,35.47325454277181,110.1491541368371,pobre,basal,2,0.0,702.0,1.0,38.0,14,474,5930,5,1.0
97,1.0,1.0,3.487,1.0,5.0,8,35.47325454277181,110.1491541368371,pobre,basal,2,0.0,702.0,1.0,38.0,11,474,5931,5,1.0
98,1.0,1.0,3.487,1.0,5.0,8,35.47325454277181,110.1491541368371,pobre,basal,2,0.0,702.0,1.0,38.0,12,474,5931,5,1.0
97,1.0,1.0,3.487,1.0,2.0,8,35.47325454277181,110.1491541368371,pobre,basal,2,0.0,702.0,1.0,38.0,7,474,5932,2,1.0
98,1.0,1.0,3.487,1.0,3.0,8,35.47325454277181,110.1491541368371,pobre,basal,2,0.0,702.0,1.0,38.0,8,474,5932,2,1.0
97,1.0,1.0,3.487,1.0,5.0,10,35.47325454277181,110.1491541368371,pobre,basal,2,600.0,735.0,1.0,45.0,13,474,5933,5,1.0
98,1.0,1.0,3.487,1.0,5.0,10,35.47325454277181,110.1491541368371,pobre,basal,2,600.0,735.0,1.0,45.0,14,474,5933,5,1.0
97,1.0,1.0,3.487,1.0,4.0,10,35.47325454277181,110.1491541368371,pobre,basal,2,600.0,735.0,1.0,45.0,11,474,5934,4,1.0
98,1.0,1.0,3.487,1.0,4.0,10,35.47325454277181,110.1491541368371,pobre,basal,2,600.0,735.0,1.0,45.0,12,474,5934,4,1.0
97,0.0,1.0,3.487,1.0,3.0,10,35.47325454277181,110.1491541368371,pobre,basal,2,600.0,735.0,1.0,45.0,8,474,5935,3,1.0
98,0.0,1.0,3.487,1.0,3.0,10,35.47325454277181,110.1491541368371,pobre,basal,2,600.0,735.0,1.0,45.0,9,474,5935,3,1.0
97,0.0,1.0,3.487,1.0,2.0,10,35.47325454277181,110.1491541368371,pobre,basal,2,600.0,735.0,1.0,45.0,7,474,5936,2,1.0
98,0.0,1.0,3.487,1.0,2.0,10,35.47325454277181,110.1491541368371,pobre,basal,2,600.0,735.0,1.0,45.0,8,474,5936,2,1.0
97,0.0,1.0,3.487,1.0,1.0,6,35.47325454277181,110.1491541368371,pobre,basal,6,480.0,605.0,1.0,65.0,7,474,5937,1,1.0
98,0.0,1.0,3.487,1.0,2.0,6,35.47325454277181,110.1491541368371,pobre,basal,6,480.0,605.0,1.0,65.0,8,474,5937,1,1.0
97,0.0,1.0,3.487,1.0,6.0,4,35.47325454277181,110.1491541368371,pobre,basal,1,0.0,745.0,1.0,53.0,13,474,5938,6,1.0
98,0.0,1.0,3.487,0.0,6.0,4,35.47325454277181,110.1491541368371,pobre,basal,1,0.0,745.0,1.0,53.0,14,474,5938,6,1.0
97,1.0,1.0,3.487,0.0,6.0,4,35.47325454277181,110.1491541368371,pobre,basal,2,0.0,805.0,1.0,56.0,15,474,5939,6,0.0
98,1.0,1.0,3.487,0.0,6.0,4,35.47325454277181,110.1491541368371,pobre,basal,2,0.0,805.0,1.0,56.0,16,474,5939,6,0.0
97,0.0,1.0,3.9430001,0.0,2.0,2,19.62303655892494,121.3276221369556,no pobre,basal,2,250.0,815.0,0.0,44.0,16,387,5940,2,0.0
98,0.0,1.0,3.9430001,0.0,9.0,2,19.62303655892494,121.3276221369556,no pobre,basal,2,250.0,815.0,0.0,44.0,17,387,5940,2,0.0
97,0.0,1.0,3.9430001,0.0,5.0,8,19.62303655892494,121.3276221369556,pobre,basal,5,0.0,558.0,1.0,40.0,16,387,5941,5,0.0
98,0.0,1.0,3.9430001,,,8,19.62303655892494,121.3276221369556,pobre,basal,5,0.0,558.0,1.0,40.0,17,387,5941,5,0.0
97,1.0,1.0,3.9430001,1.0,5.0,8,19.62303655892494,121.3276221369556,pobre,basal,5,0.0,558.0,1.0,40.0,14,387,5942,5,1.0
98,1.0,1.0,3.9430001,1.0,6.0,8,19.62303655892494,121.3276221369556,pobre,basal,5,0.0,558.0,1.0,40.0,15,387,5942,5,1.0
97,0.0,1.0,3.9430001,1.0,4.0,8,19.62303655892494,121.3276221369556,pobre,basal,5,0.0,558.0,1.0,40.0,11,387,5943,4,1.0
98,0.0,1.0,3.9430001,1.0,5.0,8,19.62303655892494,121.3276221369556,pobre,basal,5,0.0,558.0,1.0,40.0,12,387,5943,4,1.0
97,1.0,1.0,3.9430001,1.0,1.0,8,19.62303655892494,121.3276221369556,pobre,basal,5,0.0,558.0,1.0,40.0,7,387,5944,1,1.0
98,1.0,1.0,3.9430001,1.0,2.0,8,19.62303655892494,121.3276221369556,pobre,basal,5,0.0,558.0,1.0,40.0,8,387,5944,1,1.0
97,0.0,1.0,3.9430001,1.0,0.0,6,19.62303655892494,121.3276221369556,pobre,basal,0,360.0,622.0,1.0,23.0,7,387,5945,0,1.0
98,0.0,1.0,3.9430001,,,6,19.62303655892494,121.3276221369556,pobre,basal,0,360.0,622.0,1.0,23.0,8,387,5945,0,1.0
97,0.0,1.0,3.9430001,1.0,6.0,7,19.62303655892494,121.3276221369556,pobre,basal,2,300.0,598.0,1.0,34.0,15,387,5946,6,1.0
98,0.0,1.0,3.9430001,1.0,7.0,7,19.62303655892494,121.3276221369556,pobre,basal,2,300.0,598.0,1.0,34.0,16,387,5946,6,1.0
97,1.0,1.0,3.9430001,1.0,6.0,7,19.62303655892494,121.3276221369556,pobre,basal,2,300.0,598.0,1.0,34.0,13,387,5947,6,1.0
98,1.0,1.0,3.9430001,1.0,6.0,7,19.62303655892494,121.3276221369556,pobre,basal,2,300.0,598.0,1.0,34.0,14,387,5947,6,1.0
97,1.0,1.0,3.9430001,1.0,4.0,7,19.62303655892494,121.3276221369556,pobre,basal,2,300.0,598.0,1.0,34.0,11,387,5948,4,1.0
98,1.0,1.0,3.9430001,1.0,5.0,7,19.62303655892494,121.3276221369556,pobre,basal,2,300.0,598.0,1.0,34.0,12,387,5948,4,1.0
97,1.0,1.0,3.9430001,1.0,1.0,7,19.62303655892494,121.3276221369556,pobre,basal,2,300.0,598.0,1.0,34.0,6,387,5949,1,1.0
98,1.0,1.0,3.9430001,1.0,1.0,7,19.62303655892494,121.3276221369556,pobre,basal,2,300.0,598.0,1.0,34.0,7,387,5949,1,1.0
97,0.0,1.0,3.9430001,1.0,1.0,7,19.62303655892494,121.3276221369556,pobre,basal,3,375.0,705.0,1.0,34.0,7,387,5950,1,1.0
98,0.0,1.0,3.9430001,1.0,2.0,7,19.62303655892494,121.3276221369556,pobre,basal,3,375.0,705.0,1.0,34.0,8,387,5950,1,1.0
97,1.0,1.0,3.9430001,1.0,6.0,8,19.62303655892494,121.3276221369556,pobre,basal,6,200.0,554.0,1.0,31.0,11,387,5951,6,1.0
98,1.0,1.0,3.9430001,0.0,6.0,8,19.62303655892494,121.3276221369556,pobre,basal,6,200.0,554.0,1.0,31.0,12,387,5951,6,1.0
97,1.0,1.0,3.9430001,1.0,3.0,8,19.62303655892494,121.3276221369556,pobre,basal,6,200.0,554.0,1.0,31.0,10,387,5952,3,1.0
98,1.0,1.0,3.9430001,1.0,4.0,8,19.62303655892494,121.3276221369556,pobre,basal,6,200.0,554.0,1.0,31.0,11,387,5952,3,1.0
97,0.0,0.0,3.9430001,,0.0,8,19.62303655892494,121.3276221369556,pobre,basal,6,200.0,554.0,1.0,31.0,7,387,5953,0,
98,0.0,0.0,3.9430001,1.0,2.0,8,19.62303655892494,121.3276221369556,pobre,basal,6,200.0,554.0,1.0,31.0,8,387,5953,0,
97,0.0,1.0,3.9430001,,2.0,5,19.62303655892494,121.3276221369556,pobre,basal,0,300.0,699.0,1.0,33.0,8,387,5954,2,
98,0.0,1.0,3.9430001,1.0,2.0,5,19.62303655892494,121.3276221369556,pobre,basal,0,300.0,699.0,1.0,33.0,9,387,5954,2,
97,1.0,1.0,3.9430001,,0.0,5,19.62303655892494,121.3276221369556,pobre,basal,0,300.0,699.0,1.0,33.0,6,387,5955,0,
98,1.0,1.0,3.9430001,1.0,1.0,5,19.62303655892494,121.3276221369556,pobre,basal,0,300.0,699.0,1.0,33.0,7,387,5955,0,
97,1.0,1.0,3.9430001,1.0,2.0,5,19.62303655892494,121.3276221369556,pobre,basal,0,250.0,662.0,1.0,28.0,8,387,5956,2,1.0
98,1.0,1.0,3.9430001,,,5,19.62303655892494,121.3276221369556,pobre,basal,0,250.0,662.0,1.0,28.0,9,387,5956,2,1.0
97,0.0,1.0,3.9430001,1.0,1.0,5,19.62303655892494,121.3276221369556,pobre,basal,0,250.0,662.0,1.0,28.0,6,387,5957,1,1.0
98,0.0,1.0,3.9430001,,,5,19.62303655892494,121.3276221369556,pobre,basal,0,250.0,662.0,1.0,28.0,7,387,5957,1,1.0
97,0.0,1.0,3.9430001,1.0,7.0,7,19.62303655892494,121.3276221369556,pobre,basal,3,375.0,600.0,1.0,42.0,14,387,5958,7,1.0
98,0.0,1.0,3.9430001,1.0,7.0,7,19.62303655892494,121.3276221369556,pobre,basal,3,375.0,600.0,1.0,42.0,15,387,5958,7,1.0
97,1.0,1.0,3.9430001,1.0,5.0,7,19.62303655892494,121.3276221369556,pobre,basal,3,375.0,600.0,1.0,42.0,12,387,5959,5,1.0
98,1.0,1.0,3.9430001,1.0,5.0,7,19.62303655892494,121.3276221369556,pobre,basal,3,375.0,600.0,1.0,42.0,13,387,5959,5,1.0
97,1.0,1.0,3.9430001,1.0,5.0,7,19.62303655892494,121.3276221369556,pobre,basal,3,375.0,600.0,1.0,42.0,10,387,5960,5,1.0
98,1.0,1.0,3.9430001,1.0,5.0,7,19.62303655892494,121.3276221369556,pobre,basal,3,375.0,600.0,1.0,42.0,11,387,5960,5,1.0
97,0.0,1.0,3.9430001,1.0,3.0,7,19.62303655892494,121.3276221369556,pobre,basal,3,375.0,600.0,1.0,42.0,8,387,5961,3,1.0
98,0.0,1.0,3.9430001,1.0,4.0,7,19.62303655892494,121.3276221369556,pobre,basal,3,375.0,600.0,1.0,42.0,9,387,5961,3,1.0
97,0.0,1.0,3.9430001,1.0,0.0,7,19.62303655892494,121.3276221369556,pobre,basal,3,375.0,600.0,1.0,42.0,6,387,5962,0,1.0
98,0.0,1.0,3.9430001,1.0,1.0,7,19.62303655892494,121.3276221369556,pobre,basal,3,375.0,600.0,1.0,42.0,7,387,5962,0,1.0
97,0.0,1.0,3.9430001,1.0,6.0,7,19.62303655892494,121.3276221369556,no pobre,basal,2,250.0,718.0,1.0,32.0,12,387,5963,6,1.0
98,0.0,1.0,3.9430001,,,7,19.62303655892494,121.3276221369556,no pobre,basal,2,250.0,718.0,1.0,32.0,13,387,5963,6,1.0
97,0.0,0.0,3.9430001,1.0,3.0,7,19.62303655892494,121.3276221369556,no pobre,basal,2,250.0,718.0,1.0,32.0,8,387,5964,3,1.0
98,0.0,0.0,3.9430001,,,7,19.62303655892494,121.3276221369556,no pobre,basal,2,250.0,718.0,1.0,32.0,9,387,5964,3,1.0
97,1.0,0.0,3.9430001,1.0,2.0,7,19.62303655892494,121.3276221369556,no pobre,basal,2,250.0,718.0,1.0,32.0,7,387,5965,2,1.0
98,1.0,0.0,3.9430001,,,7,19.62303655892494,121.3276221369556,no pobre,basal,2,250.0,718.0,1.0,32.0,8,387,5965,2,1.0
97,0.0,0.0,3.9430001,1.0,6.0,12,19.62303655892494,121.3276221369556,pobre,basal,0,375.0,444.0,1.0,48.0,15,387,5966,6,1.0
98,0.0,0.0,3.9430001,,,12,19.62303655892494,121.3276221369556,pobre,basal,0,375.0,444.0,1.0,48.0,16,387,5966,6,1.0
97,0.0,1.0,3.9430001,1.0,3.0,12,19.62303655892494,121.3276221369556,pobre,basal,0,375.0,444.0,1.0,48.0,12,387,5967,3,1.0
98,0.0,1.0,3.9430001,1.0,4.0,12,19.62303655892494,121.3276221369556,pobre,basal,0,375.0,444.0,1.0,48.0,13,387,5967,3,1.0
97,1.0,1.0,3.9430001,1.0,3.0,12,19.62303655892494,121.3276221369556,pobre,basal,0,375.0,444.0,1.0,48.0,9,387,5968,3,1.0
98,1.0,1.0,3.9430001,1.0,4.0,12,19.62303655892494,121.3276221369556,pobre,basal,0,375.0,444.0,1.0,48.0,10,387,5968,3,1.0
97,1.0,1.0,3.9430001,1.0,3.0,12,19.62303655892494,121.3276221369556,pobre,basal,0,375.0,444.0,1.0,48.0,8,387,5969,3,1.0
98,1.0,1.0,3.9430001,1.0,2.0,12,19.62303655892494,121.3276221369556,pobre,basal,0,375.0,444.0,1.0,48.0,9,387,5969,3,1.0
97,0.0,1.0,3.9430001,1.0,2.0,6,19.62303655892494,121.3276221369556,pobre,basal,0,250.0,610.0,1.0,26.0,7,387,5970,2,1.0
98,0.0,1.0,3.9430001,,,6,19.62303655892494,121.3276221369556,pobre,basal,0,250.0,610.0,1.0,26.0,8,387,5970,2,1.0
97,1.0,0.0,3.9430001,,0.0,5,19.62303655892494,121.3276221369556,pobre,basal,0,250.0,648.40002,1.0,29.0,7,387,5971,0,
98,1.0,0.0,3.9430001,,,5,19.62303655892494,121.3276221369556,pobre,basal,0,250.0,648.40002,1.0,29.0,8,387,5971,0,
97,0.0,1.0,2.6960001,0.0,6.0,8,42.45712579246427,104.5796738582564,pobre,basal,9,500.0,597.0,1.0,41.0,13,501,5972,6,0.0
98,0.0,1.0,2.6960001,1.0,6.0,8,42.45712579246427,104.5796738582564,pobre,basal,9,500.0,597.0,1.0,41.0,14,501,5972,6,0.0
97,0.0,1.0,2.6960001,1.0,6.0,8,42.45712579246427,104.5796738582564,pobre,basal,9,500.0,597.0,1.0,41.0,11,501,5973,6,1.0
98,0.0,1.0,2.6960001,1.0,6.0,8,42.45712579246427,104.5796738582564,pobre,basal,9,500.0,597.0,1.0,41.0,12,501,5973,6,1.0
97,0.0,1.0,2.6960001,1.0,2.0,8,42.45712579246427,104.5796738582564,pobre,basal,9,500.0,597.0,1.0,41.0,9,501,5974,2,1.0
98,0.0,1.0,2.6960001,1.0,3.0,8,42.45712579246427,104.5796738582564,pobre,basal,9,500.0,597.0,1.0,41.0,10,501,5974,2,1.0
97,0.0,1.0,2.6960001,1.0,2.0,8,42.45712579246427,104.5796738582564,pobre,basal,9,500.0,597.0,1.0,41.0,8,501,5975,2,1.0
98,0.0,1.0,2.6960001,1.0,1.0,8,42.45712579246427,104.5796738582564,pobre,basal,9,500.0,597.0,1.0,41.0,9,501,5975,2,1.0
97,0.0,1.0,2.6960001,1.0,0.0,4,42.45712579246427,104.5796738582564,pobre,basal,1,625.0,687.0,1.0,32.0,6,501,5976,0,1.0
98,0.0,1.0,2.6960001,1.0,1.0,4,42.45712579246427,104.5796738582564,pobre,basal,1,625.0,687.0,1.0,32.0,7,501,5976,0,1.0
97,0.0,1.0,2.6960001,0.0,5.0,6,42.45712579246427,104.5796738582564,pobre,basal,0,6450.0,568.0,0.0,40.0,16,501,5977,5,0.0
98,0.0,1.0,2.6960001,,,6,42.45712579246427,104.5796738582564,pobre,basal,0,6450.0,568.0,0.0,40.0,17,501,5977,5,0.0
97,1.0,1.0,2.6960001,0.0,6.0,6,42.45712579246427,104.5796738582564,pobre,basal,0,6450.0,568.0,0.0,40.0,15,501,5978,6,0.0
98,1.0,1.0,2.6960001,0.0,6.0,6,42.45712579246427,104.5796738582564,pobre,basal,0,6450.0,568.0,0.0,40.0,16,501,5978,6,0.0
97,1.0,1.0,2.6960001,1.0,5.0,6,42.45712579246427,104.5796738582564,pobre,basal,0,6450.0,568.0,0.0,40.0,12,501,5979,5,1.0
98,1.0,1.0,2.6960001,0.0,6.0,6,42.45712579246427,104.5796738582564,pobre,basal,0,6450.0,568.0,0.0,40.0,13,501,5979,5,1.0
97,1.0,1.0,2.6960001,1.0,4.0,6,42.45712579246427,104.5796738582564,pobre,basal,0,6450.0,568.0,0.0,40.0,9,501,5980,4,1.0
98,1.0,1.0,2.6960001,1.0,5.0,6,42.45712579246427,104.5796738582564,pobre,basal,0,6450.0,568.0,0.0,40.0,10,501,5980,4,1.0
97,0.0,1.0,2.6960001,1.0,3.0,5,42.45712579246427,104.5796738582564,pobre,basal,0,500.0,542.0,1.0,31.0,9,501,5981,3,1.0
98,0.0,1.0,2.6960001,1.0,1.0,5,42.45712579246427,104.5796738582564,pobre,basal,0,500.0,542.0,1.0,31.0,10,501,5981,3,1.0
97,0.0,1.0,2.6960001,1.0,1.0,5,42.45712579246427,104.5796738582564,pobre,basal,0,500.0,542.0,1.0,31.0,6,501,5982,1,1.0
98,0.0,1.0,2.6960001,1.0,0.0,5,42.45712579246427,104.5796738582564,pobre,basal,0,500.0,542.0,1.0,31.0,7,501,5982,1,1.0
97,1.0,1.0,2.6960001,1.0,4.0,6,42.45712579246427,104.5796738582564,pobre,basal,3,500.0,513.0,1.0,35.0,11,501,5983,4,1.0
98,1.0,1.0,2.6960001,1.0,4.0,6,42.45712579246427,104.5796738582564,pobre,basal,3,500.0,513.0,1.0,35.0,12,501,5983,4,1.0
97,0.0,1.0,2.6960001,1.0,3.0,6,42.45712579246427,104.5796738582564,pobre,basal,3,500.0,513.0,1.0,35.0,7,501,5984,3,1.0
98,0.0,1.0,2.6960001,1.0,4.0,6,42.45712579246427,104.5796738582564,pobre,basal,3,500.0,513.0,1.0,35.0,8,501,5984,3,1.0
97,1.0,1.0,2.6960001,1.0,1.0,6,42.45712579246427,104.5796738582564,pobre,basal,3,500.0,513.0,1.0,35.0,6,501,5985,1,1.0
98,1.0,1.0,2.6960001,1.0,1.0,6,42.45712579246427,104.5796738582564,pobre,basal,3,500.0,513.0,1.0,35.0,7,501,5985,1,1.0
97,1.0,1.0,2.6960001,0.0,5.0,4,42.45712579246427,104.5796738582564,pobre,basal,0,500.0,594.0,1.0,41.0,14,501,5986,5,0.0
98,1.0,1.0,2.6960001,1.0,5.0,4,42.45712579246427,104.5796738582564,pobre,basal,0,500.0,594.0,1.0,41.0,15,501,5986,5,0.0
97,0.0,1.0,2.6960001,1.0,5.0,6,42.45712579246427,104.5796738582564,pobre,basal,3,500.0,653.0,1.0,53.0,11,501,5987,5,1.0
98,0.0,1.0,2.6960001,,,6,42.45712579246427,104.5796738582564,pobre,basal,3,500.0,653.0,1.0,53.0,12,501,5987,5,1.0
97,0.0,1.0,2.6960001,1.0,3.0,6,42.45712579246427,104.5796738582564,pobre,basal,3,500.0,653.0,1.0,53.0,9,501,5988,3,1.0
98,0.0,1.0,2.6960001,1.0,3.0,6,42.45712579246427,104.5796738582564,pobre,basal,3,500.0,653.0,1.0,53.0,10,501,5988,3,1.0
97,0.0,1.0,2.6960001,0.0,5.0,2,42.45712579246427,104.5796738582564,pobre,basal,3,750.0,667.0,1.0,44.0,15,501,5989,5,0.0
98,0.0,1.0,2.6960001,,,2,42.45712579246427,104.5796738582564,pobre,basal,3,750.0,667.0,1.0,44.0,16,501,5989,5,0.0
97,0.0,0.0,0.0,1.0,2.0,5,21.57571492117666,97.1718318733706,pobre,0,9,500.0,721.0,1.0,27.0,7,502,5990,2,1.0
98,0.0,0.0,0.0,1.0,2.0,5,21.57571492117666,97.1718318733706,pobre,0,9,500.0,721.0,1.0,27.0,8,502,5990,2,1.0
97,0.0,0.0,0.0,1.0,1.0,5,21.57571492117666,97.1718318733706,pobre,0,9,500.0,721.0,1.0,27.0,6,502,5991,1,1.0
98,0.0,0.0,0.0,1.0,1.0,5,21.57571492117666,97.1718318733706,pobre,0,9,500.0,721.0,1.0,27.0,7,502,5991,1,1.0
97,0.0,1.0,0.0,1.0,4.0,5,21.57571492117666,97.1718318733706,pobre,0,2,0.0,722.0,1.0,75.0,9,502,5992,4,1.0
98,0.0,1.0,0.0,1.0,5.0,5,21.57571492117666,97.1718318733706,pobre,0,2,0.0,722.0,1.0,75.0,10,502,5992,4,1.0
97,0.0,1.0,0.0,1.0,1.0,5,21.57571492117666,97.1718318733706,pobre,0,2,0.0,722.0,1.0,75.0,6,502,5993,1,1.0
98,0.0,1.0,0.0,1.0,2.0,5,21.57571492117666,97.1718318733706,pobre,0,2,0.0,722.0,1.0,75.0,7,502,5993,1,1.0
97,1.0,0.0,0.0,1.0,7.0,8,21.57571492117666,97.1718318733706,pobre,0,0,625.0,758.0,1.0,46.0,15,502,5994,7,1.0
98,1.0,0.0,0.0,1.0,7.0,8,21.57571492117666,97.1718318733706,pobre,0,0,625.0,758.0,1.0,46.0,16,502,5994,7,1.0
97,1.0,0.0,0.0,1.0,7.0,8,21.57571492117666,97.1718318733706,pobre,0,0,625.0,758.0,1.0,46.0,12,502,5995,7,1.0
98,1.0,0.0,0.0,1.0,7.0,8,21.57571492117666,97.1718318733706,pobre,0,0,625.0,758.0,1.0,46.0,13,502,5995,7,1.0
97,1.0,0.0,0.0,1.0,4.0,8,21.57571492117666,97.1718318733706,pobre,0,0,625.0,758.0,1.0,46.0,10,502,5996,4,1.0
98,1.0,0.0,0.0,1.0,4.0,8,21.57571492117666,97.1718318733706,pobre,0,0,625.0,758.0,1.0,46.0,11,502,5996,4,1.0
97,0.0,1.0,0.0,1.0,1.0,9,21.57571492117666,97.1718318733706,no pobre,0,1,0.0,1025.0,1.0,63.0,6,502,5997,1,1.0
98,0.0,1.0,0.0,1.0,0.0,9,21.57571492117666,97.1718318733706,no pobre,0,1,0.0,1025.0,1.0,63.0,7,502,5997,1,1.0
97,1.0,1.0,0.0,1.0,2.0,5,21.57571492117666,97.1718318733706,pobre,0,8,625.0,749.0,1.0,29.0,8,502,5998,2,1.0
98,1.0,1.0,0.0,1.0,3.0,5,21.57571492117666,97.1718318733706,pobre,0,8,625.0,749.0,1.0,29.0,9,502,5998,2,1.0
97,0.0,1.0,0.0,1.0,5.0,4,21.57571492117666,97.1718318733706,pobre,0,2,500.0,701.0,1.0,61.0,13,502,5999,5,1.0
98,0.0,1.0,0.0,,,4,21.57571492117666,97.1718318733706,pobre,0,2,500.0,701.0,1.0,61.0,14,502,5999,5,1.0
97,1.0,1.0,0.0,1.0,4.0,5,21.57571492117666,97.1718318733706,pobre,0,1,500.0,659.0,1.0,50.0,8,502,6000,4,1.0
98,1.0,1.0,0.0,1.0,5.0,5,21.57571492117666,97.1718318733706,pobre,0,1,500.0,659.0,1.0,50.0,9,502,6000,4,1.0
97,0.0,1.0,0.0,1.0,5.0,7,21.57571492117666,97.1718318733706,pobre,0,6,500.0,600.0,1.0,39.0,11,502,6001,5,1.0
98,0.0,1.0,0.0,1.0,6.0,7,21.57571492117666,97.1718318733706,pobre,0,6,500.0,600.0,1.0,39.0,12,502,6001,5,1.0
97,1.0,1.0,0.0,1.0,2.0,7,21.57571492117666,97.1718318733706,pobre,0,6,500.0,600.0,1.0,39.0,8,502,6002,2,1.0
98,1.0,1.0,0.0,1.0,3.0,7,21.57571492117666,97.1718318733706,pobre,0,6,500.0,600.0,1.0,39.0,9,502,6002,2,1.0
97,0.0,1.0,0.0,1.0,1.0,7,21.57571492117666,97.1718318733706,pobre,0,6,500.0,600.0,1.0,39.0,6,502,6003,1,1.0
98,0.0,1.0,0.0,1.0,1.0,7,21.57571492117666,97.1718318733706,pobre,0,6,500.0,600.0,1.0,39.0,7,502,6003,1,1.0
97,1.0,0.0,0.0,0.0,2.0,7,21.57571492117666,97.1718318733706,pobre,0,0,500.0,579.0,0.0,33.0,15,502,6004,2,0.0
98,1.0,0.0,0.0,1.0,2.0,7,21.57571492117666,97.1718318733706,pobre,0,0,500.0,579.0,0.0,33.0,16,502,6004,2,0.0
97,0.0,0.0,0.0,1.0,8.0,7,21.57571492117666,97.1718318733706,pobre,0,0,500.0,579.0,0.0,33.0,13,502,6005,8,1.0
98,0.0,0.0,0.0,1.0,6.0,7,21.57571492117666,97.1718318733706,pobre,0,0,500.0,579.0,0.0,33.0,14,502,6005,8,1.0
97,0.0,0.0,0.0,1.0,6.0,7,21.57571492117666,97.1718318733706,pobre,0,0,500.0,579.0,0.0,33.0,12,502,6006,6,1.0
98,0.0,0.0,0.0,1.0,6.0,7,21.57571492117666,97.1718318733706,pobre,0,0,500.0,579.0,0.0,33.0,13,502,6006,6,1.0
97,1.0,0.0,0.0,1.0,3.0,7,21.57571492117666,97.1718318733706,pobre,0,0,500.0,579.0,0.0,33.0,10,502,6007,3,1.0
98,1.0,0.0,0.0,1.0,4.0,7,21.57571492117666,97.1718318733706,pobre,0,0,500.0,579.0,0.0,33.0,11,502,6007,3,1.0
97,1.0,0.0,0.0,1.0,1.0,7,21.57571492117666,97.1718318733706,pobre,0,0,500.0,579.0,0.0,33.0,8,502,6008,1,1.0
98,1.0,0.0,0.0,,,7,21.57571492117666,97.1718318733706,pobre,0,0,500.0,579.0,0.0,33.0,9,502,6008,1,1.0
97,0.0,1.0,0.0,1.0,6.0,6,21.57571492117666,97.1718318733706,pobre,0,1,0.0,649.0,1.0,60.0,15,502,6009,6,1.0
98,0.0,1.0,0.0,0.0,7.0,6,21.57571492117666,97.1718318733706,pobre,0,1,0.0,649.0,1.0,60.0,16,502,6009,6,1.0
97,0.0,1.0,0.0,1.0,8.0,6,21.57571492117666,97.1718318733706,pobre,0,1,0.0,649.0,1.0,60.0,15,502,6010,8,1.0
98,0.0,1.0,0.0,0.0,6.0,6,21.57571492117666,97.1718318733706,pobre,0,1,0.0,649.0,1.0,60.0,16,502,6010,8,1.0
97,1.0,1.0,0.0,1.0,6.0,6,21.57571492117666,97.1718318733706,pobre,0,0,375.0,615.0,0.0,30.0,15,502,6011,6,1.0
98,1.0,1.0,0.0,,,6,21.57571492117666,97.1718318733706,pobre,0,0,375.0,615.0,0.0,30.0,16,502,6011,6,1.0
97,0.0,1.0,0.0,1.0,3.0,6,21.57571492117666,97.1718318733706,pobre,0,0,375.0,615.0,0.0,30.0,9,502,6012,3,1.0
98,0.0,1.0,0.0,,,6,21.57571492117666,97.1718318733706,pobre,0,0,375.0,615.0,0.0,30.0,10,502,6012,3,1.0
97,1.0,1.0,0.0,0.0,6.0,7,21.57571492117666,97.1718318733706,pobre,0,2,0.0,892.5,1.0,55.0,14,502,6013,6,0.0
98,1.0,1.0,0.0,,,7,21.57571492117666,97.1718318733706,pobre,0,2,0.0,892.5,1.0,55.0,15,502,6013,6,0.0
97,0.0,1.0,0.0,1.0,4.0,7,21.57571492117666,97.1718318733706,pobre,0,2,0.0,892.5,1.0,55.0,12,502,6014,4,1.0
98,0.0,1.0,0.0,,,7,21.57571492117666,97.1718318733706,pobre,0,2,0.0,892.5,1.0,55.0,13,502,6014,4,1.0
97,1.0,1.0,0.0,1.0,5.0,7,21.57571492117666,97.1718318733706,pobre,0,2,0.0,730.0,1.0,55.0,12,502,6015,5,1.0
98,1.0,1.0,0.0,1.0,6.0,7,21.57571492117666,97.1718318733706,pobre,0,2,0.0,730.0,1.0,55.0,13,502,6015,5,1.0
97,0.0,1.0,0.0,1.0,2.0,7,21.57571492117666,97.1718318733706,pobre,0,2,0.0,730.0,1.0,55.0,6,502,6016,2,1.0
98,0.0,1.0,0.0,1.0,3.0,7,21.57571492117666,97.1718318733706,pobre,0,2,0.0,730.0,1.0,55.0,7,502,6016,2,1.0
97,1.0,1.0,0.0,1.0,5.0,5,21.57571492117666,97.1718318733706,pobre,0,0,500.0,632.0,1.0,58.0,13,502,6017,5,1.0
98,1.0,1.0,0.0,1.0,5.0,5,21.57571492117666,97.1718318733706,pobre,0,0,500.0,632.0,1.0,58.0,14,502,6017,5,1.0
97,0.0,1.0,0.0,1.0,3.0,5,21.57571492117666,97.1718318733706,pobre,0,0,500.0,632.0,1.0,58.0,11,502,6018,3,1.0
98,0.0,1.0,0.0,1.0,4.0,5,21.57571492117666,97.1718318733706,pobre,0,0,500.0,632.0,1.0,58.0,12,502,6018,3,1.0
97,0.0,1.0,0.0,1.0,2.0,8,21.57571492117666,97.1718318733706,pobre,0,0,500.0,563.0,1.0,19.0,12,502,6019,2,1.0
98,0.0,1.0,0.0,0.0,3.0,8,21.57571492117666,97.1718318733706,pobre,0,0,500.0,563.0,1.0,19.0,13,502,6019,2,1.0
97,1.0,1.0,0.0,1.0,2.0,8,21.57571492117666,97.1718318733706,pobre,0,0,500.0,563.0,1.0,19.0,9,502,6020,2,1.0
98,1.0,1.0,0.0,1.0,3.0,8,21.57571492117666,97.1718318733706,pobre,0,0,500.0,563.0,1.0,19.0,10,502,6020,2,1.0
97,1.0,1.0,0.0,1.0,2.0,8,21.57571492117666,97.1718318733706,pobre,0,0,500.0,563.0,1.0,19.0,6,502,6021,2,1.0
98,1.0,1.0,0.0,1.0,2.0,8,21.57571492117666,97.1718318733706,pobre,0,0,500.0,563.0,1.0,19.0,7,502,6021,2,1.0
97,0.0,1.0,0.0,1.0,5.0,5,21.57571492117666,97.1718318733706,no pobre,0,3,500.0,819.5,1.0,49.0,12,502,6022,5,1.0
98,0.0,1.0,0.0,1.0,6.0,5,21.57571492117666,97.1718318733706,no pobre,0,3,500.0,819.5,1.0,49.0,13,502,6022,5,1.0
97,0.0,1.0,0.0,1.0,2.0,7,21.57571492117666,97.1718318733706,pobre,0,1,500.0,481.0,1.0,48.0,8,502,6023,2,1.0
98,0.0,1.0,0.0,,,7,21.57571492117666,97.1718318733706,pobre,0,1,500.0,481.0,1.0,48.0,9,502,6023,2,1.0
97,1.0,1.0,0.0,1.0,0.0,7,21.57571492117666,97.1718318733706,pobre,0,1,500.0,481.0,1.0,48.0,7,502,6024,0,1.0
98,1.0,1.0,0.0,,,7,21.57571492117666,97.1718318733706,pobre,0,1,500.0,481.0,1.0,48.0,8,502,6024,0,1.0
97,0.0,1.0,0.0,1.0,4.0,3,21.57571492117666,97.1718318733706,no pobre,0,0,500.0,787.0,1.0,35.0,14,502,6025,4,1.0
98,0.0,1.0,0.0,1.0,5.0,3,21.57571492117666,97.1718318733706,no pobre,0,0,500.0,787.0,1.0,35.0,15,502,6025,4,1.0
97,1.0,1.0,0.0,1.0,4.0,3,21.57571492117666,97.1718318733706,pobre,0,0,500.0,667.0,1.0,60.0,12,502,6026,4,1.0
98,1.0,1.0,0.0,1.0,5.0,3,21.57571492117666,97.1718318733706,pobre,0,0,500.0,667.0,1.0,60.0,13,502,6026,4,1.0
97,1.0,1.0,0.0,1.0,1.0,3,21.57571492117666,97.1718318733706,pobre,0,0,0.0,636.0,0.0,64.0,7,502,6027,1,1.0
98,1.0,1.0,0.0,1.0,2.0,3,21.57571492117666,97.1718318733706,pobre,0,0,0.0,636.0,0.0,64.0,8,502,6027,1,1.0
97,0.0,0.0,0.0,0.0,9.0,6,21.57571492117666,97.1718318733706,pobre,0,10,625.0,814.0,1.0,39.0,16,502,6028,9,0.0
98,0.0,0.0,0.0,,,6,21.57571492117666,97.1718318733706,pobre,0,10,625.0,814.0,1.0,39.0,17,502,6028,9,0.0
97,1.0,0.0,0.0,1.0,9.0,6,21.57571492117666,97.1718318733706,pobre,0,10,625.0,814.0,1.0,39.0,15,502,6029,9,1.0
98,1.0,0.0,0.0,,,6,21.57571492117666,97.1718318733706,pobre,0,10,625.0,814.0,1.0,39.0,16,502,6029,9,1.0
97,1.0,0.0,0.0,1.0,5.0,6,21.57571492117666,97.1718318733706,pobre,0,10,625.0,814.0,1.0,39.0,11,502,6030,5,1.0
98,1.0,0.0,0.0,0.0,6.0,6,21.57571492117666,97.1718318733706,pobre,0,10,625.0,814.0,1.0,39.0,12,502,6030,5,1.0
97,0.0,0.0,0.0,1.0,4.0,6,21.57571492117666,97.1718318733706,pobre,0,10,625.0,814.0,1.0,39.0,10,502,6031,4,1.0
98,0.0,0.0,0.0,1.0,5.0,6,21.57571492117666,97.1718318733706,pobre,0,10,625.0,814.0,1.0,39.0,11,502,6031,4,1.0
97,1.0,0.0,2.6930001,1.0,8.0,4,122.6335278460897,132.5405966011195,no pobre,0,3,625.0,774.0,1.0,35.0,14,395,6032,8,1.0
98,1.0,0.0,2.6930001,1.0,8.0,4,122.6335278460897,132.5405966011195,no pobre,0,3,625.0,774.0,1.0,35.0,15,395,6032,8,1.0
97,1.0,0.0,2.6930001,1.0,6.0,4,122.6335278460897,132.5405966011195,no pobre,0,3,625.0,774.0,1.0,35.0,12,395,6033,6,1.0
98,1.0,0.0,2.6930001,0.0,6.0,4,122.6335278460897,132.5405966011195,no pobre,0,3,625.0,774.0,1.0,35.0,13,395,6033,6,1.0
97,1.0,0.0,2.6930001,1.0,0.0,6,122.6335278460897,132.5405966011195,pobre,0,0,625.0,468.0,1.0,25.0,7,395,6034,0,1.0
98,1.0,0.0,2.6930001,1.0,1.0,6,122.6335278460897,132.5405966011195,pobre,0,0,625.0,468.0,1.0,25.0,8,395,6034,0,1.0
97,0.0,0.0,2.6930001,0.0,6.0,6,122.6335278460897,132.5405966011195,pobre,0,1,625.0,744.0,1.0,36.0,13,395,6035,6,0.0
98,0.0,0.0,2.6930001,0.0,6.0,6,122.6335278460897,132.5405966011195,pobre,0,1,625.0,744.0,1.0,36.0,14,395,6035,6,0.0
97,1.0,0.0,2.6930001,1.0,3.0,6,122.6335278460897,132.5405966011195,pobre,0,1,625.0,744.0,1.0,36.0,11,395,6036,3,1.0
98,1.0,0.0,2.6930001,1.0,4.0,6,122.6335278460897,132.5405966011195,pobre,0,1,625.0,744.0,1.0,36.0,12,395,6036,3,1.0
97,1.0,0.0,2.6930001,1.0,2.0,6,122.6335278460897,132.5405966011195,pobre,0,1,625.0,744.0,1.0,36.0,9,395,6037,2,1.0
98,1.0,0.0,2.6930001,1.0,3.0,6,122.6335278460897,132.5405966011195,pobre,0,1,625.0,744.0,1.0,36.0,10,395,6037,2,1.0
97,0.0,0.0,2.6930001,1.0,1.0,6,122.6335278460897,132.5405966011195,pobre,0,1,625.0,744.0,1.0,36.0,7,395,6038,1,1.0
98,0.0,0.0,2.6930001,1.0,2.0,6,122.6335278460897,132.5405966011195,pobre,0,1,625.0,744.0,1.0,36.0,8,395,6038,1,1.0
97,1.0,0.0,2.6930001,1.0,3.0,7,122.6335278460897,132.5405966011195,pobre,0,4,500.0,721.5,1.0,25.0,9,395,6039,3,1.0
98,1.0,0.0,2.6930001,1.0,4.0,7,122.6335278460897,132.5405966011195,pobre,0,4,500.0,721.5,1.0,25.0,10,395,6039,3,1.0
97,1.0,0.0,2.6930001,1.0,2.0,7,122.6335278460897,132.5405966011195,pobre,0,4,500.0,721.5,1.0,25.0,8,395,6040,2,1.0
98,1.0,0.0,2.6930001,1.0,2.0,7,122.6335278460897,132.5405966011195,pobre,0,4,500.0,721.5,1.0,25.0,9,395,6040,2,1.0
97,1.0,0.0,2.6930001,,0.0,5,122.6335278460897,132.5405966011195,pobre,0,0,625.0,661.5,1.0,33.0,12,395,6041,0,
98,1.0,0.0,2.6930001,,,5,122.6335278460897,132.5405966011195,pobre,0,0,625.0,661.5,1.0,33.0,13,395,6041,0,
97,1.0,0.0,2.6930001,1.0,2.0,5,122.6335278460897,132.5405966011195,pobre,0,0,625.0,661.5,1.0,33.0,10,395,6042,2,1.0
98,1.0,0.0,2.6930001,,,5,122.6335278460897,132.5405966011195,pobre,0,0,625.0,661.5,1.0,33.0,11,395,6042,2,1.0
97,0.0,0.0,2.6930001,1.0,5.0,6,122.6335278460897,132.5405966011195,no pobre,0,4,500.0,1114.0,1.0,51.0,11,395,6043,5,1.0
98,0.0,0.0,2.6930001,1.0,5.0,6,122.6335278460897,132.5405966011195,no pobre,0,4,500.0,1114.0,1.0,51.0,12,395,6043,5,1.0
97,0.0,0.0,2.6930001,0.0,3.0,10,122.6335278460897,132.5405966011195,pobre,0,3,625.0,581.33002,1.0,47.0,15,395,6044,3,0.0
98,0.0,0.0,2.6930001,0.0,3.0,10,122.6335278460897,132.5405966011195,pobre,0,3,625.0,581.33002,1.0,47.0,16,395,6044,3,0.0
97,0.0,0.0,2.6930001,0.0,3.0,10,122.6335278460897,132.5405966011195,pobre,0,3,625.0,581.33002,1.0,47.0,14,395,6045,3,0.0
98,0.0,0.0,2.6930001,0.0,3.0,10,122.6335278460897,132.5405966011195,pobre,0,3,625.0,581.33002,1.0,47.0,15,395,6045,3,0.0
97,1.0,0.0,2.6930001,1.0,1.0,10,122.6335278460897,132.5405966011195,pobre,0,3,625.0,581.33002,1.0,47.0,9,395,6046,1,1.0
98,1.0,0.0,2.6930001,1.0,2.0,10,122.6335278460897,132.5405966011195,pobre,0,3,625.0,581.33002,1.0,47.0,10,395,6046,1,1.0
97,0.0,0.0,2.6930001,,0.0,10,122.6335278460897,132.5405966011195,pobre,0,3,625.0,581.33002,1.0,47.0,6,395,6047,0,
98,0.0,0.0,2.6930001,1.0,1.0,10,122.6335278460897,132.5405966011195,pobre,0,3,625.0,581.33002,1.0,47.0,7,395,6047,0,
97,0.0,0.0,2.6930001,1.0,4.0,6,122.6335278460897,132.5405966011195,pobre,0,2,625.0,584.0,1.0,31.0,12,395,6048,4,1.0
98,0.0,0.0,2.6930001,1.0,5.0,6,122.6335278460897,132.5405966011195,pobre,0,2,625.0,584.0,1.0,31.0,13,395,6048,4,1.0
97,1.0,0.0,2.6930001,1.0,1.0,6,122.6335278460897,132.5405966011195,pobre,0,2,625.0,584.0,1.0,31.0,11,395,6049,1,1.0
98,1.0,0.0,2.6930001,1.0,2.0,6,122.6335278460897,132.5405966011195,pobre,0,2,625.0,584.0,1.0,31.0,12,395,6049,1,1.0
97,1.0,0.0,2.6930001,1.0,1.0,6,122.6335278460897,132.5405966011195,pobre,0,2,625.0,584.0,1.0,31.0,9,395,6050,1,1.0
98,1.0,0.0,2.6930001,1.0,2.0,6,122.6335278460897,132.5405966011195,pobre,0,2,625.0,584.0,1.0,31.0,10,395,6050,1,1.0
97,1.0,0.0,2.6930001,0.0,1.0,6,122.6335278460897,132.5405966011195,pobre,0,0,625.0,681.0,1.0,56.0,12,395,6051,1,0.0
98,1.0,0.0,2.6930001,0.0,1.0,6,122.6335278460897,132.5405966011195,pobre,0,0,625.0,681.0,1.0,56.0,13,395,6051,1,0.0
97,1.0,0.0,2.6930001,1.0,1.0,6,122.6335278460897,132.5405966011195,pobre,0,0,625.0,681.0,1.0,56.0,9,395,6052,1,1.0
98,1.0,0.0,2.6930001,1.0,2.0,6,122.6335278460897,132.5405966011195,pobre,0,0,625.0,681.0,1.0,56.0,10,395,6052,1,1.0
97,1.0,0.0,2.6930001,1.0,1.0,6,122.6335278460897,132.5405966011195,pobre,0,0,625.0,681.0,1.0,56.0,6,395,6053,1,1.0
98,1.0,0.0,2.6930001,1.0,0.0,6,122.6335278460897,132.5405966011195,pobre,0,0,625.0,681.0,1.0,56.0,7,395,6053,1,1.0
97,1.0,0.0,2.6930001,1.0,3.0,3,122.6335278460897,132.5405966011195,no pobre,0,6,625.0,1010.5,1.0,50.0,8,395,6054,3,1.0
98,1.0,0.0,2.6930001,1.0,3.0,3,122.6335278460897,132.5405966011195,no pobre,0,6,625.0,1010.5,1.0,50.0,9,395,6054,3,1.0
97,0.0,0.0,2.6930001,1.0,1.0,4,122.6335278460897,132.5405966011195,pobre,0,6,450.0,761.0,0.0,20.0,6,395,6055,1,1.0
98,0.0,0.0,2.6930001,1.0,2.0,4,122.6335278460897,132.5405966011195,pobre,0,6,450.0,761.0,0.0,20.0,7,395,6055,1,1.0
97,0.0,0.0,2.6930001,1.0,5.0,4,122.6335278460897,132.5405966011195,no pobre,0,3,0.0,809.0,1.0,34.0,13,395,6056,5,1.0
98,0.0,0.0,2.6930001,0.0,6.0,4,122.6335278460897,132.5405966011195,no pobre,0,3,0.0,809.0,1.0,34.0,14,395,6056,5,1.0
97,0.0,0.0,2.6930001,1.0,3.0,4,122.6335278460897,132.5405966011195,no pobre,0,3,0.0,809.0,1.0,34.0,10,395,6057,3,1.0
98,0.0,0.0,2.6930001,1.0,4.0,4,122.6335278460897,132.5405966011195,no pobre,0,3,0.0,809.0,1.0,34.0,11,395,6057,3,1.0
97,1.0,0.0,1.368,0.0,6.0,8,110.4427600563177,130.5793913323409,pobre,0,0,500.0,808.0,1.0,44.0,16,396,6058,6,0.0
98,1.0,0.0,1.368,,,8,110.4427600563177,130.5793913323409,pobre,0,0,500.0,808.0,1.0,44.0,17,396,6058,6,0.0
97,0.0,0.0,1.368,1.0,5.0,8,110.4427600563177,130.5793913323409,pobre,0,0,500.0,808.0,1.0,44.0,14,396,6059,5,1.0
98,0.0,0.0,1.368,,,8,110.4427600563177,130.5793913323409,pobre,0,0,500.0,808.0,1.0,44.0,15,396,6059,5,1.0
97,1.0,0.0,1.368,1.0,5.0,8,110.4427600563177,130.5793913323409,pobre,0,0,500.0,808.0,1.0,44.0,10,396,6060,5,1.0
98,1.0,0.0,1.368,,,8,110.4427600563177,130.5793913323409,pobre,0,0,500.0,808.0,1.0,44.0,11,396,6060,5,1.0
97,0.0,0.0,1.368,1.0,3.0,8,110.4427600563177,130.5793913323409,pobre,0,0,500.0,808.0,1.0,44.0,6,396,6061,3,1.0
98,0.0,0.0,1.368,1.0,1.0,8,110.4427600563177,130.5793913323409,pobre,0,0,500.0,808.0,1.0,44.0,7,396,6061,3,1.0
97,1.0,0.0,1.368,1.0,2.0,6,110.4427600563177,130.5793913323409,pobre,0,2,625.0,620.0,1.0,28.0,8,396,6062,2,1.0
98,1.0,0.0,1.368,1.0,3.0,6,110.4427600563177,130.5793913323409,pobre,0,2,625.0,620.0,1.0,28.0,9,396,6062,2,1.0
97,1.0,0.0,1.368,1.0,1.0,6,110.4427600563177,130.5793913323409,pobre,0,2,625.0,620.0,1.0,28.0,7,396,6063,1,1.0
98,1.0,0.0,1.368,1.0,2.0,6,110.4427600563177,130.5793913323409,pobre,0,2,625.0,620.0,1.0,28.0,8,396,6063,1,1.0
97,0.0,0.0,1.368,1.0,3.0,6,110.4427600563177,130.5793913323409,pobre,0,2,625.0,620.0,1.0,28.0,6,396,6064,3,1.0
98,0.0,0.0,1.368,1.0,1.0,6,110.4427600563177,130.5793913323409,pobre,0,2,625.0,620.0,1.0,28.0,7,396,6064,3,1.0
97,0.0,0.0,2.6930001,1.0,3.0,7,122.6335278460897,132.5405966011195,pobre,0,0,625.0,814.75,1.0,38.0,15,395,6065,3,1.0
98,0.0,0.0,2.6930001,1.0,4.0,7,122.6335278460897,132.5405966011195,pobre,0,0,625.0,814.75,1.0,38.0,16,395,6065,3,1.0
97,1.0,0.0,2.6930001,1.0,4.0,7,122.6335278460897,132.5405966011195,pobre,0,0,625.0,814.75,1.0,38.0,12,395,6066,4,1.0
98,1.0,0.0,2.6930001,1.0,5.0,7,122.6335278460897,132.5405966011195,pobre,0,0,625.0,814.75,1.0,38.0,13,395,6066,4,1.0
97,1.0,0.0,2.6930001,1.0,0.0,5,122.6335278460897,132.5405966011195,pobre,0,6,625.0,514.0,1.0,28.0,6,395,6067,0,1.0
98,1.0,0.0,2.6930001,1.0,1.0,5,122.6335278460897,132.5405966011195,pobre,0,6,625.0,514.0,1.0,28.0,7,395,6067,0,1.0
97,1.0,0.0,1.368,1.0,5.0,3,110.4427600563177,130.5793913323409,pobre,0,0,0.0,752.0,0.0,65.0,11,396,6068,5,1.0
98,1.0,0.0,1.368,,,3,110.4427600563177,130.5793913323409,pobre,0,0,0.0,752.0,0.0,65.0,12,396,6068,5,1.0
97,1.0,0.0,1.368,1.0,10.0,4,110.4427600563177,130.5793913323409,no pobre,0,0,480.0,771.0,1.0,69.0,16,396,6069,10,1.0
98,1.0,0.0,1.368,,,4,110.4427600563177,130.5793913323409,no pobre,0,0,480.0,771.0,1.0,69.0,17,396,6069,10,1.0
97,1.0,0.0,1.368,1.0,11.0,7,110.4427600563177,130.5793913323409,no pobre,0,2,625.0,925.33002,1.0,36.0,16,396,6070,11,1.0
98,1.0,0.0,1.368,,,7,110.4427600563177,130.5793913323409,no pobre,0,2,625.0,925.33002,1.0,36.0,17,396,6070,11,1.0
97,1.0,0.0,1.368,1.0,9.0,7,110.4427600563177,130.5793913323409,no pobre,0,2,625.0,925.33002,1.0,36.0,15,396,6071,9,1.0
98,1.0,0.0,1.368,,,7,110.4427600563177,130.5793913323409,no pobre,0,2,625.0,925.33002,1.0,36.0,16,396,6071,9,1.0
97,1.0,0.0,1.368,1.0,7.0,7,110.4427600563177,130.5793913323409,no pobre,0,2,625.0,925.33002,1.0,36.0,12,396,6072,7,1.0
98,1.0,0.0,1.368,,,7,110.4427600563177,130.5793913323409,no pobre,0,2,625.0,925.33002,1.0,36.0,13,396,6072,7,1.0
97,0.0,0.0,1.368,0.0,7.0,7,110.4427600563177,130.5793913323409,pobre,0,1,625.0,660.33002,1.0,50.0,16,396,6073,7,0.0
98,0.0,0.0,1.368,,,7,110.4427600563177,130.5793913323409,pobre,0,1,625.0,660.33002,1.0,50.0,17,396,6073,7,0.0
97,0.0,0.0,1.368,0.0,6.0,7,110.4427600563177,130.5793913323409,pobre,0,1,625.0,660.33002,1.0,50.0,13,396,6074,6,0.0
98,0.0,0.0,1.368,1.0,7.0,7,110.4427600563177,130.5793913323409,pobre,0,1,625.0,660.33002,1.0,50.0,14,396,6074,6,0.0
97,0.0,0.0,1.368,0.0,6.0,7,110.4427600563177,130.5793913323409,pobre,0,1,625.0,660.33002,1.0,50.0,13,396,6075,6,0.0
98,0.0,0.0,1.368,1.0,7.0,7,110.4427600563177,130.5793913323409,pobre,0,1,625.0,660.33002,1.0,50.0,14,396,6075,6,0.0
97,1.0,0.0,1.368,1.0,4.0,7,110.4427600563177,130.5793913323409,pobre,0,1,625.0,660.33002,1.0,50.0,10,396,6076,4,1.0
98,1.0,0.0,1.368,1.0,5.0,7,110.4427600563177,130.5793913323409,pobre,0,1,625.0,660.33002,1.0,50.0,11,396,6076,4,1.0
97,1.0,0.0,1.368,0.0,7.0,7,110.4427600563177,130.5793913323409,pobre,0,1,750.0,725.33002,1.0,39.0,13,396,6077,7,0.0
98,1.0,0.0,1.368,1.0,7.0,7,110.4427600563177,130.5793913323409,pobre,0,1,750.0,725.33002,1.0,39.0,14,396,6077,7,0.0
97,1.0,0.0,1.368,1.0,5.0,7,110.4427600563177,130.5793913323409,pobre,0,1,750.0,725.33002,1.0,39.0,11,396,6078,5,1.0
98,1.0,0.0,1.368,1.0,6.0,7,110.4427600563177,130.5793913323409,pobre,0,1,750.0,725.33002,1.0,39.0,12,396,6078,5,1.0
97,1.0,0.0,1.368,1.0,3.0,7,110.4427600563177,130.5793913323409,pobre,0,1,750.0,725.33002,1.0,39.0,8,396,6079,3,1.0
98,1.0,0.0,1.368,1.0,4.0,7,110.4427600563177,130.5793913323409,pobre,0,1,750.0,725.33002,1.0,39.0,9,396,6079,3,1.0
97,1.0,0.0,1.368,1.0,0.0,7,110.4427600563177,130.5793913323409,pobre,0,1,750.0,725.33002,1.0,39.0,6,396,6080,0,1.0
98,1.0,0.0,1.368,1.0,1.0,7,110.4427600563177,130.5793913323409,pobre,0,1,750.0,725.33002,1.0,39.0,7,396,6080,0,1.0
97,1.0,0.0,1.368,1.0,3.0,5,110.4427600563177,130.5793913323409,pobre,0,0,625.0,628.0,1.0,27.0,6,396,6081,3,1.0
98,1.0,0.0,1.368,1.0,1.0,5,110.4427600563177,130.5793913323409,pobre,0,0,625.0,628.0,1.0,27.0,7,396,6081,3,1.0
97,0.0,0.0,1.368,0.0,8.0,6,110.4427600563177,130.5793913323409,no pobre,0,0,750.0,794.0,1.0,80.0,15,396,6082,8,0.0
98,0.0,0.0,1.368,1.0,8.0,6,110.4427600563177,130.5793913323409,no pobre,0,0,750.0,794.0,1.0,80.0,16,396,6082,8,0.0
97,1.0,0.0,1.368,1.0,7.0,6,110.4427600563177,130.5793913323409,no pobre,0,0,750.0,794.0,1.0,80.0,14,396,6083,7,1.0
98,1.0,0.0,1.368,1.0,8.0,6,110.4427600563177,130.5793913323409,no pobre,0,0,750.0,794.0,1.0,80.0,15,396,6083,7,1.0
97,1.0,0.0,1.368,1.0,5.0,6,110.4427600563177,130.5793913323409,no pobre,0,0,750.0,794.0,1.0,80.0,12,396,6084,5,1.0
98,1.0,0.0,1.368,1.0,6.0,6,110.4427600563177,130.5793913323409,no pobre,0,0,750.0,794.0,1.0,80.0,13,396,6084,5,1.0
97,1.0,0.0,1.368,,0.0,8,110.4427600563177,130.5793913323409,pobre,0,0,500.0,740.17999,1.0,47.0,14,396,6085,0,
98,1.0,0.0,1.368,0.0,3.0,8,110.4427600563177,130.5793913323409,pobre,0,0,500.0,740.17999,1.0,47.0,15,396,6085,0,
97,1.0,0.0,1.368,1.0,1.0,8,110.4427600563177,130.5793913323409,pobre,0,0,500.0,740.17999,1.0,47.0,11,396,6086,1,1.0
98,1.0,0.0,1.368,1.0,2.0,8,110.4427600563177,130.5793913323409,pobre,0,0,500.0,740.17999,1.0,47.0,12,396,6086,1,1.0
97,1.0,0.0,1.368,1.0,0.0,8,110.4427600563177,130.5793913323409,pobre,0,0,500.0,740.17999,1.0,47.0,7,396,6087,0,1.0
98,1.0,0.0,1.368,1.0,1.0,8,110.4427600563177,130.5793913323409,pobre,0,0,500.0,740.17999,1.0,47.0,8,396,6087,0,1.0
97,1.0,0.0,1.368,1.0,0.0,8,110.4427600563177,130.5793913323409,pobre,0,0,500.0,740.17999,1.0,47.0,6,396,6088,0,1.0
98,1.0,0.0,1.368,1.0,1.0,8,110.4427600563177,130.5793913323409,pobre,0,0,500.0,740.17999,1.0,47.0,7,396,6088,0,1.0
97,0.0,0.0,1.368,,0.0,7,110.4427600563177,130.5793913323409,pobre,0,1,625.0,734.5,1.0,47.0,16,396,6089,0,
98,0.0,0.0,1.368,,,7,110.4427600563177,130.5793913323409,pobre,0,1,625.0,734.5,1.0,47.0,17,396,6089,0,
97,0.0,0.0,1.368,0.0,6.0,7,110.4427600563177,130.5793913323409,pobre,0,1,625.0,734.5,1.0,47.0,13,396,6090,6,0.0
98,0.0,0.0,1.368,1.0,6.0,7,110.4427600563177,130.5793913323409,pobre,0,1,625.0,734.5,1.0,47.0,14,396,6090,6,0.0
97,1.0,0.0,1.368,1.0,3.0,7,110.4427600563177,130.5793913323409,pobre,0,1,625.0,734.5,1.0,47.0,10,396,6091,3,1.0
98,1.0,0.0,1.368,1.0,3.0,7,110.4427600563177,130.5793913323409,pobre,0,1,625.0,734.5,1.0,47.0,11,396,6091,3,1.0
97,1.0,0.0,1.368,1.0,7.0,9,110.4427600563177,130.5793913323409,pobre,0,0,925.0,483.0,1.0,46.0,15,396,6092,7,1.0
98,1.0,0.0,1.368,1.0,8.0,9,110.4427600563177,130.5793913323409,pobre,0,0,925.0,483.0,1.0,46.0,16,396,6092,7,1.0
97,1.0,0.0,1.368,1.0,4.0,9,110.4427600563177,130.5793913323409,pobre,0,0,925.0,483.0,1.0,46.0,11,396,6093,4,1.0
98,1.0,0.0,1.368,1.0,5.0,9,110.4427600563177,130.5793913323409,pobre,0,0,925.0,483.0,1.0,46.0,12,396,6093,4,1.0
97,0.0,0.0,1.368,1.0,1.0,9,110.4427600563177,130.5793913323409,pobre,0,0,925.0,483.0,1.0,46.0,8,396,6094,1,1.0
98,0.0,0.0,1.368,1.0,2.0,9,110.4427600563177,130.5793913323409,pobre,0,0,925.0,483.0,1.0,46.0,9,396,6094,1,1.0
97,1.0,0.0,1.368,1.0,1.0,9,110.4427600563177,130.5793913323409,pobre,0,0,925.0,483.0,1.0,46.0,6,396,6095,1,1.0
98,1.0,0.0,1.368,1.0,1.0,9,110.4427600563177,130.5793913323409,pobre,0,0,925.0,483.0,1.0,46.0,7,396,6095,1,1.0
97,1.0,0.0,1.368,1.0,5.0,5,110.4427600563177,130.5793913323409,pobre,0,2,750.0,641.0,1.0,40.0,9,396,6096,5,1.0
98,1.0,0.0,1.368,1.0,6.0,5,110.4427600563177,130.5793913323409,pobre,0,2,750.0,641.0,1.0,40.0,10,396,6096,5,1.0
97,0.0,0.0,1.368,1.0,2.0,5,110.4427600563177,130.5793913323409,pobre,0,2,750.0,641.0,1.0,40.0,6,396,6097,2,1.0
98,0.0,0.0,1.368,1.0,2.0,5,110.4427600563177,130.5793913323409,pobre,0,2,750.0,641.0,1.0,40.0,7,396,6097,2,1.0
97,1.0,0.0,1.368,1.0,4.0,8,110.4427600563177,130.5793913323409,pobre,0,1,500.0,591.0,1.0,29.0,12,396,6098,4,1.0
98,1.0,0.0,1.368,1.0,4.0,8,110.4427600563177,130.5793913323409,pobre,0,1,500.0,591.0,1.0,29.0,13,396,6098,4,1.0
97,0.0,0.0,1.368,1.0,4.0,8,110.4427600563177,130.5793913323409,pobre,0,1,500.0,591.0,1.0,29.0,10,396,6099,4,1.0
98,0.0,0.0,1.368,1.0,4.0,8,110.4427600563177,130.5793913323409,pobre,0,1,500.0,591.0,1.0,29.0,11,396,6099,4,1.0
97,1.0,0.0,1.368,1.0,1.0,8,110.4427600563177,130.5793913323409,pobre,0,1,500.0,591.0,1.0,29.0,7,396,6100,1,1.0
98,1.0,0.0,1.368,1.0,1.0,8,110.4427600563177,130.5793913323409,pobre,0,1,500.0,591.0,1.0,29.0,8,396,6100,1,1.0
97,0.0,0.0,1.368,0.0,2.0,5,110.4427600563177,130.5793913323409,pobre,0,2,0.0,741.5,1.0,95.0,16,396,6101,2,0.0
98,0.0,0.0,1.368,,,5,110.4427600563177,130.5793913323409,pobre,0,2,0.0,741.5,1.0,95.0,17,396,6101,2,0.0
97,1.0,0.0,1.368,0.0,6.0,7,110.4427600563177,130.5793913323409,pobre,0,0,625.0,717.5,1.0,44.0,16,396,6102,6,0.0
98,1.0,0.0,1.368,,,7,110.4427600563177,130.5793913323409,pobre,0,0,625.0,717.5,1.0,44.0,17,396,6102,6,0.0
97,0.0,0.0,1.368,0.0,6.0,7,110.4427600563177,130.5793913323409,pobre,0,0,625.0,717.5,1.0,44.0,13,396,6103,6,0.0
98,0.0,0.0,1.368,0.0,6.0,7,110.4427600563177,130.5793913323409,pobre,0,0,625.0,717.5,1.0,44.0,14,396,6103,6,0.0
97,0.0,0.0,1.368,1.0,4.0,7,110.4427600563177,130.5793913323409,pobre,0,0,625.0,717.5,1.0,44.0,10,396,6104,4,1.0
98,0.0,0.0,1.368,1.0,5.0,7,110.4427600563177,130.5793913323409,pobre,0,0,625.0,717.5,1.0,44.0,11,396,6104,4,1.0
97,1.0,0.0,1.0,1.0,2.0,10,134.2296087931839,148.6771370965861,pobre,basal,2,625.0,783.66998,1.0,57.0,8,494,6105,2,1.0
98,1.0,0.0,1.0,1.0,3.0,10,134.2296087931839,148.6771370965861,pobre,basal,2,625.0,783.66998,1.0,57.0,9,494,6105,2,1.0
97,1.0,0.0,1.0,1.0,1.0,9,134.2296087931839,148.6771370965861,no pobre,basal,4,0.0,890.0,1.0,67.0,7,494,6106,1,1.0
98,1.0,0.0,1.0,1.0,2.0,9,134.2296087931839,148.6771370965861,no pobre,basal,4,0.0,890.0,1.0,67.0,8,494,6106,1,1.0
97,0.0,0.0,1.0,0.0,6.0,3,134.2296087931839,148.6771370965861,no pobre,basal,0,625.0,795.0,1.0,60.0,16,494,6107,6,0.0
98,0.0,0.0,1.0,,,3,134.2296087931839,148.6771370965861,no pobre,basal,0,625.0,795.0,1.0,60.0,17,494,6107,6,0.0
97,1.0,0.0,1.0,1.0,4.0,4,134.2296087931839,148.6771370965861,pobre,basal,8,0.0,765.0,1.0,36.0,10,494,6108,4,1.0
98,1.0,0.0,1.0,1.0,5.0,4,134.2296087931839,148.6771370965861,pobre,basal,8,0.0,765.0,1.0,36.0,11,494,6108,4,1.0
97,0.0,0.0,1.0,1.0,2.0,3,134.2296087931839,148.6771370965861,no pobre,basal,3,750.0,869.5,1.0,29.0,8,494,6109,2,1.0
98,0.0,0.0,1.0,1.0,3.0,3,134.2296087931839,148.6771370965861,no pobre,basal,3,750.0,869.5,1.0,29.0,9,494,6109,2,1.0
97,1.0,0.0,1.0,1.0,5.0,6,134.2296087931839,148.6771370965861,no pobre,basal,6,750.0,781.0,1.0,34.0,11,494,6110,5,1.0
98,1.0,0.0,1.0,1.0,6.0,6,134.2296087931839,148.6771370965861,no pobre,basal,6,750.0,781.0,1.0,34.0,12,494,6110,5,1.0
97,1.0,0.0,1.0,1.0,2.0,6,134.2296087931839,148.6771370965861,no pobre,basal,6,750.0,781.0,1.0,34.0,8,494,6111,2,1.0
98,1.0,0.0,1.0,1.0,3.0,6,134.2296087931839,148.6771370965861,no pobre,basal,6,750.0,781.0,1.0,34.0,9,494,6111,2,1.0
97,1.0,0.0,1.0,0.0,9.0,11,134.2296087931839,148.6771370965861,no pobre,basal,8,275.0,814.0,1.0,44.0,16,494,6112,9,0.0
98,1.0,0.0,1.0,,,11,134.2296087931839,148.6771370965861,no pobre,basal,8,275.0,814.0,1.0,44.0,17,494,6112,9,0.0
97,0.0,0.0,1.0,1.0,7.0,11,134.2296087931839,148.6771370965861,no pobre,basal,8,275.0,814.0,1.0,44.0,13,494,6113,7,1.0
98,0.0,0.0,1.0,1.0,8.0,11,134.2296087931839,148.6771370965861,no pobre,basal,8,275.0,814.0,1.0,44.0,14,494,6113,7,1.0
97,1.0,0.0,1.0,1.0,4.0,11,134.2296087931839,148.6771370965861,no pobre,basal,8,275.0,814.0,1.0,44.0,10,494,6114,4,1.0
98,1.0,0.0,1.0,1.0,5.0,11,134.2296087931839,148.6771370965861,no pobre,basal,8,275.0,814.0,1.0,44.0,11,494,6114,4,1.0
97,1.0,0.0,1.0,0.0,9.0,3,134.2296087931839,148.6771370965861,pobre,basal,0,0.0,761.0,0.0,53.0,16,494,6115,9,0.0
98,1.0,0.0,1.0,,,3,134.2296087931839,148.6771370965861,pobre,basal,0,0.0,761.0,0.0,53.0,17,494,6115,9,0.0
97,1.0,0.0,1.0,1.0,2.0,3,134.2296087931839,148.6771370965861,pobre,basal,0,0.0,761.0,0.0,53.0,8,494,6116,2,1.0
98,1.0,0.0,1.0,1.0,3.0,3,134.2296087931839,148.6771370965861,pobre,basal,0,0.0,761.0,0.0,53.0,9,494,6116,2,1.0
97,1.0,0.0,1.0,0.0,2.0,10,134.2296087931839,148.6771370965861,pobre,basal,0,625.0,778.5,1.0,54.0,14,494,6117,2,0.0
98,1.0,0.0,1.0,,,10,134.2296087931839,148.6771370965861,pobre,basal,0,625.0,778.5,1.0,54.0,15,494,6117,2,0.0
97,0.0,0.0,1.0,0.0,1.0,10,134.2296087931839,148.6771370965861,pobre,basal,0,625.0,778.5,1.0,54.0,14,494,6118,1,0.0
98,0.0,0.0,1.0,,,10,134.2296087931839,148.6771370965861,pobre,basal,0,625.0,778.5,1.0,54.0,15,494,6118,1,0.0
97,0.0,0.0,1.0,1.0,1.0,10,134.2296087931839,148.6771370965861,pobre,basal,0,625.0,778.5,1.0,54.0,9,494,6119,1,1.0
98,0.0,0.0,1.0,1.0,2.0,10,134.2296087931839,148.6771370965861,pobre,basal,0,625.0,778.5,1.0,54.0,10,494,6119,1,1.0
97,1.0,0.0,1.0,1.0,1.0,10,134.2296087931839,148.6771370965861,pobre,basal,0,625.0,778.5,1.0,54.0,8,494,6120,1,1.0
98,1.0,0.0,1.0,1.0,2.0,10,134.2296087931839,148.6771370965861,pobre,basal,0,625.0,778.5,1.0,54.0,9,494,6120,1,1.0
97,1.0,0.0,1.0,1.0,6.0,10,134.2296087931839,148.6771370965861,pobre,basal,0,0.0,783.33002,1.0,60.0,12,494,6121,6,1.0
98,1.0,0.0,1.0,1.0,7.0,10,134.2296087931839,148.6771370965861,pobre,basal,0,0.0,783.33002,1.0,60.0,13,494,6121,6,1.0
97,1.0,0.0,1.0,1.0,2.0,10,134.2296087931839,148.6771370965861,pobre,basal,0,0.0,783.33002,1.0,60.0,8,494,6122,2,1.0
98,1.0,0.0,1.0,1.0,3.0,10,134.2296087931839,148.6771370965861,pobre,basal,0,0.0,783.33002,1.0,60.0,9,494,6122,2,1.0
97,0.0,0.0,1.0,1.0,5.0,10,134.2296087931839,148.6771370965861,pobre,basal,0,0.0,783.33002,1.0,60.0,11,494,6123,5,1.0
98,0.0,0.0,1.0,1.0,6.0,10,134.2296087931839,148.6771370965861,pobre,basal,0,0.0,783.33002,1.0,60.0,12,494,6123,5,1.0
97,1.0,0.0,1.0,1.0,5.0,4,134.2296087931839,148.6771370965861,pobre,basal,6,500.0,779.0,1.0,29.0,11,494,6124,5,1.0
98,1.0,0.0,1.0,1.0,6.0,4,134.2296087931839,148.6771370965861,pobre,basal,6,500.0,779.0,1.0,29.0,12,494,6124,5,1.0
97,0.0,0.0,1.0,1.0,1.0,4,134.2296087931839,148.6771370965861,pobre,basal,6,500.0,779.0,1.0,29.0,6,494,6125,1,1.0
98,0.0,0.0,1.0,1.0,2.0,4,134.2296087931839,148.6771370965861,pobre,basal,6,500.0,779.0,1.0,29.0,7,494,6125,1,1.0
97,1.0,0.0,1.0,1.0,1.0,4,134.2296087931839,148.6771370965861,pobre,basal,1,0.0,663.0,1.0,26.0,7,494,6126,1,1.0
98,1.0,0.0,1.0,1.0,2.0,4,134.2296087931839,148.6771370965861,pobre,basal,1,0.0,663.0,1.0,26.0,8,494,6126,1,1.0
97,1.0,0.0,1.0,1.0,8.0,7,134.2296087931839,148.6771370965861,pobre,basal,0,625.0,723.5,1.0,48.0,16,494,6127,8,1.0
98,1.0,0.0,1.0,,,7,134.2296087931839,148.6771370965861,pobre,basal,0,625.0,723.5,1.0,48.0,17,494,6127,8,1.0
97,1.0,0.0,1.0,1.0,7.0,7,134.2296087931839,148.6771370965861,pobre,basal,0,625.0,723.5,1.0,48.0,14,494,6128,7,1.0
98,1.0,0.0,1.0,1.0,8.0,7,134.2296087931839,148.6771370965861,pobre,basal,0,625.0,723.5,1.0,48.0,15,494,6128,7,1.0
97,0.0,0.0,1.0,1.0,6.0,7,134.2296087931839,148.6771370965861,pobre,basal,0,625.0,723.5,1.0,48.0,12,494,6129,6,1.0
98,0.0,0.0,1.0,1.0,6.0,7,134.2296087931839,148.6771370965861,pobre,basal,0,625.0,723.5,1.0,48.0,13,494,6129,6,1.0
97,0.0,0.0,1.0,1.0,4.0,7,134.2296087931839,148.6771370965861,pobre,basal,0,625.0,723.5,1.0,48.0,9,494,6130,4,1.0
98,0.0,0.0,1.0,1.0,4.0,7,134.2296087931839,148.6771370965861,pobre,basal,0,625.0,723.5,1.0,48.0,10,494,6130,4,1.0
97,1.0,0.0,1.0,0.0,7.0,9,134.2296087931839,148.6771370965861,pobre,basal,2,750.0,642.5,1.0,45.0,15,494,6131,7,0.0
98,1.0,0.0,1.0,,,9,134.2296087931839,148.6771370965861,pobre,basal,2,750.0,642.5,1.0,45.0,16,494,6131,7,0.0
97,0.0,0.0,1.0,0.0,2.0,9,134.2296087931839,148.6771370965861,pobre,basal,2,750.0,642.5,1.0,45.0,14,494,6132,2,0.0
98,0.0,0.0,1.0,0.0,3.0,9,134.2296087931839,148.6771370965861,pobre,basal,2,750.0,642.5,1.0,45.0,15,494,6132,2,0.0
97,0.0,0.0,1.0,0.0,6.0,9,134.2296087931839,148.6771370965861,pobre,basal,2,750.0,642.5,1.0,45.0,13,494,6133,6,0.0
98,0.0,0.0,1.0,1.0,7.0,9,134.2296087931839,148.6771370965861,pobre,basal,2,750.0,642.5,1.0,45.0,14,494,6133,6,0.0
97,1.0,0.0,1.0,1.0,5.0,9,134.2296087931839,148.6771370965861,pobre,basal,2,750.0,642.5,1.0,45.0,11,494,6134,5,1.0
98,1.0,0.0,1.0,1.0,6.0,9,134.2296087931839,148.6771370965861,pobre,basal,2,750.0,642.5,1.0,45.0,12,494,6134,5,1.0
97,0.0,0.0,1.0,1.0,3.0,2,134.2296087931839,148.6771370965861,pobre,basal,0,250.0,927.0,0.0,50.0,10,494,6135,3,1.0
98,0.0,0.0,1.0,1.0,4.0,2,134.2296087931839,148.6771370965861,pobre,basal,0,250.0,927.0,0.0,50.0,11,494,6135,3,1.0
97,1.0,0.0,1.0,1.0,4.0,6,134.2296087931839,148.6771370965861,pobre,basal,0,750.0,786.5,1.0,53.0,13,494,6136,4,1.0
98,1.0,0.0,1.0,1.0,6.0,6,134.2296087931839,148.6771370965861,pobre,basal,0,750.0,786.5,1.0,53.0,14,494,6136,4,1.0
97,1.0,0.0,1.0,1.0,2.0,6,134.2296087931839,148.6771370965861,pobre,basal,0,750.0,786.5,1.0,53.0,8,494,6137,2,1.0
98,1.0,0.0,1.0,1.0,3.0,6,134.2296087931839,148.6771370965861,pobre,basal,0,750.0,786.5,1.0,53.0,9,494,6137,2,1.0
97,0.0,0.0,1.0,0.0,8.0,8,134.2296087931839,148.6771370965861,pobre,basal,3,750.0,716.0,1.0,44.0,15,494,6138,8,0.0
98,0.0,0.0,1.0,1.0,8.0,8,134.2296087931839,148.6771370965861,pobre,basal,3,750.0,716.0,1.0,44.0,16,494,6138,8,0.0
97,1.0,0.0,1.0,1.0,6.0,8,134.2296087931839,148.6771370965861,pobre,basal,3,750.0,716.0,1.0,44.0,11,494,6139,6,1.0
98,1.0,0.0,1.0,1.0,7.0,8,134.2296087931839,148.6771370965861,pobre,basal,3,750.0,716.0,1.0,44.0,12,494,6139,6,1.0
97,0.0,0.0,1.0,1.0,9.0,3,134.2296087931839,148.6771370965861,no pobre,basal,0,625.0,871.0,1.0,51.0,14,494,6140,9,1.0
98,0.0,0.0,1.0,1.0,1.0,3,134.2296087931839,148.6771370965861,no pobre,basal,0,625.0,871.0,1.0,51.0,15,494,6140,9,1.0
97,0.0,0.0,1.0,,0.0,4,134.2296087931839,148.6771370965861,pobre,basal,7,500.0,732.0,1.0,32.0,6,494,6141,0,
98,0.0,0.0,1.0,1.0,2.0,4,134.2296087931839,148.6771370965861,pobre,basal,7,500.0,732.0,1.0,32.0,7,494,6141,0,
97,1.0,0.0,1.0,0.0,9.0,7,134.2296087931839,148.6771370965861,pobre,basal,6,750.0,718.33002,0.0,36.0,16,494,6142,9,0.0
98,1.0,0.0,1.0,,,7,134.2296087931839,148.6771370965861,pobre,basal,6,750.0,718.33002,0.0,36.0,17,494,6142,9,0.0
97,1.0,0.0,1.0,0.0,6.0,7,134.2296087931839,148.6771370965861,pobre,basal,6,750.0,718.33002,0.0,36.0,13,494,6143,6,0.0
98,1.0,0.0,1.0,1.0,6.0,7,134.2296087931839,148.6771370965861,pobre,basal,6,750.0,718.33002,0.0,36.0,14,494,6143,6,0.0
97,1.0,0.0,1.0,1.0,1.0,7,134.2296087931839,148.6771370965861,pobre,basal,6,750.0,718.33002,0.0,36.0,9,494,6144,1,1.0
98,1.0,0.0,1.0,1.0,4.0,7,134.2296087931839,148.6771370965861,pobre,basal,6,750.0,718.33002,0.0,36.0,10,494,6144,1,1.0
97,0.0,0.0,1.0,,0.0,7,134.2296087931839,148.6771370965861,pobre,basal,6,750.0,718.33002,0.0,36.0,7,494,6145,0,
98,0.0,0.0,1.0,1.0,2.0,7,134.2296087931839,148.6771370965861,pobre,basal,6,750.0,718.33002,0.0,36.0,8,494,6145,0,
97,1.0,0.0,1.0,1.0,9.0,5,134.2296087931839,148.6771370965861,no pobre,basal,6,800.0,804.5,1.0,38.0,15,494,6146,9,1.0
98,1.0,0.0,1.0,,,5,134.2296087931839,148.6771370965861,no pobre,basal,6,800.0,804.5,1.0,38.0,16,494,6146,9,1.0
97,0.0,0.0,1.0,1.0,8.0,5,134.2296087931839,148.6771370965861,no pobre,basal,6,800.0,804.5,1.0,38.0,13,494,6147,8,1.0
98,0.0,0.0,1.0,,,5,134.2296087931839,148.6771370965861,no pobre,basal,6,800.0,804.5,1.0,38.0,14,494,6147,8,1.0
97,1.0,0.0,1.0,1.0,6.0,5,134.2296087931839,148.6771370965861,no pobre,basal,6,800.0,804.5,1.0,38.0,11,494,6148,6,1.0
98,1.0,0.0,1.0,,,5,134.2296087931839,148.6771370965861,no pobre,basal,6,800.0,804.5,1.0,38.0,12,494,6148,6,1.0
97,0.0,0.0,0.0,1.0,9.0,6,39.1345138612941,89.51215788635528,pobre,0,6,680.0,714.0,1.0,58.0,16,491,6149,9,1.0
98,0.0,0.0,0.0,,,6,39.1345138612941,89.51215788635528,pobre,0,6,680.0,714.0,1.0,58.0,17,491,6149,9,1.0
97,1.0,0.0,0.0,0.0,9.0,5,39.1345138612941,89.51215788635528,no pobre,0,6,625.0,794.0,1.0,41.0,16,491,6150,9,0.0
98,1.0,0.0,0.0,,,5,39.1345138612941,89.51215788635528,no pobre,0,6,625.0,794.0,1.0,41.0,17,491,6150,9,0.0
97,1.0,0.0,0.0,0.0,9.0,5,39.1345138612941,89.51215788635528,no pobre,0,6,625.0,815.5,1.0,44.0,16,491,6151,9,0.0
98,1.0,0.0,0.0,,,5,39.1345138612941,89.51215788635528,no pobre,0,6,625.0,815.5,1.0,44.0,17,491,6151,9,0.0
97,0.0,0.0,0.0,0.0,9.0,5,39.1345138612941,89.51215788635528,no pobre,0,6,625.0,815.5,1.0,44.0,15,491,6152,9,0.0
98,0.0,0.0,0.0,0.0,9.0,5,39.1345138612941,89.51215788635528,no pobre,0,6,625.0,815.5,1.0,44.0,16,491,6152,9,0.0
97,1.0,0.0,0.0,1.0,5.0,5,39.1345138612941,89.51215788635528,no pobre,0,6,625.0,815.5,1.0,44.0,11,491,6153,5,1.0
98,1.0,0.0,0.0,1.0,6.0,5,39.1345138612941,89.51215788635528,no pobre,0,6,625.0,815.5,1.0,44.0,12,491,6153,5,1.0
97,0.0,0.0,0.0,1.0,3.0,5,39.1345138612941,89.51215788635528,no pobre,0,1,0.0,1038.0,1.0,37.0,8,491,6154,3,1.0
98,0.0,0.0,0.0,1.0,4.0,5,39.1345138612941,89.51215788635528,no pobre,0,1,0.0,1038.0,1.0,37.0,9,491,6154,3,1.0
97,1.0,0.0,0.0,1.0,6.0,13,39.1345138612941,89.51215788635528,pobre,0,0,0.0,736.0,0.0,80.0,16,491,6155,6,1.0
98,1.0,0.0,0.0,,,13,39.1345138612941,89.51215788635528,pobre,0,0,0.0,736.0,0.0,80.0,17,491,6155,6,1.0
97,0.0,0.0,0.0,0.0,7.0,13,39.1345138612941,89.51215788635528,pobre,0,0,0.0,736.0,0.0,80.0,15,491,6156,7,0.0
98,0.0,0.0,0.0,0.0,7.0,13,39.1345138612941,89.51215788635528,pobre,0,0,0.0,736.0,0.0,80.0,16,491,6156,7,0.0
97,0.0,0.0,0.0,1.0,6.0,13,39.1345138612941,89.51215788635528,pobre,0,0,0.0,736.0,0.0,80.0,12,491,6157,6,1.0
98,0.0,0.0,0.0,1.0,7.0,13,39.1345138612941,89.51215788635528,pobre,0,0,0.0,736.0,0.0,80.0,13,491,6157,6,1.0
97,1.0,0.0,0.0,1.0,6.0,13,39.1345138612941,89.51215788635528,pobre,0,0,0.0,736.0,0.0,80.0,11,491,6158,6,1.0
98,1.0,0.0,0.0,1.0,6.0,13,39.1345138612941,89.51215788635528,pobre,0,0,0.0,736.0,0.0,80.0,12,491,6158,6,1.0
97,1.0,0.0,0.0,1.0,1.0,13,39.1345138612941,89.51215788635528,pobre,0,0,0.0,736.0,0.0,80.0,6,491,6159,1,1.0
98,1.0,0.0,0.0,1.0,1.0,13,39.1345138612941,89.51215788635528,pobre,0,0,0.0,736.0,0.0,80.0,7,491,6159,1,1.0
97,0.0,0.0,0.0,1.0,1.0,13,39.1345138612941,89.51215788635528,pobre,0,0,0.0,736.0,0.0,80.0,6,491,6160,1,1.0
98,0.0,0.0,0.0,1.0,1.0,13,39.1345138612941,89.51215788635528,pobre,0,0,0.0,736.0,0.0,80.0,7,491,6160,1,1.0
97,0.0,0.0,0.0,1.0,5.0,4,39.1345138612941,89.51215788635528,no pobre,0,3,625.0,810.0,1.0,32.0,10,491,6161,5,1.0
98,0.0,0.0,0.0,1.0,5.0,4,39.1345138612941,89.51215788635528,no pobre,0,3,625.0,810.0,1.0,32.0,11,491,6161,5,1.0
97,1.0,0.0,0.0,0.0,2.0,8,39.1345138612941,89.51215788635528,pobre,0,2,0.0,713.0,1.0,81.0,15,491,6162,2,0.0
98,1.0,0.0,0.0,0.0,2.0,8,39.1345138612941,89.51215788635528,pobre,0,2,0.0,713.0,1.0,81.0,16,491,6162,2,0.0
97,1.0,0.0,0.0,0.0,2.0,8,39.1345138612941,89.51215788635528,pobre,0,2,0.0,713.0,1.0,81.0,14,491,6163,2,0.0
98,1.0,0.0,0.0,0.0,2.0,8,39.1345138612941,89.51215788635528,pobre,0,2,0.0,713.0,1.0,81.0,15,491,6163,2,0.0
97,1.0,0.0,0.0,,0.0,8,39.1345138612941,89.51215788635528,pobre,0,2,0.0,713.0,1.0,81.0,11,491,6164,0,
98,1.0,0.0,0.0,0.0,1.0,8,39.1345138612941,89.51215788635528,pobre,0,2,0.0,713.0,1.0,81.0,12,491,6164,0,
97,1.0,0.0,0.0,1.0,6.0,9,39.1345138612941,89.51215788635528,pobre,0,1,625.0,631.0,1.0,69.0,14,491,6165,6,1.0
98,1.0,0.0,0.0,0.0,6.0,9,39.1345138612941,89.51215788635528,pobre,0,1,625.0,631.0,1.0,69.0,15,491,6165,6,1.0
97,1.0,0.0,0.0,1.0,3.0,5,39.1345138612941,89.51215788635528,no pobre,0,6,0.0,1069.0,1.0,31.0,8,491,6166,3,1.0
98,1.0,0.0,0.0,1.0,3.0,5,39.1345138612941,89.51215788635528,no pobre,0,6,0.0,1069.0,1.0,31.0,9,491,6166,3,1.0
97,1.0,0.0,0.0,0.0,6.0,9,39.1345138612941,89.51215788635528,no pobre,0,0,0.0,1021.0,1.0,45.0,14,491,6167,6,0.0
98,1.0,0.0,0.0,0.0,6.0,9,39.1345138612941,89.51215788635528,no pobre,0,0,0.0,1021.0,1.0,45.0,15,491,6167,6,0.0
97,0.0,0.0,0.0,1.0,5.0,9,39.1345138612941,89.51215788635528,no pobre,0,0,0.0,1021.0,1.0,45.0,11,491,6168,5,1.0
98,0.0,0.0,0.0,1.0,5.0,9,39.1345138612941,89.51215788635528,no pobre,0,0,0.0,1021.0,1.0,45.0,12,491,6168,5,1.0
97,0.0,0.0,0.0,0.0,8.0,4,39.1345138612941,89.51215788635528,pobre,0,2,0.0,732.0,1.0,60.0,15,491,6169,8,0.0
98,0.0,0.0,0.0,,,4,39.1345138612941,89.51215788635528,pobre,0,2,0.0,732.0,1.0,60.0,16,491,6169,8,0.0
97,0.0,0.0,0.0,0.0,11.0,7,39.1345138612941,89.51215788635528,no pobre,0,2,625.0,1064.0,1.0,84.0,16,491,6170,11,0.0
98,0.0,0.0,0.0,,,7,39.1345138612941,89.51215788635528,no pobre,0,2,625.0,1064.0,1.0,84.0,17,491,6170,11,0.0
97,0.0,0.0,0.0,1.0,5.0,5,39.1345138612941,89.51215788635528,no pobre,0,3,0.0,812.0,0.0,67.0,11,491,6171,5,1.0
98,0.0,0.0,0.0,1.0,6.0,5,39.1345138612941,89.51215788635528,no pobre,0,3,0.0,812.0,0.0,67.0,12,491,6171,5,1.0
97,1.0,0.0,0.0,1.0,9.0,7,39.1345138612941,89.51215788635528,pobre,0,6,500.0,624.0,1.0,38.0,15,491,6172,9,1.0
98,1.0,0.0,0.0,1.0,10.0,7,39.1345138612941,89.51215788635528,pobre,0,6,500.0,624.0,1.0,38.0,16,491,6172,9,1.0
97,0.0,0.0,0.0,1.0,9.0,7,39.1345138612941,89.51215788635528,pobre,0,6,500.0,624.0,1.0,38.0,14,491,6173,9,1.0
98,0.0,0.0,0.0,1.0,9.0,7,39.1345138612941,89.51215788635528,pobre,0,6,500.0,624.0,1.0,38.0,15,491,6173,9,1.0
97,0.0,0.0,0.0,1.0,6.0,7,39.1345138612941,89.51215788635528,pobre,0,6,500.0,624.0,1.0,38.0,12,491,6174,6,1.0
98,0.0,0.0,0.0,1.0,6.0,7,39.1345138612941,89.51215788635528,pobre,0,6,500.0,624.0,1.0,38.0,13,491,6174,6,1.0
97,1.0,0.0,0.0,0.0,9.0,6,39.1345138612941,89.51215788635528,no pobre,0,6,625.0,932.0,1.0,44.0,16,491,6175,9,0.0
98,1.0,0.0,0.0,,,6,39.1345138612941,89.51215788635528,no pobre,0,6,625.0,932.0,1.0,44.0,17,491,6175,9,0.0
97,1.0,0.0,0.0,0.0,9.0,6,39.1345138612941,89.51215788635528,no pobre,0,6,625.0,932.0,1.0,44.0,16,491,6176,9,0.0
98,1.0,0.0,0.0,0.0,9.0,6,39.1345138612941,89.51215788635528,no pobre,0,6,625.0,932.0,1.0,44.0,17,491,6176,9,0.0
97,0.0,0.0,0.0,1.0,3.0,6,39.1345138612941,89.51215788635528,no pobre,0,6,625.0,932.0,1.0,44.0,9,491,6177,3,1.0
98,0.0,0.0,0.0,1.0,4.0,6,39.1345138612941,89.51215788635528,no pobre,0,6,625.0,932.0,1.0,44.0,10,491,6177,3,1.0
97,1.0,0.0,0.0,1.0,1.0,6,39.1345138612941,89.51215788635528,no pobre,0,6,625.0,932.0,1.0,44.0,7,491,6178,1,1.0
98,1.0,0.0,0.0,1.0,2.0,6,39.1345138612941,89.51215788635528,no pobre,0,6,625.0,932.0,1.0,44.0,8,491,6178,1,1.0
97,1.0,0.0,0.0,0.0,9.0,5,39.1345138612941,89.51215788635528,no pobre,0,9,0.0,1138.0,1.0,46.0,15,491,6179,9,0.0
98,1.0,0.0,0.0,,,5,39.1345138612941,89.51215788635528,no pobre,0,9,0.0,1138.0,1.0,46.0,16,491,6179,9,0.0
97,1.0,0.0,0.0,1.0,6.0,5,39.1345138612941,89.51215788635528,no pobre,0,9,0.0,1138.0,1.0,46.0,12,491,6180,6,1.0
98,1.0,0.0,0.0,1.0,7.0,5,39.1345138612941,89.51215788635528,no pobre,0,9,0.0,1138.0,1.0,46.0,13,491,6180,6,1.0
97,1.0,0.0,0.0,1.0,5.0,9,39.1345138612941,89.51215788635528,pobre,0,2,0.0,681.0,0.0,67.0,11,491,6181,5,1.0
98,1.0,0.0,0.0,1.0,6.0,9,39.1345138612941,89.51215788635528,pobre,0,2,0.0,681.0,0.0,67.0,12,491,6181,5,1.0
97,1.0,0.0,0.0,1.0,3.0,9,39.1345138612941,89.51215788635528,pobre,0,2,0.0,681.0,0.0,67.0,10,491,6182,3,1.0
98,1.0,0.0,0.0,1.0,4.0,9,39.1345138612941,89.51215788635528,pobre,0,2,0.0,681.0,0.0,67.0,11,491,6182,3,1.0
97,1.0,0.0,0.0,1.0,1.0,9,39.1345138612941,89.51215788635528,pobre,0,2,0.0,681.0,0.0,67.0,8,491,6183,1,1.0
98,1.0,0.0,0.0,1.0,2.0,9,39.1345138612941,89.51215788635528,pobre,0,2,0.0,681.0,0.0,67.0,9,491,6183,1,1.0
97,0.0,0.0,0.0,1.0,8.0,5,39.1345138612941,89.51215788635528,no pobre,0,8,360.0,888.0,1.0,47.0,15,491,6184,8,1.0
98,0.0,0.0,0.0,1.0,9.0,5,39.1345138612941,89.51215788635528,no pobre,0,8,360.0,888.0,1.0,47.0,16,491,6184,8,1.0
97,1.0,0.0,0.0,1.0,2.0,5,39.1345138612941,89.51215788635528,pobre,0,4,0.0,562.0,1.0,53.0,11,491,6185,2,1.0
98,1.0,0.0,0.0,1.0,3.0,5,39.1345138612941,89.51215788635528,pobre,0,4,0.0,562.0,1.0,53.0,12,491,6185,2,1.0
97,1.0,0.0,0.0,0.0,5.0,5,39.1345138612941,89.51215788635528,pobre,0,6,500.0,885.0,1.0,55.0,15,491,6186,5,0.0
98,1.0,0.0,0.0,0.0,5.0,5,39.1345138612941,89.51215788635528,pobre,0,6,500.0,885.0,1.0,55.0,16,491,6186,5,0.0
97,1.0,0.0,0.0,1.0,2.0,5,39.1345138612941,89.51215788635528,pobre,0,6,500.0,885.0,1.0,55.0,7,491,6187,2,1.0
98,1.0,0.0,0.0,1.0,3.0,5,39.1345138612941,89.51215788635528,pobre,0,6,500.0,885.0,1.0,55.0,8,491,6187,2,1.0
97,1.0,0.0,0.0,1.0,4.0,6,39.1345138612941,89.51215788635528,pobre,0,3,500.0,748.0,1.0,48.0,11,491,6188,4,1.0
98,1.0,0.0,0.0,1.0,5.0,6,39.1345138612941,89.51215788635528,pobre,0,3,500.0,748.0,1.0,48.0,12,491,6188,4,1.0
97,1.0,0.0,0.0,0.0,9.0,3,39.1345138612941,89.51215788635528,no pobre,0,6,500.0,828.0,1.0,25.0,16,491,6189,9,0.0
98,1.0,0.0,0.0,,,3,39.1345138612941,89.51215788635528,no pobre,0,6,500.0,828.0,1.0,25.0,17,491,6189,9,0.0
97,1.0,0.0,0.0,1.0,4.0,7,39.1345138612941,89.51215788635528,pobre,0,4,500.0,878.0,1.0,54.0,12,491,6190,4,1.0
98,1.0,0.0,0.0,0.0,5.0,7,39.1345138612941,89.51215788635528,pobre,0,4,500.0,878.0,1.0,54.0,13,491,6190,4,1.0
97,1.0,0.0,0.0,1.0,2.0,7,39.1345138612941,89.51215788635528,pobre,0,4,500.0,878.0,1.0,54.0,11,491,6191,2,1.0
98,1.0,0.0,0.0,0.0,3.0,7,39.1345138612941,89.51215788635528,pobre,0,4,500.0,878.0,1.0,54.0,12,491,6191,2,1.0
97,1.0,0.0,0.0,1.0,2.0,7,39.1345138612941,89.51215788635528,pobre,0,4,500.0,878.0,1.0,54.0,9,491,6192,2,1.0
98,1.0,0.0,0.0,1.0,3.0,7,39.1345138612941,89.51215788635528,pobre,0,4,500.0,878.0,1.0,54.0,10,491,6192,2,1.0
97,1.0,0.0,0.0,1.0,1.0,6,39.1345138612941,89.51215788635528,pobre,0,5,750.0,678.0,1.0,36.0,14,491,6193,1,1.0
98,1.0,0.0,0.0,1.0,8.0,6,39.1345138612941,89.51215788635528,pobre,0,5,750.0,678.0,1.0,36.0,15,491,6193,1,1.0
97,1.0,0.0,0.0,1.0,7.0,6,39.1345138612941,89.51215788635528,pobre,0,5,750.0,678.0,1.0,36.0,13,491,6194,7,1.0
98,1.0,0.0,0.0,1.0,8.0,6,39.1345138612941,89.51215788635528,pobre,0,5,750.0,678.0,1.0,36.0,14,491,6194,7,1.0
97,0.0,0.0,0.0,1.0,4.0,6,39.1345138612941,89.51215788635528,pobre,0,5,750.0,678.0,1.0,36.0,11,491,6195,4,1.0
98,0.0,0.0,0.0,1.0,5.0,6,39.1345138612941,89.51215788635528,pobre,0,5,750.0,678.0,1.0,36.0,12,491,6195,4,1.0
97,0.0,0.0,0.0,1.0,3.0,6,39.1345138612941,89.51215788635528,pobre,0,5,750.0,678.0,1.0,36.0,9,491,6196,3,1.0
98,0.0,0.0,0.0,1.0,4.0,6,39.1345138612941,89.51215788635528,pobre,0,5,750.0,678.0,1.0,36.0,10,491,6196,3,1.0
97,1.0,0.0,0.0,1.0,5.0,4,39.1345138612941,89.51215788635528,no pobre,0,0,240.0,947.0,0.0,65.0,11,491,6197,5,1.0
98,1.0,0.0,0.0,1.0,6.0,4,39.1345138612941,89.51215788635528,no pobre,0,0,240.0,947.0,0.0,65.0,12,491,6197,5,1.0
97,1.0,0.0,0.0,1.0,0.0,4,39.1345138612941,89.51215788635528,no pobre,0,0,240.0,947.0,0.0,65.0,6,491,6198,0,1.0
98,1.0,0.0,0.0,1.0,0.0,4,39.1345138612941,89.51215788635528,no pobre,0,0,240.0,947.0,0.0,65.0,7,491,6198,0,1.0
97,0.0,0.0,0.0,1.0,5.0,10,39.1345138612941,89.51215788635528,pobre,0,3,500.0,684.0,1.0,52.0,11,491,6199,5,1.0
98,0.0,0.0,0.0,1.0,6.0,10,39.1345138612941,89.51215788635528,pobre,0,3,500.0,684.0,1.0,52.0,12,491,6199,5,1.0
97,1.0,0.0,0.0,1.0,4.0,10,39.1345138612941,89.51215788635528,pobre,0,3,500.0,684.0,1.0,52.0,10,491,6200,4,1.0
98,1.0,0.0,0.0,1.0,5.0,10,39.1345138612941,89.51215788635528,pobre,0,3,500.0,684.0,1.0,52.0,11,491,6200,4,1.0
97,1.0,0.0,0.0,1.0,2.0,5,39.1345138612941,89.51215788635528,pobre,0,2,500.0,670.0,1.0,33.0,8,491,6201,2,1.0
98,1.0,0.0,0.0,1.0,3.0,5,39.1345138612941,89.51215788635528,pobre,0,2,500.0,670.0,1.0,33.0,9,491,6201,2,1.0
97,0.0,0.0,0.0,1.0,1.0,5,39.1345138612941,89.51215788635528,pobre,0,2,500.0,670.0,1.0,33.0,7,491,6202,1,1.0
98,0.0,0.0,0.0,1.0,1.0,5,39.1345138612941,89.51215788635528,pobre,0,2,500.0,670.0,1.0,33.0,8,491,6202,1,1.0
97,0.0,0.0,0.0,1.0,4.0,8,39.1345138612941,89.51215788635528,pobre,0,1,500.0,664.0,1.0,58.0,11,491,6203,4,1.0
98,0.0,0.0,0.0,0.0,5.0,8,39.1345138612941,89.51215788635528,pobre,0,1,500.0,664.0,1.0,58.0,12,491,6203,4,1.0
97,0.0,0.0,0.0,1.0,4.0,8,39.1345138612941,89.51215788635528,pobre,0,1,500.0,664.0,1.0,58.0,10,491,6204,4,1.0
98,0.0,0.0,0.0,0.0,5.0,8,39.1345138612941,89.51215788635528,pobre,0,1,500.0,664.0,1.0,58.0,11,491,6204,4,1.0
97,1.0,0.0,0.0,1.0,0.0,8,39.1345138612941,89.51215788635528,pobre,0,1,500.0,664.0,1.0,58.0,9,491,6205,0,1.0
98,1.0,0.0,0.0,0.0,1.0,8,39.1345138612941,89.51215788635528,pobre,0,1,500.0,664.0,1.0,58.0,10,491,6205,0,1.0
97,1.0,0.0,0.0,1.0,0.0,8,39.1345138612941,89.51215788635528,pobre,0,1,500.0,664.0,1.0,58.0,6,491,6206,0,1.0
98,1.0,0.0,0.0,0.0,1.0,8,39.1345138612941,89.51215788635528,pobre,0,1,500.0,664.0,1.0,58.0,7,491,6206,0,1.0
97,0.0,0.0,0.0,,0.0,8,39.1345138612941,89.51215788635528,pobre,0,2,625.0,715.0,1.0,42.0,11,491,6207,0,
98,0.0,0.0,0.0,,,8,39.1345138612941,89.51215788635528,pobre,0,2,625.0,715.0,1.0,42.0,12,491,6207,0,
97,1.0,0.0,0.0,,0.0,8,39.1345138612941,89.51215788635528,pobre,0,2,625.0,715.0,1.0,42.0,9,491,6208,0,
98,1.0,0.0,0.0,1.0,0.0,8,39.1345138612941,89.51215788635528,pobre,0,2,625.0,715.0,1.0,42.0,10,491,6208,0,
97,0.0,0.0,0.0,,0.0,8,39.1345138612941,89.51215788635528,pobre,0,2,625.0,715.0,1.0,42.0,7,491,6209,0,
98,0.0,0.0,0.0,1.0,0.0,8,39.1345138612941,89.51215788635528,pobre,0,2,625.0,715.0,1.0,42.0,8,491,6209,0,
97,0.0,0.0,0.0,1.0,7.0,7,39.1345138612941,89.51215788635528,pobre,0,5,750.0,599.0,1.0,43.0,13,491,6210,7,1.0
98,0.0,0.0,0.0,1.0,7.0,7,39.1345138612941,89.51215788635528,pobre,0,5,750.0,599.0,1.0,43.0,14,491,6210,7,1.0
97,0.0,0.0,0.0,0.0,6.0,7,39.1345138612941,89.51215788635528,pobre,0,5,750.0,599.0,1.0,43.0,11,491,6211,6,0.0
98,0.0,0.0,0.0,1.0,6.0,7,39.1345138612941,89.51215788635528,pobre,0,5,750.0,599.0,1.0,43.0,12,491,6211,6,0.0
97,1.0,0.0,0.0,1.0,3.0,7,39.1345138612941,89.51215788635528,pobre,0,5,750.0,599.0,1.0,43.0,8,491,6212,3,1.0
98,1.0,0.0,0.0,1.0,3.0,7,39.1345138612941,89.51215788635528,pobre,0,5,750.0,599.0,1.0,43.0,9,491,6212,3,1.0
97,0.0,0.0,0.0,1.0,3.0,5,39.1345138612941,89.51215788635528,no pobre,0,6,0.0,974.0,1.0,39.0,9,491,6213,3,1.0
98,0.0,0.0,0.0,1.0,4.0,5,39.1345138612941,89.51215788635528,no pobre,0,6,0.0,974.0,1.0,39.0,10,491,6213,3,1.0
97,0.0,1.0,0.0,1.0,1.0,5,39.1345138612941,89.51215788635528,no pobre,0,6,0.0,974.0,1.0,39.0,7,491,6214,1,1.0
98,0.0,1.0,0.0,1.0,1.0,5,39.1345138612941,89.51215788635528,no pobre,0,6,0.0,974.0,1.0,39.0,8,491,6214,1,1.0
97,0.0,0.0,0.0,1.0,6.0,4,39.1345138612941,89.51215788635528,no pobre,0,6,750.0,1005.0,1.0,31.0,11,491,6215,6,1.0
98,0.0,0.0,0.0,1.0,7.0,4,39.1345138612941,89.51215788635528,no pobre,0,6,750.0,1005.0,1.0,31.0,12,491,6215,6,1.0
97,0.0,0.0,0.0,1.0,9.0,7,39.1345138612941,89.51215788635528,no pobre,0,4,800.0,904.0,1.0,50.0,14,491,6216,9,1.0
98,0.0,0.0,0.0,1.0,9.0,7,39.1345138612941,89.51215788635528,no pobre,0,4,800.0,904.0,1.0,50.0,15,491,6216,9,1.0
97,0.0,0.0,0.0,1.0,6.0,7,39.1345138612941,89.51215788635528,no pobre,0,4,800.0,904.0,1.0,50.0,11,491,6217,6,1.0
98,0.0,0.0,0.0,1.0,6.0,7,39.1345138612941,89.51215788635528,no pobre,0,4,800.0,904.0,1.0,50.0,12,491,6217,6,1.0
97,1.0,0.0,0.0,1.0,8.0,6,39.1345138612941,89.51215788635528,pobre,0,3,500.0,750.0,1.0,47.0,14,491,6218,8,1.0
98,1.0,0.0,0.0,1.0,8.0,6,39.1345138612941,89.51215788635528,pobre,0,3,500.0,750.0,1.0,47.0,15,491,6218,8,1.0
97,0.0,0.0,0.0,1.0,7.0,6,39.1345138612941,89.51215788635528,pobre,0,3,500.0,750.0,1.0,47.0,12,491,6219,7,1.0
98,0.0,0.0,0.0,1.0,8.0,6,39.1345138612941,89.51215788635528,pobre,0,3,500.0,750.0,1.0,47.0,13,491,6219,7,1.0
97,1.0,0.0,0.0,1.0,7.0,8,39.1345138612941,89.51215788635528,no pobre,0,0,625.0,1138.0,1.0,54.0,16,491,6220,7,1.0
98,1.0,0.0,0.0,,,8,39.1345138612941,89.51215788635528,no pobre,0,0,625.0,1138.0,1.0,54.0,17,491,6220,7,1.0
97,0.0,0.0,0.0,1.0,3.0,6,39.1345138612941,89.51215788635528,no pobre,0,9,625.0,1055.0,1.0,45.0,8,491,6221,3,1.0
98,0.0,0.0,0.0,1.0,4.0,6,39.1345138612941,89.51215788635528,no pobre,0,9,625.0,1055.0,1.0,45.0,9,491,6221,3,1.0
97,0.0,0.0,0.0,0.0,9.0,7,39.1345138612941,89.51215788635528,no pobre,0,2,625.0,867.0,1.0,50.0,15,491,6222,9,0.0
98,0.0,0.0,0.0,0.0,9.0,7,39.1345138612941,89.51215788635528,no pobre,0,2,625.0,867.0,1.0,50.0,16,491,6222,9,0.0
97,0.0,0.0,0.0,1.0,4.0,7,39.1345138612941,89.51215788635528,no pobre,0,2,625.0,867.0,1.0,50.0,11,491,6223,4,1.0
98,0.0,0.0,0.0,,,7,39.1345138612941,89.51215788635528,no pobre,0,2,625.0,867.0,1.0,50.0,12,491,6223,4,1.0
97,0.0,0.0,0.0,1.0,4.0,7,39.1345138612941,89.51215788635528,no pobre,0,2,625.0,867.0,1.0,50.0,8,491,6224,4,1.0
98,0.0,0.0,0.0,1.0,4.0,7,39.1345138612941,89.51215788635528,no pobre,0,2,625.0,867.0,1.0,50.0,9,491,6224,4,1.0
97,0.0,0.0,4.0949998,1.0,4.0,7,35.15315851608145,91.6906197704768,pobre,0,5,375.0,478.0,1.0,31.0,12,493,6225,4,1.0
98,0.0,0.0,4.0949998,1.0,5.0,7,35.15315851608145,91.6906197704768,pobre,0,5,375.0,478.0,1.0,31.0,13,493,6225,4,1.0
97,0.0,0.0,4.0949998,1.0,4.0,7,35.15315851608145,91.6906197704768,pobre,0,5,375.0,478.0,1.0,31.0,11,493,6226,4,1.0
98,0.0,0.0,4.0949998,1.0,5.0,7,35.15315851608145,91.6906197704768,pobre,0,5,375.0,478.0,1.0,31.0,12,493,6226,4,1.0
97,0.0,0.0,4.0949998,1.0,2.0,7,35.15315851608145,91.6906197704768,pobre,0,5,375.0,478.0,1.0,31.0,8,493,6227,2,1.0
98,0.0,0.0,4.0949998,1.0,2.0,7,35.15315851608145,91.6906197704768,pobre,0,5,375.0,478.0,1.0,31.0,9,493,6227,2,1.0
97,0.0,0.0,4.0949998,1.0,1.0,7,35.15315851608145,91.6906197704768,pobre,0,5,375.0,478.0,1.0,31.0,7,493,6228,1,1.0
98,0.0,0.0,4.0949998,1.0,2.0,7,35.15315851608145,91.6906197704768,pobre,0,5,375.0,478.0,1.0,31.0,8,493,6228,1,1.0
97,0.0,0.0,4.0949998,1.0,3.0,6,35.15315851608145,91.6906197704768,pobre,0,6,375.0,512.0,1.0,34.0,10,493,6229,3,1.0
98,0.0,0.0,4.0949998,1.0,4.0,6,35.15315851608145,91.6906197704768,pobre,0,6,375.0,512.0,1.0,34.0,11,493,6229,3,1.0
97,1.0,0.0,4.0949998,1.0,2.0,6,35.15315851608145,91.6906197704768,pobre,0,6,375.0,512.0,1.0,34.0,9,493,6230,2,1.0
98,1.0,0.0,4.0949998,1.0,3.0,6,35.15315851608145,91.6906197704768,pobre,0,6,375.0,512.0,1.0,34.0,10,493,6230,2,1.0
97,1.0,0.0,4.0949998,1.0,1.0,6,35.15315851608145,91.6906197704768,pobre,0,6,375.0,512.0,1.0,34.0,7,493,6231,1,1.0
98,1.0,0.0,4.0949998,1.0,1.0,6,35.15315851608145,91.6906197704768,pobre,0,6,375.0,512.0,1.0,34.0,8,493,6231,1,1.0
97,0.0,0.0,4.0949998,1.0,0.0,6,35.15315851608145,91.6906197704768,pobre,0,6,375.0,512.0,1.0,34.0,6,493,6232,0,1.0
98,0.0,0.0,4.0949998,1.0,1.0,6,35.15315851608145,91.6906197704768,pobre,0,6,375.0,512.0,1.0,34.0,7,493,6232,0,1.0
97,0.0,0.0,4.0949998,0.0,3.0,3,35.15315851608145,91.6906197704768,pobre,0,4,500.0,655.0,1.0,22.0,15,493,6233,3,0.0
98,0.0,0.0,4.0949998,,,3,35.15315851608145,91.6906197704768,pobre,0,4,500.0,655.0,1.0,22.0,16,493,6233,3,0.0
97,0.0,0.0,4.0949998,0.0,5.0,5,35.15315851608145,91.6906197704768,pobre,0,1,500.0,616.0,1.0,43.0,15,493,6234,5,0.0
98,0.0,0.0,4.0949998,0.0,5.0,5,35.15315851608145,91.6906197704768,pobre,0,1,500.0,616.0,1.0,43.0,16,493,6234,5,0.0
97,1.0,0.0,4.0949998,0.0,6.0,5,35.15315851608145,91.6906197704768,pobre,0,1,500.0,616.0,1.0,43.0,14,493,6235,6,0.0
98,1.0,0.0,4.0949998,0.0,6.0,5,35.15315851608145,91.6906197704768,pobre,0,1,500.0,616.0,1.0,43.0,15,493,6235,6,0.0
97,1.0,0.0,4.0949998,1.0,3.0,5,35.15315851608145,91.6906197704768,pobre,0,1,500.0,616.0,1.0,43.0,12,493,6236,3,1.0
98,1.0,0.0,4.0949998,1.0,4.0,5,35.15315851608145,91.6906197704768,pobre,0,1,500.0,616.0,1.0,43.0,13,493,6236,3,1.0
97,1.0,,4.0949998,1.0,2.0,4,35.15315851608145,91.6906197704768,pobre,0,5,250.0,582.0,1.0,31.0,8,493,6237,2,1.0
98,1.0,,4.0949998,1.0,3.0,4,35.15315851608145,91.6906197704768,pobre,0,5,250.0,582.0,1.0,31.0,9,493,6237,2,1.0
97,1.0,0.0,3.0599999,0.0,4.0,8,25.68234925343753,108.5747992255838,pobre,basal,1,500.0,589.0,1.0,33.0,14,383,6238,4,0.0
98,1.0,0.0,3.0599999,0.0,5.0,8,25.68234925343753,108.5747992255838,pobre,basal,1,500.0,589.0,1.0,33.0,15,383,6238,4,0.0
97,1.0,0.0,3.0599999,1.0,4.0,8,25.68234925343753,108.5747992255838,pobre,basal,1,500.0,589.0,1.0,33.0,12,383,6239,4,1.0
98,1.0,0.0,3.0599999,1.0,5.0,8,25.68234925343753,108.5747992255838,pobre,basal,1,500.0,589.0,1.0,33.0,13,383,6239,4,1.0
97,1.0,0.0,3.0599999,0.0,3.0,8,25.68234925343753,108.5747992255838,pobre,basal,1,500.0,589.0,1.0,33.0,10,383,6240,3,0.0
98,1.0,0.0,3.0599999,1.0,4.0,8,25.68234925343753,108.5747992255838,pobre,basal,1,500.0,589.0,1.0,33.0,11,383,6240,3,0.0
97,1.0,0.0,3.0599999,1.0,1.0,8,25.68234925343753,108.5747992255838,pobre,basal,1,500.0,589.0,1.0,33.0,8,383,6241,1,1.0
98,1.0,0.0,3.0599999,1.0,2.0,8,25.68234925343753,108.5747992255838,pobre,basal,1,500.0,589.0,1.0,33.0,9,383,6241,1,1.0
97,1.0,0.0,3.0599999,,0.0,8,25.68234925343753,108.5747992255838,pobre,basal,1,500.0,589.0,1.0,33.0,6,383,6242,0,
98,1.0,0.0,3.0599999,,,8,25.68234925343753,108.5747992255838,pobre,basal,1,500.0,589.0,1.0,33.0,7,383,6242,0,
97,0.0,0.0,3.0599999,0.0,4.0,8,25.68234925343753,108.5747992255838,pobre,basal,3,500.0,576.0,1.0,36.0,16,383,6243,4,0.0
98,0.0,0.0,3.0599999,,,8,25.68234925343753,108.5747992255838,pobre,basal,3,500.0,576.0,1.0,36.0,17,383,6243,4,0.0
97,0.0,0.0,3.0599999,0.0,5.0,8,25.68234925343753,108.5747992255838,pobre,basal,3,500.0,576.0,1.0,36.0,14,383,6244,5,0.0
98,0.0,0.0,3.0599999,0.0,5.0,8,25.68234925343753,108.5747992255838,pobre,basal,3,500.0,576.0,1.0,36.0,15,383,6244,5,0.0
97,0.0,0.0,3.0599999,1.0,3.0,8,25.68234925343753,108.5747992255838,pobre,basal,3,500.0,576.0,1.0,36.0,12,383,6245,3,1.0
98,0.0,0.0,3.0599999,1.0,3.0,8,25.68234925343753,108.5747992255838,pobre,basal,3,500.0,576.0,1.0,36.0,13,383,6245,3,1.0
97,0.0,0.0,3.0599999,1.0,1.0,8,25.68234925343753,108.5747992255838,pobre,basal,3,500.0,576.0,1.0,36.0,10,383,6246,1,1.0
98,0.0,0.0,3.0599999,1.0,2.0,8,25.68234925343753,108.5747992255838,pobre,basal,3,500.0,576.0,1.0,36.0,11,383,6246,1,1.0
97,1.0,0.0,3.0599999,,0.0,3,25.68234925343753,108.5747992255838,pobre,basal,6,500.0,870.0,1.0,36.0,16,383,6247,0,
98,1.0,0.0,3.0599999,,,3,25.68234925343753,108.5747992255838,pobre,basal,6,500.0,870.0,1.0,36.0,17,383,6247,0,
97,1.0,1.0,3.4289999,1.0,5.0,7,19.67954950694879,123.4906960556507,pobre,0,0,500.0,770.0,1.0,46.0,13,480,6248,5,1.0
98,1.0,1.0,3.4289999,0.0,6.0,7,19.67954950694879,123.4906960556507,pobre,0,0,500.0,770.0,1.0,46.0,14,480,6248,5,1.0
97,1.0,1.0,3.4289999,1.0,3.0,7,19.67954950694879,123.4906960556507,pobre,0,0,500.0,770.0,1.0,46.0,10,480,6249,3,1.0
98,1.0,1.0,3.4289999,1.0,4.0,7,19.67954950694879,123.4906960556507,pobre,0,0,500.0,770.0,1.0,46.0,11,480,6249,3,1.0
97,1.0,0.0,1.26,0.0,6.0,9,33.9778544631134,74.88818441417425,pobre,basal,1,500.0,699.0,1.0,53.0,11,390,6250,6,0.0
98,1.0,0.0,1.26,,,9,33.9778544631134,74.88818441417425,pobre,basal,1,500.0,699.0,1.0,53.0,12,390,6250,6,0.0
97,1.0,0.0,1.26,0.0,5.0,9,33.9778544631134,74.88818441417425,pobre,basal,1,500.0,699.0,1.0,53.0,15,390,6251,5,0.0
98,1.0,0.0,1.26,,,9,33.9778544631134,74.88818441417425,pobre,basal,1,500.0,699.0,1.0,53.0,16,390,6251,5,0.0
97,1.0,0.0,1.26,1.0,6.0,9,33.9778544631134,74.88818441417425,pobre,basal,1,500.0,699.0,1.0,53.0,12,390,6252,6,1.0
98,1.0,0.0,1.26,1.0,6.0,9,33.9778544631134,74.88818441417425,pobre,basal,1,500.0,699.0,1.0,53.0,13,390,6252,6,1.0
97,0.0,0.0,1.26,1.0,2.0,9,33.9778544631134,74.88818441417425,pobre,basal,1,500.0,699.0,1.0,53.0,8,390,6253,2,1.0
98,0.0,0.0,1.26,1.0,3.0,9,33.9778544631134,74.88818441417425,pobre,basal,1,500.0,699.0,1.0,53.0,9,390,6253,2,1.0
97,0.0,0.0,1.26,1.0,1.0,5,33.9778544631134,74.88818441417425,pobre,basal,9,625.0,684.0,1.0,28.0,6,390,6254,1,1.0
98,0.0,0.0,1.26,1.0,1.0,5,33.9778544631134,74.88818441417425,pobre,basal,9,625.0,684.0,1.0,28.0,7,390,6254,1,1.0
97,1.0,0.0,1.26,1.0,1.0,4,33.9778544631134,74.88818441417425,pobre,basal,6,750.0,710.45001,1.0,26.0,7,390,6255,1,1.0
98,1.0,0.0,1.26,1.0,2.0,4,33.9778544631134,74.88818441417425,pobre,basal,6,750.0,710.45001,1.0,26.0,8,390,6255,1,1.0
97,0.0,0.0,1.26,1.0,6.0,9,33.9778544631134,74.88818441417425,pobre,basal,0,1000.0,754.0,1.0,50.0,14,390,6256,6,1.0
98,0.0,0.0,1.26,1.0,7.0,9,33.9778544631134,74.88818441417425,pobre,basal,0,1000.0,754.0,1.0,50.0,15,390,6256,6,1.0
97,0.0,0.0,1.26,1.0,5.0,9,33.9778544631134,74.88818441417425,pobre,basal,0,1000.0,754.0,1.0,50.0,13,390,6257,5,1.0
98,0.0,0.0,1.26,1.0,6.0,9,33.9778544631134,74.88818441417425,pobre,basal,0,1000.0,754.0,1.0,50.0,14,390,6257,5,1.0
97,0.0,0.0,1.26,1.0,3.0,9,33.9778544631134,74.88818441417425,pobre,basal,0,1000.0,754.0,1.0,50.0,9,390,6258,3,1.0
98,0.0,0.0,1.26,1.0,4.0,9,33.9778544631134,74.88818441417425,pobre,basal,0,1000.0,754.0,1.0,50.0,10,390,6258,3,1.0
97,1.0,0.0,1.26,1.0,6.0,9,33.9778544631134,74.88818441417425,pobre,basal,0,1000.0,754.0,1.0,50.0,14,390,6259,6,1.0
98,1.0,0.0,1.26,1.0,7.0,9,33.9778544631134,74.88818441417425,pobre,basal,0,1000.0,754.0,1.0,50.0,15,390,6259,6,1.0
97,1.0,0.0,1.26,1.0,1.0,3,33.9778544631134,74.88818441417425,pobre,basal,6,625.0,791.0,1.0,29.0,7,390,6260,1,1.0
98,1.0,0.0,1.26,1.0,2.0,3,33.9778544631134,74.88818441417425,pobre,basal,6,625.0,791.0,1.0,29.0,8,390,6260,1,1.0
97,0.0,0.0,1.26,1.0,1.0,5,33.9778544631134,74.88818441417425,pobre,basal,2,450.0,881.0,1.0,51.0,7,390,6261,1,1.0
98,0.0,0.0,1.26,1.0,2.0,5,33.9778544631134,74.88818441417425,pobre,basal,2,450.0,881.0,1.0,51.0,8,390,6261,1,1.0
97,0.0,0.0,2.7260001,1.0,3.0,11,32.92581501969745,75.42527242259074,pobre,0,3,625.0,756.5,1.0,51.0,10,389,6262,3,1.0
98,0.0,0.0,2.7260001,1.0,4.0,11,32.92581501969745,75.42527242259074,pobre,0,3,625.0,756.5,1.0,51.0,11,389,6262,3,1.0
97,0.0,0.0,2.7260001,0.0,3.0,11,32.92581501969745,75.42527242259074,pobre,0,3,625.0,756.5,1.0,51.0,16,389,6263,3,0.0
98,0.0,0.0,2.7260001,0.0,3.0,11,32.92581501969745,75.42527242259074,pobre,0,3,625.0,756.5,1.0,51.0,17,389,6263,3,0.0
97,1.0,0.0,2.7260001,1.0,3.0,11,32.92581501969745,75.42527242259074,pobre,0,3,625.0,756.5,1.0,51.0,12,389,6264,3,1.0
98,1.0,0.0,2.7260001,0.0,3.0,11,32.92581501969745,75.42527242259074,pobre,0,3,625.0,756.5,1.0,51.0,13,389,6264,3,1.0
97,0.0,0.0,2.7260001,1.0,5.0,11,32.92581501969745,75.42527242259074,pobre,0,3,625.0,756.5,1.0,51.0,11,389,6265,5,1.0
98,0.0,0.0,2.7260001,1.0,6.0,11,32.92581501969745,75.42527242259074,pobre,0,3,625.0,756.5,1.0,51.0,12,389,6265,5,1.0
97,0.0,0.0,2.7260001,1.0,8.0,8,32.92581501969745,75.42527242259074,pobre,0,6,416.66666,715.0,1.0,41.0,15,389,6266,8,1.0
98,0.0,0.0,2.7260001,1.0,8.0,8,32.92581501969745,75.42527242259074,pobre,0,6,416.66666,715.0,1.0,41.0,16,389,6266,8,1.0
97,0.0,0.0,2.7260001,1.0,3.0,8,32.92581501969745,75.42527242259074,pobre,0,6,416.66666,715.0,1.0,41.0,9,389,6267,3,1.0
98,0.0,0.0,2.7260001,1.0,4.0,8,32.92581501969745,75.42527242259074,pobre,0,6,416.66666,715.0,1.0,41.0,10,389,6267,3,1.0
97,1.0,0.0,2.7260001,1.0,0.0,8,32.92581501969745,75.42527242259074,pobre,0,6,416.66666,715.0,1.0,41.0,7,389,6268,0,1.0
98,1.0,0.0,2.7260001,1.0,1.0,8,32.92581501969745,75.42527242259074,pobre,0,6,416.66666,715.0,1.0,41.0,8,389,6268,0,1.0
97,0.0,0.0,5.0840001,1.0,4.0,9,37.01876919048463,73.28116827806113,pobre,0,0,500.0,771.0,1.0,65.0,11,388,6269,4,1.0
98,0.0,0.0,5.0840001,1.0,4.0,9,37.01876919048463,73.28116827806113,pobre,0,0,500.0,771.0,1.0,65.0,12,388,6269,4,1.0
97,0.0,0.0,5.0840001,1.0,5.0,9,37.01876919048463,73.28116827806113,pobre,0,0,500.0,771.0,1.0,65.0,10,388,6270,5,1.0
98,0.0,0.0,5.0840001,1.0,5.0,9,37.01876919048463,73.28116827806113,pobre,0,0,500.0,771.0,1.0,65.0,11,388,6270,5,1.0
97,1.0,0.0,5.0840001,1.0,0.0,9,37.01876919048463,73.28116827806113,pobre,0,0,500.0,771.0,1.0,65.0,6,388,6271,0,1.0
98,1.0,0.0,5.0840001,1.0,0.0,9,37.01876919048463,73.28116827806113,pobre,0,0,500.0,771.0,1.0,65.0,7,388,6271,0,1.0
97,0.0,0.0,5.0840001,1.0,3.0,9,37.01876919048463,73.28116827806113,pobre,0,0,500.0,771.0,1.0,65.0,11,388,6272,3,1.0
98,0.0,0.0,5.0840001,1.0,3.0,9,37.01876919048463,73.28116827806113,pobre,0,0,500.0,771.0,1.0,65.0,12,388,6272,3,1.0
97,1.0,0.0,2.7260001,1.0,2.0,7,32.92581501969745,75.42527242259074,pobre,0,3,625.0,722.0,1.0,33.0,10,389,6273,2,1.0
98,1.0,0.0,2.7260001,1.0,2.0,7,32.92581501969745,75.42527242259074,pobre,0,3,625.0,722.0,1.0,33.0,11,389,6273,2,1.0
97,1.0,0.0,2.7260001,1.0,0.0,7,32.92581501969745,75.42527242259074,pobre,0,3,625.0,722.0,1.0,33.0,6,389,6274,0,1.0
98,1.0,0.0,2.7260001,1.0,1.0,7,32.92581501969745,75.42527242259074,pobre,0,3,625.0,722.0,1.0,33.0,7,389,6274,0,1.0
97,0.0,0.0,2.7260001,1.0,2.0,6,32.92581501969745,75.42527242259074,pobre,0,3,625.0,522.0,1.0,31.0,8,389,6275,2,1.0
98,0.0,0.0,2.7260001,1.0,3.0,6,32.92581501969745,75.42527242259074,pobre,0,3,625.0,522.0,1.0,31.0,9,389,6275,2,1.0
97,1.0,0.0,2.7260001,1.0,0.0,6,32.92581501969745,75.42527242259074,pobre,0,3,625.0,522.0,1.0,31.0,6,389,6276,0,1.0
98,1.0,0.0,2.7260001,1.0,0.0,6,32.92581501969745,75.42527242259074,pobre,0,3,625.0,522.0,1.0,31.0,7,389,6276,0,1.0
97,0.0,0.0,5.0840001,0.0,6.0,10,37.01876919048463,73.28116827806113,pobre,0,1,800.0,713.0,1.0,46.0,16,388,6277,6,0.0
98,0.0,0.0,5.0840001,0.0,6.0,10,37.01876919048463,73.28116827806113,pobre,0,1,800.0,713.0,1.0,46.0,17,388,6277,6,0.0
97,0.0,0.0,5.0840001,0.0,6.0,10,37.01876919048463,73.28116827806113,pobre,0,1,800.0,713.0,1.0,46.0,13,388,6278,6,0.0
98,0.0,0.0,5.0840001,0.0,6.0,10,37.01876919048463,73.28116827806113,pobre,0,1,800.0,713.0,1.0,46.0,14,388,6278,6,0.0
97,1.0,0.0,5.0840001,1.0,1.0,10,37.01876919048463,73.28116827806113,pobre,0,1,800.0,713.0,1.0,46.0,8,388,6279,1,1.0
98,1.0,0.0,5.0840001,1.0,1.0,10,37.01876919048463,73.28116827806113,pobre,0,1,800.0,713.0,1.0,46.0,9,388,6279,1,1.0
97,0.0,0.0,5.0840001,0.0,3.0,5,37.01876919048463,73.28116827806113,no pobre,0,3,800.0,781.0,0.0,45.0,15,388,6280,3,0.0
98,0.0,0.0,5.0840001,0.0,3.0,5,37.01876919048463,73.28116827806113,no pobre,0,3,800.0,781.0,0.0,45.0,16,388,6280,3,0.0
97,1.0,0.0,5.0840001,0.0,3.0,5,37.01876919048463,73.28116827806113,no pobre,0,3,800.0,781.0,0.0,45.0,13,388,6281,3,0.0
98,1.0,0.0,5.0840001,0.0,3.0,5,37.01876919048463,73.28116827806113,no pobre,0,3,800.0,781.0,0.0,45.0,14,388,6281,3,0.0
97,1.0,0.0,2.7260001,1.0,9.0,9,32.92581501969745,75.42527242259074,pobre,0,2,400.0,812.0,1.0,45.0,16,389,6282,9,1.0
98,1.0,0.0,2.7260001,,,9,32.92581501969745,75.42527242259074,pobre,0,2,400.0,812.0,1.0,45.0,17,389,6282,9,1.0
97,1.0,0.0,2.7260001,0.0,9.0,9,32.92581501969745,75.42527242259074,pobre,0,2,400.0,812.0,1.0,45.0,14,389,6283,9,0.0
98,1.0,0.0,2.7260001,1.0,9.0,9,32.92581501969745,75.42527242259074,pobre,0,2,400.0,812.0,1.0,45.0,15,389,6283,9,0.0
97,0.0,0.0,2.7260001,1.0,5.0,9,32.92581501969745,75.42527242259074,pobre,0,2,400.0,812.0,1.0,45.0,10,389,6284,5,1.0
98,0.0,0.0,2.7260001,0.0,6.0,9,32.92581501969745,75.42527242259074,pobre,0,2,400.0,812.0,1.0,45.0,11,389,6284,5,1.0
97,1.0,0.0,2.7260001,1.0,1.0,9,32.92581501969745,75.42527242259074,pobre,0,2,400.0,812.0,1.0,45.0,7,389,6285,1,1.0
98,1.0,0.0,2.7260001,1.0,1.0,9,32.92581501969745,75.42527242259074,pobre,0,2,400.0,812.0,1.0,45.0,8,389,6285,1,1.0
97,0.0,0.0,2.7260001,1.0,7.0,7,32.92581501969745,75.42527242259074,pobre,0,5,480.0,742.0,1.0,42.0,14,389,6286,7,1.0
98,0.0,0.0,2.7260001,1.0,8.0,7,32.92581501969745,75.42527242259074,pobre,0,5,480.0,742.0,1.0,42.0,15,389,6286,7,1.0
97,1.0,0.0,2.7260001,1.0,4.0,7,32.92581501969745,75.42527242259074,pobre,0,5,480.0,742.0,1.0,42.0,11,389,6287,4,1.0
98,1.0,0.0,2.7260001,1.0,5.0,7,32.92581501969745,75.42527242259074,pobre,0,5,480.0,742.0,1.0,42.0,12,389,6287,4,1.0
97,1.0,0.0,2.7260001,1.0,6.0,4,32.92581501969745,75.42527242259074,pobre,0,2,600.0,787.0,1.0,54.0,12,389,6288,6,1.0
98,1.0,0.0,2.7260001,1.0,6.0,4,32.92581501969745,75.42527242259074,pobre,0,2,600.0,787.0,1.0,54.0,13,389,6288,6,1.0
97,1.0,0.0,2.7260001,0.0,4.0,8,32.92581501969745,75.42527242259074,pobre,0,4,625.0,549.0,1.0,33.0,12,389,6289,4,0.0
98,1.0,0.0,2.7260001,1.0,4.0,8,32.92581501969745,75.42527242259074,pobre,0,4,625.0,549.0,1.0,33.0,13,389,6289,4,0.0
97,1.0,0.0,2.7260001,1.0,4.0,8,32.92581501969745,75.42527242259074,pobre,0,4,625.0,549.0,1.0,33.0,10,389,6290,4,1.0
98,1.0,0.0,2.7260001,1.0,5.0,8,32.92581501969745,75.42527242259074,pobre,0,4,625.0,549.0,1.0,33.0,11,389,6290,4,1.0
97,1.0,0.0,2.7260001,1.0,2.0,8,32.92581501969745,75.42527242259074,pobre,0,4,625.0,549.0,1.0,33.0,8,389,6291,2,1.0
98,1.0,0.0,2.7260001,1.0,1.0,8,32.92581501969745,75.42527242259074,pobre,0,4,625.0,549.0,1.0,33.0,9,389,6291,2,1.0
97,1.0,0.0,2.7260001,0.0,4.0,7,32.92581501969745,75.42527242259074,pobre,0,4,500.0,776.0,1.0,42.0,16,389,6292,4,0.0
98,1.0,0.0,2.7260001,,,7,32.92581501969745,75.42527242259074,pobre,0,4,500.0,776.0,1.0,42.0,17,389,6292,4,0.0
97,0.0,0.0,2.7260001,1.0,5.0,7,32.92581501969745,75.42527242259074,pobre,0,4,500.0,776.0,1.0,42.0,13,389,6293,5,1.0
98,0.0,0.0,2.7260001,1.0,6.0,7,32.92581501969745,75.42527242259074,pobre,0,4,500.0,776.0,1.0,42.0,14,389,6293,5,1.0
97,0.0,0.0,2.7260001,1.0,2.0,7,32.92581501969745,75.42527242259074,pobre,0,4,500.0,776.0,1.0,42.0,10,389,6294,2,1.0
98,0.0,0.0,2.7260001,1.0,3.0,7,32.92581501969745,75.42527242259074,pobre,0,4,500.0,776.0,1.0,42.0,11,389,6294,2,1.0
97,0.0,0.0,2.7260001,1.0,0.0,5,32.92581501969745,75.42527242259074,no pobre,0,17,250.0,850.45001,1.0,56.0,6,389,6295,0,1.0
98,0.0,0.0,2.7260001,1.0,1.0,5,32.92581501969745,75.42527242259074,no pobre,0,17,250.0,850.45001,1.0,56.0,7,389,6295,0,1.0
97,0.0,0.0,2.7260001,0.0,6.0,10,32.92581501969745,75.42527242259074,pobre,0,3,625.0,656.0,1.0,37.0,16,389,6296,6,0.0
98,0.0,0.0,2.7260001,,,10,32.92581501969745,75.42527242259074,pobre,0,3,625.0,656.0,1.0,37.0,17,389,6296,6,0.0
97,1.0,0.0,2.7260001,0.0,6.0,10,32.92581501969745,75.42527242259074,pobre,0,3,625.0,656.0,1.0,37.0,15,389,6297,6,0.0
98,1.0,0.0,2.7260001,1.0,6.0,10,32.92581501969745,75.42527242259074,pobre,0,3,625.0,656.0,1.0,37.0,16,389,6297,6,0.0
97,0.0,0.0,2.7260001,0.0,6.0,10,32.92581501969745,75.42527242259074,pobre,0,3,625.0,656.0,1.0,37.0,13,389,6298,6,0.0
98,0.0,0.0,2.7260001,0.0,6.0,10,32.92581501969745,75.42527242259074,pobre,0,3,625.0,656.0,1.0,37.0,14,389,6298,6,0.0
97,1.0,0.0,2.7260001,1.0,3.0,10,32.92581501969745,75.42527242259074,pobre,0,3,625.0,656.0,1.0,37.0,9,389,6299,3,1.0
98,1.0,0.0,2.7260001,1.0,4.0,10,32.92581501969745,75.42527242259074,pobre,0,3,625.0,656.0,1.0,37.0,10,389,6299,3,1.0
97,1.0,0.0,2.7260001,1.0,1.0,10,32.92581501969745,75.42527242259074,pobre,0,3,625.0,656.0,1.0,37.0,7,389,6300,1,1.0
98,1.0,0.0,2.7260001,1.0,2.0,10,32.92581501969745,75.42527242259074,pobre,0,3,625.0,656.0,1.0,37.0,8,389,6300,1,1.0
97,0.0,0.0,2.7260001,0.0,6.0,7,32.92581501969745,75.42527242259074,pobre,0,1,250.0,658.0,1.0,98.0,15,389,6301,6,0.0
98,0.0,0.0,2.7260001,,,7,32.92581501969745,75.42527242259074,pobre,0,1,250.0,658.0,1.0,98.0,16,389,6301,6,0.0
97,1.0,0.0,2.7260001,1.0,4.0,7,32.92581501969745,75.42527242259074,pobre,0,1,250.0,658.0,1.0,98.0,13,389,6302,4,1.0
98,1.0,0.0,2.7260001,0.0,4.0,7,32.92581501969745,75.42527242259074,pobre,0,1,250.0,658.0,1.0,98.0,14,389,6302,4,1.0
97,0.0,0.0,2.7260001,1.0,1.0,7,32.92581501969745,75.42527242259074,pobre,0,1,250.0,658.0,1.0,98.0,8,389,6303,1,1.0
98,0.0,0.0,2.7260001,1.0,2.0,7,32.92581501969745,75.42527242259074,pobre,0,1,250.0,658.0,1.0,98.0,9,389,6303,1,1.0
97,1.0,0.0,5.0840001,0.0,6.0,11,37.01876919048463,73.28116827806113,pobre,0,2,666.66669,727.0,1.0,44.0,16,388,6304,6,0.0
98,1.0,0.0,5.0840001,,,11,37.01876919048463,73.28116827806113,pobre,0,2,666.66669,727.0,1.0,44.0,17,388,6304,6,0.0
97,0.0,0.0,5.0840001,0.0,5.0,11,37.01876919048463,73.28116827806113,pobre,0,2,666.66669,727.0,1.0,44.0,14,388,6305,5,0.0
98,0.0,0.0,5.0840001,,,11,37.01876919048463,73.28116827806113,pobre,0,2,666.66669,727.0,1.0,44.0,15,388,6305,5,0.0
97,0.0,0.0,5.0840001,0.0,5.0,11,37.01876919048463,73.28116827806113,pobre,0,2,666.66669,727.0,1.0,44.0,13,388,6306,5,0.0
98,0.0,0.0,5.0840001,0.0,5.0,11,37.01876919048463,73.28116827806113,pobre,0,2,666.66669,727.0,1.0,44.0,14,388,6306,5,0.0
97,1.0,0.0,5.0840001,1.0,4.0,11,37.01876919048463,73.28116827806113,pobre,0,2,666.66669,727.0,1.0,44.0,12,388,6307,4,1.0
98,1.0,0.0,5.0840001,1.0,5.0,11,37.01876919048463,73.28116827806113,pobre,0,2,666.66669,727.0,1.0,44.0,13,388,6307,4,1.0
97,1.0,0.0,5.0840001,1.0,1.0,11,37.01876919048463,73.28116827806113,pobre,0,2,666.66669,727.0,1.0,44.0,8,388,6308,1,1.0
98,1.0,0.0,5.0840001,1.0,2.0,11,37.01876919048463,73.28116827806113,pobre,0,2,666.66669,727.0,1.0,44.0,9,388,6308,1,1.0
97,1.0,0.0,5.0840001,1.0,0.0,11,37.01876919048463,73.28116827806113,pobre,0,2,666.66669,727.0,1.0,44.0,6,388,6309,0,1.0
98,1.0,0.0,5.0840001,1.0,1.0,11,37.01876919048463,73.28116827806113,pobre,0,2,666.66669,727.0,1.0,44.0,7,388,6309,0,1.0
97,0.0,0.0,2.7260001,1.0,4.0,7,32.92581501969745,75.42527242259074,pobre,0,4,800.0,588.0,1.0,31.0,10,389,6310,4,1.0
98,0.0,0.0,2.7260001,,,7,32.92581501969745,75.42527242259074,pobre,0,4,800.0,588.0,1.0,31.0,11,389,6310,4,1.0
97,0.0,0.0,2.7260001,1.0,2.0,7,32.92581501969745,75.42527242259074,pobre,0,4,800.0,588.0,1.0,31.0,8,389,6311,2,1.0
98,0.0,0.0,2.7260001,1.0,3.0,7,32.92581501969745,75.42527242259074,pobre,0,4,800.0,588.0,1.0,31.0,9,389,6311,2,1.0
97,1.0,0.0,2.7260001,1.0,0.0,7,32.92581501969745,75.42527242259074,pobre,0,4,800.0,588.0,1.0,31.0,6,389,6312,0,1.0
98,1.0,0.0,2.7260001,1.0,0.0,7,32.92581501969745,75.42527242259074,pobre,0,4,800.0,588.0,1.0,31.0,7,389,6312,0,1.0
97,1.0,0.0,2.7260001,0.0,4.0,8,32.92581501969745,75.42527242259074,pobre,0,6,625.0,672.0,1.0,45.0,14,389,6313,4,0.0
98,1.0,0.0,2.7260001,0.0,4.0,8,32.92581501969745,75.42527242259074,pobre,0,6,625.0,672.0,1.0,45.0,15,389,6313,4,0.0
97,1.0,0.0,2.7260001,0.0,3.0,8,32.92581501969745,75.42527242259074,pobre,0,6,625.0,672.0,1.0,45.0,13,389,6314,3,0.0
98,1.0,0.0,2.7260001,0.0,3.0,8,32.92581501969745,75.42527242259074,pobre,0,6,625.0,672.0,1.0,45.0,14,389,6314,3,0.0
97,0.0,0.0,2.7260001,0.0,2.0,8,32.92581501969745,75.42527242259074,pobre,0,6,625.0,672.0,1.0,45.0,11,389,6315,2,0.0
98,0.0,0.0,2.7260001,0.0,2.0,8,32.92581501969745,75.42527242259074,pobre,0,6,625.0,672.0,1.0,45.0,12,389,6315,2,0.0
97,0.0,0.0,2.7260001,0.0,1.0,8,32.92581501969745,75.42527242259074,pobre,0,6,625.0,672.0,1.0,45.0,10,389,6316,1,0.0
98,0.0,0.0,2.7260001,0.0,1.0,8,32.92581501969745,75.42527242259074,pobre,0,6,625.0,672.0,1.0,45.0,11,389,6316,1,0.0
97,1.0,0.0,5.0840001,0.0,6.0,7,37.01876919048463,73.28116827806113,pobre,0,3,0.0,773.0,1.0,43.0,16,388,6317,6,0.0
98,1.0,0.0,5.0840001,1.0,6.0,7,37.01876919048463,73.28116827806113,pobre,0,3,0.0,773.0,1.0,43.0,17,388,6317,6,0.0
97,0.0,0.0,5.0840001,1.0,2.0,7,37.01876919048463,73.28116827806113,pobre,0,3,0.0,773.0,1.0,43.0,10,388,6318,2,1.0
98,0.0,0.0,5.0840001,1.0,3.0,7,37.01876919048463,73.28116827806113,pobre,0,3,0.0,773.0,1.0,43.0,11,388,6318,2,1.0
97,0.0,0.0,5.0840001,1.0,2.0,7,37.01876919048463,73.28116827806113,pobre,0,3,0.0,773.0,1.0,43.0,8,388,6319,2,1.0
98,0.0,0.0,5.0840001,1.0,3.0,7,37.01876919048463,73.28116827806113,pobre,0,3,0.0,773.0,1.0,43.0,9,388,6319,2,1.0
97,1.0,0.0,5.0840001,0.0,6.0,9,37.01876919048463,73.28116827806113,pobre,0,6,750.0,802.5,1.0,38.0,15,388,6320,6,0.0
98,1.0,0.0,5.0840001,0.0,6.0,9,37.01876919048463,73.28116827806113,pobre,0,6,750.0,802.5,1.0,38.0,16,388,6320,6,0.0
97,0.0,0.0,5.0840001,0.0,6.0,9,37.01876919048463,73.28116827806113,pobre,0,6,750.0,802.5,1.0,38.0,12,388,6321,6,0.0
98,0.0,0.0,5.0840001,0.0,6.0,9,37.01876919048463,73.28116827806113,pobre,0,6,750.0,802.5,1.0,38.0,13,388,6321,6,0.0
97,0.0,0.0,5.0840001,1.0,3.0,9,37.01876919048463,73.28116827806113,pobre,0,6,750.0,802.5,1.0,38.0,10,388,6322,3,1.0
98,0.0,0.0,5.0840001,1.0,4.0,9,37.01876919048463,73.28116827806113,pobre,0,6,750.0,802.5,1.0,38.0,11,388,6322,3,1.0
97,0.0,0.0,5.0840001,1.0,1.0,9,37.01876919048463,73.28116827806113,pobre,0,6,750.0,802.5,1.0,38.0,6,388,6323,1,1.0
98,0.0,0.0,5.0840001,1.0,2.0,9,37.01876919048463,73.28116827806113,pobre,0,6,750.0,802.5,1.0,38.0,7,388,6323,1,1.0
97,1.0,0.0,5.0840001,1.0,6.0,9,37.01876919048463,73.28116827806113,no pobre,0,3,1250.0,1032.0,1.0,50.0,14,388,6324,6,1.0
98,1.0,0.0,5.0840001,,,9,37.01876919048463,73.28116827806113,no pobre,0,3,1250.0,1032.0,1.0,50.0,15,388,6324,6,1.0
97,1.0,0.0,5.0840001,1.0,6.0,9,37.01876919048463,73.28116827806113,no pobre,0,3,1250.0,1032.0,1.0,50.0,12,388,6325,6,1.0
98,1.0,0.0,5.0840001,,,9,37.01876919048463,73.28116827806113,no pobre,0,3,1250.0,1032.0,1.0,50.0,13,388,6325,6,1.0
97,1.0,0.0,5.0840001,1.0,2.0,9,37.01876919048463,73.28116827806113,no pobre,0,3,1250.0,1032.0,1.0,50.0,9,388,6326,2,1.0
98,1.0,0.0,5.0840001,1.0,3.0,9,37.01876919048463,73.28116827806113,no pobre,0,3,1250.0,1032.0,1.0,50.0,10,388,6326,2,1.0
97,0.0,0.0,5.0840001,1.0,1.0,9,37.01876919048463,73.28116827806113,no pobre,0,3,1250.0,1032.0,1.0,50.0,7,388,6327,1,1.0
98,0.0,0.0,5.0840001,1.0,2.0,9,37.01876919048463,73.28116827806113,no pobre,0,3,1250.0,1032.0,1.0,50.0,8,388,6327,1,1.0
97,0.0,0.0,5.0840001,1.0,0.0,6,37.01876919048463,73.28116827806113,pobre,0,7,875.0,773.0,1.0,32.0,6,388,6328,0,1.0
98,0.0,0.0,5.0840001,1.0,1.0,6,37.01876919048463,73.28116827806113,pobre,0,7,875.0,773.0,1.0,32.0,7,388,6328,0,1.0
97,1.0,0.0,5.0840001,1.0,3.0,2,37.01876919048463,73.28116827806113,pobre,0,0,100.0,756.0,0.0,49.0,14,388,6329,3,1.0
98,1.0,0.0,5.0840001,,,2,37.01876919048463,73.28116827806113,pobre,0,0,100.0,756.0,0.0,49.0,15,388,6329,3,1.0
97,1.0,0.0,5.0840001,0.0,3.0,10,37.01876919048463,73.28116827806113,pobre,0,0,0.0,759.0,1.0,78.0,14,388,6330,3,0.0
98,1.0,0.0,5.0840001,,,10,37.01876919048463,73.28116827806113,pobre,0,0,0.0,759.0,1.0,78.0,15,388,6330,3,0.0
97,1.0,0.0,5.0840001,1.0,4.0,10,37.01876919048463,73.28116827806113,pobre,0,0,0.0,759.0,1.0,78.0,12,388,6331,4,1.0
98,1.0,0.0,5.0840001,,,10,37.01876919048463,73.28116827806113,pobre,0,0,0.0,759.0,1.0,78.0,13,388,6331,4,1.0
97,0.0,0.0,5.0840001,1.0,4.0,10,37.01876919048463,73.28116827806113,pobre,0,0,0.0,759.0,1.0,78.0,10,388,6332,4,1.0
98,0.0,0.0,5.0840001,,,10,37.01876919048463,73.28116827806113,pobre,0,0,0.0,759.0,1.0,78.0,11,388,6332,4,1.0
97,1.0,0.0,5.0840001,1.0,2.0,10,37.01876919048463,73.28116827806113,pobre,0,0,0.0,759.0,1.0,78.0,8,388,6333,2,1.0
98,1.0,0.0,5.0840001,,,10,37.01876919048463,73.28116827806113,pobre,0,0,0.0,759.0,1.0,78.0,9,388,6333,2,1.0
97,1.0,0.0,5.0840001,1.0,6.0,5,37.01876919048463,73.28116827806113,no pobre,0,3,166.66667,784.0,1.0,42.0,13,388,6334,6,1.0
98,1.0,0.0,5.0840001,0.0,6.0,5,37.01876919048463,73.28116827806113,no pobre,0,3,166.66667,784.0,1.0,42.0,14,388,6334,6,1.0
97,0.0,0.0,5.0840001,0.0,6.0,5,37.01876919048463,73.28116827806113,no pobre,0,3,166.66667,784.0,1.0,42.0,12,388,6335,6,0.0
98,0.0,0.0,5.0840001,0.0,6.0,5,37.01876919048463,73.28116827806113,no pobre,0,3,166.66667,784.0,1.0,42.0,13,388,6335,6,0.0
97,1.0,0.0,5.0840001,1.0,0.0,5,37.01876919048463,73.28116827806113,no pobre,0,3,166.66667,784.0,1.0,42.0,6,388,6336,0,1.0
98,1.0,0.0,5.0840001,1.0,1.0,5,37.01876919048463,73.28116827806113,no pobre,0,3,166.66667,784.0,1.0,42.0,7,388,6336,0,1.0
97,0.0,0.0,5.0840001,1.0,0.0,5,37.01876919048463,73.28116827806113,pobre,0,0,0.0,627.45001,0.0,72.0,7,388,6337,0,1.0
98,0.0,0.0,5.0840001,1.0,1.0,5,37.01876919048463,73.28116827806113,pobre,0,0,0.0,627.45001,0.0,72.0,8,388,6337,0,1.0
97,1.0,0.0,5.0840001,0.0,3.0,9,37.01876919048463,73.28116827806113,pobre,0,3,750.0,696.0,1.0,54.0,14,388,6338,3,0.0
98,1.0,0.0,5.0840001,,,9,37.01876919048463,73.28116827806113,pobre,0,3,750.0,696.0,1.0,54.0,15,388,6338,3,0.0
97,0.0,0.0,5.0840001,,0.0,9,37.01876919048463,73.28116827806113,pobre,0,3,750.0,696.0,1.0,54.0,11,388,6339,0,
98,0.0,0.0,5.0840001,,,9,37.01876919048463,73.28116827806113,pobre,0,3,750.0,696.0,1.0,54.0,12,388,6339,0,
97,1.0,0.0,5.0840001,,0.0,9,37.01876919048463,73.28116827806113,pobre,0,3,750.0,696.0,1.0,54.0,8,388,6340,0,
98,1.0,0.0,5.0840001,,,9,37.01876919048463,73.28116827806113,pobre,0,3,750.0,696.0,1.0,54.0,9,388,6340,0,
97,0.0,0.0,5.0840001,0.0,2.0,6,37.01876919048463,73.28116827806113,pobre,0,6,750.0,812.0,1.0,32.0,9,388,6341,2,0.0
98,0.0,0.0,5.0840001,1.0,2.0,6,37.01876919048463,73.28116827806113,pobre,0,6,750.0,812.0,1.0,32.0,10,388,6341,2,0.0
97,0.0,0.0,5.0840001,1.0,10.0,8,37.01876919048463,73.28116827806113,pobre,0,3,750.0,755.0,0.0,44.0,15,388,6342,10,1.0
98,0.0,0.0,5.0840001,1.0,10.0,8,37.01876919048463,73.28116827806113,pobre,0,3,750.0,755.0,0.0,44.0,16,388,6342,10,1.0
97,0.0,0.0,5.0840001,1.0,7.0,8,37.01876919048463,73.28116827806113,pobre,0,3,750.0,755.0,0.0,44.0,13,388,6343,7,1.0
98,0.0,0.0,5.0840001,1.0,8.0,8,37.01876919048463,73.28116827806113,pobre,0,3,750.0,755.0,0.0,44.0,14,388,6343,7,1.0
97,1.0,0.0,5.0840001,1.0,5.0,8,37.01876919048463,73.28116827806113,pobre,0,3,750.0,755.0,0.0,44.0,11,388,6344,5,1.0
98,1.0,0.0,5.0840001,1.0,6.0,8,37.01876919048463,73.28116827806113,pobre,0,3,750.0,755.0,0.0,44.0,12,388,6344,5,1.0
97,1.0,0.0,5.0840001,1.0,2.0,5,37.01876919048463,73.28116827806113,pobre,0,3,500.0,694.0,1.0,36.0,8,388,6345,2,1.0
98,1.0,0.0,5.0840001,1.0,3.0,5,37.01876919048463,73.28116827806113,pobre,0,3,500.0,694.0,1.0,36.0,9,388,6345,2,1.0
97,0.0,0.0,5.0840001,1.0,1.0,5,37.01876919048463,73.28116827806113,pobre,0,3,500.0,694.0,1.0,36.0,6,388,6346,1,1.0
98,0.0,0.0,5.0840001,1.0,1.0,5,37.01876919048463,73.28116827806113,pobre,0,3,500.0,694.0,1.0,36.0,7,388,6346,1,1.0
97,1.0,0.0,5.0840001,0.0,6.0,5,37.01876919048463,73.28116827806113,pobre,0,3,500.0,758.0,0.0,45.0,15,388,6347,6,0.0
98,1.0,0.0,5.0840001,0.0,6.0,5,37.01876919048463,73.28116827806113,pobre,0,3,500.0,758.0,0.0,45.0,16,388,6347,6,0.0
97,0.0,0.0,5.0840001,1.0,6.0,5,37.01876919048463,73.28116827806113,pobre,0,3,500.0,758.0,0.0,45.0,13,388,6348,6,1.0
98,0.0,0.0,5.0840001,0.0,6.0,5,37.01876919048463,73.28116827806113,pobre,0,3,500.0,758.0,0.0,45.0,14,388,6348,6,1.0
97,1.0,0.0,5.0840001,1.0,5.0,5,37.01876919048463,73.28116827806113,pobre,0,3,500.0,758.0,0.0,45.0,10,388,6349,5,1.0
98,1.0,0.0,5.0840001,1.0,6.0,5,37.01876919048463,73.28116827806113,pobre,0,3,500.0,758.0,0.0,45.0,11,388,6349,5,1.0
97,0.0,0.0,5.0840001,,0.0,5,37.01876919048463,73.28116827806113,pobre,0,3,750.0,761.0,1.0,26.0,6,388,6350,0,
98,0.0,0.0,5.0840001,,,5,37.01876919048463,73.28116827806113,pobre,0,3,750.0,761.0,1.0,26.0,7,388,6350,0,
97,0.0,0.0,5.0840001,1.0,6.0,4,37.01876919048463,73.28116827806113,pobre,0,0,0.0,750.0,0.0,65.0,12,388,6351,6,1.0
98,0.0,0.0,5.0840001,,,4,37.01876919048463,73.28116827806113,pobre,0,0,0.0,750.0,0.0,65.0,13,388,6351,6,1.0
97,0.0,0.0,5.0840001,0.0,6.0,7,37.01876919048463,73.28116827806113,pobre,0,4,750.0,738.0,1.0,40.0,14,388,6352,6,0.0
98,0.0,0.0,5.0840001,,,7,37.01876919048463,73.28116827806113,pobre,0,4,750.0,738.0,1.0,40.0,15,388,6352,6,0.0
97,1.0,0.0,5.0840001,1.0,4.0,7,37.01876919048463,73.28116827806113,pobre,0,4,750.0,738.0,1.0,40.0,10,388,6353,4,1.0
98,1.0,0.0,5.0840001,,,7,37.01876919048463,73.28116827806113,pobre,0,4,750.0,738.0,1.0,40.0,11,388,6353,4,1.0
97,1.0,0.0,5.0840001,1.0,6.0,7,37.01876919048463,73.28116827806113,no pobre,0,2,625.0,766.45001,1.0,49.0,13,388,6354,6,1.0
98,1.0,0.0,5.0840001,0.0,6.0,7,37.01876919048463,73.28116827806113,no pobre,0,2,625.0,766.45001,1.0,49.0,14,388,6354,6,1.0
97,1.0,0.0,5.0840001,0.0,6.0,7,37.01876919048463,73.28116827806113,no pobre,0,2,625.0,766.45001,1.0,49.0,16,388,6355,6,0.0
98,1.0,0.0,5.0840001,0.0,6.0,7,37.01876919048463,73.28116827806113,no pobre,0,2,625.0,766.45001,1.0,49.0,17,388,6355,6,0.0
97,1.0,0.0,5.0840001,1.0,6.0,7,37.01876919048463,73.28116827806113,no pobre,0,2,625.0,766.45001,1.0,49.0,11,388,6356,6,1.0
98,1.0,0.0,5.0840001,0.0,6.0,7,37.01876919048463,73.28116827806113,no pobre,0,2,625.0,766.45001,1.0,49.0,12,388,6356,6,1.0
97,1.0,0.0,5.0840001,1.0,1.0,7,37.01876919048463,73.28116827806113,no pobre,0,2,625.0,766.45001,1.0,49.0,7,388,6357,1,1.0
98,1.0,0.0,5.0840001,1.0,1.0,7,37.01876919048463,73.28116827806113,no pobre,0,2,625.0,766.45001,1.0,49.0,8,388,6357,1,1.0
97,0.0,0.0,5.0840001,,0.0,7,37.01876919048463,73.28116827806113,no pobre,0,2,625.0,766.45001,1.0,49.0,7,388,6358,0,
98,0.0,0.0,5.0840001,1.0,1.0,7,37.01876919048463,73.28116827806113,no pobre,0,2,625.0,766.45001,1.0,49.0,8,388,6358,0,
97,0.0,0.0,3.0599999,0.0,6.0,3,25.68234925343753,108.5747992255838,pobre,basal,3,900.0,785.0,1.0,34.0,15,383,6359,6,0.0
98,0.0,0.0,3.0599999,0.0,6.0,3,25.68234925343753,108.5747992255838,pobre,basal,3,900.0,785.0,1.0,34.0,16,383,6359,6,0.0
97,0.0,0.0,3.0599999,0.0,3.0,7,25.68234925343753,108.5747992255838,pobre,basal,5,625.0,600.0,1.0,38.0,12,383,6360,3,0.0
98,0.0,0.0,3.0599999,1.0,3.0,7,25.68234925343753,108.5747992255838,pobre,basal,5,625.0,600.0,1.0,38.0,13,383,6360,3,0.0
97,0.0,0.0,3.0599999,1.0,2.0,7,25.68234925343753,108.5747992255838,pobre,basal,5,625.0,600.0,1.0,38.0,10,383,6361,2,1.0
98,0.0,0.0,3.0599999,1.0,3.0,7,25.68234925343753,108.5747992255838,pobre,basal,5,625.0,600.0,1.0,38.0,11,383,6361,2,1.0
97,1.0,0.0,3.0599999,1.0,2.0,7,25.68234925343753,108.5747992255838,pobre,basal,5,625.0,600.0,1.0,38.0,8,383,6362,2,1.0
98,1.0,0.0,3.0599999,1.0,3.0,7,25.68234925343753,108.5747992255838,pobre,basal,5,625.0,600.0,1.0,38.0,9,383,6362,2,1.0
97,0.0,0.0,3.0599999,0.0,5.0,8,25.68234925343753,108.5747992255838,pobre,basal,0,150.0,687.0,1.0,50.0,15,383,6363,5,0.0
98,0.0,0.0,3.0599999,,,8,25.68234925343753,108.5747992255838,pobre,basal,0,150.0,687.0,1.0,50.0,16,383,6363,5,0.0
97,1.0,0.0,3.0599999,0.0,6.0,8,25.68234925343753,108.5747992255838,pobre,basal,0,150.0,687.0,1.0,50.0,15,383,6364,6,0.0
98,1.0,0.0,3.0599999,,,8,25.68234925343753,108.5747992255838,pobre,basal,0,150.0,687.0,1.0,50.0,16,383,6364,6,0.0
97,1.0,0.0,3.0599999,1.0,4.0,8,25.68234925343753,108.5747992255838,pobre,basal,0,150.0,687.0,1.0,50.0,11,383,6365,4,1.0
98,1.0,0.0,3.0599999,1.0,5.0,8,25.68234925343753,108.5747992255838,pobre,basal,0,150.0,687.0,1.0,50.0,12,383,6365,4,1.0
97,0.0,0.0,3.0599999,1.0,2.0,8,25.68234925343753,108.5747992255838,pobre,basal,0,150.0,687.0,1.0,50.0,9,383,6366,2,1.0
98,0.0,0.0,3.0599999,1.0,3.0,8,25.68234925343753,108.5747992255838,pobre,basal,0,150.0,687.0,1.0,50.0,10,383,6366,2,1.0
97,0.0,0.0,3.0599999,1.0,1.0,8,25.68234925343753,108.5747992255838,pobre,basal,0,150.0,687.0,1.0,50.0,8,383,6367,1,1.0
98,0.0,0.0,3.0599999,1.0,2.0,8,25.68234925343753,108.5747992255838,pobre,basal,0,150.0,687.0,1.0,50.0,9,383,6367,1,1.0
97,1.0,0.0,3.0599999,1.0,5.0,3,25.68234925343753,108.5747992255838,pobre,basal,0,166.66667,647.0,1.0,42.0,14,383,6368,5,1.0
98,1.0,0.0,3.0599999,1.0,6.0,3,25.68234925343753,108.5747992255838,pobre,basal,0,166.66667,647.0,1.0,42.0,15,383,6368,5,1.0
97,1.0,0.0,3.0599999,,0.0,7,25.68234925343753,108.5747992255838,no pobre,basal,0,500.0,832.45001,1.0,58.0,14,383,6369,0,
98,1.0,0.0,3.0599999,0.0,6.0,7,25.68234925343753,108.5747992255838,no pobre,basal,0,500.0,832.45001,1.0,58.0,15,383,6369,0,
97,0.0,0.0,3.0599999,,0.0,7,25.68234925343753,108.5747992255838,no pobre,basal,0,500.0,832.45001,1.0,58.0,7,383,6370,0,
98,0.0,0.0,3.0599999,1.0,2.0,7,25.68234925343753,108.5747992255838,no pobre,basal,0,500.0,832.45001,1.0,58.0,8,383,6370,0,
97,1.0,0.0,3.0599999,,0.0,3,25.68234925343753,108.5747992255838,pobre,basal,1,500.0,737.45001,1.0,37.0,8,383,6371,0,
98,1.0,0.0,3.0599999,1.0,4.0,3,25.68234925343753,108.5747992255838,pobre,basal,1,500.0,737.45001,1.0,37.0,9,383,6371,0,
97,0.0,0.0,3.0599999,,0.0,6,25.68234925343753,108.5747992255838,pobre,basal,0,500.0,622.0,1.0,27.0,7,383,6372,0,
98,0.0,0.0,3.0599999,1.0,1.0,6,25.68234925343753,108.5747992255838,pobre,basal,0,500.0,622.0,1.0,27.0,8,383,6372,0,
97,0.0,0.0,3.0599999,1.0,6.0,8,25.68234925343753,108.5747992255838,pobre,basal,0,500.0,566.0,1.0,35.0,13,383,6373,6,1.0
98,0.0,0.0,3.0599999,0.0,6.0,8,25.68234925343753,108.5747992255838,pobre,basal,0,500.0,566.0,1.0,35.0,14,383,6373,6,1.0
97,0.0,0.0,3.0599999,1.0,6.0,8,25.68234925343753,108.5747992255838,pobre,basal,0,500.0,566.0,1.0,35.0,13,383,6374,6,1.0
98,0.0,0.0,3.0599999,1.0,7.0,8,25.68234925343753,108.5747992255838,pobre,basal,0,500.0,566.0,1.0,35.0,14,383,6374,6,1.0
97,0.0,0.0,3.0599999,1.0,5.0,8,25.68234925343753,108.5747992255838,pobre,basal,0,500.0,566.0,1.0,35.0,11,383,6375,5,1.0
98,0.0,0.0,3.0599999,1.0,6.0,8,25.68234925343753,108.5747992255838,pobre,basal,0,500.0,566.0,1.0,35.0,12,383,6375,5,1.0
97,1.0,0.0,3.0599999,1.0,2.0,8,25.68234925343753,108.5747992255838,pobre,basal,0,500.0,566.0,1.0,35.0,7,383,6376,2,1.0
98,1.0,0.0,3.0599999,1.0,3.0,8,25.68234925343753,108.5747992255838,pobre,basal,0,500.0,566.0,1.0,35.0,8,383,6376,2,1.0
97,0.0,0.0,2.1400001,1.0,5.0,5,24.75798393259217,106.719794395976,pobre,basal,0,0.0,634.0,0.0,60.0,13,384,6377,5,1.0
98,0.0,0.0,2.1400001,1.0,5.0,5,24.75798393259217,106.719794395976,pobre,basal,0,0.0,634.0,0.0,60.0,14,384,6377,5,1.0
97,0.0,0.0,2.1400001,1.0,4.0,5,24.75798393259217,106.719794395976,pobre,basal,0,0.0,634.0,0.0,60.0,9,384,6378,4,1.0
98,0.0,0.0,2.1400001,1.0,4.0,5,24.75798393259217,106.719794395976,pobre,basal,0,0.0,634.0,0.0,60.0,10,384,6378,4,1.0
97,1.0,0.0,2.1400001,1.0,0.0,6,24.75798393259217,106.719794395976,pobre,basal,0,625.0,519.0,1.0,30.0,8,384,6379,0,1.0
98,1.0,0.0,2.1400001,1.0,3.0,6,24.75798393259217,106.719794395976,pobre,basal,0,625.0,519.0,1.0,30.0,9,384,6379,0,1.0
97,1.0,0.0,2.1400001,1.0,1.0,6,24.75798393259217,106.719794395976,pobre,basal,0,625.0,519.0,1.0,30.0,7,384,6380,1,1.0
98,1.0,0.0,2.1400001,1.0,2.0,6,24.75798393259217,106.719794395976,pobre,basal,0,625.0,519.0,1.0,30.0,8,384,6380,1,1.0
97,0.0,0.0,2.1400001,1.0,0.0,7,24.75798393259217,106.719794395976,pobre,basal,2,500.0,471.0,1.0,28.0,7,384,6381,0,1.0
98,0.0,0.0,2.1400001,1.0,0.0,7,24.75798393259217,106.719794395976,pobre,basal,2,500.0,471.0,1.0,28.0,8,384,6381,0,1.0
97,0.0,0.0,2.1400001,1.0,0.0,7,24.75798393259217,106.719794395976,pobre,basal,2,500.0,471.0,1.0,28.0,6,384,6382,0,1.0
98,0.0,0.0,2.1400001,1.0,0.0,7,24.75798393259217,106.719794395976,pobre,basal,2,500.0,471.0,1.0,28.0,7,384,6382,0,1.0
97,0.0,0.0,2.1400001,1.0,5.0,10,24.75798393259217,106.719794395976,pobre,basal,0,500.0,610.0,1.0,40.0,13,384,6383,5,1.0
98,0.0,0.0,2.1400001,1.0,5.0,10,24.75798393259217,106.719794395976,pobre,basal,0,500.0,610.0,1.0,40.0,14,384,6383,5,1.0
97,0.0,0.0,2.1400001,1.0,5.0,10,24.75798393259217,106.719794395976,pobre,basal,0,500.0,610.0,1.0,40.0,13,384,6384,5,1.0
98,0.0,0.0,2.1400001,1.0,5.0,10,24.75798393259217,106.719794395976,pobre,basal,0,500.0,610.0,1.0,40.0,14,384,6384,5,1.0
97,0.0,0.0,2.1400001,1.0,0.0,10,24.75798393259217,106.719794395976,pobre,basal,0,500.0,610.0,1.0,40.0,12,384,6385,0,1.0
98,0.0,0.0,2.1400001,1.0,3.0,10,24.75798393259217,106.719794395976,pobre,basal,0,500.0,610.0,1.0,40.0,13,384,6385,0,1.0
97,1.0,0.0,2.1400001,1.0,2.0,10,24.75798393259217,106.719794395976,pobre,basal,0,500.0,610.0,1.0,40.0,10,384,6386,2,1.0
98,1.0,0.0,2.1400001,1.0,3.0,10,24.75798393259217,106.719794395976,pobre,basal,0,500.0,610.0,1.0,40.0,11,384,6386,2,1.0
97,0.0,0.0,2.1400001,1.0,2.0,10,24.75798393259217,106.719794395976,pobre,basal,0,500.0,610.0,1.0,40.0,9,384,6387,2,1.0
98,0.0,0.0,2.1400001,1.0,3.0,10,24.75798393259217,106.719794395976,pobre,basal,0,500.0,610.0,1.0,40.0,10,384,6387,2,1.0
97,1.0,0.0,2.1400001,1.0,2.0,5,24.75798393259217,106.719794395976,pobre,basal,3,625.0,645.0,1.0,43.0,10,384,6388,2,1.0
98,1.0,0.0,2.1400001,1.0,3.0,5,24.75798393259217,106.719794395976,pobre,basal,3,625.0,645.0,1.0,43.0,11,384,6388,2,1.0
97,1.0,0.0,2.1400001,1.0,2.0,9,24.75798393259217,106.719794395976,no pobre,basal,4,800.0,807.0,1.0,48.0,10,384,6389,2,1.0
98,1.0,0.0,2.1400001,1.0,4.0,9,24.75798393259217,106.719794395976,no pobre,basal,4,800.0,807.0,1.0,48.0,11,384,6389,2,1.0
97,0.0,0.0,2.1400001,1.0,4.0,9,24.75798393259217,106.719794395976,no pobre,basal,4,800.0,807.0,1.0,48.0,16,384,6390,4,1.0
98,0.0,0.0,2.1400001,,,9,24.75798393259217,106.719794395976,no pobre,basal,4,800.0,807.0,1.0,48.0,17,384,6390,4,1.0
97,0.0,0.0,2.1400001,1.0,4.0,9,24.75798393259217,106.719794395976,no pobre,basal,4,800.0,807.0,1.0,48.0,15,384,6391,4,1.0
98,0.0,0.0,2.1400001,0.0,4.0,9,24.75798393259217,106.719794395976,no pobre,basal,4,800.0,807.0,1.0,48.0,16,384,6391,4,1.0
97,1.0,0.0,2.1400001,1.0,0.0,9,24.75798393259217,106.719794395976,no pobre,basal,4,800.0,807.0,1.0,48.0,6,384,6392,0,1.0
98,1.0,0.0,2.1400001,1.0,0.0,9,24.75798393259217,106.719794395976,no pobre,basal,4,800.0,807.0,1.0,48.0,7,384,6392,0,1.0
97,1.0,0.0,2.1400001,0.0,6.0,13,24.75798393259217,106.719794395976,pobre,basal,1,500.0,757.0,1.0,62.0,14,384,6393,6,0.0
98,1.0,0.0,2.1400001,0.0,6.0,13,24.75798393259217,106.719794395976,pobre,basal,1,500.0,757.0,1.0,62.0,15,384,6393,6,0.0
97,1.0,0.0,2.1400001,0.0,6.0,13,24.75798393259217,106.719794395976,pobre,basal,1,500.0,757.0,1.0,62.0,13,384,6394,6,0.0
98,1.0,0.0,2.1400001,0.0,6.0,13,24.75798393259217,106.719794395976,pobre,basal,1,500.0,757.0,1.0,62.0,14,384,6394,6,0.0
97,0.0,0.0,2.1400001,1.0,2.0,13,24.75798393259217,106.719794395976,pobre,basal,1,500.0,757.0,1.0,62.0,9,384,6395,2,1.0
98,0.0,0.0,2.1400001,1.0,2.0,13,24.75798393259217,106.719794395976,pobre,basal,1,500.0,757.0,1.0,62.0,10,384,6395,2,1.0
97,1.0,0.0,2.1400001,0.0,5.0,13,24.75798393259217,106.719794395976,pobre,basal,1,500.0,757.0,1.0,62.0,16,384,6396,5,0.0
98,1.0,0.0,2.1400001,,,13,24.75798393259217,106.719794395976,pobre,basal,1,500.0,757.0,1.0,62.0,17,384,6396,5,0.0
97,1.0,0.0,2.1400001,1.0,4.0,13,24.75798393259217,106.719794395976,pobre,basal,1,500.0,757.0,1.0,62.0,12,384,6397,4,1.0
98,1.0,0.0,2.1400001,,,13,24.75798393259217,106.719794395976,pobre,basal,1,500.0,757.0,1.0,62.0,13,384,6397,4,1.0
97,1.0,0.0,2.1400001,0.0,6.0,7,24.75798393259217,106.719794395976,pobre,basal,0,500.0,473.0,1.0,33.0,12,384,6398,6,0.0
98,1.0,0.0,2.1400001,0.0,6.0,7,24.75798393259217,106.719794395976,pobre,basal,0,500.0,473.0,1.0,33.0,13,384,6398,6,0.0
97,1.0,0.0,2.1400001,1.0,2.0,7,24.75798393259217,106.719794395976,pobre,basal,0,500.0,473.0,1.0,33.0,8,384,6399,2,1.0
98,1.0,0.0,2.1400001,1.0,2.0,7,24.75798393259217,106.719794395976,pobre,basal,0,500.0,473.0,1.0,33.0,9,384,6399,2,1.0
97,0.0,0.0,2.1400001,1.0,3.0,7,24.75798393259217,106.719794395976,pobre,basal,0,500.0,473.0,1.0,33.0,7,384,6400,3,1.0
98,0.0,0.0,2.1400001,1.0,1.0,7,24.75798393259217,106.719794395976,pobre,basal,0,500.0,473.0,1.0,33.0,8,384,6400,3,1.0
97,0.0,0.0,5.0840001,1.0,5.0,6,37.01876919048463,73.28116827806113,no pobre,0,2,625.0,817.0,1.0,45.0,11,388,6401,5,1.0
98,0.0,0.0,5.0840001,0.0,6.0,6,37.01876919048463,73.28116827806113,no pobre,0,2,625.0,817.0,1.0,45.0,12,388,6401,5,1.0
97,1.0,0.0,3.016,1.0,5.0,4,27.60167970887829,80.73536426718873,no pobre,basal,11,0.0,975.0,1.0,38.0,11,385,6402,5,1.0
98,1.0,0.0,3.016,1.0,6.0,4,27.60167970887829,80.73536426718873,no pobre,basal,11,0.0,975.0,1.0,38.0,12,385,6402,5,1.0
97,1.0,0.0,3.016,1.0,4.0,4,27.60167970887829,80.73536426718873,no pobre,basal,11,0.0,975.0,1.0,38.0,10,385,6403,4,1.0
98,1.0,0.0,3.016,1.0,5.0,4,27.60167970887829,80.73536426718873,no pobre,basal,11,0.0,975.0,1.0,38.0,11,385,6403,4,1.0
97,1.0,0.0,3.016,1.0,5.0,5,27.60167970887829,80.73536426718873,pobre,basal,5,625.0,693.0,1.0,32.0,11,385,6404,5,1.0
98,1.0,0.0,3.016,1.0,6.0,5,27.60167970887829,80.73536426718873,pobre,basal,5,625.0,693.0,1.0,32.0,12,385,6404,5,1.0
97,1.0,0.0,3.016,1.0,1.0,5,27.60167970887829,80.73536426718873,pobre,basal,5,625.0,693.0,1.0,32.0,8,385,6405,1,1.0
98,1.0,0.0,3.016,1.0,2.0,5,27.60167970887829,80.73536426718873,pobre,basal,5,625.0,693.0,1.0,32.0,9,385,6405,1,1.0
97,0.0,0.0,3.016,1.0,1.0,5,27.60167970887829,80.73536426718873,pobre,basal,5,625.0,693.0,1.0,32.0,7,385,6406,1,1.0
98,0.0,0.0,3.016,1.0,1.0,5,27.60167970887829,80.73536426718873,pobre,basal,5,625.0,693.0,1.0,32.0,8,385,6406,1,1.0
97,1.0,0.0,3.016,0.0,6.0,5,27.60167970887829,80.73536426718873,no pobre,basal,4,500.0,795.0,1.0,40.0,16,385,6407,6,0.0
98,1.0,0.0,3.016,,,5,27.60167970887829,80.73536426718873,no pobre,basal,4,500.0,795.0,1.0,40.0,17,385,6407,6,0.0
97,0.0,0.0,3.016,0.0,7.0,5,27.60167970887829,80.73536426718873,no pobre,basal,4,500.0,795.0,1.0,40.0,14,385,6408,7,0.0
98,0.0,0.0,3.016,1.0,7.0,5,27.60167970887829,80.73536426718873,no pobre,basal,4,500.0,795.0,1.0,40.0,15,385,6408,7,0.0
97,1.0,0.0,3.016,0.0,6.0,4,27.60167970887829,80.73536426718873,pobre,basal,2,3750.0,768.0,1.0,34.0,13,385,6409,6,0.0
98,1.0,0.0,3.016,0.0,6.0,4,27.60167970887829,80.73536426718873,pobre,basal,2,3750.0,768.0,1.0,34.0,14,385,6409,6,0.0
97,1.0,0.0,3.016,1.0,7.0,7,27.60167970887829,80.73536426718873,pobre,basal,2,1000.0,736.0,1.0,32.0,14,385,6410,7,1.0
98,1.0,0.0,3.016,1.0,8.0,7,27.60167970887829,80.73536426718873,pobre,basal,2,1000.0,736.0,1.0,32.0,15,385,6410,7,1.0
97,0.0,0.0,3.016,0.0,6.0,7,27.60167970887829,80.73536426718873,pobre,basal,2,1000.0,736.0,1.0,32.0,13,385,6411,6,0.0
98,0.0,0.0,3.016,1.0,6.0,7,27.60167970887829,80.73536426718873,pobre,basal,2,1000.0,736.0,1.0,32.0,14,385,6411,6,0.0
97,0.0,0.0,3.016,1.0,3.0,7,27.60167970887829,80.73536426718873,pobre,basal,2,1000.0,736.0,1.0,32.0,10,385,6412,3,1.0
98,0.0,0.0,3.016,1.0,4.0,7,27.60167970887829,80.73536426718873,pobre,basal,2,1000.0,736.0,1.0,32.0,11,385,6412,3,1.0
97,1.0,0.0,3.016,1.0,0.0,7,27.60167970887829,80.73536426718873,pobre,basal,2,1000.0,736.0,1.0,32.0,6,385,6413,0,1.0
98,1.0,0.0,3.016,1.0,1.0,7,27.60167970887829,80.73536426718873,pobre,basal,2,1000.0,736.0,1.0,32.0,7,385,6413,0,1.0
97,1.0,0.0,3.016,0.0,3.0,6,27.60167970887829,80.73536426718873,no pobre,basal,1,500.0,816.0,1.0,53.0,16,385,6414,3,0.0
98,1.0,0.0,3.016,,,6,27.60167970887829,80.73536426718873,no pobre,basal,1,500.0,816.0,1.0,53.0,17,385,6414,3,0.0
97,1.0,0.0,3.016,1.0,6.0,5,27.60167970887829,80.73536426718873,no pobre,basal,6,0.0,769.0,1.0,48.0,13,385,6415,6,1.0
98,1.0,0.0,3.016,1.0,7.0,5,27.60167970887829,80.73536426718873,no pobre,basal,6,0.0,769.0,1.0,48.0,14,385,6415,6,1.0
97,1.0,0.0,3.016,1.0,6.0,5,27.60167970887829,80.73536426718873,no pobre,basal,6,0.0,769.0,1.0,48.0,12,385,6416,6,1.0
98,1.0,0.0,3.016,1.0,7.0,5,27.60167970887829,80.73536426718873,no pobre,basal,6,0.0,769.0,1.0,48.0,13,385,6416,6,1.0
97,1.0,0.0,3.016,1.0,1.0,7,27.60167970887829,80.73536426718873,pobre,basal,0,0.0,598.0,0.0,80.0,7,385,6417,1,1.0
98,1.0,0.0,3.016,1.0,2.0,7,27.60167970887829,80.73536426718873,pobre,basal,0,0.0,598.0,0.0,80.0,8,385,6417,1,1.0
97,0.0,0.0,3.016,1.0,0.0,7,27.60167970887829,80.73536426718873,pobre,basal,0,0.0,598.0,0.0,80.0,6,385,6418,0,1.0
98,0.0,0.0,3.016,1.0,1.0,7,27.60167970887829,80.73536426718873,pobre,basal,0,0.0,598.0,0.0,80.0,7,385,6418,0,1.0
97,0.0,0.0,3.016,1.0,10.0,5,27.60167970887829,80.73536426718873,pobre,basal,2,375.0,788.0,1.0,41.0,15,385,6419,10,1.0
98,0.0,0.0,3.016,1.0,9.0,5,27.60167970887829,80.73536426718873,pobre,basal,2,375.0,788.0,1.0,41.0,16,385,6419,10,1.0
97,0.0,0.0,3.016,1.0,7.0,5,27.60167970887829,80.73536426718873,pobre,basal,2,375.0,788.0,1.0,41.0,13,385,6420,7,1.0
98,0.0,0.0,3.016,1.0,8.0,5,27.60167970887829,80.73536426718873,pobre,basal,2,375.0,788.0,1.0,41.0,14,385,6420,7,1.0
97,1.0,0.0,3.016,1.0,5.0,5,27.60167970887829,80.73536426718873,pobre,basal,2,375.0,788.0,1.0,41.0,11,385,6421,5,1.0
98,1.0,0.0,3.016,1.0,6.0,5,27.60167970887829,80.73536426718873,pobre,basal,2,375.0,788.0,1.0,41.0,12,385,6421,5,1.0
97,0.0,0.0,3.016,1.0,8.0,5,27.60167970887829,80.73536426718873,no pobre,basal,0,500.0,821.0,1.0,50.0,15,385,6422,8,1.0
98,0.0,0.0,3.016,0.0,9.0,5,27.60167970887829,80.73536426718873,no pobre,basal,0,500.0,821.0,1.0,50.0,16,385,6422,8,1.0
97,1.0,0.0,3.016,1.0,5.0,5,27.60167970887829,80.73536426718873,no pobre,basal,0,500.0,821.0,1.0,50.0,11,385,6423,5,1.0
98,1.0,0.0,3.016,1.0,6.0,5,27.60167970887829,80.73536426718873,no pobre,basal,0,500.0,821.0,1.0,50.0,12,385,6423,5,1.0
97,0.0,0.0,3.016,1.0,5.0,6,27.60167970887829,80.73536426718873,pobre,basal,1,600.0,656.0,1.0,55.0,13,385,6424,5,1.0
98,0.0,0.0,3.016,1.0,6.0,6,27.60167970887829,80.73536426718873,pobre,basal,1,600.0,656.0,1.0,55.0,14,385,6424,5,1.0
97,1.0,0.0,3.016,1.0,3.0,6,27.60167970887829,80.73536426718873,pobre,basal,1,600.0,656.0,1.0,55.0,11,385,6425,3,1.0
98,1.0,0.0,3.016,1.0,4.0,6,27.60167970887829,80.73536426718873,pobre,basal,1,600.0,656.0,1.0,55.0,12,385,6425,3,1.0
97,1.0,0.0,3.016,1.0,4.0,6,27.60167970887829,80.73536426718873,pobre,basal,1,600.0,656.0,1.0,55.0,9,385,6426,4,1.0
98,1.0,0.0,3.016,1.0,4.0,6,27.60167970887829,80.73536426718873,pobre,basal,1,600.0,656.0,1.0,55.0,10,385,6426,4,1.0
97,1.0,0.0,3.016,1.0,1.0,6,27.60167970887829,80.73536426718873,pobre,basal,1,600.0,656.0,1.0,55.0,8,385,6427,1,1.0
98,1.0,0.0,3.016,1.0,2.0,6,27.60167970887829,80.73536426718873,pobre,basal,1,600.0,656.0,1.0,55.0,9,385,6427,1,1.0
97,1.0,0.0,3.016,0.0,5.0,7,27.60167970887829,80.73536426718873,pobre,basal,1,500.0,774.0,1.0,37.0,15,385,6428,5,0.0
98,1.0,0.0,3.016,0.0,5.0,7,27.60167970887829,80.73536426718873,pobre,basal,1,500.0,774.0,1.0,37.0,16,385,6428,5,0.0
97,1.0,0.0,3.016,1.0,4.0,7,27.60167970887829,80.73536426718873,pobre,basal,1,500.0,774.0,1.0,37.0,9,385,6429,4,1.0
98,1.0,0.0,3.016,1.0,4.0,7,27.60167970887829,80.73536426718873,pobre,basal,1,500.0,774.0,1.0,37.0,10,385,6429,4,1.0
97,0.0,0.0,3.016,1.0,1.0,7,27.60167970887829,80.73536426718873,pobre,basal,1,500.0,774.0,1.0,37.0,7,385,6430,1,1.0
98,0.0,0.0,3.016,1.0,1.0,7,27.60167970887829,80.73536426718873,pobre,basal,1,500.0,774.0,1.0,37.0,8,385,6430,1,1.0
97,0.0,0.0,3.016,0.0,1.0,6,27.60167970887829,80.73536426718873,pobre,basal,2,1000.0,657.0,1.0,40.0,13,385,6431,1,0.0
98,0.0,0.0,3.016,1.0,1.0,6,27.60167970887829,80.73536426718873,pobre,basal,2,1000.0,657.0,1.0,40.0,14,385,6431,1,0.0
97,0.0,0.0,3.016,1.0,2.0,6,27.60167970887829,80.73536426718873,pobre,basal,2,1000.0,657.0,1.0,40.0,11,385,6432,2,1.0
98,0.0,0.0,3.016,1.0,3.0,6,27.60167970887829,80.73536426718873,pobre,basal,2,1000.0,657.0,1.0,40.0,12,385,6432,2,1.0
97,1.0,0.0,3.016,1.0,1.0,6,27.60167970887829,80.73536426718873,pobre,basal,2,1000.0,657.0,1.0,40.0,7,385,6433,1,1.0
98,1.0,0.0,3.016,1.0,2.0,6,27.60167970887829,80.73536426718873,pobre,basal,2,1000.0,657.0,1.0,40.0,8,385,6433,1,1.0
97,1.0,0.0,3.016,1.0,0.0,6,27.60167970887829,80.73536426718873,pobre,basal,2,1000.0,657.0,1.0,40.0,6,385,6434,0,1.0
98,1.0,0.0,3.016,1.0,1.0,6,27.60167970887829,80.73536426718873,pobre,basal,2,1000.0,657.0,1.0,40.0,7,385,6434,0,1.0
97,1.0,0.0,3.016,1.0,8.0,4,27.60167970887829,80.73536426718873,pobre,basal,6,500.0,791.0,1.0,32.0,14,385,6435,8,1.0
98,1.0,0.0,3.016,,,4,27.60167970887829,80.73536426718873,pobre,basal,6,500.0,791.0,1.0,32.0,15,385,6435,8,1.0
97,0.0,0.0,3.016,1.0,5.0,5,27.60167970887829,80.73536426718873,pobre,basal,2,400.0,644.0,1.0,27.0,11,385,6436,5,1.0
98,0.0,0.0,3.016,1.0,5.0,5,27.60167970887829,80.73536426718873,pobre,basal,2,400.0,644.0,1.0,27.0,12,385,6436,5,1.0
97,1.0,0.0,3.016,1.0,4.0,5,27.60167970887829,80.73536426718873,pobre,basal,2,400.0,644.0,1.0,27.0,10,385,6437,4,1.0
98,1.0,0.0,3.016,1.0,4.0,5,27.60167970887829,80.73536426718873,pobre,basal,2,400.0,644.0,1.0,27.0,11,385,6437,4,1.0
97,1.0,0.0,3.016,1.0,2.0,5,27.60167970887829,80.73536426718873,pobre,basal,2,400.0,644.0,1.0,27.0,8,385,6438,2,1.0
98,1.0,0.0,3.016,1.0,3.0,5,27.60167970887829,80.73536426718873,pobre,basal,2,400.0,644.0,1.0,27.0,9,385,6438,2,1.0
97,1.0,0.0,3.016,1.0,1.0,4,27.60167970887829,80.73536426718873,pobre,basal,0,625.0,716.0,1.0,27.0,6,385,6439,1,1.0
98,1.0,0.0,3.016,1.0,1.0,4,27.60167970887829,80.73536426718873,pobre,basal,0,625.0,716.0,1.0,27.0,7,385,6439,1,1.0
97,1.0,0.0,3.016,1.0,7.0,7,27.60167970887829,80.73536426718873,pobre,basal,0,625.0,652.0,1.0,33.0,15,385,6440,7,1.0
98,1.0,0.0,3.016,1.0,,7,27.60167970887829,80.73536426718873,pobre,basal,0,625.0,652.0,1.0,33.0,16,385,6440,7,1.0
97,1.0,0.0,3.016,1.0,4.0,7,27.60167970887829,80.73536426718873,pobre,basal,0,625.0,652.0,1.0,33.0,13,385,6441,4,1.0
98,1.0,0.0,3.016,1.0,,7,27.60167970887829,80.73536426718873,pobre,basal,0,625.0,652.0,1.0,33.0,14,385,6441,4,1.0
97,1.0,0.0,3.016,1.0,1.0,7,27.60167970887829,80.73536426718873,pobre,basal,0,625.0,652.0,1.0,33.0,7,385,6442,1,1.0
98,1.0,0.0,3.016,1.0,,7,27.60167970887829,80.73536426718873,pobre,basal,0,625.0,652.0,1.0,33.0,8,385,6442,1,1.0
97,1.0,0.0,3.016,1.0,7.0,9,27.60167970887829,80.73536426718873,pobre,basal,0,625.0,720.5,1.0,42.0,15,385,6443,7,1.0
98,1.0,0.0,3.016,1.0,8.0,9,27.60167970887829,80.73536426718873,pobre,basal,0,625.0,720.5,1.0,42.0,16,385,6443,7,1.0
97,1.0,0.0,3.016,1.0,5.0,9,27.60167970887829,80.73536426718873,pobre,basal,0,625.0,720.5,1.0,42.0,13,385,6444,5,1.0
98,1.0,0.0,3.016,1.0,6.0,9,27.60167970887829,80.73536426718873,pobre,basal,0,625.0,720.5,1.0,42.0,14,385,6444,5,1.0
97,1.0,0.0,3.016,1.0,4.0,9,27.60167970887829,80.73536426718873,pobre,basal,0,625.0,720.5,1.0,42.0,11,385,6445,4,1.0
98,1.0,0.0,3.016,1.0,4.0,9,27.60167970887829,80.73536426718873,pobre,basal,0,625.0,720.5,1.0,42.0,12,385,6445,4,1.0
97,1.0,0.0,3.016,1.0,3.0,9,27.60167970887829,80.73536426718873,pobre,basal,0,625.0,720.5,1.0,42.0,10,385,6446,3,1.0
98,1.0,0.0,3.016,1.0,3.0,9,27.60167970887829,80.73536426718873,pobre,basal,0,625.0,720.5,1.0,42.0,11,385,6446,3,1.0
97,1.0,0.0,3.016,1.0,8.0,8,27.60167970887829,80.73536426718873,pobre,basal,1,1000.0,745.0,1.0,47.0,16,385,6447,8,1.0
98,1.0,0.0,3.016,,,8,27.60167970887829,80.73536426718873,pobre,basal,1,1000.0,745.0,1.0,47.0,17,385,6447,8,1.0
97,1.0,0.0,3.016,1.0,7.0,8,27.60167970887829,80.73536426718873,pobre,basal,1,1000.0,745.0,1.0,47.0,12,385,6448,7,1.0
98,1.0,0.0,3.016,1.0,8.0,8,27.60167970887829,80.73536426718873,pobre,basal,1,1000.0,745.0,1.0,47.0,13,385,6448,7,1.0
97,1.0,0.0,3.016,1.0,4.0,8,27.60167970887829,80.73536426718873,pobre,basal,1,1000.0,745.0,1.0,47.0,11,385,6449,4,1.0
98,1.0,0.0,3.016,1.0,5.0,8,27.60167970887829,80.73536426718873,pobre,basal,1,1000.0,745.0,1.0,47.0,12,385,6449,4,1.0
97,0.0,0.0,3.016,1.0,3.0,8,27.60167970887829,80.73536426718873,pobre,basal,1,1000.0,745.0,1.0,47.0,10,385,6450,3,1.0
98,0.0,0.0,3.016,1.0,4.0,8,27.60167970887829,80.73536426718873,pobre,basal,1,1000.0,745.0,1.0,47.0,11,385,6450,3,1.0
97,0.0,0.0,3.016,1.0,1.0,8,27.60167970887829,80.73536426718873,pobre,basal,1,1000.0,745.0,1.0,47.0,7,385,6451,1,1.0
98,0.0,0.0,3.016,1.0,2.0,8,27.60167970887829,80.73536426718873,pobre,basal,1,1000.0,745.0,1.0,47.0,8,385,6451,1,1.0
97,0.0,0.0,3.016,1.0,5.0,7,27.60167970887829,80.73536426718873,no pobre,basal,1,375.0,978.0,1.0,45.0,14,385,6452,5,1.0
98,0.0,0.0,3.016,1.0,6.0,7,27.60167970887829,80.73536426718873,no pobre,basal,1,375.0,978.0,1.0,45.0,15,385,6452,5,1.0
97,1.0,0.0,3.016,1.0,0.0,4,27.60167970887829,80.73536426718873,pobre,basal,6,625.0,586.0,1.0,30.0,7,385,6453,0,1.0
98,1.0,0.0,3.016,1.0,1.0,4,27.60167970887829,80.73536426718873,pobre,basal,6,625.0,586.0,1.0,30.0,8,385,6453,0,1.0
97,1.0,0.0,3.016,1.0,4.0,6,27.60167970887829,80.73536426718873,pobre,basal,0,650.0,532.0,1.0,28.0,10,385,6454,4,1.0
98,1.0,0.0,3.016,1.0,5.0,6,27.60167970887829,80.73536426718873,pobre,basal,0,650.0,532.0,1.0,28.0,11,385,6454,4,1.0
97,0.0,0.0,3.016,1.0,2.0,6,27.60167970887829,80.73536426718873,pobre,basal,0,650.0,532.0,1.0,28.0,9,385,6455,2,1.0
98,0.0,0.0,3.016,1.0,3.0,6,27.60167970887829,80.73536426718873,pobre,basal,0,650.0,532.0,1.0,28.0,10,385,6455,2,1.0
97,1.0,0.0,3.016,1.0,0.0,6,27.60167970887829,80.73536426718873,pobre,basal,0,650.0,532.0,1.0,28.0,8,385,6456,0,1.0
98,1.0,0.0,3.016,1.0,1.0,6,27.60167970887829,80.73536426718873,pobre,basal,0,650.0,532.0,1.0,28.0,9,385,6456,0,1.0
97,1.0,0.0,3.016,0.0,6.0,3,27.60167970887829,80.73536426718873,no pobre,basal,6,120.0,869.0,0.0,29.0,13,385,6457,6,0.0
98,1.0,0.0,3.016,0.0,6.0,3,27.60167970887829,80.73536426718873,no pobre,basal,6,120.0,869.0,0.0,29.0,14,385,6457,6,0.0
97,1.0,0.0,3.016,1.0,1.0,3,27.60167970887829,80.73536426718873,no pobre,basal,6,120.0,869.0,0.0,29.0,8,385,6458,1,1.0
98,1.0,0.0,3.016,1.0,2.0,3,27.60167970887829,80.73536426718873,no pobre,basal,6,120.0,869.0,0.0,29.0,9,385,6458,1,1.0
97,1.0,0.0,3.016,1.0,5.0,5,27.60167970887829,80.73536426718873,pobre,basal,9,720.0,756.0,1.0,30.0,10,385,6459,5,1.0
98,1.0,0.0,3.016,1.0,5.0,5,27.60167970887829,80.73536426718873,pobre,basal,9,720.0,756.0,1.0,30.0,11,385,6459,5,1.0
97,0.0,0.0,3.016,1.0,3.0,5,27.60167970887829,80.73536426718873,pobre,basal,9,720.0,756.0,1.0,30.0,8,385,6460,3,1.0
98,0.0,0.0,3.016,1.0,4.0,5,27.60167970887829,80.73536426718873,pobre,basal,9,720.0,756.0,1.0,30.0,9,385,6460,3,1.0
97,1.0,0.0,3.016,0.0,6.0,5,27.60167970887829,80.73536426718873,no pobre,basal,1,2500.0,960.0,1.0,54.0,16,385,6461,6,0.0
98,1.0,0.0,3.016,,,5,27.60167970887829,80.73536426718873,no pobre,basal,1,2500.0,960.0,1.0,54.0,17,385,6461,6,0.0
97,1.0,0.0,3.016,1.0,4.0,5,27.60167970887829,80.73536426718873,no pobre,basal,1,2500.0,960.0,1.0,54.0,13,385,6462,4,1.0
98,1.0,0.0,3.016,1.0,,5,27.60167970887829,80.73536426718873,no pobre,basal,1,2500.0,960.0,1.0,54.0,14,385,6462,4,1.0
97,0.0,0.0,3.016,1.0,3.0,5,27.60167970887829,80.73536426718873,no pobre,basal,1,2500.0,960.0,1.0,54.0,9,385,6463,3,1.0
98,0.0,0.0,3.016,1.0,,5,27.60167970887829,80.73536426718873,no pobre,basal,1,2500.0,960.0,1.0,54.0,10,385,6463,3,1.0
97,1.0,0.0,3.016,0.0,6.0,5,27.60167970887829,80.73536426718873,no pobre,basal,0,500.0,798.5,1.0,48.0,16,385,6464,6,0.0
98,1.0,0.0,3.016,,,5,27.60167970887829,80.73536426718873,no pobre,basal,0,500.0,798.5,1.0,48.0,17,385,6464,6,0.0
97,0.0,0.0,3.016,1.0,4.0,3,27.60167970887829,80.73536426718873,no pobre,basal,3,0.0,790.0,0.0,56.0,10,385,6465,4,1.0
98,0.0,0.0,3.016,1.0,5.0,3,27.60167970887829,80.73536426718873,no pobre,basal,3,0.0,790.0,0.0,56.0,11,385,6465,4,1.0
97,0.0,0.0,3.016,1.0,2.0,3,27.60167970887829,80.73536426718873,no pobre,basal,3,0.0,790.0,0.0,56.0,8,385,6466,2,1.0
98,0.0,0.0,3.016,1.0,3.0,3,27.60167970887829,80.73536426718873,no pobre,basal,3,0.0,790.0,0.0,56.0,9,385,6466,2,1.0
97,1.0,0.0,3.016,1.0,5.0,5,27.60167970887829,80.73536426718873,pobre,basal,3,0.0,531.0,1.0,33.0,9,385,6467,5,1.0
98,1.0,0.0,3.016,1.0,6.0,5,27.60167970887829,80.73536426718873,pobre,basal,3,0.0,531.0,1.0,33.0,10,385,6467,5,1.0
97,0.0,0.0,3.016,1.0,3.0,5,27.60167970887829,80.73536426718873,pobre,basal,3,0.0,531.0,1.0,33.0,8,385,6468,3,1.0
98,0.0,0.0,3.016,1.0,4.0,5,27.60167970887829,80.73536426718873,pobre,basal,3,0.0,531.0,1.0,33.0,9,385,6468,3,1.0
97,0.0,0.0,3.016,1.0,3.0,5,27.60167970887829,80.73536426718873,pobre,basal,5,800.0,731.0,1.0,28.0,8,385,6469,3,1.0
98,0.0,0.0,3.016,1.0,4.0,5,27.60167970887829,80.73536426718873,pobre,basal,5,800.0,731.0,1.0,28.0,9,385,6469,3,1.0
97,1.0,0.0,3.016,1.0,0.0,5,27.60167970887829,80.73536426718873,pobre,basal,5,800.0,731.0,1.0,28.0,6,385,6470,0,1.0
98,1.0,0.0,3.016,1.0,1.0,5,27.60167970887829,80.73536426718873,pobre,basal,5,800.0,731.0,1.0,28.0,7,385,6470,0,1.0
97,0.0,0.0,3.016,1.0,3.0,4,27.60167970887829,80.73536426718873,pobre,basal,9,600.0,783.0,1.0,28.0,10,385,6471,3,1.0
98,0.0,0.0,3.016,1.0,4.0,4,27.60167970887829,80.73536426718873,pobre,basal,9,600.0,783.0,1.0,28.0,11,385,6471,3,1.0
97,1.0,0.0,3.016,1.0,0.0,4,27.60167970887829,80.73536426718873,pobre,basal,9,600.0,783.0,1.0,28.0,6,385,6472,0,1.0
98,1.0,0.0,3.016,1.0,1.0,4,27.60167970887829,80.73536426718873,pobre,basal,9,600.0,783.0,1.0,28.0,7,385,6472,0,1.0
97,0.0,0.0,3.016,1.0,8.0,8,27.60167970887829,80.73536426718873,pobre,basal,6,125.0,691.0,1.0,40.0,16,385,6473,8,1.0
98,0.0,0.0,3.016,,,8,27.60167970887829,80.73536426718873,pobre,basal,6,125.0,691.0,1.0,40.0,17,385,6473,8,1.0
97,1.0,0.0,3.016,1.0,6.0,8,27.60167970887829,80.73536426718873,pobre,basal,6,125.0,691.0,1.0,40.0,14,385,6474,6,1.0
98,1.0,0.0,3.016,1.0,7.0,8,27.60167970887829,80.73536426718873,pobre,basal,6,125.0,691.0,1.0,40.0,15,385,6474,6,1.0
97,1.0,0.0,3.016,1.0,4.0,8,27.60167970887829,80.73536426718873,pobre,basal,6,125.0,691.0,1.0,40.0,12,385,6475,4,1.0
98,1.0,0.0,3.016,1.0,5.0,8,27.60167970887829,80.73536426718873,pobre,basal,6,125.0,691.0,1.0,40.0,13,385,6475,4,1.0
97,0.0,0.0,3.016,1.0,3.0,8,27.60167970887829,80.73536426718873,pobre,basal,6,125.0,691.0,1.0,40.0,10,385,6476,3,1.0
98,0.0,0.0,3.016,1.0,4.0,8,27.60167970887829,80.73536426718873,pobre,basal,6,125.0,691.0,1.0,40.0,11,385,6476,3,1.0
97,0.0,0.0,3.016,1.0,3.0,8,27.60167970887829,80.73536426718873,pobre,basal,6,125.0,691.0,1.0,40.0,9,385,6477,3,1.0
98,0.0,0.0,3.016,1.0,4.0,8,27.60167970887829,80.73536426718873,pobre,basal,6,125.0,691.0,1.0,40.0,10,385,6477,3,1.0
97,0.0,0.0,3.171,1.0,1.0,9,44.30938010347682,65.673572495193,no pobre,basal,0,750.0,967.0,1.0,80.0,9,499,6478,1,1.0
98,0.0,0.0,3.171,1.0,0.0,9,44.30938010347682,65.673572495193,no pobre,basal,0,750.0,967.0,1.0,80.0,10,499,6478,1,1.0
97,1.0,0.0,3.171,1.0,0.0,9,44.30938010347682,65.673572495193,no pobre,basal,0,750.0,967.0,1.0,80.0,8,499,6479,0,1.0
98,1.0,0.0,3.171,1.0,1.0,9,44.30938010347682,65.673572495193,no pobre,basal,0,750.0,967.0,1.0,80.0,9,499,6479,0,1.0
97,0.0,0.0,3.171,0.0,6.0,9,44.30938010347682,65.673572495193,no pobre,basal,3,875.0,714.0,1.0,38.0,16,499,6480,6,0.0
98,0.0,0.0,3.171,0.0,6.0,9,44.30938010347682,65.673572495193,no pobre,basal,3,875.0,714.0,1.0,38.0,17,499,6480,6,0.0
97,1.0,0.0,3.171,1.0,6.0,9,44.30938010347682,65.673572495193,no pobre,basal,3,875.0,714.0,1.0,38.0,13,499,6481,6,1.0
98,1.0,0.0,3.171,1.0,7.0,9,44.30938010347682,65.673572495193,no pobre,basal,3,875.0,714.0,1.0,38.0,14,499,6481,6,1.0
97,1.0,0.0,3.171,1.0,5.0,9,44.30938010347682,65.673572495193,no pobre,basal,3,875.0,714.0,1.0,38.0,12,499,6482,5,1.0
98,1.0,0.0,3.171,1.0,6.0,9,44.30938010347682,65.673572495193,no pobre,basal,3,875.0,714.0,1.0,38.0,13,499,6482,5,1.0
97,0.0,0.0,3.171,1.0,5.0,9,44.30938010347682,65.673572495193,no pobre,basal,3,875.0,714.0,1.0,38.0,10,499,6483,5,1.0
98,0.0,0.0,3.171,1.0,5.0,9,44.30938010347682,65.673572495193,no pobre,basal,3,875.0,714.0,1.0,38.0,11,499,6483,5,1.0
97,1.0,0.0,1.999,1.0,5.0,3,143.2626784588167,173.2702508469412,no pobre,basal,0,750.0,863.0,1.0,59.0,9,17,6484,5,1.0
98,1.0,0.0,1.999,1.0,5.0,3,143.2626784588167,173.2702508469412,no pobre,basal,0,750.0,863.0,1.0,59.0,10,17,6484,5,1.0
97,0.0,0.0,1.999,1.0,4.0,4,143.2626784588167,173.2702508469412,no pobre,basal,0,750.0,787.0,1.0,33.0,11,17,6485,4,1.0
98,0.0,0.0,1.999,1.0,4.0,4,143.2626784588167,173.2702508469412,no pobre,basal,0,750.0,787.0,1.0,33.0,12,17,6485,4,1.0
97,0.0,0.0,1.999,1.0,3.0,4,143.2626784588167,173.2702508469412,no pobre,basal,0,750.0,787.0,1.0,33.0,9,17,6486,3,1.0
98,0.0,0.0,1.999,1.0,3.0,4,143.2626784588167,173.2702508469412,no pobre,basal,0,750.0,787.0,1.0,33.0,10,17,6486,3,1.0
97,0.0,0.0,1.999,1.0,3.0,4,143.2626784588167,173.2702508469412,no pobre,basal,0,640.0,772.0,1.0,53.0,11,17,6487,3,1.0
98,0.0,0.0,1.999,1.0,4.0,4,143.2626784588167,173.2702508469412,no pobre,basal,0,640.0,772.0,1.0,53.0,12,17,6487,3,1.0
97,0.0,0.0,1.999,,0.0,8,143.2626784588167,173.2702508469412,no pobre,basal,0,1250.0,791.79999,1.0,28.0,14,17,6488,0,
98,0.0,0.0,1.999,0.0,6.0,8,143.2626784588167,173.2702508469412,no pobre,basal,0,1250.0,791.79999,1.0,28.0,15,17,6488,0,
97,1.0,0.0,1.999,,0.0,8,143.2626784588167,173.2702508469412,no pobre,basal,0,1250.0,791.79999,1.0,28.0,13,17,6489,0,
98,1.0,0.0,1.999,0.0,2.0,8,143.2626784588167,173.2702508469412,no pobre,basal,0,1250.0,791.79999,1.0,28.0,14,17,6489,0,
97,0.0,0.0,1.999,1.0,5.0,8,143.2626784588167,173.2702508469412,no pobre,basal,0,1250.0,791.79999,1.0,28.0,11,17,6490,5,1.0
98,0.0,0.0,1.999,1.0,6.0,8,143.2626784588167,173.2702508469412,no pobre,basal,0,1250.0,791.79999,1.0,28.0,12,17,6490,5,1.0
97,0.0,0.0,1.999,1.0,3.0,8,143.2626784588167,173.2702508469412,no pobre,basal,0,1250.0,791.79999,1.0,28.0,9,17,6491,3,1.0
98,0.0,0.0,1.999,1.0,4.0,8,143.2626784588167,173.2702508469412,no pobre,basal,0,1250.0,791.79999,1.0,28.0,10,17,6491,3,1.0
97,0.0,0.0,1.999,1.0,2.0,8,143.2626784588167,173.2702508469412,no pobre,basal,0,1250.0,791.79999,1.0,28.0,6,17,6492,2,1.0
98,0.0,0.0,1.999,1.0,3.0,8,143.2626784588167,173.2702508469412,no pobre,basal,0,1250.0,791.79999,1.0,28.0,7,17,6492,2,1.0
97,1.0,0.0,1.999,1.0,5.0,4,143.2626784588167,173.2702508469412,pobre,basal,0,0.0,768.0,0.0,51.0,10,17,6493,5,1.0
98,1.0,0.0,1.999,1.0,6.0,4,143.2626784588167,173.2702508469412,pobre,basal,0,0.0,768.0,0.0,51.0,11,17,6493,5,1.0
97,0.0,0.0,1.999,1.0,0.0,4,143.2626784588167,173.2702508469412,pobre,basal,0,0.0,768.0,0.0,51.0,6,17,6494,0,1.0
98,0.0,0.0,1.999,1.0,1.0,4,143.2626784588167,173.2702508469412,pobre,basal,0,0.0,768.0,0.0,51.0,7,17,6494,0,1.0
97,1.0,0.0,1.999,1.0,7.0,7,143.2626784588167,173.2702508469412,pobre,basal,6,750.0,749.0,1.0,50.0,13,17,6495,7,1.0
98,1.0,0.0,1.999,1.0,8.0,7,143.2626784588167,173.2702508469412,pobre,basal,6,750.0,749.0,1.0,50.0,14,17,6495,7,1.0
97,0.0,0.0,1.999,1.0,3.0,7,143.2626784588167,173.2702508469412,pobre,basal,6,750.0,749.0,1.0,50.0,8,17,6496,3,1.0
98,0.0,0.0,1.999,1.0,4.0,7,143.2626784588167,173.2702508469412,pobre,basal,6,750.0,749.0,1.0,50.0,9,17,6496,3,1.0
97,0.0,0.0,1.999,1.0,1.0,7,143.2626784588167,173.2702508469412,pobre,basal,6,750.0,749.0,1.0,50.0,6,17,6497,1,1.0
98,0.0,0.0,1.999,1.0,2.0,7,143.2626784588167,173.2702508469412,pobre,basal,6,750.0,749.0,1.0,50.0,7,17,6497,1,1.0
97,0.0,0.0,1.999,,0.0,8,143.2626784588167,173.2702508469412,pobre,basal,0,750.0,635.79999,1.0,60.0,14,17,6498,0,
98,0.0,0.0,1.999,,,8,143.2626784588167,173.2702508469412,pobre,basal,0,750.0,635.79999,1.0,60.0,15,17,6498,0,
97,0.0,0.0,1.999,,0.0,8,143.2626784588167,173.2702508469412,pobre,basal,0,750.0,635.79999,1.0,60.0,13,17,6499,0,
98,0.0,0.0,1.999,,,8,143.2626784588167,173.2702508469412,pobre,basal,0,750.0,635.79999,1.0,60.0,14,17,6499,0,
97,1.0,0.0,1.999,,0.0,8,143.2626784588167,173.2702508469412,pobre,basal,0,750.0,635.79999,1.0,60.0,9,17,6500,0,
98,1.0,0.0,1.999,,,8,143.2626784588167,173.2702508469412,pobre,basal,0,750.0,635.79999,1.0,60.0,10,17,6500,0,
97,0.0,0.0,1.999,,0.0,8,143.2626784588167,173.2702508469412,pobre,basal,0,750.0,635.79999,1.0,60.0,7,17,6501,0,
98,0.0,0.0,1.999,,,8,143.2626784588167,173.2702508469412,pobre,basal,0,750.0,635.79999,1.0,60.0,8,17,6501,0,
97,0.0,0.0,1.999,1.0,5.0,8,143.2626784588167,173.2702508469412,pobre,basal,6,400.0,623.0,1.0,40.0,11,17,6502,5,1.0
98,0.0,0.0,1.999,1.0,6.0,8,143.2626784588167,173.2702508469412,pobre,basal,6,400.0,623.0,1.0,40.0,12,17,6502,5,1.0
97,0.0,0.0,1.999,1.0,4.0,8,143.2626784588167,173.2702508469412,pobre,basal,6,400.0,623.0,1.0,40.0,9,17,6503,4,1.0
98,0.0,0.0,1.999,1.0,4.0,8,143.2626784588167,173.2702508469412,pobre,basal,6,400.0,623.0,1.0,40.0,10,17,6503,4,1.0
97,0.0,0.0,1.999,1.0,3.0,8,143.2626784588167,173.2702508469412,pobre,basal,6,400.0,623.0,1.0,40.0,8,17,6504,3,1.0
98,0.0,0.0,1.999,1.0,3.0,8,143.2626784588167,173.2702508469412,pobre,basal,6,400.0,623.0,1.0,40.0,9,17,6504,3,1.0
97,1.0,0.0,1.999,1.0,8.0,9,143.2626784588167,173.2702508469412,pobre,basal,3,625.0,714.5,1.0,39.0,14,17,6505,8,1.0
98,1.0,0.0,1.999,0.0,9.0,9,143.2626784588167,173.2702508469412,pobre,basal,3,625.0,714.5,1.0,39.0,15,17,6505,8,1.0
97,0.0,0.0,1.999,1.0,6.0,9,143.2626784588167,173.2702508469412,pobre,basal,3,625.0,714.5,1.0,39.0,13,17,6506,6,1.0
98,0.0,0.0,1.999,1.0,7.0,9,143.2626784588167,173.2702508469412,pobre,basal,3,625.0,714.5,1.0,39.0,14,17,6506,6,1.0
97,0.0,0.0,1.999,1.0,2.0,9,143.2626784588167,173.2702508469412,pobre,basal,3,625.0,714.5,1.0,39.0,9,17,6507,2,1.0
98,0.0,0.0,1.999,1.0,2.0,9,143.2626784588167,173.2702508469412,pobre,basal,3,625.0,714.5,1.0,39.0,10,17,6507,2,1.0
97,0.0,0.0,1.999,1.0,1.0,6,143.2626784588167,173.2702508469412,pobre,basal,0,0.0,635.01001,1.0,35.0,11,17,6508,1,1.0
98,0.0,0.0,1.999,1.0,2.0,6,143.2626784588167,173.2702508469412,pobre,basal,0,0.0,635.01001,1.0,35.0,12,17,6508,1,1.0
97,1.0,0.0,1.999,1.0,1.0,6,143.2626784588167,173.2702508469412,pobre,basal,0,0.0,635.01001,1.0,35.0,6,17,6509,1,1.0
98,1.0,0.0,1.999,,,6,143.2626784588167,173.2702508469412,pobre,basal,0,0.0,635.01001,1.0,35.0,7,17,6509,1,1.0
97,0.0,0.0,1.999,1.0,9.0,7,143.2626784588167,173.2702508469412,pobre,basal,0,750.0,646.46997,1.0,49.0,15,17,6510,9,1.0
98,0.0,0.0,1.999,0.0,9.0,7,143.2626784588167,173.2702508469412,pobre,basal,0,750.0,646.46997,1.0,49.0,16,17,6510,9,1.0
97,1.0,0.0,1.999,1.0,2.0,7,143.2626784588167,173.2702508469412,pobre,basal,0,750.0,646.46997,1.0,49.0,12,17,6511,2,1.0
98,1.0,0.0,1.999,1.0,3.0,7,143.2626784588167,173.2702508469412,pobre,basal,0,750.0,646.46997,1.0,49.0,13,17,6511,2,1.0
97,0.0,0.0,1.999,1.0,2.0,7,143.2626784588167,173.2702508469412,pobre,basal,0,750.0,646.46997,1.0,49.0,8,17,6512,2,1.0
98,0.0,0.0,1.999,1.0,3.0,7,143.2626784588167,173.2702508469412,pobre,basal,0,750.0,646.46997,1.0,49.0,9,17,6512,2,1.0
97,0.0,0.0,1.999,1.0,7.0,3,143.2626784588167,173.2702508469412,pobre,basal,0,750.0,813.0,1.0,46.0,13,17,6513,7,1.0
98,0.0,0.0,1.999,1.0,7.0,3,143.2626784588167,173.2702508469412,pobre,basal,0,750.0,813.0,1.0,46.0,14,17,6513,7,1.0
97,0.0,0.0,1.999,1.0,6.0,5,143.2626784588167,173.2702508469412,no pobre,basal,0,720.0,807.0,1.0,49.0,12,17,6514,6,1.0
98,0.0,0.0,1.999,1.0,8.0,5,143.2626784588167,173.2702508469412,no pobre,basal,0,720.0,807.0,1.0,49.0,13,17,6514,6,1.0
97,1.0,0.0,1.999,1.0,2.0,5,143.2626784588167,173.2702508469412,no pobre,basal,0,720.0,807.0,1.0,49.0,11,17,6515,2,1.0
98,1.0,0.0,1.999,1.0,6.0,5,143.2626784588167,173.2702508469412,no pobre,basal,0,720.0,807.0,1.0,49.0,12,17,6515,2,1.0
97,0.0,0.0,1.999,1.0,7.0,8,143.2626784588167,173.2702508469412,no pobre,basal,3,300.0,848.0,1.0,58.0,15,17,6516,7,1.0
98,0.0,0.0,1.999,1.0,8.0,8,143.2626784588167,173.2702508469412,no pobre,basal,3,300.0,848.0,1.0,58.0,16,17,6516,7,1.0
97,0.0,0.0,1.999,1.0,7.0,8,143.2626784588167,173.2702508469412,no pobre,basal,3,300.0,848.0,1.0,58.0,14,17,6517,7,1.0
98,0.0,0.0,1.999,1.0,8.0,8,143.2626784588167,173.2702508469412,no pobre,basal,3,300.0,848.0,1.0,58.0,15,17,6517,7,1.0
97,0.0,0.0,1.999,1.0,0.0,8,143.2626784588167,173.2702508469412,no pobre,basal,3,300.0,848.0,1.0,58.0,6,17,6518,0,1.0
98,0.0,0.0,1.999,,,8,143.2626784588167,173.2702508469412,no pobre,basal,3,300.0,848.0,1.0,58.0,7,17,6518,0,1.0
97,0.0,0.0,1.999,1.0,2.0,8,143.2626784588167,173.2702508469412,pobre,basal,0,1400.0,581.0,1.0,39.0,11,17,6519,2,1.0
98,0.0,0.0,1.999,1.0,6.0,8,143.2626784588167,173.2702508469412,pobre,basal,0,1400.0,581.0,1.0,39.0,12,17,6519,2,1.0
97,0.0,0.0,1.999,1.0,2.0,8,143.2626784588167,173.2702508469412,pobre,basal,0,1400.0,581.0,1.0,39.0,8,17,6520,2,1.0
98,0.0,0.0,1.999,1.0,3.0,8,143.2626784588167,173.2702508469412,pobre,basal,0,1400.0,581.0,1.0,39.0,9,17,6520,2,1.0
97,1.0,0.0,1.999,1.0,1.0,8,143.2626784588167,173.2702508469412,pobre,basal,0,1400.0,581.0,1.0,39.0,10,17,6521,1,1.0
98,1.0,0.0,1.999,1.0,2.0,8,143.2626784588167,173.2702508469412,pobre,basal,0,1400.0,581.0,1.0,39.0,11,17,6521,1,1.0
97,0.0,0.0,1.999,,0.0,8,143.2626784588167,173.2702508469412,pobre,basal,0,1400.0,581.0,1.0,39.0,7,17,6522,0,
98,0.0,0.0,1.999,1.0,1.0,8,143.2626784588167,173.2702508469412,pobre,basal,0,1400.0,581.0,1.0,39.0,8,17,6522,0,
97,0.0,0.0,1.999,,0.0,7,143.2626784588167,173.2702508469412,pobre,basal,0,720.0,668.0,1.0,47.0,13,17,6523,0,
98,0.0,0.0,1.999,1.0,2.0,7,143.2626784588167,173.2702508469412,pobre,basal,0,720.0,668.0,1.0,47.0,14,17,6523,0,
97,1.0,0.0,1.999,0.0,5.0,10,143.2626784588167,173.2702508469412,pobre,basal,0,520.0,673.0,1.0,43.0,15,17,6524,5,0.0
98,1.0,0.0,1.999,,,10,143.2626784588167,173.2702508469412,pobre,basal,0,520.0,673.0,1.0,43.0,16,17,6524,5,0.0
97,1.0,0.0,1.999,,0.0,10,143.2626784588167,173.2702508469412,pobre,basal,0,520.0,673.0,1.0,43.0,14,17,6525,0,
98,1.0,0.0,1.999,1.0,9.0,10,143.2626784588167,173.2702508469412,pobre,basal,0,520.0,673.0,1.0,43.0,15,17,6525,0,
97,1.0,0.0,1.999,1.0,4.0,10,143.2626784588167,173.2702508469412,pobre,basal,0,520.0,673.0,1.0,43.0,12,17,6526,4,1.0
98,1.0,0.0,1.999,1.0,7.0,10,143.2626784588167,173.2702508469412,pobre,basal,0,520.0,673.0,1.0,43.0,13,17,6526,4,1.0
97,0.0,0.0,1.999,1.0,3.0,10,143.2626784588167,173.2702508469412,pobre,basal,0,520.0,673.0,1.0,43.0,11,17,6527,3,1.0
98,0.0,0.0,1.999,1.0,6.0,10,143.2626784588167,173.2702508469412,pobre,basal,0,520.0,673.0,1.0,43.0,12,17,6527,3,1.0
97,0.0,0.0,1.999,1.0,4.0,7,143.2626784588167,173.2702508469412,pobre,basal,5,2000.0,709.0,1.0,31.0,12,17,6528,4,1.0
98,0.0,0.0,1.999,1.0,4.0,7,143.2626784588167,173.2702508469412,pobre,basal,5,2000.0,709.0,1.0,31.0,13,17,6528,4,1.0
97,0.0,0.0,1.999,1.0,4.0,7,143.2626784588167,173.2702508469412,pobre,basal,5,2000.0,709.0,1.0,31.0,10,17,6529,4,1.0
98,0.0,0.0,1.999,1.0,4.0,7,143.2626784588167,173.2702508469412,pobre,basal,5,2000.0,709.0,1.0,31.0,11,17,6529,4,1.0
97,0.0,0.0,1.999,1.0,2.0,7,143.2626784588167,173.2702508469412,pobre,basal,5,2000.0,709.0,1.0,31.0,7,17,6530,2,1.0
98,0.0,0.0,1.999,1.0,2.0,7,143.2626784588167,173.2702508469412,pobre,basal,5,2000.0,709.0,1.0,31.0,8,17,6530,2,1.0
97,1.0,0.0,1.999,1.0,1.0,5,143.2626784588167,173.2702508469412,no pobre,basal,5,2000.0,859.0,1.0,30.0,7,17,6531,1,1.0
98,1.0,0.0,1.999,1.0,2.0,5,143.2626784588167,173.2702508469412,no pobre,basal,5,2000.0,859.0,1.0,30.0,8,17,6531,1,1.0
97,1.0,0.0,1.999,1.0,9.0,7,143.2626784588167,173.2702508469412,pobre,basal,0,750.0,714.0,1.0,42.0,16,17,6532,9,1.0
98,1.0,0.0,1.999,,,7,143.2626784588167,173.2702508469412,pobre,basal,0,750.0,714.0,1.0,42.0,17,17,6532,9,1.0
97,1.0,0.0,1.999,1.0,8.0,7,143.2626784588167,173.2702508469412,pobre,basal,0,750.0,714.0,1.0,42.0,13,17,6533,8,1.0
98,1.0,0.0,1.999,,,7,143.2626784588167,173.2702508469412,pobre,basal,0,750.0,714.0,1.0,42.0,14,17,6533,8,1.0
97,1.0,0.0,1.999,1.0,5.0,7,143.2626784588167,173.2702508469412,pobre,basal,0,750.0,714.0,1.0,42.0,12,17,6534,5,1.0
98,1.0,0.0,1.999,,,7,143.2626784588167,173.2702508469412,pobre,basal,0,750.0,714.0,1.0,42.0,13,17,6534,5,1.0
97,1.0,0.0,1.999,1.0,4.0,7,143.2626784588167,173.2702508469412,pobre,basal,0,750.0,714.0,1.0,42.0,10,17,6535,4,1.0
98,1.0,0.0,1.999,,,7,143.2626784588167,173.2702508469412,pobre,basal,0,750.0,714.0,1.0,42.0,11,17,6535,4,1.0
97,1.0,0.0,1.999,1.0,2.0,7,143.2626784588167,173.2702508469412,pobre,basal,0,750.0,714.0,1.0,42.0,8,17,6536,2,1.0
98,1.0,0.0,1.999,,,7,143.2626784588167,173.2702508469412,pobre,basal,0,750.0,714.0,1.0,42.0,9,17,6536,2,1.0
97,1.0,0.0,1.999,1.0,7.0,10,143.2626784588167,173.2702508469412,pobre,basal,2,2400.0,656.0,1.0,40.0,15,17,6537,7,1.0
98,1.0,0.0,1.999,1.0,8.0,10,143.2626784588167,173.2702508469412,pobre,basal,2,2400.0,656.0,1.0,40.0,16,17,6537,7,1.0
97,0.0,0.0,1.999,1.0,5.0,10,143.2626784588167,173.2702508469412,pobre,basal,2,2400.0,656.0,1.0,40.0,12,17,6538,5,1.0
98,0.0,0.0,1.999,1.0,6.0,10,143.2626784588167,173.2702508469412,pobre,basal,2,2400.0,656.0,1.0,40.0,13,17,6538,5,1.0
97,1.0,0.0,1.999,1.0,2.0,10,143.2626784588167,173.2702508469412,pobre,basal,2,2400.0,656.0,1.0,40.0,10,17,6539,2,1.0
98,1.0,0.0,1.999,1.0,2.0,10,143.2626784588167,173.2702508469412,pobre,basal,2,2400.0,656.0,1.0,40.0,11,17,6539,2,1.0
97,0.0,0.0,1.999,1.0,2.0,10,143.2626784588167,173.2702508469412,pobre,basal,2,2400.0,656.0,1.0,40.0,7,17,6540,2,1.0
98,0.0,0.0,1.999,1.0,3.0,10,143.2626784588167,173.2702508469412,pobre,basal,2,2400.0,656.0,1.0,40.0,8,17,6540,2,1.0
97,1.0,0.0,1.999,1.0,0.0,10,143.2626784588167,173.2702508469412,pobre,basal,2,2400.0,656.0,1.0,40.0,6,17,6541,0,1.0
98,1.0,0.0,1.999,1.0,1.0,10,143.2626784588167,173.2702508469412,pobre,basal,2,2400.0,656.0,1.0,40.0,7,17,6541,0,1.0
97,0.0,0.0,1.999,1.0,7.0,4,143.2626784588167,173.2702508469412,pobre,basal,3,320.0,700.0,1.0,34.0,13,17,6542,7,1.0
98,0.0,0.0,1.999,1.0,8.0,4,143.2626784588167,173.2702508469412,pobre,basal,3,320.0,700.0,1.0,34.0,14,17,6542,7,1.0
97,0.0,0.0,1.999,1.0,5.0,4,143.2626784588167,173.2702508469412,pobre,basal,3,320.0,700.0,1.0,34.0,11,17,6543,5,1.0
98,0.0,0.0,1.999,1.0,6.0,4,143.2626784588167,173.2702508469412,pobre,basal,3,320.0,700.0,1.0,34.0,12,17,6543,5,1.0
97,1.0,0.0,1.999,1.0,3.0,6,143.2626784588167,173.2702508469412,pobre,basal,6,1300.0,687.0,1.0,27.0,9,17,6544,3,1.0
98,1.0,0.0,1.999,1.0,4.0,6,143.2626784588167,173.2702508469412,pobre,basal,6,1300.0,687.0,1.0,27.0,10,17,6544,3,1.0
97,0.0,0.0,1.999,1.0,4.0,2,143.2626784588167,173.2702508469412,pobre,basal,0,0.0,783.0,0.0,64.0,11,17,6545,4,1.0
98,0.0,0.0,1.999,1.0,5.0,2,143.2626784588167,173.2702508469412,pobre,basal,0,0.0,783.0,0.0,64.0,12,17,6545,4,1.0
97,0.0,0.0,1.999,,0.0,10,143.2626784588167,173.2702508469412,pobre,basal,0,0.0,708.71002,1.0,41.0,16,17,6546,0,
98,0.0,0.0,1.999,,,10,143.2626784588167,173.2702508469412,pobre,basal,0,0.0,708.71002,1.0,41.0,17,17,6546,0,
97,0.0,0.0,1.999,0.0,6.0,10,143.2626784588167,173.2702508469412,pobre,basal,0,0.0,708.71002,1.0,41.0,12,17,6547,6,0.0
98,0.0,0.0,1.999,,,10,143.2626784588167,173.2702508469412,pobre,basal,0,0.0,708.71002,1.0,41.0,13,17,6547,6,0.0
97,0.0,0.0,1.999,1.0,5.0,10,143.2626784588167,173.2702508469412,pobre,basal,0,0.0,708.71002,1.0,41.0,11,17,6548,5,1.0
98,0.0,0.0,1.999,1.0,5.0,10,143.2626784588167,173.2702508469412,pobre,basal,0,0.0,708.71002,1.0,41.0,12,17,6548,5,1.0
97,1.0,0.0,1.999,1.0,2.0,10,143.2626784588167,173.2702508469412,pobre,basal,0,0.0,708.71002,1.0,41.0,9,17,6549,2,1.0
98,1.0,0.0,1.999,1.0,3.0,10,143.2626784588167,173.2702508469412,pobre,basal,0,0.0,708.71002,1.0,41.0,10,17,6549,2,1.0
97,1.0,0.0,1.999,1.0,1.0,10,143.2626784588167,173.2702508469412,pobre,basal,0,0.0,708.71002,1.0,41.0,6,17,6550,1,1.0
98,1.0,0.0,1.999,,,10,143.2626784588167,173.2702508469412,pobre,basal,0,0.0,708.71002,1.0,41.0,7,17,6550,1,1.0
97,0.0,0.0,1.999,,0.0,7,143.2626784588167,173.2702508469412,pobre,basal,0,625.0,669.20001,1.0,76.0,11,17,6551,0,
98,0.0,0.0,1.999,1.0,6.0,7,143.2626784588167,173.2702508469412,pobre,basal,0,625.0,669.20001,1.0,76.0,12,17,6551,0,
97,0.0,0.0,1.999,,0.0,7,143.2626784588167,173.2702508469412,pobre,basal,0,625.0,669.20001,1.0,76.0,8,17,6552,0,
98,0.0,0.0,1.999,1.0,2.0,7,143.2626784588167,173.2702508469412,pobre,basal,0,625.0,669.20001,1.0,76.0,9,17,6552,0,
97,0.0,0.0,1.999,,0.0,7,143.2626784588167,173.2702508469412,pobre,basal,0,625.0,669.20001,1.0,76.0,6,17,6553,0,
98,0.0,0.0,1.999,1.0,0.0,7,143.2626784588167,173.2702508469412,pobre,basal,0,625.0,669.20001,1.0,76.0,7,17,6553,0,
97,0.0,0.0,1.999,0.0,6.0,6,143.2626784588167,173.2702508469412,pobre,basal,0,750.0,691.59998,1.0,56.0,15,17,6554,6,0.0
98,0.0,0.0,1.999,,,6,143.2626784588167,173.2702508469412,pobre,basal,0,750.0,691.59998,1.0,56.0,16,17,6554,6,0.0
97,0.0,0.0,1.999,0.0,6.0,6,143.2626784588167,173.2702508469412,pobre,basal,0,750.0,691.59998,1.0,56.0,14,17,6555,6,0.0
98,0.0,0.0,1.999,0.0,6.0,6,143.2626784588167,173.2702508469412,pobre,basal,0,750.0,691.59998,1.0,56.0,15,17,6555,6,0.0
97,0.0,0.0,1.999,0.0,5.0,6,143.2626784588167,173.2702508469412,pobre,basal,0,750.0,691.59998,1.0,56.0,11,17,6556,5,0.0
98,0.0,0.0,1.999,1.0,6.0,6,143.2626784588167,173.2702508469412,pobre,basal,0,750.0,691.59998,1.0,56.0,12,17,6556,5,0.0
97,1.0,0.0,1.999,1.0,10.0,10,143.2626784588167,173.2702508469412,no pobre,basal,6,625.0,860.0,1.0,50.0,16,17,6557,10,1.0
98,1.0,0.0,1.999,,,10,143.2626784588167,173.2702508469412,no pobre,basal,6,625.0,860.0,1.0,50.0,17,17,6557,10,1.0
97,1.0,0.0,1.999,1.0,7.0,10,143.2626784588167,173.2702508469412,no pobre,basal,6,625.0,860.0,1.0,50.0,15,17,6558,7,1.0
98,1.0,0.0,1.999,1.0,8.0,10,143.2626784588167,173.2702508469412,no pobre,basal,6,625.0,860.0,1.0,50.0,16,17,6558,7,1.0
97,1.0,0.0,1.999,1.0,6.0,10,143.2626784588167,173.2702508469412,no pobre,basal,6,625.0,860.0,1.0,50.0,12,17,6559,6,1.0
98,1.0,0.0,1.999,1.0,7.0,10,143.2626784588167,173.2702508469412,no pobre,basal,6,625.0,860.0,1.0,50.0,13,17,6559,6,1.0
97,1.0,0.0,1.999,1.0,2.0,10,143.2626784588167,173.2702508469412,no pobre,basal,6,625.0,860.0,1.0,50.0,10,17,6560,2,1.0
98,1.0,0.0,1.999,1.0,5.0,10,143.2626784588167,173.2702508469412,no pobre,basal,6,625.0,860.0,1.0,50.0,11,17,6560,2,1.0
97,1.0,0.0,1.999,0.0,8.0,6,143.2626784588167,173.2702508469412,no pobre,basal,6,50.0,793.0,1.0,40.0,16,17,6561,8,0.0
98,1.0,0.0,1.999,,,6,143.2626784588167,173.2702508469412,no pobre,basal,6,50.0,793.0,1.0,40.0,17,17,6561,8,0.0
97,1.0,0.0,1.999,1.0,8.0,6,143.2626784588167,173.2702508469412,no pobre,basal,6,50.0,793.0,1.0,40.0,14,17,6562,8,1.0
98,1.0,0.0,1.999,1.0,8.0,6,143.2626784588167,173.2702508469412,no pobre,basal,6,50.0,793.0,1.0,40.0,15,17,6562,8,1.0
97,1.0,0.0,1.999,1.0,6.0,6,143.2626784588167,173.2702508469412,no pobre,basal,6,50.0,793.0,1.0,40.0,11,17,6563,6,1.0
98,1.0,0.0,1.999,1.0,6.0,6,143.2626784588167,173.2702508469412,no pobre,basal,6,50.0,793.0,1.0,40.0,12,17,6563,6,1.0
97,1.0,0.0,1.999,1.0,2.0,6,143.2626784588167,173.2702508469412,pobre,basal,6,625.0,712.0,1.0,29.0,9,17,6564,2,1.0
98,1.0,0.0,1.999,1.0,3.0,6,143.2626784588167,173.2702508469412,pobre,basal,6,625.0,712.0,1.0,29.0,10,17,6564,2,1.0
97,1.0,0.0,1.999,,0.0,6,143.2626784588167,173.2702508469412,pobre,basal,6,625.0,712.0,1.0,29.0,6,17,6565,0,
98,1.0,0.0,1.999,1.0,2.0,6,143.2626784588167,173.2702508469412,pobre,basal,6,625.0,712.0,1.0,29.0,7,17,6565,0,
97,0.0,0.0,1.999,0.0,6.0,8,143.2626784588167,173.2702508469412,pobre,basal,6,720.0,689.0,1.0,51.0,15,17,6566,6,0.0
98,0.0,0.0,1.999,,,8,143.2626784588167,173.2702508469412,pobre,basal,6,720.0,689.0,1.0,51.0,16,17,6566,6,0.0
97,0.0,0.0,1.999,0.0,6.0,8,143.2626784588167,173.2702508469412,pobre,basal,6,720.0,689.0,1.0,51.0,13,17,6567,6,0.0
98,0.0,0.0,1.999,0.0,6.0,8,143.2626784588167,173.2702508469412,pobre,basal,6,720.0,689.0,1.0,51.0,14,17,6567,6,0.0
97,0.0,0.0,1.999,1.0,4.0,8,143.2626784588167,173.2702508469412,pobre,basal,6,720.0,689.0,1.0,51.0,11,17,6568,4,1.0
98,0.0,0.0,1.999,1.0,5.0,8,143.2626784588167,173.2702508469412,pobre,basal,6,720.0,689.0,1.0,51.0,12,17,6568,4,1.0
97,0.0,0.0,1.999,1.0,2.0,8,143.2626784588167,173.2702508469412,pobre,basal,6,720.0,689.0,1.0,51.0,8,17,6569,2,1.0
98,0.0,0.0,1.999,1.0,3.0,8,143.2626784588167,173.2702508469412,pobre,basal,6,720.0,689.0,1.0,51.0,9,17,6569,2,1.0
97,0.0,0.0,1.999,1.0,1.0,8,143.2626784588167,173.2702508469412,pobre,basal,6,720.0,689.0,1.0,51.0,7,17,6570,1,1.0
98,0.0,0.0,1.999,1.0,2.0,8,143.2626784588167,173.2702508469412,pobre,basal,6,720.0,689.0,1.0,51.0,8,17,6570,1,1.0
97,1.0,0.0,1.999,1.0,0.0,5,143.2626784588167,173.2702508469412,pobre,basal,0,0.0,668.0,1.0,45.0,6,17,6571,0,1.0
98,1.0,0.0,1.999,,,5,143.2626784588167,173.2702508469412,pobre,basal,0,0.0,668.0,1.0,45.0,7,17,6571,0,1.0
97,0.0,0.0,1.999,1.0,10.0,6,143.2626784588167,173.2702508469412,no pobre,basal,2,750.0,782.0,1.0,47.0,16,17,6572,10,1.0
98,0.0,0.0,1.999,,,6,143.2626784588167,173.2702508469412,no pobre,basal,2,750.0,782.0,1.0,47.0,17,17,6572,10,1.0
97,1.0,0.0,1.999,1.0,6.0,6,143.2626784588167,173.2702508469412,no pobre,basal,2,750.0,782.0,1.0,47.0,15,17,6573,6,1.0
98,1.0,0.0,1.999,,,6,143.2626784588167,173.2702508469412,no pobre,basal,2,750.0,782.0,1.0,47.0,16,17,6573,6,1.0
97,0.0,0.0,1.999,,0.0,10,143.2626784588167,173.2702508469412,pobre,basal,0,875.0,729.75,1.0,43.0,16,17,6574,0,
98,0.0,0.0,1.999,0.0,6.0,10,143.2626784588167,173.2702508469412,pobre,basal,0,875.0,729.75,1.0,43.0,17,17,6574,0,
97,0.0,0.0,1.999,1.0,5.0,10,143.2626784588167,173.2702508469412,pobre,basal,0,875.0,729.75,1.0,43.0,12,17,6575,5,1.0
98,0.0,0.0,1.999,1.0,6.0,10,143.2626784588167,173.2702508469412,pobre,basal,0,875.0,729.75,1.0,43.0,13,17,6575,5,1.0
97,0.0,0.0,1.999,1.0,3.0,10,143.2626784588167,173.2702508469412,pobre,basal,0,875.0,729.75,1.0,43.0,10,17,6576,3,1.0
98,0.0,0.0,1.999,1.0,4.0,10,143.2626784588167,173.2702508469412,pobre,basal,0,875.0,729.75,1.0,43.0,11,17,6576,3,1.0
97,1.0,0.0,1.999,1.0,2.0,10,143.2626784588167,173.2702508469412,pobre,basal,0,875.0,729.75,1.0,43.0,8,17,6577,2,1.0
98,1.0,0.0,1.999,1.0,3.0,10,143.2626784588167,173.2702508469412,pobre,basal,0,875.0,729.75,1.0,43.0,9,17,6577,2,1.0
97,1.0,0.0,1.999,,0.0,7,143.2626784588167,173.2702508469412,pobre,basal,0,500.0,511.64001,1.0,38.0,15,17,6578,0,
98,1.0,0.0,1.999,,,7,143.2626784588167,173.2702508469412,pobre,basal,0,500.0,511.64001,1.0,38.0,16,17,6578,0,
97,0.0,0.0,1.999,,0.0,7,143.2626784588167,173.2702508469412,pobre,basal,0,500.0,511.64001,1.0,38.0,14,17,6579,0,
98,0.0,0.0,1.999,,,7,143.2626784588167,173.2702508469412,pobre,basal,0,500.0,511.64001,1.0,38.0,15,17,6579,0,
97,0.0,0.0,1.999,,0.0,7,143.2626784588167,173.2702508469412,pobre,basal,0,500.0,511.64001,1.0,38.0,10,17,6580,0,
98,0.0,0.0,1.999,,,7,143.2626784588167,173.2702508469412,pobre,basal,0,500.0,511.64001,1.0,38.0,11,17,6580,0,
97,1.0,0.0,1.999,,0.0,7,143.2626784588167,173.2702508469412,pobre,basal,0,500.0,511.64001,1.0,38.0,8,17,6581,0,
98,1.0,0.0,1.999,,,7,143.2626784588167,173.2702508469412,pobre,basal,0,500.0,511.64001,1.0,38.0,9,17,6581,0,
97,1.0,0.0,1.999,,0.0,7,143.2626784588167,173.2702508469412,pobre,basal,0,500.0,511.64001,1.0,38.0,6,17,6582,0,
98,1.0,0.0,1.999,,,7,143.2626784588167,173.2702508469412,pobre,basal,0,500.0,511.64001,1.0,38.0,7,17,6582,0,
97,0.0,0.0,1.999,1.0,7.0,7,143.2626784588167,173.2702508469412,pobre,basal,0,750.0,714.16998,1.0,62.0,14,17,6583,7,1.0
98,0.0,0.0,1.999,1.0,8.0,7,143.2626784588167,173.2702508469412,pobre,basal,0,750.0,714.16998,1.0,62.0,15,17,6583,7,1.0
97,1.0,0.0,1.999,1.0,4.0,7,143.2626784588167,173.2702508469412,pobre,basal,0,750.0,714.16998,1.0,62.0,12,17,6584,4,1.0
98,1.0,0.0,1.999,1.0,5.0,7,143.2626784588167,173.2702508469412,pobre,basal,0,750.0,714.16998,1.0,62.0,13,17,6584,4,1.0
97,1.0,0.0,1.999,1.0,3.0,7,143.2626784588167,173.2702508469412,pobre,basal,0,750.0,714.16998,1.0,62.0,11,17,6585,3,1.0
98,1.0,0.0,1.999,1.0,4.0,7,143.2626784588167,173.2702508469412,pobre,basal,0,750.0,714.16998,1.0,62.0,12,17,6585,3,1.0
97,1.0,0.0,1.999,1.0,2.0,7,143.2626784588167,173.2702508469412,pobre,basal,0,750.0,714.16998,1.0,62.0,9,17,6586,2,1.0
98,1.0,0.0,1.999,1.0,3.0,7,143.2626784588167,173.2702508469412,pobre,basal,0,750.0,714.16998,1.0,62.0,10,17,6586,2,1.0
97,1.0,0.0,1.999,1.0,1.0,7,143.2626784588167,173.2702508469412,pobre,basal,0,750.0,714.16998,1.0,62.0,7,17,6587,1,1.0
98,1.0,0.0,1.999,1.0,2.0,7,143.2626784588167,173.2702508469412,pobre,basal,0,750.0,714.16998,1.0,62.0,8,17,6587,1,1.0
97,1.0,0.0,1.999,,0.0,8,143.2626784588167,173.2702508469412,pobre,basal,0,750.0,750.46997,1.0,61.0,14,17,6588,0,
98,1.0,0.0,1.999,0.0,6.0,8,143.2626784588167,173.2702508469412,pobre,basal,0,750.0,750.46997,1.0,61.0,15,17,6588,0,
97,1.0,0.0,1.999,,0.0,5,143.2626784588167,173.2702508469412,no pobre,basal,0,500.0,797.0,1.0,41.0,16,17,6589,0,
98,1.0,0.0,1.999,,,5,143.2626784588167,173.2702508469412,no pobre,basal,0,500.0,797.0,1.0,41.0,17,17,6589,0,
97,0.0,0.0,1.999,,0.0,5,143.2626784588167,173.2702508469412,no pobre,basal,0,500.0,797.0,1.0,41.0,15,17,6590,0,
98,0.0,0.0,1.999,,,5,143.2626784588167,173.2702508469412,no pobre,basal,0,500.0,797.0,1.0,41.0,16,17,6590,0,
97,1.0,0.0,1.999,1.0,5.0,5,143.2626784588167,173.2702508469412,no pobre,basal,0,500.0,797.0,1.0,41.0,12,17,6591,5,1.0
98,1.0,0.0,1.999,,,5,143.2626784588167,173.2702508469412,no pobre,basal,0,500.0,797.0,1.0,41.0,13,17,6591,5,1.0
97,1.0,0.0,1.999,1.0,3.0,7,143.2626784588167,173.2702508469412,no pobre,basal,14,750.0,784.0,1.0,38.0,14,17,6592,3,1.0
98,1.0,0.0,1.999,1.0,9.0,7,143.2626784588167,173.2702508469412,no pobre,basal,14,750.0,784.0,1.0,38.0,15,17,6592,3,1.0
97,1.0,0.0,1.999,1.0,7.0,7,143.2626784588167,173.2702508469412,no pobre,basal,14,750.0,784.0,1.0,38.0,13,17,6593,7,1.0
98,1.0,0.0,1.999,1.0,8.0,7,143.2626784588167,173.2702508469412,no pobre,basal,14,750.0,784.0,1.0,38.0,14,17,6593,7,1.0
97,0.0,0.0,1.999,1.0,4.0,7,143.2626784588167,173.2702508469412,no pobre,basal,14,750.0,784.0,1.0,38.0,12,17,6594,4,1.0
98,0.0,0.0,1.999,1.0,5.0,7,143.2626784588167,173.2702508469412,no pobre,basal,14,750.0,784.0,1.0,38.0,13,17,6594,4,1.0
97,1.0,0.0,1.999,1.0,2.0,7,143.2626784588167,173.2702508469412,no pobre,basal,14,750.0,784.0,1.0,38.0,8,17,6595,2,1.0
98,1.0,0.0,1.999,1.0,3.0,7,143.2626784588167,173.2702508469412,no pobre,basal,14,750.0,784.0,1.0,38.0,9,17,6595,2,1.0
97,1.0,0.0,2.339,1.0,1.0,6,112.7670070829437,112.7670070829437,pobre,basal,6,625.0,622.0,1.0,31.0,8,11,6596,1,1.0
98,1.0,0.0,2.339,1.0,2.0,6,112.7670070829437,112.7670070829437,pobre,basal,6,625.0,622.0,1.0,31.0,9,11,6596,1,1.0
97,1.0,0.0,2.339,1.0,1.0,6,112.7670070829437,112.7670070829437,pobre,basal,6,625.0,622.0,1.0,31.0,7,11,6597,1,1.0
98,1.0,0.0,2.339,1.0,2.0,6,112.7670070829437,112.7670070829437,pobre,basal,6,625.0,622.0,1.0,31.0,8,11,6597,1,1.0
97,0.0,1.0,2.339,1.0,0.0,5,112.7670070829437,112.7670070829437,pobre,basal,6,320.0,678.0,1.0,27.0,6,11,6598,0,1.0
98,0.0,1.0,2.339,1.0,1.0,5,112.7670070829437,112.7670070829437,pobre,basal,6,320.0,678.0,1.0,27.0,7,11,6598,0,1.0
97,0.0,0.0,2.339,1.0,1.0,6,112.7670070829437,112.7670070829437,pobre,basal,0,600.0,648.0,1.0,40.0,7,11,6599,1,1.0
98,0.0,0.0,2.339,1.0,2.0,6,112.7670070829437,112.7670070829437,pobre,basal,0,600.0,648.0,1.0,40.0,8,11,6599,1,1.0
97,0.0,0.0,2.339,0.0,6.0,9,112.7670070829437,112.7670070829437,pobre,basal,6,0.0,776.0,1.0,20.0,16,11,6600,6,0.0
98,0.0,0.0,2.339,,,9,112.7670070829437,112.7670070829437,pobre,basal,6,0.0,776.0,1.0,20.0,17,11,6600,6,0.0
97,1.0,0.0,2.339,1.0,5.0,9,112.7670070829437,112.7670070829437,pobre,basal,6,0.0,776.0,1.0,20.0,12,11,6601,5,1.0
98,1.0,0.0,2.339,1.0,6.0,9,112.7670070829437,112.7670070829437,pobre,basal,6,0.0,776.0,1.0,20.0,13,11,6601,5,1.0
97,0.0,0.0,2.339,1.0,2.0,9,112.7670070829437,112.7670070829437,pobre,basal,6,0.0,776.0,1.0,20.0,10,11,6602,2,1.0
98,0.0,0.0,2.339,1.0,3.0,9,112.7670070829437,112.7670070829437,pobre,basal,6,0.0,776.0,1.0,20.0,11,11,6602,2,1.0
97,0.0,1.0,2.339,1.0,2.0,5,112.7670070829437,112.7670070829437,pobre,basal,6,0.0,691.70001,1.0,32.0,8,11,6603,2,1.0
98,0.0,1.0,2.339,1.0,2.0,5,112.7670070829437,112.7670070829437,pobre,basal,6,0.0,691.70001,1.0,32.0,9,11,6603,2,1.0
97,0.0,1.0,2.339,1.0,2.0,6,112.7670070829437,112.7670070829437,pobre,basal,0,1000.0,649.0,1.0,32.0,11,11,6604,2,1.0
98,0.0,1.0,2.339,,,6,112.7670070829437,112.7670070829437,pobre,basal,0,1000.0,649.0,1.0,32.0,12,11,6604,2,1.0
97,0.0,1.0,2.339,1.0,0.0,6,112.7670070829437,112.7670070829437,pobre,basal,0,1000.0,649.0,1.0,32.0,7,11,6605,0,1.0
98,0.0,1.0,2.339,,,6,112.7670070829437,112.7670070829437,pobre,basal,0,1000.0,649.0,1.0,32.0,8,11,6605,0,1.0
97,1.0,1.0,2.339,,0.0,2,112.7670070829437,112.7670070829437,pobre,basal,0,80.0,756.46997,0.0,35.0,10,11,6606,0,
98,1.0,1.0,2.339,1.0,5.0,2,112.7670070829437,112.7670070829437,pobre,basal,0,80.0,756.46997,0.0,35.0,11,11,6606,0,
97,0.0,0.0,2.339,0.0,9.0,3,112.7670070829437,112.7670070829437,no pobre,basal,0,500.0,881.0,1.0,37.0,16,11,6607,9,0.0
98,0.0,0.0,2.339,,,3,112.7670070829437,112.7670070829437,no pobre,basal,0,500.0,881.0,1.0,37.0,17,11,6607,9,0.0
97,0.0,0.0,2.339,1.0,3.0,4,112.7670070829437,112.7670070829437,pobre,basal,0,500.0,704.0,1.0,51.0,10,11,6608,3,1.0
98,0.0,0.0,2.339,1.0,3.0,4,112.7670070829437,112.7670070829437,pobre,basal,0,500.0,704.0,1.0,51.0,11,11,6608,3,1.0
97,0.0,0.0,2.339,1.0,1.0,4,112.7670070829437,112.7670070829437,pobre,basal,0,500.0,704.0,1.0,51.0,8,11,6609,1,1.0
98,0.0,0.0,2.339,1.0,2.0,4,112.7670070829437,112.7670070829437,pobre,basal,0,500.0,704.0,1.0,51.0,9,11,6609,1,1.0
97,0.0,1.0,2.339,1.0,3.0,7,112.7670070829437,112.7670070829437,pobre,basal,0,0.0,664.20001,1.0,51.0,14,11,6610,3,1.0
98,0.0,1.0,2.339,,,7,112.7670070829437,112.7670070829437,pobre,basal,0,0.0,664.20001,1.0,51.0,15,11,6610,3,1.0
97,0.0,1.0,2.339,1.0,1.0,7,112.7670070829437,112.7670070829437,pobre,basal,0,0.0,664.20001,1.0,51.0,13,11,6611,1,1.0
98,0.0,1.0,2.339,1.0,2.0,7,112.7670070829437,112.7670070829437,pobre,basal,0,0.0,664.20001,1.0,51.0,14,11,6611,1,1.0
97,0.0,1.0,2.339,,0.0,7,112.7670070829437,112.7670070829437,pobre,basal,0,0.0,664.20001,1.0,51.0,9,11,6612,0,
98,0.0,1.0,2.339,1.0,1.0,7,112.7670070829437,112.7670070829437,pobre,basal,0,0.0,664.20001,1.0,51.0,10,11,6612,0,
97,0.0,1.0,2.339,0.0,6.0,7,112.7670070829437,112.7670070829437,pobre,basal,0,0.0,749.16998,1.0,36.0,15,11,6613,6,0.0
98,0.0,1.0,2.339,,,7,112.7670070829437,112.7670070829437,pobre,basal,0,0.0,749.16998,1.0,36.0,16,11,6613,6,0.0
97,0.0,1.0,2.339,1.0,2.0,7,112.7670070829437,112.7670070829437,pobre,basal,0,0.0,749.16998,1.0,36.0,11,11,6614,2,1.0
98,0.0,1.0,2.339,1.0,3.0,7,112.7670070829437,112.7670070829437,pobre,basal,0,0.0,749.16998,1.0,36.0,12,11,6614,2,1.0
97,1.0,0.0,2.339,0.0,6.0,5,112.7670070829437,112.7670070829437,pobre,basal,4,375.0,710.66998,1.0,44.0,15,11,6615,6,0.0
98,1.0,0.0,2.339,0.0,6.0,5,112.7670070829437,112.7670070829437,pobre,basal,4,375.0,710.66998,1.0,44.0,16,11,6615,6,0.0
97,0.0,0.0,2.339,1.0,5.0,5,112.7670070829437,112.7670070829437,pobre,basal,4,375.0,710.66998,1.0,44.0,9,11,6616,5,1.0
98,0.0,0.0,2.339,1.0,6.0,5,112.7670070829437,112.7670070829437,pobre,basal,4,375.0,710.66998,1.0,44.0,10,11,6616,5,1.0
97,1.0,0.0,2.339,1.0,1.0,5,112.7670070829437,112.7670070829437,pobre,basal,4,375.0,710.66998,1.0,44.0,6,11,6617,1,1.0
98,1.0,0.0,2.339,1.0,2.0,5,112.7670070829437,112.7670070829437,pobre,basal,4,375.0,710.66998,1.0,44.0,7,11,6617,1,1.0
97,1.0,0.0,2.339,1.0,7.0,10,112.7670070829437,112.7670070829437,pobre,basal,0,0.0,555.0,1.0,43.0,15,11,6618,7,1.0
98,1.0,0.0,2.339,1.0,8.0,10,112.7670070829437,112.7670070829437,pobre,basal,0,0.0,555.0,1.0,43.0,16,11,6618,7,1.0
97,1.0,0.0,2.339,1.0,6.0,10,112.7670070829437,112.7670070829437,pobre,basal,0,0.0,555.0,1.0,43.0,12,11,6619,6,1.0
98,1.0,0.0,2.339,1.0,7.0,10,112.7670070829437,112.7670070829437,pobre,basal,0,0.0,555.0,1.0,43.0,13,11,6619,6,1.0
97,1.0,0.0,2.339,1.0,2.0,10,112.7670070829437,112.7670070829437,pobre,basal,0,0.0,555.0,1.0,43.0,10,11,6620,2,1.0
98,1.0,0.0,2.339,1.0,3.0,10,112.7670070829437,112.7670070829437,pobre,basal,0,0.0,555.0,1.0,43.0,11,11,6620,2,1.0
97,1.0,0.0,2.339,1.0,4.0,6,112.7670070829437,112.7670070829437,pobre,basal,1,0.0,679.0,1.0,51.0,10,11,6621,4,1.0
98,1.0,0.0,2.339,1.0,5.0,6,112.7670070829437,112.7670070829437,pobre,basal,1,0.0,679.0,1.0,51.0,11,11,6621,4,1.0
97,0.0,0.0,2.339,1.0,0.0,6,112.7670070829437,112.7670070829437,pobre,basal,1,0.0,679.0,1.0,51.0,6,11,6622,0,1.0
98,0.0,0.0,2.339,1.0,1.0,6,112.7670070829437,112.7670070829437,pobre,basal,1,0.0,679.0,1.0,51.0,7,11,6622,0,1.0
97,0.0,0.0,2.339,1.0,4.0,6,112.7670070829437,112.7670070829437,pobre,basal,6,960.0,628.0,1.0,28.0,11,11,6623,4,1.0
98,0.0,0.0,2.339,,,6,112.7670070829437,112.7670070829437,pobre,basal,6,960.0,628.0,1.0,28.0,12,11,6623,4,1.0
97,0.0,1.0,2.339,1.0,3.0,8,112.7670070829437,112.7670070829437,pobre,basal,0,0.0,623.0,1.0,45.0,11,11,6624,3,1.0
98,0.0,1.0,2.339,1.0,4.0,8,112.7670070829437,112.7670070829437,pobre,basal,0,0.0,623.0,1.0,45.0,12,11,6624,3,1.0
97,0.0,0.0,2.339,1.0,1.0,8,112.7670070829437,112.7670070829437,pobre,basal,0,0.0,623.0,1.0,45.0,8,11,6625,1,1.0
98,0.0,0.0,2.339,1.0,2.0,8,112.7670070829437,112.7670070829437,pobre,basal,0,0.0,623.0,1.0,45.0,9,11,6625,1,1.0
97,0.0,0.0,2.339,1.0,1.0,8,112.7670070829437,112.7670070829437,pobre,basal,0,0.0,623.0,1.0,45.0,8,11,6626,1,1.0
98,0.0,0.0,2.339,1.0,2.0,8,112.7670070829437,112.7670070829437,pobre,basal,0,0.0,623.0,1.0,45.0,9,11,6626,1,1.0
97,0.0,0.0,2.339,0.0,6.0,8,112.7670070829437,112.7670070829437,pobre,basal,2,0.0,623.0,1.0,55.0,13,11,6627,6,0.0
98,0.0,0.0,2.339,1.0,7.0,8,112.7670070829437,112.7670070829437,pobre,basal,2,0.0,623.0,1.0,55.0,14,11,6627,6,0.0
97,1.0,0.0,2.339,1.0,0.0,4,112.7670070829437,112.7670070829437,pobre,basal,6,1600.0,690.0,1.0,28.0,6,11,6628,0,1.0
98,1.0,0.0,2.339,1.0,0.0,4,112.7670070829437,112.7670070829437,pobre,basal,6,1600.0,690.0,1.0,28.0,7,11,6628,0,1.0
97,0.0,0.0,2.339,0.0,6.0,8,112.7670070829437,112.7670070829437,pobre,basal,0,500.0,688.0,1.0,52.0,16,11,6629,6,0.0
98,0.0,0.0,2.339,,,8,112.7670070829437,112.7670070829437,pobre,basal,0,500.0,688.0,1.0,52.0,17,11,6629,6,0.0
97,0.0,0.0,2.339,0.0,5.0,8,112.7670070829437,112.7670070829437,pobre,basal,0,500.0,688.0,1.0,52.0,12,11,6630,5,0.0
98,0.0,0.0,2.339,1.0,5.0,8,112.7670070829437,112.7670070829437,pobre,basal,0,500.0,688.0,1.0,52.0,13,11,6630,5,0.0
97,0.0,0.0,2.339,0.0,4.0,8,112.7670070829437,112.7670070829437,pobre,basal,0,500.0,688.0,1.0,52.0,10,11,6631,4,0.0
98,0.0,0.0,2.339,1.0,5.0,8,112.7670070829437,112.7670070829437,pobre,basal,0,500.0,688.0,1.0,52.0,11,11,6631,4,0.0
97,0.0,0.0,2.339,0.0,4.0,8,112.7670070829437,112.7670070829437,pobre,basal,0,500.0,688.0,1.0,52.0,9,11,6632,4,0.0
98,0.0,0.0,2.339,1.0,4.0,8,112.7670070829437,112.7670070829437,pobre,basal,0,500.0,688.0,1.0,52.0,10,11,6632,4,0.0
97,1.0,1.0,2.339,0.0,6.0,9,112.7670070829437,112.7670070829437,pobre,basal,3,500.0,658.32001,1.0,38.0,15,11,6633,6,0.0
98,1.0,1.0,2.339,,,9,112.7670070829437,112.7670070829437,pobre,basal,3,500.0,658.32001,1.0,38.0,16,11,6633,6,0.0
97,0.0,1.0,2.339,0.0,6.0,9,112.7670070829437,112.7670070829437,pobre,basal,3,500.0,658.32001,1.0,38.0,14,11,6634,6,0.0
98,0.0,1.0,2.339,,,9,112.7670070829437,112.7670070829437,pobre,basal,3,500.0,658.32001,1.0,38.0,15,11,6634,6,0.0
97,0.0,1.0,2.339,1.0,4.0,9,112.7670070829437,112.7670070829437,pobre,basal,3,500.0,658.32001,1.0,38.0,10,11,6635,4,1.0
98,0.0,1.0,2.339,0.0,4.0,9,112.7670070829437,112.7670070829437,pobre,basal,3,500.0,658.32001,1.0,38.0,11,11,6635,4,1.0
97,0.0,1.0,2.339,1.0,3.0,9,112.7670070829437,112.7670070829437,pobre,basal,3,500.0,658.32001,1.0,38.0,7,11,6636,3,1.0
98,0.0,1.0,2.339,1.0,4.0,9,112.7670070829437,112.7670070829437,pobre,basal,3,500.0,658.32001,1.0,38.0,8,11,6636,3,1.0
97,1.0,1.0,2.339,,0.0,4,112.7670070829437,112.7670070829437,no pobre,basal,0,500.0,780.0,1.0,48.0,15,11,6637,0,
98,1.0,1.0,2.339,,,4,112.7670070829437,112.7670070829437,no pobre,basal,0,500.0,780.0,1.0,48.0,16,11,6637,0,
97,0.0,1.0,2.339,1.0,5.0,4,112.7670070829437,112.7670070829437,no pobre,basal,0,500.0,780.0,1.0,48.0,12,11,6638,5,1.0
98,0.0,1.0,2.339,,,4,112.7670070829437,112.7670070829437,no pobre,basal,0,500.0,780.0,1.0,48.0,13,11,6638,5,1.0
97,1.0,1.0,2.339,1.0,5.0,5,112.7670070829437,112.7670070829437,pobre,basal,0,375.0,774.5,1.0,44.0,11,11,6639,5,1.0
98,1.0,1.0,2.339,1.0,6.0,5,112.7670070829437,112.7670070829437,pobre,basal,0,375.0,774.5,1.0,44.0,12,11,6639,5,1.0
97,1.0,1.0,2.339,1.0,3.0,5,112.7670070829437,112.7670070829437,pobre,basal,0,720.0,752.5,1.0,52.0,8,11,6640,3,1.0
98,1.0,1.0,2.339,0.0,0.0,5,112.7670070829437,112.7670070829437,pobre,basal,0,720.0,752.5,1.0,52.0,9,11,6640,3,1.0
97,0.0,1.0,2.339,,0.0,5,112.7670070829437,112.7670070829437,pobre,basal,0,720.0,752.5,1.0,52.0,16,11,6641,0,
98,0.0,1.0,2.339,,,5,112.7670070829437,112.7670070829437,pobre,basal,0,720.0,752.5,1.0,52.0,17,11,6641,0,
97,0.0,1.0,2.339,0.0,1.0,6,112.7670070829437,112.7670070829437,pobre,basal,0,0.0,635.0,1.0,38.0,15,11,6642,1,0.0
98,0.0,1.0,2.339,0.0,2.0,6,112.7670070829437,112.7670070829437,pobre,basal,0,0.0,635.0,1.0,38.0,16,11,6642,1,0.0
97,1.0,1.0,2.339,1.0,0.0,6,112.7670070829437,112.7670070829437,pobre,basal,0,0.0,635.0,1.0,38.0,6,11,6643,0,1.0
98,1.0,1.0,2.339,1.0,1.0,6,112.7670070829437,112.7670070829437,pobre,basal,0,0.0,635.0,1.0,38.0,7,11,6643,0,1.0
97,0.0,1.0,2.339,1.0,0.0,7,112.7670070829437,112.7670070829437,pobre,basal,0,0.0,674.51001,1.0,34.0,6,11,6644,0,1.0
98,0.0,1.0,2.339,,,7,112.7670070829437,112.7670070829437,pobre,basal,0,0.0,674.51001,1.0,34.0,7,11,6644,0,1.0
97,1.0,1.0,2.339,1.0,5.0,7,112.7670070829437,112.7670070829437,pobre,basal,0,0.0,674.51001,1.0,34.0,12,11,6645,5,1.0
98,1.0,1.0,2.339,,,7,112.7670070829437,112.7670070829437,pobre,basal,0,0.0,674.51001,1.0,34.0,13,11,6645,5,1.0
97,0.0,1.0,2.339,1.0,2.0,7,112.7670070829437,112.7670070829437,pobre,basal,0,0.0,674.51001,1.0,34.0,10,11,6646,2,1.0
98,0.0,1.0,2.339,,,7,112.7670070829437,112.7670070829437,pobre,basal,0,0.0,674.51001,1.0,34.0,11,11,6646,2,1.0
97,0.0,0.0,2.339,0.0,6.0,4,112.7670070829437,112.7670070829437,pobre,basal,0,50.0,744.0,0.0,55.0,15,11,6647,6,0.0
98,0.0,0.0,2.339,,,4,112.7670070829437,112.7670070829437,pobre,basal,0,50.0,744.0,0.0,55.0,16,11,6647,6,0.0
97,1.0,0.0,2.339,1.0,6.0,4,112.7670070829437,112.7670070829437,pobre,basal,0,50.0,744.0,0.0,55.0,14,11,6648,6,1.0
98,1.0,0.0,2.339,1.0,7.0,4,112.7670070829437,112.7670070829437,pobre,basal,0,50.0,744.0,0.0,55.0,15,11,6648,6,1.0
97,0.0,0.0,2.339,1.0,5.0,4,112.7670070829437,112.7670070829437,pobre,basal,0,50.0,744.0,0.0,55.0,11,11,6649,5,1.0
98,0.0,0.0,2.339,0.0,6.0,4,112.7670070829437,112.7670070829437,pobre,basal,0,50.0,744.0,0.0,55.0,12,11,6649,5,1.0
97,0.0,0.0,2.339,,0.0,3,112.7670070829437,112.7670070829437,no pobre,basal,16,2360.0,955.0,1.0,34.0,15,11,6650,0,
98,0.0,0.0,2.339,0.0,3.0,3,112.7670070829437,112.7670070829437,no pobre,basal,16,2360.0,955.0,1.0,34.0,16,11,6650,0,
97,0.0,1.0,2.339,0.0,6.0,9,112.7670070829437,112.7670070829437,pobre,basal,0,750.0,660.5,1.0,34.0,11,11,6651,6,0.0
98,0.0,1.0,2.339,0.0,6.0,9,112.7670070829437,112.7670070829437,pobre,basal,0,750.0,660.5,1.0,34.0,12,11,6651,6,0.0
97,0.0,1.0,2.339,1.0,3.0,9,112.7670070829437,112.7670070829437,pobre,basal,0,750.0,660.5,1.0,34.0,8,11,6652,3,1.0
98,0.0,1.0,2.339,1.0,4.0,9,112.7670070829437,112.7670070829437,pobre,basal,0,750.0,660.5,1.0,34.0,9,11,6652,3,1.0
97,1.0,1.0,2.339,1.0,1.0,9,112.7670070829437,112.7670070829437,pobre,basal,0,750.0,660.5,1.0,34.0,6,11,6653,1,1.0
98,1.0,1.0,2.339,1.0,2.0,9,112.7670070829437,112.7670070829437,pobre,basal,0,750.0,660.5,1.0,34.0,7,11,6653,1,1.0
97,1.0,0.0,2.339,1.0,3.0,4,112.7670070829437,112.7670070829437,pobre,basal,0,625.0,673.0,1.0,27.0,6,11,6654,3,1.0
98,1.0,0.0,2.339,1.0,1.0,4,112.7670070829437,112.7670070829437,pobre,basal,0,625.0,673.0,1.0,27.0,7,11,6654,3,1.0
97,1.0,0.0,2.339,1.0,2.0,7,112.7670070829437,112.7670070829437,pobre,basal,0,500.0,595.0,1.0,34.0,9,11,6655,2,1.0
98,1.0,0.0,2.339,1.0,3.0,7,112.7670070829437,112.7670070829437,pobre,basal,0,500.0,595.0,1.0,34.0,10,11,6655,2,1.0
97,0.0,0.0,2.339,1.0,3.0,7,112.7670070829437,112.7670070829437,pobre,basal,0,500.0,595.0,1.0,34.0,7,11,6656,3,1.0
98,0.0,0.0,2.339,1.0,1.0,7,112.7670070829437,112.7670070829437,pobre,basal,0,500.0,595.0,1.0,34.0,8,11,6656,3,1.0
97,1.0,1.0,2.339,1.0,3.0,6,112.7670070829437,112.7670070829437,pobre,basal,0,0.0,738.0,0.0,48.0,6,11,6657,3,1.0
98,1.0,1.0,2.339,1.0,1.0,6,112.7670070829437,112.7670070829437,pobre,basal,0,0.0,738.0,0.0,48.0,7,11,6657,3,1.0
97,1.0,0.0,2.339,1.0,7.0,6,112.7670070829437,112.7670070829437,pobre,basal,3,500.0,738.0,1.0,38.0,13,11,6658,7,1.0
98,1.0,0.0,2.339,1.0,8.0,6,112.7670070829437,112.7670070829437,pobre,basal,3,500.0,738.0,1.0,38.0,14,11,6658,7,1.0
97,1.0,0.0,2.339,1.0,2.0,6,112.7670070829437,112.7670070829437,pobre,basal,3,500.0,738.0,1.0,38.0,8,11,6659,2,1.0
98,1.0,0.0,2.339,1.0,3.0,6,112.7670070829437,112.7670070829437,pobre,basal,3,500.0,738.0,1.0,38.0,9,11,6659,2,1.0
97,0.0,0.0,2.339,1.0,1.0,6,112.7670070829437,112.7670070829437,pobre,basal,3,500.0,738.0,1.0,38.0,7,11,6660,1,1.0
98,0.0,0.0,2.339,1.0,2.0,6,112.7670070829437,112.7670070829437,pobre,basal,3,500.0,738.0,1.0,38.0,8,11,6660,1,1.0
97,1.0,0.0,2.339,1.0,2.0,8,112.7670070829437,112.7670070829437,pobre,basal,3,750.0,608.0,1.0,30.0,9,11,6661,2,1.0
98,1.0,0.0,2.339,,,8,112.7670070829437,112.7670070829437,pobre,basal,3,750.0,608.0,1.0,30.0,10,11,6661,2,1.0
97,1.0,0.0,2.339,,0.0,8,112.7670070829437,112.7670070829437,pobre,basal,3,750.0,608.0,1.0,30.0,7,11,6662,0,
98,1.0,0.0,2.339,,,8,112.7670070829437,112.7670070829437,pobre,basal,3,750.0,608.0,1.0,30.0,8,11,6662,0,
97,1.0,0.0,2.339,0.0,4.0,9,112.7670070829437,112.7670070829437,pobre,basal,2,750.0,644.5,1.0,42.0,16,11,6663,4,0.0
98,1.0,0.0,2.339,,,9,112.7670070829437,112.7670070829437,pobre,basal,2,750.0,644.5,1.0,42.0,17,11,6663,4,0.0
97,0.0,0.0,2.339,1.0,3.0,9,112.7670070829437,112.7670070829437,pobre,basal,2,750.0,644.5,1.0,42.0,10,11,6664,3,1.0
98,0.0,0.0,2.339,1.0,4.0,9,112.7670070829437,112.7670070829437,pobre,basal,2,750.0,644.5,1.0,42.0,11,11,6664,3,1.0
97,1.0,0.0,2.339,1.0,1.0,9,112.7670070829437,112.7670070829437,pobre,basal,2,750.0,644.5,1.0,42.0,8,11,6665,1,1.0
98,1.0,0.0,2.339,1.0,1.0,9,112.7670070829437,112.7670070829437,pobre,basal,2,750.0,644.5,1.0,42.0,9,11,6665,1,1.0
97,1.0,0.0,2.339,1.0,0.0,9,112.7670070829437,112.7670070829437,pobre,basal,2,750.0,644.5,1.0,42.0,6,11,6666,0,1.0
98,1.0,0.0,2.339,1.0,0.0,9,112.7670070829437,112.7670070829437,pobre,basal,2,750.0,644.5,1.0,42.0,7,11,6666,0,1.0
97,1.0,0.0,2.339,,0.0,9,112.7670070829437,112.7670070829437,pobre,basal,0,750.0,648.0,1.0,44.0,15,11,6667,0,
98,1.0,0.0,2.339,1.0,5.0,9,112.7670070829437,112.7670070829437,pobre,basal,0,750.0,648.0,1.0,44.0,16,11,6667,0,
97,1.0,0.0,2.339,,0.0,9,112.7670070829437,112.7670070829437,pobre,basal,0,750.0,648.0,1.0,44.0,13,11,6668,0,
98,1.0,0.0,2.339,1.0,5.0,9,112.7670070829437,112.7670070829437,pobre,basal,0,750.0,648.0,1.0,44.0,14,11,6668,0,
97,1.0,0.0,2.339,1.0,1.0,9,112.7670070829437,112.7670070829437,pobre,basal,0,750.0,648.0,1.0,44.0,10,11,6669,1,1.0
98,1.0,0.0,2.339,1.0,3.0,9,112.7670070829437,112.7670070829437,pobre,basal,0,750.0,648.0,1.0,44.0,11,11,6669,1,1.0
97,1.0,0.0,2.339,,0.0,9,112.7670070829437,112.7670070829437,pobre,basal,0,750.0,648.0,1.0,44.0,6,11,6670,0,
98,1.0,0.0,2.339,1.0,0.0,9,112.7670070829437,112.7670070829437,pobre,basal,0,750.0,648.0,1.0,44.0,7,11,6670,0,
97,1.0,1.0,2.339,,0.0,6,112.7670070829437,112.7670070829437,pobre,basal,0,750.0,685.0,1.0,40.0,10,11,6671,0,
98,1.0,1.0,2.339,1.0,2.0,6,112.7670070829437,112.7670070829437,pobre,basal,0,750.0,685.0,1.0,40.0,11,11,6671,0,
97,1.0,1.0,2.339,,0.0,6,112.7670070829437,112.7670070829437,pobre,basal,0,750.0,685.0,1.0,40.0,8,11,6672,0,
98,1.0,1.0,2.339,1.0,1.0,6,112.7670070829437,112.7670070829437,pobre,basal,0,750.0,685.0,1.0,40.0,9,11,6672,0,
97,0.0,1.0,2.339,,0.0,6,112.7670070829437,112.7670070829437,pobre,basal,0,750.0,685.0,1.0,40.0,15,11,6673,0,
98,0.0,1.0,2.339,0.0,6.0,6,112.7670070829437,112.7670070829437,pobre,basal,0,750.0,685.0,1.0,40.0,16,11,6673,0,
97,0.0,1.0,2.339,,0.0,6,112.7670070829437,112.7670070829437,pobre,basal,0,750.0,685.0,1.0,40.0,16,11,6674,0,
98,0.0,1.0,2.339,,,6,112.7670070829437,112.7670070829437,pobre,basal,0,750.0,685.0,1.0,40.0,17,11,6674,0,
97,0.0,0.0,2.339,0.0,1.0,5,112.7670070829437,112.7670070829437,pobre,basal,0,0.0,667.0,1.0,45.0,14,11,6675,1,0.0
98,0.0,0.0,2.339,0.0,1.0,5,112.7670070829437,112.7670070829437,pobre,basal,0,0.0,667.0,1.0,45.0,15,11,6675,1,0.0
97,0.0,1.0,2.339,1.0,5.0,8,112.7670070829437,112.7670070829437,pobre,basal,2,500.0,768.79999,1.0,37.0,14,11,6676,5,1.0
98,0.0,1.0,2.339,0.0,6.0,8,112.7670070829437,112.7670070829437,pobre,basal,2,500.0,768.79999,1.0,37.0,15,11,6676,5,1.0
97,1.0,0.0,2.339,1.0,5.0,8,112.7670070829437,112.7670070829437,pobre,basal,2,500.0,768.79999,1.0,37.0,12,11,6677,5,1.0
98,1.0,0.0,2.339,0.0,6.0,8,112.7670070829437,112.7670070829437,pobre,basal,2,500.0,768.79999,1.0,37.0,13,11,6677,5,1.0
97,1.0,0.0,2.339,1.0,0.0,8,112.7670070829437,112.7670070829437,pobre,basal,2,500.0,768.79999,1.0,37.0,7,11,6678,0,1.0
98,1.0,0.0,2.339,1.0,1.0,8,112.7670070829437,112.7670070829437,pobre,basal,2,500.0,768.79999,1.0,37.0,8,11,6678,0,1.0
97,1.0,0.0,2.339,1.0,1.0,5,112.7670070829437,112.7670070829437,pobre,basal,2,750.0,684.0,1.0,27.0,9,11,6679,1,1.0
98,1.0,0.0,2.339,1.0,2.0,5,112.7670070829437,112.7670070829437,pobre,basal,2,750.0,684.0,1.0,27.0,10,11,6679,1,1.0
97,1.0,0.0,2.339,1.0,1.0,5,112.7670070829437,112.7670070829437,pobre,basal,6,0.0,681.5,1.0,29.0,6,11,6680,1,1.0
98,1.0,0.0,2.339,1.0,0.0,5,112.7670070829437,112.7670070829437,pobre,basal,6,0.0,681.5,1.0,29.0,7,11,6680,1,1.0
97,0.0,0.0,2.339,1.0,4.0,6,112.7670070829437,112.7670070829437,pobre,basal,1,1000.0,740.0,1.0,55.0,12,11,6681,4,1.0
98,0.0,0.0,2.339,1.0,5.0,6,112.7670070829437,112.7670070829437,pobre,basal,1,1000.0,740.0,1.0,55.0,13,11,6681,4,1.0
97,0.0,0.0,2.339,1.0,4.0,6,112.7670070829437,112.7670070829437,pobre,basal,1,1000.0,740.0,1.0,55.0,11,11,6682,4,1.0
98,0.0,0.0,2.339,1.0,4.0,6,112.7670070829437,112.7670070829437,pobre,basal,1,1000.0,740.0,1.0,55.0,12,11,6682,4,1.0
97,0.0,0.0,2.339,1.0,5.0,6,112.7670070829437,112.7670070829437,pobre,basal,0,0.0,664.46997,1.0,39.0,14,11,6683,5,1.0
98,0.0,0.0,2.339,0.0,6.0,6,112.7670070829437,112.7670070829437,pobre,basal,0,0.0,664.46997,1.0,39.0,15,11,6683,5,1.0
97,1.0,0.0,2.339,1.0,3.0,6,112.7670070829437,112.7670070829437,pobre,basal,0,0.0,664.46997,1.0,39.0,10,11,6684,3,1.0
98,1.0,0.0,2.339,1.0,4.0,6,112.7670070829437,112.7670070829437,pobre,basal,0,0.0,664.46997,1.0,39.0,11,11,6684,3,1.0
97,0.0,0.0,2.339,1.0,0.0,6,112.7670070829437,112.7670070829437,pobre,basal,0,0.0,664.46997,1.0,39.0,8,11,6685,0,1.0
98,0.0,0.0,2.339,1.0,1.0,6,112.7670070829437,112.7670070829437,pobre,basal,0,0.0,664.46997,1.0,39.0,9,11,6685,0,1.0
97,1.0,1.0,2.339,,6.0,9,112.7670070829437,112.7670070829437,pobre,basal,2,0.0,666.5,1.0,40.0,14,11,6686,6,
98,1.0,1.0,2.339,0.0,6.0,9,112.7670070829437,112.7670070829437,pobre,basal,2,0.0,666.5,1.0,40.0,15,11,6686,6,
97,1.0,1.0,2.339,1.0,1.0,9,112.7670070829437,112.7670070829437,pobre,basal,2,0.0,666.5,1.0,40.0,10,11,6687,1,1.0
98,1.0,1.0,2.339,1.0,2.0,9,112.7670070829437,112.7670070829437,pobre,basal,2,0.0,666.5,1.0,40.0,11,11,6687,1,1.0
97,1.0,1.0,2.339,1.0,1.0,9,112.7670070829437,112.7670070829437,pobre,basal,2,0.0,666.5,1.0,40.0,7,11,6688,1,1.0
98,1.0,1.0,2.339,1.0,1.0,9,112.7670070829437,112.7670070829437,pobre,basal,2,0.0,666.5,1.0,40.0,8,11,6688,1,1.0
97,0.0,0.0,2.339,1.0,1.0,7,112.7670070829437,112.7670070829437,pobre,basal,0,0.0,637.0,1.0,40.0,8,11,6689,1,1.0
98,0.0,0.0,2.339,1.0,2.0,7,112.7670070829437,112.7670070829437,pobre,basal,0,0.0,637.0,1.0,40.0,9,11,6689,1,1.0
97,1.0,0.0,2.339,1.0,2.0,8,112.7670070829437,112.7670070829437,pobre,basal,0,375.0,724.0,1.0,58.0,9,11,6690,2,1.0
98,1.0,0.0,2.339,1.0,3.0,8,112.7670070829437,112.7670070829437,pobre,basal,0,375.0,724.0,1.0,58.0,10,11,6690,2,1.0
97,0.0,,2.339,1.0,0.0,8,112.7670070829437,112.7670070829437,pobre,basal,0,375.0,724.0,1.0,58.0,6,11,6691,0,1.0
98,0.0,,2.339,1.0,1.0,8,112.7670070829437,112.7670070829437,pobre,basal,0,375.0,724.0,1.0,58.0,7,11,6691,0,1.0
97,1.0,0.0,2.339,1.0,4.0,6,112.7670070829437,112.7670070829437,pobre,basal,3,500.0,747.0,1.0,43.0,13,11,6692,4,1.0
98,1.0,0.0,2.339,1.0,5.0,6,112.7670070829437,112.7670070829437,pobre,basal,3,500.0,747.0,1.0,43.0,14,11,6692,4,1.0
97,1.0,0.0,2.339,1.0,0.0,5,112.7670070829437,112.7670070829437,pobre,basal,0,200.0,719.0,1.0,31.0,6,11,6693,0,1.0
98,1.0,0.0,2.339,1.0,1.0,5,112.7670070829437,112.7670070829437,pobre,basal,0,200.0,719.0,1.0,31.0,7,11,6693,0,1.0
97,0.0,1.0,2.339,0.0,6.0,3,112.7670070829437,112.7670070829437,pobre,basal,0,320.0,763.82001,1.0,40.0,15,11,6694,6,0.0
98,0.0,1.0,2.339,,,3,112.7670070829437,112.7670070829437,pobre,basal,0,320.0,763.82001,1.0,40.0,16,11,6694,6,0.0
97,1.0,1.0,2.339,0.0,6.0,3,112.7670070829437,112.7670070829437,no pobre,basal,0,160.0,812.51001,1.0,48.0,16,11,6695,6,0.0
98,1.0,1.0,2.339,,,3,112.7670070829437,112.7670070829437,no pobre,basal,0,160.0,812.51001,1.0,48.0,17,11,6695,6,0.0
97,0.0,1.0,2.339,,0.0,7,112.7670070829437,112.7670070829437,pobre,basal,0,40.0,692.33002,1.0,38.0,14,11,6696,0,
98,0.0,1.0,2.339,,,7,112.7670070829437,112.7670070829437,pobre,basal,0,40.0,692.33002,1.0,38.0,15,11,6696,0,
97,0.0,1.0,2.339,,0.0,7,112.7670070829437,112.7670070829437,pobre,basal,0,40.0,692.33002,1.0,38.0,9,11,6697,0,
98,0.0,1.0,2.339,1.0,3.0,7,112.7670070829437,112.7670070829437,pobre,basal,0,40.0,692.33002,1.0,38.0,10,11,6697,0,
97,1.0,1.0,2.339,1.0,6.0,8,112.7670070829437,112.7670070829437,pobre,basal,0,720.0,617.0,1.0,37.0,14,11,6698,6,1.0
98,1.0,1.0,2.339,1.0,7.0,8,112.7670070829437,112.7670070829437,pobre,basal,0,720.0,617.0,1.0,37.0,15,11,6698,6,1.0
97,0.0,1.0,2.339,1.0,3.0,8,112.7670070829437,112.7670070829437,pobre,basal,0,720.0,617.0,1.0,37.0,11,11,6699,3,1.0
98,0.0,1.0,2.339,1.0,4.0,8,112.7670070829437,112.7670070829437,pobre,basal,0,720.0,617.0,1.0,37.0,12,11,6699,3,1.0
97,0.0,1.0,2.339,1.0,2.0,8,112.7670070829437,112.7670070829437,pobre,basal,0,720.0,617.0,1.0,37.0,6,11,6700,2,1.0
98,0.0,1.0,2.339,1.0,3.0,8,112.7670070829437,112.7670070829437,pobre,basal,0,720.0,617.0,1.0,37.0,7,11,6700,2,1.0
97,1.0,0.0,2.339,1.0,5.0,6,112.7670070829437,112.7670070829437,pobre,basal,13,960.0,701.0,1.0,32.0,10,11,6701,5,1.0
98,1.0,0.0,2.339,1.0,6.0,6,112.7670070829437,112.7670070829437,pobre,basal,13,960.0,701.0,1.0,32.0,11,11,6701,5,1.0
97,1.0,0.0,2.339,1.0,2.0,6,112.7670070829437,112.7670070829437,pobre,basal,13,960.0,701.0,1.0,32.0,8,11,6702,2,1.0
98,1.0,0.0,2.339,1.0,3.0,6,112.7670070829437,112.7670070829437,pobre,basal,13,960.0,701.0,1.0,32.0,9,11,6702,2,1.0
97,0.0,0.0,2.339,0.0,6.0,8,112.7670070829437,112.7670070829437,pobre,basal,0,125.0,751.0,1.0,32.0,16,11,6703,6,0.0
98,0.0,0.0,2.339,,,8,112.7670070829437,112.7670070829437,pobre,basal,0,125.0,751.0,1.0,32.0,17,11,6703,6,0.0
97,1.0,0.0,2.339,1.0,7.0,8,112.7670070829437,112.7670070829437,pobre,basal,0,125.0,751.0,1.0,32.0,14,11,6704,7,1.0
98,1.0,0.0,2.339,1.0,8.0,8,112.7670070829437,112.7670070829437,pobre,basal,0,125.0,751.0,1.0,32.0,15,11,6704,7,1.0
97,0.0,0.0,2.339,1.0,3.0,8,112.7670070829437,112.7670070829437,pobre,basal,0,125.0,751.0,1.0,32.0,10,11,6705,3,1.0
98,0.0,0.0,2.339,1.0,4.0,8,112.7670070829437,112.7670070829437,pobre,basal,0,125.0,751.0,1.0,32.0,11,11,6705,3,1.0
97,0.0,1.0,2.339,1.0,2.0,6,112.7670070829437,112.7670070829437,pobre,basal,6,960.0,665.0,1.0,25.0,7,11,6706,2,1.0
98,0.0,1.0,2.339,1.0,3.0,6,112.7670070829437,112.7670070829437,pobre,basal,6,960.0,665.0,1.0,25.0,8,11,6706,2,1.0
97,0.0,1.0,2.339,1.0,0.0,6,112.7670070829437,112.7670070829437,pobre,basal,6,960.0,665.0,1.0,25.0,6,11,6707,0,1.0
98,0.0,1.0,2.339,1.0,1.0,6,112.7670070829437,112.7670070829437,pobre,basal,6,960.0,665.0,1.0,25.0,7,11,6707,0,1.0
97,1.0,0.0,2.339,0.0,5.0,8,112.7670070829437,112.7670070829437,no pobre,basal,3,80.0,764.67999,1.0,60.0,16,11,6708,5,0.0
98,1.0,0.0,2.339,0.0,5.0,8,112.7670070829437,112.7670070829437,no pobre,basal,3,80.0,764.67999,1.0,60.0,17,11,6708,5,0.0
97,0.0,0.0,2.339,0.0,5.0,8,112.7670070829437,112.7670070829437,no pobre,basal,3,80.0,764.67999,1.0,60.0,11,11,6709,5,0.0
98,0.0,0.0,2.339,0.0,5.0,8,112.7670070829437,112.7670070829437,no pobre,basal,3,80.0,764.67999,1.0,60.0,12,11,6709,5,0.0
97,0.0,0.0,2.339,1.0,0.0,5,112.7670070829437,112.7670070829437,pobre,basal,6,1000.0,730.0,1.0,28.0,6,11,6710,0,1.0
98,0.0,0.0,2.339,1.0,1.0,5,112.7670070829437,112.7670070829437,pobre,basal,6,1000.0,730.0,1.0,28.0,7,11,6710,0,1.0
97,1.0,0.0,2.339,1.0,2.0,5,112.7670070829437,112.7670070829437,pobre,basal,6,1000.0,674.0,1.0,31.0,6,11,6711,2,1.0
98,1.0,0.0,2.339,1.0,3.0,5,112.7670070829437,112.7670070829437,pobre,basal,6,1000.0,674.0,1.0,31.0,7,11,6711,2,1.0
97,0.0,1.0,2.339,1.0,4.0,8,112.7670070829437,112.7670070829437,pobre,basal,0,500.0,645.79999,1.0,40.0,13,11,6712,4,1.0
98,0.0,1.0,2.339,1.0,5.0,8,112.7670070829437,112.7670070829437,pobre,basal,0,500.0,645.79999,1.0,40.0,14,11,6712,4,1.0
97,1.0,1.0,2.339,1.0,1.0,8,112.7670070829437,112.7670070829437,pobre,basal,0,500.0,645.79999,1.0,40.0,11,11,6713,1,1.0
98,1.0,1.0,2.339,1.0,2.0,8,112.7670070829437,112.7670070829437,pobre,basal,0,500.0,645.79999,1.0,40.0,12,11,6713,1,1.0
97,0.0,1.0,2.339,1.0,3.0,8,112.7670070829437,112.7670070829437,pobre,basal,0,500.0,645.79999,1.0,40.0,6,11,6714,3,1.0
98,0.0,1.0,2.339,1.0,0.0,8,112.7670070829437,112.7670070829437,pobre,basal,0,500.0,645.79999,1.0,40.0,7,11,6714,3,1.0
97,1.0,0.0,2.339,0.0,6.0,5,112.7670070829437,112.7670070829437,pobre,basal,0,500.0,685.5,1.0,98.0,14,11,6715,6,0.0
98,1.0,0.0,2.339,0.0,6.0,5,112.7670070829437,112.7670070829437,pobre,basal,0,500.0,685.5,1.0,98.0,15,11,6715,6,0.0
97,1.0,0.0,2.339,1.0,1.0,5,112.7670070829437,112.7670070829437,pobre,basal,0,500.0,685.5,1.0,98.0,9,11,6716,1,1.0
98,1.0,0.0,2.339,1.0,2.0,5,112.7670070829437,112.7670070829437,pobre,basal,0,500.0,685.5,1.0,98.0,10,11,6716,1,1.0
97,1.0,,2.339,1.0,1.0,5,112.7670070829437,112.7670070829437,pobre,basal,0,500.0,685.5,1.0,98.0,7,11,6717,1,1.0
98,1.0,,2.339,1.0,2.0,5,112.7670070829437,112.7670070829437,pobre,basal,0,500.0,685.5,1.0,98.0,8,11,6717,1,1.0
97,1.0,0.0,2.339,1.0,1.0,5,112.7670070829437,112.7670070829437,pobre,basal,6,60.0,744.5,1.0,27.0,7,11,6718,1,1.0
98,1.0,0.0,2.339,1.0,2.0,5,112.7670070829437,112.7670070829437,pobre,basal,6,60.0,744.5,1.0,27.0,8,11,6718,1,1.0
97,0.0,0.0,2.339,0.0,6.0,8,112.7670070829437,112.7670070829437,pobre,basal,3,800.0,742.79999,1.0,43.0,16,11,6719,6,0.0
98,0.0,0.0,2.339,,,8,112.7670070829437,112.7670070829437,pobre,basal,3,800.0,742.79999,1.0,43.0,17,11,6719,6,0.0
97,0.0,0.0,2.339,0.0,3.0,8,112.7670070829437,112.7670070829437,pobre,basal,3,800.0,742.79999,1.0,43.0,11,11,6720,3,0.0
98,0.0,0.0,2.339,1.0,3.0,8,112.7670070829437,112.7670070829437,pobre,basal,3,800.0,742.79999,1.0,43.0,12,11,6720,3,0.0
97,0.0,0.0,2.339,0.0,1.0,8,112.7670070829437,112.7670070829437,pobre,basal,3,800.0,742.79999,1.0,43.0,8,11,6721,1,0.0
98,0.0,0.0,2.339,1.0,1.0,8,112.7670070829437,112.7670070829437,pobre,basal,3,800.0,742.79999,1.0,43.0,9,11,6721,1,0.0
97,0.0,1.0,2.339,1.0,4.0,7,112.7670070829437,112.7670070829437,pobre,basal,0,72.0,738.33002,0.0,77.0,10,11,6722,4,1.0
98,0.0,1.0,2.339,0.0,,7,112.7670070829437,112.7670070829437,pobre,basal,0,72.0,738.33002,0.0,77.0,11,11,6722,4,1.0
97,0.0,1.0,2.339,1.0,2.0,7,112.7670070829437,112.7670070829437,pobre,basal,0,72.0,738.33002,0.0,77.0,8,11,6723,2,1.0
98,0.0,1.0,2.339,1.0,3.0,7,112.7670070829437,112.7670070829437,pobre,basal,0,72.0,738.33002,0.0,77.0,9,11,6723,2,1.0
97,1.0,1.0,2.339,,0.0,8,112.7670070829437,112.7670070829437,pobre,basal,0,0.0,575.66998,1.0,44.0,13,11,6724,0,
98,1.0,1.0,2.339,1.0,5.0,8,112.7670070829437,112.7670070829437,pobre,basal,0,0.0,575.66998,1.0,44.0,14,11,6724,0,
97,1.0,1.0,2.339,1.0,2.0,8,112.7670070829437,112.7670070829437,pobre,basal,0,0.0,575.66998,1.0,44.0,10,11,6725,2,1.0
98,1.0,1.0,2.339,1.0,2.0,8,112.7670070829437,112.7670070829437,pobre,basal,0,0.0,575.66998,1.0,44.0,11,11,6725,2,1.0
97,0.0,1.0,2.339,,0.0,7,112.7670070829437,112.7670070829437,pobre,basal,0,80.0,546.0,1.0,98.0,16,11,6726,0,
98,0.0,1.0,2.339,,,7,112.7670070829437,112.7670070829437,pobre,basal,0,80.0,546.0,1.0,98.0,17,11,6726,0,
97,1.0,0.0,2.339,,0.0,7,112.7670070829437,112.7670070829437,pobre,basal,0,80.0,546.0,1.0,98.0,10,11,6727,0,
98,1.0,0.0,2.339,1.0,1.0,7,112.7670070829437,112.7670070829437,pobre,basal,0,80.0,546.0,1.0,98.0,11,11,6727,0,
97,1.0,0.0,2.339,,0.0,7,112.7670070829437,112.7670070829437,pobre,basal,0,80.0,546.0,1.0,98.0,7,11,6728,0,
98,1.0,0.0,2.339,1.0,2.0,7,112.7670070829437,112.7670070829437,pobre,basal,0,80.0,546.0,1.0,98.0,8,11,6728,0,
97,1.0,0.0,2.339,1.0,0.0,7,112.7670070829437,112.7670070829437,pobre,basal,0,160.0,626.0,1.0,98.0,10,11,6729,0,1.0
98,1.0,0.0,2.339,1.0,3.0,7,112.7670070829437,112.7670070829437,pobre,basal,0,160.0,626.0,1.0,98.0,11,11,6729,0,1.0
97,1.0,0.0,2.339,1.0,0.0,7,112.7670070829437,112.7670070829437,pobre,basal,0,160.0,626.0,1.0,98.0,8,11,6730,0,1.0
98,1.0,0.0,2.339,1.0,2.0,7,112.7670070829437,112.7670070829437,pobre,basal,0,160.0,626.0,1.0,98.0,9,11,6730,0,1.0
97,0.0,1.0,2.339,,0.0,5,112.7670070829437,112.7670070829437,no pobre,basal,0,250.0,767.14001,1.0,71.0,11,11,6731,0,
98,0.0,1.0,2.339,1.0,4.0,5,112.7670070829437,112.7670070829437,no pobre,basal,0,250.0,767.14001,1.0,71.0,12,11,6731,0,
97,0.0,1.0,2.339,,0.0,5,112.7670070829437,112.7670070829437,no pobre,basal,0,250.0,767.14001,1.0,71.0,6,11,6732,0,
98,0.0,1.0,2.339,1.0,1.0,5,112.7670070829437,112.7670070829437,no pobre,basal,0,250.0,767.14001,1.0,71.0,7,11,6732,0,
97,0.0,1.0,2.339,1.0,3.0,8,112.7670070829437,112.7670070829437,pobre,basal,2,375.0,469.0,1.0,33.0,12,11,6733,3,1.0
98,0.0,1.0,2.339,1.0,4.0,8,112.7670070829437,112.7670070829437,pobre,basal,2,375.0,469.0,1.0,33.0,13,11,6733,3,1.0
97,1.0,1.0,2.339,1.0,1.0,8,112.7670070829437,112.7670070829437,pobre,basal,2,375.0,469.0,1.0,33.0,10,11,6734,1,1.0
98,1.0,1.0,2.339,1.0,3.0,8,112.7670070829437,112.7670070829437,pobre,basal,2,375.0,469.0,1.0,33.0,11,11,6734,1,1.0
97,1.0,1.0,2.339,,0.0,5,112.7670070829437,112.7670070829437,pobre,basal,3,375.0,708.5,1.0,98.0,6,11,6735,0,
98,1.0,1.0,2.339,1.0,0.0,5,112.7670070829437,112.7670070829437,pobre,basal,3,375.0,708.5,1.0,98.0,7,11,6735,0,
97,0.0,0.0,2.339,1.0,3.0,6,112.7670070829437,112.7670070829437,pobre,basal,2,875.0,717.0,1.0,33.0,10,11,6736,3,1.0
98,0.0,0.0,2.339,1.0,4.0,6,112.7670070829437,112.7670070829437,pobre,basal,2,875.0,717.0,1.0,33.0,11,11,6736,3,1.0
97,0.0,0.0,2.339,1.0,1.0,6,112.7670070829437,112.7670070829437,pobre,basal,2,875.0,717.0,1.0,33.0,7,11,6737,1,1.0
98,0.0,0.0,2.339,1.0,2.0,6,112.7670070829437,112.7670070829437,pobre,basal,2,875.0,717.0,1.0,33.0,8,11,6737,1,1.0
97,1.0,0.0,2.339,1.0,4.0,7,112.7670070829437,112.7670070829437,pobre,basal,0,500.0,649.0,1.0,98.0,10,11,6738,4,1.0
98,1.0,0.0,2.339,1.0,5.0,7,112.7670070829437,112.7670070829437,pobre,basal,0,500.0,649.0,1.0,98.0,11,11,6738,4,1.0
97,1.0,0.0,2.339,1.0,2.0,7,112.7670070829437,112.7670070829437,pobre,basal,0,500.0,649.0,1.0,98.0,9,11,6739,2,1.0
98,1.0,0.0,2.339,1.0,2.0,7,112.7670070829437,112.7670070829437,pobre,basal,0,500.0,649.0,1.0,98.0,10,11,6739,2,1.0
97,0.0,0.0,2.339,1.0,4.0,6,112.7670070829437,112.7670070829437,pobre,basal,2,375.0,662.0,1.0,34.0,13,11,6740,4,1.0
98,0.0,0.0,2.339,1.0,5.0,6,112.7670070829437,112.7670070829437,pobre,basal,2,375.0,662.0,1.0,34.0,14,11,6740,4,1.0
97,1.0,0.0,2.339,1.0,4.0,6,112.7670070829437,112.7670070829437,pobre,basal,2,375.0,662.0,1.0,34.0,11,11,6741,4,1.0
98,1.0,0.0,2.339,1.0,5.0,6,112.7670070829437,112.7670070829437,pobre,basal,2,375.0,662.0,1.0,34.0,12,11,6741,4,1.0
97,0.0,0.0,2.339,0.0,5.0,3,112.7670070829437,112.7670070829437,no pobre,basal,0,100.0,757.0,0.0,57.0,16,11,6742,5,0.0
98,0.0,0.0,2.339,,,3,112.7670070829437,112.7670070829437,no pobre,basal,0,100.0,757.0,0.0,57.0,17,11,6742,5,0.0
97,0.0,0.0,2.339,0.0,5.0,3,112.7670070829437,112.7670070829437,no pobre,basal,0,100.0,757.0,0.0,57.0,15,11,6743,5,0.0
98,0.0,0.0,2.339,,,3,112.7670070829437,112.7670070829437,no pobre,basal,0,100.0,757.0,0.0,57.0,16,11,6743,5,0.0
97,1.0,0.0,2.339,,0.0,5,112.7670070829437,112.7670070829437,pobre,basal,6,1000.0,591.5,1.0,26.0,7,11,6744,0,
98,1.0,0.0,2.339,,,5,112.7670070829437,112.7670070829437,pobre,basal,6,1000.0,591.5,1.0,26.0,8,11,6744,0,
97,1.0,1.0,2.339,1.0,8.0,5,112.7670070829437,112.7670070829437,pobre,basal,0,375.0,623.0,1.0,50.0,15,11,6745,8,1.0
98,1.0,1.0,2.339,0.0,9.0,5,112.7670070829437,112.7670070829437,pobre,basal,0,375.0,623.0,1.0,50.0,16,11,6745,8,1.0
97,0.0,1.0,2.339,0.0,6.0,5,112.7670070829437,112.7670070829437,pobre,basal,0,375.0,623.0,1.0,50.0,15,11,6746,6,0.0
98,0.0,1.0,2.339,,,5,112.7670070829437,112.7670070829437,pobre,basal,0,375.0,623.0,1.0,50.0,16,11,6746,6,0.0
97,1.0,1.0,2.339,,0.0,6,112.7670070829437,112.7670070829437,pobre,basal,0,40.0,683.5,1.0,36.0,9,11,6747,0,
98,1.0,1.0,2.339,,,6,112.7670070829437,112.7670070829437,pobre,basal,0,40.0,683.5,1.0,36.0,10,11,6747,0,
97,0.0,1.0,2.339,,0.0,6,112.7670070829437,112.7670070829437,pobre,basal,0,40.0,683.5,1.0,36.0,8,11,6748,0,
98,0.0,1.0,2.339,,,6,112.7670070829437,112.7670070829437,pobre,basal,0,40.0,683.5,1.0,36.0,9,11,6748,0,
97,1.0,0.0,2.339,1.0,3.0,6,112.7670070829437,112.7670070829437,pobre,basal,0,960.0,701.0,1.0,30.0,9,11,6749,3,1.0
98,1.0,0.0,2.339,1.0,4.0,6,112.7670070829437,112.7670070829437,pobre,basal,0,960.0,701.0,1.0,30.0,10,11,6749,3,1.0
97,1.0,0.0,2.339,1.0,0.0,6,112.7670070829437,112.7670070829437,pobre,basal,0,960.0,701.0,1.0,30.0,7,11,6750,0,1.0
98,1.0,0.0,2.339,1.0,1.0,6,112.7670070829437,112.7670070829437,pobre,basal,0,960.0,701.0,1.0,30.0,8,11,6750,0,1.0
97,0.0,0.0,2.339,0.0,5.0,4,112.7670070829437,112.7670070829437,pobre,basal,0,40.0,755.33002,0.0,60.0,13,11,6751,5,0.0
98,0.0,0.0,2.339,0.0,5.0,4,112.7670070829437,112.7670070829437,pobre,basal,0,40.0,755.33002,0.0,60.0,14,11,6751,5,0.0
97,0.0,0.0,2.339,1.0,1.0,5,112.7670070829437,112.7670070829437,pobre,basal,5,0.0,665.66998,1.0,27.0,9,11,6752,1,1.0
98,0.0,0.0,2.339,1.0,2.0,5,112.7670070829437,112.7670070829437,pobre,basal,5,0.0,665.66998,1.0,27.0,10,11,6752,1,1.0
97,1.0,0.0,2.339,1.0,0.0,5,112.7670070829437,112.7670070829437,pobre,basal,5,0.0,665.66998,1.0,27.0,6,11,6753,0,1.0
98,1.0,0.0,2.339,1.0,0.0,5,112.7670070829437,112.7670070829437,pobre,basal,5,0.0,665.66998,1.0,27.0,7,11,6753,0,1.0
97,1.0,1.0,2.339,1.0,5.0,10,112.7670070829437,112.7670070829437,pobre,basal,0,0.0,626.66998,1.0,38.0,12,11,6754,5,1.0
98,1.0,1.0,2.339,1.0,6.0,10,112.7670070829437,112.7670070829437,pobre,basal,0,0.0,626.66998,1.0,38.0,13,11,6754,5,1.0
97,1.0,1.0,2.339,1.0,3.0,10,112.7670070829437,112.7670070829437,pobre,basal,0,0.0,626.66998,1.0,38.0,10,11,6755,3,1.0
98,1.0,1.0,2.339,1.0,4.0,10,112.7670070829437,112.7670070829437,pobre,basal,0,0.0,626.66998,1.0,38.0,11,11,6755,3,1.0
97,0.0,0.0,2.339,1.0,1.0,10,112.7670070829437,112.7670070829437,pobre,basal,0,0.0,626.66998,1.0,38.0,8,11,6756,1,1.0
98,0.0,0.0,2.339,1.0,2.0,10,112.7670070829437,112.7670070829437,pobre,basal,0,0.0,626.66998,1.0,38.0,9,11,6756,1,1.0
97,1.0,0.0,2.339,1.0,0.0,10,112.7670070829437,112.7670070829437,pobre,basal,0,0.0,626.66998,1.0,38.0,6,11,6757,0,1.0
98,1.0,0.0,2.339,1.0,1.0,10,112.7670070829437,112.7670070829437,pobre,basal,0,0.0,626.66998,1.0,38.0,7,11,6757,0,1.0
97,1.0,0.0,2.339,0.0,6.0,7,112.7670070829437,112.7670070829437,pobre,basal,0,0.0,730.33002,1.0,42.0,13,11,6758,6,0.0
98,1.0,0.0,2.339,0.0,6.0,7,112.7670070829437,112.7670070829437,pobre,basal,0,0.0,730.33002,1.0,42.0,14,11,6758,6,0.0
97,1.0,0.0,2.339,1.0,1.0,6,112.7670070829437,112.7670070829437,pobre,basal,3,500.0,660.0,1.0,30.0,8,11,6759,1,1.0
98,1.0,0.0,2.339,1.0,1.0,6,112.7670070829437,112.7670070829437,pobre,basal,3,500.0,660.0,1.0,30.0,9,11,6759,1,1.0
97,0.0,0.0,2.339,,0.0,6,112.7670070829437,112.7670070829437,pobre,basal,3,500.0,660.0,1.0,30.0,7,11,6760,0,
98,0.0,0.0,2.339,1.0,0.0,6,112.7670070829437,112.7670070829437,pobre,basal,3,500.0,660.0,1.0,30.0,8,11,6760,0,
97,0.0,0.0,2.339,0.0,0.0,2,112.7670070829437,112.7670070829437,pobre,basal,0,80.0,754.0,0.0,44.0,15,11,6761,0,0.0
98,0.0,0.0,2.339,,,2,112.7670070829437,112.7670070829437,pobre,basal,0,80.0,754.0,0.0,44.0,16,11,6761,0,0.0
97,1.0,0.0,2.339,1.0,0.0,5,112.7670070829437,112.7670070829437,pobre,basal,4,625.0,687.0,1.0,30.0,6,11,6762,0,1.0
98,1.0,0.0,2.339,1.0,2.0,5,112.7670070829437,112.7670070829437,pobre,basal,4,625.0,687.0,1.0,30.0,7,11,6762,0,1.0
97,1.0,1.0,2.339,0.0,4.0,8,112.7670070829437,112.7670070829437,pobre,basal,0,625.0,727.33002,1.0,98.0,15,11,6763,4,0.0
98,1.0,1.0,2.339,0.0,4.0,8,112.7670070829437,112.7670070829437,pobre,basal,0,625.0,727.33002,1.0,98.0,16,11,6763,4,0.0
97,1.0,1.0,2.339,,0.0,8,112.7670070829437,112.7670070829437,pobre,basal,0,625.0,727.33002,1.0,98.0,6,11,6764,0,
98,1.0,1.0,2.339,1.0,1.0,8,112.7670070829437,112.7670070829437,pobre,basal,0,625.0,727.33002,1.0,98.0,7,11,6764,0,
97,0.0,0.0,2.339,1.0,4.0,4,112.7670070829437,112.7670070829437,pobre,basal,2,0.0,702.0,1.0,34.0,11,11,6765,4,1.0
98,0.0,0.0,2.339,1.0,5.0,4,112.7670070829437,112.7670070829437,pobre,basal,2,0.0,702.0,1.0,34.0,12,11,6765,4,1.0
97,1.0,0.0,2.339,1.0,2.0,4,112.7670070829437,112.7670070829437,pobre,basal,2,0.0,702.0,1.0,34.0,8,11,6766,2,1.0
98,1.0,0.0,2.339,1.0,3.0,4,112.7670070829437,112.7670070829437,pobre,basal,2,0.0,702.0,1.0,34.0,9,11,6766,2,1.0
97,1.0,0.0,2.339,1.0,3.0,7,112.7670070829437,112.7670070829437,pobre,basal,0,0.0,613.0,1.0,35.0,14,11,6767,3,1.0
98,1.0,0.0,2.339,1.0,3.0,7,112.7670070829437,112.7670070829437,pobre,basal,0,0.0,613.0,1.0,35.0,15,11,6767,3,1.0
97,1.0,0.0,2.339,1.0,3.0,7,112.7670070829437,112.7670070829437,pobre,basal,0,0.0,613.0,1.0,35.0,12,11,6768,3,1.0
98,1.0,0.0,2.339,1.0,4.0,7,112.7670070829437,112.7670070829437,pobre,basal,0,0.0,613.0,1.0,35.0,13,11,6768,3,1.0
97,1.0,0.0,2.339,1.0,0.0,7,112.7670070829437,112.7670070829437,pobre,basal,0,0.0,613.0,1.0,35.0,7,11,6769,0,1.0
98,1.0,0.0,2.339,1.0,1.0,7,112.7670070829437,112.7670070829437,pobre,basal,0,0.0,613.0,1.0,35.0,8,11,6769,0,1.0
97,0.0,1.0,2.339,1.0,2.0,6,112.7670070829437,112.7670070829437,pobre,basal,0,500.0,666.0,1.0,98.0,9,11,6770,2,1.0
98,0.0,1.0,2.339,1.0,3.0,6,112.7670070829437,112.7670070829437,pobre,basal,0,500.0,666.0,1.0,98.0,10,11,6770,2,1.0
97,0.0,0.0,2.339,1.0,2.0,5,112.7670070829437,112.7670070829437,pobre,basal,2,500.0,744.0,0.0,36.0,7,11,6771,2,1.0
98,0.0,0.0,2.339,1.0,2.0,5,112.7670070829437,112.7670070829437,pobre,basal,2,500.0,744.0,0.0,36.0,8,11,6771,2,1.0
97,0.0,0.0,2.339,0.0,6.0,7,112.7670070829437,112.7670070829437,pobre,basal,4,80.0,623.0,1.0,39.0,15,11,6772,6,0.0
98,0.0,0.0,2.339,,,7,112.7670070829437,112.7670070829437,pobre,basal,4,80.0,623.0,1.0,39.0,16,11,6772,6,0.0
97,1.0,0.0,2.339,1.0,4.0,7,112.7670070829437,112.7670070829437,pobre,basal,4,80.0,623.0,1.0,39.0,14,11,6773,4,1.0
98,1.0,0.0,2.339,1.0,5.0,7,112.7670070829437,112.7670070829437,pobre,basal,4,80.0,623.0,1.0,39.0,15,11,6773,4,1.0
97,0.0,0.0,2.339,1.0,1.0,7,112.7670070829437,112.7670070829437,pobre,basal,4,80.0,623.0,1.0,39.0,8,11,6774,1,1.0
98,0.0,0.0,2.339,1.0,2.0,7,112.7670070829437,112.7670070829437,pobre,basal,4,80.0,623.0,1.0,39.0,9,11,6774,1,1.0
97,0.0,0.0,2.339,0.0,1.0,4,112.7670070829437,112.7670070829437,pobre,basal,0,750.0,734.0,1.0,32.0,16,11,6775,1,0.0
98,0.0,0.0,2.339,,,4,112.7670070829437,112.7670070829437,pobre,basal,0,750.0,734.0,1.0,32.0,17,11,6775,1,0.0
97,0.0,1.0,2.339,0.0,2.0,4,112.7670070829437,112.7670070829437,pobre,basal,0,750.0,734.0,1.0,32.0,13,11,6776,2,0.0
98,0.0,1.0,2.339,,,4,112.7670070829437,112.7670070829437,pobre,basal,0,750.0,734.0,1.0,32.0,14,11,6776,2,0.0
97,1.0,0.0,2.339,1.0,2.0,4,112.7670070829437,112.7670070829437,pobre,basal,0,750.0,734.0,1.0,32.0,10,11,6777,2,1.0
98,1.0,0.0,2.339,,,4,112.7670070829437,112.7670070829437,pobre,basal,0,750.0,734.0,1.0,32.0,11,11,6777,2,1.0
97,0.0,0.0,2.339,0.0,2.0,5,112.7670070829437,112.7670070829437,pobre,basal,0,625.0,734.5,1.0,44.0,14,11,6778,2,0.0
98,0.0,0.0,2.339,,,5,112.7670070829437,112.7670070829437,pobre,basal,0,625.0,734.5,1.0,44.0,15,11,6778,2,0.0
97,0.0,1.0,2.339,,0.0,5,112.7670070829437,112.7670070829437,pobre,basal,0,375.0,731.0,1.0,55.0,15,11,6779,0,
98,0.0,1.0,2.339,,,5,112.7670070829437,112.7670070829437,pobre,basal,0,375.0,731.0,1.0,55.0,16,11,6779,0,
97,1.0,1.0,2.339,0.0,6.0,5,112.7670070829437,112.7670070829437,pobre,basal,0,375.0,731.0,1.0,55.0,13,11,6780,6,0.0
98,1.0,1.0,2.339,0.0,6.0,5,112.7670070829437,112.7670070829437,pobre,basal,0,375.0,731.0,1.0,55.0,14,11,6780,6,0.0
97,1.0,1.0,2.339,1.0,1.0,5,112.7670070829437,112.7670070829437,pobre,basal,0,375.0,731.0,1.0,55.0,10,11,6781,1,1.0
98,1.0,1.0,2.339,1.0,2.0,5,112.7670070829437,112.7670070829437,pobre,basal,0,375.0,731.0,1.0,55.0,11,11,6781,1,1.0
97,1.0,1.0,2.339,,0.0,4,112.7670070829437,112.7670070829437,no pobre,basal,5,500.0,760.46997,1.0,26.0,6,11,6782,0,
98,1.0,1.0,2.339,0.0,1.0,4,112.7670070829437,112.7670070829437,no pobre,basal,5,500.0,760.46997,1.0,26.0,7,11,6782,0,
97,1.0,0.0,2.339,1.0,6.0,5,112.7670070829437,112.7670070829437,pobre,basal,1,625.0,787.75,1.0,44.0,15,11,6783,6,1.0
98,1.0,0.0,2.339,1.0,7.0,5,112.7670070829437,112.7670070829437,pobre,basal,1,625.0,787.75,1.0,44.0,16,11,6783,6,1.0
97,0.0,0.0,2.339,,0.0,5,112.7670070829437,112.7670070829437,pobre,basal,0,250.0,768.75,1.0,45.0,13,11,6784,0,
98,0.0,0.0,2.339,0.0,3.0,5,112.7670070829437,112.7670070829437,pobre,basal,0,250.0,768.75,1.0,45.0,14,11,6784,0,
97,0.0,1.0,2.339,0.0,6.0,7,112.7670070829437,112.7670070829437,no pobre,basal,0,1000.0,801.33002,1.0,50.0,14,11,6785,6,0.0
98,0.0,1.0,2.339,0.0,6.0,7,112.7670070829437,112.7670070829437,no pobre,basal,0,1000.0,801.33002,1.0,50.0,15,11,6785,6,0.0
97,0.0,1.0,2.339,1.0,4.0,7,112.7670070829437,112.7670070829437,no pobre,basal,0,1000.0,801.33002,1.0,50.0,12,11,6786,4,1.0
98,0.0,1.0,2.339,1.0,3.0,7,112.7670070829437,112.7670070829437,no pobre,basal,0,1000.0,801.33002,1.0,50.0,13,11,6786,4,1.0
97,1.0,1.0,2.339,,0.0,8,112.7670070829437,112.7670070829437,pobre,basal,0,250.0,732.79999,1.0,80.0,16,11,6787,0,
98,1.0,1.0,2.339,,,8,112.7670070829437,112.7670070829437,pobre,basal,0,250.0,732.79999,1.0,80.0,17,11,6787,0,
97,0.0,1.0,2.339,,0.0,8,112.7670070829437,112.7670070829437,pobre,basal,0,250.0,732.79999,1.0,80.0,6,11,6788,0,
98,0.0,1.0,2.339,1.0,2.0,8,112.7670070829437,112.7670070829437,pobre,basal,0,250.0,732.79999,1.0,80.0,7,11,6788,0,
97,1.0,1.0,2.339,1.0,9.0,12,112.7670070829437,112.7670070829437,pobre,basal,0,0.0,499.0,1.0,70.0,15,11,6789,9,1.0
98,1.0,1.0,2.339,,,12,112.7670070829437,112.7670070829437,pobre,basal,0,0.0,499.0,1.0,70.0,16,11,6789,9,1.0
97,1.0,1.0,2.339,1.0,7.0,12,112.7670070829437,112.7670070829437,pobre,basal,0,0.0,499.0,1.0,70.0,14,11,6790,7,1.0
98,1.0,1.0,2.339,1.0,8.0,12,112.7670070829437,112.7670070829437,pobre,basal,0,0.0,499.0,1.0,70.0,15,11,6790,7,1.0
97,0.0,1.0,2.339,1.0,4.0,12,112.7670070829437,112.7670070829437,pobre,basal,0,0.0,499.0,1.0,70.0,11,11,6791,4,1.0
98,0.0,1.0,2.339,1.0,5.0,12,112.7670070829437,112.7670070829437,pobre,basal,0,0.0,499.0,1.0,70.0,12,11,6791,4,1.0
97,1.0,1.0,2.339,1.0,2.0,12,112.7670070829437,112.7670070829437,pobre,basal,0,0.0,499.0,1.0,70.0,9,11,6792,2,1.0
98,1.0,1.0,2.339,1.0,3.0,12,112.7670070829437,112.7670070829437,pobre,basal,0,0.0,499.0,1.0,70.0,10,11,6792,2,1.0
97,1.0,1.0,2.339,1.0,0.0,12,112.7670070829437,112.7670070829437,pobre,basal,0,0.0,499.0,1.0,70.0,7,11,6793,0,1.0
98,1.0,1.0,2.339,1.0,1.0,12,112.7670070829437,112.7670070829437,pobre,basal,0,0.0,499.0,1.0,70.0,8,11,6793,0,1.0
97,1.0,1.0,2.339,0.0,6.0,7,112.7670070829437,112.7670070829437,pobre,basal,0,500.0,546.5,1.0,45.0,15,11,6794,6,0.0
98,1.0,1.0,2.339,0.0,6.0,7,112.7670070829437,112.7670070829437,pobre,basal,0,500.0,546.5,1.0,45.0,16,11,6794,6,0.0
97,1.0,1.0,2.339,1.0,1.0,7,112.7670070829437,112.7670070829437,pobre,basal,0,500.0,546.5,1.0,45.0,11,11,6795,1,1.0
98,1.0,1.0,2.339,1.0,1.0,7,112.7670070829437,112.7670070829437,pobre,basal,0,500.0,546.5,1.0,45.0,12,11,6795,1,1.0
97,1.0,1.0,2.339,1.0,0.0,7,112.7670070829437,112.7670070829437,pobre,basal,0,500.0,546.5,1.0,45.0,9,11,6796,0,1.0
98,1.0,1.0,2.339,1.0,1.0,7,112.7670070829437,112.7670070829437,pobre,basal,0,500.0,546.5,1.0,45.0,10,11,6796,0,1.0
97,0.0,1.0,2.339,,0.0,8,112.7670070829437,112.7670070829437,pobre,basal,0,500.0,758.33002,1.0,48.0,14,11,6797,0,
98,0.0,1.0,2.339,,,8,112.7670070829437,112.7670070829437,pobre,basal,0,500.0,758.33002,1.0,48.0,15,11,6797,0,
97,0.0,0.0,2.339,0.0,1.0,5,112.7670070829437,112.7670070829437,pobre,basal,3,1000.0,669.5,1.0,28.0,9,11,6798,1,0.0
98,0.0,0.0,2.339,1.0,2.0,5,112.7670070829437,112.7670070829437,pobre,basal,3,1000.0,669.5,1.0,28.0,10,11,6798,1,0.0
97,1.0,0.0,2.339,0.0,5.0,6,112.7670070829437,112.7670070829437,pobre,basal,0,0.0,695.5,1.0,55.0,11,11,6799,5,0.0
98,1.0,0.0,2.339,,,6,112.7670070829437,112.7670070829437,pobre,basal,0,0.0,695.5,1.0,55.0,12,11,6799,5,0.0
97,0.0,0.0,2.339,0.0,9.0,6,112.7670070829437,112.7670070829437,pobre,basal,0,0.0,695.5,1.0,55.0,16,11,6800,9,0.0
98,0.0,0.0,2.339,0.0,6.0,6,112.7670070829437,112.7670070829437,pobre,basal,0,0.0,695.5,1.0,55.0,17,11,6800,9,0.0
97,1.0,0.0,2.339,1.0,1.0,2,112.7670070829437,112.7670070829437,pobre,basal,0,0.0,777.0,0.0,72.0,12,11,6801,1,1.0
98,1.0,0.0,2.339,1.0,2.0,2,112.7670070829437,112.7670070829437,pobre,basal,0,0.0,777.0,0.0,72.0,13,11,6801,1,1.0
97,0.0,0.0,2.339,0.0,1.0,9,112.7670070829437,112.7670070829437,pobre,basal,2,375.0,592.0,1.0,38.0,14,11,6802,1,0.0
98,0.0,0.0,2.339,0.0,2.0,9,112.7670070829437,112.7670070829437,pobre,basal,2,375.0,592.0,1.0,38.0,15,11,6802,1,0.0
97,0.0,0.0,2.339,1.0,5.0,9,112.7670070829437,112.7670070829437,pobre,basal,2,375.0,592.0,1.0,38.0,12,11,6803,5,1.0
98,0.0,0.0,2.339,1.0,5.0,9,112.7670070829437,112.7670070829437,pobre,basal,2,375.0,592.0,1.0,38.0,13,11,6803,5,1.0
97,1.0,0.0,2.339,1.0,3.0,9,112.7670070829437,112.7670070829437,pobre,basal,2,375.0,592.0,1.0,38.0,10,11,6804,3,1.0
98,1.0,0.0,2.339,1.0,4.0,9,112.7670070829437,112.7670070829437,pobre,basal,2,375.0,592.0,1.0,38.0,11,11,6804,3,1.0
97,0.0,0.0,2.339,1.0,2.0,9,112.7670070829437,112.7670070829437,pobre,basal,2,375.0,592.0,1.0,38.0,8,11,6805,2,1.0
98,0.0,0.0,2.339,1.0,3.0,9,112.7670070829437,112.7670070829437,pobre,basal,2,375.0,592.0,1.0,38.0,9,11,6805,2,1.0
97,0.0,0.0,2.339,1.0,0.0,9,112.7670070829437,112.7670070829437,pobre,basal,2,375.0,592.0,1.0,38.0,6,11,6806,0,1.0
98,0.0,0.0,2.339,1.0,0.0,9,112.7670070829437,112.7670070829437,pobre,basal,2,375.0,592.0,1.0,38.0,7,11,6806,0,1.0
97,0.0,1.0,2.339,,0.0,3,112.7670070829437,112.7670070829437,pobre,basal,0,250.0,724.96997,0.0,98.0,8,11,6807,0,
98,0.0,1.0,2.339,,,3,112.7670070829437,112.7670070829437,pobre,basal,0,250.0,724.96997,0.0,98.0,9,11,6807,0,
97,0.0,1.0,2.339,,0.0,6,112.7670070829437,112.7670070829437,pobre,basal,3,4750.0,619.0,1.0,48.0,10,11,6808,0,
98,0.0,1.0,2.339,,,6,112.7670070829437,112.7670070829437,pobre,basal,3,4750.0,619.0,1.0,48.0,11,11,6808,0,
97,0.0,1.0,2.339,1.0,2.0,6,112.7670070829437,112.7670070829437,pobre,basal,3,4750.0,619.0,1.0,48.0,8,11,6809,2,1.0
98,0.0,1.0,2.339,1.0,1.0,6,112.7670070829437,112.7670070829437,pobre,basal,3,4750.0,619.0,1.0,48.0,9,11,6809,2,1.0
97,1.0,0.0,2.339,0.0,3.0,4,112.7670070829437,112.7670070829437,pobre,basal,0,250.0,744.33002,1.0,54.0,13,11,6810,3,0.0
98,1.0,0.0,2.339,1.0,4.0,4,112.7670070829437,112.7670070829437,pobre,basal,0,250.0,744.33002,1.0,54.0,14,11,6810,3,0.0
97,1.0,0.0,2.339,1.0,1.0,5,112.7670070829437,112.7670070829437,pobre,basal,3,0.0,702.5,1.0,54.0,7,11,6811,1,1.0
98,1.0,0.0,2.339,,,5,112.7670070829437,112.7670070829437,pobre,basal,3,0.0,702.5,1.0,54.0,8,11,6811,1,1.0
97,1.0,0.0,2.339,1.0,0.0,5,112.7670070829437,112.7670070829437,pobre,basal,3,0.0,702.5,1.0,54.0,6,11,6812,0,1.0
98,1.0,0.0,2.339,,,5,112.7670070829437,112.7670070829437,pobre,basal,3,0.0,702.5,1.0,54.0,7,11,6812,0,1.0
97,0.0,0.0,2.339,0.0,6.0,8,112.7670070829437,112.7670070829437,pobre,basal,0,500.0,694.33002,1.0,42.0,16,11,6813,6,0.0
98,0.0,0.0,2.339,,,8,112.7670070829437,112.7670070829437,pobre,basal,0,500.0,694.33002,1.0,42.0,17,11,6813,6,0.0
97,1.0,0.0,2.339,0.0,6.0,8,112.7670070829437,112.7670070829437,pobre,basal,0,500.0,694.33002,1.0,42.0,13,11,6814,6,0.0
98,1.0,0.0,2.339,1.0,6.0,8,112.7670070829437,112.7670070829437,pobre,basal,0,500.0,694.33002,1.0,42.0,14,11,6814,6,0.0
97,1.0,0.0,2.339,1.0,0.0,8,112.7670070829437,112.7670070829437,pobre,basal,0,500.0,694.33002,1.0,42.0,6,11,6815,0,1.0
98,1.0,0.0,2.339,1.0,1.0,8,112.7670070829437,112.7670070829437,pobre,basal,0,500.0,694.33002,1.0,42.0,7,11,6815,0,1.0
97,0.0,0.0,2.339,,0.0,8,112.7670070829437,112.7670070829437,pobre,basal,6,0.0,503.0,0.0,60.0,14,11,6816,0,
98,0.0,0.0,2.339,0.0,2.0,8,112.7670070829437,112.7670070829437,pobre,basal,6,0.0,503.0,0.0,60.0,15,11,6816,0,
97,0.0,0.0,2.339,1.0,3.0,8,112.7670070829437,112.7670070829437,pobre,basal,6,0.0,503.0,0.0,60.0,9,11,6817,3,1.0
98,0.0,0.0,2.339,1.0,0.0,8,112.7670070829437,112.7670070829437,pobre,basal,6,0.0,503.0,0.0,60.0,10,11,6817,3,1.0
97,0.0,0.0,2.339,1.0,3.0,8,112.7670070829437,112.7670070829437,pobre,basal,6,0.0,503.0,0.0,60.0,7,11,6818,3,1.0
98,0.0,0.0,2.339,1.0,4.0,8,112.7670070829437,112.7670070829437,pobre,basal,6,0.0,503.0,0.0,60.0,8,11,6818,3,1.0
97,1.0,0.0,2.339,1.0,0.0,8,112.7670070829437,112.7670070829437,pobre,basal,6,0.0,503.0,0.0,60.0,6,11,6819,0,1.0
98,1.0,0.0,2.339,1.0,1.0,8,112.7670070829437,112.7670070829437,pobre,basal,6,0.0,503.0,0.0,60.0,7,11,6819,0,1.0
97,1.0,0.0,2.339,1.0,5.0,5,112.7670070829437,112.7670070829437,pobre,basal,0,0.0,571.0,1.0,98.0,15,11,6820,5,1.0
98,1.0,0.0,2.339,0.0,6.0,5,112.7670070829437,112.7670070829437,pobre,basal,0,0.0,571.0,1.0,98.0,16,11,6820,5,1.0
97,1.0,0.0,2.339,1.0,5.0,5,112.7670070829437,112.7670070829437,pobre,basal,0,0.0,571.0,1.0,98.0,12,11,6821,5,1.0
98,1.0,0.0,2.339,0.0,6.0,5,112.7670070829437,112.7670070829437,pobre,basal,0,0.0,571.0,1.0,98.0,13,11,6821,5,1.0
97,0.0,0.0,2.339,1.0,4.0,5,112.7670070829437,112.7670070829437,pobre,basal,0,0.0,571.0,1.0,98.0,11,11,6822,4,1.0
98,0.0,0.0,2.339,1.0,5.0,5,112.7670070829437,112.7670070829437,pobre,basal,0,0.0,571.0,1.0,98.0,12,11,6822,4,1.0
97,0.0,0.0,2.339,0.0,6.0,8,112.7670070829437,112.7670070829437,pobre,basal,2,40.0,534.0,0.0,40.0,16,11,6823,6,0.0
98,0.0,0.0,2.339,,,8,112.7670070829437,112.7670070829437,pobre,basal,2,40.0,534.0,0.0,40.0,17,11,6823,6,0.0
97,1.0,0.0,2.339,,1.0,8,112.7670070829437,112.7670070829437,pobre,basal,2,40.0,534.0,0.0,40.0,8,11,6824,1,
98,1.0,0.0,2.339,1.0,2.0,8,112.7670070829437,112.7670070829437,pobre,basal,2,40.0,534.0,0.0,40.0,9,11,6824,1,
97,0.0,0.0,2.339,,0.0,3,112.7670070829437,112.7670070829437,pobre,basal,0,375.0,632.46997,1.0,46.0,14,11,6825,0,
98,0.0,0.0,2.339,,,3,112.7670070829437,112.7670070829437,pobre,basal,0,375.0,632.46997,1.0,46.0,15,11,6825,0,
97,1.0,0.0,2.339,1.0,2.0,6,112.7670070829437,112.7670070829437,pobre,basal,0,120.0,671.0,1.0,29.0,12,11,6826,2,1.0
98,1.0,0.0,2.339,1.0,3.0,6,112.7670070829437,112.7670070829437,pobre,basal,0,120.0,671.0,1.0,29.0,13,11,6826,2,1.0
97,0.0,0.0,2.339,1.0,4.0,6,112.7670070829437,112.7670070829437,pobre,basal,0,120.0,671.0,1.0,29.0,9,11,6827,4,1.0
98,0.0,0.0,2.339,1.0,5.0,6,112.7670070829437,112.7670070829437,pobre,basal,0,120.0,671.0,1.0,29.0,10,11,6827,4,1.0
97,1.0,0.0,2.339,1.0,1.0,6,112.7670070829437,112.7670070829437,pobre,basal,0,120.0,671.0,1.0,29.0,7,11,6828,1,1.0
98,1.0,0.0,2.339,1.0,2.0,6,112.7670070829437,112.7670070829437,pobre,basal,0,120.0,671.0,1.0,29.0,8,11,6828,1,1.0
97,1.0,1.0,2.339,1.0,7.0,10,112.7670070829437,112.7670070829437,pobre,basal,2,0.0,549.0,1.0,48.0,14,11,6829,7,1.0
98,1.0,1.0,2.339,1.0,8.0,10,112.7670070829437,112.7670070829437,pobre,basal,2,0.0,549.0,1.0,48.0,15,11,6829,7,1.0
97,0.0,1.0,2.339,,0.0,10,112.7670070829437,112.7670070829437,pobre,basal,2,0.0,549.0,1.0,48.0,10,11,6830,0,
98,0.0,1.0,2.339,,,10,112.7670070829437,112.7670070829437,pobre,basal,2,0.0,549.0,1.0,48.0,11,11,6830,0,
97,0.0,0.0,2.339,,0.0,10,112.7670070829437,112.7670070829437,pobre,basal,2,0.0,549.0,1.0,48.0,6,11,6831,0,
98,0.0,0.0,2.339,1.0,0.0,10,112.7670070829437,112.7670070829437,pobre,basal,2,0.0,549.0,1.0,48.0,7,11,6831,0,
97,1.0,0.0,2.339,1.0,6.0,10,112.7670070829437,112.7670070829437,pobre,basal,0,65.178574,725.33002,0.0,44.0,13,11,6832,6,1.0
98,1.0,0.0,2.339,1.0,7.0,10,112.7670070829437,112.7670070829437,pobre,basal,0,65.178574,725.33002,0.0,44.0,14,11,6832,6,1.0
97,0.0,0.0,2.339,1.0,3.0,10,112.7670070829437,112.7670070829437,pobre,basal,0,65.178574,725.33002,0.0,44.0,9,11,6833,3,1.0
98,0.0,0.0,2.339,1.0,3.0,10,112.7670070829437,112.7670070829437,pobre,basal,0,65.178574,725.33002,0.0,44.0,10,11,6833,3,1.0
97,0.0,0.0,2.339,1.0,1.0,10,112.7670070829437,112.7670070829437,pobre,basal,0,65.178574,725.33002,0.0,44.0,6,11,6834,1,1.0
98,0.0,0.0,2.339,1.0,2.0,10,112.7670070829437,112.7670070829437,pobre,basal,0,65.178574,725.33002,0.0,44.0,7,11,6834,1,1.0
97,1.0,0.0,2.339,1.0,1.0,10,112.7670070829437,112.7670070829437,pobre,basal,0,65.178574,725.33002,0.0,44.0,6,11,6835,1,1.0
98,1.0,0.0,2.339,1.0,2.0,10,112.7670070829437,112.7670070829437,pobre,basal,0,65.178574,725.33002,0.0,44.0,7,11,6835,1,1.0
97,0.0,0.0,2.339,1.0,2.0,9,112.7670070829437,112.7670070829437,pobre,basal,3,500.0,667.5,1.0,39.0,15,11,6836,2,1.0
98,0.0,0.0,2.339,1.0,10.0,9,112.7670070829437,112.7670070829437,pobre,basal,3,500.0,667.5,1.0,39.0,16,11,6836,2,1.0
97,1.0,0.0,2.339,1.0,7.0,9,112.7670070829437,112.7670070829437,pobre,basal,3,500.0,667.5,1.0,39.0,13,11,6837,7,1.0
98,1.0,0.0,2.339,1.0,8.0,9,112.7670070829437,112.7670070829437,pobre,basal,3,500.0,667.5,1.0,39.0,14,11,6837,7,1.0
97,0.0,0.0,2.339,1.0,4.0,9,112.7670070829437,112.7670070829437,pobre,basal,3,500.0,667.5,1.0,39.0,9,11,6838,4,1.0
98,0.0,0.0,2.339,1.0,5.0,9,112.7670070829437,112.7670070829437,pobre,basal,3,500.0,667.5,1.0,39.0,10,11,6838,4,1.0
97,1.0,0.0,2.339,1.0,2.0,9,112.7670070829437,112.7670070829437,pobre,basal,3,500.0,667.5,1.0,39.0,8,11,6839,2,1.0
98,1.0,0.0,2.339,1.0,3.0,9,112.7670070829437,112.7670070829437,pobre,basal,3,500.0,667.5,1.0,39.0,9,11,6839,2,1.0
97,1.0,0.0,2.339,,0.0,9,112.7670070829437,112.7670070829437,pobre,basal,3,500.0,667.5,1.0,39.0,6,11,6840,0,
98,1.0,0.0,2.339,1.0,2.0,9,112.7670070829437,112.7670070829437,pobre,basal,3,500.0,667.5,1.0,39.0,7,11,6840,0,
97,1.0,0.0,2.339,0.0,6.0,6,112.7670070829437,112.7670070829437,no pobre,basal,0,500.0,774.59998,1.0,70.0,16,11,6841,6,0.0
98,1.0,0.0,2.339,,,6,112.7670070829437,112.7670070829437,no pobre,basal,0,500.0,774.59998,1.0,70.0,17,11,6841,6,0.0
97,1.0,0.0,2.339,0.0,6.0,4,112.7670070829437,112.7670070829437,no pobre,basal,0,625.0,785.0,1.0,42.0,15,11,6842,6,0.0
98,1.0,0.0,2.339,0.0,6.0,4,112.7670070829437,112.7670070829437,no pobre,basal,0,625.0,785.0,1.0,42.0,16,11,6842,6,0.0
97,0.0,0.0,2.339,,0.0,7,112.7670070829437,112.7670070829437,pobre,basal,0,750.0,743.5,1.0,40.0,15,11,6843,0,
98,0.0,0.0,2.339,0.0,3.0,7,112.7670070829437,112.7670070829437,pobre,basal,0,750.0,743.5,1.0,40.0,16,11,6843,0,
97,0.0,0.0,2.339,,0.0,7,112.7670070829437,112.7670070829437,pobre,basal,0,750.0,743.5,1.0,40.0,14,11,6844,0,
98,0.0,0.0,2.339,0.0,2.0,7,112.7670070829437,112.7670070829437,pobre,basal,0,750.0,743.5,1.0,40.0,15,11,6844,0,
97,1.0,0.0,2.339,0.0,5.0,4,112.7670070829437,112.7670070829437,pobre,basal,0,500.0,585.0,1.0,40.0,13,11,6845,5,0.0
98,1.0,0.0,2.339,,,4,112.7670070829437,112.7670070829437,pobre,basal,0,500.0,585.0,1.0,40.0,14,11,6845,5,0.0
97,1.0,0.0,2.339,0.0,4.0,4,112.7670070829437,112.7670070829437,pobre,basal,0,500.0,585.0,1.0,40.0,9,11,6846,4,0.0
98,1.0,0.0,2.339,,,4,112.7670070829437,112.7670070829437,pobre,basal,0,500.0,585.0,1.0,40.0,10,11,6846,4,0.0
97,0.0,0.0,2.339,0.0,2.0,4,112.7670070829437,112.7670070829437,pobre,basal,0,0.0,590.0,1.0,39.0,12,11,6847,2,0.0
98,0.0,0.0,2.339,0.0,3.0,4,112.7670070829437,112.7670070829437,pobre,basal,0,0.0,590.0,1.0,39.0,13,11,6847,2,0.0
97,0.0,1.0,2.339,,0.0,10,112.7670070829437,112.7670070829437,pobre,basal,0,0.0,576.33002,1.0,58.0,16,11,6848,0,
98,0.0,1.0,2.339,,,10,112.7670070829437,112.7670070829437,pobre,basal,0,0.0,576.33002,1.0,58.0,17,11,6848,0,
97,0.0,1.0,2.339,,0.0,10,112.7670070829437,112.7670070829437,pobre,basal,0,0.0,576.33002,1.0,58.0,13,11,6849,0,
98,0.0,1.0,2.339,0.0,2.0,10,112.7670070829437,112.7670070829437,pobre,basal,0,0.0,576.33002,1.0,58.0,14,11,6849,0,
97,0.0,1.0,2.339,1.0,5.0,10,112.7670070829437,112.7670070829437,pobre,basal,0,0.0,576.33002,1.0,58.0,9,11,6850,5,1.0
98,0.0,1.0,2.339,1.0,6.0,10,112.7670070829437,112.7670070829437,pobre,basal,0,0.0,576.33002,1.0,58.0,10,11,6850,5,1.0
97,0.0,0.0,2.339,0.0,1.0,7,112.7670070829437,112.7670070829437,pobre,basal,0,600.0,625.0,1.0,34.0,14,11,6851,1,0.0
98,0.0,0.0,2.339,0.0,1.0,7,112.7670070829437,112.7670070829437,pobre,basal,0,600.0,625.0,1.0,34.0,15,11,6851,1,0.0
97,0.0,0.0,2.339,0.0,1.0,7,112.7670070829437,112.7670070829437,pobre,basal,0,600.0,625.0,1.0,34.0,12,11,6852,1,0.0
98,0.0,0.0,2.339,0.0,1.0,7,112.7670070829437,112.7670070829437,pobre,basal,0,600.0,625.0,1.0,34.0,13,11,6852,1,0.0
97,1.0,0.0,2.339,,0.0,7,112.7670070829437,112.7670070829437,pobre,basal,0,600.0,625.0,1.0,34.0,8,11,6853,0,
98,1.0,0.0,2.339,1.0,3.0,7,112.7670070829437,112.7670070829437,pobre,basal,0,600.0,625.0,1.0,34.0,9,11,6853,0,
97,1.0,0.0,2.339,0.0,3.0,10,112.7670070829437,112.7670070829437,pobre,basal,0,0.0,782.33002,1.0,54.0,16,11,6854,3,0.0
98,1.0,0.0,2.339,,,10,112.7670070829437,112.7670070829437,pobre,basal,0,0.0,782.33002,1.0,54.0,17,11,6854,3,0.0
97,1.0,0.0,2.339,1.0,6.0,10,112.7670070829437,112.7670070829437,pobre,basal,0,0.0,782.33002,1.0,54.0,14,11,6855,6,1.0
98,1.0,0.0,2.339,1.0,7.0,10,112.7670070829437,112.7670070829437,pobre,basal,0,0.0,782.33002,1.0,54.0,15,11,6855,6,1.0
97,0.0,0.0,2.339,1.0,5.0,10,112.7670070829437,112.7670070829437,pobre,basal,0,0.0,782.33002,1.0,54.0,10,11,6856,5,1.0
98,0.0,0.0,2.339,0.0,6.0,10,112.7670070829437,112.7670070829437,pobre,basal,0,0.0,782.33002,1.0,54.0,11,11,6856,5,1.0
97,1.0,0.0,2.339,1.0,2.0,10,112.7670070829437,112.7670070829437,pobre,basal,0,0.0,782.33002,1.0,54.0,7,11,6857,2,1.0
98,1.0,0.0,2.339,1.0,2.0,10,112.7670070829437,112.7670070829437,pobre,basal,0,0.0,782.33002,1.0,54.0,8,11,6857,2,1.0
97,0.0,0.0,2.339,,0.0,7,112.7670070829437,112.7670070829437,pobre,basal,0,800.0,512.0,1.0,40.0,15,11,6858,0,
98,0.0,0.0,2.339,,,7,112.7670070829437,112.7670070829437,pobre,basal,0,800.0,512.0,1.0,40.0,16,11,6858,0,
97,1.0,0.0,2.339,,0.0,7,112.7670070829437,112.7670070829437,pobre,basal,0,800.0,512.0,1.0,40.0,12,11,6859,0,
98,1.0,0.0,2.339,,,7,112.7670070829437,112.7670070829437,pobre,basal,0,800.0,512.0,1.0,40.0,13,11,6859,0,
97,1.0,0.0,2.339,,0.0,7,112.7670070829437,112.7670070829437,pobre,basal,0,800.0,512.0,1.0,40.0,10,11,6860,0,
98,1.0,0.0,2.339,,,7,112.7670070829437,112.7670070829437,pobre,basal,0,800.0,512.0,1.0,40.0,11,11,6860,0,
97,0.0,0.0,2.339,0.0,6.0,9,112.7670070829437,112.7670070829437,pobre,basal,0,750.0,663.5,1.0,37.0,16,11,6861,6,0.0
98,0.0,0.0,2.339,,,9,112.7670070829437,112.7670070829437,pobre,basal,0,750.0,663.5,1.0,37.0,17,11,6861,6,0.0
97,0.0,0.0,2.339,1.0,4.0,9,112.7670070829437,112.7670070829437,pobre,basal,0,750.0,663.5,1.0,37.0,13,11,6862,4,1.0
98,0.0,0.0,2.339,1.0,4.0,9,112.7670070829437,112.7670070829437,pobre,basal,0,750.0,663.5,1.0,37.0,14,11,6862,4,1.0
97,0.0,0.0,2.339,1.0,1.0,9,112.7670070829437,112.7670070829437,pobre,basal,0,750.0,663.5,1.0,37.0,11,11,6863,1,1.0
98,0.0,0.0,2.339,1.0,2.0,9,112.7670070829437,112.7670070829437,pobre,basal,0,750.0,663.5,1.0,37.0,12,11,6863,1,1.0
97,1.0,0.0,2.339,0.0,0.0,9,112.7670070829437,112.7670070829437,pobre,basal,0,750.0,663.5,1.0,37.0,7,11,6864,0,0.0
98,1.0,0.0,2.339,1.0,1.0,9,112.7670070829437,112.7670070829437,pobre,basal,0,750.0,663.5,1.0,37.0,8,11,6864,0,0.0
97,0.0,0.0,2.339,0.0,4.0,7,112.7670070829437,112.7670070829437,pobre,basal,2,375.0,592.5,1.0,49.0,15,11,6865,4,0.0
98,0.0,0.0,2.339,0.0,5.0,7,112.7670070829437,112.7670070829437,pobre,basal,2,375.0,592.5,1.0,49.0,16,11,6865,4,0.0
97,1.0,0.0,2.339,1.0,3.0,7,112.7670070829437,112.7670070829437,pobre,basal,2,375.0,592.5,1.0,49.0,12,11,6866,3,1.0
98,1.0,0.0,2.339,1.0,4.0,7,112.7670070829437,112.7670070829437,pobre,basal,2,375.0,592.5,1.0,49.0,13,11,6866,3,1.0
97,1.0,0.0,2.339,1.0,2.0,7,112.7670070829437,112.7670070829437,pobre,basal,2,375.0,592.5,1.0,49.0,9,11,6867,2,1.0
98,1.0,0.0,2.339,1.0,3.0,7,112.7670070829437,112.7670070829437,pobre,basal,2,375.0,592.5,1.0,49.0,10,11,6867,2,1.0
97,1.0,0.0,2.339,1.0,0.0,7,112.7670070829437,112.7670070829437,pobre,basal,2,375.0,592.5,1.0,49.0,6,11,6868,0,1.0
98,1.0,0.0,2.339,1.0,1.0,7,112.7670070829437,112.7670070829437,pobre,basal,2,375.0,592.5,1.0,49.0,7,11,6868,0,1.0
97,0.0,0.0,2.339,1.0,6.0,5,112.7670070829437,112.7670070829437,pobre,basal,0,0.0,755.5,1.0,59.0,13,11,6869,6,1.0
98,0.0,0.0,2.339,1.0,7.0,5,112.7670070829437,112.7670070829437,pobre,basal,0,0.0,755.5,1.0,59.0,14,11,6869,6,1.0
97,0.0,1.0,2.339,0.0,2.0,9,112.7670070829437,112.7670070829437,pobre,basal,0,0.0,555.0,1.0,36.0,14,11,6870,2,0.0
98,0.0,1.0,2.339,0.0,2.0,9,112.7670070829437,112.7670070829437,pobre,basal,0,0.0,555.0,1.0,36.0,15,11,6870,2,0.0
97,1.0,1.0,2.339,0.0,1.0,9,112.7670070829437,112.7670070829437,pobre,basal,0,0.0,555.0,1.0,36.0,12,11,6871,1,0.0
98,1.0,1.0,2.339,1.0,3.0,9,112.7670070829437,112.7670070829437,pobre,basal,0,0.0,555.0,1.0,36.0,13,11,6871,1,0.0
97,1.0,1.0,2.339,,0.0,9,112.7670070829437,112.7670070829437,pobre,basal,0,0.0,555.0,1.0,36.0,10,11,6872,0,
98,1.0,1.0,2.339,1.0,1.0,9,112.7670070829437,112.7670070829437,pobre,basal,0,0.0,555.0,1.0,36.0,11,11,6872,0,
97,0.0,1.0,2.339,,0.0,9,112.7670070829437,112.7670070829437,pobre,basal,0,0.0,555.0,1.0,36.0,6,11,6873,0,
98,0.0,1.0,2.339,1.0,1.0,9,112.7670070829437,112.7670070829437,pobre,basal,0,0.0,555.0,1.0,36.0,7,11,6873,0,
97,1.0,1.0,2.339,0.0,0.0,6,112.7670070829437,112.7670070829437,pobre,basal,0,500.0,711.0,1.0,65.0,16,11,6874,0,0.0
98,1.0,1.0,2.339,,,6,112.7670070829437,112.7670070829437,pobre,basal,0,500.0,711.0,1.0,65.0,17,11,6874,0,0.0
97,1.0,1.0,2.339,0.0,6.0,6,112.7670070829437,112.7670070829437,pobre,basal,0,500.0,711.0,1.0,65.0,12,11,6875,6,0.0
98,1.0,1.0,2.339,,,6,112.7670070829437,112.7670070829437,pobre,basal,0,500.0,711.0,1.0,65.0,13,11,6875,6,0.0
97,1.0,0.0,2.339,1.0,0.0,5,112.7670070829437,112.7670070829437,pobre,basal,3,500.0,653.0,1.0,28.0,7,11,6876,0,1.0
98,1.0,0.0,2.339,1.0,0.0,5,112.7670070829437,112.7670070829437,pobre,basal,3,500.0,653.0,1.0,28.0,8,11,6876,0,1.0
97,1.0,1.0,2.339,0.0,1.0,7,112.7670070829437,112.7670070829437,pobre,basal,3,0.0,502.0,1.0,47.0,12,11,6877,1,0.0
98,1.0,1.0,2.339,0.0,2.0,7,112.7670070829437,112.7670070829437,pobre,basal,3,0.0,502.0,1.0,47.0,13,11,6877,1,0.0
97,0.0,1.0,2.339,0.0,0.0,7,112.7670070829437,112.7670070829437,pobre,basal,3,0.0,502.0,1.0,47.0,10,11,6878,0,0.0
98,0.0,1.0,2.339,1.0,1.0,7,112.7670070829437,112.7670070829437,pobre,basal,3,0.0,502.0,1.0,47.0,11,11,6878,0,0.0
97,1.0,1.0,2.339,,0.0,7,112.7670070829437,112.7670070829437,pobre,basal,3,0.0,502.0,1.0,47.0,8,11,6879,0,
98,1.0,1.0,2.339,1.0,3.0,7,112.7670070829437,112.7670070829437,pobre,basal,3,0.0,502.0,1.0,47.0,9,11,6879,0,
97,0.0,0.0,2.339,1.0,0.0,7,112.7670070829437,112.7670070829437,pobre,basal,3,0.0,502.0,1.0,47.0,6,11,6880,0,1.0
98,0.0,0.0,2.339,1.0,1.0,7,112.7670070829437,112.7670070829437,pobre,basal,3,0.0,502.0,1.0,47.0,7,11,6880,0,1.0
97,0.0,0.0,2.339,1.0,3.0,4,112.7670070829437,112.7670070829437,pobre,basal,3,375.0,673.0,1.0,28.0,6,11,6881,3,1.0
98,0.0,0.0,2.339,1.0,3.0,4,112.7670070829437,112.7670070829437,pobre,basal,3,375.0,673.0,1.0,28.0,7,11,6881,3,1.0
97,1.0,1.0,2.339,,0.0,7,112.7670070829437,112.7670070829437,pobre,basal,0,500.0,715.33002,1.0,41.0,16,11,6882,0,
98,1.0,1.0,2.339,,,7,112.7670070829437,112.7670070829437,pobre,basal,0,500.0,715.33002,1.0,41.0,17,11,6882,0,
97,0.0,1.0,2.339,,0.0,7,112.7670070829437,112.7670070829437,pobre,basal,0,500.0,715.33002,1.0,41.0,15,11,6883,0,
98,0.0,1.0,2.339,,,7,112.7670070829437,112.7670070829437,pobre,basal,0,500.0,715.33002,1.0,41.0,16,11,6883,0,
97,1.0,1.0,2.339,1.0,5.0,7,112.7670070829437,112.7670070829437,pobre,basal,0,500.0,715.33002,1.0,41.0,14,11,6884,5,1.0
98,1.0,1.0,2.339,,,7,112.7670070829437,112.7670070829437,pobre,basal,0,500.0,715.33002,1.0,41.0,15,11,6884,5,1.0
97,1.0,0.0,2.339,0.0,1.0,8,112.7670070829437,112.7670070829437,pobre,basal,0,0.0,592.0,1.0,38.0,15,11,6885,1,0.0
98,1.0,0.0,2.339,0.0,1.0,8,112.7670070829437,112.7670070829437,pobre,basal,0,0.0,592.0,1.0,38.0,16,11,6885,1,0.0
97,0.0,0.0,2.339,1.0,5.0,8,112.7670070829437,112.7670070829437,pobre,basal,0,0.0,592.0,1.0,38.0,13,11,6886,5,1.0
98,0.0,0.0,2.339,1.0,3.0,8,112.7670070829437,112.7670070829437,pobre,basal,0,0.0,592.0,1.0,38.0,14,11,6886,5,1.0
97,0.0,0.0,2.339,1.0,0.0,8,112.7670070829437,112.7670070829437,pobre,basal,0,0.0,592.0,1.0,38.0,11,11,6887,0,1.0
98,0.0,0.0,2.339,1.0,2.0,8,112.7670070829437,112.7670070829437,pobre,basal,0,0.0,592.0,1.0,38.0,12,11,6887,0,1.0
97,0.0,0.0,2.339,1.0,0.0,8,112.7670070829437,112.7670070829437,pobre,basal,0,0.0,592.0,1.0,38.0,6,11,6888,0,1.0
98,0.0,0.0,2.339,1.0,0.0,8,112.7670070829437,112.7670070829437,pobre,basal,0,0.0,592.0,1.0,38.0,7,11,6888,0,1.0
97,1.0,0.0,2.339,1.0,5.0,6,112.7670070829437,112.7670070829437,pobre,basal,4,0.0,622.0,1.0,32.0,13,11,6889,5,1.0
98,1.0,0.0,2.339,0.0,6.0,6,112.7670070829437,112.7670070829437,pobre,basal,4,0.0,622.0,1.0,32.0,14,11,6889,5,1.0
97,1.0,0.0,2.339,1.0,0.0,8,112.7670070829437,112.7670070829437,pobre,basal,0,100.0,713.0,1.0,55.0,10,11,6890,0,1.0
98,1.0,0.0,2.339,1.0,3.0,8,112.7670070829437,112.7670070829437,pobre,basal,0,100.0,713.0,1.0,55.0,11,11,6890,0,1.0
97,1.0,0.0,2.339,1.0,2.0,6,112.7670070829437,112.7670070829437,no pobre,basal,6,500.0,760.0,1.0,32.0,12,11,6891,2,1.0
98,1.0,0.0,2.339,1.0,5.0,6,112.7670070829437,112.7670070829437,no pobre,basal,6,500.0,760.0,1.0,32.0,13,11,6891,2,1.0
97,1.0,0.0,2.339,1.0,3.0,6,112.7670070829437,112.7670070829437,no pobre,basal,6,500.0,760.0,1.0,32.0,8,11,6892,3,1.0
98,1.0,0.0,2.339,1.0,4.0,6,112.7670070829437,112.7670070829437,no pobre,basal,6,500.0,760.0,1.0,32.0,9,11,6892,3,1.0
97,1.0,1.0,2.339,0.0,9.0,8,112.7670070829437,112.7670070829437,pobre,basal,0,375.0,674.0,1.0,48.0,15,11,6893,9,0.0
98,1.0,1.0,2.339,1.0,9.0,8,112.7670070829437,112.7670070829437,pobre,basal,0,375.0,674.0,1.0,48.0,16,11,6893,9,0.0
97,1.0,1.0,2.339,1.0,5.0,8,112.7670070829437,112.7670070829437,pobre,basal,0,375.0,674.0,1.0,48.0,13,11,6894,5,1.0
98,1.0,1.0,2.339,1.0,6.0,8,112.7670070829437,112.7670070829437,pobre,basal,0,375.0,674.0,1.0,48.0,14,11,6894,5,1.0
97,0.0,1.0,2.339,1.0,4.0,8,112.7670070829437,112.7670070829437,pobre,basal,0,375.0,674.0,1.0,48.0,10,11,6895,4,1.0
98,0.0,1.0,2.339,1.0,5.0,8,112.7670070829437,112.7670070829437,pobre,basal,0,375.0,674.0,1.0,48.0,11,11,6895,4,1.0
97,0.0,1.0,2.339,,0.0,8,112.7670070829437,112.7670070829437,pobre,basal,0,375.0,674.0,1.0,48.0,6,11,6896,0,
98,0.0,1.0,2.339,1.0,1.0,8,112.7670070829437,112.7670070829437,pobre,basal,0,375.0,674.0,1.0,48.0,7,11,6896,0,
97,1.0,1.0,2.339,0.0,6.0,7,112.7670070829437,112.7670070829437,pobre,basal,0,80.0,767.16998,0.0,51.0,15,11,6897,6,0.0
98,1.0,1.0,2.339,,,7,112.7670070829437,112.7670070829437,pobre,basal,0,80.0,767.16998,0.0,51.0,16,11,6897,6,0.0
97,1.0,1.0,2.339,0.0,6.0,7,112.7670070829437,112.7670070829437,pobre,basal,0,80.0,767.16998,0.0,51.0,12,11,6898,6,0.0
98,1.0,1.0,2.339,,,7,112.7670070829437,112.7670070829437,pobre,basal,0,80.0,767.16998,0.0,51.0,13,11,6898,6,0.0
97,1.0,0.0,2.339,0.0,9.0,8,112.7670070829437,112.7670070829437,pobre,basal,0,240.0,693.66998,0.0,32.0,15,11,6899,9,0.0
98,1.0,0.0,2.339,1.0,8.0,8,112.7670070829437,112.7670070829437,pobre,basal,0,240.0,693.66998,0.0,32.0,16,11,6899,9,0.0
97,1.0,0.0,2.339,1.0,6.0,8,112.7670070829437,112.7670070829437,pobre,basal,0,240.0,693.66998,0.0,32.0,12,11,6900,6,1.0
98,1.0,0.0,2.339,1.0,1.0,8,112.7670070829437,112.7670070829437,pobre,basal,0,240.0,693.66998,0.0,32.0,13,11,6900,6,1.0
97,1.0,0.0,2.339,1.0,3.0,8,112.7670070829437,112.7670070829437,pobre,basal,0,240.0,693.66998,0.0,32.0,10,11,6901,3,1.0
98,1.0,0.0,2.339,1.0,3.0,8,112.7670070829437,112.7670070829437,pobre,basal,0,240.0,693.66998,0.0,32.0,11,11,6901,3,1.0
97,1.0,0.0,2.339,1.0,0.0,8,112.7670070829437,112.7670070829437,pobre,basal,0,240.0,693.66998,0.0,32.0,6,11,6902,0,1.0
98,1.0,0.0,2.339,1.0,1.0,8,112.7670070829437,112.7670070829437,pobre,basal,0,240.0,693.66998,0.0,32.0,7,11,6902,0,1.0
97,0.0,0.0,2.339,,0.0,6,112.7670070829437,112.7670070829437,pobre,basal,2,0.0,662.0,1.0,32.0,13,11,6903,0,
98,0.0,0.0,2.339,1.0,3.0,6,112.7670070829437,112.7670070829437,pobre,basal,2,0.0,662.0,1.0,32.0,14,11,6903,0,
97,1.0,0.0,2.339,,0.0,6,112.7670070829437,112.7670070829437,pobre,basal,2,0.0,662.0,1.0,32.0,7,11,6904,0,
98,1.0,0.0,2.339,1.0,1.0,6,112.7670070829437,112.7670070829437,pobre,basal,2,0.0,662.0,1.0,32.0,8,11,6904,0,
97,0.0,0.0,2.339,,0.0,5,112.7670070829437,112.7670070829437,pobre,basal,4,960.0,677.0,1.0,26.0,6,11,6905,0,
98,0.0,0.0,2.339,1.0,0.0,5,112.7670070829437,112.7670070829437,pobre,basal,4,960.0,677.0,1.0,26.0,7,11,6905,0,
97,0.0,1.0,2.339,1.0,3.0,6,112.7670070829437,112.7670070829437,pobre,basal,2,200.0,730.0,1.0,37.0,14,11,6906,3,1.0
98,0.0,1.0,2.339,,,6,112.7670070829437,112.7670070829437,pobre,basal,2,200.0,730.0,1.0,37.0,15,11,6906,3,1.0
97,1.0,0.0,2.339,1.0,3.0,6,112.7670070829437,112.7670070829437,pobre,basal,2,200.0,730.0,1.0,37.0,9,11,6907,3,1.0
98,1.0,0.0,2.339,,,6,112.7670070829437,112.7670070829437,pobre,basal,2,200.0,730.0,1.0,37.0,10,11,6907,3,1.0
97,0.0,1.0,2.339,,0.0,8,112.7670070829437,112.7670070829437,pobre,basal,3,625.0,677.0,1.0,38.0,15,11,6908,0,
98,0.0,1.0,2.339,,,8,112.7670070829437,112.7670070829437,pobre,basal,3,625.0,677.0,1.0,38.0,16,11,6908,0,
97,1.0,1.0,2.339,1.0,1.0,8,112.7670070829437,112.7670070829437,pobre,basal,3,625.0,677.0,1.0,38.0,12,11,6909,1,1.0
98,1.0,1.0,2.339,0.0,2.0,8,112.7670070829437,112.7670070829437,pobre,basal,3,625.0,677.0,1.0,38.0,13,11,6909,1,1.0
97,0.0,1.0,2.339,,0.0,8,112.7670070829437,112.7670070829437,pobre,basal,3,625.0,677.0,1.0,38.0,8,11,6910,0,
98,0.0,1.0,2.339,1.0,3.0,8,112.7670070829437,112.7670070829437,pobre,basal,3,625.0,677.0,1.0,38.0,9,11,6910,0,
97,0.0,0.0,3.9330001,0.0,6.0,6,103.7543721140335,103.7543721140335,pobre,0,2,800.0,664.0,1.0,35.0,14,13,6911,6,0.0
98,0.0,0.0,3.9330001,0.0,6.0,6,103.7543721140335,103.7543721140335,pobre,0,2,800.0,664.0,1.0,35.0,15,13,6911,6,0.0
97,0.0,0.0,3.9330001,1.0,4.0,6,103.7543721140335,103.7543721140335,pobre,0,2,800.0,664.0,1.0,35.0,11,13,6912,4,1.0
98,0.0,0.0,3.9330001,1.0,5.0,6,103.7543721140335,103.7543721140335,pobre,0,2,800.0,664.0,1.0,35.0,12,13,6912,4,1.0
97,1.0,0.0,3.9330001,1.0,2.0,6,103.7543721140335,103.7543721140335,pobre,0,2,800.0,664.0,1.0,35.0,8,13,6913,2,1.0
98,1.0,0.0,3.9330001,1.0,3.0,6,103.7543721140335,103.7543721140335,pobre,0,2,800.0,664.0,1.0,35.0,9,13,6913,2,1.0
97,1.0,0.0,3.9330001,1.0,3.0,5,103.7543721140335,103.7543721140335,pobre,0,1,0.0,636.0,1.0,34.0,6,13,6914,3,1.0
98,1.0,0.0,3.9330001,1.0,1.0,5,103.7543721140335,103.7543721140335,pobre,0,1,0.0,636.0,1.0,34.0,7,13,6914,3,1.0
97,1.0,0.0,3.9330001,0.0,6.0,7,103.7543721140335,103.7543721140335,pobre,0,0,0.0,655.0,1.0,50.0,15,13,6915,6,0.0
98,1.0,0.0,3.9330001,,,7,103.7543721140335,103.7543721140335,pobre,0,0,0.0,655.0,1.0,50.0,16,13,6915,6,0.0
97,1.0,0.0,3.9330001,1.0,5.0,7,103.7543721140335,103.7543721140335,pobre,0,0,0.0,655.0,1.0,50.0,14,13,6916,5,1.0
98,1.0,0.0,3.9330001,,,7,103.7543721140335,103.7543721140335,pobre,0,0,0.0,655.0,1.0,50.0,15,13,6916,5,1.0
97,1.0,0.0,3.9330001,1.0,3.0,7,103.7543721140335,103.7543721140335,pobre,0,0,0.0,655.0,1.0,50.0,8,13,6917,3,1.0
98,1.0,0.0,3.9330001,,,7,103.7543721140335,103.7543721140335,pobre,0,0,0.0,655.0,1.0,50.0,9,13,6917,3,1.0
97,1.0,0.0,3.9330001,0.0,6.0,5,103.7543721140335,103.7543721140335,pobre,0,0,0.0,771.66998,1.0,53.0,16,13,6918,6,0.0
98,1.0,0.0,3.9330001,,,5,103.7543721140335,103.7543721140335,pobre,0,0,0.0,771.66998,1.0,53.0,17,13,6918,6,0.0
97,0.0,0.0,3.9330001,0.0,6.0,5,103.7543721140335,103.7543721140335,pobre,0,0,0.0,771.66998,1.0,53.0,13,13,6919,6,0.0
98,0.0,0.0,3.9330001,0.0,6.0,5,103.7543721140335,103.7543721140335,pobre,0,0,0.0,771.66998,1.0,53.0,14,13,6919,6,0.0
97,1.0,0.0,3.9330001,1.0,4.0,5,103.7543721140335,103.7543721140335,pobre,0,1,0.0,676.0,1.0,35.0,10,13,6920,4,1.0
98,1.0,0.0,3.9330001,1.0,5.0,5,103.7543721140335,103.7543721140335,pobre,0,1,0.0,676.0,1.0,35.0,11,13,6920,4,1.0
97,0.0,0.0,3.9330001,1.0,3.0,5,103.7543721140335,103.7543721140335,pobre,0,1,0.0,676.0,1.0,35.0,8,13,6921,3,1.0
98,0.0,0.0,3.9330001,1.0,3.0,5,103.7543721140335,103.7543721140335,pobre,0,1,0.0,676.0,1.0,35.0,9,13,6921,3,1.0
97,1.0,0.0,3.9330001,1.0,4.0,6,103.7543721140335,103.7543721140335,pobre,0,0,0.0,630.0,1.0,40.0,12,13,6922,4,1.0
98,1.0,0.0,3.9330001,1.0,5.0,6,103.7543721140335,103.7543721140335,pobre,0,0,0.0,630.0,1.0,40.0,13,13,6922,4,1.0
97,0.0,0.0,3.9330001,1.0,4.0,6,103.7543721140335,103.7543721140335,pobre,0,0,0.0,630.0,1.0,40.0,11,13,6923,4,1.0
98,0.0,0.0,3.9330001,1.0,,6,103.7543721140335,103.7543721140335,pobre,0,0,0.0,630.0,1.0,40.0,12,13,6923,4,1.0
97,0.0,0.0,3.9330001,1.0,1.0,6,103.7543721140335,103.7543721140335,pobre,0,0,0.0,630.0,1.0,40.0,7,13,6924,1,1.0
98,0.0,0.0,3.9330001,1.0,,6,103.7543721140335,103.7543721140335,pobre,0,0,0.0,630.0,1.0,40.0,8,13,6924,1,1.0
97,0.0,0.0,3.9330001,0.0,6.0,7,103.7543721140335,103.7543721140335,pobre,0,2,0.0,762.33002,1.0,45.0,15,13,6925,6,0.0
98,0.0,0.0,3.9330001,,,7,103.7543721140335,103.7543721140335,pobre,0,2,0.0,762.33002,1.0,45.0,16,13,6925,6,0.0
97,1.0,0.0,3.9330001,1.0,4.0,7,103.7543721140335,103.7543721140335,pobre,0,2,0.0,762.33002,1.0,45.0,11,13,6926,4,1.0
98,1.0,0.0,3.9330001,0.0,4.0,7,103.7543721140335,103.7543721140335,pobre,0,2,0.0,762.33002,1.0,45.0,12,13,6926,4,1.0
97,1.0,0.0,3.9330001,1.0,4.0,8,103.7543721140335,103.7543721140335,pobre,0,2,0.0,655.0,1.0,38.0,14,13,6927,4,1.0
98,1.0,0.0,3.9330001,,,8,103.7543721140335,103.7543721140335,pobre,0,2,0.0,655.0,1.0,38.0,15,13,6927,4,1.0
97,1.0,0.0,3.9330001,1.0,3.0,8,103.7543721140335,103.7543721140335,pobre,0,2,0.0,655.0,1.0,38.0,11,13,6928,3,1.0
98,1.0,0.0,3.9330001,,,8,103.7543721140335,103.7543721140335,pobre,0,2,0.0,655.0,1.0,38.0,12,13,6928,3,1.0
97,1.0,0.0,3.9330001,1.0,2.0,8,103.7543721140335,103.7543721140335,pobre,0,2,0.0,655.0,1.0,38.0,9,13,6929,2,1.0
98,1.0,0.0,3.9330001,,,8,103.7543721140335,103.7543721140335,pobre,0,2,0.0,655.0,1.0,38.0,10,13,6929,2,1.0
97,1.0,0.0,3.9330001,0.0,5.0,8,103.7543721140335,103.7543721140335,pobre,0,0,500.0,738.01001,1.0,37.0,16,13,6930,5,0.0
98,1.0,0.0,3.9330001,,,8,103.7543721140335,103.7543721140335,pobre,0,0,500.0,738.01001,1.0,37.0,17,13,6930,5,0.0
97,1.0,0.0,3.9330001,0.0,5.0,8,103.7543721140335,103.7543721140335,pobre,0,0,500.0,738.01001,1.0,37.0,12,13,6931,5,0.0
98,1.0,0.0,3.9330001,0.0,6.0,8,103.7543721140335,103.7543721140335,pobre,0,0,500.0,738.01001,1.0,37.0,13,13,6931,5,0.0
97,1.0,0.0,3.9330001,1.0,3.0,8,103.7543721140335,103.7543721140335,pobre,0,0,500.0,738.01001,1.0,37.0,10,13,6932,3,1.0
98,1.0,0.0,3.9330001,1.0,4.0,8,103.7543721140335,103.7543721140335,pobre,0,0,500.0,738.01001,1.0,37.0,11,13,6932,3,1.0
97,0.0,0.0,3.9330001,1.0,1.0,8,103.7543721140335,103.7543721140335,pobre,0,0,500.0,738.01001,1.0,37.0,8,13,6933,1,1.0
98,0.0,0.0,3.9330001,1.0,2.0,8,103.7543721140335,103.7543721140335,pobre,0,0,500.0,738.01001,1.0,37.0,9,13,6933,1,1.0
97,1.0,0.0,3.9330001,0.0,6.0,8,103.7543721140335,103.7543721140335,pobre,0,8,625.0,700.0,1.0,35.0,14,13,6934,6,0.0
98,1.0,0.0,3.9330001,,,8,103.7543721140335,103.7543721140335,pobre,0,8,625.0,700.0,1.0,35.0,15,13,6934,6,0.0
97,0.0,0.0,3.9330001,0.0,6.0,8,103.7543721140335,103.7543721140335,pobre,0,8,625.0,700.0,1.0,35.0,12,13,6935,6,0.0
98,0.0,0.0,3.9330001,0.0,6.0,8,103.7543721140335,103.7543721140335,pobre,0,8,625.0,700.0,1.0,35.0,13,13,6935,6,0.0
97,0.0,0.0,3.9330001,1.0,2.0,8,103.7543721140335,103.7543721140335,pobre,0,8,625.0,700.0,1.0,35.0,12,13,6936,2,1.0
98,0.0,0.0,3.9330001,1.0,3.0,8,103.7543721140335,103.7543721140335,pobre,0,8,625.0,700.0,1.0,35.0,13,13,6936,2,1.0
97,1.0,0.0,3.9330001,1.0,1.0,8,103.7543721140335,103.7543721140335,pobre,0,8,625.0,700.0,1.0,35.0,7,13,6937,1,1.0
98,1.0,0.0,3.9330001,1.0,2.0,8,103.7543721140335,103.7543721140335,pobre,0,8,625.0,700.0,1.0,35.0,8,13,6937,1,1.0
97,0.0,0.0,3.9330001,0.0,3.0,7,103.7543721140335,103.7543721140335,no pobre,0,2,2000.0,772.71997,1.0,50.0,16,13,6938,3,0.0
98,0.0,0.0,3.9330001,0.0,3.0,7,103.7543721140335,103.7543721140335,no pobre,0,2,2000.0,772.71997,1.0,50.0,17,13,6938,3,0.0
97,0.0,0.0,3.9330001,1.0,2.0,7,103.7543721140335,103.7543721140335,no pobre,0,2,2000.0,772.71997,1.0,50.0,12,13,6939,2,1.0
98,0.0,0.0,3.9330001,1.0,3.0,7,103.7543721140335,103.7543721140335,no pobre,0,2,2000.0,772.71997,1.0,50.0,13,13,6939,2,1.0
97,1.0,0.0,3.9330001,1.0,2.0,7,103.7543721140335,103.7543721140335,no pobre,0,2,2000.0,772.71997,1.0,50.0,10,13,6940,2,1.0
98,1.0,0.0,3.9330001,1.0,3.0,7,103.7543721140335,103.7543721140335,no pobre,0,2,2000.0,772.71997,1.0,50.0,11,13,6940,2,1.0
97,1.0,0.0,3.9330001,,0.0,7,103.7543721140335,103.7543721140335,no pobre,0,2,2000.0,772.71997,1.0,50.0,6,13,6941,0,
98,1.0,0.0,3.9330001,1.0,1.0,7,103.7543721140335,103.7543721140335,no pobre,0,2,2000.0,772.71997,1.0,50.0,7,13,6941,0,
97,0.0,0.0,3.9330001,1.0,2.0,6,103.7543721140335,103.7543721140335,pobre,0,0,625.0,684.0,1.0,32.0,9,13,6942,2,1.0
98,0.0,0.0,3.9330001,,,6,103.7543721140335,103.7543721140335,pobre,0,0,625.0,684.0,1.0,32.0,10,13,6942,2,1.0
97,1.0,0.0,3.9330001,1.0,3.0,6,103.7543721140335,103.7543721140335,pobre,0,0,625.0,684.0,1.0,32.0,7,13,6943,3,1.0
98,1.0,0.0,3.9330001,,,6,103.7543721140335,103.7543721140335,pobre,0,0,625.0,684.0,1.0,32.0,8,13,6943,3,1.0
97,1.0,0.0,3.9330001,1.0,2.0,8,103.7543721140335,103.7543721140335,pobre,0,0,0.0,738.01001,1.0,53.0,10,13,6944,2,1.0
98,1.0,0.0,3.9330001,1.0,3.0,8,103.7543721140335,103.7543721140335,pobre,0,0,0.0,738.01001,1.0,53.0,11,13,6944,2,1.0
97,1.0,0.0,3.9330001,1.0,1.0,8,103.7543721140335,103.7543721140335,pobre,0,0,0.0,738.01001,1.0,53.0,9,13,6945,1,1.0
98,1.0,0.0,3.9330001,1.0,2.0,8,103.7543721140335,103.7543721140335,pobre,0,0,0.0,738.01001,1.0,53.0,10,13,6945,1,1.0
97,0.0,0.0,3.9330001,1.0,0.0,8,103.7543721140335,103.7543721140335,pobre,0,0,0.0,738.01001,1.0,53.0,8,13,6946,0,1.0
98,0.0,0.0,3.9330001,1.0,1.0,8,103.7543721140335,103.7543721140335,pobre,0,0,0.0,738.01001,1.0,53.0,9,13,6946,0,1.0
97,1.0,0.0,3.9330001,1.0,5.0,5,103.7543721140335,103.7543721140335,pobre,0,3,0.0,713.0,1.0,36.0,11,13,6947,5,1.0
98,1.0,0.0,3.9330001,0.0,6.0,5,103.7543721140335,103.7543721140335,pobre,0,3,0.0,713.0,1.0,36.0,12,13,6947,5,1.0
97,0.0,0.0,3.9330001,1.0,1.0,5,103.7543721140335,103.7543721140335,pobre,0,3,0.0,713.0,1.0,36.0,9,13,6948,1,1.0
98,0.0,0.0,3.9330001,1.0,1.0,5,103.7543721140335,103.7543721140335,pobre,0,3,0.0,713.0,1.0,36.0,10,13,6948,1,1.0
97,1.0,0.0,3.9330001,1.0,6.0,5,103.7543721140335,103.7543721140335,pobre,0,0,0.0,708.0,1.0,37.0,16,13,6949,6,1.0
98,1.0,0.0,3.9330001,,,5,103.7543721140335,103.7543721140335,pobre,0,0,0.0,708.0,1.0,37.0,17,13,6949,6,1.0
97,1.0,0.0,3.9330001,1.0,5.0,5,103.7543721140335,103.7543721140335,pobre,0,0,0.0,708.0,1.0,37.0,13,13,6950,5,1.0
98,1.0,0.0,3.9330001,0.0,6.0,5,103.7543721140335,103.7543721140335,pobre,0,0,0.0,708.0,1.0,37.0,14,13,6950,5,1.0
97,0.0,0.0,3.9330001,1.0,4.0,5,103.7543721140335,103.7543721140335,pobre,0,0,0.0,708.0,1.0,37.0,11,13,6951,4,1.0
98,0.0,0.0,3.9330001,1.0,5.0,5,103.7543721140335,103.7543721140335,pobre,0,0,0.0,708.0,1.0,37.0,12,13,6951,4,1.0
97,0.0,0.0,3.9330001,0.0,6.0,12,103.7543721140335,103.7543721140335,no pobre,0,2,0.0,792.85999,1.0,56.0,16,13,6952,6,0.0
98,0.0,0.0,3.9330001,,,12,103.7543721140335,103.7543721140335,no pobre,0,2,0.0,792.85999,1.0,56.0,17,13,6952,6,0.0
97,0.0,0.0,3.9330001,1.0,5.0,12,103.7543721140335,103.7543721140335,no pobre,0,2,0.0,792.85999,1.0,56.0,12,13,6953,5,1.0
98,0.0,0.0,3.9330001,0.0,6.0,12,103.7543721140335,103.7543721140335,no pobre,0,2,0.0,792.85999,1.0,56.0,13,13,6953,5,1.0
97,0.0,0.0,3.9330001,0.0,6.0,7,103.7543721140335,103.7543721140335,pobre,0,0,0.0,726.25,1.0,65.0,14,13,6954,6,0.0
98,0.0,0.0,3.9330001,0.0,5.0,7,103.7543721140335,103.7543721140335,pobre,0,0,0.0,726.25,1.0,65.0,15,13,6954,6,0.0
97,1.0,0.0,3.9330001,1.0,4.0,7,103.7543721140335,103.7543721140335,pobre,0,0,0.0,726.25,1.0,65.0,12,13,6955,4,1.0
98,1.0,0.0,3.9330001,1.0,4.0,7,103.7543721140335,103.7543721140335,pobre,0,0,0.0,726.25,1.0,65.0,13,13,6955,4,1.0
97,0.0,0.0,3.9330001,1.0,5.0,6,103.7543721140335,103.7543721140335,pobre,0,5,0.0,610.0,1.0,30.0,11,13,6956,5,1.0
98,0.0,0.0,3.9330001,,,6,103.7543721140335,103.7543721140335,pobre,0,5,0.0,610.0,1.0,30.0,12,13,6956,5,1.0
97,1.0,0.0,3.9330001,1.0,1.0,6,103.7543721140335,103.7543721140335,pobre,0,5,0.0,610.0,1.0,30.0,9,13,6957,1,1.0
98,1.0,0.0,3.9330001,,,6,103.7543721140335,103.7543721140335,pobre,0,5,0.0,610.0,1.0,30.0,10,13,6957,1,1.0
97,0.0,0.0,3.9330001,0.0,6.0,4,103.7543721140335,103.7543721140335,no pobre,0,6,800.0,837.0,0.0,33.0,15,13,6958,6,0.0
98,0.0,0.0,3.9330001,0.0,7.0,4,103.7543721140335,103.7543721140335,no pobre,0,6,800.0,837.0,0.0,33.0,16,13,6958,6,0.0
97,1.0,0.0,3.9330001,0.0,6.0,9,103.7543721140335,103.7543721140335,pobre,0,0,0.0,701.75,1.0,46.0,16,13,6959,6,0.0
98,1.0,0.0,3.9330001,,,9,103.7543721140335,103.7543721140335,pobre,0,0,0.0,701.75,1.0,46.0,17,13,6959,6,0.0
97,1.0,0.0,3.9330001,0.0,6.0,9,103.7543721140335,103.7543721140335,pobre,0,0,0.0,701.75,1.0,46.0,13,13,6960,6,0.0
98,1.0,0.0,3.9330001,0.0,6.0,9,103.7543721140335,103.7543721140335,pobre,0,0,0.0,701.75,1.0,46.0,14,13,6960,6,0.0
97,1.0,0.0,3.9330001,0.0,6.0,9,103.7543721140335,103.7543721140335,pobre,0,0,0.0,701.75,1.0,46.0,12,13,6961,6,0.0
98,1.0,0.0,3.9330001,0.0,6.0,9,103.7543721140335,103.7543721140335,pobre,0,0,0.0,701.75,1.0,46.0,13,13,6961,6,0.0
97,0.0,0.0,3.9330001,1.0,3.0,9,103.7543721140335,103.7543721140335,pobre,0,0,0.0,701.75,1.0,46.0,10,13,6962,3,1.0
98,0.0,0.0,3.9330001,1.0,4.0,9,103.7543721140335,103.7543721140335,pobre,0,0,0.0,701.75,1.0,46.0,11,13,6962,3,1.0
97,1.0,0.0,3.9330001,1.0,2.0,9,103.7543721140335,103.7543721140335,pobre,0,0,0.0,701.75,1.0,46.0,8,13,6963,2,1.0
98,1.0,0.0,3.9330001,1.0,2.0,9,103.7543721140335,103.7543721140335,pobre,0,0,0.0,701.75,1.0,46.0,9,13,6963,2,1.0
97,0.0,0.0,3.9330001,1.0,1.0,6,103.7543721140335,103.7543721140335,pobre,0,2,0.0,702.0,1.0,58.0,8,13,6964,1,1.0
98,0.0,0.0,3.9330001,1.0,2.0,6,103.7543721140335,103.7543721140335,pobre,0,2,0.0,702.0,1.0,58.0,9,13,6964,1,1.0
97,1.0,0.0,3.9330001,0.0,6.0,6,103.7543721140335,103.7543721140335,no pobre,0,2,500.0,776.59998,1.0,46.0,16,13,6965,6,0.0
98,1.0,0.0,3.9330001,,,6,103.7543721140335,103.7543721140335,no pobre,0,2,500.0,776.59998,1.0,46.0,17,13,6965,6,0.0
97,0.0,0.0,3.9330001,0.0,6.0,6,103.7543721140335,103.7543721140335,no pobre,0,2,500.0,776.59998,1.0,46.0,13,13,6966,6,0.0
98,0.0,0.0,3.9330001,0.0,6.0,6,103.7543721140335,103.7543721140335,no pobre,0,2,500.0,776.59998,1.0,46.0,14,13,6966,6,0.0
97,1.0,0.0,3.9330001,1.0,3.0,6,103.7543721140335,103.7543721140335,no pobre,0,2,500.0,776.59998,1.0,46.0,8,13,6967,3,1.0
98,1.0,0.0,3.9330001,1.0,4.0,6,103.7543721140335,103.7543721140335,no pobre,0,2,500.0,776.59998,1.0,46.0,9,13,6967,3,1.0
97,1.0,0.0,3.9330001,1.0,2.0,5,103.7543721140335,103.7543721140335,pobre,0,1,1400.0,683.5,1.0,36.0,10,13,6968,2,1.0
98,1.0,0.0,3.9330001,1.0,2.0,5,103.7543721140335,103.7543721140335,pobre,0,1,1400.0,683.5,1.0,36.0,11,13,6968,2,1.0
97,0.0,0.0,3.9330001,1.0,0.0,5,103.7543721140335,103.7543721140335,pobre,0,1,1400.0,683.5,1.0,36.0,7,13,6969,0,1.0
98,0.0,0.0,3.9330001,1.0,0.0,5,103.7543721140335,103.7543721140335,pobre,0,1,1400.0,683.5,1.0,36.0,8,13,6969,0,1.0
97,0.0,0.0,3.9330001,0.0,6.0,6,103.7543721140335,103.7543721140335,pobre,0,1,1200.0,758.5,1.0,47.0,13,13,6970,6,0.0
98,0.0,0.0,3.9330001,,,6,103.7543721140335,103.7543721140335,pobre,0,1,1200.0,758.5,1.0,47.0,14,13,6970,6,0.0
97,1.0,0.0,3.9330001,1.0,3.0,6,103.7543721140335,103.7543721140335,pobre,0,1,1200.0,758.5,1.0,47.0,12,13,6971,3,1.0
98,1.0,0.0,3.9330001,,,6,103.7543721140335,103.7543721140335,pobre,0,1,1200.0,758.5,1.0,47.0,13,13,6971,3,1.0
97,1.0,0.0,3.9330001,0.0,6.0,7,103.7543721140335,103.7543721140335,pobre,0,2,0.0,631.0,1.0,35.0,14,13,6972,6,0.0
98,1.0,0.0,3.9330001,0.0,6.0,7,103.7543721140335,103.7543721140335,pobre,0,2,0.0,631.0,1.0,35.0,15,13,6972,6,0.0
97,1.0,0.0,3.9330001,1.0,3.0,7,103.7543721140335,103.7543721140335,pobre,0,2,0.0,631.0,1.0,35.0,12,13,6973,3,1.0
98,1.0,0.0,3.9330001,1.0,3.0,7,103.7543721140335,103.7543721140335,pobre,0,2,0.0,631.0,1.0,35.0,13,13,6973,3,1.0
97,1.0,0.0,3.9330001,1.0,1.0,7,103.7543721140335,103.7543721140335,pobre,0,2,0.0,631.0,1.0,35.0,8,13,6974,1,1.0
98,1.0,0.0,3.9330001,1.0,2.0,7,103.7543721140335,103.7543721140335,pobre,0,2,0.0,631.0,1.0,35.0,9,13,6974,1,1.0
97,1.0,0.0,3.9330001,,6.0,8,103.7543721140335,103.7543721140335,pobre,0,3,750.0,741.79999,1.0,46.0,15,13,6975,6,
98,1.0,0.0,3.9330001,,,8,103.7543721140335,103.7543721140335,pobre,0,3,750.0,741.79999,1.0,46.0,16,13,6975,6,
97,1.0,0.0,3.9330001,,6.0,8,103.7543721140335,103.7543721140335,pobre,0,3,750.0,741.79999,1.0,46.0,14,13,6976,6,
98,1.0,0.0,3.9330001,0.0,6.0,8,103.7543721140335,103.7543721140335,pobre,0,3,750.0,741.79999,1.0,46.0,15,13,6976,6,
97,0.0,0.0,3.9330001,,2.0,8,103.7543721140335,103.7543721140335,pobre,0,3,750.0,741.79999,1.0,46.0,9,13,6977,2,
98,0.0,0.0,3.9330001,1.0,2.0,8,103.7543721140335,103.7543721140335,pobre,0,3,750.0,741.79999,1.0,46.0,10,13,6977,2,
97,1.0,0.0,3.9330001,,1.0,8,103.7543721140335,103.7543721140335,pobre,0,3,750.0,741.79999,1.0,46.0,7,13,6978,1,
98,1.0,0.0,3.9330001,1.0,2.0,8,103.7543721140335,103.7543721140335,pobre,0,3,750.0,741.79999,1.0,46.0,8,13,6978,1,
97,0.0,0.0,3.9330001,0.0,6.0,4,103.7543721140335,103.7543721140335,no pobre,0,1,500.0,829.33002,1.0,48.0,15,13,6979,6,0.0
98,0.0,0.0,3.9330001,0.0,6.0,4,103.7543721140335,103.7543721140335,no pobre,0,1,500.0,829.33002,1.0,48.0,16,13,6979,6,0.0
97,1.0,0.0,3.9330001,1.0,3.0,7,103.7543721140335,103.7543721140335,pobre,0,3,750.0,738.5,1.0,35.0,8,13,6980,3,1.0
98,1.0,0.0,3.9330001,,,7,103.7543721140335,103.7543721140335,pobre,0,3,750.0,738.5,1.0,35.0,9,13,6980,3,1.0
97,1.0,0.0,3.9330001,1.0,0.0,7,103.7543721140335,103.7543721140335,pobre,0,3,750.0,738.5,1.0,35.0,6,13,6981,0,1.0
98,1.0,0.0,3.9330001,,,7,103.7543721140335,103.7543721140335,pobre,0,3,750.0,738.5,1.0,35.0,7,13,6981,0,1.0
97,1.0,0.0,3.9330001,1.0,5.0,8,103.7543721140335,103.7543721140335,pobre,0,11,0.0,658.0,1.0,33.0,11,13,6982,5,1.0
98,1.0,0.0,3.9330001,1.0,5.0,8,103.7543721140335,103.7543721140335,pobre,0,11,0.0,658.0,1.0,33.0,12,13,6982,5,1.0
97,1.0,0.0,3.9330001,1.0,3.0,8,103.7543721140335,103.7543721140335,pobre,0,11,0.0,658.0,1.0,33.0,8,13,6983,3,1.0
98,1.0,0.0,3.9330001,1.0,4.0,8,103.7543721140335,103.7543721140335,pobre,0,11,0.0,658.0,1.0,33.0,9,13,6983,3,1.0
97,0.0,1.0,3.9330001,1.0,2.0,8,103.7543721140335,103.7543721140335,pobre,0,0,0.0,690.66998,1.0,43.0,13,13,6984,2,1.0
98,0.0,1.0,3.9330001,1.0,4.0,8,103.7543721140335,103.7543721140335,pobre,0,0,0.0,690.66998,1.0,43.0,14,13,6984,2,1.0
97,1.0,1.0,3.9330001,1.0,2.0,8,103.7543721140335,103.7543721140335,pobre,0,0,0.0,690.66998,1.0,43.0,10,13,6985,2,1.0
98,1.0,1.0,3.9330001,1.0,3.0,8,103.7543721140335,103.7543721140335,pobre,0,0,0.0,690.66998,1.0,43.0,11,13,6985,2,1.0
97,1.0,0.0,3.9330001,1.0,4.0,6,103.7543721140335,103.7543721140335,pobre,0,5,750.0,712.0,1.0,35.0,13,13,6986,4,1.0
98,1.0,0.0,3.9330001,1.0,4.0,6,103.7543721140335,103.7543721140335,pobre,0,5,750.0,712.0,1.0,35.0,14,13,6986,4,1.0
97,0.0,0.0,3.9330001,1.0,2.0,6,103.7543721140335,103.7543721140335,pobre,0,5,750.0,712.0,1.0,35.0,11,13,6987,2,1.0
98,0.0,0.0,3.9330001,1.0,2.0,6,103.7543721140335,103.7543721140335,pobre,0,5,750.0,712.0,1.0,35.0,12,13,6987,2,1.0
97,1.0,0.0,3.9330001,1.0,1.0,6,103.7543721140335,103.7543721140335,pobre,0,5,750.0,712.0,1.0,35.0,9,13,6988,1,1.0
98,1.0,0.0,3.9330001,1.0,2.0,6,103.7543721140335,103.7543721140335,pobre,0,5,750.0,712.0,1.0,35.0,10,13,6988,1,1.0
97,0.0,0.0,3.9330001,1.0,3.0,4,103.7543721140335,103.7543721140335,pobre,0,1,0.0,700.0,1.0,50.0,13,13,6989,3,1.0
98,0.0,0.0,3.9330001,0.0,4.0,4,103.7543721140335,103.7543721140335,pobre,0,1,0.0,700.0,1.0,50.0,14,13,6989,3,1.0
97,0.0,1.0,3.9330001,0.0,2.0,4,103.7543721140335,103.7543721140335,pobre,0,1,0.0,700.0,1.0,50.0,10,13,6990,2,0.0
98,0.0,1.0,3.9330001,,,4,103.7543721140335,103.7543721140335,pobre,0,1,0.0,700.0,1.0,50.0,11,13,6990,2,0.0
97,0.0,0.0,3.9330001,0.0,6.0,7,103.7543721140335,103.7543721140335,pobre,0,1,0.0,635.0,1.0,41.0,16,13,6991,6,0.0
98,0.0,0.0,3.9330001,,,7,103.7543721140335,103.7543721140335,pobre,0,1,0.0,635.0,1.0,41.0,17,13,6991,6,0.0
97,0.0,0.0,3.9330001,0.0,6.0,7,103.7543721140335,103.7543721140335,pobre,0,1,0.0,635.0,1.0,41.0,13,13,6992,6,0.0
98,0.0,0.0,3.9330001,0.0,6.0,7,103.7543721140335,103.7543721140335,pobre,0,1,0.0,635.0,1.0,41.0,14,13,6992,6,0.0
97,1.0,0.0,3.9330001,1.0,0.0,7,103.7543721140335,103.7543721140335,pobre,0,1,0.0,635.0,1.0,41.0,8,13,6993,0,1.0
98,1.0,0.0,3.9330001,1.0,1.0,7,103.7543721140335,103.7543721140335,pobre,0,1,0.0,635.0,1.0,41.0,9,13,6993,0,1.0
97,0.0,0.0,3.9330001,1.0,2.0,4,103.7543721140335,103.7543721140335,pobre,0,6,40.0,760.0,1.0,22.0,11,13,6994,2,1.0
98,0.0,0.0,3.9330001,,,4,103.7543721140335,103.7543721140335,pobre,0,6,40.0,760.0,1.0,22.0,12,13,6994,2,1.0
97,0.0,0.0,3.9330001,1.0,2.0,4,103.7543721140335,103.7543721140335,pobre,0,6,60.0,714.0,0.0,24.0,7,13,6995,2,1.0
98,0.0,0.0,3.9330001,1.0,3.0,4,103.7543721140335,103.7543721140335,pobre,0,6,60.0,714.0,0.0,24.0,8,13,6995,2,1.0
97,0.0,0.0,3.9330001,1.0,8.0,5,103.7543721140335,103.7543721140335,no pobre,0,3,1200.0,829.66998,1.0,36.0,14,13,6996,8,1.0
98,0.0,0.0,3.9330001,1.0,8.0,5,103.7543721140335,103.7543721140335,no pobre,0,3,1200.0,829.66998,1.0,36.0,15,13,6996,8,1.0
97,0.0,0.0,3.9330001,1.0,5.0,5,103.7543721140335,103.7543721140335,no pobre,0,3,1200.0,829.66998,1.0,36.0,11,13,6997,5,1.0
98,0.0,0.0,3.9330001,0.0,5.0,5,103.7543721140335,103.7543721140335,no pobre,0,3,1200.0,829.66998,1.0,36.0,12,13,6997,5,1.0
97,0.0,0.0,1.335,,0.0,6,106.1253240857697,106.1253240857697,no pobre,basal,3,750.0,760.0,1.0,54.0,13,14,6998,0,
98,0.0,0.0,1.335,,,6,106.1253240857697,106.1253240857697,no pobre,basal,3,750.0,760.0,1.0,54.0,14,14,6998,0,
97,1.0,0.0,1.335,1.0,2.0,6,106.1253240857697,106.1253240857697,no pobre,basal,3,750.0,760.0,1.0,54.0,11,14,6999,2,1.0
98,1.0,0.0,1.335,1.0,4.0,6,106.1253240857697,106.1253240857697,no pobre,basal,3,750.0,760.0,1.0,54.0,12,14,6999,2,1.0
97,1.0,0.0,1.335,1.0,1.0,7,106.1253240857697,106.1253240857697,pobre,basal,6,1750.0,659.0,1.0,35.0,8,14,7000,1,1.0
98,1.0,0.0,1.335,1.0,2.0,7,106.1253240857697,106.1253240857697,pobre,basal,6,1750.0,659.0,1.0,35.0,9,14,7000,1,1.0
97,0.0,0.0,1.335,0.0,6.0,3,106.1253240857697,106.1253240857697,pobre,basal,0,1000.0,770.0,1.0,19.0,16,14,7001,6,0.0
98,0.0,0.0,1.335,,,3,106.1253240857697,106.1253240857697,pobre,basal,0,1000.0,770.0,1.0,19.0,17,14,7001,6,0.0
97,0.0,0.0,1.335,0.0,6.0,5,106.1253240857697,106.1253240857697,pobre,basal,0,250.0,719.75,0.0,72.0,16,14,7002,6,0.0
98,0.0,0.0,1.335,,,5,106.1253240857697,106.1253240857697,pobre,basal,0,250.0,719.75,0.0,72.0,17,14,7002,6,0.0
97,1.0,0.0,1.335,0.0,6.0,5,106.1253240857697,106.1253240857697,pobre,basal,0,250.0,719.75,0.0,72.0,14,14,7003,6,0.0
98,1.0,0.0,1.335,0.0,6.0,5,106.1253240857697,106.1253240857697,pobre,basal,0,250.0,719.75,0.0,72.0,15,14,7003,6,0.0
97,0.0,0.0,1.335,1.0,4.0,7,106.1253240857697,106.1253240857697,pobre,basal,2,1200.0,635.0,1.0,29.0,11,14,7004,4,1.0
98,0.0,0.0,1.335,1.0,5.0,7,106.1253240857697,106.1253240857697,pobre,basal,2,1200.0,635.0,1.0,29.0,12,14,7004,4,1.0
97,1.0,0.0,1.335,1.0,1.0,7,106.1253240857697,106.1253240857697,pobre,basal,2,1200.0,635.0,1.0,29.0,8,14,7005,1,1.0
98,1.0,0.0,1.335,1.0,2.0,7,106.1253240857697,106.1253240857697,pobre,basal,2,1200.0,635.0,1.0,29.0,9,14,7005,1,1.0
97,0.0,0.0,1.335,0.0,6.0,8,106.1253240857697,106.1253240857697,pobre,basal,2,1520.0,693.79999,1.0,38.0,16,14,7006,6,0.0
98,0.0,0.0,1.335,,,8,106.1253240857697,106.1253240857697,pobre,basal,2,1520.0,693.79999,1.0,38.0,17,14,7006,6,0.0
97,0.0,0.0,1.335,1.0,2.0,8,106.1253240857697,106.1253240857697,pobre,basal,2,1520.0,693.79999,1.0,38.0,12,14,7007,2,1.0
98,0.0,0.0,1.335,1.0,5.0,8,106.1253240857697,106.1253240857697,pobre,basal,2,1520.0,693.79999,1.0,38.0,13,14,7007,2,1.0
97,0.0,0.0,1.335,1.0,0.0,8,106.1253240857697,106.1253240857697,pobre,basal,2,1520.0,693.79999,1.0,38.0,9,14,7008,0,1.0
98,0.0,0.0,1.335,1.0,3.0,8,106.1253240857697,106.1253240857697,pobre,basal,2,1520.0,693.79999,1.0,38.0,10,14,7008,0,1.0
97,0.0,0.0,1.335,1.0,0.0,8,106.1253240857697,106.1253240857697,pobre,basal,2,1520.0,693.79999,1.0,38.0,7,14,7009,0,1.0
98,0.0,0.0,1.335,1.0,1.0,8,106.1253240857697,106.1253240857697,pobre,basal,2,1520.0,693.79999,1.0,38.0,8,14,7009,0,1.0
97,1.0,0.0,1.335,1.0,8.0,8,106.1253240857697,106.1253240857697,pobre,basal,0,1250.0,742.0,1.0,55.0,16,14,7010,8,1.0
98,1.0,0.0,1.335,,,8,106.1253240857697,106.1253240857697,pobre,basal,0,1250.0,742.0,1.0,55.0,17,14,7010,8,1.0
97,1.0,0.0,1.335,1.0,7.0,8,106.1253240857697,106.1253240857697,pobre,basal,0,1250.0,742.0,1.0,55.0,14,14,7011,7,1.0
98,1.0,0.0,1.335,1.0,8.0,8,106.1253240857697,106.1253240857697,pobre,basal,0,1250.0,742.0,1.0,55.0,15,14,7011,7,1.0
97,0.0,0.0,1.335,0.0,6.0,8,106.1253240857697,106.1253240857697,pobre,basal,0,1250.0,742.0,1.0,55.0,15,14,7012,6,0.0
98,0.0,0.0,1.335,,,8,106.1253240857697,106.1253240857697,pobre,basal,0,1250.0,742.0,1.0,55.0,16,14,7012,6,0.0
97,1.0,0.0,1.335,0.0,2.0,14,106.1253240857697,106.1253240857697,pobre,basal,0,750.0,643.66998,1.0,48.0,16,14,7013,2,0.0
98,1.0,0.0,1.335,,,14,106.1253240857697,106.1253240857697,pobre,basal,0,750.0,643.66998,1.0,48.0,17,14,7013,2,0.0
97,0.0,0.0,1.335,0.0,2.0,14,106.1253240857697,106.1253240857697,pobre,basal,0,750.0,643.66998,1.0,48.0,13,14,7014,2,0.0
98,0.0,0.0,1.335,0.0,3.0,14,106.1253240857697,106.1253240857697,pobre,basal,0,750.0,643.66998,1.0,48.0,14,14,7014,2,0.0
97,0.0,0.0,1.335,1.0,2.0,14,106.1253240857697,106.1253240857697,pobre,basal,0,750.0,643.66998,1.0,48.0,9,14,7015,2,1.0
98,0.0,0.0,1.335,1.0,3.0,14,106.1253240857697,106.1253240857697,pobre,basal,0,750.0,643.66998,1.0,48.0,10,14,7015,2,1.0
97,0.0,0.0,1.335,1.0,1.0,14,106.1253240857697,106.1253240857697,pobre,basal,0,750.0,643.66998,1.0,48.0,7,14,7016,1,1.0
98,0.0,0.0,1.335,1.0,,14,106.1253240857697,106.1253240857697,pobre,basal,0,750.0,643.66998,1.0,48.0,8,14,7016,1,1.0
97,1.0,0.0,1.335,1.0,1.0,8,106.1253240857697,106.1253240857697,no pobre,basal,4,750.0,771.14001,1.0,40.0,8,14,7017,1,1.0
98,1.0,0.0,1.335,1.0,2.0,8,106.1253240857697,106.1253240857697,no pobre,basal,4,750.0,771.14001,1.0,40.0,9,14,7017,1,1.0
97,0.0,0.0,1.335,,0.0,4,106.1253240857697,106.1253240857697,pobre,basal,0,750.0,678.0,0.0,40.0,16,14,7018,0,
98,0.0,0.0,1.335,,,4,106.1253240857697,106.1253240857697,pobre,basal,0,750.0,678.0,0.0,40.0,17,14,7018,0,
97,1.0,0.0,1.335,1.0,4.0,4,106.1253240857697,106.1253240857697,pobre,basal,0,750.0,678.0,0.0,40.0,13,14,7019,4,1.0
98,1.0,0.0,1.335,1.0,5.0,4,106.1253240857697,106.1253240857697,pobre,basal,0,750.0,678.0,0.0,40.0,14,14,7019,4,1.0
97,1.0,0.0,1.335,1.0,4.0,10,106.1253240857697,106.1253240857697,pobre,basal,3,0.0,608.0,1.0,40.0,10,14,7020,4,1.0
98,1.0,0.0,1.335,1.0,5.0,10,106.1253240857697,106.1253240857697,pobre,basal,3,0.0,608.0,1.0,40.0,11,14,7020,4,1.0
97,1.0,0.0,1.335,1.0,2.0,10,106.1253240857697,106.1253240857697,pobre,basal,3,0.0,608.0,1.0,40.0,8,14,7021,2,1.0
98,1.0,0.0,1.335,1.0,3.0,10,106.1253240857697,106.1253240857697,pobre,basal,3,0.0,608.0,1.0,40.0,9,14,7021,2,1.0
97,1.0,0.0,1.335,0.0,4.0,5,106.1253240857697,106.1253240857697,pobre,basal,0,0.0,735.66998,0.0,46.0,15,14,7022,4,0.0
98,1.0,0.0,1.335,0.0,4.0,5,106.1253240857697,106.1253240857697,pobre,basal,0,0.0,735.66998,0.0,46.0,16,14,7022,4,0.0
97,0.0,0.0,1.335,1.0,2.0,8,106.1253240857697,106.1253240857697,pobre,basal,4,750.0,737.0,1.0,35.0,8,14,7023,2,1.0
98,0.0,0.0,1.335,,,8,106.1253240857697,106.1253240857697,pobre,basal,4,750.0,737.0,1.0,35.0,9,14,7023,2,1.0
97,1.0,0.0,1.335,1.0,0.0,8,106.1253240857697,106.1253240857697,pobre,basal,4,750.0,737.0,1.0,35.0,6,14,7024,0,1.0
98,1.0,0.0,1.335,,,8,106.1253240857697,106.1253240857697,pobre,basal,4,750.0,737.0,1.0,35.0,7,14,7024,0,1.0
97,0.0,0.0,1.335,0.0,3.0,8,106.1253240857697,106.1253240857697,pobre,basal,3,0.0,724.0,1.0,43.0,15,14,7025,3,0.0
98,0.0,0.0,1.335,,,8,106.1253240857697,106.1253240857697,pobre,basal,3,0.0,724.0,1.0,43.0,16,14,7025,3,0.0
97,1.0,0.0,1.335,1.0,3.0,8,106.1253240857697,106.1253240857697,pobre,basal,3,0.0,724.0,1.0,43.0,12,14,7026,3,1.0
98,1.0,0.0,1.335,,,8,106.1253240857697,106.1253240857697,pobre,basal,3,0.0,724.0,1.0,43.0,13,14,7026,3,1.0
97,1.0,0.0,1.335,1.0,2.0,6,106.1253240857697,106.1253240857697,pobre,basal,6,0.0,680.0,1.0,28.0,8,14,7027,2,1.0
98,1.0,0.0,1.335,1.0,3.0,6,106.1253240857697,106.1253240857697,pobre,basal,6,0.0,680.0,1.0,28.0,9,14,7027,2,1.0
97,0.0,0.0,1.335,1.0,0.0,6,106.1253240857697,106.1253240857697,pobre,basal,6,0.0,680.0,1.0,28.0,7,14,7028,0,1.0
98,0.0,0.0,1.335,1.0,1.0,6,106.1253240857697,106.1253240857697,pobre,basal,6,0.0,680.0,1.0,28.0,8,14,7028,0,1.0
97,1.0,0.0,1.335,0.0,1.0,7,106.1253240857697,106.1253240857697,pobre,basal,4,0.0,727.33002,1.0,42.0,15,14,7029,1,0.0
98,1.0,0.0,1.335,,,7,106.1253240857697,106.1253240857697,pobre,basal,4,0.0,727.33002,1.0,42.0,16,14,7029,1,0.0
97,0.0,0.0,1.335,1.0,1.0,7,106.1253240857697,106.1253240857697,pobre,basal,4,0.0,727.33002,1.0,42.0,10,14,7030,1,1.0
98,0.0,0.0,1.335,,,7,106.1253240857697,106.1253240857697,pobre,basal,4,0.0,727.33002,1.0,42.0,11,14,7030,1,1.0
97,1.0,0.0,1.335,1.0,0.0,7,106.1253240857697,106.1253240857697,pobre,basal,4,0.0,727.33002,1.0,42.0,8,14,7031,0,1.0
98,1.0,0.0,1.335,,,7,106.1253240857697,106.1253240857697,pobre,basal,4,0.0,727.33002,1.0,42.0,9,14,7031,0,1.0
97,0.0,0.0,1.335,0.0,2.0,6,106.1253240857697,106.1253240857697,pobre,basal,0,0.0,707.59998,1.0,49.0,15,14,7032,2,0.0
98,0.0,0.0,1.335,,,6,106.1253240857697,106.1253240857697,pobre,basal,0,0.0,707.59998,1.0,49.0,16,14,7032,2,0.0
97,0.0,0.0,1.335,,0.0,9,106.1253240857697,106.1253240857697,pobre,basal,0,0.0,676.40002,1.0,60.0,6,14,7033,0,
98,0.0,0.0,1.335,1.0,3.0,9,106.1253240857697,106.1253240857697,pobre,basal,0,0.0,676.40002,1.0,60.0,7,14,7033,0,
97,0.0,0.0,1.335,0.0,6.0,10,106.1253240857697,106.1253240857697,pobre,basal,2,1200.0,659.0,1.0,40.0,16,14,7034,6,0.0
98,0.0,0.0,1.335,,,10,106.1253240857697,106.1253240857697,pobre,basal,2,1200.0,659.0,1.0,40.0,17,14,7034,6,0.0
97,1.0,0.0,1.335,1.0,4.0,10,106.1253240857697,106.1253240857697,pobre,basal,2,1200.0,659.0,1.0,40.0,12,14,7035,4,1.0
98,1.0,0.0,1.335,,,10,106.1253240857697,106.1253240857697,pobre,basal,2,1200.0,659.0,1.0,40.0,13,14,7035,4,1.0
97,0.0,0.0,1.335,0.0,2.0,10,106.1253240857697,106.1253240857697,pobre,basal,2,1200.0,659.0,1.0,40.0,10,14,7036,2,0.0
98,0.0,0.0,1.335,,,10,106.1253240857697,106.1253240857697,pobre,basal,2,1200.0,659.0,1.0,40.0,11,14,7036,2,0.0
97,1.0,0.0,1.335,,0.0,10,106.1253240857697,106.1253240857697,pobre,basal,2,1200.0,659.0,1.0,40.0,11,14,7037,0,
98,1.0,0.0,1.335,,,10,106.1253240857697,106.1253240857697,pobre,basal,2,1200.0,659.0,1.0,40.0,12,14,7037,0,
97,1.0,0.0,1.335,1.0,4.0,10,106.1253240857697,106.1253240857697,pobre,basal,2,1200.0,659.0,1.0,40.0,11,14,7038,4,1.0
98,1.0,0.0,1.335,,,10,106.1253240857697,106.1253240857697,pobre,basal,2,1200.0,659.0,1.0,40.0,12,14,7038,4,1.0
97,1.0,0.0,1.335,1.0,1.0,10,106.1253240857697,106.1253240857697,pobre,basal,2,1200.0,659.0,1.0,40.0,7,14,7039,1,1.0
98,1.0,0.0,1.335,,,10,106.1253240857697,106.1253240857697,pobre,basal,2,1200.0,659.0,1.0,40.0,8,14,7039,1,1.0
97,0.0,0.0,1.335,,0.0,10,106.1253240857697,106.1253240857697,pobre,basal,2,1200.0,659.0,1.0,40.0,14,14,7040,0,
98,0.0,0.0,1.335,,,10,106.1253240857697,106.1253240857697,pobre,basal,2,1200.0,659.0,1.0,40.0,15,14,7040,0,
97,0.0,0.0,1.335,1.0,5.0,5,106.1253240857697,106.1253240857697,pobre,basal,5,240.0,680.66998,0.0,30.0,11,14,7041,5,1.0
98,0.0,0.0,1.335,,,5,106.1253240857697,106.1253240857697,pobre,basal,5,240.0,680.66998,0.0,30.0,12,14,7041,5,1.0
97,1.0,0.0,1.335,1.0,2.0,5,106.1253240857697,106.1253240857697,pobre,basal,5,240.0,680.66998,0.0,30.0,8,14,7042,2,1.0
98,1.0,0.0,1.335,,,5,106.1253240857697,106.1253240857697,pobre,basal,5,240.0,680.66998,0.0,30.0,9,14,7042,2,1.0
97,0.0,0.0,1.335,0.0,6.0,8,106.1253240857697,106.1253240857697,pobre,basal,0,0.0,704.33002,1.0,48.0,14,14,7043,6,0.0
98,0.0,0.0,1.335,,,8,106.1253240857697,106.1253240857697,pobre,basal,0,0.0,704.33002,1.0,48.0,15,14,7043,6,0.0
97,1.0,0.0,1.335,1.0,2.0,8,106.1253240857697,106.1253240857697,pobre,basal,0,0.0,704.33002,1.0,48.0,9,14,7044,2,1.0
98,1.0,0.0,1.335,,,8,106.1253240857697,106.1253240857697,pobre,basal,0,0.0,704.33002,1.0,48.0,10,14,7044,2,1.0
97,0.0,0.0,1.335,1.0,0.0,8,106.1253240857697,106.1253240857697,pobre,basal,0,0.0,704.33002,1.0,48.0,6,14,7045,0,1.0
98,0.0,0.0,1.335,,,8,106.1253240857697,106.1253240857697,pobre,basal,0,0.0,704.33002,1.0,48.0,7,14,7045,0,1.0
97,1.0,0.0,1.335,1.0,0.0,5,106.1253240857697,106.1253240857697,pobre,basal,0,750.0,691.5,1.0,24.0,6,14,7046,0,1.0
98,1.0,0.0,1.335,1.0,1.0,5,106.1253240857697,106.1253240857697,pobre,basal,0,750.0,691.5,1.0,24.0,7,14,7046,0,1.0
97,1.0,0.0,1.335,0.0,6.0,8,106.1253240857697,106.1253240857697,pobre,basal,3,0.0,721.79999,0.0,41.0,14,14,7047,6,0.0
98,1.0,0.0,1.335,0.0,6.0,8,106.1253240857697,106.1253240857697,pobre,basal,3,0.0,721.79999,0.0,41.0,15,14,7047,6,0.0
97,1.0,0.0,1.335,1.0,2.0,8,106.1253240857697,106.1253240857697,pobre,basal,3,0.0,721.79999,0.0,41.0,12,14,7048,2,1.0
98,1.0,0.0,1.335,1.0,3.0,8,106.1253240857697,106.1253240857697,pobre,basal,3,0.0,721.79999,0.0,41.0,13,14,7048,2,1.0
97,0.0,0.0,1.335,0.0,6.0,5,106.1253240857697,106.1253240857697,pobre,basal,0,0.0,714.0,1.0,59.0,16,14,7049,6,0.0
98,0.0,0.0,1.335,,,5,106.1253240857697,106.1253240857697,pobre,basal,0,0.0,714.0,1.0,59.0,17,14,7049,6,0.0
97,1.0,0.0,1.335,0.0,6.0,5,106.1253240857697,106.1253240857697,pobre,basal,0,0.0,714.0,1.0,59.0,14,14,7050,6,0.0
98,1.0,0.0,1.335,0.0,6.0,5,106.1253240857697,106.1253240857697,pobre,basal,0,0.0,714.0,1.0,59.0,15,14,7050,6,0.0
97,1.0,0.0,1.335,1.0,1.0,4,106.1253240857697,106.1253240857697,pobre,basal,6,0.0,729.0,1.0,31.0,7,14,7051,1,1.0
98,1.0,0.0,1.335,1.0,2.0,4,106.1253240857697,106.1253240857697,pobre,basal,6,0.0,729.0,1.0,31.0,8,14,7051,1,1.0
97,1.0,0.0,1.335,0.0,2.0,7,106.1253240857697,106.1253240857697,pobre,basal,3,0.0,678.33002,0.0,35.0,15,14,7052,2,0.0
98,1.0,0.0,1.335,,,7,106.1253240857697,106.1253240857697,pobre,basal,3,0.0,678.33002,0.0,35.0,16,14,7052,2,0.0
97,1.0,0.0,1.335,0.0,0.0,7,106.1253240857697,106.1253240857697,pobre,basal,3,0.0,678.33002,0.0,35.0,6,14,7053,0,0.0
98,1.0,0.0,1.335,,,7,106.1253240857697,106.1253240857697,pobre,basal,3,0.0,678.33002,0.0,35.0,7,14,7053,0,0.0
97,0.0,0.0,1.335,1.0,1.0,7,106.1253240857697,106.1253240857697,pobre,basal,3,0.0,678.33002,0.0,35.0,10,14,7054,1,1.0
98,0.0,0.0,1.335,0.0,3.0,7,106.1253240857697,106.1253240857697,pobre,basal,3,0.0,678.33002,0.0,35.0,11,14,7054,1,1.0
97,0.0,0.0,1.335,0.0,1.0,4,106.1253240857697,106.1253240857697,pobre,basal,0,0.0,583.33002,0.0,60.0,15,14,7055,1,0.0
98,0.0,0.0,1.335,,,4,106.1253240857697,106.1253240857697,pobre,basal,0,0.0,583.33002,0.0,60.0,16,14,7055,1,0.0
97,0.0,0.0,1.335,0.0,1.0,4,106.1253240857697,106.1253240857697,pobre,basal,0,0.0,583.33002,0.0,60.0,11,14,7056,1,0.0
98,0.0,0.0,1.335,,,4,106.1253240857697,106.1253240857697,pobre,basal,0,0.0,583.33002,0.0,60.0,12,14,7056,1,0.0
97,1.0,0.0,1.335,,0.0,3,106.1253240857697,106.1253240857697,pobre,basal,0,0.0,637.5,1.0,67.0,16,14,7057,0,
98,1.0,0.0,1.335,,,3,106.1253240857697,106.1253240857697,pobre,basal,0,0.0,637.5,1.0,67.0,17,14,7057,0,
97,0.0,0.0,1.335,1.0,1.0,5,106.1253240857697,106.1253240857697,pobre,basal,3,375.0,653.0,1.0,29.0,8,14,7058,1,1.0
98,0.0,0.0,1.335,1.0,2.0,5,106.1253240857697,106.1253240857697,pobre,basal,3,375.0,653.0,1.0,29.0,9,14,7058,1,1.0
97,0.0,0.0,1.335,1.0,6.0,7,106.1253240857697,106.1253240857697,pobre,basal,0,750.0,646.0,1.0,46.0,15,14,7059,6,1.0
98,0.0,0.0,1.335,0.0,6.0,7,106.1253240857697,106.1253240857697,pobre,basal,0,750.0,646.0,1.0,46.0,16,14,7059,6,1.0
97,0.0,0.0,1.335,1.0,5.0,7,106.1253240857697,106.1253240857697,pobre,basal,0,750.0,646.0,1.0,46.0,12,14,7060,5,1.0
98,0.0,0.0,1.335,0.0,6.0,7,106.1253240857697,106.1253240857697,pobre,basal,0,750.0,646.0,1.0,46.0,13,14,7060,5,1.0
97,1.0,0.0,1.335,1.0,3.0,7,106.1253240857697,106.1253240857697,pobre,basal,0,750.0,646.0,1.0,46.0,10,14,7061,3,1.0
98,1.0,0.0,1.335,1.0,4.0,7,106.1253240857697,106.1253240857697,pobre,basal,0,750.0,646.0,1.0,46.0,11,14,7061,3,1.0
97,0.0,0.0,1.335,1.0,1.0,7,106.1253240857697,106.1253240857697,pobre,basal,0,750.0,646.0,1.0,46.0,7,14,7062,1,1.0
98,0.0,0.0,1.335,1.0,2.0,7,106.1253240857697,106.1253240857697,pobre,basal,0,750.0,646.0,1.0,46.0,8,14,7062,1,1.0
97,1.0,0.0,1.335,1.0,5.0,7,106.1253240857697,106.1253240857697,pobre,basal,3,750.0,731.5,1.0,45.0,11,14,7063,5,1.0
98,1.0,0.0,1.335,1.0,6.0,7,106.1253240857697,106.1253240857697,pobre,basal,3,750.0,731.5,1.0,45.0,12,14,7063,5,1.0
97,0.0,0.0,1.335,1.0,2.0,7,106.1253240857697,106.1253240857697,pobre,basal,3,750.0,731.5,1.0,45.0,7,14,7064,2,1.0
98,0.0,0.0,1.335,1.0,3.0,7,106.1253240857697,106.1253240857697,pobre,basal,3,750.0,731.5,1.0,45.0,8,14,7064,2,1.0
97,1.0,0.0,1.335,1.0,6.0,8,106.1253240857697,106.1253240857697,pobre,basal,3,750.0,731.66998,1.0,36.0,14,14,7065,6,1.0
98,1.0,0.0,1.335,,,8,106.1253240857697,106.1253240857697,pobre,basal,3,750.0,731.66998,1.0,36.0,15,14,7065,6,1.0
97,1.0,0.0,1.335,1.0,5.0,8,106.1253240857697,106.1253240857697,pobre,basal,3,750.0,731.66998,1.0,36.0,12,14,7066,5,1.0
98,1.0,0.0,1.335,,,8,106.1253240857697,106.1253240857697,pobre,basal,3,750.0,731.66998,1.0,36.0,13,14,7066,5,1.0
97,1.0,0.0,1.335,1.0,4.0,8,106.1253240857697,106.1253240857697,pobre,basal,3,750.0,731.66998,1.0,36.0,10,14,7067,4,1.0
98,1.0,0.0,1.335,,,8,106.1253240857697,106.1253240857697,pobre,basal,3,750.0,731.66998,1.0,36.0,11,14,7067,4,1.0
97,1.0,0.0,1.335,1.0,1.0,8,106.1253240857697,106.1253240857697,pobre,basal,3,750.0,731.66998,1.0,36.0,8,14,7068,1,1.0
98,1.0,0.0,1.335,,,8,106.1253240857697,106.1253240857697,pobre,basal,3,750.0,731.66998,1.0,36.0,9,14,7068,1,1.0
97,0.0,0.0,1.335,1.0,4.0,5,106.1253240857697,106.1253240857697,pobre,basal,3,750.0,728.5,1.0,44.0,10,14,7069,4,1.0
98,0.0,0.0,1.335,1.0,5.0,5,106.1253240857697,106.1253240857697,pobre,basal,3,750.0,728.5,1.0,44.0,11,14,7069,4,1.0
97,1.0,0.0,1.335,1.0,2.0,5,106.1253240857697,106.1253240857697,pobre,basal,3,750.0,728.5,1.0,44.0,9,14,7070,2,1.0
98,1.0,0.0,1.335,1.0,2.0,5,106.1253240857697,106.1253240857697,pobre,basal,3,750.0,728.5,1.0,44.0,10,14,7070,2,1.0
97,1.0,0.0,1.335,1.0,8.0,8,106.1253240857697,106.1253240857697,pobre,basal,4,750.0,679.0,1.0,35.0,14,14,7071,8,1.0
98,1.0,0.0,1.335,0.0,9.0,8,106.1253240857697,106.1253240857697,pobre,basal,4,750.0,679.0,1.0,35.0,15,14,7071,8,1.0
97,0.0,0.0,1.335,1.0,5.0,8,106.1253240857697,106.1253240857697,pobre,basal,4,750.0,679.0,1.0,35.0,11,14,7072,5,1.0
98,0.0,0.0,1.335,0.0,6.0,8,106.1253240857697,106.1253240857697,pobre,basal,4,750.0,679.0,1.0,35.0,12,14,7072,5,1.0
97,1.0,0.0,1.335,1.0,2.0,8,106.1253240857697,106.1253240857697,pobre,basal,4,750.0,679.0,1.0,35.0,9,14,7073,2,1.0
98,1.0,0.0,1.335,1.0,3.0,8,106.1253240857697,106.1253240857697,pobre,basal,4,750.0,679.0,1.0,35.0,10,14,7073,2,1.0
97,1.0,0.0,1.335,1.0,0.0,8,106.1253240857697,106.1253240857697,pobre,basal,4,750.0,679.0,1.0,35.0,6,14,7074,0,1.0
98,1.0,0.0,1.335,1.0,1.0,8,106.1253240857697,106.1253240857697,pobre,basal,4,750.0,679.0,1.0,35.0,7,14,7074,0,1.0
97,1.0,0.0,1.335,,0.0,6,106.1253240857697,106.1253240857697,no pobre,basal,14,1000.0,843.0,1.0,39.0,16,14,7075,0,
98,1.0,0.0,1.335,,,6,106.1253240857697,106.1253240857697,no pobre,basal,14,1000.0,843.0,1.0,39.0,17,14,7075,0,
97,0.0,0.0,1.335,1.0,6.0,6,106.1253240857697,106.1253240857697,no pobre,basal,14,1000.0,843.0,1.0,39.0,14,14,7076,6,1.0
98,0.0,0.0,1.335,0.0,6.0,6,106.1253240857697,106.1253240857697,no pobre,basal,14,1000.0,843.0,1.0,39.0,15,14,7076,6,1.0
97,0.0,0.0,1.335,1.0,4.0,8,106.1253240857697,106.1253240857697,pobre,basal,4,750.0,751.0,1.0,43.0,13,14,7077,4,1.0
98,0.0,0.0,1.335,1.0,,8,106.1253240857697,106.1253240857697,pobre,basal,4,750.0,751.0,1.0,43.0,14,14,7077,4,1.0
97,0.0,0.0,1.335,1.0,1.0,8,106.1253240857697,106.1253240857697,pobre,basal,4,750.0,751.0,1.0,43.0,8,14,7078,1,1.0
98,0.0,0.0,1.335,1.0,1.0,8,106.1253240857697,106.1253240857697,pobre,basal,4,750.0,751.0,1.0,43.0,9,14,7078,1,1.0
97,1.0,0.0,1.335,1.0,3.0,4,106.1253240857697,106.1253240857697,pobre,basal,3,750.0,692.46997,1.0,35.0,11,14,7079,3,1.0
98,1.0,0.0,1.335,,,4,106.1253240857697,106.1253240857697,pobre,basal,3,750.0,692.46997,1.0,35.0,12,14,7079,3,1.0
97,0.0,0.0,1.335,,0.0,4,106.1253240857697,106.1253240857697,pobre,basal,3,750.0,692.46997,1.0,35.0,7,14,7080,0,
98,0.0,0.0,1.335,,,4,106.1253240857697,106.1253240857697,pobre,basal,3,750.0,692.46997,1.0,35.0,8,14,7080,0,
97,1.0,0.0,1.335,,4.0,11,106.1253240857697,106.1253240857697,pobre,basal,3,750.0,659.66998,1.0,43.0,15,14,7081,4,
98,1.0,0.0,1.335,,,11,106.1253240857697,106.1253240857697,pobre,basal,3,750.0,659.66998,1.0,43.0,16,14,7081,4,
97,0.0,0.0,1.335,1.0,5.0,11,106.1253240857697,106.1253240857697,pobre,basal,3,750.0,659.66998,1.0,43.0,13,14,7082,5,1.0
98,0.0,0.0,1.335,,,11,106.1253240857697,106.1253240857697,pobre,basal,3,750.0,659.66998,1.0,43.0,14,14,7082,5,1.0
97,1.0,0.0,1.335,1.0,4.0,11,106.1253240857697,106.1253240857697,pobre,basal,3,750.0,659.66998,1.0,43.0,11,14,7083,4,1.0
98,1.0,0.0,1.335,,,11,106.1253240857697,106.1253240857697,pobre,basal,3,750.0,659.66998,1.0,43.0,12,14,7083,4,1.0
97,0.0,0.0,1.335,1.0,3.0,11,106.1253240857697,106.1253240857697,pobre,basal,3,750.0,659.66998,1.0,43.0,9,14,7084,3,1.0
98,0.0,0.0,1.335,,,11,106.1253240857697,106.1253240857697,pobre,basal,3,750.0,659.66998,1.0,43.0,10,14,7084,3,1.0
97,1.0,0.0,1.335,1.0,0.0,11,106.1253240857697,106.1253240857697,pobre,basal,3,750.0,659.66998,1.0,43.0,6,14,7085,0,1.0
98,1.0,0.0,1.335,,,11,106.1253240857697,106.1253240857697,pobre,basal,3,750.0,659.66998,1.0,43.0,7,14,7085,0,1.0
97,0.0,0.0,1.335,0.0,6.0,3,106.1253240857697,106.1253240857697,pobre,basal,2,96.0,723.0,0.0,50.0,14,14,7086,6,0.0
98,0.0,0.0,1.335,0.0,6.0,3,106.1253240857697,106.1253240857697,pobre,basal,2,96.0,723.0,0.0,50.0,15,14,7086,6,0.0
97,0.0,0.0,1.335,,0.0,3,106.1253240857697,106.1253240857697,pobre,basal,2,96.0,723.0,0.0,50.0,12,14,7087,0,
98,0.0,0.0,1.335,0.0,3.0,3,106.1253240857697,106.1253240857697,pobre,basal,2,96.0,723.0,0.0,50.0,13,14,7087,0,
97,1.0,0.0,1.335,,0.0,6,106.1253240857697,106.1253240857697,pobre,basal,0,625.0,608.0,1.0,27.0,9,14,7088,0,
98,1.0,0.0,1.335,1.0,3.0,6,106.1253240857697,106.1253240857697,pobre,basal,0,625.0,608.0,1.0,27.0,10,14,7088,0,
97,0.0,,1.335,,0.0,6,106.1253240857697,106.1253240857697,pobre,basal,0,625.0,608.0,1.0,27.0,6,14,7089,0,
98,0.0,,1.335,1.0,0.0,6,106.1253240857697,106.1253240857697,pobre,basal,0,625.0,608.0,1.0,27.0,7,14,7089,0,
97,1.0,1.0,1.335,,0.0,7,106.1253240857697,106.1253240857697,pobre,basal,0,0.0,794.16998,1.0,58.0,8,14,7090,0,
98,1.0,1.0,1.335,,,7,106.1253240857697,106.1253240857697,pobre,basal,0,0.0,794.16998,1.0,58.0,9,14,7090,0,
97,0.0,0.0,1.335,,0.0,6,106.1253240857697,106.1253240857697,pobre,basal,3,1200.0,748.0,1.0,37.0,15,14,7091,0,
98,0.0,0.0,1.335,,,6,106.1253240857697,106.1253240857697,pobre,basal,3,1200.0,748.0,1.0,37.0,16,14,7091,0,
97,0.0,0.0,1.335,1.0,6.0,6,106.1253240857697,106.1253240857697,pobre,basal,3,1200.0,748.0,1.0,37.0,12,14,7092,6,1.0
98,0.0,0.0,1.335,0.0,2.0,6,106.1253240857697,106.1253240857697,pobre,basal,3,1200.0,748.0,1.0,37.0,13,14,7092,6,1.0
97,0.0,0.0,1.335,,0.0,6,106.1253240857697,106.1253240857697,pobre,basal,3,1200.0,748.0,1.0,37.0,6,14,7093,0,
98,0.0,0.0,1.335,,,6,106.1253240857697,106.1253240857697,pobre,basal,3,1200.0,748.0,1.0,37.0,7,14,7093,0,
97,1.0,0.0,1.335,1.0,2.0,6,106.1253240857697,106.1253240857697,pobre,basal,3,800.0,591.0,1.0,28.0,8,14,7094,2,1.0
98,1.0,0.0,1.335,1.0,3.0,6,106.1253240857697,106.1253240857697,pobre,basal,3,800.0,591.0,1.0,28.0,9,14,7094,2,1.0
97,1.0,0.0,1.335,0.0,1.0,8,106.1253240857697,106.1253240857697,pobre,basal,3,500.0,689.79999,1.0,35.0,14,14,7095,1,0.0
98,1.0,0.0,1.335,,,8,106.1253240857697,106.1253240857697,pobre,basal,3,500.0,689.79999,1.0,35.0,15,14,7095,1,0.0
97,1.0,0.0,1.335,0.0,4.0,8,106.1253240857697,106.1253240857697,pobre,basal,3,500.0,689.79999,1.0,35.0,12,14,7096,4,0.0
98,1.0,0.0,1.335,,,8,106.1253240857697,106.1253240857697,pobre,basal,3,500.0,689.79999,1.0,35.0,13,14,7096,4,0.0
97,1.0,0.0,1.335,,0.0,8,106.1253240857697,106.1253240857697,pobre,basal,3,500.0,689.79999,1.0,35.0,9,14,7097,0,
98,1.0,0.0,1.335,,,8,106.1253240857697,106.1253240857697,pobre,basal,3,500.0,689.79999,1.0,35.0,10,14,7097,0,
97,0.0,0.0,1.335,1.0,4.0,8,106.1253240857697,106.1253240857697,pobre,basal,0,400.0,769.0,1.0,50.0,10,14,7098,4,1.0
98,0.0,0.0,1.335,1.0,5.0,8,106.1253240857697,106.1253240857697,pobre,basal,0,400.0,769.0,1.0,50.0,11,14,7098,4,1.0
97,0.0,0.0,1.335,,0.0,8,106.1253240857697,106.1253240857697,pobre,basal,0,400.0,769.0,1.0,50.0,8,14,7099,0,
98,0.0,0.0,1.335,1.0,1.0,8,106.1253240857697,106.1253240857697,pobre,basal,0,400.0,769.0,1.0,50.0,9,14,7099,0,
97,1.0,0.0,1.335,1.0,1.0,7,106.1253240857697,106.1253240857697,pobre,basal,6,0.0,674.33002,1.0,26.0,9,14,7100,1,1.0
98,1.0,0.0,1.335,1.0,2.0,7,106.1253240857697,106.1253240857697,pobre,basal,6,0.0,674.33002,1.0,26.0,10,14,7100,1,1.0
97,1.0,0.0,1.335,1.0,3.0,7,106.1253240857697,106.1253240857697,pobre,basal,6,0.0,674.33002,1.0,26.0,7,14,7101,3,1.0
98,1.0,0.0,1.335,1.0,1.0,7,106.1253240857697,106.1253240857697,pobre,basal,6,0.0,674.33002,1.0,26.0,8,14,7101,3,1.0
97,0.0,0.0,1.335,,0.0,6,106.1253240857697,106.1253240857697,pobre,basal,4,1000.0,566.0,1.0,34.0,11,14,7102,0,
98,0.0,0.0,1.335,,,6,106.1253240857697,106.1253240857697,pobre,basal,4,1000.0,566.0,1.0,34.0,12,14,7102,0,
97,1.0,0.0,1.335,,0.0,6,106.1253240857697,106.1253240857697,pobre,basal,4,1000.0,566.0,1.0,34.0,9,14,7103,0,
98,1.0,0.0,1.335,,,6,106.1253240857697,106.1253240857697,pobre,basal,4,1000.0,566.0,1.0,34.0,10,14,7103,0,
97,1.0,0.0,1.335,1.0,0.0,5,106.1253240857697,106.1253240857697,pobre,basal,4,0.0,678.0,1.0,29.0,7,14,7104,0,1.0
98,1.0,0.0,1.335,1.0,1.0,5,106.1253240857697,106.1253240857697,pobre,basal,4,0.0,678.0,1.0,29.0,8,14,7104,0,1.0
97,0.0,0.0,1.335,0.0,3.0,6,106.1253240857697,106.1253240857697,pobre,basal,4,720.0,705.0,1.0,32.0,15,14,7105,3,0.0
98,0.0,0.0,1.335,,,6,106.1253240857697,106.1253240857697,pobre,basal,4,720.0,705.0,1.0,32.0,16,14,7105,3,0.0
97,0.0,0.0,1.335,1.0,5.0,8,106.1253240857697,106.1253240857697,pobre,basal,1,400.0,752.66998,1.0,41.0,11,14,7106,5,1.0
98,0.0,0.0,1.335,,,8,106.1253240857697,106.1253240857697,pobre,basal,1,400.0,752.66998,1.0,41.0,12,14,7106,5,1.0
97,0.0,0.0,1.335,1.0,2.0,8,106.1253240857697,106.1253240857697,pobre,basal,1,400.0,752.66998,1.0,41.0,8,14,7107,2,1.0
98,0.0,0.0,1.335,,,8,106.1253240857697,106.1253240857697,pobre,basal,1,400.0,752.66998,1.0,41.0,9,14,7107,2,1.0
97,0.0,0.0,1.335,1.0,3.0,8,106.1253240857697,106.1253240857697,pobre,basal,1,400.0,752.66998,1.0,41.0,7,14,7108,3,1.0
98,0.0,0.0,1.335,,,8,106.1253240857697,106.1253240857697,pobre,basal,1,400.0,752.66998,1.0,41.0,8,14,7108,3,1.0
97,1.0,0.0,1.335,0.0,4.0,4,106.1253240857697,106.1253240857697,pobre,basal,2,60.0,772.0,0.0,46.0,16,14,7109,4,0.0
98,1.0,0.0,1.335,,,4,106.1253240857697,106.1253240857697,pobre,basal,2,60.0,772.0,0.0,46.0,17,14,7109,4,0.0
97,1.0,0.0,1.335,1.0,3.0,4,106.1253240857697,106.1253240857697,pobre,basal,2,60.0,772.0,0.0,46.0,11,14,7110,3,1.0
98,1.0,0.0,1.335,1.0,4.0,4,106.1253240857697,106.1253240857697,pobre,basal,2,60.0,772.0,0.0,46.0,12,14,7110,3,1.0
97,1.0,0.0,1.335,1.0,4.0,6,106.1253240857697,106.1253240857697,pobre,basal,4,1400.0,688.0,1.0,36.0,12,14,7111,4,1.0
98,1.0,0.0,1.335,0.0,5.0,6,106.1253240857697,106.1253240857697,pobre,basal,4,1400.0,688.0,1.0,36.0,13,14,7111,4,1.0
97,1.0,0.0,1.335,1.0,3.0,6,106.1253240857697,106.1253240857697,pobre,basal,4,1400.0,688.0,1.0,36.0,8,14,7112,3,1.0
98,1.0,0.0,1.335,1.0,3.0,6,106.1253240857697,106.1253240857697,pobre,basal,4,1400.0,688.0,1.0,36.0,9,14,7112,3,1.0
97,1.0,0.0,1.335,1.0,0.0,7,106.1253240857697,106.1253240857697,pobre,basal,6,1000.0,670.5,1.0,35.0,6,14,7113,0,1.0
98,1.0,0.0,1.335,1.0,1.0,7,106.1253240857697,106.1253240857697,pobre,basal,6,1000.0,670.5,1.0,35.0,7,14,7113,0,1.0
97,1.0,0.0,1.335,0.0,6.0,7,106.1253240857697,106.1253240857697,pobre,basal,6,1000.0,670.5,1.0,35.0,14,14,7114,6,0.0
98,1.0,0.0,1.335,0.0,6.0,7,106.1253240857697,106.1253240857697,pobre,basal,6,1000.0,670.5,1.0,35.0,15,14,7114,6,0.0
97,1.0,0.0,1.335,0.0,2.0,5,106.1253240857697,106.1253240857697,pobre,basal,0,250.0,738.5,0.0,57.0,16,14,7115,2,0.0
98,1.0,0.0,1.335,,,5,106.1253240857697,106.1253240857697,pobre,basal,0,250.0,738.5,0.0,57.0,17,14,7115,2,0.0
97,1.0,0.0,1.335,0.0,2.0,5,106.1253240857697,106.1253240857697,pobre,basal,0,250.0,738.5,0.0,57.0,11,14,7116,2,0.0
98,1.0,0.0,1.335,,,5,106.1253240857697,106.1253240857697,pobre,basal,0,250.0,738.5,0.0,57.0,12,14,7116,2,0.0
97,1.0,0.0,1.335,0.0,6.0,9,106.1253240857697,106.1253240857697,pobre,basal,3,375.0,564.0,1.0,43.0,14,14,7117,6,0.0
98,1.0,0.0,1.335,0.0,6.0,9,106.1253240857697,106.1253240857697,pobre,basal,3,375.0,564.0,1.0,43.0,15,14,7117,6,0.0
97,1.0,0.0,1.335,0.0,6.0,9,106.1253240857697,106.1253240857697,pobre,basal,3,375.0,564.0,1.0,43.0,12,14,7118,6,0.0
98,1.0,0.0,1.335,0.0,6.0,9,106.1253240857697,106.1253240857697,pobre,basal,3,375.0,564.0,1.0,43.0,13,14,7118,6,0.0
97,0.0,0.0,1.335,1.0,4.0,9,106.1253240857697,106.1253240857697,pobre,basal,3,375.0,564.0,1.0,43.0,10,14,7119,4,1.0
98,0.0,0.0,1.335,1.0,5.0,9,106.1253240857697,106.1253240857697,pobre,basal,3,375.0,564.0,1.0,43.0,11,14,7119,4,1.0
97,0.0,0.0,1.335,,0.0,9,106.1253240857697,106.1253240857697,pobre,basal,3,375.0,564.0,1.0,43.0,8,14,7120,0,
98,0.0,0.0,1.335,,,9,106.1253240857697,106.1253240857697,pobre,basal,3,375.0,564.0,1.0,43.0,9,14,7120,0,
97,1.0,0.0,1.335,,0.0,9,106.1253240857697,106.1253240857697,pobre,basal,3,375.0,564.0,1.0,43.0,6,14,7121,0,
98,1.0,0.0,1.335,,,9,106.1253240857697,106.1253240857697,pobre,basal,3,375.0,564.0,1.0,43.0,7,14,7121,0,
97,1.0,0.0,1.335,0.0,4.0,5,106.1253240857697,106.1253240857697,pobre,basal,2,750.0,743.66998,1.0,50.0,15,14,7122,4,0.0
98,1.0,0.0,1.335,0.0,4.0,5,106.1253240857697,106.1253240857697,pobre,basal,2,750.0,743.66998,1.0,50.0,16,14,7122,4,0.0
97,1.0,0.0,1.335,1.0,5.0,5,106.1253240857697,106.1253240857697,pobre,basal,2,750.0,743.66998,1.0,50.0,13,14,7123,5,1.0
98,1.0,0.0,1.335,0.0,5.0,5,106.1253240857697,106.1253240857697,pobre,basal,2,750.0,743.66998,1.0,50.0,14,14,7123,5,1.0
97,1.0,0.0,1.335,0.0,6.0,9,106.1253240857697,106.1253240857697,pobre,basal,2,1250.0,682.5,1.0,40.0,16,14,7124,6,0.0
98,1.0,0.0,1.335,,,9,106.1253240857697,106.1253240857697,pobre,basal,2,1250.0,682.5,1.0,40.0,17,14,7124,6,0.0
97,0.0,0.0,1.335,1.0,3.0,9,106.1253240857697,106.1253240857697,pobre,basal,2,1250.0,682.5,1.0,40.0,13,14,7125,3,1.0
98,0.0,0.0,1.335,0.0,2.0,9,106.1253240857697,106.1253240857697,pobre,basal,2,1250.0,682.5,1.0,40.0,14,14,7125,3,1.0
97,1.0,0.0,1.335,1.0,1.0,9,106.1253240857697,106.1253240857697,pobre,basal,2,1250.0,682.5,1.0,40.0,8,14,7126,1,1.0
98,1.0,0.0,1.335,1.0,1.0,9,106.1253240857697,106.1253240857697,pobre,basal,2,1250.0,682.5,1.0,40.0,9,14,7126,1,1.0
97,1.0,0.0,1.335,1.0,3.0,8,106.1253240857697,106.1253240857697,pobre,basal,0,875.0,663.46997,1.0,65.0,11,14,7127,3,1.0
98,1.0,0.0,1.335,1.0,4.0,8,106.1253240857697,106.1253240857697,pobre,basal,0,875.0,663.46997,1.0,65.0,12,14,7127,3,1.0
97,1.0,0.0,1.335,1.0,1.0,8,106.1253240857697,106.1253240857697,pobre,basal,0,875.0,663.46997,1.0,65.0,8,14,7128,1,1.0
98,1.0,0.0,1.335,1.0,2.0,8,106.1253240857697,106.1253240857697,pobre,basal,0,875.0,663.46997,1.0,65.0,9,14,7128,1,1.0
97,1.0,0.0,1.335,0.0,6.0,6,106.1253240857697,106.1253240857697,pobre,basal,3,1200.0,706.0,1.0,34.0,15,14,7129,6,0.0
98,1.0,0.0,1.335,,,6,106.1253240857697,106.1253240857697,pobre,basal,3,1200.0,706.0,1.0,34.0,16,14,7129,6,0.0
97,1.0,0.0,1.335,1.0,2.0,6,106.1253240857697,106.1253240857697,pobre,basal,3,1200.0,706.0,1.0,34.0,10,14,7130,2,1.0
98,1.0,0.0,1.335,,,6,106.1253240857697,106.1253240857697,pobre,basal,3,1200.0,706.0,1.0,34.0,11,14,7130,2,1.0
97,0.0,0.0,1.335,0.0,2.0,7,106.1253240857697,106.1253240857697,pobre,basal,0,800.0,645.0,1.0,35.0,15,14,7131,2,0.0
98,0.0,0.0,1.335,,,7,106.1253240857697,106.1253240857697,pobre,basal,0,800.0,645.0,1.0,35.0,16,14,7131,2,0.0
97,0.0,0.0,1.335,0.0,2.0,7,106.1253240857697,106.1253240857697,pobre,basal,0,800.0,645.0,1.0,35.0,12,14,7132,2,0.0
98,0.0,0.0,1.335,,,7,106.1253240857697,106.1253240857697,pobre,basal,0,800.0,645.0,1.0,35.0,13,14,7132,2,0.0
97,1.0,0.0,1.335,1.0,1.0,7,106.1253240857697,106.1253240857697,pobre,basal,0,800.0,645.0,1.0,35.0,9,14,7133,1,1.0
98,1.0,0.0,1.335,,,7,106.1253240857697,106.1253240857697,pobre,basal,0,800.0,645.0,1.0,35.0,10,14,7133,1,1.0
97,1.0,0.0,1.335,1.0,2.0,5,106.1253240857697,106.1253240857697,pobre,basal,2,750.0,717.96997,1.0,49.0,8,14,7134,2,1.0
98,1.0,0.0,1.335,1.0,2.0,5,106.1253240857697,106.1253240857697,pobre,basal,2,750.0,717.96997,1.0,49.0,9,14,7134,2,1.0
97,0.0,0.0,1.335,0.0,3.0,6,106.1253240857697,106.1253240857697,pobre,basal,1,800.0,709.0,1.0,36.0,12,14,7135,3,0.0
98,0.0,0.0,1.335,0.0,3.0,6,106.1253240857697,106.1253240857697,pobre,basal,1,800.0,709.0,1.0,36.0,13,14,7135,3,0.0
97,1.0,0.0,1.335,1.0,1.0,6,106.1253240857697,106.1253240857697,pobre,basal,1,800.0,709.0,1.0,36.0,8,14,7136,1,1.0
98,1.0,0.0,1.335,1.0,2.0,6,106.1253240857697,106.1253240857697,pobre,basal,1,800.0,709.0,1.0,36.0,9,14,7136,1,1.0
97,1.0,0.0,1.335,1.0,0.0,6,106.1253240857697,106.1253240857697,pobre,basal,1,800.0,709.0,1.0,36.0,6,14,7137,0,1.0
98,1.0,0.0,1.335,,,6,106.1253240857697,106.1253240857697,pobre,basal,1,800.0,709.0,1.0,36.0,7,14,7137,0,1.0
97,1.0,0.0,1.335,0.0,1.0,11,106.1253240857697,106.1253240857697,pobre,basal,0,750.0,666.25,1.0,46.0,15,14,7138,1,0.0
98,1.0,0.0,1.335,,,11,106.1253240857697,106.1253240857697,pobre,basal,0,750.0,666.25,1.0,46.0,16,14,7138,1,0.0
97,1.0,0.0,1.335,0.0,1.0,11,106.1253240857697,106.1253240857697,pobre,basal,0,750.0,666.25,1.0,46.0,14,14,7139,1,0.0
98,1.0,0.0,1.335,,,11,106.1253240857697,106.1253240857697,pobre,basal,0,750.0,666.25,1.0,46.0,15,14,7139,1,0.0
97,1.0,0.0,1.335,,0.0,11,106.1253240857697,106.1253240857697,pobre,basal,0,750.0,666.25,1.0,46.0,12,14,7140,0,
98,1.0,0.0,1.335,,,11,106.1253240857697,106.1253240857697,pobre,basal,0,750.0,666.25,1.0,46.0,13,14,7140,0,
97,1.0,0.0,1.335,1.0,1.0,11,106.1253240857697,106.1253240857697,pobre,basal,0,750.0,666.25,1.0,46.0,10,14,7141,1,1.0
98,1.0,0.0,1.335,,,11,106.1253240857697,106.1253240857697,pobre,basal,0,750.0,666.25,1.0,46.0,11,14,7141,1,1.0
97,0.0,0.0,1.335,,0.0,11,106.1253240857697,106.1253240857697,pobre,basal,0,750.0,666.25,1.0,46.0,6,14,7142,0,
98,0.0,0.0,1.335,,,11,106.1253240857697,106.1253240857697,pobre,basal,0,750.0,666.25,1.0,46.0,7,14,7142,0,
97,0.0,0.0,1.335,,0.0,11,106.1253240857697,106.1253240857697,pobre,basal,0,750.0,666.25,1.0,46.0,15,14,7143,0,
98,0.0,0.0,1.335,,,11,106.1253240857697,106.1253240857697,pobre,basal,0,750.0,666.25,1.0,46.0,16,14,7143,0,
97,1.0,0.0,1.335,1.0,1.0,7,106.1253240857697,106.1253240857697,pobre,basal,0,0.0,672.46997,1.0,64.0,7,14,7144,1,1.0
98,1.0,0.0,1.335,1.0,2.0,7,106.1253240857697,106.1253240857697,pobre,basal,0,0.0,672.46997,1.0,64.0,8,14,7144,1,1.0
97,0.0,0.0,1.335,,0.0,7,106.1253240857697,106.1253240857697,pobre,basal,0,0.0,672.46997,1.0,64.0,6,14,7145,0,
98,0.0,0.0,1.335,1.0,1.0,7,106.1253240857697,106.1253240857697,pobre,basal,0,0.0,672.46997,1.0,64.0,7,14,7145,0,
97,0.0,0.0,1.335,0.0,6.0,7,106.1253240857697,106.1253240857697,pobre,basal,3,0.0,670.0,1.0,41.0,13,14,7146,6,0.0
98,0.0,0.0,1.335,0.0,6.0,7,106.1253240857697,106.1253240857697,pobre,basal,3,0.0,670.0,1.0,41.0,14,14,7146,6,0.0
97,0.0,0.0,1.335,1.0,3.0,7,106.1253240857697,106.1253240857697,pobre,basal,3,0.0,670.0,1.0,41.0,9,14,7147,3,1.0
98,0.0,0.0,1.335,1.0,3.0,7,106.1253240857697,106.1253240857697,pobre,basal,3,0.0,670.0,1.0,41.0,10,14,7147,3,1.0
97,1.0,0.0,1.335,,0.0,7,106.1253240857697,106.1253240857697,pobre,basal,0,1000.0,690.5,1.0,57.0,15,14,7148,0,
98,1.0,0.0,1.335,,,7,106.1253240857697,106.1253240857697,pobre,basal,0,1000.0,690.5,1.0,57.0,16,14,7148,0,
97,1.0,0.0,1.335,0.0,6.0,7,106.1253240857697,106.1253240857697,pobre,basal,0,1000.0,690.5,1.0,57.0,12,14,7149,6,0.0
98,1.0,0.0,1.335,0.0,6.0,7,106.1253240857697,106.1253240857697,pobre,basal,0,1000.0,690.5,1.0,57.0,13,14,7149,6,0.0
97,1.0,0.0,1.335,,0.0,7,106.1253240857697,106.1253240857697,pobre,basal,0,1000.0,690.5,1.0,57.0,10,14,7150,0,
98,1.0,0.0,1.335,1.0,1.0,7,106.1253240857697,106.1253240857697,pobre,basal,0,1000.0,690.5,1.0,57.0,11,14,7150,0,
97,0.0,0.0,1.335,,0.0,7,106.1253240857697,106.1253240857697,pobre,basal,0,500.0,634.0,1.0,36.0,15,14,7151,0,
98,0.0,0.0,1.335,0.0,1.0,7,106.1253240857697,106.1253240857697,pobre,basal,0,500.0,634.0,1.0,36.0,16,14,7151,0,
97,1.0,0.0,1.335,,0.0,7,106.1253240857697,106.1253240857697,pobre,basal,0,500.0,634.0,1.0,36.0,12,14,7152,0,
98,1.0,0.0,1.335,1.0,5.0,7,106.1253240857697,106.1253240857697,pobre,basal,0,500.0,634.0,1.0,36.0,13,14,7152,0,
97,1.0,0.0,1.335,,0.0,7,106.1253240857697,106.1253240857697,pobre,basal,0,500.0,634.0,1.0,36.0,9,14,7153,0,
98,1.0,0.0,1.335,1.0,0.0,7,106.1253240857697,106.1253240857697,pobre,basal,0,500.0,634.0,1.0,36.0,10,14,7153,0,
97,0.0,0.0,1.335,,0.0,7,106.1253240857697,106.1253240857697,pobre,basal,0,500.0,634.0,1.0,36.0,6,14,7154,0,
98,0.0,0.0,1.335,1.0,0.0,7,106.1253240857697,106.1253240857697,pobre,basal,0,500.0,634.0,1.0,36.0,7,14,7154,0,
97,1.0,0.0,1.335,1.0,2.0,7,106.1253240857697,106.1253240857697,pobre,basal,1,900.0,590.0,1.0,29.0,11,14,7155,2,1.0
98,1.0,0.0,1.335,1.0,3.0,7,106.1253240857697,106.1253240857697,pobre,basal,1,900.0,590.0,1.0,29.0,12,14,7155,2,1.0
97,0.0,0.0,1.335,1.0,1.0,7,106.1253240857697,106.1253240857697,pobre,basal,1,900.0,590.0,1.0,29.0,8,14,7156,1,1.0
98,0.0,0.0,1.335,1.0,1.0,7,106.1253240857697,106.1253240857697,pobre,basal,1,900.0,590.0,1.0,29.0,9,14,7156,1,1.0
97,1.0,0.0,1.335,1.0,5.0,6,106.1253240857697,106.1253240857697,pobre,basal,6,0.0,639.0,1.0,37.0,9,14,7157,5,1.0
98,1.0,0.0,1.335,1.0,6.0,6,106.1253240857697,106.1253240857697,pobre,basal,6,0.0,639.0,1.0,37.0,10,14,7157,5,1.0
97,0.0,0.0,1.335,1.0,1.0,6,106.1253240857697,106.1253240857697,pobre,basal,6,0.0,639.0,1.0,37.0,8,14,7158,1,1.0
98,0.0,0.0,1.335,1.0,2.0,6,106.1253240857697,106.1253240857697,pobre,basal,6,0.0,639.0,1.0,37.0,9,14,7158,1,1.0
97,0.0,0.0,1.335,,0.0,4,106.1253240857697,106.1253240857697,pobre,basal,0,0.0,758.0,1.0,76.0,15,14,7159,0,
98,0.0,0.0,1.335,,,4,106.1253240857697,106.1253240857697,pobre,basal,0,0.0,758.0,1.0,76.0,16,14,7159,0,
97,1.0,0.0,1.335,1.0,5.0,4,106.1253240857697,106.1253240857697,pobre,basal,0,0.0,758.0,1.0,76.0,13,14,7160,5,1.0
98,1.0,0.0,1.335,0.0,6.0,4,106.1253240857697,106.1253240857697,pobre,basal,0,0.0,758.0,1.0,76.0,14,14,7160,5,1.0
97,0.0,0.0,1.335,0.0,6.0,5,106.1253240857697,106.1253240857697,pobre,basal,0,0.0,733.75,1.0,55.0,15,14,7161,6,0.0
98,0.0,0.0,1.335,0.0,6.0,5,106.1253240857697,106.1253240857697,pobre,basal,0,0.0,733.75,1.0,55.0,16,14,7161,6,0.0
97,1.0,0.0,1.335,1.0,1.0,5,106.1253240857697,106.1253240857697,pobre,basal,0,0.0,733.75,1.0,55.0,7,14,7162,1,1.0
98,1.0,0.0,1.335,1.0,2.0,5,106.1253240857697,106.1253240857697,pobre,basal,0,0.0,733.75,1.0,55.0,8,14,7162,1,1.0
97,0.0,0.0,1.335,,0.0,5,106.1253240857697,106.1253240857697,pobre,basal,2,750.0,584.14001,1.0,40.0,11,14,7163,0,
98,0.0,0.0,1.335,1.0,5.0,5,106.1253240857697,106.1253240857697,pobre,basal,2,750.0,584.14001,1.0,40.0,12,14,7163,0,
97,0.0,0.0,1.335,,0.0,5,106.1253240857697,106.1253240857697,pobre,basal,2,750.0,584.14001,1.0,40.0,8,14,7164,0,
98,0.0,0.0,1.335,1.0,2.0,5,106.1253240857697,106.1253240857697,pobre,basal,2,750.0,584.14001,1.0,40.0,9,14,7164,0,
97,0.0,0.0,1.335,1.0,2.0,8,106.1253240857697,106.1253240857697,pobre,basal,0,40.0,727.27002,0.0,71.0,10,14,7165,2,1.0
98,0.0,0.0,1.335,,,8,106.1253240857697,106.1253240857697,pobre,basal,0,40.0,727.27002,0.0,71.0,11,14,7165,2,1.0
97,0.0,0.0,1.335,1.0,3.0,8,106.1253240857697,106.1253240857697,pobre,basal,0,40.0,727.27002,0.0,71.0,7,14,7166,3,1.0
98,0.0,0.0,1.335,,,8,106.1253240857697,106.1253240857697,pobre,basal,0,40.0,727.27002,0.0,71.0,8,14,7166,3,1.0
97,1.0,0.0,1.335,,0.0,8,106.1253240857697,106.1253240857697,pobre,basal,0,40.0,727.27002,0.0,71.0,6,14,7167,0,
98,1.0,0.0,1.335,,,8,106.1253240857697,106.1253240857697,pobre,basal,0,40.0,727.27002,0.0,71.0,7,14,7167,0,
97,0.0,0.0,1.335,,0.0,8,106.1253240857697,106.1253240857697,pobre,basal,0,40.0,727.27002,0.0,71.0,6,14,7168,0,
98,0.0,0.0,1.335,,,8,106.1253240857697,106.1253240857697,pobre,basal,0,40.0,727.27002,0.0,71.0,7,14,7168,0,
97,1.0,0.0,1.335,0.0,9.0,7,106.1253240857697,106.1253240857697,pobre,basal,1,1200.0,720.16998,1.0,55.0,16,14,7169,9,0.0
98,1.0,0.0,1.335,,,7,106.1253240857697,106.1253240857697,pobre,basal,1,1200.0,720.16998,1.0,55.0,17,14,7169,9,0.0
97,0.0,0.0,1.335,0.0,3.0,7,106.1253240857697,106.1253240857697,pobre,basal,1,1200.0,720.16998,1.0,55.0,16,14,7170,3,0.0
98,0.0,0.0,1.335,,,7,106.1253240857697,106.1253240857697,pobre,basal,1,1200.0,720.16998,1.0,55.0,17,14,7170,3,0.0
97,0.0,0.0,1.335,0.0,3.0,7,106.1253240857697,106.1253240857697,pobre,basal,1,1200.0,720.16998,1.0,55.0,13,14,7171,3,0.0
98,0.0,0.0,1.335,0.0,4.0,7,106.1253240857697,106.1253240857697,pobre,basal,1,1200.0,720.16998,1.0,55.0,14,14,7171,3,0.0
97,1.0,0.0,1.335,1.0,2.0,7,106.1253240857697,106.1253240857697,pobre,basal,1,1200.0,720.16998,1.0,55.0,7,14,7172,2,1.0
98,1.0,0.0,1.335,1.0,3.0,7,106.1253240857697,106.1253240857697,pobre,basal,1,1200.0,720.16998,1.0,55.0,8,14,7172,2,1.0
97,1.0,0.0,1.335,,6.0,6,106.1253240857697,106.1253240857697,pobre,basal,0,0.0,767.5,1.0,51.0,12,14,7173,6,
98,1.0,0.0,1.335,0.0,6.0,6,106.1253240857697,106.1253240857697,pobre,basal,0,0.0,767.5,1.0,51.0,13,14,7173,6,
97,1.0,0.0,1.335,0.0,5.0,5,106.1253240857697,106.1253240857697,pobre,basal,2,0.0,730.46997,1.0,56.0,16,14,7174,5,0.0
98,1.0,0.0,1.335,,,5,106.1253240857697,106.1253240857697,pobre,basal,2,0.0,730.46997,1.0,56.0,17,14,7174,5,0.0
97,1.0,0.0,1.335,,0.0,5,106.1253240857697,106.1253240857697,pobre,basal,2,0.0,730.46997,1.0,56.0,13,14,7175,0,
98,1.0,0.0,1.335,,,5,106.1253240857697,106.1253240857697,pobre,basal,2,0.0,730.46997,1.0,56.0,14,14,7175,0,
97,1.0,0.0,1.335,0.0,9.0,6,106.1253240857697,106.1253240857697,no pobre,basal,2,0.0,816.5,1.0,62.0,16,14,7176,9,0.0
98,1.0,0.0,1.335,,,6,106.1253240857697,106.1253240857697,no pobre,basal,2,0.0,816.5,1.0,62.0,17,14,7176,9,0.0
97,0.0,0.0,1.335,1.0,6.0,6,106.1253240857697,106.1253240857697,no pobre,basal,2,0.0,816.5,1.0,62.0,11,14,7177,6,1.0
98,0.0,0.0,1.335,1.0,6.0,6,106.1253240857697,106.1253240857697,no pobre,basal,2,0.0,816.5,1.0,62.0,12,14,7177,6,1.0
97,1.0,0.0,1.335,1.0,1.0,6,106.1253240857697,106.1253240857697,no pobre,basal,2,0.0,816.5,1.0,62.0,7,14,7178,1,1.0
98,1.0,0.0,1.335,1.0,2.0,6,106.1253240857697,106.1253240857697,no pobre,basal,2,0.0,816.5,1.0,62.0,8,14,7178,1,1.0
97,1.0,0.0,1.335,1.0,3.0,6,106.1253240857697,106.1253240857697,pobre,basal,0,280.0,773.59998,1.0,24.0,15,14,7179,3,1.0
98,1.0,0.0,1.335,,,6,106.1253240857697,106.1253240857697,pobre,basal,0,280.0,773.59998,1.0,24.0,16,14,7179,3,1.0
97,0.0,0.0,1.335,0.0,0.0,9,106.1253240857697,106.1253240857697,pobre,basal,3,240.0,685.40002,1.0,50.0,10,14,7180,0,0.0
98,0.0,0.0,1.335,1.0,3.0,9,106.1253240857697,106.1253240857697,pobre,basal,3,240.0,685.40002,1.0,50.0,11,14,7180,0,0.0
97,1.0,0.0,1.335,1.0,3.0,5,106.1253240857697,106.1253240857697,pobre,basal,3,750.0,699.5,1.0,32.0,11,14,7181,3,1.0
98,1.0,0.0,1.335,1.0,4.0,5,106.1253240857697,106.1253240857697,pobre,basal,3,750.0,699.5,1.0,32.0,12,14,7181,3,1.0
97,1.0,0.0,1.335,0.0,6.0,4,106.1253240857697,106.1253240857697,no pobre,basal,5,500.0,757.0,1.0,33.0,15,14,7182,6,0.0
98,1.0,0.0,1.335,0.0,6.0,4,106.1253240857697,106.1253240857697,no pobre,basal,5,500.0,757.0,1.0,33.0,16,14,7182,6,0.0
97,0.0,0.0,1.335,0.0,5.0,7,106.1253240857697,106.1253240857697,pobre,basal,6,1200.0,711.5,1.0,38.0,13,14,7183,5,0.0
98,0.0,0.0,1.335,0.0,5.0,7,106.1253240857697,106.1253240857697,pobre,basal,6,1200.0,711.5,1.0,38.0,14,14,7183,5,0.0
97,1.0,0.0,1.335,1.0,3.0,7,106.1253240857697,106.1253240857697,pobre,basal,6,1200.0,711.5,1.0,38.0,9,14,7184,3,1.0
98,1.0,0.0,1.335,1.0,4.0,7,106.1253240857697,106.1253240857697,pobre,basal,6,1200.0,711.5,1.0,38.0,10,14,7184,3,1.0
97,0.0,0.0,1.335,1.0,1.0,7,106.1253240857697,106.1253240857697,pobre,basal,6,1200.0,711.5,1.0,38.0,8,14,7185,1,1.0
98,0.0,0.0,1.335,1.0,2.0,7,106.1253240857697,106.1253240857697,pobre,basal,6,1200.0,711.5,1.0,38.0,9,14,7185,1,1.0
97,1.0,0.0,1.335,0.0,6.0,9,106.1253240857697,106.1253240857697,pobre,basal,3,0.0,684.40002,1.0,40.0,16,14,7186,6,0.0
98,1.0,0.0,1.335,,,9,106.1253240857697,106.1253240857697,pobre,basal,3,0.0,684.40002,1.0,40.0,17,14,7186,6,0.0
97,0.0,0.0,1.335,0.0,6.0,9,106.1253240857697,106.1253240857697,pobre,basal,3,0.0,684.40002,1.0,40.0,13,14,7187,6,0.0
98,0.0,0.0,1.335,0.0,6.0,9,106.1253240857697,106.1253240857697,pobre,basal,3,0.0,684.40002,1.0,40.0,14,14,7187,6,0.0
97,0.0,0.0,1.335,0.0,6.0,9,106.1253240857697,106.1253240857697,pobre,basal,3,0.0,684.40002,1.0,40.0,12,14,7188,6,0.0
98,0.0,0.0,1.335,,,9,106.1253240857697,106.1253240857697,pobre,basal,3,0.0,684.40002,1.0,40.0,13,14,7188,6,0.0
97,0.0,0.0,1.335,1.0,3.0,9,106.1253240857697,106.1253240857697,pobre,basal,3,0.0,684.40002,1.0,40.0,10,14,7189,3,1.0
98,0.0,0.0,1.335,1.0,4.0,9,106.1253240857697,106.1253240857697,pobre,basal,3,0.0,684.40002,1.0,40.0,11,14,7189,3,1.0
97,1.0,0.0,1.335,0.0,6.0,8,106.1253240857697,106.1253240857697,pobre,basal,3,625.0,681.0,1.0,48.0,14,14,7190,6,0.0
98,1.0,0.0,1.335,0.0,6.0,8,106.1253240857697,106.1253240857697,pobre,basal,3,625.0,681.0,1.0,48.0,15,14,7190,6,0.0
97,1.0,0.0,1.335,0.0,6.0,8,106.1253240857697,106.1253240857697,pobre,basal,3,625.0,681.0,1.0,48.0,14,14,7191,6,0.0
98,1.0,0.0,1.335,0.0,6.0,8,106.1253240857697,106.1253240857697,pobre,basal,3,625.0,681.0,1.0,48.0,15,14,7191,6,0.0
97,0.0,0.0,1.335,0.0,4.0,8,106.1253240857697,106.1253240857697,pobre,basal,3,625.0,681.0,1.0,48.0,12,14,7192,4,0.0
98,0.0,0.0,1.335,1.0,5.0,8,106.1253240857697,106.1253240857697,pobre,basal,3,625.0,681.0,1.0,48.0,13,14,7192,4,0.0
97,0.0,0.0,1.335,,0.0,5,106.1253240857697,106.1253240857697,pobre,basal,6,960.0,719.0,1.0,25.0,7,14,7193,0,
98,0.0,0.0,1.335,,,5,106.1253240857697,106.1253240857697,pobre,basal,6,960.0,719.0,1.0,25.0,8,14,7193,0,
97,0.0,0.0,1.335,1.0,0.0,5,106.1253240857697,106.1253240857697,pobre,basal,6,960.0,719.0,1.0,25.0,6,14,7194,0,1.0
98,0.0,0.0,1.335,1.0,1.0,5,106.1253240857697,106.1253240857697,pobre,basal,6,960.0,719.0,1.0,25.0,7,14,7194,0,1.0
97,1.0,0.0,1.335,1.0,3.0,8,106.1253240857697,106.1253240857697,pobre,basal,3,640.0,731.0,1.0,55.0,9,14,7195,3,1.0
98,1.0,0.0,1.335,1.0,4.0,8,106.1253240857697,106.1253240857697,pobre,basal,3,640.0,731.0,1.0,55.0,10,14,7195,3,1.0
97,0.0,0.0,1.335,1.0,2.0,8,106.1253240857697,106.1253240857697,pobre,basal,3,640.0,731.0,1.0,55.0,8,14,7196,2,1.0
98,0.0,0.0,1.335,1.0,3.0,8,106.1253240857697,106.1253240857697,pobre,basal,3,640.0,731.0,1.0,55.0,9,14,7196,2,1.0
97,1.0,0.0,1.335,1.0,5.0,8,106.1253240857697,106.1253240857697,no pobre,basal,2,1200.0,797.33002,1.0,44.0,11,14,7197,5,1.0
98,1.0,0.0,1.335,1.0,6.0,8,106.1253240857697,106.1253240857697,no pobre,basal,2,1200.0,797.33002,1.0,44.0,12,14,7197,5,1.0
97,0.0,0.0,1.335,0.0,4.0,8,106.1253240857697,106.1253240857697,pobre,basal,3,300.0,744.33002,1.0,28.0,14,14,7198,4,0.0
98,0.0,0.0,1.335,0.0,4.0,8,106.1253240857697,106.1253240857697,pobre,basal,3,300.0,744.33002,1.0,28.0,15,14,7198,4,0.0
97,1.0,0.0,1.335,0.0,4.0,8,106.1253240857697,106.1253240857697,pobre,basal,3,300.0,744.33002,1.0,28.0,16,14,7199,4,0.0
98,1.0,0.0,1.335,,,8,106.1253240857697,106.1253240857697,pobre,basal,3,300.0,744.33002,1.0,28.0,17,14,7199,4,0.0
97,1.0,0.0,1.335,1.0,1.0,6,106.1253240857697,106.1253240857697,pobre,basal,5,660.0,690.0,1.0,25.0,7,14,7200,1,1.0
98,1.0,0.0,1.335,1.0,1.0,6,106.1253240857697,106.1253240857697,pobre,basal,5,660.0,690.0,1.0,25.0,8,14,7200,1,1.0
97,0.0,0.0,1.335,0.0,6.0,2,106.1253240857697,106.1253240857697,pobre,basal,0,375.0,828.0,1.0,43.0,15,14,7201,6,0.0
98,0.0,0.0,1.335,0.0,6.0,2,106.1253240857697,106.1253240857697,pobre,basal,0,375.0,828.0,1.0,43.0,16,14,7201,6,0.0
97,0.0,0.0,1.335,,0.0,5,106.1253240857697,106.1253240857697,pobre,basal,0,375.0,581.66998,1.0,35.0,9,14,7202,0,
98,0.0,0.0,1.335,1.0,3.0,5,106.1253240857697,106.1253240857697,pobre,basal,0,375.0,581.66998,1.0,35.0,10,14,7202,0,
97,1.0,0.0,3.7880001,1.0,8.0,6,111.2286118339145,111.2286118339145,pobre,basal,1,625.0,727.0,1.0,46.0,13,38,7203,8,1.0
98,1.0,0.0,3.7880001,1.0,9.0,6,111.2286118339145,111.2286118339145,pobre,basal,1,625.0,727.0,1.0,46.0,14,38,7203,8,1.0
97,1.0,0.0,3.7880001,1.0,7.0,6,111.2286118339145,111.2286118339145,pobre,basal,1,625.0,727.0,1.0,46.0,12,38,7204,7,1.0
98,1.0,0.0,3.7880001,1.0,8.0,6,111.2286118339145,111.2286118339145,pobre,basal,1,625.0,727.0,1.0,46.0,13,38,7204,7,1.0
97,1.0,0.0,3.7880001,1.0,6.0,6,111.2286118339145,111.2286118339145,pobre,basal,1,625.0,727.0,1.0,46.0,11,38,7205,6,1.0
98,1.0,0.0,3.7880001,1.0,7.0,6,111.2286118339145,111.2286118339145,pobre,basal,1,625.0,727.0,1.0,46.0,12,38,7205,6,1.0
97,1.0,0.0,3.7880001,1.0,3.0,6,111.2286118339145,111.2286118339145,pobre,basal,1,625.0,727.0,1.0,46.0,8,38,7206,3,1.0
98,1.0,0.0,3.7880001,1.0,4.0,6,111.2286118339145,111.2286118339145,pobre,basal,1,625.0,727.0,1.0,46.0,9,38,7206,3,1.0
97,0.0,0.0,3.7880001,1.0,9.0,5,111.2286118339145,111.2286118339145,no pobre,basal,2,1000.0,867.0,1.0,44.0,14,38,7207,9,1.0
98,0.0,0.0,3.7880001,0.0,9.0,5,111.2286118339145,111.2286118339145,no pobre,basal,2,1000.0,867.0,1.0,44.0,15,38,7207,9,1.0
97,0.0,0.0,3.7880001,1.0,6.0,5,111.2286118339145,111.2286118339145,no pobre,basal,2,1000.0,867.0,1.0,44.0,11,38,7208,6,1.0
98,0.0,0.0,3.7880001,1.0,7.0,5,111.2286118339145,111.2286118339145,no pobre,basal,2,1000.0,867.0,1.0,44.0,12,38,7208,6,1.0
97,1.0,0.0,3.7880001,1.0,4.0,5,111.2286118339145,111.2286118339145,no pobre,basal,2,1000.0,867.0,1.0,44.0,9,38,7209,4,1.0
98,1.0,0.0,3.7880001,1.0,5.0,5,111.2286118339145,111.2286118339145,no pobre,basal,2,1000.0,867.0,1.0,44.0,10,38,7209,4,1.0
97,0.0,1.0,3.7880001,1.0,6.0,9,111.2286118339145,111.2286118339145,pobre,basal,3,500.0,540.0,1.0,41.0,14,38,7210,6,1.0
98,0.0,1.0,3.7880001,0.0,6.0,9,111.2286118339145,111.2286118339145,pobre,basal,3,500.0,540.0,1.0,41.0,15,38,7210,6,1.0
97,0.0,1.0,3.7880001,1.0,5.0,9,111.2286118339145,111.2286118339145,pobre,basal,3,500.0,540.0,1.0,41.0,11,38,7211,5,1.0
98,0.0,1.0,3.7880001,1.0,6.0,9,111.2286118339145,111.2286118339145,pobre,basal,3,500.0,540.0,1.0,41.0,12,38,7211,5,1.0
97,1.0,1.0,3.7880001,1.0,3.0,9,111.2286118339145,111.2286118339145,pobre,basal,3,500.0,540.0,1.0,41.0,9,38,7212,3,1.0
98,1.0,1.0,3.7880001,1.0,3.0,9,111.2286118339145,111.2286118339145,pobre,basal,3,500.0,540.0,1.0,41.0,10,38,7212,3,1.0
97,1.0,1.0,3.7880001,1.0,2.0,9,111.2286118339145,111.2286118339145,pobre,basal,3,500.0,540.0,1.0,41.0,7,38,7213,2,1.0
98,1.0,1.0,3.7880001,1.0,2.0,9,111.2286118339145,111.2286118339145,pobre,basal,3,500.0,540.0,1.0,41.0,8,38,7213,2,1.0
97,1.0,1.0,3.7880001,1.0,5.0,5,111.2286118339145,111.2286118339145,pobre,basal,6,500.0,806.0,1.0,37.0,12,38,7214,5,1.0
98,1.0,1.0,3.7880001,1.0,6.0,5,111.2286118339145,111.2286118339145,pobre,basal,6,500.0,806.0,1.0,37.0,13,38,7214,5,1.0
97,1.0,1.0,3.7880001,1.0,3.0,5,111.2286118339145,111.2286118339145,pobre,basal,6,500.0,806.0,1.0,37.0,7,38,7215,3,1.0
98,1.0,1.0,3.7880001,1.0,4.0,5,111.2286118339145,111.2286118339145,pobre,basal,6,500.0,806.0,1.0,37.0,8,38,7215,3,1.0
97,0.0,1.0,3.7880001,1.0,1.0,5,111.2286118339145,111.2286118339145,pobre,basal,6,500.0,806.0,1.0,37.0,6,38,7216,1,1.0
98,0.0,1.0,3.7880001,1.0,1.0,5,111.2286118339145,111.2286118339145,pobre,basal,6,500.0,806.0,1.0,37.0,7,38,7216,1,1.0
97,0.0,1.0,3.7880001,0.0,6.0,6,111.2286118339145,111.2286118339145,pobre,basal,6,750.0,831.0,1.0,52.0,15,38,7217,6,0.0
98,0.0,1.0,3.7880001,,,6,111.2286118339145,111.2286118339145,pobre,basal,6,750.0,831.0,1.0,52.0,16,38,7217,6,0.0
97,0.0,1.0,3.7880001,0.0,6.0,6,111.2286118339145,111.2286118339145,pobre,basal,6,750.0,831.0,1.0,52.0,13,38,7218,6,0.0
98,0.0,1.0,3.7880001,,,6,111.2286118339145,111.2286118339145,pobre,basal,6,750.0,831.0,1.0,52.0,14,38,7218,6,0.0
97,1.0,1.0,3.7880001,1.0,4.0,6,111.2286118339145,111.2286118339145,pobre,basal,6,750.0,831.0,1.0,52.0,10,38,7219,4,1.0
98,1.0,1.0,3.7880001,1.0,5.0,6,111.2286118339145,111.2286118339145,pobre,basal,6,750.0,831.0,1.0,52.0,11,38,7219,4,1.0
97,0.0,1.0,3.7880001,1.0,9.0,10,111.2286118339145,111.2286118339145,pobre,basal,6,625.0,617.0,1.0,37.0,16,38,7220,9,1.0
98,0.0,1.0,3.7880001,,,10,111.2286118339145,111.2286118339145,pobre,basal,6,625.0,617.0,1.0,37.0,17,38,7220,9,1.0
97,1.0,1.0,3.7880001,1.0,6.0,10,111.2286118339145,111.2286118339145,pobre,basal,6,625.0,617.0,1.0,37.0,14,38,7221,6,1.0
98,1.0,1.0,3.7880001,1.0,3.0,10,111.2286118339145,111.2286118339145,pobre,basal,6,625.0,617.0,1.0,37.0,15,38,7221,6,1.0
97,0.0,1.0,3.7880001,1.0,6.0,10,111.2286118339145,111.2286118339145,pobre,basal,6,625.0,617.0,1.0,37.0,12,38,7222,6,1.0
98,0.0,1.0,3.7880001,1.0,6.0,10,111.2286118339145,111.2286118339145,pobre,basal,6,625.0,617.0,1.0,37.0,13,38,7222,6,1.0
97,1.0,1.0,3.7880001,1.0,4.0,10,111.2286118339145,111.2286118339145,pobre,basal,6,625.0,617.0,1.0,37.0,10,38,7223,4,1.0
98,1.0,1.0,3.7880001,1.0,4.0,10,111.2286118339145,111.2286118339145,pobre,basal,6,625.0,617.0,1.0,37.0,11,38,7223,4,1.0
97,0.0,1.0,3.7880001,1.0,2.0,10,111.2286118339145,111.2286118339145,pobre,basal,6,625.0,617.0,1.0,37.0,8,38,7224,2,1.0
98,0.0,1.0,3.7880001,1.0,2.0,10,111.2286118339145,111.2286118339145,pobre,basal,6,625.0,617.0,1.0,37.0,9,38,7224,2,1.0
97,0.0,1.0,3.7880001,1.0,9.0,9,111.2286118339145,111.2286118339145,pobre,basal,2,0.0,752.0,0.0,41.0,15,38,7225,9,1.0
98,0.0,1.0,3.7880001,0.0,9.0,9,111.2286118339145,111.2286118339145,pobre,basal,2,0.0,752.0,0.0,41.0,16,38,7225,9,1.0
97,1.0,1.0,3.7880001,1.0,8.0,9,111.2286118339145,111.2286118339145,pobre,basal,2,0.0,752.0,0.0,41.0,13,38,7226,8,1.0
98,1.0,1.0,3.7880001,1.0,7.0,9,111.2286118339145,111.2286118339145,pobre,basal,2,0.0,752.0,0.0,41.0,14,38,7226,8,1.0
97,0.0,1.0,3.7880001,1.0,7.0,9,111.2286118339145,111.2286118339145,pobre,basal,2,0.0,752.0,0.0,41.0,12,38,7227,7,1.0
98,0.0,1.0,3.7880001,1.0,7.0,9,111.2286118339145,111.2286118339145,pobre,basal,2,0.0,752.0,0.0,41.0,13,38,7227,7,1.0
97,0.0,1.0,3.7880001,1.0,4.0,9,111.2286118339145,111.2286118339145,pobre,basal,2,0.0,752.0,0.0,41.0,10,38,7228,4,1.0
98,0.0,1.0,3.7880001,1.0,4.0,9,111.2286118339145,111.2286118339145,pobre,basal,2,0.0,752.0,0.0,41.0,11,38,7228,4,1.0
97,0.0,1.0,3.7880001,1.0,1.0,9,111.2286118339145,111.2286118339145,pobre,basal,2,0.0,752.0,0.0,41.0,7,38,7229,1,1.0
98,0.0,1.0,3.7880001,1.0,1.0,9,111.2286118339145,111.2286118339145,pobre,basal,2,0.0,752.0,0.0,41.0,8,38,7229,1,1.0
97,1.0,1.0,3.7880001,1.0,6.0,4,111.2286118339145,111.2286118339145,pobre,basal,3,500.0,758.0,1.0,32.0,13,38,7230,6,1.0
98,1.0,1.0,3.7880001,1.0,6.0,4,111.2286118339145,111.2286118339145,pobre,basal,3,500.0,758.0,1.0,32.0,14,38,7230,6,1.0
97,1.0,1.0,3.7880001,1.0,5.0,4,111.2286118339145,111.2286118339145,pobre,basal,3,500.0,758.0,1.0,32.0,11,38,7231,5,1.0
98,1.0,1.0,3.7880001,1.0,5.0,4,111.2286118339145,111.2286118339145,pobre,basal,3,500.0,758.0,1.0,32.0,12,38,7231,5,1.0
97,0.0,0.0,3.7880001,1.0,5.0,6,111.2286118339145,111.2286118339145,no pobre,basal,6,500.0,892.40002,1.0,57.0,11,38,7232,5,1.0
98,0.0,0.0,3.7880001,1.0,,6,111.2286118339145,111.2286118339145,no pobre,basal,6,500.0,892.40002,1.0,57.0,12,38,7232,5,1.0
97,0.0,0.0,3.7880001,0.0,7.0,5,111.2286118339145,111.2286118339145,no pobre,basal,6,1000.0,952.5,1.0,38.0,16,38,7233,7,0.0
98,0.0,0.0,3.7880001,,,5,111.2286118339145,111.2286118339145,no pobre,basal,6,1000.0,952.5,1.0,38.0,17,38,7233,7,0.0
97,0.0,0.0,3.7880001,1.0,6.0,5,111.2286118339145,111.2286118339145,no pobre,basal,6,1000.0,952.5,1.0,38.0,12,38,7234,6,1.0
98,0.0,0.0,3.7880001,1.0,2.0,5,111.2286118339145,111.2286118339145,no pobre,basal,6,1000.0,952.5,1.0,38.0,13,38,7234,6,1.0
97,0.0,0.0,3.7880001,1.0,3.0,5,111.2286118339145,111.2286118339145,no pobre,basal,6,1000.0,952.5,1.0,38.0,9,38,7235,3,1.0
98,0.0,0.0,3.7880001,1.0,0.0,5,111.2286118339145,111.2286118339145,no pobre,basal,6,1000.0,952.5,1.0,38.0,10,38,7235,3,1.0
97,0.0,1.0,3.7880001,1.0,7.0,9,111.2286118339145,111.2286118339145,pobre,basal,3,625.0,692.0,1.0,40.0,14,38,7236,7,1.0
98,0.0,1.0,3.7880001,1.0,8.0,9,111.2286118339145,111.2286118339145,pobre,basal,3,625.0,692.0,1.0,40.0,15,38,7236,7,1.0
97,1.0,1.0,3.7880001,1.0,6.0,9,111.2286118339145,111.2286118339145,pobre,basal,3,625.0,692.0,1.0,40.0,12,38,7237,6,1.0
98,1.0,1.0,3.7880001,1.0,6.0,9,111.2286118339145,111.2286118339145,pobre,basal,3,625.0,692.0,1.0,40.0,13,38,7237,6,1.0
97,0.0,1.0,3.7880001,1.0,3.0,9,111.2286118339145,111.2286118339145,pobre,basal,3,625.0,692.0,1.0,40.0,8,38,7238,3,1.0
98,0.0,1.0,3.7880001,1.0,4.0,9,111.2286118339145,111.2286118339145,pobre,basal,3,625.0,692.0,1.0,40.0,9,38,7238,3,1.0
97,0.0,1.0,3.7880001,0.0,6.0,9,111.2286118339145,111.2286118339145,pobre,basal,3,625.0,692.0,1.0,40.0,14,38,7239,6,0.0
98,0.0,1.0,3.7880001,0.0,6.0,9,111.2286118339145,111.2286118339145,pobre,basal,3,625.0,692.0,1.0,40.0,15,38,7239,6,0.0
97,1.0,1.0,3.7880001,1.0,6.0,9,111.2286118339145,111.2286118339145,pobre,basal,3,625.0,692.0,1.0,40.0,12,38,7240,6,1.0
98,1.0,1.0,3.7880001,1.0,6.0,9,111.2286118339145,111.2286118339145,pobre,basal,3,625.0,692.0,1.0,40.0,13,38,7240,6,1.0
97,0.0,1.0,3.7880001,1.0,1.0,9,111.2286118339145,111.2286118339145,pobre,basal,3,625.0,692.0,1.0,40.0,6,38,7241,1,1.0
98,0.0,1.0,3.7880001,1.0,1.0,9,111.2286118339145,111.2286118339145,pobre,basal,3,625.0,692.0,1.0,40.0,7,38,7241,1,1.0
97,0.0,1.0,3.7880001,0.0,6.0,8,111.2286118339145,111.2286118339145,pobre,basal,3,500.0,820.0,1.0,60.0,14,38,7242,6,0.0
98,0.0,1.0,3.7880001,,,8,111.2286118339145,111.2286118339145,pobre,basal,3,500.0,820.0,1.0,60.0,15,38,7242,6,0.0
97,1.0,1.0,3.7880001,1.0,4.0,8,111.2286118339145,111.2286118339145,pobre,basal,3,500.0,820.0,1.0,60.0,10,38,7243,4,1.0
98,1.0,1.0,3.7880001,1.0,4.0,8,111.2286118339145,111.2286118339145,pobre,basal,3,500.0,820.0,1.0,60.0,11,38,7243,4,1.0
97,1.0,1.0,3.7880001,0.0,6.0,10,111.2286118339145,111.2286118339145,pobre,basal,3,500.0,662.0,1.0,45.0,12,38,7244,6,0.0
98,1.0,1.0,3.7880001,1.0,6.0,10,111.2286118339145,111.2286118339145,pobre,basal,3,500.0,662.0,1.0,45.0,13,38,7244,6,0.0
97,1.0,0.0,3.7880001,1.0,4.0,10,111.2286118339145,111.2286118339145,pobre,basal,3,500.0,662.0,1.0,45.0,8,38,7245,4,1.0
98,1.0,0.0,3.7880001,1.0,4.0,10,111.2286118339145,111.2286118339145,pobre,basal,3,500.0,662.0,1.0,45.0,9,38,7245,4,1.0
97,0.0,0.0,3.7880001,1.0,1.0,10,111.2286118339145,111.2286118339145,pobre,basal,3,500.0,662.0,1.0,45.0,6,38,7246,1,1.0
98,0.0,0.0,3.7880001,1.0,2.0,10,111.2286118339145,111.2286118339145,pobre,basal,3,500.0,662.0,1.0,45.0,7,38,7246,1,1.0
97,0.0,1.0,3.7880001,0.0,3.0,10,111.2286118339145,111.2286118339145,pobre,basal,3,500.0,662.0,1.0,45.0,16,38,7247,3,0.0
98,0.0,1.0,3.7880001,,,10,111.2286118339145,111.2286118339145,pobre,basal,3,500.0,662.0,1.0,45.0,17,38,7247,3,0.0
97,1.0,0.0,3.7880001,1.0,7.0,5,111.2286118339145,111.2286118339145,pobre,basal,3,750.0,874.5,1.0,34.0,12,38,7248,7,1.0
98,1.0,0.0,3.7880001,0.0,6.0,5,111.2286118339145,111.2286118339145,pobre,basal,3,750.0,874.5,1.0,34.0,13,38,7248,7,1.0
97,1.0,0.0,3.7880001,1.0,5.0,5,111.2286118339145,111.2286118339145,pobre,basal,3,750.0,874.5,1.0,34.0,9,38,7249,5,1.0
98,1.0,0.0,3.7880001,1.0,6.0,5,111.2286118339145,111.2286118339145,pobre,basal,3,750.0,874.5,1.0,34.0,10,38,7249,5,1.0
97,0.0,0.0,3.7880001,1.0,3.0,5,111.2286118339145,111.2286118339145,pobre,basal,3,750.0,874.5,1.0,34.0,8,38,7250,3,1.0
98,0.0,0.0,3.7880001,1.0,3.0,5,111.2286118339145,111.2286118339145,pobre,basal,3,750.0,874.5,1.0,34.0,9,38,7250,3,1.0
97,0.0,1.0,3.7880001,0.0,6.0,6,111.2286118339145,111.2286118339145,pobre,basal,3,500.0,840.0,1.0,48.0,15,38,7251,6,0.0
98,0.0,1.0,3.7880001,0.0,6.0,6,111.2286118339145,111.2286118339145,pobre,basal,3,500.0,840.0,1.0,48.0,16,38,7251,6,0.0
97,0.0,1.0,3.7880001,1.0,6.0,6,111.2286118339145,111.2286118339145,pobre,basal,3,500.0,840.0,1.0,48.0,11,38,7252,6,1.0
98,0.0,1.0,3.7880001,1.0,3.0,6,111.2286118339145,111.2286118339145,pobre,basal,3,500.0,840.0,1.0,48.0,12,38,7252,6,1.0
97,1.0,1.0,3.7880001,1.0,4.0,6,111.2286118339145,111.2286118339145,pobre,basal,3,500.0,840.0,1.0,48.0,9,38,7253,4,1.0
98,1.0,1.0,3.7880001,1.0,4.0,6,111.2286118339145,111.2286118339145,pobre,basal,3,500.0,840.0,1.0,48.0,10,38,7253,4,1.0
97,1.0,1.0,3.7880001,1.0,11.0,4,111.2286118339145,111.2286118339145,pobre,basal,2,625.0,867.0,1.0,53.0,16,38,7254,11,1.0
98,1.0,1.0,3.7880001,,,4,111.2286118339145,111.2286118339145,pobre,basal,2,625.0,867.0,1.0,53.0,17,38,7254,11,1.0
97,1.0,1.0,3.7880001,1.0,4.0,7,111.2286118339145,111.2286118339145,pobre,basal,3,625.0,708.0,1.0,43.0,14,38,7255,4,1.0
98,1.0,1.0,3.7880001,1.0,5.0,7,111.2286118339145,111.2286118339145,pobre,basal,3,625.0,708.0,1.0,43.0,15,38,7255,4,1.0
97,1.0,1.0,3.7880001,1.0,3.0,7,111.2286118339145,111.2286118339145,pobre,basal,3,625.0,708.0,1.0,43.0,10,38,7256,3,1.0
98,1.0,1.0,3.7880001,1.0,4.0,7,111.2286118339145,111.2286118339145,pobre,basal,3,625.0,708.0,1.0,43.0,11,38,7256,3,1.0
97,1.0,1.0,3.7880001,1.0,1.0,7,111.2286118339145,111.2286118339145,pobre,basal,3,625.0,708.0,1.0,43.0,8,38,7257,1,1.0
98,1.0,1.0,3.7880001,1.0,2.0,7,111.2286118339145,111.2286118339145,pobre,basal,3,625.0,708.0,1.0,43.0,9,38,7257,1,1.0
97,1.0,0.0,3.7880001,1.0,5.0,4,111.2286118339145,111.2286118339145,no pobre,basal,6,1125.0,876.0,1.0,35.0,10,38,7258,5,1.0
98,1.0,0.0,3.7880001,1.0,4.0,4,111.2286118339145,111.2286118339145,no pobre,basal,6,1125.0,876.0,1.0,35.0,11,38,7258,5,1.0
97,0.0,1.0,3.7880001,1.0,6.0,9,111.2286118339145,111.2286118339145,pobre,basal,3,1125.0,650.0,1.0,35.0,12,38,7259,6,1.0
98,0.0,1.0,3.7880001,0.0,6.0,9,111.2286118339145,111.2286118339145,pobre,basal,3,1125.0,650.0,1.0,35.0,13,38,7259,6,1.0
97,1.0,1.0,3.7880001,1.0,6.0,9,111.2286118339145,111.2286118339145,pobre,basal,3,1125.0,650.0,1.0,35.0,11,38,7260,6,1.0
98,1.0,1.0,3.7880001,1.0,6.0,9,111.2286118339145,111.2286118339145,pobre,basal,3,1125.0,650.0,1.0,35.0,12,38,7260,6,1.0
97,0.0,1.0,3.7880001,1.0,4.0,9,111.2286118339145,111.2286118339145,pobre,basal,3,1125.0,650.0,1.0,35.0,9,38,7261,4,1.0
98,0.0,1.0,3.7880001,1.0,4.0,9,111.2286118339145,111.2286118339145,pobre,basal,3,1125.0,650.0,1.0,35.0,10,38,7261,4,1.0
97,0.0,1.0,3.7880001,1.0,9.0,4,111.2286118339145,111.2286118339145,no pobre,basal,3,1125.0,937.0,1.0,42.0,16,38,7262,9,1.0
98,0.0,1.0,3.7880001,,,4,111.2286118339145,111.2286118339145,no pobre,basal,3,1125.0,937.0,1.0,42.0,17,38,7262,9,1.0
97,1.0,1.0,3.7880001,1.0,6.0,4,111.2286118339145,111.2286118339145,no pobre,basal,3,1125.0,937.0,1.0,42.0,14,38,7263,6,1.0
98,1.0,1.0,3.7880001,1.0,7.0,4,111.2286118339145,111.2286118339145,no pobre,basal,3,1125.0,937.0,1.0,42.0,15,38,7263,6,1.0
97,1.0,1.0,3.7880001,1.0,6.0,4,111.2286118339145,111.2286118339145,no pobre,basal,3,1125.0,937.0,1.0,42.0,11,38,7264,6,1.0
98,1.0,1.0,3.7880001,1.0,6.0,4,111.2286118339145,111.2286118339145,no pobre,basal,3,1125.0,937.0,1.0,42.0,12,38,7264,6,1.0
97,1.0,1.0,3.7880001,1.0,5.0,8,111.2286118339145,111.2286118339145,pobre,basal,6,750.0,707.0,1.0,34.0,11,38,7265,5,1.0
98,1.0,1.0,3.7880001,1.0,6.0,8,111.2286118339145,111.2286118339145,pobre,basal,6,750.0,707.0,1.0,34.0,12,38,7265,5,1.0
97,1.0,1.0,3.7880001,1.0,2.0,8,111.2286118339145,111.2286118339145,pobre,basal,6,750.0,707.0,1.0,34.0,8,38,7266,2,1.0
98,1.0,1.0,3.7880001,1.0,3.0,8,111.2286118339145,111.2286118339145,pobre,basal,6,750.0,707.0,1.0,34.0,9,38,7266,2,1.0
97,0.0,1.0,3.7880001,1.0,1.0,8,111.2286118339145,111.2286118339145,pobre,basal,6,750.0,707.0,1.0,34.0,7,38,7267,1,1.0
98,0.0,1.0,3.7880001,1.0,2.0,8,111.2286118339145,111.2286118339145,pobre,basal,6,750.0,707.0,1.0,34.0,8,38,7267,1,1.0
97,1.0,1.0,3.7880001,0.0,6.0,7,111.2286118339145,111.2286118339145,pobre,basal,0,625.0,871.5,1.0,38.0,16,38,7268,6,0.0
98,1.0,1.0,3.7880001,,,7,111.2286118339145,111.2286118339145,pobre,basal,0,625.0,871.5,1.0,38.0,17,38,7268,6,0.0
97,1.0,1.0,3.7880001,1.0,8.0,7,111.2286118339145,111.2286118339145,pobre,basal,0,625.0,871.5,1.0,38.0,14,38,7269,8,1.0
98,1.0,1.0,3.7880001,0.0,9.0,7,111.2286118339145,111.2286118339145,pobre,basal,0,625.0,871.5,1.0,38.0,15,38,7269,8,1.0
97,0.0,1.0,3.7880001,1.0,4.0,7,111.2286118339145,111.2286118339145,pobre,basal,0,625.0,871.5,1.0,38.0,9,38,7270,4,1.0
98,0.0,1.0,3.7880001,1.0,5.0,7,111.2286118339145,111.2286118339145,pobre,basal,0,625.0,871.5,1.0,38.0,10,38,7270,4,1.0
97,1.0,1.0,3.7880001,1.0,1.0,7,111.2286118339145,111.2286118339145,pobre,basal,0,625.0,871.5,1.0,38.0,6,38,7271,1,1.0
98,1.0,1.0,3.7880001,1.0,2.0,7,111.2286118339145,111.2286118339145,pobre,basal,0,625.0,871.5,1.0,38.0,7,38,7271,1,1.0
97,1.0,1.0,3.7880001,0.0,9.0,8,111.2286118339145,111.2286118339145,pobre,basal,3,750.0,880.0,1.0,41.0,16,38,7272,9,0.0
98,1.0,1.0,3.7880001,,,8,111.2286118339145,111.2286118339145,pobre,basal,3,750.0,880.0,1.0,41.0,17,38,7272,9,0.0
97,0.0,1.0,3.7880001,1.0,8.0,8,111.2286118339145,111.2286118339145,pobre,basal,3,750.0,880.0,1.0,41.0,14,38,7273,8,1.0
98,0.0,1.0,3.7880001,1.0,9.0,8,111.2286118339145,111.2286118339145,pobre,basal,3,750.0,880.0,1.0,41.0,15,38,7273,8,1.0
97,0.0,1.0,3.7880001,1.0,4.0,8,111.2286118339145,111.2286118339145,pobre,basal,3,750.0,880.0,1.0,41.0,10,38,7274,4,1.0
98,0.0,1.0,3.7880001,1.0,5.0,8,111.2286118339145,111.2286118339145,pobre,basal,3,750.0,880.0,1.0,41.0,11,38,7274,4,1.0
97,1.0,1.0,3.7880001,1.0,1.0,8,111.2286118339145,111.2286118339145,pobre,basal,3,750.0,880.0,1.0,41.0,7,38,7275,1,1.0
98,1.0,1.0,3.7880001,1.0,2.0,8,111.2286118339145,111.2286118339145,pobre,basal,3,750.0,880.0,1.0,41.0,8,38,7275,1,1.0
97,1.0,1.0,3.7880001,0.0,6.0,6,111.2286118339145,111.2286118339145,no pobre,basal,3,750.0,995.92999,1.0,59.0,15,38,7276,6,0.0
98,1.0,1.0,3.7880001,,,6,111.2286118339145,111.2286118339145,no pobre,basal,3,750.0,995.92999,1.0,59.0,16,38,7276,6,0.0
97,0.0,1.0,3.7880001,0.0,6.0,8,111.2286118339145,111.2286118339145,pobre,basal,3,750.0,710.0,1.0,54.0,16,38,7277,6,0.0
98,0.0,1.0,3.7880001,,,8,111.2286118339145,111.2286118339145,pobre,basal,3,750.0,710.0,1.0,54.0,17,38,7277,6,0.0
97,1.0,1.0,3.7880001,1.0,8.0,8,111.2286118339145,111.2286118339145,pobre,basal,3,750.0,710.0,1.0,54.0,13,38,7278,8,1.0
98,1.0,1.0,3.7880001,1.0,8.0,8,111.2286118339145,111.2286118339145,pobre,basal,3,750.0,710.0,1.0,54.0,14,38,7278,8,1.0
97,0.0,1.0,3.7880001,1.0,5.0,8,111.2286118339145,111.2286118339145,pobre,basal,3,750.0,710.0,1.0,54.0,10,38,7279,5,1.0
98,0.0,1.0,3.7880001,1.0,6.0,8,111.2286118339145,111.2286118339145,pobre,basal,3,750.0,710.0,1.0,54.0,11,38,7279,5,1.0
97,0.0,1.0,3.7880001,1.0,2.0,8,111.2286118339145,111.2286118339145,pobre,basal,3,750.0,710.0,1.0,54.0,7,38,7280,2,1.0
98,0.0,1.0,3.7880001,1.0,3.0,8,111.2286118339145,111.2286118339145,pobre,basal,3,750.0,710.0,1.0,54.0,8,38,7280,2,1.0
97,0.0,1.0,3.7880001,0.0,6.0,9,111.2286118339145,111.2286118339145,pobre,basal,6,750.0,814.5,1.0,33.0,16,38,7281,6,0.0
98,0.0,1.0,3.7880001,,,9,111.2286118339145,111.2286118339145,pobre,basal,6,750.0,814.5,1.0,33.0,17,38,7281,6,0.0
97,0.0,1.0,3.7880001,0.0,6.0,9,111.2286118339145,111.2286118339145,pobre,basal,6,750.0,814.5,1.0,33.0,13,38,7282,6,0.0
98,0.0,1.0,3.7880001,1.0,6.0,9,111.2286118339145,111.2286118339145,pobre,basal,6,750.0,814.5,1.0,33.0,14,38,7282,6,0.0
97,0.0,1.0,3.7880001,1.0,4.0,9,111.2286118339145,111.2286118339145,pobre,basal,6,750.0,814.5,1.0,33.0,11,38,7283,4,1.0
98,0.0,1.0,3.7880001,1.0,5.0,9,111.2286118339145,111.2286118339145,pobre,basal,6,750.0,814.5,1.0,33.0,12,38,7283,4,1.0
97,0.0,1.0,3.7880001,1.0,2.0,9,111.2286118339145,111.2286118339145,pobre,basal,6,750.0,814.5,1.0,33.0,10,38,7284,2,1.0
98,0.0,1.0,3.7880001,1.0,3.0,9,111.2286118339145,111.2286118339145,pobre,basal,6,750.0,814.5,1.0,33.0,11,38,7284,2,1.0
97,0.0,1.0,3.7880001,1.0,1.0,9,111.2286118339145,111.2286118339145,pobre,basal,6,750.0,814.5,1.0,33.0,6,38,7285,1,1.0
98,0.0,1.0,3.7880001,1.0,2.0,9,111.2286118339145,111.2286118339145,pobre,basal,6,750.0,814.5,1.0,33.0,7,38,7285,1,1.0
97,1.0,1.0,3.7880001,0.0,2.0,4,111.2286118339145,111.2286118339145,pobre,basal,2,750.0,864.0,1.0,54.0,13,38,7286,2,0.0
98,1.0,1.0,3.7880001,0.0,1.0,4,111.2286118339145,111.2286118339145,pobre,basal,2,750.0,864.0,1.0,54.0,14,38,7286,2,0.0
97,1.0,1.0,3.7880001,0.0,6.0,9,111.2286118339145,111.2286118339145,pobre,basal,4,750.0,843.0,1.0,45.0,15,38,7287,6,0.0
98,1.0,1.0,3.7880001,,,9,111.2286118339145,111.2286118339145,pobre,basal,4,750.0,843.0,1.0,45.0,16,38,7287,6,0.0
97,1.0,1.0,3.7880001,1.0,7.0,9,111.2286118339145,111.2286118339145,pobre,basal,4,750.0,843.0,1.0,45.0,13,38,7288,7,1.0
98,1.0,1.0,3.7880001,1.0,8.0,9,111.2286118339145,111.2286118339145,pobre,basal,4,750.0,843.0,1.0,45.0,14,38,7288,7,1.0
97,1.0,1.0,3.7880001,1.0,4.0,9,111.2286118339145,111.2286118339145,pobre,basal,4,750.0,843.0,1.0,45.0,11,38,7289,4,1.0
98,1.0,1.0,3.7880001,1.0,4.0,9,111.2286118339145,111.2286118339145,pobre,basal,4,750.0,843.0,1.0,45.0,12,38,7289,4,1.0
97,1.0,1.0,3.7880001,1.0,4.0,9,111.2286118339145,111.2286118339145,pobre,basal,4,750.0,843.0,1.0,45.0,9,38,7290,4,1.0
98,1.0,1.0,3.7880001,1.0,5.0,9,111.2286118339145,111.2286118339145,pobre,basal,4,750.0,843.0,1.0,45.0,10,38,7290,4,1.0
97,1.0,1.0,3.7880001,1.0,1.0,7,111.2286118339145,111.2286118339145,no pobre,basal,6,750.0,805.5,1.0,31.0,7,38,7291,1,1.0
98,1.0,1.0,3.7880001,1.0,2.0,7,111.2286118339145,111.2286118339145,no pobre,basal,6,750.0,805.5,1.0,31.0,8,38,7291,1,1.0
97,0.0,1.0,3.7880001,1.0,3.0,2,111.2286118339145,111.2286118339145,no pobre,basal,3,500.0,960.0,1.0,41.0,11,38,7292,3,1.0
98,0.0,1.0,3.7880001,1.0,4.0,2,111.2286118339145,111.2286118339145,no pobre,basal,3,500.0,960.0,1.0,41.0,12,38,7292,3,1.0
97,0.0,1.0,3.7880001,1.0,8.0,6,111.2286118339145,111.2286118339145,no pobre,basal,3,500.0,879.0,1.0,61.0,15,38,7293,8,1.0
98,0.0,1.0,3.7880001,1.0,9.0,6,111.2286118339145,111.2286118339145,no pobre,basal,3,500.0,879.0,1.0,61.0,16,38,7293,8,1.0
97,0.0,1.0,3.7880001,1.0,8.0,6,111.2286118339145,111.2286118339145,no pobre,basal,3,500.0,879.0,1.0,61.0,13,38,7294,8,1.0
98,0.0,1.0,3.7880001,1.0,9.0,6,111.2286118339145,111.2286118339145,no pobre,basal,3,500.0,879.0,1.0,61.0,14,38,7294,8,1.0
97,1.0,1.0,3.7880001,0.0,9.0,4,111.2286118339145,111.2286118339145,pobre,basal,3,0.0,787.0,1.0,44.0,15,38,7295,9,0.0
98,1.0,1.0,3.7880001,0.0,9.0,4,111.2286118339145,111.2286118339145,pobre,basal,3,0.0,787.0,1.0,44.0,16,38,7295,9,0.0
97,0.0,0.0,3.632,1.0,9.0,6,136.2710766731774,203.9586538801525,pobre,basal,1,625.0,753.0,1.0,48.0,16,60,7296,9,1.0
98,0.0,0.0,3.632,,,6,136.2710766731774,203.9586538801525,pobre,basal,1,625.0,753.0,1.0,48.0,17,60,7296,9,1.0
97,1.0,0.0,3.632,1.0,4.0,6,136.2710766731774,203.9586538801525,pobre,basal,1,625.0,753.0,1.0,48.0,11,60,7297,4,1.0
98,1.0,0.0,3.632,,,6,136.2710766731774,203.9586538801525,pobre,basal,1,625.0,753.0,1.0,48.0,12,60,7297,4,1.0
97,0.0,0.0,3.632,1.0,9.0,5,136.2710766731774,203.9586538801525,pobre,basal,0,625.0,689.0,1.0,45.0,15,60,7298,9,1.0
98,0.0,0.0,3.632,,,5,136.2710766731774,203.9586538801525,pobre,basal,0,625.0,689.0,1.0,45.0,16,60,7298,9,1.0
97,1.0,0.0,3.632,1.0,3.0,5,136.2710766731774,203.9586538801525,pobre,basal,0,625.0,689.0,1.0,45.0,8,60,7299,3,1.0
98,1.0,0.0,3.632,1.0,3.0,5,136.2710766731774,203.9586538801525,pobre,basal,0,625.0,689.0,1.0,45.0,9,60,7299,3,1.0
97,0.0,0.0,3.632,0.0,7.0,7,136.2710766731774,203.9586538801525,pobre,basal,4,625.0,709.5,1.0,34.0,16,60,7300,7,0.0
98,0.0,0.0,3.632,,,7,136.2710766731774,203.9586538801525,pobre,basal,4,625.0,709.5,1.0,34.0,17,60,7300,7,0.0
97,1.0,0.0,3.632,1.0,7.0,7,136.2710766731774,203.9586538801525,pobre,basal,4,625.0,709.5,1.0,34.0,13,60,7301,7,1.0
98,1.0,0.0,3.632,1.0,8.0,7,136.2710766731774,203.9586538801525,pobre,basal,4,625.0,709.5,1.0,34.0,14,60,7301,7,1.0
97,0.0,0.0,3.632,1.0,4.0,7,136.2710766731774,203.9586538801525,pobre,basal,4,625.0,709.5,1.0,34.0,9,60,7302,4,1.0
98,0.0,0.0,3.632,1.0,5.0,7,136.2710766731774,203.9586538801525,pobre,basal,4,625.0,709.5,1.0,34.0,10,60,7302,4,1.0
97,0.0,0.0,3.632,1.0,1.0,7,136.2710766731774,203.9586538801525,pobre,basal,4,625.0,709.5,1.0,34.0,7,60,7303,1,1.0
98,0.0,0.0,3.632,1.0,2.0,7,136.2710766731774,203.9586538801525,pobre,basal,4,625.0,709.5,1.0,34.0,8,60,7303,1,1.0
97,0.0,1.0,3.632,1.0,2.0,4,136.2710766731774,203.9586538801525,no pobre,basal,0,625.0,790.0,1.0,81.0,15,60,7304,2,1.0
98,0.0,1.0,3.632,,,4,136.2710766731774,203.9586538801525,no pobre,basal,0,625.0,790.0,1.0,81.0,16,60,7304,2,1.0
97,1.0,1.0,3.632,1.0,0.0,4,136.2710766731774,203.9586538801525,no pobre,basal,0,625.0,790.0,1.0,81.0,6,60,7305,0,1.0
98,1.0,1.0,3.632,1.0,1.0,4,136.2710766731774,203.9586538801525,no pobre,basal,0,625.0,790.0,1.0,81.0,7,60,7305,0,1.0
97,1.0,1.0,3.632,,0.0,7,136.2710766731774,203.9586538801525,pobre,basal,1,625.0,721.94,1.0,,14,60,7306,0,
98,1.0,1.0,3.632,1.0,9.0,7,136.2710766731774,203.9586538801525,pobre,basal,1,625.0,721.94,1.0,,15,60,7306,0,
97,1.0,1.0,3.632,1.0,3.0,7,136.2710766731774,203.9586538801525,pobre,basal,1,625.0,721.94,1.0,,10,60,7307,3,1.0
98,1.0,1.0,3.632,,,7,136.2710766731774,203.9586538801525,pobre,basal,1,625.0,721.94,1.0,,11,60,7307,3,1.0
97,0.0,1.0,3.632,0.0,5.0,3,136.2710766731774,203.9586538801525,pobre,basal,9,625.0,734.0,1.0,27.0,16,60,7308,5,0.0
98,0.0,1.0,3.632,,,3,136.2710766731774,203.9586538801525,pobre,basal,9,625.0,734.0,1.0,27.0,17,60,7308,5,0.0
97,0.0,1.0,3.632,1.0,8.0,8,136.2710766731774,203.9586538801525,no pobre,basal,2,625.0,992.0,1.0,42.0,14,60,7309,8,1.0
98,0.0,1.0,3.632,,,8,136.2710766731774,203.9586538801525,no pobre,basal,2,625.0,992.0,1.0,42.0,15,60,7309,8,1.0
97,1.0,1.0,3.632,1.0,8.0,8,136.2710766731774,203.9586538801525,no pobre,basal,2,625.0,992.0,1.0,42.0,13,60,7310,8,1.0
98,1.0,1.0,3.632,1.0,8.0,8,136.2710766731774,203.9586538801525,no pobre,basal,2,625.0,992.0,1.0,42.0,14,60,7310,8,1.0
97,1.0,1.0,3.632,1.0,2.0,8,136.2710766731774,203.9586538801525,no pobre,basal,2,625.0,992.0,1.0,42.0,7,60,7311,2,1.0
98,1.0,1.0,3.632,1.0,3.0,8,136.2710766731774,203.9586538801525,no pobre,basal,2,625.0,992.0,1.0,42.0,8,60,7311,2,1.0
97,1.0,0.0,3.632,1.0,10.0,7,136.2710766731774,203.9586538801525,no pobre,basal,0,625.0,805.5,1.0,55.0,15,60,7312,10,1.0
98,1.0,0.0,3.632,,,7,136.2710766731774,203.9586538801525,no pobre,basal,0,625.0,805.5,1.0,55.0,16,60,7312,10,1.0
97,1.0,0.0,3.632,1.0,7.0,7,136.2710766731774,203.9586538801525,no pobre,basal,0,625.0,805.5,1.0,55.0,12,60,7313,7,1.0
98,1.0,0.0,3.632,1.0,8.0,7,136.2710766731774,203.9586538801525,no pobre,basal,0,625.0,805.5,1.0,55.0,13,60,7313,7,1.0
97,1.0,0.0,3.632,1.0,8.0,6,136.2710766731774,203.9586538801525,pobre,basal,0,0.0,706.0,0.0,36.0,15,60,7314,8,1.0
98,1.0,0.0,3.632,1.0,9.0,6,136.2710766731774,203.9586538801525,pobre,basal,0,0.0,706.0,0.0,36.0,16,60,7314,8,1.0
97,0.0,0.0,3.632,1.0,4.0,6,136.2710766731774,203.9586538801525,pobre,basal,0,0.0,706.0,0.0,36.0,13,60,7315,4,1.0
98,0.0,0.0,3.632,1.0,5.0,6,136.2710766731774,203.9586538801525,pobre,basal,0,0.0,706.0,0.0,36.0,14,60,7315,4,1.0
97,0.0,0.0,3.632,0.0,7.0,7,136.2710766731774,203.9586538801525,pobre,basal,6,500.0,636.0,1.0,42.0,16,60,7316,7,0.0
98,0.0,0.0,3.632,0.0,10.0,7,136.2710766731774,203.9586538801525,pobre,basal,6,500.0,636.0,1.0,42.0,17,60,7316,7,0.0
97,0.0,0.0,3.632,0.0,6.0,7,136.2710766731774,203.9586538801525,pobre,basal,6,500.0,636.0,1.0,42.0,14,60,7317,6,0.0
98,0.0,0.0,3.632,0.0,6.0,7,136.2710766731774,203.9586538801525,pobre,basal,6,500.0,636.0,1.0,42.0,15,60,7317,6,0.0
97,1.0,0.0,3.632,1.0,6.0,7,136.2710766731774,203.9586538801525,pobre,basal,6,500.0,636.0,1.0,42.0,12,60,7318,6,1.0
98,1.0,0.0,3.632,0.0,6.0,7,136.2710766731774,203.9586538801525,pobre,basal,6,500.0,636.0,1.0,42.0,13,60,7318,6,1.0
97,0.0,0.0,3.632,1.0,7.0,8,136.2710766731774,203.9586538801525,no pobre,basal,2,625.0,877.0,1.0,42.0,12,60,7319,7,1.0
98,0.0,0.0,3.632,0.0,8.0,8,136.2710766731774,203.9586538801525,no pobre,basal,2,625.0,877.0,1.0,42.0,13,60,7319,7,1.0
97,1.0,0.0,3.632,1.0,2.0,8,136.2710766731774,203.9586538801525,pobre,basal,0,500.0,752.0,1.0,66.0,8,60,7320,2,1.0
98,1.0,0.0,3.632,1.0,2.0,8,136.2710766731774,203.9586538801525,pobre,basal,0,500.0,752.0,1.0,66.0,9,60,7320,2,1.0
97,1.0,0.0,3.632,1.0,0.0,8,136.2710766731774,203.9586538801525,pobre,basal,0,500.0,752.0,1.0,66.0,6,60,7321,0,1.0
98,1.0,0.0,3.632,1.0,0.0,8,136.2710766731774,203.9586538801525,pobre,basal,0,500.0,752.0,1.0,66.0,7,60,7321,0,1.0
97,0.0,0.0,3.632,,0.0,4,136.2710766731774,203.9586538801525,pobre,basal,11,625.0,580.0,1.0,28.0,7,60,7322,0,
98,0.0,0.0,3.632,,,4,136.2710766731774,203.9586538801525,pobre,basal,11,625.0,580.0,1.0,28.0,8,60,7322,0,
97,0.0,0.0,3.632,1.0,3.0,10,136.2710766731774,203.9586538801525,pobre,basal,2,500.0,704.0,1.0,56.0,9,60,7323,3,1.0
98,0.0,0.0,3.632,1.0,4.0,10,136.2710766731774,203.9586538801525,pobre,basal,2,500.0,704.0,1.0,56.0,10,60,7323,3,1.0
97,1.0,0.0,3.632,1.0,1.0,10,136.2710766731774,203.9586538801525,pobre,basal,2,500.0,704.0,1.0,56.0,7,60,7324,1,1.0
98,1.0,0.0,3.632,1.0,2.0,10,136.2710766731774,203.9586538801525,pobre,basal,2,500.0,704.0,1.0,56.0,8,60,7324,1,1.0
97,0.0,0.0,3.632,1.0,8.0,8,136.2710766731774,203.9586538801525,no pobre,basal,2,625.0,865.0,1.0,49.0,16,60,7325,8,1.0
98,0.0,0.0,3.632,,,8,136.2710766731774,203.9586538801525,no pobre,basal,2,625.0,865.0,1.0,49.0,17,60,7325,8,1.0
97,0.0,0.0,3.632,1.0,5.0,8,136.2710766731774,203.9586538801525,no pobre,basal,2,625.0,865.0,1.0,49.0,12,60,7326,5,1.0
98,0.0,0.0,3.632,1.0,6.0,8,136.2710766731774,203.9586538801525,no pobre,basal,2,625.0,865.0,1.0,49.0,13,60,7326,5,1.0
97,1.0,0.0,3.632,1.0,5.0,5,136.2710766731774,203.9586538801525,pobre,basal,9,625.0,751.0,1.0,31.0,11,60,7327,5,1.0
98,1.0,0.0,3.632,1.0,6.0,5,136.2710766731774,203.9586538801525,pobre,basal,9,625.0,751.0,1.0,31.0,12,60,7327,5,1.0
97,1.0,0.0,3.632,1.0,0.0,5,136.2710766731774,203.9586538801525,pobre,basal,9,625.0,751.0,1.0,31.0,6,60,7328,0,1.0
98,1.0,0.0,3.632,1.0,0.0,5,136.2710766731774,203.9586538801525,pobre,basal,9,625.0,751.0,1.0,31.0,7,60,7328,0,1.0
97,0.0,0.0,3.632,1.0,4.0,5,136.2710766731774,203.9586538801525,pobre,basal,0,625.0,717.0,1.0,35.0,10,60,7329,4,1.0
98,0.0,0.0,3.632,1.0,5.0,5,136.2710766731774,203.9586538801525,pobre,basal,0,625.0,717.0,1.0,35.0,11,60,7329,4,1.0
97,1.0,0.0,3.632,1.0,2.0,5,136.2710766731774,203.9586538801525,pobre,basal,0,625.0,717.0,1.0,35.0,8,60,7330,2,1.0
98,1.0,0.0,3.632,1.0,3.0,5,136.2710766731774,203.9586538801525,pobre,basal,0,625.0,717.0,1.0,35.0,9,60,7330,2,1.0
97,1.0,1.0,1.7460001,1.0,6.0,4,155.6102121025326,184.0726642081282,pobre,basal,3,500.0,800.33002,1.0,58.0,11,57,7331,6,1.0
98,1.0,1.0,1.7460001,1.0,7.0,4,155.6102121025326,184.0726642081282,pobre,basal,3,500.0,800.33002,1.0,58.0,12,57,7331,6,1.0
97,0.0,1.0,1.7460001,,0.0,4,155.6102121025326,184.0726642081282,pobre,basal,3,500.0,800.33002,1.0,58.0,6,57,7332,0,
98,0.0,1.0,1.7460001,1.0,1.0,4,155.6102121025326,184.0726642081282,pobre,basal,3,500.0,800.33002,1.0,58.0,7,57,7332,0,
97,0.0,1.0,1.7460001,0.0,9.0,5,155.6102121025326,184.0726642081282,pobre,basal,4,500.0,667.0,1.0,44.0,16,57,7333,9,0.0
98,0.0,1.0,1.7460001,0.0,9.0,5,155.6102121025326,184.0726642081282,pobre,basal,4,500.0,667.0,1.0,44.0,17,57,7333,9,0.0
97,1.0,1.0,1.7460001,1.0,5.0,5,155.6102121025326,184.0726642081282,pobre,basal,4,500.0,667.0,1.0,44.0,11,57,7334,5,1.0
98,1.0,1.0,1.7460001,1.0,2.0,5,155.6102121025326,184.0726642081282,pobre,basal,4,500.0,667.0,1.0,44.0,12,57,7334,5,1.0
97,0.0,1.0,1.7460001,1.0,6.0,9,155.6102121025326,184.0726642081282,pobre,basal,6,500.0,552.0,1.0,39.0,12,57,7335,6,1.0
98,0.0,1.0,1.7460001,1.0,6.0,9,155.6102121025326,184.0726642081282,pobre,basal,6,500.0,552.0,1.0,39.0,13,57,7335,6,1.0
97,0.0,1.0,1.7460001,1.0,5.0,9,155.6102121025326,184.0726642081282,pobre,basal,6,500.0,552.0,1.0,39.0,10,57,7336,5,1.0
98,0.0,1.0,1.7460001,1.0,5.0,9,155.6102121025326,184.0726642081282,pobre,basal,6,500.0,552.0,1.0,39.0,11,57,7336,5,1.0
97,0.0,1.0,1.7460001,1.0,2.0,9,155.6102121025326,184.0726642081282,pobre,basal,6,500.0,552.0,1.0,39.0,7,57,7337,2,1.0
98,0.0,1.0,1.7460001,1.0,2.0,9,155.6102121025326,184.0726642081282,pobre,basal,6,500.0,552.0,1.0,39.0,8,57,7337,2,1.0
97,1.0,1.0,1.7460001,,0.0,5,155.6102121025326,184.0726642081282,pobre,basal,1,500.0,522.0,1.0,26.0,6,57,7338,0,
98,1.0,1.0,1.7460001,1.0,1.0,5,155.6102121025326,184.0726642081282,pobre,basal,1,500.0,522.0,1.0,26.0,7,57,7338,0,
97,1.0,1.0,1.7460001,1.0,8.0,9,155.6102121025326,184.0726642081282,pobre,basal,4,500.0,514.0,1.0,42.0,15,57,7339,8,1.0
98,1.0,1.0,1.7460001,0.0,9.0,9,155.6102121025326,184.0726642081282,pobre,basal,4,500.0,514.0,1.0,42.0,16,57,7339,8,1.0
97,0.0,1.0,1.7460001,1.0,5.0,9,155.6102121025326,184.0726642081282,pobre,basal,4,500.0,514.0,1.0,42.0,9,57,7340,5,1.0
98,0.0,1.0,1.7460001,1.0,5.0,9,155.6102121025326,184.0726642081282,pobre,basal,4,500.0,514.0,1.0,42.0,10,57,7340,5,1.0
97,1.0,1.0,1.7460001,1.0,2.0,9,155.6102121025326,184.0726642081282,pobre,basal,4,500.0,514.0,1.0,42.0,7,57,7341,2,1.0
98,1.0,1.0,1.7460001,1.0,1.0,9,155.6102121025326,184.0726642081282,pobre,basal,4,500.0,514.0,1.0,42.0,8,57,7341,2,1.0
97,0.0,1.0,1.7460001,1.0,2.0,9,155.6102121025326,184.0726642081282,pobre,basal,4,500.0,514.0,1.0,42.0,6,57,7342,2,1.0
98,0.0,1.0,1.7460001,1.0,3.0,9,155.6102121025326,184.0726642081282,pobre,basal,4,500.0,514.0,1.0,42.0,7,57,7342,2,1.0
97,1.0,0.0,1.7460001,1.0,4.0,5,155.6102121025326,184.0726642081282,pobre,basal,3,500.0,707.0,1.0,47.0,14,57,7343,4,1.0
98,1.0,0.0,1.7460001,1.0,5.0,5,155.6102121025326,184.0726642081282,pobre,basal,3,500.0,707.0,1.0,47.0,15,57,7343,4,1.0
97,1.0,0.0,1.7460001,1.0,6.0,5,155.6102121025326,184.0726642081282,pobre,basal,3,500.0,707.0,1.0,47.0,11,57,7344,6,1.0
98,1.0,0.0,1.7460001,1.0,6.0,5,155.6102121025326,184.0726642081282,pobre,basal,3,500.0,707.0,1.0,47.0,12,57,7344,6,1.0
97,1.0,0.0,1.7460001,1.0,6.0,8,155.6102121025326,184.0726642081282,pobre,basal,11,0.0,613.0,1.0,39.0,12,57,7345,6,1.0
98,1.0,0.0,1.7460001,1.0,7.0,8,155.6102121025326,184.0726642081282,pobre,basal,11,0.0,613.0,1.0,39.0,13,57,7345,6,1.0
97,0.0,0.0,1.7460001,1.0,4.0,8,155.6102121025326,184.0726642081282,pobre,basal,11,0.0,613.0,1.0,39.0,10,57,7346,4,1.0
98,0.0,0.0,1.7460001,1.0,5.0,8,155.6102121025326,184.0726642081282,pobre,basal,11,0.0,613.0,1.0,39.0,11,57,7346,4,1.0
97,1.0,0.0,1.7460001,1.0,2.0,8,155.6102121025326,184.0726642081282,pobre,basal,11,0.0,613.0,1.0,39.0,8,57,7347,2,1.0
98,1.0,0.0,1.7460001,1.0,2.0,8,155.6102121025326,184.0726642081282,pobre,basal,11,0.0,613.0,1.0,39.0,9,57,7347,2,1.0
97,1.0,0.0,1.7460001,1.0,8.0,6,155.6102121025326,184.0726642081282,pobre,basal,3,500.0,644.0,1.0,43.0,15,57,7348,8,1.0
98,1.0,0.0,1.7460001,1.0,9.0,6,155.6102121025326,184.0726642081282,pobre,basal,3,500.0,644.0,1.0,43.0,16,57,7348,8,1.0
97,0.0,0.0,1.7460001,1.0,4.0,6,155.6102121025326,184.0726642081282,pobre,basal,3,500.0,644.0,1.0,43.0,8,57,7349,4,1.0
98,0.0,0.0,1.7460001,1.0,4.0,6,155.6102121025326,184.0726642081282,pobre,basal,3,500.0,644.0,1.0,43.0,9,57,7349,4,1.0
97,1.0,0.0,1.7460001,1.0,7.0,6,155.6102121025326,184.0726642081282,pobre,basal,8,500.0,618.0,1.0,18.0,14,57,7350,7,1.0
98,1.0,0.0,1.7460001,1.0,8.0,6,155.6102121025326,184.0726642081282,pobre,basal,8,500.0,618.0,1.0,18.0,15,57,7350,7,1.0
97,0.0,0.0,1.7460001,1.0,6.0,6,155.6102121025326,184.0726642081282,pobre,basal,8,500.0,618.0,1.0,18.0,11,57,7351,6,1.0
98,0.0,0.0,1.7460001,1.0,7.0,6,155.6102121025326,184.0726642081282,pobre,basal,8,500.0,618.0,1.0,18.0,12,57,7351,6,1.0
97,0.0,0.0,1.7460001,1.0,2.0,6,155.6102121025326,184.0726642081282,pobre,basal,8,500.0,618.0,1.0,18.0,9,57,7352,2,1.0
98,0.0,0.0,1.7460001,1.0,3.0,6,155.6102121025326,184.0726642081282,pobre,basal,8,500.0,618.0,1.0,18.0,10,57,7352,2,1.0
97,0.0,0.0,1.7460001,1.0,1.0,6,155.6102121025326,184.0726642081282,pobre,basal,8,500.0,618.0,1.0,18.0,6,57,7353,1,1.0
98,0.0,0.0,1.7460001,1.0,1.0,6,155.6102121025326,184.0726642081282,pobre,basal,8,500.0,618.0,1.0,18.0,7,57,7353,1,1.0
97,1.0,0.0,1.7460001,1.0,8.0,5,155.6102121025326,184.0726642081282,pobre,basal,3,500.0,685.0,1.0,46.0,15,57,7354,8,1.0
98,1.0,0.0,1.7460001,1.0,8.0,5,155.6102121025326,184.0726642081282,pobre,basal,3,500.0,685.0,1.0,46.0,16,57,7354,8,1.0
97,1.0,0.0,1.7460001,1.0,2.0,5,155.6102121025326,184.0726642081282,pobre,basal,3,500.0,685.0,1.0,46.0,9,57,7355,2,1.0
98,1.0,0.0,1.7460001,1.0,6.0,5,155.6102121025326,184.0726642081282,pobre,basal,3,500.0,685.0,1.0,46.0,10,57,7355,2,1.0
97,0.0,0.0,1.7460001,1.0,4.0,5,155.6102121025326,184.0726642081282,pobre,basal,3,500.0,685.0,1.0,46.0,8,57,7356,4,1.0
98,0.0,0.0,1.7460001,1.0,4.0,5,155.6102121025326,184.0726642081282,pobre,basal,3,500.0,685.0,1.0,46.0,9,57,7356,4,1.0
97,1.0,0.0,1.7460001,1.0,8.0,6,155.6102121025326,184.0726642081282,pobre,basal,4,500.0,689.0,1.0,41.0,16,57,7357,8,1.0
98,1.0,0.0,1.7460001,,,6,155.6102121025326,184.0726642081282,pobre,basal,4,500.0,689.0,1.0,41.0,17,57,7357,8,1.0
97,1.0,0.0,1.7460001,1.0,8.0,6,155.6102121025326,184.0726642081282,pobre,basal,4,500.0,689.0,1.0,41.0,13,57,7358,8,1.0
98,1.0,0.0,1.7460001,1.0,8.0,6,155.6102121025326,184.0726642081282,pobre,basal,4,500.0,689.0,1.0,41.0,14,57,7358,8,1.0
97,0.0,0.0,1.7460001,1.0,5.0,6,155.6102121025326,184.0726642081282,pobre,basal,4,500.0,689.0,1.0,41.0,9,57,7359,5,1.0
98,0.0,0.0,1.7460001,1.0,6.0,6,155.6102121025326,184.0726642081282,pobre,basal,4,500.0,689.0,1.0,41.0,10,57,7359,5,1.0
97,1.0,0.0,1.7460001,1.0,1.0,6,155.6102121025326,184.0726642081282,pobre,basal,4,500.0,689.0,1.0,41.0,6,57,7360,1,1.0
98,1.0,0.0,1.7460001,1.0,2.0,6,155.6102121025326,184.0726642081282,pobre,basal,4,500.0,689.0,1.0,41.0,7,57,7360,1,1.0
97,0.0,0.0,1.7460001,1.0,7.0,4,155.6102121025326,184.0726642081282,pobre,basal,3,500.0,716.0,1.0,54.0,13,57,7361,7,1.0
98,0.0,0.0,1.7460001,1.0,7.0,4,155.6102121025326,184.0726642081282,pobre,basal,3,500.0,716.0,1.0,54.0,14,57,7361,7,1.0
97,0.0,0.0,1.7460001,1.0,6.0,4,155.6102121025326,184.0726642081282,pobre,basal,3,500.0,716.0,1.0,54.0,11,57,7362,6,1.0
98,0.0,0.0,1.7460001,1.0,6.0,4,155.6102121025326,184.0726642081282,pobre,basal,3,500.0,716.0,1.0,54.0,12,57,7362,6,1.0
97,1.0,0.0,1.7460001,1.0,5.0,5,155.6102121025326,184.0726642081282,pobre,basal,5,625.0,574.0,0.0,32.0,11,57,7363,5,1.0
98,1.0,0.0,1.7460001,1.0,6.0,5,155.6102121025326,184.0726642081282,pobre,basal,5,625.0,574.0,0.0,32.0,12,57,7363,5,1.0
97,0.0,0.0,1.7460001,1.0,2.0,5,155.6102121025326,184.0726642081282,pobre,basal,5,625.0,574.0,0.0,32.0,7,57,7364,2,1.0
98,0.0,0.0,1.7460001,1.0,3.0,5,155.6102121025326,184.0726642081282,pobre,basal,5,625.0,574.0,0.0,32.0,8,57,7364,2,1.0
97,1.0,0.0,1.7460001,1.0,7.0,7,155.6102121025326,184.0726642081282,pobre,basal,0,500.0,587.0,0.0,44.0,12,57,7365,7,1.0
98,1.0,0.0,1.7460001,1.0,7.0,7,155.6102121025326,184.0726642081282,pobre,basal,0,500.0,587.0,0.0,44.0,13,57,7365,7,1.0
97,0.0,0.0,1.7460001,1.0,9.0,7,155.6102121025326,184.0726642081282,pobre,basal,0,500.0,587.0,0.0,44.0,15,57,7366,9,1.0
98,0.0,0.0,1.7460001,,,7,155.6102121025326,184.0726642081282,pobre,basal,0,500.0,587.0,0.0,44.0,16,57,7366,9,1.0
97,1.0,0.0,1.7460001,1.0,4.0,7,155.6102121025326,184.0726642081282,pobre,basal,0,500.0,587.0,0.0,44.0,9,57,7367,4,1.0
98,1.0,0.0,1.7460001,1.0,4.0,7,155.6102121025326,184.0726642081282,pobre,basal,0,500.0,587.0,0.0,44.0,10,57,7367,4,1.0
97,0.0,0.0,1.7460001,1.0,6.0,7,155.6102121025326,184.0726642081282,pobre,basal,0,500.0,587.0,0.0,44.0,10,57,7368,6,1.0
98,0.0,0.0,1.7460001,1.0,6.0,7,155.6102121025326,184.0726642081282,pobre,basal,0,500.0,587.0,0.0,44.0,11,57,7368,6,1.0
97,0.0,0.0,1.7460001,1.0,1.0,7,155.6102121025326,184.0726642081282,pobre,basal,0,500.0,587.0,0.0,44.0,6,57,7369,1,1.0
98,0.0,0.0,1.7460001,1.0,1.0,7,155.6102121025326,184.0726642081282,pobre,basal,0,500.0,587.0,0.0,44.0,7,57,7369,1,1.0
97,1.0,0.0,1.7460001,1.0,9.0,8,155.6102121025326,184.0726642081282,pobre,basal,4,20.0,587.0,1.0,39.0,14,57,7370,9,1.0
98,1.0,0.0,1.7460001,0.0,9.0,8,155.6102121025326,184.0726642081282,pobre,basal,4,20.0,587.0,1.0,39.0,15,57,7370,9,1.0
97,1.0,0.0,1.7460001,1.0,6.0,8,155.6102121025326,184.0726642081282,pobre,basal,4,20.0,587.0,1.0,39.0,12,57,7371,6,1.0
98,1.0,0.0,1.7460001,1.0,7.0,8,155.6102121025326,184.0726642081282,pobre,basal,4,20.0,587.0,1.0,39.0,13,57,7371,6,1.0
97,1.0,0.0,1.7460001,1.0,3.0,8,155.6102121025326,184.0726642081282,pobre,basal,4,20.0,587.0,1.0,39.0,8,57,7372,3,1.0
98,1.0,0.0,1.7460001,1.0,3.0,8,155.6102121025326,184.0726642081282,pobre,basal,4,20.0,587.0,1.0,39.0,9,57,7372,3,1.0
97,1.0,1.0,1.7460001,1.0,9.0,4,155.6102121025326,184.0726642081282,pobre,basal,3,500.0,766.0,1.0,54.0,13,57,7373,9,1.0
98,1.0,1.0,1.7460001,0.0,9.0,4,155.6102121025326,184.0726642081282,pobre,basal,3,500.0,766.0,1.0,54.0,14,57,7373,9,1.0
97,1.0,1.0,1.7460001,1.0,5.0,4,155.6102121025326,184.0726642081282,pobre,basal,3,500.0,766.0,1.0,54.0,10,57,7374,5,1.0
98,1.0,1.0,1.7460001,1.0,6.0,4,155.6102121025326,184.0726642081282,pobre,basal,3,500.0,766.0,1.0,54.0,11,57,7374,5,1.0
97,1.0,0.0,1.7460001,0.0,9.0,5,155.6102121025326,184.0726642081282,pobre,basal,3,500.0,728.0,1.0,61.0,15,57,7375,9,0.0
98,1.0,0.0,1.7460001,0.0,9.0,5,155.6102121025326,184.0726642081282,pobre,basal,3,500.0,728.0,1.0,61.0,16,57,7375,9,0.0
97,0.0,0.0,1.7460001,1.0,4.0,5,155.6102121025326,184.0726642081282,pobre,basal,3,500.0,728.0,1.0,61.0,10,57,7376,4,1.0
98,0.0,0.0,1.7460001,1.0,5.0,5,155.6102121025326,184.0726642081282,pobre,basal,3,500.0,728.0,1.0,61.0,11,57,7376,4,1.0
97,1.0,0.0,1.7460001,1.0,4.0,5,155.6102121025326,184.0726642081282,pobre,basal,3,500.0,728.0,1.0,61.0,10,57,7377,4,1.0
98,1.0,0.0,1.7460001,1.0,5.0,5,155.6102121025326,184.0726642081282,pobre,basal,3,500.0,728.0,1.0,61.0,11,57,7377,4,1.0
97,1.0,0.0,1.7460001,1.0,9.0,8,155.6102121025326,184.0726642081282,pobre,basal,5,500.0,623.0,1.0,37.0,15,57,7378,9,1.0
98,1.0,0.0,1.7460001,1.0,9.0,8,155.6102121025326,184.0726642081282,pobre,basal,5,500.0,623.0,1.0,37.0,16,57,7378,9,1.0
97,0.0,0.0,1.7460001,1.0,7.0,8,155.6102121025326,184.0726642081282,pobre,basal,5,500.0,623.0,1.0,37.0,13,57,7379,7,1.0
98,0.0,0.0,1.7460001,1.0,8.0,8,155.6102121025326,184.0726642081282,pobre,basal,5,500.0,623.0,1.0,37.0,14,57,7379,7,1.0
97,1.0,0.0,1.7460001,1.0,4.0,8,155.6102121025326,184.0726642081282,pobre,basal,5,500.0,623.0,1.0,37.0,10,57,7380,4,1.0
98,1.0,0.0,1.7460001,1.0,5.0,8,155.6102121025326,184.0726642081282,pobre,basal,5,500.0,623.0,1.0,37.0,11,57,7380,4,1.0
97,1.0,0.0,1.7460001,1.0,0.0,8,155.6102121025326,184.0726642081282,pobre,basal,5,500.0,623.0,1.0,37.0,6,57,7381,0,1.0
98,1.0,0.0,1.7460001,1.0,1.0,8,155.6102121025326,184.0726642081282,pobre,basal,5,500.0,623.0,1.0,37.0,7,57,7381,0,1.0
97,1.0,0.0,1.7460001,1.0,3.0,8,155.6102121025326,184.0726642081282,pobre,basal,5,500.0,623.0,1.0,37.0,6,57,7382,3,1.0
98,1.0,0.0,1.7460001,1.0,3.0,8,155.6102121025326,184.0726642081282,pobre,basal,5,500.0,623.0,1.0,37.0,7,57,7382,3,1.0
97,0.0,0.0,1.7460001,0.0,9.0,10,155.6102121025326,184.0726642081282,pobre,basal,2,500.0,682.0,1.0,48.0,16,57,7383,9,0.0
98,0.0,0.0,1.7460001,,,10,155.6102121025326,184.0726642081282,pobre,basal,2,500.0,682.0,1.0,48.0,17,57,7383,9,0.0
97,0.0,0.0,1.7460001,1.0,7.0,10,155.6102121025326,184.0726642081282,pobre,basal,2,500.0,682.0,1.0,48.0,14,57,7384,7,1.0
98,0.0,0.0,1.7460001,1.0,8.0,10,155.6102121025326,184.0726642081282,pobre,basal,2,500.0,682.0,1.0,48.0,15,57,7384,7,1.0
97,1.0,0.0,1.7460001,1.0,6.0,10,155.6102121025326,184.0726642081282,pobre,basal,2,500.0,682.0,1.0,48.0,12,57,7385,6,1.0
98,1.0,0.0,1.7460001,1.0,7.0,10,155.6102121025326,184.0726642081282,pobre,basal,2,500.0,682.0,1.0,48.0,13,57,7385,6,1.0
97,1.0,0.0,1.7460001,1.0,5.0,10,155.6102121025326,184.0726642081282,pobre,basal,2,500.0,682.0,1.0,48.0,10,57,7386,5,1.0
98,1.0,0.0,1.7460001,1.0,6.0,10,155.6102121025326,184.0726642081282,pobre,basal,2,500.0,682.0,1.0,48.0,11,57,7386,5,1.0
97,1.0,0.0,1.7460001,1.0,4.0,10,155.6102121025326,184.0726642081282,pobre,basal,2,500.0,682.0,1.0,48.0,10,57,7387,4,1.0
98,1.0,0.0,1.7460001,,,10,155.6102121025326,184.0726642081282,pobre,basal,2,500.0,682.0,1.0,48.0,11,57,7387,4,1.0
97,1.0,0.0,1.7460001,1.0,2.0,10,155.6102121025326,184.0726642081282,pobre,basal,2,500.0,682.0,1.0,48.0,7,57,7388,2,1.0
98,1.0,0.0,1.7460001,1.0,3.0,10,155.6102121025326,184.0726642081282,pobre,basal,2,500.0,682.0,1.0,48.0,8,57,7388,2,1.0
97,1.0,0.0,1.7460001,1.0,1.0,5,155.6102121025326,184.0726642081282,pobre,basal,9,500.0,663.0,1.0,30.0,7,57,7389,1,1.0
98,1.0,0.0,1.7460001,1.0,2.0,5,155.6102121025326,184.0726642081282,pobre,basal,9,500.0,663.0,1.0,30.0,8,57,7389,1,1.0
97,1.0,0.0,1.7460001,0.0,9.0,5,155.6102121025326,184.0726642081282,no pobre,basal,3,500.0,809.0,1.0,56.0,16,57,7390,9,0.0
98,1.0,0.0,1.7460001,,,5,155.6102121025326,184.0726642081282,no pobre,basal,3,500.0,809.0,1.0,56.0,17,57,7390,9,0.0
97,0.0,0.0,1.7460001,1.0,4.0,5,155.6102121025326,184.0726642081282,no pobre,basal,3,500.0,809.0,1.0,56.0,10,57,7391,4,1.0
98,0.0,0.0,1.7460001,1.0,5.0,5,155.6102121025326,184.0726642081282,no pobre,basal,3,500.0,809.0,1.0,56.0,11,57,7391,4,1.0
97,1.0,0.0,1.7460001,0.0,6.0,6,155.6102121025326,184.0726642081282,pobre,basal,3,500.0,723.0,1.0,57.0,15,57,7392,6,0.0
98,1.0,0.0,1.7460001,1.0,7.0,6,155.6102121025326,184.0726642081282,pobre,basal,3,500.0,723.0,1.0,57.0,16,57,7392,6,0.0
97,1.0,0.0,1.7460001,1.0,5.0,6,155.6102121025326,184.0726642081282,pobre,basal,3,500.0,723.0,1.0,57.0,10,57,7393,5,1.0
98,1.0,0.0,1.7460001,1.0,6.0,6,155.6102121025326,184.0726642081282,pobre,basal,3,500.0,723.0,1.0,57.0,11,57,7393,5,1.0
97,1.0,0.0,1.7460001,1.0,3.0,6,155.6102121025326,184.0726642081282,pobre,basal,3,500.0,723.0,1.0,57.0,10,57,7394,3,1.0
98,1.0,0.0,1.7460001,1.0,4.0,6,155.6102121025326,184.0726642081282,pobre,basal,3,500.0,723.0,1.0,57.0,11,57,7394,3,1.0
97,0.0,0.0,1.7460001,1.0,6.0,7,155.6102121025326,184.0726642081282,pobre,basal,3,500.0,617.0,1.0,47.0,13,57,7395,6,1.0
98,0.0,0.0,1.7460001,1.0,7.0,7,155.6102121025326,184.0726642081282,pobre,basal,3,500.0,617.0,1.0,47.0,14,57,7395,6,1.0
97,0.0,0.0,1.7460001,1.0,4.0,7,155.6102121025326,184.0726642081282,pobre,basal,3,500.0,617.0,1.0,47.0,10,57,7396,4,1.0
98,0.0,0.0,1.7460001,1.0,5.0,7,155.6102121025326,184.0726642081282,pobre,basal,3,500.0,617.0,1.0,47.0,11,57,7396,4,1.0
97,0.0,0.0,1.7460001,1.0,1.0,7,155.6102121025326,184.0726642081282,pobre,basal,3,500.0,617.0,1.0,47.0,7,57,7397,1,1.0
98,0.0,0.0,1.7460001,1.0,2.0,7,155.6102121025326,184.0726642081282,pobre,basal,3,500.0,617.0,1.0,47.0,8,57,7397,1,1.0
97,1.0,0.0,1.7460001,1.0,5.0,6,155.6102121025326,184.0726642081282,no pobre,basal,3,500.0,809.0,1.0,50.0,12,57,7398,5,1.0
98,1.0,0.0,1.7460001,1.0,6.0,6,155.6102121025326,184.0726642081282,no pobre,basal,3,500.0,809.0,1.0,50.0,13,57,7398,5,1.0
97,0.0,0.0,1.7460001,1.0,3.0,6,155.6102121025326,184.0726642081282,no pobre,basal,3,500.0,809.0,1.0,50.0,8,57,7399,3,1.0
98,0.0,0.0,1.7460001,1.0,4.0,6,155.6102121025326,184.0726642081282,no pobre,basal,3,500.0,809.0,1.0,50.0,9,57,7399,3,1.0
97,0.0,0.0,1.7460001,1.0,1.0,6,155.6102121025326,184.0726642081282,no pobre,basal,3,500.0,809.0,1.0,50.0,6,57,7400,1,1.0
98,0.0,0.0,1.7460001,1.0,2.0,6,155.6102121025326,184.0726642081282,no pobre,basal,3,500.0,809.0,1.0,50.0,7,57,7400,1,1.0
97,0.0,0.0,1.7460001,0.0,9.0,8,155.6102121025326,184.0726642081282,pobre,basal,3,500.0,565.0,1.0,48.0,16,57,7401,9,0.0
98,0.0,0.0,1.7460001,,,8,155.6102121025326,184.0726642081282,pobre,basal,3,500.0,565.0,1.0,48.0,17,57,7401,9,0.0
97,0.0,0.0,1.7460001,1.0,8.0,8,155.6102121025326,184.0726642081282,pobre,basal,3,500.0,565.0,1.0,48.0,14,57,7402,8,1.0
98,0.0,0.0,1.7460001,0.0,9.0,8,155.6102121025326,184.0726642081282,pobre,basal,3,500.0,565.0,1.0,48.0,15,57,7402,8,1.0
97,0.0,0.0,1.7460001,1.0,6.0,8,155.6102121025326,184.0726642081282,pobre,basal,3,500.0,565.0,1.0,48.0,12,57,7403,6,1.0
98,0.0,0.0,1.7460001,1.0,7.0,8,155.6102121025326,184.0726642081282,pobre,basal,3,500.0,565.0,1.0,48.0,13,57,7403,6,1.0
97,0.0,0.0,1.7460001,1.0,3.0,8,155.6102121025326,184.0726642081282,pobre,basal,3,500.0,565.0,1.0,48.0,9,57,7404,3,1.0
98,0.0,0.0,1.7460001,1.0,4.0,8,155.6102121025326,184.0726642081282,pobre,basal,3,500.0,565.0,1.0,48.0,10,57,7404,3,1.0
97,1.0,0.0,1.7460001,1.0,1.0,8,155.6102121025326,184.0726642081282,pobre,basal,3,500.0,565.0,1.0,48.0,7,57,7405,1,1.0
98,1.0,0.0,1.7460001,1.0,2.0,8,155.6102121025326,184.0726642081282,pobre,basal,3,500.0,565.0,1.0,48.0,8,57,7405,1,1.0
97,0.0,0.0,1.7460001,1.0,5.0,7,155.6102121025326,184.0726642081282,no pobre,basal,0,0.0,1061.25,1.0,70.0,11,57,7406,5,1.0
98,0.0,0.0,1.7460001,,,7,155.6102121025326,184.0726642081282,no pobre,basal,0,0.0,1061.25,1.0,70.0,12,57,7406,5,1.0
97,0.0,0.0,1.7460001,1.0,0.0,7,155.6102121025326,184.0726642081282,no pobre,basal,0,0.0,1061.25,1.0,70.0,6,57,7407,0,1.0
98,0.0,0.0,1.7460001,1.0,1.0,7,155.6102121025326,184.0726642081282,no pobre,basal,0,0.0,1061.25,1.0,70.0,7,57,7407,0,1.0
97,1.0,0.0,1.7460001,1.0,7.0,5,155.6102121025326,184.0726642081282,pobre,basal,3,0.0,759.0,1.0,63.0,13,57,7408,7,1.0
98,1.0,0.0,1.7460001,1.0,8.0,5,155.6102121025326,184.0726642081282,pobre,basal,3,0.0,759.0,1.0,63.0,14,57,7408,7,1.0
97,1.0,0.0,1.7460001,1.0,5.0,7,155.6102121025326,184.0726642081282,pobre,basal,3,500.0,517.0,1.0,53.0,13,57,7409,5,1.0
98,1.0,0.0,1.7460001,1.0,6.0,7,155.6102121025326,184.0726642081282,pobre,basal,3,500.0,517.0,1.0,53.0,14,57,7409,5,1.0
97,0.0,0.0,1.7460001,1.0,4.0,7,155.6102121025326,184.0726642081282,pobre,basal,3,500.0,517.0,1.0,53.0,10,57,7410,4,1.0
98,0.0,0.0,1.7460001,1.0,5.0,7,155.6102121025326,184.0726642081282,pobre,basal,3,500.0,517.0,1.0,53.0,11,57,7410,4,1.0
97,1.0,1.0,1.7460001,1.0,8.0,5,155.6102121025326,184.0726642081282,pobre,basal,3,500.0,739.0,1.0,48.0,13,57,7411,8,1.0
98,1.0,1.0,1.7460001,1.0,8.0,5,155.6102121025326,184.0726642081282,pobre,basal,3,500.0,739.0,1.0,48.0,14,57,7411,8,1.0
97,1.0,1.0,1.7460001,1.0,4.0,6,155.6102121025326,184.0726642081282,pobre,basal,6,500.0,633.0,1.0,36.0,9,57,7412,4,1.0
98,1.0,1.0,1.7460001,1.0,4.0,6,155.6102121025326,184.0726642081282,pobre,basal,6,500.0,633.0,1.0,36.0,10,57,7412,4,1.0
97,0.0,1.0,1.7460001,1.0,3.0,6,155.6102121025326,184.0726642081282,pobre,basal,6,500.0,633.0,1.0,36.0,7,57,7413,3,1.0
98,0.0,1.0,1.7460001,1.0,3.0,6,155.6102121025326,184.0726642081282,pobre,basal,6,500.0,633.0,1.0,36.0,8,57,7413,3,1.0
97,0.0,1.0,1.7460001,1.0,8.0,6,155.6102121025326,184.0726642081282,pobre,basal,3,500.0,686.33002,1.0,62.0,13,57,7414,8,1.0
98,0.0,1.0,1.7460001,1.0,8.0,6,155.6102121025326,184.0726642081282,pobre,basal,3,500.0,686.33002,1.0,62.0,14,57,7414,8,1.0
97,1.0,1.0,1.7460001,1.0,5.0,6,155.6102121025326,184.0726642081282,pobre,basal,3,500.0,686.33002,1.0,62.0,9,57,7415,5,1.0
98,1.0,1.0,1.7460001,1.0,6.0,6,155.6102121025326,184.0726642081282,pobre,basal,3,500.0,686.33002,1.0,62.0,10,57,7415,5,1.0
97,1.0,1.0,1.7460001,0.0,9.0,5,155.6102121025326,184.0726642081282,pobre,basal,9,1250.0,732.5,0.0,37.0,15,57,7416,9,0.0
98,1.0,1.0,1.7460001,,,5,155.6102121025326,184.0726642081282,pobre,basal,9,1250.0,732.5,0.0,37.0,16,57,7416,9,0.0
97,1.0,1.0,1.7460001,1.0,3.0,5,155.6102121025326,184.0726642081282,pobre,basal,9,1250.0,732.5,0.0,37.0,8,57,7417,3,1.0
98,1.0,1.0,1.7460001,1.0,3.0,5,155.6102121025326,184.0726642081282,pobre,basal,9,1250.0,732.5,0.0,37.0,9,57,7417,3,1.0
97,0.0,1.0,1.7460001,1.0,4.0,5,155.6102121025326,184.0726642081282,pobre,basal,2,500.0,661.0,1.0,36.0,9,57,7418,4,1.0
98,0.0,1.0,1.7460001,1.0,5.0,5,155.6102121025326,184.0726642081282,pobre,basal,2,500.0,661.0,1.0,36.0,10,57,7418,4,1.0
97,0.0,1.0,1.7460001,,0.0,5,155.6102121025326,184.0726642081282,pobre,basal,2,500.0,661.0,1.0,36.0,6,57,7419,0,
98,0.0,1.0,1.7460001,1.0,1.0,5,155.6102121025326,184.0726642081282,pobre,basal,2,500.0,661.0,1.0,36.0,7,57,7419,0,
97,1.0,1.0,1.7460001,1.0,7.0,5,155.6102121025326,184.0726642081282,pobre,basal,3,500.0,713.0,1.0,50.0,15,57,7420,7,1.0
98,1.0,1.0,1.7460001,1.0,8.0,5,155.6102121025326,184.0726642081282,pobre,basal,3,500.0,713.0,1.0,50.0,16,57,7420,7,1.0
97,0.0,1.0,1.7460001,1.0,7.0,5,155.6102121025326,184.0726642081282,pobre,basal,3,500.0,713.0,1.0,50.0,13,57,7421,7,1.0
98,0.0,1.0,1.7460001,1.0,8.0,5,155.6102121025326,184.0726642081282,pobre,basal,3,500.0,713.0,1.0,50.0,14,57,7421,7,1.0
97,0.0,1.0,1.7460001,1.0,9.0,7,155.6102121025326,184.0726642081282,pobre,basal,6,1000.0,627.0,1.0,56.0,16,57,7422,9,1.0
98,0.0,1.0,1.7460001,1.0,9.0,7,155.6102121025326,184.0726642081282,pobre,basal,6,1000.0,627.0,1.0,56.0,17,57,7422,9,1.0
97,1.0,1.0,1.7460001,1.0,8.0,7,155.6102121025326,184.0726642081282,pobre,basal,6,1000.0,627.0,1.0,56.0,14,57,7423,8,1.0
98,1.0,1.0,1.7460001,1.0,8.0,7,155.6102121025326,184.0726642081282,pobre,basal,6,1000.0,627.0,1.0,56.0,15,57,7423,8,1.0
97,0.0,1.0,1.7460001,1.0,5.0,7,155.6102121025326,184.0726642081282,pobre,basal,6,1000.0,627.0,1.0,56.0,10,57,7424,5,1.0
98,0.0,1.0,1.7460001,1.0,6.0,7,155.6102121025326,184.0726642081282,pobre,basal,6,1000.0,627.0,1.0,56.0,11,57,7424,5,1.0
97,1.0,0.0,1.7460001,0.0,9.0,6,155.6102121025326,184.0726642081282,pobre,basal,3,500.0,715.0,1.0,46.0,16,57,7425,9,0.0
98,1.0,0.0,1.7460001,,,6,155.6102121025326,184.0726642081282,pobre,basal,3,500.0,715.0,1.0,46.0,17,57,7425,9,0.0
97,1.0,0.0,1.7460001,1.0,7.0,6,155.6102121025326,184.0726642081282,pobre,basal,3,500.0,715.0,1.0,46.0,13,57,7426,7,1.0
98,1.0,0.0,1.7460001,1.0,7.0,6,155.6102121025326,184.0726642081282,pobre,basal,3,500.0,715.0,1.0,46.0,14,57,7426,7,1.0
97,1.0,0.0,1.7460001,1.0,6.0,6,155.6102121025326,184.0726642081282,pobre,basal,3,500.0,715.0,1.0,46.0,11,57,7427,6,1.0
98,1.0,0.0,1.7460001,1.0,6.0,6,155.6102121025326,184.0726642081282,pobre,basal,3,500.0,715.0,1.0,46.0,12,57,7427,6,1.0
97,0.0,0.0,1.7460001,1.0,1.0,6,155.6102121025326,184.0726642081282,pobre,basal,3,500.0,715.0,1.0,46.0,6,57,7428,1,1.0
98,0.0,0.0,1.7460001,1.0,1.0,6,155.6102121025326,184.0726642081282,pobre,basal,3,500.0,715.0,1.0,46.0,7,57,7428,1,1.0
97,1.0,1.0,3.7880001,0.0,3.0,3,111.2286118339145,111.2286118339145,pobre,basal,0,500.0,867.5,1.0,44.0,8,38,7429,3,0.0
98,1.0,1.0,3.7880001,1.0,2.0,3,111.2286118339145,111.2286118339145,pobre,basal,0,500.0,867.5,1.0,44.0,9,38,7429,3,0.0
97,0.0,1.0,3.7880001,0.0,6.0,6,111.2286118339145,111.2286118339145,pobre,basal,3,750.0,767.0,1.0,39.0,12,38,7430,6,0.0
98,0.0,1.0,3.7880001,1.0,6.0,6,111.2286118339145,111.2286118339145,pobre,basal,3,750.0,767.0,1.0,39.0,13,38,7430,6,0.0
97,0.0,1.0,3.7880001,1.0,4.0,6,111.2286118339145,111.2286118339145,pobre,basal,3,750.0,767.0,1.0,39.0,10,38,7431,4,1.0
98,0.0,1.0,3.7880001,1.0,5.0,6,111.2286118339145,111.2286118339145,pobre,basal,3,750.0,767.0,1.0,39.0,11,38,7431,4,1.0
97,1.0,1.0,3.7880001,1.0,1.0,6,111.2286118339145,111.2286118339145,pobre,basal,3,750.0,767.0,1.0,39.0,7,38,7432,1,1.0
98,1.0,1.0,3.7880001,1.0,2.0,6,111.2286118339145,111.2286118339145,pobre,basal,3,750.0,767.0,1.0,39.0,8,38,7432,1,1.0
97,1.0,1.0,3.7880001,0.0,6.0,11,111.2286118339145,111.2286118339145,pobre,basal,3,0.0,814.0,1.0,40.0,16,38,7433,6,0.0
98,1.0,1.0,3.7880001,,,11,111.2286118339145,111.2286118339145,pobre,basal,3,0.0,814.0,1.0,40.0,17,38,7433,6,0.0
97,1.0,1.0,3.7880001,0.0,6.0,11,111.2286118339145,111.2286118339145,pobre,basal,3,0.0,814.0,1.0,40.0,14,38,7434,6,0.0
98,1.0,1.0,3.7880001,1.0,6.0,11,111.2286118339145,111.2286118339145,pobre,basal,3,0.0,814.0,1.0,40.0,15,38,7434,6,0.0
97,1.0,1.0,3.7880001,0.0,6.0,11,111.2286118339145,111.2286118339145,pobre,basal,3,0.0,814.0,1.0,40.0,12,38,7435,6,0.0
98,1.0,1.0,3.7880001,1.0,6.0,11,111.2286118339145,111.2286118339145,pobre,basal,3,0.0,814.0,1.0,40.0,13,38,7435,6,0.0
97,0.0,1.0,3.7880001,1.0,4.0,11,111.2286118339145,111.2286118339145,pobre,basal,3,0.0,814.0,1.0,40.0,10,38,7436,4,1.0
98,0.0,1.0,3.7880001,1.0,5.0,11,111.2286118339145,111.2286118339145,pobre,basal,3,0.0,814.0,1.0,40.0,11,38,7436,4,1.0
97,0.0,1.0,3.7880001,1.0,2.0,11,111.2286118339145,111.2286118339145,pobre,basal,3,0.0,814.0,1.0,40.0,8,38,7437,2,1.0
98,0.0,1.0,3.7880001,1.0,3.0,11,111.2286118339145,111.2286118339145,pobre,basal,3,0.0,814.0,1.0,40.0,9,38,7437,2,1.0
97,0.0,0.0,3.7880001,0.0,9.0,11,111.2286118339145,111.2286118339145,pobre,basal,3,0.0,814.0,1.0,40.0,16,38,7438,9,0.0
98,0.0,0.0,3.7880001,,,11,111.2286118339145,111.2286118339145,pobre,basal,3,0.0,814.0,1.0,40.0,17,38,7438,9,0.0
97,1.0,1.0,3.7880001,1.0,5.0,7,111.2286118339145,111.2286118339145,pobre,basal,3,500.0,881.0,1.0,41.0,11,38,7439,5,1.0
98,1.0,1.0,3.7880001,1.0,6.0,7,111.2286118339145,111.2286118339145,pobre,basal,3,500.0,881.0,1.0,41.0,12,38,7439,5,1.0
97,1.0,1.0,3.7880001,1.0,4.0,7,111.2286118339145,111.2286118339145,pobre,basal,3,500.0,881.0,1.0,41.0,9,38,7440,4,1.0
98,1.0,1.0,3.7880001,1.0,5.0,7,111.2286118339145,111.2286118339145,pobre,basal,3,500.0,881.0,1.0,41.0,10,38,7440,4,1.0
97,0.0,1.0,3.7880001,1.0,0.0,7,111.2286118339145,111.2286118339145,pobre,basal,3,500.0,881.0,1.0,41.0,6,38,7441,0,1.0
98,0.0,1.0,3.7880001,1.0,1.0,7,111.2286118339145,111.2286118339145,pobre,basal,3,500.0,881.0,1.0,41.0,7,38,7441,0,1.0
97,1.0,1.0,3.7880001,1.0,5.0,6,111.2286118339145,111.2286118339145,pobre,basal,6,625.0,765.0,1.0,37.0,11,38,7442,5,1.0
98,1.0,1.0,3.7880001,1.0,0.0,6,111.2286118339145,111.2286118339145,pobre,basal,6,625.0,765.0,1.0,37.0,12,38,7442,5,1.0
97,1.0,1.0,3.7880001,1.0,2.0,6,111.2286118339145,111.2286118339145,pobre,basal,6,625.0,765.0,1.0,37.0,9,38,7443,2,1.0
98,1.0,1.0,3.7880001,1.0,5.0,6,111.2286118339145,111.2286118339145,pobre,basal,6,625.0,765.0,1.0,37.0,10,38,7443,2,1.0
97,1.0,1.0,3.7880001,1.0,1.0,6,111.2286118339145,111.2286118339145,pobre,basal,6,625.0,765.0,1.0,37.0,7,38,7444,1,1.0
98,1.0,1.0,3.7880001,1.0,2.0,6,111.2286118339145,111.2286118339145,pobre,basal,6,625.0,765.0,1.0,37.0,8,38,7444,1,1.0
97,0.0,1.0,3.7880001,,0.0,6,111.2286118339145,111.2286118339145,pobre,basal,6,625.0,765.0,1.0,37.0,6,38,7445,0,
98,0.0,1.0,3.7880001,1.0,1.0,6,111.2286118339145,111.2286118339145,pobre,basal,6,625.0,765.0,1.0,37.0,7,38,7445,0,
97,0.0,1.0,3.7880001,1.0,4.0,6,111.2286118339145,111.2286118339145,pobre,basal,6,600.0,651.0,1.0,32.0,10,38,7446,4,1.0
98,0.0,1.0,3.7880001,1.0,5.0,6,111.2286118339145,111.2286118339145,pobre,basal,6,600.0,651.0,1.0,32.0,11,38,7446,4,1.0
97,1.0,1.0,3.7880001,1.0,1.0,6,111.2286118339145,111.2286118339145,pobre,basal,6,600.0,651.0,1.0,32.0,8,38,7447,1,1.0
98,1.0,1.0,3.7880001,1.0,2.0,6,111.2286118339145,111.2286118339145,pobre,basal,6,600.0,651.0,1.0,32.0,9,38,7447,1,1.0
97,0.0,0.0,3.7880001,1.0,10.0,4,111.2286118339145,111.2286118339145,no pobre,basal,3,1000.0,1077.0,1.0,49.0,15,38,7448,10,1.0
98,0.0,0.0,3.7880001,1.0,10.0,4,111.2286118339145,111.2286118339145,no pobre,basal,3,1000.0,1077.0,1.0,49.0,16,38,7448,10,1.0
97,0.0,1.0,3.7880001,1.0,6.0,7,111.2286118339145,111.2286118339145,pobre,basal,2,625.0,802.5,1.0,36.0,11,38,7449,6,1.0
98,0.0,1.0,3.7880001,1.0,7.0,7,111.2286118339145,111.2286118339145,pobre,basal,2,625.0,802.5,1.0,36.0,12,38,7449,6,1.0
97,0.0,1.0,3.7880001,1.0,5.0,7,111.2286118339145,111.2286118339145,pobre,basal,2,625.0,802.5,1.0,36.0,10,38,7450,5,1.0
98,0.0,1.0,3.7880001,1.0,6.0,7,111.2286118339145,111.2286118339145,pobre,basal,2,625.0,802.5,1.0,36.0,11,38,7450,5,1.0
97,0.0,1.0,3.7880001,1.0,3.0,7,111.2286118339145,111.2286118339145,pobre,basal,2,625.0,802.5,1.0,36.0,7,38,7451,3,1.0
98,0.0,1.0,3.7880001,1.0,4.0,7,111.2286118339145,111.2286118339145,pobre,basal,2,625.0,802.5,1.0,36.0,8,38,7451,3,1.0
97,1.0,0.0,3.7880001,,0.0,14,111.2286118339145,111.2286118339145,pobre,basal,3,500.0,880.0,1.0,37.0,7,38,7452,0,
98,1.0,0.0,3.7880001,,,14,111.2286118339145,111.2286118339145,pobre,basal,3,500.0,880.0,1.0,37.0,8,38,7452,0,
97,1.0,1.0,3.7880001,1.0,0.0,14,111.2286118339145,111.2286118339145,pobre,basal,3,500.0,880.0,1.0,37.0,6,38,7453,0,1.0
98,1.0,1.0,3.7880001,1.0,1.0,14,111.2286118339145,111.2286118339145,pobre,basal,3,500.0,880.0,1.0,37.0,7,38,7453,0,1.0
97,1.0,1.0,3.7880001,1.0,8.0,14,111.2286118339145,111.2286118339145,pobre,basal,3,500.0,880.0,1.0,37.0,13,38,7454,8,1.0
98,1.0,1.0,3.7880001,1.0,7.0,14,111.2286118339145,111.2286118339145,pobre,basal,3,500.0,880.0,1.0,37.0,14,38,7454,8,1.0
97,0.0,1.0,3.7880001,1.0,9.0,14,111.2286118339145,111.2286118339145,pobre,basal,3,500.0,880.0,1.0,37.0,16,38,7455,9,1.0
98,0.0,1.0,3.7880001,,,14,111.2286118339145,111.2286118339145,pobre,basal,3,500.0,880.0,1.0,37.0,17,38,7455,9,1.0
97,0.0,1.0,3.7880001,0.0,6.0,10,111.2286118339145,111.2286118339145,pobre,basal,6,375.0,637.0,1.0,25.0,15,38,7456,6,0.0
98,0.0,1.0,3.7880001,0.0,6.0,10,111.2286118339145,111.2286118339145,pobre,basal,6,375.0,637.0,1.0,25.0,16,38,7456,6,0.0
97,0.0,1.0,3.7880001,0.0,6.0,10,111.2286118339145,111.2286118339145,pobre,basal,6,375.0,637.0,1.0,25.0,13,38,7457,6,0.0
98,0.0,1.0,3.7880001,0.0,6.0,10,111.2286118339145,111.2286118339145,pobre,basal,6,375.0,637.0,1.0,25.0,14,38,7457,6,0.0
97,1.0,1.0,3.7880001,1.0,5.0,10,111.2286118339145,111.2286118339145,pobre,basal,6,375.0,637.0,1.0,25.0,11,38,7458,5,1.0
98,1.0,1.0,3.7880001,1.0,6.0,10,111.2286118339145,111.2286118339145,pobre,basal,6,375.0,637.0,1.0,25.0,12,38,7458,5,1.0
97,1.0,1.0,3.7880001,1.0,2.0,10,111.2286118339145,111.2286118339145,pobre,basal,6,375.0,637.0,1.0,25.0,9,38,7459,2,1.0
98,1.0,1.0,3.7880001,1.0,3.0,10,111.2286118339145,111.2286118339145,pobre,basal,6,375.0,637.0,1.0,25.0,10,38,7459,2,1.0
97,1.0,1.0,3.7880001,1.0,1.0,10,111.2286118339145,111.2286118339145,pobre,basal,6,375.0,637.0,1.0,25.0,6,38,7460,1,1.0
98,1.0,1.0,3.7880001,,,10,111.2286118339145,111.2286118339145,pobre,basal,6,375.0,637.0,1.0,25.0,7,38,7460,1,1.0
97,1.0,1.0,3.7880001,1.0,0.0,6,111.2286118339145,111.2286118339145,pobre,basal,6,625.0,682.0,1.0,27.0,6,38,7461,0,1.0
98,1.0,1.0,3.7880001,,,6,111.2286118339145,111.2286118339145,pobre,basal,6,625.0,682.0,1.0,27.0,7,38,7461,0,1.0
97,1.0,1.0,0.0,1.0,1.0,4,128.0156027487206,141.9563896693565,pobre,basal,6,375.0,581.0,1.0,27.0,7,77,7462,1,1.0
98,1.0,1.0,0.0,,,4,128.0156027487206,141.9563896693565,pobre,basal,6,375.0,581.0,1.0,27.0,8,77,7462,1,1.0
97,1.0,1.0,0.0,1.0,10.0,5,128.0156027487206,141.9563896693565,no pobre,basal,9,0.0,1010.0,1.0,42.0,15,77,7463,10,1.0
98,1.0,1.0,0.0,0.0,9.0,5,128.0156027487206,141.9563896693565,no pobre,basal,9,0.0,1010.0,1.0,42.0,16,77,7463,10,1.0
97,1.0,1.0,0.0,1.0,2.0,5,128.0156027487206,141.9563896693565,no pobre,basal,9,0.0,1010.0,1.0,42.0,12,77,7464,2,1.0
98,1.0,1.0,0.0,1.0,3.0,5,128.0156027487206,141.9563896693565,no pobre,basal,9,0.0,1010.0,1.0,42.0,13,77,7464,2,1.0
97,1.0,1.0,0.0,1.0,6.0,6,128.0156027487206,141.9563896693565,pobre,basal,0,375.0,657.0,1.0,48.0,14,77,7465,6,1.0
98,1.0,1.0,0.0,1.0,6.0,6,128.0156027487206,141.9563896693565,pobre,basal,0,375.0,657.0,1.0,48.0,15,77,7465,6,1.0
97,1.0,1.0,0.0,1.0,6.0,6,128.0156027487206,141.9563896693565,pobre,basal,0,375.0,657.0,1.0,48.0,11,77,7466,6,1.0
98,1.0,1.0,0.0,1.0,6.0,6,128.0156027487206,141.9563896693565,pobre,basal,0,375.0,657.0,1.0,48.0,12,77,7466,6,1.0
97,1.0,1.0,0.0,1.0,2.0,6,128.0156027487206,141.9563896693565,pobre,basal,0,375.0,657.0,1.0,48.0,8,77,7467,2,1.0
98,1.0,1.0,0.0,1.0,0.0,6,128.0156027487206,141.9563896693565,pobre,basal,0,375.0,657.0,1.0,48.0,9,77,7467,2,1.0
97,0.0,1.0,0.0,1.0,8.0,4,128.0156027487206,141.9563896693565,pobre,basal,0,250.0,726.0,1.0,49.0,16,77,7468,8,1.0
98,0.0,1.0,0.0,0.0,9.0,4,128.0156027487206,141.9563896693565,pobre,basal,0,250.0,726.0,1.0,49.0,17,77,7468,8,1.0
97,0.0,1.0,0.0,1.0,7.0,4,128.0156027487206,141.9563896693565,pobre,basal,0,250.0,726.0,1.0,49.0,11,77,7469,7,1.0
98,0.0,1.0,0.0,1.0,8.0,4,128.0156027487206,141.9563896693565,pobre,basal,0,250.0,726.0,1.0,49.0,12,77,7469,7,1.0
97,0.0,1.0,0.0,1.0,4.0,6,128.0156027487206,141.9563896693565,pobre,basal,6,0.0,647.0,1.0,32.0,9,77,7470,4,1.0
98,0.0,1.0,0.0,1.0,5.0,6,128.0156027487206,141.9563896693565,pobre,basal,6,0.0,647.0,1.0,32.0,10,77,7470,4,1.0
97,0.0,1.0,0.0,1.0,2.0,6,128.0156027487206,141.9563896693565,pobre,basal,6,0.0,647.0,1.0,32.0,8,77,7471,2,1.0
98,0.0,1.0,0.0,,,6,128.0156027487206,141.9563896693565,pobre,basal,6,0.0,647.0,1.0,32.0,9,77,7471,2,1.0
97,1.0,1.0,0.0,1.0,1.0,6,128.0156027487206,141.9563896693565,pobre,basal,6,0.0,647.0,1.0,32.0,6,77,7472,1,1.0
98,1.0,1.0,0.0,1.0,2.0,6,128.0156027487206,141.9563896693565,pobre,basal,6,0.0,647.0,1.0,32.0,7,77,7472,1,1.0
97,1.0,0.0,4.0819998,0.0,6.0,14,111.576243185751,167.0639280149408,pobre,0,3,750.0,625.5,1.0,41.0,15,84,7473,6,0.0
98,1.0,0.0,4.0819998,,,14,111.576243185751,167.0639280149408,pobre,0,3,750.0,625.5,1.0,41.0,16,84,7473,6,0.0
97,1.0,0.0,4.0819998,1.0,4.0,14,111.576243185751,167.0639280149408,pobre,0,3,750.0,625.5,1.0,41.0,13,84,7474,4,1.0
98,1.0,0.0,4.0819998,,,14,111.576243185751,167.0639280149408,pobre,0,3,750.0,625.5,1.0,41.0,14,84,7474,4,1.0
97,0.0,0.0,4.0819998,1.0,3.0,14,111.576243185751,167.0639280149408,pobre,0,3,750.0,625.5,1.0,41.0,10,84,7475,3,1.0
98,0.0,0.0,4.0819998,,,14,111.576243185751,167.0639280149408,pobre,0,3,750.0,625.5,1.0,41.0,11,84,7475,3,1.0
97,1.0,0.0,4.0819998,1.0,2.0,14,111.576243185751,167.0639280149408,pobre,0,3,750.0,625.5,1.0,41.0,9,84,7476,2,1.0
98,1.0,0.0,4.0819998,,,14,111.576243185751,167.0639280149408,pobre,0,3,750.0,625.5,1.0,41.0,10,84,7476,2,1.0
97,0.0,0.0,4.0819998,1.0,1.0,14,111.576243185751,167.0639280149408,pobre,0,3,750.0,625.5,1.0,41.0,7,84,7477,1,1.0
98,0.0,0.0,4.0819998,,,14,111.576243185751,167.0639280149408,pobre,0,3,750.0,625.5,1.0,41.0,8,84,7477,1,1.0
97,0.0,0.0,4.0819998,,4.0,5,111.576243185751,167.0639280149408,pobre,0,0,750.0,593.33002,1.0,52.0,12,84,7478,4,
98,0.0,0.0,4.0819998,1.0,5.0,5,111.576243185751,167.0639280149408,pobre,0,0,750.0,593.33002,1.0,52.0,13,84,7478,4,
97,1.0,0.0,4.0819998,,1.0,5,111.576243185751,167.0639280149408,pobre,0,0,750.0,593.33002,1.0,52.0,9,84,7479,1,
98,1.0,0.0,4.0819998,1.0,2.0,5,111.576243185751,167.0639280149408,pobre,0,0,750.0,593.33002,1.0,52.0,10,84,7479,1,
97,1.0,1.0,0.0,1.0,5.0,8,128.0156027487206,141.9563896693565,pobre,basal,0,2875.0,557.0,1.0,47.0,11,77,7480,5,1.0
98,1.0,1.0,0.0,1.0,3.0,8,128.0156027487206,141.9563896693565,pobre,basal,0,2875.0,557.0,1.0,47.0,12,77,7480,5,1.0
97,1.0,1.0,0.0,1.0,3.0,8,128.0156027487206,141.9563896693565,pobre,basal,0,2875.0,557.0,1.0,47.0,10,77,7481,3,1.0
98,1.0,1.0,0.0,1.0,4.0,8,128.0156027487206,141.9563896693565,pobre,basal,0,2875.0,557.0,1.0,47.0,11,77,7481,3,1.0
97,0.0,1.0,0.0,1.0,1.0,8,128.0156027487206,141.9563896693565,pobre,basal,0,2875.0,557.0,1.0,47.0,8,77,7482,1,1.0
98,0.0,1.0,0.0,1.0,2.0,8,128.0156027487206,141.9563896693565,pobre,basal,0,2875.0,557.0,1.0,47.0,9,77,7482,1,1.0
97,0.0,1.0,0.0,1.0,3.0,4,128.0156027487206,141.9563896693565,pobre,basal,0,0.0,713.0,0.0,51.0,10,77,7483,3,1.0
98,0.0,1.0,0.0,1.0,4.0,4,128.0156027487206,141.9563896693565,pobre,basal,0,0.0,713.0,0.0,51.0,11,77,7483,3,1.0
97,1.0,1.0,0.0,1.0,1.0,4,128.0156027487206,141.9563896693565,pobre,basal,0,500.0,698.70001,1.0,60.0,12,77,7484,1,1.0
98,1.0,1.0,0.0,0.0,0.0,4,128.0156027487206,141.9563896693565,pobre,basal,0,500.0,698.70001,1.0,60.0,13,77,7484,1,1.0
97,0.0,1.0,0.0,1.0,1.0,4,128.0156027487206,141.9563896693565,pobre,basal,0,500.0,698.70001,1.0,60.0,8,77,7485,1,1.0
98,0.0,1.0,0.0,1.0,2.0,4,128.0156027487206,141.9563896693565,pobre,basal,0,500.0,698.70001,1.0,60.0,9,77,7485,1,1.0
97,0.0,1.0,0.0,1.0,1.0,4,128.0156027487206,141.9563896693565,pobre,basal,0,500.0,698.70001,1.0,60.0,6,77,7486,1,1.0
98,0.0,1.0,0.0,1.0,2.0,4,128.0156027487206,141.9563896693565,pobre,basal,0,500.0,698.70001,1.0,60.0,7,77,7486,1,1.0
97,0.0,1.0,0.0,1.0,8.0,10,128.0156027487206,141.9563896693565,pobre,basal,2,460.0,604.0,1.0,45.0,15,77,7487,8,1.0
98,0.0,1.0,0.0,1.0,8.0,10,128.0156027487206,141.9563896693565,pobre,basal,2,460.0,604.0,1.0,45.0,16,77,7487,8,1.0
97,1.0,1.0,0.0,1.0,5.0,10,128.0156027487206,141.9563896693565,pobre,basal,2,460.0,604.0,1.0,45.0,12,77,7488,5,1.0
98,1.0,1.0,0.0,1.0,6.0,10,128.0156027487206,141.9563896693565,pobre,basal,2,460.0,604.0,1.0,45.0,13,77,7488,5,1.0
97,0.0,1.0,0.0,1.0,4.0,10,128.0156027487206,141.9563896693565,pobre,basal,2,460.0,604.0,1.0,45.0,10,77,7489,4,1.0
98,0.0,1.0,0.0,1.0,5.0,10,128.0156027487206,141.9563896693565,pobre,basal,2,460.0,604.0,1.0,45.0,11,77,7489,4,1.0
97,0.0,1.0,0.0,1.0,3.0,10,128.0156027487206,141.9563896693565,pobre,basal,2,460.0,604.0,1.0,45.0,8,77,7490,3,1.0
98,0.0,1.0,0.0,1.0,4.0,10,128.0156027487206,141.9563896693565,pobre,basal,2,460.0,604.0,1.0,45.0,9,77,7490,3,1.0
97,1.0,0.0,4.5300002,1.0,3.0,6,161.2109233991632,182.6693661024627,pobre,basal,6,460.0,648.0,1.0,32.0,9,104,7491,3,1.0
98,1.0,0.0,4.5300002,1.0,4.0,6,161.2109233991632,182.6693661024627,pobre,basal,6,460.0,648.0,1.0,32.0,10,104,7491,3,1.0
97,0.0,0.0,4.5300002,1.0,3.0,6,161.2109233991632,182.6693661024627,pobre,basal,6,460.0,648.0,1.0,32.0,6,104,7492,3,1.0
98,0.0,0.0,4.5300002,1.0,3.0,6,161.2109233991632,182.6693661024627,pobre,basal,6,460.0,648.0,1.0,32.0,7,104,7492,3,1.0
97,1.0,0.0,4.5300002,0.0,6.0,7,161.2109233991632,182.6693661024627,pobre,basal,2,500.0,609.5,1.0,35.0,15,104,7493,6,0.0
98,1.0,0.0,4.5300002,0.0,6.0,7,161.2109233991632,182.6693661024627,pobre,basal,2,500.0,609.5,1.0,35.0,16,104,7493,6,0.0
97,1.0,0.0,4.5300002,1.0,6.0,7,161.2109233991632,182.6693661024627,pobre,basal,2,500.0,609.5,1.0,35.0,13,104,7494,6,1.0
98,1.0,0.0,4.5300002,1.0,7.0,7,161.2109233991632,182.6693661024627,pobre,basal,2,500.0,609.5,1.0,35.0,14,104,7494,6,1.0
97,1.0,0.0,4.5300002,1.0,1.0,7,161.2109233991632,182.6693661024627,pobre,basal,2,500.0,609.5,1.0,35.0,9,104,7495,1,1.0
98,1.0,0.0,4.5300002,1.0,2.0,7,161.2109233991632,182.6693661024627,pobre,basal,2,500.0,609.5,1.0,35.0,10,104,7495,1,1.0
97,0.0,0.0,4.5300002,1.0,0.0,7,161.2109233991632,182.6693661024627,pobre,basal,2,500.0,609.5,1.0,35.0,7,104,7496,0,1.0
98,0.0,0.0,4.5300002,1.0,1.0,7,161.2109233991632,182.6693661024627,pobre,basal,2,500.0,609.5,1.0,35.0,8,104,7496,0,1.0
97,1.0,0.0,4.5300002,0.0,6.0,7,161.2109233991632,182.6693661024627,pobre,basal,2,400.0,604.0,1.0,35.0,15,104,7497,6,0.0
98,1.0,0.0,4.5300002,0.0,6.0,7,161.2109233991632,182.6693661024627,pobre,basal,2,400.0,604.0,1.0,35.0,16,104,7497,6,0.0
97,0.0,0.0,4.5300002,0.0,6.0,7,161.2109233991632,182.6693661024627,pobre,basal,2,400.0,604.0,1.0,35.0,14,104,7498,6,0.0
98,0.0,0.0,4.5300002,0.0,6.0,7,161.2109233991632,182.6693661024627,pobre,basal,2,400.0,604.0,1.0,35.0,15,104,7498,6,0.0
97,0.0,0.0,4.5300002,1.0,1.0,7,161.2109233991632,182.6693661024627,pobre,basal,2,400.0,604.0,1.0,35.0,9,104,7499,1,1.0
98,0.0,0.0,4.5300002,1.0,2.0,7,161.2109233991632,182.6693661024627,pobre,basal,2,400.0,604.0,1.0,35.0,10,104,7499,1,1.0
97,0.0,0.0,4.5300002,0.0,6.0,10,161.2109233991632,182.6693661024627,pobre,basal,2,500.0,372.0,1.0,42.0,14,104,7500,6,0.0
98,0.0,0.0,4.5300002,0.0,6.0,10,161.2109233991632,182.6693661024627,pobre,basal,2,500.0,372.0,1.0,42.0,15,104,7500,6,0.0
97,1.0,0.0,4.5300002,1.0,6.0,10,161.2109233991632,182.6693661024627,pobre,basal,2,500.0,372.0,1.0,42.0,12,104,7501,6,1.0
98,1.0,0.0,4.5300002,1.0,7.0,10,161.2109233991632,182.6693661024627,pobre,basal,2,500.0,372.0,1.0,42.0,13,104,7501,6,1.0
97,1.0,0.0,4.5300002,1.0,3.0,10,161.2109233991632,182.6693661024627,pobre,basal,2,500.0,372.0,1.0,42.0,9,104,7502,3,1.0
98,1.0,0.0,4.5300002,1.0,4.0,10,161.2109233991632,182.6693661024627,pobre,basal,2,500.0,372.0,1.0,42.0,10,104,7502,3,1.0
97,0.0,0.0,4.5300002,1.0,1.0,10,161.2109233991632,182.6693661024627,pobre,basal,2,500.0,372.0,1.0,42.0,7,104,7503,1,1.0
98,0.0,0.0,4.5300002,1.0,2.0,10,161.2109233991632,182.6693661024627,pobre,basal,2,500.0,372.0,1.0,42.0,8,104,7503,1,1.0
97,1.0,0.0,4.5300002,1.0,7.0,9,161.2109233991632,182.6693661024627,pobre,basal,0,2500.0,757.75,1.0,63.0,15,104,7504,7,1.0
98,1.0,0.0,4.5300002,0.0,8.0,9,161.2109233991632,182.6693661024627,pobre,basal,0,2500.0,757.75,1.0,63.0,16,104,7504,7,1.0
97,1.0,0.0,4.5300002,1.0,2.0,7,161.2109233991632,182.6693661024627,pobre,basal,2,600.0,552.0,1.0,29.0,8,104,7505,2,1.0
98,1.0,0.0,4.5300002,1.0,3.0,7,161.2109233991632,182.6693661024627,pobre,basal,2,600.0,552.0,1.0,29.0,9,104,7505,2,1.0
97,0.0,0.0,4.5300002,1.0,1.0,7,161.2109233991632,182.6693661024627,pobre,basal,2,600.0,552.0,1.0,29.0,6,104,7506,1,1.0
98,0.0,0.0,4.5300002,1.0,2.0,7,161.2109233991632,182.6693661024627,pobre,basal,2,600.0,552.0,1.0,29.0,7,104,7506,1,1.0
97,1.0,0.0,4.5300002,1.0,0.0,4,161.2109233991632,182.6693661024627,pobre,basal,6,500.0,707.0,1.0,27.0,6,104,7507,0,1.0
98,1.0,0.0,4.5300002,1.0,1.0,4,161.2109233991632,182.6693661024627,pobre,basal,6,500.0,707.0,1.0,27.0,7,104,7507,0,1.0
97,1.0,0.0,4.5300002,1.0,2.0,6,161.2109233991632,182.6693661024627,pobre,basal,6,500.0,656.0,1.0,29.0,7,104,7508,2,1.0
98,1.0,0.0,4.5300002,1.0,3.0,6,161.2109233991632,182.6693661024627,pobre,basal,6,500.0,656.0,1.0,29.0,8,104,7508,2,1.0
97,1.0,0.0,4.5300002,1.0,6.0,6,161.2109233991632,182.6693661024627,pobre,basal,2,1000.0,604.71002,1.0,31.0,12,104,7509,6,1.0
98,1.0,0.0,4.5300002,1.0,7.0,6,161.2109233991632,182.6693661024627,pobre,basal,2,1000.0,604.71002,1.0,31.0,13,104,7509,6,1.0
97,1.0,0.0,4.5300002,1.0,4.0,6,161.2109233991632,182.6693661024627,pobre,basal,2,1000.0,604.71002,1.0,31.0,11,104,7510,4,1.0
98,1.0,0.0,4.5300002,1.0,5.0,6,161.2109233991632,182.6693661024627,pobre,basal,2,1000.0,604.71002,1.0,31.0,12,104,7510,4,1.0
97,1.0,0.0,4.5300002,1.0,3.0,6,161.2109233991632,182.6693661024627,pobre,basal,2,1000.0,604.71002,1.0,31.0,9,104,7511,3,1.0
98,1.0,0.0,4.5300002,1.0,4.0,6,161.2109233991632,182.6693661024627,pobre,basal,2,1000.0,604.71002,1.0,31.0,10,104,7511,3,1.0
97,0.0,0.0,4.5300002,1.0,0.0,6,161.2109233991632,182.6693661024627,pobre,basal,2,1000.0,604.71002,1.0,31.0,6,104,7512,0,1.0
98,0.0,0.0,4.5300002,1.0,1.0,6,161.2109233991632,182.6693661024627,pobre,basal,2,1000.0,604.71002,1.0,31.0,7,104,7512,0,1.0
97,1.0,0.0,3.6210001,,0.0,4,162.4827673272082,166.1930960287849,pobre,basal,0,500.0,603.0,1.0,50.0,15,110,7513,0,
98,1.0,0.0,3.6210001,0.0,3.0,4,162.4827673272082,166.1930960287849,pobre,basal,0,500.0,603.0,1.0,50.0,16,110,7513,0,
97,0.0,0.0,3.6210001,0.0,1.0,4,162.4827673272082,166.1930960287849,pobre,basal,0,500.0,603.0,1.0,50.0,13,110,7514,1,0.0
98,0.0,0.0,3.6210001,1.0,8.0,4,162.4827673272082,166.1930960287849,pobre,basal,0,500.0,603.0,1.0,50.0,14,110,7514,1,0.0
97,1.0,0.0,3.6210001,0.0,6.0,8,162.4827673272082,166.1930960287849,pobre,basal,2,500.0,607.0,1.0,36.0,14,110,7515,6,0.0
98,1.0,0.0,3.6210001,1.0,7.0,8,162.4827673272082,166.1930960287849,pobre,basal,2,500.0,607.0,1.0,36.0,15,110,7515,6,0.0
97,0.0,0.0,3.6210001,1.0,5.0,8,162.4827673272082,166.1930960287849,pobre,basal,2,500.0,607.0,1.0,36.0,11,110,7516,5,1.0
98,0.0,0.0,3.6210001,1.0,6.0,8,162.4827673272082,166.1930960287849,pobre,basal,2,500.0,607.0,1.0,36.0,12,110,7516,5,1.0
97,1.0,0.0,3.6210001,1.0,3.0,8,162.4827673272082,166.1930960287849,pobre,basal,2,500.0,607.0,1.0,36.0,10,110,7517,3,1.0
98,1.0,0.0,3.6210001,1.0,4.0,8,162.4827673272082,166.1930960287849,pobre,basal,2,500.0,607.0,1.0,36.0,11,110,7517,3,1.0
97,0.0,0.0,3.6210001,1.0,2.0,8,162.4827673272082,166.1930960287849,pobre,basal,2,500.0,607.0,1.0,36.0,9,110,7518,2,1.0
98,0.0,0.0,3.6210001,1.0,3.0,8,162.4827673272082,166.1930960287849,pobre,basal,2,500.0,607.0,1.0,36.0,10,110,7518,2,1.0
97,1.0,0.0,3.6210001,1.0,8.0,5,162.4827673272082,166.1930960287849,pobre,basal,0,500.0,660.5,1.0,61.0,15,110,7519,8,1.0
98,1.0,0.0,3.6210001,0.0,9.0,5,162.4827673272082,166.1930960287849,pobre,basal,0,500.0,660.5,1.0,61.0,16,110,7519,8,1.0
97,0.0,0.0,3.6210001,0.0,5.0,7,162.4827673272082,166.1930960287849,pobre,basal,0,500.0,854.0,1.0,60.0,15,110,7520,5,0.0
98,0.0,0.0,3.6210001,0.0,5.0,7,162.4827673272082,166.1930960287849,pobre,basal,0,500.0,854.0,1.0,60.0,16,110,7520,5,0.0
97,1.0,0.0,3.6210001,1.0,5.0,7,162.4827673272082,166.1930960287849,pobre,basal,0,500.0,854.0,1.0,60.0,13,110,7521,5,1.0
98,1.0,0.0,3.6210001,0.0,6.0,7,162.4827673272082,166.1930960287849,pobre,basal,0,500.0,854.0,1.0,60.0,14,110,7521,5,1.0
97,0.0,0.0,3.6210001,1.0,1.0,7,162.4827673272082,166.1930960287849,pobre,basal,0,500.0,854.0,1.0,60.0,7,110,7522,1,1.0
98,0.0,0.0,3.6210001,1.0,2.0,7,162.4827673272082,166.1930960287849,pobre,basal,0,500.0,854.0,1.0,60.0,8,110,7522,1,1.0
97,0.0,0.0,3.6210001,,0.0,6,162.4827673272082,166.1930960287849,pobre,basal,0,500.0,610.0,1.0,55.0,14,110,7523,0,
98,0.0,0.0,3.6210001,0.0,5.0,6,162.4827673272082,166.1930960287849,pobre,basal,0,500.0,610.0,1.0,55.0,15,110,7523,0,
97,1.0,0.0,3.6210001,,0.0,6,162.4827673272082,166.1930960287849,pobre,basal,0,500.0,610.0,1.0,55.0,12,110,7524,0,
98,1.0,0.0,3.6210001,0.0,2.0,6,162.4827673272082,166.1930960287849,pobre,basal,0,500.0,610.0,1.0,55.0,13,110,7524,0,
97,0.0,0.0,3.6210001,1.0,1.0,6,162.4827673272082,166.1930960287849,pobre,basal,0,500.0,610.0,1.0,55.0,10,110,7525,1,1.0
98,0.0,0.0,3.6210001,1.0,5.0,6,162.4827673272082,166.1930960287849,pobre,basal,0,500.0,610.0,1.0,55.0,11,110,7525,1,1.0
97,1.0,0.0,3.6210001,1.0,0.0,6,162.4827673272082,166.1930960287849,pobre,basal,0,500.0,610.0,1.0,55.0,8,110,7526,0,1.0
98,1.0,0.0,3.6210001,1.0,3.0,6,162.4827673272082,166.1930960287849,pobre,basal,0,500.0,610.0,1.0,55.0,9,110,7526,0,1.0
97,0.0,0.0,3.6210001,0.0,6.0,10,162.4827673272082,166.1930960287849,pobre,basal,0,375.0,360.0,1.0,27.0,13,110,7527,6,0.0
98,0.0,0.0,3.6210001,0.0,6.0,10,162.4827673272082,166.1930960287849,pobre,basal,0,375.0,360.0,1.0,27.0,14,110,7527,6,0.0
97,0.0,0.0,3.6210001,1.0,5.0,10,162.4827673272082,166.1930960287849,pobre,basal,0,375.0,360.0,1.0,27.0,12,110,7528,5,1.0
98,0.0,0.0,3.6210001,0.0,6.0,10,162.4827673272082,166.1930960287849,pobre,basal,0,375.0,360.0,1.0,27.0,13,110,7528,5,1.0
97,1.0,0.0,3.6210001,1.0,4.0,10,162.4827673272082,166.1930960287849,pobre,basal,0,375.0,360.0,1.0,27.0,9,110,7529,4,1.0
98,1.0,0.0,3.6210001,1.0,5.0,10,162.4827673272082,166.1930960287849,pobre,basal,0,375.0,360.0,1.0,27.0,10,110,7529,4,1.0
97,0.0,0.0,3.6210001,1.0,2.0,10,162.4827673272082,166.1930960287849,pobre,basal,0,375.0,360.0,1.0,27.0,8,110,7530,2,1.0
98,0.0,0.0,3.6210001,1.0,3.0,10,162.4827673272082,166.1930960287849,pobre,basal,0,375.0,360.0,1.0,27.0,9,110,7530,2,1.0
97,0.0,0.0,3.6210001,1.0,0.0,10,162.4827673272082,166.1930960287849,pobre,basal,0,375.0,360.0,1.0,27.0,8,110,7531,0,1.0
98,0.0,0.0,3.6210001,1.0,1.0,10,162.4827673272082,166.1930960287849,pobre,basal,0,375.0,360.0,1.0,27.0,9,110,7531,0,1.0
97,1.0,0.0,3.6210001,1.0,4.0,4,162.4827673272082,166.1930960287849,pobre,basal,0,500.0,605.0,1.0,36.0,12,110,7532,4,1.0
98,1.0,0.0,3.6210001,1.0,7.0,4,162.4827673272082,166.1930960287849,pobre,basal,0,500.0,605.0,1.0,36.0,13,110,7532,4,1.0
97,1.0,0.0,3.6210001,1.0,1.0,4,162.4827673272082,166.1930960287849,pobre,basal,0,500.0,605.0,1.0,36.0,10,110,7533,1,1.0
98,1.0,0.0,3.6210001,1.0,5.0,4,162.4827673272082,166.1930960287849,pobre,basal,0,500.0,605.0,1.0,36.0,11,110,7533,1,1.0
97,1.0,0.0,0.98100001,1.0,7.0,5,150.4854275712146,165.9509745142663,pobre,basal,1,625.0,778.5,1.0,50.0,13,113,7534,7,1.0
98,1.0,0.0,0.98100001,1.0,9.0,5,150.4854275712146,165.9509745142663,pobre,basal,1,625.0,778.5,1.0,50.0,14,113,7534,7,1.0
97,0.0,0.0,0.98100001,1.0,8.0,6,150.4854275712146,165.9509745142663,pobre,basal,3,625.0,622.0,1.0,34.0,14,113,7535,8,1.0
98,0.0,0.0,0.98100001,1.0,9.0,6,150.4854275712146,165.9509745142663,pobre,basal,3,625.0,622.0,1.0,34.0,15,113,7535,8,1.0
97,0.0,0.0,0.98100001,1.0,7.0,6,150.4854275712146,165.9509745142663,pobre,basal,3,625.0,622.0,1.0,34.0,13,113,7536,7,1.0
98,0.0,0.0,0.98100001,1.0,8.0,6,150.4854275712146,165.9509745142663,pobre,basal,3,625.0,622.0,1.0,34.0,14,113,7536,7,1.0
97,1.0,0.0,0.98100001,1.0,3.0,6,150.4854275712146,165.9509745142663,pobre,basal,3,625.0,622.0,1.0,34.0,9,113,7537,3,1.0
98,1.0,0.0,0.98100001,1.0,5.0,6,150.4854275712146,165.9509745142663,pobre,basal,3,625.0,622.0,1.0,34.0,10,113,7537,3,1.0
97,0.0,0.0,0.98100001,1.0,8.0,6,150.4854275712146,165.9509745142663,pobre,basal,8,1200.0,709.0,1.0,37.0,14,113,7538,8,1.0
98,0.0,0.0,0.98100001,1.0,9.0,6,150.4854275712146,165.9509745142663,pobre,basal,8,1200.0,709.0,1.0,37.0,15,113,7538,8,1.0
97,1.0,0.0,0.98100001,1.0,6.0,6,150.4854275712146,165.9509745142663,pobre,basal,8,1200.0,709.0,1.0,37.0,12,113,7539,6,1.0
98,1.0,0.0,0.98100001,1.0,7.0,6,150.4854275712146,165.9509745142663,pobre,basal,8,1200.0,709.0,1.0,37.0,13,113,7539,6,1.0
97,0.0,0.0,0.98100001,1.0,0.0,6,150.4854275712146,165.9509745142663,pobre,basal,8,1200.0,709.0,1.0,37.0,6,113,7540,0,1.0
98,0.0,0.0,0.98100001,1.0,1.0,6,150.4854275712146,165.9509745142663,pobre,basal,8,1200.0,709.0,1.0,37.0,7,113,7540,0,1.0
97,0.0,0.0,0.98100001,1.0,5.0,4,150.4854275712146,165.9509745142663,pobre,basal,3,600.0,736.0,1.0,40.0,11,113,7541,5,1.0
98,0.0,0.0,0.98100001,1.0,6.0,4,150.4854275712146,165.9509745142663,pobre,basal,3,600.0,736.0,1.0,40.0,12,113,7541,5,1.0
97,1.0,0.0,0.98100001,1.0,5.0,6,150.4854275712146,165.9509745142663,pobre,basal,0,0.0,621.0,1.0,57.0,11,113,7542,5,1.0
98,1.0,0.0,0.98100001,1.0,6.0,6,150.4854275712146,165.9509745142663,pobre,basal,0,0.0,621.0,1.0,57.0,12,113,7542,5,1.0
97,0.0,0.0,0.98100001,0.0,5.0,6,150.4854275712146,165.9509745142663,pobre,basal,0,0.0,621.0,1.0,57.0,11,113,7543,5,0.0
98,0.0,0.0,0.98100001,0.0,6.0,6,150.4854275712146,165.9509745142663,pobre,basal,0,0.0,621.0,1.0,57.0,12,113,7543,5,0.0
97,0.0,0.0,0.98100001,0.0,8.0,2,150.4854275712146,165.9509745142663,pobre,basal,0,41.666668,768.0,0.0,51.0,12,113,7544,8,0.0
98,0.0,0.0,0.98100001,1.0,8.0,2,150.4854275712146,165.9509745142663,pobre,basal,0,41.666668,768.0,0.0,51.0,13,113,7544,8,0.0
97,0.0,0.0,0.98100001,1.0,6.0,5,150.4854275712146,165.9509745142663,pobre,basal,5,83.333336,551.0,1.0,42.0,13,113,7545,6,1.0
98,0.0,0.0,0.98100001,0.0,6.0,5,150.4854275712146,165.9509745142663,pobre,basal,5,83.333336,551.0,1.0,42.0,14,113,7545,6,1.0
97,0.0,0.0,0.98100001,1.0,5.0,5,150.4854275712146,165.9509745142663,pobre,basal,5,83.333336,551.0,1.0,42.0,11,113,7546,5,1.0
98,0.0,0.0,0.98100001,1.0,6.0,5,150.4854275712146,165.9509745142663,pobre,basal,5,83.333336,551.0,1.0,42.0,12,113,7546,5,1.0
97,0.0,0.0,0.98100001,1.0,2.0,5,150.4854275712146,165.9509745142663,pobre,basal,5,83.333336,551.0,1.0,42.0,8,113,7547,2,1.0
98,0.0,0.0,0.98100001,1.0,3.0,5,150.4854275712146,165.9509745142663,pobre,basal,5,83.333336,551.0,1.0,42.0,9,113,7547,2,1.0
97,0.0,0.0,0.98100001,0.0,6.0,4,150.4854275712146,165.9509745142663,pobre,basal,0,83.333336,587.0,1.0,51.0,15,113,7548,6,0.0
98,0.0,0.0,0.98100001,0.0,6.0,4,150.4854275712146,165.9509745142663,pobre,basal,0,83.333336,587.0,1.0,51.0,16,113,7548,6,0.0
97,0.0,0.0,0.98100001,1.0,3.0,4,150.4854275712146,165.9509745142663,pobre,basal,0,83.333336,587.0,1.0,51.0,9,113,7549,3,1.0
98,0.0,0.0,0.98100001,1.0,4.0,4,150.4854275712146,165.9509745142663,pobre,basal,0,83.333336,587.0,1.0,51.0,10,113,7549,3,1.0
97,0.0,0.0,0.98100001,1.0,7.0,2,150.4854275712146,165.9509745142663,no pobre,basal,0,0.0,771.0,0.0,52.0,13,113,7550,7,1.0
98,0.0,0.0,0.98100001,1.0,8.0,2,150.4854275712146,165.9509745142663,no pobre,basal,0,0.0,771.0,0.0,52.0,14,113,7550,7,1.0
97,0.0,0.0,0.98100001,1.0,2.0,4,150.4854275712146,165.9509745142663,pobre,basal,1,500.0,668.0,1.0,29.0,8,113,7551,2,1.0
98,0.0,0.0,0.98100001,1.0,3.0,4,150.4854275712146,165.9509745142663,pobre,basal,1,500.0,668.0,1.0,29.0,9,113,7551,2,1.0
97,0.0,0.0,0.0,1.0,5.0,7,150.0925808125033,166.6627042782455,no pobre,basal,6,625.0,775.5,1.0,47.0,11,112,7552,5,1.0
98,0.0,0.0,0.0,1.0,6.0,7,150.0925808125033,166.6627042782455,no pobre,basal,6,625.0,775.5,1.0,47.0,12,112,7552,5,1.0
97,1.0,0.0,0.0,1.0,3.0,7,150.0925808125033,166.6627042782455,no pobre,basal,6,625.0,775.5,1.0,47.0,10,112,7553,3,1.0
98,1.0,0.0,0.0,1.0,4.0,7,150.0925808125033,166.6627042782455,no pobre,basal,6,625.0,775.5,1.0,47.0,11,112,7553,3,1.0
97,1.0,0.0,0.0,1.0,1.0,7,150.0925808125033,166.6627042782455,no pobre,basal,6,625.0,775.5,1.0,47.0,6,112,7554,1,1.0
98,1.0,0.0,0.0,1.0,1.0,7,150.0925808125033,166.6627042782455,no pobre,basal,6,625.0,775.5,1.0,47.0,7,112,7554,1,1.0
97,0.0,0.0,0.0,1.0,8.0,5,150.0925808125033,166.6627042782455,pobre,basal,2,625.0,697.0,1.0,48.0,15,112,7555,8,1.0
98,0.0,0.0,0.0,0.0,9.0,5,150.0925808125033,166.6627042782455,pobre,basal,2,625.0,697.0,1.0,48.0,16,112,7555,8,1.0
97,1.0,0.0,0.0,1.0,7.0,5,150.0925808125033,166.6627042782455,pobre,basal,2,625.0,697.0,1.0,48.0,14,112,7556,7,1.0
98,1.0,0.0,0.0,1.0,8.0,5,150.0925808125033,166.6627042782455,pobre,basal,2,625.0,697.0,1.0,48.0,15,112,7556,7,1.0
97,1.0,0.0,0.0,1.0,7.0,7,150.0925808125033,166.6627042782455,pobre,basal,2,625.0,664.0,1.0,39.0,15,112,7557,7,1.0
98,1.0,0.0,0.0,1.0,8.0,7,150.0925808125033,166.6627042782455,pobre,basal,2,625.0,664.0,1.0,39.0,16,112,7557,7,1.0
97,1.0,0.0,0.0,1.0,5.0,7,150.0925808125033,166.6627042782455,pobre,basal,2,625.0,664.0,1.0,39.0,13,112,7558,5,1.0
98,1.0,0.0,0.0,1.0,6.0,7,150.0925808125033,166.6627042782455,pobre,basal,2,625.0,664.0,1.0,39.0,14,112,7558,5,1.0
97,0.0,0.0,0.0,1.0,4.0,7,150.0925808125033,166.6627042782455,pobre,basal,2,625.0,664.0,1.0,39.0,11,112,7559,4,1.0
98,0.0,0.0,0.0,1.0,5.0,7,150.0925808125033,166.6627042782455,pobre,basal,2,625.0,664.0,1.0,39.0,12,112,7559,4,1.0
97,0.0,0.0,0.0,1.0,1.0,7,150.0925808125033,166.6627042782455,pobre,basal,2,625.0,664.0,1.0,39.0,6,112,7560,1,1.0
98,0.0,0.0,0.0,1.0,1.0,7,150.0925808125033,166.6627042782455,pobre,basal,2,625.0,664.0,1.0,39.0,7,112,7560,1,1.0
97,1.0,0.0,0.0,1.0,1.0,4,150.0925808125033,166.6627042782455,pobre,basal,0,625.0,655.0,1.0,48.0,7,112,7561,1,1.0
98,1.0,0.0,0.0,1.0,1.0,4,150.0925808125033,166.6627042782455,pobre,basal,0,625.0,655.0,1.0,48.0,8,112,7561,1,1.0
97,0.0,0.0,0.0,1.0,2.0,4,150.0925808125033,166.6627042782455,pobre,basal,0,625.0,655.0,1.0,48.0,8,112,7562,2,1.0
98,0.0,0.0,0.0,1.0,3.0,4,150.0925808125033,166.6627042782455,pobre,basal,0,625.0,655.0,1.0,48.0,9,112,7562,2,1.0
97,0.0,1.0,0.0,1.0,8.0,7,128.0156027487206,141.9563896693565,pobre,basal,2,0.0,801.5,1.0,46.0,14,77,7563,8,1.0
98,0.0,1.0,0.0,,,7,128.0156027487206,141.9563896693565,pobre,basal,2,0.0,801.5,1.0,46.0,15,77,7563,8,1.0
97,1.0,1.0,0.0,1.0,7.0,10,128.0156027487206,141.9563896693565,pobre,basal,2,375.0,866.0,1.0,53.0,15,77,7564,7,1.0
98,1.0,1.0,0.0,,,10,128.0156027487206,141.9563896693565,pobre,basal,2,375.0,866.0,1.0,53.0,16,77,7564,7,1.0
97,0.0,1.0,0.0,1.0,7.0,10,128.0156027487206,141.9563896693565,pobre,basal,2,375.0,866.0,1.0,53.0,12,77,7565,7,1.0
98,0.0,1.0,0.0,1.0,8.0,10,128.0156027487206,141.9563896693565,pobre,basal,2,375.0,866.0,1.0,53.0,13,77,7565,7,1.0
97,0.0,1.0,0.0,1.0,5.0,10,128.0156027487206,141.9563896693565,pobre,basal,2,375.0,866.0,1.0,53.0,9,77,7566,5,1.0
98,0.0,1.0,0.0,1.0,6.0,10,128.0156027487206,141.9563896693565,pobre,basal,2,375.0,866.0,1.0,53.0,10,77,7566,5,1.0
97,0.0,1.0,0.0,1.0,1.0,10,128.0156027487206,141.9563896693565,pobre,basal,2,375.0,866.0,1.0,53.0,7,77,7567,1,1.0
98,0.0,1.0,0.0,1.0,2.0,10,128.0156027487206,141.9563896693565,pobre,basal,2,375.0,866.0,1.0,53.0,8,77,7567,1,1.0
97,1.0,1.0,0.0,1.0,5.0,4,128.0156027487206,141.9563896693565,no pobre,basal,3,375.0,890.0,1.0,55.0,13,77,7568,5,1.0
98,1.0,1.0,0.0,0.0,5.0,4,128.0156027487206,141.9563896693565,no pobre,basal,3,375.0,890.0,1.0,55.0,14,77,7568,5,1.0
97,0.0,1.0,0.0,1.0,5.0,6,128.0156027487206,141.9563896693565,pobre,basal,2,250.0,622.0,1.0,39.0,12,77,7569,5,1.0
98,0.0,1.0,0.0,,,6,128.0156027487206,141.9563896693565,pobre,basal,2,250.0,622.0,1.0,39.0,13,77,7569,5,1.0
97,1.0,1.0,0.0,1.0,3.0,6,128.0156027487206,141.9563896693565,pobre,basal,2,250.0,622.0,1.0,39.0,9,77,7570,3,1.0
98,1.0,1.0,0.0,1.0,4.0,6,128.0156027487206,141.9563896693565,pobre,basal,2,250.0,622.0,1.0,39.0,10,77,7570,3,1.0
97,0.0,1.0,0.0,1.0,1.0,6,128.0156027487206,141.9563896693565,pobre,basal,2,250.0,622.0,1.0,39.0,7,77,7571,1,1.0
98,0.0,1.0,0.0,1.0,2.0,6,128.0156027487206,141.9563896693565,pobre,basal,2,250.0,622.0,1.0,39.0,8,77,7571,1,1.0
97,1.0,1.0,0.0,1.0,6.0,5,128.0156027487206,141.9563896693565,pobre,basal,2,250.0,662.0,1.0,30.0,15,77,7572,6,1.0
98,1.0,1.0,0.0,1.0,7.0,5,128.0156027487206,141.9563896693565,pobre,basal,2,250.0,662.0,1.0,30.0,16,77,7572,6,1.0
97,1.0,1.0,0.0,1.0,4.0,5,128.0156027487206,141.9563896693565,pobre,basal,2,250.0,662.0,1.0,30.0,10,77,7573,4,1.0
98,1.0,1.0,0.0,1.0,5.0,5,128.0156027487206,141.9563896693565,pobre,basal,2,250.0,662.0,1.0,30.0,11,77,7573,4,1.0
97,0.0,1.0,0.0,1.0,8.0,6,128.0156027487206,141.9563896693565,pobre,basal,6,2750.0,625.0,1.0,38.0,14,77,7574,8,1.0
98,0.0,1.0,0.0,1.0,8.0,6,128.0156027487206,141.9563896693565,pobre,basal,6,2750.0,625.0,1.0,38.0,15,77,7574,8,1.0
97,1.0,1.0,0.0,1.0,5.0,6,128.0156027487206,141.9563896693565,pobre,basal,6,2750.0,625.0,1.0,38.0,10,77,7575,5,1.0
98,1.0,1.0,0.0,1.0,6.0,6,128.0156027487206,141.9563896693565,pobre,basal,6,2750.0,625.0,1.0,38.0,11,77,7575,5,1.0
97,1.0,1.0,0.0,1.0,8.0,5,128.0156027487206,141.9563896693565,no pobre,basal,0,375.0,811.5,1.0,70.0,16,77,7576,8,1.0
98,1.0,1.0,0.0,,,5,128.0156027487206,141.9563896693565,no pobre,basal,0,375.0,811.5,1.0,70.0,17,77,7576,8,1.0
97,1.0,1.0,0.0,1.0,3.0,5,128.0156027487206,141.9563896693565,no pobre,basal,0,375.0,811.5,1.0,70.0,13,77,7577,3,1.0
98,1.0,1.0,0.0,1.0,4.0,5,128.0156027487206,141.9563896693565,no pobre,basal,0,375.0,811.5,1.0,70.0,14,77,7577,3,1.0
97,1.0,0.0,0.0,1.0,1.0,5,128.0156027487206,141.9563896693565,no pobre,basal,0,375.0,811.5,1.0,70.0,6,77,7578,1,1.0
98,1.0,0.0,0.0,1.0,1.0,5,128.0156027487206,141.9563896693565,no pobre,basal,0,375.0,811.5,1.0,70.0,7,77,7578,1,1.0
97,1.0,1.0,0.0,1.0,4.0,7,128.0156027487206,141.9563896693565,no pobre,basal,2,800.0,975.25,1.0,45.0,10,77,7579,4,1.0
98,1.0,1.0,0.0,1.0,5.0,7,128.0156027487206,141.9563896693565,no pobre,basal,2,800.0,975.25,1.0,45.0,11,77,7579,4,1.0
97,1.0,1.0,0.0,1.0,5.0,7,128.0156027487206,141.9563896693565,pobre,basal,0,250.0,592.62,1.0,47.0,16,77,7580,5,1.0
98,1.0,1.0,0.0,1.0,6.0,7,128.0156027487206,141.9563896693565,pobre,basal,0,250.0,592.62,1.0,47.0,17,77,7580,5,1.0
97,1.0,1.0,0.0,1.0,3.0,7,128.0156027487206,141.9563896693565,pobre,basal,0,250.0,592.62,1.0,47.0,13,77,7581,3,1.0
98,1.0,1.0,0.0,1.0,4.0,7,128.0156027487206,141.9563896693565,pobre,basal,0,250.0,592.62,1.0,47.0,14,77,7581,3,1.0
97,1.0,1.0,0.0,1.0,3.0,7,128.0156027487206,141.9563896693565,pobre,basal,0,250.0,592.62,1.0,47.0,11,77,7582,3,1.0
98,1.0,1.0,0.0,1.0,4.0,7,128.0156027487206,141.9563896693565,pobre,basal,0,250.0,592.62,1.0,47.0,12,77,7582,3,1.0
97,0.0,1.0,0.0,1.0,1.0,7,128.0156027487206,141.9563896693565,pobre,basal,0,250.0,592.62,1.0,47.0,8,77,7583,1,1.0
98,0.0,1.0,0.0,1.0,2.0,7,128.0156027487206,141.9563896693565,pobre,basal,0,250.0,592.62,1.0,47.0,9,77,7583,1,1.0
97,1.0,1.0,0.0,1.0,8.0,8,128.0156027487206,141.9563896693565,pobre,basal,4,250.0,782.0,0.0,36.0,15,77,7584,8,1.0
98,1.0,1.0,0.0,0.0,9.0,8,128.0156027487206,141.9563896693565,pobre,basal,4,250.0,782.0,0.0,36.0,16,77,7584,8,1.0
97,1.0,1.0,0.0,1.0,7.0,8,128.0156027487206,141.9563896693565,pobre,basal,4,250.0,782.0,0.0,36.0,14,77,7585,7,1.0
98,1.0,1.0,0.0,1.0,8.0,8,128.0156027487206,141.9563896693565,pobre,basal,4,250.0,782.0,0.0,36.0,15,77,7585,7,1.0
97,1.0,1.0,0.0,1.0,4.0,8,128.0156027487206,141.9563896693565,pobre,basal,4,250.0,782.0,0.0,36.0,10,77,7586,4,1.0
98,1.0,1.0,0.0,1.0,5.0,8,128.0156027487206,141.9563896693565,pobre,basal,4,250.0,782.0,0.0,36.0,11,77,7586,4,1.0
97,1.0,1.0,0.0,1.0,1.0,8,128.0156027487206,141.9563896693565,pobre,basal,4,250.0,782.0,0.0,36.0,8,77,7587,1,1.0
98,1.0,1.0,0.0,1.0,2.0,8,128.0156027487206,141.9563896693565,pobre,basal,4,250.0,782.0,0.0,36.0,9,77,7587,1,1.0
97,0.0,0.0,4.0819998,1.0,8.0,8,111.576243185751,167.0639280149408,pobre,0,6,0.0,483.0,0.0,33.0,14,84,7588,8,1.0
98,0.0,0.0,4.0819998,,,8,111.576243185751,167.0639280149408,pobre,0,6,0.0,483.0,0.0,33.0,15,84,7588,8,1.0
97,0.0,0.0,4.0819998,0.0,6.0,8,111.576243185751,167.0639280149408,pobre,0,6,0.0,483.0,0.0,33.0,12,84,7589,6,0.0
98,0.0,0.0,4.0819998,,,8,111.576243185751,167.0639280149408,pobre,0,6,0.0,483.0,0.0,33.0,13,84,7589,6,0.0
97,0.0,0.0,4.0819998,1.0,4.0,8,111.576243185751,167.0639280149408,pobre,0,6,0.0,483.0,0.0,33.0,10,84,7590,4,1.0
98,0.0,0.0,4.0819998,,,8,111.576243185751,167.0639280149408,pobre,0,6,0.0,483.0,0.0,33.0,11,84,7590,4,1.0
97,1.0,0.0,4.0819998,1.0,1.0,8,111.576243185751,167.0639280149408,pobre,0,6,0.0,483.0,0.0,33.0,8,84,7591,1,1.0
98,1.0,0.0,4.0819998,,,8,111.576243185751,167.0639280149408,pobre,0,6,0.0,483.0,0.0,33.0,9,84,7591,1,1.0
97,1.0,0.0,4.0819998,,0.0,4,111.576243185751,167.0639280149408,pobre,0,0,0.0,611.0,0.0,61.0,7,84,7592,0,
98,1.0,0.0,4.0819998,1.0,3.0,4,111.576243185751,167.0639280149408,pobre,0,0,0.0,611.0,0.0,61.0,8,84,7592,0,
97,1.0,0.0,4.0819998,1.0,1.0,4,111.576243185751,167.0639280149408,pobre,0,0,0.0,611.0,0.0,61.0,9,84,7593,1,1.0
98,1.0,0.0,4.0819998,1.0,0.0,4,111.576243185751,167.0639280149408,pobre,0,0,0.0,611.0,0.0,61.0,10,84,7593,1,1.0
97,1.0,0.0,4.0819998,0.0,6.0,10,111.576243185751,167.0639280149408,pobre,0,3,750.0,616.0,1.0,37.0,16,84,7594,6,0.0
98,1.0,0.0,4.0819998,0.0,6.0,10,111.576243185751,167.0639280149408,pobre,0,3,750.0,616.0,1.0,37.0,17,84,7594,6,0.0
97,1.0,0.0,4.0819998,1.0,5.0,10,111.576243185751,167.0639280149408,pobre,0,3,750.0,616.0,1.0,37.0,13,84,7595,5,1.0
98,1.0,0.0,4.0819998,1.0,6.0,10,111.576243185751,167.0639280149408,pobre,0,3,750.0,616.0,1.0,37.0,14,84,7595,5,1.0
97,0.0,0.0,4.0819998,1.0,4.0,10,111.576243185751,167.0639280149408,pobre,0,3,750.0,616.0,1.0,37.0,11,84,7596,4,1.0
98,0.0,0.0,4.0819998,1.0,4.0,10,111.576243185751,167.0639280149408,pobre,0,3,750.0,616.0,1.0,37.0,12,84,7596,4,1.0
97,0.0,0.0,4.0819998,1.0,2.0,10,111.576243185751,167.0639280149408,pobre,0,3,750.0,616.0,1.0,37.0,9,84,7597,2,1.0
98,0.0,0.0,4.0819998,,,10,111.576243185751,167.0639280149408,pobre,0,3,750.0,616.0,1.0,37.0,10,84,7597,2,1.0
97,1.0,0.0,4.0819998,1.0,0.0,10,111.576243185751,167.0639280149408,pobre,0,3,750.0,616.0,1.0,37.0,7,84,7598,0,1.0
98,1.0,0.0,4.0819998,1.0,1.0,10,111.576243185751,167.0639280149408,pobre,0,3,750.0,616.0,1.0,37.0,8,84,7598,0,1.0
97,1.0,0.0,0.0,0.0,6.0,6,116.2344537604307,164.6091528905291,pobre,0,0,625.0,765.0,1.0,56.0,16,85,7599,6,0.0
98,1.0,0.0,0.0,,,6,116.2344537604307,164.6091528905291,pobre,0,0,625.0,765.0,1.0,56.0,17,85,7599,6,0.0
97,0.0,0.0,0.0,0.0,8.0,6,116.2344537604307,164.6091528905291,pobre,0,0,625.0,765.0,1.0,56.0,14,85,7600,8,0.0
98,0.0,0.0,0.0,1.0,9.0,6,116.2344537604307,164.6091528905291,pobre,0,0,625.0,765.0,1.0,56.0,15,85,7600,8,0.0
97,0.0,0.0,0.0,1.0,7.0,8,116.2344537604307,164.6091528905291,pobre,0,6,750.0,630.0,1.0,45.0,13,85,7601,7,1.0
98,0.0,0.0,0.0,1.0,7.0,8,116.2344537604307,164.6091528905291,pobre,0,6,750.0,630.0,1.0,45.0,14,85,7601,7,1.0
97,0.0,0.0,0.0,1.0,0.0,8,116.2344537604307,164.6091528905291,pobre,0,6,750.0,630.0,1.0,45.0,6,85,7602,0,1.0
98,0.0,0.0,0.0,1.0,1.0,8,116.2344537604307,164.6091528905291,pobre,0,6,750.0,630.0,1.0,45.0,7,85,7602,0,1.0
97,0.0,0.0,0.0,1.0,3.0,4,116.2344537604307,164.6091528905291,no pobre,0,6,75.0,863.0,1.0,32.0,9,85,7603,3,1.0
98,0.0,0.0,0.0,1.0,3.0,4,116.2344537604307,164.6091528905291,no pobre,0,6,75.0,863.0,1.0,32.0,10,85,7603,3,1.0
97,0.0,0.0,0.0,1.0,0.0,4,116.2344537604307,164.6091528905291,no pobre,0,6,75.0,863.0,1.0,32.0,6,85,7604,0,1.0
98,0.0,0.0,0.0,1.0,1.0,4,116.2344537604307,164.6091528905291,no pobre,0,6,75.0,863.0,1.0,32.0,7,85,7604,0,1.0
97,0.0,0.0,0.0,0.0,6.0,6,116.2344537604307,164.6091528905291,no pobre,0,3,750.0,955.0,1.0,63.0,16,85,7605,6,0.0
98,0.0,0.0,0.0,,,6,116.2344537604307,164.6091528905291,no pobre,0,3,750.0,955.0,1.0,63.0,17,85,7605,6,0.0
97,0.0,0.0,0.0,1.0,5.0,8,116.2344537604307,164.6091528905291,pobre,0,0,0.0,738.33002,0.0,72.0,10,85,7606,5,1.0
98,0.0,0.0,0.0,1.0,6.0,8,116.2344537604307,164.6091528905291,pobre,0,0,0.0,738.33002,0.0,72.0,11,85,7606,5,1.0
97,1.0,0.0,0.0,1.0,3.0,8,116.2344537604307,164.6091528905291,pobre,0,0,0.0,738.33002,0.0,72.0,9,85,7607,3,1.0
98,1.0,0.0,0.0,1.0,4.0,8,116.2344537604307,164.6091528905291,pobre,0,0,0.0,738.33002,0.0,72.0,10,85,7607,3,1.0
97,1.0,0.0,0.0,1.0,1.0,8,116.2344537604307,164.6091528905291,pobre,0,0,0.0,738.33002,0.0,72.0,6,85,7608,1,1.0
98,1.0,0.0,0.0,1.0,2.0,8,116.2344537604307,164.6091528905291,pobre,0,0,0.0,738.33002,0.0,72.0,7,85,7608,1,1.0
97,1.0,0.0,4.0819998,0.0,6.0,8,111.576243185751,167.0639280149408,pobre,0,0,600.0,606.0,1.0,45.0,12,84,7609,6,0.0
98,1.0,0.0,4.0819998,0.0,6.0,8,111.576243185751,167.0639280149408,pobre,0,0,600.0,606.0,1.0,45.0,13,84,7609,6,0.0
97,1.0,0.0,4.0819998,1.0,5.0,8,111.576243185751,167.0639280149408,pobre,0,0,600.0,606.0,1.0,45.0,11,84,7610,5,1.0
98,1.0,0.0,4.0819998,1.0,6.0,8,111.576243185751,167.0639280149408,pobre,0,0,600.0,606.0,1.0,45.0,12,84,7610,5,1.0
97,1.0,0.0,4.0819998,1.0,3.0,8,111.576243185751,167.0639280149408,pobre,0,0,600.0,606.0,1.0,45.0,8,84,7611,3,1.0
98,1.0,0.0,4.0819998,1.0,2.0,8,111.576243185751,167.0639280149408,pobre,0,0,600.0,606.0,1.0,45.0,9,84,7611,3,1.0
97,1.0,1.0,0.0,1.0,3.0,5,128.0156027487206,141.9563896693565,pobre,basal,0,840.0,705.0,1.0,45.0,15,77,7612,3,1.0
98,1.0,1.0,0.0,1.0,4.0,5,128.0156027487206,141.9563896693565,pobre,basal,0,840.0,705.0,1.0,45.0,16,77,7612,3,1.0
97,1.0,1.0,0.0,1.0,1.0,5,128.0156027487206,141.9563896693565,pobre,basal,0,840.0,705.0,1.0,45.0,10,77,7613,1,1.0
98,1.0,1.0,0.0,1.0,2.0,5,128.0156027487206,141.9563896693565,pobre,basal,0,840.0,705.0,1.0,45.0,11,77,7613,1,1.0
97,1.0,1.0,0.0,1.0,2.0,5,128.0156027487206,141.9563896693565,pobre,basal,0,840.0,705.0,1.0,45.0,7,77,7614,2,1.0
98,1.0,1.0,0.0,1.0,3.0,5,128.0156027487206,141.9563896693565,pobre,basal,0,840.0,705.0,1.0,45.0,8,77,7614,2,1.0
97,1.0,1.0,0.0,1.0,7.0,6,128.0156027487206,141.9563896693565,pobre,basal,3,250.0,493.0,1.0,34.0,13,77,7615,7,1.0
98,1.0,1.0,0.0,1.0,7.0,6,128.0156027487206,141.9563896693565,pobre,basal,3,250.0,493.0,1.0,34.0,14,77,7615,7,1.0
97,1.0,1.0,0.0,1.0,3.0,6,128.0156027487206,141.9563896693565,pobre,basal,3,250.0,493.0,1.0,34.0,10,77,7616,3,1.0
98,1.0,1.0,0.0,1.0,3.0,6,128.0156027487206,141.9563896693565,pobre,basal,3,250.0,493.0,1.0,34.0,11,77,7616,3,1.0
97,1.0,1.0,0.0,1.0,1.0,6,128.0156027487206,141.9563896693565,pobre,basal,3,250.0,493.0,1.0,34.0,8,77,7617,1,1.0
98,1.0,1.0,0.0,1.0,2.0,6,128.0156027487206,141.9563896693565,pobre,basal,3,250.0,493.0,1.0,34.0,9,77,7617,1,1.0
97,1.0,1.0,0.0,1.0,7.0,5,128.0156027487206,141.9563896693565,pobre,basal,1,250.0,678.0,1.0,39.0,15,77,7618,7,1.0
98,1.0,1.0,0.0,1.0,8.0,5,128.0156027487206,141.9563896693565,pobre,basal,1,250.0,678.0,1.0,39.0,16,77,7618,7,1.0
97,1.0,1.0,0.0,1.0,3.0,5,128.0156027487206,141.9563896693565,pobre,basal,1,250.0,678.0,1.0,39.0,9,77,7619,3,1.0
98,1.0,1.0,0.0,1.0,4.0,5,128.0156027487206,141.9563896693565,pobre,basal,1,250.0,678.0,1.0,39.0,10,77,7619,3,1.0
97,0.0,1.0,0.0,1.0,8.0,8,128.0156027487206,141.9563896693565,pobre,basal,2,250.0,730.0,1.0,45.0,14,77,7620,8,1.0
98,0.0,1.0,0.0,0.0,9.0,8,128.0156027487206,141.9563896693565,pobre,basal,2,250.0,730.0,1.0,45.0,15,77,7620,8,1.0
97,0.0,1.0,0.0,1.0,6.0,8,128.0156027487206,141.9563896693565,pobre,basal,2,250.0,730.0,1.0,45.0,12,77,7621,6,1.0
98,0.0,1.0,0.0,1.0,7.0,8,128.0156027487206,141.9563896693565,pobre,basal,2,250.0,730.0,1.0,45.0,13,77,7621,6,1.0
97,0.0,1.0,0.0,1.0,4.0,8,128.0156027487206,141.9563896693565,pobre,basal,2,250.0,730.0,1.0,45.0,10,77,7622,4,1.0
98,0.0,1.0,0.0,1.0,5.0,8,128.0156027487206,141.9563896693565,pobre,basal,2,250.0,730.0,1.0,45.0,11,77,7622,4,1.0
97,0.0,1.0,0.0,1.0,2.0,8,128.0156027487206,141.9563896693565,pobre,basal,2,250.0,730.0,1.0,45.0,8,77,7623,2,1.0
98,0.0,1.0,0.0,1.0,3.0,8,128.0156027487206,141.9563896693565,pobre,basal,2,250.0,730.0,1.0,45.0,9,77,7623,2,1.0
97,1.0,1.0,0.0,1.0,3.0,6,128.0156027487206,141.9563896693565,pobre,basal,8,375.0,645.0,1.0,30.0,10,77,7624,3,1.0
98,1.0,1.0,0.0,1.0,4.0,6,128.0156027487206,141.9563896693565,pobre,basal,8,375.0,645.0,1.0,30.0,11,77,7624,3,1.0
97,0.0,1.0,0.0,1.0,3.0,6,128.0156027487206,141.9563896693565,pobre,basal,8,375.0,645.0,1.0,30.0,9,77,7625,3,1.0
98,0.0,1.0,0.0,1.0,4.0,6,128.0156027487206,141.9563896693565,pobre,basal,8,375.0,645.0,1.0,30.0,10,77,7625,3,1.0
97,1.0,1.0,0.0,1.0,2.0,6,128.0156027487206,141.9563896693565,pobre,basal,8,375.0,645.0,1.0,30.0,7,77,7626,2,1.0
98,1.0,1.0,0.0,1.0,2.0,6,128.0156027487206,141.9563896693565,pobre,basal,8,375.0,645.0,1.0,30.0,8,77,7626,2,1.0
97,0.0,1.0,0.0,1.0,8.0,6,128.0156027487206,141.9563896693565,pobre,basal,0,375.0,765.0,1.0,49.0,16,77,7627,8,1.0
98,0.0,1.0,0.0,,,6,128.0156027487206,141.9563896693565,pobre,basal,0,375.0,765.0,1.0,49.0,17,77,7627,8,1.0
97,1.0,1.0,0.0,1.0,5.0,3,128.0156027487206,141.9563896693565,pobre,basal,1,250.0,624.0,0.0,41.0,13,77,7628,5,1.0
98,1.0,1.0,0.0,0.0,6.0,3,128.0156027487206,141.9563896693565,pobre,basal,1,250.0,624.0,0.0,41.0,14,77,7628,5,1.0
97,0.0,1.0,0.0,1.0,3.0,3,128.0156027487206,141.9563896693565,pobre,basal,1,250.0,624.0,0.0,41.0,10,77,7629,3,1.0
98,0.0,1.0,0.0,1.0,4.0,3,128.0156027487206,141.9563896693565,pobre,basal,1,250.0,624.0,0.0,41.0,11,77,7629,3,1.0
97,0.0,1.0,0.0,1.0,8.0,4,128.0156027487206,141.9563896693565,pobre,basal,0,375.0,581.62,1.0,64.0,16,77,7630,8,1.0
98,0.0,1.0,0.0,,,4,128.0156027487206,141.9563896693565,pobre,basal,0,375.0,581.62,1.0,64.0,17,77,7630,8,1.0
97,1.0,1.0,0.0,1.0,1.0,4,128.0156027487206,141.9563896693565,pobre,basal,0,375.0,581.62,1.0,64.0,14,77,7631,1,1.0
98,1.0,1.0,0.0,1.0,8.0,4,128.0156027487206,141.9563896693565,pobre,basal,0,375.0,581.62,1.0,64.0,15,77,7631,1,1.0
97,1.0,1.0,0.0,1.0,7.0,4,128.0156027487206,141.9563896693565,no pobre,basal,9,625.0,888.0,1.0,29.0,12,77,7632,7,1.0
98,1.0,1.0,0.0,1.0,8.0,4,128.0156027487206,141.9563896693565,no pobre,basal,9,625.0,888.0,1.0,29.0,13,77,7632,7,1.0
97,0.0,1.0,0.0,1.0,8.0,7,128.0156027487206,141.9563896693565,pobre,basal,0,250.0,736.5,1.0,54.0,15,77,7633,8,1.0
98,0.0,1.0,0.0,0.0,9.0,7,128.0156027487206,141.9563896693565,pobre,basal,0,250.0,736.5,1.0,54.0,16,77,7633,8,1.0
97,1.0,1.0,0.0,1.0,4.0,7,128.0156027487206,141.9563896693565,pobre,basal,0,250.0,736.5,1.0,54.0,10,77,7634,4,1.0
98,1.0,1.0,0.0,1.0,5.0,7,128.0156027487206,141.9563896693565,pobre,basal,0,250.0,736.5,1.0,54.0,11,77,7634,4,1.0
97,0.0,1.0,0.0,1.0,2.0,7,128.0156027487206,141.9563896693565,pobre,basal,0,250.0,736.5,1.0,54.0,7,77,7635,2,1.0
98,0.0,1.0,0.0,1.0,3.0,7,128.0156027487206,141.9563896693565,pobre,basal,0,250.0,736.5,1.0,54.0,8,77,7635,2,1.0
97,0.0,1.0,0.0,1.0,1.0,6,128.0156027487206,141.9563896693565,pobre,basal,1,250.0,647.0,1.0,36.0,9,77,7636,1,1.0
98,0.0,1.0,0.0,1.0,2.0,6,128.0156027487206,141.9563896693565,pobre,basal,1,250.0,647.0,1.0,36.0,10,77,7636,1,1.0
97,0.0,1.0,0.0,1.0,1.0,6,128.0156027487206,141.9563896693565,pobre,basal,1,250.0,647.0,1.0,36.0,8,77,7637,1,1.0
98,0.0,1.0,0.0,1.0,2.0,6,128.0156027487206,141.9563896693565,pobre,basal,1,250.0,647.0,1.0,36.0,9,77,7637,1,1.0
97,1.0,1.0,0.0,1.0,7.0,5,128.0156027487206,141.9563896693565,pobre,basal,0,250.0,674.0,0.0,31.0,14,77,7638,7,1.0
98,1.0,1.0,0.0,1.0,8.0,5,128.0156027487206,141.9563896693565,pobre,basal,0,250.0,674.0,0.0,31.0,15,77,7638,7,1.0
97,0.0,1.0,0.0,1.0,2.0,5,128.0156027487206,141.9563896693565,pobre,basal,0,250.0,674.0,0.0,31.0,12,77,7639,2,1.0
98,0.0,1.0,0.0,1.0,3.0,5,128.0156027487206,141.9563896693565,pobre,basal,0,250.0,674.0,0.0,31.0,13,77,7639,2,1.0
97,0.0,1.0,0.0,1.0,3.0,5,128.0156027487206,141.9563896693565,pobre,basal,0,250.0,674.0,0.0,31.0,10,77,7640,3,1.0
98,0.0,1.0,0.0,1.0,3.0,5,128.0156027487206,141.9563896693565,pobre,basal,0,250.0,674.0,0.0,31.0,11,77,7640,3,1.0
97,0.0,1.0,0.0,1.0,5.0,7,128.0156027487206,141.9563896693565,pobre,basal,0,0.0,748.5,0.0,53.0,16,77,7641,5,1.0
98,0.0,1.0,0.0,,,7,128.0156027487206,141.9563896693565,pobre,basal,0,0.0,748.5,0.0,53.0,17,77,7641,5,1.0
97,0.0,1.0,0.0,1.0,2.0,7,128.0156027487206,141.9563896693565,pobre,basal,0,0.0,748.5,0.0,53.0,13,77,7642,2,1.0
98,0.0,1.0,0.0,,,7,128.0156027487206,141.9563896693565,pobre,basal,0,0.0,748.5,0.0,53.0,14,77,7642,2,1.0
97,1.0,1.0,0.0,1.0,7.0,4,128.0156027487206,141.9563896693565,no pobre,basal,3,250.0,792.0,1.0,58.0,13,77,7643,7,1.0
98,1.0,1.0,0.0,1.0,7.0,4,128.0156027487206,141.9563896693565,no pobre,basal,3,250.0,792.0,1.0,58.0,14,77,7643,7,1.0
97,1.0,1.0,0.0,1.0,6.0,5,128.0156027487206,141.9563896693565,pobre,basal,0,0.0,673.0,0.0,69.0,13,77,7644,6,1.0
98,1.0,1.0,0.0,1.0,7.0,5,128.0156027487206,141.9563896693565,pobre,basal,0,0.0,673.0,0.0,69.0,14,77,7644,6,1.0
97,0.0,1.0,0.0,1.0,3.0,5,128.0156027487206,141.9563896693565,pobre,basal,0,0.0,673.0,0.0,69.0,9,77,7645,3,1.0
98,0.0,1.0,0.0,1.0,4.0,5,128.0156027487206,141.9563896693565,pobre,basal,0,0.0,673.0,0.0,69.0,10,77,7645,3,1.0
97,1.0,1.0,0.0,1.0,1.0,5,128.0156027487206,141.9563896693565,pobre,basal,0,0.0,673.0,0.0,69.0,7,77,7646,1,1.0
98,1.0,1.0,0.0,1.0,2.0,5,128.0156027487206,141.9563896693565,pobre,basal,0,0.0,673.0,0.0,69.0,8,77,7646,1,1.0
97,1.0,1.0,0.0,1.0,1.0,7,128.0156027487206,141.9563896693565,pobre,basal,3,250.0,728.5,1.0,57.0,7,77,7647,1,1.0
98,1.0,1.0,0.0,,2.0,7,128.0156027487206,141.9563896693565,pobre,basal,3,250.0,728.5,1.0,57.0,8,77,7647,1,1.0
97,1.0,1.0,0.0,1.0,1.0,4,128.0156027487206,141.9563896693565,pobre,basal,6,250.0,704.0,1.0,30.0,6,77,7648,1,1.0
98,1.0,1.0,0.0,1.0,1.0,4,128.0156027487206,141.9563896693565,pobre,basal,6,250.0,704.0,1.0,30.0,7,77,7648,1,1.0
97,1.0,1.0,0.0,1.0,9.0,5,128.0156027487206,141.9563896693565,pobre,basal,0,250.0,679.0,1.0,51.0,15,77,7649,9,1.0
98,1.0,1.0,0.0,1.0,10.0,5,128.0156027487206,141.9563896693565,pobre,basal,0,250.0,679.0,1.0,51.0,16,77,7649,9,1.0
97,1.0,1.0,0.0,1.0,5.0,5,128.0156027487206,141.9563896693565,pobre,basal,0,250.0,679.0,1.0,51.0,12,77,7650,5,1.0
98,1.0,1.0,0.0,1.0,6.0,5,128.0156027487206,141.9563896693565,pobre,basal,0,250.0,679.0,1.0,51.0,13,77,7650,5,1.0
97,0.0,1.0,0.0,0.0,9.0,7,128.0156027487206,141.9563896693565,pobre,basal,4,2000.0,711.0,1.0,46.0,14,77,7651,9,0.0
98,0.0,1.0,0.0,,,7,128.0156027487206,141.9563896693565,pobre,basal,4,2000.0,711.0,1.0,46.0,15,77,7651,9,0.0
97,0.0,1.0,0.0,1.0,6.0,7,128.0156027487206,141.9563896693565,pobre,basal,4,2000.0,711.0,1.0,46.0,11,77,7652,6,1.0
98,0.0,1.0,0.0,,,7,128.0156027487206,141.9563896693565,pobre,basal,4,2000.0,711.0,1.0,46.0,12,77,7652,6,1.0
97,1.0,1.0,0.0,,0.0,6,128.0156027487206,141.9563896693565,pobre,basal,9,375.0,685.0,1.0,28.0,7,77,7653,0,
98,1.0,1.0,0.0,1.0,3.0,6,128.0156027487206,141.9563896693565,pobre,basal,9,375.0,685.0,1.0,28.0,8,77,7653,0,
97,1.0,1.0,0.0,,0.0,6,128.0156027487206,141.9563896693565,pobre,basal,9,375.0,685.0,1.0,28.0,7,77,7654,0,
98,1.0,1.0,0.0,1.0,2.0,6,128.0156027487206,141.9563896693565,pobre,basal,9,375.0,685.0,1.0,28.0,8,77,7654,0,
97,1.0,1.0,0.0,1.0,3.0,6,128.0156027487206,141.9563896693565,pobre,basal,6,375.0,630.0,1.0,28.0,8,77,7655,3,1.0
98,1.0,1.0,0.0,1.0,3.0,6,128.0156027487206,141.9563896693565,pobre,basal,6,375.0,630.0,1.0,28.0,9,77,7655,3,1.0
97,0.0,1.0,0.0,1.0,1.0,6,128.0156027487206,141.9563896693565,pobre,basal,6,375.0,630.0,1.0,28.0,6,77,7656,1,1.0
98,0.0,1.0,0.0,1.0,1.0,6,128.0156027487206,141.9563896693565,pobre,basal,6,375.0,630.0,1.0,28.0,7,77,7656,1,1.0
97,1.0,1.0,0.0,1.0,9.0,6,128.0156027487206,141.9563896693565,pobre,basal,3,250.0,673.0,1.0,40.0,16,77,7657,9,1.0
98,1.0,1.0,0.0,,,6,128.0156027487206,141.9563896693565,pobre,basal,3,250.0,673.0,1.0,40.0,17,77,7657,9,1.0
97,1.0,1.0,0.0,1.0,9.0,6,128.0156027487206,141.9563896693565,pobre,basal,3,250.0,673.0,1.0,40.0,15,77,7658,9,1.0
98,1.0,1.0,0.0,1.0,9.0,6,128.0156027487206,141.9563896693565,pobre,basal,3,250.0,673.0,1.0,40.0,16,77,7658,9,1.0
97,0.0,1.0,0.0,1.0,7.0,6,128.0156027487206,141.9563896693565,pobre,basal,3,250.0,673.0,1.0,40.0,11,77,7659,7,1.0
98,0.0,1.0,0.0,1.0,7.0,6,128.0156027487206,141.9563896693565,pobre,basal,3,250.0,673.0,1.0,40.0,12,77,7659,7,1.0
97,1.0,1.0,0.0,1.0,6.0,7,128.0156027487206,141.9563896693565,pobre,basal,4,250.0,594.0,1.0,34.0,13,77,7660,6,1.0
98,1.0,1.0,0.0,1.0,7.0,7,128.0156027487206,141.9563896693565,pobre,basal,4,250.0,594.0,1.0,34.0,14,77,7660,6,1.0
97,0.0,1.0,0.0,1.0,4.0,7,128.0156027487206,141.9563896693565,pobre,basal,4,250.0,594.0,1.0,34.0,12,77,7661,4,1.0
98,0.0,1.0,0.0,1.0,5.0,7,128.0156027487206,141.9563896693565,pobre,basal,4,250.0,594.0,1.0,34.0,13,77,7661,4,1.0
97,0.0,1.0,0.0,1.0,5.0,7,128.0156027487206,141.9563896693565,pobre,basal,4,250.0,594.0,1.0,34.0,10,77,7662,5,1.0
98,0.0,1.0,0.0,1.0,5.0,7,128.0156027487206,141.9563896693565,pobre,basal,4,250.0,594.0,1.0,34.0,11,77,7662,5,1.0
97,1.0,1.0,0.0,1.0,2.0,7,128.0156027487206,141.9563896693565,pobre,basal,4,250.0,594.0,1.0,34.0,8,77,7663,2,1.0
98,1.0,1.0,0.0,1.0,3.0,7,128.0156027487206,141.9563896693565,pobre,basal,4,250.0,594.0,1.0,34.0,9,77,7663,2,1.0
97,1.0,1.0,0.0,1.0,2.0,3,128.0156027487206,141.9563896693565,pobre,basal,6,375.0,744.0,1.0,27.0,7,77,7664,2,1.0
98,1.0,1.0,0.0,1.0,3.0,3,128.0156027487206,141.9563896693565,pobre,basal,6,375.0,744.0,1.0,27.0,8,77,7664,2,1.0
97,1.0,1.0,0.0,0.0,9.0,7,128.0156027487206,141.9563896693565,pobre,basal,0,250.0,770.0,1.0,30.0,16,77,7665,9,0.0
98,1.0,1.0,0.0,,,7,128.0156027487206,141.9563896693565,pobre,basal,0,250.0,770.0,1.0,30.0,17,77,7665,9,0.0
97,0.0,1.0,0.0,1.0,8.0,7,128.0156027487206,141.9563896693565,pobre,basal,0,250.0,770.0,1.0,30.0,15,77,7666,8,1.0
98,0.0,1.0,0.0,,,7,128.0156027487206,141.9563896693565,pobre,basal,0,250.0,770.0,1.0,30.0,16,77,7666,8,1.0
97,0.0,1.0,0.0,1.0,8.0,7,128.0156027487206,141.9563896693565,pobre,basal,0,250.0,770.0,1.0,30.0,13,77,7667,8,1.0
98,0.0,1.0,0.0,,,7,128.0156027487206,141.9563896693565,pobre,basal,0,250.0,770.0,1.0,30.0,14,77,7667,8,1.0
97,0.0,1.0,0.0,1.0,1.0,4,128.0156027487206,141.9563896693565,pobre,basal,6,375.0,693.0,1.0,27.0,6,77,7668,1,1.0
98,0.0,1.0,0.0,1.0,1.0,4,128.0156027487206,141.9563896693565,pobre,basal,6,375.0,693.0,1.0,27.0,7,77,7668,1,1.0
97,1.0,1.0,0.0,1.0,9.0,6,128.0156027487206,141.9563896693565,no pobre,basal,2,375.0,784.0,1.0,48.0,16,77,7669,9,1.0
98,1.0,1.0,0.0,,,6,128.0156027487206,141.9563896693565,no pobre,basal,2,375.0,784.0,1.0,48.0,17,77,7669,9,1.0
97,0.0,1.0,0.0,1.0,8.0,6,128.0156027487206,141.9563896693565,no pobre,basal,2,375.0,784.0,1.0,48.0,14,77,7670,8,1.0
98,0.0,1.0,0.0,0.0,9.0,6,128.0156027487206,141.9563896693565,no pobre,basal,2,375.0,784.0,1.0,48.0,15,77,7670,8,1.0
97,0.0,1.0,0.0,0.0,9.0,5,128.0156027487206,141.9563896693565,pobre,basal,2,375.0,696.0,1.0,46.0,16,77,7671,9,0.0
98,0.0,1.0,0.0,,,5,128.0156027487206,141.9563896693565,pobre,basal,2,375.0,696.0,1.0,46.0,17,77,7671,9,0.0
97,0.0,1.0,0.0,1.0,6.0,5,128.0156027487206,141.9563896693565,pobre,basal,2,375.0,696.0,1.0,46.0,13,77,7672,6,1.0
98,0.0,1.0,0.0,1.0,7.0,5,128.0156027487206,141.9563896693565,pobre,basal,2,375.0,696.0,1.0,46.0,14,77,7672,6,1.0
97,0.0,1.0,0.0,1.0,4.0,5,128.0156027487206,141.9563896693565,pobre,basal,2,375.0,696.0,1.0,46.0,10,77,7673,4,1.0
98,0.0,1.0,0.0,1.0,5.0,5,128.0156027487206,141.9563896693565,pobre,basal,2,375.0,696.0,1.0,46.0,11,77,7673,4,1.0
97,1.0,1.0,0.0,1.0,9.0,7,128.0156027487206,141.9563896693565,pobre,basal,3,375.0,510.0,1.0,37.0,16,77,7674,9,1.0
98,1.0,1.0,0.0,,,7,128.0156027487206,141.9563896693565,pobre,basal,3,375.0,510.0,1.0,37.0,17,77,7674,9,1.0
97,1.0,1.0,0.0,1.0,5.0,7,128.0156027487206,141.9563896693565,pobre,basal,3,375.0,510.0,1.0,37.0,15,77,7675,5,1.0
98,1.0,1.0,0.0,1.0,6.0,7,128.0156027487206,141.9563896693565,pobre,basal,3,375.0,510.0,1.0,37.0,16,77,7675,5,1.0
97,1.0,1.0,0.0,1.0,7.0,7,128.0156027487206,141.9563896693565,pobre,basal,3,375.0,510.0,1.0,37.0,13,77,7676,7,1.0
98,1.0,1.0,0.0,1.0,8.0,7,128.0156027487206,141.9563896693565,pobre,basal,3,375.0,510.0,1.0,37.0,14,77,7676,7,1.0
97,0.0,1.0,0.0,1.0,2.0,7,128.0156027487206,141.9563896693565,pobre,basal,3,375.0,510.0,1.0,37.0,11,77,7677,2,1.0
98,0.0,1.0,0.0,1.0,3.0,7,128.0156027487206,141.9563896693565,pobre,basal,3,375.0,510.0,1.0,37.0,12,77,7677,2,1.0
97,1.0,1.0,0.0,1.0,8.0,6,128.0156027487206,141.9563896693565,pobre,basal,4,375.0,749.0,1.0,42.0,14,77,7678,8,1.0
98,1.0,1.0,0.0,1.0,8.0,6,128.0156027487206,141.9563896693565,pobre,basal,4,375.0,749.0,1.0,42.0,15,77,7678,8,1.0
97,0.0,1.0,0.0,1.0,5.0,6,128.0156027487206,141.9563896693565,pobre,basal,4,375.0,749.0,1.0,42.0,10,77,7679,5,1.0
98,0.0,1.0,0.0,1.0,5.0,6,128.0156027487206,141.9563896693565,pobre,basal,4,375.0,749.0,1.0,42.0,11,77,7679,5,1.0
97,0.0,1.0,0.0,1.0,8.0,6,128.0156027487206,141.9563896693565,pobre,basal,3,0.0,636.0,0.0,43.0,15,77,7680,8,1.0
98,0.0,1.0,0.0,1.0,8.0,6,128.0156027487206,141.9563896693565,pobre,basal,3,0.0,636.0,0.0,43.0,16,77,7680,8,1.0
97,0.0,1.0,0.0,1.0,7.0,6,128.0156027487206,141.9563896693565,pobre,basal,3,0.0,636.0,0.0,43.0,11,77,7681,7,1.0
98,0.0,1.0,0.0,1.0,8.0,6,128.0156027487206,141.9563896693565,pobre,basal,3,0.0,636.0,0.0,43.0,12,77,7681,7,1.0
97,1.0,1.0,0.0,1.0,4.0,6,128.0156027487206,141.9563896693565,pobre,basal,3,0.0,636.0,0.0,43.0,8,77,7682,4,1.0
98,1.0,1.0,0.0,1.0,5.0,6,128.0156027487206,141.9563896693565,pobre,basal,3,0.0,636.0,0.0,43.0,9,77,7682,4,1.0
97,1.0,1.0,0.0,1.0,5.0,4,128.0156027487206,141.9563896693565,pobre,basal,0,0.0,705.0,0.0,81.0,10,77,7683,5,1.0
98,1.0,1.0,0.0,1.0,5.0,4,128.0156027487206,141.9563896693565,pobre,basal,0,0.0,705.0,0.0,81.0,11,77,7683,5,1.0
97,1.0,1.0,0.0,1.0,6.0,5,128.0156027487206,141.9563896693565,pobre,basal,0,0.0,679.0,1.0,68.0,14,77,7684,6,1.0
98,1.0,1.0,0.0,1.0,7.0,5,128.0156027487206,141.9563896693565,pobre,basal,0,0.0,679.0,1.0,68.0,15,77,7684,6,1.0
97,1.0,1.0,0.0,1.0,8.0,6,128.0156027487206,141.9563896693565,pobre,basal,2,375.0,678.0,1.0,39.0,14,77,7685,8,1.0
98,1.0,1.0,0.0,1.0,8.0,6,128.0156027487206,141.9563896693565,pobre,basal,2,375.0,678.0,1.0,39.0,15,77,7685,8,1.0
97,1.0,1.0,0.0,1.0,7.0,6,128.0156027487206,141.9563896693565,pobre,basal,2,375.0,678.0,1.0,39.0,12,77,7686,7,1.0
98,1.0,1.0,0.0,1.0,8.0,6,128.0156027487206,141.9563896693565,pobre,basal,2,375.0,678.0,1.0,39.0,13,77,7686,7,1.0
97,1.0,1.0,0.0,1.0,0.0,6,128.0156027487206,141.9563896693565,pobre,basal,6,800.0,633.0,1.0,29.0,8,77,7687,0,1.0
98,1.0,1.0,0.0,1.0,2.0,6,128.0156027487206,141.9563896693565,pobre,basal,6,800.0,633.0,1.0,29.0,9,77,7687,0,1.0
97,0.0,1.0,0.0,0.0,9.0,6,128.0156027487206,141.9563896693565,pobre,basal,2,0.0,772.0,1.0,51.0,16,77,7688,9,0.0
98,0.0,1.0,0.0,,,6,128.0156027487206,141.9563896693565,pobre,basal,2,0.0,772.0,1.0,51.0,17,77,7688,9,0.0
97,0.0,1.0,0.0,1.0,4.0,6,128.0156027487206,141.9563896693565,pobre,basal,6,1800.0,653.0,1.0,35.0,10,77,7689,4,1.0
98,0.0,1.0,0.0,1.0,5.0,6,128.0156027487206,141.9563896693565,pobre,basal,6,1800.0,653.0,1.0,35.0,11,77,7689,4,1.0
97,0.0,1.0,0.0,1.0,2.0,6,128.0156027487206,141.9563896693565,pobre,basal,6,1800.0,653.0,1.0,35.0,7,77,7690,2,1.0
98,0.0,1.0,0.0,1.0,3.0,6,128.0156027487206,141.9563896693565,pobre,basal,6,1800.0,653.0,1.0,35.0,8,77,7690,2,1.0
97,0.0,1.0,0.0,1.0,1.0,6,128.0156027487206,141.9563896693565,pobre,basal,6,1800.0,653.0,1.0,35.0,6,77,7691,1,1.0
98,0.0,1.0,0.0,1.0,1.0,6,128.0156027487206,141.9563896693565,pobre,basal,6,1800.0,653.0,1.0,35.0,7,77,7691,1,1.0
97,0.0,1.0,0.0,1.0,5.0,4,128.0156027487206,141.9563896693565,pobre,basal,3,40.0,718.0,0.0,37.0,15,77,7692,5,1.0
98,0.0,1.0,0.0,1.0,6.0,4,128.0156027487206,141.9563896693565,pobre,basal,3,40.0,718.0,0.0,37.0,16,77,7692,5,1.0
97,1.0,1.0,0.0,1.0,3.0,4,128.0156027487206,141.9563896693565,pobre,basal,3,40.0,718.0,0.0,37.0,11,77,7693,3,1.0
98,1.0,1.0,0.0,1.0,4.0,4,128.0156027487206,141.9563896693565,pobre,basal,3,40.0,718.0,0.0,37.0,12,77,7693,3,1.0
97,0.0,1.0,0.0,1.0,3.0,4,128.0156027487206,141.9563896693565,pobre,basal,3,40.0,718.0,0.0,37.0,9,77,7694,3,1.0
98,0.0,1.0,0.0,1.0,4.0,4,128.0156027487206,141.9563896693565,pobre,basal,3,40.0,718.0,0.0,37.0,10,77,7694,3,1.0
97,1.0,1.0,0.0,1.0,2.0,4,128.0156027487206,141.9563896693565,pobre,basal,6,250.0,677.0,1.0,27.0,9,77,7695,2,1.0
98,1.0,1.0,0.0,1.0,3.0,4,128.0156027487206,141.9563896693565,pobre,basal,6,250.0,677.0,1.0,27.0,10,77,7695,2,1.0
97,0.0,1.0,0.0,1.0,1.0,4,128.0156027487206,141.9563896693565,pobre,basal,6,250.0,677.0,1.0,27.0,6,77,7696,1,1.0
98,0.0,1.0,0.0,1.0,2.0,4,128.0156027487206,141.9563896693565,pobre,basal,6,250.0,677.0,1.0,27.0,7,77,7696,1,1.0
97,0.0,1.0,0.0,1.0,3.0,6,128.0156027487206,141.9563896693565,pobre,basal,3,250.0,721.0,1.0,39.0,12,77,7697,3,1.0
98,0.0,1.0,0.0,1.0,4.0,6,128.0156027487206,141.9563896693565,pobre,basal,3,250.0,721.0,1.0,39.0,13,77,7697,3,1.0
97,1.0,1.0,0.0,1.0,4.0,6,128.0156027487206,141.9563896693565,pobre,basal,3,250.0,721.0,1.0,39.0,11,77,7698,4,1.0
98,1.0,1.0,0.0,1.0,5.0,6,128.0156027487206,141.9563896693565,pobre,basal,3,250.0,721.0,1.0,39.0,12,77,7698,4,1.0
97,0.0,1.0,0.0,,6.0,3,128.0156027487206,141.9563896693565,pobre,basal,7,3000.0,749.33002,1.0,17.0,14,77,7699,6,
98,0.0,1.0,0.0,0.0,7.0,3,128.0156027487206,141.9563896693565,pobre,basal,7,3000.0,749.33002,1.0,17.0,15,77,7699,6,
97,0.0,1.0,0.0,,3.0,3,128.0156027487206,141.9563896693565,pobre,basal,7,3000.0,749.33002,1.0,17.0,13,77,7700,3,
98,0.0,1.0,0.0,1.0,4.0,3,128.0156027487206,141.9563896693565,pobre,basal,7,3000.0,749.33002,1.0,17.0,14,77,7700,3,
97,0.0,1.0,0.0,1.0,6.0,3,128.0156027487206,141.9563896693565,pobre,basal,3,250.0,758.0,1.0,40.0,15,77,7701,6,1.0
98,0.0,1.0,0.0,,,3,128.0156027487206,141.9563896693565,pobre,basal,3,250.0,758.0,1.0,40.0,16,77,7701,6,1.0
97,0.0,0.0,0.0,0.0,9.0,6,128.0156027487206,141.9563896693565,pobre,basal,10,250.0,722.0,1.0,39.0,16,77,7702,9,0.0
98,0.0,0.0,0.0,0.0,9.0,6,128.0156027487206,141.9563896693565,pobre,basal,10,250.0,722.0,1.0,39.0,17,77,7702,9,0.0
97,1.0,0.0,0.0,1.0,3.0,6,128.0156027487206,141.9563896693565,pobre,basal,10,250.0,722.0,1.0,39.0,8,77,7703,3,1.0
98,1.0,0.0,0.0,1.0,4.0,6,128.0156027487206,141.9563896693565,pobre,basal,10,250.0,722.0,1.0,39.0,9,77,7703,3,1.0
97,0.0,1.0,0.0,1.0,7.0,9,128.0156027487206,141.9563896693565,pobre,basal,0,250.0,873.97998,1.0,45.0,15,77,7704,7,1.0
98,0.0,1.0,0.0,1.0,8.0,9,128.0156027487206,141.9563896693565,pobre,basal,0,250.0,873.97998,1.0,45.0,16,77,7704,7,1.0
97,1.0,1.0,0.0,1.0,5.0,9,128.0156027487206,141.9563896693565,pobre,basal,0,250.0,873.97998,1.0,45.0,12,77,7705,5,1.0
98,1.0,1.0,0.0,1.0,6.0,9,128.0156027487206,141.9563896693565,pobre,basal,0,250.0,873.97998,1.0,45.0,13,77,7705,5,1.0
97,0.0,1.0,0.0,1.0,4.0,9,128.0156027487206,141.9563896693565,pobre,basal,0,250.0,873.97998,1.0,45.0,11,77,7706,4,1.0
98,0.0,1.0,0.0,1.0,5.0,9,128.0156027487206,141.9563896693565,pobre,basal,0,250.0,873.97998,1.0,45.0,12,77,7706,4,1.0
97,1.0,1.0,0.0,1.0,2.0,9,128.0156027487206,141.9563896693565,pobre,basal,0,250.0,873.97998,1.0,45.0,8,77,7707,2,1.0
98,1.0,1.0,0.0,1.0,3.0,9,128.0156027487206,141.9563896693565,pobre,basal,0,250.0,873.97998,1.0,45.0,9,77,7707,2,1.0
97,0.0,0.0,0.0,0.0,9.0,6,128.0156027487206,141.9563896693565,pobre,basal,6,125.0,824.0,1.0,36.0,15,77,7708,9,0.0
98,0.0,0.0,0.0,0.0,9.0,6,128.0156027487206,141.9563896693565,pobre,basal,6,125.0,824.0,1.0,36.0,16,77,7708,9,0.0
97,0.0,0.0,0.0,1.0,6.0,6,128.0156027487206,141.9563896693565,pobre,basal,6,125.0,824.0,1.0,36.0,12,77,7709,6,1.0
98,0.0,0.0,0.0,0.0,6.0,6,128.0156027487206,141.9563896693565,pobre,basal,6,125.0,824.0,1.0,36.0,13,77,7709,6,1.0
97,1.0,0.0,0.0,1.0,2.0,6,128.0156027487206,141.9563896693565,pobre,basal,6,125.0,824.0,1.0,36.0,6,77,7710,2,1.0
98,1.0,0.0,0.0,1.0,3.0,6,128.0156027487206,141.9563896693565,pobre,basal,6,125.0,824.0,1.0,36.0,7,77,7710,2,1.0
97,1.0,1.0,0.0,1.0,4.0,5,128.0156027487206,141.9563896693565,pobre,basal,6,250.0,681.0,1.0,31.0,8,77,7711,4,1.0
98,1.0,1.0,0.0,1.0,4.0,5,128.0156027487206,141.9563896693565,pobre,basal,6,250.0,681.0,1.0,31.0,9,77,7711,4,1.0
97,1.0,1.0,0.0,1.0,1.0,5,128.0156027487206,141.9563896693565,pobre,basal,6,250.0,681.0,1.0,31.0,6,77,7712,1,1.0
98,1.0,1.0,0.0,1.0,2.0,5,128.0156027487206,141.9563896693565,pobre,basal,6,250.0,681.0,1.0,31.0,7,77,7712,1,1.0
97,1.0,1.0,0.0,1.0,6.0,5,128.0156027487206,141.9563896693565,no pobre,basal,0,375.0,842.5,1.0,64.0,13,77,7713,6,1.0
98,1.0,1.0,0.0,1.0,7.0,5,128.0156027487206,141.9563896693565,no pobre,basal,0,375.0,842.5,1.0,64.0,14,77,7713,6,1.0
97,1.0,1.0,0.0,0.0,8.0,5,128.0156027487206,141.9563896693565,pobre,basal,1,375.0,696.0,1.0,45.0,14,77,7714,8,0.0
98,1.0,1.0,0.0,0.0,9.0,5,128.0156027487206,141.9563896693565,pobre,basal,1,375.0,696.0,1.0,45.0,15,77,7714,8,0.0
97,0.0,1.0,0.0,1.0,2.0,4,128.0156027487206,141.9563896693565,pobre,basal,6,700.0,696.0,0.0,27.0,7,77,7715,2,1.0
98,0.0,1.0,0.0,1.0,2.0,4,128.0156027487206,141.9563896693565,pobre,basal,6,700.0,696.0,0.0,27.0,8,77,7715,2,1.0
97,0.0,1.0,0.0,1.0,0.0,4,128.0156027487206,141.9563896693565,pobre,basal,6,700.0,696.0,0.0,27.0,7,77,7716,0,1.0
98,0.0,1.0,0.0,1.0,2.0,4,128.0156027487206,141.9563896693565,pobre,basal,6,700.0,696.0,0.0,27.0,8,77,7716,0,1.0
97,0.0,1.0,0.0,1.0,0.0,4,128.0156027487206,141.9563896693565,pobre,basal,6,700.0,696.0,0.0,27.0,6,77,7717,0,1.0
98,0.0,1.0,0.0,1.0,1.0,4,128.0156027487206,141.9563896693565,pobre,basal,6,700.0,696.0,0.0,27.0,7,77,7717,0,1.0
97,0.0,1.0,0.0,1.0,2.0,4,128.0156027487206,141.9563896693565,pobre,basal,0,400.0,831.0,1.0,75.0,8,77,7718,2,1.0
98,0.0,1.0,0.0,1.0,3.0,4,128.0156027487206,141.9563896693565,pobre,basal,0,400.0,831.0,1.0,75.0,9,77,7718,2,1.0
97,0.0,0.0,4.0819998,1.0,4.0,10,111.576243185751,167.0639280149408,pobre,0,4,750.0,537.0,1.0,33.0,10,84,7719,4,1.0
98,0.0,0.0,4.0819998,1.0,5.0,10,111.576243185751,167.0639280149408,pobre,0,4,750.0,537.0,1.0,33.0,11,84,7719,4,1.0
97,1.0,0.0,4.0819998,1.0,2.0,10,111.576243185751,167.0639280149408,pobre,0,4,750.0,537.0,1.0,33.0,8,84,7720,2,1.0
98,1.0,0.0,4.0819998,1.0,3.0,10,111.576243185751,167.0639280149408,pobre,0,4,750.0,537.0,1.0,33.0,9,84,7720,2,1.0
97,0.0,0.0,4.0819998,0.0,6.0,8,111.576243185751,167.0639280149408,pobre,0,2,960.0,492.0,1.0,48.0,16,84,7721,6,0.0
98,0.0,0.0,4.0819998,,,8,111.576243185751,167.0639280149408,pobre,0,2,960.0,492.0,1.0,48.0,17,84,7721,6,0.0
97,0.0,0.0,4.0819998,0.0,6.0,8,111.576243185751,167.0639280149408,pobre,0,2,960.0,492.0,1.0,48.0,14,84,7722,6,0.0
98,0.0,0.0,4.0819998,0.0,6.0,8,111.576243185751,167.0639280149408,pobre,0,2,960.0,492.0,1.0,48.0,15,84,7722,6,0.0
97,1.0,0.0,4.0819998,1.0,5.0,8,111.576243185751,167.0639280149408,pobre,0,2,960.0,492.0,1.0,48.0,13,84,7723,5,1.0
98,1.0,0.0,4.0819998,1.0,6.0,8,111.576243185751,167.0639280149408,pobre,0,2,960.0,492.0,1.0,48.0,14,84,7723,5,1.0
97,0.0,0.0,4.0819998,1.0,3.0,8,111.576243185751,167.0639280149408,pobre,0,2,960.0,492.0,1.0,48.0,10,84,7724,3,1.0
98,0.0,0.0,4.0819998,1.0,3.0,8,111.576243185751,167.0639280149408,pobre,0,2,960.0,492.0,1.0,48.0,11,84,7724,3,1.0
97,0.0,0.0,4.0819998,1.0,2.0,8,111.576243185751,167.0639280149408,pobre,0,2,960.0,492.0,1.0,48.0,10,84,7725,2,1.0
98,0.0,0.0,4.0819998,1.0,3.0,8,111.576243185751,167.0639280149408,pobre,0,2,960.0,492.0,1.0,48.0,11,84,7725,2,1.0
97,0.0,0.0,4.0819998,1.0,2.0,8,111.576243185751,167.0639280149408,pobre,0,2,960.0,492.0,1.0,48.0,8,84,7726,2,1.0
98,0.0,0.0,4.0819998,,,8,111.576243185751,167.0639280149408,pobre,0,2,960.0,492.0,1.0,48.0,9,84,7726,2,1.0
97,0.0,0.0,4.0819998,1.0,5.0,9,111.576243185751,167.0639280149408,pobre,0,2,750.0,402.0,1.0,34.0,12,84,7727,5,1.0
98,0.0,0.0,4.0819998,1.0,6.0,9,111.576243185751,167.0639280149408,pobre,0,2,750.0,402.0,1.0,34.0,13,84,7727,5,1.0
97,1.0,0.0,4.0819998,1.0,4.0,9,111.576243185751,167.0639280149408,pobre,0,2,750.0,402.0,1.0,34.0,10,84,7728,4,1.0
98,1.0,0.0,4.0819998,1.0,4.0,9,111.576243185751,167.0639280149408,pobre,0,2,750.0,402.0,1.0,34.0,11,84,7728,4,1.0
97,1.0,0.0,4.0819998,1.0,1.0,9,111.576243185751,167.0639280149408,pobre,0,2,750.0,402.0,1.0,34.0,8,84,7729,1,1.0
98,1.0,0.0,4.0819998,1.0,2.0,9,111.576243185751,167.0639280149408,pobre,0,2,750.0,402.0,1.0,34.0,9,84,7729,1,1.0
97,1.0,0.0,4.0819998,1.0,1.0,9,111.576243185751,167.0639280149408,pobre,0,2,750.0,402.0,1.0,34.0,6,84,7730,1,1.0
98,1.0,0.0,4.0819998,1.0,1.0,9,111.576243185751,167.0639280149408,pobre,0,2,750.0,402.0,1.0,34.0,7,84,7730,1,1.0
97,1.0,0.0,4.0819998,0.0,6.0,10,111.576243185751,167.0639280149408,pobre,0,0,0.0,412.0,0.0,53.0,14,84,7731,6,0.0
98,1.0,0.0,4.0819998,0.0,6.0,10,111.576243185751,167.0639280149408,pobre,0,0,0.0,412.0,0.0,53.0,15,84,7731,6,0.0
97,1.0,0.0,4.0819998,1.0,4.0,10,111.576243185751,167.0639280149408,pobre,0,0,0.0,412.0,0.0,53.0,11,84,7732,4,1.0
98,1.0,0.0,4.0819998,1.0,5.0,10,111.576243185751,167.0639280149408,pobre,0,0,0.0,412.0,0.0,53.0,12,84,7732,4,1.0
97,0.0,0.0,4.0819998,1.0,3.0,10,111.576243185751,167.0639280149408,pobre,0,0,0.0,412.0,0.0,53.0,10,84,7733,3,1.0
98,0.0,0.0,4.0819998,1.0,5.0,10,111.576243185751,167.0639280149408,pobre,0,0,0.0,412.0,0.0,53.0,11,84,7733,3,1.0
97,1.0,0.0,4.0819998,0.0,5.0,9,111.576243185751,167.0639280149408,pobre,0,2,750.0,437.0,1.0,48.0,15,84,7734,5,0.0
98,1.0,0.0,4.0819998,1.0,9.0,9,111.576243185751,167.0639280149408,pobre,0,2,750.0,437.0,1.0,48.0,16,84,7734,5,0.0
97,1.0,0.0,4.0819998,1.0,5.0,9,111.576243185751,167.0639280149408,pobre,0,2,750.0,437.0,1.0,48.0,14,84,7735,5,1.0
98,1.0,0.0,4.0819998,1.0,6.0,9,111.576243185751,167.0639280149408,pobre,0,2,750.0,437.0,1.0,48.0,15,84,7735,5,1.0
97,1.0,0.0,4.0819998,1.0,3.0,9,111.576243185751,167.0639280149408,pobre,0,2,750.0,437.0,1.0,48.0,12,84,7736,3,1.0
98,1.0,0.0,4.0819998,1.0,6.0,9,111.576243185751,167.0639280149408,pobre,0,2,750.0,437.0,1.0,48.0,13,84,7736,3,1.0
97,1.0,0.0,4.0819998,1.0,3.0,9,111.576243185751,167.0639280149408,pobre,0,2,750.0,437.0,1.0,48.0,10,84,7737,3,1.0
98,1.0,0.0,4.0819998,1.0,5.0,9,111.576243185751,167.0639280149408,pobre,0,2,750.0,437.0,1.0,48.0,11,84,7737,3,1.0
97,1.0,0.0,4.0819998,1.0,4.0,7,111.576243185751,167.0639280149408,pobre,0,7,750.0,537.0,1.0,35.0,9,84,7738,4,1.0
98,1.0,0.0,4.0819998,1.0,4.0,7,111.576243185751,167.0639280149408,pobre,0,7,750.0,537.0,1.0,35.0,10,84,7738,4,1.0
97,0.0,0.0,4.0819998,1.0,2.0,7,111.576243185751,167.0639280149408,pobre,0,7,750.0,537.0,1.0,35.0,7,84,7739,2,1.0
98,0.0,0.0,4.0819998,1.0,2.0,7,111.576243185751,167.0639280149408,pobre,0,7,750.0,537.0,1.0,35.0,8,84,7739,2,1.0
97,1.0,0.0,4.0819998,0.0,3.0,8,111.576243185751,167.0639280149408,pobre,0,0,0.0,426.0,0.0,37.0,15,84,7740,3,0.0
98,1.0,0.0,4.0819998,0.0,6.0,8,111.576243185751,167.0639280149408,pobre,0,0,0.0,426.0,0.0,37.0,16,84,7740,3,0.0
97,1.0,0.0,4.0819998,0.0,3.0,8,111.576243185751,167.0639280149408,pobre,0,0,0.0,426.0,0.0,37.0,13,84,7741,3,0.0
98,1.0,0.0,4.0819998,0.0,6.0,8,111.576243185751,167.0639280149408,pobre,0,0,0.0,426.0,0.0,37.0,14,84,7741,3,0.0
97,1.0,0.0,4.0819998,1.0,4.0,8,111.576243185751,167.0639280149408,pobre,0,0,0.0,426.0,0.0,37.0,11,84,7742,4,1.0
98,1.0,0.0,4.0819998,1.0,5.0,8,111.576243185751,167.0639280149408,pobre,0,0,0.0,426.0,0.0,37.0,12,84,7742,4,1.0
97,0.0,0.0,0.0,1.0,6.0,6,116.2344537604307,164.6091528905291,no pobre,0,0,750.0,889.0,1.0,55.0,14,85,7743,6,1.0
98,0.0,0.0,0.0,1.0,7.0,6,116.2344537604307,164.6091528905291,no pobre,0,0,750.0,889.0,1.0,55.0,15,85,7743,6,1.0
97,1.0,0.0,0.0,1.0,6.0,6,116.2344537604307,164.6091528905291,no pobre,0,0,750.0,889.0,1.0,55.0,12,85,7744,6,1.0
98,1.0,0.0,0.0,1.0,7.0,6,116.2344537604307,164.6091528905291,no pobre,0,0,750.0,889.0,1.0,55.0,13,85,7744,6,1.0
97,1.0,0.0,0.0,1.0,7.0,9,116.2344537604307,164.6091528905291,pobre,0,6,750.0,750.5,1.0,47.0,14,85,7745,7,1.0
98,1.0,0.0,0.0,1.0,8.0,9,116.2344537604307,164.6091528905291,pobre,0,6,750.0,750.5,1.0,47.0,15,85,7745,7,1.0
97,1.0,0.0,0.0,1.0,6.0,9,116.2344537604307,164.6091528905291,pobre,0,6,750.0,750.5,1.0,47.0,12,85,7746,6,1.0
98,1.0,0.0,0.0,1.0,7.0,9,116.2344537604307,164.6091528905291,pobre,0,6,750.0,750.5,1.0,47.0,13,85,7746,6,1.0
97,0.0,0.0,0.0,1.0,4.0,9,116.2344537604307,164.6091528905291,pobre,0,6,750.0,750.5,1.0,47.0,10,85,7747,4,1.0
98,0.0,0.0,0.0,1.0,5.0,9,116.2344537604307,164.6091528905291,pobre,0,6,750.0,750.5,1.0,47.0,11,85,7747,4,1.0
97,1.0,0.0,0.0,1.0,0.0,9,116.2344537604307,164.6091528905291,pobre,0,6,750.0,750.5,1.0,47.0,7,85,7748,0,1.0
98,1.0,0.0,0.0,1.0,1.0,9,116.2344537604307,164.6091528905291,pobre,0,6,750.0,750.5,1.0,47.0,8,85,7748,0,1.0
97,0.0,0.0,0.0,1.0,8.0,6,116.2344537604307,164.6091528905291,pobre,0,3,750.0,692.0,1.0,36.0,14,85,7749,8,1.0
98,0.0,0.0,0.0,1.0,9.0,6,116.2344537604307,164.6091528905291,pobre,0,3,750.0,692.0,1.0,36.0,15,85,7749,8,1.0
97,0.0,0.0,0.0,1.0,6.0,6,116.2344537604307,164.6091528905291,pobre,0,3,750.0,692.0,1.0,36.0,13,85,7750,6,1.0
98,0.0,0.0,0.0,0.0,6.0,6,116.2344537604307,164.6091528905291,pobre,0,3,750.0,692.0,1.0,36.0,14,85,7750,6,1.0
97,1.0,0.0,0.0,1.0,4.0,6,116.2344537604307,164.6091528905291,pobre,0,3,750.0,692.0,1.0,36.0,11,85,7751,4,1.0
98,1.0,0.0,0.0,1.0,5.0,6,116.2344537604307,164.6091528905291,pobre,0,3,750.0,692.0,1.0,36.0,12,85,7751,4,1.0
97,0.0,0.0,0.0,1.0,0.0,4,116.2344537604307,164.6091528905291,pobre,0,6,750.0,738.0,1.0,30.0,6,85,7752,0,1.0
98,0.0,0.0,0.0,1.0,1.0,4,116.2344537604307,164.6091528905291,pobre,0,6,750.0,738.0,1.0,30.0,7,85,7752,0,1.0
97,0.0,0.0,4.0819998,1.0,0.0,6,111.576243185751,167.0639280149408,pobre,0,0,750.0,527.0,1.0,37.0,7,84,7753,0,1.0
98,0.0,0.0,4.0819998,1.0,1.0,6,111.576243185751,167.0639280149408,pobre,0,0,750.0,527.0,1.0,37.0,8,84,7753,0,1.0
97,0.0,0.0,4.0819998,1.0,4.0,5,111.576243185751,167.0639280149408,pobre,0,0,750.0,591.0,1.0,35.0,11,84,7754,4,1.0
98,0.0,0.0,4.0819998,1.0,5.0,5,111.576243185751,167.0639280149408,pobre,0,0,750.0,591.0,1.0,35.0,12,84,7754,4,1.0
97,0.0,0.0,4.0819998,1.0,3.0,5,111.576243185751,167.0639280149408,pobre,0,3,750.0,572.0,1.0,32.0,9,84,7755,3,1.0
98,0.0,0.0,4.0819998,1.0,4.0,5,111.576243185751,167.0639280149408,pobre,0,3,750.0,572.0,1.0,32.0,10,84,7755,3,1.0
97,1.0,0.0,4.0819998,1.0,0.0,5,111.576243185751,167.0639280149408,pobre,0,3,750.0,572.0,1.0,32.0,6,84,7756,0,1.0
98,1.0,0.0,4.0819998,1.0,0.0,5,111.576243185751,167.0639280149408,pobre,0,3,750.0,572.0,1.0,32.0,7,84,7756,0,1.0
97,0.0,0.0,4.0819998,1.0,0.0,5,111.576243185751,167.0639280149408,pobre,0,2,750.0,569.0,1.0,32.0,6,84,7757,0,1.0
98,0.0,0.0,4.0819998,1.0,2.0,5,111.576243185751,167.0639280149408,pobre,0,2,750.0,569.0,1.0,32.0,7,84,7757,0,1.0
97,1.0,0.0,4.0819998,0.0,6.0,9,111.576243185751,167.0639280149408,pobre,0,3,750.0,624.0,1.0,35.0,15,84,7758,6,0.0
98,1.0,0.0,4.0819998,0.0,6.0,9,111.576243185751,167.0639280149408,pobre,0,3,750.0,624.0,1.0,35.0,16,84,7758,6,0.0
97,0.0,0.0,4.0819998,0.0,6.0,9,111.576243185751,167.0639280149408,pobre,0,3,750.0,624.0,1.0,35.0,13,84,7759,6,0.0
98,0.0,0.0,4.0819998,0.0,6.0,9,111.576243185751,167.0639280149408,pobre,0,3,750.0,624.0,1.0,35.0,14,84,7759,6,0.0
97,0.0,0.0,4.0819998,1.0,5.0,9,111.576243185751,167.0639280149408,pobre,0,3,750.0,624.0,1.0,35.0,11,84,7760,5,1.0
98,0.0,0.0,4.0819998,0.0,6.0,9,111.576243185751,167.0639280149408,pobre,0,3,750.0,624.0,1.0,35.0,12,84,7760,5,1.0
97,0.0,0.0,4.0819998,1.0,2.0,9,111.576243185751,167.0639280149408,pobre,0,3,750.0,624.0,1.0,35.0,7,84,7761,2,1.0
98,0.0,0.0,4.0819998,1.0,2.0,9,111.576243185751,167.0639280149408,pobre,0,3,750.0,624.0,1.0,35.0,8,84,7761,2,1.0
97,0.0,0.0,4.0819998,1.0,1.0,4,111.576243185751,167.0639280149408,pobre,0,0,0.0,545.0,0.0,50.0,8,84,7762,1,1.0
98,0.0,0.0,4.0819998,1.0,1.0,4,111.576243185751,167.0639280149408,pobre,0,0,0.0,545.0,0.0,50.0,9,84,7762,1,1.0
97,1.0,0.0,4.0819998,1.0,0.0,4,111.576243185751,167.0639280149408,pobre,0,0,0.0,545.0,0.0,50.0,7,84,7763,0,1.0
98,1.0,0.0,4.0819998,1.0,1.0,4,111.576243185751,167.0639280149408,pobre,0,0,0.0,545.0,0.0,50.0,8,84,7763,0,1.0
97,0.0,0.0,4.0819998,1.0,3.0,4,111.576243185751,167.0639280149408,pobre,0,0,0.0,545.0,0.0,50.0,10,84,7764,3,1.0
98,0.0,0.0,4.0819998,1.0,4.0,4,111.576243185751,167.0639280149408,pobre,0,0,0.0,545.0,0.0,50.0,11,84,7764,3,1.0
97,0.0,0.0,4.0819998,0.0,6.0,5,111.576243185751,167.0639280149408,pobre,0,0,750.0,633.5,1.0,59.0,13,84,7765,6,0.0
98,0.0,0.0,4.0819998,0.0,6.0,5,111.576243185751,167.0639280149408,pobre,0,0,750.0,633.5,1.0,59.0,14,84,7765,6,0.0
97,1.0,0.0,0.0,1.0,8.0,8,116.2344537604307,164.6091528905291,pobre,0,4,875.0,591.0,1.0,39.0,15,85,7766,8,1.0
98,1.0,0.0,0.0,0.0,9.0,8,116.2344537604307,164.6091528905291,pobre,0,4,875.0,591.0,1.0,39.0,16,85,7766,8,1.0
97,0.0,0.0,0.0,1.0,6.0,8,116.2344537604307,164.6091528905291,pobre,0,4,875.0,591.0,1.0,39.0,14,85,7767,6,1.0
98,0.0,0.0,0.0,0.0,6.0,8,116.2344537604307,164.6091528905291,pobre,0,4,875.0,591.0,1.0,39.0,15,85,7767,6,1.0
97,0.0,0.0,0.0,1.0,5.0,8,116.2344537604307,164.6091528905291,pobre,0,4,875.0,591.0,1.0,39.0,12,85,7768,5,1.0
98,0.0,0.0,0.0,1.0,6.0,8,116.2344537604307,164.6091528905291,pobre,0,4,875.0,591.0,1.0,39.0,13,85,7768,5,1.0
97,1.0,0.0,0.0,1.0,0.0,8,116.2344537604307,164.6091528905291,pobre,0,4,875.0,591.0,1.0,39.0,6,85,7769,0,1.0
98,1.0,0.0,0.0,1.0,1.0,8,116.2344537604307,164.6091528905291,pobre,0,4,875.0,591.0,1.0,39.0,7,85,7769,0,1.0
97,0.0,0.0,0.0,0.0,3.0,5,116.2344537604307,164.6091528905291,pobre,0,0,875.0,704.0,1.0,66.0,7,85,7770,3,0.0
98,0.0,0.0,0.0,1.0,3.0,5,116.2344537604307,164.6091528905291,pobre,0,0,875.0,704.0,1.0,66.0,8,85,7770,3,0.0
97,1.0,0.0,0.0,0.0,0.0,5,116.2344537604307,164.6091528905291,pobre,0,0,875.0,704.0,1.0,66.0,6,85,7771,0,0.0
98,1.0,0.0,0.0,1.0,1.0,5,116.2344537604307,164.6091528905291,pobre,0,0,875.0,704.0,1.0,66.0,7,85,7771,0,0.0
97,0.0,0.0,0.0,1.0,4.0,5,116.2344537604307,164.6091528905291,pobre,0,5,750.0,647.0,1.0,31.0,10,85,7772,4,1.0
98,0.0,0.0,0.0,1.0,5.0,5,116.2344537604307,164.6091528905291,pobre,0,5,750.0,647.0,1.0,31.0,11,85,7772,4,1.0
97,1.0,0.0,0.0,1.0,1.0,5,116.2344537604307,164.6091528905291,pobre,0,5,750.0,647.0,1.0,31.0,7,85,7773,1,1.0
98,1.0,0.0,0.0,1.0,2.0,5,116.2344537604307,164.6091528905291,pobre,0,5,750.0,647.0,1.0,31.0,8,85,7773,1,1.0
97,1.0,0.0,0.0,0.0,9.0,8,116.2344537604307,164.6091528905291,pobre,0,3,875.0,745.0,1.0,38.0,15,85,7774,9,0.0
98,1.0,0.0,0.0,,,8,116.2344537604307,164.6091528905291,pobre,0,3,875.0,745.0,1.0,38.0,16,85,7774,9,0.0
97,1.0,0.0,0.0,1.0,8.0,8,116.2344537604307,164.6091528905291,pobre,0,3,875.0,745.0,1.0,38.0,14,85,7775,8,1.0
98,1.0,0.0,0.0,,,8,116.2344537604307,164.6091528905291,pobre,0,3,875.0,745.0,1.0,38.0,15,85,7775,8,1.0
97,0.0,0.0,0.0,1.0,7.0,8,116.2344537604307,164.6091528905291,pobre,0,3,875.0,745.0,1.0,38.0,13,85,7776,7,1.0
98,0.0,0.0,0.0,1.0,8.0,8,116.2344537604307,164.6091528905291,pobre,0,3,875.0,745.0,1.0,38.0,14,85,7776,7,1.0
97,0.0,0.0,0.0,1.0,5.0,8,116.2344537604307,164.6091528905291,pobre,0,3,875.0,745.0,1.0,38.0,11,85,7777,5,1.0
98,0.0,0.0,0.0,1.0,2.0,8,116.2344537604307,164.6091528905291,pobre,0,3,875.0,745.0,1.0,38.0,12,85,7777,5,1.0
97,0.0,0.0,0.0,1.0,2.0,8,116.2344537604307,164.6091528905291,pobre,0,3,875.0,745.0,1.0,38.0,8,85,7778,2,1.0
98,0.0,0.0,0.0,1.0,3.0,8,116.2344537604307,164.6091528905291,pobre,0,3,875.0,745.0,1.0,38.0,9,85,7778,2,1.0
97,1.0,0.0,0.0,0.0,6.0,7,116.2344537604307,164.6091528905291,no pobre,0,0,625.0,779.0,1.0,70.0,12,85,7779,6,0.0
98,1.0,0.0,0.0,0.0,6.0,7,116.2344537604307,164.6091528905291,no pobre,0,0,625.0,779.0,1.0,70.0,13,85,7779,6,0.0
97,1.0,0.0,0.0,1.0,2.0,6,116.2344537604307,164.6091528905291,pobre,0,6,625.0,618.0,1.0,34.0,9,85,7780,2,1.0
98,1.0,0.0,0.0,1.0,3.0,6,116.2344537604307,164.6091528905291,pobre,0,6,625.0,618.0,1.0,34.0,10,85,7780,2,1.0
97,1.0,0.0,0.0,0.0,6.0,8,116.2344537604307,164.6091528905291,pobre,0,0,625.0,844.0,1.0,68.0,13,85,7781,6,0.0
98,1.0,0.0,0.0,0.0,6.0,8,116.2344537604307,164.6091528905291,pobre,0,0,625.0,844.0,1.0,68.0,14,85,7781,6,0.0
97,0.0,0.0,0.0,0.0,6.0,8,116.2344537604307,164.6091528905291,pobre,0,0,625.0,844.0,1.0,68.0,16,85,7782,6,0.0
98,0.0,0.0,0.0,0.0,5.0,8,116.2344537604307,164.6091528905291,pobre,0,0,625.0,844.0,1.0,68.0,17,85,7782,6,0.0
97,0.0,0.0,0.0,0.0,6.0,8,116.2344537604307,164.6091528905291,pobre,0,6,625.0,562.0,1.0,35.0,14,85,7783,6,0.0
98,0.0,0.0,0.0,,,8,116.2344537604307,164.6091528905291,pobre,0,6,625.0,562.0,1.0,35.0,15,85,7783,6,0.0
97,0.0,0.0,0.0,1.0,6.0,8,116.2344537604307,164.6091528905291,pobre,0,6,625.0,562.0,1.0,35.0,13,85,7784,6,1.0
98,0.0,0.0,0.0,,,8,116.2344537604307,164.6091528905291,pobre,0,6,625.0,562.0,1.0,35.0,14,85,7784,6,1.0
97,0.0,0.0,0.0,1.0,4.0,8,116.2344537604307,164.6091528905291,pobre,0,6,625.0,562.0,1.0,35.0,11,85,7785,4,1.0
98,0.0,0.0,0.0,,,8,116.2344537604307,164.6091528905291,pobre,0,6,625.0,562.0,1.0,35.0,12,85,7785,4,1.0
97,1.0,0.0,0.0,1.0,0.0,8,116.2344537604307,164.6091528905291,pobre,0,6,625.0,562.0,1.0,35.0,6,85,7786,0,1.0
98,1.0,0.0,0.0,,,8,116.2344537604307,164.6091528905291,pobre,0,6,625.0,562.0,1.0,35.0,7,85,7786,0,1.0
97,1.0,0.0,0.0,1.0,6.0,6,116.2344537604307,164.6091528905291,pobre,0,0,0.0,805.0,0.0,68.0,13,85,7787,6,1.0
98,1.0,0.0,0.0,0.0,7.0,6,116.2344537604307,164.6091528905291,pobre,0,0,0.0,805.0,0.0,68.0,14,85,7787,6,1.0
97,0.0,0.0,0.0,1.0,8.0,5,116.2344537604307,164.6091528905291,no pobre,0,2,625.0,808.5,1.0,41.0,14,85,7788,8,1.0
98,0.0,0.0,0.0,,,5,116.2344537604307,164.6091528905291,no pobre,0,2,625.0,808.5,1.0,41.0,15,85,7788,8,1.0
97,0.0,0.0,0.0,1.0,6.0,5,116.2344537604307,164.6091528905291,no pobre,0,2,625.0,808.5,1.0,41.0,12,85,7789,6,1.0
98,0.0,0.0,0.0,,,5,116.2344537604307,164.6091528905291,no pobre,0,2,625.0,808.5,1.0,41.0,13,85,7789,6,1.0
97,1.0,0.0,0.0,0.0,9.0,8,116.2344537604307,164.6091528905291,pobre,0,2,875.0,645.0,1.0,39.0,15,85,7790,9,0.0
98,1.0,0.0,0.0,,,8,116.2344537604307,164.6091528905291,pobre,0,2,875.0,645.0,1.0,39.0,16,85,7790,9,0.0
97,1.0,0.0,0.0,1.0,7.0,8,116.2344537604307,164.6091528905291,pobre,0,2,875.0,645.0,1.0,39.0,14,85,7791,7,1.0
98,1.0,0.0,0.0,1.0,8.0,8,116.2344537604307,164.6091528905291,pobre,0,2,875.0,645.0,1.0,39.0,15,85,7791,7,1.0
97,0.0,0.0,0.0,1.0,5.0,8,116.2344537604307,164.6091528905291,pobre,0,2,875.0,645.0,1.0,39.0,11,85,7792,5,1.0
98,0.0,0.0,0.0,1.0,5.0,8,116.2344537604307,164.6091528905291,pobre,0,2,875.0,645.0,1.0,39.0,12,85,7792,5,1.0
97,0.0,0.0,0.0,1.0,2.0,8,116.2344537604307,164.6091528905291,pobre,0,2,875.0,645.0,1.0,39.0,8,85,7793,2,1.0
98,0.0,0.0,0.0,1.0,3.0,8,116.2344537604307,164.6091528905291,pobre,0,2,875.0,645.0,1.0,39.0,9,85,7793,2,1.0
97,0.0,0.0,0.0,1.0,0.0,8,116.2344537604307,164.6091528905291,pobre,0,2,875.0,645.0,1.0,39.0,6,85,7794,0,1.0
98,0.0,0.0,0.0,1.0,1.0,8,116.2344537604307,164.6091528905291,pobre,0,2,875.0,645.0,1.0,39.0,7,85,7794,0,1.0
97,0.0,0.0,0.0,1.0,8.0,4,116.2344537604307,164.6091528905291,pobre,0,2,875.0,769.0,1.0,44.0,15,85,7795,8,1.0
98,0.0,0.0,0.0,1.0,9.0,4,116.2344537604307,164.6091528905291,pobre,0,2,875.0,769.0,1.0,44.0,16,85,7795,8,1.0
97,1.0,0.0,0.0,1.0,2.0,4,116.2344537604307,164.6091528905291,pobre,0,2,875.0,769.0,1.0,44.0,8,85,7796,2,1.0
98,1.0,0.0,0.0,1.0,3.0,4,116.2344537604307,164.6091528905291,pobre,0,2,875.0,769.0,1.0,44.0,9,85,7796,2,1.0
97,1.0,0.0,0.0,0.0,10.0,4,116.2344537604307,164.6091528905291,no pobre,0,6,0.0,1215.0,0.0,49.0,16,85,7797,10,0.0
98,1.0,0.0,0.0,,,4,116.2344537604307,164.6091528905291,no pobre,0,6,0.0,1215.0,0.0,49.0,17,85,7797,10,0.0
97,1.0,0.0,0.0,1.0,8.0,12,116.2344537604307,164.6091528905291,pobre,0,1,625.0,627.0,1.0,41.0,16,85,7798,8,1.0
98,1.0,0.0,0.0,,,12,116.2344537604307,164.6091528905291,pobre,0,1,625.0,627.0,1.0,41.0,17,85,7798,8,1.0
97,1.0,0.0,0.0,1.0,7.0,12,116.2344537604307,164.6091528905291,pobre,0,1,625.0,627.0,1.0,41.0,15,85,7799,7,1.0
98,1.0,0.0,0.0,1.0,8.0,12,116.2344537604307,164.6091528905291,pobre,0,1,625.0,627.0,1.0,41.0,16,85,7799,7,1.0
97,1.0,0.0,0.0,1.0,7.0,12,116.2344537604307,164.6091528905291,pobre,0,1,625.0,627.0,1.0,41.0,13,85,7800,7,1.0
98,1.0,0.0,0.0,1.0,8.0,12,116.2344537604307,164.6091528905291,pobre,0,1,625.0,627.0,1.0,41.0,14,85,7800,7,1.0
97,0.0,0.0,0.0,1.0,5.0,12,116.2344537604307,164.6091528905291,pobre,0,1,625.0,627.0,1.0,41.0,10,85,7801,5,1.0
98,0.0,0.0,0.0,1.0,6.0,12,116.2344537604307,164.6091528905291,pobre,0,1,625.0,627.0,1.0,41.0,11,85,7801,5,1.0
97,0.0,0.0,0.0,1.0,3.0,12,116.2344537604307,164.6091528905291,pobre,0,1,625.0,627.0,1.0,41.0,9,85,7802,3,1.0
98,0.0,0.0,0.0,1.0,4.0,12,116.2344537604307,164.6091528905291,pobre,0,1,625.0,627.0,1.0,41.0,10,85,7802,3,1.0
97,1.0,0.0,0.0,1.0,1.0,12,116.2344537604307,164.6091528905291,pobre,0,1,625.0,627.0,1.0,41.0,6,85,7803,1,1.0
98,1.0,0.0,0.0,1.0,2.0,12,116.2344537604307,164.6091528905291,pobre,0,1,625.0,627.0,1.0,41.0,7,85,7803,1,1.0
97,1.0,0.0,0.0,,0.0,4,116.2344537604307,164.6091528905291,pobre,0,0,250.0,796.0,1.0,75.0,10,85,7804,0,
98,1.0,0.0,0.0,,,4,116.2344537604307,164.6091528905291,pobre,0,0,250.0,796.0,1.0,75.0,11,85,7804,0,
97,0.0,0.0,0.0,0.0,6.0,10,116.2344537604307,164.6091528905291,pobre,0,0,750.0,740.5,1.0,62.0,16,85,7805,6,0.0
98,0.0,0.0,0.0,,,10,116.2344537604307,164.6091528905291,pobre,0,0,750.0,740.5,1.0,62.0,17,85,7805,6,0.0
97,0.0,0.0,0.0,1.0,8.0,3,116.2344537604307,164.6091528905291,no pobre,0,3,550.0,866.0,1.0,36.0,16,85,7806,8,1.0
98,0.0,0.0,0.0,,,3,116.2344537604307,164.6091528905291,no pobre,0,3,550.0,866.0,1.0,36.0,17,85,7806,8,1.0
97,0.0,0.0,0.0,1.0,4.0,3,116.2344537604307,164.6091528905291,no pobre,0,3,550.0,866.0,1.0,36.0,9,85,7807,4,1.0
98,0.0,0.0,0.0,1.0,5.0,3,116.2344537604307,164.6091528905291,no pobre,0,3,550.0,866.0,1.0,36.0,10,85,7807,4,1.0
97,0.0,0.0,0.0,1.0,7.0,10,116.2344537604307,164.6091528905291,pobre,0,2,625.0,704.0,1.0,37.0,13,85,7808,7,1.0
98,0.0,0.0,0.0,1.0,8.0,10,116.2344537604307,164.6091528905291,pobre,0,2,625.0,704.0,1.0,37.0,14,85,7808,7,1.0
97,1.0,0.0,0.0,1.0,5.0,10,116.2344537604307,164.6091528905291,pobre,0,2,625.0,704.0,1.0,37.0,11,85,7809,5,1.0
98,1.0,0.0,0.0,1.0,7.0,10,116.2344537604307,164.6091528905291,pobre,0,2,625.0,704.0,1.0,37.0,12,85,7809,5,1.0
97,1.0,0.0,0.0,1.0,3.0,10,116.2344537604307,164.6091528905291,pobre,0,2,625.0,704.0,1.0,37.0,9,85,7810,3,1.0
98,1.0,0.0,0.0,1.0,5.0,10,116.2344537604307,164.6091528905291,pobre,0,2,625.0,704.0,1.0,37.0,10,85,7810,3,1.0
97,0.0,0.0,0.0,1.0,0.0,10,116.2344537604307,164.6091528905291,pobre,0,2,625.0,704.0,1.0,37.0,6,85,7811,0,1.0
98,0.0,0.0,0.0,1.0,3.0,10,116.2344537604307,164.6091528905291,pobre,0,2,625.0,704.0,1.0,37.0,7,85,7811,0,1.0
97,1.0,0.0,0.0,1.0,0.0,10,116.2344537604307,164.6091528905291,pobre,0,2,625.0,704.0,1.0,37.0,6,85,7812,0,1.0
98,1.0,0.0,0.0,1.0,2.0,10,116.2344537604307,164.6091528905291,pobre,0,2,625.0,704.0,1.0,37.0,7,85,7812,0,1.0
97,0.0,0.0,0.0,1.0,8.0,9,116.2344537604307,164.6091528905291,no pobre,0,1,0.0,864.5,1.0,65.0,13,85,7813,8,1.0
98,0.0,0.0,0.0,0.0,9.0,9,116.2344537604307,164.6091528905291,no pobre,0,1,0.0,864.5,1.0,65.0,14,85,7813,8,1.0
97,0.0,0.0,0.0,1.0,7.0,9,116.2344537604307,164.6091528905291,no pobre,0,1,0.0,864.5,1.0,65.0,11,85,7814,7,1.0
98,0.0,0.0,0.0,1.0,8.0,9,116.2344537604307,164.6091528905291,no pobre,0,1,0.0,864.5,1.0,65.0,12,85,7814,7,1.0
97,1.0,0.0,0.0,1.0,8.0,9,116.2344537604307,164.6091528905291,no pobre,0,0,625.0,904.0,1.0,75.0,14,85,7815,8,1.0
98,1.0,0.0,0.0,0.0,9.0,9,116.2344537604307,164.6091528905291,no pobre,0,0,625.0,904.0,1.0,75.0,15,85,7815,8,1.0
97,0.0,0.0,0.0,1.0,7.0,9,116.2344537604307,164.6091528905291,no pobre,0,0,625.0,904.0,1.0,75.0,13,85,7816,7,1.0
98,0.0,0.0,0.0,,,9,116.2344537604307,164.6091528905291,no pobre,0,0,625.0,904.0,1.0,75.0,14,85,7816,7,1.0
97,0.0,0.0,0.0,1.0,4.0,9,116.2344537604307,164.6091528905291,no pobre,0,0,625.0,904.0,1.0,75.0,9,85,7817,4,1.0
98,0.0,0.0,0.0,,,9,116.2344537604307,164.6091528905291,no pobre,0,0,625.0,904.0,1.0,75.0,10,85,7817,4,1.0
97,0.0,0.0,0.0,1.0,3.0,9,116.2344537604307,164.6091528905291,no pobre,0,0,625.0,904.0,1.0,75.0,9,85,7818,3,1.0
98,0.0,0.0,0.0,,,9,116.2344537604307,164.6091528905291,no pobre,0,0,625.0,904.0,1.0,75.0,10,85,7818,3,1.0
97,0.0,0.0,0.0,1.0,1.0,9,116.2344537604307,164.6091528905291,no pobre,0,0,625.0,904.0,1.0,75.0,8,85,7819,1,1.0
98,0.0,0.0,0.0,,,9,116.2344537604307,164.6091528905291,no pobre,0,0,625.0,904.0,1.0,75.0,9,85,7819,1,1.0
97,1.0,0.0,0.0,1.0,8.0,7,116.2344537604307,164.6091528905291,no pobre,0,6,5000.0,1147.0,1.0,40.0,15,85,7820,8,1.0
98,1.0,0.0,0.0,0.0,9.0,7,116.2344537604307,164.6091528905291,no pobre,0,6,5000.0,1147.0,1.0,40.0,16,85,7820,8,1.0
97,1.0,0.0,0.0,1.0,5.0,7,116.2344537604307,164.6091528905291,no pobre,0,6,5000.0,1147.0,1.0,40.0,11,85,7821,5,1.0
98,1.0,0.0,0.0,1.0,6.0,7,116.2344537604307,164.6091528905291,no pobre,0,6,5000.0,1147.0,1.0,40.0,12,85,7821,5,1.0
97,1.0,0.0,0.0,1.0,3.0,7,116.2344537604307,164.6091528905291,no pobre,0,6,5000.0,1147.0,1.0,40.0,8,85,7822,3,1.0
98,1.0,0.0,0.0,1.0,4.0,7,116.2344537604307,164.6091528905291,no pobre,0,6,5000.0,1147.0,1.0,40.0,9,85,7822,3,1.0
97,1.0,0.0,1.973,0.0,6.0,6,85.89663138904058,126.8023541178878,pobre,basal,0,625.0,689.0,1.0,62.0,16,101,7823,6,0.0
98,1.0,0.0,1.973,,,6,85.89663138904058,126.8023541178878,pobre,basal,0,625.0,689.0,1.0,62.0,17,101,7823,6,0.0
97,0.0,0.0,1.973,0.0,6.0,6,85.89663138904058,126.8023541178878,pobre,basal,0,625.0,689.0,1.0,62.0,14,101,7824,6,0.0
98,0.0,0.0,1.973,0.0,6.0,6,85.89663138904058,126.8023541178878,pobre,basal,0,625.0,689.0,1.0,62.0,15,101,7824,6,0.0
97,0.0,0.0,1.973,0.0,6.0,6,85.89663138904058,126.8023541178878,no pobre,basal,0,625.0,891.0,1.0,49.0,16,101,7825,6,0.0
98,0.0,0.0,1.973,,,6,85.89663138904058,126.8023541178878,no pobre,basal,0,625.0,891.0,1.0,49.0,17,101,7825,6,0.0
97,1.0,0.0,1.973,1.0,3.0,6,85.89663138904058,126.8023541178878,no pobre,basal,0,625.0,891.0,1.0,49.0,13,101,7826,3,1.0
98,1.0,0.0,1.973,1.0,4.0,6,85.89663138904058,126.8023541178878,no pobre,basal,0,625.0,891.0,1.0,49.0,14,101,7826,3,1.0
97,1.0,0.0,1.973,1.0,3.0,6,85.89663138904058,126.8023541178878,no pobre,basal,0,625.0,891.0,1.0,49.0,11,101,7827,3,1.0
98,1.0,0.0,1.973,1.0,4.0,6,85.89663138904058,126.8023541178878,no pobre,basal,0,625.0,891.0,1.0,49.0,12,101,7827,3,1.0
97,1.0,0.0,1.973,0.0,9.0,8,85.89663138904058,126.8023541178878,no pobre,basal,3,1000.0,890.0,1.0,44.0,16,101,7828,9,0.0
98,1.0,0.0,1.973,,,8,85.89663138904058,126.8023541178878,no pobre,basal,3,1000.0,890.0,1.0,44.0,17,101,7828,9,0.0
97,0.0,0.0,1.973,0.0,6.0,8,85.89663138904058,126.8023541178878,no pobre,basal,3,1000.0,890.0,1.0,44.0,15,101,7829,6,0.0
98,0.0,0.0,1.973,0.0,6.0,8,85.89663138904058,126.8023541178878,no pobre,basal,3,1000.0,890.0,1.0,44.0,16,101,7829,6,0.0
97,0.0,0.0,1.973,1.0,7.0,8,85.89663138904058,126.8023541178878,no pobre,basal,3,1000.0,890.0,1.0,44.0,13,101,7830,7,1.0
98,0.0,0.0,1.973,1.0,7.0,8,85.89663138904058,126.8023541178878,no pobre,basal,3,1000.0,890.0,1.0,44.0,14,101,7830,7,1.0
97,1.0,0.0,1.973,1.0,3.0,8,85.89663138904058,126.8023541178878,no pobre,basal,3,1000.0,890.0,1.0,44.0,12,101,7831,3,1.0
98,1.0,0.0,1.973,1.0,5.0,8,85.89663138904058,126.8023541178878,no pobre,basal,3,1000.0,890.0,1.0,44.0,13,101,7831,3,1.0
97,0.0,0.0,1.973,1.0,2.0,8,85.89663138904058,126.8023541178878,no pobre,basal,3,1000.0,890.0,1.0,44.0,10,101,7832,2,1.0
98,0.0,0.0,1.973,1.0,4.0,8,85.89663138904058,126.8023541178878,no pobre,basal,3,1000.0,890.0,1.0,44.0,11,101,7832,2,1.0
97,0.0,0.0,1.973,0.0,6.0,6,85.89663138904058,126.8023541178878,pobre,basal,5,625.0,741.0,1.0,43.0,16,101,7833,6,0.0
98,0.0,0.0,1.973,,,6,85.89663138904058,126.8023541178878,pobre,basal,5,625.0,741.0,1.0,43.0,17,101,7833,6,0.0
97,1.0,0.0,1.973,1.0,7.0,6,85.89663138904058,126.8023541178878,pobre,basal,5,625.0,741.0,1.0,43.0,14,101,7834,7,1.0
98,1.0,0.0,1.973,1.0,8.0,6,85.89663138904058,126.8023541178878,pobre,basal,5,625.0,741.0,1.0,43.0,15,101,7834,7,1.0
97,1.0,0.0,1.973,1.0,6.0,6,85.89663138904058,126.8023541178878,pobre,basal,5,625.0,741.0,1.0,43.0,12,101,7835,6,1.0
98,1.0,0.0,1.973,1.0,7.0,6,85.89663138904058,126.8023541178878,pobre,basal,5,625.0,741.0,1.0,43.0,13,101,7835,6,1.0
97,1.0,0.0,1.973,1.0,2.0,6,85.89663138904058,126.8023541178878,pobre,basal,5,625.0,741.0,1.0,43.0,8,101,7836,2,1.0
98,1.0,0.0,1.973,1.0,3.0,6,85.89663138904058,126.8023541178878,pobre,basal,5,625.0,741.0,1.0,43.0,9,101,7836,2,1.0
97,0.0,0.0,1.973,0.0,9.0,5,85.89663138904058,126.8023541178878,pobre,basal,3,625.0,728.0,1.0,37.0,15,101,7837,9,0.0
98,0.0,0.0,1.973,,,5,85.89663138904058,126.8023541178878,pobre,basal,3,625.0,728.0,1.0,37.0,16,101,7837,9,0.0
97,1.0,0.0,1.973,1.0,8.0,5,85.89663138904058,126.8023541178878,pobre,basal,3,625.0,728.0,1.0,37.0,14,101,7838,8,1.0
98,1.0,0.0,1.973,0.0,9.0,5,85.89663138904058,126.8023541178878,pobre,basal,3,625.0,728.0,1.0,37.0,15,101,7838,8,1.0
97,1.0,0.0,1.973,1.0,6.0,5,85.89663138904058,126.8023541178878,pobre,basal,3,625.0,728.0,1.0,37.0,12,101,7839,6,1.0
98,1.0,0.0,1.973,1.0,7.0,5,85.89663138904058,126.8023541178878,pobre,basal,3,625.0,728.0,1.0,37.0,13,101,7839,6,1.0
97,0.0,0.0,1.973,0.0,6.0,4,85.89663138904058,126.8023541178878,no pobre,basal,0,625.0,850.0,1.0,61.0,16,101,7840,6,0.0
98,0.0,0.0,1.973,,,4,85.89663138904058,126.8023541178878,no pobre,basal,0,625.0,850.0,1.0,61.0,17,101,7840,6,0.0
97,1.0,0.0,1.973,,0.0,5,85.89663138904058,126.8023541178878,no pobre,basal,1,1250.0,848.5,1.0,50.0,10,101,7841,0,
98,1.0,0.0,1.973,,,5,85.89663138904058,126.8023541178878,no pobre,basal,1,1250.0,848.5,1.0,50.0,11,101,7841,0,
97,1.0,0.0,1.973,1.0,1.0,5,85.89663138904058,126.8023541178878,no pobre,basal,1,1250.0,848.5,1.0,50.0,6,101,7842,1,1.0
98,1.0,0.0,1.973,,,5,85.89663138904058,126.8023541178878,no pobre,basal,1,1250.0,848.5,1.0,50.0,7,101,7842,1,1.0
97,1.0,0.0,1.973,1.0,4.0,6,85.89663138904058,126.8023541178878,pobre,basal,1,0.0,676.0,1.0,63.0,9,101,7843,4,1.0
98,1.0,0.0,1.973,1.0,5.0,6,85.89663138904058,126.8023541178878,pobre,basal,1,0.0,676.0,1.0,63.0,10,101,7843,4,1.0
97,1.0,0.0,1.973,1.0,2.0,6,85.89663138904058,126.8023541178878,pobre,basal,1,0.0,676.0,1.0,63.0,7,101,7844,2,1.0
98,1.0,0.0,1.973,1.0,3.0,6,85.89663138904058,126.8023541178878,pobre,basal,1,0.0,676.0,1.0,63.0,8,101,7844,2,1.0
97,0.0,0.0,1.973,1.0,1.0,6,85.89663138904058,126.8023541178878,pobre,basal,1,0.0,676.0,1.0,63.0,6,101,7845,1,1.0
98,0.0,0.0,1.973,1.0,2.0,6,85.89663138904058,126.8023541178878,pobre,basal,1,0.0,676.0,1.0,63.0,7,101,7845,1,1.0
97,1.0,0.0,1.973,1.0,8.0,6,85.89663138904058,126.8023541178878,pobre,basal,6,750.0,815.0,1.0,36.0,13,101,7846,8,1.0
98,1.0,0.0,1.973,1.0,9.0,6,85.89663138904058,126.8023541178878,pobre,basal,6,750.0,815.0,1.0,36.0,14,101,7846,8,1.0
97,0.0,0.0,1.973,1.0,6.0,6,85.89663138904058,126.8023541178878,pobre,basal,6,750.0,815.0,1.0,36.0,11,101,7847,6,1.0
98,0.0,0.0,1.973,1.0,7.0,6,85.89663138904058,126.8023541178878,pobre,basal,6,750.0,815.0,1.0,36.0,12,101,7847,6,1.0
97,1.0,0.0,1.973,1.0,4.0,6,85.89663138904058,126.8023541178878,pobre,basal,6,750.0,815.0,1.0,36.0,10,101,7848,4,1.0
98,1.0,0.0,1.973,1.0,5.0,6,85.89663138904058,126.8023541178878,pobre,basal,6,750.0,815.0,1.0,36.0,11,101,7848,4,1.0
97,0.0,0.0,1.973,1.0,0.0,6,85.89663138904058,126.8023541178878,pobre,basal,6,750.0,815.0,1.0,36.0,6,101,7849,0,1.0
98,0.0,0.0,1.973,,,6,85.89663138904058,126.8023541178878,pobre,basal,6,750.0,815.0,1.0,36.0,7,101,7849,0,1.0
97,0.0,0.0,1.973,1.0,9.0,7,85.89663138904058,126.8023541178878,pobre,basal,3,0.0,845.0,1.0,40.0,15,101,7850,9,1.0
98,0.0,0.0,1.973,1.0,9.0,7,85.89663138904058,126.8023541178878,pobre,basal,3,0.0,845.0,1.0,40.0,16,101,7850,9,1.0
97,0.0,0.0,1.973,1.0,3.0,7,85.89663138904058,126.8023541178878,pobre,basal,3,0.0,845.0,1.0,40.0,8,101,7851,3,1.0
98,0.0,0.0,1.973,1.0,4.0,7,85.89663138904058,126.8023541178878,pobre,basal,3,0.0,845.0,1.0,40.0,9,101,7851,3,1.0
97,0.0,0.0,1.973,1.0,6.0,7,85.89663138904058,126.8023541178878,pobre,basal,2,750.0,647.0,1.0,38.0,11,101,7852,6,1.0
98,0.0,0.0,1.973,1.0,7.0,7,85.89663138904058,126.8023541178878,pobre,basal,2,750.0,647.0,1.0,38.0,12,101,7852,6,1.0
97,1.0,0.0,1.973,1.0,3.0,7,85.89663138904058,126.8023541178878,pobre,basal,2,750.0,647.0,1.0,38.0,10,101,7853,3,1.0
98,1.0,0.0,1.973,1.0,4.0,7,85.89663138904058,126.8023541178878,pobre,basal,2,750.0,647.0,1.0,38.0,11,101,7853,3,1.0
97,0.0,0.0,1.973,1.0,2.0,7,85.89663138904058,126.8023541178878,pobre,basal,2,750.0,647.0,1.0,38.0,9,101,7854,2,1.0
98,0.0,0.0,1.973,1.0,3.0,7,85.89663138904058,126.8023541178878,pobre,basal,2,750.0,647.0,1.0,38.0,10,101,7854,2,1.0
97,0.0,0.0,1.973,1.0,1.0,7,85.89663138904058,126.8023541178878,pobre,basal,2,750.0,647.0,1.0,38.0,7,101,7855,1,1.0
98,0.0,0.0,1.973,1.0,2.0,7,85.89663138904058,126.8023541178878,pobre,basal,2,750.0,647.0,1.0,38.0,8,101,7855,1,1.0
97,0.0,1.0,1.973,1.0,1.0,5,85.89663138904058,126.8023541178878,pobre,basal,6,625.0,772.0,1.0,29.0,7,101,7856,1,1.0
98,0.0,1.0,1.973,1.0,2.0,5,85.89663138904058,126.8023541178878,pobre,basal,6,625.0,772.0,1.0,29.0,8,101,7856,1,1.0
97,0.0,1.0,1.973,1.0,0.0,5,85.89663138904058,126.8023541178878,pobre,basal,6,625.0,772.0,1.0,29.0,6,101,7857,0,1.0
98,0.0,1.0,1.973,1.0,1.0,5,85.89663138904058,126.8023541178878,pobre,basal,6,625.0,772.0,1.0,29.0,7,101,7857,0,1.0
97,0.0,0.0,1.973,1.0,7.0,5,85.89663138904058,126.8023541178878,pobre,basal,6,1000.0,761.0,1.0,37.0,13,101,7858,7,1.0
98,0.0,0.0,1.973,1.0,8.0,5,85.89663138904058,126.8023541178878,pobre,basal,6,1000.0,761.0,1.0,37.0,14,101,7858,7,1.0
97,1.0,0.0,1.973,1.0,2.0,5,85.89663138904058,126.8023541178878,pobre,basal,6,1000.0,761.0,1.0,37.0,12,101,7859,2,1.0
98,1.0,0.0,1.973,1.0,3.0,5,85.89663138904058,126.8023541178878,pobre,basal,6,1000.0,761.0,1.0,37.0,13,101,7859,2,1.0
97,1.0,0.0,1.973,1.0,3.0,5,85.89663138904058,126.8023541178878,pobre,basal,6,1000.0,761.0,1.0,37.0,9,101,7860,3,1.0
98,1.0,0.0,1.973,1.0,4.0,5,85.89663138904058,126.8023541178878,pobre,basal,6,1000.0,761.0,1.0,37.0,10,101,7860,3,1.0
97,1.0,0.0,1.973,1.0,6.0,11,85.89663138904058,126.8023541178878,pobre,basal,1,800.0,824.0,1.0,51.0,12,101,7861,6,1.0
98,1.0,0.0,1.973,1.0,7.0,11,85.89663138904058,126.8023541178878,pobre,basal,1,800.0,824.0,1.0,51.0,13,101,7861,6,1.0
97,0.0,0.0,1.973,1.0,5.0,11,85.89663138904058,126.8023541178878,pobre,basal,1,800.0,824.0,1.0,51.0,11,101,7862,5,1.0
98,0.0,0.0,1.973,1.0,6.0,11,85.89663138904058,126.8023541178878,pobre,basal,1,800.0,824.0,1.0,51.0,12,101,7862,5,1.0
97,0.0,0.0,1.973,1.0,1.0,11,85.89663138904058,126.8023541178878,pobre,basal,1,800.0,824.0,1.0,51.0,7,101,7863,1,1.0
98,0.0,0.0,1.973,1.0,1.0,11,85.89663138904058,126.8023541178878,pobre,basal,1,800.0,824.0,1.0,51.0,8,101,7863,1,1.0
97,1.0,0.0,1.973,1.0,4.0,7,85.89663138904058,126.8023541178878,no pobre,basal,0,0.0,888.5,0.0,53.0,10,101,7864,4,1.0
98,1.0,0.0,1.973,1.0,5.0,7,85.89663138904058,126.8023541178878,no pobre,basal,0,0.0,888.5,0.0,53.0,11,101,7864,4,1.0
97,1.0,1.0,1.451,0.0,6.0,5,128.344122178706,215.8981373191465,pobre,basal,0,375.0,731.5,0.0,53.0,15,81,7865,6,0.0
98,1.0,1.0,1.451,0.0,6.0,5,128.344122178706,215.8981373191465,pobre,basal,0,375.0,731.5,0.0,53.0,16,81,7865,6,0.0
97,1.0,1.0,1.451,1.0,6.0,5,128.344122178706,215.8981373191465,pobre,basal,0,375.0,731.5,0.0,53.0,14,81,7866,6,1.0
98,1.0,1.0,1.451,1.0,7.0,5,128.344122178706,215.8981373191465,pobre,basal,0,375.0,731.5,0.0,53.0,15,81,7866,6,1.0
97,1.0,1.0,1.451,1.0,4.0,5,128.344122178706,215.8981373191465,pobre,basal,0,375.0,731.5,0.0,53.0,10,81,7867,4,1.0
98,1.0,1.0,1.451,1.0,5.0,5,128.344122178706,215.8981373191465,pobre,basal,0,375.0,731.5,0.0,53.0,11,81,7867,4,1.0
97,0.0,1.0,1.451,1.0,2.0,5,128.344122178706,215.8981373191465,pobre,basal,0,375.0,731.5,0.0,53.0,8,81,7868,2,1.0
98,0.0,1.0,1.451,1.0,3.0,5,128.344122178706,215.8981373191465,pobre,basal,0,375.0,731.5,0.0,53.0,9,81,7868,2,1.0
97,1.0,1.0,1.451,1.0,5.0,5,128.344122178706,215.8981373191465,pobre,basal,2,500.0,698.0,1.0,32.0,10,81,7869,5,1.0
98,1.0,1.0,1.451,1.0,5.0,5,128.344122178706,215.8981373191465,pobre,basal,2,500.0,698.0,1.0,32.0,11,81,7869,5,1.0
97,1.0,1.0,1.451,1.0,1.0,5,128.344122178706,215.8981373191465,pobre,basal,2,500.0,698.0,1.0,32.0,6,81,7870,1,1.0
98,1.0,1.0,1.451,1.0,2.0,5,128.344122178706,215.8981373191465,pobre,basal,2,500.0,698.0,1.0,32.0,7,81,7870,1,1.0
97,1.0,1.0,1.451,0.0,9.0,6,128.344122178706,215.8981373191465,no pobre,basal,0,0.0,1014.0,1.0,56.0,16,81,7871,9,0.0
98,1.0,1.0,1.451,,,6,128.344122178706,215.8981373191465,no pobre,basal,0,0.0,1014.0,1.0,56.0,17,81,7871,9,0.0
97,0.0,1.0,1.451,1.0,2.0,6,128.344122178706,215.8981373191465,no pobre,basal,0,0.0,1014.0,1.0,56.0,13,81,7872,2,1.0
98,0.0,1.0,1.451,1.0,3.0,6,128.344122178706,215.8981373191465,no pobre,basal,0,0.0,1014.0,1.0,56.0,14,81,7872,2,1.0
97,1.0,1.0,1.451,1.0,6.0,6,128.344122178706,215.8981373191465,no pobre,basal,0,0.0,1014.0,1.0,56.0,11,81,7873,6,1.0
98,1.0,1.0,1.451,1.0,7.0,6,128.344122178706,215.8981373191465,no pobre,basal,0,0.0,1014.0,1.0,56.0,12,81,7873,6,1.0
97,1.0,1.0,1.451,1.0,8.0,4,128.344122178706,215.8981373191465,pobre,basal,0,500.0,807.0,1.0,50.0,13,81,7874,8,1.0
98,1.0,1.0,1.451,,,4,128.344122178706,215.8981373191465,pobre,basal,0,500.0,807.0,1.0,50.0,14,81,7874,8,1.0
97,1.0,1.0,1.451,1.0,5.0,4,128.344122178706,215.8981373191465,pobre,basal,0,500.0,807.0,1.0,50.0,11,81,7875,5,1.0
98,1.0,1.0,1.451,1.0,6.0,4,128.344122178706,215.8981373191465,pobre,basal,0,500.0,807.0,1.0,50.0,12,81,7875,5,1.0
97,0.0,1.0,1.451,0.0,6.0,10,128.344122178706,215.8981373191465,pobre,basal,2,500.0,699.0,1.0,45.0,15,81,7876,6,0.0
98,0.0,1.0,1.451,0.0,6.0,10,128.344122178706,215.8981373191465,pobre,basal,2,500.0,699.0,1.0,45.0,16,81,7876,6,0.0
97,1.0,1.0,1.451,0.0,5.0,10,128.344122178706,215.8981373191465,pobre,basal,2,500.0,699.0,1.0,45.0,12,81,7877,5,0.0
98,1.0,1.0,1.451,1.0,6.0,10,128.344122178706,215.8981373191465,pobre,basal,2,500.0,699.0,1.0,45.0,13,81,7877,5,0.0
97,0.0,1.0,1.451,1.0,2.0,10,128.344122178706,215.8981373191465,pobre,basal,2,500.0,699.0,1.0,45.0,7,81,7878,2,1.0
98,0.0,1.0,1.451,1.0,1.0,10,128.344122178706,215.8981373191465,pobre,basal,2,500.0,699.0,1.0,45.0,8,81,7878,2,1.0
97,1.0,1.0,1.451,1.0,7.0,3,128.344122178706,215.8981373191465,pobre,basal,0,500.0,774.0,1.0,54.0,12,81,7879,7,1.0
98,1.0,1.0,1.451,1.0,8.0,3,128.344122178706,215.8981373191465,pobre,basal,0,500.0,774.0,1.0,54.0,13,81,7879,7,1.0
97,0.0,1.0,1.451,1.0,9.0,3,128.344122178706,215.8981373191465,no pobre,basal,6,500.0,844.0,1.0,40.0,14,81,7880,9,1.0
98,0.0,1.0,1.451,0.0,9.0,3,128.344122178706,215.8981373191465,no pobre,basal,6,500.0,844.0,1.0,40.0,15,81,7880,9,1.0
97,0.0,1.0,1.451,1.0,3.0,5,128.344122178706,215.8981373191465,pobre,basal,3,500.0,764.5,1.0,45.0,10,81,7881,3,1.0
98,0.0,1.0,1.451,1.0,4.0,5,128.344122178706,215.8981373191465,pobre,basal,3,500.0,764.5,1.0,45.0,11,81,7881,3,1.0
97,1.0,1.0,1.451,1.0,4.0,6,128.344122178706,215.8981373191465,no pobre,basal,3,500.0,852.5,1.0,49.0,12,81,7882,4,1.0
98,1.0,1.0,1.451,1.0,4.0,6,128.344122178706,215.8981373191465,no pobre,basal,3,500.0,852.5,1.0,49.0,13,81,7882,4,1.0
97,1.0,1.0,1.451,1.0,6.0,7,128.344122178706,215.8981373191465,pobre,basal,4,500.0,603.0,1.0,32.0,13,81,7883,6,1.0
98,1.0,1.0,1.451,1.0,7.0,7,128.344122178706,215.8981373191465,pobre,basal,4,500.0,603.0,1.0,32.0,14,81,7883,6,1.0
97,1.0,1.0,1.451,1.0,5.0,7,128.344122178706,215.8981373191465,pobre,basal,4,500.0,603.0,1.0,32.0,12,81,7884,5,1.0
98,1.0,1.0,1.451,1.0,6.0,7,128.344122178706,215.8981373191465,pobre,basal,4,500.0,603.0,1.0,32.0,13,81,7884,5,1.0
97,0.0,1.0,1.451,,0.0,7,128.344122178706,215.8981373191465,pobre,basal,4,500.0,603.0,1.0,32.0,8,81,7885,0,
98,0.0,1.0,1.451,1.0,3.0,7,128.344122178706,215.8981373191465,pobre,basal,4,500.0,603.0,1.0,32.0,9,81,7885,0,
97,0.0,1.0,1.451,,0.0,7,128.344122178706,215.8981373191465,pobre,basal,4,500.0,603.0,1.0,32.0,6,81,7886,0,
98,0.0,1.0,1.451,1.0,1.0,7,128.344122178706,215.8981373191465,pobre,basal,4,500.0,603.0,1.0,32.0,7,81,7886,0,
97,1.0,1.0,1.451,1.0,6.0,5,128.344122178706,215.8981373191465,pobre,basal,6,500.0,722.0,1.0,37.0,11,81,7887,6,1.0
98,1.0,1.0,1.451,1.0,7.0,5,128.344122178706,215.8981373191465,pobre,basal,6,500.0,722.0,1.0,37.0,12,81,7887,6,1.0
97,1.0,1.0,1.451,1.0,5.0,5,128.344122178706,215.8981373191465,pobre,basal,6,500.0,722.0,1.0,37.0,11,81,7888,5,1.0
98,1.0,1.0,1.451,1.0,5.0,5,128.344122178706,215.8981373191465,pobre,basal,6,500.0,722.0,1.0,37.0,12,81,7888,5,1.0
97,0.0,1.0,1.451,1.0,2.0,5,128.344122178706,215.8981373191465,pobre,basal,6,500.0,722.0,1.0,37.0,7,81,7889,2,1.0
98,0.0,1.0,1.451,1.0,2.0,5,128.344122178706,215.8981373191465,pobre,basal,6,500.0,722.0,1.0,37.0,8,81,7889,2,1.0
97,1.0,1.0,1.451,0.0,6.0,6,128.344122178706,215.8981373191465,pobre,basal,3,500.0,664.0,1.0,31.0,12,81,7890,6,0.0
98,1.0,1.0,1.451,0.0,6.0,6,128.344122178706,215.8981373191465,pobre,basal,3,500.0,664.0,1.0,31.0,13,81,7890,6,0.0
97,1.0,1.0,1.451,1.0,4.0,6,128.344122178706,215.8981373191465,pobre,basal,3,500.0,664.0,1.0,31.0,10,81,7891,4,1.0
98,1.0,1.0,1.451,1.0,5.0,6,128.344122178706,215.8981373191465,pobre,basal,3,500.0,664.0,1.0,31.0,11,81,7891,4,1.0
97,1.0,1.0,1.451,1.0,3.0,6,128.344122178706,215.8981373191465,pobre,basal,3,500.0,664.0,1.0,31.0,8,81,7892,3,1.0
98,1.0,1.0,1.451,1.0,4.0,6,128.344122178706,215.8981373191465,pobre,basal,3,500.0,664.0,1.0,31.0,9,81,7892,3,1.0
97,0.0,1.0,1.451,1.0,0.0,6,128.344122178706,215.8981373191465,pobre,basal,3,500.0,664.0,1.0,31.0,6,81,7893,0,1.0
98,0.0,1.0,1.451,1.0,1.0,6,128.344122178706,215.8981373191465,pobre,basal,3,500.0,664.0,1.0,31.0,7,81,7893,0,1.0
97,1.0,1.0,1.451,1.0,0.0,5,128.344122178706,215.8981373191465,no pobre,basal,2,500.0,828.5,1.0,61.0,6,81,7894,0,1.0
98,1.0,1.0,1.451,1.0,1.0,5,128.344122178706,215.8981373191465,no pobre,basal,2,500.0,828.5,1.0,61.0,7,81,7894,0,1.0
97,1.0,1.0,1.451,1.0,6.0,6,128.344122178706,215.8981373191465,pobre,basal,6,500.0,689.0,1.0,32.0,11,81,7895,6,1.0
98,1.0,1.0,1.451,1.0,6.0,6,128.344122178706,215.8981373191465,pobre,basal,6,500.0,689.0,1.0,32.0,12,81,7895,6,1.0
97,0.0,1.0,1.451,1.0,3.0,6,128.344122178706,215.8981373191465,pobre,basal,6,500.0,689.0,1.0,32.0,9,81,7896,3,1.0
98,0.0,1.0,1.451,1.0,4.0,6,128.344122178706,215.8981373191465,pobre,basal,6,500.0,689.0,1.0,32.0,10,81,7896,3,1.0
97,1.0,1.0,1.451,1.0,1.0,6,128.344122178706,215.8981373191465,pobre,basal,6,500.0,689.0,1.0,32.0,7,81,7897,1,1.0
98,1.0,1.0,1.451,1.0,2.0,6,128.344122178706,215.8981373191465,pobre,basal,6,500.0,689.0,1.0,32.0,8,81,7897,1,1.0
97,0.0,1.0,1.451,1.0,4.0,5,128.344122178706,215.8981373191465,pobre,basal,0,500.0,523.0,1.0,30.0,10,81,7898,4,1.0
98,0.0,1.0,1.451,1.0,5.0,5,128.344122178706,215.8981373191465,pobre,basal,0,500.0,523.0,1.0,30.0,11,81,7898,4,1.0
97,1.0,1.0,1.451,1.0,3.0,5,128.344122178706,215.8981373191465,pobre,basal,0,500.0,523.0,1.0,30.0,8,81,7899,3,1.0
98,1.0,1.0,1.451,1.0,4.0,5,128.344122178706,215.8981373191465,pobre,basal,0,500.0,523.0,1.0,30.0,9,81,7899,3,1.0
97,0.0,1.0,1.451,1.0,1.0,5,128.344122178706,215.8981373191465,pobre,basal,0,500.0,523.0,1.0,30.0,6,81,7900,1,1.0
98,0.0,1.0,1.451,1.0,2.0,5,128.344122178706,215.8981373191465,pobre,basal,0,500.0,523.0,1.0,30.0,7,81,7900,1,1.0
97,1.0,1.0,1.451,1.0,6.0,8,128.344122178706,215.8981373191465,pobre,basal,4,500.0,640.0,1.0,60.0,12,81,7901,6,1.0
98,1.0,1.0,1.451,,,8,128.344122178706,215.8981373191465,pobre,basal,4,500.0,640.0,1.0,60.0,13,81,7901,6,1.0
97,1.0,1.0,1.451,1.0,5.0,8,128.344122178706,215.8981373191465,pobre,basal,4,500.0,640.0,1.0,60.0,11,81,7902,5,1.0
98,1.0,1.0,1.451,,,8,128.344122178706,215.8981373191465,pobre,basal,4,500.0,640.0,1.0,60.0,12,81,7902,5,1.0
97,1.0,1.0,1.451,1.0,4.0,8,128.344122178706,215.8981373191465,pobre,basal,4,500.0,640.0,1.0,60.0,9,81,7903,4,1.0
98,1.0,1.0,1.451,,,8,128.344122178706,215.8981373191465,pobre,basal,4,500.0,640.0,1.0,60.0,10,81,7903,4,1.0
97,0.0,1.0,1.451,1.0,3.0,8,128.344122178706,215.8981373191465,pobre,basal,4,500.0,640.0,1.0,60.0,7,81,7904,3,1.0
98,0.0,1.0,1.451,,,8,128.344122178706,215.8981373191465,pobre,basal,4,500.0,640.0,1.0,60.0,8,81,7904,3,1.0
97,1.0,1.0,1.451,1.0,1.0,8,128.344122178706,215.8981373191465,pobre,basal,4,500.0,640.0,1.0,60.0,6,81,7905,1,1.0
98,1.0,1.0,1.451,,,8,128.344122178706,215.8981373191465,pobre,basal,4,500.0,640.0,1.0,60.0,7,81,7905,1,1.0
97,0.0,1.0,1.451,0.0,9.0,5,128.344122178706,215.8981373191465,pobre,basal,0,500.0,816.0,1.0,58.0,15,81,7906,9,0.0
98,0.0,1.0,1.451,0.0,9.0,5,128.344122178706,215.8981373191465,pobre,basal,0,500.0,816.0,1.0,58.0,16,81,7906,9,0.0
97,1.0,1.0,1.451,1.0,8.0,5,128.344122178706,215.8981373191465,pobre,basal,0,500.0,816.0,1.0,58.0,13,81,7907,8,1.0
98,1.0,1.0,1.451,1.0,8.0,5,128.344122178706,215.8981373191465,pobre,basal,0,500.0,816.0,1.0,58.0,14,81,7907,8,1.0
97,1.0,1.0,1.451,1.0,5.0,5,128.344122178706,215.8981373191465,pobre,basal,0,500.0,816.0,1.0,58.0,10,81,7908,5,1.0
98,1.0,1.0,1.451,1.0,5.0,5,128.344122178706,215.8981373191465,pobre,basal,0,500.0,816.0,1.0,58.0,11,81,7908,5,1.0
97,0.0,1.0,1.451,0.0,6.0,6,128.344122178706,215.8981373191465,pobre,basal,0,500.0,840.0,1.0,39.0,15,81,7909,6,0.0
98,0.0,1.0,1.451,0.0,6.0,6,128.344122178706,215.8981373191465,pobre,basal,0,500.0,840.0,1.0,39.0,16,81,7909,6,0.0
97,0.0,1.0,1.451,0.0,6.0,6,128.344122178706,215.8981373191465,pobre,basal,0,500.0,840.0,1.0,39.0,13,81,7910,6,0.0
98,0.0,1.0,1.451,0.0,6.0,6,128.344122178706,215.8981373191465,pobre,basal,0,500.0,840.0,1.0,39.0,14,81,7910,6,0.0
97,1.0,1.0,1.451,1.0,6.0,6,128.344122178706,215.8981373191465,pobre,basal,0,500.0,840.0,1.0,39.0,11,81,7911,6,1.0
98,1.0,1.0,1.451,1.0,6.0,6,128.344122178706,215.8981373191465,pobre,basal,0,500.0,840.0,1.0,39.0,12,81,7911,6,1.0
97,1.0,0.0,0.0,1.0,7.0,6,120.9653410806653,223.3932976049372,no pobre,0,0,500.0,801.0,1.0,66.0,13,80,7912,7,1.0
98,1.0,0.0,0.0,1.0,8.0,6,120.9653410806653,223.3932976049372,no pobre,0,0,500.0,801.0,1.0,66.0,14,80,7912,7,1.0
97,1.0,0.0,0.0,0.0,6.0,5,120.9653410806653,223.3932976049372,pobre,0,2,500.0,577.5,1.0,34.0,13,80,7913,6,0.0
98,1.0,0.0,0.0,0.0,6.0,5,120.9653410806653,223.3932976049372,pobre,0,2,500.0,577.5,1.0,34.0,14,80,7913,6,0.0
97,0.0,0.0,0.0,1.0,4.0,5,120.9653410806653,223.3932976049372,pobre,0,2,500.0,577.5,1.0,34.0,9,80,7914,4,1.0
98,0.0,0.0,0.0,1.0,4.0,5,120.9653410806653,223.3932976049372,pobre,0,2,500.0,577.5,1.0,34.0,10,80,7914,4,1.0
97,1.0,0.0,0.0,1.0,9.0,8,120.9653410806653,223.3932976049372,pobre,0,0,500.0,625.0,1.0,58.0,14,80,7915,9,1.0
98,1.0,0.0,0.0,1.0,9.0,8,120.9653410806653,223.3932976049372,pobre,0,0,500.0,625.0,1.0,58.0,15,80,7915,9,1.0
97,1.0,0.0,0.0,1.0,1.0,8,120.9653410806653,223.3932976049372,pobre,0,0,500.0,625.0,1.0,58.0,12,80,7916,1,1.0
98,1.0,0.0,0.0,1.0,1.0,8,120.9653410806653,223.3932976049372,pobre,0,0,500.0,625.0,1.0,58.0,13,80,7916,1,1.0
97,0.0,0.0,0.0,1.0,5.0,8,120.9653410806653,223.3932976049372,pobre,0,0,500.0,625.0,1.0,58.0,10,80,7917,5,1.0
98,0.0,0.0,0.0,1.0,5.0,8,120.9653410806653,223.3932976049372,pobre,0,0,500.0,625.0,1.0,58.0,11,80,7917,5,1.0
97,1.0,0.0,0.0,1.0,2.0,8,120.9653410806653,223.3932976049372,pobre,0,0,500.0,625.0,1.0,58.0,7,80,7918,2,1.0
98,1.0,0.0,0.0,1.0,2.0,8,120.9653410806653,223.3932976049372,pobre,0,0,500.0,625.0,1.0,58.0,8,80,7918,2,1.0
97,1.0,0.0,0.0,1.0,1.0,8,120.9653410806653,223.3932976049372,pobre,0,0,500.0,625.0,1.0,58.0,6,80,7919,1,1.0
98,1.0,0.0,0.0,1.0,1.0,8,120.9653410806653,223.3932976049372,pobre,0,0,500.0,625.0,1.0,58.0,7,80,7919,1,1.0
97,0.0,0.0,0.0,0.0,6.0,4,120.9653410806653,223.3932976049372,no pobre,0,0,0.0,923.0,0.0,63.0,16,80,7920,6,0.0
98,0.0,0.0,0.0,,,4,120.9653410806653,223.3932976049372,no pobre,0,0,0.0,923.0,0.0,63.0,17,80,7920,6,0.0
97,0.0,0.0,0.0,1.0,6.0,7,120.9653410806653,223.3932976049372,pobre,0,4,500.0,674.0,1.0,35.0,12,80,7921,6,1.0
98,0.0,0.0,0.0,1.0,7.0,7,120.9653410806653,223.3932976049372,pobre,0,4,500.0,674.0,1.0,35.0,13,80,7921,6,1.0
97,0.0,0.0,0.0,1.0,6.0,7,120.9653410806653,223.3932976049372,pobre,0,4,500.0,674.0,1.0,35.0,11,80,7922,6,1.0
98,0.0,0.0,0.0,1.0,6.0,7,120.9653410806653,223.3932976049372,pobre,0,4,500.0,674.0,1.0,35.0,12,80,7922,6,1.0
97,0.0,0.0,0.0,1.0,4.0,7,120.9653410806653,223.3932976049372,pobre,0,4,500.0,674.0,1.0,35.0,9,80,7923,4,1.0
98,0.0,0.0,0.0,1.0,4.0,7,120.9653410806653,223.3932976049372,pobre,0,4,500.0,674.0,1.0,35.0,10,80,7923,4,1.0
97,0.0,0.0,0.0,1.0,2.0,7,120.9653410806653,223.3932976049372,pobre,0,4,500.0,674.0,1.0,35.0,7,80,7924,2,1.0
98,0.0,0.0,0.0,1.0,2.0,7,120.9653410806653,223.3932976049372,pobre,0,4,500.0,674.0,1.0,35.0,8,80,7924,2,1.0
97,0.0,0.0,0.0,0.0,6.0,3,120.9653410806653,223.3932976049372,no pobre,0,0,500.0,984.0,1.0,49.0,13,80,7925,6,0.0
98,0.0,0.0,0.0,1.0,6.0,3,120.9653410806653,223.3932976049372,no pobre,0,0,500.0,984.0,1.0,49.0,14,80,7925,6,0.0
97,0.0,0.0,0.0,0.0,2.0,5,120.9653410806653,223.3932976049372,pobre,0,0,500.0,729.0,1.0,58.0,14,80,7926,2,0.0
98,0.0,0.0,0.0,,,5,120.9653410806653,223.3932976049372,pobre,0,0,500.0,729.0,1.0,58.0,15,80,7926,2,0.0
97,1.0,0.0,0.0,0.0,6.0,7,120.9653410806653,223.3932976049372,pobre,0,2,500.0,642.5,1.0,37.0,15,80,7927,6,0.0
98,1.0,0.0,0.0,1.0,6.0,7,120.9653410806653,223.3932976049372,pobre,0,2,500.0,642.5,1.0,37.0,16,80,7927,6,0.0
97,1.0,0.0,0.0,1.0,7.0,7,120.9653410806653,223.3932976049372,pobre,0,2,500.0,642.5,1.0,37.0,13,80,7928,7,1.0
98,1.0,0.0,0.0,0.0,8.0,7,120.9653410806653,223.3932976049372,pobre,0,2,500.0,642.5,1.0,37.0,14,80,7928,7,1.0
97,0.0,0.0,0.0,1.0,6.0,7,120.9653410806653,223.3932976049372,pobre,0,2,500.0,642.5,1.0,37.0,11,80,7929,6,1.0
98,0.0,0.0,0.0,1.0,6.0,7,120.9653410806653,223.3932976049372,pobre,0,2,500.0,642.5,1.0,37.0,12,80,7929,6,1.0
97,1.0,0.0,0.0,1.0,4.0,7,120.9653410806653,223.3932976049372,pobre,0,2,500.0,642.5,1.0,37.0,9,80,7930,4,1.0
98,1.0,0.0,0.0,1.0,4.0,7,120.9653410806653,223.3932976049372,pobre,0,2,500.0,642.5,1.0,37.0,10,80,7930,4,1.0
97,1.0,0.0,0.0,0.0,2.0,6,120.9653410806653,223.3932976049372,pobre,0,2,500.0,661.0,1.0,42.0,15,80,7931,2,0.0
98,1.0,0.0,0.0,0.0,4.0,6,120.9653410806653,223.3932976049372,pobre,0,2,500.0,661.0,1.0,42.0,16,80,7931,2,0.0
97,1.0,0.0,0.0,1.0,0.0,6,120.9653410806653,223.3932976049372,pobre,0,2,500.0,661.0,1.0,42.0,13,80,7932,0,1.0
98,1.0,0.0,0.0,1.0,4.0,6,120.9653410806653,223.3932976049372,pobre,0,2,500.0,661.0,1.0,42.0,14,80,7932,0,1.0
97,1.0,0.0,0.0,1.0,6.0,6,120.9653410806653,223.3932976049372,pobre,0,2,500.0,661.0,1.0,42.0,11,80,7933,6,1.0
98,1.0,0.0,0.0,1.0,6.0,6,120.9653410806653,223.3932976049372,pobre,0,2,500.0,661.0,1.0,42.0,12,80,7933,6,1.0
97,0.0,0.0,0.0,1.0,6.0,6,120.9653410806653,223.3932976049372,pobre,0,2,500.0,661.0,1.0,42.0,11,80,7934,6,1.0
98,0.0,0.0,0.0,1.0,6.0,6,120.9653410806653,223.3932976049372,pobre,0,2,500.0,661.0,1.0,42.0,12,80,7934,6,1.0
97,1.0,0.0,4.3369999,0.0,5.0,5,131.4107324574973,131.4107324574973,pobre,basal,2,500.0,757.0,1.0,31.0,15,69,7935,5,0.0
98,1.0,0.0,4.3369999,0.0,5.0,5,131.4107324574973,131.4107324574973,pobre,basal,2,500.0,757.0,1.0,31.0,16,69,7935,5,0.0
97,0.0,0.0,4.3369999,0.0,6.0,5,131.4107324574973,131.4107324574973,pobre,basal,2,500.0,757.0,1.0,31.0,14,69,7936,6,0.0
98,0.0,0.0,4.3369999,0.0,6.0,5,131.4107324574973,131.4107324574973,pobre,basal,2,500.0,757.0,1.0,31.0,15,69,7936,6,0.0
97,0.0,0.0,3.7320001,0.0,6.0,11,168.1029678809373,172.6342749739816,pobre,basal,3,375.0,894.25,1.0,45.0,15,42,7937,6,0.0
98,0.0,0.0,3.7320001,0.0,6.0,11,168.1029678809373,172.6342749739816,pobre,basal,3,375.0,894.25,1.0,45.0,16,42,7937,6,0.0
97,1.0,0.0,3.7320001,1.0,2.0,11,168.1029678809373,172.6342749739816,pobre,basal,3,375.0,894.25,1.0,45.0,10,42,7938,2,1.0
98,1.0,0.0,3.7320001,1.0,2.0,11,168.1029678809373,172.6342749739816,pobre,basal,3,375.0,894.25,1.0,45.0,11,42,7938,2,1.0
97,1.0,0.0,3.7320001,1.0,1.0,11,168.1029678809373,172.6342749739816,pobre,basal,3,375.0,894.25,1.0,45.0,9,42,7939,1,1.0
98,1.0,0.0,3.7320001,1.0,1.0,11,168.1029678809373,172.6342749739816,pobre,basal,3,375.0,894.25,1.0,45.0,10,42,7939,1,1.0
97,1.0,0.0,3.7320001,1.0,0.0,11,168.1029678809373,172.6342749739816,pobre,basal,3,375.0,894.25,1.0,45.0,6,42,7940,0,1.0
98,1.0,0.0,3.7320001,1.0,1.0,11,168.1029678809373,172.6342749739816,pobre,basal,3,375.0,894.25,1.0,45.0,7,42,7940,0,1.0
97,0.0,0.0,3.7320001,1.0,3.0,5,168.1029678809373,172.6342749739816,pobre,basal,4,333.33334,651.0,1.0,29.0,9,42,7941,3,1.0
98,0.0,0.0,3.7320001,1.0,4.0,5,168.1029678809373,172.6342749739816,pobre,basal,4,333.33334,651.0,1.0,29.0,10,42,7941,3,1.0
97,0.0,0.0,3.7320001,1.0,1.0,5,168.1029678809373,172.6342749739816,pobre,basal,4,333.33334,651.0,1.0,29.0,6,42,7942,1,1.0
98,0.0,0.0,3.7320001,1.0,2.0,5,168.1029678809373,172.6342749739816,pobre,basal,4,333.33334,651.0,1.0,29.0,7,42,7942,1,1.0
97,1.0,0.0,0.0,1.0,9.0,9,150.0925808125033,166.6627042782455,pobre,basal,3,0.0,581.83002,1.0,42.0,14,112,7943,9,1.0
98,1.0,0.0,0.0,1.0,9.0,9,150.0925808125033,166.6627042782455,pobre,basal,3,0.0,581.83002,1.0,42.0,15,112,7943,9,1.0
97,1.0,0.0,0.0,1.0,8.0,9,150.0925808125033,166.6627042782455,pobre,basal,3,0.0,581.83002,1.0,42.0,13,112,7944,8,1.0
98,1.0,0.0,0.0,1.0,8.0,9,150.0925808125033,166.6627042782455,pobre,basal,3,0.0,581.83002,1.0,42.0,14,112,7944,8,1.0
97,0.0,0.0,0.0,1.0,5.0,9,150.0925808125033,166.6627042782455,pobre,basal,3,0.0,581.83002,1.0,42.0,10,112,7945,5,1.0
98,0.0,0.0,0.0,1.0,6.0,9,150.0925808125033,166.6627042782455,pobre,basal,3,0.0,581.83002,1.0,42.0,11,112,7945,5,1.0
97,0.0,0.0,0.0,1.0,3.0,9,150.0925808125033,166.6627042782455,pobre,basal,3,0.0,581.83002,1.0,42.0,8,112,7946,3,1.0
98,0.0,0.0,0.0,1.0,4.0,9,150.0925808125033,166.6627042782455,pobre,basal,3,0.0,581.83002,1.0,42.0,9,112,7946,3,1.0
97,0.0,0.0,0.0,1.0,1.0,9,150.0925808125033,166.6627042782455,pobre,basal,3,0.0,581.83002,1.0,42.0,6,112,7947,1,1.0
98,0.0,0.0,0.0,1.0,2.0,9,150.0925808125033,166.6627042782455,pobre,basal,3,0.0,581.83002,1.0,42.0,7,112,7947,1,1.0
97,1.0,0.0,0.0,1.0,9.0,5,150.0925808125033,166.6627042782455,pobre,basal,5,1200.0,701.0,1.0,43.0,15,112,7948,9,1.0
98,1.0,0.0,0.0,,,5,150.0925808125033,166.6627042782455,pobre,basal,5,1200.0,701.0,1.0,43.0,16,112,7948,9,1.0
97,0.0,0.0,0.0,1.0,7.0,5,150.0925808125033,166.6627042782455,pobre,basal,5,1200.0,701.0,1.0,43.0,12,112,7949,7,1.0
98,0.0,0.0,0.0,1.0,8.0,5,150.0925808125033,166.6627042782455,pobre,basal,5,1200.0,701.0,1.0,43.0,13,112,7949,7,1.0
97,1.0,0.0,0.0,1.0,2.0,4,150.0925808125033,166.6627042782455,pobre,basal,2,625.0,774.0,1.0,48.0,8,112,7950,2,1.0
98,1.0,0.0,0.0,1.0,3.0,4,150.0925808125033,166.6627042782455,pobre,basal,2,625.0,774.0,1.0,48.0,9,112,7950,2,1.0
97,1.0,0.0,0.0,1.0,7.0,8,150.0925808125033,166.6627042782455,no pobre,basal,0,0.0,777.0,1.0,72.0,15,112,7951,7,1.0
98,1.0,0.0,0.0,1.0,8.0,8,150.0925808125033,166.6627042782455,no pobre,basal,0,0.0,777.0,1.0,72.0,16,112,7951,7,1.0
97,1.0,0.0,0.0,1.0,7.0,8,150.0925808125033,166.6627042782455,no pobre,basal,0,0.0,777.0,1.0,72.0,15,112,7952,7,1.0
98,1.0,0.0,0.0,1.0,8.0,8,150.0925808125033,166.6627042782455,no pobre,basal,0,0.0,777.0,1.0,72.0,16,112,7952,7,1.0
97,1.0,0.0,0.0,1.0,8.0,7,150.0925808125033,166.6627042782455,pobre,basal,2,958.33331,660.5,1.0,52.0,16,112,7953,8,1.0
98,1.0,0.0,0.0,,,7,150.0925808125033,166.6627042782455,pobre,basal,2,958.33331,660.5,1.0,52.0,17,112,7953,8,1.0
97,1.0,0.0,0.0,1.0,7.0,7,150.0925808125033,166.6627042782455,pobre,basal,2,958.33331,660.5,1.0,52.0,13,112,7954,7,1.0
98,1.0,0.0,0.0,0.0,7.0,7,150.0925808125033,166.6627042782455,pobre,basal,2,958.33331,660.5,1.0,52.0,14,112,7954,7,1.0
97,0.0,0.0,0.98100001,1.0,5.0,2,150.4854275712146,165.9509745142663,pobre,basal,2,0.0,808.0,0.0,44.0,11,113,7955,5,1.0
98,0.0,0.0,0.98100001,1.0,6.0,2,150.4854275712146,165.9509745142663,pobre,basal,2,0.0,808.0,0.0,44.0,12,113,7955,5,1.0
97,1.0,0.0,0.98100001,0.0,6.0,6,150.4854275712146,165.9509745142663,pobre,basal,4,1000.0,575.0,1.0,39.0,13,113,7956,6,0.0
98,1.0,0.0,0.98100001,0.0,6.0,6,150.4854275712146,165.9509745142663,pobre,basal,4,1000.0,575.0,1.0,39.0,14,113,7956,6,0.0
97,0.0,0.0,0.98100001,1.0,5.0,6,150.4854275712146,165.9509745142663,pobre,basal,4,1000.0,575.0,1.0,39.0,11,113,7957,5,1.0
98,0.0,0.0,0.98100001,1.0,6.0,6,150.4854275712146,165.9509745142663,pobre,basal,4,1000.0,575.0,1.0,39.0,12,113,7957,5,1.0
97,1.0,0.0,0.98100001,1.0,3.0,6,150.4854275712146,165.9509745142663,pobre,basal,4,1000.0,575.0,1.0,39.0,9,113,7958,3,1.0
98,1.0,0.0,0.98100001,1.0,4.0,6,150.4854275712146,165.9509745142663,pobre,basal,4,1000.0,575.0,1.0,39.0,10,113,7958,3,1.0
97,0.0,0.0,0.98100001,1.0,1.0,6,150.4854275712146,165.9509745142663,pobre,basal,4,1000.0,575.0,1.0,39.0,7,113,7959,1,1.0
98,0.0,0.0,0.98100001,1.0,2.0,6,150.4854275712146,165.9509745142663,pobre,basal,4,1000.0,575.0,1.0,39.0,8,113,7959,1,1.0
97,1.0,0.0,0.98100001,0.0,6.0,8,150.4854275712146,165.9509745142663,pobre,basal,1,625.0,746.0,1.0,42.0,16,113,7960,6,0.0
98,1.0,0.0,0.98100001,,,8,150.4854275712146,165.9509745142663,pobre,basal,1,625.0,746.0,1.0,42.0,17,113,7960,6,0.0
97,0.0,0.0,0.98100001,1.0,5.0,8,150.4854275712146,165.9509745142663,pobre,basal,1,625.0,746.0,1.0,42.0,11,113,7961,5,1.0
98,0.0,0.0,0.98100001,1.0,6.0,8,150.4854275712146,165.9509745142663,pobre,basal,1,625.0,746.0,1.0,42.0,12,113,7961,5,1.0
97,0.0,0.0,0.98100001,1.0,3.0,8,150.4854275712146,165.9509745142663,pobre,basal,1,625.0,746.0,1.0,42.0,9,113,7962,3,1.0
98,0.0,0.0,0.98100001,1.0,4.0,8,150.4854275712146,165.9509745142663,pobre,basal,1,625.0,746.0,1.0,42.0,10,113,7962,3,1.0
97,1.0,0.0,0.98100001,1.0,1.0,8,150.4854275712146,165.9509745142663,pobre,basal,1,625.0,746.0,1.0,42.0,7,113,7963,1,1.0
98,1.0,0.0,0.98100001,1.0,2.0,8,150.4854275712146,165.9509745142663,pobre,basal,1,625.0,746.0,1.0,42.0,8,113,7963,1,1.0
97,1.0,0.0,0.0,1.0,7.0,7,150.0925808125033,166.6627042782455,pobre,basal,1,625.0,669.0,1.0,45.0,15,112,7964,7,1.0
98,1.0,0.0,0.0,,,7,150.0925808125033,166.6627042782455,pobre,basal,1,625.0,669.0,1.0,45.0,16,112,7964,7,1.0
97,1.0,0.0,0.0,1.0,5.0,7,150.0925808125033,166.6627042782455,pobre,basal,1,625.0,669.0,1.0,45.0,14,112,7965,5,1.0
98,1.0,0.0,0.0,1.0,6.0,7,150.0925808125033,166.6627042782455,pobre,basal,1,625.0,669.0,1.0,45.0,15,112,7965,5,1.0
97,1.0,0.0,0.0,1.0,2.0,7,150.0925808125033,166.6627042782455,pobre,basal,1,625.0,669.0,1.0,45.0,11,112,7966,2,1.0
98,1.0,0.0,0.0,1.0,2.0,7,150.0925808125033,166.6627042782455,pobre,basal,1,625.0,669.0,1.0,45.0,12,112,7966,2,1.0
97,0.0,0.0,0.0,1.0,1.0,7,150.0925808125033,166.6627042782455,pobre,basal,1,625.0,669.0,1.0,45.0,8,112,7967,1,1.0
98,0.0,0.0,0.0,,,7,150.0925808125033,166.6627042782455,pobre,basal,1,625.0,669.0,1.0,45.0,9,112,7967,1,1.0
97,1.0,0.0,0.98100001,0.0,6.0,7,150.4854275712146,165.9509745142663,pobre,basal,3,1200.0,630.0,1.0,41.0,15,113,7968,6,0.0
98,1.0,0.0,0.98100001,0.0,6.0,7,150.4854275712146,165.9509745142663,pobre,basal,3,1200.0,630.0,1.0,41.0,16,113,7968,6,0.0
97,1.0,0.0,0.98100001,,0.0,7,150.4854275712146,165.9509745142663,pobre,basal,3,1200.0,630.0,1.0,41.0,13,113,7969,0,
98,1.0,0.0,0.98100001,,,7,150.4854275712146,165.9509745142663,pobre,basal,3,1200.0,630.0,1.0,41.0,14,113,7969,0,
97,1.0,0.0,0.98100001,1.0,5.0,7,150.4854275712146,165.9509745142663,pobre,basal,3,1200.0,630.0,1.0,41.0,11,113,7970,5,1.0
98,1.0,0.0,0.98100001,1.0,6.0,7,150.4854275712146,165.9509745142663,pobre,basal,3,1200.0,630.0,1.0,41.0,12,113,7970,5,1.0
97,1.0,0.0,0.98100001,1.0,2.0,7,150.4854275712146,165.9509745142663,pobre,basal,3,1200.0,630.0,1.0,41.0,8,113,7971,2,1.0
98,1.0,0.0,0.98100001,1.0,3.0,7,150.4854275712146,165.9509745142663,pobre,basal,3,1200.0,630.0,1.0,41.0,9,113,7971,2,1.0
97,1.0,0.0,0.0,1.0,7.0,7,150.0925808125033,166.6627042782455,pobre,basal,2,625.0,678.25,1.0,55.0,14,112,7972,7,1.0
98,1.0,0.0,0.0,1.0,8.0,7,150.0925808125033,166.6627042782455,pobre,basal,2,625.0,678.25,1.0,55.0,15,112,7972,7,1.0
97,1.0,0.0,0.0,1.0,7.0,7,150.0925808125033,166.6627042782455,pobre,basal,2,625.0,678.25,1.0,55.0,13,112,7973,7,1.0
98,1.0,0.0,0.0,1.0,8.0,7,150.0925808125033,166.6627042782455,pobre,basal,2,625.0,678.25,1.0,55.0,14,112,7973,7,1.0
97,0.0,0.0,0.0,1.0,1.0,7,150.0925808125033,166.6627042782455,pobre,basal,2,625.0,678.25,1.0,55.0,6,112,7974,1,1.0
98,0.0,0.0,0.0,1.0,2.0,7,150.0925808125033,166.6627042782455,pobre,basal,2,625.0,678.25,1.0,55.0,7,112,7974,1,1.0
97,0.0,0.0,0.0,1.0,7.0,4,150.0925808125033,166.6627042782455,pobre,basal,0,0.0,736.0,0.0,44.0,14,112,7975,7,1.0
98,0.0,0.0,0.0,1.0,8.0,4,150.0925808125033,166.6627042782455,pobre,basal,0,0.0,736.0,0.0,44.0,15,112,7975,7,1.0
97,1.0,0.0,0.0,0.0,6.0,6,150.0925808125033,166.6627042782455,pobre,basal,3,625.0,641.40002,1.0,41.0,15,112,7976,6,0.0
98,1.0,0.0,0.0,0.0,7.0,6,150.0925808125033,166.6627042782455,pobre,basal,3,625.0,641.40002,1.0,41.0,16,112,7976,6,0.0
97,0.0,0.0,0.0,1.0,3.0,6,150.0925808125033,166.6627042782455,pobre,basal,3,625.0,641.40002,1.0,41.0,9,112,7977,3,1.0
98,0.0,0.0,0.0,1.0,4.0,6,150.0925808125033,166.6627042782455,pobre,basal,3,625.0,641.40002,1.0,41.0,10,112,7977,3,1.0
97,0.0,0.0,0.0,1.0,3.0,5,150.0925808125033,166.6627042782455,pobre,basal,6,625.0,746.5,1.0,30.0,8,112,7978,3,1.0
98,0.0,0.0,0.0,1.0,3.0,5,150.0925808125033,166.6627042782455,pobre,basal,6,625.0,746.5,1.0,30.0,9,112,7978,3,1.0
97,0.0,0.0,0.0,1.0,2.0,5,150.0925808125033,166.6627042782455,pobre,basal,6,625.0,746.5,1.0,30.0,7,112,7979,2,1.0
98,0.0,0.0,0.0,1.0,1.0,5,150.0925808125033,166.6627042782455,pobre,basal,6,625.0,746.5,1.0,30.0,8,112,7979,2,1.0
97,1.0,0.0,0.0,1.0,2.0,6,150.0925808125033,166.6627042782455,pobre,basal,9,480.0,596.0,1.0,39.0,8,112,7980,2,1.0
98,1.0,0.0,0.0,1.0,3.0,6,150.0925808125033,166.6627042782455,pobre,basal,9,480.0,596.0,1.0,39.0,9,112,7980,2,1.0
97,0.0,0.0,0.0,1.0,1.0,6,150.0925808125033,166.6627042782455,pobre,basal,9,480.0,596.0,1.0,39.0,7,112,7981,1,1.0
98,0.0,0.0,0.0,1.0,2.0,6,150.0925808125033,166.6627042782455,pobre,basal,9,480.0,596.0,1.0,39.0,8,112,7981,1,1.0
97,1.0,0.0,0.0,1.0,5.0,5,150.0925808125033,166.6627042782455,pobre,basal,0,83.333336,713.0,1.0,45.0,11,112,7982,5,1.0
98,1.0,0.0,0.0,1.0,6.0,5,150.0925808125033,166.6627042782455,pobre,basal,0,83.333336,713.0,1.0,45.0,12,112,7982,5,1.0
97,1.0,0.0,0.0,1.0,2.0,5,150.0925808125033,166.6627042782455,pobre,basal,0,83.333336,713.0,1.0,45.0,9,112,7983,2,1.0
98,1.0,0.0,0.0,1.0,3.0,5,150.0925808125033,166.6627042782455,pobre,basal,0,83.333336,713.0,1.0,45.0,10,112,7983,2,1.0
97,1.0,0.0,0.0,1.0,5.0,8,150.0925808125033,166.6627042782455,pobre,basal,2,625.0,570.0,1.0,42.0,14,112,7984,5,1.0
98,1.0,0.0,0.0,0.0,6.0,8,150.0925808125033,166.6627042782455,pobre,basal,2,625.0,570.0,1.0,42.0,15,112,7984,5,1.0
97,0.0,0.0,0.0,1.0,5.0,8,150.0925808125033,166.6627042782455,pobre,basal,2,625.0,570.0,1.0,42.0,11,112,7985,5,1.0
98,0.0,0.0,0.0,1.0,6.0,8,150.0925808125033,166.6627042782455,pobre,basal,2,625.0,570.0,1.0,42.0,12,112,7985,5,1.0
97,0.0,0.0,0.0,1.0,1.0,8,150.0925808125033,166.6627042782455,pobre,basal,2,625.0,570.0,1.0,42.0,9,112,7986,1,1.0
98,0.0,0.0,0.0,1.0,2.0,8,150.0925808125033,166.6627042782455,pobre,basal,2,625.0,570.0,1.0,42.0,10,112,7986,1,1.0
97,0.0,0.0,0.0,1.0,1.0,8,150.0925808125033,166.6627042782455,pobre,basal,2,625.0,570.0,1.0,42.0,7,112,7987,1,1.0
98,0.0,0.0,0.0,1.0,2.0,8,150.0925808125033,166.6627042782455,pobre,basal,2,625.0,570.0,1.0,42.0,8,112,7987,1,1.0
97,0.0,0.0,0.0,1.0,6.0,5,150.0925808125033,166.6627042782455,pobre,basal,0,0.0,575.70001,1.0,44.0,14,112,7988,6,1.0
98,0.0,0.0,0.0,1.0,7.0,5,150.0925808125033,166.6627042782455,pobre,basal,0,0.0,575.70001,1.0,44.0,15,112,7988,6,1.0
97,0.0,0.0,0.0,1.0,1.0,5,150.0925808125033,166.6627042782455,pobre,basal,0,0.0,575.70001,1.0,44.0,7,112,7989,1,1.0
98,0.0,0.0,0.0,1.0,2.0,5,150.0925808125033,166.6627042782455,pobre,basal,0,0.0,575.70001,1.0,44.0,8,112,7989,1,1.0
97,1.0,0.0,0.0,1.0,5.0,6,150.0925808125033,166.6627042782455,pobre,basal,0,800.0,692.0,1.0,47.0,13,112,7990,5,1.0
98,1.0,0.0,0.0,1.0,6.0,6,150.0925808125033,166.6627042782455,pobre,basal,0,800.0,692.0,1.0,47.0,14,112,7990,5,1.0
97,0.0,0.0,0.0,1.0,4.0,6,150.0925808125033,166.6627042782455,pobre,basal,0,800.0,692.0,1.0,47.0,10,112,7991,4,1.0
98,0.0,0.0,0.0,1.0,5.0,6,150.0925808125033,166.6627042782455,pobre,basal,0,800.0,692.0,1.0,47.0,11,112,7991,4,1.0
97,0.0,0.0,0.0,1.0,2.0,6,150.0925808125033,166.6627042782455,pobre,basal,0,800.0,692.0,1.0,47.0,8,112,7992,2,1.0
98,0.0,0.0,0.0,1.0,3.0,6,150.0925808125033,166.6627042782455,pobre,basal,0,800.0,692.0,1.0,47.0,9,112,7992,2,1.0
97,1.0,0.0,3.6210001,1.0,7.0,10,162.4827673272082,166.1930960287849,pobre,basal,2,500.0,578.0,1.0,53.0,15,110,7993,7,1.0
98,1.0,0.0,3.6210001,,,10,162.4827673272082,166.1930960287849,pobre,basal,2,500.0,578.0,1.0,53.0,16,110,7993,7,1.0
97,1.0,0.0,3.6210001,1.0,3.0,10,162.4827673272082,166.1930960287849,pobre,basal,2,500.0,578.0,1.0,53.0,12,110,7994,3,1.0
98,1.0,0.0,3.6210001,1.0,7.0,10,162.4827673272082,166.1930960287849,pobre,basal,2,500.0,578.0,1.0,53.0,13,110,7994,3,1.0
97,0.0,0.0,3.6210001,1.0,2.0,10,162.4827673272082,166.1930960287849,pobre,basal,2,500.0,578.0,1.0,53.0,10,110,7995,2,1.0
98,0.0,0.0,3.6210001,1.0,5.0,10,162.4827673272082,166.1930960287849,pobre,basal,2,500.0,578.0,1.0,53.0,11,110,7995,2,1.0
97,1.0,0.0,3.6210001,1.0,1.0,10,162.4827673272082,166.1930960287849,pobre,basal,2,500.0,578.0,1.0,53.0,8,110,7996,1,1.0
98,1.0,0.0,3.6210001,1.0,3.0,10,162.4827673272082,166.1930960287849,pobre,basal,2,500.0,578.0,1.0,53.0,9,110,7996,1,1.0
97,0.0,0.0,3.6210001,1.0,0.0,10,162.4827673272082,166.1930960287849,pobre,basal,2,500.0,578.0,1.0,53.0,6,110,7997,0,1.0
98,0.0,0.0,3.6210001,0.0,0.0,10,162.4827673272082,166.1930960287849,pobre,basal,2,500.0,578.0,1.0,53.0,7,110,7997,0,1.0
97,0.0,0.0,3.6210001,1.0,7.0,6,162.4827673272082,166.1930960287849,pobre,basal,0,375.0,539.0,1.0,45.0,13,110,7998,7,1.0
98,0.0,0.0,3.6210001,1.0,8.0,6,162.4827673272082,166.1930960287849,pobre,basal,0,375.0,539.0,1.0,45.0,14,110,7998,7,1.0
97,0.0,0.0,3.6210001,1.0,5.0,6,162.4827673272082,166.1930960287849,pobre,basal,0,375.0,539.0,1.0,45.0,11,110,7999,5,1.0
98,0.0,0.0,3.6210001,1.0,6.0,6,162.4827673272082,166.1930960287849,pobre,basal,0,375.0,539.0,1.0,45.0,12,110,7999,5,1.0
97,1.0,0.0,3.6210001,1.0,1.0,6,162.4827673272082,166.1930960287849,pobre,basal,0,375.0,539.0,1.0,45.0,7,110,8000,1,1.0
98,1.0,0.0,3.6210001,1.0,2.0,6,162.4827673272082,166.1930960287849,pobre,basal,0,375.0,539.0,1.0,45.0,8,110,8000,1,1.0
97,1.0,0.0,3.6210001,1.0,5.0,3,162.4827673272082,166.1930960287849,pobre,basal,0,0.0,618.0,0.0,49.0,11,110,8001,5,1.0
98,1.0,0.0,3.6210001,1.0,6.0,3,162.4827673272082,166.1930960287849,pobre,basal,0,0.0,618.0,0.0,49.0,12,110,8001,5,1.0
97,1.0,0.0,3.6210001,1.0,3.0,5,162.4827673272082,166.1930960287849,no pobre,basal,1,500.0,885.5,1.0,37.0,9,110,8002,3,1.0
98,1.0,0.0,3.6210001,1.0,4.0,5,162.4827673272082,166.1930960287849,no pobre,basal,1,500.0,885.5,1.0,37.0,10,110,8002,3,1.0
97,0.0,0.0,3.6210001,1.0,0.0,5,162.4827673272082,166.1930960287849,no pobre,basal,1,500.0,885.5,1.0,37.0,7,110,8003,0,1.0
98,0.0,0.0,3.6210001,1.0,2.0,5,162.4827673272082,166.1930960287849,no pobre,basal,1,500.0,885.5,1.0,37.0,8,110,8003,0,1.0
97,1.0,0.0,3.6210001,1.0,5.0,7,162.4827673272082,166.1930960287849,pobre,basal,2,375.0,613.5,1.0,57.0,11,110,8004,5,1.0
98,1.0,0.0,3.6210001,1.0,6.0,7,162.4827673272082,166.1930960287849,pobre,basal,2,375.0,613.5,1.0,57.0,12,110,8004,5,1.0
97,0.0,0.0,3.6210001,1.0,4.0,7,162.4827673272082,166.1930960287849,pobre,basal,2,375.0,613.5,1.0,57.0,11,110,8005,4,1.0
98,0.0,0.0,3.6210001,1.0,0.0,7,162.4827673272082,166.1930960287849,pobre,basal,2,375.0,613.5,1.0,57.0,12,110,8005,4,1.0
97,0.0,0.0,3.6210001,1.0,3.0,7,162.4827673272082,166.1930960287849,pobre,basal,2,375.0,613.5,1.0,57.0,9,110,8006,3,1.0
98,0.0,0.0,3.6210001,1.0,4.0,7,162.4827673272082,166.1930960287849,pobre,basal,2,375.0,613.5,1.0,57.0,10,110,8006,3,1.0
97,1.0,0.0,3.6210001,1.0,1.0,7,162.4827673272082,166.1930960287849,pobre,basal,2,375.0,613.5,1.0,57.0,6,110,8007,1,1.0
98,1.0,0.0,3.6210001,1.0,1.0,7,162.4827673272082,166.1930960287849,pobre,basal,2,375.0,613.5,1.0,57.0,7,110,8007,1,1.0
97,0.0,0.0,3.6210001,1.0,1.0,6,162.4827673272082,166.1930960287849,pobre,basal,0,375.0,763.03998,1.0,73.0,7,110,8008,1,1.0
98,0.0,0.0,3.6210001,1.0,2.0,6,162.4827673272082,166.1930960287849,pobre,basal,0,375.0,763.03998,1.0,73.0,8,110,8008,1,1.0
97,1.0,0.0,3.6210001,1.0,0.0,6,162.4827673272082,166.1930960287849,pobre,basal,0,375.0,763.03998,1.0,73.0,6,110,8009,0,1.0
98,1.0,0.0,3.6210001,1.0,1.0,6,162.4827673272082,166.1930960287849,pobre,basal,0,375.0,763.03998,1.0,73.0,7,110,8009,0,1.0
97,1.0,0.0,0.0,1.0,10.0,8,150.0925808125033,166.6627042782455,pobre,basal,2,625.0,584.0,1.0,43.0,16,112,8010,10,1.0
98,1.0,0.0,0.0,,,8,150.0925808125033,166.6627042782455,pobre,basal,2,625.0,584.0,1.0,43.0,17,112,8010,10,1.0
97,0.0,0.0,0.0,1.0,6.0,8,150.0925808125033,166.6627042782455,pobre,basal,2,625.0,584.0,1.0,43.0,12,112,8011,6,1.0
98,0.0,0.0,0.0,1.0,7.0,8,150.0925808125033,166.6627042782455,pobre,basal,2,625.0,584.0,1.0,43.0,13,112,8011,6,1.0
97,0.0,0.0,0.0,1.0,3.0,8,150.0925808125033,166.6627042782455,pobre,basal,2,625.0,584.0,1.0,43.0,10,112,8012,3,1.0
98,0.0,0.0,0.0,1.0,4.0,8,150.0925808125033,166.6627042782455,pobre,basal,2,625.0,584.0,1.0,43.0,11,112,8012,3,1.0
97,0.0,0.0,0.0,1.0,1.0,8,150.0925808125033,166.6627042782455,pobre,basal,2,625.0,584.0,1.0,43.0,6,112,8013,1,1.0
98,0.0,0.0,0.0,1.0,1.0,8,150.0925808125033,166.6627042782455,pobre,basal,2,625.0,584.0,1.0,43.0,7,112,8013,1,1.0
97,0.0,0.0,2.1359999,1.0,5.0,4,151.9986677193745,172.7459377303146,no pobre,0,6,750.0,795.0,1.0,35.0,11,111,8014,5,1.0
98,0.0,0.0,2.1359999,1.0,6.0,4,151.9986677193745,172.7459377303146,no pobre,0,6,750.0,795.0,1.0,35.0,12,111,8014,5,1.0
97,1.0,0.0,2.1359999,1.0,2.0,4,151.9986677193745,172.7459377303146,no pobre,0,6,750.0,795.0,1.0,35.0,7,111,8015,2,1.0
98,1.0,0.0,2.1359999,1.0,2.0,4,151.9986677193745,172.7459377303146,no pobre,0,6,750.0,795.0,1.0,35.0,8,111,8015,2,1.0
97,0.0,0.0,2.1359999,1.0,6.0,6,151.9986677193745,172.7459377303146,pobre,0,6,7500.0,698.0,1.0,35.0,12,111,8016,6,1.0
98,0.0,0.0,2.1359999,1.0,7.0,6,151.9986677193745,172.7459377303146,pobre,0,6,7500.0,698.0,1.0,35.0,13,111,8016,6,1.0
97,1.0,0.0,2.1359999,1.0,5.0,6,151.9986677193745,172.7459377303146,pobre,0,6,7500.0,698.0,1.0,35.0,10,111,8017,5,1.0
98,1.0,0.0,2.1359999,,,6,151.9986677193745,172.7459377303146,pobre,0,6,7500.0,698.0,1.0,35.0,11,111,8017,5,1.0
97,0.0,0.0,2.1359999,1.0,3.0,6,151.9986677193745,172.7459377303146,pobre,0,6,7500.0,698.0,1.0,35.0,9,111,8018,3,1.0
98,0.0,0.0,2.1359999,1.0,4.0,6,151.9986677193745,172.7459377303146,pobre,0,6,7500.0,698.0,1.0,35.0,10,111,8018,3,1.0
97,0.0,0.0,2.1359999,1.0,2.0,6,151.9986677193745,172.7459377303146,pobre,0,6,7500.0,698.0,1.0,35.0,8,111,8019,2,1.0
98,0.0,0.0,2.1359999,1.0,3.0,6,151.9986677193745,172.7459377303146,pobre,0,6,7500.0,698.0,1.0,35.0,9,111,8019,2,1.0
97,1.0,0.0,2.1359999,0.0,6.0,3,151.9986677193745,172.7459377303146,pobre,0,3,0.0,724.0,0.0,52.0,15,111,8020,6,0.0
98,1.0,0.0,2.1359999,0.0,6.0,3,151.9986677193745,172.7459377303146,pobre,0,3,0.0,724.0,0.0,52.0,16,111,8020,6,0.0
97,1.0,0.0,2.1359999,1.0,6.0,3,151.9986677193745,172.7459377303146,pobre,0,3,0.0,724.0,0.0,52.0,13,111,8021,6,1.0
98,1.0,0.0,2.1359999,0.0,6.0,3,151.9986677193745,172.7459377303146,pobre,0,3,0.0,724.0,0.0,52.0,14,111,8021,6,1.0
97,1.0,0.0,2.1359999,1.0,4.0,7,151.9986677193745,172.7459377303146,pobre,0,6,400.0,634.0,1.0,34.0,10,111,8022,4,1.0
98,1.0,0.0,2.1359999,1.0,5.0,7,151.9986677193745,172.7459377303146,pobre,0,6,400.0,634.0,1.0,34.0,11,111,8022,4,1.0
97,1.0,0.0,2.1359999,1.0,0.0,7,151.9986677193745,172.7459377303146,pobre,0,6,400.0,634.0,1.0,34.0,7,111,8023,0,1.0
98,1.0,0.0,2.1359999,1.0,1.0,7,151.9986677193745,172.7459377303146,pobre,0,6,400.0,634.0,1.0,34.0,8,111,8023,0,1.0
97,0.0,0.0,2.1359999,0.0,6.0,10,151.9986677193745,172.7459377303146,pobre,0,3,625.0,559.0,1.0,45.0,16,111,8024,6,0.0
98,0.0,0.0,2.1359999,,,10,151.9986677193745,172.7459377303146,pobre,0,3,625.0,559.0,1.0,45.0,17,111,8024,6,0.0
97,1.0,0.0,2.1359999,1.0,6.0,10,151.9986677193745,172.7459377303146,pobre,0,3,625.0,559.0,1.0,45.0,12,111,8025,6,1.0
98,1.0,0.0,2.1359999,1.0,7.0,10,151.9986677193745,172.7459377303146,pobre,0,3,625.0,559.0,1.0,45.0,13,111,8025,6,1.0
97,1.0,0.0,2.1359999,1.0,3.0,10,151.9986677193745,172.7459377303146,pobre,0,3,625.0,559.0,1.0,45.0,8,111,8026,3,1.0
98,1.0,0.0,2.1359999,1.0,4.0,10,151.9986677193745,172.7459377303146,pobre,0,3,625.0,559.0,1.0,45.0,9,111,8026,3,1.0
97,1.0,0.0,2.1359999,1.0,2.0,10,151.9986677193745,172.7459377303146,pobre,0,3,625.0,559.0,1.0,45.0,7,111,8027,2,1.0
98,1.0,0.0,2.1359999,1.0,3.0,10,151.9986677193745,172.7459377303146,pobre,0,3,625.0,559.0,1.0,45.0,8,111,8027,2,1.0
97,0.0,0.0,2.1359999,1.0,2.0,10,151.9986677193745,172.7459377303146,pobre,0,3,625.0,559.0,1.0,45.0,7,111,8028,2,1.0
98,0.0,0.0,2.1359999,1.0,3.0,10,151.9986677193745,172.7459377303146,pobre,0,3,625.0,559.0,1.0,45.0,8,111,8028,2,1.0
97,0.0,0.0,2.1359999,1.0,1.0,8,151.9986677193745,172.7459377303146,pobre,0,0,100.0,811.0,0.0,56.0,7,111,8029,1,1.0
98,0.0,0.0,2.1359999,,,8,151.9986677193745,172.7459377303146,pobre,0,0,100.0,811.0,0.0,56.0,8,111,8029,1,1.0
97,0.0,0.0,2.1359999,1.0,4.0,6,151.9986677193745,172.7459377303146,pobre,0,0,750.0,664.0,1.0,41.0,11,111,8030,4,1.0
98,0.0,0.0,2.1359999,1.0,5.0,6,151.9986677193745,172.7459377303146,pobre,0,0,750.0,664.0,1.0,41.0,12,111,8030,4,1.0
97,1.0,0.0,2.1359999,1.0,1.0,6,151.9986677193745,172.7459377303146,pobre,0,0,750.0,664.0,1.0,41.0,7,111,8031,1,1.0
98,1.0,0.0,2.1359999,1.0,2.0,6,151.9986677193745,172.7459377303146,pobre,0,0,750.0,664.0,1.0,41.0,8,111,8031,1,1.0
97,0.0,0.0,2.1359999,1.0,5.0,9,151.9986677193745,172.7459377303146,pobre,0,2,750.0,587.0,1.0,42.0,14,111,8032,5,1.0
98,0.0,0.0,2.1359999,0.0,6.0,9,151.9986677193745,172.7459377303146,pobre,0,2,750.0,587.0,1.0,42.0,15,111,8032,5,1.0
97,0.0,0.0,2.1359999,0.0,6.0,9,151.9986677193745,172.7459377303146,pobre,0,2,750.0,587.0,1.0,42.0,13,111,8033,6,0.0
98,0.0,0.0,2.1359999,0.0,6.0,9,151.9986677193745,172.7459377303146,pobre,0,2,750.0,587.0,1.0,42.0,14,111,8033,6,0.0
97,0.0,0.0,2.1359999,1.0,5.0,9,151.9986677193745,172.7459377303146,pobre,0,2,750.0,587.0,1.0,42.0,11,111,8034,5,1.0
98,0.0,0.0,2.1359999,1.0,6.0,9,151.9986677193745,172.7459377303146,pobre,0,2,750.0,587.0,1.0,42.0,12,111,8034,5,1.0
97,1.0,0.0,2.1359999,1.0,3.0,9,151.9986677193745,172.7459377303146,pobre,0,2,750.0,587.0,1.0,42.0,9,111,8035,3,1.0
98,1.0,0.0,2.1359999,1.0,4.0,9,151.9986677193745,172.7459377303146,pobre,0,2,750.0,587.0,1.0,42.0,10,111,8035,3,1.0
97,1.0,0.0,2.1359999,1.0,1.0,9,151.9986677193745,172.7459377303146,pobre,0,2,750.0,587.0,1.0,42.0,7,111,8036,1,1.0
98,1.0,0.0,2.1359999,1.0,2.0,9,151.9986677193745,172.7459377303146,pobre,0,2,750.0,587.0,1.0,42.0,8,111,8036,1,1.0
97,1.0,0.0,2.1359999,1.0,0.0,9,151.9986677193745,172.7459377303146,pobre,0,2,750.0,587.0,1.0,42.0,6,111,8037,0,1.0
98,1.0,0.0,2.1359999,1.0,1.0,9,151.9986677193745,172.7459377303146,pobre,0,2,750.0,587.0,1.0,42.0,7,111,8037,0,1.0
97,1.0,0.0,2.1359999,1.0,0.0,3,151.9986677193745,172.7459377303146,no pobre,0,0,120.0,874.0,1.0,59.0,6,111,8038,0,1.0
98,1.0,0.0,2.1359999,1.0,1.0,3,151.9986677193745,172.7459377303146,no pobre,0,0,120.0,874.0,1.0,59.0,7,111,8038,0,1.0
97,1.0,0.0,2.1359999,1.0,6.0,8,151.9986677193745,172.7459377303146,pobre,0,2,750.0,543.0,1.0,75.0,12,111,8039,6,1.0
98,1.0,0.0,2.1359999,1.0,7.0,8,151.9986677193745,172.7459377303146,pobre,0,2,750.0,543.0,1.0,75.0,13,111,8039,6,1.0
97,0.0,0.0,2.1359999,1.0,3.0,8,151.9986677193745,172.7459377303146,pobre,0,2,750.0,543.0,1.0,75.0,11,111,8040,3,1.0
98,0.0,0.0,2.1359999,1.0,4.0,8,151.9986677193745,172.7459377303146,pobre,0,2,750.0,543.0,1.0,75.0,12,111,8040,3,1.0
97,0.0,0.0,2.1359999,1.0,3.0,8,151.9986677193745,172.7459377303146,pobre,0,2,750.0,543.0,1.0,75.0,8,111,8041,3,1.0
98,0.0,0.0,2.1359999,1.0,4.0,8,151.9986677193745,172.7459377303146,pobre,0,2,750.0,543.0,1.0,75.0,9,111,8041,3,1.0
97,0.0,0.0,2.1359999,1.0,2.0,8,151.9986677193745,172.7459377303146,pobre,0,2,750.0,543.0,1.0,75.0,8,111,8042,2,1.0
98,0.0,0.0,2.1359999,1.0,3.0,8,151.9986677193745,172.7459377303146,pobre,0,2,750.0,543.0,1.0,75.0,9,111,8042,2,1.0
97,0.0,0.0,2.1359999,1.0,0.0,8,151.9986677193745,172.7459377303146,pobre,0,2,750.0,543.0,1.0,75.0,7,111,8043,0,1.0
98,0.0,0.0,2.1359999,1.0,2.0,8,151.9986677193745,172.7459377303146,pobre,0,2,750.0,543.0,1.0,75.0,8,111,8043,0,1.0
97,1.0,0.0,2.1359999,1.0,8.0,4,151.9986677193745,172.7459377303146,pobre,0,3,750.0,729.0,1.0,59.0,15,111,8044,8,1.0
98,1.0,0.0,2.1359999,0.0,9.0,4,151.9986677193745,172.7459377303146,pobre,0,3,750.0,729.0,1.0,59.0,16,111,8044,8,1.0
97,1.0,0.0,2.1359999,1.0,6.0,8,151.9986677193745,172.7459377303146,no pobre,0,2,750.0,951.0,1.0,47.0,12,111,8045,6,1.0
98,1.0,0.0,2.1359999,1.0,7.0,8,151.9986677193745,172.7459377303146,no pobre,0,2,750.0,951.0,1.0,47.0,13,111,8045,6,1.0
97,0.0,0.0,2.1359999,1.0,4.0,4,151.9986677193745,172.7459377303146,no pobre,0,6,1520.8334,997.0,1.0,70.0,10,111,8046,4,1.0
98,0.0,0.0,2.1359999,1.0,5.0,4,151.9986677193745,172.7459377303146,no pobre,0,6,1520.8334,997.0,1.0,70.0,11,111,8046,4,1.0
97,1.0,0.0,2.1359999,1.0,5.0,2,151.9986677193745,172.7459377303146,no pobre,0,2,600.0,831.0,0.0,52.0,12,111,8047,5,1.0
98,1.0,0.0,2.1359999,,,2,151.9986677193745,172.7459377303146,no pobre,0,2,600.0,831.0,0.0,52.0,13,111,8047,5,1.0
97,1.0,0.0,2.1359999,0.0,9.0,7,151.9986677193745,172.7459377303146,no pobre,0,5,750.0,1048.5,1.0,47.0,15,111,8048,9,0.0
98,1.0,0.0,2.1359999,0.0,9.0,7,151.9986677193745,172.7459377303146,no pobre,0,5,750.0,1048.5,1.0,47.0,16,111,8048,9,0.0
97,1.0,0.0,2.1359999,,0.0,7,151.9986677193745,172.7459377303146,no pobre,0,5,750.0,1048.5,1.0,47.0,11,111,8049,0,
98,1.0,0.0,2.1359999,,,7,151.9986677193745,172.7459377303146,no pobre,0,5,750.0,1048.5,1.0,47.0,12,111,8049,0,
97,0.0,0.0,2.1359999,1.0,7.0,7,151.9986677193745,172.7459377303146,pobre,0,5,750.0,658.0,1.0,52.0,14,111,8050,7,1.0
98,0.0,0.0,2.1359999,1.0,8.0,7,151.9986677193745,172.7459377303146,pobre,0,5,750.0,658.0,1.0,52.0,15,111,8050,7,1.0
97,0.0,0.0,2.1359999,1.0,3.0,7,151.9986677193745,172.7459377303146,pobre,0,5,750.0,658.0,1.0,52.0,9,111,8051,3,1.0
98,0.0,0.0,2.1359999,1.0,4.0,7,151.9986677193745,172.7459377303146,pobre,0,5,750.0,658.0,1.0,52.0,10,111,8051,3,1.0
97,1.0,0.0,2.1359999,1.0,1.0,7,151.9986677193745,172.7459377303146,pobre,0,5,750.0,658.0,1.0,52.0,7,111,8052,1,1.0
98,1.0,0.0,2.1359999,1.0,2.0,7,151.9986677193745,172.7459377303146,pobre,0,5,750.0,658.0,1.0,52.0,8,111,8052,1,1.0
97,0.0,0.0,2.1359999,1.0,0.0,7,151.9986677193745,172.7459377303146,pobre,0,5,750.0,658.0,1.0,52.0,6,111,8053,0,1.0
98,0.0,0.0,2.1359999,1.0,1.0,7,151.9986677193745,172.7459377303146,pobre,0,5,750.0,658.0,1.0,52.0,7,111,8053,0,1.0
97,0.0,0.0,2.1359999,0.0,3.0,6,151.9986677193745,172.7459377303146,no pobre,0,0,0.0,942.5,0.0,41.0,16,111,8054,3,0.0
98,0.0,0.0,2.1359999,,,6,151.9986677193745,172.7459377303146,no pobre,0,0,0.0,942.5,0.0,41.0,17,111,8054,3,0.0
97,1.0,0.0,2.1359999,1.0,5.0,6,151.9986677193745,172.7459377303146,no pobre,0,0,0.0,942.5,0.0,41.0,12,111,8055,5,1.0
98,1.0,0.0,2.1359999,1.0,6.0,6,151.9986677193745,172.7459377303146,no pobre,0,0,0.0,942.5,0.0,41.0,13,111,8055,5,1.0
97,1.0,0.0,2.1359999,1.0,4.0,6,151.9986677193745,172.7459377303146,no pobre,0,0,0.0,942.5,0.0,41.0,10,111,8056,4,1.0
98,1.0,0.0,2.1359999,1.0,5.0,6,151.9986677193745,172.7459377303146,no pobre,0,0,0.0,942.5,0.0,41.0,11,111,8056,4,1.0
97,0.0,0.0,2.1359999,1.0,6.0,3,151.9986677193745,172.7459377303146,no pobre,0,6,434.5238,821.0,0.0,29.0,12,111,8057,6,1.0
98,0.0,0.0,2.1359999,1.0,8.0,3,151.9986677193745,172.7459377303146,no pobre,0,6,434.5238,821.0,0.0,29.0,13,111,8057,6,1.0
97,1.0,0.0,2.1359999,1.0,2.0,3,151.9986677193745,172.7459377303146,no pobre,0,6,434.5238,821.0,0.0,29.0,8,111,8058,2,1.0
98,1.0,0.0,2.1359999,1.0,3.0,3,151.9986677193745,172.7459377303146,no pobre,0,6,434.5238,821.0,0.0,29.0,9,111,8058,2,1.0
97,0.0,0.0,2.1359999,0.0,6.0,8,151.9986677193745,172.7459377303146,pobre,0,2,750.0,631.0,1.0,47.0,13,111,8059,6,0.0
98,0.0,0.0,2.1359999,,,8,151.9986677193745,172.7459377303146,pobre,0,2,750.0,631.0,1.0,47.0,14,111,8059,6,0.0
97,0.0,0.0,2.1359999,1.0,4.0,8,151.9986677193745,172.7459377303146,pobre,0,2,750.0,631.0,1.0,47.0,10,111,8060,4,1.0
98,0.0,0.0,2.1359999,,,8,151.9986677193745,172.7459377303146,pobre,0,2,750.0,631.0,1.0,47.0,11,111,8060,4,1.0
97,0.0,0.0,2.1359999,1.0,2.0,8,151.9986677193745,172.7459377303146,pobre,0,2,750.0,631.0,1.0,47.0,8,111,8061,2,1.0
98,0.0,0.0,2.1359999,1.0,3.0,8,151.9986677193745,172.7459377303146,pobre,0,2,750.0,631.0,1.0,47.0,9,111,8061,2,1.0
97,1.0,0.0,2.1359999,1.0,1.0,8,151.9986677193745,172.7459377303146,pobre,0,2,750.0,631.0,1.0,47.0,6,111,8062,1,1.0
98,1.0,0.0,2.1359999,1.0,2.0,8,151.9986677193745,172.7459377303146,pobre,0,2,750.0,631.0,1.0,47.0,7,111,8062,1,1.0
97,1.0,0.0,2.1359999,1.0,3.0,5,151.9986677193745,172.7459377303146,pobre,0,6,750.0,662.0,1.0,37.0,8,111,8063,3,1.0
98,1.0,0.0,2.1359999,1.0,3.0,5,151.9986677193745,172.7459377303146,pobre,0,6,750.0,662.0,1.0,37.0,9,111,8063,3,1.0
97,1.0,0.0,2.1359999,1.0,2.0,5,151.9986677193745,172.7459377303146,pobre,0,6,750.0,662.0,1.0,37.0,7,111,8064,2,1.0
98,1.0,0.0,2.1359999,1.0,2.0,5,151.9986677193745,172.7459377303146,pobre,0,6,750.0,662.0,1.0,37.0,8,111,8064,2,1.0
97,1.0,0.0,2.1359999,1.0,6.0,8,151.9986677193745,172.7459377303146,pobre,0,6,1120.0,663.0,1.0,37.0,12,111,8065,6,1.0
98,1.0,0.0,2.1359999,1.0,7.0,8,151.9986677193745,172.7459377303146,pobre,0,6,1120.0,663.0,1.0,37.0,13,111,8065,6,1.0
97,1.0,0.0,2.1359999,1.0,5.0,8,151.9986677193745,172.7459377303146,pobre,0,6,1120.0,663.0,1.0,37.0,10,111,8066,5,1.0
98,1.0,0.0,2.1359999,1.0,5.0,8,151.9986677193745,172.7459377303146,pobre,0,6,1120.0,663.0,1.0,37.0,11,111,8066,5,1.0
97,1.0,0.0,2.1359999,1.0,3.0,8,151.9986677193745,172.7459377303146,pobre,0,6,1120.0,663.0,1.0,37.0,8,111,8067,3,1.0
98,1.0,0.0,2.1359999,1.0,3.0,8,151.9986677193745,172.7459377303146,pobre,0,6,1120.0,663.0,1.0,37.0,9,111,8067,3,1.0
97,1.0,0.0,2.1359999,0.0,6.0,4,151.9986677193745,172.7459377303146,pobre,0,3,120.0,758.0,0.0,37.0,15,111,8068,6,0.0
98,1.0,0.0,2.1359999,0.0,6.0,4,151.9986677193745,172.7459377303146,pobre,0,3,120.0,758.0,0.0,37.0,16,111,8068,6,0.0
97,0.0,0.0,2.1359999,1.0,5.0,4,151.9986677193745,172.7459377303146,pobre,0,3,120.0,758.0,0.0,37.0,12,111,8069,5,1.0
98,0.0,0.0,2.1359999,1.0,6.0,4,151.9986677193745,172.7459377303146,pobre,0,3,120.0,758.0,0.0,37.0,13,111,8069,5,1.0
97,1.0,0.0,2.1359999,1.0,4.0,4,151.9986677193745,172.7459377303146,pobre,0,3,120.0,758.0,0.0,37.0,9,111,8070,4,1.0
98,1.0,0.0,2.1359999,1.0,4.0,4,151.9986677193745,172.7459377303146,pobre,0,3,120.0,758.0,0.0,37.0,10,111,8070,4,1.0
97,0.0,0.0,2.1359999,1.0,6.0,2,151.9986677193745,172.7459377303146,pobre,0,0,120.0,810.0,0.0,45.0,11,111,8071,6,1.0
98,0.0,0.0,2.1359999,1.0,6.0,2,151.9986677193745,172.7459377303146,pobre,0,0,120.0,810.0,0.0,45.0,12,111,8071,6,1.0
97,1.0,0.0,2.1359999,0.0,6.0,6,151.9986677193745,172.7459377303146,no pobre,0,0,750.0,856.0,1.0,63.0,16,111,8072,6,0.0
98,1.0,0.0,2.1359999,,,6,151.9986677193745,172.7459377303146,no pobre,0,0,750.0,856.0,1.0,63.0,17,111,8072,6,0.0
97,1.0,0.0,2.1359999,0.0,6.0,6,151.9986677193745,172.7459377303146,no pobre,0,0,750.0,856.0,1.0,63.0,16,111,8073,6,0.0
98,1.0,0.0,2.1359999,,,6,151.9986677193745,172.7459377303146,no pobre,0,0,750.0,856.0,1.0,63.0,17,111,8073,6,0.0
97,1.0,0.0,2.1359999,1.0,8.0,5,151.9986677193745,172.7459377303146,pobre,0,0,625.0,682.0,0.0,70.0,13,111,8074,8,1.0
98,1.0,0.0,2.1359999,1.0,3.0,5,151.9986677193745,172.7459377303146,pobre,0,0,625.0,682.0,0.0,70.0,14,111,8074,8,1.0
97,1.0,0.0,2.1359999,1.0,6.0,5,151.9986677193745,172.7459377303146,pobre,0,0,625.0,682.0,0.0,70.0,11,111,8075,6,1.0
98,1.0,0.0,2.1359999,1.0,6.0,5,151.9986677193745,172.7459377303146,pobre,0,0,625.0,682.0,0.0,70.0,12,111,8075,6,1.0
97,1.0,0.0,2.1359999,1.0,4.0,5,151.9986677193745,172.7459377303146,pobre,0,0,625.0,682.0,0.0,70.0,9,111,8076,4,1.0
98,1.0,0.0,2.1359999,1.0,4.0,5,151.9986677193745,172.7459377303146,pobre,0,0,625.0,682.0,0.0,70.0,10,111,8076,4,1.0
97,0.0,0.0,2.1359999,1.0,2.0,5,151.9986677193745,172.7459377303146,pobre,0,0,625.0,682.0,0.0,70.0,7,111,8077,2,1.0
98,0.0,0.0,2.1359999,1.0,2.0,5,151.9986677193745,172.7459377303146,pobre,0,0,625.0,682.0,0.0,70.0,8,111,8077,2,1.0
97,1.0,0.0,2.1359999,1.0,7.0,8,151.9986677193745,172.7459377303146,pobre,0,0,750.0,537.0,1.0,56.0,13,111,8078,7,1.0
98,1.0,0.0,2.1359999,1.0,8.0,8,151.9986677193745,172.7459377303146,pobre,0,0,750.0,537.0,1.0,56.0,14,111,8078,7,1.0
97,0.0,0.0,2.1359999,1.0,6.0,8,151.9986677193745,172.7459377303146,pobre,0,0,750.0,537.0,1.0,56.0,11,111,8079,6,1.0
98,0.0,0.0,2.1359999,1.0,6.0,8,151.9986677193745,172.7459377303146,pobre,0,0,750.0,537.0,1.0,56.0,12,111,8079,6,1.0
97,0.0,0.0,2.1359999,1.0,4.0,8,151.9986677193745,172.7459377303146,pobre,0,0,750.0,537.0,1.0,56.0,9,111,8080,4,1.0
98,0.0,0.0,2.1359999,1.0,4.0,8,151.9986677193745,172.7459377303146,pobre,0,0,750.0,537.0,1.0,56.0,10,111,8080,4,1.0
97,0.0,0.0,2.1359999,1.0,2.0,8,151.9986677193745,172.7459377303146,pobre,0,0,750.0,537.0,1.0,56.0,7,111,8081,2,1.0
98,0.0,0.0,2.1359999,1.0,2.0,8,151.9986677193745,172.7459377303146,pobre,0,0,750.0,537.0,1.0,56.0,8,111,8081,2,1.0
97,0.0,0.0,2.1359999,1.0,3.0,5,151.9986677193745,172.7459377303146,pobre,0,6,1000.0,843.0,0.0,30.0,8,111,8082,3,1.0
98,0.0,0.0,2.1359999,,,5,151.9986677193745,172.7459377303146,pobre,0,6,1000.0,843.0,0.0,30.0,9,111,8082,3,1.0
97,0.0,0.0,2.1359999,1.0,1.0,5,151.9986677193745,172.7459377303146,pobre,0,6,1000.0,843.0,0.0,30.0,6,111,8083,1,1.0
98,0.0,0.0,2.1359999,,,5,151.9986677193745,172.7459377303146,pobre,0,6,1000.0,843.0,0.0,30.0,7,111,8083,1,1.0
97,0.0,0.0,2.1359999,1.0,3.0,3,151.9986677193745,172.7459377303146,no pobre,0,6,625.0,785.0,1.0,31.0,8,111,8084,3,1.0
98,0.0,0.0,2.1359999,1.0,4.0,3,151.9986677193745,172.7459377303146,no pobre,0,6,625.0,785.0,1.0,31.0,9,111,8084,3,1.0
97,0.0,0.0,2.1359999,1.0,1.0,3,151.9986677193745,172.7459377303146,pobre,0,3,0.0,713.0,1.0,70.0,6,111,8085,1,1.0
98,0.0,0.0,2.1359999,1.0,1.0,3,151.9986677193745,172.7459377303146,pobre,0,3,0.0,713.0,1.0,70.0,7,111,8085,1,1.0
97,0.0,0.0,2.1359999,1.0,8.0,8,151.9986677193745,172.7459377303146,pobre,0,0,750.0,709.0,1.0,56.0,15,111,8086,8,1.0
98,0.0,0.0,2.1359999,,,8,151.9986677193745,172.7459377303146,pobre,0,0,750.0,709.0,1.0,56.0,16,111,8086,8,1.0
97,1.0,0.0,2.1359999,0.0,6.0,8,151.9986677193745,172.7459377303146,pobre,0,0,750.0,709.0,1.0,56.0,12,111,8087,6,0.0
98,1.0,0.0,2.1359999,,,8,151.9986677193745,172.7459377303146,pobre,0,0,750.0,709.0,1.0,56.0,13,111,8087,6,0.0
97,0.0,0.0,2.1359999,1.0,8.0,5,151.9986677193745,172.7459377303146,pobre,0,2,0.0,798.0,0.0,42.0,15,111,8088,8,1.0
98,0.0,0.0,2.1359999,0.0,9.0,5,151.9986677193745,172.7459377303146,pobre,0,2,0.0,798.0,0.0,42.0,16,111,8088,8,1.0
97,0.0,0.0,2.1359999,1.0,5.0,5,151.9986677193745,172.7459377303146,pobre,0,2,0.0,798.0,0.0,42.0,10,111,8089,5,1.0
98,0.0,0.0,2.1359999,1.0,6.0,5,151.9986677193745,172.7459377303146,pobre,0,2,0.0,798.0,0.0,42.0,11,111,8089,5,1.0
97,1.0,0.0,2.1359999,0.0,6.0,5,151.9986677193745,172.7459377303146,no pobre,0,4,66.666664,911.5,1.0,59.0,15,111,8090,6,0.0
98,1.0,0.0,2.1359999,0.0,6.0,5,151.9986677193745,172.7459377303146,no pobre,0,4,66.666664,911.5,1.0,59.0,16,111,8090,6,0.0
97,1.0,0.0,2.1359999,1.0,0.0,5,151.9986677193745,172.7459377303146,no pobre,0,4,66.666664,911.5,1.0,59.0,7,111,8091,0,1.0
98,1.0,0.0,2.1359999,1.0,1.0,5,151.9986677193745,172.7459377303146,no pobre,0,4,66.666664,911.5,1.0,59.0,8,111,8091,0,1.0
97,1.0,0.0,2.1359999,1.0,5.0,8,151.9986677193745,172.7459377303146,pobre,0,3,750.0,591.0,1.0,41.0,10,111,8092,5,1.0
98,1.0,0.0,2.1359999,,,8,151.9986677193745,172.7459377303146,pobre,0,3,750.0,591.0,1.0,41.0,11,111,8092,5,1.0
97,1.0,0.0,2.1359999,1.0,4.0,8,151.9986677193745,172.7459377303146,pobre,0,3,750.0,591.0,1.0,41.0,9,111,8093,4,1.0
98,1.0,0.0,2.1359999,,,8,151.9986677193745,172.7459377303146,pobre,0,3,750.0,591.0,1.0,41.0,10,111,8093,4,1.0
97,0.0,0.0,2.1359999,1.0,1.0,8,151.9986677193745,172.7459377303146,pobre,0,3,750.0,591.0,1.0,41.0,6,111,8094,1,1.0
98,0.0,0.0,2.1359999,,,8,151.9986677193745,172.7459377303146,pobre,0,3,750.0,591.0,1.0,41.0,7,111,8094,1,1.0
97,0.0,0.0,2.1359999,0.0,2.0,4,151.9986677193745,172.7459377303146,pobre,0,2,750.0,698.0,1.0,32.0,16,111,8095,2,0.0
98,0.0,0.0,2.1359999,,,4,151.9986677193745,172.7459377303146,pobre,0,2,750.0,698.0,1.0,32.0,17,111,8095,2,0.0
97,0.0,0.0,2.1359999,1.0,2.0,5,151.9986677193745,172.7459377303146,pobre,0,6,750.0,661.0,1.0,30.0,8,111,8096,2,1.0
98,0.0,0.0,2.1359999,,,5,151.9986677193745,172.7459377303146,pobre,0,6,750.0,661.0,1.0,30.0,9,111,8096,2,1.0
97,1.0,0.0,1.869,0.0,9.0,10,155.2978263123193,204.0260655770273,no pobre,0,0,500.0,813.0,1.0,51.0,16,86,8097,9,0.0
98,1.0,0.0,1.869,,,10,155.2978263123193,204.0260655770273,no pobre,0,0,500.0,813.0,1.0,51.0,17,86,8097,9,0.0
97,1.0,0.0,1.869,1.0,7.0,10,155.2978263123193,204.0260655770273,no pobre,0,0,500.0,813.0,1.0,51.0,14,86,8098,7,1.0
98,1.0,0.0,1.869,0.0,7.0,10,155.2978263123193,204.0260655770273,no pobre,0,0,500.0,813.0,1.0,51.0,15,86,8098,7,1.0
97,1.0,0.0,1.869,1.0,7.0,10,155.2978263123193,204.0260655770273,no pobre,0,0,500.0,813.0,1.0,51.0,14,86,8099,7,1.0
98,1.0,0.0,1.869,1.0,8.0,10,155.2978263123193,204.0260655770273,no pobre,0,0,500.0,813.0,1.0,51.0,15,86,8099,7,1.0
97,0.0,0.0,1.869,1.0,6.0,10,155.2978263123193,204.0260655770273,no pobre,0,0,500.0,813.0,1.0,51.0,12,86,8100,6,1.0
98,0.0,0.0,1.869,0.0,6.0,10,155.2978263123193,204.0260655770273,no pobre,0,0,500.0,813.0,1.0,51.0,13,86,8100,6,1.0
97,1.0,0.0,1.869,1.0,3.0,10,155.2978263123193,204.0260655770273,no pobre,0,0,500.0,813.0,1.0,51.0,9,86,8101,3,1.0
98,1.0,0.0,1.869,1.0,4.0,10,155.2978263123193,204.0260655770273,no pobre,0,0,500.0,813.0,1.0,51.0,10,86,8101,3,1.0
97,1.0,0.0,1.869,1.0,1.0,10,155.2978263123193,204.0260655770273,no pobre,0,0,500.0,813.0,1.0,51.0,8,86,8102,1,1.0
98,1.0,0.0,1.869,1.0,3.0,10,155.2978263123193,204.0260655770273,no pobre,0,0,500.0,813.0,1.0,51.0,9,86,8102,1,1.0
97,1.0,0.0,1.869,0.0,6.0,7,155.2978263123193,204.0260655770273,pobre,0,2,625.0,783.62,1.0,54.0,16,86,8103,6,0.0
98,1.0,0.0,1.869,,,7,155.2978263123193,204.0260655770273,pobre,0,2,625.0,783.62,1.0,54.0,17,86,8103,6,0.0
97,1.0,0.0,1.869,1.0,5.0,7,155.2978263123193,204.0260655770273,pobre,0,2,625.0,783.62,1.0,54.0,12,86,8104,5,1.0
98,1.0,0.0,1.869,0.0,6.0,7,155.2978263123193,204.0260655770273,pobre,0,2,625.0,783.62,1.0,54.0,13,86,8104,5,1.0
97,1.0,0.0,1.869,1.0,4.0,7,155.2978263123193,204.0260655770273,pobre,0,2,625.0,783.62,1.0,54.0,10,86,8105,4,1.0
98,1.0,0.0,1.869,1.0,5.0,7,155.2978263123193,204.0260655770273,pobre,0,2,625.0,783.62,1.0,54.0,11,86,8105,4,1.0
97,1.0,0.0,1.869,1.0,1.0,7,155.2978263123193,204.0260655770273,pobre,0,2,625.0,783.62,1.0,54.0,8,86,8106,1,1.0
98,1.0,0.0,1.869,1.0,2.0,7,155.2978263123193,204.0260655770273,pobre,0,2,625.0,783.62,1.0,54.0,9,86,8106,1,1.0
97,1.0,0.0,1.869,0.0,6.0,8,155.2978263123193,204.0260655770273,no pobre,0,4,500.0,869.0,1.0,39.0,16,86,8107,6,0.0
98,1.0,0.0,1.869,,,8,155.2978263123193,204.0260655770273,no pobre,0,4,500.0,869.0,1.0,39.0,17,86,8107,6,0.0
97,1.0,0.0,1.869,1.0,3.0,8,155.2978263123193,204.0260655770273,no pobre,0,4,500.0,869.0,1.0,39.0,13,86,8108,3,1.0
98,1.0,0.0,1.869,,,8,155.2978263123193,204.0260655770273,no pobre,0,4,500.0,869.0,1.0,39.0,14,86,8108,3,1.0
97,0.0,0.0,1.869,1.0,1.0,8,155.2978263123193,204.0260655770273,no pobre,0,4,500.0,869.0,1.0,39.0,6,86,8109,1,1.0
98,0.0,0.0,1.869,1.0,2.0,8,155.2978263123193,204.0260655770273,no pobre,0,4,500.0,869.0,1.0,39.0,7,86,8109,1,1.0
97,1.0,0.0,1.869,0.0,6.0,8,155.2978263123193,204.0260655770273,pobre,0,0,500.0,738.0,1.0,57.0,16,86,8110,6,0.0
98,1.0,0.0,1.869,,,8,155.2978263123193,204.0260655770273,pobre,0,0,500.0,738.0,1.0,57.0,17,86,8110,6,0.0
97,1.0,0.0,1.869,1.0,5.0,8,155.2978263123193,204.0260655770273,pobre,0,0,500.0,738.0,1.0,57.0,14,86,8111,5,1.0
98,1.0,0.0,1.869,1.0,5.0,8,155.2978263123193,204.0260655770273,pobre,0,0,500.0,738.0,1.0,57.0,15,86,8111,5,1.0
97,0.0,0.0,1.869,1.0,4.0,8,155.2978263123193,204.0260655770273,pobre,0,0,500.0,738.0,1.0,57.0,9,86,8112,4,1.0
98,0.0,0.0,1.869,1.0,5.0,8,155.2978263123193,204.0260655770273,pobre,0,0,500.0,738.0,1.0,57.0,10,86,8112,4,1.0
97,0.0,0.0,1.869,1.0,1.0,8,155.2978263123193,204.0260655770273,pobre,0,0,500.0,738.0,1.0,57.0,6,86,8113,1,1.0
98,0.0,0.0,1.869,1.0,0.0,8,155.2978263123193,204.0260655770273,pobre,0,0,500.0,738.0,1.0,57.0,7,86,8113,1,1.0
97,0.0,0.0,1.869,1.0,5.0,9,155.2978263123193,204.0260655770273,no pobre,0,8,625.0,769.0,1.0,28.0,13,86,8114,5,1.0
98,0.0,0.0,1.869,1.0,6.0,9,155.2978263123193,204.0260655770273,no pobre,0,8,625.0,769.0,1.0,28.0,14,86,8114,5,1.0
97,0.0,0.0,1.869,1.0,5.0,9,155.2978263123193,204.0260655770273,no pobre,0,8,625.0,769.0,1.0,28.0,11,86,8115,5,1.0
98,0.0,0.0,1.869,1.0,6.0,9,155.2978263123193,204.0260655770273,no pobre,0,8,625.0,769.0,1.0,28.0,12,86,8115,5,1.0
97,1.0,0.0,1.869,1.0,3.0,9,155.2978263123193,204.0260655770273,no pobre,0,8,625.0,769.0,1.0,28.0,9,86,8116,3,1.0
98,1.0,0.0,1.869,1.0,4.0,9,155.2978263123193,204.0260655770273,no pobre,0,8,625.0,769.0,1.0,28.0,10,86,8116,3,1.0
97,1.0,0.0,1.869,1.0,1.0,9,155.2978263123193,204.0260655770273,no pobre,0,8,625.0,769.0,1.0,28.0,7,86,8117,1,1.0
98,1.0,0.0,1.869,1.0,2.0,9,155.2978263123193,204.0260655770273,no pobre,0,8,625.0,769.0,1.0,28.0,8,86,8117,1,1.0
97,0.0,0.0,1.869,0.0,6.0,6,155.2978263123193,204.0260655770273,pobre,0,2,500.0,792.0,1.0,49.0,15,86,8118,6,0.0
98,0.0,0.0,1.869,0.0,6.0,6,155.2978263123193,204.0260655770273,pobre,0,2,500.0,792.0,1.0,49.0,16,86,8118,6,0.0
97,1.0,0.0,1.869,1.0,5.0,6,155.2978263123193,204.0260655770273,pobre,0,2,500.0,792.0,1.0,49.0,11,86,8119,5,1.0
98,1.0,0.0,1.869,1.0,6.0,6,155.2978263123193,204.0260655770273,pobre,0,2,500.0,792.0,1.0,49.0,12,86,8119,5,1.0
97,0.0,0.0,1.869,1.0,2.0,6,155.2978263123193,204.0260655770273,pobre,0,2,500.0,792.0,1.0,49.0,7,86,8120,2,1.0
98,0.0,0.0,1.869,1.0,3.0,6,155.2978263123193,204.0260655770273,pobre,0,2,500.0,792.0,1.0,49.0,8,86,8120,2,1.0
97,1.0,0.0,1.869,1.0,2.0,7,155.2978263123193,204.0260655770273,pobre,0,6,500.0,624.0,1.0,32.0,8,86,8121,2,1.0
98,1.0,0.0,1.869,1.0,3.0,7,155.2978263123193,204.0260655770273,pobre,0,6,500.0,624.0,1.0,32.0,9,86,8121,2,1.0
97,1.0,0.0,1.869,1.0,1.0,7,155.2978263123193,204.0260655770273,pobre,0,6,500.0,624.0,1.0,32.0,7,86,8122,1,1.0
98,1.0,0.0,1.869,1.0,2.0,7,155.2978263123193,204.0260655770273,pobre,0,6,500.0,624.0,1.0,32.0,8,86,8122,1,1.0
97,0.0,0.0,1.869,1.0,5.0,9,155.2978263123193,204.0260655770273,pobre,0,3,500.0,705.0,1.0,35.0,13,86,8123,5,1.0
98,0.0,0.0,1.869,0.0,6.0,9,155.2978263123193,204.0260655770273,pobre,0,3,500.0,705.0,1.0,35.0,14,86,8123,5,1.0
97,0.0,0.0,1.869,1.0,3.0,9,155.2978263123193,204.0260655770273,pobre,0,3,500.0,705.0,1.0,35.0,12,86,8124,3,1.0
98,0.0,0.0,1.869,1.0,4.0,9,155.2978263123193,204.0260655770273,pobre,0,3,500.0,705.0,1.0,35.0,13,86,8124,3,1.0
97,0.0,0.0,1.869,1.0,2.0,9,155.2978263123193,204.0260655770273,pobre,0,3,500.0,705.0,1.0,35.0,10,86,8125,2,1.0
98,0.0,0.0,1.869,1.0,3.0,9,155.2978263123193,204.0260655770273,pobre,0,3,500.0,705.0,1.0,35.0,11,86,8125,2,1.0
97,1.0,0.0,1.869,1.0,2.0,9,155.2978263123193,204.0260655770273,pobre,0,3,500.0,705.0,1.0,35.0,8,86,8126,2,1.0
98,1.0,0.0,1.869,1.0,3.0,9,155.2978263123193,204.0260655770273,pobre,0,3,500.0,705.0,1.0,35.0,9,86,8126,2,1.0
97,1.0,0.0,1.869,0.0,6.0,8,155.2978263123193,204.0260655770273,pobre,0,0,500.0,679.0,1.0,63.0,15,86,8127,6,0.0
98,1.0,0.0,1.869,,,8,155.2978263123193,204.0260655770273,pobre,0,0,500.0,679.0,1.0,63.0,16,86,8127,6,0.0
97,0.0,0.0,1.869,1.0,3.0,8,155.2978263123193,204.0260655770273,pobre,0,0,500.0,679.0,1.0,63.0,9,86,8128,3,1.0
98,0.0,0.0,1.869,1.0,4.0,8,155.2978263123193,204.0260655770273,pobre,0,0,500.0,679.0,1.0,63.0,10,86,8128,3,1.0
97,1.0,0.0,1.869,1.0,2.0,8,155.2978263123193,204.0260655770273,pobre,0,0,500.0,679.0,1.0,63.0,7,86,8129,2,1.0
98,1.0,0.0,1.869,1.0,2.0,8,155.2978263123193,204.0260655770273,pobre,0,0,500.0,679.0,1.0,63.0,8,86,8129,2,1.0
97,0.0,0.0,1.869,1.0,3.0,6,155.2978263123193,204.0260655770273,pobre,0,6,500.0,794.0,1.0,30.0,9,86,8130,3,1.0
98,0.0,0.0,1.869,1.0,3.0,6,155.2978263123193,204.0260655770273,pobre,0,6,500.0,794.0,1.0,30.0,10,86,8130,3,1.0
97,0.0,0.0,1.869,1.0,1.0,6,155.2978263123193,204.0260655770273,pobre,0,6,500.0,794.0,1.0,30.0,6,86,8131,1,1.0
98,0.0,0.0,1.869,1.0,1.0,6,155.2978263123193,204.0260655770273,pobre,0,6,500.0,794.0,1.0,30.0,7,86,8131,1,1.0
97,1.0,0.0,1.869,1.0,4.0,5,155.2978263123193,204.0260655770273,pobre,0,0,500.0,796.5,1.0,54.0,13,86,8132,4,1.0
98,1.0,0.0,1.869,1.0,5.0,5,155.2978263123193,204.0260655770273,pobre,0,0,500.0,796.5,1.0,54.0,14,86,8132,4,1.0
97,0.0,0.0,1.869,0.0,6.0,10,155.2978263123193,204.0260655770273,pobre,0,0,500.0,656.0,1.0,57.0,16,86,8133,6,0.0
98,0.0,0.0,1.869,,,10,155.2978263123193,204.0260655770273,pobre,0,0,500.0,656.0,1.0,57.0,17,86,8133,6,0.0
97,1.0,0.0,1.869,1.0,5.0,10,155.2978263123193,204.0260655770273,pobre,0,0,500.0,656.0,1.0,57.0,14,86,8134,5,1.0
98,1.0,0.0,1.869,,,10,155.2978263123193,204.0260655770273,pobre,0,0,500.0,656.0,1.0,57.0,15,86,8134,5,1.0
97,1.0,0.0,1.869,1.0,4.0,10,155.2978263123193,204.0260655770273,pobre,0,0,500.0,656.0,1.0,57.0,10,86,8135,4,1.0
98,1.0,0.0,1.869,,,10,155.2978263123193,204.0260655770273,pobre,0,0,500.0,656.0,1.0,57.0,11,86,8135,4,1.0
97,1.0,0.0,1.869,0.0,5.0,10,155.2978263123193,204.0260655770273,pobre,0,0,500.0,656.0,1.0,57.0,10,86,8136,5,0.0
98,1.0,0.0,1.869,1.0,5.0,10,155.2978263123193,204.0260655770273,pobre,0,0,500.0,656.0,1.0,57.0,11,86,8136,5,0.0
97,0.0,0.0,1.869,1.0,1.0,10,155.2978263123193,204.0260655770273,pobre,0,0,500.0,656.0,1.0,57.0,7,86,8137,1,1.0
98,0.0,0.0,1.869,1.0,0.0,10,155.2978263123193,204.0260655770273,pobre,0,0,500.0,656.0,1.0,57.0,8,86,8137,1,1.0
97,0.0,0.0,1.869,1.0,1.0,10,155.2978263123193,204.0260655770273,pobre,0,0,500.0,656.0,1.0,57.0,7,86,8138,1,1.0
98,0.0,0.0,1.869,1.0,2.0,10,155.2978263123193,204.0260655770273,pobre,0,0,500.0,656.0,1.0,57.0,8,86,8138,1,1.0
97,1.0,0.0,1.869,1.0,1.0,10,155.2978263123193,204.0260655770273,pobre,0,0,500.0,656.0,1.0,57.0,6,86,8139,1,1.0
98,1.0,0.0,1.869,,,10,155.2978263123193,204.0260655770273,pobre,0,0,500.0,656.0,1.0,57.0,7,86,8139,1,1.0
97,0.0,0.0,1.869,1.0,4.0,6,155.2978263123193,204.0260655770273,pobre,0,6,625.0,647.0,1.0,31.0,10,86,8140,4,1.0
98,0.0,0.0,1.869,1.0,5.0,6,155.2978263123193,204.0260655770273,pobre,0,6,625.0,647.0,1.0,31.0,11,86,8140,4,1.0
97,1.0,0.0,1.869,1.0,2.0,6,155.2978263123193,204.0260655770273,pobre,0,6,625.0,647.0,1.0,31.0,9,86,8141,2,1.0
98,1.0,0.0,1.869,1.0,3.0,6,155.2978263123193,204.0260655770273,pobre,0,6,625.0,647.0,1.0,31.0,10,86,8141,2,1.0
97,1.0,0.0,1.869,1.0,1.0,6,155.2978263123193,204.0260655770273,pobre,0,6,625.0,647.0,1.0,31.0,7,86,8142,1,1.0
98,1.0,0.0,1.869,1.0,2.0,6,155.2978263123193,204.0260655770273,pobre,0,6,625.0,647.0,1.0,31.0,8,86,8142,1,1.0
97,1.0,0.0,1.869,1.0,1.0,5,155.2978263123193,204.0260655770273,pobre,0,6,500.0,710.0,1.0,24.0,7,86,8143,1,1.0
98,1.0,0.0,1.869,1.0,2.0,5,155.2978263123193,204.0260655770273,pobre,0,6,500.0,710.0,1.0,24.0,8,86,8143,1,1.0
97,0.0,0.0,1.869,0.0,6.0,7,155.2978263123193,204.0260655770273,pobre,0,0,500.0,722.5,1.0,44.0,15,86,8144,6,0.0
98,0.0,0.0,1.869,,,7,155.2978263123193,204.0260655770273,pobre,0,0,500.0,722.5,1.0,44.0,16,86,8144,6,0.0
97,1.0,0.0,1.869,1.0,4.0,7,155.2978263123193,204.0260655770273,pobre,0,0,500.0,722.5,1.0,44.0,13,86,8145,4,1.0
98,1.0,0.0,1.869,1.0,5.0,7,155.2978263123193,204.0260655770273,pobre,0,0,500.0,722.5,1.0,44.0,14,86,8145,4,1.0
97,0.0,0.0,1.869,1.0,3.0,7,155.2978263123193,204.0260655770273,pobre,0,0,500.0,722.5,1.0,44.0,10,86,8146,3,1.0
98,0.0,0.0,1.869,1.0,4.0,7,155.2978263123193,204.0260655770273,pobre,0,0,500.0,722.5,1.0,44.0,11,86,8146,3,1.0
97,0.0,0.0,1.869,0.0,6.0,9,155.2978263123193,204.0260655770273,pobre,0,2,625.0,551.0,1.0,38.0,16,86,8147,6,0.0
98,0.0,0.0,1.869,,,9,155.2978263123193,204.0260655770273,pobre,0,2,625.0,551.0,1.0,38.0,17,86,8147,6,0.0
97,1.0,0.0,1.869,1.0,5.0,9,155.2978263123193,204.0260655770273,pobre,0,2,625.0,551.0,1.0,38.0,12,86,8148,5,1.0
98,1.0,0.0,1.869,1.0,6.0,9,155.2978263123193,204.0260655770273,pobre,0,2,625.0,551.0,1.0,38.0,13,86,8148,5,1.0
97,0.0,0.0,1.869,1.0,2.0,9,155.2978263123193,204.0260655770273,pobre,0,2,625.0,551.0,1.0,38.0,10,86,8149,2,1.0
98,0.0,0.0,1.869,1.0,3.0,9,155.2978263123193,204.0260655770273,pobre,0,2,625.0,551.0,1.0,38.0,11,86,8149,2,1.0
97,1.0,0.0,1.869,1.0,2.0,9,155.2978263123193,204.0260655770273,pobre,0,2,625.0,551.0,1.0,38.0,8,86,8150,2,1.0
98,1.0,0.0,1.869,1.0,3.0,9,155.2978263123193,204.0260655770273,pobre,0,2,625.0,551.0,1.0,38.0,9,86,8150,2,1.0
97,0.0,0.0,1.869,0.0,6.0,10,155.2978263123193,204.0260655770273,pobre,0,2,500.0,538.0,1.0,43.0,15,86,8151,6,0.0
98,0.0,0.0,1.869,0.0,6.0,10,155.2978263123193,204.0260655770273,pobre,0,2,500.0,538.0,1.0,43.0,16,86,8151,6,0.0
97,1.0,0.0,1.869,0.0,6.0,10,155.2978263123193,204.0260655770273,pobre,0,2,500.0,538.0,1.0,43.0,12,86,8152,6,0.0
98,1.0,0.0,1.869,0.0,6.0,10,155.2978263123193,204.0260655770273,pobre,0,2,500.0,538.0,1.0,43.0,13,86,8152,6,0.0
97,1.0,0.0,1.869,1.0,2.0,10,155.2978263123193,204.0260655770273,pobre,0,2,500.0,538.0,1.0,43.0,10,86,8153,2,1.0
98,1.0,0.0,1.869,1.0,3.0,10,155.2978263123193,204.0260655770273,pobre,0,2,500.0,538.0,1.0,43.0,11,86,8153,2,1.0
97,1.0,0.0,1.869,1.0,1.0,10,155.2978263123193,204.0260655770273,pobre,0,2,500.0,538.0,1.0,43.0,8,86,8154,1,1.0
98,1.0,0.0,1.869,1.0,2.0,10,155.2978263123193,204.0260655770273,pobre,0,2,500.0,538.0,1.0,43.0,9,86,8154,1,1.0
97,0.0,0.0,1.869,0.0,5.0,13,155.2978263123193,204.0260655770273,pobre,0,3,625.0,557.0,1.0,37.0,15,86,8155,5,0.0
98,0.0,0.0,1.869,0.0,5.0,13,155.2978263123193,204.0260655770273,pobre,0,3,625.0,557.0,1.0,37.0,16,86,8155,5,0.0
97,1.0,0.0,1.869,1.0,5.0,13,155.2978263123193,204.0260655770273,pobre,0,3,625.0,557.0,1.0,37.0,12,86,8156,5,1.0
98,1.0,0.0,1.869,1.0,5.0,13,155.2978263123193,204.0260655770273,pobre,0,3,625.0,557.0,1.0,37.0,13,86,8156,5,1.0
97,1.0,0.0,1.869,1.0,4.0,13,155.2978263123193,204.0260655770273,pobre,0,3,625.0,557.0,1.0,37.0,10,86,8157,4,1.0
98,1.0,0.0,1.869,1.0,4.0,13,155.2978263123193,204.0260655770273,pobre,0,3,625.0,557.0,1.0,37.0,11,86,8157,4,1.0
97,0.0,0.0,1.869,1.0,3.0,13,155.2978263123193,204.0260655770273,pobre,0,3,625.0,557.0,1.0,37.0,8,86,8158,3,1.0
98,0.0,0.0,1.869,1.0,3.0,13,155.2978263123193,204.0260655770273,pobre,0,3,625.0,557.0,1.0,37.0,9,86,8158,3,1.0
97,1.0,0.0,1.869,1.0,2.0,13,155.2978263123193,204.0260655770273,pobre,0,3,625.0,557.0,1.0,37.0,7,86,8159,2,1.0
98,1.0,0.0,1.869,1.0,2.0,13,155.2978263123193,204.0260655770273,pobre,0,3,625.0,557.0,1.0,37.0,8,86,8159,2,1.0
97,1.0,0.0,1.869,1.0,5.0,9,155.2978263123193,204.0260655770273,pobre,0,5,500.0,493.0,1.0,29.0,11,86,8160,5,1.0
98,1.0,0.0,1.869,1.0,6.0,9,155.2978263123193,204.0260655770273,pobre,0,5,500.0,493.0,1.0,29.0,12,86,8160,5,1.0
97,0.0,0.0,1.869,1.0,1.0,9,155.2978263123193,204.0260655770273,pobre,0,5,500.0,493.0,1.0,29.0,9,86,8161,1,1.0
98,0.0,0.0,1.869,1.0,2.0,9,155.2978263123193,204.0260655770273,pobre,0,5,500.0,493.0,1.0,29.0,10,86,8161,1,1.0
97,1.0,0.0,1.869,1.0,1.0,9,155.2978263123193,204.0260655770273,pobre,0,5,500.0,493.0,1.0,29.0,7,86,8162,1,1.0
98,1.0,0.0,1.869,1.0,2.0,9,155.2978263123193,204.0260655770273,pobre,0,5,500.0,493.0,1.0,29.0,8,86,8162,1,1.0
97,0.0,0.0,1.869,1.0,1.0,8,155.2978263123193,204.0260655770273,pobre,0,3,500.0,613.0,1.0,30.0,7,86,8163,1,1.0
98,0.0,0.0,1.869,1.0,2.0,8,155.2978263123193,204.0260655770273,pobre,0,3,500.0,613.0,1.0,30.0,8,86,8163,1,1.0
97,0.0,0.0,1.869,1.0,0.0,8,155.2978263123193,204.0260655770273,pobre,0,3,500.0,613.0,1.0,30.0,6,86,8164,0,1.0
98,0.0,0.0,1.869,1.0,1.0,8,155.2978263123193,204.0260655770273,pobre,0,3,500.0,613.0,1.0,30.0,7,86,8164,0,1.0
97,0.0,0.0,1.869,0.0,6.0,10,155.2978263123193,204.0260655770273,pobre,0,2,500.0,734.0,1.0,36.0,15,86,8165,6,0.0
98,0.0,0.0,1.869,,,10,155.2978263123193,204.0260655770273,pobre,0,2,500.0,734.0,1.0,36.0,16,86,8165,6,0.0
97,1.0,0.0,1.869,1.0,4.0,10,155.2978263123193,204.0260655770273,pobre,0,2,500.0,734.0,1.0,36.0,12,86,8166,4,1.0
98,1.0,0.0,1.869,,,10,155.2978263123193,204.0260655770273,pobre,0,2,500.0,734.0,1.0,36.0,13,86,8166,4,1.0
97,0.0,0.0,1.869,1.0,3.0,10,155.2978263123193,204.0260655770273,pobre,0,2,500.0,734.0,1.0,36.0,10,86,8167,3,1.0
98,0.0,0.0,1.869,,,10,155.2978263123193,204.0260655770273,pobre,0,2,500.0,734.0,1.0,36.0,11,86,8167,3,1.0
97,0.0,0.0,1.869,1.0,3.0,10,155.2978263123193,204.0260655770273,pobre,0,2,500.0,734.0,1.0,36.0,7,86,8168,3,1.0
98,0.0,0.0,1.869,,,10,155.2978263123193,204.0260655770273,pobre,0,2,500.0,734.0,1.0,36.0,8,86,8168,3,1.0
97,1.0,0.0,1.869,,0.0,5,155.2978263123193,204.0260655770273,pobre,0,3,500.0,655.0,1.0,30.0,6,86,8169,0,
98,1.0,0.0,1.869,1.0,1.0,5,155.2978263123193,204.0260655770273,pobre,0,3,500.0,655.0,1.0,30.0,7,86,8169,0,
97,0.0,0.0,1.869,1.0,1.0,8,155.2978263123193,204.0260655770273,pobre,0,2,500.0,601.0,1.0,50.0,6,86,8170,1,1.0
98,0.0,0.0,1.869,,,8,155.2978263123193,204.0260655770273,pobre,0,2,500.0,601.0,1.0,50.0,7,86,8170,1,1.0
97,1.0,0.0,1.869,1.0,3.0,11,155.2978263123193,204.0260655770273,pobre,0,5,500.0,700.5,1.0,39.0,14,86,8171,3,1.0
98,1.0,0.0,1.869,1.0,4.0,11,155.2978263123193,204.0260655770273,pobre,0,5,500.0,700.5,1.0,39.0,15,86,8171,3,1.0
97,0.0,0.0,1.869,1.0,4.0,11,155.2978263123193,204.0260655770273,pobre,0,5,500.0,700.5,1.0,39.0,12,86,8172,4,1.0
98,0.0,0.0,1.869,1.0,5.0,11,155.2978263123193,204.0260655770273,pobre,0,5,500.0,700.5,1.0,39.0,13,86,8172,4,1.0
97,1.0,0.0,1.869,1.0,3.0,11,155.2978263123193,204.0260655770273,pobre,0,5,500.0,700.5,1.0,39.0,10,86,8173,3,1.0
98,1.0,0.0,1.869,1.0,4.0,11,155.2978263123193,204.0260655770273,pobre,0,5,500.0,700.5,1.0,39.0,11,86,8173,3,1.0
97,1.0,0.0,1.869,1.0,2.0,11,155.2978263123193,204.0260655770273,pobre,0,5,500.0,700.5,1.0,39.0,8,86,8174,2,1.0
98,1.0,0.0,1.869,1.0,,11,155.2978263123193,204.0260655770273,pobre,0,5,500.0,700.5,1.0,39.0,9,86,8174,2,1.0
97,0.0,0.0,1.869,1.0,1.0,4,155.2978263123193,204.0260655770273,pobre,0,1,500.0,670.0,1.0,34.0,7,86,8175,1,1.0
98,0.0,0.0,1.869,1.0,2.0,4,155.2978263123193,204.0260655770273,pobre,0,1,500.0,670.0,1.0,34.0,8,86,8175,1,1.0
97,1.0,0.0,1.869,,0.0,6,155.2978263123193,204.0260655770273,pobre,0,0,0.0,765.0,0.0,54.0,16,86,8176,0,
98,1.0,0.0,1.869,,,6,155.2978263123193,204.0260655770273,pobre,0,0,0.0,765.0,0.0,54.0,17,86,8176,0,
97,0.0,0.0,1.869,0.0,5.0,6,155.2978263123193,204.0260655770273,pobre,0,0,0.0,765.0,0.0,54.0,14,86,8177,5,0.0
98,0.0,0.0,1.869,0.0,6.0,6,155.2978263123193,204.0260655770273,pobre,0,0,0.0,765.0,0.0,54.0,15,86,8177,5,0.0
97,1.0,0.0,1.869,0.0,2.0,6,155.2978263123193,204.0260655770273,pobre,0,0,0.0,765.0,0.0,54.0,12,86,8178,2,0.0
98,1.0,0.0,1.869,1.0,3.0,6,155.2978263123193,204.0260655770273,pobre,0,0,0.0,765.0,0.0,54.0,13,86,8178,2,0.0
97,1.0,0.0,1.869,1.0,4.0,8,155.2978263123193,204.0260655770273,pobre,0,3,500.0,759.0,1.0,34.0,12,86,8179,4,1.0
98,1.0,0.0,1.869,1.0,5.0,8,155.2978263123193,204.0260655770273,pobre,0,3,500.0,759.0,1.0,34.0,13,86,8179,4,1.0
97,0.0,0.0,1.869,1.0,2.0,8,155.2978263123193,204.0260655770273,pobre,0,3,500.0,759.0,1.0,34.0,11,86,8180,2,1.0
98,0.0,0.0,1.869,1.0,3.0,8,155.2978263123193,204.0260655770273,pobre,0,3,500.0,759.0,1.0,34.0,12,86,8180,2,1.0
97,0.0,0.0,1.869,1.0,1.0,8,155.2978263123193,204.0260655770273,pobre,0,3,500.0,759.0,1.0,34.0,7,86,8181,1,1.0
98,0.0,0.0,1.869,1.0,2.0,8,155.2978263123193,204.0260655770273,pobre,0,3,500.0,759.0,1.0,34.0,8,86,8181,1,1.0
97,0.0,0.0,1.869,1.0,0.0,6,155.2978263123193,204.0260655770273,pobre,0,2,625.0,618.0,1.0,34.0,6,86,8182,0,1.0
98,0.0,0.0,1.869,1.0,3.0,6,155.2978263123193,204.0260655770273,pobre,0,2,625.0,618.0,1.0,34.0,7,86,8182,0,1.0
97,1.0,0.0,1.869,1.0,8.0,11,155.2978263123193,204.0260655770273,pobre,0,6,1200.0,584.0,1.0,32.0,15,86,8183,8,1.0
98,1.0,0.0,1.869,0.0,9.0,11,155.2978263123193,204.0260655770273,pobre,0,6,1200.0,584.0,1.0,32.0,16,86,8183,8,1.0
97,0.0,0.0,1.869,1.0,4.0,11,155.2978263123193,204.0260655770273,pobre,0,6,1200.0,584.0,1.0,32.0,14,86,8184,4,1.0
98,0.0,0.0,1.869,1.0,5.0,11,155.2978263123193,204.0260655770273,pobre,0,6,1200.0,584.0,1.0,32.0,15,86,8184,4,1.0
97,0.0,0.0,1.869,1.0,4.0,11,155.2978263123193,204.0260655770273,pobre,0,6,1200.0,584.0,1.0,32.0,14,86,8185,4,1.0
98,0.0,0.0,1.869,1.0,5.0,11,155.2978263123193,204.0260655770273,pobre,0,6,1200.0,584.0,1.0,32.0,15,86,8185,4,1.0
97,1.0,0.0,1.869,1.0,4.0,11,155.2978263123193,204.0260655770273,pobre,0,6,1200.0,584.0,1.0,32.0,9,86,8186,4,1.0
98,1.0,0.0,1.869,1.0,4.0,11,155.2978263123193,204.0260655770273,pobre,0,6,1200.0,584.0,1.0,32.0,10,86,8186,4,1.0
97,1.0,0.0,1.869,1.0,1.0,11,155.2978263123193,204.0260655770273,pobre,0,6,1200.0,584.0,1.0,32.0,8,86,8187,1,1.0
98,1.0,0.0,1.869,1.0,1.0,11,155.2978263123193,204.0260655770273,pobre,0,6,1200.0,584.0,1.0,32.0,9,86,8187,1,1.0
97,0.0,0.0,1.869,1.0,1.0,11,155.2978263123193,204.0260655770273,pobre,0,6,1200.0,584.0,1.0,32.0,6,86,8188,1,1.0
98,0.0,0.0,1.869,1.0,0.0,11,155.2978263123193,204.0260655770273,pobre,0,6,1200.0,584.0,1.0,32.0,7,86,8188,1,1.0
97,0.0,0.0,3.586,1.0,8.0,3,143.8482340836151,145.197548278657,no pobre,0,3,0.0,834.0,0.0,42.0,14,43,8189,8,1.0
98,0.0,0.0,3.586,,,3,143.8482340836151,145.197548278657,no pobre,0,3,0.0,834.0,0.0,42.0,15,43,8189,8,1.0
97,0.0,0.0,3.586,1.0,0.0,3,143.8482340836151,145.197548278657,no pobre,0,12,500.0,1010.5,1.0,35.0,6,43,8190,0,1.0
98,0.0,0.0,3.586,1.0,1.0,3,143.8482340836151,145.197548278657,no pobre,0,12,500.0,1010.5,1.0,35.0,7,43,8190,0,1.0
97,1.0,0.0,3.586,1.0,6.0,3,143.8482340836151,145.197548278657,no pobre,0,3,625.0,883.5,0.0,47.0,11,43,8191,6,1.0
98,1.0,0.0,3.586,1.0,7.0,3,143.8482340836151,145.197548278657,no pobre,0,3,625.0,883.5,0.0,47.0,12,43,8191,6,1.0
97,1.0,0.0,3.586,0.0,6.0,9,143.8482340836151,145.197548278657,pobre,0,0,500.0,661.5,1.0,55.0,16,43,8192,6,0.0
98,1.0,0.0,3.586,,,9,143.8482340836151,145.197548278657,pobre,0,0,500.0,661.5,1.0,55.0,17,43,8192,6,0.0
97,1.0,0.0,3.586,1.0,6.0,9,143.8482340836151,145.197548278657,pobre,0,0,500.0,661.5,1.0,55.0,13,43,8193,6,1.0
98,1.0,0.0,3.586,1.0,7.0,9,143.8482340836151,145.197548278657,pobre,0,0,500.0,661.5,1.0,55.0,14,43,8193,6,1.0
97,0.0,0.0,3.586,1.0,4.0,9,143.8482340836151,145.197548278657,pobre,0,0,500.0,661.5,1.0,55.0,9,43,8194,4,1.0
98,0.0,0.0,3.586,1.0,5.0,9,143.8482340836151,145.197548278657,pobre,0,0,500.0,661.5,1.0,55.0,10,43,8194,4,1.0
97,0.0,0.0,3.586,1.0,2.0,9,143.8482340836151,145.197548278657,pobre,0,0,500.0,661.5,1.0,55.0,7,43,8195,2,1.0
98,0.0,0.0,3.586,1.0,3.0,9,143.8482340836151,145.197548278657,pobre,0,0,500.0,661.5,1.0,55.0,8,43,8195,2,1.0
97,0.0,0.0,3.586,1.0,1.0,9,143.8482340836151,145.197548278657,pobre,0,0,500.0,661.5,1.0,55.0,6,43,8196,1,1.0
98,0.0,0.0,3.586,1.0,1.0,9,143.8482340836151,145.197548278657,pobre,0,0,500.0,661.5,1.0,55.0,7,43,8196,1,1.0
97,0.0,0.0,3.586,1.0,5.0,7,143.8482340836151,145.197548278657,pobre,0,2,500.0,615.0,1.0,50.0,14,43,8197,5,1.0
98,0.0,0.0,3.586,,,7,143.8482340836151,145.197548278657,pobre,0,2,500.0,615.0,1.0,50.0,15,43,8197,5,1.0
97,0.0,0.0,3.586,1.0,4.0,7,143.8482340836151,145.197548278657,pobre,0,2,500.0,615.0,1.0,50.0,12,43,8198,4,1.0
98,0.0,0.0,3.586,1.0,5.0,7,143.8482340836151,145.197548278657,pobre,0,2,500.0,615.0,1.0,50.0,13,43,8198,4,1.0
97,1.0,0.0,3.586,1.0,3.0,7,143.8482340836151,145.197548278657,pobre,0,2,500.0,615.0,1.0,50.0,8,43,8199,3,1.0
98,1.0,0.0,3.586,,,7,143.8482340836151,145.197548278657,pobre,0,2,500.0,615.0,1.0,50.0,9,43,8199,3,1.0
97,1.0,0.0,3.586,1.0,7.0,8,143.8482340836151,145.197548278657,pobre,0,3,500.0,771.0,1.0,42.0,12,43,8200,7,1.0
98,1.0,0.0,3.586,1.0,8.0,8,143.8482340836151,145.197548278657,pobre,0,3,500.0,771.0,1.0,42.0,13,43,8200,7,1.0
97,0.0,0.0,3.586,1.0,4.0,8,143.8482340836151,145.197548278657,pobre,0,3,500.0,771.0,1.0,42.0,10,43,8201,4,1.0
98,0.0,0.0,3.586,1.0,5.0,8,143.8482340836151,145.197548278657,pobre,0,3,500.0,771.0,1.0,42.0,11,43,8201,4,1.0
97,0.0,0.0,3.586,1.0,2.0,8,143.8482340836151,145.197548278657,pobre,0,3,500.0,771.0,1.0,42.0,9,43,8202,2,1.0
98,0.0,0.0,3.586,1.0,3.0,8,143.8482340836151,145.197548278657,pobre,0,3,500.0,771.0,1.0,42.0,10,43,8202,2,1.0
97,0.0,0.0,3.586,1.0,1.0,8,143.8482340836151,145.197548278657,pobre,0,3,500.0,771.0,1.0,42.0,8,43,8203,1,1.0
98,0.0,0.0,3.586,1.0,2.0,8,143.8482340836151,145.197548278657,pobre,0,3,500.0,771.0,1.0,42.0,9,43,8203,1,1.0
97,1.0,0.0,3.586,,6.0,6,143.8482340836151,145.197548278657,no pobre,0,3,0.0,770.33002,1.0,43.0,13,43,8204,6,
98,1.0,0.0,3.586,0.0,2.0,6,143.8482340836151,145.197548278657,no pobre,0,3,0.0,770.33002,1.0,43.0,14,43,8204,6,
97,1.0,0.0,3.586,,8.0,6,143.8482340836151,145.197548278657,no pobre,0,3,0.0,770.33002,1.0,43.0,15,43,8205,8,
98,1.0,0.0,3.586,0.0,9.0,6,143.8482340836151,145.197548278657,no pobre,0,3,0.0,770.33002,1.0,43.0,16,43,8205,8,
97,0.0,0.0,3.586,,7.0,6,143.8482340836151,145.197548278657,no pobre,0,3,0.0,770.33002,1.0,43.0,14,43,8206,7,
98,0.0,0.0,3.586,1.0,9.0,6,143.8482340836151,145.197548278657,no pobre,0,3,0.0,770.33002,1.0,43.0,15,43,8206,7,
97,1.0,0.0,3.586,0.0,9.0,4,143.8482340836151,145.197548278657,no pobre,0,3,1250.0,801.0,1.0,46.0,15,43,8207,9,0.0
98,1.0,0.0,3.586,0.0,9.0,4,143.8482340836151,145.197548278657,no pobre,0,3,1250.0,801.0,1.0,46.0,16,43,8207,9,0.0
97,0.0,0.0,3.586,1.0,8.0,4,143.8482340836151,145.197548278657,no pobre,0,3,1250.0,801.0,1.0,46.0,13,43,8208,8,1.0
98,0.0,0.0,3.586,0.0,8.0,4,143.8482340836151,145.197548278657,no pobre,0,3,1250.0,801.0,1.0,46.0,14,43,8208,8,1.0
97,1.0,0.0,3.586,0.0,6.0,6,143.8482340836151,145.197548278657,pobre,0,3,750.0,760.0,1.0,40.0,16,43,8209,6,0.0
98,1.0,0.0,3.586,,,6,143.8482340836151,145.197548278657,pobre,0,3,750.0,760.0,1.0,40.0,17,43,8209,6,0.0
97,0.0,0.0,3.586,0.0,6.0,6,143.8482340836151,145.197548278657,pobre,0,3,750.0,760.0,1.0,40.0,14,43,8210,6,0.0
98,0.0,0.0,3.586,0.0,6.0,6,143.8482340836151,145.197548278657,pobre,0,3,750.0,760.0,1.0,40.0,15,43,8210,6,0.0
97,0.0,0.0,3.586,1.0,1.0,6,143.8482340836151,145.197548278657,pobre,0,3,750.0,760.0,1.0,40.0,7,43,8211,1,1.0
98,0.0,0.0,3.586,1.0,2.0,6,143.8482340836151,145.197548278657,pobre,0,3,750.0,760.0,1.0,40.0,8,43,8211,1,1.0
97,0.0,1.0,2.862,1.0,7.0,3,134.9546080670931,134.9546080670931,pobre,0,0,500.0,777.0,1.0,51.0,12,47,8212,7,1.0
98,0.0,1.0,2.862,1.0,7.0,3,134.9546080670931,134.9546080670931,pobre,0,0,500.0,777.0,1.0,51.0,13,47,8212,7,1.0
97,0.0,0.0,2.862,1.0,7.0,4,134.9546080670931,134.9546080670931,pobre,0,1,500.0,747.0,1.0,49.0,13,47,8213,7,1.0
98,0.0,0.0,2.862,0.0,3.0,4,134.9546080670931,134.9546080670931,pobre,0,1,500.0,747.0,1.0,49.0,14,47,8213,7,1.0
97,0.0,1.0,2.862,1.0,5.0,4,134.9546080670931,134.9546080670931,pobre,0,1,500.0,747.0,1.0,49.0,10,47,8214,5,1.0
98,0.0,1.0,2.862,1.0,6.0,4,134.9546080670931,134.9546080670931,pobre,0,1,500.0,747.0,1.0,49.0,11,47,8214,5,1.0
97,1.0,0.0,2.862,1.0,5.0,8,134.9546080670931,134.9546080670931,pobre,0,0,0.0,875.0,1.0,77.0,9,47,8215,5,1.0
98,1.0,0.0,2.862,1.0,4.0,8,134.9546080670931,134.9546080670931,pobre,0,0,0.0,875.0,1.0,77.0,10,47,8215,5,1.0
97,0.0,1.0,2.862,1.0,9.0,9,134.9546080670931,134.9546080670931,pobre,0,6,1750.0,655.0,1.0,40.0,14,47,8216,9,1.0
98,0.0,1.0,2.862,0.0,9.0,9,134.9546080670931,134.9546080670931,pobre,0,6,1750.0,655.0,1.0,40.0,15,47,8216,9,1.0
97,1.0,1.0,2.862,1.0,8.0,9,134.9546080670931,134.9546080670931,pobre,0,6,1750.0,655.0,1.0,40.0,13,47,8217,8,1.0
98,1.0,1.0,2.862,0.0,9.0,9,134.9546080670931,134.9546080670931,pobre,0,6,1750.0,655.0,1.0,40.0,14,47,8217,8,1.0
97,1.0,1.0,2.862,1.0,4.0,9,134.9546080670931,134.9546080670931,pobre,0,6,1750.0,655.0,1.0,40.0,10,47,8218,4,1.0
98,1.0,1.0,2.862,1.0,5.0,9,134.9546080670931,134.9546080670931,pobre,0,6,1750.0,655.0,1.0,40.0,11,47,8218,4,1.0
97,1.0,1.0,2.862,1.0,3.0,9,134.9546080670931,134.9546080670931,pobre,0,6,1750.0,655.0,1.0,40.0,8,47,8219,3,1.0
98,1.0,1.0,2.862,1.0,4.0,9,134.9546080670931,134.9546080670931,pobre,0,6,1750.0,655.0,1.0,40.0,9,47,8219,3,1.0
97,0.0,1.0,2.862,,0.0,9,134.9546080670931,134.9546080670931,pobre,0,6,1750.0,655.0,1.0,40.0,6,47,8220,0,
98,0.0,1.0,2.862,1.0,2.0,9,134.9546080670931,134.9546080670931,pobre,0,6,1750.0,655.0,1.0,40.0,7,47,8220,0,
97,1.0,0.0,2.862,1.0,7.0,6,134.9546080670931,134.9546080670931,no pobre,0,12,1750.0,828.0,1.0,40.0,15,47,8221,7,1.0
98,1.0,0.0,2.862,1.0,11.0,6,134.9546080670931,134.9546080670931,no pobre,0,12,1750.0,828.0,1.0,40.0,16,47,8221,7,1.0
97,0.0,0.0,2.862,1.0,6.0,6,134.9546080670931,134.9546080670931,no pobre,0,12,1750.0,828.0,1.0,40.0,11,47,8222,6,1.0
98,0.0,0.0,2.862,1.0,6.0,6,134.9546080670931,134.9546080670931,no pobre,0,12,1750.0,828.0,1.0,40.0,12,47,8222,6,1.0
97,1.0,0.0,2.862,1.0,3.0,6,134.9546080670931,134.9546080670931,no pobre,0,12,1750.0,828.0,1.0,40.0,8,47,8223,3,1.0
98,1.0,0.0,2.862,1.0,4.0,6,134.9546080670931,134.9546080670931,no pobre,0,12,1750.0,828.0,1.0,40.0,9,47,8223,3,1.0
97,1.0,1.0,2.862,0.0,6.0,5,134.9546080670931,134.9546080670931,pobre,0,0,0.0,876.0,0.0,54.0,16,47,8224,6,0.0
98,1.0,1.0,2.862,,,5,134.9546080670931,134.9546080670931,pobre,0,0,0.0,876.0,0.0,54.0,17,47,8224,6,0.0
97,1.0,0.0,2.862,1.0,9.0,4,134.9546080670931,134.9546080670931,no pobre,0,6,1250.0,856.0,1.0,37.0,15,47,8225,9,1.0
98,1.0,0.0,2.862,1.0,11.0,4,134.9546080670931,134.9546080670931,no pobre,0,6,1250.0,856.0,1.0,37.0,16,47,8225,9,1.0
97,1.0,0.0,2.862,1.0,8.0,4,134.9546080670931,134.9546080670931,no pobre,0,6,1250.0,856.0,1.0,37.0,13,47,8226,8,1.0
98,1.0,0.0,2.862,1.0,9.0,4,134.9546080670931,134.9546080670931,no pobre,0,6,1250.0,856.0,1.0,37.0,14,47,8226,8,1.0
97,0.0,0.0,2.862,1.0,8.0,7,134.9546080670931,134.9546080670931,pobre,0,5,500.0,830.5,1.0,53.0,15,47,8227,8,1.0
98,0.0,0.0,2.862,1.0,8.0,7,134.9546080670931,134.9546080670931,pobre,0,5,500.0,830.5,1.0,53.0,16,47,8227,8,1.0
97,1.0,0.0,2.862,1.0,7.0,7,134.9546080670931,134.9546080670931,pobre,0,5,500.0,830.5,1.0,53.0,13,47,8228,7,1.0
98,1.0,0.0,2.862,1.0,8.0,7,134.9546080670931,134.9546080670931,pobre,0,5,500.0,830.5,1.0,53.0,14,47,8228,7,1.0
97,1.0,0.0,2.862,1.0,5.0,7,134.9546080670931,134.9546080670931,pobre,0,5,500.0,830.5,1.0,53.0,11,47,8229,5,1.0
98,1.0,0.0,2.862,1.0,6.0,7,134.9546080670931,134.9546080670931,pobre,0,5,500.0,830.5,1.0,53.0,12,47,8229,5,1.0
97,1.0,0.0,2.862,1.0,2.0,7,134.9546080670931,134.9546080670931,pobre,0,5,500.0,830.5,1.0,53.0,7,47,8230,2,1.0
98,1.0,0.0,2.862,1.0,2.0,7,134.9546080670931,134.9546080670931,pobre,0,5,500.0,830.5,1.0,53.0,8,47,8230,2,1.0
97,1.0,1.0,2.862,0.0,6.0,6,134.9546080670931,134.9546080670931,pobre,0,3,750.0,716.0,1.0,35.0,13,47,8231,6,0.0
98,1.0,1.0,2.862,0.0,6.0,6,134.9546080670931,134.9546080670931,pobre,0,3,750.0,716.0,1.0,35.0,14,47,8231,6,0.0
97,0.0,1.0,2.862,1.0,2.0,6,134.9546080670931,134.9546080670931,pobre,0,3,750.0,716.0,1.0,35.0,8,47,8232,2,1.0
98,0.0,1.0,2.862,1.0,2.0,6,134.9546080670931,134.9546080670931,pobre,0,3,750.0,716.0,1.0,35.0,9,47,8232,2,1.0
97,0.0,0.0,2.862,1.0,1.0,7,134.9546080670931,134.9546080670931,pobre,0,6,500.0,662.0,1.0,36.0,7,47,8233,1,1.0
98,0.0,0.0,2.862,1.0,0.0,7,134.9546080670931,134.9546080670931,pobre,0,6,500.0,662.0,1.0,36.0,8,47,8233,1,1.0
97,0.0,0.0,2.862,1.0,3.0,7,134.9546080670931,134.9546080670931,pobre,0,6,500.0,662.0,1.0,36.0,9,47,8234,3,1.0
98,0.0,0.0,2.862,1.0,4.0,7,134.9546080670931,134.9546080670931,pobre,0,6,500.0,662.0,1.0,36.0,10,47,8234,3,1.0
97,1.0,0.0,2.862,1.0,10.0,7,134.9546080670931,134.9546080670931,pobre,0,6,750.0,783.0,1.0,37.0,16,47,8235,10,1.0
98,1.0,0.0,2.862,,,7,134.9546080670931,134.9546080670931,pobre,0,6,750.0,783.0,1.0,37.0,17,47,8235,10,1.0
97,1.0,0.0,2.862,1.0,9.0,7,134.9546080670931,134.9546080670931,pobre,0,6,750.0,783.0,1.0,37.0,14,47,8236,9,1.0
98,1.0,0.0,2.862,0.0,9.0,7,134.9546080670931,134.9546080670931,pobre,0,6,750.0,783.0,1.0,37.0,15,47,8236,9,1.0
97,1.0,0.0,2.862,1.0,7.0,7,134.9546080670931,134.9546080670931,pobre,0,6,750.0,783.0,1.0,37.0,13,47,8237,7,1.0
98,1.0,0.0,2.862,1.0,8.0,7,134.9546080670931,134.9546080670931,pobre,0,6,750.0,783.0,1.0,37.0,14,47,8237,7,1.0
97,1.0,0.0,2.862,1.0,5.0,7,134.9546080670931,134.9546080670931,pobre,0,6,750.0,783.0,1.0,37.0,11,47,8238,5,1.0
98,1.0,0.0,2.862,1.0,6.0,7,134.9546080670931,134.9546080670931,pobre,0,6,750.0,783.0,1.0,37.0,12,47,8238,5,1.0
97,1.0,0.0,2.862,1.0,3.0,7,134.9546080670931,134.9546080670931,pobre,0,6,750.0,783.0,1.0,37.0,9,47,8239,3,1.0
98,1.0,0.0,2.862,1.0,4.0,7,134.9546080670931,134.9546080670931,pobre,0,6,750.0,783.0,1.0,37.0,10,47,8239,3,1.0
97,1.0,0.0,2.862,1.0,6.0,11,134.9546080670931,134.9546080670931,pobre,0,0,500.0,730.0,1.0,62.0,12,47,8240,6,1.0
98,1.0,0.0,2.862,0.0,6.0,11,134.9546080670931,134.9546080670931,pobre,0,0,500.0,730.0,1.0,62.0,13,47,8240,6,1.0
97,1.0,0.0,2.862,1.0,1.0,11,134.9546080670931,134.9546080670931,pobre,0,0,500.0,730.0,1.0,62.0,7,47,8241,1,1.0
98,1.0,0.0,2.862,,,11,134.9546080670931,134.9546080670931,pobre,0,0,500.0,730.0,1.0,62.0,8,47,8241,1,1.0
97,1.0,0.0,2.862,1.0,0.0,11,134.9546080670931,134.9546080670931,pobre,0,0,500.0,730.0,1.0,62.0,6,47,8242,0,1.0
98,1.0,0.0,2.862,1.0,1.0,11,134.9546080670931,134.9546080670931,pobre,0,0,500.0,730.0,1.0,62.0,7,47,8242,0,1.0
97,0.0,0.0,2.862,1.0,4.0,5,134.9546080670931,134.9546080670931,pobre,0,6,1000.0,740.0,1.0,37.0,10,47,8243,4,1.0
98,0.0,0.0,2.862,1.0,5.0,5,134.9546080670931,134.9546080670931,pobre,0,6,1000.0,740.0,1.0,37.0,11,47,8243,4,1.0
97,0.0,0.0,2.862,1.0,2.0,5,134.9546080670931,134.9546080670931,pobre,0,6,750.0,740.0,1.0,27.0,8,47,8244,2,1.0
98,0.0,0.0,2.862,1.0,3.0,5,134.9546080670931,134.9546080670931,pobre,0,6,750.0,740.0,1.0,27.0,9,47,8244,2,1.0
97,0.0,0.0,2.862,1.0,1.0,5,134.9546080670931,134.9546080670931,pobre,0,6,750.0,740.0,1.0,27.0,7,47,8245,1,1.0
98,0.0,0.0,2.862,1.0,2.0,5,134.9546080670931,134.9546080670931,pobre,0,6,750.0,740.0,1.0,27.0,8,47,8245,1,1.0
97,1.0,0.0,2.862,1.0,3.0,5,134.9546080670931,134.9546080670931,pobre,0,4,750.0,718.0,1.0,30.0,9,47,8246,3,1.0
98,1.0,0.0,2.862,1.0,4.0,5,134.9546080670931,134.9546080670931,pobre,0,4,750.0,718.0,1.0,30.0,10,47,8246,3,1.0
97,1.0,0.0,2.862,1.0,2.0,5,134.9546080670931,134.9546080670931,pobre,0,4,750.0,718.0,1.0,30.0,8,47,8247,2,1.0
98,1.0,0.0,2.862,1.0,3.0,5,134.9546080670931,134.9546080670931,pobre,0,4,750.0,718.0,1.0,30.0,9,47,8247,2,1.0
97,0.0,0.0,2.862,1.0,1.0,5,134.9546080670931,134.9546080670931,pobre,0,4,750.0,718.0,1.0,30.0,7,47,8248,1,1.0
98,0.0,0.0,2.862,1.0,2.0,5,134.9546080670931,134.9546080670931,pobre,0,4,750.0,718.0,1.0,30.0,8,47,8248,1,1.0
97,0.0,1.0,1.497,1.0,5.0,8,130.8580431517954,248.7393982054853,pobre,basal,11,375.0,700.0,1.0,36.0,11,367,8249,5,1.0
98,0.0,1.0,1.497,1.0,6.0,8,130.8580431517954,248.7393982054853,pobre,basal,11,375.0,700.0,1.0,36.0,12,367,8249,5,1.0
97,0.0,1.0,1.497,1.0,4.0,8,130.8580431517954,248.7393982054853,pobre,basal,11,375.0,700.0,1.0,36.0,10,367,8250,4,1.0
98,0.0,1.0,1.497,1.0,5.0,8,130.8580431517954,248.7393982054853,pobre,basal,11,375.0,700.0,1.0,36.0,11,367,8250,4,1.0
97,1.0,1.0,1.497,1.0,2.0,8,130.8580431517954,248.7393982054853,pobre,basal,11,375.0,700.0,1.0,36.0,9,367,8251,2,1.0
98,1.0,1.0,1.497,1.0,3.0,8,130.8580431517954,248.7393982054853,pobre,basal,11,375.0,700.0,1.0,36.0,10,367,8251,2,1.0
97,1.0,1.0,1.497,1.0,1.0,8,130.8580431517954,248.7393982054853,pobre,basal,11,375.0,700.0,1.0,36.0,8,367,8252,1,1.0
98,1.0,1.0,1.497,1.0,2.0,8,130.8580431517954,248.7393982054853,pobre,basal,11,375.0,700.0,1.0,36.0,9,367,8252,1,1.0
97,0.0,1.0,1.497,1.0,9.0,6,130.8580431517954,248.7393982054853,pobre,basal,6,375.0,794.0,1.0,49.0,16,367,8253,9,1.0
98,0.0,1.0,1.497,,,6,130.8580431517954,248.7393982054853,pobre,basal,6,375.0,794.0,1.0,49.0,17,367,8253,9,1.0
97,0.0,1.0,1.497,1.0,2.0,6,130.8580431517954,248.7393982054853,pobre,basal,12,2400.0,670.0,1.0,33.0,8,367,8254,2,1.0
98,0.0,1.0,1.497,1.0,3.0,6,130.8580431517954,248.7393982054853,pobre,basal,12,2400.0,670.0,1.0,33.0,9,367,8254,2,1.0
97,0.0,1.0,1.497,1.0,0.0,6,130.8580431517954,248.7393982054853,pobre,basal,12,2400.0,670.0,1.0,33.0,6,367,8255,0,1.0
98,0.0,1.0,1.497,1.0,1.0,6,130.8580431517954,248.7393982054853,pobre,basal,12,2400.0,670.0,1.0,33.0,7,367,8255,0,1.0
97,0.0,0.0,1.497,1.0,10.0,7,130.8580431517954,248.7393982054853,no pobre,basal,13,2400.0,932.5,1.0,42.0,16,367,8256,10,1.0
98,0.0,0.0,1.497,,,7,130.8580431517954,248.7393982054853,no pobre,basal,13,2400.0,932.5,1.0,42.0,17,367,8256,10,1.0
97,1.0,0.0,1.497,1.0,3.0,7,130.8580431517954,248.7393982054853,no pobre,basal,13,2400.0,932.5,1.0,42.0,9,367,8257,3,1.0
98,1.0,0.0,1.497,1.0,4.0,7,130.8580431517954,248.7393982054853,no pobre,basal,13,2400.0,932.5,1.0,42.0,10,367,8257,3,1.0
97,1.0,0.0,1.497,1.0,2.0,7,130.8580431517954,248.7393982054853,no pobre,basal,13,2400.0,932.5,1.0,42.0,8,367,8258,2,1.0
98,1.0,0.0,1.497,1.0,3.0,7,130.8580431517954,248.7393982054853,no pobre,basal,13,2400.0,932.5,1.0,42.0,9,367,8258,2,1.0
97,0.0,0.0,1.497,1.0,7.0,6,130.8580431517954,248.7393982054853,pobre,basal,12,2400.0,813.0,1.0,38.0,13,367,8259,7,1.0
98,0.0,0.0,1.497,1.0,8.0,6,130.8580431517954,248.7393982054853,pobre,basal,12,2400.0,813.0,1.0,38.0,14,367,8259,7,1.0
97,0.0,0.0,1.497,1.0,3.0,6,130.8580431517954,248.7393982054853,pobre,basal,12,2400.0,813.0,1.0,38.0,9,367,8260,3,1.0
98,0.0,0.0,1.497,1.0,4.0,6,130.8580431517954,248.7393982054853,pobre,basal,12,2400.0,813.0,1.0,38.0,10,367,8260,3,1.0
97,1.0,0.0,1.497,1.0,1.0,6,130.8580431517954,248.7393982054853,pobre,basal,12,2400.0,813.0,1.0,38.0,7,367,8261,1,1.0
98,1.0,0.0,1.497,1.0,2.0,6,130.8580431517954,248.7393982054853,pobre,basal,12,2400.0,813.0,1.0,38.0,8,367,8261,1,1.0
97,0.0,1.0,1.497,0.0,9.0,8,130.8580431517954,248.7393982054853,pobre,basal,6,375.0,626.0,1.0,40.0,16,367,8262,9,0.0
98,0.0,1.0,1.497,,,8,130.8580431517954,248.7393982054853,pobre,basal,6,375.0,626.0,1.0,40.0,17,367,8262,9,0.0
97,1.0,1.0,1.497,1.0,8.0,8,130.8580431517954,248.7393982054853,pobre,basal,6,375.0,626.0,1.0,40.0,15,367,8263,8,1.0
98,1.0,1.0,1.497,1.0,9.0,8,130.8580431517954,248.7393982054853,pobre,basal,6,375.0,626.0,1.0,40.0,16,367,8263,8,1.0
97,1.0,1.0,1.497,1.0,6.0,8,130.8580431517954,248.7393982054853,pobre,basal,6,375.0,626.0,1.0,40.0,12,367,8264,6,1.0
98,1.0,1.0,1.497,1.0,7.0,8,130.8580431517954,248.7393982054853,pobre,basal,6,375.0,626.0,1.0,40.0,13,367,8264,6,1.0
97,0.0,0.0,1.497,1.0,3.0,8,130.8580431517954,248.7393982054853,pobre,basal,6,375.0,626.0,1.0,40.0,9,367,8265,3,1.0
98,0.0,0.0,1.497,1.0,4.0,8,130.8580431517954,248.7393982054853,pobre,basal,6,375.0,626.0,1.0,40.0,10,367,8265,3,1.0
97,0.0,1.0,1.497,1.0,9.0,6,130.8580431517954,248.7393982054853,pobre,basal,9,375.0,778.0,1.0,40.0,15,367,8266,9,1.0
98,0.0,1.0,1.497,1.0,10.0,6,130.8580431517954,248.7393982054853,pobre,basal,9,375.0,778.0,1.0,40.0,16,367,8266,9,1.0
97,0.0,1.0,1.497,1.0,5.0,6,130.8580431517954,248.7393982054853,pobre,basal,9,375.0,778.0,1.0,40.0,11,367,8267,5,1.0
98,0.0,1.0,1.497,1.0,6.0,6,130.8580431517954,248.7393982054853,pobre,basal,9,375.0,778.0,1.0,40.0,12,367,8267,5,1.0
97,0.0,1.0,1.497,1.0,0.0,6,130.8580431517954,248.7393982054853,pobre,basal,9,375.0,778.0,1.0,40.0,6,367,8268,0,1.0
98,0.0,1.0,1.497,1.0,1.0,6,130.8580431517954,248.7393982054853,pobre,basal,9,375.0,778.0,1.0,40.0,7,367,8268,0,1.0
97,0.0,1.0,1.497,1.0,10.0,10,130.8580431517954,248.7393982054853,pobre,basal,0,0.0,689.0,1.0,71.0,16,367,8269,10,1.0
98,0.0,1.0,1.497,,,10,130.8580431517954,248.7393982054853,pobre,basal,0,0.0,689.0,1.0,71.0,17,367,8269,10,1.0
97,1.0,1.0,1.497,1.0,7.0,10,130.8580431517954,248.7393982054853,pobre,basal,0,0.0,689.0,1.0,71.0,14,367,8270,7,1.0
98,1.0,1.0,1.497,1.0,8.0,10,130.8580431517954,248.7393982054853,pobre,basal,0,0.0,689.0,1.0,71.0,15,367,8270,7,1.0
97,1.0,1.0,1.497,1.0,4.0,10,130.8580431517954,248.7393982054853,pobre,basal,0,0.0,689.0,1.0,71.0,9,367,8271,4,1.0
98,1.0,1.0,1.497,1.0,5.0,10,130.8580431517954,248.7393982054853,pobre,basal,0,0.0,689.0,1.0,71.0,10,367,8271,4,1.0
97,1.0,1.0,1.497,1.0,0.0,10,130.8580431517954,248.7393982054853,pobre,basal,0,0.0,689.0,1.0,71.0,6,367,8272,0,1.0
98,1.0,1.0,1.497,1.0,1.0,10,130.8580431517954,248.7393982054853,pobre,basal,0,0.0,689.0,1.0,71.0,7,367,8272,0,1.0
97,1.0,1.0,1.497,1.0,9.0,6,130.8580431517954,248.7393982054853,pobre,basal,4,300.0,799.0,1.0,65.0,16,367,8273,9,1.0
98,1.0,1.0,1.497,,,6,130.8580431517954,248.7393982054853,pobre,basal,4,300.0,799.0,1.0,65.0,17,367,8273,9,1.0
97,1.0,1.0,1.497,1.0,7.0,6,130.8580431517954,248.7393982054853,pobre,basal,4,300.0,799.0,1.0,65.0,13,367,8274,7,1.0
98,1.0,1.0,1.497,1.0,8.0,6,130.8580431517954,248.7393982054853,pobre,basal,4,300.0,799.0,1.0,65.0,14,367,8274,7,1.0
97,0.0,1.0,1.497,1.0,3.0,6,130.8580431517954,248.7393982054853,pobre,basal,9,375.0,614.0,1.0,32.0,9,367,8275,3,1.0
98,0.0,1.0,1.497,1.0,4.0,6,130.8580431517954,248.7393982054853,pobre,basal,9,375.0,614.0,1.0,32.0,10,367,8275,3,1.0
97,1.0,1.0,1.497,1.0,2.0,6,130.8580431517954,248.7393982054853,pobre,basal,9,375.0,614.0,1.0,32.0,8,367,8276,2,1.0
98,1.0,1.0,1.497,1.0,3.0,6,130.8580431517954,248.7393982054853,pobre,basal,9,375.0,614.0,1.0,32.0,9,367,8276,2,1.0
97,1.0,1.0,1.497,0.0,9.0,8,130.8580431517954,248.7393982054853,pobre,basal,6,375.0,688.0,1.0,39.0,16,367,8277,9,0.0
98,1.0,1.0,1.497,,,8,130.8580431517954,248.7393982054853,pobre,basal,6,375.0,688.0,1.0,39.0,17,367,8277,9,0.0
97,1.0,1.0,1.497,1.0,6.0,8,130.8580431517954,248.7393982054853,pobre,basal,6,375.0,688.0,1.0,39.0,12,367,8278,6,1.0
98,1.0,1.0,1.497,1.0,7.0,8,130.8580431517954,248.7393982054853,pobre,basal,6,375.0,688.0,1.0,39.0,13,367,8278,6,1.0
97,0.0,1.0,1.497,1.0,4.0,8,130.8580431517954,248.7393982054853,pobre,basal,6,375.0,688.0,1.0,39.0,11,367,8279,4,1.0
98,0.0,1.0,1.497,1.0,5.0,8,130.8580431517954,248.7393982054853,pobre,basal,6,375.0,688.0,1.0,39.0,12,367,8279,4,1.0
97,0.0,1.0,1.497,1.0,3.0,8,130.8580431517954,248.7393982054853,pobre,basal,6,375.0,688.0,1.0,39.0,9,367,8280,3,1.0
98,0.0,1.0,1.497,1.0,4.0,8,130.8580431517954,248.7393982054853,pobre,basal,6,375.0,688.0,1.0,39.0,10,367,8280,3,1.0
97,0.0,1.0,1.497,1.0,0.0,8,130.8580431517954,248.7393982054853,pobre,basal,6,375.0,688.0,1.0,39.0,6,367,8281,0,1.0
98,0.0,1.0,1.497,1.0,1.0,8,130.8580431517954,248.7393982054853,pobre,basal,6,375.0,688.0,1.0,39.0,7,367,8281,0,1.0
97,0.0,1.0,1.497,0.0,6.0,7,130.8580431517954,248.7393982054853,pobre,basal,3,375.0,727.5,1.0,60.0,16,367,8282,6,0.0
98,0.0,1.0,1.497,,,7,130.8580431517954,248.7393982054853,pobre,basal,3,375.0,727.5,1.0,60.0,17,367,8282,6,0.0
97,1.0,1.0,1.497,1.0,9.0,8,130.8580431517954,248.7393982054853,pobre,basal,6,300.0,768.0,1.0,50.0,15,367,8283,9,1.0
98,1.0,1.0,1.497,1.0,10.0,8,130.8580431517954,248.7393982054853,pobre,basal,6,300.0,768.0,1.0,50.0,16,367,8283,9,1.0
97,0.0,1.0,1.497,1.0,0.0,8,130.8580431517954,248.7393982054853,pobre,basal,6,300.0,768.0,1.0,50.0,6,367,8284,0,1.0
98,0.0,1.0,1.497,1.0,1.0,8,130.8580431517954,248.7393982054853,pobre,basal,6,300.0,768.0,1.0,50.0,7,367,8284,0,1.0
97,0.0,1.0,1.497,1.0,5.0,8,130.8580431517954,248.7393982054853,pobre,basal,9,208.33333,613.0,1.0,38.0,11,367,8285,5,1.0
98,0.0,1.0,1.497,1.0,6.0,8,130.8580431517954,248.7393982054853,pobre,basal,9,208.33333,613.0,1.0,38.0,12,367,8285,5,1.0
97,0.0,1.0,1.497,1.0,3.0,8,130.8580431517954,248.7393982054853,pobre,basal,9,208.33333,613.0,1.0,38.0,9,367,8286,3,1.0
98,0.0,1.0,1.497,1.0,4.0,8,130.8580431517954,248.7393982054853,pobre,basal,9,208.33333,613.0,1.0,38.0,10,367,8286,3,1.0
97,1.0,,1.497,1.0,1.0,8,130.8580431517954,248.7393982054853,pobre,basal,9,208.33333,613.0,1.0,38.0,7,367,8287,1,1.0
98,1.0,,1.497,1.0,2.0,8,130.8580431517954,248.7393982054853,pobre,basal,9,208.33333,613.0,1.0,38.0,8,367,8287,1,1.0
97,1.0,0.0,0.0,1.0,5.0,4,135.0014846701755,185.9942662226078,no pobre,basal,2,2500.0,858.0,1.0,60.0,11,318,8288,5,1.0
98,1.0,0.0,0.0,1.0,6.0,4,135.0014846701755,185.9942662226078,no pobre,basal,2,2500.0,858.0,1.0,60.0,12,318,8288,5,1.0
97,1.0,0.0,0.0,1.0,2.0,4,135.0014846701755,185.9942662226078,no pobre,basal,2,2500.0,858.0,1.0,60.0,9,318,8289,2,1.0
98,1.0,0.0,0.0,1.0,3.0,4,135.0014846701755,185.9942662226078,no pobre,basal,2,2500.0,858.0,1.0,60.0,10,318,8289,2,1.0
97,0.0,0.0,0.0,1.0,5.0,6,135.0014846701755,185.9942662226078,no pobre,basal,3,800.0,1048.0,1.0,42.0,13,318,8290,5,1.0
98,0.0,0.0,0.0,1.0,7.0,6,135.0014846701755,185.9942662226078,no pobre,basal,3,800.0,1048.0,1.0,42.0,14,318,8290,5,1.0
97,1.0,1.0,1.497,0.0,12.0,6,130.8580431517954,248.7393982054853,pobre,basal,3,375.0,679.0,1.0,65.0,15,367,8291,12,0.0
98,1.0,1.0,1.497,0.0,3.0,6,130.8580431517954,248.7393982054853,pobre,basal,3,375.0,679.0,1.0,65.0,16,367,8291,12,0.0
97,1.0,1.0,1.497,1.0,6.0,6,130.8580431517954,248.7393982054853,pobre,basal,3,375.0,679.0,1.0,65.0,13,367,8292,6,1.0
98,1.0,1.0,1.497,1.0,6.0,6,130.8580431517954,248.7393982054853,pobre,basal,3,375.0,679.0,1.0,65.0,14,367,8292,6,1.0
97,0.0,0.0,1.497,1.0,8.0,5,130.8580431517954,248.7393982054853,pobre,basal,2,375.0,558.0,1.0,57.0,15,367,8293,8,1.0
98,0.0,0.0,1.497,1.0,9.0,5,130.8580431517954,248.7393982054853,pobre,basal,2,375.0,558.0,1.0,57.0,16,367,8293,8,1.0
97,1.0,0.0,1.497,1.0,11.0,9,130.8580431517954,248.7393982054853,pobre,basal,6,375.0,531.0,1.0,40.0,16,367,8294,11,1.0
98,1.0,0.0,1.497,,,9,130.8580431517954,248.7393982054853,pobre,basal,6,375.0,531.0,1.0,40.0,17,367,8294,11,1.0
97,0.0,0.0,1.497,1.0,6.0,9,130.8580431517954,248.7393982054853,pobre,basal,6,375.0,531.0,1.0,40.0,12,367,8295,6,1.0
98,0.0,0.0,1.497,1.0,7.0,9,130.8580431517954,248.7393982054853,pobre,basal,6,375.0,531.0,1.0,40.0,13,367,8295,6,1.0
97,0.0,0.0,1.497,1.0,3.0,9,130.8580431517954,248.7393982054853,pobre,basal,6,375.0,531.0,1.0,40.0,9,367,8296,3,1.0
98,0.0,0.0,1.497,1.0,4.0,9,130.8580431517954,248.7393982054853,pobre,basal,6,375.0,531.0,1.0,40.0,10,367,8296,3,1.0
97,1.0,0.0,1.497,1.0,1.0,9,130.8580431517954,248.7393982054853,pobre,basal,6,375.0,531.0,1.0,40.0,7,367,8297,1,1.0
98,1.0,0.0,1.497,1.0,2.0,9,130.8580431517954,248.7393982054853,pobre,basal,6,375.0,531.0,1.0,40.0,8,367,8297,1,1.0
97,0.0,1.0,1.497,1.0,6.0,7,130.8580431517954,248.7393982054853,pobre,basal,5,375.0,566.0,1.0,29.0,12,367,8298,6,1.0
98,0.0,1.0,1.497,1.0,7.0,7,130.8580431517954,248.7393982054853,pobre,basal,5,375.0,566.0,1.0,29.0,13,367,8298,6,1.0
97,0.0,1.0,1.497,1.0,3.0,7,130.8580431517954,248.7393982054853,pobre,basal,5,375.0,566.0,1.0,29.0,9,367,8299,3,1.0
98,0.0,1.0,1.497,1.0,4.0,7,130.8580431517954,248.7393982054853,pobre,basal,5,375.0,566.0,1.0,29.0,10,367,8299,3,1.0
97,0.0,1.0,1.497,1.0,1.0,7,130.8580431517954,248.7393982054853,pobre,basal,5,375.0,566.0,1.0,29.0,7,367,8300,1,1.0
98,0.0,1.0,1.497,1.0,2.0,7,130.8580431517954,248.7393982054853,pobre,basal,5,375.0,566.0,1.0,29.0,8,367,8300,1,1.0
97,0.0,1.0,1.497,1.0,1.0,5,130.8580431517954,248.7393982054853,pobre,basal,3,375.0,522.0,1.0,28.0,7,367,8301,1,1.0
98,0.0,1.0,1.497,1.0,2.0,5,130.8580431517954,248.7393982054853,pobre,basal,3,375.0,522.0,1.0,28.0,8,367,8301,1,1.0
97,1.0,0.0,0.0,1.0,4.0,5,135.0014846701755,185.9942662226078,pobre,basal,3,600.0,845.0,1.0,32.0,10,318,8302,4,1.0
98,1.0,0.0,0.0,1.0,5.0,5,135.0014846701755,185.9942662226078,pobre,basal,3,600.0,845.0,1.0,32.0,11,318,8302,4,1.0
97,1.0,0.0,0.0,1.0,2.0,5,135.0014846701755,185.9942662226078,pobre,basal,3,600.0,845.0,1.0,32.0,9,318,8303,2,1.0
98,1.0,0.0,0.0,1.0,3.0,5,135.0014846701755,185.9942662226078,pobre,basal,3,600.0,845.0,1.0,32.0,10,318,8303,2,1.0
97,1.0,1.0,1.497,1.0,0.0,6,130.8580431517954,248.7393982054853,pobre,basal,6,375.0,593.0,1.0,30.0,7,367,8304,0,1.0
98,1.0,1.0,1.497,1.0,1.0,6,130.8580431517954,248.7393982054853,pobre,basal,6,375.0,593.0,1.0,30.0,8,367,8304,0,1.0
97,0.0,1.0,1.497,1.0,0.0,6,130.8580431517954,248.7393982054853,pobre,basal,6,375.0,593.0,1.0,30.0,6,367,8305,0,1.0
98,0.0,1.0,1.497,1.0,0.0,6,130.8580431517954,248.7393982054853,pobre,basal,6,375.0,593.0,1.0,30.0,7,367,8305,0,1.0
97,1.0,1.0,1.497,0.0,8.0,7,130.8580431517954,248.7393982054853,pobre,basal,5,375.0,556.5,1.0,39.0,15,367,8306,8,0.0
98,1.0,1.0,1.497,0.0,8.0,7,130.8580431517954,248.7393982054853,pobre,basal,5,375.0,556.5,1.0,39.0,16,367,8306,8,0.0
97,0.0,1.0,1.497,0.0,7.0,7,130.8580431517954,248.7393982054853,pobre,basal,5,375.0,556.5,1.0,39.0,14,367,8307,7,0.0
98,0.0,1.0,1.497,0.0,7.0,7,130.8580431517954,248.7393982054853,pobre,basal,5,375.0,556.5,1.0,39.0,15,367,8307,7,0.0
97,1.0,1.0,1.497,1.0,4.0,7,130.8580431517954,248.7393982054853,pobre,basal,5,375.0,556.5,1.0,39.0,10,367,8308,4,1.0
98,1.0,1.0,1.497,1.0,5.0,7,130.8580431517954,248.7393982054853,pobre,basal,5,375.0,556.5,1.0,39.0,11,367,8308,4,1.0
97,0.0,1.0,1.497,1.0,0.0,7,130.8580431517954,248.7393982054853,pobre,basal,5,375.0,556.5,1.0,39.0,7,367,8309,0,1.0
98,0.0,1.0,1.497,1.0,1.0,7,130.8580431517954,248.7393982054853,pobre,basal,5,375.0,556.5,1.0,39.0,8,367,8309,0,1.0
97,0.0,1.0,1.497,0.0,6.0,10,130.8580431517954,248.7393982054853,pobre,basal,5,375.0,670.0,1.0,42.0,15,367,8310,6,0.0
98,0.0,1.0,1.497,0.0,6.0,10,130.8580431517954,248.7393982054853,pobre,basal,5,375.0,670.0,1.0,42.0,16,367,8310,6,0.0
97,0.0,1.0,1.497,0.0,6.0,10,130.8580431517954,248.7393982054853,pobre,basal,5,375.0,670.0,1.0,42.0,13,367,8311,6,0.0
98,0.0,1.0,1.497,1.0,6.0,10,130.8580431517954,248.7393982054853,pobre,basal,5,375.0,670.0,1.0,42.0,14,367,8311,6,0.0
97,0.0,1.0,1.497,1.0,0.0,10,130.8580431517954,248.7393982054853,pobre,basal,5,375.0,670.0,1.0,42.0,6,367,8312,0,1.0
98,0.0,1.0,1.497,1.0,1.0,10,130.8580431517954,248.7393982054853,pobre,basal,5,375.0,670.0,1.0,42.0,7,367,8312,0,1.0
97,1.0,1.0,1.497,1.0,2.0,10,130.8580431517954,248.7393982054853,pobre,basal,5,375.0,670.0,1.0,42.0,8,367,8313,2,1.0
98,1.0,1.0,1.497,1.0,3.0,10,130.8580431517954,248.7393982054853,pobre,basal,5,375.0,670.0,1.0,42.0,9,367,8313,2,1.0
97,1.0,1.0,1.497,1.0,4.0,4,130.8580431517954,248.7393982054853,pobre,basal,4,50.0,712.0,1.0,66.0,10,367,8314,4,1.0
98,1.0,1.0,1.497,1.0,5.0,4,130.8580431517954,248.7393982054853,pobre,basal,4,50.0,712.0,1.0,66.0,11,367,8314,4,1.0
97,1.0,1.0,1.497,1.0,2.0,4,130.8580431517954,248.7393982054853,pobre,basal,4,50.0,712.0,1.0,66.0,8,367,8315,2,1.0
98,1.0,1.0,1.497,1.0,3.0,4,130.8580431517954,248.7393982054853,pobre,basal,4,50.0,712.0,1.0,66.0,9,367,8315,2,1.0
97,0.0,1.0,1.497,1.0,3.0,8,130.8580431517954,248.7393982054853,pobre,basal,4,375.0,567.0,1.0,33.0,12,367,8316,3,1.0
98,0.0,1.0,1.497,1.0,4.0,8,130.8580431517954,248.7393982054853,pobre,basal,4,375.0,567.0,1.0,33.0,13,367,8316,3,1.0
97,0.0,1.0,1.497,1.0,2.0,8,130.8580431517954,248.7393982054853,pobre,basal,4,375.0,567.0,1.0,33.0,11,367,8317,2,1.0
98,0.0,1.0,1.497,1.0,2.0,8,130.8580431517954,248.7393982054853,pobre,basal,4,375.0,567.0,1.0,33.0,12,367,8317,2,1.0
97,1.0,1.0,1.497,1.0,2.0,8,130.8580431517954,248.7393982054853,pobre,basal,4,375.0,567.0,1.0,33.0,9,367,8318,2,1.0
98,1.0,1.0,1.497,1.0,2.0,8,130.8580431517954,248.7393982054853,pobre,basal,4,375.0,567.0,1.0,33.0,10,367,8318,2,1.0
97,0.0,1.0,1.497,1.0,0.0,8,130.8580431517954,248.7393982054853,pobre,basal,4,375.0,567.0,1.0,33.0,6,367,8319,0,1.0
98,0.0,1.0,1.497,1.0,0.0,8,130.8580431517954,248.7393982054853,pobre,basal,4,375.0,567.0,1.0,33.0,7,367,8319,0,1.0
97,0.0,1.0,1.497,1.0,0.0,7,130.8580431517954,248.7393982054853,pobre,basal,2,375.0,707.5,1.0,51.0,7,367,8320,0,1.0
98,0.0,1.0,1.497,1.0,1.0,7,130.8580431517954,248.7393982054853,pobre,basal,2,375.0,707.5,1.0,51.0,8,367,8320,0,1.0
97,0.0,1.0,1.497,1.0,9.0,7,130.8580431517954,248.7393982054853,pobre,basal,4,375.0,480.0,1.0,37.0,15,367,8321,9,1.0
98,0.0,1.0,1.497,1.0,9.0,7,130.8580431517954,248.7393982054853,pobre,basal,4,375.0,480.0,1.0,37.0,16,367,8321,9,1.0
97,0.0,1.0,1.497,1.0,5.0,7,130.8580431517954,248.7393982054853,pobre,basal,4,375.0,480.0,1.0,37.0,12,367,8322,5,1.0
98,0.0,1.0,1.497,1.0,6.0,7,130.8580431517954,248.7393982054853,pobre,basal,4,375.0,480.0,1.0,37.0,13,367,8322,5,1.0
97,1.0,1.0,1.497,1.0,4.0,7,130.8580431517954,248.7393982054853,pobre,basal,4,375.0,480.0,1.0,37.0,10,367,8323,4,1.0
98,1.0,1.0,1.497,1.0,5.0,7,130.8580431517954,248.7393982054853,pobre,basal,4,375.0,480.0,1.0,37.0,11,367,8323,4,1.0
97,1.0,1.0,1.497,1.0,2.0,7,130.8580431517954,248.7393982054853,pobre,basal,4,375.0,480.0,1.0,37.0,8,367,8324,2,1.0
98,1.0,1.0,1.497,1.0,3.0,7,130.8580431517954,248.7393982054853,pobre,basal,4,375.0,480.0,1.0,37.0,9,367,8324,2,1.0
97,0.0,1.0,1.497,1.0,0.0,7,130.8580431517954,248.7393982054853,pobre,basal,4,375.0,480.0,1.0,37.0,6,367,8325,0,1.0
98,0.0,1.0,1.497,1.0,1.0,7,130.8580431517954,248.7393982054853,pobre,basal,4,375.0,480.0,1.0,37.0,7,367,8325,0,1.0
97,0.0,1.0,1.497,1.0,2.0,7,130.8580431517954,248.7393982054853,pobre,basal,2,0.0,517.0,0.0,70.0,8,367,8326,2,1.0
98,0.0,1.0,1.497,1.0,3.0,7,130.8580431517954,248.7393982054853,pobre,basal,2,0.0,517.0,0.0,70.0,9,367,8326,2,1.0
97,1.0,1.0,1.497,1.0,0.0,7,130.8580431517954,248.7393982054853,pobre,basal,2,0.0,517.0,0.0,70.0,6,367,8327,0,1.0
98,1.0,1.0,1.497,1.0,1.0,7,130.8580431517954,248.7393982054853,pobre,basal,2,0.0,517.0,0.0,70.0,7,367,8327,0,1.0
97,1.0,1.0,1.497,1.0,2.0,6,130.8580431517954,248.7393982054853,pobre,basal,9,375.0,626.0,1.0,28.0,8,367,8328,2,1.0
98,1.0,1.0,1.497,1.0,3.0,6,130.8580431517954,248.7393982054853,pobre,basal,9,375.0,626.0,1.0,28.0,9,367,8328,2,1.0
97,1.0,1.0,1.497,1.0,0.0,6,130.8580431517954,248.7393982054853,pobre,basal,9,375.0,626.0,1.0,28.0,6,367,8329,0,1.0
98,1.0,1.0,1.497,1.0,1.0,6,130.8580431517954,248.7393982054853,pobre,basal,9,375.0,626.0,1.0,28.0,7,367,8329,0,1.0
97,0.0,1.0,1.497,1.0,2.0,4,130.8580431517954,248.7393982054853,pobre,basal,4,375.0,567.0,1.0,30.0,8,367,8330,2,1.0
98,0.0,1.0,1.497,1.0,3.0,4,130.8580431517954,248.7393982054853,pobre,basal,4,375.0,567.0,1.0,30.0,9,367,8330,2,1.0
97,1.0,0.0,0.0,0.0,5.0,6,135.0014846701755,185.9942662226078,pobre,basal,0,1600.0,903.5,1.0,61.0,11,318,8331,5,0.0
98,1.0,0.0,0.0,,,6,135.0014846701755,185.9942662226078,pobre,basal,0,1600.0,903.5,1.0,61.0,12,318,8331,5,0.0
97,1.0,0.0,0.0,1.0,6.0,6,135.0014846701755,185.9942662226078,pobre,basal,0,1600.0,903.5,1.0,61.0,11,318,8332,6,1.0
98,1.0,0.0,0.0,1.0,7.0,6,135.0014846701755,185.9942662226078,pobre,basal,0,1600.0,903.5,1.0,61.0,12,318,8332,6,1.0
97,1.0,0.0,0.0,0.0,8.0,6,135.0014846701755,185.9942662226078,pobre,basal,4,1625.0,784.0,1.0,43.0,16,318,8333,8,0.0
98,1.0,0.0,0.0,,,6,135.0014846701755,185.9942662226078,pobre,basal,4,1625.0,784.0,1.0,43.0,17,318,8333,8,0.0
97,1.0,0.0,0.0,1.0,4.0,6,135.0014846701755,185.9942662226078,pobre,basal,4,1625.0,784.0,1.0,43.0,10,318,8334,4,1.0
98,1.0,0.0,0.0,1.0,5.0,6,135.0014846701755,185.9942662226078,pobre,basal,4,1625.0,784.0,1.0,43.0,11,318,8334,4,1.0
97,0.0,0.0,0.0,1.0,0.0,6,135.0014846701755,185.9942662226078,pobre,basal,4,1625.0,784.0,1.0,43.0,6,318,8335,0,1.0
98,0.0,0.0,0.0,1.0,1.0,6,135.0014846701755,185.9942662226078,pobre,basal,4,1625.0,784.0,1.0,43.0,7,318,8335,0,1.0
97,0.0,1.0,1.497,1.0,4.0,8,130.8580431517954,248.7393982054853,pobre,basal,3,375.0,573.0,1.0,43.0,11,367,8336,4,1.0
98,0.0,1.0,1.497,1.0,5.0,8,130.8580431517954,248.7393982054853,pobre,basal,3,375.0,573.0,1.0,43.0,12,367,8336,4,1.0
97,0.0,1.0,1.497,1.0,1.0,8,130.8580431517954,248.7393982054853,pobre,basal,3,375.0,573.0,1.0,43.0,7,367,8337,1,1.0
98,0.0,1.0,1.497,1.0,1.0,8,130.8580431517954,248.7393982054853,pobre,basal,3,375.0,573.0,1.0,43.0,8,367,8337,1,1.0
97,1.0,1.0,1.497,1.0,5.0,7,130.8580431517954,248.7393982054853,pobre,basal,3,375.0,454.0,1.0,30.0,11,367,8338,5,1.0
98,1.0,1.0,1.497,1.0,6.0,7,130.8580431517954,248.7393982054853,pobre,basal,3,375.0,454.0,1.0,30.0,12,367,8338,5,1.0
97,1.0,1.0,1.497,1.0,2.0,7,130.8580431517954,248.7393982054853,pobre,basal,3,375.0,454.0,1.0,30.0,8,367,8339,2,1.0
98,1.0,1.0,1.497,1.0,3.0,7,130.8580431517954,248.7393982054853,pobre,basal,3,375.0,454.0,1.0,30.0,9,367,8339,2,1.0
97,1.0,1.0,1.497,1.0,0.0,7,130.8580431517954,248.7393982054853,pobre,basal,3,375.0,454.0,1.0,30.0,6,367,8340,0,1.0
98,1.0,1.0,1.497,1.0,1.0,7,130.8580431517954,248.7393982054853,pobre,basal,3,375.0,454.0,1.0,30.0,7,367,8340,0,1.0
97,1.0,0.0,1.497,0.0,6.0,6,130.8580431517954,248.7393982054853,pobre,basal,4,375.0,610.0,1.0,38.0,14,367,8341,6,0.0
98,1.0,0.0,1.497,1.0,6.0,6,130.8580431517954,248.7393982054853,pobre,basal,4,375.0,610.0,1.0,38.0,15,367,8341,6,0.0
97,0.0,0.0,1.497,0.0,6.0,6,130.8580431517954,248.7393982054853,pobre,basal,4,375.0,610.0,1.0,38.0,12,367,8342,6,0.0
98,0.0,0.0,1.497,1.0,6.0,6,130.8580431517954,248.7393982054853,pobre,basal,4,375.0,610.0,1.0,38.0,13,367,8342,6,0.0
97,0.0,0.0,1.497,1.0,1.0,6,130.8580431517954,248.7393982054853,pobre,basal,4,375.0,610.0,1.0,38.0,8,367,8343,1,1.0
98,0.0,0.0,1.497,1.0,2.0,6,130.8580431517954,248.7393982054853,pobre,basal,4,375.0,610.0,1.0,38.0,9,367,8343,1,1.0
97,0.0,1.0,1.497,1.0,8.0,8,130.8580431517954,248.7393982054853,pobre,basal,3,300.0,760.0,1.0,54.0,15,367,8344,8,1.0
98,0.0,1.0,1.497,0.0,9.0,8,130.8580431517954,248.7393982054853,pobre,basal,3,300.0,760.0,1.0,54.0,16,367,8344,8,1.0
97,1.0,1.0,1.497,1.0,5.0,8,130.8580431517954,248.7393982054853,pobre,basal,3,300.0,760.0,1.0,54.0,13,367,8345,5,1.0
98,1.0,1.0,1.497,1.0,6.0,8,130.8580431517954,248.7393982054853,pobre,basal,3,300.0,760.0,1.0,54.0,14,367,8345,5,1.0
97,0.0,1.0,1.497,1.0,9.0,6,130.8580431517954,248.7393982054853,pobre,basal,4,300.0,602.0,1.0,32.0,15,367,8346,9,1.0
98,0.0,1.0,1.497,1.0,10.0,6,130.8580431517954,248.7393982054853,pobre,basal,4,300.0,602.0,1.0,32.0,16,367,8346,9,1.0
97,0.0,1.0,1.497,1.0,4.0,6,130.8580431517954,248.7393982054853,pobre,basal,4,300.0,602.0,1.0,32.0,10,367,8347,4,1.0
98,0.0,1.0,1.497,1.0,5.0,6,130.8580431517954,248.7393982054853,pobre,basal,4,300.0,602.0,1.0,32.0,11,367,8347,4,1.0
97,0.0,1.0,1.497,1.0,1.0,6,130.8580431517954,248.7393982054853,pobre,basal,4,300.0,602.0,1.0,32.0,7,367,8348,1,1.0
98,0.0,1.0,1.497,1.0,2.0,6,130.8580431517954,248.7393982054853,pobre,basal,4,300.0,602.0,1.0,32.0,8,367,8348,1,1.0
97,0.0,1.0,1.497,1.0,1.0,5,130.8580431517954,248.7393982054853,pobre,basal,3,300.0,522.0,1.0,27.0,7,367,8349,1,1.0
98,0.0,1.0,1.497,1.0,2.0,5,130.8580431517954,248.7393982054853,pobre,basal,3,300.0,522.0,1.0,27.0,8,367,8349,1,1.0
97,0.0,1.0,1.497,0.0,6.0,7,130.8580431517954,248.7393982054853,pobre,basal,3,300.0,607.0,1.0,43.0,16,367,8350,6,0.0
98,0.0,1.0,1.497,,,7,130.8580431517954,248.7393982054853,pobre,basal,3,300.0,607.0,1.0,43.0,17,367,8350,6,0.0
97,1.0,1.0,1.497,0.0,6.0,7,130.8580431517954,248.7393982054853,pobre,basal,3,300.0,607.0,1.0,43.0,13,367,8351,6,0.0
98,1.0,1.0,1.497,0.0,6.0,7,130.8580431517954,248.7393982054853,pobre,basal,3,300.0,607.0,1.0,43.0,14,367,8351,6,0.0
97,1.0,1.0,1.497,1.0,2.0,7,130.8580431517954,248.7393982054853,pobre,basal,3,300.0,607.0,1.0,43.0,12,367,8352,2,1.0
98,1.0,1.0,1.497,1.0,3.0,7,130.8580431517954,248.7393982054853,pobre,basal,3,300.0,607.0,1.0,43.0,13,367,8352,2,1.0
97,0.0,1.0,1.497,1.0,8.0,7,130.8580431517954,248.7393982054853,pobre,basal,5,375.0,577.0,1.0,41.0,14,367,8353,8,1.0
98,0.0,1.0,1.497,1.0,9.0,7,130.8580431517954,248.7393982054853,pobre,basal,5,375.0,577.0,1.0,41.0,15,367,8353,8,1.0
97,0.0,1.0,1.497,0.0,2.0,7,130.8580431517954,248.7393982054853,pobre,basal,5,375.0,577.0,1.0,41.0,8,367,8354,2,0.0
98,0.0,1.0,1.497,1.0,3.0,7,130.8580431517954,248.7393982054853,pobre,basal,5,375.0,577.0,1.0,41.0,9,367,8354,2,0.0
97,0.0,1.0,1.497,0.0,2.0,7,130.8580431517954,248.7393982054853,pobre,basal,5,375.0,577.0,1.0,41.0,8,367,8355,2,0.0
98,0.0,1.0,1.497,1.0,3.0,7,130.8580431517954,248.7393982054853,pobre,basal,5,375.0,577.0,1.0,41.0,9,367,8355,2,0.0
97,1.0,1.0,1.497,1.0,5.0,10,130.8580431517954,248.7393982054853,pobre,basal,6,375.0,759.5,1.0,53.0,13,367,8356,5,1.0
98,1.0,1.0,1.497,1.0,6.0,10,130.8580431517954,248.7393982054853,pobre,basal,6,375.0,759.5,1.0,53.0,14,367,8356,5,1.0
97,0.0,0.0,1.497,1.0,5.0,10,130.8580431517954,248.7393982054853,pobre,basal,6,375.0,759.5,1.0,53.0,10,367,8357,5,1.0
98,0.0,0.0,1.497,1.0,5.0,10,130.8580431517954,248.7393982054853,pobre,basal,6,375.0,759.5,1.0,53.0,11,367,8357,5,1.0
97,1.0,0.0,1.497,1.0,1.0,10,130.8580431517954,248.7393982054853,pobre,basal,6,375.0,759.5,1.0,53.0,8,367,8358,1,1.0
98,1.0,0.0,1.497,1.0,2.0,10,130.8580431517954,248.7393982054853,pobre,basal,6,375.0,759.5,1.0,53.0,9,367,8358,1,1.0
97,1.0,1.0,1.497,1.0,10.0,7,130.8580431517954,248.7393982054853,pobre,basal,5,300.0,786.0,1.0,40.0,16,367,8359,10,1.0
98,1.0,1.0,1.497,,,7,130.8580431517954,248.7393982054853,pobre,basal,5,300.0,786.0,1.0,40.0,17,367,8359,10,1.0
97,0.0,1.0,1.497,1.0,6.0,7,130.8580431517954,248.7393982054853,pobre,basal,5,300.0,786.0,1.0,40.0,13,367,8360,6,1.0
98,0.0,1.0,1.497,1.0,6.0,7,130.8580431517954,248.7393982054853,pobre,basal,5,300.0,786.0,1.0,40.0,14,367,8360,6,1.0
97,0.0,1.0,1.497,1.0,4.0,7,130.8580431517954,248.7393982054853,pobre,basal,5,300.0,786.0,1.0,40.0,10,367,8361,4,1.0
98,0.0,1.0,1.497,1.0,5.0,7,130.8580431517954,248.7393982054853,pobre,basal,5,300.0,786.0,1.0,40.0,11,367,8361,4,1.0
97,1.0,0.0,1.497,1.0,3.0,3,130.8580431517954,248.7393982054853,pobre,basal,9,66.666664,868.0,1.0,54.0,9,367,8362,3,1.0
98,1.0,0.0,1.497,1.0,4.0,3,130.8580431517954,248.7393982054853,pobre,basal,9,66.666664,868.0,1.0,54.0,10,367,8362,3,1.0
97,0.0,0.0,1.497,1.0,6.0,7,130.8580431517954,248.7393982054853,pobre,basal,6,375.0,646.0,1.0,56.0,13,367,8363,6,1.0
98,0.0,0.0,1.497,1.0,7.0,7,130.8580431517954,248.7393982054853,pobre,basal,6,375.0,646.0,1.0,56.0,14,367,8363,6,1.0
97,0.0,0.0,1.497,1.0,5.0,7,130.8580431517954,248.7393982054853,pobre,basal,6,375.0,646.0,1.0,56.0,11,367,8364,5,1.0
98,0.0,0.0,1.497,1.0,6.0,7,130.8580431517954,248.7393982054853,pobre,basal,6,375.0,646.0,1.0,56.0,12,367,8364,5,1.0
97,0.0,0.0,1.497,1.0,2.0,7,130.8580431517954,248.7393982054853,pobre,basal,6,375.0,646.0,1.0,56.0,8,367,8365,2,1.0
98,0.0,0.0,1.497,1.0,3.0,7,130.8580431517954,248.7393982054853,pobre,basal,6,375.0,646.0,1.0,56.0,9,367,8365,2,1.0
97,1.0,0.0,1.497,1.0,0.0,7,130.8580431517954,248.7393982054853,pobre,basal,6,375.0,646.0,1.0,56.0,6,367,8366,0,1.0
98,1.0,0.0,1.497,1.0,1.0,7,130.8580431517954,248.7393982054853,pobre,basal,6,375.0,646.0,1.0,56.0,7,367,8366,0,1.0
97,1.0,0.0,1.497,1.0,5.0,8,130.8580431517954,248.7393982054853,pobre,basal,3,83.333336,902.33099,1.0,68.0,12,367,8367,5,1.0
98,1.0,0.0,1.497,1.0,6.0,8,130.8580431517954,248.7393982054853,pobre,basal,3,83.333336,902.33099,1.0,68.0,13,367,8367,5,1.0
97,0.0,1.0,1.497,0.0,6.0,4,130.8580431517954,248.7393982054853,pobre,basal,4,83.333336,768.0,1.0,59.0,15,367,8368,6,0.0
98,0.0,1.0,1.497,0.0,0.0,4,130.8580431517954,248.7393982054853,pobre,basal,4,83.333336,768.0,1.0,59.0,16,367,8368,6,0.0
97,1.0,1.0,1.497,1.0,9.0,6,130.8580431517954,248.7393982054853,pobre,basal,11,4800.0,817.0,1.0,44.0,14,367,8369,9,1.0
98,1.0,1.0,1.497,1.0,10.0,6,130.8580431517954,248.7393982054853,pobre,basal,11,4800.0,817.0,1.0,44.0,15,367,8369,9,1.0
97,1.0,0.0,1.497,1.0,3.0,6,130.8580431517954,248.7393982054853,pobre,basal,11,4800.0,817.0,1.0,44.0,9,367,8370,3,1.0
98,1.0,0.0,1.497,1.0,4.0,6,130.8580431517954,248.7393982054853,pobre,basal,11,4800.0,817.0,1.0,44.0,10,367,8370,3,1.0
97,1.0,0.0,1.497,1.0,1.0,6,130.8580431517954,248.7393982054853,pobre,basal,11,4800.0,817.0,1.0,44.0,7,367,8371,1,1.0
98,1.0,0.0,1.497,1.0,2.0,6,130.8580431517954,248.7393982054853,pobre,basal,11,4800.0,817.0,1.0,44.0,8,367,8371,1,1.0
97,1.0,0.0,0.0,1.0,5.0,9,132.6925304465425,189.5756633055016,pobre,0,0,800.0,716.5,1.0,44.0,15,315,8372,5,1.0
98,1.0,0.0,0.0,1.0,5.0,9,132.6925304465425,189.5756633055016,pobre,0,0,800.0,716.5,1.0,44.0,16,315,8372,5,1.0
97,1.0,0.0,0.0,1.0,1.0,9,132.6925304465425,189.5756633055016,pobre,0,0,800.0,716.5,1.0,44.0,12,315,8373,1,1.0
98,1.0,0.0,0.0,1.0,2.0,9,132.6925304465425,189.5756633055016,pobre,0,0,800.0,716.5,1.0,44.0,13,315,8373,1,1.0
97,1.0,0.0,0.0,1.0,3.0,9,132.6925304465425,189.5756633055016,pobre,0,0,800.0,716.5,1.0,44.0,10,315,8374,3,1.0
98,1.0,0.0,0.0,1.0,2.0,9,132.6925304465425,189.5756633055016,pobre,0,0,800.0,716.5,1.0,44.0,11,315,8374,3,1.0
97,1.0,0.0,0.0,1.0,0.0,9,132.6925304465425,189.5756633055016,pobre,0,0,800.0,716.5,1.0,44.0,6,315,8375,0,1.0
98,1.0,0.0,0.0,1.0,1.0,9,132.6925304465425,189.5756633055016,pobre,0,0,800.0,716.5,1.0,44.0,7,315,8375,0,1.0
97,0.0,0.0,0.0,1.0,6.0,6,132.6925304465425,189.5756633055016,no pobre,0,4,0.0,1008.0,1.0,50.0,16,315,8376,6,1.0
98,0.0,0.0,0.0,,,6,132.6925304465425,189.5756633055016,no pobre,0,4,0.0,1008.0,1.0,50.0,17,315,8376,6,1.0
97,1.0,1.0,1.497,1.0,9.0,5,130.8580431517954,248.7393982054853,pobre,basal,13,2000.0,835.5,1.0,37.0,15,367,8377,9,1.0
98,1.0,1.0,1.497,1.0,9.0,5,130.8580431517954,248.7393982054853,pobre,basal,13,2000.0,835.5,1.0,37.0,16,367,8377,9,1.0
97,1.0,1.0,1.497,1.0,5.0,5,130.8580431517954,248.7393982054853,pobre,basal,13,2000.0,835.5,1.0,37.0,11,367,8378,5,1.0
98,1.0,1.0,1.497,1.0,6.0,5,130.8580431517954,248.7393982054853,pobre,basal,13,2000.0,835.5,1.0,37.0,12,367,8378,5,1.0
97,0.0,1.0,1.497,1.0,2.0,5,130.8580431517954,248.7393982054853,pobre,basal,13,2000.0,835.5,1.0,37.0,9,367,8379,2,1.0
98,0.0,1.0,1.497,1.0,3.0,5,130.8580431517954,248.7393982054853,pobre,basal,13,2000.0,835.5,1.0,37.0,10,367,8379,2,1.0
97,0.0,1.0,1.497,1.0,4.0,6,130.8580431517954,248.7393982054853,pobre,basal,3,0.0,619.70697,1.0,32.0,12,367,8380,4,1.0
98,0.0,1.0,1.497,,,6,130.8580431517954,248.7393982054853,pobre,basal,3,0.0,619.70697,1.0,32.0,13,367,8380,4,1.0
97,0.0,1.0,1.497,1.0,2.0,6,130.8580431517954,248.7393982054853,pobre,basal,3,0.0,619.70697,1.0,32.0,8,367,8381,2,1.0
98,0.0,1.0,1.497,1.0,3.0,6,130.8580431517954,248.7393982054853,pobre,basal,3,0.0,619.70697,1.0,32.0,9,367,8381,2,1.0
97,1.0,1.0,1.497,0.0,6.0,4,130.8580431517954,248.7393982054853,pobre,basal,4,375.0,564.0,1.0,34.0,14,367,8382,6,0.0
98,1.0,1.0,1.497,0.0,6.0,4,130.8580431517954,248.7393982054853,pobre,basal,4,375.0,564.0,1.0,34.0,15,367,8382,6,0.0
97,1.0,1.0,1.497,1.0,2.0,4,130.8580431517954,248.7393982054853,pobre,basal,4,375.0,564.0,1.0,34.0,10,367,8383,2,1.0
98,1.0,1.0,1.497,1.0,3.0,4,130.8580431517954,248.7393982054853,pobre,basal,4,375.0,564.0,1.0,34.0,11,367,8383,2,1.0
97,1.0,1.0,1.497,1.0,2.0,4,130.8580431517954,248.7393982054853,pobre,basal,4,375.0,564.0,1.0,34.0,8,367,8384,2,1.0
98,1.0,1.0,1.497,1.0,3.0,4,130.8580431517954,248.7393982054853,pobre,basal,4,375.0,564.0,1.0,34.0,9,367,8384,2,1.0
97,1.0,1.0,1.497,1.0,9.0,5,130.8580431517954,248.7393982054853,pobre,basal,6,500.0,926.5,1.0,54.0,16,367,8385,9,1.0
98,1.0,1.0,1.497,,,5,130.8580431517954,248.7393982054853,pobre,basal,6,500.0,926.5,1.0,54.0,17,367,8385,9,1.0
97,0.0,1.0,1.497,1.0,4.0,5,130.8580431517954,248.7393982054853,pobre,basal,6,500.0,926.5,1.0,54.0,11,367,8386,4,1.0
98,0.0,1.0,1.497,1.0,5.0,5,130.8580431517954,248.7393982054853,pobre,basal,6,500.0,926.5,1.0,54.0,12,367,8386,4,1.0
97,1.0,1.0,1.497,1.0,4.0,4,130.8580431517954,248.7393982054853,pobre,basal,6,833.33331,833.0,1.0,38.0,10,367,8387,4,1.0
98,1.0,1.0,1.497,1.0,5.0,4,130.8580431517954,248.7393982054853,pobre,basal,6,833.33331,833.0,1.0,38.0,11,367,8387,4,1.0
97,0.0,1.0,1.497,1.0,0.0,4,130.8580431517954,248.7393982054853,pobre,basal,6,833.33331,833.0,1.0,38.0,6,367,8388,0,1.0
98,0.0,1.0,1.497,1.0,1.0,4,130.8580431517954,248.7393982054853,pobre,basal,6,833.33331,833.0,1.0,38.0,7,367,8388,0,1.0
97,1.0,1.0,1.497,1.0,8.0,10,130.8580431517954,248.7393982054853,pobre,basal,2,0.0,606.617,1.0,72.0,13,367,8389,8,1.0
98,1.0,1.0,1.497,1.0,9.0,10,130.8580431517954,248.7393982054853,pobre,basal,2,0.0,606.617,1.0,72.0,14,367,8389,8,1.0
97,0.0,1.0,1.497,1.0,5.0,10,130.8580431517954,248.7393982054853,pobre,basal,2,0.0,606.617,1.0,72.0,11,367,8390,5,1.0
98,0.0,1.0,1.497,1.0,6.0,10,130.8580431517954,248.7393982054853,pobre,basal,2,0.0,606.617,1.0,72.0,12,367,8390,5,1.0
97,1.0,1.0,1.497,1.0,1.0,4,130.8580431517954,248.7393982054853,pobre,basal,9,300.0,711.0,1.0,32.0,8,367,8391,1,1.0
98,1.0,1.0,1.497,1.0,2.0,4,130.8580431517954,248.7393982054853,pobre,basal,9,300.0,711.0,1.0,32.0,9,367,8391,1,1.0
97,0.0,0.0,1.497,1.0,2.0,5,130.8580431517954,248.7393982054853,pobre,basal,8,0.0,678.0,1.0,32.0,8,367,8392,2,1.0
98,0.0,0.0,1.497,1.0,3.0,5,130.8580431517954,248.7393982054853,pobre,basal,8,0.0,678.0,1.0,32.0,9,367,8392,2,1.0
97,1.0,0.0,1.497,1.0,0.0,5,130.8580431517954,248.7393982054853,pobre,basal,8,0.0,678.0,1.0,32.0,6,367,8393,0,1.0
98,1.0,0.0,1.497,1.0,1.0,5,130.8580431517954,248.7393982054853,pobre,basal,8,0.0,678.0,1.0,32.0,7,367,8393,0,1.0
97,1.0,0.0,2.7379999,1.0,5.0,5,115.9450788670059,140.0621186260371,pobre,0,3,625.0,674.5,1.0,50.0,14,392,8394,5,1.0
98,1.0,0.0,2.7379999,0.0,6.0,5,115.9450788670059,140.0621186260371,pobre,0,3,625.0,674.5,1.0,50.0,15,392,8394,5,1.0
97,1.0,0.0,2.7379999,1.0,3.0,5,115.9450788670059,140.0621186260371,pobre,0,3,625.0,674.5,1.0,50.0,12,392,8395,3,1.0
98,1.0,0.0,2.7379999,1.0,3.0,5,115.9450788670059,140.0621186260371,pobre,0,3,625.0,674.5,1.0,50.0,13,392,8395,3,1.0
97,0.0,0.0,2.7379999,0.0,6.0,9,115.9450788670059,140.0621186260371,pobre,0,0,625.0,783.25,1.0,62.0,16,392,8396,6,0.0
98,0.0,0.0,2.7379999,,,9,115.9450788670059,140.0621186260371,pobre,0,0,625.0,783.25,1.0,62.0,17,392,8396,6,0.0
97,1.0,0.0,2.7379999,1.0,5.0,9,115.9450788670059,140.0621186260371,pobre,0,0,625.0,783.25,1.0,62.0,14,392,8397,5,1.0
98,1.0,0.0,2.7379999,0.0,6.0,9,115.9450788670059,140.0621186260371,pobre,0,0,625.0,783.25,1.0,62.0,15,392,8397,5,1.0
97,1.0,0.0,2.7379999,1.0,5.0,9,115.9450788670059,140.0621186260371,pobre,0,0,625.0,783.25,1.0,62.0,12,392,8398,5,1.0
98,1.0,0.0,2.7379999,0.0,6.0,9,115.9450788670059,140.0621186260371,pobre,0,0,625.0,783.25,1.0,62.0,13,392,8398,5,1.0
97,1.0,0.0,2.7379999,1.0,1.0,4,115.9450788670059,140.0621186260371,pobre,0,4,880.0,660.0,0.0,25.0,7,392,8399,1,1.0
98,1.0,0.0,2.7379999,1.0,2.0,4,115.9450788670059,140.0621186260371,pobre,0,4,880.0,660.0,0.0,25.0,8,392,8399,1,1.0
97,1.0,0.0,2.7379999,1.0,0.0,4,115.9450788670059,140.0621186260371,pobre,0,4,880.0,660.0,0.0,25.0,6,392,8400,0,1.0
98,1.0,0.0,2.7379999,1.0,0.0,4,115.9450788670059,140.0621186260371,pobre,0,4,880.0,660.0,0.0,25.0,7,392,8400,0,1.0
97,1.0,0.0,2.7379999,0.0,6.0,11,115.9450788670059,140.0621186260371,pobre,0,1,500.0,652.66669,1.0,46.0,15,392,8401,6,0.0
98,1.0,0.0,2.7379999,0.0,5.0,11,115.9450788670059,140.0621186260371,pobre,0,1,500.0,652.66669,1.0,46.0,16,392,8401,6,0.0
97,1.0,0.0,2.7379999,1.0,4.0,11,115.9450788670059,140.0621186260371,pobre,0,1,500.0,652.66669,1.0,46.0,13,392,8402,4,1.0
98,1.0,0.0,2.7379999,1.0,5.0,11,115.9450788670059,140.0621186260371,pobre,0,1,500.0,652.66669,1.0,46.0,14,392,8402,4,1.0
97,1.0,0.0,2.7379999,1.0,4.0,11,115.9450788670059,140.0621186260371,pobre,0,1,500.0,652.66669,1.0,46.0,12,392,8403,4,1.0
98,1.0,0.0,2.7379999,1.0,4.0,11,115.9450788670059,140.0621186260371,pobre,0,1,500.0,652.66669,1.0,46.0,13,392,8403,4,1.0
97,1.0,0.0,2.7379999,1.0,1.0,11,115.9450788670059,140.0621186260371,pobre,0,1,500.0,652.66669,1.0,46.0,10,392,8404,1,1.0
98,1.0,0.0,2.7379999,1.0,2.0,11,115.9450788670059,140.0621186260371,pobre,0,1,500.0,652.66669,1.0,46.0,11,392,8404,1,1.0
97,0.0,0.0,2.7379999,1.0,0.0,11,115.9450788670059,140.0621186260371,pobre,0,1,500.0,652.66669,1.0,46.0,7,392,8405,0,1.0
98,0.0,0.0,2.7379999,1.0,1.0,11,115.9450788670059,140.0621186260371,pobre,0,1,500.0,652.66669,1.0,46.0,8,392,8405,0,1.0
97,1.0,0.0,2.7379999,,0.0,11,115.9450788670059,140.0621186260371,pobre,0,1,500.0,652.66669,1.0,46.0,6,392,8406,0,
98,1.0,0.0,2.7379999,1.0,0.0,11,115.9450788670059,140.0621186260371,pobre,0,1,500.0,652.66669,1.0,46.0,7,392,8406,0,
97,1.0,0.0,2.7379999,1.0,1.0,5,115.9450788670059,140.0621186260371,pobre,0,6,625.0,648.0,1.0,32.0,8,392,8407,1,1.0
98,1.0,0.0,2.7379999,1.0,2.0,5,115.9450788670059,140.0621186260371,pobre,0,6,625.0,648.0,1.0,32.0,9,392,8407,1,1.0
97,1.0,0.0,2.7379999,1.0,0.0,5,115.9450788670059,140.0621186260371,pobre,0,6,625.0,648.0,1.0,32.0,7,392,8408,0,1.0
98,1.0,0.0,2.7379999,1.0,1.0,5,115.9450788670059,140.0621186260371,pobre,0,6,625.0,648.0,1.0,32.0,8,392,8408,0,1.0
97,1.0,0.0,2.7379999,1.0,0.0,5,115.9450788670059,140.0621186260371,pobre,0,6,625.0,648.0,1.0,32.0,6,392,8409,0,1.0
98,1.0,0.0,2.7379999,1.0,1.0,5,115.9450788670059,140.0621186260371,pobre,0,6,625.0,648.0,1.0,32.0,7,392,8409,0,1.0
97,1.0,0.0,2.7379999,,0.0,5,115.9450788670059,140.0621186260371,pobre,0,0,640.0,556.0,1.0,26.0,6,392,8410,0,
98,1.0,0.0,2.7379999,,,5,115.9450788670059,140.0621186260371,pobre,0,0,640.0,556.0,1.0,26.0,7,392,8410,0,
97,0.0,0.0,2.7379999,1.0,10.0,4,115.9450788670059,140.0621186260371,pobre,0,2,608.33331,876.0,0.0,46.0,16,392,8411,10,1.0
98,0.0,0.0,2.7379999,,,4,115.9450788670059,140.0621186260371,pobre,0,2,608.33331,876.0,0.0,46.0,17,392,8411,10,1.0
97,0.0,0.0,2.7379999,0.0,6.0,7,115.9450788670059,140.0621186260371,no pobre,0,3,625.0,927.33331,1.0,43.0,15,392,8412,6,0.0
98,0.0,0.0,2.7379999,1.0,6.0,7,115.9450788670059,140.0621186260371,no pobre,0,3,625.0,927.33331,1.0,43.0,16,392,8412,6,0.0
97,1.0,0.0,2.7379999,1.0,7.0,7,115.9450788670059,140.0621186260371,no pobre,0,3,625.0,927.33331,1.0,43.0,13,392,8413,7,1.0
98,1.0,0.0,2.7379999,1.0,8.0,7,115.9450788670059,140.0621186260371,no pobre,0,3,625.0,927.33331,1.0,43.0,14,392,8413,7,1.0
97,1.0,0.0,2.7379999,1.0,1.0,7,115.9450788670059,140.0621186260371,no pobre,0,3,625.0,927.33331,1.0,43.0,8,392,8414,1,1.0
98,1.0,0.0,2.7379999,1.0,2.0,7,115.9450788670059,140.0621186260371,no pobre,0,3,625.0,927.33331,1.0,43.0,9,392,8414,1,1.0
97,0.0,0.0,2.7379999,0.0,3.0,8,115.9450788670059,140.0621186260371,pobre,0,0,625.0,622.0,1.0,34.0,16,392,8415,3,0.0
98,0.0,0.0,2.7379999,0.0,3.0,8,115.9450788670059,140.0621186260371,pobre,0,0,625.0,622.0,1.0,34.0,17,392,8415,3,0.0
97,1.0,0.0,2.7379999,0.0,3.0,8,115.9450788670059,140.0621186260371,pobre,0,0,625.0,622.0,1.0,34.0,15,392,8416,3,0.0
98,1.0,0.0,2.7379999,0.0,3.0,8,115.9450788670059,140.0621186260371,pobre,0,0,625.0,622.0,1.0,34.0,16,392,8416,3,0.0
97,1.0,0.0,2.7379999,1.0,5.0,8,115.9450788670059,140.0621186260371,pobre,0,0,625.0,622.0,1.0,34.0,12,392,8417,5,1.0
98,1.0,0.0,2.7379999,0.0,6.0,8,115.9450788670059,140.0621186260371,pobre,0,0,625.0,622.0,1.0,34.0,13,392,8417,5,1.0
97,0.0,0.0,2.7379999,1.0,4.0,8,115.9450788670059,140.0621186260371,pobre,0,0,625.0,622.0,1.0,34.0,10,392,8418,4,1.0
98,0.0,0.0,2.7379999,1.0,5.0,8,115.9450788670059,140.0621186260371,pobre,0,0,625.0,622.0,1.0,34.0,11,392,8418,4,1.0
97,1.0,0.0,2.4949999,1.0,8.0,13,114.5440196251351,152.7561625283715,no pobre,basal,3,500.0,1006.75,1.0,67.0,16,121,8419,8,1.0
98,1.0,0.0,2.4949999,,,13,114.5440196251351,152.7561625283715,no pobre,basal,3,500.0,1006.75,1.0,67.0,17,121,8419,8,1.0
97,1.0,0.0,2.4949999,1.0,5.0,13,114.5440196251351,152.7561625283715,no pobre,basal,3,500.0,1006.75,1.0,67.0,12,121,8420,5,1.0
98,1.0,0.0,2.4949999,1.0,6.0,13,114.5440196251351,152.7561625283715,no pobre,basal,3,500.0,1006.75,1.0,67.0,13,121,8420,5,1.0
97,1.0,0.0,2.4949999,1.0,3.0,13,114.5440196251351,152.7561625283715,no pobre,basal,3,500.0,1006.75,1.0,67.0,10,121,8421,3,1.0
98,1.0,0.0,2.4949999,1.0,4.0,13,114.5440196251351,152.7561625283715,no pobre,basal,3,500.0,1006.75,1.0,67.0,11,121,8421,3,1.0
97,1.0,0.0,2.4949999,1.0,2.0,6,114.5440196251351,152.7561625283715,pobre,basal,0,0.0,757.0,0.0,56.0,9,121,8422,2,1.0
98,1.0,0.0,2.4949999,,,6,114.5440196251351,152.7561625283715,pobre,basal,0,0.0,757.0,0.0,56.0,10,121,8422,2,1.0
97,0.0,0.0,2.4949999,0.0,6.0,3,114.5440196251351,152.7561625283715,pobre,basal,0,0.0,742.0,0.0,80.0,15,121,8423,6,0.0
98,0.0,0.0,2.4949999,,,3,114.5440196251351,152.7561625283715,pobre,basal,0,0.0,742.0,0.0,80.0,16,121,8423,6,0.0
97,1.0,0.0,2.4949999,1.0,3.0,3,114.5440196251351,152.7561625283715,pobre,basal,0,0.0,742.0,0.0,80.0,10,121,8424,3,1.0
98,1.0,0.0,2.4949999,1.0,4.0,3,114.5440196251351,152.7561625283715,pobre,basal,0,0.0,742.0,0.0,80.0,11,121,8424,3,1.0
97,0.0,0.0,2.4949999,0.0,6.0,8,114.5440196251351,152.7561625283715,pobre,basal,2,750.0,683.0,1.0,55.0,15,121,8425,6,0.0
98,0.0,0.0,2.4949999,0.0,6.0,8,114.5440196251351,152.7561625283715,pobre,basal,2,750.0,683.0,1.0,55.0,16,121,8425,6,0.0
97,0.0,0.0,2.4949999,1.0,6.0,8,114.5440196251351,152.7561625283715,pobre,basal,2,750.0,683.0,1.0,55.0,12,121,8426,6,1.0
98,0.0,0.0,2.4949999,0.0,6.0,8,114.5440196251351,152.7561625283715,pobre,basal,2,750.0,683.0,1.0,55.0,13,121,8426,6,1.0
97,0.0,0.0,2.4949999,0.0,6.0,8,114.5440196251351,152.7561625283715,pobre,basal,2,750.0,683.0,1.0,55.0,15,121,8427,6,0.0
98,0.0,0.0,2.4949999,1.0,6.0,8,114.5440196251351,152.7561625283715,pobre,basal,2,750.0,683.0,1.0,55.0,16,121,8427,6,0.0
97,0.0,0.0,2.4949999,,0.0,8,114.5440196251351,152.7561625283715,pobre,basal,2,750.0,683.0,1.0,55.0,7,121,8428,0,
98,0.0,0.0,2.4949999,1.0,2.0,8,114.5440196251351,152.7561625283715,pobre,basal,2,750.0,683.0,1.0,55.0,8,121,8428,0,
97,0.0,0.0,2.4949999,0.0,6.0,9,114.5440196251351,152.7561625283715,pobre,basal,3,500.0,704.57141,1.0,60.0,16,121,8429,6,0.0
98,0.0,0.0,2.4949999,,,9,114.5440196251351,152.7561625283715,pobre,basal,3,500.0,704.57141,1.0,60.0,17,121,8429,6,0.0
97,0.0,0.0,2.4949999,0.0,6.0,9,114.5440196251351,152.7561625283715,pobre,basal,3,500.0,704.57141,1.0,60.0,15,121,8430,6,0.0
98,0.0,0.0,2.4949999,0.0,6.0,9,114.5440196251351,152.7561625283715,pobre,basal,3,500.0,704.57141,1.0,60.0,16,121,8430,6,0.0
97,0.0,0.0,2.4949999,0.0,6.0,9,114.5440196251351,152.7561625283715,pobre,basal,3,500.0,704.57141,1.0,60.0,12,121,8431,6,0.0
98,0.0,0.0,2.4949999,0.0,6.0,9,114.5440196251351,152.7561625283715,pobre,basal,3,500.0,704.57141,1.0,60.0,13,121,8431,6,0.0
97,0.0,0.0,2.4949999,0.0,6.0,9,114.5440196251351,152.7561625283715,pobre,basal,3,500.0,704.57141,1.0,60.0,15,121,8432,6,0.0
98,0.0,0.0,2.4949999,,,9,114.5440196251351,152.7561625283715,pobre,basal,3,500.0,704.57141,1.0,60.0,16,121,8432,6,0.0
97,0.0,0.0,2.4949999,1.0,6.0,9,114.5440196251351,152.7561625283715,pobre,basal,3,500.0,704.57141,1.0,60.0,12,121,8433,6,1.0
98,0.0,0.0,2.4949999,,,9,114.5440196251351,152.7561625283715,pobre,basal,3,500.0,704.57141,1.0,60.0,13,121,8433,6,1.0
97,1.0,0.0,2.4949999,1.0,1.0,4,114.5440196251351,152.7561625283715,pobre,basal,6,1400.0,701.0,1.0,33.0,7,121,8434,1,1.0
98,1.0,0.0,2.4949999,1.0,2.0,4,114.5440196251351,152.7561625283715,pobre,basal,6,1400.0,701.0,1.0,33.0,8,121,8434,1,1.0
97,0.0,0.0,2.4949999,0.0,6.0,14,114.5440196251351,152.7561625283715,pobre,basal,3,1750.0,399.0,1.0,43.0,16,121,8435,6,0.0
98,0.0,0.0,2.4949999,,,14,114.5440196251351,152.7561625283715,pobre,basal,3,1750.0,399.0,1.0,43.0,17,121,8435,6,0.0
97,1.0,0.0,2.4949999,1.0,8.0,14,114.5440196251351,152.7561625283715,pobre,basal,3,1750.0,399.0,1.0,43.0,14,121,8436,8,1.0
98,1.0,0.0,2.4949999,1.0,9.0,14,114.5440196251351,152.7561625283715,pobre,basal,3,1750.0,399.0,1.0,43.0,15,121,8436,8,1.0
97,1.0,0.0,2.4949999,1.0,6.0,14,114.5440196251351,152.7561625283715,pobre,basal,3,1750.0,399.0,1.0,43.0,12,121,8437,6,1.0
98,1.0,0.0,2.4949999,1.0,7.0,14,114.5440196251351,152.7561625283715,pobre,basal,3,1750.0,399.0,1.0,43.0,13,121,8437,6,1.0
97,1.0,0.0,2.4949999,1.0,1.0,14,114.5440196251351,152.7561625283715,pobre,basal,3,1750.0,399.0,1.0,43.0,8,121,8438,1,1.0
98,1.0,0.0,2.4949999,1.0,2.0,14,114.5440196251351,152.7561625283715,pobre,basal,3,1750.0,399.0,1.0,43.0,9,121,8438,1,1.0
97,1.0,0.0,2.4949999,1.0,1.0,14,114.5440196251351,152.7561625283715,pobre,basal,3,1750.0,399.0,1.0,43.0,7,121,8439,1,1.0
98,1.0,0.0,2.4949999,1.0,2.0,14,114.5440196251351,152.7561625283715,pobre,basal,3,1750.0,399.0,1.0,43.0,8,121,8439,1,1.0
97,1.0,0.0,2.4949999,1.0,7.0,4,114.5440196251351,152.7561625283715,pobre,basal,3,625.0,741.0,1.0,46.0,13,121,8440,7,1.0
98,1.0,0.0,2.4949999,1.0,8.0,4,114.5440196251351,152.7561625283715,pobre,basal,3,625.0,741.0,1.0,46.0,14,121,8440,7,1.0
97,0.0,0.0,2.4949999,1.0,6.0,4,114.5440196251351,152.7561625283715,pobre,basal,3,625.0,741.0,1.0,46.0,12,121,8441,6,1.0
98,0.0,0.0,2.4949999,1.0,6.0,4,114.5440196251351,152.7561625283715,pobre,basal,3,625.0,741.0,1.0,46.0,13,121,8441,6,1.0
97,0.0,0.0,2.4949999,0.0,6.0,6,114.5440196251351,152.7561625283715,pobre,basal,4,5000.0,912.0,1.0,40.0,15,121,8442,6,0.0
98,0.0,0.0,2.4949999,0.0,6.0,6,114.5440196251351,152.7561625283715,pobre,basal,4,5000.0,912.0,1.0,40.0,16,121,8442,6,0.0
97,1.0,0.0,2.4949999,1.0,7.0,6,114.5440196251351,152.7561625283715,pobre,basal,4,5000.0,912.0,1.0,40.0,13,121,8443,7,1.0
98,1.0,0.0,2.4949999,1.0,8.0,6,114.5440196251351,152.7561625283715,pobre,basal,4,5000.0,912.0,1.0,40.0,14,121,8443,7,1.0
97,0.0,0.0,2.4949999,0.0,6.0,9,114.5440196251351,152.7561625283715,pobre,basal,2,875.0,744.0,1.0,45.0,14,121,8444,6,0.0
98,0.0,0.0,2.4949999,0.0,6.0,9,114.5440196251351,152.7561625283715,pobre,basal,2,875.0,744.0,1.0,45.0,15,121,8444,6,0.0
97,0.0,0.0,2.4949999,1.0,5.0,9,114.5440196251351,152.7561625283715,pobre,basal,2,875.0,744.0,1.0,45.0,11,121,8445,5,1.0
98,0.0,0.0,2.4949999,1.0,6.0,9,114.5440196251351,152.7561625283715,pobre,basal,2,875.0,744.0,1.0,45.0,12,121,8445,5,1.0
97,1.0,0.0,2.4949999,1.0,3.0,9,114.5440196251351,152.7561625283715,pobre,basal,2,875.0,744.0,1.0,45.0,9,121,8446,3,1.0
98,1.0,0.0,2.4949999,1.0,4.0,9,114.5440196251351,152.7561625283715,pobre,basal,2,875.0,744.0,1.0,45.0,10,121,8446,3,1.0
97,0.0,0.0,2.4949999,1.0,8.0,7,114.5440196251351,152.7561625283715,no pobre,basal,3,5000.0,960.25,1.0,41.0,14,121,8447,8,1.0
98,0.0,0.0,2.4949999,0.0,9.0,7,114.5440196251351,152.7561625283715,no pobre,basal,3,5000.0,960.25,1.0,41.0,15,121,8447,8,1.0
97,0.0,0.0,2.4949999,1.0,3.0,7,114.5440196251351,152.7561625283715,no pobre,basal,3,5000.0,960.25,1.0,41.0,11,121,8448,3,1.0
98,0.0,0.0,2.4949999,1.0,4.0,7,114.5440196251351,152.7561625283715,no pobre,basal,3,5000.0,960.25,1.0,41.0,12,121,8448,3,1.0
97,1.0,0.0,0.0,0.0,9.0,9,146.5902897344064,146.5902897344064,pobre,basal,4,0.0,400.0,0.0,44.0,16,309,8449,9,0.0
98,1.0,0.0,0.0,,,9,146.5902897344064,146.5902897344064,pobre,basal,4,0.0,400.0,0.0,44.0,17,309,8449,9,0.0
97,1.0,0.0,0.0,1.0,4.0,9,146.5902897344064,146.5902897344064,pobre,basal,4,0.0,400.0,0.0,44.0,9,309,8450,4,1.0
98,1.0,0.0,0.0,1.0,5.0,9,146.5902897344064,146.5902897344064,pobre,basal,4,0.0,400.0,0.0,44.0,10,309,8450,4,1.0
97,0.0,0.0,0.0,0.0,9.0,7,146.5902897344064,146.5902897344064,pobre,basal,2,500.0,529.0,1.0,50.0,16,309,8451,9,0.0
98,0.0,0.0,0.0,,,7,146.5902897344064,146.5902897344064,pobre,basal,2,500.0,529.0,1.0,50.0,17,309,8451,9,0.0
97,0.0,0.0,0.0,1.0,7.0,7,146.5902897344064,146.5902897344064,pobre,basal,2,500.0,529.0,1.0,50.0,13,309,8452,7,1.0
98,0.0,0.0,0.0,1.0,8.0,7,146.5902897344064,146.5902897344064,pobre,basal,2,500.0,529.0,1.0,50.0,14,309,8452,7,1.0
97,1.0,0.0,0.0,1.0,4.0,7,146.5902897344064,146.5902897344064,pobre,basal,2,500.0,529.0,1.0,50.0,10,309,8453,4,1.0
98,1.0,0.0,0.0,1.0,4.0,7,146.5902897344064,146.5902897344064,pobre,basal,2,500.0,529.0,1.0,50.0,11,309,8453,4,1.0
97,0.0,0.0,0.0,1.0,6.0,8,146.5902897344064,146.5902897344064,pobre,basal,1,625.0,558.0,1.0,47.0,15,309,8454,6,1.0
98,0.0,0.0,0.0,1.0,7.0,8,146.5902897344064,146.5902897344064,pobre,basal,1,625.0,558.0,1.0,47.0,16,309,8454,6,1.0
97,1.0,0.0,0.0,1.0,8.0,8,146.5902897344064,146.5902897344064,pobre,basal,1,625.0,558.0,1.0,47.0,12,309,8455,8,1.0
98,1.0,0.0,0.0,1.0,5.0,8,146.5902897344064,146.5902897344064,pobre,basal,1,625.0,558.0,1.0,47.0,13,309,8455,8,1.0
97,0.0,0.0,0.0,1.0,3.0,8,146.5902897344064,146.5902897344064,pobre,basal,1,625.0,558.0,1.0,47.0,6,309,8456,3,1.0
98,0.0,0.0,0.0,1.0,4.0,8,146.5902897344064,146.5902897344064,pobre,basal,1,625.0,558.0,1.0,47.0,7,309,8456,3,1.0
97,1.0,0.0,0.0,1.0,3.0,12,146.5902897344064,146.5902897344064,pobre,basal,3,500.0,503.0,1.0,55.0,9,309,8457,3,1.0
98,1.0,0.0,0.0,,,12,146.5902897344064,146.5902897344064,pobre,basal,3,500.0,503.0,1.0,55.0,10,309,8457,3,1.0
97,1.0,0.0,0.0,1.0,2.0,12,146.5902897344064,146.5902897344064,pobre,basal,3,500.0,503.0,1.0,55.0,8,309,8458,2,1.0
98,1.0,0.0,0.0,,,12,146.5902897344064,146.5902897344064,pobre,basal,3,500.0,503.0,1.0,55.0,9,309,8458,2,1.0
97,0.0,0.0,0.0,1.0,3.0,8,146.5902897344064,146.5902897344064,pobre,basal,0,500.0,573.0,1.0,67.0,8,309,8459,3,1.0
98,0.0,0.0,0.0,1.0,4.0,8,146.5902897344064,146.5902897344064,pobre,basal,0,500.0,573.0,1.0,67.0,9,309,8459,3,1.0
97,1.0,0.0,0.0,1.0,2.0,8,146.5902897344064,146.5902897344064,pobre,basal,0,500.0,573.0,1.0,67.0,8,309,8460,2,1.0
98,1.0,0.0,0.0,1.0,3.0,8,146.5902897344064,146.5902897344064,pobre,basal,0,500.0,573.0,1.0,67.0,9,309,8460,2,1.0
97,1.0,0.0,0.0,1.0,7.0,10,146.5902897344064,146.5902897344064,pobre,basal,0,750.0,596.0,1.0,52.0,14,309,8461,7,1.0
98,1.0,0.0,0.0,1.0,8.0,10,146.5902897344064,146.5902897344064,pobre,basal,0,750.0,596.0,1.0,52.0,15,309,8461,7,1.0
97,1.0,0.0,0.0,1.0,4.0,10,146.5902897344064,146.5902897344064,pobre,basal,0,750.0,596.0,1.0,52.0,11,309,8462,4,1.0
98,1.0,0.0,0.0,1.0,5.0,10,146.5902897344064,146.5902897344064,pobre,basal,0,750.0,596.0,1.0,52.0,12,309,8462,4,1.0
97,1.0,0.0,0.0,,3.0,10,146.5902897344064,146.5902897344064,pobre,basal,0,750.0,596.0,1.0,52.0,9,309,8463,3,
98,1.0,0.0,0.0,1.0,4.0,10,146.5902897344064,146.5902897344064,pobre,basal,0,750.0,596.0,1.0,52.0,10,309,8463,3,
97,0.0,0.0,0.0,0.0,6.0,6,146.5902897344064,146.5902897344064,pobre,basal,3,0.0,520.0,1.0,45.0,16,309,8464,6,0.0
98,0.0,0.0,0.0,,,6,146.5902897344064,146.5902897344064,pobre,basal,3,0.0,520.0,1.0,45.0,17,309,8464,6,0.0
97,0.0,0.0,0.0,1.0,7.0,6,146.5902897344064,146.5902897344064,pobre,basal,3,0.0,520.0,1.0,45.0,13,309,8465,7,1.0
98,0.0,0.0,0.0,1.0,8.0,6,146.5902897344064,146.5902897344064,pobre,basal,3,0.0,520.0,1.0,45.0,14,309,8465,7,1.0
97,0.0,0.0,0.0,1.0,3.0,6,146.5902897344064,146.5902897344064,pobre,basal,3,0.0,520.0,1.0,45.0,9,309,8466,3,1.0
98,0.0,0.0,0.0,1.0,4.0,6,146.5902897344064,146.5902897344064,pobre,basal,3,0.0,520.0,1.0,45.0,10,309,8466,3,1.0
97,1.0,0.0,0.0,1.0,1.0,6,146.5902897344064,146.5902897344064,pobre,basal,3,0.0,520.0,1.0,45.0,7,309,8467,1,1.0
98,1.0,0.0,0.0,1.0,2.0,6,146.5902897344064,146.5902897344064,pobre,basal,3,0.0,520.0,1.0,45.0,8,309,8467,1,1.0
97,1.0,0.0,0.0,1.0,8.0,3,146.5902897344064,146.5902897344064,no pobre,basal,2,375.0,698.0,0.0,67.0,15,309,8468,8,1.0
98,1.0,0.0,0.0,1.0,9.0,3,146.5902897344064,146.5902897344064,no pobre,basal,2,375.0,698.0,0.0,67.0,16,309,8468,8,1.0
97,1.0,0.0,4.5120001,0.0,6.0,7,60.22839731787766,60.22839731787766,pobre,basal,1,66.666664,680.25,1.0,50.0,14,275,8469,6,0.0
98,1.0,0.0,4.5120001,0.0,6.0,7,60.22839731787766,60.22839731787766,pobre,basal,1,66.666664,680.25,1.0,50.0,15,275,8469,6,0.0
97,1.0,0.0,4.5120001,1.0,3.0,7,60.22839731787766,60.22839731787766,pobre,basal,1,66.666664,680.25,1.0,50.0,10,275,8470,3,1.0
98,1.0,0.0,4.5120001,1.0,4.0,7,60.22839731787766,60.22839731787766,pobre,basal,1,66.666664,680.25,1.0,50.0,11,275,8470,3,1.0
97,1.0,0.0,4.5120001,0.0,6.0,8,60.22839731787766,60.22839731787766,pobre,basal,2,100.0,657.20001,1.0,46.0,16,275,8471,6,0.0
98,1.0,0.0,4.5120001,0.0,6.0,8,60.22839731787766,60.22839731787766,pobre,basal,2,100.0,657.20001,1.0,46.0,17,275,8471,6,0.0
97,1.0,0.0,4.5120001,0.0,6.0,8,60.22839731787766,60.22839731787766,pobre,basal,2,100.0,657.20001,1.0,46.0,15,275,8472,6,0.0
98,1.0,0.0,4.5120001,0.0,6.0,8,60.22839731787766,60.22839731787766,pobre,basal,2,100.0,657.20001,1.0,46.0,16,275,8472,6,0.0
97,1.0,0.0,4.5120001,1.0,5.0,8,60.22839731787766,60.22839731787766,pobre,basal,2,100.0,657.20001,1.0,46.0,12,275,8473,5,1.0
98,1.0,0.0,4.5120001,0.0,6.0,8,60.22839731787766,60.22839731787766,pobre,basal,2,100.0,657.20001,1.0,46.0,13,275,8473,5,1.0
97,0.0,0.0,4.5120001,1.0,2.0,8,60.22839731787766,60.22839731787766,pobre,basal,2,100.0,657.20001,1.0,46.0,8,275,8474,2,1.0
98,0.0,0.0,4.5120001,1.0,3.0,8,60.22839731787766,60.22839731787766,pobre,basal,2,100.0,657.20001,1.0,46.0,9,275,8474,2,1.0
97,1.0,0.0,4.2909999,1.0,5.0,8,49.3929724122933,49.3929724122933,pobre,0,2,1000.0,726.0,1.0,41.0,13,285,8475,5,1.0
98,1.0,0.0,4.2909999,0.0,5.0,8,49.3929724122933,49.3929724122933,pobre,0,2,1000.0,726.0,1.0,41.0,14,285,8475,5,1.0
97,1.0,0.0,4.2909999,1.0,4.0,8,49.3929724122933,49.3929724122933,pobre,0,2,1000.0,726.0,1.0,41.0,10,285,8476,4,1.0
98,1.0,0.0,4.2909999,1.0,5.0,8,49.3929724122933,49.3929724122933,pobre,0,2,1000.0,726.0,1.0,41.0,11,285,8476,4,1.0
97,1.0,0.0,4.2909999,1.0,4.0,3,49.3929724122933,49.3929724122933,pobre,0,3,800.0,878.0,1.0,28.0,9,285,8477,4,1.0
98,1.0,0.0,4.2909999,1.0,4.0,3,49.3929724122933,49.3929724122933,pobre,0,3,800.0,878.0,1.0,28.0,10,285,8477,4,1.0
97,0.0,0.0,4.2909999,1.0,5.0,8,49.3929724122933,49.3929724122933,pobre,0,2,800.0,852.0,1.0,48.0,12,285,8478,5,1.0
98,0.0,0.0,4.2909999,0.0,6.0,8,49.3929724122933,49.3929724122933,pobre,0,2,800.0,852.0,1.0,48.0,13,285,8478,5,1.0
97,0.0,0.0,4.2909999,1.0,5.0,8,49.3929724122933,49.3929724122933,pobre,0,2,800.0,852.0,1.0,48.0,11,285,8479,5,1.0
98,0.0,0.0,4.2909999,0.0,6.0,8,49.3929724122933,49.3929724122933,pobre,0,2,800.0,852.0,1.0,48.0,12,285,8479,5,1.0
97,1.0,0.0,3.6010001,1.0,0.0,7,89.38165253308725,89.38165253308725,pobre,basal,6,800.0,588.0,1.0,26.0,6,295,8480,0,1.0
98,1.0,0.0,3.6010001,1.0,1.0,7,89.38165253308725,89.38165253308725,pobre,basal,6,800.0,588.0,1.0,26.0,7,295,8480,0,1.0
97,1.0,0.0,3.6010001,0.0,6.0,11,89.38165253308725,89.38165253308725,pobre,basal,0,1600.0,835.25,1.0,47.0,15,295,8481,6,0.0
98,1.0,0.0,3.6010001,0.0,6.0,11,89.38165253308725,89.38165253308725,pobre,basal,0,1600.0,835.25,1.0,47.0,16,295,8481,6,0.0
97,0.0,0.0,3.6010001,1.0,4.0,11,89.38165253308725,89.38165253308725,pobre,basal,0,1600.0,835.25,1.0,47.0,10,295,8482,4,1.0
98,0.0,0.0,3.6010001,1.0,5.0,11,89.38165253308725,89.38165253308725,pobre,basal,0,1600.0,835.25,1.0,47.0,11,295,8482,4,1.0
97,0.0,0.0,3.6010001,0.0,6.0,9,89.38165253308725,89.38165253308725,pobre,basal,0,1000.0,929.75,1.0,52.0,16,295,8483,6,0.0
98,0.0,0.0,3.6010001,0.0,5.0,9,89.38165253308725,89.38165253308725,pobre,basal,0,1000.0,929.75,1.0,52.0,17,295,8483,6,0.0
97,1.0,0.0,3.6010001,1.0,3.0,9,89.38165253308725,89.38165253308725,pobre,basal,0,1000.0,929.75,1.0,52.0,10,295,8484,3,1.0
98,1.0,0.0,3.6010001,1.0,4.0,9,89.38165253308725,89.38165253308725,pobre,basal,0,1000.0,929.75,1.0,52.0,11,295,8484,3,1.0
97,0.0,0.0,3.6010001,1.0,1.0,9,89.38165253308725,89.38165253308725,pobre,basal,0,1000.0,929.75,1.0,52.0,7,295,8485,1,1.0
98,0.0,0.0,3.6010001,1.0,1.0,9,89.38165253308725,89.38165253308725,pobre,basal,0,1000.0,929.75,1.0,52.0,8,295,8485,1,1.0
97,1.0,0.0,3.6010001,1.0,2.0,4,89.38165253308725,89.38165253308725,pobre,basal,2,400.0,608.0,1.0,48.0,8,295,8486,2,1.0
98,1.0,0.0,3.6010001,1.0,3.0,4,89.38165253308725,89.38165253308725,pobre,basal,2,400.0,608.0,1.0,48.0,9,295,8486,2,1.0
97,0.0,0.0,0.0,1.0,0.0,4,124.6802654676539,124.6802654676539,pobre,0,6,500.0,461.0,1.0,27.0,6,310,8487,0,1.0
98,0.0,0.0,0.0,1.0,1.0,4,124.6802654676539,124.6802654676539,pobre,0,6,500.0,461.0,1.0,27.0,7,310,8487,0,1.0
97,1.0,0.0,0.0,1.0,7.0,5,124.6802654676539,124.6802654676539,no pobre,0,2,0.0,756.0,1.0,61.0,15,310,8488,7,1.0
98,1.0,0.0,0.0,1.0,8.0,5,124.6802654676539,124.6802654676539,no pobre,0,2,0.0,756.0,1.0,61.0,16,310,8488,7,1.0
97,1.0,0.0,0.0,0.0,9.0,11,124.6802654676539,124.6802654676539,pobre,0,2,0.0,428.0,1.0,43.0,15,310,8489,9,0.0
98,1.0,0.0,0.0,0.0,9.0,11,124.6802654676539,124.6802654676539,pobre,0,2,0.0,428.0,1.0,43.0,16,310,8489,9,0.0
97,0.0,0.0,0.0,1.0,6.0,11,124.6802654676539,124.6802654676539,pobre,0,2,0.0,428.0,1.0,43.0,12,310,8490,6,1.0
98,0.0,0.0,0.0,1.0,7.0,11,124.6802654676539,124.6802654676539,pobre,0,2,0.0,428.0,1.0,43.0,13,310,8490,6,1.0
97,0.0,0.0,0.0,1.0,3.0,11,124.6802654676539,124.6802654676539,pobre,0,2,0.0,428.0,1.0,43.0,9,310,8491,3,1.0
98,0.0,0.0,0.0,1.0,4.0,11,124.6802654676539,124.6802654676539,pobre,0,2,0.0,428.0,1.0,43.0,10,310,8491,3,1.0
97,0.0,0.0,0.0,1.0,0.0,11,124.6802654676539,124.6802654676539,pobre,0,2,0.0,428.0,1.0,43.0,6,310,8492,0,1.0
98,0.0,0.0,0.0,1.0,1.0,11,124.6802654676539,124.6802654676539,pobre,0,2,0.0,428.0,1.0,43.0,7,310,8492,0,1.0
97,1.0,0.0,0.0,1.0,8.0,8,124.6802654676539,124.6802654676539,pobre,0,2,0.0,535.0,1.0,53.0,15,310,8493,8,1.0
98,1.0,0.0,0.0,0.0,9.0,8,124.6802654676539,124.6802654676539,pobre,0,2,0.0,535.0,1.0,53.0,16,310,8493,8,1.0
97,0.0,0.0,0.0,1.0,6.0,8,124.6802654676539,124.6802654676539,pobre,0,2,0.0,535.0,1.0,53.0,12,310,8494,6,1.0
98,0.0,0.0,0.0,1.0,7.0,8,124.6802654676539,124.6802654676539,pobre,0,2,0.0,535.0,1.0,53.0,13,310,8494,6,1.0
97,0.0,0.0,0.0,1.0,2.0,8,124.6802654676539,124.6802654676539,pobre,0,2,0.0,535.0,1.0,53.0,8,310,8495,2,1.0
98,0.0,0.0,0.0,1.0,3.0,8,124.6802654676539,124.6802654676539,pobre,0,2,0.0,535.0,1.0,53.0,9,310,8495,2,1.0
97,0.0,0.0,0.0,0.0,6.0,6,124.6802654676539,124.6802654676539,pobre,0,0,0.0,577.0,1.0,37.0,13,310,8496,6,0.0
98,0.0,0.0,0.0,0.0,6.0,6,124.6802654676539,124.6802654676539,pobre,0,0,0.0,577.0,1.0,37.0,14,310,8496,6,0.0
97,0.0,0.0,0.0,0.0,6.0,6,124.6802654676539,124.6802654676539,pobre,0,0,0.0,577.0,1.0,37.0,12,310,8497,6,0.0
98,0.0,0.0,0.0,0.0,6.0,6,124.6802654676539,124.6802654676539,pobre,0,0,0.0,577.0,1.0,37.0,13,310,8497,6,0.0
97,1.0,0.0,0.0,1.0,2.0,6,124.6802654676539,124.6802654676539,pobre,0,0,0.0,577.0,1.0,37.0,8,310,8498,2,1.0
98,1.0,0.0,0.0,1.0,3.0,6,124.6802654676539,124.6802654676539,pobre,0,0,0.0,577.0,1.0,37.0,9,310,8498,2,1.0
97,0.0,0.0,0.0,0.0,5.0,5,124.6802654676539,124.6802654676539,no pobre,0,3,1000.0,624.0,1.0,42.0,16,310,8499,5,0.0
98,0.0,0.0,0.0,,,5,124.6802654676539,124.6802654676539,no pobre,0,3,1000.0,624.0,1.0,42.0,17,310,8499,5,0.0
97,0.0,0.0,0.0,0.0,6.0,5,124.6802654676539,124.6802654676539,no pobre,0,3,1000.0,624.0,1.0,42.0,13,310,8500,6,0.0
98,0.0,0.0,0.0,,,5,124.6802654676539,124.6802654676539,no pobre,0,3,1000.0,624.0,1.0,42.0,14,310,8500,6,0.0
97,0.0,0.0,0.0,1.0,9.0,8,124.6802654676539,124.6802654676539,pobre,0,2,720.0,377.0,1.0,39.0,15,310,8501,9,1.0
98,0.0,0.0,0.0,0.0,5.0,8,124.6802654676539,124.6802654676539,pobre,0,2,720.0,377.0,1.0,39.0,16,310,8501,9,1.0
97,0.0,0.0,0.0,1.0,5.0,8,124.6802654676539,124.6802654676539,pobre,0,2,720.0,377.0,1.0,39.0,10,310,8502,5,1.0
98,0.0,0.0,0.0,1.0,5.0,8,124.6802654676539,124.6802654676539,pobre,0,2,720.0,377.0,1.0,39.0,11,310,8502,5,1.0
97,0.0,0.0,0.0,1.0,5.0,8,124.6802654676539,124.6802654676539,pobre,0,2,720.0,377.0,1.0,39.0,10,310,8503,5,1.0
98,0.0,0.0,0.0,1.0,5.0,8,124.6802654676539,124.6802654676539,pobre,0,2,720.0,377.0,1.0,39.0,11,310,8503,5,1.0
97,1.0,0.0,0.0,1.0,2.0,8,124.6802654676539,124.6802654676539,pobre,0,2,720.0,377.0,1.0,39.0,7,310,8504,2,1.0
98,1.0,0.0,0.0,1.0,3.0,8,124.6802654676539,124.6802654676539,pobre,0,2,720.0,377.0,1.0,39.0,8,310,8504,2,1.0
97,0.0,0.0,0.0,1.0,9.0,3,124.6802654676539,124.6802654676539,pobre,0,3,0.0,568.0,0.0,58.0,15,310,8505,9,1.0
98,0.0,0.0,0.0,,,3,124.6802654676539,124.6802654676539,pobre,0,3,0.0,568.0,0.0,58.0,16,310,8505,9,1.0
97,0.0,0.0,0.0,1.0,1.0,3,124.6802654676539,124.6802654676539,pobre,0,3,0.0,568.0,0.0,58.0,6,310,8506,1,1.0
98,0.0,0.0,0.0,,,3,124.6802654676539,124.6802654676539,pobre,0,3,0.0,568.0,0.0,58.0,7,310,8506,1,1.0
97,1.0,0.0,0.0,1.0,9.0,5,124.6802654676539,124.6802654676539,no pobre,0,3,0.0,684.0,1.0,40.0,14,310,8507,9,1.0
98,1.0,0.0,0.0,0.0,9.0,5,124.6802654676539,124.6802654676539,no pobre,0,3,0.0,684.0,1.0,40.0,15,310,8507,9,1.0
97,0.0,0.0,0.0,1.0,4.0,5,124.6802654676539,124.6802654676539,no pobre,0,3,0.0,684.0,1.0,40.0,10,310,8508,4,1.0
98,0.0,0.0,0.0,1.0,4.0,5,124.6802654676539,124.6802654676539,no pobre,0,3,0.0,684.0,1.0,40.0,11,310,8508,4,1.0
97,0.0,0.0,0.0,1.0,4.0,4,124.6802654676539,124.6802654676539,pobre,0,2,625.0,597.0,1.0,49.0,9,310,8509,4,1.0
98,0.0,0.0,0.0,1.0,4.0,4,124.6802654676539,124.6802654676539,pobre,0,2,625.0,597.0,1.0,49.0,10,310,8509,4,1.0
97,0.0,0.0,3.6010001,1.0,5.0,6,89.38165253308725,89.38165253308725,pobre,basal,0,0.0,785.0,1.0,57.0,15,295,8510,5,1.0
98,0.0,0.0,3.6010001,0.0,6.0,6,89.38165253308725,89.38165253308725,pobre,basal,0,0.0,785.0,1.0,57.0,16,295,8510,5,1.0
97,1.0,0.0,3.6010001,1.0,5.0,6,89.38165253308725,89.38165253308725,pobre,basal,0,0.0,785.0,1.0,57.0,12,295,8511,5,1.0
98,1.0,0.0,3.6010001,0.0,6.0,6,89.38165253308725,89.38165253308725,pobre,basal,0,0.0,785.0,1.0,57.0,13,295,8511,5,1.0
97,1.0,0.0,0.0,1.0,10.0,5,124.6802654676539,124.6802654676539,no pobre,0,3,625.0,579.0,1.0,46.0,15,310,8512,10,1.0
98,1.0,0.0,0.0,1.0,8.0,5,124.6802654676539,124.6802654676539,no pobre,0,3,625.0,579.0,1.0,46.0,16,310,8512,10,1.0
97,0.0,0.0,0.0,1.0,8.0,5,124.6802654676539,124.6802654676539,no pobre,0,3,625.0,579.0,1.0,46.0,13,310,8513,8,1.0
98,0.0,0.0,0.0,1.0,8.0,5,124.6802654676539,124.6802654676539,no pobre,0,3,625.0,579.0,1.0,46.0,14,310,8513,8,1.0
97,1.0,0.0,0.0,0.0,3.0,5,146.5902897344064,146.5902897344064,pobre,basal,4,0.0,514.0,0.0,37.0,16,309,8514,3,0.0
98,1.0,0.0,0.0,,,5,146.5902897344064,146.5902897344064,pobre,basal,4,0.0,514.0,0.0,37.0,17,309,8514,3,0.0
97,1.0,0.0,0.0,1.0,7.0,5,146.5902897344064,146.5902897344064,pobre,basal,4,0.0,514.0,0.0,37.0,15,309,8515,7,1.0
98,1.0,0.0,0.0,1.0,8.0,5,146.5902897344064,146.5902897344064,pobre,basal,4,0.0,514.0,0.0,37.0,16,309,8515,7,1.0
97,0.0,0.0,0.0,1.0,3.0,5,146.5902897344064,146.5902897344064,pobre,basal,4,0.0,514.0,0.0,37.0,9,309,8516,3,1.0
98,0.0,0.0,0.0,1.0,4.0,5,146.5902897344064,146.5902897344064,pobre,basal,4,0.0,514.0,0.0,37.0,10,309,8516,3,1.0
97,0.0,0.0,0.0,0.0,9.0,3,146.5902897344064,146.5902897344064,no pobre,basal,1,250.0,599.0,0.0,54.0,15,309,8517,9,0.0
98,0.0,0.0,0.0,,,3,146.5902897344064,146.5902897344064,no pobre,basal,1,250.0,599.0,0.0,54.0,16,309,8517,9,0.0
97,0.0,0.0,4.1820002,1.0,5.0,5,149.030159539813,149.030159539813,no pobre,0,3,0.0,599.0,1.0,55.0,14,311,8518,5,1.0
98,0.0,0.0,4.1820002,1.0,6.0,5,149.030159539813,149.030159539813,no pobre,0,3,0.0,599.0,1.0,55.0,15,311,8518,5,1.0
97,1.0,0.0,4.1820002,1.0,4.0,5,149.030159539813,149.030159539813,no pobre,0,3,0.0,599.0,1.0,55.0,10,311,8519,4,1.0
98,1.0,0.0,4.1820002,1.0,6.0,5,149.030159539813,149.030159539813,no pobre,0,3,0.0,599.0,1.0,55.0,11,311,8519,4,1.0
97,0.0,0.0,0.0,1.0,1.0,4,146.5902897344064,146.5902897344064,pobre,basal,3,520.0,576.0,1.0,62.0,7,309,8520,1,1.0
98,0.0,0.0,0.0,1.0,2.0,4,146.5902897344064,146.5902897344064,pobre,basal,3,520.0,576.0,1.0,62.0,8,309,8520,1,1.0
97,0.0,0.0,1.735,1.0,1.0,4,116.077901210358,138.8905476920887,no pobre,basal,0,0.0,857.0,1.0,38.0,7,103,8521,1,1.0
98,0.0,0.0,1.735,,,4,116.077901210358,138.8905476920887,no pobre,basal,0,0.0,857.0,1.0,38.0,8,103,8521,1,1.0
97,1.0,0.0,1.735,1.0,7.0,5,116.077901210358,138.8905476920887,pobre,basal,1,500.0,692.0,1.0,45.0,13,103,8522,7,1.0
98,1.0,0.0,1.735,1.0,8.0,5,116.077901210358,138.8905476920887,pobre,basal,1,500.0,692.0,1.0,45.0,14,103,8522,7,1.0
97,1.0,0.0,1.735,1.0,6.0,5,116.077901210358,138.8905476920887,pobre,basal,1,500.0,692.0,1.0,45.0,11,103,8523,6,1.0
98,1.0,0.0,1.735,1.0,7.0,5,116.077901210358,138.8905476920887,pobre,basal,1,500.0,692.0,1.0,45.0,12,103,8523,6,1.0
97,1.0,0.0,1.735,1.0,1.0,5,116.077901210358,138.8905476920887,pobre,basal,1,500.0,692.0,1.0,45.0,7,103,8524,1,1.0
98,1.0,0.0,1.735,1.0,2.0,5,116.077901210358,138.8905476920887,pobre,basal,1,500.0,692.0,1.0,45.0,8,103,8524,1,1.0
97,0.0,0.0,1.735,1.0,6.0,5,116.077901210358,138.8905476920887,no pobre,basal,0,0.0,797.25,1.0,55.0,13,103,8525,6,1.0
98,0.0,0.0,1.735,,,5,116.077901210358,138.8905476920887,no pobre,basal,0,0.0,797.25,1.0,55.0,14,103,8525,6,1.0
97,0.0,0.0,1.735,1.0,5.0,5,116.077901210358,138.8905476920887,no pobre,basal,0,0.0,797.25,1.0,55.0,10,103,8526,5,1.0
98,0.0,0.0,1.735,1.0,5.0,5,116.077901210358,138.8905476920887,no pobre,basal,0,0.0,797.25,1.0,55.0,11,103,8526,5,1.0
97,0.0,0.0,1.735,1.0,6.0,6,116.077901210358,138.8905476920887,pobre,basal,0,500.0,849.0,1.0,55.0,16,103,8527,6,1.0
98,0.0,0.0,1.735,,,6,116.077901210358,138.8905476920887,pobre,basal,0,500.0,849.0,1.0,55.0,17,103,8527,6,1.0
97,1.0,0.0,1.735,1.0,6.0,6,116.077901210358,138.8905476920887,pobre,basal,0,500.0,849.0,1.0,55.0,14,103,8528,6,1.0
98,1.0,0.0,1.735,,,6,116.077901210358,138.8905476920887,pobre,basal,0,500.0,849.0,1.0,55.0,15,103,8528,6,1.0
97,1.0,0.0,1.735,0.0,6.0,9,116.077901210358,138.8905476920887,pobre,basal,1,500.0,594.5,1.0,34.0,13,103,8529,6,0.0
98,1.0,0.0,1.735,0.0,6.0,9,116.077901210358,138.8905476920887,pobre,basal,1,500.0,594.5,1.0,34.0,14,103,8529,6,0.0
97,1.0,0.0,1.735,0.0,6.0,9,116.077901210358,138.8905476920887,pobre,basal,1,500.0,594.5,1.0,34.0,12,103,8530,6,0.0
98,1.0,0.0,1.735,0.0,6.0,9,116.077901210358,138.8905476920887,pobre,basal,1,500.0,594.5,1.0,34.0,13,103,8530,6,0.0
97,1.0,0.0,1.735,1.0,5.0,9,116.077901210358,138.8905476920887,pobre,basal,1,500.0,594.5,1.0,34.0,10,103,8531,5,1.0
98,1.0,0.0,1.735,1.0,6.0,9,116.077901210358,138.8905476920887,pobre,basal,1,500.0,594.5,1.0,34.0,11,103,8531,5,1.0
97,1.0,0.0,1.735,1.0,2.0,9,116.077901210358,138.8905476920887,pobre,basal,1,500.0,594.5,1.0,34.0,8,103,8532,2,1.0
98,1.0,0.0,1.735,1.0,3.0,9,116.077901210358,138.8905476920887,pobre,basal,1,500.0,594.5,1.0,34.0,9,103,8532,2,1.0
97,1.0,0.0,1.735,1.0,2.0,9,116.077901210358,138.8905476920887,pobre,basal,1,500.0,594.5,1.0,34.0,8,103,8533,2,1.0
98,1.0,0.0,1.735,1.0,3.0,9,116.077901210358,138.8905476920887,pobre,basal,1,500.0,594.5,1.0,34.0,9,103,8533,2,1.0
97,0.0,0.0,1.735,1.0,0.0,9,116.077901210358,138.8905476920887,pobre,basal,1,500.0,594.5,1.0,34.0,6,103,8534,0,1.0
98,0.0,0.0,1.735,1.0,1.0,9,116.077901210358,138.8905476920887,pobre,basal,1,500.0,594.5,1.0,34.0,7,103,8534,0,1.0
97,1.0,0.0,1.735,1.0,6.0,6,116.077901210358,138.8905476920887,pobre,basal,0,0.0,613.0,1.0,33.0,12,103,8535,6,1.0
98,1.0,0.0,1.735,1.0,7.0,6,116.077901210358,138.8905476920887,pobre,basal,0,0.0,613.0,1.0,33.0,13,103,8535,6,1.0
97,0.0,0.0,1.735,1.0,3.0,6,116.077901210358,138.8905476920887,pobre,basal,0,0.0,613.0,1.0,33.0,8,103,8536,3,1.0
98,0.0,0.0,1.735,1.0,4.0,6,116.077901210358,138.8905476920887,pobre,basal,0,0.0,613.0,1.0,33.0,9,103,8536,3,1.0
97,1.0,0.0,1.735,0.0,6.0,4,116.077901210358,138.8905476920887,pobre,basal,0,0.0,777.33002,1.0,58.0,15,103,8537,6,0.0
98,1.0,0.0,1.735,0.0,6.0,4,116.077901210358,138.8905476920887,pobre,basal,0,0.0,777.33002,1.0,58.0,16,103,8537,6,0.0
97,0.0,0.0,1.979,0.0,6.0,8,93.70589647166857,117.9534790688915,pobre,0,4,800.0,746.66998,1.0,40.0,16,116,8538,6,0.0
98,0.0,0.0,1.979,,,8,93.70589647166857,117.9534790688915,pobre,0,4,800.0,746.66998,1.0,40.0,17,116,8538,6,0.0
97,1.0,0.0,1.979,0.0,4.0,8,93.70589647166857,117.9534790688915,pobre,0,4,800.0,746.66998,1.0,40.0,15,116,8539,4,0.0
98,1.0,0.0,1.979,0.0,4.0,8,93.70589647166857,117.9534790688915,pobre,0,4,800.0,746.66998,1.0,40.0,16,116,8539,4,0.0
97,1.0,0.0,1.979,1.0,5.0,8,93.70589647166857,117.9534790688915,pobre,0,4,800.0,746.66998,1.0,40.0,13,116,8540,5,1.0
98,1.0,0.0,1.979,1.0,7.0,8,93.70589647166857,117.9534790688915,pobre,0,4,800.0,746.66998,1.0,40.0,14,116,8540,5,1.0
97,1.0,0.0,1.979,1.0,4.0,8,93.70589647166857,117.9534790688915,pobre,0,4,800.0,746.66998,1.0,40.0,11,116,8541,4,1.0
98,1.0,0.0,1.979,1.0,4.0,8,93.70589647166857,117.9534790688915,pobre,0,4,800.0,746.66998,1.0,40.0,12,116,8541,4,1.0
97,0.0,1.0,1.979,1.0,5.0,4,93.70589647166857,117.9534790688915,no pobre,0,0,1000.0,834.0,1.0,45.0,12,116,8542,5,1.0
98,0.0,1.0,1.979,1.0,6.0,4,93.70589647166857,117.9534790688915,no pobre,0,0,1000.0,834.0,1.0,45.0,13,116,8542,5,1.0
97,0.0,0.0,1.979,1.0,4.0,9,93.70589647166857,117.9534790688915,pobre,0,0,800.0,764.25,1.0,36.0,9,116,8543,4,1.0
98,0.0,0.0,1.979,,,9,93.70589647166857,117.9534790688915,pobre,0,0,800.0,764.25,1.0,36.0,10,116,8543,4,1.0
97,1.0,0.0,1.979,1.0,4.0,10,93.70589647166857,117.9534790688915,no pobre,0,0,375.0,854.66998,1.0,52.0,9,116,8544,4,1.0
98,1.0,0.0,1.979,,,10,93.70589647166857,117.9534790688915,no pobre,0,0,375.0,854.66998,1.0,52.0,10,116,8544,4,1.0
97,0.0,0.0,1.979,0.0,1.0,10,93.70589647166857,117.9534790688915,no pobre,0,0,375.0,854.66998,1.0,52.0,7,116,8545,1,0.0
98,0.0,0.0,1.979,,,10,93.70589647166857,117.9534790688915,no pobre,0,0,375.0,854.66998,1.0,52.0,8,116,8545,1,0.0
97,1.0,0.0,1.979,1.0,4.0,5,93.70589647166857,117.9534790688915,no pobre,0,6,800.0,876.64001,1.0,31.0,9,116,8546,4,1.0
98,1.0,0.0,1.979,1.0,4.0,5,93.70589647166857,117.9534790688915,no pobre,0,6,800.0,876.64001,1.0,31.0,10,116,8546,4,1.0
97,0.0,0.0,1.979,1.0,2.0,5,93.70589647166857,117.9534790688915,no pobre,0,6,800.0,876.64001,1.0,31.0,7,116,8547,2,1.0
98,0.0,0.0,1.979,1.0,2.0,5,93.70589647166857,117.9534790688915,no pobre,0,6,800.0,876.64001,1.0,31.0,8,116,8547,2,1.0
97,0.0,0.0,1.979,1.0,4.0,7,93.70589647166857,117.9534790688915,pobre,0,2,600.0,651.64001,1.0,40.0,9,116,8548,4,1.0
98,0.0,0.0,1.979,1.0,4.0,7,93.70589647166857,117.9534790688915,pobre,0,2,600.0,651.64001,1.0,40.0,10,116,8548,4,1.0
97,1.0,1.0,1.979,,0.0,7,93.70589647166857,117.9534790688915,pobre,0,2,600.0,651.64001,1.0,40.0,14,116,8549,0,
98,1.0,1.0,1.979,,,7,93.70589647166857,117.9534790688915,pobre,0,2,600.0,651.64001,1.0,40.0,15,116,8549,0,
97,0.0,0.0,1.979,1.0,5.0,6,93.70589647166857,117.9534790688915,no pobre,0,0,0.0,872.0,1.0,32.0,9,116,8550,5,1.0
98,0.0,0.0,1.979,1.0,6.0,6,93.70589647166857,117.9534790688915,no pobre,0,0,0.0,872.0,1.0,32.0,10,116,8550,5,1.0
97,1.0,0.0,1.979,1.0,1.0,6,93.70589647166857,117.9534790688915,no pobre,0,0,0.0,872.0,1.0,32.0,7,116,8551,1,1.0
98,1.0,0.0,1.979,1.0,2.0,6,93.70589647166857,117.9534790688915,no pobre,0,0,0.0,872.0,1.0,32.0,8,116,8551,1,1.0
97,1.0,0.0,1.979,1.0,2.0,5,93.70589647166857,117.9534790688915,pobre,0,1,625.0,686.0,1.0,34.0,8,116,8552,2,1.0
98,1.0,0.0,1.979,1.0,3.0,5,93.70589647166857,117.9534790688915,pobre,0,1,625.0,686.0,1.0,34.0,9,116,8552,2,1.0
97,0.0,0.0,1.979,1.0,2.0,5,93.70589647166857,117.9534790688915,pobre,0,1,625.0,686.0,1.0,34.0,7,116,8553,2,1.0
98,0.0,0.0,1.979,1.0,2.0,5,93.70589647166857,117.9534790688915,pobre,0,1,625.0,686.0,1.0,34.0,8,116,8553,2,1.0
97,1.0,0.0,1.979,1.0,4.0,3,93.70589647166857,117.9534790688915,pobre,0,2,500.0,805.0,0.0,42.0,10,116,8554,4,1.0
98,1.0,0.0,1.979,1.0,5.0,3,93.70589647166857,117.9534790688915,pobre,0,2,500.0,805.0,0.0,42.0,11,116,8554,4,1.0
97,0.0,0.0,1.979,1.0,1.0,6,93.70589647166857,117.9534790688915,no pobre,0,9,1200.0,1031.0,1.0,37.0,7,116,8555,1,1.0
98,0.0,0.0,1.979,1.0,2.0,6,93.70589647166857,117.9534790688915,no pobre,0,9,1200.0,1031.0,1.0,37.0,8,116,8555,1,1.0
97,1.0,0.0,1.979,1.0,6.0,4,93.70589647166857,117.9534790688915,no pobre,0,6,2400.0,1044.0,1.0,35.0,11,116,8556,6,1.0
98,1.0,0.0,1.979,1.0,6.0,4,93.70589647166857,117.9534790688915,no pobre,0,6,2400.0,1044.0,1.0,35.0,12,116,8556,6,1.0
97,0.0,0.0,1.979,0.0,6.0,11,93.70589647166857,117.9534790688915,pobre,0,5,0.0,590.5,1.0,65.0,16,116,8557,6,0.0
98,0.0,0.0,1.979,,,11,93.70589647166857,117.9534790688915,pobre,0,5,0.0,590.5,1.0,65.0,17,116,8557,6,0.0
97,0.0,0.0,1.979,0.0,6.0,11,93.70589647166857,117.9534790688915,pobre,0,5,0.0,590.5,1.0,65.0,14,116,8558,6,0.0
98,0.0,0.0,1.979,0.0,6.0,11,93.70589647166857,117.9534790688915,pobre,0,5,0.0,590.5,1.0,65.0,15,116,8558,6,0.0
97,1.0,0.0,1.979,0.0,6.0,11,93.70589647166857,117.9534790688915,pobre,0,5,0.0,590.5,1.0,65.0,12,116,8559,6,0.0
98,1.0,0.0,1.979,0.0,6.0,11,93.70589647166857,117.9534790688915,pobre,0,5,0.0,590.5,1.0,65.0,13,116,8559,6,0.0
97,1.0,0.0,1.979,1.0,2.0,11,93.70589647166857,117.9534790688915,pobre,0,5,0.0,590.5,1.0,65.0,7,116,8560,2,1.0
98,1.0,0.0,1.979,1.0,2.0,11,93.70589647166857,117.9534790688915,pobre,0,5,0.0,590.5,1.0,65.0,8,116,8560,2,1.0
97,0.0,0.0,1.979,1.0,2.0,11,93.70589647166857,117.9534790688915,pobre,0,5,0.0,590.5,1.0,65.0,7,116,8561,2,1.0
98,0.0,0.0,1.979,1.0,2.0,11,93.70589647166857,117.9534790688915,pobre,0,5,0.0,590.5,1.0,65.0,8,116,8561,2,1.0
97,0.0,0.0,1.979,1.0,1.0,11,93.70589647166857,117.9534790688915,pobre,0,5,0.0,590.5,1.0,65.0,6,116,8562,1,1.0
98,0.0,0.0,1.979,1.0,1.0,11,93.70589647166857,117.9534790688915,pobre,0,5,0.0,590.5,1.0,65.0,7,116,8562,1,1.0
97,0.0,0.0,1.979,1.0,1.0,11,93.70589647166857,117.9534790688915,pobre,0,5,0.0,590.5,1.0,65.0,6,116,8563,1,1.0
98,0.0,0.0,1.979,1.0,1.0,11,93.70589647166857,117.9534790688915,pobre,0,5,0.0,590.5,1.0,65.0,7,116,8563,1,1.0
97,0.0,0.0,1.979,,8.0,6,93.70589647166857,117.9534790688915,pobre,0,5,1400.0,650.0,1.0,33.0,12,116,8564,8,
98,0.0,0.0,1.979,1.0,8.0,6,93.70589647166857,117.9534790688915,pobre,0,5,1400.0,650.0,1.0,33.0,13,116,8564,8,
97,0.0,0.0,1.979,,5.0,6,93.70589647166857,117.9534790688915,pobre,0,5,1400.0,650.0,1.0,33.0,10,116,8565,5,
98,0.0,0.0,1.979,1.0,5.0,6,93.70589647166857,117.9534790688915,pobre,0,5,1400.0,650.0,1.0,33.0,11,116,8565,5,
97,1.0,0.0,1.479,0.0,8.0,5,88.84794785118052,98.93457170722841,pobre,basal,3,500.0,530.0,1.0,41.0,14,97,8566,8,0.0
98,1.0,0.0,1.479,1.0,8.0,5,88.84794785118052,98.93457170722841,pobre,basal,3,500.0,530.0,1.0,41.0,15,97,8566,8,0.0
97,1.0,0.0,1.479,0.0,4.0,5,88.84794785118052,98.93457170722841,pobre,basal,3,500.0,530.0,1.0,41.0,11,97,8567,4,0.0
98,1.0,0.0,1.479,1.0,5.0,5,88.84794785118052,98.93457170722841,pobre,basal,3,500.0,530.0,1.0,41.0,12,97,8567,4,0.0
97,1.0,0.0,1.479,0.0,3.0,5,88.84794785118052,98.93457170722841,pobre,basal,3,500.0,530.0,1.0,41.0,9,97,8568,3,0.0
98,1.0,0.0,1.479,,,5,88.84794785118052,98.93457170722841,pobre,basal,3,500.0,530.0,1.0,41.0,10,97,8568,3,0.0
97,1.0,0.0,1.479,0.0,6.0,6,88.84794785118052,98.93457170722841,pobre,basal,2,0.0,634.0,1.0,40.0,13,97,8569,6,0.0
98,1.0,0.0,1.479,,,6,88.84794785118052,98.93457170722841,pobre,basal,2,0.0,634.0,1.0,40.0,14,97,8569,6,0.0
97,1.0,0.0,1.479,1.0,4.0,6,88.84794785118052,98.93457170722841,pobre,basal,2,0.0,634.0,1.0,40.0,10,97,8570,4,1.0
98,1.0,0.0,1.479,1.0,5.0,6,88.84794785118052,98.93457170722841,pobre,basal,2,0.0,634.0,1.0,40.0,11,97,8570,4,1.0
97,0.0,0.0,1.479,1.0,3.0,6,88.84794785118052,98.93457170722841,pobre,basal,2,0.0,634.0,1.0,40.0,8,97,8571,3,1.0
98,0.0,0.0,1.479,1.0,4.0,6,88.84794785118052,98.93457170722841,pobre,basal,2,0.0,634.0,1.0,40.0,9,97,8571,3,1.0
97,1.0,0.0,1.479,1.0,7.0,9,88.84794785118052,98.93457170722841,pobre,basal,9,500.0,704.5,1.0,20.0,15,97,8572,7,1.0
98,1.0,0.0,1.479,1.0,8.0,9,88.84794785118052,98.93457170722841,pobre,basal,9,500.0,704.5,1.0,20.0,16,97,8572,7,1.0
97,1.0,0.0,1.479,1.0,7.0,9,88.84794785118052,98.93457170722841,pobre,basal,9,500.0,704.5,1.0,20.0,13,97,8573,7,1.0
98,1.0,0.0,1.479,1.0,8.0,9,88.84794785118052,98.93457170722841,pobre,basal,9,500.0,704.5,1.0,20.0,14,97,8573,7,1.0
97,0.0,0.0,1.479,1.0,5.0,7,88.84794785118052,98.93457170722841,pobre,basal,3,1000.0,647.0,1.0,43.0,11,97,8574,5,1.0
98,0.0,0.0,1.479,1.0,6.0,7,88.84794785118052,98.93457170722841,pobre,basal,3,1000.0,647.0,1.0,43.0,12,97,8574,5,1.0
97,0.0,0.0,1.479,1.0,2.0,7,88.84794785118052,98.93457170722841,pobre,basal,3,1000.0,647.0,1.0,43.0,9,97,8575,2,1.0
98,0.0,0.0,1.479,1.0,3.0,7,88.84794785118052,98.93457170722841,pobre,basal,3,1000.0,647.0,1.0,43.0,10,97,8575,2,1.0
97,1.0,0.0,1.479,1.0,1.0,7,88.84794785118052,98.93457170722841,pobre,basal,3,1000.0,647.0,1.0,43.0,7,97,8576,1,1.0
98,1.0,0.0,1.479,1.0,2.0,7,88.84794785118052,98.93457170722841,pobre,basal,3,1000.0,647.0,1.0,43.0,8,97,8576,1,1.0
97,1.0,0.0,1.479,0.0,6.0,7,88.84794785118052,98.93457170722841,no pobre,basal,0,480.0,802.75,1.0,62.0,16,97,8577,6,0.0
98,1.0,0.0,1.479,0.0,6.0,7,88.84794785118052,98.93457170722841,no pobre,basal,0,480.0,802.75,1.0,62.0,17,97,8577,6,0.0
97,0.0,0.0,1.479,1.0,4.0,7,88.84794785118052,98.93457170722841,no pobre,basal,0,480.0,802.75,1.0,62.0,10,97,8578,4,1.0
98,0.0,0.0,1.479,1.0,5.0,7,88.84794785118052,98.93457170722841,no pobre,basal,0,480.0,802.75,1.0,62.0,11,97,8578,4,1.0
97,1.0,0.0,1.479,1.0,8.0,4,88.84794785118052,98.93457170722841,no pobre,basal,9,800.0,806.0,1.0,33.0,13,97,8579,8,1.0
98,1.0,0.0,1.479,0.0,9.0,4,88.84794785118052,98.93457170722841,no pobre,basal,9,800.0,806.0,1.0,33.0,14,97,8579,8,1.0
97,1.0,0.0,1.479,1.0,7.0,4,88.84794785118052,98.93457170722841,no pobre,basal,9,800.0,806.0,1.0,33.0,12,97,8580,7,1.0
98,1.0,0.0,1.479,1.0,8.0,4,88.84794785118052,98.93457170722841,no pobre,basal,9,800.0,806.0,1.0,33.0,13,97,8580,7,1.0
97,1.0,0.0,1.479,1.0,4.0,5,88.84794785118052,98.93457170722841,pobre,basal,4,0.0,665.0,1.0,31.0,9,97,8581,4,1.0
98,1.0,0.0,1.479,1.0,5.0,5,88.84794785118052,98.93457170722841,pobre,basal,4,0.0,665.0,1.0,31.0,10,97,8581,4,1.0
97,1.0,0.0,1.479,1.0,2.0,5,88.84794785118052,98.93457170722841,pobre,basal,4,0.0,665.0,1.0,31.0,7,97,8582,2,1.0
98,1.0,0.0,1.479,1.0,3.0,5,88.84794785118052,98.93457170722841,pobre,basal,4,0.0,665.0,1.0,31.0,8,97,8582,2,1.0
97,0.0,0.0,1.479,1.0,4.0,7,88.84794785118052,98.93457170722841,pobre,basal,6,3125.0,713.5,1.0,33.0,10,97,8583,4,1.0
98,0.0,0.0,1.479,1.0,5.0,7,88.84794785118052,98.93457170722841,pobre,basal,6,3125.0,713.5,1.0,33.0,11,97,8583,4,1.0
97,0.0,0.0,1.479,1.0,3.0,7,88.84794785118052,98.93457170722841,pobre,basal,6,3125.0,713.5,1.0,33.0,9,97,8584,3,1.0
98,0.0,0.0,1.479,1.0,4.0,7,88.84794785118052,98.93457170722841,pobre,basal,6,3125.0,713.5,1.0,33.0,10,97,8584,3,1.0
97,0.0,0.0,1.479,0.0,6.0,7,88.84794785118052,98.93457170722841,pobre,basal,3,500.0,640.5,1.0,47.0,15,97,8585,6,0.0
98,0.0,0.0,1.479,,,7,88.84794785118052,98.93457170722841,pobre,basal,3,500.0,640.5,1.0,47.0,16,97,8585,6,0.0
97,1.0,0.0,1.479,0.0,6.0,7,88.84794785118052,98.93457170722841,pobre,basal,3,500.0,640.5,1.0,47.0,13,97,8586,6,0.0
98,1.0,0.0,1.479,0.0,3.0,7,88.84794785118052,98.93457170722841,pobre,basal,3,500.0,640.5,1.0,47.0,14,97,8586,6,0.0
97,1.0,0.0,1.479,1.0,4.0,7,88.84794785118052,98.93457170722841,pobre,basal,3,500.0,640.5,1.0,47.0,11,97,8587,4,1.0
98,1.0,0.0,1.479,1.0,5.0,7,88.84794785118052,98.93457170722841,pobre,basal,3,500.0,640.5,1.0,47.0,12,97,8587,4,1.0
97,1.0,0.0,1.479,1.0,3.0,7,88.84794785118052,98.93457170722841,pobre,basal,3,500.0,640.5,1.0,47.0,10,97,8588,3,1.0
98,1.0,0.0,1.479,1.0,4.0,7,88.84794785118052,98.93457170722841,pobre,basal,3,500.0,640.5,1.0,47.0,11,97,8588,3,1.0
97,0.0,0.0,1.479,1.0,2.0,7,88.84794785118052,98.93457170722841,pobre,basal,3,500.0,640.5,1.0,47.0,8,97,8589,2,1.0
98,0.0,0.0,1.479,1.0,3.0,7,88.84794785118052,98.93457170722841,pobre,basal,3,500.0,640.5,1.0,47.0,9,97,8589,2,1.0
97,0.0,0.0,1.479,0.0,6.0,10,88.84794785118052,98.93457170722841,pobre,basal,6,500.0,565.5,1.0,47.0,15,97,8590,6,0.0
98,0.0,0.0,1.479,,,10,88.84794785118052,98.93457170722841,pobre,basal,6,500.0,565.5,1.0,47.0,16,97,8590,6,0.0
97,0.0,0.0,1.479,0.0,6.0,10,88.84794785118052,98.93457170722841,pobre,basal,6,500.0,565.5,1.0,47.0,13,97,8591,6,0.0
98,0.0,0.0,1.479,0.0,6.0,10,88.84794785118052,98.93457170722841,pobre,basal,6,500.0,565.5,1.0,47.0,14,97,8591,6,0.0
97,0.0,0.0,1.479,1.0,5.0,10,88.84794785118052,98.93457170722841,pobre,basal,6,500.0,565.5,1.0,47.0,11,97,8592,5,1.0
98,0.0,0.0,1.479,1.0,6.0,10,88.84794785118052,98.93457170722841,pobre,basal,6,500.0,565.5,1.0,47.0,12,97,8592,5,1.0
97,1.0,0.0,1.479,1.0,2.0,10,88.84794785118052,98.93457170722841,pobre,basal,6,500.0,565.5,1.0,47.0,8,97,8593,2,1.0
98,1.0,0.0,1.479,1.0,3.0,10,88.84794785118052,98.93457170722841,pobre,basal,6,500.0,565.5,1.0,47.0,9,97,8593,2,1.0
97,1.0,0.0,1.479,,0.0,10,88.84794785118052,98.93457170722841,pobre,basal,6,500.0,565.5,1.0,47.0,6,97,8594,0,
98,1.0,0.0,1.479,1.0,1.0,10,88.84794785118052,98.93457170722841,pobre,basal,6,500.0,565.5,1.0,47.0,7,97,8594,0,
97,1.0,0.0,4.9949999,0.0,3.0,3,81.89588105756657,86.17575187422254,no pobre,basal,9,600.0,1137.5,1.0,56.0,16,93,8595,3,0.0
98,1.0,0.0,4.9949999,,,3,81.89588105756657,86.17575187422254,no pobre,basal,9,600.0,1137.5,1.0,56.0,17,93,8595,3,0.0
97,0.0,0.0,4.9949999,0.0,6.0,3,81.89588105756657,86.17575187422254,pobre,basal,3,600.0,772.5,1.0,56.0,15,93,8596,6,0.0
98,0.0,0.0,4.9949999,0.0,6.0,3,81.89588105756657,86.17575187422254,pobre,basal,3,600.0,772.5,1.0,56.0,16,93,8596,6,0.0
97,1.0,0.0,4.9949999,1.0,3.0,6,81.89588105756657,86.17575187422254,no pobre,basal,9,600.0,975.0,1.0,39.0,8,93,8597,3,1.0
98,1.0,0.0,4.9949999,,,6,81.89588105756657,86.17575187422254,no pobre,basal,9,600.0,975.0,1.0,39.0,9,93,8597,3,1.0
97,0.0,0.0,4.9949999,1.0,1.0,6,81.89588105756657,86.17575187422254,no pobre,basal,9,600.0,975.0,1.0,39.0,6,93,8598,1,1.0
98,0.0,0.0,4.9949999,1.0,2.0,6,81.89588105756657,86.17575187422254,no pobre,basal,9,600.0,975.0,1.0,39.0,7,93,8598,1,1.0
97,1.0,0.0,4.9949999,1.0,7.0,5,81.89588105756657,86.17575187422254,pobre,basal,6,0.0,546.0,1.0,60.0,14,93,8599,7,1.0
98,1.0,0.0,4.9949999,1.0,8.0,5,81.89588105756657,86.17575187422254,pobre,basal,6,0.0,546.0,1.0,60.0,15,93,8599,7,1.0
97,1.0,0.0,4.9949999,1.0,5.0,5,81.89588105756657,86.17575187422254,pobre,basal,6,0.0,546.0,1.0,60.0,12,93,8600,5,1.0
98,1.0,0.0,4.9949999,1.0,6.0,5,81.89588105756657,86.17575187422254,pobre,basal,6,0.0,546.0,1.0,60.0,13,93,8600,5,1.0
97,1.0,0.0,4.9949999,0.0,9.0,6,81.89588105756657,86.17575187422254,no pobre,basal,2,800.0,925.0,1.0,48.0,16,93,8601,9,0.0
98,1.0,0.0,4.9949999,,,6,81.89588105756657,86.17575187422254,no pobre,basal,2,800.0,925.0,1.0,48.0,17,93,8601,9,0.0
97,1.0,0.0,4.9949999,1.0,7.0,6,81.89588105756657,86.17575187422254,no pobre,basal,2,800.0,925.0,1.0,48.0,14,93,8602,7,1.0
98,1.0,0.0,4.9949999,0.0,8.0,6,81.89588105756657,86.17575187422254,no pobre,basal,2,800.0,925.0,1.0,48.0,15,93,8602,7,1.0
97,0.0,0.0,4.9949999,1.0,2.0,6,81.89588105756657,86.17575187422254,no pobre,basal,2,800.0,925.0,1.0,48.0,7,93,8603,2,1.0
98,0.0,0.0,4.9949999,1.0,3.0,6,81.89588105756657,86.17575187422254,no pobre,basal,2,800.0,925.0,1.0,48.0,8,93,8603,2,1.0
97,1.0,0.0,4.9949999,1.0,0.0,4,81.89588105756657,86.17575187422254,pobre,basal,1,625.0,567.0,1.0,29.0,10,93,8604,0,1.0
98,1.0,0.0,4.9949999,,,4,81.89588105756657,86.17575187422254,pobre,basal,1,625.0,567.0,1.0,29.0,11,93,8604,0,1.0
97,0.0,0.0,4.9949999,1.0,0.0,4,81.89588105756657,86.17575187422254,pobre,basal,1,625.0,567.0,1.0,29.0,7,93,8605,0,1.0
98,0.0,0.0,4.9949999,,,4,81.89588105756657,86.17575187422254,pobre,basal,1,625.0,567.0,1.0,29.0,8,93,8605,0,1.0
97,1.0,0.0,4.9949999,1.0,0.0,6,81.89588105756657,86.17575187422254,pobre,basal,6,500.0,493.0,1.0,39.0,6,93,8606,0,1.0
98,1.0,0.0,4.9949999,1.0,1.0,6,81.89588105756657,86.17575187422254,pobre,basal,6,500.0,493.0,1.0,39.0,7,93,8606,0,1.0
97,1.0,0.0,1.869,1.0,5.0,7,16.26457557923381,16.26457557923381,pobre,basal,6,875.0,549.0,1.0,36.0,11,159,8607,5,1.0
98,1.0,0.0,1.869,1.0,5.0,7,16.26457557923381,16.26457557923381,pobre,basal,6,875.0,549.0,1.0,36.0,12,159,8607,5,1.0
97,1.0,0.0,1.869,1.0,3.0,7,16.26457557923381,16.26457557923381,pobre,basal,6,875.0,549.0,1.0,36.0,10,159,8608,3,1.0
98,1.0,0.0,1.869,1.0,1.0,7,16.26457557923381,16.26457557923381,pobre,basal,6,875.0,549.0,1.0,36.0,11,159,8608,3,1.0
97,0.0,0.0,1.869,1.0,2.0,7,16.26457557923381,16.26457557923381,pobre,basal,6,875.0,549.0,1.0,36.0,8,159,8609,2,1.0
98,0.0,0.0,1.869,1.0,1.0,7,16.26457557923381,16.26457557923381,pobre,basal,6,875.0,549.0,1.0,36.0,9,159,8609,2,1.0
97,0.0,0.0,1.869,0.0,6.0,11,16.26457557923381,16.26457557923381,pobre,basal,2,0.0,583.63,1.0,42.0,16,159,8610,6,0.0
98,0.0,0.0,1.869,,,11,16.26457557923381,16.26457557923381,pobre,basal,2,0.0,583.63,1.0,42.0,17,159,8610,6,0.0
97,1.0,0.0,1.869,1.0,7.0,11,16.26457557923381,16.26457557923381,pobre,basal,2,0.0,583.63,1.0,42.0,15,159,8611,7,1.0
98,1.0,0.0,1.869,1.0,8.0,11,16.26457557923381,16.26457557923381,pobre,basal,2,0.0,583.63,1.0,42.0,16,159,8611,7,1.0
97,1.0,0.0,1.869,1.0,4.0,11,16.26457557923381,16.26457557923381,pobre,basal,2,0.0,583.63,1.0,42.0,12,159,8612,4,1.0
98,1.0,0.0,1.869,1.0,5.0,11,16.26457557923381,16.26457557923381,pobre,basal,2,0.0,583.63,1.0,42.0,13,159,8612,4,1.0
97,1.0,0.0,1.869,1.0,2.0,11,16.26457557923381,16.26457557923381,pobre,basal,2,0.0,583.63,1.0,42.0,12,159,8613,2,1.0
98,1.0,0.0,1.869,1.0,3.0,11,16.26457557923381,16.26457557923381,pobre,basal,2,0.0,583.63,1.0,42.0,13,159,8613,2,1.0
97,0.0,0.0,1.869,1.0,3.0,11,16.26457557923381,16.26457557923381,pobre,basal,2,0.0,583.63,1.0,42.0,10,159,8614,3,1.0
98,0.0,0.0,1.869,1.0,4.0,11,16.26457557923381,16.26457557923381,pobre,basal,2,0.0,583.63,1.0,42.0,11,159,8614,3,1.0
97,1.0,0.0,1.869,1.0,0.0,11,16.26457557923381,16.26457557923381,pobre,basal,2,0.0,583.63,1.0,42.0,7,159,8615,0,1.0
98,1.0,0.0,1.869,1.0,1.0,11,16.26457557923381,16.26457557923381,pobre,basal,2,0.0,583.63,1.0,42.0,8,159,8615,0,1.0
97,1.0,0.0,1.869,1.0,7.0,9,16.26457557923381,16.26457557923381,pobre,basal,2,875.0,494.0,1.0,41.0,15,159,8616,7,1.0
98,1.0,0.0,1.869,1.0,8.0,9,16.26457557923381,16.26457557923381,pobre,basal,2,875.0,494.0,1.0,41.0,16,159,8616,7,1.0
97,1.0,0.0,1.869,1.0,7.0,9,16.26457557923381,16.26457557923381,pobre,basal,2,875.0,494.0,1.0,41.0,14,159,8617,7,1.0
98,1.0,0.0,1.869,1.0,8.0,9,16.26457557923381,16.26457557923381,pobre,basal,2,875.0,494.0,1.0,41.0,15,159,8617,7,1.0
97,0.0,0.0,1.869,1.0,7.0,9,16.26457557923381,16.26457557923381,pobre,basal,2,875.0,494.0,1.0,41.0,11,159,8618,7,1.0
98,0.0,0.0,1.869,1.0,7.0,9,16.26457557923381,16.26457557923381,pobre,basal,2,875.0,494.0,1.0,41.0,12,159,8618,7,1.0
97,1.0,0.0,1.869,1.0,4.0,9,16.26457557923381,16.26457557923381,pobre,basal,2,875.0,494.0,1.0,41.0,10,159,8619,4,1.0
98,1.0,0.0,1.869,1.0,5.0,9,16.26457557923381,16.26457557923381,pobre,basal,2,875.0,494.0,1.0,41.0,11,159,8619,4,1.0
97,0.0,0.0,1.869,1.0,1.0,9,16.26457557923381,16.26457557923381,pobre,basal,2,875.0,494.0,1.0,41.0,7,159,8620,1,1.0
98,0.0,0.0,1.869,1.0,2.0,9,16.26457557923381,16.26457557923381,pobre,basal,2,875.0,494.0,1.0,41.0,8,159,8620,1,1.0
97,0.0,0.0,1.869,1.0,8.0,8,16.26457557923381,16.26457557923381,no pobre,basal,6,1000.0,758.0,0.0,44.0,15,159,8621,8,1.0
98,0.0,0.0,1.869,1.0,8.0,8,16.26457557923381,16.26457557923381,no pobre,basal,6,1000.0,758.0,0.0,44.0,16,159,8621,8,1.0
97,1.0,0.0,1.869,1.0,6.0,8,16.26457557923381,16.26457557923381,no pobre,basal,6,1000.0,758.0,0.0,44.0,13,159,8622,6,1.0
98,1.0,0.0,1.869,1.0,7.0,8,16.26457557923381,16.26457557923381,no pobre,basal,6,1000.0,758.0,0.0,44.0,14,159,8622,6,1.0
97,1.0,0.0,1.869,1.0,6.0,11,16.26457557923381,16.26457557923381,pobre,basal,4,0.0,327.0,1.0,37.0,15,159,8623,6,1.0
98,1.0,0.0,1.869,1.0,7.0,11,16.26457557923381,16.26457557923381,pobre,basal,4,0.0,327.0,1.0,37.0,16,159,8623,6,1.0
97,0.0,0.0,1.869,0.0,6.0,11,16.26457557923381,16.26457557923381,pobre,basal,4,0.0,327.0,1.0,37.0,13,159,8624,6,0.0
98,0.0,0.0,1.869,0.0,6.0,11,16.26457557923381,16.26457557923381,pobre,basal,4,0.0,327.0,1.0,37.0,14,159,8624,6,0.0
97,1.0,0.0,1.869,1.0,4.0,11,16.26457557923381,16.26457557923381,pobre,basal,4,0.0,327.0,1.0,37.0,12,159,8625,4,1.0
98,1.0,0.0,1.869,1.0,5.0,11,16.26457557923381,16.26457557923381,pobre,basal,4,0.0,327.0,1.0,37.0,13,159,8625,4,1.0
97,0.0,0.0,1.869,1.0,3.0,11,16.26457557923381,16.26457557923381,pobre,basal,4,0.0,327.0,1.0,37.0,11,159,8626,3,1.0
98,0.0,0.0,1.869,1.0,3.0,11,16.26457557923381,16.26457557923381,pobre,basal,4,0.0,327.0,1.0,37.0,12,159,8626,3,1.0
97,1.0,0.0,1.869,1.0,1.0,11,16.26457557923381,16.26457557923381,pobre,basal,4,0.0,327.0,1.0,37.0,9,159,8627,1,1.0
98,1.0,0.0,1.869,1.0,3.0,11,16.26457557923381,16.26457557923381,pobre,basal,4,0.0,327.0,1.0,37.0,10,159,8627,1,1.0
97,0.0,0.0,1.869,1.0,1.0,11,16.26457557923381,16.26457557923381,pobre,basal,4,0.0,327.0,1.0,37.0,7,159,8628,1,1.0
98,0.0,0.0,1.869,1.0,2.0,11,16.26457557923381,16.26457557923381,pobre,basal,4,0.0,327.0,1.0,37.0,8,159,8628,1,1.0
97,1.0,0.0,1.869,,0.0,8,16.26457557923381,16.26457557923381,pobre,basal,5,680.0,456.0,1.0,30.0,11,159,8629,0,
98,1.0,0.0,1.869,,,8,16.26457557923381,16.26457557923381,pobre,basal,5,680.0,456.0,1.0,30.0,12,159,8629,0,
97,0.0,0.0,1.869,1.0,1.0,8,16.26457557923381,16.26457557923381,pobre,basal,5,680.0,456.0,1.0,30.0,10,159,8630,1,1.0
98,0.0,0.0,1.869,1.0,2.0,8,16.26457557923381,16.26457557923381,pobre,basal,5,680.0,456.0,1.0,30.0,11,159,8630,1,1.0
97,1.0,0.0,1.869,1.0,0.0,8,16.26457557923381,16.26457557923381,pobre,basal,5,680.0,456.0,1.0,30.0,8,159,8631,0,1.0
98,1.0,0.0,1.869,1.0,0.0,8,16.26457557923381,16.26457557923381,pobre,basal,5,680.0,456.0,1.0,30.0,9,159,8631,0,1.0
97,1.0,0.0,1.869,1.0,0.0,8,16.26457557923381,16.26457557923381,pobre,basal,5,680.0,456.0,1.0,30.0,7,159,8632,0,1.0
98,1.0,0.0,1.869,1.0,0.0,8,16.26457557923381,16.26457557923381,pobre,basal,5,680.0,456.0,1.0,30.0,8,159,8632,0,1.0
97,1.0,0.0,1.869,0.0,4.0,10,16.26457557923381,16.26457557923381,pobre,basal,6,0.0,352.0,1.0,34.0,14,159,8633,4,0.0
98,1.0,0.0,1.869,0.0,4.0,10,16.26457557923381,16.26457557923381,pobre,basal,6,0.0,352.0,1.0,34.0,15,159,8633,4,0.0
97,1.0,0.0,1.869,1.0,4.0,10,16.26457557923381,16.26457557923381,pobre,basal,6,0.0,352.0,1.0,34.0,13,159,8634,4,1.0
98,1.0,0.0,1.869,1.0,5.0,10,16.26457557923381,16.26457557923381,pobre,basal,6,0.0,352.0,1.0,34.0,14,159,8634,4,1.0
97,0.0,0.0,1.869,1.0,3.0,10,16.26457557923381,16.26457557923381,pobre,basal,6,0.0,352.0,1.0,34.0,10,159,8635,3,1.0
98,0.0,0.0,1.869,1.0,3.0,10,16.26457557923381,16.26457557923381,pobre,basal,6,0.0,352.0,1.0,34.0,11,159,8635,3,1.0
97,1.0,0.0,1.869,1.0,2.0,10,16.26457557923381,16.26457557923381,pobre,basal,6,0.0,352.0,1.0,34.0,9,159,8636,2,1.0
98,1.0,0.0,1.869,1.0,2.0,10,16.26457557923381,16.26457557923381,pobre,basal,6,0.0,352.0,1.0,34.0,10,159,8636,2,1.0
97,0.0,0.0,1.869,1.0,3.0,10,16.26457557923381,16.26457557923381,pobre,basal,6,0.0,352.0,1.0,34.0,7,159,8637,3,1.0
98,0.0,0.0,1.869,1.0,1.0,10,16.26457557923381,16.26457557923381,pobre,basal,6,0.0,352.0,1.0,34.0,8,159,8637,3,1.0
97,0.0,0.0,1.869,,0.0,10,16.26457557923381,16.26457557923381,pobre,basal,6,0.0,352.0,1.0,34.0,6,159,8638,0,
98,0.0,0.0,1.869,1.0,1.0,10,16.26457557923381,16.26457557923381,pobre,basal,6,0.0,352.0,1.0,34.0,7,159,8638,0,
97,0.0,0.0,1.869,1.0,5.0,6,16.26457557923381,16.26457557923381,pobre,basal,6,875.0,580.0,1.0,32.0,11,159,8639,5,1.0
98,0.0,0.0,1.869,1.0,6.0,6,16.26457557923381,16.26457557923381,pobre,basal,6,875.0,580.0,1.0,32.0,12,159,8639,5,1.0
97,0.0,0.0,1.869,1.0,1.0,6,16.26457557923381,16.26457557923381,pobre,basal,6,875.0,580.0,1.0,32.0,9,159,8640,1,1.0
98,0.0,0.0,1.869,1.0,3.0,6,16.26457557923381,16.26457557923381,pobre,basal,6,875.0,580.0,1.0,32.0,10,159,8640,1,1.0
97,1.0,0.0,1.869,1.0,1.0,6,16.26457557923381,16.26457557923381,pobre,basal,6,875.0,580.0,1.0,32.0,7,159,8641,1,1.0
98,1.0,0.0,1.869,1.0,2.0,6,16.26457557923381,16.26457557923381,pobre,basal,6,875.0,580.0,1.0,32.0,8,159,8641,1,1.0
97,1.0,0.0,4.0120001,1.0,1.0,6,9.465391571979616,9.465391571979616,pobre,0,2,0.0,585.0,1.0,32.0,8,161,8642,1,1.0
98,1.0,0.0,4.0120001,1.0,2.0,6,9.465391571979616,9.465391571979616,pobre,0,2,0.0,585.0,1.0,32.0,9,161,8642,1,1.0
97,0.0,0.0,4.0120001,1.0,1.0,6,9.465391571979616,9.465391571979616,pobre,0,2,0.0,585.0,1.0,32.0,7,161,8643,1,1.0
98,0.0,0.0,4.0120001,1.0,2.0,6,9.465391571979616,9.465391571979616,pobre,0,2,0.0,585.0,1.0,32.0,8,161,8643,1,1.0
97,0.0,0.0,4.0120001,1.0,5.0,6,9.465391571979616,9.465391571979616,pobre,0,6,0.0,557.0,1.0,32.0,11,161,8644,5,1.0
98,0.0,0.0,4.0120001,0.0,6.0,6,9.465391571979616,9.465391571979616,pobre,0,6,0.0,557.0,1.0,32.0,12,161,8644,5,1.0
97,0.0,0.0,4.0120001,1.0,4.0,8,9.465391571979616,9.465391571979616,pobre,0,3,0.0,455.0,1.0,32.0,11,161,8645,4,1.0
98,0.0,0.0,4.0120001,,,8,9.465391571979616,9.465391571979616,pobre,0,3,0.0,455.0,1.0,32.0,12,161,8645,4,1.0
97,0.0,0.0,4.0120001,1.0,3.0,8,9.465391571979616,9.465391571979616,pobre,0,3,0.0,455.0,1.0,32.0,10,161,8646,3,1.0
98,0.0,0.0,4.0120001,,,8,9.465391571979616,9.465391571979616,pobre,0,3,0.0,455.0,1.0,32.0,11,161,8646,3,1.0
97,0.0,0.0,4.0120001,1.0,2.0,8,9.465391571979616,9.465391571979616,pobre,0,3,0.0,455.0,1.0,32.0,8,161,8647,2,1.0
98,0.0,0.0,4.0120001,,,8,9.465391571979616,9.465391571979616,pobre,0,3,0.0,455.0,1.0,32.0,9,161,8647,2,1.0
97,1.0,0.0,4.0120001,0.0,3.0,9,9.465391571979616,9.465391571979616,pobre,0,0,0.0,579.5,1.0,50.0,16,161,8648,3,0.0
98,1.0,0.0,4.0120001,,,9,9.465391571979616,9.465391571979616,pobre,0,0,0.0,579.5,1.0,50.0,17,161,8648,3,0.0
97,0.0,0.0,4.0120001,0.0,6.0,9,9.465391571979616,9.465391571979616,pobre,0,0,0.0,579.5,1.0,50.0,14,161,8649,6,0.0
98,0.0,0.0,4.0120001,0.0,6.0,9,9.465391571979616,9.465391571979616,pobre,0,0,0.0,579.5,1.0,50.0,15,161,8649,6,0.0
97,0.0,0.0,4.0120001,1.0,5.0,9,9.465391571979616,9.465391571979616,pobre,0,0,0.0,579.5,1.0,50.0,11,161,8650,5,1.0
98,0.0,0.0,4.0120001,0.0,6.0,9,9.465391571979616,9.465391571979616,pobre,0,0,0.0,579.5,1.0,50.0,12,161,8650,5,1.0
97,1.0,0.0,4.0120001,1.0,1.0,9,9.465391571979616,9.465391571979616,pobre,0,0,0.0,579.5,1.0,50.0,8,161,8651,1,1.0
98,1.0,0.0,4.0120001,1.0,2.0,9,9.465391571979616,9.465391571979616,pobre,0,0,0.0,579.5,1.0,50.0,9,161,8651,1,1.0
97,0.0,0.0,4.0120001,,0.0,9,9.465391571979616,9.465391571979616,pobre,0,0,0.0,579.5,1.0,50.0,6,161,8652,0,
98,0.0,0.0,4.0120001,1.0,1.0,9,9.465391571979616,9.465391571979616,pobre,0,0,0.0,579.5,1.0,50.0,7,161,8652,0,
97,0.0,0.0,4.0120001,0.0,6.0,6,9.465391571979616,9.465391571979616,no pobre,0,3,0.0,718.0,1.0,43.0,15,161,8653,6,0.0
98,0.0,0.0,4.0120001,0.0,6.0,6,9.465391571979616,9.465391571979616,no pobre,0,3,0.0,718.0,1.0,43.0,16,161,8653,6,0.0
97,1.0,0.0,4.0120001,1.0,1.0,6,9.465391571979616,9.465391571979616,pobre,0,3,0.0,538.0,1.0,33.0,8,161,8654,1,1.0
98,1.0,0.0,4.0120001,1.0,2.0,6,9.465391571979616,9.465391571979616,pobre,0,3,0.0,538.0,1.0,33.0,9,161,8654,1,1.0
97,0.0,0.0,1.036,0.0,7.0,9,139.1773516464196,139.1773516464196,no pobre,basal,0,0.0,735.75,1.0,52.0,13,172,8655,7,0.0
98,0.0,0.0,1.036,0.0,8.0,9,139.1773516464196,139.1773516464196,no pobre,basal,0,0.0,735.75,1.0,52.0,14,172,8655,7,0.0
97,0.0,0.0,1.036,1.0,7.0,9,139.1773516464196,139.1773516464196,no pobre,basal,0,0.0,735.75,1.0,52.0,12,172,8656,7,1.0
98,0.0,0.0,1.036,1.0,7.0,9,139.1773516464196,139.1773516464196,no pobre,basal,0,0.0,735.75,1.0,52.0,13,172,8656,7,1.0
97,0.0,0.0,1.036,1.0,6.0,9,139.1773516464196,139.1773516464196,no pobre,basal,0,0.0,735.75,1.0,52.0,10,172,8657,6,1.0
98,0.0,0.0,1.036,1.0,6.0,9,139.1773516464196,139.1773516464196,no pobre,basal,0,0.0,735.75,1.0,52.0,11,172,8657,6,1.0
97,0.0,0.0,1.036,1.0,4.0,9,139.1773516464196,139.1773516464196,no pobre,basal,0,0.0,735.75,1.0,52.0,8,172,8658,4,1.0
98,0.0,0.0,1.036,1.0,4.0,9,139.1773516464196,139.1773516464196,no pobre,basal,0,0.0,735.75,1.0,52.0,9,172,8658,4,1.0
97,1.0,0.0,1.036,1.0,3.0,4,139.1773516464196,139.1773516464196,pobre,basal,0,1000.0,633.34003,1.0,40.0,7,172,8659,3,1.0
98,1.0,0.0,1.036,1.0,3.0,4,139.1773516464196,139.1773516464196,pobre,basal,0,1000.0,633.34003,1.0,40.0,8,172,8659,3,1.0
97,0.0,0.0,1.163,1.0,5.0,6,138.6567627911014,138.6567627911014,pobre,basal,2,0.0,679.0,1.0,34.0,10,168,8660,5,1.0
98,0.0,0.0,1.163,,,6,138.6567627911014,138.6567627911014,pobre,basal,2,0.0,679.0,1.0,34.0,11,168,8660,5,1.0
97,0.0,0.0,1.163,1.0,2.0,6,138.6567627911014,138.6567627911014,pobre,basal,2,0.0,679.0,1.0,34.0,9,168,8661,2,1.0
98,0.0,0.0,1.163,,,6,138.6567627911014,138.6567627911014,pobre,basal,2,0.0,679.0,1.0,34.0,10,168,8661,2,1.0
97,0.0,0.0,1.163,,0.0,6,138.6567627911014,138.6567627911014,pobre,basal,2,0.0,679.0,1.0,34.0,6,168,8662,0,
98,0.0,0.0,1.163,,,6,138.6567627911014,138.6567627911014,pobre,basal,2,0.0,679.0,1.0,34.0,7,168,8662,0,
97,1.0,0.0,1.163,1.0,7.0,5,138.6567627911014,138.6567627911014,pobre,basal,0,0.0,726.5,1.0,56.0,13,168,8663,7,1.0
98,1.0,0.0,1.163,1.0,7.0,5,138.6567627911014,138.6567627911014,pobre,basal,0,0.0,726.5,1.0,56.0,14,168,8663,7,1.0
97,0.0,0.0,1.163,1.0,2.0,5,138.6567627911014,138.6567627911014,pobre,basal,0,0.0,726.5,1.0,56.0,7,168,8664,2,1.0
98,0.0,0.0,1.163,1.0,2.0,5,138.6567627911014,138.6567627911014,pobre,basal,0,0.0,726.5,1.0,56.0,8,168,8664,2,1.0
97,0.0,0.0,1.163,1.0,7.0,4,138.6567627911014,138.6567627911014,pobre,basal,0,1500.0,746.0,1.0,40.0,14,168,8665,7,1.0
98,0.0,0.0,1.163,1.0,7.0,4,138.6567627911014,138.6567627911014,pobre,basal,0,1500.0,746.0,1.0,40.0,15,168,8665,7,1.0
97,1.0,0.0,1.163,1.0,5.0,4,138.6567627911014,138.6567627911014,pobre,basal,0,1500.0,746.0,1.0,40.0,12,168,8666,5,1.0
98,1.0,0.0,1.163,1.0,5.0,4,138.6567627911014,138.6567627911014,pobre,basal,0,1500.0,746.0,1.0,40.0,13,168,8666,5,1.0
97,1.0,0.0,1.163,1.0,7.0,3,138.6567627911014,138.6567627911014,no pobre,basal,3,1250.0,812.59003,1.0,57.0,12,168,8667,7,1.0
98,1.0,0.0,1.163,1.0,7.0,3,138.6567627911014,138.6567627911014,no pobre,basal,3,1250.0,812.59003,1.0,57.0,13,168,8667,7,1.0
97,0.0,0.0,1.036,1.0,7.0,4,139.1773516464196,139.1773516464196,no pobre,basal,2,1000.0,803.0,1.0,56.0,13,172,8668,7,1.0
98,0.0,0.0,1.036,1.0,8.0,4,139.1773516464196,139.1773516464196,no pobre,basal,2,1000.0,803.0,1.0,56.0,14,172,8668,7,1.0
97,1.0,0.0,1.163,1.0,8.0,7,138.6567627911014,138.6567627911014,pobre,basal,6,2000.0,695.5,1.0,33.0,13,168,8669,8,1.0
98,1.0,0.0,1.163,1.0,10.0,7,138.6567627911014,138.6567627911014,pobre,basal,6,2000.0,695.5,1.0,33.0,14,168,8669,8,1.0
97,0.0,0.0,1.163,1.0,6.0,7,138.6567627911014,138.6567627911014,pobre,basal,6,2000.0,695.5,1.0,33.0,12,168,8670,6,1.0
98,0.0,0.0,1.163,1.0,7.0,7,138.6567627911014,138.6567627911014,pobre,basal,6,2000.0,695.5,1.0,33.0,13,168,8670,6,1.0
97,1.0,0.0,1.163,1.0,4.0,7,138.6567627911014,138.6567627911014,pobre,basal,6,2000.0,695.5,1.0,33.0,10,168,8671,4,1.0
98,1.0,0.0,1.163,1.0,5.0,7,138.6567627911014,138.6567627911014,pobre,basal,6,2000.0,695.5,1.0,33.0,11,168,8671,4,1.0
97,1.0,0.0,1.163,1.0,2.0,7,138.6567627911014,138.6567627911014,pobre,basal,6,2000.0,695.5,1.0,33.0,7,168,8672,2,1.0
98,1.0,0.0,1.163,1.0,3.0,7,138.6567627911014,138.6567627911014,pobre,basal,6,2000.0,695.5,1.0,33.0,8,168,8672,2,1.0
97,0.0,0.0,1.163,1.0,8.0,4,138.6567627911014,138.6567627911014,pobre,basal,0,0.0,681.0,1.0,46.0,16,168,8673,8,1.0
98,0.0,0.0,1.163,0.0,9.0,4,138.6567627911014,138.6567627911014,pobre,basal,0,0.0,681.0,1.0,46.0,17,168,8673,8,1.0
97,0.0,0.0,1.163,1.0,3.0,5,138.6567627911014,138.6567627911014,pobre,basal,3,1250.0,645.0,1.0,29.0,7,168,8674,3,1.0
98,0.0,0.0,1.163,1.0,1.0,5,138.6567627911014,138.6567627911014,pobre,basal,3,1250.0,645.0,1.0,29.0,8,168,8674,3,1.0
97,1.0,0.0,1.036,1.0,7.0,6,139.1773516464196,139.1773516464196,pobre,basal,3,5000.0,612.0,1.0,46.0,13,172,8675,7,1.0
98,1.0,0.0,1.036,1.0,8.0,6,139.1773516464196,139.1773516464196,pobre,basal,3,5000.0,612.0,1.0,46.0,14,172,8675,7,1.0
97,1.0,0.0,1.036,1.0,5.0,6,139.1773516464196,139.1773516464196,pobre,basal,3,5000.0,612.0,1.0,46.0,11,172,8676,5,1.0
98,1.0,0.0,1.036,1.0,6.0,6,139.1773516464196,139.1773516464196,pobre,basal,3,5000.0,612.0,1.0,46.0,12,172,8676,5,1.0
97,0.0,0.0,1.036,1.0,2.0,6,139.1773516464196,139.1773516464196,pobre,basal,3,5000.0,612.0,1.0,46.0,8,172,8677,2,1.0
98,0.0,0.0,1.036,1.0,3.0,6,139.1773516464196,139.1773516464196,pobre,basal,3,5000.0,612.0,1.0,46.0,9,172,8677,2,1.0
97,1.0,0.0,1.163,,3.0,8,138.6567627911014,138.6567627911014,pobre,basal,3,2000.0,477.0,1.0,29.0,9,168,8678,3,
98,1.0,0.0,1.163,1.0,4.0,8,138.6567627911014,138.6567627911014,pobre,basal,3,2000.0,477.0,1.0,29.0,10,168,8678,3,
97,1.0,0.0,1.163,,2.0,8,138.6567627911014,138.6567627911014,pobre,basal,3,2000.0,477.0,1.0,29.0,8,168,8679,2,
98,1.0,0.0,1.163,1.0,3.0,8,138.6567627911014,138.6567627911014,pobre,basal,3,2000.0,477.0,1.0,29.0,9,168,8679,2,
97,0.0,0.0,1.163,,0.0,8,138.6567627911014,138.6567627911014,pobre,basal,3,2000.0,477.0,1.0,29.0,7,168,8680,0,
98,0.0,0.0,1.163,1.0,2.0,8,138.6567627911014,138.6567627911014,pobre,basal,3,2000.0,477.0,1.0,29.0,8,168,8680,0,
97,0.0,0.0,1.163,0.0,6.0,6,138.6567627911014,138.6567627911014,pobre,basal,0,0.0,555.0,0.0,76.0,15,168,8681,6,0.0
98,0.0,0.0,1.163,0.0,6.0,6,138.6567627911014,138.6567627911014,pobre,basal,0,0.0,555.0,0.0,76.0,16,168,8681,6,0.0
97,0.0,0.0,1.163,1.0,6.0,6,138.6567627911014,138.6567627911014,pobre,basal,0,0.0,555.0,0.0,76.0,11,168,8682,6,1.0
98,0.0,0.0,1.163,1.0,7.0,6,138.6567627911014,138.6567627911014,pobre,basal,0,0.0,555.0,0.0,76.0,12,168,8682,6,1.0
97,0.0,0.0,1.163,1.0,5.0,6,138.6567627911014,138.6567627911014,pobre,basal,0,0.0,555.0,0.0,76.0,11,168,8683,5,1.0
98,0.0,0.0,1.163,1.0,6.0,6,138.6567627911014,138.6567627911014,pobre,basal,0,0.0,555.0,0.0,76.0,12,168,8683,5,1.0
97,0.0,0.0,1.163,1.0,3.0,6,138.6567627911014,138.6567627911014,pobre,basal,0,0.0,555.0,0.0,76.0,9,168,8684,3,1.0
98,0.0,0.0,1.163,1.0,4.0,6,138.6567627911014,138.6567627911014,pobre,basal,0,0.0,555.0,0.0,76.0,10,168,8684,3,1.0
97,1.0,0.0,1.163,1.0,1.0,6,138.6567627911014,138.6567627911014,pobre,basal,0,0.0,555.0,0.0,76.0,7,168,8685,1,1.0
98,1.0,0.0,1.163,1.0,1.0,6,138.6567627911014,138.6567627911014,pobre,basal,0,0.0,555.0,0.0,76.0,8,168,8685,1,1.0
97,1.0,0.0,1.163,0.0,3.0,10,138.6567627911014,138.6567627911014,pobre,basal,2,0.0,477.0,1.0,50.0,16,168,8686,3,0.0
98,1.0,0.0,1.163,0.0,3.0,10,138.6567627911014,138.6567627911014,pobre,basal,2,0.0,477.0,1.0,50.0,17,168,8686,3,0.0
97,0.0,0.0,1.163,1.0,8.0,10,138.6567627911014,138.6567627911014,pobre,basal,2,0.0,477.0,1.0,50.0,14,168,8687,8,1.0
98,0.0,0.0,1.163,0.0,9.0,10,138.6567627911014,138.6567627911014,pobre,basal,2,0.0,477.0,1.0,50.0,15,168,8687,8,1.0
97,0.0,0.0,1.163,1.0,5.0,10,138.6567627911014,138.6567627911014,pobre,basal,2,0.0,477.0,1.0,50.0,12,168,8688,5,1.0
98,0.0,0.0,1.163,1.0,6.0,10,138.6567627911014,138.6567627911014,pobre,basal,2,0.0,477.0,1.0,50.0,13,168,8688,5,1.0
97,1.0,0.0,1.163,1.0,3.0,10,138.6567627911014,138.6567627911014,pobre,basal,2,0.0,477.0,1.0,50.0,10,168,8689,3,1.0
98,1.0,0.0,1.163,1.0,4.0,10,138.6567627911014,138.6567627911014,pobre,basal,2,0.0,477.0,1.0,50.0,11,168,8689,3,1.0
97,0.0,0.0,1.163,1.0,3.0,10,138.6567627911014,138.6567627911014,pobre,basal,2,0.0,477.0,1.0,50.0,7,168,8690,3,1.0
98,0.0,0.0,1.163,1.0,0.0,10,138.6567627911014,138.6567627911014,pobre,basal,2,0.0,477.0,1.0,50.0,8,168,8690,3,1.0
97,1.0,0.0,1.163,1.0,1.0,10,138.6567627911014,138.6567627911014,pobre,basal,2,0.0,477.0,1.0,50.0,6,168,8691,1,1.0
98,1.0,0.0,1.163,1.0,2.0,10,138.6567627911014,138.6567627911014,pobre,basal,2,0.0,477.0,1.0,50.0,7,168,8691,1,1.0
97,1.0,0.0,1.036,1.0,5.0,6,139.1773516464196,139.1773516464196,no pobre,basal,1,0.0,768.0,1.0,35.0,16,172,8692,5,1.0
98,1.0,0.0,1.036,,,6,139.1773516464196,139.1773516464196,no pobre,basal,1,0.0,768.0,1.0,35.0,17,172,8692,5,1.0
97,0.0,0.0,1.036,1.0,7.0,6,139.1773516464196,139.1773516464196,no pobre,basal,1,0.0,768.0,1.0,35.0,15,172,8693,7,1.0
98,0.0,0.0,1.036,1.0,7.0,6,139.1773516464196,139.1773516464196,no pobre,basal,1,0.0,768.0,1.0,35.0,16,172,8693,7,1.0
97,1.0,0.0,1.036,1.0,3.0,6,139.1773516464196,139.1773516464196,no pobre,basal,1,0.0,768.0,1.0,35.0,12,172,8694,3,1.0
98,1.0,0.0,1.036,1.0,0.0,6,139.1773516464196,139.1773516464196,no pobre,basal,1,0.0,768.0,1.0,35.0,13,172,8694,3,1.0
97,0.0,0.0,1.036,0.0,3.0,7,139.1773516464196,139.1773516464196,pobre,basal,0,0.0,689.5,1.0,59.0,16,172,8695,3,0.0
98,0.0,0.0,1.036,,,7,139.1773516464196,139.1773516464196,pobre,basal,0,0.0,689.5,1.0,59.0,17,172,8695,3,0.0
97,1.0,0.0,1.036,1.0,5.0,7,139.1773516464196,139.1773516464196,pobre,basal,0,0.0,689.5,1.0,59.0,13,172,8696,5,1.0
98,1.0,0.0,1.036,0.0,6.0,7,139.1773516464196,139.1773516464196,pobre,basal,0,0.0,689.5,1.0,59.0,14,172,8696,5,1.0
97,1.0,0.0,1.163,1.0,4.0,5,138.6567627911014,138.6567627911014,pobre,basal,9,4900.0,655.0,1.0,34.0,9,168,8697,4,1.0
98,1.0,0.0,1.163,1.0,5.0,5,138.6567627911014,138.6567627911014,pobre,basal,9,4900.0,655.0,1.0,34.0,10,168,8697,4,1.0
97,1.0,0.0,1.163,1.0,3.0,5,138.6567627911014,138.6567627911014,pobre,basal,9,4900.0,655.0,1.0,34.0,6,168,8698,3,1.0
98,1.0,0.0,1.163,1.0,1.0,5,138.6567627911014,138.6567627911014,pobre,basal,9,4900.0,655.0,1.0,34.0,7,168,8698,3,1.0
97,1.0,0.0,1.163,0.0,9.0,7,138.6567627911014,138.6567627911014,pobre,basal,0,600.0,655.5,1.0,44.0,15,168,8699,9,0.0
98,1.0,0.0,1.163,0.0,9.0,7,138.6567627911014,138.6567627911014,pobre,basal,0,600.0,655.5,1.0,44.0,16,168,8699,9,0.0
97,1.0,0.0,1.163,1.0,6.0,7,138.6567627911014,138.6567627911014,pobre,basal,0,600.0,655.5,1.0,44.0,12,168,8700,6,1.0
98,1.0,0.0,1.163,1.0,7.0,7,138.6567627911014,138.6567627911014,pobre,basal,0,600.0,655.5,1.0,44.0,13,168,8700,6,1.0
97,1.0,0.0,1.163,1.0,4.0,7,138.6567627911014,138.6567627911014,pobre,basal,0,600.0,655.5,1.0,44.0,10,168,8701,4,1.0
98,1.0,0.0,1.163,1.0,5.0,7,138.6567627911014,138.6567627911014,pobre,basal,0,600.0,655.5,1.0,44.0,11,168,8701,4,1.0
97,1.0,0.0,1.163,1.0,5.0,5,138.6567627911014,138.6567627911014,no pobre,basal,0,1250.0,801.0,1.0,57.0,10,168,8702,5,1.0
98,1.0,0.0,1.163,1.0,5.0,5,138.6567627911014,138.6567627911014,no pobre,basal,0,1250.0,801.0,1.0,57.0,11,168,8702,5,1.0
97,1.0,0.0,1.163,1.0,7.0,5,138.6567627911014,138.6567627911014,no pobre,basal,0,1250.0,801.0,1.0,57.0,13,168,8703,7,1.0
98,1.0,0.0,1.163,1.0,7.0,5,138.6567627911014,138.6567627911014,no pobre,basal,0,1250.0,801.0,1.0,57.0,14,168,8703,7,1.0
97,0.0,0.0,1.163,1.0,9.0,3,138.6567627911014,138.6567627911014,pobre,basal,0,0.0,726.0,0.0,98.0,15,168,8704,9,1.0
98,0.0,0.0,1.163,,,3,138.6567627911014,138.6567627911014,pobre,basal,0,0.0,726.0,0.0,98.0,16,168,8704,9,1.0
97,0.0,0.0,1.163,0.0,6.0,8,138.6567627911014,138.6567627911014,pobre,basal,0,0.0,720.20001,1.0,60.0,15,168,8705,6,0.0
98,0.0,0.0,1.163,0.0,6.0,8,138.6567627911014,138.6567627911014,pobre,basal,0,0.0,720.20001,1.0,60.0,16,168,8705,6,0.0
97,1.0,0.0,1.163,1.0,7.0,8,138.6567627911014,138.6567627911014,pobre,basal,0,0.0,720.20001,1.0,60.0,13,168,8706,7,1.0
98,1.0,0.0,1.163,1.0,8.0,8,138.6567627911014,138.6567627911014,pobre,basal,0,0.0,720.20001,1.0,60.0,14,168,8706,7,1.0
97,1.0,0.0,1.163,1.0,2.0,8,138.6567627911014,138.6567627911014,pobre,basal,0,0.0,720.20001,1.0,60.0,8,168,8707,2,1.0
98,1.0,0.0,1.163,1.0,3.0,8,138.6567627911014,138.6567627911014,pobre,basal,0,0.0,720.20001,1.0,60.0,9,168,8707,2,1.0
97,1.0,0.0,1.036,1.0,6.0,8,139.1773516464196,139.1773516464196,pobre,basal,0,1250.0,706.0,1.0,50.0,13,172,8708,6,1.0
98,1.0,0.0,1.036,1.0,6.0,8,139.1773516464196,139.1773516464196,pobre,basal,0,1250.0,706.0,1.0,50.0,14,172,8708,6,1.0
97,1.0,0.0,1.036,1.0,5.0,8,139.1773516464196,139.1773516464196,pobre,basal,0,1250.0,706.0,1.0,50.0,11,172,8709,5,1.0
98,1.0,0.0,1.036,1.0,6.0,8,139.1773516464196,139.1773516464196,pobre,basal,0,1250.0,706.0,1.0,50.0,12,172,8709,5,1.0
97,0.0,0.0,1.036,1.0,0.0,8,139.1773516464196,139.1773516464196,pobre,basal,0,1250.0,706.0,1.0,50.0,6,172,8710,0,1.0
98,0.0,0.0,1.036,1.0,1.0,8,139.1773516464196,139.1773516464196,pobre,basal,0,1250.0,706.0,1.0,50.0,7,172,8710,0,1.0
97,1.0,0.0,1.036,1.0,2.0,4,139.1773516464196,139.1773516464196,no pobre,basal,2,0.0,794.0,1.0,72.0,15,172,8711,2,1.0
98,1.0,0.0,1.036,,,4,139.1773516464196,139.1773516464196,no pobre,basal,2,0.0,794.0,1.0,72.0,16,172,8711,2,1.0
97,0.0,0.0,1.036,1.0,5.0,4,139.1773516464196,139.1773516464196,no pobre,basal,2,0.0,794.0,1.0,72.0,14,172,8712,5,1.0
98,0.0,0.0,1.036,0.0,6.0,4,139.1773516464196,139.1773516464196,no pobre,basal,2,0.0,794.0,1.0,72.0,15,172,8712,5,1.0
97,0.0,0.0,1.163,0.0,5.0,8,138.6567627911014,138.6567627911014,pobre,basal,1,0.0,537.0,1.0,48.0,16,168,8713,5,0.0
98,0.0,0.0,1.163,,,8,138.6567627911014,138.6567627911014,pobre,basal,1,0.0,537.0,1.0,48.0,17,168,8713,5,0.0
97,0.0,0.0,1.163,0.0,5.0,8,138.6567627911014,138.6567627911014,pobre,basal,1,0.0,537.0,1.0,48.0,16,168,8714,5,0.0
98,0.0,0.0,1.163,,,8,138.6567627911014,138.6567627911014,pobre,basal,1,0.0,537.0,1.0,48.0,17,168,8714,5,0.0
97,1.0,0.0,1.163,0.0,6.0,8,138.6567627911014,138.6567627911014,pobre,basal,1,0.0,537.0,1.0,48.0,12,168,8715,6,0.0
98,1.0,0.0,1.163,0.0,9.0,8,138.6567627911014,138.6567627911014,pobre,basal,1,0.0,537.0,1.0,48.0,13,168,8715,6,0.0
97,1.0,0.0,1.163,,0.0,13,138.6567627911014,138.6567627911014,pobre,basal,0,1250.0,545.5,1.0,50.0,12,168,8716,0,
98,1.0,0.0,1.163,0.0,6.0,13,138.6567627911014,138.6567627911014,pobre,basal,0,1250.0,545.5,1.0,50.0,13,168,8716,0,
97,0.0,0.0,1.163,1.0,4.0,13,138.6567627911014,138.6567627911014,pobre,basal,0,1250.0,545.5,1.0,50.0,11,168,8717,4,1.0
98,0.0,0.0,1.163,1.0,5.0,13,138.6567627911014,138.6567627911014,pobre,basal,0,1250.0,545.5,1.0,50.0,12,168,8717,4,1.0
97,1.0,0.0,1.163,1.0,1.0,13,138.6567627911014,138.6567627911014,pobre,basal,0,1250.0,545.5,1.0,50.0,8,168,8718,1,1.0
98,1.0,0.0,1.163,1.0,2.0,13,138.6567627911014,138.6567627911014,pobre,basal,0,1250.0,545.5,1.0,50.0,9,168,8718,1,1.0
97,1.0,1.0,1.163,0.0,0.0,13,138.6567627911014,138.6567627911014,pobre,basal,0,1250.0,545.5,1.0,50.0,6,168,8719,0,0.0
98,1.0,1.0,1.163,1.0,2.0,13,138.6567627911014,138.6567627911014,pobre,basal,0,1250.0,545.5,1.0,50.0,7,168,8719,0,0.0
97,0.0,0.0,1.163,1.0,3.0,6,138.6567627911014,138.6567627911014,pobre,basal,0,1000.0,576.0,1.0,32.0,11,168,8720,3,1.0
98,0.0,0.0,1.163,1.0,4.0,6,138.6567627911014,138.6567627911014,pobre,basal,0,1000.0,576.0,1.0,32.0,12,168,8720,3,1.0
97,1.0,0.0,1.163,1.0,2.0,6,138.6567627911014,138.6567627911014,pobre,basal,0,1000.0,576.0,1.0,32.0,9,168,8721,2,1.0
98,1.0,0.0,1.163,1.0,3.0,6,138.6567627911014,138.6567627911014,pobre,basal,0,1000.0,576.0,1.0,32.0,10,168,8721,2,1.0
97,0.0,0.0,1.163,1.0,3.0,6,138.6567627911014,138.6567627911014,pobre,basal,0,1000.0,576.0,1.0,32.0,6,168,8722,3,1.0
98,0.0,0.0,1.163,1.0,1.0,6,138.6567627911014,138.6567627911014,pobre,basal,0,1000.0,576.0,1.0,32.0,7,168,8722,3,1.0
97,1.0,0.0,1.163,,0.0,8,138.6567627911014,138.6567627911014,pobre,basal,4,0.0,599.0,1.0,42.0,16,168,8723,0,
98,1.0,0.0,1.163,,,8,138.6567627911014,138.6567627911014,pobre,basal,4,0.0,599.0,1.0,42.0,17,168,8723,0,
97,1.0,0.0,1.163,1.0,6.0,8,138.6567627911014,138.6567627911014,pobre,basal,4,0.0,599.0,1.0,42.0,15,168,8724,6,1.0
98,1.0,0.0,1.163,0.0,6.0,8,138.6567627911014,138.6567627911014,pobre,basal,4,0.0,599.0,1.0,42.0,16,168,8724,6,1.0
97,0.0,0.0,1.163,1.0,6.0,8,138.6567627911014,138.6567627911014,pobre,basal,4,0.0,599.0,1.0,42.0,13,168,8725,6,1.0
98,0.0,0.0,1.163,0.0,6.0,8,138.6567627911014,138.6567627911014,pobre,basal,4,0.0,599.0,1.0,42.0,14,168,8725,6,1.0
97,1.0,0.0,1.163,1.0,1.0,8,138.6567627911014,138.6567627911014,pobre,basal,4,0.0,599.0,1.0,42.0,7,168,8726,1,1.0
98,1.0,0.0,1.163,1.0,2.0,8,138.6567627911014,138.6567627911014,pobre,basal,4,0.0,599.0,1.0,42.0,8,168,8726,1,1.0
97,1.0,0.0,1.163,1.0,3.0,8,138.6567627911014,138.6567627911014,pobre,basal,4,0.0,599.0,1.0,42.0,7,168,8727,3,1.0
98,1.0,0.0,1.163,1.0,1.0,8,138.6567627911014,138.6567627911014,pobre,basal,4,0.0,599.0,1.0,42.0,8,168,8727,3,1.0
97,1.0,0.0,1.163,0.0,3.0,4,138.6567627911014,138.6567627911014,pobre,basal,2,0.0,721.0,1.0,57.0,14,168,8728,3,0.0
98,1.0,0.0,1.163,,,4,138.6567627911014,138.6567627911014,pobre,basal,2,0.0,721.0,1.0,57.0,15,168,8728,3,0.0
97,1.0,0.0,1.163,1.0,0.0,4,138.6567627911014,138.6567627911014,pobre,basal,2,0.0,721.0,1.0,57.0,6,168,8729,0,1.0
98,1.0,0.0,1.163,,,4,138.6567627911014,138.6567627911014,pobre,basal,2,0.0,721.0,1.0,57.0,7,168,8729,0,1.0
97,1.0,0.0,1.163,1.0,1.0,6,138.6567627911014,138.6567627911014,pobre,basal,3,6400.0,422.0,1.0,27.0,9,168,8730,1,1.0
98,1.0,0.0,1.163,1.0,2.0,6,138.6567627911014,138.6567627911014,pobre,basal,3,6400.0,422.0,1.0,27.0,10,168,8730,1,1.0
97,1.0,0.0,1.163,1.0,0.0,6,138.6567627911014,138.6567627911014,pobre,basal,3,6400.0,422.0,1.0,27.0,6,168,8731,0,1.0
98,1.0,0.0,1.163,1.0,1.0,6,138.6567627911014,138.6567627911014,pobre,basal,3,6400.0,422.0,1.0,27.0,7,168,8731,0,1.0
97,1.0,0.0,1.036,1.0,7.0,10,139.1773516464196,139.1773516464196,pobre,basal,1,1250.0,431.0,1.0,48.0,15,172,8732,7,1.0
98,1.0,0.0,1.036,1.0,8.0,10,139.1773516464196,139.1773516464196,pobre,basal,1,1250.0,431.0,1.0,48.0,16,172,8732,7,1.0
97,1.0,0.0,1.036,1.0,5.0,10,139.1773516464196,139.1773516464196,pobre,basal,1,1250.0,431.0,1.0,48.0,14,172,8733,5,1.0
98,1.0,0.0,1.036,1.0,6.0,10,139.1773516464196,139.1773516464196,pobre,basal,1,1250.0,431.0,1.0,48.0,15,172,8733,5,1.0
97,1.0,0.0,1.036,1.0,5.0,10,139.1773516464196,139.1773516464196,pobre,basal,1,1250.0,431.0,1.0,48.0,11,172,8734,5,1.0
98,1.0,0.0,1.036,1.0,6.0,10,139.1773516464196,139.1773516464196,pobre,basal,1,1250.0,431.0,1.0,48.0,12,172,8734,5,1.0
97,1.0,0.0,1.036,1.0,3.0,10,139.1773516464196,139.1773516464196,pobre,basal,1,1250.0,431.0,1.0,48.0,10,172,8735,3,1.0
98,1.0,0.0,1.036,1.0,4.0,10,139.1773516464196,139.1773516464196,pobre,basal,1,1250.0,431.0,1.0,48.0,11,172,8735,3,1.0
97,0.0,0.0,1.036,1.0,3.0,10,139.1773516464196,139.1773516464196,pobre,basal,1,1250.0,431.0,1.0,48.0,9,172,8736,3,1.0
98,0.0,0.0,1.036,1.0,3.0,10,139.1773516464196,139.1773516464196,pobre,basal,1,1250.0,431.0,1.0,48.0,10,172,8736,3,1.0
97,0.0,0.0,1.036,1.0,2.0,10,139.1773516464196,139.1773516464196,pobre,basal,1,1250.0,431.0,1.0,48.0,7,172,8737,2,1.0
98,0.0,0.0,1.036,1.0,3.0,10,139.1773516464196,139.1773516464196,pobre,basal,1,1250.0,431.0,1.0,48.0,8,172,8737,2,1.0
97,1.0,0.0,1.163,0.0,6.0,5,138.6567627911014,138.6567627911014,pobre,basal,2,1000.0,651.0,1.0,44.0,16,168,8738,6,0.0
98,1.0,0.0,1.163,1.0,6.0,5,138.6567627911014,138.6567627911014,pobre,basal,2,1000.0,651.0,1.0,44.0,17,168,8738,6,0.0
97,0.0,0.0,1.163,1.0,6.0,5,138.6567627911014,138.6567627911014,pobre,basal,2,1000.0,651.0,1.0,44.0,14,168,8739,6,1.0
98,0.0,0.0,1.163,1.0,7.0,5,138.6567627911014,138.6567627911014,pobre,basal,2,1000.0,651.0,1.0,44.0,15,168,8739,6,1.0
97,1.0,0.0,1.163,1.0,5.0,5,138.6567627911014,138.6567627911014,pobre,basal,2,1000.0,651.0,1.0,44.0,11,168,8740,5,1.0
98,1.0,0.0,1.163,1.0,6.0,5,138.6567627911014,138.6567627911014,pobre,basal,2,1000.0,651.0,1.0,44.0,12,168,8740,5,1.0
97,0.0,0.0,1.163,1.0,8.0,9,138.6567627911014,138.6567627911014,pobre,basal,3,1250.0,477.0,1.0,42.0,13,168,8741,8,1.0
98,0.0,0.0,1.163,1.0,8.0,9,138.6567627911014,138.6567627911014,pobre,basal,3,1250.0,477.0,1.0,42.0,14,168,8741,8,1.0
97,1.0,0.0,1.163,1.0,6.0,9,138.6567627911014,138.6567627911014,pobre,basal,3,1250.0,477.0,1.0,42.0,12,168,8742,6,1.0
98,1.0,0.0,1.163,1.0,7.0,9,138.6567627911014,138.6567627911014,pobre,basal,3,1250.0,477.0,1.0,42.0,13,168,8742,6,1.0
97,0.0,0.0,1.163,1.0,5.0,9,138.6567627911014,138.6567627911014,pobre,basal,3,1250.0,477.0,1.0,42.0,9,168,8743,5,1.0
98,0.0,0.0,1.163,1.0,6.0,9,138.6567627911014,138.6567627911014,pobre,basal,3,1250.0,477.0,1.0,42.0,10,168,8743,5,1.0
97,1.0,0.0,1.163,1.0,2.0,9,138.6567627911014,138.6567627911014,pobre,basal,3,1250.0,477.0,1.0,42.0,8,168,8744,2,1.0
98,1.0,0.0,1.163,1.0,3.0,9,138.6567627911014,138.6567627911014,pobre,basal,3,1250.0,477.0,1.0,42.0,9,168,8744,2,1.0
97,0.0,0.0,1.163,1.0,2.0,9,138.6567627911014,138.6567627911014,pobre,basal,3,1250.0,477.0,1.0,42.0,7,168,8745,2,1.0
98,0.0,0.0,1.163,1.0,2.0,9,138.6567627911014,138.6567627911014,pobre,basal,3,1250.0,477.0,1.0,42.0,8,168,8745,2,1.0
97,0.0,0.0,1.163,1.0,4.0,4,138.6567627911014,138.6567627911014,no pobre,basal,3,1500.0,772.0,1.0,50.0,10,168,8746,4,1.0
98,0.0,0.0,1.163,1.0,5.0,4,138.6567627911014,138.6567627911014,no pobre,basal,3,1500.0,772.0,1.0,50.0,11,168,8746,4,1.0
97,0.0,0.0,1.163,1.0,3.0,4,138.6567627911014,138.6567627911014,no pobre,basal,3,1500.0,772.0,1.0,50.0,8,168,8747,3,1.0
98,0.0,0.0,1.163,1.0,4.0,4,138.6567627911014,138.6567627911014,no pobre,basal,3,1500.0,772.0,1.0,50.0,9,168,8747,3,1.0
97,1.0,0.0,1.163,0.0,9.0,6,138.6567627911014,138.6567627911014,pobre,basal,1,1500.0,623.0,1.0,64.0,15,168,8748,9,0.0
98,1.0,0.0,1.163,0.0,9.0,6,138.6567627911014,138.6567627911014,pobre,basal,1,1500.0,623.0,1.0,64.0,16,168,8748,9,0.0
97,1.0,0.0,1.036,0.0,2.0,5,139.1773516464196,139.1773516464196,pobre,basal,2,91.666664,667.0,1.0,57.0,14,172,8749,2,0.0
98,1.0,0.0,1.036,,,5,139.1773516464196,139.1773516464196,pobre,basal,2,91.666664,667.0,1.0,57.0,15,172,8749,2,0.0
97,0.0,0.0,1.036,1.0,9.0,5,139.1773516464196,139.1773516464196,pobre,basal,2,91.666664,667.0,1.0,57.0,13,172,8750,9,1.0
98,0.0,0.0,1.036,0.0,8.0,5,139.1773516464196,139.1773516464196,pobre,basal,2,91.666664,667.0,1.0,57.0,14,172,8750,9,1.0
97,1.0,0.0,1.036,1.0,6.0,5,139.1773516464196,139.1773516464196,pobre,basal,2,91.666664,667.0,1.0,57.0,12,172,8751,6,1.0
98,1.0,0.0,1.036,1.0,7.0,5,139.1773516464196,139.1773516464196,pobre,basal,2,91.666664,667.0,1.0,57.0,13,172,8751,6,1.0
97,1.0,0.0,1.163,1.0,0.0,5,138.6567627911014,138.6567627911014,pobre,basal,0,1250.0,695.0,1.0,38.0,9,168,8752,0,1.0
98,1.0,0.0,1.163,1.0,3.0,5,138.6567627911014,138.6567627911014,pobre,basal,0,1250.0,695.0,1.0,38.0,10,168,8752,0,1.0
97,1.0,0.0,1.163,1.0,0.0,5,138.6567627911014,138.6567627911014,pobre,basal,0,1250.0,695.0,1.0,38.0,8,168,8753,0,1.0
98,1.0,0.0,1.163,1.0,3.0,5,138.6567627911014,138.6567627911014,pobre,basal,0,1250.0,695.0,1.0,38.0,9,168,8753,0,1.0
97,1.0,0.0,1.163,1.0,0.0,5,138.6567627911014,138.6567627911014,pobre,basal,0,1250.0,695.0,1.0,38.0,7,168,8754,0,1.0
98,1.0,0.0,1.163,1.0,1.0,5,138.6567627911014,138.6567627911014,pobre,basal,0,1250.0,695.0,1.0,38.0,8,168,8754,0,1.0
97,1.0,0.0,1.163,1.0,9.0,10,138.6567627911014,138.6567627911014,pobre,basal,2,0.0,668.39001,1.0,45.0,13,168,8755,9,1.0
98,1.0,0.0,1.163,1.0,9.0,10,138.6567627911014,138.6567627911014,pobre,basal,2,0.0,668.39001,1.0,45.0,14,168,8755,9,1.0
97,1.0,0.0,1.163,1.0,2.0,10,138.6567627911014,138.6567627911014,pobre,basal,2,0.0,668.39001,1.0,45.0,10,168,8756,2,1.0
98,1.0,0.0,1.163,1.0,2.0,10,138.6567627911014,138.6567627911014,pobre,basal,2,0.0,668.39001,1.0,45.0,11,168,8756,2,1.0
97,0.0,0.0,1.163,1.0,12.0,8,138.6567627911014,138.6567627911014,no pobre,basal,2,750.0,757.39001,1.0,45.0,16,168,8757,12,1.0
98,0.0,0.0,1.163,,,8,138.6567627911014,138.6567627911014,no pobre,basal,2,750.0,757.39001,1.0,45.0,17,168,8757,12,1.0
97,0.0,0.0,1.163,1.0,6.0,8,138.6567627911014,138.6567627911014,no pobre,basal,2,750.0,757.39001,1.0,45.0,12,168,8758,6,1.0
98,0.0,0.0,1.163,1.0,7.0,8,138.6567627911014,138.6567627911014,no pobre,basal,2,750.0,757.39001,1.0,45.0,13,168,8758,6,1.0
97,1.0,0.0,1.163,1.0,2.0,8,138.6567627911014,138.6567627911014,no pobre,basal,2,750.0,757.39001,1.0,45.0,7,168,8759,2,1.0
98,1.0,0.0,1.163,1.0,3.0,8,138.6567627911014,138.6567627911014,no pobre,basal,2,750.0,757.39001,1.0,45.0,8,168,8759,2,1.0
97,1.0,0.0,1.036,1.0,2.0,4,139.1773516464196,139.1773516464196,no pobre,basal,0,0.0,799.0,1.0,53.0,9,172,8760,2,1.0
98,1.0,0.0,1.036,1.0,3.0,4,139.1773516464196,139.1773516464196,no pobre,basal,0,0.0,799.0,1.0,53.0,10,172,8760,2,1.0
97,0.0,0.0,3.5239999,1.0,7.0,4,137.4830240664718,137.4830240664718,no pobre,0,0,1360.0,746.0,1.0,52.0,13,171,8761,7,1.0
98,0.0,0.0,3.5239999,1.0,8.0,4,137.4830240664718,137.4830240664718,no pobre,0,0,1360.0,746.0,1.0,52.0,14,171,8761,7,1.0
97,1.0,0.0,3.5239999,0.0,8.0,5,137.4830240664718,137.4830240664718,pobre,0,0,1500.0,724.5,1.0,60.0,15,171,8762,8,0.0
98,1.0,0.0,3.5239999,0.0,8.0,5,137.4830240664718,137.4830240664718,pobre,0,0,1500.0,724.5,1.0,60.0,16,171,8762,8,0.0
97,1.0,0.0,3.5239999,1.0,5.0,5,137.4830240664718,137.4830240664718,pobre,0,0,1500.0,724.5,1.0,60.0,12,171,8763,5,1.0
98,1.0,0.0,3.5239999,1.0,6.0,5,137.4830240664718,137.4830240664718,pobre,0,0,1500.0,724.5,1.0,60.0,13,171,8763,5,1.0
97,0.0,0.0,3.5239999,1.0,2.0,5,137.4830240664718,137.4830240664718,pobre,0,0,1500.0,724.5,1.0,60.0,7,171,8764,2,1.0
98,0.0,0.0,3.5239999,1.0,3.0,5,137.4830240664718,137.4830240664718,pobre,0,0,1500.0,724.5,1.0,60.0,8,171,8764,2,1.0
97,1.0,0.0,3.5239999,1.0,9.0,4,137.4830240664718,137.4830240664718,pobre,0,0,0.0,726.0,0.0,70.0,15,171,8765,9,1.0
98,1.0,0.0,3.5239999,0.0,9.0,4,137.4830240664718,137.4830240664718,pobre,0,0,0.0,726.0,0.0,70.0,16,171,8765,9,1.0
97,1.0,0.0,3.5239999,0.0,6.0,3,137.4830240664718,137.4830240664718,pobre,0,0,1600.0,776.5,1.0,65.0,15,171,8766,6,0.0
98,1.0,0.0,3.5239999,0.0,6.0,3,137.4830240664718,137.4830240664718,pobre,0,0,1600.0,776.5,1.0,65.0,16,171,8766,6,0.0
97,0.0,0.0,3.5239999,0.0,6.0,3,137.4830240664718,137.4830240664718,pobre,0,0,0.0,710.0,1.0,79.0,13,171,8767,6,0.0
98,0.0,0.0,3.5239999,0.0,6.0,3,137.4830240664718,137.4830240664718,pobre,0,0,0.0,710.0,1.0,79.0,14,171,8767,6,0.0
97,1.0,0.0,3.5239999,0.0,6.0,8,137.4830240664718,137.4830240664718,pobre,0,0,1500.0,714.0,1.0,50.0,16,171,8768,6,0.0
98,1.0,0.0,3.5239999,0.0,6.0,8,137.4830240664718,137.4830240664718,pobre,0,0,1500.0,714.0,1.0,50.0,17,171,8768,6,0.0
97,0.0,0.0,3.5239999,0.0,6.0,8,137.4830240664718,137.4830240664718,pobre,0,0,1500.0,714.0,1.0,50.0,14,171,8769,6,0.0
98,0.0,0.0,3.5239999,0.0,5.0,8,137.4830240664718,137.4830240664718,pobre,0,0,1500.0,714.0,1.0,50.0,15,171,8769,6,0.0
97,0.0,0.0,3.5239999,1.0,2.0,8,137.4830240664718,137.4830240664718,pobre,0,0,1500.0,714.0,1.0,50.0,7,171,8770,2,1.0
98,0.0,0.0,3.5239999,1.0,3.0,8,137.4830240664718,137.4830240664718,pobre,0,0,1500.0,714.0,1.0,50.0,8,171,8770,2,1.0
97,0.0,0.0,3.5239999,1.0,0.0,5,137.4830240664718,137.4830240664718,pobre,0,6,1500.0,597.0,1.0,31.0,6,171,8771,0,1.0
98,0.0,0.0,3.5239999,1.0,1.0,5,137.4830240664718,137.4830240664718,pobre,0,6,1500.0,597.0,1.0,31.0,7,171,8771,0,1.0
97,0.0,0.0,3.5239999,,0.0,3,137.4830240664718,137.4830240664718,no pobre,0,3,1500.0,726.34003,1.0,34.0,13,171,8772,0,
98,0.0,0.0,3.5239999,0.0,2.0,3,137.4830240664718,137.4830240664718,no pobre,0,3,1500.0,726.34003,1.0,34.0,14,171,8772,0,
97,1.0,0.0,3.5239999,,0.0,8,137.4830240664718,137.4830240664718,pobre,0,0,600.0,750.0,1.0,39.0,16,171,8773,0,
98,1.0,0.0,3.5239999,,,8,137.4830240664718,137.4830240664718,pobre,0,0,600.0,750.0,1.0,39.0,17,171,8773,0,
97,0.0,0.0,3.5239999,0.0,5.0,8,137.4830240664718,137.4830240664718,pobre,0,0,600.0,750.0,1.0,39.0,13,171,8774,5,0.0
98,0.0,0.0,3.5239999,,,8,137.4830240664718,137.4830240664718,pobre,0,0,600.0,750.0,1.0,39.0,14,171,8774,5,0.0
97,0.0,0.0,3.5239999,1.0,4.0,8,137.4830240664718,137.4830240664718,pobre,0,0,600.0,750.0,1.0,39.0,10,171,8775,4,1.0
98,0.0,0.0,3.5239999,1.0,5.0,8,137.4830240664718,137.4830240664718,pobre,0,0,600.0,750.0,1.0,39.0,11,171,8775,4,1.0
97,0.0,0.0,3.5239999,1.0,2.0,8,137.4830240664718,137.4830240664718,pobre,0,0,600.0,750.0,1.0,39.0,8,171,8776,2,1.0
98,0.0,0.0,3.5239999,1.0,3.0,8,137.4830240664718,137.4830240664718,pobre,0,0,600.0,750.0,1.0,39.0,9,171,8776,2,1.0
97,0.0,0.0,3.5239999,,0.0,6,137.4830240664718,137.4830240664718,no pobre,0,0,300.0,751.0,1.0,41.0,16,171,8777,0,
98,0.0,0.0,3.5239999,,,6,137.4830240664718,137.4830240664718,no pobre,0,0,300.0,751.0,1.0,41.0,17,171,8777,0,
97,0.0,0.0,3.5239999,,0.0,6,137.4830240664718,137.4830240664718,no pobre,0,0,300.0,751.0,1.0,41.0,13,171,8778,0,
98,0.0,0.0,3.5239999,,,6,137.4830240664718,137.4830240664718,no pobre,0,0,300.0,751.0,1.0,41.0,14,171,8778,0,
97,1.0,0.0,3.5239999,0.0,6.0,5,137.4830240664718,137.4830240664718,pobre,0,6,0.0,757.75,1.0,41.0,16,171,8779,6,0.0
98,1.0,0.0,3.5239999,,,5,137.4830240664718,137.4830240664718,pobre,0,6,0.0,757.75,1.0,41.0,17,171,8779,6,0.0
97,1.0,0.0,3.5239999,0.0,6.0,5,137.4830240664718,137.4830240664718,pobre,0,6,0.0,757.75,1.0,41.0,12,171,8780,6,0.0
98,1.0,0.0,3.5239999,0.0,6.0,5,137.4830240664718,137.4830240664718,pobre,0,6,0.0,757.75,1.0,41.0,13,171,8780,6,0.0
97,0.0,0.0,3.5239999,0.0,6.0,3,137.4830240664718,137.4830240664718,pobre,0,0,0.0,757.28003,1.0,61.0,15,171,8781,6,0.0
98,0.0,0.0,3.5239999,,,3,137.4830240664718,137.4830240664718,pobre,0,0,0.0,757.28003,1.0,61.0,16,171,8781,6,0.0
97,1.0,0.0,3.5239999,1.0,2.0,5,137.4830240664718,137.4830240664718,pobre,0,0,0.0,608.0,1.0,69.0,8,171,8782,2,1.0
98,1.0,0.0,3.5239999,1.0,3.0,5,137.4830240664718,137.4830240664718,pobre,0,0,0.0,608.0,1.0,69.0,9,171,8782,2,1.0
97,0.0,0.0,3.5239999,1.0,2.0,5,137.4830240664718,137.4830240664718,pobre,0,0,0.0,608.0,1.0,69.0,7,171,8783,2,1.0
98,0.0,0.0,3.5239999,1.0,2.0,5,137.4830240664718,137.4830240664718,pobre,0,0,0.0,608.0,1.0,69.0,8,171,8783,2,1.0
97,0.0,0.0,3.5239999,0.0,6.0,6,137.4830240664718,137.4830240664718,pobre,0,2,600.0,589.0,1.0,45.0,16,171,8784,6,0.0
98,0.0,0.0,3.5239999,,,6,137.4830240664718,137.4830240664718,pobre,0,2,600.0,589.0,1.0,45.0,17,171,8784,6,0.0
97,0.0,0.0,3.5239999,0.0,6.0,6,137.4830240664718,137.4830240664718,pobre,0,2,600.0,589.0,1.0,45.0,15,171,8785,6,0.0
98,0.0,0.0,3.5239999,0.0,6.0,6,137.4830240664718,137.4830240664718,pobre,0,2,600.0,589.0,1.0,45.0,16,171,8785,6,0.0
97,0.0,0.0,3.5239999,0.0,6.0,6,137.4830240664718,137.4830240664718,pobre,0,2,600.0,589.0,1.0,45.0,12,171,8786,6,0.0
98,0.0,0.0,3.5239999,0.0,6.0,6,137.4830240664718,137.4830240664718,pobre,0,2,600.0,589.0,1.0,45.0,13,171,8786,6,0.0
97,1.0,0.0,3.5239999,1.0,5.0,6,137.4830240664718,137.4830240664718,pobre,0,2,600.0,589.0,1.0,45.0,11,171,8787,5,1.0
98,1.0,0.0,3.5239999,1.0,6.0,6,137.4830240664718,137.4830240664718,pobre,0,2,600.0,589.0,1.0,45.0,12,171,8787,5,1.0
97,0.0,0.0,3.5239999,1.0,8.0,7,137.4830240664718,137.4830240664718,pobre,0,6,600.0,687.5,1.0,39.0,14,171,8788,8,1.0
98,0.0,0.0,3.5239999,0.0,9.0,7,137.4830240664718,137.4830240664718,pobre,0,6,600.0,687.5,1.0,39.0,15,171,8788,8,1.0
97,1.0,0.0,3.5239999,1.0,6.0,7,137.4830240664718,137.4830240664718,pobre,0,6,600.0,687.5,1.0,39.0,12,171,8789,6,1.0
98,1.0,0.0,3.5239999,0.0,6.0,7,137.4830240664718,137.4830240664718,pobre,0,6,600.0,687.5,1.0,39.0,13,171,8789,6,1.0
97,1.0,0.0,3.5239999,1.0,5.0,7,137.4830240664718,137.4830240664718,pobre,0,6,600.0,687.5,1.0,39.0,10,171,8790,5,1.0
98,1.0,0.0,3.5239999,1.0,4.0,7,137.4830240664718,137.4830240664718,pobre,0,6,600.0,687.5,1.0,39.0,11,171,8790,5,1.0
97,1.0,0.0,3.5239999,1.0,3.0,7,137.4830240664718,137.4830240664718,pobre,0,6,600.0,687.5,1.0,39.0,9,171,8791,3,1.0
98,1.0,0.0,3.5239999,1.0,4.0,7,137.4830240664718,137.4830240664718,pobre,0,6,600.0,687.5,1.0,39.0,10,171,8791,3,1.0
97,1.0,0.0,3.5239999,0.0,4.0,10,137.4830240664718,137.4830240664718,pobre,0,0,0.0,410.0,1.0,47.0,14,171,8792,4,0.0
98,1.0,0.0,3.5239999,1.0,4.0,10,137.4830240664718,137.4830240664718,pobre,0,0,0.0,410.0,1.0,47.0,15,171,8792,4,0.0
97,1.0,0.0,3.5239999,1.0,3.0,10,137.4830240664718,137.4830240664718,pobre,0,0,0.0,410.0,1.0,47.0,12,171,8793,3,1.0
98,1.0,0.0,3.5239999,1.0,4.0,10,137.4830240664718,137.4830240664718,pobre,0,0,0.0,410.0,1.0,47.0,13,171,8793,3,1.0
97,1.0,0.0,3.5239999,1.0,2.0,10,137.4830240664718,137.4830240664718,pobre,0,0,0.0,410.0,1.0,47.0,9,171,8794,2,1.0
98,1.0,0.0,3.5239999,1.0,3.0,10,137.4830240664718,137.4830240664718,pobre,0,0,0.0,410.0,1.0,47.0,10,171,8794,2,1.0
97,0.0,0.0,3.5239999,1.0,3.0,10,137.4830240664718,137.4830240664718,pobre,0,0,0.0,410.0,1.0,47.0,10,171,8795,3,1.0
98,0.0,0.0,3.5239999,1.0,4.0,10,137.4830240664718,137.4830240664718,pobre,0,0,0.0,410.0,1.0,47.0,11,171,8795,3,1.0
97,1.0,0.0,3.5239999,1.0,1.0,10,137.4830240664718,137.4830240664718,pobre,0,0,0.0,410.0,1.0,47.0,7,171,8796,1,1.0
98,1.0,0.0,3.5239999,1.0,2.0,10,137.4830240664718,137.4830240664718,pobre,0,0,0.0,410.0,1.0,47.0,8,171,8796,1,1.0
97,1.0,0.0,9.0270004,,0.0,8,105.6858062869262,105.6858062869262,pobre,0,0,2500.0,580.0,0.0,27.0,15,169,8797,0,
98,1.0,0.0,9.0270004,,,8,105.6858062869262,105.6858062869262,pobre,0,0,2500.0,580.0,0.0,27.0,16,169,8797,0,
97,1.0,0.0,9.0270004,0.0,4.0,8,105.6858062869262,105.6858062869262,pobre,0,0,2500.0,580.0,0.0,27.0,13,169,8798,4,0.0
98,1.0,0.0,9.0270004,0.0,3.0,8,105.6858062869262,105.6858062869262,pobre,0,0,2500.0,580.0,0.0,27.0,14,169,8798,4,0.0
97,0.0,0.0,9.0270004,1.0,4.0,8,105.6858062869262,105.6858062869262,pobre,0,0,2500.0,580.0,0.0,27.0,11,169,8799,4,1.0
98,0.0,0.0,9.0270004,1.0,5.0,8,105.6858062869262,105.6858062869262,pobre,0,0,2500.0,580.0,0.0,27.0,12,169,8799,4,1.0
97,1.0,0.0,9.0270004,,0.0,8,105.6858062869262,105.6858062869262,pobre,0,0,2500.0,580.0,0.0,27.0,10,169,8800,0,
98,1.0,0.0,9.0270004,1.0,2.0,8,105.6858062869262,105.6858062869262,pobre,0,0,2500.0,580.0,0.0,27.0,11,169,8800,0,
97,0.0,0.0,9.0270004,,0.0,8,105.6858062869262,105.6858062869262,pobre,0,0,2500.0,580.0,0.0,27.0,6,169,8801,0,
98,0.0,0.0,9.0270004,1.0,1.0,8,105.6858062869262,105.6858062869262,pobre,0,0,2500.0,580.0,0.0,27.0,7,169,8801,0,
97,0.0,0.0,9.0270004,1.0,2.0,8,105.6858062869262,105.6858062869262,pobre,0,0,500.0,504.0,1.0,30.0,10,169,8802,2,1.0
98,0.0,0.0,9.0270004,1.0,2.0,8,105.6858062869262,105.6858062869262,pobre,0,0,500.0,504.0,1.0,30.0,11,169,8802,2,1.0
97,1.0,0.0,9.0270004,1.0,2.0,8,105.6858062869262,105.6858062869262,pobre,0,0,500.0,504.0,1.0,30.0,8,169,8803,2,1.0
98,1.0,0.0,9.0270004,1.0,2.0,8,105.6858062869262,105.6858062869262,pobre,0,0,500.0,504.0,1.0,30.0,9,169,8803,2,1.0
97,0.0,0.0,9.0270004,,0.0,8,105.6858062869262,105.6858062869262,pobre,0,0,500.0,504.0,1.0,30.0,7,169,8804,0,
98,0.0,0.0,9.0270004,1.0,2.0,8,105.6858062869262,105.6858062869262,pobre,0,0,500.0,504.0,1.0,30.0,8,169,8804,0,
97,1.0,0.0,9.0270004,,0.0,8,105.6858062869262,105.6858062869262,pobre,0,0,500.0,504.0,1.0,30.0,6,169,8805,0,
98,1.0,0.0,9.0270004,1.0,0.0,8,105.6858062869262,105.6858062869262,pobre,0,0,500.0,504.0,1.0,30.0,7,169,8805,0,
97,0.0,0.0,3.5239999,0.0,9.0,6,137.4830240664718,137.4830240664718,pobre,0,2,1500.0,600.0,1.0,44.0,14,171,8806,9,0.0
98,0.0,0.0,3.5239999,0.0,9.0,6,137.4830240664718,137.4830240664718,pobre,0,2,1500.0,600.0,1.0,44.0,15,171,8806,9,0.0
97,1.0,0.0,3.5239999,0.0,6.0,6,137.4830240664718,137.4830240664718,pobre,0,2,1500.0,600.0,1.0,44.0,12,171,8807,6,0.0
98,1.0,0.0,3.5239999,1.0,6.0,6,137.4830240664718,137.4830240664718,pobre,0,2,1500.0,600.0,1.0,44.0,13,171,8807,6,0.0
97,0.0,0.0,3.5239999,0.0,4.0,6,137.4830240664718,137.4830240664718,pobre,0,2,1500.0,600.0,1.0,44.0,10,171,8808,4,0.0
98,0.0,0.0,3.5239999,1.0,4.0,6,137.4830240664718,137.4830240664718,pobre,0,2,1500.0,600.0,1.0,44.0,11,171,8808,4,0.0
97,0.0,0.0,3.5239999,0.0,6.0,8,137.4830240664718,137.4830240664718,pobre,0,0,0.0,660.0,1.0,60.0,16,171,8809,6,0.0
98,0.0,0.0,3.5239999,,,8,137.4830240664718,137.4830240664718,pobre,0,0,0.0,660.0,1.0,60.0,17,171,8809,6,0.0
97,0.0,0.0,3.5239999,1.0,5.0,8,137.4830240664718,137.4830240664718,pobre,0,0,0.0,660.0,1.0,60.0,12,171,8810,5,1.0
98,0.0,0.0,3.5239999,1.0,5.0,8,137.4830240664718,137.4830240664718,pobre,0,0,0.0,660.0,1.0,60.0,13,171,8810,5,1.0
97,1.0,0.0,3.5239999,1.0,4.0,8,137.4830240664718,137.4830240664718,pobre,0,0,0.0,660.0,1.0,60.0,13,171,8811,4,1.0
98,1.0,0.0,3.5239999,1.0,5.0,8,137.4830240664718,137.4830240664718,pobre,0,0,0.0,660.0,1.0,60.0,14,171,8811,4,1.0
97,0.0,0.0,3.5239999,1.0,2.0,8,137.4830240664718,137.4830240664718,pobre,0,0,0.0,660.0,1.0,60.0,8,171,8812,2,1.0
98,0.0,0.0,3.5239999,1.0,2.0,8,137.4830240664718,137.4830240664718,pobre,0,0,0.0,660.0,1.0,60.0,9,171,8812,2,1.0
97,1.0,0.0,3.5239999,1.0,1.0,6,137.4830240664718,137.4830240664718,pobre,0,0,1500.0,550.0,1.0,40.0,7,171,8813,1,1.0
98,1.0,0.0,3.5239999,1.0,2.0,6,137.4830240664718,137.4830240664718,pobre,0,0,1500.0,550.0,1.0,40.0,8,171,8813,1,1.0
97,0.0,0.0,3.5239999,1.0,4.0,7,137.4830240664718,137.4830240664718,pobre,0,6,0.0,505.0,1.0,64.0,10,171,8814,4,1.0
98,0.0,0.0,3.5239999,1.0,5.0,7,137.4830240664718,137.4830240664718,pobre,0,6,0.0,505.0,1.0,64.0,11,171,8814,4,1.0
97,1.0,0.0,3.5239999,1.0,2.0,7,137.4830240664718,137.4830240664718,pobre,0,6,0.0,505.0,1.0,64.0,9,171,8815,2,1.0
98,1.0,0.0,3.5239999,1.0,3.0,7,137.4830240664718,137.4830240664718,pobre,0,6,0.0,505.0,1.0,64.0,10,171,8815,2,1.0
97,1.0,0.0,3.5239999,1.0,1.0,7,137.4830240664718,137.4830240664718,pobre,0,6,0.0,505.0,1.0,64.0,6,171,8816,1,1.0
98,1.0,0.0,3.5239999,1.0,2.0,7,137.4830240664718,137.4830240664718,pobre,0,6,0.0,505.0,1.0,64.0,7,171,8816,1,1.0
97,1.0,0.0,3.5239999,0.0,1.0,6,137.4830240664718,137.4830240664718,pobre,0,0,0.0,665.0,1.0,37.0,14,171,8817,1,0.0
98,1.0,0.0,3.5239999,0.0,2.0,6,137.4830240664718,137.4830240664718,pobre,0,0,0.0,665.0,1.0,37.0,15,171,8817,1,0.0
97,0.0,0.0,3.5239999,1.0,6.0,6,137.4830240664718,137.4830240664718,pobre,0,0,0.0,665.0,1.0,37.0,12,171,8818,6,1.0
98,0.0,0.0,3.5239999,0.0,6.0,6,137.4830240664718,137.4830240664718,pobre,0,0,0.0,665.0,1.0,37.0,13,171,8818,6,1.0
97,1.0,0.0,3.5239999,1.0,2.0,6,137.4830240664718,137.4830240664718,pobre,0,0,0.0,665.0,1.0,37.0,8,171,8819,2,1.0
98,1.0,0.0,3.5239999,1.0,3.0,6,137.4830240664718,137.4830240664718,pobre,0,0,0.0,665.0,1.0,37.0,9,171,8819,2,1.0
97,0.0,0.0,3.5239999,0.0,6.0,6,137.4830240664718,137.4830240664718,pobre,0,0,0.0,578.0,1.0,38.0,12,171,8820,6,0.0
98,0.0,0.0,3.5239999,0.0,6.0,6,137.4830240664718,137.4830240664718,pobre,0,0,0.0,578.0,1.0,38.0,13,171,8820,6,0.0
97,1.0,0.0,3.5239999,1.0,4.0,6,137.4830240664718,137.4830240664718,pobre,0,0,0.0,578.0,1.0,38.0,10,171,8821,4,1.0
98,1.0,0.0,3.5239999,1.0,5.0,6,137.4830240664718,137.4830240664718,pobre,0,0,0.0,578.0,1.0,38.0,11,171,8821,4,1.0
97,0.0,0.0,3.5239999,0.0,4.0,6,137.4830240664718,137.4830240664718,pobre,0,0,0.0,749.0,1.0,50.0,16,171,8822,4,0.0
98,0.0,0.0,3.5239999,,,6,137.4830240664718,137.4830240664718,pobre,0,0,0.0,749.0,1.0,50.0,17,171,8822,4,0.0
97,1.0,0.0,3.5239999,0.0,6.0,6,137.4830240664718,137.4830240664718,pobre,0,0,0.0,749.0,1.0,50.0,14,171,8823,6,0.0
98,1.0,0.0,3.5239999,0.0,6.0,6,137.4830240664718,137.4830240664718,pobre,0,0,0.0,749.0,1.0,50.0,15,171,8823,6,0.0
97,1.0,0.0,3.5239999,1.0,4.0,6,137.4830240664718,137.4830240664718,pobre,0,0,0.0,749.0,1.0,50.0,10,171,8824,4,1.0
98,1.0,0.0,3.5239999,1.0,5.0,6,137.4830240664718,137.4830240664718,pobre,0,0,0.0,749.0,1.0,50.0,11,171,8824,4,1.0
97,1.0,0.0,9.0270004,,0.0,4,105.6858062869262,105.6858062869262,no pobre,0,0,1125.0,697.0,1.0,42.0,16,169,8825,0,
98,1.0,0.0,9.0270004,,,4,105.6858062869262,105.6858062869262,no pobre,0,0,1125.0,697.0,1.0,42.0,17,169,8825,0,
97,0.0,0.0,9.0270004,1.0,5.0,4,105.6858062869262,105.6858062869262,no pobre,0,0,1125.0,697.0,1.0,42.0,14,169,8826,5,1.0
98,0.0,0.0,9.0270004,0.0,6.0,4,105.6858062869262,105.6858062869262,no pobre,0,0,1125.0,697.0,1.0,42.0,15,169,8826,5,1.0
97,1.0,0.0,3.5239999,1.0,6.0,8,137.4830240664718,137.4830240664718,no pobre,0,0,0.0,702.20001,1.0,50.0,16,171,8827,6,1.0
98,1.0,0.0,3.5239999,,,8,137.4830240664718,137.4830240664718,no pobre,0,0,0.0,702.20001,1.0,50.0,17,171,8827,6,1.0
97,0.0,0.0,3.5239999,0.0,6.0,8,137.4830240664718,137.4830240664718,no pobre,0,0,0.0,702.20001,1.0,50.0,14,171,8828,6,0.0
98,0.0,0.0,3.5239999,0.0,6.0,8,137.4830240664718,137.4830240664718,no pobre,0,0,0.0,702.20001,1.0,50.0,15,171,8828,6,0.0
97,1.0,0.0,3.5239999,0.0,6.0,8,137.4830240664718,137.4830240664718,no pobre,0,0,0.0,702.20001,1.0,50.0,12,171,8829,6,0.0
98,1.0,0.0,3.5239999,0.0,6.0,8,137.4830240664718,137.4830240664718,no pobre,0,0,0.0,702.20001,1.0,50.0,13,171,8829,6,0.0
97,1.0,0.0,3.5239999,1.0,5.0,8,137.4830240664718,137.4830240664718,no pobre,0,0,0.0,702.20001,1.0,50.0,10,171,8830,5,1.0
98,1.0,0.0,3.5239999,1.0,5.0,8,137.4830240664718,137.4830240664718,no pobre,0,0,0.0,702.20001,1.0,50.0,11,171,8830,5,1.0
97,1.0,0.0,3.5239999,0.0,9.0,10,137.4830240664718,137.4830240664718,pobre,0,0,0.0,481.0,1.0,39.0,14,171,8831,9,0.0
98,1.0,0.0,3.5239999,0.0,9.0,10,137.4830240664718,137.4830240664718,pobre,0,0,0.0,481.0,1.0,39.0,15,171,8831,9,0.0
97,0.0,0.0,3.5239999,1.0,8.0,10,137.4830240664718,137.4830240664718,pobre,0,0,0.0,481.0,1.0,39.0,14,171,8832,8,1.0
98,0.0,0.0,3.5239999,0.0,9.0,10,137.4830240664718,137.4830240664718,pobre,0,0,0.0,481.0,1.0,39.0,15,171,8832,8,1.0
97,1.0,0.0,3.5239999,1.0,5.0,10,137.4830240664718,137.4830240664718,pobre,0,0,0.0,481.0,1.0,39.0,11,171,8833,5,1.0
98,1.0,0.0,3.5239999,1.0,5.0,10,137.4830240664718,137.4830240664718,pobre,0,0,0.0,481.0,1.0,39.0,12,171,8833,5,1.0
97,0.0,0.0,3.5239999,1.0,4.0,10,137.4830240664718,137.4830240664718,pobre,0,0,0.0,481.0,1.0,39.0,11,171,8834,4,1.0
98,0.0,0.0,3.5239999,1.0,5.0,10,137.4830240664718,137.4830240664718,pobre,0,0,0.0,481.0,1.0,39.0,12,171,8834,4,1.0
97,1.0,0.0,3.5239999,1.0,4.0,10,137.4830240664718,137.4830240664718,pobre,0,0,0.0,481.0,1.0,39.0,11,171,8835,4,1.0
98,1.0,0.0,3.5239999,1.0,5.0,10,137.4830240664718,137.4830240664718,pobre,0,0,0.0,481.0,1.0,39.0,12,171,8835,4,1.0
97,0.0,0.0,3.5239999,1.0,2.0,10,137.4830240664718,137.4830240664718,pobre,0,0,0.0,481.0,1.0,39.0,9,171,8836,2,1.0
98,0.0,0.0,3.5239999,1.0,3.0,10,137.4830240664718,137.4830240664718,pobre,0,0,0.0,481.0,1.0,39.0,10,171,8836,2,1.0
97,1.0,0.0,0.0,1.0,9.0,5,105.0539879604575,105.0539879604575,no pobre,basal,0,1250.0,716.5,1.0,46.0,15,146,8837,9,1.0
98,1.0,0.0,0.0,,,5,105.0539879604575,105.0539879604575,no pobre,basal,0,1250.0,716.5,1.0,46.0,16,146,8837,9,1.0
97,0.0,0.0,0.0,1.0,8.0,5,105.0539879604575,105.0539879604575,no pobre,basal,0,1250.0,716.5,1.0,46.0,14,146,8838,8,1.0
98,0.0,0.0,0.0,0.0,9.0,5,105.0539879604575,105.0539879604575,no pobre,basal,0,1250.0,716.5,1.0,46.0,15,146,8838,8,1.0
97,1.0,0.0,0.0,1.0,7.0,8,105.0539879604575,105.0539879604575,pobre,basal,0,1250.0,515.0,1.0,31.0,15,146,8839,7,1.0
98,1.0,0.0,0.0,1.0,8.0,8,105.0539879604575,105.0539879604575,pobre,basal,0,1250.0,515.0,1.0,31.0,16,146,8839,7,1.0
97,0.0,0.0,0.0,1.0,6.0,8,105.0539879604575,105.0539879604575,pobre,basal,0,1250.0,515.0,1.0,31.0,13,146,8840,6,1.0
98,0.0,0.0,0.0,1.0,7.0,8,105.0539879604575,105.0539879604575,pobre,basal,0,1250.0,515.0,1.0,31.0,14,146,8840,6,1.0
97,1.0,0.0,0.0,1.0,4.0,8,105.0539879604575,105.0539879604575,pobre,basal,0,1250.0,515.0,1.0,31.0,10,146,8841,4,1.0
98,1.0,0.0,0.0,1.0,5.0,8,105.0539879604575,105.0539879604575,pobre,basal,0,1250.0,515.0,1.0,31.0,11,146,8841,4,1.0
97,1.0,0.0,0.0,1.0,2.0,8,105.0539879604575,105.0539879604575,pobre,basal,0,1250.0,515.0,1.0,31.0,8,146,8842,2,1.0
98,1.0,0.0,0.0,1.0,3.0,8,105.0539879604575,105.0539879604575,pobre,basal,0,1250.0,515.0,1.0,31.0,9,146,8842,2,1.0
97,1.0,0.0,0.0,1.0,0.0,8,105.0539879604575,105.0539879604575,pobre,basal,0,1250.0,515.0,1.0,31.0,6,146,8843,0,1.0
98,1.0,0.0,0.0,1.0,1.0,8,105.0539879604575,105.0539879604575,pobre,basal,0,1250.0,515.0,1.0,31.0,7,146,8843,0,1.0
97,0.0,0.0,0.0,1.0,6.0,7,105.0539879604575,105.0539879604575,pobre,basal,0,166.66667,476.0,1.0,34.0,12,146,8844,6,1.0
98,0.0,0.0,0.0,1.0,6.0,7,105.0539879604575,105.0539879604575,pobre,basal,0,166.66667,476.0,1.0,34.0,13,146,8844,6,1.0
97,1.0,0.0,0.0,1.0,2.0,7,105.0539879604575,105.0539879604575,pobre,basal,0,166.66667,476.0,1.0,34.0,8,146,8845,2,1.0
98,1.0,0.0,0.0,1.0,2.0,7,105.0539879604575,105.0539879604575,pobre,basal,0,166.66667,476.0,1.0,34.0,9,146,8845,2,1.0
97,1.0,0.0,9.0270004,1.0,3.0,4,105.6858062869262,105.6858062869262,no pobre,0,1,400.0,794.0,1.0,50.0,9,169,8846,3,1.0
98,1.0,0.0,9.0270004,1.0,4.0,4,105.6858062869262,105.6858062869262,no pobre,0,1,400.0,794.0,1.0,50.0,10,169,8846,3,1.0
97,0.0,0.0,9.0270004,1.0,1.0,4,105.6858062869262,105.6858062869262,no pobre,0,1,400.0,794.0,1.0,50.0,7,169,8847,1,1.0
98,0.0,0.0,9.0270004,1.0,2.0,4,105.6858062869262,105.6858062869262,no pobre,0,1,400.0,794.0,1.0,50.0,8,169,8847,1,1.0
97,0.0,0.0,9.0270004,0.0,1.0,3,105.6858062869262,105.6858062869262,pobre,0,6,0.0,549.0,1.0,18.0,16,169,8848,1,0.0
98,0.0,0.0,9.0270004,,,3,105.6858062869262,105.6858062869262,pobre,0,6,0.0,549.0,1.0,18.0,17,169,8848,1,0.0
97,0.0,0.0,9.0270004,0.0,6.0,10,105.6858062869262,105.6858062869262,pobre,0,0,0.0,409.0,1.0,40.0,16,169,8849,6,0.0
98,0.0,0.0,9.0270004,,,10,105.6858062869262,105.6858062869262,pobre,0,0,0.0,409.0,1.0,40.0,17,169,8849,6,0.0
97,0.0,0.0,9.0270004,1.0,4.0,10,105.6858062869262,105.6858062869262,pobre,0,0,0.0,409.0,1.0,40.0,15,169,8850,4,1.0
98,0.0,0.0,9.0270004,,,10,105.6858062869262,105.6858062869262,pobre,0,0,0.0,409.0,1.0,40.0,16,169,8850,4,1.0
97,1.0,0.0,9.0270004,1.0,4.0,10,105.6858062869262,105.6858062869262,pobre,0,0,0.0,409.0,1.0,40.0,13,169,8851,4,1.0
98,1.0,0.0,9.0270004,,,10,105.6858062869262,105.6858062869262,pobre,0,0,0.0,409.0,1.0,40.0,14,169,8851,4,1.0
97,1.0,0.0,9.0270004,1.0,3.0,10,105.6858062869262,105.6858062869262,pobre,0,0,0.0,409.0,1.0,40.0,10,169,8852,3,1.0
98,1.0,0.0,9.0270004,,,10,105.6858062869262,105.6858062869262,pobre,0,0,0.0,409.0,1.0,40.0,11,169,8852,3,1.0
97,0.0,0.0,9.0270004,1.0,3.0,10,105.6858062869262,105.6858062869262,pobre,0,0,0.0,409.0,1.0,40.0,8,169,8853,3,1.0
98,0.0,0.0,9.0270004,,,10,105.6858062869262,105.6858062869262,pobre,0,0,0.0,409.0,1.0,40.0,9,169,8853,3,1.0
97,0.0,0.0,9.0270004,1.0,0.0,10,105.6858062869262,105.6858062869262,pobre,0,0,0.0,409.0,1.0,40.0,6,169,8854,0,1.0
98,0.0,0.0,9.0270004,,,10,105.6858062869262,105.6858062869262,pobre,0,0,0.0,409.0,1.0,40.0,7,169,8854,0,1.0
97,0.0,0.0,9.0270004,1.0,5.0,8,105.6858062869262,105.6858062869262,pobre,0,6,1250.0,456.0,1.0,35.0,11,169,8855,5,1.0
98,0.0,0.0,9.0270004,1.0,4.0,8,105.6858062869262,105.6858062869262,pobre,0,6,1250.0,456.0,1.0,35.0,12,169,8855,5,1.0
97,1.0,0.0,9.0270004,1.0,2.0,8,105.6858062869262,105.6858062869262,pobre,0,6,1250.0,456.0,1.0,35.0,10,169,8856,2,1.0
98,1.0,0.0,9.0270004,1.0,2.0,8,105.6858062869262,105.6858062869262,pobre,0,6,1250.0,456.0,1.0,35.0,11,169,8856,2,1.0
97,0.0,0.0,9.0270004,1.0,3.0,8,105.6858062869262,105.6858062869262,pobre,0,6,1250.0,456.0,1.0,35.0,9,169,8857,3,1.0
98,0.0,0.0,9.0270004,1.0,4.0,8,105.6858062869262,105.6858062869262,pobre,0,6,1250.0,456.0,1.0,35.0,10,169,8857,3,1.0
97,1.0,0.0,9.0270004,1.0,2.0,8,105.6858062869262,105.6858062869262,pobre,0,6,1250.0,456.0,1.0,35.0,7,169,8858,2,1.0
98,1.0,0.0,9.0270004,1.0,1.0,8,105.6858062869262,105.6858062869262,pobre,0,6,1250.0,456.0,1.0,35.0,8,169,8858,2,1.0
97,1.0,0.0,9.0270004,0.0,6.0,8,105.6858062869262,105.6858062869262,pobre,0,0,1500.0,630.0,1.0,76.0,15,169,8859,6,0.0
98,1.0,0.0,9.0270004,0.0,6.0,8,105.6858062869262,105.6858062869262,pobre,0,0,1500.0,630.0,1.0,76.0,16,169,8859,6,0.0
97,1.0,0.0,9.0270004,1.0,5.0,8,105.6858062869262,105.6858062869262,pobre,0,0,1500.0,630.0,1.0,76.0,15,169,8860,5,1.0
98,1.0,0.0,9.0270004,0.0,6.0,8,105.6858062869262,105.6858062869262,pobre,0,0,1500.0,630.0,1.0,76.0,16,169,8860,5,1.0
97,0.0,0.0,9.0270004,1.0,4.0,8,105.6858062869262,105.6858062869262,pobre,0,0,1500.0,630.0,1.0,76.0,11,169,8861,4,1.0
98,0.0,0.0,9.0270004,1.0,5.0,8,105.6858062869262,105.6858062869262,pobre,0,0,1500.0,630.0,1.0,76.0,12,169,8861,4,1.0
97,0.0,0.0,9.0270004,1.0,3.0,8,105.6858062869262,105.6858062869262,pobre,0,0,1500.0,630.0,1.0,76.0,10,169,8862,3,1.0
98,0.0,0.0,9.0270004,1.0,4.0,8,105.6858062869262,105.6858062869262,pobre,0,0,1500.0,630.0,1.0,76.0,11,169,8862,3,1.0
97,1.0,0.0,9.0270004,1.0,2.0,8,105.6858062869262,105.6858062869262,pobre,0,0,1500.0,630.0,1.0,76.0,9,169,8863,2,1.0
98,1.0,0.0,9.0270004,1.0,3.0,8,105.6858062869262,105.6858062869262,pobre,0,0,1500.0,630.0,1.0,76.0,10,169,8863,2,1.0
97,0.0,0.0,9.0270004,1.0,3.0,8,105.6858062869262,105.6858062869262,pobre,0,4,1500.0,489.0,1.0,33.0,12,169,8864,3,1.0
98,0.0,0.0,9.0270004,1.0,3.0,8,105.6858062869262,105.6858062869262,pobre,0,4,1500.0,489.0,1.0,33.0,13,169,8864,3,1.0
97,0.0,0.0,9.0270004,1.0,3.0,8,105.6858062869262,105.6858062869262,pobre,0,4,1500.0,489.0,1.0,33.0,11,169,8865,3,1.0
98,0.0,0.0,9.0270004,1.0,3.0,8,105.6858062869262,105.6858062869262,pobre,0,4,1500.0,489.0,1.0,33.0,12,169,8865,3,1.0
97,0.0,0.0,9.0270004,1.0,3.0,8,105.6858062869262,105.6858062869262,pobre,0,4,1500.0,489.0,1.0,33.0,9,169,8866,3,1.0
98,0.0,0.0,9.0270004,1.0,3.0,8,105.6858062869262,105.6858062869262,pobre,0,4,1500.0,489.0,1.0,33.0,10,169,8866,3,1.0
97,0.0,0.0,9.0270004,1.0,3.0,8,105.6858062869262,105.6858062869262,pobre,0,4,1500.0,489.0,1.0,33.0,8,169,8867,3,1.0
98,0.0,0.0,9.0270004,1.0,4.0,8,105.6858062869262,105.6858062869262,pobre,0,4,1500.0,489.0,1.0,33.0,9,169,8867,3,1.0
97,0.0,0.0,9.0270004,1.0,4.0,7,105.6858062869262,105.6858062869262,pobre,0,3,1250.0,742.25,1.0,54.0,11,169,8868,4,1.0
98,0.0,0.0,9.0270004,1.0,5.0,7,105.6858062869262,105.6858062869262,pobre,0,3,1250.0,742.25,1.0,54.0,12,169,8868,4,1.0
97,1.0,0.0,9.0270004,1.0,3.0,8,105.6858062869262,105.6858062869262,pobre,0,1,250.0,497.0,1.0,30.0,10,169,8869,3,1.0
98,1.0,0.0,9.0270004,1.0,3.0,8,105.6858062869262,105.6858062869262,pobre,0,1,250.0,497.0,1.0,30.0,11,169,8869,3,1.0
97,1.0,0.0,9.0270004,1.0,1.0,8,105.6858062869262,105.6858062869262,pobre,0,1,250.0,497.0,1.0,30.0,7,169,8870,1,1.0
98,1.0,0.0,9.0270004,1.0,1.0,8,105.6858062869262,105.6858062869262,pobre,0,1,250.0,497.0,1.0,30.0,8,169,8870,1,1.0
97,0.0,0.0,9.0270004,,0.0,8,105.6858062869262,105.6858062869262,pobre,0,1,250.0,497.0,1.0,30.0,6,169,8871,0,
98,0.0,0.0,9.0270004,1.0,1.0,8,105.6858062869262,105.6858062869262,pobre,0,1,250.0,497.0,1.0,30.0,7,169,8871,0,
97,1.0,0.0,9.0270004,1.0,1.0,6,105.6858062869262,105.6858062869262,pobre,0,3,1500.0,527.0,1.0,27.0,8,169,8872,1,1.0
98,1.0,0.0,9.0270004,1.0,2.0,6,105.6858062869262,105.6858062869262,pobre,0,3,1500.0,527.0,1.0,27.0,9,169,8872,1,1.0
97,0.0,0.0,9.0270004,,0.0,6,105.6858062869262,105.6858062869262,pobre,0,3,1500.0,527.0,1.0,27.0,6,169,8873,0,
98,0.0,0.0,9.0270004,1.0,1.0,6,105.6858062869262,105.6858062869262,pobre,0,3,1500.0,527.0,1.0,27.0,7,169,8873,0,
97,0.0,0.0,9.0270004,0.0,6.0,4,105.6858062869262,105.6858062869262,no pobre,0,0,0.0,795.0,0.0,75.0,14,169,8874,6,0.0
98,0.0,0.0,9.0270004,0.0,4.0,4,105.6858062869262,105.6858062869262,no pobre,0,0,0.0,795.0,0.0,75.0,15,169,8874,6,0.0
97,0.0,0.0,9.0270004,1.0,4.0,7,105.6858062869262,105.6858062869262,pobre,0,2,250.0,479.0,1.0,30.0,9,169,8875,4,1.0
98,0.0,0.0,9.0270004,1.0,5.0,7,105.6858062869262,105.6858062869262,pobre,0,2,250.0,479.0,1.0,30.0,10,169,8875,4,1.0
97,1.0,0.0,9.0270004,1.0,2.0,7,105.6858062869262,105.6858062869262,pobre,0,2,250.0,479.0,1.0,30.0,8,169,8876,2,1.0
98,1.0,0.0,9.0270004,1.0,2.0,7,105.6858062869262,105.6858062869262,pobre,0,2,250.0,479.0,1.0,30.0,9,169,8876,2,1.0
97,1.0,0.0,9.0270004,1.0,1.0,7,105.6858062869262,105.6858062869262,pobre,0,2,250.0,479.0,1.0,30.0,6,169,8877,1,1.0
98,1.0,0.0,9.0270004,,,7,105.6858062869262,105.6858062869262,pobre,0,2,250.0,479.0,1.0,30.0,7,169,8877,1,1.0
97,0.0,0.0,9.0270004,1.0,1.0,5,105.6858062869262,105.6858062869262,pobre,0,6,140.0,604.0,1.0,26.0,6,169,8878,1,1.0
98,0.0,0.0,9.0270004,1.0,2.0,5,105.6858062869262,105.6858062869262,pobre,0,6,140.0,604.0,1.0,26.0,7,169,8878,1,1.0
97,1.0,0.0,9.0270004,1.0,2.0,7,105.6858062869262,105.6858062869262,pobre,0,6,400.0,519.0,1.0,36.0,9,169,8879,2,1.0
98,1.0,0.0,9.0270004,1.0,3.0,7,105.6858062869262,105.6858062869262,pobre,0,6,400.0,519.0,1.0,36.0,10,169,8879,2,1.0
97,0.0,0.0,9.0270004,1.0,1.0,7,105.6858062869262,105.6858062869262,pobre,0,6,400.0,519.0,1.0,36.0,7,169,8880,1,1.0
98,0.0,0.0,9.0270004,1.0,2.0,7,105.6858062869262,105.6858062869262,pobre,0,6,400.0,519.0,1.0,36.0,8,169,8880,1,1.0
97,0.0,0.0,9.0270004,0.0,6.0,9,105.6858062869262,105.6858062869262,no pobre,0,0,0.0,770.75,1.0,50.0,15,169,8881,6,0.0
98,0.0,0.0,9.0270004,0.0,6.0,9,105.6858062869262,105.6858062869262,no pobre,0,0,0.0,770.75,1.0,50.0,16,169,8881,6,0.0
97,0.0,0.0,9.0270004,,0.0,9,105.6858062869262,105.6858062869262,pobre,0,6,625.0,523.0,1.0,45.0,16,169,8882,0,
98,0.0,0.0,9.0270004,,,9,105.6858062869262,105.6858062869262,pobre,0,6,625.0,523.0,1.0,45.0,17,169,8882,0,
97,1.0,0.0,9.0270004,1.0,4.0,9,105.6858062869262,105.6858062869262,pobre,0,6,625.0,523.0,1.0,45.0,15,169,8883,4,1.0
98,1.0,0.0,9.0270004,1.0,5.0,9,105.6858062869262,105.6858062869262,pobre,0,6,625.0,523.0,1.0,45.0,16,169,8883,4,1.0
97,1.0,0.0,9.0270004,1.0,3.0,9,105.6858062869262,105.6858062869262,pobre,0,6,625.0,523.0,1.0,45.0,11,169,8884,3,1.0
98,1.0,0.0,9.0270004,1.0,3.0,9,105.6858062869262,105.6858062869262,pobre,0,6,625.0,523.0,1.0,45.0,12,169,8884,3,1.0
97,0.0,0.0,9.0270004,1.0,3.0,9,105.6858062869262,105.6858062869262,pobre,0,6,625.0,523.0,1.0,45.0,13,169,8885,3,1.0
98,0.0,0.0,9.0270004,0.0,2.0,9,105.6858062869262,105.6858062869262,pobre,0,6,625.0,523.0,1.0,45.0,14,169,8885,3,1.0
97,1.0,0.0,9.0270004,1.0,2.0,9,105.6858062869262,105.6858062869262,pobre,0,6,625.0,523.0,1.0,45.0,8,169,8886,2,1.0
98,1.0,0.0,9.0270004,1.0,1.0,9,105.6858062869262,105.6858062869262,pobre,0,6,625.0,523.0,1.0,45.0,9,169,8886,2,1.0
97,1.0,0.0,9.0270004,1.0,1.0,9,105.6858062869262,105.6858062869262,pobre,0,6,625.0,523.0,1.0,45.0,6,169,8887,1,1.0
98,1.0,0.0,9.0270004,1.0,1.0,9,105.6858062869262,105.6858062869262,pobre,0,6,625.0,523.0,1.0,45.0,7,169,8887,1,1.0
97,0.0,0.0,9.0270004,,0.0,4,105.6858062869262,105.6858062869262,no pobre,0,0,1250.0,754.0,1.0,75.0,16,169,8888,0,
98,0.0,0.0,9.0270004,,,4,105.6858062869262,105.6858062869262,no pobre,0,0,1250.0,754.0,1.0,75.0,17,169,8888,0,
97,,0.0,9.0270004,1.0,2.0,4,105.6858062869262,105.6858062869262,no pobre,0,0,1250.0,754.0,1.0,75.0,9,169,8889,2,1.0
98,,0.0,9.0270004,1.0,3.0,4,105.6858062869262,105.6858062869262,no pobre,0,0,1250.0,754.0,1.0,75.0,10,169,8889,2,1.0
97,1.0,0.0,9.0270004,1.0,1.0,5,105.6858062869262,105.6858062869262,pobre,0,6,0.0,591.0,1.0,27.0,6,169,8890,1,1.0
98,1.0,0.0,9.0270004,1.0,2.0,5,105.6858062869262,105.6858062869262,pobre,0,6,0.0,591.0,1.0,27.0,7,169,8890,1,1.0
97,1.0,0.0,9.0270004,1.0,1.0,7,105.6858062869262,105.6858062869262,pobre,0,0,0.0,461.0,1.0,32.0,8,169,8891,1,1.0
98,1.0,0.0,9.0270004,1.0,2.0,7,105.6858062869262,105.6858062869262,pobre,0,0,0.0,461.0,1.0,32.0,9,169,8891,1,1.0
97,0.0,0.0,9.0270004,1.0,0.0,7,105.6858062869262,105.6858062869262,pobre,0,0,0.0,461.0,1.0,32.0,7,169,8892,0,1.0
98,0.0,0.0,9.0270004,1.0,1.0,7,105.6858062869262,105.6858062869262,pobre,0,0,0.0,461.0,1.0,32.0,8,169,8892,0,1.0
97,1.0,0.0,9.0270004,0.0,6.0,6,105.6858062869262,105.6858062869262,pobre,0,2,0.0,590.0,0.0,39.0,15,169,8893,6,0.0
98,1.0,0.0,9.0270004,0.0,6.0,6,105.6858062869262,105.6858062869262,pobre,0,2,0.0,590.0,0.0,39.0,16,169,8893,6,0.0
97,1.0,0.0,9.0270004,1.0,5.0,6,105.6858062869262,105.6858062869262,pobre,0,2,0.0,590.0,0.0,39.0,13,169,8894,5,1.0
98,1.0,0.0,9.0270004,0.0,6.0,6,105.6858062869262,105.6858062869262,pobre,0,2,0.0,590.0,0.0,39.0,14,169,8894,5,1.0
97,1.0,0.0,0.0,1.0,8.0,8,105.0539879604575,105.0539879604575,pobre,basal,0,1200.0,542.0,1.0,51.0,14,146,8895,8,1.0
98,1.0,0.0,0.0,0.0,9.0,8,105.0539879604575,105.0539879604575,pobre,basal,0,1200.0,542.0,1.0,51.0,15,146,8895,8,1.0
97,1.0,0.0,0.0,1.0,3.0,8,105.0539879604575,105.0539879604575,pobre,basal,0,1200.0,542.0,1.0,51.0,14,146,8896,3,1.0
98,1.0,0.0,0.0,1.0,4.0,8,105.0539879604575,105.0539879604575,pobre,basal,0,1200.0,542.0,1.0,51.0,15,146,8896,3,1.0
97,0.0,0.0,0.0,1.0,5.0,8,105.0539879604575,105.0539879604575,pobre,basal,0,1200.0,542.0,1.0,51.0,12,146,8897,5,1.0
98,0.0,0.0,0.0,1.0,6.0,8,105.0539879604575,105.0539879604575,pobre,basal,0,1200.0,542.0,1.0,51.0,13,146,8897,5,1.0
97,0.0,0.0,0.0,1.0,4.0,8,105.0539879604575,105.0539879604575,pobre,basal,0,1200.0,542.0,1.0,51.0,9,146,8898,4,1.0
98,0.0,0.0,0.0,1.0,5.0,8,105.0539879604575,105.0539879604575,pobre,basal,0,1200.0,542.0,1.0,51.0,10,146,8898,4,1.0
97,0.0,0.0,0.0,1.0,1.0,8,105.0539879604575,105.0539879604575,pobre,basal,0,1200.0,542.0,1.0,51.0,7,146,8899,1,1.0
98,0.0,0.0,0.0,1.0,2.0,8,105.0539879604575,105.0539879604575,pobre,basal,0,1200.0,542.0,1.0,51.0,8,146,8899,1,1.0
97,1.0,0.0,0.0,0.0,5.0,7,41.26526845784417,41.26526845784417,pobre,basal,0,400.0,999.79999,0.0,51.0,16,380,8900,5,0.0
98,1.0,0.0,0.0,,,7,41.26526845784417,41.26526845784417,pobre,basal,0,400.0,999.79999,0.0,51.0,17,380,8900,5,0.0
97,0.0,0.0,0.0,0.0,6.0,7,41.26526845784417,41.26526845784417,pobre,basal,0,400.0,999.79999,0.0,51.0,12,380,8901,6,0.0
98,0.0,0.0,0.0,,,7,41.26526845784417,41.26526845784417,pobre,basal,0,400.0,999.79999,0.0,51.0,13,380,8901,6,0.0
97,0.0,0.0,0.0,1.0,5.0,7,41.26526845784417,41.26526845784417,no pobre,basal,6,0.0,877.5,1.0,34.0,11,380,8902,5,1.0
98,0.0,0.0,0.0,1.0,6.0,7,41.26526845784417,41.26526845784417,no pobre,basal,6,0.0,877.5,1.0,34.0,12,380,8902,5,1.0
97,1.0,0.0,0.0,1.0,2.0,7,41.26526845784417,41.26526845784417,no pobre,basal,6,0.0,877.5,1.0,34.0,9,380,8903,2,1.0
98,1.0,0.0,0.0,1.0,3.0,7,41.26526845784417,41.26526845784417,no pobre,basal,6,0.0,877.5,1.0,34.0,10,380,8903,2,1.0
97,1.0,0.0,0.0,1.0,1.0,7,41.26526845784417,41.26526845784417,no pobre,basal,6,0.0,877.5,1.0,34.0,7,380,8904,1,1.0
98,1.0,0.0,0.0,1.0,2.0,7,41.26526845784417,41.26526845784417,no pobre,basal,6,0.0,877.5,1.0,34.0,8,380,8904,1,1.0
97,1.0,0.0,0.0,1.0,4.0,6,41.26526845784417,41.26526845784417,no pobre,basal,1,875.0,860.0,1.0,50.0,11,380,8905,4,1.0
98,1.0,0.0,0.0,1.0,5.0,6,41.26526845784417,41.26526845784417,no pobre,basal,1,875.0,860.0,1.0,50.0,12,380,8905,4,1.0
97,0.0,0.0,0.0,0.0,9.0,6,41.26526845784417,41.26526845784417,no pobre,basal,1,875.0,860.0,1.0,50.0,16,380,8906,9,0.0
98,0.0,0.0,0.0,0.0,9.0,6,41.26526845784417,41.26526845784417,no pobre,basal,1,875.0,860.0,1.0,50.0,17,380,8906,9,0.0
97,0.0,0.0,0.0,1.0,6.0,6,41.26526845784417,41.26526845784417,no pobre,basal,1,875.0,860.0,1.0,50.0,13,380,8907,6,1.0
98,0.0,0.0,0.0,1.0,7.0,6,41.26526845784417,41.26526845784417,no pobre,basal,1,875.0,860.0,1.0,50.0,14,380,8907,6,1.0
97,0.0,0.0,2.003,0.0,6.0,12,33.59120533930792,33.59120533930792,pobre,basal,5,0.0,539.0,1.0,47.0,16,374,8908,6,0.0
98,0.0,0.0,2.003,,,12,33.59120533930792,33.59120533930792,pobre,basal,5,0.0,539.0,1.0,47.0,17,374,8908,6,0.0
97,1.0,0.0,2.003,0.0,6.0,12,33.59120533930792,33.59120533930792,pobre,basal,5,0.0,539.0,1.0,47.0,14,374,8909,6,0.0
98,1.0,0.0,2.003,0.0,6.0,12,33.59120533930792,33.59120533930792,pobre,basal,5,0.0,539.0,1.0,47.0,15,374,8909,6,0.0
97,1.0,0.0,2.003,1.0,5.0,12,33.59120533930792,33.59120533930792,pobre,basal,5,0.0,539.0,1.0,47.0,11,374,8910,5,1.0
98,1.0,0.0,2.003,1.0,5.0,12,33.59120533930792,33.59120533930792,pobre,basal,5,0.0,539.0,1.0,47.0,12,374,8910,5,1.0
97,1.0,0.0,2.003,1.0,1.0,12,33.59120533930792,33.59120533930792,pobre,basal,5,0.0,539.0,1.0,47.0,7,374,8911,1,1.0
98,1.0,0.0,2.003,1.0,2.0,12,33.59120533930792,33.59120533930792,pobre,basal,5,0.0,539.0,1.0,47.0,8,374,8911,1,1.0
97,1.0,0.0,2.003,1.0,1.0,5,33.59120533930792,33.59120533930792,pobre,basal,0,0.0,526.0,1.0,80.0,7,374,8912,1,1.0
98,1.0,0.0,2.003,1.0,2.0,5,33.59120533930792,33.59120533930792,pobre,basal,0,0.0,526.0,1.0,80.0,8,374,8912,1,1.0
97,0.0,0.0,2.003,1.0,0.0,5,33.59120533930792,33.59120533930792,pobre,basal,0,0.0,526.0,1.0,80.0,6,374,8913,0,1.0
98,0.0,0.0,2.003,,,5,33.59120533930792,33.59120533930792,pobre,basal,0,0.0,526.0,1.0,80.0,7,374,8913,0,1.0
97,0.0,0.0,2.003,0.0,6.0,8,33.59120533930792,33.59120533930792,no pobre,basal,3,0.0,792.0,0.0,51.0,14,374,8914,6,0.0
98,0.0,0.0,2.003,0.0,6.0,8,33.59120533930792,33.59120533930792,no pobre,basal,3,0.0,792.0,0.0,51.0,15,374,8914,6,0.0
97,0.0,0.0,2.003,1.0,3.0,8,33.59120533930792,33.59120533930792,no pobre,basal,3,0.0,792.0,0.0,51.0,10,374,8915,3,1.0
98,0.0,0.0,2.003,1.0,4.0,8,33.59120533930792,33.59120533930792,no pobre,basal,3,0.0,792.0,0.0,51.0,11,374,8915,3,1.0
97,1.0,0.0,2.003,0.0,3.0,8,33.59120533930792,33.59120533930792,no pobre,basal,3,0.0,792.0,0.0,51.0,7,374,8916,3,0.0
98,1.0,0.0,2.003,1.0,3.0,8,33.59120533930792,33.59120533930792,no pobre,basal,3,0.0,792.0,0.0,51.0,8,374,8916,3,0.0
97,1.0,0.0,2.003,1.0,1.0,9,33.59120533930792,33.59120533930792,pobre,basal,0,1200.0,794.5,1.0,62.0,9,374,8917,1,1.0
98,1.0,0.0,2.003,1.0,2.0,9,33.59120533930792,33.59120533930792,pobre,basal,0,1200.0,794.5,1.0,62.0,10,374,8917,1,1.0
97,0.0,0.0,2.003,1.0,0.0,9,33.59120533930792,33.59120533930792,pobre,basal,0,1200.0,794.5,1.0,62.0,6,374,8918,0,1.0
98,0.0,0.0,2.003,1.0,1.0,9,33.59120533930792,33.59120533930792,pobre,basal,0,1200.0,794.5,1.0,62.0,7,374,8918,0,1.0
97,0.0,0.0,2.003,0.0,8.0,8,33.59120533930792,33.59120533930792,no pobre,basal,3,150.0,949.0,1.0,49.0,16,374,8919,8,0.0
98,0.0,0.0,2.003,,,8,33.59120533930792,33.59120533930792,no pobre,basal,3,150.0,949.0,1.0,49.0,17,374,8919,8,0.0
97,1.0,0.0,2.003,1.0,4.0,7,33.59120533930792,33.59120533930792,no pobre,basal,3,0.0,895.0,1.0,26.0,11,374,8920,4,1.0
98,1.0,0.0,2.003,1.0,5.0,7,33.59120533930792,33.59120533930792,no pobre,basal,3,0.0,895.0,1.0,26.0,12,374,8920,4,1.0
97,0.0,0.0,2.003,0.0,6.0,7,33.59120533930792,33.59120533930792,no pobre,basal,1,750.0,836.25,1.0,40.0,14,374,8921,6,0.0
98,0.0,0.0,2.003,1.0,6.0,7,33.59120533930792,33.59120533930792,no pobre,basal,1,750.0,836.25,1.0,40.0,15,374,8921,6,0.0
97,0.0,0.0,2.003,1.0,4.0,7,33.59120533930792,33.59120533930792,no pobre,basal,1,750.0,836.25,1.0,40.0,12,374,8922,4,1.0
98,0.0,0.0,2.003,1.0,5.0,7,33.59120533930792,33.59120533930792,no pobre,basal,1,750.0,836.25,1.0,40.0,13,374,8922,4,1.0
97,0.0,0.0,2.003,1.0,3.0,10,33.59120533930792,33.59120533930792,pobre,basal,6,600.0,384.0,1.0,49.0,14,374,8923,3,1.0
98,0.0,0.0,2.003,0.0,4.0,10,33.59120533930792,33.59120533930792,pobre,basal,6,600.0,384.0,1.0,49.0,15,374,8923,3,1.0
97,1.0,0.0,2.003,1.0,2.0,10,33.59120533930792,33.59120533930792,pobre,basal,6,600.0,384.0,1.0,49.0,13,374,8924,2,1.0
98,1.0,0.0,2.003,1.0,2.0,10,33.59120533930792,33.59120533930792,pobre,basal,6,600.0,384.0,1.0,49.0,14,374,8924,2,1.0
97,1.0,0.0,2.003,1.0,2.0,10,33.59120533930792,33.59120533930792,pobre,basal,6,600.0,384.0,1.0,49.0,8,374,8925,2,1.0
98,1.0,0.0,2.003,1.0,2.0,10,33.59120533930792,33.59120533930792,pobre,basal,6,600.0,384.0,1.0,49.0,9,374,8925,2,1.0
97,1.0,0.0,2.003,1.0,0.0,10,33.59120533930792,33.59120533930792,pobre,basal,6,600.0,384.0,1.0,49.0,6,374,8926,0,1.0
98,1.0,0.0,2.003,1.0,0.0,10,33.59120533930792,33.59120533930792,pobre,basal,6,600.0,384.0,1.0,49.0,7,374,8926,0,1.0
97,0.0,0.0,2.003,1.0,1.0,6,33.59120533930792,33.59120533930792,no pobre,basal,6,800.0,757.0,1.0,27.0,7,374,8927,1,1.0
98,0.0,0.0,2.003,1.0,3.0,6,33.59120533930792,33.59120533930792,no pobre,basal,6,800.0,757.0,1.0,27.0,8,374,8927,1,1.0
97,1.0,0.0,2.003,1.0,0.0,6,33.59120533930792,33.59120533930792,no pobre,basal,6,800.0,757.0,1.0,27.0,6,374,8928,0,1.0
98,1.0,0.0,2.003,1.0,2.0,6,33.59120533930792,33.59120533930792,no pobre,basal,6,800.0,757.0,1.0,27.0,7,374,8928,0,1.0
97,0.0,0.0,2.003,1.0,5.0,6,33.59120533930792,33.59120533930792,pobre,basal,3,750.0,690.0,1.0,30.0,12,374,8929,5,1.0
98,0.0,0.0,2.003,,,6,33.59120533930792,33.59120533930792,pobre,basal,3,750.0,690.0,1.0,30.0,13,374,8929,5,1.0
97,0.0,0.0,2.003,1.0,3.0,6,33.59120533930792,33.59120533930792,pobre,basal,3,750.0,690.0,1.0,30.0,8,374,8930,3,1.0
98,0.0,0.0,2.003,1.0,4.0,6,33.59120533930792,33.59120533930792,pobre,basal,3,750.0,690.0,1.0,30.0,9,374,8930,3,1.0
97,1.0,0.0,2.003,1.0,1.0,6,33.59120533930792,33.59120533930792,pobre,basal,3,750.0,690.0,1.0,30.0,7,374,8931,1,1.0
98,1.0,0.0,2.003,1.0,2.0,6,33.59120533930792,33.59120533930792,pobre,basal,3,750.0,690.0,1.0,30.0,8,374,8931,1,1.0
97,0.0,0.0,2.003,0.0,6.0,9,33.59120533930792,33.59120533930792,no pobre,basal,3,0.0,988.75,1.0,50.0,14,374,8932,6,0.0
98,0.0,0.0,2.003,0.0,6.0,9,33.59120533930792,33.59120533930792,no pobre,basal,3,0.0,988.75,1.0,50.0,15,374,8932,6,0.0
97,0.0,0.0,2.003,1.0,5.0,9,33.59120533930792,33.59120533930792,no pobre,basal,3,0.0,988.75,1.0,50.0,11,374,8933,5,1.0
98,0.0,0.0,2.003,1.0,5.0,9,33.59120533930792,33.59120533930792,no pobre,basal,3,0.0,988.75,1.0,50.0,12,374,8933,5,1.0
97,1.0,0.0,2.003,0.0,5.0,8,33.59120533930792,33.59120533930792,no pobre,basal,1,2000.0,817.0,1.0,49.0,16,374,8934,5,0.0
98,1.0,0.0,2.003,,,8,33.59120533930792,33.59120533930792,no pobre,basal,1,2000.0,817.0,1.0,49.0,17,374,8934,5,0.0
97,1.0,0.0,2.003,1.0,3.0,8,33.59120533930792,33.59120533930792,no pobre,basal,1,2000.0,817.0,1.0,49.0,13,374,8935,3,1.0
98,1.0,0.0,2.003,,,8,33.59120533930792,33.59120533930792,no pobre,basal,1,2000.0,817.0,1.0,49.0,14,374,8935,3,1.0
97,1.0,0.0,2.003,1.0,3.0,8,33.59120533930792,33.59120533930792,no pobre,basal,1,2000.0,817.0,1.0,49.0,12,374,8936,3,1.0
98,1.0,0.0,2.003,,,8,33.59120533930792,33.59120533930792,no pobre,basal,1,2000.0,817.0,1.0,49.0,13,374,8936,3,1.0
97,0.0,0.0,2.003,1.0,2.0,8,33.59120533930792,33.59120533930792,no pobre,basal,1,2000.0,817.0,1.0,49.0,9,374,8937,2,1.0
98,0.0,0.0,2.003,,,8,33.59120533930792,33.59120533930792,no pobre,basal,1,2000.0,817.0,1.0,49.0,10,374,8937,2,1.0
97,0.0,0.0,2.003,1.0,4.0,9,33.59120533930792,33.59120533930792,pobre,basal,3,0.0,608.0,1.0,35.0,11,374,8938,4,1.0
98,0.0,0.0,2.003,1.0,5.0,9,33.59120533930792,33.59120533930792,pobre,basal,3,0.0,608.0,1.0,35.0,12,374,8938,4,1.0
97,1.0,0.0,2.003,1.0,3.0,9,33.59120533930792,33.59120533930792,pobre,basal,3,0.0,608.0,1.0,35.0,9,374,8939,3,1.0
98,1.0,0.0,2.003,1.0,4.0,9,33.59120533930792,33.59120533930792,pobre,basal,3,0.0,608.0,1.0,35.0,10,374,8939,3,1.0
97,0.0,0.0,2.003,1.0,2.0,9,33.59120533930792,33.59120533930792,pobre,basal,3,0.0,608.0,1.0,35.0,8,374,8940,2,1.0
98,0.0,0.0,2.003,1.0,3.0,9,33.59120533930792,33.59120533930792,pobre,basal,3,0.0,608.0,1.0,35.0,9,374,8940,2,1.0
97,0.0,0.0,2.003,1.0,0.0,9,33.59120533930792,33.59120533930792,pobre,basal,3,0.0,608.0,1.0,35.0,6,374,8941,0,1.0
98,0.0,0.0,2.003,1.0,1.0,9,33.59120533930792,33.59120533930792,pobre,basal,3,0.0,608.0,1.0,35.0,7,374,8941,0,1.0
97,1.0,0.0,2.003,0.0,8.0,10,33.59120533930792,33.59120533930792,pobre,basal,3,1250.0,610.0,1.0,39.0,15,374,8942,8,0.0
98,1.0,0.0,2.003,,,10,33.59120533930792,33.59120533930792,pobre,basal,3,1250.0,610.0,1.0,39.0,16,374,8942,8,0.0
97,0.0,0.0,2.003,0.0,6.0,10,33.59120533930792,33.59120533930792,pobre,basal,3,1250.0,610.0,1.0,39.0,13,374,8943,6,0.0
98,0.0,0.0,2.003,,,10,33.59120533930792,33.59120533930792,pobre,basal,3,1250.0,610.0,1.0,39.0,14,374,8943,6,0.0
97,0.0,0.0,2.003,1.0,3.0,10,33.59120533930792,33.59120533930792,pobre,basal,3,1250.0,610.0,1.0,39.0,12,374,8944,3,1.0
98,0.0,0.0,2.003,1.0,4.0,10,33.59120533930792,33.59120533930792,pobre,basal,3,1250.0,610.0,1.0,39.0,13,374,8944,3,1.0
97,0.0,0.0,2.003,1.0,2.0,10,33.59120533930792,33.59120533930792,pobre,basal,3,1250.0,610.0,1.0,39.0,10,374,8945,2,1.0
98,0.0,0.0,2.003,1.0,3.0,10,33.59120533930792,33.59120533930792,pobre,basal,3,1250.0,610.0,1.0,39.0,11,374,8945,2,1.0
97,1.0,0.0,2.003,1.0,0.0,10,33.59120533930792,33.59120533930792,pobre,basal,3,1250.0,610.0,1.0,39.0,7,374,8946,0,1.0
98,1.0,0.0,2.003,1.0,1.0,10,33.59120533930792,33.59120533930792,pobre,basal,3,1250.0,610.0,1.0,39.0,8,374,8946,0,1.0
97,0.0,0.0,2.003,0.0,6.0,8,33.59120533930792,33.59120533930792,no pobre,basal,1,0.0,839.20001,1.0,61.0,13,374,8947,6,0.0
98,0.0,0.0,2.003,0.0,6.0,8,33.59120533930792,33.59120533930792,no pobre,basal,1,0.0,839.20001,1.0,61.0,14,374,8947,6,0.0
97,1.0,0.0,2.003,1.0,2.0,5,33.59120533930792,33.59120533930792,pobre,basal,0,0.0,782.5,1.0,44.0,11,374,8948,2,1.0
98,1.0,0.0,2.003,1.0,2.0,5,33.59120533930792,33.59120533930792,pobre,basal,0,0.0,782.5,1.0,44.0,12,374,8948,2,1.0
97,1.0,0.0,2.003,1.0,0.0,5,33.59120533930792,33.59120533930792,pobre,basal,0,0.0,782.5,1.0,44.0,7,374,8949,0,1.0
98,1.0,0.0,2.003,1.0,1.0,5,33.59120533930792,33.59120533930792,pobre,basal,0,0.0,782.5,1.0,44.0,8,374,8949,0,1.0
97,1.0,0.0,2.003,1.0,3.0,7,33.59120533930792,33.59120533930792,pobre,basal,4,800.0,861.5,1.0,43.0,10,374,8950,3,1.0
98,1.0,0.0,2.003,1.0,4.0,7,33.59120533930792,33.59120533930792,pobre,basal,4,800.0,861.5,1.0,43.0,11,374,8950,3,1.0
97,0.0,0.0,2.003,1.0,1.0,7,33.59120533930792,33.59120533930792,pobre,basal,4,800.0,861.5,1.0,43.0,7,374,8951,1,1.0
98,0.0,0.0,2.003,1.0,2.0,7,33.59120533930792,33.59120533930792,pobre,basal,4,800.0,861.5,1.0,43.0,8,374,8951,1,1.0
97,1.0,0.0,2.003,0.0,6.0,9,33.59120533930792,33.59120533930792,no pobre,basal,3,1200.0,880.0,1.0,39.0,13,374,8952,6,0.0
98,1.0,0.0,2.003,,,9,33.59120533930792,33.59120533930792,no pobre,basal,3,1200.0,880.0,1.0,39.0,14,374,8952,6,0.0
97,1.0,0.0,2.003,1.0,4.0,9,33.59120533930792,33.59120533930792,no pobre,basal,3,1200.0,880.0,1.0,39.0,12,374,8953,4,1.0
98,1.0,0.0,2.003,1.0,5.0,9,33.59120533930792,33.59120533930792,no pobre,basal,3,1200.0,880.0,1.0,39.0,13,374,8953,4,1.0
97,0.0,0.0,2.003,1.0,3.0,9,33.59120533930792,33.59120533930792,no pobre,basal,3,1200.0,880.0,1.0,39.0,9,374,8954,3,1.0
98,0.0,0.0,2.003,1.0,4.0,9,33.59120533930792,33.59120533930792,no pobre,basal,3,1200.0,880.0,1.0,39.0,10,374,8954,3,1.0
97,1.0,0.0,2.003,1.0,2.0,9,33.59120533930792,33.59120533930792,no pobre,basal,3,1200.0,880.0,1.0,39.0,8,374,8955,2,1.0
98,1.0,0.0,2.003,1.0,3.0,9,33.59120533930792,33.59120533930792,no pobre,basal,3,1200.0,880.0,1.0,39.0,9,374,8955,2,1.0
97,1.0,0.0,2.003,1.0,6.0,10,33.59120533930792,33.59120533930792,pobre,basal,3,720.0,416.0,1.0,42.0,15,374,8956,6,1.0
98,1.0,0.0,2.003,,,10,33.59120533930792,33.59120533930792,pobre,basal,3,720.0,416.0,1.0,42.0,16,374,8956,6,1.0
97,1.0,0.0,2.003,0.0,6.0,10,33.59120533930792,33.59120533930792,pobre,basal,3,720.0,416.0,1.0,42.0,14,374,8957,6,0.0
98,1.0,0.0,2.003,0.0,6.0,10,33.59120533930792,33.59120533930792,pobre,basal,3,720.0,416.0,1.0,42.0,15,374,8957,6,0.0
97,1.0,0.0,2.003,1.0,6.0,10,33.59120533930792,33.59120533930792,pobre,basal,3,720.0,416.0,1.0,42.0,13,374,8958,6,1.0
98,1.0,0.0,2.003,0.0,6.0,10,33.59120533930792,33.59120533930792,pobre,basal,3,720.0,416.0,1.0,42.0,14,374,8958,6,1.0
97,1.0,0.0,2.003,1.0,4.0,10,33.59120533930792,33.59120533930792,pobre,basal,3,720.0,416.0,1.0,42.0,11,374,8959,4,1.0
98,1.0,0.0,2.003,1.0,4.0,10,33.59120533930792,33.59120533930792,pobre,basal,3,720.0,416.0,1.0,42.0,12,374,8959,4,1.0
97,1.0,0.0,2.003,1.0,3.0,10,33.59120533930792,33.59120533930792,pobre,basal,3,720.0,416.0,1.0,42.0,9,374,8960,3,1.0
98,1.0,0.0,2.003,1.0,3.0,10,33.59120533930792,33.59120533930792,pobre,basal,3,720.0,416.0,1.0,42.0,10,374,8960,3,1.0
97,0.0,0.0,2.003,1.0,1.0,10,33.59120533930792,33.59120533930792,pobre,basal,3,720.0,416.0,1.0,42.0,7,374,8961,1,1.0
98,0.0,0.0,2.003,1.0,2.0,10,33.59120533930792,33.59120533930792,pobre,basal,3,720.0,416.0,1.0,42.0,8,374,8961,1,1.0
97,0.0,0.0,2.003,0.0,6.0,8,33.59120533930792,33.59120533930792,pobre,basal,9,1000.0,706.0,1.0,46.0,15,374,8962,6,0.0
98,0.0,0.0,2.003,0.0,6.0,8,33.59120533930792,33.59120533930792,pobre,basal,9,1000.0,706.0,1.0,46.0,16,374,8962,6,0.0
97,1.0,0.0,2.003,1.0,0.0,8,33.59120533930792,33.59120533930792,pobre,basal,9,1000.0,706.0,1.0,46.0,6,374,8963,0,1.0
98,1.0,0.0,2.003,1.0,1.0,8,33.59120533930792,33.59120533930792,pobre,basal,9,1000.0,706.0,1.0,46.0,7,374,8963,0,1.0
97,1.0,0.0,2.003,1.0,5.0,7,33.59120533930792,33.59120533930792,pobre,basal,5,0.0,765.5,1.0,38.0,12,374,8964,5,1.0
98,1.0,0.0,2.003,1.0,6.0,7,33.59120533930792,33.59120533930792,pobre,basal,5,0.0,765.5,1.0,38.0,13,374,8964,5,1.0
97,0.0,0.0,2.003,1.0,3.0,7,33.59120533930792,33.59120533930792,pobre,basal,5,0.0,765.5,1.0,38.0,11,374,8965,3,1.0
98,0.0,0.0,2.003,1.0,4.0,7,33.59120533930792,33.59120533930792,pobre,basal,5,0.0,765.5,1.0,38.0,12,374,8965,3,1.0
97,0.0,0.0,2.003,1.0,2.0,7,33.59120533930792,33.59120533930792,pobre,basal,5,0.0,765.5,1.0,38.0,8,374,8966,2,1.0
98,0.0,0.0,2.003,1.0,3.0,7,33.59120533930792,33.59120533930792,pobre,basal,5,0.0,765.5,1.0,38.0,9,374,8966,2,1.0
97,0.0,0.0,2.003,1.0,0.0,7,33.59120533930792,33.59120533930792,pobre,basal,5,0.0,765.5,1.0,38.0,6,374,8967,0,1.0
98,0.0,0.0,2.003,1.0,0.0,7,33.59120533930792,33.59120533930792,pobre,basal,5,0.0,765.5,1.0,38.0,7,374,8967,0,1.0
97,1.0,0.0,2.003,,0.0,6,33.59120533930792,33.59120533930792,pobre,basal,0,400.0,680.0,1.0,50.0,15,374,8968,0,
98,1.0,0.0,2.003,,,6,33.59120533930792,33.59120533930792,pobre,basal,0,400.0,680.0,1.0,50.0,16,374,8968,0,
97,0.0,0.0,2.003,1.0,1.0,6,33.59120533930792,33.59120533930792,pobre,basal,0,400.0,680.0,1.0,50.0,11,374,8969,1,1.0
98,0.0,0.0,2.003,1.0,3.0,6,33.59120533930792,33.59120533930792,pobre,basal,0,400.0,680.0,1.0,50.0,12,374,8969,1,1.0
97,1.0,0.0,0.0,1.0,0.0,5,31.71579500832655,31.71579500832655,pobre,basal,5,560.0,690.0,1.0,27.0,6,375,8970,0,1.0
98,1.0,0.0,0.0,1.0,0.0,5,31.71579500832655,31.71579500832655,pobre,basal,5,560.0,690.0,1.0,27.0,7,375,8970,0,1.0
97,0.0,0.0,0.0,1.0,8.0,9,31.71579500832655,31.71579500832655,pobre,basal,3,4000.0,538.0,1.0,41.0,15,375,8971,8,1.0
98,0.0,0.0,0.0,0.0,9.0,9,31.71579500832655,31.71579500832655,pobre,basal,3,4000.0,538.0,1.0,41.0,16,375,8971,8,1.0
97,0.0,0.0,0.0,1.0,7.0,9,31.71579500832655,31.71579500832655,pobre,basal,3,4000.0,538.0,1.0,41.0,13,375,8972,7,1.0
98,0.0,0.0,0.0,1.0,8.0,9,31.71579500832655,31.71579500832655,pobre,basal,3,4000.0,538.0,1.0,41.0,14,375,8972,7,1.0
97,0.0,0.0,0.0,1.0,2.0,9,31.71579500832655,31.71579500832655,pobre,basal,3,4000.0,538.0,1.0,41.0,10,375,8973,2,1.0
98,0.0,0.0,0.0,1.0,3.0,9,31.71579500832655,31.71579500832655,pobre,basal,3,4000.0,538.0,1.0,41.0,11,375,8973,2,1.0
97,1.0,0.0,0.0,1.0,1.0,9,31.71579500832655,31.71579500832655,pobre,basal,3,4000.0,538.0,1.0,41.0,7,375,8974,1,1.0
98,1.0,0.0,0.0,1.0,2.0,9,31.71579500832655,31.71579500832655,pobre,basal,3,4000.0,538.0,1.0,41.0,8,375,8974,1,1.0
97,1.0,0.0,0.0,1.0,8.0,4,31.71579500832655,31.71579500832655,no pobre,basal,1,0.0,1257.0,1.0,61.0,14,375,8975,8,1.0
98,1.0,0.0,0.0,,,4,31.71579500832655,31.71579500832655,no pobre,basal,1,0.0,1257.0,1.0,61.0,15,375,8975,8,1.0
97,1.0,0.0,0.0,0.0,9.0,8,31.71579500832655,31.71579500832655,pobre,basal,3,83.333336,712.0,1.0,37.0,16,375,8976,9,0.0
98,1.0,0.0,0.0,,,8,31.71579500832655,31.71579500832655,pobre,basal,3,83.333336,712.0,1.0,37.0,17,375,8976,9,0.0
97,1.0,0.0,0.0,1.0,8.0,8,31.71579500832655,31.71579500832655,pobre,basal,3,83.333336,712.0,1.0,37.0,14,375,8977,8,1.0
98,1.0,0.0,0.0,1.0,8.0,8,31.71579500832655,31.71579500832655,pobre,basal,3,83.333336,712.0,1.0,37.0,15,375,8977,8,1.0
97,0.0,0.0,0.0,1.0,5.0,8,31.71579500832655,31.71579500832655,pobre,basal,3,83.333336,712.0,1.0,37.0,11,375,8978,5,1.0
98,0.0,0.0,0.0,1.0,6.0,8,31.71579500832655,31.71579500832655,pobre,basal,3,83.333336,712.0,1.0,37.0,12,375,8978,5,1.0
97,0.0,0.0,0.0,1.0,2.0,8,31.71579500832655,31.71579500832655,pobre,basal,3,83.333336,712.0,1.0,37.0,8,375,8979,2,1.0
98,0.0,0.0,0.0,1.0,3.0,8,31.71579500832655,31.71579500832655,pobre,basal,3,83.333336,712.0,1.0,37.0,9,375,8979,2,1.0
97,1.0,0.0,0.0,1.0,0.0,8,31.71579500832655,31.71579500832655,pobre,basal,3,83.333336,712.0,1.0,37.0,6,375,8980,0,1.0
98,1.0,0.0,0.0,1.0,1.0,8,31.71579500832655,31.71579500832655,pobre,basal,3,83.333336,712.0,1.0,37.0,7,375,8980,0,1.0
97,0.0,0.0,0.0,1.0,3.0,10,31.71579500832655,31.71579500832655,pobre,basal,0,4000.0,846.5,1.0,55.0,9,375,8981,3,1.0
98,0.0,0.0,0.0,1.0,4.0,10,31.71579500832655,31.71579500832655,pobre,basal,0,4000.0,846.5,1.0,55.0,10,375,8981,3,1.0
97,0.0,0.0,0.0,1.0,1.0,10,31.71579500832655,31.71579500832655,pobre,basal,0,4000.0,846.5,1.0,55.0,7,375,8982,1,1.0
98,0.0,0.0,0.0,1.0,2.0,10,31.71579500832655,31.71579500832655,pobre,basal,0,4000.0,846.5,1.0,55.0,8,375,8982,1,1.0
97,1.0,0.0,0.0,0.0,5.0,10,31.71579500832655,31.71579500832655,pobre,basal,0,4000.0,846.5,1.0,55.0,15,375,8983,5,0.0
98,1.0,0.0,0.0,0.0,9.0,10,31.71579500832655,31.71579500832655,pobre,basal,0,4000.0,846.5,1.0,55.0,16,375,8983,5,0.0
97,0.0,0.0,0.0,1.0,2.0,6,31.71579500832655,31.71579500832655,pobre,basal,0,800.0,687.0,1.0,28.0,10,375,8984,2,1.0
98,0.0,0.0,0.0,1.0,3.0,6,31.71579500832655,31.71579500832655,pobre,basal,0,800.0,687.0,1.0,28.0,11,375,8984,2,1.0
97,0.0,0.0,0.0,1.0,0.0,6,31.71579500832655,31.71579500832655,pobre,basal,0,800.0,687.0,1.0,28.0,6,375,8985,0,1.0
98,0.0,0.0,0.0,1.0,0.0,6,31.71579500832655,31.71579500832655,pobre,basal,0,800.0,687.0,1.0,28.0,7,375,8985,0,1.0
97,0.0,0.0,0.0,1.0,2.0,7,31.71579500832655,31.71579500832655,pobre,basal,6,600.0,551.0,1.0,27.0,9,375,8986,2,1.0
98,0.0,0.0,0.0,1.0,3.0,7,31.71579500832655,31.71579500832655,pobre,basal,6,600.0,551.0,1.0,27.0,10,375,8986,2,1.0
97,1.0,0.0,0.0,1.0,1.0,7,31.71579500832655,31.71579500832655,pobre,basal,6,600.0,551.0,1.0,27.0,8,375,8987,1,1.0
98,1.0,0.0,0.0,1.0,1.0,7,31.71579500832655,31.71579500832655,pobre,basal,6,600.0,551.0,1.0,27.0,9,375,8987,1,1.0
97,1.0,0.0,0.0,1.0,4.0,5,31.71579500832655,31.71579500832655,pobre,basal,2,750.0,734.0,1.0,45.0,14,375,8988,4,1.0
98,1.0,0.0,0.0,0.0,6.0,5,31.71579500832655,31.71579500832655,pobre,basal,2,750.0,734.0,1.0,45.0,15,375,8988,4,1.0
97,0.0,0.0,0.0,1.0,6.0,5,31.71579500832655,31.71579500832655,pobre,basal,2,750.0,734.0,1.0,45.0,13,375,8989,6,1.0
98,0.0,0.0,0.0,1.0,7.0,5,31.71579500832655,31.71579500832655,pobre,basal,2,750.0,734.0,1.0,45.0,14,375,8989,6,1.0
97,1.0,0.0,0.0,1.0,3.0,5,31.71579500832655,31.71579500832655,pobre,basal,2,750.0,734.0,1.0,45.0,10,375,8990,3,1.0
98,1.0,0.0,0.0,1.0,4.0,5,31.71579500832655,31.71579500832655,pobre,basal,2,750.0,734.0,1.0,45.0,11,375,8990,3,1.0
97,1.0,0.0,0.0,0.0,6.0,7,31.71579500832655,31.71579500832655,pobre,basal,3,4000.0,651.0,1.0,33.0,15,375,8991,6,0.0
98,1.0,0.0,0.0,0.0,6.0,7,31.71579500832655,31.71579500832655,pobre,basal,3,4000.0,651.0,1.0,33.0,16,375,8991,6,0.0
97,1.0,0.0,0.0,0.0,5.0,7,31.71579500832655,31.71579500832655,pobre,basal,3,4000.0,651.0,1.0,33.0,12,375,8992,5,0.0
98,1.0,0.0,0.0,1.0,5.0,7,31.71579500832655,31.71579500832655,pobre,basal,3,4000.0,651.0,1.0,33.0,13,375,8992,5,0.0
97,0.0,0.0,0.0,1.0,2.0,7,31.71579500832655,31.71579500832655,pobre,basal,3,4000.0,651.0,1.0,33.0,8,375,8993,2,1.0
98,0.0,0.0,0.0,1.0,2.0,7,31.71579500832655,31.71579500832655,pobre,basal,3,4000.0,651.0,1.0,33.0,9,375,8993,2,1.0
97,0.0,0.0,0.0,0.0,6.0,10,31.71579500832655,31.71579500832655,no pobre,basal,0,0.0,767.0,1.0,53.0,16,375,8994,6,0.0
98,0.0,0.0,0.0,0.0,6.0,10,31.71579500832655,31.71579500832655,no pobre,basal,0,0.0,767.0,1.0,53.0,17,375,8994,6,0.0
97,1.0,0.0,0.0,0.0,6.0,10,31.71579500832655,31.71579500832655,no pobre,basal,0,0.0,767.0,1.0,53.0,14,375,8995,6,0.0
98,1.0,0.0,0.0,0.0,6.0,10,31.71579500832655,31.71579500832655,no pobre,basal,0,0.0,767.0,1.0,53.0,15,375,8995,6,0.0
97,1.0,0.0,0.0,0.0,6.0,10,31.71579500832655,31.71579500832655,no pobre,basal,0,0.0,767.0,1.0,53.0,12,375,8996,6,0.0
98,1.0,0.0,0.0,1.0,6.0,10,31.71579500832655,31.71579500832655,no pobre,basal,0,0.0,767.0,1.0,53.0,13,375,8996,6,0.0
97,1.0,0.0,0.0,1.0,3.0,10,31.71579500832655,31.71579500832655,no pobre,basal,0,0.0,767.0,1.0,53.0,10,375,8997,3,1.0
98,1.0,0.0,0.0,1.0,4.0,10,31.71579500832655,31.71579500832655,no pobre,basal,0,0.0,767.0,1.0,53.0,11,375,8997,3,1.0
97,1.0,0.0,0.0,1.0,3.0,10,31.71579500832655,31.71579500832655,no pobre,basal,0,0.0,767.0,1.0,53.0,8,375,8998,3,1.0
98,1.0,0.0,0.0,1.0,4.0,10,31.71579500832655,31.71579500832655,no pobre,basal,0,0.0,767.0,1.0,53.0,9,375,8998,3,1.0
97,0.0,0.0,0.0,0.0,6.0,6,31.71579500832655,31.71579500832655,pobre,basal,3,750.0,661.0,1.0,33.0,13,375,8999,6,0.0
98,0.0,0.0,0.0,0.0,6.0,6,31.71579500832655,31.71579500832655,pobre,basal,3,750.0,661.0,1.0,33.0,14,375,8999,6,0.0
97,1.0,0.0,0.0,1.0,2.0,6,31.71579500832655,31.71579500832655,pobre,basal,3,750.0,661.0,1.0,33.0,11,375,9000,2,1.0
98,1.0,0.0,0.0,1.0,3.0,6,31.71579500832655,31.71579500832655,pobre,basal,3,750.0,661.0,1.0,33.0,12,375,9000,2,1.0
97,0.0,0.0,0.0,1.0,1.0,6,31.71579500832655,31.71579500832655,pobre,basal,3,750.0,661.0,1.0,33.0,6,375,9001,1,1.0
98,0.0,0.0,0.0,1.0,1.0,6,31.71579500832655,31.71579500832655,pobre,basal,3,750.0,661.0,1.0,33.0,7,375,9001,1,1.0
97,0.0,0.0,0.0,1.0,4.0,4,31.71579500832655,31.71579500832655,no pobre,basal,0,0.0,965.0,0.0,48.0,10,375,9002,4,1.0
98,0.0,0.0,0.0,1.0,5.0,4,31.71579500832655,31.71579500832655,no pobre,basal,0,0.0,965.0,0.0,48.0,11,375,9002,4,1.0
97,1.0,0.0,0.0,1.0,4.0,8,31.71579500832655,31.71579500832655,no pobre,basal,3,6400.0,921.0,1.0,41.0,10,375,9003,4,1.0
98,1.0,0.0,0.0,1.0,4.0,8,31.71579500832655,31.71579500832655,no pobre,basal,3,6400.0,921.0,1.0,41.0,11,375,9003,4,1.0
97,0.0,0.0,0.0,1.0,4.0,8,31.71579500832655,31.71579500832655,no pobre,basal,3,6400.0,921.0,1.0,41.0,10,375,9004,4,1.0
98,0.0,0.0,0.0,1.0,4.0,8,31.71579500832655,31.71579500832655,no pobre,basal,3,6400.0,921.0,1.0,41.0,11,375,9004,4,1.0
97,1.0,0.0,0.0,1.0,1.0,8,31.71579500832655,31.71579500832655,no pobre,basal,3,6400.0,921.0,1.0,41.0,7,375,9005,1,1.0
98,1.0,0.0,0.0,1.0,1.0,8,31.71579500832655,31.71579500832655,no pobre,basal,3,6400.0,921.0,1.0,41.0,8,375,9005,1,1.0
97,1.0,0.0,0.0,1.0,0.0,8,31.71579500832655,31.71579500832655,no pobre,basal,3,6400.0,921.0,1.0,41.0,6,375,9006,0,1.0
98,1.0,0.0,0.0,1.0,0.0,8,31.71579500832655,31.71579500832655,no pobre,basal,3,6400.0,921.0,1.0,41.0,7,375,9006,0,1.0
97,0.0,0.0,0.0,1.0,7.0,7,31.71579500832655,31.71579500832655,pobre,basal,2,1750.0,687.0,1.0,42.0,13,375,9007,7,1.0
98,0.0,0.0,0.0,1.0,8.0,7,31.71579500832655,31.71579500832655,pobre,basal,2,1750.0,687.0,1.0,42.0,14,375,9007,7,1.0
97,1.0,0.0,0.0,1.0,5.0,7,31.71579500832655,31.71579500832655,pobre,basal,2,1750.0,687.0,1.0,42.0,12,375,9008,5,1.0
98,1.0,0.0,0.0,1.0,6.0,7,31.71579500832655,31.71579500832655,pobre,basal,2,1750.0,687.0,1.0,42.0,13,375,9008,5,1.0
97,1.0,0.0,0.0,1.0,4.0,7,31.71579500832655,31.71579500832655,pobre,basal,2,1750.0,687.0,1.0,42.0,10,375,9009,4,1.0
98,1.0,0.0,0.0,1.0,5.0,7,31.71579500832655,31.71579500832655,pobre,basal,2,1750.0,687.0,1.0,42.0,11,375,9009,4,1.0
97,0.0,0.0,0.0,1.0,1.0,7,31.71579500832655,31.71579500832655,pobre,basal,2,1750.0,687.0,1.0,42.0,7,375,9010,1,1.0
98,0.0,0.0,0.0,1.0,2.0,7,31.71579500832655,31.71579500832655,pobre,basal,2,1750.0,687.0,1.0,42.0,8,375,9010,1,1.0
97,1.0,0.0,0.0,0.0,5.0,5,31.71579500832655,31.71579500832655,no pobre,basal,0,166.66667,1039.2,1.0,57.0,16,375,9011,5,0.0
98,1.0,0.0,0.0,,,5,31.71579500832655,31.71579500832655,no pobre,basal,0,166.66667,1039.2,1.0,57.0,17,375,9011,5,0.0
97,1.0,0.0,0.0,1.0,6.0,5,31.71579500832655,31.71579500832655,no pobre,basal,0,166.66667,1039.2,1.0,57.0,13,375,9012,6,1.0
98,1.0,0.0,0.0,1.0,7.0,5,31.71579500832655,31.71579500832655,no pobre,basal,0,166.66667,1039.2,1.0,57.0,14,375,9012,6,1.0
97,0.0,0.0,0.0,1.0,3.0,9,31.71579500832655,31.71579500832655,pobre,basal,0,0.0,544.0,1.0,61.0,12,375,9013,3,1.0
98,0.0,0.0,0.0,1.0,6.0,9,31.71579500832655,31.71579500832655,pobre,basal,0,0.0,544.0,1.0,61.0,13,375,9013,3,1.0
97,0.0,0.0,0.0,1.0,4.0,9,31.71579500832655,31.71579500832655,pobre,basal,0,0.0,544.0,1.0,61.0,11,375,9014,4,1.0
98,0.0,0.0,0.0,1.0,5.0,9,31.71579500832655,31.71579500832655,pobre,basal,0,0.0,544.0,1.0,61.0,12,375,9014,4,1.0
97,0.0,0.0,0.0,1.0,2.0,9,31.71579500832655,31.71579500832655,pobre,basal,0,0.0,544.0,1.0,61.0,9,375,9015,2,1.0
98,0.0,0.0,0.0,1.0,4.0,9,31.71579500832655,31.71579500832655,pobre,basal,0,0.0,544.0,1.0,61.0,10,375,9015,2,1.0
97,0.0,0.0,0.0,,0.0,9,31.71579500832655,31.71579500832655,pobre,basal,0,0.0,544.0,1.0,61.0,6,375,9016,0,
98,0.0,0.0,0.0,1.0,0.0,9,31.71579500832655,31.71579500832655,pobre,basal,0,0.0,544.0,1.0,61.0,7,375,9016,0,
97,1.0,0.0,0.0,0.0,7.0,5,31.71579500832655,31.71579500832655,no pobre,basal,2,125.0,1010.5,1.0,59.0,16,375,9017,7,0.0
98,1.0,0.0,0.0,,,5,31.71579500832655,31.71579500832655,no pobre,basal,2,125.0,1010.5,1.0,59.0,17,375,9017,7,0.0
97,0.0,0.0,0.0,1.0,7.0,5,31.71579500832655,31.71579500832655,no pobre,basal,2,125.0,1010.5,1.0,59.0,14,375,9018,7,1.0
98,0.0,0.0,0.0,1.0,8.0,5,31.71579500832655,31.71579500832655,no pobre,basal,2,125.0,1010.5,1.0,59.0,15,375,9018,7,1.0
97,0.0,0.0,0.0,1.0,8.0,7,31.71579500832655,31.71579500832655,pobre,basal,3,800.0,687.0,1.0,35.0,15,375,9019,8,1.0
98,0.0,0.0,0.0,0.0,9.0,7,31.71579500832655,31.71579500832655,pobre,basal,3,800.0,687.0,1.0,35.0,16,375,9019,8,1.0
97,1.0,0.0,0.0,1.0,6.0,7,31.71579500832655,31.71579500832655,pobre,basal,3,800.0,687.0,1.0,35.0,12,375,9020,6,1.0
98,1.0,0.0,0.0,1.0,7.0,7,31.71579500832655,31.71579500832655,pobre,basal,3,800.0,687.0,1.0,35.0,13,375,9020,6,1.0
97,0.0,0.0,0.0,1.0,4.0,7,31.71579500832655,31.71579500832655,pobre,basal,3,800.0,687.0,1.0,35.0,10,375,9021,4,1.0
98,0.0,0.0,0.0,1.0,5.0,7,31.71579500832655,31.71579500832655,pobre,basal,3,800.0,687.0,1.0,35.0,11,375,9021,4,1.0
97,1.0,0.0,0.0,1.0,1.0,7,31.71579500832655,31.71579500832655,pobre,basal,3,800.0,687.0,1.0,35.0,7,375,9022,1,1.0
98,1.0,0.0,0.0,1.0,2.0,7,31.71579500832655,31.71579500832655,pobre,basal,3,800.0,687.0,1.0,35.0,8,375,9022,1,1.0
97,1.0,0.0,0.0,1.0,3.0,5,31.71579500832655,31.71579500832655,pobre,basal,0,1200.0,553.0,1.0,24.0,8,375,9023,3,1.0
98,1.0,0.0,0.0,1.0,3.0,5,31.71579500832655,31.71579500832655,pobre,basal,0,1200.0,553.0,1.0,24.0,9,375,9023,3,1.0
97,0.0,0.0,0.0,1.0,8.0,8,31.71579500832655,31.71579500832655,pobre,basal,2,750.0,717.0,1.0,35.0,15,375,9024,8,1.0
98,0.0,0.0,0.0,1.0,8.0,8,31.71579500832655,31.71579500832655,pobre,basal,2,750.0,717.0,1.0,35.0,16,375,9024,8,1.0
97,1.0,0.0,0.0,1.0,5.0,8,31.71579500832655,31.71579500832655,pobre,basal,2,750.0,717.0,1.0,35.0,13,375,9025,5,1.0
98,1.0,0.0,0.0,1.0,5.0,8,31.71579500832655,31.71579500832655,pobre,basal,2,750.0,717.0,1.0,35.0,14,375,9025,5,1.0
97,1.0,0.0,0.0,1.0,4.0,8,31.71579500832655,31.71579500832655,pobre,basal,2,750.0,717.0,1.0,35.0,11,375,9026,4,1.0
98,1.0,0.0,0.0,1.0,5.0,8,31.71579500832655,31.71579500832655,pobre,basal,2,750.0,717.0,1.0,35.0,12,375,9026,4,1.0
97,0.0,0.0,0.0,1.0,3.0,8,31.71579500832655,31.71579500832655,pobre,basal,2,750.0,717.0,1.0,35.0,9,375,9027,3,1.0
98,0.0,0.0,0.0,1.0,3.0,8,31.71579500832655,31.71579500832655,pobre,basal,2,750.0,717.0,1.0,35.0,10,375,9027,3,1.0
97,0.0,0.0,0.0,1.0,2.0,8,31.71579500832655,31.71579500832655,pobre,basal,2,750.0,717.0,1.0,35.0,7,375,9028,2,1.0
98,0.0,0.0,0.0,1.0,1.0,8,31.71579500832655,31.71579500832655,pobre,basal,2,750.0,717.0,1.0,35.0,8,375,9028,2,1.0
97,0.0,0.0,0.0,1.0,7.0,7,31.71579500832655,31.71579500832655,pobre,basal,2,750.0,870.5,1.0,58.0,13,375,9029,7,1.0
98,0.0,0.0,0.0,1.0,8.0,7,31.71579500832655,31.71579500832655,pobre,basal,2,750.0,870.5,1.0,58.0,14,375,9029,7,1.0
97,1.0,0.0,0.0,1.0,5.0,7,31.71579500832655,31.71579500832655,pobre,basal,2,750.0,870.5,1.0,58.0,11,375,9030,5,1.0
98,1.0,0.0,0.0,1.0,6.0,7,31.71579500832655,31.71579500832655,pobre,basal,2,750.0,870.5,1.0,58.0,12,375,9030,5,1.0
97,1.0,0.0,0.0,1.0,5.0,7,31.71579500832655,31.71579500832655,pobre,basal,0,750.0,718.0,1.0,37.0,14,375,9031,5,1.0
98,1.0,0.0,0.0,0.0,6.0,7,31.71579500832655,31.71579500832655,pobre,basal,0,750.0,718.0,1.0,37.0,15,375,9031,5,1.0
97,0.0,0.0,0.0,1.0,3.0,7,31.71579500832655,31.71579500832655,pobre,basal,0,750.0,718.0,1.0,37.0,11,375,9032,3,1.0
98,0.0,0.0,0.0,1.0,4.0,7,31.71579500832655,31.71579500832655,pobre,basal,0,750.0,718.0,1.0,37.0,12,375,9032,3,1.0
97,1.0,0.0,0.0,1.0,3.0,7,31.71579500832655,31.71579500832655,pobre,basal,0,750.0,718.0,1.0,37.0,9,375,9033,3,1.0
98,1.0,0.0,0.0,1.0,4.0,7,31.71579500832655,31.71579500832655,pobre,basal,0,750.0,718.0,1.0,37.0,10,375,9033,3,1.0
97,0.0,0.0,0.0,1.0,1.0,7,31.71579500832655,31.71579500832655,pobre,basal,0,750.0,718.0,1.0,37.0,7,375,9034,1,1.0
98,0.0,0.0,0.0,1.0,2.0,7,31.71579500832655,31.71579500832655,pobre,basal,0,750.0,718.0,1.0,37.0,8,375,9034,1,1.0
97,1.0,0.0,0.0,1.0,1.0,7,31.71579500832655,31.71579500832655,no pobre,basal,8,100.0,1107.5,1.0,54.0,13,375,9035,1,1.0
98,1.0,0.0,0.0,1.0,8.0,7,31.71579500832655,31.71579500832655,no pobre,basal,8,100.0,1107.5,1.0,54.0,14,375,9035,1,1.0
97,0.0,0.0,0.0,1.0,5.0,7,31.71579500832655,31.71579500832655,no pobre,basal,8,100.0,1107.5,1.0,54.0,12,375,9036,5,1.0
98,0.0,0.0,0.0,1.0,6.0,7,31.71579500832655,31.71579500832655,no pobre,basal,8,100.0,1107.5,1.0,54.0,13,375,9036,5,1.0
97,0.0,0.0,0.0,1.0,4.0,7,31.71579500832655,31.71579500832655,no pobre,basal,8,100.0,1107.5,1.0,54.0,11,375,9037,4,1.0
98,0.0,0.0,0.0,1.0,5.0,7,31.71579500832655,31.71579500832655,no pobre,basal,8,100.0,1107.5,1.0,54.0,12,375,9037,4,1.0
97,1.0,0.0,0.0,0.0,6.0,5,31.71579500832655,31.71579500832655,no pobre,basal,3,1500.0,965.0,1.0,39.0,16,375,9038,6,0.0
98,1.0,0.0,0.0,,,5,31.71579500832655,31.71579500832655,no pobre,basal,3,1500.0,965.0,1.0,39.0,17,375,9038,6,0.0
97,0.0,0.0,0.0,1.0,8.0,5,31.71579500832655,31.71579500832655,no pobre,basal,3,1500.0,965.0,1.0,39.0,15,375,9039,8,1.0
98,0.0,0.0,0.0,0.0,9.0,5,31.71579500832655,31.71579500832655,no pobre,basal,3,1500.0,965.0,1.0,39.0,16,375,9039,8,1.0
97,1.0,0.0,0.0,1.0,6.0,5,31.71579500832655,31.71579500832655,no pobre,basal,3,1500.0,965.0,1.0,39.0,12,375,9040,6,1.0
98,1.0,0.0,0.0,1.0,7.0,5,31.71579500832655,31.71579500832655,no pobre,basal,3,1500.0,965.0,1.0,39.0,13,375,9040,6,1.0
97,0.0,0.0,0.0,1.0,8.0,6,31.71579500832655,31.71579500832655,pobre,basal,3,800.0,815.0,1.0,37.0,14,375,9041,8,1.0
98,0.0,0.0,0.0,1.0,9.0,6,31.71579500832655,31.71579500832655,pobre,basal,3,800.0,815.0,1.0,37.0,15,375,9041,8,1.0
97,1.0,0.0,0.0,1.0,5.0,6,31.71579500832655,31.71579500832655,pobre,basal,3,800.0,815.0,1.0,37.0,13,375,9042,5,1.0
98,1.0,0.0,0.0,0.0,6.0,6,31.71579500832655,31.71579500832655,pobre,basal,3,800.0,815.0,1.0,37.0,14,375,9042,5,1.0
97,1.0,0.0,0.0,1.0,4.0,5,31.71579500832655,31.71579500832655,pobre,basal,0,0.0,773.0,1.0,48.0,11,375,9043,4,1.0
98,1.0,0.0,0.0,,,5,31.71579500832655,31.71579500832655,pobre,basal,0,0.0,773.0,1.0,48.0,12,375,9043,4,1.0
97,1.0,0.0,0.0,1.0,7.0,9,31.71579500832655,31.71579500832655,pobre,basal,0,0.0,546.0,1.0,53.0,16,375,9044,7,1.0
98,1.0,0.0,0.0,,,9,31.71579500832655,31.71579500832655,pobre,basal,0,0.0,546.0,1.0,53.0,17,375,9044,7,1.0
97,0.0,0.0,0.0,1.0,6.0,9,31.71579500832655,31.71579500832655,pobre,basal,0,0.0,546.0,1.0,53.0,13,375,9045,6,1.0
98,0.0,0.0,0.0,,,9,31.71579500832655,31.71579500832655,pobre,basal,0,0.0,546.0,1.0,53.0,14,375,9045,6,1.0
97,0.0,0.0,0.0,1.0,5.0,9,31.71579500832655,31.71579500832655,pobre,basal,0,0.0,546.0,1.0,53.0,11,375,9046,5,1.0
98,0.0,0.0,0.0,,,9,31.71579500832655,31.71579500832655,pobre,basal,0,0.0,546.0,1.0,53.0,12,375,9046,5,1.0
97,0.0,0.0,0.0,1.0,2.0,9,31.71579500832655,31.71579500832655,pobre,basal,0,0.0,546.0,1.0,53.0,9,375,9047,2,1.0
98,0.0,0.0,0.0,,,9,31.71579500832655,31.71579500832655,pobre,basal,0,0.0,546.0,1.0,53.0,10,375,9047,2,1.0
97,0.0,0.0,0.0,,0.0,9,31.71579500832655,31.71579500832655,pobre,basal,0,0.0,546.0,1.0,53.0,7,375,9048,0,
98,0.0,0.0,0.0,,,9,31.71579500832655,31.71579500832655,pobre,basal,0,0.0,546.0,1.0,53.0,8,375,9048,0,
97,0.0,0.0,0.0,1.0,6.0,7,31.71579500832655,31.71579500832655,pobre,basal,0,1250.0,675.0,1.0,46.0,14,375,9049,6,1.0
98,0.0,0.0,0.0,,,7,31.71579500832655,31.71579500832655,pobre,basal,0,1250.0,675.0,1.0,46.0,15,375,9049,6,1.0
97,1.0,0.0,0.0,1.0,4.0,7,31.71579500832655,31.71579500832655,pobre,basal,0,1250.0,675.0,1.0,46.0,12,375,9050,4,1.0
98,1.0,0.0,0.0,,,7,31.71579500832655,31.71579500832655,pobre,basal,0,1250.0,675.0,1.0,46.0,13,375,9050,4,1.0
97,0.0,0.0,0.0,1.0,1.0,7,31.71579500832655,31.71579500832655,pobre,basal,0,1250.0,675.0,1.0,46.0,9,375,9051,1,1.0
98,0.0,0.0,0.0,,,7,31.71579500832655,31.71579500832655,pobre,basal,0,1250.0,675.0,1.0,46.0,10,375,9051,1,1.0
97,1.0,0.0,0.0,1.0,1.0,7,31.71579500832655,31.71579500832655,pobre,basal,0,1250.0,675.0,1.0,46.0,7,375,9052,1,1.0
98,1.0,0.0,0.0,,,7,31.71579500832655,31.71579500832655,pobre,basal,0,1250.0,675.0,1.0,46.0,8,375,9052,1,1.0
97,0.0,0.0,0.0,0.0,6.0,9,31.71579500832655,31.71579500832655,pobre,basal,0,500.0,833.0,1.0,64.0,16,375,9053,6,0.0
98,0.0,0.0,0.0,,,9,31.71579500832655,31.71579500832655,pobre,basal,0,500.0,833.0,1.0,64.0,17,375,9053,6,0.0
97,0.0,0.0,0.0,0.0,6.0,9,31.71579500832655,31.71579500832655,pobre,basal,0,500.0,833.0,1.0,64.0,16,375,9054,6,0.0
98,0.0,0.0,0.0,,,9,31.71579500832655,31.71579500832655,pobre,basal,0,500.0,833.0,1.0,64.0,17,375,9054,6,0.0
97,1.0,0.0,0.0,0.0,5.0,7,41.26526845784417,41.26526845784417,pobre,basal,4,1000.0,761.5,1.0,37.0,16,380,9055,5,0.0
98,1.0,0.0,0.0,0.0,5.0,7,41.26526845784417,41.26526845784417,pobre,basal,4,1000.0,761.5,1.0,37.0,17,380,9055,5,0.0
97,1.0,0.0,0.0,1.0,4.0,7,41.26526845784417,41.26526845784417,pobre,basal,4,1000.0,761.5,1.0,37.0,10,380,9056,4,1.0
98,1.0,0.0,0.0,1.0,4.0,7,41.26526845784417,41.26526845784417,pobre,basal,4,1000.0,761.5,1.0,37.0,11,380,9056,4,1.0
97,0.0,0.0,0.0,1.0,2.0,7,41.26526845784417,41.26526845784417,pobre,basal,4,1000.0,761.5,1.0,37.0,7,380,9057,2,1.0
98,0.0,0.0,0.0,1.0,3.0,7,41.26526845784417,41.26526845784417,pobre,basal,4,1000.0,761.5,1.0,37.0,8,380,9057,2,1.0
97,1.0,0.0,0.0,1.0,6.0,8,41.26526845784417,41.26526845784417,pobre,basal,3,1000.0,640.0,1.0,33.0,12,380,9058,6,1.0
98,1.0,0.0,0.0,1.0,6.0,8,41.26526845784417,41.26526845784417,pobre,basal,3,1000.0,640.0,1.0,33.0,13,380,9058,6,1.0
97,1.0,0.0,0.0,1.0,3.0,8,41.26526845784417,41.26526845784417,pobre,basal,3,1000.0,640.0,1.0,33.0,10,380,9059,3,1.0
98,1.0,0.0,0.0,1.0,4.0,8,41.26526845784417,41.26526845784417,pobre,basal,3,1000.0,640.0,1.0,33.0,11,380,9059,3,1.0
97,1.0,0.0,0.0,1.0,4.0,8,41.26526845784417,41.26526845784417,pobre,basal,3,1000.0,640.0,1.0,33.0,9,380,9060,4,1.0
98,1.0,0.0,0.0,1.0,5.0,8,41.26526845784417,41.26526845784417,pobre,basal,3,1000.0,640.0,1.0,33.0,10,380,9060,4,1.0
97,1.0,0.0,0.0,1.0,2.0,8,41.26526845784417,41.26526845784417,pobre,basal,3,1000.0,640.0,1.0,33.0,8,380,9061,2,1.0
98,1.0,0.0,0.0,1.0,2.0,8,41.26526845784417,41.26526845784417,pobre,basal,3,1000.0,640.0,1.0,33.0,9,380,9061,2,1.0
97,0.0,0.0,0.0,0.0,9.0,9,31.71579500832655,31.71579500832655,no pobre,basal,0,0.0,1089.0,1.0,49.0,16,375,9062,9,0.0
98,0.0,0.0,0.0,,,9,31.71579500832655,31.71579500832655,no pobre,basal,0,0.0,1089.0,1.0,49.0,17,375,9062,9,0.0
97,0.0,0.0,0.0,0.0,6.0,9,31.71579500832655,31.71579500832655,no pobre,basal,0,0.0,1089.0,1.0,49.0,15,375,9063,6,0.0
98,0.0,0.0,0.0,0.0,6.0,9,31.71579500832655,31.71579500832655,no pobre,basal,0,0.0,1089.0,1.0,49.0,16,375,9063,6,0.0
97,1.0,0.0,0.0,1.0,2.0,9,31.71579500832655,31.71579500832655,no pobre,basal,0,0.0,1089.0,1.0,49.0,8,375,9064,2,1.0
98,1.0,0.0,0.0,1.0,3.0,9,31.71579500832655,31.71579500832655,no pobre,basal,0,0.0,1089.0,1.0,49.0,9,375,9064,2,1.0
97,1.0,0.0,0.0,1.0,4.0,9,31.71579500832655,31.71579500832655,no pobre,basal,0,0.0,1089.0,1.0,49.0,11,375,9065,4,1.0
98,1.0,0.0,0.0,1.0,4.0,9,31.71579500832655,31.71579500832655,no pobre,basal,0,0.0,1089.0,1.0,49.0,12,375,9065,4,1.0
97,1.0,0.0,0.0,1.0,1.0,9,31.71579500832655,31.71579500832655,no pobre,basal,0,0.0,1089.0,1.0,49.0,8,375,9066,1,1.0
98,1.0,0.0,0.0,1.0,2.0,9,31.71579500832655,31.71579500832655,no pobre,basal,0,0.0,1089.0,1.0,49.0,9,375,9066,1,1.0
97,0.0,0.0,0.0,1.0,6.0,9,31.71579500832655,31.71579500832655,no pobre,basal,0,0.0,1089.0,1.0,49.0,12,375,9067,6,1.0
98,0.0,0.0,0.0,1.0,7.0,9,31.71579500832655,31.71579500832655,no pobre,basal,0,0.0,1089.0,1.0,49.0,13,375,9067,6,1.0
97,1.0,0.0,0.0,1.0,1.0,5,31.71579500832655,31.71579500832655,pobre,basal,3,1200.0,809.0,1.0,29.0,7,375,9068,1,1.0
98,1.0,0.0,0.0,1.0,2.0,5,31.71579500832655,31.71579500832655,pobre,basal,3,1200.0,809.0,1.0,29.0,8,375,9068,1,1.0
97,0.0,0.0,0.0,1.0,6.0,8,31.71579500832655,31.71579500832655,pobre,basal,3,0.0,521.0,1.0,30.0,12,375,9069,6,1.0
98,0.0,0.0,0.0,1.0,7.0,8,31.71579500832655,31.71579500832655,pobre,basal,3,0.0,521.0,1.0,30.0,13,375,9069,6,1.0
97,1.0,0.0,0.0,1.0,4.0,8,31.71579500832655,31.71579500832655,pobre,basal,3,0.0,521.0,1.0,30.0,11,375,9070,4,1.0
98,1.0,0.0,0.0,1.0,5.0,8,31.71579500832655,31.71579500832655,pobre,basal,3,0.0,521.0,1.0,30.0,12,375,9070,4,1.0
97,1.0,0.0,0.0,1.0,1.0,8,31.71579500832655,31.71579500832655,pobre,basal,3,0.0,521.0,1.0,30.0,9,375,9071,1,1.0
98,1.0,0.0,0.0,1.0,2.0,8,31.71579500832655,31.71579500832655,pobre,basal,3,0.0,521.0,1.0,30.0,10,375,9071,1,1.0
97,1.0,0.0,0.0,1.0,0.0,8,31.71579500832655,31.71579500832655,pobre,basal,3,0.0,521.0,1.0,30.0,7,375,9072,0,1.0
98,1.0,0.0,0.0,1.0,1.0,8,31.71579500832655,31.71579500832655,pobre,basal,3,0.0,521.0,1.0,30.0,8,375,9072,0,1.0
97,0.0,0.0,0.0,1.0,7.0,5,31.71579500832655,31.71579500832655,pobre,basal,1,0.0,850.5,1.0,52.0,14,375,9073,7,1.0
98,0.0,0.0,0.0,1.0,8.0,5,31.71579500832655,31.71579500832655,pobre,basal,1,0.0,850.5,1.0,52.0,15,375,9073,7,1.0
97,1.0,0.0,0.0,1.0,4.0,5,31.71579500832655,31.71579500832655,pobre,basal,1,0.0,850.5,1.0,52.0,12,375,9074,4,1.0
98,1.0,0.0,0.0,1.0,5.0,5,31.71579500832655,31.71579500832655,pobre,basal,1,0.0,850.5,1.0,52.0,13,375,9074,4,1.0
97,0.0,0.0,0.0,0.0,1.0,13,31.71579500832655,31.71579500832655,pobre,basal,2,125.0,400.0,1.0,51.0,16,375,9075,1,0.0
98,0.0,0.0,0.0,,,13,31.71579500832655,31.71579500832655,pobre,basal,2,125.0,400.0,1.0,51.0,17,375,9075,1,0.0
97,1.0,0.0,0.0,1.0,3.0,13,31.71579500832655,31.71579500832655,pobre,basal,2,125.0,400.0,1.0,51.0,13,375,9076,3,1.0
98,1.0,0.0,0.0,1.0,4.0,13,31.71579500832655,31.71579500832655,pobre,basal,2,125.0,400.0,1.0,51.0,14,375,9076,3,1.0
97,0.0,0.0,0.0,1.0,3.0,13,31.71579500832655,31.71579500832655,pobre,basal,2,125.0,400.0,1.0,51.0,11,375,9077,3,1.0
98,0.0,0.0,0.0,1.0,4.0,13,31.71579500832655,31.71579500832655,pobre,basal,2,125.0,400.0,1.0,51.0,12,375,9077,3,1.0
97,0.0,0.0,0.0,1.0,4.0,13,31.71579500832655,31.71579500832655,pobre,basal,2,125.0,400.0,1.0,51.0,10,375,9078,4,1.0
98,0.0,0.0,0.0,1.0,5.0,13,31.71579500832655,31.71579500832655,pobre,basal,2,125.0,400.0,1.0,51.0,11,375,9078,4,1.0
97,1.0,0.0,0.0,1.0,1.0,13,31.71579500832655,31.71579500832655,pobre,basal,2,125.0,400.0,1.0,51.0,9,375,9079,1,1.0
98,1.0,0.0,0.0,1.0,2.0,13,31.71579500832655,31.71579500832655,pobre,basal,2,125.0,400.0,1.0,51.0,10,375,9079,1,1.0
97,0.0,0.0,0.0,1.0,0.0,13,31.71579500832655,31.71579500832655,pobre,basal,2,125.0,400.0,1.0,51.0,6,375,9080,0,1.0
98,0.0,0.0,0.0,1.0,1.0,13,31.71579500832655,31.71579500832655,pobre,basal,2,125.0,400.0,1.0,51.0,7,375,9080,0,1.0
97,0.0,0.0,0.0,1.0,0.0,4,31.71579500832655,31.71579500832655,pobre,basal,3,0.0,685.0,1.0,44.0,6,375,9081,0,1.0
98,0.0,0.0,0.0,1.0,1.0,4,31.71579500832655,31.71579500832655,pobre,basal,3,0.0,685.0,1.0,44.0,7,375,9081,0,1.0
97,1.0,0.0,0.0,0.0,4.0,4,31.71579500832655,31.71579500832655,pobre,basal,3,400.0,757.0,0.0,36.0,14,375,9082,4,0.0
98,1.0,0.0,0.0,0.0,5.0,4,31.71579500832655,31.71579500832655,pobre,basal,3,400.0,757.0,0.0,36.0,15,375,9082,4,0.0
97,0.0,0.0,0.0,1.0,1.0,4,31.71579500832655,31.71579500832655,pobre,basal,3,400.0,757.0,0.0,36.0,10,375,9083,1,1.0
98,0.0,0.0,0.0,1.0,3.0,4,31.71579500832655,31.71579500832655,pobre,basal,3,400.0,757.0,0.0,36.0,11,375,9083,1,1.0
97,0.0,0.0,0.0,1.0,0.0,6,31.71579500832655,31.71579500832655,pobre,basal,3,1600.0,661.0,1.0,32.0,6,375,9084,0,1.0
98,0.0,0.0,0.0,1.0,1.0,6,31.71579500832655,31.71579500832655,pobre,basal,3,1600.0,661.0,1.0,32.0,7,375,9084,0,1.0
97,1.0,0.0,0.0,0.0,5.0,8,31.71579500832655,31.71579500832655,pobre,basal,3,0.0,799.0,1.0,42.0,16,375,9085,5,0.0
98,1.0,0.0,0.0,,,8,31.71579500832655,31.71579500832655,pobre,basal,3,0.0,799.0,1.0,42.0,17,375,9085,5,0.0
97,0.0,0.0,0.0,0.0,5.0,8,31.71579500832655,31.71579500832655,pobre,basal,3,0.0,799.0,1.0,42.0,15,375,9086,5,0.0
98,0.0,0.0,0.0,,,8,31.71579500832655,31.71579500832655,pobre,basal,3,0.0,799.0,1.0,42.0,16,375,9086,5,0.0
97,1.0,0.0,0.0,1.0,4.0,8,31.71579500832655,31.71579500832655,pobre,basal,3,0.0,799.0,1.0,42.0,11,375,9087,4,1.0
98,1.0,0.0,0.0,1.0,5.0,8,31.71579500832655,31.71579500832655,pobre,basal,3,0.0,799.0,1.0,42.0,12,375,9087,4,1.0
97,0.0,0.0,0.0,0.0,4.0,6,31.71579500832655,31.71579500832655,pobre,basal,4,0.0,633.0,1.0,31.0,14,375,9088,4,0.0
98,0.0,0.0,0.0,,,6,31.71579500832655,31.71579500832655,pobre,basal,4,0.0,633.0,1.0,31.0,15,375,9088,4,0.0
97,1.0,0.0,0.0,1.0,4.0,6,31.71579500832655,31.71579500832655,pobre,basal,4,0.0,633.0,1.0,31.0,11,375,9089,4,1.0
98,1.0,0.0,0.0,1.0,5.0,6,31.71579500832655,31.71579500832655,pobre,basal,4,0.0,633.0,1.0,31.0,12,375,9089,4,1.0
97,1.0,0.0,0.0,1.0,8.0,6,41.26526845784417,41.26526845784417,pobre,basal,6,1800.0,679.0,1.0,32.0,14,380,9090,8,1.0
98,1.0,0.0,0.0,0.0,8.0,6,41.26526845784417,41.26526845784417,pobre,basal,6,1800.0,679.0,1.0,32.0,15,380,9090,8,1.0
97,1.0,0.0,0.0,1.0,3.0,6,41.26526845784417,41.26526845784417,pobre,basal,6,1800.0,679.0,1.0,32.0,12,380,9091,3,1.0
98,1.0,0.0,0.0,1.0,4.0,6,41.26526845784417,41.26526845784417,pobre,basal,6,1800.0,679.0,1.0,32.0,13,380,9091,3,1.0
97,0.0,0.0,0.0,1.0,3.0,6,41.26526845784417,41.26526845784417,pobre,basal,6,1800.0,679.0,1.0,32.0,10,380,9092,3,1.0
98,0.0,0.0,0.0,1.0,4.0,6,41.26526845784417,41.26526845784417,pobre,basal,6,1800.0,679.0,1.0,32.0,11,380,9092,3,1.0
97,0.0,0.0,0.0,1.0,7.0,6,41.26526845784417,41.26526845784417,pobre,basal,1,1250.0,660.0,1.0,36.0,14,380,9093,7,1.0
98,0.0,0.0,0.0,,,6,41.26526845784417,41.26526845784417,pobre,basal,1,1250.0,660.0,1.0,36.0,15,380,9093,7,1.0
97,0.0,0.0,0.0,1.0,6.0,6,41.26526845784417,41.26526845784417,pobre,basal,1,1250.0,660.0,1.0,36.0,12,380,9094,6,1.0
98,0.0,0.0,0.0,,,6,41.26526845784417,41.26526845784417,pobre,basal,1,1250.0,660.0,1.0,36.0,13,380,9094,6,1.0
97,0.0,0.0,0.0,1.0,4.0,6,41.26526845784417,41.26526845784417,pobre,basal,1,1250.0,660.0,1.0,36.0,10,380,9095,4,1.0
98,0.0,0.0,0.0,,,6,41.26526845784417,41.26526845784417,pobre,basal,1,1250.0,660.0,1.0,36.0,11,380,9095,4,1.0
97,1.0,0.0,2.1440001,0.0,6.0,10,33.79303696271848,33.79303696271848,pobre,basal,3,500.0,723.0,1.0,52.0,16,379,9096,6,0.0
98,1.0,0.0,2.1440001,0.0,6.0,10,33.79303696271848,33.79303696271848,pobre,basal,3,500.0,723.0,1.0,52.0,17,379,9096,6,0.0
97,1.0,0.0,2.1440001,0.0,6.0,10,33.79303696271848,33.79303696271848,pobre,basal,3,500.0,723.0,1.0,52.0,14,379,9097,6,0.0
98,1.0,0.0,2.1440001,1.0,6.0,10,33.79303696271848,33.79303696271848,pobre,basal,3,500.0,723.0,1.0,52.0,15,379,9097,6,0.0
97,0.0,0.0,2.1440001,1.0,6.0,10,33.79303696271848,33.79303696271848,pobre,basal,3,500.0,723.0,1.0,52.0,12,379,9098,6,1.0
98,0.0,0.0,2.1440001,1.0,6.0,10,33.79303696271848,33.79303696271848,pobre,basal,3,500.0,723.0,1.0,52.0,13,379,9098,6,1.0
97,0.0,0.0,2.1440001,1.0,4.0,10,33.79303696271848,33.79303696271848,pobre,basal,3,500.0,723.0,1.0,52.0,9,379,9099,4,1.0
98,0.0,0.0,2.1440001,1.0,4.0,10,33.79303696271848,33.79303696271848,pobre,basal,3,500.0,723.0,1.0,52.0,10,379,9099,4,1.0
97,0.0,0.0,2.1440001,0.0,9.0,10,33.79303696271848,33.79303696271848,pobre,basal,5,625.0,739.0,1.0,42.0,15,379,9100,9,0.0
98,0.0,0.0,2.1440001,0.0,6.0,10,33.79303696271848,33.79303696271848,pobre,basal,5,625.0,739.0,1.0,42.0,16,379,9100,9,0.0
97,1.0,0.0,2.1440001,1.0,6.0,10,33.79303696271848,33.79303696271848,pobre,basal,5,625.0,739.0,1.0,42.0,13,379,9101,6,1.0
98,1.0,0.0,2.1440001,1.0,6.0,10,33.79303696271848,33.79303696271848,pobre,basal,5,625.0,739.0,1.0,42.0,14,379,9101,6,1.0
97,0.0,0.0,2.1440001,1.0,2.0,10,33.79303696271848,33.79303696271848,pobre,basal,5,625.0,739.0,1.0,42.0,11,379,9102,2,1.0
98,0.0,0.0,2.1440001,1.0,2.0,10,33.79303696271848,33.79303696271848,pobre,basal,5,625.0,739.0,1.0,42.0,12,379,9102,2,1.0
97,1.0,0.0,2.1440001,1.0,3.0,10,33.79303696271848,33.79303696271848,pobre,basal,5,625.0,739.0,1.0,42.0,10,379,9103,3,1.0
98,1.0,0.0,2.1440001,1.0,3.0,10,33.79303696271848,33.79303696271848,pobre,basal,5,625.0,739.0,1.0,42.0,11,379,9103,3,1.0
97,0.0,0.0,2.1440001,1.0,2.0,10,33.79303696271848,33.79303696271848,pobre,basal,5,625.0,739.0,1.0,42.0,8,379,9104,2,1.0
98,0.0,0.0,2.1440001,1.0,2.0,10,33.79303696271848,33.79303696271848,pobre,basal,5,625.0,739.0,1.0,42.0,9,379,9104,2,1.0
97,0.0,0.0,2.1440001,1.0,2.0,10,33.79303696271848,33.79303696271848,pobre,basal,5,625.0,739.0,1.0,42.0,8,379,9105,2,1.0
98,0.0,0.0,2.1440001,1.0,2.0,10,33.79303696271848,33.79303696271848,pobre,basal,5,625.0,739.0,1.0,42.0,9,379,9105,2,1.0
97,0.0,0.0,2.1440001,1.0,3.0,6,33.79303696271848,33.79303696271848,no pobre,basal,3,4000.0,1001.0,1.0,37.0,8,379,9106,3,1.0
98,0.0,0.0,2.1440001,1.0,4.0,6,33.79303696271848,33.79303696271848,no pobre,basal,3,4000.0,1001.0,1.0,37.0,9,379,9106,3,1.0
97,1.0,0.0,2.1440001,1.0,1.0,6,33.79303696271848,33.79303696271848,no pobre,basal,3,4000.0,1001.0,1.0,37.0,6,379,9107,1,1.0
98,1.0,0.0,2.1440001,1.0,1.0,6,33.79303696271848,33.79303696271848,no pobre,basal,3,4000.0,1001.0,1.0,37.0,7,379,9107,1,1.0
97,0.0,0.0,2.1440001,1.0,1.0,6,33.79303696271848,33.79303696271848,no pobre,basal,3,4000.0,1001.0,1.0,37.0,6,379,9108,1,1.0
98,0.0,0.0,2.1440001,1.0,2.0,6,33.79303696271848,33.79303696271848,no pobre,basal,3,4000.0,1001.0,1.0,37.0,7,379,9108,1,1.0
97,0.0,0.0,2.6670001,1.0,4.0,6,31.47260644828401,31.47260644828401,no pobre,0,2,1600.0,785.5,1.0,32.0,11,377,9109,4,1.0
98,0.0,0.0,2.6670001,1.0,5.0,6,31.47260644828401,31.47260644828401,no pobre,0,2,1600.0,785.5,1.0,32.0,12,377,9109,4,1.0
97,1.0,0.0,2.6670001,1.0,1.0,6,31.47260644828401,31.47260644828401,no pobre,0,2,1600.0,785.5,1.0,32.0,9,377,9110,1,1.0
98,1.0,0.0,2.6670001,1.0,2.0,6,31.47260644828401,31.47260644828401,no pobre,0,2,1600.0,785.5,1.0,32.0,10,377,9110,1,1.0
97,1.0,0.0,2.6670001,1.0,5.0,7,31.47260644828401,31.47260644828401,pobre,0,6,750.0,688.5,1.0,36.0,12,377,9111,5,1.0
98,1.0,0.0,2.6670001,1.0,6.0,7,31.47260644828401,31.47260644828401,pobre,0,6,750.0,688.5,1.0,36.0,13,377,9111,5,1.0
97,0.0,0.0,2.6670001,1.0,3.0,7,31.47260644828401,31.47260644828401,pobre,0,6,750.0,688.5,1.0,36.0,9,377,9112,3,1.0
98,0.0,0.0,2.6670001,1.0,4.0,7,31.47260644828401,31.47260644828401,pobre,0,6,750.0,688.5,1.0,36.0,10,377,9112,3,1.0
97,1.0,0.0,2.6670001,1.0,0.0,7,31.47260644828401,31.47260644828401,pobre,0,6,750.0,688.5,1.0,36.0,7,377,9113,0,1.0
98,1.0,0.0,2.6670001,1.0,1.0,7,31.47260644828401,31.47260644828401,pobre,0,6,750.0,688.5,1.0,36.0,8,377,9113,0,1.0
97,1.0,0.0,2.6670001,1.0,0.0,7,31.47260644828401,31.47260644828401,pobre,0,6,750.0,688.5,1.0,36.0,6,377,9114,0,1.0
98,1.0,0.0,2.6670001,1.0,0.0,7,31.47260644828401,31.47260644828401,pobre,0,6,750.0,688.5,1.0,36.0,7,377,9114,0,1.0
97,1.0,0.0,2.6670001,1.0,2.0,5,31.47260644828401,31.47260644828401,no pobre,0,3,1200.0,792.0,1.0,34.0,9,377,9115,2,1.0
98,1.0,0.0,2.6670001,1.0,3.0,5,31.47260644828401,31.47260644828401,no pobre,0,3,1200.0,792.0,1.0,34.0,10,377,9115,2,1.0
97,0.0,0.0,2.6670001,1.0,0.0,5,31.47260644828401,31.47260644828401,no pobre,0,3,1200.0,792.0,1.0,34.0,6,377,9116,0,1.0
98,0.0,0.0,2.6670001,1.0,0.0,5,31.47260644828401,31.47260644828401,no pobre,0,3,1200.0,792.0,1.0,34.0,7,377,9116,0,1.0
97,0.0,0.0,2.6670001,0.0,4.0,11,31.47260644828401,31.47260644828401,pobre,0,2,750.0,771.0,1.0,43.0,16,377,9117,4,0.0
98,0.0,0.0,2.6670001,0.0,4.0,11,31.47260644828401,31.47260644828401,pobre,0,2,750.0,771.0,1.0,43.0,17,377,9117,4,0.0
97,0.0,0.0,2.6670001,0.0,4.0,11,31.47260644828401,31.47260644828401,pobre,0,2,750.0,771.0,1.0,43.0,14,377,9118,4,0.0
98,0.0,0.0,2.6670001,0.0,4.0,11,31.47260644828401,31.47260644828401,pobre,0,2,750.0,771.0,1.0,43.0,15,377,9118,4,0.0
97,0.0,0.0,2.6670001,1.0,4.0,11,31.47260644828401,31.47260644828401,pobre,0,2,750.0,771.0,1.0,43.0,11,377,9119,4,1.0
98,0.0,0.0,2.6670001,1.0,5.0,11,31.47260644828401,31.47260644828401,pobre,0,2,750.0,771.0,1.0,43.0,12,377,9119,4,1.0
97,0.0,0.0,2.6670001,1.0,2.0,11,31.47260644828401,31.47260644828401,pobre,0,2,750.0,771.0,1.0,43.0,8,377,9120,2,1.0
98,0.0,0.0,2.6670001,1.0,3.0,11,31.47260644828401,31.47260644828401,pobre,0,2,750.0,771.0,1.0,43.0,9,377,9120,2,1.0
97,0.0,0.0,2.6670001,1.0,0.0,11,31.47260644828401,31.47260644828401,pobre,0,2,750.0,771.0,1.0,43.0,6,377,9121,0,1.0
98,0.0,0.0,2.6670001,1.0,1.0,11,31.47260644828401,31.47260644828401,pobre,0,2,750.0,771.0,1.0,43.0,7,377,9121,0,1.0
97,0.0,0.0,2.6670001,0.0,6.0,10,31.47260644828401,31.47260644828401,pobre,0,0,0.0,805.0,1.0,48.0,16,377,9122,6,0.0
98,0.0,0.0,2.6670001,0.0,6.0,10,31.47260644828401,31.47260644828401,pobre,0,0,0.0,805.0,1.0,48.0,17,377,9122,6,0.0
97,0.0,0.0,2.6670001,0.0,6.0,10,31.47260644828401,31.47260644828401,pobre,0,0,0.0,805.0,1.0,48.0,13,377,9123,6,0.0
98,0.0,0.0,2.6670001,0.0,6.0,10,31.47260644828401,31.47260644828401,pobre,0,0,0.0,805.0,1.0,48.0,14,377,9123,6,0.0
97,0.0,0.0,2.6670001,1.0,4.0,10,31.47260644828401,31.47260644828401,pobre,0,0,0.0,805.0,1.0,48.0,10,377,9124,4,1.0
98,0.0,0.0,2.6670001,1.0,5.0,10,31.47260644828401,31.47260644828401,pobre,0,0,0.0,805.0,1.0,48.0,11,377,9124,4,1.0
97,0.0,0.0,2.6670001,1.0,0.0,10,31.47260644828401,31.47260644828401,pobre,0,0,0.0,805.0,1.0,48.0,7,377,9125,0,1.0
98,0.0,0.0,2.6670001,1.0,1.0,10,31.47260644828401,31.47260644828401,pobre,0,0,0.0,805.0,1.0,48.0,8,377,9125,0,1.0
97,0.0,0.0,0.0,1.0,2.0,6,147.8817569696666,179.6205427503714,pobre,0,0,0.0,608.0,1.0,40.0,7,359,9126,2,1.0
98,0.0,0.0,0.0,1.0,3.0,6,147.8817569696666,179.6205427503714,pobre,0,0,0.0,608.0,1.0,40.0,8,359,9126,2,1.0
97,0.0,0.0,0.0,1.0,0.0,6,147.8817569696666,179.6205427503714,pobre,0,0,0.0,608.0,1.0,40.0,6,359,9127,0,1.0
98,0.0,0.0,0.0,1.0,1.0,6,147.8817569696666,179.6205427503714,pobre,0,0,0.0,608.0,1.0,40.0,7,359,9127,0,1.0
97,0.0,0.0,0.0,,0.0,3,147.8817569696666,179.6205427503714,pobre,0,0,750.0,722.33002,1.0,57.0,9,359,9128,0,
98,0.0,0.0,0.0,,,3,147.8817569696666,179.6205427503714,pobre,0,0,750.0,722.33002,1.0,57.0,10,359,9128,0,
97,1.0,0.0,0.0,1.0,2.0,7,147.8817569696666,179.6205427503714,pobre,0,6,750.0,516.0,1.0,37.0,10,359,9129,2,1.0
98,1.0,0.0,0.0,1.0,3.0,7,147.8817569696666,179.6205427503714,pobre,0,6,750.0,516.0,1.0,37.0,11,359,9129,2,1.0
97,0.0,0.0,0.0,0.0,5.0,7,147.8817569696666,179.6205427503714,pobre,0,6,750.0,516.0,1.0,37.0,14,359,9130,5,0.0
98,0.0,0.0,0.0,,,7,147.8817569696666,179.6205427503714,pobre,0,6,750.0,516.0,1.0,37.0,15,359,9130,5,0.0
97,0.0,0.0,0.0,0.0,5.0,6,147.8817569696666,179.6205427503714,no pobre,0,4,750.0,1054.0,1.0,61.0,14,359,9131,5,0.0
98,0.0,0.0,0.0,,,6,147.8817569696666,179.6205427503714,no pobre,0,4,750.0,1054.0,1.0,61.0,15,359,9131,5,0.0
97,1.0,0.0,0.0,0.0,6.0,5,147.8817569696666,179.6205427503714,pobre,0,5,0.0,677.0,0.0,35.0,15,359,9132,6,0.0
98,1.0,0.0,0.0,0.0,6.0,5,147.8817569696666,179.6205427503714,pobre,0,5,0.0,677.0,0.0,35.0,16,359,9132,6,0.0
97,1.0,0.0,0.0,1.0,4.0,5,147.8817569696666,179.6205427503714,pobre,0,5,0.0,677.0,0.0,35.0,10,359,9133,4,1.0
98,1.0,0.0,0.0,1.0,5.0,5,147.8817569696666,179.6205427503714,pobre,0,5,0.0,677.0,0.0,35.0,11,359,9133,4,1.0
97,0.0,0.0,0.0,0.0,9.0,5,147.8817569696666,179.6205427503714,no pobre,0,0,750.0,1175.0,1.0,49.0,16,359,9134,9,0.0
98,0.0,0.0,0.0,,,5,147.8817569696666,179.6205427503714,no pobre,0,0,750.0,1175.0,1.0,49.0,17,359,9134,9,0.0
97,1.0,0.0,0.0,0.0,9.0,5,147.8817569696666,179.6205427503714,no pobre,0,3,750.0,1012.23,1.0,67.0,15,359,9135,9,0.0
98,1.0,0.0,0.0,,,5,147.8817569696666,179.6205427503714,no pobre,0,3,750.0,1012.23,1.0,67.0,16,359,9135,9,0.0
97,1.0,0.0,0.0,1.0,8.0,5,147.8817569696666,179.6205427503714,no pobre,0,3,750.0,1012.23,1.0,67.0,15,359,9136,8,1.0
98,1.0,0.0,0.0,,,5,147.8817569696666,179.6205427503714,no pobre,0,3,750.0,1012.23,1.0,67.0,16,359,9136,8,1.0
97,0.0,0.0,0.0,1.0,8.0,7,147.8817569696666,179.6205427503714,pobre,0,6,750.0,881.0,1.0,42.0,16,359,9137,8,1.0
98,0.0,0.0,0.0,,,7,147.8817569696666,179.6205427503714,pobre,0,6,750.0,881.0,1.0,42.0,17,359,9137,8,1.0
97,1.0,0.0,0.0,1.0,5.0,7,147.8817569696666,179.6205427503714,pobre,0,6,750.0,881.0,1.0,42.0,11,359,9138,5,1.0
98,1.0,0.0,0.0,1.0,6.0,7,147.8817569696666,179.6205427503714,pobre,0,6,750.0,881.0,1.0,42.0,12,359,9138,5,1.0
97,1.0,0.0,0.0,,0.0,13,147.8817569696666,179.6205427503714,pobre,0,0,750.0,484.5,1.0,39.0,16,359,9139,0,
98,1.0,0.0,0.0,,,13,147.8817569696666,179.6205427503714,pobre,0,0,750.0,484.5,1.0,39.0,17,359,9139,0,
97,0.0,0.0,0.0,,0.0,13,147.8817569696666,179.6205427503714,pobre,0,0,750.0,484.5,1.0,39.0,15,359,9140,0,
98,0.0,0.0,0.0,,,13,147.8817569696666,179.6205427503714,pobre,0,0,750.0,484.5,1.0,39.0,16,359,9140,0,
97,0.0,0.0,0.0,,0.0,13,147.8817569696666,179.6205427503714,pobre,0,0,750.0,484.5,1.0,39.0,12,359,9141,0,
98,0.0,0.0,0.0,0.0,5.0,13,147.8817569696666,179.6205427503714,pobre,0,0,750.0,484.5,1.0,39.0,13,359,9141,0,
97,0.0,0.0,0.0,,0.0,13,147.8817569696666,179.6205427503714,pobre,0,0,750.0,484.5,1.0,39.0,8,359,9142,0,
98,0.0,0.0,0.0,,,13,147.8817569696666,179.6205427503714,pobre,0,0,750.0,484.5,1.0,39.0,9,359,9142,0,
97,0.0,0.0,0.0,,0.0,13,147.8817569696666,179.6205427503714,pobre,0,0,750.0,484.5,1.0,39.0,7,359,9143,0,
98,0.0,0.0,0.0,,,13,147.8817569696666,179.6205427503714,pobre,0,0,750.0,484.5,1.0,39.0,8,359,9143,0,
97,1.0,0.0,0.0,,0.0,13,147.8817569696666,179.6205427503714,pobre,0,0,750.0,484.5,1.0,39.0,6,359,9144,0,
98,1.0,0.0,0.0,,,13,147.8817569696666,179.6205427503714,pobre,0,0,750.0,484.5,1.0,39.0,7,359,9144,0,
97,1.0,0.0,0.0,1.0,8.0,6,147.8817569696666,179.6205427503714,no pobre,0,2,750.0,1212.0,1.0,37.0,15,359,9145,8,1.0
98,1.0,0.0,0.0,,,6,147.8817569696666,179.6205427503714,no pobre,0,2,750.0,1212.0,1.0,37.0,16,359,9145,8,1.0
97,1.0,0.0,0.0,1.0,1.0,6,147.8817569696666,179.6205427503714,no pobre,0,2,750.0,1212.0,1.0,37.0,7,359,9146,1,1.0
98,1.0,0.0,0.0,1.0,1.0,6,147.8817569696666,179.6205427503714,no pobre,0,2,750.0,1212.0,1.0,37.0,8,359,9146,1,1.0
97,0.0,0.0,0.0,1.0,0.0,6,147.8817569696666,179.6205427503714,no pobre,0,2,750.0,1212.0,1.0,37.0,6,359,9147,0,1.0
98,0.0,0.0,0.0,1.0,1.0,6,147.8817569696666,179.6205427503714,no pobre,0,2,750.0,1212.0,1.0,37.0,7,359,9147,0,1.0
97,0.0,0.0,0.0,0.0,9.0,5,147.8817569696666,179.6205427503714,no pobre,0,0,750.0,826.0,1.0,49.0,15,359,9148,9,0.0
98,0.0,0.0,0.0,0.0,6.0,5,147.8817569696666,179.6205427503714,no pobre,0,0,750.0,826.0,1.0,49.0,16,359,9148,9,0.0
97,0.0,0.0,0.0,1.0,3.0,5,147.8817569696666,179.6205427503714,no pobre,0,0,750.0,826.0,1.0,49.0,9,359,9149,3,1.0
98,0.0,0.0,0.0,1.0,4.0,5,147.8817569696666,179.6205427503714,no pobre,0,0,750.0,826.0,1.0,49.0,10,359,9149,3,1.0
97,0.0,0.0,2.1440001,0.0,8.0,8,33.79303696271848,33.79303696271848,no pobre,basal,0,500.0,933.0,1.0,46.0,16,379,9150,8,0.0
98,0.0,0.0,2.1440001,1.0,8.0,8,33.79303696271848,33.79303696271848,no pobre,basal,0,500.0,933.0,1.0,46.0,17,379,9150,8,0.0
97,0.0,0.0,2.1440001,1.0,1.0,8,33.79303696271848,33.79303696271848,no pobre,basal,0,500.0,933.0,1.0,46.0,13,379,9151,1,1.0
98,0.0,0.0,2.1440001,1.0,6.0,8,33.79303696271848,33.79303696271848,no pobre,basal,0,500.0,933.0,1.0,46.0,14,379,9151,1,1.0
97,0.0,0.0,2.1440001,1.0,4.0,8,33.79303696271848,33.79303696271848,no pobre,basal,0,500.0,933.0,1.0,46.0,10,379,9152,4,1.0
98,0.0,0.0,2.1440001,1.0,5.0,8,33.79303696271848,33.79303696271848,no pobre,basal,0,500.0,933.0,1.0,46.0,11,379,9152,4,1.0
97,1.0,0.0,2.1440001,0.0,6.0,7,33.79303696271848,33.79303696271848,no pobre,basal,8,625.0,823.5,1.0,59.0,15,379,9153,6,0.0
98,1.0,0.0,2.1440001,0.0,6.0,7,33.79303696271848,33.79303696271848,no pobre,basal,8,625.0,823.5,1.0,59.0,16,379,9153,6,0.0
97,1.0,0.0,2.9189999,,0.0,11,29.92169888997671,29.92169888997671,pobre,0,1,200.0,671.40002,1.0,40.0,15,378,9154,0,
98,1.0,0.0,2.9189999,0.0,6.0,11,29.92169888997671,29.92169888997671,pobre,0,1,200.0,671.40002,1.0,40.0,16,378,9154,0,
97,1.0,0.0,2.9189999,1.0,5.0,11,29.92169888997671,29.92169888997671,pobre,0,1,200.0,671.40002,1.0,40.0,14,378,9155,5,1.0
98,1.0,0.0,2.9189999,0.0,5.0,11,29.92169888997671,29.92169888997671,pobre,0,1,200.0,671.40002,1.0,40.0,15,378,9155,5,1.0
97,0.0,0.0,2.9189999,0.0,5.0,11,29.92169888997671,29.92169888997671,pobre,0,1,200.0,671.40002,1.0,40.0,13,378,9156,5,0.0
98,0.0,0.0,2.9189999,0.0,5.0,11,29.92169888997671,29.92169888997671,pobre,0,1,200.0,671.40002,1.0,40.0,14,378,9156,5,0.0
97,1.0,0.0,2.9189999,1.0,4.0,11,29.92169888997671,29.92169888997671,pobre,0,1,200.0,671.40002,1.0,40.0,11,378,9157,4,1.0
98,1.0,0.0,2.9189999,0.0,5.0,11,29.92169888997671,29.92169888997671,pobre,0,1,200.0,671.40002,1.0,40.0,12,378,9157,4,1.0
97,1.0,0.0,2.9189999,1.0,2.0,11,29.92169888997671,29.92169888997671,pobre,0,1,200.0,671.40002,1.0,40.0,10,378,9158,2,1.0
98,1.0,0.0,2.9189999,0.0,3.0,11,29.92169888997671,29.92169888997671,pobre,0,1,200.0,671.40002,1.0,40.0,11,378,9158,2,1.0
97,0.0,0.0,2.9189999,1.0,1.0,11,29.92169888997671,29.92169888997671,pobre,0,1,200.0,671.40002,1.0,40.0,8,378,9159,1,1.0
98,0.0,0.0,2.9189999,1.0,2.0,11,29.92169888997671,29.92169888997671,pobre,0,1,200.0,671.40002,1.0,40.0,9,378,9159,1,1.0
97,0.0,0.0,2.9189999,1.0,0.0,11,29.92169888997671,29.92169888997671,pobre,0,1,200.0,671.40002,1.0,40.0,6,378,9160,0,1.0
98,0.0,0.0,2.9189999,1.0,0.0,11,29.92169888997671,29.92169888997671,pobre,0,1,200.0,671.40002,1.0,40.0,7,378,9160,0,1.0
97,0.0,0.0,2.9189999,0.0,6.0,8,29.92169888997671,29.92169888997671,no pobre,0,3,600.0,845.0,1.0,50.0,15,378,9161,6,0.0
98,0.0,0.0,2.9189999,0.0,6.0,8,29.92169888997671,29.92169888997671,no pobre,0,3,600.0,845.0,1.0,50.0,16,378,9161,6,0.0
97,1.0,0.0,2.9189999,1.0,2.0,8,29.92169888997671,29.92169888997671,no pobre,0,3,600.0,845.0,1.0,50.0,8,378,9162,2,1.0
98,1.0,0.0,2.9189999,1.0,3.0,8,29.92169888997671,29.92169888997671,no pobre,0,3,600.0,845.0,1.0,50.0,9,378,9162,2,1.0
97,1.0,0.0,2.9189999,1.0,2.0,4,29.92169888997671,29.92169888997671,pobre,0,6,1360.0,736.0,1.0,28.0,7,378,9163,2,1.0
98,1.0,0.0,2.9189999,1.0,3.0,4,29.92169888997671,29.92169888997671,pobre,0,6,1360.0,736.0,1.0,28.0,8,378,9163,2,1.0
97,0.0,0.0,2.1440001,1.0,0.0,5,33.79303696271848,33.79303696271848,pobre,basal,6,600.0,751.0,1.0,30.0,6,379,9164,0,1.0
98,0.0,0.0,2.1440001,1.0,1.0,5,33.79303696271848,33.79303696271848,pobre,basal,6,600.0,751.0,1.0,30.0,7,379,9164,0,1.0
97,1.0,0.0,2.9189999,1.0,6.0,6,29.92169888997671,29.92169888997671,no pobre,0,4,4000.0,815.0,1.0,36.0,15,378,9165,6,1.0
98,1.0,0.0,2.9189999,0.0,6.0,6,29.92169888997671,29.92169888997671,no pobre,0,4,4000.0,815.0,1.0,36.0,16,378,9165,6,1.0
97,1.0,0.0,2.9189999,1.0,5.0,6,29.92169888997671,29.92169888997671,no pobre,0,4,4000.0,815.0,1.0,36.0,13,378,9166,5,1.0
98,1.0,0.0,2.9189999,1.0,6.0,6,29.92169888997671,29.92169888997671,no pobre,0,4,4000.0,815.0,1.0,36.0,14,378,9166,5,1.0
97,0.0,0.0,2.9189999,1.0,4.0,8,29.92169888997671,29.92169888997671,pobre,0,0,0.0,747.0,1.0,77.0,9,378,9167,4,1.0
98,0.0,0.0,2.9189999,1.0,4.0,8,29.92169888997671,29.92169888997671,pobre,0,0,0.0,747.0,1.0,77.0,10,378,9167,4,1.0
97,1.0,0.0,2.9189999,1.0,1.0,8,29.92169888997671,29.92169888997671,pobre,0,0,0.0,747.0,1.0,77.0,8,378,9168,1,1.0
98,1.0,0.0,2.9189999,1.0,2.0,8,29.92169888997671,29.92169888997671,pobre,0,0,0.0,747.0,1.0,77.0,9,378,9168,1,1.0
97,1.0,0.0,2.9189999,1.0,0.0,8,29.92169888997671,29.92169888997671,pobre,0,0,0.0,747.0,1.0,77.0,7,378,9169,0,1.0
98,1.0,0.0,2.9189999,1.0,1.0,8,29.92169888997671,29.92169888997671,pobre,0,0,0.0,747.0,1.0,77.0,8,378,9169,0,1.0
97,0.0,0.0,2.9189999,0.0,6.0,6,29.92169888997671,29.92169888997671,pobre,0,5,83.333336,676.0,1.0,48.0,14,378,9170,6,0.0
98,0.0,0.0,2.9189999,0.0,6.0,6,29.92169888997671,29.92169888997671,pobre,0,5,83.333336,676.0,1.0,48.0,15,378,9170,6,0.0
97,1.0,0.0,2.9189999,1.0,4.0,6,29.92169888997671,29.92169888997671,pobre,0,5,83.333336,676.0,1.0,48.0,11,378,9171,4,1.0
98,1.0,0.0,2.9189999,1.0,5.0,6,29.92169888997671,29.92169888997671,pobre,0,5,83.333336,676.0,1.0,48.0,12,378,9171,4,1.0
97,1.0,0.0,2.9189999,1.0,4.0,6,29.92169888997671,29.92169888997671,pobre,0,5,83.333336,676.0,1.0,48.0,11,378,9172,4,1.0
98,1.0,0.0,2.9189999,1.0,4.0,6,29.92169888997671,29.92169888997671,pobre,0,5,83.333336,676.0,1.0,48.0,12,378,9172,4,1.0
97,0.0,0.0,2.1440001,1.0,3.0,6,33.79303696271848,33.79303696271848,no pobre,basal,4,1120.0,913.0,1.0,29.0,9,379,9173,3,1.0
98,0.0,0.0,2.1440001,1.0,4.0,6,33.79303696271848,33.79303696271848,no pobre,basal,4,1120.0,913.0,1.0,29.0,10,379,9173,3,1.0
97,0.0,0.0,2.1440001,1.0,2.0,6,33.79303696271848,33.79303696271848,no pobre,basal,4,1120.0,913.0,1.0,29.0,8,379,9174,2,1.0
98,0.0,0.0,2.1440001,1.0,3.0,6,33.79303696271848,33.79303696271848,no pobre,basal,4,1120.0,913.0,1.0,29.0,9,379,9174,2,1.0
97,0.0,0.0,2.1440001,0.0,6.0,8,33.79303696271848,33.79303696271848,pobre,basal,6,300.0,603.0,1.0,42.0,14,379,9175,6,0.0
98,0.0,0.0,2.1440001,0.0,6.0,8,33.79303696271848,33.79303696271848,pobre,basal,6,300.0,603.0,1.0,42.0,15,379,9175,6,0.0
97,1.0,0.0,2.1440001,0.0,3.0,6,33.79303696271848,33.79303696271848,pobre,basal,3,0.0,599.0,0.0,55.0,16,379,9176,3,0.0
98,1.0,0.0,2.1440001,,,6,33.79303696271848,33.79303696271848,pobre,basal,3,0.0,599.0,0.0,55.0,17,379,9176,3,0.0
97,0.0,0.0,2.1440001,1.0,2.0,6,33.79303696271848,33.79303696271848,pobre,basal,3,0.0,599.0,0.0,55.0,11,379,9177,2,1.0
98,0.0,0.0,2.1440001,1.0,3.0,6,33.79303696271848,33.79303696271848,pobre,basal,3,0.0,599.0,0.0,55.0,12,379,9177,2,1.0
97,1.0,0.0,2.1440001,1.0,2.0,7,33.79303696271848,33.79303696271848,no pobre,basal,1,1800.0,1002.0,1.0,49.0,12,379,9178,2,1.0
98,1.0,0.0,2.1440001,1.0,3.0,7,33.79303696271848,33.79303696271848,no pobre,basal,1,1800.0,1002.0,1.0,49.0,13,379,9178,2,1.0
97,0.0,0.0,2.1440001,1.0,3.0,7,33.79303696271848,33.79303696271848,no pobre,basal,1,1800.0,1002.0,1.0,49.0,10,379,9179,3,1.0
98,0.0,0.0,2.1440001,1.0,4.0,7,33.79303696271848,33.79303696271848,no pobre,basal,1,1800.0,1002.0,1.0,49.0,11,379,9179,3,1.0
97,0.0,0.0,2.1440001,1.0,2.0,7,33.79303696271848,33.79303696271848,no pobre,basal,1,1800.0,1002.0,1.0,49.0,10,379,9180,2,1.0
98,0.0,0.0,2.1440001,1.0,3.0,7,33.79303696271848,33.79303696271848,no pobre,basal,1,1800.0,1002.0,1.0,49.0,11,379,9180,2,1.0
97,0.0,0.0,2.1440001,0.0,7.0,5,33.79303696271848,33.79303696271848,no pobre,basal,8,720.0,1135.75,1.0,54.0,16,379,9181,7,0.0
98,0.0,0.0,2.1440001,,,5,33.79303696271848,33.79303696271848,no pobre,basal,8,720.0,1135.75,1.0,54.0,17,379,9181,7,0.0
97,0.0,0.0,2.1440001,1.0,4.0,5,33.79303696271848,33.79303696271848,no pobre,basal,8,720.0,1135.75,1.0,54.0,13,379,9182,4,1.0
98,0.0,0.0,2.1440001,1.0,5.0,5,33.79303696271848,33.79303696271848,no pobre,basal,8,720.0,1135.75,1.0,54.0,14,379,9182,4,1.0
97,0.0,0.0,2.9189999,1.0,1.0,5,29.92169888997671,29.92169888997671,no pobre,0,5,750.0,1001.5,1.0,28.0,10,378,9183,1,1.0
98,0.0,0.0,2.9189999,1.0,2.0,5,29.92169888997671,29.92169888997671,no pobre,0,5,750.0,1001.5,1.0,28.0,11,378,9183,1,1.0
97,1.0,0.0,2.9189999,1.0,6.0,5,29.92169888997671,29.92169888997671,no pobre,0,0,720.0,942.5,1.0,60.0,15,378,9184,6,1.0
98,1.0,0.0,2.9189999,1.0,8.0,5,29.92169888997671,29.92169888997671,no pobre,0,0,720.0,942.5,1.0,60.0,16,378,9184,6,1.0
97,0.0,0.0,2.1440001,1.0,3.0,5,33.79303696271848,33.79303696271848,no pobre,basal,3,750.0,907.5,1.0,44.0,10,379,9185,3,1.0
98,0.0,0.0,2.1440001,1.0,4.0,5,33.79303696271848,33.79303696271848,no pobre,basal,3,750.0,907.5,1.0,44.0,11,379,9185,3,1.0
97,1.0,0.0,2.1440001,1.0,8.0,10,33.79303696271848,33.79303696271848,no pobre,basal,0,720.0,820.0,1.0,57.0,14,379,9186,8,1.0
98,1.0,0.0,2.1440001,0.0,9.0,10,33.79303696271848,33.79303696271848,no pobre,basal,0,720.0,820.0,1.0,57.0,15,379,9186,8,1.0
97,0.0,0.0,2.9189999,0.0,6.0,9,29.92169888997671,29.92169888997671,pobre,0,8,3000.0,614.0,1.0,51.0,14,378,9187,6,0.0
98,0.0,0.0,2.9189999,0.0,6.0,9,29.92169888997671,29.92169888997671,pobre,0,8,3000.0,614.0,1.0,51.0,15,378,9187,6,0.0
97,1.0,0.0,2.9189999,1.0,5.0,9,29.92169888997671,29.92169888997671,pobre,0,8,3000.0,614.0,1.0,51.0,11,378,9188,5,1.0
98,1.0,0.0,2.9189999,1.0,5.0,9,29.92169888997671,29.92169888997671,pobre,0,8,3000.0,614.0,1.0,51.0,12,378,9188,5,1.0
97,1.0,0.0,2.9189999,1.0,3.0,9,29.92169888997671,29.92169888997671,pobre,0,8,3000.0,614.0,1.0,51.0,9,378,9189,3,1.0
98,1.0,0.0,2.9189999,1.0,4.0,9,29.92169888997671,29.92169888997671,pobre,0,8,3000.0,614.0,1.0,51.0,10,378,9189,3,1.0
97,0.0,0.0,2.9189999,0.0,3.0,6,29.92169888997671,29.92169888997671,pobre,0,3,750.0,490.0,1.0,30.0,12,378,9190,3,0.0
98,0.0,0.0,2.9189999,1.0,3.0,6,29.92169888997671,29.92169888997671,pobre,0,3,750.0,490.0,1.0,30.0,13,378,9190,3,0.0
97,1.0,0.0,2.9189999,1.0,1.0,6,29.92169888997671,29.92169888997671,pobre,0,3,750.0,490.0,1.0,30.0,7,378,9191,1,1.0
98,1.0,0.0,2.9189999,1.0,2.0,6,29.92169888997671,29.92169888997671,pobre,0,3,750.0,490.0,1.0,30.0,8,378,9191,1,1.0
97,0.0,0.0,2.9189999,,0.0,8,29.92169888997671,29.92169888997671,pobre,0,0,600.0,502.32999,1.0,35.0,14,378,9192,0,
98,0.0,0.0,2.9189999,0.0,6.0,8,29.92169888997671,29.92169888997671,pobre,0,0,600.0,502.32999,1.0,35.0,15,378,9192,0,
97,0.0,0.0,2.9189999,,0.0,8,29.92169888997671,29.92169888997671,pobre,0,0,600.0,502.32999,1.0,35.0,13,378,9193,0,
98,0.0,0.0,2.9189999,0.0,6.0,8,29.92169888997671,29.92169888997671,pobre,0,0,600.0,502.32999,1.0,35.0,14,378,9193,0,
97,0.0,0.0,2.9189999,1.0,3.0,8,29.92169888997671,29.92169888997671,pobre,0,0,600.0,502.32999,1.0,35.0,9,378,9194,3,1.0
98,0.0,0.0,2.9189999,1.0,3.0,8,29.92169888997671,29.92169888997671,pobre,0,0,600.0,502.32999,1.0,35.0,10,378,9194,3,1.0
97,1.0,0.0,2.9189999,,0.0,8,29.92169888997671,29.92169888997671,pobre,0,0,600.0,502.32999,1.0,35.0,8,378,9195,0,
98,1.0,0.0,2.9189999,1.0,2.0,8,29.92169888997671,29.92169888997671,pobre,0,0,600.0,502.32999,1.0,35.0,9,378,9195,0,
97,1.0,0.0,2.9189999,,0.0,8,29.92169888997671,29.92169888997671,pobre,0,0,600.0,502.32999,1.0,35.0,6,378,9196,0,
98,1.0,0.0,2.9189999,1.0,0.0,8,29.92169888997671,29.92169888997671,pobre,0,0,600.0,502.32999,1.0,35.0,7,378,9196,0,
97,1.0,0.0,2.9189999,0.0,6.0,7,29.92169888997671,29.92169888997671,pobre,0,2,400.0,760.5,0.0,40.0,15,378,9197,6,0.0
98,1.0,0.0,2.9189999,,,7,29.92169888997671,29.92169888997671,pobre,0,2,400.0,760.5,0.0,40.0,16,378,9197,6,0.0
97,1.0,0.0,2.9189999,0.0,6.0,7,29.92169888997671,29.92169888997671,pobre,0,2,400.0,760.5,0.0,40.0,13,378,9198,6,0.0
98,1.0,0.0,2.9189999,,,7,29.92169888997671,29.92169888997671,pobre,0,2,400.0,760.5,0.0,40.0,14,378,9198,6,0.0
97,0.0,0.0,2.9189999,1.0,1.0,7,29.92169888997671,29.92169888997671,pobre,0,2,400.0,760.5,0.0,40.0,7,378,9199,1,1.0
98,0.0,0.0,2.9189999,,,7,29.92169888997671,29.92169888997671,pobre,0,2,400.0,760.5,0.0,40.0,8,378,9199,1,1.0
97,0.0,0.0,2.6670001,1.0,1.0,6,31.47260644828401,31.47260644828401,no pobre,0,1,800.0,814.0,1.0,38.0,6,377,9200,1,1.0
98,0.0,0.0,2.6670001,1.0,2.0,6,31.47260644828401,31.47260644828401,no pobre,0,1,800.0,814.0,1.0,38.0,7,377,9200,1,1.0
97,1.0,0.0,2.6670001,1.0,0.0,6,31.47260644828401,31.47260644828401,no pobre,0,1,800.0,814.0,1.0,38.0,6,377,9201,0,1.0
98,1.0,0.0,2.6670001,1.0,1.0,6,31.47260644828401,31.47260644828401,no pobre,0,1,800.0,814.0,1.0,38.0,7,377,9201,0,1.0
97,0.0,0.0,2.6670001,1.0,1.0,7,31.47260644828401,31.47260644828401,pobre,0,0,600.0,522.0,1.0,46.0,8,377,9202,1,1.0
98,0.0,0.0,2.6670001,1.0,2.0,7,31.47260644828401,31.47260644828401,pobre,0,0,600.0,522.0,1.0,46.0,9,377,9202,1,1.0
97,1.0,0.0,2.9189999,0.0,5.0,6,29.92169888997671,29.92169888997671,pobre,0,2,800.0,499.0,1.0,34.0,13,378,9203,5,0.0
98,1.0,0.0,2.9189999,1.0,5.0,6,29.92169888997671,29.92169888997671,pobre,0,2,800.0,499.0,1.0,34.0,14,378,9203,5,0.0
97,0.0,0.0,2.9189999,0.0,4.0,6,29.92169888997671,29.92169888997671,pobre,0,2,800.0,499.0,1.0,34.0,12,378,9204,4,0.0
98,0.0,0.0,2.9189999,0.0,3.0,6,29.92169888997671,29.92169888997671,pobre,0,2,800.0,499.0,1.0,34.0,13,378,9204,4,0.0
97,0.0,0.0,2.9189999,1.0,2.0,6,29.92169888997671,29.92169888997671,pobre,0,2,800.0,499.0,1.0,34.0,9,378,9205,2,1.0
98,0.0,0.0,2.9189999,1.0,2.0,6,29.92169888997671,29.92169888997671,pobre,0,2,800.0,499.0,1.0,34.0,10,378,9205,2,1.0
97,0.0,0.0,2.9189999,1.0,0.0,6,29.92169888997671,29.92169888997671,pobre,0,2,800.0,499.0,1.0,34.0,6,378,9206,0,1.0
98,0.0,0.0,2.9189999,1.0,0.0,6,29.92169888997671,29.92169888997671,pobre,0,2,800.0,499.0,1.0,34.0,7,378,9206,0,1.0
97,0.0,0.0,2.9189999,1.0,2.0,5,29.92169888997671,29.92169888997671,pobre,0,0,600.0,687.0,1.0,30.0,8,378,9207,2,1.0
98,0.0,0.0,2.9189999,1.0,3.0,5,29.92169888997671,29.92169888997671,pobre,0,0,600.0,687.0,1.0,30.0,9,378,9207,2,1.0
97,1.0,0.0,2.9189999,,0.0,6,29.92169888997671,29.92169888997671,pobre,0,0,750.0,633.0,1.0,27.0,6,378,9208,0,
98,1.0,0.0,2.9189999,1.0,1.0,6,29.92169888997671,29.92169888997671,pobre,0,0,750.0,633.0,1.0,27.0,7,378,9208,0,
97,1.0,0.0,2.6670001,1.0,7.0,6,31.47260644828401,31.47260644828401,no pobre,0,0,0.0,786.0,1.0,55.0,14,377,9209,7,1.0
98,1.0,0.0,2.6670001,1.0,8.0,6,31.47260644828401,31.47260644828401,no pobre,0,0,0.0,786.0,1.0,55.0,15,377,9209,7,1.0
97,0.0,0.0,2.6670001,1.0,3.0,6,31.47260644828401,31.47260644828401,no pobre,0,0,0.0,786.0,1.0,55.0,9,377,9210,3,1.0
98,0.0,0.0,2.6670001,1.0,4.0,6,31.47260644828401,31.47260644828401,no pobre,0,0,0.0,786.0,1.0,55.0,10,377,9210,3,1.0
97,1.0,0.0,2.6670001,1.0,6.0,7,31.47260644828401,31.47260644828401,no pobre,0,3,1000.0,868.0,1.0,32.0,12,377,9211,6,1.0
98,1.0,0.0,2.6670001,1.0,7.0,7,31.47260644828401,31.47260644828401,no pobre,0,3,1000.0,868.0,1.0,32.0,13,377,9211,6,1.0
97,0.0,0.0,2.6670001,1.0,3.0,7,31.47260644828401,31.47260644828401,no pobre,0,3,1000.0,868.0,1.0,32.0,10,377,9212,3,1.0
98,0.0,0.0,2.6670001,1.0,4.0,7,31.47260644828401,31.47260644828401,no pobre,0,3,1000.0,868.0,1.0,32.0,11,377,9212,3,1.0
97,1.0,0.0,2.6670001,1.0,1.0,7,31.47260644828401,31.47260644828401,no pobre,0,3,1000.0,868.0,1.0,32.0,7,377,9213,1,1.0
98,1.0,0.0,2.6670001,1.0,2.0,7,31.47260644828401,31.47260644828401,no pobre,0,3,1000.0,868.0,1.0,32.0,8,377,9213,1,1.0
97,0.0,0.0,2.6670001,1.0,5.0,7,31.47260644828401,31.47260644828401,no pobre,0,1,0.0,814.0,1.0,44.0,12,377,9214,5,1.0
98,0.0,0.0,2.6670001,1.0,6.0,7,31.47260644828401,31.47260644828401,no pobre,0,1,0.0,814.0,1.0,44.0,13,377,9214,5,1.0
97,1.0,0.0,2.6670001,1.0,1.0,7,31.47260644828401,31.47260644828401,no pobre,0,1,0.0,814.0,1.0,44.0,9,377,9215,1,1.0
98,1.0,0.0,2.6670001,1.0,2.0,7,31.47260644828401,31.47260644828401,no pobre,0,1,0.0,814.0,1.0,44.0,10,377,9215,1,1.0
97,0.0,0.0,2.6670001,0.0,6.0,10,31.47260644828401,31.47260644828401,no pobre,0,4,1000.0,653.0,1.0,35.0,15,377,9216,6,0.0
98,0.0,0.0,2.6670001,0.0,6.0,10,31.47260644828401,31.47260644828401,no pobre,0,4,1000.0,653.0,1.0,35.0,16,377,9216,6,0.0
97,1.0,0.0,2.6670001,1.0,8.0,10,31.47260644828401,31.47260644828401,no pobre,0,4,1000.0,653.0,1.0,35.0,14,377,9217,8,1.0
98,1.0,0.0,2.6670001,1.0,8.0,10,31.47260644828401,31.47260644828401,no pobre,0,4,1000.0,653.0,1.0,35.0,15,377,9217,8,1.0
97,1.0,0.0,2.6670001,1.0,6.0,10,31.47260644828401,31.47260644828401,no pobre,0,4,1000.0,653.0,1.0,35.0,13,377,9218,6,1.0
98,1.0,0.0,2.6670001,1.0,7.0,10,31.47260644828401,31.47260644828401,no pobre,0,4,1000.0,653.0,1.0,35.0,14,377,9218,6,1.0
97,0.0,0.0,2.6670001,1.0,4.0,10,31.47260644828401,31.47260644828401,no pobre,0,4,1000.0,653.0,1.0,35.0,11,377,9219,4,1.0
98,0.0,0.0,2.6670001,1.0,5.0,10,31.47260644828401,31.47260644828401,no pobre,0,4,1000.0,653.0,1.0,35.0,12,377,9219,4,1.0
97,0.0,0.0,2.6670001,1.0,2.0,10,31.47260644828401,31.47260644828401,no pobre,0,4,1000.0,653.0,1.0,35.0,9,377,9220,2,1.0
98,0.0,0.0,2.6670001,1.0,2.0,10,31.47260644828401,31.47260644828401,no pobre,0,4,1000.0,653.0,1.0,35.0,10,377,9220,2,1.0
97,0.0,0.0,2.6670001,1.0,0.0,10,31.47260644828401,31.47260644828401,no pobre,0,4,1000.0,653.0,1.0,35.0,6,377,9221,0,1.0
98,0.0,0.0,2.6670001,1.0,0.0,10,31.47260644828401,31.47260644828401,no pobre,0,4,1000.0,653.0,1.0,35.0,7,377,9221,0,1.0
97,1.0,0.0,2.9189999,0.0,3.0,9,29.92169888997671,29.92169888997671,pobre,0,2,600.0,731.5,1.0,40.0,16,378,9222,3,0.0
98,1.0,0.0,2.9189999,0.0,9.0,9,29.92169888997671,29.92169888997671,pobre,0,2,600.0,731.5,1.0,40.0,17,378,9222,3,0.0
97,1.0,0.0,2.9189999,1.0,7.0,9,29.92169888997671,29.92169888997671,pobre,0,2,600.0,731.5,1.0,40.0,13,378,9223,7,1.0
98,1.0,0.0,2.9189999,1.0,8.0,9,29.92169888997671,29.92169888997671,pobre,0,2,600.0,731.5,1.0,40.0,14,378,9223,7,1.0
97,0.0,0.0,2.9189999,1.0,4.0,9,29.92169888997671,29.92169888997671,pobre,0,2,600.0,731.5,1.0,40.0,11,378,9224,4,1.0
98,0.0,0.0,2.9189999,1.0,5.0,9,29.92169888997671,29.92169888997671,pobre,0,2,600.0,731.5,1.0,40.0,12,378,9224,4,1.0
97,1.0,0.0,2.9189999,1.0,2.0,9,29.92169888997671,29.92169888997671,pobre,0,2,600.0,731.5,1.0,40.0,9,378,9225,2,1.0
98,1.0,0.0,2.9189999,1.0,3.0,9,29.92169888997671,29.92169888997671,pobre,0,2,600.0,731.5,1.0,40.0,10,378,9225,2,1.0
97,1.0,0.0,2.9189999,1.0,2.0,9,29.92169888997671,29.92169888997671,pobre,0,2,600.0,731.5,1.0,40.0,8,378,9226,2,1.0
98,1.0,0.0,2.9189999,1.0,3.0,9,29.92169888997671,29.92169888997671,pobre,0,2,600.0,731.5,1.0,40.0,9,378,9226,2,1.0
97,0.0,0.0,2.9189999,0.0,6.0,15,29.92169888997671,29.92169888997671,pobre,0,2,625.0,702.0,1.0,47.0,14,378,9227,6,0.0
98,0.0,0.0,2.9189999,,,15,29.92169888997671,29.92169888997671,pobre,0,2,625.0,702.0,1.0,47.0,15,378,9227,6,0.0
97,0.0,0.0,2.9189999,1.0,5.0,15,29.92169888997671,29.92169888997671,pobre,0,2,625.0,702.0,1.0,47.0,13,378,9228,5,1.0
98,0.0,0.0,2.9189999,0.0,6.0,15,29.92169888997671,29.92169888997671,pobre,0,2,625.0,702.0,1.0,47.0,14,378,9228,5,1.0
97,1.0,0.0,2.9189999,1.0,2.0,15,29.92169888997671,29.92169888997671,pobre,0,2,625.0,702.0,1.0,47.0,11,378,9229,2,1.0
98,1.0,0.0,2.9189999,0.0,3.0,15,29.92169888997671,29.92169888997671,pobre,0,2,625.0,702.0,1.0,47.0,12,378,9229,2,1.0
97,1.0,0.0,2.9189999,1.0,2.0,15,29.92169888997671,29.92169888997671,pobre,0,2,625.0,702.0,1.0,47.0,9,378,9230,2,1.0
98,1.0,0.0,2.9189999,1.0,3.0,15,29.92169888997671,29.92169888997671,pobre,0,2,625.0,702.0,1.0,47.0,10,378,9230,2,1.0
97,1.0,0.0,2.9189999,1.0,1.0,15,29.92169888997671,29.92169888997671,pobre,0,2,625.0,702.0,1.0,47.0,7,378,9231,1,1.0
98,1.0,0.0,2.9189999,1.0,1.0,15,29.92169888997671,29.92169888997671,pobre,0,2,625.0,702.0,1.0,47.0,8,378,9231,1,1.0
97,0.0,0.0,2.9189999,1.0,1.0,6,29.92169888997671,29.92169888997671,pobre,0,0,600.0,535.0,1.0,32.0,10,378,9232,1,1.0
98,0.0,0.0,2.9189999,0.0,2.0,6,29.92169888997671,29.92169888997671,pobre,0,0,600.0,535.0,1.0,32.0,11,378,9232,1,1.0
97,1.0,0.0,2.9189999,1.0,1.0,6,29.92169888997671,29.92169888997671,pobre,0,0,600.0,535.0,1.0,32.0,8,378,9233,1,1.0
98,1.0,0.0,2.9189999,1.0,0.0,6,29.92169888997671,29.92169888997671,pobre,0,0,600.0,535.0,1.0,32.0,9,378,9233,1,1.0
97,1.0,0.0,2.6670001,1.0,2.0,2,31.47260644828401,31.47260644828401,pobre,0,0,0.0,803.0,0.0,72.0,9,377,9234,2,1.0
98,1.0,0.0,2.6670001,,,2,31.47260644828401,31.47260644828401,pobre,0,0,0.0,803.0,0.0,72.0,10,377,9234,2,1.0
97,1.0,0.0,2.6670001,0.0,6.0,9,31.47260644828401,31.47260644828401,no pobre,0,0,0.0,1078.6,1.0,52.0,16,377,9235,6,0.0
98,1.0,0.0,2.6670001,,,9,31.47260644828401,31.47260644828401,no pobre,0,0,0.0,1078.6,1.0,52.0,17,377,9235,6,0.0
97,1.0,0.0,2.6670001,1.0,4.0,9,31.47260644828401,31.47260644828401,no pobre,0,0,0.0,1078.6,1.0,52.0,16,377,9236,4,1.0
98,1.0,0.0,2.6670001,,,9,31.47260644828401,31.47260644828401,no pobre,0,0,0.0,1078.6,1.0,52.0,17,377,9236,4,1.0
97,1.0,0.0,2.6670001,1.0,3.0,9,31.47260644828401,31.47260644828401,no pobre,0,0,0.0,1078.6,1.0,52.0,11,377,9237,3,1.0
98,1.0,0.0,2.6670001,1.0,4.0,9,31.47260644828401,31.47260644828401,no pobre,0,0,0.0,1078.6,1.0,52.0,12,377,9237,3,1.0
97,1.0,0.0,2.6670001,1.0,1.0,9,31.47260644828401,31.47260644828401,no pobre,0,0,0.0,1078.6,1.0,52.0,8,377,9238,1,1.0
98,1.0,0.0,2.6670001,1.0,2.0,9,31.47260644828401,31.47260644828401,no pobre,0,0,0.0,1078.6,1.0,52.0,9,377,9238,1,1.0
97,0.0,0.0,2.9189999,1.0,1.0,7,29.92169888997671,29.92169888997671,pobre,0,2,1000.0,605.0,1.0,41.0,8,378,9239,1,1.0
98,0.0,0.0,2.9189999,1.0,2.0,7,29.92169888997671,29.92169888997671,pobre,0,2,1000.0,605.0,1.0,41.0,9,378,9239,1,1.0
97,0.0,0.0,2.9189999,1.0,0.0,7,29.92169888997671,29.92169888997671,pobre,0,2,1000.0,605.0,1.0,41.0,6,378,9240,0,1.0
98,0.0,0.0,2.9189999,1.0,1.0,7,29.92169888997671,29.92169888997671,pobre,0,2,1000.0,605.0,1.0,41.0,7,378,9240,0,1.0
97,0.0,0.0,2.9189999,0.0,6.0,9,29.92169888997671,29.92169888997671,no pobre,0,3,1200.0,858.52002,1.0,46.0,16,378,9241,6,0.0
98,0.0,0.0,2.9189999,0.0,6.0,9,29.92169888997671,29.92169888997671,no pobre,0,3,1200.0,858.52002,1.0,46.0,17,378,9241,6,0.0
97,0.0,0.0,2.9189999,0.0,6.0,9,29.92169888997671,29.92169888997671,no pobre,0,3,1200.0,858.52002,1.0,46.0,15,378,9242,6,0.0
98,0.0,0.0,2.9189999,0.0,6.0,9,29.92169888997671,29.92169888997671,no pobre,0,3,1200.0,858.52002,1.0,46.0,16,378,9242,6,0.0
97,1.0,0.0,2.9189999,1.0,4.0,9,29.92169888997671,29.92169888997671,no pobre,0,3,1200.0,858.52002,1.0,46.0,11,378,9243,4,1.0
98,1.0,0.0,2.9189999,1.0,5.0,9,29.92169888997671,29.92169888997671,no pobre,0,3,1200.0,858.52002,1.0,46.0,12,378,9243,4,1.0
97,0.0,0.0,2.9189999,1.0,0.0,9,29.92169888997671,29.92169888997671,no pobre,0,3,1200.0,858.52002,1.0,46.0,7,378,9244,0,1.0
98,0.0,0.0,2.9189999,1.0,1.0,9,29.92169888997671,29.92169888997671,no pobre,0,3,1200.0,858.52002,1.0,46.0,8,378,9244,0,1.0
97,1.0,0.0,2.6670001,1.0,2.0,7,31.47260644828401,31.47260644828401,pobre,0,0,875.0,611.0,1.0,34.0,9,377,9245,2,1.0
98,1.0,0.0,2.6670001,1.0,3.0,7,31.47260644828401,31.47260644828401,pobre,0,0,875.0,611.0,1.0,34.0,10,377,9245,2,1.0
97,0.0,0.0,2.6670001,1.0,0.0,7,31.47260644828401,31.47260644828401,pobre,0,0,875.0,611.0,1.0,34.0,7,377,9246,0,1.0
98,0.0,0.0,2.6670001,1.0,1.0,7,31.47260644828401,31.47260644828401,pobre,0,0,875.0,611.0,1.0,34.0,8,377,9246,0,1.0
97,0.0,0.0,2.6670001,1.0,0.0,7,31.47260644828401,31.47260644828401,pobre,0,0,875.0,611.0,1.0,34.0,6,377,9247,0,1.0
98,0.0,0.0,2.6670001,1.0,1.0,7,31.47260644828401,31.47260644828401,pobre,0,0,875.0,611.0,1.0,34.0,7,377,9247,0,1.0
97,1.0,0.0,2.9189999,1.0,2.0,5,29.92169888997671,29.92169888997671,pobre,0,6,1000.0,733.77002,1.0,27.0,7,378,9248,2,1.0
98,1.0,0.0,2.9189999,1.0,1.0,5,29.92169888997671,29.92169888997671,pobre,0,6,1000.0,733.77002,1.0,27.0,8,378,9248,2,1.0
97,1.0,0.0,2.9189999,1.0,1.0,5,29.92169888997671,29.92169888997671,pobre,0,6,1000.0,733.77002,1.0,27.0,6,378,9249,1,1.0
98,1.0,0.0,2.9189999,1.0,1.0,5,29.92169888997671,29.92169888997671,pobre,0,6,1000.0,733.77002,1.0,27.0,7,378,9249,1,1.0
97,1.0,0.0,2.6670001,1.0,4.0,4,31.47260644828401,31.47260644828401,pobre,0,6,200.0,736.0,1.0,28.0,10,377,9250,4,1.0
98,1.0,0.0,2.6670001,1.0,5.0,4,31.47260644828401,31.47260644828401,pobre,0,6,200.0,736.0,1.0,28.0,11,377,9250,4,1.0
97,1.0,0.0,2.6670001,0.0,4.0,5,31.47260644828401,31.47260644828401,pobre,0,0,0.0,598.0,1.0,72.0,9,377,9251,4,0.0
98,1.0,0.0,2.6670001,,,5,31.47260644828401,31.47260644828401,pobre,0,0,0.0,598.0,1.0,72.0,10,377,9251,4,0.0
97,0.0,0.0,2.6670001,0.0,0.0,5,31.47260644828401,31.47260644828401,pobre,0,0,0.0,598.0,1.0,72.0,6,377,9252,0,0.0
98,0.0,0.0,2.6670001,,,5,31.47260644828401,31.47260644828401,pobre,0,0,0.0,598.0,1.0,72.0,7,377,9252,0,0.0
97,1.0,0.0,2.6670001,1.0,4.0,4,31.47260644828401,31.47260644828401,pobre,0,0,0.0,673.0,1.0,78.0,10,377,9253,4,1.0
98,1.0,0.0,2.6670001,1.0,5.0,4,31.47260644828401,31.47260644828401,pobre,0,0,0.0,673.0,1.0,78.0,11,377,9253,4,1.0
97,1.0,0.0,2.6670001,0.0,4.0,8,31.47260644828401,31.47260644828401,pobre,0,0,400.0,536.0,1.0,44.0,15,377,9254,4,0.0
98,1.0,0.0,2.6670001,0.0,4.0,8,31.47260644828401,31.47260644828401,pobre,0,0,400.0,536.0,1.0,44.0,16,377,9254,4,0.0
97,1.0,0.0,2.6670001,1.0,3.0,8,31.47260644828401,31.47260644828401,pobre,0,0,400.0,536.0,1.0,44.0,10,377,9255,3,1.0
98,1.0,0.0,2.6670001,1.0,4.0,8,31.47260644828401,31.47260644828401,pobre,0,0,400.0,536.0,1.0,44.0,11,377,9255,3,1.0
97,1.0,0.0,2.6670001,1.0,1.0,8,31.47260644828401,31.47260644828401,pobre,0,0,400.0,536.0,1.0,44.0,8,377,9256,1,1.0
98,1.0,0.0,2.6670001,1.0,1.0,8,31.47260644828401,31.47260644828401,pobre,0,0,400.0,536.0,1.0,44.0,9,377,9256,1,1.0
97,1.0,0.0,2.6670001,0.0,6.0,8,31.47260644828401,31.47260644828401,no pobre,0,1,0.0,899.0,1.0,60.0,16,377,9257,6,0.0
98,1.0,0.0,2.6670001,0.0,6.0,8,31.47260644828401,31.47260644828401,no pobre,0,1,0.0,899.0,1.0,60.0,17,377,9257,6,0.0
97,1.0,0.0,2.6670001,0.0,6.0,8,31.47260644828401,31.47260644828401,no pobre,0,1,0.0,899.0,1.0,60.0,15,377,9258,6,0.0
98,1.0,0.0,2.6670001,0.0,6.0,8,31.47260644828401,31.47260644828401,no pobre,0,1,0.0,899.0,1.0,60.0,16,377,9258,6,0.0
97,1.0,0.0,2.6670001,1.0,4.0,8,31.47260644828401,31.47260644828401,no pobre,0,1,0.0,899.0,1.0,60.0,14,377,9259,4,1.0
98,1.0,0.0,2.6670001,1.0,5.0,8,31.47260644828401,31.47260644828401,no pobre,0,1,0.0,899.0,1.0,60.0,15,377,9259,4,1.0
97,0.0,0.0,2.6670001,0.0,6.0,9,31.47260644828401,31.47260644828401,pobre,0,0,0.0,727.0,1.0,40.0,15,377,9260,6,0.0
98,0.0,0.0,2.6670001,0.0,6.0,9,31.47260644828401,31.47260644828401,pobre,0,0,0.0,727.0,1.0,40.0,16,377,9260,6,0.0
97,0.0,0.0,2.6670001,1.0,5.0,9,31.47260644828401,31.47260644828401,pobre,0,0,0.0,727.0,1.0,40.0,14,377,9261,5,1.0
98,0.0,0.0,2.6670001,0.0,6.0,9,31.47260644828401,31.47260644828401,pobre,0,0,0.0,727.0,1.0,40.0,15,377,9261,5,1.0
97,1.0,0.0,2.6670001,1.0,4.0,9,31.47260644828401,31.47260644828401,pobre,0,0,0.0,727.0,1.0,40.0,10,377,9262,4,1.0
98,1.0,0.0,2.6670001,1.0,5.0,9,31.47260644828401,31.47260644828401,pobre,0,0,0.0,727.0,1.0,40.0,11,377,9262,4,1.0
97,0.0,0.0,2.6670001,1.0,3.0,9,31.47260644828401,31.47260644828401,pobre,0,0,0.0,727.0,1.0,40.0,10,377,9263,3,1.0
98,0.0,0.0,2.6670001,1.0,4.0,9,31.47260644828401,31.47260644828401,pobre,0,0,0.0,727.0,1.0,40.0,11,377,9263,3,1.0
97,0.0,0.0,2.6670001,1.0,1.0,9,31.47260644828401,31.47260644828401,pobre,0,0,0.0,727.0,1.0,40.0,7,377,9264,1,1.0
98,0.0,0.0,2.6670001,1.0,1.0,9,31.47260644828401,31.47260644828401,pobre,0,0,0.0,727.0,1.0,40.0,8,377,9264,1,1.0
97,0.0,0.0,2.6670001,1.0,7.0,7,31.47260644828401,31.47260644828401,no pobre,0,0,0.0,843.0,1.0,63.0,15,377,9265,7,1.0
98,0.0,0.0,2.6670001,1.0,8.0,7,31.47260644828401,31.47260644828401,no pobre,0,0,0.0,843.0,1.0,63.0,16,377,9265,7,1.0
97,0.0,0.0,2.6670001,1.0,7.0,7,31.47260644828401,31.47260644828401,no pobre,0,0,0.0,843.0,1.0,63.0,12,377,9266,7,1.0
98,0.0,0.0,2.6670001,1.0,8.0,7,31.47260644828401,31.47260644828401,no pobre,0,0,0.0,843.0,1.0,63.0,13,377,9266,7,1.0
97,1.0,0.0,2.6670001,1.0,4.0,7,31.47260644828401,31.47260644828401,no pobre,0,0,0.0,843.0,1.0,63.0,9,377,9267,4,1.0
98,1.0,0.0,2.6670001,1.0,5.0,7,31.47260644828401,31.47260644828401,no pobre,0,0,0.0,843.0,1.0,63.0,10,377,9267,4,1.0
97,1.0,0.0,0.0,1.0,8.0,4,147.8817569696666,179.6205427503714,no pobre,0,0,750.0,864.0,1.0,51.0,15,359,9268,8,1.0
98,1.0,0.0,0.0,0.0,9.0,4,147.8817569696666,179.6205427503714,no pobre,0,0,750.0,864.0,1.0,51.0,16,359,9268,8,1.0
97,1.0,0.0,0.0,1.0,7.0,5,147.8817569696666,179.6205427503714,no pobre,0,3,750.0,856.0,1.0,44.0,13,359,9269,7,1.0
98,1.0,0.0,0.0,1.0,8.0,5,147.8817569696666,179.6205427503714,no pobre,0,3,750.0,856.0,1.0,44.0,14,359,9269,7,1.0
97,1.0,0.0,0.0,1.0,6.0,5,147.8817569696666,179.6205427503714,no pobre,0,3,750.0,856.0,1.0,44.0,12,359,9270,6,1.0
98,1.0,0.0,0.0,1.0,7.0,5,147.8817569696666,179.6205427503714,no pobre,0,3,750.0,856.0,1.0,44.0,13,359,9270,6,1.0
97,1.0,0.0,0.0,1.0,5.0,5,147.8817569696666,179.6205427503714,no pobre,0,3,750.0,856.0,1.0,44.0,11,359,9271,5,1.0
98,1.0,0.0,0.0,1.0,6.0,5,147.8817569696666,179.6205427503714,no pobre,0,3,750.0,856.0,1.0,44.0,12,359,9271,5,1.0
97,1.0,0.0,0.0,1.0,2.0,3,147.8817569696666,179.6205427503714,no pobre,0,2,750.0,1022.5,1.0,32.0,8,359,9272,2,1.0
98,1.0,0.0,0.0,1.0,3.0,3,147.8817569696666,179.6205427503714,no pobre,0,2,750.0,1022.5,1.0,32.0,9,359,9272,2,1.0
97,1.0,0.0,0.0,1.0,0.0,4,147.8817569696666,179.6205427503714,no pobre,0,5,625.0,1087.0,1.0,31.0,6,359,9273,0,1.0
98,1.0,0.0,0.0,1.0,1.0,4,147.8817569696666,179.6205427503714,no pobre,0,5,625.0,1087.0,1.0,31.0,7,359,9273,0,1.0
97,0.0,0.0,0.0,1.0,0.0,4,147.8817569696666,179.6205427503714,no pobre,0,5,625.0,1087.0,1.0,31.0,6,359,9274,0,1.0
98,0.0,0.0,0.0,1.0,1.0,4,147.8817569696666,179.6205427503714,no pobre,0,5,625.0,1087.0,1.0,31.0,7,359,9274,0,1.0
97,1.0,0.0,0.0,,0.0,3,147.8817569696666,179.6205427503714,pobre,0,0,750.0,625.33002,1.0,45.0,6,359,9275,0,
98,1.0,0.0,0.0,1.0,2.0,3,147.8817569696666,179.6205427503714,pobre,0,0,750.0,625.33002,1.0,45.0,7,359,9275,0,
97,1.0,0.0,0.0,1.0,5.0,7,147.8817569696666,179.6205427503714,pobre,0,3,750.0,651.0,1.0,42.0,14,359,9276,5,1.0
98,1.0,0.0,0.0,1.0,6.0,7,147.8817569696666,179.6205427503714,pobre,0,3,750.0,651.0,1.0,42.0,15,359,9276,5,1.0
97,1.0,0.0,0.0,1.0,4.0,7,147.8817569696666,179.6205427503714,pobre,0,3,750.0,651.0,1.0,42.0,11,359,9277,4,1.0
98,1.0,0.0,0.0,1.0,5.0,7,147.8817569696666,179.6205427503714,pobre,0,3,750.0,651.0,1.0,42.0,12,359,9277,4,1.0
97,0.0,0.0,0.0,1.0,1.0,7,147.8817569696666,179.6205427503714,pobre,0,3,750.0,651.0,1.0,42.0,7,359,9278,1,1.0
98,0.0,0.0,0.0,1.0,2.0,7,147.8817569696666,179.6205427503714,pobre,0,3,750.0,651.0,1.0,42.0,8,359,9278,1,1.0
97,0.0,0.0,0.0,1.0,8.0,5,147.8817569696666,179.6205427503714,no pobre,0,5,0.0,840.0,1.0,39.0,15,359,9279,8,1.0
98,0.0,0.0,0.0,0.0,9.0,5,147.8817569696666,179.6205427503714,no pobre,0,5,0.0,840.0,1.0,39.0,16,359,9279,8,1.0
97,0.0,0.0,0.0,1.0,7.0,5,147.8817569696666,179.6205427503714,no pobre,0,5,0.0,840.0,1.0,39.0,13,359,9280,7,1.0
98,0.0,0.0,0.0,1.0,8.0,5,147.8817569696666,179.6205427503714,no pobre,0,5,0.0,840.0,1.0,39.0,14,359,9280,7,1.0
97,0.0,0.0,0.0,1.0,6.0,5,147.8817569696666,179.6205427503714,no pobre,0,5,0.0,840.0,1.0,39.0,12,359,9281,6,1.0
98,0.0,0.0,0.0,1.0,7.0,5,147.8817569696666,179.6205427503714,no pobre,0,5,0.0,840.0,1.0,39.0,13,359,9281,6,1.0
97,0.0,0.0,0.0,1.0,8.0,10,147.8817569696666,179.6205427503714,pobre,0,6,0.0,646.0,1.0,39.0,14,359,9282,8,1.0
98,0.0,0.0,0.0,0.0,9.0,10,147.8817569696666,179.6205427503714,pobre,0,6,0.0,646.0,1.0,39.0,15,359,9282,8,1.0
97,0.0,0.0,0.0,1.0,7.0,10,147.8817569696666,179.6205427503714,pobre,0,6,0.0,646.0,1.0,39.0,13,359,9283,7,1.0
98,0.0,0.0,0.0,1.0,8.0,10,147.8817569696666,179.6205427503714,pobre,0,6,0.0,646.0,1.0,39.0,14,359,9283,7,1.0
97,0.0,0.0,0.0,1.0,4.0,10,147.8817569696666,179.6205427503714,pobre,0,6,0.0,646.0,1.0,39.0,10,359,9284,4,1.0
98,0.0,0.0,0.0,1.0,5.0,10,147.8817569696666,179.6205427503714,pobre,0,6,0.0,646.0,1.0,39.0,11,359,9284,4,1.0
97,0.0,0.0,0.0,1.0,2.0,10,147.8817569696666,179.6205427503714,pobre,0,6,0.0,646.0,1.0,39.0,8,359,9285,2,1.0
98,0.0,0.0,0.0,1.0,3.0,10,147.8817569696666,179.6205427503714,pobre,0,6,0.0,646.0,1.0,39.0,9,359,9285,2,1.0
97,1.0,0.0,0.0,1.0,0.0,10,147.8817569696666,179.6205427503714,pobre,0,6,0.0,646.0,1.0,39.0,6,359,9286,0,1.0
98,1.0,0.0,0.0,1.0,1.0,10,147.8817569696666,179.6205427503714,pobre,0,6,0.0,646.0,1.0,39.0,7,359,9286,0,1.0
97,1.0,0.0,0.0,0.0,9.0,7,147.8817569696666,179.6205427503714,no pobre,0,4,750.0,1183.0,1.0,40.0,15,359,9287,9,0.0
98,1.0,0.0,0.0,,,7,147.8817569696666,179.6205427503714,no pobre,0,4,750.0,1183.0,1.0,40.0,16,359,9287,9,0.0
97,1.0,0.0,0.0,1.0,8.0,7,147.8817569696666,179.6205427503714,no pobre,0,4,750.0,1183.0,1.0,40.0,15,359,9288,8,1.0
98,1.0,0.0,0.0,1.0,9.0,7,147.8817569696666,179.6205427503714,no pobre,0,4,750.0,1183.0,1.0,40.0,16,359,9288,8,1.0
97,1.0,0.0,0.0,1.0,4.0,7,147.8817569696666,179.6205427503714,no pobre,0,4,750.0,1183.0,1.0,40.0,10,359,9289,4,1.0
98,1.0,0.0,0.0,1.0,5.0,7,147.8817569696666,179.6205427503714,no pobre,0,4,750.0,1183.0,1.0,40.0,11,359,9289,4,1.0
97,0.0,0.0,0.0,1.0,1.0,7,147.8817569696666,179.6205427503714,no pobre,0,4,750.0,1183.0,1.0,40.0,7,359,9290,1,1.0
98,0.0,0.0,0.0,1.0,2.0,7,147.8817569696666,179.6205427503714,no pobre,0,4,750.0,1183.0,1.0,40.0,8,359,9290,1,1.0
97,1.0,0.0,0.0,0.0,4.0,7,147.8817569696666,179.6205427503714,pobre,0,3,750.0,630.0,1.0,53.0,15,359,9291,4,0.0
98,1.0,0.0,0.0,,,7,147.8817569696666,179.6205427503714,pobre,0,3,750.0,630.0,1.0,53.0,16,359,9291,4,0.0
97,1.0,0.0,0.0,1.0,7.0,7,147.8817569696666,179.6205427503714,pobre,0,3,750.0,630.0,1.0,53.0,13,359,9292,7,1.0
98,1.0,0.0,0.0,1.0,7.0,7,147.8817569696666,179.6205427503714,pobre,0,3,750.0,630.0,1.0,53.0,14,359,9292,7,1.0
97,0.0,0.0,0.0,1.0,7.0,7,147.8817569696666,179.6205427503714,pobre,0,3,750.0,630.0,1.0,53.0,15,359,9293,7,1.0
98,0.0,0.0,0.0,1.0,7.0,7,147.8817569696666,179.6205427503714,pobre,0,3,750.0,630.0,1.0,53.0,16,359,9293,7,1.0
97,1.0,0.0,0.0,1.0,4.0,7,147.8817569696666,179.6205427503714,pobre,0,3,750.0,630.0,1.0,53.0,10,359,9294,4,1.0
98,1.0,0.0,0.0,1.0,5.0,7,147.8817569696666,179.6205427503714,pobre,0,3,750.0,630.0,1.0,53.0,11,359,9294,4,1.0
97,1.0,0.0,0.0,1.0,1.0,5,147.8817569696666,179.6205427503714,pobre,0,6,750.0,828.0,1.0,30.0,8,359,9295,1,1.0
98,1.0,0.0,0.0,1.0,1.0,5,147.8817569696666,179.6205427503714,pobre,0,6,750.0,828.0,1.0,30.0,9,359,9295,1,1.0
97,1.0,0.0,0.0,1.0,5.0,4,147.8817569696666,179.6205427503714,pobre,0,4,750.0,841.0,1.0,33.0,13,359,9296,5,1.0
98,1.0,0.0,0.0,1.0,6.0,4,147.8817569696666,179.6205427503714,pobre,0,4,750.0,841.0,1.0,33.0,14,359,9296,5,1.0
97,1.0,0.0,0.0,1.0,3.0,4,147.8817569696666,179.6205427503714,pobre,0,4,750.0,841.0,1.0,33.0,10,359,9297,3,1.0
98,1.0,0.0,0.0,1.0,4.0,4,147.8817569696666,179.6205427503714,pobre,0,4,750.0,841.0,1.0,33.0,11,359,9297,3,1.0
97,1.0,0.0,0.0,0.0,9.0,7,147.8817569696666,179.6205427503714,no pobre,0,6,750.0,994.25,1.0,36.0,15,359,9298,9,0.0
98,1.0,0.0,0.0,0.0,9.0,7,147.8817569696666,179.6205427503714,no pobre,0,6,750.0,994.25,1.0,36.0,16,359,9298,9,0.0
97,1.0,0.0,0.0,0.0,9.0,7,147.8817569696666,179.6205427503714,no pobre,0,6,750.0,994.25,1.0,36.0,16,359,9299,9,0.0
98,1.0,0.0,0.0,,,7,147.8817569696666,179.6205427503714,no pobre,0,6,750.0,994.25,1.0,36.0,17,359,9299,9,0.0
97,1.0,0.0,0.0,1.0,2.0,7,147.8817569696666,179.6205427503714,no pobre,0,6,750.0,994.25,1.0,36.0,8,359,9300,2,1.0
98,1.0,0.0,0.0,1.0,3.0,7,147.8817569696666,179.6205427503714,no pobre,0,6,750.0,994.25,1.0,36.0,9,359,9300,2,1.0
97,1.0,0.0,0.0,1.0,2.0,5,147.8817569696666,179.6205427503714,pobre,0,3,750.0,695.0,1.0,38.0,9,359,9301,2,1.0
98,1.0,0.0,0.0,,,5,147.8817569696666,179.6205427503714,pobre,0,3,750.0,695.0,1.0,38.0,10,359,9301,2,1.0
97,0.0,0.0,0.0,1.0,1.0,5,147.8817569696666,179.6205427503714,pobre,0,3,750.0,695.0,1.0,38.0,6,359,9302,1,1.0
98,0.0,0.0,0.0,,,5,147.8817569696666,179.6205427503714,pobre,0,3,750.0,695.0,1.0,38.0,7,359,9302,1,1.0
97,0.0,0.0,0.0,1.0,6.0,4,147.8817569696666,179.6205427503714,no pobre,0,1,0.0,812.0,1.0,54.0,13,359,9303,6,1.0
98,0.0,0.0,0.0,,,4,147.8817569696666,179.6205427503714,no pobre,0,1,0.0,812.0,1.0,54.0,14,359,9303,6,1.0
97,1.0,0.0,0.0,1.0,4.0,4,147.8817569696666,179.6205427503714,no pobre,0,0,0.0,776.0,1.0,61.0,9,359,9304,4,1.0
98,1.0,0.0,0.0,1.0,5.0,4,147.8817569696666,179.6205427503714,no pobre,0,0,0.0,776.0,1.0,61.0,10,359,9304,4,1.0
97,0.0,0.0,0.0,1.0,4.0,4,147.8817569696666,179.6205427503714,no pobre,0,0,0.0,776.0,1.0,61.0,9,359,9305,4,1.0
98,0.0,0.0,0.0,1.0,5.0,4,147.8817569696666,179.6205427503714,no pobre,0,0,0.0,776.0,1.0,61.0,10,359,9305,4,1.0
97,1.0,0.0,0.0,0.0,6.0,5,147.8817569696666,179.6205427503714,no pobre,0,0,0.0,928.0,1.0,61.0,16,359,9306,6,0.0
98,1.0,0.0,0.0,,,5,147.8817569696666,179.6205427503714,no pobre,0,0,0.0,928.0,1.0,61.0,17,359,9306,6,0.0
97,0.0,0.0,0.0,1.0,6.0,5,147.8817569696666,179.6205427503714,no pobre,0,0,0.0,928.0,1.0,61.0,12,359,9307,6,1.0
98,0.0,0.0,0.0,1.0,7.0,5,147.8817569696666,179.6205427503714,no pobre,0,0,0.0,928.0,1.0,61.0,13,359,9307,6,1.0
97,1.0,0.0,0.0,1.0,8.0,3,147.8817569696666,179.6205427503714,no pobre,0,3,0.0,977.0,1.0,76.0,16,359,9308,8,1.0
98,1.0,0.0,0.0,,,3,147.8817569696666,179.6205427503714,no pobre,0,3,0.0,977.0,1.0,76.0,17,359,9308,8,1.0
97,1.0,0.0,0.0,1.0,2.0,4,147.8817569696666,179.6205427503714,pobre,0,0,0.0,898.0,0.0,73.0,8,359,9309,2,1.0
98,1.0,0.0,0.0,1.0,3.0,4,147.8817569696666,179.6205427503714,pobre,0,0,0.0,898.0,0.0,73.0,9,359,9309,2,1.0
97,0.0,0.0,0.0,1.0,5.0,6,147.8817569696666,179.6205427503714,no pobre,0,3,750.0,774.0,1.0,52.0,12,359,9310,5,1.0
98,0.0,0.0,0.0,1.0,1.0,6,147.8817569696666,179.6205427503714,no pobre,0,3,750.0,774.0,1.0,52.0,13,359,9310,5,1.0
97,0.0,0.0,0.0,1.0,0.0,6,147.8817569696666,179.6205427503714,no pobre,0,3,750.0,774.0,1.0,52.0,6,359,9311,0,1.0
98,0.0,0.0,0.0,,,6,147.8817569696666,179.6205427503714,no pobre,0,3,750.0,774.0,1.0,52.0,7,359,9311,0,1.0
97,1.0,0.0,0.0,1.0,4.0,3,147.8817569696666,179.6205427503714,no pobre,0,5,750.0,797.0,1.0,32.0,8,359,9312,4,1.0
98,1.0,0.0,0.0,,,3,147.8817569696666,179.6205427503714,no pobre,0,5,750.0,797.0,1.0,32.0,9,359,9312,4,1.0
97,0.0,0.0,0.0,1.0,7.0,8,147.8817569696666,179.6205427503714,pobre,0,2,1000.0,646.0,1.0,41.0,16,359,9313,7,1.0
98,0.0,0.0,0.0,,,8,147.8817569696666,179.6205427503714,pobre,0,2,1000.0,646.0,1.0,41.0,17,359,9313,7,1.0
97,0.0,0.0,0.0,1.0,3.0,8,147.8817569696666,179.6205427503714,pobre,0,2,1000.0,646.0,1.0,41.0,8,359,9314,3,1.0
98,0.0,0.0,0.0,1.0,3.0,8,147.8817569696666,179.6205427503714,pobre,0,2,1000.0,646.0,1.0,41.0,9,359,9314,3,1.0
97,0.0,0.0,0.0,,0.0,8,147.8817569696666,179.6205427503714,pobre,0,2,1000.0,646.0,1.0,41.0,6,359,9315,0,
98,0.0,0.0,0.0,1.0,1.0,8,147.8817569696666,179.6205427503714,pobre,0,2,1000.0,646.0,1.0,41.0,7,359,9315,0,
97,1.0,0.0,0.0,0.0,2.0,6,147.8817569696666,179.6205427503714,pobre,0,3,625.0,629.0,1.0,30.0,15,359,9316,2,0.0
98,1.0,0.0,0.0,,,6,147.8817569696666,179.6205427503714,pobre,0,3,625.0,629.0,1.0,30.0,16,359,9316,2,0.0
97,0.0,0.0,0.0,0.0,3.0,6,147.8817569696666,179.6205427503714,pobre,0,3,625.0,629.0,1.0,30.0,12,359,9317,3,0.0
98,0.0,0.0,0.0,1.0,3.0,6,147.8817569696666,179.6205427503714,pobre,0,3,625.0,629.0,1.0,30.0,13,359,9317,3,0.0
97,0.0,0.0,0.0,1.0,4.0,4,147.8817569696666,179.6205427503714,no pobre,0,6,750.0,757.0,1.0,58.0,11,359,9318,4,1.0
98,0.0,0.0,0.0,1.0,5.0,4,147.8817569696666,179.6205427503714,no pobre,0,6,750.0,757.0,1.0,58.0,12,359,9318,4,1.0
97,1.0,0.0,0.0,1.0,2.0,4,147.8817569696666,179.6205427503714,no pobre,0,6,750.0,757.0,1.0,58.0,8,359,9319,2,1.0
98,1.0,0.0,0.0,1.0,1.0,4,147.8817569696666,179.6205427503714,no pobre,0,6,750.0,757.0,1.0,58.0,9,359,9319,2,1.0
97,0.0,0.0,0.0,1.0,0.0,4,147.8817569696666,179.6205427503714,no pobre,0,9,0.0,929.0,0.0,27.0,6,359,9320,0,1.0
98,0.0,0.0,0.0,1.0,1.0,4,147.8817569696666,179.6205427503714,no pobre,0,9,0.0,929.0,0.0,27.0,7,359,9320,0,1.0
97,1.0,0.0,0.0,1.0,0.0,3,147.8817569696666,179.6205427503714,no pobre,0,2,750.0,1006.0,1.0,52.0,6,359,9321,0,1.0
98,1.0,0.0,0.0,1.0,1.0,3,147.8817569696666,179.6205427503714,no pobre,0,2,750.0,1006.0,1.0,52.0,7,359,9321,0,1.0
97,1.0,0.0,0.0,1.0,4.0,4,147.8817569696666,179.6205427503714,no pobre,0,2,0.0,961.0,1.0,40.0,10,359,9322,4,1.0
98,1.0,0.0,0.0,1.0,5.0,4,147.8817569696666,179.6205427503714,no pobre,0,2,0.0,961.0,1.0,40.0,11,359,9322,4,1.0
97,0.0,0.0,0.0,1.0,7.0,5,147.8817569696666,179.6205427503714,no pobre,0,7,0.0,1057.5,1.0,37.0,12,359,9323,7,1.0
98,0.0,0.0,0.0,1.0,7.0,5,147.8817569696666,179.6205427503714,no pobre,0,7,0.0,1057.5,1.0,37.0,13,359,9323,7,1.0
97,0.0,0.0,0.0,1.0,6.0,6,147.8817569696666,179.6205427503714,pobre,0,4,0.0,793.0,1.0,33.0,12,359,9324,6,1.0
98,0.0,0.0,0.0,1.0,7.0,6,147.8817569696666,179.6205427503714,pobre,0,4,0.0,793.0,1.0,33.0,13,359,9324,6,1.0
97,1.0,0.0,0.0,1.0,5.0,6,147.8817569696666,179.6205427503714,pobre,0,4,0.0,793.0,1.0,33.0,11,359,9325,5,1.0
98,1.0,0.0,0.0,1.0,6.0,6,147.8817569696666,179.6205427503714,pobre,0,4,0.0,793.0,1.0,33.0,12,359,9325,5,1.0
97,0.0,0.0,0.0,1.0,3.0,6,147.8817569696666,179.6205427503714,pobre,0,4,0.0,793.0,1.0,33.0,9,359,9326,3,1.0
98,0.0,0.0,0.0,1.0,4.0,6,147.8817569696666,179.6205427503714,pobre,0,4,0.0,793.0,1.0,33.0,10,359,9326,3,1.0
97,0.0,0.0,0.0,1.0,8.0,5,147.8817569696666,179.6205427503714,no pobre,0,3,0.0,914.5,0.0,61.0,16,359,9327,8,1.0
98,0.0,0.0,0.0,,,5,147.8817569696666,179.6205427503714,no pobre,0,3,0.0,914.5,0.0,61.0,17,359,9327,8,1.0
97,0.0,0.0,0.0,1.0,1.0,5,147.8817569696666,179.6205427503714,no pobre,0,3,0.0,914.5,0.0,61.0,8,359,9328,1,1.0
98,0.0,0.0,0.0,1.0,2.0,5,147.8817569696666,179.6205427503714,no pobre,0,3,0.0,914.5,0.0,61.0,9,359,9328,1,1.0
97,0.0,0.0,0.0,1.0,2.0,4,147.8817569696666,179.6205427503714,no pobre,0,5,333.33334,971.0,1.0,29.0,8,359,9329,2,1.0
98,0.0,0.0,0.0,1.0,3.0,4,147.8817569696666,179.6205427503714,no pobre,0,5,333.33334,971.0,1.0,29.0,9,359,9329,2,1.0
97,1.0,0.0,0.0,1.0,5.0,6,147.8817569696666,179.6205427503714,no pobre,0,4,166.66667,1020.0,1.0,59.0,14,359,9330,5,1.0
98,1.0,0.0,0.0,0.0,6.0,6,147.8817569696666,179.6205427503714,no pobre,0,4,166.66667,1020.0,1.0,59.0,15,359,9330,5,1.0
97,0.0,0.0,0.0,,0.0,6,147.8817569696666,179.6205427503714,no pobre,0,4,166.66667,1020.0,1.0,59.0,13,359,9331,0,
98,0.0,0.0,0.0,0.0,2.0,6,147.8817569696666,179.6205427503714,no pobre,0,4,166.66667,1020.0,1.0,59.0,14,359,9331,0,
97,0.0,0.0,0.0,1.0,3.0,6,147.8817569696666,179.6205427503714,no pobre,0,4,166.66667,1020.0,1.0,59.0,10,359,9332,3,1.0
98,0.0,0.0,0.0,1.0,4.0,6,147.8817569696666,179.6205427503714,no pobre,0,4,166.66667,1020.0,1.0,59.0,11,359,9332,3,1.0
97,0.0,0.0,0.0,1.0,6.0,7,147.8817569696666,179.6205427503714,pobre,0,6,750.0,580.0,1.0,42.0,14,359,9333,6,1.0
98,0.0,0.0,0.0,1.0,7.0,7,147.8817569696666,179.6205427503714,pobre,0,6,750.0,580.0,1.0,42.0,15,359,9333,6,1.0
97,1.0,0.0,0.0,1.0,1.0,7,147.8817569696666,179.6205427503714,pobre,0,6,750.0,580.0,1.0,42.0,8,359,9334,1,1.0
98,1.0,0.0,0.0,1.0,2.0,7,147.8817569696666,179.6205427503714,pobre,0,6,750.0,580.0,1.0,42.0,9,359,9334,1,1.0
97,1.0,0.0,0.0,1.0,1.0,7,147.8817569696666,179.6205427503714,pobre,0,6,750.0,580.0,1.0,42.0,7,359,9335,1,1.0
98,1.0,0.0,0.0,1.0,1.0,7,147.8817569696666,179.6205427503714,pobre,0,6,750.0,580.0,1.0,42.0,8,359,9335,1,1.0
97,0.0,0.0,0.0,1.0,1.0,7,147.8817569696666,179.6205427503714,pobre,0,6,750.0,580.0,1.0,42.0,7,359,9336,1,1.0
98,0.0,0.0,0.0,1.0,1.0,7,147.8817569696666,179.6205427503714,pobre,0,6,750.0,580.0,1.0,42.0,8,359,9336,1,1.0
97,1.0,0.0,0.0,1.0,0.0,7,147.8817569696666,179.6205427503714,pobre,0,6,750.0,580.0,1.0,42.0,6,359,9337,0,1.0
98,1.0,0.0,0.0,1.0,1.0,7,147.8817569696666,179.6205427503714,pobre,0,6,750.0,580.0,1.0,42.0,7,359,9337,0,1.0
97,0.0,0.0,0.0,1.0,3.0,8,147.8817569696666,179.6205427503714,pobre,0,0,0.0,713.0,0.0,63.0,9,359,9338,3,1.0
98,0.0,0.0,0.0,1.0,4.0,8,147.8817569696666,179.6205427503714,pobre,0,0,0.0,713.0,0.0,63.0,10,359,9338,3,1.0
97,1.0,0.0,0.0,1.0,0.0,8,147.8817569696666,179.6205427503714,pobre,0,0,0.0,713.0,0.0,63.0,6,359,9339,0,1.0
98,1.0,0.0,0.0,1.0,1.0,8,147.8817569696666,179.6205427503714,pobre,0,0,0.0,713.0,0.0,63.0,7,359,9339,0,1.0
97,0.0,0.0,0.0,0.0,9.0,4,147.8817569696666,179.6205427503714,no pobre,0,2,750.0,1054.0,1.0,65.0,16,359,9340,9,0.0
98,0.0,0.0,0.0,,,4,147.8817569696666,179.6205427503714,no pobre,0,2,750.0,1054.0,1.0,65.0,17,359,9340,9,0.0
97,1.0,0.0,0.0,1.0,6.0,5,147.8817569696666,179.6205427503714,no pobre,0,6,750.0,967.0,1.0,39.0,12,359,9341,6,1.0
98,1.0,0.0,0.0,1.0,7.0,5,147.8817569696666,179.6205427503714,no pobre,0,6,750.0,967.0,1.0,39.0,13,359,9341,6,1.0
97,1.0,1.0,1.281,0.0,6.0,2,137.9643212049559,229.9076549069365,pobre,0,0,200.0,790.0,0.0,72.0,15,376,9342,6,0.0
98,1.0,1.0,1.281,1.0,8.0,2,137.9643212049559,229.9076549069365,pobre,0,0,200.0,790.0,0.0,72.0,16,376,9342,6,0.0
97,1.0,1.0,1.281,1.0,2.0,3,137.9643212049559,229.9076549069365,pobre,0,0,625.0,701.5,0.0,50.0,12,376,9343,2,1.0
98,1.0,1.0,1.281,0.0,6.0,3,137.9643212049559,229.9076549069365,pobre,0,0,625.0,701.5,0.0,50.0,13,376,9343,2,1.0
97,0.0,0.0,1.281,1.0,9.0,8,137.9643212049559,229.9076549069365,pobre,0,12,1800.0,734.0,1.0,36.0,15,376,9344,9,1.0
98,0.0,0.0,1.281,1.0,11.0,8,137.9643212049559,229.9076549069365,pobre,0,12,1800.0,734.0,1.0,36.0,16,376,9344,9,1.0
97,1.0,0.0,1.281,1.0,6.0,8,137.9643212049559,229.9076549069365,pobre,0,12,1800.0,734.0,1.0,36.0,13,376,9345,6,1.0
98,1.0,0.0,1.281,1.0,7.0,8,137.9643212049559,229.9076549069365,pobre,0,12,1800.0,734.0,1.0,36.0,14,376,9345,6,1.0
97,1.0,0.0,1.281,1.0,3.0,8,137.9643212049559,229.9076549069365,pobre,0,12,1800.0,734.0,1.0,36.0,10,376,9346,3,1.0
98,1.0,0.0,1.281,1.0,4.0,8,137.9643212049559,229.9076549069365,pobre,0,12,1800.0,734.0,1.0,36.0,11,376,9346,3,1.0
97,1.0,0.0,1.281,1.0,1.0,8,137.9643212049559,229.9076549069365,pobre,0,12,1800.0,734.0,1.0,36.0,6,376,9347,1,1.0
98,1.0,0.0,1.281,1.0,1.0,8,137.9643212049559,229.9076549069365,pobre,0,12,1800.0,734.0,1.0,36.0,7,376,9347,1,1.0
97,1.0,1.0,1.281,1.0,6.0,6,137.9643212049559,229.9076549069365,pobre,0,3,0.0,619.0,0.0,48.0,12,376,9348,6,1.0
98,1.0,1.0,1.281,1.0,7.0,6,137.9643212049559,229.9076549069365,pobre,0,3,0.0,619.0,0.0,48.0,13,376,9348,6,1.0
97,0.0,1.0,1.281,1.0,3.0,6,137.9643212049559,229.9076549069365,pobre,0,3,0.0,619.0,0.0,48.0,10,376,9349,3,1.0
98,0.0,1.0,1.281,1.0,4.0,6,137.9643212049559,229.9076549069365,pobre,0,3,0.0,619.0,0.0,48.0,11,376,9349,3,1.0
97,0.0,1.0,1.281,1.0,7.0,8,137.9643212049559,229.9076549069365,pobre,0,3,125.0,664.0,1.0,53.0,15,376,9350,7,1.0
98,0.0,1.0,1.281,1.0,8.0,8,137.9643212049559,229.9076549069365,pobre,0,3,125.0,664.0,1.0,53.0,16,376,9350,7,1.0
97,1.0,1.0,1.281,1.0,3.0,8,137.9643212049559,229.9076549069365,pobre,0,3,125.0,664.0,1.0,53.0,11,376,9351,3,1.0
98,1.0,1.0,1.281,1.0,4.0,8,137.9643212049559,229.9076549069365,pobre,0,3,125.0,664.0,1.0,53.0,12,376,9351,3,1.0
97,1.0,1.0,1.281,1.0,0.0,8,137.9643212049559,229.9076549069365,pobre,0,3,125.0,664.0,1.0,53.0,6,376,9352,0,1.0
98,1.0,1.0,1.281,1.0,1.0,8,137.9643212049559,229.9076549069365,pobre,0,3,125.0,664.0,1.0,53.0,7,376,9352,0,1.0
97,0.0,1.0,1.281,0.0,6.0,9,137.9643212049559,229.9076549069365,pobre,0,0,0.0,649.5,0.0,73.0,15,376,9353,6,0.0
98,0.0,1.0,1.281,,,9,137.9643212049559,229.9076549069365,pobre,0,0,0.0,649.5,0.0,73.0,16,376,9353,6,0.0
97,1.0,1.0,1.281,0.0,6.0,9,137.9643212049559,229.9076549069365,pobre,0,0,0.0,649.5,0.0,73.0,14,376,9354,6,0.0
98,1.0,1.0,1.281,,,9,137.9643212049559,229.9076549069365,pobre,0,0,0.0,649.5,0.0,73.0,15,376,9354,6,0.0
97,0.0,1.0,1.281,0.0,6.0,7,137.9643212049559,229.9076549069365,pobre,0,3,0.0,702.5,0.0,52.0,14,376,9355,6,0.0
98,0.0,1.0,1.281,0.0,6.0,7,137.9643212049559,229.9076549069365,pobre,0,3,0.0,702.5,0.0,52.0,15,376,9355,6,0.0
97,1.0,0.0,1.281,1.0,3.0,7,137.9643212049559,229.9076549069365,pobre,0,3,0.0,702.5,0.0,52.0,11,376,9356,3,1.0
98,1.0,0.0,1.281,1.0,4.0,7,137.9643212049559,229.9076549069365,pobre,0,3,0.0,702.5,0.0,52.0,12,376,9356,3,1.0
97,1.0,0.0,1.281,1.0,8.0,7,137.9643212049559,229.9076549069365,pobre,0,6,375.0,515.0,1.0,48.0,15,376,9357,8,1.0
98,1.0,0.0,1.281,1.0,9.0,7,137.9643212049559,229.9076549069365,pobre,0,6,375.0,515.0,1.0,48.0,16,376,9357,8,1.0
97,1.0,0.0,1.281,1.0,1.0,7,137.9643212049559,229.9076549069365,pobre,0,6,375.0,515.0,1.0,48.0,9,376,9358,1,1.0
98,1.0,0.0,1.281,1.0,2.0,7,137.9643212049559,229.9076549069365,pobre,0,6,375.0,515.0,1.0,48.0,10,376,9358,1,1.0
97,1.0,0.0,1.281,1.0,1.0,7,137.9643212049559,229.9076549069365,pobre,0,6,375.0,515.0,1.0,48.0,7,376,9359,1,1.0
98,1.0,0.0,1.281,1.0,2.0,7,137.9643212049559,229.9076549069365,pobre,0,6,375.0,515.0,1.0,48.0,8,376,9359,1,1.0
97,1.0,0.0,1.281,1.0,7.0,7,137.9643212049559,229.9076549069365,no pobre,0,9,1200.0,968.0,1.0,47.0,16,376,9360,7,1.0
98,1.0,0.0,1.281,,,7,137.9643212049559,229.9076549069365,no pobre,0,9,1200.0,968.0,1.0,47.0,17,376,9360,7,1.0
97,1.0,0.0,1.281,1.0,3.0,4,137.9643212049559,229.9076549069365,pobre,0,0,375.0,580.0,1.0,29.0,9,376,9361,3,1.0
98,1.0,0.0,1.281,1.0,4.0,4,137.9643212049559,229.9076549069365,pobre,0,0,375.0,580.0,1.0,29.0,10,376,9361,3,1.0
97,1.0,1.0,1.281,0.0,3.0,8,137.9643212049559,229.9076549069365,pobre,0,3,400.0,641.0,1.0,50.0,16,376,9362,3,0.0
98,1.0,1.0,1.281,,,8,137.9643212049559,229.9076549069365,pobre,0,3,400.0,641.0,1.0,50.0,17,376,9362,3,0.0
97,0.0,1.0,1.281,0.0,4.0,8,137.9643212049559,229.9076549069365,pobre,0,3,400.0,641.0,1.0,50.0,14,376,9363,4,0.0
98,0.0,1.0,1.281,0.0,3.0,8,137.9643212049559,229.9076549069365,pobre,0,3,400.0,641.0,1.0,50.0,15,376,9363,4,0.0
97,1.0,1.0,1.281,1.0,4.0,8,137.9643212049559,229.9076549069365,pobre,0,3,400.0,641.0,1.0,50.0,12,376,9364,4,1.0
98,1.0,1.0,1.281,1.0,5.0,8,137.9643212049559,229.9076549069365,pobre,0,3,400.0,641.0,1.0,50.0,13,376,9364,4,1.0
97,0.0,1.0,1.281,1.0,4.0,8,137.9643212049559,229.9076549069365,pobre,0,3,400.0,641.0,1.0,50.0,11,376,9365,4,1.0
98,0.0,1.0,1.281,1.0,5.0,8,137.9643212049559,229.9076549069365,pobre,0,3,400.0,641.0,1.0,50.0,12,376,9365,4,1.0
97,1.0,1.0,1.281,1.0,1.0,8,137.9643212049559,229.9076549069365,pobre,0,3,400.0,641.0,1.0,50.0,9,376,9366,1,1.0
98,1.0,1.0,1.281,1.0,1.0,8,137.9643212049559,229.9076549069365,pobre,0,3,400.0,641.0,1.0,50.0,10,376,9366,1,1.0
97,0.0,0.0,1.281,1.0,5.0,9,137.9643212049559,229.9076549069365,pobre,0,2,375.0,707.5,1.0,79.0,11,376,9367,5,1.0
98,0.0,0.0,1.281,1.0,6.0,9,137.9643212049559,229.9076549069365,pobre,0,2,375.0,707.5,1.0,79.0,12,376,9367,5,1.0
97,0.0,0.0,1.281,1.0,5.0,9,137.9643212049559,229.9076549069365,pobre,0,2,375.0,707.5,1.0,79.0,10,376,9368,5,1.0
98,0.0,0.0,1.281,1.0,6.0,9,137.9643212049559,229.9076549069365,pobre,0,2,375.0,707.5,1.0,79.0,11,376,9368,5,1.0
97,1.0,0.0,1.281,1.0,1.0,9,137.9643212049559,229.9076549069365,pobre,0,2,375.0,707.5,1.0,79.0,6,376,9369,1,1.0
98,1.0,0.0,1.281,1.0,2.0,9,137.9643212049559,229.9076549069365,pobre,0,2,375.0,707.5,1.0,79.0,7,376,9369,1,1.0
97,0.0,0.0,1.281,1.0,9.0,5,137.9643212049559,229.9076549069365,pobre,0,3,375.0,587.0,1.0,53.0,14,376,9370,9,1.0
98,0.0,0.0,1.281,1.0,10.0,5,137.9643212049559,229.9076549069365,pobre,0,3,375.0,587.0,1.0,53.0,15,376,9370,9,1.0
97,0.0,0.0,1.281,1.0,8.0,5,137.9643212049559,229.9076549069365,pobre,0,3,375.0,587.0,1.0,53.0,13,376,9371,8,1.0
98,0.0,0.0,1.281,1.0,9.0,5,137.9643212049559,229.9076549069365,pobre,0,3,375.0,587.0,1.0,53.0,14,376,9371,8,1.0
97,1.0,0.0,1.281,1.0,4.0,5,137.9643212049559,229.9076549069365,pobre,0,3,375.0,587.0,1.0,53.0,10,376,9372,4,1.0
98,1.0,0.0,1.281,1.0,5.0,5,137.9643212049559,229.9076549069365,pobre,0,3,375.0,587.0,1.0,53.0,11,376,9372,4,1.0
97,0.0,0.0,1.281,1.0,8.0,6,137.9643212049559,229.9076549069365,pobre,0,9,375.0,826.0,1.0,40.0,15,376,9373,8,1.0
98,0.0,0.0,1.281,1.0,9.0,6,137.9643212049559,229.9076549069365,pobre,0,9,375.0,826.0,1.0,40.0,16,376,9373,8,1.0
97,1.0,0.0,1.281,1.0,7.0,6,137.9643212049559,229.9076549069365,pobre,0,9,375.0,826.0,1.0,40.0,14,376,9374,7,1.0
98,1.0,0.0,1.281,1.0,8.0,6,137.9643212049559,229.9076549069365,pobre,0,9,375.0,826.0,1.0,40.0,15,376,9374,7,1.0
97,0.0,0.0,1.281,1.0,0.0,6,137.9643212049559,229.9076549069365,pobre,0,9,375.0,826.0,1.0,40.0,6,376,9375,0,1.0
98,0.0,0.0,1.281,1.0,1.0,6,137.9643212049559,229.9076549069365,pobre,0,9,375.0,826.0,1.0,40.0,7,376,9375,0,1.0
97,1.0,1.0,3.0780001,1.0,3.0,10,119.9835135510722,230.599792516161,pobre,basal,1,800.0,750.0,1.0,40.0,14,368,9376,3,1.0
98,1.0,1.0,3.0780001,1.0,4.0,10,119.9835135510722,230.599792516161,pobre,basal,1,800.0,750.0,1.0,40.0,15,368,9376,3,1.0
97,1.0,1.0,3.0780001,1.0,3.0,10,119.9835135510722,230.599792516161,pobre,basal,1,800.0,750.0,1.0,40.0,11,368,9377,3,1.0
98,1.0,1.0,3.0780001,1.0,4.0,10,119.9835135510722,230.599792516161,pobre,basal,1,800.0,750.0,1.0,40.0,12,368,9377,3,1.0
97,0.0,1.0,3.0780001,1.0,3.0,10,119.9835135510722,230.599792516161,pobre,basal,1,800.0,750.0,1.0,40.0,9,368,9378,3,1.0
98,0.0,1.0,3.0780001,1.0,3.0,10,119.9835135510722,230.599792516161,pobre,basal,1,800.0,750.0,1.0,40.0,10,368,9378,3,1.0
97,0.0,1.0,3.0780001,1.0,1.0,10,119.9835135510722,230.599792516161,pobre,basal,1,800.0,750.0,1.0,40.0,7,368,9379,1,1.0
98,0.0,1.0,3.0780001,1.0,2.0,10,119.9835135510722,230.599792516161,pobre,basal,1,800.0,750.0,1.0,40.0,8,368,9379,1,1.0
97,1.0,1.0,0.0,1.0,8.0,8,132.2986472840597,194.1487926636843,pobre,0,2,625.0,820.0,1.0,47.0,15,320,9380,8,1.0
98,1.0,1.0,0.0,0.0,9.0,8,132.2986472840597,194.1487926636843,pobre,0,2,625.0,820.0,1.0,47.0,16,320,9380,8,1.0
97,1.0,1.0,0.0,1.0,3.0,8,132.2986472840597,194.1487926636843,pobre,0,2,625.0,820.0,1.0,47.0,11,320,9381,3,1.0
98,1.0,1.0,0.0,1.0,4.0,8,132.2986472840597,194.1487926636843,pobre,0,2,625.0,820.0,1.0,47.0,12,320,9381,3,1.0
97,0.0,1.0,0.0,1.0,7.0,5,132.2986472840597,194.1487926636843,pobre,0,5,600.0,845.0,1.0,37.0,13,320,9382,7,1.0
98,0.0,1.0,0.0,1.0,8.0,5,132.2986472840597,194.1487926636843,pobre,0,5,600.0,845.0,1.0,37.0,14,320,9382,7,1.0
97,1.0,1.0,0.0,1.0,3.0,5,132.2986472840597,194.1487926636843,pobre,0,5,600.0,845.0,1.0,37.0,9,320,9383,3,1.0
98,1.0,1.0,0.0,1.0,4.0,5,132.2986472840597,194.1487926636843,pobre,0,5,600.0,845.0,1.0,37.0,10,320,9383,3,1.0
97,0.0,1.0,0.0,1.0,5.0,6,132.2986472840597,194.1487926636843,no pobre,0,3,500.0,866.5,1.0,76.0,12,320,9384,5,1.0
98,0.0,1.0,0.0,1.0,6.0,6,132.2986472840597,194.1487926636843,no pobre,0,3,500.0,866.5,1.0,76.0,13,320,9384,5,1.0
97,1.0,1.0,0.0,1.0,4.0,7,94.96737126586416,245.3629684136424,pobre,basal,0,800.0,714.5,1.0,57.0,12,357,9385,4,1.0
98,1.0,1.0,0.0,1.0,5.0,7,94.96737126586416,245.3629684136424,pobre,basal,0,800.0,714.5,1.0,57.0,13,357,9385,4,1.0
97,0.0,1.0,0.0,1.0,2.0,7,94.96737126586416,245.3629684136424,pobre,basal,0,800.0,714.5,1.0,57.0,10,357,9386,2,1.0
98,0.0,1.0,0.0,0.0,2.0,7,94.96737126586416,245.3629684136424,pobre,basal,0,800.0,714.5,1.0,57.0,11,357,9386,2,1.0
97,1.0,1.0,0.0,1.0,0.0,7,94.96737126586416,245.3629684136424,pobre,basal,0,800.0,714.5,1.0,57.0,7,357,9387,0,1.0
98,1.0,1.0,0.0,1.0,0.0,7,94.96737126586416,245.3629684136424,pobre,basal,0,800.0,714.5,1.0,57.0,8,357,9387,0,1.0
97,1.0,1.0,0.0,1.0,5.0,5,94.96737126586416,245.3629684136424,pobre,basal,9,500.0,541.0,1.0,24.0,12,357,9388,5,1.0
98,1.0,1.0,0.0,1.0,6.0,5,94.96737126586416,245.3629684136424,pobre,basal,9,500.0,541.0,1.0,24.0,13,357,9388,5,1.0
97,1.0,1.0,3.0780001,1.0,7.0,7,119.9835135510722,230.599792516161,pobre,basal,1,600.0,621.0,1.0,55.0,14,368,9389,7,1.0
98,1.0,1.0,3.0780001,1.0,8.0,7,119.9835135510722,230.599792516161,pobre,basal,1,600.0,621.0,1.0,55.0,15,368,9389,7,1.0
97,0.0,1.0,3.0780001,1.0,5.0,7,119.9835135510722,230.599792516161,pobre,basal,1,600.0,621.0,1.0,55.0,12,368,9390,5,1.0
98,0.0,1.0,3.0780001,1.0,6.0,7,119.9835135510722,230.599792516161,pobre,basal,1,600.0,621.0,1.0,55.0,13,368,9390,5,1.0
97,1.0,1.0,3.0780001,1.0,1.0,7,119.9835135510722,230.599792516161,pobre,basal,1,600.0,621.0,1.0,55.0,10,368,9391,1,1.0
98,1.0,1.0,3.0780001,1.0,2.0,7,119.9835135510722,230.599792516161,pobre,basal,1,600.0,621.0,1.0,55.0,11,368,9391,1,1.0
97,0.0,1.0,3.0780001,0.0,6.0,10,119.9835135510722,230.599792516161,pobre,basal,3,320.0,741.0,1.0,45.0,16,368,9392,6,0.0
98,0.0,1.0,3.0780001,,,10,119.9835135510722,230.599792516161,pobre,basal,3,320.0,741.0,1.0,45.0,17,368,9392,6,0.0
97,1.0,1.0,3.0780001,1.0,7.0,10,119.9835135510722,230.599792516161,pobre,basal,3,320.0,741.0,1.0,45.0,14,368,9393,7,1.0
98,1.0,1.0,3.0780001,1.0,8.0,10,119.9835135510722,230.599792516161,pobre,basal,3,320.0,741.0,1.0,45.0,15,368,9393,7,1.0
97,1.0,1.0,3.0780001,1.0,3.0,10,119.9835135510722,230.599792516161,pobre,basal,3,320.0,741.0,1.0,45.0,10,368,9394,3,1.0
98,1.0,1.0,3.0780001,1.0,4.0,10,119.9835135510722,230.599792516161,pobre,basal,3,320.0,741.0,1.0,45.0,11,368,9394,3,1.0
97,1.0,1.0,3.0780001,1.0,2.0,10,119.9835135510722,230.599792516161,pobre,basal,3,320.0,741.0,1.0,45.0,8,368,9395,2,1.0
98,1.0,1.0,3.0780001,1.0,3.0,10,119.9835135510722,230.599792516161,pobre,basal,3,320.0,741.0,1.0,45.0,9,368,9395,2,1.0
97,0.0,1.0,3.0780001,1.0,0.0,10,119.9835135510722,230.599792516161,pobre,basal,3,320.0,741.0,1.0,45.0,6,368,9396,0,1.0
98,0.0,1.0,3.0780001,1.0,1.0,10,119.9835135510722,230.599792516161,pobre,basal,3,320.0,741.0,1.0,45.0,7,368,9396,0,1.0
97,1.0,1.0,3.0780001,0.0,9.0,7,119.9835135510722,230.599792516161,pobre,basal,0,480.0,742.0,1.0,50.0,15,368,9397,9,0.0
98,1.0,1.0,3.0780001,,,7,119.9835135510722,230.599792516161,pobre,basal,0,480.0,742.0,1.0,50.0,16,368,9397,9,0.0
97,0.0,1.0,3.0780001,1.0,6.0,7,119.9835135510722,230.599792516161,pobre,basal,0,480.0,742.0,1.0,50.0,12,368,9398,6,1.0
98,0.0,1.0,3.0780001,1.0,7.0,7,119.9835135510722,230.599792516161,pobre,basal,0,480.0,742.0,1.0,50.0,13,368,9398,6,1.0
97,1.0,1.0,3.0780001,1.0,4.0,7,119.9835135510722,230.599792516161,pobre,basal,0,480.0,742.0,1.0,50.0,10,368,9399,4,1.0
98,1.0,1.0,3.0780001,1.0,5.0,7,119.9835135510722,230.599792516161,pobre,basal,0,480.0,742.0,1.0,50.0,11,368,9399,4,1.0
97,0.0,1.0,3.0780001,1.0,4.0,5,119.9835135510722,230.599792516161,pobre,basal,3,240.0,674.0,1.0,35.0,10,368,9400,4,1.0
98,0.0,1.0,3.0780001,1.0,5.0,5,119.9835135510722,230.599792516161,pobre,basal,3,240.0,674.0,1.0,35.0,11,368,9400,4,1.0
97,1.0,1.0,3.0780001,1.0,1.0,5,119.9835135510722,230.599792516161,pobre,basal,3,240.0,674.0,1.0,35.0,8,368,9401,1,1.0
98,1.0,1.0,3.0780001,1.0,2.0,5,119.9835135510722,230.599792516161,pobre,basal,3,240.0,674.0,1.0,35.0,9,368,9401,1,1.0
97,1.0,1.0,3.0780001,1.0,0.0,4,119.9835135510722,230.599792516161,no pobre,basal,9,500.0,949.0,1.0,35.0,6,368,9402,0,1.0
98,1.0,1.0,3.0780001,1.0,1.0,4,119.9835135510722,230.599792516161,no pobre,basal,9,500.0,949.0,1.0,35.0,7,368,9402,0,1.0
97,0.0,1.0,3.0780001,1.0,7.0,5,119.9835135510722,230.599792516161,pobre,basal,3,200.0,737.0,1.0,69.0,15,368,9403,7,1.0
98,0.0,1.0,3.0780001,1.0,8.0,5,119.9835135510722,230.599792516161,pobre,basal,3,200.0,737.0,1.0,69.0,16,368,9403,7,1.0
97,1.0,1.0,3.0780001,1.0,3.0,5,119.9835135510722,230.599792516161,pobre,basal,3,200.0,737.0,1.0,69.0,11,368,9404,3,1.0
98,1.0,1.0,3.0780001,1.0,4.0,5,119.9835135510722,230.599792516161,pobre,basal,3,200.0,737.0,1.0,69.0,12,368,9404,3,1.0
97,1.0,1.0,3.0780001,1.0,2.0,5,119.9835135510722,230.599792516161,pobre,basal,3,200.0,737.0,1.0,69.0,8,368,9405,2,1.0
98,1.0,1.0,3.0780001,1.0,3.0,5,119.9835135510722,230.599792516161,pobre,basal,3,200.0,737.0,1.0,69.0,9,368,9405,2,1.0
97,1.0,1.0,3.0780001,1.0,1.0,3,119.9835135510722,230.599792516161,pobre,basal,0,500.0,626.0,1.0,60.0,7,368,9406,1,1.0
98,1.0,1.0,3.0780001,1.0,2.0,3,119.9835135510722,230.599792516161,pobre,basal,0,500.0,626.0,1.0,60.0,8,368,9406,1,1.0
97,0.0,1.0,3.0780001,1.0,8.0,9,119.9835135510722,230.599792516161,pobre,basal,1,500.0,588.5,1.0,65.0,16,368,9407,8,1.0
98,0.0,1.0,3.0780001,,,9,119.9835135510722,230.599792516161,pobre,basal,1,500.0,588.5,1.0,65.0,17,368,9407,8,1.0
97,0.0,1.0,3.0780001,,0.0,9,119.9835135510722,230.599792516161,pobre,basal,1,500.0,588.5,1.0,65.0,14,368,9408,0,
98,0.0,1.0,3.0780001,0.0,0.0,9,119.9835135510722,230.599792516161,pobre,basal,1,500.0,588.5,1.0,65.0,15,368,9408,0,
97,0.0,1.0,3.0780001,1.0,3.0,9,119.9835135510722,230.599792516161,pobre,basal,1,500.0,588.5,1.0,65.0,12,368,9409,3,1.0
98,0.0,1.0,3.0780001,1.0,4.0,9,119.9835135510722,230.599792516161,pobre,basal,1,500.0,588.5,1.0,65.0,13,368,9409,3,1.0
97,1.0,1.0,3.0780001,1.0,2.0,9,119.9835135510722,230.599792516161,pobre,basal,1,500.0,588.5,1.0,65.0,9,368,9410,2,1.0
98,1.0,1.0,3.0780001,1.0,3.0,9,119.9835135510722,230.599792516161,pobre,basal,1,500.0,588.5,1.0,65.0,10,368,9410,2,1.0
97,0.0,1.0,3.0780001,1.0,1.0,9,119.9835135510722,230.599792516161,pobre,basal,1,500.0,588.5,1.0,65.0,7,368,9411,1,1.0
98,0.0,1.0,3.0780001,1.0,2.0,9,119.9835135510722,230.599792516161,pobre,basal,1,500.0,588.5,1.0,65.0,8,368,9411,1,1.0
97,1.0,1.0,3.0780001,0.0,4.0,7,119.9835135510722,230.599792516161,pobre,basal,3,1200.0,712.5,1.0,47.0,15,368,9412,4,0.0
98,1.0,1.0,3.0780001,,,7,119.9835135510722,230.599792516161,pobre,basal,3,1200.0,712.5,1.0,47.0,16,368,9412,4,0.0
97,1.0,1.0,3.0780001,1.0,6.0,7,119.9835135510722,230.599792516161,pobre,basal,3,1200.0,712.5,1.0,47.0,15,368,9413,6,1.0
98,1.0,1.0,3.0780001,,,7,119.9835135510722,230.599792516161,pobre,basal,3,1200.0,712.5,1.0,47.0,16,368,9413,6,1.0
97,0.0,1.0,3.0780001,1.0,6.0,7,119.9835135510722,230.599792516161,pobre,basal,3,1200.0,712.5,1.0,47.0,12,368,9414,6,1.0
98,0.0,1.0,3.0780001,1.0,7.0,7,119.9835135510722,230.599792516161,pobre,basal,3,1200.0,712.5,1.0,47.0,13,368,9414,6,1.0
97,1.0,1.0,3.0780001,1.0,2.0,7,119.9835135510722,230.599792516161,pobre,basal,3,1200.0,712.5,1.0,47.0,8,368,9415,2,1.0
98,1.0,1.0,3.0780001,1.0,3.0,7,119.9835135510722,230.599792516161,pobre,basal,3,1200.0,712.5,1.0,47.0,9,368,9415,2,1.0
97,1.0,1.0,3.0780001,0.0,9.0,5,119.9835135510722,230.599792516161,pobre,basal,6,500.0,669.5,1.0,47.0,16,368,9416,9,0.0
98,1.0,1.0,3.0780001,,,5,119.9835135510722,230.599792516161,pobre,basal,6,500.0,669.5,1.0,47.0,17,368,9416,9,0.0
97,0.0,1.0,3.0780001,1.0,6.0,5,119.9835135510722,230.599792516161,pobre,basal,6,500.0,669.5,1.0,47.0,12,368,9417,6,1.0
98,0.0,1.0,3.0780001,1.0,7.0,5,119.9835135510722,230.599792516161,pobre,basal,6,500.0,669.5,1.0,47.0,13,368,9417,6,1.0
97,1.0,1.0,3.0780001,1.0,1.0,5,119.9835135510722,230.599792516161,pobre,basal,6,500.0,669.5,1.0,47.0,7,368,9418,1,1.0
98,1.0,1.0,3.0780001,1.0,2.0,5,119.9835135510722,230.599792516161,pobre,basal,6,500.0,669.5,1.0,47.0,8,368,9418,1,1.0
97,1.0,1.0,3.0780001,1.0,4.0,6,119.9835135510722,230.599792516161,pobre,basal,2,500.0,533.0,1.0,39.0,13,368,9419,4,1.0
98,1.0,1.0,3.0780001,1.0,5.0,6,119.9835135510722,230.599792516161,pobre,basal,2,500.0,533.0,1.0,39.0,14,368,9419,4,1.0
97,1.0,1.0,3.0780001,1.0,5.0,6,119.9835135510722,230.599792516161,pobre,basal,2,500.0,533.0,1.0,39.0,12,368,9420,5,1.0
98,1.0,1.0,3.0780001,1.0,5.0,6,119.9835135510722,230.599792516161,pobre,basal,2,500.0,533.0,1.0,39.0,13,368,9420,5,1.0
97,0.0,1.0,3.0780001,1.0,0.0,6,119.9835135510722,230.599792516161,pobre,basal,2,500.0,533.0,1.0,39.0,6,368,9421,0,1.0
98,0.0,1.0,3.0780001,1.0,2.0,6,119.9835135510722,230.599792516161,pobre,basal,2,500.0,533.0,1.0,39.0,7,368,9421,0,1.0
97,0.0,1.0,3.0780001,1.0,6.0,3,119.9835135510722,230.599792516161,pobre,basal,1,500.0,702.0,1.0,45.0,13,368,9422,6,1.0
98,0.0,1.0,3.0780001,1.0,7.0,3,119.9835135510722,230.599792516161,pobre,basal,1,500.0,702.0,1.0,45.0,14,368,9422,6,1.0
97,0.0,1.0,3.0780001,1.0,2.0,7,119.9835135510722,230.599792516161,pobre,basal,0,800.0,474.0,1.0,31.0,10,368,9423,2,1.0
98,0.0,1.0,3.0780001,1.0,3.0,7,119.9835135510722,230.599792516161,pobre,basal,0,800.0,474.0,1.0,31.0,11,368,9423,2,1.0
97,1.0,1.0,3.0780001,1.0,2.0,7,119.9835135510722,230.599792516161,pobre,basal,0,800.0,474.0,1.0,31.0,8,368,9424,2,1.0
98,1.0,1.0,3.0780001,1.0,3.0,7,119.9835135510722,230.599792516161,pobre,basal,0,800.0,474.0,1.0,31.0,9,368,9424,2,1.0
97,1.0,1.0,3.0780001,1.0,1.0,7,119.9835135510722,230.599792516161,pobre,basal,0,800.0,474.0,1.0,31.0,7,368,9425,1,1.0
98,1.0,1.0,3.0780001,1.0,,7,119.9835135510722,230.599792516161,pobre,basal,0,800.0,474.0,1.0,31.0,8,368,9425,1,1.0
97,1.0,1.0,3.0780001,1.0,0.0,3,119.9835135510722,230.599792516161,pobre,basal,6,1200.0,622.0,1.0,31.0,6,368,9426,0,1.0
98,1.0,1.0,3.0780001,1.0,1.0,3,119.9835135510722,230.599792516161,pobre,basal,6,1200.0,622.0,1.0,31.0,7,368,9426,0,1.0
97,0.0,1.0,3.0780001,1.0,5.0,4,119.9835135510722,230.599792516161,pobre,basal,3,200.0,813.0,1.0,40.0,12,368,9427,5,1.0
98,0.0,1.0,3.0780001,0.0,6.0,4,119.9835135510722,230.599792516161,pobre,basal,3,200.0,813.0,1.0,40.0,13,368,9427,5,1.0
97,0.0,1.0,3.0780001,1.0,5.0,4,119.9835135510722,230.599792516161,pobre,basal,3,200.0,813.0,1.0,40.0,11,368,9428,5,1.0
98,0.0,1.0,3.0780001,1.0,6.0,4,119.9835135510722,230.599792516161,pobre,basal,3,200.0,813.0,1.0,40.0,12,368,9428,5,1.0
97,0.0,1.0,3.0780001,1.0,2.0,11,119.9835135510722,230.599792516161,pobre,basal,0,600.0,649.25,1.0,65.0,9,368,9429,2,1.0
98,0.0,1.0,3.0780001,1.0,2.0,11,119.9835135510722,230.599792516161,pobre,basal,0,600.0,649.25,1.0,65.0,10,368,9429,2,1.0
97,1.0,1.0,3.0780001,1.0,1.0,11,119.9835135510722,230.599792516161,pobre,basal,0,600.0,649.25,1.0,65.0,6,368,9430,1,1.0
98,1.0,1.0,3.0780001,1.0,1.0,11,119.9835135510722,230.599792516161,pobre,basal,0,600.0,649.25,1.0,65.0,7,368,9430,1,1.0
97,1.0,1.0,3.0780001,1.0,3.0,8,119.9835135510722,230.599792516161,pobre,basal,6,260.0,464.0,1.0,38.0,11,368,9431,3,1.0
98,1.0,1.0,3.0780001,1.0,4.0,8,119.9835135510722,230.599792516161,pobre,basal,6,260.0,464.0,1.0,38.0,12,368,9431,3,1.0
97,1.0,1.0,3.0780001,1.0,3.0,8,119.9835135510722,230.599792516161,pobre,basal,6,260.0,464.0,1.0,38.0,10,368,9432,3,1.0
98,1.0,1.0,3.0780001,1.0,3.0,8,119.9835135510722,230.599792516161,pobre,basal,6,260.0,464.0,1.0,38.0,11,368,9432,3,1.0
97,0.0,1.0,3.0780001,1.0,0.0,8,119.9835135510722,230.599792516161,pobre,basal,6,260.0,464.0,1.0,38.0,6,368,9433,0,1.0
98,0.0,1.0,3.0780001,1.0,1.0,8,119.9835135510722,230.599792516161,pobre,basal,6,260.0,464.0,1.0,38.0,7,368,9433,0,1.0
97,0.0,1.0,3.0780001,0.0,6.0,6,119.9835135510722,230.599792516161,pobre,basal,1,800.0,633.0,1.0,42.0,16,368,9434,6,0.0
98,0.0,1.0,3.0780001,,,6,119.9835135510722,230.599792516161,pobre,basal,1,800.0,633.0,1.0,42.0,17,368,9434,6,0.0
97,0.0,1.0,3.0780001,0.0,6.0,6,119.9835135510722,230.599792516161,pobre,basal,1,800.0,633.0,1.0,42.0,14,368,9435,6,0.0
98,0.0,1.0,3.0780001,1.0,6.0,6,119.9835135510722,230.599792516161,pobre,basal,1,800.0,633.0,1.0,42.0,15,368,9435,6,0.0
97,1.0,1.0,3.0780001,1.0,0.0,6,119.9835135510722,230.599792516161,pobre,basal,1,800.0,633.0,1.0,42.0,6,368,9436,0,1.0
98,1.0,1.0,3.0780001,1.0,1.0,6,119.9835135510722,230.599792516161,pobre,basal,1,800.0,633.0,1.0,42.0,7,368,9436,0,1.0
97,1.0,1.0,3.0780001,1.0,3.0,6,119.9835135510722,230.599792516161,pobre,basal,4,520.0,530.0,1.0,30.0,10,368,9437,3,1.0
98,1.0,1.0,3.0780001,1.0,4.0,6,119.9835135510722,230.599792516161,pobre,basal,4,520.0,530.0,1.0,30.0,11,368,9437,3,1.0
97,0.0,1.0,3.0780001,1.0,7.0,7,119.9835135510722,230.599792516161,pobre,basal,6,400.0,710.5,1.0,33.0,14,368,9438,7,1.0
98,0.0,1.0,3.0780001,1.0,8.0,7,119.9835135510722,230.599792516161,pobre,basal,6,400.0,710.5,1.0,33.0,15,368,9438,7,1.0
97,1.0,1.0,3.0780001,1.0,5.0,7,119.9835135510722,230.599792516161,pobre,basal,6,400.0,710.5,1.0,33.0,11,368,9439,5,1.0
98,1.0,1.0,3.0780001,1.0,6.0,7,119.9835135510722,230.599792516161,pobre,basal,6,400.0,710.5,1.0,33.0,12,368,9439,5,1.0
97,1.0,1.0,3.0780001,1.0,3.0,7,119.9835135510722,230.599792516161,pobre,basal,6,400.0,710.5,1.0,33.0,8,368,9440,3,1.0
98,1.0,1.0,3.0780001,1.0,4.0,7,119.9835135510722,230.599792516161,pobre,basal,6,400.0,710.5,1.0,33.0,9,368,9440,3,1.0
97,0.0,1.0,3.0780001,1.0,0.0,7,119.9835135510722,230.599792516161,pobre,basal,6,400.0,710.5,1.0,33.0,6,368,9441,0,1.0
98,0.0,1.0,3.0780001,1.0,1.0,7,119.9835135510722,230.599792516161,pobre,basal,6,400.0,710.5,1.0,33.0,7,368,9441,0,1.0
97,1.0,1.0,3.0780001,0.0,4.0,5,119.9835135510722,230.599792516161,pobre,basal,0,0.0,696.5,0.0,58.0,15,368,9442,4,0.0
98,1.0,1.0,3.0780001,0.0,4.0,5,119.9835135510722,230.599792516161,pobre,basal,0,0.0,696.5,0.0,58.0,16,368,9442,4,0.0
97,1.0,1.0,3.0780001,1.0,6.0,8,119.9835135510722,230.599792516161,no pobre,basal,6,276.0,791.0,1.0,52.0,15,368,9443,6,1.0
98,1.0,1.0,3.0780001,1.0,7.0,8,119.9835135510722,230.599792516161,no pobre,basal,6,276.0,791.0,1.0,52.0,16,368,9443,6,1.0
97,1.0,1.0,3.0780001,1.0,6.0,8,119.9835135510722,230.599792516161,no pobre,basal,6,276.0,791.0,1.0,52.0,13,368,9444,6,1.0
98,1.0,1.0,3.0780001,1.0,7.0,8,119.9835135510722,230.599792516161,no pobre,basal,6,276.0,791.0,1.0,52.0,14,368,9444,6,1.0
97,1.0,1.0,3.0780001,1.0,3.0,8,119.9835135510722,230.599792516161,no pobre,basal,6,276.0,791.0,1.0,52.0,9,368,9445,3,1.0
98,1.0,1.0,3.0780001,1.0,4.0,8,119.9835135510722,230.599792516161,no pobre,basal,6,276.0,791.0,1.0,52.0,10,368,9445,3,1.0
97,1.0,1.0,3.0780001,1.0,8.0,5,119.9835135510722,230.599792516161,pobre,basal,3,500.0,673.0,1.0,46.0,14,368,9446,8,1.0
98,1.0,1.0,3.0780001,1.0,9.0,5,119.9835135510722,230.599792516161,pobre,basal,3,500.0,673.0,1.0,46.0,15,368,9446,8,1.0
97,0.0,1.0,3.0780001,1.0,1.0,5,119.9835135510722,230.599792516161,pobre,basal,3,500.0,673.0,1.0,46.0,7,368,9447,1,1.0
98,0.0,1.0,3.0780001,1.0,2.0,5,119.9835135510722,230.599792516161,pobre,basal,3,500.0,673.0,1.0,46.0,8,368,9447,1,1.0
97,1.0,1.0,3.0780001,1.0,7.0,5,119.9835135510722,230.599792516161,pobre,basal,3,500.0,781.0,1.0,50.0,16,368,9448,7,1.0
98,1.0,1.0,3.0780001,,,5,119.9835135510722,230.599792516161,pobre,basal,3,500.0,781.0,1.0,50.0,17,368,9448,7,1.0
97,1.0,1.0,3.0780001,1.0,4.0,5,119.9835135510722,230.599792516161,pobre,basal,3,500.0,781.0,1.0,50.0,14,368,9449,4,1.0
98,1.0,1.0,3.0780001,1.0,5.0,5,119.9835135510722,230.599792516161,pobre,basal,3,500.0,781.0,1.0,50.0,15,368,9449,4,1.0
97,0.0,1.0,3.0780001,1.0,6.0,6,119.9835135510722,230.599792516161,no pobre,basal,6,160.0,1026.0,1.0,46.0,12,368,9450,6,1.0
98,0.0,1.0,3.0780001,1.0,7.0,6,119.9835135510722,230.599792516161,no pobre,basal,6,160.0,1026.0,1.0,46.0,13,368,9450,6,1.0
97,1.0,1.0,3.0780001,1.0,3.0,6,119.9835135510722,230.599792516161,no pobre,basal,6,160.0,1026.0,1.0,46.0,9,368,9451,3,1.0
98,1.0,1.0,3.0780001,1.0,4.0,6,119.9835135510722,230.599792516161,no pobre,basal,6,160.0,1026.0,1.0,46.0,10,368,9451,3,1.0
97,1.0,1.0,3.0780001,0.0,9.0,7,119.9835135510722,230.599792516161,no pobre,basal,3,1200.0,801.0,1.0,46.0,16,368,9452,9,0.0
98,1.0,1.0,3.0780001,,,7,119.9835135510722,230.599792516161,no pobre,basal,3,1200.0,801.0,1.0,46.0,17,368,9452,9,0.0
97,1.0,1.0,3.0780001,1.0,8.0,7,119.9835135510722,230.599792516161,no pobre,basal,3,1200.0,801.0,1.0,46.0,13,368,9453,8,1.0
98,1.0,1.0,3.0780001,1.0,9.0,7,119.9835135510722,230.599792516161,no pobre,basal,3,1200.0,801.0,1.0,46.0,14,368,9453,8,1.0
97,0.0,1.0,3.0780001,1.0,5.0,7,119.9835135510722,230.599792516161,no pobre,basal,3,1200.0,801.0,1.0,46.0,11,368,9454,5,1.0
98,0.0,1.0,3.0780001,1.0,6.0,7,119.9835135510722,230.599792516161,no pobre,basal,3,1200.0,801.0,1.0,46.0,12,368,9454,5,1.0
97,0.0,1.0,3.0780001,1.0,2.0,7,119.9835135510722,230.599792516161,no pobre,basal,3,1200.0,801.0,1.0,46.0,6,368,9455,2,1.0
98,0.0,1.0,3.0780001,1.0,3.0,7,119.9835135510722,230.599792516161,no pobre,basal,3,1200.0,801.0,1.0,46.0,7,368,9455,2,1.0
97,0.0,1.0,3.0780001,1.0,7.0,6,119.9835135510722,230.599792516161,pobre,basal,5,1200.0,655.0,1.0,37.0,13,368,9456,7,1.0
98,0.0,1.0,3.0780001,1.0,8.0,6,119.9835135510722,230.599792516161,pobre,basal,5,1200.0,655.0,1.0,37.0,14,368,9456,7,1.0
97,0.0,1.0,3.0780001,1.0,4.0,6,119.9835135510722,230.599792516161,pobre,basal,5,1200.0,655.0,1.0,37.0,10,368,9457,4,1.0
98,0.0,1.0,3.0780001,1.0,5.0,6,119.9835135510722,230.599792516161,pobre,basal,5,1200.0,655.0,1.0,37.0,11,368,9457,4,1.0
97,0.0,1.0,3.0780001,1.0,5.0,15,119.9835135510722,230.599792516161,pobre,basal,6,500.0,729.0,1.0,41.0,15,368,9458,5,1.0
98,0.0,1.0,3.0780001,1.0,6.0,15,119.9835135510722,230.599792516161,pobre,basal,6,500.0,729.0,1.0,41.0,16,368,9458,5,1.0
97,1.0,1.0,3.0780001,1.0,5.0,15,119.9835135510722,230.599792516161,pobre,basal,6,500.0,729.0,1.0,41.0,13,368,9459,5,1.0
98,1.0,1.0,3.0780001,1.0,6.0,15,119.9835135510722,230.599792516161,pobre,basal,6,500.0,729.0,1.0,41.0,14,368,9459,5,1.0
97,1.0,1.0,3.0780001,1.0,4.0,15,119.9835135510722,230.599792516161,pobre,basal,6,500.0,729.0,1.0,41.0,11,368,9460,4,1.0
98,1.0,1.0,3.0780001,1.0,5.0,15,119.9835135510722,230.599792516161,pobre,basal,6,500.0,729.0,1.0,41.0,12,368,9460,4,1.0
97,0.0,1.0,3.0780001,1.0,2.0,15,119.9835135510722,230.599792516161,pobre,basal,6,500.0,729.0,1.0,41.0,9,368,9461,2,1.0
98,0.0,1.0,3.0780001,1.0,3.0,15,119.9835135510722,230.599792516161,pobre,basal,6,500.0,729.0,1.0,41.0,10,368,9461,2,1.0
97,0.0,1.0,3.0780001,1.0,1.0,15,119.9835135510722,230.599792516161,pobre,basal,6,500.0,729.0,1.0,41.0,7,368,9462,1,1.0
98,0.0,1.0,3.0780001,1.0,2.0,15,119.9835135510722,230.599792516161,pobre,basal,6,500.0,729.0,1.0,41.0,8,368,9462,1,1.0
97,1.0,1.0,3.0780001,1.0,1.0,4,119.9835135510722,230.599792516161,pobre,basal,4,500.0,567.0,1.0,32.0,8,368,9463,1,1.0
98,1.0,1.0,3.0780001,1.0,2.0,4,119.9835135510722,230.599792516161,pobre,basal,4,500.0,567.0,1.0,32.0,9,368,9463,1,1.0
97,0.0,1.0,3.0780001,1.0,0.0,4,119.9835135510722,230.599792516161,pobre,basal,4,500.0,567.0,1.0,32.0,6,368,9464,0,1.0
98,0.0,1.0,3.0780001,1.0,0.0,4,119.9835135510722,230.599792516161,pobre,basal,4,500.0,567.0,1.0,32.0,7,368,9464,0,1.0
97,1.0,1.0,3.0780001,1.0,7.0,8,119.9835135510722,230.599792516161,pobre,basal,6,400.0,675.0,1.0,26.0,15,368,9465,7,1.0
98,1.0,1.0,3.0780001,1.0,8.0,8,119.9835135510722,230.599792516161,pobre,basal,6,400.0,675.0,1.0,26.0,16,368,9465,7,1.0
97,0.0,1.0,3.0780001,1.0,7.0,8,119.9835135510722,230.599792516161,pobre,basal,6,400.0,675.0,1.0,26.0,13,368,9466,7,1.0
98,0.0,1.0,3.0780001,0.0,7.0,8,119.9835135510722,230.599792516161,pobre,basal,6,400.0,675.0,1.0,26.0,14,368,9466,7,1.0
97,1.0,1.0,3.0780001,1.0,3.0,8,119.9835135510722,230.599792516161,pobre,basal,6,400.0,675.0,1.0,26.0,10,368,9467,3,1.0
98,1.0,1.0,3.0780001,1.0,4.0,8,119.9835135510722,230.599792516161,pobre,basal,6,400.0,675.0,1.0,26.0,11,368,9467,3,1.0
97,0.0,1.0,3.0780001,1.0,1.0,8,119.9835135510722,230.599792516161,pobre,basal,6,400.0,675.0,1.0,26.0,7,368,9468,1,1.0
98,0.0,1.0,3.0780001,1.0,2.0,8,119.9835135510722,230.599792516161,pobre,basal,6,400.0,675.0,1.0,26.0,8,368,9468,1,1.0
97,0.0,1.0,3.0780001,1.0,0.0,8,119.9835135510722,230.599792516161,pobre,basal,6,400.0,675.0,1.0,26.0,6,368,9469,0,1.0
98,0.0,1.0,3.0780001,1.0,1.0,8,119.9835135510722,230.599792516161,pobre,basal,6,400.0,675.0,1.0,26.0,7,368,9469,0,1.0
97,1.0,1.0,3.0780001,1.0,7.0,9,119.9835135510722,230.599792516161,no pobre,basal,6,880.0,877.5,1.0,48.0,14,368,9470,7,1.0
98,1.0,1.0,3.0780001,1.0,8.0,9,119.9835135510722,230.599792516161,no pobre,basal,6,880.0,877.5,1.0,48.0,15,368,9470,7,1.0
97,1.0,1.0,3.0780001,1.0,6.0,9,119.9835135510722,230.599792516161,no pobre,basal,6,880.0,877.5,1.0,48.0,12,368,9471,6,1.0
98,1.0,1.0,3.0780001,1.0,7.0,9,119.9835135510722,230.599792516161,no pobre,basal,6,880.0,877.5,1.0,48.0,13,368,9471,6,1.0
97,1.0,1.0,3.0780001,1.0,3.0,9,119.9835135510722,230.599792516161,no pobre,basal,6,880.0,877.5,1.0,48.0,10,368,9472,3,1.0
98,1.0,1.0,3.0780001,1.0,4.0,9,119.9835135510722,230.599792516161,no pobre,basal,6,880.0,877.5,1.0,48.0,11,368,9472,3,1.0
97,1.0,1.0,3.0780001,1.0,2.0,9,119.9835135510722,230.599792516161,no pobre,basal,6,880.0,877.5,1.0,48.0,8,368,9473,2,1.0
98,1.0,1.0,3.0780001,1.0,2.0,9,119.9835135510722,230.599792516161,no pobre,basal,6,880.0,877.5,1.0,48.0,9,368,9473,2,1.0
97,0.0,1.0,3.0780001,1.0,1.0,9,119.9835135510722,230.599792516161,no pobre,basal,6,880.0,877.5,1.0,48.0,7,368,9474,1,1.0
98,0.0,1.0,3.0780001,1.0,2.0,9,119.9835135510722,230.599792516161,no pobre,basal,6,880.0,877.5,1.0,48.0,8,368,9474,1,1.0
97,1.0,1.0,3.0780001,,0.0,7,119.9835135510722,230.599792516161,pobre,basal,2,500.0,590.0,1.0,35.0,10,368,9475,0,
98,1.0,1.0,3.0780001,1.0,3.0,7,119.9835135510722,230.599792516161,pobre,basal,2,500.0,590.0,1.0,35.0,11,368,9475,0,
97,0.0,1.0,3.0780001,1.0,1.0,7,119.9835135510722,230.599792516161,pobre,basal,2,500.0,590.0,1.0,35.0,8,368,9476,1,1.0
98,0.0,1.0,3.0780001,1.0,2.0,7,119.9835135510722,230.599792516161,pobre,basal,2,500.0,590.0,1.0,35.0,9,368,9476,1,1.0
97,1.0,1.0,3.0780001,1.0,8.0,7,119.9835135510722,230.599792516161,no pobre,basal,9,500.0,977.5,1.0,33.0,14,368,9477,8,1.0
98,1.0,1.0,3.0780001,1.0,9.0,7,119.9835135510722,230.599792516161,no pobre,basal,9,500.0,977.5,1.0,33.0,15,368,9477,8,1.0
97,1.0,1.0,3.0780001,1.0,6.0,7,119.9835135510722,230.599792516161,no pobre,basal,9,500.0,977.5,1.0,33.0,12,368,9478,6,1.0
98,1.0,1.0,3.0780001,1.0,7.0,7,119.9835135510722,230.599792516161,no pobre,basal,9,500.0,977.5,1.0,33.0,13,368,9478,6,1.0
97,0.0,1.0,3.0780001,1.0,4.0,7,119.9835135510722,230.599792516161,no pobre,basal,9,500.0,977.5,1.0,33.0,10,368,9479,4,1.0
98,0.0,1.0,3.0780001,1.0,5.0,7,119.9835135510722,230.599792516161,no pobre,basal,9,500.0,977.5,1.0,33.0,11,368,9479,4,1.0
97,1.0,1.0,3.0780001,1.0,2.0,7,119.9835135510722,230.599792516161,no pobre,basal,9,500.0,977.5,1.0,33.0,8,368,9480,2,1.0
98,1.0,1.0,3.0780001,1.0,3.0,7,119.9835135510722,230.599792516161,no pobre,basal,9,500.0,977.5,1.0,33.0,9,368,9480,2,1.0
97,0.0,1.0,3.0780001,1.0,0.0,7,119.9835135510722,230.599792516161,no pobre,basal,9,500.0,977.5,1.0,33.0,6,368,9481,0,1.0
98,0.0,1.0,3.0780001,1.0,1.0,7,119.9835135510722,230.599792516161,no pobre,basal,9,500.0,977.5,1.0,33.0,7,368,9481,0,1.0
97,0.0,1.0,3.0780001,1.0,6.0,11,119.9835135510722,230.599792516161,pobre,basal,1,400.0,466.0,1.0,36.0,15,368,9482,6,1.0
98,0.0,1.0,3.0780001,0.0,6.0,11,119.9835135510722,230.599792516161,pobre,basal,1,400.0,466.0,1.0,36.0,16,368,9482,6,1.0
97,0.0,1.0,3.0780001,1.0,4.0,11,119.9835135510722,230.599792516161,pobre,basal,1,400.0,466.0,1.0,36.0,14,368,9483,4,1.0
98,0.0,1.0,3.0780001,1.0,6.0,11,119.9835135510722,230.599792516161,pobre,basal,1,400.0,466.0,1.0,36.0,15,368,9483,4,1.0
97,0.0,1.0,3.0780001,1.0,4.0,11,119.9835135510722,230.599792516161,pobre,basal,1,400.0,466.0,1.0,36.0,12,368,9484,4,1.0
98,0.0,1.0,3.0780001,1.0,5.0,11,119.9835135510722,230.599792516161,pobre,basal,1,400.0,466.0,1.0,36.0,13,368,9484,4,1.0
97,1.0,1.0,3.0780001,1.0,2.0,11,119.9835135510722,230.599792516161,pobre,basal,1,400.0,466.0,1.0,36.0,10,368,9485,2,1.0
98,1.0,1.0,3.0780001,1.0,3.0,11,119.9835135510722,230.599792516161,pobre,basal,1,400.0,466.0,1.0,36.0,11,368,9485,2,1.0
97,1.0,1.0,3.0780001,1.0,1.0,11,119.9835135510722,230.599792516161,pobre,basal,1,400.0,466.0,1.0,36.0,7,368,9486,1,1.0
98,1.0,1.0,3.0780001,1.0,2.0,11,119.9835135510722,230.599792516161,pobre,basal,1,400.0,466.0,1.0,36.0,8,368,9486,1,1.0
97,0.0,1.0,3.0780001,1.0,0.0,11,119.9835135510722,230.599792516161,pobre,basal,1,400.0,466.0,1.0,36.0,6,368,9487,0,1.0
98,0.0,1.0,3.0780001,1.0,1.0,11,119.9835135510722,230.599792516161,pobre,basal,1,400.0,466.0,1.0,36.0,7,368,9487,0,1.0
97,1.0,1.0,3.0780001,0.0,7.0,12,119.9835135510722,230.599792516161,pobre,basal,6,500.0,670.0,1.0,44.0,14,368,9488,7,0.0
98,1.0,1.0,3.0780001,1.0,8.0,12,119.9835135510722,230.599792516161,pobre,basal,6,500.0,670.0,1.0,44.0,15,368,9488,7,0.0
97,0.0,1.0,3.0780001,1.0,7.0,12,119.9835135510722,230.599792516161,pobre,basal,6,500.0,670.0,1.0,44.0,14,368,9489,7,1.0
98,0.0,1.0,3.0780001,1.0,6.0,12,119.9835135510722,230.599792516161,pobre,basal,6,500.0,670.0,1.0,44.0,15,368,9489,7,1.0
97,1.0,1.0,3.0780001,1.0,2.0,12,119.9835135510722,230.599792516161,pobre,basal,6,500.0,670.0,1.0,44.0,9,368,9490,2,1.0
98,1.0,1.0,3.0780001,1.0,2.0,12,119.9835135510722,230.599792516161,pobre,basal,6,500.0,670.0,1.0,44.0,10,368,9490,2,1.0
97,1.0,1.0,3.0780001,1.0,0.0,12,119.9835135510722,230.599792516161,pobre,basal,6,500.0,670.0,1.0,44.0,6,368,9491,0,1.0
98,1.0,1.0,3.0780001,1.0,1.0,12,119.9835135510722,230.599792516161,pobre,basal,6,500.0,670.0,1.0,44.0,7,368,9491,0,1.0
97,1.0,0.0,1.124,1.0,0.0,8,138.7769189318179,188.5741768609114,pobre,basal,9,625.0,712.0,1.0,26.0,6,299,9492,0,1.0
98,1.0,0.0,1.124,1.0,1.0,8,138.7769189318179,188.5741768609114,pobre,basal,9,625.0,712.0,1.0,26.0,7,299,9492,0,1.0
97,0.0,0.0,1.298,1.0,3.0,5,122.0495904760846,210.6880234250691,no pobre,0,6,625.0,884.0,1.0,34.0,10,327,9493,3,1.0
98,0.0,0.0,1.298,1.0,4.0,5,122.0495904760846,210.6880234250691,no pobre,0,6,625.0,884.0,1.0,34.0,11,327,9493,3,1.0
97,1.0,0.0,1.298,1.0,3.0,5,122.0495904760846,210.6880234250691,no pobre,0,6,625.0,884.0,1.0,34.0,8,327,9494,3,1.0
98,1.0,0.0,1.298,1.0,3.0,5,122.0495904760846,210.6880234250691,no pobre,0,6,625.0,884.0,1.0,34.0,9,327,9494,3,1.0
97,0.0,0.0,1.655,1.0,7.0,7,132.3241812886731,189.3736507663733,no pobre,0,0,1000.0,932.0,1.0,68.0,15,326,9495,7,1.0
98,0.0,0.0,1.655,1.0,8.0,7,132.3241812886731,189.3736507663733,no pobre,0,0,1000.0,932.0,1.0,68.0,16,326,9495,7,1.0
97,0.0,0.0,1.655,0.0,6.0,6,132.3241812886731,189.3736507663733,pobre,0,3,800.0,688.0,1.0,42.0,16,326,9496,6,0.0
98,0.0,0.0,1.655,,,6,132.3241812886731,189.3736507663733,pobre,0,3,800.0,688.0,1.0,42.0,17,326,9496,6,0.0
97,1.0,0.0,1.655,1.0,6.0,6,132.3241812886731,189.3736507663733,pobre,0,3,800.0,688.0,1.0,42.0,12,326,9497,6,1.0
98,1.0,0.0,1.655,1.0,7.0,6,132.3241812886731,189.3736507663733,pobre,0,3,800.0,688.0,1.0,42.0,13,326,9497,6,1.0
97,0.0,0.0,1.655,1.0,1.0,6,132.3241812886731,189.3736507663733,pobre,0,3,800.0,688.0,1.0,42.0,7,326,9498,1,1.0
98,0.0,0.0,1.655,1.0,2.0,6,132.3241812886731,189.3736507663733,pobre,0,3,800.0,688.0,1.0,42.0,8,326,9498,1,1.0
97,0.0,0.0,1.655,1.0,7.0,5,132.3241812886731,189.3736507663733,pobre,0,6,1750.0,725.0,1.0,36.0,16,326,9499,7,1.0
98,0.0,0.0,1.655,,,5,132.3241812886731,189.3736507663733,pobre,0,6,1750.0,725.0,1.0,36.0,17,326,9499,7,1.0
97,0.0,0.0,1.655,1.0,5.0,5,132.3241812886731,189.3736507663733,pobre,0,6,1750.0,725.0,1.0,36.0,12,326,9500,5,1.0
98,0.0,0.0,1.655,1.0,6.0,5,132.3241812886731,189.3736507663733,pobre,0,6,1750.0,725.0,1.0,36.0,13,326,9500,5,1.0
97,1.0,0.0,1.655,1.0,3.0,5,132.3241812886731,189.3736507663733,pobre,0,6,1750.0,725.0,1.0,36.0,10,326,9501,3,1.0
98,1.0,0.0,1.655,1.0,4.0,5,132.3241812886731,189.3736507663733,pobre,0,6,1750.0,725.0,1.0,36.0,11,326,9501,3,1.0
97,1.0,0.0,1.298,1.0,6.0,4,122.0495904760846,210.6880234250691,no pobre,0,0,600.0,829.70001,1.0,61.0,13,327,9502,6,1.0
98,1.0,0.0,1.298,1.0,7.0,4,122.0495904760846,210.6880234250691,no pobre,0,0,600.0,829.70001,1.0,61.0,14,327,9502,6,1.0
97,1.0,0.0,1.298,1.0,1.0,5,122.0495904760846,210.6880234250691,pobre,0,5,0.0,509.0,1.0,32.0,7,327,9503,1,1.0
98,1.0,0.0,1.298,1.0,1.0,5,122.0495904760846,210.6880234250691,pobre,0,5,0.0,509.0,1.0,32.0,8,327,9503,1,1.0
97,1.0,0.0,1.298,1.0,0.0,5,122.0495904760846,210.6880234250691,pobre,0,5,0.0,509.0,1.0,32.0,6,327,9504,0,1.0
98,1.0,0.0,1.298,1.0,1.0,5,122.0495904760846,210.6880234250691,pobre,0,5,0.0,509.0,1.0,32.0,7,327,9504,0,1.0
97,0.0,0.0,1.298,1.0,8.0,4,122.0495904760846,210.6880234250691,no pobre,0,5,5000.0,793.0,1.0,50.0,15,327,9505,8,1.0
98,0.0,0.0,1.298,1.0,9.0,4,122.0495904760846,210.6880234250691,no pobre,0,5,5000.0,793.0,1.0,50.0,16,327,9505,8,1.0
97,1.0,0.0,1.298,1.0,5.0,4,122.0495904760846,210.6880234250691,pobre,0,6,480.0,733.0,1.0,37.0,11,327,9506,5,1.0
98,1.0,0.0,1.298,,,4,122.0495904760846,210.6880234250691,pobre,0,6,480.0,733.0,1.0,37.0,12,327,9506,5,1.0
97,0.0,0.0,1.298,1.0,3.0,4,122.0495904760846,210.6880234250691,pobre,0,6,480.0,733.0,1.0,37.0,9,327,9507,3,1.0
98,0.0,0.0,1.298,1.0,4.0,4,122.0495904760846,210.6880234250691,pobre,0,6,480.0,733.0,1.0,37.0,10,327,9507,3,1.0
97,1.0,0.0,1.655,1.0,8.0,6,132.3241812886731,189.3736507663733,pobre,0,2,1120.0,676.0,1.0,33.0,15,326,9508,8,1.0
98,1.0,0.0,1.655,0.0,9.0,6,132.3241812886731,189.3736507663733,pobre,0,2,1120.0,676.0,1.0,33.0,16,326,9508,8,1.0
97,1.0,0.0,1.655,1.0,3.0,6,132.3241812886731,189.3736507663733,pobre,0,2,1120.0,676.0,1.0,33.0,12,326,9509,3,1.0
98,1.0,0.0,1.655,1.0,4.0,6,132.3241812886731,189.3736507663733,pobre,0,2,1120.0,676.0,1.0,33.0,13,326,9509,3,1.0
97,1.0,0.0,1.655,1.0,2.0,6,132.3241812886731,189.3736507663733,pobre,0,2,1120.0,676.0,1.0,33.0,8,326,9510,2,1.0
98,1.0,0.0,1.655,1.0,3.0,6,132.3241812886731,189.3736507663733,pobre,0,2,1120.0,676.0,1.0,33.0,9,326,9510,2,1.0
97,1.0,0.0,1.655,1.0,6.0,10,132.3241812886731,189.3736507663733,pobre,0,2,640.0,741.0,1.0,43.0,14,326,9511,6,1.0
98,1.0,0.0,1.655,1.0,7.0,10,132.3241812886731,189.3736507663733,pobre,0,2,640.0,741.0,1.0,43.0,15,326,9511,6,1.0
97,1.0,0.0,1.655,1.0,4.0,10,132.3241812886731,189.3736507663733,pobre,0,2,640.0,741.0,1.0,43.0,11,326,9512,4,1.0
98,1.0,0.0,1.655,1.0,5.0,10,132.3241812886731,189.3736507663733,pobre,0,2,640.0,741.0,1.0,43.0,12,326,9512,4,1.0
97,0.0,0.0,1.655,0.0,8.0,10,132.3241812886731,189.3736507663733,pobre,0,2,640.0,741.0,1.0,43.0,15,326,9513,8,0.0
98,0.0,0.0,1.655,0.0,9.0,10,132.3241812886731,189.3736507663733,pobre,0,2,640.0,741.0,1.0,43.0,16,326,9513,8,0.0
97,0.0,0.0,1.655,0.0,9.0,7,132.3241812886731,189.3736507663733,no pobre,0,6,2500.0,828.25,1.0,43.0,16,326,9514,9,0.0
98,0.0,0.0,1.655,,,7,132.3241812886731,189.3736507663733,no pobre,0,6,2500.0,828.25,1.0,43.0,17,326,9514,9,0.0
97,1.0,0.0,1.655,1.0,4.0,7,132.3241812886731,189.3736507663733,no pobre,0,6,2500.0,828.25,1.0,43.0,13,326,9515,4,1.0
98,1.0,0.0,1.655,1.0,5.0,7,132.3241812886731,189.3736507663733,no pobre,0,6,2500.0,828.25,1.0,43.0,14,326,9515,4,1.0
97,1.0,0.0,1.655,1.0,2.0,7,132.3241812886731,189.3736507663733,no pobre,0,6,2500.0,828.25,1.0,43.0,9,326,9516,2,1.0
98,1.0,0.0,1.655,1.0,3.0,7,132.3241812886731,189.3736507663733,no pobre,0,6,2500.0,828.25,1.0,43.0,10,326,9516,2,1.0
97,1.0,0.0,1.655,1.0,0.0,5,132.3241812886731,189.3736507663733,pobre,0,5,750.0,669.0,1.0,26.0,6,326,9517,0,1.0
98,1.0,0.0,1.655,1.0,1.0,5,132.3241812886731,189.3736507663733,pobre,0,5,750.0,669.0,1.0,26.0,7,326,9517,0,1.0
97,0.0,0.0,1.655,1.0,5.0,5,132.3241812886731,189.3736507663733,pobre,0,4,480.0,696.0,1.0,41.0,12,326,9518,5,1.0
98,0.0,0.0,1.655,0.0,6.0,5,132.3241812886731,189.3736507663733,pobre,0,4,480.0,696.0,1.0,41.0,13,326,9518,5,1.0
97,1.0,1.0,0.0,1.0,3.0,7,94.96737126586416,245.3629684136424,pobre,basal,2,500.0,721.5,1.0,39.0,12,357,9519,3,1.0
98,1.0,1.0,0.0,1.0,4.0,7,94.96737126586416,245.3629684136424,pobre,basal,2,500.0,721.5,1.0,39.0,13,357,9519,3,1.0
97,0.0,1.0,0.0,1.0,1.0,7,94.96737126586416,245.3629684136424,pobre,basal,2,500.0,721.5,1.0,39.0,8,357,9520,1,1.0
98,0.0,1.0,0.0,1.0,1.0,7,94.96737126586416,245.3629684136424,pobre,basal,2,500.0,721.5,1.0,39.0,9,357,9520,1,1.0
97,0.0,1.0,0.0,1.0,4.0,5,94.96737126586416,245.3629684136424,pobre,basal,9,500.0,691.0,1.0,34.0,11,357,9521,4,1.0
98,0.0,1.0,0.0,1.0,5.0,5,94.96737126586416,245.3629684136424,pobre,basal,9,500.0,691.0,1.0,34.0,12,357,9521,4,1.0
97,1.0,1.0,0.0,1.0,0.0,5,94.96737126586416,245.3629684136424,pobre,basal,9,500.0,691.0,1.0,34.0,6,357,9522,0,1.0
98,1.0,1.0,0.0,1.0,0.0,5,94.96737126586416,245.3629684136424,pobre,basal,9,500.0,691.0,1.0,34.0,7,357,9522,0,1.0
97,1.0,0.0,0.0,1.0,2.0,8,94.96737126586416,245.3629684136424,pobre,basal,9,500.0,546.0,1.0,34.0,9,357,9523,2,1.0
98,1.0,0.0,0.0,1.0,3.0,8,94.96737126586416,245.3629684136424,pobre,basal,9,500.0,546.0,1.0,34.0,10,357,9523,2,1.0
97,0.0,0.0,0.0,1.0,1.0,8,94.96737126586416,245.3629684136424,pobre,basal,9,500.0,546.0,1.0,34.0,7,357,9524,1,1.0
98,0.0,0.0,0.0,1.0,2.0,8,94.96737126586416,245.3629684136424,pobre,basal,9,500.0,546.0,1.0,34.0,8,357,9524,1,1.0
97,1.0,0.0,0.0,1.0,0.0,8,94.96737126586416,245.3629684136424,pobre,basal,9,500.0,546.0,1.0,34.0,6,357,9525,0,1.0
98,1.0,0.0,0.0,1.0,0.0,8,94.96737126586416,245.3629684136424,pobre,basal,9,500.0,546.0,1.0,34.0,7,357,9525,0,1.0
97,0.0,0.0,1.655,1.0,5.0,5,132.3241812886731,189.3736507663733,pobre,0,2,1248.0,805.0,1.0,44.0,14,326,9526,5,1.0
98,0.0,0.0,1.655,1.0,6.0,5,132.3241812886731,189.3736507663733,pobre,0,2,1248.0,805.0,1.0,44.0,15,326,9526,5,1.0
97,0.0,0.0,1.655,1.0,4.0,5,132.3241812886731,189.3736507663733,pobre,0,2,1248.0,805.0,1.0,44.0,11,326,9527,4,1.0
98,0.0,0.0,1.655,1.0,5.0,5,132.3241812886731,189.3736507663733,pobre,0,2,1248.0,805.0,1.0,44.0,12,326,9527,4,1.0
97,0.0,0.0,1.655,1.0,3.0,5,132.3241812886731,189.3736507663733,pobre,0,2,1248.0,805.0,1.0,44.0,9,326,9528,3,1.0
98,0.0,0.0,1.655,1.0,4.0,5,132.3241812886731,189.3736507663733,pobre,0,2,1248.0,805.0,1.0,44.0,10,326,9528,3,1.0
97,1.0,0.0,1.655,0.0,5.0,5,132.3241812886731,189.3736507663733,pobre,0,2,875.0,828.0,1.0,37.0,16,326,9529,5,0.0
98,1.0,0.0,1.655,,,5,132.3241812886731,189.3736507663733,pobre,0,2,875.0,828.0,1.0,37.0,17,326,9529,5,0.0
97,0.0,0.0,1.655,0.0,6.0,5,132.3241812886731,189.3736507663733,pobre,0,2,875.0,828.0,1.0,37.0,15,326,9530,6,0.0
98,0.0,0.0,1.655,,,5,132.3241812886731,189.3736507663733,pobre,0,2,875.0,828.0,1.0,37.0,16,326,9530,6,0.0
97,1.0,0.0,1.655,1.0,7.0,5,132.3241812886731,189.3736507663733,pobre,0,2,875.0,828.0,1.0,37.0,12,326,9531,7,1.0
98,1.0,0.0,1.655,1.0,7.0,5,132.3241812886731,189.3736507663733,pobre,0,2,875.0,828.0,1.0,37.0,13,326,9531,7,1.0
97,1.0,0.0,1.655,1.0,1.0,4,132.3241812886731,189.3736507663733,pobre,0,6,750.0,762.0,1.0,34.0,7,326,9532,1,1.0
98,1.0,0.0,1.655,1.0,2.0,4,132.3241812886731,189.3736507663733,pobre,0,6,750.0,762.0,1.0,34.0,8,326,9532,1,1.0
97,0.0,0.0,1.655,1.0,0.0,4,132.3241812886731,189.3736507663733,pobre,0,6,750.0,762.0,1.0,34.0,6,326,9533,0,1.0
98,0.0,0.0,1.655,1.0,1.0,4,132.3241812886731,189.3736507663733,pobre,0,6,750.0,762.0,1.0,34.0,7,326,9533,0,1.0
97,1.0,0.0,1.655,1.0,1.0,4,132.3241812886731,189.3736507663733,no pobre,0,9,875.0,851.0,1.0,27.0,7,326,9534,1,1.0
98,1.0,0.0,1.655,1.0,2.0,4,132.3241812886731,189.3736507663733,no pobre,0,9,875.0,851.0,1.0,27.0,8,326,9534,1,1.0
97,1.0,0.0,1.655,1.0,0.0,4,132.3241812886731,189.3736507663733,no pobre,0,9,875.0,851.0,1.0,27.0,6,326,9535,0,1.0
98,1.0,0.0,1.655,1.0,1.0,4,132.3241812886731,189.3736507663733,no pobre,0,9,875.0,851.0,1.0,27.0,7,326,9535,0,1.0
97,1.0,0.0,1.655,1.0,2.0,5,132.3241812886731,189.3736507663733,pobre,0,3,875.0,665.0,1.0,28.0,10,326,9536,2,1.0
98,1.0,0.0,1.655,,,5,132.3241812886731,189.3736507663733,pobre,0,3,875.0,665.0,1.0,28.0,11,326,9536,2,1.0
97,0.0,0.0,1.655,1.0,2.0,5,132.3241812886731,189.3736507663733,pobre,0,3,875.0,665.0,1.0,28.0,9,326,9537,2,1.0
98,0.0,0.0,1.655,,,5,132.3241812886731,189.3736507663733,pobre,0,3,875.0,665.0,1.0,28.0,10,326,9537,2,1.0
97,1.0,0.0,1.655,1.0,0.0,5,132.3241812886731,189.3736507663733,pobre,0,3,875.0,665.0,1.0,28.0,6,326,9538,0,1.0
98,1.0,0.0,1.655,,,5,132.3241812886731,189.3736507663733,pobre,0,3,875.0,665.0,1.0,28.0,7,326,9538,0,1.0
97,1.0,0.0,1.655,1.0,5.0,7,132.3241812886731,189.3736507663733,no pobre,0,3,66.666664,1049.0,1.0,54.0,13,326,9539,5,1.0
98,1.0,0.0,1.655,0.0,6.0,7,132.3241812886731,189.3736507663733,no pobre,0,3,66.666664,1049.0,1.0,54.0,14,326,9539,5,1.0
97,1.0,0.0,1.655,1.0,6.0,7,132.3241812886731,189.3736507663733,no pobre,0,3,66.666664,1049.0,1.0,54.0,13,326,9540,6,1.0
98,1.0,0.0,1.655,1.0,7.0,7,132.3241812886731,189.3736507663733,no pobre,0,3,66.666664,1049.0,1.0,54.0,14,326,9540,6,1.0
97,0.0,0.0,1.655,1.0,8.0,3,132.3241812886731,189.3736507663733,no pobre,0,1,1250.0,770.0,1.0,59.0,15,326,9541,8,1.0
98,0.0,0.0,1.655,0.0,9.0,3,132.3241812886731,189.3736507663733,no pobre,0,1,1250.0,770.0,1.0,59.0,16,326,9541,8,1.0
97,0.0,0.0,1.655,0.0,4.0,5,132.3241812886731,189.3736507663733,no pobre,0,3,1160.0,955.0,1.0,40.0,16,326,9542,4,0.0
98,0.0,0.0,1.655,,,5,132.3241812886731,189.3736507663733,no pobre,0,3,1160.0,955.0,1.0,40.0,17,326,9542,4,0.0
97,1.0,0.0,1.655,1.0,5.0,5,132.3241812886731,189.3736507663733,no pobre,0,3,1160.0,955.0,1.0,40.0,13,326,9543,5,1.0
98,1.0,0.0,1.655,1.0,6.0,5,132.3241812886731,189.3736507663733,no pobre,0,3,1160.0,955.0,1.0,40.0,14,326,9543,5,1.0
97,1.0,0.0,1.655,0.0,3.0,5,132.3241812886731,189.3736507663733,no pobre,0,3,1160.0,955.0,1.0,40.0,11,326,9544,3,0.0
98,1.0,0.0,1.655,1.0,4.0,5,132.3241812886731,189.3736507663733,no pobre,0,3,1160.0,955.0,1.0,40.0,12,326,9544,3,0.0
97,1.0,0.0,1.655,0.0,5.0,7,132.3241812886731,189.3736507663733,no pobre,0,2,250.0,977.0,1.0,60.0,16,326,9545,5,0.0
98,1.0,0.0,1.655,,,7,132.3241812886731,189.3736507663733,no pobre,0,2,250.0,977.0,1.0,60.0,17,326,9545,5,0.0
97,1.0,0.0,1.655,1.0,4.0,7,132.3241812886731,189.3736507663733,no pobre,0,2,250.0,977.0,1.0,60.0,12,326,9546,4,1.0
98,1.0,0.0,1.655,1.0,5.0,7,132.3241812886731,189.3736507663733,no pobre,0,2,250.0,977.0,1.0,60.0,13,326,9546,4,1.0
97,0.0,0.0,1.655,1.0,3.0,7,132.3241812886731,189.3736507663733,no pobre,0,2,250.0,977.0,1.0,60.0,10,326,9547,3,1.0
98,0.0,0.0,1.655,1.0,4.0,7,132.3241812886731,189.3736507663733,no pobre,0,2,250.0,977.0,1.0,60.0,11,326,9547,3,1.0
97,1.0,0.0,1.655,1.0,8.0,5,132.3241812886731,189.3736507663733,pobre,0,3,750.0,696.0,1.0,39.0,15,326,9548,8,1.0
98,1.0,0.0,1.655,0.0,9.0,5,132.3241812886731,189.3736507663733,pobre,0,3,750.0,696.0,1.0,39.0,16,326,9548,8,1.0
97,0.0,0.0,1.655,0.0,6.0,5,132.3241812886731,189.3736507663733,pobre,0,3,750.0,696.0,1.0,39.0,13,326,9549,6,0.0
98,0.0,0.0,1.655,1.0,6.0,5,132.3241812886731,189.3736507663733,pobre,0,3,750.0,696.0,1.0,39.0,14,326,9549,6,0.0
97,0.0,0.0,1.655,1.0,0.0,5,132.3241812886731,189.3736507663733,pobre,0,3,750.0,696.0,1.0,39.0,6,326,9550,0,1.0
98,0.0,0.0,1.655,1.0,1.0,5,132.3241812886731,189.3736507663733,pobre,0,3,750.0,696.0,1.0,39.0,7,326,9550,0,1.0
97,0.0,0.0,1.655,0.0,9.0,3,132.3241812886731,189.3736507663733,pobre,0,0,0.0,731.0,0.0,56.0,16,326,9551,9,0.0
98,0.0,0.0,1.655,,,3,132.3241812886731,189.3736507663733,pobre,0,0,0.0,731.0,0.0,56.0,17,326,9551,9,0.0
97,0.0,0.0,1.655,1.0,7.0,5,132.3241812886731,189.3736507663733,no pobre,0,1,320.0,789.5,1.0,52.0,14,326,9552,7,1.0
98,0.0,0.0,1.655,1.0,8.0,5,132.3241812886731,189.3736507663733,no pobre,0,1,320.0,789.5,1.0,52.0,15,326,9552,7,1.0
97,0.0,0.0,1.655,1.0,4.0,6,132.3241812886731,189.3736507663733,pobre,0,0,0.0,877.0,0.0,75.0,10,326,9553,4,1.0
98,0.0,0.0,1.655,1.0,5.0,6,132.3241812886731,189.3736507663733,pobre,0,0,0.0,877.0,0.0,75.0,11,326,9553,4,1.0
97,1.0,0.0,1.655,1.0,0.0,6,132.3241812886731,189.3736507663733,pobre,0,0,0.0,877.0,0.0,75.0,6,326,9554,0,1.0
98,1.0,0.0,1.655,1.0,1.0,6,132.3241812886731,189.3736507663733,pobre,0,0,0.0,877.0,0.0,75.0,7,326,9554,0,1.0
97,1.0,0.0,1.655,1.0,4.0,4,132.3241812886731,189.3736507663733,pobre,0,9,9000.0,617.0,1.0,30.0,10,326,9555,4,1.0
98,1.0,0.0,1.655,1.0,5.0,4,132.3241812886731,189.3736507663733,pobre,0,9,9000.0,617.0,1.0,30.0,11,326,9555,4,1.0
97,0.0,0.0,1.655,1.0,2.0,4,132.3241812886731,189.3736507663733,pobre,0,9,9000.0,617.0,1.0,30.0,8,326,9556,2,1.0
98,0.0,0.0,1.655,1.0,3.0,4,132.3241812886731,189.3736507663733,pobre,0,9,9000.0,617.0,1.0,30.0,9,326,9556,2,1.0
97,0.0,0.0,1.655,1.0,4.0,6,132.3241812886731,189.3736507663733,pobre,0,3,750.0,738.0,1.0,40.0,11,326,9557,4,1.0
98,0.0,0.0,1.655,1.0,5.0,6,132.3241812886731,189.3736507663733,pobre,0,3,750.0,738.0,1.0,40.0,12,326,9557,4,1.0
97,1.0,0.0,1.655,1.0,2.0,6,132.3241812886731,189.3736507663733,pobre,0,3,750.0,738.0,1.0,40.0,9,326,9558,2,1.0
98,1.0,0.0,1.655,1.0,3.0,6,132.3241812886731,189.3736507663733,pobre,0,3,750.0,738.0,1.0,40.0,10,326,9558,2,1.0
97,1.0,0.0,1.655,1.0,7.0,11,132.3241812886731,189.3736507663733,pobre,0,1,640.0,783.25,1.0,48.0,16,326,9559,7,1.0
98,1.0,0.0,1.655,,,11,132.3241812886731,189.3736507663733,pobre,0,1,640.0,783.25,1.0,48.0,17,326,9559,7,1.0
97,0.0,0.0,1.655,1.0,5.0,11,132.3241812886731,189.3736507663733,pobre,0,1,640.0,783.25,1.0,48.0,11,326,9560,5,1.0
98,0.0,0.0,1.655,1.0,6.0,11,132.3241812886731,189.3736507663733,pobre,0,1,640.0,783.25,1.0,48.0,12,326,9560,5,1.0
97,0.0,0.0,1.655,1.0,1.0,11,132.3241812886731,189.3736507663733,pobre,0,1,640.0,783.25,1.0,48.0,9,326,9561,1,1.0
98,0.0,0.0,1.655,,,11,132.3241812886731,189.3736507663733,pobre,0,1,640.0,783.25,1.0,48.0,10,326,9561,1,1.0
97,1.0,0.0,1.655,0.0,3.0,6,132.3241812886731,189.3736507663733,pobre,0,2,200.0,871.0,1.0,43.0,15,326,9562,3,0.0
98,1.0,0.0,1.655,0.0,3.0,6,132.3241812886731,189.3736507663733,pobre,0,2,200.0,871.0,1.0,43.0,16,326,9562,3,0.0
97,0.0,0.0,1.655,0.0,5.0,6,132.3241812886731,189.3736507663733,pobre,0,2,200.0,871.0,1.0,43.0,10,326,9563,5,0.0
98,0.0,0.0,1.655,1.0,5.0,6,132.3241812886731,189.3736507663733,pobre,0,2,200.0,871.0,1.0,43.0,11,326,9563,5,0.0
97,1.0,0.0,1.655,1.0,7.0,3,132.3241812886731,189.3736507663733,pobre,0,0,0.0,723.0,0.0,77.0,14,326,9564,7,1.0
98,1.0,0.0,1.655,1.0,8.0,3,132.3241812886731,189.3736507663733,pobre,0,0,0.0,723.0,0.0,77.0,15,326,9564,7,1.0
97,0.0,0.0,1.655,1.0,4.0,3,132.3241812886731,189.3736507663733,pobre,0,0,0.0,723.0,0.0,77.0,11,326,9565,4,1.0
98,0.0,0.0,1.655,1.0,5.0,3,132.3241812886731,189.3736507663733,pobre,0,0,0.0,723.0,0.0,77.0,12,326,9565,4,1.0
97,1.0,0.0,1.655,1.0,3.0,4,132.3241812886731,189.3736507663733,pobre,0,2,875.0,804.0,1.0,40.0,10,326,9566,3,1.0
98,1.0,0.0,1.655,1.0,4.0,4,132.3241812886731,189.3736507663733,pobre,0,2,875.0,804.0,1.0,40.0,11,326,9566,3,1.0
97,0.0,0.0,1.655,1.0,1.0,4,132.3241812886731,189.3736507663733,pobre,0,2,875.0,804.0,1.0,40.0,7,326,9567,1,1.0
98,0.0,0.0,1.655,1.0,2.0,4,132.3241812886731,189.3736507663733,pobre,0,2,875.0,804.0,1.0,40.0,8,326,9567,1,1.0
97,0.0,0.0,1.655,1.0,5.0,3,132.3241812886731,189.3736507663733,no pobre,0,1,200.0,862.5,1.0,54.0,11,326,9568,5,1.0
98,0.0,0.0,1.655,1.0,6.0,3,132.3241812886731,189.3736507663733,no pobre,0,1,200.0,862.5,1.0,54.0,12,326,9568,5,1.0
97,1.0,0.0,1.655,0.0,6.0,3,132.3241812886731,189.3736507663733,pobre,0,6,720.0,708.0,1.0,16.0,16,326,9569,6,0.0
98,1.0,0.0,1.655,,,3,132.3241812886731,189.3736507663733,pobre,0,6,720.0,708.0,1.0,16.0,17,326,9569,6,0.0
97,0.0,0.0,0.0,0.0,6.0,10,79.3348151972757,252.4114961505544,no pobre,basal,3,700.0,828.0,1.0,42.0,16,355,9570,6,0.0
98,0.0,0.0,0.0,,,10,79.3348151972757,252.4114961505544,no pobre,basal,3,700.0,828.0,1.0,42.0,17,355,9570,6,0.0
97,0.0,0.0,0.0,1.0,8.0,10,79.3348151972757,252.4114961505544,no pobre,basal,3,700.0,828.0,1.0,42.0,15,355,9571,8,1.0
98,0.0,0.0,0.0,0.0,9.0,10,79.3348151972757,252.4114961505544,no pobre,basal,3,700.0,828.0,1.0,42.0,16,355,9571,8,1.0
97,0.0,0.0,0.0,1.0,7.0,10,79.3348151972757,252.4114961505544,no pobre,basal,3,700.0,828.0,1.0,42.0,14,355,9572,7,1.0
98,0.0,0.0,0.0,1.0,8.0,10,79.3348151972757,252.4114961505544,no pobre,basal,3,700.0,828.0,1.0,42.0,15,355,9572,7,1.0
97,1.0,0.0,0.0,1.0,5.0,10,79.3348151972757,252.4114961505544,no pobre,basal,3,700.0,828.0,1.0,42.0,10,355,9573,5,1.0
98,1.0,0.0,0.0,1.0,6.0,10,79.3348151972757,252.4114961505544,no pobre,basal,3,700.0,828.0,1.0,42.0,11,355,9573,5,1.0
97,1.0,0.0,0.0,1.0,3.0,10,79.3348151972757,252.4114961505544,no pobre,basal,3,700.0,828.0,1.0,42.0,9,355,9574,3,1.0
98,1.0,0.0,0.0,1.0,4.0,10,79.3348151972757,252.4114961505544,no pobre,basal,3,700.0,828.0,1.0,42.0,10,355,9574,3,1.0
97,0.0,0.0,1.874,0.0,6.0,7,130.0060766480666,284.6292048200044,pobre,0,0,375.0,803.5,1.0,55.0,15,449,9575,6,0.0
98,0.0,0.0,1.874,0.0,6.0,7,130.0060766480666,284.6292048200044,pobre,0,0,375.0,803.5,1.0,55.0,16,449,9575,6,0.0
97,1.0,0.0,1.874,,0.0,7,130.0060766480666,284.6292048200044,pobre,0,0,375.0,803.5,1.0,55.0,14,449,9576,0,
98,1.0,0.0,1.874,0.0,3.0,7,130.0060766480666,284.6292048200044,pobre,0,0,375.0,803.5,1.0,55.0,15,449,9576,0,
97,0.0,,1.874,1.0,4.0,7,130.0060766480666,284.6292048200044,pobre,0,1,375.0,695.5,1.0,31.0,9,449,9577,4,1.0
98,0.0,,1.874,1.0,5.0,7,130.0060766480666,284.6292048200044,pobre,0,1,375.0,695.5,1.0,31.0,10,449,9577,4,1.0
97,0.0,,1.874,1.0,2.0,7,130.0060766480666,284.6292048200044,pobre,0,1,375.0,695.5,1.0,31.0,8,449,9578,2,1.0
98,0.0,,1.874,1.0,3.0,7,130.0060766480666,284.6292048200044,pobre,0,1,375.0,695.5,1.0,31.0,9,449,9578,2,1.0
97,0.0,,1.874,1.0,0.0,7,130.0060766480666,284.6292048200044,pobre,0,1,375.0,695.5,1.0,31.0,6,449,9579,0,1.0
98,0.0,,1.874,1.0,1.0,7,130.0060766480666,284.6292048200044,pobre,0,1,375.0,695.5,1.0,31.0,7,449,9579,0,1.0
97,1.0,1.0,0.0,1.0,7.0,4,156.0063538077824,276.0084339545272,pobre,0,3,375.0,712.0,1.0,65.0,15,465,9580,7,1.0
98,1.0,1.0,0.0,1.0,8.0,4,156.0063538077824,276.0084339545272,pobre,0,3,375.0,712.0,1.0,65.0,16,465,9580,7,1.0
97,0.0,1.0,0.0,1.0,4.0,4,156.0063538077824,276.0084339545272,pobre,0,3,375.0,712.0,1.0,65.0,12,465,9581,4,1.0
98,0.0,1.0,0.0,1.0,5.0,4,156.0063538077824,276.0084339545272,pobre,0,3,375.0,712.0,1.0,65.0,13,465,9581,4,1.0
97,0.0,1.0,2.8710001,0.0,6.0,5,157.2175772604217,290.5822678775554,pobre,0,0,0.0,686.0,0.0,57.0,14,407,9582,6,0.0
98,0.0,1.0,2.8710001,0.0,6.0,5,157.2175772604217,290.5822678775554,pobre,0,0,0.0,686.0,0.0,57.0,15,407,9582,6,0.0
97,0.0,1.0,2.8710001,1.0,2.0,9,157.2175772604217,290.5822678775554,pobre,0,0,625.0,671.5,1.0,59.0,9,407,9583,2,1.0
98,0.0,1.0,2.8710001,0.0,2.0,9,157.2175772604217,290.5822678775554,pobre,0,0,625.0,671.5,1.0,59.0,10,407,9583,2,1.0
97,1.0,1.0,2.8710001,1.0,1.0,9,157.2175772604217,290.5822678775554,pobre,0,0,625.0,671.5,1.0,59.0,7,407,9584,1,1.0
98,1.0,1.0,2.8710001,0.0,1.0,9,157.2175772604217,290.5822678775554,pobre,0,0,625.0,671.5,1.0,59.0,8,407,9584,1,1.0
97,1.0,1.0,2.8710001,1.0,6.0,9,157.2175772604217,290.5822678775554,pobre,0,0,625.0,671.5,1.0,59.0,13,407,9585,6,1.0
98,1.0,1.0,2.8710001,,6.0,9,157.2175772604217,290.5822678775554,pobre,0,0,625.0,671.5,1.0,59.0,14,407,9585,6,1.0
97,1.0,0.0,2.8710001,0.0,6.0,6,157.2175772604217,290.5822678775554,pobre,0,0,625.0,786.5,1.0,57.0,16,407,9586,6,0.0
98,1.0,0.0,2.8710001,,,6,157.2175772604217,290.5822678775554,pobre,0,0,625.0,786.5,1.0,57.0,17,407,9586,6,0.0
97,0.0,0.0,2.8710001,1.0,4.0,6,157.2175772604217,290.5822678775554,pobre,0,0,625.0,786.5,1.0,57.0,11,407,9587,4,1.0
98,0.0,0.0,2.8710001,1.0,5.0,6,157.2175772604217,290.5822678775554,pobre,0,0,625.0,786.5,1.0,57.0,12,407,9587,4,1.0
97,1.0,1.0,2.8710001,1.0,3.0,6,157.2175772604217,290.5822678775554,pobre,0,4,625.0,610.0,1.0,38.0,11,407,9588,3,1.0
98,1.0,1.0,2.8710001,1.0,4.0,6,157.2175772604217,290.5822678775554,pobre,0,4,625.0,610.0,1.0,38.0,12,407,9588,3,1.0
97,1.0,1.0,2.8710001,1.0,2.0,6,157.2175772604217,290.5822678775554,pobre,0,4,625.0,610.0,1.0,38.0,9,407,9589,2,1.0
98,1.0,1.0,2.8710001,1.0,3.0,6,157.2175772604217,290.5822678775554,pobre,0,4,625.0,610.0,1.0,38.0,10,407,9589,2,1.0
97,0.0,0.0,0.0,1.0,8.0,10,164.1265393410777,261.5337637035205,pobre,0,0,600.0,820.0,1.0,72.0,14,464,9590,8,1.0
98,0.0,0.0,0.0,1.0,8.0,10,164.1265393410777,261.5337637035205,pobre,0,0,600.0,820.0,1.0,72.0,15,464,9590,8,1.0
97,1.0,0.0,0.0,1.0,5.0,10,164.1265393410777,261.5337637035205,pobre,0,0,600.0,820.0,1.0,72.0,12,464,9591,5,1.0
98,1.0,0.0,0.0,1.0,5.0,10,164.1265393410777,261.5337637035205,pobre,0,0,600.0,820.0,1.0,72.0,13,464,9591,5,1.0
97,1.0,0.0,0.0,1.0,1.0,10,164.1265393410777,261.5337637035205,pobre,0,0,600.0,820.0,1.0,72.0,6,464,9592,1,1.0
98,1.0,0.0,0.0,1.0,1.0,10,164.1265393410777,261.5337637035205,pobre,0,0,600.0,820.0,1.0,72.0,7,464,9592,1,1.0
97,0.0,1.0,3.0439999,0.0,6.0,7,162.0278080249973,264.1598546067176,pobre,0,6,625.0,615.0,1.0,45.0,14,466,9593,6,0.0
98,0.0,1.0,3.0439999,0.0,6.0,7,162.0278080249973,264.1598546067176,pobre,0,6,625.0,615.0,1.0,45.0,15,466,9593,6,0.0
97,1.0,1.0,3.0439999,1.0,1.0,7,162.0278080249973,264.1598546067176,pobre,0,6,625.0,615.0,1.0,45.0,9,466,9594,1,1.0
98,1.0,1.0,3.0439999,1.0,2.0,7,162.0278080249973,264.1598546067176,pobre,0,6,625.0,615.0,1.0,45.0,10,466,9594,1,1.0
97,0.0,1.0,3.0439999,1.0,0.0,7,162.0278080249973,264.1598546067176,pobre,0,6,625.0,615.0,1.0,45.0,6,466,9595,0,1.0
98,0.0,1.0,3.0439999,1.0,0.0,7,162.0278080249973,264.1598546067176,pobre,0,6,625.0,615.0,1.0,45.0,7,466,9595,0,1.0
97,0.0,1.0,3.0439999,0.0,4.0,9,162.0278080249973,264.1598546067176,pobre,0,6,625.0,742.5,1.0,44.0,16,466,9596,4,0.0
98,0.0,1.0,3.0439999,,,9,162.0278080249973,264.1598546067176,pobre,0,6,625.0,742.5,1.0,44.0,17,466,9596,4,0.0
97,0.0,1.0,3.0439999,1.0,7.0,9,162.0278080249973,264.1598546067176,pobre,0,6,625.0,742.5,1.0,44.0,14,466,9597,7,1.0
98,0.0,1.0,3.0439999,1.0,8.0,9,162.0278080249973,264.1598546067176,pobre,0,6,625.0,742.5,1.0,44.0,15,466,9597,7,1.0
97,1.0,1.0,3.0439999,1.0,5.0,9,162.0278080249973,264.1598546067176,pobre,0,6,625.0,742.5,1.0,44.0,12,466,9598,5,1.0
98,1.0,1.0,3.0439999,1.0,5.0,9,162.0278080249973,264.1598546067176,pobre,0,6,625.0,742.5,1.0,44.0,13,466,9598,5,1.0
97,1.0,1.0,3.0439999,1.0,3.0,9,162.0278080249973,264.1598546067176,pobre,0,6,625.0,742.5,1.0,44.0,10,466,9599,3,1.0
98,1.0,1.0,3.0439999,1.0,3.0,9,162.0278080249973,264.1598546067176,pobre,0,6,625.0,742.5,1.0,44.0,11,466,9599,3,1.0
97,1.0,1.0,3.0439999,,0.0,9,162.0278080249973,264.1598546067176,pobre,0,6,625.0,742.5,1.0,44.0,8,466,9600,0,
98,1.0,1.0,3.0439999,1.0,1.0,9,162.0278080249973,264.1598546067176,pobre,0,6,625.0,742.5,1.0,44.0,9,466,9600,0,
97,0.0,1.0,3.0439999,1.0,5.0,8,162.0278080249973,264.1598546067176,pobre,0,6,625.0,596.0,1.0,77.0,12,466,9601,5,1.0
98,0.0,1.0,3.0439999,1.0,6.0,8,162.0278080249973,264.1598546067176,pobre,0,6,625.0,596.0,1.0,77.0,13,466,9601,5,1.0
97,0.0,1.0,3.0439999,1.0,5.0,8,162.0278080249973,264.1598546067176,pobre,0,6,625.0,596.0,1.0,77.0,11,466,9602,5,1.0
98,0.0,1.0,3.0439999,1.0,6.0,8,162.0278080249973,264.1598546067176,pobre,0,6,625.0,596.0,1.0,77.0,12,466,9602,5,1.0
97,0.0,1.0,3.0439999,1.0,3.0,8,162.0278080249973,264.1598546067176,pobre,0,6,625.0,596.0,1.0,77.0,9,466,9603,3,1.0
98,0.0,1.0,3.0439999,1.0,4.0,8,162.0278080249973,264.1598546067176,pobre,0,6,625.0,596.0,1.0,77.0,10,466,9603,3,1.0
97,1.0,1.0,0.0,1.0,4.0,7,156.0063538077824,276.0084339545272,pobre,0,6,375.0,769.5,1.0,39.0,10,465,9604,4,1.0
98,1.0,1.0,0.0,1.0,4.0,7,156.0063538077824,276.0084339545272,pobre,0,6,375.0,769.5,1.0,39.0,11,465,9604,4,1.0
97,1.0,1.0,0.0,1.0,5.0,6,156.0063538077824,276.0084339545272,pobre,0,0,375.0,769.0,1.0,45.0,14,465,9605,5,1.0
98,1.0,1.0,0.0,1.0,5.0,6,156.0063538077824,276.0084339545272,pobre,0,0,375.0,769.0,1.0,45.0,15,465,9605,5,1.0
97,0.0,1.0,0.0,1.0,2.0,6,156.0063538077824,276.0084339545272,pobre,0,0,375.0,769.0,1.0,45.0,10,465,9606,2,1.0
98,0.0,1.0,0.0,1.0,3.0,6,156.0063538077824,276.0084339545272,pobre,0,0,375.0,769.0,1.0,45.0,11,465,9606,2,1.0
97,1.0,1.0,0.0,1.0,1.0,6,156.0063538077824,276.0084339545272,pobre,0,0,375.0,769.0,1.0,45.0,7,465,9607,1,1.0
98,1.0,1.0,0.0,1.0,1.0,6,156.0063538077824,276.0084339545272,pobre,0,0,375.0,769.0,1.0,45.0,8,465,9607,1,1.0
97,0.0,1.0,0.0,1.0,4.0,5,156.0063538077824,276.0084339545272,pobre,0,6,420.0,633.0,1.0,30.0,10,465,9608,4,1.0
98,0.0,1.0,0.0,1.0,4.0,5,156.0063538077824,276.0084339545272,pobre,0,6,420.0,633.0,1.0,30.0,11,465,9608,4,1.0
97,1.0,1.0,0.0,1.0,8.0,3,156.0063538077824,276.0084339545272,pobre,0,3,480.0,695.0,1.0,56.0,16,465,9609,8,1.0
98,1.0,1.0,0.0,,,3,156.0063538077824,276.0084339545272,pobre,0,3,480.0,695.0,1.0,56.0,17,465,9609,8,1.0
97,1.0,1.0,0.0,1.0,8.0,8,156.0063538077824,276.0084339545272,pobre,0,3,375.0,731.0,1.0,52.0,15,465,9610,8,1.0
98,1.0,1.0,0.0,1.0,8.0,8,156.0063538077824,276.0084339545272,pobre,0,3,375.0,731.0,1.0,52.0,16,465,9610,8,1.0
97,0.0,1.0,0.0,1.0,5.0,8,156.0063538077824,276.0084339545272,pobre,0,3,375.0,731.0,1.0,52.0,12,465,9611,5,1.0
98,0.0,1.0,0.0,1.0,5.0,8,156.0063538077824,276.0084339545272,pobre,0,3,375.0,731.0,1.0,52.0,13,465,9611,5,1.0
97,1.0,1.0,0.0,1.0,2.0,8,156.0063538077824,276.0084339545272,pobre,0,3,375.0,731.0,1.0,52.0,8,465,9612,2,1.0
98,1.0,1.0,0.0,1.0,2.0,8,156.0063538077824,276.0084339545272,pobre,0,3,375.0,731.0,1.0,52.0,9,465,9612,2,1.0
97,1.0,1.0,0.0,1.0,6.0,6,156.0063538077824,276.0084339545272,pobre,0,3,375.0,740.0,1.0,36.0,14,465,9613,6,1.0
98,1.0,1.0,0.0,1.0,7.0,6,156.0063538077824,276.0084339545272,pobre,0,3,375.0,740.0,1.0,36.0,15,465,9613,6,1.0
97,1.0,1.0,0.0,1.0,6.0,6,156.0063538077824,276.0084339545272,pobre,0,3,375.0,740.0,1.0,36.0,12,465,9614,6,1.0
98,1.0,1.0,0.0,1.0,6.0,6,156.0063538077824,276.0084339545272,pobre,0,3,375.0,740.0,1.0,36.0,13,465,9614,6,1.0
97,0.0,1.0,0.0,1.0,4.0,8,156.0063538077824,276.0084339545272,pobre,0,6,500.0,574.0,1.0,30.0,11,465,9615,4,1.0
98,0.0,1.0,0.0,1.0,5.0,8,156.0063538077824,276.0084339545272,pobre,0,6,500.0,574.0,1.0,30.0,12,465,9615,4,1.0
97,1.0,1.0,0.0,1.0,1.0,8,156.0063538077824,276.0084339545272,pobre,0,6,500.0,574.0,1.0,30.0,7,465,9616,1,1.0
98,1.0,1.0,0.0,1.0,2.0,8,156.0063538077824,276.0084339545272,pobre,0,6,500.0,574.0,1.0,30.0,8,465,9616,1,1.0
97,0.0,1.0,0.0,0.0,6.0,10,156.0063538077824,276.0084339545272,pobre,0,5,375.0,563.0,1.0,36.0,16,465,9617,6,0.0
98,0.0,1.0,0.0,,,10,156.0063538077824,276.0084339545272,pobre,0,5,375.0,563.0,1.0,36.0,17,465,9617,6,0.0
97,1.0,1.0,0.0,1.0,5.0,10,156.0063538077824,276.0084339545272,pobre,0,5,375.0,563.0,1.0,36.0,14,465,9618,5,1.0
98,1.0,1.0,0.0,1.0,6.0,10,156.0063538077824,276.0084339545272,pobre,0,5,375.0,563.0,1.0,36.0,15,465,9618,5,1.0
97,1.0,1.0,0.0,1.0,4.0,10,156.0063538077824,276.0084339545272,pobre,0,5,375.0,563.0,1.0,36.0,11,465,9619,4,1.0
98,1.0,1.0,0.0,1.0,5.0,10,156.0063538077824,276.0084339545272,pobre,0,5,375.0,563.0,1.0,36.0,12,465,9619,4,1.0
97,1.0,1.0,0.0,1.0,2.0,10,156.0063538077824,276.0084339545272,pobre,0,5,375.0,563.0,1.0,36.0,8,465,9620,2,1.0
98,1.0,1.0,0.0,1.0,3.0,10,156.0063538077824,276.0084339545272,pobre,0,5,375.0,563.0,1.0,36.0,9,465,9620,2,1.0
97,1.0,1.0,0.0,1.0,1.0,10,156.0063538077824,276.0084339545272,pobre,0,5,375.0,563.0,1.0,36.0,7,465,9621,1,1.0
98,1.0,1.0,0.0,1.0,2.0,10,156.0063538077824,276.0084339545272,pobre,0,5,375.0,563.0,1.0,36.0,8,465,9621,1,1.0
97,0.0,1.0,0.0,1.0,5.0,7,156.0063538077824,276.0084339545272,pobre,0,6,375.0,717.5,1.0,28.0,10,465,9622,5,1.0
98,0.0,1.0,0.0,1.0,6.0,7,156.0063538077824,276.0084339545272,pobre,0,6,375.0,717.5,1.0,28.0,11,465,9622,5,1.0
97,1.0,1.0,0.0,1.0,1.0,7,156.0063538077824,276.0084339545272,pobre,0,6,375.0,717.5,1.0,28.0,8,465,9623,1,1.0
98,1.0,1.0,0.0,1.0,2.0,7,156.0063538077824,276.0084339545272,pobre,0,6,375.0,717.5,1.0,28.0,9,465,9623,1,1.0
97,1.0,1.0,0.0,1.0,7.0,13,156.0063538077824,276.0084339545272,pobre,0,8,375.0,756.5,1.0,34.0,11,465,9624,7,1.0
98,1.0,1.0,0.0,1.0,8.0,13,156.0063538077824,276.0084339545272,pobre,0,8,375.0,756.5,1.0,34.0,12,465,9624,7,1.0
97,0.0,1.0,0.0,1.0,3.0,13,156.0063538077824,276.0084339545272,pobre,0,8,375.0,756.5,1.0,34.0,8,465,9625,3,1.0
98,0.0,1.0,0.0,1.0,4.0,13,156.0063538077824,276.0084339545272,pobre,0,8,375.0,756.5,1.0,34.0,9,465,9625,3,1.0
97,0.0,1.0,0.0,1.0,5.0,13,156.0063538077824,276.0084339545272,pobre,0,8,375.0,756.5,1.0,34.0,11,465,9626,5,1.0
98,0.0,1.0,0.0,1.0,6.0,13,156.0063538077824,276.0084339545272,pobre,0,8,375.0,756.5,1.0,34.0,12,465,9626,5,1.0
97,1.0,1.0,0.0,1.0,3.0,13,156.0063538077824,276.0084339545272,pobre,0,8,375.0,756.5,1.0,34.0,8,465,9627,3,1.0
98,1.0,1.0,0.0,1.0,4.0,13,156.0063538077824,276.0084339545272,pobre,0,8,375.0,756.5,1.0,34.0,9,465,9627,3,1.0
97,0.0,1.0,0.0,1.0,0.0,13,156.0063538077824,276.0084339545272,pobre,0,8,375.0,756.5,1.0,34.0,6,465,9628,0,1.0
98,0.0,1.0,0.0,1.0,0.0,13,156.0063538077824,276.0084339545272,pobre,0,8,375.0,756.5,1.0,34.0,7,465,9628,0,1.0
97,0.0,1.0,0.0,1.0,8.0,8,156.0063538077824,276.0084339545272,pobre,0,3,375.0,721.0,1.0,55.0,16,465,9629,8,1.0
98,0.0,1.0,0.0,,,8,156.0063538077824,276.0084339545272,pobre,0,3,375.0,721.0,1.0,55.0,17,465,9629,8,1.0
97,0.0,1.0,0.0,1.0,5.0,8,156.0063538077824,276.0084339545272,pobre,0,3,375.0,721.0,1.0,55.0,13,465,9630,5,1.0
98,0.0,1.0,0.0,1.0,6.0,8,156.0063538077824,276.0084339545272,pobre,0,3,375.0,721.0,1.0,55.0,14,465,9630,5,1.0
97,1.0,1.0,0.0,1.0,5.0,8,156.0063538077824,276.0084339545272,pobre,0,3,375.0,721.0,1.0,55.0,11,465,9631,5,1.0
98,1.0,1.0,0.0,1.0,6.0,8,156.0063538077824,276.0084339545272,pobre,0,3,375.0,721.0,1.0,55.0,12,465,9631,5,1.0
97,1.0,1.0,0.0,1.0,6.0,9,156.0063538077824,276.0084339545272,pobre,0,6,375.0,679.5,1.0,24.0,13,465,9632,6,1.0
98,1.0,1.0,0.0,1.0,7.0,9,156.0063538077824,276.0084339545272,pobre,0,6,375.0,679.5,1.0,24.0,14,465,9632,6,1.0
97,0.0,1.0,0.0,1.0,6.0,5,156.0063538077824,276.0084339545272,pobre,0,4,375.0,707.0,1.0,31.0,13,465,9633,6,1.0
98,0.0,1.0,0.0,0.0,6.0,5,156.0063538077824,276.0084339545272,pobre,0,4,375.0,707.0,1.0,31.0,14,465,9633,6,1.0
97,1.0,1.0,0.0,1.0,5.0,5,156.0063538077824,276.0084339545272,pobre,0,4,375.0,707.0,1.0,31.0,10,465,9634,5,1.0
98,1.0,1.0,0.0,1.0,5.0,5,156.0063538077824,276.0084339545272,pobre,0,4,375.0,707.0,1.0,31.0,11,465,9634,5,1.0
97,0.0,1.0,0.0,1.0,0.0,5,156.0063538077824,276.0084339545272,pobre,0,4,375.0,707.0,1.0,31.0,6,465,9635,0,1.0
98,0.0,1.0,0.0,1.0,0.0,5,156.0063538077824,276.0084339545272,pobre,0,4,375.0,707.0,1.0,31.0,7,465,9635,0,1.0
97,1.0,1.0,0.0,1.0,5.0,7,156.0063538077824,276.0084339545272,pobre,0,6,375.0,604.0,1.0,38.0,13,465,9636,5,1.0
98,1.0,1.0,0.0,1.0,6.0,7,156.0063538077824,276.0084339545272,pobre,0,6,375.0,604.0,1.0,38.0,14,465,9636,5,1.0
97,0.0,1.0,0.0,1.0,2.0,7,156.0063538077824,276.0084339545272,pobre,0,6,375.0,604.0,1.0,38.0,8,465,9637,2,1.0
98,0.0,1.0,0.0,1.0,3.0,7,156.0063538077824,276.0084339545272,pobre,0,6,375.0,604.0,1.0,38.0,9,465,9637,2,1.0
97,0.0,1.0,0.0,1.0,6.0,6,156.0063538077824,276.0084339545272,pobre,0,3,375.0,820.0,1.0,57.0,13,465,9638,6,1.0
98,0.0,1.0,0.0,1.0,7.0,6,156.0063538077824,276.0084339545272,pobre,0,3,375.0,820.0,1.0,57.0,14,465,9638,6,1.0
97,0.0,1.0,0.0,1.0,0.0,6,156.0063538077824,276.0084339545272,pobre,0,3,375.0,820.0,1.0,57.0,6,465,9639,0,1.0
98,0.0,1.0,0.0,1.0,0.0,6,156.0063538077824,276.0084339545272,pobre,0,3,375.0,820.0,1.0,57.0,7,465,9639,0,1.0
97,0.0,1.0,0.0,1.0,6.0,5,156.0063538077824,276.0084339545272,pobre,0,4,375.0,810.0,1.0,54.0,14,465,9640,6,1.0
98,0.0,1.0,0.0,1.0,6.0,5,156.0063538077824,276.0084339545272,pobre,0,4,375.0,810.0,1.0,54.0,15,465,9640,6,1.0
97,1.0,1.0,0.0,1.0,3.0,5,156.0063538077824,276.0084339545272,pobre,0,4,375.0,810.0,1.0,54.0,9,465,9641,3,1.0
98,1.0,1.0,0.0,1.0,3.0,5,156.0063538077824,276.0084339545272,pobre,0,4,375.0,810.0,1.0,54.0,10,465,9641,3,1.0
97,0.0,1.0,2.6989999,1.0,8.0,8,158.6534742411145,288.193981596407,pobre,basal,6,500.0,663.0,1.0,23.0,14,406,9642,8,1.0
98,0.0,1.0,2.6989999,1.0,9.0,8,158.6534742411145,288.193981596407,pobre,basal,6,500.0,663.0,1.0,23.0,15,406,9642,8,1.0
97,1.0,1.0,2.6989999,1.0,10.0,8,158.6534742411145,288.193981596407,pobre,basal,6,500.0,663.0,1.0,23.0,16,406,9643,10,1.0
98,1.0,1.0,2.6989999,1.0,9.0,8,158.6534742411145,288.193981596407,pobre,basal,6,500.0,663.0,1.0,23.0,17,406,9643,10,1.0
97,0.0,1.0,2.6989999,1.0,3.0,4,158.6534742411145,288.193981596407,pobre,basal,4,500.0,720.0,1.0,90.0,9,406,9644,3,1.0
98,0.0,1.0,2.6989999,1.0,3.0,4,158.6534742411145,288.193981596407,pobre,basal,4,500.0,720.0,1.0,90.0,10,406,9644,3,1.0
97,0.0,1.0,2.6989999,1.0,1.0,4,158.6534742411145,288.193981596407,pobre,basal,4,500.0,720.0,1.0,90.0,7,406,9645,1,1.0
98,0.0,1.0,2.6989999,1.0,2.0,4,158.6534742411145,288.193981596407,pobre,basal,4,500.0,720.0,1.0,90.0,8,406,9645,1,1.0
97,1.0,1.0,2.6989999,1.0,6.0,7,158.6534742411145,288.193981596407,pobre,basal,6,500.0,615.0,1.0,40.0,14,406,9646,6,1.0
98,1.0,1.0,2.6989999,1.0,6.0,7,158.6534742411145,288.193981596407,pobre,basal,6,500.0,615.0,1.0,40.0,15,406,9646,6,1.0
97,1.0,1.0,2.6989999,1.0,6.0,7,158.6534742411145,288.193981596407,pobre,basal,6,500.0,615.0,1.0,40.0,11,406,9647,6,1.0
98,1.0,1.0,2.6989999,,,7,158.6534742411145,288.193981596407,pobre,basal,6,500.0,615.0,1.0,40.0,12,406,9647,6,1.0
97,0.0,1.0,2.6989999,1.0,3.0,7,158.6534742411145,288.193981596407,pobre,basal,6,500.0,615.0,1.0,40.0,9,406,9648,3,1.0
98,0.0,1.0,2.6989999,1.0,3.0,7,158.6534742411145,288.193981596407,pobre,basal,6,500.0,615.0,1.0,40.0,10,406,9648,3,1.0
97,1.0,1.0,2.6989999,1.0,0.0,7,158.6534742411145,288.193981596407,pobre,basal,6,500.0,615.0,1.0,40.0,6,406,9649,0,1.0
98,1.0,1.0,2.6989999,,,7,158.6534742411145,288.193981596407,pobre,basal,6,500.0,615.0,1.0,40.0,7,406,9649,0,1.0
97,0.0,1.0,2.6989999,1.0,9.0,6,158.6534742411145,288.193981596407,pobre,basal,6,500.0,760.0,1.0,49.0,15,406,9650,9,1.0
98,0.0,1.0,2.6989999,1.0,8.0,6,158.6534742411145,288.193981596407,pobre,basal,6,500.0,760.0,1.0,49.0,16,406,9650,9,1.0
97,0.0,1.0,2.6989999,1.0,2.0,6,158.6534742411145,288.193981596407,pobre,basal,6,500.0,760.0,1.0,49.0,12,406,9651,2,1.0
98,0.0,1.0,2.6989999,0.0,5.0,6,158.6534742411145,288.193981596407,pobre,basal,6,500.0,760.0,1.0,49.0,13,406,9651,2,1.0
97,0.0,1.0,2.6989999,1.0,2.0,6,158.6534742411145,288.193981596407,pobre,basal,6,500.0,760.0,1.0,49.0,11,406,9652,2,1.0
98,0.0,1.0,2.6989999,1.0,4.0,6,158.6534742411145,288.193981596407,pobre,basal,6,500.0,760.0,1.0,49.0,12,406,9652,2,1.0
97,0.0,0.0,3.319,0.0,6.0,5,151.6755249492749,289.9828830190902,pobre,basal,3,500.0,832.5,1.0,62.0,14,448,9653,6,0.0
98,0.0,0.0,3.319,0.0,6.0,5,151.6755249492749,289.9828830190902,pobre,basal,3,500.0,832.5,1.0,62.0,15,448,9653,6,0.0
97,1.0,0.0,3.319,1.0,5.0,5,151.6755249492749,289.9828830190902,pobre,basal,3,500.0,832.5,1.0,62.0,10,448,9654,5,1.0
98,1.0,0.0,3.319,1.0,5.0,5,151.6755249492749,289.9828830190902,pobre,basal,3,500.0,832.5,1.0,62.0,11,448,9654,5,1.0
97,1.0,0.0,3.319,1.0,4.0,8,151.6755249492749,289.9828830190902,pobre,basal,5,480.0,639.0,1.0,34.0,9,448,9655,4,1.0
98,1.0,0.0,3.319,1.0,5.0,8,151.6755249492749,289.9828830190902,pobre,basal,5,480.0,639.0,1.0,34.0,10,448,9655,4,1.0
97,1.0,0.0,3.319,1.0,3.0,8,151.6755249492749,289.9828830190902,pobre,basal,5,480.0,639.0,1.0,34.0,11,448,9656,3,1.0
98,1.0,0.0,3.319,1.0,4.0,8,151.6755249492749,289.9828830190902,pobre,basal,5,480.0,639.0,1.0,34.0,12,448,9656,3,1.0
97,0.0,0.0,3.319,1.0,2.0,8,151.6755249492749,289.9828830190902,pobre,basal,5,480.0,639.0,1.0,34.0,10,448,9657,2,1.0
98,0.0,0.0,3.319,1.0,2.0,8,151.6755249492749,289.9828830190902,pobre,basal,5,480.0,639.0,1.0,34.0,11,448,9657,2,1.0
97,0.0,0.0,3.319,1.0,2.0,8,151.6755249492749,289.9828830190902,pobre,basal,5,480.0,639.0,1.0,34.0,9,448,9658,2,1.0
98,0.0,0.0,3.319,1.0,3.0,8,151.6755249492749,289.9828830190902,pobre,basal,5,480.0,639.0,1.0,34.0,10,448,9658,2,1.0
97,1.0,0.0,1.874,1.0,7.0,2,130.0060766480666,284.6292048200044,pobre,0,0,0.0,844.0,0.0,53.0,13,449,9659,7,1.0
98,1.0,0.0,1.874,1.0,8.0,2,130.0060766480666,284.6292048200044,pobre,0,0,0.0,844.0,0.0,53.0,14,449,9659,7,1.0
97,0.0,0.0,1.874,1.0,5.0,5,130.0060766480666,284.6292048200044,pobre,0,0,500.0,710.0,1.0,31.0,11,449,9660,5,1.0
98,0.0,0.0,1.874,1.0,6.0,5,130.0060766480666,284.6292048200044,pobre,0,0,500.0,710.0,1.0,31.0,12,449,9660,5,1.0
97,1.0,0.0,1.874,1.0,3.0,5,130.0060766480666,284.6292048200044,pobre,0,0,500.0,710.0,1.0,31.0,9,449,9661,3,1.0
98,1.0,0.0,1.874,1.0,3.0,5,130.0060766480666,284.6292048200044,pobre,0,0,500.0,710.0,1.0,31.0,10,449,9661,3,1.0
97,0.0,0.0,1.874,0.0,6.0,7,130.0060766480666,284.6292048200044,pobre,0,0,0.0,1055.0,1.0,53.0,15,449,9662,6,0.0
98,0.0,0.0,1.874,0.0,6.0,7,130.0060766480666,284.6292048200044,pobre,0,0,0.0,1055.0,1.0,53.0,16,449,9662,6,0.0
97,0.0,0.0,1.874,1.0,2.0,3,130.0060766480666,284.6292048200044,pobre,0,2,375.0,690.5,1.0,35.0,9,449,9663,2,1.0
98,0.0,0.0,1.874,1.0,3.0,3,130.0060766480666,284.6292048200044,pobre,0,2,375.0,690.5,1.0,35.0,10,449,9663,2,1.0
97,0.0,0.0,1.874,0.0,6.0,5,130.0060766480666,284.6292048200044,pobre,0,0,600.0,915.5,1.0,56.0,12,449,9664,6,0.0
98,0.0,0.0,1.874,0.0,6.0,5,130.0060766480666,284.6292048200044,pobre,0,0,600.0,915.5,1.0,56.0,13,449,9664,6,0.0
97,0.0,0.0,1.874,,0.0,8,130.0060766480666,284.6292048200044,pobre,0,2,375.0,539.0,1.0,26.0,10,449,9665,0,
98,0.0,0.0,1.874,0.0,3.0,8,130.0060766480666,284.6292048200044,pobre,0,2,375.0,539.0,1.0,26.0,11,449,9665,0,
97,0.0,0.0,1.874,,0.0,8,130.0060766480666,284.6292048200044,pobre,0,2,375.0,539.0,1.0,26.0,8,449,9666,0,
98,0.0,0.0,1.874,0.0,1.0,8,130.0060766480666,284.6292048200044,pobre,0,2,375.0,539.0,1.0,26.0,9,449,9666,0,
97,0.0,0.0,1.874,,0.0,8,130.0060766480666,284.6292048200044,pobre,0,2,375.0,539.0,1.0,26.0,6,449,9667,0,
98,0.0,0.0,1.874,1.0,1.0,8,130.0060766480666,284.6292048200044,pobre,0,2,375.0,539.0,1.0,26.0,7,449,9667,0,
97,1.0,0.0,1.874,1.0,5.0,8,130.0060766480666,284.6292048200044,pobre,0,9,500.0,673.0,1.0,30.0,11,449,9668,5,1.0
98,1.0,0.0,1.874,1.0,6.0,8,130.0060766480666,284.6292048200044,pobre,0,9,500.0,673.0,1.0,30.0,12,449,9668,5,1.0
97,1.0,0.0,1.874,1.0,3.0,8,130.0060766480666,284.6292048200044,pobre,0,9,500.0,673.0,1.0,30.0,9,449,9669,3,1.0
98,1.0,0.0,1.874,1.0,4.0,8,130.0060766480666,284.6292048200044,pobre,0,9,500.0,673.0,1.0,30.0,10,449,9669,3,1.0
97,1.0,0.0,1.874,1.0,2.0,8,130.0060766480666,284.6292048200044,pobre,0,9,500.0,673.0,1.0,30.0,8,449,9670,2,1.0
98,1.0,0.0,1.874,1.0,3.0,8,130.0060766480666,284.6292048200044,pobre,0,9,500.0,673.0,1.0,30.0,9,449,9670,2,1.0
97,1.0,0.0,1.874,1.0,0.0,8,130.0060766480666,284.6292048200044,pobre,0,9,500.0,673.0,1.0,30.0,6,449,9671,0,1.0
98,1.0,0.0,1.874,1.0,1.0,8,130.0060766480666,284.6292048200044,pobre,0,9,500.0,673.0,1.0,30.0,7,449,9671,0,1.0
97,0.0,0.0,1.874,1.0,1.0,5,130.0060766480666,284.6292048200044,pobre,0,3,0.0,736.5,1.0,30.0,7,449,9672,1,1.0
98,0.0,0.0,1.874,1.0,2.0,5,130.0060766480666,284.6292048200044,pobre,0,3,0.0,736.5,1.0,30.0,8,449,9672,1,1.0
97,1.0,0.0,1.874,0.0,4.0,12,130.0060766480666,284.6292048200044,pobre,0,0,375.0,608.79999,1.0,48.0,14,449,9673,4,0.0
98,1.0,0.0,1.874,0.0,4.0,12,130.0060766480666,284.6292048200044,pobre,0,0,375.0,608.79999,1.0,48.0,15,449,9673,4,0.0
97,0.0,0.0,1.874,1.0,3.0,12,130.0060766480666,284.6292048200044,pobre,0,0,375.0,608.79999,1.0,48.0,12,449,9674,3,1.0
98,0.0,0.0,1.874,1.0,4.0,12,130.0060766480666,284.6292048200044,pobre,0,0,375.0,608.79999,1.0,48.0,13,449,9674,3,1.0
97,0.0,0.0,1.874,1.0,3.0,12,130.0060766480666,284.6292048200044,pobre,0,0,375.0,608.79999,1.0,48.0,11,449,9675,3,1.0
98,0.0,0.0,1.874,1.0,4.0,12,130.0060766480666,284.6292048200044,pobre,0,0,375.0,608.79999,1.0,48.0,12,449,9675,3,1.0
97,1.0,0.0,1.874,1.0,1.0,12,130.0060766480666,284.6292048200044,pobre,0,0,375.0,608.79999,1.0,48.0,10,449,9676,1,1.0
98,1.0,0.0,1.874,1.0,1.0,12,130.0060766480666,284.6292048200044,pobre,0,0,375.0,608.79999,1.0,48.0,11,449,9676,1,1.0
97,1.0,0.0,1.874,1.0,0.0,12,130.0060766480666,284.6292048200044,pobre,0,0,375.0,608.79999,1.0,48.0,8,449,9677,0,1.0
98,1.0,0.0,1.874,1.0,1.0,12,130.0060766480666,284.6292048200044,pobre,0,0,375.0,608.79999,1.0,48.0,9,449,9677,0,1.0
97,0.0,0.0,3.319,1.0,6.0,5,151.6755249492749,289.9828830190902,pobre,basal,1,500.0,864.5,1.0,67.0,13,448,9678,6,1.0
98,0.0,0.0,3.319,,,5,151.6755249492749,289.9828830190902,pobre,basal,1,500.0,864.5,1.0,67.0,14,448,9678,6,1.0
97,1.0,0.0,3.319,1.0,5.0,5,151.6755249492749,289.9828830190902,pobre,basal,1,500.0,864.5,1.0,67.0,11,448,9679,5,1.0
98,1.0,0.0,3.319,1.0,5.0,5,151.6755249492749,289.9828830190902,pobre,basal,1,500.0,864.5,1.0,67.0,12,448,9679,5,1.0
97,0.0,0.0,3.319,1.0,1.0,8,151.6755249492749,289.9828830190902,pobre,basal,0,500.0,921.0,1.0,42.0,6,448,9680,1,1.0
98,0.0,0.0,3.319,1.0,1.0,8,151.6755249492749,289.9828830190902,pobre,basal,0,500.0,921.0,1.0,42.0,7,448,9680,1,1.0
97,1.0,0.0,3.319,1.0,3.0,5,151.6755249492749,289.9828830190902,pobre,basal,3,500.0,947.0,1.0,48.0,10,448,9681,3,1.0
98,1.0,0.0,3.319,1.0,4.0,5,151.6755249492749,289.9828830190902,pobre,basal,3,500.0,947.0,1.0,48.0,11,448,9681,3,1.0
97,1.0,1.0,2.6989999,1.0,8.0,8,158.6534742411145,288.193981596407,pobre,basal,3,4.0,816.0,1.0,55.0,15,406,9682,8,1.0
98,1.0,1.0,2.6989999,1.0,8.0,8,158.6534742411145,288.193981596407,pobre,basal,3,4.0,816.0,1.0,55.0,16,406,9682,8,1.0
97,0.0,1.0,2.6989999,1.0,5.0,8,158.6534742411145,288.193981596407,pobre,basal,3,4.0,816.0,1.0,55.0,13,406,9683,5,1.0
98,0.0,1.0,2.6989999,0.0,6.0,8,158.6534742411145,288.193981596407,pobre,basal,3,4.0,816.0,1.0,55.0,14,406,9683,5,1.0
97,1.0,1.0,2.6989999,1.0,4.0,8,158.6534742411145,288.193981596407,pobre,basal,3,4.0,816.0,1.0,55.0,11,406,9684,4,1.0
98,1.0,1.0,2.6989999,,,8,158.6534742411145,288.193981596407,pobre,basal,3,4.0,816.0,1.0,55.0,12,406,9684,4,1.0
97,1.0,1.0,2.6989999,1.0,0.0,8,158.6534742411145,288.193981596407,pobre,basal,3,4.0,816.0,1.0,55.0,6,406,9685,0,1.0
98,1.0,1.0,2.6989999,0.0,0.0,8,158.6534742411145,288.193981596407,pobre,basal,3,4.0,816.0,1.0,55.0,7,406,9685,0,1.0
97,0.0,1.0,2.6989999,1.0,2.0,6,158.6534742411145,288.193981596407,pobre,basal,12,2600.0,931.0,1.0,35.0,7,406,9686,2,1.0
98,0.0,1.0,2.6989999,1.0,2.0,6,158.6534742411145,288.193981596407,pobre,basal,12,2600.0,931.0,1.0,35.0,8,406,9686,2,1.0
97,0.0,1.0,2.6989999,1.0,0.0,6,158.6534742411145,288.193981596407,pobre,basal,12,2600.0,931.0,1.0,35.0,6,406,9687,0,1.0
98,0.0,1.0,2.6989999,1.0,0.0,6,158.6534742411145,288.193981596407,pobre,basal,12,2600.0,931.0,1.0,35.0,7,406,9687,0,1.0
97,1.0,0.0,2.6989999,1.0,9.0,4,158.6534742411145,288.193981596407,pobre,basal,0,4.0,844.0,1.0,51.0,16,406,9688,9,1.0
98,1.0,0.0,2.6989999,,,4,158.6534742411145,288.193981596407,pobre,basal,0,4.0,844.0,1.0,51.0,17,406,9688,9,1.0
97,1.0,1.0,2.6989999,1.0,5.0,4,158.6534742411145,288.193981596407,pobre,basal,0,4.0,721.0,1.0,48.0,12,406,9689,5,1.0
98,1.0,1.0,2.6989999,1.0,6.0,4,158.6534742411145,288.193981596407,pobre,basal,0,4.0,721.0,1.0,48.0,13,406,9689,5,1.0
97,0.0,1.0,2.6989999,1.0,2.0,4,158.6534742411145,288.193981596407,pobre,basal,0,4.0,721.0,1.0,48.0,10,406,9690,2,1.0
98,0.0,1.0,2.6989999,1.0,3.0,4,158.6534742411145,288.193981596407,pobre,basal,0,4.0,721.0,1.0,48.0,11,406,9690,2,1.0
97,0.0,1.0,2.6989999,1.0,9.0,10,158.6534742411145,288.193981596407,pobre,basal,0,500.0,675.0,1.0,52.0,14,406,9691,9,1.0
98,0.0,1.0,2.6989999,0.0,9.0,10,158.6534742411145,288.193981596407,pobre,basal,0,500.0,675.0,1.0,52.0,15,406,9691,9,1.0
97,1.0,1.0,2.6989999,1.0,7.0,10,158.6534742411145,288.193981596407,pobre,basal,0,500.0,675.0,1.0,52.0,13,406,9692,7,1.0
98,1.0,1.0,2.6989999,1.0,7.0,10,158.6534742411145,288.193981596407,pobre,basal,0,500.0,675.0,1.0,52.0,14,406,9692,7,1.0
97,0.0,1.0,2.6989999,1.0,1.0,10,158.6534742411145,288.193981596407,pobre,basal,0,500.0,675.0,1.0,52.0,6,406,9693,1,1.0
98,0.0,1.0,2.6989999,1.0,2.0,10,158.6534742411145,288.193981596407,pobre,basal,0,500.0,675.0,1.0,52.0,7,406,9693,1,1.0
97,1.0,1.0,2.6989999,1.0,1.0,10,158.6534742411145,288.193981596407,pobre,basal,0,500.0,675.0,1.0,52.0,6,406,9694,1,1.0
98,1.0,1.0,2.6989999,1.0,1.0,10,158.6534742411145,288.193981596407,pobre,basal,0,500.0,675.0,1.0,52.0,7,406,9694,1,1.0
97,0.0,1.0,2.6989999,1.0,7.0,10,158.6534742411145,288.193981596407,no pobre,basal,12,0.25,1084.0,1.0,37.0,12,406,9695,7,1.0
98,0.0,1.0,2.6989999,1.0,6.0,10,158.6534742411145,288.193981596407,no pobre,basal,12,0.25,1084.0,1.0,37.0,13,406,9695,7,1.0
97,0.0,1.0,2.6989999,1.0,5.0,10,158.6534742411145,288.193981596407,no pobre,basal,12,0.25,1084.0,1.0,37.0,11,406,9696,5,1.0
98,0.0,1.0,2.6989999,1.0,5.0,10,158.6534742411145,288.193981596407,no pobre,basal,12,0.25,1084.0,1.0,37.0,12,406,9696,5,1.0
97,0.0,1.0,2.6989999,1.0,1.0,10,158.6534742411145,288.193981596407,no pobre,basal,12,0.25,1084.0,1.0,37.0,6,406,9697,1,1.0
98,0.0,1.0,2.6989999,1.0,1.0,10,158.6534742411145,288.193981596407,no pobre,basal,12,0.25,1084.0,1.0,37.0,7,406,9697,1,1.0
97,0.0,1.0,2.6989999,1.0,3.0,5,158.6534742411145,288.193981596407,pobre,basal,0,500.0,652.0,1.0,42.0,10,406,9698,3,1.0
98,0.0,1.0,2.6989999,1.0,4.0,5,158.6534742411145,288.193981596407,pobre,basal,0,500.0,652.0,1.0,42.0,11,406,9698,3,1.0
97,1.0,1.0,2.6989999,1.0,1.0,5,158.6534742411145,288.193981596407,pobre,basal,0,500.0,652.0,1.0,42.0,7,406,9699,1,1.0
98,1.0,1.0,2.6989999,1.0,2.0,5,158.6534742411145,288.193981596407,pobre,basal,0,500.0,652.0,1.0,42.0,8,406,9699,1,1.0
97,0.0,0.0,0.0,1.0,7.0,13,156.0063538077824,276.0084339545272,pobre,0,3,500.0,699.0,1.0,35.0,13,465,9700,7,1.0
98,0.0,0.0,0.0,1.0,8.0,13,156.0063538077824,276.0084339545272,pobre,0,3,500.0,699.0,1.0,35.0,14,465,9700,7,1.0
97,1.0,0.0,0.0,1.0,2.0,13,156.0063538077824,276.0084339545272,pobre,0,3,500.0,699.0,1.0,35.0,8,465,9701,2,1.0
98,1.0,0.0,0.0,1.0,2.0,13,156.0063538077824,276.0084339545272,pobre,0,3,500.0,699.0,1.0,35.0,9,465,9701,2,1.0
97,1.0,0.0,0.0,,0.0,13,156.0063538077824,276.0084339545272,pobre,0,3,500.0,699.0,1.0,35.0,6,465,9702,0,
98,1.0,0.0,0.0,1.0,2.0,13,156.0063538077824,276.0084339545272,pobre,0,3,500.0,699.0,1.0,35.0,7,465,9702,0,
97,0.0,0.0,0.0,1.0,7.0,13,156.0063538077824,276.0084339545272,pobre,0,3,500.0,699.0,1.0,35.0,15,465,9703,7,1.0
98,0.0,0.0,0.0,1.0,8.0,13,156.0063538077824,276.0084339545272,pobre,0,3,500.0,699.0,1.0,35.0,16,465,9703,7,1.0
97,0.0,0.0,0.0,1.0,4.0,13,156.0063538077824,276.0084339545272,pobre,0,3,500.0,699.0,1.0,35.0,11,465,9704,4,1.0
98,0.0,0.0,0.0,1.0,4.0,13,156.0063538077824,276.0084339545272,pobre,0,3,500.0,699.0,1.0,35.0,12,465,9704,4,1.0
97,0.0,1.0,0.0,1.0,8.0,5,156.0063538077824,276.0084339545272,pobre,0,3,500.0,755.5,1.0,44.0,14,465,9705,8,1.0
98,0.0,1.0,0.0,1.0,8.0,5,156.0063538077824,276.0084339545272,pobre,0,3,500.0,755.5,1.0,44.0,15,465,9705,8,1.0
97,0.0,1.0,0.0,1.0,3.0,5,156.0063538077824,276.0084339545272,pobre,0,3,500.0,755.5,1.0,44.0,8,465,9706,3,1.0
98,0.0,1.0,0.0,1.0,3.0,5,156.0063538077824,276.0084339545272,pobre,0,3,500.0,755.5,1.0,44.0,9,465,9706,3,1.0
97,0.0,1.0,0.0,1.0,9.0,10,156.0063538077824,276.0084339545272,pobre,0,3,500.0,759.0,1.0,72.0,16,465,9707,9,1.0
98,0.0,1.0,0.0,,,10,156.0063538077824,276.0084339545272,pobre,0,3,500.0,759.0,1.0,72.0,17,465,9707,9,1.0
97,1.0,1.0,0.0,1.0,5.0,10,156.0063538077824,276.0084339545272,pobre,0,3,500.0,759.0,1.0,72.0,15,465,9708,5,1.0
98,1.0,1.0,0.0,1.0,6.0,10,156.0063538077824,276.0084339545272,pobre,0,3,500.0,759.0,1.0,72.0,16,465,9708,5,1.0
97,1.0,1.0,0.0,1.0,6.0,10,156.0063538077824,276.0084339545272,pobre,0,3,500.0,759.0,1.0,72.0,12,465,9709,6,1.0
98,1.0,1.0,0.0,,,10,156.0063538077824,276.0084339545272,pobre,0,3,500.0,759.0,1.0,72.0,13,465,9709,6,1.0
97,0.0,1.0,0.0,1.0,8.0,9,156.0063538077824,276.0084339545272,pobre,0,0,500.0,700.83099,1.0,60.0,16,465,9710,8,1.0
98,0.0,1.0,0.0,,,9,156.0063538077824,276.0084339545272,pobre,0,0,500.0,700.83099,1.0,60.0,17,465,9710,8,1.0
97,1.0,1.0,0.0,1.0,5.0,9,156.0063538077824,276.0084339545272,pobre,0,0,500.0,700.83099,1.0,60.0,11,465,9711,5,1.0
98,1.0,1.0,0.0,1.0,4.0,9,156.0063538077824,276.0084339545272,pobre,0,0,500.0,700.83099,1.0,60.0,12,465,9711,5,1.0
97,1.0,1.0,0.0,1.0,3.0,9,156.0063538077824,276.0084339545272,pobre,0,0,500.0,700.83099,1.0,60.0,10,465,9712,3,1.0
98,1.0,1.0,0.0,1.0,2.0,9,156.0063538077824,276.0084339545272,pobre,0,0,500.0,700.83099,1.0,60.0,11,465,9712,3,1.0
97,1.0,1.0,0.0,1.0,1.0,9,156.0063538077824,276.0084339545272,pobre,0,0,500.0,700.83099,1.0,60.0,7,465,9713,1,1.0
98,1.0,1.0,0.0,1.0,0.0,9,156.0063538077824,276.0084339545272,pobre,0,0,500.0,700.83099,1.0,60.0,8,465,9713,1,1.0
97,1.0,1.0,0.0,1.0,5.0,9,156.0063538077824,276.0084339545272,pobre,0,8,500.0,646.0,1.0,38.0,12,465,9714,5,1.0
98,1.0,1.0,0.0,1.0,6.0,9,156.0063538077824,276.0084339545272,pobre,0,8,500.0,646.0,1.0,38.0,13,465,9714,5,1.0
97,0.0,1.0,0.0,1.0,3.0,9,156.0063538077824,276.0084339545272,pobre,0,8,500.0,646.0,1.0,38.0,11,465,9715,3,1.0
98,0.0,1.0,0.0,1.0,3.0,9,156.0063538077824,276.0084339545272,pobre,0,8,500.0,646.0,1.0,38.0,12,465,9715,3,1.0
97,0.0,1.0,0.0,1.0,2.0,9,156.0063538077824,276.0084339545272,pobre,0,8,500.0,646.0,1.0,38.0,9,465,9716,2,1.0
98,0.0,1.0,0.0,1.0,3.0,9,156.0063538077824,276.0084339545272,pobre,0,8,500.0,646.0,1.0,38.0,10,465,9716,2,1.0
97,0.0,1.0,0.0,1.0,1.0,9,156.0063538077824,276.0084339545272,pobre,0,8,500.0,646.0,1.0,38.0,7,465,9717,1,1.0
98,0.0,1.0,0.0,1.0,2.0,9,156.0063538077824,276.0084339545272,pobre,0,8,500.0,646.0,1.0,38.0,8,465,9717,1,1.0
97,0.0,1.0,0.0,1.0,3.0,7,156.0063538077824,276.0084339545272,pobre,0,6,375.0,616.0,1.0,31.0,10,465,9718,3,1.0
98,0.0,1.0,0.0,1.0,4.0,7,156.0063538077824,276.0084339545272,pobre,0,6,375.0,616.0,1.0,31.0,11,465,9718,3,1.0
97,1.0,1.0,0.0,1.0,2.0,7,156.0063538077824,276.0084339545272,pobre,0,6,375.0,616.0,1.0,31.0,8,465,9719,2,1.0
98,1.0,1.0,0.0,1.0,3.0,7,156.0063538077824,276.0084339545272,pobre,0,6,375.0,616.0,1.0,31.0,9,465,9719,2,1.0
97,1.0,1.0,0.0,1.0,1.0,7,156.0063538077824,276.0084339545272,pobre,0,6,375.0,616.0,1.0,31.0,7,465,9720,1,1.0
98,1.0,1.0,0.0,1.0,1.0,7,156.0063538077824,276.0084339545272,pobre,0,6,375.0,616.0,1.0,31.0,8,465,9720,1,1.0
97,1.0,1.0,0.0,,2.0,7,156.0063538077824,276.0084339545272,pobre,0,3,500.0,704.5,1.0,46.0,7,465,9721,2,
98,1.0,1.0,0.0,1.0,2.0,7,156.0063538077824,276.0084339545272,pobre,0,3,500.0,704.5,1.0,46.0,8,465,9721,2,
97,0.0,0.0,1.874,1.0,0.0,6,130.0060766480666,284.6292048200044,pobre,0,0,375.0,583.0,1.0,24.0,6,449,9722,0,1.0
98,0.0,0.0,1.874,1.0,0.0,6,130.0060766480666,284.6292048200044,pobre,0,0,375.0,583.0,1.0,24.0,7,449,9722,0,1.0
97,0.0,1.0,0.289,1.0,2.0,5,149.2095000992339,244.7946251690846,pobre,0,6,625.0,535.0,1.0,32.0,9,463,9723,2,1.0
98,0.0,1.0,0.289,1.0,2.0,5,149.2095000992339,244.7946251690846,pobre,0,6,625.0,535.0,1.0,32.0,10,463,9723,2,1.0
97,0.0,1.0,0.289,1.0,1.0,5,149.2095000992339,244.7946251690846,pobre,0,6,625.0,535.0,1.0,32.0,8,463,9724,1,1.0
98,0.0,1.0,0.289,1.0,2.0,5,149.2095000992339,244.7946251690846,pobre,0,6,625.0,535.0,1.0,32.0,9,463,9724,1,1.0
97,0.0,1.0,0.289,1.0,4.0,4,149.2095000992339,244.7946251690846,pobre,0,0,625.0,704.0,1.0,40.0,10,463,9725,4,1.0
98,0.0,1.0,0.289,1.0,5.0,4,149.2095000992339,244.7946251690846,pobre,0,0,625.0,704.0,1.0,40.0,11,463,9725,4,1.0
97,1.0,1.0,0.289,0.0,9.0,7,149.2095000992339,244.7946251690846,pobre,0,6,625.0,640.0,1.0,47.0,16,463,9726,9,0.0
98,1.0,1.0,0.289,,,7,149.2095000992339,244.7946251690846,pobre,0,6,625.0,640.0,1.0,47.0,17,463,9726,9,0.0
97,0.0,1.0,0.289,1.0,6.0,7,149.2095000992339,244.7946251690846,pobre,0,6,625.0,640.0,1.0,47.0,14,463,9727,6,1.0
98,0.0,1.0,0.289,1.0,7.0,7,149.2095000992339,244.7946251690846,pobre,0,6,625.0,640.0,1.0,47.0,15,463,9727,6,1.0
97,1.0,1.0,0.289,1.0,3.0,7,149.2095000992339,244.7946251690846,pobre,0,6,625.0,640.0,1.0,47.0,10,463,9728,3,1.0
98,1.0,1.0,0.289,1.0,4.0,7,149.2095000992339,244.7946251690846,pobre,0,6,625.0,640.0,1.0,47.0,11,463,9728,3,1.0
97,1.0,1.0,0.289,1.0,2.0,7,149.2095000992339,244.7946251690846,pobre,0,6,625.0,640.0,1.0,47.0,8,463,9729,2,1.0
98,1.0,1.0,0.289,1.0,3.0,7,149.2095000992339,244.7946251690846,pobre,0,6,625.0,640.0,1.0,47.0,9,463,9729,2,1.0
97,0.0,1.0,0.289,1.0,1.0,3,149.2095000992339,244.7946251690846,pobre,0,0,625.0,619.0,0.0,70.0,8,463,9730,1,1.0
98,0.0,1.0,0.289,1.0,2.0,3,149.2095000992339,244.7946251690846,pobre,0,0,625.0,619.0,0.0,70.0,9,463,9730,1,1.0
97,1.0,1.0,0.289,1.0,5.0,6,149.2095000992339,244.7946251690846,pobre,0,5,625.0,705.0,1.0,52.0,12,463,9731,5,1.0
98,1.0,1.0,0.289,1.0,6.0,6,149.2095000992339,244.7946251690846,pobre,0,5,625.0,705.0,1.0,52.0,13,463,9731,5,1.0
97,0.0,1.0,0.289,1.0,3.0,6,149.2095000992339,244.7946251690846,pobre,0,5,625.0,705.0,1.0,52.0,9,463,9732,3,1.0
98,0.0,1.0,0.289,1.0,4.0,6,149.2095000992339,244.7946251690846,pobre,0,5,625.0,705.0,1.0,52.0,10,463,9732,3,1.0
97,1.0,1.0,0.289,0.0,9.0,9,149.2095000992339,244.7946251690846,pobre,0,0,500.0,529.0,1.0,70.0,15,463,9733,9,0.0
98,1.0,1.0,0.289,0.0,9.0,9,149.2095000992339,244.7946251690846,pobre,0,0,500.0,529.0,1.0,70.0,16,463,9733,9,0.0
97,1.0,1.0,0.289,1.0,4.0,9,149.2095000992339,244.7946251690846,pobre,0,0,500.0,529.0,1.0,70.0,13,463,9734,4,1.0
98,1.0,1.0,0.289,1.0,5.0,9,149.2095000992339,244.7946251690846,pobre,0,0,500.0,529.0,1.0,70.0,14,463,9734,4,1.0
97,1.0,1.0,0.289,1.0,2.0,9,149.2095000992339,244.7946251690846,pobre,0,0,500.0,529.0,1.0,70.0,9,463,9735,2,1.0
98,1.0,1.0,0.289,1.0,3.0,9,149.2095000992339,244.7946251690846,pobre,0,0,500.0,529.0,1.0,70.0,10,463,9735,2,1.0
97,1.0,1.0,0.0,,0.0,8,156.0063538077824,276.0084339545272,pobre,0,0,375.0,563.0,1.0,34.0,16,465,9736,0,
98,1.0,1.0,0.0,,,8,156.0063538077824,276.0084339545272,pobre,0,0,375.0,563.0,1.0,34.0,17,465,9736,0,
97,1.0,1.0,0.0,1.0,4.0,8,156.0063538077824,276.0084339545272,pobre,0,0,375.0,563.0,1.0,34.0,12,465,9737,4,1.0
98,1.0,1.0,0.0,1.0,5.0,8,156.0063538077824,276.0084339545272,pobre,0,0,375.0,563.0,1.0,34.0,13,465,9737,4,1.0
97,1.0,1.0,0.0,1.0,2.0,8,156.0063538077824,276.0084339545272,pobre,0,0,375.0,563.0,1.0,34.0,11,465,9738,2,1.0
98,1.0,1.0,0.0,1.0,3.0,8,156.0063538077824,276.0084339545272,pobre,0,0,375.0,563.0,1.0,34.0,12,465,9738,2,1.0
97,1.0,1.0,0.0,1.0,1.0,8,156.0063538077824,276.0084339545272,pobre,0,0,375.0,563.0,1.0,34.0,7,465,9739,1,1.0
98,1.0,1.0,0.0,1.0,1.0,8,156.0063538077824,276.0084339545272,pobre,0,0,375.0,563.0,1.0,34.0,8,465,9739,1,1.0
97,0.0,1.0,0.0,1.0,7.0,4,156.0063538077824,276.0084339545272,pobre,0,3,375.0,736.0,1.0,42.0,13,465,9740,7,1.0
98,0.0,1.0,0.0,1.0,8.0,4,156.0063538077824,276.0084339545272,pobre,0,3,375.0,736.0,1.0,42.0,14,465,9740,7,1.0
97,1.0,1.0,0.0,1.0,4.0,4,156.0063538077824,276.0084339545272,pobre,0,3,375.0,736.0,1.0,42.0,14,465,9741,4,1.0
98,1.0,1.0,0.0,1.0,5.0,4,156.0063538077824,276.0084339545272,pobre,0,3,375.0,736.0,1.0,42.0,15,465,9741,4,1.0
97,1.0,1.0,0.0,1.0,2.0,9,156.0063538077824,276.0084339545272,pobre,0,3,375.0,661.5,1.0,55.0,12,465,9742,2,1.0
98,1.0,1.0,0.0,1.0,3.0,9,156.0063538077824,276.0084339545272,pobre,0,3,375.0,661.5,1.0,55.0,13,465,9742,2,1.0
97,0.0,1.0,0.0,1.0,3.0,9,156.0063538077824,276.0084339545272,pobre,0,3,375.0,661.5,1.0,55.0,9,465,9743,3,1.0
98,0.0,1.0,0.0,1.0,4.0,9,156.0063538077824,276.0084339545272,pobre,0,3,375.0,661.5,1.0,55.0,10,465,9743,3,1.0
97,1.0,1.0,0.0,1.0,0.0,9,156.0063538077824,276.0084339545272,pobre,0,3,375.0,661.5,1.0,55.0,7,465,9744,0,1.0
98,1.0,1.0,0.0,1.0,1.0,9,156.0063538077824,276.0084339545272,pobre,0,3,375.0,661.5,1.0,55.0,8,465,9744,0,1.0
97,0.0,1.0,0.0,1.0,3.0,10,156.0063538077824,276.0084339545272,pobre,0,4,375.0,678.0,1.0,48.0,12,465,9745,3,1.0
98,0.0,1.0,0.0,1.0,4.0,10,156.0063538077824,276.0084339545272,pobre,0,4,375.0,678.0,1.0,48.0,13,465,9745,3,1.0
97,1.0,1.0,0.0,1.0,2.0,10,156.0063538077824,276.0084339545272,pobre,0,4,375.0,678.0,1.0,48.0,10,465,9746,2,1.0
98,1.0,1.0,0.0,1.0,3.0,10,156.0063538077824,276.0084339545272,pobre,0,4,375.0,678.0,1.0,48.0,11,465,9746,2,1.0
97,1.0,1.0,0.0,1.0,6.0,10,156.0063538077824,276.0084339545272,pobre,0,4,375.0,678.0,1.0,48.0,15,465,9747,6,1.0
98,1.0,1.0,0.0,1.0,7.0,10,156.0063538077824,276.0084339545272,pobre,0,4,375.0,678.0,1.0,48.0,16,465,9747,6,1.0
97,1.0,1.0,0.0,1.0,1.0,10,156.0063538077824,276.0084339545272,pobre,0,4,375.0,678.0,1.0,48.0,7,465,9748,1,1.0
98,1.0,1.0,0.0,1.0,1.0,10,156.0063538077824,276.0084339545272,pobre,0,4,375.0,678.0,1.0,48.0,8,465,9748,1,1.0
97,1.0,1.0,0.0,1.0,0.0,10,156.0063538077824,276.0084339545272,pobre,0,4,375.0,678.0,1.0,48.0,6,465,9749,0,1.0
98,1.0,1.0,0.0,1.0,0.0,10,156.0063538077824,276.0084339545272,pobre,0,4,375.0,678.0,1.0,48.0,7,465,9749,0,1.0
97,0.0,1.0,0.0,,6.0,6,156.0063538077824,276.0084339545272,pobre,0,4,375.0,613.0,1.0,40.0,16,465,9750,6,
98,0.0,1.0,0.0,,,6,156.0063538077824,276.0084339545272,pobre,0,4,375.0,613.0,1.0,40.0,17,465,9750,6,
97,1.0,1.0,0.0,,5.0,6,156.0063538077824,276.0084339545272,pobre,0,4,375.0,613.0,1.0,40.0,10,465,9751,5,
98,1.0,1.0,0.0,1.0,7.0,6,156.0063538077824,276.0084339545272,pobre,0,4,375.0,613.0,1.0,40.0,11,465,9751,5,
97,0.0,1.0,0.0,1.0,4.0,9,156.0063538077824,276.0084339545272,pobre,0,5,375.0,537.0,1.0,47.0,14,465,9752,4,1.0
98,0.0,1.0,0.0,1.0,5.0,9,156.0063538077824,276.0084339545272,pobre,0,5,375.0,537.0,1.0,47.0,15,465,9752,4,1.0
97,0.0,1.0,0.0,1.0,3.0,9,156.0063538077824,276.0084339545272,pobre,0,5,375.0,537.0,1.0,47.0,11,465,9753,3,1.0
98,0.0,1.0,0.0,1.0,4.0,9,156.0063538077824,276.0084339545272,pobre,0,5,375.0,537.0,1.0,47.0,12,465,9753,3,1.0
97,0.0,1.0,0.0,1.0,0.0,9,156.0063538077824,276.0084339545272,pobre,0,5,375.0,537.0,1.0,47.0,6,465,9754,0,1.0
98,0.0,1.0,0.0,1.0,1.0,9,156.0063538077824,276.0084339545272,pobre,0,5,375.0,537.0,1.0,47.0,7,465,9754,0,1.0
97,1.0,1.0,0.0,1.0,4.0,8,156.0063538077824,276.0084339545272,pobre,0,0,375.0,541.0,1.0,33.0,12,465,9755,4,1.0
98,1.0,1.0,0.0,1.0,5.0,8,156.0063538077824,276.0084339545272,pobre,0,0,375.0,541.0,1.0,33.0,13,465,9755,4,1.0
97,0.0,1.0,0.0,1.0,4.0,8,156.0063538077824,276.0084339545272,pobre,0,0,375.0,541.0,1.0,33.0,10,465,9756,4,1.0
98,0.0,1.0,0.0,1.0,5.0,8,156.0063538077824,276.0084339545272,pobre,0,0,375.0,541.0,1.0,33.0,11,465,9756,4,1.0
97,1.0,1.0,0.0,1.0,0.0,8,156.0063538077824,276.0084339545272,pobre,0,0,375.0,541.0,1.0,33.0,8,465,9757,0,1.0
98,1.0,1.0,0.0,1.0,1.0,8,156.0063538077824,276.0084339545272,pobre,0,0,375.0,541.0,1.0,33.0,9,465,9757,0,1.0
97,0.0,1.0,0.0,1.0,0.0,8,156.0063538077824,276.0084339545272,pobre,0,0,375.0,541.0,1.0,33.0,6,465,9758,0,1.0
98,0.0,1.0,0.0,1.0,0.0,8,156.0063538077824,276.0084339545272,pobre,0,0,375.0,541.0,1.0,33.0,7,465,9758,0,1.0
97,0.0,0.0,3.767,0.0,6.0,10,127.5952702289413,288.2051001430655,pobre,basal,4,375.0,380.0,1.0,22.0,15,450,9759,6,0.0
98,0.0,0.0,3.767,,,10,127.5952702289413,288.2051001430655,pobre,basal,4,375.0,380.0,1.0,22.0,16,450,9759,6,0.0
97,1.0,0.0,3.767,1.0,3.0,10,127.5952702289413,288.2051001430655,pobre,basal,4,375.0,380.0,1.0,22.0,9,450,9760,3,1.0
98,1.0,0.0,3.767,,,10,127.5952702289413,288.2051001430655,pobre,basal,4,375.0,380.0,1.0,22.0,10,450,9760,3,1.0
97,1.0,0.0,3.767,1.0,1.0,10,127.5952702289413,288.2051001430655,pobre,basal,4,375.0,380.0,1.0,22.0,8,450,9761,1,1.0
98,1.0,0.0,3.767,,,10,127.5952702289413,288.2051001430655,pobre,basal,4,375.0,380.0,1.0,22.0,9,450,9761,1,1.0
97,1.0,0.0,3.767,1.0,3.0,13,127.5952702289413,288.2051001430655,pobre,basal,3,0.0,701.5,1.0,61.0,8,450,9762,3,1.0
98,1.0,0.0,3.767,1.0,4.0,13,127.5952702289413,288.2051001430655,pobre,basal,3,0.0,701.5,1.0,61.0,9,450,9762,3,1.0
97,0.0,0.0,3.767,1.0,4.0,13,127.5952702289413,288.2051001430655,pobre,basal,3,0.0,701.5,1.0,61.0,10,450,9763,4,1.0
98,0.0,0.0,3.767,1.0,5.0,13,127.5952702289413,288.2051001430655,pobre,basal,3,0.0,701.5,1.0,61.0,11,450,9763,4,1.0
97,1.0,0.0,3.767,1.0,3.0,13,127.5952702289413,288.2051001430655,pobre,basal,3,0.0,701.5,1.0,61.0,9,450,9764,3,1.0
98,1.0,0.0,3.767,1.0,4.0,13,127.5952702289413,288.2051001430655,pobre,basal,3,0.0,701.5,1.0,61.0,10,450,9764,3,1.0
97,1.0,0.0,3.767,1.0,0.0,13,127.5952702289413,288.2051001430655,pobre,basal,3,0.0,701.5,1.0,61.0,6,450,9765,0,1.0
98,1.0,0.0,3.767,1.0,1.0,13,127.5952702289413,288.2051001430655,pobre,basal,3,0.0,701.5,1.0,61.0,7,450,9765,0,1.0
97,0.0,1.0,4.119,1.0,5.0,6,156.2566556576621,268.3226079119189,pobre,basal,6,2.0,636.0,1.0,37.0,12,457,9766,5,1.0
98,0.0,1.0,4.119,1.0,6.0,6,156.2566556576621,268.3226079119189,pobre,basal,6,2.0,636.0,1.0,37.0,13,457,9766,5,1.0
97,1.0,1.0,4.119,1.0,4.0,6,156.2566556576621,268.3226079119189,pobre,basal,6,4.0,656.0,1.0,38.0,10,457,9767,4,1.0
98,1.0,1.0,4.119,1.0,5.0,6,156.2566556576621,268.3226079119189,pobre,basal,6,4.0,656.0,1.0,38.0,11,457,9767,4,1.0
97,0.0,1.0,4.119,1.0,1.0,6,156.2566556576621,268.3226079119189,pobre,basal,6,4.0,656.0,1.0,38.0,7,457,9768,1,1.0
98,0.0,1.0,4.119,1.0,2.0,6,156.2566556576621,268.3226079119189,pobre,basal,6,4.0,656.0,1.0,38.0,8,457,9768,1,1.0
97,0.0,1.0,4.119,0.0,6.0,4,156.2566556576621,268.3226079119189,pobre,basal,6,4.0,804.0,1.0,57.0,14,457,9769,6,0.0
98,0.0,1.0,4.119,0.0,6.0,4,156.2566556576621,268.3226079119189,pobre,basal,6,4.0,804.0,1.0,57.0,15,457,9769,6,0.0
97,1.0,1.0,4.119,1.0,6.0,6,156.2566556576621,268.3226079119189,pobre,basal,6,4.0,755.0,1.0,48.0,13,457,9770,6,1.0
98,1.0,1.0,4.119,1.0,7.0,6,156.2566556576621,268.3226079119189,pobre,basal,6,4.0,755.0,1.0,48.0,14,457,9770,6,1.0
97,1.0,1.0,4.119,1.0,5.0,6,156.2566556576621,268.3226079119189,pobre,basal,6,4.0,755.0,1.0,48.0,11,457,9771,5,1.0
98,1.0,1.0,4.119,1.0,6.0,6,156.2566556576621,268.3226079119189,pobre,basal,6,4.0,755.0,1.0,48.0,12,457,9771,5,1.0
97,0.0,1.0,4.119,1.0,12.0,5,156.2566556576621,268.3226079119189,pobre,basal,3,4.0,715.0,1.0,53.0,16,457,9772,12,1.0
98,0.0,1.0,4.119,,,5,156.2566556576621,268.3226079119189,pobre,basal,3,4.0,715.0,1.0,53.0,17,457,9772,12,1.0
97,0.0,1.0,4.119,1.0,8.0,5,156.2566556576621,268.3226079119189,pobre,basal,6,4.0,711.0,1.0,46.0,16,457,9773,8,1.0
98,0.0,1.0,4.119,,,5,156.2566556576621,268.3226079119189,pobre,basal,6,4.0,711.0,1.0,46.0,17,457,9773,8,1.0
97,1.0,1.0,4.119,1.0,6.0,5,156.2566556576621,268.3226079119189,pobre,basal,6,4.0,711.0,1.0,46.0,13,457,9774,6,1.0
98,1.0,1.0,4.119,1.0,7.0,5,156.2566556576621,268.3226079119189,pobre,basal,6,4.0,711.0,1.0,46.0,14,457,9774,6,1.0
97,1.0,1.0,4.119,1.0,4.0,5,156.2566556576621,268.3226079119189,pobre,basal,6,4.0,711.0,1.0,46.0,10,457,9775,4,1.0
98,1.0,1.0,4.119,1.0,5.0,5,156.2566556576621,268.3226079119189,pobre,basal,6,4.0,711.0,1.0,46.0,11,457,9775,4,1.0
97,0.0,1.0,3.0439999,0.0,6.0,8,162.0278080249973,264.1598546067176,pobre,0,6,625.0,567.0,1.0,35.0,15,466,9776,6,0.0
98,0.0,1.0,3.0439999,0.0,6.0,8,162.0278080249973,264.1598546067176,pobre,0,6,625.0,567.0,1.0,35.0,16,466,9776,6,0.0
97,0.0,1.0,3.0439999,0.0,6.0,8,162.0278080249973,264.1598546067176,pobre,0,6,625.0,567.0,1.0,35.0,14,466,9777,6,0.0
98,0.0,1.0,3.0439999,,,8,162.0278080249973,264.1598546067176,pobre,0,6,625.0,567.0,1.0,35.0,15,466,9777,6,0.0
97,0.0,1.0,3.0439999,1.0,5.0,8,162.0278080249973,264.1598546067176,pobre,0,6,625.0,567.0,1.0,35.0,13,466,9778,5,1.0
98,0.0,1.0,3.0439999,1.0,6.0,8,162.0278080249973,264.1598546067176,pobre,0,6,625.0,567.0,1.0,35.0,14,466,9778,5,1.0
97,0.0,1.0,3.0439999,1.0,3.0,8,162.0278080249973,264.1598546067176,pobre,0,6,625.0,567.0,1.0,35.0,11,466,9779,3,1.0
98,0.0,1.0,3.0439999,1.0,4.0,8,162.0278080249973,264.1598546067176,pobre,0,6,625.0,567.0,1.0,35.0,12,466,9779,3,1.0
97,1.0,1.0,3.0439999,1.0,1.0,8,162.0278080249973,264.1598546067176,pobre,0,6,625.0,567.0,1.0,35.0,8,466,9780,1,1.0
98,1.0,1.0,3.0439999,1.0,1.0,8,162.0278080249973,264.1598546067176,pobre,0,6,625.0,567.0,1.0,35.0,9,466,9780,1,1.0
97,1.0,1.0,3.0439999,1.0,0.0,10,162.0278080249973,264.1598546067176,pobre,0,3,625.0,777.5,1.0,65.0,6,466,9781,0,1.0
98,1.0,1.0,3.0439999,1.0,1.0,10,162.0278080249973,264.1598546067176,pobre,0,3,625.0,777.5,1.0,65.0,7,466,9781,0,1.0
97,1.0,1.0,3.0439999,1.0,3.0,10,162.0278080249973,264.1598546067176,pobre,0,13,2600.0,623.0,1.0,52.0,9,466,9782,3,1.0
98,1.0,1.0,3.0439999,1.0,4.0,10,162.0278080249973,264.1598546067176,pobre,0,13,2600.0,623.0,1.0,52.0,10,466,9782,3,1.0
97,1.0,1.0,1.3710001,1.0,7.0,8,164.3681010719044,269.0810428787099,pobre,0,4,625.0,631.0,1.0,34.0,13,461,9783,7,1.0
98,1.0,1.0,1.3710001,1.0,8.0,8,164.3681010719044,269.0810428787099,pobre,0,4,625.0,631.0,1.0,34.0,14,461,9783,7,1.0
97,0.0,1.0,1.3710001,1.0,4.0,8,164.3681010719044,269.0810428787099,pobre,0,4,625.0,631.0,1.0,34.0,10,461,9784,4,1.0
98,0.0,1.0,1.3710001,1.0,4.0,8,164.3681010719044,269.0810428787099,pobre,0,4,625.0,631.0,1.0,34.0,11,461,9784,4,1.0
97,0.0,1.0,1.3710001,1.0,1.0,8,164.3681010719044,269.0810428787099,pobre,0,4,625.0,631.0,1.0,34.0,7,461,9785,1,1.0
98,0.0,1.0,1.3710001,1.0,1.0,8,164.3681010719044,269.0810428787099,pobre,0,4,625.0,631.0,1.0,34.0,8,461,9785,1,1.0
97,0.0,1.0,1.3710001,1.0,5.0,6,164.3681010719044,269.0810428787099,pobre,0,3,625.0,797.0,1.0,54.0,15,461,9786,5,1.0
98,0.0,1.0,1.3710001,0.0,6.0,6,164.3681010719044,269.0810428787099,pobre,0,3,625.0,797.0,1.0,54.0,16,461,9786,5,1.0
97,1.0,1.0,1.3710001,1.0,7.0,6,164.3681010719044,269.0810428787099,pobre,0,3,625.0,747.0,1.0,47.0,14,461,9787,7,1.0
98,1.0,1.0,1.3710001,1.0,8.0,6,164.3681010719044,269.0810428787099,pobre,0,3,625.0,747.0,1.0,47.0,15,461,9787,7,1.0
97,1.0,1.0,1.3710001,0.0,9.0,4,164.3681010719044,269.0810428787099,pobre,0,6,1040.0,773.0,1.0,44.0,16,461,9788,9,0.0
98,1.0,1.0,1.3710001,,,4,164.3681010719044,269.0810428787099,pobre,0,6,1040.0,773.0,1.0,44.0,17,461,9788,9,0.0
97,0.0,1.0,1.3710001,0.0,6.0,4,164.3681010719044,269.0810428787099,pobre,0,6,1040.0,773.0,1.0,44.0,13,461,9789,6,0.0
98,0.0,1.0,1.3710001,0.0,6.0,4,164.3681010719044,269.0810428787099,pobre,0,6,1040.0,773.0,1.0,44.0,14,461,9789,6,0.0
97,1.0,0.0,4.427,0.0,3.0,3,156.9873323468145,265.1029544901215,pobre,basal,0,125.0,817.5,0.0,46.0,16,460,9790,3,0.0
98,1.0,0.0,4.427,,,3,156.9873323468145,265.1029544901215,pobre,basal,0,125.0,817.5,0.0,46.0,17,460,9790,3,0.0
97,0.0,0.0,4.427,0.0,4.0,3,156.9873323468145,265.1029544901215,pobre,basal,0,125.0,817.5,0.0,46.0,14,460,9791,4,0.0
98,0.0,0.0,4.427,0.0,4.0,3,156.9873323468145,265.1029544901215,pobre,basal,0,125.0,817.5,0.0,46.0,15,460,9791,4,0.0
97,0.0,0.0,4.427,1.0,5.0,7,156.9873323468145,265.1029544901215,pobre,basal,3,500.0,747.5,1.0,50.0,13,460,9792,5,1.0
98,0.0,0.0,4.427,0.0,6.0,7,156.9873323468145,265.1029544901215,pobre,basal,3,500.0,747.5,1.0,50.0,14,460,9792,5,1.0
97,0.0,0.0,4.427,1.0,3.0,7,156.9873323468145,265.1029544901215,pobre,basal,3,500.0,747.5,1.0,50.0,11,460,9793,3,1.0
98,0.0,0.0,4.427,1.0,4.0,7,156.9873323468145,265.1029544901215,pobre,basal,3,500.0,747.5,1.0,50.0,12,460,9793,3,1.0
97,1.0,0.0,4.427,1.0,1.0,7,156.9873323468145,265.1029544901215,pobre,basal,3,500.0,747.5,1.0,50.0,9,460,9794,1,1.0
98,1.0,0.0,4.427,1.0,1.0,7,156.9873323468145,265.1029544901215,pobre,basal,3,500.0,747.5,1.0,50.0,10,460,9794,1,1.0
97,1.0,0.0,4.427,1.0,0.0,7,156.9873323468145,265.1029544901215,pobre,basal,3,500.0,747.5,1.0,50.0,6,460,9795,0,1.0
98,1.0,0.0,4.427,1.0,1.0,7,156.9873323468145,265.1029544901215,pobre,basal,3,500.0,747.5,1.0,50.0,7,460,9795,0,1.0
97,1.0,1.0,4.427,1.0,8.0,9,156.9873323468145,265.1029544901215,pobre,basal,5,500.0,779.0,1.0,45.0,16,460,9796,8,1.0
98,1.0,1.0,4.427,,,9,156.9873323468145,265.1029544901215,pobre,basal,5,500.0,779.0,1.0,45.0,17,460,9796,8,1.0
97,1.0,0.0,4.427,1.0,7.0,9,156.9873323468145,265.1029544901215,pobre,basal,5,500.0,779.0,1.0,45.0,15,460,9797,7,1.0
98,1.0,0.0,4.427,1.0,8.0,9,156.9873323468145,265.1029544901215,pobre,basal,5,500.0,779.0,1.0,45.0,16,460,9797,7,1.0
97,0.0,0.0,4.427,1.0,4.0,9,156.9873323468145,265.1029544901215,pobre,basal,5,500.0,779.0,1.0,45.0,11,460,9798,4,1.0
98,0.0,0.0,4.427,1.0,5.0,9,156.9873323468145,265.1029544901215,pobre,basal,5,500.0,779.0,1.0,45.0,12,460,9798,4,1.0
97,1.0,0.0,4.427,1.0,2.0,9,156.9873323468145,265.1029544901215,pobre,basal,5,500.0,779.0,1.0,45.0,9,460,9799,2,1.0
98,1.0,0.0,4.427,1.0,3.0,9,156.9873323468145,265.1029544901215,pobre,basal,5,500.0,779.0,1.0,45.0,10,460,9799,2,1.0
97,1.0,1.0,4.427,1.0,7.0,8,156.9873323468145,265.1029544901215,pobre,basal,2,0.0,709.0,1.0,35.0,16,460,9800,7,1.0
98,1.0,1.0,4.427,,,8,156.9873323468145,265.1029544901215,pobre,basal,2,0.0,709.0,1.0,35.0,17,460,9800,7,1.0
97,0.0,1.0,4.427,,0.0,8,156.9873323468145,265.1029544901215,pobre,basal,2,0.0,709.0,1.0,35.0,12,460,9801,0,
98,0.0,1.0,4.427,1.0,6.0,8,156.9873323468145,265.1029544901215,pobre,basal,2,0.0,709.0,1.0,35.0,13,460,9801,0,
97,1.0,0.0,4.427,1.0,3.0,8,156.9873323468145,265.1029544901215,pobre,basal,2,0.0,709.0,1.0,35.0,10,460,9802,3,1.0
98,1.0,0.0,4.427,1.0,4.0,8,156.9873323468145,265.1029544901215,pobre,basal,2,0.0,709.0,1.0,35.0,11,460,9802,3,1.0
97,0.0,0.0,4.427,1.0,1.0,8,156.9873323468145,265.1029544901215,pobre,basal,2,0.0,709.0,1.0,35.0,6,460,9803,1,1.0
98,0.0,0.0,4.427,1.0,1.0,8,156.9873323468145,265.1029544901215,pobre,basal,2,0.0,709.0,1.0,35.0,7,460,9803,1,1.0
97,1.0,1.0,4.427,1.0,7.0,5,156.9873323468145,265.1029544901215,pobre,basal,3,0.0,693.0,0.0,44.0,13,460,9804,7,1.0
98,1.0,1.0,4.427,1.0,8.0,5,156.9873323468145,265.1029544901215,pobre,basal,3,0.0,693.0,0.0,44.0,14,460,9804,7,1.0
97,1.0,1.0,4.427,1.0,5.0,5,156.9873323468145,265.1029544901215,pobre,basal,3,0.0,693.0,0.0,44.0,12,460,9805,5,1.0
98,1.0,1.0,4.427,1.0,6.0,5,156.9873323468145,265.1029544901215,pobre,basal,3,0.0,693.0,0.0,44.0,13,460,9805,5,1.0
97,1.0,1.0,4.427,1.0,2.0,5,156.9873323468145,265.1029544901215,pobre,basal,3,0.0,693.0,0.0,44.0,8,460,9806,2,1.0
98,1.0,1.0,4.427,1.0,3.0,5,156.9873323468145,265.1029544901215,pobre,basal,3,0.0,693.0,0.0,44.0,9,460,9806,2,1.0
97,0.0,0.0,3.767,0.0,6.0,3,127.5952702289413,288.2051001430655,pobre,basal,0,300.0,619.0,0.0,56.0,14,450,9807,6,0.0
98,0.0,0.0,3.767,,,3,127.5952702289413,288.2051001430655,pobre,basal,0,300.0,619.0,0.0,56.0,15,450,9807,6,0.0
97,1.0,0.0,3.767,1.0,5.0,3,127.5952702289413,288.2051001430655,pobre,basal,0,300.0,619.0,0.0,56.0,12,450,9808,5,1.0
98,1.0,0.0,3.767,1.0,5.0,3,127.5952702289413,288.2051001430655,pobre,basal,0,300.0,619.0,0.0,56.0,13,450,9808,5,1.0
97,0.0,1.0,4.427,1.0,6.0,6,156.9873323468145,265.1029544901215,pobre,basal,3,625.0,622.0,1.0,40.0,14,460,9809,6,1.0
98,0.0,1.0,4.427,1.0,6.0,6,156.9873323468145,265.1029544901215,pobre,basal,3,625.0,622.0,1.0,40.0,15,460,9809,6,1.0
97,0.0,1.0,4.427,1.0,4.0,6,156.9873323468145,265.1029544901215,pobre,basal,3,625.0,622.0,1.0,40.0,12,460,9810,4,1.0
98,0.0,1.0,4.427,1.0,5.0,6,156.9873323468145,265.1029544901215,pobre,basal,3,625.0,622.0,1.0,40.0,13,460,9810,4,1.0
97,0.0,1.0,4.427,1.0,2.0,6,156.9873323468145,265.1029544901215,pobre,basal,3,625.0,622.0,1.0,40.0,8,460,9811,2,1.0
98,0.0,1.0,4.427,1.0,3.0,6,156.9873323468145,265.1029544901215,pobre,basal,3,625.0,622.0,1.0,40.0,9,460,9811,2,1.0
97,1.0,1.0,4.427,1.0,4.0,9,156.9873323468145,265.1029544901215,pobre,basal,0,625.0,549.0,1.0,37.0,11,460,9812,4,1.0
98,1.0,1.0,4.427,1.0,5.0,9,156.9873323468145,265.1029544901215,pobre,basal,0,625.0,549.0,1.0,37.0,12,460,9812,4,1.0
97,1.0,1.0,4.427,1.0,2.0,9,156.9873323468145,265.1029544901215,pobre,basal,0,625.0,549.0,1.0,37.0,10,460,9813,2,1.0
98,1.0,1.0,4.427,1.0,3.0,9,156.9873323468145,265.1029544901215,pobre,basal,0,625.0,549.0,1.0,37.0,11,460,9813,2,1.0
97,1.0,1.0,4.427,1.0,3.0,9,156.9873323468145,265.1029544901215,pobre,basal,0,625.0,549.0,1.0,37.0,9,460,9814,3,1.0
98,1.0,1.0,4.427,1.0,4.0,9,156.9873323468145,265.1029544901215,pobre,basal,0,625.0,549.0,1.0,37.0,10,460,9814,3,1.0
97,1.0,1.0,4.427,1.0,2.0,9,156.9873323468145,265.1029544901215,pobre,basal,0,625.0,549.0,1.0,37.0,7,460,9815,2,1.0
98,1.0,1.0,4.427,1.0,1.0,9,156.9873323468145,265.1029544901215,pobre,basal,0,625.0,549.0,1.0,37.0,8,460,9815,2,1.0
97,1.0,1.0,4.427,1.0,0.0,9,156.9873323468145,265.1029544901215,pobre,basal,0,625.0,549.0,1.0,37.0,6,460,9816,0,1.0
98,1.0,1.0,4.427,1.0,1.0,9,156.9873323468145,265.1029544901215,pobre,basal,0,625.0,549.0,1.0,37.0,7,460,9816,0,1.0
97,1.0,0.0,4.427,1.0,7.0,6,156.9873323468145,265.1029544901215,no pobre,basal,10,5000.0,1063.0,1.0,43.0,12,460,9817,7,1.0
98,1.0,0.0,4.427,1.0,8.0,6,156.9873323468145,265.1029544901215,no pobre,basal,10,5000.0,1063.0,1.0,43.0,13,460,9817,7,1.0
97,1.0,0.0,4.427,1.0,3.0,6,156.9873323468145,265.1029544901215,no pobre,basal,10,5000.0,1063.0,1.0,43.0,8,460,9818,3,1.0
98,1.0,0.0,4.427,1.0,4.0,6,156.9873323468145,265.1029544901215,no pobre,basal,10,5000.0,1063.0,1.0,43.0,9,460,9818,3,1.0
97,1.0,1.0,4.427,1.0,9.0,4,156.9873323468145,265.1029544901215,pobre,basal,3,625.0,702.0,1.0,52.0,15,460,9819,9,1.0
98,1.0,1.0,4.427,1.0,9.0,4,156.9873323468145,265.1029544901215,pobre,basal,3,625.0,702.0,1.0,52.0,16,460,9819,9,1.0
97,1.0,1.0,4.427,1.0,6.0,4,156.9873323468145,265.1029544901215,pobre,basal,3,625.0,702.0,1.0,52.0,13,460,9820,6,1.0
98,1.0,1.0,4.427,1.0,7.0,4,156.9873323468145,265.1029544901215,pobre,basal,3,625.0,702.0,1.0,52.0,14,460,9820,6,1.0
97,1.0,1.0,4.427,1.0,9.0,8,156.9873323468145,265.1029544901215,pobre,basal,3,625.0,564.0,1.0,38.0,15,460,9821,9,1.0
98,1.0,1.0,4.427,1.0,9.0,8,156.9873323468145,265.1029544901215,pobre,basal,3,625.0,564.0,1.0,38.0,16,460,9821,9,1.0
97,1.0,1.0,4.427,1.0,7.0,8,156.9873323468145,265.1029544901215,pobre,basal,3,625.0,564.0,1.0,38.0,14,460,9822,7,1.0
98,1.0,1.0,4.427,1.0,7.0,8,156.9873323468145,265.1029544901215,pobre,basal,3,625.0,564.0,1.0,38.0,15,460,9822,7,1.0
97,1.0,1.0,4.427,1.0,5.0,8,156.9873323468145,265.1029544901215,pobre,basal,3,625.0,564.0,1.0,38.0,12,460,9823,5,1.0
98,1.0,1.0,4.427,1.0,5.0,8,156.9873323468145,265.1029544901215,pobre,basal,3,625.0,564.0,1.0,38.0,13,460,9823,5,1.0
97,0.0,1.0,4.427,1.0,4.0,8,156.9873323468145,265.1029544901215,pobre,basal,3,625.0,564.0,1.0,38.0,10,460,9824,4,1.0
98,0.0,1.0,4.427,1.0,4.0,8,156.9873323468145,265.1029544901215,pobre,basal,3,625.0,564.0,1.0,38.0,11,460,9824,4,1.0
97,1.0,1.0,4.427,,2.0,8,156.9873323468145,265.1029544901215,pobre,basal,3,625.0,564.0,1.0,38.0,6,460,9825,2,
98,1.0,1.0,4.427,1.0,1.0,8,156.9873323468145,265.1029544901215,pobre,basal,3,625.0,564.0,1.0,38.0,7,460,9825,2,
97,0.0,1.0,4.427,1.0,2.0,5,156.9873323468145,265.1029544901215,pobre,basal,4,625.0,635.0,1.0,30.0,7,460,9826,2,1.0
98,0.0,1.0,4.427,1.0,3.0,5,156.9873323468145,265.1029544901215,pobre,basal,4,625.0,635.0,1.0,30.0,8,460,9826,2,1.0
97,1.0,1.0,4.427,1.0,2.0,5,156.9873323468145,265.1029544901215,pobre,basal,6,625.0,662.33099,1.0,30.0,9,460,9827,2,1.0
98,1.0,1.0,4.427,1.0,3.0,5,156.9873323468145,265.1029544901215,pobre,basal,6,625.0,662.33099,1.0,30.0,10,460,9827,2,1.0
97,0.0,1.0,4.427,1.0,2.0,5,156.9873323468145,265.1029544901215,pobre,basal,6,625.0,662.33099,1.0,30.0,8,460,9828,2,1.0
98,0.0,1.0,4.427,1.0,3.0,5,156.9873323468145,265.1029544901215,pobre,basal,6,625.0,662.33099,1.0,30.0,9,460,9828,2,1.0
97,0.0,1.0,4.427,1.0,2.0,6,156.9873323468145,265.1029544901215,pobre,basal,2,625.0,734.0,1.0,60.0,7,460,9829,2,1.0
98,0.0,1.0,4.427,1.0,3.0,6,156.9873323468145,265.1029544901215,pobre,basal,2,625.0,734.0,1.0,60.0,8,460,9829,2,1.0
97,0.0,0.0,3.767,0.0,6.0,7,127.5952702289413,288.2051001430655,pobre,basal,3,375.0,803.5,1.0,38.0,15,450,9830,6,0.0
98,0.0,0.0,3.767,0.0,6.0,7,127.5952702289413,288.2051001430655,pobre,basal,3,375.0,803.5,1.0,38.0,16,450,9830,6,0.0
97,0.0,0.0,3.767,1.0,3.0,7,127.5952702289413,288.2051001430655,pobre,basal,3,375.0,803.5,1.0,38.0,11,450,9831,3,1.0
98,0.0,0.0,3.767,1.0,4.0,7,127.5952702289413,288.2051001430655,pobre,basal,3,375.0,803.5,1.0,38.0,12,450,9831,3,1.0
97,1.0,0.0,3.767,1.0,3.0,5,127.5952702289413,288.2051001430655,pobre,basal,0,250.0,670.0,1.0,57.0,9,450,9832,3,1.0
98,1.0,0.0,3.767,1.0,4.0,5,127.5952702289413,288.2051001430655,pobre,basal,0,250.0,670.0,1.0,57.0,10,450,9832,3,1.0
97,0.0,0.0,3.767,1.0,4.0,7,127.5952702289413,288.2051001430655,pobre,basal,3,375.0,798.5,1.0,35.0,9,450,9833,4,1.0
98,0.0,0.0,3.767,1.0,5.0,7,127.5952702289413,288.2051001430655,pobre,basal,3,375.0,798.5,1.0,35.0,10,450,9833,4,1.0
97,1.0,1.0,2.8710001,1.0,9.0,6,157.2175772604217,290.5822678775554,pobre,0,9,500.0,886.0,1.0,16.0,16,407,9834,9,1.0
98,1.0,1.0,2.8710001,,,6,157.2175772604217,290.5822678775554,pobre,0,9,500.0,886.0,1.0,16.0,17,407,9834,9,1.0
97,1.0,1.0,2.8710001,0.0,6.0,6,157.2175772604217,290.5822678775554,pobre,0,9,500.0,886.0,1.0,16.0,14,407,9835,6,0.0
98,1.0,1.0,2.8710001,,,6,157.2175772604217,290.5822678775554,pobre,0,9,500.0,886.0,1.0,16.0,15,407,9835,6,0.0
97,0.0,1.0,2.8710001,1.0,1.0,6,157.2175772604217,290.5822678775554,pobre,0,9,500.0,886.0,1.0,16.0,7,407,9836,1,1.0
98,0.0,1.0,2.8710001,,,6,157.2175772604217,290.5822678775554,pobre,0,9,500.0,886.0,1.0,16.0,8,407,9836,1,1.0
97,1.0,1.0,2.8710001,1.0,0.0,6,157.2175772604217,290.5822678775554,pobre,0,9,500.0,886.0,1.0,16.0,6,407,9837,0,1.0
98,1.0,1.0,2.8710001,,,6,157.2175772604217,290.5822678775554,pobre,0,9,500.0,886.0,1.0,16.0,7,407,9837,0,1.0
97,1.0,1.0,2.8710001,1.0,5.0,10,157.2175772604217,290.5822678775554,pobre,0,1,500.0,477.0,1.0,42.0,14,407,9838,5,1.0
98,1.0,1.0,2.8710001,0.0,6.0,10,157.2175772604217,290.5822678775554,pobre,0,1,500.0,477.0,1.0,42.0,15,407,9838,5,1.0
97,0.0,1.0,2.8710001,1.0,5.0,10,157.2175772604217,290.5822678775554,pobre,0,1,500.0,477.0,1.0,42.0,13,407,9839,5,1.0
98,0.0,1.0,2.8710001,1.0,6.0,10,157.2175772604217,290.5822678775554,pobre,0,1,500.0,477.0,1.0,42.0,14,407,9839,5,1.0
97,0.0,1.0,2.8710001,1.0,4.0,10,157.2175772604217,290.5822678775554,pobre,0,1,500.0,477.0,1.0,42.0,11,407,9840,4,1.0
98,0.0,1.0,2.8710001,1.0,5.0,10,157.2175772604217,290.5822678775554,pobre,0,1,500.0,477.0,1.0,42.0,12,407,9840,4,1.0
97,0.0,1.0,2.8710001,1.0,2.0,10,157.2175772604217,290.5822678775554,pobre,0,1,500.0,477.0,1.0,42.0,8,407,9841,2,1.0
98,0.0,1.0,2.8710001,1.0,2.0,10,157.2175772604217,290.5822678775554,pobre,0,1,500.0,477.0,1.0,42.0,9,407,9841,2,1.0
97,0.0,1.0,2.8710001,1.0,0.0,10,157.2175772604217,290.5822678775554,pobre,0,1,500.0,477.0,1.0,42.0,6,407,9842,0,1.0
98,0.0,1.0,2.8710001,1.0,1.0,10,157.2175772604217,290.5822678775554,pobre,0,1,500.0,477.0,1.0,42.0,7,407,9842,0,1.0
97,1.0,1.0,2.8710001,1.0,4.0,4,157.2175772604217,290.5822678775554,pobre,0,3,625.0,700.0,1.0,42.0,12,407,9843,4,1.0
98,1.0,1.0,2.8710001,0.0,6.0,4,157.2175772604217,290.5822678775554,pobre,0,3,625.0,700.0,1.0,42.0,13,407,9843,4,1.0
97,0.0,1.0,2.8710001,1.0,3.0,6,157.2175772604217,290.5822678775554,pobre,0,4,625.0,619.0,1.0,30.0,7,407,9844,3,1.0
98,0.0,1.0,2.8710001,1.0,2.0,6,157.2175772604217,290.5822678775554,pobre,0,4,625.0,619.0,1.0,30.0,8,407,9844,3,1.0
97,1.0,1.0,2.8710001,1.0,0.0,6,157.2175772604217,290.5822678775554,pobre,0,4,625.0,619.0,1.0,30.0,6,407,9845,0,1.0
98,1.0,1.0,2.8710001,1.0,0.0,6,157.2175772604217,290.5822678775554,pobre,0,4,625.0,619.0,1.0,30.0,7,407,9845,0,1.0
97,1.0,1.0,2.8710001,0.0,6.0,5,157.2175772604217,290.5822678775554,pobre,0,0,625.0,804.5,1.0,60.0,15,407,9846,6,0.0
98,1.0,1.0,2.8710001,0.0,6.0,5,157.2175772604217,290.5822678775554,pobre,0,0,625.0,804.5,1.0,60.0,16,407,9846,6,0.0
97,0.0,1.0,2.8710001,1.0,6.0,5,157.2175772604217,290.5822678775554,pobre,0,0,625.0,804.5,1.0,60.0,13,407,9847,6,1.0
98,0.0,1.0,2.8710001,1.0,7.0,5,157.2175772604217,290.5822678775554,pobre,0,0,625.0,804.5,1.0,60.0,14,407,9847,6,1.0
97,0.0,1.0,0.0,1.0,4.0,6,156.0063538077824,276.0084339545272,pobre,0,3,375.0,622.0,1.0,47.0,14,465,9848,4,1.0
98,0.0,1.0,0.0,1.0,5.0,6,156.0063538077824,276.0084339545272,pobre,0,3,375.0,622.0,1.0,47.0,15,465,9848,4,1.0
97,1.0,1.0,0.0,1.0,2.0,6,156.0063538077824,276.0084339545272,pobre,0,3,375.0,622.0,1.0,47.0,10,465,9849,2,1.0
98,1.0,1.0,0.0,1.0,5.0,6,156.0063538077824,276.0084339545272,pobre,0,3,375.0,622.0,1.0,47.0,11,465,9849,2,1.0
97,0.0,1.0,0.0,1.0,0.0,6,156.0063538077824,276.0084339545272,pobre,0,3,375.0,622.0,1.0,47.0,6,465,9850,0,1.0
98,0.0,1.0,0.0,1.0,1.0,6,156.0063538077824,276.0084339545272,pobre,0,3,375.0,622.0,1.0,47.0,7,465,9850,0,1.0
97,0.0,1.0,0.0,1.0,7.0,5,156.0063538077824,276.0084339545272,pobre,0,6,625.0,682.0,1.0,31.0,14,465,9851,7,1.0
98,0.0,1.0,0.0,1.0,8.0,5,156.0063538077824,276.0084339545272,pobre,0,6,625.0,682.0,1.0,31.0,15,465,9851,7,1.0
97,1.0,1.0,0.0,1.0,8.0,6,156.0063538077824,276.0084339545272,pobre,0,9,1500.0,726.0,1.0,40.0,15,465,9852,8,1.0
98,1.0,1.0,0.0,1.0,9.0,6,156.0063538077824,276.0084339545272,pobre,0,9,1500.0,726.0,1.0,40.0,16,465,9852,8,1.0
97,1.0,1.0,0.0,1.0,6.0,6,156.0063538077824,276.0084339545272,pobre,0,9,1500.0,726.0,1.0,40.0,13,465,9853,6,1.0
98,1.0,1.0,0.0,1.0,7.0,6,156.0063538077824,276.0084339545272,pobre,0,9,1500.0,726.0,1.0,40.0,14,465,9853,6,1.0
97,0.0,1.0,0.0,1.0,3.0,6,156.0063538077824,276.0084339545272,pobre,0,9,1500.0,726.0,1.0,40.0,10,465,9854,3,1.0
98,0.0,1.0,0.0,1.0,4.0,6,156.0063538077824,276.0084339545272,pobre,0,9,1500.0,726.0,1.0,40.0,11,465,9854,3,1.0
97,1.0,1.0,0.0,1.0,0.0,6,156.0063538077824,276.0084339545272,pobre,0,9,1500.0,726.0,1.0,40.0,6,465,9855,0,1.0
98,1.0,1.0,0.0,1.0,1.0,6,156.0063538077824,276.0084339545272,pobre,0,9,1500.0,726.0,1.0,40.0,7,465,9855,0,1.0
97,1.0,1.0,0.0,1.0,0.0,3,156.0063538077824,276.0084339545272,pobre,0,0,500.0,728.0,1.0,76.0,7,465,9856,0,1.0
98,1.0,1.0,0.0,1.0,2.0,3,156.0063538077824,276.0084339545272,pobre,0,0,500.0,728.0,1.0,76.0,8,465,9856,0,1.0
97,0.0,1.0,0.0,1.0,6.0,12,156.0063538077824,276.0084339545272,pobre,0,3,375.0,603.0,1.0,61.0,13,465,9857,6,1.0
98,0.0,1.0,0.0,1.0,7.0,12,156.0063538077824,276.0084339545272,pobre,0,3,375.0,603.0,1.0,61.0,14,465,9857,6,1.0
97,1.0,1.0,0.0,1.0,3.0,12,156.0063538077824,276.0084339545272,pobre,0,3,375.0,603.0,1.0,61.0,11,465,9858,3,1.0
98,1.0,1.0,0.0,1.0,4.0,12,156.0063538077824,276.0084339545272,pobre,0,3,375.0,603.0,1.0,61.0,12,465,9858,3,1.0
97,0.0,1.0,0.0,1.0,2.0,12,156.0063538077824,276.0084339545272,pobre,0,3,375.0,603.0,1.0,61.0,9,465,9859,2,1.0
98,0.0,1.0,0.0,1.0,3.0,12,156.0063538077824,276.0084339545272,pobre,0,3,375.0,603.0,1.0,61.0,10,465,9859,2,1.0
97,0.0,1.0,0.0,1.0,2.0,12,156.0063538077824,276.0084339545272,pobre,0,3,375.0,603.0,1.0,61.0,9,465,9860,2,1.0
98,0.0,1.0,0.0,1.0,3.0,12,156.0063538077824,276.0084339545272,pobre,0,3,375.0,603.0,1.0,61.0,10,465,9860,2,1.0
97,0.0,1.0,0.0,1.0,0.0,12,156.0063538077824,276.0084339545272,pobre,0,3,375.0,603.0,1.0,61.0,7,465,9861,0,1.0
98,0.0,1.0,0.0,1.0,1.0,12,156.0063538077824,276.0084339545272,pobre,0,3,375.0,603.0,1.0,61.0,8,465,9861,0,1.0
97,0.0,1.0,4.119,0.0,4.0,11,156.2566556576621,268.3226079119189,pobre,basal,3,500.0,736.25,1.0,76.0,15,457,9862,4,0.0
98,0.0,1.0,4.119,,,11,156.2566556576621,268.3226079119189,pobre,basal,3,500.0,736.25,1.0,76.0,16,457,9862,4,0.0
97,1.0,1.0,4.119,1.0,5.0,11,156.2566556576621,268.3226079119189,pobre,basal,3,500.0,736.25,1.0,76.0,12,457,9863,5,1.0
98,1.0,1.0,4.119,1.0,6.0,11,156.2566556576621,268.3226079119189,pobre,basal,3,500.0,736.25,1.0,76.0,13,457,9863,5,1.0
97,0.0,1.0,4.119,1.0,3.0,11,156.2566556576621,268.3226079119189,pobre,basal,3,500.0,736.25,1.0,76.0,10,457,9864,3,1.0
98,0.0,1.0,4.119,1.0,4.0,11,156.2566556576621,268.3226079119189,pobre,basal,3,500.0,736.25,1.0,76.0,11,457,9864,3,1.0
97,0.0,1.0,4.119,1.0,0.0,11,156.2566556576621,268.3226079119189,pobre,basal,3,500.0,736.25,1.0,76.0,7,457,9865,0,1.0
98,0.0,1.0,4.119,1.0,1.0,11,156.2566556576621,268.3226079119189,pobre,basal,3,500.0,736.25,1.0,76.0,8,457,9865,0,1.0
97,0.0,1.0,4.119,1.0,6.0,8,156.2566556576621,268.3226079119189,pobre,basal,3,4.0,666.0,1.0,38.0,13,457,9866,6,1.0
98,0.0,1.0,4.119,1.0,7.0,8,156.2566556576621,268.3226079119189,pobre,basal,3,4.0,666.0,1.0,38.0,14,457,9866,6,1.0
97,0.0,1.0,4.119,1.0,4.0,8,156.2566556576621,268.3226079119189,pobre,basal,3,4.0,666.0,1.0,38.0,11,457,9867,4,1.0
98,0.0,1.0,4.119,1.0,5.0,8,156.2566556576621,268.3226079119189,pobre,basal,3,4.0,666.0,1.0,38.0,12,457,9867,4,1.0
97,0.0,1.0,4.119,1.0,3.0,8,156.2566556576621,268.3226079119189,pobre,basal,3,4.0,666.0,1.0,38.0,9,457,9868,3,1.0
98,0.0,1.0,4.119,1.0,4.0,8,156.2566556576621,268.3226079119189,pobre,basal,3,4.0,666.0,1.0,38.0,10,457,9868,3,1.0
97,0.0,1.0,4.119,1.0,1.0,8,156.2566556576621,268.3226079119189,pobre,basal,3,4.0,666.0,1.0,38.0,7,457,9869,1,1.0
98,0.0,1.0,4.119,1.0,2.0,8,156.2566556576621,268.3226079119189,pobre,basal,3,4.0,666.0,1.0,38.0,8,457,9869,1,1.0
97,1.0,1.0,4.119,1.0,8.0,8,156.2566556576621,268.3226079119189,pobre,basal,6,4.0,529.0,1.0,30.0,16,457,9870,8,1.0
98,1.0,1.0,4.119,,,8,156.2566556576621,268.3226079119189,pobre,basal,6,4.0,529.0,1.0,30.0,17,457,9870,8,1.0
97,0.0,1.0,4.119,1.0,6.0,8,156.2566556576621,268.3226079119189,pobre,basal,6,4.0,529.0,1.0,30.0,10,457,9871,6,1.0
98,0.0,1.0,4.119,1.0,6.0,8,156.2566556576621,268.3226079119189,pobre,basal,6,4.0,529.0,1.0,30.0,11,457,9871,6,1.0
97,1.0,1.0,4.119,1.0,2.0,8,156.2566556576621,268.3226079119189,pobre,basal,6,4.0,529.0,1.0,30.0,8,457,9872,2,1.0
98,1.0,1.0,4.119,1.0,3.0,8,156.2566556576621,268.3226079119189,pobre,basal,6,4.0,529.0,1.0,30.0,9,457,9872,2,1.0
97,0.0,1.0,4.119,1.0,0.0,8,156.2566556576621,268.3226079119189,pobre,basal,6,4.0,529.0,1.0,30.0,6,457,9873,0,1.0
98,0.0,1.0,4.119,1.0,1.0,8,156.2566556576621,268.3226079119189,pobre,basal,6,4.0,529.0,1.0,30.0,7,457,9873,0,1.0
97,1.0,1.0,4.119,1.0,0.0,5,156.2566556576621,268.3226079119189,pobre,basal,0,0.0,734.0,0.0,61.0,7,457,9874,0,1.0
98,1.0,1.0,4.119,,,5,156.2566556576621,268.3226079119189,pobre,basal,0,0.0,734.0,0.0,61.0,8,457,9874,0,1.0
97,0.0,1.0,4.119,1.0,1.0,4,156.2566556576621,268.3226079119189,pobre,basal,4,4.0,733.0,1.0,43.0,8,457,9875,1,1.0
98,0.0,1.0,4.119,1.0,2.0,4,156.2566556576621,268.3226079119189,pobre,basal,4,4.0,733.0,1.0,43.0,9,457,9875,1,1.0
97,1.0,1.0,4.119,1.0,0.0,4,156.2566556576621,268.3226079119189,pobre,basal,4,4.0,733.0,1.0,43.0,6,457,9876,0,1.0
98,1.0,1.0,4.119,1.0,1.0,4,156.2566556576621,268.3226079119189,pobre,basal,4,4.0,733.0,1.0,43.0,7,457,9876,0,1.0
97,1.0,1.0,4.119,1.0,7.0,12,156.2566556576621,268.3226079119189,pobre,basal,3,500.0,624.0,1.0,44.0,15,457,9877,7,1.0
98,1.0,1.0,4.119,1.0,8.0,12,156.2566556576621,268.3226079119189,pobre,basal,3,500.0,624.0,1.0,44.0,16,457,9877,7,1.0
97,1.0,1.0,4.119,1.0,5.0,12,156.2566556576621,268.3226079119189,pobre,basal,3,500.0,624.0,1.0,44.0,12,457,9878,5,1.0
98,1.0,1.0,4.119,1.0,6.0,12,156.2566556576621,268.3226079119189,pobre,basal,3,500.0,624.0,1.0,44.0,13,457,9878,5,1.0
97,1.0,1.0,4.119,1.0,4.0,12,156.2566556576621,268.3226079119189,pobre,basal,3,500.0,624.0,1.0,44.0,11,457,9879,4,1.0
98,1.0,1.0,4.119,1.0,2.0,12,156.2566556576621,268.3226079119189,pobre,basal,3,500.0,624.0,1.0,44.0,12,457,9879,4,1.0
97,1.0,1.0,4.119,1.0,1.0,12,156.2566556576621,268.3226079119189,pobre,basal,3,500.0,624.0,1.0,44.0,7,457,9880,1,1.0
98,1.0,1.0,4.119,1.0,2.0,12,156.2566556576621,268.3226079119189,pobre,basal,3,500.0,624.0,1.0,44.0,8,457,9880,1,1.0
97,1.0,1.0,4.119,1.0,0.0,12,156.2566556576621,268.3226079119189,pobre,basal,3,500.0,624.0,1.0,44.0,6,457,9881,0,1.0
98,1.0,1.0,4.119,1.0,1.0,12,156.2566556576621,268.3226079119189,pobre,basal,3,500.0,624.0,1.0,44.0,7,457,9881,0,1.0
97,1.0,1.0,3.0439999,1.0,6.0,11,162.0278080249973,264.1598546067176,pobre,0,6,625.0,675.40002,1.0,43.0,16,466,9882,6,1.0
98,1.0,1.0,3.0439999,1.0,6.0,11,162.0278080249973,264.1598546067176,pobre,0,6,625.0,675.40002,1.0,43.0,17,466,9882,6,1.0
97,1.0,1.0,3.0439999,1.0,4.0,11,162.0278080249973,264.1598546067176,pobre,0,6,625.0,675.40002,1.0,43.0,13,466,9883,4,1.0
98,1.0,1.0,3.0439999,1.0,5.0,11,162.0278080249973,264.1598546067176,pobre,0,6,625.0,675.40002,1.0,43.0,14,466,9883,4,1.0
97,0.0,1.0,3.0439999,1.0,2.0,11,162.0278080249973,264.1598546067176,pobre,0,6,625.0,675.40002,1.0,43.0,10,466,9884,2,1.0
98,0.0,1.0,3.0439999,1.0,2.0,11,162.0278080249973,264.1598546067176,pobre,0,6,625.0,675.40002,1.0,43.0,11,466,9884,2,1.0
97,1.0,1.0,3.0439999,1.0,0.0,11,162.0278080249973,264.1598546067176,pobre,0,6,625.0,675.40002,1.0,43.0,6,466,9885,0,1.0
98,1.0,1.0,3.0439999,1.0,1.0,11,162.0278080249973,264.1598546067176,pobre,0,6,625.0,675.40002,1.0,43.0,7,466,9885,0,1.0
97,0.0,1.0,3.0439999,1.0,6.0,5,162.0278080249973,264.1598546067176,pobre,0,6,625.0,712.0,1.0,48.0,13,466,9886,6,1.0
98,0.0,1.0,3.0439999,1.0,7.0,5,162.0278080249973,264.1598546067176,pobre,0,6,625.0,712.0,1.0,48.0,14,466,9886,6,1.0
97,1.0,1.0,3.0439999,1.0,2.0,5,162.0278080249973,264.1598546067176,pobre,0,6,625.0,712.0,1.0,48.0,10,466,9887,2,1.0
98,1.0,1.0,3.0439999,1.0,3.0,5,162.0278080249973,264.1598546067176,pobre,0,6,625.0,712.0,1.0,48.0,11,466,9887,2,1.0
97,0.0,1.0,3.0439999,1.0,1.0,5,162.0278080249973,264.1598546067176,pobre,0,6,625.0,712.0,1.0,48.0,7,466,9888,1,1.0
98,0.0,1.0,3.0439999,1.0,2.0,5,162.0278080249973,264.1598546067176,pobre,0,6,625.0,712.0,1.0,48.0,8,466,9888,1,1.0
97,0.0,1.0,1.3710001,0.0,6.0,5,164.3681010719044,269.0810428787099,pobre,0,6,625.0,685.0,1.0,45.0,16,461,9889,6,0.0
98,0.0,1.0,1.3710001,,,5,164.3681010719044,269.0810428787099,pobre,0,6,625.0,685.0,1.0,45.0,17,461,9889,6,0.0
97,0.0,1.0,1.3710001,1.0,7.0,5,164.3681010719044,269.0810428787099,pobre,0,6,625.0,685.0,1.0,45.0,12,461,9890,7,1.0
98,0.0,1.0,1.3710001,1.0,7.0,5,164.3681010719044,269.0810428787099,pobre,0,6,625.0,685.0,1.0,45.0,13,461,9890,7,1.0
97,1.0,1.0,1.3710001,1.0,6.0,5,164.3681010719044,269.0810428787099,pobre,0,6,625.0,685.0,1.0,45.0,10,461,9891,6,1.0
98,1.0,1.0,1.3710001,1.0,6.0,5,164.3681010719044,269.0810428787099,pobre,0,6,625.0,685.0,1.0,45.0,11,461,9891,6,1.0
97,1.0,1.0,1.3710001,0.0,6.0,6,164.3681010719044,269.0810428787099,pobre,0,2,625.0,715.0,1.0,53.0,15,461,9892,6,0.0
98,1.0,1.0,1.3710001,0.0,6.0,6,164.3681010719044,269.0810428787099,pobre,0,2,625.0,715.0,1.0,53.0,16,461,9892,6,0.0
97,0.0,1.0,1.3710001,0.0,6.0,6,164.3681010719044,269.0810428787099,pobre,0,2,625.0,715.0,1.0,53.0,13,461,9893,6,0.0
98,0.0,1.0,1.3710001,0.0,6.0,6,164.3681010719044,269.0810428787099,pobre,0,2,625.0,715.0,1.0,53.0,14,461,9893,6,0.0
97,1.0,1.0,1.3710001,1.0,3.0,6,164.3681010719044,269.0810428787099,pobre,0,2,625.0,715.0,1.0,53.0,11,461,9894,3,1.0
98,1.0,1.0,1.3710001,1.0,3.0,6,164.3681010719044,269.0810428787099,pobre,0,2,625.0,715.0,1.0,53.0,12,461,9894,3,1.0
97,0.0,1.0,1.3710001,0.0,6.0,6,164.3681010719044,269.0810428787099,pobre,0,5,625.0,729.0,1.0,39.0,15,461,9895,6,0.0
98,0.0,1.0,1.3710001,,6.0,6,164.3681010719044,269.0810428787099,pobre,0,5,625.0,729.0,1.0,39.0,16,461,9895,6,0.0
97,0.0,1.0,1.3710001,1.0,3.0,6,164.3681010719044,269.0810428787099,pobre,0,5,625.0,729.0,1.0,39.0,9,461,9896,3,1.0
98,0.0,1.0,1.3710001,1.0,3.0,6,164.3681010719044,269.0810428787099,pobre,0,5,625.0,729.0,1.0,39.0,10,461,9896,3,1.0
97,1.0,1.0,1.3710001,1.0,0.0,6,164.3681010719044,269.0810428787099,pobre,0,5,625.0,729.0,1.0,39.0,6,461,9897,0,1.0
98,1.0,1.0,1.3710001,1.0,1.0,6,164.3681010719044,269.0810428787099,pobre,0,5,625.0,729.0,1.0,39.0,7,461,9897,0,1.0
97,1.0,1.0,1.3710001,1.0,6.0,3,164.3681010719044,269.0810428787099,pobre,0,0,80.0,745.0,0.0,80.0,15,461,9898,6,1.0
98,1.0,1.0,1.3710001,0.0,6.0,3,164.3681010719044,269.0810428787099,pobre,0,0,80.0,745.0,0.0,80.0,16,461,9898,6,1.0
97,0.0,1.0,1.3710001,1.0,6.0,3,164.3681010719044,269.0810428787099,pobre,0,0,80.0,745.0,0.0,80.0,13,461,9899,6,1.0
98,0.0,1.0,1.3710001,0.0,6.0,3,164.3681010719044,269.0810428787099,pobre,0,0,80.0,745.0,0.0,80.0,14,461,9899,6,1.0
97,0.0,0.0,0.289,1.0,1.0,3,149.2095000992339,244.7946251690846,pobre,0,6,500.0,777.0,1.0,39.0,6,463,9900,1,1.0
98,0.0,0.0,0.289,1.0,1.0,3,149.2095000992339,244.7946251690846,pobre,0,6,500.0,777.0,1.0,39.0,7,463,9900,1,1.0
97,0.0,0.0,0.289,1.0,5.0,4,149.2095000992339,244.7946251690846,pobre,0,9,1000.0,939.0,1.0,50.0,10,463,9901,5,1.0
98,0.0,0.0,0.289,1.0,5.0,4,149.2095000992339,244.7946251690846,pobre,0,9,1000.0,939.0,1.0,50.0,11,463,9901,5,1.0
97,1.0,0.0,0.289,1.0,9.0,7,149.2095000992339,244.7946251690846,pobre,0,7,0.0,664.0,1.0,45.0,14,463,9902,9,1.0
98,1.0,0.0,0.289,0.0,9.0,7,149.2095000992339,244.7946251690846,pobre,0,7,0.0,664.0,1.0,45.0,15,463,9902,9,1.0
97,1.0,0.0,0.289,1.0,5.0,7,149.2095000992339,244.7946251690846,pobre,0,7,0.0,664.0,1.0,45.0,11,463,9903,5,1.0
98,1.0,0.0,0.289,1.0,6.0,7,149.2095000992339,244.7946251690846,pobre,0,7,0.0,664.0,1.0,45.0,12,463,9903,5,1.0
97,0.0,1.0,2.8710001,1.0,6.0,8,157.2175772604217,290.5822678775554,pobre,0,0,625.0,586.0,1.0,47.0,13,407,9904,6,1.0
98,0.0,1.0,2.8710001,1.0,7.0,8,157.2175772604217,290.5822678775554,pobre,0,0,625.0,586.0,1.0,47.0,14,407,9904,6,1.0
97,0.0,1.0,2.8710001,1.0,4.0,8,157.2175772604217,290.5822678775554,pobre,0,0,625.0,586.0,1.0,47.0,11,407,9905,4,1.0
98,0.0,1.0,2.8710001,1.0,5.0,8,157.2175772604217,290.5822678775554,pobre,0,0,625.0,586.0,1.0,47.0,12,407,9905,4,1.0
97,0.0,1.0,2.8710001,1.0,2.0,8,157.2175772604217,290.5822678775554,pobre,0,0,625.0,586.0,1.0,47.0,9,407,9906,2,1.0
98,0.0,1.0,2.8710001,,,8,157.2175772604217,290.5822678775554,pobre,0,0,625.0,586.0,1.0,47.0,10,407,9906,2,1.0
97,0.0,1.0,2.8710001,1.0,1.0,8,157.2175772604217,290.5822678775554,pobre,0,0,625.0,586.0,1.0,47.0,8,407,9907,1,1.0
98,0.0,1.0,2.8710001,1.0,2.0,8,157.2175772604217,290.5822678775554,pobre,0,0,625.0,586.0,1.0,47.0,9,407,9907,1,1.0
97,1.0,1.0,2.8710001,1.0,5.0,6,157.2175772604217,290.5822678775554,pobre,0,3,625.0,633.0,1.0,38.0,11,407,9908,5,1.0
98,1.0,1.0,2.8710001,1.0,6.0,6,157.2175772604217,290.5822678775554,pobre,0,3,625.0,633.0,1.0,38.0,12,407,9908,5,1.0
97,0.0,1.0,2.8710001,1.0,2.0,6,157.2175772604217,290.5822678775554,pobre,0,3,625.0,633.0,1.0,38.0,8,407,9909,2,1.0
98,0.0,1.0,2.8710001,1.0,3.0,6,157.2175772604217,290.5822678775554,pobre,0,3,625.0,633.0,1.0,38.0,9,407,9909,2,1.0
97,1.0,1.0,2.8710001,1.0,1.0,6,157.2175772604217,290.5822678775554,pobre,0,3,625.0,633.0,1.0,38.0,7,407,9910,1,1.0
98,1.0,1.0,2.8710001,1.0,1.0,6,157.2175772604217,290.5822678775554,pobre,0,3,625.0,633.0,1.0,38.0,8,407,9910,1,1.0
97,1.0,1.0,2.8710001,0.0,5.0,7,157.2175772604217,290.5822678775554,pobre,0,3,3400.0,681.5,1.0,21.0,13,407,9911,5,0.0
98,1.0,1.0,2.8710001,1.0,5.0,7,157.2175772604217,290.5822678775554,pobre,0,3,3400.0,681.5,1.0,21.0,14,407,9911,5,0.0
97,1.0,1.0,2.8710001,1.0,2.0,8,157.2175772604217,290.5822678775554,pobre,0,0,625.0,761.0,1.0,70.0,7,407,9912,2,1.0
98,1.0,1.0,2.8710001,1.0,2.0,8,157.2175772604217,290.5822678775554,pobre,0,0,625.0,761.0,1.0,70.0,8,407,9912,2,1.0
97,1.0,1.0,2.8710001,1.0,3.0,5,157.2175772604217,290.5822678775554,pobre,0,3,750.0,650.0,1.0,34.0,9,407,9913,3,1.0
98,1.0,1.0,2.8710001,1.0,4.0,5,157.2175772604217,290.5822678775554,pobre,0,3,750.0,650.0,1.0,34.0,10,407,9913,3,1.0
97,0.0,1.0,2.8710001,1.0,1.0,5,157.2175772604217,290.5822678775554,pobre,0,3,750.0,650.0,1.0,34.0,7,407,9914,1,1.0
98,0.0,1.0,2.8710001,1.0,1.0,5,157.2175772604217,290.5822678775554,pobre,0,3,750.0,650.0,1.0,34.0,8,407,9914,1,1.0
97,1.0,1.0,2.8710001,1.0,5.0,7,157.2175772604217,290.5822678775554,pobre,0,3,625.0,721.5,1.0,46.0,12,407,9915,5,1.0
98,1.0,1.0,2.8710001,1.0,6.0,7,157.2175772604217,290.5822678775554,pobre,0,3,625.0,721.5,1.0,46.0,13,407,9915,5,1.0
97,0.0,1.0,2.8710001,1.0,2.0,7,157.2175772604217,290.5822678775554,pobre,0,3,625.0,721.5,1.0,46.0,7,407,9916,2,1.0
98,0.0,1.0,2.8710001,1.0,3.0,7,157.2175772604217,290.5822678775554,pobre,0,3,625.0,721.5,1.0,46.0,8,407,9916,2,1.0
97,1.0,1.0,0.0,1.0,2.0,5,156.0063538077824,276.0084339545272,pobre,0,6,375.0,729.0,1.0,28.0,9,465,9917,2,1.0
98,1.0,1.0,0.0,1.0,3.0,5,156.0063538077824,276.0084339545272,pobre,0,6,375.0,729.0,1.0,28.0,10,465,9917,2,1.0
97,0.0,1.0,0.0,1.0,2.0,5,156.0063538077824,276.0084339545272,pobre,0,6,375.0,729.0,1.0,28.0,7,465,9918,2,1.0
98,0.0,1.0,0.0,1.0,2.0,5,156.0063538077824,276.0084339545272,pobre,0,6,375.0,729.0,1.0,28.0,8,465,9918,2,1.0
97,1.0,0.0,0.0,1.0,6.0,7,156.0063538077824,276.0084339545272,pobre,0,6,2500.0,612.0,1.0,35.0,15,465,9919,6,1.0
98,1.0,0.0,0.0,1.0,6.0,7,156.0063538077824,276.0084339545272,pobre,0,6,2500.0,612.0,1.0,35.0,16,465,9919,6,1.0
97,0.0,1.0,0.0,1.0,5.0,7,156.0063538077824,276.0084339545272,pobre,0,6,2500.0,612.0,1.0,35.0,12,465,9920,5,1.0
98,0.0,1.0,0.0,1.0,6.0,7,156.0063538077824,276.0084339545272,pobre,0,6,2500.0,612.0,1.0,35.0,13,465,9920,5,1.0
97,1.0,0.0,0.0,1.0,1.0,7,156.0063538077824,276.0084339545272,pobre,0,6,2500.0,612.0,1.0,35.0,7,465,9921,1,1.0
98,1.0,0.0,0.0,1.0,1.0,7,156.0063538077824,276.0084339545272,pobre,0,6,2500.0,612.0,1.0,35.0,8,465,9921,1,1.0
97,0.0,1.0,0.0,1.0,7.0,4,156.0063538077824,276.0084339545272,pobre,0,4,375.0,778.0,1.0,67.0,15,465,9922,7,1.0
98,0.0,1.0,0.0,1.0,,4,156.0063538077824,276.0084339545272,pobre,0,4,375.0,778.0,1.0,67.0,16,465,9922,7,1.0
97,0.0,1.0,0.0,1.0,4.0,8,156.0063538077824,276.0084339545272,pobre,0,6,375.0,524.0,1.0,30.0,11,465,9923,4,1.0
98,0.0,1.0,0.0,1.0,4.0,8,156.0063538077824,276.0084339545272,pobre,0,6,375.0,524.0,1.0,30.0,12,465,9923,4,1.0
97,0.0,1.0,0.0,1.0,1.0,8,156.0063538077824,276.0084339545272,pobre,0,6,375.0,524.0,1.0,30.0,8,465,9924,1,1.0
98,0.0,1.0,0.0,1.0,0.0,8,156.0063538077824,276.0084339545272,pobre,0,6,375.0,524.0,1.0,30.0,9,465,9924,1,1.0
97,1.0,1.0,0.0,1.0,0.0,8,156.0063538077824,276.0084339545272,pobre,0,6,375.0,524.0,1.0,30.0,6,465,9925,0,1.0
98,1.0,1.0,0.0,1.0,0.0,8,156.0063538077824,276.0084339545272,pobre,0,6,375.0,524.0,1.0,30.0,7,465,9925,0,1.0
97,0.0,0.0,0.0,1.0,4.0,3,156.0063538077824,276.0084339545272,pobre,0,13,375.0,728.0,1.0,33.0,11,465,9926,4,1.0
98,0.0,0.0,0.0,1.0,4.0,3,156.0063538077824,276.0084339545272,pobre,0,13,375.0,728.0,1.0,33.0,12,465,9926,4,1.0
97,1.0,1.0,0.0,1.0,6.0,7,156.0063538077824,276.0084339545272,pobre,0,5,375.0,606.0,1.0,48.0,14,465,9927,6,1.0
98,1.0,1.0,0.0,1.0,7.0,7,156.0063538077824,276.0084339545272,pobre,0,5,375.0,606.0,1.0,48.0,15,465,9927,6,1.0
97,0.0,1.0,0.0,1.0,4.0,7,156.0063538077824,276.0084339545272,pobre,0,5,375.0,606.0,1.0,48.0,11,465,9928,4,1.0
98,0.0,1.0,0.0,1.0,4.0,7,156.0063538077824,276.0084339545272,pobre,0,5,375.0,606.0,1.0,48.0,12,465,9928,4,1.0
97,1.0,1.0,0.0,1.0,0.0,7,156.0063538077824,276.0084339545272,pobre,0,5,375.0,606.0,1.0,48.0,6,465,9929,0,1.0
98,1.0,1.0,0.0,1.0,0.0,7,156.0063538077824,276.0084339545272,pobre,0,5,375.0,606.0,1.0,48.0,7,465,9929,0,1.0
97,1.0,1.0,0.0,1.0,2.0,8,156.0063538077824,276.0084339545272,pobre,0,6,375.0,590.0,1.0,42.0,14,465,9930,2,1.0
98,1.0,1.0,0.0,1.0,7.0,8,156.0063538077824,276.0084339545272,pobre,0,6,375.0,590.0,1.0,42.0,15,465,9930,2,1.0
97,1.0,1.0,0.0,1.0,4.0,8,156.0063538077824,276.0084339545272,pobre,0,6,375.0,590.0,1.0,42.0,12,465,9931,4,1.0
98,1.0,1.0,0.0,1.0,5.0,8,156.0063538077824,276.0084339545272,pobre,0,6,375.0,590.0,1.0,42.0,13,465,9931,4,1.0
97,1.0,1.0,0.0,1.0,2.0,8,156.0063538077824,276.0084339545272,pobre,0,6,375.0,590.0,1.0,42.0,9,465,9932,2,1.0
98,1.0,1.0,0.0,1.0,2.0,8,156.0063538077824,276.0084339545272,pobre,0,6,375.0,590.0,1.0,42.0,10,465,9932,2,1.0
97,1.0,1.0,0.0,1.0,0.0,8,156.0063538077824,276.0084339545272,pobre,0,6,375.0,590.0,1.0,42.0,7,465,9933,0,1.0
98,1.0,1.0,0.0,1.0,1.0,8,156.0063538077824,276.0084339545272,pobre,0,6,375.0,590.0,1.0,42.0,8,465,9933,0,1.0
97,1.0,1.0,0.0,1.0,7.0,6,156.0063538077824,276.0084339545272,pobre,0,6,375.0,611.0,1.0,25.0,15,465,9934,7,1.0
98,1.0,1.0,0.0,1.0,8.0,6,156.0063538077824,276.0084339545272,pobre,0,6,375.0,611.0,1.0,25.0,16,465,9934,7,1.0
97,1.0,1.0,0.0,1.0,1.0,6,156.0063538077824,276.0084339545272,pobre,0,6,375.0,611.0,1.0,25.0,7,465,9935,1,1.0
98,1.0,1.0,0.0,1.0,2.0,6,156.0063538077824,276.0084339545272,pobre,0,6,375.0,611.0,1.0,25.0,8,465,9935,1,1.0
97,0.0,1.0,0.0,1.0,6.0,9,156.0063538077824,276.0084339545272,pobre,0,4,375.0,488.0,1.0,32.0,13,465,9936,6,1.0
98,0.0,1.0,0.0,1.0,7.0,9,156.0063538077824,276.0084339545272,pobre,0,4,375.0,488.0,1.0,32.0,14,465,9936,6,1.0
97,1.0,1.0,0.0,1.0,4.0,9,156.0063538077824,276.0084339545272,pobre,0,4,375.0,488.0,1.0,32.0,11,465,9937,4,1.0
98,1.0,1.0,0.0,1.0,5.0,9,156.0063538077824,276.0084339545272,pobre,0,4,375.0,488.0,1.0,32.0,12,465,9937,4,1.0
97,1.0,1.0,0.0,1.0,2.0,9,156.0063538077824,276.0084339545272,pobre,0,4,375.0,488.0,1.0,32.0,9,465,9938,2,1.0
98,1.0,1.0,0.0,1.0,3.0,9,156.0063538077824,276.0084339545272,pobre,0,4,375.0,488.0,1.0,32.0,10,465,9938,2,1.0
97,0.0,1.0,0.0,1.0,1.0,9,156.0063538077824,276.0084339545272,pobre,0,4,375.0,488.0,1.0,32.0,7,465,9939,1,1.0
98,0.0,1.0,0.0,1.0,2.0,9,156.0063538077824,276.0084339545272,pobre,0,4,375.0,488.0,1.0,32.0,8,465,9939,1,1.0
97,1.0,1.0,0.0,1.0,3.0,7,156.0063538077824,276.0084339545272,pobre,0,0,375.0,739.5,1.0,42.0,9,465,9940,3,1.0
98,1.0,1.0,0.0,1.0,4.0,7,156.0063538077824,276.0084339545272,pobre,0,0,375.0,739.5,1.0,42.0,10,465,9940,3,1.0
97,0.0,,0.0,,0.0,7,156.0063538077824,276.0084339545272,pobre,0,0,375.0,739.5,1.0,42.0,6,465,9941,0,
98,0.0,,0.0,1.0,1.0,7,156.0063538077824,276.0084339545272,pobre,0,0,375.0,739.5,1.0,42.0,7,465,9941,0,
97,1.0,1.0,0.0,1.0,4.0,10,156.0063538077824,276.0084339545272,pobre,0,3,375.0,718.0,1.0,54.0,10,465,9942,4,1.0
98,1.0,1.0,0.0,1.0,5.0,10,156.0063538077824,276.0084339545272,pobre,0,3,375.0,718.0,1.0,54.0,11,465,9942,4,1.0
97,1.0,1.0,0.0,1.0,2.0,10,156.0063538077824,276.0084339545272,pobre,0,3,375.0,718.0,1.0,54.0,7,465,9943,2,1.0
98,1.0,1.0,0.0,1.0,3.0,10,156.0063538077824,276.0084339545272,pobre,0,3,375.0,718.0,1.0,54.0,8,465,9943,2,1.0
97,0.0,1.0,0.0,1.0,1.0,7,156.0063538077824,276.0084339545272,pobre,0,2,0.0,481.0,0.0,45.0,6,465,9944,1,1.0
98,0.0,1.0,0.0,1.0,2.0,7,156.0063538077824,276.0084339545272,pobre,0,2,0.0,481.0,0.0,45.0,7,465,9944,1,1.0
97,1.0,1.0,0.0,1.0,4.0,14,156.0063538077824,276.0084339545272,pobre,0,0,0.0,564.0,1.0,70.0,9,465,9945,4,1.0
98,1.0,1.0,0.0,1.0,4.0,14,156.0063538077824,276.0084339545272,pobre,0,0,0.0,564.0,1.0,70.0,10,465,9945,4,1.0
97,0.0,1.0,0.0,1.0,5.0,14,156.0063538077824,276.0084339545272,pobre,0,0,0.0,564.0,1.0,70.0,13,465,9946,5,1.0
98,0.0,1.0,0.0,1.0,5.0,14,156.0063538077824,276.0084339545272,pobre,0,0,0.0,564.0,1.0,70.0,14,465,9946,5,1.0
97,0.0,1.0,0.0,1.0,1.0,14,156.0063538077824,276.0084339545272,pobre,0,0,0.0,564.0,1.0,70.0,7,465,9947,1,1.0
98,0.0,1.0,0.0,1.0,1.0,14,156.0063538077824,276.0084339545272,pobre,0,0,0.0,564.0,1.0,70.0,8,465,9947,1,1.0
97,0.0,1.0,0.0,1.0,0.0,14,156.0063538077824,276.0084339545272,pobre,0,0,0.0,564.0,1.0,70.0,6,465,9948,0,1.0
98,0.0,1.0,0.0,1.0,1.0,14,156.0063538077824,276.0084339545272,pobre,0,0,0.0,564.0,1.0,70.0,7,465,9948,0,1.0
97,0.0,1.0,0.0,1.0,5.0,16,156.0063538077824,276.0084339545272,pobre,0,3,375.0,784.0,1.0,48.0,16,465,9949,5,1.0
98,0.0,1.0,0.0,,,16,156.0063538077824,276.0084339545272,pobre,0,3,375.0,784.0,1.0,48.0,17,465,9949,5,1.0
97,0.0,1.0,0.0,1.0,7.0,16,156.0063538077824,276.0084339545272,pobre,0,3,375.0,784.0,1.0,48.0,15,465,9950,7,1.0
98,0.0,1.0,0.0,1.0,8.0,16,156.0063538077824,276.0084339545272,pobre,0,3,375.0,784.0,1.0,48.0,16,465,9950,7,1.0
97,1.0,1.0,0.0,1.0,5.0,16,156.0063538077824,276.0084339545272,pobre,0,3,375.0,784.0,1.0,48.0,13,465,9951,5,1.0
98,1.0,1.0,0.0,1.0,6.0,16,156.0063538077824,276.0084339545272,pobre,0,3,375.0,784.0,1.0,48.0,14,465,9951,5,1.0
97,0.0,1.0,0.0,1.0,2.0,16,156.0063538077824,276.0084339545272,pobre,0,3,375.0,784.0,1.0,48.0,10,465,9952,2,1.0
98,0.0,1.0,0.0,1.0,2.0,16,156.0063538077824,276.0084339545272,pobre,0,3,375.0,784.0,1.0,48.0,11,465,9952,2,1.0
97,1.0,1.0,0.0,1.0,2.0,16,156.0063538077824,276.0084339545272,pobre,0,3,375.0,784.0,1.0,48.0,9,465,9953,2,1.0
98,1.0,1.0,0.0,1.0,2.0,16,156.0063538077824,276.0084339545272,pobre,0,3,375.0,784.0,1.0,48.0,10,465,9953,2,1.0
97,0.0,1.0,0.0,1.0,0.0,16,156.0063538077824,276.0084339545272,pobre,0,3,375.0,784.0,1.0,48.0,7,465,9954,0,1.0
98,0.0,1.0,0.0,1.0,1.0,16,156.0063538077824,276.0084339545272,pobre,0,3,375.0,784.0,1.0,48.0,8,465,9954,0,1.0
97,0.0,1.0,0.0,1.0,0.0,16,156.0063538077824,276.0084339545272,pobre,0,3,375.0,784.0,1.0,48.0,7,465,9955,0,1.0
98,0.0,1.0,0.0,1.0,1.0,16,156.0063538077824,276.0084339545272,pobre,0,3,375.0,784.0,1.0,48.0,8,465,9955,0,1.0
97,1.0,1.0,0.0,1.0,9.0,5,156.0063538077824,276.0084339545272,pobre,0,2,2500.0,968.5,1.0,35.0,15,465,9956,9,1.0
98,1.0,1.0,0.0,0.0,9.0,5,156.0063538077824,276.0084339545272,pobre,0,2,2500.0,968.5,1.0,35.0,16,465,9956,9,1.0
97,0.0,1.0,0.0,1.0,5.0,5,156.0063538077824,276.0084339545272,pobre,0,2,2500.0,968.5,1.0,35.0,11,465,9957,5,1.0
98,0.0,1.0,0.0,1.0,6.0,5,156.0063538077824,276.0084339545272,pobre,0,2,2500.0,968.5,1.0,35.0,12,465,9957,5,1.0
97,0.0,1.0,0.0,1.0,2.0,5,156.0063538077824,276.0084339545272,pobre,0,2,2500.0,968.5,1.0,35.0,7,465,9958,2,1.0
98,0.0,1.0,0.0,1.0,3.0,5,156.0063538077824,276.0084339545272,pobre,0,2,2500.0,968.5,1.0,35.0,8,465,9958,2,1.0
97,0.0,1.0,0.0,1.0,8.0,14,156.0063538077824,276.0084339545272,pobre,0,4,375.0,708.0,1.0,71.0,14,465,9959,8,1.0
98,0.0,1.0,0.0,0.0,9.0,14,156.0063538077824,276.0084339545272,pobre,0,4,375.0,708.0,1.0,71.0,15,465,9959,8,1.0
97,1.0,1.0,0.0,1.0,5.0,14,156.0063538077824,276.0084339545272,pobre,0,4,375.0,708.0,1.0,71.0,11,465,9960,5,1.0
98,1.0,1.0,0.0,1.0,5.0,14,156.0063538077824,276.0084339545272,pobre,0,4,375.0,708.0,1.0,71.0,12,465,9960,5,1.0
97,1.0,1.0,0.0,,0.0,14,156.0063538077824,276.0084339545272,pobre,0,4,375.0,708.0,1.0,71.0,6,465,9961,0,
98,1.0,1.0,0.0,1.0,0.0,14,156.0063538077824,276.0084339545272,pobre,0,4,375.0,708.0,1.0,71.0,7,465,9961,0,
97,1.0,1.0,0.0,1.0,3.0,4,156.0063538077824,276.0084339545272,pobre,0,0,375.0,763.0,1.0,45.0,10,465,9962,3,1.0
98,1.0,1.0,0.0,1.0,3.0,4,156.0063538077824,276.0084339545272,pobre,0,0,375.0,763.0,1.0,45.0,11,465,9962,3,1.0
97,1.0,1.0,4.119,1.0,9.0,9,156.2566556576621,268.3226079119189,pobre,basal,6,4.0,550.0,1.0,42.0,16,457,9963,9,1.0
98,1.0,1.0,4.119,,,9,156.2566556576621,268.3226079119189,pobre,basal,6,4.0,550.0,1.0,42.0,17,457,9963,9,1.0
97,0.0,1.0,4.119,0.0,6.0,9,156.2566556576621,268.3226079119189,pobre,basal,6,4.0,550.0,1.0,42.0,11,457,9964,6,0.0
98,0.0,1.0,4.119,1.0,6.0,9,156.2566556576621,268.3226079119189,pobre,basal,6,4.0,550.0,1.0,42.0,12,457,9964,6,0.0
97,1.0,1.0,4.119,1.0,5.0,9,156.2566556576621,268.3226079119189,pobre,basal,6,4.0,550.0,1.0,42.0,9,457,9965,5,1.0
98,1.0,1.0,4.119,1.0,6.0,9,156.2566556576621,268.3226079119189,pobre,basal,6,4.0,550.0,1.0,42.0,10,457,9965,5,1.0
97,1.0,1.0,4.119,1.0,1.0,9,156.2566556576621,268.3226079119189,pobre,basal,6,4.0,550.0,1.0,42.0,7,457,9966,1,1.0
98,1.0,1.0,4.119,1.0,2.0,9,156.2566556576621,268.3226079119189,pobre,basal,6,4.0,550.0,1.0,42.0,8,457,9966,1,1.0
97,1.0,1.0,4.119,1.0,9.0,4,156.2566556576621,268.3226079119189,pobre,basal,0,4.0,734.0,1.0,76.0,16,457,9967,9,1.0
98,1.0,1.0,4.119,,,4,156.2566556576621,268.3226079119189,pobre,basal,0,4.0,734.0,1.0,76.0,17,457,9967,9,1.0
97,0.0,1.0,4.119,1.0,5.0,4,156.2566556576621,268.3226079119189,pobre,basal,0,4.0,734.0,1.0,76.0,12,457,9968,5,1.0
98,0.0,1.0,4.119,1.0,6.0,4,156.2566556576621,268.3226079119189,pobre,basal,0,4.0,734.0,1.0,76.0,13,457,9968,5,1.0
97,1.0,1.0,4.119,0.0,6.0,9,156.2566556576621,268.3226079119189,pobre,basal,0,4.0,698.0,1.0,69.0,15,457,9969,6,0.0
98,1.0,1.0,4.119,0.0,6.0,9,156.2566556576621,268.3226079119189,pobre,basal,0,4.0,698.0,1.0,69.0,16,457,9969,6,0.0
97,1.0,1.0,4.119,1.0,2.0,9,156.2566556576621,268.3226079119189,pobre,basal,0,4.0,698.0,1.0,69.0,8,457,9970,2,1.0
98,1.0,1.0,4.119,1.0,3.0,9,156.2566556576621,268.3226079119189,pobre,basal,0,4.0,698.0,1.0,69.0,9,457,9970,2,1.0
97,0.0,1.0,4.119,1.0,8.0,11,156.2566556576621,268.3226079119189,pobre,basal,3,500.0,657.5,1.0,51.0,16,457,9971,8,1.0
98,0.0,1.0,4.119,,,11,156.2566556576621,268.3226079119189,pobre,basal,3,500.0,657.5,1.0,51.0,17,457,9971,8,1.0
97,0.0,1.0,4.119,1.0,6.0,11,156.2566556576621,268.3226079119189,pobre,basal,3,500.0,657.5,1.0,51.0,12,457,9972,6,1.0
98,0.0,1.0,4.119,1.0,7.0,11,156.2566556576621,268.3226079119189,pobre,basal,3,500.0,657.5,1.0,51.0,13,457,9972,6,1.0
97,1.0,1.0,4.119,1.0,6.0,11,156.2566556576621,268.3226079119189,pobre,basal,3,500.0,657.5,1.0,51.0,12,457,9973,6,1.0
98,1.0,1.0,4.119,1.0,7.0,11,156.2566556576621,268.3226079119189,pobre,basal,3,500.0,657.5,1.0,51.0,13,457,9973,6,1.0
97,0.0,1.0,4.119,1.0,4.0,11,156.2566556576621,268.3226079119189,pobre,basal,3,500.0,657.5,1.0,51.0,9,457,9974,4,1.0
98,0.0,1.0,4.119,1.0,5.0,11,156.2566556576621,268.3226079119189,pobre,basal,3,500.0,657.5,1.0,51.0,10,457,9974,4,1.0
97,0.0,1.0,4.119,1.0,2.0,11,156.2566556576621,268.3226079119189,pobre,basal,3,500.0,657.5,1.0,51.0,7,457,9975,2,1.0
98,0.0,1.0,4.119,1.0,3.0,11,156.2566556576621,268.3226079119189,pobre,basal,3,500.0,657.5,1.0,51.0,8,457,9975,2,1.0
97,0.0,1.0,4.119,0.0,6.0,5,156.2566556576621,268.3226079119189,pobre,basal,0,500.0,679.0,1.0,54.0,14,457,9976,6,0.0
98,0.0,1.0,4.119,,,5,156.2566556576621,268.3226079119189,pobre,basal,0,500.0,679.0,1.0,54.0,15,457,9976,6,0.0
97,1.0,1.0,4.119,1.0,7.0,5,156.2566556576621,268.3226079119189,pobre,basal,0,500.0,679.0,1.0,54.0,12,457,9977,7,1.0
98,1.0,1.0,4.119,1.0,8.0,5,156.2566556576621,268.3226079119189,pobre,basal,0,500.0,679.0,1.0,54.0,13,457,9977,7,1.0
97,0.0,1.0,4.119,1.0,7.0,6,156.2566556576621,268.3226079119189,pobre,basal,16,2500.0,847.0,1.0,38.0,12,457,9978,7,1.0
98,0.0,1.0,4.119,1.0,8.0,6,156.2566556576621,268.3226079119189,pobre,basal,16,2500.0,847.0,1.0,38.0,13,457,9978,7,1.0
97,0.0,1.0,4.119,1.0,5.0,6,156.2566556576621,268.3226079119189,pobre,basal,16,2500.0,847.0,1.0,38.0,10,457,9979,5,1.0
98,0.0,1.0,4.119,1.0,5.0,6,156.2566556576621,268.3226079119189,pobre,basal,16,2500.0,847.0,1.0,38.0,11,457,9979,5,1.0
97,0.0,1.0,4.119,1.0,3.0,6,156.2566556576621,268.3226079119189,pobre,basal,16,2500.0,847.0,1.0,38.0,8,457,9980,3,1.0
98,0.0,1.0,4.119,1.0,4.0,6,156.2566556576621,268.3226079119189,pobre,basal,16,2500.0,847.0,1.0,38.0,9,457,9980,3,1.0
97,1.0,1.0,4.119,1.0,6.0,3,156.2566556576621,268.3226079119189,pobre,basal,3,500.0,756.0,1.0,56.0,11,457,9981,6,1.0
98,1.0,1.0,4.119,1.0,7.0,3,156.2566556576621,268.3226079119189,pobre,basal,3,500.0,756.0,1.0,56.0,12,457,9981,6,1.0
97,1.0,1.0,4.119,0.0,9.0,3,156.2566556576621,268.3226079119189,pobre,basal,6,500.0,770.0,1.0,40.0,15,457,9982,9,0.0
98,1.0,1.0,4.119,0.0,9.0,3,156.2566556576621,268.3226079119189,pobre,basal,6,500.0,770.0,1.0,40.0,16,457,9982,9,0.0
97,0.0,1.0,4.119,1.0,6.0,7,156.2566556576621,268.3226079119189,pobre,basal,2,500.0,603.5,1.0,41.0,13,457,9983,6,1.0
98,0.0,1.0,4.119,1.0,7.0,7,156.2566556576621,268.3226079119189,pobre,basal,2,500.0,603.5,1.0,41.0,14,457,9983,6,1.0
97,0.0,1.0,4.119,1.0,4.0,7,156.2566556576621,268.3226079119189,pobre,basal,2,500.0,603.5,1.0,41.0,10,457,9984,4,1.0
98,0.0,1.0,4.119,1.0,5.0,7,156.2566556576621,268.3226079119189,pobre,basal,2,500.0,603.5,1.0,41.0,11,457,9984,4,1.0
97,1.0,1.0,3.0439999,0.0,9.0,8,162.0278080249973,264.1598546067176,pobre,0,5,625.0,801.0,1.0,39.0,16,466,9985,9,0.0
98,1.0,1.0,3.0439999,,,8,162.0278080249973,264.1598546067176,pobre,0,5,625.0,801.0,1.0,39.0,17,466,9985,9,0.0
97,0.0,1.0,3.0439999,1.0,7.0,8,162.0278080249973,264.1598546067176,pobre,0,5,625.0,801.0,1.0,39.0,14,466,9986,7,1.0
98,0.0,1.0,3.0439999,1.0,7.0,8,162.0278080249973,264.1598546067176,pobre,0,5,625.0,801.0,1.0,39.0,15,466,9986,7,1.0
97,0.0,0.0,3.0439999,1.0,2.0,8,162.0278080249973,264.1598546067176,pobre,0,5,625.0,801.0,1.0,39.0,10,466,9987,2,1.0
98,0.0,0.0,3.0439999,1.0,3.0,8,162.0278080249973,264.1598546067176,pobre,0,5,625.0,801.0,1.0,39.0,11,466,9987,2,1.0
97,0.0,0.0,3.0439999,1.0,3.0,8,162.0278080249973,264.1598546067176,pobre,0,5,625.0,801.0,1.0,39.0,8,466,9988,3,1.0
98,0.0,0.0,3.0439999,1.0,3.0,8,162.0278080249973,264.1598546067176,pobre,0,5,625.0,801.0,1.0,39.0,9,466,9988,3,1.0
97,0.0,0.0,3.0439999,1.0,1.0,8,162.0278080249973,264.1598546067176,pobre,0,5,625.0,801.0,1.0,39.0,6,466,9989,1,1.0
98,0.0,0.0,3.0439999,1.0,1.0,8,162.0278080249973,264.1598546067176,pobre,0,5,625.0,801.0,1.0,39.0,7,466,9989,1,1.0
97,0.0,1.0,3.0439999,0.0,5.0,8,162.0278080249973,264.1598546067176,pobre,0,3,500.0,708.0,1.0,54.0,15,466,9990,5,0.0
98,0.0,1.0,3.0439999,0.0,5.0,8,162.0278080249973,264.1598546067176,pobre,0,3,500.0,708.0,1.0,54.0,16,466,9990,5,0.0
97,1.0,1.0,3.0439999,0.0,5.0,8,162.0278080249973,264.1598546067176,pobre,0,3,500.0,708.0,1.0,54.0,13,466,9991,5,0.0
98,1.0,1.0,3.0439999,0.0,5.0,8,162.0278080249973,264.1598546067176,pobre,0,3,500.0,708.0,1.0,54.0,14,466,9991,5,0.0
97,1.0,1.0,3.0439999,1.0,4.0,8,162.0278080249973,264.1598546067176,pobre,0,3,500.0,708.0,1.0,54.0,11,466,9992,4,1.0
98,1.0,1.0,3.0439999,1.0,4.0,8,162.0278080249973,264.1598546067176,pobre,0,3,500.0,708.0,1.0,54.0,12,466,9992,4,1.0
97,0.0,1.0,3.0439999,1.0,2.0,8,162.0278080249973,264.1598546067176,pobre,0,3,500.0,708.0,1.0,54.0,9,466,9993,2,1.0
98,0.0,1.0,3.0439999,1.0,2.0,8,162.0278080249973,264.1598546067176,pobre,0,3,500.0,708.0,1.0,54.0,10,466,9993,2,1.0
97,0.0,1.0,3.0439999,1.0,2.0,6,162.0278080249973,264.1598546067176,pobre,0,3,625.0,724.0,1.0,53.0,15,466,9994,2,1.0
98,0.0,1.0,3.0439999,1.0,10.0,6,162.0278080249973,264.1598546067176,pobre,0,3,625.0,724.0,1.0,53.0,16,466,9994,2,1.0
97,0.0,1.0,3.0439999,1.0,4.0,6,162.0278080249973,264.1598546067176,pobre,0,3,625.0,724.0,1.0,53.0,10,466,9995,4,1.0
98,0.0,1.0,3.0439999,1.0,4.0,6,162.0278080249973,264.1598546067176,pobre,0,3,625.0,724.0,1.0,53.0,11,466,9995,4,1.0
97,0.0,1.0,3.0439999,1.0,2.0,6,162.0278080249973,264.1598546067176,pobre,0,3,625.0,724.0,1.0,53.0,8,466,9996,2,1.0
98,0.0,1.0,3.0439999,1.0,2.0,6,162.0278080249973,264.1598546067176,pobre,0,3,625.0,724.0,1.0,53.0,9,466,9996,2,1.0
97,1.0,1.0,3.0439999,0.0,9.0,6,162.0278080249973,264.1598546067176,pobre,0,6,625.0,654.0,1.0,48.0,16,466,9997,9,0.0
98,1.0,1.0,3.0439999,,,6,162.0278080249973,264.1598546067176,pobre,0,6,625.0,654.0,1.0,48.0,17,466,9997,9,0.0
97,1.0,1.0,3.0439999,1.0,8.0,6,162.0278080249973,264.1598546067176,pobre,0,6,625.0,654.0,1.0,48.0,14,466,9998,8,1.0
98,1.0,1.0,3.0439999,1.0,8.0,6,162.0278080249973,264.1598546067176,pobre,0,6,625.0,654.0,1.0,48.0,15,466,9998,8,1.0
97,1.0,1.0,3.0439999,1.0,4.0,6,162.0278080249973,264.1598546067176,pobre,0,6,625.0,654.0,1.0,48.0,10,466,9999,4,1.0
98,1.0,1.0,3.0439999,1.0,5.0,6,162.0278080249973,264.1598546067176,pobre,0,6,625.0,654.0,1.0,48.0,11,466,9999,4,1.0
97,1.0,1.0,3.0439999,1.0,4.0,6,162.0278080249973,264.1598546067176,pobre,0,3,625.0,513.0,1.0,38.0,11,466,10000,4,1.0
98,1.0,1.0,3.0439999,1.0,5.0,6,162.0278080249973,264.1598546067176,pobre,0,3,625.0,513.0,1.0,38.0,12,466,10000,4,1.0
97,1.0,1.0,3.0439999,1.0,2.0,6,162.0278080249973,264.1598546067176,pobre,0,3,625.0,513.0,1.0,38.0,10,466,10001,2,1.0
98,1.0,1.0,3.0439999,1.0,2.0,6,162.0278080249973,264.1598546067176,pobre,0,3,625.0,513.0,1.0,38.0,11,466,10001,2,1.0
97,0.0,1.0,3.0439999,1.0,0.0,6,162.0278080249973,264.1598546067176,pobre,0,3,625.0,513.0,1.0,38.0,6,466,10002,0,1.0
98,0.0,1.0,3.0439999,1.0,1.0,6,162.0278080249973,264.1598546067176,pobre,0,3,625.0,513.0,1.0,38.0,7,466,10002,0,1.0
97,0.0,1.0,3.0439999,0.0,3.0,10,162.0278080249973,264.1598546067176,pobre,0,6,625.0,680.0,1.0,36.0,14,466,10003,3,0.0
98,0.0,1.0,3.0439999,,,10,162.0278080249973,264.1598546067176,pobre,0,6,625.0,680.0,1.0,36.0,15,466,10003,3,0.0
97,1.0,1.0,3.0439999,1.0,2.0,10,162.0278080249973,264.1598546067176,pobre,0,6,625.0,680.0,1.0,36.0,12,466,10004,2,1.0
98,1.0,1.0,3.0439999,0.0,2.0,10,162.0278080249973,264.1598546067176,pobre,0,6,625.0,680.0,1.0,36.0,13,466,10004,2,1.0
97,1.0,1.0,3.0439999,0.0,2.0,10,162.0278080249973,264.1598546067176,pobre,0,6,625.0,680.0,1.0,36.0,11,466,10005,2,0.0
98,1.0,1.0,3.0439999,0.0,2.0,10,162.0278080249973,264.1598546067176,pobre,0,6,625.0,680.0,1.0,36.0,12,466,10005,2,0.0
97,0.0,1.0,3.0439999,1.0,2.0,10,162.0278080249973,264.1598546067176,pobre,0,6,625.0,680.0,1.0,36.0,7,466,10006,2,1.0
98,0.0,1.0,3.0439999,1.0,3.0,10,162.0278080249973,264.1598546067176,pobre,0,6,625.0,680.0,1.0,36.0,8,466,10006,2,1.0
97,0.0,1.0,3.0439999,0.0,6.0,5,162.0278080249973,264.1598546067176,pobre,0,4,0.0,770.5,1.0,50.0,13,466,10007,6,0.0
98,0.0,1.0,3.0439999,1.0,6.0,5,162.0278080249973,264.1598546067176,pobre,0,4,0.0,770.5,1.0,50.0,14,466,10007,6,0.0
97,1.0,1.0,3.0439999,1.0,1.0,5,162.0278080249973,264.1598546067176,pobre,0,4,0.0,770.5,1.0,50.0,7,466,10008,1,1.0
98,1.0,1.0,3.0439999,1.0,2.0,5,162.0278080249973,264.1598546067176,pobre,0,4,0.0,770.5,1.0,50.0,8,466,10008,1,1.0
97,0.0,0.0,0.0,0.0,9.0,5,164.1265393410777,261.5337637035205,pobre,0,3,625.0,1032.5,1.0,73.0,16,464,10009,9,0.0
98,0.0,0.0,0.0,,,5,164.1265393410777,261.5337637035205,pobre,0,3,625.0,1032.5,1.0,73.0,17,464,10009,9,0.0
97,0.0,0.0,0.0,1.0,5.0,5,164.1265393410777,261.5337637035205,pobre,0,3,625.0,1032.5,1.0,73.0,11,464,10010,5,1.0
98,0.0,0.0,0.0,1.0,6.0,5,164.1265393410777,261.5337637035205,pobre,0,3,625.0,1032.5,1.0,73.0,12,464,10010,5,1.0
97,0.0,0.0,0.0,1.0,5.0,5,164.1265393410777,261.5337637035205,pobre,0,3,625.0,1032.5,1.0,73.0,11,464,10011,5,1.0
98,0.0,0.0,0.0,1.0,6.0,5,164.1265393410777,261.5337637035205,pobre,0,3,625.0,1032.5,1.0,73.0,12,464,10011,5,1.0
97,0.0,0.0,0.0,1.0,8.0,7,164.1265393410777,261.5337637035205,pobre,0,3,1000.0,1007.0,1.0,42.0,14,464,10012,8,1.0
98,0.0,0.0,0.0,1.0,9.0,7,164.1265393410777,261.5337637035205,pobre,0,3,1000.0,1007.0,1.0,42.0,15,464,10012,8,1.0
97,1.0,0.0,0.0,1.0,4.0,7,164.1265393410777,261.5337637035205,pobre,0,3,1000.0,1007.0,1.0,42.0,10,464,10013,4,1.0
98,1.0,0.0,0.0,1.0,5.0,7,164.1265393410777,261.5337637035205,pobre,0,3,1000.0,1007.0,1.0,42.0,11,464,10013,4,1.0
97,1.0,1.0,0.0,1.0,6.0,13,164.1265393410777,261.5337637035205,pobre,0,0,0.0,588.20001,1.0,70.0,15,464,10014,6,1.0
98,1.0,1.0,0.0,1.0,7.0,13,164.1265393410777,261.5337637035205,pobre,0,0,0.0,588.20001,1.0,70.0,16,464,10014,6,1.0
97,1.0,1.0,0.0,1.0,6.0,13,164.1265393410777,261.5337637035205,pobre,0,0,0.0,588.20001,1.0,70.0,14,464,10015,6,1.0
98,1.0,1.0,0.0,1.0,7.0,13,164.1265393410777,261.5337637035205,pobre,0,0,0.0,588.20001,1.0,70.0,15,464,10015,6,1.0
97,0.0,1.0,0.0,1.0,5.0,13,164.1265393410777,261.5337637035205,pobre,0,0,0.0,588.20001,1.0,70.0,11,464,10016,5,1.0
98,0.0,1.0,0.0,1.0,6.0,13,164.1265393410777,261.5337637035205,pobre,0,0,0.0,588.20001,1.0,70.0,12,464,10016,5,1.0
97,1.0,1.0,0.0,1.0,2.0,13,164.1265393410777,261.5337637035205,pobre,0,0,0.0,588.20001,1.0,70.0,10,464,10017,2,1.0
98,1.0,1.0,0.0,1.0,3.0,13,164.1265393410777,261.5337637035205,pobre,0,0,0.0,588.20001,1.0,70.0,11,464,10017,2,1.0
97,0.0,1.0,0.0,1.0,1.0,13,164.1265393410777,261.5337637035205,pobre,0,0,0.0,588.20001,1.0,70.0,8,464,10018,1,1.0
98,0.0,1.0,0.0,1.0,2.0,13,164.1265393410777,261.5337637035205,pobre,0,0,0.0,588.20001,1.0,70.0,9,464,10018,1,1.0
97,0.0,1.0,0.0,1.0,0.0,13,164.1265393410777,261.5337637035205,pobre,0,0,0.0,588.20001,1.0,70.0,6,464,10019,0,1.0
98,0.0,1.0,0.0,1.0,0.0,13,164.1265393410777,261.5337637035205,pobre,0,0,0.0,588.20001,1.0,70.0,7,464,10019,0,1.0
97,0.0,0.0,0.289,0.0,9.0,5,149.2095000992339,244.7946251690846,pobre,0,0,0.0,686.0,1.0,82.0,15,463,10020,9,0.0
98,0.0,0.0,0.289,0.0,9.0,5,149.2095000992339,244.7946251690846,pobre,0,0,0.0,686.0,1.0,82.0,16,463,10020,9,0.0
97,1.0,0.0,0.289,0.0,9.0,7,149.2095000992339,244.7946251690846,pobre,0,6,1250.0,753.5,1.0,40.0,16,463,10021,9,0.0
98,1.0,0.0,0.289,,,7,149.2095000992339,244.7946251690846,pobre,0,6,1250.0,753.5,1.0,40.0,17,463,10021,9,0.0
97,0.0,0.0,0.289,0.0,6.0,7,149.2095000992339,244.7946251690846,pobre,0,6,1250.0,753.5,1.0,40.0,13,463,10022,6,0.0
98,0.0,0.0,0.289,0.0,6.0,7,149.2095000992339,244.7946251690846,pobre,0,6,1250.0,753.5,1.0,40.0,14,463,10022,6,0.0
97,0.0,0.0,0.289,1.0,3.0,7,149.2095000992339,244.7946251690846,pobre,0,6,1250.0,753.5,1.0,40.0,10,463,10023,3,1.0
98,0.0,0.0,0.289,1.0,3.0,7,149.2095000992339,244.7946251690846,pobre,0,6,1250.0,753.5,1.0,40.0,11,463,10023,3,1.0
97,1.0,0.0,0.289,0.0,6.0,4,149.2095000992339,244.7946251690846,pobre,0,6,625.0,744.03998,1.0,41.0,13,463,10024,6,0.0
98,1.0,0.0,0.289,1.0,6.0,4,149.2095000992339,244.7946251690846,pobre,0,6,625.0,744.03998,1.0,41.0,14,463,10024,6,0.0
97,0.0,0.0,0.289,1.0,0.0,4,149.2095000992339,244.7946251690846,pobre,0,6,625.0,744.03998,1.0,41.0,6,463,10025,0,1.0
98,0.0,0.0,0.289,,,4,149.2095000992339,244.7946251690846,pobre,0,6,625.0,744.03998,1.0,41.0,7,463,10025,0,1.0
97,1.0,0.0,0.289,1.0,2.0,7,149.2095000992339,244.7946251690846,pobre,0,6,625.0,579.0,1.0,31.0,9,463,10026,2,1.0
98,1.0,0.0,0.289,1.0,3.0,7,149.2095000992339,244.7946251690846,pobre,0,6,625.0,579.0,1.0,31.0,10,463,10026,2,1.0
97,0.0,0.0,0.289,1.0,0.0,7,149.2095000992339,244.7946251690846,pobre,0,6,625.0,579.0,1.0,31.0,6,463,10027,0,1.0
98,0.0,0.0,0.289,1.0,0.0,7,149.2095000992339,244.7946251690846,pobre,0,6,625.0,579.0,1.0,31.0,7,463,10027,0,1.0
97,1.0,0.0,0.289,1.0,7.0,7,149.2095000992339,244.7946251690846,pobre,0,6,1250.0,740.0,1.0,34.0,14,463,10028,7,1.0
98,1.0,0.0,0.289,1.0,8.0,7,149.2095000992339,244.7946251690846,pobre,0,6,1250.0,740.0,1.0,34.0,15,463,10028,7,1.0
97,1.0,0.0,0.289,1.0,2.0,7,149.2095000992339,244.7946251690846,pobre,0,6,1250.0,740.0,1.0,34.0,8,463,10029,2,1.0
98,1.0,0.0,0.289,1.0,3.0,7,149.2095000992339,244.7946251690846,pobre,0,6,1250.0,740.0,1.0,34.0,9,463,10029,2,1.0
97,1.0,0.0,0.289,1.0,0.0,7,149.2095000992339,244.7946251690846,pobre,0,6,1250.0,740.0,1.0,34.0,6,463,10030,0,1.0
98,1.0,0.0,0.289,1.0,1.0,7,149.2095000992339,244.7946251690846,pobre,0,6,1250.0,740.0,1.0,34.0,7,463,10030,0,1.0
97,1.0,0.0,0.289,1.0,8.0,4,149.2095000992339,244.7946251690846,pobre,0,3,625.0,716.0,1.0,49.0,15,463,10031,8,1.0
98,1.0,0.0,0.289,0.0,9.0,4,149.2095000992339,244.7946251690846,pobre,0,3,625.0,716.0,1.0,49.0,16,463,10031,8,1.0
97,1.0,0.0,0.289,1.0,5.0,4,149.2095000992339,244.7946251690846,pobre,0,3,625.0,716.0,1.0,49.0,11,463,10032,5,1.0
98,1.0,0.0,0.289,1.0,6.0,4,149.2095000992339,244.7946251690846,pobre,0,3,625.0,716.0,1.0,49.0,12,463,10032,5,1.0
97,1.0,0.0,0.289,0.0,3.0,3,149.2095000992339,244.7946251690846,pobre,0,0,500.0,828.5,1.0,47.0,16,463,10033,3,0.0
98,1.0,0.0,0.289,,,3,149.2095000992339,244.7946251690846,pobre,0,0,500.0,828.5,1.0,47.0,17,463,10033,3,0.0
97,0.0,0.0,0.289,1.0,2.0,7,149.2095000992339,244.7946251690846,pobre,0,3,625.0,904.5,1.0,65.0,8,463,10034,2,1.0
98,0.0,0.0,0.289,1.0,3.0,7,149.2095000992339,244.7946251690846,pobre,0,3,625.0,904.5,1.0,65.0,9,463,10034,2,1.0
97,0.0,1.0,0.289,1.0,7.0,3,149.2095000992339,244.7946251690846,pobre,0,0,625.0,717.0,1.0,33.0,12,463,10035,7,1.0
98,0.0,1.0,0.289,1.0,8.0,3,149.2095000992339,244.7946251690846,pobre,0,0,625.0,717.0,1.0,33.0,13,463,10035,7,1.0
97,1.0,0.0,0.289,,0.0,6,149.2095000992339,244.7946251690846,pobre,0,0,0.0,490.0,1.0,55.0,7,463,10036,0,
98,1.0,0.0,0.289,,,6,149.2095000992339,244.7946251690846,pobre,0,0,0.0,490.0,1.0,55.0,8,463,10036,0,
97,0.0,0.0,0.289,1.0,5.0,6,149.2095000992339,244.7946251690846,pobre,0,0,0.0,490.0,1.0,55.0,12,463,10037,5,1.0
98,0.0,0.0,0.289,1.0,6.0,6,149.2095000992339,244.7946251690846,pobre,0,0,0.0,490.0,1.0,55.0,13,463,10037,5,1.0
97,1.0,1.0,4.427,1.0,8.0,5,156.9873323468145,265.1029544901215,pobre,basal,4,0.0,760.5,1.0,47.0,14,460,10038,8,1.0
98,1.0,1.0,4.427,,,5,156.9873323468145,265.1029544901215,pobre,basal,4,0.0,760.5,1.0,47.0,15,460,10038,8,1.0
97,0.0,0.0,4.427,1.0,11.0,5,156.9873323468145,265.1029544901215,no pobre,basal,6,3200.0,1259.5,1.0,37.0,15,460,10039,11,1.0
98,0.0,0.0,4.427,1.0,10.0,5,156.9873323468145,265.1029544901215,no pobre,basal,6,3200.0,1259.5,1.0,37.0,16,460,10039,11,1.0
97,1.0,0.0,4.427,1.0,6.0,5,156.9873323468145,265.1029544901215,no pobre,basal,6,3200.0,1259.5,1.0,37.0,11,460,10040,6,1.0
98,1.0,0.0,4.427,1.0,7.0,5,156.9873323468145,265.1029544901215,no pobre,basal,6,3200.0,1259.5,1.0,37.0,12,460,10040,6,1.0
97,1.0,0.0,3.767,0.0,6.0,5,127.5952702289413,288.2051001430655,pobre,basal,2,0.0,708.0,0.0,45.0,16,450,10041,6,0.0
98,1.0,0.0,3.767,,,5,127.5952702289413,288.2051001430655,pobre,basal,2,0.0,708.0,0.0,45.0,17,450,10041,6,0.0
97,0.0,0.0,3.767,1.0,3.0,6,127.5952702289413,288.2051001430655,pobre,basal,0,625.0,550.0,1.0,38.0,9,450,10042,3,1.0
98,0.0,0.0,3.767,1.0,4.0,6,127.5952702289413,288.2051001430655,pobre,basal,0,625.0,550.0,1.0,38.0,10,450,10042,3,1.0
97,0.0,0.0,3.767,1.0,2.0,6,127.5952702289413,288.2051001430655,pobre,basal,0,625.0,550.0,1.0,38.0,8,450,10043,2,1.0
98,0.0,0.0,3.767,1.0,2.0,6,127.5952702289413,288.2051001430655,pobre,basal,0,625.0,550.0,1.0,38.0,9,450,10043,2,1.0
97,1.0,0.0,3.767,1.0,1.0,6,127.5952702289413,288.2051001430655,pobre,basal,0,625.0,550.0,1.0,38.0,6,450,10044,1,1.0
98,1.0,0.0,3.767,1.0,1.0,6,127.5952702289413,288.2051001430655,pobre,basal,0,625.0,550.0,1.0,38.0,7,450,10044,1,1.0
97,1.0,0.0,3.767,0.0,6.0,8,127.5952702289413,288.2051001430655,pobre,basal,2,0.0,780.0,0.0,40.0,14,450,10045,6,0.0
98,1.0,0.0,3.767,,,8,127.5952702289413,288.2051001430655,pobre,basal,2,0.0,780.0,0.0,40.0,15,450,10045,6,0.0
97,0.0,0.0,3.767,1.0,6.0,8,127.5952702289413,288.2051001430655,pobre,basal,2,0.0,780.0,0.0,40.0,13,450,10046,6,1.0
98,0.0,0.0,3.767,0.0,7.0,8,127.5952702289413,288.2051001430655,pobre,basal,2,0.0,780.0,0.0,40.0,14,450,10046,6,1.0
97,1.0,0.0,3.767,1.0,3.0,8,127.5952702289413,288.2051001430655,pobre,basal,2,0.0,780.0,0.0,40.0,9,450,10047,3,1.0
98,1.0,0.0,3.767,1.0,4.0,8,127.5952702289413,288.2051001430655,pobre,basal,2,0.0,780.0,0.0,40.0,10,450,10047,3,1.0
97,1.0,0.0,3.767,1.0,2.0,8,127.5952702289413,288.2051001430655,pobre,basal,2,0.0,780.0,0.0,40.0,7,450,10048,2,1.0
98,1.0,0.0,3.767,1.0,1.0,8,127.5952702289413,288.2051001430655,pobre,basal,2,0.0,780.0,0.0,40.0,8,450,10048,2,1.0
97,1.0,1.0,4.915,1.0,1.0,6,159.2916197808248,297.6010335545862,pobre,basal,0,300.0,486.0,1.0,31.0,10,452,10049,1,1.0
98,1.0,1.0,4.915,1.0,1.0,6,159.2916197808248,297.6010335545862,pobre,basal,0,300.0,486.0,1.0,31.0,11,452,10049,1,1.0
97,1.0,1.0,4.915,,0.0,6,159.2916197808248,297.6010335545862,pobre,basal,0,300.0,486.0,1.0,31.0,6,452,10050,0,
98,1.0,1.0,4.915,,,6,159.2916197808248,297.6010335545862,pobre,basal,0,300.0,486.0,1.0,31.0,7,452,10050,0,
97,0.0,1.0,4.915,0.0,6.0,7,159.2916197808248,297.6010335545862,pobre,basal,2,375.0,494.0,1.0,41.0,13,452,10051,6,0.0
98,0.0,1.0,4.915,0.0,6.0,7,159.2916197808248,297.6010335545862,pobre,basal,2,375.0,494.0,1.0,41.0,14,452,10051,6,0.0
97,0.0,1.0,4.915,1.0,1.0,7,159.2916197808248,297.6010335545862,pobre,basal,2,375.0,494.0,1.0,41.0,8,452,10052,1,1.0
98,0.0,1.0,4.915,1.0,0.0,7,159.2916197808248,297.6010335545862,pobre,basal,2,375.0,494.0,1.0,41.0,9,452,10052,1,1.0
97,1.0,1.0,4.915,1.0,4.0,7,159.2916197808248,297.6010335545862,pobre,basal,2,375.0,483.0,1.0,40.0,12,452,10053,4,1.0
98,1.0,1.0,4.915,1.0,3.0,7,159.2916197808248,297.6010335545862,pobre,basal,2,375.0,483.0,1.0,40.0,13,452,10053,4,1.0
97,0.0,1.0,4.915,,0.0,7,159.2916197808248,297.6010335545862,pobre,basal,2,375.0,483.0,1.0,40.0,15,452,10054,0,
98,0.0,1.0,4.915,,,7,159.2916197808248,297.6010335545862,pobre,basal,2,375.0,483.0,1.0,40.0,16,452,10054,0,
97,0.0,1.0,4.915,1.0,1.0,7,159.2916197808248,297.6010335545862,pobre,basal,2,375.0,483.0,1.0,40.0,9,452,10055,1,1.0
98,0.0,1.0,4.915,1.0,3.0,7,159.2916197808248,297.6010335545862,pobre,basal,2,375.0,483.0,1.0,40.0,10,452,10055,1,1.0
97,0.0,1.0,4.915,1.0,1.0,9,159.2916197808248,297.6010335545862,pobre,basal,2,0.0,400.0,0.0,40.0,8,452,10056,1,1.0
98,0.0,1.0,4.915,1.0,3.0,9,159.2916197808248,297.6010335545862,pobre,basal,2,0.0,400.0,0.0,40.0,9,452,10056,1,1.0
97,1.0,1.0,4.915,,0.0,9,159.2916197808248,297.6010335545862,pobre,basal,2,0.0,400.0,0.0,40.0,6,452,10057,0,
98,1.0,1.0,4.915,1.0,0.0,9,159.2916197808248,297.6010335545862,pobre,basal,2,0.0,400.0,0.0,40.0,7,452,10057,0,
97,1.0,1.0,4.915,1.0,2.0,4,159.2916197808248,297.6010335545862,pobre,basal,2,1000.0,658.62,1.0,49.0,9,452,10058,2,1.0
98,1.0,1.0,4.915,,,4,159.2916197808248,297.6010335545862,pobre,basal,2,1000.0,658.62,1.0,49.0,10,452,10058,2,1.0
97,0.0,1.0,4.915,0.0,2.0,6,159.2916197808248,297.6010335545862,pobre,basal,1,500.0,507.0,1.0,31.0,12,452,10059,2,0.0
98,0.0,1.0,4.915,,,6,159.2916197808248,297.6010335545862,pobre,basal,1,500.0,507.0,1.0,31.0,13,452,10059,2,0.0
97,0.0,1.0,4.915,1.0,1.0,6,159.2916197808248,297.6010335545862,pobre,basal,1,500.0,507.0,1.0,31.0,8,452,10060,1,1.0
98,0.0,1.0,4.915,1.0,2.0,6,159.2916197808248,297.6010335545862,pobre,basal,1,500.0,507.0,1.0,31.0,9,452,10060,1,1.0
97,1.0,1.0,4.915,1.0,5.0,7,159.2916197808248,297.6010335545862,pobre,basal,3,350.0,654.0,1.0,34.0,11,452,10061,5,1.0
98,1.0,1.0,4.915,1.0,6.0,7,159.2916197808248,297.6010335545862,pobre,basal,3,350.0,654.0,1.0,34.0,12,452,10061,5,1.0
97,0.0,1.0,4.915,1.0,2.0,7,159.2916197808248,297.6010335545862,pobre,basal,3,350.0,654.0,1.0,34.0,10,452,10062,2,1.0
98,0.0,1.0,4.915,1.0,5.0,7,159.2916197808248,297.6010335545862,pobre,basal,3,350.0,654.0,1.0,34.0,11,452,10062,2,1.0
97,0.0,1.0,4.915,1.0,1.0,5,159.2916197808248,297.6010335545862,pobre,basal,0,250.0,530.0,1.0,32.0,7,452,10063,1,1.0
98,0.0,1.0,4.915,1.0,0.0,5,159.2916197808248,297.6010335545862,pobre,basal,0,250.0,530.0,1.0,32.0,8,452,10063,1,1.0
97,1.0,1.0,4.915,1.0,0.0,5,159.2916197808248,297.6010335545862,pobre,basal,0,250.0,530.0,1.0,32.0,6,452,10064,0,1.0
98,1.0,1.0,4.915,1.0,0.0,5,159.2916197808248,297.6010335545862,pobre,basal,0,250.0,530.0,1.0,32.0,7,452,10064,0,1.0
97,0.0,1.0,4.915,1.0,2.0,6,159.2916197808248,297.6010335545862,pobre,basal,4,375.0,479.0,1.0,27.0,8,452,10065,2,1.0
98,0.0,1.0,4.915,1.0,2.0,6,159.2916197808248,297.6010335545862,pobre,basal,4,375.0,479.0,1.0,27.0,9,452,10065,2,1.0
97,0.0,1.0,4.915,,0.0,9,159.2916197808248,297.6010335545862,pobre,basal,0,375.0,564.5,1.0,45.0,14,452,10066,0,
98,0.0,1.0,4.915,,,9,159.2916197808248,297.6010335545862,pobre,basal,0,375.0,564.5,1.0,45.0,15,452,10066,0,
97,1.0,1.0,4.915,1.0,4.0,9,159.2916197808248,297.6010335545862,pobre,basal,0,375.0,564.5,1.0,45.0,12,452,10067,4,1.0
98,1.0,1.0,4.915,1.0,3.0,9,159.2916197808248,297.6010335545862,pobre,basal,0,375.0,564.5,1.0,45.0,13,452,10067,4,1.0
97,0.0,1.0,4.915,1.0,2.0,9,159.2916197808248,297.6010335545862,pobre,basal,0,375.0,564.5,1.0,45.0,9,452,10068,2,1.0
98,0.0,1.0,4.915,1.0,3.0,9,159.2916197808248,297.6010335545862,pobre,basal,0,375.0,564.5,1.0,45.0,10,452,10068,2,1.0
97,0.0,1.0,4.915,1.0,6.0,8,159.2916197808248,297.6010335545862,pobre,basal,3,300.0,441.0,1.0,39.0,14,452,10069,6,1.0
98,0.0,1.0,4.915,0.0,6.0,8,159.2916197808248,297.6010335545862,pobre,basal,3,300.0,441.0,1.0,39.0,15,452,10069,6,1.0
97,1.0,1.0,4.915,1.0,4.0,8,159.2916197808248,297.6010335545862,pobre,basal,3,300.0,441.0,1.0,39.0,11,452,10070,4,1.0
98,1.0,1.0,4.915,1.0,3.0,8,159.2916197808248,297.6010335545862,pobre,basal,3,300.0,441.0,1.0,39.0,12,452,10070,4,1.0
97,0.0,1.0,4.915,1.0,1.0,8,159.2916197808248,297.6010335545862,pobre,basal,3,300.0,441.0,1.0,39.0,8,452,10071,1,1.0
98,0.0,1.0,4.915,1.0,1.0,8,159.2916197808248,297.6010335545862,pobre,basal,3,300.0,441.0,1.0,39.0,9,452,10071,1,1.0
97,0.0,1.0,4.915,1.0,0.0,8,159.2916197808248,297.6010335545862,pobre,basal,3,300.0,441.0,1.0,39.0,6,452,10072,0,1.0
98,0.0,1.0,4.915,1.0,0.0,8,159.2916197808248,297.6010335545862,pobre,basal,3,300.0,441.0,1.0,39.0,7,452,10072,0,1.0
97,1.0,1.0,4.915,0.0,6.0,8,159.2916197808248,297.6010335545862,pobre,basal,0,375.0,520.0,1.0,52.0,15,452,10073,6,0.0
98,1.0,1.0,4.915,1.0,5.0,8,159.2916197808248,297.6010335545862,pobre,basal,0,375.0,520.0,1.0,52.0,16,452,10073,6,0.0
97,1.0,1.0,4.915,1.0,5.0,8,159.2916197808248,297.6010335545862,pobre,basal,0,375.0,520.0,1.0,52.0,12,452,10074,5,1.0
98,1.0,1.0,4.915,1.0,5.0,8,159.2916197808248,297.6010335545862,pobre,basal,0,375.0,520.0,1.0,52.0,13,452,10074,5,1.0
97,0.0,1.0,4.915,1.0,4.0,8,159.2916197808248,297.6010335545862,pobre,basal,0,375.0,520.0,1.0,52.0,10,452,10075,4,1.0
98,0.0,1.0,4.915,1.0,0.0,8,159.2916197808248,297.6010335545862,pobre,basal,0,375.0,520.0,1.0,52.0,11,452,10075,4,1.0
97,0.0,1.0,4.915,1.0,3.0,6,159.2916197808248,297.6010335545862,pobre,basal,0,300.0,610.0,1.0,55.0,10,452,10076,3,1.0
98,0.0,1.0,4.915,1.0,6.0,6,159.2916197808248,297.6010335545862,pobre,basal,0,300.0,610.0,1.0,55.0,11,452,10076,3,1.0
97,1.0,1.0,4.915,1.0,3.0,6,159.2916197808248,297.6010335545862,pobre,basal,6,225.0,524.33002,1.0,43.0,12,452,10077,3,1.0
98,1.0,1.0,4.915,1.0,3.0,6,159.2916197808248,297.6010335545862,pobre,basal,6,225.0,524.33002,1.0,43.0,13,452,10077,3,1.0
97,0.0,1.0,4.915,1.0,1.0,6,159.2916197808248,297.6010335545862,pobre,basal,6,225.0,524.33002,1.0,43.0,11,452,10078,1,1.0
98,0.0,1.0,4.915,1.0,4.0,6,159.2916197808248,297.6010335545862,pobre,basal,6,225.0,524.33002,1.0,43.0,12,452,10078,1,1.0
97,1.0,1.0,4.915,1.0,1.0,6,159.2916197808248,297.6010335545862,pobre,basal,6,225.0,524.33002,1.0,43.0,10,452,10079,1,1.0
98,1.0,1.0,4.915,1.0,3.0,6,159.2916197808248,297.6010335545862,pobre,basal,6,225.0,524.33002,1.0,43.0,11,452,10079,1,1.0
97,1.0,1.0,4.915,,0.0,6,159.2916197808248,297.6010335545862,pobre,basal,6,225.0,524.33002,1.0,43.0,6,452,10080,0,
98,1.0,1.0,4.915,,,6,159.2916197808248,297.6010335545862,pobre,basal,6,225.0,524.33002,1.0,43.0,7,452,10080,0,
97,1.0,1.0,4.915,0.0,6.0,8,159.2916197808248,297.6010335545862,pobre,basal,3,300.0,576.0,1.0,39.0,16,452,10081,6,0.0
98,1.0,1.0,4.915,,,8,159.2916197808248,297.6010335545862,pobre,basal,3,300.0,576.0,1.0,39.0,17,452,10081,6,0.0
97,0.0,1.0,4.915,1.0,5.0,8,159.2916197808248,297.6010335545862,pobre,basal,3,300.0,576.0,1.0,39.0,12,452,10082,5,1.0
98,0.0,1.0,4.915,0.0,6.0,8,159.2916197808248,297.6010335545862,pobre,basal,3,300.0,576.0,1.0,39.0,13,452,10082,5,1.0
97,0.0,1.0,4.915,1.0,1.0,8,159.2916197808248,297.6010335545862,pobre,basal,3,300.0,576.0,1.0,39.0,10,452,10083,1,1.0
98,0.0,1.0,4.915,1.0,4.0,8,159.2916197808248,297.6010335545862,pobre,basal,3,300.0,576.0,1.0,39.0,11,452,10083,1,1.0
97,0.0,1.0,4.915,1.0,1.0,8,159.2916197808248,297.6010335545862,pobre,basal,3,300.0,576.0,1.0,39.0,7,452,10084,1,1.0
98,0.0,1.0,4.915,1.0,0.0,8,159.2916197808248,297.6010335545862,pobre,basal,3,300.0,576.0,1.0,39.0,8,452,10084,1,1.0
97,1.0,1.0,4.915,1.0,3.0,7,159.2916197808248,297.6010335545862,pobre,basal,3,300.0,514.5,1.0,32.0,9,452,10085,3,1.0
98,1.0,1.0,4.915,1.0,3.0,7,159.2916197808248,297.6010335545862,pobre,basal,3,300.0,514.5,1.0,32.0,10,452,10085,3,1.0
97,1.0,1.0,4.915,1.0,1.0,7,159.2916197808248,297.6010335545862,pobre,basal,3,300.0,514.5,1.0,32.0,8,452,10086,1,1.0
98,1.0,1.0,4.915,1.0,2.0,7,159.2916197808248,297.6010335545862,pobre,basal,3,300.0,514.5,1.0,32.0,9,452,10086,1,1.0
97,1.0,1.0,4.915,1.0,3.0,4,159.2916197808248,297.6010335545862,pobre,basal,3,300.0,610.0,1.0,35.0,14,452,10087,3,1.0
98,1.0,1.0,4.915,1.0,5.0,4,159.2916197808248,297.6010335545862,pobre,basal,3,300.0,610.0,1.0,35.0,15,452,10087,3,1.0
97,1.0,1.0,4.915,1.0,3.0,4,159.2916197808248,297.6010335545862,pobre,basal,3,300.0,610.0,1.0,35.0,12,452,10088,3,1.0
98,1.0,1.0,4.915,1.0,4.0,4,159.2916197808248,297.6010335545862,pobre,basal,3,300.0,610.0,1.0,35.0,13,452,10088,3,1.0
97,1.0,1.0,4.915,1.0,3.0,8,159.2916197808248,297.6010335545862,pobre,basal,0,300.0,536.0,1.0,22.0,10,452,10089,3,1.0
98,1.0,1.0,4.915,1.0,6.0,8,159.2916197808248,297.6010335545862,pobre,basal,0,300.0,536.0,1.0,22.0,11,452,10089,3,1.0
97,0.0,1.0,4.915,,0.0,8,159.2916197808248,297.6010335545862,pobre,basal,0,300.0,536.0,1.0,22.0,11,452,10090,0,
98,0.0,1.0,4.915,1.0,5.0,8,159.2916197808248,297.6010335545862,pobre,basal,0,300.0,536.0,1.0,22.0,12,452,10090,0,
97,1.0,1.0,4.915,1.0,1.0,6,159.2916197808248,297.6010335545862,pobre,basal,3,1120.0,647.0,1.0,40.0,8,452,10091,1,1.0
98,1.0,1.0,4.915,,,6,159.2916197808248,297.6010335545862,pobre,basal,3,1120.0,647.0,1.0,40.0,9,452,10091,1,1.0
97,1.0,1.0,4.915,1.0,3.0,6,159.2916197808248,297.6010335545862,pobre,basal,3,1120.0,647.0,1.0,40.0,15,452,10092,3,1.0
98,1.0,1.0,4.915,0.0,7.0,6,159.2916197808248,297.6010335545862,pobre,basal,3,1120.0,647.0,1.0,40.0,16,452,10092,3,1.0
97,1.0,1.0,4.915,1.0,5.0,6,159.2916197808248,297.6010335545862,pobre,basal,1,0.0,494.0,1.0,32.0,14,452,10093,5,1.0
98,1.0,1.0,4.915,,,6,159.2916197808248,297.6010335545862,pobre,basal,1,0.0,494.0,1.0,32.0,15,452,10093,5,1.0
97,0.0,1.0,4.915,1.0,5.0,6,159.2916197808248,297.6010335545862,pobre,basal,1,0.0,494.0,1.0,32.0,12,452,10094,5,1.0
98,0.0,1.0,4.915,1.0,6.0,6,159.2916197808248,297.6010335545862,pobre,basal,1,0.0,494.0,1.0,32.0,13,452,10094,5,1.0
97,1.0,1.0,4.915,1.0,1.0,6,159.2916197808248,297.6010335545862,pobre,basal,1,0.0,494.0,1.0,32.0,7,452,10095,1,1.0
98,1.0,1.0,4.915,1.0,2.0,6,159.2916197808248,297.6010335545862,pobre,basal,1,0.0,494.0,1.0,32.0,8,452,10095,1,1.0
97,1.0,1.0,4.915,1.0,3.0,6,159.2916197808248,297.6010335545862,pobre,basal,0,375.0,684.0,1.0,23.0,11,452,10096,3,1.0
98,1.0,1.0,4.915,1.0,3.0,6,159.2916197808248,297.6010335545862,pobre,basal,0,375.0,684.0,1.0,23.0,12,452,10096,3,1.0
97,1.0,1.0,4.915,,0.0,6,159.2916197808248,297.6010335545862,pobre,basal,0,375.0,684.0,1.0,23.0,10,452,10097,0,
98,1.0,1.0,4.915,1.0,0.0,6,159.2916197808248,297.6010335545862,pobre,basal,0,375.0,684.0,1.0,23.0,11,452,10097,0,
97,1.0,1.0,4.915,1.0,3.0,6,159.2916197808248,297.6010335545862,pobre,basal,0,500.0,503.0,1.0,35.0,11,452,10098,3,1.0
98,1.0,1.0,4.915,1.0,4.0,6,159.2916197808248,297.6010335545862,pobre,basal,0,500.0,503.0,1.0,35.0,12,452,10098,3,1.0
97,0.0,1.0,4.915,1.0,1.0,6,159.2916197808248,297.6010335545862,pobre,basal,0,500.0,503.0,1.0,35.0,7,452,10099,1,1.0
98,0.0,1.0,4.915,1.0,1.0,6,159.2916197808248,297.6010335545862,pobre,basal,0,500.0,503.0,1.0,35.0,8,452,10099,1,1.0
97,1.0,1.0,4.915,1.0,2.0,7,159.2916197808248,297.6010335545862,pobre,basal,0,80.0,619.5,1.0,54.0,10,452,10100,2,1.0
98,1.0,1.0,4.915,1.0,2.0,7,159.2916197808248,297.6010335545862,pobre,basal,0,80.0,619.5,1.0,54.0,11,452,10100,2,1.0
97,0.0,1.0,4.915,1.0,2.0,7,159.2916197808248,297.6010335545862,pobre,basal,0,80.0,619.5,1.0,54.0,7,452,10101,2,1.0
98,0.0,1.0,4.915,1.0,0.0,7,159.2916197808248,297.6010335545862,pobre,basal,0,80.0,619.5,1.0,54.0,8,452,10101,2,1.0
97,1.0,1.0,4.915,,0.0,7,159.2916197808248,297.6010335545862,pobre,basal,0,500.0,510.5,1.0,32.0,14,452,10102,0,
98,1.0,1.0,4.915,0.0,6.0,7,159.2916197808248,297.6010335545862,pobre,basal,0,500.0,510.5,1.0,32.0,15,452,10102,0,
97,0.0,1.0,4.915,1.0,2.0,7,159.2916197808248,297.6010335545862,pobre,basal,0,500.0,510.5,1.0,32.0,9,452,10103,2,1.0
98,0.0,1.0,4.915,1.0,1.0,7,159.2916197808248,297.6010335545862,pobre,basal,0,500.0,510.5,1.0,32.0,10,452,10103,2,1.0
97,0.0,1.0,4.915,1.0,1.0,7,159.2916197808248,297.6010335545862,pobre,basal,0,500.0,510.5,1.0,32.0,8,452,10104,1,1.0
98,0.0,1.0,4.915,1.0,0.0,7,159.2916197808248,297.6010335545862,pobre,basal,0,500.0,510.5,1.0,32.0,9,452,10104,1,1.0
97,0.0,1.0,4.915,0.0,4.0,2,159.2916197808248,297.6010335545862,pobre,basal,6,500.0,643.0,1.0,19.0,15,452,10105,4,0.0
98,0.0,1.0,4.915,0.0,6.0,2,159.2916197808248,297.6010335545862,pobre,basal,6,500.0,643.0,1.0,19.0,16,452,10105,4,0.0
97,0.0,1.0,4.915,0.0,1.0,5,159.2916197808248,297.6010335545862,pobre,basal,6,100.0,567.0,1.0,50.0,15,452,10106,1,0.0
98,0.0,1.0,4.915,,,5,159.2916197808248,297.6010335545862,pobre,basal,6,100.0,567.0,1.0,50.0,16,452,10106,1,0.0
97,0.0,1.0,4.915,,0.0,5,159.2916197808248,297.6010335545862,pobre,basal,6,100.0,567.0,1.0,50.0,12,452,10107,0,
98,0.0,1.0,4.915,,,5,159.2916197808248,297.6010335545862,pobre,basal,6,100.0,567.0,1.0,50.0,13,452,10107,0,
97,1.0,1.0,4.915,1.0,3.0,5,159.2916197808248,297.6010335545862,pobre,basal,6,100.0,567.0,1.0,50.0,8,452,10108,3,1.0
98,1.0,1.0,4.915,1.0,3.0,5,159.2916197808248,297.6010335545862,pobre,basal,6,100.0,567.0,1.0,50.0,9,452,10108,3,1.0
97,0.0,1.0,4.915,1.0,5.0,5,159.2916197808248,297.6010335545862,pobre,basal,0,375.0,546.0,1.0,37.0,14,452,10109,5,1.0
98,0.0,1.0,4.915,,,5,159.2916197808248,297.6010335545862,pobre,basal,0,375.0,546.0,1.0,37.0,15,452,10109,5,1.0
97,1.0,1.0,4.915,1.0,3.0,5,159.2916197808248,297.6010335545862,pobre,basal,0,375.0,546.0,1.0,37.0,10,452,10110,3,1.0
98,1.0,1.0,4.915,1.0,4.0,5,159.2916197808248,297.6010335545862,pobre,basal,0,375.0,546.0,1.0,37.0,11,452,10110,3,1.0
97,1.0,1.0,4.915,1.0,2.0,8,159.2916197808248,297.6010335545862,pobre,basal,3,375.0,596.0,1.0,42.0,14,452,10111,2,1.0
98,1.0,1.0,4.915,0.0,2.0,8,159.2916197808248,297.6010335545862,pobre,basal,3,375.0,596.0,1.0,42.0,15,452,10111,2,1.0
97,1.0,1.0,4.915,1.0,2.0,8,159.2916197808248,297.6010335545862,pobre,basal,3,375.0,596.0,1.0,42.0,11,452,10112,2,1.0
98,1.0,1.0,4.915,0.0,1.0,8,159.2916197808248,297.6010335545862,pobre,basal,3,375.0,596.0,1.0,42.0,12,452,10112,2,1.0
97,0.0,1.0,4.915,0.0,6.0,7,159.2916197808248,297.6010335545862,pobre,basal,4,500.0,572.5,1.0,28.0,16,452,10113,6,0.0
98,0.0,1.0,4.915,,,7,159.2916197808248,297.6010335545862,pobre,basal,4,500.0,572.5,1.0,28.0,17,452,10113,6,0.0
97,0.0,1.0,4.915,0.0,2.0,8,159.2916197808248,297.6010335545862,pobre,basal,0,375.0,588.0,1.0,73.0,7,452,10114,2,0.0
98,0.0,1.0,4.915,1.0,2.0,8,159.2916197808248,297.6010335545862,pobre,basal,0,375.0,588.0,1.0,73.0,8,452,10114,2,0.0
97,1.0,1.0,4.915,1.0,3.0,8,159.2916197808248,297.6010335545862,pobre,basal,0,375.0,588.0,1.0,73.0,12,452,10115,3,1.0
98,1.0,1.0,4.915,,,8,159.2916197808248,297.6010335545862,pobre,basal,0,375.0,588.0,1.0,73.0,13,452,10115,3,1.0
97,0.0,1.0,4.915,1.0,1.0,7,159.2916197808248,297.6010335545862,pobre,basal,0,500.0,597.5,1.0,54.0,6,452,10116,1,1.0
98,0.0,1.0,4.915,1.0,1.0,7,159.2916197808248,297.6010335545862,pobre,basal,0,500.0,597.5,1.0,54.0,7,452,10116,1,1.0
97,0.0,1.0,4.915,1.0,4.0,4,159.2916197808248,297.6010335545862,pobre,basal,3,0.0,616.0,1.0,54.0,13,452,10117,4,1.0
98,0.0,1.0,4.915,0.0,4.0,4,159.2916197808248,297.6010335545862,pobre,basal,3,0.0,616.0,1.0,54.0,14,452,10117,4,1.0
97,1.0,1.0,4.915,1.0,2.0,4,159.2916197808248,297.6010335545862,pobre,basal,3,0.0,616.0,1.0,54.0,10,452,10118,2,1.0
98,1.0,1.0,4.915,1.0,4.0,4,159.2916197808248,297.6010335545862,pobre,basal,3,0.0,616.0,1.0,54.0,11,452,10118,2,1.0
97,1.0,1.0,4.915,0.0,6.0,12,159.2916197808248,297.6010335545862,pobre,basal,3,500.0,504.0,1.0,40.0,16,452,10119,6,0.0
98,1.0,1.0,4.915,,,12,159.2916197808248,297.6010335545862,pobre,basal,3,500.0,504.0,1.0,40.0,17,452,10119,6,0.0
97,0.0,1.0,4.915,1.0,4.0,12,159.2916197808248,297.6010335545862,pobre,basal,3,500.0,504.0,1.0,40.0,13,452,10120,4,1.0
98,0.0,1.0,4.915,0.0,6.0,12,159.2916197808248,297.6010335545862,pobre,basal,3,500.0,504.0,1.0,40.0,14,452,10120,4,1.0
97,1.0,1.0,4.915,1.0,5.0,12,159.2916197808248,297.6010335545862,pobre,basal,3,500.0,504.0,1.0,40.0,11,452,10121,5,1.0
98,1.0,1.0,4.915,0.0,5.0,12,159.2916197808248,297.6010335545862,pobre,basal,3,500.0,504.0,1.0,40.0,12,452,10121,5,1.0
97,1.0,1.0,4.915,1.0,1.0,12,159.2916197808248,297.6010335545862,pobre,basal,3,500.0,504.0,1.0,40.0,8,452,10122,1,1.0
98,1.0,1.0,4.915,1.0,3.0,12,159.2916197808248,297.6010335545862,pobre,basal,3,500.0,504.0,1.0,40.0,9,452,10122,1,1.0
97,1.0,1.0,4.915,1.0,5.0,12,159.2916197808248,297.6010335545862,pobre,basal,3,500.0,504.0,1.0,40.0,13,452,10123,5,1.0
98,1.0,1.0,4.915,0.0,6.0,12,159.2916197808248,297.6010335545862,pobre,basal,3,500.0,504.0,1.0,40.0,14,452,10123,5,1.0
97,0.0,1.0,4.915,1.0,2.0,12,159.2916197808248,297.6010335545862,pobre,basal,3,500.0,504.0,1.0,40.0,11,452,10124,2,1.0
98,0.0,1.0,4.915,1.0,6.0,12,159.2916197808248,297.6010335545862,pobre,basal,3,500.0,504.0,1.0,40.0,12,452,10124,2,1.0
97,1.0,1.0,4.915,1.0,1.0,12,159.2916197808248,297.6010335545862,pobre,basal,3,500.0,504.0,1.0,40.0,9,452,10125,1,1.0
98,1.0,1.0,4.915,1.0,4.0,12,159.2916197808248,297.6010335545862,pobre,basal,3,500.0,504.0,1.0,40.0,10,452,10125,1,1.0
97,1.0,1.0,4.915,,0.0,12,159.2916197808248,297.6010335545862,pobre,basal,3,500.0,504.0,1.0,40.0,6,452,10126,0,
98,1.0,1.0,4.915,1.0,1.0,12,159.2916197808248,297.6010335545862,pobre,basal,3,500.0,504.0,1.0,40.0,7,452,10126,0,
97,1.0,1.0,4.915,1.0,2.0,3,159.2916197808248,297.6010335545862,pobre,basal,0,375.0,597.0,1.0,32.0,8,452,10127,2,1.0
98,1.0,1.0,4.915,1.0,2.0,3,159.2916197808248,297.6010335545862,pobre,basal,0,375.0,597.0,1.0,32.0,9,452,10127,2,1.0
97,1.0,1.0,4.915,1.0,4.0,8,159.2916197808248,297.6010335545862,pobre,basal,2,375.0,504.0,1.0,31.0,13,452,10128,4,1.0
98,1.0,1.0,4.915,1.0,5.0,8,159.2916197808248,297.6010335545862,pobre,basal,2,375.0,504.0,1.0,31.0,14,452,10128,4,1.0
97,1.0,1.0,4.915,,0.0,8,159.2916197808248,297.6010335545862,pobre,basal,2,375.0,504.0,1.0,31.0,6,452,10129,0,
98,1.0,1.0,4.915,,,8,159.2916197808248,297.6010335545862,pobre,basal,2,375.0,504.0,1.0,31.0,7,452,10129,0,
97,1.0,1.0,4.915,,0.0,8,159.2916197808248,297.6010335545862,pobre,basal,2,375.0,504.0,1.0,31.0,14,452,10130,0,
98,1.0,1.0,4.915,0.0,3.0,8,159.2916197808248,297.6010335545862,pobre,basal,2,375.0,504.0,1.0,31.0,15,452,10130,0,
97,0.0,1.0,4.915,0.0,6.0,8,159.2916197808248,297.6010335545862,pobre,basal,2,375.0,504.0,1.0,31.0,16,452,10131,6,0.0
98,0.0,1.0,4.915,,,8,159.2916197808248,297.6010335545862,pobre,basal,2,375.0,504.0,1.0,31.0,17,452,10131,6,0.0
97,1.0,1.0,4.915,,5.0,6,159.2916197808248,297.6010335545862,pobre,basal,0,375.0,516.0,1.0,44.0,15,452,10132,5,
98,1.0,1.0,4.915,,,6,159.2916197808248,297.6010335545862,pobre,basal,0,375.0,516.0,1.0,44.0,16,452,10132,5,
97,0.0,1.0,4.915,,1.0,6,159.2916197808248,297.6010335545862,pobre,basal,0,375.0,516.0,1.0,44.0,7,452,10133,1,
98,0.0,1.0,4.915,1.0,0.0,6,159.2916197808248,297.6010335545862,pobre,basal,0,375.0,516.0,1.0,44.0,8,452,10133,1,
97,1.0,1.0,4.915,,0.0,6,159.2916197808248,297.6010335545862,pobre,basal,0,375.0,613.0,1.0,25.0,16,452,10134,0,
98,1.0,1.0,4.915,,,6,159.2916197808248,297.6010335545862,pobre,basal,0,375.0,613.0,1.0,25.0,17,452,10134,0,
97,0.0,1.0,4.915,1.0,6.0,8,159.2916197808248,297.6010335545862,pobre,basal,0,375.0,584.0,1.0,47.0,15,452,10135,6,1.0
98,0.0,1.0,4.915,,,8,159.2916197808248,297.6010335545862,pobre,basal,0,375.0,584.0,1.0,47.0,16,452,10135,6,1.0
97,0.0,1.0,4.915,1.0,2.0,8,159.2916197808248,297.6010335545862,pobre,basal,0,375.0,584.0,1.0,47.0,12,452,10136,2,1.0
98,0.0,1.0,4.915,1.0,6.0,8,159.2916197808248,297.6010335545862,pobre,basal,0,375.0,584.0,1.0,47.0,13,452,10136,2,1.0
97,0.0,1.0,4.915,1.0,1.0,8,159.2916197808248,297.6010335545862,pobre,basal,0,375.0,584.0,1.0,47.0,6,452,10137,1,1.0
98,0.0,1.0,4.915,1.0,0.0,8,159.2916197808248,297.6010335545862,pobre,basal,0,375.0,584.0,1.0,47.0,7,452,10137,1,1.0
97,1.0,1.0,4.915,,0.0,10,159.2916197808248,297.6010335545862,pobre,basal,2,375.0,598.0,1.0,40.0,16,452,10138,0,
98,1.0,1.0,4.915,,,10,159.2916197808248,297.6010335545862,pobre,basal,2,375.0,598.0,1.0,40.0,17,452,10138,0,
97,0.0,1.0,4.915,,0.0,10,159.2916197808248,297.6010335545862,pobre,basal,2,375.0,598.0,1.0,40.0,12,452,10139,0,
98,0.0,1.0,4.915,,,10,159.2916197808248,297.6010335545862,pobre,basal,2,375.0,598.0,1.0,40.0,13,452,10139,0,
97,1.0,1.0,4.915,,0.0,10,159.2916197808248,297.6010335545862,pobre,basal,2,375.0,598.0,1.0,40.0,10,452,10140,0,
98,1.0,1.0,4.915,,,10,159.2916197808248,297.6010335545862,pobre,basal,2,375.0,598.0,1.0,40.0,11,452,10140,0,
97,1.0,1.0,4.915,,0.0,10,159.2916197808248,297.6010335545862,pobre,basal,2,375.0,598.0,1.0,40.0,7,452,10141,0,
98,1.0,1.0,4.915,,,10,159.2916197808248,297.6010335545862,pobre,basal,2,375.0,598.0,1.0,40.0,8,452,10141,0,
97,1.0,1.0,4.915,1.0,1.0,6,159.2916197808248,297.6010335545862,pobre,basal,0,375.0,472.0,1.0,29.0,9,452,10142,1,1.0
98,1.0,1.0,4.915,1.0,4.0,6,159.2916197808248,297.6010335545862,pobre,basal,0,375.0,472.0,1.0,29.0,10,452,10142,1,1.0
97,0.0,1.0,4.915,1.0,1.0,6,159.2916197808248,297.6010335545862,pobre,basal,0,375.0,472.0,1.0,29.0,6,452,10143,1,1.0
98,0.0,1.0,4.915,1.0,1.0,6,159.2916197808248,297.6010335545862,pobre,basal,0,375.0,472.0,1.0,29.0,7,452,10143,1,1.0
97,1.0,1.0,4.915,1.0,3.0,8,159.2916197808248,297.6010335545862,pobre,basal,2,375.0,657.0,1.0,42.0,14,452,10144,3,1.0
98,1.0,1.0,4.915,1.0,6.0,8,159.2916197808248,297.6010335545862,pobre,basal,2,375.0,657.0,1.0,42.0,15,452,10144,3,1.0
97,0.0,1.0,4.915,1.0,2.0,8,159.2916197808248,297.6010335545862,pobre,basal,2,375.0,657.0,1.0,42.0,10,452,10145,2,1.0
98,0.0,1.0,4.915,1.0,5.0,8,159.2916197808248,297.6010335545862,pobre,basal,2,375.0,657.0,1.0,42.0,11,452,10145,2,1.0
97,0.0,1.0,4.915,1.0,1.0,8,159.2916197808248,297.6010335545862,pobre,basal,2,375.0,657.0,1.0,42.0,7,452,10146,1,1.0
98,0.0,1.0,4.915,1.0,1.0,8,159.2916197808248,297.6010335545862,pobre,basal,2,375.0,657.0,1.0,42.0,8,452,10146,1,1.0
97,1.0,1.0,4.915,1.0,1.0,5,159.2916197808248,297.6010335545862,pobre,basal,0,500.0,523.0,1.0,31.0,9,452,10147,1,1.0
98,1.0,1.0,4.915,1.0,1.0,5,159.2916197808248,297.6010335545862,pobre,basal,0,500.0,523.0,1.0,31.0,10,452,10147,1,1.0
97,0.0,1.0,4.915,1.0,0.0,5,159.2916197808248,297.6010335545862,pobre,basal,0,500.0,523.0,1.0,31.0,6,452,10148,0,1.0
98,0.0,1.0,4.915,,,5,159.2916197808248,297.6010335545862,pobre,basal,0,500.0,523.0,1.0,31.0,7,452,10148,0,1.0
97,1.0,1.0,4.915,0.0,6.0,8,159.2916197808248,297.6010335545862,pobre,basal,2,1360.0,504.0,1.0,33.0,15,452,10149,6,0.0
98,1.0,1.0,4.915,0.0,6.0,8,159.2916197808248,297.6010335545862,pobre,basal,2,1360.0,504.0,1.0,33.0,16,452,10149,6,0.0
97,1.0,1.0,4.915,1.0,1.0,8,159.2916197808248,297.6010335545862,pobre,basal,2,1360.0,504.0,1.0,33.0,9,452,10150,1,1.0
98,1.0,1.0,4.915,1.0,2.0,8,159.2916197808248,297.6010335545862,pobre,basal,2,1360.0,504.0,1.0,33.0,10,452,10150,1,1.0
97,1.0,1.0,4.915,1.0,1.0,8,159.2916197808248,297.6010335545862,pobre,basal,2,1360.0,504.0,1.0,33.0,7,452,10151,1,1.0
98,1.0,1.0,4.915,1.0,1.0,8,159.2916197808248,297.6010335545862,pobre,basal,2,1360.0,504.0,1.0,33.0,8,452,10151,1,1.0
97,1.0,1.0,4.915,0.0,6.0,7,159.2916197808248,297.6010335545862,pobre,basal,0,1500.0,633.25,1.0,42.0,16,452,10152,6,0.0
98,1.0,1.0,4.915,,,7,159.2916197808248,297.6010335545862,pobre,basal,0,1500.0,633.25,1.0,42.0,17,452,10152,6,0.0
97,1.0,1.0,4.915,0.0,6.0,7,159.2916197808248,297.6010335545862,pobre,basal,0,1500.0,633.25,1.0,42.0,14,452,10153,6,0.0
98,1.0,1.0,4.915,0.0,6.0,7,159.2916197808248,297.6010335545862,pobre,basal,0,1500.0,633.25,1.0,42.0,15,452,10153,6,0.0
97,1.0,1.0,4.915,,0.0,7,159.2916197808248,297.6010335545862,pobre,basal,0,1500.0,633.25,1.0,42.0,12,452,10154,0,
98,1.0,1.0,4.915,1.0,1.0,7,159.2916197808248,297.6010335545862,pobre,basal,0,1500.0,633.25,1.0,42.0,13,452,10154,0,
97,1.0,1.0,4.915,1.0,1.0,7,159.2916197808248,297.6010335545862,pobre,basal,0,1500.0,633.25,1.0,42.0,7,452,10155,1,1.0
98,1.0,1.0,4.915,1.0,0.0,7,159.2916197808248,297.6010335545862,pobre,basal,0,1500.0,633.25,1.0,42.0,8,452,10155,1,1.0
97,0.0,1.0,4.915,0.0,2.0,7,159.2916197808248,297.6010335545862,pobre,basal,1,2800.0,480.0,1.0,42.0,16,452,10156,2,0.0
98,0.0,1.0,4.915,,,7,159.2916197808248,297.6010335545862,pobre,basal,1,2800.0,480.0,1.0,42.0,17,452,10156,2,0.0
97,1.0,1.0,4.915,1.0,4.0,7,159.2916197808248,297.6010335545862,pobre,basal,1,2800.0,480.0,1.0,42.0,13,452,10157,4,1.0
98,1.0,1.0,4.915,1.0,4.0,7,159.2916197808248,297.6010335545862,pobre,basal,1,2800.0,480.0,1.0,42.0,14,452,10157,4,1.0
97,0.0,1.0,4.915,1.0,1.0,7,159.2916197808248,297.6010335545862,pobre,basal,1,2800.0,480.0,1.0,42.0,8,452,10158,1,1.0
98,0.0,1.0,4.915,1.0,1.0,7,159.2916197808248,297.6010335545862,pobre,basal,1,2800.0,480.0,1.0,42.0,9,452,10158,1,1.0
97,1.0,1.0,4.915,,2.0,5,159.2916197808248,297.6010335545862,pobre,basal,2,300.0,522.0,1.0,27.0,12,452,10159,2,
98,1.0,1.0,4.915,1.0,6.0,5,159.2916197808248,297.6010335545862,pobre,basal,2,300.0,522.0,1.0,27.0,13,452,10159,2,
97,1.0,1.0,4.915,0.0,2.0,3,159.2916197808248,297.6010335545862,pobre,basal,0,500.0,604.0,1.0,37.0,14,452,10160,2,0.0
98,1.0,1.0,4.915,0.0,6.0,3,159.2916197808248,297.6010335545862,pobre,basal,0,500.0,604.0,1.0,37.0,15,452,10160,2,0.0
97,0.0,1.0,0.0,0.0,2.0,13,21.57571492117666,97.1718318733706,pobre,0,1,750.0,293.0,1.0,62.0,16,502,10161,2,0.0
98,0.0,1.0,0.0,,,13,21.57571492117666,97.1718318733706,pobre,0,1,750.0,293.0,1.0,62.0,17,502,10161,2,0.0
97,0.0,1.0,0.0,1.0,6.0,13,21.57571492117666,97.1718318733706,pobre,0,1,750.0,293.0,1.0,62.0,14,502,10162,6,1.0
98,0.0,1.0,0.0,1.0,6.0,13,21.57571492117666,97.1718318733706,pobre,0,1,750.0,293.0,1.0,62.0,15,502,10162,6,1.0
97,1.0,1.0,0.0,1.0,5.0,13,21.57571492117666,97.1718318733706,pobre,0,1,750.0,293.0,1.0,62.0,12,502,10163,5,1.0
98,1.0,1.0,0.0,1.0,5.0,13,21.57571492117666,97.1718318733706,pobre,0,1,750.0,293.0,1.0,62.0,13,502,10163,5,1.0
97,0.0,1.0,0.0,1.0,5.0,13,21.57571492117666,97.1718318733706,pobre,0,1,750.0,293.0,1.0,62.0,10,502,10164,5,1.0
98,0.0,1.0,0.0,1.0,5.0,13,21.57571492117666,97.1718318733706,pobre,0,1,750.0,293.0,1.0,62.0,11,502,10164,5,1.0
97,0.0,1.0,0.0,1.0,4.0,13,21.57571492117666,97.1718318733706,pobre,0,1,750.0,293.0,1.0,62.0,9,502,10165,4,1.0
98,0.0,1.0,0.0,1.0,4.0,13,21.57571492117666,97.1718318733706,pobre,0,1,750.0,293.0,1.0,62.0,10,502,10165,4,1.0
97,1.0,1.0,0.0,1.0,3.0,13,21.57571492117666,97.1718318733706,pobre,0,1,750.0,293.0,1.0,62.0,9,502,10166,3,1.0
98,1.0,1.0,0.0,1.0,4.0,13,21.57571492117666,97.1718318733706,pobre,0,1,750.0,293.0,1.0,62.0,10,502,10166,3,1.0
97,0.0,0.0,2.6960001,1.0,2.0,10,42.45712579246427,104.5796738582564,pobre,basal,0,0.0,727.0,1.0,88.0,7,501,10167,2,1.0
98,0.0,0.0,2.6960001,1.0,3.0,10,42.45712579246427,104.5796738582564,pobre,basal,0,0.0,727.0,1.0,88.0,8,501,10167,2,1.0
97,1.0,1.0,2.6960001,0.0,6.0,7,42.45712579246427,104.5796738582564,pobre,basal,1,500.0,540.5,1.0,36.0,15,501,10168,6,0.0
98,1.0,1.0,2.6960001,0.0,6.0,7,42.45712579246427,104.5796738582564,pobre,basal,1,500.0,540.5,1.0,36.0,16,501,10168,6,0.0
97,1.0,1.0,2.6960001,0.0,3.0,7,42.45712579246427,104.5796738582564,pobre,basal,1,500.0,540.5,1.0,36.0,11,501,10169,3,0.0
98,1.0,1.0,2.6960001,0.0,3.0,7,42.45712579246427,104.5796738582564,pobre,basal,1,500.0,540.5,1.0,36.0,12,501,10169,3,0.0
97,0.0,1.0,2.6960001,1.0,1.0,7,42.45712579246427,104.5796738582564,pobre,basal,1,500.0,540.5,1.0,36.0,8,501,10170,1,1.0
98,0.0,1.0,2.6960001,1.0,2.0,7,42.45712579246427,104.5796738582564,pobre,basal,1,500.0,540.5,1.0,36.0,9,501,10170,1,1.0
97,1.0,1.0,2.6960001,1.0,3.0,10,42.45712579246427,104.5796738582564,pobre,basal,3,750.0,535.0,1.0,46.0,9,501,10171,3,1.0
98,1.0,1.0,2.6960001,1.0,1.0,10,42.45712579246427,104.5796738582564,pobre,basal,3,750.0,535.0,1.0,46.0,10,501,10171,3,1.0
97,1.0,1.0,2.6960001,1.0,2.0,10,42.45712579246427,104.5796738582564,pobre,basal,3,750.0,535.0,1.0,46.0,8,501,10172,2,1.0
98,1.0,1.0,2.6960001,1.0,1.0,10,42.45712579246427,104.5796738582564,pobre,basal,3,750.0,535.0,1.0,46.0,9,501,10172,2,1.0
97,0.0,1.0,2.6960001,1.0,4.0,10,42.45712579246427,104.5796738582564,pobre,basal,3,750.0,535.0,1.0,46.0,11,501,10173,4,1.0
98,0.0,1.0,2.6960001,1.0,5.0,10,42.45712579246427,104.5796738582564,pobre,basal,3,750.0,535.0,1.0,46.0,12,501,10173,4,1.0
97,0.0,0.0,2.6960001,1.0,8.0,7,42.45712579246427,104.5796738582564,pobre,basal,3,500.0,647.0,1.0,41.0,15,501,10174,8,1.0
98,0.0,0.0,2.6960001,1.0,9.0,7,42.45712579246427,104.5796738582564,pobre,basal,3,500.0,647.0,1.0,41.0,16,501,10174,8,1.0
97,0.0,0.0,2.6960001,1.0,8.0,7,42.45712579246427,104.5796738582564,pobre,basal,3,500.0,647.0,1.0,41.0,14,501,10175,8,1.0
98,0.0,0.0,2.6960001,1.0,9.0,7,42.45712579246427,104.5796738582564,pobre,basal,3,500.0,647.0,1.0,41.0,15,501,10175,8,1.0
97,0.0,0.0,2.6960001,1.0,0.0,7,42.45712579246427,104.5796738582564,pobre,basal,3,500.0,647.0,1.0,41.0,12,501,10176,0,1.0
98,0.0,0.0,2.6960001,1.0,4.0,7,42.45712579246427,104.5796738582564,pobre,basal,3,500.0,647.0,1.0,41.0,13,501,10176,0,1.0
97,0.0,0.0,2.6960001,1.0,3.0,7,42.45712579246427,104.5796738582564,pobre,basal,3,500.0,647.0,1.0,41.0,8,501,10177,3,1.0
98,0.0,0.0,2.6960001,1.0,4.0,7,42.45712579246427,104.5796738582564,pobre,basal,3,500.0,647.0,1.0,41.0,9,501,10177,3,1.0
97,1.0,0.0,2.6960001,1.0,0.0,7,42.45712579246427,104.5796738582564,pobre,basal,3,500.0,647.0,1.0,41.0,6,501,10178,0,1.0
98,1.0,0.0,2.6960001,1.0,1.0,7,42.45712579246427,104.5796738582564,pobre,basal,3,500.0,647.0,1.0,41.0,7,501,10178,0,1.0
97,0.0,0.0,2.6960001,1.0,2.0,5,42.45712579246427,104.5796738582564,pobre,basal,0,500.0,549.0,1.0,30.0,7,501,10179,2,1.0
98,0.0,0.0,2.6960001,1.0,2.0,5,42.45712579246427,104.5796738582564,pobre,basal,0,500.0,549.0,1.0,30.0,8,501,10179,2,1.0
97,0.0,0.0,2.6960001,1.0,1.0,5,42.45712579246427,104.5796738582564,pobre,basal,0,500.0,549.0,1.0,30.0,6,501,10180,1,1.0
98,0.0,0.0,2.6960001,1.0,1.0,5,42.45712579246427,104.5796738582564,pobre,basal,0,500.0,549.0,1.0,30.0,7,501,10180,1,1.0
97,0.0,0.0,2.6960001,1.0,5.0,7,42.45712579246427,104.5796738582564,pobre,basal,0,625.0,872.0,1.0,53.0,10,501,10181,5,1.0
98,0.0,0.0,2.6960001,,,7,42.45712579246427,104.5796738582564,pobre,basal,0,625.0,872.0,1.0,53.0,11,501,10181,5,1.0
97,0.0,0.0,2.6960001,1.0,1.0,7,42.45712579246427,104.5796738582564,pobre,basal,0,625.0,872.0,1.0,53.0,6,501,10182,1,1.0
98,0.0,0.0,2.6960001,,,7,42.45712579246427,104.5796738582564,pobre,basal,0,625.0,872.0,1.0,53.0,7,501,10182,1,1.0
97,1.0,1.0,2.6960001,0.0,3.0,7,42.45712579246427,104.5796738582564,pobre,basal,4,625.0,635.0,1.0,40.0,16,501,10183,3,0.0
98,1.0,1.0,2.6960001,,,7,42.45712579246427,104.5796738582564,pobre,basal,4,625.0,635.0,1.0,40.0,17,501,10183,3,0.0
97,1.0,1.0,2.6960001,1.0,4.0,7,42.45712579246427,104.5796738582564,pobre,basal,4,625.0,635.0,1.0,40.0,13,501,10184,4,1.0
98,1.0,1.0,2.6960001,1.0,7.0,7,42.45712579246427,104.5796738582564,pobre,basal,4,625.0,635.0,1.0,40.0,14,501,10184,4,1.0
97,0.0,1.0,2.6960001,1.0,4.0,7,42.45712579246427,104.5796738582564,pobre,basal,4,625.0,635.0,1.0,40.0,11,501,10185,4,1.0
98,0.0,1.0,2.6960001,1.0,4.0,7,42.45712579246427,104.5796738582564,pobre,basal,4,625.0,635.0,1.0,40.0,12,501,10185,4,1.0
97,1.0,1.0,2.6960001,1.0,9.0,8,42.45712579246427,104.5796738582564,pobre,basal,1,500.0,639.0,1.0,27.0,16,501,10186,9,1.0
98,1.0,1.0,2.6960001,,,8,42.45712579246427,104.5796738582564,pobre,basal,1,500.0,639.0,1.0,27.0,17,501,10186,9,1.0
97,0.0,1.0,2.6960001,0.0,6.0,9,42.45712579246427,104.5796738582564,pobre,basal,6,625.0,632.0,1.0,35.0,13,501,10187,6,0.0
98,0.0,1.0,2.6960001,0.0,6.0,9,42.45712579246427,104.5796738582564,pobre,basal,6,625.0,632.0,1.0,35.0,14,501,10187,6,0.0
97,0.0,1.0,2.6960001,0.0,3.0,9,42.45712579246427,104.5796738582564,pobre,basal,6,625.0,632.0,1.0,35.0,11,501,10188,3,0.0
98,0.0,1.0,2.6960001,0.0,3.0,9,42.45712579246427,104.5796738582564,pobre,basal,6,625.0,632.0,1.0,35.0,12,501,10188,3,0.0
97,0.0,1.0,2.6960001,1.0,4.0,9,42.45712579246427,104.5796738582564,pobre,basal,6,625.0,632.0,1.0,35.0,9,501,10189,4,1.0
98,0.0,1.0,2.6960001,1.0,4.0,9,42.45712579246427,104.5796738582564,pobre,basal,6,625.0,632.0,1.0,35.0,10,501,10189,4,1.0
97,1.0,1.0,2.6960001,1.0,2.0,9,42.45712579246427,104.5796738582564,pobre,basal,6,625.0,632.0,1.0,35.0,7,501,10190,2,1.0
98,1.0,1.0,2.6960001,1.0,3.0,9,42.45712579246427,104.5796738582564,pobre,basal,6,625.0,632.0,1.0,35.0,8,501,10190,2,1.0
97,1.0,0.0,2.6960001,1.0,1.0,5,42.45712579246427,104.5796738582564,pobre,basal,0,500.0,695.0,0.0,23.0,6,501,10191,1,1.0
98,1.0,0.0,2.6960001,1.0,0.0,5,42.45712579246427,104.5796738582564,pobre,basal,0,500.0,695.0,0.0,23.0,7,501,10191,1,1.0
97,1.0,1.0,2.6960001,1.0,7.0,6,42.45712579246427,104.5796738582564,pobre,basal,1,600.0,866.0,1.0,55.0,12,501,10192,7,1.0
98,1.0,1.0,2.6960001,0.0,2.0,6,42.45712579246427,104.5796738582564,pobre,basal,1,600.0,866.0,1.0,55.0,13,501,10192,7,1.0
97,1.0,1.0,2.6960001,1.0,2.0,6,42.45712579246427,104.5796738582564,pobre,basal,1,600.0,866.0,1.0,55.0,8,501,10193,2,1.0
98,1.0,1.0,2.6960001,0.0,2.0,6,42.45712579246427,104.5796738582564,pobre,basal,1,600.0,866.0,1.0,55.0,9,501,10193,2,1.0
97,0.0,1.0,2.6960001,0.0,6.0,6,42.45712579246427,104.5796738582564,pobre,basal,5,500.0,525.0,1.0,45.0,14,501,10194,6,0.0
98,0.0,1.0,2.6960001,0.0,6.0,6,42.45712579246427,104.5796738582564,pobre,basal,5,500.0,525.0,1.0,45.0,15,501,10194,6,0.0
97,1.0,1.0,2.6960001,1.0,1.0,6,42.45712579246427,104.5796738582564,pobre,basal,5,500.0,525.0,1.0,45.0,8,501,10195,1,1.0
98,1.0,1.0,2.6960001,1.0,2.0,6,42.45712579246427,104.5796738582564,pobre,basal,5,500.0,525.0,1.0,45.0,9,501,10195,1,1.0
97,0.0,1.0,2.6960001,0.0,6.0,5,42.45712579246427,104.5796738582564,pobre,basal,2,500.0,653.0,1.0,42.0,15,501,10196,6,0.0
98,0.0,1.0,2.6960001,0.0,6.0,5,42.45712579246427,104.5796738582564,pobre,basal,2,500.0,653.0,1.0,42.0,16,501,10196,6,0.0
97,0.0,1.0,2.6960001,1.0,4.0,5,42.45712579246427,104.5796738582564,pobre,basal,2,500.0,653.0,1.0,42.0,10,501,10197,4,1.0
98,0.0,1.0,2.6960001,1.0,4.0,5,42.45712579246427,104.5796738582564,pobre,basal,2,500.0,653.0,1.0,42.0,11,501,10197,4,1.0
97,0.0,1.0,2.6960001,1.0,2.0,5,42.45712579246427,104.5796738582564,pobre,basal,2,500.0,653.0,1.0,42.0,8,501,10198,2,1.0
98,0.0,1.0,2.6960001,1.0,1.0,5,42.45712579246427,104.5796738582564,pobre,basal,2,500.0,653.0,1.0,42.0,9,501,10198,2,1.0
97,1.0,1.0,2.6960001,1.0,1.0,5,42.45712579246427,104.5796738582564,pobre,basal,2,500.0,653.0,1.0,42.0,6,501,10199,1,1.0
98,1.0,1.0,2.6960001,1.0,1.0,5,42.45712579246427,104.5796738582564,pobre,basal,2,500.0,653.0,1.0,42.0,7,501,10199,1,1.0
97,0.0,1.0,2.6960001,0.0,6.0,7,42.45712579246427,104.5796738582564,pobre,basal,2,500.0,602.0,1.0,50.0,16,501,10200,6,0.0
98,0.0,1.0,2.6960001,,,7,42.45712579246427,104.5796738582564,pobre,basal,2,500.0,602.0,1.0,50.0,17,501,10200,6,0.0
97,1.0,1.0,2.6960001,0.0,1.0,7,42.45712579246427,104.5796738582564,pobre,basal,2,500.0,602.0,1.0,50.0,13,501,10201,1,0.0
98,1.0,1.0,2.6960001,,,7,42.45712579246427,104.5796738582564,pobre,basal,2,500.0,602.0,1.0,50.0,14,501,10201,1,0.0
97,0.0,1.0,2.6960001,1.0,3.0,7,42.45712579246427,104.5796738582564,pobre,basal,2,500.0,602.0,1.0,50.0,11,501,10202,3,1.0
98,0.0,1.0,2.6960001,1.0,3.0,7,42.45712579246427,104.5796738582564,pobre,basal,2,500.0,602.0,1.0,50.0,12,501,10202,3,1.0
97,1.0,1.0,2.6960001,,0.0,5,42.45712579246427,104.5796738582564,pobre,basal,3,450.0,655.0,1.0,39.0,9,501,10203,0,
98,1.0,1.0,2.6960001,,,5,42.45712579246427,104.5796738582564,pobre,basal,3,450.0,655.0,1.0,39.0,10,501,10203,0,
97,0.0,1.0,2.6960001,,0.0,5,42.45712579246427,104.5796738582564,pobre,basal,3,450.0,655.0,1.0,39.0,7,501,10204,0,
98,0.0,1.0,2.6960001,,,5,42.45712579246427,104.5796738582564,pobre,basal,3,450.0,655.0,1.0,39.0,8,501,10204,0,
97,0.0,1.0,2.6960001,,0.0,6,42.45712579246427,104.5796738582564,pobre,basal,2,625.0,648.0,1.0,23.0,6,501,10205,0,
98,0.0,1.0,2.6960001,1.0,3.0,6,42.45712579246427,104.5796738582564,pobre,basal,2,625.0,648.0,1.0,23.0,7,501,10205,0,
97,0.0,1.0,2.6960001,1.0,6.0,9,42.45712579246427,104.5796738582564,pobre,basal,9,1000.0,811.0,1.0,47.0,14,501,10206,6,1.0
98,0.0,1.0,2.6960001,1.0,7.0,9,42.45712579246427,104.5796738582564,pobre,basal,9,1000.0,811.0,1.0,47.0,15,501,10206,6,1.0
97,0.0,1.0,2.6960001,1.0,6.0,9,42.45712579246427,104.5796738582564,pobre,basal,9,1000.0,811.0,1.0,47.0,13,501,10207,6,1.0
98,0.0,1.0,2.6960001,1.0,7.0,9,42.45712579246427,104.5796738582564,pobre,basal,9,1000.0,811.0,1.0,47.0,14,501,10207,6,1.0
97,0.0,1.0,2.6960001,1.0,4.0,9,42.45712579246427,104.5796738582564,pobre,basal,9,1000.0,811.0,1.0,47.0,10,501,10208,4,1.0
98,0.0,1.0,2.6960001,1.0,5.0,9,42.45712579246427,104.5796738582564,pobre,basal,9,1000.0,811.0,1.0,47.0,11,501,10208,4,1.0
97,1.0,1.0,2.6960001,1.0,2.0,9,42.45712579246427,104.5796738582564,pobre,basal,9,1000.0,811.0,1.0,47.0,8,501,10209,2,1.0
98,1.0,1.0,2.6960001,1.0,3.0,9,42.45712579246427,104.5796738582564,pobre,basal,9,1000.0,811.0,1.0,47.0,9,501,10209,2,1.0
97,1.0,1.0,2.6960001,0.0,6.0,9,42.45712579246427,104.5796738582564,no pobre,basal,3,500.0,865.0,1.0,65.0,16,501,10210,6,0.0
98,1.0,1.0,2.6960001,,,9,42.45712579246427,104.5796738582564,no pobre,basal,3,500.0,865.0,1.0,65.0,17,501,10210,6,0.0
97,1.0,1.0,2.6960001,1.0,2.0,5,42.45712579246427,104.5796738582564,no pobre,basal,6,750.0,911.0,1.0,32.0,8,501,10211,2,1.0
98,1.0,1.0,2.6960001,1.0,3.0,5,42.45712579246427,104.5796738582564,no pobre,basal,6,750.0,911.0,1.0,32.0,9,501,10211,2,1.0
97,1.0,1.0,2.6960001,1.0,0.0,5,42.45712579246427,104.5796738582564,no pobre,basal,6,750.0,911.0,1.0,32.0,7,501,10212,0,1.0
98,1.0,1.0,2.6960001,1.0,1.0,5,42.45712579246427,104.5796738582564,no pobre,basal,6,750.0,911.0,1.0,32.0,8,501,10212,0,1.0
97,1.0,1.0,5.704,,0.0,7,29.86938836357523,107.9638152114387,pobre,basal,0,250.0,467.0,1.0,29.0,10,473,10213,0,
98,1.0,1.0,5.704,1.0,3.0,7,29.86938836357523,107.9638152114387,pobre,basal,0,250.0,467.0,1.0,29.0,11,473,10213,0,
97,1.0,0.0,5.704,,0.0,7,29.86938836357523,107.9638152114387,pobre,basal,0,250.0,467.0,1.0,29.0,9,473,10214,0,
98,1.0,0.0,5.704,1.0,3.0,7,29.86938836357523,107.9638152114387,pobre,basal,0,250.0,467.0,1.0,29.0,10,473,10214,0,
97,1.0,1.0,5.704,1.0,0.0,7,29.86938836357523,107.9638152114387,pobre,basal,0,250.0,467.0,1.0,29.0,6,473,10215,0,1.0
98,1.0,1.0,5.704,1.0,1.0,7,29.86938836357523,107.9638152114387,pobre,basal,0,250.0,467.0,1.0,29.0,7,473,10215,0,1.0
97,1.0,1.0,5.704,1.0,0.0,9,29.86938836357523,107.9638152114387,pobre,basal,0,250.0,419.45001,1.0,39.0,7,473,10216,0,1.0
98,1.0,1.0,5.704,1.0,2.0,9,29.86938836357523,107.9638152114387,pobre,basal,0,250.0,419.45001,1.0,39.0,8,473,10216,0,1.0
97,1.0,1.0,5.704,1.0,0.0,9,29.86938836357523,107.9638152114387,pobre,basal,0,250.0,419.45001,1.0,39.0,6,473,10217,0,1.0
98,1.0,1.0,5.704,1.0,1.0,9,29.86938836357523,107.9638152114387,pobre,basal,0,250.0,419.45001,1.0,39.0,7,473,10217,0,1.0
97,0.0,1.0,5.704,,0.0,9,29.86938836357523,107.9638152114387,pobre,basal,0,250.0,419.45001,1.0,39.0,9,473,10218,0,
98,0.0,1.0,5.704,,,9,29.86938836357523,107.9638152114387,pobre,basal,0,250.0,419.45001,1.0,39.0,10,473,10218,0,
97,1.0,1.0,5.704,,0.0,9,29.86938836357523,107.9638152114387,pobre,basal,0,250.0,419.45001,1.0,39.0,14,473,10219,0,
98,1.0,1.0,5.704,,,9,29.86938836357523,107.9638152114387,pobre,basal,0,250.0,419.45001,1.0,39.0,15,473,10219,0,
97,0.0,1.0,5.704,1.0,6.0,7,29.86938836357523,107.9638152114387,pobre,basal,0,300.0,504.0,1.0,41.0,14,473,10220,6,1.0
98,0.0,1.0,5.704,0.0,6.0,7,29.86938836357523,107.9638152114387,pobre,basal,0,300.0,504.0,1.0,41.0,15,473,10220,6,1.0
97,0.0,1.0,5.704,0.0,5.0,7,29.86938836357523,107.9638152114387,pobre,basal,0,300.0,504.0,1.0,41.0,12,473,10221,5,0.0
98,0.0,1.0,5.704,0.0,6.0,7,29.86938836357523,107.9638152114387,pobre,basal,0,300.0,504.0,1.0,41.0,13,473,10221,5,0.0
97,0.0,1.0,5.704,1.0,5.0,7,29.86938836357523,107.9638152114387,pobre,basal,0,300.0,504.0,1.0,41.0,11,473,10222,5,1.0
98,0.0,1.0,5.704,0.0,6.0,7,29.86938836357523,107.9638152114387,pobre,basal,0,300.0,504.0,1.0,41.0,12,473,10222,5,1.0
97,1.0,1.0,5.704,1.0,2.0,7,29.86938836357523,107.9638152114387,pobre,basal,0,300.0,504.0,1.0,41.0,8,473,10223,2,1.0
98,1.0,1.0,5.704,1.0,2.0,7,29.86938836357523,107.9638152114387,pobre,basal,0,300.0,504.0,1.0,41.0,9,473,10223,2,1.0
97,0.0,1.0,5.704,0.0,0.0,6,29.86938836357523,107.9638152114387,pobre,basal,0,300.0,502.0,1.0,27.0,10,473,10224,0,0.0
98,0.0,1.0,5.704,,,6,29.86938836357523,107.9638152114387,pobre,basal,0,300.0,502.0,1.0,27.0,11,473,10224,0,0.0
97,1.0,1.0,5.704,,0.0,6,29.86938836357523,107.9638152114387,pobre,basal,0,300.0,502.0,1.0,27.0,7,473,10225,0,
98,1.0,1.0,5.704,1.0,1.0,6,29.86938836357523,107.9638152114387,pobre,basal,0,300.0,502.0,1.0,27.0,8,473,10225,0,
97,1.0,1.0,5.704,,0.0,5,29.86938836357523,107.9638152114387,pobre,basal,0,375.0,719.45001,1.0,56.0,16,473,10226,0,
98,1.0,1.0,5.704,,,5,29.86938836357523,107.9638152114387,pobre,basal,0,375.0,719.45001,1.0,56.0,17,473,10226,0,
97,1.0,1.0,5.704,,0.0,5,29.86938836357523,107.9638152114387,pobre,basal,0,375.0,719.45001,1.0,56.0,14,473,10227,0,
98,1.0,1.0,5.704,,,5,29.86938836357523,107.9638152114387,pobre,basal,0,375.0,719.45001,1.0,56.0,15,473,10227,0,
97,1.0,1.0,5.704,0.0,6.0,4,29.86938836357523,107.9638152114387,pobre,basal,0,500.0,602.0,1.0,44.0,14,473,10228,6,0.0
98,1.0,1.0,5.704,0.0,6.0,4,29.86938836357523,107.9638152114387,pobre,basal,0,500.0,602.0,1.0,44.0,15,473,10228,6,0.0
97,1.0,1.0,5.704,1.0,3.0,4,29.86938836357523,107.9638152114387,pobre,basal,0,500.0,602.0,1.0,44.0,10,473,10229,3,1.0
98,1.0,1.0,5.704,1.0,4.0,4,29.86938836357523,107.9638152114387,pobre,basal,0,500.0,602.0,1.0,44.0,11,473,10229,3,1.0
97,0.0,1.0,5.704,0.0,2.0,6,29.86938836357523,107.9638152114387,pobre,basal,0,250.0,762.0,1.0,39.0,15,473,10230,2,0.0
98,0.0,1.0,5.704,,,6,29.86938836357523,107.9638152114387,pobre,basal,0,250.0,762.0,1.0,39.0,16,473,10230,2,0.0
97,0.0,1.0,5.704,1.0,5.0,6,29.86938836357523,107.9638152114387,pobre,basal,0,250.0,762.0,1.0,39.0,13,473,10231,5,1.0
98,0.0,1.0,5.704,0.0,6.0,6,29.86938836357523,107.9638152114387,pobre,basal,0,250.0,762.0,1.0,39.0,14,473,10231,5,1.0
97,1.0,1.0,5.704,1.0,2.0,6,29.86938836357523,107.9638152114387,pobre,basal,0,250.0,762.0,1.0,39.0,7,473,10232,2,1.0
98,1.0,1.0,5.704,0.0,2.0,6,29.86938836357523,107.9638152114387,pobre,basal,0,250.0,762.0,1.0,39.0,8,473,10232,2,1.0
97,1.0,1.0,5.704,1.0,5.0,8,29.86938836357523,107.9638152114387,pobre,basal,0,250.0,685.0,1.0,52.0,12,473,10233,5,1.0
98,1.0,1.0,5.704,0.0,5.0,8,29.86938836357523,107.9638152114387,pobre,basal,0,250.0,685.0,1.0,52.0,13,473,10233,5,1.0
97,1.0,1.0,5.704,1.0,1.0,8,29.86938836357523,107.9638152114387,pobre,basal,0,250.0,685.0,1.0,52.0,10,473,10234,1,1.0
98,1.0,1.0,5.704,1.0,2.0,8,29.86938836357523,107.9638152114387,pobre,basal,0,250.0,685.0,1.0,52.0,11,473,10234,1,1.0
97,0.0,1.0,5.704,1.0,1.0,8,29.86938836357523,107.9638152114387,pobre,basal,0,250.0,685.0,1.0,52.0,7,473,10235,1,1.0
98,0.0,1.0,5.704,1.0,1.0,8,29.86938836357523,107.9638152114387,pobre,basal,0,250.0,685.0,1.0,52.0,8,473,10235,1,1.0
97,0.0,1.0,5.704,,0.0,4,29.86938836357523,107.9638152114387,pobre,basal,0,0.0,669.45001,0.0,67.0,14,473,10236,0,
98,0.0,1.0,5.704,,,4,29.86938836357523,107.9638152114387,pobre,basal,0,0.0,669.45001,0.0,67.0,15,473,10236,0,
97,1.0,1.0,5.704,,5.0,8,29.86938836357523,107.9638152114387,pobre,basal,0,250.0,582.0,0.0,43.0,14,473,10237,5,
98,1.0,1.0,5.704,0.0,4.0,8,29.86938836357523,107.9638152114387,pobre,basal,0,250.0,582.0,0.0,43.0,15,473,10237,5,
97,0.0,1.0,5.704,,0.0,8,29.86938836357523,107.9638152114387,pobre,basal,0,250.0,582.0,0.0,43.0,10,473,10238,0,
98,0.0,1.0,5.704,,,8,29.86938836357523,107.9638152114387,pobre,basal,0,250.0,582.0,0.0,43.0,11,473,10238,0,
97,0.0,1.0,5.704,1.0,6.0,4,29.86938836357523,107.9638152114387,pobre,basal,2,375.0,588.0,1.0,34.0,12,473,10239,6,1.0
98,0.0,1.0,5.704,0.0,6.0,4,29.86938836357523,107.9638152114387,pobre,basal,2,375.0,588.0,1.0,34.0,13,473,10239,6,1.0
97,1.0,1.0,5.704,1.0,3.0,4,29.86938836357523,107.9638152114387,pobre,basal,2,375.0,588.0,1.0,34.0,11,473,10240,3,1.0
98,1.0,1.0,5.704,1.0,4.0,4,29.86938836357523,107.9638152114387,pobre,basal,2,375.0,588.0,1.0,34.0,12,473,10240,3,1.0
97,1.0,1.0,5.704,0.0,5.0,8,29.86938836357523,107.9638152114387,pobre,basal,0,375.0,520.0,1.0,38.0,15,473,10241,5,0.0
98,1.0,1.0,5.704,0.0,5.0,8,29.86938836357523,107.9638152114387,pobre,basal,0,375.0,520.0,1.0,38.0,16,473,10241,5,0.0
97,1.0,1.0,5.704,1.0,5.0,8,29.86938836357523,107.9638152114387,pobre,basal,0,375.0,520.0,1.0,38.0,12,473,10242,5,1.0
98,1.0,1.0,5.704,1.0,5.0,8,29.86938836357523,107.9638152114387,pobre,basal,0,375.0,520.0,1.0,38.0,13,473,10242,5,1.0
97,0.0,1.0,5.704,1.0,4.0,8,29.86938836357523,107.9638152114387,pobre,basal,0,375.0,520.0,1.0,38.0,10,473,10243,4,1.0
98,0.0,1.0,5.704,1.0,5.0,8,29.86938836357523,107.9638152114387,pobre,basal,0,375.0,520.0,1.0,38.0,11,473,10243,4,1.0
97,1.0,1.0,5.704,1.0,2.0,8,29.86938836357523,107.9638152114387,pobre,basal,0,375.0,520.0,1.0,38.0,9,473,10244,2,1.0
98,1.0,1.0,5.704,1.0,3.0,8,29.86938836357523,107.9638152114387,pobre,basal,0,375.0,520.0,1.0,38.0,10,473,10244,2,1.0
97,1.0,1.0,5.704,1.0,1.0,5,29.86938836357523,107.9638152114387,pobre,basal,0,375.0,646.0,1.0,28.0,6,473,10245,1,1.0
98,1.0,1.0,5.704,1.0,1.0,5,29.86938836357523,107.9638152114387,pobre,basal,0,375.0,646.0,1.0,28.0,7,473,10245,1,1.0
97,0.0,1.0,5.704,0.0,6.0,4,29.86938836357523,107.9638152114387,pobre,basal,0,0.0,600.0,0.0,50.0,15,473,10246,6,0.0
98,0.0,1.0,5.704,0.0,1.0,4,29.86938836357523,107.9638152114387,pobre,basal,0,0.0,600.0,0.0,50.0,16,473,10246,6,0.0
97,1.0,1.0,5.704,1.0,6.0,5,29.86938836357523,107.9638152114387,pobre,basal,0,250.0,578.0,1.0,31.0,12,473,10247,6,1.0
98,1.0,1.0,5.704,,,5,29.86938836357523,107.9638152114387,pobre,basal,0,250.0,578.0,1.0,31.0,13,473,10247,6,1.0
97,1.0,1.0,5.704,1.0,3.0,5,29.86938836357523,107.9638152114387,pobre,basal,0,250.0,578.0,1.0,31.0,8,473,10248,3,1.0
98,1.0,1.0,5.704,1.0,4.0,5,29.86938836357523,107.9638152114387,pobre,basal,0,250.0,578.0,1.0,31.0,9,473,10248,3,1.0
97,0.0,1.0,5.704,1.0,3.0,3,29.86938836357523,107.9638152114387,pobre,basal,0,300.0,733.0,1.0,72.0,11,473,10249,3,1.0
98,0.0,1.0,5.704,1.0,4.0,3,29.86938836357523,107.9638152114387,pobre,basal,0,300.0,733.0,1.0,72.0,12,473,10249,3,1.0
97,1.0,1.0,5.704,1.0,2.0,7,29.86938836357523,107.9638152114387,pobre,basal,0,250.0,504.0,1.0,52.0,12,473,10250,2,1.0
98,1.0,1.0,5.704,0.0,3.0,7,29.86938836357523,107.9638152114387,pobre,basal,0,250.0,504.0,1.0,52.0,13,473,10250,2,1.0
97,1.0,1.0,5.704,1.0,2.0,7,29.86938836357523,107.9638152114387,pobre,basal,0,250.0,504.0,1.0,52.0,11,473,10251,2,1.0
98,1.0,1.0,5.704,0.0,3.0,7,29.86938836357523,107.9638152114387,pobre,basal,0,250.0,504.0,1.0,52.0,12,473,10251,2,1.0
97,1.0,1.0,5.704,1.0,1.0,7,29.86938836357523,107.9638152114387,pobre,basal,0,250.0,504.0,1.0,52.0,10,473,10252,1,1.0
98,1.0,1.0,5.704,0.0,2.0,7,29.86938836357523,107.9638152114387,pobre,basal,0,250.0,504.0,1.0,52.0,11,473,10252,1,1.0
97,1.0,1.0,5.704,,0.0,5,29.86938836357523,107.9638152114387,pobre,basal,3,300.0,544.0,1.0,29.0,8,473,10253,0,
98,1.0,1.0,5.704,1.0,3.0,5,29.86938836357523,107.9638152114387,pobre,basal,3,300.0,544.0,1.0,29.0,9,473,10253,0,
97,1.0,1.0,5.704,,0.0,6,29.86938836357523,107.9638152114387,pobre,basal,0,300.0,612.0,1.0,35.0,13,473,10254,0,
98,1.0,1.0,5.704,,,6,29.86938836357523,107.9638152114387,pobre,basal,0,300.0,612.0,1.0,35.0,14,473,10254,0,
97,1.0,1.0,5.704,,0.0,6,29.86938836357523,107.9638152114387,pobre,basal,0,300.0,612.0,1.0,35.0,10,473,10255,0,
98,1.0,1.0,5.704,,,6,29.86938836357523,107.9638152114387,pobre,basal,0,300.0,612.0,1.0,35.0,11,473,10255,0,
97,1.0,1.0,5.704,,0.0,4,29.86938836357523,107.9638152114387,pobre,basal,0,300.0,781.45001,1.0,98.0,8,473,10256,0,
98,1.0,1.0,5.704,,,4,29.86938836357523,107.9638152114387,pobre,basal,0,300.0,781.45001,1.0,98.0,9,473,10256,0,
97,1.0,1.0,5.704,,0.0,4,29.86938836357523,107.9638152114387,pobre,basal,0,300.0,781.45001,1.0,98.0,6,473,10257,0,
98,1.0,1.0,5.704,,,4,29.86938836357523,107.9638152114387,pobre,basal,0,300.0,781.45001,1.0,98.0,7,473,10257,0,
97,1.0,1.0,5.704,,0.0,6,29.86938836357523,107.9638152114387,pobre,basal,0,375.0,519.45001,1.0,57.0,14,473,10258,0,
98,1.0,1.0,5.704,,,6,29.86938836357523,107.9638152114387,pobre,basal,0,375.0,519.45001,1.0,57.0,15,473,10258,0,
97,0.0,1.0,5.704,,0.0,6,29.86938836357523,107.9638152114387,pobre,basal,0,375.0,519.45001,1.0,57.0,12,473,10259,0,
98,0.0,1.0,5.704,1.0,5.0,6,29.86938836357523,107.9638152114387,pobre,basal,0,375.0,519.45001,1.0,57.0,13,473,10259,0,
97,1.0,1.0,5.704,,0.0,6,29.86938836357523,107.9638152114387,pobre,basal,0,375.0,519.45001,1.0,57.0,10,473,10260,0,
98,1.0,1.0,5.704,1.0,3.0,6,29.86938836357523,107.9638152114387,pobre,basal,0,375.0,519.45001,1.0,57.0,11,473,10260,0,
97,1.0,1.0,5.704,,0.0,6,29.86938836357523,107.9638152114387,pobre,basal,0,375.0,519.45001,1.0,57.0,7,473,10261,0,
98,1.0,1.0,5.704,1.0,2.0,6,29.86938836357523,107.9638152114387,pobre,basal,0,375.0,519.45001,1.0,57.0,8,473,10261,0,
97,1.0,1.0,5.704,1.0,5.0,4,29.86938836357523,107.9638152114387,pobre,basal,0,250.0,604.0,1.0,35.0,12,473,10262,5,1.0
98,1.0,1.0,5.704,1.0,6.0,4,29.86938836357523,107.9638152114387,pobre,basal,0,250.0,604.0,1.0,35.0,13,473,10262,5,1.0
97,0.0,1.0,5.704,1.0,4.0,4,29.86938836357523,107.9638152114387,pobre,basal,0,250.0,604.0,1.0,35.0,10,473,10263,4,1.0
98,0.0,1.0,5.704,1.0,5.0,4,29.86938836357523,107.9638152114387,pobre,basal,0,250.0,604.0,1.0,35.0,11,473,10263,4,1.0
97,1.0,1.0,5.704,1.0,4.0,6,29.86938836357523,107.9638152114387,pobre,basal,0,300.0,520.0,1.0,50.0,12,473,10264,4,1.0
98,1.0,1.0,5.704,1.0,4.0,6,29.86938836357523,107.9638152114387,pobre,basal,0,300.0,520.0,1.0,50.0,13,473,10264,4,1.0
97,1.0,1.0,5.704,,0.0,6,29.86938836357523,107.9638152114387,pobre,basal,0,300.0,520.0,1.0,50.0,10,473,10265,0,
98,1.0,1.0,5.704,1.0,3.0,6,29.86938836357523,107.9638152114387,pobre,basal,0,300.0,520.0,1.0,50.0,11,473,10265,0,
97,0.0,1.0,5.704,1.0,1.0,6,29.86938836357523,107.9638152114387,pobre,basal,0,300.0,520.0,1.0,50.0,8,473,10266,1,1.0
98,0.0,1.0,5.704,1.0,2.0,6,29.86938836357523,107.9638152114387,pobre,basal,0,300.0,520.0,1.0,50.0,9,473,10266,1,1.0
97,1.0,1.0,5.704,1.0,4.0,5,29.86938836357523,107.9638152114387,pobre,basal,2,300.0,576.0,1.0,35.0,13,473,10267,4,1.0
98,1.0,1.0,5.704,,,5,29.86938836357523,107.9638152114387,pobre,basal,2,300.0,576.0,1.0,35.0,14,473,10267,4,1.0
97,0.0,1.0,5.704,1.0,5.0,5,29.86938836357523,107.9638152114387,pobre,basal,2,300.0,576.0,1.0,35.0,12,473,10268,5,1.0
98,0.0,1.0,5.704,,,5,29.86938836357523,107.9638152114387,pobre,basal,2,300.0,576.0,1.0,35.0,13,473,10268,5,1.0
97,0.0,1.0,5.704,1.0,3.0,5,29.86938836357523,107.9638152114387,pobre,basal,2,300.0,576.0,1.0,35.0,8,473,10269,3,1.0
98,0.0,1.0,5.704,1.0,4.0,5,29.86938836357523,107.9638152114387,pobre,basal,2,300.0,576.0,1.0,35.0,9,473,10269,3,1.0
97,0.0,1.0,5.704,1.0,7.0,7,29.86938836357523,107.9638152114387,pobre,basal,0,300.0,495.0,1.0,33.0,14,473,10270,7,1.0
98,0.0,1.0,5.704,1.0,5.0,7,29.86938836357523,107.9638152114387,pobre,basal,0,300.0,495.0,1.0,33.0,15,473,10270,7,1.0
97,0.0,1.0,5.704,1.0,5.0,7,29.86938836357523,107.9638152114387,pobre,basal,0,300.0,495.0,1.0,33.0,12,473,10271,5,1.0
98,0.0,1.0,5.704,1.0,2.0,7,29.86938836357523,107.9638152114387,pobre,basal,0,300.0,495.0,1.0,33.0,13,473,10271,5,1.0
97,0.0,1.0,5.704,1.0,3.0,7,29.86938836357523,107.9638152114387,pobre,basal,0,300.0,495.0,1.0,33.0,8,473,10272,3,1.0
98,0.0,1.0,5.704,1.0,3.0,7,29.86938836357523,107.9638152114387,pobre,basal,0,300.0,495.0,1.0,33.0,9,473,10272,3,1.0
97,1.0,1.0,5.704,1.0,0.0,7,29.86938836357523,107.9638152114387,pobre,basal,0,300.0,495.0,1.0,33.0,6,473,10273,0,1.0
98,1.0,1.0,5.704,1.0,1.0,7,29.86938836357523,107.9638152114387,pobre,basal,0,300.0,495.0,1.0,33.0,7,473,10273,0,1.0
97,1.0,1.0,5.704,1.0,9.0,9,29.86938836357523,107.9638152114387,pobre,basal,3,250.0,425.0,1.0,26.0,14,473,10274,9,1.0
98,1.0,1.0,5.704,1.0,9.0,9,29.86938836357523,107.9638152114387,pobre,basal,3,250.0,425.0,1.0,26.0,15,473,10274,9,1.0
97,1.0,1.0,5.704,1.0,5.0,9,29.86938836357523,107.9638152114387,pobre,basal,3,250.0,425.0,1.0,26.0,12,473,10275,5,1.0
98,1.0,1.0,5.704,0.0,6.0,9,29.86938836357523,107.9638152114387,pobre,basal,3,250.0,425.0,1.0,26.0,13,473,10275,5,1.0
97,0.0,1.0,5.704,1.0,5.0,9,29.86938836357523,107.9638152114387,pobre,basal,3,250.0,425.0,1.0,26.0,11,473,10276,5,1.0
98,0.0,1.0,5.704,1.0,6.0,9,29.86938836357523,107.9638152114387,pobre,basal,3,250.0,425.0,1.0,26.0,12,473,10276,5,1.0
97,0.0,1.0,5.704,1.0,3.0,9,29.86938836357523,107.9638152114387,pobre,basal,3,250.0,425.0,1.0,26.0,9,473,10277,3,1.0
98,0.0,1.0,5.704,1.0,4.0,9,29.86938836357523,107.9638152114387,pobre,basal,3,250.0,425.0,1.0,26.0,10,473,10277,3,1.0
97,1.0,1.0,5.704,1.0,1.0,9,29.86938836357523,107.9638152114387,pobre,basal,3,250.0,425.0,1.0,26.0,7,473,10278,1,1.0
98,1.0,1.0,5.704,1.0,2.0,9,29.86938836357523,107.9638152114387,pobre,basal,3,250.0,425.0,1.0,26.0,8,473,10278,1,1.0
97,0.0,1.0,5.704,1.0,1.0,6,29.86938836357523,107.9638152114387,pobre,basal,0,375.0,630.0,1.0,50.0,7,473,10279,1,1.0
98,0.0,1.0,5.704,1.0,2.0,6,29.86938836357523,107.9638152114387,pobre,basal,0,375.0,630.0,1.0,50.0,8,473,10279,1,1.0
97,0.0,1.0,5.8179998,1.0,2.0,6,154.6118868337259,154.6118868337259,pobre,basal,0,0.0,637.5,1.0,48.0,11,29,10280,2,1.0
98,0.0,1.0,5.8179998,1.0,3.0,6,154.6118868337259,154.6118868337259,pobre,basal,0,0.0,637.5,1.0,48.0,12,29,10280,2,1.0
97,1.0,1.0,5.8179998,0.0,4.0,10,154.6118868337259,154.6118868337259,pobre,basal,2,0.0,482.0,1.0,32.0,15,29,10281,4,0.0
98,1.0,1.0,5.8179998,,,10,154.6118868337259,154.6118868337259,pobre,basal,2,0.0,482.0,1.0,32.0,16,29,10281,4,0.0
97,1.0,1.0,5.8179998,1.0,3.0,10,154.6118868337259,154.6118868337259,pobre,basal,2,0.0,482.0,1.0,32.0,13,29,10282,3,1.0
98,1.0,1.0,5.8179998,1.0,4.0,10,154.6118868337259,154.6118868337259,pobre,basal,2,0.0,482.0,1.0,32.0,14,29,10282,3,1.0
97,1.0,1.0,5.8179998,1.0,1.0,10,154.6118868337259,154.6118868337259,pobre,basal,2,0.0,482.0,1.0,32.0,11,29,10283,1,1.0
98,1.0,1.0,5.8179998,1.0,3.0,10,154.6118868337259,154.6118868337259,pobre,basal,2,0.0,482.0,1.0,32.0,12,29,10283,1,1.0
97,1.0,1.0,5.8179998,1.0,0.0,10,154.6118868337259,154.6118868337259,pobre,basal,2,0.0,482.0,1.0,32.0,7,29,10284,0,1.0
98,1.0,1.0,5.8179998,1.0,1.0,10,154.6118868337259,154.6118868337259,pobre,basal,2,0.0,482.0,1.0,32.0,8,29,10284,0,1.0
97,0.0,1.0,5.8179998,1.0,0.0,10,154.6118868337259,154.6118868337259,pobre,basal,2,0.0,482.0,1.0,32.0,6,29,10285,0,1.0
98,0.0,1.0,5.8179998,1.0,0.0,10,154.6118868337259,154.6118868337259,pobre,basal,2,0.0,482.0,1.0,32.0,7,29,10285,0,1.0
97,0.0,1.0,5.8179998,0.0,6.0,9,154.6118868337259,154.6118868337259,pobre,basal,2,0.0,567.0,1.0,45.0,15,29,10286,6,0.0
98,0.0,1.0,5.8179998,1.0,7.0,9,154.6118868337259,154.6118868337259,pobre,basal,2,0.0,567.0,1.0,45.0,16,29,10286,6,0.0
97,1.0,1.0,5.8179998,1.0,3.0,9,154.6118868337259,154.6118868337259,pobre,basal,2,0.0,567.0,1.0,45.0,8,29,10287,3,1.0
98,1.0,1.0,5.8179998,1.0,4.0,9,154.6118868337259,154.6118868337259,pobre,basal,2,0.0,567.0,1.0,45.0,9,29,10287,3,1.0
97,0.0,1.0,5.8179998,1.0,0.0,9,154.6118868337259,154.6118868337259,pobre,basal,2,0.0,567.0,1.0,45.0,6,29,10288,0,1.0
98,0.0,1.0,5.8179998,1.0,1.0,9,154.6118868337259,154.6118868337259,pobre,basal,2,0.0,567.0,1.0,45.0,7,29,10288,0,1.0
97,0.0,1.0,5.8179998,1.0,5.0,8,154.6118868337259,154.6118868337259,pobre,basal,0,0.0,571.66998,1.0,60.0,11,29,10289,5,1.0
98,0.0,1.0,5.8179998,1.0,6.0,8,154.6118868337259,154.6118868337259,pobre,basal,0,0.0,571.66998,1.0,60.0,12,29,10289,5,1.0
97,1.0,1.0,5.8179998,1.0,5.0,10,154.6118868337259,154.6118868337259,pobre,basal,0,750.0,585.0,1.0,70.0,14,29,10290,5,1.0
98,1.0,1.0,5.8179998,1.0,6.0,10,154.6118868337259,154.6118868337259,pobre,basal,0,750.0,585.0,1.0,70.0,15,29,10290,5,1.0
97,0.0,1.0,5.8179998,1.0,3.0,10,154.6118868337259,154.6118868337259,pobre,basal,0,750.0,585.0,1.0,70.0,8,29,10291,3,1.0
98,0.0,1.0,5.8179998,1.0,3.0,10,154.6118868337259,154.6118868337259,pobre,basal,0,750.0,585.0,1.0,70.0,9,29,10291,3,1.0
97,1.0,0.0,5.8179998,1.0,2.0,10,154.6118868337259,154.6118868337259,pobre,basal,0,750.0,585.0,1.0,70.0,6,29,10292,2,1.0
98,1.0,0.0,5.8179998,1.0,2.0,10,154.6118868337259,154.6118868337259,pobre,basal,0,750.0,585.0,1.0,70.0,7,29,10292,2,1.0
97,1.0,1.0,5.8179998,1.0,2.0,10,154.6118868337259,154.6118868337259,pobre,basal,0,250.0,550.5,1.0,52.0,11,29,10293,2,1.0
98,1.0,1.0,5.8179998,1.0,3.0,10,154.6118868337259,154.6118868337259,pobre,basal,0,250.0,550.5,1.0,52.0,12,29,10293,2,1.0
97,0.0,1.0,5.8179998,1.0,5.0,10,154.6118868337259,154.6118868337259,pobre,basal,0,250.0,550.5,1.0,52.0,10,29,10294,5,1.0
98,0.0,1.0,5.8179998,0.0,6.0,10,154.6118868337259,154.6118868337259,pobre,basal,0,250.0,550.5,1.0,52.0,11,29,10294,5,1.0
97,0.0,1.0,5.8179998,1.0,2.0,10,154.6118868337259,154.6118868337259,pobre,basal,0,250.0,550.5,1.0,52.0,8,29,10295,2,1.0
98,0.0,1.0,5.8179998,1.0,3.0,10,154.6118868337259,154.6118868337259,pobre,basal,0,250.0,550.5,1.0,52.0,9,29,10295,2,1.0
97,0.0,1.0,5.8179998,1.0,1.0,10,154.6118868337259,154.6118868337259,pobre,basal,0,250.0,550.5,1.0,52.0,7,29,10296,1,1.0
98,0.0,1.0,5.8179998,1.0,2.0,10,154.6118868337259,154.6118868337259,pobre,basal,0,250.0,550.5,1.0,52.0,8,29,10296,1,1.0
97,1.0,1.0,5.8179998,1.0,4.0,16,154.6118868337259,154.6118868337259,pobre,basal,2,0.0,535.01001,1.0,45.0,11,29,10297,4,1.0
98,1.0,1.0,5.8179998,1.0,5.0,16,154.6118868337259,154.6118868337259,pobre,basal,2,0.0,535.01001,1.0,45.0,12,29,10297,4,1.0
97,0.0,1.0,5.8179998,1.0,3.0,16,154.6118868337259,154.6118868337259,pobre,basal,2,0.0,535.01001,1.0,45.0,9,29,10298,3,1.0
98,0.0,1.0,5.8179998,1.0,4.0,16,154.6118868337259,154.6118868337259,pobre,basal,2,0.0,535.01001,1.0,45.0,10,29,10298,3,1.0
97,1.0,1.0,5.8179998,0.0,3.0,11,154.6118868337259,154.6118868337259,pobre,basal,0,0.0,506.67001,1.0,37.0,14,29,10299,3,0.0
98,1.0,1.0,5.8179998,1.0,2.0,11,154.6118868337259,154.6118868337259,pobre,basal,0,0.0,506.67001,1.0,37.0,15,29,10299,3,0.0
97,1.0,1.0,5.8179998,1.0,1.0,11,154.6118868337259,154.6118868337259,pobre,basal,0,0.0,506.67001,1.0,37.0,11,29,10300,1,1.0
98,1.0,1.0,5.8179998,1.0,2.0,11,154.6118868337259,154.6118868337259,pobre,basal,0,0.0,506.67001,1.0,37.0,12,29,10300,1,1.0
97,1.0,1.0,5.8179998,1.0,0.0,11,154.6118868337259,154.6118868337259,pobre,basal,0,0.0,506.67001,1.0,37.0,6,29,10301,0,1.0
98,1.0,1.0,5.8179998,1.0,0.0,11,154.6118868337259,154.6118868337259,pobre,basal,0,0.0,506.67001,1.0,37.0,7,29,10301,0,1.0
97,0.0,1.0,5.8179998,,0.0,8,154.6118868337259,154.6118868337259,pobre,basal,0,0.0,550.27002,1.0,41.0,15,29,10302,0,
98,0.0,1.0,5.8179998,,,8,154.6118868337259,154.6118868337259,pobre,basal,0,0.0,550.27002,1.0,41.0,16,29,10302,0,
97,0.0,1.0,5.8179998,,0.0,8,154.6118868337259,154.6118868337259,pobre,basal,0,0.0,550.27002,1.0,41.0,12,29,10303,0,
98,0.0,1.0,5.8179998,1.0,4.0,8,154.6118868337259,154.6118868337259,pobre,basal,0,0.0,550.27002,1.0,41.0,13,29,10303,0,
97,1.0,1.0,5.8179998,,0.0,8,154.6118868337259,154.6118868337259,pobre,basal,0,0.0,550.27002,1.0,41.0,9,29,10304,0,
98,1.0,1.0,5.8179998,1.0,3.0,8,154.6118868337259,154.6118868337259,pobre,basal,0,0.0,550.27002,1.0,41.0,10,29,10304,0,
97,0.0,1.0,5.8179998,0.0,4.0,9,154.6118868337259,154.6118868337259,pobre,basal,3,250.0,582.5,1.0,42.0,16,29,10305,4,0.0
98,0.0,1.0,5.8179998,,,9,154.6118868337259,154.6118868337259,pobre,basal,3,250.0,582.5,1.0,42.0,17,29,10305,4,0.0
97,1.0,1.0,5.8179998,1.0,2.0,9,154.6118868337259,154.6118868337259,pobre,basal,3,250.0,582.5,1.0,42.0,12,29,10306,2,1.0
98,1.0,1.0,5.8179998,1.0,3.0,9,154.6118868337259,154.6118868337259,pobre,basal,3,250.0,582.5,1.0,42.0,13,29,10306,2,1.0
97,1.0,1.0,5.8179998,1.0,4.0,9,154.6118868337259,154.6118868337259,pobre,basal,3,250.0,582.5,1.0,42.0,12,29,10307,4,1.0
98,1.0,1.0,5.8179998,1.0,4.0,9,154.6118868337259,154.6118868337259,pobre,basal,3,250.0,582.5,1.0,42.0,13,29,10307,4,1.0
97,1.0,1.0,5.8179998,1.0,1.0,9,154.6118868337259,154.6118868337259,pobre,basal,3,250.0,582.5,1.0,42.0,8,29,10308,1,1.0
98,1.0,1.0,5.8179998,1.0,2.0,9,154.6118868337259,154.6118868337259,pobre,basal,3,250.0,582.5,1.0,42.0,9,29,10308,1,1.0
97,0.0,1.0,5.8179998,1.0,0.0,9,154.6118868337259,154.6118868337259,pobre,basal,3,250.0,582.5,1.0,42.0,6,29,10309,0,1.0
98,0.0,1.0,5.8179998,1.0,0.0,9,154.6118868337259,154.6118868337259,pobre,basal,3,250.0,582.5,1.0,42.0,7,29,10309,0,1.0
97,0.0,1.0,5.8179998,1.0,4.0,7,154.6118868337259,154.6118868337259,pobre,basal,6,1200.0,525.0,1.0,35.0,13,29,10310,4,1.0
98,0.0,1.0,5.8179998,1.0,5.0,7,154.6118868337259,154.6118868337259,pobre,basal,6,1200.0,525.0,1.0,35.0,14,29,10310,4,1.0
97,0.0,1.0,5.8179998,1.0,3.0,7,154.6118868337259,154.6118868337259,pobre,basal,6,1200.0,525.0,1.0,35.0,8,29,10311,3,1.0
98,0.0,1.0,5.8179998,1.0,3.0,7,154.6118868337259,154.6118868337259,pobre,basal,6,1200.0,525.0,1.0,35.0,9,29,10311,3,1.0
97,1.0,1.0,5.8179998,0.0,5.0,12,154.6118868337259,154.6118868337259,pobre,basal,0,1200.0,509.0,1.0,49.0,15,29,10312,5,0.0
98,1.0,1.0,5.8179998,,,12,154.6118868337259,154.6118868337259,pobre,basal,0,1200.0,509.0,1.0,49.0,16,29,10312,5,0.0
97,0.0,1.0,5.8179998,1.0,0.0,12,154.6118868337259,154.6118868337259,pobre,basal,0,1200.0,509.0,1.0,49.0,6,29,10313,0,1.0
98,0.0,1.0,5.8179998,,,12,154.6118868337259,154.6118868337259,pobre,basal,0,1200.0,509.0,1.0,49.0,7,29,10313,0,1.0
97,0.0,1.0,5.8179998,1.0,0.0,12,154.6118868337259,154.6118868337259,pobre,basal,0,1200.0,509.0,1.0,49.0,6,29,10314,0,1.0
98,0.0,1.0,5.8179998,1.0,0.0,12,154.6118868337259,154.6118868337259,pobre,basal,0,1200.0,509.0,1.0,49.0,7,29,10314,0,1.0
97,1.0,1.0,5.8179998,0.0,2.0,6,154.6118868337259,154.6118868337259,pobre,basal,0,0.0,546.0,0.0,65.0,10,29,10315,2,0.0
98,1.0,1.0,5.8179998,1.0,2.0,6,154.6118868337259,154.6118868337259,pobre,basal,0,0.0,546.0,0.0,65.0,11,29,10315,2,0.0
97,1.0,1.0,5.8179998,,0.0,6,154.6118868337259,154.6118868337259,pobre,basal,0,0.0,546.0,0.0,65.0,8,29,10316,0,
98,1.0,1.0,5.8179998,1.0,2.0,6,154.6118868337259,154.6118868337259,pobre,basal,0,0.0,546.0,0.0,65.0,9,29,10316,0,
97,0.0,1.0,5.8179998,,0.0,6,154.6118868337259,154.6118868337259,pobre,basal,0,0.0,546.0,0.0,65.0,6,29,10317,0,
98,0.0,1.0,5.8179998,1.0,2.0,6,154.6118868337259,154.6118868337259,pobre,basal,0,0.0,546.0,0.0,65.0,7,29,10317,0,
97,1.0,1.0,5.8179998,1.0,3.0,10,154.6118868337259,154.6118868337259,pobre,basal,0,0.0,575.5,1.0,77.0,12,29,10318,3,1.0
98,1.0,1.0,5.8179998,1.0,4.0,10,154.6118868337259,154.6118868337259,pobre,basal,0,0.0,575.5,1.0,77.0,13,29,10318,3,1.0
97,0.0,1.0,5.8179998,1.0,2.0,10,154.6118868337259,154.6118868337259,pobre,basal,0,0.0,575.5,1.0,77.0,8,29,10319,2,1.0
98,0.0,1.0,5.8179998,1.0,2.0,10,154.6118868337259,154.6118868337259,pobre,basal,0,0.0,575.5,1.0,77.0,9,29,10319,2,1.0
97,1.0,1.0,5.8179998,1.0,0.0,10,154.6118868337259,154.6118868337259,pobre,basal,0,0.0,575.5,1.0,77.0,6,29,10320,0,1.0
98,1.0,1.0,5.8179998,1.0,0.0,10,154.6118868337259,154.6118868337259,pobre,basal,0,0.0,575.5,1.0,77.0,7,29,10320,0,1.0
97,1.0,1.0,5.8179998,1.0,3.0,8,154.6118868337259,154.6118868337259,pobre,basal,0,250.0,561.66998,1.0,40.0,15,29,10321,3,1.0
98,1.0,1.0,5.8179998,1.0,4.0,8,154.6118868337259,154.6118868337259,pobre,basal,0,250.0,561.66998,1.0,40.0,16,29,10321,3,1.0
97,0.0,1.0,5.8179998,1.0,2.0,8,154.6118868337259,154.6118868337259,pobre,basal,0,250.0,561.66998,1.0,40.0,12,29,10322,2,1.0
98,0.0,1.0,5.8179998,1.0,3.0,8,154.6118868337259,154.6118868337259,pobre,basal,0,250.0,561.66998,1.0,40.0,13,29,10322,2,1.0
97,1.0,1.0,5.8179998,1.0,1.0,8,154.6118868337259,154.6118868337259,pobre,basal,0,250.0,561.66998,1.0,40.0,9,29,10323,1,1.0
98,1.0,1.0,5.8179998,1.0,2.0,8,154.6118868337259,154.6118868337259,pobre,basal,0,250.0,561.66998,1.0,40.0,10,29,10323,1,1.0
97,1.0,1.0,5.8179998,1.0,0.0,8,154.6118868337259,154.6118868337259,pobre,basal,0,250.0,561.66998,1.0,40.0,7,29,10324,0,1.0
98,1.0,1.0,5.8179998,1.0,1.0,8,154.6118868337259,154.6118868337259,pobre,basal,0,250.0,561.66998,1.0,40.0,8,29,10324,0,1.0
97,0.0,1.0,5.8179998,1.0,0.0,7,154.6118868337259,154.6118868337259,pobre,basal,0,0.0,621.25,1.0,50.0,8,29,10325,0,1.0
98,0.0,1.0,5.8179998,1.0,1.0,7,154.6118868337259,154.6118868337259,pobre,basal,0,0.0,621.25,1.0,50.0,9,29,10325,0,1.0
97,1.0,1.0,5.8179998,1.0,0.0,7,154.6118868337259,154.6118868337259,pobre,basal,0,0.0,621.25,1.0,50.0,6,29,10326,0,1.0
98,1.0,1.0,5.8179998,1.0,0.0,7,154.6118868337259,154.6118868337259,pobre,basal,0,0.0,621.25,1.0,50.0,7,29,10326,0,1.0
97,0.0,1.0,5.8179998,0.0,4.0,3,154.6118868337259,154.6118868337259,pobre,basal,0,0.0,653.0,1.0,60.0,14,29,10327,4,0.0
98,0.0,1.0,5.8179998,1.0,5.0,3,154.6118868337259,154.6118868337259,pobre,basal,0,0.0,653.0,1.0,60.0,15,29,10327,4,0.0
97,1.0,1.0,5.8179998,1.0,5.0,7,154.6118868337259,154.6118868337259,pobre,basal,3,0.0,571.5,1.0,45.0,11,29,10328,5,1.0
98,1.0,1.0,5.8179998,1.0,6.0,7,154.6118868337259,154.6118868337259,pobre,basal,3,0.0,571.5,1.0,45.0,12,29,10328,5,1.0
97,0.0,1.0,5.8179998,1.0,3.0,7,154.6118868337259,154.6118868337259,pobre,basal,3,0.0,571.5,1.0,45.0,9,29,10329,3,1.0
98,0.0,1.0,5.8179998,1.0,4.0,7,154.6118868337259,154.6118868337259,pobre,basal,3,0.0,571.5,1.0,45.0,10,29,10329,3,1.0
97,0.0,1.0,5.8179998,1.0,1.0,7,154.6118868337259,154.6118868337259,pobre,basal,3,0.0,571.5,1.0,45.0,6,29,10330,1,1.0
98,0.0,1.0,5.8179998,1.0,1.0,7,154.6118868337259,154.6118868337259,pobre,basal,3,0.0,571.5,1.0,45.0,7,29,10330,1,1.0
97,1.0,1.0,5.8179998,1.0,3.0,9,154.6118868337259,154.6118868337259,pobre,basal,2,0.0,629.75,1.0,50.0,16,29,10331,3,1.0
98,1.0,1.0,5.8179998,1.0,4.0,9,154.6118868337259,154.6118868337259,pobre,basal,2,0.0,629.75,1.0,50.0,17,29,10331,3,1.0
97,1.0,1.0,5.8179998,1.0,3.0,9,154.6118868337259,154.6118868337259,pobre,basal,2,0.0,629.75,1.0,50.0,12,29,10332,3,1.0
98,1.0,1.0,5.8179998,1.0,4.0,9,154.6118868337259,154.6118868337259,pobre,basal,2,0.0,629.75,1.0,50.0,13,29,10332,3,1.0
97,1.0,1.0,5.8179998,1.0,2.0,9,154.6118868337259,154.6118868337259,pobre,basal,2,0.0,629.75,1.0,50.0,10,29,10333,2,1.0
98,1.0,1.0,5.8179998,1.0,3.0,9,154.6118868337259,154.6118868337259,pobre,basal,2,0.0,629.75,1.0,50.0,11,29,10333,2,1.0
97,0.0,0.0,4.0949998,0.0,6.0,8,35.15315851608145,91.6906197704768,pobre,0,2,750.0,525.0,1.0,45.0,14,493,10334,6,0.0
98,0.0,0.0,4.0949998,0.0,6.0,8,35.15315851608145,91.6906197704768,pobre,0,2,750.0,525.0,1.0,45.0,15,493,10334,6,0.0
97,1.0,0.0,4.0949998,0.0,6.0,8,35.15315851608145,91.6906197704768,pobre,0,2,750.0,525.0,1.0,45.0,12,493,10335,6,0.0
98,1.0,0.0,4.0949998,0.0,6.0,8,35.15315851608145,91.6906197704768,pobre,0,2,750.0,525.0,1.0,45.0,13,493,10335,6,0.0
97,1.0,0.0,4.0949998,1.0,4.0,8,35.15315851608145,91.6906197704768,pobre,0,2,750.0,525.0,1.0,45.0,10,493,10336,4,1.0
98,1.0,0.0,4.0949998,1.0,4.0,8,35.15315851608145,91.6906197704768,pobre,0,2,750.0,525.0,1.0,45.0,11,493,10336,4,1.0
97,0.0,0.0,4.0949998,,0.0,8,35.15315851608145,91.6906197704768,pobre,0,2,750.0,525.0,1.0,45.0,6,493,10337,0,
98,0.0,0.0,4.0949998,,,8,35.15315851608145,91.6906197704768,pobre,0,2,750.0,525.0,1.0,45.0,7,493,10337,0,
97,1.0,0.0,4.0949998,0.0,4.0,12,35.15315851608145,91.6906197704768,pobre,0,3,375.0,746.0,1.0,34.0,14,493,10338,4,0.0
98,1.0,0.0,4.0949998,0.0,4.0,12,35.15315851608145,91.6906197704768,pobre,0,3,375.0,746.0,1.0,34.0,15,493,10338,4,0.0
97,0.0,0.0,4.0949998,0.0,5.0,12,35.15315851608145,91.6906197704768,pobre,0,3,375.0,746.0,1.0,34.0,13,493,10339,5,0.0
98,0.0,0.0,4.0949998,0.0,5.0,12,35.15315851608145,91.6906197704768,pobre,0,3,375.0,746.0,1.0,34.0,14,493,10339,5,0.0
97,0.0,0.0,4.0949998,1.0,5.0,12,35.15315851608145,91.6906197704768,pobre,0,3,375.0,746.0,1.0,34.0,11,493,10340,5,1.0
98,0.0,0.0,4.0949998,0.0,6.0,12,35.15315851608145,91.6906197704768,pobre,0,3,375.0,746.0,1.0,34.0,12,493,10340,5,1.0
97,1.0,0.0,4.0949998,0.0,3.0,12,35.15315851608145,91.6906197704768,pobre,0,3,375.0,746.0,1.0,34.0,10,493,10341,3,0.0
98,1.0,0.0,4.0949998,0.0,3.0,12,35.15315851608145,91.6906197704768,pobre,0,3,375.0,746.0,1.0,34.0,11,493,10341,3,0.0
97,0.0,0.0,4.0949998,1.0,2.0,12,35.15315851608145,91.6906197704768,pobre,0,3,375.0,746.0,1.0,34.0,8,493,10342,2,1.0
98,0.0,0.0,4.0949998,1.0,2.0,12,35.15315851608145,91.6906197704768,pobre,0,3,375.0,746.0,1.0,34.0,9,493,10342,2,1.0
97,1.0,0.0,4.0949998,1.0,0.0,12,35.15315851608145,91.6906197704768,pobre,0,3,375.0,746.0,1.0,34.0,7,493,10343,0,1.0
98,1.0,0.0,4.0949998,1.0,1.0,12,35.15315851608145,91.6906197704768,pobre,0,3,375.0,746.0,1.0,34.0,8,493,10343,0,1.0
97,0.0,0.0,4.0949998,0.0,6.0,5,35.15315851608145,91.6906197704768,pobre,0,0,500.0,653.0,1.0,49.0,13,493,10344,6,0.0
98,0.0,0.0,4.0949998,0.0,6.0,5,35.15315851608145,91.6906197704768,pobre,0,0,500.0,653.0,1.0,49.0,14,493,10344,6,0.0
97,1.0,0.0,4.0949998,1.0,0.0,5,35.15315851608145,91.6906197704768,pobre,0,0,500.0,653.0,1.0,49.0,6,493,10345,0,1.0
98,1.0,0.0,4.0949998,1.0,1.0,5,35.15315851608145,91.6906197704768,pobre,0,0,500.0,653.0,1.0,49.0,7,493,10345,0,1.0
97,0.0,0.0,4.0949998,0.0,6.0,11,35.15315851608145,91.6906197704768,pobre,0,2,375.0,515.0,1.0,42.0,16,493,10346,6,0.0
98,0.0,0.0,4.0949998,,,11,35.15315851608145,91.6906197704768,pobre,0,2,375.0,515.0,1.0,42.0,17,493,10346,6,0.0
97,1.0,0.0,4.0949998,0.0,6.0,11,35.15315851608145,91.6906197704768,pobre,0,2,375.0,515.0,1.0,42.0,13,493,10347,6,0.0
98,1.0,0.0,4.0949998,1.0,2.0,11,35.15315851608145,91.6906197704768,pobre,0,2,375.0,515.0,1.0,42.0,14,493,10347,6,0.0
97,0.0,0.0,4.0949998,1.0,5.0,11,35.15315851608145,91.6906197704768,pobre,0,2,375.0,515.0,1.0,42.0,11,493,10348,5,1.0
98,0.0,0.0,4.0949998,0.0,6.0,11,35.15315851608145,91.6906197704768,pobre,0,2,375.0,515.0,1.0,42.0,12,493,10348,5,1.0
97,1.0,0.0,4.0949998,1.0,3.0,11,35.15315851608145,91.6906197704768,pobre,0,2,375.0,515.0,1.0,42.0,9,493,10349,3,1.0
98,1.0,0.0,4.0949998,1.0,4.0,11,35.15315851608145,91.6906197704768,pobre,0,2,375.0,515.0,1.0,42.0,10,493,10349,3,1.0
97,0.0,0.0,4.0949998,1.0,1.0,11,35.15315851608145,91.6906197704768,pobre,0,2,375.0,515.0,1.0,42.0,7,493,10350,1,1.0
98,0.0,0.0,4.0949998,1.0,2.0,11,35.15315851608145,91.6906197704768,pobre,0,2,375.0,515.0,1.0,42.0,8,493,10350,1,1.0
97,1.0,0.0,4.0949998,1.0,4.0,8,35.15315851608145,91.6906197704768,pobre,0,1,500.0,567.0,1.0,42.0,14,493,10351,4,1.0
98,1.0,0.0,4.0949998,1.0,5.0,8,35.15315851608145,91.6906197704768,pobre,0,1,500.0,567.0,1.0,42.0,15,493,10351,4,1.0
97,1.0,0.0,4.0949998,1.0,4.0,8,35.15315851608145,91.6906197704768,pobre,0,1,500.0,567.0,1.0,42.0,11,493,10352,4,1.0
98,1.0,0.0,4.0949998,1.0,5.0,8,35.15315851608145,91.6906197704768,pobre,0,1,500.0,567.0,1.0,42.0,12,493,10352,4,1.0
97,0.0,0.0,4.0949998,1.0,4.0,8,35.15315851608145,91.6906197704768,pobre,0,1,500.0,567.0,1.0,42.0,10,493,10353,4,1.0
98,0.0,0.0,4.0949998,1.0,5.0,8,35.15315851608145,91.6906197704768,pobre,0,1,500.0,567.0,1.0,42.0,11,493,10353,4,1.0
97,1.0,0.0,4.0949998,1.0,2.0,8,35.15315851608145,91.6906197704768,pobre,0,1,500.0,567.0,1.0,42.0,9,493,10354,2,1.0
98,1.0,0.0,4.0949998,1.0,3.0,8,35.15315851608145,91.6906197704768,pobre,0,1,500.0,567.0,1.0,42.0,10,493,10354,2,1.0
97,1.0,0.0,4.0949998,1.0,1.0,8,35.15315851608145,91.6906197704768,pobre,0,1,500.0,567.0,1.0,42.0,7,493,10355,1,1.0
98,1.0,0.0,4.0949998,1.0,1.0,8,35.15315851608145,91.6906197704768,pobre,0,1,500.0,567.0,1.0,42.0,8,493,10355,1,1.0
97,1.0,0.0,4.0949998,0.0,6.0,6,35.15315851608145,91.6906197704768,pobre,0,3,750.0,537.0,1.0,42.0,15,493,10356,6,0.0
98,1.0,0.0,4.0949998,,,6,35.15315851608145,91.6906197704768,pobre,0,3,750.0,537.0,1.0,42.0,16,493,10356,6,0.0
97,1.0,0.0,4.0949998,1.0,5.0,6,35.15315851608145,91.6906197704768,pobre,0,3,750.0,537.0,1.0,42.0,13,493,10357,5,1.0
98,1.0,0.0,4.0949998,,,6,35.15315851608145,91.6906197704768,pobre,0,3,750.0,537.0,1.0,42.0,14,493,10357,5,1.0
97,0.0,0.0,4.0949998,1.0,5.0,6,35.15315851608145,91.6906197704768,pobre,0,3,750.0,537.0,1.0,42.0,11,493,10358,5,1.0
98,0.0,0.0,4.0949998,,,6,35.15315851608145,91.6906197704768,pobre,0,3,750.0,537.0,1.0,42.0,12,493,10358,5,1.0
97,0.0,0.0,4.0949998,1.0,1.0,6,35.15315851608145,91.6906197704768,pobre,0,3,750.0,537.0,1.0,42.0,6,493,10359,1,1.0
98,0.0,0.0,4.0949998,,,6,35.15315851608145,91.6906197704768,pobre,0,3,750.0,537.0,1.0,42.0,7,493,10359,1,1.0
97,1.0,0.0,4.0949998,1.0,2.0,4,35.15315851608145,91.6906197704768,pobre,0,3,375.0,706.0,1.0,52.0,8,493,10360,2,1.0
98,1.0,0.0,4.0949998,1.0,2.0,4,35.15315851608145,91.6906197704768,pobre,0,3,375.0,706.0,1.0,52.0,9,493,10360,2,1.0
97,0.0,0.0,4.0949998,1.0,5.0,4,35.15315851608145,91.6906197704768,pobre,0,2,625.0,726.0,1.0,34.0,11,493,10361,5,1.0
98,0.0,0.0,4.0949998,0.0,6.0,4,35.15315851608145,91.6906197704768,pobre,0,2,625.0,726.0,1.0,34.0,12,493,10361,5,1.0
97,1.0,0.0,4.0949998,1.0,1.0,4,35.15315851608145,91.6906197704768,pobre,0,2,625.0,726.0,1.0,34.0,6,493,10362,1,1.0
98,1.0,0.0,4.0949998,1.0,1.0,4,35.15315851608145,91.6906197704768,pobre,0,2,625.0,726.0,1.0,34.0,7,493,10362,1,1.0
97,0.0,0.0,4.0949998,1.0,2.0,6,35.15315851608145,91.6906197704768,pobre,0,5,375.0,516.45001,1.0,38.0,8,493,10363,2,1.0
98,0.0,0.0,4.0949998,,,6,35.15315851608145,91.6906197704768,pobre,0,5,375.0,516.45001,1.0,38.0,9,493,10363,2,1.0
97,0.0,0.0,4.0949998,0.0,4.0,8,35.15315851608145,91.6906197704768,pobre,0,0,500.0,724.0,1.0,45.0,16,493,10364,4,0.0
98,0.0,0.0,4.0949998,0.0,4.0,8,35.15315851608145,91.6906197704768,pobre,0,0,500.0,724.0,1.0,45.0,17,493,10364,4,0.0
97,1.0,0.0,4.0949998,0.0,4.0,8,35.15315851608145,91.6906197704768,pobre,0,0,500.0,724.0,1.0,45.0,15,493,10365,4,0.0
98,1.0,0.0,4.0949998,0.0,4.0,8,35.15315851608145,91.6906197704768,pobre,0,0,500.0,724.0,1.0,45.0,16,493,10365,4,0.0
97,0.0,0.0,4.0949998,1.0,3.0,8,35.15315851608145,91.6906197704768,pobre,0,0,500.0,724.0,1.0,45.0,10,493,10366,3,1.0
98,0.0,0.0,4.0949998,1.0,4.0,8,35.15315851608145,91.6906197704768,pobre,0,0,500.0,724.0,1.0,45.0,11,493,10366,3,1.0
97,1.0,0.0,4.0949998,0.0,3.0,10,35.15315851608145,91.6906197704768,pobre,0,2,500.0,675.0,1.0,44.0,12,493,10367,3,0.0
98,1.0,0.0,4.0949998,0.0,3.0,10,35.15315851608145,91.6906197704768,pobre,0,2,500.0,675.0,1.0,44.0,13,493,10367,3,0.0
97,1.0,0.0,4.0949998,1.0,3.0,10,35.15315851608145,91.6906197704768,pobre,0,2,500.0,675.0,1.0,44.0,9,493,10368,3,1.0
98,1.0,0.0,4.0949998,1.0,4.0,10,35.15315851608145,91.6906197704768,pobre,0,2,500.0,675.0,1.0,44.0,10,493,10368,3,1.0
97,1.0,0.0,4.0949998,1.0,1.0,10,35.15315851608145,91.6906197704768,pobre,0,2,500.0,675.0,1.0,44.0,8,493,10369,1,1.0
98,1.0,0.0,4.0949998,1.0,2.0,10,35.15315851608145,91.6906197704768,pobre,0,2,500.0,675.0,1.0,44.0,9,493,10369,1,1.0
97,1.0,0.0,4.0949998,,0.0,10,35.15315851608145,91.6906197704768,pobre,0,2,500.0,675.0,1.0,44.0,6,493,10370,0,
98,1.0,0.0,4.0949998,1.0,1.0,10,35.15315851608145,91.6906197704768,pobre,0,2,500.0,675.0,1.0,44.0,7,493,10370,0,
97,0.0,0.0,4.0949998,1.0,1.0,4,35.15315851608145,91.6906197704768,pobre,0,4,500.0,580.0,1.0,24.0,6,493,10371,1,1.0
98,0.0,0.0,4.0949998,1.0,1.0,4,35.15315851608145,91.6906197704768,pobre,0,4,500.0,580.0,1.0,24.0,7,493,10371,1,1.0
97,1.0,0.0,4.0949998,0.0,6.0,6,35.15315851608145,91.6906197704768,pobre,0,4,375.0,653.0,1.0,49.0,16,493,10372,6,0.0
98,1.0,0.0,4.0949998,,,6,35.15315851608145,91.6906197704768,pobre,0,4,375.0,653.0,1.0,49.0,17,493,10372,6,0.0
97,0.0,0.0,4.0949998,0.0,6.0,6,35.15315851608145,91.6906197704768,pobre,0,4,375.0,653.0,1.0,49.0,15,493,10373,6,0.0
98,0.0,0.0,4.0949998,0.0,6.0,6,35.15315851608145,91.6906197704768,pobre,0,4,375.0,653.0,1.0,49.0,16,493,10373,6,0.0
97,1.0,0.0,4.0949998,1.0,2.0,6,35.15315851608145,91.6906197704768,pobre,0,4,375.0,653.0,1.0,49.0,9,493,10374,2,1.0
98,1.0,0.0,4.0949998,1.0,3.0,6,35.15315851608145,91.6906197704768,pobre,0,4,375.0,653.0,1.0,49.0,10,493,10374,2,1.0
97,1.0,0.0,4.0949998,0.0,6.0,5,35.15315851608145,91.6906197704768,pobre,0,2,375.0,634.0,1.0,54.0,16,493,10375,6,0.0
98,1.0,0.0,4.0949998,,,5,35.15315851608145,91.6906197704768,pobre,0,2,375.0,634.0,1.0,54.0,17,493,10375,6,0.0
97,0.0,0.0,4.0949998,,0.0,5,35.15315851608145,91.6906197704768,pobre,0,2,375.0,634.0,1.0,54.0,14,493,10376,0,
98,0.0,0.0,4.0949998,0.0,2.0,5,35.15315851608145,91.6906197704768,pobre,0,2,375.0,634.0,1.0,54.0,15,493,10376,0,
97,1.0,0.0,4.0949998,1.0,2.0,5,35.15315851608145,91.6906197704768,pobre,0,2,375.0,634.0,1.0,54.0,8,493,10377,2,1.0
98,1.0,0.0,4.0949998,1.0,3.0,5,35.15315851608145,91.6906197704768,pobre,0,2,375.0,634.0,1.0,54.0,9,493,10377,2,1.0
97,0.0,0.0,4.0949998,1.0,5.0,7,35.15315851608145,91.6906197704768,pobre,0,4,1250.0,582.0,1.0,30.0,11,493,10378,5,1.0
98,0.0,0.0,4.0949998,0.0,6.0,7,35.15315851608145,91.6906197704768,pobre,0,4,1250.0,582.0,1.0,30.0,12,493,10378,5,1.0
97,0.0,0.0,4.0949998,1.0,4.0,7,35.15315851608145,91.6906197704768,pobre,0,4,1250.0,582.0,1.0,30.0,10,493,10379,4,1.0
98,0.0,0.0,4.0949998,1.0,5.0,7,35.15315851608145,91.6906197704768,pobre,0,4,1250.0,582.0,1.0,30.0,11,493,10379,4,1.0
97,0.0,0.0,4.0949998,1.0,2.0,7,35.15315851608145,91.6906197704768,pobre,0,4,1250.0,582.0,1.0,30.0,8,493,10380,2,1.0
98,0.0,0.0,4.0949998,1.0,3.0,7,35.15315851608145,91.6906197704768,pobre,0,4,1250.0,582.0,1.0,30.0,9,493,10380,2,1.0
97,0.0,0.0,4.0949998,1.0,0.0,7,35.15315851608145,91.6906197704768,pobre,0,4,1250.0,582.0,1.0,30.0,6,493,10381,0,1.0
98,0.0,0.0,4.0949998,1.0,1.0,7,35.15315851608145,91.6906197704768,pobre,0,4,1250.0,582.0,1.0,30.0,7,493,10381,0,1.0
97,1.0,0.0,4.0949998,1.0,4.0,9,35.15315851608145,91.6906197704768,pobre,0,2,375.0,412.0,1.0,33.0,13,493,10382,4,1.0
98,1.0,0.0,4.0949998,1.0,5.0,9,35.15315851608145,91.6906197704768,pobre,0,2,375.0,412.0,1.0,33.0,14,493,10382,4,1.0
97,0.0,0.0,4.0949998,1.0,4.0,9,35.15315851608145,91.6906197704768,pobre,0,2,375.0,412.0,1.0,33.0,12,493,10383,4,1.0
98,0.0,0.0,4.0949998,1.0,5.0,9,35.15315851608145,91.6906197704768,pobre,0,2,375.0,412.0,1.0,33.0,13,493,10383,4,1.0
97,1.0,0.0,4.0949998,1.0,2.0,9,35.15315851608145,91.6906197704768,pobre,0,2,375.0,412.0,1.0,33.0,10,493,10384,2,1.0
98,1.0,0.0,4.0949998,1.0,2.0,9,35.15315851608145,91.6906197704768,pobre,0,2,375.0,412.0,1.0,33.0,11,493,10384,2,1.0
97,0.0,0.0,4.0949998,1.0,2.0,9,35.15315851608145,91.6906197704768,pobre,0,2,375.0,412.0,1.0,33.0,8,493,10385,2,1.0
98,0.0,0.0,4.0949998,1.0,3.0,9,35.15315851608145,91.6906197704768,pobre,0,2,375.0,412.0,1.0,33.0,9,493,10385,2,1.0
97,0.0,0.0,4.0949998,1.0,0.0,9,35.15315851608145,91.6906197704768,pobre,0,2,375.0,412.0,1.0,33.0,6,493,10386,0,1.0
98,0.0,0.0,4.0949998,1.0,1.0,9,35.15315851608145,91.6906197704768,pobre,0,2,375.0,412.0,1.0,33.0,7,493,10386,0,1.0
97,1.0,0.0,4.0949998,0.0,4.0,8,35.15315851608145,91.6906197704768,pobre,0,2,0.0,589.0,1.0,63.0,14,493,10387,4,0.0
98,1.0,0.0,4.0949998,0.0,4.0,8,35.15315851608145,91.6906197704768,pobre,0,2,0.0,589.0,1.0,63.0,15,493,10387,4,0.0
97,1.0,0.0,4.0949998,1.0,2.0,7,35.15315851608145,91.6906197704768,pobre,0,3,375.0,491.0,1.0,37.0,8,493,10388,2,1.0
98,1.0,0.0,4.0949998,1.0,3.0,7,35.15315851608145,91.6906197704768,pobre,0,3,375.0,491.0,1.0,37.0,9,493,10388,2,1.0
97,1.0,0.0,4.0949998,,0.0,7,35.15315851608145,91.6906197704768,pobre,0,3,375.0,491.0,1.0,37.0,6,493,10389,0,
98,1.0,0.0,4.0949998,1.0,1.0,7,35.15315851608145,91.6906197704768,pobre,0,3,375.0,491.0,1.0,37.0,7,493,10389,0,
97,1.0,0.0,4.0949998,1.0,8.0,5,35.15315851608145,91.6906197704768,pobre,0,1,375.0,647.0,1.0,45.0,14,493,10390,8,1.0
98,1.0,0.0,4.0949998,0.0,9.0,5,35.15315851608145,91.6906197704768,pobre,0,1,375.0,647.0,1.0,45.0,15,493,10390,8,1.0
97,1.0,0.0,2.6259999,1.0,1.0,5,32.32037214087291,81.1878440033276,pobre,0,3,625.0,644.0,1.0,29.0,8,456,10391,1,1.0
98,1.0,0.0,2.6259999,,2.0,5,32.32037214087291,81.1878440033276,pobre,0,3,625.0,644.0,1.0,29.0,9,456,10391,1,1.0
97,1.0,0.0,2.6259999,1.0,0.0,5,32.32037214087291,81.1878440033276,pobre,0,3,625.0,644.0,1.0,29.0,6,456,10392,0,1.0
98,1.0,0.0,2.6259999,1.0,0.0,5,32.32037214087291,81.1878440033276,pobre,0,3,625.0,644.0,1.0,29.0,7,456,10392,0,1.0
97,0.0,0.0,2.6259999,0.0,3.0,9,32.32037214087291,81.1878440033276,pobre,0,6,0.0,769.0,0.0,37.0,14,456,10393,3,0.0
98,0.0,0.0,2.6259999,0.0,3.0,9,32.32037214087291,81.1878440033276,pobre,0,6,0.0,769.0,0.0,37.0,15,456,10393,3,0.0
97,1.0,0.0,2.6259999,1.0,5.0,9,32.32037214087291,81.1878440033276,pobre,0,6,0.0,769.0,0.0,37.0,12,456,10394,5,1.0
98,1.0,0.0,2.6259999,1.0,6.0,9,32.32037214087291,81.1878440033276,pobre,0,6,0.0,769.0,0.0,37.0,13,456,10394,5,1.0
97,0.0,0.0,2.6259999,1.0,1.0,9,32.32037214087291,81.1878440033276,pobre,0,6,0.0,769.0,0.0,37.0,10,456,10395,1,1.0
98,0.0,0.0,2.6259999,1.0,1.0,9,32.32037214087291,81.1878440033276,pobre,0,6,0.0,769.0,0.0,37.0,11,456,10395,1,1.0
97,0.0,0.0,2.6259999,1.0,0.0,9,32.32037214087291,81.1878440033276,pobre,0,6,0.0,769.0,0.0,37.0,9,456,10396,0,1.0
98,0.0,0.0,2.6259999,1.0,1.0,9,32.32037214087291,81.1878440033276,pobre,0,6,0.0,769.0,0.0,37.0,10,456,10396,0,1.0
97,0.0,0.0,2.6259999,1.0,0.0,9,32.32037214087291,81.1878440033276,pobre,0,6,0.0,769.0,0.0,37.0,6,456,10397,0,1.0
98,0.0,0.0,2.6259999,1.0,0.0,9,32.32037214087291,81.1878440033276,pobre,0,6,0.0,769.0,0.0,37.0,7,456,10397,0,1.0
97,1.0,0.0,2.6259999,1.0,7.0,5,32.32037214087291,81.1878440033276,no pobre,0,1,625.0,921.0,1.0,45.0,14,456,10398,7,1.0
98,1.0,0.0,2.6259999,1.0,8.0,5,32.32037214087291,81.1878440033276,no pobre,0,1,625.0,921.0,1.0,45.0,15,456,10398,7,1.0
97,1.0,0.0,2.6259999,1.0,5.0,5,32.32037214087291,81.1878440033276,no pobre,0,1,625.0,921.0,1.0,45.0,12,456,10399,5,1.0
98,1.0,0.0,2.6259999,1.0,6.0,5,32.32037214087291,81.1878440033276,no pobre,0,1,625.0,921.0,1.0,45.0,13,456,10399,5,1.0
97,0.0,0.0,2.6259999,1.0,4.0,5,32.32037214087291,81.1878440033276,no pobre,0,1,625.0,921.0,1.0,45.0,10,456,10400,4,1.0
98,0.0,0.0,2.6259999,1.0,5.0,5,32.32037214087291,81.1878440033276,no pobre,0,1,625.0,921.0,1.0,45.0,11,456,10400,4,1.0
97,0.0,0.0,2.6259999,0.0,3.0,9,32.32037214087291,81.1878440033276,pobre,0,4,600.0,702.0,1.0,38.0,15,456,10401,3,0.0
98,0.0,0.0,2.6259999,1.0,2.0,9,32.32037214087291,81.1878440033276,pobre,0,4,600.0,702.0,1.0,38.0,16,456,10401,3,0.0
97,0.0,0.0,2.6259999,0.0,2.0,9,32.32037214087291,81.1878440033276,pobre,0,4,600.0,702.0,1.0,38.0,13,456,10402,2,0.0
98,0.0,0.0,2.6259999,0.0,2.0,9,32.32037214087291,81.1878440033276,pobre,0,4,600.0,702.0,1.0,38.0,14,456,10402,2,0.0
97,1.0,0.0,2.6259999,0.0,2.0,9,32.32037214087291,81.1878440033276,pobre,0,4,600.0,702.0,1.0,38.0,12,456,10403,2,0.0
98,1.0,0.0,2.6259999,0.0,2.0,9,32.32037214087291,81.1878440033276,pobre,0,4,600.0,702.0,1.0,38.0,13,456,10403,2,0.0
97,1.0,0.0,2.6259999,1.0,0.0,9,32.32037214087291,81.1878440033276,pobre,0,4,600.0,702.0,1.0,38.0,6,456,10404,0,1.0
98,1.0,0.0,2.6259999,1.0,0.0,9,32.32037214087291,81.1878440033276,pobre,0,4,600.0,702.0,1.0,38.0,7,456,10404,0,1.0
97,1.0,0.0,3.207,1.0,2.0,5,56.7887357885249,102.6315526385063,pobre,basal,2,480.0,679.0,1.0,49.0,9,490,10405,2,1.0
98,1.0,0.0,3.207,1.0,3.0,5,56.7887357885249,102.6315526385063,pobre,basal,2,480.0,679.0,1.0,49.0,10,490,10405,2,1.0
97,0.0,0.0,3.207,,0.0,5,56.7887357885249,102.6315526385063,no pobre,basal,5,600.0,811.0,1.0,51.0,15,490,10406,0,
98,0.0,0.0,3.207,,,5,56.7887357885249,102.6315526385063,no pobre,basal,5,600.0,811.0,1.0,51.0,16,490,10406,0,
97,0.0,0.0,3.207,1.0,2.0,5,56.7887357885249,102.6315526385063,no pobre,basal,5,600.0,811.0,1.0,51.0,10,490,10407,2,1.0
98,0.0,0.0,3.207,1.0,1.0,5,56.7887357885249,102.6315526385063,no pobre,basal,5,600.0,811.0,1.0,51.0,11,490,10407,2,1.0
97,1.0,0.0,3.207,1.0,1.0,5,56.7887357885249,102.6315526385063,no pobre,basal,12,1600.0,1070.0,1.0,31.0,7,490,10408,1,1.0
98,1.0,0.0,3.207,1.0,2.0,5,56.7887357885249,102.6315526385063,no pobre,basal,12,1600.0,1070.0,1.0,31.0,8,490,10408,1,1.0
97,0.0,0.0,3.207,1.0,2.0,4,56.7887357885249,102.6315526385063,no pobre,basal,6,0.0,856.0,1.0,84.0,9,490,10409,2,1.0
98,0.0,0.0,3.207,1.0,3.0,4,56.7887357885249,102.6315526385063,no pobre,basal,6,0.0,856.0,1.0,84.0,10,490,10409,2,1.0
97,1.0,0.0,3.207,0.0,2.0,5,56.7887357885249,102.6315526385063,no pobre,basal,2,480.0,842.0,1.0,45.0,16,490,10410,2,0.0
98,1.0,0.0,3.207,,,5,56.7887357885249,102.6315526385063,no pobre,basal,2,480.0,842.0,1.0,45.0,17,490,10410,2,0.0
97,0.0,0.0,3.207,1.0,7.0,5,56.7887357885249,102.6315526385063,no pobre,basal,2,480.0,842.0,1.0,45.0,13,490,10411,7,1.0
98,0.0,0.0,3.207,1.0,8.0,5,56.7887357885249,102.6315526385063,no pobre,basal,2,480.0,842.0,1.0,45.0,14,490,10411,7,1.0
97,1.0,0.0,3.207,1.0,10.0,5,56.7887357885249,102.6315526385063,no pobre,basal,13,4166.6665,1105.0,1.0,42.0,14,490,10412,10,1.0
98,1.0,0.0,3.207,1.0,1.0,5,56.7887357885249,102.6315526385063,no pobre,basal,13,4166.6665,1105.0,1.0,42.0,15,490,10412,10,1.0
97,1.0,0.0,3.207,1.0,4.0,5,56.7887357885249,102.6315526385063,no pobre,basal,13,4166.6665,1105.0,1.0,42.0,9,490,10413,4,1.0
98,1.0,0.0,3.207,1.0,5.0,5,56.7887357885249,102.6315526385063,no pobre,basal,13,4166.6665,1105.0,1.0,42.0,10,490,10413,4,1.0
97,0.0,0.0,3.207,1.0,5.0,4,56.7887357885249,102.6315526385063,no pobre,basal,6,4000.0,1216.0,1.0,43.0,14,490,10414,5,1.0
98,0.0,0.0,3.207,0.0,6.0,4,56.7887357885249,102.6315526385063,no pobre,basal,6,4000.0,1216.0,1.0,43.0,15,490,10414,5,1.0
97,0.0,0.0,3.207,0.0,5.0,4,56.7887357885249,102.6315526385063,no pobre,basal,3,0.0,875.0,1.0,68.0,12,490,10415,5,0.0
98,0.0,0.0,3.207,,,4,56.7887357885249,102.6315526385063,no pobre,basal,3,0.0,875.0,1.0,68.0,13,490,10415,5,0.0
97,0.0,0.0,3.207,1.0,3.0,3,56.7887357885249,102.6315526385063,no pobre,basal,0,0.0,941.0,1.0,73.0,9,490,10416,3,1.0
98,0.0,0.0,3.207,1.0,4.0,3,56.7887357885249,102.6315526385063,no pobre,basal,0,0.0,941.0,1.0,73.0,10,490,10416,3,1.0
97,1.0,0.0,3.207,0.0,8.0,5,56.7887357885249,102.6315526385063,pobre,basal,2,0.0,725.0,0.0,52.0,14,490,10417,8,0.0
98,1.0,0.0,3.207,,,5,56.7887357885249,102.6315526385063,pobre,basal,2,0.0,725.0,0.0,52.0,15,490,10417,8,0.0
97,1.0,0.0,3.207,1.0,8.0,5,56.7887357885249,102.6315526385063,pobre,basal,2,0.0,725.0,0.0,52.0,12,490,10418,8,1.0
98,1.0,0.0,3.207,,,5,56.7887357885249,102.6315526385063,pobre,basal,2,0.0,725.0,0.0,52.0,13,490,10418,8,1.0
97,0.0,0.0,3.207,1.0,3.0,6,56.7887357885249,102.6315526385063,no pobre,basal,3,0.0,1114.0,1.0,54.0,9,490,10419,3,1.0
98,0.0,0.0,3.207,1.0,4.0,6,56.7887357885249,102.6315526385063,no pobre,basal,3,0.0,1114.0,1.0,54.0,10,490,10419,3,1.0
97,0.0,0.0,3.207,1.0,8.0,8,56.7887357885249,102.6315526385063,pobre,basal,0,500.0,835.0,1.0,60.0,14,490,10420,8,1.0
98,0.0,0.0,3.207,0.0,9.0,8,56.7887357885249,102.6315526385063,pobre,basal,0,500.0,835.0,1.0,60.0,15,490,10420,8,1.0
97,1.0,0.0,3.207,1.0,7.0,8,56.7887357885249,102.6315526385063,pobre,basal,0,500.0,835.0,1.0,60.0,13,490,10421,7,1.0
98,1.0,0.0,3.207,0.0,7.0,8,56.7887357885249,102.6315526385063,pobre,basal,0,500.0,835.0,1.0,60.0,14,490,10421,7,1.0
97,1.0,0.0,3.207,1.0,3.0,8,56.7887357885249,102.6315526385063,pobre,basal,0,500.0,835.0,1.0,60.0,11,490,10422,3,1.0
98,1.0,0.0,3.207,1.0,4.0,8,56.7887357885249,102.6315526385063,pobre,basal,0,500.0,835.0,1.0,60.0,12,490,10422,3,1.0
97,0.0,0.0,3.207,1.0,3.0,8,56.7887357885249,102.6315526385063,pobre,basal,0,500.0,835.0,1.0,60.0,8,490,10423,3,1.0
98,0.0,0.0,3.207,1.0,4.0,8,56.7887357885249,102.6315526385063,pobre,basal,0,500.0,835.0,1.0,60.0,9,490,10423,3,1.0
97,0.0,0.0,2.5190001,1.0,2.0,6,62.34474989737012,107.5568353435459,pobre,basal,0,500.0,720.82001,1.0,50.0,10,453,10424,2,1.0
98,0.0,0.0,2.5190001,1.0,2.0,6,62.34474989737012,107.5568353435459,pobre,basal,0,500.0,720.82001,1.0,50.0,11,453,10424,2,1.0
97,1.0,0.0,2.5190001,1.0,1.0,6,62.34474989737012,107.5568353435459,pobre,basal,0,500.0,720.82001,1.0,50.0,8,453,10425,1,1.0
98,1.0,0.0,2.5190001,1.0,1.0,6,62.34474989737012,107.5568353435459,pobre,basal,0,500.0,720.82001,1.0,50.0,9,453,10425,1,1.0
97,0.0,0.0,2.5190001,1.0,4.0,6,62.34474989737012,107.5568353435459,pobre,basal,0,500.0,720.82001,1.0,50.0,11,453,10426,4,1.0
98,0.0,0.0,2.5190001,1.0,5.0,6,62.34474989737012,107.5568353435459,pobre,basal,0,500.0,720.82001,1.0,50.0,12,453,10426,4,1.0
97,0.0,0.0,2.5190001,0.0,5.0,11,62.34474989737012,107.5568353435459,pobre,basal,4,500.0,686.0,1.0,47.0,15,453,10427,5,0.0
98,0.0,0.0,2.5190001,0.0,3.0,11,62.34474989737012,107.5568353435459,pobre,basal,4,500.0,686.0,1.0,47.0,16,453,10427,5,0.0
97,0.0,0.0,2.5190001,0.0,1.0,11,62.34474989737012,107.5568353435459,pobre,basal,4,500.0,686.0,1.0,47.0,13,453,10428,1,0.0
98,0.0,0.0,2.5190001,0.0,1.0,11,62.34474989737012,107.5568353435459,pobre,basal,4,500.0,686.0,1.0,47.0,14,453,10428,1,0.0
97,0.0,0.0,2.5190001,1.0,2.0,11,62.34474989737012,107.5568353435459,pobre,basal,4,500.0,686.0,1.0,47.0,11,453,10429,2,1.0
98,0.0,0.0,2.5190001,1.0,3.0,11,62.34474989737012,107.5568353435459,pobre,basal,4,500.0,686.0,1.0,47.0,12,453,10429,2,1.0
97,1.0,0.0,2.5190001,1.0,2.0,11,62.34474989737012,107.5568353435459,pobre,basal,4,500.0,686.0,1.0,47.0,8,453,10430,2,1.0
98,1.0,0.0,2.5190001,1.0,2.0,11,62.34474989737012,107.5568353435459,pobre,basal,4,500.0,686.0,1.0,47.0,9,453,10430,2,1.0
97,0.0,0.0,2.5190001,1.0,1.0,11,62.34474989737012,107.5568353435459,pobre,basal,4,500.0,686.0,1.0,47.0,7,453,10431,1,1.0
98,0.0,0.0,2.5190001,1.0,1.0,11,62.34474989737012,107.5568353435459,pobre,basal,4,500.0,686.0,1.0,47.0,8,453,10431,1,1.0
97,0.0,0.0,2.5190001,1.0,1.0,5,62.34474989737012,107.5568353435459,pobre,basal,6,500.0,693.0,1.0,25.0,6,453,10432,1,1.0
98,0.0,0.0,2.5190001,1.0,2.0,5,62.34474989737012,107.5568353435459,pobre,basal,6,500.0,693.0,1.0,25.0,7,453,10432,1,1.0
97,0.0,0.0,2.5190001,0.0,5.0,12,62.34474989737012,107.5568353435459,pobre,basal,0,500.0,797.0,1.0,50.0,16,453,10433,5,0.0
98,0.0,0.0,2.5190001,0.0,6.0,12,62.34474989737012,107.5568353435459,pobre,basal,0,500.0,797.0,1.0,50.0,17,453,10433,5,0.0
97,1.0,0.0,2.5190001,0.0,5.0,12,62.34474989737012,107.5568353435459,pobre,basal,0,500.0,797.0,1.0,50.0,14,453,10434,5,0.0
98,1.0,0.0,2.5190001,0.0,6.0,12,62.34474989737012,107.5568353435459,pobre,basal,0,500.0,797.0,1.0,50.0,15,453,10434,5,0.0
97,1.0,0.0,2.5190001,1.0,2.0,12,62.34474989737012,107.5568353435459,pobre,basal,0,500.0,797.0,1.0,50.0,11,453,10435,2,1.0
98,1.0,0.0,2.5190001,1.0,3.0,12,62.34474989737012,107.5568353435459,pobre,basal,0,500.0,797.0,1.0,50.0,12,453,10435,2,1.0
97,0.0,0.0,2.5190001,1.0,2.0,12,62.34474989737012,107.5568353435459,pobre,basal,0,500.0,797.0,1.0,50.0,8,453,10436,2,1.0
98,0.0,0.0,2.5190001,1.0,2.0,12,62.34474989737012,107.5568353435459,pobre,basal,0,500.0,797.0,1.0,50.0,9,453,10436,2,1.0
97,0.0,0.0,2.5190001,,0.0,12,62.34474989737012,107.5568353435459,pobre,basal,0,500.0,797.0,1.0,50.0,6,453,10437,0,
98,0.0,0.0,2.5190001,1.0,1.0,12,62.34474989737012,107.5568353435459,pobre,basal,0,500.0,797.0,1.0,50.0,7,453,10437,0,
97,0.0,0.0,2.5190001,0.0,3.0,8,62.34474989737012,107.5568353435459,no pobre,basal,0,750.0,832.0,1.0,60.0,15,453,10438,3,0.0
98,0.0,0.0,2.5190001,0.0,3.0,8,62.34474989737012,107.5568353435459,no pobre,basal,0,750.0,832.0,1.0,60.0,16,453,10438,3,0.0
97,1.0,0.0,2.5190001,1.0,4.0,6,62.34474989737012,107.5568353435459,pobre,basal,4,750.0,673.45001,1.0,36.0,11,453,10439,4,1.0
98,1.0,0.0,2.5190001,1.0,5.0,6,62.34474989737012,107.5568353435459,pobre,basal,4,750.0,673.45001,1.0,36.0,12,453,10439,4,1.0
97,0.0,0.0,2.5190001,1.0,1.0,6,62.34474989737012,107.5568353435459,pobre,basal,4,750.0,673.45001,1.0,36.0,8,453,10440,1,1.0
98,0.0,0.0,2.5190001,1.0,2.0,6,62.34474989737012,107.5568353435459,pobre,basal,4,750.0,673.45001,1.0,36.0,9,453,10440,1,1.0
97,1.0,0.0,2.5190001,1.0,1.0,6,62.34474989737012,107.5568353435459,pobre,basal,4,750.0,673.45001,1.0,36.0,7,453,10441,1,1.0
98,1.0,0.0,2.5190001,1.0,2.0,6,62.34474989737012,107.5568353435459,pobre,basal,4,750.0,673.45001,1.0,36.0,8,453,10441,1,1.0
97,0.0,0.0,2.5190001,0.0,6.0,7,62.34474989737012,107.5568353435459,no pobre,basal,1,750.0,839.5,1.0,63.0,16,453,10442,6,0.0
98,0.0,0.0,2.5190001,,,7,62.34474989737012,107.5568353435459,no pobre,basal,1,750.0,839.5,1.0,63.0,17,453,10442,6,0.0
97,1.0,0.0,2.5190001,0.0,6.0,8,62.34474989737012,107.5568353435459,pobre,basal,3,750.0,783.0,1.0,71.0,16,453,10443,6,0.0
98,1.0,0.0,2.5190001,,,8,62.34474989737012,107.5568353435459,pobre,basal,3,750.0,783.0,1.0,71.0,17,453,10443,6,0.0
97,1.0,0.0,2.5190001,,0.0,8,62.34474989737012,107.5568353435459,pobre,basal,3,750.0,783.0,1.0,71.0,6,453,10444,0,
98,1.0,0.0,2.5190001,1.0,2.0,8,62.34474989737012,107.5568353435459,pobre,basal,3,750.0,783.0,1.0,71.0,7,453,10444,0,
97,0.0,0.0,2.5190001,0.0,6.0,8,62.34474989737012,107.5568353435459,pobre,basal,3,625.0,609.0,1.0,35.0,14,453,10445,6,0.0
98,0.0,0.0,2.5190001,1.0,7.0,8,62.34474989737012,107.5568353435459,pobre,basal,3,625.0,609.0,1.0,35.0,15,453,10445,6,0.0
97,1.0,0.0,2.5190001,0.0,6.0,8,62.34474989737012,107.5568353435459,pobre,basal,3,625.0,609.0,1.0,35.0,11,453,10446,6,0.0
98,1.0,0.0,2.5190001,1.0,7.0,8,62.34474989737012,107.5568353435459,pobre,basal,3,625.0,609.0,1.0,35.0,12,453,10446,6,0.0
97,0.0,0.0,2.5190001,0.0,6.0,8,62.34474989737012,107.5568353435459,pobre,basal,3,625.0,609.0,1.0,35.0,10,453,10447,6,0.0
98,0.0,0.0,2.5190001,1.0,6.0,8,62.34474989737012,107.5568353435459,pobre,basal,3,625.0,609.0,1.0,35.0,11,453,10447,6,0.0
97,0.0,0.0,2.5190001,0.0,2.0,8,62.34474989737012,107.5568353435459,pobre,basal,3,625.0,609.0,1.0,35.0,8,453,10448,2,0.0
98,0.0,0.0,2.5190001,1.0,3.0,8,62.34474989737012,107.5568353435459,pobre,basal,3,625.0,609.0,1.0,35.0,9,453,10448,2,0.0
97,1.0,0.0,2.5190001,1.0,5.0,8,62.34474989737012,107.5568353435459,no pobre,basal,2,2500.0,880.45001,1.0,42.0,14,453,10449,5,1.0
98,1.0,0.0,2.5190001,0.0,6.0,8,62.34474989737012,107.5568353435459,no pobre,basal,2,2500.0,880.45001,1.0,42.0,15,453,10449,5,1.0
97,0.0,0.0,2.5190001,1.0,5.0,8,62.34474989737012,107.5568353435459,no pobre,basal,2,2500.0,880.45001,1.0,42.0,11,453,10450,5,1.0
98,0.0,0.0,2.5190001,1.0,6.0,8,62.34474989737012,107.5568353435459,no pobre,basal,2,2500.0,880.45001,1.0,42.0,12,453,10450,5,1.0
97,1.0,0.0,2.5190001,1.0,1.0,8,62.34474989737012,107.5568353435459,no pobre,basal,2,2500.0,880.45001,1.0,42.0,9,453,10451,1,1.0
98,1.0,0.0,2.5190001,1.0,2.0,8,62.34474989737012,107.5568353435459,no pobre,basal,2,2500.0,880.45001,1.0,42.0,10,453,10451,1,1.0
97,0.0,0.0,2.5190001,1.0,1.0,8,62.34474989737012,107.5568353435459,no pobre,basal,2,2500.0,880.45001,1.0,42.0,8,453,10452,1,1.0
98,0.0,0.0,2.5190001,1.0,2.0,8,62.34474989737012,107.5568353435459,no pobre,basal,2,2500.0,880.45001,1.0,42.0,9,453,10452,1,1.0
97,1.0,0.0,2.5190001,0.0,4.0,7,62.34474989737012,107.5568353435459,pobre,basal,3,250.0,779.45001,0.0,37.0,16,453,10453,4,0.0
98,1.0,0.0,2.5190001,,,7,62.34474989737012,107.5568353435459,pobre,basal,3,250.0,779.45001,0.0,37.0,17,453,10453,4,0.0
97,1.0,0.0,2.5190001,1.0,7.0,7,62.34474989737012,107.5568353435459,pobre,basal,3,250.0,779.45001,0.0,37.0,14,453,10454,7,1.0
98,1.0,0.0,2.5190001,1.0,7.0,7,62.34474989737012,107.5568353435459,pobre,basal,3,250.0,779.45001,0.0,37.0,15,453,10454,7,1.0
97,0.0,0.0,2.5190001,1.0,5.0,7,62.34474989737012,107.5568353435459,pobre,basal,3,250.0,779.45001,0.0,37.0,12,453,10455,5,1.0
98,0.0,0.0,2.5190001,1.0,6.0,7,62.34474989737012,107.5568353435459,pobre,basal,3,250.0,779.45001,0.0,37.0,13,453,10455,5,1.0
97,0.0,0.0,2.5190001,1.0,4.0,7,62.34474989737012,107.5568353435459,pobre,basal,3,250.0,779.45001,0.0,37.0,10,453,10456,4,1.0
98,0.0,0.0,2.5190001,1.0,5.0,7,62.34474989737012,107.5568353435459,pobre,basal,3,250.0,779.45001,0.0,37.0,11,453,10456,4,1.0
97,1.0,0.0,2.5190001,1.0,1.0,7,62.34474989737012,107.5568353435459,pobre,basal,3,250.0,779.45001,0.0,37.0,7,453,10457,1,1.0
98,1.0,0.0,2.5190001,1.0,2.0,7,62.34474989737012,107.5568353435459,pobre,basal,3,250.0,779.45001,0.0,37.0,8,453,10457,1,1.0
97,0.0,0.0,2.5190001,0.0,6.0,11,62.34474989737012,107.5568353435459,pobre,basal,0,500.0,680.0,1.0,68.0,16,453,10458,6,0.0
98,0.0,0.0,2.5190001,,,11,62.34474989737012,107.5568353435459,pobre,basal,0,500.0,680.0,1.0,68.0,17,453,10458,6,0.0
97,0.0,0.0,2.5190001,0.0,6.0,11,62.34474989737012,107.5568353435459,pobre,basal,0,500.0,680.0,1.0,68.0,13,453,10459,6,0.0
98,0.0,0.0,2.5190001,0.0,6.0,11,62.34474989737012,107.5568353435459,pobre,basal,0,500.0,680.0,1.0,68.0,14,453,10459,6,0.0
97,1.0,0.0,2.5190001,1.0,5.0,11,62.34474989737012,107.5568353435459,pobre,basal,0,500.0,680.0,1.0,68.0,11,453,10460,5,1.0
98,1.0,0.0,2.5190001,1.0,6.0,11,62.34474989737012,107.5568353435459,pobre,basal,0,500.0,680.0,1.0,68.0,12,453,10460,5,1.0
97,0.0,0.0,2.5190001,0.0,6.0,8,62.34474989737012,107.5568353435459,no pobre,basal,3,500.0,709.0,1.0,37.0,14,453,10461,6,0.0
98,0.0,0.0,2.5190001,0.0,6.0,8,62.34474989737012,107.5568353435459,no pobre,basal,3,500.0,709.0,1.0,37.0,15,453,10461,6,0.0
97,0.0,0.0,2.5190001,1.0,5.0,8,62.34474989737012,107.5568353435459,no pobre,basal,3,500.0,709.0,1.0,37.0,12,453,10462,5,1.0
98,0.0,0.0,2.5190001,1.0,6.0,8,62.34474989737012,107.5568353435459,no pobre,basal,3,500.0,709.0,1.0,37.0,13,453,10462,5,1.0
97,0.0,0.0,2.5190001,1.0,4.0,8,62.34474989737012,107.5568353435459,no pobre,basal,3,500.0,709.0,1.0,37.0,10,453,10463,4,1.0
98,0.0,0.0,2.5190001,1.0,5.0,8,62.34474989737012,107.5568353435459,no pobre,basal,3,500.0,709.0,1.0,37.0,11,453,10463,4,1.0
97,0.0,0.0,2.5190001,1.0,2.0,8,62.34474989737012,107.5568353435459,no pobre,basal,3,500.0,709.0,1.0,37.0,8,453,10464,2,1.0
98,0.0,0.0,2.5190001,1.0,3.0,8,62.34474989737012,107.5568353435459,no pobre,basal,3,500.0,709.0,1.0,37.0,9,453,10464,2,1.0
97,1.0,0.0,2.5190001,,0.0,8,62.34474989737012,107.5568353435459,no pobre,basal,3,500.0,709.0,1.0,37.0,6,453,10465,0,
98,1.0,0.0,2.5190001,1.0,2.0,8,62.34474989737012,107.5568353435459,no pobre,basal,3,500.0,709.0,1.0,37.0,7,453,10465,0,
97,1.0,0.0,2.5190001,1.0,3.0,8,62.34474989737012,107.5568353435459,pobre,basal,2,625.0,582.0,1.0,46.0,12,453,10466,3,1.0
98,1.0,0.0,2.5190001,1.0,4.0,8,62.34474989737012,107.5568353435459,pobre,basal,2,625.0,582.0,1.0,46.0,13,453,10466,3,1.0
97,0.0,0.0,2.5190001,1.0,2.0,8,62.34474989737012,107.5568353435459,pobre,basal,2,625.0,582.0,1.0,46.0,11,453,10467,2,1.0
98,0.0,0.0,2.5190001,1.0,3.0,8,62.34474989737012,107.5568353435459,pobre,basal,2,625.0,582.0,1.0,46.0,12,453,10467,2,1.0
97,1.0,0.0,2.5190001,1.0,2.0,8,62.34474989737012,107.5568353435459,pobre,basal,2,625.0,582.0,1.0,46.0,8,453,10468,2,1.0
98,1.0,0.0,2.5190001,1.0,2.0,8,62.34474989737012,107.5568353435459,pobre,basal,2,625.0,582.0,1.0,46.0,9,453,10468,2,1.0
97,1.0,0.0,2.5190001,,0.0,8,62.34474989737012,107.5568353435459,pobre,basal,2,625.0,582.0,1.0,46.0,6,453,10469,0,
98,1.0,0.0,2.5190001,1.0,1.0,8,62.34474989737012,107.5568353435459,pobre,basal,2,625.0,582.0,1.0,46.0,7,453,10469,0,
97,1.0,0.0,2.5190001,,0.0,18,62.34474989737012,107.5568353435459,pobre,basal,0,375.0,781.0,1.0,70.0,7,453,10470,0,
98,1.0,0.0,2.5190001,1.0,0.0,18,62.34474989737012,107.5568353435459,pobre,basal,0,375.0,781.0,1.0,70.0,8,453,10470,0,
97,0.0,0.0,2.5190001,1.0,0.0,18,62.34474989737012,107.5568353435459,pobre,basal,0,375.0,781.0,1.0,70.0,7,453,10471,0,1.0
98,0.0,0.0,2.5190001,1.0,1.0,18,62.34474989737012,107.5568353435459,pobre,basal,0,375.0,781.0,1.0,70.0,8,453,10471,0,1.0
97,1.0,0.0,2.5190001,1.0,0.0,18,62.34474989737012,107.5568353435459,pobre,basal,0,375.0,781.0,1.0,70.0,8,453,10472,0,1.0
98,1.0,0.0,2.5190001,1.0,1.0,18,62.34474989737012,107.5568353435459,pobre,basal,0,375.0,781.0,1.0,70.0,9,453,10472,0,1.0
97,0.0,0.0,2.5190001,,0.0,18,62.34474989737012,107.5568353435459,pobre,basal,0,375.0,781.0,1.0,70.0,13,453,10473,0,
98,0.0,0.0,2.5190001,1.0,4.0,18,62.34474989737012,107.5568353435459,pobre,basal,0,375.0,781.0,1.0,70.0,14,453,10473,0,
97,1.0,0.0,2.5190001,0.0,1.0,18,62.34474989737012,107.5568353435459,pobre,basal,0,375.0,781.0,1.0,70.0,11,453,10474,1,0.0
98,1.0,0.0,2.5190001,1.0,2.0,18,62.34474989737012,107.5568353435459,pobre,basal,0,375.0,781.0,1.0,70.0,12,453,10474,1,0.0
97,1.0,0.0,2.5190001,0.0,0.0,18,62.34474989737012,107.5568353435459,pobre,basal,0,375.0,781.0,1.0,70.0,6,453,10475,0,0.0
98,1.0,0.0,2.5190001,1.0,0.0,18,62.34474989737012,107.5568353435459,pobre,basal,0,375.0,781.0,1.0,70.0,7,453,10475,0,0.0
97,1.0,0.0,2.5190001,1.0,0.0,18,62.34474989737012,107.5568353435459,pobre,basal,0,375.0,781.0,1.0,70.0,6,453,10476,0,1.0
98,1.0,0.0,2.5190001,,,18,62.34474989737012,107.5568353435459,pobre,basal,0,375.0,781.0,1.0,70.0,7,453,10476,0,1.0
97,1.0,0.0,2.5190001,1.0,1.0,6,62.34474989737012,107.5568353435459,pobre,basal,2,500.0,620.0,1.0,24.0,9,453,10477,1,1.0
98,1.0,0.0,2.5190001,1.0,1.0,6,62.34474989737012,107.5568353435459,pobre,basal,2,500.0,620.0,1.0,24.0,10,453,10477,1,1.0
97,1.0,0.0,2.5190001,1.0,5.0,6,62.34474989737012,107.5568353435459,pobre,basal,2,625.0,695.0,1.0,37.0,12,453,10478,5,1.0
98,1.0,0.0,2.5190001,1.0,6.0,6,62.34474989737012,107.5568353435459,pobre,basal,2,625.0,695.0,1.0,37.0,13,453,10478,5,1.0
97,0.0,0.0,2.5190001,1.0,2.0,6,62.34474989737012,107.5568353435459,pobre,basal,2,625.0,695.0,1.0,37.0,7,453,10479,2,1.0
98,0.0,0.0,2.5190001,1.0,3.0,6,62.34474989737012,107.5568353435459,pobre,basal,2,625.0,695.0,1.0,37.0,8,453,10479,2,1.0
97,1.0,0.0,2.5190001,0.0,5.0,6,62.34474989737012,107.5568353435459,pobre,basal,0,500.0,751.0,1.0,44.0,15,453,10480,5,0.0
98,1.0,0.0,2.5190001,0.0,6.0,6,62.34474989737012,107.5568353435459,pobre,basal,0,500.0,751.0,1.0,44.0,16,453,10480,5,0.0
97,1.0,0.0,2.5190001,1.0,1.0,6,62.34474989737012,107.5568353435459,pobre,basal,0,500.0,751.0,1.0,44.0,12,453,10481,1,1.0
98,1.0,0.0,2.5190001,1.0,2.0,6,62.34474989737012,107.5568353435459,pobre,basal,0,500.0,751.0,1.0,44.0,13,453,10481,1,1.0
97,0.0,0.0,2.5190001,1.0,5.0,5,62.34474989737012,107.5568353435459,pobre,basal,2,500.0,724.0,1.0,32.0,12,453,10482,5,1.0
98,0.0,0.0,2.5190001,1.0,6.0,5,62.34474989737012,107.5568353435459,pobre,basal,2,500.0,724.0,1.0,32.0,13,453,10482,5,1.0
97,1.0,0.0,2.5190001,1.0,0.0,5,62.34474989737012,107.5568353435459,pobre,basal,2,500.0,724.0,1.0,32.0,7,453,10483,0,1.0
98,1.0,0.0,2.5190001,1.0,1.0,5,62.34474989737012,107.5568353435459,pobre,basal,2,500.0,724.0,1.0,32.0,8,453,10483,0,1.0
97,0.0,0.0,2.5190001,1.0,0.0,5,62.34474989737012,107.5568353435459,pobre,basal,2,500.0,724.0,1.0,32.0,6,453,10484,0,1.0
98,0.0,0.0,2.5190001,1.0,0.0,5,62.34474989737012,107.5568353435459,pobre,basal,2,500.0,724.0,1.0,32.0,7,453,10484,0,1.0
97,1.0,0.0,2.5190001,0.0,4.0,15,62.34474989737012,107.5568353435459,pobre,basal,0,625.0,658.0,1.0,58.0,15,453,10485,4,0.0
98,1.0,0.0,2.5190001,0.0,4.0,15,62.34474989737012,107.5568353435459,pobre,basal,0,625.0,658.0,1.0,58.0,16,453,10485,4,0.0
97,0.0,0.0,2.5190001,1.0,5.0,15,62.34474989737012,107.5568353435459,pobre,basal,0,625.0,658.0,1.0,58.0,12,453,10486,5,1.0
98,0.0,0.0,2.5190001,1.0,6.0,15,62.34474989737012,107.5568353435459,pobre,basal,0,625.0,658.0,1.0,58.0,13,453,10486,5,1.0
97,0.0,0.0,2.5190001,1.0,3.0,15,62.34474989737012,107.5568353435459,pobre,basal,0,625.0,658.0,1.0,58.0,10,453,10487,3,1.0
98,0.0,0.0,2.5190001,1.0,4.0,15,62.34474989737012,107.5568353435459,pobre,basal,0,625.0,658.0,1.0,58.0,11,453,10487,3,1.0
97,1.0,0.0,2.5190001,1.0,2.0,15,62.34474989737012,107.5568353435459,pobre,basal,0,625.0,658.0,1.0,58.0,8,453,10488,2,1.0
98,1.0,0.0,2.5190001,1.0,1.0,15,62.34474989737012,107.5568353435459,pobre,basal,0,625.0,658.0,1.0,58.0,9,453,10488,2,1.0
97,1.0,0.0,2.5190001,1.0,2.0,15,62.34474989737012,107.5568353435459,pobre,basal,0,625.0,658.0,1.0,58.0,8,453,10489,2,1.0
98,1.0,0.0,2.5190001,,,15,62.34474989737012,107.5568353435459,pobre,basal,0,625.0,658.0,1.0,58.0,9,453,10489,2,1.0
97,0.0,0.0,2.5190001,,0.0,15,62.34474989737012,107.5568353435459,pobre,basal,0,625.0,658.0,1.0,58.0,6,453,10490,0,
98,0.0,0.0,2.5190001,,,15,62.34474989737012,107.5568353435459,pobre,basal,0,625.0,658.0,1.0,58.0,7,453,10490,0,
97,0.0,0.0,2.845,1.0,4.0,15,32.4143008479353,82.8046856920966,no pobre,basal,0,0.0,920.0,1.0,62.0,12,495,10491,4,1.0
98,0.0,0.0,2.845,0.0,4.0,15,32.4143008479353,82.8046856920966,no pobre,basal,0,0.0,920.0,1.0,62.0,13,495,10491,4,1.0
97,0.0,0.0,2.845,1.0,3.0,15,32.4143008479353,82.8046856920966,no pobre,basal,0,0.0,920.0,1.0,62.0,9,495,10492,3,1.0
98,0.0,0.0,2.845,0.0,3.0,15,32.4143008479353,82.8046856920966,no pobre,basal,0,0.0,920.0,1.0,62.0,10,495,10492,3,1.0
97,1.0,0.0,2.845,0.0,6.0,3,32.4143008479353,82.8046856920966,pobre,basal,7,0.0,760.0,0.0,17.0,13,495,10493,6,0.0
98,1.0,0.0,2.845,,,3,32.4143008479353,82.8046856920966,pobre,basal,7,0.0,760.0,0.0,17.0,14,495,10493,6,0.0
97,0.0,0.0,2.845,1.0,5.0,3,32.4143008479353,82.8046856920966,pobre,basal,7,0.0,760.0,0.0,17.0,12,495,10494,5,1.0
98,0.0,0.0,2.845,,,3,32.4143008479353,82.8046856920966,pobre,basal,7,0.0,760.0,0.0,17.0,13,495,10494,5,1.0
97,1.0,0.0,2.845,0.0,8.0,5,32.4143008479353,82.8046856920966,pobre,basal,1,750.0,904.0,1.0,43.0,16,495,10495,8,0.0
98,1.0,0.0,2.845,,,5,32.4143008479353,82.8046856920966,pobre,basal,1,750.0,904.0,1.0,43.0,17,495,10495,8,0.0
97,1.0,0.0,2.845,0.0,7.0,5,32.4143008479353,82.8046856920966,pobre,basal,1,750.0,904.0,1.0,43.0,15,495,10496,7,0.0
98,1.0,0.0,2.845,0.0,8.0,5,32.4143008479353,82.8046856920966,pobre,basal,1,750.0,904.0,1.0,43.0,16,495,10496,7,0.0
97,1.0,0.0,2.845,0.0,6.0,5,32.4143008479353,82.8046856920966,pobre,basal,1,750.0,904.0,1.0,43.0,14,495,10497,6,0.0
98,1.0,0.0,2.845,0.0,6.0,5,32.4143008479353,82.8046856920966,pobre,basal,1,750.0,904.0,1.0,43.0,15,495,10497,6,0.0
97,0.0,0.0,2.845,1.0,3.0,4,32.4143008479353,82.8046856920966,pobre,basal,3,400.0,866.0,0.0,29.0,10,495,10498,3,1.0
98,0.0,0.0,2.845,1.0,4.0,4,32.4143008479353,82.8046856920966,pobre,basal,3,400.0,866.0,0.0,29.0,11,495,10498,3,1.0
97,0.0,0.0,2.845,1.0,2.0,4,32.4143008479353,82.8046856920966,pobre,basal,3,400.0,866.0,0.0,29.0,8,495,10499,2,1.0
98,0.0,0.0,2.845,1.0,2.0,4,32.4143008479353,82.8046856920966,pobre,basal,3,400.0,866.0,0.0,29.0,9,495,10499,2,1.0
97,0.0,0.0,2.845,1.0,0.0,4,32.4143008479353,82.8046856920966,pobre,basal,3,400.0,866.0,0.0,29.0,6,495,10500,0,1.0
98,0.0,0.0,2.845,1.0,3.0,4,32.4143008479353,82.8046856920966,pobre,basal,3,400.0,866.0,0.0,29.0,7,495,10500,0,1.0
97,0.0,0.0,2.845,1.0,1.0,5,32.4143008479353,82.8046856920966,pobre,basal,3,875.0,726.0,1.0,30.0,7,495,10501,1,1.0
98,0.0,0.0,2.845,1.0,1.0,5,32.4143008479353,82.8046856920966,pobre,basal,3,875.0,726.0,1.0,30.0,8,495,10501,1,1.0
97,0.0,0.0,2.845,1.0,8.0,5,32.4143008479353,82.8046856920966,pobre,basal,0,0.0,736.0,0.0,69.0,13,495,10502,8,1.0
98,0.0,0.0,2.845,,,5,32.4143008479353,82.8046856920966,pobre,basal,0,0.0,736.0,0.0,69.0,14,495,10502,8,1.0
97,0.0,0.0,2.845,1.0,8.0,7,32.4143008479353,82.8046856920966,no pobre,basal,3,750.0,941.0,1.0,41.0,14,495,10503,8,1.0
98,0.0,0.0,2.845,0.0,9.0,7,32.4143008479353,82.8046856920966,no pobre,basal,3,750.0,941.0,1.0,41.0,15,495,10503,8,1.0
97,1.0,0.0,2.845,1.0,8.0,7,32.4143008479353,82.8046856920966,no pobre,basal,3,750.0,941.0,1.0,41.0,13,495,10504,8,1.0
98,1.0,0.0,2.845,1.0,9.0,7,32.4143008479353,82.8046856920966,no pobre,basal,3,750.0,941.0,1.0,41.0,14,495,10504,8,1.0
97,0.0,0.0,2.845,1.0,0.0,7,32.4143008479353,82.8046856920966,no pobre,basal,3,750.0,941.0,1.0,41.0,6,495,10505,0,1.0
98,0.0,0.0,2.845,1.0,1.0,7,32.4143008479353,82.8046856920966,no pobre,basal,3,750.0,941.0,1.0,41.0,7,495,10505,0,1.0
97,1.0,0.0,2.1489999,1.0,0.0,6,33.0752477267604,82.61008611230176,no pobre,0,2,0.0,925.0,0.0,66.0,7,496,10506,0,1.0
98,1.0,0.0,2.1489999,1.0,1.0,6,33.0752477267604,82.61008611230176,no pobre,0,2,0.0,925.0,0.0,66.0,8,496,10506,0,1.0
97,0.0,0.0,2.1489999,1.0,0.0,3,33.0752477267604,82.61008611230176,no pobre,0,6,0.0,793.0,0.0,35.0,6,496,10507,0,1.0
98,0.0,0.0,2.1489999,1.0,1.0,3,33.0752477267604,82.61008611230176,no pobre,0,6,0.0,793.0,0.0,35.0,7,496,10507,0,1.0
97,1.0,0.0,2.845,0.0,9.0,5,32.4143008479353,82.8046856920966,no pobre,basal,3,833.33331,1046.0,1.0,58.0,16,495,10508,9,0.0
98,1.0,0.0,2.845,,,5,32.4143008479353,82.8046856920966,no pobre,basal,3,833.33331,1046.0,1.0,58.0,17,495,10508,9,0.0
97,0.0,0.0,2.845,1.0,8.0,5,32.4143008479353,82.8046856920966,no pobre,basal,3,833.33331,1046.0,1.0,58.0,14,495,10509,8,1.0
98,0.0,0.0,2.845,,,5,32.4143008479353,82.8046856920966,no pobre,basal,3,833.33331,1046.0,1.0,58.0,15,495,10509,8,1.0
97,0.0,0.0,2.845,1.0,6.0,5,32.4143008479353,82.8046856920966,no pobre,basal,3,833.33331,1046.0,1.0,58.0,11,495,10510,6,1.0
98,0.0,0.0,2.845,,,5,32.4143008479353,82.8046856920966,no pobre,basal,3,833.33331,1046.0,1.0,58.0,12,495,10510,6,1.0
97,1.0,0.0,2.845,1.0,2.0,3,32.4143008479353,82.8046856920966,no pobre,basal,6,2000.0,1069.0,1.0,31.0,10,495,10511,2,1.0
98,1.0,0.0,2.845,1.0,3.0,3,32.4143008479353,82.8046856920966,no pobre,basal,6,2000.0,1069.0,1.0,31.0,11,495,10511,2,1.0
97,1.0,0.0,2.845,1.0,1.0,5,32.4143008479353,82.8046856920966,no pobre,basal,9,960.0,990.0,1.0,44.0,8,495,10512,1,1.0
98,1.0,0.0,2.845,,,5,32.4143008479353,82.8046856920966,no pobre,basal,9,960.0,990.0,1.0,44.0,9,495,10512,1,1.0
97,0.0,0.0,2.845,1.0,0.0,5,32.4143008479353,82.8046856920966,no pobre,basal,9,960.0,990.0,1.0,44.0,6,495,10513,0,1.0
98,0.0,0.0,2.845,,,5,32.4143008479353,82.8046856920966,no pobre,basal,9,960.0,990.0,1.0,44.0,7,495,10513,0,1.0
97,0.0,0.0,2.845,1.0,6.0,2,32.4143008479353,82.8046856920966,no pobre,basal,2,0.0,871.0,0.0,66.0,13,495,10514,6,1.0
98,0.0,0.0,2.845,1.0,0.0,2,32.4143008479353,82.8046856920966,no pobre,basal,2,0.0,871.0,0.0,66.0,14,495,10514,6,1.0
97,1.0,0.0,2.845,1.0,3.0,4,32.4143008479353,82.8046856920966,no pobre,basal,12,1200.0,1180.0,1.0,36.0,9,495,10515,3,1.0
98,1.0,0.0,2.845,1.0,4.0,4,32.4143008479353,82.8046856920966,no pobre,basal,12,1200.0,1180.0,1.0,36.0,10,495,10515,3,1.0
97,1.0,0.0,2.053,1.0,4.0,5,34.70068413382722,79.87623975864597,pobre,0,9,800.0,876.0,1.0,30.0,10,497,10516,4,1.0
98,1.0,0.0,2.053,1.0,5.0,5,34.70068413382722,79.87623975864597,pobre,0,9,800.0,876.0,1.0,30.0,11,497,10516,4,1.0
97,1.0,0.0,2.053,1.0,1.0,5,34.70068413382722,79.87623975864597,pobre,0,9,800.0,876.0,1.0,30.0,9,497,10517,1,1.0
98,1.0,0.0,2.053,1.0,2.0,5,34.70068413382722,79.87623975864597,pobre,0,9,800.0,876.0,1.0,30.0,10,497,10517,1,1.0
97,0.0,0.0,2.053,1.0,0.0,5,34.70068413382722,79.87623975864597,pobre,0,9,800.0,876.0,1.0,30.0,6,497,10518,0,1.0
98,0.0,0.0,2.053,1.0,1.0,5,34.70068413382722,79.87623975864597,pobre,0,9,800.0,876.0,1.0,30.0,7,497,10518,0,1.0
97,1.0,1.0,2.845,0.0,4.0,2,32.4143008479353,82.8046856920966,no pobre,basal,2,0.0,963.0,0.0,85.0,11,495,10519,4,0.0
98,1.0,1.0,2.845,1.0,4.0,2,32.4143008479353,82.8046856920966,no pobre,basal,2,0.0,963.0,0.0,85.0,12,495,10519,4,0.0
97,1.0,0.0,2.845,1.0,6.0,6,32.4143008479353,82.8046856920966,pobre,basal,4,625.0,855.0,1.0,60.0,14,495,10520,6,1.0
98,1.0,0.0,2.845,1.0,7.0,6,32.4143008479353,82.8046856920966,pobre,basal,4,625.0,855.0,1.0,60.0,15,495,10520,6,1.0
97,1.0,0.0,2.845,1.0,6.0,6,32.4143008479353,82.8046856920966,pobre,basal,4,625.0,855.0,1.0,60.0,12,495,10521,6,1.0
98,1.0,0.0,2.845,1.0,7.0,6,32.4143008479353,82.8046856920966,pobre,basal,4,625.0,855.0,1.0,60.0,13,495,10521,6,1.0
97,0.0,0.0,2.845,1.0,2.0,6,32.4143008479353,82.8046856920966,pobre,basal,4,625.0,855.0,1.0,60.0,8,495,10522,2,1.0
98,0.0,0.0,2.845,1.0,3.0,6,32.4143008479353,82.8046856920966,pobre,basal,4,625.0,855.0,1.0,60.0,9,495,10522,2,1.0
97,1.0,0.0,2.845,0.0,5.0,4,32.4143008479353,82.8046856920966,no pobre,basal,2,625.0,869.0,1.0,40.0,14,495,10523,5,0.0
98,1.0,0.0,2.845,,,4,32.4143008479353,82.8046856920966,no pobre,basal,2,625.0,869.0,1.0,40.0,15,495,10523,5,0.0
97,1.0,0.0,2.845,1.0,1.0,4,32.4143008479353,82.8046856920966,no pobre,basal,5,625.0,897.0,0.0,67.0,8,495,10524,1,1.0
98,1.0,0.0,2.845,1.0,2.0,4,32.4143008479353,82.8046856920966,no pobre,basal,5,625.0,897.0,0.0,67.0,9,495,10524,1,1.0
97,0.0,0.0,2.1489999,0.0,9.0,5,33.0752477267604,82.61008611230176,no pobre,0,6,0.0,835.0,0.0,48.0,15,496,10525,9,0.0
98,0.0,0.0,2.1489999,,,5,33.0752477267604,82.61008611230176,no pobre,0,6,0.0,835.0,0.0,48.0,16,496,10525,9,0.0
97,0.0,0.0,2.1489999,1.0,6.0,5,33.0752477267604,82.61008611230176,no pobre,0,6,0.0,835.0,0.0,48.0,13,496,10526,6,1.0
98,0.0,0.0,2.1489999,1.0,7.0,5,33.0752477267604,82.61008611230176,no pobre,0,6,0.0,835.0,0.0,48.0,14,496,10526,6,1.0
97,1.0,0.0,2.1489999,1.0,4.0,5,33.0752477267604,82.61008611230176,no pobre,0,6,0.0,835.0,0.0,48.0,10,496,10527,4,1.0
98,1.0,0.0,2.1489999,1.0,4.0,5,33.0752477267604,82.61008611230176,no pobre,0,6,0.0,835.0,0.0,48.0,11,496,10527,4,1.0
97,1.0,0.0,2.1489999,1.0,0.0,5,33.0752477267604,82.61008611230176,no pobre,0,6,0.0,835.0,0.0,48.0,6,496,10528,0,1.0
98,1.0,0.0,2.1489999,1.0,2.0,5,33.0752477267604,82.61008611230176,no pobre,0,6,0.0,835.0,0.0,48.0,7,496,10528,0,1.0
97,1.0,0.0,2.1489999,1.0,1.0,5,33.0752477267604,82.61008611230176,pobre,0,0,750.0,632.0,1.0,66.0,7,496,10529,1,1.0
98,1.0,0.0,2.1489999,1.0,1.0,5,33.0752477267604,82.61008611230176,pobre,0,0,750.0,632.0,1.0,66.0,8,496,10529,1,1.0
97,1.0,0.0,2.1489999,0.0,2.0,5,33.0752477267604,82.61008611230176,pobre,0,4,0.0,669.0,0.0,52.0,16,496,10530,2,0.0
98,1.0,0.0,2.1489999,,,5,33.0752477267604,82.61008611230176,pobre,0,4,0.0,669.0,0.0,52.0,17,496,10530,2,0.0
97,0.0,0.0,2.1489999,1.0,3.0,2,33.0752477267604,82.61008611230176,no pobre,0,4,0.0,875.0,0.0,26.0,9,496,10531,3,1.0
98,0.0,0.0,2.1489999,1.0,3.0,2,33.0752477267604,82.61008611230176,no pobre,0,4,0.0,875.0,0.0,26.0,10,496,10531,3,1.0
97,0.0,0.0,2.1489999,1.0,10.0,6,33.0752477267604,82.61008611230176,no pobre,0,4,1200.0,893.0,1.0,47.0,16,496,10532,10,1.0
98,0.0,0.0,2.1489999,,,6,33.0752477267604,82.61008611230176,no pobre,0,4,1200.0,893.0,1.0,47.0,17,496,10532,10,1.0
97,0.0,0.0,2.1489999,1.0,6.0,6,33.0752477267604,82.61008611230176,no pobre,0,4,1200.0,893.0,1.0,47.0,14,496,10533,6,1.0
98,0.0,0.0,2.1489999,1.0,6.0,6,33.0752477267604,82.61008611230176,no pobre,0,4,1200.0,893.0,1.0,47.0,15,496,10533,6,1.0
97,1.0,0.0,2.1489999,1.0,4.0,6,33.0752477267604,82.61008611230176,no pobre,0,4,1200.0,893.0,1.0,47.0,11,496,10534,4,1.0
98,1.0,0.0,2.1489999,1.0,5.0,6,33.0752477267604,82.61008611230176,no pobre,0,4,1200.0,893.0,1.0,47.0,12,496,10534,4,1.0
97,1.0,0.0,2.1489999,0.0,6.0,6,33.0752477267604,82.61008611230176,pobre,0,6,625.0,729.0,1.0,44.0,14,496,10535,6,0.0
98,1.0,0.0,2.1489999,0.0,6.0,6,33.0752477267604,82.61008611230176,pobre,0,6,625.0,729.0,1.0,44.0,15,496,10535,6,0.0
97,1.0,0.0,2.1489999,1.0,3.0,6,33.0752477267604,82.61008611230176,pobre,0,6,625.0,729.0,1.0,44.0,12,496,10536,3,1.0
98,1.0,0.0,2.1489999,1.0,4.0,6,33.0752477267604,82.61008611230176,pobre,0,6,625.0,729.0,1.0,44.0,13,496,10536,3,1.0
97,1.0,0.0,2.1489999,1.0,1.0,6,33.0752477267604,82.61008611230176,pobre,0,6,625.0,729.0,1.0,44.0,9,496,10537,1,1.0
98,1.0,0.0,2.1489999,1.0,2.0,6,33.0752477267604,82.61008611230176,pobre,0,6,625.0,729.0,1.0,44.0,10,496,10537,1,1.0
97,1.0,0.0,2.1489999,1.0,1.0,6,33.0752477267604,82.61008611230176,pobre,0,6,625.0,729.0,1.0,44.0,6,496,10538,1,1.0
98,1.0,0.0,2.1489999,1.0,2.0,6,33.0752477267604,82.61008611230176,pobre,0,6,625.0,729.0,1.0,44.0,7,496,10538,1,1.0
97,0.0,0.0,2.1489999,1.0,8.0,13,33.0752477267604,82.61008611230176,no pobre,0,14,1250.0,852.0,1.0,66.0,14,496,10539,8,1.0
98,0.0,0.0,2.1489999,1.0,9.0,13,33.0752477267604,82.61008611230176,no pobre,0,14,1250.0,852.0,1.0,66.0,15,496,10539,8,1.0
97,1.0,0.0,2.1489999,1.0,1.0,13,33.0752477267604,82.61008611230176,no pobre,0,14,1250.0,852.0,1.0,66.0,7,496,10540,1,1.0
98,1.0,0.0,2.1489999,1.0,1.0,13,33.0752477267604,82.61008611230176,no pobre,0,14,1250.0,852.0,1.0,66.0,8,496,10540,1,1.0
97,0.0,0.0,2.1489999,0.0,5.0,5,33.0752477267604,82.61008611230176,pobre,0,1,640.0,773.0,1.0,46.0,15,496,10541,5,0.0
98,0.0,0.0,2.1489999,0.0,6.0,5,33.0752477267604,82.61008611230176,pobre,0,1,640.0,773.0,1.0,46.0,16,496,10541,5,0.0
97,0.0,0.0,2.1489999,1.0,6.0,5,33.0752477267604,82.61008611230176,pobre,0,1,640.0,773.0,1.0,46.0,11,496,10542,6,1.0
98,0.0,0.0,2.1489999,1.0,7.0,5,33.0752477267604,82.61008611230176,pobre,0,1,640.0,773.0,1.0,46.0,12,496,10542,6,1.0
97,0.0,0.0,2.1489999,1.0,3.0,5,33.0752477267604,82.61008611230176,pobre,0,1,640.0,773.0,1.0,46.0,10,496,10543,3,1.0
98,0.0,0.0,2.1489999,1.0,4.0,5,33.0752477267604,82.61008611230176,pobre,0,1,640.0,773.0,1.0,46.0,11,496,10543,3,1.0
97,1.0,0.0,2.053,1.0,5.0,3,34.70068413382722,79.87623975864597,no pobre,0,0,750.0,847.0,1.0,63.0,12,497,10544,5,1.0
98,1.0,0.0,2.053,1.0,6.0,3,34.70068413382722,79.87623975864597,no pobre,0,0,750.0,847.0,1.0,63.0,13,497,10544,5,1.0
97,1.0,0.0,2.053,1.0,5.0,5,34.70068413382722,79.87623975864597,no pobre,0,14,1250.0,765.0,1.0,45.0,11,497,10545,5,1.0
98,1.0,0.0,2.053,1.0,0.0,5,34.70068413382722,79.87623975864597,no pobre,0,14,1250.0,765.0,1.0,45.0,12,497,10545,5,1.0
97,0.0,0.0,2.053,1.0,5.0,5,34.70068413382722,79.87623975864597,no pobre,0,14,1250.0,765.0,1.0,45.0,11,497,10546,5,1.0
98,0.0,0.0,2.053,0.0,2.0,5,34.70068413382722,79.87623975864597,no pobre,0,14,1250.0,765.0,1.0,45.0,12,497,10546,5,1.0
97,0.0,0.0,2.053,1.0,0.0,5,34.70068413382722,79.87623975864597,no pobre,0,14,1250.0,765.0,1.0,45.0,6,497,10547,0,1.0
98,0.0,0.0,2.053,1.0,0.0,5,34.70068413382722,79.87623975864597,no pobre,0,14,1250.0,765.0,1.0,45.0,7,497,10547,0,1.0
97,0.0,0.0,2.053,1.0,2.0,5,34.70068413382722,79.87623975864597,no pobre,0,4,1333.3334,1203.0,1.0,42.0,8,497,10548,2,1.0
98,0.0,0.0,2.053,1.0,3.0,5,34.70068413382722,79.87623975864597,no pobre,0,4,1333.3334,1203.0,1.0,42.0,9,497,10548,2,1.0
97,1.0,0.0,2.053,1.0,6.0,6,34.70068413382722,79.87623975864597,pobre,0,0,0.0,627.0,1.0,78.0,13,497,10549,6,1.0
98,1.0,0.0,2.053,0.0,6.0,6,34.70068413382722,79.87623975864597,pobre,0,0,0.0,627.0,1.0,78.0,14,497,10549,6,1.0
97,1.0,0.0,2.053,1.0,2.0,6,34.70068413382722,79.87623975864597,pobre,0,0,0.0,627.0,1.0,78.0,12,497,10550,2,1.0
98,1.0,0.0,2.053,1.0,3.0,6,34.70068413382722,79.87623975864597,pobre,0,0,0.0,627.0,1.0,78.0,13,497,10550,2,1.0
97,0.0,0.0,2.053,0.0,6.0,4,34.70068413382722,79.87623975864597,pobre,0,9,0.0,629.0,0.0,18.0,16,497,10551,6,0.0
98,0.0,0.0,2.053,,,4,34.70068413382722,79.87623975864597,pobre,0,9,0.0,629.0,0.0,18.0,17,497,10551,6,0.0
97,0.0,0.0,2.053,1.0,7.0,4,34.70068413382722,79.87623975864597,pobre,0,9,0.0,629.0,0.0,18.0,15,497,10552,7,1.0
98,0.0,0.0,2.053,0.0,8.0,4,34.70068413382722,79.87623975864597,pobre,0,9,0.0,629.0,0.0,18.0,16,497,10552,7,1.0
97,1.0,0.0,2.053,1.0,4.0,4,34.70068413382722,79.87623975864597,pobre,0,9,0.0,629.0,0.0,18.0,13,497,10553,4,1.0
98,1.0,0.0,2.053,1.0,5.0,4,34.70068413382722,79.87623975864597,pobre,0,9,0.0,629.0,0.0,18.0,14,497,10553,4,1.0
97,0.0,0.0,2.1489999,0.0,6.0,8,33.0752477267604,82.61008611230176,pobre,0,6,750.0,687.0,1.0,39.0,16,496,10554,6,0.0
98,0.0,0.0,2.1489999,,,8,33.0752477267604,82.61008611230176,pobre,0,6,750.0,687.0,1.0,39.0,17,496,10554,6,0.0
97,1.0,0.0,2.1489999,0.0,6.0,8,33.0752477267604,82.61008611230176,pobre,0,6,750.0,687.0,1.0,39.0,15,496,10555,6,0.0
98,1.0,0.0,2.1489999,0.0,6.0,8,33.0752477267604,82.61008611230176,pobre,0,6,750.0,687.0,1.0,39.0,16,496,10555,6,0.0
97,0.0,0.0,2.1489999,1.0,5.0,8,33.0752477267604,82.61008611230176,pobre,0,6,750.0,687.0,1.0,39.0,11,496,10556,5,1.0
98,0.0,0.0,2.1489999,0.0,6.0,8,33.0752477267604,82.61008611230176,pobre,0,6,750.0,687.0,1.0,39.0,12,496,10556,5,1.0
97,0.0,0.0,2.1489999,1.0,1.0,8,33.0752477267604,82.61008611230176,pobre,0,6,750.0,687.0,1.0,39.0,7,496,10557,1,1.0
98,0.0,0.0,2.1489999,1.0,2.0,8,33.0752477267604,82.61008611230176,pobre,0,6,750.0,687.0,1.0,39.0,8,496,10557,1,1.0
97,0.0,0.0,2.1489999,1.0,10.0,10,33.0752477267604,82.61008611230176,pobre,0,2,750.0,597.0,1.0,48.0,16,496,10558,10,1.0
98,0.0,0.0,2.1489999,,,10,33.0752477267604,82.61008611230176,pobre,0,2,750.0,597.0,1.0,48.0,17,496,10558,10,1.0
97,0.0,0.0,2.1489999,1.0,1.0,10,33.0752477267604,82.61008611230176,pobre,0,2,750.0,597.0,1.0,48.0,7,496,10559,1,1.0
98,0.0,0.0,2.1489999,1.0,2.0,10,33.0752477267604,82.61008611230176,pobre,0,2,750.0,597.0,1.0,48.0,8,496,10559,1,1.0
97,1.0,0.0,2.1489999,1.0,0.0,10,33.0752477267604,82.61008611230176,pobre,0,2,750.0,597.0,1.0,48.0,6,496,10560,0,1.0
98,1.0,0.0,2.1489999,1.0,1.0,10,33.0752477267604,82.61008611230176,pobre,0,2,750.0,597.0,1.0,48.0,7,496,10560,0,1.0
97,0.0,0.0,2.1489999,1.0,4.0,5,33.0752477267604,82.61008611230176,no pobre,0,2,583.33331,1040.0,1.0,74.0,10,496,10561,4,1.0
98,0.0,0.0,2.1489999,1.0,5.0,5,33.0752477267604,82.61008611230176,no pobre,0,2,583.33331,1040.0,1.0,74.0,11,496,10561,4,1.0
97,1.0,0.0,2.1489999,0.0,6.0,8,33.0752477267604,82.61008611230176,no pobre,0,9,250.0,1098.0,1.0,52.0,16,496,10562,6,0.0
98,1.0,0.0,2.1489999,0.0,6.0,8,33.0752477267604,82.61008611230176,no pobre,0,9,250.0,1098.0,1.0,52.0,17,496,10562,6,0.0
97,1.0,0.0,2.1489999,0.0,5.0,8,33.0752477267604,82.61008611230176,pobre,0,0,750.0,657.0,1.0,58.0,14,496,10563,5,0.0
98,1.0,0.0,2.1489999,0.0,5.0,8,33.0752477267604,82.61008611230176,pobre,0,0,750.0,657.0,1.0,58.0,15,496,10563,5,0.0
97,1.0,0.0,2.1489999,0.0,4.0,8,33.0752477267604,82.61008611230176,pobre,0,0,750.0,657.0,1.0,58.0,12,496,10564,4,0.0
98,1.0,0.0,2.1489999,0.0,4.0,8,33.0752477267604,82.61008611230176,pobre,0,0,750.0,657.0,1.0,58.0,13,496,10564,4,0.0
97,0.0,0.0,2.1489999,1.0,1.0,8,33.0752477267604,82.61008611230176,pobre,0,0,750.0,657.0,1.0,58.0,8,496,10565,1,1.0
98,0.0,0.0,2.1489999,1.0,2.0,8,33.0752477267604,82.61008611230176,pobre,0,0,750.0,657.0,1.0,58.0,9,496,10565,1,1.0
97,0.0,0.0,2.1489999,1.0,2.0,8,33.0752477267604,82.61008611230176,pobre,0,0,750.0,657.0,1.0,58.0,8,496,10566,2,1.0
98,0.0,0.0,2.1489999,1.0,3.0,8,33.0752477267604,82.61008611230176,pobre,0,0,750.0,657.0,1.0,58.0,9,496,10566,2,1.0
97,1.0,0.0,2.1489999,1.0,0.0,8,33.0752477267604,82.61008611230176,pobre,0,0,750.0,657.0,1.0,58.0,6,496,10567,0,1.0
98,1.0,0.0,2.1489999,1.0,0.0,8,33.0752477267604,82.61008611230176,pobre,0,0,750.0,657.0,1.0,58.0,7,496,10567,0,1.0
97,0.0,0.0,2.053,0.0,6.0,5,34.70068413382722,79.87623975864597,pobre,0,6,750.0,715.0,1.0,33.0,14,497,10568,6,0.0
98,0.0,0.0,2.053,0.0,6.0,5,34.70068413382722,79.87623975864597,pobre,0,6,750.0,715.0,1.0,33.0,15,497,10568,6,0.0
97,0.0,0.0,2.053,1.0,3.0,5,34.70068413382722,79.87623975864597,pobre,0,6,750.0,715.0,1.0,33.0,12,497,10569,3,1.0
98,0.0,0.0,2.053,1.0,4.0,5,34.70068413382722,79.87623975864597,pobre,0,6,750.0,715.0,1.0,33.0,13,497,10569,3,1.0
97,1.0,0.0,2.053,1.0,0.0,5,34.70068413382722,79.87623975864597,pobre,0,6,750.0,715.0,1.0,33.0,6,497,10570,0,1.0
98,1.0,0.0,2.053,1.0,1.0,5,34.70068413382722,79.87623975864597,pobre,0,6,750.0,715.0,1.0,33.0,7,497,10570,0,1.0
97,0.0,0.0,2.053,1.0,8.0,8,34.70068413382722,79.87623975864597,no pobre,0,0,83.333336,800.0,0.0,61.0,13,497,10571,8,1.0
98,0.0,0.0,2.053,1.0,8.0,8,34.70068413382722,79.87623975864597,no pobre,0,0,83.333336,800.0,0.0,61.0,14,497,10571,8,1.0
97,0.0,0.0,2.053,1.0,5.0,5,34.70068413382722,79.87623975864597,pobre,0,0,750.0,757.0,1.0,34.0,13,497,10572,5,1.0
98,0.0,0.0,2.053,0.0,6.0,5,34.70068413382722,79.87623975864597,pobre,0,0,750.0,757.0,1.0,34.0,14,497,10572,5,1.0
97,1.0,0.0,2.053,1.0,3.0,5,34.70068413382722,79.87623975864597,pobre,0,0,750.0,757.0,1.0,34.0,11,497,10573,3,1.0
98,1.0,0.0,2.053,1.0,3.0,5,34.70068413382722,79.87623975864597,pobre,0,0,750.0,757.0,1.0,34.0,12,497,10573,3,1.0
97,0.0,0.0,2.053,1.0,1.0,5,34.70068413382722,79.87623975864597,pobre,0,0,750.0,757.0,1.0,34.0,7,497,10574,1,1.0
98,0.0,0.0,2.053,1.0,1.0,5,34.70068413382722,79.87623975864597,pobre,0,0,750.0,757.0,1.0,34.0,8,497,10574,1,1.0
97,0.0,0.0,2.053,1.0,3.0,10,34.70068413382722,79.87623975864597,pobre,0,4,750.0,730.0,1.0,63.0,12,497,10575,3,1.0
98,0.0,0.0,2.053,0.0,3.0,10,34.70068413382722,79.87623975864597,pobre,0,4,750.0,730.0,1.0,63.0,13,497,10575,3,1.0
97,1.0,0.0,2.053,1.0,2.0,10,34.70068413382722,79.87623975864597,pobre,0,4,750.0,730.0,1.0,63.0,10,497,10576,2,1.0
98,1.0,0.0,2.053,1.0,2.0,10,34.70068413382722,79.87623975864597,pobre,0,4,750.0,730.0,1.0,63.0,11,497,10576,2,1.0
97,1.0,0.0,2.053,,0.0,10,34.70068413382722,79.87623975864597,pobre,0,4,750.0,730.0,1.0,63.0,7,497,10577,0,
98,1.0,0.0,2.053,,,10,34.70068413382722,79.87623975864597,pobre,0,4,750.0,730.0,1.0,63.0,8,497,10577,0,
97,1.0,0.0,2.053,0.0,6.0,6,34.70068413382722,79.87623975864597,no pobre,0,3,750.0,922.0,1.0,38.0,15,497,10578,6,0.0
98,1.0,0.0,2.053,0.0,6.0,6,34.70068413382722,79.87623975864597,no pobre,0,3,750.0,922.0,1.0,38.0,16,497,10578,6,0.0
97,1.0,0.0,2.053,,0.0,6,34.70068413382722,79.87623975864597,no pobre,0,3,750.0,922.0,1.0,38.0,7,497,10579,0,
98,1.0,0.0,2.053,1.0,1.0,6,34.70068413382722,79.87623975864597,no pobre,0,3,750.0,922.0,1.0,38.0,8,497,10579,0,
97,1.0,0.0,2.053,0.0,6.0,3,34.70068413382722,79.87623975864597,no pobre,0,2,0.0,772.0,0.0,67.0,13,497,10580,6,0.0
98,1.0,0.0,2.053,0.0,6.0,3,34.70068413382722,79.87623975864597,no pobre,0,2,0.0,772.0,0.0,67.0,14,497,10580,6,0.0
97,1.0,0.0,2.053,1.0,4.0,3,34.70068413382722,79.87623975864597,no pobre,0,2,0.0,772.0,0.0,67.0,11,497,10581,4,1.0
98,1.0,0.0,2.053,1.0,5.0,3,34.70068413382722,79.87623975864597,no pobre,0,2,0.0,772.0,0.0,67.0,12,497,10581,4,1.0
97,0.0,0.0,2.053,1.0,2.0,4,34.70068413382722,79.87623975864597,no pobre,0,9,750.0,993.0,1.0,42.0,8,497,10582,2,1.0
98,0.0,0.0,2.053,1.0,3.0,4,34.70068413382722,79.87623975864597,no pobre,0,9,750.0,993.0,1.0,42.0,9,497,10582,2,1.0
97,0.0,0.0,2.1489999,1.0,3.0,4,33.0752477267604,82.61008611230176,no pobre,0,6,0.0,862.0,0.0,44.0,9,496,10583,3,1.0
98,0.0,0.0,2.1489999,1.0,4.0,4,33.0752477267604,82.61008611230176,no pobre,0,6,0.0,862.0,0.0,44.0,10,496,10583,3,1.0
97,1.0,0.0,2.053,0.0,6.0,3,34.70068413382722,79.87623975864597,pobre,0,0,625.0,754.0,0.0,44.0,11,497,10584,6,0.0
98,1.0,0.0,2.053,0.0,6.0,3,34.70068413382722,79.87623975864597,pobre,0,0,625.0,754.0,0.0,44.0,12,497,10584,6,0.0
97,0.0,0.0,2.053,1.0,1.0,3,34.70068413382722,79.87623975864597,pobre,0,0,625.0,754.0,0.0,44.0,8,497,10585,1,1.0
98,0.0,0.0,2.053,1.0,2.0,3,34.70068413382722,79.87623975864597,pobre,0,0,625.0,754.0,0.0,44.0,9,497,10585,1,1.0
97,0.0,0.0,2.053,1.0,0.0,3,34.70068413382722,79.87623975864597,pobre,0,6,0.0,742.0,0.0,23.0,6,497,10586,0,1.0
98,0.0,0.0,2.053,1.0,1.0,3,34.70068413382722,79.87623975864597,pobre,0,6,0.0,742.0,0.0,23.0,7,497,10586,0,1.0
97,0.0,0.0,2.053,1.0,10.0,2,34.70068413382722,79.87623975864597,no pobre,0,0,520.0,988.40002,0.0,36.0,16,497,10587,10,1.0
98,0.0,0.0,2.053,,,2,34.70068413382722,79.87623975864597,no pobre,0,0,520.0,988.40002,0.0,36.0,17,497,10587,10,1.0
97,0.0,0.0,2.053,1.0,7.0,8,34.70068413382722,79.87623975864597,no pobre,0,0,750.0,912.0,1.0,53.0,13,497,10588,7,1.0
98,0.0,0.0,2.053,1.0,8.0,8,34.70068413382722,79.87623975864597,no pobre,0,0,750.0,912.0,1.0,53.0,14,497,10588,7,1.0
97,1.0,0.0,2.053,1.0,5.0,3,34.70068413382722,79.87623975864597,pobre,0,3,875.0,625.0,1.0,38.0,11,497,10589,5,1.0
98,1.0,0.0,2.053,1.0,6.0,3,34.70068413382722,79.87623975864597,pobre,0,3,875.0,625.0,1.0,38.0,12,497,10589,5,1.0
97,1.0,0.0,2.053,1.0,3.0,5,34.70068413382722,79.87623975864597,pobre,0,4,833.33331,692.0,1.0,33.0,9,497,10590,3,1.0
98,1.0,0.0,2.053,1.0,4.0,5,34.70068413382722,79.87623975864597,pobre,0,4,833.33331,692.0,1.0,33.0,10,497,10590,3,1.0
97,1.0,0.0,2.053,1.0,1.0,5,34.70068413382722,79.87623975864597,pobre,0,4,833.33331,692.0,1.0,33.0,7,497,10591,1,1.0
98,1.0,0.0,2.053,1.0,2.0,5,34.70068413382722,79.87623975864597,pobre,0,4,833.33331,692.0,1.0,33.0,8,497,10591,1,1.0
97,1.0,0.0,2.053,0.0,2.0,5,34.70068413382722,79.87623975864597,pobre,0,3,625.0,789.0,1.0,40.0,15,497,10592,2,0.0
98,1.0,0.0,2.053,,,5,34.70068413382722,79.87623975864597,pobre,0,3,625.0,789.0,1.0,40.0,16,497,10592,2,0.0
97,0.0,0.0,2.053,1.0,5.0,5,34.70068413382722,79.87623975864597,pobre,0,3,625.0,789.0,1.0,40.0,13,497,10593,5,1.0
98,0.0,0.0,2.053,,,5,34.70068413382722,79.87623975864597,pobre,0,3,625.0,789.0,1.0,40.0,14,497,10593,5,1.0
97,1.0,0.0,2.053,1.0,5.0,5,34.70068413382722,79.87623975864597,pobre,0,3,625.0,789.0,1.0,40.0,11,497,10594,5,1.0
98,1.0,0.0,2.053,1.0,3.0,5,34.70068413382722,79.87623975864597,pobre,0,3,625.0,789.0,1.0,40.0,12,497,10594,5,1.0
97,0.0,0.0,2.053,,0.0,4,34.70068413382722,79.87623975864597,no pobre,0,2,0.0,1035.45,1.0,63.0,15,497,10595,0,
98,0.0,0.0,2.053,,,4,34.70068413382722,79.87623975864597,no pobre,0,2,0.0,1035.45,1.0,63.0,16,497,10595,0,
97,1.0,0.0,2.053,1.0,5.0,7,34.70068413382722,79.87623975864597,pobre,0,12,1500.0,815.0,1.0,35.0,12,497,10596,5,1.0
98,1.0,0.0,2.053,1.0,6.0,7,34.70068413382722,79.87623975864597,pobre,0,12,1500.0,815.0,1.0,35.0,13,497,10596,5,1.0
97,1.0,0.0,2.053,1.0,5.0,7,34.70068413382722,79.87623975864597,pobre,0,12,1500.0,815.0,1.0,35.0,10,497,10597,5,1.0
98,1.0,0.0,2.053,1.0,5.0,7,34.70068413382722,79.87623975864597,pobre,0,12,1500.0,815.0,1.0,35.0,11,497,10597,5,1.0
97,0.0,0.0,2.053,1.0,3.0,7,34.70068413382722,79.87623975864597,pobre,0,12,1500.0,815.0,1.0,35.0,10,497,10598,3,1.0
98,0.0,0.0,2.053,1.0,3.0,7,34.70068413382722,79.87623975864597,pobre,0,12,1500.0,815.0,1.0,35.0,11,497,10598,3,1.0
97,0.0,0.0,2.053,1.0,1.0,7,34.70068413382722,79.87623975864597,pobre,0,12,1500.0,815.0,1.0,35.0,7,497,10599,1,1.0
98,0.0,0.0,2.053,1.0,1.0,7,34.70068413382722,79.87623975864597,pobre,0,12,1500.0,815.0,1.0,35.0,8,497,10599,1,1.0
97,1.0,0.0,2.053,1.0,3.0,6,34.70068413382722,79.87623975864597,pobre,0,1,666.66669,728.0,1.0,54.0,9,497,10600,3,1.0
98,1.0,0.0,2.053,1.0,4.0,6,34.70068413382722,79.87623975864597,pobre,0,1,666.66669,728.0,1.0,54.0,10,497,10600,3,1.0
97,0.0,0.0,2.053,1.0,4.0,6,34.70068413382722,79.87623975864597,pobre,0,1,666.66669,728.0,1.0,54.0,12,497,10601,4,1.0
98,0.0,0.0,2.053,,,6,34.70068413382722,79.87623975864597,pobre,0,1,666.66669,728.0,1.0,54.0,13,497,10601,4,1.0
97,0.0,0.0,2.053,1.0,2.0,6,34.70068413382722,79.87623975864597,pobre,0,1,666.66669,728.0,1.0,54.0,9,497,10602,2,1.0
98,0.0,0.0,2.053,,,6,34.70068413382722,79.87623975864597,pobre,0,1,666.66669,728.0,1.0,54.0,10,497,10602,2,1.0
97,1.0,0.0,2.053,0.0,6.0,5,34.70068413382722,79.87623975864597,pobre,0,4,1500.0,880.0,1.0,50.0,15,497,10603,6,0.0
98,1.0,0.0,2.053,0.0,6.0,5,34.70068413382722,79.87623975864597,pobre,0,4,1500.0,880.0,1.0,50.0,16,497,10603,6,0.0
97,0.0,0.0,2.053,1.0,7.0,3,34.70068413382722,79.87623975864597,pobre,0,0,750.0,734.0,0.0,52.0,14,497,10604,7,1.0
98,0.0,0.0,2.053,1.0,8.0,3,34.70068413382722,79.87623975864597,pobre,0,0,750.0,734.0,0.0,52.0,15,497,10604,7,1.0
97,0.0,0.0,2.053,1.0,4.0,3,34.70068413382722,79.87623975864597,pobre,0,0,750.0,734.0,0.0,52.0,11,497,10605,4,1.0
98,0.0,0.0,2.053,1.0,5.0,3,34.70068413382722,79.87623975864597,pobre,0,0,750.0,734.0,0.0,52.0,12,497,10605,4,1.0
97,1.0,0.0,2.053,,0.0,4,34.70068413382722,79.87623975864597,pobre,0,0,750.0,718.0,1.0,29.0,6,497,10606,0,
98,1.0,0.0,2.053,1.0,1.0,4,34.70068413382722,79.87623975864597,pobre,0,0,750.0,718.0,1.0,29.0,7,497,10606,0,
97,0.0,0.0,2.053,1.0,2.0,4,34.70068413382722,79.87623975864597,pobre,0,5,1000.0,585.0,1.0,27.0,8,497,10607,2,1.0
98,0.0,0.0,2.053,1.0,3.0,4,34.70068413382722,79.87623975864597,pobre,0,5,1000.0,585.0,1.0,27.0,9,497,10607,2,1.0
97,0.0,0.0,2.053,1.0,5.0,4,34.70068413382722,79.87623975864597,no pobre,0,2,0.0,779.0,1.0,45.0,12,497,10608,5,1.0
98,0.0,0.0,2.053,,,4,34.70068413382722,79.87623975864597,no pobre,0,2,0.0,779.0,1.0,45.0,13,497,10608,5,1.0
97,0.0,0.0,2.053,1.0,5.0,6,34.70068413382722,79.87623975864597,pobre,0,3,750.0,666.0,1.0,40.0,11,497,10609,5,1.0
98,0.0,0.0,2.053,1.0,7.0,6,34.70068413382722,79.87623975864597,pobre,0,3,750.0,666.0,1.0,40.0,12,497,10609,5,1.0
97,1.0,0.0,2.053,1.0,4.0,6,34.70068413382722,79.87623975864597,pobre,0,3,750.0,666.0,1.0,40.0,10,497,10610,4,1.0
98,1.0,0.0,2.053,1.0,6.0,6,34.70068413382722,79.87623975864597,pobre,0,3,750.0,666.0,1.0,40.0,11,497,10610,4,1.0
97,0.0,0.0,2.053,0.0,9.0,7,34.70068413382722,79.87623975864597,no pobre,0,0,750.0,811.5,1.0,63.0,16,497,10611,9,0.0
98,0.0,0.0,2.053,0.0,9.0,7,34.70068413382722,79.87623975864597,no pobre,0,0,750.0,811.5,1.0,63.0,17,497,10611,9,0.0
97,1.0,0.0,2.053,0.0,6.0,7,34.70068413382722,79.87623975864597,no pobre,0,0,750.0,811.5,1.0,63.0,14,497,10612,6,0.0
98,1.0,0.0,2.053,0.0,6.0,7,34.70068413382722,79.87623975864597,no pobre,0,0,750.0,811.5,1.0,63.0,15,497,10612,6,0.0
97,0.0,0.0,2.053,0.0,9.0,6,34.70068413382722,79.87623975864597,pobre,0,6,1200.0,716.0,1.0,37.0,16,497,10613,9,0.0
98,0.0,0.0,2.053,,,6,34.70068413382722,79.87623975864597,pobre,0,6,1200.0,716.0,1.0,37.0,17,497,10613,9,0.0
97,0.0,0.0,2.053,0.0,9.0,6,34.70068413382722,79.87623975864597,pobre,0,6,1200.0,716.0,1.0,37.0,15,497,10614,9,0.0
98,0.0,0.0,2.053,0.0,9.0,6,34.70068413382722,79.87623975864597,pobre,0,6,1200.0,716.0,1.0,37.0,16,497,10614,9,0.0
97,1.0,0.0,2.053,1.0,5.0,6,34.70068413382722,79.87623975864597,pobre,0,6,1200.0,716.0,1.0,37.0,13,497,10615,5,1.0
98,1.0,0.0,2.053,0.0,6.0,6,34.70068413382722,79.87623975864597,pobre,0,6,1200.0,716.0,1.0,37.0,14,497,10615,5,1.0
97,0.0,0.0,2.053,1.0,6.0,6,34.70068413382722,79.87623975864597,pobre,0,6,1200.0,716.0,1.0,37.0,12,497,10616,6,1.0
98,0.0,0.0,2.053,0.0,6.0,6,34.70068413382722,79.87623975864597,pobre,0,6,1200.0,716.0,1.0,37.0,13,497,10616,6,1.0
97,1.0,0.0,2.053,0.0,3.0,5,34.70068413382722,79.87623975864597,pobre,0,0,800.0,751.0,1.0,40.0,15,497,10617,3,0.0
98,1.0,0.0,2.053,,,5,34.70068413382722,79.87623975864597,pobre,0,0,800.0,751.0,1.0,40.0,16,497,10617,3,0.0
97,1.0,0.0,2.053,,0.0,5,34.70068413382722,79.87623975864597,pobre,0,0,0.0,531.0,0.0,82.0,14,497,10618,0,
98,1.0,0.0,2.053,,,5,34.70068413382722,79.87623975864597,pobre,0,0,0.0,531.0,0.0,82.0,15,497,10618,0,
97,1.0,0.0,2.053,1.0,2.0,5,34.70068413382722,79.87623975864597,pobre,0,0,0.0,531.0,0.0,82.0,10,497,10619,2,1.0
98,1.0,0.0,2.053,,,5,34.70068413382722,79.87623975864597,pobre,0,0,0.0,531.0,0.0,82.0,11,497,10619,2,1.0
97,1.0,0.0,2.053,1.0,1.0,5,34.70068413382722,79.87623975864597,pobre,0,0,0.0,531.0,0.0,82.0,8,497,10620,1,1.0
98,1.0,0.0,2.053,1.0,1.0,5,34.70068413382722,79.87623975864597,pobre,0,0,0.0,531.0,0.0,82.0,9,497,10620,1,1.0
97,0.0,0.0,2.053,1.0,0.0,5,34.70068413382722,79.87623975864597,pobre,0,0,0.0,531.0,0.0,82.0,7,497,10621,0,1.0
98,0.0,0.0,2.053,1.0,1.0,5,34.70068413382722,79.87623975864597,pobre,0,0,0.0,531.0,0.0,82.0,8,497,10621,0,1.0
97,1.0,0.0,2.053,1.0,1.0,3,34.70068413382722,79.87623975864597,pobre,0,1,0.0,715.0,1.0,49.0,8,497,10622,1,1.0
98,1.0,0.0,2.053,1.0,2.0,3,34.70068413382722,79.87623975864597,pobre,0,1,0.0,715.0,1.0,49.0,9,497,10622,1,1.0
97,1.0,0.0,2.053,,0.0,6,34.70068413382722,79.87623975864597,pobre,0,0,600.0,560.0,1.0,24.0,13,497,10623,0,
98,1.0,0.0,2.053,1.0,5.0,6,34.70068413382722,79.87623975864597,pobre,0,0,600.0,560.0,1.0,24.0,14,497,10623,0,
97,0.0,0.0,2.053,1.0,5.0,6,34.70068413382722,79.87623975864597,pobre,0,0,600.0,560.0,1.0,24.0,12,497,10624,5,1.0
98,0.0,0.0,2.053,1.0,4.0,6,34.70068413382722,79.87623975864597,pobre,0,0,600.0,560.0,1.0,24.0,13,497,10624,5,1.0
97,0.0,0.0,2.053,,0.0,6,34.70068413382722,79.87623975864597,pobre,0,0,600.0,560.0,1.0,24.0,9,497,10625,0,
98,0.0,0.0,2.053,1.0,3.0,6,34.70068413382722,79.87623975864597,pobre,0,0,600.0,560.0,1.0,24.0,10,497,10625,0,
97,0.0,0.0,5.7490001,0.0,6.0,6,48.05399953766933,48.05399953766933,no pobre,basal,3,800.0,794.0,1.0,44.0,15,500,10626,6,0.0
98,0.0,0.0,5.7490001,0.0,6.0,6,48.05399953766933,48.05399953766933,no pobre,basal,3,800.0,794.0,1.0,44.0,16,500,10626,6,0.0
97,0.0,0.0,5.7490001,0.0,6.0,6,48.05399953766933,48.05399953766933,no pobre,basal,3,800.0,794.0,1.0,44.0,13,500,10627,6,0.0
98,0.0,0.0,5.7490001,0.0,6.0,6,48.05399953766933,48.05399953766933,no pobre,basal,3,800.0,794.0,1.0,44.0,14,500,10627,6,0.0
97,0.0,0.0,5.7490001,1.0,1.0,3,48.05399953766933,48.05399953766933,pobre,basal,3,750.0,832.0,1.0,29.0,7,500,10628,1,1.0
98,0.0,0.0,5.7490001,1.0,2.0,3,48.05399953766933,48.05399953766933,pobre,basal,3,750.0,832.0,1.0,29.0,8,500,10628,1,1.0
97,1.0,0.0,1.804,1.0,9.0,5,55.79645424585509,87.91263397514692,pobre,basal,1,750.0,877.0,1.0,44.0,15,414,10629,9,1.0
98,1.0,0.0,1.804,0.0,9.0,5,55.79645424585509,87.91263397514692,pobre,basal,1,750.0,877.0,1.0,44.0,16,414,10629,9,1.0
97,1.0,0.0,1.804,1.0,7.0,5,55.79645424585509,87.91263397514692,pobre,basal,1,750.0,877.0,1.0,44.0,13,414,10630,7,1.0
98,1.0,0.0,1.804,1.0,8.0,5,55.79645424585509,87.91263397514692,pobre,basal,1,750.0,877.0,1.0,44.0,14,414,10630,7,1.0
97,1.0,0.0,1.804,0.0,9.0,5,55.79645424585509,87.91263397514692,no pobre,basal,3,625.0,850.0,1.0,41.0,16,414,10631,9,0.0
98,1.0,0.0,1.804,,,5,55.79645424585509,87.91263397514692,no pobre,basal,3,625.0,850.0,1.0,41.0,17,414,10631,9,0.0
97,0.0,0.0,1.804,1.0,7.0,5,55.79645424585509,87.91263397514692,no pobre,basal,3,625.0,850.0,1.0,41.0,13,414,10632,7,1.0
98,0.0,0.0,1.804,1.0,8.0,5,55.79645424585509,87.91263397514692,no pobre,basal,3,625.0,850.0,1.0,41.0,14,414,10632,7,1.0
97,1.0,0.0,1.804,1.0,0.0,5,55.79645424585509,87.91263397514692,no pobre,basal,3,625.0,850.0,1.0,41.0,7,414,10633,0,1.0
98,1.0,0.0,1.804,1.0,1.0,5,55.79645424585509,87.91263397514692,no pobre,basal,3,625.0,850.0,1.0,41.0,8,414,10633,0,1.0
97,0.0,0.0,1.804,0.0,9.0,8,55.79645424585509,87.91263397514692,pobre,basal,3,500.0,588.0,1.0,39.0,15,414,10634,9,0.0
98,0.0,0.0,1.804,0.0,9.0,8,55.79645424585509,87.91263397514692,pobre,basal,3,500.0,588.0,1.0,39.0,16,414,10634,9,0.0
97,1.0,0.0,1.804,1.0,6.0,8,55.79645424585509,87.91263397514692,pobre,basal,3,500.0,588.0,1.0,39.0,14,414,10635,6,1.0
98,1.0,0.0,1.804,1.0,7.0,8,55.79645424585509,87.91263397514692,pobre,basal,3,500.0,588.0,1.0,39.0,15,414,10635,6,1.0
97,0.0,0.0,1.804,1.0,5.0,8,55.79645424585509,87.91263397514692,pobre,basal,3,500.0,588.0,1.0,39.0,12,414,10636,5,1.0
98,0.0,0.0,1.804,1.0,6.0,8,55.79645424585509,87.91263397514692,pobre,basal,3,500.0,588.0,1.0,39.0,13,414,10636,5,1.0
97,1.0,0.0,1.804,1.0,2.0,8,55.79645424585509,87.91263397514692,pobre,basal,3,500.0,588.0,1.0,39.0,10,414,10637,2,1.0
98,1.0,0.0,1.804,1.0,3.0,8,55.79645424585509,87.91263397514692,pobre,basal,3,500.0,588.0,1.0,39.0,11,414,10637,2,1.0
97,0.0,0.0,1.804,1.0,2.0,8,55.79645424585509,87.91263397514692,pobre,basal,3,500.0,588.0,1.0,39.0,8,414,10638,2,1.0
98,0.0,0.0,1.804,1.0,3.0,8,55.79645424585509,87.91263397514692,pobre,basal,3,500.0,588.0,1.0,39.0,9,414,10638,2,1.0
97,0.0,0.0,1.804,0.0,6.0,9,55.79645424585509,87.91263397514692,pobre,basal,3,500.0,817.0,1.0,44.0,13,414,10639,6,0.0
98,0.0,0.0,1.804,0.0,6.0,9,55.79645424585509,87.91263397514692,pobre,basal,3,500.0,817.0,1.0,44.0,14,414,10639,6,0.0
97,0.0,0.0,1.804,1.0,5.0,9,55.79645424585509,87.91263397514692,pobre,basal,3,500.0,817.0,1.0,44.0,11,414,10640,5,1.0
98,0.0,0.0,1.804,0.0,6.0,9,55.79645424585509,87.91263397514692,pobre,basal,3,500.0,817.0,1.0,44.0,12,414,10640,5,1.0
97,1.0,0.0,1.804,1.0,2.0,9,55.79645424585509,87.91263397514692,pobre,basal,3,500.0,817.0,1.0,44.0,8,414,10641,2,1.0
98,1.0,0.0,1.804,1.0,3.0,9,55.79645424585509,87.91263397514692,pobre,basal,3,500.0,817.0,1.0,44.0,9,414,10641,2,1.0
97,0.0,0.0,1.804,0.0,6.0,5,55.79645424585509,87.91263397514692,pobre,basal,6,750.0,781.0,1.0,23.0,16,414,10642,6,0.0
98,0.0,0.0,1.804,,,5,55.79645424585509,87.91263397514692,pobre,basal,6,750.0,781.0,1.0,23.0,17,414,10642,6,0.0
97,1.0,0.0,1.804,1.0,0.0,4,55.79645424585509,87.91263397514692,pobre,basal,3,550.0,755.0,1.0,31.0,7,414,10643,0,1.0
98,1.0,0.0,1.804,1.0,3.0,4,55.79645424585509,87.91263397514692,pobre,basal,3,550.0,755.0,1.0,31.0,8,414,10643,0,1.0
97,0.0,0.0,1.804,1.0,2.0,3,55.79645424585509,87.91263397514692,no pobre,basal,9,625.0,828.0,1.0,33.0,8,414,10644,2,1.0
98,0.0,0.0,1.804,1.0,3.0,3,55.79645424585509,87.91263397514692,no pobre,basal,9,625.0,828.0,1.0,33.0,9,414,10644,2,1.0
97,1.0,0.0,1.804,0.0,3.0,4,55.79645424585509,87.91263397514692,pobre,basal,0,375.0,729.0,1.0,58.0,13,414,10645,3,0.0
98,1.0,0.0,1.804,0.0,3.0,4,55.79645424585509,87.91263397514692,pobre,basal,0,375.0,729.0,1.0,58.0,14,414,10645,3,0.0
97,1.0,0.0,1.804,1.0,4.0,4,55.79645424585509,87.91263397514692,pobre,basal,0,375.0,729.0,1.0,58.0,10,414,10646,4,1.0
98,1.0,0.0,1.804,1.0,5.0,4,55.79645424585509,87.91263397514692,pobre,basal,0,375.0,729.0,1.0,58.0,11,414,10646,4,1.0
97,1.0,0.0,1.804,1.0,7.0,5,55.79645424585509,87.91263397514692,pobre,basal,3,750.0,877.0,1.0,37.0,14,414,10647,7,1.0
98,1.0,0.0,1.804,1.0,8.0,5,55.79645424585509,87.91263397514692,pobre,basal,3,750.0,877.0,1.0,37.0,15,414,10647,7,1.0
97,0.0,0.0,1.804,1.0,6.0,5,55.79645424585509,87.91263397514692,pobre,basal,3,750.0,877.0,1.0,37.0,12,414,10648,6,1.0
98,0.0,0.0,1.804,1.0,7.0,5,55.79645424585509,87.91263397514692,pobre,basal,3,750.0,877.0,1.0,37.0,13,414,10648,6,1.0
97,0.0,0.0,1.804,1.0,1.0,5,55.79645424585509,87.91263397514692,pobre,basal,3,750.0,694.0,1.0,31.0,7,414,10649,1,1.0
98,0.0,0.0,1.804,1.0,2.0,5,55.79645424585509,87.91263397514692,pobre,basal,3,750.0,694.0,1.0,31.0,8,414,10649,1,1.0
97,1.0,0.0,1.804,0.0,9.0,8,55.79645424585509,87.91263397514692,pobre,basal,2,625.0,720.0,1.0,40.0,16,414,10650,9,0.0
98,1.0,0.0,1.804,,,8,55.79645424585509,87.91263397514692,pobre,basal,2,625.0,720.0,1.0,40.0,17,414,10650,9,0.0
97,1.0,0.0,1.804,1.0,8.0,8,55.79645424585509,87.91263397514692,pobre,basal,2,625.0,720.0,1.0,40.0,15,414,10651,8,1.0
98,1.0,0.0,1.804,0.0,9.0,8,55.79645424585509,87.91263397514692,pobre,basal,2,625.0,720.0,1.0,40.0,16,414,10651,8,1.0
97,1.0,0.0,1.804,1.0,7.0,8,55.79645424585509,87.91263397514692,pobre,basal,2,625.0,720.0,1.0,40.0,14,414,10652,7,1.0
98,1.0,0.0,1.804,1.0,8.0,8,55.79645424585509,87.91263397514692,pobre,basal,2,625.0,720.0,1.0,40.0,15,414,10652,7,1.0
97,0.0,0.0,1.804,0.0,6.0,8,55.79645424585509,87.91263397514692,pobre,basal,2,625.0,720.0,1.0,40.0,12,414,10653,6,0.0
98,0.0,0.0,1.804,0.0,6.0,8,55.79645424585509,87.91263397514692,pobre,basal,2,625.0,720.0,1.0,40.0,13,414,10653,6,0.0
97,1.0,0.0,1.804,0.0,3.0,8,55.79645424585509,87.91263397514692,pobre,basal,2,625.0,720.0,1.0,40.0,10,414,10654,3,0.0
98,1.0,0.0,1.804,1.0,4.0,8,55.79645424585509,87.91263397514692,pobre,basal,2,625.0,720.0,1.0,40.0,11,414,10654,3,0.0
97,1.0,0.0,1.804,1.0,2.0,8,55.79645424585509,87.91263397514692,pobre,basal,2,625.0,720.0,1.0,40.0,8,414,10655,2,1.0
98,1.0,0.0,1.804,1.0,2.0,8,55.79645424585509,87.91263397514692,pobre,basal,2,625.0,720.0,1.0,40.0,9,414,10655,2,1.0
97,1.0,0.0,2.7679999,1.0,5.0,7,55.41059088687911,95.83280669175524,no pobre,0,9,500.0,845.0,1.0,44.0,13,413,10656,5,1.0
98,1.0,0.0,2.7679999,1.0,6.0,7,55.41059088687911,95.83280669175524,no pobre,0,9,500.0,845.0,1.0,44.0,14,413,10656,5,1.0
97,0.0,0.0,2.7679999,1.0,2.0,7,55.41059088687911,95.83280669175524,no pobre,0,9,500.0,845.0,1.0,44.0,11,413,10657,2,1.0
98,0.0,0.0,2.7679999,1.0,2.0,7,55.41059088687911,95.83280669175524,no pobre,0,9,500.0,845.0,1.0,44.0,12,413,10657,2,1.0
97,1.0,0.0,2.7679999,1.0,2.0,7,55.41059088687911,95.83280669175524,no pobre,0,9,500.0,845.0,1.0,44.0,8,413,10658,2,1.0
98,1.0,0.0,2.7679999,1.0,3.0,7,55.41059088687911,95.83280669175524,no pobre,0,9,500.0,845.0,1.0,44.0,9,413,10658,2,1.0
97,1.0,0.0,1.804,1.0,8.0,8,55.79645424585509,87.91263397514692,pobre,basal,2,625.0,761.0,0.0,46.0,15,414,10659,8,1.0
98,1.0,0.0,1.804,0.0,9.0,8,55.79645424585509,87.91263397514692,pobre,basal,2,625.0,761.0,0.0,46.0,16,414,10659,8,1.0
97,1.0,0.0,1.804,1.0,6.0,8,55.79645424585509,87.91263397514692,pobre,basal,2,625.0,761.0,0.0,46.0,13,414,10660,6,1.0
98,1.0,0.0,1.804,1.0,7.0,8,55.79645424585509,87.91263397514692,pobre,basal,2,625.0,761.0,0.0,46.0,14,414,10660,6,1.0
97,1.0,0.0,1.804,1.0,4.0,8,55.79645424585509,87.91263397514692,pobre,basal,2,625.0,761.0,0.0,46.0,10,414,10661,4,1.0
98,1.0,0.0,1.804,1.0,5.0,8,55.79645424585509,87.91263397514692,pobre,basal,2,625.0,761.0,0.0,46.0,11,414,10661,4,1.0
97,0.0,0.0,1.804,0.0,6.0,7,55.79645424585509,87.91263397514692,no pobre,basal,4,0.0,781.5,1.0,62.0,16,414,10662,6,0.0
98,0.0,0.0,1.804,,,7,55.79645424585509,87.91263397514692,no pobre,basal,4,0.0,781.5,1.0,62.0,17,414,10662,6,0.0
97,1.0,0.0,1.804,1.0,5.0,7,55.79645424585509,87.91263397514692,no pobre,basal,4,0.0,781.5,1.0,62.0,13,414,10663,5,1.0
98,1.0,0.0,1.804,1.0,6.0,7,55.79645424585509,87.91263397514692,no pobre,basal,4,0.0,781.5,1.0,62.0,14,414,10663,5,1.0
97,1.0,0.0,1.804,0.0,6.0,9,55.79645424585509,87.91263397514692,pobre,basal,3,750.0,601.0,1.0,35.0,15,414,10664,6,0.0
98,1.0,0.0,1.804,,,9,55.79645424585509,87.91263397514692,pobre,basal,3,750.0,601.0,1.0,35.0,16,414,10664,6,0.0
97,0.0,0.0,1.804,0.0,6.0,9,55.79645424585509,87.91263397514692,pobre,basal,3,750.0,601.0,1.0,35.0,13,414,10665,6,0.0
98,0.0,0.0,1.804,1.0,6.0,9,55.79645424585509,87.91263397514692,pobre,basal,3,750.0,601.0,1.0,35.0,14,414,10665,6,0.0
97,1.0,0.0,1.804,1.0,3.0,9,55.79645424585509,87.91263397514692,pobre,basal,3,750.0,601.0,1.0,35.0,10,414,10666,3,1.0
98,1.0,0.0,1.804,1.0,4.0,9,55.79645424585509,87.91263397514692,pobre,basal,3,750.0,601.0,1.0,35.0,11,414,10666,3,1.0
97,0.0,0.0,1.804,1.0,3.0,9,55.79645424585509,87.91263397514692,pobre,basal,3,750.0,601.0,1.0,35.0,9,414,10667,3,1.0
98,0.0,0.0,1.804,1.0,4.0,9,55.79645424585509,87.91263397514692,pobre,basal,3,750.0,601.0,1.0,35.0,10,414,10667,3,1.0
97,1.0,0.0,1.804,1.0,0.0,9,55.79645424585509,87.91263397514692,pobre,basal,3,750.0,601.0,1.0,35.0,6,414,10668,0,1.0
98,1.0,0.0,1.804,1.0,1.0,9,55.79645424585509,87.91263397514692,pobre,basal,3,750.0,601.0,1.0,35.0,7,414,10668,0,1.0
97,1.0,0.0,1.804,1.0,8.0,4,55.79645424585509,87.91263397514692,pobre,basal,3,625.0,718.0,1.0,38.0,14,414,10669,8,1.0
98,1.0,0.0,1.804,1.0,9.0,4,55.79645424585509,87.91263397514692,pobre,basal,3,625.0,718.0,1.0,38.0,15,414,10669,8,1.0
97,1.0,0.0,1.804,1.0,7.0,4,55.79645424585509,87.91263397514692,pobre,basal,3,625.0,718.0,1.0,38.0,12,414,10670,7,1.0
98,1.0,0.0,1.804,1.0,8.0,4,55.79645424585509,87.91263397514692,pobre,basal,3,625.0,718.0,1.0,38.0,13,414,10670,7,1.0
97,1.0,0.0,1.804,1.0,1.0,4,55.79645424585509,87.91263397514692,pobre,basal,6,750.0,686.0,1.0,34.0,7,414,10671,1,1.0
98,1.0,0.0,1.804,1.0,2.0,4,55.79645424585509,87.91263397514692,pobre,basal,6,750.0,686.0,1.0,34.0,8,414,10671,1,1.0
97,1.0,0.0,1.804,1.0,0.0,4,55.79645424585509,87.91263397514692,pobre,basal,2,750.0,750.0,1.0,26.0,6,414,10672,0,1.0
98,1.0,0.0,1.804,1.0,1.0,4,55.79645424585509,87.91263397514692,pobre,basal,2,750.0,750.0,1.0,26.0,7,414,10672,0,1.0
97,1.0,0.0,1.804,1.0,4.0,4,55.79645424585509,87.91263397514692,pobre,basal,1,625.0,766.0,1.0,65.0,10,414,10673,4,1.0
98,1.0,0.0,1.804,1.0,5.0,4,55.79645424585509,87.91263397514692,pobre,basal,1,625.0,766.0,1.0,65.0,11,414,10673,4,1.0
97,0.0,0.0,1.804,1.0,0.0,3,55.79645424585509,87.91263397514692,pobre,basal,2,625.0,824.0,1.0,65.0,8,414,10674,0,1.0
98,0.0,0.0,1.804,1.0,1.0,3,55.79645424585509,87.91263397514692,pobre,basal,2,625.0,824.0,1.0,65.0,9,414,10674,0,1.0
97,0.0,0.0,1.804,1.0,6.0,7,55.79645424585509,87.91263397514692,no pobre,basal,2,1250.0,1045.0,1.0,72.0,11,414,10675,6,1.0
98,0.0,0.0,1.804,1.0,6.0,7,55.79645424585509,87.91263397514692,no pobre,basal,2,1250.0,1045.0,1.0,72.0,12,414,10675,6,1.0
97,1.0,0.0,1.804,0.0,9.0,7,55.79645424585509,87.91263397514692,no pobre,basal,2,1250.0,1045.0,1.0,72.0,16,414,10676,9,0.0
98,1.0,0.0,1.804,,,7,55.79645424585509,87.91263397514692,no pobre,basal,2,1250.0,1045.0,1.0,72.0,17,414,10676,9,0.0
97,0.0,0.0,1.804,0.0,8.0,8,55.79645424585509,87.91263397514692,pobre,basal,3,625.0,689.0,1.0,42.0,15,414,10677,8,0.0
98,0.0,0.0,1.804,1.0,8.0,8,55.79645424585509,87.91263397514692,pobre,basal,3,625.0,689.0,1.0,42.0,16,414,10677,8,0.0
97,1.0,0.0,1.804,0.0,6.0,8,55.79645424585509,87.91263397514692,pobre,basal,3,625.0,689.0,1.0,42.0,14,414,10678,6,0.0
98,1.0,0.0,1.804,1.0,6.0,8,55.79645424585509,87.91263397514692,pobre,basal,3,625.0,689.0,1.0,42.0,15,414,10678,6,0.0
97,0.0,0.0,1.804,1.0,2.0,8,55.79645424585509,87.91263397514692,pobre,basal,3,625.0,689.0,1.0,42.0,8,414,10679,2,1.0
98,0.0,0.0,1.804,1.0,2.0,8,55.79645424585509,87.91263397514692,pobre,basal,3,625.0,689.0,1.0,42.0,9,414,10679,2,1.0
97,1.0,0.0,1.804,1.0,5.0,5,55.79645424585509,87.91263397514692,no pobre,basal,8,625.0,992.97998,1.0,33.0,11,414,10680,5,1.0
98,1.0,0.0,1.804,1.0,5.0,5,55.79645424585509,87.91263397514692,no pobre,basal,8,625.0,992.97998,1.0,33.0,12,414,10680,5,1.0
97,0.0,0.0,1.804,1.0,5.0,5,55.79645424585509,87.91263397514692,no pobre,basal,8,625.0,992.97998,1.0,33.0,10,414,10681,5,1.0
98,0.0,0.0,1.804,1.0,5.0,5,55.79645424585509,87.91263397514692,no pobre,basal,8,625.0,992.97998,1.0,33.0,11,414,10681,5,1.0
97,0.0,0.0,1.804,1.0,3.0,5,55.79645424585509,87.91263397514692,no pobre,basal,8,625.0,992.97998,1.0,33.0,8,414,10682,3,1.0
98,0.0,0.0,1.804,1.0,3.0,5,55.79645424585509,87.91263397514692,no pobre,basal,8,625.0,992.97998,1.0,33.0,9,414,10682,3,1.0
97,0.0,0.0,1.804,1.0,5.0,5,55.79645424585509,87.91263397514692,pobre,basal,0,625.0,664.0,1.0,30.0,10,414,10683,5,1.0
98,0.0,0.0,1.804,1.0,5.0,5,55.79645424585509,87.91263397514692,pobre,basal,0,625.0,664.0,1.0,30.0,11,414,10683,5,1.0
97,1.0,0.0,1.804,1.0,1.0,5,55.79645424585509,87.91263397514692,pobre,basal,0,625.0,664.0,1.0,30.0,6,414,10684,1,1.0
98,1.0,0.0,1.804,1.0,1.0,5,55.79645424585509,87.91263397514692,pobre,basal,0,625.0,664.0,1.0,30.0,7,414,10684,1,1.0
97,1.0,0.0,1.804,1.0,1.0,3,55.79645424585509,87.91263397514692,pobre,basal,0,625.0,740.91998,1.0,36.0,6,414,10685,1,1.0
98,1.0,0.0,1.804,1.0,2.0,3,55.79645424585509,87.91263397514692,pobre,basal,0,625.0,740.91998,1.0,36.0,7,414,10685,1,1.0
97,0.0,0.0,1.804,1.0,1.0,9,55.79645424585509,87.91263397514692,pobre,basal,0,625.0,516.0,1.0,39.0,6,414,10686,1,1.0
98,0.0,0.0,1.804,1.0,0.0,9,55.79645424585509,87.91263397514692,pobre,basal,0,625.0,516.0,1.0,39.0,7,414,10686,1,1.0
97,0.0,0.0,1.804,1.0,2.0,9,55.79645424585509,87.91263397514692,pobre,basal,0,625.0,516.0,1.0,39.0,9,414,10687,2,1.0
98,0.0,0.0,1.804,1.0,2.0,9,55.79645424585509,87.91263397514692,pobre,basal,0,625.0,516.0,1.0,39.0,10,414,10687,2,1.0
97,0.0,0.0,1.804,0.0,6.0,9,55.79645424585509,87.91263397514692,pobre,basal,0,625.0,516.0,1.0,39.0,12,414,10688,6,0.0
98,0.0,0.0,1.804,,,9,55.79645424585509,87.91263397514692,pobre,basal,0,625.0,516.0,1.0,39.0,13,414,10688,6,0.0
97,1.0,0.0,1.804,0.0,6.0,9,55.79645424585509,87.91263397514692,pobre,basal,0,625.0,516.0,1.0,39.0,15,414,10689,6,0.0
98,1.0,0.0,1.804,0.0,6.0,9,55.79645424585509,87.91263397514692,pobre,basal,0,625.0,516.0,1.0,39.0,16,414,10689,6,0.0
97,1.0,0.0,1.804,1.0,2.0,3,55.79645424585509,87.91263397514692,no pobre,basal,1,300.0,914.0,0.0,45.0,9,414,10690,2,1.0
98,1.0,0.0,1.804,1.0,2.0,3,55.79645424585509,87.91263397514692,no pobre,basal,1,300.0,914.0,0.0,45.0,10,414,10690,2,1.0
97,1.0,0.0,1.804,1.0,7.0,7,55.79645424585509,87.91263397514692,no pobre,basal,6,625.0,790.0,1.0,46.0,13,414,10691,7,1.0
98,1.0,0.0,1.804,1.0,7.0,7,55.79645424585509,87.91263397514692,no pobre,basal,6,625.0,790.0,1.0,46.0,14,414,10691,7,1.0
97,0.0,0.0,1.804,1.0,1.0,5,55.79645424585509,87.91263397514692,pobre,basal,1,625.0,750.0,1.0,25.0,7,414,10692,1,1.0
98,0.0,0.0,1.804,1.0,2.0,5,55.79645424585509,87.91263397514692,pobre,basal,1,625.0,750.0,1.0,25.0,8,414,10692,1,1.0
97,0.0,0.0,1.804,1.0,4.0,6,55.79645424585509,87.91263397514692,pobre,basal,0,480.0,703.0,1.0,32.0,9,414,10693,4,1.0
98,0.0,0.0,1.804,1.0,5.0,6,55.79645424585509,87.91263397514692,pobre,basal,0,480.0,703.0,1.0,32.0,10,414,10693,4,1.0
97,1.0,0.0,1.804,1.0,1.0,6,55.79645424585509,87.91263397514692,pobre,basal,0,480.0,703.0,1.0,32.0,7,414,10694,1,1.0
98,1.0,0.0,1.804,1.0,1.0,6,55.79645424585509,87.91263397514692,pobre,basal,0,480.0,703.0,1.0,32.0,8,414,10694,1,1.0
97,0.0,0.0,1.804,1.0,6.0,4,55.79645424585509,87.91263397514692,no pobre,basal,3,750.0,830.0,1.0,39.0,11,414,10695,6,1.0
98,0.0,0.0,1.804,1.0,7.0,4,55.79645424585509,87.91263397514692,no pobre,basal,3,750.0,830.0,1.0,39.0,12,414,10695,6,1.0
97,1.0,0.0,1.804,1.0,4.0,4,55.79645424585509,87.91263397514692,no pobre,basal,3,750.0,830.0,1.0,39.0,9,414,10696,4,1.0
98,1.0,0.0,1.804,1.0,5.0,4,55.79645424585509,87.91263397514692,no pobre,basal,3,750.0,830.0,1.0,39.0,10,414,10696,4,1.0
97,1.0,0.0,1.804,0.0,4.0,5,55.79645424585509,87.91263397514692,no pobre,basal,0,625.0,788.0,1.0,31.0,15,414,10697,4,0.0
98,1.0,0.0,1.804,,,5,55.79645424585509,87.91263397514692,no pobre,basal,0,625.0,788.0,1.0,31.0,16,414,10697,4,0.0
97,0.0,0.0,1.804,0.0,2.0,5,55.79645424585509,87.91263397514692,no pobre,basal,0,625.0,788.0,1.0,31.0,13,414,10698,2,0.0
98,0.0,0.0,1.804,,,5,55.79645424585509,87.91263397514692,no pobre,basal,0,625.0,788.0,1.0,31.0,14,414,10698,2,0.0
97,1.0,0.0,1.804,1.0,7.0,5,55.79645424585509,87.91263397514692,no pobre,basal,3,500.0,794.0,1.0,45.0,12,414,10699,7,1.0
98,1.0,0.0,1.804,1.0,7.0,5,55.79645424585509,87.91263397514692,no pobre,basal,3,500.0,794.0,1.0,45.0,13,414,10699,7,1.0
97,1.0,0.0,1.804,0.0,6.0,6,55.79645424585509,87.91263397514692,pobre,basal,0,0.0,784.0,0.0,57.0,15,414,10700,6,0.0
98,1.0,0.0,1.804,0.0,6.0,6,55.79645424585509,87.91263397514692,pobre,basal,0,0.0,784.0,0.0,57.0,16,414,10700,6,0.0
97,1.0,0.0,1.804,1.0,5.0,5,55.79645424585509,87.91263397514692,no pobre,basal,4,625.0,780.5,0.0,48.0,12,414,10701,5,1.0
98,1.0,0.0,1.804,0.0,6.0,5,55.79645424585509,87.91263397514692,no pobre,basal,4,625.0,780.5,0.0,48.0,13,414,10701,5,1.0
97,0.0,0.0,1.804,0.0,9.0,2,55.79645424585509,87.91263397514692,no pobre,basal,3,500.0,808.0,0.0,50.0,16,414,10702,9,0.0
98,0.0,0.0,1.804,0.0,9.0,2,55.79645424585509,87.91263397514692,no pobre,basal,3,500.0,808.0,0.0,50.0,17,414,10702,9,0.0
97,1.0,0.0,2.7679999,1.0,1.0,6,55.41059088687911,95.83280669175524,pobre,0,6,625.0,631.0,1.0,30.0,6,413,10703,1,1.0
98,1.0,0.0,2.7679999,1.0,0.0,6,55.41059088687911,95.83280669175524,pobre,0,6,625.0,631.0,1.0,30.0,7,413,10703,1,1.0
97,0.0,0.0,2.7679999,1.0,6.0,5,55.41059088687911,95.83280669175524,pobre,0,3,500.0,752.0,1.0,51.0,14,413,10704,6,1.0
98,0.0,0.0,2.7679999,0.0,6.0,5,55.41059088687911,95.83280669175524,pobre,0,3,500.0,752.0,1.0,51.0,15,413,10704,6,1.0
97,0.0,0.0,2.7679999,1.0,6.0,5,55.41059088687911,95.83280669175524,pobre,0,3,500.0,752.0,1.0,51.0,14,413,10705,6,1.0
98,0.0,0.0,2.7679999,0.0,6.0,5,55.41059088687911,95.83280669175524,pobre,0,3,500.0,752.0,1.0,51.0,15,413,10705,6,1.0
97,1.0,0.0,2.7679999,1.0,0.0,5,55.41059088687911,95.83280669175524,pobre,0,3,750.0,726.0,1.0,24.0,6,413,10706,0,1.0
98,1.0,0.0,2.7679999,,,5,55.41059088687911,95.83280669175524,pobre,0,3,750.0,726.0,1.0,24.0,7,413,10706,0,1.0
97,0.0,0.0,2.7679999,0.0,5.0,13,55.41059088687911,95.83280669175524,pobre,0,4,2500.0,769.0,1.0,42.0,16,413,10707,5,0.0
98,0.0,0.0,2.7679999,0.0,5.0,13,55.41059088687911,95.83280669175524,pobre,0,4,2500.0,769.0,1.0,42.0,17,413,10707,5,0.0
97,1.0,0.0,2.7679999,0.0,6.0,13,55.41059088687911,95.83280669175524,pobre,0,4,2500.0,769.0,1.0,42.0,14,413,10708,6,0.0
98,1.0,0.0,2.7679999,1.0,6.0,13,55.41059088687911,95.83280669175524,pobre,0,4,2500.0,769.0,1.0,42.0,15,413,10708,6,0.0
97,0.0,0.0,2.7679999,1.0,3.0,13,55.41059088687911,95.83280669175524,pobre,0,4,2500.0,769.0,1.0,42.0,12,413,10709,3,1.0
98,0.0,0.0,2.7679999,1.0,4.0,13,55.41059088687911,95.83280669175524,pobre,0,4,2500.0,769.0,1.0,42.0,13,413,10709,3,1.0
97,1.0,0.0,2.7679999,1.0,2.0,13,55.41059088687911,95.83280669175524,pobre,0,4,2500.0,769.0,1.0,42.0,11,413,10710,2,1.0
98,1.0,0.0,2.7679999,1.0,3.0,13,55.41059088687911,95.83280669175524,pobre,0,4,2500.0,769.0,1.0,42.0,12,413,10710,2,1.0
97,0.0,0.0,2.7679999,1.0,1.0,13,55.41059088687911,95.83280669175524,pobre,0,4,2500.0,769.0,1.0,42.0,9,413,10711,1,1.0
98,0.0,0.0,2.7679999,1.0,1.0,13,55.41059088687911,95.83280669175524,pobre,0,4,2500.0,769.0,1.0,42.0,10,413,10711,1,1.0
97,1.0,0.0,2.7679999,1.0,0.0,13,55.41059088687911,95.83280669175524,pobre,0,4,2500.0,769.0,1.0,42.0,7,413,10712,0,1.0
98,1.0,0.0,2.7679999,1.0,0.0,13,55.41059088687911,95.83280669175524,pobre,0,4,2500.0,769.0,1.0,42.0,8,413,10712,0,1.0
97,0.0,0.0,2.7679999,0.0,2.0,5,55.41059088687911,95.83280669175524,pobre,0,0,1500.0,789.0,0.0,40.0,16,413,10713,2,0.0
98,0.0,0.0,2.7679999,,,5,55.41059088687911,95.83280669175524,pobre,0,0,1500.0,789.0,0.0,40.0,17,413,10713,2,0.0
97,1.0,0.0,2.7679999,1.0,2.0,5,55.41059088687911,95.83280669175524,pobre,0,0,1500.0,789.0,0.0,40.0,12,413,10714,2,1.0
98,1.0,0.0,2.7679999,1.0,3.0,5,55.41059088687911,95.83280669175524,pobre,0,0,1500.0,789.0,0.0,40.0,13,413,10714,2,1.0
97,0.0,0.0,2.7679999,1.0,0.0,5,55.41059088687911,95.83280669175524,pobre,0,0,1500.0,789.0,0.0,40.0,6,413,10715,0,1.0
98,0.0,0.0,2.7679999,,,5,55.41059088687911,95.83280669175524,pobre,0,0,1500.0,789.0,0.0,40.0,7,413,10715,0,1.0
97,1.0,0.0,3.171,1.0,1.0,4,44.30938010347682,65.673572495193,no pobre,basal,4,1250.0,764.0,1.0,29.0,8,499,10716,1,1.0
98,1.0,0.0,3.171,1.0,2.0,4,44.30938010347682,65.673572495193,no pobre,basal,4,1250.0,764.0,1.0,29.0,9,499,10716,1,1.0
97,0.0,0.0,3.171,0.0,6.0,9,44.30938010347682,65.673572495193,no pobre,basal,3,750.0,916.5,1.0,58.0,15,499,10717,6,0.0
98,0.0,0.0,3.171,0.0,6.0,9,44.30938010347682,65.673572495193,no pobre,basal,3,750.0,916.5,1.0,58.0,16,499,10717,6,0.0
97,1.0,0.0,3.171,0.0,6.0,9,44.30938010347682,65.673572495193,no pobre,basal,3,750.0,916.5,1.0,58.0,12,499,10718,6,0.0
98,1.0,0.0,3.171,0.0,6.0,9,44.30938010347682,65.673572495193,no pobre,basal,3,750.0,916.5,1.0,58.0,13,499,10718,6,0.0
97,1.0,0.0,3.171,1.0,0.0,6,44.30938010347682,65.673572495193,pobre,basal,4,875.0,652.0,1.0,26.0,6,499,10719,0,1.0
98,1.0,0.0,3.171,1.0,1.0,6,44.30938010347682,65.673572495193,pobre,basal,4,875.0,652.0,1.0,26.0,7,499,10719,0,1.0
97,1.0,0.0,3.171,1.0,0.0,5,44.30938010347682,65.673572495193,pobre,basal,3,875.0,545.0,1.0,30.0,7,499,10720,0,1.0
98,1.0,0.0,3.171,1.0,1.0,5,44.30938010347682,65.673572495193,pobre,basal,3,875.0,545.0,1.0,30.0,8,499,10720,0,1.0
97,0.0,0.0,3.171,0.0,9.0,9,44.30938010347682,65.673572495193,no pobre,basal,3,7500.0,836.0,1.0,44.0,16,499,10721,9,0.0
98,0.0,0.0,3.171,,,9,44.30938010347682,65.673572495193,no pobre,basal,3,7500.0,836.0,1.0,44.0,17,499,10721,9,0.0
97,1.0,0.0,3.171,0.0,6.0,9,44.30938010347682,65.673572495193,no pobre,basal,3,7500.0,836.0,1.0,44.0,15,499,10722,6,0.0
98,1.0,0.0,3.171,0.0,6.0,9,44.30938010347682,65.673572495193,no pobre,basal,3,7500.0,836.0,1.0,44.0,16,499,10722,6,0.0
97,0.0,0.0,3.171,1.0,5.0,9,44.30938010347682,65.673572495193,no pobre,basal,3,7500.0,836.0,1.0,44.0,13,499,10723,5,1.0
98,0.0,0.0,3.171,0.0,6.0,9,44.30938010347682,65.673572495193,no pobre,basal,3,7500.0,836.0,1.0,44.0,14,499,10723,5,1.0
97,1.0,0.0,3.171,1.0,5.0,9,44.30938010347682,65.673572495193,no pobre,basal,3,7500.0,836.0,1.0,44.0,11,499,10724,5,1.0
98,1.0,0.0,3.171,1.0,6.0,9,44.30938010347682,65.673572495193,no pobre,basal,3,7500.0,836.0,1.0,44.0,12,499,10724,5,1.0
97,1.0,0.0,3.171,1.0,2.0,9,44.30938010347682,65.673572495193,no pobre,basal,3,7500.0,836.0,1.0,44.0,8,499,10725,2,1.0
98,1.0,0.0,3.171,1.0,3.0,9,44.30938010347682,65.673572495193,no pobre,basal,3,7500.0,836.0,1.0,44.0,9,499,10725,2,1.0
97,1.0,0.0,3.171,0.0,6.0,4,44.30938010347682,65.673572495193,no pobre,basal,3,1250.0,916.0,1.0,52.0,16,499,10726,6,0.0
98,1.0,0.0,3.171,,,4,44.30938010347682,65.673572495193,no pobre,basal,3,1250.0,916.0,1.0,52.0,17,499,10726,6,0.0
97,1.0,0.0,3.171,1.0,5.0,4,44.30938010347682,65.673572495193,no pobre,basal,3,1250.0,916.0,1.0,52.0,13,499,10727,5,1.0
98,1.0,0.0,3.171,,,4,44.30938010347682,65.673572495193,no pobre,basal,3,1250.0,916.0,1.0,52.0,14,499,10727,5,1.0
97,1.0,0.0,3.171,0.0,6.0,7,44.30938010347682,65.673572495193,no pobre,basal,2,2500.0,844.91998,1.0,41.0,15,499,10728,6,0.0
98,1.0,0.0,3.171,,,7,44.30938010347682,65.673572495193,no pobre,basal,2,2500.0,844.91998,1.0,41.0,16,499,10728,6,0.0
97,1.0,0.0,3.171,1.0,6.0,7,44.30938010347682,65.673572495193,no pobre,basal,2,2500.0,844.91998,1.0,41.0,12,499,10729,6,1.0
98,1.0,0.0,3.171,,,7,44.30938010347682,65.673572495193,no pobre,basal,2,2500.0,844.91998,1.0,41.0,13,499,10729,6,1.0
97,1.0,0.0,3.171,1.0,6.0,7,44.30938010347682,65.673572495193,no pobre,basal,2,2500.0,844.91998,1.0,41.0,11,499,10730,6,1.0
98,1.0,0.0,3.171,,,7,44.30938010347682,65.673572495193,no pobre,basal,2,2500.0,844.91998,1.0,41.0,12,499,10730,6,1.0
97,1.0,0.0,3.171,0.0,2.0,6,44.30938010347682,65.673572495193,pobre,basal,0,750.0,725.0,1.0,56.0,14,499,10731,2,0.0
98,1.0,0.0,3.171,,,6,44.30938010347682,65.673572495193,pobre,basal,0,750.0,725.0,1.0,56.0,15,499,10731,2,0.0
97,0.0,0.0,3.171,1.0,1.0,6,44.30938010347682,65.673572495193,pobre,basal,0,750.0,725.0,1.0,56.0,11,499,10732,1,1.0
98,0.0,0.0,3.171,,,6,44.30938010347682,65.673572495193,pobre,basal,0,750.0,725.0,1.0,56.0,12,499,10732,1,1.0
97,1.0,0.0,3.171,1.0,8.0,8,44.30938010347682,65.673572495193,pobre,basal,1,750.0,678.0,1.0,38.0,14,499,10733,8,1.0
98,1.0,0.0,3.171,0.0,9.0,8,44.30938010347682,65.673572495193,pobre,basal,1,750.0,678.0,1.0,38.0,15,499,10733,8,1.0
97,0.0,0.0,3.171,0.0,5.0,8,44.30938010347682,65.673572495193,pobre,basal,1,750.0,678.0,1.0,38.0,13,499,10734,5,0.0
98,0.0,0.0,3.171,1.0,5.0,8,44.30938010347682,65.673572495193,pobre,basal,1,750.0,678.0,1.0,38.0,14,499,10734,5,0.0
97,0.0,0.0,3.171,1.0,4.0,8,44.30938010347682,65.673572495193,pobre,basal,1,750.0,678.0,1.0,38.0,11,499,10735,4,1.0
98,0.0,0.0,3.171,1.0,5.0,8,44.30938010347682,65.673572495193,pobre,basal,1,750.0,678.0,1.0,38.0,12,499,10735,4,1.0
97,1.0,0.0,3.171,1.0,0.0,8,44.30938010347682,65.673572495193,pobre,basal,1,750.0,678.0,1.0,38.0,8,499,10736,0,1.0
98,1.0,0.0,3.171,1.0,1.0,8,44.30938010347682,65.673572495193,pobre,basal,1,750.0,678.0,1.0,38.0,9,499,10736,0,1.0
97,0.0,0.0,3.171,1.0,0.0,8,44.30938010347682,65.673572495193,pobre,basal,1,750.0,678.0,1.0,38.0,6,499,10737,0,1.0
98,0.0,0.0,3.171,1.0,1.0,8,44.30938010347682,65.673572495193,pobre,basal,1,750.0,678.0,1.0,38.0,7,499,10737,0,1.0
97,1.0,0.0,3.171,0.0,5.0,4,44.30938010347682,65.673572495193,no pobre,basal,3,1500.0,860.0,1.0,40.0,13,499,10738,5,0.0
98,1.0,0.0,3.171,,,4,44.30938010347682,65.673572495193,no pobre,basal,3,1500.0,860.0,1.0,40.0,14,499,10738,5,0.0
97,0.0,0.0,3.171,1.0,4.0,7,44.30938010347682,65.673572495193,pobre,basal,3,750.0,623.60999,1.0,38.0,11,499,10739,4,1.0
98,0.0,0.0,3.171,1.0,5.0,7,44.30938010347682,65.673572495193,pobre,basal,3,750.0,623.60999,1.0,38.0,12,499,10739,4,1.0
97,0.0,0.0,3.171,1.0,4.0,7,44.30938010347682,65.673572495193,pobre,basal,3,750.0,623.60999,1.0,38.0,10,499,10740,4,1.0
98,0.0,0.0,3.171,1.0,5.0,7,44.30938010347682,65.673572495193,pobre,basal,3,750.0,623.60999,1.0,38.0,11,499,10740,4,1.0
97,0.0,0.0,3.171,1.0,1.0,7,44.30938010347682,65.673572495193,pobre,basal,3,750.0,623.60999,1.0,38.0,9,499,10741,1,1.0
98,0.0,0.0,3.171,1.0,2.0,7,44.30938010347682,65.673572495193,pobre,basal,3,750.0,623.60999,1.0,38.0,10,499,10741,1,1.0
97,1.0,0.0,3.171,,0.0,7,44.30938010347682,65.673572495193,pobre,basal,3,750.0,623.60999,1.0,38.0,6,499,10742,0,
98,1.0,0.0,3.171,1.0,0.0,7,44.30938010347682,65.673572495193,pobre,basal,3,750.0,623.60999,1.0,38.0,7,499,10742,0,
97,0.0,0.0,3.171,0.0,3.0,10,44.30938010347682,65.673572495193,pobre,basal,3,1000.0,524.0,1.0,25.0,15,499,10743,3,0.0
98,0.0,0.0,3.171,,,10,44.30938010347682,65.673572495193,pobre,basal,3,1000.0,524.0,1.0,25.0,16,499,10743,3,0.0
97,1.0,0.0,3.171,1.0,7.0,10,44.30938010347682,65.673572495193,pobre,basal,3,1000.0,524.0,1.0,25.0,13,499,10744,7,1.0
98,1.0,0.0,3.171,1.0,8.0,10,44.30938010347682,65.673572495193,pobre,basal,3,1000.0,524.0,1.0,25.0,14,499,10744,7,1.0
97,1.0,0.0,3.171,1.0,1.0,10,44.30938010347682,65.673572495193,pobre,basal,3,1000.0,524.0,1.0,25.0,11,499,10745,1,1.0
98,1.0,0.0,3.171,1.0,2.0,10,44.30938010347682,65.673572495193,pobre,basal,3,1000.0,524.0,1.0,25.0,12,499,10745,1,1.0
97,1.0,0.0,3.171,1.0,0.0,10,44.30938010347682,65.673572495193,pobre,basal,3,1000.0,524.0,1.0,25.0,9,499,10746,0,1.0
98,1.0,0.0,3.171,1.0,1.0,10,44.30938010347682,65.673572495193,pobre,basal,3,1000.0,524.0,1.0,25.0,10,499,10746,0,1.0
97,1.0,0.0,3.171,1.0,0.0,10,44.30938010347682,65.673572495193,pobre,basal,3,1000.0,524.0,1.0,25.0,7,499,10747,0,1.0
98,1.0,0.0,3.171,1.0,1.0,10,44.30938010347682,65.673572495193,pobre,basal,3,1000.0,524.0,1.0,25.0,8,499,10747,0,1.0
97,1.0,0.0,3.171,0.0,3.0,9,44.30938010347682,65.673572495193,pobre,basal,0,875.0,756.5,1.0,51.0,15,499,10748,3,0.0
98,1.0,0.0,3.171,0.0,3.0,9,44.30938010347682,65.673572495193,pobre,basal,0,875.0,756.5,1.0,51.0,16,499,10748,3,0.0
97,0.0,0.0,3.171,0.0,3.0,9,44.30938010347682,65.673572495193,pobre,basal,0,875.0,756.5,1.0,51.0,12,499,10749,3,0.0
98,0.0,0.0,3.171,0.0,3.0,9,44.30938010347682,65.673572495193,pobre,basal,0,875.0,756.5,1.0,51.0,13,499,10749,3,0.0
97,0.0,0.0,3.171,1.0,1.0,9,44.30938010347682,65.673572495193,pobre,basal,0,875.0,756.5,1.0,51.0,10,499,10750,1,1.0
98,0.0,0.0,3.171,1.0,1.0,9,44.30938010347682,65.673572495193,pobre,basal,0,875.0,756.5,1.0,51.0,11,499,10750,1,1.0
97,1.0,0.0,3.171,1.0,0.0,9,44.30938010347682,65.673572495193,pobre,basal,0,875.0,756.5,1.0,51.0,7,499,10751,0,1.0
98,1.0,0.0,3.171,1.0,0.0,9,44.30938010347682,65.673572495193,pobre,basal,0,875.0,756.5,1.0,51.0,8,499,10751,0,1.0
97,0.0,0.0,3.171,1.0,1.0,6,44.30938010347682,65.673572495193,pobre,basal,4,750.0,657.0,1.0,46.0,8,499,10752,1,1.0
98,0.0,0.0,3.171,1.0,2.0,6,44.30938010347682,65.673572495193,pobre,basal,4,750.0,657.0,1.0,46.0,9,499,10752,1,1.0
97,1.0,0.0,3.171,1.0,0.0,6,44.30938010347682,65.673572495193,pobre,basal,4,750.0,657.0,1.0,46.0,7,499,10753,0,1.0
98,1.0,0.0,3.171,1.0,1.0,6,44.30938010347682,65.673572495193,pobre,basal,4,750.0,657.0,1.0,46.0,8,499,10753,0,1.0
97,0.0,0.0,3.171,1.0,0.0,6,44.30938010347682,65.673572495193,pobre,basal,4,750.0,657.0,1.0,46.0,6,499,10754,0,1.0
98,0.0,0.0,3.171,1.0,1.0,6,44.30938010347682,65.673572495193,pobre,basal,4,750.0,657.0,1.0,46.0,7,499,10754,0,1.0
97,1.0,0.0,3.171,0.0,6.0,4,44.30938010347682,65.673572495193,pobre,basal,2,375.0,666.0,0.0,49.0,12,499,10755,6,0.0
98,1.0,0.0,3.171,1.0,6.0,4,44.30938010347682,65.673572495193,pobre,basal,2,375.0,666.0,0.0,49.0,13,499,10755,6,0.0
97,1.0,0.0,3.171,1.0,5.0,4,44.30938010347682,65.673572495193,pobre,basal,6,0.0,759.35999,1.0,30.0,10,499,10756,5,1.0
98,1.0,0.0,3.171,1.0,6.0,4,44.30938010347682,65.673572495193,pobre,basal,6,0.0,759.35999,1.0,30.0,11,499,10756,5,1.0
97,0.0,0.0,3.171,1.0,2.0,4,44.30938010347682,65.673572495193,pobre,basal,6,0.0,759.35999,1.0,30.0,7,499,10757,2,1.0
98,0.0,0.0,3.171,1.0,3.0,4,44.30938010347682,65.673572495193,pobre,basal,6,0.0,759.35999,1.0,30.0,8,499,10757,2,1.0
97,1.0,0.0,3.171,1.0,3.0,4,44.30938010347682,65.673572495193,no pobre,basal,3,750.0,847.0,1.0,32.0,8,499,10758,3,1.0
98,1.0,0.0,3.171,1.0,4.0,4,44.30938010347682,65.673572495193,no pobre,basal,3,750.0,847.0,1.0,32.0,9,499,10758,3,1.0
97,0.0,0.0,3.171,0.0,1.0,4,44.30938010347682,65.673572495193,pobre,basal,3,750.0,842.0,1.0,34.0,13,499,10759,1,0.0
98,0.0,0.0,3.171,0.0,1.0,4,44.30938010347682,65.673572495193,pobre,basal,3,750.0,842.0,1.0,34.0,14,499,10759,1,0.0
97,0.0,0.0,3.171,1.0,5.0,4,44.30938010347682,65.673572495193,pobre,basal,3,750.0,842.0,1.0,34.0,11,499,10760,5,1.0
98,0.0,0.0,3.171,1.0,6.0,4,44.30938010347682,65.673572495193,pobre,basal,3,750.0,842.0,1.0,34.0,12,499,10760,5,1.0
97,0.0,0.0,3.171,1.0,2.0,7,44.30938010347682,65.673572495193,no pobre,basal,4,1000.0,831.0,1.0,43.0,11,499,10761,2,1.0
98,0.0,0.0,3.171,1.0,3.0,7,44.30938010347682,65.673572495193,no pobre,basal,4,1000.0,831.0,1.0,43.0,12,499,10761,2,1.0
97,0.0,0.0,3.171,1.0,4.0,7,44.30938010347682,65.673572495193,no pobre,basal,4,1000.0,831.0,1.0,43.0,9,499,10762,4,1.0
98,0.0,0.0,3.171,1.0,5.0,7,44.30938010347682,65.673572495193,no pobre,basal,4,1000.0,831.0,1.0,43.0,10,499,10762,4,1.0
97,0.0,0.0,3.171,1.0,1.0,7,44.30938010347682,65.673572495193,no pobre,basal,4,1000.0,831.0,1.0,43.0,6,499,10763,1,1.0
98,0.0,0.0,3.171,1.0,1.0,7,44.30938010347682,65.673572495193,no pobre,basal,4,1000.0,831.0,1.0,43.0,7,499,10763,1,1.0
97,1.0,0.0,3.171,0.0,5.0,5,44.30938010347682,65.673572495193,pobre,basal,3,1000.0,759.0,0.0,45.0,15,499,10764,5,0.0
98,1.0,0.0,3.171,0.0,6.0,5,44.30938010347682,65.673572495193,pobre,basal,3,1000.0,759.0,0.0,45.0,16,499,10764,5,0.0
97,0.0,0.0,3.171,1.0,6.0,5,44.30938010347682,65.673572495193,pobre,basal,3,1000.0,759.0,0.0,45.0,12,499,10765,6,1.0
98,0.0,0.0,3.171,1.0,7.0,5,44.30938010347682,65.673572495193,pobre,basal,3,1000.0,759.0,0.0,45.0,13,499,10765,6,1.0
97,1.0,0.0,3.171,1.0,4.0,5,44.30938010347682,65.673572495193,pobre,basal,3,1000.0,759.0,0.0,45.0,10,499,10766,4,1.0
98,1.0,0.0,3.171,1.0,5.0,5,44.30938010347682,65.673572495193,pobre,basal,3,1000.0,759.0,0.0,45.0,11,499,10766,4,1.0
97,0.0,0.0,3.171,0.0,11.0,8,44.30938010347682,65.673572495193,no pobre,basal,3,2500.0,867.0,1.0,35.0,15,499,10767,11,0.0
98,0.0,0.0,3.171,,,8,44.30938010347682,65.673572495193,no pobre,basal,3,2500.0,867.0,1.0,35.0,16,499,10767,11,0.0
97,0.0,0.0,3.171,1.0,1.0,8,44.30938010347682,65.673572495193,no pobre,basal,3,2500.0,867.0,1.0,35.0,9,499,10768,1,1.0
98,0.0,0.0,3.171,0.0,1.0,8,44.30938010347682,65.673572495193,no pobre,basal,3,2500.0,867.0,1.0,35.0,10,499,10768,1,1.0
97,1.0,0.0,3.171,1.0,0.0,8,44.30938010347682,65.673572495193,no pobre,basal,3,2500.0,867.0,1.0,35.0,7,499,10769,0,1.0
98,1.0,0.0,3.171,,,8,44.30938010347682,65.673572495193,no pobre,basal,3,2500.0,867.0,1.0,35.0,8,499,10769,0,1.0
97,0.0,0.0,3.171,1.0,8.0,4,44.30938010347682,65.673572495193,no pobre,basal,2,750.0,936.0,1.0,56.0,16,499,10770,8,1.0
98,0.0,0.0,3.171,,,4,44.30938010347682,65.673572495193,no pobre,basal,2,750.0,936.0,1.0,56.0,17,499,10770,8,1.0
97,1.0,0.0,3.171,1.0,1.0,8,44.30938010347682,65.673572495193,pobre,basal,0,500.0,547.0,1.0,30.0,10,499,10771,1,1.0
98,1.0,0.0,3.171,1.0,2.0,8,44.30938010347682,65.673572495193,pobre,basal,0,500.0,547.0,1.0,30.0,11,499,10771,1,1.0
97,1.0,0.0,3.171,1.0,1.0,8,44.30938010347682,65.673572495193,pobre,basal,0,500.0,547.0,1.0,30.0,9,499,10772,1,1.0
98,1.0,0.0,3.171,1.0,1.0,8,44.30938010347682,65.673572495193,pobre,basal,0,500.0,547.0,1.0,30.0,10,499,10772,1,1.0
97,0.0,0.0,3.171,1.0,1.0,8,44.30938010347682,65.673572495193,pobre,basal,0,500.0,547.0,1.0,30.0,7,499,10773,1,1.0
98,0.0,0.0,3.171,1.0,2.0,8,44.30938010347682,65.673572495193,pobre,basal,0,500.0,547.0,1.0,30.0,8,499,10773,1,1.0
97,1.0,0.0,5.7490001,0.0,5.0,5,48.05399953766933,48.05399953766933,pobre,basal,2,625.0,705.0,1.0,41.0,12,500,10774,5,0.0
98,1.0,0.0,5.7490001,,,5,48.05399953766933,48.05399953766933,pobre,basal,2,625.0,705.0,1.0,41.0,13,500,10774,5,0.0
97,0.0,0.0,5.7490001,1.0,4.0,5,48.05399953766933,48.05399953766933,pobre,basal,2,625.0,705.0,1.0,41.0,11,500,10775,4,1.0
98,0.0,0.0,5.7490001,1.0,5.0,5,48.05399953766933,48.05399953766933,pobre,basal,2,625.0,705.0,1.0,41.0,12,500,10775,4,1.0
97,0.0,0.0,5.7490001,1.0,3.0,5,48.05399953766933,48.05399953766933,pobre,basal,2,625.0,705.0,1.0,41.0,9,500,10776,3,1.0
98,0.0,0.0,5.7490001,1.0,3.0,5,48.05399953766933,48.05399953766933,pobre,basal,2,625.0,705.0,1.0,41.0,10,500,10776,3,1.0
97,0.0,0.0,5.7490001,1.0,9.0,8,48.05399953766933,48.05399953766933,pobre,basal,3,720.0,775.0,1.0,43.0,16,500,10777,9,1.0
98,0.0,0.0,5.7490001,,,8,48.05399953766933,48.05399953766933,pobre,basal,3,720.0,775.0,1.0,43.0,17,500,10777,9,1.0
97,0.0,0.0,5.7490001,0.0,6.0,8,48.05399953766933,48.05399953766933,pobre,basal,3,720.0,775.0,1.0,43.0,14,500,10778,6,0.0
98,0.0,0.0,5.7490001,0.0,6.0,8,48.05399953766933,48.05399953766933,pobre,basal,3,720.0,775.0,1.0,43.0,15,500,10778,6,0.0
97,0.0,0.0,5.7490001,0.0,5.0,8,48.05399953766933,48.05399953766933,pobre,basal,3,720.0,775.0,1.0,43.0,11,500,10779,5,0.0
98,0.0,0.0,5.7490001,0.0,6.0,8,48.05399953766933,48.05399953766933,pobre,basal,3,720.0,775.0,1.0,43.0,12,500,10779,5,0.0
97,0.0,0.0,5.7490001,0.0,6.0,14,48.05399953766933,48.05399953766933,pobre,basal,2,750.0,682.0,1.0,42.0,15,500,10780,6,0.0
98,0.0,0.0,5.7490001,,,14,48.05399953766933,48.05399953766933,pobre,basal,2,750.0,682.0,1.0,42.0,16,500,10780,6,0.0
97,0.0,0.0,5.7490001,0.0,6.0,14,48.05399953766933,48.05399953766933,pobre,basal,2,750.0,682.0,1.0,42.0,13,500,10781,6,0.0
98,0.0,0.0,5.7490001,0.0,6.0,14,48.05399953766933,48.05399953766933,pobre,basal,2,750.0,682.0,1.0,42.0,14,500,10781,6,0.0
97,1.0,0.0,5.7490001,1.0,5.0,14,48.05399953766933,48.05399953766933,pobre,basal,2,750.0,682.0,1.0,42.0,11,500,10782,5,1.0
98,1.0,0.0,5.7490001,0.0,6.0,14,48.05399953766933,48.05399953766933,pobre,basal,2,750.0,682.0,1.0,42.0,12,500,10782,5,1.0
97,1.0,0.0,5.7490001,1.0,4.0,14,48.05399953766933,48.05399953766933,pobre,basal,2,750.0,682.0,1.0,42.0,10,500,10783,4,1.0
98,1.0,0.0,5.7490001,1.0,5.0,14,48.05399953766933,48.05399953766933,pobre,basal,2,750.0,682.0,1.0,42.0,11,500,10783,4,1.0
97,1.0,0.0,5.7490001,1.0,1.0,14,48.05399953766933,48.05399953766933,pobre,basal,2,750.0,682.0,1.0,42.0,7,500,10784,1,1.0
98,1.0,0.0,5.7490001,1.0,1.0,14,48.05399953766933,48.05399953766933,pobre,basal,2,750.0,682.0,1.0,42.0,8,500,10784,1,1.0
97,0.0,0.0,5.7490001,,0.0,14,48.05399953766933,48.05399953766933,pobre,basal,2,750.0,682.0,1.0,42.0,6,500,10785,0,
98,0.0,0.0,5.7490001,1.0,3.0,14,48.05399953766933,48.05399953766933,pobre,basal,2,750.0,682.0,1.0,42.0,7,500,10785,0,
97,1.0,0.0,5.7490001,1.0,1.0,4,48.05399953766933,48.05399953766933,pobre,basal,3,750.0,678.0,1.0,28.0,7,500,10786,1,1.0
98,1.0,0.0,5.7490001,1.0,2.0,4,48.05399953766933,48.05399953766933,pobre,basal,3,750.0,678.0,1.0,28.0,8,500,10786,1,1.0
97,0.0,0.0,5.7490001,0.0,4.0,7,48.05399953766933,48.05399953766933,pobre,basal,2,500.0,748.0,1.0,46.0,16,500,10787,4,0.0
98,0.0,0.0,5.7490001,,,7,48.05399953766933,48.05399953766933,pobre,basal,2,500.0,748.0,1.0,46.0,17,500,10787,4,0.0
97,0.0,0.0,5.7490001,1.0,5.0,7,48.05399953766933,48.05399953766933,pobre,basal,2,500.0,748.0,1.0,46.0,14,500,10788,5,1.0
98,0.0,0.0,5.7490001,0.0,6.0,7,48.05399953766933,48.05399953766933,pobre,basal,2,500.0,748.0,1.0,46.0,15,500,10788,5,1.0
97,1.0,0.0,5.7490001,1.0,3.0,7,48.05399953766933,48.05399953766933,pobre,basal,2,500.0,748.0,1.0,46.0,11,500,10789,3,1.0
98,1.0,0.0,5.7490001,1.0,4.0,7,48.05399953766933,48.05399953766933,pobre,basal,2,500.0,748.0,1.0,46.0,12,500,10789,3,1.0
97,1.0,0.0,3.171,1.0,3.0,5,44.30938010347682,65.673572495193,pobre,basal,6,250.0,656.0,1.0,36.0,9,499,10790,3,1.0
98,1.0,0.0,3.171,1.0,4.0,5,44.30938010347682,65.673572495193,pobre,basal,6,250.0,656.0,1.0,36.0,10,499,10790,3,1.0
97,0.0,0.0,2.6259999,0.0,6.0,10,32.32037214087291,81.1878440033276,pobre,0,3,625.0,740.0,1.0,42.0,16,456,10791,6,0.0
98,0.0,0.0,2.6259999,,,10,32.32037214087291,81.1878440033276,pobre,0,3,625.0,740.0,1.0,42.0,17,456,10791,6,0.0
97,0.0,0.0,2.6259999,0.0,6.0,10,32.32037214087291,81.1878440033276,pobre,0,3,625.0,740.0,1.0,42.0,12,456,10792,6,0.0
98,0.0,0.0,2.6259999,0.0,6.0,10,32.32037214087291,81.1878440033276,pobre,0,3,625.0,740.0,1.0,42.0,13,456,10792,6,0.0
97,0.0,0.0,2.6259999,1.0,5.0,10,32.32037214087291,81.1878440033276,pobre,0,3,625.0,740.0,1.0,42.0,10,456,10793,5,1.0
98,0.0,0.0,2.6259999,1.0,5.0,10,32.32037214087291,81.1878440033276,pobre,0,3,625.0,740.0,1.0,42.0,11,456,10793,5,1.0
97,0.0,0.0,2.6259999,1.0,2.0,10,32.32037214087291,81.1878440033276,pobre,0,3,625.0,740.0,1.0,42.0,8,456,10794,2,1.0
98,0.0,0.0,2.6259999,1.0,1.0,10,32.32037214087291,81.1878440033276,pobre,0,3,625.0,740.0,1.0,42.0,9,456,10794,2,1.0
97,0.0,0.0,2.6259999,,0.0,10,32.32037214087291,81.1878440033276,pobre,0,3,625.0,740.0,1.0,42.0,6,456,10795,0,
98,0.0,0.0,2.6259999,1.0,,10,32.32037214087291,81.1878440033276,pobre,0,3,625.0,740.0,1.0,42.0,7,456,10795,0,
97,0.0,0.0,2.6259999,1.0,8.0,8,32.32037214087291,81.1878440033276,pobre,0,5,625.0,598.0,1.0,30.0,12,456,10796,8,1.0
98,0.0,0.0,2.6259999,1.0,0.0,8,32.32037214087291,81.1878440033276,pobre,0,5,625.0,598.0,1.0,30.0,13,456,10796,8,1.0
97,1.0,0.0,2.6259999,1.0,5.0,8,32.32037214087291,81.1878440033276,pobre,0,5,625.0,598.0,1.0,30.0,10,456,10797,5,1.0
98,1.0,0.0,2.6259999,1.0,5.0,8,32.32037214087291,81.1878440033276,pobre,0,5,625.0,598.0,1.0,30.0,11,456,10797,5,1.0
97,1.0,0.0,2.6259999,1.0,1.0,8,32.32037214087291,81.1878440033276,pobre,0,5,625.0,598.0,1.0,30.0,8,456,10798,1,1.0
98,1.0,0.0,2.6259999,1.0,1.0,8,32.32037214087291,81.1878440033276,pobre,0,5,625.0,598.0,1.0,30.0,9,456,10798,1,1.0
97,0.0,0.0,2.6259999,1.0,9.0,6,32.32037214087291,81.1878440033276,no pobre,0,3,625.0,910.0,1.0,45.0,16,456,10799,9,1.0
98,0.0,0.0,2.6259999,,,6,32.32037214087291,81.1878440033276,no pobre,0,3,625.0,910.0,1.0,45.0,17,456,10799,9,1.0
97,0.0,0.0,2.6259999,1.0,6.0,6,32.32037214087291,81.1878440033276,no pobre,0,3,625.0,910.0,1.0,45.0,14,456,10800,6,1.0
98,0.0,0.0,2.6259999,1.0,7.0,6,32.32037214087291,81.1878440033276,no pobre,0,3,625.0,910.0,1.0,45.0,15,456,10800,6,1.0
97,1.0,0.0,2.6259999,,0.0,8,32.32037214087291,81.1878440033276,pobre,0,2,625.0,459.0,1.0,35.0,11,456,10801,0,
98,1.0,0.0,2.6259999,1.0,2.0,8,32.32037214087291,81.1878440033276,pobre,0,2,625.0,459.0,1.0,35.0,12,456,10801,0,
97,0.0,0.0,2.6259999,,0.0,8,32.32037214087291,81.1878440033276,pobre,0,2,625.0,459.0,1.0,35.0,9,456,10802,0,
98,0.0,0.0,2.6259999,1.0,1.0,8,32.32037214087291,81.1878440033276,pobre,0,2,625.0,459.0,1.0,35.0,10,456,10802,0,
97,0.0,0.0,2.6259999,,0.0,8,32.32037214087291,81.1878440033276,pobre,0,2,625.0,459.0,1.0,35.0,7,456,10803,0,
98,0.0,0.0,2.6259999,,,8,32.32037214087291,81.1878440033276,pobre,0,2,625.0,459.0,1.0,35.0,8,456,10803,0,
97,0.0,0.0,2.6259999,1.0,4.0,6,32.32037214087291,81.1878440033276,no pobre,0,2,625.0,781.0,1.0,49.0,11,456,10804,4,1.0
98,0.0,0.0,2.6259999,1.0,5.0,6,32.32037214087291,81.1878440033276,no pobre,0,2,625.0,781.0,1.0,49.0,12,456,10804,4,1.0
97,1.0,0.0,3.0710001,1.0,2.0,6,55.42462729206597,98.8499823923036,pobre,basal,3,83.333336,689.0,1.0,42.0,11,454,10805,2,1.0
98,1.0,0.0,3.0710001,1.0,6.0,6,55.42462729206597,98.8499823923036,pobre,basal,3,83.333336,689.0,1.0,42.0,12,454,10805,2,1.0
97,1.0,0.0,3.0710001,1.0,1.0,6,55.42462729206597,98.8499823923036,pobre,basal,3,83.333336,689.0,1.0,42.0,7,454,10806,1,1.0
98,1.0,0.0,3.0710001,1.0,2.0,6,55.42462729206597,98.8499823923036,pobre,basal,3,83.333336,689.0,1.0,42.0,8,454,10806,1,1.0
97,0.0,0.0,3.0710001,1.0,5.0,7,55.42462729206597,98.8499823923036,pobre,basal,3,625.0,611.0,1.0,33.0,12,454,10807,5,1.0
98,0.0,0.0,3.0710001,1.0,6.0,7,55.42462729206597,98.8499823923036,pobre,basal,3,625.0,611.0,1.0,33.0,13,454,10807,5,1.0
97,1.0,0.0,3.0710001,1.0,3.0,7,55.42462729206597,98.8499823923036,pobre,basal,3,625.0,611.0,1.0,33.0,11,454,10808,3,1.0
98,1.0,0.0,3.0710001,1.0,4.0,7,55.42462729206597,98.8499823923036,pobre,basal,3,625.0,611.0,1.0,33.0,12,454,10808,3,1.0
97,1.0,0.0,3.0710001,1.0,2.0,7,55.42462729206597,98.8499823923036,pobre,basal,3,625.0,611.0,1.0,33.0,9,454,10809,2,1.0
98,1.0,0.0,3.0710001,1.0,3.0,7,55.42462729206597,98.8499823923036,pobre,basal,3,625.0,611.0,1.0,33.0,10,454,10809,2,1.0
97,1.0,0.0,3.0710001,1.0,0.0,7,55.42462729206597,98.8499823923036,pobre,basal,3,625.0,611.0,1.0,33.0,8,454,10810,0,1.0
98,1.0,0.0,3.0710001,1.0,1.0,7,55.42462729206597,98.8499823923036,pobre,basal,3,625.0,611.0,1.0,33.0,9,454,10810,0,1.0
97,1.0,0.0,3.0710001,1.0,6.0,8,55.42462729206597,98.8499823923036,pobre,basal,3,1000.0,799.0,1.0,40.0,16,454,10811,6,1.0
98,1.0,0.0,3.0710001,,,8,55.42462729206597,98.8499823923036,pobre,basal,3,1000.0,799.0,1.0,40.0,17,454,10811,6,1.0
97,1.0,0.0,3.0710001,1.0,6.0,8,55.42462729206597,98.8499823923036,pobre,basal,3,1000.0,799.0,1.0,40.0,15,454,10812,6,1.0
98,1.0,0.0,3.0710001,0.0,6.0,8,55.42462729206597,98.8499823923036,pobre,basal,3,1000.0,799.0,1.0,40.0,16,454,10812,6,1.0
97,0.0,0.0,3.0710001,1.0,6.0,8,55.42462729206597,98.8499823923036,pobre,basal,3,1000.0,799.0,1.0,40.0,13,454,10813,6,1.0
98,0.0,0.0,3.0710001,0.0,6.0,8,55.42462729206597,98.8499823923036,pobre,basal,3,1000.0,799.0,1.0,40.0,14,454,10813,6,1.0
97,0.0,0.0,3.0710001,1.0,2.0,8,55.42462729206597,98.8499823923036,pobre,basal,3,1000.0,799.0,1.0,40.0,9,454,10814,2,1.0
98,0.0,0.0,3.0710001,1.0,3.0,8,55.42462729206597,98.8499823923036,pobre,basal,3,1000.0,799.0,1.0,40.0,10,454,10814,2,1.0
97,0.0,0.0,3.0710001,1.0,2.0,8,55.42462729206597,98.8499823923036,pobre,basal,3,1000.0,799.0,1.0,40.0,9,454,10815,2,1.0
98,0.0,0.0,3.0710001,1.0,3.0,8,55.42462729206597,98.8499823923036,pobre,basal,3,1000.0,799.0,1.0,40.0,10,454,10815,2,1.0
97,0.0,0.0,3.0710001,1.0,6.0,8,55.42462729206597,98.8499823923036,pobre,basal,3,625.0,634.0,1.0,42.0,14,454,10816,6,1.0
98,0.0,0.0,3.0710001,1.0,6.0,8,55.42462729206597,98.8499823923036,pobre,basal,3,625.0,634.0,1.0,42.0,15,454,10816,6,1.0
97,0.0,0.0,3.0710001,1.0,6.0,8,55.42462729206597,98.8499823923036,pobre,basal,3,625.0,634.0,1.0,42.0,12,454,10817,6,1.0
98,0.0,0.0,3.0710001,0.0,7.0,8,55.42462729206597,98.8499823923036,pobre,basal,3,625.0,634.0,1.0,42.0,13,454,10817,6,1.0
97,0.0,0.0,3.0710001,1.0,4.0,8,55.42462729206597,98.8499823923036,pobre,basal,3,625.0,634.0,1.0,42.0,10,454,10818,4,1.0
98,0.0,0.0,3.0710001,1.0,5.0,8,55.42462729206597,98.8499823923036,pobre,basal,3,625.0,634.0,1.0,42.0,11,454,10818,4,1.0
97,1.0,0.0,3.0710001,1.0,0.0,8,55.42462729206597,98.8499823923036,pobre,basal,3,625.0,634.0,1.0,42.0,6,454,10819,0,1.0
98,1.0,0.0,3.0710001,1.0,1.0,8,55.42462729206597,98.8499823923036,pobre,basal,3,625.0,634.0,1.0,42.0,7,454,10819,0,1.0
97,0.0,0.0,3.0710001,1.0,4.0,4,55.42462729206597,98.8499823923036,pobre,basal,6,625.0,766.0,1.0,18.0,10,454,10820,4,1.0
98,0.0,0.0,3.0710001,,,4,55.42462729206597,98.8499823923036,pobre,basal,6,625.0,766.0,1.0,18.0,11,454,10820,4,1.0
97,0.0,0.0,3.0710001,1.0,6.0,5,55.42462729206597,98.8499823923036,pobre,basal,3,625.0,742.0,1.0,40.0,14,454,10821,6,1.0
98,0.0,0.0,3.0710001,0.0,6.0,5,55.42462729206597,98.8499823923036,pobre,basal,3,625.0,742.0,1.0,40.0,15,454,10821,6,1.0
97,1.0,0.0,3.0710001,1.0,4.0,5,55.42462729206597,98.8499823923036,pobre,basal,3,625.0,742.0,1.0,40.0,10,454,10822,4,1.0
98,1.0,0.0,3.0710001,1.0,5.0,5,55.42462729206597,98.8499823923036,pobre,basal,3,625.0,742.0,1.0,40.0,11,454,10822,4,1.0
97,1.0,0.0,3.0710001,1.0,7.0,8,55.42462729206597,98.8499823923036,pobre,basal,2,625.0,647.0,1.0,49.0,14,454,10823,7,1.0
98,1.0,0.0,3.0710001,,,8,55.42462729206597,98.8499823923036,pobre,basal,2,625.0,647.0,1.0,49.0,15,454,10823,7,1.0
97,0.0,0.0,3.0710001,1.0,6.0,8,55.42462729206597,98.8499823923036,pobre,basal,2,625.0,647.0,1.0,49.0,13,454,10824,6,1.0
98,0.0,0.0,3.0710001,1.0,7.0,8,55.42462729206597,98.8499823923036,pobre,basal,2,625.0,647.0,1.0,49.0,14,454,10824,6,1.0
97,0.0,0.0,3.0710001,1.0,6.0,8,55.42462729206597,98.8499823923036,pobre,basal,2,625.0,647.0,1.0,49.0,12,454,10825,6,1.0
98,0.0,0.0,3.0710001,1.0,7.0,8,55.42462729206597,98.8499823923036,pobre,basal,2,625.0,647.0,1.0,49.0,13,454,10825,6,1.0
97,1.0,0.0,3.0710001,0.0,6.0,10,55.42462729206597,98.8499823923036,pobre,basal,3,625.0,917.0,1.0,41.0,15,454,10826,6,0.0
98,1.0,0.0,3.0710001,0.0,6.0,10,55.42462729206597,98.8499823923036,pobre,basal,3,625.0,917.0,1.0,41.0,16,454,10826,6,0.0
97,0.0,0.0,3.0710001,1.0,6.0,10,55.42462729206597,98.8499823923036,pobre,basal,3,625.0,917.0,1.0,41.0,13,454,10827,6,1.0
98,0.0,0.0,3.0710001,0.0,6.0,10,55.42462729206597,98.8499823923036,pobre,basal,3,625.0,917.0,1.0,41.0,14,454,10827,6,1.0
97,0.0,0.0,3.0710001,1.0,3.0,10,55.42462729206597,98.8499823923036,pobre,basal,3,625.0,917.0,1.0,41.0,11,454,10828,3,1.0
98,0.0,0.0,3.0710001,1.0,4.0,10,55.42462729206597,98.8499823923036,pobre,basal,3,625.0,917.0,1.0,41.0,12,454,10828,3,1.0
97,0.0,0.0,3.0710001,1.0,3.0,10,55.42462729206597,98.8499823923036,pobre,basal,3,625.0,917.0,1.0,41.0,10,454,10829,3,1.0
98,0.0,0.0,3.0710001,1.0,4.0,10,55.42462729206597,98.8499823923036,pobre,basal,3,625.0,917.0,1.0,41.0,11,454,10829,3,1.0
97,1.0,0.0,3.0710001,1.0,1.0,10,55.42462729206597,98.8499823923036,pobre,basal,3,625.0,917.0,1.0,41.0,8,454,10830,1,1.0
98,1.0,0.0,3.0710001,1.0,2.0,10,55.42462729206597,98.8499823923036,pobre,basal,3,625.0,917.0,1.0,41.0,9,454,10830,1,1.0
97,1.0,0.0,3.0710001,1.0,0.0,10,55.42462729206597,98.8499823923036,pobre,basal,3,625.0,917.0,1.0,41.0,7,454,10831,0,1.0
98,1.0,0.0,3.0710001,1.0,1.0,10,55.42462729206597,98.8499823923036,pobre,basal,3,625.0,917.0,1.0,41.0,8,454,10831,0,1.0
97,1.0,0.0,3.0710001,1.0,6.0,4,55.42462729206597,98.8499823923036,no pobre,basal,0,625.0,855.0,1.0,38.0,16,454,10832,6,1.0
98,1.0,0.0,3.0710001,,,4,55.42462729206597,98.8499823923036,no pobre,basal,0,625.0,855.0,1.0,38.0,17,454,10832,6,1.0
97,0.0,0.0,3.0710001,1.0,6.0,4,55.42462729206597,98.8499823923036,no pobre,basal,0,625.0,855.0,1.0,38.0,13,454,10833,6,1.0
98,0.0,0.0,3.0710001,0.0,6.0,4,55.42462729206597,98.8499823923036,no pobre,basal,0,625.0,855.0,1.0,38.0,14,454,10833,6,1.0
97,0.0,0.0,3.0710001,1.0,1.0,6,55.42462729206597,98.8499823923036,pobre,basal,2,625.0,648.0,1.0,37.0,8,454,10834,1,1.0
98,0.0,0.0,3.0710001,1.0,3.0,6,55.42462729206597,98.8499823923036,pobre,basal,2,625.0,648.0,1.0,37.0,9,454,10834,1,1.0
97,0.0,0.0,3.0710001,1.0,0.0,6,55.42462729206597,98.8499823923036,pobre,basal,2,625.0,648.0,1.0,37.0,6,454,10835,0,1.0
98,0.0,0.0,3.0710001,1.0,1.0,6,55.42462729206597,98.8499823923036,pobre,basal,2,625.0,648.0,1.0,37.0,7,454,10835,0,1.0
97,0.0,0.0,3.0710001,1.0,1.0,6,55.42462729206597,98.8499823923036,pobre,basal,3,625.0,630.0,1.0,27.0,7,454,10836,1,1.0
98,0.0,0.0,3.0710001,1.0,2.0,6,55.42462729206597,98.8499823923036,pobre,basal,3,625.0,630.0,1.0,27.0,8,454,10836,1,1.0
97,1.0,0.0,3.0710001,1.0,0.0,6,55.42462729206597,98.8499823923036,pobre,basal,3,625.0,630.0,1.0,27.0,6,454,10837,0,1.0
98,1.0,0.0,3.0710001,1.0,1.0,6,55.42462729206597,98.8499823923036,pobre,basal,3,625.0,630.0,1.0,27.0,7,454,10837,0,1.0
97,1.0,0.0,3.0710001,1.0,4.0,5,55.42462729206597,98.8499823923036,pobre,basal,3,625.0,795.0,1.0,52.0,12,454,10838,4,1.0
98,1.0,0.0,3.0710001,1.0,5.0,5,55.42462729206597,98.8499823923036,pobre,basal,3,625.0,795.0,1.0,52.0,13,454,10838,4,1.0
97,1.0,0.0,3.0710001,1.0,1.0,8,55.42462729206597,98.8499823923036,pobre,basal,1,0.0,748.0,0.0,63.0,8,454,10839,1,1.0
98,1.0,0.0,3.0710001,,,8,55.42462729206597,98.8499823923036,pobre,basal,1,0.0,748.0,0.0,63.0,9,454,10839,1,1.0
97,0.0,0.0,3.0710001,1.0,0.0,8,55.42462729206597,98.8499823923036,pobre,basal,1,0.0,748.0,0.0,63.0,8,454,10840,0,1.0
98,0.0,0.0,3.0710001,,,8,55.42462729206597,98.8499823923036,pobre,basal,1,0.0,748.0,0.0,63.0,9,454,10840,0,1.0
97,1.0,0.0,3.0710001,1.0,6.0,8,55.42462729206597,98.8499823923036,pobre,basal,8,125.0,790.0,1.0,43.0,15,454,10841,6,1.0
98,1.0,0.0,3.0710001,1.0,6.0,8,55.42462729206597,98.8499823923036,pobre,basal,8,125.0,790.0,1.0,43.0,16,454,10841,6,1.0
97,1.0,0.0,3.0710001,1.0,8.0,8,55.42462729206597,98.8499823923036,pobre,basal,8,125.0,790.0,1.0,43.0,14,454,10842,8,1.0
98,1.0,0.0,3.0710001,1.0,9.0,8,55.42462729206597,98.8499823923036,pobre,basal,8,125.0,790.0,1.0,43.0,15,454,10842,8,1.0
97,0.0,0.0,3.0710001,1.0,6.0,8,55.42462729206597,98.8499823923036,pobre,basal,8,125.0,790.0,1.0,43.0,12,454,10843,6,1.0
98,0.0,0.0,3.0710001,1.0,7.0,8,55.42462729206597,98.8499823923036,pobre,basal,8,125.0,790.0,1.0,43.0,13,454,10843,6,1.0
97,1.0,0.0,3.0710001,1.0,3.0,8,55.42462729206597,98.8499823923036,pobre,basal,8,125.0,790.0,1.0,43.0,10,454,10844,3,1.0
98,1.0,0.0,3.0710001,1.0,4.0,8,55.42462729206597,98.8499823923036,pobre,basal,8,125.0,790.0,1.0,43.0,11,454,10844,3,1.0
97,0.0,0.0,3.0710001,1.0,5.0,6,55.42462729206597,98.8499823923036,pobre,basal,2,625.0,658.0,1.0,37.0,11,454,10845,5,1.0
98,0.0,0.0,3.0710001,1.0,6.0,6,55.42462729206597,98.8499823923036,pobre,basal,2,625.0,658.0,1.0,37.0,12,454,10845,5,1.0
97,0.0,0.0,3.0710001,1.0,3.0,6,55.42462729206597,98.8499823923036,pobre,basal,2,625.0,658.0,1.0,37.0,10,454,10846,3,1.0
98,0.0,0.0,3.0710001,1.0,4.0,6,55.42462729206597,98.8499823923036,pobre,basal,2,625.0,658.0,1.0,37.0,11,454,10846,3,1.0
97,1.0,0.0,3.0710001,1.0,2.0,6,55.42462729206597,98.8499823923036,pobre,basal,2,625.0,658.0,1.0,37.0,8,454,10847,2,1.0
98,1.0,0.0,3.0710001,1.0,3.0,6,55.42462729206597,98.8499823923036,pobre,basal,2,625.0,658.0,1.0,37.0,9,454,10847,2,1.0
97,0.0,0.0,2.845,,5.0,8,32.4143008479353,82.8046856920966,no pobre,basal,4,625.0,875.45001,1.0,65.0,16,495,10848,5,
98,0.0,0.0,2.845,,,8,32.4143008479353,82.8046856920966,no pobre,basal,4,625.0,875.45001,1.0,65.0,17,495,10848,5,
97,0.0,0.0,2.845,,6.0,8,32.4143008479353,82.8046856920966,no pobre,basal,4,625.0,875.45001,1.0,65.0,12,495,10849,6,
98,0.0,0.0,2.845,1.0,7.0,8,32.4143008479353,82.8046856920966,no pobre,basal,4,625.0,875.45001,1.0,65.0,13,495,10849,6,
97,0.0,0.0,2.845,,3.0,8,32.4143008479353,82.8046856920966,no pobre,basal,4,625.0,875.45001,1.0,65.0,9,495,10850,3,
98,0.0,0.0,2.845,1.0,4.0,8,32.4143008479353,82.8046856920966,no pobre,basal,4,625.0,875.45001,1.0,65.0,10,495,10850,3,
97,0.0,0.0,2.845,,0.0,8,32.4143008479353,82.8046856920966,no pobre,basal,4,625.0,875.45001,1.0,65.0,6,495,10851,0,
98,0.0,0.0,2.845,1.0,1.0,8,32.4143008479353,82.8046856920966,no pobre,basal,4,625.0,875.45001,1.0,65.0,7,495,10851,0,
97,0.0,0.0,2.845,0.0,9.0,2,32.4143008479353,82.8046856920966,no pobre,basal,6,800.0,914.0,1.0,25.0,15,495,10852,9,0.0
98,0.0,0.0,2.845,,,2,32.4143008479353,82.8046856920966,no pobre,basal,6,800.0,914.0,1.0,25.0,16,495,10852,9,0.0
97,0.0,0.0,2.845,0.0,3.0,3,32.4143008479353,82.8046856920966,no pobre,basal,0,0.0,845.0,0.0,69.0,13,495,10853,3,0.0
98,0.0,0.0,2.845,,,3,32.4143008479353,82.8046856920966,no pobre,basal,0,0.0,845.0,0.0,69.0,14,495,10853,3,0.0
97,1.0,0.0,2.845,1.0,5.0,3,32.4143008479353,82.8046856920966,no pobre,basal,0,0.0,975.0,0.0,69.0,13,495,10854,5,1.0
98,1.0,0.0,2.845,0.0,6.0,3,32.4143008479353,82.8046856920966,no pobre,basal,0,0.0,975.0,0.0,69.0,14,495,10854,5,1.0
97,1.0,0.0,2.845,1.0,4.0,5,32.4143008479353,82.8046856920966,pobre,basal,5,500.0,875.0,1.0,47.0,10,495,10855,4,1.0
98,1.0,0.0,2.845,1.0,5.0,5,32.4143008479353,82.8046856920966,pobre,basal,5,500.0,875.0,1.0,47.0,11,495,10855,4,1.0
97,1.0,0.0,2.845,1.0,2.0,5,32.4143008479353,82.8046856920966,pobre,basal,5,500.0,875.0,1.0,47.0,8,495,10856,2,1.0
98,1.0,0.0,2.845,1.0,3.0,5,32.4143008479353,82.8046856920966,pobre,basal,5,500.0,875.0,1.0,47.0,9,495,10856,2,1.0
97,1.0,0.0,2.845,1.0,4.0,5,32.4143008479353,82.8046856920966,no pobre,basal,6,750.0,944.0,1.0,28.0,10,495,10857,4,1.0
98,1.0,0.0,2.845,1.0,5.0,5,32.4143008479353,82.8046856920966,no pobre,basal,6,750.0,944.0,1.0,28.0,11,495,10857,4,1.0
97,0.0,0.0,2.845,1.0,5.0,7,32.4143008479353,82.8046856920966,pobre,basal,6,750.0,718.0,1.0,34.0,11,495,10858,5,1.0
98,0.0,0.0,2.845,1.0,6.0,7,32.4143008479353,82.8046856920966,pobre,basal,6,750.0,718.0,1.0,34.0,12,495,10858,5,1.0
97,0.0,0.0,2.845,1.0,1.0,7,32.4143008479353,82.8046856920966,pobre,basal,6,750.0,718.0,1.0,34.0,7,495,10859,1,1.0
98,0.0,0.0,2.845,1.0,2.0,7,32.4143008479353,82.8046856920966,pobre,basal,6,750.0,718.0,1.0,34.0,8,495,10859,1,1.0
97,0.0,0.0,2.845,1.0,3.0,7,32.4143008479353,82.8046856920966,pobre,basal,6,750.0,718.0,1.0,34.0,6,495,10860,3,1.0
98,0.0,0.0,2.845,1.0,3.0,7,32.4143008479353,82.8046856920966,pobre,basal,6,750.0,718.0,1.0,34.0,7,495,10860,3,1.0
97,1.0,0.0,2.845,1.0,6.0,5,32.4143008479353,82.8046856920966,pobre,basal,9,750.0,759.0,1.0,31.0,11,495,10861,6,1.0
98,1.0,0.0,2.845,1.0,6.0,5,32.4143008479353,82.8046856920966,pobre,basal,9,750.0,759.0,1.0,31.0,12,495,10861,6,1.0
97,0.0,0.0,2.845,1.0,3.0,5,32.4143008479353,82.8046856920966,pobre,basal,9,750.0,759.0,1.0,31.0,8,495,10862,3,1.0
98,0.0,0.0,2.845,1.0,3.0,5,32.4143008479353,82.8046856920966,pobre,basal,9,750.0,759.0,1.0,31.0,9,495,10862,3,1.0
97,0.0,0.0,2.845,1.0,7.0,7,32.4143008479353,82.8046856920966,pobre,basal,2,625.0,863.0,1.0,46.0,13,495,10863,7,1.0
98,0.0,0.0,2.845,0.0,8.0,7,32.4143008479353,82.8046856920966,pobre,basal,2,625.0,863.0,1.0,46.0,14,495,10863,7,1.0
97,1.0,0.0,2.845,1.0,8.0,4,32.4143008479353,82.8046856920966,no pobre,basal,4,750.0,815.0,1.0,47.0,13,495,10864,8,1.0
98,1.0,0.0,2.845,,,4,32.4143008479353,82.8046856920966,no pobre,basal,4,750.0,815.0,1.0,47.0,14,495,10864,8,1.0
97,0.0,0.0,2.845,1.0,5.0,3,32.4143008479353,82.8046856920966,no pobre,basal,3,625.0,913.0,1.0,52.0,11,495,10865,5,1.0
98,0.0,0.0,2.845,1.0,6.0,3,32.4143008479353,82.8046856920966,no pobre,basal,3,625.0,913.0,1.0,52.0,12,495,10865,5,1.0
97,1.0,0.0,2.845,1.0,8.0,8,32.4143008479353,82.8046856920966,no pobre,basal,0,0.0,890.0,0.0,53.0,14,495,10866,8,1.0
98,1.0,0.0,2.845,1.0,8.0,8,32.4143008479353,82.8046856920966,no pobre,basal,0,0.0,890.0,0.0,53.0,15,495,10866,8,1.0
97,0.0,0.0,2.845,1.0,9.0,4,32.4143008479353,82.8046856920966,no pobre,basal,9,550.0,950.0,1.0,39.0,16,495,10867,9,1.0
98,0.0,0.0,2.845,,,4,32.4143008479353,82.8046856920966,no pobre,basal,9,550.0,950.0,1.0,39.0,17,495,10867,9,1.0
97,1.0,0.0,2.845,1.0,9.0,4,32.4143008479353,82.8046856920966,no pobre,basal,9,550.0,950.0,1.0,39.0,15,495,10868,9,1.0
98,1.0,0.0,2.845,1.0,11.0,4,32.4143008479353,82.8046856920966,no pobre,basal,9,550.0,950.0,1.0,39.0,16,495,10868,9,1.0
97,0.0,0.0,2.845,1.0,5.0,9,32.4143008479353,82.8046856920966,pobre,basal,0,750.0,531.0,1.0,61.0,10,495,10869,5,1.0
98,0.0,0.0,2.845,1.0,5.0,9,32.4143008479353,82.8046856920966,pobre,basal,0,750.0,531.0,1.0,61.0,11,495,10869,5,1.0
97,1.0,0.0,2.845,1.0,3.0,9,32.4143008479353,82.8046856920966,pobre,basal,0,750.0,531.0,1.0,61.0,9,495,10870,3,1.0
98,1.0,0.0,2.845,1.0,3.0,9,32.4143008479353,82.8046856920966,pobre,basal,0,750.0,531.0,1.0,61.0,10,495,10870,3,1.0
97,1.0,0.0,2.845,1.0,2.0,9,32.4143008479353,82.8046856920966,pobre,basal,0,750.0,531.0,1.0,61.0,8,495,10871,2,1.0
98,1.0,0.0,2.845,1.0,2.0,9,32.4143008479353,82.8046856920966,pobre,basal,0,750.0,531.0,1.0,61.0,9,495,10871,2,1.0
97,0.0,0.0,2.845,1.0,1.0,9,32.4143008479353,82.8046856920966,pobre,basal,0,750.0,531.0,1.0,61.0,7,495,10872,1,1.0
98,0.0,0.0,2.845,1.0,1.0,9,32.4143008479353,82.8046856920966,pobre,basal,0,750.0,531.0,1.0,61.0,8,495,10872,1,1.0
97,1.0,0.0,2.845,1.0,9.0,5,32.4143008479353,82.8046856920966,no pobre,basal,6,625.0,925.0,1.0,51.0,16,495,10873,9,1.0
98,1.0,0.0,2.845,,,5,32.4143008479353,82.8046856920966,no pobre,basal,6,625.0,925.0,1.0,51.0,17,495,10873,9,1.0
97,1.0,0.0,2.845,1.0,0.0,4,32.4143008479353,82.8046856920966,pobre,basal,6,1000.0,735.0,0.0,25.0,6,495,10874,0,1.0
98,1.0,0.0,2.845,1.0,1.0,4,32.4143008479353,82.8046856920966,pobre,basal,6,1000.0,735.0,0.0,25.0,7,495,10874,0,1.0
97,1.0,0.0,2.845,1.0,9.0,5,32.4143008479353,82.8046856920966,no pobre,basal,6,416.66666,1058.0,1.0,49.0,15,495,10875,9,1.0
98,1.0,0.0,2.845,1.0,10.0,5,32.4143008479353,82.8046856920966,no pobre,basal,6,416.66666,1058.0,1.0,49.0,16,495,10875,9,1.0
97,1.0,0.0,2.845,1.0,3.0,5,32.4143008479353,82.8046856920966,no pobre,basal,6,416.66666,1058.0,1.0,49.0,8,495,10876,3,1.0
98,1.0,0.0,2.845,1.0,4.0,5,32.4143008479353,82.8046856920966,no pobre,basal,6,416.66666,1058.0,1.0,49.0,9,495,10876,3,1.0
97,1.0,0.0,2.845,0.0,6.0,9,32.4143008479353,82.8046856920966,pobre,basal,2,750.0,802.0,1.0,51.0,15,495,10877,6,0.0
98,1.0,0.0,2.845,0.0,6.0,9,32.4143008479353,82.8046856920966,pobre,basal,2,750.0,802.0,1.0,51.0,16,495,10877,6,0.0
97,1.0,0.0,2.845,1.0,3.0,9,32.4143008479353,82.8046856920966,pobre,basal,2,750.0,802.0,1.0,51.0,11,495,10878,3,1.0
98,1.0,0.0,2.845,1.0,4.0,9,32.4143008479353,82.8046856920966,pobre,basal,2,750.0,802.0,1.0,51.0,12,495,10878,3,1.0
97,1.0,0.0,2.845,1.0,4.0,9,32.4143008479353,82.8046856920966,pobre,basal,2,750.0,802.0,1.0,51.0,13,495,10879,4,1.0
98,1.0,0.0,2.845,1.0,5.0,9,32.4143008479353,82.8046856920966,pobre,basal,2,750.0,802.0,1.0,51.0,14,495,10879,4,1.0
97,0.0,0.0,2.845,1.0,0.0,9,32.4143008479353,82.8046856920966,pobre,basal,2,750.0,802.0,1.0,51.0,6,495,10880,0,1.0
98,0.0,0.0,2.845,1.0,1.0,9,32.4143008479353,82.8046856920966,pobre,basal,2,750.0,802.0,1.0,51.0,7,495,10880,0,1.0
97,1.0,0.0,2.845,,0.0,8,32.4143008479353,82.8046856920966,pobre,basal,2,0.0,484.0,0.0,47.0,14,495,10881,0,
98,1.0,0.0,2.845,0.0,2.0,8,32.4143008479353,82.8046856920966,pobre,basal,2,0.0,484.0,0.0,47.0,15,495,10881,0,
97,0.0,0.0,2.845,0.0,6.0,4,32.4143008479353,82.8046856920966,pobre,basal,1,0.0,692.0,0.0,38.0,14,495,10882,6,0.0
98,0.0,0.0,2.845,0.0,6.0,4,32.4143008479353,82.8046856920966,pobre,basal,1,0.0,692.0,0.0,38.0,15,495,10882,6,0.0
97,1.0,0.0,2.845,0.0,6.0,4,32.4143008479353,82.8046856920966,pobre,basal,1,0.0,692.0,0.0,38.0,12,495,10883,6,0.0
98,1.0,0.0,2.845,1.0,6.0,4,32.4143008479353,82.8046856920966,pobre,basal,1,0.0,692.0,0.0,38.0,13,495,10883,6,0.0
97,1.0,0.0,2.845,1.0,0.0,4,32.4143008479353,82.8046856920966,pobre,basal,1,0.0,692.0,0.0,38.0,6,495,10884,0,1.0
98,1.0,0.0,2.845,1.0,1.0,4,32.4143008479353,82.8046856920966,pobre,basal,1,0.0,692.0,0.0,38.0,7,495,10884,0,1.0
97,0.0,0.0,2.845,0.0,9.0,8,32.4143008479353,82.8046856920966,pobre,basal,6,520.0,808.0,1.0,42.0,16,495,10885,9,0.0
98,0.0,0.0,2.845,,,8,32.4143008479353,82.8046856920966,pobre,basal,6,520.0,808.0,1.0,42.0,17,495,10885,9,0.0
97,1.0,0.0,2.845,0.0,6.0,8,32.4143008479353,82.8046856920966,pobre,basal,6,520.0,808.0,1.0,42.0,13,495,10886,6,0.0
98,1.0,0.0,2.845,0.0,6.0,8,32.4143008479353,82.8046856920966,pobre,basal,6,520.0,808.0,1.0,42.0,14,495,10886,6,0.0
97,0.0,0.0,2.845,1.0,3.0,8,32.4143008479353,82.8046856920966,pobre,basal,6,520.0,808.0,1.0,42.0,9,495,10887,3,1.0
98,0.0,0.0,2.845,1.0,4.0,8,32.4143008479353,82.8046856920966,pobre,basal,6,520.0,808.0,1.0,42.0,10,495,10887,3,1.0
97,0.0,0.0,2.845,1.0,0.0,8,32.4143008479353,82.8046856920966,pobre,basal,6,520.0,808.0,1.0,42.0,6,495,10888,0,1.0
98,0.0,0.0,2.845,1.0,1.0,8,32.4143008479353,82.8046856920966,pobre,basal,6,520.0,808.0,1.0,42.0,7,495,10888,0,1.0
97,0.0,0.0,2.845,1.0,4.0,7,32.4143008479353,82.8046856920966,no pobre,basal,0,750.0,936.5,1.0,57.0,10,495,10889,4,1.0
98,0.0,0.0,2.845,1.0,5.0,7,32.4143008479353,82.8046856920966,no pobre,basal,0,750.0,936.5,1.0,57.0,11,495,10889,4,1.0
97,0.0,0.0,2.845,1.0,1.0,7,32.4143008479353,82.8046856920966,no pobre,basal,0,750.0,936.5,1.0,57.0,8,495,10890,1,1.0
98,0.0,0.0,2.845,1.0,1.0,7,32.4143008479353,82.8046856920966,no pobre,basal,0,750.0,936.5,1.0,57.0,9,495,10890,1,1.0
97,1.0,0.0,2.845,1.0,8.0,5,32.4143008479353,82.8046856920966,no pobre,basal,6,720.0,1077.0,1.0,37.0,12,495,10891,8,1.0
98,1.0,0.0,2.845,1.0,9.0,5,32.4143008479353,82.8046856920966,no pobre,basal,6,720.0,1077.0,1.0,37.0,13,495,10891,8,1.0
97,0.0,0.0,2.845,1.0,6.0,5,32.4143008479353,82.8046856920966,no pobre,basal,6,720.0,1077.0,1.0,37.0,11,495,10892,6,1.0
98,0.0,0.0,2.845,1.0,7.0,5,32.4143008479353,82.8046856920966,no pobre,basal,6,720.0,1077.0,1.0,37.0,12,495,10892,6,1.0
97,0.0,0.0,2.845,1.0,0.0,4,32.4143008479353,82.8046856920966,no pobre,basal,9,600.0,823.0,1.0,30.0,6,495,10893,0,1.0
98,0.0,0.0,2.845,,,4,32.4143008479353,82.8046856920966,no pobre,basal,9,600.0,823.0,1.0,30.0,7,495,10893,0,1.0
97,0.0,0.0,2.845,0.0,6.0,4,32.4143008479353,82.8046856920966,no pobre,basal,6,0.0,1225.0,1.0,78.0,16,495,10894,6,0.0
98,0.0,0.0,2.845,0.0,6.0,4,32.4143008479353,82.8046856920966,no pobre,basal,6,0.0,1225.0,1.0,78.0,17,495,10894,6,0.0
97,1.0,0.0,2.845,1.0,7.0,4,32.4143008479353,82.8046856920966,no pobre,basal,6,0.0,1225.0,1.0,78.0,14,495,10895,7,1.0
98,1.0,0.0,2.845,1.0,8.0,4,32.4143008479353,82.8046856920966,no pobre,basal,6,0.0,1225.0,1.0,78.0,15,495,10895,7,1.0
97,0.0,0.0,2.845,0.0,3.0,4,32.4143008479353,82.8046856920966,pobre,basal,3,625.0,735.0,1.0,30.0,13,495,10896,3,0.0
98,0.0,0.0,2.845,0.0,3.0,4,32.4143008479353,82.8046856920966,pobre,basal,3,625.0,735.0,1.0,30.0,14,495,10896,3,0.0
97,1.0,0.0,2.845,0.0,4.0,5,32.4143008479353,82.8046856920966,no pobre,basal,6,800.0,964.0,1.0,35.0,15,495,10897,4,0.0
98,1.0,0.0,2.845,0.0,4.0,5,32.4143008479353,82.8046856920966,no pobre,basal,6,800.0,964.0,1.0,35.0,16,495,10897,4,0.0
97,0.0,0.0,2.845,1.0,8.0,5,32.4143008479353,82.8046856920966,no pobre,basal,6,800.0,964.0,1.0,35.0,14,495,10898,8,1.0
98,0.0,0.0,2.845,1.0,9.0,5,32.4143008479353,82.8046856920966,no pobre,basal,6,800.0,964.0,1.0,35.0,15,495,10898,8,1.0
97,0.0,0.0,2.845,1.0,8.0,5,32.4143008479353,82.8046856920966,pobre,basal,0,625.0,754.0,1.0,30.0,13,495,10899,8,1.0
98,0.0,0.0,2.845,1.0,8.0,5,32.4143008479353,82.8046856920966,pobre,basal,0,625.0,754.0,1.0,30.0,14,495,10899,8,1.0
97,0.0,0.0,2.845,1.0,4.0,5,32.4143008479353,82.8046856920966,pobre,basal,6,416.66666,734.0,1.0,33.0,10,495,10900,4,1.0
98,0.0,0.0,2.845,1.0,5.0,5,32.4143008479353,82.8046856920966,pobre,basal,6,416.66666,734.0,1.0,33.0,11,495,10900,4,1.0
97,1.0,0.0,2.845,1.0,3.0,5,32.4143008479353,82.8046856920966,pobre,basal,6,416.66666,734.0,1.0,33.0,9,495,10901,3,1.0
98,1.0,0.0,2.845,1.0,4.0,5,32.4143008479353,82.8046856920966,pobre,basal,6,416.66666,734.0,1.0,33.0,10,495,10901,3,1.0
97,0.0,0.0,2.845,1.0,4.0,8,32.4143008479353,82.8046856920966,no pobre,basal,3,2000.0,1053.0,1.0,49.0,10,495,10902,4,1.0
98,0.0,0.0,2.845,,,8,32.4143008479353,82.8046856920966,no pobre,basal,3,2000.0,1053.0,1.0,49.0,11,495,10902,4,1.0
97,1.0,0.0,2.845,1.0,2.0,8,32.4143008479353,82.8046856920966,no pobre,basal,3,2000.0,1053.0,1.0,49.0,7,495,10903,2,1.0
98,1.0,0.0,2.845,,,8,32.4143008479353,82.8046856920966,no pobre,basal,3,2000.0,1053.0,1.0,49.0,8,495,10903,2,1.0
97,1.0,0.0,2.845,1.0,4.0,4,32.4143008479353,82.8046856920966,pobre,basal,0,0.0,754.0,0.0,65.0,10,495,10904,4,1.0
98,1.0,0.0,2.845,1.0,5.0,4,32.4143008479353,82.8046856920966,pobre,basal,0,0.0,754.0,0.0,65.0,11,495,10904,4,1.0
97,0.0,0.0,2.845,0.0,9.0,2,32.4143008479353,82.8046856920966,no pobre,basal,12,480.0,890.0,1.0,18.0,16,495,10905,9,0.0
98,0.0,0.0,2.845,0.0,6.0,2,32.4143008479353,82.8046856920966,no pobre,basal,12,480.0,890.0,1.0,18.0,17,495,10905,9,0.0
97,1.0,0.0,2.845,0.0,6.0,6,32.4143008479353,82.8046856920966,pobre,basal,4,0.0,608.0,0.0,23.0,15,495,10906,6,0.0
98,1.0,0.0,2.845,0.0,6.0,6,32.4143008479353,82.8046856920966,pobre,basal,4,0.0,608.0,0.0,23.0,16,495,10906,6,0.0
97,0.0,0.0,2.845,0.0,6.0,6,32.4143008479353,82.8046856920966,pobre,basal,4,0.0,608.0,0.0,23.0,16,495,10907,6,0.0
98,0.0,0.0,2.845,0.0,6.0,6,32.4143008479353,82.8046856920966,pobre,basal,4,0.0,608.0,0.0,23.0,17,495,10907,6,0.0
97,1.0,0.0,2.845,,0.0,6,32.4143008479353,82.8046856920966,pobre,basal,4,0.0,608.0,0.0,23.0,8,495,10908,0,
98,1.0,0.0,2.845,1.0,0.0,6,32.4143008479353,82.8046856920966,pobre,basal,4,0.0,608.0,0.0,23.0,9,495,10908,0,
97,0.0,0.0,2.845,1.0,4.0,7,32.4143008479353,82.8046856920966,pobre,basal,2,0.0,630.0,1.0,58.0,9,495,10909,4,1.0
98,0.0,0.0,2.845,1.0,5.0,7,32.4143008479353,82.8046856920966,pobre,basal,2,0.0,630.0,1.0,58.0,10,495,10909,4,1.0
97,0.0,0.0,2.845,1.0,0.0,7,32.4143008479353,82.8046856920966,pobre,basal,2,0.0,630.0,1.0,58.0,6,495,10910,0,1.0
98,0.0,0.0,2.845,1.0,1.0,7,32.4143008479353,82.8046856920966,pobre,basal,2,0.0,630.0,1.0,58.0,7,495,10910,0,1.0
97,1.0,0.0,2.845,,0.0,3,32.4143008479353,82.8046856920966,no pobre,basal,9,750.0,844.45001,1.0,27.0,7,495,10911,0,
98,1.0,0.0,2.845,1.0,1.0,3,32.4143008479353,82.8046856920966,no pobre,basal,9,750.0,844.45001,1.0,27.0,8,495,10911,0,
97,0.0,0.0,2.845,1.0,2.0,7,32.4143008479353,82.8046856920966,pobre,basal,3,600.0,670.0,1.0,33.0,9,495,10912,2,1.0
98,0.0,0.0,2.845,1.0,2.0,7,32.4143008479353,82.8046856920966,pobre,basal,3,600.0,670.0,1.0,33.0,10,495,10912,2,1.0
97,0.0,0.0,2.845,1.0,0.0,7,32.4143008479353,82.8046856920966,pobre,basal,3,600.0,670.0,1.0,33.0,7,495,10913,0,1.0
98,0.0,0.0,2.845,1.0,1.0,7,32.4143008479353,82.8046856920966,pobre,basal,3,600.0,670.0,1.0,33.0,8,495,10913,0,1.0
97,0.0,0.0,2.845,1.0,7.0,3,32.4143008479353,82.8046856920966,no pobre,basal,5,480.0,795.0,0.0,30.0,13,495,10914,7,1.0
98,0.0,0.0,2.845,1.0,7.0,3,32.4143008479353,82.8046856920966,no pobre,basal,5,480.0,795.0,0.0,30.0,14,495,10914,7,1.0
97,1.0,0.0,2.845,1.0,5.0,3,32.4143008479353,82.8046856920966,no pobre,basal,5,480.0,795.0,0.0,30.0,10,495,10915,5,1.0
98,1.0,0.0,2.845,1.0,5.0,3,32.4143008479353,82.8046856920966,no pobre,basal,5,480.0,795.0,0.0,30.0,11,495,10915,5,1.0
97,0.0,0.0,3.207,0.0,9.0,6,56.7887357885249,102.6315526385063,pobre,basal,2,600.0,909.0,1.0,40.0,16,490,10916,9,0.0
98,0.0,0.0,3.207,1.0,9.0,6,56.7887357885249,102.6315526385063,pobre,basal,2,600.0,909.0,1.0,40.0,17,490,10916,9,0.0
97,1.0,0.0,3.207,1.0,6.0,6,56.7887357885249,102.6315526385063,pobre,basal,2,600.0,909.0,1.0,40.0,15,490,10917,6,1.0
98,1.0,0.0,3.207,1.0,6.0,6,56.7887357885249,102.6315526385063,pobre,basal,2,600.0,909.0,1.0,40.0,16,490,10917,6,1.0
97,1.0,0.0,3.207,1.0,5.0,6,56.7887357885249,102.6315526385063,pobre,basal,2,600.0,909.0,1.0,40.0,13,490,10918,5,1.0
98,1.0,0.0,3.207,1.0,6.0,6,56.7887357885249,102.6315526385063,pobre,basal,2,600.0,909.0,1.0,40.0,14,490,10918,5,1.0
97,1.0,0.0,3.207,1.0,6.0,5,56.7887357885249,102.6315526385063,no pobre,basal,6,0.0,1138.0,1.0,47.0,12,490,10919,6,1.0
98,1.0,0.0,3.207,,,5,56.7887357885249,102.6315526385063,no pobre,basal,6,0.0,1138.0,1.0,47.0,13,490,10919,6,1.0
97,1.0,0.0,3.207,1.0,0.0,5,56.7887357885249,102.6315526385063,no pobre,basal,12,2000.0,966.0,1.0,28.0,6,490,10920,0,1.0
98,1.0,0.0,3.207,1.0,1.0,5,56.7887357885249,102.6315526385063,no pobre,basal,12,2000.0,966.0,1.0,28.0,7,490,10920,0,1.0
97,0.0,0.0,3.207,0.0,9.0,6,56.7887357885249,102.6315526385063,no pobre,basal,6,2400.0,1168.0,1.0,52.0,16,490,10921,9,0.0
98,0.0,0.0,3.207,,,6,56.7887357885249,102.6315526385063,no pobre,basal,6,2400.0,1168.0,1.0,52.0,17,490,10921,9,0.0
97,1.0,0.0,3.207,1.0,6.0,10,56.7887357885249,102.6315526385063,pobre,basal,0,500.0,794.0,1.0,55.0,12,490,10922,6,1.0
98,1.0,0.0,3.207,1.0,7.0,10,56.7887357885249,102.6315526385063,pobre,basal,0,500.0,794.0,1.0,55.0,13,490,10922,6,1.0
97,1.0,0.0,3.207,1.0,4.0,7,56.7887357885249,102.6315526385063,no pobre,basal,0,1400.0,823.0,1.0,47.0,12,490,10923,4,1.0
98,1.0,0.0,3.207,1.0,5.0,7,56.7887357885249,102.6315526385063,no pobre,basal,0,1400.0,823.0,1.0,47.0,13,490,10923,4,1.0
97,1.0,0.0,3.207,1.0,7.0,4,56.7887357885249,102.6315526385063,no pobre,basal,9,2000.0,1201.0,1.0,43.0,14,490,10924,7,1.0
98,1.0,0.0,3.207,1.0,8.0,4,56.7887357885249,102.6315526385063,no pobre,basal,9,2000.0,1201.0,1.0,43.0,15,490,10924,7,1.0
97,0.0,0.0,3.9549999,1.0,3.0,9,32.35701493315675,105.4609566461862,pobre,basal,0,500.0,528.0,1.0,27.0,10,412,10925,3,1.0
98,0.0,0.0,3.9549999,1.0,3.0,9,32.35701493315675,105.4609566461862,pobre,basal,0,500.0,528.0,1.0,27.0,11,412,10925,3,1.0
97,1.0,0.0,3.9549999,1.0,2.0,9,32.35701493315675,105.4609566461862,pobre,basal,0,500.0,528.0,1.0,27.0,9,412,10926,2,1.0
98,1.0,0.0,3.9549999,1.0,3.0,9,32.35701493315675,105.4609566461862,pobre,basal,0,500.0,528.0,1.0,27.0,10,412,10926,2,1.0
97,1.0,0.0,3.9549999,1.0,1.0,9,32.35701493315675,105.4609566461862,pobre,basal,0,500.0,528.0,1.0,27.0,7,412,10927,1,1.0
98,1.0,0.0,3.9549999,1.0,2.0,9,32.35701493315675,105.4609566461862,pobre,basal,0,500.0,528.0,1.0,27.0,8,412,10927,1,1.0
97,0.0,0.0,3.7119999,0.0,6.0,12,32.10321380953941,106.2038756965434,pobre,0,0,0.0,690.0,0.0,65.0,16,411,10928,6,0.0
98,0.0,0.0,3.7119999,,,12,32.10321380953941,106.2038756965434,pobre,0,0,0.0,690.0,0.0,65.0,17,411,10928,6,0.0
97,1.0,0.0,3.7119999,0.0,6.0,12,32.10321380953941,106.2038756965434,pobre,0,0,0.0,690.0,0.0,65.0,14,411,10929,6,0.0
98,1.0,0.0,3.7119999,0.0,6.0,12,32.10321380953941,106.2038756965434,pobre,0,0,0.0,690.0,0.0,65.0,15,411,10929,6,0.0
97,1.0,0.0,3.7119999,1.0,7.0,12,32.10321380953941,106.2038756965434,pobre,0,0,0.0,690.0,0.0,65.0,14,411,10930,7,1.0
98,1.0,0.0,3.7119999,1.0,7.0,12,32.10321380953941,106.2038756965434,pobre,0,0,0.0,690.0,0.0,65.0,15,411,10930,7,1.0
97,0.0,0.0,3.7119999,1.0,3.0,12,32.10321380953941,106.2038756965434,pobre,0,0,0.0,690.0,0.0,65.0,11,411,10931,3,1.0
98,0.0,0.0,3.7119999,1.0,4.0,12,32.10321380953941,106.2038756965434,pobre,0,0,0.0,690.0,0.0,65.0,12,411,10931,3,1.0
97,0.0,0.0,3.7119999,1.0,0.0,12,32.10321380953941,106.2038756965434,pobre,0,0,0.0,690.0,0.0,65.0,8,411,10932,0,1.0
98,0.0,0.0,3.7119999,1.0,1.0,12,32.10321380953941,106.2038756965434,pobre,0,0,0.0,690.0,0.0,65.0,9,411,10932,0,1.0
97,1.0,0.0,3.7119999,1.0,0.0,12,32.10321380953941,106.2038756965434,pobre,0,0,0.0,690.0,0.0,65.0,6,411,10933,0,1.0
98,1.0,0.0,3.7119999,1.0,1.0,12,32.10321380953941,106.2038756965434,pobre,0,0,0.0,690.0,0.0,65.0,7,411,10933,0,1.0
97,0.0,0.0,3.7119999,1.0,3.0,6,32.10321380953941,106.2038756965434,pobre,0,12,375.0,687.0,1.0,28.0,9,411,10934,3,1.0
98,0.0,0.0,3.7119999,1.0,4.0,6,32.10321380953941,106.2038756965434,pobre,0,12,375.0,687.0,1.0,28.0,10,411,10934,3,1.0
97,1.0,0.0,3.7119999,1.0,0.0,6,32.10321380953941,106.2038756965434,pobre,0,12,375.0,687.0,1.0,28.0,7,411,10935,0,1.0
98,1.0,0.0,3.7119999,1.0,1.0,6,32.10321380953941,106.2038756965434,pobre,0,12,375.0,687.0,1.0,28.0,8,411,10935,0,1.0
97,0.0,0.0,3.7119999,1.0,2.0,3,32.10321380953941,106.2038756965434,pobre,0,0,375.0,731.0,1.0,50.0,9,411,10936,2,1.0
98,0.0,0.0,3.7119999,1.0,3.0,3,32.10321380953941,106.2038756965434,pobre,0,0,375.0,731.0,1.0,50.0,10,411,10936,2,1.0
97,1.0,0.0,3.7119999,1.0,9.0,8,32.10321380953941,106.2038756965434,pobre,0,0,500.0,767.0,1.0,41.0,16,411,10937,9,1.0
98,1.0,0.0,3.7119999,,,8,32.10321380953941,106.2038756965434,pobre,0,0,500.0,767.0,1.0,41.0,17,411,10937,9,1.0
97,1.0,0.0,3.7119999,1.0,6.0,8,32.10321380953941,106.2038756965434,pobre,0,0,500.0,767.0,1.0,41.0,12,411,10938,6,1.0
98,1.0,0.0,3.7119999,1.0,6.0,8,32.10321380953941,106.2038756965434,pobre,0,0,500.0,767.0,1.0,41.0,13,411,10938,6,1.0
97,1.0,0.0,3.7119999,1.0,3.0,8,32.10321380953941,106.2038756965434,pobre,0,0,500.0,767.0,1.0,41.0,11,411,10939,3,1.0
98,1.0,0.0,3.7119999,1.0,4.0,8,32.10321380953941,106.2038756965434,pobre,0,0,500.0,767.0,1.0,41.0,12,411,10939,3,1.0
97,1.0,0.0,3.7119999,1.0,2.0,8,32.10321380953941,106.2038756965434,pobre,0,0,500.0,767.0,1.0,41.0,8,411,10940,2,1.0
98,1.0,0.0,3.7119999,1.0,2.0,8,32.10321380953941,106.2038756965434,pobre,0,0,500.0,767.0,1.0,41.0,9,411,10940,2,1.0
97,0.0,0.0,3.7119999,0.0,6.0,11,32.10321380953941,106.2038756965434,pobre,0,0,500.0,582.0,1.0,36.0,15,411,10941,6,0.0
98,0.0,0.0,3.7119999,,,11,32.10321380953941,106.2038756965434,pobre,0,0,500.0,582.0,1.0,36.0,16,411,10941,6,0.0
97,1.0,0.0,3.7119999,1.0,4.0,11,32.10321380953941,106.2038756965434,pobre,0,0,500.0,582.0,1.0,36.0,13,411,10942,4,1.0
98,1.0,0.0,3.7119999,,,11,32.10321380953941,106.2038756965434,pobre,0,0,500.0,582.0,1.0,36.0,14,411,10942,4,1.0
97,1.0,0.0,3.7119999,1.0,3.0,11,32.10321380953941,106.2038756965434,pobre,0,0,500.0,582.0,1.0,36.0,11,411,10943,3,1.0
98,1.0,0.0,3.7119999,,,11,32.10321380953941,106.2038756965434,pobre,0,0,500.0,582.0,1.0,36.0,12,411,10943,3,1.0
97,0.0,0.0,3.7119999,,0.0,11,32.10321380953941,106.2038756965434,pobre,0,0,500.0,582.0,1.0,36.0,9,411,10944,0,
98,0.0,0.0,3.7119999,,,11,32.10321380953941,106.2038756965434,pobre,0,0,500.0,582.0,1.0,36.0,10,411,10944,0,
97,1.0,0.0,3.7119999,,0.0,11,32.10321380953941,106.2038756965434,pobre,0,0,500.0,582.0,1.0,36.0,6,411,10945,0,
98,1.0,0.0,3.7119999,1.0,1.0,11,32.10321380953941,106.2038756965434,pobre,0,0,500.0,582.0,1.0,36.0,7,411,10945,0,
97,1.0,,3.7119999,,0.0,11,32.10321380953941,106.2038756965434,pobre,0,0,500.0,582.0,1.0,36.0,6,411,10946,0,
98,1.0,,3.7119999,1.0,1.0,11,32.10321380953941,106.2038756965434,pobre,0,0,500.0,582.0,1.0,36.0,7,411,10946,0,
97,0.0,0.0,3.7119999,1.0,0.0,5,32.10321380953941,106.2038756965434,pobre,0,0,166.66667,715.0,1.0,34.0,7,411,10947,0,1.0
98,0.0,0.0,3.7119999,1.0,1.0,5,32.10321380953941,106.2038756965434,pobre,0,0,166.66667,715.0,1.0,34.0,8,411,10947,0,1.0
97,1.0,0.0,3.7119999,0.0,6.0,10,32.10321380953941,106.2038756965434,pobre,0,2,25.0,761.0,1.0,51.0,16,411,10948,6,0.0
98,1.0,0.0,3.7119999,0.0,6.0,10,32.10321380953941,106.2038756965434,pobre,0,2,25.0,761.0,1.0,51.0,17,411,10948,6,0.0
97,0.0,0.0,3.7119999,0.0,6.0,10,32.10321380953941,106.2038756965434,pobre,0,2,25.0,761.0,1.0,51.0,14,411,10949,6,0.0
98,0.0,0.0,3.7119999,0.0,6.0,10,32.10321380953941,106.2038756965434,pobre,0,2,25.0,761.0,1.0,51.0,15,411,10949,6,0.0
97,1.0,0.0,3.7119999,1.0,4.0,10,32.10321380953941,106.2038756965434,pobre,0,2,25.0,761.0,1.0,51.0,10,411,10950,4,1.0
98,1.0,0.0,3.7119999,1.0,5.0,10,32.10321380953941,106.2038756965434,pobre,0,2,25.0,761.0,1.0,51.0,11,411,10950,4,1.0
97,1.0,0.0,3.7119999,1.0,1.0,10,32.10321380953941,106.2038756965434,pobre,0,2,25.0,761.0,1.0,51.0,7,411,10951,1,1.0
98,1.0,0.0,3.7119999,1.0,2.0,10,32.10321380953941,106.2038756965434,pobre,0,2,25.0,761.0,1.0,51.0,8,411,10951,1,1.0
97,1.0,0.0,3.7119999,,0.0,6,32.10321380953941,106.2038756965434,pobre,0,0,500.0,783.45001,1.0,62.0,6,411,10952,0,
98,1.0,0.0,3.7119999,1.0,3.0,6,32.10321380953941,106.2038756965434,pobre,0,0,500.0,783.45001,1.0,62.0,7,411,10952,0,
97,0.0,0.0,3.7119999,0.0,6.0,9,32.10321380953941,106.2038756965434,pobre,0,0,640.0,728.5,1.0,47.0,16,411,10953,6,0.0
98,0.0,0.0,3.7119999,,,9,32.10321380953941,106.2038756965434,pobre,0,0,640.0,728.5,1.0,47.0,17,411,10953,6,0.0
97,0.0,0.0,3.7119999,0.0,6.0,9,32.10321380953941,106.2038756965434,pobre,0,0,640.0,728.5,1.0,47.0,14,411,10954,6,0.0
98,0.0,0.0,3.7119999,1.0,6.0,9,32.10321380953941,106.2038756965434,pobre,0,0,640.0,728.5,1.0,47.0,15,411,10954,6,0.0
97,1.0,0.0,3.7119999,1.0,4.0,9,32.10321380953941,106.2038756965434,pobre,0,0,640.0,728.5,1.0,47.0,12,411,10955,4,1.0
98,1.0,0.0,3.7119999,1.0,5.0,9,32.10321380953941,106.2038756965434,pobre,0,0,640.0,728.5,1.0,47.0,13,411,10955,4,1.0
97,1.0,0.0,3.7119999,1.0,3.0,9,32.10321380953941,106.2038756965434,pobre,0,0,640.0,728.5,1.0,47.0,10,411,10956,3,1.0
98,1.0,0.0,3.7119999,1.0,3.0,9,32.10321380953941,106.2038756965434,pobre,0,0,640.0,728.5,1.0,47.0,11,411,10956,3,1.0
97,0.0,0.0,3.7119999,1.0,0.0,9,32.10321380953941,106.2038756965434,pobre,0,0,640.0,728.5,1.0,47.0,7,411,10957,0,1.0
98,0.0,0.0,3.7119999,1.0,1.0,9,32.10321380953941,106.2038756965434,pobre,0,0,640.0,728.5,1.0,47.0,8,411,10957,0,1.0
97,1.0,0.0,3.7119999,,0.0,5,32.10321380953941,106.2038756965434,pobre,0,0,500.0,659.0,1.0,39.0,6,411,10958,0,
98,1.0,0.0,3.7119999,,,5,32.10321380953941,106.2038756965434,pobre,0,0,500.0,659.0,1.0,39.0,7,411,10958,0,
97,0.0,0.0,3.7119999,,0.0,8,32.10321380953941,106.2038756965434,pobre,0,3,500.0,691.0,1.0,62.0,12,411,10959,0,
98,0.0,0.0,3.7119999,,,8,32.10321380953941,106.2038756965434,pobre,0,3,500.0,691.0,1.0,62.0,13,411,10959,0,
97,1.0,0.0,3.7119999,,0.0,8,32.10321380953941,106.2038756965434,pobre,0,3,500.0,691.0,1.0,62.0,13,411,10960,0,
98,1.0,0.0,3.7119999,,,8,32.10321380953941,106.2038756965434,pobre,0,3,500.0,691.0,1.0,62.0,14,411,10960,0,
97,0.0,0.0,3.7119999,,0.0,8,32.10321380953941,106.2038756965434,pobre,0,3,500.0,691.0,1.0,62.0,11,411,10961,0,
98,0.0,0.0,3.7119999,,,8,32.10321380953941,106.2038756965434,pobre,0,3,500.0,691.0,1.0,62.0,12,411,10961,0,
97,1.0,0.0,3.7119999,1.0,4.0,6,32.10321380953941,106.2038756965434,pobre,0,0,500.0,667.0,1.0,38.0,13,411,10962,4,1.0
98,1.0,0.0,3.7119999,0.0,4.0,6,32.10321380953941,106.2038756965434,pobre,0,0,500.0,667.0,1.0,38.0,14,411,10962,4,1.0
97,0.0,0.0,3.7119999,1.0,3.0,6,32.10321380953941,106.2038756965434,pobre,0,0,500.0,667.0,1.0,38.0,12,411,10963,3,1.0
98,0.0,0.0,3.7119999,1.0,3.0,6,32.10321380953941,106.2038756965434,pobre,0,0,500.0,667.0,1.0,38.0,13,411,10963,3,1.0
97,0.0,0.0,3.7119999,1.0,2.0,6,32.10321380953941,106.2038756965434,pobre,0,0,500.0,667.0,1.0,38.0,7,411,10964,2,1.0
98,0.0,0.0,3.7119999,1.0,3.0,6,32.10321380953941,106.2038756965434,pobre,0,0,500.0,667.0,1.0,38.0,8,411,10964,2,1.0
97,0.0,0.0,3.7119999,1.0,4.0,6,32.10321380953941,106.2038756965434,pobre,0,6,500.0,617.0,1.0,32.0,13,411,10965,4,1.0
98,0.0,0.0,3.7119999,1.0,7.0,6,32.10321380953941,106.2038756965434,pobre,0,6,500.0,617.0,1.0,32.0,14,411,10965,4,1.0
97,0.0,0.0,3.7119999,1.0,3.0,6,32.10321380953941,106.2038756965434,pobre,0,6,500.0,617.0,1.0,32.0,11,411,10966,3,1.0
98,0.0,0.0,3.7119999,1.0,4.0,6,32.10321380953941,106.2038756965434,pobre,0,6,500.0,617.0,1.0,32.0,12,411,10966,3,1.0
97,1.0,0.0,3.7119999,,0.0,6,32.10321380953941,106.2038756965434,pobre,0,6,500.0,617.0,1.0,32.0,8,411,10967,0,
98,1.0,0.0,3.7119999,,,6,32.10321380953941,106.2038756965434,pobre,0,6,500.0,617.0,1.0,32.0,9,411,10967,0,
97,0.0,0.0,3.7119999,,0.0,6,32.10321380953941,106.2038756965434,pobre,0,6,500.0,617.0,1.0,32.0,6,411,10968,0,
98,0.0,0.0,3.7119999,,,6,32.10321380953941,106.2038756965434,pobre,0,6,500.0,617.0,1.0,32.0,7,411,10968,0,
97,1.0,0.0,3.7119999,1.0,1.0,3,32.10321380953941,106.2038756965434,pobre,0,3,625.0,754.0,1.0,43.0,7,411,10969,1,1.0
98,1.0,0.0,3.7119999,1.0,2.0,3,32.10321380953941,106.2038756965434,pobre,0,3,625.0,754.0,1.0,43.0,8,411,10969,1,1.0
97,0.0,0.0,3.7119999,1.0,3.0,9,32.10321380953941,106.2038756965434,pobre,0,1,500.0,421.0,1.0,35.0,10,411,10970,3,1.0
98,0.0,0.0,3.7119999,1.0,3.0,9,32.10321380953941,106.2038756965434,pobre,0,1,500.0,421.0,1.0,35.0,11,411,10970,3,1.0
97,0.0,0.0,3.7119999,1.0,2.0,9,32.10321380953941,106.2038756965434,pobre,0,1,500.0,421.0,1.0,35.0,9,411,10971,2,1.0
98,0.0,0.0,3.7119999,1.0,3.0,9,32.10321380953941,106.2038756965434,pobre,0,1,500.0,421.0,1.0,35.0,10,411,10971,2,1.0
97,0.0,0.0,3.7119999,1.0,1.0,9,32.10321380953941,106.2038756965434,pobre,0,1,500.0,421.0,1.0,35.0,8,411,10972,1,1.0
98,0.0,0.0,3.7119999,1.0,1.0,9,32.10321380953941,106.2038756965434,pobre,0,1,500.0,421.0,1.0,35.0,9,411,10972,1,1.0
97,0.0,0.0,3.7119999,1.0,6.0,4,32.10321380953941,106.2038756965434,pobre,0,0,0.0,747.0,1.0,67.0,15,411,10973,6,1.0
98,0.0,0.0,3.7119999,1.0,5.0,4,32.10321380953941,106.2038756965434,pobre,0,0,0.0,747.0,1.0,67.0,16,411,10973,6,1.0
97,1.0,0.0,3.7119999,1.0,5.0,4,32.10321380953941,106.2038756965434,pobre,0,0,0.0,747.0,1.0,67.0,11,411,10974,5,1.0
98,1.0,0.0,3.7119999,1.0,5.0,4,32.10321380953941,106.2038756965434,pobre,0,0,0.0,747.0,1.0,67.0,12,411,10974,5,1.0
97,1.0,0.0,3.7119999,1.0,0.0,6,32.10321380953941,106.2038756965434,pobre,0,9,0.0,662.0,1.0,22.0,6,411,10975,0,1.0
98,1.0,0.0,3.7119999,1.0,1.0,6,32.10321380953941,106.2038756965434,pobre,0,9,0.0,662.0,1.0,22.0,7,411,10975,0,1.0
97,1.0,0.0,3.7119999,0.0,6.0,9,32.10321380953941,106.2038756965434,pobre,0,3,0.0,692.5,1.0,40.0,16,411,10976,6,0.0
98,1.0,0.0,3.7119999,,,9,32.10321380953941,106.2038756965434,pobre,0,3,0.0,692.5,1.0,40.0,17,411,10976,6,0.0
97,1.0,0.0,3.7119999,1.0,5.0,9,32.10321380953941,106.2038756965434,pobre,0,3,0.0,692.5,1.0,40.0,14,411,10977,5,1.0
98,1.0,0.0,3.7119999,0.0,6.0,9,32.10321380953941,106.2038756965434,pobre,0,3,0.0,692.5,1.0,40.0,15,411,10977,5,1.0
97,1.0,0.0,3.7119999,,0.0,9,32.10321380953941,106.2038756965434,pobre,0,3,0.0,692.5,1.0,40.0,7,411,10978,0,
98,1.0,0.0,3.7119999,1.0,3.0,9,32.10321380953941,106.2038756965434,pobre,0,3,0.0,692.5,1.0,40.0,8,411,10978,0,
97,0.0,0.0,3.7119999,1.0,3.0,7,32.10321380953941,106.2038756965434,pobre,0,3,500.0,595.0,1.0,33.0,9,411,10979,3,1.0
98,0.0,0.0,3.7119999,1.0,4.0,7,32.10321380953941,106.2038756965434,pobre,0,3,500.0,595.0,1.0,33.0,10,411,10979,3,1.0
97,0.0,0.0,3.7119999,1.0,2.0,7,32.10321380953941,106.2038756965434,pobre,0,3,500.0,595.0,1.0,33.0,8,411,10980,2,1.0
98,0.0,0.0,3.7119999,,,7,32.10321380953941,106.2038756965434,pobre,0,3,500.0,595.0,1.0,33.0,9,411,10980,2,1.0
97,0.0,0.0,3.7119999,1.0,0.0,7,32.10321380953941,106.2038756965434,pobre,0,3,500.0,595.0,1.0,33.0,6,411,10981,0,1.0
98,0.0,0.0,3.7119999,1.0,1.0,7,32.10321380953941,106.2038756965434,pobre,0,3,500.0,595.0,1.0,33.0,7,411,10981,0,1.0
97,0.0,0.0,3.7119999,,0.0,10,32.10321380953941,106.2038756965434,pobre,0,0,0.0,655.0,1.0,69.0,9,411,10982,0,
98,0.0,0.0,3.7119999,,,10,32.10321380953941,106.2038756965434,pobre,0,0,0.0,655.0,1.0,69.0,10,411,10982,0,
97,1.0,0.0,3.7119999,0.0,3.0,10,32.10321380953941,106.2038756965434,pobre,0,0,0.0,655.0,1.0,69.0,13,411,10983,3,0.0
98,1.0,0.0,3.7119999,,,10,32.10321380953941,106.2038756965434,pobre,0,0,0.0,655.0,1.0,69.0,14,411,10983,3,0.0
97,1.0,0.0,3.7119999,,0.0,10,32.10321380953941,106.2038756965434,pobre,0,0,0.0,655.0,1.0,69.0,12,411,10984,0,
98,1.0,0.0,3.7119999,,,10,32.10321380953941,106.2038756965434,pobre,0,0,0.0,655.0,1.0,69.0,13,411,10984,0,
97,0.0,0.0,3.7119999,1.0,0.0,10,32.10321380953941,106.2038756965434,pobre,0,0,0.0,655.0,1.0,69.0,9,411,10985,0,1.0
98,0.0,0.0,3.7119999,1.0,1.0,10,32.10321380953941,106.2038756965434,pobre,0,0,0.0,655.0,1.0,69.0,10,411,10985,0,1.0
97,0.0,0.0,3.7119999,,0.0,10,32.10321380953941,106.2038756965434,pobre,0,0,0.0,655.0,1.0,69.0,7,411,10986,0,
98,0.0,0.0,3.7119999,1.0,0.0,10,32.10321380953941,106.2038756965434,pobre,0,0,0.0,655.0,1.0,69.0,8,411,10986,0,
97,0.0,0.0,3.7119999,0.0,7.0,7,32.10321380953941,106.2038756965434,pobre,0,2,0.0,753.0,1.0,64.0,16,411,10987,7,0.0
98,0.0,0.0,3.7119999,0.0,8.0,7,32.10321380953941,106.2038756965434,pobre,0,2,0.0,753.0,1.0,64.0,17,411,10987,7,0.0
97,1.0,0.0,3.7119999,0.0,3.0,7,32.10321380953941,106.2038756965434,pobre,0,2,0.0,753.0,1.0,64.0,15,411,10988,3,0.0
98,1.0,0.0,3.7119999,0.0,3.0,7,32.10321380953941,106.2038756965434,pobre,0,2,0.0,753.0,1.0,64.0,16,411,10988,3,0.0
97,1.0,0.0,3.7119999,1.0,7.0,7,32.10321380953941,106.2038756965434,pobre,0,2,0.0,753.0,1.0,64.0,14,411,10989,7,1.0
98,1.0,0.0,3.7119999,1.0,8.0,7,32.10321380953941,106.2038756965434,pobre,0,2,0.0,753.0,1.0,64.0,15,411,10989,7,1.0
97,1.0,0.0,3.7119999,1.0,0.0,7,32.10321380953941,106.2038756965434,pobre,0,2,0.0,753.0,1.0,64.0,7,411,10990,0,1.0
98,1.0,0.0,3.7119999,1.0,2.0,7,32.10321380953941,106.2038756965434,pobre,0,2,0.0,753.0,1.0,64.0,8,411,10990,0,1.0
97,1.0,0.0,3.7119999,,0.0,4,32.10321380953941,106.2038756965434,pobre,0,0,625.0,723.0,1.0,26.0,6,411,10991,0,
98,1.0,0.0,3.7119999,1.0,2.0,4,32.10321380953941,106.2038756965434,pobre,0,0,625.0,723.0,1.0,26.0,7,411,10991,0,
97,1.0,0.0,3.7119999,0.0,6.0,6,32.10321380953941,106.2038756965434,pobre,0,0,0.0,773.0,1.0,47.0,14,411,10992,6,0.0
98,1.0,0.0,3.7119999,0.0,6.0,6,32.10321380953941,106.2038756965434,pobre,0,0,0.0,773.0,1.0,47.0,15,411,10992,6,0.0
97,1.0,0.0,3.7119999,1.0,2.0,6,32.10321380953941,106.2038756965434,pobre,0,0,0.0,773.0,1.0,47.0,9,411,10993,2,1.0
98,1.0,0.0,3.7119999,1.0,2.0,6,32.10321380953941,106.2038756965434,pobre,0,0,0.0,773.0,1.0,47.0,10,411,10993,2,1.0
97,0.0,0.0,3.7119999,0.0,5.0,11,32.10321380953941,106.2038756965434,pobre,0,1,500.0,523.0,1.0,41.0,16,411,10994,5,0.0
98,0.0,0.0,3.7119999,,,11,32.10321380953941,106.2038756965434,pobre,0,1,500.0,523.0,1.0,41.0,17,411,10994,5,0.0
97,0.0,0.0,3.7119999,1.0,3.0,11,32.10321380953941,106.2038756965434,pobre,0,1,500.0,523.0,1.0,41.0,14,411,10995,3,1.0
98,0.0,0.0,3.7119999,0.0,4.0,11,32.10321380953941,106.2038756965434,pobre,0,1,500.0,523.0,1.0,41.0,15,411,10995,3,1.0
97,1.0,0.0,3.7119999,1.0,4.0,11,32.10321380953941,106.2038756965434,pobre,0,1,500.0,523.0,1.0,41.0,11,411,10996,4,1.0
98,1.0,0.0,3.7119999,0.0,5.0,11,32.10321380953941,106.2038756965434,pobre,0,1,500.0,523.0,1.0,41.0,12,411,10996,4,1.0
97,0.0,0.0,3.7119999,1.0,1.0,11,32.10321380953941,106.2038756965434,pobre,0,1,500.0,523.0,1.0,41.0,9,411,10997,1,1.0
98,0.0,0.0,3.7119999,1.0,2.0,11,32.10321380953941,106.2038756965434,pobre,0,1,500.0,523.0,1.0,41.0,10,411,10997,1,1.0
97,0.0,0.0,3.7119999,1.0,0.0,11,32.10321380953941,106.2038756965434,pobre,0,1,500.0,523.0,1.0,41.0,7,411,10998,0,1.0
98,0.0,0.0,3.7119999,1.0,3.0,11,32.10321380953941,106.2038756965434,pobre,0,1,500.0,523.0,1.0,41.0,8,411,10998,0,1.0
97,0.0,0.0,3.7119999,1.0,0.0,3,32.10321380953941,106.2038756965434,no pobre,0,3,500.0,798.0,1.0,57.0,7,411,10999,0,1.0
98,0.0,0.0,3.7119999,1.0,0.0,3,32.10321380953941,106.2038756965434,no pobre,0,3,500.0,798.0,1.0,57.0,8,411,10999,0,1.0
97,0.0,0.0,3.9549999,,0.0,5,32.35701493315675,105.4609566461862,pobre,basal,0,500.0,729.45001,1.0,26.0,16,412,11000,0,
98,0.0,0.0,3.9549999,,,5,32.35701493315675,105.4609566461862,pobre,basal,0,500.0,729.45001,1.0,26.0,17,412,11000,0,
97,1.0,0.0,3.9549999,,0.0,5,32.35701493315675,105.4609566461862,pobre,basal,0,500.0,729.45001,1.0,26.0,15,412,11001,0,
98,1.0,0.0,3.9549999,,,5,32.35701493315675,105.4609566461862,pobre,basal,0,500.0,729.45001,1.0,26.0,16,412,11001,0,
97,1.0,0.0,3.9549999,1.0,5.0,9,32.35701493315675,105.4609566461862,pobre,basal,2,500.0,687.0,1.0,48.0,13,412,11002,5,1.0
98,1.0,0.0,3.9549999,,,9,32.35701493315675,105.4609566461862,pobre,basal,2,500.0,687.0,1.0,48.0,14,412,11002,5,1.0
97,1.0,0.0,3.9549999,1.0,0.0,9,32.35701493315675,105.4609566461862,pobre,basal,2,500.0,687.0,1.0,48.0,9,412,11003,0,1.0
98,1.0,0.0,3.9549999,,,9,32.35701493315675,105.4609566461862,pobre,basal,2,500.0,687.0,1.0,48.0,10,412,11003,0,1.0
97,1.0,0.0,3.9549999,1.0,1.0,9,32.35701493315675,105.4609566461862,pobre,basal,2,500.0,687.0,1.0,48.0,7,412,11004,1,1.0
98,1.0,0.0,3.9549999,,,9,32.35701493315675,105.4609566461862,pobre,basal,2,500.0,687.0,1.0,48.0,8,412,11004,1,1.0
97,0.0,0.0,3.9549999,1.0,5.0,9,32.35701493315675,105.4609566461862,pobre,basal,0,500.0,751.0,1.0,50.0,12,412,11005,5,1.0
98,0.0,0.0,3.9549999,0.0,6.0,9,32.35701493315675,105.4609566461862,pobre,basal,0,500.0,751.0,1.0,50.0,13,412,11005,5,1.0
97,0.0,0.0,3.9549999,,0.0,9,32.35701493315675,105.4609566461862,pobre,basal,0,500.0,751.0,1.0,50.0,6,412,11006,0,
98,0.0,0.0,3.9549999,1.0,1.0,9,32.35701493315675,105.4609566461862,pobre,basal,0,500.0,751.0,1.0,50.0,7,412,11006,0,
97,1.0,0.0,3.9549999,1.0,1.0,5,32.35701493315675,105.4609566461862,pobre,basal,0,375.0,664.0,1.0,30.0,8,412,11007,1,1.0
98,1.0,0.0,3.9549999,1.0,2.0,5,32.35701493315675,105.4609566461862,pobre,basal,0,375.0,664.0,1.0,30.0,9,412,11007,1,1.0
97,1.0,0.0,3.9549999,1.0,4.0,9,32.35701493315675,105.4609566461862,pobre,basal,0,0.0,565.0,1.0,37.0,12,412,11008,4,1.0
98,1.0,0.0,3.9549999,1.0,5.0,9,32.35701493315675,105.4609566461862,pobre,basal,0,0.0,565.0,1.0,37.0,13,412,11008,4,1.0
97,1.0,0.0,3.9549999,1.0,2.0,9,32.35701493315675,105.4609566461862,pobre,basal,0,0.0,565.0,1.0,37.0,10,412,11009,2,1.0
98,1.0,0.0,3.9549999,1.0,3.0,9,32.35701493315675,105.4609566461862,pobre,basal,0,0.0,565.0,1.0,37.0,11,412,11009,2,1.0
97,0.0,0.0,3.9549999,1.0,0.0,9,32.35701493315675,105.4609566461862,pobre,basal,0,0.0,565.0,1.0,37.0,8,412,11010,0,1.0
98,0.0,0.0,3.9549999,1.0,1.0,9,32.35701493315675,105.4609566461862,pobre,basal,0,0.0,565.0,1.0,37.0,9,412,11010,0,1.0
97,0.0,0.0,3.9549999,1.0,0.0,9,32.35701493315675,105.4609566461862,pobre,basal,0,0.0,565.0,1.0,37.0,6,412,11011,0,1.0
98,0.0,0.0,3.9549999,1.0,1.0,9,32.35701493315675,105.4609566461862,pobre,basal,0,0.0,565.0,1.0,37.0,7,412,11011,0,1.0
97,1.0,0.0,3.7119999,0.0,5.0,11,32.10321380953941,106.2038756965434,pobre,0,0,500.0,659.0,1.0,53.0,13,411,11012,5,0.0
98,1.0,0.0,3.7119999,0.0,5.0,11,32.10321380953941,106.2038756965434,pobre,0,0,500.0,659.0,1.0,53.0,14,411,11012,5,0.0
97,0.0,0.0,3.7119999,1.0,3.0,11,32.10321380953941,106.2038756965434,pobre,0,0,500.0,659.0,1.0,53.0,11,411,11013,3,1.0
98,0.0,0.0,3.7119999,0.0,3.0,11,32.10321380953941,106.2038756965434,pobre,0,0,500.0,659.0,1.0,53.0,12,411,11013,3,1.0
97,1.0,0.0,3.7119999,1.0,1.0,7,32.10321380953941,106.2038756965434,pobre,0,2,500.0,589.0,1.0,98.0,9,411,11014,1,1.0
98,1.0,0.0,3.7119999,1.0,2.0,7,32.10321380953941,106.2038756965434,pobre,0,2,500.0,589.0,1.0,98.0,10,411,11014,1,1.0
97,0.0,0.0,3.7119999,,0.0,7,32.10321380953941,106.2038756965434,pobre,0,2,500.0,589.0,1.0,98.0,8,411,11015,0,
98,0.0,0.0,3.7119999,1.0,1.0,7,32.10321380953941,106.2038756965434,pobre,0,2,500.0,589.0,1.0,98.0,9,411,11015,0,
97,1.0,0.0,3.7119999,1.0,3.0,7,32.10321380953941,106.2038756965434,pobre,0,0,500.0,729.0,1.0,50.0,14,411,11016,3,1.0
98,1.0,0.0,3.7119999,0.0,3.0,7,32.10321380953941,106.2038756965434,pobre,0,0,500.0,729.0,1.0,50.0,15,411,11016,3,1.0
97,0.0,0.0,3.7119999,1.0,4.0,7,32.10321380953941,106.2038756965434,pobre,0,0,500.0,729.0,1.0,50.0,11,411,11017,4,1.0
98,0.0,0.0,3.7119999,1.0,4.0,7,32.10321380953941,106.2038756965434,pobre,0,0,500.0,729.0,1.0,50.0,12,411,11017,4,1.0
97,0.0,0.0,3.7119999,0.0,6.0,10,32.10321380953941,106.2038756965434,pobre,0,3,83.333336,736.0,1.0,46.0,15,411,11018,6,0.0
98,0.0,0.0,3.7119999,0.0,6.0,10,32.10321380953941,106.2038756965434,pobre,0,3,83.333336,736.0,1.0,46.0,16,411,11018,6,0.0
97,0.0,0.0,3.7119999,1.0,4.0,10,32.10321380953941,106.2038756965434,pobre,0,3,83.333336,736.0,1.0,46.0,13,411,11019,4,1.0
98,0.0,0.0,3.7119999,1.0,5.0,10,32.10321380953941,106.2038756965434,pobre,0,3,83.333336,736.0,1.0,46.0,14,411,11019,4,1.0
97,1.0,0.0,3.7119999,1.0,2.0,10,32.10321380953941,106.2038756965434,pobre,0,3,83.333336,736.0,1.0,46.0,11,411,11020,2,1.0
98,1.0,0.0,3.7119999,0.0,2.0,10,32.10321380953941,106.2038756965434,pobre,0,3,83.333336,736.0,1.0,46.0,12,411,11020,2,1.0
97,1.0,0.0,3.7119999,1.0,0.0,10,32.10321380953941,106.2038756965434,pobre,0,3,83.333336,736.0,1.0,46.0,8,411,11021,0,1.0
98,1.0,0.0,3.7119999,1.0,1.0,10,32.10321380953941,106.2038756965434,pobre,0,3,83.333336,736.0,1.0,46.0,9,411,11021,0,1.0
97,0.0,0.0,3.7119999,1.0,4.0,8,32.10321380953941,106.2038756965434,pobre,0,0,0.0,541.0,0.0,37.0,12,411,11022,4,1.0
98,0.0,0.0,3.7119999,0.0,5.0,8,32.10321380953941,106.2038756965434,pobre,0,0,0.0,541.0,0.0,37.0,13,411,11022,4,1.0
97,0.0,0.0,3.7119999,1.0,3.0,8,32.10321380953941,106.2038756965434,pobre,0,0,0.0,541.0,0.0,37.0,11,411,11023,3,1.0
98,0.0,0.0,3.7119999,1.0,4.0,8,32.10321380953941,106.2038756965434,pobre,0,0,0.0,541.0,0.0,37.0,12,411,11023,3,1.0
97,0.0,0.0,3.7119999,1.0,1.0,8,32.10321380953941,106.2038756965434,pobre,0,0,0.0,541.0,0.0,37.0,10,411,11024,1,1.0
98,0.0,0.0,3.7119999,1.0,2.0,8,32.10321380953941,106.2038756965434,pobre,0,0,0.0,541.0,0.0,37.0,11,411,11024,1,1.0
97,0.0,0.0,3.7119999,1.0,2.0,8,32.10321380953941,106.2038756965434,pobre,0,0,0.0,541.0,0.0,37.0,9,411,11025,2,1.0
98,0.0,0.0,3.7119999,1.0,3.0,8,32.10321380953941,106.2038756965434,pobre,0,0,0.0,541.0,0.0,37.0,10,411,11025,2,1.0
97,0.0,0.0,3.7119999,1.0,2.0,4,32.10321380953941,106.2038756965434,pobre,0,0,500.0,694.0,1.0,32.0,7,411,11026,2,1.0
98,0.0,0.0,3.7119999,1.0,3.0,4,32.10321380953941,106.2038756965434,pobre,0,0,500.0,694.0,1.0,32.0,8,411,11026,2,1.0
97,0.0,0.0,3.7119999,1.0,7.0,8,32.10321380953941,106.2038756965434,pobre,0,2,500.0,691.0,1.0,32.0,12,411,11027,7,1.0
98,0.0,0.0,3.7119999,1.0,8.0,8,32.10321380953941,106.2038756965434,pobre,0,2,500.0,691.0,1.0,32.0,13,411,11027,7,1.0
97,1.0,0.0,3.7119999,1.0,4.0,8,32.10321380953941,106.2038756965434,pobre,0,2,500.0,691.0,1.0,32.0,10,411,11028,4,1.0
98,1.0,0.0,3.7119999,1.0,4.0,8,32.10321380953941,106.2038756965434,pobre,0,2,500.0,691.0,1.0,32.0,11,411,11028,4,1.0
97,0.0,0.0,3.7119999,1.0,2.0,8,32.10321380953941,106.2038756965434,pobre,0,2,500.0,691.0,1.0,32.0,8,411,11029,2,1.0
98,0.0,0.0,3.7119999,1.0,3.0,8,32.10321380953941,106.2038756965434,pobre,0,2,500.0,691.0,1.0,32.0,9,411,11029,2,1.0
97,1.0,0.0,3.7119999,1.0,2.0,7,32.10321380953941,106.2038756965434,pobre,0,2,500.0,622.0,1.0,26.0,8,411,11030,2,1.0
98,1.0,0.0,3.7119999,1.0,3.0,7,32.10321380953941,106.2038756965434,pobre,0,2,500.0,622.0,1.0,26.0,9,411,11030,2,1.0
97,1.0,0.0,3.7119999,1.0,1.0,7,32.10321380953941,106.2038756965434,pobre,0,2,500.0,622.0,1.0,26.0,6,411,11031,1,1.0
98,1.0,0.0,3.7119999,1.0,1.0,7,32.10321380953941,106.2038756965434,pobre,0,2,500.0,622.0,1.0,26.0,7,411,11031,1,1.0
97,1.0,0.0,3.7119999,1.0,6.0,7,32.10321380953941,106.2038756965434,no pobre,0,3,1200.0,768.0,1.0,30.0,12,411,11032,6,1.0
98,1.0,0.0,3.7119999,1.0,6.0,7,32.10321380953941,106.2038756965434,no pobre,0,3,1200.0,768.0,1.0,30.0,13,411,11032,6,1.0
97,0.0,0.0,3.7119999,1.0,3.0,7,32.10321380953941,106.2038756965434,no pobre,0,3,1200.0,768.0,1.0,30.0,10,411,11033,3,1.0
98,0.0,0.0,3.7119999,1.0,3.0,7,32.10321380953941,106.2038756965434,no pobre,0,3,1200.0,768.0,1.0,30.0,11,411,11033,3,1.0
97,1.0,0.0,3.7119999,1.0,1.0,7,32.10321380953941,106.2038756965434,no pobre,0,3,1200.0,768.0,1.0,30.0,7,411,11034,1,1.0
98,1.0,0.0,3.7119999,1.0,0.0,7,32.10321380953941,106.2038756965434,no pobre,0,3,1200.0,768.0,1.0,30.0,8,411,11034,1,1.0
97,1.0,0.0,3.7119999,1.0,4.0,5,32.10321380953941,106.2038756965434,no pobre,0,0,500.0,941.0,1.0,56.0,13,411,11035,4,1.0
98,1.0,0.0,3.7119999,,,5,32.10321380953941,106.2038756965434,no pobre,0,0,500.0,941.0,1.0,56.0,14,411,11035,4,1.0
97,1.0,0.0,3.7119999,1.0,1.0,5,32.10321380953941,106.2038756965434,no pobre,0,0,500.0,941.0,1.0,56.0,11,411,11036,1,1.0
98,1.0,0.0,3.7119999,1.0,2.0,5,32.10321380953941,106.2038756965434,no pobre,0,0,500.0,941.0,1.0,56.0,12,411,11036,1,1.0
97,0.0,0.0,3.7119999,0.0,6.0,9,32.10321380953941,106.2038756965434,no pobre,0,3,7500.0,857.0,1.0,32.0,14,411,11037,6,0.0
98,0.0,0.0,3.7119999,,,9,32.10321380953941,106.2038756965434,no pobre,0,3,7500.0,857.0,1.0,32.0,15,411,11037,6,0.0
97,1.0,0.0,3.7119999,1.0,5.0,9,32.10321380953941,106.2038756965434,no pobre,0,3,7500.0,857.0,1.0,32.0,11,411,11038,5,1.0
98,1.0,0.0,3.7119999,1.0,6.0,9,32.10321380953941,106.2038756965434,no pobre,0,3,7500.0,857.0,1.0,32.0,12,411,11038,5,1.0
97,0.0,0.0,3.7119999,1.0,3.0,9,32.10321380953941,106.2038756965434,no pobre,0,3,7500.0,857.0,1.0,32.0,8,411,11039,3,1.0
98,0.0,0.0,3.7119999,1.0,4.0,9,32.10321380953941,106.2038756965434,no pobre,0,3,7500.0,857.0,1.0,32.0,9,411,11039,3,1.0
97,0.0,0.0,3.7119999,1.0,0.0,9,32.10321380953941,106.2038756965434,no pobre,0,3,7500.0,857.0,1.0,32.0,6,411,11040,0,1.0
98,0.0,0.0,3.7119999,1.0,1.0,9,32.10321380953941,106.2038756965434,no pobre,0,3,7500.0,857.0,1.0,32.0,7,411,11040,0,1.0
97,1.0,0.0,3.7119999,,0.0,10,32.10321380953941,106.2038756965434,pobre,0,0,0.0,750.0,1.0,54.0,16,411,11041,0,
98,1.0,0.0,3.7119999,,,10,32.10321380953941,106.2038756965434,pobre,0,0,0.0,750.0,1.0,54.0,17,411,11041,0,
97,0.0,0.0,3.7119999,,0.0,10,32.10321380953941,106.2038756965434,pobre,0,0,0.0,750.0,1.0,54.0,12,411,11042,0,
98,0.0,0.0,3.7119999,1.0,7.0,10,32.10321380953941,106.2038756965434,pobre,0,0,0.0,750.0,1.0,54.0,13,411,11042,0,
97,0.0,0.0,3.7119999,,0.0,10,32.10321380953941,106.2038756965434,pobre,0,0,0.0,750.0,1.0,54.0,9,411,11043,0,
98,0.0,0.0,3.7119999,1.0,5.0,10,32.10321380953941,106.2038756965434,pobre,0,0,0.0,750.0,1.0,54.0,10,411,11043,0,
97,0.0,0.0,3.7119999,,0.0,10,32.10321380953941,106.2038756965434,pobre,0,0,0.0,750.0,1.0,54.0,6,411,11044,0,
98,0.0,0.0,3.7119999,1.0,1.0,10,32.10321380953941,106.2038756965434,pobre,0,0,0.0,750.0,1.0,54.0,7,411,11044,0,
97,1.0,0.0,3.7119999,1.0,8.0,10,32.10321380953941,106.2038756965434,pobre,0,0,500.0,712.0,1.0,47.0,16,411,11045,8,1.0
98,1.0,0.0,3.7119999,,,10,32.10321380953941,106.2038756965434,pobre,0,0,500.0,712.0,1.0,47.0,17,411,11045,8,1.0
97,1.0,0.0,3.7119999,0.0,5.0,10,32.10321380953941,106.2038756965434,pobre,0,0,500.0,712.0,1.0,47.0,14,411,11046,5,0.0
98,1.0,0.0,3.7119999,0.0,5.0,10,32.10321380953941,106.2038756965434,pobre,0,0,500.0,712.0,1.0,47.0,15,411,11046,5,0.0
97,0.0,0.0,3.7119999,0.0,4.0,10,32.10321380953941,106.2038756965434,pobre,0,0,500.0,712.0,1.0,47.0,13,411,11047,4,0.0
98,0.0,0.0,3.7119999,1.0,5.0,10,32.10321380953941,106.2038756965434,pobre,0,0,500.0,712.0,1.0,47.0,14,411,11047,4,0.0
97,0.0,0.0,3.7119999,0.0,3.0,10,32.10321380953941,106.2038756965434,pobre,0,0,500.0,712.0,1.0,47.0,11,411,11048,3,0.0
98,0.0,0.0,3.7119999,1.0,3.0,10,32.10321380953941,106.2038756965434,pobre,0,0,500.0,712.0,1.0,47.0,12,411,11048,3,0.0
97,1.0,0.0,3.7119999,1.0,1.0,10,32.10321380953941,106.2038756965434,pobre,0,0,500.0,712.0,1.0,47.0,9,411,11049,1,1.0
98,1.0,0.0,3.7119999,1.0,2.0,10,32.10321380953941,106.2038756965434,pobre,0,0,500.0,712.0,1.0,47.0,10,411,11049,1,1.0
97,1.0,1.0,0.0,1.0,3.0,6,163.841865005557,163.841865005557,pobre,basal,9,0.0,718.0,1.0,29.0,9,4,11050,3,1.0
98,1.0,1.0,0.0,1.0,3.0,6,163.841865005557,163.841865005557,pobre,basal,9,0.0,718.0,1.0,29.0,10,4,11050,3,1.0
97,1.0,1.0,0.0,1.0,7.0,5,163.841865005557,163.841865005557,pobre,basal,3,0.0,758.0,1.0,40.0,13,4,11051,7,1.0
98,1.0,1.0,0.0,1.0,8.0,5,163.841865005557,163.841865005557,pobre,basal,3,0.0,758.0,1.0,40.0,14,4,11051,7,1.0
97,0.0,1.0,0.0,1.0,5.0,5,163.841865005557,163.841865005557,pobre,basal,3,0.0,758.0,1.0,40.0,11,4,11052,5,1.0
98,0.0,1.0,0.0,1.0,5.0,5,163.841865005557,163.841865005557,pobre,basal,3,0.0,758.0,1.0,40.0,12,4,11052,5,1.0
97,0.0,1.0,0.0,1.0,3.0,5,163.841865005557,163.841865005557,pobre,basal,3,0.0,758.0,1.0,40.0,8,4,11053,3,1.0
98,0.0,1.0,0.0,1.0,3.0,5,163.841865005557,163.841865005557,pobre,basal,3,0.0,758.0,1.0,40.0,9,4,11053,3,1.0
97,1.0,1.0,0.0,1.0,9.0,8,163.841865005557,163.841865005557,pobre,basal,6,0.0,675.0,1.0,34.0,14,4,11054,9,1.0
98,1.0,1.0,0.0,,,8,163.841865005557,163.841865005557,pobre,basal,6,0.0,675.0,1.0,34.0,15,4,11054,9,1.0
97,1.0,1.0,0.0,1.0,6.0,8,163.841865005557,163.841865005557,pobre,basal,6,0.0,675.0,1.0,34.0,12,4,11055,6,1.0
98,1.0,1.0,0.0,,,8,163.841865005557,163.841865005557,pobre,basal,6,0.0,675.0,1.0,34.0,13,4,11055,6,1.0
97,1.0,1.0,0.0,1.0,1.0,8,163.841865005557,163.841865005557,pobre,basal,6,0.0,675.0,1.0,34.0,12,4,11056,1,1.0
98,1.0,1.0,0.0,1.0,2.0,8,163.841865005557,163.841865005557,pobre,basal,6,0.0,675.0,1.0,34.0,13,4,11056,1,1.0
97,1.0,1.0,0.0,1.0,1.0,8,163.841865005557,163.841865005557,pobre,basal,6,0.0,675.0,1.0,34.0,6,4,11057,1,1.0
98,1.0,1.0,0.0,1.0,1.0,8,163.841865005557,163.841865005557,pobre,basal,6,0.0,675.0,1.0,34.0,7,4,11057,1,1.0
97,1.0,1.0,0.0,1.0,5.0,4,163.841865005557,163.841865005557,no pobre,basal,2,0.0,827.0,1.0,50.0,11,4,11058,5,1.0
98,1.0,1.0,0.0,1.0,6.0,4,163.841865005557,163.841865005557,no pobre,basal,2,0.0,827.0,1.0,50.0,12,4,11058,5,1.0
97,1.0,1.0,0.0,1.0,3.0,5,163.841865005557,163.841865005557,no pobre,basal,0,0.0,778.5,1.0,49.0,12,4,11059,3,1.0
98,1.0,1.0,0.0,1.0,4.0,5,163.841865005557,163.841865005557,no pobre,basal,0,0.0,778.5,1.0,49.0,13,4,11059,3,1.0
97,1.0,1.0,0.0,1.0,2.0,5,163.841865005557,163.841865005557,no pobre,basal,0,0.0,778.5,1.0,49.0,7,4,11060,2,1.0
98,1.0,1.0,0.0,1.0,3.0,5,163.841865005557,163.841865005557,no pobre,basal,0,0.0,778.5,1.0,49.0,8,4,11060,2,1.0
97,1.0,1.0,0.0,0.0,5.0,9,163.841865005557,163.841865005557,pobre,basal,0,0.0,709.0,1.0,51.0,14,4,11061,5,0.0
98,1.0,1.0,0.0,1.0,5.0,9,163.841865005557,163.841865005557,pobre,basal,0,0.0,709.0,1.0,51.0,15,4,11061,5,0.0
97,0.0,1.0,0.0,1.0,2.0,9,163.841865005557,163.841865005557,pobre,basal,0,0.0,709.0,1.0,51.0,11,4,11062,2,1.0
98,0.0,1.0,0.0,1.0,3.0,9,163.841865005557,163.841865005557,pobre,basal,0,0.0,709.0,1.0,51.0,12,4,11062,2,1.0
97,0.0,1.0,0.0,1.0,2.0,9,163.841865005557,163.841865005557,pobre,basal,0,0.0,709.0,1.0,51.0,8,4,11063,2,1.0
98,0.0,1.0,0.0,1.0,2.0,9,163.841865005557,163.841865005557,pobre,basal,0,0.0,709.0,1.0,51.0,9,4,11063,2,1.0
97,0.0,1.0,0.0,1.0,5.0,5,163.841865005557,163.841865005557,pobre,basal,4,0.0,741.5,0.0,32.0,11,4,11064,5,1.0
98,0.0,1.0,0.0,1.0,5.0,5,163.841865005557,163.841865005557,pobre,basal,4,0.0,741.5,0.0,32.0,12,4,11064,5,1.0
97,1.0,1.0,0.0,1.0,2.0,5,163.841865005557,163.841865005557,pobre,basal,4,0.0,741.5,0.0,32.0,8,4,11065,2,1.0
98,1.0,1.0,0.0,1.0,2.0,5,163.841865005557,163.841865005557,pobre,basal,4,0.0,741.5,0.0,32.0,9,4,11065,2,1.0
97,0.0,1.0,0.0,1.0,1.0,5,163.841865005557,163.841865005557,pobre,basal,4,0.0,741.5,0.0,32.0,6,4,11066,1,1.0
98,0.0,1.0,0.0,1.0,1.0,5,163.841865005557,163.841865005557,pobre,basal,4,0.0,741.5,0.0,32.0,7,4,11066,1,1.0
97,1.0,1.0,0.0,1.0,2.0,6,163.841865005557,163.841865005557,pobre,basal,12,2000.0,737.0,1.0,35.0,7,4,11067,2,1.0
98,1.0,1.0,0.0,1.0,3.0,6,163.841865005557,163.841865005557,pobre,basal,12,2000.0,737.0,1.0,35.0,8,4,11067,2,1.0
97,0.0,1.0,0.0,1.0,3.0,7,163.841865005557,163.841865005557,pobre,basal,0,0.0,754.5,1.0,52.0,9,4,11068,3,1.0
98,0.0,1.0,0.0,1.0,3.0,7,163.841865005557,163.841865005557,pobre,basal,0,0.0,754.5,1.0,52.0,10,4,11068,3,1.0
97,0.0,1.0,0.0,1.0,6.0,7,163.841865005557,163.841865005557,pobre,basal,0,0.0,754.5,1.0,52.0,12,4,11069,6,1.0
98,0.0,1.0,0.0,1.0,2.0,7,163.841865005557,163.841865005557,pobre,basal,0,0.0,754.5,1.0,52.0,13,4,11069,6,1.0
97,0.0,1.0,0.0,1.0,1.0,5,163.841865005557,163.841865005557,no pobre,basal,0,500.0,783.0,1.0,26.0,6,4,11070,1,1.0
98,0.0,1.0,0.0,1.0,1.0,5,163.841865005557,163.841865005557,no pobre,basal,0,500.0,783.0,1.0,26.0,7,4,11070,1,1.0
97,1.0,1.0,0.0,1.0,1.0,5,163.841865005557,163.841865005557,pobre,basal,0,0.0,776.5,1.0,56.0,11,4,11071,1,1.0
98,1.0,1.0,0.0,1.0,2.0,5,163.841865005557,163.841865005557,pobre,basal,0,0.0,776.5,1.0,56.0,12,4,11071,1,1.0
97,1.0,1.0,0.0,1.0,2.0,5,163.841865005557,163.841865005557,pobre,basal,0,0.0,776.5,1.0,56.0,7,4,11072,2,1.0
98,1.0,1.0,0.0,1.0,2.0,5,163.841865005557,163.841865005557,pobre,basal,0,0.0,776.5,1.0,56.0,8,4,11072,2,1.0
97,0.0,1.0,0.0,1.0,5.0,10,163.841865005557,163.841865005557,pobre,basal,0,0.0,609.0,1.0,42.0,13,4,11073,5,1.0
98,0.0,1.0,0.0,1.0,6.0,10,163.841865005557,163.841865005557,pobre,basal,0,0.0,609.0,1.0,42.0,14,4,11073,5,1.0
97,0.0,1.0,0.0,1.0,3.0,10,163.841865005557,163.841865005557,pobre,basal,0,0.0,609.0,1.0,42.0,10,4,11074,3,1.0
98,0.0,1.0,0.0,1.0,4.0,10,163.841865005557,163.841865005557,pobre,basal,0,0.0,609.0,1.0,42.0,11,4,11074,3,1.0
97,0.0,1.0,0.0,1.0,4.0,8,163.841865005557,163.841865005557,pobre,basal,0,0.0,629.0,1.0,38.0,12,4,11075,4,1.0
98,0.0,1.0,0.0,1.0,,8,163.841865005557,163.841865005557,pobre,basal,0,0.0,629.0,1.0,38.0,13,4,11075,4,1.0
97,1.0,1.0,0.0,1.0,4.0,8,163.841865005557,163.841865005557,pobre,basal,0,0.0,629.0,1.0,38.0,11,4,11076,4,1.0
98,1.0,1.0,0.0,1.0,5.0,8,163.841865005557,163.841865005557,pobre,basal,0,0.0,629.0,1.0,38.0,12,4,11076,4,1.0
97,1.0,1.0,0.0,1.0,2.0,8,163.841865005557,163.841865005557,pobre,basal,0,0.0,629.0,1.0,38.0,9,4,11077,2,1.0
98,1.0,1.0,0.0,1.0,3.0,8,163.841865005557,163.841865005557,pobre,basal,0,0.0,629.0,1.0,38.0,10,4,11077,2,1.0
97,0.0,1.0,0.0,1.0,1.0,8,163.841865005557,163.841865005557,pobre,basal,0,0.0,629.0,1.0,38.0,7,4,11078,1,1.0
98,0.0,1.0,0.0,1.0,2.0,8,163.841865005557,163.841865005557,pobre,basal,0,0.0,629.0,1.0,38.0,8,4,11078,1,1.0
97,0.0,0.0,3.7119999,0.0,3.0,4,32.10321380953941,106.2038756965434,no pobre,0,2,500.0,806.0,1.0,52.0,14,411,11079,3,0.0
98,0.0,0.0,3.7119999,,,4,32.10321380953941,106.2038756965434,no pobre,0,2,500.0,806.0,1.0,52.0,15,411,11079,3,0.0
97,1.0,0.0,3.7119999,1.0,3.0,9,32.10321380953941,106.2038756965434,pobre,0,0,500.0,587.0,1.0,37.0,12,411,11080,3,1.0
98,1.0,0.0,3.7119999,1.0,4.0,9,32.10321380953941,106.2038756965434,pobre,0,0,500.0,587.0,1.0,37.0,13,411,11080,3,1.0
97,0.0,0.0,3.7119999,1.0,2.0,9,32.10321380953941,106.2038756965434,pobre,0,0,500.0,587.0,1.0,37.0,9,411,11081,2,1.0
98,0.0,0.0,3.7119999,1.0,2.0,9,32.10321380953941,106.2038756965434,pobre,0,0,500.0,587.0,1.0,37.0,10,411,11081,2,1.0
97,1.0,0.0,3.7119999,,0.0,9,32.10321380953941,106.2038756965434,pobre,0,0,500.0,587.0,1.0,37.0,7,411,11082,0,
98,1.0,0.0,3.7119999,1.0,2.0,9,32.10321380953941,106.2038756965434,pobre,0,0,500.0,587.0,1.0,37.0,8,411,11082,0,
97,0.0,0.0,3.7119999,0.0,6.0,10,32.10321380953941,106.2038756965434,pobre,0,2,625.0,556.0,1.0,44.0,14,411,11083,6,0.0
98,0.0,0.0,3.7119999,,,10,32.10321380953941,106.2038756965434,pobre,0,2,625.0,556.0,1.0,44.0,15,411,11083,6,0.0
97,0.0,0.0,3.7119999,1.0,5.0,10,32.10321380953941,106.2038756965434,pobre,0,2,625.0,556.0,1.0,44.0,11,411,11084,5,1.0
98,0.0,0.0,3.7119999,,6.0,10,32.10321380953941,106.2038756965434,pobre,0,2,625.0,556.0,1.0,44.0,12,411,11084,5,1.0
97,0.0,0.0,3.7119999,1.0,3.0,10,32.10321380953941,106.2038756965434,pobre,0,2,625.0,556.0,1.0,44.0,9,411,11085,3,1.0
98,0.0,0.0,3.7119999,1.0,4.0,10,32.10321380953941,106.2038756965434,pobre,0,2,625.0,556.0,1.0,44.0,10,411,11085,3,1.0
97,0.0,0.0,3.7119999,,0.0,10,32.10321380953941,106.2038756965434,pobre,0,2,625.0,556.0,1.0,44.0,6,411,11086,0,
98,0.0,0.0,3.7119999,,,10,32.10321380953941,106.2038756965434,pobre,0,2,625.0,556.0,1.0,44.0,7,411,11086,0,
97,0.0,0.0,3.7119999,0.0,2.0,11,32.10321380953941,106.2038756965434,pobre,0,0,0.0,865.0,1.0,42.0,15,411,11087,2,0.0
98,0.0,0.0,3.7119999,,,11,32.10321380953941,106.2038756965434,pobre,0,0,0.0,865.0,1.0,42.0,16,411,11087,2,0.0
97,1.0,0.0,3.7119999,,0.0,11,32.10321380953941,106.2038756965434,pobre,0,0,0.0,865.0,1.0,42.0,12,411,11088,0,
98,1.0,0.0,3.7119999,0.0,6.0,11,32.10321380953941,106.2038756965434,pobre,0,0,0.0,865.0,1.0,42.0,13,411,11088,0,
97,0.0,0.0,3.7119999,,0.0,11,32.10321380953941,106.2038756965434,pobre,0,0,0.0,865.0,1.0,42.0,8,411,11089,0,
98,0.0,0.0,3.7119999,,,11,32.10321380953941,106.2038756965434,pobre,0,0,0.0,865.0,1.0,42.0,9,411,11089,0,
97,1.0,0.0,3.7119999,,0.0,11,32.10321380953941,106.2038756965434,pobre,0,0,0.0,865.0,1.0,42.0,8,411,11090,0,
98,1.0,0.0,3.7119999,0.0,1.0,11,32.10321380953941,106.2038756965434,pobre,0,0,0.0,865.0,1.0,42.0,9,411,11090,0,
97,0.0,1.0,0.0,1.0,7.0,9,163.841865005557,163.841865005557,pobre,basal,6,0.0,624.0,1.0,38.0,15,4,11091,7,1.0
98,0.0,1.0,0.0,,,9,163.841865005557,163.841865005557,pobre,basal,6,0.0,624.0,1.0,38.0,16,4,11091,7,1.0
97,0.0,1.0,0.0,1.0,4.0,9,163.841865005557,163.841865005557,pobre,basal,6,0.0,624.0,1.0,38.0,13,4,11092,4,1.0
98,0.0,1.0,0.0,1.0,5.0,9,163.841865005557,163.841865005557,pobre,basal,6,0.0,624.0,1.0,38.0,14,4,11092,4,1.0
97,1.0,1.0,0.0,1.0,4.0,9,163.841865005557,163.841865005557,pobre,basal,6,0.0,624.0,1.0,38.0,11,4,11093,4,1.0
98,1.0,1.0,0.0,1.0,5.0,9,163.841865005557,163.841865005557,pobre,basal,6,0.0,624.0,1.0,38.0,12,4,11093,4,1.0
97,1.0,1.0,0.0,1.0,3.0,9,163.841865005557,163.841865005557,pobre,basal,6,0.0,624.0,1.0,38.0,9,4,11094,3,1.0
98,1.0,1.0,0.0,1.0,4.0,9,163.841865005557,163.841865005557,pobre,basal,6,0.0,624.0,1.0,38.0,10,4,11094,3,1.0
97,0.0,0.0,3.9549999,1.0,6.0,6,32.35701493315675,105.4609566461862,pobre,basal,0,2400.0,698.0,1.0,28.0,14,412,11095,6,1.0
98,0.0,0.0,3.9549999,0.0,7.0,6,32.35701493315675,105.4609566461862,pobre,basal,0,2400.0,698.0,1.0,28.0,15,412,11095,6,1.0
97,1.0,0.0,3.9549999,1.0,5.0,6,32.35701493315675,105.4609566461862,pobre,basal,0,2400.0,698.0,1.0,28.0,12,412,11096,5,1.0
98,1.0,0.0,3.9549999,0.0,6.0,6,32.35701493315675,105.4609566461862,pobre,basal,0,2400.0,698.0,1.0,28.0,13,412,11096,5,1.0
97,0.0,0.0,3.9549999,,0.0,6,32.35701493315675,105.4609566461862,pobre,basal,0,2400.0,698.0,1.0,28.0,9,412,11097,0,
98,0.0,0.0,3.9549999,1.0,2.0,6,32.35701493315675,105.4609566461862,pobre,basal,0,2400.0,698.0,1.0,28.0,10,412,11097,0,
97,1.0,0.0,3.9549999,1.0,8.0,6,32.35701493315675,105.4609566461862,no pobre,basal,3,625.0,811.0,1.0,47.0,15,412,11098,8,1.0
98,1.0,0.0,3.9549999,1.0,9.0,6,32.35701493315675,105.4609566461862,no pobre,basal,3,625.0,811.0,1.0,47.0,16,412,11098,8,1.0
97,0.0,0.0,3.9549999,1.0,1.0,6,32.35701493315675,105.4609566461862,no pobre,basal,3,625.0,811.0,1.0,47.0,9,412,11099,1,1.0
98,0.0,0.0,3.9549999,1.0,2.0,6,32.35701493315675,105.4609566461862,no pobre,basal,3,625.0,811.0,1.0,47.0,10,412,11099,1,1.0
97,1.0,0.0,3.9549999,1.0,2.0,6,32.35701493315675,105.4609566461862,no pobre,basal,3,625.0,811.0,1.0,47.0,7,412,11100,2,1.0
98,1.0,0.0,3.9549999,1.0,1.0,6,32.35701493315675,105.4609566461862,no pobre,basal,3,625.0,811.0,1.0,47.0,8,412,11100,2,1.0
97,1.0,0.0,3.9549999,1.0,5.0,6,32.35701493315675,105.4609566461862,pobre,basal,0,500.0,767.0,1.0,47.0,15,412,11101,5,1.0
98,1.0,0.0,3.9549999,0.0,6.0,6,32.35701493315675,105.4609566461862,pobre,basal,0,500.0,767.0,1.0,47.0,16,412,11101,5,1.0
97,0.0,0.0,3.9549999,1.0,7.0,6,32.35701493315675,105.4609566461862,pobre,basal,0,500.0,767.0,1.0,47.0,13,412,11102,7,1.0
98,0.0,0.0,3.9549999,1.0,7.0,6,32.35701493315675,105.4609566461862,pobre,basal,0,500.0,767.0,1.0,47.0,14,412,11102,7,1.0
97,0.0,0.0,3.9549999,1.0,5.0,6,32.35701493315675,105.4609566461862,pobre,basal,0,500.0,767.0,1.0,47.0,11,412,11103,5,1.0
98,0.0,0.0,3.9549999,1.0,5.0,6,32.35701493315675,105.4609566461862,pobre,basal,0,500.0,767.0,1.0,47.0,12,412,11103,5,1.0
97,1.0,1.0,0.0,1.0,5.0,5,163.841865005557,163.841865005557,pobre,basal,3,0.0,719.0,1.0,50.0,11,4,11104,5,1.0
98,1.0,1.0,0.0,1.0,6.0,5,163.841865005557,163.841865005557,pobre,basal,3,0.0,719.0,1.0,50.0,12,4,11104,5,1.0
97,1.0,1.0,0.0,1.0,4.0,5,163.841865005557,163.841865005557,pobre,basal,3,0.0,719.0,1.0,50.0,8,4,11105,4,1.0
98,1.0,1.0,0.0,1.0,5.0,5,163.841865005557,163.841865005557,pobre,basal,3,0.0,719.0,1.0,50.0,9,4,11105,4,1.0
97,1.0,1.0,0.0,1.0,2.0,5,163.841865005557,163.841865005557,pobre,basal,3,0.0,719.0,1.0,50.0,7,4,11106,2,1.0
98,1.0,1.0,0.0,1.0,2.0,5,163.841865005557,163.841865005557,pobre,basal,3,0.0,719.0,1.0,50.0,8,4,11106,2,1.0
97,1.0,1.0,0.0,1.0,5.0,6,163.841865005557,163.841865005557,pobre,basal,6,0.0,696.0,1.0,68.0,12,4,11107,5,1.0
98,1.0,1.0,0.0,1.0,6.0,6,163.841865005557,163.841865005557,pobre,basal,6,0.0,696.0,1.0,68.0,13,4,11107,5,1.0
97,0.0,1.0,0.0,1.0,2.0,6,163.841865005557,163.841865005557,pobre,basal,6,0.0,696.0,1.0,68.0,8,4,11108,2,1.0
98,0.0,1.0,0.0,1.0,3.0,6,163.841865005557,163.841865005557,pobre,basal,6,0.0,696.0,1.0,68.0,9,4,11108,2,1.0
97,1.0,1.0,0.0,1.0,8.0,5,163.841865005557,163.841865005557,pobre,basal,0,0.0,734.5,1.0,45.0,16,4,11109,8,1.0
98,1.0,1.0,0.0,,,5,163.841865005557,163.841865005557,pobre,basal,0,0.0,734.5,1.0,45.0,17,4,11109,8,1.0
97,0.0,1.0,0.0,1.0,5.0,5,163.841865005557,163.841865005557,pobre,basal,0,0.0,734.5,1.0,45.0,11,4,11110,5,1.0
98,0.0,1.0,0.0,1.0,6.0,5,163.841865005557,163.841865005557,pobre,basal,0,0.0,734.5,1.0,45.0,12,4,11110,5,1.0
97,0.0,1.0,0.0,1.0,7.0,5,163.841865005557,163.841865005557,pobre,basal,3,0.0,704.0,1.0,42.0,15,4,11111,7,1.0
98,0.0,1.0,0.0,,,5,163.841865005557,163.841865005557,pobre,basal,3,0.0,704.0,1.0,42.0,16,4,11111,7,1.0
97,1.0,1.0,0.0,1.0,7.0,5,163.841865005557,163.841865005557,pobre,basal,3,0.0,704.0,1.0,42.0,12,4,11112,7,1.0
98,1.0,1.0,0.0,,,5,163.841865005557,163.841865005557,pobre,basal,3,0.0,704.0,1.0,42.0,13,4,11112,7,1.0
97,0.0,1.0,0.0,1.0,2.0,5,163.841865005557,163.841865005557,pobre,basal,3,0.0,704.0,1.0,42.0,8,4,11113,2,1.0
98,0.0,1.0,0.0,1.0,3.0,5,163.841865005557,163.841865005557,pobre,basal,3,0.0,704.0,1.0,42.0,9,4,11113,2,1.0
97,0.0,1.0,0.0,,0.0,6,163.841865005557,163.841865005557,pobre,basal,0,0.0,622.0,1.0,27.0,6,4,11114,0,
98,0.0,1.0,0.0,,,6,163.841865005557,163.841865005557,pobre,basal,0,0.0,622.0,1.0,27.0,7,4,11114,0,
97,1.0,1.0,0.0,0.0,2.0,6,163.841865005557,163.841865005557,pobre,basal,0,0.0,724.0,1.0,72.0,14,4,11115,2,0.0
98,1.0,1.0,0.0,0.0,3.0,6,163.841865005557,163.841865005557,pobre,basal,0,0.0,724.0,1.0,72.0,15,4,11115,2,0.0
97,1.0,1.0,0.0,,0.0,9,163.841865005557,163.841865005557,pobre,basal,0,0.0,642.0,1.0,23.0,14,4,11116,0,
98,1.0,1.0,0.0,,,9,163.841865005557,163.841865005557,pobre,basal,0,0.0,642.0,1.0,23.0,15,4,11116,0,
97,0.0,1.0,0.0,1.0,3.0,9,163.841865005557,163.841865005557,pobre,basal,0,0.0,642.0,1.0,23.0,11,4,11117,3,1.0
98,0.0,1.0,0.0,,,9,163.841865005557,163.841865005557,pobre,basal,0,0.0,642.0,1.0,23.0,12,4,11117,3,1.0
97,1.0,1.0,0.0,1.0,1.0,9,163.841865005557,163.841865005557,pobre,basal,0,0.0,642.0,1.0,23.0,8,4,11118,1,1.0
98,1.0,1.0,0.0,,,9,163.841865005557,163.841865005557,pobre,basal,0,0.0,642.0,1.0,23.0,9,4,11118,1,1.0
97,1.0,1.0,0.0,,0.0,6,163.841865005557,163.841865005557,pobre,basal,0,500.0,706.0,1.0,57.0,6,4,11119,0,
98,1.0,1.0,0.0,1.0,0.0,6,163.841865005557,163.841865005557,pobre,basal,0,500.0,706.0,1.0,57.0,7,4,11119,0,
97,1.0,1.0,0.0,1.0,1.0,6,163.841865005557,163.841865005557,pobre,basal,0,500.0,706.0,1.0,57.0,9,4,11120,1,1.0
98,1.0,1.0,0.0,1.0,0.0,6,163.841865005557,163.841865005557,pobre,basal,0,500.0,706.0,1.0,57.0,10,4,11120,1,1.0
97,0.0,1.0,0.0,1.0,5.0,8,163.841865005557,163.841865005557,pobre,basal,6,0.0,715.0,1.0,35.0,13,4,11121,5,1.0
98,0.0,1.0,0.0,1.0,6.0,8,163.841865005557,163.841865005557,pobre,basal,6,0.0,715.0,1.0,35.0,14,4,11121,5,1.0
97,1.0,1.0,0.0,1.0,3.0,8,163.841865005557,163.841865005557,pobre,basal,6,0.0,715.0,1.0,35.0,9,4,11122,3,1.0
98,1.0,1.0,0.0,1.0,4.0,8,163.841865005557,163.841865005557,pobre,basal,6,0.0,715.0,1.0,35.0,10,4,11122,3,1.0
97,0.0,1.0,0.0,1.0,2.0,8,163.841865005557,163.841865005557,pobre,basal,6,0.0,715.0,1.0,35.0,7,4,11123,2,1.0
98,0.0,1.0,0.0,1.0,3.0,8,163.841865005557,163.841865005557,pobre,basal,6,0.0,715.0,1.0,35.0,8,4,11123,2,1.0
97,0.0,1.0,0.0,1.0,1.0,8,163.841865005557,163.841865005557,pobre,basal,6,0.0,715.0,1.0,35.0,6,4,11124,1,1.0
98,0.0,1.0,0.0,1.0,1.0,8,163.841865005557,163.841865005557,pobre,basal,6,0.0,715.0,1.0,35.0,7,4,11124,1,1.0
97,0.0,1.0,0.0,0.0,6.0,7,163.841865005557,163.841865005557,pobre,basal,0,0.0,760.33002,1.0,47.0,14,4,11125,6,0.0
98,0.0,1.0,0.0,1.0,6.0,7,163.841865005557,163.841865005557,pobre,basal,0,0.0,760.33002,1.0,47.0,15,4,11125,6,0.0
97,1.0,1.0,0.0,1.0,1.0,7,163.841865005557,163.841865005557,pobre,basal,0,0.0,760.33002,1.0,47.0,9,4,11126,1,1.0
98,1.0,1.0,0.0,1.0,1.0,7,163.841865005557,163.841865005557,pobre,basal,0,0.0,760.33002,1.0,47.0,10,4,11126,1,1.0
97,1.0,1.0,0.0,,0.0,7,163.841865005557,163.841865005557,pobre,basal,0,0.0,760.33002,1.0,47.0,12,4,11127,0,
98,1.0,1.0,0.0,1.0,2.0,7,163.841865005557,163.841865005557,pobre,basal,0,0.0,760.33002,1.0,47.0,13,4,11127,0,
97,1.0,1.0,0.0,1.0,0.0,7,163.841865005557,163.841865005557,pobre,basal,0,500.0,611.0,1.0,38.0,6,4,11128,0,1.0
98,1.0,1.0,0.0,1.0,1.0,7,163.841865005557,163.841865005557,pobre,basal,0,500.0,611.0,1.0,38.0,7,4,11128,0,1.0
97,1.0,1.0,0.0,1.0,5.0,7,163.841865005557,163.841865005557,pobre,basal,0,500.0,611.0,1.0,38.0,13,4,11129,5,1.0
98,1.0,1.0,0.0,1.0,6.0,7,163.841865005557,163.841865005557,pobre,basal,0,500.0,611.0,1.0,38.0,14,4,11129,5,1.0
97,1.0,1.0,0.0,1.0,2.0,7,163.841865005557,163.841865005557,pobre,basal,0,500.0,611.0,1.0,38.0,10,4,11130,2,1.0
98,1.0,1.0,0.0,,,7,163.841865005557,163.841865005557,pobre,basal,0,500.0,611.0,1.0,38.0,11,4,11130,2,1.0
97,1.0,1.0,0.0,1.0,1.0,7,163.841865005557,163.841865005557,pobre,basal,0,500.0,611.0,1.0,38.0,9,4,11131,1,1.0
98,1.0,1.0,0.0,1.0,2.0,7,163.841865005557,163.841865005557,pobre,basal,0,500.0,611.0,1.0,38.0,10,4,11131,1,1.0
97,0.0,1.0,0.0,1.0,1.0,3,163.841865005557,163.841865005557,no pobre,basal,6,0.0,781.0,1.0,35.0,13,4,11132,1,1.0
98,0.0,1.0,0.0,1.0,8.0,3,163.841865005557,163.841865005557,no pobre,basal,6,0.0,781.0,1.0,35.0,14,4,11132,1,1.0
97,1.0,1.0,0.0,1.0,3.0,7,163.841865005557,163.841865005557,pobre,basal,3,0.0,609.33002,1.0,28.0,10,4,11133,3,1.0
98,1.0,1.0,0.0,1.0,4.0,7,163.841865005557,163.841865005557,pobre,basal,3,0.0,609.33002,1.0,28.0,11,4,11133,3,1.0
97,1.0,1.0,0.0,1.0,1.0,7,163.841865005557,163.841865005557,pobre,basal,3,0.0,609.33002,1.0,28.0,6,4,11134,1,1.0
98,1.0,1.0,0.0,1.0,1.0,7,163.841865005557,163.841865005557,pobre,basal,3,0.0,609.33002,1.0,28.0,7,4,11134,1,1.0
97,0.0,1.0,0.0,1.0,6.0,6,163.841865005557,163.841865005557,pobre,basal,0,500.0,749.0,1.0,60.0,16,4,11135,6,1.0
98,0.0,1.0,0.0,,,6,163.841865005557,163.841865005557,pobre,basal,0,500.0,749.0,1.0,60.0,17,4,11135,6,1.0
97,1.0,1.0,0.0,1.0,2.0,6,163.841865005557,163.841865005557,pobre,basal,0,500.0,749.0,1.0,60.0,11,4,11136,2,1.0
98,1.0,1.0,0.0,1.0,3.0,6,163.841865005557,163.841865005557,pobre,basal,0,500.0,749.0,1.0,60.0,12,4,11136,2,1.0
97,1.0,1.0,0.0,,0.0,8,163.841865005557,163.841865005557,pobre,basal,9,500.0,752.0,1.0,31.0,6,4,11137,0,
98,1.0,1.0,0.0,1.0,1.0,8,163.841865005557,163.841865005557,pobre,basal,9,500.0,752.0,1.0,31.0,7,4,11137,0,
97,1.0,1.0,0.0,1.0,1.0,6,163.841865005557,163.841865005557,pobre,basal,0,0.0,742.0,1.0,36.0,6,4,11138,1,1.0
98,1.0,1.0,0.0,1.0,1.0,6,163.841865005557,163.841865005557,pobre,basal,0,0.0,742.0,1.0,36.0,7,4,11138,1,1.0
97,0.0,1.0,0.0,1.0,8.0,7,163.841865005557,163.841865005557,no pobre,basal,6,0.0,863.5,1.0,41.0,14,4,11139,8,1.0
98,0.0,1.0,0.0,1.0,9.0,7,163.841865005557,163.841865005557,no pobre,basal,6,0.0,863.5,1.0,41.0,15,4,11139,8,1.0
97,1.0,1.0,0.0,1.0,8.0,7,163.841865005557,163.841865005557,no pobre,basal,6,0.0,863.5,1.0,41.0,13,4,11140,8,1.0
98,1.0,1.0,0.0,1.0,9.0,7,163.841865005557,163.841865005557,no pobre,basal,6,0.0,863.5,1.0,41.0,14,4,11140,8,1.0
97,0.0,1.0,0.0,1.0,5.0,7,163.841865005557,163.841865005557,no pobre,basal,6,0.0,863.5,1.0,41.0,10,4,11141,5,1.0
98,0.0,1.0,0.0,1.0,6.0,7,163.841865005557,163.841865005557,no pobre,basal,6,0.0,863.5,1.0,41.0,11,4,11141,5,1.0
97,1.0,1.0,0.0,1.0,3.0,7,163.841865005557,163.841865005557,no pobre,basal,6,0.0,863.5,1.0,41.0,9,4,11142,3,1.0
98,1.0,1.0,0.0,1.0,4.0,7,163.841865005557,163.841865005557,no pobre,basal,6,0.0,863.5,1.0,41.0,10,4,11142,3,1.0
97,1.0,1.0,0.0,1.0,1.0,7,163.841865005557,163.841865005557,no pobre,basal,6,0.0,863.5,1.0,41.0,6,4,11143,1,1.0
98,1.0,1.0,0.0,1.0,2.0,7,163.841865005557,163.841865005557,no pobre,basal,6,0.0,863.5,1.0,41.0,7,4,11143,1,1.0
97,0.0,1.0,0.0,1.0,7.0,3,163.841865005557,163.841865005557,no pobre,basal,0,912.5,844.0,0.0,41.0,15,4,11144,7,1.0
98,0.0,1.0,0.0,1.0,8.0,3,163.841865005557,163.841865005557,no pobre,basal,0,912.5,844.0,0.0,41.0,16,4,11144,7,1.0
97,1.0,1.0,0.0,1.0,5.0,3,163.841865005557,163.841865005557,no pobre,basal,0,912.5,844.0,0.0,41.0,12,4,11145,5,1.0
98,1.0,1.0,0.0,1.0,6.0,3,163.841865005557,163.841865005557,no pobre,basal,0,912.5,844.0,0.0,41.0,13,4,11145,5,1.0
97,0.0,0.0,3.3840001,0.0,6.0,10,38.04157073300445,84.03661330257876,pobre,0,2,0.0,567.0,0.0,56.0,16,475,11146,6,0.0
98,0.0,0.0,3.3840001,1.0,7.0,10,38.04157073300445,84.03661330257876,pobre,0,2,0.0,567.0,0.0,56.0,17,475,11146,6,0.0
97,1.0,0.0,3.3840001,1.0,3.0,10,38.04157073300445,84.03661330257876,pobre,0,2,0.0,567.0,0.0,56.0,12,475,11147,3,1.0
98,1.0,0.0,3.3840001,1.0,4.0,10,38.04157073300445,84.03661330257876,pobre,0,2,0.0,567.0,0.0,56.0,13,475,11147,3,1.0
97,0.0,0.0,3.3840001,1.0,0.0,10,38.04157073300445,84.03661330257876,pobre,0,2,0.0,567.0,0.0,56.0,6,475,11148,0,1.0
98,0.0,0.0,3.3840001,1.0,1.0,10,38.04157073300445,84.03661330257876,pobre,0,2,0.0,567.0,0.0,56.0,7,475,11148,0,1.0
97,0.0,0.0,3.3840001,1.0,2.0,10,38.04157073300445,84.03661330257876,pobre,0,2,0.0,567.0,0.0,56.0,10,475,11149,2,1.0
98,0.0,0.0,3.3840001,1.0,3.0,10,38.04157073300445,84.03661330257876,pobre,0,2,0.0,567.0,0.0,56.0,11,475,11149,2,1.0
97,1.0,0.0,3.3840001,1.0,0.0,10,38.04157073300445,84.03661330257876,pobre,0,2,0.0,567.0,0.0,56.0,8,475,11150,0,1.0
98,1.0,0.0,3.3840001,1.0,1.0,10,38.04157073300445,84.03661330257876,pobre,0,2,0.0,567.0,0.0,56.0,9,475,11150,0,1.0
97,0.0,,0.0,1.0,4.0,8,163.841865005557,163.841865005557,pobre,basal,13,0.0,650.0,1.0,43.0,12,4,11151,4,1.0
98,0.0,,0.0,1.0,5.0,8,163.841865005557,163.841865005557,pobre,basal,13,0.0,650.0,1.0,43.0,13,4,11151,4,1.0
97,0.0,0.0,0.0,1.0,2.0,8,163.841865005557,163.841865005557,pobre,basal,13,0.0,650.0,1.0,43.0,9,4,11152,2,1.0
98,0.0,0.0,0.0,1.0,3.0,8,163.841865005557,163.841865005557,pobre,basal,13,0.0,650.0,1.0,43.0,10,4,11152,2,1.0
97,0.0,,0.0,,0.0,8,163.841865005557,163.841865005557,pobre,basal,13,0.0,650.0,1.0,43.0,7,4,11153,0,
98,0.0,,0.0,1.0,1.0,8,163.841865005557,163.841865005557,pobre,basal,13,0.0,650.0,1.0,43.0,8,4,11153,0,
97,1.0,,0.0,,0.0,8,163.841865005557,163.841865005557,pobre,basal,13,0.0,650.0,1.0,43.0,6,4,11154,0,
98,1.0,,0.0,,,8,163.841865005557,163.841865005557,pobre,basal,13,0.0,650.0,1.0,43.0,7,4,11154,0,
97,0.0,0.0,3.3840001,1.0,3.0,4,38.04157073300445,84.03661330257876,pobre,0,6,500.0,807.45001,1.0,55.0,10,475,11155,3,1.0
98,0.0,0.0,3.3840001,,,4,38.04157073300445,84.03661330257876,pobre,0,6,500.0,807.45001,1.0,55.0,11,475,11155,3,1.0
97,0.0,0.0,3.3840001,,0.0,4,38.04157073300445,84.03661330257876,pobre,0,6,500.0,807.45001,1.0,55.0,6,475,11156,0,
98,0.0,0.0,3.3840001,,,4,38.04157073300445,84.03661330257876,pobre,0,6,500.0,807.45001,1.0,55.0,7,475,11156,0,
97,0.0,0.0,3.3840001,0.0,8.0,5,38.04157073300445,84.03661330257876,pobre,0,0,500.0,893.0,0.0,49.0,16,475,11157,8,0.0
98,0.0,0.0,3.3840001,1.0,8.0,5,38.04157073300445,84.03661330257876,pobre,0,0,500.0,893.0,0.0,49.0,17,475,11157,8,0.0
97,0.0,0.0,3.3840001,1.0,4.0,5,38.04157073300445,84.03661330257876,pobre,0,0,500.0,893.0,0.0,49.0,11,475,11158,4,1.0
98,0.0,0.0,3.3840001,1.0,6.0,5,38.04157073300445,84.03661330257876,pobre,0,0,500.0,893.0,0.0,49.0,12,475,11158,4,1.0
97,0.0,0.0,3.3840001,1.0,1.0,5,38.04157073300445,84.03661330257876,pobre,0,0,500.0,893.0,0.0,49.0,8,475,11159,1,1.0
98,0.0,0.0,3.3840001,1.0,2.0,5,38.04157073300445,84.03661330257876,pobre,0,0,500.0,893.0,0.0,49.0,9,475,11159,1,1.0
97,0.0,0.0,3.3840001,1.0,7.0,10,38.04157073300445,84.03661330257876,pobre,0,0,833.33331,591.0,1.0,67.0,14,475,11160,7,1.0
98,0.0,0.0,3.3840001,1.0,8.0,10,38.04157073300445,84.03661330257876,pobre,0,0,833.33331,591.0,1.0,67.0,15,475,11160,7,1.0
97,1.0,0.0,3.3840001,1.0,2.0,10,38.04157073300445,84.03661330257876,pobre,0,0,833.33331,591.0,1.0,67.0,8,475,11161,2,1.0
98,1.0,0.0,3.3840001,1.0,3.0,10,38.04157073300445,84.03661330257876,pobre,0,0,833.33331,591.0,1.0,67.0,9,475,11161,2,1.0
97,0.0,0.0,3.3840001,1.0,0.0,10,38.04157073300445,84.03661330257876,pobre,0,0,833.33331,591.0,1.0,67.0,8,475,11162,0,1.0
98,0.0,0.0,3.3840001,1.0,0.0,10,38.04157073300445,84.03661330257876,pobre,0,0,833.33331,591.0,1.0,67.0,9,475,11162,0,1.0
97,0.0,0.0,3.3840001,,0.0,10,38.04157073300445,84.03661330257876,pobre,0,0,833.33331,591.0,1.0,67.0,6,475,11163,0,
98,0.0,0.0,3.3840001,1.0,0.0,10,38.04157073300445,84.03661330257876,pobre,0,0,833.33331,591.0,1.0,67.0,7,475,11163,0,
97,0.0,1.0,0.0,0.0,9.0,5,163.841865005557,163.841865005557,pobre,basal,2,0.0,695.0,1.0,47.0,16,4,11164,9,0.0
98,0.0,1.0,0.0,,,5,163.841865005557,163.841865005557,pobre,basal,2,0.0,695.0,1.0,47.0,17,4,11164,9,0.0
97,0.0,1.0,0.0,1.0,5.0,5,163.841865005557,163.841865005557,pobre,basal,2,0.0,695.0,1.0,47.0,14,4,11165,5,1.0
98,0.0,1.0,0.0,1.0,6.0,5,163.841865005557,163.841865005557,pobre,basal,2,0.0,695.0,1.0,47.0,15,4,11165,5,1.0
97,1.0,1.0,0.0,1.0,1.0,5,163.841865005557,163.841865005557,pobre,basal,2,0.0,695.0,1.0,47.0,7,4,11166,1,1.0
98,1.0,1.0,0.0,1.0,1.0,5,163.841865005557,163.841865005557,pobre,basal,2,0.0,695.0,1.0,47.0,8,4,11166,1,1.0
97,1.0,0.0,3.3840001,1.0,5.0,5,38.04157073300445,84.03661330257876,no pobre,0,3,750.0,774.0,1.0,41.0,13,475,11167,5,1.0
98,1.0,0.0,3.3840001,1.0,6.0,5,38.04157073300445,84.03661330257876,no pobre,0,3,750.0,774.0,1.0,41.0,14,475,11167,5,1.0
97,0.0,0.0,3.3840001,1.0,0.0,4,38.04157073300445,84.03661330257876,pobre,0,6,0.0,698.0,1.0,32.0,7,475,11168,0,1.0
98,0.0,0.0,3.3840001,1.0,1.0,4,38.04157073300445,84.03661330257876,pobre,0,6,0.0,698.0,1.0,32.0,8,475,11168,0,1.0
97,0.0,0.0,3.3840001,1.0,9.0,11,38.04157073300445,84.03661330257876,no pobre,0,2,1666.6666,977.0,1.0,49.0,15,475,11169,9,1.0
98,0.0,0.0,3.3840001,0.0,9.0,11,38.04157073300445,84.03661330257876,no pobre,0,2,1666.6666,977.0,1.0,49.0,16,475,11169,9,1.0
97,1.0,0.0,3.3840001,1.0,5.0,11,38.04157073300445,84.03661330257876,no pobre,0,2,1666.6666,977.0,1.0,49.0,10,475,11170,5,1.0
98,1.0,0.0,3.3840001,1.0,5.0,11,38.04157073300445,84.03661330257876,no pobre,0,2,1666.6666,977.0,1.0,49.0,11,475,11170,5,1.0
97,1.0,0.0,3.3840001,1.0,6.0,11,38.04157073300445,84.03661330257876,no pobre,0,2,1666.6666,977.0,1.0,49.0,13,475,11171,6,1.0
98,1.0,0.0,3.3840001,1.0,6.0,11,38.04157073300445,84.03661330257876,no pobre,0,2,1666.6666,977.0,1.0,49.0,14,475,11171,6,1.0
97,0.0,0.0,3.3840001,1.0,3.0,11,38.04157073300445,84.03661330257876,no pobre,0,2,1666.6666,977.0,1.0,49.0,9,475,11172,3,1.0
98,0.0,0.0,3.3840001,1.0,3.0,11,38.04157073300445,84.03661330257876,no pobre,0,2,1666.6666,977.0,1.0,49.0,10,475,11172,3,1.0
97,1.0,0.0,3.3840001,1.0,1.0,11,38.04157073300445,84.03661330257876,no pobre,0,2,1666.6666,977.0,1.0,49.0,7,475,11173,1,1.0
98,1.0,0.0,3.3840001,1.0,1.0,11,38.04157073300445,84.03661330257876,no pobre,0,2,1666.6666,977.0,1.0,49.0,8,475,11173,1,1.0
97,1.0,0.0,3.3840001,1.0,9.0,6,38.04157073300445,84.03661330257876,no pobre,0,6,416.66666,910.0,1.0,43.0,15,475,11174,9,1.0
98,1.0,0.0,3.3840001,1.0,10.0,6,38.04157073300445,84.03661330257876,no pobre,0,6,416.66666,910.0,1.0,43.0,16,475,11174,9,1.0
97,0.0,0.0,3.3840001,1.0,6.0,6,38.04157073300445,84.03661330257876,no pobre,0,6,416.66666,910.0,1.0,43.0,12,475,11175,6,1.0
98,0.0,0.0,3.3840001,1.0,7.0,6,38.04157073300445,84.03661330257876,no pobre,0,6,416.66666,910.0,1.0,43.0,13,475,11175,6,1.0
97,0.0,0.0,3.3840001,1.0,4.0,6,38.04157073300445,84.03661330257876,no pobre,0,6,416.66666,910.0,1.0,43.0,10,475,11176,4,1.0
98,0.0,0.0,3.3840001,1.0,5.0,6,38.04157073300445,84.03661330257876,no pobre,0,6,416.66666,910.0,1.0,43.0,11,475,11176,4,1.0
97,0.0,0.0,3.3840001,1.0,1.0,4,38.04157073300445,84.03661330257876,pobre,0,6,400.0,733.0,1.0,24.0,7,475,11177,1,1.0
98,0.0,0.0,3.3840001,1.0,2.0,4,38.04157073300445,84.03661330257876,pobre,0,6,400.0,733.0,1.0,24.0,8,475,11177,1,1.0
97,1.0,0.0,3.3840001,1.0,2.0,4,38.04157073300445,84.03661330257876,pobre,0,6,750.0,747.0,1.0,29.0,9,475,11178,2,1.0
98,1.0,0.0,3.3840001,1.0,3.0,4,38.04157073300445,84.03661330257876,pobre,0,6,750.0,747.0,1.0,29.0,10,475,11178,2,1.0
97,1.0,0.0,3.3840001,1.0,2.0,4,38.04157073300445,84.03661330257876,pobre,0,6,750.0,747.0,1.0,29.0,8,475,11179,2,1.0
98,1.0,0.0,3.3840001,1.0,3.0,4,38.04157073300445,84.03661330257876,pobre,0,6,750.0,747.0,1.0,29.0,9,475,11179,2,1.0
97,1.0,0.0,3.3840001,0.0,6.0,5,38.04157073300445,84.03661330257876,no pobre,0,3,1000.0,894.0,1.0,47.0,14,475,11180,6,0.0
98,1.0,0.0,3.3840001,0.0,6.0,5,38.04157073300445,84.03661330257876,no pobre,0,3,1000.0,894.0,1.0,47.0,15,475,11180,6,0.0
97,0.0,0.0,3.3840001,1.0,4.0,5,38.04157073300445,84.03661330257876,no pobre,0,3,1000.0,894.0,1.0,47.0,11,475,11181,4,1.0
98,0.0,0.0,3.3840001,1.0,5.0,5,38.04157073300445,84.03661330257876,no pobre,0,3,1000.0,894.0,1.0,47.0,12,475,11181,4,1.0
97,1.0,0.0,3.3840001,1.0,1.0,5,38.04157073300445,84.03661330257876,no pobre,0,3,1000.0,894.0,1.0,47.0,8,475,11182,1,1.0
98,1.0,0.0,3.3840001,1.0,1.0,5,38.04157073300445,84.03661330257876,no pobre,0,3,1000.0,894.0,1.0,47.0,9,475,11182,1,1.0
97,0.0,0.0,3.3840001,1.0,6.0,9,38.04157073300445,84.03661330257876,pobre,0,0,625.0,678.42999,1.0,59.0,13,475,11183,6,1.0
98,0.0,0.0,3.3840001,1.0,7.0,9,38.04157073300445,84.03661330257876,pobre,0,0,625.0,678.42999,1.0,59.0,14,475,11183,6,1.0
97,0.0,0.0,3.3840001,1.0,1.0,9,38.04157073300445,84.03661330257876,pobre,0,0,625.0,678.42999,1.0,59.0,8,475,11184,1,1.0
98,0.0,0.0,3.3840001,1.0,1.0,9,38.04157073300445,84.03661330257876,pobre,0,0,625.0,678.42999,1.0,59.0,9,475,11184,1,1.0
97,0.0,1.0,0.0,1.0,4.0,3,163.841865005557,163.841865005557,pobre,basal,0,0.0,733.0,0.0,45.0,12,4,11185,4,1.0
98,0.0,1.0,0.0,1.0,5.0,3,163.841865005557,163.841865005557,pobre,basal,0,0.0,733.0,0.0,45.0,13,4,11185,4,1.0
97,0.0,1.0,0.0,1.0,2.0,3,163.841865005557,163.841865005557,pobre,basal,0,0.0,733.0,0.0,45.0,10,4,11186,2,1.0
98,0.0,1.0,0.0,1.0,3.0,3,163.841865005557,163.841865005557,pobre,basal,0,0.0,733.0,0.0,45.0,11,4,11186,2,1.0
97,1.0,0.0,3.3840001,1.0,6.0,5,38.04157073300445,84.03661330257876,pobre,0,3,750.0,746.0,1.0,46.0,14,475,11187,6,1.0
98,1.0,0.0,3.3840001,1.0,7.0,5,38.04157073300445,84.03661330257876,pobre,0,3,750.0,746.0,1.0,46.0,15,475,11187,6,1.0
97,1.0,0.0,3.3840001,1.0,1.0,5,38.04157073300445,84.03661330257876,pobre,0,3,750.0,746.0,1.0,46.0,7,475,11188,1,1.0
98,1.0,0.0,3.3840001,1.0,1.0,5,38.04157073300445,84.03661330257876,pobre,0,3,750.0,746.0,1.0,46.0,8,475,11188,1,1.0
97,1.0,0.0,3.3840001,1.0,8.0,6,38.04157073300445,84.03661330257876,pobre,0,3,1250.0,711.0,1.0,46.0,15,475,11189,8,1.0
98,1.0,0.0,3.3840001,1.0,10.0,6,38.04157073300445,84.03661330257876,pobre,0,3,1250.0,711.0,1.0,46.0,16,475,11189,8,1.0
97,1.0,0.0,3.3840001,1.0,2.0,6,38.04157073300445,84.03661330257876,pobre,0,3,1250.0,711.0,1.0,46.0,8,475,11190,2,1.0
98,1.0,0.0,3.3840001,1.0,3.0,6,38.04157073300445,84.03661330257876,pobre,0,3,1250.0,711.0,1.0,46.0,9,475,11190,2,1.0
97,1.0,0.0,3.3840001,1.0,0.0,5,38.04157073300445,84.03661330257876,pobre,0,3,750.0,852.0,1.0,28.0,6,475,11191,0,1.0
98,1.0,0.0,3.3840001,1.0,1.0,5,38.04157073300445,84.03661330257876,pobre,0,3,750.0,852.0,1.0,28.0,7,475,11191,0,1.0
97,1.0,0.0,3.3840001,1.0,6.0,4,38.04157073300445,84.03661330257876,pobre,0,3,625.0,588.0,1.0,31.0,12,475,11192,6,1.0
98,1.0,0.0,3.3840001,1.0,7.0,4,38.04157073300445,84.03661330257876,pobre,0,3,625.0,588.0,1.0,31.0,13,475,11192,6,1.0
97,0.0,0.0,3.3840001,1.0,7.0,11,38.04157073300445,84.03661330257876,pobre,0,2,500.0,739.5,1.0,51.0,15,475,11193,7,1.0
98,0.0,0.0,3.3840001,1.0,8.0,11,38.04157073300445,84.03661330257876,pobre,0,2,500.0,739.5,1.0,51.0,16,475,11193,7,1.0
97,0.0,0.0,3.3840001,1.0,5.0,11,38.04157073300445,84.03661330257876,pobre,0,2,500.0,739.5,1.0,51.0,11,475,11194,5,1.0
98,0.0,0.0,3.3840001,1.0,6.0,11,38.04157073300445,84.03661330257876,pobre,0,2,500.0,739.5,1.0,51.0,12,475,11194,5,1.0
97,0.0,0.0,3.3840001,1.0,4.0,11,38.04157073300445,84.03661330257876,pobre,0,2,500.0,739.5,1.0,51.0,10,475,11195,4,1.0
98,0.0,0.0,3.3840001,1.0,5.0,11,38.04157073300445,84.03661330257876,pobre,0,2,500.0,739.5,1.0,51.0,11,475,11195,4,1.0
97,0.0,0.0,3.3840001,0.0,9.0,8,38.04157073300445,84.03661330257876,pobre,0,0,833.33331,753.0,1.0,59.0,15,475,11196,9,0.0
98,0.0,0.0,3.3840001,0.0,9.0,8,38.04157073300445,84.03661330257876,pobre,0,0,833.33331,753.0,1.0,59.0,16,475,11196,9,0.0
97,0.0,0.0,3.3840001,1.0,6.0,8,38.04157073300445,84.03661330257876,pobre,0,0,833.33331,753.0,1.0,59.0,13,475,11197,6,1.0
98,0.0,0.0,3.3840001,1.0,7.0,8,38.04157073300445,84.03661330257876,pobre,0,0,833.33331,753.0,1.0,59.0,14,475,11197,6,1.0
97,1.0,0.0,3.3840001,1.0,5.0,8,38.04157073300445,84.03661330257876,pobre,0,0,833.33331,753.0,1.0,59.0,11,475,11198,5,1.0
98,1.0,0.0,3.3840001,1.0,6.0,8,38.04157073300445,84.03661330257876,pobre,0,0,833.33331,753.0,1.0,59.0,12,475,11198,5,1.0
97,1.0,0.0,3.3840001,1.0,4.0,5,38.04157073300445,84.03661330257876,pobre,0,3,600.0,708.45001,1.0,32.0,12,475,11199,4,1.0
98,1.0,0.0,3.3840001,1.0,5.0,5,38.04157073300445,84.03661330257876,pobre,0,3,600.0,708.45001,1.0,32.0,13,475,11199,4,1.0
97,1.0,0.0,3.3840001,1.0,4.0,5,38.04157073300445,84.03661330257876,pobre,0,3,600.0,708.45001,1.0,32.0,11,475,11200,4,1.0
98,1.0,0.0,3.3840001,1.0,4.0,5,38.04157073300445,84.03661330257876,pobre,0,3,600.0,708.45001,1.0,32.0,12,475,11200,4,1.0
97,1.0,0.0,3.3840001,,0.0,5,38.04157073300445,84.03661330257876,pobre,0,3,600.0,708.45001,1.0,32.0,6,475,11201,0,
98,1.0,0.0,3.3840001,1.0,1.0,5,38.04157073300445,84.03661330257876,pobre,0,3,600.0,708.45001,1.0,32.0,7,475,11201,0,
97,0.0,0.0,3.3840001,0.0,1.0,7,38.04157073300445,84.03661330257876,no pobre,0,1,2500.0,788.0,1.0,60.0,16,475,11202,1,0.0
98,0.0,0.0,3.3840001,,,7,38.04157073300445,84.03661330257876,no pobre,0,1,2500.0,788.0,1.0,60.0,17,475,11202,1,0.0
97,0.0,0.0,3.3840001,0.0,9.0,4,38.04157073300445,84.03661330257876,no pobre,0,2,625.0,806.0,1.0,39.0,16,475,11203,9,0.0
98,0.0,0.0,3.3840001,,,4,38.04157073300445,84.03661330257876,no pobre,0,2,625.0,806.0,1.0,39.0,17,475,11203,9,0.0
97,1.0,0.0,3.3840001,1.0,6.0,6,38.04157073300445,84.03661330257876,no pobre,0,0,800.0,1044.0,1.0,60.0,12,475,11204,6,1.0
98,1.0,0.0,3.3840001,1.0,7.0,6,38.04157073300445,84.03661330257876,no pobre,0,0,800.0,1044.0,1.0,60.0,13,475,11204,6,1.0
97,0.0,0.0,3.3840001,1.0,2.0,6,38.04157073300445,84.03661330257876,no pobre,0,0,800.0,1044.0,1.0,60.0,8,475,11205,2,1.0
98,0.0,0.0,3.3840001,1.0,3.0,6,38.04157073300445,84.03661330257876,no pobre,0,0,800.0,1044.0,1.0,60.0,9,475,11205,2,1.0
97,0.0,1.0,0.0,1.0,2.0,6,163.841865005557,163.841865005557,pobre,basal,1,0.0,622.0,1.0,25.0,9,4,11206,2,1.0
98,0.0,1.0,0.0,1.0,2.0,6,163.841865005557,163.841865005557,pobre,basal,1,0.0,622.0,1.0,25.0,10,4,11206,2,1.0
97,0.0,1.0,0.0,1.0,2.0,6,163.841865005557,163.841865005557,pobre,basal,1,0.0,622.0,1.0,25.0,7,4,11207,2,1.0
98,0.0,1.0,0.0,1.0,1.0,6,163.841865005557,163.841865005557,pobre,basal,1,0.0,622.0,1.0,25.0,8,4,11207,2,1.0
97,0.0,1.0,0.0,1.0,0.0,6,163.841865005557,163.841865005557,pobre,basal,1,0.0,622.0,1.0,25.0,7,4,11208,0,1.0
98,0.0,1.0,0.0,1.0,0.0,6,163.841865005557,163.841865005557,pobre,basal,1,0.0,622.0,1.0,25.0,8,4,11208,0,1.0
97,1.0,0.0,3.3840001,1.0,0.0,4,38.04157073300445,84.03661330257876,no pobre,0,6,800.0,999.0,1.0,28.0,7,475,11209,0,1.0
98,1.0,0.0,3.3840001,1.0,1.0,4,38.04157073300445,84.03661330257876,no pobre,0,6,800.0,999.0,1.0,28.0,8,475,11209,0,1.0
97,1.0,0.0,3.3840001,1.0,7.0,5,38.04157073300445,84.03661330257876,pobre,0,8,750.0,767.0,1.0,37.0,13,475,11210,7,1.0
98,1.0,0.0,3.3840001,1.0,8.0,5,38.04157073300445,84.03661330257876,pobre,0,8,750.0,767.0,1.0,37.0,14,475,11210,7,1.0
97,0.0,0.0,3.3840001,1.0,6.0,5,38.04157073300445,84.03661330257876,pobre,0,8,750.0,767.0,1.0,37.0,12,475,11211,6,1.0
98,0.0,0.0,3.3840001,1.0,7.0,5,38.04157073300445,84.03661330257876,pobre,0,8,750.0,767.0,1.0,37.0,13,475,11211,6,1.0
97,1.0,0.0,3.3840001,1.0,9.0,5,38.04157073300445,84.03661330257876,pobre,0,6,480.0,725.82001,1.0,34.0,16,475,11212,9,1.0
98,1.0,0.0,3.3840001,,,5,38.04157073300445,84.03661330257876,pobre,0,6,480.0,725.82001,1.0,34.0,17,475,11212,9,1.0
97,0.0,0.0,3.3840001,1.0,9.0,5,38.04157073300445,84.03661330257876,pobre,0,6,480.0,725.82001,1.0,34.0,14,475,11213,9,1.0
98,0.0,0.0,3.3840001,1.0,10.0,5,38.04157073300445,84.03661330257876,pobre,0,6,480.0,725.82001,1.0,34.0,15,475,11213,9,1.0
97,0.0,0.0,3.3840001,1.0,5.0,5,38.04157073300445,84.03661330257876,pobre,0,6,480.0,725.82001,1.0,34.0,11,475,11214,5,1.0
98,0.0,0.0,3.3840001,1.0,6.0,5,38.04157073300445,84.03661330257876,pobre,0,6,480.0,725.82001,1.0,34.0,12,475,11214,5,1.0
97,1.0,0.0,3.3840001,0.0,6.0,11,38.04157073300445,84.03661330257876,pobre,0,1,2083.3333,751.5,1.0,58.0,16,475,11215,6,0.0
98,1.0,0.0,3.3840001,,,11,38.04157073300445,84.03661330257876,pobre,0,1,2083.3333,751.5,1.0,58.0,17,475,11215,6,0.0
97,1.0,0.0,3.3840001,1.0,2.0,11,38.04157073300445,84.03661330257876,pobre,0,1,2083.3333,751.5,1.0,58.0,10,475,11216,2,1.0
98,1.0,0.0,3.3840001,1.0,3.0,11,38.04157073300445,84.03661330257876,pobre,0,1,2083.3333,751.5,1.0,58.0,11,475,11216,2,1.0
97,0.0,0.0,3.3840001,1.0,4.0,11,38.04157073300445,84.03661330257876,pobre,0,1,2083.3333,751.5,1.0,58.0,13,475,11217,4,1.0
98,0.0,0.0,3.3840001,1.0,5.0,11,38.04157073300445,84.03661330257876,pobre,0,1,2083.3333,751.5,1.0,58.0,14,475,11217,4,1.0
97,1.0,1.0,0.0,1.0,6.0,6,163.841865005557,163.841865005557,pobre,basal,0,0.0,743.0,1.0,49.0,12,4,11218,6,1.0
98,1.0,1.0,0.0,1.0,7.0,6,163.841865005557,163.841865005557,pobre,basal,0,0.0,743.0,1.0,49.0,13,4,11218,6,1.0
97,0.0,1.0,0.0,1.0,0.0,5,163.841865005557,163.841865005557,pobre,basal,0,0.0,667.0,0.0,21.0,6,4,11219,0,1.0
98,0.0,1.0,0.0,1.0,0.0,5,163.841865005557,163.841865005557,pobre,basal,0,0.0,667.0,0.0,21.0,7,4,11219,0,1.0
97,1.0,1.0,0.0,1.0,8.0,8,163.841865005557,163.841865005557,pobre,basal,0,0.0,698.0,1.0,39.0,16,4,11220,8,1.0
98,1.0,1.0,0.0,,,8,163.841865005557,163.841865005557,pobre,basal,0,0.0,698.0,1.0,39.0,17,4,11220,8,1.0
97,1.0,1.0,0.0,0.0,7.0,8,163.841865005557,163.841865005557,pobre,basal,0,0.0,698.0,1.0,39.0,13,4,11221,7,0.0
98,1.0,1.0,0.0,,,8,163.841865005557,163.841865005557,pobre,basal,0,0.0,698.0,1.0,39.0,14,4,11221,7,0.0
97,1.0,1.0,0.0,1.0,4.0,8,163.841865005557,163.841865005557,pobre,basal,0,0.0,698.0,1.0,39.0,13,4,11222,4,1.0
98,1.0,1.0,0.0,1.0,5.0,8,163.841865005557,163.841865005557,pobre,basal,0,0.0,698.0,1.0,39.0,14,4,11222,4,1.0
97,0.0,1.0,0.0,1.0,3.0,8,163.841865005557,163.841865005557,pobre,basal,0,0.0,698.0,1.0,39.0,10,4,11223,3,1.0
98,0.0,1.0,0.0,1.0,4.0,8,163.841865005557,163.841865005557,pobre,basal,0,0.0,698.0,1.0,39.0,11,4,11223,3,1.0
97,0.0,1.0,0.0,1.0,5.0,7,163.841865005557,163.841865005557,pobre,basal,2,500.0,673.5,1.0,37.0,11,4,11224,5,1.0
98,0.0,1.0,0.0,1.0,5.0,7,163.841865005557,163.841865005557,pobre,basal,2,500.0,673.5,1.0,37.0,12,4,11224,5,1.0
97,1.0,1.0,0.0,1.0,0.0,7,163.841865005557,163.841865005557,pobre,basal,2,500.0,673.5,1.0,37.0,7,4,11225,0,1.0
98,1.0,1.0,0.0,1.0,1.0,7,163.841865005557,163.841865005557,pobre,basal,2,500.0,673.5,1.0,37.0,8,4,11225,0,1.0
97,1.0,1.0,0.0,0.0,6.0,10,163.841865005557,163.841865005557,pobre,basal,1,500.0,675.5,1.0,67.0,15,4,11226,6,0.0
98,1.0,1.0,0.0,,,10,163.841865005557,163.841865005557,pobre,basal,1,500.0,675.5,1.0,67.0,16,4,11226,6,0.0
97,0.0,1.0,0.0,1.0,2.0,10,163.841865005557,163.841865005557,pobre,basal,1,500.0,675.5,1.0,67.0,10,4,11227,2,1.0
98,0.0,1.0,0.0,,,10,163.841865005557,163.841865005557,pobre,basal,1,500.0,675.5,1.0,67.0,11,4,11227,2,1.0
97,0.0,1.0,0.0,1.0,1.0,10,163.841865005557,163.841865005557,pobre,basal,1,500.0,675.5,1.0,67.0,7,4,11228,1,1.0
98,0.0,1.0,0.0,,,10,163.841865005557,163.841865005557,pobre,basal,1,500.0,675.5,1.0,67.0,8,4,11228,1,1.0
97,1.0,1.0,0.0,1.0,8.0,6,163.841865005557,163.841865005557,pobre,basal,4,0.0,730.0,1.0,41.0,16,4,11229,8,1.0
98,1.0,1.0,0.0,,,6,163.841865005557,163.841865005557,pobre,basal,4,0.0,730.0,1.0,41.0,17,4,11229,8,1.0
97,0.0,1.0,0.0,1.0,4.0,6,163.841865005557,163.841865005557,pobre,basal,4,0.0,730.0,1.0,41.0,11,4,11230,4,1.0
98,0.0,1.0,0.0,1.0,5.0,6,163.841865005557,163.841865005557,pobre,basal,4,0.0,730.0,1.0,41.0,12,4,11230,4,1.0
97,0.0,1.0,0.0,1.0,1.0,6,163.841865005557,163.841865005557,pobre,basal,4,0.0,730.0,1.0,41.0,8,4,11231,1,1.0
98,0.0,1.0,0.0,1.0,1.0,6,163.841865005557,163.841865005557,pobre,basal,4,0.0,730.0,1.0,41.0,9,4,11231,1,1.0
97,1.0,1.0,0.0,1.0,0.0,6,163.841865005557,163.841865005557,pobre,basal,4,0.0,730.0,1.0,41.0,6,4,11232,0,1.0
98,1.0,1.0,0.0,1.0,1.0,6,163.841865005557,163.841865005557,pobre,basal,4,0.0,730.0,1.0,41.0,7,4,11232,0,1.0
97,1.0,1.0,0.0,1.0,6.0,7,163.841865005557,163.841865005557,no pobre,basal,6,1000.0,864.5,1.0,43.0,15,4,11233,6,1.0
98,1.0,1.0,0.0,1.0,7.0,7,163.841865005557,163.841865005557,no pobre,basal,6,1000.0,864.5,1.0,43.0,16,4,11233,6,1.0
97,0.0,1.0,0.0,1.0,4.0,7,163.841865005557,163.841865005557,no pobre,basal,6,1000.0,864.5,1.0,43.0,11,4,11234,4,1.0
98,0.0,1.0,0.0,1.0,5.0,7,163.841865005557,163.841865005557,no pobre,basal,6,1000.0,864.5,1.0,43.0,12,4,11234,4,1.0
97,1.0,1.0,0.0,1.0,8.0,10,163.841865005557,163.841865005557,no pobre,basal,6,0.0,884.75,1.0,50.0,14,4,11235,8,1.0
98,1.0,1.0,0.0,1.0,9.0,10,163.841865005557,163.841865005557,no pobre,basal,6,0.0,884.75,1.0,50.0,15,4,11235,8,1.0
97,0.0,1.0,0.0,0.0,6.0,10,163.841865005557,163.841865005557,no pobre,basal,6,0.0,884.75,1.0,50.0,12,4,11236,6,0.0
98,0.0,1.0,0.0,1.0,2.0,10,163.841865005557,163.841865005557,no pobre,basal,6,0.0,884.75,1.0,50.0,13,4,11236,6,0.0
97,0.0,1.0,0.0,1.0,5.0,3,163.841865005557,163.841865005557,no pobre,basal,3,0.0,797.5,1.0,52.0,12,4,11237,5,1.0
98,0.0,1.0,0.0,,,3,163.841865005557,163.841865005557,no pobre,basal,3,0.0,797.5,1.0,52.0,13,4,11237,5,1.0
97,0.0,1.0,0.0,,0.0,3,163.841865005557,163.841865005557,pobre,basal,0,0.0,755.46997,0.0,45.0,15,4,11238,0,
98,0.0,1.0,0.0,,,3,163.841865005557,163.841865005557,pobre,basal,0,0.0,755.46997,0.0,45.0,16,4,11238,0,
97,1.0,1.0,0.0,1.0,2.0,6,163.841865005557,163.841865005557,pobre,basal,0,0.0,640.0,1.0,37.0,12,4,11239,2,1.0
98,1.0,1.0,0.0,1.0,2.0,6,163.841865005557,163.841865005557,pobre,basal,0,0.0,640.0,1.0,37.0,13,4,11239,2,1.0
97,1.0,1.0,0.0,,0.0,6,163.841865005557,163.841865005557,pobre,basal,0,0.0,640.0,1.0,37.0,8,4,11240,0,
98,1.0,1.0,0.0,1.0,1.0,6,163.841865005557,163.841865005557,pobre,basal,0,0.0,640.0,1.0,37.0,9,4,11240,0,
97,1.0,1.0,0.0,,0.0,6,163.841865005557,163.841865005557,pobre,basal,0,0.0,640.0,1.0,37.0,6,4,11241,0,
98,1.0,1.0,0.0,1.0,0.0,6,163.841865005557,163.841865005557,pobre,basal,0,0.0,640.0,1.0,37.0,7,4,11241,0,
97,0.0,1.0,0.0,1.0,2.0,5,163.841865005557,163.841865005557,pobre,basal,0,0.0,669.0,1.0,40.0,11,4,11242,2,1.0
98,0.0,1.0,0.0,1.0,3.0,5,163.841865005557,163.841865005557,pobre,basal,0,0.0,669.0,1.0,40.0,12,4,11242,2,1.0
97,0.0,1.0,0.0,1.0,1.0,5,163.841865005557,163.841865005557,pobre,basal,0,0.0,669.0,1.0,40.0,9,4,11243,1,1.0
98,0.0,1.0,0.0,1.0,1.0,5,163.841865005557,163.841865005557,pobre,basal,0,0.0,669.0,1.0,40.0,10,4,11243,1,1.0
97,0.0,1.0,4.4959998,1.0,5.0,8,46.5159370629044,103.5685012224825,pobre,0,0,320.0,550.0,1.0,36.0,14,492,11244,5,1.0
98,0.0,1.0,4.4959998,0.0,6.0,8,46.5159370629044,103.5685012224825,pobre,0,0,320.0,550.0,1.0,36.0,15,492,11244,5,1.0
97,1.0,1.0,4.4959998,1.0,2.0,8,46.5159370629044,103.5685012224825,pobre,0,0,320.0,550.0,1.0,36.0,12,492,11245,2,1.0
98,1.0,1.0,4.4959998,1.0,3.0,8,46.5159370629044,103.5685012224825,pobre,0,0,320.0,550.0,1.0,36.0,13,492,11245,2,1.0
97,0.0,1.0,4.4959998,1.0,1.0,8,46.5159370629044,103.5685012224825,pobre,0,0,320.0,550.0,1.0,36.0,9,492,11246,1,1.0
98,0.0,1.0,4.4959998,1.0,1.0,8,46.5159370629044,103.5685012224825,pobre,0,0,320.0,550.0,1.0,36.0,10,492,11246,1,1.0
97,0.0,1.0,4.4959998,1.0,0.0,8,46.5159370629044,103.5685012224825,pobre,0,0,320.0,550.0,1.0,36.0,7,492,11247,0,1.0
98,0.0,1.0,4.4959998,1.0,0.0,8,46.5159370629044,103.5685012224825,pobre,0,0,320.0,550.0,1.0,36.0,8,492,11247,0,1.0
97,1.0,1.0,4.4959998,1.0,7.0,8,46.5159370629044,103.5685012224825,pobre,0,3,625.0,556.0,1.0,34.0,14,492,11248,7,1.0
98,1.0,1.0,4.4959998,1.0,8.0,8,46.5159370629044,103.5685012224825,pobre,0,3,625.0,556.0,1.0,34.0,15,492,11248,7,1.0
97,0.0,1.0,4.4959998,1.0,3.0,8,46.5159370629044,103.5685012224825,pobre,0,3,625.0,556.0,1.0,34.0,11,492,11249,3,1.0
98,0.0,1.0,4.4959998,1.0,4.0,8,46.5159370629044,103.5685012224825,pobre,0,3,625.0,556.0,1.0,34.0,12,492,11249,3,1.0
97,0.0,1.0,4.4959998,1.0,2.0,8,46.5159370629044,103.5685012224825,pobre,0,3,625.0,556.0,1.0,34.0,9,492,11250,2,1.0
98,0.0,1.0,4.4959998,1.0,3.0,8,46.5159370629044,103.5685012224825,pobre,0,3,625.0,556.0,1.0,34.0,10,492,11250,2,1.0
97,1.0,1.0,4.4959998,1.0,0.0,8,46.5159370629044,103.5685012224825,pobre,0,3,625.0,556.0,1.0,34.0,7,492,11251,0,1.0
98,1.0,1.0,4.4959998,1.0,1.0,8,46.5159370629044,103.5685012224825,pobre,0,3,625.0,556.0,1.0,34.0,8,492,11251,0,1.0
97,1.0,1.0,4.4959998,1.0,1.0,6,46.5159370629044,103.5685012224825,pobre,0,1,500.0,519.0,1.0,40.0,7,492,11252,1,1.0
98,1.0,1.0,4.4959998,1.0,0.0,6,46.5159370629044,103.5685012224825,pobre,0,1,500.0,519.0,1.0,40.0,8,492,11252,1,1.0
97,0.0,1.0,4.4959998,0.0,4.0,4,46.5159370629044,103.5685012224825,pobre,0,0,500.0,668.0,1.0,54.0,13,492,11253,4,0.0
98,0.0,1.0,4.4959998,0.0,4.0,4,46.5159370629044,103.5685012224825,pobre,0,0,500.0,668.0,1.0,54.0,14,492,11253,4,0.0
97,0.0,1.0,4.4959998,,0.0,4,46.5159370629044,103.5685012224825,pobre,0,0,240.0,781.0,0.0,55.0,14,492,11254,0,
98,0.0,1.0,4.4959998,0.0,1.0,4,46.5159370629044,103.5685012224825,pobre,0,0,240.0,781.0,0.0,55.0,15,492,11254,0,
97,1.0,1.0,4.4959998,1.0,3.0,6,46.5159370629044,103.5685012224825,pobre,0,3,280.0,608.0,1.0,31.0,7,492,11255,3,1.0
98,1.0,1.0,4.4959998,1.0,1.0,6,46.5159370629044,103.5685012224825,pobre,0,3,280.0,608.0,1.0,31.0,8,492,11255,3,1.0
97,0.0,1.0,4.4959998,1.0,4.0,6,46.5159370629044,103.5685012224825,pobre,0,3,800.0,629.0,1.0,39.0,11,492,11256,4,1.0
98,0.0,1.0,4.4959998,1.0,5.0,6,46.5159370629044,103.5685012224825,pobre,0,3,800.0,629.0,1.0,39.0,12,492,11256,4,1.0
97,1.0,1.0,4.4959998,1.0,3.0,6,46.5159370629044,103.5685012224825,pobre,0,3,800.0,629.0,1.0,39.0,9,492,11257,3,1.0
98,1.0,1.0,4.4959998,1.0,4.0,6,46.5159370629044,103.5685012224825,pobre,0,3,800.0,629.0,1.0,39.0,10,492,11257,3,1.0
97,0.0,1.0,4.4959998,1.0,1.0,6,46.5159370629044,103.5685012224825,pobre,0,3,800.0,629.0,1.0,39.0,8,492,11258,1,1.0
98,0.0,1.0,4.4959998,1.0,2.0,6,46.5159370629044,103.5685012224825,pobre,0,3,800.0,629.0,1.0,39.0,9,492,11258,1,1.0
97,1.0,1.0,4.4959998,1.0,1.0,6,46.5159370629044,103.5685012224825,pobre,0,3,800.0,629.0,1.0,39.0,7,492,11259,1,1.0
98,1.0,1.0,4.4959998,1.0,2.0,6,46.5159370629044,103.5685012224825,pobre,0,3,800.0,629.0,1.0,39.0,8,492,11259,1,1.0
97,1.0,1.0,4.4959998,1.0,5.0,10,46.5159370629044,103.5685012224825,pobre,0,3,400.0,712.60999,1.0,52.0,13,492,11260,5,1.0
98,1.0,1.0,4.4959998,0.0,6.0,10,46.5159370629044,103.5685012224825,pobre,0,3,400.0,712.60999,1.0,52.0,14,492,11260,5,1.0
97,0.0,1.0,4.4959998,1.0,4.0,10,46.5159370629044,103.5685012224825,pobre,0,3,400.0,712.60999,1.0,52.0,15,492,11261,4,1.0
98,0.0,1.0,4.4959998,1.0,5.0,10,46.5159370629044,103.5685012224825,pobre,0,3,400.0,712.60999,1.0,52.0,16,492,11261,4,1.0
97,0.0,1.0,4.4959998,1.0,1.0,7,46.5159370629044,103.5685012224825,pobre,0,4,400.0,591.0,1.0,29.0,7,492,11262,1,1.0
98,0.0,1.0,4.4959998,1.0,2.0,7,46.5159370629044,103.5685012224825,pobre,0,4,400.0,591.0,1.0,29.0,8,492,11262,1,1.0
97,1.0,1.0,4.4959998,1.0,0.0,7,46.5159370629044,103.5685012224825,pobre,0,4,400.0,591.0,1.0,29.0,6,492,11263,0,1.0
98,1.0,1.0,4.4959998,1.0,1.0,7,46.5159370629044,103.5685012224825,pobre,0,4,400.0,591.0,1.0,29.0,7,492,11263,0,1.0
97,0.0,1.0,4.4959998,1.0,1.0,8,46.5159370629044,103.5685012224825,pobre,0,3,800.0,718.0,1.0,75.0,7,492,11264,1,1.0
98,0.0,1.0,4.4959998,1.0,2.0,8,46.5159370629044,103.5685012224825,pobre,0,3,800.0,718.0,1.0,75.0,8,492,11264,1,1.0
97,1.0,0.0,2.7679999,0.0,4.0,10,55.41059088687911,95.83280669175524,pobre,0,3,500.0,809.0,1.0,45.0,16,413,11265,4,0.0
98,1.0,0.0,2.7679999,,,10,55.41059088687911,95.83280669175524,pobre,0,3,500.0,809.0,1.0,45.0,17,413,11265,4,0.0
97,1.0,0.0,2.7679999,1.0,4.0,10,55.41059088687911,95.83280669175524,pobre,0,3,500.0,809.0,1.0,45.0,13,413,11266,4,1.0
98,1.0,0.0,2.7679999,1.0,4.0,10,55.41059088687911,95.83280669175524,pobre,0,3,500.0,809.0,1.0,45.0,14,413,11266,4,1.0
97,1.0,0.0,2.7679999,1.0,3.0,10,55.41059088687911,95.83280669175524,pobre,0,3,500.0,809.0,1.0,45.0,9,413,11267,3,1.0
98,1.0,0.0,2.7679999,1.0,3.0,10,55.41059088687911,95.83280669175524,pobre,0,3,500.0,809.0,1.0,45.0,10,413,11267,3,1.0
97,1.0,0.0,2.7679999,1.0,1.0,10,55.41059088687911,95.83280669175524,pobre,0,3,500.0,809.0,1.0,45.0,7,413,11268,1,1.0
98,1.0,0.0,2.7679999,1.0,1.0,10,55.41059088687911,95.83280669175524,pobre,0,3,500.0,809.0,1.0,45.0,8,413,11268,1,1.0
97,0.0,0.0,2.7679999,1.0,2.0,9,55.41059088687911,95.83280669175524,pobre,0,2,500.0,720.0,1.0,37.0,14,413,11269,2,1.0
98,0.0,0.0,2.7679999,1.0,2.0,9,55.41059088687911,95.83280669175524,pobre,0,2,500.0,720.0,1.0,37.0,15,413,11269,2,1.0
97,1.0,0.0,2.7679999,1.0,4.0,9,55.41059088687911,95.83280669175524,pobre,0,2,500.0,720.0,1.0,37.0,13,413,11270,4,1.0
98,1.0,0.0,2.7679999,1.0,4.0,9,55.41059088687911,95.83280669175524,pobre,0,2,500.0,720.0,1.0,37.0,14,413,11270,4,1.0
97,0.0,0.0,2.7679999,1.0,2.0,9,55.41059088687911,95.83280669175524,pobre,0,2,500.0,720.0,1.0,37.0,12,413,11271,2,1.0
98,0.0,0.0,2.7679999,1.0,2.0,9,55.41059088687911,95.83280669175524,pobre,0,2,500.0,720.0,1.0,37.0,13,413,11271,2,1.0
97,1.0,0.0,2.7679999,0.0,6.0,5,55.41059088687911,95.83280669175524,no pobre,0,0,0.0,792.5,0.0,57.0,16,413,11272,6,0.0
98,1.0,0.0,2.7679999,,,5,55.41059088687911,95.83280669175524,no pobre,0,0,0.0,792.5,0.0,57.0,17,413,11272,6,0.0
97,0.0,0.0,2.7679999,1.0,1.0,5,55.41059088687911,95.83280669175524,no pobre,0,0,0.0,792.5,0.0,57.0,6,413,11273,1,1.0
98,0.0,0.0,2.7679999,,,5,55.41059088687911,95.83280669175524,no pobre,0,0,0.0,792.5,0.0,57.0,7,413,11273,1,1.0
97,0.0,0.0,2.7679999,1.0,3.0,5,55.41059088687911,95.83280669175524,pobre,0,0,625.0,646.0,1.0,29.0,9,413,11274,3,1.0
98,0.0,0.0,2.7679999,1.0,3.0,5,55.41059088687911,95.83280669175524,pobre,0,0,625.0,646.0,1.0,29.0,10,413,11274,3,1.0
97,1.0,0.0,2.7679999,1.0,2.0,5,55.41059088687911,95.83280669175524,pobre,0,0,625.0,646.0,1.0,29.0,7,413,11275,2,1.0
98,1.0,0.0,2.7679999,1.0,2.0,5,55.41059088687911,95.83280669175524,pobre,0,0,625.0,646.0,1.0,29.0,8,413,11275,2,1.0
97,0.0,1.0,4.4959998,1.0,3.0,6,46.5159370629044,103.5685012224825,pobre,0,6,500.0,546.45001,0.0,47.0,15,492,11276,3,1.0
98,0.0,1.0,4.4959998,,,6,46.5159370629044,103.5685012224825,pobre,0,6,500.0,546.45001,0.0,47.0,16,492,11276,3,1.0
97,1.0,1.0,4.4959998,1.0,3.0,6,46.5159370629044,103.5685012224825,pobre,0,6,500.0,546.45001,0.0,47.0,10,492,11277,3,1.0
98,1.0,1.0,4.4959998,1.0,4.0,6,46.5159370629044,103.5685012224825,pobre,0,6,500.0,546.45001,0.0,47.0,11,492,11277,3,1.0
97,0.0,1.0,4.4959998,1.0,3.0,6,46.5159370629044,103.5685012224825,pobre,0,6,500.0,546.45001,0.0,47.0,9,492,11278,3,1.0
98,0.0,1.0,4.4959998,1.0,4.0,6,46.5159370629044,103.5685012224825,pobre,0,6,500.0,546.45001,0.0,47.0,10,492,11278,3,1.0
97,0.0,1.0,4.4959998,,0.0,6,46.5159370629044,103.5685012224825,pobre,0,6,500.0,546.45001,0.0,47.0,6,492,11279,0,
98,0.0,1.0,4.4959998,1.0,3.0,6,46.5159370629044,103.5685012224825,pobre,0,6,500.0,546.45001,0.0,47.0,7,492,11279,0,
97,0.0,1.0,4.4959998,1.0,3.0,5,46.5159370629044,103.5685012224825,pobre,0,6,600.0,690.0,1.0,25.0,6,492,11280,3,1.0
98,0.0,1.0,4.4959998,1.0,0.0,5,46.5159370629044,103.5685012224825,pobre,0,6,600.0,690.0,1.0,25.0,7,492,11280,3,1.0
97,1.0,1.0,4.4959998,1.0,7.0,10,46.5159370629044,103.5685012224825,pobre,0,4,1000.0,586.0,1.0,37.0,15,492,11281,7,1.0
98,1.0,1.0,4.4959998,1.0,8.0,10,46.5159370629044,103.5685012224825,pobre,0,4,1000.0,586.0,1.0,37.0,16,492,11281,7,1.0
97,0.0,1.0,4.4959998,1.0,6.0,10,46.5159370629044,103.5685012224825,pobre,0,4,1000.0,586.0,1.0,37.0,13,492,11282,6,1.0
98,0.0,1.0,4.4959998,1.0,7.0,10,46.5159370629044,103.5685012224825,pobre,0,4,1000.0,586.0,1.0,37.0,14,492,11282,6,1.0
97,0.0,1.0,4.4959998,1.0,5.0,10,46.5159370629044,103.5685012224825,pobre,0,4,1000.0,586.0,1.0,37.0,12,492,11283,5,1.0
98,0.0,1.0,4.4959998,1.0,6.0,10,46.5159370629044,103.5685012224825,pobre,0,4,1000.0,586.0,1.0,37.0,13,492,11283,5,1.0
97,1.0,1.0,4.4959998,1.0,3.0,10,46.5159370629044,103.5685012224825,pobre,0,4,1000.0,586.0,1.0,37.0,10,492,11284,3,1.0
98,1.0,1.0,4.4959998,1.0,4.0,10,46.5159370629044,103.5685012224825,pobre,0,4,1000.0,586.0,1.0,37.0,11,492,11284,3,1.0
97,1.0,1.0,4.4959998,1.0,2.0,10,46.5159370629044,103.5685012224825,pobre,0,4,1000.0,586.0,1.0,37.0,8,492,11285,2,1.0
98,1.0,1.0,4.4959998,1.0,3.0,10,46.5159370629044,103.5685012224825,pobre,0,4,1000.0,586.0,1.0,37.0,9,492,11285,2,1.0
97,1.0,1.0,4.4959998,1.0,2.0,7,46.5159370629044,103.5685012224825,pobre,0,3,800.0,816.0,1.0,25.0,8,492,11286,2,1.0
98,1.0,1.0,4.4959998,1.0,3.0,7,46.5159370629044,103.5685012224825,pobre,0,3,800.0,816.0,1.0,25.0,9,492,11286,2,1.0
97,0.0,1.0,4.4959998,1.0,1.0,7,46.5159370629044,103.5685012224825,pobre,0,3,800.0,816.0,1.0,25.0,7,492,11287,1,1.0
98,0.0,1.0,4.4959998,1.0,2.0,7,46.5159370629044,103.5685012224825,pobre,0,3,800.0,816.0,1.0,25.0,8,492,11287,1,1.0
97,0.0,1.0,4.4959998,1.0,2.0,6,46.5159370629044,103.5685012224825,no pobre,0,2,166.66667,915.0,1.0,27.0,8,492,11288,2,1.0
98,0.0,1.0,4.4959998,1.0,3.0,6,46.5159370629044,103.5685012224825,no pobre,0,2,166.66667,915.0,1.0,27.0,9,492,11288,2,1.0
97,1.0,1.0,4.4959998,1.0,0.0,6,46.5159370629044,103.5685012224825,no pobre,0,2,166.66667,915.0,1.0,27.0,6,492,11289,0,1.0
98,1.0,1.0,4.4959998,1.0,1.0,6,46.5159370629044,103.5685012224825,no pobre,0,2,166.66667,915.0,1.0,27.0,7,492,11289,0,1.0
97,1.0,1.0,4.4959998,0.0,6.0,9,46.5159370629044,103.5685012224825,pobre,0,3,500.0,703.0,1.0,43.0,16,492,11290,6,0.0
98,1.0,1.0,4.4959998,,,9,46.5159370629044,103.5685012224825,pobre,0,3,500.0,703.0,1.0,43.0,17,492,11290,6,0.0
97,0.0,1.0,4.4959998,1.0,5.0,9,46.5159370629044,103.5685012224825,pobre,0,3,500.0,703.0,1.0,43.0,14,492,11291,5,1.0
98,0.0,1.0,4.4959998,0.0,6.0,9,46.5159370629044,103.5685012224825,pobre,0,3,500.0,703.0,1.0,43.0,15,492,11291,5,1.0
97,1.0,1.0,4.4959998,1.0,5.0,9,46.5159370629044,103.5685012224825,pobre,0,3,500.0,703.0,1.0,43.0,11,492,11292,5,1.0
98,1.0,1.0,4.4959998,0.0,6.0,9,46.5159370629044,103.5685012224825,pobre,0,3,500.0,703.0,1.0,43.0,12,492,11292,5,1.0
97,1.0,1.0,4.4959998,1.0,2.0,9,46.5159370629044,103.5685012224825,pobre,0,3,500.0,703.0,1.0,43.0,7,492,11293,2,1.0
98,1.0,1.0,4.4959998,1.0,,9,46.5159370629044,103.5685012224825,pobre,0,3,500.0,703.0,1.0,43.0,8,492,11293,2,1.0
97,0.0,1.0,4.4959998,1.0,4.0,9,46.5159370629044,103.5685012224825,pobre,0,1,500.0,511.0,1.0,42.0,13,492,11294,4,1.0
98,0.0,1.0,4.4959998,1.0,5.0,9,46.5159370629044,103.5685012224825,pobre,0,1,500.0,511.0,1.0,42.0,14,492,11294,4,1.0
97,0.0,1.0,4.4959998,1.0,3.0,9,46.5159370629044,103.5685012224825,pobre,0,1,500.0,511.0,1.0,42.0,11,492,11295,3,1.0
98,0.0,1.0,4.4959998,1.0,4.0,9,46.5159370629044,103.5685012224825,pobre,0,1,500.0,511.0,1.0,42.0,12,492,11295,3,1.0
97,1.0,1.0,4.4959998,1.0,1.0,9,46.5159370629044,103.5685012224825,pobre,0,1,500.0,511.0,1.0,42.0,10,492,11296,1,1.0
98,1.0,1.0,4.4959998,1.0,2.0,9,46.5159370629044,103.5685012224825,pobre,0,1,500.0,511.0,1.0,42.0,11,492,11296,1,1.0
97,0.0,1.0,4.4959998,1.0,3.0,9,46.5159370629044,103.5685012224825,pobre,0,1,500.0,511.0,1.0,42.0,6,492,11297,3,1.0
98,0.0,1.0,4.4959998,1.0,3.0,9,46.5159370629044,103.5685012224825,pobre,0,1,500.0,511.0,1.0,42.0,7,492,11297,3,1.0
97,1.0,,4.4959998,1.0,0.0,4,46.5159370629044,103.5685012224825,pobre,0,3,625.0,697.0,1.0,36.0,6,492,11298,0,1.0
98,1.0,,4.4959998,1.0,1.0,4,46.5159370629044,103.5685012224825,pobre,0,3,625.0,697.0,1.0,36.0,7,492,11298,0,1.0
97,1.0,0.0,4.4959998,1.0,6.0,5,46.5159370629044,103.5685012224825,pobre,0,3,1200.0,837.0,1.0,34.0,13,492,11299,6,1.0
98,1.0,0.0,4.4959998,1.0,7.0,5,46.5159370629044,103.5685012224825,pobre,0,3,1200.0,837.0,1.0,34.0,14,492,11299,6,1.0
97,1.0,0.0,4.4959998,1.0,4.0,5,46.5159370629044,103.5685012224825,pobre,0,3,1200.0,837.0,1.0,34.0,10,492,11300,4,1.0
98,1.0,0.0,4.4959998,1.0,5.0,5,46.5159370629044,103.5685012224825,pobre,0,3,1200.0,837.0,1.0,34.0,11,492,11300,4,1.0
97,1.0,1.0,4.4959998,0.0,6.0,8,46.5159370629044,103.5685012224825,pobre,0,3,500.0,447.60999,1.0,38.0,14,492,11301,6,0.0
98,1.0,1.0,4.4959998,0.0,6.0,8,46.5159370629044,103.5685012224825,pobre,0,3,500.0,447.60999,1.0,38.0,15,492,11301,6,0.0
97,0.0,1.0,4.4959998,0.0,3.0,8,46.5159370629044,103.5685012224825,pobre,0,3,500.0,447.60999,1.0,38.0,11,492,11302,3,0.0
98,0.0,1.0,4.4959998,0.0,4.0,8,46.5159370629044,103.5685012224825,pobre,0,3,500.0,447.60999,1.0,38.0,12,492,11302,3,0.0
97,0.0,1.0,4.4959998,1.0,0.0,8,46.5159370629044,103.5685012224825,pobre,0,3,500.0,447.60999,1.0,38.0,6,492,11303,0,1.0
98,0.0,1.0,4.4959998,1.0,1.0,8,46.5159370629044,103.5685012224825,pobre,0,3,500.0,447.60999,1.0,38.0,7,492,11303,0,1.0
97,1.0,1.0,4.4959998,1.0,3.0,7,46.5159370629044,103.5685012224825,pobre,0,0,1200.0,574.0,1.0,32.0,10,492,11304,3,1.0
98,1.0,1.0,4.4959998,1.0,4.0,7,46.5159370629044,103.5685012224825,pobre,0,0,1200.0,574.0,1.0,32.0,11,492,11304,3,1.0
97,1.0,1.0,4.4959998,1.0,3.0,7,46.5159370629044,103.5685012224825,pobre,0,0,1200.0,574.0,1.0,32.0,7,492,11305,3,1.0
98,1.0,1.0,4.4959998,1.0,1.0,7,46.5159370629044,103.5685012224825,pobre,0,0,1200.0,574.0,1.0,32.0,8,492,11305,3,1.0
97,0.0,1.0,4.4959998,0.0,6.0,10,46.5159370629044,103.5685012224825,pobre,0,0,666.66669,550.0,1.0,45.0,15,492,11306,6,0.0
98,0.0,1.0,4.4959998,0.0,6.0,10,46.5159370629044,103.5685012224825,pobre,0,0,666.66669,550.0,1.0,45.0,16,492,11306,6,0.0
97,0.0,1.0,4.4959998,1.0,5.0,10,46.5159370629044,103.5685012224825,pobre,0,0,666.66669,550.0,1.0,45.0,13,492,11307,5,1.0
98,0.0,1.0,4.4959998,0.0,6.0,10,46.5159370629044,103.5685012224825,pobre,0,0,666.66669,550.0,1.0,45.0,14,492,11307,5,1.0
97,0.0,1.0,4.4959998,1.0,2.0,10,46.5159370629044,103.5685012224825,pobre,0,0,666.66669,550.0,1.0,45.0,9,492,11308,2,1.0
98,0.0,1.0,4.4959998,1.0,3.0,10,46.5159370629044,103.5685012224825,pobre,0,0,666.66669,550.0,1.0,45.0,10,492,11308,2,1.0
97,0.0,0.0,4.4959998,0.0,4.0,2,46.5159370629044,103.5685012224825,pobre,0,4,600.0,678.60999,1.0,18.0,15,492,11309,4,0.0
98,0.0,0.0,4.4959998,0.0,4.0,2,46.5159370629044,103.5685012224825,pobre,0,4,600.0,678.60999,1.0,18.0,16,492,11309,4,0.0
97,0.0,1.0,4.4959998,1.0,3.0,9,46.5159370629044,103.5685012224825,pobre,0,2,1600.0,875.0,1.0,46.0,6,492,11310,3,1.0
98,0.0,1.0,4.4959998,1.0,1.0,9,46.5159370629044,103.5685012224825,pobre,0,2,1600.0,875.0,1.0,46.0,7,492,11310,3,1.0
97,0.0,1.0,4.4959998,1.0,7.0,4,46.5159370629044,103.5685012224825,no pobre,0,1,800.0,773.0,1.0,56.0,15,492,11311,7,1.0
98,0.0,1.0,4.4959998,1.0,8.0,4,46.5159370629044,103.5685012224825,no pobre,0,1,800.0,773.0,1.0,56.0,16,492,11311,7,1.0
97,1.0,1.0,4.4959998,1.0,7.0,5,46.5159370629044,103.5685012224825,pobre,0,0,400.0,569.0,1.0,35.0,12,492,11312,7,1.0
98,1.0,1.0,4.4959998,1.0,8.0,5,46.5159370629044,103.5685012224825,pobre,0,0,400.0,569.0,1.0,35.0,13,492,11312,7,1.0
97,0.0,1.0,4.4959998,1.0,1.0,5,46.5159370629044,103.5685012224825,pobre,0,0,400.0,569.0,1.0,35.0,12,492,11313,1,1.0
98,0.0,1.0,4.4959998,0.0,3.0,5,46.5159370629044,103.5685012224825,pobre,0,0,400.0,569.0,1.0,35.0,13,492,11313,1,1.0
97,0.0,1.0,4.4959998,1.0,3.0,5,46.5159370629044,103.5685012224825,pobre,0,0,400.0,569.0,1.0,35.0,9,492,11314,3,1.0
98,0.0,1.0,4.4959998,1.0,4.0,5,46.5159370629044,103.5685012224825,pobre,0,0,400.0,569.0,1.0,35.0,10,492,11314,3,1.0
97,0.0,1.0,4.4959998,1.0,0.0,6,46.5159370629044,103.5685012224825,pobre,0,0,625.0,517.0,1.0,36.0,6,492,11315,0,1.0
98,0.0,1.0,4.4959998,1.0,0.0,6,46.5159370629044,103.5685012224825,pobre,0,0,625.0,517.0,1.0,36.0,7,492,11315,0,1.0
97,0.0,1.0,4.4959998,1.0,3.0,5,46.5159370629044,103.5685012224825,pobre,0,2,583.33331,569.82001,1.0,70.0,13,492,11316,3,1.0
98,0.0,1.0,4.4959998,1.0,4.0,5,46.5159370629044,103.5685012224825,pobre,0,2,583.33331,569.82001,1.0,70.0,14,492,11316,3,1.0
97,0.0,1.0,4.4959998,1.0,3.0,5,46.5159370629044,103.5685012224825,pobre,0,2,583.33331,569.82001,1.0,70.0,13,492,11317,3,1.0
98,0.0,1.0,4.4959998,1.0,4.0,5,46.5159370629044,103.5685012224825,pobre,0,2,583.33331,569.82001,1.0,70.0,14,492,11317,3,1.0
97,0.0,1.0,4.4959998,1.0,1.0,5,46.5159370629044,103.5685012224825,pobre,0,2,583.33331,569.82001,1.0,70.0,8,492,11318,1,1.0
98,0.0,1.0,4.4959998,1.0,2.0,5,46.5159370629044,103.5685012224825,pobre,0,2,583.33331,569.82001,1.0,70.0,9,492,11318,1,1.0
97,0.0,1.0,4.4959998,1.0,5.0,5,46.5159370629044,103.5685012224825,pobre,0,1,833.33331,559.0,1.0,39.0,14,492,11319,5,1.0
98,0.0,1.0,4.4959998,0.0,6.0,5,46.5159370629044,103.5685012224825,pobre,0,1,833.33331,559.0,1.0,39.0,15,492,11319,5,1.0
97,0.0,1.0,4.4959998,,0.0,5,46.5159370629044,103.5685012224825,pobre,0,1,833.33331,559.0,1.0,39.0,13,492,11320,0,
98,0.0,1.0,4.4959998,,,5,46.5159370629044,103.5685012224825,pobre,0,1,833.33331,559.0,1.0,39.0,14,492,11320,0,
97,0.0,1.0,4.4959998,1.0,1.0,5,46.5159370629044,103.5685012224825,pobre,0,1,833.33331,559.0,1.0,39.0,10,492,11321,1,1.0
98,0.0,1.0,4.4959998,,,5,46.5159370629044,103.5685012224825,pobre,0,1,833.33331,559.0,1.0,39.0,11,492,11321,1,1.0
97,1.0,1.0,4.4959998,1.0,1.0,7,46.5159370629044,103.5685012224825,pobre,0,1,583.33331,610.0,1.0,35.0,10,492,11322,1,1.0
98,1.0,1.0,4.4959998,1.0,2.0,7,46.5159370629044,103.5685012224825,pobre,0,1,583.33331,610.0,1.0,35.0,11,492,11322,1,1.0
97,1.0,1.0,4.4959998,1.0,9.0,10,46.5159370629044,103.5685012224825,pobre,0,3,833.33331,798.0,1.0,51.0,16,492,11323,9,1.0
98,1.0,1.0,4.4959998,,,10,46.5159370629044,103.5685012224825,pobre,0,3,833.33331,798.0,1.0,51.0,17,492,11323,9,1.0
97,1.0,1.0,4.4959998,1.0,5.0,10,46.5159370629044,103.5685012224825,pobre,0,3,833.33331,798.0,1.0,51.0,12,492,11324,5,1.0
98,1.0,1.0,4.4959998,1.0,6.0,10,46.5159370629044,103.5685012224825,pobre,0,3,833.33331,798.0,1.0,51.0,13,492,11324,5,1.0
97,1.0,1.0,4.4959998,1.0,2.0,10,46.5159370629044,103.5685012224825,pobre,0,3,833.33331,798.0,1.0,51.0,10,492,11325,2,1.0
98,1.0,1.0,4.4959998,1.0,2.0,10,46.5159370629044,103.5685012224825,pobre,0,3,833.33331,798.0,1.0,51.0,11,492,11325,2,1.0
97,0.0,1.0,4.4959998,1.0,1.0,10,46.5159370629044,103.5685012224825,pobre,0,3,833.33331,798.0,1.0,51.0,7,492,11326,1,1.0
98,0.0,1.0,4.4959998,1.0,2.0,10,46.5159370629044,103.5685012224825,pobre,0,3,833.33331,798.0,1.0,51.0,8,492,11326,1,1.0
97,1.0,1.0,4.4959998,1.0,0.0,10,46.5159370629044,103.5685012224825,pobre,0,3,833.33331,798.0,1.0,51.0,6,492,11327,0,1.0
98,1.0,1.0,4.4959998,1.0,0.0,10,46.5159370629044,103.5685012224825,pobre,0,3,833.33331,798.0,1.0,51.0,7,492,11327,0,1.0
97,1.0,1.0,4.4959998,1.0,5.0,10,46.5159370629044,103.5685012224825,pobre,0,3,875.0,641.0,1.0,41.0,14,492,11328,5,1.0
98,1.0,1.0,4.4959998,1.0,9.0,10,46.5159370629044,103.5685012224825,pobre,0,3,875.0,641.0,1.0,41.0,15,492,11328,5,1.0
97,1.0,1.0,4.4959998,1.0,1.0,10,46.5159370629044,103.5685012224825,pobre,0,3,875.0,641.0,1.0,41.0,12,492,11329,1,1.0
98,1.0,1.0,4.4959998,1.0,7.0,10,46.5159370629044,103.5685012224825,pobre,0,3,875.0,641.0,1.0,41.0,13,492,11329,1,1.0
97,0.0,1.0,4.4959998,,0.0,10,46.5159370629044,103.5685012224825,pobre,0,3,875.0,641.0,1.0,41.0,10,492,11330,0,
98,0.0,1.0,4.4959998,1.0,1.0,10,46.5159370629044,103.5685012224825,pobre,0,3,875.0,641.0,1.0,41.0,11,492,11330,0,
97,0.0,1.0,4.4959998,,0.0,10,46.5159370629044,103.5685012224825,pobre,0,3,875.0,641.0,1.0,41.0,8,492,11331,0,
98,0.0,1.0,4.4959998,1.0,1.0,10,46.5159370629044,103.5685012224825,pobre,0,3,875.0,641.0,1.0,41.0,9,492,11331,0,
97,0.0,1.0,4.4959998,0.0,3.0,10,46.5159370629044,103.5685012224825,pobre,0,3,875.0,641.0,1.0,41.0,15,492,11332,3,0.0
98,0.0,1.0,4.4959998,,,10,46.5159370629044,103.5685012224825,pobre,0,3,875.0,641.0,1.0,41.0,16,492,11332,3,0.0
97,0.0,1.0,4.4959998,0.0,3.0,8,46.5159370629044,103.5685012224825,pobre,0,3,750.0,807.0,1.0,44.0,15,492,11333,3,0.0
98,0.0,1.0,4.4959998,0.0,3.0,8,46.5159370629044,103.5685012224825,pobre,0,3,750.0,807.0,1.0,44.0,16,492,11333,3,0.0
97,0.0,1.0,4.4959998,1.0,1.0,8,46.5159370629044,103.5685012224825,pobre,0,3,750.0,807.0,1.0,44.0,9,492,11334,1,1.0
98,0.0,1.0,4.4959998,1.0,2.0,8,46.5159370629044,103.5685012224825,pobre,0,3,750.0,807.0,1.0,44.0,10,492,11334,1,1.0
97,0.0,0.0,4.4959998,1.0,0.0,8,46.5159370629044,103.5685012224825,pobre,0,3,750.0,807.0,1.0,44.0,6,492,11335,0,1.0
98,0.0,0.0,4.4959998,1.0,0.0,8,46.5159370629044,103.5685012224825,pobre,0,3,750.0,807.0,1.0,44.0,7,492,11335,0,1.0
97,1.0,1.0,4.4959998,0.0,7.0,7,46.5159370629044,103.5685012224825,pobre,0,1,833.33331,684.5,1.0,58.0,16,492,11336,7,0.0
98,1.0,1.0,4.4959998,,,7,46.5159370629044,103.5685012224825,pobre,0,1,833.33331,684.5,1.0,58.0,17,492,11336,7,0.0
97,0.0,1.0,4.4959998,0.0,2.0,7,46.5159370629044,103.5685012224825,pobre,0,1,833.33331,684.5,1.0,58.0,15,492,11337,2,0.0
98,0.0,1.0,4.4959998,,,7,46.5159370629044,103.5685012224825,pobre,0,1,833.33331,684.5,1.0,58.0,16,492,11337,2,0.0
97,0.0,1.0,4.4959998,0.0,5.0,2,46.5159370629044,103.5685012224825,pobre,0,6,416.66666,795.0,1.0,20.0,16,492,11338,5,0.0
98,0.0,1.0,4.4959998,,,2,46.5159370629044,103.5685012224825,pobre,0,6,416.66666,795.0,1.0,20.0,17,492,11338,5,0.0
97,0.0,1.0,4.4959998,1.0,5.0,6,46.5159370629044,103.5685012224825,pobre,0,3,500.0,635.0,1.0,22.0,11,492,11339,5,1.0
98,0.0,1.0,4.4959998,1.0,6.0,6,46.5159370629044,103.5685012224825,pobre,0,3,500.0,635.0,1.0,22.0,12,492,11339,5,1.0
97,1.0,1.0,4.4959998,1.0,2.0,6,46.5159370629044,103.5685012224825,pobre,0,3,500.0,635.0,1.0,22.0,8,492,11340,2,1.0
98,1.0,1.0,4.4959998,1.0,3.0,6,46.5159370629044,103.5685012224825,pobre,0,3,500.0,635.0,1.0,22.0,9,492,11340,2,1.0
97,0.0,1.0,4.4959998,0.0,6.0,4,46.5159370629044,103.5685012224825,pobre,0,1,0.0,597.0,1.0,63.0,13,492,11341,6,0.0
98,0.0,1.0,4.4959998,0.0,6.0,4,46.5159370629044,103.5685012224825,pobre,0,1,0.0,597.0,1.0,63.0,14,492,11341,6,0.0
97,0.0,1.0,4.4959998,1.0,5.0,8,46.5159370629044,103.5685012224825,no pobre,0,2,666.66669,775.0,1.0,59.0,14,492,11342,5,1.0
98,0.0,1.0,4.4959998,0.0,6.0,8,46.5159370629044,103.5685012224825,no pobre,0,2,666.66669,775.0,1.0,59.0,15,492,11342,5,1.0
97,1.0,1.0,4.4959998,1.0,4.0,8,46.5159370629044,103.5685012224825,no pobre,0,2,666.66669,775.0,1.0,59.0,12,492,11343,4,1.0
98,1.0,1.0,4.4959998,1.0,5.0,8,46.5159370629044,103.5685012224825,no pobre,0,2,666.66669,775.0,1.0,59.0,13,492,11343,4,1.0
97,0.0,1.0,4.4959998,1.0,5.0,6,46.5159370629044,103.5685012224825,pobre,0,0,625.0,521.45001,1.0,43.0,15,492,11344,5,1.0
98,0.0,1.0,4.4959998,0.0,6.0,6,46.5159370629044,103.5685012224825,pobre,0,0,625.0,521.45001,1.0,43.0,16,492,11344,5,1.0
97,0.0,1.0,4.4959998,1.0,4.0,6,46.5159370629044,103.5685012224825,pobre,0,0,625.0,521.45001,1.0,43.0,12,492,11345,4,1.0
98,0.0,1.0,4.4959998,0.0,5.0,6,46.5159370629044,103.5685012224825,pobre,0,0,625.0,521.45001,1.0,43.0,13,492,11345,4,1.0
97,0.0,1.0,4.4959998,1.0,2.0,6,46.5159370629044,103.5685012224825,pobre,0,0,625.0,521.45001,1.0,43.0,9,492,11346,2,1.0
98,0.0,1.0,4.4959998,1.0,3.0,6,46.5159370629044,103.5685012224825,pobre,0,0,625.0,521.45001,1.0,43.0,10,492,11346,2,1.0
97,0.0,1.0,4.4959998,,0.0,6,46.5159370629044,103.5685012224825,pobre,0,0,625.0,521.45001,1.0,43.0,6,492,11347,0,
98,0.0,1.0,4.4959998,1.0,1.0,6,46.5159370629044,103.5685012224825,pobre,0,0,625.0,521.45001,1.0,43.0,7,492,11347,0,
97,1.0,1.0,4.4959998,1.0,6.0,9,46.5159370629044,103.5685012224825,no pobre,0,3,0.0,828.0,1.0,48.0,15,492,11348,6,1.0
98,1.0,1.0,4.4959998,1.0,7.0,9,46.5159370629044,103.5685012224825,no pobre,0,3,0.0,828.0,1.0,48.0,16,492,11348,6,1.0
97,0.0,1.0,4.4959998,1.0,5.0,9,46.5159370629044,103.5685012224825,no pobre,0,3,0.0,828.0,1.0,48.0,12,492,11349,5,1.0
98,0.0,1.0,4.4959998,0.0,6.0,9,46.5159370629044,103.5685012224825,no pobre,0,3,0.0,828.0,1.0,48.0,13,492,11349,5,1.0
97,1.0,1.0,4.4959998,1.0,3.0,9,46.5159370629044,103.5685012224825,no pobre,0,3,0.0,828.0,1.0,48.0,10,492,11350,3,1.0
98,1.0,1.0,4.4959998,1.0,4.0,9,46.5159370629044,103.5685012224825,no pobre,0,3,0.0,828.0,1.0,48.0,11,492,11350,3,1.0
97,1.0,1.0,4.4959998,1.0,0.0,6,46.5159370629044,103.5685012224825,pobre,0,9,400.0,684.0,1.0,26.0,6,492,11351,0,1.0
98,1.0,1.0,4.4959998,1.0,1.0,6,46.5159370629044,103.5685012224825,pobre,0,9,400.0,684.0,1.0,26.0,7,492,11351,0,1.0
97,1.0,1.0,4.4959998,1.0,4.0,8,46.5159370629044,103.5685012224825,pobre,0,0,500.0,447.0,1.0,42.0,15,492,11352,4,1.0
98,1.0,1.0,4.4959998,1.0,5.0,8,46.5159370629044,103.5685012224825,pobre,0,0,500.0,447.0,1.0,42.0,16,492,11352,4,1.0
97,0.0,1.0,4.4959998,1.0,5.0,8,46.5159370629044,103.5685012224825,pobre,0,0,500.0,447.0,1.0,42.0,11,492,11353,5,1.0
98,0.0,1.0,4.4959998,1.0,6.0,8,46.5159370629044,103.5685012224825,pobre,0,0,500.0,447.0,1.0,42.0,12,492,11353,5,1.0
97,1.0,1.0,4.4959998,1.0,4.0,8,46.5159370629044,103.5685012224825,pobre,0,0,500.0,447.0,1.0,42.0,10,492,11354,4,1.0
98,1.0,1.0,4.4959998,1.0,5.0,8,46.5159370629044,103.5685012224825,pobre,0,0,500.0,447.0,1.0,42.0,11,492,11354,4,1.0
97,0.0,1.0,4.4959998,1.0,1.0,8,46.5159370629044,103.5685012224825,pobre,0,0,500.0,447.0,1.0,42.0,8,492,11355,1,1.0
98,0.0,1.0,4.4959998,1.0,1.0,8,46.5159370629044,103.5685012224825,pobre,0,0,500.0,447.0,1.0,42.0,9,492,11355,1,1.0
97,1.0,1.0,4.4959998,0.0,2.0,10,46.5159370629044,103.5685012224825,pobre,0,3,800.0,611.0,1.0,48.0,16,492,11356,2,0.0
98,1.0,1.0,4.4959998,,,10,46.5159370629044,103.5685012224825,pobre,0,3,800.0,611.0,1.0,48.0,17,492,11356,2,0.0
97,1.0,1.0,4.4959998,1.0,7.0,10,46.5159370629044,103.5685012224825,pobre,0,3,800.0,611.0,1.0,48.0,12,492,11357,7,1.0
98,1.0,1.0,4.4959998,1.0,7.0,10,46.5159370629044,103.5685012224825,pobre,0,3,800.0,611.0,1.0,48.0,13,492,11357,7,1.0
97,1.0,1.0,4.4959998,1.0,7.0,10,46.5159370629044,103.5685012224825,pobre,0,3,800.0,611.0,1.0,48.0,11,492,11358,7,1.0
98,1.0,1.0,4.4959998,1.0,6.0,10,46.5159370629044,103.5685012224825,pobre,0,3,800.0,611.0,1.0,48.0,12,492,11358,7,1.0
97,0.0,1.0,4.4959998,1.0,2.0,10,46.5159370629044,103.5685012224825,pobre,0,3,800.0,611.0,1.0,48.0,10,492,11359,2,1.0
98,0.0,1.0,4.4959998,1.0,3.0,10,46.5159370629044,103.5685012224825,pobre,0,3,800.0,611.0,1.0,48.0,11,492,11359,2,1.0
97,1.0,1.0,4.4959998,1.0,0.0,10,46.5159370629044,103.5685012224825,pobre,0,3,800.0,611.0,1.0,48.0,6,492,11360,0,1.0
98,1.0,1.0,4.4959998,1.0,2.0,10,46.5159370629044,103.5685012224825,pobre,0,3,800.0,611.0,1.0,48.0,7,492,11360,0,1.0
97,0.0,1.0,4.4959998,1.0,0.0,7,46.5159370629044,103.5685012224825,pobre,0,3,0.0,676.0,1.0,54.0,6,492,11361,0,1.0
98,0.0,1.0,4.4959998,1.0,0.0,7,46.5159370629044,103.5685012224825,pobre,0,3,0.0,676.0,1.0,54.0,7,492,11361,0,1.0
97,1.0,1.0,4.4959998,0.0,6.0,5,46.5159370629044,103.5685012224825,pobre,0,0,625.0,591.0,1.0,37.0,15,492,11362,6,0.0
98,1.0,1.0,4.4959998,0.0,6.0,5,46.5159370629044,103.5685012224825,pobre,0,0,625.0,591.0,1.0,37.0,16,492,11362,6,0.0
97,0.0,1.0,4.4959998,1.0,5.0,5,46.5159370629044,103.5685012224825,pobre,0,0,625.0,591.0,1.0,37.0,12,492,11363,5,1.0
98,0.0,1.0,4.4959998,0.0,6.0,5,46.5159370629044,103.5685012224825,pobre,0,0,625.0,591.0,1.0,37.0,13,492,11363,5,1.0
97,0.0,1.0,4.4959998,1.0,2.0,5,46.5159370629044,103.5685012224825,pobre,0,0,625.0,591.0,1.0,37.0,9,492,11364,2,1.0
98,0.0,1.0,4.4959998,1.0,3.0,5,46.5159370629044,103.5685012224825,pobre,0,0,625.0,591.0,1.0,37.0,10,492,11364,2,1.0
97,0.0,1.0,4.4959998,0.0,5.0,7,46.5159370629044,103.5685012224825,pobre,0,0,480.0,485.0,1.0,35.0,14,492,11365,5,0.0
98,0.0,1.0,4.4959998,0.0,5.0,7,46.5159370629044,103.5685012224825,pobre,0,0,480.0,485.0,1.0,35.0,15,492,11365,5,0.0
97,0.0,1.0,4.4959998,0.0,3.0,7,46.5159370629044,103.5685012224825,pobre,0,0,480.0,485.0,1.0,35.0,13,492,11366,3,0.0
98,0.0,1.0,4.4959998,1.0,9.0,7,46.5159370629044,103.5685012224825,pobre,0,0,480.0,485.0,1.0,35.0,14,492,11366,3,0.0
97,1.0,1.0,4.4959998,1.0,2.0,7,46.5159370629044,103.5685012224825,pobre,0,0,480.0,485.0,1.0,35.0,9,492,11367,2,1.0
98,1.0,1.0,4.4959998,1.0,3.0,7,46.5159370629044,103.5685012224825,pobre,0,0,480.0,485.0,1.0,35.0,10,492,11367,2,1.0
97,0.0,0.0,4.4959998,1.0,5.0,8,46.5159370629044,103.5685012224825,no pobre,0,9,158.33333,827.0,1.0,60.0,13,492,11368,5,1.0
98,0.0,0.0,4.4959998,1.0,6.0,8,46.5159370629044,103.5685012224825,no pobre,0,9,158.33333,827.0,1.0,60.0,14,492,11368,5,1.0
97,1.0,0.0,4.4959998,1.0,2.0,8,46.5159370629044,103.5685012224825,no pobre,0,9,158.33333,827.0,1.0,60.0,10,492,11369,2,1.0
98,1.0,0.0,4.4959998,1.0,3.0,8,46.5159370629044,103.5685012224825,no pobre,0,9,158.33333,827.0,1.0,60.0,11,492,11369,2,1.0
97,1.0,1.0,4.4959998,0.0,6.0,7,46.5159370629044,103.5685012224825,pobre,0,3,0.0,595.0,1.0,45.0,14,492,11370,6,0.0
98,1.0,1.0,4.4959998,0.0,6.0,7,46.5159370629044,103.5685012224825,pobre,0,3,0.0,595.0,1.0,45.0,15,492,11370,6,0.0
97,1.0,1.0,4.4959998,1.0,4.0,7,46.5159370629044,103.5685012224825,pobre,0,3,0.0,595.0,1.0,45.0,11,492,11371,4,1.0
98,1.0,1.0,4.4959998,1.0,5.0,7,46.5159370629044,103.5685012224825,pobre,0,3,0.0,595.0,1.0,45.0,12,492,11371,4,1.0
97,1.0,1.0,4.4959998,1.0,3.0,7,46.5159370629044,103.5685012224825,pobre,0,3,0.0,595.0,1.0,45.0,9,492,11372,3,1.0
98,1.0,1.0,4.4959998,1.0,4.0,7,46.5159370629044,103.5685012224825,pobre,0,3,0.0,595.0,1.0,45.0,10,492,11372,3,1.0
97,0.0,1.0,4.4959998,1.0,1.0,7,46.5159370629044,103.5685012224825,pobre,0,3,0.0,595.0,1.0,45.0,7,492,11373,1,1.0
98,0.0,1.0,4.4959998,1.0,2.0,7,46.5159370629044,103.5685012224825,pobre,0,3,0.0,595.0,1.0,45.0,8,492,11373,1,1.0
97,0.0,1.0,4.4959998,0.0,7.0,5,46.5159370629044,103.5685012224825,pobre,0,4,500.0,698.0,1.0,43.0,16,492,11374,7,0.0
98,0.0,1.0,4.4959998,,,5,46.5159370629044,103.5685012224825,pobre,0,4,500.0,698.0,1.0,43.0,17,492,11374,7,0.0
97,1.0,1.0,4.4959998,1.0,4.0,5,46.5159370629044,103.5685012224825,pobre,0,4,500.0,698.0,1.0,43.0,14,492,11375,4,1.0
98,1.0,1.0,4.4959998,,,5,46.5159370629044,103.5685012224825,pobre,0,4,500.0,698.0,1.0,43.0,15,492,11375,4,1.0
97,1.0,1.0,4.4959998,1.0,5.0,5,46.5159370629044,103.5685012224825,pobre,0,4,500.0,698.0,1.0,43.0,11,492,11376,5,1.0
98,1.0,1.0,4.4959998,,,5,46.5159370629044,103.5685012224825,pobre,0,4,500.0,698.0,1.0,43.0,12,492,11376,5,1.0
97,1.0,1.0,4.4959998,1.0,2.0,5,46.5159370629044,103.5685012224825,pobre,0,4,500.0,698.0,1.0,43.0,9,492,11377,2,1.0
98,1.0,1.0,4.4959998,1.0,3.0,5,46.5159370629044,103.5685012224825,pobre,0,4,500.0,698.0,1.0,43.0,10,492,11377,2,1.0
97,1.0,1.0,4.4959998,1.0,4.0,7,46.5159370629044,103.5685012224825,pobre,0,0,0.0,606.0,1.0,41.0,14,492,11378,4,1.0
98,1.0,1.0,4.4959998,1.0,5.0,7,46.5159370629044,103.5685012224825,pobre,0,0,0.0,606.0,1.0,41.0,15,492,11378,4,1.0
97,0.0,1.0,4.4959998,1.0,5.0,7,46.5159370629044,103.5685012224825,pobre,0,0,0.0,606.0,1.0,41.0,10,492,11379,5,1.0
98,0.0,1.0,4.4959998,,,7,46.5159370629044,103.5685012224825,pobre,0,0,0.0,606.0,1.0,41.0,11,492,11379,5,1.0
97,1.0,1.0,4.4959998,1.0,1.0,7,46.5159370629044,103.5685012224825,pobre,0,0,0.0,606.0,1.0,41.0,9,492,11380,1,1.0
98,1.0,1.0,4.4959998,1.0,2.0,7,46.5159370629044,103.5685012224825,pobre,0,0,0.0,606.0,1.0,41.0,10,492,11380,1,1.0
97,0.0,1.0,4.4959998,1.0,5.0,7,46.5159370629044,103.5685012224825,pobre,0,2,83.333336,588.0,1.0,32.0,14,492,11381,5,1.0
98,0.0,1.0,4.4959998,0.0,6.0,7,46.5159370629044,103.5685012224825,pobre,0,2,83.333336,588.0,1.0,32.0,15,492,11381,5,1.0
97,0.0,1.0,4.4959998,1.0,5.0,7,46.5159370629044,103.5685012224825,pobre,0,2,83.333336,588.0,1.0,32.0,13,492,11382,5,1.0
98,0.0,1.0,4.4959998,0.0,6.0,7,46.5159370629044,103.5685012224825,pobre,0,2,83.333336,588.0,1.0,32.0,14,492,11382,5,1.0
97,0.0,1.0,4.4959998,1.0,4.0,7,46.5159370629044,103.5685012224825,pobre,0,2,83.333336,588.0,1.0,32.0,11,492,11383,4,1.0
98,0.0,1.0,4.4959998,1.0,5.0,7,46.5159370629044,103.5685012224825,pobre,0,2,83.333336,588.0,1.0,32.0,12,492,11383,4,1.0
97,0.0,1.0,4.4959998,1.0,5.0,5,46.5159370629044,103.5685012224825,pobre,0,6,750.0,742.0,1.0,24.0,11,492,11384,5,1.0
98,0.0,1.0,4.4959998,,,5,46.5159370629044,103.5685012224825,pobre,0,6,750.0,742.0,1.0,24.0,12,492,11384,5,1.0
97,1.0,1.0,4.4959998,0.0,4.0,6,46.5159370629044,103.5685012224825,pobre,0,0,500.0,629.0,1.0,39.0,16,492,11385,4,0.0
98,1.0,1.0,4.4959998,,,6,46.5159370629044,103.5685012224825,pobre,0,0,500.0,629.0,1.0,39.0,17,492,11385,4,0.0
97,1.0,1.0,4.4959998,1.0,4.0,6,46.5159370629044,103.5685012224825,pobre,0,0,500.0,629.0,1.0,39.0,13,492,11386,4,1.0
98,1.0,1.0,4.4959998,,,6,46.5159370629044,103.5685012224825,pobre,0,0,500.0,629.0,1.0,39.0,14,492,11386,4,1.0
97,0.0,1.0,4.4959998,1.0,0.0,6,46.5159370629044,103.5685012224825,pobre,0,0,500.0,629.0,1.0,39.0,7,492,11387,0,1.0
98,0.0,1.0,4.4959998,1.0,1.0,6,46.5159370629044,103.5685012224825,pobre,0,0,500.0,629.0,1.0,39.0,8,492,11387,0,1.0
97,0.0,1.0,4.4959998,1.0,5.0,5,46.5159370629044,103.5685012224825,pobre,0,0,400.0,558.0,0.0,32.0,12,492,11388,5,1.0
98,0.0,1.0,4.4959998,,,5,46.5159370629044,103.5685012224825,pobre,0,0,400.0,558.0,0.0,32.0,13,492,11388,5,1.0
97,1.0,1.0,4.4959998,1.0,1.0,5,46.5159370629044,103.5685012224825,pobre,0,0,400.0,558.0,0.0,32.0,8,492,11389,1,1.0
98,1.0,1.0,4.4959998,1.0,1.0,5,46.5159370629044,103.5685012224825,pobre,0,0,400.0,558.0,0.0,32.0,9,492,11389,1,1.0
97,1.0,1.0,4.4959998,1.0,3.0,5,46.5159370629044,103.5685012224825,pobre,0,3,750.0,692.0,1.0,35.0,10,492,11390,3,1.0
98,1.0,1.0,4.4959998,1.0,4.0,5,46.5159370629044,103.5685012224825,pobre,0,3,750.0,692.0,1.0,35.0,11,492,11390,3,1.0
97,1.0,1.0,4.4959998,1.0,1.0,5,46.5159370629044,103.5685012224825,pobre,0,3,750.0,692.0,1.0,35.0,7,492,11391,1,1.0
98,1.0,1.0,4.4959998,1.0,2.0,5,46.5159370629044,103.5685012224825,pobre,0,3,750.0,692.0,1.0,35.0,8,492,11391,1,1.0
97,1.0,1.0,4.4959998,1.0,2.0,10,46.5159370629044,103.5685012224825,pobre,0,0,0.0,656.45001,1.0,80.0,9,492,11392,2,1.0
98,1.0,1.0,4.4959998,1.0,3.0,10,46.5159370629044,103.5685012224825,pobre,0,0,0.0,656.45001,1.0,80.0,10,492,11392,2,1.0
97,1.0,1.0,4.4959998,1.0,2.0,10,46.5159370629044,103.5685012224825,pobre,0,0,0.0,656.45001,1.0,80.0,9,492,11393,2,1.0
98,1.0,1.0,4.4959998,,,10,46.5159370629044,103.5685012224825,pobre,0,0,0.0,656.45001,1.0,80.0,10,492,11393,2,1.0
97,0.0,1.0,4.4959998,1.0,0.0,10,46.5159370629044,103.5685012224825,pobre,0,0,0.0,656.45001,1.0,80.0,7,492,11394,0,1.0
98,0.0,1.0,4.4959998,1.0,1.0,10,46.5159370629044,103.5685012224825,pobre,0,0,0.0,656.45001,1.0,80.0,8,492,11394,0,1.0
97,0.0,0.0,3.3840001,1.0,2.0,4,38.04157073300445,84.03661330257876,pobre,0,6,666.66669,700.0,1.0,42.0,8,475,11395,2,1.0
98,0.0,0.0,3.3840001,1.0,3.0,4,38.04157073300445,84.03661330257876,pobre,0,6,666.66669,700.0,1.0,42.0,9,475,11395,2,1.0
97,1.0,0.0,3.3840001,1.0,2.0,3,38.04157073300445,84.03661330257876,pobre,0,0,0.0,690.0,0.0,74.0,10,475,11396,2,1.0
98,1.0,0.0,3.3840001,1.0,1.0,3,38.04157073300445,84.03661330257876,pobre,0,0,0.0,690.0,0.0,74.0,11,475,11396,2,1.0
97,0.0,0.0,3.3840001,1.0,8.0,10,38.04157073300445,84.03661330257876,pobre,0,0,840.0,680.0,1.0,40.0,14,475,11397,8,1.0
98,0.0,0.0,3.3840001,1.0,8.0,10,38.04157073300445,84.03661330257876,pobre,0,0,840.0,680.0,1.0,40.0,15,475,11397,8,1.0
97,1.0,0.0,3.3840001,1.0,7.0,10,38.04157073300445,84.03661330257876,pobre,0,0,840.0,680.0,1.0,40.0,12,475,11398,7,1.0
98,1.0,0.0,3.3840001,1.0,7.0,10,38.04157073300445,84.03661330257876,pobre,0,0,840.0,680.0,1.0,40.0,13,475,11398,7,1.0
97,0.0,0.0,3.3840001,1.0,1.0,10,38.04157073300445,84.03661330257876,pobre,0,0,840.0,680.0,1.0,40.0,6,475,11399,1,1.0
98,0.0,0.0,3.3840001,1.0,0.0,10,38.04157073300445,84.03661330257876,pobre,0,0,840.0,680.0,1.0,40.0,7,475,11399,1,1.0
97,1.0,0.0,3.3840001,1.0,3.0,6,38.04157073300445,84.03661330257876,pobre,0,9,200.0,713.0,1.0,32.0,8,475,11400,3,1.0
98,1.0,0.0,3.3840001,1.0,3.0,6,38.04157073300445,84.03661330257876,pobre,0,9,200.0,713.0,1.0,32.0,9,475,11400,3,1.0
97,1.0,0.0,3.3840001,1.0,3.0,6,38.04157073300445,84.03661330257876,pobre,0,9,200.0,713.0,1.0,32.0,7,475,11401,3,1.0
98,1.0,0.0,3.3840001,1.0,1.0,6,38.04157073300445,84.03661330257876,pobre,0,9,200.0,713.0,1.0,32.0,8,475,11401,3,1.0
97,1.0,0.0,3.3840001,1.0,9.0,7,38.04157073300445,84.03661330257876,pobre,0,6,0.0,698.0,0.0,37.0,16,475,11402,9,1.0
98,1.0,0.0,3.3840001,,,7,38.04157073300445,84.03661330257876,pobre,0,6,0.0,698.0,0.0,37.0,17,475,11402,9,1.0
97,1.0,0.0,3.3840001,1.0,7.0,7,38.04157073300445,84.03661330257876,pobre,0,6,0.0,698.0,0.0,37.0,13,475,11403,7,1.0
98,1.0,0.0,3.3840001,1.0,8.0,7,38.04157073300445,84.03661330257876,pobre,0,6,0.0,698.0,0.0,37.0,14,475,11403,7,1.0
97,0.0,0.0,3.3840001,1.0,7.0,7,38.04157073300445,84.03661330257876,pobre,0,6,0.0,698.0,0.0,37.0,12,475,11404,7,1.0
98,0.0,0.0,3.3840001,1.0,8.0,7,38.04157073300445,84.03661330257876,pobre,0,6,0.0,698.0,0.0,37.0,13,475,11404,7,1.0
97,0.0,0.0,3.3840001,1.0,4.0,7,38.04157073300445,84.03661330257876,pobre,0,6,0.0,698.0,0.0,37.0,10,475,11405,4,1.0
98,0.0,0.0,3.3840001,1.0,4.0,7,38.04157073300445,84.03661330257876,pobre,0,6,0.0,698.0,0.0,37.0,11,475,11405,4,1.0
97,1.0,0.0,3.3840001,1.0,1.0,7,38.04157073300445,84.03661330257876,pobre,0,6,0.0,698.0,0.0,37.0,7,475,11406,1,1.0
98,1.0,0.0,3.3840001,1.0,2.0,7,38.04157073300445,84.03661330257876,pobre,0,6,0.0,698.0,0.0,37.0,8,475,11406,1,1.0
97,1.0,0.0,3.3840001,,0.0,9,38.04157073300445,84.03661330257876,no pobre,0,1,750.0,955.0,1.0,50.0,16,475,11407,0,
98,1.0,0.0,3.3840001,,,9,38.04157073300445,84.03661330257876,no pobre,0,1,750.0,955.0,1.0,50.0,17,475,11407,0,
97,1.0,0.0,3.3840001,1.0,3.0,9,38.04157073300445,84.03661330257876,no pobre,0,1,750.0,955.0,1.0,50.0,8,475,11408,3,1.0
98,1.0,0.0,3.3840001,1.0,4.0,9,38.04157073300445,84.03661330257876,no pobre,0,1,750.0,955.0,1.0,50.0,9,475,11408,3,1.0
97,1.0,0.0,3.3840001,1.0,7.0,5,38.04157073300445,84.03661330257876,pobre,0,4,2800.0,854.0,1.0,37.0,13,475,11409,7,1.0
98,1.0,0.0,3.3840001,,,5,38.04157073300445,84.03661330257876,pobre,0,4,2800.0,854.0,1.0,37.0,14,475,11409,7,1.0
97,1.0,0.0,3.3840001,1.0,5.0,5,38.04157073300445,84.03661330257876,pobre,0,4,2800.0,854.0,1.0,37.0,11,475,11410,5,1.0
98,1.0,0.0,3.3840001,,,5,38.04157073300445,84.03661330257876,pobre,0,4,2800.0,854.0,1.0,37.0,12,475,11410,5,1.0
97,1.0,0.0,3.3840001,1.0,3.0,5,38.04157073300445,84.03661330257876,pobre,0,4,2800.0,854.0,1.0,37.0,9,475,11411,3,1.0
98,1.0,0.0,3.3840001,,,5,38.04157073300445,84.03661330257876,pobre,0,4,2800.0,854.0,1.0,37.0,10,475,11411,3,1.0
97,0.0,0.0,3.3840001,1.0,5.0,7,38.04157073300445,84.03661330257876,pobre,0,5,625.0,703.0,1.0,45.0,15,475,11412,5,1.0
98,0.0,0.0,3.3840001,1.0,6.0,7,38.04157073300445,84.03661330257876,pobre,0,5,625.0,703.0,1.0,45.0,16,475,11412,5,1.0
97,1.0,0.0,3.3840001,1.0,5.0,7,38.04157073300445,84.03661330257876,pobre,0,5,625.0,703.0,1.0,45.0,11,475,11413,5,1.0
98,1.0,0.0,3.3840001,1.0,6.0,7,38.04157073300445,84.03661330257876,pobre,0,5,625.0,703.0,1.0,45.0,12,475,11413,5,1.0
97,0.0,0.0,3.3840001,1.0,1.0,7,38.04157073300445,84.03661330257876,pobre,0,5,625.0,703.0,1.0,45.0,8,475,11414,1,1.0
98,0.0,0.0,3.3840001,1.0,1.0,7,38.04157073300445,84.03661330257876,pobre,0,5,625.0,703.0,1.0,45.0,9,475,11414,1,1.0
97,0.0,0.0,3.3840001,1.0,2.0,7,38.04157073300445,84.03661330257876,pobre,0,5,625.0,703.0,1.0,45.0,8,475,11415,2,1.0
98,0.0,0.0,3.3840001,1.0,3.0,7,38.04157073300445,84.03661330257876,pobre,0,5,625.0,703.0,1.0,45.0,9,475,11415,2,1.0
97,0.0,0.0,3.3840001,1.0,4.0,5,38.04157073300445,84.03661330257876,no pobre,0,2,0.0,853.0,1.0,41.0,10,475,11416,4,1.0
98,0.0,0.0,3.3840001,1.0,5.0,5,38.04157073300445,84.03661330257876,no pobre,0,2,0.0,853.0,1.0,41.0,11,475,11416,4,1.0
97,0.0,0.0,3.3840001,1.0,0.0,5,38.04157073300445,84.03661330257876,no pobre,0,2,0.0,853.0,1.0,41.0,6,475,11417,0,1.0
98,0.0,0.0,3.3840001,1.0,1.0,5,38.04157073300445,84.03661330257876,no pobre,0,2,0.0,853.0,1.0,41.0,7,475,11417,0,1.0
97,0.0,0.0,3.3840001,1.0,1.0,6,38.04157073300445,84.03661330257876,no pobre,0,3,0.0,814.0,1.0,62.0,6,475,11418,1,1.0
98,0.0,0.0,3.3840001,1.0,1.0,6,38.04157073300445,84.03661330257876,no pobre,0,3,0.0,814.0,1.0,62.0,7,475,11418,1,1.0
97,0.0,0.0,3.3840001,1.0,8.0,7,38.04157073300445,84.03661330257876,pobre,0,1,625.0,636.0,1.0,50.0,14,475,11419,8,1.0
98,0.0,0.0,3.3840001,,,7,38.04157073300445,84.03661330257876,pobre,0,1,625.0,636.0,1.0,50.0,15,475,11419,8,1.0
97,0.0,0.0,3.3840001,1.0,4.0,7,38.04157073300445,84.03661330257876,pobre,0,1,625.0,636.0,1.0,50.0,10,475,11420,4,1.0
98,0.0,0.0,3.3840001,1.0,5.0,7,38.04157073300445,84.03661330257876,pobre,0,1,625.0,636.0,1.0,50.0,11,475,11420,4,1.0
97,0.0,0.0,3.3840001,1.0,0.0,7,38.04157073300445,84.03661330257876,pobre,0,1,625.0,636.0,1.0,50.0,6,475,11421,0,1.0
98,0.0,0.0,3.3840001,1.0,1.0,7,38.04157073300445,84.03661330257876,pobre,0,1,625.0,636.0,1.0,50.0,7,475,11421,0,1.0
97,1.0,0.0,3.3840001,1.0,8.0,3,38.04157073300445,84.03661330257876,no pobre,0,6,0.0,961.0,0.0,37.0,14,475,11422,8,1.0
98,1.0,0.0,3.3840001,1.0,9.0,3,38.04157073300445,84.03661330257876,no pobre,0,6,0.0,961.0,0.0,37.0,15,475,11422,8,1.0
97,1.0,0.0,3.3840001,1.0,8.0,3,38.04157073300445,84.03661330257876,pobre,0,0,0.0,741.0,1.0,56.0,16,475,11423,8,1.0
98,1.0,0.0,3.3840001,,,3,38.04157073300445,84.03661330257876,pobre,0,0,0.0,741.0,1.0,56.0,17,475,11423,8,1.0
97,1.0,0.0,3.3840001,1.0,9.0,3,38.04157073300445,84.03661330257876,no pobre,0,6,625.0,833.0,1.0,41.0,15,475,11424,9,1.0
98,1.0,0.0,3.3840001,1.0,11.0,3,38.04157073300445,84.03661330257876,no pobre,0,6,625.0,833.0,1.0,41.0,16,475,11424,9,1.0
97,1.0,0.0,3.3840001,1.0,8.0,8,38.04157073300445,84.03661330257876,pobre,0,9,625.0,705.0,1.0,37.0,15,475,11425,8,1.0
98,1.0,0.0,3.3840001,1.0,8.0,8,38.04157073300445,84.03661330257876,pobre,0,9,625.0,705.0,1.0,37.0,16,475,11425,8,1.0
97,1.0,0.0,3.3840001,0.0,6.0,8,38.04157073300445,84.03661330257876,pobre,0,9,625.0,705.0,1.0,37.0,12,475,11426,6,0.0
98,1.0,0.0,3.3840001,0.0,6.0,8,38.04157073300445,84.03661330257876,pobre,0,9,625.0,705.0,1.0,37.0,13,475,11426,6,0.0
97,1.0,0.0,3.3840001,1.0,0.0,8,38.04157073300445,84.03661330257876,pobre,0,9,625.0,705.0,1.0,37.0,7,475,11427,0,1.0
98,1.0,0.0,3.3840001,1.0,0.0,8,38.04157073300445,84.03661330257876,pobre,0,9,625.0,705.0,1.0,37.0,8,475,11427,0,1.0
97,1.0,0.0,3.3840001,0.0,3.0,10,38.04157073300445,84.03661330257876,pobre,0,0,625.0,735.0,1.0,68.0,16,475,11428,3,0.0
98,1.0,0.0,3.3840001,,,10,38.04157073300445,84.03661330257876,pobre,0,0,625.0,735.0,1.0,68.0,17,475,11428,3,0.0
97,1.0,0.0,3.3840001,1.0,5.0,10,38.04157073300445,84.03661330257876,pobre,0,0,625.0,735.0,1.0,68.0,12,475,11429,5,1.0
98,1.0,0.0,3.3840001,,,10,38.04157073300445,84.03661330257876,pobre,0,0,625.0,735.0,1.0,68.0,13,475,11429,5,1.0
97,0.0,0.0,3.3840001,1.0,1.0,10,38.04157073300445,84.03661330257876,pobre,0,0,625.0,735.0,1.0,68.0,10,475,11430,1,1.0
98,0.0,0.0,3.3840001,0.0,3.0,10,38.04157073300445,84.03661330257876,pobre,0,0,625.0,735.0,1.0,68.0,11,475,11430,1,1.0
97,1.0,0.0,3.3840001,,0.0,10,38.04157073300445,84.03661330257876,pobre,0,0,625.0,735.0,1.0,68.0,9,475,11431,0,
98,1.0,0.0,3.3840001,,,10,38.04157073300445,84.03661330257876,pobre,0,0,625.0,735.0,1.0,68.0,10,475,11431,0,
97,1.0,0.0,3.3840001,1.0,0.0,10,38.04157073300445,84.03661330257876,pobre,0,0,625.0,735.0,1.0,68.0,6,475,11432,0,1.0
98,1.0,0.0,3.3840001,0.0,0.0,10,38.04157073300445,84.03661330257876,pobre,0,0,625.0,735.0,1.0,68.0,7,475,11432,0,1.0
97,1.0,0.0,3.3840001,1.0,2.0,10,38.04157073300445,84.03661330257876,pobre,0,0,625.0,735.0,1.0,68.0,13,475,11433,2,1.0
98,1.0,0.0,3.3840001,,,10,38.04157073300445,84.03661330257876,pobre,0,0,625.0,735.0,1.0,68.0,14,475,11433,2,1.0
97,0.0,0.0,3.3840001,1.0,0.0,7,38.04157073300445,84.03661330257876,no pobre,0,0,0.0,1029.5,0.0,52.0,6,475,11434,0,1.0
98,0.0,0.0,3.3840001,,,7,38.04157073300445,84.03661330257876,no pobre,0,0,0.0,1029.5,0.0,52.0,7,475,11434,0,1.0
97,0.0,0.0,3.3840001,1.0,6.0,6,38.04157073300445,84.03661330257876,no pobre,0,0,0.0,818.0,1.0,43.0,13,475,11435,6,1.0
98,0.0,0.0,3.3840001,1.0,6.0,6,38.04157073300445,84.03661330257876,no pobre,0,0,0.0,818.0,1.0,43.0,14,475,11435,6,1.0
97,1.0,0.0,3.3840001,1.0,2.0,6,38.04157073300445,84.03661330257876,no pobre,0,0,0.0,818.0,1.0,43.0,9,475,11436,2,1.0
98,1.0,0.0,3.3840001,,,6,38.04157073300445,84.03661330257876,no pobre,0,0,0.0,818.0,1.0,43.0,10,475,11436,2,1.0
97,0.0,0.0,3.3840001,0.0,8.0,8,38.04157073300445,84.03661330257876,no pobre,0,3,625.0,959.0,1.0,46.0,16,475,11437,8,0.0
98,0.0,0.0,3.3840001,,,8,38.04157073300445,84.03661330257876,no pobre,0,3,625.0,959.0,1.0,46.0,17,475,11437,8,0.0
97,1.0,0.0,3.3840001,1.0,7.0,8,38.04157073300445,84.03661330257876,no pobre,0,3,625.0,959.0,1.0,46.0,14,475,11438,7,1.0
98,1.0,0.0,3.3840001,0.0,8.0,8,38.04157073300445,84.03661330257876,no pobre,0,3,625.0,959.0,1.0,46.0,15,475,11438,7,1.0
97,1.0,0.0,3.3840001,1.0,3.0,4,38.04157073300445,84.03661330257876,no pobre,0,9,625.0,910.0,1.0,32.0,9,475,11439,3,1.0
98,1.0,0.0,3.3840001,1.0,4.0,4,38.04157073300445,84.03661330257876,no pobre,0,9,625.0,910.0,1.0,32.0,10,475,11439,3,1.0
97,0.0,0.0,3.3840001,1.0,1.0,4,38.04157073300445,84.03661330257876,no pobre,0,9,625.0,910.0,1.0,32.0,7,475,11440,1,1.0
98,0.0,0.0,3.3840001,1.0,1.0,4,38.04157073300445,84.03661330257876,no pobre,0,9,625.0,910.0,1.0,32.0,8,475,11440,1,1.0
97,0.0,0.0,3.3840001,1.0,0.0,4,38.04157073300445,84.03661330257876,pobre,0,5,625.0,735.0,1.0,28.0,6,475,11441,0,1.0
98,0.0,0.0,3.3840001,1.0,1.0,4,38.04157073300445,84.03661330257876,pobre,0,5,625.0,735.0,1.0,28.0,7,475,11441,0,1.0
97,0.0,0.0,3.3840001,1.0,8.0,6,38.04157073300445,84.03661330257876,no pobre,0,3,0.0,1131.0,0.0,56.0,15,475,11442,8,1.0
98,0.0,0.0,3.3840001,1.0,3.0,6,38.04157073300445,84.03661330257876,no pobre,0,3,0.0,1131.0,0.0,56.0,16,475,11442,8,1.0
97,1.0,0.0,3.3840001,1.0,8.0,6,38.04157073300445,84.03661330257876,no pobre,0,3,0.0,1131.0,0.0,56.0,13,475,11443,8,1.0
98,1.0,0.0,3.3840001,1.0,1.0,6,38.04157073300445,84.03661330257876,no pobre,0,3,0.0,1131.0,0.0,56.0,14,475,11443,8,1.0
97,0.0,0.0,3.3840001,1.0,0.0,6,38.04157073300445,84.03661330257876,no pobre,0,3,0.0,1131.0,0.0,56.0,6,475,11444,0,1.0
98,0.0,0.0,3.3840001,,,6,38.04157073300445,84.03661330257876,no pobre,0,3,0.0,1131.0,0.0,56.0,7,475,11444,0,1.0
97,1.0,0.0,3.3840001,1.0,3.0,8,38.04157073300445,84.03661330257876,pobre,0,6,750.0,685.0,1.0,33.0,12,475,11445,3,1.0
98,1.0,0.0,3.3840001,1.0,3.0,8,38.04157073300445,84.03661330257876,pobre,0,6,750.0,685.0,1.0,33.0,13,475,11445,3,1.0
97,0.0,0.0,3.3840001,1.0,4.0,8,38.04157073300445,84.03661330257876,pobre,0,6,750.0,685.0,1.0,33.0,10,475,11446,4,1.0
98,0.0,0.0,3.3840001,1.0,5.0,8,38.04157073300445,84.03661330257876,pobre,0,6,750.0,685.0,1.0,33.0,11,475,11446,4,1.0
97,1.0,0.0,3.3840001,1.0,4.0,6,38.04157073300445,84.03661330257876,no pobre,0,2,666.66669,919.0,1.0,55.0,11,475,11447,4,1.0
98,1.0,0.0,3.3840001,1.0,5.0,6,38.04157073300445,84.03661330257876,no pobre,0,2,666.66669,919.0,1.0,55.0,12,475,11447,4,1.0
97,1.0,0.0,3.3840001,1.0,0.0,6,38.04157073300445,84.03661330257876,no pobre,0,2,666.66669,919.0,1.0,55.0,6,475,11448,0,1.0
98,1.0,0.0,3.3840001,1.0,0.0,6,38.04157073300445,84.03661330257876,no pobre,0,2,666.66669,919.0,1.0,55.0,7,475,11448,0,1.0
97,1.0,0.0,3.3840001,1.0,8.0,5,38.04157073300445,84.03661330257876,no pobre,0,1,1250.0,784.0,1.0,53.0,16,475,11449,8,1.0
98,1.0,0.0,3.3840001,,,5,38.04157073300445,84.03661330257876,no pobre,0,1,1250.0,784.0,1.0,53.0,17,475,11449,8,1.0
97,0.0,0.0,3.3840001,1.0,7.0,6,38.04157073300445,84.03661330257876,pobre,0,6,600.0,726.0,1.0,31.0,12,475,11450,7,1.0
98,0.0,0.0,3.3840001,1.0,7.0,6,38.04157073300445,84.03661330257876,pobre,0,6,600.0,726.0,1.0,31.0,13,475,11450,7,1.0
97,1.0,0.0,3.3840001,1.0,5.0,6,38.04157073300445,84.03661330257876,pobre,0,6,600.0,726.0,1.0,31.0,11,475,11451,5,1.0
98,1.0,0.0,3.3840001,1.0,5.0,6,38.04157073300445,84.03661330257876,pobre,0,6,600.0,726.0,1.0,31.0,12,475,11451,5,1.0
97,1.0,0.0,3.3840001,1.0,1.0,6,38.04157073300445,84.03661330257876,pobre,0,6,600.0,726.0,1.0,31.0,8,475,11452,1,1.0
98,1.0,0.0,3.3840001,1.0,1.0,6,38.04157073300445,84.03661330257876,pobre,0,6,600.0,726.0,1.0,31.0,9,475,11452,1,1.0
97,1.0,0.0,3.3840001,1.0,1.0,6,38.04157073300445,84.03661330257876,pobre,0,6,600.0,726.0,1.0,31.0,7,475,11453,1,1.0
98,1.0,0.0,3.3840001,1.0,1.0,6,38.04157073300445,84.03661330257876,pobre,0,6,600.0,726.0,1.0,31.0,8,475,11453,1,1.0
97,0.0,0.0,3.3840001,1.0,3.0,5,38.04157073300445,84.03661330257876,pobre,0,0,750.0,695.0,1.0,63.0,8,475,11454,3,1.0
98,0.0,0.0,3.3840001,1.0,3.0,5,38.04157073300445,84.03661330257876,pobre,0,0,750.0,695.0,1.0,63.0,9,475,11454,3,1.0
97,0.0,0.0,3.3840001,1.0,1.0,5,38.04157073300445,84.03661330257876,pobre,0,0,750.0,695.0,1.0,63.0,7,475,11455,1,1.0
98,0.0,0.0,3.3840001,,,5,38.04157073300445,84.03661330257876,pobre,0,0,750.0,695.0,1.0,63.0,8,475,11455,1,1.0
97,1.0,1.0,4.4959998,1.0,6.0,5,46.5159370629044,103.5685012224825,no pobre,0,0,1200.0,795.0,1.0,47.0,15,492,11456,6,1.0
98,1.0,1.0,4.4959998,1.0,7.0,5,46.5159370629044,103.5685012224825,no pobre,0,0,1200.0,795.0,1.0,47.0,16,492,11456,6,1.0
97,1.0,1.0,4.4959998,1.0,1.0,4,46.5159370629044,103.5685012224825,pobre,0,3,500.0,686.0,1.0,30.0,7,492,11457,1,1.0
98,1.0,1.0,4.4959998,1.0,2.0,4,46.5159370629044,103.5685012224825,pobre,0,3,500.0,686.0,1.0,30.0,8,492,11457,1,1.0
97,0.0,1.0,4.4959998,1.0,5.0,8,46.5159370629044,103.5685012224825,pobre,0,4,416.66666,586.0,1.0,34.0,13,492,11458,5,1.0
98,0.0,1.0,4.4959998,,,8,46.5159370629044,103.5685012224825,pobre,0,4,416.66666,586.0,1.0,34.0,14,492,11458,5,1.0
97,1.0,1.0,4.4959998,1.0,2.0,8,46.5159370629044,103.5685012224825,pobre,0,4,416.66666,586.0,1.0,34.0,11,492,11459,2,1.0
98,1.0,1.0,4.4959998,1.0,3.0,8,46.5159370629044,103.5685012224825,pobre,0,4,416.66666,586.0,1.0,34.0,12,492,11459,2,1.0
97,1.0,1.0,4.4959998,1.0,2.0,8,46.5159370629044,103.5685012224825,pobre,0,4,416.66666,586.0,1.0,34.0,10,492,11460,2,1.0
98,1.0,1.0,4.4959998,1.0,3.0,8,46.5159370629044,103.5685012224825,pobre,0,4,416.66666,586.0,1.0,34.0,11,492,11460,2,1.0
97,0.0,1.0,4.4959998,1.0,1.0,8,46.5159370629044,103.5685012224825,pobre,0,4,416.66666,586.0,1.0,34.0,7,492,11461,1,1.0
98,0.0,1.0,4.4959998,1.0,2.0,8,46.5159370629044,103.5685012224825,pobre,0,4,416.66666,586.0,1.0,34.0,8,492,11461,1,1.0
97,0.0,1.0,4.4959998,1.0,0.0,8,46.5159370629044,103.5685012224825,pobre,0,4,416.66666,586.0,1.0,34.0,6,492,11462,0,1.0
98,0.0,1.0,4.4959998,1.0,1.0,8,46.5159370629044,103.5685012224825,pobre,0,4,416.66666,586.0,1.0,34.0,7,492,11462,0,1.0
97,1.0,1.0,4.4959998,1.0,1.0,4,46.5159370629044,103.5685012224825,pobre,0,3,750.0,590.45001,1.0,45.0,8,492,11463,1,1.0
98,1.0,1.0,4.4959998,1.0,2.0,4,46.5159370629044,103.5685012224825,pobre,0,3,750.0,590.45001,1.0,45.0,9,492,11463,1,1.0
97,1.0,0.0,4.3369999,0.0,5.0,6,131.4107324574973,131.4107324574973,pobre,basal,2,0.0,854.33002,1.0,44.0,16,69,11464,5,0.0
98,1.0,0.0,4.3369999,0.0,5.0,6,131.4107324574973,131.4107324574973,pobre,basal,2,0.0,854.33002,1.0,44.0,17,69,11464,5,0.0
97,0.0,0.0,4.3369999,1.0,5.0,6,131.4107324574973,131.4107324574973,pobre,basal,2,0.0,854.33002,1.0,44.0,14,69,11465,5,1.0
98,0.0,0.0,4.3369999,1.0,5.0,6,131.4107324574973,131.4107324574973,pobre,basal,2,0.0,854.33002,1.0,44.0,15,69,11465,5,1.0
97,1.0,0.0,4.3369999,1.0,2.0,6,131.4107324574973,131.4107324574973,pobre,basal,2,0.0,854.33002,1.0,44.0,7,69,11466,2,1.0
98,1.0,0.0,4.3369999,1.0,3.0,6,131.4107324574973,131.4107324574973,pobre,basal,2,0.0,854.33002,1.0,44.0,8,69,11466,2,1.0
97,1.0,0.0,4.3369999,1.0,1.0,3,131.4107324574973,131.4107324574973,pobre,basal,6,500.0,624.0,1.0,30.0,6,69,11467,1,1.0
98,1.0,0.0,4.3369999,1.0,1.0,3,131.4107324574973,131.4107324574973,pobre,basal,6,500.0,624.0,1.0,30.0,7,69,11467,1,1.0
97,1.0,0.0,4.3369999,1.0,1.0,5,131.4107324574973,131.4107324574973,pobre,basal,6,600.0,750.0,1.0,30.0,7,69,11468,1,1.0
98,1.0,0.0,4.3369999,,,5,131.4107324574973,131.4107324574973,pobre,basal,6,600.0,750.0,1.0,30.0,8,69,11468,1,1.0
97,0.0,0.0,4.3369999,1.0,0.0,5,131.4107324574973,131.4107324574973,pobre,basal,6,600.0,750.0,1.0,30.0,6,69,11469,0,1.0
98,0.0,0.0,4.3369999,,,5,131.4107324574973,131.4107324574973,pobre,basal,6,600.0,750.0,1.0,30.0,7,69,11469,0,1.0
97,0.0,0.0,4.3369999,1.0,8.0,5,131.4107324574973,131.4107324574973,pobre,basal,4,125.0,759.0,1.0,63.0,15,69,11470,8,1.0
98,0.0,0.0,4.3369999,1.0,9.0,5,131.4107324574973,131.4107324574973,pobre,basal,4,125.0,759.0,1.0,63.0,16,69,11470,8,1.0
97,1.0,0.0,4.3369999,1.0,6.0,5,131.4107324574973,131.4107324574973,pobre,basal,4,125.0,759.0,1.0,63.0,13,69,11471,6,1.0
98,1.0,0.0,4.3369999,1.0,7.0,5,131.4107324574973,131.4107324574973,pobre,basal,4,125.0,759.0,1.0,63.0,14,69,11471,6,1.0
97,0.0,0.0,4.3369999,1.0,7.0,3,131.4107324574973,131.4107324574973,pobre,basal,4,583.33331,934.0,1.0,54.0,15,69,11472,7,1.0
98,0.0,0.0,4.3369999,1.0,8.0,3,131.4107324574973,131.4107324574973,pobre,basal,4,583.33331,934.0,1.0,54.0,16,69,11472,7,1.0
97,1.0,0.0,0.0,1.0,8.0,7,163.2533418526787,163.2533418526787,pobre,basal,0,541.66669,499.0,1.0,49.0,15,109,11473,8,1.0
98,1.0,0.0,0.0,0.0,9.0,7,163.2533418526787,163.2533418526787,pobre,basal,0,541.66669,499.0,1.0,49.0,16,109,11473,8,1.0
97,0.0,0.0,0.0,1.0,4.0,7,163.2533418526787,163.2533418526787,pobre,basal,0,541.66669,499.0,1.0,49.0,10,109,11474,4,1.0
98,0.0,0.0,0.0,1.0,4.0,7,163.2533418526787,163.2533418526787,pobre,basal,0,541.66669,499.0,1.0,49.0,11,109,11474,4,1.0
97,0.0,0.0,0.0,1.0,1.0,7,163.2533418526787,163.2533418526787,pobre,basal,0,541.66669,499.0,1.0,49.0,8,109,11475,1,1.0
98,0.0,0.0,0.0,1.0,1.0,7,163.2533418526787,163.2533418526787,pobre,basal,0,541.66669,499.0,1.0,49.0,9,109,11475,1,1.0
97,0.0,0.0,0.0,1.0,2.0,6,163.2533418526787,163.2533418526787,pobre,basal,3,183.33333,486.0,1.0,27.0,8,109,11476,2,1.0
98,0.0,0.0,0.0,1.0,3.0,6,163.2533418526787,163.2533418526787,pobre,basal,3,183.33333,486.0,1.0,27.0,9,109,11476,2,1.0
97,0.0,1.0,0.0,0.0,3.0,8,163.2533418526787,163.2533418526787,pobre,basal,0,2400.0,608.0,1.0,41.0,14,109,11477,3,0.0
98,0.0,1.0,0.0,0.0,3.0,8,163.2533418526787,163.2533418526787,pobre,basal,0,2400.0,608.0,1.0,41.0,15,109,11477,3,0.0
97,0.0,1.0,0.0,0.0,5.0,8,163.2533418526787,163.2533418526787,pobre,basal,0,2400.0,608.0,1.0,41.0,11,109,11478,5,0.0
98,0.0,1.0,0.0,0.0,5.0,8,163.2533418526787,163.2533418526787,pobre,basal,0,2400.0,608.0,1.0,41.0,12,109,11478,5,0.0
97,1.0,1.0,0.0,0.0,2.0,8,163.2533418526787,163.2533418526787,pobre,basal,0,2400.0,608.0,1.0,41.0,9,109,11479,2,0.0
98,1.0,1.0,0.0,0.0,2.0,8,163.2533418526787,163.2533418526787,pobre,basal,0,2400.0,608.0,1.0,41.0,10,109,11479,2,0.0
97,0.0,0.0,0.0,0.0,8.0,7,163.2533418526787,163.2533418526787,pobre,basal,0,875.0,525.0,1.0,35.0,16,109,11480,8,0.0
98,0.0,0.0,0.0,1.0,8.0,7,163.2533418526787,163.2533418526787,pobre,basal,0,875.0,525.0,1.0,35.0,17,109,11480,8,0.0
97,1.0,0.0,0.0,1.0,7.0,7,163.2533418526787,163.2533418526787,pobre,basal,0,875.0,525.0,1.0,35.0,13,109,11481,7,1.0
98,1.0,0.0,0.0,1.0,8.0,7,163.2533418526787,163.2533418526787,pobre,basal,0,875.0,525.0,1.0,35.0,14,109,11481,7,1.0
97,0.0,0.0,0.0,1.0,4.0,7,163.2533418526787,163.2533418526787,pobre,basal,0,875.0,525.0,1.0,35.0,10,109,11482,4,1.0
98,0.0,0.0,0.0,1.0,5.0,7,163.2533418526787,163.2533418526787,pobre,basal,0,875.0,525.0,1.0,35.0,11,109,11482,4,1.0
97,1.0,0.0,0.0,1.0,0.0,7,163.2533418526787,163.2533418526787,pobre,basal,0,875.0,525.0,1.0,35.0,6,109,11483,0,1.0
98,1.0,0.0,0.0,1.0,1.0,7,163.2533418526787,163.2533418526787,pobre,basal,0,875.0,525.0,1.0,35.0,7,109,11483,0,1.0
97,1.0,1.0,0.0,0.0,6.0,2,163.2533418526787,163.2533418526787,pobre,basal,0,0.0,591.0,0.0,60.0,15,109,11484,6,0.0
98,1.0,1.0,0.0,,,2,163.2533418526787,163.2533418526787,pobre,basal,0,0.0,591.0,0.0,60.0,16,109,11484,6,0.0
97,1.0,0.0,0.0,1.0,8.0,7,163.2533418526787,163.2533418526787,pobre,basal,3,1000.0,520.0,1.0,39.0,16,109,11485,8,1.0
98,1.0,0.0,0.0,,,7,163.2533418526787,163.2533418526787,pobre,basal,3,1000.0,520.0,1.0,39.0,17,109,11485,8,1.0
97,0.0,0.0,0.0,1.0,5.0,7,163.2533418526787,163.2533418526787,pobre,basal,3,1000.0,520.0,1.0,39.0,14,109,11486,5,1.0
98,0.0,0.0,0.0,0.0,6.0,7,163.2533418526787,163.2533418526787,pobre,basal,3,1000.0,520.0,1.0,39.0,15,109,11486,5,1.0
97,1.0,0.0,0.0,1.0,5.0,7,163.2533418526787,163.2533418526787,pobre,basal,3,1000.0,520.0,1.0,39.0,10,109,11487,5,1.0
98,1.0,0.0,0.0,1.0,6.0,7,163.2533418526787,163.2533418526787,pobre,basal,3,1000.0,520.0,1.0,39.0,11,109,11487,5,1.0
97,0.0,0.0,0.0,1.0,3.0,7,163.2533418526787,163.2533418526787,pobre,basal,3,1000.0,520.0,1.0,39.0,8,109,11488,3,1.0
98,0.0,0.0,0.0,1.0,4.0,7,163.2533418526787,163.2533418526787,pobre,basal,3,1000.0,520.0,1.0,39.0,9,109,11488,3,1.0
97,1.0,0.0,0.0,1.0,7.0,8,163.2533418526787,163.2533418526787,pobre,basal,3,108.33334,441.0,1.0,34.0,13,109,11489,7,1.0
98,1.0,0.0,0.0,1.0,8.0,8,163.2533418526787,163.2533418526787,pobre,basal,3,108.33334,441.0,1.0,34.0,14,109,11489,7,1.0
97,1.0,0.0,0.0,1.0,3.0,8,163.2533418526787,163.2533418526787,pobre,basal,3,108.33334,441.0,1.0,34.0,11,109,11490,3,1.0
98,1.0,0.0,0.0,1.0,4.0,8,163.2533418526787,163.2533418526787,pobre,basal,3,108.33334,441.0,1.0,34.0,12,109,11490,3,1.0
97,1.0,0.0,0.0,1.0,2.0,8,163.2533418526787,163.2533418526787,pobre,basal,3,108.33334,441.0,1.0,34.0,8,109,11491,2,1.0
98,1.0,0.0,0.0,1.0,3.0,8,163.2533418526787,163.2533418526787,pobre,basal,3,108.33334,441.0,1.0,34.0,9,109,11491,2,1.0
97,1.0,0.0,0.0,1.0,0.0,8,163.2533418526787,163.2533418526787,pobre,basal,3,108.33334,441.0,1.0,34.0,6,109,11492,0,1.0
98,1.0,0.0,0.0,1.0,0.0,8,163.2533418526787,163.2533418526787,pobre,basal,3,108.33334,441.0,1.0,34.0,7,109,11492,0,1.0
97,0.0,0.0,0.0,1.0,7.0,6,163.2533418526787,163.2533418526787,pobre,basal,6,1041.6666,536.0,1.0,39.0,13,109,11493,7,1.0
98,0.0,0.0,0.0,1.0,8.0,6,163.2533418526787,163.2533418526787,pobre,basal,6,1041.6666,536.0,1.0,39.0,14,109,11493,7,1.0
97,0.0,0.0,0.0,1.0,2.0,6,163.2533418526787,163.2533418526787,pobre,basal,6,1041.6666,536.0,1.0,39.0,10,109,11494,2,1.0
98,0.0,0.0,0.0,1.0,3.0,6,163.2533418526787,163.2533418526787,pobre,basal,6,1041.6666,536.0,1.0,39.0,11,109,11494,2,1.0
97,1.0,0.0,0.0,1.0,1.0,6,163.2533418526787,163.2533418526787,pobre,basal,6,1041.6666,536.0,1.0,39.0,7,109,11495,1,1.0
98,1.0,0.0,0.0,1.0,2.0,6,163.2533418526787,163.2533418526787,pobre,basal,6,1041.6666,536.0,1.0,39.0,8,109,11495,1,1.0
97,0.0,0.0,0.0,1.0,1.0,4,163.2533418526787,163.2533418526787,pobre,basal,6,475.0,574.0,1.0,24.0,7,109,11496,1,1.0
98,0.0,0.0,0.0,1.0,2.0,4,163.2533418526787,163.2533418526787,pobre,basal,6,475.0,574.0,1.0,24.0,8,109,11496,1,1.0
97,1.0,0.0,0.0,1.0,7.0,4,163.2533418526787,163.2533418526787,pobre,basal,3,70.833336,681.0,1.0,60.0,15,109,11497,7,1.0
98,1.0,0.0,0.0,,,4,163.2533418526787,163.2533418526787,pobre,basal,3,70.833336,681.0,1.0,60.0,16,109,11497,7,1.0
97,1.0,0.0,0.0,1.0,0.0,4,163.2533418526787,163.2533418526787,pobre,basal,4,208.33333,588.0,1.0,24.0,6,109,11498,0,1.0
98,1.0,0.0,0.0,1.0,1.0,4,163.2533418526787,163.2533418526787,pobre,basal,4,208.33333,588.0,1.0,24.0,7,109,11498,0,1.0
97,1.0,1.0,0.0,0.0,3.0,7,163.2533418526787,163.2533418526787,pobre,basal,0,291.66666,603.0,1.0,45.0,14,109,11499,3,0.0
98,1.0,1.0,0.0,0.0,4.0,7,163.2533418526787,163.2533418526787,pobre,basal,0,291.66666,603.0,1.0,45.0,15,109,11499,3,0.0
97,0.0,1.0,0.0,0.0,2.0,7,163.2533418526787,163.2533418526787,pobre,basal,0,291.66666,603.0,1.0,45.0,10,109,11500,2,0.0
98,0.0,1.0,0.0,0.0,3.0,7,163.2533418526787,163.2533418526787,pobre,basal,0,291.66666,603.0,1.0,45.0,11,109,11500,2,0.0
97,1.0,1.0,0.0,1.0,1.0,7,163.2533418526787,163.2533418526787,pobre,basal,0,291.66666,603.0,1.0,45.0,6,109,11501,1,1.0
98,1.0,1.0,0.0,1.0,1.0,7,163.2533418526787,163.2533418526787,pobre,basal,0,291.66666,603.0,1.0,45.0,7,109,11501,1,1.0
97,1.0,1.0,0.0,1.0,7.0,7,163.2533418526787,163.2533418526787,pobre,basal,3,250.0,506.0,1.0,50.0,16,109,11502,7,1.0
98,1.0,1.0,0.0,,,7,163.2533418526787,163.2533418526787,pobre,basal,3,250.0,506.0,1.0,50.0,17,109,11502,7,1.0
97,1.0,1.0,0.0,1.0,4.0,7,163.2533418526787,163.2533418526787,pobre,basal,3,250.0,506.0,1.0,50.0,11,109,11503,4,1.0
98,1.0,1.0,0.0,1.0,6.0,7,163.2533418526787,163.2533418526787,pobre,basal,3,250.0,506.0,1.0,50.0,12,109,11503,4,1.0
97,1.0,1.0,0.0,1.0,2.0,7,163.2533418526787,163.2533418526787,pobre,basal,3,250.0,506.0,1.0,50.0,8,109,11504,2,1.0
98,1.0,1.0,0.0,1.0,3.0,7,163.2533418526787,163.2533418526787,pobre,basal,3,250.0,506.0,1.0,50.0,9,109,11504,2,1.0
97,1.0,1.0,0.0,1.0,0.0,7,163.2533418526787,163.2533418526787,pobre,basal,3,250.0,506.0,1.0,50.0,6,109,11505,0,1.0
98,1.0,1.0,0.0,1.0,1.0,7,163.2533418526787,163.2533418526787,pobre,basal,3,250.0,506.0,1.0,50.0,7,109,11505,0,1.0
97,1.0,1.0,0.0,1.0,8.0,4,163.2533418526787,163.2533418526787,pobre,basal,0,458.33334,674.0,1.0,66.0,16,109,11506,8,1.0
98,1.0,1.0,0.0,,,4,163.2533418526787,163.2533418526787,pobre,basal,0,458.33334,674.0,1.0,66.0,17,109,11506,8,1.0
97,0.0,0.0,0.0,1.0,9.0,10,163.2533418526787,163.2533418526787,pobre,basal,6,208.33333,566.0,1.0,43.0,16,109,11507,9,1.0
98,0.0,0.0,0.0,,,10,163.2533418526787,163.2533418526787,pobre,basal,6,208.33333,566.0,1.0,43.0,17,109,11507,9,1.0
97,0.0,0.0,0.0,1.0,4.0,10,163.2533418526787,163.2533418526787,pobre,basal,6,208.33333,566.0,1.0,43.0,13,109,11508,4,1.0
98,0.0,0.0,0.0,1.0,5.0,10,163.2533418526787,163.2533418526787,pobre,basal,6,208.33333,566.0,1.0,43.0,14,109,11508,4,1.0
97,0.0,0.0,0.0,1.0,4.0,10,163.2533418526787,163.2533418526787,pobre,basal,6,208.33333,566.0,1.0,43.0,11,109,11509,4,1.0
98,0.0,0.0,0.0,1.0,5.0,10,163.2533418526787,163.2533418526787,pobre,basal,6,208.33333,566.0,1.0,43.0,12,109,11509,4,1.0
97,0.0,0.0,0.0,1.0,1.0,10,163.2533418526787,163.2533418526787,pobre,basal,6,208.33333,566.0,1.0,43.0,8,109,11510,1,1.0
98,0.0,0.0,0.0,1.0,2.0,10,163.2533418526787,163.2533418526787,pobre,basal,6,208.33333,566.0,1.0,43.0,9,109,11510,1,1.0
97,1.0,0.0,0.0,1.0,0.0,10,163.2533418526787,163.2533418526787,pobre,basal,6,208.33333,566.0,1.0,43.0,6,109,11511,0,1.0
98,1.0,0.0,0.0,1.0,1.0,10,163.2533418526787,163.2533418526787,pobre,basal,6,208.33333,566.0,1.0,43.0,7,109,11511,0,1.0
97,1.0,1.0,0.0,1.0,7.0,4,163.2533418526787,163.2533418526787,pobre,basal,0,375.0,614.0,1.0,46.0,14,109,11512,7,1.0
98,1.0,1.0,0.0,1.0,8.0,4,163.2533418526787,163.2533418526787,pobre,basal,0,375.0,614.0,1.0,46.0,15,109,11512,7,1.0
97,0.0,1.0,0.0,1.0,3.0,4,163.2533418526787,163.2533418526787,pobre,basal,0,375.0,614.0,1.0,46.0,11,109,11513,3,1.0
98,0.0,1.0,0.0,1.0,4.0,4,163.2533418526787,163.2533418526787,pobre,basal,0,375.0,614.0,1.0,46.0,12,109,11513,3,1.0
97,0.0,1.0,0.0,0.0,5.0,7,163.2533418526787,163.2533418526787,pobre,basal,0,100.0,617.5,1.0,52.0,14,109,11514,5,0.0
98,0.0,1.0,0.0,0.0,5.0,7,163.2533418526787,163.2533418526787,pobre,basal,0,100.0,617.5,1.0,52.0,15,109,11514,5,0.0
97,0.0,1.0,0.0,0.0,2.0,7,163.2533418526787,163.2533418526787,pobre,basal,0,100.0,617.5,1.0,52.0,13,109,11515,2,0.0
98,0.0,1.0,0.0,0.0,2.0,7,163.2533418526787,163.2533418526787,pobre,basal,0,100.0,617.5,1.0,52.0,14,109,11515,2,0.0
97,0.0,1.0,0.0,1.0,3.0,9,163.2533418526787,163.2533418526787,pobre,basal,2,375.0,565.5,1.0,37.0,12,109,11516,3,1.0
98,0.0,1.0,0.0,1.0,4.0,9,163.2533418526787,163.2533418526787,pobre,basal,2,375.0,565.5,1.0,37.0,13,109,11516,3,1.0
97,0.0,0.0,0.0,1.0,5.0,6,163.2533418526787,163.2533418526787,pobre,basal,3,375.0,512.0,1.0,33.0,11,109,11517,5,1.0
98,0.0,0.0,0.0,1.0,6.0,6,163.2533418526787,163.2533418526787,pobre,basal,3,375.0,512.0,1.0,33.0,12,109,11517,5,1.0
97,1.0,0.0,0.0,1.0,3.0,6,163.2533418526787,163.2533418526787,pobre,basal,3,375.0,512.0,1.0,33.0,9,109,11518,3,1.0
98,1.0,0.0,0.0,1.0,4.0,6,163.2533418526787,163.2533418526787,pobre,basal,3,375.0,512.0,1.0,33.0,10,109,11518,3,1.0
97,0.0,0.0,0.0,1.0,1.0,6,163.2533418526787,163.2533418526787,pobre,basal,3,375.0,512.0,1.0,33.0,6,109,11519,1,1.0
98,0.0,0.0,0.0,1.0,2.0,6,163.2533418526787,163.2533418526787,pobre,basal,3,375.0,512.0,1.0,33.0,7,109,11519,1,1.0
97,1.0,1.0,0.0,,0.0,6,163.2533418526787,163.2533418526787,pobre,basal,0,375.0,588.0,1.0,70.0,15,109,11520,0,
98,1.0,1.0,0.0,,,6,163.2533418526787,163.2533418526787,pobre,basal,0,375.0,588.0,1.0,70.0,16,109,11520,0,
97,1.0,1.0,0.0,1.0,3.0,7,163.2533418526787,163.2533418526787,pobre,basal,3,360.0,457.0,1.0,30.0,10,109,11521,3,1.0
98,1.0,1.0,0.0,1.0,4.0,7,163.2533418526787,163.2533418526787,pobre,basal,3,360.0,457.0,1.0,30.0,11,109,11521,3,1.0
97,1.0,1.0,0.0,1.0,2.0,7,163.2533418526787,163.2533418526787,pobre,basal,3,360.0,457.0,1.0,30.0,8,109,11522,2,1.0
98,1.0,1.0,0.0,1.0,3.0,7,163.2533418526787,163.2533418526787,pobre,basal,3,360.0,457.0,1.0,30.0,9,109,11522,2,1.0
97,1.0,1.0,0.0,,0.0,5,163.2533418526787,163.2533418526787,pobre,basal,0,0.0,724.75,1.0,56.0,16,109,11523,0,
98,1.0,1.0,0.0,,,5,163.2533418526787,163.2533418526787,pobre,basal,0,0.0,724.75,1.0,56.0,17,109,11523,0,
97,1.0,0.0,0.0,1.0,3.0,6,163.2533418526787,163.2533418526787,pobre,basal,4,375.0,512.0,1.0,33.0,10,109,11524,3,1.0
98,1.0,0.0,0.0,1.0,4.0,6,163.2533418526787,163.2533418526787,pobre,basal,4,375.0,512.0,1.0,33.0,11,109,11524,3,1.0
97,0.0,0.0,0.0,1.0,1.0,6,163.2533418526787,163.2533418526787,pobre,basal,4,375.0,512.0,1.0,33.0,7,109,11525,1,1.0
98,0.0,0.0,0.0,1.0,2.0,6,163.2533418526787,163.2533418526787,pobre,basal,4,375.0,512.0,1.0,33.0,8,109,11525,1,1.0
97,0.0,1.0,0.0,0.0,4.0,6,163.2533418526787,163.2533418526787,pobre,basal,0,375.0,511.0,1.0,28.0,14,109,11526,4,0.0
98,0.0,1.0,0.0,,,6,163.2533418526787,163.2533418526787,pobre,basal,0,375.0,511.0,1.0,28.0,15,109,11526,4,0.0
97,1.0,1.0,0.0,1.0,3.0,6,163.2533418526787,163.2533418526787,pobre,basal,0,375.0,511.0,1.0,28.0,11,109,11527,3,1.0
98,1.0,1.0,0.0,1.0,4.0,6,163.2533418526787,163.2533418526787,pobre,basal,0,375.0,511.0,1.0,28.0,12,109,11527,3,1.0
97,0.0,1.0,0.0,1.0,1.0,6,163.2533418526787,163.2533418526787,pobre,basal,0,375.0,511.0,1.0,28.0,7,109,11528,1,1.0
98,0.0,1.0,0.0,1.0,2.0,6,163.2533418526787,163.2533418526787,pobre,basal,0,375.0,511.0,1.0,28.0,8,109,11528,1,1.0
97,1.0,0.0,0.0,1.0,1.0,5,163.2533418526787,163.2533418526787,pobre,basal,5,375.0,517.0,1.0,25.0,8,109,11529,1,1.0
98,1.0,0.0,0.0,1.0,2.0,5,163.2533418526787,163.2533418526787,pobre,basal,5,375.0,517.0,1.0,25.0,9,109,11529,1,1.0
97,1.0,0.0,0.0,1.0,4.0,6,163.2533418526787,163.2533418526787,pobre,basal,3,375.0,512.0,1.0,31.0,9,109,11530,4,1.0
98,1.0,0.0,0.0,1.0,5.0,6,163.2533418526787,163.2533418526787,pobre,basal,3,375.0,512.0,1.0,31.0,10,109,11530,4,1.0
97,0.0,0.0,0.0,1.0,1.0,6,163.2533418526787,163.2533418526787,pobre,basal,3,375.0,512.0,1.0,31.0,7,109,11531,1,1.0
98,0.0,0.0,0.0,1.0,2.0,6,163.2533418526787,163.2533418526787,pobre,basal,3,375.0,512.0,1.0,31.0,8,109,11531,1,1.0
97,0.0,0.0,0.0,0.0,6.0,10,163.2533418526787,163.2533418526787,pobre,basal,0,375.0,593.0,1.0,60.0,15,109,11532,6,0.0
98,0.0,0.0,0.0,,,10,163.2533418526787,163.2533418526787,pobre,basal,0,375.0,593.0,1.0,60.0,16,109,11532,6,0.0
97,0.0,0.0,0.0,1.0,3.0,10,163.2533418526787,163.2533418526787,pobre,basal,0,375.0,593.0,1.0,60.0,11,109,11533,3,1.0
98,0.0,0.0,0.0,1.0,4.0,10,163.2533418526787,163.2533418526787,pobre,basal,0,375.0,593.0,1.0,60.0,12,109,11533,3,1.0
97,1.0,0.0,0.0,1.0,1.0,10,163.2533418526787,163.2533418526787,pobre,basal,0,375.0,593.0,1.0,60.0,8,109,11534,1,1.0
98,1.0,0.0,0.0,1.0,2.0,10,163.2533418526787,163.2533418526787,pobre,basal,0,375.0,593.0,1.0,60.0,9,109,11534,1,1.0
97,1.0,0.0,0.0,1.0,1.0,10,163.2533418526787,163.2533418526787,pobre,basal,0,375.0,593.0,1.0,60.0,6,109,11535,1,1.0
98,1.0,0.0,0.0,1.0,2.0,10,163.2533418526787,163.2533418526787,pobre,basal,0,375.0,593.0,1.0,60.0,7,109,11535,1,1.0
97,0.0,1.0,0.0,,0.0,10,163.2533418526787,163.2533418526787,pobre,basal,0,375.0,593.0,1.0,60.0,15,109,11536,0,
98,0.0,1.0,0.0,,,10,163.2533418526787,163.2533418526787,pobre,basal,0,375.0,593.0,1.0,60.0,16,109,11536,0,
97,1.0,0.0,0.0,1.0,7.0,7,163.2533418526787,163.2533418526787,pobre,basal,2,360.0,671.0,1.0,53.0,15,109,11537,7,1.0
98,1.0,0.0,0.0,,,7,163.2533418526787,163.2533418526787,pobre,basal,2,360.0,671.0,1.0,53.0,16,109,11537,7,1.0
97,1.0,0.0,0.0,1.0,5.0,7,163.2533418526787,163.2533418526787,pobre,basal,2,360.0,671.0,1.0,53.0,12,109,11538,5,1.0
98,1.0,0.0,0.0,1.0,6.0,7,163.2533418526787,163.2533418526787,pobre,basal,2,360.0,671.0,1.0,53.0,13,109,11538,5,1.0
97,0.0,0.0,0.0,1.0,3.0,7,163.2533418526787,163.2533418526787,pobre,basal,2,360.0,671.0,1.0,53.0,9,109,11539,3,1.0
98,0.0,0.0,0.0,1.0,4.0,7,163.2533418526787,163.2533418526787,pobre,basal,2,360.0,671.0,1.0,53.0,10,109,11539,3,1.0
97,1.0,1.0,0.0,,0.0,6,163.2533418526787,163.2533418526787,pobre,basal,0,375.0,663.0,1.0,65.0,16,109,11540,0,
98,1.0,1.0,0.0,,,6,163.2533418526787,163.2533418526787,pobre,basal,0,375.0,663.0,1.0,65.0,17,109,11540,0,
97,1.0,1.0,0.0,1.0,2.0,5,163.2533418526787,163.2533418526787,pobre,basal,2,300.0,552.0,1.0,32.0,11,109,11541,2,1.0
98,1.0,1.0,0.0,1.0,3.0,5,163.2533418526787,163.2533418526787,pobre,basal,2,300.0,552.0,1.0,32.0,12,109,11541,2,1.0
97,1.0,0.0,0.0,1.0,8.0,10,163.2533418526787,163.2533418526787,pobre,basal,0,208.33333,572.0,1.0,47.0,16,109,11542,8,1.0
98,1.0,0.0,0.0,,,10,163.2533418526787,163.2533418526787,pobre,basal,0,208.33333,572.0,1.0,47.0,17,109,11542,8,1.0
97,1.0,0.0,0.0,1.0,6.0,10,163.2533418526787,163.2533418526787,pobre,basal,0,208.33333,572.0,1.0,47.0,12,109,11543,6,1.0
98,1.0,0.0,0.0,1.0,7.0,10,163.2533418526787,163.2533418526787,pobre,basal,0,208.33333,572.0,1.0,47.0,13,109,11543,6,1.0
97,0.0,0.0,0.0,1.0,3.0,10,163.2533418526787,163.2533418526787,pobre,basal,0,208.33333,572.0,1.0,47.0,9,109,11544,3,1.0
98,0.0,0.0,0.0,1.0,4.0,10,163.2533418526787,163.2533418526787,pobre,basal,0,208.33333,572.0,1.0,47.0,10,109,11544,3,1.0
97,1.0,0.0,0.0,1.0,1.0,10,163.2533418526787,163.2533418526787,pobre,basal,0,208.33333,572.0,1.0,47.0,6,109,11545,1,1.0
98,1.0,0.0,0.0,1.0,2.0,10,163.2533418526787,163.2533418526787,pobre,basal,0,208.33333,572.0,1.0,47.0,7,109,11545,1,1.0
97,0.0,0.0,0.0,1.0,2.0,5,163.2533418526787,163.2533418526787,pobre,basal,0,0.0,822.5,1.0,81.0,8,109,11546,2,1.0
98,0.0,0.0,0.0,1.0,3.0,5,163.2533418526787,163.2533418526787,pobre,basal,0,0.0,822.5,1.0,81.0,9,109,11546,2,1.0
97,1.0,0.0,0.0,1.0,8.0,8,163.2533418526787,163.2533418526787,pobre,basal,3,375.0,704.0,1.0,50.0,14,109,11547,8,1.0
98,1.0,0.0,0.0,,,8,163.2533418526787,163.2533418526787,pobre,basal,3,375.0,704.0,1.0,50.0,15,109,11547,8,1.0
97,0.0,0.0,0.0,1.0,7.0,7,163.2533418526787,163.2533418526787,pobre,basal,3,104.16666,494.0,1.0,33.0,12,109,11548,7,1.0
98,0.0,0.0,0.0,1.0,8.0,7,163.2533418526787,163.2533418526787,pobre,basal,3,104.16666,494.0,1.0,33.0,13,109,11548,7,1.0
97,1.0,0.0,0.0,1.0,4.0,7,163.2533418526787,163.2533418526787,pobre,basal,3,104.16666,494.0,1.0,33.0,10,109,11549,4,1.0
98,1.0,0.0,0.0,1.0,5.0,7,163.2533418526787,163.2533418526787,pobre,basal,3,104.16666,494.0,1.0,33.0,11,109,11549,4,1.0
97,1.0,0.0,0.0,1.0,2.0,7,163.2533418526787,163.2533418526787,pobre,basal,3,104.16666,494.0,1.0,33.0,8,109,11550,2,1.0
98,1.0,0.0,0.0,1.0,3.0,7,163.2533418526787,163.2533418526787,pobre,basal,3,104.16666,494.0,1.0,33.0,9,109,11550,2,1.0
97,1.0,0.0,0.0,1.0,5.0,6,163.2533418526787,163.2533418526787,pobre,basal,3,375.0,490.0,1.0,33.0,11,109,11551,5,1.0
98,1.0,0.0,0.0,1.0,6.0,6,163.2533418526787,163.2533418526787,pobre,basal,3,375.0,490.0,1.0,33.0,12,109,11551,5,1.0
97,1.0,0.0,0.0,1.0,2.0,6,163.2533418526787,163.2533418526787,pobre,basal,3,375.0,490.0,1.0,33.0,8,109,11552,2,1.0
98,1.0,0.0,0.0,1.0,3.0,6,163.2533418526787,163.2533418526787,pobre,basal,3,375.0,490.0,1.0,33.0,9,109,11552,2,1.0
97,0.0,0.0,0.0,1.0,0.0,3,163.2533418526787,163.2533418526787,pobre,basal,3,0.0,571.0,0.0,26.0,6,109,11553,0,1.0
98,0.0,0.0,0.0,1.0,1.0,3,163.2533418526787,163.2533418526787,pobre,basal,3,0.0,571.0,0.0,26.0,7,109,11553,0,1.0
97,1.0,0.0,0.0,0.0,5.0,3,163.2533418526787,163.2533418526787,pobre,basal,0,0.0,556.0,0.0,55.0,15,109,11554,5,0.0
98,1.0,0.0,0.0,0.0,5.0,3,163.2533418526787,163.2533418526787,pobre,basal,0,0.0,556.0,0.0,55.0,16,109,11554,5,0.0
97,1.0,0.0,0.0,0.0,2.0,5,163.2533418526787,163.2533418526787,pobre,basal,2,0.0,554.0,0.0,50.0,15,109,11555,2,0.0
98,1.0,0.0,0.0,0.0,9.0,5,163.2533418526787,163.2533418526787,pobre,basal,2,0.0,554.0,0.0,50.0,16,109,11555,2,0.0
97,0.0,0.0,0.0,0.0,2.0,5,163.2533418526787,163.2533418526787,pobre,basal,2,0.0,554.0,0.0,50.0,12,109,11556,2,0.0
98,0.0,0.0,0.0,1.0,7.0,5,163.2533418526787,163.2533418526787,pobre,basal,2,0.0,554.0,0.0,50.0,13,109,11556,2,0.0
97,1.0,0.0,0.0,1.0,3.0,5,163.2533418526787,163.2533418526787,pobre,basal,2,0.0,554.0,0.0,50.0,9,109,11557,3,1.0
98,1.0,0.0,0.0,1.0,4.0,5,163.2533418526787,163.2533418526787,pobre,basal,2,0.0,554.0,0.0,50.0,10,109,11557,3,1.0
97,1.0,0.0,0.0,1.0,1.0,5,163.2533418526787,163.2533418526787,pobre,basal,2,0.0,554.0,0.0,50.0,7,109,11558,1,1.0
98,1.0,0.0,0.0,1.0,2.0,5,163.2533418526787,163.2533418526787,pobre,basal,2,0.0,554.0,0.0,50.0,8,109,11558,1,1.0
97,1.0,0.0,0.0,1.0,7.0,7,163.2533418526787,163.2533418526787,pobre,basal,0,375.0,507.0,1.0,46.0,15,109,11559,7,1.0
98,1.0,0.0,0.0,1.0,8.0,7,163.2533418526787,163.2533418526787,pobre,basal,0,375.0,507.0,1.0,46.0,16,109,11559,7,1.0
97,1.0,0.0,0.0,1.0,6.0,7,163.2533418526787,163.2533418526787,pobre,basal,0,375.0,507.0,1.0,46.0,12,109,11560,6,1.0
98,1.0,0.0,0.0,1.0,7.0,7,163.2533418526787,163.2533418526787,pobre,basal,0,375.0,507.0,1.0,46.0,13,109,11560,6,1.0
97,1.0,0.0,0.0,1.0,3.0,7,163.2533418526787,163.2533418526787,pobre,basal,0,375.0,507.0,1.0,46.0,9,109,11561,3,1.0
98,1.0,0.0,0.0,1.0,3.0,7,163.2533418526787,163.2533418526787,pobre,basal,0,375.0,507.0,1.0,46.0,10,109,11561,3,1.0
97,1.0,0.0,0.0,1.0,1.0,7,163.2533418526787,163.2533418526787,pobre,basal,0,375.0,507.0,1.0,46.0,7,109,11562,1,1.0
98,1.0,0.0,0.0,1.0,2.0,7,163.2533418526787,163.2533418526787,pobre,basal,0,375.0,507.0,1.0,46.0,8,109,11562,1,1.0
97,1.0,1.0,0.0,1.0,3.0,6,163.2533418526787,163.2533418526787,pobre,basal,0,0.0,524.0,1.0,29.0,9,109,11563,3,1.0
98,1.0,1.0,0.0,1.0,4.0,6,163.2533418526787,163.2533418526787,pobre,basal,0,0.0,524.0,1.0,29.0,10,109,11563,3,1.0
97,1.0,1.0,0.0,1.0,0.0,6,163.2533418526787,163.2533418526787,pobre,basal,0,0.0,524.0,1.0,29.0,7,109,11564,0,1.0
98,1.0,1.0,0.0,1.0,1.0,6,163.2533418526787,163.2533418526787,pobre,basal,0,0.0,524.0,1.0,29.0,8,109,11564,0,1.0
97,1.0,1.0,0.0,1.0,1.0,5,163.2533418526787,163.2533418526787,pobre,basal,4,360.0,514.0,1.0,23.0,8,109,11565,1,1.0
98,1.0,1.0,0.0,1.0,2.0,5,163.2533418526787,163.2533418526787,pobre,basal,4,360.0,514.0,1.0,23.0,9,109,11565,1,1.0
97,1.0,1.0,0.0,1.0,2.0,4,163.2533418526787,163.2533418526787,pobre,basal,0,320.0,606.0,1.0,37.0,10,109,11566,2,1.0
98,1.0,1.0,0.0,1.0,3.0,4,163.2533418526787,163.2533418526787,pobre,basal,0,320.0,606.0,1.0,37.0,11,109,11566,2,1.0
97,1.0,1.0,0.0,1.0,1.0,5,163.2533418526787,163.2533418526787,pobre,basal,0,200.0,557.0,1.0,25.0,7,109,11567,1,1.0
98,1.0,1.0,0.0,1.0,2.0,5,163.2533418526787,163.2533418526787,pobre,basal,0,200.0,557.0,1.0,25.0,8,109,11567,1,1.0
97,1.0,1.0,0.0,1.0,4.0,8,163.2533418526787,163.2533418526787,pobre,basal,0,375.0,482.0,1.0,41.0,15,109,11568,4,1.0
98,1.0,1.0,0.0,0.0,5.0,8,163.2533418526787,163.2533418526787,pobre,basal,0,375.0,482.0,1.0,41.0,16,109,11568,4,1.0
97,0.0,1.0,0.0,1.0,4.0,8,163.2533418526787,163.2533418526787,pobre,basal,0,375.0,482.0,1.0,41.0,13,109,11569,4,1.0
98,0.0,1.0,0.0,1.0,5.0,8,163.2533418526787,163.2533418526787,pobre,basal,0,375.0,482.0,1.0,41.0,14,109,11569,4,1.0
97,1.0,1.0,0.0,1.0,2.0,8,163.2533418526787,163.2533418526787,pobre,basal,0,375.0,482.0,1.0,41.0,9,109,11570,2,1.0
98,1.0,1.0,0.0,1.0,2.0,8,163.2533418526787,163.2533418526787,pobre,basal,0,375.0,482.0,1.0,41.0,10,109,11570,2,1.0
97,0.0,1.0,0.0,1.0,1.0,8,163.2533418526787,163.2533418526787,pobre,basal,0,375.0,482.0,1.0,41.0,7,109,11571,1,1.0
98,0.0,1.0,0.0,1.0,1.0,8,163.2533418526787,163.2533418526787,pobre,basal,0,375.0,482.0,1.0,41.0,8,109,11571,1,1.0
97,1.0,1.0,0.0,1.0,3.0,6,163.2533418526787,163.2533418526787,pobre,basal,4,320.0,524.0,1.0,27.0,9,109,11572,3,1.0
98,1.0,1.0,0.0,1.0,4.0,6,163.2533418526787,163.2533418526787,pobre,basal,4,320.0,524.0,1.0,27.0,10,109,11572,3,1.0
97,0.0,1.0,0.0,1.0,1.0,6,163.2533418526787,163.2533418526787,pobre,basal,4,320.0,524.0,1.0,27.0,8,109,11573,1,1.0
98,0.0,1.0,0.0,1.0,2.0,6,163.2533418526787,163.2533418526787,pobre,basal,4,320.0,524.0,1.0,27.0,9,109,11573,1,1.0
97,1.0,1.0,0.0,1.0,7.0,9,163.2533418526787,163.2533418526787,pobre,basal,3,360.0,436.0,1.0,34.0,15,109,11574,7,1.0
98,1.0,1.0,0.0,1.0,8.0,9,163.2533418526787,163.2533418526787,pobre,basal,3,360.0,436.0,1.0,34.0,16,109,11574,7,1.0
97,1.0,1.0,0.0,1.0,4.0,9,163.2533418526787,163.2533418526787,pobre,basal,3,360.0,436.0,1.0,34.0,12,109,11575,4,1.0
98,1.0,1.0,0.0,1.0,5.0,9,163.2533418526787,163.2533418526787,pobre,basal,3,360.0,436.0,1.0,34.0,13,109,11575,4,1.0
97,0.0,1.0,0.0,1.0,2.0,9,163.2533418526787,163.2533418526787,pobre,basal,3,360.0,436.0,1.0,34.0,8,109,11576,2,1.0
98,0.0,1.0,0.0,1.0,3.0,9,163.2533418526787,163.2533418526787,pobre,basal,3,360.0,436.0,1.0,34.0,9,109,11576,2,1.0
97,0.0,1.0,0.0,1.0,1.0,9,163.2533418526787,163.2533418526787,pobre,basal,3,360.0,436.0,1.0,34.0,7,109,11577,1,1.0
98,0.0,1.0,0.0,1.0,2.0,9,163.2533418526787,163.2533418526787,pobre,basal,3,360.0,436.0,1.0,34.0,8,109,11577,1,1.0
97,0.0,1.0,0.0,1.0,8.0,3,163.2533418526787,163.2533418526787,pobre,basal,0,300.0,622.0,0.0,60.0,16,109,11578,8,1.0
98,0.0,1.0,0.0,,,3,163.2533418526787,163.2533418526787,pobre,basal,0,300.0,622.0,0.0,60.0,17,109,11578,8,1.0
97,1.0,1.0,0.0,,0.0,3,163.2533418526787,163.2533418526787,pobre,basal,0,375.0,723.5,1.0,50.0,16,109,11579,0,
98,1.0,1.0,0.0,,,3,163.2533418526787,163.2533418526787,pobre,basal,0,375.0,723.5,1.0,50.0,17,109,11579,0,
97,1.0,1.0,0.0,1.0,1.0,8,163.2533418526787,163.2533418526787,pobre,basal,2,0.0,590.0,1.0,26.0,7,109,11580,1,1.0
98,1.0,1.0,0.0,1.0,2.0,8,163.2533418526787,163.2533418526787,pobre,basal,2,0.0,590.0,1.0,26.0,8,109,11580,1,1.0
97,1.0,1.0,0.0,1.0,8.0,11,163.2533418526787,163.2533418526787,pobre,basal,2,0.0,575.5,1.0,48.0,16,109,11581,8,1.0
98,1.0,1.0,0.0,,,11,163.2533418526787,163.2533418526787,pobre,basal,2,0.0,575.5,1.0,48.0,17,109,11581,8,1.0
97,0.0,1.0,0.0,1.0,5.0,11,163.2533418526787,163.2533418526787,pobre,basal,2,0.0,575.5,1.0,48.0,14,109,11582,5,1.0
98,0.0,1.0,0.0,0.0,,11,163.2533418526787,163.2533418526787,pobre,basal,2,0.0,575.5,1.0,48.0,15,109,11582,5,1.0
97,1.0,1.0,0.0,1.0,4.0,11,163.2533418526787,163.2533418526787,pobre,basal,2,0.0,575.5,1.0,48.0,12,109,11583,4,1.0
98,1.0,1.0,0.0,1.0,,11,163.2533418526787,163.2533418526787,pobre,basal,2,0.0,575.5,1.0,48.0,13,109,11583,4,1.0
97,1.0,1.0,0.0,1.0,3.0,11,163.2533418526787,163.2533418526787,pobre,basal,2,0.0,575.5,1.0,48.0,9,109,11584,3,1.0
98,1.0,1.0,0.0,1.0,,11,163.2533418526787,163.2533418526787,pobre,basal,2,0.0,575.5,1.0,48.0,10,109,11584,3,1.0
97,0.0,1.0,0.0,1.0,0.0,11,163.2533418526787,163.2533418526787,pobre,basal,2,0.0,575.5,1.0,48.0,7,109,11585,0,1.0
98,0.0,1.0,0.0,1.0,,11,163.2533418526787,163.2533418526787,pobre,basal,2,0.0,575.5,1.0,48.0,8,109,11585,0,1.0
97,1.0,1.0,0.0,0.0,4.0,7,163.2533418526787,163.2533418526787,pobre,basal,0,375.0,550.5,1.0,36.0,14,109,11586,4,0.0
98,1.0,1.0,0.0,0.0,4.0,7,163.2533418526787,163.2533418526787,pobre,basal,0,375.0,550.5,1.0,36.0,15,109,11586,4,0.0
97,1.0,1.0,0.0,1.0,3.0,7,163.2533418526787,163.2533418526787,pobre,basal,0,375.0,550.5,1.0,36.0,9,109,11587,3,1.0
98,1.0,1.0,0.0,1.0,3.0,7,163.2533418526787,163.2533418526787,pobre,basal,0,375.0,550.5,1.0,36.0,10,109,11587,3,1.0
97,0.0,1.0,0.0,1.0,1.0,7,163.2533418526787,163.2533418526787,pobre,basal,0,375.0,550.5,1.0,36.0,6,109,11588,1,1.0
98,0.0,1.0,0.0,1.0,2.0,7,163.2533418526787,163.2533418526787,pobre,basal,0,375.0,550.5,1.0,36.0,7,109,11588,1,1.0
97,1.0,1.0,0.0,1.0,4.0,7,163.2533418526787,163.2533418526787,pobre,basal,0,375.0,475.0,1.0,36.0,13,109,11589,4,1.0
98,1.0,1.0,0.0,1.0,5.0,7,163.2533418526787,163.2533418526787,pobre,basal,0,375.0,475.0,1.0,36.0,14,109,11589,4,1.0
97,1.0,1.0,0.0,1.0,3.0,7,163.2533418526787,163.2533418526787,pobre,basal,0,375.0,475.0,1.0,36.0,10,109,11590,3,1.0
98,1.0,1.0,0.0,1.0,4.0,7,163.2533418526787,163.2533418526787,pobre,basal,0,375.0,475.0,1.0,36.0,11,109,11590,3,1.0
97,1.0,1.0,0.0,1.0,2.0,7,163.2533418526787,163.2533418526787,pobre,basal,0,375.0,475.0,1.0,36.0,8,109,11591,2,1.0
98,1.0,1.0,0.0,1.0,3.0,7,163.2533418526787,163.2533418526787,pobre,basal,0,375.0,475.0,1.0,36.0,9,109,11591,2,1.0
97,1.0,1.0,0.0,1.0,8.0,8,163.2533418526787,163.2533418526787,pobre,basal,1,375.0,464.0,1.0,41.0,14,109,11592,8,1.0
98,1.0,1.0,0.0,0.0,9.0,8,163.2533418526787,163.2533418526787,pobre,basal,1,375.0,464.0,1.0,41.0,15,109,11592,8,1.0
97,1.0,1.0,0.0,1.0,4.0,8,163.2533418526787,163.2533418526787,pobre,basal,1,375.0,464.0,1.0,41.0,10,109,11593,4,1.0
98,1.0,1.0,0.0,1.0,5.0,8,163.2533418526787,163.2533418526787,pobre,basal,1,375.0,464.0,1.0,41.0,11,109,11593,4,1.0
97,0.0,1.0,0.0,1.0,1.0,8,163.2533418526787,163.2533418526787,pobre,basal,1,375.0,464.0,1.0,41.0,7,109,11594,1,1.0
98,0.0,1.0,0.0,1.0,2.0,8,163.2533418526787,163.2533418526787,pobre,basal,1,375.0,464.0,1.0,41.0,8,109,11594,1,1.0
97,1.0,1.0,0.0,1.0,1.0,4,163.2533418526787,163.2533418526787,pobre,basal,0,375.0,604.0,1.0,40.0,8,109,11595,1,1.0
98,1.0,1.0,0.0,1.0,2.0,4,163.2533418526787,163.2533418526787,pobre,basal,0,375.0,604.0,1.0,40.0,9,109,11595,1,1.0
97,1.0,1.0,0.0,1.0,4.0,8,163.2533418526787,163.2533418526787,pobre,basal,4,375.0,441.0,1.0,37.0,12,109,11596,4,1.0
98,1.0,1.0,0.0,1.0,5.0,8,163.2533418526787,163.2533418526787,pobre,basal,4,375.0,441.0,1.0,37.0,13,109,11596,4,1.0
97,0.0,1.0,0.0,1.0,4.0,8,163.2533418526787,163.2533418526787,pobre,basal,4,375.0,441.0,1.0,37.0,11,109,11597,4,1.0
98,0.0,1.0,0.0,1.0,5.0,8,163.2533418526787,163.2533418526787,pobre,basal,4,375.0,441.0,1.0,37.0,12,109,11597,4,1.0
97,0.0,1.0,0.0,1.0,3.0,8,163.2533418526787,163.2533418526787,pobre,basal,4,375.0,441.0,1.0,37.0,9,109,11598,3,1.0
98,0.0,1.0,0.0,1.0,4.0,8,163.2533418526787,163.2533418526787,pobre,basal,4,375.0,441.0,1.0,37.0,10,109,11598,3,1.0
97,1.0,1.0,0.0,1.0,1.0,8,163.2533418526787,163.2533418526787,pobre,basal,4,375.0,441.0,1.0,37.0,7,109,11599,1,1.0
98,1.0,1.0,0.0,1.0,2.0,8,163.2533418526787,163.2533418526787,pobre,basal,4,375.0,441.0,1.0,37.0,8,109,11599,1,1.0
97,1.0,1.0,0.0,1.0,8.0,10,163.2533418526787,163.2533418526787,pobre,basal,0,375.0,580.0,1.0,75.0,15,109,11600,8,1.0
98,1.0,1.0,0.0,0.0,9.0,10,163.2533418526787,163.2533418526787,pobre,basal,0,375.0,580.0,1.0,75.0,16,109,11600,8,1.0
97,1.0,1.0,0.0,1.0,5.0,10,163.2533418526787,163.2533418526787,pobre,basal,0,375.0,580.0,1.0,75.0,12,109,11601,5,1.0
98,1.0,1.0,0.0,1.0,6.0,10,163.2533418526787,163.2533418526787,pobre,basal,0,375.0,580.0,1.0,75.0,13,109,11601,5,1.0
97,0.0,1.0,0.0,1.0,2.0,10,163.2533418526787,163.2533418526787,pobre,basal,0,375.0,580.0,1.0,75.0,8,109,11602,2,1.0
98,0.0,1.0,0.0,1.0,3.0,10,163.2533418526787,163.2533418526787,pobre,basal,0,375.0,580.0,1.0,75.0,9,109,11602,2,1.0
97,0.0,1.0,0.0,,0.0,4,163.2533418526787,163.2533418526787,pobre,basal,0,375.0,566.33002,1.0,36.0,7,109,11603,0,
98,0.0,1.0,0.0,1.0,3.0,4,163.2533418526787,163.2533418526787,pobre,basal,0,375.0,566.33002,1.0,36.0,8,109,11603,0,
97,0.0,1.0,0.0,1.0,8.0,6,163.2533418526787,163.2533418526787,pobre,basal,0,375.0,511.0,1.0,56.0,15,109,11604,8,1.0
98,0.0,1.0,0.0,1.0,8.0,6,163.2533418526787,163.2533418526787,pobre,basal,0,375.0,511.0,1.0,56.0,16,109,11604,8,1.0
97,1.0,1.0,0.0,1.0,5.0,6,163.2533418526787,163.2533418526787,pobre,basal,0,375.0,511.0,1.0,56.0,12,109,11605,5,1.0
98,1.0,1.0,0.0,1.0,6.0,6,163.2533418526787,163.2533418526787,pobre,basal,0,375.0,511.0,1.0,56.0,13,109,11605,5,1.0
97,0.0,1.0,0.0,1.0,2.0,6,163.2533418526787,163.2533418526787,pobre,basal,0,375.0,511.0,1.0,56.0,10,109,11606,2,1.0
98,0.0,1.0,0.0,1.0,3.0,6,163.2533418526787,163.2533418526787,pobre,basal,0,375.0,511.0,1.0,56.0,11,109,11606,2,1.0
97,1.0,1.0,0.0,1.0,0.0,6,163.2533418526787,163.2533418526787,pobre,basal,0,375.0,511.0,1.0,56.0,6,109,11607,0,1.0
98,1.0,1.0,0.0,1.0,1.0,6,163.2533418526787,163.2533418526787,pobre,basal,0,375.0,511.0,1.0,56.0,7,109,11607,0,1.0
97,1.0,1.0,0.0,1.0,4.0,4,163.2533418526787,163.2533418526787,pobre,basal,4,375.0,678.0,1.0,70.0,14,109,11608,4,1.0
98,1.0,1.0,0.0,1.0,4.0,4,163.2533418526787,163.2533418526787,pobre,basal,4,375.0,678.0,1.0,70.0,15,109,11608,4,1.0
97,1.0,1.0,0.0,0.0,2.0,4,163.2533418526787,163.2533418526787,pobre,basal,2,375.0,722.0,1.0,57.0,16,109,11609,2,0.0
98,1.0,1.0,0.0,0.0,2.0,4,163.2533418526787,163.2533418526787,pobre,basal,2,375.0,722.0,1.0,57.0,17,109,11609,2,0.0
97,1.0,1.0,0.0,1.0,4.0,7,163.2533418526787,163.2533418526787,pobre,basal,0,0.0,588.5,1.0,97.0,11,109,11610,4,1.0
98,1.0,1.0,0.0,1.0,5.0,7,163.2533418526787,163.2533418526787,pobre,basal,0,0.0,588.5,1.0,97.0,12,109,11610,4,1.0
97,0.0,0.0,0.0,,0.0,5,163.2533418526787,163.2533418526787,pobre,basal,2,360.0,642.5,1.0,50.0,10,109,11611,0,
98,0.0,0.0,0.0,0.0,2.0,5,163.2533418526787,163.2533418526787,pobre,basal,2,360.0,642.5,1.0,50.0,11,109,11611,0,
97,1.0,0.0,0.0,1.0,1.0,7,163.2533418526787,163.2533418526787,pobre,basal,4,625.0,465.0,1.0,26.0,7,109,11612,1,1.0
98,1.0,0.0,0.0,1.0,2.0,7,163.2533418526787,163.2533418526787,pobre,basal,4,625.0,465.0,1.0,26.0,8,109,11612,1,1.0
97,1.0,0.0,0.0,1.0,7.0,8,163.2533418526787,163.2533418526787,pobre,basal,2,360.0,615.0,1.0,47.0,14,109,11613,7,1.0
98,1.0,0.0,0.0,1.0,8.0,8,163.2533418526787,163.2533418526787,pobre,basal,2,360.0,615.0,1.0,47.0,15,109,11613,7,1.0
97,1.0,0.0,0.0,1.0,3.0,8,163.2533418526787,163.2533418526787,pobre,basal,2,360.0,615.0,1.0,47.0,9,109,11614,3,1.0
98,1.0,0.0,0.0,1.0,4.0,8,163.2533418526787,163.2533418526787,pobre,basal,2,360.0,615.0,1.0,47.0,10,109,11614,3,1.0
97,1.0,0.0,0.0,1.0,1.0,8,163.2533418526787,163.2533418526787,pobre,basal,2,360.0,615.0,1.0,47.0,8,109,11615,1,1.0
98,1.0,0.0,0.0,1.0,2.0,8,163.2533418526787,163.2533418526787,pobre,basal,2,360.0,615.0,1.0,47.0,9,109,11615,1,1.0
97,1.0,1.0,0.0,1.0,5.0,8,163.2533418526787,163.2533418526787,pobre,basal,2,368.0,444.0,1.0,34.0,14,109,11616,5,1.0
98,1.0,1.0,0.0,0.0,6.0,8,163.2533418526787,163.2533418526787,pobre,basal,2,368.0,444.0,1.0,34.0,15,109,11616,5,1.0
97,0.0,1.0,0.0,1.0,1.0,8,163.2533418526787,163.2533418526787,pobre,basal,2,368.0,444.0,1.0,34.0,11,109,11617,1,1.0
98,0.0,1.0,0.0,0.0,2.0,8,163.2533418526787,163.2533418526787,pobre,basal,2,368.0,444.0,1.0,34.0,12,109,11617,1,1.0
97,1.0,1.0,0.0,1.0,2.0,8,163.2533418526787,163.2533418526787,pobre,basal,2,368.0,444.0,1.0,34.0,8,109,11618,2,1.0
98,1.0,1.0,0.0,1.0,3.0,8,163.2533418526787,163.2533418526787,pobre,basal,2,368.0,444.0,1.0,34.0,9,109,11618,2,1.0
97,1.0,1.0,0.0,1.0,1.0,8,163.2533418526787,163.2533418526787,pobre,basal,2,368.0,444.0,1.0,34.0,7,109,11619,1,1.0
98,1.0,1.0,0.0,1.0,1.0,8,163.2533418526787,163.2533418526787,pobre,basal,2,368.0,444.0,1.0,34.0,8,109,11619,1,1.0
97,0.0,1.0,0.0,1.0,0.0,8,163.2533418526787,163.2533418526787,pobre,basal,2,368.0,444.0,1.0,34.0,6,109,11620,0,1.0
98,0.0,1.0,0.0,1.0,1.0,8,163.2533418526787,163.2533418526787,pobre,basal,2,368.0,444.0,1.0,34.0,7,109,11620,0,1.0
97,1.0,1.0,0.0,0.0,3.0,7,163.2533418526787,163.2533418526787,pobre,basal,1,360.0,483.0,1.0,46.0,14,109,11621,3,0.0
98,1.0,1.0,0.0,0.0,3.0,7,163.2533418526787,163.2533418526787,pobre,basal,1,360.0,483.0,1.0,46.0,15,109,11621,3,0.0
97,0.0,1.0,0.0,1.0,2.0,7,163.2533418526787,163.2533418526787,pobre,basal,1,360.0,483.0,1.0,46.0,9,109,11622,2,1.0
98,0.0,1.0,0.0,1.0,3.0,7,163.2533418526787,163.2533418526787,pobre,basal,1,360.0,483.0,1.0,46.0,10,109,11622,2,1.0
97,1.0,1.0,0.0,1.0,0.0,7,163.2533418526787,163.2533418526787,pobre,basal,1,360.0,483.0,1.0,46.0,6,109,11623,0,1.0
98,1.0,1.0,0.0,1.0,1.0,7,163.2533418526787,163.2533418526787,pobre,basal,1,360.0,483.0,1.0,46.0,7,109,11623,0,1.0
97,0.0,1.0,0.0,1.0,5.0,6,163.2533418526787,163.2533418526787,pobre,basal,2,500.0,513.0,1.0,35.0,12,109,11624,5,1.0
98,0.0,1.0,0.0,1.0,5.0,6,163.2533418526787,163.2533418526787,pobre,basal,2,500.0,513.0,1.0,35.0,13,109,11624,5,1.0
97,1.0,1.0,0.0,1.0,3.0,6,163.2533418526787,163.2533418526787,pobre,basal,2,500.0,513.0,1.0,35.0,10,109,11625,3,1.0
98,1.0,1.0,0.0,1.0,4.0,6,163.2533418526787,163.2533418526787,pobre,basal,2,500.0,513.0,1.0,35.0,11,109,11625,3,1.0
97,1.0,1.0,0.0,1.0,5.0,5,163.2533418526787,163.2533418526787,pobre,basal,0,360.0,574.0,0.0,57.0,15,109,11626,5,1.0
98,1.0,1.0,0.0,0.0,6.0,5,163.2533418526787,163.2533418526787,pobre,basal,0,360.0,574.0,0.0,57.0,16,109,11626,5,1.0
97,1.0,1.0,0.0,1.0,1.0,5,163.2533418526787,163.2533418526787,pobre,basal,0,360.0,574.0,0.0,57.0,10,109,11627,1,1.0
98,1.0,1.0,0.0,1.0,2.0,5,163.2533418526787,163.2533418526787,pobre,basal,0,360.0,574.0,0.0,57.0,11,109,11627,1,1.0
97,1.0,0.0,0.0,1.0,2.0,5,163.2533418526787,163.2533418526787,pobre,basal,3,500.0,541.0,1.0,29.0,8,109,11628,2,1.0
98,1.0,0.0,0.0,1.0,3.0,5,163.2533418526787,163.2533418526787,pobre,basal,3,500.0,541.0,1.0,29.0,9,109,11628,2,1.0
97,1.0,0.0,0.0,1.0,0.0,5,163.2533418526787,163.2533418526787,pobre,basal,3,500.0,541.0,1.0,29.0,6,109,11629,0,1.0
98,1.0,0.0,0.0,1.0,0.0,5,163.2533418526787,163.2533418526787,pobre,basal,3,500.0,541.0,1.0,29.0,7,109,11629,0,1.0
97,1.0,1.0,0.0,1.0,4.0,6,163.2533418526787,163.2533418526787,pobre,basal,0,360.0,513.33002,1.0,56.0,15,109,11630,4,1.0
98,1.0,1.0,0.0,,,6,163.2533418526787,163.2533418526787,pobre,basal,0,360.0,513.33002,1.0,56.0,16,109,11630,4,1.0
97,1.0,1.0,0.0,1.0,2.0,6,163.2533418526787,163.2533418526787,pobre,basal,0,360.0,513.33002,1.0,56.0,13,109,11631,2,1.0
98,1.0,1.0,0.0,1.0,3.0,6,163.2533418526787,163.2533418526787,pobre,basal,0,360.0,513.33002,1.0,56.0,14,109,11631,2,1.0
97,1.0,1.0,0.0,,0.0,6,163.2533418526787,163.2533418526787,pobre,basal,0,360.0,513.33002,1.0,56.0,8,109,11632,0,
98,1.0,1.0,0.0,1.0,0.0,6,163.2533418526787,163.2533418526787,pobre,basal,0,360.0,513.33002,1.0,56.0,9,109,11632,0,
97,1.0,1.0,0.0,1.0,0.0,4,163.2533418526787,163.2533418526787,pobre,basal,3,360.0,554.0,1.0,26.0,6,109,11633,0,1.0
98,1.0,1.0,0.0,1.0,1.0,4,163.2533418526787,163.2533418526787,pobre,basal,3,360.0,554.0,1.0,26.0,7,109,11633,0,1.0
97,0.0,1.0,0.0,0.0,2.0,7,163.2533418526787,163.2533418526787,pobre,basal,0,360.0,589.5,1.0,42.0,16,109,11634,2,0.0
98,0.0,1.0,0.0,0.0,2.0,7,163.2533418526787,163.2533418526787,pobre,basal,0,360.0,589.5,1.0,42.0,17,109,11634,2,0.0
97,1.0,1.0,0.0,1.0,4.0,7,163.2533418526787,163.2533418526787,pobre,basal,0,360.0,589.5,1.0,42.0,12,109,11635,4,1.0
98,1.0,1.0,0.0,1.0,5.0,7,163.2533418526787,163.2533418526787,pobre,basal,0,360.0,589.5,1.0,42.0,13,109,11635,4,1.0
97,0.0,1.0,0.0,1.0,1.0,7,163.2533418526787,163.2533418526787,pobre,basal,0,360.0,589.5,1.0,42.0,8,109,11636,1,1.0
98,0.0,1.0,0.0,1.0,3.0,7,163.2533418526787,163.2533418526787,pobre,basal,0,360.0,589.5,1.0,42.0,9,109,11636,1,1.0
97,1.0,1.0,0.0,1.0,0.0,7,163.2533418526787,163.2533418526787,pobre,basal,0,360.0,589.5,1.0,42.0,6,109,11637,0,1.0
98,1.0,1.0,0.0,1.0,1.0,7,163.2533418526787,163.2533418526787,pobre,basal,0,360.0,589.5,1.0,42.0,7,109,11637,0,1.0
97,0.0,1.0,0.0,1.0,0.0,5,163.2533418526787,163.2533418526787,pobre,basal,0,360.0,510.0,1.0,27.0,6,109,11638,0,1.0
98,0.0,1.0,0.0,1.0,1.0,5,163.2533418526787,163.2533418526787,pobre,basal,0,360.0,510.0,1.0,27.0,7,109,11638,0,1.0
97,0.0,1.0,0.0,0.0,1.0,5,163.2533418526787,163.2533418526787,pobre,basal,1,375.0,567.0,1.0,34.0,12,109,11639,1,0.0
98,0.0,1.0,0.0,0.0,1.0,5,163.2533418526787,163.2533418526787,pobre,basal,1,375.0,567.0,1.0,34.0,13,109,11639,1,0.0
97,0.0,1.0,0.0,1.0,1.0,5,163.2533418526787,163.2533418526787,pobre,basal,1,375.0,567.0,1.0,34.0,8,109,11640,1,1.0
98,0.0,1.0,0.0,1.0,2.0,5,163.2533418526787,163.2533418526787,pobre,basal,1,375.0,567.0,1.0,34.0,9,109,11640,1,1.0
97,0.0,0.0,0.0,1.0,0.0,5,163.2533418526787,163.2533418526787,pobre,basal,1,360.0,528.0,1.0,30.0,7,109,11641,0,1.0
98,0.0,0.0,0.0,1.0,1.0,5,163.2533418526787,163.2533418526787,pobre,basal,1,360.0,528.0,1.0,30.0,8,109,11641,0,1.0
97,1.0,1.0,0.0,1.0,2.0,6,163.2533418526787,163.2533418526787,pobre,basal,2,360.0,510.0,1.0,33.0,11,109,11642,2,1.0
98,1.0,1.0,0.0,1.0,3.0,6,163.2533418526787,163.2533418526787,pobre,basal,2,360.0,510.0,1.0,33.0,12,109,11642,2,1.0
97,0.0,1.0,0.0,1.0,1.0,6,163.2533418526787,163.2533418526787,pobre,basal,2,360.0,510.0,1.0,33.0,8,109,11643,1,1.0
98,0.0,1.0,0.0,1.0,2.0,6,163.2533418526787,163.2533418526787,pobre,basal,2,360.0,510.0,1.0,33.0,9,109,11643,1,1.0
97,1.0,1.0,0.0,1.0,3.0,7,163.2533418526787,163.2533418526787,pobre,basal,4,300.0,452.0,1.0,30.0,11,109,11644,3,1.0
98,1.0,1.0,0.0,1.0,4.0,7,163.2533418526787,163.2533418526787,pobre,basal,4,300.0,452.0,1.0,30.0,12,109,11644,3,1.0
97,0.0,1.0,0.0,1.0,1.0,7,163.2533418526787,163.2533418526787,pobre,basal,4,300.0,452.0,1.0,30.0,8,109,11645,1,1.0
98,0.0,1.0,0.0,1.0,1.0,7,163.2533418526787,163.2533418526787,pobre,basal,4,300.0,452.0,1.0,30.0,9,109,11645,1,1.0
97,0.0,1.0,0.0,,0.0,7,163.2533418526787,163.2533418526787,pobre,basal,4,300.0,452.0,1.0,30.0,6,109,11646,0,
98,0.0,1.0,0.0,1.0,1.0,7,163.2533418526787,163.2533418526787,pobre,basal,4,300.0,452.0,1.0,30.0,7,109,11646,0,
97,0.0,1.0,0.0,,0.0,5,163.2533418526787,163.2533418526787,pobre,basal,2,360.0,636.5,1.0,39.0,15,109,11647,0,
98,0.0,1.0,0.0,,,5,163.2533418526787,163.2533418526787,pobre,basal,2,360.0,636.5,1.0,39.0,16,109,11647,0,
97,0.0,1.0,0.0,1.0,4.0,5,163.2533418526787,163.2533418526787,pobre,basal,2,360.0,636.5,1.0,39.0,10,109,11648,4,1.0
98,0.0,1.0,0.0,1.0,5.0,5,163.2533418526787,163.2533418526787,pobre,basal,2,360.0,636.5,1.0,39.0,11,109,11648,4,1.0
97,1.0,1.0,0.0,1.0,5.0,6,163.2533418526787,163.2533418526787,pobre,basal,4,375.0,553.0,1.0,40.0,16,109,11649,5,1.0
98,1.0,1.0,0.0,0.0,6.0,6,163.2533418526787,163.2533418526787,pobre,basal,4,375.0,553.0,1.0,40.0,17,109,11649,5,1.0
97,1.0,1.0,0.0,1.0,5.0,6,163.2533418526787,163.2533418526787,pobre,basal,4,375.0,553.0,1.0,40.0,12,109,11650,5,1.0
98,1.0,1.0,0.0,1.0,6.0,6,163.2533418526787,163.2533418526787,pobre,basal,4,375.0,553.0,1.0,40.0,13,109,11650,5,1.0
97,0.0,1.0,0.0,1.0,2.0,6,163.2533418526787,163.2533418526787,pobre,basal,4,375.0,553.0,1.0,40.0,8,109,11651,2,1.0
98,0.0,1.0,0.0,1.0,3.0,6,163.2533418526787,163.2533418526787,pobre,basal,4,375.0,553.0,1.0,40.0,9,109,11651,2,1.0
97,1.0,0.0,0.0,1.0,7.0,9,163.2533418526787,163.2533418526787,pobre,basal,2,500.0,613.0,1.0,43.0,14,109,11652,7,1.0
98,1.0,0.0,0.0,,,9,163.2533418526787,163.2533418526787,pobre,basal,2,500.0,613.0,1.0,43.0,15,109,11652,7,1.0
97,1.0,0.0,0.0,1.0,5.0,9,163.2533418526787,163.2533418526787,pobre,basal,2,500.0,613.0,1.0,43.0,11,109,11653,5,1.0
98,1.0,0.0,0.0,1.0,6.0,9,163.2533418526787,163.2533418526787,pobre,basal,2,500.0,613.0,1.0,43.0,12,109,11653,5,1.0
97,1.0,0.0,0.0,1.0,5.0,7,163.2533418526787,163.2533418526787,pobre,basal,2,375.0,502.0,1.0,36.0,14,109,11654,5,1.0
98,1.0,0.0,0.0,1.0,6.0,7,163.2533418526787,163.2533418526787,pobre,basal,2,375.0,502.0,1.0,36.0,15,109,11654,5,1.0
97,1.0,0.0,0.0,1.0,5.0,7,163.2533418526787,163.2533418526787,pobre,basal,2,375.0,502.0,1.0,36.0,11,109,11655,5,1.0
98,1.0,0.0,0.0,1.0,5.0,7,163.2533418526787,163.2533418526787,pobre,basal,2,375.0,502.0,1.0,36.0,12,109,11655,5,1.0
97,1.0,0.0,0.0,1.0,1.0,7,163.2533418526787,163.2533418526787,pobre,basal,2,375.0,502.0,1.0,36.0,8,109,11656,1,1.0
98,1.0,0.0,0.0,1.0,2.0,7,163.2533418526787,163.2533418526787,pobre,basal,2,375.0,502.0,1.0,36.0,9,109,11656,1,1.0
97,1.0,0.0,0.0,1.0,1.0,4,163.2533418526787,163.2533418526787,pobre,basal,3,375.0,578.0,1.0,26.0,7,109,11657,1,1.0
98,1.0,0.0,0.0,1.0,1.0,4,163.2533418526787,163.2533418526787,pobre,basal,3,375.0,578.0,1.0,26.0,8,109,11657,1,1.0
97,1.0,0.0,0.0,1.0,7.0,6,163.2533418526787,163.2533418526787,pobre,basal,3,375.0,533.0,1.0,39.0,14,109,11658,7,1.0
98,1.0,0.0,0.0,1.0,8.0,6,163.2533418526787,163.2533418526787,pobre,basal,3,375.0,533.0,1.0,39.0,15,109,11658,7,1.0
97,1.0,0.0,0.0,1.0,1.0,6,163.2533418526787,163.2533418526787,pobre,basal,3,375.0,533.0,1.0,39.0,10,109,11659,1,1.0
98,1.0,0.0,0.0,1.0,2.0,6,163.2533418526787,163.2533418526787,pobre,basal,3,375.0,533.0,1.0,39.0,11,109,11659,1,1.0
97,0.0,0.0,0.0,1.0,1.0,6,163.2533418526787,163.2533418526787,pobre,basal,3,375.0,533.0,1.0,39.0,6,109,11660,1,1.0
98,0.0,0.0,0.0,1.0,0.0,6,163.2533418526787,163.2533418526787,pobre,basal,3,375.0,533.0,1.0,39.0,7,109,11660,1,1.0
97,1.0,1.0,0.0,,0.0,4,163.2533418526787,163.2533418526787,pobre,basal,0,375.0,609.0,1.0,46.0,13,109,11661,0,
98,1.0,1.0,0.0,,,4,163.2533418526787,163.2533418526787,pobre,basal,0,375.0,609.0,1.0,46.0,14,109,11661,0,
97,1.0,1.0,0.0,1.0,2.0,10,163.2533418526787,163.2533418526787,pobre,basal,0,375.0,537.0,1.0,36.0,8,109,11662,2,1.0
98,1.0,1.0,0.0,1.0,3.0,10,163.2533418526787,163.2533418526787,pobre,basal,0,375.0,537.0,1.0,36.0,9,109,11662,2,1.0
97,1.0,1.0,0.0,0.0,2.0,10,163.2533418526787,163.2533418526787,pobre,basal,0,375.0,537.0,1.0,36.0,13,109,11663,2,0.0
98,1.0,1.0,0.0,0.0,2.0,10,163.2533418526787,163.2533418526787,pobre,basal,0,375.0,537.0,1.0,36.0,14,109,11663,2,0.0
97,0.0,1.0,0.0,1.0,3.0,10,163.2533418526787,163.2533418526787,pobre,basal,0,375.0,537.0,1.0,36.0,11,109,11664,3,1.0
98,0.0,1.0,0.0,1.0,4.0,10,163.2533418526787,163.2533418526787,pobre,basal,0,375.0,537.0,1.0,36.0,12,109,11664,3,1.0
97,1.0,1.0,0.0,,0.0,10,163.2533418526787,163.2533418526787,pobre,basal,0,375.0,537.0,1.0,36.0,9,109,11665,0,
98,1.0,1.0,0.0,,,10,163.2533418526787,163.2533418526787,pobre,basal,0,375.0,537.0,1.0,36.0,10,109,11665,0,
97,0.0,1.0,0.0,0.0,4.0,5,163.2533418526787,163.2533418526787,pobre,basal,0,375.0,562.0,1.0,36.0,10,109,11666,4,0.0
98,0.0,1.0,0.0,1.0,4.0,5,163.2533418526787,163.2533418526787,pobre,basal,0,375.0,562.0,1.0,36.0,11,109,11666,4,0.0
97,0.0,1.0,0.0,1.0,2.0,5,163.2533418526787,163.2533418526787,pobre,basal,0,375.0,562.0,1.0,36.0,6,109,11667,2,1.0
98,0.0,1.0,0.0,1.0,1.0,5,163.2533418526787,163.2533418526787,pobre,basal,0,375.0,562.0,1.0,36.0,7,109,11667,2,1.0
97,1.0,1.0,0.0,,0.0,5,163.2533418526787,163.2533418526787,pobre,basal,0,375.0,587.5,1.0,55.0,15,109,11668,0,
98,1.0,1.0,0.0,0.0,6.0,5,163.2533418526787,163.2533418526787,pobre,basal,0,375.0,587.5,1.0,55.0,16,109,11668,0,
97,0.0,1.0,0.0,,0.0,5,163.2533418526787,163.2533418526787,pobre,basal,0,375.0,587.5,1.0,55.0,12,109,11669,0,
98,0.0,1.0,0.0,,,5,163.2533418526787,163.2533418526787,pobre,basal,0,375.0,587.5,1.0,55.0,13,109,11669,0,
97,0.0,1.0,0.0,1.0,2.0,5,163.2533418526787,163.2533418526787,pobre,basal,0,375.0,587.5,1.0,55.0,8,109,11670,2,1.0
98,0.0,1.0,0.0,1.0,3.0,5,163.2533418526787,163.2533418526787,pobre,basal,0,375.0,587.5,1.0,55.0,9,109,11670,2,1.0
97,0.0,1.0,0.0,0.0,2.0,6,163.2533418526787,163.2533418526787,pobre,basal,3,375.0,516.0,1.0,48.0,10,109,11671,2,0.0
98,0.0,1.0,0.0,,,6,163.2533418526787,163.2533418526787,pobre,basal,3,375.0,516.0,1.0,48.0,11,109,11671,2,0.0
97,1.0,1.0,0.0,1.0,2.0,6,163.2533418526787,163.2533418526787,pobre,basal,3,375.0,516.0,1.0,48.0,8,109,11672,2,1.0
98,1.0,1.0,0.0,1.0,2.0,6,163.2533418526787,163.2533418526787,pobre,basal,3,375.0,516.0,1.0,48.0,9,109,11672,2,1.0
97,1.0,1.0,0.0,1.0,0.0,6,163.2533418526787,163.2533418526787,pobre,basal,3,375.0,516.0,1.0,48.0,6,109,11673,0,1.0
98,1.0,1.0,0.0,1.0,0.0,6,163.2533418526787,163.2533418526787,pobre,basal,3,375.0,516.0,1.0,48.0,7,109,11673,0,1.0
97,0.0,1.0,0.0,,0.0,8,163.2533418526787,163.2533418526787,pobre,basal,3,375.0,643.0,1.0,44.0,13,109,11674,0,
98,0.0,1.0,0.0,0.0,6.0,8,163.2533418526787,163.2533418526787,pobre,basal,3,375.0,643.0,1.0,44.0,14,109,11674,0,
97,0.0,1.0,0.0,1.0,2.0,8,163.2533418526787,163.2533418526787,pobre,basal,3,375.0,643.0,1.0,44.0,10,109,11675,2,1.0
98,0.0,1.0,0.0,1.0,3.0,8,163.2533418526787,163.2533418526787,pobre,basal,3,375.0,643.0,1.0,44.0,11,109,11675,2,1.0
97,1.0,1.0,0.0,1.0,1.0,8,163.2533418526787,163.2533418526787,pobre,basal,3,375.0,643.0,1.0,44.0,7,109,11676,1,1.0
98,1.0,1.0,0.0,1.0,2.0,8,163.2533418526787,163.2533418526787,pobre,basal,3,375.0,643.0,1.0,44.0,8,109,11676,1,1.0
97,0.0,0.0,0.0,1.0,3.0,7,163.2533418526787,163.2533418526787,pobre,basal,0,375.0,464.0,1.0,31.0,10,109,11677,3,1.0
98,0.0,0.0,0.0,1.0,4.0,7,163.2533418526787,163.2533418526787,pobre,basal,0,375.0,464.0,1.0,31.0,11,109,11677,3,1.0
97,1.0,0.0,0.0,1.0,1.0,7,163.2533418526787,163.2533418526787,pobre,basal,0,375.0,464.0,1.0,31.0,8,109,11678,1,1.0
98,1.0,0.0,0.0,1.0,2.0,7,163.2533418526787,163.2533418526787,pobre,basal,0,375.0,464.0,1.0,31.0,9,109,11678,1,1.0
97,1.0,0.0,0.0,1.0,5.0,5,163.2533418526787,163.2533418526787,pobre,basal,0,375.0,597.0,1.0,53.0,12,109,11679,5,1.0
98,1.0,0.0,0.0,1.0,6.0,5,163.2533418526787,163.2533418526787,pobre,basal,0,375.0,597.0,1.0,53.0,13,109,11679,5,1.0
97,1.0,0.0,0.0,1.0,2.0,5,163.2533418526787,163.2533418526787,pobre,basal,0,375.0,597.0,1.0,53.0,8,109,11680,2,1.0
98,1.0,0.0,0.0,1.0,2.0,5,163.2533418526787,163.2533418526787,pobre,basal,0,375.0,597.0,1.0,53.0,9,109,11680,2,1.0
97,1.0,0.0,0.0,1.0,4.0,7,163.2533418526787,163.2533418526787,pobre,basal,4,375.0,474.0,1.0,34.0,11,109,11681,4,1.0
98,1.0,0.0,0.0,1.0,5.0,7,163.2533418526787,163.2533418526787,pobre,basal,4,375.0,474.0,1.0,34.0,12,109,11681,4,1.0
97,1.0,0.0,0.0,1.0,2.0,7,163.2533418526787,163.2533418526787,pobre,basal,4,375.0,474.0,1.0,34.0,8,109,11682,2,1.0
98,1.0,0.0,0.0,1.0,3.0,7,163.2533418526787,163.2533418526787,pobre,basal,4,375.0,474.0,1.0,34.0,9,109,11682,2,1.0
97,0.0,0.0,0.0,1.0,0.0,7,163.2533418526787,163.2533418526787,pobre,basal,4,375.0,474.0,1.0,34.0,6,109,11683,0,1.0
98,0.0,0.0,0.0,1.0,1.0,7,163.2533418526787,163.2533418526787,pobre,basal,4,375.0,474.0,1.0,34.0,7,109,11683,0,1.0
97,1.0,0.0,0.0,0.0,6.0,3,163.2533418526787,163.2533418526787,pobre,basal,0,0.0,645.0,1.0,47.0,13,109,11684,6,0.0
98,1.0,0.0,0.0,0.0,6.0,3,163.2533418526787,163.2533418526787,pobre,basal,0,0.0,645.0,1.0,47.0,14,109,11684,6,0.0
97,1.0,0.0,0.0,1.0,3.0,3,163.2533418526787,163.2533418526787,pobre,basal,0,0.0,645.0,1.0,47.0,10,109,11685,3,1.0
98,1.0,0.0,0.0,1.0,4.0,3,163.2533418526787,163.2533418526787,pobre,basal,0,0.0,645.0,1.0,47.0,11,109,11685,3,1.0
97,1.0,0.0,1.869,1.0,8.0,9,155.2978263123193,204.0260655770273,pobre,0,9,625.0,587.0,1.0,52.0,14,86,11686,8,1.0
98,1.0,0.0,1.869,0.0,9.0,9,155.2978263123193,204.0260655770273,pobre,0,9,625.0,587.0,1.0,52.0,15,86,11686,8,1.0
97,1.0,0.0,1.869,1.0,4.0,9,155.2978263123193,204.0260655770273,pobre,0,9,625.0,587.0,1.0,52.0,9,86,11687,4,1.0
98,1.0,0.0,1.869,1.0,5.0,9,155.2978263123193,204.0260655770273,pobre,0,9,625.0,587.0,1.0,52.0,10,86,11687,4,1.0
97,0.0,0.0,1.869,1.0,4.0,9,155.2978263123193,204.0260655770273,pobre,0,9,625.0,587.0,1.0,52.0,9,86,11688,4,1.0
98,0.0,0.0,1.869,1.0,5.0,9,155.2978263123193,204.0260655770273,pobre,0,9,625.0,587.0,1.0,52.0,10,86,11688,4,1.0
97,1.0,0.0,1.869,1.0,3.0,3,155.2978263123193,204.0260655770273,no pobre,0,2,625.0,777.0,1.0,65.0,15,86,11689,3,1.0
98,1.0,0.0,1.869,1.0,7.0,3,155.2978263123193,204.0260655770273,no pobre,0,2,625.0,777.0,1.0,65.0,16,86,11689,3,1.0
97,1.0,0.0,1.869,1.0,5.0,7,155.2978263123193,204.0260655770273,pobre,0,2,625.0,502.0,1.0,43.0,15,86,11690,5,1.0
98,1.0,0.0,1.869,0.0,6.0,7,155.2978263123193,204.0260655770273,pobre,0,2,625.0,502.0,1.0,43.0,16,86,11690,5,1.0
97,1.0,0.0,1.869,1.0,5.0,7,155.2978263123193,204.0260655770273,pobre,0,2,625.0,502.0,1.0,43.0,14,86,11691,5,1.0
98,1.0,0.0,1.869,0.0,6.0,7,155.2978263123193,204.0260655770273,pobre,0,2,625.0,502.0,1.0,43.0,15,86,11691,5,1.0
97,1.0,0.0,1.869,1.0,3.0,7,155.2978263123193,204.0260655770273,pobre,0,2,625.0,502.0,1.0,43.0,10,86,11692,3,1.0
98,1.0,0.0,1.869,,4.0,7,155.2978263123193,204.0260655770273,pobre,0,2,625.0,502.0,1.0,43.0,11,86,11692,3,1.0
97,0.0,0.0,1.869,1.0,2.0,7,155.2978263123193,204.0260655770273,pobre,0,2,625.0,502.0,1.0,43.0,8,86,11693,2,1.0
98,0.0,0.0,1.869,1.0,3.0,7,155.2978263123193,204.0260655770273,pobre,0,2,625.0,502.0,1.0,43.0,9,86,11693,2,1.0
97,1.0,0.0,0.0,0.0,9.0,7,120.9653410806653,223.3932976049372,pobre,0,0,500.0,696.0,1.0,39.0,15,80,11694,9,0.0
98,1.0,0.0,0.0,0.0,9.0,7,120.9653410806653,223.3932976049372,pobre,0,0,500.0,696.0,1.0,39.0,16,80,11694,9,0.0
97,0.0,0.0,0.0,1.0,5.0,7,120.9653410806653,223.3932976049372,pobre,0,0,500.0,696.0,1.0,39.0,10,80,11695,5,1.0
98,0.0,0.0,0.0,1.0,5.0,7,120.9653410806653,223.3932976049372,pobre,0,0,500.0,696.0,1.0,39.0,11,80,11695,5,1.0
97,0.0,0.0,0.0,1.0,3.0,7,120.9653410806653,223.3932976049372,pobre,0,0,500.0,696.0,1.0,39.0,8,80,11696,3,1.0
98,0.0,0.0,0.0,1.0,3.0,7,120.9653410806653,223.3932976049372,pobre,0,0,500.0,696.0,1.0,39.0,9,80,11696,3,1.0
97,1.0,0.0,0.0,1.0,1.0,7,120.9653410806653,223.3932976049372,pobre,0,0,500.0,696.0,1.0,39.0,6,80,11697,1,1.0
98,1.0,0.0,0.0,1.0,1.0,7,120.9653410806653,223.3932976049372,pobre,0,0,500.0,696.0,1.0,39.0,7,80,11697,1,1.0
97,1.0,0.0,0.0,0.0,6.0,4,120.9653410806653,223.3932976049372,no pobre,0,0,500.0,812.0,1.0,64.0,15,80,11698,6,0.0
98,1.0,0.0,0.0,0.0,6.0,4,120.9653410806653,223.3932976049372,no pobre,0,0,500.0,812.0,1.0,64.0,16,80,11698,6,0.0
97,0.0,0.0,0.0,1.0,9.0,4,120.9653410806653,223.3932976049372,no pobre,0,0,500.0,1036.0,1.0,52.0,15,80,11699,9,1.0
98,0.0,0.0,0.0,0.0,9.0,4,120.9653410806653,223.3932976049372,no pobre,0,0,500.0,1036.0,1.0,52.0,16,80,11699,9,1.0
97,0.0,0.0,0.0,0.0,9.0,8,120.9653410806653,223.3932976049372,no pobre,0,3,500.0,876.0,1.0,41.0,15,80,11700,9,0.0
98,0.0,0.0,0.0,0.0,9.0,8,120.9653410806653,223.3932976049372,no pobre,0,3,500.0,876.0,1.0,41.0,16,80,11700,9,0.0
97,0.0,0.0,0.0,1.0,6.0,8,120.9653410806653,223.3932976049372,no pobre,0,3,500.0,876.0,1.0,41.0,13,80,11701,6,1.0
98,0.0,0.0,0.0,0.0,7.0,8,120.9653410806653,223.3932976049372,no pobre,0,3,500.0,876.0,1.0,41.0,14,80,11701,6,1.0
97,0.0,0.0,0.0,1.0,4.0,8,120.9653410806653,223.3932976049372,no pobre,0,3,500.0,876.0,1.0,41.0,10,80,11702,4,1.0
98,0.0,0.0,0.0,1.0,5.0,8,120.9653410806653,223.3932976049372,no pobre,0,3,500.0,876.0,1.0,41.0,11,80,11702,4,1.0
97,1.0,0.0,0.0,1.0,1.0,4,120.9653410806653,223.3932976049372,pobre,0,9,600.0,711.0,1.0,28.0,7,80,11703,1,1.0
98,1.0,0.0,0.0,1.0,2.0,4,120.9653410806653,223.3932976049372,pobre,0,9,600.0,711.0,1.0,28.0,8,80,11703,1,1.0
97,1.0,0.0,0.0,1.0,9.0,5,120.9653410806653,223.3932976049372,no pobre,0,3,500.0,868.97998,1.0,46.0,15,80,11704,9,1.0
98,1.0,0.0,0.0,1.0,10.0,5,120.9653410806653,223.3932976049372,no pobre,0,3,500.0,868.97998,1.0,46.0,16,80,11704,9,1.0
97,1.0,0.0,0.0,1.0,5.0,5,120.9653410806653,223.3932976049372,no pobre,0,3,500.0,868.97998,1.0,46.0,12,80,11705,5,1.0
98,1.0,0.0,0.0,1.0,6.0,5,120.9653410806653,223.3932976049372,no pobre,0,3,500.0,868.97998,1.0,46.0,13,80,11705,5,1.0
97,0.0,1.0,2.444,1.0,2.0,9,135.9071364369724,205.6546783532462,pobre,basal,0,375.0,555.5,1.0,60.0,8,83,11706,2,1.0
98,0.0,1.0,2.444,1.0,3.0,9,135.9071364369724,205.6546783532462,pobre,basal,0,375.0,555.5,1.0,60.0,9,83,11706,2,1.0
97,0.0,1.0,2.444,1.0,0.0,9,135.9071364369724,205.6546783532462,pobre,basal,0,375.0,555.5,1.0,60.0,6,83,11707,0,1.0
98,0.0,1.0,2.444,1.0,1.0,9,135.9071364369724,205.6546783532462,pobre,basal,0,375.0,555.5,1.0,60.0,7,83,11707,0,1.0
97,1.0,1.0,2.444,1.0,4.0,7,135.9071364369724,205.6546783532462,pobre,basal,9,375.0,578.0,1.0,31.0,10,83,11708,4,1.0
98,1.0,1.0,2.444,1.0,5.0,7,135.9071364369724,205.6546783532462,pobre,basal,9,375.0,578.0,1.0,31.0,11,83,11708,4,1.0
97,0.0,1.0,2.444,1.0,3.0,7,135.9071364369724,205.6546783532462,pobre,basal,9,375.0,578.0,1.0,31.0,8,83,11709,3,1.0
98,0.0,1.0,2.444,1.0,4.0,7,135.9071364369724,205.6546783532462,pobre,basal,9,375.0,578.0,1.0,31.0,9,83,11709,3,1.0
97,1.0,0.0,0.0,0.0,6.0,6,120.9653410806653,223.3932976049372,pobre,0,0,500.0,679.0,1.0,41.0,16,80,11710,6,0.0
98,1.0,0.0,0.0,,,6,120.9653410806653,223.3932976049372,pobre,0,0,500.0,679.0,1.0,41.0,17,80,11710,6,0.0
97,1.0,0.0,0.0,0.0,3.0,6,120.9653410806653,223.3932976049372,pobre,0,0,500.0,679.0,1.0,41.0,13,80,11711,3,0.0
98,1.0,0.0,0.0,0.0,3.0,6,120.9653410806653,223.3932976049372,pobre,0,0,500.0,679.0,1.0,41.0,14,80,11711,3,0.0
97,1.0,0.0,0.0,1.0,4.0,6,120.9653410806653,223.3932976049372,pobre,0,0,500.0,679.0,1.0,41.0,12,80,11712,4,1.0
98,1.0,0.0,0.0,1.0,5.0,6,120.9653410806653,223.3932976049372,pobre,0,0,500.0,679.0,1.0,41.0,13,80,11712,4,1.0
97,1.0,0.0,0.0,1.0,4.0,6,120.9653410806653,223.3932976049372,pobre,0,0,500.0,679.0,1.0,41.0,10,80,11713,4,1.0
98,1.0,0.0,0.0,1.0,5.0,6,120.9653410806653,223.3932976049372,pobre,0,0,500.0,679.0,1.0,41.0,11,80,11713,4,1.0
97,1.0,0.0,0.0,1.0,2.0,4,120.9653410806653,223.3932976049372,pobre,0,0,500.0,769.0,1.0,57.0,9,80,11714,2,1.0
98,1.0,0.0,0.0,1.0,4.0,4,120.9653410806653,223.3932976049372,pobre,0,0,500.0,769.0,1.0,57.0,10,80,11714,2,1.0
97,1.0,0.0,0.0,1.0,2.0,5,120.9653410806653,223.3932976049372,pobre,0,3,500.0,776.0,1.0,32.0,8,80,11715,2,1.0
98,1.0,0.0,0.0,1.0,3.0,5,120.9653410806653,223.3932976049372,pobre,0,3,500.0,776.0,1.0,32.0,9,80,11715,2,1.0
97,0.0,0.0,0.0,1.0,1.0,5,120.9653410806653,223.3932976049372,pobre,0,3,500.0,776.0,1.0,32.0,7,80,11716,1,1.0
98,0.0,0.0,0.0,1.0,2.0,5,120.9653410806653,223.3932976049372,pobre,0,3,500.0,776.0,1.0,32.0,8,80,11716,1,1.0
97,0.0,0.0,0.0,0.0,6.0,8,120.9653410806653,223.3932976049372,pobre,0,4,500.0,725.0,1.0,44.0,15,80,11717,6,0.0
98,0.0,0.0,0.0,0.0,6.0,8,120.9653410806653,223.3932976049372,pobre,0,4,500.0,725.0,1.0,44.0,16,80,11717,6,0.0
97,1.0,0.0,0.0,1.0,7.0,8,120.9653410806653,223.3932976049372,pobre,0,4,500.0,725.0,1.0,44.0,14,80,11718,7,1.0
98,1.0,0.0,0.0,1.0,8.0,8,120.9653410806653,223.3932976049372,pobre,0,4,500.0,725.0,1.0,44.0,15,80,11718,7,1.0
97,0.0,0.0,0.0,1.0,5.0,8,120.9653410806653,223.3932976049372,pobre,0,4,500.0,725.0,1.0,44.0,12,80,11719,5,1.0
98,0.0,0.0,0.0,1.0,5.0,8,120.9653410806653,223.3932976049372,pobre,0,4,500.0,725.0,1.0,44.0,13,80,11719,5,1.0
97,0.0,0.0,0.0,1.0,3.0,8,120.9653410806653,223.3932976049372,pobre,0,4,500.0,725.0,1.0,44.0,10,80,11720,3,1.0
98,0.0,0.0,0.0,1.0,4.0,8,120.9653410806653,223.3932976049372,pobre,0,4,500.0,725.0,1.0,44.0,11,80,11720,3,1.0
97,0.0,0.0,0.0,0.0,6.0,7,120.9653410806653,223.3932976049372,pobre,0,2,500.0,623.0,1.0,42.0,15,80,11721,6,0.0
98,0.0,0.0,0.0,0.0,6.0,7,120.9653410806653,223.3932976049372,pobre,0,2,500.0,623.0,1.0,42.0,16,80,11721,6,0.0
97,0.0,0.0,0.0,1.0,6.0,7,120.9653410806653,223.3932976049372,pobre,0,2,500.0,623.0,1.0,42.0,13,80,11722,6,1.0
98,0.0,0.0,0.0,1.0,7.0,7,120.9653410806653,223.3932976049372,pobre,0,2,500.0,623.0,1.0,42.0,14,80,11722,6,1.0
97,1.0,0.0,0.0,1.0,4.0,7,120.9653410806653,223.3932976049372,pobre,0,2,500.0,623.0,1.0,42.0,10,80,11723,4,1.0
98,1.0,0.0,0.0,1.0,5.0,7,120.9653410806653,223.3932976049372,pobre,0,2,500.0,623.0,1.0,42.0,11,80,11723,4,1.0
97,1.0,0.0,0.0,1.0,1.0,7,120.9653410806653,223.3932976049372,pobre,0,2,500.0,623.0,1.0,42.0,7,80,11724,1,1.0
98,1.0,0.0,0.0,1.0,2.0,7,120.9653410806653,223.3932976049372,pobre,0,2,500.0,623.0,1.0,42.0,8,80,11724,1,1.0
97,1.0,0.0,0.0,1.0,5.0,8,120.9653410806653,223.3932976049372,pobre,0,2,1750.0,802.0,1.0,47.0,12,80,11725,5,1.0
98,1.0,0.0,0.0,1.0,6.0,8,120.9653410806653,223.3932976049372,pobre,0,2,1750.0,802.0,1.0,47.0,13,80,11725,5,1.0
97,0.0,0.0,0.0,1.0,3.0,8,120.9653410806653,223.3932976049372,pobre,0,2,1750.0,802.0,1.0,47.0,10,80,11726,3,1.0
98,0.0,0.0,0.0,1.0,4.0,8,120.9653410806653,223.3932976049372,pobre,0,2,1750.0,802.0,1.0,47.0,11,80,11726,3,1.0
97,1.0,0.0,0.0,1.0,2.0,8,120.9653410806653,223.3932976049372,pobre,0,2,1750.0,802.0,1.0,47.0,9,80,11727,2,1.0
98,1.0,0.0,0.0,1.0,3.0,8,120.9653410806653,223.3932976049372,pobre,0,2,1750.0,802.0,1.0,47.0,10,80,11727,2,1.0
97,0.0,0.0,0.0,1.0,8.0,3,120.9653410806653,223.3932976049372,no pobre,0,0,500.0,815.0,1.0,54.0,13,80,11728,8,1.0
98,0.0,0.0,0.0,0.0,9.0,3,120.9653410806653,223.3932976049372,no pobre,0,0,500.0,815.0,1.0,54.0,14,80,11728,8,1.0
97,1.0,0.0,0.0,0.0,6.0,9,120.9653410806653,223.3932976049372,no pobre,0,0,500.0,793.0,1.0,49.0,16,80,11729,6,0.0
98,1.0,0.0,0.0,,,9,120.9653410806653,223.3932976049372,no pobre,0,0,500.0,793.0,1.0,49.0,17,80,11729,6,0.0
97,0.0,0.0,0.0,1.0,7.0,9,120.9653410806653,223.3932976049372,no pobre,0,0,500.0,793.0,1.0,49.0,13,80,11730,7,1.0
98,0.0,0.0,0.0,1.0,8.0,9,120.9653410806653,223.3932976049372,no pobre,0,0,500.0,793.0,1.0,49.0,14,80,11730,7,1.0
97,0.0,0.0,0.0,1.0,4.0,9,120.9653410806653,223.3932976049372,no pobre,0,0,500.0,793.0,1.0,49.0,11,80,11731,4,1.0
98,0.0,0.0,0.0,1.0,5.0,9,120.9653410806653,223.3932976049372,no pobre,0,0,500.0,793.0,1.0,49.0,12,80,11731,4,1.0
97,0.0,0.0,0.0,1.0,1.0,4,120.9653410806653,223.3932976049372,pobre,0,0,875.0,706.0,1.0,54.0,10,80,11732,1,1.0
98,0.0,0.0,0.0,1.0,2.0,4,120.9653410806653,223.3932976049372,pobre,0,0,875.0,706.0,1.0,54.0,11,80,11732,1,1.0
97,1.0,0.0,0.0,1.0,0.0,4,120.9653410806653,223.3932976049372,pobre,0,0,875.0,706.0,1.0,54.0,7,80,11733,0,1.0
98,1.0,0.0,0.0,1.0,1.0,4,120.9653410806653,223.3932976049372,pobre,0,0,875.0,706.0,1.0,54.0,8,80,11733,0,1.0
97,0.0,0.0,0.0,1.0,8.0,5,120.9653410806653,223.3932976049372,pobre,0,3,500.0,725.0,1.0,42.0,14,80,11734,8,1.0
98,0.0,0.0,0.0,1.0,9.0,5,120.9653410806653,223.3932976049372,pobre,0,3,500.0,725.0,1.0,42.0,15,80,11734,8,1.0
97,1.0,0.0,0.0,1.0,6.0,5,120.9653410806653,223.3932976049372,pobre,0,3,500.0,725.0,1.0,42.0,12,80,11735,6,1.0
98,1.0,0.0,0.0,1.0,7.0,5,120.9653410806653,223.3932976049372,pobre,0,3,500.0,725.0,1.0,42.0,13,80,11735,6,1.0
97,0.0,0.0,0.0,1.0,3.0,5,120.9653410806653,223.3932976049372,pobre,0,3,500.0,725.0,1.0,42.0,10,80,11736,3,1.0
98,0.0,0.0,0.0,,,5,120.9653410806653,223.3932976049372,pobre,0,3,500.0,725.0,1.0,42.0,11,80,11736,3,1.0
97,0.0,0.0,0.0,1.0,7.0,7,120.9653410806653,223.3932976049372,pobre,0,1,500.0,724.5,1.0,52.0,14,80,11737,7,1.0
98,0.0,0.0,0.0,,,7,120.9653410806653,223.3932976049372,pobre,0,1,500.0,724.5,1.0,52.0,15,80,11737,7,1.0
97,1.0,0.0,0.0,1.0,4.0,7,120.9653410806653,223.3932976049372,pobre,0,1,500.0,724.5,1.0,52.0,10,80,11738,4,1.0
98,1.0,0.0,0.0,1.0,5.0,7,120.9653410806653,223.3932976049372,pobre,0,1,500.0,724.5,1.0,52.0,11,80,11738,4,1.0
97,1.0,0.0,0.0,1.0,3.0,7,120.9653410806653,223.3932976049372,pobre,0,1,500.0,724.5,1.0,52.0,9,80,11739,3,1.0
98,1.0,0.0,0.0,1.0,4.0,7,120.9653410806653,223.3932976049372,pobre,0,1,500.0,724.5,1.0,52.0,10,80,11739,3,1.0
97,1.0,0.0,0.0,1.0,1.0,4,120.9653410806653,223.3932976049372,no pobre,0,16,2400.0,899.0,1.0,35.0,7,80,11740,1,1.0
98,1.0,0.0,0.0,1.0,2.0,4,120.9653410806653,223.3932976049372,no pobre,0,16,2400.0,899.0,1.0,35.0,8,80,11740,1,1.0
97,0.0,0.0,0.0,1.0,4.0,7,120.9653410806653,223.3932976049372,pobre,0,3,500.0,638.0,1.0,33.0,10,80,11741,4,1.0
98,0.0,0.0,0.0,1.0,5.0,7,120.9653410806653,223.3932976049372,pobre,0,3,500.0,638.0,1.0,33.0,11,80,11741,4,1.0
97,0.0,0.0,0.0,1.0,3.0,7,120.9653410806653,223.3932976049372,pobre,0,3,500.0,638.0,1.0,33.0,9,80,11742,3,1.0
98,0.0,0.0,0.0,1.0,4.0,7,120.9653410806653,223.3932976049372,pobre,0,3,500.0,638.0,1.0,33.0,10,80,11742,3,1.0
97,1.0,0.0,0.0,,0.0,7,120.9653410806653,223.3932976049372,pobre,0,3,500.0,638.0,1.0,33.0,7,80,11743,0,
98,1.0,0.0,0.0,1.0,3.0,7,120.9653410806653,223.3932976049372,pobre,0,3,500.0,638.0,1.0,33.0,8,80,11743,0,
97,1.0,0.0,0.0,1.0,8.0,6,120.9653410806653,223.3932976049372,no pobre,0,1,500.0,822.0,1.0,76.0,14,80,11744,8,1.0
98,1.0,0.0,0.0,1.0,9.0,6,120.9653410806653,223.3932976049372,no pobre,0,1,500.0,822.0,1.0,76.0,15,80,11744,8,1.0
97,1.0,0.0,0.0,1.0,8.0,4,120.9653410806653,223.3932976049372,pobre,0,0,500.0,715.0,1.0,54.0,15,80,11745,8,1.0
98,1.0,0.0,0.0,1.0,9.0,4,120.9653410806653,223.3932976049372,pobre,0,0,500.0,715.0,1.0,54.0,16,80,11745,8,1.0
97,0.0,0.0,0.0,1.0,6.0,4,120.9653410806653,223.3932976049372,pobre,0,0,500.0,715.0,1.0,54.0,14,80,11746,6,1.0
98,0.0,0.0,0.0,1.0,7.0,4,120.9653410806653,223.3932976049372,pobre,0,0,500.0,715.0,1.0,54.0,15,80,11746,6,1.0
97,1.0,0.0,0.0,1.0,5.0,6,120.9653410806653,223.3932976049372,pobre,0,2,1200.0,678.0,1.0,36.0,11,80,11747,5,1.0
98,1.0,0.0,0.0,1.0,6.0,6,120.9653410806653,223.3932976049372,pobre,0,2,1200.0,678.0,1.0,36.0,12,80,11747,5,1.0
97,0.0,0.0,0.0,1.0,4.0,6,120.9653410806653,223.3932976049372,pobre,0,2,1200.0,678.0,1.0,36.0,10,80,11748,4,1.0
98,0.0,0.0,0.0,1.0,5.0,6,120.9653410806653,223.3932976049372,pobre,0,2,1200.0,678.0,1.0,36.0,11,80,11748,4,1.0
97,0.0,0.0,0.0,,0.0,6,120.9653410806653,223.3932976049372,pobre,0,2,1200.0,678.0,1.0,36.0,7,80,11749,0,
98,0.0,0.0,0.0,1.0,2.0,6,120.9653410806653,223.3932976049372,pobre,0,2,1200.0,678.0,1.0,36.0,8,80,11749,0,
97,0.0,1.0,2.444,1.0,4.0,7,135.9071364369724,205.6546783532462,pobre,basal,8,375.0,578.0,1.0,32.0,11,83,11750,4,1.0
98,0.0,1.0,2.444,1.0,5.0,7,135.9071364369724,205.6546783532462,pobre,basal,8,375.0,578.0,1.0,32.0,12,83,11750,4,1.0
97,1.0,1.0,2.444,1.0,3.0,7,135.9071364369724,205.6546783532462,pobre,basal,8,375.0,578.0,1.0,32.0,9,83,11751,3,1.0
98,1.0,1.0,2.444,1.0,4.0,7,135.9071364369724,205.6546783532462,pobre,basal,8,375.0,578.0,1.0,32.0,10,83,11751,3,1.0
97,1.0,1.0,2.444,1.0,1.0,7,135.9071364369724,205.6546783532462,pobre,basal,8,375.0,578.0,1.0,32.0,7,83,11752,1,1.0
98,1.0,1.0,2.444,1.0,2.0,7,135.9071364369724,205.6546783532462,pobre,basal,8,375.0,578.0,1.0,32.0,8,83,11752,1,1.0
97,0.0,1.0,2.444,1.0,6.0,3,135.9071364369724,205.6546783532462,pobre,basal,0,0.0,678.0,0.0,36.0,13,83,11753,6,1.0
98,0.0,1.0,2.444,1.0,7.0,3,135.9071364369724,205.6546783532462,pobre,basal,0,0.0,678.0,0.0,36.0,14,83,11753,6,1.0
97,0.0,1.0,2.444,1.0,0.0,3,135.9071364369724,205.6546783532462,pobre,basal,0,0.0,678.0,0.0,36.0,6,83,11754,0,1.0
98,0.0,1.0,2.444,1.0,1.0,3,135.9071364369724,205.6546783532462,pobre,basal,0,0.0,678.0,0.0,36.0,7,83,11754,0,1.0
97,1.0,,0.0,1.0,2.0,8,120.9653410806653,223.3932976049372,no pobre,0,6,2400.0,868.0,1.0,26.0,7,80,11755,2,1.0
98,1.0,,0.0,1.0,2.0,8,120.9653410806653,223.3932976049372,no pobre,0,6,2400.0,868.0,1.0,26.0,8,80,11755,2,1.0
97,1.0,0.0,0.0,1.0,6.0,4,120.9653410806653,223.3932976049372,no pobre,0,4,500.0,866.0,1.0,33.0,12,80,11756,6,1.0
98,1.0,0.0,0.0,1.0,7.0,4,120.9653410806653,223.3932976049372,no pobre,0,4,500.0,866.0,1.0,33.0,13,80,11756,6,1.0
97,1.0,0.0,0.0,1.0,3.0,4,120.9653410806653,223.3932976049372,no pobre,0,4,500.0,866.0,1.0,33.0,10,80,11757,3,1.0
98,1.0,0.0,0.0,1.0,4.0,4,120.9653410806653,223.3932976049372,no pobre,0,4,500.0,866.0,1.0,33.0,11,80,11757,3,1.0
97,0.0,0.0,0.0,1.0,8.0,7,120.9653410806653,223.3932976049372,pobre,0,2,700.0,794.0,1.0,41.0,15,80,11758,8,1.0
98,0.0,0.0,0.0,0.0,9.0,7,120.9653410806653,223.3932976049372,pobre,0,2,700.0,794.0,1.0,41.0,16,80,11758,8,1.0
97,1.0,0.0,0.0,1.0,7.0,7,120.9653410806653,223.3932976049372,pobre,0,2,700.0,794.0,1.0,41.0,14,80,11759,7,1.0
98,1.0,0.0,0.0,1.0,8.0,7,120.9653410806653,223.3932976049372,pobre,0,2,700.0,794.0,1.0,41.0,15,80,11759,7,1.0
97,1.0,0.0,0.0,1.0,2.0,7,120.9653410806653,223.3932976049372,pobre,0,2,700.0,794.0,1.0,41.0,7,80,11760,2,1.0
98,1.0,0.0,0.0,1.0,2.0,7,120.9653410806653,223.3932976049372,pobre,0,2,700.0,794.0,1.0,41.0,8,80,11760,2,1.0
97,1.0,0.0,0.0,0.0,6.0,4,120.9653410806653,223.3932976049372,pobre,0,0,800.0,619.0,1.0,70.0,14,80,11761,6,0.0
98,1.0,0.0,0.0,0.0,6.0,4,120.9653410806653,223.3932976049372,pobre,0,0,800.0,619.0,1.0,70.0,15,80,11761,6,0.0
97,0.0,0.0,0.0,1.0,4.0,4,120.9653410806653,223.3932976049372,pobre,0,0,800.0,619.0,1.0,70.0,11,80,11762,4,1.0
98,0.0,0.0,0.0,1.0,6.0,4,120.9653410806653,223.3932976049372,pobre,0,0,800.0,619.0,1.0,70.0,12,80,11762,4,1.0
97,1.0,0.0,0.0,1.0,8.0,6,120.9653410806653,223.3932976049372,pobre,0,0,250.0,709.0,1.0,65.0,16,80,11763,8,1.0
98,1.0,0.0,0.0,,,6,120.9653410806653,223.3932976049372,pobre,0,0,250.0,709.0,1.0,65.0,17,80,11763,8,1.0
97,1.0,0.0,0.0,1.0,0.0,6,120.9653410806653,223.3932976049372,pobre,0,0,250.0,709.0,1.0,65.0,6,80,11764,0,1.0
98,1.0,0.0,0.0,1.0,1.0,6,120.9653410806653,223.3932976049372,pobre,0,0,250.0,709.0,1.0,65.0,7,80,11764,0,1.0
97,0.0,0.0,0.0,0.0,6.0,6,120.9653410806653,223.3932976049372,pobre,0,3,1400.0,666.0,1.0,37.0,15,80,11765,6,0.0
98,0.0,0.0,0.0,,,6,120.9653410806653,223.3932976049372,pobre,0,3,1400.0,666.0,1.0,37.0,16,80,11765,6,0.0
97,1.0,0.0,0.0,1.0,4.0,6,120.9653410806653,223.3932976049372,pobre,0,3,1400.0,666.0,1.0,37.0,10,80,11766,4,1.0
98,1.0,0.0,0.0,,,6,120.9653410806653,223.3932976049372,pobre,0,3,1400.0,666.0,1.0,37.0,11,80,11766,4,1.0
97,0.0,0.0,0.0,1.0,3.0,6,120.9653410806653,223.3932976049372,pobre,0,3,1400.0,666.0,1.0,37.0,9,80,11767,3,1.0
98,0.0,0.0,0.0,,,6,120.9653410806653,223.3932976049372,pobre,0,3,1400.0,666.0,1.0,37.0,10,80,11767,3,1.0
97,1.0,0.0,0.0,1.0,1.0,6,120.9653410806653,223.3932976049372,pobre,0,3,1400.0,666.0,1.0,37.0,7,80,11768,1,1.0
98,1.0,0.0,0.0,,,6,120.9653410806653,223.3932976049372,pobre,0,3,1400.0,666.0,1.0,37.0,8,80,11768,1,1.0
97,1.0,0.0,0.0,1.0,8.0,6,120.9653410806653,223.3932976049372,no pobre,0,2,500.0,973.0,1.0,52.0,7,80,11769,8,1.0
98,1.0,0.0,0.0,1.0,9.0,6,120.9653410806653,223.3932976049372,no pobre,0,2,500.0,973.0,1.0,52.0,8,80,11769,8,1.0
97,0.0,1.0,0.0,1.0,2.0,4,120.9653410806653,223.3932976049372,no pobre,0,2,500.0,808.0,1.0,27.0,6,80,11770,2,1.0
98,0.0,1.0,0.0,1.0,3.0,4,120.9653410806653,223.3932976049372,no pobre,0,2,500.0,808.0,1.0,27.0,7,80,11770,2,1.0
97,1.0,0.0,0.0,1.0,7.0,6,120.9653410806653,223.3932976049372,no pobre,0,0,500.0,977.0,1.0,52.0,11,80,11771,7,1.0
98,1.0,0.0,0.0,1.0,7.0,6,120.9653410806653,223.3932976049372,no pobre,0,0,500.0,977.0,1.0,52.0,12,80,11771,7,1.0
97,1.0,1.0,0.0,1.0,0.0,4,120.9653410806653,223.3932976049372,pobre,0,2,500.0,707.0,1.0,28.0,6,80,11772,0,1.0
98,1.0,1.0,0.0,,,4,120.9653410806653,223.3932976049372,pobre,0,2,500.0,707.0,1.0,28.0,7,80,11772,0,1.0
97,1.0,0.0,0.0,1.0,8.0,6,120.9653410806653,223.3932976049372,pobre,0,0,625.0,848.0,1.0,50.0,14,80,11773,8,1.0
98,1.0,0.0,0.0,1.0,9.0,6,120.9653410806653,223.3932976049372,pobre,0,0,625.0,848.0,1.0,50.0,15,80,11773,8,1.0
97,0.0,0.0,0.0,0.0,8.0,7,120.9653410806653,223.3932976049372,no pobre,0,1,500.0,932.5,1.0,51.0,16,80,11774,8,0.0
98,0.0,0.0,0.0,,,7,120.9653410806653,223.3932976049372,no pobre,0,1,500.0,932.5,1.0,51.0,17,80,11774,8,0.0
97,1.0,0.0,0.0,1.0,8.0,7,120.9653410806653,223.3932976049372,no pobre,0,1,500.0,932.5,1.0,51.0,13,80,11775,8,1.0
98,1.0,0.0,0.0,,,7,120.9653410806653,223.3932976049372,no pobre,0,1,500.0,932.5,1.0,51.0,14,80,11775,8,1.0
97,1.0,0.0,0.0,1.0,2.0,7,120.9653410806653,223.3932976049372,no pobre,0,1,500.0,932.5,1.0,51.0,8,80,11776,2,1.0
98,1.0,0.0,0.0,1.0,3.0,7,120.9653410806653,223.3932976049372,no pobre,0,1,500.0,932.5,1.0,51.0,9,80,11776,2,1.0
97,1.0,0.0,0.0,1.0,4.0,5,120.9653410806653,223.3932976049372,pobre,0,6,5000.0,713.0,1.0,30.0,10,80,11777,4,1.0
98,1.0,0.0,0.0,1.0,5.0,5,120.9653410806653,223.3932976049372,pobre,0,6,5000.0,713.0,1.0,30.0,11,80,11777,4,1.0
97,0.0,0.0,0.0,1.0,3.0,5,120.9653410806653,223.3932976049372,pobre,0,6,5000.0,713.0,1.0,30.0,8,80,11778,3,1.0
98,0.0,0.0,0.0,1.0,4.0,5,120.9653410806653,223.3932976049372,pobre,0,6,5000.0,713.0,1.0,30.0,9,80,11778,3,1.0
97,1.0,0.0,0.0,1.0,0.0,5,120.9653410806653,223.3932976049372,pobre,0,6,5000.0,713.0,1.0,30.0,6,80,11779,0,1.0
98,1.0,0.0,0.0,1.0,1.0,5,120.9653410806653,223.3932976049372,pobre,0,6,5000.0,713.0,1.0,30.0,7,80,11779,0,1.0
97,1.0,1.0,0.0,0.0,9.0,10,120.9653410806653,223.3932976049372,pobre,0,0,500.0,853.5,1.0,52.0,15,80,11780,9,0.0
98,1.0,1.0,0.0,0.0,7.0,10,120.9653410806653,223.3932976049372,pobre,0,0,500.0,853.5,1.0,52.0,16,80,11780,9,0.0
97,0.0,1.0,0.0,1.0,7.0,10,120.9653410806653,223.3932976049372,pobre,0,0,500.0,853.5,1.0,52.0,12,80,11781,7,1.0
98,0.0,1.0,0.0,1.0,7.0,10,120.9653410806653,223.3932976049372,pobre,0,0,500.0,853.5,1.0,52.0,13,80,11781,7,1.0
97,1.0,1.0,0.0,1.0,5.0,10,120.9653410806653,223.3932976049372,pobre,0,0,500.0,853.5,1.0,52.0,14,80,11782,5,1.0
98,1.0,1.0,0.0,1.0,6.0,10,120.9653410806653,223.3932976049372,pobre,0,0,500.0,853.5,1.0,52.0,15,80,11782,5,1.0
97,0.0,1.0,0.0,1.0,4.0,10,120.9653410806653,223.3932976049372,pobre,0,0,500.0,853.5,1.0,52.0,10,80,11783,4,1.0
98,0.0,1.0,0.0,1.0,5.0,10,120.9653410806653,223.3932976049372,pobre,0,0,500.0,853.5,1.0,52.0,11,80,11783,4,1.0
97,0.0,0.0,0.0,1.0,6.0,5,120.9653410806653,223.3932976049372,no pobre,0,3,500.0,976.0,1.0,44.0,12,80,11784,6,1.0
98,0.0,0.0,0.0,1.0,7.0,5,120.9653410806653,223.3932976049372,no pobre,0,3,500.0,976.0,1.0,44.0,13,80,11784,6,1.0
97,0.0,0.0,0.0,1.0,4.0,5,120.9653410806653,223.3932976049372,no pobre,0,3,500.0,976.0,1.0,44.0,10,80,11785,4,1.0
98,0.0,0.0,0.0,1.0,5.0,5,120.9653410806653,223.3932976049372,no pobre,0,3,500.0,976.0,1.0,44.0,11,80,11785,4,1.0
97,1.0,1.0,0.0,1.0,6.0,5,120.9653410806653,223.3932976049372,no pobre,0,4,500.0,853.0,1.0,41.0,14,80,11786,6,1.0
98,1.0,1.0,0.0,0.0,9.0,5,120.9653410806653,223.3932976049372,no pobre,0,4,500.0,853.0,1.0,41.0,15,80,11786,6,1.0
97,1.0,1.0,0.0,1.0,5.0,5,120.9653410806653,223.3932976049372,no pobre,0,4,500.0,853.0,1.0,41.0,12,80,11787,5,1.0
98,1.0,1.0,0.0,1.0,6.0,5,120.9653410806653,223.3932976049372,no pobre,0,4,500.0,853.0,1.0,41.0,13,80,11787,5,1.0
97,1.0,1.0,0.0,1.0,4.0,5,120.9653410806653,223.3932976049372,no pobre,0,4,500.0,853.0,1.0,41.0,10,80,11788,4,1.0
98,1.0,1.0,0.0,1.0,5.0,5,120.9653410806653,223.3932976049372,no pobre,0,4,500.0,853.0,1.0,41.0,11,80,11788,4,1.0
97,0.0,0.0,0.0,0.0,9.0,6,120.9653410806653,223.3932976049372,no pobre,0,1,0.0,811.0,0.0,43.0,16,80,11789,9,0.0
98,0.0,0.0,0.0,,,6,120.9653410806653,223.3932976049372,no pobre,0,1,0.0,811.0,0.0,43.0,17,80,11789,9,0.0
97,1.0,0.0,0.0,1.0,8.0,6,120.9653410806653,223.3932976049372,no pobre,0,1,0.0,811.0,0.0,43.0,14,80,11790,8,1.0
98,1.0,0.0,0.0,0.0,9.0,6,120.9653410806653,223.3932976049372,no pobre,0,1,0.0,811.0,0.0,43.0,15,80,11790,8,1.0
97,1.0,0.0,0.0,1.0,6.0,6,120.9653410806653,223.3932976049372,no pobre,0,1,0.0,811.0,0.0,43.0,12,80,11791,6,1.0
98,1.0,0.0,0.0,1.0,7.0,6,120.9653410806653,223.3932976049372,no pobre,0,1,0.0,811.0,0.0,43.0,13,80,11791,6,1.0
97,0.0,0.0,0.0,1.0,0.0,6,120.9653410806653,223.3932976049372,no pobre,0,1,0.0,811.0,0.0,43.0,6,80,11792,0,1.0
98,0.0,0.0,0.0,1.0,1.0,6,120.9653410806653,223.3932976049372,no pobre,0,1,0.0,811.0,0.0,43.0,7,80,11792,0,1.0
97,1.0,0.0,0.0,1.0,6.0,7,120.9653410806653,223.3932976049372,no pobre,0,3,500.0,802.5,1.0,59.0,13,80,11793,6,1.0
98,1.0,0.0,0.0,1.0,7.0,7,120.9653410806653,223.3932976049372,no pobre,0,3,500.0,802.5,1.0,59.0,14,80,11793,6,1.0
97,1.0,0.0,0.0,1.0,6.0,7,120.9653410806653,223.3932976049372,no pobre,0,3,500.0,1112.5,1.0,52.0,12,80,11794,6,1.0
98,1.0,0.0,0.0,1.0,7.0,7,120.9653410806653,223.3932976049372,no pobre,0,3,500.0,1112.5,1.0,52.0,13,80,11794,6,1.0
97,1.0,0.0,0.0,1.0,8.0,10,120.9653410806653,223.3932976049372,no pobre,0,6,500.0,940.5,1.0,47.0,14,80,11795,8,1.0
98,1.0,0.0,0.0,0.0,9.0,10,120.9653410806653,223.3932976049372,no pobre,0,6,500.0,940.5,1.0,47.0,15,80,11795,8,1.0
97,0.0,0.0,0.0,0.0,3.0,9,120.9653410806653,223.3932976049372,pobre,0,3,500.0,698.5,1.0,40.0,15,80,11796,3,0.0
98,0.0,0.0,0.0,0.0,3.0,9,120.9653410806653,223.3932976049372,pobre,0,3,500.0,698.5,1.0,40.0,16,80,11796,3,0.0
97,0.0,0.0,0.0,1.0,4.0,9,120.9653410806653,223.3932976049372,pobre,0,3,500.0,698.5,1.0,40.0,13,80,11797,4,1.0
98,0.0,0.0,0.0,1.0,5.0,9,120.9653410806653,223.3932976049372,pobre,0,3,500.0,698.5,1.0,40.0,14,80,11797,4,1.0
97,0.0,0.0,0.0,1.0,4.0,9,120.9653410806653,223.3932976049372,pobre,0,3,500.0,698.5,1.0,40.0,11,80,11798,4,1.0
98,0.0,0.0,0.0,1.0,5.0,9,120.9653410806653,223.3932976049372,pobre,0,3,500.0,698.5,1.0,40.0,12,80,11798,4,1.0
97,1.0,0.0,0.0,1.0,1.0,9,120.9653410806653,223.3932976049372,pobre,0,3,500.0,698.5,1.0,40.0,8,80,11799,1,1.0
98,1.0,0.0,0.0,1.0,2.0,9,120.9653410806653,223.3932976049372,pobre,0,3,500.0,698.5,1.0,40.0,9,80,11799,1,1.0
97,0.0,0.0,0.0,1.0,0.0,9,120.9653410806653,223.3932976049372,pobre,0,3,500.0,698.5,1.0,40.0,6,80,11800,0,1.0
98,0.0,0.0,0.0,1.0,1.0,9,120.9653410806653,223.3932976049372,pobre,0,3,500.0,698.5,1.0,40.0,7,80,11800,0,1.0
97,1.0,0.0,0.0,1.0,6.0,6,120.9653410806653,223.3932976049372,pobre,0,3,5000.0,692.0,1.0,37.0,12,80,11801,6,1.0
98,1.0,0.0,0.0,1.0,7.0,6,120.9653410806653,223.3932976049372,pobre,0,3,5000.0,692.0,1.0,37.0,13,80,11801,6,1.0
97,0.0,0.0,0.0,1.0,6.0,6,120.9653410806653,223.3932976049372,no pobre,0,6,0.0,1025.0,1.0,39.0,12,80,11802,6,1.0
98,0.0,0.0,0.0,1.0,7.0,6,120.9653410806653,223.3932976049372,no pobre,0,6,0.0,1025.0,1.0,39.0,13,80,11802,6,1.0
97,1.0,0.0,0.0,1.0,0.0,6,120.9653410806653,223.3932976049372,no pobre,0,6,0.0,1025.0,1.0,39.0,6,80,11803,0,1.0
98,1.0,0.0,0.0,1.0,1.0,6,120.9653410806653,223.3932976049372,no pobre,0,6,0.0,1025.0,1.0,39.0,7,80,11803,0,1.0
97,1.0,0.0,0.0,1.0,5.0,8,120.9653410806653,223.3932976049372,pobre,0,0,500.0,931.0,1.0,68.0,11,80,11804,5,1.0
98,1.0,0.0,0.0,1.0,6.0,8,120.9653410806653,223.3932976049372,pobre,0,0,500.0,931.0,1.0,68.0,12,80,11804,5,1.0
97,1.0,0.0,0.0,1.0,6.0,8,120.9653410806653,223.3932976049372,pobre,0,0,500.0,931.0,1.0,68.0,12,80,11805,6,1.0
98,1.0,0.0,0.0,1.0,7.0,8,120.9653410806653,223.3932976049372,pobre,0,0,500.0,931.0,1.0,68.0,13,80,11805,6,1.0
97,0.0,1.0,2.444,0.0,4.0,7,135.9071364369724,205.6546783532462,pobre,basal,0,375.0,724.5,1.0,46.0,14,83,11806,4,0.0
98,0.0,1.0,2.444,0.0,7.0,7,135.9071364369724,205.6546783532462,pobre,basal,0,375.0,724.5,1.0,46.0,15,83,11806,4,0.0
97,0.0,1.0,2.444,1.0,6.0,7,135.9071364369724,205.6546783532462,pobre,basal,0,375.0,724.5,1.0,46.0,13,83,11807,6,1.0
98,0.0,1.0,2.444,1.0,7.0,7,135.9071364369724,205.6546783532462,pobre,basal,0,375.0,724.5,1.0,46.0,14,83,11807,6,1.0
97,0.0,1.0,2.444,1.0,4.0,7,135.9071364369724,205.6546783532462,pobre,basal,0,375.0,724.5,1.0,46.0,10,83,11808,4,1.0
98,0.0,1.0,2.444,1.0,5.0,7,135.9071364369724,205.6546783532462,pobre,basal,0,375.0,724.5,1.0,46.0,11,83,11808,4,1.0
97,0.0,1.0,2.444,1.0,1.0,7,135.9071364369724,205.6546783532462,pobre,basal,0,375.0,724.5,1.0,46.0,8,83,11809,1,1.0
98,0.0,1.0,2.444,1.0,2.0,7,135.9071364369724,205.6546783532462,pobre,basal,0,375.0,724.5,1.0,46.0,9,83,11809,1,1.0
97,0.0,1.0,2.444,1.0,4.0,12,135.9071364369724,205.6546783532462,pobre,basal,0,375.0,697.0,1.0,50.0,14,83,11810,4,1.0
98,0.0,1.0,2.444,1.0,5.0,12,135.9071364369724,205.6546783532462,pobre,basal,0,375.0,697.0,1.0,50.0,15,83,11810,4,1.0
97,1.0,1.0,2.444,1.0,1.0,12,135.9071364369724,205.6546783532462,pobre,basal,0,375.0,697.0,1.0,50.0,7,83,11811,1,1.0
98,1.0,1.0,2.444,1.0,2.0,12,135.9071364369724,205.6546783532462,pobre,basal,0,375.0,697.0,1.0,50.0,8,83,11811,1,1.0
97,1.0,1.0,2.444,1.0,0.0,12,135.9071364369724,205.6546783532462,pobre,basal,0,375.0,697.0,1.0,50.0,7,83,11812,0,1.0
98,1.0,1.0,2.444,1.0,1.0,12,135.9071364369724,205.6546783532462,pobre,basal,0,375.0,697.0,1.0,50.0,8,83,11812,0,1.0
97,0.0,1.0,2.444,1.0,0.0,12,135.9071364369724,205.6546783532462,pobre,basal,0,375.0,697.0,1.0,50.0,6,83,11813,0,1.0
98,0.0,1.0,2.444,1.0,1.0,12,135.9071364369724,205.6546783532462,pobre,basal,0,375.0,697.0,1.0,50.0,7,83,11813,0,1.0
97,1.0,0.0,0.0,0.0,9.0,9,120.9653410806653,223.3932976049372,pobre,0,3,500.0,744.0,1.0,56.0,16,80,11814,9,0.0
98,1.0,0.0,0.0,,,9,120.9653410806653,223.3932976049372,pobre,0,3,500.0,744.0,1.0,56.0,17,80,11814,9,0.0
97,0.0,0.0,0.0,1.0,6.0,9,120.9653410806653,223.3932976049372,pobre,0,3,500.0,744.0,1.0,56.0,13,80,11815,6,1.0
98,0.0,0.0,0.0,1.0,7.0,9,120.9653410806653,223.3932976049372,pobre,0,3,500.0,744.0,1.0,56.0,14,80,11815,6,1.0
97,1.0,0.0,0.0,1.0,6.0,9,120.9653410806653,223.3932976049372,pobre,0,3,500.0,744.0,1.0,56.0,12,80,11816,6,1.0
98,1.0,0.0,0.0,1.0,7.0,9,120.9653410806653,223.3932976049372,pobre,0,3,500.0,744.0,1.0,56.0,13,80,11816,6,1.0
97,0.0,0.0,0.0,1.0,4.0,9,120.9653410806653,223.3932976049372,pobre,0,3,500.0,744.0,1.0,56.0,9,80,11817,4,1.0
98,0.0,0.0,0.0,1.0,5.0,9,120.9653410806653,223.3932976049372,pobre,0,3,500.0,744.0,1.0,56.0,10,80,11817,4,1.0
97,0.0,0.0,0.0,1.0,2.0,9,120.9653410806653,223.3932976049372,pobre,0,3,500.0,744.0,1.0,56.0,8,80,11818,2,1.0
98,0.0,0.0,0.0,1.0,3.0,9,120.9653410806653,223.3932976049372,pobre,0,3,500.0,744.0,1.0,56.0,9,80,11818,2,1.0
97,0.0,0.0,0.0,1.0,1.0,9,120.9653410806653,223.3932976049372,pobre,0,3,500.0,744.0,1.0,56.0,6,80,11819,1,1.0
98,0.0,0.0,0.0,1.0,1.0,9,120.9653410806653,223.3932976049372,pobre,0,3,500.0,744.0,1.0,56.0,7,80,11819,1,1.0
97,1.0,1.0,0.0,1.0,8.0,7,120.9653410806653,223.3932976049372,no pobre,0,0,500.0,1112.5,1.0,48.0,16,80,11820,8,1.0
98,1.0,1.0,0.0,,,7,120.9653410806653,223.3932976049372,no pobre,0,0,500.0,1112.5,1.0,48.0,17,80,11820,8,1.0
97,1.0,1.0,0.0,1.0,10.0,7,120.9653410806653,223.3932976049372,no pobre,0,0,500.0,1112.5,1.0,48.0,15,80,11821,10,1.0
98,1.0,1.0,0.0,1.0,9.0,7,120.9653410806653,223.3932976049372,no pobre,0,0,500.0,1112.5,1.0,48.0,16,80,11821,10,1.0
97,0.0,0.0,0.0,0.0,6.0,7,120.9653410806653,223.3932976049372,no pobre,0,0,500.0,952.5,1.0,51.0,16,80,11822,6,0.0
98,0.0,0.0,0.0,,,7,120.9653410806653,223.3932976049372,no pobre,0,0,500.0,952.5,1.0,51.0,17,80,11822,6,0.0
97,1.0,0.0,0.0,1.0,8.0,7,120.9653410806653,223.3932976049372,no pobre,0,0,500.0,952.5,1.0,51.0,14,80,11823,8,1.0
98,1.0,0.0,0.0,1.0,9.0,7,120.9653410806653,223.3932976049372,no pobre,0,0,500.0,952.5,1.0,51.0,15,80,11823,8,1.0
97,0.0,0.0,0.0,1.0,5.0,7,120.9653410806653,223.3932976049372,no pobre,0,0,500.0,952.5,1.0,51.0,12,80,11824,5,1.0
98,0.0,0.0,0.0,1.0,6.0,7,120.9653410806653,223.3932976049372,no pobre,0,0,500.0,952.5,1.0,51.0,13,80,11824,5,1.0
97,0.0,0.0,0.0,0.0,6.0,6,120.9653410806653,223.3932976049372,no pobre,0,3,0.0,891.0,1.0,41.0,16,80,11825,6,0.0
98,0.0,0.0,0.0,,,6,120.9653410806653,223.3932976049372,no pobre,0,3,0.0,891.0,1.0,41.0,17,80,11825,6,0.0
97,1.0,0.0,0.0,0.0,9.0,6,120.9653410806653,223.3932976049372,no pobre,0,3,0.0,891.0,1.0,41.0,15,80,11826,9,0.0
98,1.0,0.0,0.0,0.0,9.0,6,120.9653410806653,223.3932976049372,no pobre,0,3,0.0,891.0,1.0,41.0,16,80,11826,9,0.0
97,0.0,0.0,0.0,1.0,5.0,6,120.9653410806653,223.3932976049372,no pobre,0,3,0.0,891.0,1.0,41.0,10,80,11827,5,1.0
98,0.0,0.0,0.0,1.0,5.0,6,120.9653410806653,223.3932976049372,no pobre,0,3,0.0,891.0,1.0,41.0,11,80,11827,5,1.0
97,1.0,0.0,0.0,1.0,5.0,6,120.9653410806653,223.3932976049372,pobre,0,0,500.0,727.0,1.0,63.0,13,80,11828,5,1.0
98,1.0,0.0,0.0,1.0,8.0,6,120.9653410806653,223.3932976049372,pobre,0,0,500.0,727.0,1.0,63.0,14,80,11828,5,1.0
97,1.0,0.0,0.0,1.0,3.0,6,120.9653410806653,223.3932976049372,pobre,0,0,500.0,727.0,1.0,63.0,11,80,11829,3,1.0
98,1.0,0.0,0.0,1.0,6.0,6,120.9653410806653,223.3932976049372,pobre,0,0,500.0,727.0,1.0,63.0,12,80,11829,3,1.0
97,1.0,0.0,0.0,1.0,0.0,6,120.9653410806653,223.3932976049372,pobre,0,0,500.0,727.0,1.0,63.0,6,80,11830,0,1.0
98,1.0,0.0,0.0,1.0,1.0,6,120.9653410806653,223.3932976049372,pobre,0,0,500.0,727.0,1.0,63.0,7,80,11830,0,1.0
97,1.0,0.0,0.0,1.0,3.0,8,120.9653410806653,223.3932976049372,pobre,0,0,500.0,778.0,1.0,74.0,7,80,11831,3,1.0
98,1.0,0.0,0.0,1.0,2.0,8,120.9653410806653,223.3932976049372,pobre,0,0,500.0,778.0,1.0,74.0,8,80,11831,3,1.0
97,0.0,0.0,0.0,1.0,6.0,3,120.9653410806653,223.3932976049372,no pobre,0,3,500.0,1101.0,1.0,51.0,12,80,11832,6,1.0
98,0.0,0.0,0.0,0.0,6.0,3,120.9653410806653,223.3932976049372,no pobre,0,3,500.0,1101.0,1.0,51.0,13,80,11832,6,1.0
97,1.0,0.0,0.0,1.0,1.0,5,120.9653410806653,223.3932976049372,pobre,0,0,500.0,688.0,1.0,58.0,7,80,11833,1,1.0
98,1.0,0.0,0.0,1.0,2.0,5,120.9653410806653,223.3932976049372,pobre,0,0,500.0,688.0,1.0,58.0,8,80,11833,1,1.0
97,1.0,0.0,0.0,0.0,9.0,8,120.9653410806653,223.3932976049372,pobre,0,0,500.0,563.0,1.0,35.0,15,80,11834,9,0.0
98,1.0,0.0,0.0,0.0,9.0,8,120.9653410806653,223.3932976049372,pobre,0,0,500.0,563.0,1.0,35.0,16,80,11834,9,0.0
97,0.0,0.0,0.0,1.0,5.0,8,120.9653410806653,223.3932976049372,pobre,0,0,500.0,563.0,1.0,35.0,15,80,11835,5,1.0
98,0.0,0.0,0.0,1.0,9.0,8,120.9653410806653,223.3932976049372,pobre,0,0,500.0,563.0,1.0,35.0,16,80,11835,5,1.0
97,0.0,0.0,0.0,1.0,4.0,8,120.9653410806653,223.3932976049372,pobre,0,0,500.0,563.0,1.0,35.0,10,80,11836,4,1.0
98,0.0,0.0,0.0,1.0,5.0,8,120.9653410806653,223.3932976049372,pobre,0,0,500.0,563.0,1.0,35.0,11,80,11836,4,1.0
97,0.0,0.0,0.0,1.0,3.0,8,120.9653410806653,223.3932976049372,pobre,0,0,500.0,563.0,1.0,35.0,8,80,11837,3,1.0
98,0.0,0.0,0.0,1.0,4.0,8,120.9653410806653,223.3932976049372,pobre,0,0,500.0,563.0,1.0,35.0,9,80,11837,3,1.0
97,0.0,0.0,0.0,1.0,4.0,4,120.9653410806653,223.3932976049372,pobre,0,0,500.0,850.0,1.0,48.0,14,80,11838,4,1.0
98,0.0,0.0,0.0,1.0,9.0,4,120.9653410806653,223.3932976049372,pobre,0,0,500.0,850.0,1.0,48.0,15,80,11838,4,1.0
97,1.0,0.0,0.0,1.0,3.0,4,120.9653410806653,223.3932976049372,pobre,0,0,500.0,850.0,1.0,48.0,12,80,11839,3,1.0
98,1.0,0.0,0.0,1.0,7.0,4,120.9653410806653,223.3932976049372,pobre,0,0,500.0,850.0,1.0,48.0,13,80,11839,3,1.0
97,1.0,0.0,0.0,,0.0,3,120.9653410806653,223.3932976049372,pobre,0,3,375.0,800.33002,0.0,47.0,6,80,11840,0,
98,1.0,0.0,0.0,1.0,1.0,3,120.9653410806653,223.3932976049372,pobre,0,3,375.0,800.33002,0.0,47.0,7,80,11840,0,
97,0.0,0.0,0.0,0.0,6.0,7,120.9653410806653,223.3932976049372,pobre,0,0,375.0,656.0,1.0,59.0,14,80,11841,6,0.0
98,0.0,0.0,0.0,1.0,9.0,7,120.9653410806653,223.3932976049372,pobre,0,0,375.0,656.0,1.0,59.0,15,80,11841,6,0.0
97,1.0,0.0,0.0,1.0,7.0,7,120.9653410806653,223.3932976049372,pobre,0,0,375.0,656.0,1.0,59.0,12,80,11842,7,1.0
98,1.0,0.0,0.0,1.0,7.0,7,120.9653410806653,223.3932976049372,pobre,0,0,375.0,656.0,1.0,59.0,13,80,11842,7,1.0
97,0.0,0.0,0.0,1.0,1.0,7,120.9653410806653,223.3932976049372,pobre,0,0,375.0,656.0,1.0,59.0,7,80,11843,1,1.0
98,0.0,0.0,0.0,1.0,2.0,7,120.9653410806653,223.3932976049372,pobre,0,0,375.0,656.0,1.0,59.0,8,80,11843,1,1.0
97,0.0,1.0,0.0,1.0,9.0,4,120.9653410806653,223.3932976049372,no pobre,0,0,500.0,854.0,1.0,70.0,15,80,11844,9,1.0
98,0.0,1.0,0.0,1.0,9.0,4,120.9653410806653,223.3932976049372,no pobre,0,0,500.0,854.0,1.0,70.0,16,80,11844,9,1.0
97,1.0,1.0,0.0,1.0,8.0,4,120.9653410806653,223.3932976049372,no pobre,0,0,500.0,854.0,1.0,70.0,13,80,11845,8,1.0
98,1.0,1.0,0.0,1.0,7.0,4,120.9653410806653,223.3932976049372,no pobre,0,0,500.0,854.0,1.0,70.0,14,80,11845,8,1.0
97,1.0,0.0,0.0,1.0,0.0,4,159.2636931504225,197.1936534581857,pobre,basal,6,500.0,725.0,1.0,25.0,6,87,11846,0,1.0
98,1.0,0.0,0.0,1.0,1.0,4,159.2636931504225,197.1936534581857,pobre,basal,6,500.0,725.0,1.0,25.0,7,87,11846,0,1.0
97,1.0,0.0,0.0,1.0,8.0,4,159.2636931504225,197.1936534581857,pobre,basal,0,0.0,728.0,0.0,67.0,15,87,11847,8,1.0
98,1.0,0.0,0.0,0.0,6.0,4,159.2636931504225,197.1936534581857,pobre,basal,0,0.0,728.0,0.0,67.0,16,87,11847,8,1.0
97,0.0,0.0,0.0,1.0,6.0,4,159.2636931504225,197.1936534581857,pobre,basal,0,0.0,728.0,0.0,67.0,13,87,11848,6,1.0
98,0.0,0.0,0.0,1.0,9.0,4,159.2636931504225,197.1936534581857,pobre,basal,0,0.0,728.0,0.0,67.0,14,87,11848,6,1.0
97,0.0,0.0,0.0,1.0,7.0,6,159.2636931504225,197.1936534581857,pobre,basal,0,500.0,724.0,1.0,37.0,14,87,11849,7,1.0
98,0.0,0.0,0.0,1.0,8.0,6,159.2636931504225,197.1936534581857,pobre,basal,0,500.0,724.0,1.0,37.0,15,87,11849,7,1.0
97,1.0,0.0,0.0,1.0,2.0,6,159.2636931504225,197.1936534581857,pobre,basal,0,500.0,724.0,1.0,37.0,8,87,11850,2,1.0
98,1.0,0.0,0.0,1.0,3.0,6,159.2636931504225,197.1936534581857,pobre,basal,0,500.0,724.0,1.0,37.0,9,87,11850,2,1.0
97,1.0,0.0,0.0,1.0,6.0,7,159.2636931504225,197.1936534581857,pobre,basal,0,500.0,640.0,1.0,45.0,15,87,11851,6,1.0
98,1.0,0.0,0.0,1.0,7.0,7,159.2636931504225,197.1936534581857,pobre,basal,0,500.0,640.0,1.0,45.0,16,87,11851,6,1.0
97,1.0,0.0,0.0,1.0,6.0,7,159.2636931504225,197.1936534581857,pobre,basal,0,500.0,640.0,1.0,45.0,13,87,11852,6,1.0
98,1.0,0.0,0.0,1.0,7.0,7,159.2636931504225,197.1936534581857,pobre,basal,0,500.0,640.0,1.0,45.0,14,87,11852,6,1.0
97,0.0,0.0,0.0,1.0,1.0,7,159.2636931504225,197.1936534581857,pobre,basal,0,500.0,640.0,1.0,45.0,7,87,11853,1,1.0
98,0.0,0.0,0.0,1.0,2.0,7,159.2636931504225,197.1936534581857,pobre,basal,0,500.0,640.0,1.0,45.0,8,87,11853,1,1.0
97,1.0,0.0,0.0,1.0,0.0,6,159.2636931504225,197.1936534581857,pobre,basal,3,500.0,621.0,1.0,31.0,7,87,11854,0,1.0
98,1.0,0.0,0.0,1.0,1.0,6,159.2636931504225,197.1936534581857,pobre,basal,3,500.0,621.0,1.0,31.0,8,87,11854,0,1.0
97,1.0,0.0,0.0,1.0,5.0,8,159.2636931504225,197.1936534581857,pobre,basal,3,500.0,569.0,1.0,31.0,12,87,11855,5,1.0
98,1.0,0.0,0.0,1.0,6.0,8,159.2636931504225,197.1936534581857,pobre,basal,3,500.0,569.0,1.0,31.0,13,87,11855,5,1.0
97,0.0,0.0,0.0,1.0,4.0,8,159.2636931504225,197.1936534581857,pobre,basal,3,500.0,569.0,1.0,31.0,10,87,11856,4,1.0
98,0.0,0.0,0.0,1.0,5.0,8,159.2636931504225,197.1936534581857,pobre,basal,3,500.0,569.0,1.0,31.0,11,87,11856,4,1.0
97,1.0,0.0,0.0,1.0,1.0,8,159.2636931504225,197.1936534581857,pobre,basal,3,500.0,569.0,1.0,31.0,7,87,11857,1,1.0
98,1.0,0.0,0.0,1.0,2.0,8,159.2636931504225,197.1936534581857,pobre,basal,3,500.0,569.0,1.0,31.0,8,87,11857,1,1.0
97,1.0,0.0,0.0,1.0,6.0,9,159.2636931504225,197.1936534581857,pobre,basal,4,500.0,543.0,1.0,36.0,15,87,11858,6,1.0
98,1.0,0.0,0.0,,,9,159.2636931504225,197.1936534581857,pobre,basal,4,500.0,543.0,1.0,36.0,16,87,11858,6,1.0
97,0.0,0.0,0.0,1.0,8.0,9,159.2636931504225,197.1936534581857,pobre,basal,4,500.0,543.0,1.0,36.0,14,87,11859,8,1.0
98,0.0,0.0,0.0,0.0,9.0,9,159.2636931504225,197.1936534581857,pobre,basal,4,500.0,543.0,1.0,36.0,15,87,11859,8,1.0
97,0.0,0.0,0.0,1.0,5.0,9,159.2636931504225,197.1936534581857,pobre,basal,4,500.0,543.0,1.0,36.0,11,87,11860,5,1.0
98,0.0,0.0,0.0,1.0,6.0,9,159.2636931504225,197.1936534581857,pobre,basal,4,500.0,543.0,1.0,36.0,12,87,11860,5,1.0
97,1.0,0.0,0.0,1.0,3.0,9,159.2636931504225,197.1936534581857,pobre,basal,4,500.0,543.0,1.0,36.0,9,87,11861,3,1.0
98,1.0,0.0,0.0,1.0,4.0,9,159.2636931504225,197.1936534581857,pobre,basal,4,500.0,543.0,1.0,36.0,10,87,11861,3,1.0
97,0.0,0.0,0.0,1.0,1.0,9,159.2636931504225,197.1936534581857,pobre,basal,4,500.0,543.0,1.0,36.0,7,87,11862,1,1.0
98,0.0,0.0,0.0,1.0,2.0,9,159.2636931504225,197.1936534581857,pobre,basal,4,500.0,543.0,1.0,36.0,8,87,11862,1,1.0
97,0.0,0.0,0.0,1.0,8.0,5,159.2636931504225,197.1936534581857,pobre,basal,5,500.0,667.0,1.0,34.0,14,87,11863,8,1.0
98,0.0,0.0,0.0,1.0,9.0,5,159.2636931504225,197.1936534581857,pobre,basal,5,500.0,667.0,1.0,34.0,15,87,11863,8,1.0
97,0.0,0.0,0.0,1.0,6.0,5,159.2636931504225,197.1936534581857,pobre,basal,5,500.0,667.0,1.0,34.0,12,87,11864,6,1.0
98,0.0,0.0,0.0,1.0,4.0,5,159.2636931504225,197.1936534581857,pobre,basal,5,500.0,667.0,1.0,34.0,13,87,11864,6,1.0
97,0.0,0.0,0.0,1.0,2.0,5,159.2636931504225,197.1936534581857,pobre,basal,5,500.0,667.0,1.0,34.0,8,87,11865,2,1.0
98,0.0,0.0,0.0,1.0,3.0,5,159.2636931504225,197.1936534581857,pobre,basal,5,500.0,667.0,1.0,34.0,9,87,11865,2,1.0
97,1.0,0.0,0.0,1.0,0.0,3,159.2636931504225,197.1936534581857,pobre,basal,6,600.0,763.0,0.0,24.0,6,87,11866,0,1.0
98,1.0,0.0,0.0,1.0,1.0,3,159.2636931504225,197.1936534581857,pobre,basal,6,600.0,763.0,0.0,24.0,7,87,11866,0,1.0
97,0.0,1.0,0.63800001,0.0,6.0,6,150.9886212861893,189.1275696039534,pobre,0,0,500.0,639.0,1.0,37.0,15,40,11867,6,0.0
98,0.0,1.0,0.63800001,1.0,6.0,6,150.9886212861893,189.1275696039534,pobre,0,0,500.0,639.0,1.0,37.0,16,40,11867,6,0.0
97,0.0,1.0,0.63800001,1.0,3.0,6,150.9886212861893,189.1275696039534,pobre,0,0,500.0,639.0,1.0,37.0,11,40,11868,3,1.0
98,0.0,1.0,0.63800001,1.0,4.0,6,150.9886212861893,189.1275696039534,pobre,0,0,500.0,639.0,1.0,37.0,12,40,11868,3,1.0
97,0.0,1.0,0.63800001,1.0,1.0,6,150.9886212861893,189.1275696039534,pobre,0,0,500.0,639.0,1.0,37.0,7,40,11869,1,1.0
98,0.0,1.0,0.63800001,1.0,2.0,6,150.9886212861893,189.1275696039534,pobre,0,0,500.0,639.0,1.0,37.0,8,40,11869,1,1.0
97,0.0,1.0,0.63800001,1.0,8.0,6,150.9886212861893,189.1275696039534,no pobre,0,9,500.0,812.0,1.0,38.0,14,40,11870,8,1.0
98,0.0,1.0,0.63800001,1.0,10.0,6,150.9886212861893,189.1275696039534,no pobre,0,9,500.0,812.0,1.0,38.0,15,40,11870,8,1.0
97,0.0,1.0,0.63800001,1.0,1.0,6,150.9886212861893,189.1275696039534,no pobre,0,9,500.0,812.0,1.0,38.0,6,40,11871,1,1.0
98,0.0,1.0,0.63800001,1.0,2.0,6,150.9886212861893,189.1275696039534,no pobre,0,9,500.0,812.0,1.0,38.0,7,40,11871,1,1.0
97,1.0,1.0,0.63800001,1.0,5.0,6,150.9886212861893,189.1275696039534,pobre,0,2,500.0,687.0,1.0,43.0,10,40,11872,5,1.0
98,1.0,1.0,0.63800001,1.0,6.0,6,150.9886212861893,189.1275696039534,pobre,0,2,500.0,687.0,1.0,43.0,11,40,11872,5,1.0
97,1.0,1.0,0.63800001,1.0,5.0,6,150.9886212861893,189.1275696039534,pobre,0,3,500.0,684.0,1.0,40.0,12,40,11873,5,1.0
98,1.0,1.0,0.63800001,1.0,7.0,6,150.9886212861893,189.1275696039534,pobre,0,3,500.0,684.0,1.0,40.0,13,40,11873,5,1.0
97,1.0,1.0,0.63800001,1.0,4.0,6,150.9886212861893,189.1275696039534,pobre,0,3,500.0,684.0,1.0,40.0,11,40,11874,4,1.0
98,1.0,1.0,0.63800001,1.0,5.0,6,150.9886212861893,189.1275696039534,pobre,0,3,500.0,684.0,1.0,40.0,12,40,11874,4,1.0
97,1.0,1.0,0.63800001,1.0,9.0,8,150.9886212861893,189.1275696039534,pobre,0,0,500.0,560.0,1.0,41.0,16,40,11875,9,1.0
98,1.0,1.0,0.63800001,,,8,150.9886212861893,189.1275696039534,pobre,0,0,500.0,560.0,1.0,41.0,17,40,11875,9,1.0
97,0.0,1.0,0.63800001,0.0,6.0,8,150.9886212861893,189.1275696039534,pobre,0,0,500.0,560.0,1.0,41.0,15,40,11876,6,0.0
98,0.0,1.0,0.63800001,0.0,6.0,8,150.9886212861893,189.1275696039534,pobre,0,0,500.0,560.0,1.0,41.0,16,40,11876,6,0.0
97,1.0,1.0,0.63800001,1.0,4.0,8,150.9886212861893,189.1275696039534,pobre,0,0,500.0,560.0,1.0,41.0,13,40,11877,4,1.0
98,1.0,1.0,0.63800001,1.0,5.0,8,150.9886212861893,189.1275696039534,pobre,0,0,500.0,560.0,1.0,41.0,14,40,11877,4,1.0
97,0.0,1.0,0.63800001,1.0,5.0,8,150.9886212861893,189.1275696039534,pobre,0,0,500.0,560.0,1.0,41.0,11,40,11878,5,1.0
98,0.0,1.0,0.63800001,1.0,6.0,8,150.9886212861893,189.1275696039534,pobre,0,0,500.0,560.0,1.0,41.0,12,40,11878,5,1.0
97,1.0,1.0,0.63800001,1.0,3.0,8,150.9886212861893,189.1275696039534,pobre,0,0,500.0,560.0,1.0,41.0,9,40,11879,3,1.0
98,1.0,1.0,0.63800001,1.0,3.0,8,150.9886212861893,189.1275696039534,pobre,0,0,500.0,560.0,1.0,41.0,10,40,11879,3,1.0
97,1.0,1.0,0.63800001,1.0,4.0,10,150.9886212861893,189.1275696039534,pobre,0,0,0.0,807.0,0.0,71.0,11,40,11880,4,1.0
98,1.0,1.0,0.63800001,1.0,5.0,10,150.9886212861893,189.1275696039534,pobre,0,0,0.0,807.0,0.0,71.0,12,40,11880,4,1.0
97,0.0,1.0,0.63800001,1.0,1.0,10,150.9886212861893,189.1275696039534,pobre,0,0,0.0,807.0,0.0,71.0,8,40,11881,1,1.0
98,0.0,1.0,0.63800001,1.0,2.0,10,150.9886212861893,189.1275696039534,pobre,0,0,0.0,807.0,0.0,71.0,9,40,11881,1,1.0
97,0.0,1.0,0.63800001,1.0,5.0,4,150.9886212861893,189.1275696039534,pobre,0,0,500.0,996.0,1.0,53.0,13,40,11882,5,1.0
98,0.0,1.0,0.63800001,1.0,6.0,4,150.9886212861893,189.1275696039534,pobre,0,0,500.0,996.0,1.0,53.0,14,40,11882,5,1.0
97,0.0,1.0,0.63800001,1.0,1.0,4,150.9886212861893,189.1275696039534,pobre,0,0,500.0,996.0,1.0,53.0,7,40,11883,1,1.0
98,0.0,1.0,0.63800001,1.0,2.0,4,150.9886212861893,189.1275696039534,pobre,0,0,500.0,996.0,1.0,53.0,8,40,11883,1,1.0
97,0.0,1.0,0.63800001,1.0,3.0,8,150.9886212861893,189.1275696039534,pobre,0,5,500.0,714.0,1.0,27.0,10,40,11884,3,1.0
98,0.0,1.0,0.63800001,1.0,4.0,8,150.9886212861893,189.1275696039534,pobre,0,5,500.0,714.0,1.0,27.0,11,40,11884,3,1.0
97,0.0,1.0,0.63800001,1.0,2.0,8,150.9886212861893,189.1275696039534,pobre,0,5,500.0,714.0,1.0,27.0,9,40,11885,2,1.0
98,0.0,1.0,0.63800001,1.0,3.0,8,150.9886212861893,189.1275696039534,pobre,0,5,500.0,714.0,1.0,27.0,10,40,11885,2,1.0
97,1.0,1.0,0.63800001,1.0,1.0,8,150.9886212861893,189.1275696039534,pobre,0,5,500.0,714.0,1.0,27.0,6,40,11886,1,1.0
98,1.0,1.0,0.63800001,1.0,2.0,8,150.9886212861893,189.1275696039534,pobre,0,5,500.0,714.0,1.0,27.0,7,40,11886,1,1.0
97,0.0,1.0,0.63800001,1.0,0.0,7,150.9886212861893,189.1275696039534,pobre,0,0,500.0,739.5,1.0,98.0,6,40,11887,0,1.0
98,0.0,1.0,0.63800001,1.0,1.0,7,150.9886212861893,189.1275696039534,pobre,0,0,500.0,739.5,1.0,98.0,7,40,11887,0,1.0
97,0.0,1.0,0.63800001,1.0,5.0,7,150.9886212861893,189.1275696039534,pobre,0,0,500.0,585.0,1.0,44.0,12,40,11888,5,1.0
98,0.0,1.0,0.63800001,1.0,6.0,7,150.9886212861893,189.1275696039534,pobre,0,0,500.0,585.0,1.0,44.0,13,40,11888,5,1.0
97,1.0,1.0,0.63800001,1.0,3.0,7,150.9886212861893,189.1275696039534,pobre,0,0,500.0,585.0,1.0,44.0,11,40,11889,3,1.0
98,1.0,1.0,0.63800001,1.0,4.0,7,150.9886212861893,189.1275696039534,pobre,0,0,500.0,585.0,1.0,44.0,12,40,11889,3,1.0
97,0.0,1.0,0.63800001,1.0,0.0,4,150.9886212861893,189.1275696039534,pobre,0,0,500.0,677.0,1.0,32.0,7,40,11890,0,1.0
98,0.0,1.0,0.63800001,1.0,1.0,4,150.9886212861893,189.1275696039534,pobre,0,0,500.0,677.0,1.0,32.0,8,40,11890,0,1.0
97,0.0,1.0,0.63800001,1.0,5.0,4,150.9886212861893,189.1275696039534,pobre,0,0,500.0,731.0,1.0,71.0,13,40,11891,5,1.0
98,0.0,1.0,0.63800001,1.0,6.0,4,150.9886212861893,189.1275696039534,pobre,0,0,500.0,731.0,1.0,71.0,14,40,11891,5,1.0
97,0.0,1.0,0.63800001,1.0,2.0,4,150.9886212861893,189.1275696039534,pobre,0,0,500.0,731.0,1.0,71.0,11,40,11892,2,1.0
98,0.0,1.0,0.63800001,1.0,3.0,4,150.9886212861893,189.1275696039534,pobre,0,0,500.0,731.0,1.0,71.0,12,40,11892,2,1.0
97,0.0,1.0,0.63800001,1.0,1.0,5,150.9886212861893,189.1275696039534,pobre,0,0,500.0,700.0,1.0,50.0,7,40,11893,1,1.0
98,0.0,1.0,0.63800001,,,5,150.9886212861893,189.1275696039534,pobre,0,0,500.0,700.0,1.0,50.0,8,40,11893,1,1.0
97,0.0,1.0,0.63800001,1.0,0.0,6,150.9886212861893,189.1275696039534,pobre,0,0,500.0,612.0,1.0,39.0,6,40,11894,0,1.0
98,0.0,1.0,0.63800001,1.0,1.0,6,150.9886212861893,189.1275696039534,pobre,0,0,500.0,612.0,1.0,39.0,7,40,11894,0,1.0
97,0.0,1.0,0.63800001,0.0,9.0,14,150.9886212861893,189.1275696039534,no pobre,0,0,0.0,713.0,1.0,81.0,16,40,11895,9,0.0
98,0.0,1.0,0.63800001,,,14,150.9886212861893,189.1275696039534,no pobre,0,0,0.0,713.0,1.0,81.0,17,40,11895,9,0.0
97,1.0,1.0,0.63800001,1.0,8.0,14,150.9886212861893,189.1275696039534,no pobre,0,0,0.0,713.0,1.0,81.0,14,40,11896,8,1.0
98,1.0,1.0,0.63800001,1.0,10.0,14,150.9886212861893,189.1275696039534,no pobre,0,0,0.0,713.0,1.0,81.0,15,40,11896,8,1.0
97,0.0,1.0,0.63800001,1.0,3.0,14,150.9886212861893,189.1275696039534,no pobre,0,0,0.0,713.0,1.0,81.0,12,40,11897,3,1.0
98,0.0,1.0,0.63800001,1.0,3.0,14,150.9886212861893,189.1275696039534,no pobre,0,0,0.0,713.0,1.0,81.0,13,40,11897,3,1.0
97,0.0,1.0,0.63800001,1.0,2.0,14,150.9886212861893,189.1275696039534,no pobre,0,0,0.0,713.0,1.0,81.0,10,40,11898,2,1.0
98,0.0,1.0,0.63800001,1.0,3.0,14,150.9886212861893,189.1275696039534,no pobre,0,0,0.0,713.0,1.0,81.0,11,40,11898,2,1.0
97,0.0,1.0,0.63800001,1.0,2.0,5,150.9886212861893,189.1275696039534,pobre,0,3,500.0,676.0,1.0,46.0,8,40,11899,2,1.0
98,0.0,1.0,0.63800001,1.0,3.0,5,150.9886212861893,189.1275696039534,pobre,0,3,500.0,676.0,1.0,46.0,9,40,11899,2,1.0
97,0.0,1.0,0.63800001,1.0,5.0,9,150.9886212861893,189.1275696039534,pobre,0,0,500.0,677.5,1.0,67.0,13,40,11900,5,1.0
98,0.0,1.0,0.63800001,0.0,6.0,9,150.9886212861893,189.1275696039534,pobre,0,0,500.0,677.5,1.0,67.0,14,40,11900,5,1.0
97,0.0,1.0,0.63800001,1.0,4.0,9,150.9886212861893,189.1275696039534,pobre,0,0,500.0,677.5,1.0,67.0,11,40,11901,4,1.0
98,0.0,1.0,0.63800001,1.0,5.0,9,150.9886212861893,189.1275696039534,pobre,0,0,500.0,677.5,1.0,67.0,12,40,11901,4,1.0
97,0.0,1.0,0.63800001,1.0,3.0,9,150.9886212861893,189.1275696039534,pobre,0,0,500.0,677.5,1.0,67.0,8,40,11902,3,1.0
98,0.0,1.0,0.63800001,1.0,3.0,9,150.9886212861893,189.1275696039534,pobre,0,0,500.0,677.5,1.0,67.0,9,40,11902,3,1.0
97,1.0,1.0,0.63800001,1.0,0.0,9,150.9886212861893,189.1275696039534,pobre,0,0,500.0,677.5,1.0,67.0,6,40,11903,0,1.0
98,1.0,1.0,0.63800001,1.0,1.0,9,150.9886212861893,189.1275696039534,pobre,0,0,500.0,677.5,1.0,67.0,7,40,11903,0,1.0
97,1.0,1.0,0.63800001,1.0,8.0,6,150.9886212861893,189.1275696039534,pobre,0,3,500.0,673.0,1.0,42.0,15,40,11904,8,1.0
98,1.0,1.0,0.63800001,0.0,9.0,6,150.9886212861893,189.1275696039534,pobre,0,3,500.0,673.0,1.0,42.0,16,40,11904,8,1.0
97,0.0,1.0,0.63800001,1.0,1.0,3,150.9886212861893,189.1275696039534,pobre,0,7,500.0,612.0,1.0,17.0,8,40,11905,1,1.0
98,0.0,1.0,0.63800001,1.0,3.0,3,150.9886212861893,189.1275696039534,pobre,0,7,500.0,612.0,1.0,17.0,9,40,11905,1,1.0
97,0.0,1.0,0.63800001,1.0,1.0,3,150.9886212861893,189.1275696039534,pobre,0,3,500.0,623.0,1.0,41.0,7,40,11906,1,1.0
98,0.0,1.0,0.63800001,,,3,150.9886212861893,189.1275696039534,pobre,0,3,500.0,623.0,1.0,41.0,8,40,11906,1,1.0
97,1.0,1.0,2.444,1.0,3.0,9,135.9071364369724,205.6546783532462,pobre,basal,0,375.0,728.0,1.0,45.0,9,83,11907,3,1.0
98,1.0,1.0,2.444,1.0,5.0,9,135.9071364369724,205.6546783532462,pobre,basal,0,375.0,728.0,1.0,45.0,10,83,11907,3,1.0
97,0.0,1.0,2.444,1.0,1.0,9,135.9071364369724,205.6546783532462,pobre,basal,0,375.0,728.0,1.0,45.0,8,83,11908,1,1.0
98,0.0,1.0,2.444,1.0,2.0,9,135.9071364369724,205.6546783532462,pobre,basal,0,375.0,728.0,1.0,45.0,9,83,11908,1,1.0
97,0.0,1.0,2.444,0.0,6.0,9,135.9071364369724,205.6546783532462,pobre,basal,0,375.0,728.0,1.0,45.0,16,83,11909,6,0.0
98,0.0,1.0,2.444,0.0,6.0,9,135.9071364369724,205.6546783532462,pobre,basal,0,375.0,728.0,1.0,45.0,17,83,11909,6,0.0
97,0.0,1.0,2.444,0.0,2.0,8,135.9071364369724,205.6546783532462,pobre,basal,0,375.0,718.0,1.0,51.0,12,83,11910,2,0.0
98,0.0,1.0,2.444,1.0,2.0,8,135.9071364369724,205.6546783532462,pobre,basal,0,375.0,718.0,1.0,51.0,13,83,11910,2,0.0
97,0.0,1.0,2.444,1.0,3.0,8,135.9071364369724,205.6546783532462,pobre,basal,0,375.0,718.0,1.0,51.0,9,83,11911,3,1.0
98,0.0,1.0,2.444,1.0,4.0,8,135.9071364369724,205.6546783532462,pobre,basal,0,375.0,718.0,1.0,51.0,10,83,11911,3,1.0
97,0.0,0.0,2.444,0.0,6.0,8,135.9071364369724,205.6546783532462,pobre,basal,0,375.0,718.0,1.0,51.0,14,83,11912,6,0.0
98,0.0,0.0,2.444,0.0,6.0,8,135.9071364369724,205.6546783532462,pobre,basal,0,375.0,718.0,1.0,51.0,15,83,11912,6,0.0
97,0.0,1.0,2.444,1.0,5.0,6,135.9071364369724,205.6546783532462,pobre,basal,0,0.0,653.0,1.0,41.0,15,83,11913,5,1.0
98,0.0,1.0,2.444,0.0,6.0,6,135.9071364369724,205.6546783532462,pobre,basal,0,0.0,653.0,1.0,41.0,16,83,11913,5,1.0
97,0.0,1.0,2.444,1.0,3.0,6,135.9071364369724,205.6546783532462,pobre,basal,0,0.0,653.0,1.0,41.0,9,83,11914,3,1.0
98,0.0,1.0,2.444,1.0,4.0,6,135.9071364369724,205.6546783532462,pobre,basal,0,0.0,653.0,1.0,41.0,10,83,11914,3,1.0
97,1.0,1.0,2.444,1.0,0.0,6,135.9071364369724,205.6546783532462,pobre,basal,0,0.0,653.0,1.0,41.0,6,83,11915,0,1.0
98,1.0,1.0,2.444,1.0,1.0,6,135.9071364369724,205.6546783532462,pobre,basal,0,0.0,653.0,1.0,41.0,7,83,11915,0,1.0
97,1.0,1.0,2.444,1.0,3.0,12,135.9071364369724,205.6546783532462,pobre,basal,0,375.0,689.0,1.0,49.0,12,83,11916,3,1.0
98,1.0,1.0,2.444,1.0,4.0,12,135.9071364369724,205.6546783532462,pobre,basal,0,375.0,689.0,1.0,49.0,13,83,11916,3,1.0
97,1.0,1.0,2.444,1.0,4.0,12,135.9071364369724,205.6546783532462,pobre,basal,0,375.0,689.0,1.0,49.0,10,83,11917,4,1.0
98,1.0,1.0,2.444,1.0,5.0,12,135.9071364369724,205.6546783532462,pobre,basal,0,375.0,689.0,1.0,49.0,11,83,11917,4,1.0
97,1.0,1.0,2.444,1.0,1.0,12,135.9071364369724,205.6546783532462,pobre,basal,0,375.0,689.0,1.0,49.0,7,83,11918,1,1.0
98,1.0,1.0,2.444,1.0,2.0,12,135.9071364369724,205.6546783532462,pobre,basal,0,375.0,689.0,1.0,49.0,8,83,11918,1,1.0
97,1.0,1.0,2.444,0.0,4.0,16,135.9071364369724,205.6546783532462,pobre,basal,0,375.0,614.0,1.0,43.0,14,83,11919,4,0.0
98,1.0,1.0,2.444,0.0,4.0,16,135.9071364369724,205.6546783532462,pobre,basal,0,375.0,614.0,1.0,43.0,15,83,11919,4,0.0
97,1.0,1.0,2.444,1.0,6.0,16,135.9071364369724,205.6546783532462,pobre,basal,0,375.0,614.0,1.0,43.0,12,83,11920,6,1.0
98,1.0,1.0,2.444,1.0,6.0,16,135.9071364369724,205.6546783532462,pobre,basal,0,375.0,614.0,1.0,43.0,13,83,11920,6,1.0
97,0.0,1.0,2.444,1.0,2.0,16,135.9071364369724,205.6546783532462,pobre,basal,0,375.0,614.0,1.0,43.0,8,83,11921,2,1.0
98,0.0,1.0,2.444,1.0,3.0,16,135.9071364369724,205.6546783532462,pobre,basal,0,375.0,614.0,1.0,43.0,9,83,11921,2,1.0
97,0.0,1.0,2.444,1.0,1.0,16,135.9071364369724,205.6546783532462,pobre,basal,0,375.0,614.0,1.0,43.0,6,83,11922,1,1.0
98,0.0,1.0,2.444,1.0,2.0,16,135.9071364369724,205.6546783532462,pobre,basal,0,375.0,614.0,1.0,43.0,7,83,11922,1,1.0
97,0.0,1.0,2.444,0.0,9.0,16,135.9071364369724,205.6546783532462,pobre,basal,0,375.0,614.0,1.0,43.0,13,83,11923,9,0.0
98,0.0,1.0,2.444,,,16,135.9071364369724,205.6546783532462,pobre,basal,0,375.0,614.0,1.0,43.0,14,83,11923,9,0.0
97,1.0,1.0,2.444,1.0,5.0,16,135.9071364369724,205.6546783532462,pobre,basal,0,375.0,614.0,1.0,43.0,12,83,11924,5,1.0
98,1.0,1.0,2.444,1.0,6.0,16,135.9071364369724,205.6546783532462,pobre,basal,0,375.0,614.0,1.0,43.0,13,83,11924,5,1.0
97,1.0,1.0,2.444,1.0,3.0,16,135.9071364369724,205.6546783532462,pobre,basal,0,375.0,614.0,1.0,43.0,8,83,11925,3,1.0
98,1.0,1.0,2.444,1.0,4.0,16,135.9071364369724,205.6546783532462,pobre,basal,0,375.0,614.0,1.0,43.0,9,83,11925,3,1.0
97,1.0,1.0,2.444,1.0,2.0,16,135.9071364369724,205.6546783532462,pobre,basal,0,375.0,614.0,1.0,43.0,6,83,11926,2,1.0
98,1.0,1.0,2.444,1.0,3.0,16,135.9071364369724,205.6546783532462,pobre,basal,0,375.0,614.0,1.0,43.0,7,83,11926,2,1.0
97,1.0,1.0,2.444,1.0,2.0,7,135.9071364369724,205.6546783532462,pobre,basal,6,375.0,546.0,1.0,26.0,8,83,11927,2,1.0
98,1.0,1.0,2.444,1.0,3.0,7,135.9071364369724,205.6546783532462,pobre,basal,6,375.0,546.0,1.0,26.0,9,83,11927,2,1.0
97,1.0,1.0,2.444,1.0,0.0,7,135.9071364369724,205.6546783532462,pobre,basal,6,375.0,546.0,1.0,26.0,6,83,11928,0,1.0
98,1.0,1.0,2.444,1.0,1.0,7,135.9071364369724,205.6546783532462,pobre,basal,6,375.0,546.0,1.0,26.0,7,83,11928,0,1.0
97,1.0,1.0,2.444,1.0,1.0,8,135.9071364369724,205.6546783532462,pobre,basal,6,375.0,564.0,1.0,30.0,8,83,11929,1,1.0
98,1.0,1.0,2.444,1.0,2.0,8,135.9071364369724,205.6546783532462,pobre,basal,6,375.0,564.0,1.0,30.0,9,83,11929,1,1.0
97,0.0,1.0,2.444,1.0,0.0,8,135.9071364369724,205.6546783532462,pobre,basal,6,375.0,564.0,1.0,30.0,6,83,11930,0,1.0
98,0.0,1.0,2.444,1.0,1.0,8,135.9071364369724,205.6546783532462,pobre,basal,6,375.0,564.0,1.0,30.0,7,83,11930,0,1.0
97,0.0,1.0,2.444,0.0,8.0,6,135.9071364369724,205.6546783532462,pobre,basal,0,375.0,746.0,1.0,56.0,15,83,11931,8,0.0
98,0.0,1.0,2.444,1.0,8.0,6,135.9071364369724,205.6546783532462,pobre,basal,0,375.0,746.0,1.0,56.0,16,83,11931,8,0.0
97,0.0,1.0,2.444,1.0,5.0,6,135.9071364369724,205.6546783532462,pobre,basal,0,375.0,746.0,1.0,56.0,13,83,11932,5,1.0
98,0.0,1.0,2.444,1.0,7.0,6,135.9071364369724,205.6546783532462,pobre,basal,0,375.0,746.0,1.0,56.0,14,83,11932,5,1.0
97,1.0,1.0,2.444,1.0,5.0,5,135.9071364369724,205.6546783532462,pobre,basal,0,375.0,730.5,1.0,64.0,11,83,11933,5,1.0
98,1.0,1.0,2.444,1.0,6.0,5,135.9071364369724,205.6546783532462,pobre,basal,0,375.0,730.5,1.0,64.0,12,83,11933,5,1.0
97,1.0,1.0,2.444,1.0,1.0,5,135.9071364369724,205.6546783532462,pobre,basal,0,375.0,730.5,1.0,64.0,7,83,11934,1,1.0
98,1.0,1.0,2.444,1.0,2.0,5,135.9071364369724,205.6546783532462,pobre,basal,0,375.0,730.5,1.0,64.0,8,83,11934,1,1.0
97,1.0,1.0,2.444,0.0,5.0,9,135.9071364369724,205.6546783532462,pobre,basal,0,375.0,674.0,1.0,46.0,15,83,11935,5,0.0
98,1.0,1.0,2.444,,,9,135.9071364369724,205.6546783532462,pobre,basal,0,375.0,674.0,1.0,46.0,16,83,11935,5,0.0
97,0.0,1.0,2.444,1.0,3.0,9,135.9071364369724,205.6546783532462,pobre,basal,0,375.0,674.0,1.0,46.0,13,83,11936,3,1.0
98,0.0,1.0,2.444,,,9,135.9071364369724,205.6546783532462,pobre,basal,0,375.0,674.0,1.0,46.0,14,83,11936,3,1.0
97,1.0,1.0,2.444,1.0,3.0,9,135.9071364369724,205.6546783532462,pobre,basal,0,375.0,674.0,1.0,46.0,9,83,11937,3,1.0
98,1.0,1.0,2.444,1.0,4.0,9,135.9071364369724,205.6546783532462,pobre,basal,0,375.0,674.0,1.0,46.0,10,83,11937,3,1.0
97,1.0,1.0,2.444,,0.0,9,135.9071364369724,205.6546783532462,pobre,basal,0,375.0,674.0,1.0,46.0,6,83,11938,0,
98,1.0,1.0,2.444,1.0,2.0,9,135.9071364369724,205.6546783532462,pobre,basal,0,375.0,674.0,1.0,46.0,7,83,11938,0,
97,0.0,1.0,2.444,,0.0,9,135.9071364369724,205.6546783532462,pobre,basal,0,375.0,758.0,1.0,46.0,15,83,11939,0,
98,0.0,1.0,2.444,0.0,4.0,9,135.9071364369724,205.6546783532462,pobre,basal,0,375.0,758.0,1.0,46.0,16,83,11939,0,
97,1.0,1.0,2.444,1.0,2.0,9,135.9071364369724,205.6546783532462,pobre,basal,0,375.0,758.0,1.0,46.0,12,83,11940,2,1.0
98,1.0,1.0,2.444,1.0,6.0,9,135.9071364369724,205.6546783532462,pobre,basal,0,375.0,758.0,1.0,46.0,13,83,11940,2,1.0
97,1.0,1.0,2.444,1.0,5.0,12,135.9071364369724,205.6546783532462,pobre,basal,0,375.0,620.0,1.0,45.0,15,83,11941,5,1.0
98,1.0,1.0,2.444,0.0,6.0,12,135.9071364369724,205.6546783532462,pobre,basal,0,375.0,620.0,1.0,45.0,16,83,11941,5,1.0
97,1.0,1.0,2.444,1.0,5.0,12,135.9071364369724,205.6546783532462,pobre,basal,0,375.0,620.0,1.0,45.0,12,83,11942,5,1.0
98,1.0,1.0,2.444,0.0,6.0,12,135.9071364369724,205.6546783532462,pobre,basal,0,375.0,620.0,1.0,45.0,13,83,11942,5,1.0
97,1.0,1.0,2.444,1.0,4.0,12,135.9071364369724,205.6546783532462,pobre,basal,0,375.0,620.0,1.0,45.0,10,83,11943,4,1.0
98,1.0,1.0,2.444,1.0,5.0,12,135.9071364369724,205.6546783532462,pobre,basal,0,375.0,620.0,1.0,45.0,11,83,11943,4,1.0
97,0.0,1.0,2.444,1.0,3.0,12,135.9071364369724,205.6546783532462,pobre,basal,0,375.0,620.0,1.0,45.0,11,83,11944,3,1.0
98,0.0,1.0,2.444,1.0,4.0,12,135.9071364369724,205.6546783532462,pobre,basal,0,375.0,620.0,1.0,45.0,12,83,11944,3,1.0
97,0.0,1.0,2.444,1.0,0.0,12,135.9071364369724,205.6546783532462,pobre,basal,0,375.0,620.0,1.0,45.0,7,83,11945,0,1.0
98,0.0,1.0,2.444,1.0,1.0,12,135.9071364369724,205.6546783532462,pobre,basal,0,375.0,620.0,1.0,45.0,8,83,11945,0,1.0
97,1.0,1.0,2.444,1.0,7.0,8,135.9071364369724,205.6546783532462,pobre,basal,0,375.0,532.0,1.0,39.0,13,83,11946,7,1.0
98,1.0,1.0,2.444,1.0,8.0,8,135.9071364369724,205.6546783532462,pobre,basal,0,375.0,532.0,1.0,39.0,14,83,11946,7,1.0
97,1.0,1.0,2.444,1.0,4.0,8,135.9071364369724,205.6546783532462,pobre,basal,0,375.0,532.0,1.0,39.0,11,83,11947,4,1.0
98,1.0,1.0,2.444,1.0,5.0,8,135.9071364369724,205.6546783532462,pobre,basal,0,375.0,532.0,1.0,39.0,12,83,11947,4,1.0
97,1.0,1.0,2.444,1.0,1.0,8,135.9071364369724,205.6546783532462,pobre,basal,0,375.0,532.0,1.0,39.0,7,83,11948,1,1.0
98,1.0,1.0,2.444,1.0,3.0,8,135.9071364369724,205.6546783532462,pobre,basal,0,375.0,532.0,1.0,39.0,8,83,11948,1,1.0
97,0.0,1.0,2.444,0.0,6.0,9,135.9071364369724,205.6546783532462,pobre,basal,4,375.0,520.0,1.0,38.0,15,83,11949,6,0.0
98,0.0,1.0,2.444,0.0,6.0,9,135.9071364369724,205.6546783532462,pobre,basal,4,375.0,520.0,1.0,38.0,16,83,11949,6,0.0
97,1.0,1.0,2.444,1.0,7.0,9,135.9071364369724,205.6546783532462,pobre,basal,4,375.0,520.0,1.0,38.0,13,83,11950,7,1.0
98,1.0,1.0,2.444,1.0,8.0,9,135.9071364369724,205.6546783532462,pobre,basal,4,375.0,520.0,1.0,38.0,14,83,11950,7,1.0
97,1.0,1.0,2.444,1.0,4.0,9,135.9071364369724,205.6546783532462,pobre,basal,4,375.0,520.0,1.0,38.0,11,83,11951,4,1.0
98,1.0,1.0,2.444,1.0,3.0,9,135.9071364369724,205.6546783532462,pobre,basal,4,375.0,520.0,1.0,38.0,12,83,11951,4,1.0
97,1.0,1.0,2.444,1.0,2.0,9,135.9071364369724,205.6546783532462,pobre,basal,4,375.0,520.0,1.0,38.0,8,83,11952,2,1.0
98,1.0,1.0,2.444,1.0,2.0,9,135.9071364369724,205.6546783532462,pobre,basal,4,375.0,520.0,1.0,38.0,9,83,11952,2,1.0
97,0.0,1.0,2.444,1.0,0.0,9,135.9071364369724,205.6546783532462,pobre,basal,4,375.0,520.0,1.0,38.0,6,83,11953,0,1.0
98,0.0,1.0,2.444,1.0,2.0,9,135.9071364369724,205.6546783532462,pobre,basal,4,375.0,520.0,1.0,38.0,7,83,11953,0,1.0
97,0.0,1.0,2.444,1.0,4.0,7,135.9071364369724,205.6546783532462,pobre,basal,6,375.0,581.0,1.0,30.0,11,83,11954,4,1.0
98,0.0,1.0,2.444,1.0,5.0,7,135.9071364369724,205.6546783532462,pobre,basal,6,375.0,581.0,1.0,30.0,12,83,11954,4,1.0
97,0.0,1.0,2.444,1.0,2.0,7,135.9071364369724,205.6546783532462,pobre,basal,6,375.0,581.0,1.0,30.0,8,83,11955,2,1.0
98,0.0,1.0,2.444,1.0,2.0,7,135.9071364369724,205.6546783532462,pobre,basal,6,375.0,581.0,1.0,30.0,9,83,11955,2,1.0
97,1.0,1.0,2.444,1.0,0.0,7,135.9071364369724,205.6546783532462,pobre,basal,6,375.0,581.0,1.0,30.0,6,83,11956,0,1.0
98,1.0,1.0,2.444,1.0,0.0,7,135.9071364369724,205.6546783532462,pobre,basal,6,375.0,581.0,1.0,30.0,7,83,11956,0,1.0
97,1.0,1.0,2.444,1.0,2.0,5,135.9071364369724,205.6546783532462,pobre,basal,9,375.0,663.0,1.0,31.0,8,83,11957,2,1.0
98,1.0,1.0,2.444,1.0,3.0,5,135.9071364369724,205.6546783532462,pobre,basal,9,375.0,663.0,1.0,31.0,9,83,11957,2,1.0
97,1.0,1.0,2.444,1.0,0.0,5,135.9071364369724,205.6546783532462,pobre,basal,9,375.0,663.0,1.0,31.0,6,83,11958,0,1.0
98,1.0,1.0,2.444,1.0,2.0,5,135.9071364369724,205.6546783532462,pobre,basal,9,375.0,663.0,1.0,31.0,7,83,11958,0,1.0
97,1.0,0.0,2.8740001,1.0,4.0,5,123.2546980677676,220.657436945666,no pobre,0,5,0.0,985.5,1.0,33.0,10,82,11959,4,1.0
98,1.0,0.0,2.8740001,1.0,5.0,5,123.2546980677676,220.657436945666,no pobre,0,5,0.0,985.5,1.0,33.0,11,82,11959,4,1.0
97,0.0,0.0,2.8740001,1.0,3.0,5,123.2546980677676,220.657436945666,no pobre,0,5,0.0,985.5,1.0,33.0,9,82,11960,3,1.0
98,0.0,0.0,2.8740001,1.0,3.0,5,123.2546980677676,220.657436945666,no pobre,0,5,0.0,985.5,1.0,33.0,10,82,11960,3,1.0
97,1.0,0.0,2.8740001,0.0,6.0,8,123.2546980677676,220.657436945666,pobre,0,0,0.0,531.0,1.0,36.0,13,82,11961,6,0.0
98,1.0,0.0,2.8740001,,,8,123.2546980677676,220.657436945666,pobre,0,0,0.0,531.0,1.0,36.0,14,82,11961,6,0.0
97,0.0,0.0,2.8740001,1.0,2.0,8,123.2546980677676,220.657436945666,pobre,0,0,0.0,531.0,1.0,36.0,10,82,11962,2,1.0
98,0.0,0.0,2.8740001,1.0,4.0,8,123.2546980677676,220.657436945666,pobre,0,0,0.0,531.0,1.0,36.0,11,82,11962,2,1.0
97,0.0,0.0,2.8740001,1.0,2.0,8,123.2546980677676,220.657436945666,pobre,0,0,0.0,531.0,1.0,36.0,9,82,11963,2,1.0
98,0.0,0.0,2.8740001,1.0,3.0,8,123.2546980677676,220.657436945666,pobre,0,0,0.0,531.0,1.0,36.0,10,82,11963,2,1.0
97,1.0,0.0,2.8740001,1.0,0.0,8,123.2546980677676,220.657436945666,pobre,0,0,0.0,531.0,1.0,36.0,7,82,11964,0,1.0
98,1.0,0.0,2.8740001,1.0,2.0,8,123.2546980677676,220.657436945666,pobre,0,0,0.0,531.0,1.0,36.0,8,82,11964,0,1.0
97,0.0,0.0,2.8740001,1.0,7.0,11,123.2546980677676,220.657436945666,pobre,0,2,500.0,832.0,1.0,38.0,15,82,11965,7,1.0
98,0.0,0.0,2.8740001,,,11,123.2546980677676,220.657436945666,pobre,0,2,500.0,832.0,1.0,38.0,16,82,11965,7,1.0
97,0.0,0.0,2.8740001,1.0,7.0,11,123.2546980677676,220.657436945666,pobre,0,2,500.0,832.0,1.0,38.0,13,82,11966,7,1.0
98,0.0,0.0,2.8740001,,,11,123.2546980677676,220.657436945666,pobre,0,2,500.0,832.0,1.0,38.0,14,82,11966,7,1.0
97,1.0,0.0,2.8740001,1.0,4.0,11,123.2546980677676,220.657436945666,pobre,0,2,500.0,832.0,1.0,38.0,10,82,11967,4,1.0
98,1.0,0.0,2.8740001,1.0,5.0,11,123.2546980677676,220.657436945666,pobre,0,2,500.0,832.0,1.0,38.0,11,82,11967,4,1.0
97,1.0,0.0,2.8740001,1.0,2.0,11,123.2546980677676,220.657436945666,pobre,0,2,500.0,832.0,1.0,38.0,8,82,11968,2,1.0
98,1.0,0.0,2.8740001,1.0,3.0,11,123.2546980677676,220.657436945666,pobre,0,2,500.0,832.0,1.0,38.0,9,82,11968,2,1.0
97,1.0,0.0,2.8740001,1.0,0.0,11,123.2546980677676,220.657436945666,pobre,0,2,500.0,832.0,1.0,38.0,6,82,11969,0,1.0
98,1.0,0.0,2.8740001,1.0,1.0,11,123.2546980677676,220.657436945666,pobre,0,2,500.0,832.0,1.0,38.0,7,82,11969,0,1.0
97,1.0,0.0,2.8740001,1.0,1.0,6,123.2546980677676,220.657436945666,pobre,0,5,500.0,880.0,1.0,28.0,8,82,11970,1,1.0
98,1.0,0.0,2.8740001,1.0,2.0,6,123.2546980677676,220.657436945666,pobre,0,5,500.0,880.0,1.0,28.0,9,82,11970,1,1.0
97,1.0,0.0,2.8740001,1.0,0.0,6,123.2546980677676,220.657436945666,pobre,0,5,500.0,880.0,1.0,28.0,6,82,11971,0,1.0
98,1.0,0.0,2.8740001,1.0,1.0,6,123.2546980677676,220.657436945666,pobre,0,5,500.0,880.0,1.0,28.0,7,82,11971,0,1.0
97,0.0,0.0,2.8740001,1.0,4.0,8,123.2546980677676,220.657436945666,pobre,0,0,500.0,613.0,1.0,38.0,9,82,11972,4,1.0
98,0.0,0.0,2.8740001,1.0,5.0,8,123.2546980677676,220.657436945666,pobre,0,0,500.0,613.0,1.0,38.0,10,82,11972,4,1.0
97,0.0,0.0,2.8740001,1.0,3.0,8,123.2546980677676,220.657436945666,pobre,0,0,500.0,613.0,1.0,38.0,8,82,11973,3,1.0
98,0.0,0.0,2.8740001,1.0,4.0,8,123.2546980677676,220.657436945666,pobre,0,0,500.0,613.0,1.0,38.0,9,82,11973,3,1.0
97,0.0,0.0,2.8740001,1.0,1.0,8,123.2546980677676,220.657436945666,pobre,0,0,500.0,613.0,1.0,38.0,6,82,11974,1,1.0
98,0.0,0.0,2.8740001,1.0,2.0,8,123.2546980677676,220.657436945666,pobre,0,0,500.0,613.0,1.0,38.0,7,82,11974,1,1.0
97,0.0,0.0,2.8740001,1.0,7.0,8,123.2546980677676,220.657436945666,no pobre,0,0,500.0,851.0,1.0,51.0,13,82,11975,7,1.0
98,0.0,0.0,2.8740001,1.0,8.0,8,123.2546980677676,220.657436945666,no pobre,0,0,500.0,851.0,1.0,51.0,14,82,11975,7,1.0
97,1.0,0.0,2.8740001,1.0,7.0,5,123.2546980677676,220.657436945666,pobre,0,0,500.0,660.0,1.0,48.0,15,82,11976,7,1.0
98,1.0,0.0,2.8740001,1.0,8.0,5,123.2546980677676,220.657436945666,pobre,0,0,500.0,660.0,1.0,48.0,16,82,11976,7,1.0
97,1.0,0.0,2.8740001,1.0,6.0,5,123.2546980677676,220.657436945666,pobre,0,0,500.0,660.0,1.0,48.0,13,82,11977,6,1.0
98,1.0,0.0,2.8740001,1.0,7.0,5,123.2546980677676,220.657436945666,pobre,0,0,500.0,660.0,1.0,48.0,14,82,11977,6,1.0
97,0.0,0.0,2.8740001,1.0,4.0,5,123.2546980677676,220.657436945666,pobre,0,0,500.0,660.0,1.0,48.0,10,82,11978,4,1.0
98,0.0,0.0,2.8740001,1.0,5.0,5,123.2546980677676,220.657436945666,pobre,0,0,500.0,660.0,1.0,48.0,11,82,11978,4,1.0
97,1.0,0.0,2.8740001,1.0,4.0,8,123.2546980677676,220.657436945666,no pobre,0,0,0.0,880.0,1.0,53.0,13,82,11979,4,1.0
98,1.0,0.0,2.8740001,1.0,5.0,8,123.2546980677676,220.657436945666,no pobre,0,0,0.0,880.0,1.0,53.0,14,82,11979,4,1.0
97,1.0,0.0,2.8740001,1.0,4.0,8,123.2546980677676,220.657436945666,no pobre,0,0,0.0,880.0,1.0,53.0,12,82,11980,4,1.0
98,1.0,0.0,2.8740001,1.0,1.0,8,123.2546980677676,220.657436945666,no pobre,0,0,0.0,880.0,1.0,53.0,13,82,11980,4,1.0
97,0.0,0.0,2.8740001,1.0,3.0,5,123.2546980677676,220.657436945666,no pobre,0,0,0.0,956.0,1.0,59.0,9,82,11981,3,1.0
98,0.0,0.0,2.8740001,1.0,4.0,5,123.2546980677676,220.657436945666,no pobre,0,0,0.0,956.0,1.0,59.0,10,82,11981,3,1.0
97,0.0,0.0,2.8740001,0.0,4.0,10,123.2546980677676,220.657436945666,no pobre,0,0,500.0,932.0,1.0,61.0,16,82,11982,4,0.0
98,0.0,0.0,2.8740001,,,10,123.2546980677676,220.657436945666,no pobre,0,0,500.0,932.0,1.0,61.0,17,82,11982,4,0.0
97,1.0,0.0,2.8740001,1.0,1.0,5,123.2546980677676,220.657436945666,pobre,0,1,500.0,670.0,1.0,39.0,8,82,11983,1,1.0
98,1.0,0.0,2.8740001,1.0,2.0,5,123.2546980677676,220.657436945666,pobre,0,1,500.0,670.0,1.0,39.0,9,82,11983,1,1.0
97,1.0,0.0,2.8740001,1.0,2.0,5,123.2546980677676,220.657436945666,pobre,0,1,500.0,670.0,1.0,39.0,7,82,11984,2,1.0
98,1.0,0.0,2.8740001,1.0,2.0,5,123.2546980677676,220.657436945666,pobre,0,1,500.0,670.0,1.0,39.0,8,82,11984,2,1.0
97,0.0,0.0,2.8740001,0.0,6.0,4,123.2546980677676,220.657436945666,pobre,0,0,500.0,700.0,1.0,38.0,12,82,11985,6,0.0
98,0.0,0.0,2.8740001,,,4,123.2546980677676,220.657436945666,pobre,0,0,500.0,700.0,1.0,38.0,13,82,11985,6,0.0
97,1.0,0.0,2.8740001,1.0,3.0,4,123.2546980677676,220.657436945666,pobre,0,0,500.0,700.0,1.0,38.0,11,82,11986,3,1.0
98,1.0,0.0,2.8740001,,,4,123.2546980677676,220.657436945666,pobre,0,0,500.0,700.0,1.0,38.0,12,82,11986,3,1.0
97,0.0,0.0,2.8740001,1.0,1.0,7,123.2546980677676,220.657436945666,pobre,0,0,500.0,446.0,1.0,28.0,7,82,11987,1,1.0
98,0.0,0.0,2.8740001,1.0,2.0,7,123.2546980677676,220.657436945666,pobre,0,0,500.0,446.0,1.0,28.0,8,82,11987,1,1.0
97,1.0,0.0,2.8740001,1.0,1.0,7,123.2546980677676,220.657436945666,pobre,0,0,500.0,446.0,1.0,28.0,6,82,11988,1,1.0
98,1.0,0.0,2.8740001,1.0,2.0,7,123.2546980677676,220.657436945666,pobre,0,0,500.0,446.0,1.0,28.0,7,82,11988,1,1.0
97,1.0,0.0,2.8740001,0.0,6.0,6,123.2546980677676,220.657436945666,no pobre,0,2,500.0,944.5,1.0,47.0,16,82,11989,6,0.0
98,1.0,0.0,2.8740001,0.0,6.0,6,123.2546980677676,220.657436945666,no pobre,0,2,500.0,944.5,1.0,47.0,17,82,11989,6,0.0
97,1.0,0.0,2.8740001,0.0,1.0,6,123.2546980677676,220.657436945666,no pobre,0,2,500.0,944.5,1.0,47.0,11,82,11990,1,0.0
98,1.0,0.0,2.8740001,0.0,1.0,6,123.2546980677676,220.657436945666,no pobre,0,2,500.0,944.5,1.0,47.0,12,82,11990,1,0.0
97,1.0,0.0,2.8740001,1.0,9.0,8,123.2546980677676,220.657436945666,pobre,0,0,500.0,740.0,1.0,44.0,16,82,11991,9,1.0
98,1.0,0.0,2.8740001,,,8,123.2546980677676,220.657436945666,pobre,0,0,500.0,740.0,1.0,44.0,17,82,11991,9,1.0
97,0.0,0.0,2.8740001,1.0,9.0,8,123.2546980677676,220.657436945666,pobre,0,0,500.0,740.0,1.0,44.0,15,82,11992,9,1.0
98,0.0,0.0,2.8740001,0.0,10.0,8,123.2546980677676,220.657436945666,pobre,0,0,500.0,740.0,1.0,44.0,16,82,11992,9,1.0
97,0.0,0.0,2.8740001,1.0,7.0,8,123.2546980677676,220.657436945666,pobre,0,0,500.0,740.0,1.0,44.0,13,82,11993,7,1.0
98,0.0,0.0,2.8740001,1.0,8.0,8,123.2546980677676,220.657436945666,pobre,0,0,500.0,740.0,1.0,44.0,14,82,11993,7,1.0
97,0.0,0.0,2.8740001,1.0,7.0,8,123.2546980677676,220.657436945666,pobre,0,0,500.0,740.0,1.0,44.0,13,82,11994,7,1.0
98,0.0,0.0,2.8740001,1.0,8.0,8,123.2546980677676,220.657436945666,pobre,0,0,500.0,740.0,1.0,44.0,14,82,11994,7,1.0
97,0.0,0.0,2.8740001,1.0,5.0,8,123.2546980677676,220.657436945666,pobre,0,0,500.0,740.0,1.0,44.0,10,82,11995,5,1.0
98,0.0,0.0,2.8740001,1.0,6.0,8,123.2546980677676,220.657436945666,pobre,0,0,500.0,740.0,1.0,44.0,11,82,11995,5,1.0
97,0.0,0.0,2.8740001,1.0,3.0,8,123.2546980677676,220.657436945666,pobre,0,0,500.0,740.0,1.0,44.0,9,82,11996,3,1.0
98,0.0,0.0,2.8740001,1.0,4.0,8,123.2546980677676,220.657436945666,pobre,0,0,500.0,740.0,1.0,44.0,10,82,11996,3,1.0
97,0.0,0.0,2.8740001,0.0,6.0,9,123.2546980677676,220.657436945666,no pobre,0,2,1200.0,933.5,1.0,52.0,16,82,11997,6,0.0
98,0.0,0.0,2.8740001,,,9,123.2546980677676,220.657436945666,no pobre,0,2,1200.0,933.5,1.0,52.0,17,82,11997,6,0.0
97,0.0,0.0,2.8740001,1.0,7.0,9,123.2546980677676,220.657436945666,no pobre,0,2,1200.0,933.5,1.0,52.0,13,82,11998,7,1.0
98,0.0,0.0,2.8740001,1.0,3.0,9,123.2546980677676,220.657436945666,no pobre,0,2,1200.0,933.5,1.0,52.0,14,82,11998,7,1.0
97,0.0,0.0,2.8740001,1.0,2.0,8,123.2546980677676,220.657436945666,pobre,0,3,500.0,849.0,1.0,35.0,8,82,11999,2,1.0
98,0.0,0.0,2.8740001,1.0,3.0,8,123.2546980677676,220.657436945666,pobre,0,3,500.0,849.0,1.0,35.0,9,82,11999,2,1.0
97,1.0,0.0,2.8740001,1.0,1.0,8,123.2546980677676,220.657436945666,pobre,0,3,500.0,849.0,1.0,35.0,7,82,12000,1,1.0
98,1.0,0.0,2.8740001,1.0,2.0,8,123.2546980677676,220.657436945666,pobre,0,3,500.0,849.0,1.0,35.0,8,82,12000,1,1.0
97,1.0,0.0,2.8740001,1.0,0.0,8,123.2546980677676,220.657436945666,pobre,0,3,500.0,849.0,1.0,35.0,6,82,12001,0,1.0
98,1.0,0.0,2.8740001,1.0,1.0,8,123.2546980677676,220.657436945666,pobre,0,3,500.0,849.0,1.0,35.0,7,82,12001,0,1.0
97,1.0,0.0,2.8740001,1.0,2.0,5,123.2546980677676,220.657436945666,no pobre,0,3,500.0,931.5,1.0,33.0,8,82,12002,2,1.0
98,1.0,0.0,2.8740001,1.0,3.0,5,123.2546980677676,220.657436945666,no pobre,0,3,500.0,931.5,1.0,33.0,9,82,12002,2,1.0
97,0.0,0.0,2.8740001,1.0,4.0,6,123.2546980677676,220.657436945666,pobre,0,3,500.0,590.0,1.0,34.0,11,82,12003,4,1.0
98,0.0,0.0,2.8740001,1.0,5.0,6,123.2546980677676,220.657436945666,pobre,0,3,500.0,590.0,1.0,34.0,12,82,12003,4,1.0
97,0.0,0.0,2.8740001,1.0,2.0,6,123.2546980677676,220.657436945666,pobre,0,3,500.0,590.0,1.0,34.0,10,82,12004,2,1.0
98,0.0,0.0,2.8740001,1.0,3.0,6,123.2546980677676,220.657436945666,pobre,0,3,500.0,590.0,1.0,34.0,11,82,12004,2,1.0
97,0.0,0.0,2.8740001,1.0,8.0,5,123.2546980677676,220.657436945666,pobre,0,0,500.0,722.0,1.0,44.0,15,82,12005,8,1.0
98,0.0,0.0,2.8740001,1.0,9.0,5,123.2546980677676,220.657436945666,pobre,0,0,500.0,722.0,1.0,44.0,16,82,12005,8,1.0
97,1.0,0.0,2.8740001,1.0,7.0,5,123.2546980677676,220.657436945666,pobre,0,0,500.0,722.0,1.0,44.0,11,82,12006,7,1.0
98,1.0,0.0,2.8740001,1.0,8.0,5,123.2546980677676,220.657436945666,pobre,0,0,500.0,722.0,1.0,44.0,12,82,12006,7,1.0
97,0.0,0.0,2.8740001,1.0,4.0,5,123.2546980677676,220.657436945666,pobre,0,0,500.0,722.0,1.0,44.0,10,82,12007,4,1.0
98,0.0,0.0,2.8740001,1.0,5.0,5,123.2546980677676,220.657436945666,pobre,0,0,500.0,722.0,1.0,44.0,11,82,12007,4,1.0
97,0.0,0.0,2.8740001,1.0,8.0,7,123.2546980677676,220.657436945666,pobre,0,2,500.0,885.0,1.0,49.0,15,82,12008,8,1.0
98,0.0,0.0,2.8740001,1.0,9.0,7,123.2546980677676,220.657436945666,pobre,0,2,500.0,885.0,1.0,49.0,16,82,12008,8,1.0
97,0.0,0.0,2.8740001,0.0,6.0,7,123.2546980677676,220.657436945666,pobre,0,2,500.0,885.0,1.0,49.0,13,82,12009,6,0.0
98,0.0,0.0,2.8740001,0.0,6.0,7,123.2546980677676,220.657436945666,pobre,0,2,500.0,885.0,1.0,49.0,14,82,12009,6,0.0
97,1.0,0.0,2.8740001,1.0,2.0,7,123.2546980677676,220.657436945666,pobre,0,2,500.0,885.0,1.0,49.0,9,82,12010,2,1.0
98,1.0,0.0,2.8740001,1.0,3.0,7,123.2546980677676,220.657436945666,pobre,0,2,500.0,885.0,1.0,49.0,10,82,12010,2,1.0
97,1.0,0.0,2.8740001,1.0,1.0,7,123.2546980677676,220.657436945666,pobre,0,2,500.0,885.0,1.0,49.0,7,82,12011,1,1.0
98,1.0,0.0,2.8740001,1.0,2.0,7,123.2546980677676,220.657436945666,pobre,0,2,500.0,885.0,1.0,49.0,8,82,12011,1,1.0
97,0.0,0.0,2.8740001,1.0,1.0,8,123.2546980677676,220.657436945666,no pobre,0,0,500.0,873.0,1.0,59.0,8,82,12012,1,1.0
98,0.0,0.0,2.8740001,1.0,2.0,8,123.2546980677676,220.657436945666,no pobre,0,0,500.0,873.0,1.0,59.0,9,82,12012,1,1.0
97,1.0,0.0,2.8740001,1.0,2.0,8,123.2546980677676,220.657436945666,no pobre,0,0,500.0,873.0,1.0,59.0,9,82,12013,2,1.0
98,1.0,0.0,2.8740001,1.0,2.0,8,123.2546980677676,220.657436945666,no pobre,0,0,500.0,873.0,1.0,59.0,10,82,12013,2,1.0
97,1.0,0.0,2.8740001,1.0,0.0,8,123.2546980677676,220.657436945666,no pobre,0,0,500.0,873.0,1.0,59.0,6,82,12014,0,1.0
98,1.0,0.0,2.8740001,1.0,1.0,8,123.2546980677676,220.657436945666,no pobre,0,0,500.0,873.0,1.0,59.0,7,82,12014,0,1.0
97,1.0,0.0,2.8740001,1.0,6.0,6,123.2546980677676,220.657436945666,pobre,0,0,500.0,619.0,1.0,30.0,13,82,12015,6,1.0
98,1.0,0.0,2.8740001,,,6,123.2546980677676,220.657436945666,pobre,0,0,500.0,619.0,1.0,30.0,14,82,12015,6,1.0
97,1.0,0.0,2.8740001,1.0,5.0,6,123.2546980677676,220.657436945666,pobre,0,0,500.0,619.0,1.0,30.0,12,82,12016,5,1.0
98,1.0,0.0,2.8740001,1.0,6.0,6,123.2546980677676,220.657436945666,pobre,0,0,500.0,619.0,1.0,30.0,13,82,12016,5,1.0
97,1.0,0.0,2.8740001,1.0,1.0,6,123.2546980677676,220.657436945666,pobre,0,0,500.0,619.0,1.0,30.0,7,82,12017,1,1.0
98,1.0,0.0,2.8740001,1.0,1.0,6,123.2546980677676,220.657436945666,pobre,0,0,500.0,619.0,1.0,30.0,8,82,12017,1,1.0
97,0.0,0.0,2.8740001,0.0,6.0,11,123.2546980677676,220.657436945666,pobre,0,0,500.0,623.0,1.0,38.0,15,82,12018,6,0.0
98,0.0,0.0,2.8740001,0.0,6.0,11,123.2546980677676,220.657436945666,pobre,0,0,500.0,623.0,1.0,38.0,16,82,12018,6,0.0
97,0.0,0.0,2.8740001,0.0,6.0,11,123.2546980677676,220.657436945666,pobre,0,0,500.0,623.0,1.0,38.0,13,82,12019,6,0.0
98,0.0,0.0,2.8740001,0.0,6.0,11,123.2546980677676,220.657436945666,pobre,0,0,500.0,623.0,1.0,38.0,14,82,12019,6,0.0
97,0.0,0.0,2.8740001,1.0,7.0,11,123.2546980677676,220.657436945666,pobre,0,0,500.0,623.0,1.0,38.0,13,82,12020,7,1.0
98,0.0,0.0,2.8740001,1.0,8.0,11,123.2546980677676,220.657436945666,pobre,0,0,500.0,623.0,1.0,38.0,14,82,12020,7,1.0
97,0.0,0.0,2.8740001,1.0,7.0,11,123.2546980677676,220.657436945666,pobre,0,0,500.0,623.0,1.0,38.0,12,82,12021,7,1.0
98,0.0,0.0,2.8740001,1.0,8.0,11,123.2546980677676,220.657436945666,pobre,0,0,500.0,623.0,1.0,38.0,13,82,12021,7,1.0
97,1.0,0.0,2.8740001,1.0,1.0,11,123.2546980677676,220.657436945666,pobre,0,0,500.0,623.0,1.0,38.0,6,82,12022,1,1.0
98,1.0,0.0,2.8740001,1.0,2.0,11,123.2546980677676,220.657436945666,pobre,0,0,500.0,623.0,1.0,38.0,7,82,12022,1,1.0
97,0.0,0.0,2.8740001,1.0,3.0,11,123.2546980677676,220.657436945666,pobre,0,0,500.0,623.0,1.0,38.0,9,82,12023,3,1.0
98,0.0,0.0,2.8740001,1.0,4.0,11,123.2546980677676,220.657436945666,pobre,0,0,500.0,623.0,1.0,38.0,10,82,12023,3,1.0
97,0.0,,2.8740001,1.0,3.0,8,123.2546980677676,220.657436945666,no pobre,0,0,500.0,840.0,1.0,59.0,9,82,12024,3,1.0
98,0.0,,2.8740001,,,8,123.2546980677676,220.657436945666,no pobre,0,0,500.0,840.0,1.0,59.0,10,82,12024,3,1.0
97,1.0,,2.8740001,1.0,6.0,8,123.2546980677676,220.657436945666,no pobre,0,0,500.0,840.0,1.0,59.0,14,82,12025,6,1.0
98,1.0,,2.8740001,,,8,123.2546980677676,220.657436945666,no pobre,0,0,500.0,840.0,1.0,59.0,15,82,12025,6,1.0
97,0.0,,2.8740001,1.0,2.0,8,123.2546980677676,220.657436945666,no pobre,0,0,500.0,840.0,1.0,59.0,11,82,12026,2,1.0
98,0.0,,2.8740001,,,8,123.2546980677676,220.657436945666,no pobre,0,0,500.0,840.0,1.0,59.0,12,82,12026,2,1.0
97,0.0,0.0,2.8740001,0.0,6.0,7,123.2546980677676,220.657436945666,no pobre,0,6,500.0,845.0,1.0,19.0,16,82,12027,6,0.0
98,0.0,0.0,2.8740001,,,7,123.2546980677676,220.657436945666,no pobre,0,6,500.0,845.0,1.0,19.0,17,82,12027,6,0.0
97,0.0,0.0,2.8740001,0.0,6.0,7,123.2546980677676,220.657436945666,no pobre,0,6,500.0,845.0,1.0,19.0,15,82,12028,6,0.0
98,0.0,0.0,2.8740001,,,7,123.2546980677676,220.657436945666,no pobre,0,6,500.0,845.0,1.0,19.0,16,82,12028,6,0.0
97,1.0,0.0,2.8740001,1.0,6.0,7,123.2546980677676,220.657436945666,no pobre,0,6,500.0,845.0,1.0,19.0,13,82,12029,6,1.0
98,1.0,0.0,2.8740001,1.0,7.0,7,123.2546980677676,220.657436945666,no pobre,0,6,500.0,845.0,1.0,19.0,14,82,12029,6,1.0
97,1.0,0.0,2.8740001,1.0,3.0,7,123.2546980677676,220.657436945666,no pobre,0,6,500.0,845.0,1.0,19.0,9,82,12030,3,1.0
98,1.0,0.0,2.8740001,1.0,4.0,7,123.2546980677676,220.657436945666,no pobre,0,6,500.0,845.0,1.0,19.0,10,82,12030,3,1.0
97,0.0,0.0,2.8740001,1.0,0.0,7,123.2546980677676,220.657436945666,pobre,0,6,0.0,742.0,1.0,28.0,6,82,12031,0,1.0
98,0.0,0.0,2.8740001,1.0,1.0,7,123.2546980677676,220.657436945666,pobre,0,6,0.0,742.0,1.0,28.0,7,82,12031,0,1.0
97,1.0,0.0,2.8740001,1.0,1.0,7,123.2546980677676,220.657436945666,pobre,0,0,0.0,803.0,1.0,38.0,7,82,12032,1,1.0
98,1.0,0.0,2.8740001,1.0,2.0,7,123.2546980677676,220.657436945666,pobre,0,0,0.0,803.0,1.0,38.0,8,82,12032,1,1.0
97,0.0,0.0,2.8740001,0.0,6.0,7,123.2546980677676,220.657436945666,pobre,0,0,0.0,803.0,1.0,38.0,14,82,12033,6,0.0
98,0.0,0.0,2.8740001,0.0,6.0,7,123.2546980677676,220.657436945666,pobre,0,0,0.0,803.0,1.0,38.0,15,82,12033,6,0.0
97,0.0,0.0,2.8740001,1.0,3.0,7,123.2546980677676,220.657436945666,pobre,0,0,0.0,803.0,1.0,38.0,10,82,12034,3,1.0
98,0.0,0.0,2.8740001,1.0,4.0,7,123.2546980677676,220.657436945666,pobre,0,0,0.0,803.0,1.0,38.0,11,82,12034,3,1.0
97,1.0,0.0,2.8740001,0.0,4.0,4,123.2546980677676,220.657436945666,no pobre,0,0,0.0,970.0,0.0,51.0,16,82,12035,4,0.0
98,1.0,0.0,2.8740001,,,4,123.2546980677676,220.657436945666,no pobre,0,0,0.0,970.0,0.0,51.0,17,82,12035,4,0.0
97,0.0,1.0,1.8559999,1.0,3.0,9,165.6120152579543,174.2922336306986,pobre,basal,6,0.0,728.5,1.0,41.0,13,118,12036,3,1.0
98,0.0,1.0,1.8559999,1.0,4.0,9,165.6120152579543,174.2922336306986,pobre,basal,6,0.0,728.5,1.0,41.0,14,118,12036,3,1.0
97,1.0,1.0,1.8559999,1.0,4.0,9,165.6120152579543,174.2922336306986,pobre,basal,6,0.0,728.5,1.0,41.0,11,118,12037,4,1.0
98,1.0,1.0,1.8559999,1.0,5.0,9,165.6120152579543,174.2922336306986,pobre,basal,6,0.0,728.5,1.0,41.0,12,118,12037,4,1.0
97,1.0,1.0,1.8559999,1.0,3.0,9,165.6120152579543,174.2922336306986,pobre,basal,6,0.0,728.5,1.0,41.0,8,118,12038,3,1.0
98,1.0,1.0,1.8559999,1.0,4.0,9,165.6120152579543,174.2922336306986,pobre,basal,6,0.0,728.5,1.0,41.0,9,118,12038,3,1.0
97,1.0,1.0,1.8559999,1.0,1.0,9,165.6120152579543,174.2922336306986,pobre,basal,6,0.0,728.5,1.0,41.0,7,118,12039,1,1.0
98,1.0,1.0,1.8559999,1.0,2.0,9,165.6120152579543,174.2922336306986,pobre,basal,6,0.0,728.5,1.0,41.0,8,118,12039,1,1.0
97,0.0,1.0,1.8559999,1.0,6.0,8,165.6120152579543,174.2922336306986,pobre,basal,0,0.0,626.0,1.0,47.0,16,118,12040,6,1.0
98,0.0,1.0,1.8559999,1.0,7.0,8,165.6120152579543,174.2922336306986,pobre,basal,0,0.0,626.0,1.0,47.0,17,118,12040,6,1.0
97,1.0,1.0,1.8559999,1.0,4.0,8,165.6120152579543,174.2922336306986,pobre,basal,0,0.0,626.0,1.0,47.0,11,118,12041,4,1.0
98,1.0,1.0,1.8559999,1.0,5.0,8,165.6120152579543,174.2922336306986,pobre,basal,0,0.0,626.0,1.0,47.0,12,118,12041,4,1.0
97,0.0,1.0,1.8559999,1.0,3.0,8,165.6120152579543,174.2922336306986,pobre,basal,0,0.0,626.0,1.0,47.0,9,118,12042,3,1.0
98,0.0,1.0,1.8559999,1.0,4.0,8,165.6120152579543,174.2922336306986,pobre,basal,0,0.0,626.0,1.0,47.0,10,118,12042,3,1.0
97,0.0,1.0,1.8559999,1.0,1.0,8,165.6120152579543,174.2922336306986,pobre,basal,0,0.0,626.0,1.0,47.0,7,118,12043,1,1.0
98,0.0,1.0,1.8559999,1.0,2.0,8,165.6120152579543,174.2922336306986,pobre,basal,0,0.0,626.0,1.0,47.0,8,118,12043,1,1.0
97,1.0,1.0,1.8559999,1.0,5.0,9,165.6120152579543,174.2922336306986,pobre,basal,2,0.0,562.0,1.0,39.0,12,118,12044,5,1.0
98,1.0,1.0,1.8559999,1.0,6.0,9,165.6120152579543,174.2922336306986,pobre,basal,2,0.0,562.0,1.0,39.0,13,118,12044,5,1.0
97,1.0,1.0,1.8559999,1.0,3.0,9,165.6120152579543,174.2922336306986,pobre,basal,2,0.0,562.0,1.0,39.0,10,118,12045,3,1.0
98,1.0,1.0,1.8559999,1.0,0.0,9,165.6120152579543,174.2922336306986,pobre,basal,2,0.0,562.0,1.0,39.0,11,118,12045,3,1.0
97,0.0,1.0,1.8559999,1.0,1.0,9,165.6120152579543,174.2922336306986,pobre,basal,2,0.0,562.0,1.0,39.0,7,118,12046,1,1.0
98,0.0,1.0,1.8559999,1.0,0.0,9,165.6120152579543,174.2922336306986,pobre,basal,2,0.0,562.0,1.0,39.0,8,118,12046,1,1.0
97,0.0,1.0,1.8559999,1.0,8.0,9,165.6120152579543,174.2922336306986,pobre,basal,0,0.0,579.0,1.0,43.0,16,118,12047,8,1.0
98,0.0,1.0,1.8559999,,,9,165.6120152579543,174.2922336306986,pobre,basal,0,0.0,579.0,1.0,43.0,17,118,12047,8,1.0
97,0.0,1.0,1.8559999,1.0,5.0,9,165.6120152579543,174.2922336306986,pobre,basal,0,0.0,579.0,1.0,43.0,15,118,12048,5,1.0
98,0.0,1.0,1.8559999,0.0,0.0,9,165.6120152579543,174.2922336306986,pobre,basal,0,0.0,579.0,1.0,43.0,16,118,12048,5,1.0
97,0.0,1.0,1.8559999,1.0,6.0,9,165.6120152579543,174.2922336306986,pobre,basal,0,0.0,579.0,1.0,43.0,13,118,12049,6,1.0
98,0.0,1.0,1.8559999,1.0,7.0,9,165.6120152579543,174.2922336306986,pobre,basal,0,0.0,579.0,1.0,43.0,14,118,12049,6,1.0
97,0.0,1.0,1.8559999,1.0,3.0,9,165.6120152579543,174.2922336306986,pobre,basal,0,0.0,579.0,1.0,43.0,10,118,12050,3,1.0
98,0.0,1.0,1.8559999,1.0,4.0,9,165.6120152579543,174.2922336306986,pobre,basal,0,0.0,579.0,1.0,43.0,11,118,12050,3,1.0
97,0.0,1.0,1.8559999,1.0,1.0,9,165.6120152579543,174.2922336306986,pobre,basal,0,0.0,579.0,1.0,43.0,6,118,12051,1,1.0
98,0.0,1.0,1.8559999,1.0,2.0,9,165.6120152579543,174.2922336306986,pobre,basal,0,0.0,579.0,1.0,43.0,7,118,12051,1,1.0
97,0.0,1.0,1.8559999,0.0,4.0,14,165.6120152579543,174.2922336306986,pobre,basal,0,41.666668,631.0,1.0,44.0,14,118,12052,4,0.0
98,0.0,1.0,1.8559999,0.0,4.0,14,165.6120152579543,174.2922336306986,pobre,basal,0,41.666668,631.0,1.0,44.0,15,118,12052,4,0.0
97,0.0,1.0,1.8559999,1.0,2.0,14,165.6120152579543,174.2922336306986,pobre,basal,0,41.666668,631.0,1.0,44.0,9,118,12053,2,1.0
98,0.0,1.0,1.8559999,1.0,3.0,14,165.6120152579543,174.2922336306986,pobre,basal,0,41.666668,631.0,1.0,44.0,10,118,12053,2,1.0
97,0.0,1.0,1.8559999,1.0,2.0,14,165.6120152579543,174.2922336306986,pobre,basal,0,41.666668,631.0,1.0,44.0,9,118,12054,2,1.0
98,0.0,1.0,1.8559999,1.0,3.0,14,165.6120152579543,174.2922336306986,pobre,basal,0,41.666668,631.0,1.0,44.0,10,118,12054,2,1.0
97,0.0,1.0,1.8559999,1.0,1.0,14,165.6120152579543,174.2922336306986,pobre,basal,0,41.666668,631.0,1.0,44.0,7,118,12055,1,1.0
98,0.0,1.0,1.8559999,1.0,2.0,14,165.6120152579543,174.2922336306986,pobre,basal,0,41.666668,631.0,1.0,44.0,8,118,12055,1,1.0
97,0.0,1.0,1.8559999,1.0,8.0,3,165.6120152579543,174.2922336306986,pobre,basal,0,0.0,771.0,1.0,67.0,14,118,12056,8,1.0
98,0.0,1.0,1.8559999,1.0,8.0,3,165.6120152579543,174.2922336306986,pobre,basal,0,0.0,771.0,1.0,67.0,15,118,12056,8,1.0
97,1.0,1.0,1.8559999,1.0,7.0,6,165.6120152579543,174.2922336306986,pobre,basal,3,0.0,699.0,1.0,47.0,16,118,12057,7,1.0
98,1.0,1.0,1.8559999,,,6,165.6120152579543,174.2922336306986,pobre,basal,3,0.0,699.0,1.0,47.0,17,118,12057,7,1.0
97,0.0,1.0,1.8559999,1.0,5.0,6,165.6120152579543,174.2922336306986,pobre,basal,3,0.0,699.0,1.0,47.0,15,118,12058,5,1.0
98,0.0,1.0,1.8559999,1.0,6.0,6,165.6120152579543,174.2922336306986,pobre,basal,3,0.0,699.0,1.0,47.0,16,118,12058,5,1.0
97,1.0,1.0,1.8559999,1.0,4.0,6,165.6120152579543,174.2922336306986,pobre,basal,3,0.0,699.0,1.0,47.0,12,118,12059,4,1.0
98,1.0,1.0,1.8559999,1.0,5.0,6,165.6120152579543,174.2922336306986,pobre,basal,3,0.0,699.0,1.0,47.0,13,118,12059,4,1.0
97,0.0,1.0,1.8559999,1.0,3.0,6,165.6120152579543,174.2922336306986,pobre,basal,3,0.0,699.0,1.0,47.0,11,118,12060,3,1.0
98,0.0,1.0,1.8559999,1.0,4.0,6,165.6120152579543,174.2922336306986,pobre,basal,3,0.0,699.0,1.0,47.0,12,118,12060,3,1.0
97,0.0,1.0,1.8559999,1.0,4.0,7,165.6120152579543,174.2922336306986,pobre,basal,0,0.0,721.5,1.0,44.0,14,118,12061,4,1.0
98,0.0,1.0,1.8559999,1.0,5.0,7,165.6120152579543,174.2922336306986,pobre,basal,0,0.0,721.5,1.0,44.0,15,118,12061,4,1.0
97,1.0,1.0,1.8559999,1.0,3.0,7,165.6120152579543,174.2922336306986,pobre,basal,0,0.0,721.5,1.0,44.0,10,118,12062,3,1.0
98,1.0,1.0,1.8559999,1.0,3.0,7,165.6120152579543,174.2922336306986,pobre,basal,0,0.0,721.5,1.0,44.0,11,118,12062,3,1.0
97,0.0,1.0,1.8559999,,0.0,7,165.6120152579543,174.2922336306986,pobre,basal,0,0.0,721.5,1.0,44.0,7,118,12063,0,
98,0.0,1.0,1.8559999,1.0,0.0,7,165.6120152579543,174.2922336306986,pobre,basal,0,0.0,721.5,1.0,44.0,8,118,12063,0,
97,0.0,1.0,1.8559999,0.0,9.0,7,165.6120152579543,174.2922336306986,pobre,basal,0,0.0,729.5,1.0,47.0,14,118,12064,9,0.0
98,0.0,1.0,1.8559999,,,7,165.6120152579543,174.2922336306986,pobre,basal,0,0.0,729.5,1.0,47.0,15,118,12064,9,0.0
97,1.0,1.0,1.8559999,1.0,3.0,7,165.6120152579543,174.2922336306986,pobre,basal,0,0.0,729.5,1.0,47.0,10,118,12065,3,1.0
98,1.0,1.0,1.8559999,1.0,4.0,7,165.6120152579543,174.2922336306986,pobre,basal,0,0.0,729.5,1.0,47.0,11,118,12065,3,1.0
97,0.0,1.0,1.8559999,1.0,2.0,7,165.6120152579543,174.2922336306986,pobre,basal,0,0.0,729.5,1.0,47.0,10,118,12066,2,1.0
98,0.0,1.0,1.8559999,1.0,3.0,7,165.6120152579543,174.2922336306986,pobre,basal,0,0.0,729.5,1.0,47.0,11,118,12066,2,1.0
97,0.0,1.0,1.8559999,1.0,11.0,3,165.6120152579543,174.2922336306986,no pobre,basal,2,0.0,790.0,1.0,48.0,16,118,12067,11,1.0
98,0.0,1.0,1.8559999,,,3,165.6120152579543,174.2922336306986,no pobre,basal,2,0.0,790.0,1.0,48.0,17,118,12067,11,1.0
97,0.0,1.0,1.8559999,1.0,10.0,5,165.6120152579543,174.2922336306986,pobre,basal,0,0.0,678.0,1.0,42.0,15,118,12068,10,1.0
98,0.0,1.0,1.8559999,1.0,5.0,5,165.6120152579543,174.2922336306986,pobre,basal,0,0.0,678.0,1.0,42.0,16,118,12068,10,1.0
97,0.0,1.0,1.8559999,1.0,3.0,5,165.6120152579543,174.2922336306986,pobre,basal,0,0.0,678.0,1.0,42.0,12,118,12069,3,1.0
98,0.0,1.0,1.8559999,1.0,4.0,5,165.6120152579543,174.2922336306986,pobre,basal,0,0.0,678.0,1.0,42.0,13,118,12069,3,1.0
97,1.0,1.0,1.8559999,1.0,1.0,5,165.6120152579543,174.2922336306986,pobre,basal,0,0.0,678.0,1.0,42.0,6,118,12070,1,1.0
98,1.0,1.0,1.8559999,1.0,0.0,5,165.6120152579543,174.2922336306986,pobre,basal,0,0.0,678.0,1.0,42.0,7,118,12070,1,1.0
97,1.0,1.0,1.8559999,1.0,6.0,5,165.6120152579543,174.2922336306986,pobre,basal,0,0.0,677.0,1.0,57.0,14,118,12071,6,1.0
98,1.0,1.0,1.8559999,1.0,7.0,5,165.6120152579543,174.2922336306986,pobre,basal,0,0.0,677.0,1.0,57.0,15,118,12071,6,1.0
97,1.0,1.0,1.8559999,1.0,4.0,5,165.6120152579543,174.2922336306986,pobre,basal,0,0.0,677.0,1.0,57.0,9,118,12072,4,1.0
98,1.0,1.0,1.8559999,1.0,5.0,5,165.6120152579543,174.2922336306986,pobre,basal,0,0.0,677.0,1.0,57.0,10,118,12072,4,1.0
97,1.0,1.0,1.8559999,1.0,8.0,7,165.6120152579543,174.2922336306986,pobre,basal,4,0.0,546.0,1.0,28.0,14,118,12073,8,1.0
98,1.0,1.0,1.8559999,1.0,8.0,7,165.6120152579543,174.2922336306986,pobre,basal,4,0.0,546.0,1.0,28.0,15,118,12073,8,1.0
97,0.0,1.0,1.8559999,1.0,7.0,7,165.6120152579543,174.2922336306986,pobre,basal,4,0.0,546.0,1.0,28.0,12,118,12074,7,1.0
98,0.0,1.0,1.8559999,1.0,7.0,7,165.6120152579543,174.2922336306986,pobre,basal,4,0.0,546.0,1.0,28.0,13,118,12074,7,1.0
97,1.0,1.0,1.8559999,1.0,3.0,7,165.6120152579543,174.2922336306986,pobre,basal,4,0.0,546.0,1.0,28.0,8,118,12075,3,1.0
98,1.0,1.0,1.8559999,1.0,3.0,7,165.6120152579543,174.2922336306986,pobre,basal,4,0.0,546.0,1.0,28.0,9,118,12075,3,1.0
97,0.0,1.0,1.8559999,1.0,4.0,6,165.6120152579543,174.2922336306986,pobre,basal,3,0.0,592.0,1.0,28.0,10,118,12076,4,1.0
98,0.0,1.0,1.8559999,1.0,4.0,6,165.6120152579543,174.2922336306986,pobre,basal,3,0.0,592.0,1.0,28.0,11,118,12076,4,1.0
97,1.0,1.0,1.8559999,1.0,1.0,6,165.6120152579543,174.2922336306986,pobre,basal,3,0.0,592.0,1.0,28.0,6,118,12077,1,1.0
98,1.0,1.0,1.8559999,1.0,1.0,6,165.6120152579543,174.2922336306986,pobre,basal,3,0.0,592.0,1.0,28.0,7,118,12077,1,1.0
97,0.0,1.0,1.8559999,1.0,9.0,8,165.6120152579543,174.2922336306986,pobre,basal,0,0.0,577.0,1.0,42.0,14,118,12078,9,1.0
98,0.0,1.0,1.8559999,0.0,5.0,8,165.6120152579543,174.2922336306986,pobre,basal,0,0.0,577.0,1.0,42.0,15,118,12078,9,1.0
97,1.0,1.0,1.8559999,1.0,4.0,8,165.6120152579543,174.2922336306986,pobre,basal,0,0.0,577.0,1.0,42.0,11,118,12079,4,1.0
98,1.0,1.0,1.8559999,1.0,5.0,8,165.6120152579543,174.2922336306986,pobre,basal,0,0.0,577.0,1.0,42.0,12,118,12079,4,1.0
97,0.0,1.0,1.8559999,1.0,2.0,8,165.6120152579543,174.2922336306986,pobre,basal,0,0.0,577.0,1.0,42.0,9,118,12080,2,1.0
98,0.0,1.0,1.8559999,1.0,3.0,8,165.6120152579543,174.2922336306986,pobre,basal,0,0.0,577.0,1.0,42.0,10,118,12080,2,1.0
97,0.0,1.0,1.8559999,0.0,6.0,3,165.6120152579543,174.2922336306986,pobre,basal,6,0.0,785.0,1.0,22.0,15,118,12081,6,0.0
98,0.0,1.0,1.8559999,,,3,165.6120152579543,174.2922336306986,pobre,basal,6,0.0,785.0,1.0,22.0,16,118,12081,6,0.0
97,1.0,1.0,1.8559999,1.0,5.0,8,165.6120152579543,174.2922336306986,pobre,basal,6,0.0,582.0,1.0,33.0,14,118,12082,5,1.0
98,1.0,1.0,1.8559999,1.0,7.0,8,165.6120152579543,174.2922336306986,pobre,basal,6,0.0,582.0,1.0,33.0,15,118,12082,5,1.0
97,1.0,1.0,1.8559999,1.0,3.0,8,165.6120152579543,174.2922336306986,pobre,basal,6,0.0,582.0,1.0,33.0,10,118,12083,3,1.0
98,1.0,1.0,1.8559999,1.0,4.0,8,165.6120152579543,174.2922336306986,pobre,basal,6,0.0,582.0,1.0,33.0,11,118,12083,3,1.0
97,0.0,1.0,1.8559999,1.0,2.0,8,165.6120152579543,174.2922336306986,pobre,basal,6,0.0,582.0,1.0,33.0,8,118,12084,2,1.0
98,0.0,1.0,1.8559999,1.0,3.0,8,165.6120152579543,174.2922336306986,pobre,basal,6,0.0,582.0,1.0,33.0,9,118,12084,2,1.0
97,1.0,1.0,1.8559999,1.0,3.0,6,165.6120152579543,174.2922336306986,pobre,basal,4,0.0,665.0,1.0,30.0,10,118,12085,3,1.0
98,1.0,1.0,1.8559999,1.0,4.0,6,165.6120152579543,174.2922336306986,pobre,basal,4,0.0,665.0,1.0,30.0,11,118,12085,3,1.0
97,1.0,1.0,1.8559999,1.0,1.0,6,165.6120152579543,174.2922336306986,pobre,basal,4,0.0,665.0,1.0,30.0,8,118,12086,1,1.0
98,1.0,1.0,1.8559999,1.0,2.0,6,165.6120152579543,174.2922336306986,pobre,basal,4,0.0,665.0,1.0,30.0,9,118,12086,1,1.0
97,0.0,1.0,1.8559999,1.0,0.0,6,165.6120152579543,174.2922336306986,pobre,basal,4,0.0,665.0,1.0,30.0,6,118,12087,0,1.0
98,0.0,1.0,1.8559999,1.0,1.0,6,165.6120152579543,174.2922336306986,pobre,basal,4,0.0,665.0,1.0,30.0,7,118,12087,0,1.0
97,1.0,0.0,1.8559999,,0.0,4,165.6120152579543,174.2922336306986,pobre,basal,6,0.0,726.33002,1.0,34.0,6,118,12088,0,
98,1.0,0.0,1.8559999,,,4,165.6120152579543,174.2922336306986,pobre,basal,6,0.0,726.33002,1.0,34.0,7,118,12088,0,
97,1.0,1.0,1.8559999,1.0,6.0,6,165.6120152579543,174.2922336306986,no pobre,basal,0,0.0,880.0,1.0,68.0,15,118,12089,6,1.0
98,1.0,1.0,1.8559999,1.0,7.0,6,165.6120152579543,174.2922336306986,no pobre,basal,0,0.0,880.0,1.0,68.0,16,118,12089,6,1.0
97,1.0,1.0,1.8559999,1.0,4.0,6,165.6120152579543,174.2922336306986,no pobre,basal,0,0.0,880.0,1.0,68.0,14,118,12090,4,1.0
98,1.0,1.0,1.8559999,1.0,5.0,6,165.6120152579543,174.2922336306986,no pobre,basal,0,0.0,880.0,1.0,68.0,15,118,12090,4,1.0
97,0.0,1.0,1.8559999,1.0,0.0,6,165.6120152579543,174.2922336306986,pobre,basal,5,0.0,682.0,1.0,27.0,7,118,12091,0,1.0
98,0.0,1.0,1.8559999,1.0,1.0,6,165.6120152579543,174.2922336306986,pobre,basal,5,0.0,682.0,1.0,27.0,8,118,12091,0,1.0
97,1.0,1.0,1.8559999,1.0,6.0,8,165.6120152579543,174.2922336306986,pobre,basal,4,0.0,568.0,1.0,27.0,11,118,12092,6,1.0
98,1.0,1.0,1.8559999,1.0,6.0,8,165.6120152579543,174.2922336306986,pobre,basal,4,0.0,568.0,1.0,27.0,12,118,12092,6,1.0
97,0.0,1.0,1.8559999,1.0,3.0,8,165.6120152579543,174.2922336306986,pobre,basal,4,0.0,568.0,1.0,27.0,8,118,12093,3,1.0
98,0.0,1.0,1.8559999,1.0,3.0,8,165.6120152579543,174.2922336306986,pobre,basal,4,0.0,568.0,1.0,27.0,9,118,12093,3,1.0
97,0.0,0.0,0.0,0.0,6.0,4,159.2636931504225,197.1936534581857,pobre,basal,0,500.0,760.0,1.0,64.0,15,87,12094,6,0.0
98,0.0,0.0,0.0,0.0,3.0,4,159.2636931504225,197.1936534581857,pobre,basal,0,500.0,760.0,1.0,64.0,16,87,12094,6,0.0
97,1.0,0.0,0.0,1.0,2.0,4,159.2636931504225,197.1936534581857,pobre,basal,6,500.0,690.0,1.0,26.0,8,87,12095,2,1.0
98,1.0,0.0,0.0,1.0,3.0,4,159.2636931504225,197.1936534581857,pobre,basal,6,500.0,690.0,1.0,26.0,9,87,12095,2,1.0
97,1.0,0.0,0.0,1.0,0.0,4,159.2636931504225,197.1936534581857,pobre,basal,6,500.0,668.0,1.0,29.0,6,87,12096,0,1.0
98,1.0,0.0,0.0,1.0,1.0,4,159.2636931504225,197.1936534581857,pobre,basal,6,500.0,668.0,1.0,29.0,7,87,12096,0,1.0
97,1.0,0.0,0.0,1.0,0.0,4,159.2636931504225,197.1936534581857,pobre,basal,3,500.0,718.0,1.0,35.0,6,87,12097,0,1.0
98,1.0,0.0,0.0,1.0,1.0,4,159.2636931504225,197.1936534581857,pobre,basal,3,500.0,718.0,1.0,35.0,7,87,12097,0,1.0
97,1.0,0.0,0.0,1.0,7.0,7,159.2636931504225,197.1936534581857,pobre,basal,2,500.0,639.0,1.0,46.0,13,87,12098,7,1.0
98,1.0,0.0,0.0,1.0,8.0,7,159.2636931504225,197.1936534581857,pobre,basal,2,500.0,639.0,1.0,46.0,14,87,12098,7,1.0
97,0.0,0.0,0.0,1.0,3.0,7,159.2636931504225,197.1936534581857,pobre,basal,2,500.0,639.0,1.0,46.0,9,87,12099,3,1.0
98,0.0,0.0,0.0,1.0,4.0,7,159.2636931504225,197.1936534581857,pobre,basal,2,500.0,639.0,1.0,46.0,10,87,12099,3,1.0
97,0.0,0.0,0.0,1.0,2.0,7,159.2636931504225,197.1936534581857,pobre,basal,2,500.0,639.0,1.0,46.0,8,87,12100,2,1.0
98,0.0,0.0,0.0,1.0,1.0,7,159.2636931504225,197.1936534581857,pobre,basal,2,500.0,639.0,1.0,46.0,9,87,12100,2,1.0
97,0.0,0.0,0.0,1.0,1.0,7,159.2636931504225,197.1936534581857,pobre,basal,2,500.0,639.0,1.0,46.0,6,87,12101,1,1.0
98,0.0,0.0,0.0,1.0,1.0,7,159.2636931504225,197.1936534581857,pobre,basal,2,500.0,639.0,1.0,46.0,7,87,12101,1,1.0
97,1.0,0.0,0.0,1.0,8.0,7,159.2636931504225,197.1936534581857,pobre,basal,1,500.0,628.0,1.0,53.0,16,87,12102,8,1.0
98,1.0,0.0,0.0,,,7,159.2636931504225,197.1936534581857,pobre,basal,1,500.0,628.0,1.0,53.0,17,87,12102,8,1.0
97,1.0,0.0,0.0,1.0,7.0,7,159.2636931504225,197.1936534581857,pobre,basal,1,500.0,628.0,1.0,53.0,13,87,12103,7,1.0
98,1.0,0.0,0.0,1.0,8.0,7,159.2636931504225,197.1936534581857,pobre,basal,1,500.0,628.0,1.0,53.0,14,87,12103,7,1.0
97,0.0,0.0,0.0,1.0,4.0,7,159.2636931504225,197.1936534581857,pobre,basal,1,500.0,628.0,1.0,53.0,10,87,12104,4,1.0
98,0.0,0.0,0.0,1.0,5.0,7,159.2636931504225,197.1936534581857,pobre,basal,1,500.0,628.0,1.0,53.0,11,87,12104,4,1.0
97,1.0,0.0,0.0,1.0,8.0,12,159.2636931504225,197.1936534581857,pobre,basal,1,625.0,441.0,1.0,36.0,16,87,12105,8,1.0
98,1.0,0.0,0.0,,,12,159.2636931504225,197.1936534581857,pobre,basal,1,625.0,441.0,1.0,36.0,17,87,12105,8,1.0
97,0.0,0.0,0.0,1.0,8.0,12,159.2636931504225,197.1936534581857,pobre,basal,1,625.0,441.0,1.0,36.0,13,87,12106,8,1.0
98,0.0,0.0,0.0,1.0,9.0,12,159.2636931504225,197.1936534581857,pobre,basal,1,625.0,441.0,1.0,36.0,14,87,12106,8,1.0
97,0.0,0.0,0.0,1.0,5.0,12,159.2636931504225,197.1936534581857,pobre,basal,1,625.0,441.0,1.0,36.0,11,87,12107,5,1.0
98,0.0,0.0,0.0,1.0,6.0,12,159.2636931504225,197.1936534581857,pobre,basal,1,625.0,441.0,1.0,36.0,12,87,12107,5,1.0
97,0.0,0.0,0.0,1.0,4.0,12,159.2636931504225,197.1936534581857,pobre,basal,1,625.0,441.0,1.0,36.0,9,87,12108,4,1.0
98,0.0,0.0,0.0,1.0,5.0,12,159.2636931504225,197.1936534581857,pobre,basal,1,625.0,441.0,1.0,36.0,10,87,12108,4,1.0
97,1.0,0.0,0.0,1.0,2.0,12,159.2636931504225,197.1936534581857,pobre,basal,1,625.0,441.0,1.0,36.0,7,87,12109,2,1.0
98,1.0,0.0,0.0,1.0,3.0,12,159.2636931504225,197.1936534581857,pobre,basal,1,625.0,441.0,1.0,36.0,8,87,12109,2,1.0
97,0.0,0.0,0.0,1.0,7.0,4,159.2636931504225,197.1936534581857,pobre,basal,2,500.0,718.0,1.0,34.0,12,87,12110,7,1.0
98,0.0,0.0,0.0,1.0,7.0,4,159.2636931504225,197.1936534581857,pobre,basal,2,500.0,718.0,1.0,34.0,13,87,12110,7,1.0
97,0.0,0.0,0.0,,6.0,3,159.2636931504225,197.1936534581857,pobre,basal,9,500.0,743.0,1.0,23.0,16,87,12111,6,
98,0.0,0.0,0.0,,,3,159.2636931504225,197.1936534581857,pobre,basal,9,500.0,743.0,1.0,23.0,17,87,12111,6,
97,0.0,0.0,0.0,1.0,8.0,7,159.2636931504225,197.1936534581857,pobre,basal,2,500.0,637.0,1.0,45.0,16,87,12112,8,1.0
98,0.0,0.0,0.0,0.0,9.0,7,159.2636931504225,197.1936534581857,pobre,basal,2,500.0,637.0,1.0,45.0,17,87,12112,8,1.0
97,1.0,0.0,0.0,1.0,7.0,7,159.2636931504225,197.1936534581857,pobre,basal,2,500.0,637.0,1.0,45.0,13,87,12113,7,1.0
98,1.0,0.0,0.0,1.0,8.0,7,159.2636931504225,197.1936534581857,pobre,basal,2,500.0,637.0,1.0,45.0,14,87,12113,7,1.0
97,1.0,0.0,0.0,1.0,5.0,7,159.2636931504225,197.1936534581857,pobre,basal,2,500.0,637.0,1.0,45.0,11,87,12114,5,1.0
98,1.0,0.0,0.0,1.0,6.0,7,159.2636931504225,197.1936534581857,pobre,basal,2,500.0,637.0,1.0,45.0,12,87,12114,5,1.0
97,1.0,0.0,0.0,1.0,2.0,7,159.2636931504225,197.1936534581857,pobre,basal,2,500.0,637.0,1.0,45.0,8,87,12115,2,1.0
98,1.0,0.0,0.0,1.0,3.0,7,159.2636931504225,197.1936534581857,pobre,basal,2,500.0,637.0,1.0,45.0,9,87,12115,2,1.0
97,1.0,0.0,0.0,1.0,1.0,7,159.2636931504225,197.1936534581857,pobre,basal,2,500.0,637.0,1.0,45.0,6,87,12116,1,1.0
98,1.0,0.0,0.0,1.0,2.0,7,159.2636931504225,197.1936534581857,pobre,basal,2,500.0,637.0,1.0,45.0,7,87,12116,1,1.0
97,1.0,0.0,0.0,0.0,6.0,8,159.2636931504225,197.1936534581857,pobre,basal,1,500.0,586.0,1.0,47.0,15,87,12117,6,0.0
98,1.0,0.0,0.0,1.0,6.0,8,159.2636931504225,197.1936534581857,pobre,basal,1,500.0,586.0,1.0,47.0,16,87,12117,6,0.0
97,1.0,0.0,0.0,1.0,7.0,8,159.2636931504225,197.1936534581857,pobre,basal,1,500.0,586.0,1.0,47.0,13,87,12118,7,1.0
98,1.0,0.0,0.0,1.0,8.0,8,159.2636931504225,197.1936534581857,pobre,basal,1,500.0,586.0,1.0,47.0,14,87,12118,7,1.0
97,0.0,0.0,0.0,1.0,5.0,8,159.2636931504225,197.1936534581857,pobre,basal,1,500.0,586.0,1.0,47.0,11,87,12119,5,1.0
98,0.0,0.0,0.0,1.0,6.0,8,159.2636931504225,197.1936534581857,pobre,basal,1,500.0,586.0,1.0,47.0,12,87,12119,5,1.0
97,1.0,0.0,0.0,1.0,3.0,8,159.2636931504225,197.1936534581857,pobre,basal,1,500.0,586.0,1.0,47.0,10,87,12120,3,1.0
98,1.0,0.0,0.0,1.0,4.0,8,159.2636931504225,197.1936534581857,pobre,basal,1,500.0,586.0,1.0,47.0,11,87,12120,3,1.0
97,1.0,0.0,0.0,1.0,2.0,8,159.2636931504225,197.1936534581857,pobre,basal,1,500.0,586.0,1.0,47.0,7,87,12121,2,1.0
98,1.0,0.0,0.0,1.0,3.0,8,159.2636931504225,197.1936534581857,pobre,basal,1,500.0,586.0,1.0,47.0,8,87,12121,2,1.0
97,1.0,0.0,0.0,1.0,5.0,4,159.2636931504225,197.1936534581857,pobre,basal,6,1600.0,727.0,0.0,30.0,11,87,12122,5,1.0
98,1.0,0.0,0.0,1.0,6.0,4,159.2636931504225,197.1936534581857,pobre,basal,6,1600.0,727.0,0.0,30.0,12,87,12122,5,1.0
97,0.0,0.0,0.0,1.0,2.0,4,159.2636931504225,197.1936534581857,pobre,basal,6,1600.0,727.0,0.0,30.0,7,87,12123,2,1.0
98,0.0,0.0,0.0,1.0,4.0,4,159.2636931504225,197.1936534581857,pobre,basal,6,1600.0,727.0,0.0,30.0,8,87,12123,2,1.0
97,0.0,0.0,0.0,1.0,1.0,4,159.2636931504225,197.1936534581857,pobre,basal,6,1600.0,727.0,0.0,30.0,6,87,12124,1,1.0
98,0.0,0.0,0.0,1.0,3.0,4,159.2636931504225,197.1936534581857,pobre,basal,6,1600.0,727.0,0.0,30.0,7,87,12124,1,1.0
97,0.0,0.0,0.0,1.0,4.0,6,159.2636931504225,197.1936534581857,pobre,basal,2,500.0,621.0,1.0,30.0,9,87,12125,4,1.0
98,0.0,0.0,0.0,1.0,5.0,6,159.2636931504225,197.1936534581857,pobre,basal,2,500.0,621.0,1.0,30.0,10,87,12125,4,1.0
97,1.0,0.0,0.0,1.0,3.0,6,159.2636931504225,197.1936534581857,pobre,basal,2,500.0,621.0,1.0,30.0,9,87,12126,3,1.0
98,1.0,0.0,0.0,1.0,3.0,6,159.2636931504225,197.1936534581857,pobre,basal,2,500.0,621.0,1.0,30.0,10,87,12126,3,1.0
97,1.0,0.0,0.0,1.0,1.0,6,159.2636931504225,197.1936534581857,pobre,basal,2,500.0,621.0,1.0,30.0,6,87,12127,1,1.0
98,1.0,0.0,0.0,1.0,1.0,6,159.2636931504225,197.1936534581857,pobre,basal,2,500.0,621.0,1.0,30.0,7,87,12127,1,1.0
97,0.0,0.0,0.0,1.0,8.0,6,159.2636931504225,197.1936534581857,pobre,basal,2,500.0,755.0,1.0,42.0,14,87,12128,8,1.0
98,0.0,0.0,0.0,,,6,159.2636931504225,197.1936534581857,pobre,basal,2,500.0,755.0,1.0,42.0,15,87,12128,8,1.0
97,1.0,0.0,0.0,1.0,7.0,6,159.2636931504225,197.1936534581857,pobre,basal,2,500.0,755.0,1.0,42.0,12,87,12129,7,1.0
98,1.0,0.0,0.0,,,6,159.2636931504225,197.1936534581857,pobre,basal,2,500.0,755.0,1.0,42.0,13,87,12129,7,1.0
97,1.0,0.0,0.0,1.0,3.0,6,159.2636931504225,197.1936534581857,pobre,basal,2,500.0,755.0,1.0,42.0,9,87,12130,3,1.0
98,1.0,0.0,0.0,,,6,159.2636931504225,197.1936534581857,pobre,basal,2,500.0,755.0,1.0,42.0,10,87,12130,3,1.0
97,0.0,0.0,0.0,1.0,8.0,10,159.2636931504225,197.1936534581857,pobre,basal,2,6000.0,502.32999,1.0,44.0,16,87,12131,8,1.0
98,0.0,0.0,0.0,,,10,159.2636931504225,197.1936534581857,pobre,basal,2,6000.0,502.32999,1.0,44.0,17,87,12131,8,1.0
97,0.0,0.0,0.0,,7.0,10,159.2636931504225,197.1936534581857,pobre,basal,2,6000.0,502.32999,1.0,44.0,14,87,12132,7,
98,0.0,0.0,0.0,1.0,8.0,10,159.2636931504225,197.1936534581857,pobre,basal,2,6000.0,502.32999,1.0,44.0,15,87,12132,7,
97,0.0,0.0,0.0,,3.0,10,159.2636931504225,197.1936534581857,pobre,basal,2,6000.0,502.32999,1.0,44.0,12,87,12133,3,
98,0.0,0.0,0.0,1.0,7.0,10,159.2636931504225,197.1936534581857,pobre,basal,2,6000.0,502.32999,1.0,44.0,13,87,12133,3,
97,0.0,0.0,0.0,,5.0,10,159.2636931504225,197.1936534581857,pobre,basal,2,6000.0,502.32999,1.0,44.0,11,87,12134,5,
98,0.0,0.0,0.0,1.0,6.0,10,159.2636931504225,197.1936534581857,pobre,basal,2,6000.0,502.32999,1.0,44.0,12,87,12134,5,
97,1.0,0.0,0.0,,3.0,10,159.2636931504225,197.1936534581857,pobre,basal,2,6000.0,502.32999,1.0,44.0,9,87,12135,3,
98,1.0,0.0,0.0,1.0,4.0,10,159.2636931504225,197.1936534581857,pobre,basal,2,6000.0,502.32999,1.0,44.0,10,87,12135,3,
97,0.0,0.0,0.0,0.0,6.0,7,159.2636931504225,197.1936534581857,pobre,basal,2,500.0,670.5,1.0,42.0,14,87,12136,6,0.0
98,0.0,0.0,0.0,,,7,159.2636931504225,197.1936534581857,pobre,basal,2,500.0,670.5,1.0,42.0,15,87,12136,6,0.0
97,0.0,0.0,0.0,0.0,6.0,7,159.2636931504225,197.1936534581857,pobre,basal,2,500.0,670.5,1.0,42.0,14,87,12137,6,0.0
98,0.0,0.0,0.0,,,7,159.2636931504225,197.1936534581857,pobre,basal,2,500.0,670.5,1.0,42.0,15,87,12137,6,0.0
97,1.0,0.0,0.0,1.0,2.0,7,159.2636931504225,197.1936534581857,pobre,basal,2,500.0,670.5,1.0,42.0,8,87,12138,2,1.0
98,1.0,0.0,0.0,1.0,3.0,7,159.2636931504225,197.1936534581857,pobre,basal,2,500.0,670.5,1.0,42.0,9,87,12138,2,1.0
97,1.0,0.0,0.0,1.0,7.0,2,159.2636931504225,197.1936534581857,no pobre,basal,0,625.0,812.0,1.0,45.0,14,87,12139,7,1.0
98,1.0,0.0,0.0,1.0,9.0,2,159.2636931504225,197.1936534581857,no pobre,basal,0,625.0,812.0,1.0,45.0,15,87,12139,7,1.0
97,0.0,0.0,0.0,1.0,3.0,2,159.2636931504225,197.1936534581857,pobre,basal,6,625.0,757.0,1.0,26.0,10,87,12140,3,1.0
98,0.0,0.0,0.0,,,2,159.2636931504225,197.1936534581857,pobre,basal,6,625.0,757.0,1.0,26.0,11,87,12140,3,1.0
97,0.0,0.0,0.0,1.0,4.0,7,159.2636931504225,197.1936534581857,pobre,basal,3,500.0,585.0,1.0,32.0,11,87,12141,4,1.0
98,0.0,0.0,0.0,1.0,5.0,7,159.2636931504225,197.1936534581857,pobre,basal,3,500.0,585.0,1.0,32.0,12,87,12141,4,1.0
97,0.0,0.0,0.0,1.0,3.0,7,159.2636931504225,197.1936534581857,pobre,basal,3,500.0,585.0,1.0,32.0,8,87,12142,3,1.0
98,0.0,0.0,0.0,1.0,3.0,7,159.2636931504225,197.1936534581857,pobre,basal,3,500.0,585.0,1.0,32.0,9,87,12142,3,1.0
97,0.0,0.0,0.0,1.0,1.0,7,159.2636931504225,197.1936534581857,pobre,basal,3,500.0,585.0,1.0,32.0,7,87,12143,1,1.0
98,0.0,0.0,0.0,1.0,1.0,7,159.2636931504225,197.1936534581857,pobre,basal,3,500.0,585.0,1.0,32.0,8,87,12143,1,1.0
97,1.0,0.0,0.0,1.0,7.0,5,159.2636931504225,197.1936534581857,pobre,basal,0,625.0,678.0,1.0,63.0,13,87,12144,7,1.0
98,1.0,0.0,0.0,,,5,159.2636931504225,197.1936534581857,pobre,basal,0,625.0,678.0,1.0,63.0,14,87,12144,7,1.0
97,0.0,0.0,0.0,0.0,6.0,5,159.2636931504225,197.1936534581857,pobre,basal,0,625.0,678.0,1.0,63.0,15,87,12145,6,0.0
98,0.0,0.0,0.0,,,5,159.2636931504225,197.1936534581857,pobre,basal,0,625.0,678.0,1.0,63.0,16,87,12145,6,0.0
97,0.0,0.0,0.0,1.0,2.0,5,159.2636931504225,197.1936534581857,pobre,basal,0,625.0,678.0,1.0,63.0,7,87,12146,2,1.0
98,0.0,0.0,0.0,1.0,3.0,5,159.2636931504225,197.1936534581857,pobre,basal,0,625.0,678.0,1.0,63.0,8,87,12146,2,1.0
97,1.0,0.0,0.0,1.0,7.0,7,159.2636931504225,197.1936534581857,pobre,basal,0,625.0,634.0,1.0,43.0,16,87,12147,7,1.0
98,1.0,0.0,0.0,,,7,159.2636931504225,197.1936534581857,pobre,basal,0,625.0,634.0,1.0,43.0,17,87,12147,7,1.0
97,1.0,0.0,0.0,1.0,5.0,7,159.2636931504225,197.1936534581857,pobre,basal,0,625.0,634.0,1.0,43.0,13,87,12148,5,1.0
98,1.0,0.0,0.0,1.0,6.0,7,159.2636931504225,197.1936534581857,pobre,basal,0,625.0,634.0,1.0,43.0,14,87,12148,5,1.0
97,1.0,0.0,0.0,1.0,3.0,7,159.2636931504225,197.1936534581857,pobre,basal,0,625.0,634.0,1.0,43.0,10,87,12149,3,1.0
98,1.0,0.0,0.0,1.0,4.0,7,159.2636931504225,197.1936534581857,pobre,basal,0,625.0,634.0,1.0,43.0,11,87,12149,3,1.0
97,0.0,0.0,0.0,1.0,1.0,7,159.2636931504225,197.1936534581857,pobre,basal,0,625.0,634.0,1.0,43.0,7,87,12150,1,1.0
98,0.0,0.0,0.0,1.0,2.0,7,159.2636931504225,197.1936534581857,pobre,basal,0,625.0,634.0,1.0,43.0,8,87,12150,1,1.0
97,1.0,0.0,0.0,1.0,8.0,6,159.2636931504225,197.1936534581857,pobre,basal,3,625.0,670.0,1.0,42.0,14,87,12151,8,1.0
98,1.0,0.0,0.0,0.0,9.0,6,159.2636931504225,197.1936534581857,pobre,basal,3,625.0,670.0,1.0,42.0,15,87,12151,8,1.0
97,1.0,0.0,0.0,1.0,7.0,6,159.2636931504225,197.1936534581857,pobre,basal,3,625.0,670.0,1.0,42.0,13,87,12152,7,1.0
98,1.0,0.0,0.0,1.0,8.0,6,159.2636931504225,197.1936534581857,pobre,basal,3,625.0,670.0,1.0,42.0,14,87,12152,7,1.0
97,1.0,0.0,0.0,1.0,3.0,6,159.2636931504225,197.1936534581857,pobre,basal,3,625.0,670.0,1.0,42.0,11,87,12153,3,1.0
98,1.0,0.0,0.0,1.0,4.0,6,159.2636931504225,197.1936534581857,pobre,basal,3,625.0,670.0,1.0,42.0,12,87,12153,3,1.0
97,0.0,0.0,0.0,0.0,6.0,6,159.2636931504225,197.1936534581857,pobre,basal,0,500.0,668.0,1.0,48.0,15,87,12154,6,0.0
98,0.0,0.0,0.0,0.0,6.0,6,159.2636931504225,197.1936534581857,pobre,basal,0,500.0,668.0,1.0,48.0,16,87,12154,6,0.0
97,1.0,0.0,0.0,1.0,4.0,6,159.2636931504225,197.1936534581857,pobre,basal,0,500.0,668.0,1.0,48.0,10,87,12155,4,1.0
98,1.0,0.0,0.0,1.0,5.0,6,159.2636931504225,197.1936534581857,pobre,basal,0,500.0,668.0,1.0,48.0,11,87,12155,4,1.0
97,1.0,0.0,0.0,1.0,7.0,3,159.2636931504225,197.1936534581857,no pobre,basal,0,500.0,819.0,1.0,68.0,14,87,12156,7,1.0
98,1.0,0.0,0.0,0.0,9.0,3,159.2636931504225,197.1936534581857,no pobre,basal,0,500.0,819.0,1.0,68.0,15,87,12156,7,1.0
97,1.0,0.0,0.0,0.0,6.0,10,159.2636931504225,197.1936534581857,pobre,basal,3,500.0,675.0,1.0,36.0,16,87,12157,6,0.0
98,1.0,0.0,0.0,,,10,159.2636931504225,197.1936534581857,pobre,basal,3,500.0,675.0,1.0,36.0,17,87,12157,6,0.0
97,1.0,0.0,0.0,1.0,6.0,10,159.2636931504225,197.1936534581857,pobre,basal,3,500.0,675.0,1.0,36.0,14,87,12158,6,1.0
98,1.0,0.0,0.0,1.0,7.0,10,159.2636931504225,197.1936534581857,pobre,basal,3,500.0,675.0,1.0,36.0,15,87,12158,6,1.0
97,0.0,0.0,0.0,1.0,6.0,10,159.2636931504225,197.1936534581857,pobre,basal,3,500.0,675.0,1.0,36.0,12,87,12159,6,1.0
98,0.0,0.0,0.0,1.0,6.0,10,159.2636931504225,197.1936534581857,pobre,basal,3,500.0,675.0,1.0,36.0,13,87,12159,6,1.0
97,1.0,0.0,0.0,1.0,3.0,10,159.2636931504225,197.1936534581857,pobre,basal,3,500.0,675.0,1.0,36.0,10,87,12160,3,1.0
98,1.0,0.0,0.0,1.0,3.0,10,159.2636931504225,197.1936534581857,pobre,basal,3,500.0,675.0,1.0,36.0,11,87,12160,3,1.0
97,0.0,0.0,0.0,1.0,2.0,10,159.2636931504225,197.1936534581857,pobre,basal,3,500.0,675.0,1.0,36.0,8,87,12161,2,1.0
98,0.0,0.0,0.0,1.0,3.0,10,159.2636931504225,197.1936534581857,pobre,basal,3,500.0,675.0,1.0,36.0,9,87,12161,2,1.0
97,1.0,0.0,0.0,1.0,4.0,4,159.2636931504225,197.1936534581857,pobre,basal,0,500.0,785.0,1.0,64.0,10,87,12162,4,1.0
98,1.0,0.0,0.0,1.0,5.0,4,159.2636931504225,197.1936534581857,pobre,basal,0,500.0,785.0,1.0,64.0,11,87,12162,4,1.0
97,0.0,0.0,0.0,1.0,8.0,6,159.2636931504225,197.1936534581857,pobre,basal,2,500.0,636.0,1.0,39.0,15,87,12163,8,1.0
98,0.0,0.0,0.0,0.0,9.0,6,159.2636931504225,197.1936534581857,pobre,basal,2,500.0,636.0,1.0,39.0,16,87,12163,8,1.0
97,1.0,0.0,0.0,1.0,0.0,6,159.2636931504225,197.1936534581857,pobre,basal,2,500.0,636.0,1.0,39.0,6,87,12164,0,1.0
98,1.0,0.0,0.0,1.0,1.0,6,159.2636931504225,197.1936534581857,pobre,basal,2,500.0,636.0,1.0,39.0,7,87,12164,0,1.0
97,1.0,0.0,0.0,1.0,6.0,6,159.2636931504225,197.1936534581857,pobre,basal,2,500.0,636.0,1.0,39.0,13,87,12165,6,1.0
98,1.0,0.0,0.0,0.0,6.0,6,159.2636931504225,197.1936534581857,pobre,basal,2,500.0,636.0,1.0,39.0,14,87,12165,6,1.0
97,0.0,0.0,0.0,0.0,7.0,6,159.2636931504225,197.1936534581857,pobre,basal,1,500.0,667.0,1.0,50.0,15,87,12166,7,0.0
98,0.0,0.0,0.0,0.0,7.0,6,159.2636931504225,197.1936534581857,pobre,basal,1,500.0,667.0,1.0,50.0,16,87,12166,7,0.0
97,1.0,0.0,0.0,1.0,5.0,6,159.2636931504225,197.1936534581857,pobre,basal,1,500.0,667.0,1.0,50.0,13,87,12167,5,1.0
98,1.0,0.0,0.0,0.0,6.0,6,159.2636931504225,197.1936534581857,pobre,basal,1,500.0,667.0,1.0,50.0,14,87,12167,5,1.0
97,0.0,0.0,0.0,1.0,5.0,6,159.2636931504225,197.1936534581857,pobre,basal,1,500.0,667.0,1.0,50.0,11,87,12168,5,1.0
98,0.0,0.0,0.0,0.0,6.0,6,159.2636931504225,197.1936534581857,pobre,basal,1,500.0,667.0,1.0,50.0,12,87,12168,5,1.0
97,0.0,0.0,0.0,1.0,2.0,6,159.2636931504225,197.1936534581857,pobre,basal,1,500.0,667.0,1.0,50.0,7,87,12169,2,1.0
98,0.0,0.0,0.0,0.0,3.0,6,159.2636931504225,197.1936534581857,pobre,basal,1,500.0,667.0,1.0,50.0,8,87,12169,2,1.0
97,0.0,0.0,0.0,0.0,6.0,6,159.2636931504225,197.1936534581857,pobre,basal,2,500.0,647.0,1.0,38.0,15,87,12170,6,0.0
98,0.0,0.0,0.0,0.0,6.0,6,159.2636931504225,197.1936534581857,pobre,basal,2,500.0,647.0,1.0,38.0,16,87,12170,6,0.0
97,0.0,0.0,0.0,1.0,1.0,6,159.2636931504225,197.1936534581857,pobre,basal,2,500.0,647.0,1.0,38.0,7,87,12171,1,1.0
98,0.0,0.0,0.0,1.0,2.0,6,159.2636931504225,197.1936534581857,pobre,basal,2,500.0,647.0,1.0,38.0,8,87,12171,1,1.0
97,0.0,0.0,0.0,1.0,8.0,7,159.2636931504225,197.1936534581857,pobre,basal,0,500.0,750.5,1.0,58.0,16,87,12172,8,1.0
98,0.0,0.0,0.0,0.0,9.0,7,159.2636931504225,197.1936534581857,pobre,basal,0,500.0,750.5,1.0,58.0,17,87,12172,8,1.0
97,0.0,0.0,0.0,1.0,7.0,7,159.2636931504225,197.1936534581857,pobre,basal,0,500.0,750.5,1.0,58.0,14,87,12173,7,1.0
98,0.0,0.0,0.0,1.0,8.0,7,159.2636931504225,197.1936534581857,pobre,basal,0,500.0,750.5,1.0,58.0,15,87,12173,7,1.0
97,0.0,0.0,0.0,1.0,2.0,7,159.2636931504225,197.1936534581857,pobre,basal,0,500.0,750.5,1.0,58.0,8,87,12174,2,1.0
98,0.0,0.0,0.0,1.0,3.0,7,159.2636931504225,197.1936534581857,pobre,basal,0,500.0,750.5,1.0,58.0,9,87,12174,2,1.0
97,0.0,0.0,0.0,0.0,6.0,8,159.2636931504225,197.1936534581857,pobre,basal,2,500.0,574.0,1.0,35.0,15,87,12175,6,0.0
98,0.0,0.0,0.0,,,8,159.2636931504225,197.1936534581857,pobre,basal,2,500.0,574.0,1.0,35.0,16,87,12175,6,0.0
97,0.0,0.0,0.0,1.0,4.0,8,159.2636931504225,197.1936534581857,pobre,basal,2,500.0,574.0,1.0,35.0,10,87,12176,4,1.0
98,0.0,0.0,0.0,1.0,5.0,8,159.2636931504225,197.1936534581857,pobre,basal,2,500.0,574.0,1.0,35.0,11,87,12176,4,1.0
97,0.0,0.0,0.0,1.0,3.0,8,159.2636931504225,197.1936534581857,pobre,basal,2,500.0,574.0,1.0,35.0,9,87,12177,3,1.0
98,0.0,0.0,0.0,1.0,4.0,8,159.2636931504225,197.1936534581857,pobre,basal,2,500.0,574.0,1.0,35.0,10,87,12177,3,1.0
97,1.0,0.0,0.0,1.0,0.0,8,159.2636931504225,197.1936534581857,pobre,basal,2,500.0,574.0,1.0,35.0,7,87,12178,0,1.0
98,1.0,0.0,0.0,1.0,1.0,8,159.2636931504225,197.1936534581857,pobre,basal,2,500.0,574.0,1.0,35.0,8,87,12178,0,1.0
97,0.0,0.0,0.0,1.0,5.0,3,159.2636931504225,197.1936534581857,pobre,basal,1,500.0,747.0,1.0,53.0,12,87,12179,5,1.0
98,0.0,0.0,0.0,1.0,6.0,3,159.2636931504225,197.1936534581857,pobre,basal,1,500.0,747.0,1.0,53.0,13,87,12179,5,1.0
97,1.0,0.0,0.0,1.0,6.0,5,159.2636931504225,197.1936534581857,pobre,basal,0,0.0,756.5,0.0,95.0,15,87,12180,6,1.0
98,1.0,0.0,0.0,1.0,7.0,5,159.2636931504225,197.1936534581857,pobre,basal,0,0.0,756.5,0.0,95.0,16,87,12180,6,1.0
97,0.0,0.0,0.0,1.0,2.0,5,159.2636931504225,197.1936534581857,pobre,basal,0,0.0,756.5,0.0,95.0,7,87,12181,2,1.0
98,0.0,0.0,0.0,1.0,3.0,5,159.2636931504225,197.1936534581857,pobre,basal,0,0.0,756.5,0.0,95.0,8,87,12181,2,1.0
97,0.0,0.0,0.0,0.0,6.0,8,159.2636931504225,197.1936534581857,pobre,basal,3,500.0,712.0,1.0,37.0,16,87,12182,6,0.0
98,0.0,0.0,0.0,,,8,159.2636931504225,197.1936534581857,pobre,basal,3,500.0,712.0,1.0,37.0,17,87,12182,6,0.0
97,1.0,0.0,0.0,1.0,6.0,8,159.2636931504225,197.1936534581857,pobre,basal,3,500.0,712.0,1.0,37.0,12,87,12183,6,1.0
98,1.0,0.0,0.0,1.0,7.0,8,159.2636931504225,197.1936534581857,pobre,basal,3,500.0,712.0,1.0,37.0,13,87,12183,6,1.0
97,0.0,0.0,0.0,1.0,5.0,8,159.2636931504225,197.1936534581857,pobre,basal,3,500.0,712.0,1.0,37.0,11,87,12184,5,1.0
98,0.0,0.0,0.0,1.0,6.0,8,159.2636931504225,197.1936534581857,pobre,basal,3,500.0,712.0,1.0,37.0,12,87,12184,5,1.0
97,0.0,0.0,0.0,1.0,4.0,8,159.2636931504225,197.1936534581857,pobre,basal,3,500.0,712.0,1.0,37.0,10,87,12185,4,1.0
98,0.0,0.0,0.0,1.0,5.0,8,159.2636931504225,197.1936534581857,pobre,basal,3,500.0,712.0,1.0,37.0,11,87,12185,4,1.0
97,1.0,0.0,0.0,1.0,1.0,8,159.2636931504225,197.1936534581857,pobre,basal,3,500.0,712.0,1.0,37.0,7,87,12186,1,1.0
98,1.0,0.0,0.0,1.0,2.0,8,159.2636931504225,197.1936534581857,pobre,basal,3,500.0,712.0,1.0,37.0,8,87,12186,1,1.0
97,0.0,0.0,0.0,0.0,6.0,2,159.2636931504225,197.1936534581857,pobre,basal,6,500.0,760.0,1.0,17.0,16,87,12187,6,0.0
98,0.0,0.0,0.0,,,2,159.2636931504225,197.1936534581857,pobre,basal,6,500.0,760.0,1.0,17.0,17,87,12187,6,0.0
97,0.0,0.0,0.0,1.0,2.0,6,159.2636931504225,197.1936534581857,pobre,basal,2,500.0,667.0,1.0,35.0,9,87,12188,2,1.0
98,0.0,0.0,0.0,1.0,3.0,6,159.2636931504225,197.1936534581857,pobre,basal,2,500.0,667.0,1.0,35.0,10,87,12188,2,1.0
97,1.0,0.0,3.7320001,1.0,5.0,8,168.1029678809373,172.6342749739816,pobre,basal,3,500.0,732.0,1.0,56.0,10,42,12189,5,1.0
98,1.0,0.0,3.7320001,,,8,168.1029678809373,172.6342749739816,pobre,basal,3,500.0,732.0,1.0,56.0,11,42,12189,5,1.0
97,0.0,0.0,3.7320001,1.0,1.0,5,168.1029678809373,172.6342749739816,pobre,basal,2,333.33334,690.0,1.0,28.0,8,42,12190,1,1.0
98,0.0,0.0,3.7320001,1.0,2.0,5,168.1029678809373,172.6342749739816,pobre,basal,2,333.33334,690.0,1.0,28.0,9,42,12190,1,1.0
97,0.0,0.0,3.7320001,0.0,6.0,8,168.1029678809373,172.6342749739816,pobre,basal,2,416.66666,593.0,1.0,39.0,15,42,12191,6,0.0
98,0.0,0.0,3.7320001,0.0,6.0,8,168.1029678809373,172.6342749739816,pobre,basal,2,416.66666,593.0,1.0,39.0,16,42,12191,6,0.0
97,1.0,0.0,3.7320001,,0.0,8,168.1029678809373,172.6342749739816,pobre,basal,2,416.66666,593.0,1.0,39.0,13,42,12192,0,
98,1.0,0.0,3.7320001,0.0,2.0,8,168.1029678809373,172.6342749739816,pobre,basal,2,416.66666,593.0,1.0,39.0,14,42,12192,0,
97,0.0,0.0,3.7320001,1.0,2.0,8,168.1029678809373,172.6342749739816,pobre,basal,2,416.66666,593.0,1.0,39.0,12,42,12193,2,1.0
98,0.0,0.0,3.7320001,1.0,3.0,8,168.1029678809373,172.6342749739816,pobre,basal,2,416.66666,593.0,1.0,39.0,13,42,12193,2,1.0
97,1.0,0.0,3.7320001,1.0,1.0,8,168.1029678809373,172.6342749739816,pobre,basal,2,416.66666,593.0,1.0,39.0,6,42,12194,1,1.0
98,1.0,0.0,3.7320001,1.0,1.0,8,168.1029678809373,172.6342749739816,pobre,basal,2,416.66666,593.0,1.0,39.0,7,42,12194,1,1.0
97,1.0,0.0,3.7320001,1.0,5.0,6,168.1029678809373,172.6342749739816,pobre,basal,2,500.0,667.0,1.0,37.0,13,42,12195,5,1.0
98,1.0,0.0,3.7320001,1.0,6.0,6,168.1029678809373,172.6342749739816,pobre,basal,2,500.0,667.0,1.0,37.0,14,42,12195,5,1.0
97,1.0,0.0,3.7320001,1.0,2.0,6,168.1029678809373,172.6342749739816,pobre,basal,2,500.0,667.0,1.0,37.0,10,42,12196,2,1.0
98,1.0,0.0,3.7320001,1.0,3.0,6,168.1029678809373,172.6342749739816,pobre,basal,2,500.0,667.0,1.0,37.0,11,42,12196,2,1.0
97,1.0,0.0,3.7320001,1.0,0.0,4,168.1029678809373,172.6342749739816,pobre,basal,9,500.0,756.0,1.0,27.0,6,42,12197,0,1.0
98,1.0,0.0,3.7320001,1.0,1.0,4,168.1029678809373,172.6342749739816,pobre,basal,9,500.0,756.0,1.0,27.0,7,42,12197,0,1.0
97,0.0,0.0,3.7320001,1.0,6.0,3,168.1029678809373,172.6342749739816,no pobre,basal,0,166.66667,849.0,0.0,51.0,15,42,12198,6,1.0
98,0.0,0.0,3.7320001,0.0,7.0,3,168.1029678809373,172.6342749739816,no pobre,basal,0,166.66667,849.0,0.0,51.0,16,42,12198,6,1.0
97,1.0,0.0,3.7320001,1.0,5.0,3,168.1029678809373,172.6342749739816,no pobre,basal,0,166.66667,849.0,0.0,51.0,12,42,12199,5,1.0
98,1.0,0.0,3.7320001,1.0,6.0,3,168.1029678809373,172.6342749739816,no pobre,basal,0,166.66667,849.0,0.0,51.0,13,42,12199,5,1.0
97,0.0,0.0,3.7320001,1.0,10.0,5,168.1029678809373,172.6342749739816,pobre,basal,3,500.0,696.0,1.0,48.0,15,42,12200,10,1.0
98,0.0,0.0,3.7320001,0.0,6.0,5,168.1029678809373,172.6342749739816,pobre,basal,3,500.0,696.0,1.0,48.0,16,42,12200,10,1.0
97,1.0,0.0,3.7320001,1.0,5.0,5,168.1029678809373,172.6342749739816,pobre,basal,3,500.0,696.0,1.0,48.0,10,42,12201,5,1.0
98,1.0,0.0,3.7320001,1.0,6.0,5,168.1029678809373,172.6342749739816,pobre,basal,3,500.0,696.0,1.0,48.0,11,42,12201,5,1.0
97,0.0,0.0,3.7320001,1.0,3.0,5,168.1029678809373,172.6342749739816,pobre,basal,3,500.0,696.0,1.0,48.0,8,42,12202,3,1.0
98,0.0,0.0,3.7320001,1.0,4.0,5,168.1029678809373,172.6342749739816,pobre,basal,3,500.0,696.0,1.0,48.0,9,42,12202,3,1.0
97,1.0,0.0,4.3369999,0.0,6.0,4,131.4107324574973,131.4107324574973,no pobre,basal,2,625.0,910.0,1.0,47.0,16,69,12203,6,0.0
98,1.0,0.0,4.3369999,,,4,131.4107324574973,131.4107324574973,no pobre,basal,2,625.0,910.0,1.0,47.0,17,69,12203,6,0.0
97,1.0,0.0,4.3369999,1.0,5.0,4,131.4107324574973,131.4107324574973,no pobre,basal,2,625.0,910.0,1.0,47.0,12,69,12204,5,1.0
98,1.0,0.0,4.3369999,1.0,6.0,4,131.4107324574973,131.4107324574973,no pobre,basal,2,625.0,910.0,1.0,47.0,13,69,12204,5,1.0
97,1.0,0.0,4.3369999,0.0,6.0,6,131.4107324574973,131.4107324574973,pobre,basal,2,625.0,877.0,1.0,45.0,16,69,12205,6,0.0
98,1.0,0.0,4.3369999,,,6,131.4107324574973,131.4107324574973,pobre,basal,2,625.0,877.0,1.0,45.0,17,69,12205,6,0.0
97,1.0,0.0,4.3369999,1.0,5.0,6,131.4107324574973,131.4107324574973,pobre,basal,2,625.0,877.0,1.0,45.0,13,69,12206,5,1.0
98,1.0,0.0,4.3369999,0.0,6.0,6,131.4107324574973,131.4107324574973,pobre,basal,2,625.0,877.0,1.0,45.0,14,69,12206,5,1.0
97,1.0,0.0,4.3369999,1.0,3.0,4,131.4107324574973,131.4107324574973,pobre,basal,0,100.0,908.0,1.0,70.0,10,69,12207,3,1.0
98,1.0,0.0,4.3369999,1.0,4.0,4,131.4107324574973,131.4107324574973,pobre,basal,0,100.0,908.0,1.0,70.0,11,69,12207,3,1.0
97,0.0,0.0,4.3369999,1.0,8.0,4,131.4107324574973,131.4107324574973,no pobre,basal,0,500.0,1101.0,1.0,55.0,16,69,12208,8,1.0
98,0.0,0.0,4.3369999,,,4,131.4107324574973,131.4107324574973,no pobre,basal,0,500.0,1101.0,1.0,55.0,17,69,12208,8,1.0
97,0.0,0.0,3.7320001,0.0,3.0,3,168.1029678809373,172.6342749739816,pobre,basal,0,300.0,763.0,0.0,47.0,15,42,12209,3,0.0
98,0.0,0.0,3.7320001,0.0,6.0,3,168.1029678809373,172.6342749739816,pobre,basal,0,300.0,763.0,0.0,47.0,16,42,12209,3,0.0
97,0.0,0.0,3.7320001,1.0,5.0,3,168.1029678809373,172.6342749739816,pobre,basal,0,300.0,763.0,0.0,47.0,10,42,12210,5,1.0
98,0.0,0.0,3.7320001,1.0,5.0,3,168.1029678809373,172.6342749739816,pobre,basal,0,300.0,763.0,0.0,47.0,11,42,12210,5,1.0
97,0.0,0.0,3.7320001,1.0,1.0,4,168.1029678809373,172.6342749739816,pobre,basal,6,333.33334,747.0,1.0,37.0,6,42,12211,1,1.0
98,0.0,0.0,3.7320001,1.0,2.0,4,168.1029678809373,172.6342749739816,pobre,basal,6,333.33334,747.0,1.0,37.0,7,42,12211,1,1.0
97,0.0,0.0,3.7320001,1.0,8.0,5,168.1029678809373,172.6342749739816,pobre,basal,0,166.66667,729.0,1.0,50.0,13,42,12212,8,1.0
98,0.0,0.0,3.7320001,1.0,7.0,5,168.1029678809373,172.6342749739816,pobre,basal,0,166.66667,729.0,1.0,50.0,14,42,12212,8,1.0
97,0.0,0.0,3.7320001,1.0,2.0,5,168.1029678809373,172.6342749739816,pobre,basal,0,166.66667,729.0,1.0,50.0,9,42,12213,2,1.0
98,0.0,0.0,3.7320001,1.0,3.0,5,168.1029678809373,172.6342749739816,pobre,basal,0,166.66667,729.0,1.0,50.0,10,42,12213,2,1.0
97,1.0,0.0,3.7320001,1.0,7.0,3,168.1029678809373,172.6342749739816,pobre,basal,0,375.0,757.0,1.0,60.0,13,42,12214,7,1.0
98,1.0,0.0,3.7320001,1.0,3.0,3,168.1029678809373,172.6342749739816,pobre,basal,0,375.0,757.0,1.0,60.0,14,42,12214,7,1.0
97,0.0,0.0,3.7320001,1.0,6.0,7,168.1029678809373,172.6342749739816,pobre,basal,2,375.0,762.5,1.0,50.0,12,42,12215,6,1.0
98,0.0,0.0,3.7320001,1.0,7.0,7,168.1029678809373,172.6342749739816,pobre,basal,2,375.0,762.5,1.0,50.0,13,42,12215,6,1.0
97,0.0,0.0,3.7320001,1.0,8.0,7,168.1029678809373,172.6342749739816,pobre,basal,2,375.0,762.5,1.0,50.0,16,42,12216,8,1.0
98,0.0,0.0,3.7320001,,,7,168.1029678809373,172.6342749739816,pobre,basal,2,375.0,762.5,1.0,50.0,17,42,12216,8,1.0
97,0.0,0.0,3.7320001,1.0,6.0,7,168.1029678809373,172.6342749739816,pobre,basal,2,375.0,762.5,1.0,50.0,12,42,12217,6,1.0
98,0.0,0.0,3.7320001,1.0,6.0,7,168.1029678809373,172.6342749739816,pobre,basal,2,375.0,762.5,1.0,50.0,13,42,12217,6,1.0
97,1.0,0.0,3.7320001,1.0,4.0,7,168.1029678809373,172.6342749739816,pobre,basal,2,375.0,762.5,1.0,50.0,10,42,12218,4,1.0
98,1.0,0.0,3.7320001,1.0,5.0,7,168.1029678809373,172.6342749739816,pobre,basal,2,375.0,762.5,1.0,50.0,11,42,12218,4,1.0
97,0.0,0.0,3.7320001,0.0,6.0,8,168.1029678809373,172.6342749739816,pobre,basal,2,375.0,569.0,1.0,41.0,14,42,12219,6,0.0
98,0.0,0.0,3.7320001,0.0,6.0,8,168.1029678809373,172.6342749739816,pobre,basal,2,375.0,569.0,1.0,41.0,15,42,12219,6,0.0
97,1.0,0.0,3.7320001,1.0,5.0,8,168.1029678809373,172.6342749739816,pobre,basal,2,375.0,569.0,1.0,41.0,11,42,12220,5,1.0
98,1.0,0.0,3.7320001,1.0,6.0,8,168.1029678809373,172.6342749739816,pobre,basal,2,375.0,569.0,1.0,41.0,12,42,12220,5,1.0
97,0.0,0.0,3.7320001,1.0,3.0,8,168.1029678809373,172.6342749739816,pobre,basal,2,375.0,569.0,1.0,41.0,7,42,12221,3,1.0
98,0.0,0.0,3.7320001,1.0,4.0,8,168.1029678809373,172.6342749739816,pobre,basal,2,375.0,569.0,1.0,41.0,8,42,12221,3,1.0
97,1.0,0.0,3.7320001,1.0,0.0,8,168.1029678809373,172.6342749739816,pobre,basal,2,375.0,569.0,1.0,41.0,6,42,12222,0,1.0
98,1.0,0.0,3.7320001,1.0,1.0,8,168.1029678809373,172.6342749739816,pobre,basal,2,375.0,569.0,1.0,41.0,7,42,12222,0,1.0
97,0.0,0.0,3.7320001,0.0,6.0,10,168.1029678809373,172.6342749739816,pobre,basal,3,375.0,744.0,1.0,45.0,16,42,12223,6,0.0
98,0.0,0.0,3.7320001,,,10,168.1029678809373,172.6342749739816,pobre,basal,3,375.0,744.0,1.0,45.0,17,42,12223,6,0.0
97,0.0,0.0,3.7320001,1.0,7.0,10,168.1029678809373,172.6342749739816,pobre,basal,3,375.0,744.0,1.0,45.0,13,42,12224,7,1.0
98,0.0,0.0,3.7320001,1.0,8.0,10,168.1029678809373,172.6342749739816,pobre,basal,3,375.0,744.0,1.0,45.0,14,42,12224,7,1.0
97,1.0,0.0,3.7320001,1.0,4.0,10,168.1029678809373,172.6342749739816,pobre,basal,3,375.0,744.0,1.0,45.0,11,42,12225,4,1.0
98,1.0,0.0,3.7320001,1.0,5.0,10,168.1029678809373,172.6342749739816,pobre,basal,3,375.0,744.0,1.0,45.0,12,42,12225,4,1.0
97,0.0,0.0,3.7320001,1.0,2.0,10,168.1029678809373,172.6342749739816,pobre,basal,3,375.0,744.0,1.0,45.0,7,42,12226,2,1.0
98,0.0,0.0,3.7320001,1.0,1.0,10,168.1029678809373,172.6342749739816,pobre,basal,3,375.0,744.0,1.0,45.0,8,42,12226,2,1.0
97,0.0,0.0,3.7320001,1.0,1.0,3,168.1029678809373,172.6342749739816,pobre,basal,2,500.0,755.0,0.0,43.0,10,42,12227,1,1.0
98,0.0,0.0,3.7320001,0.0,2.0,3,168.1029678809373,172.6342749739816,pobre,basal,2,500.0,755.0,0.0,43.0,11,42,12227,1,1.0
97,0.0,0.0,3.7320001,1.0,3.0,3,168.1029678809373,172.6342749739816,pobre,basal,2,500.0,755.0,0.0,43.0,8,42,12228,3,1.0
98,0.0,0.0,3.7320001,1.0,3.0,3,168.1029678809373,172.6342749739816,pobre,basal,2,500.0,755.0,0.0,43.0,9,42,12228,3,1.0
97,0.0,0.0,3.7320001,1.0,9.0,4,168.1029678809373,172.6342749739816,no pobre,basal,0,375.0,809.0,1.0,60.0,15,42,12229,9,1.0
98,0.0,0.0,3.7320001,0.0,9.0,4,168.1029678809373,172.6342749739816,no pobre,basal,0,375.0,809.0,1.0,60.0,16,42,12229,9,1.0
97,1.0,0.0,3.7320001,1.0,6.0,4,168.1029678809373,172.6342749739816,no pobre,basal,0,375.0,809.0,1.0,60.0,13,42,12230,6,1.0
98,1.0,0.0,3.7320001,1.0,7.0,4,168.1029678809373,172.6342749739816,no pobre,basal,0,375.0,809.0,1.0,60.0,14,42,12230,6,1.0
97,0.0,0.0,3.7320001,1.0,8.0,6,168.1029678809373,172.6342749739816,pobre,basal,0,375.0,642.0,1.0,58.0,15,42,12231,8,1.0
98,0.0,0.0,3.7320001,1.0,8.0,6,168.1029678809373,172.6342749739816,pobre,basal,0,375.0,642.0,1.0,58.0,16,42,12231,8,1.0
97,0.0,0.0,3.7320001,1.0,7.0,6,168.1029678809373,172.6342749739816,pobre,basal,0,375.0,642.0,1.0,58.0,13,42,12232,7,1.0
98,0.0,0.0,3.7320001,1.0,8.0,6,168.1029678809373,172.6342749739816,pobre,basal,0,375.0,642.0,1.0,58.0,14,42,12232,7,1.0
97,1.0,0.0,3.7320001,1.0,4.0,6,168.1029678809373,172.6342749739816,pobre,basal,0,375.0,642.0,1.0,58.0,11,42,12233,4,1.0
98,1.0,0.0,3.7320001,1.0,5.0,6,168.1029678809373,172.6342749739816,pobre,basal,0,375.0,642.0,1.0,58.0,12,42,12233,4,1.0
97,1.0,0.0,3.7320001,1.0,3.0,6,168.1029678809373,172.6342749739816,pobre,basal,0,375.0,642.0,1.0,58.0,9,42,12234,3,1.0
98,1.0,0.0,3.7320001,1.0,4.0,6,168.1029678809373,172.6342749739816,pobre,basal,0,375.0,642.0,1.0,58.0,10,42,12234,3,1.0
97,1.0,0.0,3.7320001,1.0,3.0,6,168.1029678809373,172.6342749739816,pobre,basal,3,375.0,619.0,1.0,35.0,10,42,12235,3,1.0
98,1.0,0.0,3.7320001,1.0,3.0,6,168.1029678809373,172.6342749739816,pobre,basal,3,375.0,619.0,1.0,35.0,11,42,12235,3,1.0
97,0.0,0.0,3.7320001,1.0,1.0,6,168.1029678809373,172.6342749739816,pobre,basal,3,375.0,619.0,1.0,35.0,8,42,12236,1,1.0
98,0.0,0.0,3.7320001,1.0,1.0,6,168.1029678809373,172.6342749739816,pobre,basal,3,375.0,619.0,1.0,35.0,9,42,12236,1,1.0
97,1.0,0.0,3.7320001,1.0,2.0,3,168.1029678809373,172.6342749739816,pobre,basal,0,0.0,692.0,1.0,32.0,9,42,12237,2,1.0
98,1.0,0.0,3.7320001,1.0,2.0,3,168.1029678809373,172.6342749739816,pobre,basal,0,0.0,692.0,1.0,32.0,10,42,12237,2,1.0
97,1.0,0.0,3.7320001,1.0,6.0,4,168.1029678809373,172.6342749739816,pobre,basal,3,500.0,728.0,1.0,50.0,14,42,12238,6,1.0
98,1.0,0.0,3.7320001,1.0,7.0,4,168.1029678809373,172.6342749739816,pobre,basal,3,500.0,728.0,1.0,50.0,15,42,12238,6,1.0
97,1.0,0.0,3.7320001,1.0,3.0,4,168.1029678809373,172.6342749739816,pobre,basal,3,500.0,728.0,1.0,50.0,11,42,12239,3,1.0
98,1.0,0.0,3.7320001,1.0,5.0,4,168.1029678809373,172.6342749739816,pobre,basal,3,500.0,728.0,1.0,50.0,12,42,12239,3,1.0
97,1.0,0.0,3.7320001,1.0,6.0,8,168.1029678809373,172.6342749739816,pobre,basal,0,500.0,705.0,1.0,57.0,14,42,12240,6,1.0
98,1.0,0.0,3.7320001,1.0,7.0,8,168.1029678809373,172.6342749739816,pobre,basal,0,500.0,705.0,1.0,57.0,15,42,12240,6,1.0
97,1.0,0.0,3.7320001,1.0,2.0,8,168.1029678809373,172.6342749739816,pobre,basal,0,500.0,705.0,1.0,57.0,9,42,12241,2,1.0
98,1.0,0.0,3.7320001,1.0,3.0,8,168.1029678809373,172.6342749739816,pobre,basal,0,500.0,705.0,1.0,57.0,10,42,12241,2,1.0
97,1.0,0.0,3.7320001,0.0,6.0,10,168.1029678809373,172.6342749739816,pobre,basal,2,375.0,693.0,1.0,38.0,16,42,12242,6,0.0
98,1.0,0.0,3.7320001,,,10,168.1029678809373,172.6342749739816,pobre,basal,2,375.0,693.0,1.0,38.0,17,42,12242,6,0.0
97,0.0,0.0,3.7320001,0.0,4.0,10,168.1029678809373,172.6342749739816,pobre,basal,2,375.0,693.0,1.0,38.0,13,42,12243,4,0.0
98,0.0,0.0,3.7320001,0.0,4.0,10,168.1029678809373,172.6342749739816,pobre,basal,2,375.0,693.0,1.0,38.0,14,42,12243,4,0.0
97,0.0,0.0,3.7320001,1.0,5.0,10,168.1029678809373,172.6342749739816,pobre,basal,2,375.0,693.0,1.0,38.0,11,42,12244,5,1.0
98,0.0,0.0,3.7320001,1.0,6.0,10,168.1029678809373,172.6342749739816,pobre,basal,2,375.0,693.0,1.0,38.0,12,42,12244,5,1.0
97,1.0,0.0,3.7320001,1.0,2.0,10,168.1029678809373,172.6342749739816,pobre,basal,2,375.0,693.0,1.0,38.0,8,42,12245,2,1.0
98,1.0,0.0,3.7320001,1.0,3.0,10,168.1029678809373,172.6342749739816,pobre,basal,2,375.0,693.0,1.0,38.0,9,42,12245,2,1.0
97,1.0,0.0,3.7320001,0.0,6.0,8,168.1029678809373,172.6342749739816,pobre,basal,2,375.0,680.0,1.0,27.0,15,42,12246,6,0.0
98,1.0,0.0,3.7320001,,,8,168.1029678809373,172.6342749739816,pobre,basal,2,375.0,680.0,1.0,27.0,16,42,12246,6,0.0
97,1.0,0.0,3.7320001,0.0,6.0,8,168.1029678809373,172.6342749739816,pobre,basal,2,375.0,680.0,1.0,27.0,13,42,12247,6,0.0
98,1.0,0.0,3.7320001,,,8,168.1029678809373,172.6342749739816,pobre,basal,2,375.0,680.0,1.0,27.0,14,42,12247,6,0.0
97,1.0,0.0,3.7320001,0.0,6.0,8,168.1029678809373,172.6342749739816,pobre,basal,2,375.0,680.0,1.0,27.0,11,42,12248,6,0.0
98,1.0,0.0,3.7320001,0.0,5.0,8,168.1029678809373,172.6342749739816,pobre,basal,2,375.0,680.0,1.0,27.0,12,42,12248,6,0.0
97,0.0,0.0,3.7320001,1.0,3.0,8,168.1029678809373,172.6342749739816,pobre,basal,2,375.0,680.0,1.0,27.0,9,42,12249,3,1.0
98,0.0,0.0,3.7320001,1.0,5.0,8,168.1029678809373,172.6342749739816,pobre,basal,2,375.0,680.0,1.0,27.0,10,42,12249,3,1.0
97,0.0,0.0,3.7320001,1.0,2.0,8,168.1029678809373,172.6342749739816,pobre,basal,2,375.0,680.0,1.0,27.0,7,42,12250,2,1.0
98,0.0,0.0,3.7320001,1.0,5.0,8,168.1029678809373,172.6342749739816,pobre,basal,2,375.0,680.0,1.0,27.0,8,42,12250,2,1.0
97,0.0,0.0,3.7320001,1.0,6.0,6,168.1029678809373,172.6342749739816,pobre,basal,0,375.0,657.0,1.0,52.0,16,42,12251,6,1.0
98,0.0,0.0,3.7320001,0.0,6.0,6,168.1029678809373,172.6342749739816,pobre,basal,0,375.0,657.0,1.0,52.0,17,42,12251,6,1.0
97,0.0,0.0,3.7320001,1.0,6.0,6,168.1029678809373,172.6342749739816,pobre,basal,0,375.0,657.0,1.0,52.0,14,42,12252,6,1.0
98,0.0,0.0,3.7320001,1.0,7.0,6,168.1029678809373,172.6342749739816,pobre,basal,0,375.0,657.0,1.0,52.0,15,42,12252,6,1.0
97,1.0,0.0,3.7320001,1.0,2.0,6,168.1029678809373,172.6342749739816,pobre,basal,0,375.0,657.0,1.0,52.0,12,42,12253,2,1.0
98,1.0,0.0,3.7320001,1.0,3.0,6,168.1029678809373,172.6342749739816,pobre,basal,0,375.0,657.0,1.0,52.0,13,42,12253,2,1.0
97,0.0,0.0,3.7320001,1.0,3.0,4,168.1029678809373,172.6342749739816,pobre,basal,0,0.0,758.0,0.0,60.0,16,42,12254,3,1.0
98,0.0,0.0,3.7320001,,,4,168.1029678809373,172.6342749739816,pobre,basal,0,0.0,758.0,0.0,60.0,17,42,12254,3,1.0
97,0.0,0.0,3.7320001,1.0,3.0,6,168.1029678809373,172.6342749739816,pobre,basal,2,375.0,772.0,1.0,49.0,10,42,12255,3,1.0
98,0.0,0.0,3.7320001,1.0,4.0,6,168.1029678809373,172.6342749739816,pobre,basal,2,375.0,772.0,1.0,49.0,11,42,12255,3,1.0
97,0.0,0.0,3.7320001,1.0,2.0,6,168.1029678809373,172.6342749739816,pobre,basal,6,375.0,624.0,1.0,30.0,8,42,12256,2,1.0
98,0.0,0.0,3.7320001,1.0,3.0,6,168.1029678809373,172.6342749739816,pobre,basal,6,375.0,624.0,1.0,30.0,9,42,12256,2,1.0
97,0.0,0.0,3.7320001,1.0,1.0,6,168.1029678809373,172.6342749739816,pobre,basal,6,375.0,624.0,1.0,30.0,6,42,12257,1,1.0
98,0.0,0.0,3.7320001,1.0,1.0,6,168.1029678809373,172.6342749739816,pobre,basal,6,375.0,624.0,1.0,30.0,7,42,12257,1,1.0
97,1.0,0.0,3.7320001,1.0,2.0,8,168.1029678809373,172.6342749739816,pobre,basal,6,375.0,552.0,1.0,30.0,9,42,12258,2,1.0
98,1.0,0.0,3.7320001,1.0,3.0,8,168.1029678809373,172.6342749739816,pobre,basal,6,375.0,552.0,1.0,30.0,10,42,12258,2,1.0
97,0.0,0.0,3.7320001,1.0,1.0,8,168.1029678809373,172.6342749739816,pobre,basal,6,375.0,552.0,1.0,30.0,7,42,12259,1,1.0
98,0.0,0.0,3.7320001,1.0,2.0,8,168.1029678809373,172.6342749739816,pobre,basal,6,375.0,552.0,1.0,30.0,8,42,12259,1,1.0
97,0.0,0.0,3.7320001,0.0,4.0,13,168.1029678809373,172.6342749739816,pobre,basal,2,375.0,566.0,1.0,43.0,16,42,12260,4,0.0
98,0.0,0.0,3.7320001,,,13,168.1029678809373,172.6342749739816,pobre,basal,2,375.0,566.0,1.0,43.0,17,42,12260,4,0.0
97,0.0,0.0,3.7320001,1.0,5.0,13,168.1029678809373,172.6342749739816,pobre,basal,2,375.0,566.0,1.0,43.0,13,42,12261,5,1.0
98,0.0,0.0,3.7320001,0.0,6.0,13,168.1029678809373,172.6342749739816,pobre,basal,2,375.0,566.0,1.0,43.0,14,42,12261,5,1.0
97,1.0,0.0,3.7320001,1.0,5.0,13,168.1029678809373,172.6342749739816,pobre,basal,2,375.0,566.0,1.0,43.0,11,42,12262,5,1.0
98,1.0,0.0,3.7320001,1.0,6.0,13,168.1029678809373,172.6342749739816,pobre,basal,2,375.0,566.0,1.0,43.0,12,42,12262,5,1.0
97,0.0,0.0,3.7320001,1.0,2.0,13,168.1029678809373,172.6342749739816,pobre,basal,2,375.0,566.0,1.0,43.0,8,42,12263,2,1.0
98,0.0,0.0,3.7320001,1.0,3.0,13,168.1029678809373,172.6342749739816,pobre,basal,2,375.0,566.0,1.0,43.0,9,42,12263,2,1.0
97,1.0,0.0,3.7320001,1.0,9.0,7,168.1029678809373,172.6342749739816,pobre,basal,3,1000.0,620.0,1.0,43.0,15,42,12264,9,1.0
98,1.0,0.0,3.7320001,1.0,6.0,7,168.1029678809373,172.6342749739816,pobre,basal,3,1000.0,620.0,1.0,43.0,16,42,12264,9,1.0
97,1.0,0.0,3.7320001,1.0,6.0,7,168.1029678809373,172.6342749739816,pobre,basal,3,1000.0,620.0,1.0,43.0,11,42,12265,6,1.0
98,1.0,0.0,3.7320001,1.0,6.0,7,168.1029678809373,172.6342749739816,pobre,basal,3,1000.0,620.0,1.0,43.0,12,42,12265,6,1.0
97,0.0,0.0,3.7320001,1.0,3.0,7,168.1029678809373,172.6342749739816,pobre,basal,3,1000.0,620.0,1.0,43.0,8,42,12266,3,1.0
98,0.0,0.0,3.7320001,1.0,2.0,7,168.1029678809373,172.6342749739816,pobre,basal,3,1000.0,620.0,1.0,43.0,9,42,12266,3,1.0
97,0.0,0.0,3.7320001,0.0,6.0,5,168.1029678809373,172.6342749739816,pobre,basal,0,375.0,671.0,1.0,52.0,16,42,12267,6,0.0
98,0.0,0.0,3.7320001,,,5,168.1029678809373,172.6342749739816,pobre,basal,0,375.0,671.0,1.0,52.0,17,42,12267,6,0.0
97,0.0,0.0,3.7320001,0.0,6.0,5,168.1029678809373,172.6342749739816,pobre,basal,0,375.0,671.0,1.0,52.0,14,42,12268,6,0.0
98,0.0,0.0,3.7320001,0.0,6.0,5,168.1029678809373,172.6342749739816,pobre,basal,0,375.0,671.0,1.0,52.0,15,42,12268,6,0.0
97,1.0,0.0,3.7320001,1.0,3.0,5,168.1029678809373,172.6342749739816,pobre,basal,0,375.0,671.0,1.0,52.0,11,42,12269,3,1.0
98,1.0,0.0,3.7320001,1.0,4.0,5,168.1029678809373,172.6342749739816,pobre,basal,0,375.0,671.0,1.0,52.0,12,42,12269,3,1.0
97,0.0,0.0,3.7320001,1.0,3.0,7,168.1029678809373,172.6342749739816,pobre,basal,2,375.0,567.0,1.0,34.0,11,42,12270,3,1.0
98,0.0,0.0,3.7320001,1.0,4.0,7,168.1029678809373,172.6342749739816,pobre,basal,2,375.0,567.0,1.0,34.0,12,42,12270,3,1.0
97,0.0,0.0,3.7320001,1.0,1.0,7,168.1029678809373,172.6342749739816,pobre,basal,2,375.0,567.0,1.0,34.0,9,42,12271,1,1.0
98,0.0,0.0,3.7320001,1.0,2.0,7,168.1029678809373,172.6342749739816,pobre,basal,2,375.0,567.0,1.0,34.0,10,42,12271,1,1.0
97,0.0,0.0,3.7320001,1.0,0.0,7,168.1029678809373,172.6342749739816,pobre,basal,2,375.0,567.0,1.0,34.0,7,42,12272,0,1.0
98,0.0,0.0,3.7320001,1.0,1.0,7,168.1029678809373,172.6342749739816,pobre,basal,2,375.0,567.0,1.0,34.0,8,42,12272,0,1.0
97,0.0,0.0,3.7320001,1.0,5.0,4,168.1029678809373,172.6342749739816,pobre,basal,0,375.0,711.0,1.0,63.0,12,42,12273,5,1.0
98,0.0,0.0,3.7320001,0.0,6.0,4,168.1029678809373,172.6342749739816,pobre,basal,0,375.0,711.0,1.0,63.0,13,42,12273,5,1.0
97,1.0,0.0,3.7320001,1.0,4.0,4,168.1029678809373,172.6342749739816,pobre,basal,0,375.0,711.0,1.0,63.0,10,42,12274,4,1.0
98,1.0,0.0,3.7320001,1.0,5.0,4,168.1029678809373,172.6342749739816,pobre,basal,0,375.0,711.0,1.0,63.0,11,42,12274,4,1.0
97,0.0,0.0,3.7320001,,0.0,6,168.1029678809373,172.6342749739816,pobre,basal,3,375.0,690.33002,1.0,44.0,15,42,12275,0,
98,0.0,0.0,3.7320001,0.0,2.0,6,168.1029678809373,172.6342749739816,pobre,basal,3,375.0,690.33002,1.0,44.0,16,42,12275,0,
97,1.0,0.0,3.7320001,,0.0,6,168.1029678809373,172.6342749739816,pobre,basal,3,375.0,690.33002,1.0,44.0,13,42,12276,0,
98,1.0,0.0,3.7320001,0.0,2.0,6,168.1029678809373,172.6342749739816,pobre,basal,3,375.0,690.33002,1.0,44.0,14,42,12276,0,
97,0.0,0.0,3.7320001,,0.0,6,168.1029678809373,172.6342749739816,pobre,basal,3,375.0,690.33002,1.0,44.0,11,42,12277,0,
98,0.0,0.0,3.7320001,1.0,1.0,6,168.1029678809373,172.6342749739816,pobre,basal,3,375.0,690.33002,1.0,44.0,12,42,12277,0,
97,0.0,0.0,3.7320001,,0.0,6,168.1029678809373,172.6342749739816,pobre,basal,3,375.0,690.33002,1.0,44.0,6,42,12278,0,
98,0.0,0.0,3.7320001,1.0,0.0,6,168.1029678809373,172.6342749739816,pobre,basal,3,375.0,690.33002,1.0,44.0,7,42,12278,0,
97,1.0,0.0,3.7320001,1.0,4.0,4,168.1029678809373,172.6342749739816,pobre,basal,0,375.0,701.0,1.0,74.0,11,42,12279,4,1.0
98,1.0,0.0,3.7320001,1.0,5.0,4,168.1029678809373,172.6342749739816,pobre,basal,0,375.0,701.0,1.0,74.0,12,42,12279,4,1.0
97,1.0,0.0,2.517,0.0,6.0,10,169.315298163893,170.3815823560291,pobre,0,2,550.0,719.0,1.0,50.0,16,107,12280,6,0.0
98,1.0,0.0,2.517,0.0,6.0,10,169.315298163893,170.3815823560291,pobre,0,2,550.0,719.0,1.0,50.0,17,107,12280,6,0.0
97,1.0,0.0,2.517,0.0,6.0,10,169.315298163893,170.3815823560291,pobre,0,2,550.0,719.0,1.0,50.0,14,107,12281,6,0.0
98,1.0,0.0,2.517,1.0,7.0,10,169.315298163893,170.3815823560291,pobre,0,2,550.0,719.0,1.0,50.0,15,107,12281,6,0.0
97,1.0,0.0,2.517,1.0,6.0,10,169.315298163893,170.3815823560291,pobre,0,2,550.0,719.0,1.0,50.0,14,107,12282,6,1.0
98,1.0,0.0,2.517,1.0,6.0,10,169.315298163893,170.3815823560291,pobre,0,2,550.0,719.0,1.0,50.0,15,107,12282,6,1.0
97,0.0,0.0,2.517,1.0,5.0,10,169.315298163893,170.3815823560291,pobre,0,2,550.0,719.0,1.0,50.0,11,107,12283,5,1.0
98,0.0,0.0,2.517,1.0,6.0,10,169.315298163893,170.3815823560291,pobre,0,2,550.0,719.0,1.0,50.0,12,107,12283,5,1.0
97,0.0,0.0,2.517,1.0,2.0,10,169.315298163893,170.3815823560291,pobre,0,2,550.0,719.0,1.0,50.0,9,107,12284,2,1.0
98,0.0,0.0,2.517,1.0,3.0,10,169.315298163893,170.3815823560291,pobre,0,2,550.0,719.0,1.0,50.0,10,107,12284,2,1.0
97,0.0,0.0,2.517,1.0,8.0,3,169.315298163893,170.3815823560291,pobre,0,6,300.0,655.0,0.0,85.0,13,107,12285,8,1.0
98,0.0,0.0,2.517,1.0,9.0,3,169.315298163893,170.3815823560291,pobre,0,6,300.0,655.0,0.0,85.0,14,107,12285,8,1.0
97,0.0,0.0,2.517,1.0,9.0,6,169.315298163893,170.3815823560291,pobre,0,2,625.0,755.0,1.0,60.0,15,107,12286,9,1.0
98,0.0,0.0,2.517,1.0,11.0,6,169.315298163893,170.3815823560291,pobre,0,2,625.0,755.0,1.0,60.0,16,107,12286,9,1.0
97,0.0,0.0,2.517,1.0,5.0,5,169.315298163893,170.3815823560291,pobre,0,2,500.0,662.0,1.0,42.0,10,107,12287,5,1.0
98,0.0,0.0,2.517,1.0,6.0,5,169.315298163893,170.3815823560291,pobre,0,2,500.0,662.0,1.0,42.0,11,107,12287,5,1.0
97,0.0,0.0,2.517,1.0,1.0,5,169.315298163893,170.3815823560291,pobre,0,2,500.0,662.0,1.0,42.0,7,107,12288,1,1.0
98,0.0,0.0,2.517,1.0,1.0,5,169.315298163893,170.3815823560291,pobre,0,2,500.0,662.0,1.0,42.0,8,107,12288,1,1.0
97,1.0,0.0,2.517,1.0,8.0,4,169.315298163893,170.3815823560291,pobre,0,2,500.0,729.0,1.0,60.0,16,107,12289,8,1.0
98,1.0,0.0,2.517,,,4,169.315298163893,170.3815823560291,pobre,0,2,500.0,729.0,1.0,60.0,17,107,12289,8,1.0
97,1.0,0.0,2.517,1.0,7.0,4,169.315298163893,170.3815823560291,pobre,0,2,500.0,729.0,1.0,60.0,13,107,12290,7,1.0
98,1.0,0.0,2.517,1.0,9.0,4,169.315298163893,170.3815823560291,pobre,0,2,500.0,729.0,1.0,60.0,14,107,12290,7,1.0
97,1.0,0.0,2.517,1.0,5.0,3,169.315298163893,170.3815823560291,no pobre,0,3,625.0,777.0,1.0,75.0,12,107,12291,5,1.0
98,1.0,0.0,2.517,1.0,6.0,3,169.315298163893,170.3815823560291,no pobre,0,3,625.0,777.0,1.0,75.0,13,107,12291,5,1.0
97,1.0,0.0,2.517,1.0,7.0,7,169.315298163893,170.3815823560291,pobre,0,3,500.0,716.5,1.0,48.0,14,107,12292,7,1.0
98,1.0,0.0,2.517,1.0,8.0,7,169.315298163893,170.3815823560291,pobre,0,3,500.0,716.5,1.0,48.0,15,107,12292,7,1.0
97,0.0,0.0,2.517,1.0,5.0,7,169.315298163893,170.3815823560291,pobre,0,3,500.0,716.5,1.0,48.0,10,107,12293,5,1.0
98,0.0,0.0,2.517,1.0,6.0,7,169.315298163893,170.3815823560291,pobre,0,3,500.0,716.5,1.0,48.0,11,107,12293,5,1.0
97,0.0,0.0,2.517,1.0,1.0,5,169.315298163893,170.3815823560291,pobre,0,0,500.0,684.0,1.0,60.0,6,107,12294,1,1.0
98,0.0,0.0,2.517,1.0,2.0,5,169.315298163893,170.3815823560291,pobre,0,0,500.0,684.0,1.0,60.0,7,107,12294,1,1.0
97,1.0,0.0,2.517,1.0,3.0,2,169.315298163893,170.3815823560291,pobre,0,2,0.0,644.0,0.0,50.0,10,107,12295,3,1.0
98,1.0,0.0,2.517,1.0,4.0,2,169.315298163893,170.3815823560291,pobre,0,2,0.0,644.0,0.0,50.0,11,107,12295,3,1.0
97,1.0,0.0,2.517,1.0,8.0,5,169.315298163893,170.3815823560291,pobre,0,0,500.0,691.0,1.0,56.0,14,107,12296,8,1.0
98,1.0,0.0,2.517,0.0,9.0,5,169.315298163893,170.3815823560291,pobre,0,0,500.0,691.0,1.0,56.0,15,107,12296,8,1.0
97,0.0,0.0,2.517,0.0,6.0,6,169.315298163893,170.3815823560291,pobre,0,4,500.0,651.0,1.0,50.0,15,107,12297,6,0.0
98,0.0,0.0,2.517,0.0,6.0,6,169.315298163893,170.3815823560291,pobre,0,4,500.0,651.0,1.0,50.0,16,107,12297,6,0.0
97,1.0,0.0,2.517,1.0,6.0,6,169.315298163893,170.3815823560291,pobre,0,4,500.0,651.0,1.0,50.0,12,107,12298,6,1.0
98,1.0,0.0,2.517,1.0,7.0,6,169.315298163893,170.3815823560291,pobre,0,4,500.0,651.0,1.0,50.0,13,107,12298,6,1.0
97,1.0,0.0,2.517,1.0,3.0,6,169.315298163893,170.3815823560291,pobre,0,4,500.0,651.0,1.0,50.0,10,107,12299,3,1.0
98,1.0,0.0,2.517,1.0,4.0,6,169.315298163893,170.3815823560291,pobre,0,4,500.0,651.0,1.0,50.0,11,107,12299,3,1.0
97,0.0,0.0,2.517,1.0,1.0,6,169.315298163893,170.3815823560291,pobre,0,4,500.0,651.0,1.0,50.0,7,107,12300,1,1.0
98,0.0,0.0,2.517,1.0,2.0,6,169.315298163893,170.3815823560291,pobre,0,4,500.0,651.0,1.0,50.0,8,107,12300,1,1.0
97,1.0,0.0,2.517,1.0,10.0,7,169.315298163893,170.3815823560291,no pobre,0,3,0.0,819.0,1.0,61.0,15,107,12301,10,1.0
98,1.0,0.0,2.517,0.0,10.0,7,169.315298163893,170.3815823560291,no pobre,0,3,0.0,819.0,1.0,61.0,16,107,12301,10,1.0
97,0.0,0.0,2.517,1.0,7.0,7,169.315298163893,170.3815823560291,no pobre,0,3,0.0,819.0,1.0,61.0,14,107,12302,7,1.0
98,0.0,0.0,2.517,1.0,8.0,7,169.315298163893,170.3815823560291,no pobre,0,3,0.0,819.0,1.0,61.0,15,107,12302,7,1.0
97,1.0,0.0,2.517,1.0,8.0,6,169.315298163893,170.3815823560291,pobre,0,3,500.0,755.0,1.0,50.0,15,107,12303,8,1.0
98,1.0,0.0,2.517,0.0,9.0,6,169.315298163893,170.3815823560291,pobre,0,3,500.0,755.0,1.0,50.0,16,107,12303,8,1.0
97,0.0,0.0,2.517,0.0,6.0,6,169.315298163893,170.3815823560291,pobre,0,3,500.0,755.0,1.0,50.0,13,107,12304,6,0.0
98,0.0,0.0,2.517,0.0,6.0,6,169.315298163893,170.3815823560291,pobre,0,3,500.0,755.0,1.0,50.0,14,107,12304,6,0.0
97,0.0,0.0,2.517,1.0,2.0,6,169.315298163893,170.3815823560291,pobre,0,3,500.0,755.0,1.0,50.0,8,107,12305,2,1.0
98,0.0,0.0,2.517,1.0,3.0,6,169.315298163893,170.3815823560291,pobre,0,3,500.0,755.0,1.0,50.0,9,107,12305,2,1.0
97,1.0,0.0,2.517,1.0,10.0,7,169.315298163893,170.3815823560291,pobre,0,6,500.0,735.5,1.0,41.0,16,107,12306,10,1.0
98,1.0,0.0,2.517,,,7,169.315298163893,170.3815823560291,pobre,0,6,500.0,735.5,1.0,41.0,17,107,12306,10,1.0
97,0.0,0.0,2.517,1.0,10.0,7,169.315298163893,170.3815823560291,pobre,0,6,500.0,735.5,1.0,41.0,15,107,12307,10,1.0
98,0.0,0.0,2.517,1.0,10.0,7,169.315298163893,170.3815823560291,pobre,0,6,500.0,735.5,1.0,41.0,16,107,12307,10,1.0
97,1.0,0.0,2.517,1.0,6.0,7,169.315298163893,170.3815823560291,pobre,0,6,500.0,735.5,1.0,41.0,12,107,12308,6,1.0
98,1.0,0.0,2.517,1.0,7.0,7,169.315298163893,170.3815823560291,pobre,0,6,500.0,735.5,1.0,41.0,13,107,12308,6,1.0
97,1.0,0.0,2.517,1.0,4.0,7,169.315298163893,170.3815823560291,pobre,0,6,500.0,735.5,1.0,41.0,11,107,12309,4,1.0
98,1.0,0.0,2.517,1.0,5.0,7,169.315298163893,170.3815823560291,pobre,0,6,500.0,735.5,1.0,41.0,12,107,12309,4,1.0
97,0.0,0.0,3.572,1.0,5.0,4,143.9319341719651,187.4310699109128,pobre,0,4,750.0,757.0,1.0,55.0,11,74,12310,5,1.0
98,0.0,0.0,3.572,1.0,5.0,4,143.9319341719651,187.4310699109128,pobre,0,4,750.0,757.0,1.0,55.0,12,74,12310,5,1.0
97,0.0,0.0,3.572,1.0,1.0,3,143.9319341719651,187.4310699109128,pobre,0,3,750.0,626.0,1.0,34.0,7,74,12311,1,1.0
98,0.0,0.0,3.572,1.0,2.0,3,143.9319341719651,187.4310699109128,pobre,0,3,750.0,626.0,1.0,34.0,8,74,12311,1,1.0
97,0.0,0.0,3.572,1.0,7.0,6,143.9319341719651,187.4310699109128,no pobre,0,6,625.0,800.0,1.0,53.0,15,74,12312,7,1.0
98,0.0,0.0,3.572,1.0,9.0,6,143.9319341719651,187.4310699109128,no pobre,0,6,625.0,800.0,1.0,53.0,16,74,12312,7,1.0
97,0.0,0.0,3.572,1.0,4.0,6,143.9319341719651,187.4310699109128,no pobre,0,6,625.0,800.0,1.0,53.0,10,74,12313,4,1.0
98,0.0,0.0,3.572,1.0,6.0,6,143.9319341719651,187.4310699109128,no pobre,0,6,625.0,800.0,1.0,53.0,11,74,12313,4,1.0
97,0.0,0.0,3.572,1.0,2.0,6,143.9319341719651,187.4310699109128,no pobre,0,6,625.0,800.0,1.0,53.0,8,74,12314,2,1.0
98,0.0,0.0,3.572,1.0,3.0,6,143.9319341719651,187.4310699109128,no pobre,0,6,625.0,800.0,1.0,53.0,9,74,12314,2,1.0
97,1.0,0.0,3.572,1.0,5.0,4,143.9319341719651,187.4310699109128,pobre,0,2,750.0,758.0,1.0,35.0,12,74,12315,5,1.0
98,1.0,0.0,3.572,0.0,6.0,4,143.9319341719651,187.4310699109128,pobre,0,2,750.0,758.0,1.0,35.0,13,74,12315,5,1.0
97,1.0,0.0,3.572,1.0,3.0,5,143.9319341719651,187.4310699109128,pobre,0,2,750.0,717.0,1.0,38.0,9,74,12316,3,1.0
98,1.0,0.0,3.572,1.0,4.0,5,143.9319341719651,187.4310699109128,pobre,0,2,750.0,717.0,1.0,38.0,10,74,12316,3,1.0
97,0.0,0.0,3.572,1.0,3.0,5,143.9319341719651,187.4310699109128,pobre,0,2,750.0,717.0,1.0,38.0,8,74,12317,3,1.0
98,0.0,0.0,3.572,1.0,4.0,5,143.9319341719651,187.4310699109128,pobre,0,2,750.0,717.0,1.0,38.0,9,74,12317,3,1.0
97,0.0,0.0,3.572,0.0,6.0,5,143.9319341719651,187.4310699109128,no pobre,0,2,750.0,833.0,1.0,58.0,13,74,12318,6,0.0
98,0.0,0.0,3.572,0.0,6.0,5,143.9319341719651,187.4310699109128,no pobre,0,2,750.0,833.0,1.0,58.0,14,74,12318,6,0.0
97,1.0,0.0,3.572,0.0,6.0,5,143.9319341719651,187.4310699109128,pobre,0,0,625.0,712.20001,1.0,73.0,12,74,12319,6,0.0
98,1.0,0.0,3.572,0.0,6.0,5,143.9319341719651,187.4310699109128,pobre,0,0,625.0,712.20001,1.0,73.0,13,74,12319,6,0.0
97,1.0,0.0,3.572,1.0,0.0,7,143.9319341719651,187.4310699109128,pobre,0,0,625.0,614.0,1.0,55.0,7,74,12320,0,1.0
98,1.0,0.0,3.572,1.0,1.0,7,143.9319341719651,187.4310699109128,pobre,0,0,625.0,614.0,1.0,55.0,8,74,12320,0,1.0
97,1.0,0.0,3.572,1.0,1.0,4,143.9319341719651,187.4310699109128,pobre,0,4,625.0,656.0,1.0,28.0,7,74,12321,1,1.0
98,1.0,0.0,3.572,1.0,2.0,4,143.9319341719651,187.4310699109128,pobre,0,4,625.0,656.0,1.0,28.0,8,74,12321,1,1.0
97,1.0,0.0,3.572,0.0,6.0,5,143.9319341719651,187.4310699109128,pobre,0,6,750.0,721.0,1.0,40.0,13,74,12322,6,0.0
98,1.0,0.0,3.572,1.0,6.0,5,143.9319341719651,187.4310699109128,pobre,0,6,750.0,721.0,1.0,40.0,14,74,12322,6,0.0
97,1.0,0.0,3.572,1.0,1.0,5,143.9319341719651,187.4310699109128,pobre,0,6,750.0,721.0,1.0,40.0,7,74,12323,1,1.0
98,1.0,0.0,3.572,1.0,2.0,5,143.9319341719651,187.4310699109128,pobre,0,6,750.0,721.0,1.0,40.0,8,74,12323,1,1.0
97,1.0,0.0,3.572,1.0,4.0,5,143.9319341719651,187.4310699109128,pobre,0,3,750.0,695.0,1.0,34.0,9,74,12324,4,1.0
98,1.0,0.0,3.572,1.0,5.0,5,143.9319341719651,187.4310699109128,pobre,0,3,750.0,695.0,1.0,34.0,10,74,12324,4,1.0
97,1.0,0.0,3.572,0.0,2.0,7,143.9319341719651,187.4310699109128,pobre,0,2,500.0,657.0,1.0,47.0,14,74,12325,2,0.0
98,1.0,0.0,3.572,,,7,143.9319341719651,187.4310699109128,pobre,0,2,500.0,657.0,1.0,47.0,15,74,12325,2,0.0
97,1.0,0.0,3.572,1.0,5.0,7,143.9319341719651,187.4310699109128,pobre,0,2,500.0,657.0,1.0,47.0,11,74,12326,5,1.0
98,1.0,0.0,3.572,1.0,6.0,7,143.9319341719651,187.4310699109128,pobre,0,2,500.0,657.0,1.0,47.0,12,74,12326,5,1.0
97,1.0,0.0,3.572,1.0,1.0,4,143.9319341719651,187.4310699109128,no pobre,0,6,625.0,759.0,1.0,33.0,7,74,12327,1,1.0
98,1.0,0.0,3.572,1.0,2.0,4,143.9319341719651,187.4310699109128,no pobre,0,6,625.0,759.0,1.0,33.0,8,74,12327,1,1.0
97,1.0,0.0,3.572,1.0,6.0,8,143.9319341719651,187.4310699109128,pobre,0,2,625.0,797.0,1.0,45.0,13,74,12328,6,1.0
98,1.0,0.0,3.572,1.0,6.0,8,143.9319341719651,187.4310699109128,pobre,0,2,625.0,797.0,1.0,45.0,14,74,12328,6,1.0
97,1.0,0.0,3.572,0.0,4.0,8,143.9319341719651,187.4310699109128,pobre,0,2,625.0,797.0,1.0,45.0,13,74,12329,4,0.0
98,1.0,0.0,3.572,0.0,4.0,8,143.9319341719651,187.4310699109128,pobre,0,2,625.0,797.0,1.0,45.0,14,74,12329,4,0.0
97,1.0,0.0,3.572,1.0,4.0,8,143.9319341719651,187.4310699109128,pobre,0,2,625.0,797.0,1.0,45.0,11,74,12330,4,1.0
98,1.0,0.0,3.572,1.0,5.0,8,143.9319341719651,187.4310699109128,pobre,0,2,625.0,797.0,1.0,45.0,12,74,12330,4,1.0
97,1.0,0.0,3.572,1.0,4.0,8,143.9319341719651,187.4310699109128,pobre,0,2,625.0,797.0,1.0,45.0,11,74,12331,4,1.0
98,1.0,0.0,3.572,1.0,5.0,8,143.9319341719651,187.4310699109128,pobre,0,2,625.0,797.0,1.0,45.0,12,74,12331,4,1.0
97,1.0,0.0,3.572,0.0,6.0,5,143.9319341719651,187.4310699109128,pobre,0,3,625.0,686.0,1.0,41.0,15,74,12332,6,0.0
98,1.0,0.0,3.572,,,5,143.9319341719651,187.4310699109128,pobre,0,3,625.0,686.0,1.0,41.0,16,74,12332,6,0.0
97,1.0,0.0,3.572,0.0,6.0,5,143.9319341719651,187.4310699109128,pobre,0,3,625.0,686.0,1.0,41.0,14,74,12333,6,0.0
98,1.0,0.0,3.572,0.0,6.0,5,143.9319341719651,187.4310699109128,pobre,0,3,625.0,686.0,1.0,41.0,15,74,12333,6,0.0
97,0.0,0.0,3.572,0.0,6.0,5,143.9319341719651,187.4310699109128,pobre,0,3,625.0,686.0,1.0,41.0,11,74,12334,6,0.0
98,0.0,0.0,3.572,0.0,6.0,5,143.9319341719651,187.4310699109128,pobre,0,3,625.0,686.0,1.0,41.0,12,74,12334,6,0.0
97,1.0,0.0,3.572,1.0,4.0,4,143.9319341719651,187.4310699109128,pobre,0,0,625.0,628.0,1.0,49.0,11,74,12335,4,1.0
98,1.0,0.0,3.572,1.0,5.0,4,143.9319341719651,187.4310699109128,pobre,0,0,625.0,628.0,1.0,49.0,12,74,12335,4,1.0
97,1.0,0.0,3.572,1.0,3.0,4,143.9319341719651,187.4310699109128,pobre,0,0,625.0,628.0,1.0,49.0,10,74,12336,3,1.0
98,1.0,0.0,3.572,1.0,4.0,4,143.9319341719651,187.4310699109128,pobre,0,0,625.0,628.0,1.0,49.0,11,74,12336,3,1.0
97,0.0,0.0,3.572,0.0,6.0,3,143.9319341719651,187.4310699109128,pobre,0,0,0.0,551.0,0.0,41.0,14,74,12337,6,0.0
98,0.0,0.0,3.572,0.0,6.0,3,143.9319341719651,187.4310699109128,pobre,0,0,0.0,551.0,0.0,41.0,15,74,12337,6,0.0
97,1.0,0.0,3.572,0.0,6.0,3,143.9319341719651,187.4310699109128,pobre,0,0,0.0,551.0,0.0,41.0,13,74,12338,6,0.0
98,1.0,0.0,3.572,0.0,6.0,3,143.9319341719651,187.4310699109128,pobre,0,0,0.0,551.0,0.0,41.0,14,74,12338,6,0.0
97,1.0,0.0,3.572,,0.0,3,143.9319341719651,187.4310699109128,pobre,0,0,0.0,729.83002,0.0,77.0,15,74,12339,0,
98,1.0,0.0,3.572,,,3,143.9319341719651,187.4310699109128,pobre,0,0,0.0,729.83002,0.0,77.0,16,74,12339,0,
97,1.0,0.0,3.572,0.0,6.0,6,143.9319341719651,187.4310699109128,no pobre,0,2,625.0,798.0,1.0,54.0,15,74,12340,6,0.0
98,1.0,0.0,3.572,,,6,143.9319341719651,187.4310699109128,no pobre,0,2,625.0,798.0,1.0,54.0,16,74,12340,6,0.0
97,1.0,0.0,3.572,0.0,6.0,5,143.9319341719651,187.4310699109128,pobre,0,0,0.0,505.0,0.0,35.0,15,74,12341,6,0.0
98,1.0,0.0,3.572,,,5,143.9319341719651,187.4310699109128,pobre,0,0,0.0,505.0,0.0,35.0,16,74,12341,6,0.0
97,1.0,0.0,3.572,1.0,5.0,5,143.9319341719651,187.4310699109128,pobre,0,0,0.0,505.0,0.0,35.0,14,74,12342,5,1.0
98,1.0,0.0,3.572,1.0,6.0,5,143.9319341719651,187.4310699109128,pobre,0,0,0.0,505.0,0.0,35.0,15,74,12342,5,1.0
97,1.0,0.0,3.572,1.0,4.0,5,143.9319341719651,187.4310699109128,pobre,0,0,0.0,505.0,0.0,35.0,13,74,12343,4,1.0
98,1.0,0.0,3.572,1.0,5.0,5,143.9319341719651,187.4310699109128,pobre,0,0,0.0,505.0,0.0,35.0,14,74,12343,4,1.0
97,0.0,0.0,3.572,1.0,4.0,5,143.9319341719651,187.4310699109128,pobre,0,0,0.0,505.0,0.0,35.0,11,74,12344,4,1.0
98,0.0,0.0,3.572,1.0,5.0,5,143.9319341719651,187.4310699109128,pobre,0,0,0.0,505.0,0.0,35.0,12,74,12344,4,1.0
97,0.0,0.0,3.572,0.0,6.0,5,143.9319341719651,187.4310699109128,pobre,0,0,625.0,719.0,1.0,37.0,14,74,12345,6,0.0
98,0.0,0.0,3.572,0.0,6.0,5,143.9319341719651,187.4310699109128,pobre,0,0,625.0,719.0,1.0,37.0,15,74,12345,6,0.0
97,0.0,0.0,3.572,0.0,6.0,5,143.9319341719651,187.4310699109128,pobre,0,0,625.0,719.0,1.0,37.0,13,74,12346,6,0.0
98,0.0,0.0,3.572,0.0,6.0,5,143.9319341719651,187.4310699109128,pobre,0,0,625.0,719.0,1.0,37.0,14,74,12346,6,0.0
97,1.0,0.0,3.572,0.0,6.0,8,143.9319341719651,187.4310699109128,no pobre,0,3,625.0,853.0,1.0,51.0,13,74,12347,6,0.0
98,1.0,0.0,3.572,1.0,7.0,8,143.9319341719651,187.4310699109128,no pobre,0,3,625.0,853.0,1.0,51.0,14,74,12347,6,0.0
97,1.0,0.0,3.572,0.0,6.0,10,143.9319341719651,187.4310699109128,pobre,0,0,750.0,770.0,1.0,46.0,16,74,12348,6,0.0
98,1.0,0.0,3.572,,,10,143.9319341719651,187.4310699109128,pobre,0,0,750.0,770.0,1.0,46.0,17,74,12348,6,0.0
97,0.0,0.0,3.572,0.0,6.0,10,143.9319341719651,187.4310699109128,pobre,0,0,750.0,770.0,1.0,46.0,13,74,12349,6,0.0
98,0.0,0.0,3.572,1.0,6.0,10,143.9319341719651,187.4310699109128,pobre,0,0,750.0,770.0,1.0,46.0,14,74,12349,6,0.0
97,0.0,0.0,3.572,1.0,5.0,10,143.9319341719651,187.4310699109128,pobre,0,0,750.0,770.0,1.0,46.0,12,74,12350,5,1.0
98,0.0,0.0,3.572,0.0,6.0,10,143.9319341719651,187.4310699109128,pobre,0,0,750.0,770.0,1.0,46.0,13,74,12350,5,1.0
97,1.0,0.0,3.572,1.0,5.0,10,143.9319341719651,187.4310699109128,pobre,0,0,750.0,770.0,1.0,46.0,10,74,12351,5,1.0
98,1.0,0.0,3.572,1.0,5.0,10,143.9319341719651,187.4310699109128,pobre,0,0,750.0,770.0,1.0,46.0,11,74,12351,5,1.0
97,1.0,0.0,3.572,1.0,2.0,10,143.9319341719651,187.4310699109128,pobre,0,0,750.0,770.0,1.0,46.0,8,74,12352,2,1.0
98,1.0,0.0,3.572,1.0,1.0,10,143.9319341719651,187.4310699109128,pobre,0,0,750.0,770.0,1.0,46.0,9,74,12352,2,1.0
97,0.0,0.0,3.572,1.0,5.0,5,143.9319341719651,187.4310699109128,no pobre,0,2,750.0,811.5,1.0,49.0,11,74,12353,5,1.0
98,0.0,0.0,3.572,0.0,6.0,5,143.9319341719651,187.4310699109128,no pobre,0,2,750.0,811.5,1.0,49.0,12,74,12353,5,1.0
97,1.0,0.0,3.572,1.0,3.0,5,143.9319341719651,187.4310699109128,no pobre,0,2,750.0,811.5,1.0,49.0,8,74,12354,3,1.0
98,1.0,0.0,3.572,1.0,4.0,5,143.9319341719651,187.4310699109128,no pobre,0,2,750.0,811.5,1.0,49.0,9,74,12354,3,1.0
97,1.0,0.0,3.572,1.0,3.0,7,143.9319341719651,187.4310699109128,pobre,0,2,750.0,593.0,1.0,33.0,10,74,12355,3,1.0
98,1.0,0.0,3.572,1.0,4.0,7,143.9319341719651,187.4310699109128,pobre,0,2,750.0,593.0,1.0,33.0,11,74,12355,3,1.0
97,1.0,0.0,3.572,1.0,2.0,7,143.9319341719651,187.4310699109128,pobre,0,2,750.0,593.0,1.0,33.0,7,74,12356,2,1.0
98,1.0,0.0,3.572,1.0,3.0,7,143.9319341719651,187.4310699109128,pobre,0,2,750.0,593.0,1.0,33.0,8,74,12356,2,1.0
97,1.0,0.0,3.572,1.0,3.0,4,143.9319341719651,187.4310699109128,pobre,0,2,750.0,706.0,1.0,30.0,8,74,12357,3,1.0
98,1.0,0.0,3.572,1.0,4.0,4,143.9319341719651,187.4310699109128,pobre,0,2,750.0,706.0,1.0,30.0,9,74,12357,3,1.0
97,0.0,0.0,3.572,1.0,5.0,6,143.9319341719651,187.4310699109128,pobre,0,1,500.0,683.62,1.0,46.0,12,74,12358,5,1.0
98,0.0,0.0,3.572,1.0,6.0,6,143.9319341719651,187.4310699109128,pobre,0,1,500.0,683.62,1.0,46.0,13,74,12358,5,1.0
97,1.0,0.0,3.572,1.0,5.0,6,143.9319341719651,187.4310699109128,pobre,0,1,500.0,683.62,1.0,46.0,10,74,12359,5,1.0
98,1.0,0.0,3.572,,,6,143.9319341719651,187.4310699109128,pobre,0,1,500.0,683.62,1.0,46.0,11,74,12359,5,1.0
97,0.0,0.0,3.572,1.0,2.0,6,143.9319341719651,187.4310699109128,pobre,0,1,500.0,683.62,1.0,46.0,8,74,12360,2,1.0
98,0.0,0.0,3.572,1.0,3.0,6,143.9319341719651,187.4310699109128,pobre,0,1,500.0,683.62,1.0,46.0,9,74,12360,2,1.0
97,0.0,0.0,3.572,1.0,1.0,7,143.9319341719651,187.4310699109128,pobre,0,1,0.0,760.5,1.0,70.0,7,74,12361,1,1.0
98,0.0,0.0,3.572,1.0,2.0,7,143.9319341719651,187.4310699109128,pobre,0,1,0.0,760.5,1.0,70.0,8,74,12361,1,1.0
97,1.0,0.0,3.572,1.0,0.0,7,143.9319341719651,187.4310699109128,pobre,0,1,0.0,760.5,1.0,70.0,6,74,12362,0,1.0
98,1.0,0.0,3.572,1.0,1.0,7,143.9319341719651,187.4310699109128,pobre,0,1,0.0,760.5,1.0,70.0,7,74,12362,0,1.0
97,1.0,0.0,3.572,0.0,6.0,7,143.9319341719651,187.4310699109128,pobre,0,2,750.0,604.0,1.0,58.0,14,74,12363,6,0.0
98,1.0,0.0,3.572,,,7,143.9319341719651,187.4310699109128,pobre,0,2,750.0,604.0,1.0,58.0,15,74,12363,6,0.0
97,1.0,0.0,3.572,1.0,4.0,7,143.9319341719651,187.4310699109128,pobre,0,2,750.0,604.0,1.0,58.0,12,74,12364,4,1.0
98,1.0,0.0,3.572,1.0,5.0,7,143.9319341719651,187.4310699109128,pobre,0,2,750.0,604.0,1.0,58.0,13,74,12364,4,1.0
97,1.0,0.0,3.572,1.0,3.0,7,143.9319341719651,187.4310699109128,pobre,0,2,750.0,604.0,1.0,58.0,9,74,12365,3,1.0
98,1.0,0.0,3.572,1.0,3.0,7,143.9319341719651,187.4310699109128,pobre,0,2,750.0,604.0,1.0,58.0,10,74,12365,3,1.0
97,1.0,0.0,3.572,0.0,6.0,4,143.9319341719651,187.4310699109128,pobre,0,2,750.0,771.0,1.0,62.0,15,74,12366,6,0.0
98,1.0,0.0,3.572,,,4,143.9319341719651,187.4310699109128,pobre,0,2,750.0,771.0,1.0,62.0,16,74,12366,6,0.0
97,1.0,0.0,3.572,1.0,2.0,6,143.9319341719651,187.4310699109128,no pobre,0,2,750.0,825.0,1.0,53.0,8,74,12367,2,1.0
98,1.0,0.0,3.572,1.0,3.0,6,143.9319341719651,187.4310699109128,no pobre,0,2,750.0,825.0,1.0,53.0,9,74,12367,2,1.0
97,0.0,0.0,3.572,1.0,1.0,4,143.9319341719651,187.4310699109128,pobre,0,3,750.0,626.70001,1.0,39.0,8,74,12368,1,1.0
98,0.0,0.0,3.572,1.0,2.0,4,143.9319341719651,187.4310699109128,pobre,0,3,750.0,626.70001,1.0,39.0,9,74,12368,1,1.0
97,0.0,0.0,6.2010002,1.0,3.0,9,130.4784009835297,130.4784009835297,pobre,basal,1,0.0,483.39999,1.0,33.0,12,8,12369,3,1.0
98,0.0,0.0,6.2010002,1.0,4.0,9,130.4784009835297,130.4784009835297,pobre,basal,1,0.0,483.39999,1.0,33.0,13,8,12369,3,1.0
97,1.0,0.0,6.2010002,1.0,2.0,9,130.4784009835297,130.4784009835297,pobre,basal,1,0.0,483.39999,1.0,33.0,11,8,12370,2,1.0
98,1.0,0.0,6.2010002,1.0,6.0,9,130.4784009835297,130.4784009835297,pobre,basal,1,0.0,483.39999,1.0,33.0,12,8,12370,2,1.0
97,0.0,0.0,6.2010002,1.0,1.0,9,130.4784009835297,130.4784009835297,pobre,basal,1,0.0,483.39999,1.0,33.0,9,8,12371,1,1.0
98,0.0,0.0,6.2010002,1.0,2.0,9,130.4784009835297,130.4784009835297,pobre,basal,1,0.0,483.39999,1.0,33.0,10,8,12371,1,1.0
97,0.0,0.0,6.2010002,1.0,0.0,9,130.4784009835297,130.4784009835297,pobre,basal,1,0.0,483.39999,1.0,33.0,6,8,12372,0,1.0
98,0.0,0.0,6.2010002,1.0,3.0,9,130.4784009835297,130.4784009835297,pobre,basal,1,0.0,483.39999,1.0,33.0,7,8,12372,0,1.0
97,0.0,0.0,0.0,0.0,6.0,7,155.0037002873992,210.2250334023131,pobre,basal,2,700.0,602.0,1.0,32.0,16,373,12373,6,0.0
98,0.0,0.0,0.0,,,7,155.0037002873992,210.2250334023131,pobre,basal,2,700.0,602.0,1.0,32.0,17,373,12373,6,0.0
97,1.0,0.0,0.0,1.0,4.0,7,155.0037002873992,210.2250334023131,pobre,basal,2,700.0,602.0,1.0,32.0,11,373,12374,4,1.0
98,1.0,0.0,0.0,1.0,5.0,7,155.0037002873992,210.2250334023131,pobre,basal,2,700.0,602.0,1.0,32.0,12,373,12374,4,1.0
97,1.0,0.0,0.0,1.0,1.0,7,155.0037002873992,210.2250334023131,pobre,basal,2,700.0,602.0,1.0,32.0,7,373,12375,1,1.0
98,1.0,0.0,0.0,1.0,2.0,7,155.0037002873992,210.2250334023131,pobre,basal,2,700.0,602.0,1.0,32.0,8,373,12375,1,1.0
97,1.0,0.0,0.0,0.0,4.0,12,155.0037002873992,210.2250334023131,pobre,basal,3,700.0,697.0,1.0,56.0,14,373,12376,4,0.0
98,1.0,0.0,0.0,0.0,6.0,12,155.0037002873992,210.2250334023131,pobre,basal,3,700.0,697.0,1.0,56.0,15,373,12376,4,0.0
97,1.0,0.0,0.0,1.0,0.0,12,155.0037002873992,210.2250334023131,pobre,basal,3,700.0,697.0,1.0,56.0,6,373,12377,0,1.0
98,1.0,0.0,0.0,1.0,1.0,12,155.0037002873992,210.2250334023131,pobre,basal,3,700.0,697.0,1.0,56.0,7,373,12377,0,1.0
97,1.0,0.0,0.0,1.0,1.0,12,155.0037002873992,210.2250334023131,pobre,basal,3,700.0,697.0,1.0,56.0,11,373,12378,1,1.0
98,1.0,0.0,0.0,1.0,1.0,12,155.0037002873992,210.2250334023131,pobre,basal,3,700.0,697.0,1.0,56.0,12,373,12378,1,1.0
97,1.0,0.0,0.0,0.0,6.0,7,155.0037002873992,210.2250334023131,pobre,basal,3,750.0,739.0,1.0,45.0,14,373,12379,6,0.0
98,1.0,0.0,0.0,0.0,6.0,7,155.0037002873992,210.2250334023131,pobre,basal,3,750.0,739.0,1.0,45.0,15,373,12379,6,0.0
97,0.0,0.0,0.0,1.0,4.0,7,155.0037002873992,210.2250334023131,pobre,basal,3,750.0,739.0,1.0,45.0,10,373,12380,4,1.0
98,0.0,0.0,0.0,1.0,5.0,7,155.0037002873992,210.2250334023131,pobre,basal,3,750.0,739.0,1.0,45.0,11,373,12380,4,1.0
97,1.0,0.0,0.0,1.0,1.0,6,155.0037002873992,210.2250334023131,pobre,basal,6,375.0,519.0,1.0,33.0,8,373,12381,1,1.0
98,1.0,0.0,0.0,1.0,2.0,6,155.0037002873992,210.2250334023131,pobre,basal,6,375.0,519.0,1.0,33.0,9,373,12381,1,1.0
97,1.0,0.0,0.0,0.0,6.0,12,155.0037002873992,210.2250334023131,pobre,basal,2,0.0,559.0,1.0,38.0,16,373,12382,6,0.0
98,1.0,0.0,0.0,,,12,155.0037002873992,210.2250334023131,pobre,basal,2,0.0,559.0,1.0,38.0,17,373,12382,6,0.0
97,1.0,0.0,0.0,0.0,5.0,12,155.0037002873992,210.2250334023131,pobre,basal,2,0.0,559.0,1.0,38.0,15,373,12383,5,0.0
98,1.0,0.0,0.0,0.0,5.0,12,155.0037002873992,210.2250334023131,pobre,basal,2,0.0,559.0,1.0,38.0,16,373,12383,5,0.0
97,0.0,0.0,0.0,1.0,5.0,12,155.0037002873992,210.2250334023131,pobre,basal,2,0.0,559.0,1.0,38.0,13,373,12384,5,1.0
98,0.0,0.0,0.0,1.0,6.0,12,155.0037002873992,210.2250334023131,pobre,basal,2,0.0,559.0,1.0,38.0,14,373,12384,5,1.0
97,1.0,0.0,0.0,,0.0,12,155.0037002873992,210.2250334023131,pobre,basal,2,0.0,559.0,1.0,38.0,11,373,12385,0,
98,1.0,0.0,0.0,1.0,6.0,12,155.0037002873992,210.2250334023131,pobre,basal,2,0.0,559.0,1.0,38.0,12,373,12385,0,
97,0.0,0.0,0.0,,0.0,12,155.0037002873992,210.2250334023131,pobre,basal,2,0.0,559.0,1.0,38.0,9,373,12386,0,
98,0.0,0.0,0.0,1.0,4.0,12,155.0037002873992,210.2250334023131,pobre,basal,2,0.0,559.0,1.0,38.0,10,373,12386,0,
97,0.0,0.0,0.0,,0.0,12,155.0037002873992,210.2250334023131,pobre,basal,2,0.0,559.0,1.0,38.0,7,373,12387,0,
98,0.0,0.0,0.0,1.0,2.0,12,155.0037002873992,210.2250334023131,pobre,basal,2,0.0,559.0,1.0,38.0,8,373,12387,0,
97,0.0,0.0,0.0,1.0,0.0,10,155.0037002873992,210.2250334023131,pobre,basal,1,375.0,547.0,1.0,36.0,6,373,12388,0,1.0
98,0.0,0.0,0.0,1.0,1.0,10,155.0037002873992,210.2250334023131,pobre,basal,1,375.0,547.0,1.0,36.0,7,373,12388,0,1.0
97,1.0,0.0,0.0,0.0,5.0,8,155.0037002873992,210.2250334023131,pobre,basal,3,500.0,548.0,1.0,37.0,15,373,12389,5,0.0
98,1.0,0.0,0.0,,,8,155.0037002873992,210.2250334023131,pobre,basal,3,500.0,548.0,1.0,37.0,16,373,12389,5,0.0
97,0.0,0.0,0.0,1.0,7.0,8,155.0037002873992,210.2250334023131,pobre,basal,3,500.0,548.0,1.0,37.0,14,373,12390,7,1.0
98,0.0,0.0,0.0,,,8,155.0037002873992,210.2250334023131,pobre,basal,3,500.0,548.0,1.0,37.0,15,373,12390,7,1.0
97,0.0,0.0,0.0,1.0,4.0,8,155.0037002873992,210.2250334023131,pobre,basal,3,500.0,548.0,1.0,37.0,10,373,12391,4,1.0
98,0.0,0.0,0.0,,,8,155.0037002873992,210.2250334023131,pobre,basal,3,500.0,548.0,1.0,37.0,11,373,12391,4,1.0
97,1.0,0.0,0.0,1.0,1.0,8,155.0037002873992,210.2250334023131,pobre,basal,3,500.0,548.0,1.0,37.0,7,373,12392,1,1.0
98,1.0,0.0,0.0,,,8,155.0037002873992,210.2250334023131,pobre,basal,3,500.0,548.0,1.0,37.0,8,373,12392,1,1.0
97,1.0,0.0,0.0,1.0,0.0,6,170.457647201448,195.279140182023,pobre,basal,3,0.0,670.0,1.0,30.0,6,372,12393,0,1.0
98,1.0,0.0,0.0,1.0,1.0,6,170.457647201448,195.279140182023,pobre,basal,3,0.0,670.0,1.0,30.0,7,372,12393,0,1.0
97,0.0,0.0,0.0,1.0,5.0,9,170.457647201448,195.279140182023,pobre,basal,4,0.0,534.0,1.0,42.0,13,372,12394,5,1.0
98,0.0,0.0,0.0,1.0,7.0,9,170.457647201448,195.279140182023,pobre,basal,4,0.0,534.0,1.0,42.0,14,372,12394,5,1.0
97,0.0,0.0,0.0,1.0,4.0,9,170.457647201448,195.279140182023,pobre,basal,4,0.0,534.0,1.0,42.0,11,372,12395,4,1.0
98,0.0,0.0,0.0,1.0,5.0,9,170.457647201448,195.279140182023,pobre,basal,4,0.0,534.0,1.0,42.0,12,372,12395,4,1.0
97,1.0,0.0,0.0,1.0,2.0,9,170.457647201448,195.279140182023,pobre,basal,4,0.0,534.0,1.0,42.0,9,372,12396,2,1.0
98,1.0,0.0,0.0,1.0,3.0,9,170.457647201448,195.279140182023,pobre,basal,4,0.0,534.0,1.0,42.0,10,372,12396,2,1.0
97,1.0,0.0,0.0,1.0,1.0,9,170.457647201448,195.279140182023,pobre,basal,4,0.0,534.0,1.0,42.0,8,372,12397,1,1.0
98,1.0,0.0,0.0,1.0,2.0,9,170.457647201448,195.279140182023,pobre,basal,4,0.0,534.0,1.0,42.0,9,372,12397,1,1.0
97,1.0,0.0,0.0,0.0,6.0,10,155.0037002873992,210.2250334023131,no pobre,basal,14,20.833334,891.0,1.0,54.0,14,373,12398,6,0.0
98,1.0,0.0,0.0,0.0,6.0,10,155.0037002873992,210.2250334023131,no pobre,basal,14,20.833334,891.0,1.0,54.0,15,373,12398,6,0.0
97,1.0,0.0,0.0,1.0,6.0,10,155.0037002873992,210.2250334023131,no pobre,basal,14,20.833334,891.0,1.0,54.0,13,373,12399,6,1.0
98,1.0,0.0,0.0,1.0,7.0,10,155.0037002873992,210.2250334023131,no pobre,basal,14,20.833334,891.0,1.0,54.0,14,373,12399,6,1.0
97,0.0,0.0,0.0,1.0,5.0,10,155.0037002873992,210.2250334023131,no pobre,basal,14,20.833334,891.0,1.0,54.0,11,373,12400,5,1.0
98,0.0,0.0,0.0,1.0,6.0,10,155.0037002873992,210.2250334023131,no pobre,basal,14,20.833334,891.0,1.0,54.0,12,373,12400,5,1.0
97,1.0,0.0,0.0,1.0,1.0,5,170.457647201448,195.279140182023,pobre,basal,0,0.0,652.0,1.0,25.0,7,372,12401,1,1.0
98,1.0,0.0,0.0,1.0,2.0,5,170.457647201448,195.279140182023,pobre,basal,0,0.0,652.0,1.0,25.0,8,372,12401,1,1.0
97,0.0,0.0,0.0,0.0,9.0,4,82.98141940423264,146.3419564621891,pobre,0,3,0.0,834.0,1.0,47.0,15,354,12402,9,0.0
98,0.0,0.0,0.0,0.0,9.0,4,82.98141940423264,146.3419564621891,pobre,0,3,0.0,834.0,1.0,47.0,16,354,12402,9,0.0
97,1.0,0.0,0.0,0.0,7.0,4,82.98141940423264,146.3419564621891,pobre,0,3,0.0,834.0,1.0,47.0,13,354,12403,7,0.0
98,1.0,0.0,0.0,0.0,8.0,4,82.98141940423264,146.3419564621891,pobre,0,3,0.0,834.0,1.0,47.0,14,354,12403,7,0.0
97,0.0,0.0,0.0,0.0,6.0,8,170.457647201448,195.279140182023,pobre,basal,4,800.0,729.0,1.0,37.0,16,372,12404,6,0.0
98,0.0,0.0,0.0,,,8,170.457647201448,195.279140182023,pobre,basal,4,800.0,729.0,1.0,37.0,17,372,12404,6,0.0
97,1.0,0.0,0.0,1.0,6.0,8,170.457647201448,195.279140182023,pobre,basal,4,800.0,729.0,1.0,37.0,13,372,12405,6,1.0
98,1.0,0.0,0.0,1.0,7.0,8,170.457647201448,195.279140182023,pobre,basal,4,800.0,729.0,1.0,37.0,14,372,12405,6,1.0
97,0.0,0.0,0.0,1.0,5.0,8,170.457647201448,195.279140182023,pobre,basal,4,800.0,729.0,1.0,37.0,12,372,12406,5,1.0
98,0.0,0.0,0.0,0.0,6.0,8,170.457647201448,195.279140182023,pobre,basal,4,800.0,729.0,1.0,37.0,13,372,12406,5,1.0
97,1.0,0.0,0.0,1.0,3.0,8,170.457647201448,195.279140182023,pobre,basal,4,800.0,729.0,1.0,37.0,10,372,12407,3,1.0
98,1.0,0.0,0.0,1.0,4.0,8,170.457647201448,195.279140182023,pobre,basal,4,800.0,729.0,1.0,37.0,11,372,12407,3,1.0
97,0.0,0.0,0.0,1.0,2.0,6,170.457647201448,195.279140182023,pobre,basal,2,3200.0,657.0,1.0,31.0,10,372,12408,2,1.0
98,0.0,0.0,0.0,1.0,3.0,6,170.457647201448,195.279140182023,pobre,basal,2,3200.0,657.0,1.0,31.0,11,372,12408,2,1.0
97,0.0,0.0,0.0,1.0,1.0,6,170.457647201448,195.279140182023,pobre,basal,2,3200.0,657.0,1.0,31.0,8,372,12409,1,1.0
98,0.0,0.0,0.0,1.0,2.0,6,170.457647201448,195.279140182023,pobre,basal,2,3200.0,657.0,1.0,31.0,9,372,12409,1,1.0
97,1.0,0.0,0.0,1.0,0.0,6,170.457647201448,195.279140182023,pobre,basal,2,3200.0,657.0,1.0,31.0,7,372,12410,0,1.0
98,1.0,0.0,0.0,1.0,1.0,6,170.457647201448,195.279140182023,pobre,basal,2,3200.0,657.0,1.0,31.0,8,372,12410,0,1.0
97,0.0,0.0,0.0,0.0,6.0,5,170.457647201448,195.279140182023,pobre,basal,2,575.0,679.0,1.0,56.0,16,372,12411,6,0.0
98,0.0,0.0,0.0,,,5,170.457647201448,195.279140182023,pobre,basal,2,575.0,679.0,1.0,56.0,17,372,12411,6,0.0
97,1.0,0.0,0.0,1.0,8.0,5,170.457647201448,195.279140182023,pobre,basal,1,875.0,712.0,1.0,47.0,14,372,12412,8,1.0
98,1.0,0.0,0.0,0.0,9.0,5,170.457647201448,195.279140182023,pobre,basal,1,875.0,712.0,1.0,47.0,15,372,12412,8,1.0
97,0.0,0.0,0.0,1.0,6.0,5,170.457647201448,195.279140182023,pobre,basal,1,875.0,712.0,1.0,47.0,13,372,12413,6,1.0
98,0.0,0.0,0.0,1.0,7.0,5,170.457647201448,195.279140182023,pobre,basal,1,875.0,712.0,1.0,47.0,14,372,12413,6,1.0
97,1.0,0.0,0.0,1.0,3.0,6,170.457647201448,195.279140182023,pobre,basal,3,875.0,695.0,1.0,38.0,12,372,12414,3,1.0
98,1.0,0.0,0.0,1.0,6.0,6,170.457647201448,195.279140182023,pobre,basal,3,875.0,695.0,1.0,38.0,13,372,12414,3,1.0
97,0.0,0.0,0.0,1.0,3.0,6,170.457647201448,195.279140182023,pobre,basal,3,875.0,695.0,1.0,38.0,11,372,12415,3,1.0
98,0.0,0.0,0.0,1.0,4.0,6,170.457647201448,195.279140182023,pobre,basal,3,875.0,695.0,1.0,38.0,12,372,12415,3,1.0
97,1.0,0.0,0.0,1.0,1.0,6,170.457647201448,195.279140182023,pobre,basal,3,875.0,695.0,1.0,38.0,6,372,12416,1,1.0
98,1.0,0.0,0.0,1.0,2.0,6,170.457647201448,195.279140182023,pobre,basal,3,875.0,695.0,1.0,38.0,7,372,12416,1,1.0
97,1.0,0.0,0.0,1.0,6.0,6,170.457647201448,195.279140182023,pobre,basal,2,800.0,778.0,1.0,72.0,14,372,12417,6,1.0
98,1.0,0.0,0.0,1.0,7.0,6,170.457647201448,195.279140182023,pobre,basal,2,800.0,778.0,1.0,72.0,15,372,12417,6,1.0
97,0.0,0.0,0.0,1.0,0.0,6,170.457647201448,195.279140182023,pobre,basal,2,800.0,778.0,1.0,72.0,6,372,12418,0,1.0
98,0.0,0.0,0.0,1.0,1.0,6,170.457647201448,195.279140182023,pobre,basal,2,800.0,778.0,1.0,72.0,7,372,12418,0,1.0
97,1.0,0.0,0.0,1.0,1.0,8,170.457647201448,195.279140182023,pobre,basal,3,800.0,459.0,1.0,41.0,15,372,12419,1,1.0
98,1.0,0.0,0.0,1.0,8.0,8,170.457647201448,195.279140182023,pobre,basal,3,800.0,459.0,1.0,41.0,16,372,12419,1,1.0
97,0.0,0.0,0.0,1.0,6.0,8,170.457647201448,195.279140182023,pobre,basal,3,800.0,459.0,1.0,41.0,13,372,12420,6,1.0
98,0.0,0.0,0.0,1.0,7.0,8,170.457647201448,195.279140182023,pobre,basal,3,800.0,459.0,1.0,41.0,14,372,12420,6,1.0
97,1.0,0.0,0.0,1.0,3.0,8,170.457647201448,195.279140182023,pobre,basal,3,800.0,459.0,1.0,41.0,10,372,12421,3,1.0
98,1.0,0.0,0.0,1.0,4.0,8,170.457647201448,195.279140182023,pobre,basal,3,800.0,459.0,1.0,41.0,11,372,12421,3,1.0
97,1.0,0.0,0.0,1.0,5.0,9,170.457647201448,195.279140182023,pobre,basal,1,800.0,744.0,1.0,46.0,10,372,12422,5,1.0
98,1.0,0.0,0.0,1.0,6.0,9,170.457647201448,195.279140182023,pobre,basal,1,800.0,744.0,1.0,46.0,11,372,12422,5,1.0
97,0.0,0.0,0.0,1.0,2.0,9,170.457647201448,195.279140182023,pobre,basal,1,800.0,744.0,1.0,46.0,9,372,12423,2,1.0
98,0.0,0.0,0.0,1.0,3.0,9,170.457647201448,195.279140182023,pobre,basal,1,800.0,744.0,1.0,46.0,10,372,12423,2,1.0
97,1.0,0.0,0.0,1.0,0.0,9,170.457647201448,195.279140182023,pobre,basal,1,800.0,744.0,1.0,46.0,8,372,12424,0,1.0
98,1.0,0.0,0.0,1.0,1.0,9,170.457647201448,195.279140182023,pobre,basal,1,800.0,744.0,1.0,46.0,9,372,12424,0,1.0
97,1.0,0.0,0.0,1.0,0.0,9,170.457647201448,195.279140182023,pobre,basal,1,800.0,744.0,1.0,46.0,7,372,12425,0,1.0
98,1.0,0.0,0.0,1.0,1.0,9,170.457647201448,195.279140182023,pobre,basal,1,800.0,744.0,1.0,46.0,8,372,12425,0,1.0
97,1.0,0.0,0.0,1.0,8.0,7,170.457647201448,195.279140182023,pobre,basal,4,1200.0,807.33331,1.0,44.0,15,372,12426,8,1.0
98,1.0,0.0,0.0,0.0,9.0,7,170.457647201448,195.279140182023,pobre,basal,4,1200.0,807.33331,1.0,44.0,16,372,12426,8,1.0
97,1.0,0.0,0.0,1.0,5.0,7,170.457647201448,195.279140182023,pobre,basal,4,1200.0,807.33331,1.0,44.0,13,372,12427,5,1.0
98,1.0,0.0,0.0,1.0,6.0,7,170.457647201448,195.279140182023,pobre,basal,4,1200.0,807.33331,1.0,44.0,14,372,12427,5,1.0
97,0.0,0.0,0.0,1.0,8.0,6,170.457647201448,195.279140182023,pobre,basal,5,0.0,777.0,0.0,86.0,15,372,12428,8,1.0
98,0.0,0.0,0.0,1.0,9.0,6,170.457647201448,195.279140182023,pobre,basal,5,0.0,777.0,0.0,86.0,16,372,12428,8,1.0
97,0.0,0.0,0.0,1.0,7.0,6,170.457647201448,195.279140182023,pobre,basal,5,0.0,777.0,0.0,86.0,13,372,12429,7,1.0
98,0.0,0.0,0.0,1.0,8.0,6,170.457647201448,195.279140182023,pobre,basal,5,0.0,777.0,0.0,86.0,14,372,12429,7,1.0
97,1.0,0.0,0.0,1.0,4.0,6,170.457647201448,195.279140182023,pobre,basal,8,14000.0,727.0,1.0,32.0,11,372,12430,4,1.0
98,1.0,0.0,0.0,1.0,6.0,6,170.457647201448,195.279140182023,pobre,basal,8,14000.0,727.0,1.0,32.0,12,372,12430,4,1.0
97,1.0,0.0,0.0,1.0,2.0,6,170.457647201448,195.279140182023,pobre,basal,8,14000.0,727.0,1.0,32.0,9,372,12431,2,1.0
98,1.0,0.0,0.0,1.0,4.0,6,170.457647201448,195.279140182023,pobre,basal,8,14000.0,727.0,1.0,32.0,10,372,12431,2,1.0
97,1.0,0.0,0.0,1.0,0.0,6,170.457647201448,195.279140182023,pobre,basal,8,14000.0,727.0,1.0,32.0,6,372,12432,0,1.0
98,1.0,0.0,0.0,1.0,2.0,6,170.457647201448,195.279140182023,pobre,basal,8,14000.0,727.0,1.0,32.0,7,372,12432,0,1.0
97,0.0,0.0,5.7329998,1.0,1.0,4,105.4431923435758,133.0496705108242,pobre,0,0,0.0,750.0,1.0,41.0,11,125,12433,1,1.0
98,0.0,0.0,5.7329998,0.0,1.0,4,105.4431923435758,133.0496705108242,pobre,0,0,0.0,750.0,1.0,41.0,12,125,12433,1,1.0
97,1.0,0.0,5.7329998,1.0,1.0,4,105.4431923435758,133.0496705108242,pobre,0,0,0.0,750.0,1.0,41.0,9,125,12434,1,1.0
98,1.0,0.0,5.7329998,1.0,1.0,4,105.4431923435758,133.0496705108242,pobre,0,0,0.0,750.0,1.0,41.0,10,125,12434,1,1.0
97,0.0,0.0,5.7329998,1.0,4.0,4,105.4431923435758,133.0496705108242,pobre,0,3,0.0,776.0,1.0,51.0,11,125,12435,4,1.0
98,0.0,0.0,5.7329998,1.0,6.0,4,105.4431923435758,133.0496705108242,pobre,0,3,0.0,776.0,1.0,51.0,12,125,12435,4,1.0
97,1.0,0.0,5.7329998,1.0,5.0,7,105.4431923435758,133.0496705108242,pobre,0,3,0.0,784.33099,1.0,50.0,13,125,12436,5,1.0
98,1.0,0.0,5.7329998,0.0,5.0,7,105.4431923435758,133.0496705108242,pobre,0,3,0.0,784.33099,1.0,50.0,14,125,12436,5,1.0
97,1.0,0.0,5.7329998,1.0,4.0,7,105.4431923435758,133.0496705108242,pobre,0,3,0.0,784.33099,1.0,50.0,12,125,12437,4,1.0
98,1.0,0.0,5.7329998,1.0,5.0,7,105.4431923435758,133.0496705108242,pobre,0,3,0.0,784.33099,1.0,50.0,13,125,12437,4,1.0
97,0.0,0.0,5.7329998,1.0,3.0,7,105.4431923435758,133.0496705108242,pobre,0,3,0.0,784.33099,1.0,50.0,11,125,12438,3,1.0
98,0.0,0.0,5.7329998,1.0,4.0,7,105.4431923435758,133.0496705108242,pobre,0,3,0.0,784.33099,1.0,50.0,12,125,12438,3,1.0
97,0.0,0.0,5.7329998,,0.0,7,105.4431923435758,133.0496705108242,pobre,0,3,0.0,784.33099,1.0,50.0,7,125,12439,0,
98,0.0,0.0,5.7329998,1.0,1.0,7,105.4431923435758,133.0496705108242,pobre,0,3,0.0,784.33099,1.0,50.0,8,125,12439,0,
97,0.0,0.0,5.7329998,,0.0,7,105.4431923435758,133.0496705108242,pobre,0,3,0.0,784.33099,1.0,50.0,7,125,12440,0,
98,0.0,0.0,5.7329998,1.0,1.0,7,105.4431923435758,133.0496705108242,pobre,0,3,0.0,784.33099,1.0,50.0,8,125,12440,0,
97,1.0,0.0,4.6750002,1.0,1.0,5,107.2294981532787,132.5457555070723,no pobre,basal,6,200.0,789.0,1.0,29.0,7,126,12441,1,1.0
98,1.0,0.0,4.6750002,1.0,2.0,5,107.2294981532787,132.5457555070723,no pobre,basal,6,200.0,789.0,1.0,29.0,8,126,12441,1,1.0
97,0.0,0.0,5.7329998,0.0,6.0,6,105.4431923435758,133.0496705108242,no pobre,0,3,875.0,784.0,1.0,38.0,16,125,12442,6,0.0
98,0.0,0.0,5.7329998,,,6,105.4431923435758,133.0496705108242,no pobre,0,3,875.0,784.0,1.0,38.0,17,125,12442,6,0.0
97,0.0,0.0,5.7329998,0.0,6.0,6,105.4431923435758,133.0496705108242,no pobre,0,3,875.0,784.0,1.0,38.0,15,125,12443,6,0.0
98,0.0,0.0,5.7329998,0.0,6.0,6,105.4431923435758,133.0496705108242,no pobre,0,3,875.0,784.0,1.0,38.0,16,125,12443,6,0.0
97,1.0,0.0,5.7329998,0.0,6.0,6,105.4431923435758,133.0496705108242,no pobre,0,3,875.0,784.0,1.0,38.0,13,125,12444,6,0.0
98,1.0,0.0,5.7329998,0.0,6.0,6,105.4431923435758,133.0496705108242,no pobre,0,3,875.0,784.0,1.0,38.0,14,125,12444,6,0.0
97,1.0,0.0,5.7329998,1.0,3.0,6,105.4431923435758,133.0496705108242,no pobre,0,3,875.0,784.0,1.0,38.0,11,125,12445,3,1.0
98,1.0,0.0,5.7329998,1.0,4.0,6,105.4431923435758,133.0496705108242,no pobre,0,3,875.0,784.0,1.0,38.0,12,125,12445,3,1.0
97,1.0,0.0,5.7329998,1.0,5.0,5,105.4431923435758,133.0496705108242,pobre,0,5,750.0,682.0,1.0,31.0,11,125,12446,5,1.0
98,1.0,0.0,5.7329998,1.0,6.0,5,105.4431923435758,133.0496705108242,pobre,0,5,750.0,682.0,1.0,31.0,12,125,12446,5,1.0
97,1.0,0.0,5.7329998,1.0,4.0,5,105.4431923435758,133.0496705108242,pobre,0,5,750.0,682.0,1.0,31.0,9,125,12447,4,1.0
98,1.0,0.0,5.7329998,1.0,5.0,5,105.4431923435758,133.0496705108242,pobre,0,5,750.0,682.0,1.0,31.0,10,125,12447,4,1.0
97,1.0,0.0,5.7329998,1.0,1.0,5,105.4431923435758,133.0496705108242,pobre,0,5,750.0,682.0,1.0,31.0,6,125,12448,1,1.0
98,1.0,0.0,5.7329998,1.0,2.0,5,105.4431923435758,133.0496705108242,pobre,0,5,750.0,682.0,1.0,31.0,7,125,12448,1,1.0
97,1.0,0.0,5.7329998,1.0,0.0,5,105.4431923435758,133.0496705108242,no pobre,0,6,1000.0,925.5,1.0,27.0,6,125,12449,0,1.0
98,1.0,0.0,5.7329998,1.0,1.0,5,105.4431923435758,133.0496705108242,no pobre,0,6,1000.0,925.5,1.0,27.0,7,125,12449,0,1.0
97,0.0,0.0,5.7329998,0.0,6.0,5,105.4431923435758,133.0496705108242,pobre,0,3,750.0,830.0,1.0,53.0,12,125,12450,6,0.0
98,0.0,0.0,5.7329998,0.0,6.0,5,105.4431923435758,133.0496705108242,pobre,0,3,750.0,830.0,1.0,53.0,13,125,12450,6,0.0
97,1.0,0.0,5.7329998,1.0,4.0,5,105.4431923435758,133.0496705108242,pobre,0,3,750.0,830.0,1.0,53.0,10,125,12451,4,1.0
98,1.0,0.0,5.7329998,1.0,5.0,5,105.4431923435758,133.0496705108242,pobre,0,3,750.0,830.0,1.0,53.0,11,125,12451,4,1.0
97,0.0,0.0,5.7329998,1.0,2.0,5,105.4431923435758,133.0496705108242,pobre,0,3,750.0,830.0,1.0,53.0,8,125,12452,2,1.0
98,0.0,0.0,5.7329998,1.0,3.0,5,105.4431923435758,133.0496705108242,pobre,0,3,750.0,830.0,1.0,53.0,9,125,12452,2,1.0
97,0.0,0.0,5.7329998,1.0,3.0,5,105.4431923435758,133.0496705108242,no pobre,0,2,750.0,884.0,1.0,31.0,9,125,12453,3,1.0
98,0.0,0.0,5.7329998,1.0,4.0,5,105.4431923435758,133.0496705108242,no pobre,0,2,750.0,884.0,1.0,31.0,10,125,12453,3,1.0
97,1.0,0.0,5.7329998,1.0,4.0,5,105.4431923435758,133.0496705108242,pobre,0,0,0.0,828.0,0.0,50.0,16,125,12454,4,1.0
98,1.0,0.0,5.7329998,0.0,5.0,5,105.4431923435758,133.0496705108242,pobre,0,0,0.0,828.0,0.0,50.0,17,125,12454,4,1.0
97,0.0,0.0,5.7329998,1.0,4.0,5,105.4431923435758,133.0496705108242,pobre,0,0,0.0,828.0,0.0,50.0,13,125,12455,4,1.0
98,0.0,0.0,5.7329998,0.0,5.0,5,105.4431923435758,133.0496705108242,pobre,0,0,0.0,828.0,0.0,50.0,14,125,12455,4,1.0
97,1.0,0.0,5.7329998,1.0,3.0,5,105.4431923435758,133.0496705108242,pobre,0,0,0.0,828.0,0.0,50.0,9,125,12456,3,1.0
98,1.0,0.0,5.7329998,1.0,4.0,5,105.4431923435758,133.0496705108242,pobre,0,0,0.0,828.0,0.0,50.0,10,125,12456,3,1.0
97,0.0,0.0,5.7329998,1.0,2.0,6,105.4431923435758,133.0496705108242,pobre,0,6,1000.0,683.0,1.0,26.0,8,125,12457,2,1.0
98,0.0,0.0,5.7329998,1.0,3.0,6,105.4431923435758,133.0496705108242,pobre,0,6,1000.0,683.0,1.0,26.0,9,125,12457,2,1.0
97,0.0,0.0,5.7329998,1.0,0.0,6,105.4431923435758,133.0496705108242,pobre,0,6,1000.0,683.0,1.0,26.0,6,125,12458,0,1.0
98,0.0,0.0,5.7329998,1.0,1.0,6,105.4431923435758,133.0496705108242,pobre,0,6,1000.0,683.0,1.0,26.0,7,125,12458,0,1.0
97,0.0,0.0,5.7329998,1.0,1.0,3,105.4431923435758,133.0496705108242,no pobre,0,2,750.0,1017.0,1.0,38.0,7,125,12459,1,1.0
98,0.0,0.0,5.7329998,1.0,2.0,3,105.4431923435758,133.0496705108242,no pobre,0,2,750.0,1017.0,1.0,38.0,8,125,12459,1,1.0
97,0.0,0.0,5.7329998,0.0,6.0,8,105.4431923435758,133.0496705108242,pobre,0,3,750.0,845.0,1.0,46.0,13,125,12460,6,0.0
98,0.0,0.0,5.7329998,,,8,105.4431923435758,133.0496705108242,pobre,0,3,750.0,845.0,1.0,46.0,14,125,12460,6,0.0
97,1.0,0.0,5.7329998,1.0,5.0,8,105.4431923435758,133.0496705108242,pobre,0,3,750.0,845.0,1.0,46.0,11,125,12461,5,1.0
98,1.0,0.0,5.7329998,0.0,6.0,8,105.4431923435758,133.0496705108242,pobre,0,3,750.0,845.0,1.0,46.0,12,125,12461,5,1.0
97,0.0,0.0,5.7329998,1.0,3.0,8,105.4431923435758,133.0496705108242,pobre,0,3,750.0,845.0,1.0,46.0,9,125,12462,3,1.0
98,0.0,0.0,5.7329998,1.0,4.0,8,105.4431923435758,133.0496705108242,pobre,0,3,750.0,845.0,1.0,46.0,10,125,12462,3,1.0
97,0.0,0.0,5.7329998,1.0,0.0,8,105.4431923435758,133.0496705108242,pobre,0,3,750.0,845.0,1.0,46.0,6,125,12463,0,1.0
98,0.0,0.0,5.7329998,1.0,1.0,8,105.4431923435758,133.0496705108242,pobre,0,3,750.0,845.0,1.0,46.0,7,125,12463,0,1.0
97,0.0,0.0,5.7329998,,0.0,8,105.4431923435758,133.0496705108242,pobre,0,3,750.0,845.0,1.0,46.0,6,125,12464,0,
98,0.0,0.0,5.7329998,1.0,1.0,8,105.4431923435758,133.0496705108242,pobre,0,3,750.0,845.0,1.0,46.0,7,125,12464,0,
97,0.0,0.0,5.7329998,0.0,5.0,8,105.4431923435758,133.0496705108242,pobre,0,3,750.0,787.0,1.0,49.0,16,125,12465,5,0.0
98,0.0,0.0,5.7329998,0.0,5.0,8,105.4431923435758,133.0496705108242,pobre,0,3,750.0,787.0,1.0,49.0,17,125,12465,5,0.0
97,0.0,0.0,5.7329998,0.0,6.0,8,105.4431923435758,133.0496705108242,pobre,0,3,750.0,787.0,1.0,49.0,14,125,12466,6,0.0
98,0.0,0.0,5.7329998,,,8,105.4431923435758,133.0496705108242,pobre,0,3,750.0,787.0,1.0,49.0,15,125,12466,6,0.0
97,1.0,0.0,5.7329998,1.0,3.0,8,105.4431923435758,133.0496705108242,pobre,0,3,750.0,787.0,1.0,49.0,12,125,12467,3,1.0
98,1.0,0.0,5.7329998,,,8,105.4431923435758,133.0496705108242,pobre,0,3,750.0,787.0,1.0,49.0,13,125,12467,3,1.0
97,1.0,0.0,5.7329998,1.0,1.0,8,105.4431923435758,133.0496705108242,pobre,0,3,750.0,787.0,1.0,49.0,8,125,12468,1,1.0
98,1.0,0.0,5.7329998,1.0,2.0,8,105.4431923435758,133.0496705108242,pobre,0,3,750.0,787.0,1.0,49.0,9,125,12468,1,1.0
97,1.0,0.0,5.7329998,,0.0,8,105.4431923435758,133.0496705108242,pobre,0,3,750.0,787.0,1.0,49.0,6,125,12469,0,
98,1.0,0.0,5.7329998,1.0,2.0,8,105.4431923435758,133.0496705108242,pobre,0,3,750.0,787.0,1.0,49.0,7,125,12469,0,
97,0.0,0.0,4.6750002,0.0,3.0,5,107.2294981532787,132.5457555070723,no pobre,basal,0,0.0,1134.5,0.0,56.0,16,126,12470,3,0.0
98,0.0,0.0,4.6750002,1.0,9.0,5,107.2294981532787,132.5457555070723,no pobre,basal,0,0.0,1134.5,0.0,56.0,17,126,12470,3,0.0
97,1.0,0.0,4.6750002,1.0,0.0,4,107.2294981532787,132.5457555070723,pobre,basal,4,750.0,942.0,1.0,34.0,7,126,12471,0,1.0
98,1.0,0.0,4.6750002,,,4,107.2294981532787,132.5457555070723,pobre,basal,4,750.0,942.0,1.0,34.0,8,126,12471,0,1.0
97,0.0,0.0,5.7329998,0.0,4.0,5,105.4431923435758,133.0496705108242,no pobre,0,3,750.0,945.0,1.0,38.0,14,125,12472,4,0.0
98,0.0,0.0,5.7329998,1.0,6.0,5,105.4431923435758,133.0496705108242,no pobre,0,3,750.0,945.0,1.0,38.0,15,125,12472,4,0.0
97,1.0,0.0,5.7329998,1.0,4.0,5,105.4431923435758,133.0496705108242,no pobre,0,3,750.0,945.0,1.0,38.0,11,125,12473,4,1.0
98,1.0,0.0,5.7329998,1.0,5.0,5,105.4431923435758,133.0496705108242,no pobre,0,3,750.0,945.0,1.0,38.0,12,125,12473,4,1.0
97,0.0,0.0,5.7329998,1.0,0.0,5,105.4431923435758,133.0496705108242,no pobre,0,2,6000.0,900.0,1.0,36.0,7,125,12474,0,1.0
98,0.0,0.0,5.7329998,1.0,1.0,5,105.4431923435758,133.0496705108242,no pobre,0,2,6000.0,900.0,1.0,36.0,8,125,12474,0,1.0
97,0.0,0.0,5.7329998,1.0,1.0,7,105.4431923435758,133.0496705108242,no pobre,0,3,1400.0,962.0,1.0,32.0,8,125,12475,1,1.0
98,0.0,0.0,5.7329998,,,7,105.4431923435758,133.0496705108242,no pobre,0,3,1400.0,962.0,1.0,32.0,9,125,12475,1,1.0
97,1.0,0.0,5.7329998,1.0,1.0,7,105.4431923435758,133.0496705108242,no pobre,0,3,1400.0,962.0,1.0,32.0,7,125,12476,1,1.0
98,1.0,0.0,5.7329998,,,7,105.4431923435758,133.0496705108242,no pobre,0,3,1400.0,962.0,1.0,32.0,8,125,12476,1,1.0
97,0.0,0.0,5.7329998,0.0,6.0,7,105.4431923435758,133.0496705108242,no pobre,0,3,1400.0,962.0,1.0,32.0,15,125,12477,6,0.0
98,0.0,0.0,5.7329998,,,7,105.4431923435758,133.0496705108242,no pobre,0,3,1400.0,962.0,1.0,32.0,16,125,12477,6,0.0
97,1.0,0.0,5.7329998,1.0,0.0,4,105.4431923435758,133.0496705108242,pobre,0,3,750.0,752.0,1.0,35.0,6,125,12478,0,1.0
98,1.0,0.0,5.7329998,1.0,2.0,4,105.4431923435758,133.0496705108242,pobre,0,3,750.0,752.0,1.0,35.0,7,125,12478,0,1.0
97,1.0,0.0,4.6750002,0.0,6.0,6,107.2294981532787,132.5457555070723,no pobre,basal,3,0.0,1121.0,1.0,51.0,15,126,12479,6,0.0
98,1.0,0.0,4.6750002,0.0,6.0,6,107.2294981532787,132.5457555070723,no pobre,basal,3,0.0,1121.0,1.0,51.0,16,126,12479,6,0.0
97,0.0,0.0,4.6750002,0.0,6.0,6,107.2294981532787,132.5457555070723,no pobre,basal,3,0.0,1121.0,1.0,51.0,13,126,12480,6,0.0
98,0.0,0.0,4.6750002,0.0,6.0,6,107.2294981532787,132.5457555070723,no pobre,basal,3,0.0,1121.0,1.0,51.0,14,126,12480,6,0.0
97,0.0,0.0,0.0,1.0,8.0,9,155.0037002873992,210.2250334023131,pobre,basal,0,575.0,407.0,1.0,33.0,14,373,12481,8,1.0
98,0.0,0.0,0.0,0.0,8.0,9,155.0037002873992,210.2250334023131,pobre,basal,0,575.0,407.0,1.0,33.0,15,373,12481,8,1.0
97,1.0,0.0,0.0,1.0,6.0,9,155.0037002873992,210.2250334023131,pobre,basal,0,575.0,407.0,1.0,33.0,12,373,12482,6,1.0
98,1.0,0.0,0.0,0.0,6.0,9,155.0037002873992,210.2250334023131,pobre,basal,0,575.0,407.0,1.0,33.0,13,373,12482,6,1.0
97,1.0,0.0,0.0,1.0,4.0,9,155.0037002873992,210.2250334023131,pobre,basal,0,575.0,407.0,1.0,33.0,10,373,12483,4,1.0
98,1.0,0.0,0.0,1.0,5.0,9,155.0037002873992,210.2250334023131,pobre,basal,0,575.0,407.0,1.0,33.0,11,373,12483,4,1.0
97,1.0,0.0,0.0,1.0,2.0,9,155.0037002873992,210.2250334023131,pobre,basal,0,575.0,407.0,1.0,33.0,8,373,12484,2,1.0
98,1.0,0.0,0.0,1.0,3.0,9,155.0037002873992,210.2250334023131,pobre,basal,0,575.0,407.0,1.0,33.0,9,373,12484,2,1.0
97,1.0,0.0,0.0,1.0,0.0,9,155.0037002873992,210.2250334023131,pobre,basal,0,575.0,407.0,1.0,33.0,7,373,12485,0,1.0
98,1.0,0.0,0.0,1.0,1.0,9,155.0037002873992,210.2250334023131,pobre,basal,0,575.0,407.0,1.0,33.0,8,373,12485,0,1.0
97,1.0,0.0,0.0,1.0,3.0,4,155.0037002873992,210.2250334023131,pobre,basal,6,280.0,830.0,1.0,47.0,9,373,12486,3,1.0
98,1.0,0.0,0.0,1.0,4.0,4,155.0037002873992,210.2250334023131,pobre,basal,6,280.0,830.0,1.0,47.0,10,373,12486,3,1.0
97,0.0,0.0,0.0,1.0,2.0,5,155.0037002873992,210.2250334023131,pobre,basal,0,720.0,718.0,1.0,35.0,9,373,12487,2,1.0
98,0.0,0.0,0.0,1.0,3.0,5,155.0037002873992,210.2250334023131,pobre,basal,0,720.0,718.0,1.0,35.0,10,373,12487,2,1.0
97,0.0,0.0,0.0,1.0,0.0,5,155.0037002873992,210.2250334023131,pobre,basal,0,720.0,718.0,1.0,35.0,6,373,12488,0,1.0
98,0.0,0.0,0.0,1.0,1.0,5,155.0037002873992,210.2250334023131,pobre,basal,0,720.0,718.0,1.0,35.0,7,373,12488,0,1.0
97,1.0,0.0,0.0,1.0,4.0,6,155.0037002873992,210.2250334023131,pobre,basal,0,575.0,421.0,1.0,30.0,11,373,12489,4,1.0
98,1.0,0.0,0.0,1.0,5.0,6,155.0037002873992,210.2250334023131,pobre,basal,0,575.0,421.0,1.0,30.0,12,373,12489,4,1.0
97,1.0,0.0,0.0,1.0,1.0,6,155.0037002873992,210.2250334023131,pobre,basal,0,575.0,421.0,1.0,30.0,9,373,12490,1,1.0
98,1.0,0.0,0.0,1.0,2.0,6,155.0037002873992,210.2250334023131,pobre,basal,0,575.0,421.0,1.0,30.0,10,373,12490,1,1.0
97,0.0,0.0,0.0,1.0,1.0,6,155.0037002873992,210.2250334023131,pobre,basal,0,575.0,421.0,1.0,30.0,6,373,12491,1,1.0
98,0.0,0.0,0.0,1.0,2.0,6,155.0037002873992,210.2250334023131,pobre,basal,0,575.0,421.0,1.0,30.0,7,373,12491,1,1.0
97,0.0,0.0,0.0,1.0,2.0,6,155.0037002873992,210.2250334023131,pobre,basal,4,900.0,415.0,1.0,29.0,9,373,12492,2,1.0
98,0.0,0.0,0.0,1.0,3.0,6,155.0037002873992,210.2250334023131,pobre,basal,4,900.0,415.0,1.0,29.0,10,373,12492,2,1.0
97,0.0,0.0,0.0,1.0,0.0,6,155.0037002873992,210.2250334023131,pobre,basal,4,900.0,415.0,1.0,29.0,7,373,12493,0,1.0
98,0.0,0.0,0.0,1.0,1.0,6,155.0037002873992,210.2250334023131,pobre,basal,4,900.0,415.0,1.0,29.0,8,373,12493,0,1.0
97,1.0,0.0,0.0,1.0,0.0,6,155.0037002873992,210.2250334023131,pobre,basal,4,900.0,415.0,1.0,29.0,6,373,12494,0,1.0
98,1.0,0.0,0.0,1.0,0.0,6,155.0037002873992,210.2250334023131,pobre,basal,4,900.0,415.0,1.0,29.0,7,373,12494,0,1.0
97,1.0,0.0,0.0,0.0,5.0,4,155.0037002873992,210.2250334023131,pobre,basal,0,400.0,770.33331,1.0,49.0,14,373,12495,5,0.0
98,1.0,0.0,0.0,,,4,155.0037002873992,210.2250334023131,pobre,basal,0,400.0,770.33331,1.0,49.0,15,373,12495,5,0.0
97,1.0,0.0,0.0,1.0,3.0,4,155.0037002873992,210.2250334023131,pobre,basal,0,575.0,784.0,1.0,43.0,11,373,12496,3,1.0
98,1.0,0.0,0.0,,,4,155.0037002873992,210.2250334023131,pobre,basal,0,575.0,784.0,1.0,43.0,12,373,12496,3,1.0
97,1.0,0.0,0.0,0.0,6.0,7,155.0037002873992,210.2250334023131,pobre,basal,3,575.0,375.0,1.0,33.0,13,373,12497,6,0.0
98,1.0,0.0,0.0,0.0,6.0,7,155.0037002873992,210.2250334023131,pobre,basal,3,575.0,375.0,1.0,33.0,14,373,12497,6,0.0
97,0.0,0.0,0.0,1.0,5.0,7,155.0037002873992,210.2250334023131,pobre,basal,3,575.0,375.0,1.0,33.0,12,373,12498,5,1.0
98,0.0,0.0,0.0,1.0,6.0,7,155.0037002873992,210.2250334023131,pobre,basal,3,575.0,375.0,1.0,33.0,13,373,12498,5,1.0
97,1.0,0.0,0.0,1.0,4.0,7,155.0037002873992,210.2250334023131,pobre,basal,3,575.0,375.0,1.0,33.0,10,373,12499,4,1.0
98,1.0,0.0,0.0,1.0,5.0,7,155.0037002873992,210.2250334023131,pobre,basal,3,575.0,375.0,1.0,33.0,11,373,12499,4,1.0
97,1.0,0.0,0.0,1.0,1.0,7,155.0037002873992,210.2250334023131,pobre,basal,3,575.0,375.0,1.0,33.0,8,373,12500,1,1.0
98,1.0,0.0,0.0,1.0,2.0,7,155.0037002873992,210.2250334023131,pobre,basal,3,575.0,375.0,1.0,33.0,9,373,12500,1,1.0
97,0.0,0.0,0.0,1.0,4.0,3,155.0037002873992,210.2250334023131,pobre,basal,0,1125.0,757.0,1.0,61.0,14,373,12501,4,1.0
98,0.0,0.0,0.0,1.0,5.0,3,155.0037002873992,210.2250334023131,pobre,basal,0,1125.0,757.0,1.0,61.0,15,373,12501,4,1.0
97,1.0,0.0,0.0,1.0,5.0,7,155.0037002873992,210.2250334023131,pobre,basal,1,575.0,807.33331,1.0,58.0,14,373,12502,5,1.0
98,1.0,0.0,0.0,1.0,6.0,7,155.0037002873992,210.2250334023131,pobre,basal,1,575.0,807.33331,1.0,58.0,15,373,12502,5,1.0
97,1.0,0.0,0.0,1.0,5.0,7,155.0037002873992,210.2250334023131,pobre,basal,1,575.0,807.33331,1.0,58.0,14,373,12503,5,1.0
98,1.0,0.0,0.0,1.0,6.0,7,155.0037002873992,210.2250334023131,pobre,basal,1,575.0,807.33331,1.0,58.0,15,373,12503,5,1.0
97,1.0,0.0,0.0,0.0,9.0,8,155.0037002873992,210.2250334023131,pobre,basal,2,875.0,778.0,1.0,59.0,16,373,12504,9,0.0
98,1.0,0.0,0.0,,,8,155.0037002873992,210.2250334023131,pobre,basal,2,875.0,778.0,1.0,59.0,17,373,12504,9,0.0
97,1.0,0.0,0.0,0.0,5.0,9,155.0037002873992,210.2250334023131,pobre,basal,2,700.0,590.0,1.0,39.0,14,373,12505,5,0.0
98,1.0,0.0,0.0,0.0,5.0,9,155.0037002873992,210.2250334023131,pobre,basal,2,700.0,590.0,1.0,39.0,15,373,12505,5,0.0
97,1.0,0.0,0.0,1.0,6.0,9,155.0037002873992,210.2250334023131,pobre,basal,2,700.0,590.0,1.0,39.0,12,373,12506,6,1.0
98,1.0,0.0,0.0,1.0,7.0,9,155.0037002873992,210.2250334023131,pobre,basal,2,700.0,590.0,1.0,39.0,13,373,12506,6,1.0
97,0.0,0.0,0.0,1.0,3.0,9,155.0037002873992,210.2250334023131,pobre,basal,2,700.0,590.0,1.0,39.0,9,373,12507,3,1.0
98,0.0,0.0,0.0,1.0,4.0,9,155.0037002873992,210.2250334023131,pobre,basal,2,700.0,590.0,1.0,39.0,10,373,12507,3,1.0
97,0.0,0.0,0.0,1.0,0.0,9,155.0037002873992,210.2250334023131,pobre,basal,2,700.0,590.0,1.0,39.0,6,373,12508,0,1.0
98,0.0,0.0,0.0,1.0,1.0,9,155.0037002873992,210.2250334023131,pobre,basal,2,700.0,590.0,1.0,39.0,7,373,12508,0,1.0
97,0.0,0.0,0.0,1.0,8.0,9,170.457647201448,195.279140182023,pobre,basal,3,4000.0,711.0,1.0,38.0,16,372,12509,8,1.0
98,0.0,0.0,0.0,,,9,170.457647201448,195.279140182023,pobre,basal,3,4000.0,711.0,1.0,38.0,17,372,12509,8,1.0
97,1.0,0.0,0.0,0.0,6.0,9,170.457647201448,195.279140182023,pobre,basal,3,4000.0,711.0,1.0,38.0,14,372,12510,6,0.0
98,1.0,0.0,0.0,0.0,6.0,9,170.457647201448,195.279140182023,pobre,basal,3,4000.0,711.0,1.0,38.0,15,372,12510,6,0.0
97,1.0,0.0,0.0,1.0,4.0,9,170.457647201448,195.279140182023,pobre,basal,3,4000.0,711.0,1.0,38.0,11,372,12511,4,1.0
98,1.0,0.0,0.0,1.0,5.0,9,170.457647201448,195.279140182023,pobre,basal,3,4000.0,711.0,1.0,38.0,12,372,12511,4,1.0
97,1.0,0.0,0.0,1.0,0.0,9,170.457647201448,195.279140182023,pobre,basal,3,4000.0,711.0,1.0,38.0,7,372,12512,0,1.0
98,1.0,0.0,0.0,1.0,1.0,9,170.457647201448,195.279140182023,pobre,basal,3,4000.0,711.0,1.0,38.0,8,372,12512,0,1.0
97,1.0,0.0,0.0,1.0,1.0,6,155.0037002873992,210.2250334023131,pobre,basal,2,500.0,540.0,1.0,30.0,9,373,12513,1,1.0
98,1.0,0.0,0.0,1.0,2.0,6,155.0037002873992,210.2250334023131,pobre,basal,2,500.0,540.0,1.0,30.0,10,373,12513,1,1.0
97,0.0,0.0,0.0,1.0,0.0,6,155.0037002873992,210.2250334023131,pobre,basal,2,500.0,540.0,1.0,30.0,6,373,12514,0,1.0
98,0.0,0.0,0.0,1.0,1.0,6,155.0037002873992,210.2250334023131,pobre,basal,2,500.0,540.0,1.0,30.0,7,373,12514,0,1.0
97,0.0,0.0,0.0,1.0,5.0,6,155.0037002873992,210.2250334023131,pobre,basal,5,500.0,634.0,1.0,34.0,12,373,12515,5,1.0
98,0.0,0.0,0.0,1.0,6.0,6,155.0037002873992,210.2250334023131,pobre,basal,5,500.0,634.0,1.0,34.0,13,373,12515,5,1.0
97,1.0,0.0,0.0,1.0,4.0,6,155.0037002873992,210.2250334023131,pobre,basal,5,500.0,634.0,1.0,34.0,10,373,12516,4,1.0
98,1.0,0.0,0.0,1.0,5.0,6,155.0037002873992,210.2250334023131,pobre,basal,5,500.0,634.0,1.0,34.0,11,373,12516,4,1.0
97,1.0,0.0,0.0,1.0,2.0,6,155.0037002873992,210.2250334023131,pobre,basal,5,500.0,634.0,1.0,34.0,8,373,12517,2,1.0
98,1.0,0.0,0.0,1.0,3.0,6,155.0037002873992,210.2250334023131,pobre,basal,5,500.0,634.0,1.0,34.0,9,373,12517,2,1.0
97,0.0,0.0,0.0,1.0,0.0,6,155.0037002873992,210.2250334023131,pobre,basal,5,500.0,634.0,1.0,34.0,6,373,12518,0,1.0
98,0.0,0.0,0.0,1.0,1.0,6,155.0037002873992,210.2250334023131,pobre,basal,5,500.0,634.0,1.0,34.0,7,373,12518,0,1.0
97,0.0,0.0,0.0,1.0,1.0,4,155.0037002873992,210.2250334023131,pobre,basal,3,750.0,696.0,1.0,27.0,7,373,12519,1,1.0
98,0.0,0.0,0.0,1.0,2.0,4,155.0037002873992,210.2250334023131,pobre,basal,3,750.0,696.0,1.0,27.0,8,373,12519,1,1.0
97,1.0,0.0,0.0,0.0,6.0,12,155.0037002873992,210.2250334023131,pobre,basal,0,16.666666,723.0,1.0,57.0,13,373,12520,6,0.0
98,1.0,0.0,0.0,1.0,6.0,12,155.0037002873992,210.2250334023131,pobre,basal,0,16.666666,723.0,1.0,57.0,14,373,12520,6,0.0
97,1.0,0.0,0.0,1.0,4.0,12,155.0037002873992,210.2250334023131,pobre,basal,0,16.666666,723.0,1.0,57.0,10,373,12521,4,1.0
98,1.0,0.0,0.0,1.0,5.0,12,155.0037002873992,210.2250334023131,pobre,basal,0,16.666666,723.0,1.0,57.0,11,373,12521,4,1.0
97,1.0,0.0,0.0,1.0,4.0,7,155.0037002873992,210.2250334023131,pobre,basal,3,500.0,767.0,1.0,40.0,10,373,12522,4,1.0
98,1.0,0.0,0.0,1.0,5.0,7,155.0037002873992,210.2250334023131,pobre,basal,3,500.0,767.0,1.0,40.0,11,373,12522,4,1.0
97,1.0,0.0,0.0,1.0,2.0,7,155.0037002873992,210.2250334023131,pobre,basal,3,500.0,767.0,1.0,40.0,9,373,12523,2,1.0
98,1.0,0.0,0.0,1.0,2.0,7,155.0037002873992,210.2250334023131,pobre,basal,3,500.0,767.0,1.0,40.0,10,373,12523,2,1.0
97,1.0,0.0,0.0,1.0,1.0,5,155.0037002873992,210.2250334023131,pobre,basal,5,375.0,557.0,1.0,29.0,7,373,12524,1,1.0
98,1.0,0.0,0.0,1.0,2.0,5,155.0037002873992,210.2250334023131,pobre,basal,5,375.0,557.0,1.0,29.0,8,373,12524,1,1.0
97,0.0,0.0,0.0,0.0,5.0,6,155.0037002873992,210.2250334023131,pobre,basal,0,375.0,653.0,1.0,50.0,14,373,12525,5,0.0
98,0.0,0.0,0.0,0.0,5.0,6,155.0037002873992,210.2250334023131,pobre,basal,0,375.0,653.0,1.0,50.0,15,373,12525,5,0.0
97,0.0,0.0,0.0,1.0,5.0,6,155.0037002873992,210.2250334023131,pobre,basal,0,375.0,653.0,1.0,50.0,12,373,12526,5,1.0
98,0.0,0.0,0.0,0.0,6.0,6,155.0037002873992,210.2250334023131,pobre,basal,0,375.0,653.0,1.0,50.0,13,373,12526,5,1.0
97,1.0,0.0,0.0,1.0,2.0,6,155.0037002873992,210.2250334023131,pobre,basal,0,375.0,653.0,1.0,50.0,10,373,12527,2,1.0
98,1.0,0.0,0.0,1.0,2.0,6,155.0037002873992,210.2250334023131,pobre,basal,0,375.0,653.0,1.0,50.0,11,373,12527,2,1.0
97,0.0,0.0,0.0,1.0,0.0,6,155.0037002873992,210.2250334023131,pobre,basal,0,375.0,653.0,1.0,50.0,7,373,12528,0,1.0
98,0.0,0.0,0.0,1.0,1.0,6,155.0037002873992,210.2250334023131,pobre,basal,0,375.0,653.0,1.0,50.0,8,373,12528,0,1.0
97,0.0,0.0,0.0,1.0,0.0,7,155.0037002873992,210.2250334023131,pobre,basal,3,375.0,479.0,1.0,26.0,7,373,12529,0,1.0
98,0.0,0.0,0.0,0.0,2.0,7,155.0037002873992,210.2250334023131,pobre,basal,3,375.0,479.0,1.0,26.0,8,373,12529,0,1.0
97,0.0,0.0,0.0,1.0,0.0,7,155.0037002873992,210.2250334023131,pobre,basal,3,375.0,479.0,1.0,26.0,6,373,12530,0,1.0
98,0.0,0.0,0.0,1.0,1.0,7,155.0037002873992,210.2250334023131,pobre,basal,3,375.0,479.0,1.0,26.0,7,373,12530,0,1.0
97,1.0,0.0,0.0,1.0,4.0,9,155.0037002873992,210.2250334023131,pobre,basal,2,1000.0,496.0,1.0,32.0,12,373,12531,4,1.0
98,1.0,0.0,0.0,1.0,5.0,9,155.0037002873992,210.2250334023131,pobre,basal,2,1000.0,496.0,1.0,32.0,13,373,12531,4,1.0
97,0.0,0.0,0.0,1.0,2.0,9,155.0037002873992,210.2250334023131,pobre,basal,2,1000.0,496.0,1.0,32.0,10,373,12532,2,1.0
98,0.0,0.0,0.0,1.0,3.0,9,155.0037002873992,210.2250334023131,pobre,basal,2,1000.0,496.0,1.0,32.0,11,373,12532,2,1.0
97,0.0,0.0,0.0,1.0,2.0,9,155.0037002873992,210.2250334023131,pobre,basal,2,1000.0,496.0,1.0,32.0,9,373,12533,2,1.0
98,0.0,0.0,0.0,1.0,3.0,9,155.0037002873992,210.2250334023131,pobre,basal,2,1000.0,496.0,1.0,32.0,10,373,12533,2,1.0
97,0.0,0.0,0.0,1.0,0.0,9,155.0037002873992,210.2250334023131,pobre,basal,2,1000.0,496.0,1.0,32.0,6,373,12534,0,1.0
98,0.0,0.0,0.0,1.0,1.0,9,155.0037002873992,210.2250334023131,pobre,basal,2,1000.0,496.0,1.0,32.0,7,373,12534,0,1.0
97,1.0,0.0,0.0,0.0,6.0,8,155.0037002873992,210.2250334023131,pobre,basal,0,375.0,716.66669,1.0,53.0,15,373,12535,6,0.0
98,1.0,0.0,0.0,0.0,6.0,8,155.0037002873992,210.2250334023131,pobre,basal,0,375.0,716.66669,1.0,53.0,16,373,12535,6,0.0
97,0.0,0.0,0.0,1.0,5.0,8,155.0037002873992,210.2250334023131,pobre,basal,0,375.0,716.66669,1.0,53.0,11,373,12536,5,1.0
98,0.0,0.0,0.0,1.0,6.0,8,155.0037002873992,210.2250334023131,pobre,basal,0,375.0,716.66669,1.0,53.0,12,373,12536,5,1.0
97,1.0,0.0,0.0,0.0,4.0,8,155.0037002873992,210.2250334023131,pobre,basal,0,700.0,501.66666,1.0,45.0,14,373,12537,4,0.0
98,1.0,0.0,0.0,1.0,9.0,8,155.0037002873992,210.2250334023131,pobre,basal,0,700.0,501.66666,1.0,45.0,15,373,12537,4,0.0
97,0.0,0.0,0.0,0.0,6.0,8,155.0037002873992,210.2250334023131,pobre,basal,0,700.0,501.66666,1.0,45.0,15,373,12538,6,0.0
98,0.0,0.0,0.0,0.0,6.0,8,155.0037002873992,210.2250334023131,pobre,basal,0,700.0,501.66666,1.0,45.0,16,373,12538,6,0.0
97,0.0,0.0,0.0,1.0,4.0,8,155.0037002873992,210.2250334023131,pobre,basal,0,700.0,501.66666,1.0,45.0,11,373,12539,4,1.0
98,0.0,0.0,0.0,1.0,5.0,8,155.0037002873992,210.2250334023131,pobre,basal,0,700.0,501.66666,1.0,45.0,12,373,12539,4,1.0
97,1.0,0.0,0.0,1.0,0.0,8,155.0037002873992,210.2250334023131,pobre,basal,0,700.0,501.66666,1.0,45.0,8,373,12540,0,1.0
98,1.0,0.0,0.0,1.0,3.0,8,155.0037002873992,210.2250334023131,pobre,basal,0,700.0,501.66666,1.0,45.0,9,373,12540,0,1.0
97,1.0,0.0,0.0,0.0,6.0,6,155.0037002873992,210.2250334023131,pobre,basal,0,0.0,733.40002,1.0,52.0,14,373,12541,6,0.0
98,1.0,0.0,0.0,1.0,6.0,6,155.0037002873992,210.2250334023131,pobre,basal,0,0.0,733.40002,1.0,52.0,15,373,12541,6,0.0
97,1.0,0.0,0.0,0.0,6.0,6,155.0037002873992,210.2250334023131,pobre,basal,0,0.0,733.40002,1.0,52.0,13,373,12542,6,0.0
98,1.0,0.0,0.0,1.0,7.0,6,155.0037002873992,210.2250334023131,pobre,basal,0,0.0,733.40002,1.0,52.0,14,373,12542,6,0.0
97,1.0,0.0,0.0,0.0,9.0,8,155.0037002873992,210.2250334023131,pobre,basal,3,375.0,768.66669,1.0,54.0,15,373,12543,9,0.0
98,1.0,0.0,0.0,,,8,155.0037002873992,210.2250334023131,pobre,basal,3,375.0,768.66669,1.0,54.0,16,373,12543,9,0.0
97,0.0,0.0,0.0,,4.0,2,155.0037002873992,210.2250334023131,pobre,basal,5,1000.0,669.0,1.0,22.0,16,373,12544,4,
98,0.0,0.0,0.0,,,2,155.0037002873992,210.2250334023131,pobre,basal,5,1000.0,669.0,1.0,22.0,17,373,12544,4,
97,0.0,0.0,0.0,1.0,9.0,6,67.72794258129804,180.2667626121013,no pobre,basal,0,750.0,977.0,1.0,51.0,15,353,12545,9,1.0
98,0.0,0.0,0.0,,,6,67.72794258129804,180.2667626121013,no pobre,basal,0,750.0,977.0,1.0,51.0,16,353,12545,9,1.0
97,1.0,0.0,0.0,1.0,5.0,6,67.72794258129804,180.2667626121013,no pobre,basal,0,750.0,977.0,1.0,51.0,12,353,12546,5,1.0
98,1.0,0.0,0.0,1.0,6.0,6,67.72794258129804,180.2667626121013,no pobre,basal,0,750.0,977.0,1.0,51.0,13,353,12546,5,1.0
97,0.0,0.0,0.0,1.0,6.0,8,155.0037002873992,210.2250334023131,pobre,basal,3,375.0,773.66669,1.0,48.0,15,373,12547,6,1.0
98,0.0,0.0,0.0,1.0,7.0,8,155.0037002873992,210.2250334023131,pobre,basal,3,375.0,773.66669,1.0,48.0,16,373,12547,6,1.0
97,1.0,0.0,0.0,1.0,4.0,8,155.0037002873992,210.2250334023131,pobre,basal,3,375.0,773.66669,1.0,48.0,10,373,12548,4,1.0
98,1.0,0.0,0.0,1.0,5.0,8,155.0037002873992,210.2250334023131,pobre,basal,3,375.0,773.66669,1.0,48.0,11,373,12548,4,1.0
97,0.0,0.0,0.0,1.0,1.0,8,155.0037002873992,210.2250334023131,pobre,basal,3,375.0,773.66669,1.0,48.0,7,373,12549,1,1.0
98,0.0,0.0,0.0,1.0,2.0,8,155.0037002873992,210.2250334023131,pobre,basal,3,375.0,773.66669,1.0,48.0,8,373,12549,1,1.0
97,1.0,0.0,0.0,0.0,2.0,4,155.0037002873992,210.2250334023131,pobre,basal,0,375.0,762.0,1.0,46.0,16,373,12550,2,0.0
98,1.0,0.0,0.0,,,4,155.0037002873992,210.2250334023131,pobre,basal,0,375.0,762.0,1.0,46.0,17,373,12550,2,0.0
97,0.0,0.0,0.0,1.0,6.0,4,155.0037002873992,210.2250334023131,pobre,basal,0,375.0,762.0,1.0,46.0,12,373,12551,6,1.0
98,0.0,0.0,0.0,1.0,7.0,4,155.0037002873992,210.2250334023131,pobre,basal,0,375.0,762.0,1.0,46.0,13,373,12551,6,1.0
97,0.0,0.0,0.0,1.0,7.0,9,155.0037002873992,210.2250334023131,pobre,basal,0,500.0,710.5,1.0,58.0,13,373,12552,7,1.0
98,0.0,0.0,0.0,1.0,6.0,9,155.0037002873992,210.2250334023131,pobre,basal,0,500.0,710.5,1.0,58.0,14,373,12552,7,1.0
97,1.0,0.0,0.0,0.0,4.0,9,155.0037002873992,210.2250334023131,pobre,basal,0,500.0,710.5,1.0,58.0,14,373,12553,4,0.0
98,1.0,0.0,0.0,0.0,3.0,9,155.0037002873992,210.2250334023131,pobre,basal,0,500.0,710.5,1.0,58.0,15,373,12553,4,0.0
97,0.0,0.0,0.0,1.0,3.0,9,155.0037002873992,210.2250334023131,pobre,basal,0,500.0,710.5,1.0,58.0,9,373,12554,3,1.0
98,0.0,0.0,0.0,1.0,2.0,9,155.0037002873992,210.2250334023131,pobre,basal,0,500.0,710.5,1.0,58.0,10,373,12554,3,1.0
97,0.0,0.0,0.0,1.0,6.0,9,155.0037002873992,210.2250334023131,pobre,basal,3,375.0,751.0,1.0,42.0,13,373,12555,6,1.0
98,0.0,0.0,0.0,0.0,6.0,9,155.0037002873992,210.2250334023131,pobre,basal,3,375.0,751.0,1.0,42.0,14,373,12555,6,1.0
97,1.0,0.0,0.0,1.0,2.0,9,155.0037002873992,210.2250334023131,pobre,basal,3,375.0,751.0,1.0,42.0,8,373,12556,2,1.0
98,1.0,0.0,0.0,1.0,3.0,9,155.0037002873992,210.2250334023131,pobre,basal,3,375.0,751.0,1.0,42.0,9,373,12556,2,1.0
97,1.0,0.0,0.0,0.0,3.0,13,155.0037002873992,210.2250334023131,pobre,basal,2,375.0,687.5,1.0,41.0,16,373,12557,3,0.0
98,1.0,0.0,0.0,,,13,155.0037002873992,210.2250334023131,pobre,basal,2,375.0,687.5,1.0,41.0,17,373,12557,3,0.0
97,1.0,0.0,0.0,0.0,5.0,13,155.0037002873992,210.2250334023131,pobre,basal,2,375.0,687.5,1.0,41.0,14,373,12558,5,0.0
98,1.0,0.0,0.0,0.0,3.0,13,155.0037002873992,210.2250334023131,pobre,basal,2,375.0,687.5,1.0,41.0,15,373,12558,5,0.0
97,1.0,0.0,0.0,1.0,6.0,13,155.0037002873992,210.2250334023131,pobre,basal,2,375.0,687.5,1.0,41.0,12,373,12559,6,1.0
98,1.0,0.0,0.0,1.0,7.0,13,155.0037002873992,210.2250334023131,pobre,basal,2,375.0,687.5,1.0,41.0,13,373,12559,6,1.0
97,1.0,0.0,0.0,1.0,5.0,13,155.0037002873992,210.2250334023131,pobre,basal,2,375.0,687.5,1.0,41.0,10,373,12560,5,1.0
98,1.0,0.0,0.0,1.0,6.0,13,155.0037002873992,210.2250334023131,pobre,basal,2,375.0,687.5,1.0,41.0,11,373,12560,5,1.0
97,1.0,0.0,0.0,1.0,1.0,13,155.0037002873992,210.2250334023131,pobre,basal,2,375.0,687.5,1.0,41.0,7,373,12561,1,1.0
98,1.0,0.0,0.0,1.0,2.0,13,155.0037002873992,210.2250334023131,pobre,basal,2,375.0,687.5,1.0,41.0,8,373,12561,1,1.0
97,1.0,0.0,0.0,0.0,5.0,5,155.0037002873992,210.2250334023131,pobre,basal,0,375.0,649.66669,1.0,61.0,15,373,12562,5,0.0
98,1.0,0.0,0.0,0.0,5.0,5,155.0037002873992,210.2250334023131,pobre,basal,0,375.0,649.66669,1.0,61.0,16,373,12562,5,0.0
97,0.0,0.0,0.0,1.0,3.0,5,155.0037002873992,210.2250334023131,pobre,basal,0,375.0,649.66669,1.0,61.0,10,373,12563,3,1.0
98,0.0,0.0,0.0,1.0,5.0,5,155.0037002873992,210.2250334023131,pobre,basal,0,375.0,649.66669,1.0,61.0,11,373,12563,3,1.0
97,0.0,0.0,0.0,1.0,7.0,7,170.457647201448,195.279140182023,pobre,basal,3,0.0,712.0,1.0,37.0,15,372,12564,7,1.0
98,0.0,0.0,0.0,1.0,8.0,7,170.457647201448,195.279140182023,pobre,basal,3,0.0,712.0,1.0,37.0,16,372,12564,7,1.0
97,0.0,0.0,0.0,1.0,3.0,7,170.457647201448,195.279140182023,pobre,basal,3,0.0,712.0,1.0,37.0,11,372,12565,3,1.0
98,0.0,0.0,0.0,1.0,4.0,7,170.457647201448,195.279140182023,pobre,basal,3,0.0,712.0,1.0,37.0,12,372,12565,3,1.0
97,1.0,0.0,0.0,1.0,3.0,7,170.457647201448,195.279140182023,pobre,basal,3,0.0,712.0,1.0,37.0,10,372,12566,3,1.0
98,1.0,0.0,0.0,1.0,4.0,7,170.457647201448,195.279140182023,pobre,basal,3,0.0,712.0,1.0,37.0,11,372,12566,3,1.0
97,1.0,0.0,0.0,1.0,2.0,8,170.457647201448,195.279140182023,pobre,basal,7,0.0,589.0,1.0,30.0,9,372,12567,2,1.0
98,1.0,0.0,0.0,1.0,3.0,8,170.457647201448,195.279140182023,pobre,basal,7,0.0,589.0,1.0,30.0,10,372,12567,2,1.0
97,1.0,0.0,0.0,1.0,1.0,8,170.457647201448,195.279140182023,pobre,basal,7,0.0,589.0,1.0,30.0,8,372,12568,1,1.0
98,1.0,0.0,0.0,1.0,2.0,8,170.457647201448,195.279140182023,pobre,basal,7,0.0,589.0,1.0,30.0,9,372,12568,1,1.0
97,0.0,0.0,0.0,1.0,1.0,8,170.457647201448,195.279140182023,pobre,basal,7,0.0,589.0,1.0,30.0,7,372,12569,1,1.0
98,0.0,0.0,0.0,1.0,2.0,8,170.457647201448,195.279140182023,pobre,basal,7,0.0,589.0,1.0,30.0,8,372,12569,1,1.0
97,0.0,0.0,0.0,1.0,0.0,8,170.457647201448,195.279140182023,pobre,basal,7,0.0,589.0,1.0,30.0,6,372,12570,0,1.0
98,0.0,0.0,0.0,1.0,1.0,8,170.457647201448,195.279140182023,pobre,basal,7,0.0,589.0,1.0,30.0,7,372,12570,0,1.0
97,0.0,0.0,0.0,1.0,6.0,5,170.457647201448,195.279140182023,pobre,basal,1,0.0,675.0,1.0,35.0,12,372,12571,6,1.0
98,0.0,0.0,0.0,1.0,7.0,5,170.457647201448,195.279140182023,pobre,basal,1,0.0,675.0,1.0,35.0,13,372,12571,6,1.0
97,1.0,0.0,0.0,1.0,4.0,5,170.457647201448,195.279140182023,pobre,basal,1,0.0,675.0,1.0,35.0,10,372,12572,4,1.0
98,1.0,0.0,0.0,1.0,5.0,5,170.457647201448,195.279140182023,pobre,basal,1,0.0,675.0,1.0,35.0,11,372,12572,4,1.0
97,1.0,0.0,0.0,1.0,2.0,5,170.457647201448,195.279140182023,pobre,basal,1,0.0,675.0,1.0,35.0,9,372,12573,2,1.0
98,1.0,0.0,0.0,1.0,3.0,5,170.457647201448,195.279140182023,pobre,basal,1,0.0,675.0,1.0,35.0,10,372,12573,2,1.0
97,0.0,0.0,0.0,1.0,6.0,6,170.457647201448,195.279140182023,pobre,basal,1,50.0,816.0,1.0,50.0,12,372,12574,6,1.0
98,0.0,0.0,0.0,0.0,6.0,6,170.457647201448,195.279140182023,pobre,basal,1,50.0,816.0,1.0,50.0,13,372,12574,6,1.0
97,1.0,0.0,0.0,1.0,3.0,6,170.457647201448,195.279140182023,pobre,basal,1,50.0,816.0,1.0,50.0,10,372,12575,3,1.0
98,1.0,0.0,0.0,1.0,4.0,6,170.457647201448,195.279140182023,pobre,basal,1,50.0,816.0,1.0,50.0,11,372,12575,3,1.0
97,0.0,0.0,0.0,1.0,5.0,7,170.457647201448,195.279140182023,pobre,basal,3,0.0,728.0,1.0,33.0,12,372,12576,5,1.0
98,0.0,0.0,0.0,1.0,6.0,7,170.457647201448,195.279140182023,pobre,basal,3,0.0,728.0,1.0,33.0,13,372,12576,5,1.0
97,0.0,0.0,0.0,1.0,4.0,7,170.457647201448,195.279140182023,pobre,basal,3,0.0,728.0,1.0,33.0,10,372,12577,4,1.0
98,0.0,0.0,0.0,1.0,5.0,7,170.457647201448,195.279140182023,pobre,basal,3,0.0,728.0,1.0,33.0,11,372,12577,4,1.0
97,1.0,0.0,0.0,1.0,0.0,7,170.457647201448,195.279140182023,pobre,basal,3,0.0,728.0,1.0,33.0,6,372,12578,0,1.0
98,1.0,0.0,0.0,1.0,1.0,7,170.457647201448,195.279140182023,pobre,basal,3,0.0,728.0,1.0,33.0,7,372,12578,0,1.0
97,0.0,0.0,0.0,1.0,8.0,6,155.0037002873992,210.2250334023131,pobre,basal,15,875.0,825.0,1.0,42.0,14,373,12579,8,1.0
98,0.0,0.0,0.0,0.0,9.0,6,155.0037002873992,210.2250334023131,pobre,basal,15,875.0,825.0,1.0,42.0,15,373,12579,8,1.0
97,1.0,0.0,0.0,1.0,1.0,6,155.0037002873992,210.2250334023131,pobre,basal,15,875.0,825.0,1.0,42.0,7,373,12580,1,1.0
98,1.0,0.0,0.0,1.0,2.0,6,155.0037002873992,210.2250334023131,pobre,basal,15,875.0,825.0,1.0,42.0,8,373,12580,1,1.0
97,1.0,0.0,0.0,1.0,5.0,8,82.98141940423264,146.3419564621891,pobre,0,0,0.0,716.0,1.0,56.0,15,354,12581,5,1.0
98,1.0,0.0,0.0,0.0,6.0,8,82.98141940423264,146.3419564621891,pobre,0,0,0.0,716.0,1.0,56.0,16,354,12581,5,1.0
97,0.0,0.0,0.0,0.0,6.0,8,82.98141940423264,146.3419564621891,pobre,0,0,0.0,716.0,1.0,56.0,14,354,12582,6,0.0
98,0.0,0.0,0.0,0.0,6.0,8,82.98141940423264,146.3419564621891,pobre,0,0,0.0,716.0,1.0,56.0,15,354,12582,6,0.0
97,1.0,0.0,0.0,1.0,3.0,8,82.98141940423264,146.3419564621891,pobre,0,0,0.0,716.0,1.0,56.0,12,354,12583,3,1.0
98,1.0,0.0,0.0,1.0,4.0,8,82.98141940423264,146.3419564621891,pobre,0,0,0.0,716.0,1.0,56.0,13,354,12583,3,1.0
97,1.0,0.0,0.0,1.0,1.0,8,82.98141940423264,146.3419564621891,pobre,0,0,0.0,716.0,1.0,56.0,9,354,12584,1,1.0
98,1.0,0.0,0.0,1.0,2.0,8,82.98141940423264,146.3419564621891,pobre,0,0,0.0,716.0,1.0,56.0,10,354,12584,1,1.0
97,1.0,0.0,0.0,1.0,6.0,6,82.98141940423264,146.3419564621891,pobre,0,3,0.0,624.0,1.0,34.0,12,354,12585,6,1.0
98,1.0,0.0,0.0,1.0,7.0,6,82.98141940423264,146.3419564621891,pobre,0,3,0.0,624.0,1.0,34.0,13,354,12585,6,1.0
97,1.0,0.0,0.0,1.0,4.0,6,82.98141940423264,146.3419564621891,pobre,0,3,0.0,624.0,1.0,34.0,10,354,12586,4,1.0
98,1.0,0.0,0.0,1.0,5.0,6,82.98141940423264,146.3419564621891,pobre,0,3,0.0,624.0,1.0,34.0,11,354,12586,4,1.0
97,1.0,0.0,0.0,1.0,1.0,6,82.98141940423264,146.3419564621891,pobre,0,3,0.0,624.0,1.0,34.0,8,354,12587,1,1.0
98,1.0,0.0,0.0,1.0,2.0,6,82.98141940423264,146.3419564621891,pobre,0,3,0.0,624.0,1.0,34.0,9,354,12587,1,1.0
97,1.0,0.0,0.0,1.0,3.0,6,82.98141940423264,146.3419564621891,pobre,0,4,625.0,501.0,1.0,31.0,9,354,12588,3,1.0
98,1.0,0.0,0.0,1.0,4.0,6,82.98141940423264,146.3419564621891,pobre,0,4,625.0,501.0,1.0,31.0,10,354,12588,3,1.0
97,0.0,0.0,0.0,1.0,2.0,6,82.98141940423264,146.3419564621891,pobre,0,4,625.0,501.0,1.0,31.0,8,354,12589,2,1.0
98,0.0,0.0,0.0,1.0,3.0,6,82.98141940423264,146.3419564621891,pobre,0,4,625.0,501.0,1.0,31.0,9,354,12589,2,1.0
97,1.0,0.0,0.0,1.0,4.0,3,82.98141940423264,146.3419564621891,no pobre,0,2,0.0,915.0,1.0,66.0,10,354,12590,4,1.0
98,1.0,0.0,0.0,,,3,82.98141940423264,146.3419564621891,no pobre,0,2,0.0,915.0,1.0,66.0,11,354,12590,4,1.0
97,1.0,0.0,0.0,0.0,6.0,6,82.98141940423264,146.3419564621891,pobre,0,9,0.0,789.0,1.0,39.0,13,354,12591,6,0.0
98,1.0,0.0,0.0,1.0,7.0,6,82.98141940423264,146.3419564621891,pobre,0,9,0.0,789.0,1.0,39.0,14,354,12591,6,0.0
97,1.0,0.0,0.0,1.0,5.0,6,82.98141940423264,146.3419564621891,pobre,0,9,0.0,789.0,1.0,39.0,11,354,12592,5,1.0
98,1.0,0.0,0.0,1.0,6.0,6,82.98141940423264,146.3419564621891,pobre,0,9,0.0,789.0,1.0,39.0,12,354,12592,5,1.0
97,0.0,0.0,0.0,1.0,4.0,6,82.98141940423264,146.3419564621891,pobre,0,9,0.0,789.0,1.0,39.0,10,354,12593,4,1.0
98,0.0,0.0,0.0,1.0,5.0,6,82.98141940423264,146.3419564621891,pobre,0,9,0.0,789.0,1.0,39.0,11,354,12593,4,1.0
97,0.0,0.0,0.0,1.0,1.0,6,82.98141940423264,146.3419564621891,pobre,0,9,0.0,789.0,1.0,39.0,7,354,12594,1,1.0
98,0.0,0.0,0.0,1.0,2.0,6,82.98141940423264,146.3419564621891,pobre,0,9,0.0,789.0,1.0,39.0,8,354,12594,1,1.0
97,0.0,0.0,0.0,1.0,3.0,7,82.98141940423264,146.3419564621891,no pobre,0,3,0.0,881.0,1.0,52.0,10,354,12595,3,1.0
98,0.0,0.0,0.0,1.0,4.0,7,82.98141940423264,146.3419564621891,no pobre,0,3,0.0,881.0,1.0,52.0,11,354,12595,3,1.0
97,0.0,0.0,0.0,1.0,2.0,7,82.98141940423264,146.3419564621891,no pobre,0,3,0.0,881.0,1.0,52.0,8,354,12596,2,1.0
98,0.0,0.0,0.0,1.0,3.0,7,82.98141940423264,146.3419564621891,no pobre,0,3,0.0,881.0,1.0,52.0,9,354,12596,2,1.0
97,0.0,0.0,0.0,1.0,4.0,6,82.98141940423264,146.3419564621891,pobre,0,9,0.0,675.0,1.0,37.0,11,354,12597,4,1.0
98,0.0,0.0,0.0,1.0,5.0,6,82.98141940423264,146.3419564621891,pobre,0,9,0.0,675.0,1.0,37.0,12,354,12597,4,1.0
97,1.0,0.0,0.0,1.0,2.0,6,82.98141940423264,146.3419564621891,pobre,0,9,0.0,675.0,1.0,37.0,8,354,12598,2,1.0
98,1.0,0.0,0.0,1.0,3.0,6,82.98141940423264,146.3419564621891,pobre,0,9,0.0,675.0,1.0,37.0,9,354,12598,2,1.0
97,0.0,0.0,0.0,1.0,1.0,6,82.98141940423264,146.3419564621891,pobre,0,9,0.0,675.0,1.0,37.0,7,354,12599,1,1.0
98,0.0,0.0,0.0,1.0,2.0,6,82.98141940423264,146.3419564621891,pobre,0,9,0.0,675.0,1.0,37.0,8,354,12599,1,1.0
97,0.0,0.0,0.0,1.0,5.0,4,82.98141940423264,146.3419564621891,no pobre,0,6,0.0,867.0,1.0,35.0,10,354,12600,5,1.0
98,0.0,0.0,0.0,1.0,6.0,4,82.98141940423264,146.3419564621891,no pobre,0,6,0.0,867.0,1.0,35.0,11,354,12600,5,1.0
97,1.0,0.0,0.0,1.0,6.0,6,82.98141940423264,146.3419564621891,pobre,0,2,0.0,667.0,1.0,40.0,13,354,12601,6,1.0
98,1.0,0.0,0.0,1.0,7.0,6,82.98141940423264,146.3419564621891,pobre,0,2,0.0,667.0,1.0,40.0,14,354,12601,6,1.0
97,0.0,0.0,0.0,1.0,4.0,6,82.98141940423264,146.3419564621891,pobre,0,2,0.0,667.0,1.0,40.0,11,354,12602,4,1.0
98,0.0,0.0,0.0,1.0,5.0,6,82.98141940423264,146.3419564621891,pobre,0,2,0.0,667.0,1.0,40.0,12,354,12602,4,1.0
97,0.0,0.0,0.0,1.0,2.0,6,82.98141940423264,146.3419564621891,pobre,0,2,0.0,667.0,1.0,40.0,8,354,12603,2,1.0
98,0.0,0.0,0.0,1.0,3.0,6,82.98141940423264,146.3419564621891,pobre,0,2,0.0,667.0,1.0,40.0,9,354,12603,2,1.0
97,1.0,0.0,0.0,1.0,0.0,9,82.98141940423264,146.3419564621891,pobre,0,2,4800.0,795.0,1.0,53.0,6,354,12604,0,1.0
98,1.0,0.0,0.0,1.0,1.0,9,82.98141940423264,146.3419564621891,pobre,0,2,4800.0,795.0,1.0,53.0,7,354,12604,0,1.0
97,1.0,0.0,0.0,0.0,6.0,9,82.98141940423264,146.3419564621891,no pobre,0,3,0.0,929.5,1.0,49.0,14,354,12605,6,0.0
98,1.0,0.0,0.0,0.0,6.0,9,82.98141940423264,146.3419564621891,no pobre,0,3,0.0,929.5,1.0,49.0,15,354,12605,6,0.0
97,1.0,0.0,0.0,1.0,7.0,10,67.72794258129804,180.2667626121013,pobre,basal,2,500.0,767.33331,1.0,48.0,16,353,12606,7,1.0
98,1.0,0.0,0.0,,,10,67.72794258129804,180.2667626121013,pobre,basal,2,500.0,767.33331,1.0,48.0,17,353,12606,7,1.0
97,0.0,0.0,0.0,1.0,7.0,10,67.72794258129804,180.2667626121013,pobre,basal,2,500.0,767.33331,1.0,48.0,13,353,12607,7,1.0
98,0.0,0.0,0.0,0.0,8.0,10,67.72794258129804,180.2667626121013,pobre,basal,2,500.0,767.33331,1.0,48.0,14,353,12607,7,1.0
97,1.0,0.0,0.0,1.0,0.0,10,67.72794258129804,180.2667626121013,pobre,basal,2,500.0,767.33331,1.0,48.0,7,353,12608,0,1.0
98,1.0,0.0,0.0,1.0,1.0,10,67.72794258129804,180.2667626121013,pobre,basal,2,500.0,767.33331,1.0,48.0,8,353,12608,0,1.0
97,0.0,0.0,0.0,1.0,2.0,3,67.72794258129804,180.2667626121013,no pobre,basal,6,875.0,867.0,1.0,30.0,9,353,12609,2,1.0
98,0.0,0.0,0.0,1.0,3.0,3,67.72794258129804,180.2667626121013,no pobre,basal,6,875.0,867.0,1.0,30.0,10,353,12609,2,1.0
97,0.0,0.0,0.0,1.0,2.0,4,67.72794258129804,180.2667626121013,pobre,basal,0,0.0,794.0,1.0,69.0,8,353,12610,2,1.0
98,0.0,0.0,0.0,1.0,3.0,4,67.72794258129804,180.2667626121013,pobre,basal,0,0.0,794.0,1.0,69.0,9,353,12610,2,1.0
97,0.0,0.0,0.0,0.0,9.0,9,67.72794258129804,180.2667626121013,pobre,basal,0,0.0,775.0,1.0,50.0,16,353,12611,9,0.0
98,0.0,0.0,0.0,,,9,67.72794258129804,180.2667626121013,pobre,basal,0,0.0,775.0,1.0,50.0,17,353,12611,9,0.0
97,0.0,0.0,0.0,1.0,8.0,9,67.72794258129804,180.2667626121013,pobre,basal,0,0.0,775.0,1.0,50.0,14,353,12612,8,1.0
98,0.0,0.0,0.0,1.0,10.0,9,67.72794258129804,180.2667626121013,pobre,basal,0,0.0,775.0,1.0,50.0,15,353,12612,8,1.0
97,0.0,0.0,0.0,1.0,6.0,9,67.72794258129804,180.2667626121013,pobre,basal,0,0.0,775.0,1.0,50.0,12,353,12613,6,1.0
98,0.0,0.0,0.0,1.0,7.0,9,67.72794258129804,180.2667626121013,pobre,basal,0,0.0,775.0,1.0,50.0,13,353,12613,6,1.0
97,0.0,0.0,0.0,1.0,5.0,9,67.72794258129804,180.2667626121013,pobre,basal,0,0.0,775.0,1.0,50.0,11,353,12614,5,1.0
98,0.0,0.0,0.0,1.0,6.0,9,67.72794258129804,180.2667626121013,pobre,basal,0,0.0,775.0,1.0,50.0,12,353,12614,5,1.0
97,0.0,0.0,0.0,1.0,5.0,5,67.72794258129804,180.2667626121013,no pobre,basal,6,33.333332,864.0,1.0,37.0,11,353,12615,5,1.0
98,0.0,0.0,0.0,1.0,6.0,5,67.72794258129804,180.2667626121013,no pobre,basal,6,33.333332,864.0,1.0,37.0,12,353,12615,5,1.0
97,1.0,0.0,0.0,1.0,2.0,5,67.72794258129804,180.2667626121013,no pobre,basal,6,33.333332,864.0,1.0,37.0,8,353,12616,2,1.0
98,1.0,0.0,0.0,1.0,3.0,5,67.72794258129804,180.2667626121013,no pobre,basal,6,33.333332,864.0,1.0,37.0,9,353,12616,2,1.0
97,0.0,0.0,0.0,1.0,0.0,5,67.72794258129804,180.2667626121013,no pobre,basal,6,33.333332,864.0,1.0,37.0,6,353,12617,0,1.0
98,0.0,0.0,0.0,1.0,1.0,5,67.72794258129804,180.2667626121013,no pobre,basal,6,33.333332,864.0,1.0,37.0,7,353,12617,0,1.0
97,0.0,1.0,2.563,1.0,3.0,7,118.5273439236456,138.9132056886692,pobre,0,3,625.0,547.0,1.0,28.0,10,208,12618,3,1.0
98,0.0,1.0,2.563,1.0,4.0,7,118.5273439236456,138.9132056886692,pobre,0,3,625.0,547.0,1.0,28.0,11,208,12618,3,1.0
97,0.0,1.0,2.563,1.0,7.0,5,118.5273439236456,138.9132056886692,pobre,0,0,625.0,722.0,1.0,58.0,14,208,12619,7,1.0
98,0.0,1.0,2.563,1.0,8.0,5,118.5273439236456,138.9132056886692,pobre,0,0,625.0,722.0,1.0,58.0,15,208,12619,7,1.0
97,0.0,1.0,2.563,1.0,2.0,5,118.5273439236456,138.9132056886692,pobre,0,0,625.0,722.0,1.0,58.0,8,208,12620,2,1.0
98,0.0,1.0,2.563,1.0,3.0,5,118.5273439236456,138.9132056886692,pobre,0,0,625.0,722.0,1.0,58.0,9,208,12620,2,1.0
97,1.0,1.0,2.563,1.0,8.0,6,118.5273439236456,138.9132056886692,pobre,0,2,625.0,761.0,1.0,38.0,15,208,12621,8,1.0
98,1.0,1.0,2.563,0.0,9.0,6,118.5273439236456,138.9132056886692,pobre,0,2,625.0,761.0,1.0,38.0,16,208,12621,8,1.0
97,0.0,1.0,2.563,1.0,5.0,6,118.5273439236456,138.9132056886692,pobre,0,2,625.0,761.0,1.0,38.0,11,208,12622,5,1.0
98,0.0,1.0,2.563,0.0,6.0,6,118.5273439236456,138.9132056886692,pobre,0,2,625.0,761.0,1.0,38.0,12,208,12622,5,1.0
97,0.0,1.0,2.563,0.0,4.0,6,118.5273439236456,138.9132056886692,pobre,0,2,625.0,756.0,1.0,44.0,16,208,12623,4,0.0
98,0.0,1.0,2.563,,,6,118.5273439236456,138.9132056886692,pobre,0,2,625.0,756.0,1.0,44.0,17,208,12623,4,0.0
97,0.0,1.0,2.563,1.0,4.0,6,118.5273439236456,138.9132056886692,pobre,0,2,625.0,756.0,1.0,44.0,11,208,12624,4,1.0
98,0.0,1.0,2.563,1.0,5.0,6,118.5273439236456,138.9132056886692,pobre,0,2,625.0,756.0,1.0,44.0,12,208,12624,4,1.0
97,0.0,1.0,2.563,0.0,0.0,6,118.5273439236456,138.9132056886692,pobre,0,2,625.0,756.0,1.0,44.0,7,208,12625,0,0.0
98,0.0,1.0,2.563,1.0,1.0,6,118.5273439236456,138.9132056886692,pobre,0,2,625.0,756.0,1.0,44.0,8,208,12625,0,0.0
97,0.0,0.0,2.563,1.0,3.0,6,118.5273439236456,138.9132056886692,pobre,0,5,0.0,832.29999,1.0,42.0,9,208,12626,3,1.0
98,0.0,0.0,2.563,1.0,4.0,6,118.5273439236456,138.9132056886692,pobre,0,5,0.0,832.29999,1.0,42.0,10,208,12626,3,1.0
97,0.0,0.0,2.563,1.0,1.0,6,118.5273439236456,138.9132056886692,pobre,0,5,0.0,832.29999,1.0,42.0,8,208,12627,1,1.0
98,0.0,0.0,2.563,1.0,2.0,6,118.5273439236456,138.9132056886692,pobre,0,5,0.0,832.29999,1.0,42.0,9,208,12627,1,1.0
97,1.0,0.0,2.563,1.0,1.0,6,118.5273439236456,138.9132056886692,pobre,0,5,0.0,832.29999,1.0,42.0,7,208,12628,1,1.0
98,1.0,0.0,2.563,1.0,2.0,6,118.5273439236456,138.9132056886692,pobre,0,5,0.0,832.29999,1.0,42.0,8,208,12628,1,1.0
97,0.0,0.0,2.563,1.0,0.0,6,118.5273439236456,138.9132056886692,pobre,0,5,0.0,832.29999,1.0,42.0,6,208,12629,0,1.0
98,0.0,0.0,2.563,1.0,1.0,6,118.5273439236456,138.9132056886692,pobre,0,5,0.0,832.29999,1.0,42.0,7,208,12629,0,1.0
97,0.0,1.0,2.563,1.0,5.0,8,118.5273439236456,138.9132056886692,pobre,0,0,625.0,773.0,1.0,40.0,15,208,12630,5,1.0
98,0.0,1.0,2.563,,,8,118.5273439236456,138.9132056886692,pobre,0,0,625.0,773.0,1.0,40.0,16,208,12630,5,1.0
97,1.0,1.0,2.563,1.0,3.0,8,118.5273439236456,138.9132056886692,pobre,0,0,625.0,773.0,1.0,40.0,12,208,12631,3,1.0
98,1.0,1.0,2.563,,,8,118.5273439236456,138.9132056886692,pobre,0,0,625.0,773.0,1.0,40.0,13,208,12631,3,1.0
97,0.0,1.0,2.563,1.0,3.0,8,118.5273439236456,138.9132056886692,pobre,0,0,625.0,773.0,1.0,40.0,9,208,12632,3,1.0
98,0.0,1.0,2.563,1.0,1.0,8,118.5273439236456,138.9132056886692,pobre,0,0,625.0,773.0,1.0,40.0,10,208,12632,3,1.0
97,0.0,1.0,2.563,,0.0,8,118.5273439236456,138.9132056886692,pobre,0,0,625.0,773.0,1.0,40.0,7,208,12633,0,
98,0.0,1.0,2.563,1.0,0.0,8,118.5273439236456,138.9132056886692,pobre,0,0,625.0,773.0,1.0,40.0,8,208,12633,0,
97,0.0,1.0,2.563,0.0,6.0,7,118.5273439236456,138.9132056886692,pobre,0,6,0.0,682.5,1.0,47.0,14,208,12634,6,0.0
98,0.0,1.0,2.563,0.0,6.0,7,118.5273439236456,138.9132056886692,pobre,0,6,0.0,682.5,1.0,47.0,15,208,12634,6,0.0
97,1.0,1.0,2.563,1.0,5.0,7,118.5273439236456,138.9132056886692,pobre,0,6,0.0,682.5,1.0,47.0,12,208,12635,5,1.0
98,1.0,1.0,2.563,0.0,6.0,7,118.5273439236456,138.9132056886692,pobre,0,6,0.0,682.5,1.0,47.0,13,208,12635,5,1.0
97,1.0,1.0,2.563,,0.0,7,118.5273439236456,138.9132056886692,pobre,0,6,0.0,682.5,1.0,47.0,7,208,12636,0,
98,1.0,1.0,2.563,,,7,118.5273439236456,138.9132056886692,pobre,0,6,0.0,682.5,1.0,47.0,8,208,12636,0,
97,0.0,1.0,2.563,1.0,1.0,8,118.5273439236456,138.9132056886692,pobre,0,6,625.0,651.0,1.0,26.0,7,208,12637,1,1.0
98,0.0,1.0,2.563,1.0,2.0,8,118.5273439236456,138.9132056886692,pobre,0,6,625.0,651.0,1.0,26.0,8,208,12637,1,1.0
97,1.0,1.0,2.563,1.0,4.0,4,118.5273439236456,138.9132056886692,pobre,0,2,0.0,702.0,1.0,37.0,10,208,12638,4,1.0
98,1.0,1.0,2.563,1.0,5.0,4,118.5273439236456,138.9132056886692,pobre,0,2,0.0,702.0,1.0,37.0,11,208,12638,4,1.0
97,1.0,1.0,2.563,1.0,0.0,4,118.5273439236456,138.9132056886692,pobre,0,2,0.0,702.0,1.0,37.0,6,208,12639,0,1.0
98,1.0,1.0,2.563,1.0,0.0,4,118.5273439236456,138.9132056886692,pobre,0,2,0.0,702.0,1.0,37.0,7,208,12639,0,1.0
97,1.0,1.0,2.563,1.0,7.0,9,118.5273439236456,138.9132056886692,pobre,0,2,625.0,599.0,1.0,40.0,15,208,12640,7,1.0
98,1.0,1.0,2.563,1.0,8.0,9,118.5273439236456,138.9132056886692,pobre,0,2,625.0,599.0,1.0,40.0,16,208,12640,7,1.0
97,1.0,1.0,2.563,1.0,3.0,9,118.5273439236456,138.9132056886692,pobre,0,2,625.0,599.0,1.0,40.0,10,208,12641,3,1.0
98,1.0,1.0,2.563,1.0,4.0,9,118.5273439236456,138.9132056886692,pobre,0,2,625.0,599.0,1.0,40.0,11,208,12641,3,1.0
97,0.0,1.0,2.563,1.0,1.0,9,118.5273439236456,138.9132056886692,pobre,0,2,625.0,599.0,1.0,40.0,7,208,12642,1,1.0
98,0.0,1.0,2.563,1.0,2.0,9,118.5273439236456,138.9132056886692,pobre,0,2,625.0,599.0,1.0,40.0,8,208,12642,1,1.0
97,1.0,1.0,2.563,1.0,0.0,9,118.5273439236456,138.9132056886692,pobre,0,2,625.0,599.0,1.0,40.0,6,208,12643,0,1.0
98,1.0,1.0,2.563,1.0,1.0,9,118.5273439236456,138.9132056886692,pobre,0,2,625.0,599.0,1.0,40.0,7,208,12643,0,1.0
97,0.0,1.0,2.563,0.0,6.0,8,118.5273439236456,138.9132056886692,pobre,0,0,500.0,532.0,1.0,46.0,15,208,12644,6,0.0
98,0.0,1.0,2.563,,,8,118.5273439236456,138.9132056886692,pobre,0,0,500.0,532.0,1.0,46.0,16,208,12644,6,0.0
97,1.0,1.0,2.563,0.0,6.0,8,118.5273439236456,138.9132056886692,pobre,0,0,500.0,532.0,1.0,46.0,13,208,12645,6,0.0
98,1.0,1.0,2.563,0.0,6.0,8,118.5273439236456,138.9132056886692,pobre,0,0,500.0,532.0,1.0,46.0,14,208,12645,6,0.0
97,0.0,1.0,2.563,1.0,4.0,8,118.5273439236456,138.9132056886692,pobre,0,0,500.0,532.0,1.0,46.0,10,208,12646,4,1.0
98,0.0,1.0,2.563,1.0,5.0,8,118.5273439236456,138.9132056886692,pobre,0,0,500.0,532.0,1.0,46.0,11,208,12646,4,1.0
97,1.0,1.0,2.563,1.0,2.0,8,118.5273439236456,138.9132056886692,pobre,0,0,500.0,532.0,1.0,46.0,8,208,12647,2,1.0
98,1.0,1.0,2.563,1.0,3.0,8,118.5273439236456,138.9132056886692,pobre,0,0,500.0,532.0,1.0,46.0,9,208,12647,2,1.0
97,0.0,0.0,2.563,0.0,6.0,4,118.5273439236456,138.9132056886692,pobre,0,0,700.0,665.0,1.0,56.0,13,208,12648,6,0.0
98,0.0,0.0,2.563,0.0,6.0,4,118.5273439236456,138.9132056886692,pobre,0,0,700.0,665.0,1.0,56.0,14,208,12648,6,0.0
97,1.0,0.0,2.563,1.0,5.0,4,118.5273439236456,138.9132056886692,pobre,0,0,700.0,665.0,1.0,56.0,11,208,12649,5,1.0
98,1.0,0.0,2.563,0.0,6.0,4,118.5273439236456,138.9132056886692,pobre,0,0,700.0,665.0,1.0,56.0,12,208,12649,5,1.0
97,0.0,1.0,2.563,1.0,9.0,6,118.5273439236456,138.9132056886692,pobre,0,6,500.0,646.0,1.0,61.0,16,208,12650,9,1.0
98,0.0,1.0,2.563,,,6,118.5273439236456,138.9132056886692,pobre,0,6,500.0,646.0,1.0,61.0,17,208,12650,9,1.0
97,1.0,1.0,2.563,1.0,7.0,6,118.5273439236456,138.9132056886692,pobre,0,6,500.0,646.0,1.0,61.0,13,208,12651,7,1.0
98,1.0,1.0,2.563,1.0,8.0,6,118.5273439236456,138.9132056886692,pobre,0,6,500.0,646.0,1.0,61.0,14,208,12651,7,1.0
97,1.0,1.0,2.563,1.0,2.0,6,118.5273439236456,138.9132056886692,pobre,0,6,500.0,646.0,1.0,61.0,8,208,12652,2,1.0
98,1.0,1.0,2.563,1.0,3.0,6,118.5273439236456,138.9132056886692,pobre,0,6,500.0,646.0,1.0,61.0,9,208,12652,2,1.0
97,0.0,0.0,2.563,1.0,7.0,3,118.5273439236456,138.9132056886692,pobre,0,1,625.0,735.0,1.0,73.0,14,208,12653,7,1.0
98,0.0,0.0,2.563,,,3,118.5273439236456,138.9132056886692,pobre,0,1,625.0,735.0,1.0,73.0,15,208,12653,7,1.0
97,0.0,1.0,2.563,0.0,6.0,10,118.5273439236456,138.9132056886692,pobre,0,0,625.0,513.0,1.0,53.0,16,208,12654,6,0.0
98,0.0,1.0,2.563,,,10,118.5273439236456,138.9132056886692,pobre,0,0,625.0,513.0,1.0,53.0,17,208,12654,6,0.0
97,1.0,1.0,2.563,1.0,5.0,10,118.5273439236456,138.9132056886692,pobre,0,0,625.0,513.0,1.0,53.0,13,208,12655,5,1.0
98,1.0,1.0,2.563,,,10,118.5273439236456,138.9132056886692,pobre,0,0,625.0,513.0,1.0,53.0,14,208,12655,5,1.0
97,0.0,1.0,2.563,0.0,6.0,10,118.5273439236456,138.9132056886692,pobre,0,0,625.0,513.0,1.0,53.0,12,208,12656,6,0.0
98,0.0,1.0,2.563,,,10,118.5273439236456,138.9132056886692,pobre,0,0,625.0,513.0,1.0,53.0,13,208,12656,6,0.0
97,1.0,1.0,2.563,1.0,3.0,10,118.5273439236456,138.9132056886692,pobre,0,0,625.0,513.0,1.0,53.0,10,208,12657,3,1.0
98,1.0,1.0,2.563,1.0,4.0,10,118.5273439236456,138.9132056886692,pobre,0,0,625.0,513.0,1.0,53.0,11,208,12657,3,1.0
97,1.0,1.0,2.563,1.0,1.0,10,118.5273439236456,138.9132056886692,pobre,0,0,625.0,513.0,1.0,53.0,8,208,12658,1,1.0
98,1.0,1.0,2.563,1.0,2.0,10,118.5273439236456,138.9132056886692,pobre,0,0,625.0,513.0,1.0,53.0,9,208,12658,1,1.0
97,1.0,1.0,2.563,1.0,0.0,10,118.5273439236456,138.9132056886692,pobre,0,0,625.0,513.0,1.0,53.0,6,208,12659,0,1.0
98,1.0,1.0,2.563,1.0,1.0,10,118.5273439236456,138.9132056886692,pobre,0,0,625.0,513.0,1.0,53.0,7,208,12659,0,1.0
97,1.0,1.0,2.563,0.0,6.0,6,118.5273439236456,138.9132056886692,pobre,0,0,0.0,675.0,0.0,46.0,14,208,12660,6,0.0
98,1.0,1.0,2.563,,,6,118.5273439236456,138.9132056886692,pobre,0,0,0.0,675.0,0.0,46.0,15,208,12660,6,0.0
97,1.0,1.0,2.563,0.0,2.0,6,118.5273439236456,138.9132056886692,pobre,0,0,0.0,675.0,0.0,46.0,9,208,12661,2,0.0
98,1.0,1.0,2.563,1.0,3.0,6,118.5273439236456,138.9132056886692,pobre,0,0,0.0,675.0,0.0,46.0,10,208,12661,2,0.0
97,0.0,1.0,2.563,1.0,1.0,6,118.5273439236456,138.9132056886692,pobre,0,0,0.0,675.0,0.0,46.0,8,208,12662,1,1.0
98,0.0,1.0,2.563,1.0,1.0,6,118.5273439236456,138.9132056886692,pobre,0,0,0.0,675.0,0.0,46.0,9,208,12662,1,1.0
97,0.0,1.0,2.563,1.0,0.0,6,118.5273439236456,138.9132056886692,pobre,0,0,0.0,675.0,0.0,46.0,6,208,12663,0,1.0
98,0.0,1.0,2.563,1.0,3.0,6,118.5273439236456,138.9132056886692,pobre,0,0,0.0,675.0,0.0,46.0,7,208,12663,0,1.0
97,1.0,1.0,2.563,0.0,6.0,7,118.5273439236456,138.9132056886692,pobre,0,0,0.0,739.75,0.0,44.0,14,208,12664,6,0.0
98,1.0,1.0,2.563,0.0,6.0,7,118.5273439236456,138.9132056886692,pobre,0,0,0.0,739.75,0.0,44.0,15,208,12664,6,0.0
97,0.0,1.0,2.563,0.0,6.0,7,118.5273439236456,138.9132056886692,pobre,0,0,0.0,739.75,0.0,44.0,12,208,12665,6,0.0
98,0.0,1.0,2.563,0.0,6.0,7,118.5273439236456,138.9132056886692,pobre,0,0,0.0,739.75,0.0,44.0,13,208,12665,6,0.0
97,0.0,1.0,2.563,0.0,6.0,11,118.5273439236456,138.9132056886692,pobre,0,0,0.0,274.0,1.0,64.0,16,208,12666,6,0.0
98,0.0,1.0,2.563,,,11,118.5273439236456,138.9132056886692,pobre,0,0,0.0,274.0,1.0,64.0,17,208,12666,6,0.0
97,1.0,1.0,2.563,1.0,5.0,11,118.5273439236456,138.9132056886692,pobre,0,0,0.0,274.0,1.0,64.0,11,208,12667,5,1.0
98,1.0,1.0,2.563,1.0,6.0,11,118.5273439236456,138.9132056886692,pobre,0,0,0.0,274.0,1.0,64.0,12,208,12667,5,1.0
97,0.0,1.0,2.563,1.0,2.0,11,118.5273439236456,138.9132056886692,pobre,0,0,0.0,274.0,1.0,64.0,9,208,12668,2,1.0
98,0.0,1.0,2.563,1.0,3.0,11,118.5273439236456,138.9132056886692,pobre,0,0,0.0,274.0,1.0,64.0,10,208,12668,2,1.0
97,0.0,1.0,2.563,1.0,1.0,11,118.5273439236456,138.9132056886692,pobre,0,0,0.0,274.0,1.0,64.0,7,208,12669,1,1.0
98,0.0,1.0,2.563,1.0,2.0,11,118.5273439236456,138.9132056886692,pobre,0,0,0.0,274.0,1.0,64.0,8,208,12669,1,1.0
97,0.0,1.0,2.563,0.0,6.0,6,118.5273439236456,138.9132056886692,pobre,0,3,0.0,687.0,1.0,58.0,11,208,12670,6,0.0
98,0.0,1.0,2.563,0.0,6.0,6,118.5273439236456,138.9132056886692,pobre,0,3,0.0,687.0,1.0,58.0,12,208,12670,6,0.0
97,1.0,1.0,2.563,1.0,1.0,6,118.5273439236456,138.9132056886692,pobre,0,3,0.0,687.0,1.0,58.0,6,208,12671,1,1.0
98,1.0,1.0,2.563,1.0,2.0,6,118.5273439236456,138.9132056886692,pobre,0,3,0.0,687.0,1.0,58.0,7,208,12671,1,1.0
97,1.0,1.0,2.563,0.0,6.0,9,118.5273439236456,138.9132056886692,pobre,0,0,0.0,694.5,1.0,55.0,15,208,12672,6,0.0
98,1.0,1.0,2.563,,,9,118.5273439236456,138.9132056886692,pobre,0,0,0.0,694.5,1.0,55.0,16,208,12672,6,0.0
97,0.0,1.0,2.563,1.0,4.0,9,118.5273439236456,138.9132056886692,pobre,0,0,0.0,694.5,1.0,55.0,12,208,12673,4,1.0
98,0.0,1.0,2.563,1.0,5.0,9,118.5273439236456,138.9132056886692,pobre,0,0,0.0,694.5,1.0,55.0,13,208,12673,4,1.0
97,1.0,1.0,2.563,1.0,4.0,9,118.5273439236456,138.9132056886692,pobre,0,0,0.0,694.5,1.0,55.0,9,208,12674,4,1.0
98,1.0,1.0,2.563,1.0,4.0,9,118.5273439236456,138.9132056886692,pobre,0,0,0.0,694.5,1.0,55.0,10,208,12674,4,1.0
97,0.0,1.0,2.563,1.0,0.0,9,118.5273439236456,138.9132056886692,pobre,0,0,0.0,694.5,1.0,55.0,6,208,12675,0,1.0
98,0.0,1.0,2.563,1.0,1.0,9,118.5273439236456,138.9132056886692,pobre,0,0,0.0,694.5,1.0,55.0,7,208,12675,0,1.0
97,1.0,1.0,2.563,0.0,6.0,7,118.5273439236456,138.9132056886692,pobre,0,0,0.0,826.75,1.0,54.0,16,208,12676,6,0.0
98,1.0,1.0,2.563,,,7,118.5273439236456,138.9132056886692,pobre,0,0,0.0,826.75,1.0,54.0,17,208,12676,6,0.0
97,0.0,1.0,2.563,0.0,6.0,7,118.5273439236456,138.9132056886692,pobre,0,0,0.0,826.75,1.0,54.0,14,208,12677,6,0.0
98,0.0,1.0,2.563,,,7,118.5273439236456,138.9132056886692,pobre,0,0,0.0,826.75,1.0,54.0,15,208,12677,6,0.0
97,0.0,1.0,2.563,0.0,6.0,7,118.5273439236456,138.9132056886692,pobre,0,0,0.0,826.75,1.0,54.0,14,208,12678,6,0.0
98,0.0,1.0,2.563,,,7,118.5273439236456,138.9132056886692,pobre,0,0,0.0,826.75,1.0,54.0,15,208,12678,6,0.0
97,0.0,1.0,2.563,1.0,2.0,6,118.5273439236456,138.9132056886692,pobre,0,3,800.0,509.0,1.0,28.0,8,208,12679,2,1.0
98,0.0,1.0,2.563,1.0,3.0,6,118.5273439236456,138.9132056886692,pobre,0,3,800.0,509.0,1.0,28.0,9,208,12679,2,1.0
97,1.0,1.0,2.563,1.0,0.0,6,118.5273439236456,138.9132056886692,pobre,0,3,800.0,509.0,1.0,28.0,7,208,12680,0,1.0
98,1.0,1.0,2.563,1.0,1.0,6,118.5273439236456,138.9132056886692,pobre,0,3,800.0,509.0,1.0,28.0,8,208,12680,0,1.0
97,0.0,1.0,2.563,1.0,5.0,7,118.5273439236456,138.9132056886692,pobre,0,1,625.0,590.5,1.0,43.0,12,208,12681,5,1.0
98,0.0,1.0,2.563,,,7,118.5273439236456,138.9132056886692,pobre,0,1,625.0,590.5,1.0,43.0,13,208,12681,5,1.0
97,0.0,1.0,2.563,1.0,3.0,7,118.5273439236456,138.9132056886692,pobre,0,1,625.0,590.5,1.0,43.0,10,208,12682,3,1.0
98,0.0,1.0,2.563,1.0,4.0,7,118.5273439236456,138.9132056886692,pobre,0,1,625.0,590.5,1.0,43.0,11,208,12682,3,1.0
97,0.0,1.0,2.563,1.0,0.0,7,118.5273439236456,138.9132056886692,pobre,0,1,625.0,590.5,1.0,43.0,6,208,12683,0,1.0
98,0.0,1.0,2.563,1.0,1.0,7,118.5273439236456,138.9132056886692,pobre,0,1,625.0,590.5,1.0,43.0,7,208,12683,0,1.0
97,0.0,1.0,2.563,1.0,2.0,7,118.5273439236456,138.9132056886692,pobre,0,1,625.0,590.5,1.0,43.0,9,208,12684,2,1.0
98,0.0,1.0,2.563,1.0,3.0,7,118.5273439236456,138.9132056886692,pobre,0,1,625.0,590.5,1.0,43.0,10,208,12684,2,1.0
97,1.0,1.0,2.563,1.0,0.0,6,118.5273439236456,138.9132056886692,pobre,0,0,625.0,506.0,1.0,48.0,10,208,12685,0,1.0
98,1.0,1.0,2.563,1.0,1.0,6,118.5273439236456,138.9132056886692,pobre,0,0,625.0,506.0,1.0,48.0,11,208,12685,0,1.0
97,1.0,1.0,2.563,1.0,1.0,6,118.5273439236456,138.9132056886692,pobre,0,0,625.0,506.0,1.0,48.0,9,208,12686,1,1.0
98,1.0,1.0,2.563,1.0,2.0,6,118.5273439236456,138.9132056886692,pobre,0,0,625.0,506.0,1.0,48.0,10,208,12686,1,1.0
97,0.0,1.0,2.563,0.0,6.0,7,118.5273439236456,138.9132056886692,pobre,0,9,0.0,660.5,1.0,40.0,14,208,12687,6,0.0
98,0.0,1.0,2.563,0.0,6.0,7,118.5273439236456,138.9132056886692,pobre,0,9,0.0,660.5,1.0,40.0,15,208,12687,6,0.0
97,1.0,1.0,2.563,1.0,5.0,7,118.5273439236456,138.9132056886692,pobre,0,9,0.0,660.5,1.0,40.0,13,208,12688,5,1.0
98,1.0,1.0,2.563,0.0,6.0,7,118.5273439236456,138.9132056886692,pobre,0,9,0.0,660.5,1.0,40.0,14,208,12688,5,1.0
97,0.0,1.0,2.563,1.0,5.0,7,118.5273439236456,138.9132056886692,pobre,0,9,0.0,660.5,1.0,40.0,11,208,12689,5,1.0
98,0.0,1.0,2.563,0.0,6.0,7,118.5273439236456,138.9132056886692,pobre,0,9,0.0,660.5,1.0,40.0,12,208,12689,5,1.0
97,1.0,1.0,2.563,1.0,1.0,7,118.5273439236456,138.9132056886692,pobre,0,9,0.0,660.5,1.0,40.0,7,208,12690,1,1.0
98,1.0,1.0,2.563,1.0,2.0,7,118.5273439236456,138.9132056886692,pobre,0,9,0.0,660.5,1.0,40.0,8,208,12690,1,1.0
97,1.0,1.0,2.563,1.0,4.0,4,118.5273439236456,138.9132056886692,pobre,0,2,625.0,735.0,1.0,36.0,12,208,12691,4,1.0
98,1.0,1.0,2.563,1.0,5.0,4,118.5273439236456,138.9132056886692,pobre,0,2,625.0,735.0,1.0,36.0,13,208,12691,4,1.0
97,0.0,1.0,2.563,0.0,6.0,7,118.5273439236456,138.9132056886692,pobre,0,0,625.0,863.5,1.0,54.0,16,208,12692,6,0.0
98,0.0,1.0,2.563,,,7,118.5273439236456,138.9132056886692,pobre,0,0,625.0,863.5,1.0,54.0,17,208,12692,6,0.0
97,1.0,1.0,2.563,1.0,3.0,7,118.5273439236456,138.9132056886692,pobre,0,0,625.0,863.5,1.0,54.0,9,208,12693,3,1.0
98,1.0,1.0,2.563,1.0,4.0,7,118.5273439236456,138.9132056886692,pobre,0,0,625.0,863.5,1.0,54.0,10,208,12693,3,1.0
97,1.0,1.0,2.563,0.0,0.0,7,118.5273439236456,138.9132056886692,pobre,0,0,625.0,863.5,1.0,54.0,7,208,12694,0,0.0
98,1.0,1.0,2.563,1.0,2.0,7,118.5273439236456,138.9132056886692,pobre,0,0,625.0,863.5,1.0,54.0,8,208,12694,0,0.0
97,1.0,1.0,2.563,1.0,1.0,5,118.5273439236456,138.9132056886692,pobre,0,6,625.0,635.0,1.0,34.0,7,208,12695,1,1.0
98,1.0,1.0,2.563,1.0,2.0,5,118.5273439236456,138.9132056886692,pobre,0,6,625.0,635.0,1.0,34.0,8,208,12695,1,1.0
97,1.0,1.0,2.563,1.0,4.0,7,118.5273439236456,138.9132056886692,pobre,0,0,800.0,458.0,1.0,35.0,9,208,12696,4,1.0
98,1.0,1.0,2.563,1.0,5.0,7,118.5273439236456,138.9132056886692,pobre,0,0,800.0,458.0,1.0,35.0,10,208,12696,4,1.0
97,0.0,1.0,2.563,1.0,1.0,7,118.5273439236456,138.9132056886692,pobre,0,0,800.0,458.0,1.0,35.0,7,208,12697,1,1.0
98,0.0,1.0,2.563,1.0,2.0,7,118.5273439236456,138.9132056886692,pobre,0,0,800.0,458.0,1.0,35.0,8,208,12697,1,1.0
97,0.0,1.0,2.563,1.0,0.0,7,118.5273439236456,138.9132056886692,pobre,0,0,800.0,458.0,1.0,35.0,6,208,12698,0,1.0
98,0.0,1.0,2.563,1.0,1.0,7,118.5273439236456,138.9132056886692,pobre,0,0,800.0,458.0,1.0,35.0,7,208,12698,0,1.0
97,1.0,1.0,1.436,1.0,6.0,6,121.7980975803529,144.1396027309826,pobre,0,0,750.0,832.0,1.0,53.0,13,260,12699,6,1.0
98,1.0,1.0,1.436,1.0,6.0,6,121.7980975803529,144.1396027309826,pobre,0,0,750.0,832.0,1.0,53.0,14,260,12699,6,1.0
97,1.0,1.0,1.436,1.0,4.0,6,121.7980975803529,144.1396027309826,pobre,0,0,750.0,832.0,1.0,53.0,11,260,12700,4,1.0
98,1.0,1.0,1.436,1.0,5.0,6,121.7980975803529,144.1396027309826,pobre,0,0,750.0,832.0,1.0,53.0,12,260,12700,4,1.0
97,1.0,1.0,1.436,1.0,2.0,6,121.7980975803529,144.1396027309826,pobre,0,0,750.0,832.0,1.0,53.0,7,260,12701,2,1.0
98,1.0,1.0,1.436,1.0,2.0,6,121.7980975803529,144.1396027309826,pobre,0,0,750.0,832.0,1.0,53.0,8,260,12701,2,1.0
97,1.0,0.0,1.436,1.0,5.0,5,121.7980975803529,144.1396027309826,pobre,0,1,600.0,670.0,1.0,40.0,11,260,12702,5,1.0
98,1.0,0.0,1.436,1.0,6.0,5,121.7980975803529,144.1396027309826,pobre,0,1,600.0,670.0,1.0,40.0,12,260,12702,5,1.0
97,1.0,0.0,1.436,0.0,9.0,5,121.7980975803529,144.1396027309826,pobre,0,2,0.0,865.25,1.0,60.0,15,260,12703,9,0.0
98,1.0,0.0,1.436,,,5,121.7980975803529,144.1396027309826,pobre,0,2,0.0,865.25,1.0,60.0,16,260,12703,9,0.0
97,1.0,0.0,1.436,1.0,7.0,8,121.7980975803529,144.1396027309826,pobre,0,2,750.0,639.0,1.0,35.0,13,260,12704,7,1.0
98,1.0,0.0,1.436,1.0,8.0,8,121.7980975803529,144.1396027309826,pobre,0,2,750.0,639.0,1.0,35.0,14,260,12704,7,1.0
97,1.0,0.0,1.436,1.0,4.0,8,121.7980975803529,144.1396027309826,pobre,0,2,750.0,639.0,1.0,35.0,11,260,12705,4,1.0
98,1.0,0.0,1.436,1.0,5.0,8,121.7980975803529,144.1396027309826,pobre,0,2,750.0,639.0,1.0,35.0,12,260,12705,4,1.0
97,0.0,0.0,1.436,1.0,3.0,8,121.7980975803529,144.1396027309826,pobre,0,2,750.0,639.0,1.0,35.0,9,260,12706,3,1.0
98,0.0,0.0,1.436,1.0,4.0,8,121.7980975803529,144.1396027309826,pobre,0,2,750.0,639.0,1.0,35.0,10,260,12706,3,1.0
97,1.0,0.0,1.436,1.0,1.0,8,121.7980975803529,144.1396027309826,pobre,0,2,750.0,639.0,1.0,35.0,7,260,12707,1,1.0
98,1.0,0.0,1.436,1.0,2.0,8,121.7980975803529,144.1396027309826,pobre,0,2,750.0,639.0,1.0,35.0,8,260,12707,1,1.0
97,0.0,1.0,1.436,0.0,9.0,3,121.7980975803529,144.1396027309826,no pobre,0,0,750.0,902.5,1.0,50.0,16,260,12708,9,0.0
98,0.0,1.0,1.436,,,3,121.7980975803529,144.1396027309826,no pobre,0,0,750.0,902.5,1.0,50.0,17,260,12708,9,0.0
97,1.0,0.0,1.436,0.0,6.0,7,121.7980975803529,144.1396027309826,pobre,0,6,500.0,721.75,1.0,54.0,15,260,12709,6,0.0
98,1.0,0.0,1.436,1.0,6.0,7,121.7980975803529,144.1396027309826,pobre,0,6,500.0,721.75,1.0,54.0,16,260,12709,6,0.0
97,0.0,0.0,1.436,1.0,4.0,7,121.7980975803529,144.1396027309826,pobre,0,6,500.0,721.75,1.0,54.0,11,260,12710,4,1.0
98,0.0,0.0,1.436,1.0,5.0,7,121.7980975803529,144.1396027309826,pobre,0,6,500.0,721.75,1.0,54.0,12,260,12710,4,1.0
97,0.0,0.0,1.436,1.0,2.0,7,121.7980975803529,144.1396027309826,pobre,0,6,500.0,721.75,1.0,54.0,7,260,12711,2,1.0
98,0.0,0.0,1.436,1.0,3.0,7,121.7980975803529,144.1396027309826,pobre,0,6,500.0,721.75,1.0,54.0,8,260,12711,2,1.0
97,1.0,0.0,1.436,0.0,9.0,8,121.7980975803529,144.1396027309826,pobre,0,1,0.0,712.66998,0.0,39.0,16,260,12712,9,0.0
98,1.0,0.0,1.436,,,8,121.7980975803529,144.1396027309826,pobre,0,1,0.0,712.66998,0.0,39.0,17,260,12712,9,0.0
97,0.0,0.0,1.436,1.0,3.0,8,121.7980975803529,144.1396027309826,pobre,0,1,0.0,712.66998,0.0,39.0,10,260,12713,3,1.0
98,0.0,0.0,1.436,1.0,3.0,8,121.7980975803529,144.1396027309826,pobre,0,1,0.0,712.66998,0.0,39.0,11,260,12713,3,1.0
97,1.0,0.0,1.436,1.0,2.0,8,121.7980975803529,144.1396027309826,pobre,0,1,0.0,712.66998,0.0,39.0,8,260,12714,2,1.0
98,1.0,0.0,1.436,1.0,3.0,8,121.7980975803529,144.1396027309826,pobre,0,1,0.0,712.66998,0.0,39.0,9,260,12714,2,1.0
97,1.0,0.0,1.436,0.0,9.0,8,121.7980975803529,144.1396027309826,pobre,0,2,625.0,900.0,1.0,44.0,16,260,12715,9,0.0
98,1.0,0.0,1.436,,,8,121.7980975803529,144.1396027309826,pobre,0,2,625.0,900.0,1.0,44.0,17,260,12715,9,0.0
97,0.0,0.0,1.436,1.0,6.0,8,121.7980975803529,144.1396027309826,pobre,0,2,625.0,900.0,1.0,44.0,13,260,12716,6,1.0
98,0.0,0.0,1.436,1.0,7.0,8,121.7980975803529,144.1396027309826,pobre,0,2,625.0,900.0,1.0,44.0,14,260,12716,6,1.0
97,1.0,0.0,1.436,1.0,5.0,8,121.7980975803529,144.1396027309826,pobre,0,2,625.0,900.0,1.0,44.0,11,260,12717,5,1.0
98,1.0,0.0,1.436,1.0,6.0,8,121.7980975803529,144.1396027309826,pobre,0,2,625.0,900.0,1.0,44.0,12,260,12717,5,1.0
97,1.0,0.0,1.436,1.0,3.0,8,121.7980975803529,144.1396027309826,pobre,0,2,625.0,900.0,1.0,44.0,9,260,12718,3,1.0
98,1.0,0.0,1.436,,,8,121.7980975803529,144.1396027309826,pobre,0,2,625.0,900.0,1.0,44.0,10,260,12718,3,1.0
97,1.0,0.0,1.436,0.0,9.0,5,121.7980975803529,144.1396027309826,no pobre,0,0,1166.6666,968.25,0.0,40.0,16,260,12719,9,0.0
98,1.0,0.0,1.436,,,5,121.7980975803529,144.1396027309826,no pobre,0,0,1166.6666,968.25,0.0,40.0,17,260,12719,9,0.0
97,1.0,0.0,1.436,1.0,5.0,7,121.7980975803529,144.1396027309826,pobre,0,0,625.0,551.0,1.0,39.0,11,260,12720,5,1.0
98,1.0,0.0,1.436,1.0,6.0,7,121.7980975803529,144.1396027309826,pobre,0,0,625.0,551.0,1.0,39.0,12,260,12720,5,1.0
97,0.0,0.0,1.436,1.0,3.0,7,121.7980975803529,144.1396027309826,pobre,0,0,625.0,551.0,1.0,39.0,9,260,12721,3,1.0
98,0.0,0.0,1.436,1.0,4.0,7,121.7980975803529,144.1396027309826,pobre,0,0,625.0,551.0,1.0,39.0,10,260,12721,3,1.0
97,0.0,0.0,1.436,1.0,0.0,7,121.7980975803529,144.1396027309826,pobre,0,0,625.0,551.0,1.0,39.0,6,260,12722,0,1.0
98,0.0,0.0,1.436,1.0,1.0,7,121.7980975803529,144.1396027309826,pobre,0,0,625.0,551.0,1.0,39.0,7,260,12722,0,1.0
97,0.0,0.0,1.436,0.0,9.0,4,121.7980975803529,144.1396027309826,no pobre,0,3,625.0,873.33002,1.0,47.0,16,260,12723,9,0.0
98,0.0,0.0,1.436,,,4,121.7980975803529,144.1396027309826,no pobre,0,3,625.0,873.33002,1.0,47.0,17,260,12723,9,0.0
97,1.0,0.0,1.436,1.0,3.0,6,121.7980975803529,144.1396027309826,pobre,0,6,500.0,708.0,1.0,31.0,10,260,12724,3,1.0
98,1.0,0.0,1.436,1.0,4.0,6,121.7980975803529,144.1396027309826,pobre,0,6,500.0,708.0,1.0,31.0,11,260,12724,3,1.0
97,0.0,0.0,1.436,1.0,3.0,6,121.7980975803529,144.1396027309826,pobre,0,6,500.0,708.0,1.0,31.0,8,260,12725,3,1.0
98,0.0,0.0,1.436,1.0,4.0,6,121.7980975803529,144.1396027309826,pobre,0,6,500.0,708.0,1.0,31.0,9,260,12725,3,1.0
97,1.0,0.0,1.436,1.0,0.0,6,121.7980975803529,144.1396027309826,pobre,0,6,500.0,708.0,1.0,31.0,6,260,12726,0,1.0
98,1.0,0.0,1.436,1.0,1.0,6,121.7980975803529,144.1396027309826,pobre,0,6,500.0,708.0,1.0,31.0,7,260,12726,0,1.0
97,1.0,0.0,1.436,0.0,9.0,8,121.7980975803529,144.1396027309826,pobre,0,2,625.0,695.0,1.0,43.0,14,260,12727,9,0.0
98,1.0,0.0,1.436,0.0,3.0,8,121.7980975803529,144.1396027309826,pobre,0,2,625.0,695.0,1.0,43.0,15,260,12727,9,0.0
97,0.0,0.0,1.436,0.0,6.0,8,121.7980975803529,144.1396027309826,pobre,0,2,625.0,695.0,1.0,43.0,13,260,12728,6,0.0
98,0.0,0.0,1.436,0.0,6.0,8,121.7980975803529,144.1396027309826,pobre,0,2,625.0,695.0,1.0,43.0,14,260,12728,6,0.0
97,0.0,0.0,1.436,1.0,4.0,8,121.7980975803529,144.1396027309826,pobre,0,2,625.0,695.0,1.0,43.0,11,260,12729,4,1.0
98,0.0,0.0,1.436,1.0,5.0,8,121.7980975803529,144.1396027309826,pobre,0,2,625.0,695.0,1.0,43.0,12,260,12729,4,1.0
97,0.0,0.0,1.436,1.0,3.0,8,121.7980975803529,144.1396027309826,pobre,0,2,625.0,695.0,1.0,43.0,9,260,12730,3,1.0
98,0.0,0.0,1.436,1.0,4.0,8,121.7980975803529,144.1396027309826,pobre,0,2,625.0,695.0,1.0,43.0,10,260,12730,3,1.0
97,1.0,0.0,1.436,1.0,8.0,8,121.7980975803529,144.1396027309826,pobre,0,4,625.0,506.0,1.0,30.0,16,260,12731,8,1.0
98,1.0,0.0,1.436,,,8,121.7980975803529,144.1396027309826,pobre,0,4,625.0,506.0,1.0,30.0,17,260,12731,8,1.0
97,0.0,0.0,1.436,1.0,5.0,8,121.7980975803529,144.1396027309826,pobre,0,4,625.0,506.0,1.0,30.0,11,260,12732,5,1.0
98,0.0,0.0,1.436,1.0,6.0,8,121.7980975803529,144.1396027309826,pobre,0,4,625.0,506.0,1.0,30.0,12,260,12732,5,1.0
97,0.0,0.0,1.436,1.0,3.0,8,121.7980975803529,144.1396027309826,pobre,0,4,625.0,506.0,1.0,30.0,8,260,12733,3,1.0
98,0.0,0.0,1.436,1.0,4.0,8,121.7980975803529,144.1396027309826,pobre,0,4,625.0,506.0,1.0,30.0,9,260,12733,3,1.0
97,1.0,0.0,1.436,1.0,2.0,8,121.7980975803529,144.1396027309826,pobre,0,4,625.0,506.0,1.0,30.0,7,260,12734,2,1.0
98,1.0,0.0,1.436,1.0,2.0,8,121.7980975803529,144.1396027309826,pobre,0,4,625.0,506.0,1.0,30.0,8,260,12734,2,1.0
97,0.0,0.0,1.436,0.0,6.0,10,121.7980975803529,144.1396027309826,pobre,0,2,625.0,637.0,1.0,41.0,16,260,12735,6,0.0
98,0.0,0.0,1.436,,,10,121.7980975803529,144.1396027309826,pobre,0,2,625.0,637.0,1.0,41.0,17,260,12735,6,0.0
97,1.0,0.0,1.436,0.0,9.0,10,121.7980975803529,144.1396027309826,pobre,0,2,625.0,637.0,1.0,41.0,14,260,12736,9,0.0
98,1.0,0.0,1.436,,,10,121.7980975803529,144.1396027309826,pobre,0,2,625.0,637.0,1.0,41.0,15,260,12736,9,0.0
97,0.0,0.0,1.436,1.0,5.0,10,121.7980975803529,144.1396027309826,pobre,0,2,625.0,637.0,1.0,41.0,11,260,12737,5,1.0
98,0.0,0.0,1.436,1.0,6.0,10,121.7980975803529,144.1396027309826,pobre,0,2,625.0,637.0,1.0,41.0,12,260,12737,5,1.0
97,1.0,0.0,1.436,1.0,4.0,10,121.7980975803529,144.1396027309826,pobre,0,2,625.0,637.0,1.0,41.0,10,260,12738,4,1.0
98,1.0,0.0,1.436,1.0,5.0,10,121.7980975803529,144.1396027309826,pobre,0,2,625.0,637.0,1.0,41.0,11,260,12738,4,1.0
97,1.0,0.0,1.436,1.0,2.0,10,121.7980975803529,144.1396027309826,pobre,0,2,625.0,637.0,1.0,41.0,8,260,12739,2,1.0
98,1.0,0.0,1.436,1.0,3.0,10,121.7980975803529,144.1396027309826,pobre,0,2,625.0,637.0,1.0,41.0,9,260,12739,2,1.0
97,0.0,0.0,1.436,1.0,3.0,10,121.7980975803529,144.1396027309826,pobre,0,2,625.0,637.0,1.0,41.0,6,260,12740,3,1.0
98,0.0,0.0,1.436,1.0,1.0,10,121.7980975803529,144.1396027309826,pobre,0,2,625.0,637.0,1.0,41.0,7,260,12740,3,1.0
97,0.0,1.0,1.436,0.0,6.0,8,121.7980975803529,144.1396027309826,pobre,0,1,500.0,699.0,1.0,48.0,16,260,12741,6,0.0
98,0.0,1.0,1.436,0.0,6.0,8,121.7980975803529,144.1396027309826,pobre,0,1,500.0,699.0,1.0,48.0,17,260,12741,6,0.0
97,1.0,1.0,1.436,1.0,5.0,8,121.7980975803529,144.1396027309826,pobre,0,1,500.0,699.0,1.0,48.0,12,260,12742,5,1.0
98,1.0,1.0,1.436,1.0,6.0,8,121.7980975803529,144.1396027309826,pobre,0,1,500.0,699.0,1.0,48.0,13,260,12742,5,1.0
97,0.0,1.0,1.436,1.0,3.0,8,121.7980975803529,144.1396027309826,pobre,0,1,500.0,699.0,1.0,48.0,9,260,12743,3,1.0
98,0.0,1.0,1.436,1.0,4.0,8,121.7980975803529,144.1396027309826,pobre,0,1,500.0,699.0,1.0,48.0,10,260,12743,3,1.0
97,0.0,1.0,1.436,1.0,3.0,8,121.7980975803529,144.1396027309826,pobre,0,1,500.0,699.0,1.0,48.0,6,260,12744,3,1.0
98,0.0,1.0,1.436,1.0,1.0,8,121.7980975803529,144.1396027309826,pobre,0,1,500.0,699.0,1.0,48.0,7,260,12744,3,1.0
97,1.0,0.0,1.436,1.0,2.0,3,121.7980975803529,144.1396027309826,no pobre,0,3,480.0,1138.0,1.0,56.0,8,260,12745,2,1.0
98,1.0,0.0,1.436,1.0,3.0,3,121.7980975803529,144.1396027309826,no pobre,0,3,480.0,1138.0,1.0,56.0,9,260,12745,2,1.0
97,1.0,0.0,1.436,1.0,5.0,8,121.7980975803529,144.1396027309826,pobre,0,2,500.0,657.0,1.0,35.0,14,260,12746,5,1.0
98,1.0,0.0,1.436,1.0,6.0,8,121.7980975803529,144.1396027309826,pobre,0,2,500.0,657.0,1.0,35.0,15,260,12746,5,1.0
97,0.0,0.0,1.436,1.0,8.0,8,121.7980975803529,144.1396027309826,pobre,0,2,500.0,657.0,1.0,35.0,10,260,12747,8,1.0
98,0.0,0.0,1.436,1.0,8.0,8,121.7980975803529,144.1396027309826,pobre,0,2,500.0,657.0,1.0,35.0,11,260,12747,8,1.0
97,0.0,0.0,1.436,1.0,1.0,8,121.7980975803529,144.1396027309826,pobre,0,2,500.0,657.0,1.0,35.0,7,260,12748,1,1.0
98,0.0,0.0,1.436,1.0,2.0,8,121.7980975803529,144.1396027309826,pobre,0,2,500.0,657.0,1.0,35.0,8,260,12748,1,1.0
97,0.0,0.0,1.436,1.0,5.0,7,121.7980975803529,144.1396027309826,pobre,0,0,0.0,600.0,0.0,41.0,13,260,12749,5,1.0
98,0.0,0.0,1.436,1.0,7.0,7,121.7980975803529,144.1396027309826,pobre,0,0,0.0,600.0,0.0,41.0,14,260,12749,5,1.0
97,0.0,0.0,1.436,1.0,4.0,7,121.7980975803529,144.1396027309826,pobre,0,0,0.0,600.0,0.0,41.0,10,260,12750,4,1.0
98,0.0,0.0,1.436,1.0,5.0,7,121.7980975803529,144.1396027309826,pobre,0,0,0.0,600.0,0.0,41.0,11,260,12750,4,1.0
97,0.0,0.0,1.436,1.0,2.0,7,121.7980975803529,144.1396027309826,pobre,0,0,0.0,600.0,0.0,41.0,8,260,12751,2,1.0
98,0.0,0.0,1.436,1.0,3.0,7,121.7980975803529,144.1396027309826,pobre,0,0,0.0,600.0,0.0,41.0,9,260,12751,2,1.0
97,1.0,0.0,1.436,1.0,1.0,7,121.7980975803529,144.1396027309826,pobre,0,0,0.0,600.0,0.0,41.0,7,260,12752,1,1.0
98,1.0,0.0,1.436,1.0,1.0,7,121.7980975803529,144.1396027309826,pobre,0,0,0.0,600.0,0.0,41.0,8,260,12752,1,1.0
97,0.0,0.0,1.436,1.0,3.0,7,121.7980975803529,144.1396027309826,pobre,0,1,625.0,579.0,1.0,43.0,9,260,12753,3,1.0
98,0.0,0.0,1.436,1.0,4.0,7,121.7980975803529,144.1396027309826,pobre,0,1,625.0,579.0,1.0,43.0,10,260,12753,3,1.0
97,1.0,0.0,1.436,1.0,1.0,7,121.7980975803529,144.1396027309826,pobre,0,1,625.0,579.0,1.0,43.0,7,260,12754,1,1.0
98,1.0,0.0,1.436,1.0,2.0,7,121.7980975803529,144.1396027309826,pobre,0,1,625.0,579.0,1.0,43.0,8,260,12754,1,1.0
97,1.0,0.0,1.436,1.0,8.0,7,121.7980975803529,144.1396027309826,pobre,0,2,500.0,560.0,1.0,37.0,13,260,12755,8,1.0
98,1.0,0.0,1.436,1.0,8.0,7,121.7980975803529,144.1396027309826,pobre,0,2,500.0,560.0,1.0,37.0,14,260,12755,8,1.0
97,0.0,0.0,1.436,1.0,4.0,7,121.7980975803529,144.1396027309826,pobre,0,2,500.0,560.0,1.0,37.0,12,260,12756,4,1.0
98,0.0,0.0,1.436,1.0,6.0,7,121.7980975803529,144.1396027309826,pobre,0,2,500.0,560.0,1.0,37.0,13,260,12756,4,1.0
97,1.0,0.0,1.436,1.0,3.0,7,121.7980975803529,144.1396027309826,pobre,0,2,500.0,560.0,1.0,37.0,11,260,12757,3,1.0
98,1.0,0.0,1.436,1.0,4.0,7,121.7980975803529,144.1396027309826,pobre,0,2,500.0,560.0,1.0,37.0,12,260,12757,3,1.0
97,0.0,0.0,1.436,1.0,3.0,7,121.7980975803529,144.1396027309826,pobre,0,2,500.0,560.0,1.0,37.0,9,260,12758,3,1.0
98,0.0,0.0,1.436,1.0,3.0,7,121.7980975803529,144.1396027309826,pobre,0,2,500.0,560.0,1.0,37.0,10,260,12758,3,1.0
97,0.0,0.0,1.436,1.0,1.0,7,121.7980975803529,144.1396027309826,pobre,0,2,500.0,560.0,1.0,37.0,8,260,12759,1,1.0
98,0.0,0.0,1.436,1.0,2.0,7,121.7980975803529,144.1396027309826,pobre,0,2,500.0,560.0,1.0,37.0,9,260,12759,1,1.0
97,0.0,0.0,1.436,1.0,1.0,7,121.7980975803529,144.1396027309826,pobre,0,2,500.0,560.0,1.0,37.0,6,260,12760,1,1.0
98,0.0,0.0,1.436,1.0,1.0,7,121.7980975803529,144.1396027309826,pobre,0,2,500.0,560.0,1.0,37.0,7,260,12760,1,1.0
97,0.0,0.0,1.436,1.0,10.0,5,121.7980975803529,144.1396027309826,no pobre,0,2,625.0,779.5,1.0,47.0,15,260,12761,10,1.0
98,0.0,0.0,1.436,1.0,11.0,5,121.7980975803529,144.1396027309826,no pobre,0,2,625.0,779.5,1.0,47.0,16,260,12761,10,1.0
97,0.0,0.0,1.436,1.0,8.0,6,121.7980975803529,144.1396027309826,pobre,0,6,250.0,753.0,0.0,33.0,15,260,12762,8,1.0
98,0.0,0.0,1.436,1.0,9.0,6,121.7980975803529,144.1396027309826,pobre,0,6,250.0,753.0,0.0,33.0,16,260,12762,8,1.0
97,1.0,0.0,1.436,1.0,4.0,6,121.7980975803529,144.1396027309826,pobre,0,6,250.0,753.0,0.0,33.0,12,260,12763,4,1.0
98,1.0,0.0,1.436,1.0,5.0,6,121.7980975803529,144.1396027309826,pobre,0,6,250.0,753.0,0.0,33.0,13,260,12763,4,1.0
97,0.0,0.0,1.436,1.0,3.0,6,121.7980975803529,144.1396027309826,pobre,0,6,250.0,753.0,0.0,33.0,10,260,12764,3,1.0
98,0.0,0.0,1.436,1.0,4.0,6,121.7980975803529,144.1396027309826,pobre,0,6,250.0,753.0,0.0,33.0,11,260,12764,3,1.0
97,1.0,0.0,1.436,1.0,3.0,6,121.7980975803529,144.1396027309826,pobre,0,6,250.0,753.0,0.0,33.0,8,260,12765,3,1.0
98,1.0,0.0,1.436,1.0,4.0,6,121.7980975803529,144.1396027309826,pobre,0,6,250.0,753.0,0.0,33.0,9,260,12765,3,1.0
97,0.0,0.0,1.436,1.0,0.0,6,121.7980975803529,144.1396027309826,pobre,0,6,250.0,753.0,0.0,33.0,6,260,12766,0,1.0
98,0.0,0.0,1.436,1.0,1.0,6,121.7980975803529,144.1396027309826,pobre,0,6,250.0,753.0,0.0,33.0,7,260,12766,0,1.0
97,0.0,0.0,1.436,0.0,6.0,8,121.7980975803529,144.1396027309826,pobre,0,1,100.0,604.0,1.0,38.0,15,260,12767,6,0.0
98,0.0,0.0,1.436,0.0,6.0,8,121.7980975803529,144.1396027309826,pobre,0,1,100.0,604.0,1.0,38.0,16,260,12767,6,0.0
97,1.0,0.0,1.436,1.0,8.0,8,121.7980975803529,144.1396027309826,pobre,0,1,100.0,604.0,1.0,38.0,14,260,12768,8,1.0
98,1.0,0.0,1.436,1.0,9.0,8,121.7980975803529,144.1396027309826,pobre,0,1,100.0,604.0,1.0,38.0,15,260,12768,8,1.0
97,1.0,0.0,1.436,1.0,5.0,8,121.7980975803529,144.1396027309826,pobre,0,1,100.0,604.0,1.0,38.0,11,260,12769,5,1.0
98,1.0,0.0,1.436,1.0,6.0,8,121.7980975803529,144.1396027309826,pobre,0,1,100.0,604.0,1.0,38.0,12,260,12769,5,1.0
97,1.0,0.0,1.436,1.0,4.0,8,121.7980975803529,144.1396027309826,pobre,0,1,100.0,604.0,1.0,38.0,9,260,12770,4,1.0
98,1.0,0.0,1.436,1.0,5.0,8,121.7980975803529,144.1396027309826,pobre,0,1,100.0,604.0,1.0,38.0,10,260,12770,4,1.0
97,1.0,0.0,1.436,0.0,9.0,7,121.7980975803529,144.1396027309826,pobre,0,2,208.33333,779.33002,0.0,44.0,16,260,12771,9,0.0
98,1.0,0.0,1.436,,,7,121.7980975803529,144.1396027309826,pobre,0,2,208.33333,779.33002,0.0,44.0,17,260,12771,9,0.0
97,0.0,0.0,1.436,1.0,5.0,7,121.7980975803529,144.1396027309826,pobre,0,2,208.33333,779.33002,0.0,44.0,11,260,12772,5,1.0
98,0.0,0.0,1.436,1.0,6.0,7,121.7980975803529,144.1396027309826,pobre,0,2,208.33333,779.33002,0.0,44.0,12,260,12772,5,1.0
97,1.0,0.0,1.436,1.0,4.0,7,121.7980975803529,144.1396027309826,pobre,0,2,208.33333,779.33002,0.0,44.0,9,260,12773,4,1.0
98,1.0,0.0,1.436,1.0,5.0,7,121.7980975803529,144.1396027309826,pobre,0,2,208.33333,779.33002,0.0,44.0,10,260,12773,4,1.0
97,1.0,0.0,1.436,1.0,4.0,7,121.7980975803529,144.1396027309826,pobre,0,2,208.33333,779.33002,0.0,44.0,9,260,12774,4,1.0
98,1.0,0.0,1.436,1.0,5.0,7,121.7980975803529,144.1396027309826,pobre,0,2,208.33333,779.33002,0.0,44.0,10,260,12774,4,1.0
97,0.0,0.0,1.436,1.0,7.0,7,121.7980975803529,144.1396027309826,no pobre,0,0,625.0,814.33002,1.0,44.0,13,260,12775,7,1.0
98,0.0,0.0,1.436,1.0,8.0,7,121.7980975803529,144.1396027309826,no pobre,0,0,625.0,814.33002,1.0,44.0,14,260,12775,7,1.0
97,0.0,0.0,1.436,1.0,5.0,7,121.7980975803529,144.1396027309826,no pobre,0,0,625.0,814.33002,1.0,44.0,11,260,12776,5,1.0
98,0.0,0.0,1.436,1.0,6.0,7,121.7980975803529,144.1396027309826,no pobre,0,0,625.0,814.33002,1.0,44.0,12,260,12776,5,1.0
97,0.0,0.0,1.436,1.0,4.0,7,121.7980975803529,144.1396027309826,no pobre,0,0,625.0,814.33002,1.0,44.0,9,260,12777,4,1.0
98,0.0,0.0,1.436,1.0,5.0,7,121.7980975803529,144.1396027309826,no pobre,0,0,625.0,814.33002,1.0,44.0,10,260,12777,4,1.0
97,0.0,0.0,1.436,1.0,5.0,7,121.7980975803529,144.1396027309826,pobre,0,0,625.0,632.0,1.0,40.0,10,260,12778,5,1.0
98,0.0,0.0,1.436,1.0,6.0,7,121.7980975803529,144.1396027309826,pobre,0,0,625.0,632.0,1.0,40.0,11,260,12778,5,1.0
97,1.0,0.0,1.436,1.0,3.0,7,121.7980975803529,144.1396027309826,pobre,0,0,625.0,632.0,1.0,40.0,9,260,12779,3,1.0
98,1.0,0.0,1.436,1.0,4.0,7,121.7980975803529,144.1396027309826,pobre,0,0,625.0,632.0,1.0,40.0,10,260,12779,3,1.0
97,1.0,0.0,1.436,1.0,2.0,7,121.7980975803529,144.1396027309826,pobre,0,0,625.0,632.0,1.0,40.0,7,260,12780,2,1.0
98,1.0,0.0,1.436,1.0,2.0,7,121.7980975803529,144.1396027309826,pobre,0,0,625.0,632.0,1.0,40.0,8,260,12780,2,1.0
97,1.0,0.0,1.436,1.0,10.0,10,121.7980975803529,144.1396027309826,pobre,0,0,500.0,676.33002,1.0,49.0,15,260,12781,10,1.0
98,1.0,0.0,1.436,1.0,9.0,10,121.7980975803529,144.1396027309826,pobre,0,0,500.0,676.33002,1.0,49.0,16,260,12781,10,1.0
97,1.0,0.0,1.436,1.0,7.0,10,121.7980975803529,144.1396027309826,pobre,0,0,500.0,676.33002,1.0,49.0,12,260,12782,7,1.0
98,1.0,0.0,1.436,1.0,8.0,10,121.7980975803529,144.1396027309826,pobre,0,0,500.0,676.33002,1.0,49.0,13,260,12782,7,1.0
97,0.0,0.0,1.436,1.0,6.0,10,121.7980975803529,144.1396027309826,pobre,0,0,500.0,676.33002,1.0,49.0,10,260,12783,6,1.0
98,0.0,0.0,1.436,1.0,7.0,10,121.7980975803529,144.1396027309826,pobre,0,0,500.0,676.33002,1.0,49.0,11,260,12783,6,1.0
97,1.0,0.0,1.436,1.0,3.0,10,121.7980975803529,144.1396027309826,pobre,0,0,500.0,676.33002,1.0,49.0,8,260,12784,3,1.0
98,1.0,0.0,1.436,1.0,4.0,10,121.7980975803529,144.1396027309826,pobre,0,0,500.0,676.33002,1.0,49.0,9,260,12784,3,1.0
97,0.0,0.0,1.436,1.0,3.0,10,121.7980975803529,144.1396027309826,pobre,0,0,500.0,676.33002,1.0,49.0,6,260,12785,3,1.0
98,0.0,0.0,1.436,1.0,3.0,10,121.7980975803529,144.1396027309826,pobre,0,0,500.0,676.33002,1.0,49.0,7,260,12785,3,1.0
97,0.0,0.0,1.436,1.0,10.0,9,121.7980975803529,144.1396027309826,pobre,0,0,625.0,748.0,1.0,50.0,15,260,12786,10,1.0
98,0.0,0.0,1.436,1.0,9.0,9,121.7980975803529,144.1396027309826,pobre,0,0,625.0,748.0,1.0,50.0,16,260,12786,10,1.0
97,1.0,0.0,1.436,1.0,8.0,9,121.7980975803529,144.1396027309826,pobre,0,0,625.0,748.0,1.0,50.0,13,260,12787,8,1.0
98,1.0,0.0,1.436,1.0,8.0,9,121.7980975803529,144.1396027309826,pobre,0,0,625.0,748.0,1.0,50.0,14,260,12787,8,1.0
97,0.0,0.0,1.436,1.0,4.0,9,121.7980975803529,144.1396027309826,pobre,0,0,625.0,748.0,1.0,50.0,9,260,12788,4,1.0
98,0.0,0.0,1.436,1.0,5.0,9,121.7980975803529,144.1396027309826,pobre,0,0,625.0,748.0,1.0,50.0,10,260,12788,4,1.0
97,1.0,0.0,1.436,1.0,0.0,9,121.7980975803529,144.1396027309826,pobre,0,0,625.0,748.0,1.0,50.0,6,260,12789,0,1.0
98,1.0,0.0,1.436,1.0,1.0,9,121.7980975803529,144.1396027309826,pobre,0,0,625.0,748.0,1.0,50.0,7,260,12789,0,1.0
97,0.0,0.0,1.436,0.0,5.0,4,121.7980975803529,144.1396027309826,pobre,0,1,250.0,721.0,1.0,50.0,14,260,12790,5,0.0
98,0.0,0.0,1.436,1.0,5.0,4,121.7980975803529,144.1396027309826,pobre,0,1,250.0,721.0,1.0,50.0,15,260,12790,5,0.0
97,0.0,0.0,1.436,1.0,7.0,4,121.7980975803529,144.1396027309826,pobre,0,1,250.0,721.0,1.0,50.0,12,260,12791,7,1.0
98,0.0,0.0,1.436,1.0,7.0,4,121.7980975803529,144.1396027309826,pobre,0,1,250.0,721.0,1.0,50.0,13,260,12791,7,1.0
97,0.0,0.0,2.543,0.0,6.0,8,163.8382632356503,192.3609514114631,pobre,basal,0,41.666668,657.66998,1.0,47.0,12,220,12792,6,0.0
98,0.0,0.0,2.543,,,8,163.8382632356503,192.3609514114631,pobre,basal,0,41.666668,657.66998,1.0,47.0,13,220,12792,6,0.0
97,1.0,0.0,2.543,1.0,5.0,8,163.8382632356503,192.3609514114631,pobre,basal,0,41.666668,657.66998,1.0,47.0,11,220,12793,5,1.0
98,1.0,0.0,2.543,1.0,6.0,8,163.8382632356503,192.3609514114631,pobre,basal,0,41.666668,657.66998,1.0,47.0,12,220,12793,5,1.0
97,1.0,0.0,2.543,1.0,3.0,8,163.8382632356503,192.3609514114631,pobre,basal,0,41.666668,657.66998,1.0,47.0,8,220,12794,3,1.0
98,1.0,0.0,2.543,1.0,4.0,8,163.8382632356503,192.3609514114631,pobre,basal,0,41.666668,657.66998,1.0,47.0,9,220,12794,3,1.0
97,1.0,0.0,2.543,1.0,1.0,8,163.8382632356503,192.3609514114631,pobre,basal,0,41.666668,657.66998,1.0,47.0,6,220,12795,1,1.0
98,1.0,0.0,2.543,1.0,2.0,8,163.8382632356503,192.3609514114631,pobre,basal,0,41.666668,657.66998,1.0,47.0,7,220,12795,1,1.0
97,0.0,0.0,2.543,1.0,5.0,6,163.8382632356503,192.3609514114631,pobre,basal,3,1600.0,649.0,1.0,45.0,10,220,12796,5,1.0
98,0.0,0.0,2.543,1.0,6.0,6,163.8382632356503,192.3609514114631,pobre,basal,3,1600.0,649.0,1.0,45.0,11,220,12796,5,1.0
97,1.0,0.0,2.543,1.0,1.0,6,163.8382632356503,192.3609514114631,pobre,basal,3,1600.0,649.0,1.0,45.0,7,220,12797,1,1.0
98,1.0,0.0,2.543,1.0,2.0,6,163.8382632356503,192.3609514114631,pobre,basal,3,1600.0,649.0,1.0,45.0,8,220,12797,1,1.0
97,0.0,0.0,2.543,1.0,1.0,5,163.8382632356503,192.3609514114631,pobre,basal,3,500.0,744.5,1.0,28.0,6,220,12798,1,1.0
98,0.0,0.0,2.543,1.0,2.0,5,163.8382632356503,192.3609514114631,pobre,basal,3,500.0,744.5,1.0,28.0,7,220,12798,1,1.0
97,1.0,0.0,2.543,1.0,4.0,3,163.8382632356503,192.3609514114631,pobre,basal,2,29.166666,754.5,1.0,64.0,10,220,12799,4,1.0
98,1.0,0.0,2.543,1.0,5.0,3,163.8382632356503,192.3609514114631,pobre,basal,2,29.166666,754.5,1.0,64.0,11,220,12799,4,1.0
97,0.0,0.0,2.543,1.0,2.0,6,163.8382632356503,192.3609514114631,pobre,basal,0,0.0,597.0,1.0,64.0,8,220,12800,2,1.0
98,0.0,0.0,2.543,1.0,3.0,6,163.8382632356503,192.3609514114631,pobre,basal,0,0.0,597.0,1.0,64.0,9,220,12800,2,1.0
97,0.0,0.0,2.543,1.0,0.0,6,163.8382632356503,192.3609514114631,pobre,basal,0,0.0,597.0,1.0,64.0,6,220,12801,0,1.0
98,0.0,0.0,2.543,1.0,1.0,6,163.8382632356503,192.3609514114631,pobre,basal,0,0.0,597.0,1.0,64.0,7,220,12801,0,1.0
97,1.0,0.0,2.543,1.0,9.0,3,163.8382632356503,192.3609514114631,no pobre,basal,3,250.0,926.5,1.0,60.0,16,220,12802,9,1.0
98,1.0,0.0,2.543,,,3,163.8382632356503,192.3609514114631,no pobre,basal,3,250.0,926.5,1.0,60.0,17,220,12802,9,1.0
97,1.0,0.0,2.543,0.0,6.0,8,163.8382632356503,192.3609514114631,pobre,basal,3,600.0,821.0,1.0,64.0,14,220,12803,6,0.0
98,1.0,0.0,2.543,0.0,6.0,8,163.8382632356503,192.3609514114631,pobre,basal,3,600.0,821.0,1.0,64.0,15,220,12803,6,0.0
97,1.0,0.0,2.543,1.0,6.0,8,163.8382632356503,192.3609514114631,pobre,basal,3,600.0,821.0,1.0,64.0,12,220,12804,6,1.0
98,1.0,0.0,2.543,1.0,7.0,8,163.8382632356503,192.3609514114631,pobre,basal,3,600.0,821.0,1.0,64.0,13,220,12804,6,1.0
97,1.0,0.0,2.543,1.0,3.0,8,163.8382632356503,192.3609514114631,pobre,basal,3,600.0,821.0,1.0,64.0,10,220,12805,3,1.0
98,1.0,0.0,2.543,1.0,3.0,8,163.8382632356503,192.3609514114631,pobre,basal,3,600.0,821.0,1.0,64.0,11,220,12805,3,1.0
97,0.0,0.0,2.543,0.0,9.0,8,163.8382632356503,192.3609514114631,pobre,basal,3,600.0,821.0,1.0,64.0,16,220,12806,9,0.0
98,0.0,0.0,2.543,,,8,163.8382632356503,192.3609514114631,pobre,basal,3,600.0,821.0,1.0,64.0,17,220,12806,9,0.0
97,1.0,0.0,2.543,1.0,7.0,7,163.8382632356503,192.3609514114631,pobre,basal,3,600.0,611.0,1.0,45.0,13,220,12807,7,1.0
98,1.0,0.0,2.543,1.0,8.0,7,163.8382632356503,192.3609514114631,pobre,basal,3,600.0,611.0,1.0,45.0,14,220,12807,7,1.0
97,1.0,0.0,2.543,1.0,4.0,7,163.8382632356503,192.3609514114631,pobre,basal,3,600.0,611.0,1.0,45.0,11,220,12808,4,1.0
98,1.0,0.0,2.543,1.0,5.0,7,163.8382632356503,192.3609514114631,pobre,basal,3,600.0,611.0,1.0,45.0,12,220,12808,4,1.0
97,0.0,0.0,2.543,1.0,2.0,7,163.8382632356503,192.3609514114631,pobre,basal,3,600.0,611.0,1.0,45.0,8,220,12809,2,1.0
98,0.0,0.0,2.543,1.0,3.0,7,163.8382632356503,192.3609514114631,pobre,basal,3,600.0,611.0,1.0,45.0,9,220,12809,2,1.0
97,1.0,0.0,2.543,1.0,1.0,7,163.8382632356503,192.3609514114631,pobre,basal,3,600.0,611.0,1.0,45.0,6,220,12810,1,1.0
98,1.0,0.0,2.543,1.0,2.0,7,163.8382632356503,192.3609514114631,pobre,basal,3,600.0,611.0,1.0,45.0,7,220,12810,1,1.0
97,0.0,0.0,2.543,1.0,9.0,15,163.8382632356503,192.3609514114631,pobre,basal,0,1303.5714,894.0,1.0,53.0,15,220,12811,9,1.0
98,0.0,0.0,2.543,1.0,11.0,15,163.8382632356503,192.3609514114631,pobre,basal,0,1303.5714,894.0,1.0,53.0,16,220,12811,9,1.0
97,1.0,0.0,2.543,1.0,6.0,15,163.8382632356503,192.3609514114631,pobre,basal,0,1303.5714,894.0,1.0,53.0,13,220,12812,6,1.0
98,1.0,0.0,2.543,1.0,7.0,15,163.8382632356503,192.3609514114631,pobre,basal,0,1303.5714,894.0,1.0,53.0,14,220,12812,6,1.0
97,1.0,0.0,2.543,1.0,3.0,15,163.8382632356503,192.3609514114631,pobre,basal,0,1303.5714,894.0,1.0,53.0,10,220,12813,3,1.0
98,1.0,0.0,2.543,1.0,4.0,15,163.8382632356503,192.3609514114631,pobre,basal,0,1303.5714,894.0,1.0,53.0,11,220,12813,3,1.0
97,1.0,0.0,2.543,1.0,2.0,15,163.8382632356503,192.3609514114631,pobre,basal,0,1303.5714,894.0,1.0,53.0,8,220,12814,2,1.0
98,1.0,0.0,2.543,1.0,3.0,15,163.8382632356503,192.3609514114631,pobre,basal,0,1303.5714,894.0,1.0,53.0,9,220,12814,2,1.0
97,0.0,0.0,2.543,1.0,1.0,15,163.8382632356503,192.3609514114631,pobre,basal,0,1303.5714,894.0,1.0,53.0,7,220,12815,1,1.0
98,0.0,0.0,2.543,1.0,2.0,15,163.8382632356503,192.3609514114631,pobre,basal,0,1303.5714,894.0,1.0,53.0,8,220,12815,1,1.0
97,0.0,0.0,2.543,1.0,4.0,4,163.8382632356503,192.3609514114631,no pobre,basal,6,800.0,912.0,1.0,39.0,8,220,12816,4,1.0
98,0.0,0.0,2.543,1.0,5.0,4,163.8382632356503,192.3609514114631,no pobre,basal,6,800.0,912.0,1.0,39.0,9,220,12816,4,1.0
97,1.0,0.0,2.543,0.0,8.0,4,163.8382632356503,192.3609514114631,no pobre,basal,6,800.0,912.0,1.0,39.0,15,220,12817,8,0.0
98,1.0,0.0,2.543,1.0,8.0,4,163.8382632356503,192.3609514114631,no pobre,basal,6,800.0,912.0,1.0,39.0,16,220,12817,8,0.0
97,0.0,0.0,2.543,1.0,5.0,6,163.8382632356503,192.3609514114631,pobre,basal,3,0.0,586.0,0.0,30.0,11,220,12818,5,1.0
98,0.0,0.0,2.543,1.0,6.0,6,163.8382632356503,192.3609514114631,pobre,basal,3,0.0,586.0,0.0,30.0,12,220,12818,5,1.0
97,0.0,0.0,2.543,1.0,1.0,6,163.8382632356503,192.3609514114631,pobre,basal,3,0.0,586.0,0.0,30.0,7,220,12819,1,1.0
98,0.0,0.0,2.543,1.0,2.0,6,163.8382632356503,192.3609514114631,pobre,basal,3,0.0,586.0,0.0,30.0,8,220,12819,1,1.0
97,0.0,0.0,2.543,1.0,1.0,6,163.8382632356503,192.3609514114631,pobre,basal,3,0.0,586.0,0.0,30.0,7,220,12820,1,1.0
98,0.0,0.0,2.543,1.0,2.0,6,163.8382632356503,192.3609514114631,pobre,basal,3,0.0,586.0,0.0,30.0,8,220,12820,1,1.0
97,1.0,0.0,2.543,1.0,7.0,5,163.8382632356503,192.3609514114631,no pobre,basal,1,0.0,923.5,1.0,54.0,13,220,12821,7,1.0
98,1.0,0.0,2.543,1.0,8.0,5,163.8382632356503,192.3609514114631,no pobre,basal,1,0.0,923.5,1.0,54.0,14,220,12821,7,1.0
97,0.0,0.0,2.543,1.0,5.0,5,163.8382632356503,192.3609514114631,no pobre,basal,1,0.0,923.5,1.0,54.0,11,220,12822,5,1.0
98,0.0,0.0,2.543,0.0,6.0,5,163.8382632356503,192.3609514114631,no pobre,basal,1,0.0,923.5,1.0,54.0,12,220,12822,5,1.0
97,1.0,0.0,2.543,0.0,6.0,6,163.8382632356503,192.3609514114631,pobre,basal,3,0.0,649.0,1.0,42.0,12,220,12823,6,0.0
98,1.0,0.0,2.543,0.0,6.0,6,163.8382632356503,192.3609514114631,pobre,basal,3,0.0,649.0,1.0,42.0,13,220,12823,6,0.0
97,0.0,0.0,2.543,1.0,2.0,6,163.8382632356503,192.3609514114631,pobre,basal,3,0.0,649.0,1.0,42.0,9,220,12824,2,1.0
98,0.0,0.0,2.543,1.0,3.0,6,163.8382632356503,192.3609514114631,pobre,basal,3,0.0,649.0,1.0,42.0,10,220,12824,2,1.0
97,1.0,0.0,2.543,0.0,9.0,6,163.8382632356503,192.3609514114631,pobre,basal,2,625.0,712.0,1.0,39.0,15,220,12825,9,0.0
98,1.0,0.0,2.543,0.0,9.0,6,163.8382632356503,192.3609514114631,pobre,basal,2,625.0,712.0,1.0,39.0,16,220,12825,9,0.0
97,0.0,0.0,2.543,0.0,6.0,6,163.8382632356503,192.3609514114631,pobre,basal,2,625.0,712.0,1.0,39.0,13,220,12826,6,0.0
98,0.0,0.0,2.543,0.0,6.0,6,163.8382632356503,192.3609514114631,pobre,basal,2,625.0,712.0,1.0,39.0,14,220,12826,6,0.0
97,0.0,0.0,2.543,1.0,5.0,6,163.8382632356503,192.3609514114631,pobre,basal,2,625.0,712.0,1.0,39.0,11,220,12827,5,1.0
98,0.0,0.0,2.543,1.0,6.0,6,163.8382632356503,192.3609514114631,pobre,basal,2,625.0,712.0,1.0,39.0,12,220,12827,5,1.0
97,1.0,0.0,2.543,0.0,9.0,10,163.8382632356503,192.3609514114631,pobre,basal,5,600.0,688.0,1.0,50.0,16,220,12828,9,0.0
98,1.0,0.0,2.543,0.0,9.0,10,163.8382632356503,192.3609514114631,pobre,basal,5,600.0,688.0,1.0,50.0,17,220,12828,9,0.0
97,0.0,0.0,2.543,0.0,8.0,10,163.8382632356503,192.3609514114631,pobre,basal,5,600.0,688.0,1.0,50.0,14,220,12829,8,0.0
98,0.0,0.0,2.543,0.0,8.0,10,163.8382632356503,192.3609514114631,pobre,basal,5,600.0,688.0,1.0,50.0,15,220,12829,8,0.0
97,0.0,0.0,2.543,1.0,6.0,10,163.8382632356503,192.3609514114631,pobre,basal,5,600.0,688.0,1.0,50.0,12,220,12830,6,1.0
98,0.0,0.0,2.543,1.0,7.0,10,163.8382632356503,192.3609514114631,pobre,basal,5,600.0,688.0,1.0,50.0,13,220,12830,6,1.0
97,0.0,0.0,2.543,1.0,5.0,10,163.8382632356503,192.3609514114631,pobre,basal,5,600.0,688.0,1.0,50.0,11,220,12831,5,1.0
98,0.0,0.0,2.543,1.0,6.0,10,163.8382632356503,192.3609514114631,pobre,basal,5,600.0,688.0,1.0,50.0,12,220,12831,5,1.0
97,0.0,0.0,2.543,1.0,2.0,10,163.8382632356503,192.3609514114631,pobre,basal,5,600.0,688.0,1.0,50.0,8,220,12832,2,1.0
98,0.0,0.0,2.543,1.0,3.0,10,163.8382632356503,192.3609514114631,pobre,basal,5,600.0,688.0,1.0,50.0,9,220,12832,2,1.0
97,0.0,0.0,2.543,0.0,6.0,5,163.8382632356503,192.3609514114631,no pobre,basal,0,400.0,941.66998,1.0,55.0,15,220,12833,6,0.0
98,0.0,0.0,2.543,,,5,163.8382632356503,192.3609514114631,no pobre,basal,0,400.0,941.66998,1.0,55.0,16,220,12833,6,0.0
97,1.0,0.0,2.543,1.0,4.0,5,163.8382632356503,192.3609514114631,pobre,basal,0,600.0,624.0,1.0,31.0,10,220,12834,4,1.0
98,1.0,0.0,2.543,1.0,5.0,5,163.8382632356503,192.3609514114631,pobre,basal,0,600.0,624.0,1.0,31.0,11,220,12834,4,1.0
97,1.0,0.0,2.543,1.0,3.0,5,163.8382632356503,192.3609514114631,pobre,basal,0,600.0,624.0,1.0,31.0,9,220,12835,3,1.0
98,1.0,0.0,2.543,1.0,5.0,5,163.8382632356503,192.3609514114631,pobre,basal,0,600.0,624.0,1.0,31.0,10,220,12835,3,1.0
97,1.0,0.0,2.543,1.0,1.0,5,163.8382632356503,192.3609514114631,pobre,basal,0,600.0,624.0,1.0,31.0,7,220,12836,1,1.0
98,1.0,0.0,2.543,1.0,2.0,5,163.8382632356503,192.3609514114631,pobre,basal,0,600.0,624.0,1.0,31.0,8,220,12836,1,1.0
97,1.0,0.0,2.543,1.0,5.0,4,163.8382632356503,192.3609514114631,no pobre,basal,5,833.33331,948.0,1.0,42.0,11,220,12837,5,1.0
98,1.0,0.0,2.543,1.0,7.0,4,163.8382632356503,192.3609514114631,no pobre,basal,5,833.33331,948.0,1.0,42.0,12,220,12837,5,1.0
97,1.0,0.0,2.543,0.0,9.0,6,163.8382632356503,192.3609514114631,pobre,basal,5,625.0,620.0,1.0,49.0,15,220,12838,9,0.0
98,1.0,0.0,2.543,,,6,163.8382632356503,192.3609514114631,pobre,basal,5,625.0,620.0,1.0,49.0,16,220,12838,9,0.0
97,1.0,0.0,2.543,0.0,6.0,6,163.8382632356503,192.3609514114631,pobre,basal,5,625.0,620.0,1.0,49.0,13,220,12839,6,0.0
98,1.0,0.0,2.543,1.0,7.0,6,163.8382632356503,192.3609514114631,pobre,basal,5,625.0,620.0,1.0,49.0,14,220,12839,6,0.0
97,0.0,0.0,2.543,1.0,4.0,6,163.8382632356503,192.3609514114631,pobre,basal,5,625.0,620.0,1.0,49.0,11,220,12840,4,1.0
98,0.0,0.0,2.543,1.0,5.0,6,163.8382632356503,192.3609514114631,pobre,basal,5,625.0,620.0,1.0,49.0,12,220,12840,4,1.0
97,0.0,0.0,2.543,0.0,6.0,6,163.8382632356503,192.3609514114631,pobre,basal,3,0.0,762.0,1.0,35.0,16,220,12841,6,0.0
98,0.0,0.0,2.543,,,6,163.8382632356503,192.3609514114631,pobre,basal,3,0.0,762.0,1.0,35.0,17,220,12841,6,0.0
97,0.0,0.0,2.543,0.0,6.0,6,163.8382632356503,192.3609514114631,pobre,basal,3,0.0,762.0,1.0,35.0,13,220,12842,6,0.0
98,0.0,0.0,2.543,0.0,6.0,6,163.8382632356503,192.3609514114631,pobre,basal,3,0.0,762.0,1.0,35.0,14,220,12842,6,0.0
97,0.0,0.0,2.543,1.0,4.0,6,163.8382632356503,192.3609514114631,pobre,basal,3,0.0,762.0,1.0,35.0,10,220,12843,4,1.0
98,0.0,0.0,2.543,1.0,6.0,6,163.8382632356503,192.3609514114631,pobre,basal,3,0.0,762.0,1.0,35.0,11,220,12843,4,1.0
97,1.0,0.0,2.543,1.0,1.0,6,163.8382632356503,192.3609514114631,pobre,basal,3,0.0,762.0,1.0,35.0,7,220,12844,1,1.0
98,1.0,0.0,2.543,1.0,2.0,6,163.8382632356503,192.3609514114631,pobre,basal,3,0.0,762.0,1.0,35.0,8,220,12844,1,1.0
97,1.0,0.0,2.543,0.0,9.0,12,163.8382632356503,192.3609514114631,pobre,basal,2,0.0,866.0,1.0,47.0,16,220,12845,9,0.0
98,1.0,0.0,2.543,0.0,9.0,12,163.8382632356503,192.3609514114631,pobre,basal,2,0.0,866.0,1.0,47.0,17,220,12845,9,0.0
97,0.0,0.0,2.543,0.0,6.0,12,163.8382632356503,192.3609514114631,pobre,basal,2,0.0,866.0,1.0,47.0,14,220,12846,6,0.0
98,0.0,0.0,2.543,0.0,6.0,12,163.8382632356503,192.3609514114631,pobre,basal,2,0.0,866.0,1.0,47.0,15,220,12846,6,0.0
97,1.0,0.0,2.543,1.0,5.0,12,163.8382632356503,192.3609514114631,pobre,basal,2,0.0,866.0,1.0,47.0,12,220,12847,5,1.0
98,1.0,0.0,2.543,1.0,6.0,12,163.8382632356503,192.3609514114631,pobre,basal,2,0.0,866.0,1.0,47.0,13,220,12847,5,1.0
97,0.0,0.0,2.543,1.0,1.0,12,163.8382632356503,192.3609514114631,pobre,basal,2,0.0,866.0,1.0,47.0,10,220,12848,1,1.0
98,0.0,0.0,2.543,1.0,4.0,12,163.8382632356503,192.3609514114631,pobre,basal,2,0.0,866.0,1.0,47.0,11,220,12848,1,1.0
97,0.0,0.0,2.543,1.0,1.0,12,163.8382632356503,192.3609514114631,pobre,basal,2,0.0,866.0,1.0,47.0,8,220,12849,1,1.0
98,0.0,0.0,2.543,1.0,2.0,12,163.8382632356503,192.3609514114631,pobre,basal,2,0.0,866.0,1.0,47.0,9,220,12849,1,1.0
97,1.0,0.0,2.543,1.0,8.0,7,163.8382632356503,192.3609514114631,pobre,basal,1,0.0,555.0,0.0,30.0,14,220,12850,8,1.0
98,1.0,0.0,2.543,0.0,9.0,7,163.8382632356503,192.3609514114631,pobre,basal,1,0.0,555.0,0.0,30.0,15,220,12850,8,1.0
97,0.0,0.0,2.543,1.0,3.0,7,163.8382632356503,192.3609514114631,pobre,basal,1,0.0,555.0,0.0,30.0,10,220,12851,3,1.0
98,0.0,0.0,2.543,1.0,4.0,7,163.8382632356503,192.3609514114631,pobre,basal,1,0.0,555.0,0.0,30.0,11,220,12851,3,1.0
97,1.0,0.0,2.543,1.0,1.0,7,163.8382632356503,192.3609514114631,pobre,basal,1,0.0,555.0,0.0,30.0,7,220,12852,1,1.0
98,1.0,0.0,2.543,1.0,2.0,7,163.8382632356503,192.3609514114631,pobre,basal,1,0.0,555.0,0.0,30.0,8,220,12852,1,1.0
97,0.0,0.0,2.543,1.0,6.0,7,163.8382632356503,192.3609514114631,pobre,basal,3,600.0,781.33002,1.0,43.0,13,220,12853,6,1.0
98,0.0,0.0,2.543,1.0,7.0,7,163.8382632356503,192.3609514114631,pobre,basal,3,600.0,781.33002,1.0,43.0,14,220,12853,6,1.0
97,0.0,0.0,2.543,1.0,5.0,7,163.8382632356503,192.3609514114631,pobre,basal,3,600.0,781.33002,1.0,43.0,11,220,12854,5,1.0
98,0.0,0.0,2.543,1.0,6.0,7,163.8382632356503,192.3609514114631,pobre,basal,3,600.0,781.33002,1.0,43.0,12,220,12854,5,1.0
97,0.0,0.0,2.543,1.0,1.0,7,163.8382632356503,192.3609514114631,pobre,basal,3,600.0,781.33002,1.0,43.0,7,220,12855,1,1.0
98,0.0,0.0,2.543,1.0,1.0,7,163.8382632356503,192.3609514114631,pobre,basal,3,600.0,781.33002,1.0,43.0,8,220,12855,1,1.0
97,1.0,0.0,2.543,0.0,9.0,9,163.8382632356503,192.3609514114631,pobre,basal,0,750.0,689.0,1.0,55.0,16,220,12856,9,0.0
98,1.0,0.0,2.543,,,9,163.8382632356503,192.3609514114631,pobre,basal,0,750.0,689.0,1.0,55.0,17,220,12856,9,0.0
97,1.0,0.0,2.543,0.0,5.0,9,163.8382632356503,192.3609514114631,pobre,basal,0,750.0,689.0,1.0,55.0,12,220,12857,5,0.0
98,1.0,0.0,2.543,1.0,5.0,9,163.8382632356503,192.3609514114631,pobre,basal,0,750.0,689.0,1.0,55.0,13,220,12857,5,0.0
97,1.0,0.0,2.543,0.0,5.0,9,163.8382632356503,192.3609514114631,pobre,basal,0,750.0,689.0,1.0,55.0,11,220,12858,5,0.0
98,1.0,0.0,2.543,1.0,5.0,9,163.8382632356503,192.3609514114631,pobre,basal,0,750.0,689.0,1.0,55.0,12,220,12858,5,0.0
97,0.0,0.0,2.543,,0.0,9,163.8382632356503,192.3609514114631,pobre,basal,0,750.0,689.0,1.0,55.0,6,220,12859,0,
98,0.0,0.0,2.543,,,9,163.8382632356503,192.3609514114631,pobre,basal,0,750.0,689.0,1.0,55.0,7,220,12859,0,
97,0.0,0.0,2.543,0.0,4.0,9,163.8382632356503,192.3609514114631,pobre,basal,0,750.0,689.0,1.0,55.0,15,220,12860,4,0.0
98,0.0,0.0,2.543,0.0,6.0,9,163.8382632356503,192.3609514114631,pobre,basal,0,750.0,689.0,1.0,55.0,16,220,12860,4,0.0
97,1.0,1.0,2.671,1.0,8.0,3,143.3207135991461,172.0543496515612,pobre,basal,1,500.0,939.0,0.0,50.0,15,237,12861,8,1.0
98,1.0,1.0,2.671,,,3,143.3207135991461,172.0543496515612,pobre,basal,1,500.0,939.0,0.0,50.0,16,237,12861,8,1.0
97,0.0,1.0,2.671,1.0,1.0,6,143.3207135991461,172.0543496515612,pobre,basal,2,41.666668,497.0,1.0,27.0,8,237,12862,1,1.0
98,0.0,1.0,2.671,1.0,2.0,6,143.3207135991461,172.0543496515612,pobre,basal,2,41.666668,497.0,1.0,27.0,9,237,12862,1,1.0
97,0.0,0.0,2.671,0.0,9.0,9,143.3207135991461,172.0543496515612,pobre,basal,3,500.0,652.0,1.0,47.0,15,237,12863,9,0.0
98,0.0,0.0,2.671,,,9,143.3207135991461,172.0543496515612,pobre,basal,3,500.0,652.0,1.0,47.0,16,237,12863,9,0.0
97,1.0,0.0,2.671,1.0,7.0,9,143.3207135991461,172.0543496515612,pobre,basal,3,500.0,652.0,1.0,47.0,13,237,12864,7,1.0
98,1.0,0.0,2.671,1.0,8.0,9,143.3207135991461,172.0543496515612,pobre,basal,3,500.0,652.0,1.0,47.0,14,237,12864,7,1.0
97,1.0,0.0,2.671,1.0,5.0,9,143.3207135991461,172.0543496515612,pobre,basal,3,500.0,652.0,1.0,47.0,11,237,12865,5,1.0
98,1.0,0.0,2.671,1.0,6.0,9,143.3207135991461,172.0543496515612,pobre,basal,3,500.0,652.0,1.0,47.0,12,237,12865,5,1.0
97,0.0,0.0,2.671,1.0,3.0,9,143.3207135991461,172.0543496515612,pobre,basal,3,500.0,652.0,1.0,47.0,9,237,12866,3,1.0
98,0.0,0.0,2.671,1.0,3.0,9,143.3207135991461,172.0543496515612,pobre,basal,3,500.0,652.0,1.0,47.0,10,237,12866,3,1.0
97,1.0,0.0,2.671,1.0,1.0,9,143.3207135991461,172.0543496515612,pobre,basal,3,500.0,652.0,1.0,47.0,7,237,12867,1,1.0
98,1.0,0.0,2.671,1.0,2.0,9,143.3207135991461,172.0543496515612,pobre,basal,3,500.0,652.0,1.0,47.0,8,237,12867,1,1.0
97,0.0,1.0,2.671,0.0,6.0,12,143.3207135991461,172.0543496515612,pobre,basal,4,500.0,574.0,1.0,48.0,16,237,12868,6,0.0
98,0.0,1.0,2.671,,,12,143.3207135991461,172.0543496515612,pobre,basal,4,500.0,574.0,1.0,48.0,17,237,12868,6,0.0
97,1.0,1.0,2.671,1.0,7.0,12,143.3207135991461,172.0543496515612,pobre,basal,4,500.0,574.0,1.0,48.0,13,237,12869,7,1.0
98,1.0,1.0,2.671,1.0,8.0,12,143.3207135991461,172.0543496515612,pobre,basal,4,500.0,574.0,1.0,48.0,14,237,12869,7,1.0
97,0.0,1.0,2.671,1.0,3.0,12,143.3207135991461,172.0543496515612,pobre,basal,4,500.0,574.0,1.0,48.0,11,237,12870,3,1.0
98,0.0,1.0,2.671,1.0,4.0,12,143.3207135991461,172.0543496515612,pobre,basal,4,500.0,574.0,1.0,48.0,12,237,12870,3,1.0
97,1.0,1.0,2.671,1.0,3.0,12,143.3207135991461,172.0543496515612,pobre,basal,4,500.0,574.0,1.0,48.0,9,237,12871,3,1.0
98,1.0,1.0,2.671,1.0,3.0,12,143.3207135991461,172.0543496515612,pobre,basal,4,500.0,574.0,1.0,48.0,10,237,12871,3,1.0
97,0.0,1.0,2.671,1.0,0.0,12,143.3207135991461,172.0543496515612,pobre,basal,4,500.0,574.0,1.0,48.0,6,237,12872,0,1.0
98,0.0,1.0,2.671,1.0,1.0,12,143.3207135991461,172.0543496515612,pobre,basal,4,500.0,574.0,1.0,48.0,7,237,12872,0,1.0
97,0.0,1.0,2.671,1.0,0.0,4,143.3207135991461,172.0543496515612,pobre,basal,1,0.0,897.0,1.0,67.0,6,237,12873,0,1.0
98,0.0,1.0,2.671,1.0,1.0,4,143.3207135991461,172.0543496515612,pobre,basal,1,0.0,897.0,1.0,67.0,7,237,12873,0,1.0
97,0.0,0.0,0.0,1.0,8.0,8,143.431273008683,171.3365425088043,pobre,basal,0,500.0,758.66998,1.0,50.0,15,238,12874,8,1.0
98,0.0,0.0,0.0,0.0,9.0,8,143.431273008683,171.3365425088043,pobre,basal,0,500.0,758.66998,1.0,50.0,16,238,12874,8,1.0
97,0.0,0.0,0.0,1.0,4.0,8,143.431273008683,171.3365425088043,pobre,basal,0,500.0,758.66998,1.0,50.0,10,238,12875,4,1.0
98,0.0,0.0,0.0,1.0,5.0,8,143.431273008683,171.3365425088043,pobre,basal,0,500.0,758.66998,1.0,50.0,11,238,12875,4,1.0
97,1.0,0.0,0.0,1.0,0.0,8,143.431273008683,171.3365425088043,pobre,basal,0,500.0,758.66998,1.0,50.0,7,238,12876,0,1.0
98,1.0,0.0,0.0,1.0,1.0,8,143.431273008683,171.3365425088043,pobre,basal,0,500.0,758.66998,1.0,50.0,8,238,12876,0,1.0
97,0.0,0.0,0.0,0.0,9.0,11,143.431273008683,171.3365425088043,pobre,basal,0,0.0,654.5,0.0,51.0,16,238,12877,9,0.0
98,0.0,0.0,0.0,,,11,143.431273008683,171.3365425088043,pobre,basal,0,0.0,654.5,0.0,51.0,17,238,12877,9,0.0
97,1.0,0.0,0.0,1.0,3.0,11,143.431273008683,171.3365425088043,pobre,basal,0,0.0,654.5,0.0,51.0,10,238,12878,3,1.0
98,1.0,0.0,0.0,1.0,4.0,11,143.431273008683,171.3365425088043,pobre,basal,0,0.0,654.5,0.0,51.0,11,238,12878,3,1.0
97,1.0,0.0,0.0,1.0,2.0,11,143.431273008683,171.3365425088043,pobre,basal,0,0.0,654.5,0.0,51.0,8,238,12879,2,1.0
98,1.0,0.0,0.0,1.0,3.0,11,143.431273008683,171.3365425088043,pobre,basal,0,0.0,654.5,0.0,51.0,9,238,12879,2,1.0
97,0.0,0.0,0.0,1.0,1.0,11,143.431273008683,171.3365425088043,pobre,basal,0,0.0,654.5,0.0,51.0,7,238,12880,1,1.0
98,0.0,0.0,0.0,1.0,2.0,11,143.431273008683,171.3365425088043,pobre,basal,0,0.0,654.5,0.0,51.0,8,238,12880,1,1.0
97,1.0,0.0,0.0,1.0,1.0,4,143.431273008683,171.3365425088043,pobre,basal,5,625.0,676.0,0.0,25.0,7,238,12881,1,1.0
98,1.0,0.0,0.0,1.0,2.0,4,143.431273008683,171.3365425088043,pobre,basal,5,625.0,676.0,0.0,25.0,8,238,12881,1,1.0
97,0.0,0.0,0.0,1.0,0.0,4,143.431273008683,171.3365425088043,pobre,basal,5,625.0,676.0,0.0,25.0,6,238,12882,0,1.0
98,0.0,0.0,0.0,1.0,1.0,4,143.431273008683,171.3365425088043,pobre,basal,5,625.0,676.0,0.0,25.0,7,238,12882,0,1.0
97,1.0,0.0,0.0,1.0,7.0,8,143.431273008683,171.3365425088043,pobre,basal,0,0.0,877.66998,1.0,53.0,14,238,12883,7,1.0
98,1.0,0.0,0.0,1.0,8.0,8,143.431273008683,171.3365425088043,pobre,basal,0,0.0,877.66998,1.0,53.0,15,238,12883,7,1.0
97,0.0,0.0,0.0,1.0,3.0,8,143.431273008683,171.3365425088043,pobre,basal,0,0.0,877.66998,1.0,53.0,11,238,12884,3,1.0
98,0.0,0.0,0.0,1.0,4.0,8,143.431273008683,171.3365425088043,pobre,basal,0,0.0,877.66998,1.0,53.0,12,238,12884,3,1.0
97,0.0,0.0,0.0,1.0,1.0,8,143.431273008683,171.3365425088043,pobre,basal,0,0.0,877.66998,1.0,53.0,6,238,12885,1,1.0
98,0.0,0.0,0.0,1.0,1.0,8,143.431273008683,171.3365425088043,pobre,basal,0,0.0,877.66998,1.0,53.0,7,238,12885,1,1.0
97,0.0,1.0,2.671,1.0,1.0,6,143.3207135991461,172.0543496515612,pobre,basal,9,625.0,523.0,1.0,28.0,6,237,12886,1,1.0
98,0.0,1.0,2.671,1.0,2.0,6,143.3207135991461,172.0543496515612,pobre,basal,9,625.0,523.0,1.0,28.0,7,237,12886,1,1.0
97,1.0,1.0,2.671,1.0,1.0,5,143.3207135991461,172.0543496515612,pobre,basal,0,0.0,846.5,0.0,67.0,6,237,12887,1,1.0
98,1.0,1.0,2.671,1.0,2.0,5,143.3207135991461,172.0543496515612,pobre,basal,0,0.0,846.5,0.0,67.0,7,237,12887,1,1.0
97,1.0,1.0,2.671,0.0,9.0,4,143.3207135991461,172.0543496515612,pobre,basal,4,500.0,602.0,1.0,57.0,14,237,12888,9,0.0
98,1.0,1.0,2.671,,,4,143.3207135991461,172.0543496515612,pobre,basal,4,500.0,602.0,1.0,57.0,15,237,12888,9,0.0
97,0.0,1.0,2.671,0.0,6.0,4,143.3207135991461,172.0543496515612,pobre,basal,4,500.0,602.0,1.0,57.0,12,237,12889,6,0.0
98,0.0,1.0,2.671,,,4,143.3207135991461,172.0543496515612,pobre,basal,4,500.0,602.0,1.0,57.0,13,237,12889,6,0.0
97,1.0,1.0,2.671,1.0,7.0,7,143.3207135991461,172.0543496515612,pobre,basal,2,500.0,447.0,1.0,28.0,13,237,12890,7,1.0
98,1.0,1.0,2.671,1.0,8.0,7,143.3207135991461,172.0543496515612,pobre,basal,2,500.0,447.0,1.0,28.0,14,237,12890,7,1.0
97,0.0,1.0,2.671,0.0,6.0,7,143.3207135991461,172.0543496515612,pobre,basal,2,500.0,447.0,1.0,28.0,12,237,12891,6,0.0
98,0.0,1.0,2.671,0.0,6.0,7,143.3207135991461,172.0543496515612,pobre,basal,2,500.0,447.0,1.0,28.0,13,237,12891,6,0.0
97,0.0,1.0,2.671,1.0,3.0,7,143.3207135991461,172.0543496515612,pobre,basal,2,500.0,447.0,1.0,28.0,10,237,12892,3,1.0
98,0.0,1.0,2.671,1.0,4.0,7,143.3207135991461,172.0543496515612,pobre,basal,2,500.0,447.0,1.0,28.0,11,237,12892,3,1.0
97,0.0,1.0,2.671,1.0,0.0,7,143.3207135991461,172.0543496515612,pobre,basal,2,500.0,447.0,1.0,28.0,6,237,12893,0,1.0
98,0.0,1.0,2.671,1.0,1.0,7,143.3207135991461,172.0543496515612,pobre,basal,2,500.0,447.0,1.0,28.0,7,237,12893,0,1.0
97,1.0,1.0,2.671,1.0,5.0,3,143.3207135991461,172.0543496515612,pobre,basal,0,0.0,627.0,1.0,75.0,9,237,12894,5,1.0
98,1.0,1.0,2.671,1.0,6.0,3,143.3207135991461,172.0543496515612,pobre,basal,0,0.0,627.0,1.0,75.0,10,237,12894,5,1.0
97,0.0,0.0,0.0,0.0,9.0,5,143.431273008683,171.3365425088043,pobre,basal,1,625.0,671.0,1.0,39.0,15,238,12895,9,0.0
98,0.0,0.0,0.0,1.0,10.0,5,143.431273008683,171.3365425088043,pobre,basal,1,625.0,671.0,1.0,39.0,16,238,12895,9,0.0
97,1.0,0.0,0.0,1.0,4.0,5,143.431273008683,171.3365425088043,pobre,basal,1,625.0,671.0,1.0,39.0,9,238,12896,4,1.0
98,1.0,0.0,0.0,1.0,5.0,5,143.431273008683,171.3365425088043,pobre,basal,1,625.0,671.0,1.0,39.0,10,238,12896,4,1.0
97,1.0,0.0,0.0,0.0,9.0,5,143.431273008683,171.3365425088043,no pobre,basal,0,83.333336,838.66998,1.0,57.0,16,238,12897,9,0.0
98,1.0,0.0,0.0,,,5,143.431273008683,171.3365425088043,no pobre,basal,0,83.333336,838.66998,1.0,57.0,17,238,12897,9,0.0
97,0.0,0.0,0.0,0.0,6.0,5,143.431273008683,171.3365425088043,no pobre,basal,0,83.333336,838.66998,1.0,57.0,15,238,12898,6,0.0
98,0.0,0.0,0.0,1.0,6.0,5,143.431273008683,171.3365425088043,no pobre,basal,0,83.333336,838.66998,1.0,57.0,16,238,12898,6,0.0
97,1.0,0.0,2.671,1.0,7.0,4,143.3207135991461,172.0543496515612,pobre,basal,1,160.0,629.0,0.0,62.0,13,237,12899,7,1.0
98,1.0,0.0,2.671,1.0,8.0,4,143.3207135991461,172.0543496515612,pobre,basal,1,160.0,629.0,0.0,62.0,14,237,12899,7,1.0
97,0.0,0.0,2.671,1.0,2.0,4,143.3207135991461,172.0543496515612,pobre,basal,1,160.0,629.0,0.0,62.0,10,237,12900,2,1.0
98,0.0,0.0,2.671,1.0,1.0,4,143.3207135991461,172.0543496515612,pobre,basal,1,160.0,629.0,0.0,62.0,11,237,12900,2,1.0
97,0.0,1.0,2.671,1.0,1.0,5,143.3207135991461,172.0543496515612,pobre,basal,6,625.0,615.5,1.0,28.0,8,237,12901,1,1.0
98,0.0,1.0,2.671,1.0,2.0,5,143.3207135991461,172.0543496515612,pobre,basal,6,625.0,615.5,1.0,28.0,9,237,12901,1,1.0
97,0.0,1.0,2.671,0.0,5.0,6,143.3207135991461,172.0543496515612,pobre,basal,6,500.0,579.0,1.0,18.0,16,237,12902,5,0.0
98,0.0,1.0,2.671,,,6,143.3207135991461,172.0543496515612,pobre,basal,6,500.0,579.0,1.0,18.0,17,237,12902,5,0.0
97,0.0,1.0,2.671,1.0,3.0,6,143.3207135991461,172.0543496515612,pobre,basal,6,500.0,579.0,1.0,18.0,11,237,12903,3,1.0
98,0.0,1.0,2.671,1.0,3.0,6,143.3207135991461,172.0543496515612,pobre,basal,6,500.0,579.0,1.0,18.0,12,237,12903,3,1.0
97,1.0,1.0,2.671,1.0,3.0,5,143.3207135991461,172.0543496515612,pobre,basal,2,625.0,536.0,1.0,34.0,10,237,12904,3,1.0
98,1.0,1.0,2.671,1.0,4.0,5,143.3207135991461,172.0543496515612,pobre,basal,2,625.0,536.0,1.0,34.0,11,237,12904,3,1.0
97,1.0,1.0,2.671,1.0,0.0,5,143.3207135991461,172.0543496515612,pobre,basal,2,625.0,536.0,1.0,34.0,6,237,12905,0,1.0
98,1.0,1.0,2.671,1.0,1.0,5,143.3207135991461,172.0543496515612,pobre,basal,2,625.0,536.0,1.0,34.0,7,237,12905,0,1.0
97,0.0,1.0,2.671,1.0,4.0,6,143.3207135991461,172.0543496515612,pobre,basal,3,400.0,714.5,1.0,49.0,10,237,12906,4,1.0
98,0.0,1.0,2.671,1.0,5.0,6,143.3207135991461,172.0543496515612,pobre,basal,3,400.0,714.5,1.0,49.0,11,237,12906,4,1.0
97,0.0,1.0,2.671,0.0,9.0,6,143.3207135991461,172.0543496515612,pobre,basal,3,400.0,714.5,1.0,49.0,14,237,12907,9,0.0
98,0.0,1.0,2.671,,5.0,6,143.3207135991461,172.0543496515612,pobre,basal,3,400.0,714.5,1.0,49.0,15,237,12907,9,0.0
97,0.0,1.0,2.671,0.0,6.0,6,143.3207135991461,172.0543496515612,pobre,basal,5,66.666664,880.0,1.0,39.0,12,237,12908,6,0.0
98,0.0,1.0,2.671,1.0,6.0,6,143.3207135991461,172.0543496515612,pobre,basal,5,66.666664,880.0,1.0,39.0,13,237,12908,6,0.0
97,0.0,1.0,2.671,1.0,3.0,6,143.3207135991461,172.0543496515612,pobre,basal,5,66.666664,880.0,1.0,39.0,9,237,12909,3,1.0
98,0.0,1.0,2.671,1.0,4.0,6,143.3207135991461,172.0543496515612,pobre,basal,5,66.666664,880.0,1.0,39.0,10,237,12909,3,1.0
97,0.0,1.0,2.671,1.0,1.0,6,143.3207135991461,172.0543496515612,pobre,basal,5,66.666664,880.0,1.0,39.0,6,237,12910,1,1.0
98,0.0,1.0,2.671,0.0,2.0,6,143.3207135991461,172.0543496515612,pobre,basal,5,66.666664,880.0,1.0,39.0,7,237,12910,1,1.0
97,1.0,1.0,2.671,1.0,9.0,9,143.3207135991461,172.0543496515612,pobre,basal,6,0.0,712.5,1.0,45.0,16,237,12911,9,1.0
98,1.0,1.0,2.671,,,9,143.3207135991461,172.0543496515612,pobre,basal,6,0.0,712.5,1.0,45.0,17,237,12911,9,1.0
97,0.0,1.0,2.671,1.0,4.0,9,143.3207135991461,172.0543496515612,pobre,basal,6,0.0,712.5,1.0,45.0,15,237,12912,4,1.0
98,0.0,1.0,2.671,1.0,4.0,9,143.3207135991461,172.0543496515612,pobre,basal,6,0.0,712.5,1.0,45.0,16,237,12912,4,1.0
97,0.0,1.0,2.671,0.0,4.0,9,143.3207135991461,172.0543496515612,pobre,basal,6,0.0,712.5,1.0,45.0,13,237,12913,4,0.0
98,0.0,1.0,2.671,,,9,143.3207135991461,172.0543496515612,pobre,basal,6,0.0,712.5,1.0,45.0,14,237,12913,4,0.0
97,1.0,1.0,2.671,1.0,0.0,9,143.3207135991461,172.0543496515612,pobre,basal,6,0.0,712.5,1.0,45.0,6,237,12914,0,1.0
98,1.0,1.0,2.671,1.0,1.0,9,143.3207135991461,172.0543496515612,pobre,basal,6,0.0,712.5,1.0,45.0,7,237,12914,0,1.0
97,1.0,0.0,2.671,1.0,2.0,6,143.3207135991461,172.0543496515612,pobre,basal,6,1000.0,529.0,1.0,29.0,8,237,12915,2,1.0
98,1.0,0.0,2.671,1.0,3.0,6,143.3207135991461,172.0543496515612,pobre,basal,6,1000.0,529.0,1.0,29.0,9,237,12915,2,1.0
97,1.0,1.0,2.671,1.0,7.0,8,143.3207135991461,172.0543496515612,pobre,basal,0,625.0,429.0,1.0,39.0,15,237,12916,7,1.0
98,1.0,1.0,2.671,1.0,8.0,8,143.3207135991461,172.0543496515612,pobre,basal,0,625.0,429.0,1.0,39.0,16,237,12916,7,1.0
97,1.0,1.0,2.671,1.0,4.0,8,143.3207135991461,172.0543496515612,pobre,basal,0,625.0,429.0,1.0,39.0,11,237,12917,4,1.0
98,1.0,1.0,2.671,1.0,5.0,8,143.3207135991461,172.0543496515612,pobre,basal,0,625.0,429.0,1.0,39.0,12,237,12917,4,1.0
97,1.0,1.0,2.671,1.0,3.0,8,143.3207135991461,172.0543496515612,pobre,basal,0,625.0,429.0,1.0,39.0,9,237,12918,3,1.0
98,1.0,1.0,2.671,1.0,4.0,8,143.3207135991461,172.0543496515612,pobre,basal,0,625.0,429.0,1.0,39.0,10,237,12918,3,1.0
97,0.0,1.0,2.671,1.0,1.0,8,143.3207135991461,172.0543496515612,pobre,basal,0,625.0,429.0,1.0,39.0,7,237,12919,1,1.0
98,0.0,1.0,2.671,1.0,2.0,8,143.3207135991461,172.0543496515612,pobre,basal,0,625.0,429.0,1.0,39.0,8,237,12919,1,1.0
97,1.0,1.0,2.671,1.0,5.0,7,143.3207135991461,172.0543496515612,pobre,basal,0,625.0,592.0,1.0,37.0,12,237,12920,5,1.0
98,1.0,1.0,2.671,1.0,6.0,7,143.3207135991461,172.0543496515612,pobre,basal,0,625.0,592.0,1.0,37.0,13,237,12920,5,1.0
97,1.0,1.0,2.671,1.0,2.0,7,143.3207135991461,172.0543496515612,pobre,basal,0,625.0,592.0,1.0,37.0,9,237,12921,2,1.0
98,1.0,1.0,2.671,1.0,3.0,7,143.3207135991461,172.0543496515612,pobre,basal,0,625.0,592.0,1.0,37.0,10,237,12921,2,1.0
97,0.0,1.0,2.671,1.0,0.0,7,143.3207135991461,172.0543496515612,pobre,basal,0,625.0,592.0,1.0,37.0,6,237,12922,0,1.0
98,0.0,1.0,2.671,1.0,1.0,7,143.3207135991461,172.0543496515612,pobre,basal,0,625.0,592.0,1.0,37.0,7,237,12922,0,1.0
97,1.0,1.0,2.671,0.0,6.0,4,143.3207135991461,172.0543496515612,pobre,basal,0,0.0,658.33002,0.0,53.0,16,237,12923,6,0.0
98,1.0,1.0,2.671,,,4,143.3207135991461,172.0543496515612,pobre,basal,0,0.0,658.33002,0.0,53.0,17,237,12923,6,0.0
97,0.0,1.0,2.671,0.0,6.0,4,143.3207135991461,172.0543496515612,pobre,basal,0,0.0,658.33002,0.0,53.0,15,237,12924,6,0.0
98,0.0,1.0,2.671,0.0,8.0,4,143.3207135991461,172.0543496515612,pobre,basal,0,0.0,658.33002,0.0,53.0,16,237,12924,6,0.0
97,1.0,1.0,2.671,1.0,5.0,8,143.3207135991461,172.0543496515612,pobre,basal,1,675.0,462.0,1.0,41.0,13,237,12925,5,1.0
98,1.0,1.0,2.671,1.0,6.0,8,143.3207135991461,172.0543496515612,pobre,basal,1,675.0,462.0,1.0,41.0,14,237,12925,5,1.0
97,1.0,1.0,2.671,1.0,3.0,8,143.3207135991461,172.0543496515612,pobre,basal,1,675.0,462.0,1.0,41.0,11,237,12926,3,1.0
98,1.0,1.0,2.671,1.0,4.0,8,143.3207135991461,172.0543496515612,pobre,basal,1,675.0,462.0,1.0,41.0,12,237,12926,3,1.0
97,0.0,1.0,2.671,1.0,2.0,8,143.3207135991461,172.0543496515612,pobre,basal,1,675.0,462.0,1.0,41.0,8,237,12927,2,1.0
98,0.0,1.0,2.671,1.0,3.0,8,143.3207135991461,172.0543496515612,pobre,basal,1,675.0,462.0,1.0,41.0,9,237,12927,2,1.0
97,0.0,1.0,2.671,1.0,1.0,8,143.3207135991461,172.0543496515612,pobre,basal,1,675.0,462.0,1.0,41.0,6,237,12928,1,1.0
98,0.0,1.0,2.671,1.0,2.0,8,143.3207135991461,172.0543496515612,pobre,basal,1,675.0,462.0,1.0,41.0,7,237,12928,1,1.0
97,0.0,0.0,2.671,0.0,6.0,8,143.3207135991461,172.0543496515612,pobre,basal,5,500.0,624.66998,0.0,39.0,16,237,12929,6,0.0
98,0.0,0.0,2.671,,,8,143.3207135991461,172.0543496515612,pobre,basal,5,500.0,624.66998,0.0,39.0,17,237,12929,6,0.0
97,0.0,0.0,2.671,1.0,5.0,8,143.3207135991461,172.0543496515612,pobre,basal,5,500.0,624.66998,0.0,39.0,11,237,12930,5,1.0
98,0.0,0.0,2.671,,,8,143.3207135991461,172.0543496515612,pobre,basal,5,500.0,624.66998,0.0,39.0,12,237,12930,5,1.0
97,0.0,0.0,2.671,1.0,1.0,8,143.3207135991461,172.0543496515612,pobre,basal,5,500.0,624.66998,0.0,39.0,7,237,12931,1,1.0
98,0.0,0.0,2.671,,,8,143.3207135991461,172.0543496515612,pobre,basal,5,500.0,624.66998,0.0,39.0,8,237,12931,1,1.0
97,1.0,0.0,2.671,1.0,0.0,5,143.3207135991461,172.0543496515612,pobre,basal,9,500.0,561.0,1.0,27.0,7,237,12932,0,1.0
98,1.0,0.0,2.671,,,5,143.3207135991461,172.0543496515612,pobre,basal,9,500.0,561.0,1.0,27.0,8,237,12932,0,1.0
97,0.0,0.0,2.671,1.0,5.0,5,143.3207135991461,172.0543496515612,pobre,basal,1,625.0,690.66998,1.0,45.0,11,237,12933,5,1.0
98,0.0,0.0,2.671,1.0,6.0,5,143.3207135991461,172.0543496515612,pobre,basal,1,625.0,690.66998,1.0,45.0,12,237,12933,5,1.0
97,0.0,1.0,2.671,0.0,6.0,5,143.3207135991461,172.0543496515612,pobre,basal,1,500.0,674.0,1.0,46.0,16,237,12934,6,0.0
98,0.0,1.0,2.671,,,5,143.3207135991461,172.0543496515612,pobre,basal,1,500.0,674.0,1.0,46.0,17,237,12934,6,0.0
97,1.0,1.0,2.671,1.0,8.0,5,143.3207135991461,172.0543496515612,pobre,basal,1,500.0,674.0,1.0,46.0,15,237,12935,8,1.0
98,1.0,1.0,2.671,1.0,9.0,5,143.3207135991461,172.0543496515612,pobre,basal,1,500.0,674.0,1.0,46.0,16,237,12935,8,1.0
97,1.0,1.0,2.671,1.0,4.0,10,143.3207135991461,172.0543496515612,pobre,basal,2,0.0,617.33002,1.0,46.0,10,237,12936,4,1.0
98,1.0,1.0,2.671,1.0,5.0,10,143.3207135991461,172.0543496515612,pobre,basal,2,0.0,617.33002,1.0,46.0,11,237,12936,4,1.0
97,1.0,1.0,2.671,1.0,2.0,10,143.3207135991461,172.0543496515612,pobre,basal,2,0.0,617.33002,1.0,46.0,9,237,12937,2,1.0
98,1.0,1.0,2.671,1.0,3.0,10,143.3207135991461,172.0543496515612,pobre,basal,2,0.0,617.33002,1.0,46.0,10,237,12937,2,1.0
97,0.0,1.0,2.671,1.0,1.0,10,143.3207135991461,172.0543496515612,pobre,basal,2,0.0,617.33002,1.0,46.0,7,237,12938,1,1.0
98,0.0,1.0,2.671,1.0,2.0,10,143.3207135991461,172.0543496515612,pobre,basal,2,0.0,617.33002,1.0,46.0,8,237,12938,1,1.0
97,1.0,0.0,2.0680001,0.0,4.0,3,151.1757853545379,180.0622438071587,pobre,basal,6,625.0,746.5,1.0,35.0,14,239,12939,4,0.0
98,1.0,0.0,2.0680001,0.0,4.0,3,151.1757853545379,180.0622438071587,pobre,basal,6,625.0,746.5,1.0,35.0,15,239,12939,4,0.0
97,0.0,0.0,2.0680001,0.0,9.0,11,151.1757853545379,180.0622438071587,pobre,basal,6,625.0,468.0,1.0,42.0,16,239,12940,9,0.0
98,0.0,0.0,2.0680001,,,11,151.1757853545379,180.0622438071587,pobre,basal,6,625.0,468.0,1.0,42.0,17,239,12940,9,0.0
97,0.0,0.0,2.0680001,0.0,9.0,11,151.1757853545379,180.0622438071587,pobre,basal,6,625.0,468.0,1.0,42.0,15,239,12941,9,0.0
98,0.0,0.0,2.0680001,0.0,9.0,11,151.1757853545379,180.0622438071587,pobre,basal,6,625.0,468.0,1.0,42.0,16,239,12941,9,0.0
97,1.0,0.0,2.0680001,1.0,6.0,11,151.1757853545379,180.0622438071587,pobre,basal,6,625.0,468.0,1.0,42.0,12,239,12942,6,1.0
98,1.0,0.0,2.0680001,0.0,1.0,11,151.1757853545379,180.0622438071587,pobre,basal,6,625.0,468.0,1.0,42.0,13,239,12942,6,1.0
97,0.0,0.0,2.0680001,1.0,4.0,11,151.1757853545379,180.0622438071587,pobre,basal,6,625.0,468.0,1.0,42.0,11,239,12943,4,1.0
98,0.0,0.0,2.0680001,1.0,5.0,11,151.1757853545379,180.0622438071587,pobre,basal,6,625.0,468.0,1.0,42.0,12,239,12943,4,1.0
97,0.0,0.0,2.0680001,1.0,2.0,11,151.1757853545379,180.0622438071587,pobre,basal,6,625.0,468.0,1.0,42.0,8,239,12944,2,1.0
98,0.0,0.0,2.0680001,1.0,3.0,11,151.1757853545379,180.0622438071587,pobre,basal,6,625.0,468.0,1.0,42.0,9,239,12944,2,1.0
97,0.0,0.0,2.0680001,1.0,0.0,11,151.1757853545379,180.0622438071587,pobre,basal,6,625.0,468.0,1.0,42.0,6,239,12945,0,1.0
98,0.0,0.0,2.0680001,1.0,1.0,11,151.1757853545379,180.0622438071587,pobre,basal,6,625.0,468.0,1.0,42.0,7,239,12945,0,1.0
97,0.0,0.0,2.0680001,1.0,2.0,5,151.1757853545379,180.0622438071587,no pobre,basal,0,0.0,808.66998,1.0,74.0,8,239,12946,2,1.0
98,0.0,0.0,2.0680001,1.0,3.0,5,151.1757853545379,180.0622438071587,no pobre,basal,0,0.0,808.66998,1.0,74.0,9,239,12946,2,1.0
97,0.0,0.0,2.0680001,1.0,6.0,6,151.1757853545379,180.0622438071587,no pobre,basal,3,625.0,765.0,1.0,62.0,15,239,12947,6,1.0
98,0.0,0.0,2.0680001,1.0,7.0,6,151.1757853545379,180.0622438071587,no pobre,basal,3,625.0,765.0,1.0,62.0,16,239,12947,6,1.0
97,0.0,0.0,2.0680001,0.0,9.0,6,151.1757853545379,180.0622438071587,no pobre,basal,3,625.0,765.0,1.0,62.0,15,239,12948,9,0.0
98,0.0,0.0,2.0680001,,,6,151.1757853545379,180.0622438071587,no pobre,basal,3,625.0,765.0,1.0,62.0,16,239,12948,9,0.0
97,1.0,0.0,2.0680001,1.0,7.0,3,151.1757853545379,180.0622438071587,no pobre,basal,5,500.0,767.0,1.0,52.0,14,239,12949,7,1.0
98,1.0,0.0,2.0680001,1.0,8.0,3,151.1757853545379,180.0622438071587,no pobre,basal,5,500.0,767.0,1.0,52.0,15,239,12949,7,1.0
97,1.0,0.0,2.0680001,1.0,9.0,7,151.1757853545379,180.0622438071587,pobre,basal,2,625.0,749.5,1.0,62.0,15,239,12950,9,1.0
98,1.0,0.0,2.0680001,,,7,151.1757853545379,180.0622438071587,pobre,basal,2,625.0,749.5,1.0,62.0,16,239,12950,9,1.0
97,0.0,0.0,2.0680001,1.0,2.0,4,151.1757853545379,180.0622438071587,pobre,basal,9,625.0,852.0,1.0,30.0,8,239,12951,2,1.0
98,0.0,0.0,2.0680001,1.0,3.0,4,151.1757853545379,180.0622438071587,pobre,basal,9,625.0,852.0,1.0,30.0,9,239,12951,2,1.0
97,0.0,0.0,2.0680001,1.0,0.0,4,151.1757853545379,180.0622438071587,pobre,basal,9,625.0,852.0,1.0,30.0,6,239,12952,0,1.0
98,0.0,0.0,2.0680001,1.0,1.0,4,151.1757853545379,180.0622438071587,pobre,basal,9,625.0,852.0,1.0,30.0,7,239,12952,0,1.0
97,0.0,0.0,2.0680001,0.0,9.0,4,151.1757853545379,180.0622438071587,no pobre,basal,0,625.0,905.0,1.0,59.0,15,239,12953,9,0.0
98,0.0,0.0,2.0680001,0.0,6.0,4,151.1757853545379,180.0622438071587,no pobre,basal,0,625.0,905.0,1.0,59.0,16,239,12953,9,0.0
97,1.0,0.0,2.0680001,1.0,2.0,5,151.1757853545379,180.0622438071587,pobre,basal,1,0.0,717.0,1.0,37.0,8,239,12954,2,1.0
98,1.0,0.0,2.0680001,1.0,3.0,5,151.1757853545379,180.0622438071587,pobre,basal,1,0.0,717.0,1.0,37.0,9,239,12954,2,1.0
97,1.0,0.0,2.0680001,1.0,0.0,5,151.1757853545379,180.0622438071587,pobre,basal,1,0.0,717.0,1.0,37.0,6,239,12955,0,1.0
98,1.0,0.0,2.0680001,1.0,1.0,5,151.1757853545379,180.0622438071587,pobre,basal,1,0.0,717.0,1.0,37.0,7,239,12955,0,1.0
97,1.0,0.0,2.2650001,1.0,4.0,5,86.28887146500354,86.28887146500354,pobre,0,3,1000.0,608.0,1.0,30.0,11,130,12956,4,1.0
98,1.0,0.0,2.2650001,1.0,5.0,5,86.28887146500354,86.28887146500354,pobre,0,3,1000.0,608.0,1.0,30.0,12,130,12956,4,1.0
97,0.0,0.0,2.2650001,1.0,1.0,5,86.28887146500354,86.28887146500354,pobre,0,3,1000.0,608.0,1.0,30.0,8,130,12957,1,1.0
98,0.0,0.0,2.2650001,1.0,2.0,5,86.28887146500354,86.28887146500354,pobre,0,3,1000.0,608.0,1.0,30.0,9,130,12957,1,1.0
97,1.0,0.0,2.2650001,1.0,1.0,5,86.28887146500354,86.28887146500354,pobre,0,3,1000.0,608.0,1.0,30.0,7,130,12958,1,1.0
98,1.0,0.0,2.2650001,1.0,2.0,5,86.28887146500354,86.28887146500354,pobre,0,3,1000.0,608.0,1.0,30.0,8,130,12958,1,1.0
97,0.0,0.0,2.5610001,0.0,6.0,7,117.7705256797729,146.006231960712,pobre,basal,3,750.0,486.0,1.0,63.0,16,262,12959,6,0.0
98,0.0,0.0,2.5610001,,,7,117.7705256797729,146.006231960712,pobre,basal,3,750.0,486.0,1.0,63.0,17,262,12959,6,0.0
97,1.0,0.0,2.5610001,1.0,2.0,7,117.7705256797729,146.006231960712,pobre,basal,3,750.0,486.0,1.0,63.0,8,262,12960,2,1.0
98,1.0,0.0,2.5610001,1.0,3.0,7,117.7705256797729,146.006231960712,pobre,basal,3,750.0,486.0,1.0,63.0,9,262,12960,2,1.0
97,0.0,0.0,2.5610001,1.0,0.0,7,117.7705256797729,146.006231960712,pobre,basal,3,750.0,486.0,1.0,63.0,6,262,12961,0,1.0
98,0.0,0.0,2.5610001,1.0,1.0,7,117.7705256797729,146.006231960712,pobre,basal,3,750.0,486.0,1.0,63.0,7,262,12961,0,1.0
97,1.0,0.0,2.5610001,0.0,9.0,7,117.7705256797729,146.006231960712,pobre,basal,0,625.0,646.75,1.0,62.0,14,262,12962,9,0.0
98,1.0,0.0,2.5610001,0.0,9.0,7,117.7705256797729,146.006231960712,pobre,basal,0,625.0,646.75,1.0,62.0,15,262,12962,9,0.0
97,1.0,0.0,2.5610001,1.0,5.0,7,117.7705256797729,146.006231960712,pobre,basal,0,625.0,646.75,1.0,62.0,11,262,12963,5,1.0
98,1.0,0.0,2.5610001,1.0,6.0,7,117.7705256797729,146.006231960712,pobre,basal,0,625.0,646.75,1.0,62.0,12,262,12963,5,1.0
97,1.0,0.0,2.2650001,0.0,9.0,7,86.28887146500354,86.28887146500354,pobre,0,3,66.666664,604.0,1.0,42.0,15,130,12964,9,0.0
98,1.0,0.0,2.2650001,,,7,86.28887146500354,86.28887146500354,pobre,0,3,66.666664,604.0,1.0,42.0,16,130,12964,9,0.0
97,1.0,0.0,2.2650001,1.0,5.0,7,86.28887146500354,86.28887146500354,pobre,0,3,66.666664,604.0,1.0,42.0,11,130,12965,5,1.0
98,1.0,0.0,2.2650001,,,7,86.28887146500354,86.28887146500354,pobre,0,3,66.666664,604.0,1.0,42.0,12,130,12965,5,1.0
97,0.0,0.0,2.2650001,1.0,0.0,7,86.28887146500354,86.28887146500354,pobre,0,3,66.666664,604.0,1.0,42.0,6,130,12966,0,1.0
98,0.0,0.0,2.2650001,1.0,1.0,7,86.28887146500354,86.28887146500354,pobre,0,3,66.666664,604.0,1.0,42.0,7,130,12966,0,1.0
97,1.0,0.0,2.5610001,1.0,8.0,6,117.7705256797729,146.006231960712,pobre,basal,1,500.0,577.5,0.0,42.0,15,262,12967,8,1.0
98,1.0,0.0,2.5610001,,,6,117.7705256797729,146.006231960712,pobre,basal,1,500.0,577.5,0.0,42.0,16,262,12967,8,1.0
97,0.0,0.0,2.5610001,0.0,6.0,6,117.7705256797729,146.006231960712,pobre,basal,1,500.0,577.5,0.0,42.0,12,262,12968,6,0.0
98,0.0,0.0,2.5610001,,,6,117.7705256797729,146.006231960712,pobre,basal,1,500.0,577.5,0.0,42.0,13,262,12968,6,0.0
97,1.0,0.0,2.5610001,1.0,3.0,6,117.7705256797729,146.006231960712,pobre,basal,1,500.0,577.5,0.0,42.0,9,262,12969,3,1.0
98,1.0,0.0,2.5610001,,,6,117.7705256797729,146.006231960712,pobre,basal,1,500.0,577.5,0.0,42.0,10,262,12969,3,1.0
97,1.0,0.0,2.5610001,1.0,4.0,6,117.7705256797729,146.006231960712,pobre,basal,4,600.0,623.14001,1.0,29.0,12,262,12970,4,1.0
98,1.0,0.0,2.5610001,1.0,5.0,6,117.7705256797729,146.006231960712,pobre,basal,4,600.0,623.14001,1.0,29.0,13,262,12970,4,1.0
97,0.0,0.0,2.5610001,1.0,4.0,6,117.7705256797729,146.006231960712,pobre,basal,4,600.0,623.14001,1.0,29.0,10,262,12971,4,1.0
98,0.0,0.0,2.5610001,1.0,5.0,6,117.7705256797729,146.006231960712,pobre,basal,4,600.0,623.14001,1.0,29.0,11,262,12971,4,1.0
97,1.0,0.0,2.5610001,1.0,2.0,6,117.7705256797729,146.006231960712,pobre,basal,4,600.0,623.14001,1.0,29.0,8,262,12972,2,1.0
98,1.0,0.0,2.5610001,1.0,3.0,6,117.7705256797729,146.006231960712,pobre,basal,4,600.0,623.14001,1.0,29.0,9,262,12972,2,1.0
97,0.0,0.0,2.5610001,1.0,3.0,3,117.7705256797729,146.006231960712,pobre,basal,5,625.0,619.0,1.0,24.0,11,262,12973,3,1.0
98,0.0,0.0,2.5610001,1.0,4.0,3,117.7705256797729,146.006231960712,pobre,basal,5,625.0,619.0,1.0,24.0,12,262,12973,3,1.0
97,1.0,0.0,2.2650001,1.0,5.0,6,86.28887146500354,86.28887146500354,pobre,0,5,1200.0,578.0,1.0,35.0,12,130,12974,5,1.0
98,1.0,0.0,2.2650001,1.0,6.0,6,86.28887146500354,86.28887146500354,pobre,0,5,1200.0,578.0,1.0,35.0,13,130,12974,5,1.0
97,1.0,0.0,2.2650001,1.0,4.0,6,86.28887146500354,86.28887146500354,pobre,0,5,1200.0,578.0,1.0,35.0,11,130,12975,4,1.0
98,1.0,0.0,2.2650001,1.0,5.0,6,86.28887146500354,86.28887146500354,pobre,0,5,1200.0,578.0,1.0,35.0,12,130,12975,4,1.0
97,0.0,0.0,2.2650001,1.0,4.0,6,86.28887146500354,86.28887146500354,pobre,0,5,1200.0,578.0,1.0,35.0,10,130,12976,4,1.0
98,0.0,0.0,2.2650001,1.0,5.0,6,86.28887146500354,86.28887146500354,pobre,0,5,1200.0,578.0,1.0,35.0,11,130,12976,4,1.0
97,0.0,0.0,2.2650001,1.0,0.0,6,86.28887146500354,86.28887146500354,pobre,0,5,1200.0,578.0,1.0,35.0,7,130,12977,0,1.0
98,0.0,0.0,2.2650001,1.0,1.0,6,86.28887146500354,86.28887146500354,pobre,0,5,1200.0,578.0,1.0,35.0,8,130,12977,0,1.0
97,0.0,0.0,2.5610001,0.0,5.0,5,117.7705256797729,146.006231960712,pobre,basal,0,0.0,833.5,0.0,59.0,15,262,12978,5,0.0
98,0.0,0.0,2.5610001,0.0,5.0,5,117.7705256797729,146.006231960712,pobre,basal,0,0.0,833.5,0.0,59.0,16,262,12978,5,0.0
97,1.0,0.0,2.5610001,0.0,6.0,7,117.7705256797729,146.006231960712,pobre,basal,4,750.0,446.0,1.0,33.0,12,262,12979,6,0.0
98,1.0,0.0,2.5610001,0.0,6.0,7,117.7705256797729,146.006231960712,pobre,basal,4,750.0,446.0,1.0,33.0,13,262,12979,6,0.0
97,1.0,0.0,2.5610001,1.0,1.0,7,117.7705256797729,146.006231960712,pobre,basal,4,750.0,446.0,1.0,33.0,9,262,12980,1,1.0
98,1.0,0.0,2.5610001,1.0,2.0,7,117.7705256797729,146.006231960712,pobre,basal,4,750.0,446.0,1.0,33.0,10,262,12980,1,1.0
97,0.0,0.0,2.5610001,1.0,0.0,7,117.7705256797729,146.006231960712,pobre,basal,4,750.0,446.0,1.0,33.0,6,262,12981,0,1.0
98,0.0,0.0,2.5610001,1.0,0.0,7,117.7705256797729,146.006231960712,pobre,basal,4,750.0,446.0,1.0,33.0,7,262,12981,0,1.0
97,1.0,1.0,2.5610001,1.0,7.0,9,117.7705256797729,146.006231960712,pobre,basal,2,875.0,544.5,1.0,32.0,16,262,12982,7,1.0
98,1.0,1.0,2.5610001,,,9,117.7705256797729,146.006231960712,pobre,basal,2,875.0,544.5,1.0,32.0,17,262,12982,7,1.0
97,0.0,0.0,0.0,1.0,4.0,3,78.0631292297994,78.0631292297994,no pobre,0,0,1000.0,,1.0,60.0,11,189,12983,4,1.0
98,0.0,0.0,0.0,,,3,78.0631292297994,78.0631292297994,no pobre,0,0,1000.0,,1.0,60.0,12,189,12983,4,1.0
97,1.0,0.0,0.0,1.0,7.0,7,78.0631292297994,78.0631292297994,pobre,0,2,0.0,464.0,1.0,40.0,16,189,12984,7,1.0
98,1.0,0.0,0.0,,,7,78.0631292297994,78.0631292297994,pobre,0,2,0.0,464.0,1.0,40.0,17,189,12984,7,1.0
97,0.0,0.0,0.0,1.0,5.0,7,78.0631292297994,78.0631292297994,pobre,0,2,0.0,464.0,1.0,40.0,14,189,12985,5,1.0
98,0.0,0.0,0.0,1.0,6.0,7,78.0631292297994,78.0631292297994,pobre,0,2,0.0,464.0,1.0,40.0,15,189,12985,5,1.0
97,1.0,0.0,0.0,1.0,5.0,7,78.0631292297994,78.0631292297994,pobre,0,2,0.0,464.0,1.0,40.0,12,189,12986,5,1.0
98,1.0,0.0,0.0,1.0,6.0,7,78.0631292297994,78.0631292297994,pobre,0,2,0.0,464.0,1.0,40.0,13,189,12986,5,1.0
97,1.0,0.0,2.5610001,0.0,6.0,11,117.7705256797729,146.006231960712,pobre,basal,1,625.0,608.75,1.0,46.0,16,262,12987,6,0.0
98,1.0,0.0,2.5610001,0.0,6.0,11,117.7705256797729,146.006231960712,pobre,basal,1,625.0,608.75,1.0,46.0,17,262,12987,6,0.0
97,1.0,0.0,2.5610001,1.0,6.0,11,117.7705256797729,146.006231960712,pobre,basal,1,625.0,608.75,1.0,46.0,14,262,12988,6,1.0
98,1.0,0.0,2.5610001,1.0,6.0,11,117.7705256797729,146.006231960712,pobre,basal,1,625.0,608.75,1.0,46.0,15,262,12988,6,1.0
97,1.0,0.0,2.5610001,1.0,1.0,11,117.7705256797729,146.006231960712,pobre,basal,1,625.0,608.75,1.0,46.0,13,262,12989,1,1.0
98,1.0,0.0,2.5610001,1.0,2.0,11,117.7705256797729,146.006231960712,pobre,basal,1,625.0,608.75,1.0,46.0,14,262,12989,1,1.0
97,0.0,0.0,2.5610001,1.0,3.0,11,117.7705256797729,146.006231960712,pobre,basal,1,625.0,608.75,1.0,46.0,11,262,12990,3,1.0
98,0.0,0.0,2.5610001,1.0,3.0,11,117.7705256797729,146.006231960712,pobre,basal,1,625.0,608.75,1.0,46.0,12,262,12990,3,1.0
97,0.0,0.0,2.5610001,1.0,0.0,11,117.7705256797729,146.006231960712,pobre,basal,1,625.0,608.75,1.0,46.0,8,262,12991,0,1.0
98,0.0,0.0,2.5610001,1.0,1.0,11,117.7705256797729,146.006231960712,pobre,basal,1,625.0,608.75,1.0,46.0,9,262,12991,0,1.0
97,1.0,0.0,2.5610001,1.0,7.0,6,117.7705256797729,146.006231960712,pobre,basal,3,625.0,512.0,1.0,40.0,15,262,12992,7,1.0
98,1.0,0.0,2.5610001,1.0,8.0,6,117.7705256797729,146.006231960712,pobre,basal,3,625.0,512.0,1.0,40.0,16,262,12992,7,1.0
97,0.0,0.0,2.5610001,1.0,4.0,6,117.7705256797729,146.006231960712,pobre,basal,3,625.0,512.0,1.0,40.0,11,262,12993,4,1.0
98,0.0,0.0,2.5610001,1.0,4.0,6,117.7705256797729,146.006231960712,pobre,basal,3,625.0,512.0,1.0,40.0,12,262,12993,4,1.0
97,1.0,0.0,2.5610001,1.0,0.0,2,117.7705256797729,146.006231960712,pobre,basal,0,625.0,675.0,0.0,49.0,6,262,12994,0,1.0
98,1.0,0.0,2.5610001,1.0,0.0,2,117.7705256797729,146.006231960712,pobre,basal,0,625.0,675.0,0.0,49.0,7,262,12994,0,1.0
97,1.0,0.0,2.2650001,0.0,4.0,5,86.28887146500354,86.28887146500354,pobre,0,5,500.0,639.0,1.0,30.0,11,130,12995,4,0.0
98,1.0,0.0,2.2650001,1.0,5.0,5,86.28887146500354,86.28887146500354,pobre,0,5,500.0,639.0,1.0,30.0,12,130,12995,4,0.0
97,1.0,0.0,2.2650001,1.0,0.0,5,86.28887146500354,86.28887146500354,pobre,0,5,500.0,639.0,1.0,30.0,6,130,12996,0,1.0
98,1.0,0.0,2.2650001,1.0,1.0,5,86.28887146500354,86.28887146500354,pobre,0,5,500.0,639.0,1.0,30.0,7,130,12996,0,1.0
97,0.0,0.0,2.5610001,0.0,6.0,10,117.7705256797729,146.006231960712,pobre,basal,6,750.0,488.0,1.0,23.0,12,262,12997,6,0.0
98,0.0,0.0,2.5610001,0.0,6.0,10,117.7705256797729,146.006231960712,pobre,basal,6,750.0,488.0,1.0,23.0,13,262,12997,6,0.0
97,0.0,0.0,2.5610001,1.0,4.0,10,117.7705256797729,146.006231960712,pobre,basal,6,750.0,488.0,1.0,23.0,10,262,12998,4,1.0
98,0.0,0.0,2.5610001,1.0,5.0,10,117.7705256797729,146.006231960712,pobre,basal,6,750.0,488.0,1.0,23.0,11,262,12998,4,1.0
97,0.0,0.0,2.5610001,1.0,3.0,10,117.7705256797729,146.006231960712,pobre,basal,6,750.0,488.0,1.0,23.0,9,262,12999,3,1.0
98,0.0,0.0,2.5610001,1.0,4.0,10,117.7705256797729,146.006231960712,pobre,basal,6,750.0,488.0,1.0,23.0,10,262,12999,3,1.0
97,0.0,0.0,2.5610001,1.0,0.0,10,117.7705256797729,146.006231960712,pobre,basal,6,750.0,488.0,1.0,23.0,6,262,13000,0,1.0
98,0.0,0.0,2.5610001,1.0,1.0,10,117.7705256797729,146.006231960712,pobre,basal,6,750.0,488.0,1.0,23.0,7,262,13000,0,1.0
97,1.0,0.0,2.5610001,1.0,4.0,5,117.7705256797729,146.006231960712,pobre,basal,2,625.0,579.5,0.0,35.0,12,262,13001,4,1.0
98,1.0,0.0,2.5610001,1.0,5.0,5,117.7705256797729,146.006231960712,pobre,basal,2,625.0,579.5,0.0,35.0,13,262,13001,4,1.0
97,0.0,0.0,2.5610001,1.0,3.0,5,117.7705256797729,146.006231960712,pobre,basal,2,625.0,579.5,0.0,35.0,9,262,13002,3,1.0
98,0.0,0.0,2.5610001,1.0,4.0,5,117.7705256797729,146.006231960712,pobre,basal,2,625.0,579.5,0.0,35.0,10,262,13002,3,1.0
97,1.0,0.0,2.5610001,1.0,1.0,5,117.7705256797729,146.006231960712,pobre,basal,2,625.0,579.5,0.0,35.0,7,262,13003,1,1.0
98,1.0,0.0,2.5610001,1.0,2.0,5,117.7705256797729,146.006231960712,pobre,basal,2,625.0,579.5,0.0,35.0,8,262,13003,1,1.0
97,1.0,0.0,2.5610001,1.0,1.0,3,117.7705256797729,146.006231960712,pobre,basal,0,625.0,680.5,1.0,34.0,7,262,13004,1,1.0
98,1.0,0.0,2.5610001,1.0,1.0,3,117.7705256797729,146.006231960712,pobre,basal,0,625.0,680.5,1.0,34.0,8,262,13004,1,1.0
97,0.0,0.0,2.5610001,1.0,5.0,8,117.7705256797729,146.006231960712,pobre,basal,9,750.0,509.0,1.0,34.0,13,262,13005,5,1.0
98,0.0,0.0,2.5610001,1.0,6.0,8,117.7705256797729,146.006231960712,pobre,basal,9,750.0,509.0,1.0,34.0,14,262,13005,5,1.0
97,0.0,0.0,2.5610001,1.0,3.0,8,117.7705256797729,146.006231960712,pobre,basal,9,750.0,509.0,1.0,34.0,11,262,13006,3,1.0
98,0.0,0.0,2.5610001,1.0,4.0,8,117.7705256797729,146.006231960712,pobre,basal,9,750.0,509.0,1.0,34.0,12,262,13006,3,1.0
97,1.0,0.0,2.5610001,1.0,1.0,8,117.7705256797729,146.006231960712,pobre,basal,9,750.0,509.0,1.0,34.0,9,262,13007,1,1.0
98,1.0,0.0,2.5610001,1.0,2.0,8,117.7705256797729,146.006231960712,pobre,basal,9,750.0,509.0,1.0,34.0,10,262,13007,1,1.0
97,0.0,0.0,2.5610001,1.0,0.0,8,117.7705256797729,146.006231960712,pobre,basal,9,750.0,509.0,1.0,34.0,8,262,13008,0,1.0
98,0.0,0.0,2.5610001,1.0,0.0,8,117.7705256797729,146.006231960712,pobre,basal,9,750.0,509.0,1.0,34.0,9,262,13008,0,1.0
97,1.0,0.0,2.5610001,1.0,0.0,8,117.7705256797729,146.006231960712,pobre,basal,9,750.0,509.0,1.0,34.0,6,262,13009,0,1.0
98,1.0,0.0,2.5610001,1.0,0.0,8,117.7705256797729,146.006231960712,pobre,basal,9,750.0,509.0,1.0,34.0,7,262,13009,0,1.0
97,1.0,0.0,2.2650001,1.0,0.0,7,86.28887146500354,86.28887146500354,pobre,0,3,750.0,524.0,1.0,32.0,10,130,13010,0,1.0
98,1.0,0.0,2.2650001,,,7,86.28887146500354,86.28887146500354,pobre,0,3,750.0,524.0,1.0,32.0,11,130,13010,0,1.0
97,0.0,0.0,2.2650001,1.0,0.0,7,86.28887146500354,86.28887146500354,pobre,0,3,750.0,524.0,1.0,32.0,9,130,13011,0,1.0
98,0.0,0.0,2.2650001,,,7,86.28887146500354,86.28887146500354,pobre,0,3,750.0,524.0,1.0,32.0,10,130,13011,0,1.0
97,0.0,0.0,2.2650001,1.0,0.0,7,86.28887146500354,86.28887146500354,pobre,0,3,750.0,524.0,1.0,32.0,6,130,13012,0,1.0
98,0.0,0.0,2.2650001,,,7,86.28887146500354,86.28887146500354,pobre,0,3,750.0,524.0,1.0,32.0,7,130,13012,0,1.0
97,0.0,0.0,0.0,1.0,7.0,3,143.431273008683,171.3365425088043,no pobre,basal,0,60.0,915.5,0.0,61.0,13,238,13013,7,1.0
98,0.0,0.0,0.0,,,3,143.431273008683,171.3365425088043,no pobre,basal,0,60.0,915.5,0.0,61.0,14,238,13013,7,1.0
97,1.0,0.0,0.0,1.0,7.0,7,143.431273008683,171.3365425088043,pobre,basal,0,625.0,717.5,1.0,55.0,13,238,13014,7,1.0
98,1.0,0.0,0.0,1.0,8.0,7,143.431273008683,171.3365425088043,pobre,basal,0,625.0,717.5,1.0,55.0,14,238,13014,7,1.0
97,0.0,0.0,0.0,1.0,7.0,7,143.431273008683,171.3365425088043,pobre,basal,0,625.0,717.5,1.0,55.0,12,238,13015,7,1.0
98,0.0,0.0,0.0,1.0,8.0,7,143.431273008683,171.3365425088043,pobre,basal,0,625.0,717.5,1.0,55.0,13,238,13015,7,1.0
97,1.0,0.0,0.0,1.0,4.0,5,143.431273008683,171.3365425088043,pobre,basal,4,250.0,1050.0,1.0,57.0,9,238,13016,4,1.0
98,1.0,0.0,0.0,1.0,5.0,5,143.431273008683,171.3365425088043,pobre,basal,4,250.0,1050.0,1.0,57.0,10,238,13016,4,1.0
97,1.0,0.0,0.0,1.0,8.0,5,143.431273008683,171.3365425088043,pobre,basal,0,50.0,807.0,1.0,56.0,16,238,13017,8,1.0
98,1.0,0.0,0.0,,,5,143.431273008683,171.3365425088043,pobre,basal,0,50.0,807.0,1.0,56.0,17,238,13017,8,1.0
97,0.0,0.0,0.0,1.0,5.0,5,143.431273008683,171.3365425088043,pobre,basal,0,50.0,807.0,1.0,56.0,13,238,13018,5,1.0
98,0.0,0.0,0.0,1.0,6.0,5,143.431273008683,171.3365425088043,pobre,basal,0,50.0,807.0,1.0,56.0,14,238,13018,5,1.0
97,0.0,0.0,0.0,0.0,9.0,8,143.431273008683,171.3365425088043,pobre,basal,5,208.33333,606.0,1.0,45.0,16,238,13019,9,0.0
98,0.0,0.0,0.0,,,8,143.431273008683,171.3365425088043,pobre,basal,5,208.33333,606.0,1.0,45.0,17,238,13019,9,0.0
97,0.0,0.0,0.0,1.0,8.0,8,143.431273008683,171.3365425088043,pobre,basal,5,208.33333,606.0,1.0,45.0,14,238,13020,8,1.0
98,0.0,0.0,0.0,0.0,8.0,8,143.431273008683,171.3365425088043,pobre,basal,5,208.33333,606.0,1.0,45.0,15,238,13020,8,1.0
97,0.0,0.0,0.0,1.0,5.0,8,143.431273008683,171.3365425088043,pobre,basal,5,208.33333,606.0,1.0,45.0,11,238,13021,5,1.0
98,0.0,0.0,0.0,1.0,6.0,8,143.431273008683,171.3365425088043,pobre,basal,5,208.33333,606.0,1.0,45.0,12,238,13021,5,1.0
97,1.0,0.0,0.0,1.0,2.0,8,143.431273008683,171.3365425088043,pobre,basal,5,208.33333,606.0,1.0,45.0,8,238,13022,2,1.0
98,1.0,0.0,0.0,1.0,3.0,8,143.431273008683,171.3365425088043,pobre,basal,5,208.33333,606.0,1.0,45.0,9,238,13022,2,1.0
97,0.0,0.0,0.0,0.0,9.0,4,143.431273008683,171.3365425088043,no pobre,basal,0,83.333336,939.0,1.0,79.0,16,238,13023,9,0.0
98,0.0,0.0,0.0,,,4,143.431273008683,171.3365425088043,no pobre,basal,0,83.333336,939.0,1.0,79.0,17,238,13023,9,0.0
97,1.0,0.0,0.0,0.0,6.0,9,143.431273008683,171.3365425088043,pobre,basal,0,625.0,700.25,1.0,45.0,15,238,13024,6,0.0
98,1.0,0.0,0.0,0.0,6.0,9,143.431273008683,171.3365425088043,pobre,basal,0,625.0,700.25,1.0,45.0,16,238,13024,6,0.0
97,0.0,0.0,0.0,1.0,4.0,9,143.431273008683,171.3365425088043,pobre,basal,0,625.0,700.25,1.0,45.0,10,238,13025,4,1.0
98,0.0,0.0,0.0,1.0,5.0,9,143.431273008683,171.3365425088043,pobre,basal,0,625.0,700.25,1.0,45.0,11,238,13025,4,1.0
97,0.0,0.0,0.0,1.0,8.0,8,143.431273008683,171.3365425088043,pobre,basal,2,400.0,676.0,1.0,57.0,13,238,13026,8,1.0
98,0.0,0.0,0.0,1.0,9.0,8,143.431273008683,171.3365425088043,pobre,basal,2,400.0,676.0,1.0,57.0,14,238,13026,8,1.0
97,1.0,0.0,0.0,1.0,3.0,8,143.431273008683,171.3365425088043,pobre,basal,2,400.0,676.0,1.0,57.0,9,238,13027,3,1.0
98,1.0,0.0,0.0,1.0,4.0,8,143.431273008683,171.3365425088043,pobre,basal,2,400.0,676.0,1.0,57.0,10,238,13027,3,1.0
97,0.0,0.0,0.0,1.0,1.0,8,143.431273008683,171.3365425088043,pobre,basal,2,400.0,676.0,1.0,57.0,7,238,13028,1,1.0
98,0.0,0.0,0.0,1.0,2.0,8,143.431273008683,171.3365425088043,pobre,basal,2,400.0,676.0,1.0,57.0,8,238,13028,1,1.0
97,0.0,0.0,0.0,0.0,9.0,9,143.431273008683,171.3365425088043,pobre,basal,4,208.33333,752.5,1.0,44.0,16,238,13029,9,0.0
98,0.0,0.0,0.0,,,9,143.431273008683,171.3365425088043,pobre,basal,4,208.33333,752.5,1.0,44.0,17,238,13029,9,0.0
97,1.0,0.0,0.0,1.0,9.0,9,143.431273008683,171.3365425088043,pobre,basal,4,208.33333,752.5,1.0,44.0,14,238,13030,9,1.0
98,1.0,0.0,0.0,0.0,9.0,9,143.431273008683,171.3365425088043,pobre,basal,4,208.33333,752.5,1.0,44.0,15,238,13030,9,1.0
97,0.0,1.0,0.0,1.0,6.0,9,143.431273008683,171.3365425088043,pobre,basal,4,208.33333,752.5,1.0,44.0,12,238,13031,6,1.0
98,0.0,1.0,0.0,1.0,7.0,9,143.431273008683,171.3365425088043,pobre,basal,4,208.33333,752.5,1.0,44.0,13,238,13031,6,1.0
97,1.0,0.0,0.0,1.0,5.0,9,143.431273008683,171.3365425088043,pobre,basal,4,208.33333,752.5,1.0,44.0,12,238,13032,5,1.0
98,1.0,0.0,0.0,,,9,143.431273008683,171.3365425088043,pobre,basal,4,208.33333,752.5,1.0,44.0,13,238,13032,5,1.0
97,1.0,0.0,0.0,1.0,8.0,5,143.431273008683,171.3365425088043,pobre,basal,0,750.0,707.0,1.0,49.0,14,238,13033,8,1.0
98,1.0,0.0,0.0,1.0,9.0,5,143.431273008683,171.3365425088043,pobre,basal,0,750.0,707.0,1.0,49.0,15,238,13033,8,1.0
97,1.0,0.0,0.0,1.0,5.0,5,143.431273008683,171.3365425088043,pobre,basal,0,750.0,707.0,1.0,49.0,11,238,13034,5,1.0
98,1.0,0.0,0.0,1.0,6.0,5,143.431273008683,171.3365425088043,pobre,basal,0,750.0,707.0,1.0,49.0,12,238,13034,5,1.0
97,1.0,0.0,0.0,0.0,3.0,12,143.431273008683,171.3365425088043,pobre,basal,0,750.0,687.0,1.0,39.0,16,238,13035,3,0.0
98,1.0,0.0,0.0,,,12,143.431273008683,171.3365425088043,pobre,basal,0,750.0,687.0,1.0,39.0,17,238,13035,3,0.0
97,0.0,0.0,0.0,1.0,7.0,12,143.431273008683,171.3365425088043,pobre,basal,0,750.0,687.0,1.0,39.0,13,238,13036,7,1.0
98,0.0,0.0,0.0,1.0,8.0,12,143.431273008683,171.3365425088043,pobre,basal,0,750.0,687.0,1.0,39.0,14,238,13036,7,1.0
97,1.0,0.0,0.0,1.0,3.0,12,143.431273008683,171.3365425088043,pobre,basal,0,750.0,687.0,1.0,39.0,11,238,13037,3,1.0
98,1.0,0.0,0.0,1.0,4.0,12,143.431273008683,171.3365425088043,pobre,basal,0,750.0,687.0,1.0,39.0,12,238,13037,3,1.0
97,1.0,0.0,0.0,1.0,2.0,12,143.431273008683,171.3365425088043,pobre,basal,0,750.0,687.0,1.0,39.0,10,238,13038,2,1.0
98,1.0,0.0,0.0,1.0,3.0,12,143.431273008683,171.3365425088043,pobre,basal,0,750.0,687.0,1.0,39.0,11,238,13038,2,1.0
97,1.0,0.0,0.0,1.0,1.0,12,143.431273008683,171.3365425088043,pobre,basal,0,750.0,687.0,1.0,39.0,8,238,13039,1,1.0
98,1.0,0.0,0.0,1.0,2.0,12,143.431273008683,171.3365425088043,pobre,basal,0,750.0,687.0,1.0,39.0,9,238,13039,1,1.0
97,0.0,0.0,0.0,1.0,2.0,12,143.431273008683,171.3365425088043,pobre,basal,0,750.0,687.0,1.0,39.0,8,238,13040,2,1.0
98,0.0,0.0,0.0,1.0,3.0,12,143.431273008683,171.3365425088043,pobre,basal,0,750.0,687.0,1.0,39.0,9,238,13040,2,1.0
97,0.0,0.0,0.0,0.0,6.0,11,143.431273008683,171.3365425088043,pobre,basal,2,750.0,682.66998,1.0,40.0,16,238,13041,6,0.0
98,0.0,0.0,0.0,,,11,143.431273008683,171.3365425088043,pobre,basal,2,750.0,682.66998,1.0,40.0,17,238,13041,6,0.0
97,0.0,0.0,0.0,1.0,5.0,11,143.431273008683,171.3365425088043,pobre,basal,2,750.0,682.66998,1.0,40.0,13,238,13042,5,1.0
98,0.0,0.0,0.0,1.0,8.0,11,143.431273008683,171.3365425088043,pobre,basal,2,750.0,682.66998,1.0,40.0,14,238,13042,5,1.0
97,1.0,0.0,0.0,1.0,2.0,11,143.431273008683,171.3365425088043,pobre,basal,2,750.0,682.66998,1.0,40.0,10,238,13043,2,1.0
98,1.0,0.0,0.0,1.0,3.0,11,143.431273008683,171.3365425088043,pobre,basal,2,750.0,682.66998,1.0,40.0,11,238,13043,2,1.0
97,0.0,0.0,0.0,1.0,2.0,11,143.431273008683,171.3365425088043,pobre,basal,2,750.0,682.66998,1.0,40.0,9,238,13044,2,1.0
98,0.0,0.0,0.0,1.0,2.0,11,143.431273008683,171.3365425088043,pobre,basal,2,750.0,682.66998,1.0,40.0,10,238,13044,2,1.0
97,1.0,0.0,0.0,1.0,1.0,11,143.431273008683,171.3365425088043,pobre,basal,2,750.0,682.66998,1.0,40.0,7,238,13045,1,1.0
98,1.0,0.0,0.0,1.0,2.0,11,143.431273008683,171.3365425088043,pobre,basal,2,750.0,682.66998,1.0,40.0,8,238,13045,1,1.0
97,1.0,0.0,0.0,1.0,5.0,5,143.431273008683,171.3365425088043,no pobre,basal,4,1303.5714,783.5,1.0,60.0,12,238,13046,5,1.0
98,1.0,0.0,0.0,1.0,6.0,5,143.431273008683,171.3365425088043,no pobre,basal,4,1303.5714,783.5,1.0,60.0,13,238,13046,5,1.0
97,0.0,0.0,0.0,1.0,2.0,5,143.431273008683,171.3365425088043,no pobre,basal,4,1303.5714,783.5,1.0,60.0,8,238,13047,2,1.0
98,0.0,0.0,0.0,1.0,3.0,5,143.431273008683,171.3365425088043,no pobre,basal,4,1303.5714,783.5,1.0,60.0,9,238,13047,2,1.0
97,1.0,0.0,0.0,1.0,4.0,5,143.431273008683,171.3365425088043,pobre,basal,9,750.0,679.0,1.0,32.0,10,238,13048,4,1.0
98,1.0,0.0,0.0,1.0,5.0,5,143.431273008683,171.3365425088043,pobre,basal,9,750.0,679.0,1.0,32.0,11,238,13048,4,1.0
97,1.0,0.0,0.0,1.0,2.0,5,143.431273008683,171.3365425088043,pobre,basal,9,750.0,679.0,1.0,32.0,8,238,13049,2,1.0
98,1.0,0.0,0.0,1.0,3.0,5,143.431273008683,171.3365425088043,pobre,basal,9,750.0,679.0,1.0,32.0,9,238,13049,2,1.0
97,0.0,0.0,0.0,1.0,0.0,3,143.431273008683,171.3365425088043,pobre,basal,3,0.0,689.0,1.0,56.0,7,238,13050,0,1.0
98,0.0,0.0,0.0,0.0,1.0,3,143.431273008683,171.3365425088043,pobre,basal,3,0.0,689.0,1.0,56.0,8,238,13050,0,1.0
97,1.0,0.0,0.0,1.0,6.0,5,143.431273008683,171.3365425088043,pobre,basal,6,1000.0,771.0,1.0,37.0,13,238,13051,6,1.0
98,1.0,0.0,0.0,1.0,7.0,5,143.431273008683,171.3365425088043,pobre,basal,6,1000.0,771.0,1.0,37.0,14,238,13051,6,1.0
97,0.0,1.0,0.0,1.0,1.0,5,143.431273008683,171.3365425088043,pobre,basal,6,1000.0,771.0,1.0,37.0,8,238,13052,1,1.0
98,0.0,1.0,0.0,1.0,2.0,5,143.431273008683,171.3365425088043,pobre,basal,6,1000.0,771.0,1.0,37.0,9,238,13052,1,1.0
97,0.0,0.0,0.0,1.0,6.0,6,143.431273008683,171.3365425088043,no pobre,basal,2,0.0,941.0,1.0,60.0,12,238,13053,6,1.0
98,0.0,0.0,0.0,1.0,7.0,6,143.431273008683,171.3365425088043,no pobre,basal,2,0.0,941.0,1.0,60.0,13,238,13053,6,1.0
97,0.0,0.0,0.0,1.0,2.0,6,143.431273008683,171.3365425088043,no pobre,basal,2,0.0,941.0,1.0,60.0,8,238,13054,2,1.0
98,0.0,0.0,0.0,1.0,3.0,6,143.431273008683,171.3365425088043,no pobre,basal,2,0.0,941.0,1.0,60.0,9,238,13054,2,1.0
97,0.0,0.0,0.0,0.0,6.0,6,143.431273008683,171.3365425088043,pobre,basal,0,500.0,853.0,1.0,46.0,15,238,13055,6,0.0
98,0.0,0.0,0.0,,,6,143.431273008683,171.3365425088043,pobre,basal,0,500.0,853.0,1.0,46.0,16,238,13055,6,0.0
97,1.0,0.0,0.0,1.0,3.0,6,143.431273008683,171.3365425088043,pobre,basal,0,500.0,853.0,1.0,46.0,9,238,13056,3,1.0
98,1.0,0.0,0.0,1.0,4.0,6,143.431273008683,171.3365425088043,pobre,basal,0,500.0,853.0,1.0,46.0,10,238,13056,3,1.0
97,0.0,0.0,0.0,1.0,5.0,4,143.431273008683,171.3365425088043,no pobre,basal,3,750.0,788.0,1.0,52.0,11,238,13057,5,1.0
98,0.0,0.0,0.0,1.0,6.0,4,143.431273008683,171.3365425088043,no pobre,basal,3,750.0,788.0,1.0,52.0,12,238,13057,5,1.0
97,0.0,0.0,0.0,1.0,4.0,7,143.431273008683,171.3365425088043,pobre,basal,9,500.0,564.0,1.0,30.0,11,238,13058,4,1.0
98,0.0,0.0,0.0,,,7,143.431273008683,171.3365425088043,pobre,basal,9,500.0,564.0,1.0,30.0,12,238,13058,4,1.0
97,0.0,0.0,0.0,1.0,3.0,7,143.431273008683,171.3365425088043,pobre,basal,9,500.0,564.0,1.0,30.0,10,238,13059,3,1.0
98,0.0,0.0,0.0,,,7,143.431273008683,171.3365425088043,pobre,basal,9,500.0,564.0,1.0,30.0,11,238,13059,3,1.0
97,1.0,0.0,0.0,1.0,1.0,7,143.431273008683,171.3365425088043,pobre,basal,9,500.0,564.0,1.0,30.0,7,238,13060,1,1.0
98,1.0,0.0,0.0,,,7,143.431273008683,171.3365425088043,pobre,basal,9,500.0,564.0,1.0,30.0,8,238,13060,1,1.0
97,0.0,0.0,0.0,1.0,0.0,7,143.431273008683,171.3365425088043,pobre,basal,9,500.0,564.0,1.0,30.0,6,238,13061,0,1.0
98,0.0,0.0,0.0,,,7,143.431273008683,171.3365425088043,pobre,basal,9,500.0,564.0,1.0,30.0,7,238,13061,0,1.0
97,1.0,0.0,0.0,1.0,5.0,4,143.431273008683,171.3365425088043,pobre,basal,0,400.0,743.0,1.0,41.0,13,238,13062,5,1.0
98,1.0,0.0,0.0,1.0,6.0,4,143.431273008683,171.3365425088043,pobre,basal,0,400.0,743.0,1.0,41.0,14,238,13062,5,1.0
97,1.0,0.0,0.0,1.0,3.0,6,143.431273008683,171.3365425088043,pobre,basal,0,750.0,627.0,1.0,37.0,11,238,13063,3,1.0
98,1.0,0.0,0.0,1.0,4.0,6,143.431273008683,171.3365425088043,pobre,basal,0,750.0,627.0,1.0,37.0,12,238,13063,3,1.0
97,0.0,0.0,0.0,1.0,1.0,6,143.431273008683,171.3365425088043,pobre,basal,0,750.0,627.0,1.0,37.0,7,238,13064,1,1.0
98,0.0,0.0,0.0,1.0,2.0,6,143.431273008683,171.3365425088043,pobre,basal,0,750.0,627.0,1.0,37.0,8,238,13064,1,1.0
97,1.0,0.0,0.0,1.0,5.0,9,143.431273008683,171.3365425088043,pobre,basal,0,625.0,726.0,1.0,56.0,12,238,13065,5,1.0
98,1.0,0.0,0.0,1.0,6.0,9,143.431273008683,171.3365425088043,pobre,basal,0,625.0,726.0,1.0,56.0,13,238,13065,5,1.0
97,0.0,0.0,0.0,1.0,7.0,8,143.431273008683,171.3365425088043,pobre,basal,3,1400.0,733.0,1.0,47.0,15,238,13066,7,1.0
98,0.0,0.0,0.0,,,8,143.431273008683,171.3365425088043,pobre,basal,3,1400.0,733.0,1.0,47.0,16,238,13066,7,1.0
97,0.0,0.0,0.0,1.0,6.0,8,143.431273008683,171.3365425088043,pobre,basal,3,1400.0,733.0,1.0,47.0,12,238,13067,6,1.0
98,0.0,0.0,0.0,1.0,7.0,8,143.431273008683,171.3365425088043,pobre,basal,3,1400.0,733.0,1.0,47.0,13,238,13067,6,1.0
97,1.0,0.0,0.0,1.0,3.0,8,143.431273008683,171.3365425088043,pobre,basal,3,1400.0,733.0,1.0,47.0,10,238,13068,3,1.0
98,1.0,0.0,0.0,1.0,4.0,8,143.431273008683,171.3365425088043,pobre,basal,3,1400.0,733.0,1.0,47.0,11,238,13068,3,1.0
97,0.0,0.0,0.0,1.0,1.0,8,143.431273008683,171.3365425088043,pobre,basal,3,1400.0,733.0,1.0,47.0,7,238,13069,1,1.0
98,0.0,0.0,0.0,1.0,2.0,8,143.431273008683,171.3365425088043,pobre,basal,3,1400.0,733.0,1.0,47.0,8,238,13069,1,1.0
97,0.0,0.0,0.0,1.0,7.0,4,143.431273008683,171.3365425088043,pobre,basal,2,750.0,828.0,1.0,49.0,15,238,13070,7,1.0
98,0.0,0.0,0.0,,,4,143.431273008683,171.3365425088043,pobre,basal,2,750.0,828.0,1.0,49.0,16,238,13070,7,1.0
97,1.0,0.0,0.0,1.0,0.0,4,143.431273008683,171.3365425088043,pobre,basal,2,750.0,828.0,1.0,49.0,7,238,13071,0,1.0
98,1.0,0.0,0.0,,,4,143.431273008683,171.3365425088043,pobre,basal,2,750.0,828.0,1.0,49.0,8,238,13071,0,1.0
97,1.0,0.0,0.0,0.0,9.0,9,143.431273008683,171.3365425088043,pobre,basal,2,83.333336,795.0,1.0,62.0,16,238,13072,9,0.0
98,1.0,0.0,0.0,,,9,143.431273008683,171.3365425088043,pobre,basal,2,83.333336,795.0,1.0,62.0,17,238,13072,9,0.0
97,0.0,0.0,0.0,1.0,7.0,9,143.431273008683,171.3365425088043,pobre,basal,2,83.333336,795.0,1.0,62.0,14,238,13073,7,1.0
98,0.0,0.0,0.0,1.0,8.0,9,143.431273008683,171.3365425088043,pobre,basal,2,83.333336,795.0,1.0,62.0,15,238,13073,7,1.0
97,0.0,0.0,0.0,1.0,1.0,9,143.431273008683,171.3365425088043,pobre,basal,2,83.333336,795.0,1.0,62.0,7,238,13074,1,1.0
98,0.0,0.0,0.0,1.0,2.0,9,143.431273008683,171.3365425088043,pobre,basal,2,83.333336,795.0,1.0,62.0,8,238,13074,1,1.0
97,0.0,0.0,0.0,1.0,5.0,8,143.431273008683,171.3365425088043,pobre,basal,2,625.0,519.0,1.0,63.0,10,238,13075,5,1.0
98,0.0,0.0,0.0,1.0,6.0,8,143.431273008683,171.3365425088043,pobre,basal,2,625.0,519.0,1.0,63.0,11,238,13075,5,1.0
97,0.0,0.0,0.0,1.0,1.0,8,143.431273008683,171.3365425088043,pobre,basal,2,625.0,519.0,1.0,63.0,7,238,13076,1,1.0
98,0.0,0.0,0.0,1.0,2.0,8,143.431273008683,171.3365425088043,pobre,basal,2,625.0,519.0,1.0,63.0,8,238,13076,1,1.0
97,0.0,0.0,0.0,1.0,6.0,6,143.431273008683,171.3365425088043,no pobre,basal,0,416.66666,951.0,1.0,57.0,12,238,13077,6,1.0
98,0.0,0.0,0.0,1.0,7.0,6,143.431273008683,171.3365425088043,no pobre,basal,0,416.66666,951.0,1.0,57.0,13,238,13077,6,1.0
97,0.0,0.0,0.0,1.0,4.0,6,143.431273008683,171.3365425088043,no pobre,basal,0,416.66666,951.0,1.0,57.0,10,238,13078,4,1.0
98,0.0,0.0,0.0,1.0,5.0,6,143.431273008683,171.3365425088043,no pobre,basal,0,416.66666,951.0,1.0,57.0,11,238,13078,4,1.0
97,1.0,0.0,0.0,1.0,7.0,7,143.431273008683,171.3365425088043,pobre,basal,0,625.0,687.33002,1.0,58.0,15,238,13079,7,1.0
98,1.0,0.0,0.0,1.0,8.0,7,143.431273008683,171.3365425088043,pobre,basal,0,625.0,687.33002,1.0,58.0,16,238,13079,7,1.0
97,0.0,0.0,0.0,1.0,6.0,7,143.431273008683,171.3365425088043,pobre,basal,0,625.0,687.33002,1.0,58.0,12,238,13080,6,1.0
98,0.0,0.0,0.0,1.0,7.0,7,143.431273008683,171.3365425088043,pobre,basal,0,625.0,687.33002,1.0,58.0,13,238,13080,6,1.0
97,0.0,0.0,0.0,1.0,2.0,7,143.431273008683,171.3365425088043,pobre,basal,0,625.0,687.33002,1.0,58.0,9,238,13081,2,1.0
98,0.0,0.0,0.0,1.0,3.0,7,143.431273008683,171.3365425088043,pobre,basal,0,625.0,687.33002,1.0,58.0,10,238,13081,2,1.0
97,0.0,0.0,0.0,1.0,2.0,7,143.431273008683,171.3365425088043,pobre,basal,0,625.0,687.33002,1.0,58.0,8,238,13082,2,1.0
98,0.0,0.0,0.0,1.0,3.0,7,143.431273008683,171.3365425088043,pobre,basal,0,625.0,687.33002,1.0,58.0,9,238,13082,2,1.0
97,0.0,0.0,0.0,1.0,8.0,6,143.431273008683,171.3365425088043,pobre,basal,1,83.333336,715.0,1.0,44.0,15,238,13083,8,1.0
98,0.0,0.0,0.0,,,6,143.431273008683,171.3365425088043,pobre,basal,1,83.333336,715.0,1.0,44.0,16,238,13083,8,1.0
97,1.0,0.0,0.0,1.0,6.0,6,143.431273008683,171.3365425088043,pobre,basal,1,83.333336,715.0,1.0,44.0,12,238,13084,6,1.0
98,1.0,0.0,0.0,1.0,7.0,6,143.431273008683,171.3365425088043,pobre,basal,1,83.333336,715.0,1.0,44.0,13,238,13084,6,1.0
97,1.0,0.0,0.0,1.0,5.0,6,143.431273008683,171.3365425088043,pobre,basal,1,83.333336,715.0,1.0,44.0,11,238,13085,5,1.0
98,1.0,0.0,0.0,1.0,6.0,6,143.431273008683,171.3365425088043,pobre,basal,1,83.333336,715.0,1.0,44.0,12,238,13085,5,1.0
97,0.0,0.0,0.0,1.0,5.0,5,143.431273008683,171.3365425088043,pobre,basal,9,800.0,814.0,1.0,33.0,10,238,13086,5,1.0
98,0.0,0.0,0.0,1.0,6.0,5,143.431273008683,171.3365425088043,pobre,basal,9,800.0,814.0,1.0,33.0,11,238,13086,5,1.0
97,0.0,0.0,0.0,1.0,2.0,5,143.431273008683,171.3365425088043,pobre,basal,9,800.0,814.0,1.0,33.0,8,238,13087,2,1.0
98,0.0,0.0,0.0,1.0,3.0,5,143.431273008683,171.3365425088043,pobre,basal,9,800.0,814.0,1.0,33.0,9,238,13087,2,1.0
97,0.0,0.0,0.0,1.0,6.0,8,143.431273008683,171.3365425088043,pobre,basal,0,625.0,680.0,1.0,43.0,14,238,13088,6,1.0
98,0.0,0.0,0.0,1.0,7.0,8,143.431273008683,171.3365425088043,pobre,basal,0,625.0,680.0,1.0,43.0,15,238,13088,6,1.0
97,1.0,0.0,0.0,1.0,1.0,8,143.431273008683,171.3365425088043,pobre,basal,0,625.0,680.0,1.0,43.0,7,238,13089,1,1.0
98,1.0,0.0,0.0,1.0,2.0,8,143.431273008683,171.3365425088043,pobre,basal,0,625.0,680.0,1.0,43.0,8,238,13089,1,1.0
97,1.0,0.0,0.0,0.0,9.0,8,143.431273008683,171.3365425088043,pobre,basal,1,750.0,791.66998,1.0,50.0,16,238,13090,9,0.0
98,1.0,0.0,0.0,,,8,143.431273008683,171.3365425088043,pobre,basal,1,750.0,791.66998,1.0,50.0,17,238,13090,9,0.0
97,1.0,0.0,0.0,1.0,6.0,8,143.431273008683,171.3365425088043,pobre,basal,1,750.0,791.66998,1.0,50.0,13,238,13091,6,1.0
98,1.0,0.0,0.0,1.0,7.0,8,143.431273008683,171.3365425088043,pobre,basal,1,750.0,791.66998,1.0,50.0,14,238,13091,6,1.0
97,0.0,0.0,0.0,1.0,3.0,8,143.431273008683,171.3365425088043,pobre,basal,1,750.0,791.66998,1.0,50.0,9,238,13092,3,1.0
98,0.0,0.0,0.0,1.0,4.0,8,143.431273008683,171.3365425088043,pobre,basal,1,750.0,791.66998,1.0,50.0,10,238,13092,3,1.0
97,0.0,0.0,0.0,1.0,2.0,10,143.431273008683,171.3365425088043,pobre,basal,1,83.333336,731.33002,1.0,73.0,8,238,13093,2,1.0
98,0.0,0.0,0.0,1.0,3.0,10,143.431273008683,171.3365425088043,pobre,basal,1,83.333336,731.33002,1.0,73.0,9,238,13093,2,1.0
97,0.0,0.0,0.0,1.0,1.0,10,143.431273008683,171.3365425088043,pobre,basal,1,83.333336,731.33002,1.0,73.0,6,238,13094,1,1.0
98,0.0,0.0,0.0,1.0,2.0,10,143.431273008683,171.3365425088043,pobre,basal,1,83.333336,731.33002,1.0,73.0,7,238,13094,1,1.0
97,0.0,0.0,0.0,0.0,9.0,10,143.431273008683,171.3365425088043,no pobre,basal,2,83.333336,912.66998,1.0,48.0,15,238,13095,9,0.0
98,0.0,0.0,0.0,1.0,9.0,10,143.431273008683,171.3365425088043,no pobre,basal,2,83.333336,912.66998,1.0,48.0,16,238,13095,9,0.0
97,1.0,0.0,0.0,1.0,4.0,10,143.431273008683,171.3365425088043,no pobre,basal,2,83.333336,912.66998,1.0,48.0,12,238,13096,4,1.0
98,1.0,0.0,0.0,1.0,5.0,10,143.431273008683,171.3365425088043,no pobre,basal,2,83.333336,912.66998,1.0,48.0,13,238,13096,4,1.0
97,0.0,0.0,0.0,1.0,2.0,10,143.431273008683,171.3365425088043,no pobre,basal,2,83.333336,912.66998,1.0,48.0,8,238,13097,2,1.0
98,0.0,0.0,0.0,1.0,3.0,10,143.431273008683,171.3365425088043,no pobre,basal,2,83.333336,912.66998,1.0,48.0,9,238,13097,2,1.0
97,1.0,0.0,0.0,1.0,0.0,10,143.431273008683,171.3365425088043,no pobre,basal,2,83.333336,912.66998,1.0,48.0,7,238,13098,0,1.0
98,1.0,0.0,0.0,1.0,2.0,10,143.431273008683,171.3365425088043,no pobre,basal,2,83.333336,912.66998,1.0,48.0,8,238,13098,0,1.0
97,1.0,0.0,0.0,1.0,1.0,4,143.431273008683,171.3365425088043,no pobre,basal,8,625.0,1010.0,1.0,27.0,7,238,13099,1,1.0
98,1.0,0.0,0.0,1.0,2.0,4,143.431273008683,171.3365425088043,no pobre,basal,8,625.0,1010.0,1.0,27.0,8,238,13099,1,1.0
97,1.0,1.0,0.0,1.0,8.0,5,143.431273008683,171.3365425088043,pobre,basal,0,0.0,762.66998,1.0,56.0,15,238,13100,8,1.0
98,1.0,1.0,0.0,,,5,143.431273008683,171.3365425088043,pobre,basal,0,0.0,762.66998,1.0,56.0,16,238,13100,8,1.0
97,0.0,1.0,0.0,0.0,6.0,5,143.431273008683,171.3365425088043,pobre,basal,0,0.0,762.66998,1.0,56.0,12,238,13101,6,0.0
98,0.0,1.0,0.0,,,5,143.431273008683,171.3365425088043,pobre,basal,0,0.0,762.66998,1.0,56.0,13,238,13101,6,0.0
97,1.0,0.0,0.0,1.0,5.0,8,143.431273008683,171.3365425088043,pobre,basal,0,37.5,739.66998,1.0,79.0,14,238,13102,5,1.0
98,1.0,0.0,0.0,,,8,143.431273008683,171.3365425088043,pobre,basal,0,37.5,739.66998,1.0,79.0,15,238,13102,5,1.0
97,1.0,0.0,0.0,1.0,3.0,8,143.431273008683,171.3365425088043,pobre,basal,0,37.5,739.66998,1.0,79.0,10,238,13103,3,1.0
98,1.0,0.0,0.0,,,8,143.431273008683,171.3365425088043,pobre,basal,0,37.5,739.66998,1.0,79.0,11,238,13103,3,1.0
97,0.0,0.0,0.0,1.0,2.0,8,143.431273008683,171.3365425088043,pobre,basal,0,37.5,739.66998,1.0,79.0,8,238,13104,2,1.0
98,0.0,0.0,0.0,,,8,143.431273008683,171.3365425088043,pobre,basal,0,37.5,739.66998,1.0,79.0,9,238,13104,2,1.0
97,0.0,0.0,0.0,1.0,5.0,8,143.431273008683,171.3365425088043,pobre,basal,0,416.66666,608.0,1.0,50.0,11,238,13105,5,1.0
98,0.0,0.0,0.0,1.0,6.0,8,143.431273008683,171.3365425088043,pobre,basal,0,416.66666,608.0,1.0,50.0,12,238,13105,5,1.0
97,0.0,0.0,0.0,1.0,9.0,8,143.431273008683,171.3365425088043,pobre,basal,0,416.66666,608.0,1.0,50.0,15,238,13106,9,1.0
98,0.0,0.0,0.0,,,8,143.431273008683,171.3365425088043,pobre,basal,0,416.66666,608.0,1.0,50.0,16,238,13106,9,1.0
97,1.0,0.0,0.0,1.0,2.0,3,143.431273008683,171.3365425088043,pobre,basal,3,0.0,768.0,0.0,46.0,9,238,13107,2,1.0
98,1.0,0.0,0.0,1.0,3.0,3,143.431273008683,171.3365425088043,pobre,basal,3,0.0,768.0,0.0,46.0,10,238,13107,2,1.0
97,1.0,0.0,0.0,1.0,1.0,3,143.431273008683,171.3365425088043,pobre,basal,3,0.0,768.0,0.0,46.0,6,238,13108,1,1.0
98,1.0,0.0,0.0,1.0,2.0,3,143.431273008683,171.3365425088043,pobre,basal,3,0.0,768.0,0.0,46.0,7,238,13108,1,1.0
97,1.0,0.0,0.0,1.0,8.0,8,143.431273008683,171.3365425088043,pobre,basal,0,66.666664,647.66998,1.0,57.0,16,238,13109,8,1.0
98,1.0,0.0,0.0,,,8,143.431273008683,171.3365425088043,pobre,basal,0,66.666664,647.66998,1.0,57.0,17,238,13109,8,1.0
97,1.0,0.0,0.0,1.0,2.0,8,143.431273008683,171.3365425088043,pobre,basal,0,66.666664,647.66998,1.0,57.0,7,238,13110,2,1.0
98,1.0,0.0,0.0,1.0,3.0,8,143.431273008683,171.3365425088043,pobre,basal,0,66.666664,647.66998,1.0,57.0,8,238,13110,2,1.0
97,1.0,0.0,0.0,1.0,7.0,7,143.431273008683,171.3365425088043,pobre,basal,4,50.0,743.5,1.0,36.0,13,238,13111,7,1.0
98,1.0,0.0,0.0,1.0,8.0,7,143.431273008683,171.3365425088043,pobre,basal,4,50.0,743.5,1.0,36.0,14,238,13111,7,1.0
97,0.0,0.0,0.0,1.0,4.0,7,143.431273008683,171.3365425088043,pobre,basal,4,50.0,743.5,1.0,36.0,11,238,13112,4,1.0
98,0.0,0.0,0.0,1.0,5.0,7,143.431273008683,171.3365425088043,pobre,basal,4,50.0,743.5,1.0,36.0,12,238,13112,4,1.0
97,1.0,0.0,0.0,1.0,4.0,6,143.431273008683,171.3365425088043,pobre,basal,2,760.41669,656.0,1.0,37.0,12,238,13113,4,1.0
98,1.0,0.0,0.0,1.0,5.0,6,143.431273008683,171.3365425088043,pobre,basal,2,760.41669,656.0,1.0,37.0,13,238,13113,4,1.0
97,1.0,0.0,0.0,1.0,3.0,6,143.431273008683,171.3365425088043,pobre,basal,2,760.41669,656.0,1.0,37.0,10,238,13114,3,1.0
98,1.0,0.0,0.0,1.0,4.0,6,143.431273008683,171.3365425088043,pobre,basal,2,760.41669,656.0,1.0,37.0,11,238,13114,3,1.0
97,1.0,0.0,0.0,1.0,2.0,6,143.431273008683,171.3365425088043,pobre,basal,2,760.41669,656.0,1.0,37.0,8,238,13115,2,1.0
98,1.0,0.0,0.0,1.0,3.0,6,143.431273008683,171.3365425088043,pobre,basal,2,760.41669,656.0,1.0,37.0,9,238,13115,2,1.0
97,0.0,0.0,0.0,0.0,2.0,5,143.431273008683,171.3365425088043,pobre,basal,3,0.0,748.66998,0.0,39.0,14,238,13116,2,0.0
98,0.0,0.0,0.0,0.0,2.0,5,143.431273008683,171.3365425088043,pobre,basal,3,0.0,748.66998,0.0,39.0,15,238,13116,2,0.0
97,1.0,0.0,0.0,1.0,7.0,5,143.431273008683,171.3365425088043,pobre,basal,3,0.0,748.66998,0.0,39.0,12,238,13117,7,1.0
98,1.0,0.0,0.0,1.0,8.0,5,143.431273008683,171.3365425088043,pobre,basal,3,0.0,748.66998,0.0,39.0,13,238,13117,7,1.0
97,0.0,0.0,0.0,1.0,2.0,7,143.431273008683,171.3365425088043,pobre,basal,2,625.0,564.0,1.0,33.0,10,238,13118,2,1.0
98,0.0,0.0,0.0,1.0,3.0,7,143.431273008683,171.3365425088043,pobre,basal,2,625.0,564.0,1.0,33.0,11,238,13118,2,1.0
97,0.0,0.0,0.0,1.0,8.0,4,143.431273008683,171.3365425088043,no pobre,basal,3,33.333332,826.0,1.0,36.0,14,238,13119,8,1.0
98,0.0,0.0,0.0,0.0,8.0,4,143.431273008683,171.3365425088043,no pobre,basal,3,33.333332,826.0,1.0,36.0,15,238,13119,8,1.0
97,1.0,0.0,0.0,,9.0,10,143.431273008683,171.3365425088043,pobre,basal,12,2760.0,640.14001,1.0,50.0,15,238,13120,9,
98,1.0,0.0,0.0,,,10,143.431273008683,171.3365425088043,pobre,basal,12,2760.0,640.14001,1.0,50.0,16,238,13120,9,
97,0.0,0.0,0.0,,7.0,10,143.431273008683,171.3365425088043,pobre,basal,12,2760.0,640.14001,1.0,50.0,13,238,13121,7,
98,0.0,0.0,0.0,1.0,8.0,10,143.431273008683,171.3365425088043,pobre,basal,12,2760.0,640.14001,1.0,50.0,14,238,13121,7,
97,1.0,0.0,0.0,,6.0,10,143.431273008683,171.3365425088043,pobre,basal,12,2760.0,640.14001,1.0,50.0,11,238,13122,6,
98,1.0,0.0,0.0,1.0,7.0,10,143.431273008683,171.3365425088043,pobre,basal,12,2760.0,640.14001,1.0,50.0,12,238,13122,6,
97,0.0,0.0,0.0,,9.0,10,143.431273008683,171.3365425088043,pobre,basal,12,2760.0,640.14001,1.0,50.0,15,238,13123,9,
98,0.0,0.0,0.0,1.0,9.0,10,143.431273008683,171.3365425088043,pobre,basal,12,2760.0,640.14001,1.0,50.0,16,238,13123,9,
97,1.0,0.0,0.0,,7.0,10,143.431273008683,171.3365425088043,pobre,basal,12,2760.0,640.14001,1.0,50.0,12,238,13124,7,
98,1.0,0.0,0.0,1.0,8.0,10,143.431273008683,171.3365425088043,pobre,basal,12,2760.0,640.14001,1.0,50.0,13,238,13124,7,
97,0.0,0.0,0.0,1.0,4.0,5,143.431273008683,171.3365425088043,no pobre,basal,0,625.0,781.66998,1.0,57.0,10,238,13125,4,1.0
98,0.0,0.0,0.0,1.0,5.0,5,143.431273008683,171.3365425088043,no pobre,basal,0,625.0,781.66998,1.0,57.0,11,238,13125,4,1.0
97,0.0,0.0,0.0,1.0,4.0,6,143.431273008683,171.3365425088043,pobre,basal,2,1000.0,735.0,1.0,55.0,11,238,13126,4,1.0
98,0.0,0.0,0.0,1.0,5.0,6,143.431273008683,171.3365425088043,pobre,basal,2,1000.0,735.0,1.0,55.0,12,238,13126,4,1.0
97,1.0,0.0,0.0,1.0,3.0,6,143.431273008683,171.3365425088043,pobre,basal,2,1000.0,735.0,1.0,55.0,9,238,13127,3,1.0
98,1.0,0.0,0.0,1.0,4.0,6,143.431273008683,171.3365425088043,pobre,basal,2,1000.0,735.0,1.0,55.0,10,238,13127,3,1.0
97,1.0,0.0,0.0,1.0,1.0,6,143.431273008683,171.3365425088043,pobre,basal,2,1000.0,735.0,1.0,55.0,7,238,13128,1,1.0
98,1.0,0.0,0.0,1.0,2.0,6,143.431273008683,171.3365425088043,pobre,basal,2,1000.0,735.0,1.0,55.0,8,238,13128,1,1.0
97,1.0,1.0,3.7190001,1.0,6.0,8,44.75906942224255,150.6009100041105,pobre,basal,6,1200.0,465.0,1.0,37.0,15,218,13129,6,1.0
98,1.0,1.0,3.7190001,0.0,7.0,8,44.75906942224255,150.6009100041105,pobre,basal,6,1200.0,465.0,1.0,37.0,16,218,13129,6,1.0
97,0.0,1.0,3.7190001,1.0,5.0,8,44.75906942224255,150.6009100041105,pobre,basal,6,1200.0,465.0,1.0,37.0,12,218,13130,5,1.0
98,0.0,1.0,3.7190001,1.0,6.0,8,44.75906942224255,150.6009100041105,pobre,basal,6,1200.0,465.0,1.0,37.0,13,218,13130,5,1.0
97,0.0,1.0,3.7190001,1.0,1.0,8,44.75906942224255,150.6009100041105,pobre,basal,6,1200.0,465.0,1.0,37.0,7,218,13131,1,1.0
98,0.0,1.0,3.7190001,1.0,2.0,8,44.75906942224255,150.6009100041105,pobre,basal,6,1200.0,465.0,1.0,37.0,8,218,13131,1,1.0
97,1.0,0.0,3.7190001,,0.0,8,44.75906942224255,150.6009100041105,pobre,basal,6,1200.0,465.0,1.0,37.0,6,218,13132,0,
98,1.0,0.0,3.7190001,1.0,1.0,8,44.75906942224255,150.6009100041105,pobre,basal,6,1200.0,465.0,1.0,37.0,7,218,13132,0,
97,0.0,1.0,3.7190001,1.0,2.0,3,44.75906942224255,150.6009100041105,pobre,basal,3,0.0,743.0,1.0,35.0,11,218,13133,2,1.0
98,0.0,1.0,3.7190001,1.0,3.0,3,44.75906942224255,150.6009100041105,pobre,basal,3,0.0,743.0,1.0,35.0,12,218,13133,2,1.0
97,0.0,1.0,3.7190001,,0.0,3,44.75906942224255,150.6009100041105,pobre,basal,0,500.0,826.45001,1.0,41.0,9,218,13134,0,
98,0.0,1.0,3.7190001,1.0,4.0,3,44.75906942224255,150.6009100041105,pobre,basal,0,500.0,826.45001,1.0,41.0,10,218,13134,0,
97,1.0,0.0,3.7190001,0.0,8.0,9,44.75906942224255,150.6009100041105,pobre,basal,0,416.66666,678.0,1.0,54.0,14,218,13135,8,0.0
98,1.0,0.0,3.7190001,1.0,8.0,9,44.75906942224255,150.6009100041105,pobre,basal,0,416.66666,678.0,1.0,54.0,15,218,13135,8,0.0
97,0.0,0.0,3.7190001,1.0,5.0,9,44.75906942224255,150.6009100041105,pobre,basal,0,416.66666,678.0,1.0,54.0,12,218,13136,5,1.0
98,0.0,0.0,3.7190001,1.0,6.0,9,44.75906942224255,150.6009100041105,pobre,basal,0,416.66666,678.0,1.0,54.0,13,218,13136,5,1.0
97,1.0,0.0,3.7190001,1.0,3.0,9,44.75906942224255,150.6009100041105,pobre,basal,0,416.66666,678.0,1.0,54.0,10,218,13137,3,1.0
98,1.0,0.0,3.7190001,1.0,0.0,9,44.75906942224255,150.6009100041105,pobre,basal,0,416.66666,678.0,1.0,54.0,11,218,13137,3,1.0
97,1.0,0.0,3.7190001,,0.0,9,44.75906942224255,150.6009100041105,pobre,basal,0,416.66666,678.0,1.0,54.0,8,218,13138,0,
98,1.0,0.0,3.7190001,1.0,1.0,9,44.75906942224255,150.6009100041105,pobre,basal,0,416.66666,678.0,1.0,54.0,9,218,13138,0,
97,1.0,1.0,3.7190001,,7.0,8,44.75906942224255,150.6009100041105,pobre,basal,6,166.66667,593.0,1.0,35.0,14,218,13139,7,
98,1.0,1.0,3.7190001,1.0,9.0,8,44.75906942224255,150.6009100041105,pobre,basal,6,166.66667,593.0,1.0,35.0,15,218,13139,7,
97,0.0,1.0,3.7190001,,4.0,8,44.75906942224255,150.6009100041105,pobre,basal,6,166.66667,593.0,1.0,35.0,12,218,13140,4,
98,0.0,1.0,3.7190001,0.0,6.0,8,44.75906942224255,150.6009100041105,pobre,basal,6,166.66667,593.0,1.0,35.0,13,218,13140,4,
97,0.0,1.0,3.7190001,,3.0,8,44.75906942224255,150.6009100041105,pobre,basal,6,166.66667,593.0,1.0,35.0,9,218,13141,3,
98,0.0,1.0,3.7190001,1.0,4.0,8,44.75906942224255,150.6009100041105,pobre,basal,6,166.66667,593.0,1.0,35.0,10,218,13141,3,
97,1.0,1.0,3.7190001,,0.0,8,44.75906942224255,150.6009100041105,pobre,basal,6,166.66667,593.0,1.0,35.0,6,218,13142,0,
98,1.0,1.0,3.7190001,1.0,1.0,8,44.75906942224255,150.6009100041105,pobre,basal,6,166.66667,593.0,1.0,35.0,7,218,13142,0,
97,1.0,1.0,3.7190001,1.0,9.0,9,44.75906942224255,150.6009100041105,pobre,basal,2,666.66669,588.42999,1.0,54.0,16,218,13143,9,1.0
98,1.0,1.0,3.7190001,0.0,9.0,9,44.75906942224255,150.6009100041105,pobre,basal,2,666.66669,588.42999,1.0,54.0,17,218,13143,9,1.0
97,1.0,1.0,3.7190001,1.0,8.0,9,44.75906942224255,150.6009100041105,pobre,basal,2,666.66669,588.42999,1.0,54.0,14,218,13144,8,1.0
98,1.0,1.0,3.7190001,1.0,9.0,9,44.75906942224255,150.6009100041105,pobre,basal,2,666.66669,588.42999,1.0,54.0,15,218,13144,8,1.0
97,0.0,1.0,3.7190001,1.0,6.0,9,44.75906942224255,150.6009100041105,pobre,basal,2,666.66669,588.42999,1.0,54.0,13,218,13145,6,1.0
98,0.0,1.0,3.7190001,1.0,7.0,9,44.75906942224255,150.6009100041105,pobre,basal,2,666.66669,588.42999,1.0,54.0,14,218,13145,6,1.0
97,1.0,1.0,3.7190001,1.0,4.0,9,44.75906942224255,150.6009100041105,pobre,basal,2,666.66669,588.42999,1.0,54.0,11,218,13146,4,1.0
98,1.0,1.0,3.7190001,1.0,5.0,9,44.75906942224255,150.6009100041105,pobre,basal,2,666.66669,588.42999,1.0,54.0,12,218,13146,4,1.0
97,0.0,1.0,3.7190001,1.0,4.0,4,44.75906942224255,150.6009100041105,no pobre,basal,0,750.0,924.0,1.0,70.0,12,218,13147,4,1.0
98,0.0,1.0,3.7190001,1.0,5.0,4,44.75906942224255,150.6009100041105,no pobre,basal,0,750.0,924.0,1.0,70.0,13,218,13147,4,1.0
97,1.0,1.0,3.7190001,0.0,6.0,9,44.75906942224255,150.6009100041105,pobre,basal,2,666.66669,583.0,1.0,39.0,14,218,13148,6,0.0
98,1.0,1.0,3.7190001,1.0,6.0,9,44.75906942224255,150.6009100041105,pobre,basal,2,666.66669,583.0,1.0,39.0,15,218,13148,6,0.0
97,0.0,1.0,3.7190001,1.0,3.0,9,44.75906942224255,150.6009100041105,pobre,basal,2,666.66669,583.0,1.0,39.0,9,218,13149,3,1.0
98,0.0,1.0,3.7190001,1.0,4.0,9,44.75906942224255,150.6009100041105,pobre,basal,2,666.66669,583.0,1.0,39.0,10,218,13149,3,1.0
97,1.0,1.0,3.7190001,1.0,1.0,9,44.75906942224255,150.6009100041105,pobre,basal,2,666.66669,583.0,1.0,39.0,6,218,13150,1,1.0
98,1.0,1.0,3.7190001,1.0,1.0,9,44.75906942224255,150.6009100041105,pobre,basal,2,666.66669,583.0,1.0,39.0,7,218,13150,1,1.0
97,1.0,1.0,3.7190001,1.0,7.0,5,44.75906942224255,150.6009100041105,pobre,basal,0,250.0,656.0,0.0,56.0,13,218,13151,7,1.0
98,1.0,1.0,3.7190001,1.0,7.0,5,44.75906942224255,150.6009100041105,pobre,basal,0,250.0,656.0,0.0,56.0,14,218,13151,7,1.0
97,1.0,1.0,3.7190001,1.0,2.0,5,44.75906942224255,150.6009100041105,pobre,basal,0,250.0,656.0,0.0,56.0,8,218,13152,2,1.0
98,1.0,1.0,3.7190001,1.0,3.0,5,44.75906942224255,150.6009100041105,pobre,basal,0,250.0,656.0,0.0,56.0,9,218,13152,2,1.0
97,0.0,1.0,3.7190001,1.0,1.0,5,44.75906942224255,150.6009100041105,pobre,basal,0,250.0,656.0,0.0,56.0,6,218,13153,1,1.0
98,0.0,1.0,3.7190001,,,5,44.75906942224255,150.6009100041105,pobre,basal,0,250.0,656.0,0.0,56.0,7,218,13153,1,1.0
97,1.0,1.0,3.7190001,1.0,7.0,9,44.75906942224255,150.6009100041105,pobre,basal,0,666.66669,442.0,1.0,45.0,16,218,13154,7,1.0
98,1.0,1.0,3.7190001,,,9,44.75906942224255,150.6009100041105,pobre,basal,0,666.66669,442.0,1.0,45.0,17,218,13154,7,1.0
97,0.0,1.0,3.7190001,0.0,6.0,9,44.75906942224255,150.6009100041105,pobre,basal,0,666.66669,442.0,1.0,45.0,12,218,13155,6,0.0
98,0.0,1.0,3.7190001,1.0,7.0,9,44.75906942224255,150.6009100041105,pobre,basal,0,666.66669,442.0,1.0,45.0,13,218,13155,6,0.0
97,1.0,1.0,3.7190001,1.0,2.0,9,44.75906942224255,150.6009100041105,pobre,basal,0,666.66669,442.0,1.0,45.0,10,218,13156,2,1.0
98,1.0,1.0,3.7190001,1.0,5.0,9,44.75906942224255,150.6009100041105,pobre,basal,0,666.66669,442.0,1.0,45.0,11,218,13156,2,1.0
97,1.0,1.0,3.7190001,,0.0,9,44.75906942224255,150.6009100041105,pobre,basal,0,666.66669,442.0,1.0,45.0,6,218,13157,0,
98,1.0,1.0,3.7190001,1.0,1.0,9,44.75906942224255,150.6009100041105,pobre,basal,0,666.66669,442.0,1.0,45.0,7,218,13157,0,
97,0.0,1.0,3.7190001,1.0,1.0,10,44.75906942224255,150.6009100041105,pobre,basal,2,1000.0,668.0,1.0,50.0,11,218,13158,1,1.0
98,0.0,1.0,3.7190001,1.0,6.0,10,44.75906942224255,150.6009100041105,pobre,basal,2,1000.0,668.0,1.0,50.0,12,218,13158,1,1.0
97,1.0,1.0,3.7190001,1.0,1.0,10,44.75906942224255,150.6009100041105,pobre,basal,2,1000.0,668.0,1.0,50.0,8,218,13159,1,1.0
98,1.0,1.0,3.7190001,1.0,3.0,10,44.75906942224255,150.6009100041105,pobre,basal,2,1000.0,668.0,1.0,50.0,9,218,13159,1,1.0
97,1.0,1.0,3.7190001,1.0,5.0,5,44.75906942224255,150.6009100041105,pobre,basal,3,250.0,678.0,0.0,43.0,14,218,13160,5,1.0
98,1.0,1.0,3.7190001,0.0,6.0,5,44.75906942224255,150.6009100041105,pobre,basal,3,250.0,678.0,0.0,43.0,15,218,13160,5,1.0
97,0.0,1.0,3.7190001,1.0,1.0,5,44.75906942224255,150.6009100041105,pobre,basal,3,250.0,678.0,0.0,43.0,7,218,13161,1,1.0
98,0.0,1.0,3.7190001,1.0,2.0,5,44.75906942224255,150.6009100041105,pobre,basal,3,250.0,678.0,0.0,43.0,8,218,13161,1,1.0
97,1.0,1.0,3.7190001,1.0,8.0,7,44.75906942224255,150.6009100041105,pobre,basal,0,600.0,607.0,0.0,46.0,16,218,13162,8,1.0
98,1.0,1.0,3.7190001,,,7,44.75906942224255,150.6009100041105,pobre,basal,0,600.0,607.0,0.0,46.0,17,218,13162,8,1.0
97,1.0,1.0,3.7190001,0.0,6.0,7,44.75906942224255,150.6009100041105,pobre,basal,0,600.0,607.0,0.0,46.0,15,218,13163,6,0.0
98,1.0,1.0,3.7190001,0.0,6.0,7,44.75906942224255,150.6009100041105,pobre,basal,0,600.0,607.0,0.0,46.0,16,218,13163,6,0.0
97,1.0,1.0,3.7190001,1.0,4.0,7,44.75906942224255,150.6009100041105,pobre,basal,0,600.0,607.0,0.0,46.0,11,218,13164,4,1.0
98,1.0,1.0,3.7190001,1.0,5.0,7,44.75906942224255,150.6009100041105,pobre,basal,0,600.0,607.0,0.0,46.0,12,218,13164,4,1.0
97,0.0,1.0,3.7190001,1.0,2.0,7,44.75906942224255,150.6009100041105,pobre,basal,0,600.0,607.0,0.0,46.0,9,218,13165,2,1.0
98,0.0,1.0,3.7190001,1.0,3.0,7,44.75906942224255,150.6009100041105,pobre,basal,0,600.0,607.0,0.0,46.0,10,218,13165,2,1.0
97,0.0,1.0,3.7190001,1.0,1.0,7,44.75906942224255,150.6009100041105,pobre,basal,0,600.0,607.0,0.0,46.0,6,218,13166,1,1.0
98,0.0,1.0,3.7190001,1.0,2.0,7,44.75906942224255,150.6009100041105,pobre,basal,0,600.0,607.0,0.0,46.0,7,218,13166,1,1.0
97,1.0,1.0,3.7190001,1.0,3.0,6,44.75906942224255,150.6009100041105,pobre,basal,0,666.66669,538.0,1.0,42.0,14,218,13167,3,1.0
98,1.0,1.0,3.7190001,1.0,8.0,6,44.75906942224255,150.6009100041105,pobre,basal,0,666.66669,538.0,1.0,42.0,15,218,13167,3,1.0
97,0.0,1.0,3.7190001,1.0,3.0,6,44.75906942224255,150.6009100041105,pobre,basal,0,666.66669,538.0,1.0,42.0,9,218,13168,3,1.0
98,0.0,1.0,3.7190001,1.0,4.0,6,44.75906942224255,150.6009100041105,pobre,basal,0,666.66669,538.0,1.0,42.0,10,218,13168,3,1.0
97,1.0,1.0,3.7190001,1.0,3.0,6,44.75906942224255,150.6009100041105,pobre,basal,0,666.66669,538.0,1.0,42.0,6,218,13169,3,1.0
98,1.0,1.0,3.7190001,1.0,1.0,6,44.75906942224255,150.6009100041105,pobre,basal,0,666.66669,538.0,1.0,42.0,7,218,13169,3,1.0
97,1.0,1.0,3.7190001,1.0,7.0,7,44.75906942224255,150.6009100041105,pobre,basal,0,666.66669,645.0,1.0,49.0,16,218,13170,7,1.0
98,1.0,1.0,3.7190001,,,7,44.75906942224255,150.6009100041105,pobre,basal,0,666.66669,645.0,1.0,49.0,17,218,13170,7,1.0
97,1.0,1.0,3.7190001,1.0,5.0,7,44.75906942224255,150.6009100041105,pobre,basal,0,666.66669,645.0,1.0,49.0,12,218,13171,5,1.0
98,1.0,1.0,3.7190001,1.0,6.0,7,44.75906942224255,150.6009100041105,pobre,basal,0,666.66669,645.0,1.0,49.0,13,218,13171,5,1.0
97,0.0,1.0,3.7190001,0.0,6.0,7,44.75906942224255,150.6009100041105,pobre,basal,0,666.66669,645.0,1.0,49.0,16,218,13172,6,0.0
98,0.0,1.0,3.7190001,,,7,44.75906942224255,150.6009100041105,pobre,basal,0,666.66669,645.0,1.0,49.0,17,218,13172,6,0.0
97,0.0,1.0,4.4439998,1.0,2.0,6,49.54970592788855,156.8512917957447,pobre,0,2,500.0,508.0,1.0,34.0,7,244,13173,2,1.0
98,0.0,1.0,4.4439998,1.0,1.0,6,49.54970592788855,156.8512917957447,pobre,0,2,500.0,508.0,1.0,34.0,8,244,13173,2,1.0
97,0.0,1.0,4.4439998,1.0,2.0,6,49.54970592788855,156.8512917957447,pobre,0,2,500.0,508.0,1.0,34.0,8,244,13174,2,1.0
98,0.0,1.0,4.4439998,1.0,2.0,6,49.54970592788855,156.8512917957447,pobre,0,2,500.0,508.0,1.0,34.0,9,244,13174,2,1.0
97,0.0,1.0,4.4439998,,0.0,5,49.54970592788855,156.8512917957447,pobre,0,0,0.0,635.45001,0.0,40.0,16,244,13175,0,
98,0.0,1.0,4.4439998,,,5,49.54970592788855,156.8512917957447,pobre,0,0,0.0,635.45001,0.0,40.0,17,244,13175,0,
97,0.0,1.0,4.4439998,,4.0,5,49.54970592788855,156.8512917957447,pobre,0,0,0.0,635.45001,0.0,40.0,9,244,13176,4,
98,0.0,1.0,4.4439998,1.0,4.0,5,49.54970592788855,156.8512917957447,pobre,0,0,0.0,635.45001,0.0,40.0,10,244,13176,4,
97,0.0,0.0,4.9629998,1.0,2.0,5,30.41327769467692,30.41327769467692,pobre,0,2,500.0,742.0,1.0,26.0,9,199,13177,2,1.0
98,0.0,0.0,4.9629998,1.0,3.0,5,30.41327769467692,30.41327769467692,pobre,0,2,500.0,742.0,1.0,26.0,10,199,13177,2,1.0
97,1.0,0.0,4.9629998,1.0,1.0,5,30.41327769467692,30.41327769467692,pobre,0,2,500.0,742.0,1.0,26.0,7,199,13178,1,1.0
98,1.0,0.0,4.9629998,,,5,30.41327769467692,30.41327769467692,pobre,0,2,500.0,742.0,1.0,26.0,8,199,13178,1,1.0
97,1.0,0.0,4.9629998,1.0,4.0,7,30.41327769467692,30.41327769467692,pobre,0,6,4.0,633.0,1.0,28.0,11,199,13179,4,1.0
98,1.0,0.0,4.9629998,1.0,5.0,7,30.41327769467692,30.41327769467692,pobre,0,6,4.0,633.0,1.0,28.0,12,199,13179,4,1.0
97,0.0,0.0,4.9629998,1.0,0.0,7,30.41327769467692,30.41327769467692,pobre,0,6,4.0,633.0,1.0,28.0,7,199,13180,0,1.0
98,0.0,0.0,4.9629998,1.0,1.0,7,30.41327769467692,30.41327769467692,pobre,0,6,4.0,633.0,1.0,28.0,8,199,13180,0,1.0
97,0.0,0.0,4.9629998,0.0,6.0,6,30.41327769467692,30.41327769467692,no pobre,0,0,0.0,857.0,1.0,63.0,16,199,13181,6,0.0
98,0.0,0.0,4.9629998,,,6,30.41327769467692,30.41327769467692,no pobre,0,0,0.0,857.0,1.0,63.0,17,199,13181,6,0.0
97,0.0,0.0,4.9629998,0.0,6.0,7,30.41327769467692,30.41327769467692,pobre,0,3,500.0,676.0,1.0,38.0,13,199,13182,6,0.0
98,0.0,0.0,4.9629998,0.0,6.0,7,30.41327769467692,30.41327769467692,pobre,0,3,500.0,676.0,1.0,38.0,14,199,13182,6,0.0
97,0.0,0.0,4.9629998,1.0,5.0,7,30.41327769467692,30.41327769467692,pobre,0,3,500.0,676.0,1.0,38.0,11,199,13183,5,1.0
98,0.0,0.0,4.9629998,0.0,6.0,7,30.41327769467692,30.41327769467692,pobre,0,3,500.0,676.0,1.0,38.0,12,199,13183,5,1.0
97,0.0,0.0,4.9629998,1.0,3.0,7,30.41327769467692,30.41327769467692,pobre,0,3,500.0,676.0,1.0,38.0,8,199,13184,3,1.0
98,0.0,0.0,4.9629998,1.0,4.0,7,30.41327769467692,30.41327769467692,pobre,0,3,500.0,676.0,1.0,38.0,9,199,13184,3,1.0
97,1.0,0.0,4.9629998,0.0,6.0,5,30.41327769467692,30.41327769467692,no pobre,0,5,500.0,1061.0,1.0,45.0,14,199,13185,6,0.0
98,1.0,0.0,4.9629998,0.0,6.0,5,30.41327769467692,30.41327769467692,no pobre,0,5,500.0,1061.0,1.0,45.0,15,199,13185,6,0.0
97,1.0,0.0,4.9629998,1.0,5.0,5,30.41327769467692,30.41327769467692,no pobre,0,5,500.0,1061.0,1.0,45.0,10,199,13186,5,1.0
98,1.0,0.0,4.9629998,0.0,6.0,5,30.41327769467692,30.41327769467692,no pobre,0,5,500.0,1061.0,1.0,45.0,11,199,13186,5,1.0
97,1.0,0.0,4.9629998,1.0,0.0,5,30.41327769467692,30.41327769467692,no pobre,0,5,500.0,1061.0,1.0,45.0,6,199,13187,0,1.0
98,1.0,0.0,4.9629998,1.0,1.0,5,30.41327769467692,30.41327769467692,no pobre,0,5,500.0,1061.0,1.0,45.0,7,199,13187,0,1.0
97,1.0,0.0,4.9629998,0.0,6.0,14,30.41327769467692,30.41327769467692,pobre,0,2,83.333336,756.0,1.0,52.0,16,199,13188,6,0.0
98,1.0,0.0,4.9629998,,,14,30.41327769467692,30.41327769467692,pobre,0,2,83.333336,756.0,1.0,52.0,17,199,13188,6,0.0
97,0.0,0.0,4.9629998,0.0,6.0,14,30.41327769467692,30.41327769467692,pobre,0,2,83.333336,756.0,1.0,52.0,15,199,13189,6,0.0
98,0.0,0.0,4.9629998,,,14,30.41327769467692,30.41327769467692,pobre,0,2,83.333336,756.0,1.0,52.0,16,199,13189,6,0.0
97,1.0,0.0,4.9629998,0.0,6.0,14,30.41327769467692,30.41327769467692,pobre,0,2,83.333336,756.0,1.0,52.0,13,199,13190,6,0.0
98,1.0,0.0,4.9629998,0.0,6.0,14,30.41327769467692,30.41327769467692,pobre,0,2,83.333336,756.0,1.0,52.0,14,199,13190,6,0.0
97,0.0,0.0,4.9629998,1.0,3.0,14,30.41327769467692,30.41327769467692,pobre,0,2,83.333336,756.0,1.0,52.0,11,199,13191,3,1.0
98,0.0,0.0,4.9629998,1.0,4.0,14,30.41327769467692,30.41327769467692,pobre,0,2,83.333336,756.0,1.0,52.0,12,199,13191,3,1.0
97,1.0,0.0,4.9629998,1.0,2.0,14,30.41327769467692,30.41327769467692,pobre,0,2,83.333336,756.0,1.0,52.0,8,199,13192,2,1.0
98,1.0,0.0,4.9629998,1.0,3.0,14,30.41327769467692,30.41327769467692,pobre,0,2,83.333336,756.0,1.0,52.0,9,199,13192,2,1.0
97,0.0,0.0,4.9629998,1.0,3.0,6,30.41327769467692,30.41327769467692,pobre,0,6,625.0,641.0,1.0,32.0,7,199,13193,3,1.0
98,0.0,0.0,4.9629998,1.0,3.0,6,30.41327769467692,30.41327769467692,pobre,0,6,625.0,641.0,1.0,32.0,8,199,13193,3,1.0
97,0.0,0.0,4.9629998,1.0,4.0,10,30.41327769467692,30.41327769467692,no pobre,0,0,166.66667,801.0,1.0,67.0,14,199,13194,4,1.0
98,0.0,0.0,4.9629998,,,10,30.41327769467692,30.41327769467692,no pobre,0,0,166.66667,801.0,1.0,67.0,15,199,13194,4,1.0
97,0.0,0.0,4.9629998,1.0,3.0,10,30.41327769467692,30.41327769467692,no pobre,0,0,166.66667,801.0,1.0,67.0,12,199,13195,3,1.0
98,0.0,0.0,4.9629998,,,10,30.41327769467692,30.41327769467692,no pobre,0,0,166.66667,801.0,1.0,67.0,13,199,13195,3,1.0
97,0.0,0.0,4.9629998,1.0,1.0,10,30.41327769467692,30.41327769467692,no pobre,0,0,166.66667,801.0,1.0,67.0,8,199,13196,1,1.0
98,0.0,0.0,4.9629998,,,10,30.41327769467692,30.41327769467692,no pobre,0,0,166.66667,801.0,1.0,67.0,9,199,13196,1,1.0
97,1.0,0.0,4.9629998,1.0,3.0,9,30.41327769467692,30.41327769467692,no pobre,0,0,58.333332,829.0,1.0,75.0,10,199,13197,3,1.0
98,1.0,0.0,4.9629998,1.0,5.0,9,30.41327769467692,30.41327769467692,no pobre,0,0,58.333332,829.0,1.0,75.0,11,199,13197,3,1.0
97,0.0,0.0,4.9629998,1.0,1.0,9,30.41327769467692,30.41327769467692,no pobre,0,0,58.333332,829.0,1.0,75.0,7,199,13198,1,1.0
98,0.0,0.0,4.9629998,1.0,2.0,9,30.41327769467692,30.41327769467692,no pobre,0,0,58.333332,829.0,1.0,75.0,8,199,13198,1,1.0
97,1.0,0.0,4.9629998,1.0,6.0,5,30.41327769467692,30.41327769467692,pobre,0,6,58.333332,721.0,1.0,45.0,15,199,13199,6,1.0
98,1.0,0.0,4.9629998,0.0,6.0,5,30.41327769467692,30.41327769467692,pobre,0,6,58.333332,721.0,1.0,45.0,16,199,13199,6,1.0
97,1.0,0.0,4.9629998,1.0,5.0,5,30.41327769467692,30.41327769467692,pobre,0,6,58.333332,721.0,1.0,45.0,12,199,13200,5,1.0
98,1.0,0.0,4.9629998,0.0,6.0,5,30.41327769467692,30.41327769467692,pobre,0,6,58.333332,721.0,1.0,45.0,13,199,13200,5,1.0
97,1.0,0.0,4.9629998,1.0,0.0,5,30.41327769467692,30.41327769467692,pobre,0,6,58.333332,721.0,1.0,45.0,6,199,13201,0,1.0
98,1.0,0.0,4.9629998,1.0,1.0,5,30.41327769467692,30.41327769467692,pobre,0,6,58.333332,721.0,1.0,45.0,7,199,13201,0,1.0
97,0.0,0.0,4.9629998,1.0,4.0,6,30.41327769467692,30.41327769467692,pobre,0,5,1250.0,719.0,1.0,35.0,10,199,13202,4,1.0
98,0.0,0.0,4.9629998,1.0,5.0,6,30.41327769467692,30.41327769467692,pobre,0,5,1250.0,719.0,1.0,35.0,11,199,13202,4,1.0
97,0.0,0.0,4.9629998,1.0,3.0,6,30.41327769467692,30.41327769467692,pobre,0,5,1250.0,719.0,1.0,35.0,8,199,13203,3,1.0
98,0.0,0.0,4.9629998,1.0,4.0,6,30.41327769467692,30.41327769467692,pobre,0,5,1250.0,719.0,1.0,35.0,9,199,13203,3,1.0
97,1.0,0.0,4.9629998,0.0,6.0,14,30.41327769467692,30.41327769467692,no pobre,0,2,0.0,858.0,1.0,54.0,16,199,13204,6,0.0
98,1.0,0.0,4.9629998,,,14,30.41327769467692,30.41327769467692,no pobre,0,2,0.0,858.0,1.0,54.0,17,199,13204,6,0.0
97,1.0,0.0,4.9629998,0.0,6.0,14,30.41327769467692,30.41327769467692,no pobre,0,2,0.0,858.0,1.0,54.0,14,199,13205,6,0.0
98,1.0,0.0,4.9629998,0.0,6.0,14,30.41327769467692,30.41327769467692,no pobre,0,2,0.0,858.0,1.0,54.0,15,199,13205,6,0.0
97,1.0,0.0,4.9629998,0.0,6.0,14,30.41327769467692,30.41327769467692,no pobre,0,2,0.0,858.0,1.0,54.0,14,199,13206,6,0.0
98,1.0,0.0,4.9629998,0.0,6.0,14,30.41327769467692,30.41327769467692,no pobre,0,2,0.0,858.0,1.0,54.0,15,199,13206,6,0.0
97,0.0,0.0,4.9629998,1.0,5.0,14,30.41327769467692,30.41327769467692,no pobre,0,2,0.0,858.0,1.0,54.0,12,199,13207,5,1.0
98,0.0,0.0,4.9629998,0.0,6.0,14,30.41327769467692,30.41327769467692,no pobre,0,2,0.0,858.0,1.0,54.0,13,199,13207,5,1.0
97,0.0,0.0,4.9629998,1.0,3.0,14,30.41327769467692,30.41327769467692,no pobre,0,2,0.0,858.0,1.0,54.0,10,199,13208,3,1.0
98,0.0,0.0,4.9629998,0.0,3.0,14,30.41327769467692,30.41327769467692,no pobre,0,2,0.0,858.0,1.0,54.0,11,199,13208,3,1.0
97,1.0,0.0,4.9629998,0.0,6.0,10,30.41327769467692,30.41327769467692,pobre,0,2,1000.0,793.0,1.0,45.0,15,199,13209,6,0.0
98,1.0,0.0,4.9629998,0.0,6.0,10,30.41327769467692,30.41327769467692,pobre,0,2,1000.0,793.0,1.0,45.0,16,199,13209,6,0.0
97,0.0,0.0,4.9629998,0.0,6.0,10,30.41327769467692,30.41327769467692,pobre,0,2,1000.0,793.0,1.0,45.0,13,199,13210,6,0.0
98,0.0,0.0,4.9629998,0.0,6.0,10,30.41327769467692,30.41327769467692,pobre,0,2,1000.0,793.0,1.0,45.0,14,199,13210,6,0.0
97,1.0,0.0,4.9629998,1.0,4.0,10,30.41327769467692,30.41327769467692,pobre,0,2,1000.0,793.0,1.0,45.0,9,199,13211,4,1.0
98,1.0,0.0,4.9629998,1.0,4.0,10,30.41327769467692,30.41327769467692,pobre,0,2,1000.0,793.0,1.0,45.0,10,199,13211,4,1.0
97,1.0,0.0,4.9629998,1.0,1.0,10,30.41327769467692,30.41327769467692,pobre,0,2,1000.0,793.0,1.0,45.0,7,199,13212,1,1.0
98,1.0,0.0,4.9629998,1.0,2.0,10,30.41327769467692,30.41327769467692,pobre,0,2,1000.0,793.0,1.0,45.0,8,199,13212,1,1.0
97,1.0,0.0,4.9629998,0.0,6.0,8,30.41327769467692,30.41327769467692,pobre,0,2,625.0,787.0,1.0,44.0,16,199,13213,6,0.0
98,1.0,0.0,4.9629998,,,8,30.41327769467692,30.41327769467692,pobre,0,2,625.0,787.0,1.0,44.0,17,199,13213,6,0.0
97,0.0,0.0,4.9629998,1.0,5.0,8,30.41327769467692,30.41327769467692,pobre,0,2,625.0,787.0,1.0,44.0,11,199,13214,5,1.0
98,0.0,0.0,4.9629998,1.0,6.0,8,30.41327769467692,30.41327769467692,pobre,0,2,625.0,787.0,1.0,44.0,12,199,13214,5,1.0
97,1.0,0.0,4.9629998,1.0,4.0,8,30.41327769467692,30.41327769467692,pobre,0,2,625.0,787.0,1.0,44.0,8,199,13215,4,1.0
98,1.0,0.0,4.9629998,1.0,4.0,8,30.41327769467692,30.41327769467692,pobre,0,2,625.0,787.0,1.0,44.0,9,199,13215,4,1.0
97,1.0,0.0,4.9629998,1.0,2.0,8,30.41327769467692,30.41327769467692,pobre,0,2,625.0,787.0,1.0,44.0,6,199,13216,2,1.0
98,1.0,0.0,4.9629998,1.0,2.0,8,30.41327769467692,30.41327769467692,pobre,0,2,625.0,787.0,1.0,44.0,7,199,13216,2,1.0
97,1.0,0.0,4.9629998,0.0,6.0,8,30.41327769467692,30.41327769467692,pobre,0,3,1200.0,754.0,1.0,37.0,16,199,13217,6,0.0
98,1.0,0.0,4.9629998,,,8,30.41327769467692,30.41327769467692,pobre,0,3,1200.0,754.0,1.0,37.0,17,199,13217,6,0.0
97,1.0,0.0,4.9629998,0.0,7.0,8,30.41327769467692,30.41327769467692,pobre,0,3,1200.0,754.0,1.0,37.0,14,199,13218,7,0.0
98,1.0,0.0,4.9629998,1.0,3.0,8,30.41327769467692,30.41327769467692,pobre,0,3,1200.0,754.0,1.0,37.0,15,199,13218,7,0.0
97,1.0,0.0,4.9629998,1.0,2.0,8,30.41327769467692,30.41327769467692,pobre,0,3,1200.0,754.0,1.0,37.0,11,199,13219,2,1.0
98,1.0,0.0,4.9629998,1.0,2.0,8,30.41327769467692,30.41327769467692,pobre,0,3,1200.0,754.0,1.0,37.0,12,199,13219,2,1.0
97,1.0,0.0,4.9629998,1.0,1.0,8,30.41327769467692,30.41327769467692,pobre,0,3,1200.0,754.0,1.0,37.0,8,199,13220,1,1.0
98,1.0,0.0,4.9629998,1.0,2.0,8,30.41327769467692,30.41327769467692,pobre,0,3,1200.0,754.0,1.0,37.0,9,199,13220,1,1.0
97,1.0,0.0,4.9629998,1.0,2.0,7,30.41327769467692,30.41327769467692,no pobre,0,3,1500.0,784.0,1.0,26.0,9,199,13221,2,1.0
98,1.0,0.0,4.9629998,1.0,3.0,7,30.41327769467692,30.41327769467692,no pobre,0,3,1500.0,784.0,1.0,26.0,10,199,13221,2,1.0
97,1.0,0.0,4.9629998,1.0,1.0,7,30.41327769467692,30.41327769467692,no pobre,0,3,1500.0,784.0,1.0,26.0,7,199,13222,1,1.0
98,1.0,0.0,4.9629998,1.0,2.0,7,30.41327769467692,30.41327769467692,no pobre,0,3,1500.0,784.0,1.0,26.0,8,199,13222,1,1.0
97,0.0,0.0,4.9629998,1.0,0.0,7,30.41327769467692,30.41327769467692,no pobre,0,3,1500.0,784.0,1.0,26.0,6,199,13223,0,1.0
98,0.0,0.0,4.9629998,1.0,0.0,7,30.41327769467692,30.41327769467692,no pobre,0,3,1500.0,784.0,1.0,26.0,7,199,13223,0,1.0
97,1.0,0.0,4.9629998,1.0,0.0,4,30.41327769467692,30.41327769467692,no pobre,0,4,1500.0,791.0,1.0,29.0,6,199,13224,0,1.0
98,1.0,0.0,4.9629998,1.0,1.0,4,30.41327769467692,30.41327769467692,no pobre,0,4,1500.0,791.0,1.0,29.0,7,199,13224,0,1.0
97,0.0,0.0,4.9629998,0.0,6.0,9,30.41327769467692,30.41327769467692,pobre,0,3,750.0,719.0,1.0,49.0,15,199,13225,6,0.0
98,0.0,0.0,4.9629998,,,9,30.41327769467692,30.41327769467692,pobre,0,3,750.0,719.0,1.0,49.0,16,199,13225,6,0.0
97,1.0,0.0,4.9629998,0.0,6.0,9,30.41327769467692,30.41327769467692,pobre,0,3,750.0,719.0,1.0,49.0,15,199,13226,6,0.0
98,1.0,0.0,4.9629998,,,9,30.41327769467692,30.41327769467692,pobre,0,3,750.0,719.0,1.0,49.0,16,199,13226,6,0.0
97,0.0,0.0,4.9629998,0.0,4.0,9,30.41327769467692,30.41327769467692,pobre,0,3,750.0,719.0,1.0,49.0,12,199,13227,4,0.0
98,0.0,0.0,4.9629998,1.0,4.0,9,30.41327769467692,30.41327769467692,pobre,0,3,750.0,719.0,1.0,49.0,13,199,13227,4,0.0
97,1.0,0.0,4.9629998,1.0,4.0,9,30.41327769467692,30.41327769467692,pobre,0,3,750.0,719.0,1.0,49.0,9,199,13228,4,1.0
98,1.0,0.0,4.9629998,1.0,5.0,9,30.41327769467692,30.41327769467692,pobre,0,3,750.0,719.0,1.0,49.0,10,199,13228,4,1.0
97,0.0,0.0,4.9629998,1.0,3.0,9,30.41327769467692,30.41327769467692,pobre,0,3,750.0,719.0,1.0,49.0,8,199,13229,3,1.0
98,0.0,0.0,4.9629998,1.0,3.0,9,30.41327769467692,30.41327769467692,pobre,0,3,750.0,719.0,1.0,49.0,9,199,13229,3,1.0
97,0.0,0.0,9.6990004,1.0,5.0,7,116.2867993347519,116.2867993347519,pobre,basal,0,0.0,606.0,0.0,50.0,11,333,13230,5,1.0
98,0.0,0.0,9.6990004,0.0,6.0,7,116.2867993347519,116.2867993347519,pobre,basal,0,0.0,606.0,0.0,50.0,12,333,13230,5,1.0
97,0.0,0.0,9.6990004,1.0,1.0,7,116.2867993347519,116.2867993347519,pobre,basal,0,0.0,606.0,0.0,50.0,7,333,13231,1,1.0
98,0.0,0.0,9.6990004,1.0,3.0,7,116.2867993347519,116.2867993347519,pobre,basal,0,0.0,606.0,0.0,50.0,8,333,13231,1,1.0
97,1.0,0.0,9.6990004,1.0,0.0,3,116.2867993347519,116.2867993347519,pobre,basal,6,600.0,635.0,1.0,55.0,6,333,13232,0,1.0
98,1.0,0.0,9.6990004,1.0,0.0,3,116.2867993347519,116.2867993347519,pobre,basal,6,600.0,635.0,1.0,55.0,7,333,13232,0,1.0
97,0.0,0.0,9.6990004,0.0,5.0,14,116.2867993347519,116.2867993347519,pobre,basal,3,83.333336,745.0,1.0,48.0,16,333,13233,5,0.0
98,0.0,0.0,9.6990004,,,14,116.2867993347519,116.2867993347519,pobre,basal,3,83.333336,745.0,1.0,48.0,17,333,13233,5,0.0
97,0.0,0.0,9.6990004,0.0,5.0,14,116.2867993347519,116.2867993347519,pobre,basal,3,83.333336,745.0,1.0,48.0,14,333,13234,5,0.0
98,0.0,0.0,9.6990004,0.0,6.0,14,116.2867993347519,116.2867993347519,pobre,basal,3,83.333336,745.0,1.0,48.0,15,333,13234,5,0.0
97,0.0,0.0,9.6990004,1.0,5.0,14,116.2867993347519,116.2867993347519,pobre,basal,3,83.333336,745.0,1.0,48.0,12,333,13235,5,1.0
98,0.0,0.0,9.6990004,0.0,6.0,14,116.2867993347519,116.2867993347519,pobre,basal,3,83.333336,745.0,1.0,48.0,13,333,13235,5,1.0
97,0.0,0.0,9.6990004,1.0,5.0,14,116.2867993347519,116.2867993347519,pobre,basal,3,83.333336,745.0,1.0,48.0,9,333,13236,5,1.0
98,0.0,0.0,9.6990004,0.0,6.0,14,116.2867993347519,116.2867993347519,pobre,basal,3,83.333336,745.0,1.0,48.0,10,333,13236,5,1.0
97,1.0,0.0,9.6990004,1.0,2.0,14,116.2867993347519,116.2867993347519,pobre,basal,3,83.333336,745.0,1.0,48.0,11,333,13237,2,1.0
98,1.0,0.0,9.6990004,1.0,3.0,14,116.2867993347519,116.2867993347519,pobre,basal,3,83.333336,745.0,1.0,48.0,12,333,13237,2,1.0
97,0.0,0.0,9.6990004,0.0,6.0,6,116.2867993347519,116.2867993347519,pobre,basal,3,875.0,686.0,1.0,53.0,12,333,13238,6,0.0
98,0.0,0.0,9.6990004,0.0,6.0,6,116.2867993347519,116.2867993347519,pobre,basal,3,875.0,686.0,1.0,53.0,13,333,13238,6,0.0
97,1.0,0.0,9.6990004,0.0,4.0,4,116.2867993347519,116.2867993347519,pobre,basal,0,280.0,692.0,1.0,57.0,16,333,13239,4,0.0
98,1.0,0.0,9.6990004,,,4,116.2867993347519,116.2867993347519,pobre,basal,0,280.0,692.0,1.0,57.0,17,333,13239,4,0.0
97,0.0,0.0,9.6990004,0.0,6.0,4,116.2867993347519,116.2867993347519,pobre,basal,0,280.0,692.0,1.0,57.0,14,333,13240,6,0.0
98,0.0,0.0,9.6990004,,,4,116.2867993347519,116.2867993347519,pobre,basal,0,280.0,692.0,1.0,57.0,15,333,13240,6,0.0
97,0.0,0.0,9.6990004,0.0,6.0,13,116.2867993347519,116.2867993347519,pobre,basal,0,1000.0,372.0,1.0,46.0,15,333,13241,6,0.0
98,0.0,0.0,9.6990004,0.0,6.0,13,116.2867993347519,116.2867993347519,pobre,basal,0,1000.0,372.0,1.0,46.0,16,333,13241,6,0.0
97,0.0,0.0,9.6990004,0.0,6.0,13,116.2867993347519,116.2867993347519,pobre,basal,0,1000.0,372.0,1.0,46.0,14,333,13242,6,0.0
98,0.0,0.0,9.6990004,0.0,6.0,13,116.2867993347519,116.2867993347519,pobre,basal,0,1000.0,372.0,1.0,46.0,15,333,13242,6,0.0
97,0.0,0.0,9.6990004,1.0,4.0,13,116.2867993347519,116.2867993347519,pobre,basal,0,1000.0,372.0,1.0,46.0,12,333,13243,4,1.0
98,0.0,0.0,9.6990004,1.0,4.0,13,116.2867993347519,116.2867993347519,pobre,basal,0,1000.0,372.0,1.0,46.0,13,333,13243,4,1.0
97,0.0,0.0,9.6990004,1.0,1.0,13,116.2867993347519,116.2867993347519,pobre,basal,0,1000.0,372.0,1.0,46.0,9,333,13244,1,1.0
98,0.0,0.0,9.6990004,1.0,2.0,13,116.2867993347519,116.2867993347519,pobre,basal,0,1000.0,372.0,1.0,46.0,10,333,13244,1,1.0
97,1.0,0.0,9.6990004,1.0,0.0,13,116.2867993347519,116.2867993347519,pobre,basal,0,1000.0,372.0,1.0,46.0,8,333,13245,0,1.0
98,1.0,0.0,9.6990004,1.0,1.0,13,116.2867993347519,116.2867993347519,pobre,basal,0,1000.0,372.0,1.0,46.0,9,333,13245,0,1.0
97,0.0,0.0,9.6990004,0.0,6.0,6,116.2867993347519,116.2867993347519,pobre,basal,9,1000.0,660.0,1.0,30.0,12,333,13246,6,0.0
98,0.0,0.0,9.6990004,0.0,6.0,6,116.2867993347519,116.2867993347519,pobre,basal,9,1000.0,660.0,1.0,30.0,13,333,13246,6,0.0
97,0.0,0.0,9.6990004,1.0,4.0,6,116.2867993347519,116.2867993347519,pobre,basal,9,1000.0,660.0,1.0,30.0,10,333,13247,4,1.0
98,0.0,0.0,9.6990004,1.0,5.0,6,116.2867993347519,116.2867993347519,pobre,basal,9,1000.0,660.0,1.0,30.0,11,333,13247,4,1.0
97,0.0,0.0,9.6990004,1.0,4.0,6,116.2867993347519,116.2867993347519,pobre,basal,9,1000.0,660.0,1.0,30.0,10,333,13248,4,1.0
98,0.0,0.0,9.6990004,1.0,5.0,6,116.2867993347519,116.2867993347519,pobre,basal,9,1000.0,660.0,1.0,30.0,11,333,13248,4,1.0
97,0.0,0.0,9.6990004,0.0,5.0,4,116.2867993347519,116.2867993347519,pobre,basal,1,480.0,736.0,1.0,43.0,13,333,13249,5,0.0
98,0.0,0.0,9.6990004,0.0,6.0,4,116.2867993347519,116.2867993347519,pobre,basal,1,480.0,736.0,1.0,43.0,14,333,13249,5,0.0
97,0.0,0.0,9.6990004,0.0,6.0,9,116.2867993347519,116.2867993347519,pobre,basal,2,625.0,392.0,1.0,37.0,13,333,13250,6,0.0
98,0.0,0.0,9.6990004,0.0,6.0,9,116.2867993347519,116.2867993347519,pobre,basal,2,625.0,392.0,1.0,37.0,14,333,13250,6,0.0
97,0.0,0.0,9.6990004,1.0,3.0,9,116.2867993347519,116.2867993347519,pobre,basal,2,625.0,392.0,1.0,37.0,9,333,13251,3,1.0
98,0.0,0.0,9.6990004,1.0,4.0,9,116.2867993347519,116.2867993347519,pobre,basal,2,625.0,392.0,1.0,37.0,10,333,13251,3,1.0
97,1.0,0.0,9.6990004,1.0,1.0,9,116.2867993347519,116.2867993347519,pobre,basal,2,625.0,392.0,1.0,37.0,7,333,13252,1,1.0
98,1.0,0.0,9.6990004,1.0,2.0,9,116.2867993347519,116.2867993347519,pobre,basal,2,625.0,392.0,1.0,37.0,8,333,13252,1,1.0
97,0.0,0.0,9.6990004,1.0,0.0,9,116.2867993347519,116.2867993347519,pobre,basal,2,625.0,392.0,1.0,37.0,6,333,13253,0,1.0
98,0.0,0.0,9.6990004,1.0,1.0,9,116.2867993347519,116.2867993347519,pobre,basal,2,625.0,392.0,1.0,37.0,7,333,13253,0,1.0
97,0.0,0.0,9.6990004,0.0,6.0,11,116.2867993347519,116.2867993347519,pobre,basal,2,750.0,730.40002,1.0,50.0,16,333,13254,6,0.0
98,0.0,0.0,9.6990004,0.0,6.0,11,116.2867993347519,116.2867993347519,pobre,basal,2,750.0,730.40002,1.0,50.0,17,333,13254,6,0.0
97,1.0,0.0,9.6990004,0.0,6.0,11,116.2867993347519,116.2867993347519,pobre,basal,2,750.0,730.40002,1.0,50.0,14,333,13255,6,0.0
98,1.0,0.0,9.6990004,0.0,6.0,11,116.2867993347519,116.2867993347519,pobre,basal,2,750.0,730.40002,1.0,50.0,15,333,13255,6,0.0
97,1.0,0.0,9.6990004,1.0,0.0,11,116.2867993347519,116.2867993347519,pobre,basal,2,750.0,730.40002,1.0,50.0,7,333,13256,0,1.0
98,1.0,0.0,9.6990004,0.0,1.0,11,116.2867993347519,116.2867993347519,pobre,basal,2,750.0,730.40002,1.0,50.0,8,333,13256,0,1.0
97,0.0,0.0,9.6990004,1.0,1.0,11,116.2867993347519,116.2867993347519,pobre,basal,2,750.0,730.40002,1.0,50.0,7,333,13257,1,1.0
98,0.0,0.0,9.6990004,0.0,2.0,11,116.2867993347519,116.2867993347519,pobre,basal,2,750.0,730.40002,1.0,50.0,8,333,13257,1,1.0
97,0.0,0.0,9.6990004,0.0,4.0,7,116.2867993347519,116.2867993347519,pobre,basal,0,1000.0,604.0,1.0,62.0,14,333,13258,4,0.0
98,0.0,0.0,9.6990004,0.0,4.0,7,116.2867993347519,116.2867993347519,pobre,basal,0,1000.0,604.0,1.0,62.0,15,333,13258,4,0.0
97,0.0,0.0,9.6990004,0.0,6.0,7,116.2867993347519,116.2867993347519,pobre,basal,0,1000.0,604.0,1.0,62.0,13,333,13259,6,0.0
98,0.0,0.0,9.6990004,0.0,6.0,7,116.2867993347519,116.2867993347519,pobre,basal,0,1000.0,604.0,1.0,62.0,14,333,13259,6,0.0
97,1.0,0.0,9.6990004,1.0,3.0,7,116.2867993347519,116.2867993347519,pobre,basal,0,1000.0,604.0,1.0,62.0,10,333,13260,3,1.0
98,1.0,0.0,9.6990004,1.0,4.0,7,116.2867993347519,116.2867993347519,pobre,basal,0,1000.0,604.0,1.0,62.0,11,333,13260,3,1.0
97,1.0,0.0,9.6990004,0.0,6.0,9,116.2867993347519,116.2867993347519,pobre,basal,2,1000.0,640.0,1.0,39.0,14,333,13261,6,0.0
98,1.0,0.0,9.6990004,0.0,6.0,9,116.2867993347519,116.2867993347519,pobre,basal,2,1000.0,640.0,1.0,39.0,15,333,13261,6,0.0
97,0.0,0.0,9.6990004,1.0,3.0,9,116.2867993347519,116.2867993347519,pobre,basal,2,1000.0,640.0,1.0,39.0,10,333,13262,3,1.0
98,0.0,0.0,9.6990004,1.0,4.0,9,116.2867993347519,116.2867993347519,pobre,basal,2,1000.0,640.0,1.0,39.0,11,333,13262,3,1.0
97,0.0,0.0,9.6990004,1.0,1.0,9,116.2867993347519,116.2867993347519,pobre,basal,2,1000.0,640.0,1.0,39.0,8,333,13263,1,1.0
98,0.0,0.0,9.6990004,1.0,2.0,9,116.2867993347519,116.2867993347519,pobre,basal,2,1000.0,640.0,1.0,39.0,9,333,13263,1,1.0
97,0.0,0.0,9.6990004,1.0,1.0,9,116.2867993347519,116.2867993347519,pobre,basal,2,1000.0,640.0,1.0,39.0,7,333,13264,1,1.0
98,0.0,0.0,9.6990004,1.0,2.0,9,116.2867993347519,116.2867993347519,pobre,basal,2,1000.0,640.0,1.0,39.0,8,333,13264,1,1.0
97,1.0,0.0,9.6990004,1.0,0.0,9,116.2867993347519,116.2867993347519,pobre,basal,2,1000.0,640.0,1.0,39.0,6,333,13265,0,1.0
98,1.0,0.0,9.6990004,1.0,1.0,9,116.2867993347519,116.2867993347519,pobre,basal,2,1000.0,640.0,1.0,39.0,7,333,13265,0,1.0
97,1.0,0.0,9.6990004,0.0,3.0,10,116.2867993347519,116.2867993347519,pobre,basal,2,1000.0,510.0,1.0,37.0,15,333,13266,3,0.0
98,1.0,0.0,9.6990004,0.0,3.0,10,116.2867993347519,116.2867993347519,pobre,basal,2,1000.0,510.0,1.0,37.0,16,333,13266,3,0.0
97,1.0,0.0,9.6990004,1.0,3.0,10,116.2867993347519,116.2867993347519,pobre,basal,2,1000.0,510.0,1.0,37.0,13,333,13267,3,1.0
98,1.0,0.0,9.6990004,1.0,4.0,10,116.2867993347519,116.2867993347519,pobre,basal,2,1000.0,510.0,1.0,37.0,14,333,13267,3,1.0
97,0.0,0.0,9.6990004,1.0,3.0,10,116.2867993347519,116.2867993347519,pobre,basal,2,1000.0,510.0,1.0,37.0,10,333,13268,3,1.0
98,0.0,0.0,9.6990004,1.0,4.0,10,116.2867993347519,116.2867993347519,pobre,basal,2,1000.0,510.0,1.0,37.0,11,333,13268,3,1.0
97,0.0,0.0,9.6990004,1.0,1.0,10,116.2867993347519,116.2867993347519,pobre,basal,2,1000.0,510.0,1.0,37.0,9,333,13269,1,1.0
98,0.0,0.0,9.6990004,1.0,2.0,10,116.2867993347519,116.2867993347519,pobre,basal,2,1000.0,510.0,1.0,37.0,10,333,13269,1,1.0
97,0.0,0.0,9.6990004,1.0,0.0,10,116.2867993347519,116.2867993347519,pobre,basal,2,1000.0,510.0,1.0,37.0,6,333,13270,0,1.0
98,0.0,0.0,9.6990004,1.0,1.0,10,116.2867993347519,116.2867993347519,pobre,basal,2,1000.0,510.0,1.0,37.0,7,333,13270,0,1.0
97,1.0,0.0,9.6990004,0.0,5.0,10,116.2867993347519,116.2867993347519,pobre,basal,3,1000.0,693.0,1.0,57.0,15,333,13271,5,0.0
98,1.0,0.0,9.6990004,,,10,116.2867993347519,116.2867993347519,pobre,basal,3,1000.0,693.0,1.0,57.0,16,333,13271,5,0.0
97,0.0,0.0,9.6990004,1.0,4.0,10,116.2867993347519,116.2867993347519,pobre,basal,3,1000.0,693.0,1.0,57.0,12,333,13272,4,1.0
98,0.0,0.0,9.6990004,1.0,5.0,10,116.2867993347519,116.2867993347519,pobre,basal,3,1000.0,693.0,1.0,57.0,13,333,13272,4,1.0
97,1.0,0.0,9.6990004,1.0,2.0,10,116.2867993347519,116.2867993347519,pobre,basal,3,1000.0,693.0,1.0,57.0,10,333,13273,2,1.0
98,1.0,0.0,9.6990004,1.0,3.0,10,116.2867993347519,116.2867993347519,pobre,basal,3,1000.0,693.0,1.0,57.0,11,333,13273,2,1.0
97,0.0,0.0,9.6990004,1.0,4.0,3,116.2867993347519,116.2867993347519,pobre,basal,2,1000.0,780.0,1.0,47.0,10,333,13274,4,1.0
98,0.0,0.0,9.6990004,1.0,5.0,3,116.2867993347519,116.2867993347519,pobre,basal,2,1000.0,780.0,1.0,47.0,11,333,13274,4,1.0
97,1.0,0.0,9.6990004,0.0,2.0,17,116.2867993347519,116.2867993347519,pobre,basal,0,0.0,804.5,0.0,54.0,15,333,13275,2,0.0
98,1.0,0.0,9.6990004,0.0,2.0,17,116.2867993347519,116.2867993347519,pobre,basal,0,0.0,804.5,0.0,54.0,16,333,13275,2,0.0
97,1.0,0.0,9.6990004,1.0,3.0,17,116.2867993347519,116.2867993347519,pobre,basal,0,0.0,804.5,0.0,54.0,14,333,13276,3,1.0
98,1.0,0.0,9.6990004,1.0,8.0,17,116.2867993347519,116.2867993347519,pobre,basal,0,0.0,804.5,0.0,54.0,15,333,13276,3,1.0
97,1.0,0.0,9.6990004,1.0,0.0,17,116.2867993347519,116.2867993347519,pobre,basal,0,0.0,804.5,0.0,54.0,8,333,13277,0,1.0
98,1.0,0.0,9.6990004,1.0,1.0,17,116.2867993347519,116.2867993347519,pobre,basal,0,0.0,804.5,0.0,54.0,9,333,13277,0,1.0
97,0.0,0.0,9.6990004,1.0,0.0,17,116.2867993347519,116.2867993347519,pobre,basal,0,0.0,804.5,0.0,54.0,7,333,13278,0,1.0
98,0.0,0.0,9.6990004,1.0,1.0,17,116.2867993347519,116.2867993347519,pobre,basal,0,0.0,804.5,0.0,54.0,8,333,13278,0,1.0
97,0.0,0.0,9.6990004,1.0,5.0,5,116.2867993347519,116.2867993347519,pobre,basal,2,1000.0,564.0,1.0,52.0,11,333,13279,5,1.0
98,0.0,0.0,9.6990004,0.0,6.0,5,116.2867993347519,116.2867993347519,pobre,basal,2,1000.0,564.0,1.0,52.0,12,333,13279,5,1.0
97,1.0,0.0,9.6990004,1.0,3.0,5,116.2867993347519,116.2867993347519,pobre,basal,2,1000.0,564.0,1.0,52.0,9,333,13280,3,1.0
98,1.0,0.0,9.6990004,1.0,4.0,5,116.2867993347519,116.2867993347519,pobre,basal,2,1000.0,564.0,1.0,52.0,10,333,13280,3,1.0
97,0.0,0.0,9.6990004,0.0,6.0,5,116.2867993347519,116.2867993347519,pobre,basal,2,1000.0,564.0,1.0,52.0,14,333,13281,6,0.0
98,0.0,0.0,9.6990004,0.0,6.0,5,116.2867993347519,116.2867993347519,pobre,basal,2,1000.0,564.0,1.0,52.0,15,333,13281,6,0.0
97,1.0,0.0,9.6990004,1.0,5.0,3,116.2867993347519,116.2867993347519,pobre,basal,0,166.66667,754.0,1.0,36.0,10,333,13282,5,1.0
98,1.0,0.0,9.6990004,1.0,6.0,3,116.2867993347519,116.2867993347519,pobre,basal,0,166.66667,754.0,1.0,36.0,11,333,13282,5,1.0
97,0.0,0.0,9.6990004,,0.0,4,116.2867993347519,116.2867993347519,pobre,basal,9,12.5,713.46997,1.0,29.0,6,333,13283,0,
98,0.0,0.0,9.6990004,,,4,116.2867993347519,116.2867993347519,pobre,basal,9,12.5,713.46997,1.0,29.0,7,333,13283,0,
97,0.0,0.0,9.6990004,,0.0,8,116.2867993347519,116.2867993347519,pobre,basal,0,1000.0,693.46997,1.0,46.0,12,333,13284,0,
98,0.0,0.0,9.6990004,0.0,6.0,8,116.2867993347519,116.2867993347519,pobre,basal,0,1000.0,693.46997,1.0,46.0,13,333,13284,0,
97,0.0,0.0,9.6990004,,0.0,8,116.2867993347519,116.2867993347519,pobre,basal,0,1000.0,693.46997,1.0,46.0,9,333,13285,0,
98,0.0,0.0,9.6990004,1.0,5.0,8,116.2867993347519,116.2867993347519,pobre,basal,0,1000.0,693.46997,1.0,46.0,10,333,13285,0,
97,1.0,0.0,9.6990004,,0.0,8,116.2867993347519,116.2867993347519,pobre,basal,0,1000.0,693.46997,1.0,46.0,7,333,13286,0,
98,1.0,0.0,9.6990004,1.0,1.0,8,116.2867993347519,116.2867993347519,pobre,basal,0,1000.0,693.46997,1.0,46.0,8,333,13286,0,
97,0.0,0.0,9.6990004,,0.0,8,116.2867993347519,116.2867993347519,pobre,basal,0,1000.0,693.46997,1.0,46.0,8,333,13287,0,
98,0.0,0.0,9.6990004,1.0,4.0,8,116.2867993347519,116.2867993347519,pobre,basal,0,1000.0,693.46997,1.0,46.0,9,333,13287,0,
97,0.0,0.0,9.6990004,0.0,6.0,8,116.2867993347519,116.2867993347519,pobre,basal,7,1000.0,447.0,1.0,31.0,14,333,13288,6,0.0
98,0.0,0.0,9.6990004,0.0,6.0,8,116.2867993347519,116.2867993347519,pobre,basal,7,1000.0,447.0,1.0,31.0,15,333,13288,6,0.0
97,1.0,0.0,9.6990004,1.0,4.0,8,116.2867993347519,116.2867993347519,pobre,basal,7,1000.0,447.0,1.0,31.0,10,333,13289,4,1.0
98,1.0,0.0,9.6990004,1.0,5.0,8,116.2867993347519,116.2867993347519,pobre,basal,7,1000.0,447.0,1.0,31.0,11,333,13289,4,1.0
97,1.0,0.0,9.6990004,1.0,2.0,8,116.2867993347519,116.2867993347519,pobre,basal,7,1000.0,447.0,1.0,31.0,8,333,13290,2,1.0
98,1.0,0.0,9.6990004,1.0,3.0,8,116.2867993347519,116.2867993347519,pobre,basal,7,1000.0,447.0,1.0,31.0,9,333,13290,2,1.0
97,1.0,0.0,9.6990004,0.0,6.0,4,116.2867993347519,116.2867993347519,pobre,basal,1,750.0,755.33331,1.0,46.0,14,333,13291,6,0.0
98,1.0,0.0,9.6990004,0.0,6.0,4,116.2867993347519,116.2867993347519,pobre,basal,1,750.0,755.33331,1.0,46.0,15,333,13291,6,0.0
97,1.0,0.0,9.6990004,0.0,5.0,14,116.2867993347519,116.2867993347519,pobre,basal,3,1250.0,825.0,1.0,51.0,16,333,13292,5,0.0
98,1.0,0.0,9.6990004,0.0,5.0,14,116.2867993347519,116.2867993347519,pobre,basal,3,1250.0,825.0,1.0,51.0,17,333,13292,5,0.0
97,0.0,0.0,9.6990004,1.0,4.0,14,116.2867993347519,116.2867993347519,pobre,basal,3,1250.0,825.0,1.0,51.0,10,333,13293,4,1.0
98,0.0,0.0,9.6990004,1.0,5.0,14,116.2867993347519,116.2867993347519,pobre,basal,3,1250.0,825.0,1.0,51.0,11,333,13293,4,1.0
97,1.0,0.0,9.6990004,1.0,1.0,14,116.2867993347519,116.2867993347519,pobre,basal,3,1250.0,825.0,1.0,51.0,6,333,13294,1,1.0
98,1.0,0.0,9.6990004,1.0,2.0,14,116.2867993347519,116.2867993347519,pobre,basal,3,1250.0,825.0,1.0,51.0,7,333,13294,1,1.0
97,1.0,0.0,9.6990004,1.0,2.0,14,116.2867993347519,116.2867993347519,pobre,basal,3,1250.0,825.0,1.0,51.0,8,333,13295,2,1.0
98,1.0,0.0,9.6990004,1.0,3.0,14,116.2867993347519,116.2867993347519,pobre,basal,3,1250.0,825.0,1.0,51.0,9,333,13295,2,1.0
97,0.0,0.0,9.6990004,1.0,2.0,14,116.2867993347519,116.2867993347519,pobre,basal,3,1250.0,825.0,1.0,51.0,7,333,13296,2,1.0
98,0.0,0.0,9.6990004,1.0,1.0,14,116.2867993347519,116.2867993347519,pobre,basal,3,1250.0,825.0,1.0,51.0,8,333,13296,2,1.0
97,1.0,0.0,9.6990004,1.0,4.0,11,116.2867993347519,116.2867993347519,pobre,basal,0,1000.0,309.0,1.0,56.0,14,333,13297,4,1.0
98,1.0,0.0,9.6990004,1.0,4.0,11,116.2867993347519,116.2867993347519,pobre,basal,0,1000.0,309.0,1.0,56.0,15,333,13297,4,1.0
97,1.0,0.0,9.6990004,,0.0,11,116.2867993347519,116.2867993347519,pobre,basal,0,1000.0,309.0,1.0,56.0,13,333,13298,0,
98,1.0,0.0,9.6990004,0.0,2.0,11,116.2867993347519,116.2867993347519,pobre,basal,0,1000.0,309.0,1.0,56.0,14,333,13298,0,
97,0.0,0.0,9.6990004,1.0,4.0,11,116.2867993347519,116.2867993347519,pobre,basal,0,1000.0,309.0,1.0,56.0,10,333,13299,4,1.0
98,0.0,0.0,9.6990004,1.0,4.0,11,116.2867993347519,116.2867993347519,pobre,basal,0,1000.0,309.0,1.0,56.0,11,333,13299,4,1.0
97,1.0,0.0,9.6990004,1.0,8.0,6,116.2867993347519,116.2867993347519,pobre,basal,0,0.0,778.0,1.0,53.0,14,333,13300,8,1.0
98,1.0,0.0,9.6990004,0.0,3.0,6,116.2867993347519,116.2867993347519,pobre,basal,0,0.0,778.0,1.0,53.0,15,333,13300,8,1.0
97,1.0,0.0,9.6990004,1.0,5.0,6,116.2867993347519,116.2867993347519,pobre,basal,0,0.0,778.0,1.0,53.0,11,333,13301,5,1.0
98,1.0,0.0,9.6990004,1.0,5.0,6,116.2867993347519,116.2867993347519,pobre,basal,0,0.0,778.0,1.0,53.0,12,333,13301,5,1.0
97,1.0,0.0,9.6990004,1.0,3.0,6,116.2867993347519,116.2867993347519,pobre,basal,0,0.0,778.0,1.0,53.0,9,333,13302,3,1.0
98,1.0,0.0,9.6990004,1.0,3.0,6,116.2867993347519,116.2867993347519,pobre,basal,0,0.0,778.0,1.0,53.0,10,333,13302,3,1.0
97,0.0,0.0,0.67699999,1.0,5.0,10,50.35157730705794,89.04886429907955,no pobre,basal,0,625.0,821.0,1.0,45.0,15,255,13303,5,1.0
98,0.0,0.0,0.67699999,0.0,6.0,10,50.35157730705794,89.04886429907955,no pobre,basal,0,625.0,821.0,1.0,45.0,16,255,13303,5,1.0
97,1.0,0.0,0.67699999,1.0,4.0,10,50.35157730705794,89.04886429907955,no pobre,basal,0,625.0,821.0,1.0,45.0,12,255,13304,4,1.0
98,1.0,0.0,0.67699999,1.0,5.0,10,50.35157730705794,89.04886429907955,no pobre,basal,0,625.0,821.0,1.0,45.0,13,255,13304,4,1.0
97,0.0,0.0,0.67699999,1.0,4.0,10,50.35157730705794,89.04886429907955,no pobre,basal,0,625.0,821.0,1.0,45.0,10,255,13305,4,1.0
98,0.0,0.0,0.67699999,1.0,5.0,10,50.35157730705794,89.04886429907955,no pobre,basal,0,625.0,821.0,1.0,45.0,11,255,13305,4,1.0
97,1.0,0.0,0.67699999,1.0,1.0,10,50.35157730705794,89.04886429907955,no pobre,basal,0,625.0,821.0,1.0,45.0,8,255,13306,1,1.0
98,1.0,0.0,0.67699999,1.0,2.0,10,50.35157730705794,89.04886429907955,no pobre,basal,0,625.0,821.0,1.0,45.0,9,255,13306,1,1.0
97,0.0,0.0,0.67699999,0.0,3.0,2,50.35157730705794,89.04886429907955,pobre,basal,6,625.0,796.0,1.0,24.0,16,255,13307,3,0.0
98,0.0,0.0,0.67699999,,,2,50.35157730705794,89.04886429907955,pobre,basal,6,625.0,796.0,1.0,24.0,17,255,13307,3,0.0
97,1.0,0.0,9.6990004,0.0,4.0,5,116.2867993347519,116.2867993347519,pobre,basal,0,0.0,539.5,1.0,52.0,15,333,13308,4,0.0
98,1.0,0.0,9.6990004,,,5,116.2867993347519,116.2867993347519,pobre,basal,0,0.0,539.5,1.0,52.0,16,333,13308,4,0.0
97,0.0,0.0,5.5580001,1.0,0.0,8,66.40399448891257,66.40399448891257,pobre,basal,12,16.666666,706.0,1.0,34.0,6,330,13309,0,1.0
98,0.0,0.0,5.5580001,1.0,1.0,8,66.40399448891257,66.40399448891257,pobre,basal,12,16.666666,706.0,1.0,34.0,7,330,13309,0,1.0
97,1.0,0.0,5.5580001,0.0,3.0,5,66.40399448891257,66.40399448891257,pobre,basal,3,0.0,644.0,1.0,56.0,15,330,13310,3,0.0
98,1.0,0.0,5.5580001,0.0,3.0,5,66.40399448891257,66.40399448891257,pobre,basal,3,0.0,644.0,1.0,56.0,16,330,13310,3,0.0
97,1.0,0.0,5.5580001,1.0,7.0,7,66.40399448891257,66.40399448891257,pobre,basal,2,1750.0,575.46997,1.0,56.0,14,330,13311,7,1.0
98,1.0,0.0,5.5580001,1.0,8.0,7,66.40399448891257,66.40399448891257,pobre,basal,2,1750.0,575.46997,1.0,56.0,15,330,13311,7,1.0
97,1.0,0.0,5.5580001,,0.0,7,66.40399448891257,66.40399448891257,pobre,basal,2,1750.0,575.46997,1.0,56.0,8,330,13312,0,
98,1.0,0.0,5.5580001,,,7,66.40399448891257,66.40399448891257,pobre,basal,2,1750.0,575.46997,1.0,56.0,9,330,13312,0,
97,0.0,0.0,0.67699999,1.0,5.0,5,50.35157730705794,89.04886429907955,pobre,basal,0,600.0,698.0,1.0,47.0,11,255,13313,5,1.0
98,0.0,0.0,0.67699999,,,5,50.35157730705794,89.04886429907955,pobre,basal,0,600.0,698.0,1.0,47.0,12,255,13313,5,1.0
97,1.0,0.0,0.67699999,1.0,2.0,5,50.35157730705794,89.04886429907955,pobre,basal,0,600.0,698.0,1.0,47.0,9,255,13314,2,1.0
98,1.0,0.0,0.67699999,,,5,50.35157730705794,89.04886429907955,pobre,basal,0,600.0,698.0,1.0,47.0,10,255,13314,2,1.0
97,1.0,0.0,0.67699999,1.0,1.0,5,50.35157730705794,89.04886429907955,pobre,basal,0,600.0,698.0,1.0,47.0,6,255,13315,1,1.0
98,1.0,0.0,0.67699999,,,5,50.35157730705794,89.04886429907955,pobre,basal,0,600.0,698.0,1.0,47.0,7,255,13315,1,1.0
97,0.0,0.0,0.67699999,1.0,1.0,5,50.35157730705794,89.04886429907955,pobre,basal,3,1800.0,722.0,1.0,25.0,6,255,13316,1,1.0
98,0.0,0.0,0.67699999,,,5,50.35157730705794,89.04886429907955,pobre,basal,3,1800.0,722.0,1.0,25.0,7,255,13316,1,1.0
97,1.0,0.0,0.67699999,0.0,9.0,9,50.35157730705794,89.04886429907955,no pobre,basal,0,625.0,822.5,1.0,53.0,16,255,13317,9,0.0
98,1.0,0.0,0.67699999,,,9,50.35157730705794,89.04886429907955,no pobre,basal,0,625.0,822.5,1.0,53.0,17,255,13317,9,0.0
97,1.0,0.0,0.67699999,1.0,6.0,9,50.35157730705794,89.04886429907955,no pobre,basal,0,625.0,822.5,1.0,53.0,14,255,13318,6,1.0
98,1.0,0.0,0.67699999,0.0,6.0,9,50.35157730705794,89.04886429907955,no pobre,basal,0,625.0,822.5,1.0,53.0,15,255,13318,6,1.0
97,1.0,0.0,0.67699999,1.0,6.0,9,50.35157730705794,89.04886429907955,no pobre,basal,0,625.0,822.5,1.0,53.0,12,255,13319,6,1.0
98,1.0,0.0,0.67699999,1.0,6.0,9,50.35157730705794,89.04886429907955,no pobre,basal,0,625.0,822.5,1.0,53.0,13,255,13319,6,1.0
97,1.0,0.0,0.67699999,1.0,1.0,9,50.35157730705794,89.04886429907955,no pobre,basal,0,625.0,822.5,1.0,53.0,8,255,13320,1,1.0
98,1.0,0.0,0.67699999,1.0,1.0,9,50.35157730705794,89.04886429907955,no pobre,basal,0,625.0,822.5,1.0,53.0,9,255,13320,1,1.0
97,0.0,0.0,0.67699999,0.0,9.0,6,50.35157730705794,89.04886429907955,pobre,basal,6,480.0,734.0,1.0,33.0,15,255,13321,9,0.0
98,0.0,0.0,0.67699999,0.0,9.0,6,50.35157730705794,89.04886429907955,pobre,basal,6,480.0,734.0,1.0,33.0,16,255,13321,9,0.0
97,1.0,0.0,0.67699999,1.0,7.0,6,50.35157730705794,89.04886429907955,pobre,basal,6,480.0,734.0,1.0,33.0,13,255,13322,7,1.0
98,1.0,0.0,0.67699999,1.0,8.0,6,50.35157730705794,89.04886429907955,pobre,basal,6,480.0,734.0,1.0,33.0,14,255,13322,7,1.0
97,0.0,0.0,0.67699999,1.0,3.0,6,50.35157730705794,89.04886429907955,pobre,basal,6,480.0,734.0,1.0,33.0,9,255,13323,3,1.0
98,0.0,0.0,0.67699999,1.0,3.0,6,50.35157730705794,89.04886429907955,pobre,basal,6,480.0,734.0,1.0,33.0,10,255,13323,3,1.0
97,0.0,0.0,9.6990004,0.0,4.0,9,116.2867993347519,116.2867993347519,pobre,basal,3,0.0,399.0,0.0,32.0,16,333,13324,4,0.0
98,0.0,0.0,9.6990004,,,9,116.2867993347519,116.2867993347519,pobre,basal,3,0.0,399.0,0.0,32.0,17,333,13324,4,0.0
97,1.0,0.0,9.6990004,1.0,3.0,9,116.2867993347519,116.2867993347519,pobre,basal,3,0.0,399.0,0.0,32.0,13,333,13325,3,1.0
98,1.0,0.0,9.6990004,,,9,116.2867993347519,116.2867993347519,pobre,basal,3,0.0,399.0,0.0,32.0,14,333,13325,3,1.0
97,1.0,0.0,9.6990004,1.0,2.0,9,116.2867993347519,116.2867993347519,pobre,basal,3,0.0,399.0,0.0,32.0,12,333,13326,2,1.0
98,1.0,0.0,9.6990004,,,9,116.2867993347519,116.2867993347519,pobre,basal,3,0.0,399.0,0.0,32.0,13,333,13326,2,1.0
97,0.0,0.0,9.6990004,1.0,2.0,9,116.2867993347519,116.2867993347519,pobre,basal,3,0.0,399.0,0.0,32.0,9,333,13327,2,1.0
98,0.0,0.0,9.6990004,,,9,116.2867993347519,116.2867993347519,pobre,basal,3,0.0,399.0,0.0,32.0,10,333,13327,2,1.0
97,1.0,0.0,9.6990004,0.0,6.0,9,116.2867993347519,116.2867993347519,pobre,basal,0,1200.0,590.5,1.0,40.0,16,333,13328,6,0.0
98,1.0,0.0,9.6990004,0.0,6.0,9,116.2867993347519,116.2867993347519,pobre,basal,0,1200.0,590.5,1.0,40.0,17,333,13328,6,0.0
97,0.0,0.0,9.6990004,0.0,6.0,9,116.2867993347519,116.2867993347519,pobre,basal,0,1200.0,590.5,1.0,40.0,15,333,13329,6,0.0
98,0.0,0.0,9.6990004,0.0,6.0,9,116.2867993347519,116.2867993347519,pobre,basal,0,1200.0,590.5,1.0,40.0,16,333,13329,6,0.0
97,0.0,0.0,9.6990004,1.0,3.0,9,116.2867993347519,116.2867993347519,pobre,basal,0,1200.0,590.5,1.0,40.0,11,333,13330,3,1.0
98,0.0,0.0,9.6990004,1.0,4.0,9,116.2867993347519,116.2867993347519,pobre,basal,0,1200.0,590.5,1.0,40.0,12,333,13330,3,1.0
97,0.0,0.0,9.6990004,1.0,1.0,9,116.2867993347519,116.2867993347519,pobre,basal,0,1200.0,590.5,1.0,40.0,9,333,13331,1,1.0
98,0.0,0.0,9.6990004,1.0,2.0,9,116.2867993347519,116.2867993347519,pobre,basal,0,1200.0,590.5,1.0,40.0,10,333,13331,1,1.0
97,1.0,0.0,9.6990004,1.0,1.0,9,116.2867993347519,116.2867993347519,pobre,basal,0,1200.0,590.5,1.0,40.0,8,333,13332,1,1.0
98,1.0,0.0,9.6990004,1.0,2.0,9,116.2867993347519,116.2867993347519,pobre,basal,0,1200.0,590.5,1.0,40.0,9,333,13332,1,1.0
97,0.0,0.0,9.6990004,,0.0,9,116.2867993347519,116.2867993347519,pobre,basal,0,1200.0,590.5,1.0,40.0,6,333,13333,0,
98,0.0,0.0,9.6990004,,,9,116.2867993347519,116.2867993347519,pobre,basal,0,1200.0,590.5,1.0,40.0,7,333,13333,0,
97,0.0,0.0,9.6990004,1.0,5.0,6,116.2867993347519,116.2867993347519,pobre,basal,1,750.0,666.0,1.0,47.0,11,333,13334,5,1.0
98,0.0,0.0,9.6990004,0.0,6.0,6,116.2867993347519,116.2867993347519,pobre,basal,1,750.0,666.0,1.0,47.0,12,333,13334,5,1.0
97,1.0,0.0,5.5580001,1.0,8.0,6,66.40399448891257,66.40399448891257,no pobre,basal,3,0.0,863.46997,1.0,48.0,14,330,13335,8,1.0
98,1.0,0.0,5.5580001,1.0,9.0,6,66.40399448891257,66.40399448891257,no pobre,basal,3,0.0,863.46997,1.0,48.0,15,330,13335,8,1.0
97,0.0,0.0,5.5580001,1.0,6.0,6,66.40399448891257,66.40399448891257,no pobre,basal,3,0.0,863.46997,1.0,48.0,12,330,13336,6,1.0
98,0.0,0.0,5.5580001,1.0,7.0,6,66.40399448891257,66.40399448891257,no pobre,basal,3,0.0,863.46997,1.0,48.0,13,330,13336,6,1.0
97,1.0,0.0,5.5580001,1.0,1.0,6,66.40399448891257,66.40399448891257,no pobre,basal,3,0.0,863.46997,1.0,48.0,7,330,13337,1,1.0
98,1.0,0.0,5.5580001,1.0,2.0,6,66.40399448891257,66.40399448891257,no pobre,basal,3,0.0,863.46997,1.0,48.0,8,330,13337,1,1.0
97,0.0,0.0,5.5580001,1.0,3.0,4,66.40399448891257,66.40399448891257,pobre,basal,0,0.0,578.0,0.0,77.0,9,330,13338,3,1.0
98,0.0,0.0,5.5580001,1.0,4.0,4,66.40399448891257,66.40399448891257,pobre,basal,0,0.0,578.0,0.0,77.0,10,330,13338,3,1.0
97,1.0,0.0,5.5580001,1.0,4.0,4,66.40399448891257,66.40399448891257,pobre,basal,0,0.0,578.0,0.0,77.0,10,330,13339,4,1.0
98,1.0,0.0,5.5580001,1.0,5.0,4,66.40399448891257,66.40399448891257,pobre,basal,0,0.0,578.0,0.0,77.0,11,330,13339,4,1.0
97,1.0,0.0,0.67699999,1.0,8.0,6,50.35157730705794,89.04886429907955,no pobre,basal,4,1000.0,763.0,1.0,37.0,13,255,13340,8,1.0
98,1.0,0.0,0.67699999,1.0,9.0,6,50.35157730705794,89.04886429907955,no pobre,basal,4,1000.0,763.0,1.0,37.0,14,255,13340,8,1.0
97,0.0,0.0,0.67699999,1.0,5.0,6,50.35157730705794,89.04886429907955,no pobre,basal,4,1000.0,763.0,1.0,37.0,12,255,13341,5,1.0
98,0.0,0.0,0.67699999,1.0,6.0,6,50.35157730705794,89.04886429907955,no pobre,basal,4,1000.0,763.0,1.0,37.0,13,255,13341,5,1.0
97,1.0,0.0,0.67699999,1.0,5.0,9,50.35157730705794,89.04886429907955,no pobre,basal,0,200.0,867.0,1.0,53.0,14,255,13342,5,1.0
98,1.0,0.0,0.67699999,,,9,50.35157730705794,89.04886429907955,no pobre,basal,0,200.0,867.0,1.0,53.0,15,255,13342,5,1.0
97,0.0,0.0,0.67699999,1.0,4.0,9,50.35157730705794,89.04886429907955,no pobre,basal,0,200.0,867.0,1.0,53.0,10,255,13343,4,1.0
98,0.0,0.0,0.67699999,1.0,5.0,9,50.35157730705794,89.04886429907955,no pobre,basal,0,200.0,867.0,1.0,53.0,11,255,13343,4,1.0
97,1.0,0.0,0.67699999,1.0,0.0,9,50.35157730705794,89.04886429907955,no pobre,basal,0,200.0,867.0,1.0,53.0,6,255,13344,0,1.0
98,1.0,0.0,0.67699999,1.0,1.0,9,50.35157730705794,89.04886429907955,no pobre,basal,0,200.0,867.0,1.0,53.0,7,255,13344,0,1.0
97,1.0,0.0,9.6990004,1.0,4.0,6,116.2867993347519,116.2867993347519,pobre,basal,3,0.0,712.0,1.0,33.0,11,333,13345,4,1.0
98,1.0,0.0,9.6990004,1.0,5.0,6,116.2867993347519,116.2867993347519,pobre,basal,3,0.0,712.0,1.0,33.0,12,333,13345,4,1.0
97,1.0,0.0,9.6990004,1.0,0.0,6,116.2867993347519,116.2867993347519,pobre,basal,3,0.0,712.0,1.0,33.0,6,333,13346,0,1.0
98,1.0,0.0,9.6990004,1.0,1.0,6,116.2867993347519,116.2867993347519,pobre,basal,3,0.0,712.0,1.0,33.0,7,333,13346,0,1.0
97,1.0,0.0,0.67699999,1.0,5.0,4,50.35157730705794,89.04886429907955,no pobre,basal,2,400.0,827.0,1.0,38.0,10,255,13347,5,1.0
98,1.0,0.0,0.67699999,1.0,6.0,4,50.35157730705794,89.04886429907955,no pobre,basal,2,400.0,827.0,1.0,38.0,11,255,13347,5,1.0
97,0.0,0.0,0.67699999,1.0,2.0,4,50.35157730705794,89.04886429907955,no pobre,basal,2,400.0,827.0,1.0,38.0,9,255,13348,2,1.0
98,0.0,0.0,0.67699999,1.0,2.0,4,50.35157730705794,89.04886429907955,no pobre,basal,2,400.0,827.0,1.0,38.0,10,255,13348,2,1.0
97,1.0,0.0,0.67699999,1.0,0.0,6,50.35157730705794,89.04886429907955,pobre,basal,0,0.0,664.0,1.0,67.0,6,255,13349,0,1.0
98,1.0,0.0,0.67699999,1.0,1.0,6,50.35157730705794,89.04886429907955,pobre,basal,0,0.0,664.0,1.0,67.0,7,255,13349,0,1.0
97,1.0,0.0,0.67699999,0.0,6.0,7,50.35157730705794,89.04886429907955,pobre,basal,0,220.0,773.0,1.0,47.0,15,255,13350,6,0.0
98,1.0,0.0,0.67699999,0.0,6.0,7,50.35157730705794,89.04886429907955,pobre,basal,0,220.0,773.0,1.0,47.0,16,255,13350,6,0.0
97,0.0,0.0,0.67699999,1.0,0.0,7,50.35157730705794,89.04886429907955,pobre,basal,0,220.0,773.0,1.0,47.0,6,255,13351,0,1.0
98,0.0,0.0,0.67699999,1.0,1.0,7,50.35157730705794,89.04886429907955,pobre,basal,0,220.0,773.0,1.0,47.0,7,255,13351,0,1.0
97,1.0,0.0,0.67699999,0.0,3.0,8,50.35157730705794,89.04886429907955,pobre,basal,3,340.0,743.0,1.0,42.0,15,255,13352,3,0.0
98,1.0,0.0,0.67699999,,,8,50.35157730705794,89.04886429907955,pobre,basal,3,340.0,743.0,1.0,42.0,16,255,13352,3,0.0
97,1.0,0.0,0.67699999,1.0,6.0,8,50.35157730705794,89.04886429907955,pobre,basal,3,340.0,743.0,1.0,42.0,12,255,13353,6,1.0
98,1.0,0.0,0.67699999,1.0,7.0,8,50.35157730705794,89.04886429907955,pobre,basal,3,340.0,743.0,1.0,42.0,13,255,13353,6,1.0
97,0.0,0.0,0.67699999,1.0,4.0,8,50.35157730705794,89.04886429907955,pobre,basal,3,340.0,743.0,1.0,42.0,10,255,13354,4,1.0
98,0.0,0.0,0.67699999,1.0,5.0,8,50.35157730705794,89.04886429907955,pobre,basal,3,340.0,743.0,1.0,42.0,11,255,13354,4,1.0
97,0.0,0.0,0.67699999,1.0,2.0,8,50.35157730705794,89.04886429907955,pobre,basal,3,340.0,743.0,1.0,42.0,8,255,13355,2,1.0
98,0.0,0.0,0.67699999,1.0,3.0,8,50.35157730705794,89.04886429907955,pobre,basal,3,340.0,743.0,1.0,42.0,9,255,13355,2,1.0
97,1.0,0.0,0.67699999,1.0,8.0,7,50.35157730705794,89.04886429907955,pobre,basal,1,500.0,794.0,1.0,47.0,15,255,13356,8,1.0
98,1.0,0.0,0.67699999,,,7,50.35157730705794,89.04886429907955,pobre,basal,1,500.0,794.0,1.0,47.0,16,255,13356,8,1.0
97,0.0,0.0,0.67699999,0.0,6.0,7,50.35157730705794,89.04886429907955,pobre,basal,1,500.0,794.0,1.0,47.0,13,255,13357,6,0.0
98,0.0,0.0,0.67699999,0.0,6.0,7,50.35157730705794,89.04886429907955,pobre,basal,1,500.0,794.0,1.0,47.0,14,255,13357,6,0.0
97,0.0,0.0,0.67699999,1.0,3.0,7,50.35157730705794,89.04886429907955,pobre,basal,1,500.0,794.0,1.0,47.0,11,255,13358,3,1.0
98,0.0,0.0,0.67699999,0.0,4.0,7,50.35157730705794,89.04886429907955,pobre,basal,1,500.0,794.0,1.0,47.0,12,255,13358,3,1.0
97,0.0,0.0,0.67699999,,0.0,7,50.35157730705794,89.04886429907955,pobre,basal,1,500.0,794.0,1.0,47.0,7,255,13359,0,
98,0.0,0.0,0.67699999,1.0,2.0,7,50.35157730705794,89.04886429907955,pobre,basal,1,500.0,794.0,1.0,47.0,8,255,13359,0,
97,0.0,0.0,9.6990004,1.0,5.0,6,116.2867993347519,116.2867993347519,pobre,basal,3,0.0,519.0,1.0,37.0,11,333,13360,5,1.0
98,0.0,0.0,9.6990004,0.0,6.0,6,116.2867993347519,116.2867993347519,pobre,basal,3,0.0,519.0,1.0,37.0,12,333,13360,5,1.0
97,0.0,0.0,9.6990004,1.0,1.0,6,116.2867993347519,116.2867993347519,pobre,basal,3,0.0,519.0,1.0,37.0,8,333,13361,1,1.0
98,0.0,0.0,9.6990004,1.0,2.0,6,116.2867993347519,116.2867993347519,pobre,basal,3,0.0,519.0,1.0,37.0,9,333,13361,1,1.0
97,0.0,0.0,0.67699999,1.0,1.0,5,50.35157730705794,89.04886429907955,pobre,basal,6,625.0,675.0,1.0,33.0,9,255,13362,1,1.0
98,0.0,0.0,0.67699999,1.0,2.0,5,50.35157730705794,89.04886429907955,pobre,basal,6,625.0,675.0,1.0,33.0,10,255,13362,1,1.0
97,0.0,0.0,0.0,,0.0,7,34.32991623066558,88.76121668289686,pobre,0,0,500.0,786.45001,1.0,74.0,7,256,13363,0,
98,0.0,0.0,0.0,1.0,1.0,7,34.32991623066558,88.76121668289686,pobre,0,0,500.0,786.45001,1.0,74.0,8,256,13363,0,
97,0.0,0.0,0.0,0.0,9.0,8,34.32991623066558,88.76121668289686,pobre,0,3,500.0,675.0,1.0,50.0,14,256,13364,9,0.0
98,0.0,0.0,0.0,,,8,34.32991623066558,88.76121668289686,pobre,0,3,500.0,675.0,1.0,50.0,15,256,13364,9,0.0
97,1.0,0.0,0.0,1.0,6.0,8,34.32991623066558,88.76121668289686,pobre,0,3,500.0,675.0,1.0,50.0,13,256,13365,6,1.0
98,1.0,0.0,0.0,1.0,7.0,8,34.32991623066558,88.76121668289686,pobre,0,3,500.0,675.0,1.0,50.0,14,256,13365,6,1.0
97,1.0,0.0,0.0,1.0,4.0,8,34.32991623066558,88.76121668289686,pobre,0,3,500.0,675.0,1.0,50.0,10,256,13366,4,1.0
98,1.0,0.0,0.0,1.0,4.0,8,34.32991623066558,88.76121668289686,pobre,0,3,500.0,675.0,1.0,50.0,11,256,13366,4,1.0
97,1.0,0.0,0.0,0.0,6.0,8,34.32991623066558,88.76121668289686,pobre,0,0,0.0,731.0,0.0,49.0,16,256,13367,6,0.0
98,1.0,0.0,0.0,,,8,34.32991623066558,88.76121668289686,pobre,0,0,0.0,731.0,0.0,49.0,17,256,13367,6,0.0
97,0.0,0.0,0.0,0.0,6.0,8,34.32991623066558,88.76121668289686,pobre,0,0,0.0,731.0,0.0,49.0,14,256,13368,6,0.0
98,0.0,0.0,0.0,0.0,6.0,8,34.32991623066558,88.76121668289686,pobre,0,0,0.0,731.0,0.0,49.0,15,256,13368,6,0.0
97,0.0,0.0,0.0,1.0,4.0,8,34.32991623066558,88.76121668289686,pobre,0,0,0.0,731.0,0.0,49.0,12,256,13369,4,1.0
98,0.0,0.0,0.0,1.0,5.0,8,34.32991623066558,88.76121668289686,pobre,0,0,0.0,731.0,0.0,49.0,13,256,13369,4,1.0
97,1.0,0.0,0.0,1.0,2.0,8,34.32991623066558,88.76121668289686,pobre,0,0,0.0,731.0,0.0,49.0,9,256,13370,2,1.0
98,1.0,0.0,0.0,1.0,3.0,8,34.32991623066558,88.76121668289686,pobre,0,0,0.0,731.0,0.0,49.0,10,256,13370,2,1.0
97,0.0,0.0,0.0,1.0,1.0,8,34.32991623066558,88.76121668289686,pobre,0,0,0.0,731.0,0.0,49.0,6,256,13371,1,1.0
98,0.0,0.0,0.0,1.0,1.0,8,34.32991623066558,88.76121668289686,pobre,0,0,0.0,731.0,0.0,49.0,7,256,13371,1,1.0
97,0.0,0.0,0.0,,0.0,6,34.32991623066558,88.76121668289686,no pobre,0,0,625.0,832.0,1.0,68.0,15,256,13372,0,
98,0.0,0.0,0.0,0.0,6.0,6,34.32991623066558,88.76121668289686,no pobre,0,0,625.0,832.0,1.0,68.0,16,256,13372,0,
97,0.0,0.0,0.0,,0.0,6,34.32991623066558,88.76121668289686,no pobre,0,0,625.0,832.0,1.0,68.0,12,256,13373,0,
98,0.0,0.0,0.0,1.0,8.0,6,34.32991623066558,88.76121668289686,no pobre,0,0,625.0,832.0,1.0,68.0,13,256,13373,0,
97,0.0,0.0,0.0,1.0,5.0,8,34.32991623066558,88.76121668289686,pobre,0,3,625.0,598.0,1.0,31.0,12,256,13374,5,1.0
98,0.0,0.0,0.0,1.0,5.0,8,34.32991623066558,88.76121668289686,pobre,0,3,625.0,598.0,1.0,31.0,13,256,13374,5,1.0
97,1.0,0.0,0.0,1.0,4.0,8,34.32991623066558,88.76121668289686,pobre,0,3,625.0,598.0,1.0,31.0,11,256,13375,4,1.0
98,1.0,0.0,0.0,1.0,5.0,8,34.32991623066558,88.76121668289686,pobre,0,3,625.0,598.0,1.0,31.0,12,256,13375,4,1.0
97,0.0,0.0,0.0,1.0,1.0,8,34.32991623066558,88.76121668289686,pobre,0,3,625.0,598.0,1.0,31.0,7,256,13376,1,1.0
98,0.0,0.0,0.0,1.0,2.0,8,34.32991623066558,88.76121668289686,pobre,0,3,625.0,598.0,1.0,31.0,8,256,13376,1,1.0
97,1.0,0.0,1.2819999,1.0,5.0,7,42.17066963228419,108.4870502545548,pobre,0,6,480.0,632.0,1.0,33.0,12,217,13377,5,1.0
98,1.0,0.0,1.2819999,1.0,6.0,7,42.17066963228419,108.4870502545548,pobre,0,6,480.0,632.0,1.0,33.0,13,217,13377,5,1.0
97,1.0,0.0,1.2819999,1.0,3.0,7,42.17066963228419,108.4870502545548,pobre,0,6,480.0,632.0,1.0,33.0,10,217,13378,3,1.0
98,1.0,0.0,1.2819999,1.0,4.0,7,42.17066963228419,108.4870502545548,pobre,0,6,480.0,632.0,1.0,33.0,11,217,13378,3,1.0
97,1.0,1.0,1.2819999,1.0,7.0,6,42.17066963228419,108.4870502545548,no pobre,0,6,480.0,786.0,1.0,37.0,15,217,13379,7,1.0
98,1.0,1.0,1.2819999,1.0,7.0,6,42.17066963228419,108.4870502545548,no pobre,0,6,480.0,786.0,1.0,37.0,16,217,13379,7,1.0
97,0.0,0.0,1.2819999,1.0,3.0,6,42.17066963228419,108.4870502545548,no pobre,0,6,480.0,786.0,1.0,37.0,12,217,13380,3,1.0
98,0.0,0.0,1.2819999,1.0,4.0,6,42.17066963228419,108.4870502545548,no pobre,0,6,480.0,786.0,1.0,37.0,13,217,13380,3,1.0
97,1.0,0.0,1.2819999,1.0,2.0,6,42.17066963228419,108.4870502545548,no pobre,0,6,480.0,786.0,1.0,37.0,9,217,13381,2,1.0
98,1.0,0.0,1.2819999,1.0,3.0,6,42.17066963228419,108.4870502545548,no pobre,0,6,480.0,786.0,1.0,37.0,10,217,13381,2,1.0
97,1.0,0.0,1.2819999,1.0,4.0,14,42.17066963228419,108.4870502545548,pobre,0,0,500.0,753.0,1.0,55.0,11,217,13382,4,1.0
98,1.0,0.0,1.2819999,1.0,5.0,14,42.17066963228419,108.4870502545548,pobre,0,0,500.0,753.0,1.0,55.0,12,217,13382,4,1.0
97,1.0,0.0,1.2819999,1.0,2.0,14,42.17066963228419,108.4870502545548,pobre,0,0,500.0,753.0,1.0,55.0,10,217,13383,2,1.0
98,1.0,0.0,1.2819999,1.0,3.0,14,42.17066963228419,108.4870502545548,pobre,0,0,500.0,753.0,1.0,55.0,11,217,13383,2,1.0
97,1.0,0.0,1.2819999,1.0,1.0,14,42.17066963228419,108.4870502545548,pobre,0,0,500.0,753.0,1.0,55.0,7,217,13384,1,1.0
98,1.0,0.0,1.2819999,1.0,2.0,14,42.17066963228419,108.4870502545548,pobre,0,0,500.0,753.0,1.0,55.0,8,217,13384,1,1.0
97,0.0,0.0,1.2819999,1.0,0.0,14,42.17066963228419,108.4870502545548,pobre,0,0,500.0,753.0,1.0,55.0,6,217,13385,0,1.0
98,0.0,0.0,1.2819999,1.0,1.0,14,42.17066963228419,108.4870502545548,pobre,0,0,500.0,753.0,1.0,55.0,7,217,13385,0,1.0
97,0.0,0.0,1.2819999,,0.0,4,42.17066963228419,108.4870502545548,pobre,0,0,500.0,865.0,1.0,69.0,6,217,13386,0,
98,0.0,0.0,1.2819999,,,4,42.17066963228419,108.4870502545548,pobre,0,0,500.0,865.0,1.0,69.0,7,217,13386,0,
97,1.0,0.0,1.2819999,0.0,4.0,5,42.17066963228419,108.4870502545548,pobre,0,0,375.0,775.0,1.0,23.0,16,217,13387,4,0.0
98,1.0,0.0,1.2819999,,,5,42.17066963228419,108.4870502545548,pobre,0,0,375.0,775.0,1.0,23.0,17,217,13387,4,0.0
97,0.0,0.0,1.2819999,1.0,5.0,5,42.17066963228419,108.4870502545548,pobre,0,0,375.0,775.0,1.0,23.0,13,217,13388,5,1.0
98,0.0,0.0,1.2819999,0.0,6.0,5,42.17066963228419,108.4870502545548,pobre,0,0,375.0,775.0,1.0,23.0,14,217,13388,5,1.0
97,1.0,0.0,1.2819999,1.0,2.0,5,42.17066963228419,108.4870502545548,pobre,0,0,375.0,775.0,1.0,23.0,11,217,13389,2,1.0
98,1.0,0.0,1.2819999,1.0,3.0,5,42.17066963228419,108.4870502545548,pobre,0,0,375.0,775.0,1.0,23.0,12,217,13389,2,1.0
97,0.0,0.0,1.2819999,1.0,2.0,4,42.17066963228419,108.4870502545548,pobre,0,0,750.0,706.0,1.0,53.0,16,217,13390,2,1.0
98,0.0,0.0,1.2819999,,,4,42.17066963228419,108.4870502545548,pobre,0,0,750.0,706.0,1.0,53.0,17,217,13390,2,1.0
97,1.0,0.0,1.2819999,0.0,2.0,4,42.17066963228419,108.4870502545548,pobre,0,0,750.0,706.0,1.0,53.0,14,217,13391,2,0.0
98,1.0,0.0,1.2819999,0.0,3.0,4,42.17066963228419,108.4870502545548,pobre,0,0,750.0,706.0,1.0,53.0,15,217,13391,2,0.0
97,1.0,1.0,1.2819999,1.0,6.0,10,42.17066963228419,108.4870502545548,pobre,0,0,0.0,711.0,1.0,44.0,15,217,13392,6,1.0
98,1.0,1.0,1.2819999,1.0,7.0,10,42.17066963228419,108.4870502545548,pobre,0,0,0.0,711.0,1.0,44.0,16,217,13392,6,1.0
97,1.0,0.0,1.2819999,1.0,3.0,10,42.17066963228419,108.4870502545548,pobre,0,0,0.0,711.0,1.0,44.0,10,217,13393,3,1.0
98,1.0,0.0,1.2819999,1.0,4.0,10,42.17066963228419,108.4870502545548,pobre,0,0,0.0,711.0,1.0,44.0,11,217,13393,3,1.0
97,0.0,0.0,1.2819999,,0.0,10,42.17066963228419,108.4870502545548,pobre,0,0,0.0,711.0,1.0,44.0,16,217,13394,0,
98,0.0,0.0,1.2819999,,,10,42.17066963228419,108.4870502545548,pobre,0,0,0.0,711.0,1.0,44.0,17,217,13394,0,
97,0.0,0.0,1.2819999,0.0,4.0,10,42.17066963228419,108.4870502545548,pobre,0,0,0.0,711.0,1.0,44.0,16,217,13395,4,0.0
98,0.0,0.0,1.2819999,,,10,42.17066963228419,108.4870502545548,pobre,0,0,0.0,711.0,1.0,44.0,17,217,13395,4,0.0
97,1.0,1.0,1.2819999,0.0,4.0,8,42.17066963228419,108.4870502545548,pobre,0,3,0.0,709.0,1.0,43.0,15,217,13396,4,0.0
98,1.0,1.0,1.2819999,0.0,4.0,8,42.17066963228419,108.4870502545548,pobre,0,3,0.0,709.0,1.0,43.0,16,217,13396,4,0.0
97,1.0,1.0,1.2819999,1.0,3.0,8,42.17066963228419,108.4870502545548,pobre,0,3,0.0,709.0,1.0,43.0,11,217,13397,3,1.0
98,1.0,1.0,1.2819999,1.0,4.0,8,42.17066963228419,108.4870502545548,pobre,0,3,0.0,709.0,1.0,43.0,12,217,13397,3,1.0
97,1.0,1.0,1.2819999,1.0,2.0,8,42.17066963228419,108.4870502545548,pobre,0,3,0.0,709.0,1.0,43.0,10,217,13398,2,1.0
98,1.0,1.0,1.2819999,1.0,3.0,8,42.17066963228419,108.4870502545548,pobre,0,3,0.0,709.0,1.0,43.0,11,217,13398,2,1.0
97,1.0,0.0,1.2819999,0.0,2.0,4,42.17066963228419,108.4870502545548,no pobre,0,0,0.0,856.0,1.0,70.0,16,217,13399,2,0.0
98,1.0,0.0,1.2819999,,,4,42.17066963228419,108.4870502545548,no pobre,0,0,0.0,856.0,1.0,70.0,17,217,13399,2,0.0
97,0.0,0.0,1.2819999,1.0,1.0,8,42.17066963228419,108.4870502545548,pobre,0,0,500.0,598.0,1.0,29.0,8,217,13400,1,1.0
98,0.0,0.0,1.2819999,1.0,1.0,8,42.17066963228419,108.4870502545548,pobre,0,0,500.0,598.0,1.0,29.0,9,217,13400,1,1.0
97,1.0,0.0,1.2819999,1.0,1.0,8,42.17066963228419,108.4870502545548,pobre,0,0,500.0,598.0,1.0,29.0,7,217,13401,1,1.0
98,1.0,0.0,1.2819999,1.0,1.0,8,42.17066963228419,108.4870502545548,pobre,0,0,500.0,598.0,1.0,29.0,8,217,13401,1,1.0
97,0.0,0.0,1.2819999,1.0,0.0,8,42.17066963228419,108.4870502545548,pobre,0,0,500.0,598.0,1.0,29.0,6,217,13402,0,1.0
98,0.0,0.0,1.2819999,1.0,1.0,8,42.17066963228419,108.4870502545548,pobre,0,0,500.0,598.0,1.0,29.0,7,217,13402,0,1.0
97,1.0,0.0,1.2819999,1.0,5.0,5,42.17066963228419,108.4870502545548,pobre,0,0,500.0,696.0,1.0,32.0,12,217,13403,5,1.0
98,1.0,0.0,1.2819999,1.0,6.0,5,42.17066963228419,108.4870502545548,pobre,0,0,500.0,696.0,1.0,32.0,13,217,13403,5,1.0
97,1.0,0.0,1.2819999,1.0,1.0,5,42.17066963228419,108.4870502545548,pobre,0,0,500.0,696.0,1.0,32.0,9,217,13404,1,1.0
98,1.0,0.0,1.2819999,1.0,2.0,5,42.17066963228419,108.4870502545548,pobre,0,0,500.0,696.0,1.0,32.0,10,217,13404,1,1.0
97,1.0,0.0,1.2819999,1.0,1.0,5,42.17066963228419,108.4870502545548,pobre,0,0,500.0,696.0,1.0,32.0,7,217,13405,1,1.0
98,1.0,0.0,1.2819999,1.0,2.0,5,42.17066963228419,108.4870502545548,pobre,0,0,500.0,696.0,1.0,32.0,8,217,13405,1,1.0
97,1.0,0.0,0.0,0.0,9.0,7,34.32991623066558,88.76121668289686,pobre,0,2,625.0,860.0,1.0,42.0,16,256,13406,9,0.0
98,1.0,0.0,0.0,,,7,34.32991623066558,88.76121668289686,pobre,0,2,625.0,860.0,1.0,42.0,17,256,13406,9,0.0
97,0.0,0.0,0.0,1.0,9.0,7,34.32991623066558,88.76121668289686,pobre,0,2,625.0,860.0,1.0,42.0,15,256,13407,9,1.0
98,0.0,0.0,0.0,0.0,9.0,7,34.32991623066558,88.76121668289686,pobre,0,2,625.0,860.0,1.0,42.0,16,256,13407,9,1.0
97,1.0,0.0,0.0,1.0,8.0,7,34.32991623066558,88.76121668289686,pobre,0,2,625.0,860.0,1.0,42.0,14,256,13408,8,1.0
98,1.0,0.0,0.0,1.0,8.0,7,34.32991623066558,88.76121668289686,pobre,0,2,625.0,860.0,1.0,42.0,15,256,13408,8,1.0
97,1.0,0.0,0.0,1.0,4.0,7,34.32991623066558,88.76121668289686,pobre,0,2,625.0,860.0,1.0,42.0,10,256,13409,4,1.0
98,1.0,0.0,0.0,1.0,5.0,7,34.32991623066558,88.76121668289686,pobre,0,2,625.0,860.0,1.0,42.0,11,256,13409,4,1.0
97,1.0,0.0,0.0,0.0,9.0,7,34.32991623066558,88.76121668289686,pobre,0,6,625.0,780.0,1.0,39.0,16,256,13410,9,0.0
98,1.0,0.0,0.0,,,7,34.32991623066558,88.76121668289686,pobre,0,6,625.0,780.0,1.0,39.0,17,256,13410,9,0.0
97,0.0,0.0,0.0,1.0,8.0,7,34.32991623066558,88.76121668289686,pobre,0,6,625.0,780.0,1.0,39.0,16,256,13411,8,1.0
98,0.0,0.0,0.0,,,7,34.32991623066558,88.76121668289686,pobre,0,6,625.0,780.0,1.0,39.0,17,256,13411,8,1.0
97,0.0,0.0,0.0,1.0,8.0,7,34.32991623066558,88.76121668289686,pobre,0,6,625.0,780.0,1.0,39.0,14,256,13412,8,1.0
98,0.0,0.0,0.0,0.0,9.0,7,34.32991623066558,88.76121668289686,pobre,0,6,625.0,780.0,1.0,39.0,15,256,13412,8,1.0
97,0.0,0.0,0.0,1.0,4.0,7,34.32991623066558,88.76121668289686,pobre,0,6,625.0,780.0,1.0,39.0,9,256,13413,4,1.0
98,0.0,0.0,0.0,1.0,4.0,7,34.32991623066558,88.76121668289686,pobre,0,6,625.0,780.0,1.0,39.0,10,256,13413,4,1.0
97,1.0,0.0,0.0,1.0,6.0,4,34.32991623066558,88.76121668289686,no pobre,0,6,625.0,861.0,0.0,44.0,14,256,13414,6,1.0
98,1.0,0.0,0.0,0.0,7.0,4,34.32991623066558,88.76121668289686,no pobre,0,6,625.0,861.0,0.0,44.0,15,256,13414,6,1.0
97,0.0,0.0,0.0,1.0,6.0,4,34.32991623066558,88.76121668289686,no pobre,0,6,625.0,861.0,0.0,44.0,12,256,13415,6,1.0
98,0.0,0.0,0.0,1.0,7.0,4,34.32991623066558,88.76121668289686,no pobre,0,6,625.0,861.0,0.0,44.0,13,256,13415,6,1.0
97,1.0,0.0,0.0,0.0,3.0,12,34.32991623066558,88.76121668289686,pobre,0,0,625.0,656.0,1.0,43.0,15,256,13416,3,0.0
98,1.0,0.0,0.0,0.0,3.0,12,34.32991623066558,88.76121668289686,pobre,0,0,625.0,656.0,1.0,43.0,16,256,13416,3,0.0
97,1.0,0.0,0.0,0.0,3.0,12,34.32991623066558,88.76121668289686,pobre,0,0,625.0,656.0,1.0,43.0,13,256,13417,3,0.0
98,1.0,0.0,0.0,1.0,4.0,12,34.32991623066558,88.76121668289686,pobre,0,0,625.0,656.0,1.0,43.0,14,256,13417,3,0.0
97,1.0,0.0,0.0,,0.0,12,34.32991623066558,88.76121668289686,pobre,0,0,625.0,656.0,1.0,43.0,10,256,13418,0,
98,1.0,0.0,0.0,,,12,34.32991623066558,88.76121668289686,pobre,0,0,625.0,656.0,1.0,43.0,11,256,13418,0,
97,1.0,0.0,0.0,,0.0,12,34.32991623066558,88.76121668289686,pobre,0,0,625.0,656.0,1.0,43.0,8,256,13419,0,
98,1.0,0.0,0.0,,,12,34.32991623066558,88.76121668289686,pobre,0,0,625.0,656.0,1.0,43.0,9,256,13419,0,
97,1.0,0.0,0.0,,0.0,12,34.32991623066558,88.76121668289686,pobre,0,0,625.0,656.0,1.0,43.0,6,256,13420,0,
98,1.0,0.0,0.0,,,12,34.32991623066558,88.76121668289686,pobre,0,0,625.0,656.0,1.0,43.0,7,256,13420,0,
97,1.0,0.0,0.0,1.0,3.0,9,34.32991623066558,88.76121668289686,pobre,0,2,625.0,529.0,1.0,35.0,9,256,13421,3,1.0
98,1.0,0.0,0.0,1.0,4.0,9,34.32991623066558,88.76121668289686,pobre,0,2,625.0,529.0,1.0,35.0,10,256,13421,3,1.0
97,1.0,0.0,0.0,1.0,1.0,9,34.32991623066558,88.76121668289686,pobre,0,2,625.0,529.0,1.0,35.0,7,256,13422,1,1.0
98,1.0,0.0,0.0,1.0,2.0,9,34.32991623066558,88.76121668289686,pobre,0,2,625.0,529.0,1.0,35.0,8,256,13422,1,1.0
97,0.0,0.0,0.0,0.0,1.0,9,34.32991623066558,88.76121668289686,pobre,0,2,625.0,529.0,1.0,35.0,14,256,13423,1,0.0
98,0.0,0.0,0.0,,8.0,9,34.32991623066558,88.76121668289686,pobre,0,2,625.0,529.0,1.0,35.0,15,256,13423,1,0.0
97,0.0,0.0,0.0,1.0,1.0,3,34.32991623066558,88.76121668289686,pobre,0,0,625.0,746.0,1.0,28.0,8,256,13424,1,1.0
98,0.0,0.0,0.0,1.0,2.0,3,34.32991623066558,88.76121668289686,pobre,0,0,625.0,746.0,1.0,28.0,9,256,13424,1,1.0
97,1.0,0.0,0.0,0.0,3.0,8,34.32991623066558,88.76121668289686,pobre,0,0,625.0,647.0,1.0,40.0,14,256,13425,3,0.0
98,1.0,0.0,0.0,0.0,3.0,8,34.32991623066558,88.76121668289686,pobre,0,0,625.0,647.0,1.0,40.0,15,256,13425,3,0.0
97,0.0,0.0,0.0,,0.0,8,34.32991623066558,88.76121668289686,pobre,0,0,625.0,647.0,1.0,40.0,10,256,13426,0,
98,0.0,0.0,0.0,1.0,2.0,8,34.32991623066558,88.76121668289686,pobre,0,0,625.0,647.0,1.0,40.0,11,256,13426,0,
97,0.0,0.0,0.0,,0.0,8,34.32991623066558,88.76121668289686,pobre,0,0,625.0,647.0,1.0,40.0,7,256,13427,0,
98,0.0,0.0,0.0,,,8,34.32991623066558,88.76121668289686,pobre,0,0,625.0,647.0,1.0,40.0,8,256,13427,0,
97,1.0,0.0,0.0,0.0,6.0,9,34.32991623066558,88.76121668289686,no pobre,0,2,833.33331,872.5,1.0,54.0,15,256,13428,6,0.0
98,1.0,0.0,0.0,0.0,6.0,9,34.32991623066558,88.76121668289686,no pobre,0,2,833.33331,872.5,1.0,54.0,16,256,13428,6,0.0
97,1.0,0.0,0.0,1.0,7.0,9,34.32991623066558,88.76121668289686,no pobre,0,2,833.33331,872.5,1.0,54.0,11,256,13429,7,1.0
98,1.0,0.0,0.0,1.0,8.0,9,34.32991623066558,88.76121668289686,no pobre,0,2,833.33331,872.5,1.0,54.0,12,256,13429,7,1.0
97,1.0,0.0,0.0,1.0,4.0,9,34.32991623066558,88.76121668289686,no pobre,0,2,833.33331,872.5,1.0,54.0,10,256,13430,4,1.0
98,1.0,0.0,0.0,1.0,5.0,9,34.32991623066558,88.76121668289686,no pobre,0,2,833.33331,872.5,1.0,54.0,11,256,13430,4,1.0
97,0.0,0.0,0.0,1.0,1.0,9,34.32991623066558,88.76121668289686,no pobre,0,2,833.33331,872.5,1.0,54.0,7,256,13431,1,1.0
98,0.0,0.0,0.0,1.0,2.0,9,34.32991623066558,88.76121668289686,no pobre,0,2,833.33331,872.5,1.0,54.0,8,256,13431,1,1.0
97,1.0,0.0,0.0,0.0,6.0,10,34.32991623066558,88.76121668289686,pobre,0,0,1200.0,707.0,1.0,43.0,15,256,13432,6,0.0
98,1.0,0.0,0.0,0.0,6.0,10,34.32991623066558,88.76121668289686,pobre,0,0,1200.0,707.0,1.0,43.0,16,256,13432,6,0.0
97,1.0,0.0,0.0,0.0,6.0,10,34.32991623066558,88.76121668289686,pobre,0,0,1200.0,707.0,1.0,43.0,13,256,13433,6,0.0
98,1.0,0.0,0.0,0.0,6.0,10,34.32991623066558,88.76121668289686,pobre,0,0,1200.0,707.0,1.0,43.0,14,256,13433,6,0.0
97,0.0,0.0,0.0,1.0,3.0,10,34.32991623066558,88.76121668289686,pobre,0,0,1200.0,707.0,1.0,43.0,11,256,13434,3,1.0
98,0.0,0.0,0.0,0.0,2.0,10,34.32991623066558,88.76121668289686,pobre,0,0,1200.0,707.0,1.0,43.0,12,256,13434,3,1.0
97,1.0,0.0,0.0,1.0,1.0,10,34.32991623066558,88.76121668289686,pobre,0,0,1200.0,707.0,1.0,43.0,9,256,13435,1,1.0
98,1.0,0.0,0.0,,,10,34.32991623066558,88.76121668289686,pobre,0,0,1200.0,707.0,1.0,43.0,10,256,13435,1,1.0
97,1.0,0.0,0.0,1.0,0.0,10,34.32991623066558,88.76121668289686,pobre,0,0,1200.0,707.0,1.0,43.0,7,256,13436,0,1.0
98,1.0,0.0,0.0,,,10,34.32991623066558,88.76121668289686,pobre,0,0,1200.0,707.0,1.0,43.0,8,256,13436,0,1.0
97,1.0,0.0,0.0,1.0,4.0,8,34.32991623066558,88.76121668289686,pobre,0,0,625.0,724.0,1.0,37.0,13,256,13437,4,1.0
98,1.0,0.0,0.0,1.0,4.0,8,34.32991623066558,88.76121668289686,pobre,0,0,625.0,724.0,1.0,37.0,14,256,13437,4,1.0
97,0.0,0.0,0.0,1.0,1.0,8,34.32991623066558,88.76121668289686,pobre,0,0,625.0,724.0,1.0,37.0,8,256,13438,1,1.0
98,0.0,0.0,0.0,1.0,2.0,8,34.32991623066558,88.76121668289686,pobre,0,0,625.0,724.0,1.0,37.0,9,256,13438,1,1.0
97,0.0,0.0,0.0,1.0,7.0,8,34.32991623066558,88.76121668289686,pobre,0,9,800.0,695.0,1.0,35.0,13,256,13439,7,1.0
98,0.0,0.0,0.0,1.0,8.0,8,34.32991623066558,88.76121668289686,pobre,0,9,800.0,695.0,1.0,35.0,14,256,13439,7,1.0
97,1.0,0.0,0.0,1.0,4.0,8,34.32991623066558,88.76121668289686,pobre,0,9,800.0,695.0,1.0,35.0,10,256,13440,4,1.0
98,1.0,0.0,0.0,1.0,5.0,8,34.32991623066558,88.76121668289686,pobre,0,9,800.0,695.0,1.0,35.0,11,256,13440,4,1.0
97,1.0,0.0,0.0,1.0,2.0,8,34.32991623066558,88.76121668289686,pobre,0,9,800.0,695.0,1.0,35.0,8,256,13441,2,1.0
98,1.0,0.0,0.0,1.0,3.0,8,34.32991623066558,88.76121668289686,pobre,0,9,800.0,695.0,1.0,35.0,9,256,13441,2,1.0
97,0.0,0.0,0.0,1.0,0.0,8,34.32991623066558,88.76121668289686,pobre,0,9,800.0,695.0,1.0,35.0,6,256,13442,0,1.0
98,0.0,0.0,0.0,1.0,1.0,8,34.32991623066558,88.76121668289686,pobre,0,9,800.0,695.0,1.0,35.0,7,256,13442,0,1.0
97,0.0,1.0,4.7620001,1.0,5.0,5,43.06466967049037,147.7413026602689,pobre,basal,3,750.0,767.0,1.0,35.0,11,219,13443,5,1.0
98,0.0,1.0,4.7620001,1.0,6.0,5,43.06466967049037,147.7413026602689,pobre,basal,3,750.0,767.0,1.0,35.0,12,219,13443,5,1.0
97,1.0,1.0,4.7620001,1.0,0.0,5,43.06466967049037,147.7413026602689,pobre,basal,3,750.0,767.0,1.0,35.0,7,219,13444,0,1.0
98,1.0,1.0,4.7620001,1.0,1.0,5,43.06466967049037,147.7413026602689,pobre,basal,3,750.0,767.0,1.0,35.0,8,219,13444,0,1.0
97,1.0,1.0,4.7620001,1.0,0.0,5,43.06466967049037,147.7413026602689,pobre,basal,3,750.0,767.0,1.0,35.0,6,219,13445,0,1.0
98,1.0,1.0,4.7620001,1.0,0.0,5,43.06466967049037,147.7413026602689,pobre,basal,3,750.0,767.0,1.0,35.0,7,219,13445,0,1.0
97,1.0,0.0,4.7620001,1.0,2.0,2,43.06466967049037,147.7413026602689,pobre,basal,0,750.0,706.0,0.0,66.0,10,219,13446,2,1.0
98,1.0,0.0,4.7620001,1.0,3.0,2,43.06466967049037,147.7413026602689,pobre,basal,0,750.0,706.0,0.0,66.0,11,219,13446,2,1.0
97,0.0,0.0,4.7620001,0.0,6.0,5,43.06466967049037,147.7413026602689,pobre,basal,3,750.0,573.0,1.0,46.0,14,219,13447,6,0.0
98,0.0,0.0,4.7620001,0.0,6.0,5,43.06466967049037,147.7413026602689,pobre,basal,3,750.0,573.0,1.0,46.0,15,219,13447,6,0.0
97,0.0,0.0,4.7620001,0.0,4.0,5,43.06466967049037,147.7413026602689,pobre,basal,3,750.0,573.0,1.0,46.0,11,219,13448,4,0.0
98,0.0,0.0,4.7620001,1.0,5.0,5,43.06466967049037,147.7413026602689,pobre,basal,3,750.0,573.0,1.0,46.0,12,219,13448,4,0.0
97,1.0,0.0,4.7620001,0.0,6.0,9,43.06466967049037,147.7413026602689,pobre,basal,3,625.0,605.5,1.0,47.0,15,219,13449,6,0.0
98,1.0,0.0,4.7620001,0.0,6.0,9,43.06466967049037,147.7413026602689,pobre,basal,3,625.0,605.5,1.0,47.0,16,219,13449,6,0.0
97,1.0,0.0,4.7620001,1.0,5.0,9,43.06466967049037,147.7413026602689,pobre,basal,3,625.0,605.5,1.0,47.0,12,219,13450,5,1.0
98,1.0,0.0,4.7620001,0.0,6.0,9,43.06466967049037,147.7413026602689,pobre,basal,3,625.0,605.5,1.0,47.0,13,219,13450,5,1.0
97,0.0,0.0,4.7620001,1.0,3.0,9,43.06466967049037,147.7413026602689,pobre,basal,3,625.0,605.5,1.0,47.0,10,219,13451,3,1.0
98,0.0,0.0,4.7620001,1.0,4.0,9,43.06466967049037,147.7413026602689,pobre,basal,3,625.0,605.5,1.0,47.0,11,219,13451,3,1.0
97,0.0,0.0,4.7620001,,0.0,9,43.06466967049037,147.7413026602689,pobre,basal,3,625.0,605.5,1.0,47.0,7,219,13452,0,
98,0.0,0.0,4.7620001,1.0,2.0,9,43.06466967049037,147.7413026602689,pobre,basal,3,625.0,605.5,1.0,47.0,8,219,13452,0,
97,0.0,0.0,4.7620001,1.0,0.0,4,43.06466967049037,147.7413026602689,pobre,basal,0,750.0,582.0,1.0,30.0,6,219,13453,0,1.0
98,0.0,0.0,4.7620001,1.0,1.0,4,43.06466967049037,147.7413026602689,pobre,basal,0,750.0,582.0,1.0,30.0,7,219,13453,0,1.0
97,1.0,0.0,4.7620001,1.0,1.0,6,43.06466967049037,147.7413026602689,pobre,basal,2,875.0,527.0,1.0,42.0,9,219,13454,1,1.0
98,1.0,0.0,4.7620001,1.0,2.0,6,43.06466967049037,147.7413026602689,pobre,basal,2,875.0,527.0,1.0,42.0,10,219,13454,1,1.0
97,1.0,0.0,4.7620001,1.0,0.0,6,43.06466967049037,147.7413026602689,pobre,basal,2,875.0,527.0,1.0,42.0,8,219,13455,0,1.0
98,1.0,0.0,4.7620001,1.0,1.0,6,43.06466967049037,147.7413026602689,pobre,basal,2,875.0,527.0,1.0,42.0,9,219,13455,0,1.0
97,1.0,1.0,4.7620001,1.0,6.0,6,43.06466967049037,147.7413026602689,pobre,basal,6,0.0,641.0,1.0,38.0,16,219,13456,6,1.0
98,1.0,1.0,4.7620001,,,6,43.06466967049037,147.7413026602689,pobre,basal,6,0.0,641.0,1.0,38.0,17,219,13456,6,1.0
97,1.0,1.0,4.7620001,1.0,7.0,6,43.06466967049037,147.7413026602689,pobre,basal,6,0.0,641.0,1.0,38.0,14,219,13457,7,1.0
98,1.0,1.0,4.7620001,1.0,8.0,6,43.06466967049037,147.7413026602689,pobre,basal,6,0.0,641.0,1.0,38.0,15,219,13457,7,1.0
97,0.0,1.0,4.7620001,1.0,5.0,6,43.06466967049037,147.7413026602689,pobre,basal,6,0.0,641.0,1.0,38.0,11,219,13458,5,1.0
98,0.0,1.0,4.7620001,1.0,6.0,6,43.06466967049037,147.7413026602689,pobre,basal,6,0.0,641.0,1.0,38.0,12,219,13458,5,1.0
97,0.0,1.0,4.7620001,1.0,4.0,6,43.06466967049037,147.7413026602689,pobre,basal,6,0.0,641.0,1.0,38.0,8,219,13459,4,1.0
98,0.0,1.0,4.7620001,1.0,4.0,6,43.06466967049037,147.7413026602689,pobre,basal,6,0.0,641.0,1.0,38.0,9,219,13459,4,1.0
97,0.0,1.0,4.7620001,1.0,6.0,7,43.06466967049037,147.7413026602689,pobre,basal,0,0.0,692.0,0.0,52.0,12,219,13460,6,1.0
98,0.0,1.0,4.7620001,1.0,6.0,7,43.06466967049037,147.7413026602689,pobre,basal,0,0.0,692.0,0.0,52.0,13,219,13460,6,1.0
97,1.0,1.0,4.7620001,1.0,0.0,7,43.06466967049037,147.7413026602689,pobre,basal,0,0.0,692.0,0.0,52.0,6,219,13461,0,1.0
98,1.0,1.0,4.7620001,1.0,1.0,7,43.06466967049037,147.7413026602689,pobre,basal,0,0.0,692.0,0.0,52.0,7,219,13461,0,1.0
97,0.0,1.0,4.7620001,0.0,6.0,8,43.06466967049037,147.7413026602689,pobre,basal,3,92.666664,575.0,1.0,34.0,14,219,13462,6,0.0
98,0.0,1.0,4.7620001,0.0,6.0,8,43.06466967049037,147.7413026602689,pobre,basal,3,92.666664,575.0,1.0,34.0,15,219,13462,6,0.0
97,0.0,1.0,4.7620001,1.0,2.0,8,43.06466967049037,147.7413026602689,pobre,basal,3,92.666664,575.0,1.0,34.0,11,219,13463,2,1.0
98,0.0,1.0,4.7620001,1.0,3.0,8,43.06466967049037,147.7413026602689,pobre,basal,3,92.666664,575.0,1.0,34.0,12,219,13463,2,1.0
97,1.0,1.0,4.7620001,1.0,1.0,8,43.06466967049037,147.7413026602689,pobre,basal,3,92.666664,575.0,1.0,34.0,8,219,13464,1,1.0
98,1.0,1.0,4.7620001,1.0,2.0,8,43.06466967049037,147.7413026602689,pobre,basal,3,92.666664,575.0,1.0,34.0,9,219,13464,1,1.0
97,0.0,1.0,4.7620001,1.0,1.0,8,43.06466967049037,147.7413026602689,pobre,basal,3,92.666664,575.0,1.0,34.0,6,219,13465,1,1.0
98,0.0,1.0,4.7620001,1.0,1.0,8,43.06466967049037,147.7413026602689,pobre,basal,3,92.666664,575.0,1.0,34.0,7,219,13465,1,1.0
97,1.0,1.0,4.7620001,0.0,6.0,6,43.06466967049037,147.7413026602689,pobre,basal,3,375.0,640.0,1.0,36.0,16,219,13466,6,0.0
98,1.0,1.0,4.7620001,,,6,43.06466967049037,147.7413026602689,pobre,basal,3,375.0,640.0,1.0,36.0,17,219,13466,6,0.0
97,1.0,1.0,4.7620001,0.0,6.0,6,43.06466967049037,147.7413026602689,pobre,basal,3,375.0,640.0,1.0,36.0,14,219,13467,6,0.0
98,1.0,1.0,4.7620001,0.0,6.0,6,43.06466967049037,147.7413026602689,pobre,basal,3,375.0,640.0,1.0,36.0,15,219,13467,6,0.0
97,0.0,1.0,4.7620001,1.0,2.0,6,43.06466967049037,147.7413026602689,pobre,basal,3,375.0,640.0,1.0,36.0,8,219,13468,2,1.0
98,0.0,1.0,4.7620001,1.0,3.0,6,43.06466967049037,147.7413026602689,pobre,basal,3,375.0,640.0,1.0,36.0,9,219,13468,2,1.0
97,1.0,1.0,4.7620001,0.0,6.0,3,43.06466967049037,147.7413026602689,pobre,basal,0,240.0,640.0,0.0,48.0,16,219,13469,6,0.0
98,1.0,1.0,4.7620001,,,3,43.06466967049037,147.7413026602689,pobre,basal,0,240.0,640.0,0.0,48.0,17,219,13469,6,0.0
97,0.0,1.0,4.7620001,1.0,5.0,3,43.06466967049037,147.7413026602689,pobre,basal,0,240.0,640.0,0.0,48.0,11,219,13470,5,1.0
98,0.0,1.0,4.7620001,1.0,6.0,3,43.06466967049037,147.7413026602689,pobre,basal,0,240.0,640.0,0.0,48.0,12,219,13470,5,1.0
97,0.0,1.0,4.7620001,0.0,6.0,2,43.06466967049037,147.7413026602689,pobre,basal,4,480.0,680.0,1.0,23.0,16,219,13471,6,0.0
98,0.0,1.0,4.7620001,,,2,43.06466967049037,147.7413026602689,pobre,basal,4,480.0,680.0,1.0,23.0,17,219,13471,6,0.0
97,1.0,1.0,4.7620001,1.0,2.0,6,43.06466967049037,147.7413026602689,pobre,basal,3,320.0,537.0,1.0,28.0,9,219,13472,2,1.0
98,1.0,1.0,4.7620001,1.0,3.0,6,43.06466967049037,147.7413026602689,pobre,basal,3,320.0,537.0,1.0,28.0,10,219,13472,2,1.0
97,1.0,1.0,4.7620001,1.0,1.0,6,43.06466967049037,147.7413026602689,pobre,basal,3,320.0,537.0,1.0,28.0,6,219,13473,1,1.0
98,1.0,1.0,4.7620001,1.0,1.0,6,43.06466967049037,147.7413026602689,pobre,basal,3,320.0,537.0,1.0,28.0,7,219,13473,1,1.0
97,0.0,1.0,4.7620001,1.0,4.0,5,43.06466967049037,147.7413026602689,pobre,basal,1,480.0,685.0,1.0,36.0,10,219,13474,4,1.0
98,0.0,1.0,4.7620001,1.0,5.0,5,43.06466967049037,147.7413026602689,pobre,basal,1,480.0,685.0,1.0,36.0,11,219,13474,4,1.0
97,0.0,1.0,4.7620001,1.0,1.0,4,43.06466967049037,147.7413026602689,pobre,basal,1,480.0,669.0,1.0,41.0,16,219,13475,1,1.0
98,0.0,1.0,4.7620001,,,4,43.06466967049037,147.7413026602689,pobre,basal,1,480.0,669.0,1.0,41.0,17,219,13475,1,1.0
97,1.0,1.0,4.7620001,1.0,3.0,4,43.06466967049037,147.7413026602689,pobre,basal,1,480.0,669.0,1.0,41.0,13,219,13476,3,1.0
98,1.0,1.0,4.7620001,1.0,8.0,4,43.06466967049037,147.7413026602689,pobre,basal,1,480.0,669.0,1.0,41.0,14,219,13476,3,1.0
97,1.0,1.0,4.7620001,1.0,2.0,4,43.06466967049037,147.7413026602689,pobre,basal,0,500.0,602.0,1.0,55.0,11,219,13477,2,1.0
98,1.0,1.0,4.7620001,1.0,2.0,4,43.06466967049037,147.7413026602689,pobre,basal,0,500.0,602.0,1.0,55.0,12,219,13477,2,1.0
97,0.0,1.0,4.7620001,1.0,1.0,5,43.06466967049037,147.7413026602689,pobre,basal,8,500.0,583.0,1.0,30.0,8,219,13478,1,1.0
98,0.0,1.0,4.7620001,1.0,2.0,5,43.06466967049037,147.7413026602689,pobre,basal,8,500.0,583.0,1.0,30.0,9,219,13478,1,1.0
97,1.0,1.0,4.7620001,1.0,3.0,5,43.06466967049037,147.7413026602689,pobre,basal,5,3250.0,559.0,1.0,34.0,9,219,13479,3,1.0
98,1.0,1.0,4.7620001,1.0,4.0,5,43.06466967049037,147.7413026602689,pobre,basal,5,3250.0,559.0,1.0,34.0,10,219,13479,3,1.0
97,1.0,1.0,4.7620001,1.0,0.0,5,43.06466967049037,147.7413026602689,pobre,basal,5,3250.0,559.0,1.0,34.0,7,219,13480,0,1.0
98,1.0,1.0,4.7620001,1.0,1.0,5,43.06466967049037,147.7413026602689,pobre,basal,5,3250.0,559.0,1.0,34.0,8,219,13480,0,1.0
97,1.0,1.0,4.7620001,0.0,5.0,4,43.06466967049037,147.7413026602689,pobre,basal,1,375.0,730.0,0.0,43.0,15,219,13481,5,0.0
98,1.0,1.0,4.7620001,,,4,43.06466967049037,147.7413026602689,pobre,basal,1,375.0,730.0,0.0,43.0,16,219,13481,5,0.0
97,1.0,1.0,4.7620001,1.0,4.0,4,43.06466967049037,147.7413026602689,pobre,basal,1,375.0,730.0,0.0,43.0,12,219,13482,4,1.0
98,1.0,1.0,4.7620001,1.0,5.0,4,43.06466967049037,147.7413026602689,pobre,basal,1,375.0,730.0,0.0,43.0,13,219,13482,4,1.0
97,1.0,1.0,4.7620001,1.0,4.0,5,43.06466967049037,147.7413026602689,pobre,basal,3,500.0,559.0,1.0,31.0,11,219,13483,4,1.0
98,1.0,1.0,4.7620001,1.0,5.0,5,43.06466967049037,147.7413026602689,pobre,basal,3,500.0,559.0,1.0,31.0,12,219,13483,4,1.0
97,0.0,1.0,4.7620001,1.0,7.0,2,43.06466967049037,147.7413026602689,pobre,basal,0,0.0,642.0,0.0,51.0,13,219,13484,7,1.0
98,0.0,1.0,4.7620001,1.0,8.0,2,43.06466967049037,147.7413026602689,pobre,basal,0,0.0,642.0,0.0,51.0,14,219,13484,7,1.0
97,0.0,1.0,4.7620001,0.0,6.0,10,43.06466967049037,147.7413026602689,pobre,basal,1,500.0,609.0,1.0,48.0,15,219,13485,6,0.0
98,0.0,1.0,4.7620001,0.0,6.0,10,43.06466967049037,147.7413026602689,pobre,basal,1,500.0,609.0,1.0,48.0,16,219,13485,6,0.0
97,1.0,1.0,4.7620001,1.0,3.0,10,43.06466967049037,147.7413026602689,pobre,basal,1,500.0,609.0,1.0,48.0,9,219,13486,3,1.0
98,1.0,1.0,4.7620001,1.0,4.0,10,43.06466967049037,147.7413026602689,pobre,basal,1,500.0,609.0,1.0,48.0,10,219,13486,3,1.0
97,1.0,1.0,4.7620001,1.0,0.0,10,43.06466967049037,147.7413026602689,pobre,basal,1,500.0,609.0,1.0,48.0,6,219,13487,0,1.0
98,1.0,1.0,4.7620001,1.0,1.0,10,43.06466967049037,147.7413026602689,pobre,basal,1,500.0,609.0,1.0,48.0,7,219,13487,0,1.0
97,1.0,1.0,4.7620001,1.0,0.0,5,43.06466967049037,147.7413026602689,pobre,basal,4,375.0,557.0,1.0,24.0,6,219,13488,0,1.0
98,1.0,1.0,4.7620001,1.0,1.0,5,43.06466967049037,147.7413026602689,pobre,basal,4,375.0,557.0,1.0,24.0,7,219,13488,0,1.0
97,1.0,1.0,4.7620001,1.0,2.0,4,43.06466967049037,147.7413026602689,pobre,basal,4,500.0,581.0,0.0,36.0,9,219,13489,2,1.0
98,1.0,1.0,4.7620001,1.0,3.0,4,43.06466967049037,147.7413026602689,pobre,basal,4,500.0,581.0,0.0,36.0,10,219,13489,2,1.0
97,1.0,1.0,4.7620001,0.0,6.0,6,43.06466967049037,147.7413026602689,pobre,basal,2,375.0,681.0,1.0,45.0,14,219,13490,6,0.0
98,1.0,1.0,4.7620001,0.0,6.0,6,43.06466967049037,147.7413026602689,pobre,basal,2,375.0,681.0,1.0,45.0,15,219,13490,6,0.0
97,1.0,1.0,4.7620001,1.0,4.0,6,43.06466967049037,147.7413026602689,pobre,basal,2,375.0,681.0,1.0,45.0,9,219,13491,4,1.0
98,1.0,1.0,4.7620001,1.0,5.0,6,43.06466967049037,147.7413026602689,pobre,basal,2,375.0,681.0,1.0,45.0,10,219,13491,4,1.0
97,0.0,1.0,4.7620001,1.0,0.0,6,43.06466967049037,147.7413026602689,pobre,basal,2,375.0,681.0,1.0,45.0,7,219,13492,0,1.0
98,0.0,1.0,4.7620001,1.0,2.0,6,43.06466967049037,147.7413026602689,pobre,basal,2,375.0,681.0,1.0,45.0,8,219,13492,0,1.0
97,1.0,1.0,4.7620001,1.0,3.0,5,43.06466967049037,147.7413026602689,pobre,basal,0,500.0,547.0,0.0,35.0,12,219,13493,3,1.0
98,1.0,1.0,4.7620001,,,5,43.06466967049037,147.7413026602689,pobre,basal,0,500.0,547.0,0.0,35.0,13,219,13493,3,1.0
97,0.0,1.0,4.7620001,1.0,2.0,5,43.06466967049037,147.7413026602689,pobre,basal,0,500.0,547.0,0.0,35.0,11,219,13494,2,1.0
98,0.0,1.0,4.7620001,,,5,43.06466967049037,147.7413026602689,pobre,basal,0,500.0,547.0,0.0,35.0,12,219,13494,2,1.0
97,1.0,1.0,4.7620001,1.0,1.0,5,43.06466967049037,147.7413026602689,pobre,basal,0,500.0,547.0,0.0,35.0,9,219,13495,1,1.0
98,1.0,1.0,4.7620001,,,5,43.06466967049037,147.7413026602689,pobre,basal,0,500.0,547.0,0.0,35.0,10,219,13495,1,1.0
97,1.0,1.0,4.7620001,1.0,0.0,5,43.06466967049037,147.7413026602689,pobre,basal,0,500.0,547.0,0.0,35.0,7,219,13496,0,1.0
98,1.0,1.0,4.7620001,,,5,43.06466967049037,147.7413026602689,pobre,basal,0,500.0,547.0,0.0,35.0,8,219,13496,0,1.0
97,0.0,1.0,4.7620001,1.0,0.0,4,43.06466967049037,147.7413026602689,pobre,basal,1,625.0,581.0,1.0,29.0,7,219,13497,0,1.0
98,0.0,1.0,4.7620001,1.0,1.0,4,43.06466967049037,147.7413026602689,pobre,basal,1,625.0,581.0,1.0,29.0,8,219,13497,0,1.0
97,1.0,0.0,4.7620001,1.0,6.0,6,43.06466967049037,147.7413026602689,pobre,basal,0,750.0,526.0,1.0,54.0,15,219,13498,6,1.0
98,1.0,0.0,4.7620001,0.0,6.0,6,43.06466967049037,147.7413026602689,pobre,basal,0,750.0,526.0,1.0,54.0,16,219,13498,6,1.0
97,0.0,0.0,4.7620001,1.0,2.0,6,43.06466967049037,147.7413026602689,pobre,basal,0,750.0,526.0,1.0,54.0,8,219,13499,2,1.0
98,0.0,0.0,4.7620001,1.0,3.0,6,43.06466967049037,147.7413026602689,pobre,basal,0,750.0,526.0,1.0,54.0,9,219,13499,2,1.0
97,0.0,0.0,4.7620001,1.0,6.0,8,43.06466967049037,147.7413026602689,pobre,basal,3,750.0,463.0,1.0,36.0,13,219,13500,6,1.0
98,0.0,0.0,4.7620001,1.0,7.0,8,43.06466967049037,147.7413026602689,pobre,basal,3,750.0,463.0,1.0,36.0,14,219,13500,6,1.0
97,1.0,0.0,4.7620001,1.0,4.0,8,43.06466967049037,147.7413026602689,pobre,basal,3,750.0,463.0,1.0,36.0,11,219,13501,4,1.0
98,1.0,0.0,4.7620001,1.0,6.0,8,43.06466967049037,147.7413026602689,pobre,basal,3,750.0,463.0,1.0,36.0,12,219,13501,4,1.0
97,1.0,0.0,4.7620001,1.0,4.0,8,43.06466967049037,147.7413026602689,pobre,basal,3,750.0,463.0,1.0,36.0,9,219,13502,4,1.0
98,1.0,0.0,4.7620001,1.0,5.0,8,43.06466967049037,147.7413026602689,pobre,basal,3,750.0,463.0,1.0,36.0,10,219,13502,4,1.0
97,0.0,0.0,4.7620001,1.0,3.0,4,43.06466967049037,147.7413026602689,pobre,basal,5,625.0,592.0,1.0,33.0,9,219,13503,3,1.0
98,0.0,0.0,4.7620001,1.0,4.0,4,43.06466967049037,147.7413026602689,pobre,basal,5,625.0,592.0,1.0,33.0,10,219,13503,3,1.0
97,0.0,0.0,4.7620001,1.0,5.0,6,43.06466967049037,147.7413026602689,pobre,basal,4,750.0,529.0,1.0,48.0,14,219,13504,5,1.0
98,0.0,0.0,4.7620001,1.0,6.0,6,43.06466967049037,147.7413026602689,pobre,basal,4,750.0,529.0,1.0,48.0,15,219,13504,5,1.0
97,1.0,0.0,4.7620001,1.0,1.0,6,43.06466967049037,147.7413026602689,pobre,basal,4,750.0,529.0,1.0,48.0,7,219,13505,1,1.0
98,1.0,0.0,4.7620001,1.0,2.0,6,43.06466967049037,147.7413026602689,pobre,basal,4,750.0,529.0,1.0,48.0,8,219,13505,1,1.0
97,1.0,1.0,4.7620001,1.0,1.0,5,43.06466967049037,147.7413026602689,pobre,basal,2,625.0,558.0,1.0,29.0,7,219,13506,1,1.0
98,1.0,1.0,4.7620001,1.0,2.0,5,43.06466967049037,147.7413026602689,pobre,basal,2,625.0,558.0,1.0,29.0,8,219,13506,1,1.0
97,0.0,0.0,4.7620001,0.0,9.0,8,43.06466967049037,147.7413026602689,pobre,basal,2,500.0,637.0,0.0,35.0,16,219,13507,9,0.0
98,0.0,0.0,4.7620001,,,8,43.06466967049037,147.7413026602689,pobre,basal,2,500.0,637.0,0.0,35.0,17,219,13507,9,0.0
97,1.0,0.0,4.7620001,,0.0,8,43.06466967049037,147.7413026602689,pobre,basal,2,500.0,637.0,0.0,35.0,14,219,13508,0,
98,1.0,0.0,4.7620001,,,8,43.06466967049037,147.7413026602689,pobre,basal,2,500.0,637.0,0.0,35.0,15,219,13508,0,
97,0.0,0.0,4.7620001,1.0,5.0,8,43.06466967049037,147.7413026602689,pobre,basal,2,500.0,637.0,0.0,35.0,12,219,13509,5,1.0
98,0.0,0.0,4.7620001,1.0,6.0,8,43.06466967049037,147.7413026602689,pobre,basal,2,500.0,637.0,0.0,35.0,13,219,13509,5,1.0
97,1.0,0.0,4.7620001,1.0,3.0,8,43.06466967049037,147.7413026602689,pobre,basal,2,500.0,637.0,0.0,35.0,8,219,13510,3,1.0
98,1.0,0.0,4.7620001,1.0,4.0,8,43.06466967049037,147.7413026602689,pobre,basal,2,500.0,637.0,0.0,35.0,9,219,13510,3,1.0
97,1.0,0.0,4.7620001,1.0,1.0,8,43.06466967049037,147.7413026602689,pobre,basal,2,500.0,637.0,0.0,35.0,7,219,13511,1,1.0
98,1.0,0.0,4.7620001,1.0,2.0,8,43.06466967049037,147.7413026602689,pobre,basal,2,500.0,637.0,0.0,35.0,8,219,13511,1,1.0
97,1.0,0.0,4.9629998,0.0,6.0,11,30.41327769467692,30.41327769467692,pobre,0,3,1000.0,784.0,1.0,47.0,16,199,13512,6,0.0
98,1.0,0.0,4.9629998,,,11,30.41327769467692,30.41327769467692,pobre,0,3,1000.0,784.0,1.0,47.0,17,199,13512,6,0.0
97,1.0,0.0,4.9629998,0.0,5.0,11,30.41327769467692,30.41327769467692,pobre,0,3,1000.0,784.0,1.0,47.0,13,199,13513,5,0.0
98,1.0,0.0,4.9629998,0.0,5.0,11,30.41327769467692,30.41327769467692,pobre,0,3,1000.0,784.0,1.0,47.0,14,199,13513,5,0.0
97,0.0,0.0,4.9629998,1.0,5.0,11,30.41327769467692,30.41327769467692,pobre,0,3,1000.0,784.0,1.0,47.0,12,199,13514,5,1.0
98,0.0,0.0,4.9629998,0.0,6.0,11,30.41327769467692,30.41327769467692,pobre,0,3,1000.0,784.0,1.0,47.0,13,199,13514,5,1.0
97,1.0,0.0,4.9629998,1.0,2.0,11,30.41327769467692,30.41327769467692,pobre,0,3,1000.0,784.0,1.0,47.0,10,199,13515,2,1.0
98,1.0,0.0,4.9629998,1.0,3.0,11,30.41327769467692,30.41327769467692,pobre,0,3,1000.0,784.0,1.0,47.0,11,199,13515,2,1.0
97,1.0,0.0,4.9629998,1.0,3.0,11,30.41327769467692,30.41327769467692,pobre,0,3,1000.0,784.0,1.0,47.0,8,199,13516,3,1.0
98,1.0,0.0,4.9629998,1.0,3.0,11,30.41327769467692,30.41327769467692,pobre,0,3,1000.0,784.0,1.0,47.0,9,199,13516,3,1.0
97,0.0,0.0,4.9629998,0.0,6.0,6,30.41327769467692,30.41327769467692,pobre,0,6,800.0,708.0,1.0,28.0,14,199,13517,6,0.0
98,0.0,0.0,4.9629998,0.0,6.0,6,30.41327769467692,30.41327769467692,pobre,0,6,800.0,708.0,1.0,28.0,15,199,13517,6,0.0
97,0.0,0.0,4.9629998,0.0,5.0,6,30.41327769467692,30.41327769467692,pobre,0,6,800.0,708.0,1.0,28.0,12,199,13518,5,0.0
98,0.0,0.0,4.9629998,0.0,5.0,6,30.41327769467692,30.41327769467692,pobre,0,6,800.0,708.0,1.0,28.0,13,199,13518,5,0.0
97,0.0,0.0,4.9629998,0.0,4.0,6,30.41327769467692,30.41327769467692,pobre,0,6,800.0,708.0,1.0,28.0,10,199,13519,4,0.0
98,0.0,0.0,4.9629998,0.0,4.0,6,30.41327769467692,30.41327769467692,pobre,0,6,800.0,708.0,1.0,28.0,11,199,13519,4,0.0
97,1.0,0.0,2.1010001,1.0,3.0,8,32.9943730312948,32.9943730312948,pobre,basal,0,200.0,619.0,1.0,72.0,10,201,13520,3,1.0
98,1.0,0.0,2.1010001,0.0,3.0,8,32.9943730312948,32.9943730312948,pobre,basal,0,200.0,619.0,1.0,72.0,11,201,13520,3,1.0
97,0.0,0.0,2.1010001,1.0,3.0,8,32.9943730312948,32.9943730312948,pobre,basal,0,200.0,619.0,1.0,72.0,8,201,13521,3,1.0
98,0.0,0.0,2.1010001,1.0,1.0,8,32.9943730312948,32.9943730312948,pobre,basal,0,200.0,619.0,1.0,72.0,9,201,13521,3,1.0
97,1.0,0.0,2.1010001,,0.0,8,32.9943730312948,32.9943730312948,pobre,basal,2,625.0,616.0,1.0,48.0,12,201,13522,0,
98,1.0,0.0,2.1010001,,,8,32.9943730312948,32.9943730312948,pobre,basal,2,625.0,616.0,1.0,48.0,13,201,13522,0,
97,0.0,0.0,2.1010001,,0.0,8,32.9943730312948,32.9943730312948,pobre,basal,2,625.0,616.0,1.0,48.0,10,201,13523,0,
98,0.0,0.0,2.1010001,1.0,4.0,8,32.9943730312948,32.9943730312948,pobre,basal,2,625.0,616.0,1.0,48.0,11,201,13523,0,
97,0.0,0.0,2.1010001,,0.0,8,32.9943730312948,32.9943730312948,pobre,basal,2,625.0,616.0,1.0,48.0,8,201,13524,0,
98,0.0,0.0,2.1010001,1.0,2.0,8,32.9943730312948,32.9943730312948,pobre,basal,2,625.0,616.0,1.0,48.0,9,201,13524,0,
97,0.0,0.0,2.1010001,1.0,3.0,8,32.9943730312948,32.9943730312948,pobre,basal,3,600.0,632.0,1.0,35.0,10,201,13525,3,1.0
98,0.0,0.0,2.1010001,1.0,5.0,8,32.9943730312948,32.9943730312948,pobre,basal,3,600.0,632.0,1.0,35.0,11,201,13525,3,1.0
97,1.0,0.0,2.1010001,1.0,0.0,8,32.9943730312948,32.9943730312948,pobre,basal,3,600.0,632.0,1.0,35.0,6,201,13526,0,1.0
98,1.0,0.0,2.1010001,1.0,1.0,8,32.9943730312948,32.9943730312948,pobre,basal,3,600.0,632.0,1.0,35.0,7,201,13526,0,1.0
97,0.0,0.0,2.1010001,,0.0,4,32.9943730312948,32.9943730312948,pobre,basal,3,500.0,623.0,0.0,40.0,13,201,13527,0,
98,0.0,0.0,2.1010001,,,4,32.9943730312948,32.9943730312948,pobre,basal,3,500.0,623.0,0.0,40.0,14,201,13527,0,
97,0.0,0.0,2.1010001,,0.0,4,32.9943730312948,32.9943730312948,pobre,basal,3,500.0,623.0,0.0,40.0,8,201,13528,0,
98,0.0,0.0,2.1010001,0.0,2.0,4,32.9943730312948,32.9943730312948,pobre,basal,3,500.0,623.0,0.0,40.0,9,201,13528,0,
97,0.0,0.0,2.1010001,0.0,3.0,10,32.9943730312948,32.9943730312948,no pobre,basal,2,1000.0,811.0,1.0,39.0,14,201,13529,3,0.0
98,0.0,0.0,2.1010001,0.0,3.0,10,32.9943730312948,32.9943730312948,no pobre,basal,2,1000.0,811.0,1.0,39.0,15,201,13529,3,0.0
97,1.0,0.0,2.1010001,1.0,5.0,10,32.9943730312948,32.9943730312948,no pobre,basal,2,1000.0,811.0,1.0,39.0,11,201,13530,5,1.0
98,1.0,0.0,2.1010001,0.0,6.0,10,32.9943730312948,32.9943730312948,no pobre,basal,2,1000.0,811.0,1.0,39.0,12,201,13530,5,1.0
97,1.0,0.0,2.1010001,1.0,2.0,10,32.9943730312948,32.9943730312948,no pobre,basal,2,1000.0,811.0,1.0,39.0,10,201,13531,2,1.0
98,1.0,0.0,2.1010001,1.0,3.0,10,32.9943730312948,32.9943730312948,no pobre,basal,2,1000.0,811.0,1.0,39.0,11,201,13531,2,1.0
97,1.0,0.0,2.1010001,1.0,0.0,10,32.9943730312948,32.9943730312948,no pobre,basal,2,1000.0,811.0,1.0,39.0,6,201,13532,0,1.0
98,1.0,0.0,2.1010001,1.0,,10,32.9943730312948,32.9943730312948,no pobre,basal,2,1000.0,811.0,1.0,39.0,7,201,13532,0,1.0
97,1.0,0.0,0.0,0.0,6.0,7,149.5727212182313,149.5727212182313,no pobre,0,3,166.66667,644.0,1.0,47.0,13,306,13533,6,0.0
98,1.0,0.0,0.0,0.0,6.0,7,149.5727212182313,149.5727212182313,no pobre,0,3,166.66667,644.0,1.0,47.0,14,306,13533,6,0.0
97,0.0,0.0,0.0,0.0,6.0,7,149.5727212182313,149.5727212182313,pobre,0,6,625.0,458.0,1.0,38.0,14,306,13534,6,0.0
98,0.0,0.0,0.0,0.0,6.0,7,149.5727212182313,149.5727212182313,pobre,0,6,625.0,458.0,1.0,38.0,15,306,13534,6,0.0
97,1.0,0.0,0.0,1.0,6.0,7,149.5727212182313,149.5727212182313,pobre,0,6,625.0,458.0,1.0,38.0,13,306,13535,6,1.0
98,1.0,0.0,0.0,1.0,7.0,7,149.5727212182313,149.5727212182313,pobre,0,6,625.0,458.0,1.0,38.0,14,306,13535,6,1.0
97,0.0,0.0,0.0,1.0,4.0,7,149.5727212182313,149.5727212182313,pobre,0,6,625.0,458.0,1.0,38.0,11,306,13536,4,1.0
98,0.0,0.0,0.0,1.0,5.0,7,149.5727212182313,149.5727212182313,pobre,0,6,625.0,458.0,1.0,38.0,12,306,13536,4,1.0
97,0.0,0.0,3.4590001,0.0,6.0,10,96.91879747817832,96.91879747817832,no pobre,0,2,1250.0,954.0,1.0,53.0,15,314,13537,6,0.0
98,0.0,0.0,3.4590001,,,10,96.91879747817832,96.91879747817832,no pobre,0,2,1250.0,954.0,1.0,53.0,16,314,13537,6,0.0
97,1.0,0.0,3.4590001,1.0,4.0,10,96.91879747817832,96.91879747817832,no pobre,0,2,1250.0,954.0,1.0,53.0,13,314,13538,4,1.0
98,1.0,0.0,3.4590001,1.0,5.0,10,96.91879747817832,96.91879747817832,no pobre,0,2,1250.0,954.0,1.0,53.0,14,314,13538,4,1.0
97,1.0,0.0,3.4590001,1.0,2.0,10,96.91879747817832,96.91879747817832,no pobre,0,2,1250.0,954.0,1.0,53.0,10,314,13539,2,1.0
98,1.0,0.0,3.4590001,1.0,3.0,10,96.91879747817832,96.91879747817832,no pobre,0,2,1250.0,954.0,1.0,53.0,11,314,13539,2,1.0
97,1.0,0.0,3.4590001,1.0,1.0,10,96.91879747817832,96.91879747817832,no pobre,0,2,1250.0,954.0,1.0,53.0,9,314,13540,1,1.0
98,1.0,0.0,3.4590001,1.0,2.0,10,96.91879747817832,96.91879747817832,no pobre,0,2,1250.0,954.0,1.0,53.0,10,314,13540,1,1.0
97,1.0,0.0,3.4590001,1.0,0.0,10,96.91879747817832,96.91879747817832,no pobre,0,2,1250.0,954.0,1.0,53.0,8,314,13541,0,1.0
98,1.0,0.0,3.4590001,1.0,1.0,10,96.91879747817832,96.91879747817832,no pobre,0,2,1250.0,954.0,1.0,53.0,9,314,13541,0,1.0
97,1.0,0.0,3.4590001,1.0,0.0,10,96.91879747817832,96.91879747817832,no pobre,0,2,1250.0,954.0,1.0,53.0,6,314,13542,0,1.0
98,1.0,0.0,3.4590001,1.0,0.0,10,96.91879747817832,96.91879747817832,no pobre,0,2,1250.0,954.0,1.0,53.0,7,314,13542,0,1.0
97,1.0,0.0,3.4590001,1.0,3.0,5,96.91879747817832,96.91879747817832,pobre,0,3,750.0,653.0,1.0,37.0,8,314,13543,3,1.0
98,1.0,0.0,3.4590001,,,5,96.91879747817832,96.91879747817832,pobre,0,3,750.0,653.0,1.0,37.0,9,314,13543,3,1.0
97,1.0,0.0,3.4590001,1.0,2.0,5,96.91879747817832,96.91879747817832,pobre,0,3,750.0,653.0,1.0,37.0,7,314,13544,2,1.0
98,1.0,0.0,3.4590001,,,5,96.91879747817832,96.91879747817832,pobre,0,3,750.0,653.0,1.0,37.0,8,314,13544,2,1.0
97,0.0,0.0,3.4590001,0.0,6.0,4,96.91879747817832,96.91879747817832,no pobre,0,2,666.66669,1195.0,1.0,60.0,16,314,13545,6,0.0
98,0.0,0.0,3.4590001,,,4,96.91879747817832,96.91879747817832,no pobre,0,2,666.66669,1195.0,1.0,60.0,17,314,13545,6,0.0
97,1.0,0.0,3.4590001,0.0,5.0,4,96.91879747817832,96.91879747817832,no pobre,0,2,666.66669,1195.0,1.0,60.0,15,314,13546,5,0.0
98,1.0,0.0,3.4590001,0.0,9.0,4,96.91879747817832,96.91879747817832,no pobre,0,2,666.66669,1195.0,1.0,60.0,16,314,13546,5,0.0
97,0.0,0.0,3.4590001,0.0,6.0,10,96.91879747817832,96.91879747817832,no pobre,0,0,750.0,848.0,1.0,52.0,13,314,13547,6,0.0
98,0.0,0.0,3.4590001,0.0,6.0,10,96.91879747817832,96.91879747817832,no pobre,0,0,750.0,848.0,1.0,52.0,14,314,13547,6,0.0
97,0.0,0.0,3.4590001,1.0,3.0,10,96.91879747817832,96.91879747817832,no pobre,0,0,750.0,848.0,1.0,52.0,10,314,13548,3,1.0
98,0.0,0.0,3.4590001,1.0,4.0,10,96.91879747817832,96.91879747817832,no pobre,0,0,750.0,848.0,1.0,52.0,11,314,13548,3,1.0
97,0.0,0.0,3.4590001,1.0,4.0,10,96.91879747817832,96.91879747817832,no pobre,0,0,750.0,848.0,1.0,52.0,12,314,13549,4,1.0
98,0.0,0.0,3.4590001,0.0,6.0,10,96.91879747817832,96.91879747817832,no pobre,0,0,750.0,848.0,1.0,52.0,13,314,13549,4,1.0
97,0.0,0.0,3.4590001,1.0,3.0,10,96.91879747817832,96.91879747817832,no pobre,0,0,750.0,848.0,1.0,52.0,10,314,13550,3,1.0
98,0.0,0.0,3.4590001,1.0,3.0,10,96.91879747817832,96.91879747817832,no pobre,0,0,750.0,848.0,1.0,52.0,11,314,13550,3,1.0
97,0.0,0.0,3.4590001,1.0,2.0,10,96.91879747817832,96.91879747817832,no pobre,0,0,750.0,848.0,1.0,52.0,9,314,13551,2,1.0
98,0.0,0.0,3.4590001,1.0,3.0,10,96.91879747817832,96.91879747817832,no pobre,0,0,750.0,848.0,1.0,52.0,10,314,13551,2,1.0
97,1.0,0.0,3.4590001,1.0,1.0,6,96.91879747817832,96.91879747817832,pobre,0,0,500.0,619.0,1.0,31.0,9,314,13552,1,1.0
98,1.0,0.0,3.4590001,1.0,1.0,6,96.91879747817832,96.91879747817832,pobre,0,0,500.0,619.0,1.0,31.0,10,314,13552,1,1.0
97,1.0,0.0,3.4590001,1.0,0.0,6,96.91879747817832,96.91879747817832,pobre,0,0,500.0,619.0,1.0,31.0,6,314,13553,0,1.0
98,1.0,0.0,3.4590001,1.0,0.0,6,96.91879747817832,96.91879747817832,pobre,0,0,500.0,619.0,1.0,31.0,7,314,13553,0,1.0
97,0.0,0.0,3.4590001,1.0,1.0,6,96.91879747817832,96.91879747817832,no pobre,0,5,600.0,890.0,1.0,27.0,8,314,13554,1,1.0
98,0.0,0.0,3.4590001,,,6,96.91879747817832,96.91879747817832,no pobre,0,5,600.0,890.0,1.0,27.0,9,314,13554,1,1.0
97,1.0,0.0,3.4590001,1.0,0.0,6,96.91879747817832,96.91879747817832,no pobre,0,5,600.0,890.0,1.0,27.0,7,314,13555,0,1.0
98,1.0,0.0,3.4590001,,,6,96.91879747817832,96.91879747817832,no pobre,0,5,600.0,890.0,1.0,27.0,8,314,13555,0,1.0
97,0.0,0.0,3.484,1.0,1.0,3,147.3055192581566,147.3055192581566,pobre,basal,5,25.0,675.0,1.0,40.0,7,307,13556,1,1.0
98,0.0,0.0,3.484,1.0,1.0,3,147.3055192581566,147.3055192581566,pobre,basal,5,25.0,675.0,1.0,40.0,8,307,13556,1,1.0
97,0.0,0.0,3.484,0.0,6.0,7,147.3055192581566,147.3055192581566,pobre,basal,3,0.0,476.0,1.0,44.0,15,307,13557,6,0.0
98,0.0,0.0,3.484,0.0,6.0,7,147.3055192581566,147.3055192581566,pobre,basal,3,0.0,476.0,1.0,44.0,16,307,13557,6,0.0
97,0.0,0.0,3.484,0.0,6.0,7,147.3055192581566,147.3055192581566,pobre,basal,3,0.0,476.0,1.0,44.0,14,307,13558,6,0.0
98,0.0,0.0,3.484,0.0,6.0,7,147.3055192581566,147.3055192581566,pobre,basal,3,0.0,476.0,1.0,44.0,15,307,13558,6,0.0
97,1.0,0.0,3.484,1.0,3.0,7,147.3055192581566,147.3055192581566,pobre,basal,3,0.0,476.0,1.0,44.0,10,307,13559,3,1.0
98,1.0,0.0,3.484,1.0,3.0,7,147.3055192581566,147.3055192581566,pobre,basal,3,0.0,476.0,1.0,44.0,11,307,13559,3,1.0
97,1.0,0.0,5.342,1.0,3.0,7,134.2789290705534,134.2789290705534,pobre,basal,3,625.0,604.5,1.0,48.0,8,291,13560,3,1.0
98,1.0,0.0,5.342,1.0,4.0,7,134.2789290705534,134.2789290705534,pobre,basal,3,625.0,604.5,1.0,48.0,9,291,13560,3,1.0
97,1.0,0.0,5.342,1.0,0.0,7,134.2789290705534,134.2789290705534,pobre,basal,3,625.0,604.5,1.0,48.0,6,291,13561,0,1.0
98,1.0,0.0,5.342,1.0,1.0,7,134.2789290705534,134.2789290705534,pobre,basal,3,625.0,604.5,1.0,48.0,7,291,13561,0,1.0
97,1.0,0.0,5.342,1.0,5.0,4,134.2789290705534,134.2789290705534,pobre,basal,0,750.0,712.0,1.0,64.0,10,291,13562,5,1.0
98,1.0,0.0,5.342,1.0,6.0,4,134.2789290705534,134.2789290705534,pobre,basal,0,750.0,712.0,1.0,64.0,11,291,13562,5,1.0
97,0.0,0.0,5.342,0.0,6.0,10,134.2789290705534,134.2789290705534,pobre,basal,4,750.0,746.5,1.0,43.0,14,291,13563,6,0.0
98,0.0,0.0,5.342,0.0,6.0,10,134.2789290705534,134.2789290705534,pobre,basal,4,750.0,746.5,1.0,43.0,15,291,13563,6,0.0
97,0.0,0.0,5.342,,5.0,10,134.2789290705534,134.2789290705534,pobre,basal,4,750.0,746.5,1.0,43.0,13,291,13564,5,
98,0.0,0.0,5.342,0.0,6.0,10,134.2789290705534,134.2789290705534,pobre,basal,4,750.0,746.5,1.0,43.0,14,291,13564,5,
97,1.0,0.0,5.342,1.0,2.0,10,134.2789290705534,134.2789290705534,pobre,basal,4,750.0,746.5,1.0,43.0,10,291,13565,2,1.0
98,1.0,0.0,5.342,1.0,4.0,10,134.2789290705534,134.2789290705534,pobre,basal,4,750.0,746.5,1.0,43.0,11,291,13565,2,1.0
97,1.0,0.0,5.342,1.0,0.0,10,134.2789290705534,134.2789290705534,pobre,basal,4,750.0,746.5,1.0,43.0,7,291,13566,0,1.0
98,1.0,0.0,5.342,1.0,1.0,10,134.2789290705534,134.2789290705534,pobre,basal,4,750.0,746.5,1.0,43.0,8,291,13566,0,1.0
97,0.0,0.0,5.342,1.0,0.0,10,134.2789290705534,134.2789290705534,pobre,basal,4,750.0,746.5,1.0,43.0,6,291,13567,0,1.0
98,0.0,0.0,5.342,1.0,1.0,10,134.2789290705534,134.2789290705534,pobre,basal,4,750.0,746.5,1.0,43.0,7,291,13567,0,1.0
97,0.0,0.0,5.342,0.0,8.0,9,134.2789290705534,134.2789290705534,no pobre,basal,4,175.0,1237.75,1.0,61.0,13,291,13568,8,0.0
98,0.0,0.0,5.342,1.0,8.0,9,134.2789290705534,134.2789290705534,no pobre,basal,4,175.0,1237.75,1.0,61.0,14,291,13568,8,0.0
97,0.0,0.0,5.342,0.0,8.0,9,134.2789290705534,134.2789290705534,no pobre,basal,4,175.0,1237.75,1.0,61.0,13,291,13569,8,0.0
98,0.0,0.0,5.342,1.0,8.0,9,134.2789290705534,134.2789290705534,no pobre,basal,4,175.0,1237.75,1.0,61.0,14,291,13569,8,0.0
97,0.0,0.0,7.0219998,0.0,4.0,6,140.1457448024925,140.1457448024925,pobre,basal,3,0.0,517.0,1.0,45.0,16,289,13570,4,0.0
98,0.0,0.0,7.0219998,,,6,140.1457448024925,140.1457448024925,pobre,basal,3,0.0,517.0,1.0,45.0,17,289,13570,4,0.0
97,1.0,0.0,7.0219998,0.0,5.0,6,140.1457448024925,140.1457448024925,pobre,basal,3,0.0,517.0,1.0,45.0,15,289,13571,5,0.0
98,1.0,0.0,7.0219998,0.0,5.0,6,140.1457448024925,140.1457448024925,pobre,basal,3,0.0,517.0,1.0,45.0,16,289,13571,5,0.0
97,1.0,0.0,7.0219998,1.0,3.0,6,140.1457448024925,140.1457448024925,pobre,basal,3,0.0,517.0,1.0,45.0,11,289,13572,3,1.0
98,1.0,0.0,7.0219998,1.0,3.0,6,140.1457448024925,140.1457448024925,pobre,basal,3,0.0,517.0,1.0,45.0,12,289,13572,3,1.0
97,1.0,0.0,7.0219998,1.0,7.0,9,140.1457448024925,140.1457448024925,pobre,basal,3,750.0,541.0,1.0,42.0,14,289,13573,7,1.0
98,1.0,0.0,7.0219998,1.0,8.0,9,140.1457448024925,140.1457448024925,pobre,basal,3,750.0,541.0,1.0,42.0,15,289,13573,7,1.0
97,0.0,0.0,7.0219998,1.0,2.0,9,140.1457448024925,140.1457448024925,pobre,basal,3,750.0,541.0,1.0,42.0,10,289,13574,2,1.0
98,0.0,0.0,7.0219998,1.0,3.0,9,140.1457448024925,140.1457448024925,pobre,basal,3,750.0,541.0,1.0,42.0,11,289,13574,2,1.0
97,1.0,0.0,7.0219998,1.0,2.0,9,140.1457448024925,140.1457448024925,pobre,basal,3,750.0,541.0,1.0,42.0,8,289,13575,2,1.0
98,1.0,0.0,7.0219998,1.0,3.0,9,140.1457448024925,140.1457448024925,pobre,basal,3,750.0,541.0,1.0,42.0,9,289,13575,2,1.0
97,0.0,0.0,7.0219998,1.0,2.0,4,140.1457448024925,140.1457448024925,pobre,basal,0,750.0,708.0,1.0,36.0,13,289,13576,2,1.0
98,0.0,0.0,7.0219998,,,4,140.1457448024925,140.1457448024925,pobre,basal,0,750.0,708.0,1.0,36.0,14,289,13576,2,1.0
97,1.0,0.0,5.342,,5.0,3,134.2789290705534,134.2789290705534,pobre,basal,0,600.0,742.33002,0.0,42.0,12,291,13577,5,
98,1.0,0.0,5.342,0.0,6.0,3,134.2789290705534,134.2789290705534,pobre,basal,0,600.0,742.33002,0.0,42.0,13,291,13577,5,
97,1.0,0.0,5.342,,2.0,3,134.2789290705534,134.2789290705534,pobre,basal,0,600.0,742.33002,0.0,42.0,9,291,13578,2,
98,1.0,0.0,5.342,1.0,3.0,3,134.2789290705534,134.2789290705534,pobre,basal,0,600.0,742.33002,0.0,42.0,10,291,13578,2,
97,0.0,0.0,5.342,1.0,2.0,8,134.2789290705534,134.2789290705534,pobre,basal,0,0.0,694.0,1.0,76.0,7,291,13579,2,1.0
98,0.0,0.0,5.342,1.0,2.0,8,134.2789290705534,134.2789290705534,pobre,basal,0,0.0,694.0,1.0,76.0,8,291,13579,2,1.0
97,0.0,0.0,5.342,1.0,1.0,8,134.2789290705534,134.2789290705534,no pobre,basal,2,750.0,898.0,1.0,67.0,6,291,13580,1,1.0
98,0.0,0.0,5.342,1.0,1.0,8,134.2789290705534,134.2789290705534,no pobre,basal,2,750.0,898.0,1.0,67.0,7,291,13580,1,1.0
97,0.0,1.0,2.766,1.0,7.0,7,67.57285414602369,67.57285414602369,pobre,basal,0,0.0,787.0,1.0,52.0,13,274,13581,7,1.0
98,0.0,1.0,2.766,1.0,8.0,7,67.57285414602369,67.57285414602369,pobre,basal,0,0.0,787.0,1.0,52.0,14,274,13581,7,1.0
97,0.0,1.0,2.766,1.0,4.0,7,67.57285414602369,67.57285414602369,pobre,basal,0,0.0,787.0,1.0,52.0,10,274,13582,4,1.0
98,0.0,1.0,2.766,1.0,5.0,7,67.57285414602369,67.57285414602369,pobre,basal,0,0.0,787.0,1.0,52.0,11,274,13582,4,1.0
97,0.0,1.0,2.766,1.0,2.0,7,67.57285414602369,67.57285414602369,pobre,basal,0,0.0,787.0,1.0,52.0,9,274,13583,2,1.0
98,0.0,1.0,2.766,1.0,3.0,7,67.57285414602369,67.57285414602369,pobre,basal,0,0.0,787.0,1.0,52.0,10,274,13583,2,1.0
97,0.0,1.0,2.766,1.0,2.0,7,67.57285414602369,67.57285414602369,pobre,basal,0,0.0,787.0,1.0,52.0,6,274,13584,2,1.0
98,0.0,1.0,2.766,1.0,0.0,7,67.57285414602369,67.57285414602369,pobre,basal,0,0.0,787.0,1.0,52.0,7,274,13584,2,1.0
97,1.0,1.0,2.766,1.0,4.0,8,67.57285414602369,67.57285414602369,pobre,basal,2,1250.0,896.33002,1.0,49.0,14,274,13585,4,1.0
98,1.0,1.0,2.766,1.0,5.0,8,67.57285414602369,67.57285414602369,pobre,basal,2,1250.0,896.33002,1.0,49.0,15,274,13585,4,1.0
97,0.0,1.0,2.766,,0.0,8,67.57285414602369,67.57285414602369,pobre,basal,2,1250.0,896.33002,1.0,49.0,13,274,13586,0,
98,0.0,1.0,2.766,,,8,67.57285414602369,67.57285414602369,pobre,basal,2,1250.0,896.33002,1.0,49.0,14,274,13586,0,
97,0.0,1.0,2.766,1.0,1.0,8,67.57285414602369,67.57285414602369,pobre,basal,0,0.0,929.0,1.0,50.0,8,274,13587,1,1.0
98,0.0,1.0,2.766,1.0,2.0,8,67.57285414602369,67.57285414602369,pobre,basal,0,0.0,929.0,1.0,50.0,9,274,13587,1,1.0
97,1.0,0.0,2.766,0.0,7.0,5,67.57285414602369,67.57285414602369,pobre,basal,3,0.0,797.75,1.0,31.0,13,274,13588,7,0.0
98,1.0,0.0,2.766,,,5,67.57285414602369,67.57285414602369,pobre,basal,3,0.0,797.75,1.0,31.0,14,274,13588,7,0.0
97,0.0,1.0,2.766,0.0,2.0,5,67.57285414602369,67.57285414602369,pobre,basal,3,0.0,797.75,1.0,31.0,10,274,13589,2,0.0
98,0.0,1.0,2.766,,,5,67.57285414602369,67.57285414602369,pobre,basal,3,0.0,797.75,1.0,31.0,11,274,13589,2,0.0
97,1.0,1.0,2.766,,0.0,5,67.57285414602369,67.57285414602369,pobre,basal,3,0.0,797.75,1.0,31.0,6,274,13590,0,
98,1.0,1.0,2.766,,,5,67.57285414602369,67.57285414602369,pobre,basal,3,0.0,797.75,1.0,31.0,7,274,13590,0,
97,1.0,1.0,2.766,1.0,2.0,10,67.57285414602369,67.57285414602369,no pobre,basal,5,2000.0,938.0,1.0,47.0,15,274,13591,2,1.0
98,1.0,1.0,2.766,1.0,8.0,10,67.57285414602369,67.57285414602369,no pobre,basal,5,2000.0,938.0,1.0,47.0,16,274,13591,2,1.0
97,0.0,1.0,2.766,1.0,4.0,10,67.57285414602369,67.57285414602369,no pobre,basal,5,2000.0,938.0,1.0,47.0,13,274,13592,4,1.0
98,0.0,1.0,2.766,1.0,6.0,10,67.57285414602369,67.57285414602369,no pobre,basal,5,2000.0,938.0,1.0,47.0,14,274,13592,4,1.0
97,1.0,1.0,2.766,1.0,4.0,10,67.57285414602369,67.57285414602369,no pobre,basal,5,2000.0,938.0,1.0,47.0,12,274,13593,4,1.0
98,1.0,1.0,2.766,1.0,5.0,10,67.57285414602369,67.57285414602369,no pobre,basal,5,2000.0,938.0,1.0,47.0,13,274,13593,4,1.0
97,1.0,1.0,2.766,1.0,4.0,6,67.57285414602369,67.57285414602369,pobre,basal,3,0.0,865.0,1.0,70.0,13,274,13594,4,1.0
98,1.0,1.0,2.766,1.0,5.0,6,67.57285414602369,67.57285414602369,pobre,basal,3,0.0,865.0,1.0,70.0,14,274,13594,4,1.0
97,1.0,1.0,2.766,1.0,3.0,6,67.57285414602369,67.57285414602369,pobre,basal,3,0.0,865.0,1.0,70.0,9,274,13595,3,1.0
98,1.0,1.0,2.766,1.0,3.0,6,67.57285414602369,67.57285414602369,pobre,basal,3,0.0,865.0,1.0,70.0,10,274,13595,3,1.0
97,0.0,1.0,2.766,1.0,2.0,6,67.57285414602369,67.57285414602369,no pobre,basal,3,1200.0,980.0,1.0,41.0,8,274,13596,2,1.0
98,0.0,1.0,2.766,1.0,3.0,6,67.57285414602369,67.57285414602369,no pobre,basal,3,1200.0,980.0,1.0,41.0,9,274,13596,2,1.0
97,1.0,1.0,2.766,1.0,0.0,6,67.57285414602369,67.57285414602369,no pobre,basal,3,1200.0,980.0,1.0,41.0,6,274,13597,0,1.0
98,1.0,1.0,2.766,1.0,1.0,6,67.57285414602369,67.57285414602369,no pobre,basal,3,1200.0,980.0,1.0,41.0,7,274,13597,0,1.0
97,0.0,1.0,2.766,0.0,10.0,6,67.57285414602369,67.57285414602369,no pobre,basal,3,1200.0,980.0,1.0,41.0,15,274,13598,10,0.0
98,0.0,1.0,2.766,0.0,6.0,6,67.57285414602369,67.57285414602369,no pobre,basal,3,1200.0,980.0,1.0,41.0,16,274,13598,10,0.0
97,1.0,1.0,2.766,0.0,6.0,5,67.57285414602369,67.57285414602369,pobre,basal,3,1400.0,889.0,1.0,40.0,13,274,13599,6,0.0
98,1.0,1.0,2.766,,,5,67.57285414602369,67.57285414602369,pobre,basal,3,1400.0,889.0,1.0,40.0,14,274,13599,6,0.0
97,0.0,1.0,2.766,1.0,1.0,5,67.57285414602369,67.57285414602369,pobre,basal,3,1400.0,889.0,1.0,40.0,6,274,13600,1,1.0
98,0.0,1.0,2.766,,,5,67.57285414602369,67.57285414602369,pobre,basal,3,1400.0,889.0,1.0,40.0,7,274,13600,1,1.0
97,0.0,1.0,2.766,0.0,12.0,8,67.57285414602369,67.57285414602369,no pobre,basal,9,625.0,926.0,1.0,37.0,16,274,13601,12,0.0
98,0.0,1.0,2.766,,,8,67.57285414602369,67.57285414602369,no pobre,basal,9,625.0,926.0,1.0,37.0,17,274,13601,12,0.0
97,1.0,1.0,2.766,0.0,9.0,8,67.57285414602369,67.57285414602369,no pobre,basal,9,625.0,926.0,1.0,37.0,15,274,13602,9,0.0
98,1.0,1.0,2.766,1.0,11.0,8,67.57285414602369,67.57285414602369,no pobre,basal,9,625.0,926.0,1.0,37.0,16,274,13602,9,0.0
97,0.0,1.0,2.766,1.0,7.0,8,67.57285414602369,67.57285414602369,no pobre,basal,9,625.0,926.0,1.0,37.0,13,274,13603,7,1.0
98,0.0,1.0,2.766,1.0,8.0,8,67.57285414602369,67.57285414602369,no pobre,basal,9,625.0,926.0,1.0,37.0,14,274,13603,7,1.0
97,1.0,1.0,2.766,1.0,4.0,8,67.57285414602369,67.57285414602369,no pobre,basal,9,625.0,926.0,1.0,37.0,10,274,13604,4,1.0
98,1.0,1.0,2.766,1.0,6.0,8,67.57285414602369,67.57285414602369,no pobre,basal,9,625.0,926.0,1.0,37.0,11,274,13604,4,1.0
97,0.0,1.0,2.766,1.0,2.0,8,67.57285414602369,67.57285414602369,no pobre,basal,9,625.0,926.0,1.0,37.0,8,274,13605,2,1.0
98,0.0,1.0,2.766,1.0,4.0,8,67.57285414602369,67.57285414602369,no pobre,basal,9,625.0,926.0,1.0,37.0,9,274,13605,2,1.0
97,1.0,1.0,2.766,1.0,0.0,8,67.57285414602369,67.57285414602369,no pobre,basal,9,625.0,926.0,1.0,37.0,6,274,13606,0,1.0
98,1.0,1.0,2.766,,,8,67.57285414602369,67.57285414602369,no pobre,basal,9,625.0,926.0,1.0,37.0,7,274,13606,0,1.0
97,0.0,1.0,2.766,1.0,10.0,6,67.57285414602369,67.57285414602369,no pobre,basal,12,3770.0,908.0,1.0,39.0,16,274,13607,10,1.0
98,0.0,1.0,2.766,,,6,67.57285414602369,67.57285414602369,no pobre,basal,12,3770.0,908.0,1.0,39.0,17,274,13607,10,1.0
97,0.0,1.0,2.766,1.0,2.0,6,67.57285414602369,67.57285414602369,no pobre,basal,12,3770.0,908.0,1.0,39.0,8,274,13608,2,1.0
98,0.0,1.0,2.766,1.0,4.0,6,67.57285414602369,67.57285414602369,no pobre,basal,12,3770.0,908.0,1.0,39.0,9,274,13608,2,1.0
97,1.0,1.0,2.766,1.0,10.0,8,67.57285414602369,67.57285414602369,no pobre,basal,2,500.0,958.0,1.0,37.0,16,274,13609,10,1.0
98,1.0,1.0,2.766,,,8,67.57285414602369,67.57285414602369,no pobre,basal,2,500.0,958.0,1.0,37.0,17,274,13609,10,1.0
97,0.0,1.0,2.766,1.0,5.0,8,67.57285414602369,67.57285414602369,no pobre,basal,2,500.0,958.0,1.0,37.0,14,274,13610,5,1.0
98,0.0,1.0,2.766,1.0,8.0,8,67.57285414602369,67.57285414602369,no pobre,basal,2,500.0,958.0,1.0,37.0,15,274,13610,5,1.0
97,0.0,1.0,2.766,1.0,5.0,8,67.57285414602369,67.57285414602369,no pobre,basal,2,500.0,958.0,1.0,37.0,11,274,13611,5,1.0
98,0.0,1.0,2.766,1.0,6.0,8,67.57285414602369,67.57285414602369,no pobre,basal,2,500.0,958.0,1.0,37.0,12,274,13611,5,1.0
97,1.0,1.0,2.766,1.0,2.0,8,67.57285414602369,67.57285414602369,no pobre,basal,2,500.0,958.0,1.0,37.0,8,274,13612,2,1.0
98,1.0,1.0,2.766,1.0,3.0,8,67.57285414602369,67.57285414602369,no pobre,basal,2,500.0,958.0,1.0,37.0,9,274,13612,2,1.0
97,0.0,0.0,2.766,1.0,10.0,8,67.57285414602369,67.57285414602369,pobre,basal,5,0.0,729.0,1.0,63.0,14,274,13613,10,1.0
98,0.0,0.0,2.766,,,8,67.57285414602369,67.57285414602369,pobre,basal,5,0.0,729.0,1.0,63.0,15,274,13613,10,1.0
97,1.0,0.0,2.766,1.0,5.0,8,67.57285414602369,67.57285414602369,pobre,basal,5,0.0,729.0,1.0,63.0,13,274,13614,5,1.0
98,1.0,0.0,2.766,,,8,67.57285414602369,67.57285414602369,pobre,basal,5,0.0,729.0,1.0,63.0,14,274,13614,5,1.0
97,1.0,0.0,2.766,1.0,4.0,8,67.57285414602369,67.57285414602369,pobre,basal,5,0.0,729.0,1.0,63.0,12,274,13615,4,1.0
98,1.0,0.0,2.766,,,8,67.57285414602369,67.57285414602369,pobre,basal,5,0.0,729.0,1.0,63.0,13,274,13615,4,1.0
97,1.0,0.0,2.766,1.0,2.0,8,67.57285414602369,67.57285414602369,pobre,basal,5,0.0,729.0,1.0,63.0,8,274,13616,2,1.0
98,1.0,0.0,2.766,,,8,67.57285414602369,67.57285414602369,pobre,basal,5,0.0,729.0,1.0,63.0,9,274,13616,2,1.0
97,0.0,0.0,2.766,1.0,1.0,8,67.57285414602369,67.57285414602369,pobre,basal,5,0.0,729.0,1.0,63.0,6,274,13617,1,1.0
98,0.0,0.0,2.766,,,8,67.57285414602369,67.57285414602369,pobre,basal,5,0.0,729.0,1.0,63.0,7,274,13617,1,1.0
97,0.0,0.0,2.766,1.0,0.0,4,67.57285414602369,67.57285414602369,no pobre,basal,6,0.0,754.0,1.0,35.0,6,274,13618,0,1.0
98,0.0,0.0,2.766,1.0,1.0,4,67.57285414602369,67.57285414602369,no pobre,basal,6,0.0,754.0,1.0,35.0,7,274,13618,0,1.0
97,0.0,0.0,2.766,1.0,1.0,5,67.57285414602369,67.57285414602369,no pobre,basal,2,900.0,770.0,1.0,36.0,7,274,13619,1,1.0
98,0.0,0.0,2.766,1.0,2.0,5,67.57285414602369,67.57285414602369,no pobre,basal,2,900.0,770.0,1.0,36.0,8,274,13619,1,1.0
97,0.0,1.0,2.766,0.0,1.0,3,67.57285414602369,67.57285414602369,pobre,basal,2,625.0,726.0,1.0,20.0,15,274,13620,1,0.0
98,0.0,1.0,2.766,,,3,67.57285414602369,67.57285414602369,pobre,basal,2,625.0,726.0,1.0,20.0,16,274,13620,1,0.0
97,1.0,1.0,2.766,0.0,5.0,10,67.57285414602369,67.57285414602369,pobre,basal,0,0.0,770.75,1.0,49.0,15,274,13621,5,0.0
98,1.0,1.0,2.766,,,10,67.57285414602369,67.57285414602369,pobre,basal,0,0.0,770.75,1.0,49.0,16,274,13621,5,0.0
97,0.0,1.0,2.766,0.0,5.0,10,67.57285414602369,67.57285414602369,pobre,basal,0,0.0,770.75,1.0,49.0,14,274,13622,5,0.0
98,0.0,1.0,2.766,0.0,6.0,10,67.57285414602369,67.57285414602369,pobre,basal,0,0.0,770.75,1.0,49.0,15,274,13622,5,0.0
97,0.0,1.0,2.766,0.0,5.0,10,67.57285414602369,67.57285414602369,pobre,basal,0,0.0,770.75,1.0,49.0,13,274,13623,5,0.0
98,0.0,1.0,2.766,0.0,6.0,10,67.57285414602369,67.57285414602369,pobre,basal,0,0.0,770.75,1.0,49.0,14,274,13623,5,0.0
97,1.0,1.0,2.766,,0.0,10,67.57285414602369,67.57285414602369,pobre,basal,0,0.0,770.75,1.0,49.0,7,274,13624,0,
98,1.0,1.0,2.766,,,10,67.57285414602369,67.57285414602369,pobre,basal,0,0.0,770.75,1.0,49.0,8,274,13624,0,
97,0.0,1.0,2.766,0.0,9.0,7,67.57285414602369,67.57285414602369,pobre,basal,2,0.0,805.0,1.0,36.0,15,274,13625,9,0.0
98,0.0,1.0,2.766,,,7,67.57285414602369,67.57285414602369,pobre,basal,2,0.0,805.0,1.0,36.0,16,274,13625,9,0.0
97,0.0,1.0,2.766,1.0,5.0,7,67.57285414602369,67.57285414602369,pobre,basal,2,0.0,805.0,1.0,36.0,11,274,13626,5,1.0
98,0.0,1.0,2.766,,,7,67.57285414602369,67.57285414602369,pobre,basal,2,0.0,805.0,1.0,36.0,12,274,13626,5,1.0
97,0.0,1.0,2.766,1.0,2.0,7,67.57285414602369,67.57285414602369,pobre,basal,2,0.0,805.0,1.0,36.0,7,274,13627,2,1.0
98,0.0,1.0,2.766,,,7,67.57285414602369,67.57285414602369,pobre,basal,2,0.0,805.0,1.0,36.0,8,274,13627,2,1.0
97,0.0,1.0,2.766,1.0,3.0,6,67.57285414602369,67.57285414602369,pobre,basal,5,1250.0,789.0,1.0,30.0,10,274,13628,3,1.0
98,0.0,1.0,2.766,,,6,67.57285414602369,67.57285414602369,pobre,basal,5,1250.0,789.0,1.0,30.0,11,274,13628,3,1.0
97,0.0,1.0,2.766,1.0,1.0,6,67.57285414602369,67.57285414602369,pobre,basal,5,1250.0,789.0,1.0,30.0,8,274,13629,1,1.0
98,0.0,1.0,2.766,,,6,67.57285414602369,67.57285414602369,pobre,basal,5,1250.0,789.0,1.0,30.0,9,274,13629,1,1.0
97,0.0,0.0,2.766,0.0,6.0,13,67.57285414602369,67.57285414602369,no pobre,basal,4,750.0,874.5,1.0,48.0,15,274,13630,6,0.0
98,0.0,0.0,2.766,0.0,6.0,13,67.57285414602369,67.57285414602369,no pobre,basal,4,750.0,874.5,1.0,48.0,16,274,13630,6,0.0
97,1.0,0.0,2.766,1.0,5.0,13,67.57285414602369,67.57285414602369,no pobre,basal,4,750.0,874.5,1.0,48.0,11,274,13631,5,1.0
98,1.0,0.0,2.766,1.0,6.0,13,67.57285414602369,67.57285414602369,no pobre,basal,4,750.0,874.5,1.0,48.0,12,274,13631,5,1.0
97,0.0,0.0,2.766,1.0,2.0,13,67.57285414602369,67.57285414602369,no pobre,basal,4,750.0,874.5,1.0,48.0,7,274,13632,2,1.0
98,0.0,0.0,2.766,1.0,2.0,13,67.57285414602369,67.57285414602369,no pobre,basal,4,750.0,874.5,1.0,48.0,8,274,13632,2,1.0
97,1.0,1.0,2.766,1.0,6.0,8,67.57285414602369,67.57285414602369,pobre,basal,1,0.0,753.28998,1.0,46.0,15,274,13633,6,1.0
98,1.0,1.0,2.766,1.0,7.0,8,67.57285414602369,67.57285414602369,pobre,basal,1,0.0,753.28998,1.0,46.0,16,274,13633,6,1.0
97,0.0,1.0,2.766,1.0,6.0,8,67.57285414602369,67.57285414602369,pobre,basal,1,0.0,753.28998,1.0,46.0,13,274,13634,6,1.0
98,0.0,1.0,2.766,1.0,7.0,8,67.57285414602369,67.57285414602369,pobre,basal,1,0.0,753.28998,1.0,46.0,14,274,13634,6,1.0
97,1.0,1.0,2.766,1.0,3.0,8,67.57285414602369,67.57285414602369,pobre,basal,1,0.0,753.28998,1.0,46.0,10,274,13635,3,1.0
98,1.0,1.0,2.766,1.0,4.0,8,67.57285414602369,67.57285414602369,pobre,basal,1,0.0,753.28998,1.0,46.0,11,274,13635,3,1.0
97,0.0,1.0,2.766,1.0,1.0,8,67.57285414602369,67.57285414602369,pobre,basal,1,0.0,753.28998,1.0,46.0,7,274,13636,1,1.0
98,0.0,1.0,2.766,1.0,2.0,8,67.57285414602369,67.57285414602369,pobre,basal,1,0.0,753.28998,1.0,46.0,8,274,13636,1,1.0
97,1.0,1.0,2.766,1.0,4.0,5,67.57285414602369,67.57285414602369,no pobre,basal,14,2600.0,959.0,1.0,28.0,10,274,13637,4,1.0
98,1.0,1.0,2.766,1.0,5.0,5,67.57285414602369,67.57285414602369,no pobre,basal,14,2600.0,959.0,1.0,28.0,11,274,13637,4,1.0
97,1.0,1.0,2.766,1.0,2.0,5,67.57285414602369,67.57285414602369,no pobre,basal,14,2600.0,959.0,1.0,28.0,8,274,13638,2,1.0
98,1.0,1.0,2.766,1.0,3.0,5,67.57285414602369,67.57285414602369,no pobre,basal,14,2600.0,959.0,1.0,28.0,9,274,13638,2,1.0
97,1.0,1.0,2.766,1.0,3.0,5,67.57285414602369,67.57285414602369,no pobre,basal,12,2780.0,869.0,1.0,30.0,9,274,13639,3,1.0
98,1.0,1.0,2.766,1.0,4.0,5,67.57285414602369,67.57285414602369,no pobre,basal,12,2780.0,869.0,1.0,30.0,10,274,13639,3,1.0
97,0.0,1.0,2.766,1.0,1.0,5,67.57285414602369,67.57285414602369,no pobre,basal,12,2780.0,869.0,1.0,30.0,6,274,13640,1,1.0
98,0.0,1.0,2.766,1.0,2.0,5,67.57285414602369,67.57285414602369,no pobre,basal,12,2780.0,869.0,1.0,30.0,7,274,13640,1,1.0
97,1.0,0.0,2.766,1.0,5.0,4,67.57285414602369,67.57285414602369,no pobre,basal,9,833.0,1227.0,1.0,35.0,11,274,13641,5,1.0
98,1.0,0.0,2.766,1.0,6.0,4,67.57285414602369,67.57285414602369,no pobre,basal,9,833.0,1227.0,1.0,35.0,12,274,13641,5,1.0
97,1.0,0.0,2.766,1.0,1.0,4,67.57285414602369,67.57285414602369,no pobre,basal,9,833.0,1227.0,1.0,35.0,7,274,13642,1,1.0
98,1.0,0.0,2.766,1.0,1.0,4,67.57285414602369,67.57285414602369,no pobre,basal,9,833.0,1227.0,1.0,35.0,8,274,13642,1,1.0
97,0.0,0.0,2.766,1.0,9.0,7,67.57285414602369,67.57285414602369,no pobre,basal,12,400.0,998.25,1.0,40.0,15,274,13643,9,1.0
98,0.0,0.0,2.766,1.0,10.0,7,67.57285414602369,67.57285414602369,no pobre,basal,12,400.0,998.25,1.0,40.0,16,274,13643,9,1.0
97,1.0,0.0,2.766,1.0,8.0,7,67.57285414602369,67.57285414602369,no pobre,basal,12,400.0,998.25,1.0,40.0,13,274,13644,8,1.0
98,1.0,0.0,2.766,1.0,8.0,7,67.57285414602369,67.57285414602369,no pobre,basal,12,400.0,998.25,1.0,40.0,14,274,13644,8,1.0
97,0.0,0.0,2.766,1.0,3.0,7,67.57285414602369,67.57285414602369,no pobre,basal,12,400.0,998.25,1.0,40.0,9,274,13645,3,1.0
98,0.0,0.0,2.766,1.0,4.0,7,67.57285414602369,67.57285414602369,no pobre,basal,12,400.0,998.25,1.0,40.0,10,274,13645,3,1.0
97,0.0,1.0,2.766,1.0,7.0,6,67.57285414602369,67.57285414602369,no pobre,basal,9,0.0,926.33002,1.0,30.0,13,274,13646,7,1.0
98,0.0,1.0,2.766,1.0,8.0,6,67.57285414602369,67.57285414602369,no pobre,basal,9,0.0,926.33002,1.0,30.0,14,274,13646,7,1.0
97,1.0,1.0,2.766,1.0,6.0,6,67.57285414602369,67.57285414602369,no pobre,basal,9,0.0,926.33002,1.0,30.0,12,274,13647,6,1.0
98,1.0,1.0,2.766,1.0,7.0,6,67.57285414602369,67.57285414602369,no pobre,basal,9,0.0,926.33002,1.0,30.0,13,274,13647,6,1.0
97,0.0,1.0,2.766,1.0,4.0,6,67.57285414602369,67.57285414602369,no pobre,basal,9,0.0,926.33002,1.0,30.0,10,274,13648,4,1.0
98,0.0,1.0,2.766,1.0,5.0,6,67.57285414602369,67.57285414602369,no pobre,basal,9,0.0,926.33002,1.0,30.0,11,274,13648,4,1.0
97,1.0,1.0,2.766,1.0,8.0,12,67.57285414602369,67.57285414602369,no pobre,basal,2,1800.0,910.0,1.0,47.0,15,274,13649,8,1.0
98,1.0,1.0,2.766,0.0,9.0,12,67.57285414602369,67.57285414602369,no pobre,basal,2,1800.0,910.0,1.0,47.0,16,274,13649,8,1.0
97,0.0,1.0,2.766,1.0,5.0,12,67.57285414602369,67.57285414602369,no pobre,basal,2,1800.0,910.0,1.0,47.0,12,274,13650,5,1.0
98,0.0,1.0,2.766,1.0,6.0,12,67.57285414602369,67.57285414602369,no pobre,basal,2,1800.0,910.0,1.0,47.0,13,274,13650,5,1.0
97,1.0,1.0,2.766,1.0,2.0,12,67.57285414602369,67.57285414602369,no pobre,basal,2,1800.0,910.0,1.0,47.0,9,274,13651,2,1.0
98,1.0,1.0,2.766,1.0,3.0,12,67.57285414602369,67.57285414602369,no pobre,basal,2,1800.0,910.0,1.0,47.0,10,274,13651,2,1.0
97,0.0,1.0,2.766,,0.0,12,67.57285414602369,67.57285414602369,no pobre,basal,2,1800.0,910.0,1.0,47.0,6,274,13652,0,
98,0.0,1.0,2.766,,,12,67.57285414602369,67.57285414602369,no pobre,basal,2,1800.0,910.0,1.0,47.0,7,274,13652,0,
97,1.0,0.0,2.766,1.0,5.0,9,67.57285414602369,67.57285414602369,no pobre,basal,0,0.0,1238.75,1.0,52.0,11,274,13653,5,1.0
98,1.0,0.0,2.766,1.0,6.0,9,67.57285414602369,67.57285414602369,no pobre,basal,0,0.0,1238.75,1.0,52.0,12,274,13653,5,1.0
97,0.0,0.0,2.766,1.0,3.0,9,67.57285414602369,67.57285414602369,no pobre,basal,0,0.0,1238.75,1.0,52.0,9,274,13654,3,1.0
98,0.0,0.0,2.766,1.0,4.0,9,67.57285414602369,67.57285414602369,no pobre,basal,0,0.0,1238.75,1.0,52.0,10,274,13654,3,1.0
97,0.0,0.0,2.766,1.0,0.0,9,67.57285414602369,67.57285414602369,no pobre,basal,0,0.0,1238.75,1.0,52.0,7,274,13655,0,1.0
98,0.0,0.0,2.766,1.0,1.0,9,67.57285414602369,67.57285414602369,no pobre,basal,0,0.0,1238.75,1.0,52.0,8,274,13655,0,1.0
97,0.0,0.0,2.766,,0.0,9,67.57285414602369,67.57285414602369,no pobre,basal,0,0.0,1238.75,1.0,52.0,6,274,13656,0,
98,0.0,0.0,2.766,1.0,0.0,9,67.57285414602369,67.57285414602369,no pobre,basal,0,0.0,1238.75,1.0,52.0,7,274,13656,0,
97,0.0,1.0,2.766,0.0,2.0,7,67.57285414602369,67.57285414602369,pobre,basal,3,0.0,624.0,1.0,30.0,11,274,13657,2,0.0
98,0.0,1.0,2.766,1.0,3.0,7,67.57285414602369,67.57285414602369,pobre,basal,3,0.0,624.0,1.0,30.0,12,274,13657,2,0.0
97,0.0,1.0,2.766,1.0,3.0,7,67.57285414602369,67.57285414602369,pobre,basal,3,0.0,624.0,1.0,30.0,9,274,13658,3,1.0
98,0.0,1.0,2.766,1.0,3.0,7,67.57285414602369,67.57285414602369,pobre,basal,3,0.0,624.0,1.0,30.0,10,274,13658,3,1.0
97,0.0,1.0,2.766,1.0,1.0,7,67.57285414602369,67.57285414602369,pobre,basal,3,0.0,624.0,1.0,30.0,7,274,13659,1,1.0
98,0.0,1.0,2.766,1.0,2.0,7,67.57285414602369,67.57285414602369,pobre,basal,3,0.0,624.0,1.0,30.0,8,274,13659,1,1.0
97,0.0,1.0,2.766,0.0,8.0,2,67.57285414602369,67.57285414602369,pobre,basal,0,1250.0,1054.0,0.0,72.0,16,274,13660,8,0.0
98,0.0,1.0,2.766,,,2,67.57285414602369,67.57285414602369,pobre,basal,0,1250.0,1054.0,0.0,72.0,17,274,13660,8,0.0
97,1.0,1.0,2.766,1.0,4.0,7,67.57285414602369,67.57285414602369,pobre,basal,0,0.0,743.0,0.0,45.0,10,274,13661,4,1.0
98,1.0,1.0,2.766,1.0,5.0,7,67.57285414602369,67.57285414602369,pobre,basal,0,0.0,743.0,0.0,45.0,11,274,13661,4,1.0
97,0.0,1.0,2.766,1.0,1.0,7,67.57285414602369,67.57285414602369,pobre,basal,0,0.0,743.0,0.0,45.0,8,274,13662,1,1.0
98,0.0,1.0,2.766,1.0,2.0,7,67.57285414602369,67.57285414602369,pobre,basal,0,0.0,743.0,0.0,45.0,9,274,13662,1,1.0
97,1.0,1.0,2.766,1.0,6.0,8,67.57285414602369,67.57285414602369,pobre,basal,5,1300.0,645.0,1.0,30.0,13,274,13663,6,1.0
98,1.0,1.0,2.766,1.0,7.0,8,67.57285414602369,67.57285414602369,pobre,basal,5,1300.0,645.0,1.0,30.0,14,274,13663,6,1.0
97,0.0,1.0,2.766,1.0,6.0,8,67.57285414602369,67.57285414602369,pobre,basal,5,1300.0,645.0,1.0,30.0,12,274,13664,6,1.0
98,0.0,1.0,2.766,1.0,7.0,8,67.57285414602369,67.57285414602369,pobre,basal,5,1300.0,645.0,1.0,30.0,13,274,13664,6,1.0
97,1.0,1.0,2.766,1.0,4.0,8,67.57285414602369,67.57285414602369,pobre,basal,5,1300.0,645.0,1.0,30.0,10,274,13665,4,1.0
98,1.0,1.0,2.766,1.0,5.0,8,67.57285414602369,67.57285414602369,pobre,basal,5,1300.0,645.0,1.0,30.0,11,274,13665,4,1.0
97,0.0,1.0,2.766,1.0,1.0,8,67.57285414602369,67.57285414602369,pobre,basal,5,1300.0,645.0,1.0,30.0,7,274,13666,1,1.0
98,0.0,1.0,2.766,1.0,2.0,8,67.57285414602369,67.57285414602369,pobre,basal,5,1300.0,645.0,1.0,30.0,8,274,13666,1,1.0
97,0.0,1.0,2.766,0.0,9.0,8,67.57285414602369,67.57285414602369,pobre,basal,0,0.0,755.0,1.0,61.0,16,274,13667,9,0.0
98,0.0,1.0,2.766,,,8,67.57285414602369,67.57285414602369,pobre,basal,0,0.0,755.0,1.0,61.0,17,274,13667,9,0.0
97,1.0,1.0,2.766,0.0,6.0,8,67.57285414602369,67.57285414602369,pobre,basal,3,500.0,779.20001,1.0,52.0,14,274,13668,6,0.0
98,1.0,1.0,2.766,1.0,9.0,8,67.57285414602369,67.57285414602369,pobre,basal,3,500.0,779.20001,1.0,52.0,15,274,13668,6,0.0
97,0.0,1.0,2.766,1.0,6.0,8,67.57285414602369,67.57285414602369,pobre,basal,3,500.0,779.20001,1.0,52.0,13,274,13669,6,1.0
98,0.0,1.0,2.766,1.0,6.0,8,67.57285414602369,67.57285414602369,pobre,basal,3,500.0,779.20001,1.0,52.0,14,274,13669,6,1.0
97,0.0,1.0,2.766,1.0,3.0,8,67.57285414602369,67.57285414602369,pobre,basal,3,500.0,779.20001,1.0,52.0,11,274,13670,3,1.0
98,0.0,1.0,2.766,1.0,3.0,8,67.57285414602369,67.57285414602369,pobre,basal,3,500.0,779.20001,1.0,52.0,12,274,13670,3,1.0
97,1.0,1.0,2.766,1.0,1.0,8,67.57285414602369,67.57285414602369,pobre,basal,3,500.0,779.20001,1.0,52.0,10,274,13671,1,1.0
98,1.0,1.0,2.766,1.0,3.0,8,67.57285414602369,67.57285414602369,pobre,basal,3,500.0,779.20001,1.0,52.0,11,274,13671,1,1.0
97,0.0,1.0,2.766,1.0,4.0,4,67.57285414602369,67.57285414602369,no pobre,basal,6,2400.0,778.0,1.0,42.0,10,274,13672,4,1.0
98,0.0,1.0,2.766,,,4,67.57285414602369,67.57285414602369,no pobre,basal,6,2400.0,778.0,1.0,42.0,11,274,13672,4,1.0
97,0.0,1.0,2.766,0.0,6.0,5,67.57285414602369,67.57285414602369,pobre,basal,0,0.0,578.0,1.0,34.0,13,274,13673,6,0.0
98,0.0,1.0,2.766,,,5,67.57285414602369,67.57285414602369,pobre,basal,0,0.0,578.0,1.0,34.0,14,274,13673,6,0.0
97,0.0,1.0,2.766,1.0,3.0,8,67.57285414602369,67.57285414602369,pobre,basal,1,0.0,575.0,1.0,24.0,10,274,13674,3,1.0
98,0.0,1.0,2.766,1.0,4.0,8,67.57285414602369,67.57285414602369,pobre,basal,1,0.0,575.0,1.0,24.0,11,274,13674,3,1.0
97,0.0,1.0,2.766,1.0,2.0,8,67.57285414602369,67.57285414602369,pobre,basal,1,0.0,575.0,1.0,24.0,9,274,13675,2,1.0
98,0.0,1.0,2.766,1.0,3.0,8,67.57285414602369,67.57285414602369,pobre,basal,1,0.0,575.0,1.0,24.0,10,274,13675,2,1.0
97,0.0,1.0,2.766,1.0,0.0,8,67.57285414602369,67.57285414602369,pobre,basal,1,0.0,575.0,1.0,24.0,6,274,13676,0,1.0
98,0.0,1.0,2.766,1.0,1.0,8,67.57285414602369,67.57285414602369,pobre,basal,1,0.0,575.0,1.0,24.0,7,274,13676,0,1.0
97,1.0,1.0,2.766,1.0,2.0,7,67.57285414602369,67.57285414602369,pobre,basal,3,0.0,716.25,1.0,28.0,12,274,13677,2,1.0
98,1.0,1.0,2.766,1.0,2.0,7,67.57285414602369,67.57285414602369,pobre,basal,3,0.0,716.25,1.0,28.0,13,274,13677,2,1.0
97,0.0,1.0,2.766,1.0,4.0,7,67.57285414602369,67.57285414602369,pobre,basal,3,0.0,716.25,1.0,28.0,11,274,13678,4,1.0
98,0.0,1.0,2.766,1.0,5.0,7,67.57285414602369,67.57285414602369,pobre,basal,3,0.0,716.25,1.0,28.0,12,274,13678,4,1.0
97,0.0,1.0,2.766,1.0,2.0,7,67.57285414602369,67.57285414602369,pobre,basal,3,0.0,716.25,1.0,28.0,8,274,13679,2,1.0
98,0.0,1.0,2.766,1.0,3.0,7,67.57285414602369,67.57285414602369,pobre,basal,3,0.0,716.25,1.0,28.0,9,274,13679,2,1.0
97,1.0,1.0,2.766,1.0,2.0,10,67.57285414602369,67.57285414602369,no pobre,basal,0,750.0,904.0,1.0,59.0,8,274,13680,2,1.0
98,1.0,1.0,2.766,1.0,3.0,10,67.57285414602369,67.57285414602369,no pobre,basal,0,750.0,904.0,1.0,59.0,9,274,13680,2,1.0
97,1.0,1.0,2.766,0.0,8.0,9,67.57285414602369,67.57285414602369,pobre,basal,2,1250.0,808.75,1.0,36.0,16,274,13681,8,0.0
98,1.0,1.0,2.766,,,9,67.57285414602369,67.57285414602369,pobre,basal,2,1250.0,808.75,1.0,36.0,17,274,13681,8,0.0
97,0.0,1.0,2.766,0.0,2.0,9,67.57285414602369,67.57285414602369,pobre,basal,2,1250.0,808.75,1.0,36.0,15,274,13682,2,0.0
98,0.0,1.0,2.766,0.0,2.0,9,67.57285414602369,67.57285414602369,pobre,basal,2,1250.0,808.75,1.0,36.0,16,274,13682,2,0.0
97,0.0,1.0,2.766,1.0,3.0,9,67.57285414602369,67.57285414602369,pobre,basal,2,1250.0,808.75,1.0,36.0,13,274,13683,3,1.0
98,0.0,1.0,2.766,1.0,4.0,9,67.57285414602369,67.57285414602369,pobre,basal,2,1250.0,808.75,1.0,36.0,14,274,13683,3,1.0
97,0.0,1.0,2.766,1.0,4.0,9,67.57285414602369,67.57285414602369,pobre,basal,2,1250.0,808.75,1.0,36.0,11,274,13684,4,1.0
98,0.0,1.0,2.766,1.0,4.0,9,67.57285414602369,67.57285414602369,pobre,basal,2,1250.0,808.75,1.0,36.0,12,274,13684,4,1.0
97,1.0,1.0,2.766,1.0,2.0,9,67.57285414602369,67.57285414602369,pobre,basal,2,1250.0,808.75,1.0,36.0,8,274,13685,2,1.0
98,1.0,1.0,2.766,1.0,3.0,9,67.57285414602369,67.57285414602369,pobre,basal,2,1250.0,808.75,1.0,36.0,9,274,13685,2,1.0
97,1.0,1.0,2.766,1.0,8.0,9,67.57285414602369,67.57285414602369,pobre,basal,3,1200.0,812.0,1.0,40.0,15,274,13686,8,1.0
98,1.0,1.0,2.766,,,9,67.57285414602369,67.57285414602369,pobre,basal,3,1200.0,812.0,1.0,40.0,16,274,13686,8,1.0
97,1.0,1.0,2.766,0.0,6.0,9,67.57285414602369,67.57285414602369,pobre,basal,3,1200.0,812.0,1.0,40.0,14,274,13687,6,0.0
98,1.0,1.0,2.766,,,9,67.57285414602369,67.57285414602369,pobre,basal,3,1200.0,812.0,1.0,40.0,15,274,13687,6,0.0
97,1.0,1.0,2.766,1.0,3.0,9,67.57285414602369,67.57285414602369,pobre,basal,3,1200.0,812.0,1.0,40.0,11,274,13688,3,1.0
98,1.0,1.0,2.766,,,9,67.57285414602369,67.57285414602369,pobre,basal,3,1200.0,812.0,1.0,40.0,12,274,13688,3,1.0
97,1.0,1.0,2.766,1.0,3.0,9,67.57285414602369,67.57285414602369,pobre,basal,3,1200.0,812.0,1.0,40.0,10,274,13689,3,1.0
98,1.0,1.0,2.766,,,9,67.57285414602369,67.57285414602369,pobre,basal,3,1200.0,812.0,1.0,40.0,11,274,13689,3,1.0
97,1.0,1.0,2.766,1.0,0.0,9,67.57285414602369,67.57285414602369,pobre,basal,3,1200.0,812.0,1.0,40.0,8,274,13690,0,1.0
98,1.0,1.0,2.766,,,9,67.57285414602369,67.57285414602369,pobre,basal,3,1200.0,812.0,1.0,40.0,9,274,13690,0,1.0
97,1.0,0.0,2.766,1.0,3.0,5,67.57285414602369,67.57285414602369,no pobre,basal,12,1250.0,1165.5,1.0,33.0,9,274,13691,3,1.0
98,1.0,0.0,2.766,1.0,4.0,5,67.57285414602369,67.57285414602369,no pobre,basal,12,1250.0,1165.5,1.0,33.0,10,274,13691,3,1.0
97,1.0,0.0,2.766,1.0,2.0,5,67.57285414602369,67.57285414602369,no pobre,basal,8,0.0,1027.5,1.0,29.0,7,274,13692,2,1.0
98,1.0,0.0,2.766,1.0,3.0,5,67.57285414602369,67.57285414602369,no pobre,basal,8,0.0,1027.5,1.0,29.0,8,274,13692,2,1.0
97,0.0,0.0,2.766,0.0,6.0,3,67.57285414602369,67.57285414602369,no pobre,basal,4,0.0,952.5,1.0,44.0,16,274,13693,6,0.0
98,0.0,0.0,2.766,0.0,6.0,3,67.57285414602369,67.57285414602369,no pobre,basal,4,0.0,952.5,1.0,44.0,17,274,13693,6,0.0
97,0.0,0.0,2.766,0.0,6.0,6,67.57285414602369,67.57285414602369,no pobre,basal,2,0.0,1046.0,1.0,60.0,14,274,13694,6,0.0
98,0.0,0.0,2.766,0.0,6.0,6,67.57285414602369,67.57285414602369,no pobre,basal,2,0.0,1046.0,1.0,60.0,15,274,13694,6,0.0
97,0.0,0.0,2.766,1.0,10.0,5,67.57285414602369,67.57285414602369,no pobre,basal,6,1800.0,1129.0,1.0,37.0,16,274,13695,10,1.0
98,0.0,0.0,2.766,,,5,67.57285414602369,67.57285414602369,no pobre,basal,6,1800.0,1129.0,1.0,37.0,17,274,13695,10,1.0
97,1.0,0.0,2.766,1.0,7.0,5,67.57285414602369,67.57285414602369,no pobre,basal,6,1800.0,1129.0,1.0,37.0,12,274,13696,7,1.0
98,1.0,0.0,2.766,1.0,8.0,5,67.57285414602369,67.57285414602369,no pobre,basal,6,1800.0,1129.0,1.0,37.0,13,274,13696,7,1.0
97,1.0,0.0,2.766,1.0,1.0,5,67.57285414602369,67.57285414602369,no pobre,basal,6,1800.0,1129.0,1.0,37.0,7,274,13697,1,1.0
98,1.0,0.0,2.766,1.0,2.0,5,67.57285414602369,67.57285414602369,no pobre,basal,6,1800.0,1129.0,1.0,37.0,8,274,13697,1,1.0
97,1.0,0.0,2.766,1.0,6.0,5,67.57285414602369,67.57285414602369,no pobre,basal,9,480.0,829.5,0.0,34.0,12,274,13698,6,1.0
98,1.0,0.0,2.766,1.0,7.0,5,67.57285414602369,67.57285414602369,no pobre,basal,9,480.0,829.5,0.0,34.0,13,274,13698,6,1.0
97,0.0,0.0,2.766,1.0,5.0,5,67.57285414602369,67.57285414602369,no pobre,basal,9,480.0,829.5,0.0,34.0,12,274,13699,5,1.0
98,0.0,0.0,2.766,1.0,6.0,5,67.57285414602369,67.57285414602369,no pobre,basal,9,480.0,829.5,0.0,34.0,13,274,13699,5,1.0
97,0.0,1.0,2.766,,0.0,6,67.57285414602369,67.57285414602369,pobre,basal,2,0.0,837.0,1.0,48.0,12,274,13700,0,
98,0.0,1.0,2.766,,,6,67.57285414602369,67.57285414602369,pobre,basal,2,0.0,837.0,1.0,48.0,13,274,13700,0,
97,1.0,1.0,2.766,,0.0,6,67.57285414602369,67.57285414602369,pobre,basal,2,0.0,837.0,1.0,48.0,10,274,13701,0,
98,1.0,1.0,2.766,,,6,67.57285414602369,67.57285414602369,pobre,basal,2,0.0,837.0,1.0,48.0,11,274,13701,0,
97,1.0,0.0,2.766,1.0,5.0,5,67.57285414602369,67.57285414602369,no pobre,basal,9,0.0,1140.5,1.0,33.0,11,274,13702,5,1.0
98,1.0,0.0,2.766,1.0,6.0,5,67.57285414602369,67.57285414602369,no pobre,basal,9,0.0,1140.5,1.0,33.0,12,274,13702,5,1.0
97,0.0,0.0,2.766,1.0,2.0,5,67.57285414602369,67.57285414602369,no pobre,basal,9,0.0,1140.5,1.0,33.0,8,274,13703,2,1.0
98,0.0,0.0,2.766,1.0,3.0,5,67.57285414602369,67.57285414602369,no pobre,basal,9,0.0,1140.5,1.0,33.0,9,274,13703,2,1.0
97,0.0,0.0,2.766,1.0,0.0,5,67.57285414602369,67.57285414602369,no pobre,basal,9,0.0,1140.5,1.0,33.0,6,274,13704,0,1.0
98,0.0,0.0,2.766,1.0,0.0,5,67.57285414602369,67.57285414602369,no pobre,basal,9,0.0,1140.5,1.0,33.0,7,274,13704,0,1.0
97,0.0,0.0,2.766,1.0,3.0,4,67.57285414602369,67.57285414602369,no pobre,basal,9,1300.0,959.33002,1.0,27.0,9,274,13705,3,1.0
98,0.0,0.0,2.766,1.0,4.0,4,67.57285414602369,67.57285414602369,no pobre,basal,9,1300.0,959.33002,1.0,27.0,10,274,13705,3,1.0
97,1.0,0.0,2.766,,0.0,4,67.57285414602369,67.57285414602369,no pobre,basal,9,1300.0,959.33002,1.0,27.0,6,274,13706,0,
98,1.0,0.0,2.766,1.0,1.0,4,67.57285414602369,67.57285414602369,no pobre,basal,9,1300.0,959.33002,1.0,27.0,7,274,13706,0,
97,0.0,1.0,2.766,0.0,3.0,7,67.57285414602369,67.57285414602369,pobre,basal,0,1600.0,786.79999,1.0,52.0,12,274,13707,3,0.0
98,0.0,1.0,2.766,1.0,3.0,7,67.57285414602369,67.57285414602369,pobre,basal,0,1600.0,786.79999,1.0,52.0,13,274,13707,3,0.0
97,1.0,1.0,2.766,0.0,3.0,7,67.57285414602369,67.57285414602369,pobre,basal,0,1600.0,786.79999,1.0,52.0,10,274,13708,3,0.0
98,1.0,1.0,2.766,1.0,2.0,7,67.57285414602369,67.57285414602369,pobre,basal,0,1600.0,786.79999,1.0,52.0,11,274,13708,3,0.0
97,1.0,1.0,2.766,,0.0,7,67.57285414602369,67.57285414602369,pobre,basal,0,1600.0,786.79999,1.0,52.0,6,274,13709,0,
98,1.0,1.0,2.766,,,7,67.57285414602369,67.57285414602369,pobre,basal,0,1600.0,786.79999,1.0,52.0,7,274,13709,0,
97,0.0,1.0,2.766,0.0,6.0,5,67.57285414602369,67.57285414602369,no pobre,basal,0,0.0,797.5,1.0,47.0,16,274,13710,6,0.0
98,0.0,1.0,2.766,,,5,67.57285414602369,67.57285414602369,no pobre,basal,0,0.0,797.5,1.0,47.0,17,274,13710,6,0.0
97,0.0,1.0,2.766,1.0,8.0,4,67.57285414602369,67.57285414602369,no pobre,basal,0,200.0,891.0,1.0,55.0,15,274,13711,8,1.0
98,0.0,1.0,2.766,,,4,67.57285414602369,67.57285414602369,no pobre,basal,0,200.0,891.0,1.0,55.0,16,274,13711,8,1.0
97,1.0,1.0,2.766,1.0,7.0,4,67.57285414602369,67.57285414602369,no pobre,basal,0,200.0,891.0,1.0,55.0,14,274,13712,7,1.0
98,1.0,1.0,2.766,,,4,67.57285414602369,67.57285414602369,no pobre,basal,0,200.0,891.0,1.0,55.0,15,274,13712,7,1.0
97,0.0,1.0,2.766,1.0,10.0,7,67.57285414602369,67.57285414602369,pobre,basal,0,0.0,591.0,1.0,30.0,16,274,13713,10,1.0
98,0.0,1.0,2.766,,,7,67.57285414602369,67.57285414602369,pobre,basal,0,0.0,591.0,1.0,30.0,17,274,13713,10,1.0
97,0.0,1.0,2.766,1.0,6.0,7,67.57285414602369,67.57285414602369,pobre,basal,0,0.0,591.0,1.0,30.0,12,274,13714,6,1.0
98,0.0,1.0,2.766,1.0,6.0,7,67.57285414602369,67.57285414602369,pobre,basal,0,0.0,591.0,1.0,30.0,13,274,13714,6,1.0
97,0.0,1.0,2.766,1.0,2.0,7,67.57285414602369,67.57285414602369,pobre,basal,0,0.0,591.0,1.0,30.0,7,274,13715,2,1.0
98,0.0,1.0,2.766,1.0,3.0,7,67.57285414602369,67.57285414602369,pobre,basal,0,0.0,591.0,1.0,30.0,8,274,13715,2,1.0
97,1.0,1.0,2.766,0.0,4.0,19,67.57285414602369,67.57285414602369,pobre,basal,3,0.0,552.25,1.0,23.0,15,274,13716,4,0.0
98,1.0,1.0,2.766,,,19,67.57285414602369,67.57285414602369,pobre,basal,3,0.0,552.25,1.0,23.0,16,274,13716,4,0.0
97,1.0,1.0,2.766,1.0,6.0,19,67.57285414602369,67.57285414602369,pobre,basal,3,0.0,552.25,1.0,23.0,13,274,13717,6,1.0
98,1.0,1.0,2.766,,,19,67.57285414602369,67.57285414602369,pobre,basal,3,0.0,552.25,1.0,23.0,14,274,13717,6,1.0
97,0.0,1.0,2.766,1.0,1.0,19,67.57285414602369,67.57285414602369,pobre,basal,3,0.0,552.25,1.0,23.0,7,274,13718,1,1.0
98,0.0,1.0,2.766,1.0,2.0,19,67.57285414602369,67.57285414602369,pobre,basal,3,0.0,552.25,1.0,23.0,8,274,13718,1,1.0
97,0.0,1.0,2.766,1.0,1.0,19,67.57285414602369,67.57285414602369,pobre,basal,3,0.0,552.25,1.0,23.0,9,274,13719,1,1.0
98,0.0,1.0,2.766,,,19,67.57285414602369,67.57285414602369,pobre,basal,3,0.0,552.25,1.0,23.0,10,274,13719,1,1.0
97,1.0,1.0,2.766,1.0,6.0,19,67.57285414602369,67.57285414602369,pobre,basal,3,0.0,552.25,1.0,23.0,12,274,13720,6,1.0
98,1.0,1.0,2.766,1.0,7.0,19,67.57285414602369,67.57285414602369,pobre,basal,3,0.0,552.25,1.0,23.0,13,274,13720,6,1.0
97,1.0,1.0,2.766,1.0,2.0,19,67.57285414602369,67.57285414602369,pobre,basal,3,0.0,552.25,1.0,23.0,10,274,13721,2,1.0
98,1.0,1.0,2.766,,,19,67.57285414602369,67.57285414602369,pobre,basal,3,0.0,552.25,1.0,23.0,11,274,13721,2,1.0
97,1.0,0.0,2.766,,0.0,19,67.57285414602369,67.57285414602369,pobre,basal,3,0.0,552.25,1.0,23.0,7,274,13722,0,
98,1.0,0.0,2.766,,,19,67.57285414602369,67.57285414602369,pobre,basal,3,0.0,552.25,1.0,23.0,8,274,13722,0,
97,0.0,1.0,2.766,,0.0,8,67.57285414602369,67.57285414602369,pobre,basal,0,0.0,638.0,1.0,67.0,14,274,13723,0,
98,0.0,1.0,2.766,0.0,1.0,8,67.57285414602369,67.57285414602369,pobre,basal,0,0.0,638.0,1.0,67.0,15,274,13723,0,
97,0.0,1.0,2.766,,0.0,8,67.57285414602369,67.57285414602369,pobre,basal,0,0.0,638.0,1.0,67.0,13,274,13724,0,
98,0.0,1.0,2.766,,,8,67.57285414602369,67.57285414602369,pobre,basal,0,0.0,638.0,1.0,67.0,14,274,13724,0,
97,1.0,1.0,2.766,1.0,5.0,8,67.57285414602369,67.57285414602369,pobre,basal,0,0.0,638.0,1.0,67.0,12,274,13725,5,1.0
98,1.0,1.0,2.766,0.0,6.0,8,67.57285414602369,67.57285414602369,pobre,basal,0,0.0,638.0,1.0,67.0,13,274,13725,5,1.0
97,1.0,1.0,2.766,,0.0,8,67.57285414602369,67.57285414602369,pobre,basal,0,0.0,638.0,1.0,67.0,8,274,13726,0,
98,1.0,1.0,2.766,,,8,67.57285414602369,67.57285414602369,pobre,basal,0,0.0,638.0,1.0,67.0,9,274,13726,0,
97,1.0,0.0,2.766,1.0,5.0,4,67.57285414602369,67.57285414602369,pobre,basal,0,1000.0,830.0,1.0,44.0,11,274,13727,5,1.0
98,1.0,0.0,2.766,1.0,6.0,4,67.57285414602369,67.57285414602369,pobre,basal,0,1000.0,830.0,1.0,44.0,12,274,13727,5,1.0
97,0.0,1.0,2.766,,0.0,7,67.57285414602369,67.57285414602369,no pobre,basal,0,0.0,806.0,1.0,85.0,7,274,13728,0,
98,0.0,1.0,2.766,1.0,0.0,7,67.57285414602369,67.57285414602369,no pobre,basal,0,0.0,806.0,1.0,85.0,8,274,13728,0,
97,1.0,1.0,2.766,0.0,4.0,7,67.57285414602369,67.57285414602369,pobre,basal,0,0.0,598.0,0.0,76.0,14,274,13729,4,0.0
98,1.0,1.0,2.766,0.0,4.0,7,67.57285414602369,67.57285414602369,pobre,basal,0,0.0,598.0,0.0,76.0,15,274,13729,4,0.0
97,1.0,1.0,2.766,1.0,6.0,7,67.57285414602369,67.57285414602369,pobre,basal,0,0.0,598.0,0.0,76.0,12,274,13730,6,1.0
98,1.0,1.0,2.766,1.0,7.0,7,67.57285414602369,67.57285414602369,pobre,basal,0,0.0,598.0,0.0,76.0,13,274,13730,6,1.0
97,1.0,1.0,2.766,1.0,3.0,7,67.57285414602369,67.57285414602369,pobre,basal,0,0.0,598.0,0.0,76.0,9,274,13731,3,1.0
98,1.0,1.0,2.766,1.0,4.0,7,67.57285414602369,67.57285414602369,pobre,basal,0,0.0,598.0,0.0,76.0,10,274,13731,3,1.0
97,0.0,1.0,2.766,1.0,0.0,7,67.57285414602369,67.57285414602369,pobre,basal,0,0.0,598.0,0.0,76.0,7,274,13732,0,1.0
98,0.0,1.0,2.766,1.0,3.0,7,67.57285414602369,67.57285414602369,pobre,basal,0,0.0,598.0,0.0,76.0,8,274,13732,0,1.0
97,0.0,1.0,2.766,0.0,3.0,6,67.57285414602369,67.57285414602369,pobre,basal,0,750.0,832.40002,1.0,54.0,15,274,13733,3,0.0
98,0.0,1.0,2.766,0.0,3.0,6,67.57285414602369,67.57285414602369,pobre,basal,0,750.0,832.40002,1.0,54.0,16,274,13733,3,0.0
97,1.0,0.0,2.766,0.0,9.0,5,67.57285414602369,67.57285414602369,no pobre,basal,9,0.0,1294.0,1.0,42.0,16,274,13734,9,0.0
98,1.0,0.0,2.766,,,5,67.57285414602369,67.57285414602369,no pobre,basal,9,0.0,1294.0,1.0,42.0,17,274,13734,9,0.0
97,0.0,0.0,2.766,1.0,6.0,5,67.57285414602369,67.57285414602369,no pobre,basal,9,0.0,1294.0,1.0,42.0,11,274,13735,6,1.0
98,0.0,0.0,2.766,1.0,7.0,5,67.57285414602369,67.57285414602369,no pobre,basal,9,0.0,1294.0,1.0,42.0,12,274,13735,6,1.0
97,1.0,1.0,2.766,1.0,3.0,11,67.57285414602369,67.57285414602369,pobre,basal,6,0.0,632.40002,1.0,24.0,13,274,13736,3,1.0
98,1.0,1.0,2.766,,,11,67.57285414602369,67.57285414602369,pobre,basal,6,0.0,632.40002,1.0,24.0,14,274,13736,3,1.0
97,0.0,1.0,2.766,1.0,2.0,11,67.57285414602369,67.57285414602369,pobre,basal,6,0.0,632.40002,1.0,24.0,9,274,13737,2,1.0
98,0.0,1.0,2.766,,,11,67.57285414602369,67.57285414602369,pobre,basal,6,0.0,632.40002,1.0,24.0,10,274,13737,2,1.0
97,1.0,1.0,2.766,,0.0,11,67.57285414602369,67.57285414602369,pobre,basal,6,0.0,632.40002,1.0,24.0,7,274,13738,0,
98,1.0,1.0,2.766,1.0,0.0,11,67.57285414602369,67.57285414602369,pobre,basal,6,0.0,632.40002,1.0,24.0,8,274,13738,0,
97,1.0,1.0,2.766,1.0,2.0,11,67.57285414602369,67.57285414602369,pobre,basal,6,0.0,632.40002,1.0,24.0,11,274,13739,2,1.0
98,1.0,1.0,2.766,1.0,1.0,11,67.57285414602369,67.57285414602369,pobre,basal,6,0.0,632.40002,1.0,24.0,12,274,13739,2,1.0
97,1.0,0.0,2.766,1.0,8.0,5,67.57285414602369,67.57285414602369,no pobre,basal,6,0.0,838.5,1.0,39.0,15,274,13740,8,1.0
98,1.0,0.0,2.766,0.0,8.0,5,67.57285414602369,67.57285414602369,no pobre,basal,6,0.0,838.5,1.0,39.0,16,274,13740,8,1.0
97,0.0,0.0,2.766,1.0,3.0,5,67.57285414602369,67.57285414602369,no pobre,basal,6,0.0,838.5,1.0,39.0,8,274,13741,3,1.0
98,0.0,0.0,2.766,1.0,4.0,5,67.57285414602369,67.57285414602369,no pobre,basal,6,0.0,838.5,1.0,39.0,9,274,13741,3,1.0
97,1.0,0.0,2.766,1.0,6.0,7,67.57285414602369,67.57285414602369,pobre,basal,3,400.0,662.0,0.0,33.0,12,274,13742,6,1.0
98,1.0,0.0,2.766,1.0,7.0,7,67.57285414602369,67.57285414602369,pobre,basal,3,400.0,662.0,0.0,33.0,13,274,13742,6,1.0
97,1.0,0.0,2.766,1.0,5.0,7,67.57285414602369,67.57285414602369,pobre,basal,3,400.0,662.0,0.0,33.0,11,274,13743,5,1.0
98,1.0,0.0,2.766,1.0,6.0,7,67.57285414602369,67.57285414602369,pobre,basal,3,400.0,662.0,0.0,33.0,12,274,13743,5,1.0
97,0.0,0.0,2.766,1.0,2.0,7,67.57285414602369,67.57285414602369,pobre,basal,3,400.0,662.0,0.0,33.0,8,274,13744,2,1.0
98,0.0,0.0,2.766,1.0,3.0,7,67.57285414602369,67.57285414602369,pobre,basal,3,400.0,662.0,0.0,33.0,9,274,13744,2,1.0
97,1.0,0.0,2.766,1.0,0.0,7,67.57285414602369,67.57285414602369,pobre,basal,3,400.0,662.0,0.0,33.0,6,274,13745,0,1.0
98,1.0,0.0,2.766,1.0,1.0,7,67.57285414602369,67.57285414602369,pobre,basal,3,400.0,662.0,0.0,33.0,7,274,13745,0,1.0
97,1.0,0.0,2.766,1.0,3.0,4,67.57285414602369,67.57285414602369,no pobre,basal,9,0.0,1149.0,1.0,29.0,9,274,13746,3,1.0
98,1.0,0.0,2.766,1.0,4.0,4,67.57285414602369,67.57285414602369,no pobre,basal,9,0.0,1149.0,1.0,29.0,10,274,13746,3,1.0
97,1.0,1.0,2.766,1.0,7.0,5,67.57285414602369,67.57285414602369,pobre,basal,0,625.0,826.0,0.0,58.0,13,274,13747,7,1.0
98,1.0,1.0,2.766,1.0,8.0,5,67.57285414602369,67.57285414602369,pobre,basal,0,625.0,826.0,0.0,58.0,14,274,13747,7,1.0
97,0.0,1.0,2.766,1.0,4.0,5,67.57285414602369,67.57285414602369,pobre,basal,0,625.0,826.0,0.0,58.0,10,274,13748,4,1.0
98,0.0,1.0,2.766,1.0,5.0,5,67.57285414602369,67.57285414602369,pobre,basal,0,625.0,826.0,0.0,58.0,11,274,13748,4,1.0
97,0.0,1.0,2.766,1.0,1.0,5,67.57285414602369,67.57285414602369,pobre,basal,0,625.0,826.0,0.0,58.0,8,274,13749,1,1.0
98,0.0,1.0,2.766,1.0,2.0,5,67.57285414602369,67.57285414602369,pobre,basal,0,625.0,826.0,0.0,58.0,9,274,13749,1,1.0
97,0.0,1.0,2.766,1.0,0.0,13,67.57285414602369,67.57285414602369,pobre,basal,2,1600.0,828.75,1.0,50.0,6,274,13750,0,1.0
98,0.0,1.0,2.766,1.0,1.0,13,67.57285414602369,67.57285414602369,pobre,basal,2,1600.0,828.75,1.0,50.0,7,274,13750,0,1.0
97,0.0,1.0,2.766,1.0,1.0,13,67.57285414602369,67.57285414602369,pobre,basal,2,1600.0,828.75,1.0,50.0,6,274,13751,1,1.0
98,0.0,1.0,2.766,,,13,67.57285414602369,67.57285414602369,pobre,basal,2,1600.0,828.75,1.0,50.0,7,274,13751,1,1.0
97,0.0,1.0,2.766,1.0,3.0,6,67.57285414602369,67.57285414602369,no pobre,basal,0,0.0,896.0,0.0,67.0,8,274,13752,3,1.0
98,0.0,1.0,2.766,1.0,2.0,6,67.57285414602369,67.57285414602369,no pobre,basal,0,0.0,896.0,0.0,67.0,9,274,13752,3,1.0
97,1.0,1.0,2.766,0.0,6.0,8,67.57285414602369,67.57285414602369,no pobre,basal,0,0.0,910.20001,1.0,52.0,14,274,13753,6,0.0
98,1.0,1.0,2.766,0.0,7.0,8,67.57285414602369,67.57285414602369,no pobre,basal,0,0.0,910.20001,1.0,52.0,15,274,13753,6,0.0
97,0.0,1.0,2.766,1.0,6.0,8,67.57285414602369,67.57285414602369,no pobre,basal,0,0.0,910.20001,1.0,52.0,12,274,13754,6,1.0
98,0.0,1.0,2.766,0.0,6.0,8,67.57285414602369,67.57285414602369,no pobre,basal,0,0.0,910.20001,1.0,52.0,13,274,13754,6,1.0
97,1.0,1.0,2.766,1.0,4.0,8,67.57285414602369,67.57285414602369,no pobre,basal,0,0.0,910.20001,1.0,52.0,9,274,13755,4,1.0
98,1.0,1.0,2.766,,,8,67.57285414602369,67.57285414602369,no pobre,basal,0,0.0,910.20001,1.0,52.0,10,274,13755,4,1.0
97,1.0,1.0,2.766,1.0,1.0,8,67.57285414602369,67.57285414602369,no pobre,basal,0,0.0,910.20001,1.0,52.0,7,274,13756,1,1.0
98,1.0,1.0,2.766,,,8,67.57285414602369,67.57285414602369,no pobre,basal,0,0.0,910.20001,1.0,52.0,8,274,13756,1,1.0
97,0.0,1.0,2.766,,0.0,9,67.57285414602369,67.57285414602369,pobre,basal,0,0.0,819.57001,0.0,71.0,16,274,13757,0,
98,0.0,1.0,2.766,,,9,67.57285414602369,67.57285414602369,pobre,basal,0,0.0,819.57001,0.0,71.0,17,274,13757,0,
97,0.0,1.0,2.766,,0.0,9,67.57285414602369,67.57285414602369,pobre,basal,0,0.0,819.57001,0.0,71.0,11,274,13758,0,
98,0.0,1.0,2.766,,,9,67.57285414602369,67.57285414602369,pobre,basal,0,0.0,819.57001,0.0,71.0,12,274,13758,0,
97,0.0,1.0,2.766,0.0,4.0,5,67.57285414602369,67.57285414602369,no pobre,basal,0,0.0,885.75,1.0,73.0,16,274,13759,4,0.0
98,0.0,1.0,2.766,,,5,67.57285414602369,67.57285414602369,no pobre,basal,0,0.0,885.75,1.0,73.0,17,274,13759,4,0.0
97,0.0,1.0,2.766,0.0,3.0,4,67.57285414602369,67.57285414602369,no pobre,basal,4,800.0,947.0,1.0,55.0,15,274,13760,3,0.0
98,0.0,1.0,2.766,0.0,4.0,4,67.57285414602369,67.57285414602369,no pobre,basal,4,800.0,947.0,1.0,55.0,16,274,13760,3,0.0
97,0.0,1.0,2.766,1.0,4.0,8,67.57285414602369,67.57285414602369,no pobre,basal,0,750.0,817.0,0.0,72.0,11,274,13761,4,1.0
98,0.0,1.0,2.766,,,8,67.57285414602369,67.57285414602369,no pobre,basal,0,750.0,817.0,0.0,72.0,12,274,13761,4,1.0
97,0.0,1.0,2.766,0.0,6.0,8,67.57285414602369,67.57285414602369,no pobre,basal,0,750.0,817.0,0.0,72.0,14,274,13762,6,0.0
98,0.0,1.0,2.766,,,8,67.57285414602369,67.57285414602369,no pobre,basal,0,750.0,817.0,0.0,72.0,15,274,13762,6,0.0
97,0.0,1.0,2.766,1.0,5.0,6,67.57285414602369,67.57285414602369,pobre,basal,0,120.0,767.0,1.0,71.0,13,274,13763,5,1.0
98,0.0,1.0,2.766,0.0,6.0,6,67.57285414602369,67.57285414602369,pobre,basal,0,120.0,767.0,1.0,71.0,14,274,13763,5,1.0
97,1.0,1.0,2.766,1.0,1.0,6,67.57285414602369,67.57285414602369,pobre,basal,0,120.0,767.0,1.0,71.0,7,274,13764,1,1.0
98,1.0,1.0,2.766,1.0,2.0,6,67.57285414602369,67.57285414602369,pobre,basal,0,120.0,767.0,1.0,71.0,8,274,13764,1,1.0
97,0.0,1.0,2.766,1.0,4.0,6,67.57285414602369,67.57285414602369,pobre,basal,0,120.0,767.0,1.0,71.0,10,274,13765,4,1.0
98,0.0,1.0,2.766,1.0,5.0,6,67.57285414602369,67.57285414602369,pobre,basal,0,120.0,767.0,1.0,71.0,11,274,13765,4,1.0
97,0.0,1.0,2.766,1.0,3.0,5,67.57285414602369,67.57285414602369,pobre,basal,0,0.0,677.33002,1.0,46.0,10,274,13766,3,1.0
98,0.0,1.0,2.766,1.0,4.0,5,67.57285414602369,67.57285414602369,pobre,basal,0,0.0,677.33002,1.0,46.0,11,274,13766,3,1.0
97,0.0,1.0,2.766,1.0,0.0,5,67.57285414602369,67.57285414602369,pobre,basal,0,0.0,677.33002,1.0,46.0,7,274,13767,0,1.0
98,0.0,1.0,2.766,1.0,1.0,5,67.57285414602369,67.57285414602369,pobre,basal,0,0.0,677.33002,1.0,46.0,8,274,13767,0,1.0
97,0.0,1.0,2.766,1.0,1.0,12,67.57285414602369,67.57285414602369,pobre,basal,0,0.0,705.0,1.0,45.0,7,274,13768,1,1.0
98,0.0,1.0,2.766,1.0,2.0,12,67.57285414602369,67.57285414602369,pobre,basal,0,0.0,705.0,1.0,45.0,8,274,13768,1,1.0
97,0.0,1.0,2.766,1.0,6.0,6,67.57285414602369,67.57285414602369,pobre,basal,6,1500.0,567.0,1.0,37.0,14,274,13769,6,1.0
98,0.0,1.0,2.766,1.0,7.0,6,67.57285414602369,67.57285414602369,pobre,basal,6,1500.0,567.0,1.0,37.0,15,274,13769,6,1.0
97,0.0,1.0,2.766,1.0,3.0,6,67.57285414602369,67.57285414602369,pobre,basal,6,1500.0,567.0,1.0,37.0,12,274,13770,3,1.0
98,0.0,1.0,2.766,1.0,4.0,6,67.57285414602369,67.57285414602369,pobre,basal,6,1500.0,567.0,1.0,37.0,13,274,13770,3,1.0
97,0.0,1.0,2.766,1.0,3.0,6,67.57285414602369,67.57285414602369,pobre,basal,6,1500.0,567.0,1.0,37.0,10,274,13771,3,1.0
98,0.0,1.0,2.766,1.0,4.0,6,67.57285414602369,67.57285414602369,pobre,basal,6,1500.0,567.0,1.0,37.0,11,274,13771,3,1.0
97,1.0,0.0,2.766,1.0,1.0,6,67.57285414602369,67.57285414602369,pobre,basal,6,1500.0,567.0,1.0,37.0,6,274,13772,1,1.0
98,1.0,0.0,2.766,1.0,2.0,6,67.57285414602369,67.57285414602369,pobre,basal,6,1500.0,567.0,1.0,37.0,7,274,13772,1,1.0
97,1.0,1.0,2.766,1.0,3.0,7,67.57285414602369,67.57285414602369,pobre,basal,2,0.0,754.5,1.0,27.0,11,274,13773,3,1.0
98,1.0,1.0,2.766,1.0,4.0,7,67.57285414602369,67.57285414602369,pobre,basal,2,0.0,754.5,1.0,27.0,12,274,13773,3,1.0
97,0.0,1.0,2.766,1.0,2.0,7,67.57285414602369,67.57285414602369,pobre,basal,2,0.0,754.5,1.0,27.0,9,274,13774,2,1.0
98,0.0,1.0,2.766,,,7,67.57285414602369,67.57285414602369,pobre,basal,2,0.0,754.5,1.0,27.0,10,274,13774,2,1.0
97,1.0,1.0,2.766,1.0,1.0,7,67.57285414602369,67.57285414602369,pobre,basal,2,0.0,754.5,1.0,27.0,7,274,13775,1,1.0
98,1.0,1.0,2.766,1.0,3.0,7,67.57285414602369,67.57285414602369,pobre,basal,2,0.0,754.5,1.0,27.0,8,274,13775,1,1.0
97,1.0,1.0,2.766,0.0,6.0,4,67.57285414602369,67.57285414602369,pobre,basal,0,0.0,822.0,0.0,77.0,12,274,13776,6,0.0
98,1.0,1.0,2.766,1.0,6.0,4,67.57285414602369,67.57285414602369,pobre,basal,0,0.0,822.0,0.0,77.0,13,274,13776,6,0.0
97,1.0,1.0,2.766,1.0,3.0,4,67.57285414602369,67.57285414602369,pobre,basal,0,0.0,822.0,0.0,77.0,8,274,13777,3,1.0
98,1.0,1.0,2.766,1.0,4.0,4,67.57285414602369,67.57285414602369,pobre,basal,0,0.0,822.0,0.0,77.0,9,274,13777,3,1.0
97,0.0,1.0,2.766,1.0,1.0,4,67.57285414602369,67.57285414602369,pobre,basal,0,0.0,822.0,0.0,77.0,8,274,13778,1,1.0
98,0.0,1.0,2.766,1.0,2.0,4,67.57285414602369,67.57285414602369,pobre,basal,0,0.0,822.0,0.0,77.0,9,274,13778,1,1.0
97,0.0,1.0,2.766,0.0,3.0,7,67.57285414602369,67.57285414602369,pobre,basal,0,2500.0,621.25,1.0,54.0,15,274,13779,3,0.0
98,0.0,1.0,2.766,,,7,67.57285414602369,67.57285414602369,pobre,basal,0,2500.0,621.25,1.0,54.0,16,274,13779,3,0.0
97,0.0,1.0,2.766,0.0,3.0,7,67.57285414602369,67.57285414602369,pobre,basal,0,2500.0,621.25,1.0,54.0,14,274,13780,3,0.0
98,0.0,1.0,2.766,,,7,67.57285414602369,67.57285414602369,pobre,basal,0,2500.0,621.25,1.0,54.0,15,274,13780,3,0.0
97,1.0,1.0,2.766,,0.0,7,67.57285414602369,67.57285414602369,pobre,basal,0,2500.0,621.25,1.0,54.0,13,274,13781,0,
98,1.0,1.0,2.766,,,7,67.57285414602369,67.57285414602369,pobre,basal,0,2500.0,621.25,1.0,54.0,14,274,13781,0,
97,0.0,1.0,2.766,,0.0,7,67.57285414602369,67.57285414602369,pobre,basal,0,2500.0,621.25,1.0,54.0,11,274,13782,0,
98,0.0,1.0,2.766,,,7,67.57285414602369,67.57285414602369,pobre,basal,0,2500.0,621.25,1.0,54.0,12,274,13782,0,
97,0.0,1.0,2.766,0.0,2.0,7,67.57285414602369,67.57285414602369,pobre,basal,0,2500.0,621.25,1.0,54.0,9,274,13783,2,0.0
98,0.0,1.0,2.766,,,7,67.57285414602369,67.57285414602369,pobre,basal,0,2500.0,621.25,1.0,54.0,10,274,13783,2,0.0
97,1.0,0.0,2.766,1.0,8.0,5,67.57285414602369,67.57285414602369,no pobre,basal,3,1600.0,802.75,1.0,48.0,15,274,13784,8,1.0
98,1.0,0.0,2.766,1.0,9.0,5,67.57285414602369,67.57285414602369,no pobre,basal,3,1600.0,802.75,1.0,48.0,16,274,13784,8,1.0
97,0.0,0.0,2.766,1.0,5.0,5,67.57285414602369,67.57285414602369,no pobre,basal,3,1600.0,802.75,1.0,48.0,11,274,13785,5,1.0
98,0.0,0.0,2.766,1.0,6.0,5,67.57285414602369,67.57285414602369,no pobre,basal,3,1600.0,802.75,1.0,48.0,12,274,13785,5,1.0
97,0.0,0.0,2.766,1.0,2.0,5,67.57285414602369,67.57285414602369,no pobre,basal,3,1600.0,802.75,1.0,48.0,9,274,13786,2,1.0
98,0.0,0.0,2.766,1.0,3.0,5,67.57285414602369,67.57285414602369,no pobre,basal,3,1600.0,802.75,1.0,48.0,10,274,13786,2,1.0
97,0.0,1.0,2.766,1.0,1.0,9,67.57285414602369,67.57285414602369,pobre,basal,4,500.0,676.33002,1.0,28.0,7,274,13787,1,1.0
98,0.0,1.0,2.766,1.0,2.0,9,67.57285414602369,67.57285414602369,pobre,basal,4,500.0,676.33002,1.0,28.0,8,274,13787,1,1.0
97,0.0,1.0,2.766,1.0,3.0,9,67.57285414602369,67.57285414602369,pobre,basal,4,500.0,676.33002,1.0,28.0,11,274,13788,3,1.0
98,0.0,1.0,2.766,1.0,4.0,9,67.57285414602369,67.57285414602369,pobre,basal,4,500.0,676.33002,1.0,28.0,12,274,13788,3,1.0
97,1.0,1.0,2.766,1.0,2.0,9,67.57285414602369,67.57285414602369,pobre,basal,4,500.0,676.33002,1.0,28.0,8,274,13789,2,1.0
98,1.0,1.0,2.766,1.0,3.0,9,67.57285414602369,67.57285414602369,pobre,basal,4,500.0,676.33002,1.0,28.0,9,274,13789,2,1.0
97,0.0,1.0,2.766,1.0,0.0,9,67.57285414602369,67.57285414602369,pobre,basal,4,500.0,676.33002,1.0,28.0,6,274,13790,0,1.0
98,0.0,1.0,2.766,1.0,1.0,9,67.57285414602369,67.57285414602369,pobre,basal,4,500.0,676.33002,1.0,28.0,7,274,13790,0,1.0
97,0.0,0.0,2.766,1.0,9.0,12,67.57285414602369,67.57285414602369,pobre,basal,0,1320.0,689.0,1.0,44.0,15,274,13791,9,1.0
98,0.0,0.0,2.766,,,12,67.57285414602369,67.57285414602369,pobre,basal,0,1320.0,689.0,1.0,44.0,16,274,13791,9,1.0
97,0.0,0.0,2.766,1.0,8.0,12,67.57285414602369,67.57285414602369,pobre,basal,0,1320.0,689.0,1.0,44.0,13,274,13792,8,1.0
98,0.0,0.0,2.766,,,12,67.57285414602369,67.57285414602369,pobre,basal,0,1320.0,689.0,1.0,44.0,14,274,13792,8,1.0
97,1.0,0.0,2.766,1.0,5.0,12,67.57285414602369,67.57285414602369,pobre,basal,0,1320.0,689.0,1.0,44.0,11,274,13793,5,1.0
98,1.0,0.0,2.766,1.0,6.0,12,67.57285414602369,67.57285414602369,pobre,basal,0,1320.0,689.0,1.0,44.0,12,274,13793,5,1.0
97,1.0,0.0,2.766,1.0,4.0,12,67.57285414602369,67.57285414602369,pobre,basal,0,1320.0,689.0,1.0,44.0,10,274,13794,4,1.0
98,1.0,0.0,2.766,1.0,5.0,12,67.57285414602369,67.57285414602369,pobre,basal,0,1320.0,689.0,1.0,44.0,11,274,13794,4,1.0
97,0.0,0.0,2.766,1.0,1.0,12,67.57285414602369,67.57285414602369,pobre,basal,0,1320.0,689.0,1.0,44.0,6,274,13795,1,1.0
98,0.0,0.0,2.766,1.0,2.0,12,67.57285414602369,67.57285414602369,pobre,basal,0,1320.0,689.0,1.0,44.0,7,274,13795,1,1.0
97,0.0,1.0,2.766,1.0,5.0,7,67.57285414602369,67.57285414602369,pobre,basal,9,0.0,778.0,1.0,33.0,11,274,13796,5,1.0
98,0.0,1.0,2.766,1.0,6.0,7,67.57285414602369,67.57285414602369,pobre,basal,9,0.0,778.0,1.0,33.0,12,274,13796,5,1.0
97,1.0,1.0,2.766,1.0,3.0,7,67.57285414602369,67.57285414602369,pobre,basal,9,0.0,778.0,1.0,33.0,9,274,13797,3,1.0
98,1.0,1.0,2.766,1.0,4.0,7,67.57285414602369,67.57285414602369,pobre,basal,9,0.0,778.0,1.0,33.0,10,274,13797,3,1.0
97,0.0,1.0,2.766,1.0,2.0,7,67.57285414602369,67.57285414602369,pobre,basal,9,0.0,778.0,1.0,33.0,8,274,13798,2,1.0
98,0.0,1.0,2.766,1.0,3.0,7,67.57285414602369,67.57285414602369,pobre,basal,9,0.0,778.0,1.0,33.0,9,274,13798,2,1.0
97,0.0,1.0,2.766,0.0,4.0,4,67.57285414602369,67.57285414602369,no pobre,basal,0,0.0,844.0,1.0,54.0,14,274,13799,4,0.0
98,0.0,1.0,2.766,,,4,67.57285414602369,67.57285414602369,no pobre,basal,0,0.0,844.0,1.0,54.0,15,274,13799,4,0.0
97,1.0,0.0,2.766,1.0,1.0,5,67.57285414602369,67.57285414602369,no pobre,basal,12,1400.0,981.0,1.0,30.0,7,274,13800,1,1.0
98,1.0,0.0,2.766,1.0,2.0,5,67.57285414602369,67.57285414602369,no pobre,basal,12,1400.0,981.0,1.0,30.0,8,274,13800,1,1.0
97,0.0,0.0,2.766,1.0,1.0,5,67.57285414602369,67.57285414602369,no pobre,basal,12,1400.0,981.0,1.0,30.0,6,274,13801,1,1.0
98,0.0,0.0,2.766,1.0,1.0,5,67.57285414602369,67.57285414602369,no pobre,basal,12,1400.0,981.0,1.0,30.0,7,274,13801,1,1.0
97,0.0,0.0,2.766,1.0,8.0,6,67.57285414602369,67.57285414602369,no pobre,basal,4,10.0,973.0,0.0,43.0,15,274,13802,8,1.0
98,0.0,0.0,2.766,1.0,9.0,6,67.57285414602369,67.57285414602369,no pobre,basal,4,10.0,973.0,0.0,43.0,16,274,13802,8,1.0
97,0.0,1.0,2.766,1.0,2.0,6,67.57285414602369,67.57285414602369,pobre,basal,12,2200.0,719.33002,1.0,29.0,11,274,13803,2,1.0
98,0.0,1.0,2.766,1.0,3.0,6,67.57285414602369,67.57285414602369,pobre,basal,12,2200.0,719.33002,1.0,29.0,12,274,13803,2,1.0
97,1.0,1.0,2.766,1.0,2.0,6,67.57285414602369,67.57285414602369,pobre,basal,12,2200.0,719.33002,1.0,29.0,8,274,13804,2,1.0
98,1.0,1.0,2.766,1.0,3.0,6,67.57285414602369,67.57285414602369,pobre,basal,12,2200.0,719.33002,1.0,29.0,9,274,13804,2,1.0
97,1.0,1.0,2.766,1.0,0.0,6,67.57285414602369,67.57285414602369,pobre,basal,12,2200.0,719.33002,1.0,29.0,7,274,13805,0,1.0
98,1.0,1.0,2.766,1.0,1.0,6,67.57285414602369,67.57285414602369,pobre,basal,12,2200.0,719.33002,1.0,29.0,8,274,13805,0,1.0
97,1.0,0.0,2.766,1.0,8.0,5,67.57285414602369,67.57285414602369,no pobre,basal,9,0.0,1115.5,1.0,56.0,14,274,13806,8,1.0
98,1.0,0.0,2.766,1.0,9.0,5,67.57285414602369,67.57285414602369,no pobre,basal,9,0.0,1115.5,1.0,56.0,15,274,13806,8,1.0
97,0.0,0.0,2.766,1.0,5.0,5,67.57285414602369,67.57285414602369,no pobre,basal,9,0.0,1115.5,1.0,56.0,11,274,13807,5,1.0
98,0.0,0.0,2.766,1.0,6.0,5,67.57285414602369,67.57285414602369,no pobre,basal,9,0.0,1115.5,1.0,56.0,12,274,13807,5,1.0
97,1.0,1.0,2.766,1.0,3.0,3,67.57285414602369,67.57285414602369,pobre,basal,0,0.0,781.5,0.0,87.0,9,274,13808,3,1.0
98,1.0,1.0,2.766,,,3,67.57285414602369,67.57285414602369,pobre,basal,0,0.0,781.5,0.0,87.0,10,274,13808,3,1.0
97,1.0,0.0,2.766,1.0,1.0,4,67.57285414602369,67.57285414602369,no pobre,basal,10,2000.0,1202.0,1.0,35.0,7,274,13809,1,1.0
98,1.0,0.0,2.766,1.0,2.0,4,67.57285414602369,67.57285414602369,no pobre,basal,10,2000.0,1202.0,1.0,35.0,8,274,13809,1,1.0
97,0.0,1.0,2.766,,0.0,3,67.57285414602369,67.57285414602369,pobre,basal,0,500.0,711.83002,0.0,74.0,14,274,13810,0,
98,0.0,1.0,2.766,0.0,6.0,3,67.57285414602369,67.57285414602369,pobre,basal,0,500.0,711.83002,0.0,74.0,15,274,13810,0,
97,1.0,0.0,2.766,1.0,2.0,8,67.57285414602369,67.57285414602369,no pobre,basal,2,3750.0,1081.0,1.0,40.0,8,274,13811,2,1.0
98,1.0,0.0,2.766,1.0,4.0,8,67.57285414602369,67.57285414602369,no pobre,basal,2,3750.0,1081.0,1.0,40.0,9,274,13811,2,1.0
97,0.0,1.0,2.766,,0.0,6,67.57285414602369,67.57285414602369,pobre,basal,0,0.0,764.5,1.0,44.0,8,274,13812,0,
98,0.0,1.0,2.766,1.0,2.0,6,67.57285414602369,67.57285414602369,pobre,basal,0,0.0,764.5,1.0,44.0,9,274,13812,0,
97,0.0,1.0,2.766,,0.0,6,67.57285414602369,67.57285414602369,pobre,basal,0,0.0,764.5,1.0,44.0,6,274,13813,0,
98,0.0,1.0,2.766,1.0,1.0,6,67.57285414602369,67.57285414602369,pobre,basal,0,0.0,764.5,1.0,44.0,7,274,13813,0,
97,1.0,1.0,2.766,1.0,5.0,5,67.57285414602369,67.57285414602369,pobre,basal,0,0.0,694.5,1.0,46.0,15,274,13814,5,1.0
98,1.0,1.0,2.766,0.0,6.0,5,67.57285414602369,67.57285414602369,pobre,basal,0,0.0,694.5,1.0,46.0,16,274,13814,5,1.0
97,0.0,1.0,2.766,1.0,6.0,5,67.57285414602369,67.57285414602369,pobre,basal,0,0.0,694.5,1.0,46.0,13,274,13815,6,1.0
98,0.0,1.0,2.766,1.0,7.0,5,67.57285414602369,67.57285414602369,pobre,basal,0,0.0,694.5,1.0,46.0,14,274,13815,6,1.0
97,1.0,1.0,2.766,1.0,4.0,5,67.57285414602369,67.57285414602369,pobre,basal,0,0.0,694.5,1.0,46.0,10,274,13816,4,1.0
98,1.0,1.0,2.766,1.0,5.0,5,67.57285414602369,67.57285414602369,pobre,basal,0,0.0,694.5,1.0,46.0,11,274,13816,4,1.0
97,1.0,1.0,2.766,1.0,8.0,7,67.57285414602369,67.57285414602369,no pobre,basal,0,0.0,938.5,1.0,42.0,15,274,13817,8,1.0
98,1.0,1.0,2.766,,,7,67.57285414602369,67.57285414602369,no pobre,basal,0,0.0,938.5,1.0,42.0,16,274,13817,8,1.0
97,0.0,1.0,2.766,1.0,7.0,7,67.57285414602369,67.57285414602369,no pobre,basal,0,0.0,938.5,1.0,42.0,14,274,13818,7,1.0
98,0.0,1.0,2.766,1.0,8.0,7,67.57285414602369,67.57285414602369,no pobre,basal,0,0.0,938.5,1.0,42.0,15,274,13818,7,1.0
97,0.0,1.0,2.766,1.0,5.0,7,67.57285414602369,67.57285414602369,no pobre,basal,0,0.0,938.5,1.0,42.0,11,274,13819,5,1.0
98,0.0,1.0,2.766,1.0,6.0,7,67.57285414602369,67.57285414602369,no pobre,basal,0,0.0,938.5,1.0,42.0,12,274,13819,5,1.0
97,1.0,1.0,2.766,1.0,3.0,7,67.57285414602369,67.57285414602369,no pobre,basal,0,0.0,938.5,1.0,42.0,10,274,13820,3,1.0
98,1.0,1.0,2.766,1.0,4.0,7,67.57285414602369,67.57285414602369,no pobre,basal,0,0.0,938.5,1.0,42.0,11,274,13820,3,1.0
97,1.0,1.0,2.766,1.0,2.0,7,67.57285414602369,67.57285414602369,no pobre,basal,0,0.0,938.5,1.0,42.0,7,274,13821,2,1.0
98,1.0,1.0,2.766,1.0,1.0,7,67.57285414602369,67.57285414602369,no pobre,basal,0,0.0,938.5,1.0,42.0,8,274,13821,2,1.0
97,1.0,1.0,2.766,1.0,8.0,6,67.57285414602369,67.57285414602369,no pobre,basal,0,0.0,817.5,1.0,46.0,15,274,13822,8,1.0
98,1.0,1.0,2.766,,,6,67.57285414602369,67.57285414602369,no pobre,basal,0,0.0,817.5,1.0,46.0,16,274,13822,8,1.0
97,0.0,1.0,2.766,1.0,3.0,6,67.57285414602369,67.57285414602369,no pobre,basal,0,0.0,817.5,1.0,46.0,9,274,13823,3,1.0
98,0.0,1.0,2.766,,,6,67.57285414602369,67.57285414602369,no pobre,basal,0,0.0,817.5,1.0,46.0,10,274,13823,3,1.0
97,1.0,1.0,2.766,1.0,1.0,6,67.57285414602369,67.57285414602369,no pobre,basal,0,0.0,817.5,1.0,46.0,7,274,13824,1,1.0
98,1.0,1.0,2.766,,,6,67.57285414602369,67.57285414602369,no pobre,basal,0,0.0,817.5,1.0,46.0,8,274,13824,1,1.0
97,1.0,1.0,2.766,1.0,3.0,3,67.57285414602369,67.57285414602369,pobre,basal,0,0.0,723.0,0.0,58.0,10,274,13825,3,1.0
98,1.0,1.0,2.766,,,3,67.57285414602369,67.57285414602369,pobre,basal,0,0.0,723.0,0.0,58.0,11,274,13825,3,1.0
97,0.0,1.0,2.766,1.0,2.0,3,67.57285414602369,67.57285414602369,pobre,basal,0,0.0,723.0,0.0,58.0,8,274,13826,2,1.0
98,0.0,1.0,2.766,,,3,67.57285414602369,67.57285414602369,pobre,basal,0,0.0,723.0,0.0,58.0,9,274,13826,2,1.0
97,0.0,1.0,2.766,,0.0,7,67.57285414602369,67.57285414602369,pobre,basal,3,0.0,719.5,1.0,46.0,14,274,13827,0,
98,0.0,1.0,2.766,,,7,67.57285414602369,67.57285414602369,pobre,basal,3,0.0,719.5,1.0,46.0,15,274,13827,0,
97,0.0,1.0,2.766,,0.0,6,67.57285414602369,67.57285414602369,pobre,basal,2,1125.0,497.0,1.0,26.0,7,274,13828,0,
98,0.0,1.0,2.766,1.0,0.0,6,67.57285414602369,67.57285414602369,pobre,basal,2,1125.0,497.0,1.0,26.0,8,274,13828,0,
97,1.0,1.0,2.766,0.0,6.0,10,67.57285414602369,67.57285414602369,pobre,basal,6,500.0,718.33002,1.0,43.0,16,274,13829,6,0.0
98,1.0,1.0,2.766,,,10,67.57285414602369,67.57285414602369,pobre,basal,6,500.0,718.33002,1.0,43.0,17,274,13829,6,0.0
97,1.0,1.0,2.766,1.0,2.0,10,67.57285414602369,67.57285414602369,pobre,basal,6,500.0,718.33002,1.0,43.0,13,274,13830,2,1.0
98,1.0,1.0,2.766,1.0,3.0,10,67.57285414602369,67.57285414602369,pobre,basal,6,500.0,718.33002,1.0,43.0,14,274,13830,2,1.0
97,0.0,1.0,2.766,1.0,4.0,10,67.57285414602369,67.57285414602369,pobre,basal,6,500.0,718.33002,1.0,43.0,12,274,13831,4,1.0
98,0.0,1.0,2.766,1.0,5.0,10,67.57285414602369,67.57285414602369,pobre,basal,6,500.0,718.33002,1.0,43.0,13,274,13831,4,1.0
97,1.0,1.0,2.766,,0.0,10,67.57285414602369,67.57285414602369,pobre,basal,6,500.0,718.33002,1.0,43.0,7,274,13832,0,
98,1.0,1.0,2.766,1.0,3.0,10,67.57285414602369,67.57285414602369,pobre,basal,6,500.0,718.33002,1.0,43.0,8,274,13832,0,
97,0.0,1.0,2.766,0.0,4.0,2,67.57285414602369,67.57285414602369,pobre,basal,0,625.0,761.0,0.0,53.0,15,274,13833,4,0.0
98,0.0,1.0,2.766,,,2,67.57285414602369,67.57285414602369,pobre,basal,0,625.0,761.0,0.0,53.0,16,274,13833,4,0.0
97,0.0,1.0,2.766,,0.0,7,67.57285414602369,67.57285414602369,pobre,basal,3,1250.0,629.0,1.0,40.0,13,274,13834,0,
98,0.0,1.0,2.766,,,7,67.57285414602369,67.57285414602369,pobre,basal,3,1250.0,629.0,1.0,40.0,14,274,13834,0,
97,0.0,1.0,2.766,1.0,2.0,7,67.57285414602369,67.57285414602369,pobre,basal,3,1250.0,629.0,1.0,40.0,13,274,13835,2,1.0
98,0.0,1.0,2.766,0.0,3.0,7,67.57285414602369,67.57285414602369,pobre,basal,3,1250.0,629.0,1.0,40.0,14,274,13835,2,1.0
97,1.0,1.0,2.766,1.0,3.0,7,67.57285414602369,67.57285414602369,pobre,basal,3,1250.0,629.0,1.0,40.0,9,274,13836,3,1.0
98,1.0,1.0,2.766,1.0,4.0,7,67.57285414602369,67.57285414602369,pobre,basal,3,1250.0,629.0,1.0,40.0,10,274,13836,3,1.0
97,0.0,1.0,2.766,1.0,2.0,7,67.57285414602369,67.57285414602369,pobre,basal,3,1250.0,629.0,1.0,40.0,8,274,13837,2,1.0
98,0.0,1.0,2.766,0.0,3.0,7,67.57285414602369,67.57285414602369,pobre,basal,3,1250.0,629.0,1.0,40.0,9,274,13837,2,1.0
97,0.0,1.0,2.766,1.0,0.0,7,67.57285414602369,67.57285414602369,pobre,basal,3,1250.0,629.0,1.0,40.0,6,274,13838,0,1.0
98,0.0,1.0,2.766,1.0,1.0,7,67.57285414602369,67.57285414602369,pobre,basal,3,1250.0,629.0,1.0,40.0,7,274,13838,0,1.0
97,1.0,1.0,2.766,0.0,6.0,11,67.57285414602369,67.57285414602369,pobre,basal,4,0.0,756.25,1.0,36.0,16,274,13839,6,0.0
98,1.0,1.0,2.766,,9.0,11,67.57285414602369,67.57285414602369,pobre,basal,4,0.0,756.25,1.0,36.0,17,274,13839,6,0.0
97,1.0,1.0,2.766,1.0,8.0,11,67.57285414602369,67.57285414602369,pobre,basal,4,0.0,756.25,1.0,36.0,14,274,13840,8,1.0
98,1.0,1.0,2.766,1.0,9.0,11,67.57285414602369,67.57285414602369,pobre,basal,4,0.0,756.25,1.0,36.0,15,274,13840,8,1.0
97,1.0,1.0,2.766,1.0,6.0,11,67.57285414602369,67.57285414602369,pobre,basal,4,0.0,756.25,1.0,36.0,11,274,13841,6,1.0
98,1.0,1.0,2.766,1.0,7.0,11,67.57285414602369,67.57285414602369,pobre,basal,4,0.0,756.25,1.0,36.0,12,274,13841,6,1.0
97,1.0,1.0,2.766,1.0,4.0,11,67.57285414602369,67.57285414602369,pobre,basal,4,0.0,756.25,1.0,36.0,10,274,13842,4,1.0
98,1.0,1.0,2.766,1.0,5.0,11,67.57285414602369,67.57285414602369,pobre,basal,4,0.0,756.25,1.0,36.0,11,274,13842,4,1.0
97,0.0,1.0,2.766,,0.0,11,67.57285414602369,67.57285414602369,pobre,basal,4,0.0,756.25,1.0,36.0,7,274,13843,0,
98,0.0,1.0,2.766,1.0,3.0,11,67.57285414602369,67.57285414602369,pobre,basal,4,0.0,756.25,1.0,36.0,8,274,13843,0,
97,1.0,1.0,2.766,,0.0,11,67.57285414602369,67.57285414602369,pobre,basal,4,0.0,756.25,1.0,36.0,6,274,13844,0,
98,1.0,1.0,2.766,1.0,3.0,11,67.57285414602369,67.57285414602369,pobre,basal,4,0.0,756.25,1.0,36.0,7,274,13844,0,
97,0.0,1.0,2.766,0.0,5.0,9,67.57285414602369,67.57285414602369,pobre,basal,3,0.0,639.59998,1.0,42.0,14,274,13845,5,0.0
98,0.0,1.0,2.766,0.0,5.0,9,67.57285414602369,67.57285414602369,pobre,basal,3,0.0,639.59998,1.0,42.0,15,274,13845,5,0.0
97,1.0,1.0,2.766,1.0,2.0,9,67.57285414602369,67.57285414602369,pobre,basal,3,0.0,639.59998,1.0,42.0,9,274,13846,2,1.0
98,1.0,1.0,2.766,1.0,3.0,9,67.57285414602369,67.57285414602369,pobre,basal,3,0.0,639.59998,1.0,42.0,10,274,13846,2,1.0
97,0.0,1.0,2.766,,0.0,9,67.57285414602369,67.57285414602369,pobre,basal,3,0.0,639.59998,1.0,42.0,6,274,13847,0,
98,0.0,1.0,2.766,1.0,0.0,9,67.57285414602369,67.57285414602369,pobre,basal,3,0.0,639.59998,1.0,42.0,7,274,13847,0,
97,0.0,1.0,2.766,1.0,9.0,8,67.57285414602369,67.57285414602369,pobre,basal,2,0.0,622.0,1.0,38.0,15,274,13848,9,1.0
98,0.0,1.0,2.766,0.0,10.0,8,67.57285414602369,67.57285414602369,pobre,basal,2,0.0,622.0,1.0,38.0,16,274,13848,9,1.0
97,1.0,1.0,2.766,1.0,6.0,8,67.57285414602369,67.57285414602369,pobre,basal,2,0.0,622.0,1.0,38.0,12,274,13849,6,1.0
98,1.0,1.0,2.766,1.0,7.0,8,67.57285414602369,67.57285414602369,pobre,basal,2,0.0,622.0,1.0,38.0,13,274,13849,6,1.0
97,0.0,1.0,2.766,1.0,1.0,8,67.57285414602369,67.57285414602369,pobre,basal,2,0.0,622.0,1.0,38.0,10,274,13850,1,1.0
98,0.0,1.0,2.766,1.0,5.0,8,67.57285414602369,67.57285414602369,pobre,basal,2,0.0,622.0,1.0,38.0,11,274,13850,1,1.0
97,0.0,1.0,2.766,1.0,0.0,8,67.57285414602369,67.57285414602369,pobre,basal,2,0.0,622.0,1.0,38.0,6,274,13851,0,1.0
98,0.0,1.0,2.766,1.0,1.0,8,67.57285414602369,67.57285414602369,pobre,basal,2,0.0,622.0,1.0,38.0,7,274,13851,0,1.0
97,1.0,0.0,2.766,1.0,8.0,5,67.57285414602369,67.57285414602369,no pobre,basal,6,0.0,869.5,1.0,34.0,14,274,13852,8,1.0
98,1.0,0.0,2.766,1.0,9.0,5,67.57285414602369,67.57285414602369,no pobre,basal,6,0.0,869.5,1.0,34.0,15,274,13852,8,1.0
97,1.0,0.0,2.766,1.0,6.0,5,67.57285414602369,67.57285414602369,no pobre,basal,6,0.0,869.5,1.0,34.0,12,274,13853,6,1.0
98,1.0,0.0,2.766,1.0,7.0,5,67.57285414602369,67.57285414602369,no pobre,basal,6,0.0,869.5,1.0,34.0,13,274,13853,6,1.0
97,0.0,0.0,2.766,1.0,5.0,5,67.57285414602369,67.57285414602369,no pobre,basal,6,0.0,869.5,1.0,34.0,10,274,13854,5,1.0
98,0.0,0.0,2.766,1.0,6.0,5,67.57285414602369,67.57285414602369,no pobre,basal,6,0.0,869.5,1.0,34.0,11,274,13854,5,1.0
97,0.0,1.0,2.766,0.0,6.0,6,67.57285414602369,67.57285414602369,no pobre,basal,0,0.0,783.0,1.0,42.0,12,274,13855,6,0.0
98,0.0,1.0,2.766,1.0,7.0,6,67.57285414602369,67.57285414602369,no pobre,basal,0,0.0,783.0,1.0,42.0,13,274,13855,6,0.0
97,0.0,1.0,2.766,1.0,1.0,6,67.57285414602369,67.57285414602369,no pobre,basal,0,0.0,783.0,1.0,42.0,9,274,13856,1,1.0
98,0.0,1.0,2.766,1.0,2.0,6,67.57285414602369,67.57285414602369,no pobre,basal,0,0.0,783.0,1.0,42.0,10,274,13856,1,1.0
97,0.0,1.0,2.766,1.0,3.0,9,67.57285414602369,67.57285414602369,pobre,basal,0,0.0,610.90002,1.0,75.0,14,274,13857,3,1.0
98,0.0,1.0,2.766,1.0,6.0,9,67.57285414602369,67.57285414602369,pobre,basal,0,0.0,610.90002,1.0,75.0,15,274,13857,3,1.0
97,0.0,1.0,2.766,1.0,1.0,9,67.57285414602369,67.57285414602369,pobre,basal,0,0.0,610.90002,1.0,75.0,12,274,13858,1,1.0
98,0.0,1.0,2.766,1.0,5.0,9,67.57285414602369,67.57285414602369,pobre,basal,0,0.0,610.90002,1.0,75.0,13,274,13858,1,1.0
97,1.0,1.0,2.766,1.0,3.0,9,67.57285414602369,67.57285414602369,pobre,basal,0,0.0,610.90002,1.0,75.0,10,274,13859,3,1.0
98,1.0,1.0,2.766,1.0,3.0,9,67.57285414602369,67.57285414602369,pobre,basal,0,0.0,610.90002,1.0,75.0,11,274,13859,3,1.0
97,0.0,1.0,2.766,,0.0,9,67.57285414602369,67.57285414602369,pobre,basal,0,0.0,610.90002,1.0,75.0,7,274,13860,0,
98,0.0,1.0,2.766,,,9,67.57285414602369,67.57285414602369,pobre,basal,0,0.0,610.90002,1.0,75.0,8,274,13860,0,
97,0.0,1.0,2.766,1.0,2.0,4,67.57285414602369,67.57285414602369,pobre,basal,0,0.0,742.0,1.0,71.0,12,274,13861,2,1.0
98,0.0,1.0,2.766,0.0,2.0,4,67.57285414602369,67.57285414602369,pobre,basal,0,0.0,742.0,1.0,71.0,13,274,13861,2,1.0
97,0.0,0.0,2.766,1.0,0.0,5,67.57285414602369,67.57285414602369,no pobre,basal,0,0.0,907.75,1.0,65.0,6,274,13862,0,1.0
98,0.0,0.0,2.766,1.0,1.0,5,67.57285414602369,67.57285414602369,no pobre,basal,0,0.0,907.75,1.0,65.0,7,274,13862,0,1.0
97,1.0,1.0,2.766,1.0,5.0,6,67.57285414602369,67.57285414602369,no pobre,basal,0,0.0,918.5,1.0,65.0,12,274,13863,5,1.0
98,1.0,1.0,2.766,1.0,7.0,6,67.57285414602369,67.57285414602369,no pobre,basal,0,0.0,918.5,1.0,65.0,13,274,13863,5,1.0
97,0.0,1.0,2.766,1.0,3.0,6,67.57285414602369,67.57285414602369,no pobre,basal,0,0.0,918.5,1.0,65.0,9,274,13864,3,1.0
98,0.0,1.0,2.766,1.0,4.0,6,67.57285414602369,67.57285414602369,no pobre,basal,0,0.0,918.5,1.0,65.0,10,274,13864,3,1.0
97,1.0,1.0,2.766,1.0,2.0,9,67.57285414602369,67.57285414602369,no pobre,basal,0,0.0,799.0,1.0,63.0,8,274,13865,2,1.0
98,1.0,1.0,2.766,1.0,4.0,9,67.57285414602369,67.57285414602369,no pobre,basal,0,0.0,799.0,1.0,63.0,9,274,13865,2,1.0
97,0.0,1.0,2.766,1.0,1.0,9,67.57285414602369,67.57285414602369,no pobre,basal,0,0.0,799.0,1.0,63.0,7,274,13866,1,1.0
98,0.0,1.0,2.766,1.0,3.0,9,67.57285414602369,67.57285414602369,no pobre,basal,0,0.0,799.0,1.0,63.0,8,274,13866,1,1.0
97,0.0,1.0,2.766,0.0,5.0,10,67.57285414602369,67.57285414602369,pobre,basal,0,0.0,521.0,0.0,78.0,15,274,13867,5,0.0
98,0.0,1.0,2.766,1.0,5.0,10,67.57285414602369,67.57285414602369,pobre,basal,0,0.0,521.0,0.0,78.0,16,274,13867,5,0.0
97,1.0,1.0,2.766,1.0,7.0,10,67.57285414602369,67.57285414602369,pobre,basal,0,0.0,521.0,0.0,78.0,14,274,13868,7,1.0
98,1.0,1.0,2.766,1.0,8.0,10,67.57285414602369,67.57285414602369,pobre,basal,0,0.0,521.0,0.0,78.0,15,274,13868,7,1.0
97,1.0,1.0,2.766,1.0,5.0,10,67.57285414602369,67.57285414602369,pobre,basal,0,0.0,521.0,0.0,78.0,11,274,13869,5,1.0
98,1.0,1.0,2.766,1.0,6.0,10,67.57285414602369,67.57285414602369,pobre,basal,0,0.0,521.0,0.0,78.0,12,274,13869,5,1.0
97,1.0,1.0,2.766,1.0,1.0,10,67.57285414602369,67.57285414602369,pobre,basal,0,0.0,521.0,0.0,78.0,8,274,13870,1,1.0
98,1.0,1.0,2.766,1.0,2.0,10,67.57285414602369,67.57285414602369,pobre,basal,0,0.0,521.0,0.0,78.0,9,274,13870,1,1.0
97,1.0,1.0,2.766,1.0,4.0,6,67.57285414602369,67.57285414602369,no pobre,basal,5,600.0,933.0,0.0,27.0,10,274,13871,4,1.0
98,1.0,1.0,2.766,,,6,67.57285414602369,67.57285414602369,no pobre,basal,5,600.0,933.0,0.0,27.0,11,274,13871,4,1.0
97,0.0,1.0,2.766,1.0,2.0,6,67.57285414602369,67.57285414602369,no pobre,basal,5,600.0,933.0,0.0,27.0,8,274,13872,2,1.0
98,0.0,1.0,2.766,,,6,67.57285414602369,67.57285414602369,no pobre,basal,5,600.0,933.0,0.0,27.0,9,274,13872,2,1.0
97,1.0,1.0,2.766,1.0,0.0,6,67.57285414602369,67.57285414602369,no pobre,basal,5,600.0,933.0,0.0,27.0,6,274,13873,0,1.0
98,1.0,1.0,2.766,,,6,67.57285414602369,67.57285414602369,no pobre,basal,5,600.0,933.0,0.0,27.0,7,274,13873,0,1.0
97,1.0,1.0,2.766,1.0,10.0,6,67.57285414602369,67.57285414602369,no pobre,basal,0,0.0,827.70001,1.0,49.0,16,274,13874,10,1.0
98,1.0,1.0,2.766,,,6,67.57285414602369,67.57285414602369,no pobre,basal,0,0.0,827.70001,1.0,49.0,17,274,13874,10,1.0
97,0.0,1.0,2.766,1.0,2.0,4,67.57285414602369,67.57285414602369,pobre,basal,0,0.0,867.0,0.0,52.0,13,274,13875,2,1.0
98,0.0,1.0,2.766,1.0,3.0,4,67.57285414602369,67.57285414602369,pobre,basal,0,0.0,867.0,0.0,52.0,14,274,13875,2,1.0
97,1.0,1.0,2.766,1.0,2.0,4,67.57285414602369,67.57285414602369,pobre,basal,0,0.0,867.0,0.0,52.0,10,274,13876,2,1.0
98,1.0,1.0,2.766,1.0,3.0,4,67.57285414602369,67.57285414602369,pobre,basal,0,0.0,867.0,0.0,52.0,11,274,13876,2,1.0
97,0.0,1.0,2.766,1.0,2.0,7,67.57285414602369,67.57285414602369,pobre,basal,0,0.0,723.5,1.0,28.0,8,274,13877,2,1.0
98,0.0,1.0,2.766,1.0,3.0,7,67.57285414602369,67.57285414602369,pobre,basal,0,0.0,723.5,1.0,28.0,9,274,13877,2,1.0
97,1.0,1.0,2.766,1.0,1.0,7,67.57285414602369,67.57285414602369,pobre,basal,0,0.0,723.5,1.0,28.0,7,274,13878,1,1.0
98,1.0,1.0,2.766,1.0,2.0,7,67.57285414602369,67.57285414602369,pobre,basal,0,0.0,723.5,1.0,28.0,8,274,13878,1,1.0
97,1.0,1.0,2.766,,0.0,7,67.57285414602369,67.57285414602369,pobre,basal,0,0.0,723.5,1.0,28.0,6,274,13879,0,
98,1.0,1.0,2.766,1.0,1.0,7,67.57285414602369,67.57285414602369,pobre,basal,0,0.0,723.5,1.0,28.0,7,274,13879,0,
97,1.0,1.0,2.766,1.0,5.0,6,67.57285414602369,67.57285414602369,no pobre,basal,4,720.0,858.0,1.0,33.0,11,274,13880,5,1.0
98,1.0,1.0,2.766,1.0,6.0,6,67.57285414602369,67.57285414602369,no pobre,basal,4,720.0,858.0,1.0,33.0,12,274,13880,5,1.0
97,1.0,1.0,2.766,1.0,3.0,6,67.57285414602369,67.57285414602369,no pobre,basal,4,720.0,858.0,1.0,33.0,10,274,13881,3,1.0
98,1.0,1.0,2.766,1.0,4.0,6,67.57285414602369,67.57285414602369,no pobre,basal,4,720.0,858.0,1.0,33.0,11,274,13881,3,1.0
97,1.0,1.0,2.766,1.0,2.0,6,67.57285414602369,67.57285414602369,no pobre,basal,4,720.0,858.0,1.0,33.0,8,274,13882,2,1.0
98,1.0,1.0,2.766,1.0,2.0,6,67.57285414602369,67.57285414602369,no pobre,basal,4,720.0,858.0,1.0,33.0,9,274,13882,2,1.0
97,1.0,1.0,2.766,1.0,6.0,6,67.57285414602369,67.57285414602369,pobre,basal,5,0.0,618.33002,1.0,31.0,13,274,13883,6,1.0
98,1.0,1.0,2.766,1.0,7.0,6,67.57285414602369,67.57285414602369,pobre,basal,5,0.0,618.33002,1.0,31.0,14,274,13883,6,1.0
97,1.0,1.0,2.766,1.0,5.0,6,67.57285414602369,67.57285414602369,pobre,basal,5,0.0,618.33002,1.0,31.0,12,274,13884,5,1.0
98,1.0,1.0,2.766,1.0,6.0,6,67.57285414602369,67.57285414602369,pobre,basal,5,0.0,618.33002,1.0,31.0,13,274,13884,5,1.0
97,0.0,1.0,2.766,1.0,2.0,6,67.57285414602369,67.57285414602369,pobre,basal,5,0.0,618.33002,1.0,31.0,9,274,13885,2,1.0
98,0.0,1.0,2.766,1.0,3.0,6,67.57285414602369,67.57285414602369,pobre,basal,5,0.0,618.33002,1.0,31.0,10,274,13885,2,1.0
97,0.0,1.0,2.766,0.0,9.0,9,67.57285414602369,67.57285414602369,no pobre,basal,6,0.0,776.75,1.0,50.0,15,274,13886,9,0.0
98,0.0,1.0,2.766,0.0,9.0,9,67.57285414602369,67.57285414602369,no pobre,basal,6,0.0,776.75,1.0,50.0,16,274,13886,9,0.0
97,0.0,1.0,2.766,1.0,6.0,9,67.57285414602369,67.57285414602369,no pobre,basal,6,0.0,776.75,1.0,50.0,14,274,13887,6,1.0
98,0.0,1.0,2.766,1.0,7.0,9,67.57285414602369,67.57285414602369,no pobre,basal,6,0.0,776.75,1.0,50.0,15,274,13887,6,1.0
97,0.0,1.0,2.766,1.0,4.0,9,67.57285414602369,67.57285414602369,no pobre,basal,6,0.0,776.75,1.0,50.0,12,274,13888,4,1.0
98,0.0,1.0,2.766,1.0,5.0,9,67.57285414602369,67.57285414602369,no pobre,basal,6,0.0,776.75,1.0,50.0,13,274,13888,4,1.0
97,1.0,0.0,2.766,1.0,6.0,8,67.57285414602369,67.57285414602369,pobre,basal,5,400.0,576.0,1.0,30.0,13,274,13889,6,1.0
98,1.0,0.0,2.766,1.0,7.0,8,67.57285414602369,67.57285414602369,pobre,basal,5,400.0,576.0,1.0,30.0,14,274,13889,6,1.0
97,1.0,0.0,2.766,1.0,4.0,8,67.57285414602369,67.57285414602369,pobre,basal,5,400.0,576.0,1.0,30.0,10,274,13890,4,1.0
98,1.0,0.0,2.766,1.0,5.0,8,67.57285414602369,67.57285414602369,pobre,basal,5,400.0,576.0,1.0,30.0,11,274,13890,4,1.0
97,1.0,0.0,2.766,1.0,1.0,8,67.57285414602369,67.57285414602369,pobre,basal,5,400.0,576.0,1.0,30.0,8,274,13891,1,1.0
98,1.0,0.0,2.766,1.0,2.0,8,67.57285414602369,67.57285414602369,pobre,basal,5,400.0,576.0,1.0,30.0,9,274,13891,1,1.0
97,0.0,1.0,2.766,1.0,5.0,11,67.57285414602369,67.57285414602369,pobre,basal,0,1000.0,771.5,1.0,42.0,16,274,13892,5,1.0
98,0.0,1.0,2.766,,,11,67.57285414602369,67.57285414602369,pobre,basal,0,1000.0,771.5,1.0,42.0,17,274,13892,5,1.0
97,0.0,1.0,2.766,1.0,5.0,11,67.57285414602369,67.57285414602369,pobre,basal,0,1000.0,771.5,1.0,42.0,14,274,13893,5,1.0
98,0.0,1.0,2.766,1.0,5.0,11,67.57285414602369,67.57285414602369,pobre,basal,0,1000.0,771.5,1.0,42.0,15,274,13893,5,1.0
97,0.0,1.0,2.766,1.0,1.0,11,67.57285414602369,67.57285414602369,pobre,basal,0,1000.0,771.5,1.0,42.0,12,274,13894,1,1.0
98,0.0,1.0,2.766,1.0,2.0,11,67.57285414602369,67.57285414602369,pobre,basal,0,1000.0,771.5,1.0,42.0,13,274,13894,1,1.0
97,1.0,1.0,2.766,1.0,1.0,11,67.57285414602369,67.57285414602369,pobre,basal,0,1000.0,771.5,1.0,42.0,10,274,13895,1,1.0
98,1.0,1.0,2.766,1.0,2.0,11,67.57285414602369,67.57285414602369,pobre,basal,0,1000.0,771.5,1.0,42.0,11,274,13895,1,1.0
97,0.0,1.0,2.766,,0.0,11,67.57285414602369,67.57285414602369,pobre,basal,0,1000.0,771.5,1.0,42.0,8,274,13896,0,
98,0.0,1.0,2.766,1.0,3.0,11,67.57285414602369,67.57285414602369,pobre,basal,0,1000.0,771.5,1.0,42.0,9,274,13896,0,
97,0.0,1.0,2.766,1.0,3.0,7,67.57285414602369,67.57285414602369,pobre,basal,3,675.0,773.0,1.0,31.0,9,274,13897,3,1.0
98,0.0,1.0,2.766,1.0,4.0,7,67.57285414602369,67.57285414602369,pobre,basal,3,675.0,773.0,1.0,31.0,10,274,13897,3,1.0
97,1.0,1.0,2.766,1.0,1.0,7,67.57285414602369,67.57285414602369,pobre,basal,3,675.0,773.0,1.0,31.0,7,274,13898,1,1.0
98,1.0,1.0,2.766,1.0,2.0,7,67.57285414602369,67.57285414602369,pobre,basal,3,675.0,773.0,1.0,31.0,8,274,13898,1,1.0
97,1.0,1.0,2.766,1.0,0.0,7,67.57285414602369,67.57285414602369,pobre,basal,3,675.0,773.0,1.0,31.0,6,274,13899,0,1.0
98,1.0,1.0,2.766,1.0,1.0,7,67.57285414602369,67.57285414602369,pobre,basal,3,675.0,773.0,1.0,31.0,7,274,13899,0,1.0
97,1.0,1.0,2.766,1.0,4.0,8,67.57285414602369,67.57285414602369,pobre,basal,5,1200.0,755.0,1.0,29.0,10,274,13900,4,1.0
98,1.0,1.0,2.766,1.0,5.0,8,67.57285414602369,67.57285414602369,pobre,basal,5,1200.0,755.0,1.0,29.0,11,274,13900,4,1.0
97,0.0,1.0,2.766,1.0,2.0,8,67.57285414602369,67.57285414602369,pobre,basal,5,1200.0,755.0,1.0,29.0,8,274,13901,2,1.0
98,0.0,1.0,2.766,1.0,3.0,8,67.57285414602369,67.57285414602369,pobre,basal,5,1200.0,755.0,1.0,29.0,9,274,13901,2,1.0
97,0.0,1.0,2.766,1.0,0.0,8,67.57285414602369,67.57285414602369,pobre,basal,5,1200.0,755.0,1.0,29.0,6,274,13902,0,1.0
98,0.0,1.0,2.766,1.0,1.0,8,67.57285414602369,67.57285414602369,pobre,basal,5,1200.0,755.0,1.0,29.0,7,274,13902,0,1.0
97,1.0,1.0,2.766,1.0,7.0,9,67.57285414602369,67.57285414602369,pobre,basal,2,0.0,737.0,1.0,49.0,15,274,13903,7,1.0
98,1.0,1.0,2.766,1.0,9.0,9,67.57285414602369,67.57285414602369,pobre,basal,2,0.0,737.0,1.0,49.0,16,274,13903,7,1.0
97,1.0,1.0,2.766,,0.0,9,67.57285414602369,67.57285414602369,pobre,basal,2,0.0,737.0,1.0,49.0,13,274,13904,0,
98,1.0,1.0,2.766,,,9,67.57285414602369,67.57285414602369,pobre,basal,2,0.0,737.0,1.0,49.0,14,274,13904,0,
97,0.0,1.0,2.766,1.0,5.0,9,67.57285414602369,67.57285414602369,pobre,basal,2,0.0,737.0,1.0,49.0,12,274,13905,5,1.0
98,0.0,1.0,2.766,1.0,6.0,9,67.57285414602369,67.57285414602369,pobre,basal,2,0.0,737.0,1.0,49.0,13,274,13905,5,1.0
97,0.0,1.0,2.766,1.0,2.0,9,67.57285414602369,67.57285414602369,pobre,basal,2,0.0,737.0,1.0,49.0,8,274,13906,2,1.0
98,0.0,1.0,2.766,1.0,3.0,9,67.57285414602369,67.57285414602369,pobre,basal,2,0.0,737.0,1.0,49.0,9,274,13906,2,1.0
97,1.0,1.0,2.766,1.0,7.0,9,67.57285414602369,67.57285414602369,pobre,basal,2,0.0,737.0,1.0,49.0,16,274,13907,7,1.0
98,1.0,1.0,2.766,,,9,67.57285414602369,67.57285414602369,pobre,basal,2,0.0,737.0,1.0,49.0,17,274,13907,7,1.0
97,1.0,1.0,2.766,1.0,7.0,7,67.57285414602369,67.57285414602369,pobre,basal,3,500.0,746.0,1.0,33.0,13,274,13908,7,1.0
98,1.0,1.0,2.766,1.0,8.0,7,67.57285414602369,67.57285414602369,pobre,basal,3,500.0,746.0,1.0,33.0,14,274,13908,7,1.0
97,0.0,1.0,2.766,1.0,2.0,7,67.57285414602369,67.57285414602369,pobre,basal,3,500.0,746.0,1.0,33.0,11,274,13909,2,1.0
98,0.0,1.0,2.766,1.0,3.0,7,67.57285414602369,67.57285414602369,pobre,basal,3,500.0,746.0,1.0,33.0,12,274,13909,2,1.0
97,1.0,1.0,2.766,1.0,0.0,7,67.57285414602369,67.57285414602369,pobre,basal,3,500.0,746.0,1.0,33.0,6,274,13910,0,1.0
98,1.0,1.0,2.766,1.0,1.0,7,67.57285414602369,67.57285414602369,pobre,basal,3,500.0,746.0,1.0,33.0,7,274,13910,0,1.0
97,1.0,1.0,2.766,1.0,8.0,12,67.57285414602369,67.57285414602369,pobre,basal,6,600.0,729.0,1.0,38.0,15,274,13911,8,1.0
98,1.0,1.0,2.766,1.0,9.0,12,67.57285414602369,67.57285414602369,pobre,basal,6,600.0,729.0,1.0,38.0,16,274,13911,8,1.0
97,0.0,1.0,2.766,1.0,7.0,12,67.57285414602369,67.57285414602369,pobre,basal,6,600.0,729.0,1.0,38.0,13,274,13912,7,1.0
98,0.0,1.0,2.766,1.0,8.0,12,67.57285414602369,67.57285414602369,pobre,basal,6,600.0,729.0,1.0,38.0,14,274,13912,7,1.0
97,0.0,1.0,2.766,0.0,6.0,12,67.57285414602369,67.57285414602369,pobre,basal,6,600.0,729.0,1.0,38.0,12,274,13913,6,0.0
98,0.0,1.0,2.766,1.0,6.0,12,67.57285414602369,67.57285414602369,pobre,basal,6,600.0,729.0,1.0,38.0,13,274,13913,6,0.0
97,1.0,1.0,2.766,1.0,3.0,12,67.57285414602369,67.57285414602369,pobre,basal,6,600.0,729.0,1.0,38.0,9,274,13914,3,1.0
98,1.0,1.0,2.766,1.0,4.0,12,67.57285414602369,67.57285414602369,pobre,basal,6,600.0,729.0,1.0,38.0,10,274,13914,3,1.0
97,0.0,1.0,2.766,1.0,0.0,12,67.57285414602369,67.57285414602369,pobre,basal,6,600.0,729.0,1.0,38.0,6,274,13915,0,1.0
98,0.0,1.0,2.766,1.0,1.0,12,67.57285414602369,67.57285414602369,pobre,basal,6,600.0,729.0,1.0,38.0,7,274,13915,0,1.0
97,0.0,0.0,2.766,1.0,8.0,5,67.57285414602369,67.57285414602369,no pobre,basal,12,1250.0,1106.0,1.0,38.0,14,274,13916,8,1.0
98,0.0,0.0,2.766,1.0,9.0,5,67.57285414602369,67.57285414602369,no pobre,basal,12,1250.0,1106.0,1.0,38.0,15,274,13916,8,1.0
97,0.0,0.0,2.766,1.0,4.0,5,67.57285414602369,67.57285414602369,no pobre,basal,12,1250.0,1106.0,1.0,38.0,11,274,13917,4,1.0
98,0.0,0.0,2.766,1.0,5.0,5,67.57285414602369,67.57285414602369,no pobre,basal,12,1250.0,1106.0,1.0,38.0,12,274,13917,4,1.0
97,0.0,0.0,2.766,1.0,2.0,5,67.57285414602369,67.57285414602369,no pobre,basal,12,1250.0,1106.0,1.0,38.0,8,274,13918,2,1.0
98,0.0,0.0,2.766,1.0,3.0,5,67.57285414602369,67.57285414602369,no pobre,basal,12,1250.0,1106.0,1.0,38.0,9,274,13918,2,1.0
97,0.0,0.0,3.6010001,0.0,6.0,11,89.38165253308725,89.38165253308725,pobre,basal,2,166.66667,726.40002,1.0,47.0,15,295,13919,6,0.0
98,0.0,0.0,3.6010001,,,11,89.38165253308725,89.38165253308725,pobre,basal,2,166.66667,726.40002,1.0,47.0,16,295,13919,6,0.0
97,1.0,0.0,3.6010001,1.0,5.0,11,89.38165253308725,89.38165253308725,pobre,basal,2,166.66667,726.40002,1.0,47.0,14,295,13920,5,1.0
98,1.0,0.0,3.6010001,0.0,6.0,11,89.38165253308725,89.38165253308725,pobre,basal,2,166.66667,726.40002,1.0,47.0,15,295,13920,5,1.0
97,0.0,0.0,3.6010001,1.0,5.0,11,89.38165253308725,89.38165253308725,pobre,basal,2,166.66667,726.40002,1.0,47.0,13,295,13921,5,1.0
98,0.0,0.0,3.6010001,0.0,6.0,11,89.38165253308725,89.38165253308725,pobre,basal,2,166.66667,726.40002,1.0,47.0,14,295,13921,5,1.0
97,1.0,0.0,3.6010001,1.0,2.0,11,89.38165253308725,89.38165253308725,pobre,basal,2,166.66667,726.40002,1.0,47.0,10,295,13922,2,1.0
98,1.0,0.0,3.6010001,1.0,3.0,11,89.38165253308725,89.38165253308725,pobre,basal,2,166.66667,726.40002,1.0,47.0,11,295,13922,2,1.0
97,0.0,0.0,3.6010001,1.0,2.0,11,89.38165253308725,89.38165253308725,pobre,basal,2,166.66667,726.40002,1.0,47.0,8,295,13923,2,1.0
98,0.0,0.0,3.6010001,1.0,3.0,11,89.38165253308725,89.38165253308725,pobre,basal,2,166.66667,726.40002,1.0,47.0,9,295,13923,2,1.0
97,0.0,0.0,3.6010001,1.0,1.0,11,89.38165253308725,89.38165253308725,pobre,basal,2,166.66667,726.40002,1.0,47.0,7,295,13924,1,1.0
98,0.0,0.0,3.6010001,1.0,2.0,11,89.38165253308725,89.38165253308725,pobre,basal,2,166.66667,726.40002,1.0,47.0,8,295,13924,1,1.0
97,1.0,0.0,3.6010001,0.0,4.0,6,89.38165253308725,89.38165253308725,pobre,basal,3,625.0,660.0,1.0,36.0,16,295,13925,4,0.0
98,1.0,0.0,3.6010001,,,6,89.38165253308725,89.38165253308725,pobre,basal,3,625.0,660.0,1.0,36.0,17,295,13925,4,0.0
97,0.0,0.0,3.6010001,1.0,4.0,6,89.38165253308725,89.38165253308725,pobre,basal,3,625.0,660.0,1.0,36.0,12,295,13926,4,1.0
98,0.0,0.0,3.6010001,1.0,5.0,6,89.38165253308725,89.38165253308725,pobre,basal,3,625.0,660.0,1.0,36.0,13,295,13926,4,1.0
97,1.0,0.0,3.6010001,1.0,2.0,6,89.38165253308725,89.38165253308725,pobre,basal,3,625.0,660.0,1.0,36.0,9,295,13927,2,1.0
98,1.0,0.0,3.6010001,1.0,2.0,6,89.38165253308725,89.38165253308725,pobre,basal,3,625.0,660.0,1.0,36.0,10,295,13927,2,1.0
97,0.0,0.0,3.6010001,1.0,1.0,6,89.38165253308725,89.38165253308725,pobre,basal,3,625.0,660.0,1.0,36.0,8,295,13928,1,1.0
98,0.0,0.0,3.6010001,1.0,2.0,6,89.38165253308725,89.38165253308725,pobre,basal,3,625.0,660.0,1.0,36.0,9,295,13928,1,1.0
97,0.0,0.0,3.6010001,1.0,5.0,5,89.38165253308725,89.38165253308725,pobre,basal,6,1000.0,759.0,1.0,31.0,12,295,13929,5,1.0
98,0.0,0.0,3.6010001,0.0,6.0,5,89.38165253308725,89.38165253308725,pobre,basal,6,1000.0,759.0,1.0,31.0,13,295,13929,5,1.0
97,0.0,0.0,3.6010001,1.0,2.0,5,89.38165253308725,89.38165253308725,pobre,basal,6,1000.0,759.0,1.0,31.0,8,295,13930,2,1.0
98,0.0,0.0,3.6010001,1.0,3.0,5,89.38165253308725,89.38165253308725,pobre,basal,6,1000.0,759.0,1.0,31.0,9,295,13930,2,1.0
97,0.0,0.0,3.6010001,1.0,2.0,4,89.38165253308725,89.38165253308725,pobre,basal,9,1000.0,802.0,1.0,35.0,8,295,13931,2,1.0
98,0.0,0.0,3.6010001,,,4,89.38165253308725,89.38165253308725,pobre,basal,9,1000.0,802.0,1.0,35.0,9,295,13931,2,1.0
97,1.0,0.0,3.6010001,1.0,1.0,4,89.38165253308725,89.38165253308725,pobre,basal,9,1000.0,802.0,1.0,35.0,7,295,13932,1,1.0
98,1.0,0.0,3.6010001,,,4,89.38165253308725,89.38165253308725,pobre,basal,9,1000.0,802.0,1.0,35.0,8,295,13932,1,1.0
97,1.0,0.0,0.0,1.0,6.0,7,124.6802654676539,124.6802654676539,pobre,0,1,500.0,460.0,1.0,33.0,13,310,13933,6,1.0
98,1.0,0.0,0.0,1.0,7.0,7,124.6802654676539,124.6802654676539,pobre,0,1,500.0,460.0,1.0,33.0,14,310,13933,6,1.0
97,1.0,0.0,0.0,1.0,4.0,7,124.6802654676539,124.6802654676539,pobre,0,1,500.0,460.0,1.0,33.0,10,310,13934,4,1.0
98,1.0,0.0,0.0,1.0,5.0,7,124.6802654676539,124.6802654676539,pobre,0,1,500.0,460.0,1.0,33.0,11,310,13934,4,1.0
97,1.0,0.0,0.0,1.0,1.0,7,124.6802654676539,124.6802654676539,pobre,0,1,500.0,460.0,1.0,33.0,7,310,13935,1,1.0
98,1.0,0.0,0.0,1.0,2.0,7,124.6802654676539,124.6802654676539,pobre,0,1,500.0,460.0,1.0,33.0,8,310,13935,1,1.0
97,0.0,0.0,3.6010001,1.0,8.0,9,89.38165253308725,89.38165253308725,pobre,basal,0,625.0,920.0,1.0,52.0,16,295,13936,8,1.0
98,0.0,0.0,3.6010001,,,9,89.38165253308725,89.38165253308725,pobre,basal,0,625.0,920.0,1.0,52.0,17,295,13936,8,1.0
97,0.0,0.0,3.6010001,1.0,4.0,9,89.38165253308725,89.38165253308725,pobre,basal,0,625.0,920.0,1.0,52.0,10,295,13937,4,1.0
98,0.0,0.0,3.6010001,1.0,5.0,9,89.38165253308725,89.38165253308725,pobre,basal,0,625.0,920.0,1.0,52.0,11,295,13937,4,1.0
97,1.0,0.0,3.6010001,1.0,3.0,9,89.38165253308725,89.38165253308725,pobre,basal,0,625.0,920.0,1.0,52.0,9,295,13938,3,1.0
98,1.0,0.0,3.6010001,1.0,4.0,9,89.38165253308725,89.38165253308725,pobre,basal,0,625.0,920.0,1.0,52.0,10,295,13938,3,1.0
97,0.0,0.0,0.0,1.0,3.0,6,124.6802654676539,124.6802654676539,no pobre,0,17,3000.0,698.0,1.0,32.0,9,310,13939,3,1.0
98,0.0,0.0,0.0,1.0,4.0,6,124.6802654676539,124.6802654676539,no pobre,0,17,3000.0,698.0,1.0,32.0,10,310,13939,3,1.0
97,0.0,0.0,0.0,1.0,2.0,6,124.6802654676539,124.6802654676539,no pobre,0,17,3000.0,698.0,1.0,32.0,7,310,13940,2,1.0
98,0.0,0.0,0.0,1.0,2.0,6,124.6802654676539,124.6802654676539,no pobre,0,17,3000.0,698.0,1.0,32.0,8,310,13940,2,1.0
97,0.0,0.0,0.0,1.0,5.0,8,124.6802654676539,124.6802654676539,pobre,0,6,750.0,426.0,1.0,31.0,12,310,13941,5,1.0
98,0.0,0.0,0.0,1.0,6.0,8,124.6802654676539,124.6802654676539,pobre,0,6,750.0,426.0,1.0,31.0,13,310,13941,5,1.0
97,1.0,0.0,0.0,1.0,3.0,8,124.6802654676539,124.6802654676539,pobre,0,6,750.0,426.0,1.0,31.0,10,310,13942,3,1.0
98,1.0,0.0,0.0,1.0,4.0,8,124.6802654676539,124.6802654676539,pobre,0,6,750.0,426.0,1.0,31.0,11,310,13942,3,1.0
97,1.0,0.0,0.0,1.0,2.0,8,124.6802654676539,124.6802654676539,pobre,0,6,750.0,426.0,1.0,31.0,8,310,13943,2,1.0
98,1.0,0.0,0.0,1.0,3.0,8,124.6802654676539,124.6802654676539,pobre,0,6,750.0,426.0,1.0,31.0,9,310,13943,2,1.0
97,1.0,0.0,0.0,0.0,6.0,6,124.6802654676539,124.6802654676539,pobre,0,1,0.0,565.0,1.0,63.0,14,310,13944,6,0.0
98,1.0,0.0,0.0,0.0,6.0,6,124.6802654676539,124.6802654676539,pobre,0,1,0.0,565.0,1.0,63.0,15,310,13944,6,0.0
97,1.0,0.0,0.0,1.0,2.0,6,124.6802654676539,124.6802654676539,pobre,0,1,0.0,565.0,1.0,63.0,8,310,13945,2,1.0
98,1.0,0.0,0.0,1.0,2.0,6,124.6802654676539,124.6802654676539,pobre,0,1,0.0,565.0,1.0,63.0,9,310,13945,2,1.0
97,1.0,0.0,0.0,1.0,8.0,3,124.6802654676539,124.6802654676539,no pobre,0,1,400.0,747.0,1.0,54.0,14,310,13946,8,1.0
98,1.0,0.0,0.0,0.0,9.0,3,124.6802654676539,124.6802654676539,no pobre,0,1,400.0,747.0,1.0,54.0,15,310,13946,8,1.0
97,1.0,0.0,0.0,1.0,7.0,8,124.6802654676539,124.6802654676539,pobre,0,4,750.0,455.0,1.0,43.0,13,310,13947,7,1.0
98,1.0,0.0,0.0,1.0,8.0,8,124.6802654676539,124.6802654676539,pobre,0,4,750.0,455.0,1.0,43.0,14,310,13947,7,1.0
97,0.0,0.0,0.0,1.0,6.0,8,124.6802654676539,124.6802654676539,pobre,0,4,750.0,455.0,1.0,43.0,12,310,13948,6,1.0
98,0.0,0.0,0.0,1.0,7.0,8,124.6802654676539,124.6802654676539,pobre,0,4,750.0,455.0,1.0,43.0,13,310,13948,6,1.0
97,1.0,0.0,0.0,1.0,0.0,8,124.6802654676539,124.6802654676539,pobre,0,4,750.0,455.0,1.0,43.0,6,310,13949,0,1.0
98,1.0,0.0,0.0,1.0,0.0,8,124.6802654676539,124.6802654676539,pobre,0,4,750.0,455.0,1.0,43.0,7,310,13949,0,1.0
97,1.0,0.0,0.0,1.0,8.0,5,124.6802654676539,124.6802654676539,no pobre,0,6,1000.0,578.0,1.0,47.0,15,310,13950,8,1.0
98,1.0,0.0,0.0,0.0,8.0,5,124.6802654676539,124.6802654676539,no pobre,0,6,1000.0,578.0,1.0,47.0,16,310,13950,8,1.0
97,0.0,0.0,0.0,1.0,5.0,5,124.6802654676539,124.6802654676539,no pobre,0,6,1000.0,578.0,1.0,47.0,11,310,13951,5,1.0
98,0.0,0.0,0.0,1.0,6.0,5,124.6802654676539,124.6802654676539,no pobre,0,6,1000.0,578.0,1.0,47.0,12,310,13951,5,1.0
97,0.0,0.0,0.0,1.0,0.0,5,124.6802654676539,124.6802654676539,no pobre,0,6,1000.0,578.0,1.0,47.0,8,310,13952,0,1.0
98,0.0,0.0,0.0,1.0,1.0,5,124.6802654676539,124.6802654676539,no pobre,0,6,1000.0,578.0,1.0,47.0,9,310,13952,0,1.0
97,0.0,0.0,0.0,1.0,7.0,4,124.6802654676539,124.6802654676539,pobre,0,2,0.0,563.0,0.0,49.0,13,310,13953,7,1.0
98,0.0,0.0,0.0,1.0,8.0,4,124.6802654676539,124.6802654676539,pobre,0,2,0.0,563.0,0.0,49.0,14,310,13953,7,1.0
97,0.0,0.0,0.0,1.0,1.0,6,124.6802654676539,124.6802654676539,pobre,0,4,0.0,495.0,1.0,64.0,7,310,13954,1,1.0
98,0.0,0.0,0.0,1.0,2.0,6,124.6802654676539,124.6802654676539,pobre,0,4,0.0,495.0,1.0,64.0,8,310,13954,1,1.0
97,0.0,0.0,0.0,1.0,7.0,5,124.6802654676539,124.6802654676539,pobre,0,3,800.0,661.0,1.0,45.0,15,310,13955,7,1.0
98,0.0,0.0,0.0,1.0,8.0,5,124.6802654676539,124.6802654676539,pobre,0,3,800.0,661.0,1.0,45.0,16,310,13955,7,1.0
97,0.0,0.0,0.0,1.0,3.0,5,124.6802654676539,124.6802654676539,pobre,0,3,800.0,661.0,1.0,45.0,9,310,13956,3,1.0
98,0.0,0.0,0.0,1.0,4.0,5,124.6802654676539,124.6802654676539,pobre,0,3,800.0,661.0,1.0,45.0,10,310,13956,3,1.0
97,1.0,0.0,0.0,1.0,8.0,9,124.6802654676539,124.6802654676539,pobre,0,2,0.0,392.0,1.0,70.0,14,310,13957,8,1.0
98,1.0,0.0,0.0,0.0,9.0,9,124.6802654676539,124.6802654676539,pobre,0,2,0.0,392.0,1.0,70.0,15,310,13957,8,1.0
97,1.0,0.0,0.0,1.0,5.0,9,124.6802654676539,124.6802654676539,pobre,0,2,0.0,392.0,1.0,70.0,11,310,13958,5,1.0
98,1.0,0.0,0.0,0.0,5.0,9,124.6802654676539,124.6802654676539,pobre,0,2,0.0,392.0,1.0,70.0,12,310,13958,5,1.0
97,0.0,0.0,0.0,1.0,0.0,5,124.6802654676539,124.6802654676539,pobre,0,6,600.0,405.0,1.0,24.0,6,310,13959,0,1.0
98,0.0,0.0,0.0,1.0,0.0,5,124.6802654676539,124.6802654676539,pobre,0,6,600.0,405.0,1.0,24.0,7,310,13959,0,1.0
97,0.0,0.0,0.0,1.0,8.0,6,124.6802654676539,124.6802654676539,pobre,0,3,625.0,495.0,1.0,41.0,14,310,13960,8,1.0
98,0.0,0.0,0.0,1.0,8.0,6,124.6802654676539,124.6802654676539,pobre,0,3,625.0,495.0,1.0,41.0,15,310,13960,8,1.0
97,0.0,0.0,0.0,1.0,5.0,6,124.6802654676539,124.6802654676539,pobre,0,3,625.0,495.0,1.0,41.0,10,310,13961,5,1.0
98,0.0,0.0,0.0,1.0,5.0,6,124.6802654676539,124.6802654676539,pobre,0,3,625.0,495.0,1.0,41.0,11,310,13961,5,1.0
97,0.0,0.0,0.0,1.0,3.0,6,124.6802654676539,124.6802654676539,pobre,0,3,625.0,495.0,1.0,41.0,8,310,13962,3,1.0
98,0.0,0.0,0.0,1.0,3.0,6,124.6802654676539,124.6802654676539,pobre,0,3,625.0,495.0,1.0,41.0,9,310,13962,3,1.0
97,0.0,0.0,3.6010001,1.0,2.0,5,89.38165253308725,89.38165253308725,pobre,basal,6,1000.0,696.0,1.0,29.0,8,295,13963,2,1.0
98,0.0,0.0,3.6010001,1.0,3.0,5,89.38165253308725,89.38165253308725,pobre,basal,6,1000.0,696.0,1.0,29.0,9,295,13963,2,1.0
97,0.0,0.0,0.0,0.0,9.0,8,124.6802654676539,124.6802654676539,pobre,0,2,400.0,442.0,1.0,39.0,16,310,13964,9,0.0
98,0.0,0.0,0.0,,,8,124.6802654676539,124.6802654676539,pobre,0,2,400.0,442.0,1.0,39.0,17,310,13964,9,0.0
97,1.0,0.0,0.0,1.0,8.0,8,124.6802654676539,124.6802654676539,pobre,0,2,400.0,442.0,1.0,39.0,15,310,13965,8,1.0
98,1.0,0.0,0.0,0.0,9.0,8,124.6802654676539,124.6802654676539,pobre,0,2,400.0,442.0,1.0,39.0,16,310,13965,8,1.0
97,1.0,0.0,0.0,1.0,5.0,8,124.6802654676539,124.6802654676539,pobre,0,2,400.0,442.0,1.0,39.0,11,310,13966,5,1.0
98,1.0,0.0,0.0,1.0,6.0,8,124.6802654676539,124.6802654676539,pobre,0,2,400.0,442.0,1.0,39.0,12,310,13966,5,1.0
97,0.0,0.0,0.0,1.0,0.0,8,124.6802654676539,124.6802654676539,pobre,0,2,400.0,442.0,1.0,39.0,6,310,13967,0,1.0
98,0.0,0.0,0.0,1.0,1.0,8,124.6802654676539,124.6802654676539,pobre,0,2,400.0,442.0,1.0,39.0,7,310,13967,0,1.0
97,0.0,0.0,0.0,0.0,3.0,6,124.6802654676539,124.6802654676539,pobre,0,6,400.0,459.0,1.0,50.0,15,310,13968,3,0.0
98,0.0,0.0,0.0,0.0,9.0,6,124.6802654676539,124.6802654676539,pobre,0,6,400.0,459.0,1.0,50.0,16,310,13968,3,0.0
97,0.0,0.0,0.0,1.0,3.0,6,124.6802654676539,124.6802654676539,pobre,0,6,400.0,459.0,1.0,50.0,12,310,13969,3,1.0
98,0.0,0.0,0.0,1.0,4.0,6,124.6802654676539,124.6802654676539,pobre,0,6,400.0,459.0,1.0,50.0,13,310,13969,3,1.0
97,0.0,0.0,0.0,1.0,8.0,3,124.6802654676539,124.6802654676539,no pobre,0,4,100.0,733.0,1.0,46.0,13,310,13970,8,1.0
98,0.0,0.0,0.0,1.0,8.0,3,124.6802654676539,124.6802654676539,no pobre,0,4,100.0,733.0,1.0,46.0,14,310,13970,8,1.0
97,0.0,0.0,0.0,1.0,7.0,5,124.6802654676539,124.6802654676539,pobre,0,6,625.0,566.0,1.0,39.0,13,310,13971,7,1.0
98,0.0,0.0,0.0,1.0,8.0,5,124.6802654676539,124.6802654676539,pobre,0,6,625.0,566.0,1.0,39.0,14,310,13971,7,1.0
97,0.0,0.0,0.0,1.0,4.0,5,124.6802654676539,124.6802654676539,pobre,0,6,625.0,566.0,1.0,39.0,10,310,13972,4,1.0
98,0.0,0.0,0.0,1.0,5.0,5,124.6802654676539,124.6802654676539,pobre,0,6,625.0,566.0,1.0,39.0,11,310,13972,4,1.0
97,0.0,0.0,0.0,1.0,0.0,5,124.6802654676539,124.6802654676539,pobre,0,6,625.0,566.0,1.0,39.0,7,310,13973,0,1.0
98,0.0,0.0,0.0,1.0,1.0,5,124.6802654676539,124.6802654676539,pobre,0,6,625.0,566.0,1.0,39.0,8,310,13973,0,1.0
97,0.0,0.0,0.0,1.0,4.0,4,124.6802654676539,124.6802654676539,no pobre,0,16,4000.0,679.0,1.0,36.0,10,310,13974,4,1.0
98,0.0,0.0,0.0,1.0,5.0,4,124.6802654676539,124.6802654676539,no pobre,0,16,4000.0,679.0,1.0,36.0,11,310,13974,4,1.0
97,1.0,0.0,0.0,1.0,1.0,5,124.6802654676539,124.6802654676539,pobre,0,1,0.0,545.0,0.0,61.0,7,310,13975,1,1.0
98,1.0,0.0,0.0,1.0,2.0,5,124.6802654676539,124.6802654676539,pobre,0,1,0.0,545.0,0.0,61.0,8,310,13975,1,1.0
97,1.0,0.0,0.0,1.0,1.0,5,124.6802654676539,124.6802654676539,pobre,0,1,0.0,545.0,0.0,61.0,7,310,13976,1,1.0
98,1.0,0.0,0.0,1.0,2.0,5,124.6802654676539,124.6802654676539,pobre,0,1,0.0,545.0,0.0,61.0,8,310,13976,1,1.0
97,1.0,0.0,0.0,1.0,0.0,5,124.6802654676539,124.6802654676539,pobre,0,3,750.0,520.0,1.0,32.0,6,310,13977,0,1.0
98,1.0,0.0,0.0,1.0,1.0,5,124.6802654676539,124.6802654676539,pobre,0,3,750.0,520.0,1.0,32.0,7,310,13977,0,1.0
97,1.0,,0.0,1.0,7.0,6,124.6802654676539,124.6802654676539,pobre,0,1,750.0,471.0,1.0,41.0,13,310,13978,7,1.0
98,1.0,,0.0,1.0,8.0,6,124.6802654676539,124.6802654676539,pobre,0,1,750.0,471.0,1.0,41.0,14,310,13978,7,1.0
97,0.0,0.0,0.0,1.0,5.0,6,124.6802654676539,124.6802654676539,pobre,0,1,750.0,471.0,1.0,41.0,11,310,13979,5,1.0
98,0.0,0.0,0.0,1.0,6.0,6,124.6802654676539,124.6802654676539,pobre,0,1,750.0,471.0,1.0,41.0,12,310,13979,5,1.0
97,0.0,0.0,0.0,1.0,4.0,6,124.6802654676539,124.6802654676539,pobre,0,1,750.0,471.0,1.0,41.0,10,310,13980,4,1.0
98,0.0,0.0,0.0,1.0,5.0,6,124.6802654676539,124.6802654676539,pobre,0,1,750.0,471.0,1.0,41.0,11,310,13980,4,1.0
97,0.0,0.0,0.0,1.0,3.0,6,124.6802654676539,124.6802654676539,pobre,0,1,750.0,471.0,1.0,41.0,9,310,13981,3,1.0
98,0.0,0.0,0.0,1.0,4.0,6,124.6802654676539,124.6802654676539,pobre,0,1,750.0,471.0,1.0,41.0,10,310,13981,3,1.0
97,1.0,0.0,0.0,1.0,3.0,6,124.6802654676539,124.6802654676539,pobre,0,4,750.0,498.0,1.0,30.0,9,310,13982,3,1.0
98,1.0,0.0,0.0,1.0,4.0,6,124.6802654676539,124.6802654676539,pobre,0,4,750.0,498.0,1.0,30.0,10,310,13982,3,1.0
97,1.0,0.0,0.0,1.0,1.0,6,124.6802654676539,124.6802654676539,pobre,0,4,750.0,498.0,1.0,30.0,7,310,13983,1,1.0
98,1.0,0.0,0.0,1.0,2.0,6,124.6802654676539,124.6802654676539,pobre,0,4,750.0,498.0,1.0,30.0,8,310,13983,1,1.0
97,0.0,0.0,0.0,1.0,8.0,6,124.6802654676539,124.6802654676539,pobre,0,2,0.0,542.0,1.0,51.0,15,310,13984,8,1.0
98,0.0,0.0,0.0,0.0,9.0,6,124.6802654676539,124.6802654676539,pobre,0,2,0.0,542.0,1.0,51.0,16,310,13984,8,1.0
97,0.0,0.0,0.0,1.0,7.0,6,124.6802654676539,124.6802654676539,pobre,0,6,1200.0,531.0,1.0,38.0,14,310,13985,7,1.0
98,0.0,0.0,0.0,0.0,8.0,6,124.6802654676539,124.6802654676539,pobre,0,6,1200.0,531.0,1.0,38.0,15,310,13985,7,1.0
97,0.0,0.0,0.0,1.0,6.0,6,124.6802654676539,124.6802654676539,pobre,0,6,1200.0,531.0,1.0,38.0,12,310,13986,6,1.0
98,0.0,0.0,0.0,1.0,7.0,6,124.6802654676539,124.6802654676539,pobre,0,6,1200.0,531.0,1.0,38.0,13,310,13986,6,1.0
97,1.0,0.0,0.0,1.0,3.0,6,124.6802654676539,124.6802654676539,pobre,0,6,1200.0,531.0,1.0,38.0,10,310,13987,3,1.0
98,1.0,0.0,0.0,1.0,4.0,6,124.6802654676539,124.6802654676539,pobre,0,6,1200.0,531.0,1.0,38.0,11,310,13987,3,1.0
97,0.0,0.0,0.0,0.0,6.0,4,124.6802654676539,124.6802654676539,pobre,0,2,625.0,597.0,1.0,51.0,13,310,13988,6,0.0
98,0.0,0.0,0.0,0.0,6.0,4,124.6802654676539,124.6802654676539,pobre,0,2,625.0,597.0,1.0,51.0,14,310,13988,6,0.0
97,1.0,0.0,0.0,1.0,5.0,4,124.6802654676539,124.6802654676539,pobre,0,2,625.0,597.0,1.0,51.0,11,310,13989,5,1.0
98,1.0,0.0,0.0,1.0,6.0,4,124.6802654676539,124.6802654676539,pobre,0,2,625.0,597.0,1.0,51.0,12,310,13989,5,1.0
97,0.0,0.0,0.0,1.0,6.0,6,124.6802654676539,124.6802654676539,pobre,0,6,625.0,668.0,1.0,32.0,16,310,13990,6,1.0
98,0.0,0.0,0.0,,,6,124.6802654676539,124.6802654676539,pobre,0,6,625.0,668.0,1.0,32.0,17,310,13990,6,1.0
97,0.0,0.0,0.0,1.0,4.0,6,124.6802654676539,124.6802654676539,pobre,0,6,625.0,668.0,1.0,32.0,10,310,13991,4,1.0
98,0.0,0.0,0.0,1.0,5.0,6,124.6802654676539,124.6802654676539,pobre,0,6,625.0,668.0,1.0,32.0,11,310,13991,4,1.0
97,1.0,0.0,0.0,1.0,0.0,6,124.6802654676539,124.6802654676539,pobre,0,6,625.0,668.0,1.0,32.0,7,310,13992,0,1.0
98,1.0,0.0,0.0,1.0,1.0,6,124.6802654676539,124.6802654676539,pobre,0,6,625.0,668.0,1.0,32.0,8,310,13992,0,1.0
97,0.0,0.0,0.0,0.0,6.0,9,124.6802654676539,124.6802654676539,pobre,0,4,0.0,583.0,1.0,39.0,16,310,13993,6,0.0
98,0.0,0.0,0.0,,,9,124.6802654676539,124.6802654676539,pobre,0,4,0.0,583.0,1.0,39.0,17,310,13993,6,0.0
97,1.0,0.0,0.0,1.0,6.0,9,124.6802654676539,124.6802654676539,pobre,0,4,0.0,583.0,1.0,39.0,14,310,13994,6,1.0
98,1.0,0.0,0.0,1.0,7.0,9,124.6802654676539,124.6802654676539,pobre,0,4,0.0,583.0,1.0,39.0,15,310,13994,6,1.0
97,0.0,0.0,0.0,1.0,5.0,9,124.6802654676539,124.6802654676539,pobre,0,4,0.0,583.0,1.0,39.0,12,310,13995,5,1.0
98,0.0,0.0,0.0,0.0,6.0,9,124.6802654676539,124.6802654676539,pobre,0,4,0.0,583.0,1.0,39.0,13,310,13995,5,1.0
97,1.0,0.0,0.0,1.0,2.0,9,124.6802654676539,124.6802654676539,pobre,0,4,0.0,583.0,1.0,39.0,9,310,13996,2,1.0
98,1.0,0.0,0.0,1.0,3.0,9,124.6802654676539,124.6802654676539,pobre,0,4,0.0,583.0,1.0,39.0,10,310,13996,2,1.0
97,1.0,0.0,0.0,1.0,0.0,9,124.6802654676539,124.6802654676539,pobre,0,4,0.0,583.0,1.0,39.0,7,310,13997,0,1.0
98,1.0,0.0,0.0,1.0,1.0,9,124.6802654676539,124.6802654676539,pobre,0,4,0.0,583.0,1.0,39.0,8,310,13997,0,1.0
97,0.0,0.0,0.0,0.0,6.0,5,124.6802654676539,124.6802654676539,no pobre,0,6,0.0,601.0,1.0,34.0,15,310,13998,6,0.0
98,0.0,0.0,0.0,0.0,6.0,5,124.6802654676539,124.6802654676539,no pobre,0,6,0.0,601.0,1.0,34.0,16,310,13998,6,0.0
97,0.0,0.0,0.0,0.0,6.0,5,124.6802654676539,124.6802654676539,no pobre,0,6,0.0,601.0,1.0,34.0,13,310,13999,6,0.0
98,0.0,0.0,0.0,0.0,6.0,5,124.6802654676539,124.6802654676539,no pobre,0,6,0.0,601.0,1.0,34.0,14,310,13999,6,0.0
97,1.0,0.0,0.0,1.0,3.0,5,124.6802654676539,124.6802654676539,no pobre,0,6,0.0,601.0,1.0,34.0,10,310,14000,3,1.0
98,1.0,0.0,0.0,1.0,4.0,5,124.6802654676539,124.6802654676539,no pobre,0,6,0.0,601.0,1.0,34.0,11,310,14000,3,1.0
97,0.0,0.0,0.0,1.0,6.0,5,124.6802654676539,124.6802654676539,pobre,0,4,625.0,527.0,1.0,37.0,13,310,14001,6,1.0
98,0.0,0.0,0.0,1.0,7.0,5,124.6802654676539,124.6802654676539,pobre,0,4,625.0,527.0,1.0,37.0,14,310,14001,6,1.0
97,1.0,0.0,0.0,1.0,3.0,5,124.6802654676539,124.6802654676539,pobre,0,4,625.0,527.0,1.0,37.0,10,310,14002,3,1.0
98,1.0,0.0,0.0,1.0,4.0,5,124.6802654676539,124.6802654676539,pobre,0,4,625.0,527.0,1.0,37.0,11,310,14002,3,1.0
97,1.0,0.0,0.0,1.0,2.0,5,124.6802654676539,124.6802654676539,pobre,0,4,625.0,527.0,1.0,37.0,7,310,14003,2,1.0
98,1.0,0.0,0.0,1.0,2.0,5,124.6802654676539,124.6802654676539,pobre,0,4,625.0,527.0,1.0,37.0,8,310,14003,2,1.0
97,1.0,0.0,0.0,1.0,9.0,7,124.6802654676539,124.6802654676539,no pobre,0,3,600.0,695.0,1.0,37.0,15,310,14004,9,1.0
98,1.0,0.0,0.0,,,7,124.6802654676539,124.6802654676539,no pobre,0,3,600.0,695.0,1.0,37.0,16,310,14004,9,1.0
97,1.0,0.0,0.0,1.0,7.0,7,124.6802654676539,124.6802654676539,no pobre,0,3,600.0,695.0,1.0,37.0,13,310,14005,7,1.0
98,1.0,0.0,0.0,1.0,7.0,7,124.6802654676539,124.6802654676539,no pobre,0,3,600.0,695.0,1.0,37.0,14,310,14005,7,1.0
97,0.0,0.0,0.0,1.0,4.0,6,124.6802654676539,124.6802654676539,pobre,0,0,625.0,455.0,1.0,36.0,10,310,14006,4,1.0
98,0.0,0.0,0.0,1.0,5.0,6,124.6802654676539,124.6802654676539,pobre,0,0,625.0,455.0,1.0,36.0,11,310,14006,4,1.0
97,0.0,0.0,0.0,1.0,3.0,6,124.6802654676539,124.6802654676539,pobre,0,0,625.0,455.0,1.0,36.0,9,310,14007,3,1.0
98,0.0,0.0,0.0,1.0,4.0,6,124.6802654676539,124.6802654676539,pobre,0,0,625.0,455.0,1.0,36.0,10,310,14007,3,1.0
97,0.0,0.0,0.0,1.0,2.0,6,124.6802654676539,124.6802654676539,pobre,0,0,625.0,455.0,1.0,36.0,7,310,14008,2,1.0
98,0.0,0.0,0.0,1.0,2.0,6,124.6802654676539,124.6802654676539,pobre,0,0,625.0,455.0,1.0,36.0,8,310,14008,2,1.0
97,0.0,0.0,3.6010001,,0.0,2,89.38165253308725,89.38165253308725,pobre,basal,9,1000.0,831.33099,1.0,30.0,15,295,14009,0,
98,0.0,0.0,3.6010001,,,2,89.38165253308725,89.38165253308725,pobre,basal,9,1000.0,831.33099,1.0,30.0,16,295,14009,0,
97,0.0,0.0,2.651,0.0,9.0,9,62.54823852241724,62.54823852241724,pobre,0,3,83.333336,684.0,1.0,42.0,15,276,14010,9,0.0
98,0.0,0.0,2.651,0.0,9.0,9,62.54823852241724,62.54823852241724,pobre,0,3,83.333336,684.0,1.0,42.0,16,276,14010,9,0.0
97,0.0,0.0,2.651,1.0,7.0,9,62.54823852241724,62.54823852241724,pobre,0,3,83.333336,684.0,1.0,42.0,13,276,14011,7,1.0
98,0.0,0.0,2.651,1.0,8.0,9,62.54823852241724,62.54823852241724,pobre,0,3,83.333336,684.0,1.0,42.0,14,276,14011,7,1.0
97,0.0,0.0,2.651,1.0,5.0,9,62.54823852241724,62.54823852241724,pobre,0,3,83.333336,684.0,1.0,42.0,11,276,14012,5,1.0
98,0.0,0.0,2.651,1.0,6.0,9,62.54823852241724,62.54823852241724,pobre,0,3,83.333336,684.0,1.0,42.0,12,276,14012,5,1.0
97,1.0,0.0,2.651,1.0,3.0,9,62.54823852241724,62.54823852241724,pobre,0,3,83.333336,684.0,1.0,42.0,9,276,14013,3,1.0
98,1.0,0.0,2.651,1.0,4.0,9,62.54823852241724,62.54823852241724,pobre,0,3,83.333336,684.0,1.0,42.0,10,276,14013,3,1.0
97,1.0,0.0,2.651,1.0,0.0,9,62.54823852241724,62.54823852241724,pobre,0,3,83.333336,684.0,1.0,42.0,6,276,14014,0,1.0
98,1.0,0.0,2.651,1.0,1.0,9,62.54823852241724,62.54823852241724,pobre,0,3,83.333336,684.0,1.0,42.0,7,276,14014,0,1.0
97,1.0,0.0,0.0,1.0,6.0,6,124.6802654676539,124.6802654676539,pobre,0,5,1000.0,628.0,1.0,46.0,13,310,14015,6,1.0
98,1.0,0.0,0.0,1.0,7.0,6,124.6802654676539,124.6802654676539,pobre,0,5,1000.0,628.0,1.0,46.0,14,310,14015,6,1.0
97,0.0,0.0,0.0,1.0,4.0,6,124.6802654676539,124.6802654676539,pobre,0,5,1000.0,628.0,1.0,46.0,11,310,14016,4,1.0
98,0.0,0.0,0.0,1.0,5.0,6,124.6802654676539,124.6802654676539,pobre,0,5,1000.0,628.0,1.0,46.0,12,310,14016,4,1.0
97,1.0,0.0,0.0,1.0,1.0,6,124.6802654676539,124.6802654676539,pobre,0,5,1000.0,628.0,1.0,46.0,7,310,14017,1,1.0
98,1.0,0.0,0.0,1.0,2.0,6,124.6802654676539,124.6802654676539,pobre,0,5,1000.0,628.0,1.0,46.0,8,310,14017,1,1.0
97,1.0,0.0,0.0,0.0,9.0,3,124.6802654676539,124.6802654676539,no pobre,0,2,1250.0,679.0,1.0,47.0,16,310,14018,9,0.0
98,1.0,0.0,0.0,,,3,124.6802654676539,124.6802654676539,no pobre,0,2,1250.0,679.0,1.0,47.0,17,310,14018,9,0.0
97,0.0,0.0,0.0,0.0,6.0,6,124.6802654676539,124.6802654676539,pobre,0,3,0.0,523.0,1.0,46.0,14,310,14019,6,0.0
98,0.0,0.0,0.0,0.0,6.0,6,124.6802654676539,124.6802654676539,pobre,0,3,0.0,523.0,1.0,46.0,15,310,14019,6,0.0
97,1.0,0.0,0.0,1.0,4.0,6,124.6802654676539,124.6802654676539,pobre,0,3,0.0,523.0,1.0,46.0,11,310,14020,4,1.0
98,1.0,0.0,0.0,1.0,5.0,6,124.6802654676539,124.6802654676539,pobre,0,3,0.0,523.0,1.0,46.0,12,310,14020,4,1.0
97,0.0,0.0,0.0,1.0,0.0,6,124.6802654676539,124.6802654676539,pobre,0,3,0.0,523.0,1.0,46.0,6,310,14021,0,1.0
98,0.0,0.0,0.0,1.0,1.0,6,124.6802654676539,124.6802654676539,pobre,0,3,0.0,523.0,1.0,46.0,7,310,14021,0,1.0
97,1.0,0.0,0.0,1.0,3.0,7,124.6802654676539,124.6802654676539,no pobre,0,3,400.0,674.0,1.0,65.0,9,310,14022,3,1.0
98,1.0,0.0,0.0,1.0,3.0,7,124.6802654676539,124.6802654676539,no pobre,0,3,400.0,674.0,1.0,65.0,10,310,14022,3,1.0
97,0.0,0.0,0.0,1.0,0.0,7,124.6802654676539,124.6802654676539,no pobre,0,3,0.0,636.0,1.0,74.0,6,310,14023,0,1.0
98,0.0,0.0,0.0,1.0,1.0,7,124.6802654676539,124.6802654676539,no pobre,0,3,0.0,636.0,1.0,74.0,7,310,14023,0,1.0
97,1.0,0.0,0.0,0.0,4.0,10,124.6802654676539,124.6802654676539,pobre,0,0,750.0,345.0,1.0,65.0,16,310,14024,4,0.0
98,1.0,0.0,0.0,,,10,124.6802654676539,124.6802654676539,pobre,0,0,750.0,345.0,1.0,65.0,17,310,14024,4,0.0
97,0.0,0.0,0.0,1.0,5.0,10,124.6802654676539,124.6802654676539,pobre,0,0,750.0,345.0,1.0,65.0,13,310,14025,5,1.0
98,0.0,0.0,0.0,,,10,124.6802654676539,124.6802654676539,pobre,0,0,750.0,345.0,1.0,65.0,14,310,14025,5,1.0
97,0.0,0.0,0.0,1.0,3.0,10,124.6802654676539,124.6802654676539,pobre,0,0,750.0,345.0,1.0,65.0,11,310,14026,3,1.0
98,0.0,0.0,0.0,0.0,4.0,10,124.6802654676539,124.6802654676539,pobre,0,0,750.0,345.0,1.0,65.0,12,310,14026,3,1.0
97,1.0,0.0,0.0,1.0,0.0,10,124.6802654676539,124.6802654676539,pobre,0,0,750.0,345.0,1.0,65.0,8,310,14027,0,1.0
98,1.0,0.0,0.0,1.0,1.0,10,124.6802654676539,124.6802654676539,pobre,0,0,750.0,345.0,1.0,65.0,9,310,14027,0,1.0
97,1.0,0.0,0.0,1.0,6.0,10,124.6802654676539,124.6802654676539,no pobre,0,1,0.0,624.0,1.0,59.0,14,310,14028,6,1.0
98,1.0,0.0,0.0,0.0,6.0,10,124.6802654676539,124.6802654676539,no pobre,0,1,0.0,624.0,1.0,59.0,15,310,14028,6,1.0
97,1.0,0.0,0.0,0.0,6.0,10,124.6802654676539,124.6802654676539,pobre,0,2,750.0,516.0,1.0,44.0,16,310,14029,6,0.0
98,1.0,0.0,0.0,,,10,124.6802654676539,124.6802654676539,pobre,0,2,750.0,516.0,1.0,44.0,17,310,14029,6,0.0
97,1.0,0.0,0.0,0.0,6.0,10,124.6802654676539,124.6802654676539,pobre,0,2,750.0,516.0,1.0,44.0,15,310,14030,6,0.0
98,1.0,0.0,0.0,,,10,124.6802654676539,124.6802654676539,pobre,0,2,750.0,516.0,1.0,44.0,16,310,14030,6,0.0
97,0.0,0.0,0.0,0.0,8.0,10,124.6802654676539,124.6802654676539,pobre,0,2,750.0,516.0,1.0,44.0,13,310,14031,8,0.0
98,0.0,0.0,0.0,,,10,124.6802654676539,124.6802654676539,pobre,0,2,750.0,516.0,1.0,44.0,14,310,14031,8,0.0
97,1.0,0.0,0.0,0.0,6.0,10,124.6802654676539,124.6802654676539,pobre,0,2,750.0,516.0,1.0,44.0,13,310,14032,6,0.0
98,1.0,0.0,0.0,,,10,124.6802654676539,124.6802654676539,pobre,0,2,750.0,516.0,1.0,44.0,14,310,14032,6,0.0
97,1.0,0.0,0.0,1.0,1.0,10,124.6802654676539,124.6802654676539,pobre,0,2,750.0,516.0,1.0,44.0,8,310,14033,1,1.0
98,1.0,0.0,0.0,,,10,124.6802654676539,124.6802654676539,pobre,0,2,750.0,516.0,1.0,44.0,9,310,14033,1,1.0
97,0.0,0.0,0.0,1.0,0.0,10,124.6802654676539,124.6802654676539,pobre,0,2,750.0,516.0,1.0,44.0,6,310,14034,0,1.0
98,0.0,0.0,0.0,,,10,124.6802654676539,124.6802654676539,pobre,0,2,750.0,516.0,1.0,44.0,7,310,14034,0,1.0
97,1.0,0.0,0.0,0.0,6.0,14,124.6802654676539,124.6802654676539,no pobre,0,2,400.0,600.0,1.0,39.0,16,310,14035,6,0.0
98,1.0,0.0,0.0,1.0,6.0,14,124.6802654676539,124.6802654676539,no pobre,0,2,400.0,600.0,1.0,39.0,17,310,14035,6,0.0
97,0.0,0.0,0.0,1.0,7.0,14,124.6802654676539,124.6802654676539,no pobre,0,2,400.0,600.0,1.0,39.0,14,310,14036,7,1.0
98,0.0,0.0,0.0,1.0,8.0,14,124.6802654676539,124.6802654676539,no pobre,0,2,400.0,600.0,1.0,39.0,15,310,14036,7,1.0
97,0.0,0.0,0.0,0.0,6.0,14,124.6802654676539,124.6802654676539,no pobre,0,2,400.0,600.0,1.0,39.0,12,310,14037,6,0.0
98,0.0,0.0,0.0,1.0,7.0,14,124.6802654676539,124.6802654676539,no pobre,0,2,400.0,600.0,1.0,39.0,13,310,14037,6,0.0
97,0.0,0.0,0.0,1.0,3.0,14,124.6802654676539,124.6802654676539,no pobre,0,2,400.0,600.0,1.0,39.0,9,310,14038,3,1.0
98,0.0,0.0,0.0,1.0,4.0,14,124.6802654676539,124.6802654676539,no pobre,0,2,400.0,600.0,1.0,39.0,10,310,14038,3,1.0
97,0.0,0.0,0.0,1.0,0.0,14,124.6802654676539,124.6802654676539,no pobre,0,2,400.0,600.0,1.0,39.0,6,310,14039,0,1.0
98,0.0,0.0,0.0,1.0,1.0,14,124.6802654676539,124.6802654676539,no pobre,0,2,400.0,600.0,1.0,39.0,7,310,14039,0,1.0
97,0.0,0.0,0.0,0.0,6.0,8,124.6802654676539,124.6802654676539,pobre,0,2,600.0,535.0,1.0,58.0,13,310,14040,6,0.0
98,0.0,0.0,0.0,0.0,6.0,8,124.6802654676539,124.6802654676539,pobre,0,2,600.0,535.0,1.0,58.0,14,310,14040,6,0.0
97,0.0,0.0,0.0,1.0,0.0,8,124.6802654676539,124.6802654676539,pobre,0,2,600.0,535.0,1.0,58.0,7,310,14041,0,1.0
98,0.0,0.0,0.0,1.0,1.0,8,124.6802654676539,124.6802654676539,pobre,0,2,600.0,535.0,1.0,58.0,8,310,14041,0,1.0
97,0.0,0.0,0.0,0.0,6.0,12,124.6802654676539,124.6802654676539,pobre,0,0,625.0,672.0,1.0,64.0,14,310,14042,6,0.0
98,0.0,0.0,0.0,0.0,6.0,12,124.6802654676539,124.6802654676539,pobre,0,0,625.0,672.0,1.0,64.0,15,310,14042,6,0.0
97,1.0,0.0,0.0,1.0,8.0,7,124.6802654676539,124.6802654676539,pobre,0,2,625.0,448.0,1.0,41.0,16,310,14043,8,1.0
98,1.0,0.0,0.0,,,7,124.6802654676539,124.6802654676539,pobre,0,2,625.0,448.0,1.0,41.0,17,310,14043,8,1.0
97,0.0,0.0,0.0,1.0,5.0,7,124.6802654676539,124.6802654676539,pobre,0,2,625.0,448.0,1.0,41.0,13,310,14044,5,1.0
98,0.0,0.0,0.0,1.0,6.0,7,124.6802654676539,124.6802654676539,pobre,0,2,625.0,448.0,1.0,41.0,14,310,14044,5,1.0
97,1.0,0.0,0.0,1.0,4.0,7,124.6802654676539,124.6802654676539,pobre,0,2,625.0,448.0,1.0,41.0,12,310,14045,4,1.0
98,1.0,0.0,0.0,1.0,5.0,7,124.6802654676539,124.6802654676539,pobre,0,2,625.0,448.0,1.0,41.0,13,310,14045,4,1.0
97,1.0,0.0,0.0,1.0,3.0,7,124.6802654676539,124.6802654676539,pobre,0,2,625.0,448.0,1.0,41.0,11,310,14046,3,1.0
98,1.0,0.0,0.0,,,7,124.6802654676539,124.6802654676539,pobre,0,2,625.0,448.0,1.0,41.0,12,310,14046,3,1.0
97,1.0,0.0,0.0,1.0,0.0,7,124.6802654676539,124.6802654676539,pobre,0,1,625.0,546.0,1.0,65.0,6,310,14047,0,1.0
98,1.0,0.0,0.0,,,7,124.6802654676539,124.6802654676539,pobre,0,1,625.0,546.0,1.0,65.0,7,310,14047,0,1.0
97,0.0,0.0,0.0,,8.0,6,124.6802654676539,124.6802654676539,no pobre,0,3,0.0,638.0,1.0,61.0,14,310,14048,8,
98,0.0,0.0,0.0,0.0,9.0,6,124.6802654676539,124.6802654676539,no pobre,0,3,0.0,638.0,1.0,61.0,15,310,14048,8,
97,0.0,0.0,0.0,1.0,8.0,10,124.6802654676539,124.6802654676539,pobre,0,2,2000.0,538.0,1.0,51.0,15,310,14049,8,1.0
98,0.0,0.0,0.0,0.0,9.0,10,124.6802654676539,124.6802654676539,pobre,0,2,2000.0,538.0,1.0,51.0,16,310,14049,8,1.0
97,1.0,0.0,0.0,1.0,1.0,10,124.6802654676539,124.6802654676539,pobre,0,2,2000.0,538.0,1.0,51.0,6,310,14050,1,1.0
98,1.0,0.0,0.0,1.0,1.0,10,124.6802654676539,124.6802654676539,pobre,0,2,2000.0,538.0,1.0,51.0,7,310,14050,1,1.0
97,0.0,0.0,0.0,0.0,6.0,8,124.6802654676539,124.6802654676539,pobre,0,0,625.0,583.0,1.0,44.0,13,310,14051,6,0.0
98,0.0,0.0,0.0,0.0,6.0,8,124.6802654676539,124.6802654676539,pobre,0,0,625.0,583.0,1.0,44.0,14,310,14051,6,0.0
97,1.0,0.0,0.0,0.0,4.0,8,124.6802654676539,124.6802654676539,pobre,0,2,625.0,547.0,1.0,57.0,13,310,14052,4,0.0
98,1.0,0.0,0.0,0.0,4.0,8,124.6802654676539,124.6802654676539,pobre,0,2,625.0,547.0,1.0,57.0,14,310,14052,4,0.0
97,1.0,0.0,0.0,1.0,3.0,8,124.6802654676539,124.6802654676539,pobre,0,2,625.0,547.0,1.0,57.0,9,310,14053,3,1.0
98,1.0,0.0,0.0,1.0,4.0,8,124.6802654676539,124.6802654676539,pobre,0,2,625.0,547.0,1.0,57.0,10,310,14053,3,1.0
97,1.0,0.0,0.0,1.0,1.0,8,124.6802654676539,124.6802654676539,pobre,0,2,625.0,547.0,1.0,57.0,7,310,14054,1,1.0
98,1.0,0.0,0.0,1.0,2.0,8,124.6802654676539,124.6802654676539,pobre,0,2,625.0,547.0,1.0,57.0,8,310,14054,1,1.0
97,1.0,0.0,0.0,,0.0,8,124.6802654676539,124.6802654676539,pobre,0,2,625.0,547.0,1.0,57.0,6,310,14055,0,
98,1.0,0.0,0.0,1.0,1.0,8,124.6802654676539,124.6802654676539,pobre,0,2,625.0,547.0,1.0,57.0,7,310,14055,0,
97,0.0,0.0,0.0,0.0,9.0,3,124.6802654676539,124.6802654676539,no pobre,0,0,0.0,609.0,1.0,61.0,15,310,14056,9,0.0
98,0.0,0.0,0.0,,,3,124.6802654676539,124.6802654676539,no pobre,0,0,0.0,609.0,1.0,61.0,16,310,14056,9,0.0
97,1.0,0.0,0.0,1.0,9.0,7,124.6802654676539,124.6802654676539,pobre,0,6,450.0,495.0,1.0,43.0,15,310,14057,9,1.0
98,1.0,0.0,0.0,1.0,11.0,7,124.6802654676539,124.6802654676539,pobre,0,6,450.0,495.0,1.0,43.0,16,310,14057,9,1.0
97,0.0,0.0,0.0,1.0,8.0,7,124.6802654676539,124.6802654676539,pobre,0,6,450.0,495.0,1.0,43.0,14,310,14058,8,1.0
98,0.0,0.0,0.0,1.0,10.0,7,124.6802654676539,124.6802654676539,pobre,0,6,450.0,495.0,1.0,43.0,15,310,14058,8,1.0
97,0.0,0.0,0.0,1.0,3.0,7,124.6802654676539,124.6802654676539,pobre,0,6,450.0,495.0,1.0,43.0,9,310,14059,3,1.0
98,0.0,0.0,0.0,1.0,4.0,7,124.6802654676539,124.6802654676539,pobre,0,6,450.0,495.0,1.0,43.0,10,310,14059,3,1.0
97,1.0,0.0,0.0,1.0,8.0,9,124.6802654676539,124.6802654676539,pobre,0,6,0.0,532.0,1.0,56.0,16,310,14060,8,1.0
98,1.0,0.0,0.0,,,9,124.6802654676539,124.6802654676539,pobre,0,6,0.0,532.0,1.0,56.0,17,310,14060,8,1.0
97,1.0,0.0,0.0,1.0,8.0,9,124.6802654676539,124.6802654676539,pobre,0,6,0.0,532.0,1.0,56.0,15,310,14061,8,1.0
98,1.0,0.0,0.0,0.0,9.0,9,124.6802654676539,124.6802654676539,pobre,0,6,0.0,532.0,1.0,56.0,16,310,14061,8,1.0
97,0.0,0.0,0.0,1.0,2.0,9,124.6802654676539,124.6802654676539,pobre,0,6,0.0,532.0,1.0,56.0,8,310,14062,2,1.0
98,0.0,0.0,0.0,1.0,3.0,9,124.6802654676539,124.6802654676539,pobre,0,6,0.0,532.0,1.0,56.0,9,310,14062,2,1.0
97,0.0,0.0,0.0,1.0,1.0,9,124.6802654676539,124.6802654676539,pobre,0,6,0.0,532.0,1.0,56.0,7,310,14063,1,1.0
98,0.0,0.0,0.0,1.0,2.0,9,124.6802654676539,124.6802654676539,pobre,0,6,0.0,532.0,1.0,56.0,8,310,14063,1,1.0
97,0.0,0.0,0.0,1.0,3.0,6,124.6802654676539,124.6802654676539,pobre,0,9,2800.0,516.0,1.0,31.0,9,310,14064,3,1.0
98,0.0,0.0,0.0,1.0,4.0,6,124.6802654676539,124.6802654676539,pobre,0,9,2800.0,516.0,1.0,31.0,10,310,14064,3,1.0
97,1.0,0.0,0.0,,0.0,6,124.6802654676539,124.6802654676539,pobre,0,9,2800.0,516.0,1.0,31.0,7,310,14065,0,
98,1.0,0.0,0.0,,,6,124.6802654676539,124.6802654676539,pobre,0,9,2800.0,516.0,1.0,31.0,8,310,14065,0,
97,0.0,0.0,0.0,0.0,9.0,10,149.7186811394806,149.7186811394806,pobre,basal,2,0.0,623.0,1.0,82.0,14,308,14066,9,0.0
98,0.0,0.0,0.0,0.0,9.0,10,149.7186811394806,149.7186811394806,pobre,basal,2,0.0,623.0,1.0,82.0,15,308,14066,9,0.0
97,1.0,0.0,0.0,1.0,2.0,10,149.7186811394806,149.7186811394806,pobre,basal,2,0.0,623.0,1.0,82.0,8,308,14067,2,1.0
98,1.0,0.0,0.0,1.0,2.0,10,149.7186811394806,149.7186811394806,pobre,basal,2,0.0,623.0,1.0,82.0,9,308,14067,2,1.0
97,1.0,0.0,0.0,1.0,6.0,9,149.7186811394806,149.7186811394806,no pobre,basal,2,0.0,681.71002,0.0,43.0,13,308,14068,6,1.0
98,1.0,0.0,0.0,1.0,7.0,9,149.7186811394806,149.7186811394806,no pobre,basal,2,0.0,681.71002,0.0,43.0,14,308,14068,6,1.0
97,1.0,0.0,0.0,0.0,9.0,6,149.7186811394806,149.7186811394806,no pobre,basal,3,0.0,605.0,1.0,47.0,14,308,14069,9,0.0
98,1.0,0.0,0.0,0.0,9.0,6,149.7186811394806,149.7186811394806,no pobre,basal,3,0.0,605.0,1.0,47.0,15,308,14069,9,0.0
97,0.0,0.0,0.0,1.0,5.0,6,149.7186811394806,149.7186811394806,no pobre,basal,3,0.0,605.0,1.0,47.0,10,308,14070,5,1.0
98,0.0,0.0,0.0,1.0,6.0,6,149.7186811394806,149.7186811394806,no pobre,basal,3,0.0,605.0,1.0,47.0,11,308,14070,5,1.0
97,1.0,0.0,0.0,1.0,6.0,6,149.7186811394806,149.7186811394806,pobre,basal,0,0.0,651.0,0.0,38.0,10,308,14071,6,1.0
98,1.0,0.0,0.0,1.0,6.0,6,149.7186811394806,149.7186811394806,pobre,basal,0,0.0,651.0,0.0,38.0,11,308,14071,6,1.0
97,0.0,0.0,0.0,1.0,3.0,6,149.7186811394806,149.7186811394806,pobre,basal,0,0.0,651.0,0.0,38.0,8,308,14072,3,1.0
98,0.0,0.0,0.0,1.0,3.0,6,149.7186811394806,149.7186811394806,pobre,basal,0,0.0,651.0,0.0,38.0,9,308,14072,3,1.0
97,1.0,0.0,0.0,0.0,8.0,5,149.7186811394806,149.7186811394806,no pobre,basal,8,2000.0,653.0,1.0,33.0,13,308,14073,8,0.0
98,1.0,0.0,0.0,1.0,8.0,5,149.7186811394806,149.7186811394806,no pobre,basal,8,2000.0,653.0,1.0,33.0,14,308,14073,8,0.0
97,1.0,0.0,0.0,1.0,1.0,5,149.7186811394806,149.7186811394806,no pobre,basal,8,2000.0,653.0,1.0,33.0,6,308,14074,1,1.0
98,1.0,0.0,0.0,1.0,1.0,5,149.7186811394806,149.7186811394806,no pobre,basal,8,2000.0,653.0,1.0,33.0,7,308,14074,1,1.0
97,1.0,0.0,0.0,1.0,5.0,5,149.7186811394806,149.7186811394806,pobre,basal,9,0.0,635.0,1.0,30.0,10,308,14075,5,1.0
98,1.0,0.0,0.0,1.0,5.0,5,149.7186811394806,149.7186811394806,pobre,basal,9,0.0,635.0,1.0,30.0,11,308,14075,5,1.0
97,0.0,0.0,0.0,1.0,4.0,5,149.7186811394806,149.7186811394806,pobre,basal,9,0.0,635.0,1.0,30.0,9,308,14076,4,1.0
98,0.0,0.0,0.0,1.0,4.0,5,149.7186811394806,149.7186811394806,pobre,basal,9,0.0,635.0,1.0,30.0,10,308,14076,4,1.0
97,0.0,0.0,0.0,1.0,3.0,5,149.7186811394806,149.7186811394806,pobre,basal,3,750.0,510.0,1.0,69.0,9,308,14077,3,1.0
98,0.0,0.0,0.0,1.0,3.0,5,149.7186811394806,149.7186811394806,pobre,basal,3,750.0,510.0,1.0,69.0,10,308,14077,3,1.0
97,0.0,0.0,0.0,0.0,9.0,5,149.7186811394806,149.7186811394806,pobre,basal,3,750.0,510.0,1.0,69.0,16,308,14078,9,0.0
98,0.0,0.0,0.0,,,5,149.7186811394806,149.7186811394806,pobre,basal,3,750.0,510.0,1.0,69.0,17,308,14078,9,0.0
97,1.0,0.0,0.0,1.0,6.0,5,149.7186811394806,149.7186811394806,pobre,basal,3,750.0,510.0,1.0,69.0,12,308,14079,6,1.0
98,1.0,0.0,0.0,1.0,6.0,5,149.7186811394806,149.7186811394806,pobre,basal,3,750.0,510.0,1.0,69.0,13,308,14079,6,1.0
97,1.0,0.0,0.0,0.0,4.0,4,149.7186811394806,149.7186811394806,pobre,basal,0,750.0,545.0,1.0,53.0,13,308,14080,4,0.0
98,1.0,0.0,0.0,,,4,149.7186811394806,149.7186811394806,pobre,basal,0,750.0,545.0,1.0,53.0,14,308,14080,4,0.0
97,1.0,0.0,0.0,0.0,4.0,4,149.7186811394806,149.7186811394806,pobre,basal,0,750.0,545.0,1.0,53.0,10,308,14081,4,0.0
98,1.0,0.0,0.0,,,4,149.7186811394806,149.7186811394806,pobre,basal,0,750.0,545.0,1.0,53.0,11,308,14081,4,0.0
97,1.0,0.0,0.0,0.0,6.0,7,149.7186811394806,149.7186811394806,no pobre,basal,2,750.0,631.0,1.0,60.0,16,308,14082,6,0.0
98,1.0,0.0,0.0,0.0,6.0,7,149.7186811394806,149.7186811394806,no pobre,basal,2,750.0,631.0,1.0,60.0,17,308,14082,6,0.0
97,1.0,0.0,0.0,1.0,8.0,7,149.7186811394806,149.7186811394806,no pobre,basal,2,750.0,631.0,1.0,60.0,14,308,14083,8,1.0
98,1.0,0.0,0.0,1.0,8.0,7,149.7186811394806,149.7186811394806,no pobre,basal,2,750.0,631.0,1.0,60.0,15,308,14083,8,1.0
97,1.0,0.0,0.0,1.0,3.0,7,149.7186811394806,149.7186811394806,pobre,basal,2,750.0,560.0,1.0,67.0,9,308,14084,3,1.0
98,1.0,0.0,0.0,1.0,4.0,7,149.7186811394806,149.7186811394806,pobre,basal,2,750.0,560.0,1.0,67.0,10,308,14084,3,1.0
97,1.0,0.0,0.0,1.0,4.0,7,149.7186811394806,149.7186811394806,pobre,basal,2,750.0,560.0,1.0,67.0,9,308,14085,4,1.0
98,1.0,0.0,0.0,1.0,4.0,7,149.7186811394806,149.7186811394806,pobre,basal,2,750.0,560.0,1.0,67.0,10,308,14085,4,1.0
97,1.0,0.0,0.0,1.0,5.0,3,149.7186811394806,149.7186811394806,pobre,basal,0,0.0,482.0,1.0,72.0,12,308,14086,5,1.0
98,1.0,0.0,0.0,1.0,6.0,3,149.7186811394806,149.7186811394806,pobre,basal,0,0.0,482.0,1.0,72.0,13,308,14086,5,1.0
97,1.0,0.0,0.0,0.0,5.0,5,149.7186811394806,149.7186811394806,pobre,basal,0,750.0,527.0,1.0,38.0,15,308,14087,5,0.0
98,1.0,0.0,0.0,0.0,5.0,5,149.7186811394806,149.7186811394806,pobre,basal,0,750.0,527.0,1.0,38.0,16,308,14087,5,0.0
97,1.0,0.0,0.0,1.0,4.0,5,149.7186811394806,149.7186811394806,pobre,basal,0,750.0,527.0,1.0,38.0,12,308,14088,4,1.0
98,1.0,0.0,0.0,1.0,4.0,5,149.7186811394806,149.7186811394806,pobre,basal,0,750.0,527.0,1.0,38.0,13,308,14088,4,1.0
97,0.0,0.0,0.0,1.0,10.0,6,149.7186811394806,149.7186811394806,pobre,basal,0,0.0,486.48001,1.0,60.0,16,308,14089,10,1.0
98,0.0,0.0,0.0,,,6,149.7186811394806,149.7186811394806,pobre,basal,0,0.0,486.48001,1.0,60.0,17,308,14089,10,1.0
97,0.0,0.0,0.0,1.0,8.0,6,149.7186811394806,149.7186811394806,pobre,basal,0,0.0,486.48001,1.0,60.0,14,308,14090,8,1.0
98,0.0,0.0,0.0,1.0,9.0,6,149.7186811394806,149.7186811394806,pobre,basal,0,0.0,486.48001,1.0,60.0,15,308,14090,8,1.0
97,1.0,0.0,0.0,1.0,5.0,6,149.7186811394806,149.7186811394806,pobre,basal,0,0.0,486.48001,1.0,60.0,11,308,14091,5,1.0
98,1.0,0.0,0.0,1.0,6.0,6,149.7186811394806,149.7186811394806,pobre,basal,0,0.0,486.48001,1.0,60.0,12,308,14091,5,1.0
97,1.0,0.0,0.0,1.0,0.0,6,149.7186811394806,149.7186811394806,pobre,basal,0,0.0,486.48001,1.0,60.0,6,308,14092,0,1.0
98,1.0,0.0,0.0,1.0,1.0,6,149.7186811394806,149.7186811394806,pobre,basal,0,0.0,486.48001,1.0,60.0,7,308,14092,0,1.0
97,0.0,0.0,0.0,1.0,4.0,4,149.7186811394806,149.7186811394806,pobre,basal,6,750.0,631.0,1.0,31.0,10,308,14093,4,1.0
98,0.0,0.0,0.0,1.0,5.0,4,149.7186811394806,149.7186811394806,pobre,basal,6,750.0,631.0,1.0,31.0,11,308,14093,4,1.0
97,1.0,0.0,0.0,1.0,6.0,9,149.7186811394806,149.7186811394806,pobre,basal,0,0.0,584.0,0.0,55.0,12,308,14094,6,1.0
98,1.0,0.0,0.0,1.0,3.0,9,149.7186811394806,149.7186811394806,pobre,basal,0,0.0,584.0,0.0,55.0,13,308,14094,6,1.0
97,0.0,0.0,0.0,1.0,1.0,9,149.7186811394806,149.7186811394806,pobre,basal,0,0.0,584.0,0.0,55.0,8,308,14095,1,1.0
98,0.0,0.0,0.0,1.0,2.0,9,149.7186811394806,149.7186811394806,pobre,basal,0,0.0,584.0,0.0,55.0,9,308,14095,1,1.0
97,1.0,0.0,0.0,1.0,0.0,4,149.7186811394806,149.7186811394806,pobre,basal,3,1500.0,559.0,1.0,36.0,6,308,14096,0,1.0
98,1.0,0.0,0.0,1.0,1.0,4,149.7186811394806,149.7186811394806,pobre,basal,3,1500.0,559.0,1.0,36.0,7,308,14096,0,1.0
97,1.0,0.0,0.0,0.0,6.0,5,149.7186811394806,149.7186811394806,no pobre,basal,2,0.0,668.0,1.0,34.0,16,308,14097,6,0.0
98,1.0,0.0,0.0,,,5,149.7186811394806,149.7186811394806,no pobre,basal,2,0.0,668.0,1.0,34.0,17,308,14097,6,0.0
97,0.0,0.0,0.0,0.0,6.0,5,149.7186811394806,149.7186811394806,no pobre,basal,2,0.0,668.0,1.0,34.0,14,308,14098,6,0.0
98,0.0,0.0,0.0,0.0,6.0,5,149.7186811394806,149.7186811394806,no pobre,basal,2,0.0,668.0,1.0,34.0,15,308,14098,6,0.0
97,1.0,0.0,0.0,1.0,6.0,5,149.7186811394806,149.7186811394806,no pobre,basal,2,0.0,668.0,1.0,34.0,12,308,14099,6,1.0
98,1.0,0.0,0.0,1.0,7.0,5,149.7186811394806,149.7186811394806,no pobre,basal,2,0.0,668.0,1.0,34.0,13,308,14099,6,1.0
97,1.0,0.0,0.0,0.0,9.0,12,149.7186811394806,149.7186811394806,pobre,basal,6,0.0,646.0,1.0,22.0,16,308,14100,9,0.0
98,1.0,0.0,0.0,,,12,149.7186811394806,149.7186811394806,pobre,basal,6,0.0,646.0,1.0,22.0,17,308,14100,9,0.0
97,1.0,0.0,0.0,0.0,2.0,5,149.7186811394806,149.7186811394806,no pobre,basal,0,0.0,600.0,1.0,59.0,16,308,14101,2,0.0
98,1.0,0.0,0.0,0.0,3.0,5,149.7186811394806,149.7186811394806,no pobre,basal,0,0.0,600.0,1.0,59.0,17,308,14101,2,0.0
97,0.0,0.0,0.0,,0.0,5,149.7186811394806,149.7186811394806,no pobre,basal,0,0.0,600.0,1.0,59.0,12,308,14102,0,
98,0.0,0.0,0.0,0.0,6.0,5,149.7186811394806,149.7186811394806,no pobre,basal,0,0.0,600.0,1.0,59.0,13,308,14102,0,
97,0.0,0.0,0.0,0.0,6.0,6,149.7186811394806,149.7186811394806,no pobre,basal,4,0.0,585.0,1.0,49.0,15,308,14103,6,0.0
98,0.0,0.0,0.0,0.0,6.0,6,149.7186811394806,149.7186811394806,no pobre,basal,4,0.0,585.0,1.0,49.0,16,308,14103,6,0.0
97,1.0,0.0,0.0,1.0,6.0,6,149.7186811394806,149.7186811394806,no pobre,basal,4,0.0,585.0,1.0,49.0,13,308,14104,6,1.0
98,1.0,0.0,0.0,1.0,7.0,6,149.7186811394806,149.7186811394806,no pobre,basal,4,0.0,585.0,1.0,49.0,14,308,14104,6,1.0
97,0.0,0.0,0.0,1.0,1.0,6,149.7186811394806,149.7186811394806,no pobre,basal,4,0.0,585.0,1.0,49.0,7,308,14105,1,1.0
98,0.0,0.0,0.0,1.0,1.0,6,149.7186811394806,149.7186811394806,no pobre,basal,4,0.0,585.0,1.0,49.0,8,308,14105,1,1.0
97,0.0,0.0,0.0,0.0,6.0,8,149.7186811394806,149.7186811394806,pobre,basal,2,0.0,511.0,1.0,65.0,15,308,14106,6,0.0
98,0.0,0.0,0.0,1.0,6.0,8,149.7186811394806,149.7186811394806,pobre,basal,2,0.0,511.0,1.0,65.0,16,308,14106,6,0.0
97,0.0,0.0,0.0,1.0,5.0,8,149.7186811394806,149.7186811394806,pobre,basal,2,0.0,511.0,1.0,65.0,11,308,14107,5,1.0
98,0.0,0.0,0.0,1.0,6.0,8,149.7186811394806,149.7186811394806,pobre,basal,2,0.0,511.0,1.0,65.0,12,308,14107,5,1.0
97,0.0,0.0,0.0,1.0,3.0,8,149.7186811394806,149.7186811394806,pobre,basal,2,0.0,511.0,1.0,65.0,9,308,14108,3,1.0
98,0.0,0.0,0.0,1.0,4.0,8,149.7186811394806,149.7186811394806,pobre,basal,2,0.0,511.0,1.0,65.0,10,308,14108,3,1.0
97,0.0,0.0,0.0,1.0,0.0,8,149.7186811394806,149.7186811394806,pobre,basal,2,0.0,511.0,1.0,65.0,6,308,14109,0,1.0
98,0.0,0.0,0.0,1.0,1.0,8,149.7186811394806,149.7186811394806,pobre,basal,2,0.0,511.0,1.0,65.0,7,308,14109,0,1.0
97,1.0,0.0,0.0,1.0,6.0,6,149.7186811394806,149.7186811394806,pobre,basal,0,0.0,411.54001,0.0,75.0,14,308,14110,6,1.0
98,1.0,0.0,0.0,1.0,7.0,6,149.7186811394806,149.7186811394806,pobre,basal,0,0.0,411.54001,0.0,75.0,15,308,14110,6,1.0
97,1.0,0.0,0.0,1.0,5.0,6,149.7186811394806,149.7186811394806,pobre,basal,0,0.0,411.54001,0.0,75.0,12,308,14111,5,1.0
98,1.0,0.0,0.0,1.0,6.0,6,149.7186811394806,149.7186811394806,pobre,basal,0,0.0,411.54001,0.0,75.0,13,308,14111,5,1.0
97,1.0,0.0,0.0,1.0,2.0,6,149.7186811394806,149.7186811394806,pobre,basal,5,1400.0,360.0,1.0,37.0,9,308,14112,2,1.0
98,1.0,0.0,0.0,1.0,3.0,6,149.7186811394806,149.7186811394806,pobre,basal,5,1400.0,360.0,1.0,37.0,10,308,14112,2,1.0
97,0.0,0.0,0.0,1.0,0.0,6,149.7186811394806,149.7186811394806,pobre,basal,5,1400.0,360.0,1.0,37.0,6,308,14113,0,1.0
98,0.0,0.0,0.0,1.0,1.0,6,149.7186811394806,149.7186811394806,pobre,basal,5,1400.0,360.0,1.0,37.0,7,308,14113,0,1.0
97,0.0,0.0,0.0,0.0,9.0,8,149.7186811394806,149.7186811394806,pobre,basal,3,1000.0,524.0,1.0,44.0,16,308,14114,9,0.0
98,0.0,0.0,0.0,,,8,149.7186811394806,149.7186811394806,pobre,basal,3,1000.0,524.0,1.0,44.0,17,308,14114,9,0.0
97,1.0,0.0,0.0,1.0,8.0,8,149.7186811394806,149.7186811394806,pobre,basal,3,1000.0,524.0,1.0,44.0,14,308,14115,8,1.0
98,1.0,0.0,0.0,0.0,9.0,8,149.7186811394806,149.7186811394806,pobre,basal,3,1000.0,524.0,1.0,44.0,15,308,14115,8,1.0
97,1.0,0.0,0.0,1.0,5.0,8,149.7186811394806,149.7186811394806,pobre,basal,3,1000.0,524.0,1.0,44.0,11,308,14116,5,1.0
98,1.0,0.0,0.0,1.0,6.0,8,149.7186811394806,149.7186811394806,pobre,basal,3,1000.0,524.0,1.0,44.0,12,308,14116,5,1.0
97,1.0,0.0,0.0,1.0,2.0,8,149.7186811394806,149.7186811394806,pobre,basal,3,1000.0,524.0,1.0,44.0,9,308,14117,2,1.0
98,1.0,0.0,0.0,1.0,3.0,8,149.7186811394806,149.7186811394806,pobre,basal,3,1000.0,524.0,1.0,44.0,10,308,14117,2,1.0
97,0.0,0.0,0.0,1.0,0.0,8,149.7186811394806,149.7186811394806,pobre,basal,3,1000.0,524.0,1.0,44.0,6,308,14118,0,1.0
98,0.0,0.0,0.0,1.0,1.0,8,149.7186811394806,149.7186811394806,pobre,basal,3,1000.0,524.0,1.0,44.0,7,308,14118,0,1.0
97,1.0,0.0,0.0,1.0,4.0,5,149.7186811394806,149.7186811394806,no pobre,basal,2,0.0,686.0,1.0,57.0,10,308,14119,4,1.0
98,1.0,0.0,0.0,1.0,5.0,5,149.7186811394806,149.7186811394806,no pobre,basal,2,0.0,686.0,1.0,57.0,11,308,14119,4,1.0
97,0.0,0.0,0.0,1.0,3.0,9,149.7186811394806,149.7186811394806,pobre,basal,2,750.0,462.0,1.0,37.0,13,308,14120,3,1.0
98,0.0,0.0,0.0,1.0,4.0,9,149.7186811394806,149.7186811394806,pobre,basal,2,750.0,462.0,1.0,37.0,14,308,14120,3,1.0
97,1.0,0.0,0.0,1.0,3.0,9,149.7186811394806,149.7186811394806,pobre,basal,2,750.0,462.0,1.0,37.0,11,308,14121,3,1.0
98,1.0,0.0,0.0,1.0,4.0,9,149.7186811394806,149.7186811394806,pobre,basal,2,750.0,462.0,1.0,37.0,12,308,14121,3,1.0
97,0.0,0.0,0.0,1.0,2.0,9,149.7186811394806,149.7186811394806,pobre,basal,2,750.0,462.0,1.0,37.0,8,308,14122,2,1.0
98,0.0,0.0,0.0,1.0,3.0,9,149.7186811394806,149.7186811394806,pobre,basal,2,750.0,462.0,1.0,37.0,9,308,14122,2,1.0
97,0.0,0.0,0.0,1.0,1.0,9,149.7186811394806,149.7186811394806,pobre,basal,2,750.0,462.0,1.0,37.0,7,308,14123,1,1.0
98,0.0,0.0,0.0,1.0,2.0,9,149.7186811394806,149.7186811394806,pobre,basal,2,750.0,462.0,1.0,37.0,8,308,14123,1,1.0
97,1.0,0.0,0.0,0.0,5.0,4,149.7186811394806,149.7186811394806,no pobre,basal,3,3000.0,657.0,1.0,42.0,13,308,14124,5,0.0
98,1.0,0.0,0.0,1.0,6.0,4,149.7186811394806,149.7186811394806,no pobre,basal,3,3000.0,657.0,1.0,42.0,14,308,14124,5,0.0
97,0.0,0.0,0.0,1.0,1.0,7,149.7186811394806,149.7186811394806,pobre,basal,2,750.0,485.0,1.0,39.0,7,308,14125,1,1.0
98,0.0,0.0,0.0,1.0,1.0,7,149.7186811394806,149.7186811394806,pobre,basal,2,750.0,485.0,1.0,39.0,8,308,14125,1,1.0
97,0.0,0.0,0.0,1.0,0.0,7,149.7186811394806,149.7186811394806,pobre,basal,2,750.0,485.0,1.0,39.0,6,308,14126,0,1.0
98,0.0,0.0,0.0,1.0,0.0,7,149.7186811394806,149.7186811394806,pobre,basal,2,750.0,485.0,1.0,39.0,7,308,14126,0,1.0
97,1.0,0.0,0.0,1.0,8.0,13,149.7186811394806,149.7186811394806,pobre,basal,3,0.0,450.0,1.0,54.0,15,308,14127,8,1.0
98,1.0,0.0,0.0,,,13,149.7186811394806,149.7186811394806,pobre,basal,3,0.0,450.0,1.0,54.0,16,308,14127,8,1.0
97,1.0,1.0,0.0,1.0,6.0,13,149.7186811394806,149.7186811394806,pobre,basal,3,0.0,450.0,1.0,54.0,13,308,14128,6,1.0
98,1.0,1.0,0.0,,,13,149.7186811394806,149.7186811394806,pobre,basal,3,0.0,450.0,1.0,54.0,14,308,14128,6,1.0
97,0.0,0.0,0.0,1.0,2.0,13,149.7186811394806,149.7186811394806,pobre,basal,3,0.0,450.0,1.0,54.0,8,308,14129,2,1.0
98,0.0,0.0,0.0,,,13,149.7186811394806,149.7186811394806,pobre,basal,3,0.0,450.0,1.0,54.0,9,308,14129,2,1.0
97,1.0,0.0,0.0,1.0,0.0,13,149.7186811394806,149.7186811394806,pobre,basal,3,0.0,450.0,1.0,54.0,6,308,14130,0,1.0
98,1.0,0.0,0.0,1.0,1.0,13,149.7186811394806,149.7186811394806,pobre,basal,3,0.0,450.0,1.0,54.0,7,308,14130,0,1.0
97,1.0,0.0,0.0,1.0,7.0,6,149.7186811394806,149.7186811394806,pobre,basal,3,0.0,612.0,1.0,50.0,13,308,14131,7,1.0
98,1.0,0.0,0.0,1.0,8.0,6,149.7186811394806,149.7186811394806,pobre,basal,3,0.0,612.0,1.0,50.0,14,308,14131,7,1.0
97,0.0,0.0,0.0,1.0,5.0,6,149.7186811394806,149.7186811394806,pobre,basal,3,0.0,612.0,1.0,50.0,10,308,14132,5,1.0
98,0.0,0.0,0.0,1.0,5.0,6,149.7186811394806,149.7186811394806,pobre,basal,3,0.0,612.0,1.0,50.0,11,308,14132,5,1.0
97,1.0,0.0,0.0,1.0,0.0,6,149.7186811394806,149.7186811394806,pobre,basal,3,0.0,612.0,1.0,50.0,6,308,14133,0,1.0
98,1.0,0.0,0.0,1.0,1.0,6,149.7186811394806,149.7186811394806,pobre,basal,3,0.0,612.0,1.0,50.0,7,308,14133,0,1.0
97,0.0,0.0,0.0,1.0,8.0,4,149.7186811394806,149.7186811394806,no pobre,basal,3,0.0,582.0,1.0,51.0,16,308,14134,8,1.0
98,0.0,0.0,0.0,1.0,9.0,4,149.7186811394806,149.7186811394806,no pobre,basal,3,0.0,582.0,1.0,51.0,17,308,14134,8,1.0
97,1.0,0.0,0.0,1.0,8.0,4,149.7186811394806,149.7186811394806,no pobre,basal,3,0.0,582.0,1.0,51.0,15,308,14135,8,1.0
98,1.0,0.0,0.0,1.0,9.0,4,149.7186811394806,149.7186811394806,no pobre,basal,3,0.0,582.0,1.0,51.0,16,308,14135,8,1.0
97,1.0,0.0,0.0,1.0,3.0,6,149.7186811394806,149.7186811394806,pobre,basal,3,0.0,512.0,1.0,43.0,9,308,14136,3,1.0
98,1.0,0.0,0.0,1.0,4.0,6,149.7186811394806,149.7186811394806,pobre,basal,3,0.0,512.0,1.0,43.0,10,308,14136,3,1.0
97,0.0,0.0,0.0,1.0,0.0,6,149.7186811394806,149.7186811394806,pobre,basal,3,0.0,512.0,1.0,43.0,6,308,14137,0,1.0
98,0.0,0.0,0.0,1.0,1.0,6,149.7186811394806,149.7186811394806,pobre,basal,3,0.0,512.0,1.0,43.0,7,308,14137,0,1.0
97,1.0,0.0,0.0,1.0,1.0,3,149.7186811394806,149.7186811394806,no pobre,basal,6,0.0,620.0,1.0,55.0,7,308,14138,1,1.0
98,1.0,0.0,0.0,1.0,2.0,3,149.7186811394806,149.7186811394806,no pobre,basal,6,0.0,620.0,1.0,55.0,8,308,14138,1,1.0
97,0.0,0.0,0.0,1.0,8.0,6,149.7186811394806,149.7186811394806,pobre,basal,9,0.0,511.0,1.0,51.0,14,308,14139,8,1.0
98,0.0,0.0,0.0,0.0,9.0,6,149.7186811394806,149.7186811394806,pobre,basal,9,0.0,511.0,1.0,51.0,15,308,14139,8,1.0
97,0.0,0.0,0.0,1.0,7.0,6,149.7186811394806,149.7186811394806,pobre,basal,9,0.0,511.0,1.0,51.0,13,308,14140,7,1.0
98,0.0,0.0,0.0,1.0,8.0,6,149.7186811394806,149.7186811394806,pobre,basal,9,0.0,511.0,1.0,51.0,14,308,14140,7,1.0
97,0.0,0.0,0.0,1.0,0.0,6,149.7186811394806,149.7186811394806,pobre,basal,9,0.0,511.0,1.0,51.0,6,308,14141,0,1.0
98,0.0,0.0,0.0,1.0,1.0,6,149.7186811394806,149.7186811394806,pobre,basal,9,0.0,511.0,1.0,51.0,7,308,14141,0,1.0
97,0.0,0.0,0.0,1.0,0.0,6,149.7186811394806,149.7186811394806,no pobre,basal,0,0.0,586.0,1.0,69.0,6,308,14142,0,1.0
98,0.0,0.0,0.0,1.0,1.0,6,149.7186811394806,149.7186811394806,no pobre,basal,0,0.0,586.0,1.0,69.0,7,308,14142,0,1.0
97,0.0,0.0,0.0,1.0,0.0,6,149.7186811394806,149.7186811394806,no pobre,basal,0,0.0,586.0,1.0,69.0,6,308,14143,0,1.0
98,0.0,0.0,0.0,1.0,1.0,6,149.7186811394806,149.7186811394806,no pobre,basal,0,0.0,586.0,1.0,69.0,7,308,14143,0,1.0
97,1.0,0.0,0.0,1.0,2.0,13,149.7186811394806,149.7186811394806,pobre,basal,2,0.0,445.0,1.0,50.0,16,308,14144,2,1.0
98,1.0,0.0,0.0,,,13,149.7186811394806,149.7186811394806,pobre,basal,2,0.0,445.0,1.0,50.0,17,308,14144,2,1.0
97,0.0,0.0,0.0,0.0,3.0,13,149.7186811394806,149.7186811394806,pobre,basal,2,0.0,445.0,1.0,50.0,15,308,14145,3,0.0
98,0.0,0.0,0.0,0.0,3.0,13,149.7186811394806,149.7186811394806,pobre,basal,2,0.0,445.0,1.0,50.0,16,308,14145,3,0.0
97,1.0,0.0,0.0,1.0,3.0,13,149.7186811394806,149.7186811394806,pobre,basal,2,0.0,445.0,1.0,50.0,13,308,14146,3,1.0
98,1.0,0.0,0.0,1.0,4.0,13,149.7186811394806,149.7186811394806,pobre,basal,2,0.0,445.0,1.0,50.0,14,308,14146,3,1.0
97,1.0,0.0,0.0,1.0,2.0,13,149.7186811394806,149.7186811394806,pobre,basal,2,0.0,445.0,1.0,50.0,12,308,14147,2,1.0
98,1.0,0.0,0.0,1.0,3.0,13,149.7186811394806,149.7186811394806,pobre,basal,2,0.0,445.0,1.0,50.0,13,308,14147,2,1.0
97,0.0,0.0,0.0,1.0,2.0,13,149.7186811394806,149.7186811394806,pobre,basal,2,0.0,445.0,1.0,50.0,10,308,14148,2,1.0
98,0.0,0.0,0.0,1.0,3.0,13,149.7186811394806,149.7186811394806,pobre,basal,2,0.0,445.0,1.0,50.0,11,308,14148,2,1.0
97,1.0,0.0,0.0,1.0,1.0,13,149.7186811394806,149.7186811394806,pobre,basal,2,0.0,445.0,1.0,50.0,8,308,14149,1,1.0
98,1.0,0.0,0.0,1.0,2.0,13,149.7186811394806,149.7186811394806,pobre,basal,2,0.0,445.0,1.0,50.0,9,308,14149,1,1.0
97,0.0,0.0,0.0,1.0,0.0,13,149.7186811394806,149.7186811394806,pobre,basal,2,0.0,445.0,1.0,50.0,7,308,14150,0,1.0
98,0.0,0.0,0.0,1.0,1.0,13,149.7186811394806,149.7186811394806,pobre,basal,2,0.0,445.0,1.0,50.0,8,308,14150,0,1.0
97,0.0,0.0,0.0,1.0,4.0,6,149.7186811394806,149.7186811394806,no pobre,basal,4,8000.0,656.0,1.0,49.0,10,308,14151,4,1.0
98,0.0,0.0,0.0,1.0,5.0,6,149.7186811394806,149.7186811394806,no pobre,basal,4,8000.0,656.0,1.0,49.0,11,308,14151,4,1.0
97,1.0,0.0,0.0,1.0,2.0,6,149.7186811394806,149.7186811394806,no pobre,basal,4,8000.0,656.0,1.0,49.0,9,308,14152,2,1.0
98,1.0,0.0,0.0,1.0,3.0,6,149.7186811394806,149.7186811394806,no pobre,basal,4,8000.0,656.0,1.0,49.0,10,308,14152,2,1.0
97,0.0,0.0,0.0,1.0,0.0,4,149.7186811394806,149.7186811394806,no pobre,basal,2,0.0,608.0,1.0,29.0,6,308,14153,0,1.0
98,0.0,0.0,0.0,1.0,0.0,4,149.7186811394806,149.7186811394806,no pobre,basal,2,0.0,608.0,1.0,29.0,7,308,14153,0,1.0
97,1.0,0.0,0.0,1.0,3.0,6,149.7186811394806,149.7186811394806,pobre,basal,3,0.0,611.0,1.0,47.0,10,308,14154,3,1.0
98,1.0,0.0,0.0,1.0,4.0,6,149.7186811394806,149.7186811394806,pobre,basal,3,0.0,611.0,1.0,47.0,11,308,14154,3,1.0
97,1.0,0.0,0.0,1.0,1.0,6,149.7186811394806,149.7186811394806,pobre,basal,3,0.0,611.0,1.0,47.0,8,308,14155,1,1.0
98,1.0,0.0,0.0,1.0,2.0,6,149.7186811394806,149.7186811394806,pobre,basal,3,0.0,611.0,1.0,47.0,9,308,14155,1,1.0
97,1.0,0.0,0.0,0.0,6.0,8,149.7186811394806,149.7186811394806,pobre,basal,3,750.0,640.40002,1.0,60.0,16,308,14156,6,0.0
98,1.0,0.0,0.0,,,8,149.7186811394806,149.7186811394806,pobre,basal,3,750.0,640.40002,1.0,60.0,17,308,14156,6,0.0
97,1.0,0.0,0.0,1.0,6.0,5,149.7186811394806,149.7186811394806,pobre,basal,2,0.0,509.0,0.0,37.0,13,308,14157,6,1.0
98,1.0,0.0,0.0,1.0,7.0,5,149.7186811394806,149.7186811394806,pobre,basal,2,0.0,509.0,0.0,37.0,14,308,14157,6,1.0
97,0.0,0.0,0.0,1.0,5.0,5,149.7186811394806,149.7186811394806,pobre,basal,2,0.0,509.0,0.0,37.0,11,308,14158,5,1.0
98,0.0,0.0,0.0,1.0,6.0,5,149.7186811394806,149.7186811394806,pobre,basal,2,0.0,509.0,0.0,37.0,12,308,14158,5,1.0
97,0.0,0.0,0.0,1.0,2.0,5,149.7186811394806,149.7186811394806,pobre,basal,2,0.0,509.0,0.0,37.0,8,308,14159,2,1.0
98,0.0,0.0,0.0,1.0,3.0,5,149.7186811394806,149.7186811394806,pobre,basal,2,0.0,509.0,0.0,37.0,9,308,14159,2,1.0
97,1.0,0.0,0.0,1.0,7.0,6,149.7186811394806,149.7186811394806,pobre,basal,0,375.0,329.48001,1.0,66.0,14,308,14160,7,1.0
98,1.0,0.0,0.0,1.0,8.0,6,149.7186811394806,149.7186811394806,pobre,basal,0,375.0,329.48001,1.0,66.0,15,308,14160,7,1.0
97,0.0,0.0,0.0,1.0,3.0,6,149.7186811394806,149.7186811394806,pobre,basal,0,375.0,329.48001,1.0,66.0,8,308,14161,3,1.0
98,0.0,0.0,0.0,1.0,4.0,6,149.7186811394806,149.7186811394806,pobre,basal,0,375.0,329.48001,1.0,66.0,9,308,14161,3,1.0
97,1.0,0.0,0.0,1.0,0.0,6,149.7186811394806,149.7186811394806,pobre,basal,0,375.0,329.48001,1.0,66.0,7,308,14162,0,1.0
98,1.0,0.0,0.0,1.0,3.0,6,149.7186811394806,149.7186811394806,pobre,basal,0,375.0,329.48001,1.0,66.0,8,308,14162,0,1.0
97,0.0,0.0,0.0,0.0,6.0,4,149.7186811394806,149.7186811394806,pobre,basal,3,0.0,547.0,0.0,43.0,15,308,14163,6,0.0
98,0.0,0.0,0.0,0.0,6.0,4,149.7186811394806,149.7186811394806,pobre,basal,3,0.0,547.0,0.0,43.0,16,308,14163,6,0.0
97,0.0,0.0,0.0,0.0,6.0,4,149.7186811394806,149.7186811394806,pobre,basal,3,0.0,547.0,0.0,43.0,12,308,14164,6,0.0
98,0.0,0.0,0.0,1.0,7.0,4,149.7186811394806,149.7186811394806,pobre,basal,3,0.0,547.0,0.0,43.0,13,308,14164,6,0.0
97,1.0,0.0,0.0,0.0,9.0,5,149.7186811394806,149.7186811394806,pobre,basal,4,0.0,524.0,1.0,57.0,14,308,14165,9,0.0
98,1.0,0.0,0.0,0.0,9.0,5,149.7186811394806,149.7186811394806,pobre,basal,4,0.0,524.0,1.0,57.0,15,308,14165,9,0.0
97,1.0,0.0,0.0,1.0,5.0,5,149.7186811394806,149.7186811394806,pobre,basal,4,0.0,524.0,1.0,57.0,13,308,14166,5,1.0
98,1.0,0.0,0.0,1.0,6.0,5,149.7186811394806,149.7186811394806,pobre,basal,4,0.0,524.0,1.0,57.0,14,308,14166,5,1.0
97,1.0,0.0,2.6719999,1.0,2.0,3,96.27703935088644,96.27703935088644,pobre,basal,3,0.0,705.0,1.0,70.0,9,73,14167,2,1.0
98,1.0,0.0,2.6719999,1.0,3.0,3,96.27703935088644,96.27703935088644,pobre,basal,3,0.0,705.0,1.0,70.0,10,73,14167,2,1.0
97,1.0,0.0,2.6719999,1.0,6.0,6,96.27703935088644,96.27703935088644,pobre,basal,0,0.0,622.5,1.0,50.0,16,73,14168,6,1.0
98,1.0,0.0,2.6719999,0.0,6.0,6,96.27703935088644,96.27703935088644,pobre,basal,0,0.0,622.5,1.0,50.0,17,73,14168,6,1.0
97,0.0,0.0,2.6719999,1.0,5.0,6,96.27703935088644,96.27703935088644,pobre,basal,0,0.0,622.5,1.0,50.0,14,73,14169,5,1.0
98,0.0,0.0,2.6719999,1.0,6.0,6,96.27703935088644,96.27703935088644,pobre,basal,0,0.0,622.5,1.0,50.0,15,73,14169,5,1.0
97,1.0,0.0,2.6719999,1.0,3.0,6,96.27703935088644,96.27703935088644,pobre,basal,0,0.0,622.5,1.0,50.0,7,73,14170,3,1.0
98,1.0,0.0,2.6719999,1.0,4.0,6,96.27703935088644,96.27703935088644,pobre,basal,0,0.0,622.5,1.0,50.0,8,73,14170,3,1.0
97,0.0,0.0,2.6719999,1.0,5.0,5,96.27703935088644,96.27703935088644,pobre,basal,6,0.0,597.25,1.0,43.0,14,73,14171,5,1.0
98,0.0,0.0,2.6719999,,,5,96.27703935088644,96.27703935088644,pobre,basal,6,0.0,597.25,1.0,43.0,15,73,14171,5,1.0
97,1.0,0.0,2.6719999,1.0,3.0,5,96.27703935088644,96.27703935088644,pobre,basal,6,0.0,597.25,1.0,43.0,12,73,14172,3,1.0
98,1.0,0.0,2.6719999,,,5,96.27703935088644,96.27703935088644,pobre,basal,6,0.0,597.25,1.0,43.0,13,73,14172,3,1.0
97,1.0,0.0,3.1500001,1.0,4.0,6,97.54070116361332,97.54070116361332,pobre,basal,6,0.0,802.0,1.0,34.0,10,72,14173,4,1.0
98,1.0,0.0,3.1500001,1.0,6.0,6,97.54070116361332,97.54070116361332,pobre,basal,6,0.0,802.0,1.0,34.0,11,72,14173,4,1.0
97,1.0,0.0,3.1500001,1.0,1.0,6,97.54070116361332,97.54070116361332,pobre,basal,6,0.0,802.0,1.0,34.0,6,72,14174,1,1.0
98,1.0,0.0,3.1500001,1.0,2.0,6,97.54070116361332,97.54070116361332,pobre,basal,6,0.0,802.0,1.0,34.0,7,72,14174,1,1.0
97,0.0,0.0,3.1500001,1.0,6.0,8,97.54070116361332,97.54070116361332,pobre,basal,3,480.0,650.0,1.0,41.0,14,72,14175,6,1.0
98,0.0,0.0,3.1500001,0.0,6.0,8,97.54070116361332,97.54070116361332,pobre,basal,3,480.0,650.0,1.0,41.0,15,72,14175,6,1.0
97,1.0,0.0,3.1500001,1.0,7.0,8,97.54070116361332,97.54070116361332,pobre,basal,3,480.0,650.0,1.0,41.0,13,72,14176,7,1.0
98,1.0,0.0,3.1500001,1.0,8.0,8,97.54070116361332,97.54070116361332,pobre,basal,3,480.0,650.0,1.0,41.0,14,72,14176,7,1.0
97,0.0,0.0,3.1500001,1.0,5.0,8,97.54070116361332,97.54070116361332,pobre,basal,3,480.0,650.0,1.0,41.0,10,72,14177,5,1.0
98,0.0,0.0,3.1500001,1.0,5.0,8,97.54070116361332,97.54070116361332,pobre,basal,3,480.0,650.0,1.0,41.0,11,72,14177,5,1.0
97,0.0,0.0,3.1500001,1.0,1.0,8,97.54070116361332,97.54070116361332,pobre,basal,3,480.0,650.0,1.0,41.0,6,72,14178,1,1.0
98,0.0,0.0,3.1500001,1.0,2.0,8,97.54070116361332,97.54070116361332,pobre,basal,3,480.0,650.0,1.0,41.0,7,72,14178,1,1.0
97,1.0,0.0,2.6719999,1.0,1.0,5,96.27703935088644,96.27703935088644,pobre,basal,3,0.0,617.0,0.0,27.0,7,73,14179,1,1.0
98,1.0,0.0,2.6719999,1.0,2.0,5,96.27703935088644,96.27703935088644,pobre,basal,3,0.0,617.0,0.0,27.0,8,73,14179,1,1.0
97,0.0,0.0,2.6719999,0.0,5.0,4,96.27703935088644,96.27703935088644,pobre,basal,6,0.0,707.33002,1.0,22.0,11,73,14180,5,0.0
98,0.0,0.0,2.6719999,,,4,96.27703935088644,96.27703935088644,pobre,basal,6,0.0,707.33002,1.0,22.0,12,73,14180,5,0.0
97,1.0,0.0,2.6719999,1.0,5.0,9,96.27703935088644,96.27703935088644,pobre,basal,1,800.0,623.25,1.0,43.0,10,73,14181,5,1.0
98,1.0,0.0,2.6719999,1.0,6.0,9,96.27703935088644,96.27703935088644,pobre,basal,1,800.0,623.25,1.0,43.0,11,73,14181,5,1.0
97,0.0,0.0,2.6719999,1.0,3.0,9,96.27703935088644,96.27703935088644,pobre,basal,1,800.0,623.25,1.0,43.0,8,73,14182,3,1.0
98,0.0,0.0,2.6719999,1.0,4.0,9,96.27703935088644,96.27703935088644,pobre,basal,1,800.0,623.25,1.0,43.0,9,73,14182,3,1.0
97,1.0,0.0,2.6719999,1.0,1.0,9,96.27703935088644,96.27703935088644,pobre,basal,1,800.0,623.25,1.0,43.0,7,73,14183,1,1.0
98,1.0,0.0,2.6719999,1.0,2.0,9,96.27703935088644,96.27703935088644,pobre,basal,1,800.0,623.25,1.0,43.0,8,73,14183,1,1.0
97,1.0,0.0,2.6719999,1.0,1.0,9,96.27703935088644,96.27703935088644,pobre,basal,1,800.0,623.25,1.0,43.0,6,73,14184,1,1.0
98,1.0,0.0,2.6719999,1.0,2.0,9,96.27703935088644,96.27703935088644,pobre,basal,1,800.0,623.25,1.0,43.0,7,73,14184,1,1.0
97,1.0,0.0,2.6719999,1.0,2.0,5,96.27703935088644,96.27703935088644,pobre,basal,6,120.0,675.0,1.0,30.0,7,73,14185,2,1.0
98,1.0,0.0,2.6719999,1.0,3.0,5,96.27703935088644,96.27703935088644,pobre,basal,6,120.0,675.0,1.0,30.0,8,73,14185,2,1.0
97,1.0,0.0,2.6719999,1.0,1.0,5,96.27703935088644,96.27703935088644,pobre,basal,6,120.0,675.0,1.0,30.0,6,73,14186,1,1.0
98,1.0,0.0,2.6719999,1.0,1.0,5,96.27703935088644,96.27703935088644,pobre,basal,6,120.0,675.0,1.0,30.0,7,73,14186,1,1.0
97,1.0,0.0,2.6719999,1.0,3.0,6,96.27703935088644,96.27703935088644,pobre,basal,3,0.0,474.0,1.0,29.0,9,73,14187,3,1.0
98,1.0,0.0,2.6719999,1.0,4.0,6,96.27703935088644,96.27703935088644,pobre,basal,3,0.0,474.0,1.0,29.0,10,73,14187,3,1.0
97,1.0,0.0,2.6719999,1.0,1.0,6,96.27703935088644,96.27703935088644,pobre,basal,3,0.0,474.0,1.0,29.0,8,73,14188,1,1.0
98,1.0,0.0,2.6719999,1.0,2.0,6,96.27703935088644,96.27703935088644,pobre,basal,3,0.0,474.0,1.0,29.0,9,73,14188,1,1.0
97,1.0,0.0,3.1500001,1.0,6.0,3,97.54070116361332,97.54070116361332,no pobre,basal,6,500.0,1065.0,1.0,39.0,12,72,14189,6,1.0
98,1.0,0.0,3.1500001,1.0,7.0,3,97.54070116361332,97.54070116361332,no pobre,basal,6,500.0,1065.0,1.0,39.0,13,72,14189,6,1.0
97,1.0,0.0,3.1500001,1.0,1.0,3,97.54070116361332,97.54070116361332,pobre,basal,3,0.0,618.0,1.0,68.0,6,72,14190,1,1.0
98,1.0,0.0,3.1500001,1.0,2.0,3,97.54070116361332,97.54070116361332,pobre,basal,3,0.0,618.0,1.0,68.0,7,72,14190,1,1.0
97,1.0,0.0,3.1500001,0.0,6.0,4,97.54070116361332,97.54070116361332,no pobre,basal,2,0.0,822.33002,1.0,47.0,16,72,14191,6,0.0
98,1.0,0.0,3.1500001,,,4,97.54070116361332,97.54070116361332,no pobre,basal,2,0.0,822.33002,1.0,47.0,17,72,14191,6,0.0
97,0.0,0.0,3.1500001,1.0,6.0,4,97.54070116361332,97.54070116361332,no pobre,basal,2,0.0,822.33002,1.0,47.0,13,72,14192,6,1.0
98,0.0,0.0,3.1500001,1.0,8.0,4,97.54070116361332,97.54070116361332,no pobre,basal,2,0.0,822.33002,1.0,47.0,14,72,14192,6,1.0
97,1.0,0.0,3.1500001,0.0,6.0,8,97.54070116361332,97.54070116361332,no pobre,basal,2,0.0,882.0,1.0,49.0,13,72,14193,6,0.0
98,1.0,0.0,3.1500001,1.0,6.0,8,97.54070116361332,97.54070116361332,no pobre,basal,2,0.0,882.0,1.0,49.0,14,72,14193,6,0.0
97,1.0,0.0,3.1500001,0.0,6.0,8,97.54070116361332,97.54070116361332,no pobre,basal,2,0.0,882.0,1.0,49.0,13,72,14194,6,0.0
98,1.0,0.0,3.1500001,0.0,6.0,8,97.54070116361332,97.54070116361332,no pobre,basal,2,0.0,882.0,1.0,49.0,14,72,14194,6,0.0
97,1.0,0.0,3.1500001,1.0,8.0,4,97.54070116361332,97.54070116361332,no pobre,basal,1,160.0,953.0,1.0,41.0,15,72,14195,8,1.0
98,1.0,0.0,3.1500001,0.0,9.0,4,97.54070116361332,97.54070116361332,no pobre,basal,1,160.0,953.0,1.0,41.0,16,72,14195,8,1.0
97,1.0,0.0,3.1500001,1.0,1.0,4,97.54070116361332,97.54070116361332,no pobre,basal,2,0.0,797.0,1.0,48.0,9,72,14196,1,1.0
98,1.0,0.0,3.1500001,1.0,2.0,4,97.54070116361332,97.54070116361332,no pobre,basal,2,0.0,797.0,1.0,48.0,10,72,14196,1,1.0
97,1.0,0.0,3.1500001,1.0,1.0,4,97.54070116361332,97.54070116361332,no pobre,basal,2,0.0,797.0,1.0,48.0,7,72,14197,1,1.0
98,1.0,0.0,3.1500001,1.0,1.0,4,97.54070116361332,97.54070116361332,no pobre,basal,2,0.0,797.0,1.0,48.0,8,72,14197,1,1.0
97,0.0,0.0,3.622,1.0,6.0,13,108.3722817195026,113.0904801009023,no pobre,basal,2,0.0,922.25,1.0,48.0,15,56,14198,6,1.0
98,0.0,0.0,3.622,1.0,7.0,13,108.3722817195026,113.0904801009023,no pobre,basal,2,0.0,922.25,1.0,48.0,16,56,14198,6,1.0
97,0.0,0.0,3.622,1.0,6.0,13,108.3722817195026,113.0904801009023,no pobre,basal,2,0.0,922.25,1.0,48.0,13,56,14199,6,1.0
98,0.0,0.0,3.622,1.0,7.0,13,108.3722817195026,113.0904801009023,no pobre,basal,2,0.0,922.25,1.0,48.0,14,56,14199,6,1.0
97,1.0,0.0,3.622,0.0,6.0,7,108.3722817195026,113.0904801009023,pobre,basal,0,0.0,849.33002,1.0,49.0,15,56,14200,6,0.0
98,1.0,0.0,3.622,,,7,108.3722817195026,113.0904801009023,pobre,basal,0,0.0,849.33002,1.0,49.0,16,56,14200,6,0.0
97,0.0,0.0,3.622,1.0,5.0,7,108.3722817195026,113.0904801009023,pobre,basal,0,0.0,849.33002,1.0,49.0,13,56,14201,5,1.0
98,0.0,0.0,3.622,0.0,6.0,7,108.3722817195026,113.0904801009023,pobre,basal,0,0.0,849.33002,1.0,49.0,14,56,14201,5,1.0
97,0.0,0.0,3.622,1.0,3.0,7,108.3722817195026,113.0904801009023,pobre,basal,0,0.0,849.33002,1.0,49.0,9,56,14202,3,1.0
98,0.0,0.0,3.622,1.0,4.0,7,108.3722817195026,113.0904801009023,pobre,basal,0,0.0,849.33002,1.0,49.0,10,56,14202,3,1.0
97,0.0,0.0,3.622,1.0,4.0,8,108.3722817195026,113.0904801009023,pobre,basal,0,0.0,760.0,1.0,77.0,12,56,14203,4,1.0
98,0.0,0.0,3.622,1.0,5.0,8,108.3722817195026,113.0904801009023,pobre,basal,0,0.0,760.0,1.0,77.0,13,56,14203,4,1.0
97,0.0,0.0,3.622,1.0,1.0,8,108.3722817195026,113.0904801009023,pobre,basal,0,0.0,760.0,1.0,77.0,8,56,14204,1,1.0
98,0.0,0.0,3.622,1.0,2.0,8,108.3722817195026,113.0904801009023,pobre,basal,0,0.0,760.0,1.0,77.0,9,56,14204,1,1.0
97,0.0,0.0,3.622,1.0,4.0,5,108.3722817195026,113.0904801009023,no pobre,basal,3,750.0,863.0,1.0,31.0,9,56,14205,4,1.0
98,0.0,0.0,3.622,1.0,5.0,5,108.3722817195026,113.0904801009023,no pobre,basal,3,750.0,863.0,1.0,31.0,10,56,14205,4,1.0
97,1.0,0.0,3.622,0.0,6.0,8,108.3722817195026,113.0904801009023,pobre,basal,3,0.0,659.0,1.0,45.0,15,56,14206,6,0.0
98,1.0,0.0,3.622,0.0,6.0,8,108.3722817195026,113.0904801009023,pobre,basal,3,0.0,659.0,1.0,45.0,16,56,14206,6,0.0
97,0.0,0.0,3.622,1.0,6.0,8,108.3722817195026,113.0904801009023,pobre,basal,3,0.0,659.0,1.0,45.0,12,56,14207,6,1.0
98,0.0,0.0,3.622,1.0,7.0,8,108.3722817195026,113.0904801009023,pobre,basal,3,0.0,659.0,1.0,45.0,13,56,14207,6,1.0
97,0.0,0.0,3.622,1.0,3.0,8,108.3722817195026,113.0904801009023,pobre,basal,3,0.0,659.0,1.0,45.0,9,56,14208,3,1.0
98,0.0,0.0,3.622,1.0,4.0,8,108.3722817195026,113.0904801009023,pobre,basal,3,0.0,659.0,1.0,45.0,10,56,14208,3,1.0
97,1.0,0.0,3.622,1.0,1.0,8,108.3722817195026,113.0904801009023,pobre,basal,3,0.0,659.0,1.0,45.0,6,56,14209,1,1.0
98,1.0,0.0,3.622,1.0,1.0,8,108.3722817195026,113.0904801009023,pobre,basal,3,0.0,659.0,1.0,45.0,7,56,14209,1,1.0
97,1.0,0.0,3.622,,0.0,4,108.3722817195026,113.0904801009023,pobre,basal,5,625.0,688.0,1.0,25.0,6,56,14210,0,
98,1.0,0.0,3.622,1.0,1.0,4,108.3722817195026,113.0904801009023,pobre,basal,5,625.0,688.0,1.0,25.0,7,56,14210,0,
97,0.0,0.0,3.622,1.0,3.0,8,108.3722817195026,113.0904801009023,pobre,basal,0,750.0,709.0,0.0,57.0,8,56,14211,3,1.0
98,0.0,0.0,3.622,1.0,4.0,8,108.3722817195026,113.0904801009023,pobre,basal,0,750.0,709.0,0.0,57.0,9,56,14211,3,1.0
97,1.0,0.0,3.622,1.0,1.0,8,108.3722817195026,113.0904801009023,pobre,basal,0,750.0,709.0,0.0,57.0,6,56,14212,1,1.0
98,1.0,0.0,3.622,1.0,2.0,8,108.3722817195026,113.0904801009023,pobre,basal,0,750.0,709.0,0.0,57.0,7,56,14212,1,1.0
97,1.0,0.0,3.622,0.0,6.0,4,108.3722817195026,113.0904801009023,pobre,basal,6,575.0,853.33002,1.0,58.0,16,56,14213,6,0.0
98,1.0,0.0,3.622,,,4,108.3722817195026,113.0904801009023,pobre,basal,6,575.0,853.33002,1.0,58.0,17,56,14213,6,0.0
97,1.0,0.0,3.622,0.0,6.0,4,108.3722817195026,113.0904801009023,pobre,basal,6,575.0,853.33002,1.0,58.0,15,56,14214,6,0.0
98,1.0,0.0,3.622,1.0,6.0,4,108.3722817195026,113.0904801009023,pobre,basal,6,575.0,853.33002,1.0,58.0,16,56,14214,6,0.0
97,0.0,0.0,3.622,1.0,0.0,4,108.3722817195026,113.0904801009023,pobre,basal,6,575.0,787.0,1.0,29.0,6,56,14215,0,1.0
98,0.0,0.0,3.622,1.0,3.0,4,108.3722817195026,113.0904801009023,pobre,basal,6,575.0,787.0,1.0,29.0,7,56,14215,0,1.0
97,1.0,0.0,3.622,1.0,8.0,6,108.3722817195026,113.0904801009023,pobre,basal,0,0.0,675.0,1.0,37.0,15,56,14216,8,1.0
98,1.0,0.0,3.622,1.0,8.0,6,108.3722817195026,113.0904801009023,pobre,basal,0,0.0,675.0,1.0,37.0,16,56,14216,8,1.0
97,1.0,0.0,3.622,1.0,7.0,6,108.3722817195026,113.0904801009023,pobre,basal,0,0.0,675.0,1.0,37.0,12,56,14217,7,1.0
98,1.0,0.0,3.622,1.0,8.0,6,108.3722817195026,113.0904801009023,pobre,basal,0,0.0,675.0,1.0,37.0,13,56,14217,7,1.0
97,1.0,0.0,3.622,1.0,3.0,6,108.3722817195026,113.0904801009023,pobre,basal,0,0.0,675.0,1.0,37.0,10,56,14218,3,1.0
98,1.0,0.0,3.622,1.0,4.0,6,108.3722817195026,113.0904801009023,pobre,basal,0,0.0,675.0,1.0,37.0,11,56,14218,3,1.0
97,1.0,0.0,3.622,1.0,1.0,6,108.3722817195026,113.0904801009023,pobre,basal,0,0.0,675.0,1.0,37.0,7,56,14219,1,1.0
98,1.0,0.0,3.622,1.0,2.0,6,108.3722817195026,113.0904801009023,pobre,basal,0,0.0,675.0,1.0,37.0,8,56,14219,1,1.0
97,0.0,0.0,3.622,1.0,1.0,3,108.3722817195026,113.0904801009023,pobre,basal,0,240.0,798.0,0.0,53.0,7,56,14220,1,1.0
98,0.0,0.0,3.622,1.0,2.0,3,108.3722817195026,113.0904801009023,pobre,basal,0,240.0,798.0,0.0,53.0,8,56,14220,1,1.0
97,0.0,0.0,3.622,1.0,6.0,5,108.3722817195026,113.0904801009023,pobre,basal,0,0.0,754.0,1.0,54.0,14,56,14221,6,1.0
98,0.0,0.0,3.622,0.0,6.0,5,108.3722817195026,113.0904801009023,pobre,basal,0,0.0,754.0,1.0,54.0,15,56,14221,6,1.0
97,1.0,0.0,3.622,1.0,4.0,5,108.3722817195026,113.0904801009023,pobre,basal,0,0.0,754.0,1.0,54.0,12,56,14222,4,1.0
98,1.0,0.0,3.622,1.0,5.0,5,108.3722817195026,113.0904801009023,pobre,basal,0,0.0,754.0,1.0,54.0,13,56,14222,4,1.0
97,0.0,0.0,3.622,1.0,3.0,5,108.3722817195026,113.0904801009023,pobre,basal,0,0.0,754.0,1.0,54.0,9,56,14223,3,1.0
98,0.0,0.0,3.622,1.0,4.0,5,108.3722817195026,113.0904801009023,pobre,basal,0,0.0,754.0,1.0,54.0,10,56,14223,3,1.0
97,1.0,0.0,3.622,1.0,5.0,7,108.3722817195026,113.0904801009023,pobre,basal,4,0.0,573.0,1.0,31.0,10,56,14224,5,1.0
98,1.0,0.0,3.622,1.0,5.0,7,108.3722817195026,113.0904801009023,pobre,basal,4,0.0,573.0,1.0,31.0,11,56,14224,5,1.0
97,0.0,0.0,3.622,1.0,2.0,7,108.3722817195026,113.0904801009023,pobre,basal,4,0.0,573.0,1.0,31.0,7,56,14225,2,1.0
98,0.0,0.0,3.622,1.0,2.0,7,108.3722817195026,113.0904801009023,pobre,basal,4,0.0,573.0,1.0,31.0,8,56,14225,2,1.0
97,1.0,0.0,3.622,1.0,0.0,7,108.3722817195026,113.0904801009023,pobre,basal,4,0.0,573.0,1.0,31.0,6,56,14226,0,1.0
98,1.0,0.0,3.622,1.0,1.0,7,108.3722817195026,113.0904801009023,pobre,basal,4,0.0,573.0,1.0,31.0,7,56,14226,0,1.0
97,0.0,0.0,3.622,1.0,6.0,7,108.3722817195026,113.0904801009023,pobre,basal,4,0.0,573.0,1.0,31.0,13,56,14227,6,1.0
98,0.0,0.0,3.622,,,7,108.3722817195026,113.0904801009023,pobre,basal,4,0.0,573.0,1.0,31.0,14,56,14227,6,1.0
97,0.0,0.0,3.622,1.0,4.0,8,108.3722817195026,113.0904801009023,pobre,basal,0,0.0,773.0,1.0,70.0,12,56,14228,4,1.0
98,0.0,0.0,3.622,,,8,108.3722817195026,113.0904801009023,pobre,basal,0,0.0,773.0,1.0,70.0,13,56,14228,4,1.0
97,0.0,0.0,3.622,1.0,2.0,8,108.3722817195026,113.0904801009023,pobre,basal,0,0.0,773.0,1.0,70.0,11,56,14229,2,1.0
98,0.0,0.0,3.622,,,8,108.3722817195026,113.0904801009023,pobre,basal,0,0.0,773.0,1.0,70.0,12,56,14229,2,1.0
97,0.0,0.0,3.622,1.0,0.0,8,108.3722817195026,113.0904801009023,pobre,basal,0,0.0,773.0,1.0,70.0,9,56,14230,0,1.0
98,0.0,0.0,3.622,,,8,108.3722817195026,113.0904801009023,pobre,basal,0,0.0,773.0,1.0,70.0,10,56,14230,0,1.0
97,1.0,0.0,3.622,1.0,1.0,8,108.3722817195026,113.0904801009023,pobre,basal,0,0.0,773.0,1.0,70.0,8,56,14231,1,1.0
98,1.0,0.0,3.622,,,8,108.3722817195026,113.0904801009023,pobre,basal,0,0.0,773.0,1.0,70.0,9,56,14231,1,1.0
97,1.0,0.0,3.622,1.0,0.0,8,108.3722817195026,113.0904801009023,pobre,basal,0,0.0,773.0,1.0,70.0,7,56,14232,0,1.0
98,1.0,0.0,3.622,,,8,108.3722817195026,113.0904801009023,pobre,basal,0,0.0,773.0,1.0,70.0,8,56,14232,0,1.0
97,1.0,0.0,3.622,1.0,2.0,5,108.3722817195026,113.0904801009023,pobre,basal,0,625.0,522.0,1.0,31.0,8,56,14233,2,1.0
98,1.0,0.0,3.622,1.0,2.0,5,108.3722817195026,113.0904801009023,pobre,basal,0,625.0,522.0,1.0,31.0,9,56,14233,2,1.0
97,1.0,0.0,3.622,1.0,1.0,5,108.3722817195026,113.0904801009023,pobre,basal,0,625.0,522.0,1.0,31.0,7,56,14234,1,1.0
98,1.0,0.0,3.622,1.0,0.0,5,108.3722817195026,113.0904801009023,pobre,basal,0,625.0,522.0,1.0,31.0,8,56,14234,1,1.0
97,1.0,0.0,3.622,1.0,0.0,5,108.3722817195026,113.0904801009023,pobre,basal,0,625.0,522.0,1.0,31.0,6,56,14235,0,1.0
98,1.0,0.0,3.622,1.0,0.0,5,108.3722817195026,113.0904801009023,pobre,basal,0,625.0,522.0,1.0,31.0,7,56,14235,0,1.0
97,1.0,0.0,3.622,1.0,0.0,6,108.3722817195026,113.0904801009023,pobre,basal,0,0.0,815.0,1.0,75.0,8,56,14236,0,1.0
98,1.0,0.0,3.622,1.0,1.0,6,108.3722817195026,113.0904801009023,pobre,basal,0,0.0,815.0,1.0,75.0,9,56,14236,0,1.0
97,1.0,0.0,3.622,1.0,0.0,6,108.3722817195026,113.0904801009023,pobre,basal,0,0.0,815.0,1.0,75.0,6,56,14237,0,1.0
98,1.0,0.0,3.622,1.0,1.0,6,108.3722817195026,113.0904801009023,pobre,basal,0,0.0,815.0,1.0,75.0,7,56,14237,0,1.0
97,0.0,0.0,3.622,0.0,4.0,13,108.3722817195026,113.0904801009023,pobre,basal,6,625.0,824.33002,1.0,40.0,16,56,14238,4,0.0
98,0.0,0.0,3.622,,,13,108.3722817195026,113.0904801009023,pobre,basal,6,625.0,824.33002,1.0,40.0,17,56,14238,4,0.0
97,0.0,0.0,3.622,1.0,3.0,13,108.3722817195026,113.0904801009023,pobre,basal,6,625.0,824.33002,1.0,40.0,13,56,14239,3,1.0
98,0.0,0.0,3.622,,,13,108.3722817195026,113.0904801009023,pobre,basal,6,625.0,824.33002,1.0,40.0,14,56,14239,3,1.0
97,1.0,0.0,3.622,1.0,2.0,13,108.3722817195026,113.0904801009023,pobre,basal,6,625.0,824.33002,1.0,40.0,9,56,14240,2,1.0
98,1.0,0.0,3.622,,,13,108.3722817195026,113.0904801009023,pobre,basal,6,625.0,824.33002,1.0,40.0,10,56,14240,2,1.0
97,0.0,0.0,3.622,1.0,3.0,13,108.3722817195026,113.0904801009023,pobre,basal,6,625.0,824.33002,1.0,40.0,11,56,14241,3,1.0
98,0.0,0.0,3.622,,,13,108.3722817195026,113.0904801009023,pobre,basal,6,625.0,824.33002,1.0,40.0,12,56,14241,3,1.0
97,1.0,0.0,3.622,1.0,3.0,9,108.3722817195026,113.0904801009023,pobre,basal,3,0.0,588.0,0.0,58.0,12,56,14242,3,1.0
98,1.0,0.0,3.622,1.0,5.0,9,108.3722817195026,113.0904801009023,pobre,basal,3,0.0,588.0,0.0,58.0,13,56,14242,3,1.0
97,1.0,0.0,3.622,1.0,3.0,9,108.3722817195026,113.0904801009023,pobre,basal,3,0.0,588.0,0.0,58.0,11,56,14243,3,1.0
98,1.0,0.0,3.622,1.0,5.0,9,108.3722817195026,113.0904801009023,pobre,basal,3,0.0,588.0,0.0,58.0,12,56,14243,3,1.0
97,1.0,0.0,3.622,1.0,2.0,9,108.3722817195026,113.0904801009023,pobre,basal,3,0.0,588.0,0.0,58.0,8,56,14244,2,1.0
98,1.0,0.0,3.622,1.0,3.0,9,108.3722817195026,113.0904801009023,pobre,basal,3,0.0,588.0,0.0,58.0,9,56,14244,2,1.0
97,0.0,0.0,3.622,1.0,2.0,7,108.3722817195026,113.0904801009023,pobre,basal,2,1200.0,650.0,1.0,42.0,9,56,14245,2,1.0
98,0.0,0.0,3.622,1.0,3.0,7,108.3722817195026,113.0904801009023,pobre,basal,2,1200.0,650.0,1.0,42.0,10,56,14245,2,1.0
97,1.0,0.0,3.622,,0.0,7,108.3722817195026,113.0904801009023,pobre,basal,2,1200.0,650.0,1.0,42.0,7,56,14246,0,
98,1.0,0.0,3.622,1.0,1.0,7,108.3722817195026,113.0904801009023,pobre,basal,2,1200.0,650.0,1.0,42.0,8,56,14246,0,
97,1.0,0.0,3.622,1.0,6.0,6,108.3722817195026,113.0904801009023,no pobre,basal,3,0.0,853.0,1.0,38.0,15,56,14247,6,1.0
98,1.0,0.0,3.622,0.0,6.0,6,108.3722817195026,113.0904801009023,no pobre,basal,3,0.0,853.0,1.0,38.0,16,56,14247,6,1.0
97,0.0,0.0,3.622,1.0,6.0,6,108.3722817195026,113.0904801009023,no pobre,basal,3,0.0,853.0,1.0,38.0,13,56,14248,6,1.0
98,0.0,0.0,3.622,1.0,7.0,6,108.3722817195026,113.0904801009023,no pobre,basal,3,0.0,853.0,1.0,38.0,14,56,14248,6,1.0
97,0.0,0.0,3.622,1.0,0.0,6,108.3722817195026,113.0904801009023,no pobre,basal,3,0.0,853.0,1.0,38.0,6,56,14249,0,1.0
98,0.0,0.0,3.622,1.0,1.0,6,108.3722817195026,113.0904801009023,no pobre,basal,3,0.0,853.0,1.0,38.0,7,56,14249,0,1.0
97,0.0,1.0,3.767,,0.0,5,130.5436405430048,152.1837012604455,no pobre,basal,0,0.0,808.66998,1.0,59.0,16,89,14250,0,
98,0.0,1.0,3.767,,,5,130.5436405430048,152.1837012604455,no pobre,basal,0,0.0,808.66998,1.0,59.0,17,89,14250,0,
97,0.0,0.0,3.767,0.0,5.0,6,130.5436405430048,152.1837012604455,pobre,basal,1,0.0,708.0,1.0,52.0,15,89,14251,5,0.0
98,0.0,0.0,3.767,0.0,5.0,6,130.5436405430048,152.1837012604455,pobre,basal,1,0.0,708.0,1.0,52.0,16,89,14251,5,0.0
97,0.0,0.0,3.767,1.0,2.0,6,130.5436405430048,152.1837012604455,pobre,basal,1,0.0,708.0,1.0,52.0,8,89,14252,2,1.0
98,0.0,0.0,3.767,1.0,3.0,6,130.5436405430048,152.1837012604455,pobre,basal,1,0.0,708.0,1.0,52.0,9,89,14252,2,1.0
97,0.0,0.0,3.767,1.0,0.0,6,130.5436405430048,152.1837012604455,pobre,basal,1,0.0,708.0,1.0,52.0,6,89,14253,0,1.0
98,0.0,0.0,3.767,1.0,1.0,6,130.5436405430048,152.1837012604455,pobre,basal,1,0.0,708.0,1.0,52.0,7,89,14253,0,1.0
97,0.0,1.0,3.767,1.0,3.0,6,130.5436405430048,152.1837012604455,pobre,basal,0,0.0,502.14001,1.0,33.0,11,89,14254,3,1.0
98,0.0,1.0,3.767,1.0,4.0,6,130.5436405430048,152.1837012604455,pobre,basal,0,0.0,502.14001,1.0,33.0,12,89,14254,3,1.0
97,0.0,1.0,3.767,,0.0,6,130.5436405430048,152.1837012604455,pobre,basal,0,0.0,502.14001,1.0,33.0,6,89,14255,0,
98,0.0,1.0,3.767,1.0,0.0,6,130.5436405430048,152.1837012604455,pobre,basal,0,0.0,502.14001,1.0,33.0,7,89,14255,0,
97,1.0,1.0,3.767,,0.0,6,130.5436405430048,152.1837012604455,pobre,basal,0,0.0,502.14001,1.0,33.0,10,89,14256,0,
98,1.0,1.0,3.767,,,6,130.5436405430048,152.1837012604455,pobre,basal,0,0.0,502.14001,1.0,33.0,11,89,14256,0,
97,1.0,0.0,3.767,,0.0,5,130.5436405430048,152.1837012604455,pobre,basal,0,0.0,658.0,1.0,24.0,6,89,14257,0,
98,1.0,0.0,3.767,1.0,2.0,5,130.5436405430048,152.1837012604455,pobre,basal,0,0.0,658.0,1.0,24.0,7,89,14257,0,
97,0.0,0.0,3.767,1.0,3.0,6,130.5436405430048,152.1837012604455,pobre,basal,0,0.0,855.14001,0.0,43.0,10,89,14258,3,1.0
98,0.0,0.0,3.767,1.0,3.0,6,130.5436405430048,152.1837012604455,pobre,basal,0,0.0,855.14001,0.0,43.0,11,89,14258,3,1.0
97,1.0,0.0,3.767,,0.0,6,130.5436405430048,152.1837012604455,pobre,basal,0,0.0,855.14001,0.0,43.0,14,89,14259,0,
98,1.0,0.0,3.767,,,6,130.5436405430048,152.1837012604455,pobre,basal,0,0.0,855.14001,0.0,43.0,15,89,14259,0,
97,1.0,0.0,3.767,1.0,0.0,6,130.5436405430048,152.1837012604455,pobre,basal,4,600.0,568.0,1.0,25.0,6,89,14260,0,1.0
98,1.0,0.0,3.767,1.0,2.0,6,130.5436405430048,152.1837012604455,pobre,basal,4,600.0,568.0,1.0,25.0,7,89,14260,0,1.0
97,1.0,1.0,3.767,0.0,6.0,5,130.5436405430048,152.1837012604455,pobre,basal,0,480.0,691.5,1.0,40.0,15,89,14261,6,0.0
98,1.0,1.0,3.767,1.0,6.0,5,130.5436405430048,152.1837012604455,pobre,basal,0,480.0,691.5,1.0,40.0,16,89,14261,6,0.0
97,0.0,1.0,3.767,,0.0,5,130.5436405430048,152.1837012604455,pobre,basal,0,480.0,691.5,1.0,40.0,14,89,14262,0,
98,0.0,1.0,3.767,,,5,130.5436405430048,152.1837012604455,pobre,basal,0,480.0,691.5,1.0,40.0,15,89,14262,0,
97,0.0,1.0,3.767,1.0,3.0,5,130.5436405430048,152.1837012604455,pobre,basal,0,480.0,691.5,1.0,40.0,9,89,14263,3,1.0
98,0.0,1.0,3.767,1.0,2.0,5,130.5436405430048,152.1837012604455,pobre,basal,0,480.0,691.5,1.0,40.0,10,89,14263,3,1.0
97,1.0,0.0,3.767,1.0,3.0,6,130.5436405430048,152.1837012604455,pobre,basal,0,0.0,599.0,1.0,26.0,9,89,14264,3,1.0
98,1.0,0.0,3.767,1.0,4.0,6,130.5436405430048,152.1837012604455,pobre,basal,0,0.0,599.0,1.0,26.0,10,89,14264,3,1.0
97,0.0,1.0,3.767,0.0,6.0,5,130.5436405430048,152.1837012604455,pobre,basal,0,0.0,762.5,1.0,65.0,15,89,14265,6,0.0
98,0.0,1.0,3.767,0.0,6.0,5,130.5436405430048,152.1837012604455,pobre,basal,0,0.0,762.5,1.0,65.0,16,89,14265,6,0.0
97,1.0,1.0,3.767,0.0,6.0,7,130.5436405430048,152.1837012604455,pobre,basal,3,0.0,680.5,1.0,44.0,13,89,14266,6,0.0
98,1.0,1.0,3.767,1.0,7.0,7,130.5436405430048,152.1837012604455,pobre,basal,3,0.0,680.5,1.0,44.0,14,89,14266,6,0.0
97,0.0,1.0,3.767,1.0,4.0,7,130.5436405430048,152.1837012604455,pobre,basal,3,0.0,680.5,1.0,44.0,11,89,14267,4,1.0
98,0.0,1.0,3.767,1.0,5.0,7,130.5436405430048,152.1837012604455,pobre,basal,3,0.0,680.5,1.0,44.0,12,89,14267,4,1.0
97,1.0,0.0,3.767,1.0,1.0,7,130.5436405430048,152.1837012604455,pobre,basal,3,0.0,680.5,1.0,44.0,9,89,14268,1,1.0
98,1.0,0.0,3.767,1.0,2.0,7,130.5436405430048,152.1837012604455,pobre,basal,3,0.0,680.5,1.0,44.0,10,89,14268,1,1.0
97,1.0,0.0,3.767,1.0,0.0,7,130.5436405430048,152.1837012604455,pobre,basal,3,0.0,680.5,1.0,44.0,7,89,14269,0,1.0
98,1.0,0.0,3.767,1.0,1.0,7,130.5436405430048,152.1837012604455,pobre,basal,3,0.0,680.5,1.0,44.0,8,89,14269,0,1.0
97,0.0,0.0,3.767,1.0,4.0,6,130.5436405430048,152.1837012604455,pobre,basal,3,0.0,633.0,1.0,28.0,10,89,14270,4,1.0
98,0.0,0.0,3.767,1.0,3.0,6,130.5436405430048,152.1837012604455,pobre,basal,3,0.0,633.0,1.0,28.0,11,89,14270,4,1.0
97,1.0,0.0,3.767,1.0,0.0,6,130.5436405430048,152.1837012604455,pobre,basal,3,0.0,633.0,1.0,28.0,7,89,14271,0,1.0
98,1.0,0.0,3.767,1.0,1.0,6,130.5436405430048,152.1837012604455,pobre,basal,3,0.0,633.0,1.0,28.0,8,89,14271,0,1.0
97,0.0,0.0,3.767,0.0,5.0,12,130.5436405430048,152.1837012604455,pobre,basal,0,0.0,628.0,1.0,46.0,15,89,14272,5,0.0
98,0.0,0.0,3.767,0.0,4.0,12,130.5436405430048,152.1837012604455,pobre,basal,0,0.0,628.0,1.0,46.0,16,89,14272,5,0.0
97,0.0,0.0,3.767,0.0,6.0,12,130.5436405430048,152.1837012604455,pobre,basal,0,0.0,628.0,1.0,46.0,13,89,14273,6,0.0
98,0.0,0.0,3.767,0.0,6.0,12,130.5436405430048,152.1837012604455,pobre,basal,0,0.0,628.0,1.0,46.0,14,89,14273,6,0.0
97,0.0,0.0,3.767,1.0,4.0,12,130.5436405430048,152.1837012604455,pobre,basal,0,0.0,628.0,1.0,46.0,10,89,14274,4,1.0
98,0.0,0.0,3.767,1.0,5.0,12,130.5436405430048,152.1837012604455,pobre,basal,0,0.0,628.0,1.0,46.0,11,89,14274,4,1.0
97,0.0,1.0,1.972,1.0,4.0,7,127.4446977664964,148.0363913096287,pobre,0,0,500.0,611.5,1.0,54.0,14,88,14275,4,1.0
98,0.0,1.0,1.972,0.0,6.0,7,127.4446977664964,148.0363913096287,pobre,0,0,500.0,611.5,1.0,54.0,15,88,14275,4,1.0
97,0.0,1.0,1.972,1.0,6.0,7,127.4446977664964,148.0363913096287,pobre,0,0,500.0,611.5,1.0,54.0,12,88,14276,6,1.0
98,0.0,1.0,1.972,1.0,7.0,7,127.4446977664964,148.0363913096287,pobre,0,0,500.0,611.5,1.0,54.0,13,88,14276,6,1.0
97,0.0,1.0,1.972,1.0,4.0,7,127.4446977664964,148.0363913096287,pobre,0,0,500.0,611.5,1.0,54.0,10,88,14277,4,1.0
98,0.0,1.0,1.972,1.0,5.0,7,127.4446977664964,148.0363913096287,pobre,0,0,500.0,611.5,1.0,54.0,11,88,14277,4,1.0
97,1.0,1.0,1.972,1.0,1.0,7,127.4446977664964,148.0363913096287,pobre,0,0,500.0,611.5,1.0,54.0,8,88,14278,1,1.0
98,1.0,1.0,1.972,1.0,2.0,7,127.4446977664964,148.0363913096287,pobre,0,0,500.0,611.5,1.0,54.0,9,88,14278,1,1.0
97,0.0,1.0,1.972,1.0,1.0,7,127.4446977664964,148.0363913096287,pobre,0,0,500.0,611.5,1.0,54.0,8,88,14279,1,1.0
98,0.0,1.0,1.972,1.0,2.0,7,127.4446977664964,148.0363913096287,pobre,0,0,500.0,611.5,1.0,54.0,9,88,14279,1,1.0
97,1.0,1.0,1.972,1.0,5.0,9,127.4446977664964,148.0363913096287,pobre,0,2,500.0,384.0,1.0,30.0,13,88,14280,5,1.0
98,1.0,1.0,1.972,1.0,6.0,9,127.4446977664964,148.0363913096287,pobre,0,2,500.0,384.0,1.0,30.0,14,88,14280,5,1.0
97,0.0,1.0,1.972,1.0,4.0,9,127.4446977664964,148.0363913096287,pobre,0,2,500.0,384.0,1.0,30.0,11,88,14281,4,1.0
98,0.0,1.0,1.972,1.0,5.0,9,127.4446977664964,148.0363913096287,pobre,0,2,500.0,384.0,1.0,30.0,12,88,14281,4,1.0
97,1.0,1.0,1.972,1.0,2.0,9,127.4446977664964,148.0363913096287,pobre,0,2,500.0,384.0,1.0,30.0,8,88,14282,2,1.0
98,1.0,1.0,1.972,1.0,3.0,9,127.4446977664964,148.0363913096287,pobre,0,2,500.0,384.0,1.0,30.0,9,88,14282,2,1.0
97,1.0,1.0,1.972,1.0,0.0,9,127.4446977664964,148.0363913096287,pobre,0,2,500.0,384.0,1.0,30.0,6,88,14283,0,1.0
98,1.0,1.0,1.972,1.0,1.0,9,127.4446977664964,148.0363913096287,pobre,0,2,500.0,384.0,1.0,30.0,7,88,14283,0,1.0
97,0.0,1.0,1.058,1.0,6.0,9,102.7581304518755,135.1577304237856,pobre,basal,2,500.0,443.0,1.0,52.0,16,34,14284,6,1.0
98,0.0,1.0,1.058,,,9,102.7581304518755,135.1577304237856,pobre,basal,2,500.0,443.0,1.0,52.0,17,34,14284,6,1.0
97,1.0,1.0,1.058,1.0,8.0,9,102.7581304518755,135.1577304237856,pobre,basal,2,500.0,443.0,1.0,52.0,14,34,14285,8,1.0
98,1.0,1.0,1.058,,,9,102.7581304518755,135.1577304237856,pobre,basal,2,500.0,443.0,1.0,52.0,15,34,14285,8,1.0
97,0.0,1.0,1.058,1.0,6.0,9,102.7581304518755,135.1577304237856,pobre,basal,2,500.0,443.0,1.0,52.0,12,34,14286,6,1.0
98,0.0,1.0,1.058,,,9,102.7581304518755,135.1577304237856,pobre,basal,2,500.0,443.0,1.0,52.0,13,34,14286,6,1.0
97,1.0,1.0,1.058,1.0,4.0,9,102.7581304518755,135.1577304237856,pobre,basal,2,500.0,443.0,1.0,52.0,9,34,14287,4,1.0
98,1.0,1.0,1.058,1.0,4.0,9,102.7581304518755,135.1577304237856,pobre,basal,2,500.0,443.0,1.0,52.0,10,34,14287,4,1.0
97,0.0,1.0,1.058,0.0,6.0,7,102.7581304518755,135.1577304237856,pobre,basal,3,500.0,725.5,1.0,62.0,15,34,14288,6,0.0
98,0.0,1.0,1.058,0.0,6.0,7,102.7581304518755,135.1577304237856,pobre,basal,3,500.0,725.5,1.0,62.0,16,34,14288,6,0.0
97,1.0,1.0,1.058,1.0,7.0,7,102.7581304518755,135.1577304237856,pobre,basal,3,500.0,725.5,1.0,62.0,13,34,14289,7,1.0
98,1.0,1.0,1.058,1.0,8.0,7,102.7581304518755,135.1577304237856,pobre,basal,3,500.0,725.5,1.0,62.0,14,34,14289,7,1.0
97,0.0,1.0,1.058,1.0,2.0,7,102.7581304518755,135.1577304237856,pobre,basal,3,500.0,725.5,1.0,62.0,9,34,14290,2,1.0
98,0.0,1.0,1.058,1.0,3.0,7,102.7581304518755,135.1577304237856,pobre,basal,3,500.0,725.5,1.0,62.0,10,34,14290,2,1.0
97,1.0,1.0,1.058,1.0,1.0,6,102.7581304518755,135.1577304237856,pobre,basal,2,480.0,554.0,1.0,45.0,13,34,14291,1,1.0
98,1.0,1.0,1.058,1.0,3.0,6,102.7581304518755,135.1577304237856,pobre,basal,2,480.0,554.0,1.0,45.0,14,34,14291,1,1.0
97,0.0,1.0,1.058,1.0,0.0,6,102.7581304518755,135.1577304237856,pobre,basal,2,480.0,554.0,1.0,45.0,6,34,14292,0,1.0
98,0.0,1.0,1.058,,,6,102.7581304518755,135.1577304237856,pobre,basal,2,480.0,554.0,1.0,45.0,7,34,14292,0,1.0
97,0.0,1.0,1.058,1.0,8.0,10,102.7581304518755,135.1577304237856,pobre,basal,0,500.0,365.0,1.0,48.0,13,34,14293,8,1.0
98,0.0,1.0,1.058,,,10,102.7581304518755,135.1577304237856,pobre,basal,0,500.0,365.0,1.0,48.0,14,34,14293,8,1.0
97,1.0,1.0,1.058,1.0,7.0,10,102.7581304518755,135.1577304237856,pobre,basal,0,500.0,365.0,1.0,48.0,12,34,14294,7,1.0
98,1.0,1.0,1.058,1.0,7.0,10,102.7581304518755,135.1577304237856,pobre,basal,0,500.0,365.0,1.0,48.0,13,34,14294,7,1.0
97,1.0,1.0,1.058,1.0,2.0,10,102.7581304518755,135.1577304237856,pobre,basal,0,500.0,365.0,1.0,48.0,10,34,14295,2,1.0
98,1.0,1.0,1.058,1.0,4.0,10,102.7581304518755,135.1577304237856,pobre,basal,0,500.0,365.0,1.0,48.0,11,34,14295,2,1.0
97,0.0,1.0,1.058,,0.0,10,102.7581304518755,135.1577304237856,pobre,basal,0,500.0,365.0,1.0,48.0,7,34,14296,0,
98,0.0,1.0,1.058,1.0,1.0,10,102.7581304518755,135.1577304237856,pobre,basal,0,500.0,365.0,1.0,48.0,8,34,14296,0,
97,0.0,1.0,1.058,0.0,6.0,10,102.7581304518755,135.1577304237856,pobre,basal,0,0.0,429.0,1.0,55.0,15,34,14297,6,0.0
98,0.0,1.0,1.058,,,10,102.7581304518755,135.1577304237856,pobre,basal,0,0.0,429.0,1.0,55.0,16,34,14297,6,0.0
97,1.0,1.0,1.058,1.0,7.0,10,102.7581304518755,135.1577304237856,pobre,basal,0,0.0,429.0,1.0,55.0,13,34,14298,7,1.0
98,1.0,1.0,1.058,1.0,8.0,10,102.7581304518755,135.1577304237856,pobre,basal,0,0.0,429.0,1.0,55.0,14,34,14298,7,1.0
97,1.0,1.0,1.058,1.0,6.0,10,102.7581304518755,135.1577304237856,pobre,basal,0,0.0,429.0,1.0,55.0,11,34,14299,6,1.0
98,1.0,1.0,1.058,1.0,7.0,10,102.7581304518755,135.1577304237856,pobre,basal,0,0.0,429.0,1.0,55.0,12,34,14299,6,1.0
97,1.0,1.0,1.058,1.0,2.0,10,102.7581304518755,135.1577304237856,pobre,basal,0,0.0,429.0,1.0,55.0,8,34,14300,2,1.0
98,1.0,1.0,1.058,1.0,3.0,10,102.7581304518755,135.1577304237856,pobre,basal,0,0.0,429.0,1.0,55.0,9,34,14300,2,1.0
97,1.0,1.0,1.058,1.0,1.0,3,102.7581304518755,135.1577304237856,pobre,basal,5,750.0,621.0,1.0,25.0,6,34,14301,1,1.0
98,1.0,1.0,1.058,1.0,2.0,3,102.7581304518755,135.1577304237856,pobre,basal,5,750.0,621.0,1.0,25.0,7,34,14301,1,1.0
97,0.0,0.0,1.058,1.0,8.0,5,102.7581304518755,135.1577304237856,pobre,basal,0,0.0,560.0,1.0,54.0,14,34,14302,8,1.0
98,0.0,0.0,1.058,,,5,102.7581304518755,135.1577304237856,pobre,basal,0,0.0,560.0,1.0,54.0,15,34,14302,8,1.0
97,0.0,0.0,1.058,1.0,4.0,5,102.7581304518755,135.1577304237856,pobre,basal,0,0.0,560.0,1.0,54.0,10,34,14303,4,1.0
98,0.0,0.0,1.058,,,5,102.7581304518755,135.1577304237856,pobre,basal,0,0.0,560.0,1.0,54.0,11,34,14303,4,1.0
97,0.0,1.0,1.058,0.0,6.0,8,102.7581304518755,135.1577304237856,pobre,basal,1,500.0,746.66998,1.0,54.0,16,34,14304,6,0.0
98,0.0,1.0,1.058,,,8,102.7581304518755,135.1577304237856,pobre,basal,1,500.0,746.66998,1.0,54.0,17,34,14304,6,0.0
97,1.0,1.0,1.058,1.0,6.0,8,102.7581304518755,135.1577304237856,pobre,basal,1,500.0,746.66998,1.0,54.0,14,34,14305,6,1.0
98,1.0,1.0,1.058,,,8,102.7581304518755,135.1577304237856,pobre,basal,1,500.0,746.66998,1.0,54.0,15,34,14305,6,1.0
97,1.0,1.0,1.058,,0.0,7,102.7581304518755,135.1577304237856,no pobre,basal,0,500.0,779.46997,1.0,59.0,15,34,14306,0,
98,1.0,1.0,1.058,0.0,2.0,7,102.7581304518755,135.1577304237856,no pobre,basal,0,500.0,779.46997,1.0,59.0,16,34,14306,0,
97,0.0,1.0,1.058,0.0,6.0,10,102.7581304518755,135.1577304237856,pobre,basal,0,500.0,646.0,1.0,47.0,16,34,14307,6,0.0
98,0.0,1.0,1.058,,,10,102.7581304518755,135.1577304237856,pobre,basal,0,500.0,646.0,1.0,47.0,17,34,14307,6,0.0
97,1.0,1.0,1.058,1.0,8.0,10,102.7581304518755,135.1577304237856,pobre,basal,0,500.0,646.0,1.0,47.0,14,34,14308,8,1.0
98,1.0,1.0,1.058,0.0,9.0,10,102.7581304518755,135.1577304237856,pobre,basal,0,500.0,646.0,1.0,47.0,15,34,14308,8,1.0
97,1.0,1.0,1.058,1.0,7.0,10,102.7581304518755,135.1577304237856,pobre,basal,0,500.0,646.0,1.0,47.0,13,34,14309,7,1.0
98,1.0,1.0,1.058,1.0,8.0,10,102.7581304518755,135.1577304237856,pobre,basal,0,500.0,646.0,1.0,47.0,14,34,14309,7,1.0
97,0.0,1.0,1.058,1.0,3.0,10,102.7581304518755,135.1577304237856,pobre,basal,0,500.0,646.0,1.0,47.0,9,34,14310,3,1.0
98,0.0,1.0,1.058,1.0,3.0,10,102.7581304518755,135.1577304237856,pobre,basal,0,500.0,646.0,1.0,47.0,10,34,14310,3,1.0
97,1.0,1.0,1.058,1.0,0.0,10,102.7581304518755,135.1577304237856,pobre,basal,0,500.0,646.0,1.0,47.0,6,34,14311,0,1.0
98,1.0,1.0,1.058,1.0,1.0,10,102.7581304518755,135.1577304237856,pobre,basal,0,500.0,646.0,1.0,47.0,7,34,14311,0,1.0
97,1.0,1.0,1.058,1.0,4.0,8,102.7581304518755,135.1577304237856,pobre,basal,2,500.0,433.0,1.0,35.0,10,34,14312,4,1.0
98,1.0,1.0,1.058,1.0,5.0,8,102.7581304518755,135.1577304237856,pobre,basal,2,500.0,433.0,1.0,35.0,11,34,14312,4,1.0
97,0.0,1.0,1.058,1.0,3.0,8,102.7581304518755,135.1577304237856,pobre,basal,2,500.0,433.0,1.0,35.0,9,34,14313,3,1.0
98,0.0,1.0,1.058,1.0,3.0,8,102.7581304518755,135.1577304237856,pobre,basal,2,500.0,433.0,1.0,35.0,10,34,14313,3,1.0
97,0.0,1.0,1.058,1.0,2.0,8,102.7581304518755,135.1577304237856,pobre,basal,2,500.0,433.0,1.0,35.0,7,34,14314,2,1.0
98,0.0,1.0,1.058,1.0,2.0,8,102.7581304518755,135.1577304237856,pobre,basal,2,500.0,433.0,1.0,35.0,8,34,14314,2,1.0
97,0.0,1.0,1.058,1.0,1.0,8,102.7581304518755,135.1577304237856,pobre,basal,2,500.0,433.0,1.0,35.0,6,34,14315,1,1.0
98,0.0,1.0,1.058,1.0,1.0,8,102.7581304518755,135.1577304237856,pobre,basal,2,500.0,433.0,1.0,35.0,7,34,14315,1,1.0
97,1.0,1.0,1.058,1.0,7.0,9,102.7581304518755,135.1577304237856,pobre,basal,0,0.0,466.0,0.0,45.0,13,34,14316,7,1.0
98,1.0,1.0,1.058,1.0,8.0,9,102.7581304518755,135.1577304237856,pobre,basal,0,0.0,466.0,0.0,45.0,14,34,14316,7,1.0
97,1.0,1.0,1.058,1.0,4.0,9,102.7581304518755,135.1577304237856,pobre,basal,0,0.0,466.0,0.0,45.0,11,34,14317,4,1.0
98,1.0,1.0,1.058,1.0,4.0,9,102.7581304518755,135.1577304237856,pobre,basal,0,0.0,466.0,0.0,45.0,12,34,14317,4,1.0
97,1.0,1.0,1.058,1.0,0.0,9,102.7581304518755,135.1577304237856,pobre,basal,0,0.0,466.0,0.0,45.0,6,34,14318,0,1.0
98,1.0,1.0,1.058,1.0,1.0,9,102.7581304518755,135.1577304237856,pobre,basal,0,0.0,466.0,0.0,45.0,7,34,14318,0,1.0
97,1.0,1.0,1.058,1.0,7.0,4,102.7581304518755,135.1577304237856,pobre,basal,0,0.0,563.0,1.0,43.0,16,34,14319,7,1.0
98,1.0,1.0,1.058,1.0,8.0,4,102.7581304518755,135.1577304237856,pobre,basal,0,0.0,563.0,1.0,43.0,17,34,14319,7,1.0
97,1.0,1.0,1.058,1.0,4.0,4,102.7581304518755,135.1577304237856,pobre,basal,0,0.0,563.0,1.0,43.0,9,34,14320,4,1.0
98,1.0,1.0,1.058,1.0,4.0,4,102.7581304518755,135.1577304237856,pobre,basal,0,0.0,563.0,1.0,43.0,10,34,14320,4,1.0
97,0.0,1.0,1.058,0.0,6.0,5,102.7581304518755,135.1577304237856,pobre,basal,0,500.0,729.5,1.0,59.0,15,34,14321,6,0.0
98,0.0,1.0,1.058,0.0,6.0,5,102.7581304518755,135.1577304237856,pobre,basal,0,500.0,729.5,1.0,59.0,16,34,14321,6,0.0
97,0.0,1.0,1.058,1.0,2.0,6,102.7581304518755,135.1577304237856,pobre,basal,5,0.0,455.0,1.0,31.0,6,34,14322,2,1.0
98,0.0,1.0,1.058,1.0,3.0,6,102.7581304518755,135.1577304237856,pobre,basal,5,0.0,455.0,1.0,31.0,7,34,14322,2,1.0
97,0.0,1.0,1.058,1.0,4.0,5,102.7581304518755,135.1577304237856,pobre,basal,1,500.0,673.0,1.0,30.0,11,34,14323,4,1.0
98,0.0,1.0,1.058,1.0,5.0,5,102.7581304518755,135.1577304237856,pobre,basal,1,500.0,673.0,1.0,30.0,12,34,14323,4,1.0
97,1.0,1.0,1.058,1.0,3.0,5,102.7581304518755,135.1577304237856,pobre,basal,1,500.0,673.0,1.0,30.0,8,34,14324,3,1.0
98,1.0,1.0,1.058,1.0,4.0,5,102.7581304518755,135.1577304237856,pobre,basal,1,500.0,673.0,1.0,30.0,9,34,14324,3,1.0
97,1.0,1.0,1.058,1.0,4.0,3,102.7581304518755,135.1577304237856,pobre,basal,0,0.0,602.0,1.0,50.0,12,34,14325,4,1.0
98,1.0,1.0,1.058,,,3,102.7581304518755,135.1577304237856,pobre,basal,0,0.0,602.0,1.0,50.0,13,34,14325,4,1.0
97,1.0,1.0,1.058,1.0,3.0,3,102.7581304518755,135.1577304237856,pobre,basal,0,0.0,602.0,1.0,50.0,8,34,14326,3,1.0
98,1.0,1.0,1.058,,,3,102.7581304518755,135.1577304237856,pobre,basal,0,0.0,602.0,1.0,50.0,9,34,14326,3,1.0
97,1.0,1.0,1.058,1.0,8.0,8,102.7581304518755,135.1577304237856,pobre,basal,0,500.0,430.0,1.0,42.0,15,34,14327,8,1.0
98,1.0,1.0,1.058,,,8,102.7581304518755,135.1577304237856,pobre,basal,0,500.0,430.0,1.0,42.0,16,34,14327,8,1.0
97,0.0,1.0,1.058,0.0,6.0,8,102.7581304518755,135.1577304237856,pobre,basal,0,500.0,430.0,1.0,42.0,14,34,14328,6,0.0
98,0.0,1.0,1.058,,,8,102.7581304518755,135.1577304237856,pobre,basal,0,500.0,430.0,1.0,42.0,15,34,14328,6,0.0
97,1.0,1.0,1.058,1.0,6.0,8,102.7581304518755,135.1577304237856,pobre,basal,0,500.0,430.0,1.0,42.0,11,34,14329,6,1.0
98,1.0,1.0,1.058,1.0,7.0,8,102.7581304518755,135.1577304237856,pobre,basal,0,500.0,430.0,1.0,42.0,12,34,14329,6,1.0
97,0.0,1.0,1.058,1.0,2.0,8,102.7581304518755,135.1577304237856,pobre,basal,0,500.0,430.0,1.0,42.0,9,34,14330,2,1.0
98,0.0,1.0,1.058,1.0,3.0,8,102.7581304518755,135.1577304237856,pobre,basal,0,500.0,430.0,1.0,42.0,10,34,14330,2,1.0
97,0.0,1.0,1.058,1.0,0.0,8,102.7581304518755,135.1577304237856,pobre,basal,0,500.0,430.0,1.0,42.0,6,34,14331,0,1.0
98,0.0,1.0,1.058,1.0,1.0,8,102.7581304518755,135.1577304237856,pobre,basal,0,500.0,430.0,1.0,42.0,7,34,14331,0,1.0
97,0.0,1.0,3.767,1.0,3.0,13,130.5436405430048,152.1837012604455,pobre,basal,0,400.0,608.33002,1.0,23.0,11,89,14332,3,1.0
98,0.0,1.0,3.767,1.0,6.0,13,130.5436405430048,152.1837012604455,pobre,basal,0,400.0,608.33002,1.0,23.0,12,89,14332,3,1.0
97,1.0,1.0,3.767,1.0,2.0,13,130.5436405430048,152.1837012604455,pobre,basal,0,400.0,608.33002,1.0,23.0,9,89,14333,2,1.0
98,1.0,1.0,3.767,1.0,4.0,13,130.5436405430048,152.1837012604455,pobre,basal,0,400.0,608.33002,1.0,23.0,10,89,14333,2,1.0
97,1.0,1.0,3.767,,0.0,13,130.5436405430048,152.1837012604455,pobre,basal,0,400.0,608.33002,1.0,23.0,8,89,14334,0,
98,1.0,1.0,3.767,1.0,3.0,13,130.5436405430048,152.1837012604455,pobre,basal,0,400.0,608.33002,1.0,23.0,9,89,14334,0,
97,1.0,1.0,3.767,1.0,2.0,13,130.5436405430048,152.1837012604455,pobre,basal,0,400.0,608.33002,1.0,23.0,12,89,14335,2,1.0
98,1.0,1.0,3.767,1.0,8.0,13,130.5436405430048,152.1837012604455,pobre,basal,0,400.0,608.33002,1.0,23.0,13,89,14335,2,1.0
97,1.0,1.0,3.767,,0.0,13,130.5436405430048,152.1837012604455,pobre,basal,0,400.0,608.33002,1.0,23.0,6,89,14336,0,
98,1.0,1.0,3.767,1.0,1.0,13,130.5436405430048,152.1837012604455,pobre,basal,0,400.0,608.33002,1.0,23.0,7,89,14336,0,
97,1.0,1.0,3.767,,0.0,13,130.5436405430048,152.1837012604455,pobre,basal,0,400.0,608.33002,1.0,23.0,16,89,14337,0,
98,1.0,1.0,3.767,,,13,130.5436405430048,152.1837012604455,pobre,basal,0,400.0,608.33002,1.0,23.0,17,89,14337,0,
97,0.0,1.0,3.767,1.0,3.0,3,130.5436405430048,152.1837012604455,no pobre,basal,0,400.0,802.5,1.0,40.0,14,89,14338,3,1.0
98,0.0,1.0,3.767,1.0,7.0,3,130.5436405430048,152.1837012604455,no pobre,basal,0,400.0,802.5,1.0,40.0,15,89,14338,3,1.0
97,1.0,1.0,3.767,1.0,4.0,6,130.5436405430048,152.1837012604455,pobre,basal,0,400.0,736.0,1.0,80.0,12,89,14339,4,1.0
98,1.0,1.0,3.767,,,6,130.5436405430048,152.1837012604455,pobre,basal,0,400.0,736.0,1.0,80.0,13,89,14339,4,1.0
97,1.0,1.0,3.767,1.0,5.0,9,130.5436405430048,152.1837012604455,pobre,basal,10,400.0,632.0,1.0,27.0,10,89,14340,5,1.0
98,1.0,1.0,3.767,1.0,5.0,9,130.5436405430048,152.1837012604455,pobre,basal,10,400.0,632.0,1.0,27.0,11,89,14340,5,1.0
97,1.0,1.0,3.767,0.0,1.0,9,130.5436405430048,152.1837012604455,pobre,basal,10,400.0,632.0,1.0,27.0,8,89,14341,1,0.0
98,1.0,1.0,3.767,1.0,3.0,9,130.5436405430048,152.1837012604455,pobre,basal,10,400.0,632.0,1.0,27.0,9,89,14341,1,0.0
97,1.0,1.0,3.767,,0.0,9,130.5436405430048,152.1837012604455,pobre,basal,10,400.0,632.0,1.0,27.0,6,89,14342,0,
98,1.0,1.0,3.767,1.0,0.0,9,130.5436405430048,152.1837012604455,pobre,basal,10,400.0,632.0,1.0,27.0,7,89,14342,0,
97,1.0,0.0,3.767,1.0,6.0,11,130.5436405430048,152.1837012604455,pobre,basal,0,400.0,556.5,1.0,35.0,12,89,14343,6,1.0
98,1.0,0.0,3.767,1.0,6.0,11,130.5436405430048,152.1837012604455,pobre,basal,0,400.0,556.5,1.0,35.0,13,89,14343,6,1.0
97,0.0,0.0,3.767,1.0,4.0,11,130.5436405430048,152.1837012604455,pobre,basal,0,400.0,556.5,1.0,35.0,11,89,14344,4,1.0
98,0.0,0.0,3.767,1.0,4.0,11,130.5436405430048,152.1837012604455,pobre,basal,0,400.0,556.5,1.0,35.0,12,89,14344,4,1.0
97,1.0,0.0,3.767,1.0,1.0,11,130.5436405430048,152.1837012604455,pobre,basal,0,400.0,556.5,1.0,35.0,8,89,14345,1,1.0
98,1.0,0.0,3.767,1.0,4.0,11,130.5436405430048,152.1837012604455,pobre,basal,0,400.0,556.5,1.0,35.0,9,89,14345,1,1.0
97,0.0,0.0,3.767,1.0,2.0,11,130.5436405430048,152.1837012604455,pobre,basal,0,400.0,556.5,1.0,35.0,6,89,14346,2,1.0
98,0.0,0.0,3.767,1.0,2.0,11,130.5436405430048,152.1837012604455,pobre,basal,0,400.0,556.5,1.0,35.0,7,89,14346,2,1.0
97,1.0,1.0,3.767,1.0,2.0,11,130.5436405430048,152.1837012604455,pobre,basal,0,400.0,556.5,1.0,35.0,11,89,14347,2,1.0
98,1.0,1.0,3.767,1.0,4.0,11,130.5436405430048,152.1837012604455,pobre,basal,0,400.0,556.5,1.0,35.0,12,89,14347,2,1.0
97,0.0,1.0,3.767,1.0,2.0,7,130.5436405430048,152.1837012604455,pobre,basal,0,400.0,712.33002,1.0,70.0,7,89,14348,2,1.0
98,0.0,1.0,3.767,1.0,3.0,7,130.5436405430048,152.1837012604455,pobre,basal,0,400.0,712.33002,1.0,70.0,8,89,14348,2,1.0
97,1.0,0.0,3.767,1.0,2.0,6,130.5436405430048,152.1837012604455,pobre,basal,0,8.333333,606.0,1.0,31.0,8,89,14349,2,1.0
98,1.0,0.0,3.767,1.0,0.0,6,130.5436405430048,152.1837012604455,pobre,basal,0,8.333333,606.0,1.0,31.0,9,89,14349,2,1.0
97,1.0,1.0,3.767,1.0,4.0,6,130.5436405430048,152.1837012604455,pobre,basal,8,400.0,768.0,1.0,32.0,10,89,14350,4,1.0
98,1.0,1.0,3.767,1.0,6.0,6,130.5436405430048,152.1837012604455,pobre,basal,8,400.0,768.0,1.0,32.0,11,89,14350,4,1.0
97,1.0,1.0,3.767,1.0,0.0,6,130.5436405430048,152.1837012604455,pobre,basal,8,400.0,768.0,1.0,32.0,6,89,14351,0,1.0
98,1.0,1.0,3.767,1.0,1.0,6,130.5436405430048,152.1837012604455,pobre,basal,8,400.0,768.0,1.0,32.0,7,89,14351,0,1.0
97,0.0,0.0,3.767,1.0,5.0,6,130.5436405430048,152.1837012604455,pobre,basal,3,480.0,655.0,1.0,43.0,12,89,14352,5,1.0
98,0.0,0.0,3.767,1.0,6.0,6,130.5436405430048,152.1837012604455,pobre,basal,3,480.0,655.0,1.0,43.0,13,89,14352,5,1.0
97,1.0,0.0,3.767,1.0,3.0,6,130.5436405430048,152.1837012604455,pobre,basal,3,480.0,655.0,1.0,43.0,10,89,14353,3,1.0
98,1.0,0.0,3.767,1.0,4.0,6,130.5436405430048,152.1837012604455,pobre,basal,3,480.0,655.0,1.0,43.0,11,89,14353,3,1.0
97,1.0,0.0,3.767,1.0,0.0,6,130.5436405430048,152.1837012604455,pobre,basal,3,480.0,655.0,1.0,43.0,6,89,14354,0,1.0
98,1.0,0.0,3.767,1.0,1.0,6,130.5436405430048,152.1837012604455,pobre,basal,3,480.0,655.0,1.0,43.0,7,89,14354,0,1.0
97,0.0,0.0,3.767,0.0,6.0,4,130.5436405430048,152.1837012604455,no pobre,basal,2,400.0,904.0,1.0,50.0,15,89,14355,6,0.0
98,0.0,0.0,3.767,,,4,130.5436405430048,152.1837012604455,no pobre,basal,2,400.0,904.0,1.0,50.0,16,89,14355,6,0.0
97,0.0,0.0,3.767,0.0,5.0,4,130.5436405430048,152.1837012604455,pobre,basal,0,400.0,842.0,1.0,50.0,14,89,14356,5,0.0
98,0.0,0.0,3.767,0.0,7.0,4,130.5436405430048,152.1837012604455,pobre,basal,0,400.0,842.0,1.0,50.0,15,89,14356,5,0.0
97,0.0,0.0,5.4590001,1.0,0.0,2,135.4732181423812,135.4732181423812,no pobre,basal,0,0.0,894.0,0.0,49.0,6,2,14357,0,1.0
98,0.0,0.0,5.4590001,1.0,1.0,2,135.4732181423812,135.4732181423812,no pobre,basal,0,0.0,894.0,0.0,49.0,7,2,14357,0,1.0
97,1.0,0.0,5.4590001,1.0,1.0,6,135.4732181423812,135.4732181423812,pobre,basal,0,0.0,756.0,1.0,46.0,8,2,14358,1,1.0
98,1.0,0.0,5.4590001,1.0,2.0,6,135.4732181423812,135.4732181423812,pobre,basal,0,0.0,756.0,1.0,46.0,9,2,14358,1,1.0
97,0.0,0.0,5.4590001,0.0,6.0,9,135.4732181423812,135.4732181423812,pobre,basal,1,0.0,656.5,1.0,44.0,14,2,14359,6,0.0
98,0.0,0.0,5.4590001,0.0,6.0,9,135.4732181423812,135.4732181423812,pobre,basal,1,0.0,656.5,1.0,44.0,15,2,14359,6,0.0
97,1.0,0.0,5.4590001,0.0,2.0,9,135.4732181423812,135.4732181423812,pobre,basal,1,0.0,656.5,1.0,44.0,11,2,14360,2,0.0
98,1.0,0.0,5.4590001,1.0,3.0,9,135.4732181423812,135.4732181423812,pobre,basal,1,0.0,656.5,1.0,44.0,12,2,14360,2,0.0
97,0.0,0.0,5.4590001,1.0,1.0,9,135.4732181423812,135.4732181423812,pobre,basal,1,0.0,656.5,1.0,44.0,8,2,14361,1,1.0
98,0.0,0.0,5.4590001,1.0,2.0,9,135.4732181423812,135.4732181423812,pobre,basal,1,0.0,656.5,1.0,44.0,9,2,14361,1,1.0
97,0.0,0.0,5.4590001,0.0,6.0,9,135.4732181423812,135.4732181423812,pobre,basal,1,0.0,620.40002,1.0,42.0,15,2,14362,6,0.0
98,0.0,0.0,5.4590001,1.0,5.0,9,135.4732181423812,135.4732181423812,pobre,basal,1,0.0,620.40002,1.0,42.0,16,2,14362,6,0.0
97,0.0,0.0,5.4590001,1.0,3.0,9,135.4732181423812,135.4732181423812,pobre,basal,1,0.0,620.40002,1.0,42.0,13,2,14363,3,1.0
98,0.0,0.0,5.4590001,1.0,5.0,9,135.4732181423812,135.4732181423812,pobre,basal,1,0.0,620.40002,1.0,42.0,14,2,14363,3,1.0
97,0.0,0.0,5.4590001,1.0,0.0,9,135.4732181423812,135.4732181423812,pobre,basal,1,0.0,620.40002,1.0,42.0,9,2,14364,0,1.0
98,0.0,0.0,5.4590001,1.0,0.0,9,135.4732181423812,135.4732181423812,pobre,basal,1,0.0,620.40002,1.0,42.0,10,2,14364,0,1.0
97,0.0,0.0,5.4590001,1.0,0.0,9,135.4732181423812,135.4732181423812,pobre,basal,1,0.0,620.40002,1.0,42.0,7,2,14365,0,1.0
98,0.0,0.0,5.4590001,1.0,1.0,9,135.4732181423812,135.4732181423812,pobre,basal,1,0.0,620.40002,1.0,42.0,8,2,14365,0,1.0
97,1.0,0.0,5.4590001,0.0,6.0,7,135.4732181423812,135.4732181423812,pobre,basal,2,0.0,702.25,1.0,40.0,15,2,14366,6,0.0
98,1.0,0.0,5.4590001,0.0,6.0,7,135.4732181423812,135.4732181423812,pobre,basal,2,0.0,702.25,1.0,40.0,16,2,14366,6,0.0
97,1.0,0.0,5.4590001,0.0,6.0,7,135.4732181423812,135.4732181423812,pobre,basal,2,0.0,702.25,1.0,40.0,12,2,14367,6,0.0
98,1.0,0.0,5.4590001,0.0,6.0,7,135.4732181423812,135.4732181423812,pobre,basal,2,0.0,702.25,1.0,40.0,13,2,14367,6,0.0
97,0.0,0.0,5.4590001,1.0,5.0,5,135.4732181423812,135.4732181423812,pobre,basal,0,0.0,674.5,0.0,30.0,14,2,14368,5,1.0
98,0.0,0.0,5.4590001,,,5,135.4732181423812,135.4732181423812,pobre,basal,0,0.0,674.5,0.0,30.0,15,2,14368,5,1.0
97,1.0,0.0,5.4590001,1.0,3.0,5,135.4732181423812,135.4732181423812,pobre,basal,0,0.0,674.5,0.0,30.0,11,2,14369,3,1.0
98,1.0,0.0,5.4590001,,,5,135.4732181423812,135.4732181423812,pobre,basal,0,0.0,674.5,0.0,30.0,12,2,14369,3,1.0
97,1.0,0.0,5.4590001,1.0,1.0,5,135.4732181423812,135.4732181423812,pobre,basal,0,0.0,674.5,0.0,30.0,9,2,14370,1,1.0
98,1.0,0.0,5.4590001,,,5,135.4732181423812,135.4732181423812,pobre,basal,0,0.0,674.5,0.0,30.0,10,2,14370,1,1.0
97,1.0,0.0,5.4590001,1.0,0.0,5,135.4732181423812,135.4732181423812,pobre,basal,0,0.0,674.5,0.0,30.0,6,2,14371,0,1.0
98,1.0,0.0,5.4590001,,,5,135.4732181423812,135.4732181423812,pobre,basal,0,0.0,674.5,0.0,30.0,7,2,14371,0,1.0
97,0.0,0.0,5.4590001,0.0,6.0,8,135.4732181423812,135.4732181423812,pobre,basal,0,0.0,596.0,1.0,57.0,16,2,14372,6,0.0
98,0.0,0.0,5.4590001,,,8,135.4732181423812,135.4732181423812,pobre,basal,0,0.0,596.0,1.0,57.0,17,2,14372,6,0.0
97,0.0,0.0,5.4590001,1.0,3.0,8,135.4732181423812,135.4732181423812,pobre,basal,0,0.0,596.0,1.0,57.0,9,2,14373,3,1.0
98,0.0,0.0,5.4590001,1.0,4.0,8,135.4732181423812,135.4732181423812,pobre,basal,0,0.0,596.0,1.0,57.0,10,2,14373,3,1.0
97,1.0,0.0,5.4590001,1.0,5.0,6,135.4732181423812,135.4732181423812,pobre,basal,3,0.0,676.0,0.0,31.0,12,2,14374,5,1.0
98,1.0,0.0,5.4590001,0.0,6.0,6,135.4732181423812,135.4732181423812,pobre,basal,3,0.0,676.0,0.0,31.0,13,2,14374,5,1.0
97,1.0,0.0,5.4590001,1.0,4.0,6,135.4732181423812,135.4732181423812,pobre,basal,3,0.0,676.0,0.0,31.0,11,2,14375,4,1.0
98,1.0,0.0,5.4590001,1.0,5.0,6,135.4732181423812,135.4732181423812,pobre,basal,3,0.0,676.0,0.0,31.0,12,2,14375,4,1.0
97,0.0,0.0,5.4590001,1.0,2.0,6,135.4732181423812,135.4732181423812,pobre,basal,3,0.0,676.0,0.0,31.0,8,2,14376,2,1.0
98,0.0,0.0,5.4590001,1.0,3.0,6,135.4732181423812,135.4732181423812,pobre,basal,3,0.0,676.0,0.0,31.0,9,2,14376,2,1.0
97,0.0,0.0,5.4590001,1.0,0.0,6,135.4732181423812,135.4732181423812,pobre,basal,3,0.0,676.0,0.0,31.0,8,2,14377,0,1.0
98,0.0,0.0,5.4590001,,,6,135.4732181423812,135.4732181423812,pobre,basal,3,0.0,676.0,0.0,31.0,9,2,14377,0,1.0
97,1.0,0.0,5.4590001,1.0,4.0,4,135.4732181423812,135.4732181423812,pobre,basal,4,0.0,730.0,0.0,30.0,10,2,14378,4,1.0
98,1.0,0.0,5.4590001,1.0,5.0,4,135.4732181423812,135.4732181423812,pobre,basal,4,0.0,730.0,0.0,30.0,11,2,14378,4,1.0
97,1.0,0.0,5.4590001,1.0,1.0,4,135.4732181423812,135.4732181423812,pobre,basal,4,0.0,730.0,0.0,30.0,7,2,14379,1,1.0
98,1.0,0.0,5.4590001,1.0,1.0,4,135.4732181423812,135.4732181423812,pobre,basal,4,0.0,730.0,0.0,30.0,8,2,14379,1,1.0
97,1.0,0.0,5.4590001,0.0,3.0,5,135.4732181423812,135.4732181423812,pobre,basal,1,0.0,713.66998,1.0,34.0,14,2,14380,3,0.0
98,1.0,0.0,5.4590001,1.0,8.0,5,135.4732181423812,135.4732181423812,pobre,basal,1,0.0,713.66998,1.0,34.0,15,2,14380,3,0.0
97,1.0,0.0,5.4590001,1.0,2.0,5,135.4732181423812,135.4732181423812,pobre,basal,1,0.0,713.66998,1.0,34.0,12,2,14381,2,1.0
98,1.0,0.0,5.4590001,1.0,4.0,5,135.4732181423812,135.4732181423812,pobre,basal,1,0.0,713.66998,1.0,34.0,13,2,14381,2,1.0
97,0.0,0.0,5.4590001,1.0,2.0,5,135.4732181423812,135.4732181423812,pobre,basal,1,0.0,713.66998,1.0,34.0,10,2,14382,2,1.0
98,0.0,0.0,5.4590001,1.0,4.0,5,135.4732181423812,135.4732181423812,pobre,basal,1,0.0,713.66998,1.0,34.0,11,2,14382,2,1.0
97,0.0,0.0,5.4590001,1.0,2.0,7,135.4732181423812,135.4732181423812,no pobre,basal,6,58.333332,862.5,1.0,32.0,9,2,14383,2,1.0
98,0.0,0.0,5.4590001,1.0,2.0,7,135.4732181423812,135.4732181423812,no pobre,basal,6,58.333332,862.5,1.0,32.0,10,2,14383,2,1.0
97,0.0,0.0,5.4590001,1.0,1.0,7,135.4732181423812,135.4732181423812,no pobre,basal,6,58.333332,862.5,1.0,32.0,7,2,14384,1,1.0
98,0.0,0.0,5.4590001,1.0,2.0,7,135.4732181423812,135.4732181423812,no pobre,basal,6,58.333332,862.5,1.0,32.0,8,2,14384,1,1.0
97,1.0,0.0,5.4590001,1.0,0.0,4,135.4732181423812,135.4732181423812,no pobre,basal,0,625.0,764.0,1.0,25.0,6,2,14385,0,1.0
98,1.0,0.0,5.4590001,1.0,1.0,4,135.4732181423812,135.4732181423812,no pobre,basal,0,625.0,764.0,1.0,25.0,7,2,14385,0,1.0
97,0.0,0.0,5.4590001,0.0,6.0,8,135.4732181423812,135.4732181423812,pobre,basal,0,0.0,693.0,0.0,39.0,15,2,14386,6,0.0
98,0.0,0.0,5.4590001,0.0,6.0,8,135.4732181423812,135.4732181423812,pobre,basal,0,0.0,693.0,0.0,39.0,16,2,14386,6,0.0
97,0.0,0.0,5.4590001,0.0,6.0,8,135.4732181423812,135.4732181423812,pobre,basal,0,0.0,693.0,0.0,39.0,13,2,14387,6,0.0
98,0.0,0.0,5.4590001,0.0,6.0,8,135.4732181423812,135.4732181423812,pobre,basal,0,0.0,693.0,0.0,39.0,14,2,14387,6,0.0
97,0.0,0.0,5.4590001,1.0,1.0,8,135.4732181423812,135.4732181423812,pobre,basal,0,0.0,693.0,0.0,39.0,11,2,14388,1,1.0
98,0.0,0.0,5.4590001,1.0,2.0,8,135.4732181423812,135.4732181423812,pobre,basal,0,0.0,693.0,0.0,39.0,12,2,14388,1,1.0
97,1.0,0.0,5.4590001,1.0,3.0,8,135.4732181423812,135.4732181423812,pobre,basal,0,0.0,693.0,0.0,39.0,8,2,14389,3,1.0
98,1.0,0.0,5.4590001,1.0,1.0,8,135.4732181423812,135.4732181423812,pobre,basal,0,0.0,693.0,0.0,39.0,9,2,14389,3,1.0
97,0.0,0.0,5.4590001,1.0,0.0,8,135.4732181423812,135.4732181423812,pobre,basal,0,0.0,693.0,0.0,39.0,6,2,14390,0,1.0
98,0.0,0.0,5.4590001,1.0,0.0,8,135.4732181423812,135.4732181423812,pobre,basal,0,0.0,693.0,0.0,39.0,7,2,14390,0,1.0
97,1.0,0.0,5.4590001,0.0,6.0,6,135.4732181423812,135.4732181423812,pobre,basal,3,0.0,665.0,1.0,38.0,16,2,14391,6,0.0
98,1.0,0.0,5.4590001,,,6,135.4732181423812,135.4732181423812,pobre,basal,3,0.0,665.0,1.0,38.0,17,2,14391,6,0.0
97,0.0,0.0,5.4590001,0.0,6.0,6,135.4732181423812,135.4732181423812,pobre,basal,3,0.0,665.0,1.0,38.0,16,2,14392,6,0.0
98,0.0,0.0,5.4590001,0.0,7.0,6,135.4732181423812,135.4732181423812,pobre,basal,3,0.0,665.0,1.0,38.0,17,2,14392,6,0.0
97,1.0,0.0,5.4590001,1.0,1.0,6,135.4732181423812,135.4732181423812,pobre,basal,3,0.0,665.0,1.0,38.0,8,2,14393,1,1.0
98,1.0,0.0,5.4590001,1.0,2.0,6,135.4732181423812,135.4732181423812,pobre,basal,3,0.0,665.0,1.0,38.0,9,2,14393,1,1.0
97,1.0,0.0,5.4590001,1.0,0.0,6,135.4732181423812,135.4732181423812,pobre,basal,3,0.0,665.0,1.0,38.0,6,2,14394,0,1.0
98,1.0,0.0,5.4590001,1.0,1.0,6,135.4732181423812,135.4732181423812,pobre,basal,3,0.0,665.0,1.0,38.0,7,2,14394,0,1.0
97,1.0,0.0,5.4590001,0.0,6.0,5,135.4732181423812,135.4732181423812,pobre,basal,0,58.333332,740.0,0.0,38.0,16,2,14395,6,0.0
98,1.0,0.0,5.4590001,,,5,135.4732181423812,135.4732181423812,pobre,basal,0,58.333332,740.0,0.0,38.0,17,2,14395,6,0.0
97,0.0,0.0,5.4590001,1.0,5.0,5,135.4732181423812,135.4732181423812,pobre,basal,0,58.333332,740.0,0.0,38.0,11,2,14396,5,1.0
98,0.0,0.0,5.4590001,0.0,6.0,5,135.4732181423812,135.4732181423812,pobre,basal,0,58.333332,740.0,0.0,38.0,12,2,14396,5,1.0
97,1.0,0.0,5.4590001,1.0,1.0,5,135.4732181423812,135.4732181423812,pobre,basal,0,58.333332,740.0,0.0,38.0,8,2,14397,1,1.0
98,1.0,0.0,5.4590001,1.0,1.0,5,135.4732181423812,135.4732181423812,pobre,basal,0,58.333332,740.0,0.0,38.0,9,2,14397,1,1.0
97,0.0,0.0,5.4590001,1.0,0.0,5,135.4732181423812,135.4732181423812,pobre,basal,0,58.333332,740.0,0.0,38.0,6,2,14398,0,1.0
98,0.0,0.0,5.4590001,1.0,0.0,5,135.4732181423812,135.4732181423812,pobre,basal,0,58.333332,740.0,0.0,38.0,7,2,14398,0,1.0
97,1.0,0.0,5.4590001,1.0,5.0,7,135.4732181423812,135.4732181423812,pobre,basal,0,480.0,636.0,1.0,47.0,14,2,14399,5,1.0
98,1.0,0.0,5.4590001,,,7,135.4732181423812,135.4732181423812,pobre,basal,0,480.0,636.0,1.0,47.0,15,2,14399,5,1.0
97,1.0,0.0,5.4590001,0.0,5.0,7,135.4732181423812,135.4732181423812,pobre,basal,0,480.0,636.0,1.0,47.0,14,2,14400,5,0.0
98,1.0,0.0,5.4590001,0.0,5.0,7,135.4732181423812,135.4732181423812,pobre,basal,0,480.0,636.0,1.0,47.0,15,2,14400,5,0.0
97,0.0,0.0,5.4590001,0.0,4.0,7,135.4732181423812,135.4732181423812,pobre,basal,0,480.0,636.0,1.0,47.0,11,2,14401,4,0.0
98,0.0,0.0,5.4590001,1.0,3.0,7,135.4732181423812,135.4732181423812,pobre,basal,0,480.0,636.0,1.0,47.0,12,2,14401,4,0.0
97,1.0,0.0,5.4590001,0.0,3.0,7,135.4732181423812,135.4732181423812,pobre,basal,0,480.0,636.0,1.0,47.0,8,2,14402,3,0.0
98,1.0,0.0,5.4590001,1.0,3.0,7,135.4732181423812,135.4732181423812,pobre,basal,0,480.0,636.0,1.0,47.0,9,2,14402,3,0.0
97,1.0,0.0,5.4590001,0.0,6.0,10,135.4732181423812,135.4732181423812,pobre,basal,2,0.0,694.0,1.0,42.0,15,2,14403,6,0.0
98,1.0,0.0,5.4590001,,,10,135.4732181423812,135.4732181423812,pobre,basal,2,0.0,694.0,1.0,42.0,16,2,14403,6,0.0
97,1.0,0.0,5.4590001,0.0,6.0,10,135.4732181423812,135.4732181423812,pobre,basal,2,0.0,694.0,1.0,42.0,12,2,14404,6,0.0
98,1.0,0.0,5.4590001,0.0,6.0,10,135.4732181423812,135.4732181423812,pobre,basal,2,0.0,694.0,1.0,42.0,13,2,14404,6,0.0
97,1.0,0.0,5.4590001,1.0,2.0,10,135.4732181423812,135.4732181423812,pobre,basal,2,0.0,694.0,1.0,42.0,10,2,14405,2,1.0
98,1.0,0.0,5.4590001,1.0,3.0,10,135.4732181423812,135.4732181423812,pobre,basal,2,0.0,694.0,1.0,42.0,11,2,14405,2,1.0
97,0.0,0.0,5.4590001,1.0,1.0,10,135.4732181423812,135.4732181423812,pobre,basal,2,0.0,694.0,1.0,42.0,8,2,14406,1,1.0
98,0.0,0.0,5.4590001,1.0,2.0,10,135.4732181423812,135.4732181423812,pobre,basal,2,0.0,694.0,1.0,42.0,9,2,14406,1,1.0
97,0.0,0.0,5.4590001,1.0,0.0,10,135.4732181423812,135.4732181423812,pobre,basal,2,0.0,694.0,1.0,42.0,6,2,14407,0,1.0
98,0.0,0.0,5.4590001,1.0,1.0,10,135.4732181423812,135.4732181423812,pobre,basal,2,0.0,694.0,1.0,42.0,7,2,14407,0,1.0
97,1.0,0.0,5.4590001,0.0,6.0,6,135.4732181423812,135.4732181423812,pobre,basal,1,0.0,719.0,1.0,46.0,15,2,14408,6,0.0
98,1.0,0.0,5.4590001,0.0,7.0,6,135.4732181423812,135.4732181423812,pobre,basal,1,0.0,719.0,1.0,46.0,16,2,14408,6,0.0
97,0.0,0.0,5.4590001,0.0,6.0,6,135.4732181423812,135.4732181423812,pobre,basal,1,0.0,719.0,1.0,46.0,13,2,14409,6,0.0
98,0.0,0.0,5.4590001,0.0,6.0,6,135.4732181423812,135.4732181423812,pobre,basal,1,0.0,719.0,1.0,46.0,14,2,14409,6,0.0
97,0.0,0.0,5.4590001,1.0,3.0,6,135.4732181423812,135.4732181423812,pobre,basal,1,0.0,719.0,1.0,46.0,11,2,14410,3,1.0
98,0.0,0.0,5.4590001,1.0,4.0,6,135.4732181423812,135.4732181423812,pobre,basal,1,0.0,719.0,1.0,46.0,12,2,14410,3,1.0
97,0.0,0.0,5.4590001,1.0,2.0,6,135.4732181423812,135.4732181423812,pobre,basal,1,0.0,719.0,1.0,46.0,8,2,14411,2,1.0
98,0.0,0.0,5.4590001,1.0,2.0,6,135.4732181423812,135.4732181423812,pobre,basal,1,0.0,719.0,1.0,46.0,9,2,14411,2,1.0
97,1.0,0.0,5.4590001,,0.0,3,135.4732181423812,135.4732181423812,no pobre,basal,0,0.0,794.5,1.0,53.0,16,2,14412,0,
98,1.0,0.0,5.4590001,,,3,135.4732181423812,135.4732181423812,no pobre,basal,0,0.0,794.5,1.0,53.0,17,2,14412,0,
97,0.0,0.0,5.4590001,0.0,6.0,13,135.4732181423812,135.4732181423812,pobre,basal,0,0.0,610.5,1.0,42.0,15,2,14413,6,0.0
98,0.0,0.0,5.4590001,0.0,6.0,13,135.4732181423812,135.4732181423812,pobre,basal,0,0.0,610.5,1.0,42.0,16,2,14413,6,0.0
97,0.0,0.0,5.4590001,1.0,5.0,13,135.4732181423812,135.4732181423812,pobre,basal,0,0.0,610.5,1.0,42.0,14,2,14414,5,1.0
98,0.0,0.0,5.4590001,0.0,6.0,13,135.4732181423812,135.4732181423812,pobre,basal,0,0.0,610.5,1.0,42.0,15,2,14414,5,1.0
97,1.0,0.0,5.4590001,1.0,4.0,13,135.4732181423812,135.4732181423812,pobre,basal,0,0.0,610.5,1.0,42.0,12,2,14415,4,1.0
98,1.0,0.0,5.4590001,1.0,5.0,13,135.4732181423812,135.4732181423812,pobre,basal,0,0.0,610.5,1.0,42.0,13,2,14415,4,1.0
97,1.0,0.0,5.4590001,1.0,3.0,13,135.4732181423812,135.4732181423812,pobre,basal,0,0.0,610.5,1.0,42.0,11,2,14416,3,1.0
98,1.0,0.0,5.4590001,1.0,4.0,13,135.4732181423812,135.4732181423812,pobre,basal,0,0.0,610.5,1.0,42.0,12,2,14416,3,1.0
97,0.0,0.0,5.4590001,1.0,2.0,13,135.4732181423812,135.4732181423812,pobre,basal,0,0.0,610.5,1.0,42.0,9,2,14417,2,1.0
98,0.0,0.0,5.4590001,1.0,3.0,13,135.4732181423812,135.4732181423812,pobre,basal,0,0.0,610.5,1.0,42.0,10,2,14417,2,1.0
97,0.0,0.0,5.4590001,1.0,1.0,13,135.4732181423812,135.4732181423812,pobre,basal,0,0.0,610.5,1.0,42.0,7,2,14418,1,1.0
98,0.0,0.0,5.4590001,1.0,2.0,13,135.4732181423812,135.4732181423812,pobre,basal,0,0.0,610.5,1.0,42.0,8,2,14418,1,1.0
97,0.0,0.0,5.4590001,0.0,4.0,8,135.4732181423812,135.4732181423812,pobre,basal,3,0.0,587.0,1.0,37.0,12,2,14419,4,0.0
98,0.0,0.0,5.4590001,0.0,4.0,8,135.4732181423812,135.4732181423812,pobre,basal,3,0.0,587.0,1.0,37.0,13,2,14419,4,0.0
97,1.0,0.0,5.4590001,1.0,3.0,8,135.4732181423812,135.4732181423812,pobre,basal,3,0.0,587.0,1.0,37.0,11,2,14420,3,1.0
98,1.0,0.0,5.4590001,1.0,4.0,8,135.4732181423812,135.4732181423812,pobre,basal,3,0.0,587.0,1.0,37.0,12,2,14420,3,1.0
97,1.0,0.0,5.4590001,1.0,2.0,8,135.4732181423812,135.4732181423812,pobre,basal,3,0.0,587.0,1.0,37.0,9,2,14421,2,1.0
98,1.0,0.0,5.4590001,1.0,3.0,8,135.4732181423812,135.4732181423812,pobre,basal,3,0.0,587.0,1.0,37.0,10,2,14421,2,1.0
97,1.0,0.0,5.4590001,1.0,1.0,8,135.4732181423812,135.4732181423812,pobre,basal,3,0.0,587.0,1.0,37.0,6,2,14422,1,1.0
98,1.0,0.0,5.4590001,1.0,1.0,8,135.4732181423812,135.4732181423812,pobre,basal,3,0.0,587.0,1.0,37.0,7,2,14422,1,1.0
97,0.0,0.0,5.4590001,1.0,5.0,9,135.4732181423812,135.4732181423812,pobre,basal,2,0.0,604.0,1.0,65.0,11,2,14423,5,1.0
98,0.0,0.0,5.4590001,0.0,6.0,9,135.4732181423812,135.4732181423812,pobre,basal,2,0.0,604.0,1.0,65.0,12,2,14423,5,1.0
97,0.0,0.0,5.4590001,1.0,3.0,9,135.4732181423812,135.4732181423812,pobre,basal,2,0.0,604.0,1.0,65.0,10,2,14424,3,1.0
98,0.0,0.0,5.4590001,1.0,4.0,9,135.4732181423812,135.4732181423812,pobre,basal,2,0.0,604.0,1.0,65.0,11,2,14424,3,1.0
97,1.0,0.0,5.4590001,1.0,2.0,9,135.4732181423812,135.4732181423812,pobre,basal,2,0.0,604.0,1.0,65.0,8,2,14425,2,1.0
98,1.0,0.0,5.4590001,1.0,3.0,9,135.4732181423812,135.4732181423812,pobre,basal,2,0.0,604.0,1.0,65.0,9,2,14425,2,1.0
97,1.0,0.0,5.4590001,0.0,6.0,5,135.4732181423812,135.4732181423812,no pobre,basal,3,0.0,813.66998,1.0,59.0,15,2,14426,6,0.0
98,1.0,0.0,5.4590001,,,5,135.4732181423812,135.4732181423812,no pobre,basal,3,0.0,813.66998,1.0,59.0,16,2,14426,6,0.0
97,1.0,0.0,5.4590001,1.0,3.0,7,135.4732181423812,135.4732181423812,pobre,basal,0,0.0,715.33002,0.0,66.0,9,2,14427,3,1.0
98,1.0,0.0,5.4590001,1.0,4.0,7,135.4732181423812,135.4732181423812,pobre,basal,0,0.0,715.33002,0.0,66.0,10,2,14427,3,1.0
97,0.0,0.0,5.4590001,1.0,1.0,7,135.4732181423812,135.4732181423812,pobre,basal,0,0.0,715.33002,0.0,66.0,8,2,14428,1,1.0
98,0.0,0.0,5.4590001,1.0,2.0,7,135.4732181423812,135.4732181423812,pobre,basal,0,0.0,715.33002,0.0,66.0,9,2,14428,1,1.0
97,0.0,1.0,5.2969999,,0.0,8,142.1361295043516,147.6181995477994,pobre,0,0,0.0,470.0,1.0,47.0,10,3,14429,0,
98,0.0,1.0,5.2969999,0.0,1.0,8,142.1361295043516,147.6181995477994,pobre,0,0,0.0,470.0,1.0,47.0,11,3,14429,0,
97,1.0,1.0,5.2969999,,0.0,8,142.1361295043516,147.6181995477994,pobre,0,0,0.0,470.0,1.0,47.0,9,3,14430,0,
98,1.0,1.0,5.2969999,0.0,1.0,8,142.1361295043516,147.6181995477994,pobre,0,0,0.0,470.0,1.0,47.0,10,3,14430,0,
97,1.0,1.0,5.2969999,,0.0,8,142.1361295043516,147.6181995477994,pobre,0,0,0.0,470.0,1.0,47.0,7,3,14431,0,
98,1.0,1.0,5.2969999,1.0,2.0,8,142.1361295043516,147.6181995477994,pobre,0,0,0.0,470.0,1.0,47.0,8,3,14431,0,
97,1.0,1.0,5.2969999,1.0,2.0,4,142.1361295043516,147.6181995477994,pobre,0,0,0.0,623.33002,1.0,47.0,12,3,14432,2,1.0
98,1.0,1.0,5.2969999,,,4,142.1361295043516,147.6181995477994,pobre,0,0,0.0,623.33002,1.0,47.0,13,3,14432,2,1.0
97,0.0,1.0,5.2969999,,0.0,8,142.1361295043516,147.6181995477994,pobre,0,0,0.0,540.66998,1.0,39.0,14,3,14433,0,
98,0.0,1.0,5.2969999,0.0,2.0,8,142.1361295043516,147.6181995477994,pobre,0,0,0.0,540.66998,1.0,39.0,15,3,14433,0,
97,1.0,1.0,5.2969999,1.0,2.0,8,142.1361295043516,147.6181995477994,pobre,0,0,0.0,540.66998,1.0,39.0,12,3,14434,2,1.0
98,1.0,1.0,5.2969999,1.0,3.0,8,142.1361295043516,147.6181995477994,pobre,0,0,0.0,540.66998,1.0,39.0,13,3,14434,2,1.0
97,0.0,1.0,5.2969999,1.0,2.0,8,142.1361295043516,147.6181995477994,pobre,0,0,0.0,540.66998,1.0,39.0,9,3,14435,2,1.0
98,0.0,1.0,5.2969999,1.0,2.0,8,142.1361295043516,147.6181995477994,pobre,0,0,0.0,540.66998,1.0,39.0,10,3,14435,2,1.0
97,1.0,1.0,5.2969999,1.0,2.0,8,142.1361295043516,147.6181995477994,pobre,0,0,0.0,540.66998,1.0,39.0,6,3,14436,2,1.0
98,1.0,1.0,5.2969999,1.0,3.0,8,142.1361295043516,147.6181995477994,pobre,0,0,0.0,540.66998,1.0,39.0,7,3,14436,2,1.0
97,1.0,1.0,5.2969999,1.0,0.0,6,142.1361295043516,147.6181995477994,pobre,0,0,0.0,509.0,1.0,27.0,7,3,14437,0,1.0
98,1.0,1.0,5.2969999,1.0,1.0,6,142.1361295043516,147.6181995477994,pobre,0,0,0.0,509.0,1.0,27.0,8,3,14437,0,1.0
97,0.0,1.0,5.2969999,,0.0,4,142.1361295043516,147.6181995477994,pobre,0,0,0.0,595.0,1.0,47.0,15,3,14438,0,
98,0.0,1.0,5.2969999,0.0,8.0,4,142.1361295043516,147.6181995477994,pobre,0,0,0.0,595.0,1.0,47.0,16,3,14438,0,
97,1.0,1.0,5.2969999,1.0,2.0,4,142.1361295043516,147.6181995477994,pobre,0,0,0.0,595.0,1.0,47.0,11,3,14439,2,1.0
98,1.0,1.0,5.2969999,1.0,3.0,4,142.1361295043516,147.6181995477994,pobre,0,0,0.0,595.0,1.0,47.0,12,3,14439,2,1.0
97,0.0,1.0,5.2969999,,0.0,6,142.1361295043516,147.6181995477994,pobre,0,0,0.0,529.0,0.0,39.0,14,3,14440,0,
98,0.0,1.0,5.2969999,,,6,142.1361295043516,147.6181995477994,pobre,0,0,0.0,529.0,0.0,39.0,15,3,14440,0,
97,0.0,1.0,5.2969999,,0.0,6,142.1361295043516,147.6181995477994,pobre,0,0,0.0,529.0,0.0,39.0,11,3,14441,0,
98,0.0,1.0,5.2969999,,,6,142.1361295043516,147.6181995477994,pobre,0,0,0.0,529.0,0.0,39.0,12,3,14441,0,
97,0.0,1.0,5.2969999,,0.0,6,142.1361295043516,147.6181995477994,pobre,0,0,0.0,529.0,0.0,39.0,10,3,14442,0,
98,0.0,1.0,5.2969999,1.0,5.0,6,142.1361295043516,147.6181995477994,pobre,0,0,0.0,529.0,0.0,39.0,11,3,14442,0,
97,0.0,1.0,5.2969999,,0.0,6,142.1361295043516,147.6181995477994,pobre,0,0,0.0,529.0,0.0,39.0,7,3,14443,0,
98,0.0,1.0,5.2969999,1.0,1.0,6,142.1361295043516,147.6181995477994,pobre,0,0,0.0,529.0,0.0,39.0,8,3,14443,0,
97,0.0,1.0,5.2969999,1.0,3.0,6,142.1361295043516,147.6181995477994,pobre,0,0,0.0,531.0,1.0,38.0,14,3,14444,3,1.0
98,0.0,1.0,5.2969999,0.0,3.0,6,142.1361295043516,147.6181995477994,pobre,0,0,0.0,531.0,1.0,38.0,15,3,14444,3,1.0
97,1.0,1.0,5.2969999,1.0,1.0,6,142.1361295043516,147.6181995477994,pobre,0,0,0.0,531.0,1.0,38.0,12,3,14445,1,1.0
98,1.0,1.0,5.2969999,,,6,142.1361295043516,147.6181995477994,pobre,0,0,0.0,531.0,1.0,38.0,13,3,14445,1,1.0
97,1.0,1.0,5.2969999,1.0,0.0,6,142.1361295043516,147.6181995477994,pobre,0,0,0.0,531.0,1.0,38.0,9,3,14446,0,1.0
98,1.0,1.0,5.2969999,1.0,3.0,6,142.1361295043516,147.6181995477994,pobre,0,0,0.0,531.0,1.0,38.0,10,3,14446,0,1.0
97,0.0,1.0,5.2969999,1.0,0.0,6,142.1361295043516,147.6181995477994,pobre,0,0,0.0,531.0,1.0,38.0,6,3,14447,0,1.0
98,0.0,1.0,5.2969999,,,6,142.1361295043516,147.6181995477994,pobre,0,0,0.0,531.0,1.0,38.0,7,3,14447,0,1.0
97,0.0,1.0,5.2969999,,0.0,3,142.1361295043516,147.6181995477994,pobre,0,0,125.0,635.46997,1.0,35.0,15,3,14448,0,
98,0.0,1.0,5.2969999,1.0,6.0,3,142.1361295043516,147.6181995477994,pobre,0,0,125.0,635.46997,1.0,35.0,16,3,14448,0,
97,0.0,1.0,5.2969999,,0.0,3,142.1361295043516,147.6181995477994,pobre,0,0,0.0,590.0,0.0,36.0,8,3,14449,0,
98,0.0,1.0,5.2969999,1.0,2.0,3,142.1361295043516,147.6181995477994,pobre,0,0,0.0,590.0,0.0,36.0,9,3,14449,0,
97,0.0,1.0,5.2969999,0.0,5.0,8,142.1361295043516,147.6181995477994,pobre,0,0,0.0,700.66998,1.0,42.0,16,3,14450,5,0.0
98,0.0,1.0,5.2969999,,,8,142.1361295043516,147.6181995477994,pobre,0,0,0.0,700.66998,1.0,42.0,17,3,14450,5,0.0
97,0.0,1.0,5.2969999,1.0,1.0,8,142.1361295043516,147.6181995477994,pobre,0,0,0.0,700.66998,1.0,42.0,10,3,14451,1,1.0
98,0.0,1.0,5.2969999,1.0,2.0,8,142.1361295043516,147.6181995477994,pobre,0,0,0.0,700.66998,1.0,42.0,11,3,14451,1,1.0
97,0.0,1.0,5.2969999,1.0,0.0,8,142.1361295043516,147.6181995477994,pobre,0,0,0.0,467.47,1.0,30.0,7,3,14452,0,1.0
98,0.0,1.0,5.2969999,1.0,0.0,8,142.1361295043516,147.6181995477994,pobre,0,0,0.0,467.47,1.0,30.0,8,3,14452,0,1.0
97,1.0,1.0,5.2969999,,0.0,8,142.1361295043516,147.6181995477994,pobre,0,0,0.0,467.47,1.0,30.0,6,3,14453,0,
98,1.0,1.0,5.2969999,,,8,142.1361295043516,147.6181995477994,pobre,0,0,0.0,467.47,1.0,30.0,7,3,14453,0,
97,1.0,1.0,5.2969999,,0.0,9,142.1361295043516,147.6181995477994,pobre,0,0,0.0,532.5,1.0,40.0,16,3,14454,0,
98,1.0,1.0,5.2969999,1.0,0.0,9,142.1361295043516,147.6181995477994,pobre,0,0,0.0,532.5,1.0,40.0,17,3,14454,0,
97,1.0,1.0,5.2969999,,0.0,9,142.1361295043516,147.6181995477994,pobre,0,0,0.0,532.5,1.0,40.0,14,3,14455,0,
98,1.0,1.0,5.2969999,1.0,0.0,9,142.1361295043516,147.6181995477994,pobre,0,0,0.0,532.5,1.0,40.0,15,3,14455,0,
97,1.0,1.0,5.2969999,,0.0,9,142.1361295043516,147.6181995477994,pobre,0,0,0.0,532.5,1.0,40.0,12,3,14456,0,
98,1.0,1.0,5.2969999,1.0,0.0,9,142.1361295043516,147.6181995477994,pobre,0,0,0.0,532.5,1.0,40.0,13,3,14456,0,
97,1.0,1.0,5.2969999,,0.0,9,142.1361295043516,147.6181995477994,pobre,0,0,0.0,532.5,1.0,40.0,8,3,14457,0,
98,1.0,1.0,5.2969999,1.0,0.0,9,142.1361295043516,147.6181995477994,pobre,0,0,0.0,532.5,1.0,40.0,9,3,14457,0,
97,1.0,1.0,5.2969999,,0.0,9,142.1361295043516,147.6181995477994,pobre,0,0,0.0,532.5,1.0,40.0,8,3,14458,0,
98,1.0,1.0,5.2969999,1.0,0.0,9,142.1361295043516,147.6181995477994,pobre,0,0,0.0,532.5,1.0,40.0,9,3,14458,0,
97,0.0,1.0,5.2969999,,0.0,4,142.1361295043516,147.6181995477994,pobre,0,0,0.0,623.46997,1.0,45.0,9,3,14459,0,
98,0.0,1.0,5.2969999,,,4,142.1361295043516,147.6181995477994,pobre,0,0,0.0,623.46997,1.0,45.0,10,3,14459,0,
97,0.0,1.0,5.2969999,,0.0,10,142.1361295043516,147.6181995477994,pobre,0,0,0.0,524.0,1.0,40.0,16,3,14460,0,
98,0.0,1.0,5.2969999,,,10,142.1361295043516,147.6181995477994,pobre,0,0,0.0,524.0,1.0,40.0,17,3,14460,0,
97,1.0,1.0,5.2969999,,0.0,10,142.1361295043516,147.6181995477994,pobre,0,0,0.0,524.0,1.0,40.0,12,3,14461,0,
98,1.0,1.0,5.2969999,,,10,142.1361295043516,147.6181995477994,pobre,0,0,0.0,524.0,1.0,40.0,13,3,14461,0,
97,0.0,1.0,5.2969999,1.0,1.0,10,142.1361295043516,147.6181995477994,pobre,0,0,0.0,524.0,1.0,40.0,9,3,14462,1,1.0
98,0.0,1.0,5.2969999,1.0,2.0,10,142.1361295043516,147.6181995477994,pobre,0,0,0.0,524.0,1.0,40.0,10,3,14462,1,1.0
97,1.0,1.0,5.2969999,1.0,0.0,10,142.1361295043516,147.6181995477994,pobre,0,0,0.0,524.0,1.0,40.0,7,3,14463,0,1.0
98,1.0,1.0,5.2969999,1.0,1.0,10,142.1361295043516,147.6181995477994,pobre,0,0,0.0,524.0,1.0,40.0,8,3,14463,0,1.0
97,0.0,1.0,0.0,1.0,5.0,7,109.4099709556375,328.5566298014576,pobre,basal,0,240.0,630.5,0.0,44.0,15,481,14464,5,1.0
98,0.0,1.0,0.0,1.0,6.0,7,109.4099709556375,328.5566298014576,pobre,basal,0,240.0,630.5,0.0,44.0,16,481,14464,5,1.0
97,1.0,1.0,0.0,1.0,3.0,7,109.4099709556375,328.5566298014576,pobre,basal,0,240.0,630.5,0.0,44.0,11,481,14465,3,1.0
98,1.0,1.0,0.0,1.0,4.0,7,109.4099709556375,328.5566298014576,pobre,basal,0,240.0,630.5,0.0,44.0,12,481,14465,3,1.0
97,0.0,1.0,0.0,1.0,2.0,7,109.4099709556375,328.5566298014576,pobre,basal,0,240.0,630.5,0.0,44.0,9,481,14466,2,1.0
98,0.0,1.0,0.0,1.0,2.0,7,109.4099709556375,328.5566298014576,pobre,basal,0,240.0,630.5,0.0,44.0,10,481,14466,2,1.0
97,0.0,1.0,0.0,1.0,1.0,7,109.4099709556375,328.5566298014576,pobre,basal,0,240.0,630.5,0.0,44.0,7,481,14467,1,1.0
98,0.0,1.0,0.0,1.0,2.0,7,109.4099709556375,328.5566298014576,pobre,basal,0,240.0,630.5,0.0,44.0,8,481,14467,1,1.0
97,1.0,1.0,1.729,0.0,6.0,6,123.4044036077507,315.2820659441691,pobre,basal,3,500.0,663.0,1.0,48.0,15,419,14468,6,0.0
98,1.0,1.0,1.729,,,6,123.4044036077507,315.2820659441691,pobre,basal,3,500.0,663.0,1.0,48.0,16,419,14468,6,0.0
97,0.0,1.0,1.729,1.0,4.0,6,123.4044036077507,315.2820659441691,pobre,basal,3,500.0,663.0,1.0,48.0,10,419,14469,4,1.0
98,0.0,1.0,1.729,,,6,123.4044036077507,315.2820659441691,pobre,basal,3,500.0,663.0,1.0,48.0,11,419,14469,4,1.0
97,1.0,1.0,1.729,1.0,1.0,6,123.4044036077507,315.2820659441691,pobre,basal,3,500.0,663.0,1.0,48.0,7,419,14470,1,1.0
98,1.0,1.0,1.729,,,6,123.4044036077507,315.2820659441691,pobre,basal,3,500.0,663.0,1.0,48.0,8,419,14470,1,1.0
97,1.0,0.0,2.313,0.0,6.0,9,159.0077271570167,264.1571466835781,pobre,basal,0,500.0,767.0,1.0,40.0,16,467,14471,6,0.0
98,1.0,0.0,2.313,,,9,159.0077271570167,264.1571466835781,pobre,basal,0,500.0,767.0,1.0,40.0,17,467,14471,6,0.0
97,0.0,0.0,2.313,0.0,6.0,9,159.0077271570167,264.1571466835781,pobre,basal,0,500.0,767.0,1.0,40.0,15,467,14472,6,0.0
98,0.0,0.0,2.313,0.0,6.0,9,159.0077271570167,264.1571466835781,pobre,basal,0,500.0,767.0,1.0,40.0,16,467,14472,6,0.0
97,1.0,0.0,2.313,1.0,6.0,9,159.0077271570167,264.1571466835781,pobre,basal,0,500.0,767.0,1.0,40.0,12,467,14473,6,1.0
98,1.0,0.0,2.313,1.0,7.0,9,159.0077271570167,264.1571466835781,pobre,basal,0,500.0,767.0,1.0,40.0,13,467,14473,6,1.0
97,1.0,0.0,2.313,1.0,3.0,9,159.0077271570167,264.1571466835781,pobre,basal,0,500.0,767.0,1.0,40.0,10,467,14474,3,1.0
98,1.0,0.0,2.313,1.0,4.0,9,159.0077271570167,264.1571466835781,pobre,basal,0,500.0,767.0,1.0,40.0,11,467,14474,3,1.0
97,0.0,0.0,2.313,,0.0,9,159.0077271570167,264.1571466835781,pobre,basal,0,500.0,767.0,1.0,40.0,6,467,14475,0,
98,0.0,0.0,2.313,1.0,0.0,9,159.0077271570167,264.1571466835781,pobre,basal,0,500.0,767.0,1.0,40.0,7,467,14475,0,
97,1.0,0.0,2.313,1.0,1.0,9,159.0077271570167,264.1571466835781,pobre,basal,3,500.0,799.5,1.0,27.0,8,467,14476,1,1.0
98,1.0,0.0,2.313,1.0,2.0,9,159.0077271570167,264.1571466835781,pobre,basal,3,500.0,799.5,1.0,27.0,9,467,14476,1,1.0
97,1.0,0.0,2.313,1.0,0.0,9,159.0077271570167,264.1571466835781,pobre,basal,3,500.0,799.5,1.0,27.0,6,467,14477,0,1.0
98,1.0,0.0,2.313,1.0,1.0,9,159.0077271570167,264.1571466835781,pobre,basal,3,500.0,799.5,1.0,27.0,7,467,14477,0,1.0
97,1.0,0.0,2.313,1.0,5.0,9,159.0077271570167,264.1571466835781,pobre,basal,3,500.0,799.5,1.0,27.0,12,467,14478,5,1.0
98,1.0,0.0,2.313,0.0,6.0,9,159.0077271570167,264.1571466835781,pobre,basal,3,500.0,799.5,1.0,27.0,13,467,14478,5,1.0
97,0.0,0.0,1.729,1.0,7.0,4,123.4044036077507,315.2820659441691,pobre,basal,0,375.0,717.0,1.0,59.0,14,419,14479,7,1.0
98,0.0,0.0,1.729,1.0,9.0,4,123.4044036077507,315.2820659441691,pobre,basal,0,375.0,717.0,1.0,59.0,15,419,14479,7,1.0
97,1.0,0.0,1.729,1.0,5.0,4,123.4044036077507,315.2820659441691,no pobre,basal,12,140.0,815.0,1.0,38.0,11,419,14480,5,1.0
98,1.0,0.0,1.729,1.0,6.0,4,123.4044036077507,315.2820659441691,no pobre,basal,12,140.0,815.0,1.0,38.0,12,419,14480,5,1.0
97,0.0,0.0,1.729,1.0,2.0,4,123.4044036077507,315.2820659441691,no pobre,basal,12,140.0,815.0,1.0,38.0,8,419,14481,2,1.0
98,0.0,0.0,1.729,1.0,3.0,4,123.4044036077507,315.2820659441691,no pobre,basal,12,140.0,815.0,1.0,38.0,9,419,14481,2,1.0
97,0.0,1.0,0.0,0.0,5.0,10,109.4099709556375,328.5566298014576,pobre,basal,5,375.0,598.0,1.0,44.0,16,481,14482,5,0.0
98,0.0,1.0,0.0,,,10,109.4099709556375,328.5566298014576,pobre,basal,5,375.0,598.0,1.0,44.0,17,481,14482,5,0.0
97,1.0,1.0,0.0,0.0,6.0,10,109.4099709556375,328.5566298014576,pobre,basal,5,375.0,598.0,1.0,44.0,13,481,14483,6,0.0
98,1.0,1.0,0.0,,,10,109.4099709556375,328.5566298014576,pobre,basal,5,375.0,598.0,1.0,44.0,14,481,14483,6,0.0
97,0.0,1.0,0.0,1.0,3.0,10,109.4099709556375,328.5566298014576,pobre,basal,5,375.0,598.0,1.0,44.0,10,481,14484,3,1.0
98,0.0,1.0,0.0,1.0,4.0,10,109.4099709556375,328.5566298014576,pobre,basal,5,375.0,598.0,1.0,44.0,11,481,14484,3,1.0
97,0.0,1.0,0.0,1.0,2.0,10,109.4099709556375,328.5566298014576,pobre,basal,5,375.0,598.0,1.0,44.0,9,481,14485,2,1.0
98,0.0,1.0,0.0,1.0,3.0,10,109.4099709556375,328.5566298014576,pobre,basal,5,375.0,598.0,1.0,44.0,10,481,14485,2,1.0
97,1.0,1.0,0.0,1.0,0.0,10,109.4099709556375,328.5566298014576,pobre,basal,5,375.0,598.0,1.0,44.0,6,481,14486,0,1.0
98,1.0,1.0,0.0,1.0,1.0,10,109.4099709556375,328.5566298014576,pobre,basal,5,375.0,598.0,1.0,44.0,7,481,14486,0,1.0
97,0.0,1.0,0.0,0.0,6.0,7,109.4099709556375,328.5566298014576,pobre,basal,2,200.0,598.0,1.0,57.0,15,481,14487,6,0.0
98,0.0,1.0,0.0,0.0,6.0,7,109.4099709556375,328.5566298014576,pobre,basal,2,200.0,598.0,1.0,57.0,16,481,14487,6,0.0
97,1.0,1.0,0.0,0.0,6.0,7,109.4099709556375,328.5566298014576,pobre,basal,2,200.0,598.0,1.0,57.0,14,481,14488,6,0.0
98,1.0,1.0,0.0,0.0,6.0,7,109.4099709556375,328.5566298014576,pobre,basal,2,200.0,598.0,1.0,57.0,15,481,14488,6,0.0
97,0.0,1.0,0.0,1.0,5.0,7,109.4099709556375,328.5566298014576,pobre,basal,2,200.0,598.0,1.0,57.0,11,481,14489,5,1.0
98,0.0,1.0,0.0,0.0,6.0,7,109.4099709556375,328.5566298014576,pobre,basal,2,200.0,598.0,1.0,57.0,12,481,14489,5,1.0
97,0.0,1.0,0.0,1.0,2.0,7,109.4099709556375,328.5566298014576,pobre,basal,2,200.0,598.0,1.0,57.0,8,481,14490,2,1.0
98,0.0,1.0,0.0,1.0,3.0,7,109.4099709556375,328.5566298014576,pobre,basal,2,200.0,598.0,1.0,57.0,9,481,14490,2,1.0
97,1.0,1.0,2.313,1.0,6.0,8,159.0077271570167,264.1571466835781,pobre,basal,6,625.0,544.0,1.0,43.0,13,467,14491,6,1.0
98,1.0,1.0,2.313,1.0,7.0,8,159.0077271570167,264.1571466835781,pobre,basal,6,625.0,544.0,1.0,43.0,14,467,14491,6,1.0
97,1.0,1.0,2.313,1.0,3.0,8,159.0077271570167,264.1571466835781,pobre,basal,6,625.0,544.0,1.0,43.0,11,467,14492,3,1.0
98,1.0,1.0,2.313,1.0,4.0,8,159.0077271570167,264.1571466835781,pobre,basal,6,625.0,544.0,1.0,43.0,12,467,14492,3,1.0
97,0.0,1.0,2.313,1.0,3.0,8,159.0077271570167,264.1571466835781,pobre,basal,6,625.0,544.0,1.0,43.0,10,467,14493,3,1.0
98,0.0,1.0,2.313,1.0,4.0,8,159.0077271570167,264.1571466835781,pobre,basal,6,625.0,544.0,1.0,43.0,11,467,14493,3,1.0
97,1.0,1.0,2.313,1.0,1.0,8,159.0077271570167,264.1571466835781,pobre,basal,6,625.0,544.0,1.0,43.0,8,467,14494,1,1.0
98,1.0,1.0,2.313,1.0,2.0,8,159.0077271570167,264.1571466835781,pobre,basal,6,625.0,544.0,1.0,43.0,9,467,14494,1,1.0
97,0.0,1.0,2.313,1.0,0.0,8,159.0077271570167,264.1571466835781,pobre,basal,6,625.0,544.0,1.0,43.0,6,467,14495,0,1.0
98,0.0,1.0,2.313,1.0,1.0,8,159.0077271570167,264.1571466835781,pobre,basal,6,625.0,544.0,1.0,43.0,7,467,14495,0,1.0
97,0.0,1.0,2.313,0.0,6.0,9,159.0077271570167,264.1571466835781,pobre,basal,6,750.0,703.0,1.0,39.0,14,467,14496,6,0.0
98,0.0,1.0,2.313,0.0,6.0,9,159.0077271570167,264.1571466835781,pobre,basal,6,750.0,703.0,1.0,39.0,15,467,14496,6,0.0
97,1.0,1.0,2.313,1.0,5.0,9,159.0077271570167,264.1571466835781,pobre,basal,6,750.0,703.0,1.0,39.0,12,467,14497,5,1.0
98,1.0,1.0,2.313,1.0,6.0,9,159.0077271570167,264.1571466835781,pobre,basal,6,750.0,703.0,1.0,39.0,13,467,14497,5,1.0
97,1.0,1.0,2.313,1.0,1.0,9,159.0077271570167,264.1571466835781,pobre,basal,6,750.0,703.0,1.0,39.0,9,467,14498,1,1.0
98,1.0,1.0,2.313,1.0,2.0,9,159.0077271570167,264.1571466835781,pobre,basal,6,750.0,703.0,1.0,39.0,10,467,14498,1,1.0
97,1.0,1.0,2.313,1.0,1.0,9,159.0077271570167,264.1571466835781,pobre,basal,6,750.0,703.0,1.0,39.0,7,467,14499,1,1.0
98,1.0,1.0,2.313,1.0,1.0,9,159.0077271570167,264.1571466835781,pobre,basal,6,750.0,703.0,1.0,39.0,8,467,14499,1,1.0
97,1.0,1.0,2.313,1.0,8.0,8,159.0077271570167,264.1571466835781,pobre,basal,6,625.0,705.0,1.0,41.0,16,467,14500,8,1.0
98,1.0,1.0,2.313,0.0,9.0,8,159.0077271570167,264.1571466835781,pobre,basal,6,625.0,705.0,1.0,41.0,17,467,14500,8,1.0
97,0.0,1.0,2.313,1.0,5.0,8,159.0077271570167,264.1571466835781,pobre,basal,6,625.0,705.0,1.0,41.0,12,467,14501,5,1.0
98,0.0,1.0,2.313,1.0,6.0,8,159.0077271570167,264.1571466835781,pobre,basal,6,625.0,705.0,1.0,41.0,13,467,14501,5,1.0
97,0.0,1.0,2.313,1.0,1.0,8,159.0077271570167,264.1571466835781,pobre,basal,6,625.0,705.0,1.0,41.0,8,467,14502,1,1.0
98,0.0,1.0,2.313,1.0,2.0,8,159.0077271570167,264.1571466835781,pobre,basal,6,625.0,705.0,1.0,41.0,9,467,14502,1,1.0
97,1.0,0.0,2.313,1.0,1.0,6,159.0077271570167,264.1571466835781,pobre,basal,9,2400.0,763.0,1.0,40.0,8,467,14503,1,1.0
98,1.0,0.0,2.313,1.0,2.0,6,159.0077271570167,264.1571466835781,pobre,basal,9,2400.0,763.0,1.0,40.0,9,467,14503,1,1.0
97,1.0,1.0,1.729,1.0,9.0,7,123.4044036077507,315.2820659441691,pobre,basal,6,1875.0,754.0,1.0,40.0,16,419,14504,9,1.0
98,1.0,1.0,1.729,,,7,123.4044036077507,315.2820659441691,pobre,basal,6,1875.0,754.0,1.0,40.0,17,419,14504,9,1.0
97,1.0,1.0,1.729,0.0,6.0,7,123.4044036077507,315.2820659441691,pobre,basal,6,1875.0,754.0,1.0,40.0,14,419,14505,6,0.0
98,1.0,1.0,1.729,0.0,6.0,7,123.4044036077507,315.2820659441691,pobre,basal,6,1875.0,754.0,1.0,40.0,15,419,14505,6,0.0
97,0.0,1.0,1.729,1.0,6.0,7,123.4044036077507,315.2820659441691,pobre,basal,6,1875.0,754.0,1.0,40.0,13,419,14506,6,1.0
98,0.0,1.0,1.729,1.0,9.0,7,123.4044036077507,315.2820659441691,pobre,basal,6,1875.0,754.0,1.0,40.0,14,419,14506,6,1.0
97,1.0,1.0,1.729,1.0,2.0,7,123.4044036077507,315.2820659441691,pobre,basal,6,1875.0,754.0,1.0,40.0,8,419,14507,2,1.0
98,1.0,1.0,1.729,1.0,3.0,7,123.4044036077507,315.2820659441691,pobre,basal,6,1875.0,754.0,1.0,40.0,9,419,14507,2,1.0
97,1.0,1.0,1.729,1.0,8.0,8,123.4044036077507,315.2820659441691,pobre,basal,1,500.0,822.0,1.0,44.0,16,419,14508,8,1.0
98,1.0,1.0,1.729,,,8,123.4044036077507,315.2820659441691,pobre,basal,1,500.0,822.0,1.0,44.0,17,419,14508,8,1.0
97,1.0,1.0,1.729,1.0,6.0,8,123.4044036077507,315.2820659441691,pobre,basal,1,500.0,822.0,1.0,44.0,12,419,14509,6,1.0
98,1.0,1.0,1.729,1.0,7.0,8,123.4044036077507,315.2820659441691,pobre,basal,1,500.0,822.0,1.0,44.0,13,419,14509,6,1.0
97,1.0,1.0,1.729,1.0,0.0,8,123.4044036077507,315.2820659441691,pobre,basal,1,500.0,822.0,1.0,44.0,6,419,14510,0,1.0
98,1.0,1.0,1.729,1.0,1.0,8,123.4044036077507,315.2820659441691,pobre,basal,1,500.0,822.0,1.0,44.0,7,419,14510,0,1.0
97,1.0,1.0,1.729,1.0,7.0,7,123.4044036077507,315.2820659441691,pobre,basal,6,375.0,568.0,1.0,34.0,15,419,14511,7,1.0
98,1.0,1.0,1.729,1.0,6.0,7,123.4044036077507,315.2820659441691,pobre,basal,6,375.0,568.0,1.0,34.0,16,419,14511,7,1.0
97,0.0,1.0,1.729,1.0,6.0,7,123.4044036077507,315.2820659441691,pobre,basal,6,375.0,568.0,1.0,34.0,13,419,14512,6,1.0
98,0.0,1.0,1.729,0.0,9.0,7,123.4044036077507,315.2820659441691,pobre,basal,6,375.0,568.0,1.0,34.0,14,419,14512,6,1.0
97,0.0,1.0,1.729,1.0,3.0,7,123.4044036077507,315.2820659441691,pobre,basal,6,375.0,568.0,1.0,34.0,8,419,14513,3,1.0
98,0.0,1.0,1.729,1.0,3.0,7,123.4044036077507,315.2820659441691,pobre,basal,6,375.0,568.0,1.0,34.0,9,419,14513,3,1.0
97,1.0,1.0,1.729,1.0,9.0,5,123.4044036077507,315.2820659441691,pobre,basal,0,375.0,824.0,0.0,65.0,16,419,14514,9,1.0
98,1.0,1.0,1.729,,,5,123.4044036077507,315.2820659441691,pobre,basal,0,375.0,824.0,0.0,65.0,17,419,14514,9,1.0
97,0.0,1.0,1.729,0.0,6.0,5,123.4044036077507,315.2820659441691,pobre,basal,0,375.0,824.0,0.0,65.0,14,419,14515,6,0.0
98,0.0,1.0,1.729,0.0,6.0,5,123.4044036077507,315.2820659441691,pobre,basal,0,375.0,824.0,0.0,65.0,15,419,14515,6,0.0
97,1.0,0.0,1.729,1.0,5.0,7,123.4044036077507,315.2820659441691,pobre,basal,3,500.0,781.33002,1.0,43.0,13,419,14516,5,1.0
98,1.0,0.0,1.729,1.0,6.0,7,123.4044036077507,315.2820659441691,pobre,basal,3,500.0,781.33002,1.0,43.0,14,419,14516,5,1.0
97,0.0,0.0,1.729,1.0,5.0,7,123.4044036077507,315.2820659441691,pobre,basal,3,500.0,781.33002,1.0,43.0,10,419,14517,5,1.0
98,0.0,0.0,1.729,1.0,5.0,7,123.4044036077507,315.2820659441691,pobre,basal,3,500.0,781.33002,1.0,43.0,11,419,14517,5,1.0
97,1.0,0.0,1.729,,0.0,7,123.4044036077507,315.2820659441691,pobre,basal,3,500.0,781.33002,1.0,43.0,6,419,14518,0,
98,1.0,0.0,1.729,1.0,1.0,7,123.4044036077507,315.2820659441691,pobre,basal,3,500.0,781.33002,1.0,43.0,7,419,14518,0,
97,1.0,1.0,1.729,1.0,7.0,8,123.4044036077507,315.2820659441691,pobre,basal,5,500.0,524.0,1.0,33.0,12,419,14519,7,1.0
98,1.0,1.0,1.729,1.0,8.0,8,123.4044036077507,315.2820659441691,pobre,basal,5,500.0,524.0,1.0,33.0,13,419,14519,7,1.0
97,1.0,1.0,1.729,1.0,2.0,8,123.4044036077507,315.2820659441691,pobre,basal,5,500.0,524.0,1.0,33.0,10,419,14520,2,1.0
98,1.0,1.0,1.729,1.0,3.0,8,123.4044036077507,315.2820659441691,pobre,basal,5,500.0,524.0,1.0,33.0,11,419,14520,2,1.0
97,0.0,1.0,1.729,1.0,9.0,8,123.4044036077507,315.2820659441691,pobre,basal,5,500.0,524.0,1.0,33.0,15,419,14521,9,1.0
98,0.0,1.0,1.729,0.0,9.0,8,123.4044036077507,315.2820659441691,pobre,basal,5,500.0,524.0,1.0,33.0,16,419,14521,9,1.0
97,0.0,1.0,1.17,1.0,4.0,4,153.2827034781226,272.5875970453666,pobre,basal,1,500.0,787.0,1.0,70.0,10,439,14522,4,1.0
98,0.0,1.0,1.17,1.0,5.0,4,153.2827034781226,272.5875970453666,pobre,basal,1,500.0,787.0,1.0,70.0,11,439,14522,4,1.0
97,1.0,1.0,1.17,1.0,1.0,3,153.2827034781226,272.5875970453666,no pobre,basal,13,2400.0,849.5,1.0,36.0,8,439,14523,1,1.0
98,1.0,1.0,1.17,,,3,153.2827034781226,272.5875970453666,no pobre,basal,13,2400.0,849.5,1.0,36.0,9,439,14523,1,1.0
97,0.0,1.0,1.17,1.0,2.0,4,153.2827034781226,272.5875970453666,no pobre,basal,12,2600.0,771.0,0.0,31.0,8,439,14524,2,1.0
98,0.0,1.0,1.17,,,4,153.2827034781226,272.5875970453666,no pobre,basal,12,2600.0,771.0,0.0,31.0,9,439,14524,2,1.0
97,0.0,1.0,1.17,1.0,2.0,4,153.2827034781226,272.5875970453666,no pobre,basal,12,2600.0,771.0,0.0,31.0,8,439,14525,2,1.0
98,0.0,1.0,1.17,,,4,153.2827034781226,272.5875970453666,no pobre,basal,12,2600.0,771.0,0.0,31.0,9,439,14525,2,1.0
97,0.0,1.0,1.17,1.0,4.0,6,153.2827034781226,272.5875970453666,pobre,basal,0,500.0,630.0,1.0,52.0,10,439,14526,4,1.0
98,0.0,1.0,1.17,1.0,5.0,6,153.2827034781226,272.5875970453666,pobre,basal,0,500.0,630.0,1.0,52.0,11,439,14526,4,1.0
97,1.0,1.0,1.17,1.0,5.0,4,153.2827034781226,272.5875970453666,pobre,basal,0,500.0,786.0,1.0,56.0,14,439,14527,5,1.0
98,1.0,1.0,1.17,,,4,153.2827034781226,272.5875970453666,pobre,basal,0,500.0,786.0,1.0,56.0,15,439,14527,5,1.0
97,1.0,1.0,1.248,0.0,6.0,5,110.6255893696272,328.3063778774915,pobre,basal,0,480.0,731.75,1.0,53.0,16,482,14528,6,0.0
98,1.0,1.0,1.248,,,5,110.6255893696272,328.3063778774915,pobre,basal,0,480.0,731.75,1.0,53.0,17,482,14528,6,0.0
97,0.0,1.0,1.248,1.0,6.0,5,110.6255893696272,328.3063778774915,pobre,basal,0,480.0,731.75,1.0,53.0,12,482,14529,6,1.0
98,0.0,1.0,1.248,1.0,7.0,5,110.6255893696272,328.3063778774915,pobre,basal,0,480.0,731.75,1.0,53.0,13,482,14529,6,1.0
97,0.0,1.0,1.248,1.0,2.0,6,110.6255893696272,328.3063778774915,pobre,basal,6,450.0,510.0,1.0,30.0,8,482,14530,2,1.0
98,0.0,1.0,1.248,1.0,2.0,6,110.6255893696272,328.3063778774915,pobre,basal,6,450.0,510.0,1.0,30.0,9,482,14530,2,1.0
97,0.0,1.0,1.248,1.0,0.0,6,110.6255893696272,328.3063778774915,pobre,basal,6,450.0,510.0,1.0,30.0,6,482,14531,0,1.0
98,0.0,1.0,1.248,1.0,1.0,6,110.6255893696272,328.3063778774915,pobre,basal,6,450.0,510.0,1.0,30.0,7,482,14531,0,1.0
97,1.0,1.0,1.248,1.0,5.0,3,110.6255893696272,328.3063778774915,pobre,basal,0,360.0,637.0,0.0,44.0,11,482,14532,5,1.0
98,1.0,1.0,1.248,1.0,5.0,3,110.6255893696272,328.3063778774915,pobre,basal,0,360.0,637.0,0.0,44.0,12,482,14532,5,1.0
97,1.0,1.0,1.248,1.0,1.0,3,110.6255893696272,328.3063778774915,pobre,basal,0,360.0,637.0,0.0,44.0,8,482,14533,1,1.0
98,1.0,1.0,1.248,1.0,2.0,3,110.6255893696272,328.3063778774915,pobre,basal,0,360.0,637.0,0.0,44.0,9,482,14533,1,1.0
97,0.0,1.0,1.248,1.0,8.0,4,110.6255893696272,328.3063778774915,no pobre,basal,3,375.0,808.0,1.0,48.0,14,482,14534,8,1.0
98,0.0,1.0,1.248,0.0,9.0,4,110.6255893696272,328.3063778774915,no pobre,basal,3,375.0,808.0,1.0,48.0,15,482,14534,8,1.0
97,1.0,1.0,1.248,1.0,4.0,4,110.6255893696272,328.3063778774915,no pobre,basal,3,375.0,808.0,1.0,48.0,10,482,14535,4,1.0
98,1.0,1.0,1.248,1.0,5.0,4,110.6255893696272,328.3063778774915,no pobre,basal,3,375.0,808.0,1.0,48.0,11,482,14535,4,1.0
97,0.0,1.0,1.248,1.0,1.0,3,110.6255893696272,328.3063778774915,pobre,basal,6,750.0,655.0,1.0,44.0,6,482,14536,1,1.0
98,0.0,1.0,1.248,1.0,2.0,3,110.6255893696272,328.3063778774915,pobre,basal,6,750.0,655.0,1.0,44.0,7,482,14536,1,1.0
97,1.0,1.0,1.248,1.0,8.0,9,110.6255893696272,328.3063778774915,pobre,basal,4,320.0,581.0,1.0,38.0,16,482,14537,8,1.0
98,1.0,1.0,1.248,,,9,110.6255893696272,328.3063778774915,pobre,basal,4,320.0,581.0,1.0,38.0,17,482,14537,8,1.0
97,0.0,1.0,1.248,1.0,7.0,9,110.6255893696272,328.3063778774915,pobre,basal,4,320.0,581.0,1.0,38.0,12,482,14538,7,1.0
98,0.0,1.0,1.248,1.0,7.0,9,110.6255893696272,328.3063778774915,pobre,basal,4,320.0,581.0,1.0,38.0,13,482,14538,7,1.0
97,1.0,1.0,1.248,1.0,5.0,9,110.6255893696272,328.3063778774915,pobre,basal,4,320.0,581.0,1.0,38.0,11,482,14539,5,1.0
98,1.0,1.0,1.248,1.0,6.0,9,110.6255893696272,328.3063778774915,pobre,basal,4,320.0,581.0,1.0,38.0,12,482,14539,5,1.0
97,0.0,1.0,1.248,1.0,2.0,9,110.6255893696272,328.3063778774915,pobre,basal,4,320.0,581.0,1.0,38.0,9,482,14540,2,1.0
98,0.0,1.0,1.248,1.0,3.0,9,110.6255893696272,328.3063778774915,pobre,basal,4,320.0,581.0,1.0,38.0,10,482,14540,2,1.0
97,1.0,1.0,1.248,1.0,2.0,9,110.6255893696272,328.3063778774915,pobre,basal,4,320.0,581.0,1.0,38.0,7,482,14541,2,1.0
98,1.0,1.0,1.248,1.0,1.0,9,110.6255893696272,328.3063778774915,pobre,basal,4,320.0,581.0,1.0,38.0,8,482,14541,2,1.0
97,1.0,1.0,1.248,1.0,7.0,8,110.6255893696272,328.3063778774915,pobre,basal,2,0.0,600.0,1.0,52.0,15,482,14542,7,1.0
98,1.0,1.0,1.248,1.0,8.0,8,110.6255893696272,328.3063778774915,pobre,basal,2,0.0,600.0,1.0,52.0,16,482,14542,7,1.0
97,1.0,1.0,1.248,1.0,6.0,8,110.6255893696272,328.3063778774915,pobre,basal,2,0.0,600.0,1.0,52.0,13,482,14543,6,1.0
98,1.0,1.0,1.248,1.0,7.0,8,110.6255893696272,328.3063778774915,pobre,basal,2,0.0,600.0,1.0,52.0,14,482,14543,6,1.0
97,1.0,1.0,1.248,1.0,3.0,8,110.6255893696272,328.3063778774915,pobre,basal,2,0.0,600.0,1.0,52.0,9,482,14544,3,1.0
98,1.0,1.0,1.248,1.0,4.0,8,110.6255893696272,328.3063778774915,pobre,basal,2,0.0,600.0,1.0,52.0,10,482,14544,3,1.0
97,0.0,1.0,1.248,,0.0,8,110.6255893696272,328.3063778774915,pobre,basal,2,0.0,600.0,1.0,52.0,7,482,14545,0,
98,0.0,1.0,1.248,1.0,2.0,8,110.6255893696272,328.3063778774915,pobre,basal,2,0.0,600.0,1.0,52.0,8,482,14545,0,
97,0.0,1.0,1.248,1.0,7.0,4,110.6255893696272,328.3063778774915,pobre,basal,6,450.0,661.33002,1.0,41.0,13,482,14546,7,1.0
98,0.0,1.0,1.248,1.0,8.0,4,110.6255893696272,328.3063778774915,pobre,basal,6,450.0,661.33002,1.0,41.0,14,482,14546,7,1.0
97,1.0,1.0,1.248,1.0,6.0,6,110.6255893696272,328.3063778774915,pobre,basal,7,450.0,744.0,1.0,42.0,11,482,14547,6,1.0
98,1.0,1.0,1.248,1.0,7.0,6,110.6255893696272,328.3063778774915,pobre,basal,7,450.0,744.0,1.0,42.0,12,482,14547,6,1.0
97,1.0,1.0,1.248,1.0,2.0,6,110.6255893696272,328.3063778774915,pobre,basal,7,450.0,744.0,1.0,42.0,8,482,14548,2,1.0
98,1.0,1.0,1.248,1.0,3.0,6,110.6255893696272,328.3063778774915,pobre,basal,7,450.0,744.0,1.0,42.0,9,482,14548,2,1.0
97,0.0,1.0,1.248,0.0,8.0,4,110.6255893696272,328.3063778774915,pobre,basal,6,0.0,677.0,1.0,43.0,16,482,14549,8,0.0
98,0.0,1.0,1.248,,,4,110.6255893696272,328.3063778774915,pobre,basal,6,0.0,677.0,1.0,43.0,17,482,14549,8,0.0
97,0.0,1.0,1.248,1.0,8.0,4,110.6255893696272,328.3063778774915,pobre,basal,6,0.0,677.0,1.0,43.0,14,482,14550,8,1.0
98,0.0,1.0,1.248,0.0,9.0,4,110.6255893696272,328.3063778774915,pobre,basal,6,0.0,677.0,1.0,43.0,15,482,14550,8,1.0
97,1.0,1.0,1.248,1.0,1.0,4,110.6255893696272,328.3063778774915,no pobre,basal,6,400.0,925.0,1.0,39.0,6,482,14551,1,1.0
98,1.0,1.0,1.248,1.0,1.0,4,110.6255893696272,328.3063778774915,no pobre,basal,6,400.0,925.0,1.0,39.0,7,482,14551,1,1.0
97,1.0,1.0,1.248,0.0,9.0,5,110.6255893696272,328.3063778774915,pobre,basal,3,450.0,657.5,1.0,56.0,16,482,14552,9,0.0
98,1.0,1.0,1.248,,,5,110.6255893696272,328.3063778774915,pobre,basal,3,450.0,657.5,1.0,56.0,17,482,14552,9,0.0
97,1.0,1.0,1.248,1.0,8.0,5,110.6255893696272,328.3063778774915,pobre,basal,3,450.0,657.5,1.0,56.0,14,482,14553,8,1.0
98,1.0,1.0,1.248,0.0,9.0,5,110.6255893696272,328.3063778774915,pobre,basal,3,450.0,657.5,1.0,56.0,15,482,14553,8,1.0
97,0.0,1.0,1.248,1.0,5.0,5,110.6255893696272,328.3063778774915,pobre,basal,3,450.0,657.5,1.0,56.0,11,482,14554,5,1.0
98,0.0,1.0,1.248,1.0,6.0,5,110.6255893696272,328.3063778774915,pobre,basal,3,450.0,657.5,1.0,56.0,12,482,14554,5,1.0
97,0.0,1.0,1.248,0.0,6.0,4,110.6255893696272,328.3063778774915,pobre,basal,6,375.0,616.0,1.0,41.0,14,482,14555,6,0.0
98,0.0,1.0,1.248,0.0,6.0,4,110.6255893696272,328.3063778774915,pobre,basal,6,375.0,616.0,1.0,41.0,15,482,14555,6,0.0
97,1.0,1.0,1.248,0.0,4.0,5,110.6255893696272,328.3063778774915,pobre,basal,4,400.0,617.5,0.0,41.0,14,482,14556,4,0.0
98,1.0,1.0,1.248,0.0,4.0,5,110.6255893696272,328.3063778774915,pobre,basal,4,400.0,617.5,0.0,41.0,15,482,14556,4,0.0
97,1.0,1.0,1.248,1.0,4.0,5,110.6255893696272,328.3063778774915,pobre,basal,4,400.0,617.5,0.0,41.0,12,482,14557,4,1.0
98,1.0,1.0,1.248,1.0,5.0,5,110.6255893696272,328.3063778774915,pobre,basal,4,400.0,617.5,0.0,41.0,13,482,14557,4,1.0
97,0.0,1.0,1.248,1.0,2.0,5,110.6255893696272,328.3063778774915,pobre,basal,4,400.0,617.5,0.0,41.0,8,482,14558,2,1.0
98,0.0,1.0,1.248,1.0,2.0,5,110.6255893696272,328.3063778774915,pobre,basal,4,400.0,617.5,0.0,41.0,9,482,14558,2,1.0
97,0.0,1.0,1.17,0.0,6.0,7,153.2827034781226,272.5875970453666,pobre,basal,5,500.0,518.5,1.0,17.0,15,439,14559,6,0.0
98,0.0,1.0,1.17,0.0,6.0,7,153.2827034781226,272.5875970453666,pobre,basal,5,500.0,518.5,1.0,17.0,16,439,14559,6,0.0
97,0.0,1.0,1.17,1.0,5.0,7,153.2827034781226,272.5875970453666,pobre,basal,5,500.0,518.5,1.0,17.0,13,439,14560,5,1.0
98,0.0,1.0,1.17,1.0,6.0,7,153.2827034781226,272.5875970453666,pobre,basal,5,500.0,518.5,1.0,17.0,14,439,14560,5,1.0
97,1.0,1.0,1.17,1.0,0.0,7,153.2827034781226,272.5875970453666,pobre,basal,5,500.0,518.5,1.0,17.0,7,439,14561,0,1.0
98,1.0,1.0,1.17,1.0,1.0,7,153.2827034781226,272.5875970453666,pobre,basal,5,500.0,518.5,1.0,17.0,8,439,14561,0,1.0
97,1.0,1.0,1.17,,0.0,7,153.2827034781226,272.5875970453666,pobre,basal,5,500.0,518.5,1.0,17.0,6,439,14562,0,
98,1.0,1.0,1.17,1.0,1.0,7,153.2827034781226,272.5875970453666,pobre,basal,5,500.0,518.5,1.0,17.0,7,439,14562,0,
97,1.0,1.0,1.17,1.0,9.0,7,153.2827034781226,272.5875970453666,pobre,basal,6,500.0,609.0,1.0,36.0,16,439,14563,9,1.0
98,1.0,1.0,1.17,,,7,153.2827034781226,272.5875970453666,pobre,basal,6,500.0,609.0,1.0,36.0,17,439,14563,9,1.0
97,0.0,1.0,1.17,1.0,6.0,7,153.2827034781226,272.5875970453666,pobre,basal,6,500.0,609.0,1.0,36.0,13,439,14564,6,1.0
98,0.0,1.0,1.17,1.0,7.0,7,153.2827034781226,272.5875970453666,pobre,basal,6,500.0,609.0,1.0,36.0,14,439,14564,6,1.0
97,0.0,1.0,1.17,1.0,3.0,7,153.2827034781226,272.5875970453666,pobre,basal,6,500.0,609.0,1.0,36.0,9,439,14565,3,1.0
98,0.0,1.0,1.17,1.0,4.0,7,153.2827034781226,272.5875970453666,pobre,basal,6,500.0,609.0,1.0,36.0,10,439,14565,3,1.0
97,0.0,1.0,1.17,1.0,0.0,7,153.2827034781226,272.5875970453666,pobre,basal,6,500.0,609.0,1.0,36.0,6,439,14566,0,1.0
98,0.0,1.0,1.17,1.0,1.0,7,153.2827034781226,272.5875970453666,pobre,basal,6,500.0,609.0,1.0,36.0,7,439,14566,0,1.0
97,0.0,1.0,1.17,1.0,3.0,7,153.2827034781226,272.5875970453666,pobre,basal,6,500.0,567.0,1.0,28.0,10,439,14567,3,1.0
98,0.0,1.0,1.17,1.0,4.0,7,153.2827034781226,272.5875970453666,pobre,basal,6,500.0,567.0,1.0,28.0,11,439,14567,3,1.0
97,0.0,1.0,1.17,1.0,0.0,7,153.2827034781226,272.5875970453666,pobre,basal,6,500.0,567.0,1.0,28.0,6,439,14568,0,1.0
98,0.0,1.0,1.17,1.0,1.0,7,153.2827034781226,272.5875970453666,pobre,basal,6,500.0,567.0,1.0,28.0,7,439,14568,0,1.0
97,0.0,1.0,1.17,1.0,7.0,8,153.2827034781226,272.5875970453666,pobre,basal,5,500.0,760.0,1.0,44.0,13,439,14569,7,1.0
98,0.0,1.0,1.17,1.0,8.0,8,153.2827034781226,272.5875970453666,pobre,basal,5,500.0,760.0,1.0,44.0,14,439,14569,7,1.0
97,1.0,1.0,1.17,1.0,5.0,8,153.2827034781226,272.5875970453666,pobre,basal,5,500.0,760.0,1.0,44.0,12,439,14570,5,1.0
98,1.0,1.0,1.17,1.0,6.0,8,153.2827034781226,272.5875970453666,pobre,basal,5,500.0,760.0,1.0,44.0,13,439,14570,5,1.0
97,0.0,1.0,1.17,1.0,1.0,8,153.2827034781226,272.5875970453666,pobre,basal,5,500.0,760.0,1.0,44.0,8,439,14571,1,1.0
98,0.0,1.0,1.17,1.0,2.0,8,153.2827034781226,272.5875970453666,pobre,basal,5,500.0,760.0,1.0,44.0,9,439,14571,1,1.0
97,0.0,1.0,1.17,1.0,2.0,9,153.2827034781226,272.5875970453666,pobre,basal,6,500.0,385.0,1.0,33.0,11,439,14572,2,1.0
98,0.0,1.0,1.17,1.0,3.0,9,153.2827034781226,272.5875970453666,pobre,basal,6,500.0,385.0,1.0,33.0,12,439,14572,2,1.0
97,0.0,1.0,1.17,1.0,2.0,9,153.2827034781226,272.5875970453666,pobre,basal,6,500.0,385.0,1.0,33.0,10,439,14573,2,1.0
98,0.0,1.0,1.17,1.0,2.0,9,153.2827034781226,272.5875970453666,pobre,basal,6,500.0,385.0,1.0,33.0,11,439,14573,2,1.0
97,1.0,1.0,1.17,1.0,1.0,9,153.2827034781226,272.5875970453666,pobre,basal,6,500.0,385.0,1.0,33.0,8,439,14574,1,1.0
98,1.0,1.0,1.17,1.0,2.0,9,153.2827034781226,272.5875970453666,pobre,basal,6,500.0,385.0,1.0,33.0,9,439,14574,1,1.0
97,1.0,1.0,1.17,1.0,0.0,9,153.2827034781226,272.5875970453666,pobre,basal,6,500.0,385.0,1.0,33.0,6,439,14575,0,1.0
98,1.0,1.0,1.17,1.0,0.0,9,153.2827034781226,272.5875970453666,pobre,basal,6,500.0,385.0,1.0,33.0,7,439,14575,0,1.0
97,0.0,1.0,1.17,0.0,6.0,4,153.2827034781226,272.5875970453666,pobre,basal,3,500.0,753.0,1.0,46.0,15,439,14576,6,0.0
98,0.0,1.0,1.17,0.0,6.0,4,153.2827034781226,272.5875970453666,pobre,basal,3,500.0,753.0,1.0,46.0,16,439,14576,6,0.0
97,1.0,1.0,1.17,1.0,2.0,4,153.2827034781226,272.5875970453666,pobre,basal,3,500.0,753.0,1.0,46.0,11,439,14577,2,1.0
98,1.0,1.0,1.17,1.0,3.0,4,153.2827034781226,272.5875970453666,pobre,basal,3,500.0,753.0,1.0,46.0,12,439,14577,2,1.0
97,0.0,1.0,1.17,1.0,5.0,7,153.2827034781226,272.5875970453666,pobre,basal,6,500.0,591.0,1.0,29.0,11,439,14578,5,1.0
98,0.0,1.0,1.17,1.0,6.0,7,153.2827034781226,272.5875970453666,pobre,basal,6,500.0,591.0,1.0,29.0,12,439,14578,5,1.0
97,1.0,1.0,1.17,1.0,3.0,7,153.2827034781226,272.5875970453666,pobre,basal,6,500.0,591.0,1.0,29.0,9,439,14579,3,1.0
98,1.0,1.0,1.17,1.0,4.0,7,153.2827034781226,272.5875970453666,pobre,basal,6,500.0,591.0,1.0,29.0,10,439,14579,3,1.0
97,1.0,1.0,1.17,1.0,2.0,7,153.2827034781226,272.5875970453666,pobre,basal,6,500.0,591.0,1.0,29.0,8,439,14580,2,1.0
98,1.0,1.0,1.17,1.0,3.0,7,153.2827034781226,272.5875970453666,pobre,basal,6,500.0,591.0,1.0,29.0,9,439,14580,2,1.0
97,0.0,1.0,1.17,1.0,7.0,3,153.2827034781226,272.5875970453666,pobre,basal,2,500.0,755.0,1.0,55.0,16,439,14581,7,1.0
98,0.0,1.0,1.17,,,3,153.2827034781226,272.5875970453666,pobre,basal,2,500.0,755.0,1.0,55.0,17,439,14581,7,1.0
97,1.0,1.0,2.313,0.0,6.0,9,159.0077271570167,264.1571466835781,pobre,basal,6,625.0,622.5,1.0,35.0,14,467,14582,6,0.0
98,1.0,1.0,2.313,1.0,6.0,9,159.0077271570167,264.1571466835781,pobre,basal,6,625.0,622.5,1.0,35.0,15,467,14582,6,0.0
97,0.0,1.0,2.313,1.0,5.0,9,159.0077271570167,264.1571466835781,pobre,basal,6,625.0,622.5,1.0,35.0,12,467,14583,5,1.0
98,0.0,1.0,2.313,1.0,6.0,9,159.0077271570167,264.1571466835781,pobre,basal,6,625.0,622.5,1.0,35.0,13,467,14583,5,1.0
97,0.0,1.0,2.313,1.0,4.0,9,159.0077271570167,264.1571466835781,pobre,basal,6,625.0,622.5,1.0,35.0,10,467,14584,4,1.0
98,0.0,1.0,2.313,1.0,5.0,9,159.0077271570167,264.1571466835781,pobre,basal,6,625.0,622.5,1.0,35.0,11,467,14584,4,1.0
97,0.0,1.0,2.313,1.0,1.0,9,159.0077271570167,264.1571466835781,pobre,basal,6,625.0,622.5,1.0,35.0,7,467,14585,1,1.0
98,0.0,1.0,2.313,1.0,2.0,9,159.0077271570167,264.1571466835781,pobre,basal,6,625.0,622.5,1.0,35.0,8,467,14585,1,1.0
97,0.0,0.0,2.313,1.0,0.0,5,159.0077271570167,264.1571466835781,pobre,basal,6,700.0,743.5,1.0,30.0,6,467,14586,0,1.0
98,0.0,0.0,2.313,1.0,1.0,5,159.0077271570167,264.1571466835781,pobre,basal,6,700.0,743.5,1.0,30.0,7,467,14586,0,1.0
97,1.0,1.0,2.313,1.0,8.0,9,159.0077271570167,264.1571466835781,no pobre,basal,4,625.0,864.75,1.0,46.0,16,467,14587,8,1.0
98,1.0,1.0,2.313,,,9,159.0077271570167,264.1571466835781,no pobre,basal,4,625.0,864.75,1.0,46.0,17,467,14587,8,1.0
97,1.0,1.0,2.313,0.0,4.0,9,159.0077271570167,264.1571466835781,no pobre,basal,4,625.0,864.75,1.0,46.0,14,467,14588,4,0.0
98,1.0,1.0,2.313,,,9,159.0077271570167,264.1571466835781,no pobre,basal,4,625.0,864.75,1.0,46.0,15,467,14588,4,0.0
97,1.0,0.0,2.313,1.0,3.0,9,159.0077271570167,264.1571466835781,no pobre,basal,4,625.0,864.75,1.0,46.0,10,467,14589,3,1.0
98,1.0,0.0,2.313,,,9,159.0077271570167,264.1571466835781,no pobre,basal,4,625.0,864.75,1.0,46.0,11,467,14589,3,1.0
97,1.0,0.0,2.313,1.0,0.0,9,159.0077271570167,264.1571466835781,no pobre,basal,4,625.0,864.75,1.0,46.0,8,467,14590,0,1.0
98,1.0,0.0,2.313,,,9,159.0077271570167,264.1571466835781,no pobre,basal,4,625.0,864.75,1.0,46.0,9,467,14590,0,1.0
97,0.0,0.0,2.313,0.0,6.0,9,159.0077271570167,264.1571466835781,no pobre,basal,4,625.0,864.75,1.0,46.0,16,467,14591,6,0.0
98,0.0,0.0,2.313,,,9,159.0077271570167,264.1571466835781,no pobre,basal,4,625.0,864.75,1.0,46.0,17,467,14591,6,0.0
97,1.0,1.0,2.313,0.0,6.0,4,159.0077271570167,264.1571466835781,pobre,basal,3,0.0,719.0,0.0,51.0,16,467,14592,6,0.0
98,1.0,1.0,2.313,,,4,159.0077271570167,264.1571466835781,pobre,basal,3,0.0,719.0,0.0,51.0,17,467,14592,6,0.0
97,0.0,1.0,2.313,0.0,6.0,4,159.0077271570167,264.1571466835781,pobre,basal,3,0.0,719.0,0.0,51.0,13,467,14593,6,0.0
98,0.0,1.0,2.313,0.0,6.0,4,159.0077271570167,264.1571466835781,pobre,basal,3,0.0,719.0,0.0,51.0,14,467,14593,6,0.0
97,0.0,1.0,2.313,1.0,5.0,4,159.0077271570167,264.1571466835781,pobre,basal,3,0.0,719.0,0.0,51.0,11,467,14594,5,1.0
98,0.0,1.0,2.313,1.0,6.0,4,159.0077271570167,264.1571466835781,pobre,basal,3,0.0,719.0,0.0,51.0,12,467,14594,5,1.0
97,0.0,1.0,2.313,1.0,2.0,8,159.0077271570167,264.1571466835781,pobre,basal,0,625.0,513.0,1.0,27.0,8,467,14595,2,1.0
98,0.0,1.0,2.313,1.0,3.0,8,159.0077271570167,264.1571466835781,pobre,basal,0,625.0,513.0,1.0,27.0,9,467,14595,2,1.0
97,0.0,1.0,2.313,1.0,1.0,8,159.0077271570167,264.1571466835781,pobre,basal,0,625.0,513.0,1.0,27.0,7,467,14596,1,1.0
98,0.0,1.0,2.313,1.0,2.0,8,159.0077271570167,264.1571466835781,pobre,basal,0,625.0,513.0,1.0,27.0,8,467,14596,1,1.0
97,1.0,0.0,2.313,1.0,10.0,5,159.0077271570167,264.1571466835781,no pobre,basal,18,3600.0,941.5,1.0,38.0,15,467,14597,10,1.0
98,1.0,0.0,2.313,,,5,159.0077271570167,264.1571466835781,no pobre,basal,18,3600.0,941.5,1.0,38.0,16,467,14597,10,1.0
97,1.0,0.0,2.313,1.0,3.0,5,159.0077271570167,264.1571466835781,no pobre,basal,18,3600.0,941.5,1.0,38.0,9,467,14598,3,1.0
98,1.0,0.0,2.313,1.0,4.0,5,159.0077271570167,264.1571466835781,no pobre,basal,18,3600.0,941.5,1.0,38.0,10,467,14598,3,1.0
97,0.0,0.0,2.313,1.0,0.0,5,159.0077271570167,264.1571466835781,no pobre,basal,18,3600.0,941.5,1.0,38.0,7,467,14599,0,1.0
98,0.0,0.0,2.313,1.0,1.0,5,159.0077271570167,264.1571466835781,no pobre,basal,18,3600.0,941.5,1.0,38.0,8,467,14599,0,1.0
97,0.0,1.0,2.313,1.0,2.0,3,159.0077271570167,264.1571466835781,no pobre,basal,6,600.0,978.0,1.0,45.0,7,467,14600,2,1.0
98,0.0,1.0,2.313,1.0,3.0,3,159.0077271570167,264.1571466835781,no pobre,basal,6,600.0,978.0,1.0,45.0,8,467,14600,2,1.0
97,0.0,1.0,2.313,0.0,6.0,9,159.0077271570167,264.1571466835781,pobre,basal,6,800.0,854.5,1.0,38.0,13,467,14601,6,0.0
98,0.0,1.0,2.313,1.0,6.0,9,159.0077271570167,264.1571466835781,pobre,basal,6,800.0,854.5,1.0,38.0,14,467,14601,6,0.0
97,0.0,1.0,2.313,1.0,2.0,9,159.0077271570167,264.1571466835781,pobre,basal,6,800.0,854.5,1.0,38.0,9,467,14602,2,1.0
98,0.0,1.0,2.313,1.0,3.0,9,159.0077271570167,264.1571466835781,pobre,basal,6,800.0,854.5,1.0,38.0,10,467,14602,2,1.0
97,0.0,1.0,2.313,1.0,1.0,9,159.0077271570167,264.1571466835781,pobre,basal,6,800.0,854.5,1.0,38.0,7,467,14603,1,1.0
98,0.0,1.0,2.313,1.0,2.0,9,159.0077271570167,264.1571466835781,pobre,basal,6,800.0,854.5,1.0,38.0,8,467,14603,1,1.0
97,1.0,1.0,2.313,1.0,5.0,7,159.0077271570167,264.1571466835781,pobre,basal,6,625.0,482.0,1.0,36.0,11,467,14604,5,1.0
98,1.0,1.0,2.313,1.0,6.0,7,159.0077271570167,264.1571466835781,pobre,basal,6,625.0,482.0,1.0,36.0,12,467,14604,5,1.0
97,0.0,1.0,2.313,1.0,1.0,7,159.0077271570167,264.1571466835781,pobre,basal,6,625.0,482.0,1.0,36.0,7,467,14605,1,1.0
98,0.0,1.0,2.313,1.0,2.0,7,159.0077271570167,264.1571466835781,pobre,basal,6,625.0,482.0,1.0,36.0,8,467,14605,1,1.0
97,1.0,1.0,2.313,0.0,6.0,4,159.0077271570167,264.1571466835781,pobre,basal,2,625.0,710.0,1.0,48.0,14,467,14606,6,0.0
98,1.0,1.0,2.313,0.0,6.0,4,159.0077271570167,264.1571466835781,pobre,basal,2,625.0,710.0,1.0,48.0,15,467,14606,6,0.0
97,1.0,1.0,2.313,1.0,3.0,4,159.0077271570167,264.1571466835781,pobre,basal,2,625.0,710.0,1.0,48.0,12,467,14607,3,1.0
98,1.0,1.0,2.313,1.0,4.0,4,159.0077271570167,264.1571466835781,pobre,basal,2,625.0,710.0,1.0,48.0,13,467,14607,3,1.0
97,1.0,1.0,1.416,1.0,1.0,9,156.0451546747979,274.6315119919568,pobre,basal,3,625.0,512.0,1.0,38.0,9,458,14608,1,1.0
98,1.0,1.0,1.416,1.0,2.0,9,156.0451546747979,274.6315119919568,pobre,basal,3,625.0,512.0,1.0,38.0,10,458,14608,1,1.0
97,0.0,1.0,3.4660001,0.0,6.0,5,162.1234744133291,289.0157007361695,pobre,0,0,600.0,582.0,0.0,66.0,12,408,14609,6,0.0
98,0.0,1.0,3.4660001,0.0,6.0,5,162.1234744133291,289.0157007361695,pobre,0,0,600.0,582.0,0.0,66.0,13,408,14609,6,0.0
97,0.0,1.0,3.4660001,1.0,3.0,5,162.1234744133291,289.0157007361695,pobre,0,0,600.0,582.0,0.0,66.0,8,408,14610,3,1.0
98,0.0,1.0,3.4660001,1.0,4.0,5,162.1234744133291,289.0157007361695,pobre,0,0,600.0,582.0,0.0,66.0,9,408,14610,3,1.0
97,1.0,1.0,3.4660001,1.0,3.0,5,162.1234744133291,289.0157007361695,pobre,0,0,600.0,582.0,0.0,66.0,10,408,14611,3,1.0
98,1.0,1.0,3.4660001,1.0,4.0,5,162.1234744133291,289.0157007361695,pobre,0,0,600.0,582.0,0.0,66.0,11,408,14611,3,1.0
97,1.0,1.0,3.4660001,1.0,2.0,6,162.1234744133291,289.0157007361695,pobre,0,5,400.0,663.0,1.0,61.0,8,408,14612,2,1.0
98,1.0,1.0,3.4660001,1.0,2.0,6,162.1234744133291,289.0157007361695,pobre,0,5,400.0,663.0,1.0,61.0,9,408,14612,2,1.0
97,0.0,1.0,3.4660001,1.0,8.0,7,162.1234744133291,289.0157007361695,pobre,0,0,400.0,864.5,1.0,66.0,14,408,14613,8,1.0
98,0.0,1.0,3.4660001,1.0,8.0,7,162.1234744133291,289.0157007361695,pobre,0,0,400.0,864.5,1.0,66.0,15,408,14613,8,1.0
97,1.0,1.0,3.4660001,1.0,3.0,7,162.1234744133291,289.0157007361695,pobre,0,0,400.0,864.5,1.0,66.0,9,408,14614,3,1.0
98,1.0,1.0,3.4660001,1.0,4.0,7,162.1234744133291,289.0157007361695,pobre,0,0,400.0,864.5,1.0,66.0,10,408,14614,3,1.0
97,1.0,1.0,3.4660001,1.0,1.0,7,162.1234744133291,289.0157007361695,pobre,0,0,400.0,864.5,1.0,66.0,7,408,14615,1,1.0
98,1.0,1.0,3.4660001,1.0,2.0,7,162.1234744133291,289.0157007361695,pobre,0,0,400.0,864.5,1.0,66.0,8,408,14615,1,1.0
97,0.0,1.0,0.0,1.0,1.0,8,109.4099709556375,328.5566298014576,pobre,basal,2,0.0,622.0,1.0,88.0,9,481,14616,1,1.0
98,0.0,1.0,0.0,1.0,2.0,8,109.4099709556375,328.5566298014576,pobre,basal,2,0.0,622.0,1.0,88.0,10,481,14616,1,1.0
97,1.0,1.0,0.0,1.0,7.0,6,109.4099709556375,328.5566298014576,pobre,basal,6,625.0,519.0,1.0,38.0,16,481,14617,7,1.0
98,1.0,1.0,0.0,,,6,109.4099709556375,328.5566298014576,pobre,basal,6,625.0,519.0,1.0,38.0,17,481,14617,7,1.0
97,1.0,1.0,0.0,1.0,5.0,6,109.4099709556375,328.5566298014576,pobre,basal,6,625.0,519.0,1.0,38.0,12,481,14618,5,1.0
98,1.0,1.0,0.0,1.0,6.0,6,109.4099709556375,328.5566298014576,pobre,basal,6,625.0,519.0,1.0,38.0,13,481,14618,5,1.0
97,0.0,1.0,0.0,1.0,2.0,6,109.4099709556375,328.5566298014576,pobre,basal,6,625.0,519.0,1.0,38.0,7,481,14619,2,1.0
98,0.0,1.0,0.0,1.0,3.0,6,109.4099709556375,328.5566298014576,pobre,basal,6,625.0,519.0,1.0,38.0,8,481,14619,2,1.0
97,1.0,1.0,3.4660001,1.0,0.0,5,162.1234744133291,289.0157007361695,pobre,0,12,2840.0,669.5,1.0,34.0,7,408,14620,0,1.0
98,1.0,1.0,3.4660001,,,5,162.1234744133291,289.0157007361695,pobre,0,12,2840.0,669.5,1.0,34.0,8,408,14620,0,1.0
97,0.0,1.0,1.416,1.0,4.0,8,156.0451546747979,274.6315119919568,pobre,basal,0,375.0,544.0,1.0,41.0,14,458,14621,4,1.0
98,0.0,1.0,1.416,1.0,5.0,8,156.0451546747979,274.6315119919568,pobre,basal,0,375.0,544.0,1.0,41.0,15,458,14621,4,1.0
97,0.0,1.0,1.416,1.0,3.0,8,156.0451546747979,274.6315119919568,pobre,basal,0,375.0,544.0,1.0,41.0,12,458,14622,3,1.0
98,0.0,1.0,1.416,1.0,4.0,8,156.0451546747979,274.6315119919568,pobre,basal,0,375.0,544.0,1.0,41.0,13,458,14622,3,1.0
97,1.0,1.0,1.416,1.0,3.0,8,156.0451546747979,274.6315119919568,pobre,basal,0,375.0,544.0,1.0,41.0,10,458,14623,3,1.0
98,1.0,1.0,1.416,1.0,4.0,8,156.0451546747979,274.6315119919568,pobre,basal,0,375.0,544.0,1.0,41.0,11,458,14623,3,1.0
97,0.0,1.0,1.416,1.0,1.0,8,156.0451546747979,274.6315119919568,pobre,basal,0,375.0,544.0,1.0,41.0,7,458,14624,1,1.0
98,0.0,1.0,1.416,1.0,2.0,8,156.0451546747979,274.6315119919568,pobre,basal,0,375.0,544.0,1.0,41.0,8,458,14624,1,1.0
97,1.0,1.0,1.416,1.0,4.0,8,156.0451546747979,274.6315119919568,pobre,basal,9,375.0,706.0,1.0,39.0,12,458,14625,4,1.0
98,1.0,1.0,1.416,1.0,5.0,8,156.0451546747979,274.6315119919568,pobre,basal,9,375.0,706.0,1.0,39.0,13,458,14625,4,1.0
97,0.0,1.0,1.416,1.0,2.0,8,156.0451546747979,274.6315119919568,pobre,basal,9,375.0,706.0,1.0,39.0,10,458,14626,2,1.0
98,0.0,1.0,1.416,1.0,3.0,8,156.0451546747979,274.6315119919568,pobre,basal,9,375.0,706.0,1.0,39.0,11,458,14626,2,1.0
97,1.0,1.0,1.416,1.0,1.0,8,156.0451546747979,274.6315119919568,pobre,basal,9,375.0,706.0,1.0,39.0,7,458,14627,1,1.0
98,1.0,1.0,1.416,1.0,2.0,8,156.0451546747979,274.6315119919568,pobre,basal,9,375.0,706.0,1.0,39.0,8,458,14627,1,1.0
97,1.0,1.0,1.416,1.0,6.0,10,156.0451546747979,274.6315119919568,pobre,basal,3,0.0,753.0,1.0,45.0,16,458,14628,6,1.0
98,1.0,1.0,1.416,,,10,156.0451546747979,274.6315119919568,pobre,basal,3,0.0,753.0,1.0,45.0,17,458,14628,6,1.0
97,0.0,1.0,1.416,1.0,4.0,10,156.0451546747979,274.6315119919568,pobre,basal,3,0.0,753.0,1.0,45.0,15,458,14629,4,1.0
98,0.0,1.0,1.416,1.0,5.0,10,156.0451546747979,274.6315119919568,pobre,basal,3,0.0,753.0,1.0,45.0,16,458,14629,4,1.0
97,0.0,1.0,1.416,0.0,6.0,6,156.0451546747979,274.6315119919568,pobre,basal,0,375.0,721.0,1.0,51.0,15,458,14630,6,0.0
98,0.0,1.0,1.416,0.0,6.0,6,156.0451546747979,274.6315119919568,pobre,basal,0,375.0,721.0,1.0,51.0,16,458,14630,6,0.0
97,1.0,1.0,1.416,1.0,4.0,6,156.0451546747979,274.6315119919568,pobre,basal,0,375.0,721.0,1.0,51.0,10,458,14631,4,1.0
98,1.0,1.0,1.416,1.0,5.0,6,156.0451546747979,274.6315119919568,pobre,basal,0,375.0,721.0,1.0,51.0,11,458,14631,4,1.0
97,0.0,1.0,1.416,1.0,0.0,3,156.0451546747979,274.6315119919568,no pobre,basal,16,2000.0,1001.5,1.0,35.0,7,458,14632,0,1.0
98,0.0,1.0,1.416,,,3,156.0451546747979,274.6315119919568,no pobre,basal,16,2000.0,1001.5,1.0,35.0,8,458,14632,0,1.0
97,0.0,1.0,1.416,1.0,8.0,9,156.0451546747979,274.6315119919568,pobre,basal,4,375.0,688.5,1.0,46.0,16,458,14633,8,1.0
98,0.0,1.0,1.416,,,9,156.0451546747979,274.6315119919568,pobre,basal,4,375.0,688.5,1.0,46.0,17,458,14633,8,1.0
97,0.0,1.0,1.416,1.0,6.0,9,156.0451546747979,274.6315119919568,pobre,basal,4,375.0,688.5,1.0,46.0,13,458,14634,6,1.0
98,0.0,1.0,1.416,1.0,6.0,9,156.0451546747979,274.6315119919568,pobre,basal,4,375.0,688.5,1.0,46.0,14,458,14634,6,1.0
97,1.0,1.0,1.416,1.0,4.0,9,156.0451546747979,274.6315119919568,pobre,basal,4,375.0,688.5,1.0,46.0,10,458,14635,4,1.0
98,1.0,1.0,1.416,1.0,4.0,9,156.0451546747979,274.6315119919568,pobre,basal,4,375.0,688.5,1.0,46.0,11,458,14635,4,1.0
97,1.0,1.0,1.416,1.0,1.0,9,156.0451546747979,274.6315119919568,pobre,basal,4,375.0,688.5,1.0,46.0,6,458,14636,1,1.0
98,1.0,1.0,1.416,1.0,2.0,9,156.0451546747979,274.6315119919568,pobre,basal,4,375.0,688.5,1.0,46.0,7,458,14636,1,1.0
97,0.0,1.0,1.416,,0.0,4,156.0451546747979,274.6315119919568,pobre,basal,0,0.0,576.33002,1.0,75.0,6,458,14637,0,
98,0.0,1.0,1.416,1.0,0.0,4,156.0451546747979,274.6315119919568,pobre,basal,0,0.0,576.33002,1.0,75.0,7,458,14637,0,
97,1.0,1.0,1.416,1.0,1.0,7,156.0451546747979,274.6315119919568,pobre,basal,5,375.0,686.5,1.0,28.0,6,458,14638,1,1.0
98,1.0,1.0,1.416,1.0,1.0,7,156.0451546747979,274.6315119919568,pobre,basal,5,375.0,686.5,1.0,28.0,7,458,14638,1,1.0
97,1.0,1.0,1.416,0.0,7.0,7,156.0451546747979,274.6315119919568,pobre,basal,5,375.0,686.5,1.0,28.0,15,458,14639,7,0.0
98,1.0,1.0,1.416,,,7,156.0451546747979,274.6315119919568,pobre,basal,5,375.0,686.5,1.0,28.0,16,458,14639,7,0.0
97,0.0,1.0,1.416,1.0,3.0,3,156.0451546747979,274.6315119919568,pobre,basal,0,360.0,691.5,0.0,56.0,10,458,14640,3,1.0
98,0.0,1.0,1.416,1.0,3.0,3,156.0451546747979,274.6315119919568,pobre,basal,0,360.0,691.5,0.0,56.0,11,458,14640,3,1.0
97,0.0,1.0,3.4660001,0.0,6.0,9,162.1234744133291,289.0157007361695,pobre,0,3,500.0,423.0,1.0,41.0,12,408,14641,6,0.0
98,0.0,1.0,3.4660001,0.0,6.0,9,162.1234744133291,289.0157007361695,pobre,0,3,500.0,423.0,1.0,41.0,13,408,14641,6,0.0
97,0.0,1.0,3.4660001,0.0,6.0,9,162.1234744133291,289.0157007361695,pobre,0,3,500.0,423.0,1.0,41.0,11,408,14642,6,0.0
98,0.0,1.0,3.4660001,0.0,6.0,9,162.1234744133291,289.0157007361695,pobre,0,3,500.0,423.0,1.0,41.0,12,408,14642,6,0.0
97,1.0,1.0,3.4660001,1.0,2.0,9,162.1234744133291,289.0157007361695,pobre,0,3,500.0,423.0,1.0,41.0,10,408,14643,2,1.0
98,1.0,1.0,3.4660001,1.0,3.0,9,162.1234744133291,289.0157007361695,pobre,0,3,500.0,423.0,1.0,41.0,11,408,14643,2,1.0
97,1.0,1.0,3.4660001,1.0,0.0,9,162.1234744133291,289.0157007361695,pobre,0,3,500.0,423.0,1.0,41.0,6,408,14644,0,1.0
98,1.0,1.0,3.4660001,1.0,1.0,9,162.1234744133291,289.0157007361695,pobre,0,3,500.0,423.0,1.0,41.0,7,408,14644,0,1.0
97,1.0,1.0,1.416,1.0,6.0,8,156.0451546747979,274.6315119919568,pobre,basal,2,625.0,613.0,1.0,41.0,14,458,14645,6,1.0
98,1.0,1.0,1.416,1.0,7.0,8,156.0451546747979,274.6315119919568,pobre,basal,2,625.0,613.0,1.0,41.0,15,458,14645,6,1.0
97,1.0,1.0,1.416,1.0,4.0,8,156.0451546747979,274.6315119919568,pobre,basal,2,625.0,613.0,1.0,41.0,13,458,14646,4,1.0
98,1.0,1.0,1.416,1.0,6.0,8,156.0451546747979,274.6315119919568,pobre,basal,2,625.0,613.0,1.0,41.0,14,458,14646,4,1.0
97,1.0,1.0,1.416,1.0,3.0,8,156.0451546747979,274.6315119919568,pobre,basal,2,625.0,613.0,1.0,41.0,12,458,14647,3,1.0
98,1.0,1.0,1.416,1.0,4.0,8,156.0451546747979,274.6315119919568,pobre,basal,2,625.0,613.0,1.0,41.0,13,458,14647,3,1.0
97,1.0,1.0,1.416,1.0,1.0,8,156.0451546747979,274.6315119919568,pobre,basal,2,625.0,613.0,1.0,41.0,7,458,14648,1,1.0
98,1.0,1.0,1.416,1.0,2.0,8,156.0451546747979,274.6315119919568,pobre,basal,2,625.0,613.0,1.0,41.0,8,458,14648,1,1.0
97,1.0,1.0,1.416,1.0,1.0,4,156.0451546747979,274.6315119919568,pobre,basal,3,66.666664,725.0,1.0,25.0,6,458,14649,1,1.0
98,1.0,1.0,1.416,1.0,2.0,4,156.0451546747979,274.6315119919568,pobre,basal,3,66.666664,725.0,1.0,25.0,7,458,14649,1,1.0
97,0.0,1.0,1.416,1.0,1.0,7,156.0451546747979,274.6315119919568,pobre,basal,6,375.0,628.0,1.0,35.0,7,458,14650,1,1.0
98,0.0,1.0,1.416,1.0,1.0,7,156.0451546747979,274.6315119919568,pobre,basal,6,375.0,628.0,1.0,35.0,8,458,14650,1,1.0
97,0.0,1.0,1.416,1.0,2.0,7,156.0451546747979,274.6315119919568,pobre,basal,6,375.0,628.0,1.0,35.0,10,458,14651,2,1.0
98,0.0,1.0,1.416,1.0,3.0,7,156.0451546747979,274.6315119919568,pobre,basal,6,375.0,628.0,1.0,35.0,11,458,14651,2,1.0
97,1.0,1.0,1.416,1.0,6.0,5,156.0451546747979,274.6315119919568,pobre,basal,3,500.0,728.0,1.0,44.0,14,458,14652,6,1.0
98,1.0,1.0,1.416,1.0,6.0,5,156.0451546747979,274.6315119919568,pobre,basal,3,500.0,728.0,1.0,44.0,15,458,14652,6,1.0
97,0.0,1.0,1.416,1.0,3.0,5,156.0451546747979,274.6315119919568,pobre,basal,3,500.0,728.0,1.0,44.0,10,458,14653,3,1.0
98,0.0,1.0,1.416,1.0,4.0,5,156.0451546747979,274.6315119919568,pobre,basal,3,500.0,728.0,1.0,44.0,11,458,14653,3,1.0
97,1.0,1.0,1.416,1.0,0.0,4,156.0451546747979,274.6315119919568,pobre,basal,6,500.0,659.0,1.0,27.0,6,458,14654,0,1.0
98,1.0,1.0,1.416,1.0,1.0,4,156.0451546747979,274.6315119919568,pobre,basal,6,500.0,659.0,1.0,27.0,7,458,14654,0,1.0
97,0.0,1.0,1.416,1.0,0.0,9,156.0451546747979,274.6315119919568,pobre,basal,0,375.0,732.0,1.0,50.0,6,458,14655,0,1.0
98,0.0,1.0,1.416,1.0,1.0,9,156.0451546747979,274.6315119919568,pobre,basal,0,375.0,732.0,1.0,50.0,7,458,14655,0,1.0
97,1.0,1.0,1.416,1.0,6.0,9,156.0451546747979,274.6315119919568,pobre,basal,6,500.0,500.0,1.0,27.0,13,458,14656,6,1.0
98,1.0,1.0,1.416,1.0,7.0,9,156.0451546747979,274.6315119919568,pobre,basal,6,500.0,500.0,1.0,27.0,14,458,14656,6,1.0
97,0.0,1.0,1.416,1.0,2.0,9,156.0451546747979,274.6315119919568,pobre,basal,6,500.0,500.0,1.0,27.0,10,458,14657,2,1.0
98,0.0,1.0,1.416,1.0,3.0,9,156.0451546747979,274.6315119919568,pobre,basal,6,500.0,500.0,1.0,27.0,11,458,14657,2,1.0
97,0.0,1.0,1.416,1.0,2.0,9,156.0451546747979,274.6315119919568,pobre,basal,6,500.0,500.0,1.0,27.0,7,458,14658,2,1.0
98,0.0,1.0,1.416,1.0,1.0,9,156.0451546747979,274.6315119919568,pobre,basal,6,500.0,500.0,1.0,27.0,8,458,14658,2,1.0
97,0.0,1.0,3.4660001,1.0,3.0,9,162.1234744133291,289.0157007361695,pobre,0,2,400.0,665.0,1.0,46.0,12,408,14659,3,1.0
98,0.0,1.0,3.4660001,1.0,4.0,9,162.1234744133291,289.0157007361695,pobre,0,2,400.0,665.0,1.0,46.0,13,408,14659,3,1.0
97,0.0,1.0,3.4660001,1.0,2.0,9,162.1234744133291,289.0157007361695,pobre,0,2,400.0,665.0,1.0,46.0,9,408,14660,2,1.0
98,0.0,1.0,3.4660001,1.0,3.0,9,162.1234744133291,289.0157007361695,pobre,0,2,400.0,665.0,1.0,46.0,10,408,14660,2,1.0
97,0.0,1.0,1.416,0.0,5.0,10,156.0451546747979,274.6315119919568,pobre,basal,2,625.0,689.0,1.0,43.0,14,458,14661,5,0.0
98,0.0,1.0,1.416,0.0,5.0,10,156.0451546747979,274.6315119919568,pobre,basal,2,625.0,689.0,1.0,43.0,15,458,14661,5,0.0
97,1.0,1.0,1.416,1.0,4.0,10,156.0451546747979,274.6315119919568,pobre,basal,2,625.0,689.0,1.0,43.0,11,458,14662,4,1.0
98,1.0,1.0,1.416,1.0,5.0,10,156.0451546747979,274.6315119919568,pobre,basal,2,625.0,689.0,1.0,43.0,12,458,14662,4,1.0
97,0.0,1.0,1.416,1.0,2.0,10,156.0451546747979,274.6315119919568,pobre,basal,2,625.0,689.0,1.0,43.0,9,458,14663,2,1.0
98,0.0,1.0,1.416,1.0,3.0,10,156.0451546747979,274.6315119919568,pobre,basal,2,625.0,689.0,1.0,43.0,10,458,14663,2,1.0
97,0.0,1.0,1.416,0.0,1.0,10,156.0451546747979,274.6315119919568,pobre,basal,2,625.0,689.0,1.0,43.0,6,458,14664,1,0.0
98,0.0,1.0,1.416,1.0,1.0,10,156.0451546747979,274.6315119919568,pobre,basal,2,625.0,689.0,1.0,43.0,7,458,14664,1,0.0
97,1.0,1.0,1.416,0.0,6.0,8,156.0451546747979,274.6315119919568,pobre,basal,8,625.0,628.0,1.0,35.0,15,458,14665,6,0.0
98,1.0,1.0,1.416,1.0,6.0,8,156.0451546747979,274.6315119919568,pobre,basal,8,625.0,628.0,1.0,35.0,16,458,14665,6,0.0
97,1.0,1.0,1.416,0.0,6.0,8,156.0451546747979,274.6315119919568,pobre,basal,8,625.0,628.0,1.0,35.0,13,458,14666,6,0.0
98,1.0,1.0,1.416,1.0,6.0,8,156.0451546747979,274.6315119919568,pobre,basal,8,625.0,628.0,1.0,35.0,14,458,14666,6,0.0
97,1.0,1.0,1.416,1.0,4.0,8,156.0451546747979,274.6315119919568,pobre,basal,8,625.0,628.0,1.0,35.0,10,458,14667,4,1.0
98,1.0,1.0,1.416,1.0,5.0,8,156.0451546747979,274.6315119919568,pobre,basal,8,625.0,628.0,1.0,35.0,11,458,14667,4,1.0
97,0.0,1.0,1.416,1.0,1.0,8,156.0451546747979,274.6315119919568,pobre,basal,8,625.0,628.0,1.0,35.0,7,458,14668,1,1.0
98,0.0,1.0,1.416,1.0,2.0,8,156.0451546747979,274.6315119919568,pobre,basal,8,625.0,628.0,1.0,35.0,8,458,14668,1,1.0
97,0.0,1.0,1.416,1.0,3.0,5,156.0451546747979,274.6315119919568,pobre,basal,4,375.0,619.0,1.0,25.0,9,458,14669,3,1.0
98,0.0,1.0,1.416,1.0,4.0,5,156.0451546747979,274.6315119919568,pobre,basal,4,375.0,619.0,1.0,25.0,10,458,14669,3,1.0
97,1.0,1.0,1.416,,0.0,5,156.0451546747979,274.6315119919568,pobre,basal,4,375.0,619.0,1.0,25.0,7,458,14670,0,
98,1.0,1.0,1.416,1.0,2.0,5,156.0451546747979,274.6315119919568,pobre,basal,4,375.0,619.0,1.0,25.0,8,458,14670,0,
97,1.0,1.0,1.416,1.0,5.0,4,156.0451546747979,274.6315119919568,pobre,basal,2,375.0,710.0,1.0,46.0,15,458,14671,5,1.0
98,1.0,1.0,1.416,1.0,5.0,4,156.0451546747979,274.6315119919568,pobre,basal,2,375.0,710.0,1.0,46.0,16,458,14671,5,1.0
97,1.0,1.0,1.416,1.0,1.0,4,156.0451546747979,274.6315119919568,pobre,basal,2,375.0,710.0,1.0,46.0,11,458,14672,1,1.0
98,1.0,1.0,1.416,1.0,2.0,4,156.0451546747979,274.6315119919568,pobre,basal,2,375.0,710.0,1.0,46.0,12,458,14672,1,1.0
97,1.0,1.0,1.248,1.0,8.0,9,110.6255893696272,328.3063778774915,pobre,basal,6,450.0,591.5,1.0,52.0,16,482,14673,8,1.0
98,1.0,1.0,1.248,,,9,110.6255893696272,328.3063778774915,pobre,basal,6,450.0,591.5,1.0,52.0,17,482,14673,8,1.0
97,1.0,1.0,1.248,1.0,6.0,9,110.6255893696272,328.3063778774915,pobre,basal,6,450.0,591.5,1.0,52.0,12,482,14674,6,1.0
98,1.0,1.0,1.248,1.0,7.0,9,110.6255893696272,328.3063778774915,pobre,basal,6,450.0,591.5,1.0,52.0,13,482,14674,6,1.0
97,0.0,1.0,1.248,1.0,5.0,9,110.6255893696272,328.3063778774915,pobre,basal,6,450.0,591.5,1.0,52.0,10,482,14675,5,1.0
98,0.0,1.0,1.248,1.0,5.0,9,110.6255893696272,328.3063778774915,pobre,basal,6,450.0,591.5,1.0,52.0,11,482,14675,5,1.0
97,0.0,1.0,1.248,1.0,3.0,9,110.6255893696272,328.3063778774915,pobre,basal,6,450.0,591.5,1.0,52.0,7,482,14676,3,1.0
98,0.0,1.0,1.248,1.0,4.0,9,110.6255893696272,328.3063778774915,pobre,basal,6,450.0,591.5,1.0,52.0,8,482,14676,3,1.0
97,1.0,1.0,1.248,1.0,6.0,5,110.6255893696272,328.3063778774915,pobre,basal,6,360.0,596.0,0.0,42.0,16,482,14677,6,1.0
98,1.0,1.0,1.248,,,5,110.6255893696272,328.3063778774915,pobre,basal,6,360.0,596.0,0.0,42.0,17,482,14677,6,1.0
97,1.0,1.0,1.248,1.0,4.0,5,110.6255893696272,328.3063778774915,pobre,basal,6,360.0,596.0,0.0,42.0,12,482,14678,4,1.0
98,1.0,1.0,1.248,1.0,5.0,5,110.6255893696272,328.3063778774915,pobre,basal,6,360.0,596.0,0.0,42.0,13,482,14678,4,1.0
97,1.0,1.0,1.248,1.0,2.0,5,110.6255893696272,328.3063778774915,pobre,basal,6,360.0,596.0,0.0,42.0,8,482,14679,2,1.0
98,1.0,1.0,1.248,1.0,3.0,5,110.6255893696272,328.3063778774915,pobre,basal,6,360.0,596.0,0.0,42.0,9,482,14679,2,1.0
97,0.0,1.0,1.248,0.0,6.0,7,110.6255893696272,328.3063778774915,pobre,basal,2,425.0,639.5,1.0,66.0,16,482,14680,6,0.0
98,0.0,1.0,1.248,,,7,110.6255893696272,328.3063778774915,pobre,basal,2,425.0,639.5,1.0,66.0,17,482,14680,6,0.0
97,0.0,1.0,1.248,0.0,6.0,7,110.6255893696272,328.3063778774915,pobre,basal,2,425.0,639.5,1.0,66.0,12,482,14681,6,0.0
98,0.0,1.0,1.248,0.0,6.0,7,110.6255893696272,328.3063778774915,pobre,basal,2,425.0,639.5,1.0,66.0,13,482,14681,6,0.0
97,1.0,1.0,1.248,1.0,2.0,7,110.6255893696272,328.3063778774915,pobre,basal,2,425.0,639.5,1.0,66.0,8,482,14682,2,1.0
98,1.0,1.0,1.248,1.0,3.0,7,110.6255893696272,328.3063778774915,pobre,basal,2,425.0,639.5,1.0,66.0,9,482,14682,2,1.0
97,0.0,1.0,1.248,1.0,2.0,4,110.6255893696272,328.3063778774915,no pobre,basal,7,280.0,812.0,1.0,28.0,9,482,14683,2,1.0
98,0.0,1.0,1.248,1.0,3.0,4,110.6255893696272,328.3063778774915,no pobre,basal,7,280.0,812.0,1.0,28.0,10,482,14683,2,1.0
97,0.0,1.0,1.248,1.0,8.0,9,110.6255893696272,328.3063778774915,pobre,basal,2,425.0,437.0,1.0,46.0,13,482,14684,8,1.0
98,0.0,1.0,1.248,1.0,8.0,9,110.6255893696272,328.3063778774915,pobre,basal,2,425.0,437.0,1.0,46.0,14,482,14684,8,1.0
97,0.0,1.0,1.248,1.0,7.0,9,110.6255893696272,328.3063778774915,pobre,basal,2,425.0,437.0,1.0,46.0,12,482,14685,7,1.0
98,0.0,1.0,1.248,1.0,7.0,9,110.6255893696272,328.3063778774915,pobre,basal,2,425.0,437.0,1.0,46.0,13,482,14685,7,1.0
97,0.0,1.0,1.248,1.0,4.0,9,110.6255893696272,328.3063778774915,pobre,basal,2,425.0,437.0,1.0,46.0,10,482,14686,4,1.0
98,0.0,1.0,1.248,1.0,5.0,9,110.6255893696272,328.3063778774915,pobre,basal,2,425.0,437.0,1.0,46.0,11,482,14686,4,1.0
97,1.0,1.0,1.248,1.0,1.0,9,110.6255893696272,328.3063778774915,pobre,basal,2,425.0,437.0,1.0,46.0,6,482,14687,1,1.0
98,1.0,1.0,1.248,1.0,2.0,9,110.6255893696272,328.3063778774915,pobre,basal,2,425.0,437.0,1.0,46.0,7,482,14687,1,1.0
97,0.0,1.0,1.248,0.0,9.0,6,110.6255893696272,328.3063778774915,pobre,basal,6,400.0,641.0,1.0,37.0,16,482,14688,9,0.0
98,0.0,1.0,1.248,,,6,110.6255893696272,328.3063778774915,pobre,basal,6,400.0,641.0,1.0,37.0,17,482,14688,9,0.0
97,1.0,1.0,1.248,0.0,8.0,4,110.6255893696272,328.3063778774915,pobre,basal,2,375.0,604.0,1.0,42.0,14,482,14689,8,0.0
98,1.0,1.0,1.248,0.0,9.0,4,110.6255893696272,328.3063778774915,pobre,basal,2,375.0,604.0,1.0,42.0,15,482,14689,8,0.0
97,0.0,1.0,1.248,0.0,6.0,4,110.6255893696272,328.3063778774915,pobre,basal,2,375.0,604.0,1.0,42.0,11,482,14690,6,0.0
98,0.0,1.0,1.248,1.0,7.0,4,110.6255893696272,328.3063778774915,pobre,basal,2,375.0,604.0,1.0,42.0,12,482,14690,6,0.0
97,1.0,0.0,0.0,1.0,0.0,4,72.80421840935115,72.80421840935115,pobre,0,6,1120.0,744.0,1.0,33.0,6,283,14691,0,1.0
98,1.0,0.0,0.0,1.0,1.0,4,72.80421840935115,72.80421840935115,pobre,0,6,1120.0,744.0,1.0,33.0,7,283,14691,0,1.0
97,0.0,1.0,0.0,1.0,5.0,7,109.4099709556375,328.5566298014576,pobre,basal,3,200.0,637.5,1.0,77.0,11,481,14692,5,1.0
98,0.0,1.0,0.0,1.0,6.0,7,109.4099709556375,328.5566298014576,pobre,basal,3,200.0,637.5,1.0,77.0,12,481,14692,5,1.0
97,1.0,1.0,0.0,1.0,6.0,5,109.4099709556375,328.5566298014576,pobre,basal,0,120.0,570.0,0.0,51.0,15,481,14693,6,1.0
98,1.0,1.0,0.0,1.0,7.0,5,109.4099709556375,328.5566298014576,pobre,basal,0,120.0,570.0,0.0,51.0,16,481,14693,6,1.0
97,1.0,1.0,0.0,1.0,4.0,5,109.4099709556375,328.5566298014576,pobre,basal,0,120.0,570.0,0.0,51.0,13,481,14694,4,1.0
98,1.0,1.0,0.0,1.0,5.0,5,109.4099709556375,328.5566298014576,pobre,basal,0,120.0,570.0,0.0,51.0,14,481,14694,4,1.0
97,0.0,1.0,0.0,1.0,5.0,5,109.4099709556375,328.5566298014576,pobre,basal,0,120.0,570.0,0.0,51.0,10,481,14695,5,1.0
98,0.0,1.0,0.0,1.0,6.0,5,109.4099709556375,328.5566298014576,pobre,basal,0,120.0,570.0,0.0,51.0,11,481,14695,5,1.0
97,0.0,1.0,0.0,1.0,2.0,4,109.4099709556375,328.5566298014576,pobre,basal,6,375.0,619.0,1.0,51.0,9,481,14696,2,1.0
98,0.0,1.0,0.0,1.0,3.0,4,109.4099709556375,328.5566298014576,pobre,basal,6,375.0,619.0,1.0,51.0,10,481,14696,2,1.0
97,1.0,1.0,0.0,1.0,0.0,4,109.4099709556375,328.5566298014576,pobre,basal,6,375.0,619.0,1.0,51.0,7,481,14697,0,1.0
98,1.0,1.0,0.0,1.0,1.0,4,109.4099709556375,328.5566298014576,pobre,basal,6,375.0,619.0,1.0,51.0,8,481,14697,0,1.0
97,0.0,1.0,0.0,1.0,1.0,4,109.4099709556375,328.5566298014576,pobre,basal,6,500.0,587.0,1.0,31.0,7,481,14698,1,1.0
98,0.0,1.0,0.0,1.0,2.0,4,109.4099709556375,328.5566298014576,pobre,basal,6,500.0,587.0,1.0,31.0,8,481,14698,1,1.0
97,0.0,1.0,0.0,1.0,7.0,5,109.4099709556375,328.5566298014576,pobre,basal,5,800.0,691.5,1.0,46.0,14,481,14699,7,1.0
98,0.0,1.0,0.0,1.0,8.0,5,109.4099709556375,328.5566298014576,pobre,basal,5,800.0,691.5,1.0,46.0,15,481,14699,7,1.0
97,0.0,1.0,0.0,1.0,4.0,5,109.4099709556375,328.5566298014576,pobre,basal,5,800.0,691.5,1.0,46.0,10,481,14700,4,1.0
98,0.0,1.0,0.0,1.0,5.0,5,109.4099709556375,328.5566298014576,pobre,basal,5,800.0,691.5,1.0,46.0,11,481,14700,4,1.0
97,0.0,1.0,0.0,0.0,6.0,3,109.4099709556375,328.5566298014576,no pobre,basal,3,360.0,851.5,0.0,53.0,16,481,14701,6,0.0
98,0.0,1.0,0.0,,,3,109.4099709556375,328.5566298014576,no pobre,basal,3,360.0,851.5,0.0,53.0,17,481,14701,6,0.0
97,1.0,1.0,0.0,1.0,1.0,4,109.4099709556375,328.5566298014576,pobre,basal,5,625.0,591.0,1.0,30.0,6,481,14702,1,1.0
98,1.0,1.0,0.0,1.0,2.0,4,109.4099709556375,328.5566298014576,pobre,basal,5,625.0,591.0,1.0,30.0,7,481,14702,1,1.0
97,0.0,1.0,0.0,1.0,4.0,7,109.4099709556375,328.5566298014576,pobre,basal,6,625.0,651.0,1.0,43.0,11,481,14703,4,1.0
98,0.0,1.0,0.0,1.0,5.0,7,109.4099709556375,328.5566298014576,pobre,basal,6,625.0,651.0,1.0,43.0,12,481,14703,4,1.0
97,0.0,1.0,0.0,1.0,2.0,7,109.4099709556375,328.5566298014576,pobre,basal,6,625.0,651.0,1.0,43.0,9,481,14704,2,1.0
98,0.0,1.0,0.0,1.0,3.0,7,109.4099709556375,328.5566298014576,pobre,basal,6,625.0,651.0,1.0,43.0,10,481,14704,2,1.0
97,1.0,1.0,0.0,1.0,1.0,7,109.4099709556375,328.5566298014576,pobre,basal,6,625.0,651.0,1.0,43.0,7,481,14705,1,1.0
98,1.0,1.0,0.0,,,7,109.4099709556375,328.5566298014576,pobre,basal,6,625.0,651.0,1.0,43.0,8,481,14705,1,1.0
97,1.0,1.0,0.0,1.0,11.0,6,109.4099709556375,328.5566298014576,no pobre,basal,12,5200.0,921.0,1.0,36.0,16,481,14706,11,1.0
98,1.0,1.0,0.0,,,6,109.4099709556375,328.5566298014576,no pobre,basal,12,5200.0,921.0,1.0,36.0,17,481,14706,11,1.0
97,1.0,1.0,0.0,1.0,4.0,6,109.4099709556375,328.5566298014576,no pobre,basal,12,5200.0,921.0,1.0,36.0,9,481,14707,4,1.0
98,1.0,1.0,0.0,1.0,4.0,6,109.4099709556375,328.5566298014576,no pobre,basal,12,5200.0,921.0,1.0,36.0,10,481,14707,4,1.0
97,0.0,1.0,0.0,1.0,1.0,6,109.4099709556375,328.5566298014576,no pobre,basal,12,5200.0,921.0,1.0,36.0,7,481,14708,1,1.0
98,0.0,1.0,0.0,1.0,2.0,6,109.4099709556375,328.5566298014576,no pobre,basal,12,5200.0,921.0,1.0,36.0,8,481,14708,1,1.0
97,1.0,1.0,0.0,1.0,4.0,8,109.4099709556375,328.5566298014576,pobre,basal,3,500.0,599.0,1.0,46.0,15,481,14709,4,1.0
98,1.0,1.0,0.0,1.0,5.0,8,109.4099709556375,328.5566298014576,pobre,basal,3,500.0,599.0,1.0,46.0,16,481,14709,4,1.0
97,1.0,1.0,0.0,1.0,4.0,8,109.4099709556375,328.5566298014576,pobre,basal,3,500.0,599.0,1.0,46.0,11,481,14710,4,1.0
98,1.0,1.0,0.0,1.0,5.0,8,109.4099709556375,328.5566298014576,pobre,basal,3,500.0,599.0,1.0,46.0,12,481,14710,4,1.0
97,1.0,1.0,0.0,1.0,1.0,8,109.4099709556375,328.5566298014576,pobre,basal,3,500.0,599.0,1.0,46.0,9,481,14711,1,1.0
98,1.0,1.0,0.0,1.0,2.0,8,109.4099709556375,328.5566298014576,pobre,basal,3,500.0,599.0,1.0,46.0,10,481,14711,1,1.0
97,1.0,1.0,0.0,1.0,0.0,8,109.4099709556375,328.5566298014576,pobre,basal,3,500.0,599.0,1.0,46.0,7,481,14712,0,1.0
98,1.0,1.0,0.0,1.0,1.0,8,109.4099709556375,328.5566298014576,pobre,basal,3,500.0,599.0,1.0,46.0,8,481,14712,0,1.0
97,0.0,0.0,0.0,0.0,6.0,7,72.80421840935115,72.80421840935115,pobre,0,2,750.0,623.0,1.0,41.0,16,283,14713,6,0.0
98,0.0,0.0,0.0,,,7,72.80421840935115,72.80421840935115,pobre,0,2,750.0,623.0,1.0,41.0,17,283,14713,6,0.0
97,0.0,0.0,0.0,,4.0,7,72.80421840935115,72.80421840935115,pobre,0,2,750.0,623.0,1.0,41.0,14,283,14714,4,
98,0.0,0.0,0.0,0.0,5.0,7,72.80421840935115,72.80421840935115,pobre,0,2,750.0,623.0,1.0,41.0,15,283,14714,4,
97,0.0,0.0,0.0,1.0,5.0,7,72.80421840935115,72.80421840935115,pobre,0,2,750.0,623.0,1.0,41.0,11,283,14715,5,1.0
98,0.0,0.0,0.0,0.0,6.0,7,72.80421840935115,72.80421840935115,pobre,0,2,750.0,623.0,1.0,41.0,12,283,14715,5,1.0
97,1.0,0.0,0.0,1.0,1.0,7,72.80421840935115,72.80421840935115,pobre,0,2,750.0,623.0,1.0,41.0,7,283,14716,1,1.0
98,1.0,0.0,0.0,1.0,1.0,7,72.80421840935115,72.80421840935115,pobre,0,2,750.0,623.0,1.0,41.0,8,283,14716,1,1.0
97,0.0,1.0,0.0,1.0,2.0,6,109.4099709556375,328.5566298014576,pobre,basal,1,625.0,657.0,1.0,51.0,9,481,14717,2,1.0
98,0.0,1.0,0.0,1.0,3.0,6,109.4099709556375,328.5566298014576,pobre,basal,1,625.0,657.0,1.0,51.0,10,481,14717,2,1.0
97,0.0,1.0,0.0,1.0,0.0,6,109.4099709556375,328.5566298014576,pobre,basal,1,625.0,657.0,1.0,51.0,6,481,14718,0,1.0
98,0.0,1.0,0.0,1.0,0.0,6,109.4099709556375,328.5566298014576,pobre,basal,1,625.0,657.0,1.0,51.0,7,481,14718,0,1.0
97,1.0,1.0,0.0,0.0,9.0,4,109.4099709556375,328.5566298014576,pobre,basal,2,140.0,730.0,0.0,52.0,16,481,14719,9,0.0
98,1.0,1.0,0.0,,,4,109.4099709556375,328.5566298014576,pobre,basal,2,140.0,730.0,0.0,52.0,17,481,14719,9,0.0
97,1.0,1.0,0.0,1.0,6.0,4,109.4099709556375,328.5566298014576,pobre,basal,2,140.0,730.0,0.0,52.0,13,481,14720,6,1.0
98,1.0,1.0,0.0,1.0,7.0,4,109.4099709556375,328.5566298014576,pobre,basal,2,140.0,730.0,0.0,52.0,14,481,14720,6,1.0
97,0.0,1.0,0.0,1.0,2.0,7,109.4099709556375,328.5566298014576,pobre,basal,9,375.0,623.0,1.0,35.0,9,481,14721,2,1.0
98,0.0,1.0,0.0,1.0,3.0,7,109.4099709556375,328.5566298014576,pobre,basal,9,375.0,623.0,1.0,35.0,10,481,14721,2,1.0
97,0.0,1.0,0.0,1.0,0.0,7,109.4099709556375,328.5566298014576,pobre,basal,9,375.0,623.0,1.0,35.0,7,481,14722,0,1.0
98,0.0,1.0,0.0,1.0,3.0,7,109.4099709556375,328.5566298014576,pobre,basal,9,375.0,623.0,1.0,35.0,8,481,14722,0,1.0
97,1.0,1.0,0.0,1.0,3.0,7,109.4099709556375,328.5566298014576,pobre,basal,5,160.0,592.5,1.0,33.0,11,481,14723,3,1.0
98,1.0,1.0,0.0,1.0,4.0,7,109.4099709556375,328.5566298014576,pobre,basal,5,160.0,592.5,1.0,33.0,12,481,14723,3,1.0
97,1.0,1.0,0.0,1.0,3.0,7,109.4099709556375,328.5566298014576,pobre,basal,5,160.0,592.5,1.0,33.0,9,481,14724,3,1.0
98,1.0,1.0,0.0,1.0,4.0,7,109.4099709556375,328.5566298014576,pobre,basal,5,160.0,592.5,1.0,33.0,10,481,14724,3,1.0
97,0.0,1.0,0.0,1.0,0.0,7,109.4099709556375,328.5566298014576,pobre,basal,5,160.0,592.5,1.0,33.0,6,481,14725,0,1.0
98,0.0,1.0,0.0,1.0,1.0,7,109.4099709556375,328.5566298014576,pobre,basal,5,160.0,592.5,1.0,33.0,7,481,14725,0,1.0
97,1.0,1.0,0.0,1.0,0.0,6,109.4099709556375,328.5566298014576,pobre,basal,6,500.0,604.0,1.0,29.0,6,481,14726,0,1.0
98,1.0,1.0,0.0,1.0,1.0,6,109.4099709556375,328.5566298014576,pobre,basal,6,500.0,604.0,1.0,29.0,7,481,14726,0,1.0
97,1.0,1.0,0.0,1.0,5.0,6,109.4099709556375,328.5566298014576,no pobre,basal,3,375.0,823.5,1.0,58.0,14,481,14727,5,1.0
98,1.0,1.0,0.0,1.0,6.0,6,109.4099709556375,328.5566298014576,no pobre,basal,3,375.0,823.5,1.0,58.0,15,481,14727,5,1.0
97,0.0,1.0,0.0,0.0,6.0,2,109.4099709556375,328.5566298014576,pobre,basal,6,375.0,643.0,1.0,21.0,15,481,14728,6,0.0
98,0.0,1.0,0.0,0.0,6.0,2,109.4099709556375,328.5566298014576,pobre,basal,6,375.0,643.0,1.0,21.0,16,481,14728,6,0.0
97,0.0,1.0,0.0,1.0,3.0,6,109.4099709556375,328.5566298014576,pobre,basal,6,800.0,665.0,1.0,36.0,10,481,14729,3,1.0
98,0.0,1.0,0.0,1.0,4.0,6,109.4099709556375,328.5566298014576,pobre,basal,6,800.0,665.0,1.0,36.0,11,481,14729,3,1.0
97,1.0,1.0,0.0,1.0,2.0,6,109.4099709556375,328.5566298014576,pobre,basal,6,800.0,665.0,1.0,36.0,8,481,14730,2,1.0
98,1.0,1.0,0.0,1.0,4.0,6,109.4099709556375,328.5566298014576,pobre,basal,6,800.0,665.0,1.0,36.0,9,481,14730,2,1.0
97,0.0,1.0,0.0,1.0,0.0,6,109.4099709556375,328.5566298014576,pobre,basal,6,800.0,665.0,1.0,36.0,6,481,14731,0,1.0
98,0.0,1.0,0.0,1.0,1.0,6,109.4099709556375,328.5566298014576,pobre,basal,6,800.0,665.0,1.0,36.0,7,481,14731,0,1.0
97,1.0,1.0,0.0,1.0,0.0,5,109.4099709556375,328.5566298014576,pobre,basal,6,375.0,539.0,1.0,29.0,6,481,14732,0,1.0
98,1.0,1.0,0.0,1.0,0.0,5,109.4099709556375,328.5566298014576,pobre,basal,6,375.0,539.0,1.0,29.0,7,481,14732,0,1.0
97,0.0,1.0,0.0,1.0,4.0,6,109.4099709556375,328.5566298014576,pobre,basal,3,400.0,689.40002,0.0,59.0,11,481,14733,4,1.0
98,0.0,1.0,0.0,1.0,5.0,6,109.4099709556375,328.5566298014576,pobre,basal,3,400.0,689.40002,0.0,59.0,12,481,14733,4,1.0
97,1.0,1.0,0.0,1.0,2.0,6,109.4099709556375,328.5566298014576,pobre,basal,0,0.0,517.0,0.0,58.0,9,481,14734,2,1.0
98,1.0,1.0,0.0,1.0,3.0,6,109.4099709556375,328.5566298014576,pobre,basal,0,0.0,517.0,0.0,58.0,10,481,14734,2,1.0
97,0.0,1.0,0.0,1.0,6.0,7,109.4099709556375,328.5566298014576,pobre,basal,4,400.0,635.5,1.0,37.0,14,481,14735,6,1.0
98,0.0,1.0,0.0,,,7,109.4099709556375,328.5566298014576,pobre,basal,4,400.0,635.5,1.0,37.0,15,481,14735,6,1.0
97,1.0,1.0,0.0,1.0,4.0,7,109.4099709556375,328.5566298014576,pobre,basal,4,400.0,635.5,1.0,37.0,11,481,14736,4,1.0
98,1.0,1.0,0.0,1.0,5.0,7,109.4099709556375,328.5566298014576,pobre,basal,4,400.0,635.5,1.0,37.0,12,481,14736,4,1.0
97,0.0,1.0,0.0,1.0,3.0,7,109.4099709556375,328.5566298014576,pobre,basal,4,400.0,635.5,1.0,37.0,10,481,14737,3,1.0
98,0.0,1.0,0.0,1.0,4.0,7,109.4099709556375,328.5566298014576,pobre,basal,4,400.0,635.5,1.0,37.0,11,481,14737,3,1.0
97,1.0,1.0,0.0,1.0,5.0,8,109.4099709556375,328.5566298014576,pobre,basal,5,440.0,605.0,1.0,40.0,14,481,14738,5,1.0
98,1.0,1.0,0.0,,,8,109.4099709556375,328.5566298014576,pobre,basal,5,440.0,605.0,1.0,40.0,15,481,14738,5,1.0
97,0.0,1.0,0.0,1.0,4.0,8,109.4099709556375,328.5566298014576,pobre,basal,5,440.0,605.0,1.0,40.0,11,481,14739,4,1.0
98,0.0,1.0,0.0,1.0,5.0,8,109.4099709556375,328.5566298014576,pobre,basal,5,440.0,605.0,1.0,40.0,12,481,14739,4,1.0
97,0.0,1.0,0.0,1.0,1.0,8,109.4099709556375,328.5566298014576,pobre,basal,5,440.0,605.0,1.0,40.0,8,481,14740,1,1.0
98,0.0,1.0,0.0,1.0,2.0,8,109.4099709556375,328.5566298014576,pobre,basal,5,440.0,605.0,1.0,40.0,9,481,14740,1,1.0
97,1.0,1.0,0.0,1.0,7.0,7,109.4099709556375,328.5566298014576,pobre,basal,6,240.0,589.5,1.0,41.0,15,481,14741,7,1.0
98,1.0,1.0,0.0,1.0,8.0,7,109.4099709556375,328.5566298014576,pobre,basal,6,240.0,589.5,1.0,41.0,16,481,14741,7,1.0
97,1.0,1.0,0.0,1.0,5.0,7,109.4099709556375,328.5566298014576,pobre,basal,6,240.0,589.5,1.0,41.0,12,481,14742,5,1.0
98,1.0,1.0,0.0,1.0,6.0,7,109.4099709556375,328.5566298014576,pobre,basal,6,240.0,589.5,1.0,41.0,13,481,14742,5,1.0
97,1.0,1.0,0.0,1.0,2.0,7,109.4099709556375,328.5566298014576,pobre,basal,6,240.0,589.5,1.0,41.0,8,481,14743,2,1.0
98,1.0,1.0,0.0,1.0,3.0,7,109.4099709556375,328.5566298014576,pobre,basal,6,240.0,589.5,1.0,41.0,9,481,14743,2,1.0
97,0.0,1.0,0.0,1.0,0.0,7,109.4099709556375,328.5566298014576,pobre,basal,6,240.0,589.5,1.0,41.0,6,481,14744,0,1.0
98,0.0,1.0,0.0,1.0,1.0,7,109.4099709556375,328.5566298014576,pobre,basal,6,240.0,589.5,1.0,41.0,7,481,14744,0,1.0
97,0.0,1.0,0.0,1.0,5.0,7,109.4099709556375,328.5566298014576,pobre,basal,6,320.0,525.0,1.0,38.0,14,481,14745,5,1.0
98,0.0,1.0,0.0,0.0,6.0,7,109.4099709556375,328.5566298014576,pobre,basal,6,320.0,525.0,1.0,38.0,15,481,14745,5,1.0
97,1.0,1.0,0.0,1.0,1.0,7,109.4099709556375,328.5566298014576,pobre,basal,6,320.0,525.0,1.0,38.0,9,481,14746,1,1.0
98,1.0,1.0,0.0,1.0,2.0,7,109.4099709556375,328.5566298014576,pobre,basal,6,320.0,525.0,1.0,38.0,10,481,14746,1,1.0
97,0.0,1.0,0.0,1.0,0.0,7,109.4099709556375,328.5566298014576,pobre,basal,6,320.0,525.0,1.0,38.0,6,481,14747,0,1.0
98,0.0,1.0,0.0,1.0,0.0,7,109.4099709556375,328.5566298014576,pobre,basal,6,320.0,525.0,1.0,38.0,7,481,14747,0,1.0
97,0.0,1.0,0.0,1.0,2.0,6,109.4099709556375,328.5566298014576,pobre,basal,6,240.0,741.0,1.0,31.0,8,481,14748,2,1.0
98,0.0,1.0,0.0,1.0,3.0,6,109.4099709556375,328.5566298014576,pobre,basal,6,240.0,741.0,1.0,31.0,9,481,14748,2,1.0
97,1.0,1.0,0.0,0.0,6.0,8,109.4099709556375,328.5566298014576,pobre,basal,1,700.0,669.0,1.0,55.0,13,481,14749,6,0.0
98,1.0,1.0,0.0,1.0,6.0,8,109.4099709556375,328.5566298014576,pobre,basal,1,700.0,669.0,1.0,55.0,14,481,14749,6,0.0
97,0.0,1.0,0.0,0.0,6.0,8,109.4099709556375,328.5566298014576,pobre,basal,1,700.0,669.0,1.0,55.0,14,481,14750,6,0.0
98,0.0,1.0,0.0,,,8,109.4099709556375,328.5566298014576,pobre,basal,1,700.0,669.0,1.0,55.0,15,481,14750,6,0.0
97,0.0,1.0,0.0,1.0,0.0,8,109.4099709556375,328.5566298014576,pobre,basal,1,700.0,669.0,1.0,55.0,6,481,14751,0,1.0
98,0.0,1.0,0.0,1.0,1.0,8,109.4099709556375,328.5566298014576,pobre,basal,1,700.0,669.0,1.0,55.0,7,481,14751,0,1.0
97,0.0,1.0,0.0,1.0,8.0,8,109.4099709556375,328.5566298014576,pobre,basal,9,140.0,725.0,1.0,32.0,15,481,14752,8,1.0
98,0.0,1.0,0.0,0.0,9.0,8,109.4099709556375,328.5566298014576,pobre,basal,9,140.0,725.0,1.0,32.0,16,481,14752,8,1.0
97,1.0,1.0,0.0,1.0,4.0,8,109.4099709556375,328.5566298014576,pobre,basal,9,140.0,725.0,1.0,32.0,10,481,14753,4,1.0
98,1.0,1.0,0.0,1.0,4.0,8,109.4099709556375,328.5566298014576,pobre,basal,9,140.0,725.0,1.0,32.0,11,481,14753,4,1.0
97,0.0,1.0,0.0,1.0,1.0,8,109.4099709556375,328.5566298014576,pobre,basal,9,140.0,725.0,1.0,32.0,7,481,14754,1,1.0
98,0.0,1.0,0.0,1.0,2.0,8,109.4099709556375,328.5566298014576,pobre,basal,9,140.0,725.0,1.0,32.0,8,481,14754,1,1.0
97,0.0,1.0,0.0,1.0,0.0,8,109.4099709556375,328.5566298014576,pobre,basal,9,140.0,725.0,1.0,32.0,6,481,14755,0,1.0
98,0.0,1.0,0.0,1.0,0.0,8,109.4099709556375,328.5566298014576,pobre,basal,9,140.0,725.0,1.0,32.0,7,481,14755,0,1.0
97,0.0,1.0,0.0,0.0,4.0,5,109.4099709556375,328.5566298014576,pobre,basal,6,450.0,624.5,1.0,29.0,12,481,14756,4,0.0
98,0.0,1.0,0.0,1.0,3.0,5,109.4099709556375,328.5566298014576,pobre,basal,6,450.0,624.5,1.0,29.0,13,481,14756,4,0.0
97,1.0,1.0,0.0,1.0,6.0,5,109.4099709556375,328.5566298014576,pobre,basal,3,160.0,680.5,1.0,36.0,15,481,14757,6,1.0
98,1.0,1.0,0.0,1.0,7.0,5,109.4099709556375,328.5566298014576,pobre,basal,3,160.0,680.5,1.0,36.0,16,481,14757,6,1.0
97,1.0,1.0,0.0,1.0,2.0,5,109.4099709556375,328.5566298014576,pobre,basal,3,160.0,680.5,1.0,36.0,9,481,14758,2,1.0
98,1.0,1.0,0.0,1.0,3.0,5,109.4099709556375,328.5566298014576,pobre,basal,3,160.0,680.5,1.0,36.0,10,481,14758,2,1.0
97,1.0,1.0,0.0,1.0,8.0,10,109.4099709556375,328.5566298014576,no pobre,basal,6,1600.0,788.0,1.0,46.0,14,481,14759,8,1.0
98,1.0,1.0,0.0,1.0,8.0,10,109.4099709556375,328.5566298014576,no pobre,basal,6,1600.0,788.0,1.0,46.0,15,481,14759,8,1.0
97,1.0,1.0,0.0,1.0,5.0,10,109.4099709556375,328.5566298014576,no pobre,basal,6,1600.0,788.0,1.0,46.0,12,481,14760,5,1.0
98,1.0,1.0,0.0,1.0,6.0,10,109.4099709556375,328.5566298014576,no pobre,basal,6,1600.0,788.0,1.0,46.0,13,481,14760,5,1.0
97,1.0,1.0,0.0,1.0,4.0,10,109.4099709556375,328.5566298014576,no pobre,basal,6,1600.0,788.0,1.0,46.0,11,481,14761,4,1.0
98,1.0,1.0,0.0,1.0,5.0,10,109.4099709556375,328.5566298014576,no pobre,basal,6,1600.0,788.0,1.0,46.0,12,481,14761,4,1.0
97,0.0,1.0,0.0,1.0,2.0,10,109.4099709556375,328.5566298014576,no pobre,basal,6,1600.0,788.0,1.0,46.0,9,481,14762,2,1.0
98,0.0,1.0,0.0,1.0,3.0,10,109.4099709556375,328.5566298014576,no pobre,basal,6,1600.0,788.0,1.0,46.0,10,481,14762,2,1.0
97,0.0,1.0,0.0,0.0,6.0,8,109.4099709556375,328.5566298014576,pobre,basal,1,180.0,601.0,1.0,38.0,15,481,14763,6,0.0
98,0.0,1.0,0.0,0.0,6.0,8,109.4099709556375,328.5566298014576,pobre,basal,1,180.0,601.0,1.0,38.0,16,481,14763,6,0.0
97,1.0,1.0,0.0,1.0,5.0,8,109.4099709556375,328.5566298014576,pobre,basal,1,180.0,601.0,1.0,38.0,13,481,14764,5,1.0
98,1.0,1.0,0.0,1.0,6.0,8,109.4099709556375,328.5566298014576,pobre,basal,1,180.0,601.0,1.0,38.0,14,481,14764,5,1.0
97,1.0,1.0,0.0,1.0,4.0,8,109.4099709556375,328.5566298014576,pobre,basal,1,180.0,601.0,1.0,38.0,11,481,14765,4,1.0
98,1.0,1.0,0.0,1.0,5.0,8,109.4099709556375,328.5566298014576,pobre,basal,1,180.0,601.0,1.0,38.0,12,481,14765,4,1.0
97,1.0,1.0,0.0,1.0,0.0,8,109.4099709556375,328.5566298014576,pobre,basal,1,180.0,601.0,1.0,38.0,6,481,14766,0,1.0
98,1.0,1.0,0.0,1.0,1.0,8,109.4099709556375,328.5566298014576,pobre,basal,1,180.0,601.0,1.0,38.0,7,481,14766,0,1.0
97,1.0,1.0,0.0,0.0,6.0,7,109.4099709556375,328.5566298014576,pobre,basal,4,375.0,687.25,1.0,50.0,16,481,14767,6,0.0
98,1.0,1.0,0.0,,,7,109.4099709556375,328.5566298014576,pobre,basal,4,375.0,687.25,1.0,50.0,17,481,14767,6,0.0
97,0.0,1.0,0.0,0.0,6.0,7,109.4099709556375,328.5566298014576,pobre,basal,4,375.0,687.25,1.0,50.0,13,481,14768,6,0.0
98,0.0,1.0,0.0,0.0,6.0,7,109.4099709556375,328.5566298014576,pobre,basal,4,375.0,687.25,1.0,50.0,14,481,14768,6,0.0
97,1.0,1.0,0.0,1.0,4.0,7,109.4099709556375,328.5566298014576,pobre,basal,4,375.0,687.25,1.0,50.0,10,481,14769,4,1.0
98,1.0,1.0,0.0,1.0,5.0,7,109.4099709556375,328.5566298014576,pobre,basal,4,375.0,687.25,1.0,50.0,11,481,14769,4,1.0
97,0.0,1.0,0.0,1.0,1.0,7,109.4099709556375,328.5566298014576,pobre,basal,4,375.0,687.25,1.0,50.0,7,481,14770,1,1.0
98,0.0,1.0,0.0,1.0,2.0,7,109.4099709556375,328.5566298014576,pobre,basal,4,375.0,687.25,1.0,50.0,8,481,14770,1,1.0
97,0.0,1.0,1.248,0.0,6.0,2,110.6255893696272,328.3063778774915,pobre,basal,9,450.0,667.0,1.0,21.0,16,482,14771,6,0.0
98,0.0,1.0,1.248,,,2,110.6255893696272,328.3063778774915,pobre,basal,9,450.0,667.0,1.0,21.0,17,482,14771,6,0.0
97,0.0,1.0,1.248,0.0,6.0,11,110.6255893696272,328.3063778774915,pobre,basal,1,240.0,556.25,1.0,44.0,15,482,14772,6,0.0
98,0.0,1.0,1.248,0.0,6.0,11,110.6255893696272,328.3063778774915,pobre,basal,1,240.0,556.25,1.0,44.0,16,482,14772,6,0.0
97,0.0,1.0,1.248,0.0,6.0,11,110.6255893696272,328.3063778774915,pobre,basal,1,240.0,556.25,1.0,44.0,14,482,14773,6,0.0
98,0.0,1.0,1.248,0.0,6.0,11,110.6255893696272,328.3063778774915,pobre,basal,1,240.0,556.25,1.0,44.0,15,482,14773,6,0.0
97,0.0,1.0,1.248,1.0,5.0,11,110.6255893696272,328.3063778774915,pobre,basal,1,240.0,556.25,1.0,44.0,13,482,14774,5,1.0
98,0.0,1.0,1.248,1.0,5.0,11,110.6255893696272,328.3063778774915,pobre,basal,1,240.0,556.25,1.0,44.0,14,482,14774,5,1.0
97,0.0,1.0,1.248,1.0,5.0,11,110.6255893696272,328.3063778774915,pobre,basal,1,240.0,556.25,1.0,44.0,11,482,14775,5,1.0
98,0.0,1.0,1.248,1.0,5.0,11,110.6255893696272,328.3063778774915,pobre,basal,1,240.0,556.25,1.0,44.0,12,482,14775,5,1.0
97,1.0,1.0,1.248,1.0,1.0,11,110.6255893696272,328.3063778774915,pobre,basal,1,240.0,556.25,1.0,44.0,7,482,14776,1,1.0
98,1.0,1.0,1.248,1.0,1.0,11,110.6255893696272,328.3063778774915,pobre,basal,1,240.0,556.25,1.0,44.0,8,482,14776,1,1.0
97,0.0,1.0,1.248,1.0,8.0,4,110.6255893696272,328.3063778774915,pobre,basal,1,600.0,635.0,1.0,57.0,14,482,14777,8,1.0
98,0.0,1.0,1.248,0.0,9.0,4,110.6255893696272,328.3063778774915,pobre,basal,1,600.0,635.0,1.0,57.0,15,482,14777,8,1.0
97,0.0,1.0,1.248,1.0,6.0,3,110.6255893696272,328.3063778774915,pobre,basal,3,560.0,678.0,1.0,53.0,15,482,14778,6,1.0
98,0.0,1.0,1.248,,,3,110.6255893696272,328.3063778774915,pobre,basal,3,560.0,678.0,1.0,53.0,16,482,14778,6,1.0
97,0.0,1.0,1.248,1.0,8.0,6,110.6255893696272,328.3063778774915,pobre,basal,6,320.0,673.0,1.0,53.0,13,482,14779,8,1.0
98,0.0,1.0,1.248,1.0,9.0,6,110.6255893696272,328.3063778774915,pobre,basal,6,320.0,673.0,1.0,53.0,14,482,14779,8,1.0
97,1.0,1.0,1.248,1.0,6.0,6,110.6255893696272,328.3063778774915,pobre,basal,6,320.0,673.0,1.0,53.0,11,482,14780,6,1.0
98,1.0,1.0,1.248,1.0,7.0,6,110.6255893696272,328.3063778774915,pobre,basal,6,320.0,673.0,1.0,53.0,12,482,14780,6,1.0
97,0.0,1.0,1.248,1.0,3.0,6,110.6255893696272,328.3063778774915,pobre,basal,6,320.0,673.0,1.0,53.0,9,482,14781,3,1.0
98,0.0,1.0,1.248,1.0,4.0,6,110.6255893696272,328.3063778774915,pobre,basal,6,320.0,673.0,1.0,53.0,10,482,14781,3,1.0
97,1.0,1.0,1.248,0.0,6.0,4,110.6255893696272,328.3063778774915,pobre,basal,2,500.0,805.0,1.0,52.0,15,482,14782,6,0.0
98,1.0,1.0,1.248,0.0,6.0,4,110.6255893696272,328.3063778774915,pobre,basal,2,500.0,805.0,1.0,52.0,16,482,14782,6,0.0
97,1.0,1.0,1.248,1.0,4.0,4,110.6255893696272,328.3063778774915,pobre,basal,2,500.0,805.0,1.0,52.0,10,482,14783,4,1.0
98,1.0,1.0,1.248,1.0,4.0,4,110.6255893696272,328.3063778774915,pobre,basal,2,500.0,805.0,1.0,52.0,11,482,14783,4,1.0
97,1.0,1.0,1.248,0.0,3.0,6,110.6255893696272,328.3063778774915,pobre,basal,9,160.0,537.40002,1.0,23.0,10,482,14784,3,0.0
98,1.0,1.0,1.248,,,6,110.6255893696272,328.3063778774915,pobre,basal,9,160.0,537.40002,1.0,23.0,11,482,14784,3,0.0
97,1.0,1.0,1.248,0.0,8.0,6,110.6255893696272,328.3063778774915,pobre,basal,9,160.0,537.40002,1.0,23.0,14,482,14785,8,0.0
98,1.0,1.0,1.248,0.0,9.0,6,110.6255893696272,328.3063778774915,pobre,basal,9,160.0,537.40002,1.0,23.0,15,482,14785,8,0.0
97,1.0,1.0,1.248,1.0,7.0,6,110.6255893696272,328.3063778774915,pobre,basal,9,160.0,537.40002,1.0,23.0,12,482,14786,7,1.0
98,1.0,1.0,1.248,1.0,7.0,6,110.6255893696272,328.3063778774915,pobre,basal,9,160.0,537.40002,1.0,23.0,13,482,14786,7,1.0
97,1.0,1.0,1.248,1.0,0.0,6,110.6255893696272,328.3063778774915,pobre,basal,9,160.0,537.40002,1.0,23.0,6,482,14787,0,1.0
98,1.0,1.0,1.248,1.0,1.0,6,110.6255893696272,328.3063778774915,pobre,basal,9,160.0,537.40002,1.0,23.0,7,482,14787,0,1.0
97,0.0,1.0,1.248,0.0,6.0,9,110.6255893696272,328.3063778774915,pobre,basal,6,450.0,623.0,1.0,44.0,12,482,14788,6,0.0
98,0.0,1.0,1.248,0.0,6.0,9,110.6255893696272,328.3063778774915,pobre,basal,6,450.0,623.0,1.0,44.0,13,482,14788,6,0.0
97,1.0,1.0,1.248,1.0,4.0,9,110.6255893696272,328.3063778774915,pobre,basal,6,450.0,623.0,1.0,44.0,10,482,14789,4,1.0
98,1.0,1.0,1.248,,,9,110.6255893696272,328.3063778774915,pobre,basal,6,450.0,623.0,1.0,44.0,11,482,14789,4,1.0
97,1.0,1.0,1.248,1.0,1.0,9,110.6255893696272,328.3063778774915,pobre,basal,6,450.0,623.0,1.0,44.0,8,482,14790,1,1.0
98,1.0,1.0,1.248,1.0,2.0,9,110.6255893696272,328.3063778774915,pobre,basal,6,450.0,623.0,1.0,44.0,9,482,14790,1,1.0
97,0.0,1.0,1.248,,0.0,9,110.6255893696272,328.3063778774915,pobre,basal,6,450.0,623.0,1.0,44.0,6,482,14791,0,
98,0.0,1.0,1.248,1.0,1.0,9,110.6255893696272,328.3063778774915,pobre,basal,6,450.0,623.0,1.0,44.0,7,482,14791,0,
97,0.0,1.0,1.248,0.0,9.0,4,110.6255893696272,328.3063778774915,pobre,basal,1,425.0,698.0,1.0,38.0,16,482,14792,9,0.0
98,0.0,1.0,1.248,,,4,110.6255893696272,328.3063778774915,pobre,basal,1,425.0,698.0,1.0,38.0,17,482,14792,9,0.0
97,1.0,1.0,1.248,1.0,3.0,4,110.6255893696272,328.3063778774915,pobre,basal,1,425.0,698.0,1.0,38.0,9,482,14793,3,1.0
98,1.0,1.0,1.248,1.0,3.0,4,110.6255893696272,328.3063778774915,pobre,basal,1,425.0,698.0,1.0,38.0,10,482,14793,3,1.0
97,1.0,1.0,1.248,1.0,6.0,4,110.6255893696272,328.3063778774915,pobre,basal,4,480.0,698.0,1.0,57.0,11,482,14794,6,1.0
98,1.0,1.0,1.248,1.0,7.0,4,110.6255893696272,328.3063778774915,pobre,basal,4,480.0,698.0,1.0,57.0,12,482,14794,6,1.0
97,1.0,1.0,1.248,1.0,3.0,5,110.6255893696272,328.3063778774915,pobre,basal,6,360.0,602.0,1.0,50.0,8,482,14795,3,1.0
98,1.0,1.0,1.248,1.0,2.0,5,110.6255893696272,328.3063778774915,pobre,basal,6,360.0,602.0,1.0,50.0,9,482,14795,3,1.0
97,0.0,1.0,1.248,0.0,6.0,4,110.6255893696272,328.3063778774915,pobre,basal,3,240.0,724.0,0.0,50.0,10,482,14796,6,0.0
98,0.0,1.0,1.248,1.0,3.0,4,110.6255893696272,328.3063778774915,pobre,basal,3,240.0,724.0,0.0,50.0,11,482,14796,6,0.0
97,0.0,1.0,1.248,0.0,9.0,4,110.6255893696272,328.3063778774915,pobre,basal,3,0.0,683.0,1.0,48.0,16,482,14797,9,0.0
98,0.0,1.0,1.248,0.0,8.0,4,110.6255893696272,328.3063778774915,pobre,basal,3,0.0,683.0,1.0,48.0,17,482,14797,9,0.0
97,1.0,1.0,1.248,1.0,3.0,4,110.6255893696272,328.3063778774915,pobre,basal,3,0.0,683.0,1.0,48.0,9,482,14798,3,1.0
98,1.0,1.0,1.248,1.0,4.0,4,110.6255893696272,328.3063778774915,pobre,basal,3,0.0,683.0,1.0,48.0,10,482,14798,3,1.0
97,1.0,1.0,1.248,0.0,1.0,6,110.6255893696272,328.3063778774915,pobre,basal,6,500.0,680.0,1.0,45.0,13,482,14799,1,0.0
98,1.0,1.0,1.248,1.0,7.0,6,110.6255893696272,328.3063778774915,pobre,basal,6,500.0,680.0,1.0,45.0,14,482,14799,1,0.0
97,0.0,1.0,1.248,1.0,0.0,6,110.6255893696272,328.3063778774915,pobre,basal,6,500.0,680.0,1.0,45.0,6,482,14800,0,1.0
98,0.0,1.0,1.248,1.0,1.0,6,110.6255893696272,328.3063778774915,pobre,basal,6,500.0,680.0,1.0,45.0,7,482,14800,0,1.0
97,1.0,1.0,3.569,1.0,4.0,12,150.5855857150583,274.2908577743233,pobre,basal,0,500.0,718.0,1.0,66.0,14,442,14801,4,1.0
98,1.0,1.0,3.569,1.0,5.0,12,150.5855857150583,274.2908577743233,pobre,basal,0,500.0,718.0,1.0,66.0,15,442,14801,4,1.0
97,1.0,1.0,3.569,1.0,3.0,12,150.5855857150583,274.2908577743233,pobre,basal,0,500.0,718.0,1.0,66.0,11,442,14802,3,1.0
98,1.0,1.0,3.569,1.0,4.0,12,150.5855857150583,274.2908577743233,pobre,basal,0,500.0,718.0,1.0,66.0,12,442,14802,3,1.0
97,1.0,1.0,3.569,1.0,2.0,12,150.5855857150583,274.2908577743233,pobre,basal,0,500.0,718.0,1.0,66.0,8,442,14803,2,1.0
98,1.0,1.0,3.569,1.0,3.0,12,150.5855857150583,274.2908577743233,pobre,basal,0,500.0,718.0,1.0,66.0,9,442,14803,2,1.0
97,1.0,1.0,3.569,1.0,1.0,12,150.5855857150583,274.2908577743233,pobre,basal,0,500.0,718.0,1.0,66.0,7,442,14804,1,1.0
98,1.0,1.0,3.569,1.0,1.0,12,150.5855857150583,274.2908577743233,pobre,basal,0,500.0,718.0,1.0,66.0,8,442,14804,1,1.0
97,1.0,1.0,3.569,1.0,2.0,5,150.5855857150583,274.2908577743233,pobre,basal,0,500.0,552.0,1.0,54.0,10,442,14805,2,1.0
98,1.0,1.0,3.569,1.0,3.0,5,150.5855857150583,274.2908577743233,pobre,basal,0,500.0,552.0,1.0,54.0,11,442,14805,2,1.0
97,0.0,1.0,3.569,1.0,1.0,5,150.5855857150583,274.2908577743233,pobre,basal,0,500.0,552.0,1.0,54.0,8,442,14806,1,1.0
98,0.0,1.0,3.569,1.0,2.0,5,150.5855857150583,274.2908577743233,pobre,basal,0,500.0,552.0,1.0,54.0,9,442,14806,1,1.0
97,1.0,1.0,0.0,1.0,6.0,8,109.4099709556375,328.5566298014576,pobre,basal,6,320.0,618.0,1.0,44.0,15,481,14807,6,1.0
98,1.0,1.0,0.0,,,8,109.4099709556375,328.5566298014576,pobre,basal,6,320.0,618.0,1.0,44.0,16,481,14807,6,1.0
97,1.0,1.0,0.0,1.0,4.0,8,109.4099709556375,328.5566298014576,pobre,basal,6,320.0,618.0,1.0,44.0,11,481,14808,4,1.0
98,1.0,1.0,0.0,1.0,5.0,8,109.4099709556375,328.5566298014576,pobre,basal,6,320.0,618.0,1.0,44.0,12,481,14808,4,1.0
97,0.0,1.0,0.0,1.0,2.0,8,109.4099709556375,328.5566298014576,pobre,basal,6,320.0,618.0,1.0,44.0,8,481,14809,2,1.0
98,0.0,1.0,0.0,1.0,3.0,8,109.4099709556375,328.5566298014576,pobre,basal,6,320.0,618.0,1.0,44.0,9,481,14809,2,1.0
97,1.0,1.0,0.0,1.0,4.0,5,109.4099709556375,328.5566298014576,pobre,basal,4,700.0,569.0,1.0,36.0,11,481,14810,4,1.0
98,1.0,1.0,0.0,1.0,5.0,5,109.4099709556375,328.5566298014576,pobre,basal,4,700.0,569.0,1.0,36.0,12,481,14810,4,1.0
97,1.0,1.0,0.0,1.0,1.0,5,109.4099709556375,328.5566298014576,pobre,basal,4,700.0,569.0,1.0,36.0,8,481,14811,1,1.0
98,1.0,1.0,0.0,1.0,1.0,5,109.4099709556375,328.5566298014576,pobre,basal,4,700.0,569.0,1.0,36.0,9,481,14811,1,1.0
97,0.0,1.0,0.0,1.0,0.0,7,109.4099709556375,328.5566298014576,pobre,basal,4,600.0,725.5,1.0,72.0,7,481,14812,0,1.0
98,0.0,1.0,0.0,1.0,1.0,7,109.4099709556375,328.5566298014576,pobre,basal,4,600.0,725.5,1.0,72.0,8,481,14812,0,1.0
97,0.0,1.0,0.0,1.0,4.0,3,109.4099709556375,328.5566298014576,pobre,basal,4,375.0,646.0,1.0,41.0,11,481,14813,4,1.0
98,0.0,1.0,0.0,,,3,109.4099709556375,328.5566298014576,pobre,basal,4,375.0,646.0,1.0,41.0,12,481,14813,4,1.0
97,0.0,1.0,0.0,0.0,6.0,4,109.4099709556375,328.5566298014576,pobre,basal,0,200.0,720.0,1.0,51.0,15,481,14814,6,0.0
98,0.0,1.0,0.0,0.0,6.0,4,109.4099709556375,328.5566298014576,pobre,basal,0,200.0,720.0,1.0,51.0,16,481,14814,6,0.0
97,1.0,1.0,0.0,1.0,6.0,2,109.4099709556375,328.5566298014576,pobre,basal,7,375.0,661.0,1.0,31.0,13,481,14815,6,1.0
98,1.0,1.0,0.0,,,2,109.4099709556375,328.5566298014576,pobre,basal,7,375.0,661.0,1.0,31.0,14,481,14815,6,1.0
97,1.0,1.0,0.0,1.0,3.0,4,109.4099709556375,328.5566298014576,pobre,basal,0,0.0,688.0,0.0,55.0,9,481,14816,3,1.0
98,1.0,1.0,0.0,1.0,4.0,4,109.4099709556375,328.5566298014576,pobre,basal,0,0.0,688.0,0.0,55.0,10,481,14816,3,1.0
97,0.0,1.0,0.0,0.0,2.0,3,109.4099709556375,328.5566298014576,pobre,basal,4,375.0,588.0,1.0,21.0,16,481,14817,2,0.0
98,0.0,1.0,0.0,,,3,109.4099709556375,328.5566298014576,pobre,basal,4,375.0,588.0,1.0,21.0,17,481,14817,2,0.0
97,1.0,1.0,0.0,1.0,5.0,6,109.4099709556375,328.5566298014576,pobre,basal,5,625.0,601.0,1.0,31.0,14,481,14818,5,1.0
98,1.0,1.0,0.0,,,6,109.4099709556375,328.5566298014576,pobre,basal,5,625.0,601.0,1.0,31.0,15,481,14818,5,1.0
97,1.0,1.0,0.0,1.0,1.0,6,109.4099709556375,328.5566298014576,pobre,basal,5,625.0,601.0,1.0,31.0,7,481,14819,1,1.0
98,1.0,1.0,0.0,1.0,2.0,6,109.4099709556375,328.5566298014576,pobre,basal,5,625.0,601.0,1.0,31.0,8,481,14819,1,1.0
97,0.0,1.0,0.0,1.0,2.0,4,109.4099709556375,328.5566298014576,pobre,basal,0,200.0,595.0,1.0,66.0,9,481,14820,2,1.0
98,0.0,1.0,0.0,1.0,3.0,4,109.4099709556375,328.5566298014576,pobre,basal,0,200.0,595.0,1.0,66.0,10,481,14820,2,1.0
97,1.0,1.0,0.0,0.0,6.0,7,109.4099709556375,328.5566298014576,pobre,basal,4,625.0,682.25,1.0,54.0,16,481,14821,6,0.0
98,1.0,1.0,0.0,,,7,109.4099709556375,328.5566298014576,pobre,basal,4,625.0,682.25,1.0,54.0,17,481,14821,6,0.0
97,1.0,1.0,0.0,1.0,3.0,7,109.4099709556375,328.5566298014576,pobre,basal,4,625.0,682.25,1.0,54.0,12,481,14822,3,1.0
98,1.0,1.0,0.0,1.0,4.0,7,109.4099709556375,328.5566298014576,pobre,basal,4,625.0,682.25,1.0,54.0,13,481,14822,3,1.0
97,0.0,1.0,0.0,1.0,3.0,7,109.4099709556375,328.5566298014576,pobre,basal,4,625.0,682.25,1.0,54.0,10,481,14823,3,1.0
98,0.0,1.0,0.0,1.0,4.0,7,109.4099709556375,328.5566298014576,pobre,basal,4,625.0,682.25,1.0,54.0,11,481,14823,3,1.0
97,1.0,1.0,0.0,1.0,0.0,7,109.4099709556375,328.5566298014576,pobre,basal,4,625.0,682.25,1.0,54.0,6,481,14824,0,1.0
98,1.0,1.0,0.0,1.0,1.0,7,109.4099709556375,328.5566298014576,pobre,basal,4,625.0,682.25,1.0,54.0,7,481,14824,0,1.0
97,1.0,1.0,0.0,1.0,7.0,6,109.4099709556375,328.5566298014576,pobre,basal,3,500.0,690.0,1.0,54.0,16,481,14825,7,1.0
98,1.0,1.0,0.0,,,6,109.4099709556375,328.5566298014576,pobre,basal,3,500.0,690.0,1.0,54.0,17,481,14825,7,1.0
97,1.0,1.0,0.0,1.0,7.0,6,109.4099709556375,328.5566298014576,pobre,basal,3,500.0,690.0,1.0,54.0,14,481,14826,7,1.0
98,1.0,1.0,0.0,1.0,8.0,6,109.4099709556375,328.5566298014576,pobre,basal,3,500.0,690.0,1.0,54.0,15,481,14826,7,1.0
97,0.0,1.0,0.0,1.0,4.0,6,109.4099709556375,328.5566298014576,pobre,basal,3,500.0,690.0,1.0,54.0,10,481,14827,4,1.0
98,0.0,1.0,0.0,,,6,109.4099709556375,328.5566298014576,pobre,basal,3,500.0,690.0,1.0,54.0,11,481,14827,4,1.0
97,0.0,1.0,0.0,1.0,3.0,4,109.4099709556375,328.5566298014576,pobre,basal,3,500.0,661.0,1.0,56.0,10,481,14828,3,1.0
98,0.0,1.0,0.0,1.0,4.0,4,109.4099709556375,328.5566298014576,pobre,basal,3,500.0,661.0,1.0,56.0,11,481,14828,3,1.0
97,0.0,1.0,0.0,0.0,5.0,7,109.4099709556375,328.5566298014576,pobre,basal,9,500.0,636.5,1.0,43.0,16,481,14829,5,0.0
98,0.0,1.0,0.0,,,7,109.4099709556375,328.5566298014576,pobre,basal,9,500.0,636.5,1.0,43.0,17,481,14829,5,0.0
97,0.0,1.0,0.0,1.0,2.0,7,109.4099709556375,328.5566298014576,pobre,basal,9,500.0,636.5,1.0,43.0,7,481,14830,2,1.0
98,0.0,1.0,0.0,1.0,3.0,7,109.4099709556375,328.5566298014576,pobre,basal,9,500.0,636.5,1.0,43.0,8,481,14830,2,1.0
97,1.0,1.0,0.0,1.0,0.0,7,109.4099709556375,328.5566298014576,pobre,basal,9,500.0,636.5,1.0,43.0,6,481,14831,0,1.0
98,1.0,1.0,0.0,1.0,1.0,7,109.4099709556375,328.5566298014576,pobre,basal,9,500.0,636.5,1.0,43.0,7,481,14831,0,1.0
97,1.0,1.0,0.0,1.0,8.0,6,109.4099709556375,328.5566298014576,pobre,basal,6,500.0,682.0,1.0,48.0,15,481,14832,8,1.0
98,1.0,1.0,0.0,1.0,9.0,6,109.4099709556375,328.5566298014576,pobre,basal,6,500.0,682.0,1.0,48.0,16,481,14832,8,1.0
97,0.0,1.0,0.0,1.0,6.0,6,109.4099709556375,328.5566298014576,pobre,basal,6,500.0,682.0,1.0,48.0,12,481,14833,6,1.0
98,0.0,1.0,0.0,1.0,7.0,6,109.4099709556375,328.5566298014576,pobre,basal,6,500.0,682.0,1.0,48.0,13,481,14833,6,1.0
97,1.0,1.0,0.0,1.0,6.0,6,109.4099709556375,328.5566298014576,no pobre,basal,1,160.0,844.5,1.0,55.0,15,481,14834,6,1.0
98,1.0,1.0,0.0,1.0,7.0,6,109.4099709556375,328.5566298014576,no pobre,basal,1,160.0,844.5,1.0,55.0,16,481,14834,6,1.0
97,1.0,1.0,0.0,1.0,3.0,6,109.4099709556375,328.5566298014576,no pobre,basal,1,160.0,844.5,1.0,55.0,12,481,14835,3,1.0
98,1.0,1.0,0.0,1.0,4.0,6,109.4099709556375,328.5566298014576,no pobre,basal,1,160.0,844.5,1.0,55.0,13,481,14835,3,1.0
97,1.0,1.0,0.0,1.0,0.0,4,109.4099709556375,328.5566298014576,pobre,basal,6,400.0,665.0,1.0,29.0,6,481,14836,0,1.0
98,1.0,1.0,0.0,1.0,0.0,4,109.4099709556375,328.5566298014576,pobre,basal,6,400.0,665.0,1.0,29.0,7,481,14836,0,1.0
97,1.0,1.0,0.0,1.0,6.0,7,109.4099709556375,328.5566298014576,pobre,basal,0,600.0,845.5,1.0,59.0,15,481,14837,6,1.0
98,1.0,1.0,0.0,1.0,7.0,7,109.4099709556375,328.5566298014576,pobre,basal,0,600.0,845.5,1.0,59.0,16,481,14837,6,1.0
97,0.0,1.0,0.0,1.0,6.0,7,109.4099709556375,328.5566298014576,pobre,basal,0,600.0,845.5,1.0,59.0,12,481,14838,6,1.0
98,0.0,1.0,0.0,1.0,7.0,7,109.4099709556375,328.5566298014576,pobre,basal,0,600.0,845.5,1.0,59.0,13,481,14838,6,1.0
97,0.0,1.0,0.0,1.0,3.0,7,109.4099709556375,328.5566298014576,pobre,basal,0,600.0,845.5,1.0,59.0,10,481,14839,3,1.0
98,0.0,1.0,0.0,1.0,4.0,7,109.4099709556375,328.5566298014576,pobre,basal,0,600.0,845.5,1.0,59.0,11,481,14839,3,1.0
97,1.0,1.0,0.0,0.0,2.0,6,109.4099709556375,328.5566298014576,pobre,basal,4,0.0,604.0,0.0,66.0,15,481,14840,2,0.0
98,1.0,1.0,0.0,1.0,3.0,6,109.4099709556375,328.5566298014576,pobre,basal,4,0.0,604.0,0.0,66.0,16,481,14840,2,0.0
97,1.0,1.0,0.0,1.0,0.0,6,109.4099709556375,328.5566298014576,pobre,basal,4,0.0,604.0,0.0,66.0,7,481,14841,0,1.0
98,1.0,1.0,0.0,1.0,2.0,6,109.4099709556375,328.5566298014576,pobre,basal,4,0.0,604.0,0.0,66.0,8,481,14841,0,1.0
97,0.0,1.0,0.0,1.0,4.0,7,109.4099709556375,328.5566298014576,no pobre,basal,6,0.0,808.0,1.0,41.0,10,481,14842,4,1.0
98,0.0,1.0,0.0,1.0,5.0,7,109.4099709556375,328.5566298014576,no pobre,basal,6,0.0,808.0,1.0,41.0,11,481,14842,4,1.0
97,0.0,1.0,0.0,0.0,6.0,7,109.4099709556375,328.5566298014576,pobre,basal,6,360.0,585.25,1.0,42.0,13,481,14843,6,0.0
98,0.0,1.0,0.0,,,7,109.4099709556375,328.5566298014576,pobre,basal,6,360.0,585.25,1.0,42.0,14,481,14843,6,0.0
97,1.0,1.0,0.0,1.0,5.0,7,109.4099709556375,328.5566298014576,pobre,basal,6,360.0,585.25,1.0,42.0,11,481,14844,5,1.0
98,1.0,1.0,0.0,,,7,109.4099709556375,328.5566298014576,pobre,basal,6,360.0,585.25,1.0,42.0,12,481,14844,5,1.0
97,1.0,1.0,0.0,1.0,2.0,7,109.4099709556375,328.5566298014576,pobre,basal,6,360.0,585.25,1.0,42.0,8,481,14845,2,1.0
98,1.0,1.0,0.0,1.0,2.0,7,109.4099709556375,328.5566298014576,pobre,basal,6,360.0,585.25,1.0,42.0,9,481,14845,2,1.0
97,1.0,1.0,0.0,1.0,4.0,6,109.4099709556375,328.5566298014576,pobre,basal,6,280.0,591.5,1.0,39.0,11,481,14846,4,1.0
98,1.0,1.0,0.0,1.0,5.0,6,109.4099709556375,328.5566298014576,pobre,basal,6,280.0,591.5,1.0,39.0,12,481,14846,4,1.0
97,0.0,1.0,0.0,1.0,3.0,6,109.4099709556375,328.5566298014576,pobre,basal,6,280.0,591.5,1.0,39.0,9,481,14847,3,1.0
98,0.0,1.0,0.0,1.0,4.0,6,109.4099709556375,328.5566298014576,pobre,basal,6,280.0,591.5,1.0,39.0,10,481,14847,3,1.0
97,1.0,1.0,0.0,1.0,1.0,6,109.4099709556375,328.5566298014576,pobre,basal,6,280.0,591.5,1.0,39.0,7,481,14848,1,1.0
98,1.0,1.0,0.0,1.0,2.0,6,109.4099709556375,328.5566298014576,pobre,basal,6,280.0,591.5,1.0,39.0,8,481,14848,1,1.0
97,0.0,1.0,0.0,1.0,1.0,4,109.4099709556375,328.5566298014576,pobre,basal,4,375.0,559.0,1.0,27.0,7,481,14849,1,1.0
98,0.0,1.0,0.0,1.0,2.0,4,109.4099709556375,328.5566298014576,pobre,basal,4,375.0,559.0,1.0,27.0,8,481,14849,1,1.0
97,1.0,1.0,3.4660001,1.0,5.0,10,162.1234744133291,289.0157007361695,pobre,0,0,375.0,621.0,1.0,46.0,16,408,14850,5,1.0
98,1.0,1.0,3.4660001,,,10,162.1234744133291,289.0157007361695,pobre,0,0,375.0,621.0,1.0,46.0,17,408,14850,5,1.0
97,1.0,1.0,3.4660001,1.0,5.0,10,162.1234744133291,289.0157007361695,pobre,0,0,375.0,621.0,1.0,46.0,13,408,14851,5,1.0
98,1.0,1.0,3.4660001,0.0,6.0,10,162.1234744133291,289.0157007361695,pobre,0,0,375.0,621.0,1.0,46.0,14,408,14851,5,1.0
97,1.0,1.0,3.4660001,1.0,6.0,3,162.1234744133291,289.0157007361695,pobre,0,0,375.0,635.0,1.0,60.0,13,408,14852,6,1.0
98,1.0,1.0,3.4660001,1.0,7.0,3,162.1234744133291,289.0157007361695,pobre,0,0,375.0,635.0,1.0,60.0,14,408,14852,6,1.0
97,0.0,1.0,3.4660001,1.0,2.0,5,162.1234744133291,289.0157007361695,pobre,0,9,375.0,656.5,1.0,38.0,8,408,14853,2,1.0
98,0.0,1.0,3.4660001,,,5,162.1234744133291,289.0157007361695,pobre,0,9,375.0,656.5,1.0,38.0,9,408,14853,2,1.0
97,1.0,1.0,3.4660001,1.0,4.0,6,162.1234744133291,289.0157007361695,pobre,0,6,375.0,560.0,1.0,36.0,12,408,14854,4,1.0
98,1.0,1.0,3.4660001,1.0,5.0,6,162.1234744133291,289.0157007361695,pobre,0,6,375.0,560.0,1.0,36.0,13,408,14854,4,1.0
97,0.0,1.0,3.4660001,1.0,1.0,6,162.1234744133291,289.0157007361695,pobre,0,6,375.0,560.0,1.0,36.0,8,408,14855,1,1.0
98,0.0,1.0,3.4660001,1.0,2.0,6,162.1234744133291,289.0157007361695,pobre,0,6,375.0,560.0,1.0,36.0,9,408,14855,1,1.0
97,1.0,1.0,1.17,1.0,6.0,7,153.2827034781226,272.5875970453666,pobre,basal,9,1600.0,773.0,1.0,34.0,13,439,14856,6,1.0
98,1.0,1.0,1.17,,,7,153.2827034781226,272.5875970453666,pobre,basal,9,1600.0,773.0,1.0,34.0,14,439,14856,6,1.0
97,0.0,1.0,1.17,1.0,4.0,7,153.2827034781226,272.5875970453666,pobre,basal,9,1600.0,773.0,1.0,34.0,10,439,14857,4,1.0
98,0.0,1.0,1.17,,,7,153.2827034781226,272.5875970453666,pobre,basal,9,1600.0,773.0,1.0,34.0,11,439,14857,4,1.0
97,0.0,1.0,1.17,1.0,2.0,7,153.2827034781226,272.5875970453666,pobre,basal,9,1600.0,773.0,1.0,34.0,8,439,14858,2,1.0
98,0.0,1.0,1.17,,,7,153.2827034781226,272.5875970453666,pobre,basal,9,1600.0,773.0,1.0,34.0,9,439,14858,2,1.0
97,0.0,1.0,1.17,1.0,5.0,3,153.2827034781226,272.5875970453666,pobre,basal,0,500.0,804.70001,1.0,66.0,15,439,14859,5,1.0
98,0.0,1.0,1.17,1.0,6.0,3,153.2827034781226,272.5875970453666,pobre,basal,0,500.0,804.70001,1.0,66.0,16,439,14859,5,1.0
97,1.0,1.0,1.17,1.0,5.0,6,153.2827034781226,272.5875970453666,pobre,basal,2,500.0,747.0,1.0,41.0,14,439,14860,5,1.0
98,1.0,1.0,1.17,1.0,6.0,6,153.2827034781226,272.5875970453666,pobre,basal,2,500.0,747.0,1.0,41.0,15,439,14860,5,1.0
97,1.0,1.0,1.17,1.0,3.0,6,153.2827034781226,272.5875970453666,pobre,basal,2,500.0,747.0,1.0,41.0,10,439,14861,3,1.0
98,1.0,1.0,1.17,1.0,4.0,6,153.2827034781226,272.5875970453666,pobre,basal,2,500.0,747.0,1.0,41.0,11,439,14861,3,1.0
97,1.0,1.0,1.17,1.0,1.0,6,153.2827034781226,272.5875970453666,pobre,basal,2,500.0,747.0,1.0,41.0,7,439,14862,1,1.0
98,1.0,1.0,1.17,1.0,2.0,6,153.2827034781226,272.5875970453666,pobre,basal,2,500.0,747.0,1.0,41.0,8,439,14862,1,1.0
97,0.0,1.0,2.313,0.0,6.0,5,159.0077271570167,264.1571466835781,pobre,basal,5,675.0,708.5,1.0,45.0,15,467,14863,6,0.0
98,0.0,1.0,2.313,,,5,159.0077271570167,264.1571466835781,pobre,basal,5,675.0,708.5,1.0,45.0,16,467,14863,6,0.0
97,0.0,1.0,2.313,1.0,7.0,5,159.0077271570167,264.1571466835781,pobre,basal,5,675.0,708.5,1.0,45.0,14,467,14864,7,1.0
98,0.0,1.0,2.313,1.0,8.0,5,159.0077271570167,264.1571466835781,pobre,basal,5,675.0,708.5,1.0,45.0,15,467,14864,7,1.0
97,0.0,1.0,2.313,1.0,2.0,5,159.0077271570167,264.1571466835781,pobre,basal,5,675.0,708.5,1.0,45.0,8,467,14865,2,1.0
98,0.0,1.0,2.313,1.0,3.0,5,159.0077271570167,264.1571466835781,pobre,basal,5,675.0,708.5,1.0,45.0,9,467,14865,2,1.0
97,1.0,1.0,2.313,1.0,0.0,7,159.0077271570167,264.1571466835781,pobre,basal,6,625.0,698.5,1.0,39.0,6,467,14866,0,1.0
98,1.0,1.0,2.313,1.0,1.0,7,159.0077271570167,264.1571466835781,pobre,basal,6,625.0,698.5,1.0,39.0,7,467,14866,0,1.0
97,1.0,1.0,2.313,1.0,8.0,2,159.0077271570167,264.1571466835781,pobre,basal,2,0.0,608.0,0.0,54.0,14,467,14867,8,1.0
98,1.0,1.0,2.313,0.0,9.0,2,159.0077271570167,264.1571466835781,pobre,basal,2,0.0,608.0,0.0,54.0,15,467,14867,8,1.0
97,1.0,1.0,2.313,1.0,2.0,7,159.0077271570167,264.1571466835781,pobre,basal,6,625.0,600.0,1.0,38.0,8,467,14868,2,1.0
98,1.0,1.0,2.313,1.0,3.0,7,159.0077271570167,264.1571466835781,pobre,basal,6,625.0,600.0,1.0,38.0,9,467,14868,2,1.0
97,0.0,1.0,2.313,1.0,7.0,8,159.0077271570167,264.1571466835781,pobre,basal,6,625.0,600.0,1.0,41.0,15,467,14869,7,1.0
98,0.0,1.0,2.313,1.0,8.0,8,159.0077271570167,264.1571466835781,pobre,basal,6,625.0,600.0,1.0,41.0,16,467,14869,7,1.0
97,0.0,1.0,2.313,1.0,5.0,8,159.0077271570167,264.1571466835781,pobre,basal,6,625.0,600.0,1.0,41.0,12,467,14870,5,1.0
98,0.0,1.0,2.313,1.0,6.0,8,159.0077271570167,264.1571466835781,pobre,basal,6,625.0,600.0,1.0,41.0,13,467,14870,5,1.0
97,0.0,1.0,2.313,1.0,3.0,8,159.0077271570167,264.1571466835781,pobre,basal,6,625.0,600.0,1.0,41.0,10,467,14871,3,1.0
98,0.0,1.0,2.313,1.0,4.0,8,159.0077271570167,264.1571466835781,pobre,basal,6,625.0,600.0,1.0,41.0,11,467,14871,3,1.0
97,1.0,1.0,2.313,1.0,3.0,8,159.0077271570167,264.1571466835781,pobre,basal,6,625.0,600.0,1.0,41.0,9,467,14872,3,1.0
98,1.0,1.0,2.313,1.0,4.0,8,159.0077271570167,264.1571466835781,pobre,basal,6,625.0,600.0,1.0,41.0,10,467,14872,3,1.0
97,1.0,1.0,2.313,1.0,7.0,5,159.0077271570167,264.1571466835781,pobre,basal,7,625.0,705.0,1.0,35.0,12,467,14873,7,1.0
98,1.0,1.0,2.313,1.0,8.0,5,159.0077271570167,264.1571466835781,pobre,basal,7,625.0,705.0,1.0,35.0,13,467,14873,7,1.0
97,0.0,1.0,2.313,1.0,2.0,5,159.0077271570167,264.1571466835781,pobre,basal,7,625.0,705.0,1.0,35.0,8,467,14874,2,1.0
98,0.0,1.0,2.313,1.0,3.0,5,159.0077271570167,264.1571466835781,pobre,basal,7,625.0,705.0,1.0,35.0,9,467,14874,2,1.0
97,0.0,1.0,2.313,0.0,6.0,9,159.0077271570167,264.1571466835781,no pobre,basal,3,675.0,856.57001,1.0,59.0,16,467,14875,6,0.0
98,0.0,1.0,2.313,,,9,159.0077271570167,264.1571466835781,no pobre,basal,3,675.0,856.57001,1.0,59.0,17,467,14875,6,0.0
97,0.0,1.0,2.313,1.0,7.0,9,159.0077271570167,264.1571466835781,no pobre,basal,3,675.0,856.57001,1.0,59.0,12,467,14876,7,1.0
98,0.0,1.0,2.313,1.0,8.0,9,159.0077271570167,264.1571466835781,no pobre,basal,3,675.0,856.57001,1.0,59.0,13,467,14876,7,1.0
97,0.0,1.0,2.313,1.0,5.0,7,159.0077271570167,264.1571466835781,pobre,basal,6,625.0,603.0,1.0,35.0,10,467,14877,5,1.0
98,0.0,1.0,2.313,1.0,6.0,7,159.0077271570167,264.1571466835781,pobre,basal,6,625.0,603.0,1.0,35.0,11,467,14877,5,1.0
97,1.0,1.0,2.313,1.0,3.0,7,159.0077271570167,264.1571466835781,pobre,basal,6,625.0,603.0,1.0,35.0,9,467,14878,3,1.0
98,1.0,1.0,2.313,1.0,4.0,7,159.0077271570167,264.1571466835781,pobre,basal,6,625.0,603.0,1.0,35.0,10,467,14878,3,1.0
97,1.0,1.0,2.313,1.0,1.0,7,159.0077271570167,264.1571466835781,pobre,basal,6,625.0,603.0,1.0,35.0,7,467,14879,1,1.0
98,1.0,1.0,2.313,1.0,1.0,7,159.0077271570167,264.1571466835781,pobre,basal,6,625.0,603.0,1.0,35.0,8,467,14879,1,1.0
97,1.0,1.0,2.313,1.0,0.0,7,159.0077271570167,264.1571466835781,pobre,basal,6,625.0,603.0,1.0,35.0,6,467,14880,0,1.0
98,1.0,1.0,2.313,1.0,0.0,7,159.0077271570167,264.1571466835781,pobre,basal,6,625.0,603.0,1.0,35.0,7,467,14880,0,1.0
97,0.0,1.0,2.313,1.0,8.0,9,159.0077271570167,264.1571466835781,pobre,basal,6,625.0,428.0,1.0,39.0,16,467,14881,8,1.0
98,0.0,1.0,2.313,,,9,159.0077271570167,264.1571466835781,pobre,basal,6,625.0,428.0,1.0,39.0,17,467,14881,8,1.0
97,0.0,1.0,2.313,0.0,6.0,9,159.0077271570167,264.1571466835781,pobre,basal,6,625.0,428.0,1.0,39.0,14,467,14882,6,0.0
98,0.0,1.0,2.313,0.0,6.0,9,159.0077271570167,264.1571466835781,pobre,basal,6,625.0,428.0,1.0,39.0,15,467,14882,6,0.0
97,1.0,1.0,2.313,1.0,6.0,9,159.0077271570167,264.1571466835781,pobre,basal,6,625.0,428.0,1.0,39.0,12,467,14883,6,1.0
98,1.0,1.0,2.313,1.0,6.0,9,159.0077271570167,264.1571466835781,pobre,basal,6,625.0,428.0,1.0,39.0,13,467,14883,6,1.0
97,0.0,1.0,2.313,1.0,3.0,9,159.0077271570167,264.1571466835781,pobre,basal,6,625.0,428.0,1.0,39.0,10,467,14884,3,1.0
98,0.0,1.0,2.313,1.0,4.0,9,159.0077271570167,264.1571466835781,pobre,basal,6,625.0,428.0,1.0,39.0,11,467,14884,3,1.0
97,1.0,1.0,2.313,1.0,2.0,9,159.0077271570167,264.1571466835781,pobre,basal,6,625.0,428.0,1.0,39.0,8,467,14885,2,1.0
98,1.0,1.0,2.313,1.0,3.0,9,159.0077271570167,264.1571466835781,pobre,basal,6,625.0,428.0,1.0,39.0,9,467,14885,2,1.0
97,1.0,1.0,2.313,1.0,0.0,9,159.0077271570167,264.1571466835781,pobre,basal,6,625.0,428.0,1.0,39.0,6,467,14886,0,1.0
98,1.0,1.0,2.313,1.0,0.0,9,159.0077271570167,264.1571466835781,pobre,basal,6,625.0,428.0,1.0,39.0,7,467,14886,0,1.0
97,1.0,1.0,2.313,0.0,6.0,7,159.0077271570167,264.1571466835781,no pobre,basal,0,625.0,789.0,1.0,65.0,16,467,14887,6,0.0
98,1.0,1.0,2.313,0.0,6.0,7,159.0077271570167,264.1571466835781,no pobre,basal,0,625.0,789.0,1.0,65.0,17,467,14887,6,0.0
97,1.0,1.0,2.313,1.0,4.0,7,159.0077271570167,264.1571466835781,no pobre,basal,0,625.0,789.0,1.0,65.0,13,467,14888,4,1.0
98,1.0,1.0,2.313,1.0,8.0,7,159.0077271570167,264.1571466835781,no pobre,basal,0,625.0,789.0,1.0,65.0,14,467,14888,4,1.0
97,0.0,1.0,2.313,1.0,5.0,7,159.0077271570167,264.1571466835781,no pobre,basal,0,625.0,789.0,1.0,65.0,11,467,14889,5,1.0
98,0.0,1.0,2.313,0.0,6.0,7,159.0077271570167,264.1571466835781,no pobre,basal,0,625.0,789.0,1.0,65.0,12,467,14889,5,1.0
97,1.0,1.0,2.313,1.0,1.0,7,159.0077271570167,264.1571466835781,no pobre,basal,0,625.0,789.0,1.0,65.0,8,467,14890,1,1.0
98,1.0,1.0,2.313,1.0,5.0,7,159.0077271570167,264.1571466835781,no pobre,basal,0,625.0,789.0,1.0,65.0,9,467,14890,1,1.0
97,1.0,1.0,2.313,1.0,6.0,8,159.0077271570167,264.1571466835781,pobre,basal,6,625.0,641.0,1.0,31.0,12,467,14891,6,1.0
98,1.0,1.0,2.313,1.0,7.0,8,159.0077271570167,264.1571466835781,pobre,basal,6,625.0,641.0,1.0,31.0,13,467,14891,6,1.0
97,1.0,1.0,2.313,1.0,2.0,8,159.0077271570167,264.1571466835781,pobre,basal,6,625.0,641.0,1.0,31.0,10,467,14892,2,1.0
98,1.0,1.0,2.313,1.0,3.0,8,159.0077271570167,264.1571466835781,pobre,basal,6,625.0,641.0,1.0,31.0,11,467,14892,2,1.0
97,1.0,1.0,2.313,1.0,2.0,8,159.0077271570167,264.1571466835781,pobre,basal,6,625.0,641.0,1.0,31.0,7,467,14893,2,1.0
98,1.0,1.0,2.313,1.0,3.0,8,159.0077271570167,264.1571466835781,pobre,basal,6,625.0,641.0,1.0,31.0,8,467,14893,2,1.0
97,0.0,1.0,2.313,1.0,3.0,5,159.0077271570167,264.1571466835781,pobre,basal,5,500.0,619.0,1.0,29.0,8,467,14894,3,1.0
98,0.0,1.0,2.313,1.0,4.0,5,159.0077271570167,264.1571466835781,pobre,basal,5,500.0,619.0,1.0,29.0,9,467,14894,3,1.0
97,1.0,1.0,2.313,1.0,5.0,8,159.0077271570167,264.1571466835781,pobre,basal,0,500.0,543.0,1.0,64.0,11,467,14895,5,1.0
98,1.0,1.0,2.313,0.0,6.0,8,159.0077271570167,264.1571466835781,pobre,basal,0,500.0,543.0,1.0,64.0,12,467,14895,5,1.0
97,0.0,1.0,2.313,1.0,4.0,8,159.0077271570167,264.1571466835781,pobre,basal,0,500.0,543.0,1.0,64.0,10,467,14896,4,1.0
98,0.0,1.0,2.313,1.0,5.0,8,159.0077271570167,264.1571466835781,pobre,basal,0,500.0,543.0,1.0,64.0,11,467,14896,4,1.0
97,0.0,1.0,2.313,1.0,2.0,8,159.0077271570167,264.1571466835781,pobre,basal,0,500.0,543.0,1.0,64.0,8,467,14897,2,1.0
98,0.0,1.0,2.313,1.0,3.0,8,159.0077271570167,264.1571466835781,pobre,basal,0,500.0,543.0,1.0,64.0,9,467,14897,2,1.0
97,0.0,1.0,2.313,1.0,0.0,8,159.0077271570167,264.1571466835781,pobre,basal,0,500.0,543.0,1.0,64.0,6,467,14898,0,1.0
98,0.0,1.0,2.313,1.0,1.0,8,159.0077271570167,264.1571466835781,pobre,basal,0,500.0,543.0,1.0,64.0,7,467,14898,0,1.0
97,1.0,1.0,2.313,1.0,4.0,5,159.0077271570167,264.1571466835781,pobre,basal,3,625.0,633.0,1.0,34.0,9,467,14899,4,1.0
98,1.0,1.0,2.313,1.0,5.0,5,159.0077271570167,264.1571466835781,pobre,basal,3,625.0,633.0,1.0,34.0,10,467,14899,4,1.0
97,1.0,1.0,2.313,1.0,1.0,5,159.0077271570167,264.1571466835781,pobre,basal,3,625.0,633.0,1.0,34.0,7,467,14900,1,1.0
98,1.0,1.0,2.313,1.0,2.0,5,159.0077271570167,264.1571466835781,pobre,basal,3,625.0,633.0,1.0,34.0,8,467,14900,1,1.0
97,1.0,1.0,1.156,1.0,8.0,8,125.5115061220008,341.051808976263,pobre,0,2,500.0,461.0,1.0,43.0,14,420,14901,8,1.0
98,1.0,1.0,1.156,1.0,9.0,8,125.5115061220008,341.051808976263,pobre,0,2,500.0,461.0,1.0,43.0,15,420,14901,8,1.0
97,1.0,1.0,1.156,1.0,4.0,8,125.5115061220008,341.051808976263,pobre,0,2,500.0,461.0,1.0,43.0,11,420,14902,4,1.0
98,1.0,1.0,1.156,1.0,5.0,8,125.5115061220008,341.051808976263,pobre,0,2,500.0,461.0,1.0,43.0,12,420,14902,4,1.0
97,0.0,1.0,1.156,1.0,2.0,8,125.5115061220008,341.051808976263,pobre,0,2,500.0,461.0,1.0,43.0,9,420,14903,2,1.0
98,0.0,1.0,1.156,1.0,3.0,8,125.5115061220008,341.051808976263,pobre,0,2,500.0,461.0,1.0,43.0,10,420,14903,2,1.0
97,0.0,1.0,1.156,,0.0,8,125.5115061220008,341.051808976263,pobre,0,2,500.0,461.0,1.0,43.0,6,420,14904,0,
98,0.0,1.0,1.156,1.0,1.0,8,125.5115061220008,341.051808976263,pobre,0,2,500.0,461.0,1.0,43.0,7,420,14904,0,
97,1.0,1.0,2.313,1.0,6.0,7,159.0077271570167,264.1571466835781,pobre,basal,1,625.0,557.0,1.0,31.0,12,467,14905,6,1.0
98,1.0,1.0,2.313,1.0,7.0,7,159.0077271570167,264.1571466835781,pobre,basal,1,625.0,557.0,1.0,31.0,13,467,14905,6,1.0
97,0.0,1.0,2.313,1.0,3.0,7,159.0077271570167,264.1571466835781,pobre,basal,1,625.0,557.0,1.0,31.0,9,467,14906,3,1.0
98,0.0,1.0,2.313,1.0,4.0,7,159.0077271570167,264.1571466835781,pobre,basal,1,625.0,557.0,1.0,31.0,10,467,14906,3,1.0
97,0.0,0.0,2.313,1.0,0.0,7,159.0077271570167,264.1571466835781,pobre,basal,1,625.0,557.0,1.0,31.0,6,467,14907,0,1.0
98,0.0,0.0,2.313,1.0,1.0,7,159.0077271570167,264.1571466835781,pobre,basal,1,625.0,557.0,1.0,31.0,7,467,14907,0,1.0
97,0.0,0.0,2.313,1.0,2.0,6,159.0077271570167,264.1571466835781,pobre,basal,0,600.0,614.0,1.0,65.0,9,467,14908,2,1.0
98,0.0,0.0,2.313,1.0,3.0,6,159.0077271570167,264.1571466835781,pobre,basal,0,600.0,614.0,1.0,65.0,10,467,14908,2,1.0
97,0.0,0.0,2.313,1.0,0.0,6,159.0077271570167,264.1571466835781,pobre,basal,0,600.0,614.0,1.0,65.0,7,467,14909,0,1.0
98,0.0,0.0,2.313,1.0,1.0,6,159.0077271570167,264.1571466835781,pobre,basal,0,600.0,614.0,1.0,65.0,8,467,14909,0,1.0
97,1.0,0.0,2.313,1.0,7.0,9,159.0077271570167,264.1571466835781,pobre,basal,0,625.0,637.0,1.0,46.0,13,467,14910,7,1.0
98,1.0,0.0,2.313,1.0,8.0,9,159.0077271570167,264.1571466835781,pobre,basal,0,625.0,637.0,1.0,46.0,14,467,14910,7,1.0
97,1.0,0.0,2.313,1.0,2.0,9,159.0077271570167,264.1571466835781,pobre,basal,0,625.0,637.0,1.0,46.0,11,467,14911,2,1.0
98,1.0,0.0,2.313,1.0,3.0,9,159.0077271570167,264.1571466835781,pobre,basal,0,625.0,637.0,1.0,46.0,12,467,14911,2,1.0
97,0.0,1.0,2.313,1.0,1.0,8,159.0077271570167,264.1571466835781,pobre,basal,3,625.0,645.0,1.0,28.0,6,467,14912,1,1.0
98,0.0,1.0,2.313,1.0,0.0,8,159.0077271570167,264.1571466835781,pobre,basal,3,625.0,645.0,1.0,28.0,7,467,14912,1,1.0
97,1.0,1.0,2.313,1.0,3.0,3,159.0077271570167,264.1571466835781,pobre,basal,3,625.0,733.0,1.0,51.0,10,467,14913,3,1.0
98,1.0,1.0,2.313,1.0,4.0,3,159.0077271570167,264.1571466835781,pobre,basal,3,625.0,733.0,1.0,51.0,11,467,14913,3,1.0
97,1.0,0.0,2.313,1.0,0.0,6,159.0077271570167,264.1571466835781,pobre,basal,8,625.0,620.0,1.0,28.0,6,467,14914,0,1.0
98,1.0,0.0,2.313,1.0,2.0,6,159.0077271570167,264.1571466835781,pobre,basal,8,625.0,620.0,1.0,28.0,7,467,14914,0,1.0
97,1.0,1.0,2.313,1.0,7.0,9,159.0077271570167,264.1571466835781,pobre,basal,6,625.0,665.5,1.0,44.0,16,467,14915,7,1.0
98,1.0,1.0,2.313,,,9,159.0077271570167,264.1571466835781,pobre,basal,6,625.0,665.5,1.0,44.0,17,467,14915,7,1.0
97,0.0,1.0,2.313,1.0,6.0,9,159.0077271570167,264.1571466835781,pobre,basal,6,625.0,665.5,1.0,44.0,13,467,14916,6,1.0
98,0.0,1.0,2.313,0.0,6.0,9,159.0077271570167,264.1571466835781,pobre,basal,6,625.0,665.5,1.0,44.0,14,467,14916,6,1.0
97,0.0,1.0,2.313,1.0,4.0,9,159.0077271570167,264.1571466835781,pobre,basal,6,625.0,665.5,1.0,44.0,11,467,14917,4,1.0
98,0.0,1.0,2.313,1.0,4.0,9,159.0077271570167,264.1571466835781,pobre,basal,6,625.0,665.5,1.0,44.0,12,467,14917,4,1.0
97,0.0,1.0,2.313,1.0,1.0,9,159.0077271570167,264.1571466835781,pobre,basal,6,625.0,665.5,1.0,44.0,8,467,14918,1,1.0
98,0.0,1.0,2.313,1.0,2.0,9,159.0077271570167,264.1571466835781,pobre,basal,6,625.0,665.5,1.0,44.0,9,467,14918,1,1.0
97,0.0,1.0,2.313,1.0,5.0,7,159.0077271570167,264.1571466835781,pobre,basal,6,625.0,557.0,1.0,33.0,11,467,14919,5,1.0
98,0.0,1.0,2.313,1.0,6.0,7,159.0077271570167,264.1571466835781,pobre,basal,6,625.0,557.0,1.0,33.0,12,467,14919,5,1.0
97,0.0,1.0,2.313,1.0,1.0,7,159.0077271570167,264.1571466835781,pobre,basal,6,625.0,557.0,1.0,33.0,7,467,14920,1,1.0
98,0.0,1.0,2.313,1.0,2.0,7,159.0077271570167,264.1571466835781,pobre,basal,6,625.0,557.0,1.0,33.0,8,467,14920,1,1.0
97,0.0,1.0,3.569,1.0,5.0,7,150.5855857150583,274.2908577743233,pobre,basal,6,500.0,630.33002,1.0,35.0,14,442,14921,5,1.0
98,0.0,1.0,3.569,1.0,6.0,7,150.5855857150583,274.2908577743233,pobre,basal,6,500.0,630.33002,1.0,35.0,15,442,14921,5,1.0
97,1.0,1.0,3.569,1.0,2.0,7,150.5855857150583,274.2908577743233,pobre,basal,6,500.0,630.33002,1.0,35.0,8,442,14922,2,1.0
98,1.0,1.0,3.569,1.0,3.0,7,150.5855857150583,274.2908577743233,pobre,basal,6,500.0,630.33002,1.0,35.0,9,442,14922,2,1.0
97,1.0,1.0,3.569,1.0,1.0,7,150.5855857150583,274.2908577743233,pobre,basal,6,500.0,630.33002,1.0,35.0,6,442,14923,1,1.0
98,1.0,1.0,3.569,1.0,1.0,7,150.5855857150583,274.2908577743233,pobre,basal,6,500.0,630.33002,1.0,35.0,7,442,14923,1,1.0
97,0.0,1.0,3.569,1.0,3.0,3,150.5855857150583,274.2908577743233,pobre,basal,0,500.0,622.0,1.0,57.0,12,442,14924,3,1.0
98,0.0,1.0,3.569,1.0,4.0,3,150.5855857150583,274.2908577743233,pobre,basal,0,500.0,622.0,1.0,57.0,13,442,14924,3,1.0
97,1.0,1.0,3.569,1.0,6.0,6,150.5855857150583,274.2908577743233,pobre,basal,1,750.0,531.0,1.0,52.0,13,442,14925,6,1.0
98,1.0,1.0,3.569,1.0,6.0,6,150.5855857150583,274.2908577743233,pobre,basal,1,750.0,531.0,1.0,52.0,14,442,14925,6,1.0
97,1.0,1.0,3.569,1.0,6.0,6,150.5855857150583,274.2908577743233,pobre,basal,1,750.0,531.0,1.0,52.0,14,442,14926,6,1.0
98,1.0,1.0,3.569,0.0,6.0,6,150.5855857150583,274.2908577743233,pobre,basal,1,750.0,531.0,1.0,52.0,15,442,14926,6,1.0
97,0.0,1.0,3.569,0.0,6.0,8,150.5855857150583,274.2908577743233,pobre,basal,1,500.0,553.0,1.0,47.0,16,442,14927,6,0.0
98,0.0,1.0,3.569,,,8,150.5855857150583,274.2908577743233,pobre,basal,1,500.0,553.0,1.0,47.0,17,442,14927,6,0.0
97,0.0,1.0,3.569,1.0,4.0,8,150.5855857150583,274.2908577743233,pobre,basal,1,500.0,553.0,1.0,47.0,15,442,14928,4,1.0
98,0.0,1.0,3.569,0.0,5.0,8,150.5855857150583,274.2908577743233,pobre,basal,1,500.0,553.0,1.0,47.0,16,442,14928,4,1.0
97,0.0,1.0,3.569,1.0,3.0,8,150.5855857150583,274.2908577743233,pobre,basal,1,500.0,553.0,1.0,47.0,10,442,14929,3,1.0
98,0.0,1.0,3.569,1.0,4.0,8,150.5855857150583,274.2908577743233,pobre,basal,1,500.0,553.0,1.0,47.0,11,442,14929,3,1.0
97,0.0,1.0,3.569,1.0,1.0,8,150.5855857150583,274.2908577743233,pobre,basal,1,500.0,553.0,1.0,47.0,8,442,14930,1,1.0
98,0.0,1.0,3.569,1.0,2.0,8,150.5855857150583,274.2908577743233,pobre,basal,1,500.0,553.0,1.0,47.0,9,442,14930,1,1.0
97,1.0,1.0,3.569,0.0,6.0,8,150.5855857150583,274.2908577743233,pobre,basal,0,500.0,662.0,1.0,53.0,15,442,14931,6,0.0
98,1.0,1.0,3.569,0.0,6.0,8,150.5855857150583,274.2908577743233,pobre,basal,0,500.0,662.0,1.0,53.0,16,442,14931,6,0.0
97,1.0,1.0,3.569,1.0,2.0,8,150.5855857150583,274.2908577743233,pobre,basal,0,500.0,662.0,1.0,53.0,13,442,14932,2,1.0
98,1.0,1.0,3.569,1.0,3.0,8,150.5855857150583,274.2908577743233,pobre,basal,0,500.0,662.0,1.0,53.0,14,442,14932,2,1.0
97,1.0,1.0,3.569,1.0,3.0,8,150.5855857150583,274.2908577743233,pobre,basal,0,500.0,662.0,1.0,53.0,11,442,14933,3,1.0
98,1.0,1.0,3.569,1.0,4.0,8,150.5855857150583,274.2908577743233,pobre,basal,0,500.0,662.0,1.0,53.0,12,442,14933,3,1.0
97,0.0,1.0,3.569,1.0,1.0,8,150.5855857150583,274.2908577743233,pobre,basal,0,500.0,662.0,1.0,53.0,9,442,14934,1,1.0
98,0.0,1.0,3.569,1.0,2.0,8,150.5855857150583,274.2908577743233,pobre,basal,0,500.0,662.0,1.0,53.0,10,442,14934,1,1.0
97,1.0,1.0,3.569,1.0,1.0,8,150.5855857150583,274.2908577743233,pobre,basal,0,500.0,662.0,1.0,53.0,7,442,14935,1,1.0
98,1.0,1.0,3.569,1.0,2.0,8,150.5855857150583,274.2908577743233,pobre,basal,0,500.0,662.0,1.0,53.0,8,442,14935,1,1.0
97,1.0,0.0,3.569,1.0,4.0,9,150.5855857150583,274.2908577743233,pobre,basal,3,625.0,949.0,1.0,44.0,11,442,14936,4,1.0
98,1.0,0.0,3.569,1.0,5.0,9,150.5855857150583,274.2908577743233,pobre,basal,3,625.0,949.0,1.0,44.0,12,442,14936,4,1.0
97,1.0,0.0,3.569,1.0,2.0,9,150.5855857150583,274.2908577743233,pobre,basal,3,625.0,949.0,1.0,44.0,8,442,14937,2,1.0
98,1.0,0.0,3.569,1.0,3.0,9,150.5855857150583,274.2908577743233,pobre,basal,3,625.0,949.0,1.0,44.0,9,442,14937,2,1.0
97,0.0,1.0,3.569,1.0,4.0,5,150.5855857150583,274.2908577743233,no pobre,basal,16,2600.0,916.5,1.0,34.0,11,442,14938,4,1.0
98,0.0,1.0,3.569,,,5,150.5855857150583,274.2908577743233,no pobre,basal,16,2600.0,916.5,1.0,34.0,12,442,14938,4,1.0
97,0.0,1.0,3.569,1.0,2.0,5,150.5855857150583,274.2908577743233,no pobre,basal,16,2600.0,916.5,1.0,34.0,9,442,14939,2,1.0
98,0.0,1.0,3.569,,,5,150.5855857150583,274.2908577743233,no pobre,basal,16,2600.0,916.5,1.0,34.0,10,442,14939,2,1.0
97,1.0,1.0,3.569,1.0,1.0,5,150.5855857150583,274.2908577743233,no pobre,basal,16,2600.0,916.5,1.0,34.0,7,442,14940,1,1.0
98,1.0,1.0,3.569,,,5,150.5855857150583,274.2908577743233,no pobre,basal,16,2600.0,916.5,1.0,34.0,8,442,14940,1,1.0
97,0.0,1.0,3.569,1.0,6.0,8,150.5855857150583,274.2908577743233,pobre,basal,6,500.0,676.0,1.0,37.0,16,442,14941,6,1.0
98,0.0,1.0,3.569,,,8,150.5855857150583,274.2908577743233,pobre,basal,6,500.0,676.0,1.0,37.0,17,442,14941,6,1.0
97,1.0,1.0,3.569,1.0,9.0,4,150.5855857150583,274.2908577743233,no pobre,basal,0,600.0,819.0,1.0,72.0,16,442,14942,9,1.0
98,1.0,1.0,3.569,1.0,10.0,4,150.5855857150583,274.2908577743233,no pobre,basal,0,600.0,819.0,1.0,72.0,17,442,14942,9,1.0
97,1.0,1.0,3.569,1.0,6.0,4,150.5855857150583,274.2908577743233,pobre,basal,0,625.0,767.0,1.0,60.0,15,442,14943,6,1.0
98,1.0,1.0,3.569,1.0,7.0,4,150.5855857150583,274.2908577743233,pobre,basal,0,625.0,767.0,1.0,60.0,16,442,14943,6,1.0
97,0.0,1.0,3.569,1.0,1.0,5,150.5855857150583,274.2908577743233,pobre,basal,3,500.0,633.0,1.0,30.0,7,442,14944,1,1.0
98,0.0,1.0,3.569,1.0,2.0,5,150.5855857150583,274.2908577743233,pobre,basal,3,500.0,633.0,1.0,30.0,8,442,14944,1,1.0
97,0.0,1.0,3.569,1.0,6.0,7,150.5855857150583,274.2908577743233,pobre,basal,4,500.0,701.5,1.0,38.0,13,442,14945,6,1.0
98,0.0,1.0,3.569,1.0,7.0,7,150.5855857150583,274.2908577743233,pobre,basal,4,500.0,701.5,1.0,38.0,14,442,14945,6,1.0
97,0.0,1.0,3.569,1.0,0.0,7,150.5855857150583,274.2908577743233,pobre,basal,4,500.0,701.5,1.0,38.0,6,442,14946,0,1.0
98,0.0,1.0,3.569,1.0,1.0,7,150.5855857150583,274.2908577743233,pobre,basal,4,500.0,701.5,1.0,38.0,7,442,14946,0,1.0
97,0.0,1.0,3.569,1.0,5.0,3,150.5855857150583,274.2908577743233,pobre,basal,1,375.0,629.0,1.0,56.0,12,442,14947,5,1.0
98,0.0,1.0,3.569,1.0,6.0,3,150.5855857150583,274.2908577743233,pobre,basal,1,375.0,629.0,1.0,56.0,13,442,14947,5,1.0
97,0.0,1.0,1.17,1.0,5.0,8,153.2827034781226,272.5875970453666,pobre,basal,6,500.0,555.0,1.0,30.0,13,439,14948,5,1.0
98,0.0,1.0,1.17,1.0,6.0,8,153.2827034781226,272.5875970453666,pobre,basal,6,500.0,555.0,1.0,30.0,14,439,14948,5,1.0
97,1.0,1.0,1.17,1.0,4.0,8,153.2827034781226,272.5875970453666,pobre,basal,6,500.0,555.0,1.0,30.0,11,439,14949,4,1.0
98,1.0,1.0,1.17,1.0,5.0,8,153.2827034781226,272.5875970453666,pobre,basal,6,500.0,555.0,1.0,30.0,12,439,14949,4,1.0
97,0.0,1.0,1.17,1.0,2.0,8,153.2827034781226,272.5875970453666,pobre,basal,6,500.0,555.0,1.0,30.0,9,439,14950,2,1.0
98,0.0,1.0,1.17,1.0,3.0,8,153.2827034781226,272.5875970453666,pobre,basal,6,500.0,555.0,1.0,30.0,10,439,14950,2,1.0
97,0.0,1.0,1.17,1.0,2.0,8,153.2827034781226,272.5875970453666,pobre,basal,6,500.0,555.0,1.0,30.0,7,439,14951,2,1.0
98,0.0,1.0,1.17,1.0,2.0,8,153.2827034781226,272.5875970453666,pobre,basal,6,500.0,555.0,1.0,30.0,8,439,14951,2,1.0
97,1.0,1.0,1.17,1.0,8.0,9,153.2827034781226,272.5875970453666,pobre,basal,4,500.0,739.5,1.0,40.0,16,439,14952,8,1.0
98,1.0,1.0,1.17,,,9,153.2827034781226,272.5875970453666,pobre,basal,4,500.0,739.5,1.0,40.0,17,439,14952,8,1.0
97,0.0,1.0,1.17,1.0,7.0,9,153.2827034781226,272.5875970453666,pobre,basal,4,500.0,739.5,1.0,40.0,14,439,14953,7,1.0
98,0.0,1.0,1.17,1.0,8.0,9,153.2827034781226,272.5875970453666,pobre,basal,4,500.0,739.5,1.0,40.0,15,439,14953,7,1.0
97,1.0,1.0,1.17,1.0,4.0,9,153.2827034781226,272.5875970453666,pobre,basal,4,500.0,739.5,1.0,40.0,10,439,14954,4,1.0
98,1.0,1.0,1.17,1.0,5.0,9,153.2827034781226,272.5875970453666,pobre,basal,4,500.0,739.5,1.0,40.0,11,439,14954,4,1.0
97,1.0,1.0,1.17,1.0,1.0,9,153.2827034781226,272.5875970453666,pobre,basal,4,500.0,739.5,1.0,40.0,7,439,14955,1,1.0
98,1.0,1.0,1.17,1.0,2.0,9,153.2827034781226,272.5875970453666,pobre,basal,4,500.0,739.5,1.0,40.0,8,439,14955,1,1.0
97,1.0,1.0,1.17,0.0,6.0,6,153.2827034781226,272.5875970453666,pobre,basal,2,500.0,753.0,1.0,52.0,16,439,14956,6,0.0
98,1.0,1.0,1.17,,,6,153.2827034781226,272.5875970453666,pobre,basal,2,500.0,753.0,1.0,52.0,17,439,14956,6,0.0
97,1.0,1.0,1.17,1.0,7.0,6,153.2827034781226,272.5875970453666,pobre,basal,2,500.0,753.0,1.0,52.0,14,439,14957,7,1.0
98,1.0,1.0,1.17,1.0,8.0,6,153.2827034781226,272.5875970453666,pobre,basal,2,500.0,753.0,1.0,52.0,15,439,14957,7,1.0
97,0.0,1.0,1.17,1.0,4.0,6,153.2827034781226,272.5875970453666,pobre,basal,2,500.0,753.0,1.0,52.0,12,439,14958,4,1.0
98,0.0,1.0,1.17,1.0,5.0,6,153.2827034781226,272.5875970453666,pobre,basal,2,500.0,753.0,1.0,52.0,13,439,14958,4,1.0
97,1.0,1.0,1.17,1.0,3.0,6,153.2827034781226,272.5875970453666,pobre,basal,2,500.0,753.0,1.0,52.0,9,439,14959,3,1.0
98,1.0,1.0,1.17,1.0,4.0,6,153.2827034781226,272.5875970453666,pobre,basal,2,500.0,753.0,1.0,52.0,10,439,14959,3,1.0
97,0.0,1.0,1.17,1.0,5.0,8,153.2827034781226,272.5875970453666,pobre,basal,0,500.0,780.0,1.0,53.0,12,439,14960,5,1.0
98,0.0,1.0,1.17,1.0,6.0,8,153.2827034781226,272.5875970453666,pobre,basal,0,500.0,780.0,1.0,53.0,13,439,14960,5,1.0
97,0.0,1.0,1.17,1.0,2.0,8,153.2827034781226,272.5875970453666,pobre,basal,0,500.0,780.0,1.0,53.0,7,439,14961,2,1.0
98,0.0,1.0,1.17,1.0,3.0,8,153.2827034781226,272.5875970453666,pobre,basal,0,500.0,780.0,1.0,53.0,8,439,14961,2,1.0
97,0.0,1.0,1.17,0.0,6.0,10,153.2827034781226,272.5875970453666,pobre,basal,0,2250.0,668.5,1.0,58.0,14,439,14962,6,0.0
98,0.0,1.0,1.17,1.0,6.0,10,153.2827034781226,272.5875970453666,pobre,basal,0,2250.0,668.5,1.0,58.0,15,439,14962,6,0.0
97,0.0,1.0,1.17,0.0,2.0,10,153.2827034781226,272.5875970453666,pobre,basal,0,2250.0,668.5,1.0,58.0,12,439,14963,2,0.0
98,0.0,1.0,1.17,0.0,2.0,10,153.2827034781226,272.5875970453666,pobre,basal,0,2250.0,668.5,1.0,58.0,13,439,14963,2,0.0
97,0.0,1.0,1.17,1.0,1.0,10,153.2827034781226,272.5875970453666,pobre,basal,0,2250.0,668.5,1.0,58.0,8,439,14964,1,1.0
98,0.0,1.0,1.17,1.0,1.0,10,153.2827034781226,272.5875970453666,pobre,basal,0,2250.0,668.5,1.0,58.0,9,439,14964,1,1.0
97,0.0,1.0,1.17,0.0,9.0,10,153.2827034781226,272.5875970453666,pobre,basal,3,500.0,621.5,1.0,39.0,13,439,14965,9,0.0
98,0.0,1.0,1.17,0.0,9.0,10,153.2827034781226,272.5875970453666,pobre,basal,3,500.0,621.5,1.0,39.0,14,439,14965,9,0.0
97,1.0,1.0,1.17,1.0,5.0,10,153.2827034781226,272.5875970453666,pobre,basal,3,500.0,621.5,1.0,39.0,11,439,14966,5,1.0
98,1.0,1.0,1.17,1.0,6.0,10,153.2827034781226,272.5875970453666,pobre,basal,3,500.0,621.5,1.0,39.0,12,439,14966,5,1.0
97,0.0,1.0,1.17,1.0,1.0,10,153.2827034781226,272.5875970453666,pobre,basal,3,500.0,621.5,1.0,39.0,8,439,14967,1,1.0
98,0.0,1.0,1.17,1.0,2.0,10,153.2827034781226,272.5875970453666,pobre,basal,3,500.0,621.5,1.0,39.0,9,439,14967,1,1.0
97,0.0,1.0,1.17,0.0,5.0,6,153.2827034781226,272.5875970453666,pobre,basal,3,500.0,769.0,1.0,48.0,13,439,14968,5,0.0
98,0.0,1.0,1.17,0.0,6.0,6,153.2827034781226,272.5875970453666,pobre,basal,3,500.0,769.0,1.0,48.0,14,439,14968,5,0.0
97,1.0,1.0,1.17,1.0,7.0,7,153.2827034781226,272.5875970453666,pobre,basal,2,500.0,772.0,1.0,54.0,13,439,14969,7,1.0
98,1.0,1.0,1.17,1.0,8.0,7,153.2827034781226,272.5875970453666,pobre,basal,2,500.0,772.0,1.0,54.0,14,439,14969,7,1.0
97,0.0,1.0,1.17,1.0,1.0,7,153.2827034781226,272.5875970453666,pobre,basal,2,500.0,772.0,1.0,54.0,8,439,14970,1,1.0
98,0.0,1.0,1.17,1.0,2.0,7,153.2827034781226,272.5875970453666,pobre,basal,2,500.0,772.0,1.0,54.0,9,439,14970,1,1.0
97,1.0,1.0,1.17,1.0,0.0,7,153.2827034781226,272.5875970453666,pobre,basal,2,500.0,772.0,1.0,54.0,6,439,14971,0,1.0
98,1.0,1.0,1.17,1.0,0.0,7,153.2827034781226,272.5875970453666,pobre,basal,2,500.0,772.0,1.0,54.0,7,439,14971,0,1.0
97,1.0,1.0,1.17,1.0,8.0,6,153.2827034781226,272.5875970453666,pobre,basal,4,500.0,547.0,1.0,50.0,14,439,14972,8,1.0
98,1.0,1.0,1.17,0.0,9.0,6,153.2827034781226,272.5875970453666,pobre,basal,4,500.0,547.0,1.0,50.0,15,439,14972,8,1.0
97,1.0,1.0,1.17,1.0,4.0,6,153.2827034781226,272.5875970453666,pobre,basal,4,500.0,547.0,1.0,50.0,12,439,14973,4,1.0
98,1.0,1.0,1.17,1.0,5.0,6,153.2827034781226,272.5875970453666,pobre,basal,4,500.0,547.0,1.0,50.0,13,439,14973,4,1.0
97,1.0,1.0,1.17,1.0,3.0,6,153.2827034781226,272.5875970453666,pobre,basal,4,500.0,547.0,1.0,50.0,11,439,14974,3,1.0
98,1.0,1.0,1.17,1.0,4.0,6,153.2827034781226,272.5875970453666,pobre,basal,4,500.0,547.0,1.0,50.0,12,439,14974,3,1.0
97,0.0,1.0,1.17,1.0,0.0,6,153.2827034781226,272.5875970453666,pobre,basal,4,500.0,547.0,1.0,50.0,6,439,14975,0,1.0
98,0.0,1.0,1.17,1.0,1.0,6,153.2827034781226,272.5875970453666,pobre,basal,4,500.0,547.0,1.0,50.0,7,439,14975,0,1.0
97,1.0,1.0,1.17,1.0,7.0,6,153.2827034781226,272.5875970453666,pobre,basal,0,0.0,657.0,0.0,66.0,16,439,14976,7,1.0
98,1.0,1.0,1.17,1.0,8.0,6,153.2827034781226,272.5875970453666,pobre,basal,0,0.0,657.0,0.0,66.0,17,439,14976,7,1.0
97,1.0,1.0,1.17,1.0,8.0,6,153.2827034781226,272.5875970453666,pobre,basal,0,0.0,657.0,0.0,66.0,14,439,14977,8,1.0
98,1.0,1.0,1.17,0.0,9.0,6,153.2827034781226,272.5875970453666,pobre,basal,0,0.0,657.0,0.0,66.0,15,439,14977,8,1.0
97,0.0,1.0,1.17,1.0,5.0,6,153.2827034781226,272.5875970453666,pobre,basal,0,0.0,657.0,0.0,66.0,11,439,14978,5,1.0
98,0.0,1.0,1.17,1.0,6.0,6,153.2827034781226,272.5875970453666,pobre,basal,0,0.0,657.0,0.0,66.0,12,439,14978,5,1.0
97,1.0,1.0,1.17,1.0,3.0,6,153.2827034781226,272.5875970453666,pobre,basal,0,0.0,657.0,0.0,66.0,9,439,14979,3,1.0
98,1.0,1.0,1.17,1.0,4.0,6,153.2827034781226,272.5875970453666,pobre,basal,0,0.0,657.0,0.0,66.0,10,439,14979,3,1.0
97,0.0,1.0,1.17,1.0,8.0,6,153.2827034781226,272.5875970453666,no pobre,basal,6,500.0,1030.0,1.0,36.0,14,439,14980,8,1.0
98,0.0,1.0,1.17,1.0,9.0,6,153.2827034781226,272.5875970453666,no pobre,basal,6,500.0,1030.0,1.0,36.0,15,439,14980,8,1.0
97,1.0,1.0,1.17,1.0,2.0,6,153.2827034781226,272.5875970453666,no pobre,basal,6,500.0,1030.0,1.0,36.0,8,439,14981,2,1.0
98,1.0,1.0,1.17,1.0,3.0,6,153.2827034781226,272.5875970453666,no pobre,basal,6,500.0,1030.0,1.0,36.0,9,439,14981,2,1.0
97,1.0,1.0,1.17,1.0,4.0,9,153.2827034781226,272.5875970453666,pobre,basal,1,500.0,886.0,1.0,40.0,12,439,14982,4,1.0
98,1.0,1.0,1.17,1.0,5.0,9,153.2827034781226,272.5875970453666,pobre,basal,1,500.0,886.0,1.0,40.0,13,439,14982,4,1.0
97,1.0,1.0,1.17,1.0,2.0,9,153.2827034781226,272.5875970453666,pobre,basal,1,500.0,886.0,1.0,40.0,8,439,14983,2,1.0
98,1.0,1.0,1.17,1.0,3.0,9,153.2827034781226,272.5875970453666,pobre,basal,1,500.0,886.0,1.0,40.0,9,439,14983,2,1.0
97,0.0,1.0,1.17,,0.0,9,153.2827034781226,272.5875970453666,pobre,basal,1,500.0,886.0,1.0,40.0,6,439,14984,0,
98,0.0,1.0,1.17,1.0,1.0,9,153.2827034781226,272.5875970453666,pobre,basal,1,500.0,886.0,1.0,40.0,7,439,14984,0,
97,1.0,1.0,1.17,1.0,2.0,3,153.2827034781226,272.5875970453666,pobre,basal,6,375.0,727.0,1.0,35.0,8,439,14985,2,1.0
98,1.0,1.0,1.17,1.0,3.0,3,153.2827034781226,272.5875970453666,pobre,basal,6,375.0,727.0,1.0,35.0,9,439,14985,2,1.0
97,1.0,1.0,1.17,1.0,8.0,5,153.2827034781226,272.5875970453666,pobre,basal,6,500.0,776.5,1.0,47.0,15,439,14986,8,1.0
98,1.0,1.0,1.17,,,5,153.2827034781226,272.5875970453666,pobre,basal,6,500.0,776.5,1.0,47.0,16,439,14986,8,1.0
97,0.0,1.0,1.17,1.0,5.0,5,153.2827034781226,272.5875970453666,pobre,basal,6,500.0,776.5,1.0,47.0,11,439,14987,5,1.0
98,0.0,1.0,1.17,1.0,6.0,5,153.2827034781226,272.5875970453666,pobre,basal,6,500.0,776.5,1.0,47.0,12,439,14987,5,1.0
97,0.0,1.0,1.17,1.0,3.0,10,153.2827034781226,272.5875970453666,pobre,basal,3,500.0,514.0,1.0,55.0,10,439,14988,3,1.0
98,0.0,1.0,1.17,1.0,4.0,10,153.2827034781226,272.5875970453666,pobre,basal,3,500.0,514.0,1.0,55.0,11,439,14988,3,1.0
97,0.0,1.0,1.17,1.0,2.0,10,153.2827034781226,272.5875970453666,pobre,basal,3,500.0,514.0,1.0,55.0,8,439,14989,2,1.0
98,0.0,1.0,1.17,1.0,3.0,10,153.2827034781226,272.5875970453666,pobre,basal,3,500.0,514.0,1.0,55.0,9,439,14989,2,1.0
97,1.0,1.0,1.17,1.0,0.0,10,153.2827034781226,272.5875970453666,pobre,basal,3,500.0,514.0,1.0,55.0,6,439,14990,0,1.0
98,1.0,1.0,1.17,1.0,0.0,10,153.2827034781226,272.5875970453666,pobre,basal,3,500.0,514.0,1.0,55.0,7,439,14990,0,1.0
97,1.0,1.0,1.17,1.0,0.0,10,153.2827034781226,272.5875970453666,pobre,basal,3,500.0,514.0,1.0,55.0,6,439,14991,0,1.0
98,1.0,1.0,1.17,1.0,0.0,10,153.2827034781226,272.5875970453666,pobre,basal,3,500.0,514.0,1.0,55.0,7,439,14991,0,1.0
97,0.0,1.0,1.17,1.0,5.0,10,153.2827034781226,272.5875970453666,pobre,basal,3,500.0,514.0,1.0,55.0,12,439,14992,5,1.0
98,0.0,1.0,1.17,1.0,6.0,10,153.2827034781226,272.5875970453666,pobre,basal,3,500.0,514.0,1.0,55.0,13,439,14992,5,1.0
97,0.0,1.0,3.4660001,0.0,6.0,5,162.1234744133291,289.0157007361695,pobre,0,0,200.0,817.5,1.0,57.0,15,408,14993,6,0.0
98,0.0,1.0,3.4660001,,,5,162.1234744133291,289.0157007361695,pobre,0,0,200.0,817.5,1.0,57.0,16,408,14993,6,0.0
97,1.0,1.0,3.4660001,1.0,5.0,5,162.1234744133291,289.0157007361695,pobre,0,0,200.0,817.5,1.0,57.0,13,408,14994,5,1.0
98,1.0,1.0,3.4660001,1.0,6.0,5,162.1234744133291,289.0157007361695,pobre,0,0,200.0,817.5,1.0,57.0,14,408,14994,5,1.0
97,1.0,1.0,3.4660001,1.0,3.0,5,162.1234744133291,289.0157007361695,pobre,0,0,200.0,817.5,1.0,57.0,10,408,14995,3,1.0
98,1.0,1.0,3.4660001,1.0,4.0,5,162.1234744133291,289.0157007361695,pobre,0,0,200.0,817.5,1.0,57.0,11,408,14995,3,1.0
97,0.0,1.0,3.4660001,1.0,5.0,5,162.1234744133291,289.0157007361695,pobre,0,6,375.0,553.0,1.0,30.0,12,408,14996,5,1.0
98,0.0,1.0,3.4660001,1.0,6.0,5,162.1234744133291,289.0157007361695,pobre,0,6,375.0,553.0,1.0,30.0,13,408,14996,5,1.0
97,1.0,1.0,3.4660001,1.0,3.0,5,162.1234744133291,289.0157007361695,pobre,0,6,375.0,553.0,1.0,30.0,9,408,14997,3,1.0
98,1.0,1.0,3.4660001,1.0,4.0,5,162.1234744133291,289.0157007361695,pobre,0,6,375.0,553.0,1.0,30.0,10,408,14997,3,1.0
97,1.0,1.0,3.4660001,0.0,5.0,6,162.1234744133291,289.0157007361695,pobre,0,2,375.0,560.0,1.0,37.0,14,408,14998,5,0.0
98,1.0,1.0,3.4660001,,,6,162.1234744133291,289.0157007361695,pobre,0,2,375.0,560.0,1.0,37.0,15,408,14998,5,0.0
97,1.0,1.0,3.4660001,1.0,5.0,6,162.1234744133291,289.0157007361695,pobre,0,2,375.0,560.0,1.0,37.0,11,408,14999,5,1.0
98,1.0,1.0,3.4660001,0.0,6.0,6,162.1234744133291,289.0157007361695,pobre,0,2,375.0,560.0,1.0,37.0,12,408,14999,5,1.0
97,1.0,1.0,3.4660001,1.0,1.0,6,162.1234744133291,289.0157007361695,pobre,0,2,375.0,560.0,1.0,37.0,7,408,15000,1,1.0
98,1.0,1.0,3.4660001,1.0,2.0,6,162.1234744133291,289.0157007361695,pobre,0,2,375.0,560.0,1.0,37.0,8,408,15000,1,1.0
97,1.0,1.0,3.4660001,1.0,2.0,5,162.1234744133291,289.0157007361695,pobre,0,6,375.0,722.0,1.0,27.0,9,408,15001,2,1.0
98,1.0,1.0,3.4660001,1.0,2.0,5,162.1234744133291,289.0157007361695,pobre,0,6,375.0,722.0,1.0,27.0,10,408,15001,2,1.0
97,1.0,1.0,3.4660001,1.0,7.0,6,162.1234744133291,289.0157007361695,pobre,0,6,800.0,562.0,1.0,44.0,14,408,15002,7,1.0
98,1.0,1.0,3.4660001,1.0,8.0,6,162.1234744133291,289.0157007361695,pobre,0,6,800.0,562.0,1.0,44.0,15,408,15002,7,1.0
97,0.0,1.0,3.4660001,1.0,3.0,6,162.1234744133291,289.0157007361695,pobre,0,6,800.0,562.0,1.0,44.0,9,408,15003,3,1.0
98,0.0,1.0,3.4660001,1.0,4.0,6,162.1234744133291,289.0157007361695,pobre,0,6,800.0,562.0,1.0,44.0,10,408,15003,3,1.0
97,1.0,1.0,3.4660001,1.0,0.0,6,162.1234744133291,289.0157007361695,pobre,0,6,800.0,562.0,1.0,44.0,6,408,15004,0,1.0
98,1.0,1.0,3.4660001,1.0,1.0,6,162.1234744133291,289.0157007361695,pobre,0,6,800.0,562.0,1.0,44.0,7,408,15004,0,1.0
97,0.0,1.0,3.4660001,1.0,5.0,9,162.1234744133291,289.0157007361695,pobre,0,0,300.0,577.5,1.0,67.0,11,408,15005,5,1.0
98,0.0,1.0,3.4660001,1.0,6.0,9,162.1234744133291,289.0157007361695,pobre,0,0,300.0,577.5,1.0,67.0,12,408,15005,5,1.0
97,0.0,1.0,3.4660001,1.0,2.0,9,162.1234744133291,289.0157007361695,pobre,0,0,300.0,577.5,1.0,67.0,7,408,15006,2,1.0
98,0.0,1.0,3.4660001,1.0,3.0,9,162.1234744133291,289.0157007361695,pobre,0,0,300.0,577.5,1.0,67.0,8,408,15006,2,1.0
97,1.0,1.0,3.4660001,0.0,6.0,8,162.1234744133291,289.0157007361695,pobre,0,4,300.0,521.0,1.0,34.0,14,408,15007,6,0.0
98,1.0,1.0,3.4660001,0.0,6.0,8,162.1234744133291,289.0157007361695,pobre,0,4,300.0,521.0,1.0,34.0,15,408,15007,6,0.0
97,1.0,1.0,3.4660001,1.0,2.0,8,162.1234744133291,289.0157007361695,pobre,0,4,300.0,521.0,1.0,34.0,12,408,15008,2,1.0
98,1.0,1.0,3.4660001,1.0,3.0,8,162.1234744133291,289.0157007361695,pobre,0,4,300.0,521.0,1.0,34.0,13,408,15008,2,1.0
97,0.0,1.0,3.4660001,1.0,1.0,8,162.1234744133291,289.0157007361695,pobre,0,4,300.0,521.0,1.0,34.0,10,408,15009,1,1.0
98,0.0,1.0,3.4660001,1.0,2.0,8,162.1234744133291,289.0157007361695,pobre,0,4,300.0,521.0,1.0,34.0,11,408,15009,1,1.0
97,0.0,1.0,3.4660001,1.0,0.0,8,162.1234744133291,289.0157007361695,pobre,0,4,300.0,521.0,1.0,34.0,6,408,15010,0,1.0
98,0.0,1.0,3.4660001,1.0,1.0,8,162.1234744133291,289.0157007361695,pobre,0,4,300.0,521.0,1.0,34.0,7,408,15010,0,1.0
97,1.0,1.0,3.4660001,1.0,3.0,5,162.1234744133291,289.0157007361695,pobre,0,6,800.0,579.0,1.0,44.0,10,408,15011,3,1.0
98,1.0,1.0,3.4660001,1.0,4.0,5,162.1234744133291,289.0157007361695,pobre,0,6,800.0,579.0,1.0,44.0,11,408,15011,3,1.0
97,0.0,1.0,3.4660001,0.0,5.0,4,162.1234744133291,289.0157007361695,pobre,0,2,375.0,728.0,1.0,56.0,16,408,15012,5,0.0
98,0.0,1.0,3.4660001,0.0,6.0,4,162.1234744133291,289.0157007361695,pobre,0,2,375.0,728.0,1.0,56.0,17,408,15012,5,0.0
97,1.0,1.0,3.4660001,1.0,0.0,4,162.1234744133291,289.0157007361695,pobre,0,6,375.0,570.0,1.0,30.0,6,408,15013,0,1.0
98,1.0,1.0,3.4660001,1.0,0.0,4,162.1234744133291,289.0157007361695,pobre,0,6,375.0,570.0,1.0,30.0,7,408,15013,0,1.0
97,0.0,1.0,3.4660001,0.0,6.0,8,162.1234744133291,289.0157007361695,pobre,0,0,500.0,586.0,1.0,43.0,15,408,15014,6,0.0
98,0.0,1.0,3.4660001,,,8,162.1234744133291,289.0157007361695,pobre,0,0,500.0,586.0,1.0,43.0,16,408,15014,6,0.0
97,0.0,1.0,3.4660001,1.0,4.0,8,162.1234744133291,289.0157007361695,pobre,0,0,500.0,586.0,1.0,43.0,13,408,15015,4,1.0
98,0.0,1.0,3.4660001,1.0,5.0,8,162.1234744133291,289.0157007361695,pobre,0,0,500.0,586.0,1.0,43.0,14,408,15015,4,1.0
97,1.0,1.0,3.4660001,1.0,2.0,8,162.1234744133291,289.0157007361695,pobre,0,0,500.0,586.0,1.0,43.0,8,408,15016,2,1.0
98,1.0,1.0,3.4660001,1.0,3.0,8,162.1234744133291,289.0157007361695,pobre,0,0,500.0,586.0,1.0,43.0,9,408,15016,2,1.0
97,1.0,1.0,3.4660001,1.0,0.0,8,162.1234744133291,289.0157007361695,pobre,0,0,500.0,586.0,1.0,43.0,6,408,15017,0,1.0
98,1.0,1.0,3.4660001,1.0,0.0,8,162.1234744133291,289.0157007361695,pobre,0,0,500.0,586.0,1.0,43.0,7,408,15017,0,1.0
97,1.0,1.0,1.17,1.0,8.0,6,153.2827034781226,272.5875970453666,pobre,basal,3,500.0,664.0,1.0,38.0,14,439,15018,8,1.0
98,1.0,1.0,1.17,1.0,9.0,6,153.2827034781226,272.5875970453666,pobre,basal,3,500.0,664.0,1.0,38.0,15,439,15018,8,1.0
97,0.0,1.0,1.17,1.0,3.0,6,153.2827034781226,272.5875970453666,pobre,basal,3,500.0,664.0,1.0,38.0,9,439,15019,3,1.0
98,0.0,1.0,1.17,1.0,4.0,6,153.2827034781226,272.5875970453666,pobre,basal,3,500.0,664.0,1.0,38.0,10,439,15019,3,1.0
97,1.0,1.0,1.17,1.0,1.0,6,153.2827034781226,272.5875970453666,pobre,basal,3,500.0,664.0,1.0,38.0,8,439,15020,1,1.0
98,1.0,1.0,1.17,1.0,2.0,6,153.2827034781226,272.5875970453666,pobre,basal,3,500.0,664.0,1.0,38.0,9,439,15020,1,1.0
97,1.0,1.0,1.17,1.0,0.0,6,153.2827034781226,272.5875970453666,pobre,basal,3,500.0,664.0,1.0,38.0,6,439,15021,0,1.0
98,1.0,1.0,1.17,1.0,1.0,6,153.2827034781226,272.5875970453666,pobre,basal,3,500.0,664.0,1.0,38.0,7,439,15021,0,1.0
97,1.0,1.0,1.17,1.0,0.0,5,153.2827034781226,272.5875970453666,no pobre,basal,2,500.0,813.0,1.0,66.0,6,439,15022,0,1.0
98,1.0,1.0,1.17,1.0,1.0,5,153.2827034781226,272.5875970453666,no pobre,basal,2,500.0,813.0,1.0,66.0,7,439,15022,0,1.0
97,1.0,1.0,3.4660001,1.0,4.0,3,162.1234744133291,289.0157007361695,pobre,0,0,375.0,653.62,1.0,66.0,11,408,15023,4,1.0
98,1.0,1.0,3.4660001,1.0,5.0,3,162.1234744133291,289.0157007361695,pobre,0,0,375.0,653.62,1.0,66.0,12,408,15023,4,1.0
97,0.0,1.0,3.4660001,1.0,4.0,4,162.1234744133291,289.0157007361695,pobre,0,6,375.0,573.0,1.0,31.0,10,408,15024,4,1.0
98,0.0,1.0,3.4660001,1.0,5.0,4,162.1234744133291,289.0157007361695,pobre,0,6,375.0,573.0,1.0,31.0,11,408,15024,4,1.0
97,0.0,1.0,3.4660001,1.0,6.0,10,162.1234744133291,289.0157007361695,pobre,0,6,375.0,526.0,1.0,34.0,14,408,15025,6,1.0
98,0.0,1.0,3.4660001,0.0,6.0,10,162.1234744133291,289.0157007361695,pobre,0,6,375.0,526.0,1.0,34.0,15,408,15025,6,1.0
97,1.0,1.0,3.4660001,1.0,5.0,10,162.1234744133291,289.0157007361695,pobre,0,6,375.0,526.0,1.0,34.0,12,408,15026,5,1.0
98,1.0,1.0,3.4660001,1.0,6.0,10,162.1234744133291,289.0157007361695,pobre,0,6,375.0,526.0,1.0,34.0,13,408,15026,5,1.0
97,1.0,1.0,3.4660001,1.0,3.0,10,162.1234744133291,289.0157007361695,pobre,0,6,375.0,526.0,1.0,34.0,9,408,15027,3,1.0
98,1.0,1.0,3.4660001,1.0,4.0,10,162.1234744133291,289.0157007361695,pobre,0,6,375.0,526.0,1.0,34.0,10,408,15027,3,1.0
97,0.0,1.0,3.4660001,1.0,1.0,10,162.1234744133291,289.0157007361695,pobre,0,6,375.0,526.0,1.0,34.0,7,408,15028,1,1.0
98,0.0,1.0,3.4660001,1.0,2.0,10,162.1234744133291,289.0157007361695,pobre,0,6,375.0,526.0,1.0,34.0,8,408,15028,1,1.0
97,1.0,1.0,3.4660001,0.0,5.0,6,162.1234744133291,289.0157007361695,pobre,0,0,375.0,547.0,1.0,36.0,13,408,15029,5,0.0
98,1.0,1.0,3.4660001,0.0,6.0,6,162.1234744133291,289.0157007361695,pobre,0,0,375.0,547.0,1.0,36.0,14,408,15029,5,0.0
97,1.0,1.0,3.4660001,0.0,6.0,9,162.1234744133291,289.0157007361695,pobre,0,3,375.0,551.0,1.0,38.0,15,408,15030,6,0.0
98,1.0,1.0,3.4660001,0.0,6.0,9,162.1234744133291,289.0157007361695,pobre,0,3,375.0,551.0,1.0,38.0,16,408,15030,6,0.0
97,1.0,1.0,3.4660001,1.0,3.0,9,162.1234744133291,289.0157007361695,pobre,0,3,375.0,551.0,1.0,38.0,12,408,15031,3,1.0
98,1.0,1.0,3.4660001,1.0,3.0,9,162.1234744133291,289.0157007361695,pobre,0,3,375.0,551.0,1.0,38.0,13,408,15031,3,1.0
97,1.0,1.0,3.4660001,1.0,2.0,9,162.1234744133291,289.0157007361695,pobre,0,3,375.0,551.0,1.0,38.0,9,408,15032,2,1.0
98,1.0,1.0,3.4660001,1.0,3.0,9,162.1234744133291,289.0157007361695,pobre,0,3,375.0,551.0,1.0,38.0,10,408,15032,2,1.0
97,1.0,1.0,3.4660001,1.0,0.0,9,162.1234744133291,289.0157007361695,pobre,0,3,375.0,551.0,1.0,38.0,6,408,15033,0,1.0
98,1.0,1.0,3.4660001,1.0,1.0,9,162.1234744133291,289.0157007361695,pobre,0,3,375.0,551.0,1.0,38.0,7,408,15033,0,1.0
97,0.0,1.0,3.4660001,1.0,1.0,7,162.1234744133291,289.0157007361695,pobre,0,6,375.0,482.0,1.0,31.0,6,408,15034,1,1.0
98,0.0,1.0,3.4660001,1.0,1.0,7,162.1234744133291,289.0157007361695,pobre,0,6,375.0,482.0,1.0,31.0,7,408,15034,1,1.0
97,1.0,1.0,3.4660001,1.0,5.0,5,162.1234744133291,289.0157007361695,pobre,0,5,375.0,574.5,1.0,31.0,11,408,15035,5,1.0
98,1.0,1.0,3.4660001,0.0,6.0,5,162.1234744133291,289.0157007361695,pobre,0,5,375.0,574.5,1.0,31.0,12,408,15035,5,1.0
97,1.0,1.0,3.4660001,1.0,0.0,5,162.1234744133291,289.0157007361695,pobre,0,5,375.0,574.5,1.0,31.0,6,408,15036,0,1.0
98,1.0,1.0,3.4660001,1.0,0.0,5,162.1234744133291,289.0157007361695,pobre,0,5,375.0,574.5,1.0,31.0,7,408,15036,0,1.0
97,1.0,1.0,1.156,1.0,3.0,10,125.5115061220008,341.051808976263,pobre,0,0,500.0,614.0,1.0,62.0,12,420,15037,3,1.0
98,1.0,1.0,1.156,1.0,8.0,10,125.5115061220008,341.051808976263,pobre,0,0,500.0,614.0,1.0,62.0,13,420,15037,3,1.0
97,1.0,1.0,1.156,1.0,4.0,10,125.5115061220008,341.051808976263,pobre,0,0,500.0,614.0,1.0,62.0,10,420,15038,4,1.0
98,1.0,1.0,1.156,1.0,5.0,10,125.5115061220008,341.051808976263,pobre,0,0,500.0,614.0,1.0,62.0,11,420,15038,4,1.0
97,0.0,1.0,1.156,1.0,1.0,10,125.5115061220008,341.051808976263,pobre,0,0,500.0,614.0,1.0,62.0,7,420,15039,1,1.0
98,0.0,1.0,1.156,1.0,2.0,10,125.5115061220008,341.051808976263,pobre,0,0,500.0,614.0,1.0,62.0,8,420,15039,1,1.0
97,1.0,0.0,1.156,1.0,9.0,4,125.5115061220008,341.051808976263,pobre,0,5,1000.0,627.0,1.0,36.0,16,420,15040,9,1.0
98,1.0,0.0,1.156,,,4,125.5115061220008,341.051808976263,pobre,0,5,1000.0,627.0,1.0,36.0,17,420,15040,9,1.0
97,1.0,0.0,1.156,1.0,9.0,4,125.5115061220008,341.051808976263,pobre,0,5,1000.0,627.0,1.0,36.0,14,420,15041,9,1.0
98,1.0,0.0,1.156,0.0,9.0,4,125.5115061220008,341.051808976263,pobre,0,5,1000.0,627.0,1.0,36.0,15,420,15041,9,1.0
97,1.0,0.0,2.79,1.0,7.0,5,131.3738812186599,325.9493733108014,no pobre,basal,3,500.0,868.0,1.0,63.0,13,416,15042,7,1.0
98,1.0,0.0,2.79,,,5,131.3738812186599,325.9493733108014,no pobre,basal,3,500.0,868.0,1.0,63.0,14,416,15042,7,1.0
97,1.0,0.0,2.79,0.0,9.0,8,131.3738812186599,325.9493733108014,pobre,basal,1,500.0,775.0,1.0,62.0,16,416,15043,9,0.0
98,1.0,0.0,2.79,,,8,131.3738812186599,325.9493733108014,pobre,basal,1,500.0,775.0,1.0,62.0,17,416,15043,9,0.0
97,0.0,0.0,2.79,0.0,6.0,8,131.3738812186599,325.9493733108014,pobre,basal,1,500.0,775.0,1.0,62.0,15,416,15044,6,0.0
98,0.0,0.0,2.79,1.0,6.0,8,131.3738812186599,325.9493733108014,pobre,basal,1,500.0,775.0,1.0,62.0,16,416,15044,6,0.0
97,0.0,0.0,2.79,1.0,5.0,8,131.3738812186599,325.9493733108014,pobre,basal,1,500.0,775.0,1.0,62.0,13,416,15045,5,1.0
98,0.0,0.0,2.79,1.0,6.0,8,131.3738812186599,325.9493733108014,pobre,basal,1,500.0,775.0,1.0,62.0,14,416,15045,5,1.0
97,1.0,0.0,2.79,1.0,5.0,8,131.3738812186599,325.9493733108014,pobre,basal,1,500.0,775.0,1.0,62.0,12,416,15046,5,1.0
98,1.0,0.0,2.79,0.0,6.0,8,131.3738812186599,325.9493733108014,pobre,basal,1,500.0,775.0,1.0,62.0,13,416,15046,5,1.0
97,1.0,0.0,2.79,1.0,3.0,9,131.3738812186599,325.9493733108014,pobre,basal,1,800.0,697.5,1.0,30.0,9,416,15047,3,1.0
98,1.0,0.0,2.79,1.0,4.0,9,131.3738812186599,325.9493733108014,pobre,basal,1,800.0,697.5,1.0,30.0,10,416,15047,3,1.0
97,1.0,0.0,2.79,1.0,1.0,9,131.3738812186599,325.9493733108014,pobre,basal,1,800.0,697.5,1.0,30.0,7,416,15048,1,1.0
98,1.0,0.0,2.79,1.0,2.0,9,131.3738812186599,325.9493733108014,pobre,basal,1,800.0,697.5,1.0,30.0,8,416,15048,1,1.0
97,0.0,0.0,2.79,1.0,8.0,6,131.3738812186599,325.9493733108014,pobre,basal,4,625.0,636.0,1.0,42.0,16,416,15049,8,1.0
98,0.0,0.0,2.79,,,6,131.3738812186599,325.9493733108014,pobre,basal,4,625.0,636.0,1.0,42.0,17,416,15049,8,1.0
97,0.0,0.0,2.79,0.0,6.0,6,131.3738812186599,325.9493733108014,pobre,basal,4,625.0,636.0,1.0,42.0,14,416,15050,6,0.0
98,0.0,0.0,2.79,0.0,6.0,6,131.3738812186599,325.9493733108014,pobre,basal,4,625.0,636.0,1.0,42.0,15,416,15050,6,0.0
97,1.0,0.0,2.79,1.0,1.0,6,131.3738812186599,325.9493733108014,pobre,basal,4,625.0,636.0,1.0,42.0,7,416,15051,1,1.0
98,1.0,0.0,2.79,1.0,2.0,6,131.3738812186599,325.9493733108014,pobre,basal,4,625.0,636.0,1.0,42.0,8,416,15051,1,1.0
97,1.0,1.0,1.156,0.0,3.0,4,125.5115061220008,341.051808976263,pobre,0,1,500.0,625.0,1.0,57.0,16,420,15052,3,0.0
98,1.0,1.0,1.156,,,4,125.5115061220008,341.051808976263,pobre,0,1,500.0,625.0,1.0,57.0,17,420,15052,3,0.0
97,1.0,1.0,1.156,0.0,3.0,4,125.5115061220008,341.051808976263,pobre,0,1,500.0,625.0,1.0,57.0,11,420,15053,3,0.0
98,1.0,1.0,1.156,1.0,5.0,4,125.5115061220008,341.051808976263,pobre,0,1,500.0,625.0,1.0,57.0,12,420,15053,3,0.0
97,0.0,1.0,1.156,0.0,6.0,8,125.5115061220008,341.051808976263,pobre,0,3,500.0,460.0,1.0,43.0,12,420,15054,6,0.0
98,0.0,1.0,1.156,0.0,6.0,8,125.5115061220008,341.051808976263,pobre,0,3,500.0,460.0,1.0,43.0,13,420,15054,6,0.0
97,0.0,1.0,1.156,1.0,4.0,8,125.5115061220008,341.051808976263,pobre,0,3,500.0,460.0,1.0,43.0,10,420,15055,4,1.0
98,0.0,1.0,1.156,1.0,5.0,8,125.5115061220008,341.051808976263,pobre,0,3,500.0,460.0,1.0,43.0,11,420,15055,4,1.0
97,1.0,1.0,1.156,1.0,1.0,8,125.5115061220008,341.051808976263,pobre,0,3,500.0,460.0,1.0,43.0,7,420,15056,1,1.0
98,1.0,1.0,1.156,1.0,2.0,8,125.5115061220008,341.051808976263,pobre,0,3,500.0,460.0,1.0,43.0,8,420,15056,1,1.0
97,0.0,1.0,1.156,0.0,6.0,5,125.5115061220008,341.051808976263,pobre,0,1,500.0,789.5,1.0,47.0,13,420,15057,6,0.0
98,0.0,1.0,1.156,1.0,6.0,5,125.5115061220008,341.051808976263,pobre,0,1,500.0,789.5,1.0,47.0,14,420,15057,6,0.0
97,1.0,1.0,1.156,1.0,3.0,6,125.5115061220008,341.051808976263,pobre,0,0,500.0,538.0,1.0,48.0,10,420,15058,3,1.0
98,1.0,1.0,1.156,1.0,4.0,6,125.5115061220008,341.051808976263,pobre,0,0,500.0,538.0,1.0,48.0,11,420,15058,3,1.0
97,0.0,1.0,1.156,1.0,1.0,6,125.5115061220008,341.051808976263,pobre,0,0,500.0,538.0,1.0,48.0,8,420,15059,1,1.0
98,0.0,1.0,1.156,1.0,2.0,6,125.5115061220008,341.051808976263,pobre,0,0,500.0,538.0,1.0,48.0,9,420,15059,1,1.0
97,1.0,1.0,1.156,1.0,6.0,7,125.5115061220008,341.051808976263,pobre,0,3,625.0,495.0,1.0,49.0,14,420,15060,6,1.0
98,1.0,1.0,1.156,1.0,7.0,7,125.5115061220008,341.051808976263,pobre,0,3,625.0,495.0,1.0,49.0,15,420,15060,6,1.0
97,0.0,1.0,1.156,1.0,4.0,7,125.5115061220008,341.051808976263,pobre,0,3,625.0,495.0,1.0,49.0,10,420,15061,4,1.0
98,0.0,1.0,1.156,1.0,5.0,7,125.5115061220008,341.051808976263,pobre,0,3,625.0,495.0,1.0,49.0,11,420,15061,4,1.0
97,0.0,1.0,1.156,1.0,2.0,7,125.5115061220008,341.051808976263,pobre,0,3,625.0,495.0,1.0,49.0,8,420,15062,2,1.0
98,0.0,1.0,1.156,1.0,3.0,7,125.5115061220008,341.051808976263,pobre,0,3,625.0,495.0,1.0,49.0,9,420,15062,2,1.0
97,1.0,1.0,1.156,1.0,6.0,5,125.5115061220008,341.051808976263,pobre,0,0,500.0,655.5,1.0,67.0,12,420,15063,6,1.0
98,1.0,1.0,1.156,1.0,7.0,5,125.5115061220008,341.051808976263,pobre,0,0,500.0,655.5,1.0,67.0,13,420,15063,6,1.0
97,1.0,1.0,1.156,1.0,9.0,8,125.5115061220008,341.051808976263,pobre,0,4,500.0,742.0,1.0,47.0,16,420,15064,9,1.0
98,1.0,1.0,1.156,,,8,125.5115061220008,341.051808976263,pobre,0,4,500.0,742.0,1.0,47.0,17,420,15064,9,1.0
97,1.0,1.0,1.156,1.0,9.0,8,125.5115061220008,341.051808976263,pobre,0,4,500.0,742.0,1.0,47.0,14,420,15065,9,1.0
98,1.0,1.0,1.156,1.0,10.0,8,125.5115061220008,341.051808976263,pobre,0,4,500.0,742.0,1.0,47.0,15,420,15065,9,1.0
97,0.0,1.0,1.156,1.0,6.0,8,125.5115061220008,341.051808976263,pobre,0,4,500.0,742.0,1.0,47.0,12,420,15066,6,1.0
98,0.0,1.0,1.156,1.0,7.0,8,125.5115061220008,341.051808976263,pobre,0,4,500.0,742.0,1.0,47.0,13,420,15066,6,1.0
97,0.0,1.0,1.156,1.0,4.0,8,125.5115061220008,341.051808976263,pobre,0,4,500.0,742.0,1.0,47.0,10,420,15067,4,1.0
98,0.0,1.0,1.156,1.0,5.0,8,125.5115061220008,341.051808976263,pobre,0,4,500.0,742.0,1.0,47.0,11,420,15067,4,1.0
97,0.0,1.0,1.156,1.0,1.0,8,125.5115061220008,341.051808976263,pobre,0,4,500.0,742.0,1.0,47.0,8,420,15068,1,1.0
98,0.0,1.0,1.156,1.0,2.0,8,125.5115061220008,341.051808976263,pobre,0,4,500.0,742.0,1.0,47.0,9,420,15068,1,1.0
97,0.0,1.0,1.156,,0.0,3,125.5115061220008,341.051808976263,pobre,0,0,0.0,709.0,0.0,52.0,16,420,15069,0,
98,0.0,1.0,1.156,,,3,125.5115061220008,341.051808976263,pobre,0,0,0.0,709.0,0.0,52.0,17,420,15069,0,
97,1.0,0.0,1.156,1.0,2.0,6,125.5115061220008,341.051808976263,pobre,0,2,0.0,517.0,1.0,58.0,10,420,15070,2,1.0
98,1.0,0.0,1.156,1.0,3.0,6,125.5115061220008,341.051808976263,pobre,0,2,0.0,517.0,1.0,58.0,11,420,15070,2,1.0
97,0.0,0.0,1.156,1.0,1.0,6,125.5115061220008,341.051808976263,pobre,0,2,0.0,517.0,1.0,58.0,7,420,15071,1,1.0
98,0.0,0.0,1.156,1.0,2.0,6,125.5115061220008,341.051808976263,pobre,0,2,0.0,517.0,1.0,58.0,8,420,15071,1,1.0
97,0.0,1.0,1.156,1.0,5.0,7,125.5115061220008,341.051808976263,pobre,0,3,500.0,482.0,1.0,40.0,14,420,15072,5,1.0
98,0.0,1.0,1.156,0.0,6.0,7,125.5115061220008,341.051808976263,pobre,0,3,500.0,482.0,1.0,40.0,15,420,15072,5,1.0
97,1.0,1.0,1.156,1.0,4.0,7,125.5115061220008,341.051808976263,pobre,0,3,500.0,482.0,1.0,40.0,11,420,15073,4,1.0
98,1.0,1.0,1.156,1.0,5.0,7,125.5115061220008,341.051808976263,pobre,0,3,500.0,482.0,1.0,40.0,12,420,15073,4,1.0
97,0.0,1.0,1.156,1.0,5.0,3,125.5115061220008,341.051808976263,pobre,0,4,500.0,783.0,1.0,24.0,12,420,15074,5,1.0
98,0.0,1.0,1.156,1.0,6.0,3,125.5115061220008,341.051808976263,pobre,0,4,500.0,783.0,1.0,24.0,13,420,15074,5,1.0
97,0.0,1.0,1.156,1.0,3.0,5,125.5115061220008,341.051808976263,pobre,0,2,500.0,666.5,1.0,47.0,9,420,15075,3,1.0
98,0.0,1.0,1.156,1.0,4.0,5,125.5115061220008,341.051808976263,pobre,0,2,500.0,666.5,1.0,47.0,10,420,15075,3,1.0
97,1.0,1.0,1.156,0.0,6.0,5,125.5115061220008,341.051808976263,pobre,0,2,500.0,666.5,1.0,47.0,16,420,15076,6,0.0
98,1.0,1.0,1.156,,,5,125.5115061220008,341.051808976263,pobre,0,2,500.0,666.5,1.0,47.0,17,420,15076,6,0.0
97,1.0,1.0,1.156,1.0,8.0,5,125.5115061220008,341.051808976263,pobre,0,2,500.0,666.5,1.0,47.0,14,420,15077,8,1.0
98,1.0,1.0,1.156,0.0,9.0,5,125.5115061220008,341.051808976263,pobre,0,2,500.0,666.5,1.0,47.0,15,420,15077,8,1.0
97,0.0,1.0,1.156,1.0,5.0,8,125.5115061220008,341.051808976263,pobre,0,2,500.0,647.0,1.0,69.0,11,420,15078,5,1.0
98,0.0,1.0,1.156,1.0,5.0,8,125.5115061220008,341.051808976263,pobre,0,2,500.0,647.0,1.0,69.0,12,420,15078,5,1.0
97,1.0,1.0,1.156,0.0,2.0,8,125.5115061220008,341.051808976263,pobre,0,3,500.0,642.33002,1.0,43.0,16,420,15079,2,0.0
98,1.0,1.0,1.156,,,8,125.5115061220008,341.051808976263,pobre,0,3,500.0,642.33002,1.0,43.0,17,420,15079,2,0.0
97,1.0,1.0,1.156,1.0,5.0,8,125.5115061220008,341.051808976263,pobre,0,3,500.0,642.33002,1.0,43.0,14,420,15080,5,1.0
98,1.0,1.0,1.156,1.0,6.0,8,125.5115061220008,341.051808976263,pobre,0,3,500.0,642.33002,1.0,43.0,15,420,15080,5,1.0
97,1.0,1.0,1.156,1.0,2.0,8,125.5115061220008,341.051808976263,pobre,0,3,500.0,642.33002,1.0,43.0,12,420,15081,2,1.0
98,1.0,1.0,1.156,1.0,4.0,8,125.5115061220008,341.051808976263,pobre,0,3,500.0,642.33002,1.0,43.0,13,420,15081,2,1.0
97,1.0,1.0,1.156,1.0,1.0,8,125.5115061220008,341.051808976263,pobre,0,3,500.0,642.33002,1.0,43.0,8,420,15082,1,1.0
98,1.0,1.0,1.156,1.0,2.0,8,125.5115061220008,341.051808976263,pobre,0,3,500.0,642.33002,1.0,43.0,9,420,15082,1,1.0
97,0.0,0.0,1.156,1.0,7.0,5,125.5115061220008,341.051808976263,pobre,0,4,625.0,725.0,1.0,37.0,14,420,15083,7,1.0
98,0.0,0.0,1.156,1.0,8.0,5,125.5115061220008,341.051808976263,pobre,0,4,625.0,725.0,1.0,37.0,15,420,15083,7,1.0
97,1.0,0.0,1.156,1.0,6.0,5,125.5115061220008,341.051808976263,pobre,0,4,625.0,725.0,1.0,37.0,13,420,15084,6,1.0
98,1.0,0.0,1.156,1.0,7.0,5,125.5115061220008,341.051808976263,pobre,0,4,625.0,725.0,1.0,37.0,14,420,15084,6,1.0
97,1.0,0.0,1.156,1.0,5.0,5,125.5115061220008,341.051808976263,pobre,0,4,625.0,725.0,1.0,37.0,11,420,15085,5,1.0
98,1.0,0.0,1.156,1.0,6.0,5,125.5115061220008,341.051808976263,pobre,0,4,625.0,725.0,1.0,37.0,12,420,15085,5,1.0
97,1.0,0.0,3.737,0.0,6.0,8,79.32525308118672,79.32525308118672,pobre,basal,3,750.0,952.0,1.0,43.0,16,294,15086,6,0.0
98,1.0,0.0,3.737,0.0,6.0,8,79.32525308118672,79.32525308118672,pobre,basal,3,750.0,952.0,1.0,43.0,17,294,15086,6,0.0
97,1.0,0.0,3.737,0.0,6.0,8,79.32525308118672,79.32525308118672,pobre,basal,3,750.0,952.0,1.0,43.0,14,294,15087,6,0.0
98,1.0,0.0,3.737,0.0,6.0,8,79.32525308118672,79.32525308118672,pobre,basal,3,750.0,952.0,1.0,43.0,15,294,15087,6,0.0
97,0.0,0.0,3.737,1.0,4.0,8,79.32525308118672,79.32525308118672,pobre,basal,3,750.0,952.0,1.0,43.0,11,294,15088,4,1.0
98,0.0,0.0,3.737,1.0,5.0,8,79.32525308118672,79.32525308118672,pobre,basal,3,750.0,952.0,1.0,43.0,12,294,15088,4,1.0
97,1.0,0.0,3.737,1.0,2.0,3,79.32525308118672,79.32525308118672,pobre,basal,13,240.0,810.0,0.0,30.0,8,294,15089,2,1.0
98,1.0,0.0,3.737,,,3,79.32525308118672,79.32525308118672,pobre,basal,13,240.0,810.0,0.0,30.0,9,294,15089,2,1.0
97,1.0,0.0,2.79,1.0,9.0,7,131.3738812186599,325.9493733108014,no pobre,basal,4,7500.0,867.5,1.0,51.0,16,416,15090,9,1.0
98,1.0,0.0,2.79,,,7,131.3738812186599,325.9493733108014,no pobre,basal,4,7500.0,867.5,1.0,51.0,17,416,15090,9,1.0
97,0.0,0.0,2.79,1.0,2.0,7,131.3738812186599,325.9493733108014,no pobre,basal,4,7500.0,867.5,1.0,51.0,8,416,15091,2,1.0
98,0.0,0.0,2.79,1.0,3.0,7,131.3738812186599,325.9493733108014,no pobre,basal,4,7500.0,867.5,1.0,51.0,9,416,15091,2,1.0
97,0.0,0.0,2.79,1.0,0.0,7,131.3738812186599,325.9493733108014,no pobre,basal,4,7500.0,867.5,1.0,51.0,6,416,15092,0,1.0
98,0.0,0.0,2.79,1.0,1.0,7,131.3738812186599,325.9493733108014,no pobre,basal,4,7500.0,867.5,1.0,51.0,7,416,15092,0,1.0
97,1.0,0.0,2.79,0.0,2.0,6,131.3738812186599,325.9493733108014,no pobre,basal,0,1200.0,920.0,1.0,38.0,16,416,15093,2,0.0
98,1.0,0.0,2.79,,,6,131.3738812186599,325.9493733108014,no pobre,basal,0,1200.0,920.0,1.0,38.0,17,416,15093,2,0.0
97,0.0,0.0,2.79,1.0,8.0,6,131.3738812186599,325.9493733108014,no pobre,basal,0,1200.0,920.0,1.0,38.0,15,416,15094,8,1.0
98,0.0,0.0,2.79,,,6,131.3738812186599,325.9493733108014,no pobre,basal,0,1200.0,920.0,1.0,38.0,16,416,15094,8,1.0
97,1.0,0.0,2.79,1.0,6.0,6,131.3738812186599,325.9493733108014,no pobre,basal,0,1200.0,920.0,1.0,38.0,12,416,15095,6,1.0
98,1.0,0.0,2.79,,,6,131.3738812186599,325.9493733108014,no pobre,basal,0,1200.0,920.0,1.0,38.0,13,416,15095,6,1.0
97,0.0,0.0,2.79,1.0,1.0,6,131.3738812186599,325.9493733108014,pobre,basal,9,1200.0,838.0,1.0,30.0,7,416,15096,1,1.0
98,0.0,0.0,2.79,1.0,2.0,6,131.3738812186599,325.9493733108014,pobre,basal,9,1200.0,838.0,1.0,30.0,8,416,15096,1,1.0
97,1.0,0.0,2.402,1.0,9.0,7,126.7014448642074,325.7895880014124,pobre,basal,2,500.0,757.5,1.0,54.0,15,417,15097,9,1.0
98,1.0,0.0,2.402,1.0,9.0,7,126.7014448642074,325.7895880014124,pobre,basal,2,500.0,757.5,1.0,54.0,16,417,15097,9,1.0
97,1.0,0.0,2.402,1.0,4.0,7,126.7014448642074,325.7895880014124,pobre,basal,2,500.0,757.5,1.0,54.0,10,417,15098,4,1.0
98,1.0,0.0,2.402,1.0,5.0,7,126.7014448642074,325.7895880014124,pobre,basal,2,500.0,757.5,1.0,54.0,11,417,15098,4,1.0
97,0.0,0.0,2.402,1.0,3.0,7,126.7014448642074,325.7895880014124,pobre,basal,2,500.0,757.5,1.0,54.0,9,417,15099,3,1.0
98,0.0,0.0,2.402,1.0,4.0,7,126.7014448642074,325.7895880014124,pobre,basal,2,500.0,757.5,1.0,54.0,10,417,15099,3,1.0
97,0.0,0.0,3.737,1.0,7.0,8,79.32525308118672,79.32525308118672,pobre,basal,6,750.0,643.0,1.0,38.0,14,294,15100,7,1.0
98,0.0,0.0,3.737,1.0,8.0,8,79.32525308118672,79.32525308118672,pobre,basal,6,750.0,643.0,1.0,38.0,15,294,15100,7,1.0
97,1.0,0.0,3.737,1.0,6.0,8,79.32525308118672,79.32525308118672,pobre,basal,6,750.0,643.0,1.0,38.0,10,294,15101,6,1.0
98,1.0,0.0,3.737,1.0,6.0,8,79.32525308118672,79.32525308118672,pobre,basal,6,750.0,643.0,1.0,38.0,11,294,15101,6,1.0
97,1.0,0.0,3.737,1.0,1.0,8,79.32525308118672,79.32525308118672,pobre,basal,6,750.0,643.0,1.0,38.0,6,294,15102,1,1.0
98,1.0,0.0,3.737,1.0,2.0,8,79.32525308118672,79.32525308118672,pobre,basal,6,750.0,643.0,1.0,38.0,7,294,15102,1,1.0
97,1.0,0.0,2.79,1.0,3.0,8,131.3738812186599,325.9493733108014,pobre,basal,6,1250.0,465.0,1.0,29.0,9,416,15103,3,1.0
98,1.0,0.0,2.79,1.0,4.0,8,131.3738812186599,325.9493733108014,pobre,basal,6,1250.0,465.0,1.0,29.0,10,416,15103,3,1.0
97,0.0,0.0,2.79,1.0,1.0,8,131.3738812186599,325.9493733108014,pobre,basal,6,1250.0,465.0,1.0,29.0,7,416,15104,1,1.0
98,0.0,0.0,2.79,1.0,2.0,8,131.3738812186599,325.9493733108014,pobre,basal,6,1250.0,465.0,1.0,29.0,8,416,15104,1,1.0
97,0.0,0.0,2.79,1.0,0.0,8,131.3738812186599,325.9493733108014,pobre,basal,6,1250.0,465.0,1.0,29.0,6,416,15105,0,1.0
98,0.0,0.0,2.79,1.0,1.0,8,131.3738812186599,325.9493733108014,pobre,basal,6,1250.0,465.0,1.0,29.0,7,416,15105,0,1.0
97,0.0,0.0,2.79,1.0,6.0,8,131.3738812186599,325.9493733108014,no pobre,basal,1,625.0,982.0,1.0,47.0,12,416,15106,6,1.0
98,0.0,0.0,2.79,1.0,7.0,8,131.3738812186599,325.9493733108014,no pobre,basal,1,625.0,982.0,1.0,47.0,13,416,15106,6,1.0
97,1.0,0.0,2.79,1.0,1.0,8,131.3738812186599,325.9493733108014,no pobre,basal,1,625.0,982.0,1.0,47.0,10,416,15107,1,1.0
98,1.0,0.0,2.79,1.0,2.0,8,131.3738812186599,325.9493733108014,no pobre,basal,1,625.0,982.0,1.0,47.0,11,416,15107,1,1.0
97,0.0,0.0,2.79,1.0,1.0,8,131.3738812186599,325.9493733108014,no pobre,basal,1,625.0,982.0,1.0,47.0,7,416,15108,1,1.0
98,0.0,0.0,2.79,1.0,2.0,8,131.3738812186599,325.9493733108014,no pobre,basal,1,625.0,982.0,1.0,47.0,8,416,15108,1,1.0
97,1.0,0.0,2.402,0.0,5.0,6,126.7014448642074,325.7895880014124,pobre,basal,1,375.0,733.0,1.0,57.0,13,417,15109,5,0.0
98,1.0,0.0,2.402,1.0,8.0,6,126.7014448642074,325.7895880014124,pobre,basal,1,375.0,733.0,1.0,57.0,14,417,15109,5,0.0
97,1.0,0.0,2.402,1.0,4.0,6,126.7014448642074,325.7895880014124,pobre,basal,1,375.0,733.0,1.0,57.0,10,417,15110,4,1.0
98,1.0,0.0,2.402,1.0,5.0,6,126.7014448642074,325.7895880014124,pobre,basal,1,375.0,733.0,1.0,57.0,11,417,15110,4,1.0
97,1.0,0.0,2.402,1.0,2.0,6,126.7014448642074,325.7895880014124,pobre,basal,1,375.0,733.0,1.0,57.0,8,417,15111,2,1.0
98,1.0,0.0,2.402,1.0,3.0,6,126.7014448642074,325.7895880014124,pobre,basal,1,375.0,733.0,1.0,57.0,9,417,15111,2,1.0
97,1.0,0.0,2.402,,0.0,6,126.7014448642074,325.7895880014124,pobre,basal,1,375.0,733.0,1.0,57.0,6,417,15112,0,
98,1.0,0.0,2.402,1.0,1.0,6,126.7014448642074,325.7895880014124,pobre,basal,1,375.0,733.0,1.0,57.0,7,417,15112,0,
97,0.0,0.0,2.402,,0.0,11,126.7014448642074,325.7895880014124,no pobre,basal,4,625.0,898.25,1.0,56.0,16,417,15113,0,
98,0.0,0.0,2.402,,,11,126.7014448642074,325.7895880014124,no pobre,basal,4,625.0,898.25,1.0,56.0,17,417,15113,0,
97,0.0,0.0,2.402,0.0,3.0,11,126.7014448642074,325.7895880014124,no pobre,basal,4,625.0,898.25,1.0,56.0,15,417,15114,3,0.0
98,0.0,0.0,2.402,0.0,3.0,11,126.7014448642074,325.7895880014124,no pobre,basal,4,625.0,898.25,1.0,56.0,16,417,15114,3,0.0
97,0.0,0.0,2.402,0.0,4.0,11,126.7014448642074,325.7895880014124,no pobre,basal,4,625.0,898.25,1.0,56.0,14,417,15115,4,0.0
98,0.0,0.0,2.402,0.0,8.0,11,126.7014448642074,325.7895880014124,no pobre,basal,4,625.0,898.25,1.0,56.0,15,417,15115,4,0.0
97,0.0,0.0,2.402,1.0,3.0,11,126.7014448642074,325.7895880014124,no pobre,basal,4,625.0,898.25,1.0,56.0,13,417,15116,3,1.0
98,0.0,0.0,2.402,1.0,8.0,11,126.7014448642074,325.7895880014124,no pobre,basal,4,625.0,898.25,1.0,56.0,14,417,15116,3,1.0
97,1.0,0.0,2.402,1.0,4.0,11,126.7014448642074,325.7895880014124,no pobre,basal,4,625.0,898.25,1.0,56.0,12,417,15117,4,1.0
98,1.0,0.0,2.402,1.0,5.0,11,126.7014448642074,325.7895880014124,no pobre,basal,4,625.0,898.25,1.0,56.0,13,417,15117,4,1.0
97,1.0,0.0,2.402,1.0,4.0,11,126.7014448642074,325.7895880014124,no pobre,basal,4,625.0,898.25,1.0,56.0,10,417,15118,4,1.0
98,1.0,0.0,2.402,1.0,5.0,11,126.7014448642074,325.7895880014124,no pobre,basal,4,625.0,898.25,1.0,56.0,11,417,15118,4,1.0
97,1.0,0.0,2.79,1.0,5.0,4,131.3738812186599,325.9493733108014,no pobre,basal,9,625.0,866.0,1.0,35.0,9,416,15119,5,1.0
98,1.0,0.0,2.79,1.0,6.0,4,131.3738812186599,325.9493733108014,no pobre,basal,9,625.0,866.0,1.0,35.0,10,416,15119,5,1.0
97,0.0,1.0,2.402,0.0,6.0,6,126.7014448642074,325.7895880014124,pobre,basal,4,500.0,716.0,1.0,45.0,12,417,15120,6,0.0
98,0.0,1.0,2.402,0.0,6.0,6,126.7014448642074,325.7895880014124,pobre,basal,4,500.0,716.0,1.0,45.0,13,417,15120,6,0.0
97,0.0,1.0,2.402,1.0,4.0,6,126.7014448642074,325.7895880014124,pobre,basal,4,500.0,716.0,1.0,45.0,10,417,15121,4,1.0
98,0.0,1.0,2.402,1.0,5.0,6,126.7014448642074,325.7895880014124,pobre,basal,4,500.0,716.0,1.0,45.0,11,417,15121,4,1.0
97,1.0,1.0,2.402,1.0,2.0,6,126.7014448642074,325.7895880014124,pobre,basal,4,500.0,716.0,1.0,45.0,8,417,15122,2,1.0
98,1.0,1.0,2.402,1.0,3.0,6,126.7014448642074,325.7895880014124,pobre,basal,4,500.0,716.0,1.0,45.0,9,417,15122,2,1.0
97,0.0,0.0,2.79,1.0,6.0,3,131.3738812186599,325.9493733108014,no pobre,basal,0,450.0,849.5,0.0,43.0,12,416,15123,6,1.0
98,0.0,0.0,2.79,1.0,8.0,3,131.3738812186599,325.9493733108014,no pobre,basal,0,450.0,849.5,0.0,43.0,13,416,15123,6,1.0
97,0.0,0.0,2.79,1.0,10.0,14,131.3738812186599,325.9493733108014,no pobre,basal,3,0.0,900.5,1.0,50.0,16,416,15124,10,1.0
98,0.0,0.0,2.79,1.0,11.0,14,131.3738812186599,325.9493733108014,no pobre,basal,3,0.0,900.5,1.0,50.0,17,416,15124,10,1.0
97,0.0,0.0,2.79,1.0,7.0,14,131.3738812186599,325.9493733108014,no pobre,basal,3,0.0,900.5,1.0,50.0,14,416,15125,7,1.0
98,0.0,0.0,2.79,1.0,8.0,14,131.3738812186599,325.9493733108014,no pobre,basal,3,0.0,900.5,1.0,50.0,15,416,15125,7,1.0
97,1.0,0.0,2.79,1.0,4.0,5,131.3738812186599,325.9493733108014,pobre,basal,6,1800.0,581.0,1.0,33.0,11,416,15126,4,1.0
98,1.0,0.0,2.79,1.0,5.0,5,131.3738812186599,325.9493733108014,pobre,basal,6,1800.0,581.0,1.0,33.0,12,416,15126,4,1.0
97,1.0,0.0,2.79,0.0,9.0,9,131.3738812186599,325.9493733108014,no pobre,basal,4,500.0,782.59998,1.0,53.0,16,416,15127,9,0.0
98,1.0,0.0,2.79,,,9,131.3738812186599,325.9493733108014,no pobre,basal,4,500.0,782.59998,1.0,53.0,17,416,15127,9,0.0
97,1.0,0.0,2.79,1.0,7.0,9,131.3738812186599,325.9493733108014,no pobre,basal,4,500.0,782.59998,1.0,53.0,15,416,15128,7,1.0
98,1.0,0.0,2.79,1.0,8.0,9,131.3738812186599,325.9493733108014,no pobre,basal,4,500.0,782.59998,1.0,53.0,16,416,15128,7,1.0
97,0.0,0.0,2.79,1.0,5.0,9,131.3738812186599,325.9493733108014,no pobre,basal,4,500.0,782.59998,1.0,53.0,14,416,15129,5,1.0
98,0.0,0.0,2.79,1.0,6.0,9,131.3738812186599,325.9493733108014,no pobre,basal,4,500.0,782.59998,1.0,53.0,15,416,15129,5,1.0
97,1.0,0.0,2.79,1.0,4.0,9,131.3738812186599,325.9493733108014,no pobre,basal,4,500.0,782.59998,1.0,53.0,13,416,15130,4,1.0
98,1.0,0.0,2.79,1.0,5.0,9,131.3738812186599,325.9493733108014,no pobre,basal,4,500.0,782.59998,1.0,53.0,14,416,15130,4,1.0
97,1.0,0.0,2.402,1.0,5.0,6,126.7014448642074,325.7895880014124,pobre,basal,6,600.0,625.0,1.0,32.0,10,417,15131,5,1.0
98,1.0,0.0,2.402,1.0,5.0,6,126.7014448642074,325.7895880014124,pobre,basal,6,600.0,625.0,1.0,32.0,11,417,15131,5,1.0
97,1.0,0.0,2.402,1.0,1.0,6,126.7014448642074,325.7895880014124,pobre,basal,6,600.0,625.0,1.0,32.0,7,417,15132,1,1.0
98,1.0,0.0,2.402,1.0,2.0,6,126.7014448642074,325.7895880014124,pobre,basal,6,600.0,625.0,1.0,32.0,8,417,15132,1,1.0
97,1.0,0.0,2.402,1.0,0.0,6,126.7014448642074,325.7895880014124,pobre,basal,6,600.0,625.0,1.0,32.0,6,417,15133,0,1.0
98,1.0,0.0,2.402,1.0,1.0,6,126.7014448642074,325.7895880014124,pobre,basal,6,600.0,625.0,1.0,32.0,7,417,15133,0,1.0
97,1.0,0.0,2.402,1.0,9.0,7,126.7014448642074,325.7895880014124,no pobre,basal,15,2800.0,817.0,1.0,37.0,15,417,15134,9,1.0
98,1.0,0.0,2.402,1.0,10.0,7,126.7014448642074,325.7895880014124,no pobre,basal,15,2800.0,817.0,1.0,37.0,16,417,15134,9,1.0
97,1.0,0.0,2.402,1.0,6.0,7,126.7014448642074,325.7895880014124,no pobre,basal,15,2800.0,817.0,1.0,37.0,12,417,15135,6,1.0
98,1.0,0.0,2.402,1.0,7.0,7,126.7014448642074,325.7895880014124,no pobre,basal,15,2800.0,817.0,1.0,37.0,13,417,15135,6,1.0
97,0.0,0.0,2.79,1.0,8.0,5,131.3738812186599,325.9493733108014,pobre,basal,3,1200.0,831.0,1.0,37.0,15,416,15136,8,1.0
98,0.0,0.0,2.79,1.0,10.0,5,131.3738812186599,325.9493733108014,pobre,basal,3,1200.0,831.0,1.0,37.0,16,416,15136,8,1.0
97,1.0,0.0,2.79,1.0,3.0,5,131.3738812186599,325.9493733108014,pobre,basal,3,1200.0,831.0,1.0,37.0,10,416,15137,3,1.0
98,1.0,0.0,2.79,1.0,1.0,5,131.3738812186599,325.9493733108014,pobre,basal,3,1200.0,831.0,1.0,37.0,11,416,15137,3,1.0
97,0.0,0.0,2.79,0.0,8.0,6,131.3738812186599,325.9493733108014,pobre,basal,6,1600.0,734.0,1.0,55.0,15,416,15138,8,0.0
98,0.0,0.0,2.79,1.0,8.0,6,131.3738812186599,325.9493733108014,pobre,basal,6,1600.0,734.0,1.0,55.0,16,416,15138,8,0.0
97,1.0,0.0,2.79,1.0,1.0,4,131.3738812186599,325.9493733108014,no pobre,basal,6,800.0,849.0,1.0,31.0,6,416,15139,1,1.0
98,1.0,0.0,2.79,1.0,1.0,4,131.3738812186599,325.9493733108014,no pobre,basal,6,800.0,849.0,1.0,31.0,7,416,15139,1,1.0
97,0.0,0.0,2.79,1.0,4.0,9,131.3738812186599,325.9493733108014,pobre,basal,2,600.0,663.5,1.0,33.0,12,416,15140,4,1.0
98,0.0,0.0,2.79,1.0,8.0,9,131.3738812186599,325.9493733108014,pobre,basal,2,600.0,663.5,1.0,33.0,13,416,15140,4,1.0
97,1.0,0.0,2.79,1.0,2.0,9,131.3738812186599,325.9493733108014,pobre,basal,2,600.0,663.5,1.0,33.0,10,416,15141,2,1.0
98,1.0,0.0,2.79,1.0,5.0,9,131.3738812186599,325.9493733108014,pobre,basal,2,600.0,663.5,1.0,33.0,11,416,15141,2,1.0
97,0.0,0.0,2.79,1.0,1.0,9,131.3738812186599,325.9493733108014,pobre,basal,2,600.0,663.5,1.0,33.0,8,416,15142,1,1.0
98,0.0,0.0,2.79,1.0,3.0,9,131.3738812186599,325.9493733108014,pobre,basal,2,600.0,663.5,1.0,33.0,9,416,15142,1,1.0
97,0.0,0.0,2.79,0.0,0.0,9,131.3738812186599,325.9493733108014,pobre,basal,2,600.0,663.5,1.0,33.0,7,416,15143,0,0.0
98,0.0,0.0,2.79,1.0,2.0,9,131.3738812186599,325.9493733108014,pobre,basal,2,600.0,663.5,1.0,33.0,8,416,15143,0,0.0
97,0.0,0.0,2.79,1.0,0.0,9,131.3738812186599,325.9493733108014,pobre,basal,2,600.0,663.5,1.0,33.0,6,416,15144,0,1.0
98,0.0,0.0,2.79,1.0,1.0,9,131.3738812186599,325.9493733108014,pobre,basal,2,600.0,663.5,1.0,33.0,7,416,15144,0,1.0
97,0.0,0.0,2.79,1.0,0.0,9,131.3738812186599,325.9493733108014,pobre,basal,2,600.0,663.5,1.0,33.0,6,416,15145,0,1.0
98,0.0,0.0,2.79,1.0,1.0,9,131.3738812186599,325.9493733108014,pobre,basal,2,600.0,663.5,1.0,33.0,7,416,15145,0,1.0
97,0.0,0.0,2.79,1.0,7.0,7,131.3738812186599,325.9493733108014,no pobre,basal,3,500.0,797.0,1.0,56.0,13,416,15146,7,1.0
98,0.0,0.0,2.79,1.0,8.0,7,131.3738812186599,325.9493733108014,no pobre,basal,3,500.0,797.0,1.0,56.0,14,416,15146,7,1.0
97,0.0,0.0,2.79,1.0,4.0,4,131.3738812186599,325.9493733108014,no pobre,basal,8,1250.0,874.0,1.0,33.0,9,416,15147,4,1.0
98,0.0,0.0,2.79,1.0,5.0,4,131.3738812186599,325.9493733108014,no pobre,basal,8,1250.0,874.0,1.0,33.0,10,416,15147,4,1.0
97,0.0,0.0,2.79,1.0,2.0,4,131.3738812186599,325.9493733108014,no pobre,basal,8,1250.0,874.0,1.0,33.0,7,416,15148,2,1.0
98,0.0,0.0,2.79,1.0,3.0,4,131.3738812186599,325.9493733108014,no pobre,basal,8,1250.0,874.0,1.0,33.0,8,416,15148,2,1.0
97,1.0,0.0,2.79,1.0,9.0,9,131.3738812186599,325.9493733108014,no pobre,basal,0,500.0,1043.0,1.0,55.0,16,416,15149,9,1.0
98,1.0,0.0,2.79,,,9,131.3738812186599,325.9493733108014,no pobre,basal,0,500.0,1043.0,1.0,55.0,17,416,15149,9,1.0
97,0.0,0.0,2.79,1.0,0.0,5,131.3738812186599,325.9493733108014,no pobre,basal,9,1200.0,863.0,1.0,27.0,6,416,15150,0,1.0
98,0.0,0.0,2.79,1.0,2.0,5,131.3738812186599,325.9493733108014,no pobre,basal,9,1200.0,863.0,1.0,27.0,7,416,15150,0,1.0
97,1.0,0.0,2.79,0.0,9.0,6,131.3738812186599,325.9493733108014,no pobre,basal,6,600.0,1008.5,1.0,52.0,15,416,15151,9,0.0
98,1.0,0.0,2.79,,,6,131.3738812186599,325.9493733108014,no pobre,basal,6,600.0,1008.5,1.0,52.0,16,416,15151,9,0.0
97,0.0,0.0,2.79,0.0,6.0,8,131.3738812186599,325.9493733108014,no pobre,basal,14,1200.0,812.20001,1.0,26.0,16,416,15152,6,0.0
98,0.0,0.0,2.79,,,8,131.3738812186599,325.9493733108014,no pobre,basal,14,1200.0,812.20001,1.0,26.0,17,416,15152,6,0.0
97,0.0,0.0,2.79,1.0,9.0,8,131.3738812186599,325.9493733108014,no pobre,basal,14,1200.0,812.20001,1.0,26.0,15,416,15153,9,1.0
98,0.0,0.0,2.79,1.0,9.0,8,131.3738812186599,325.9493733108014,no pobre,basal,14,1200.0,812.20001,1.0,26.0,16,416,15153,9,1.0
97,0.0,0.0,2.79,1.0,6.0,8,131.3738812186599,325.9493733108014,no pobre,basal,14,1200.0,812.20001,1.0,26.0,13,416,15154,6,1.0
98,0.0,0.0,2.79,1.0,7.0,8,131.3738812186599,325.9493733108014,no pobre,basal,14,1200.0,812.20001,1.0,26.0,14,416,15154,6,1.0
97,1.0,0.0,2.79,1.0,5.0,8,131.3738812186599,325.9493733108014,pobre,basal,6,500.0,859.0,1.0,42.0,14,416,15155,5,1.0
98,1.0,0.0,2.79,1.0,6.0,8,131.3738812186599,325.9493733108014,pobre,basal,6,500.0,859.0,1.0,42.0,15,416,15155,5,1.0
97,0.0,0.0,2.79,1.0,6.0,8,131.3738812186599,325.9493733108014,pobre,basal,6,500.0,859.0,1.0,42.0,12,416,15156,6,1.0
98,0.0,0.0,2.79,1.0,7.0,8,131.3738812186599,325.9493733108014,pobre,basal,6,500.0,859.0,1.0,42.0,13,416,15156,6,1.0
97,0.0,0.0,2.79,1.0,4.0,8,131.3738812186599,325.9493733108014,pobre,basal,6,500.0,859.0,1.0,42.0,10,416,15157,4,1.0
98,0.0,0.0,2.79,1.0,5.0,8,131.3738812186599,325.9493733108014,pobre,basal,6,500.0,859.0,1.0,42.0,11,416,15157,4,1.0
97,1.0,1.0,2.402,1.0,1.0,10,126.7014448642074,325.7895880014124,pobre,basal,3,625.0,859.0,1.0,51.0,7,417,15158,1,1.0
98,1.0,1.0,2.402,1.0,2.0,10,126.7014448642074,325.7895880014124,pobre,basal,3,625.0,859.0,1.0,51.0,8,417,15158,1,1.0
97,0.0,1.0,2.402,0.0,4.0,6,126.7014448642074,325.7895880014124,pobre,basal,3,625.0,513.0,1.0,37.0,13,417,15159,4,0.0
98,0.0,1.0,2.402,0.0,4.0,6,126.7014448642074,325.7895880014124,pobre,basal,3,625.0,513.0,1.0,37.0,14,417,15159,4,0.0
97,1.0,1.0,2.402,1.0,5.0,6,126.7014448642074,325.7895880014124,pobre,basal,3,625.0,513.0,1.0,37.0,12,417,15160,5,1.0
98,1.0,1.0,2.402,1.0,6.0,6,126.7014448642074,325.7895880014124,pobre,basal,3,625.0,513.0,1.0,37.0,13,417,15160,5,1.0
97,1.0,0.0,2.402,1.0,5.0,7,126.7014448642074,325.7895880014124,pobre,basal,3,650.0,740.5,1.0,50.0,13,417,15161,5,1.0
98,1.0,0.0,2.402,1.0,6.0,7,126.7014448642074,325.7895880014124,pobre,basal,3,650.0,740.5,1.0,50.0,14,417,15161,5,1.0
97,0.0,0.0,2.402,1.0,5.0,7,126.7014448642074,325.7895880014124,pobre,basal,3,650.0,740.5,1.0,50.0,10,417,15162,5,1.0
98,0.0,0.0,2.402,1.0,6.0,7,126.7014448642074,325.7895880014124,pobre,basal,3,650.0,740.5,1.0,50.0,11,417,15162,5,1.0
97,1.0,0.0,2.402,1.0,5.0,8,126.7014448642074,325.7895880014124,pobre,basal,9,2400.0,598.0,1.0,21.0,14,417,15163,5,1.0
98,1.0,0.0,2.402,,,8,126.7014448642074,325.7895880014124,pobre,basal,9,2400.0,598.0,1.0,21.0,15,417,15163,5,1.0
97,1.0,0.0,2.402,1.0,2.0,8,126.7014448642074,325.7895880014124,pobre,basal,9,2400.0,598.0,1.0,21.0,8,417,15164,2,1.0
98,1.0,0.0,2.402,1.0,3.0,8,126.7014448642074,325.7895880014124,pobre,basal,9,2400.0,598.0,1.0,21.0,9,417,15164,2,1.0
97,0.0,0.0,2.402,0.0,6.0,6,126.7014448642074,325.7895880014124,pobre,basal,6,625.0,652.0,1.0,38.0,15,417,15165,6,0.0
98,0.0,0.0,2.402,0.0,6.0,6,126.7014448642074,325.7895880014124,pobre,basal,6,625.0,652.0,1.0,38.0,16,417,15165,6,0.0
97,1.0,0.0,2.402,1.0,7.0,6,126.7014448642074,325.7895880014124,pobre,basal,6,625.0,652.0,1.0,38.0,13,417,15166,7,1.0
98,1.0,0.0,2.402,1.0,8.0,6,126.7014448642074,325.7895880014124,pobre,basal,6,625.0,652.0,1.0,38.0,14,417,15166,7,1.0
97,1.0,0.0,2.402,1.0,4.0,6,126.7014448642074,325.7895880014124,pobre,basal,6,625.0,652.0,1.0,38.0,10,417,15167,4,1.0
98,1.0,0.0,2.402,1.0,5.0,6,126.7014448642074,325.7895880014124,pobre,basal,6,625.0,652.0,1.0,38.0,11,417,15167,4,1.0
97,0.0,1.0,2.402,1.0,9.0,6,126.7014448642074,325.7895880014124,no pobre,basal,6,500.0,835.0,1.0,53.0,16,417,15168,9,1.0
98,0.0,1.0,2.402,1.0,11.0,6,126.7014448642074,325.7895880014124,no pobre,basal,6,500.0,835.0,1.0,53.0,17,417,15168,9,1.0
97,1.0,1.0,2.402,1.0,1.0,6,126.7014448642074,325.7895880014124,no pobre,basal,6,500.0,835.0,1.0,53.0,12,417,15169,1,1.0
98,1.0,1.0,2.402,1.0,7.0,6,126.7014448642074,325.7895880014124,no pobre,basal,6,500.0,835.0,1.0,53.0,13,417,15169,1,1.0
97,1.0,0.0,2.402,1.0,6.0,6,126.7014448642074,325.7895880014124,pobre,basal,9,500.0,680.0,1.0,50.0,12,417,15170,6,1.0
98,1.0,0.0,2.402,1.0,7.0,6,126.7014448642074,325.7895880014124,pobre,basal,9,500.0,680.0,1.0,50.0,13,417,15170,6,1.0
97,1.0,0.0,2.402,1.0,1.0,6,126.7014448642074,325.7895880014124,pobre,basal,9,500.0,680.0,1.0,50.0,7,417,15171,1,1.0
98,1.0,0.0,2.402,1.0,2.0,6,126.7014448642074,325.7895880014124,pobre,basal,9,500.0,680.0,1.0,50.0,8,417,15171,1,1.0
97,1.0,0.0,2.402,1.0,2.0,5,126.7014448642074,325.7895880014124,pobre,basal,12,625.0,673.0,1.0,30.0,8,417,15172,2,1.0
98,1.0,0.0,2.402,1.0,3.0,5,126.7014448642074,325.7895880014124,pobre,basal,12,625.0,673.0,1.0,30.0,9,417,15172,2,1.0
97,1.0,1.0,2.402,1.0,4.0,6,126.7014448642074,325.7895880014124,no pobre,basal,2,625.0,954.0,1.0,63.0,9,417,15173,4,1.0
98,1.0,1.0,2.402,1.0,5.0,6,126.7014448642074,325.7895880014124,no pobre,basal,2,625.0,954.0,1.0,63.0,10,417,15173,4,1.0
97,1.0,0.0,3.737,,0.0,7,79.32525308118672,79.32525308118672,pobre,basal,6,1000.0,667.0,1.0,35.0,12,294,15174,0,
98,1.0,0.0,3.737,,,7,79.32525308118672,79.32525308118672,pobre,basal,6,1000.0,667.0,1.0,35.0,13,294,15174,0,
97,1.0,0.0,3.737,1.0,1.0,7,79.32525308118672,79.32525308118672,pobre,basal,6,1000.0,667.0,1.0,35.0,8,294,15175,1,1.0
98,1.0,0.0,3.737,1.0,2.0,7,79.32525308118672,79.32525308118672,pobre,basal,6,1000.0,667.0,1.0,35.0,9,294,15175,1,1.0
97,1.0,0.0,3.737,1.0,0.0,7,79.32525308118672,79.32525308118672,pobre,basal,6,1000.0,667.0,1.0,35.0,6,294,15176,0,1.0
98,1.0,0.0,3.737,1.0,1.0,7,79.32525308118672,79.32525308118672,pobre,basal,6,1000.0,667.0,1.0,35.0,7,294,15176,0,1.0
97,1.0,0.0,3.737,1.0,6.0,6,79.32525308118672,79.32525308118672,no pobre,basal,6,0.0,893.0,1.0,32.0,12,294,15177,6,1.0
98,1.0,0.0,3.737,0.0,6.0,6,79.32525308118672,79.32525308118672,no pobre,basal,6,0.0,893.0,1.0,32.0,13,294,15177,6,1.0
97,1.0,0.0,3.737,1.0,4.0,6,79.32525308118672,79.32525308118672,no pobre,basal,6,0.0,893.0,1.0,32.0,10,294,15178,4,1.0
98,1.0,0.0,3.737,1.0,5.0,6,79.32525308118672,79.32525308118672,no pobre,basal,6,0.0,893.0,1.0,32.0,11,294,15178,4,1.0
97,1.0,0.0,3.737,1.0,4.0,6,79.32525308118672,79.32525308118672,no pobre,basal,6,0.0,893.0,1.0,32.0,10,294,15179,4,1.0
98,1.0,0.0,3.737,1.0,5.0,6,79.32525308118672,79.32525308118672,no pobre,basal,6,0.0,893.0,1.0,32.0,11,294,15179,4,1.0
97,1.0,0.0,3.737,1.0,3.0,6,79.32525308118672,79.32525308118672,no pobre,basal,6,0.0,893.0,1.0,32.0,9,294,15180,3,1.0
98,1.0,0.0,3.737,1.0,4.0,6,79.32525308118672,79.32525308118672,no pobre,basal,6,0.0,893.0,1.0,32.0,10,294,15180,3,1.0
97,0.0,0.0,3.737,0.0,6.0,4,79.32525308118672,79.32525308118672,pobre,basal,0,0.0,1045.0,1.0,61.0,15,294,15181,6,0.0
98,0.0,0.0,3.737,0.0,6.0,4,79.32525308118672,79.32525308118672,pobre,basal,0,0.0,1045.0,1.0,61.0,16,294,15181,6,0.0
97,0.0,0.0,3.737,1.0,1.0,5,79.32525308118672,79.32525308118672,pobre,basal,6,1000.0,561.0,1.0,28.0,8,294,15182,1,1.0
98,0.0,0.0,3.737,1.0,2.0,5,79.32525308118672,79.32525308118672,pobre,basal,6,1000.0,561.0,1.0,28.0,9,294,15182,1,1.0
97,1.0,0.0,3.737,1.0,1.0,5,79.32525308118672,79.32525308118672,pobre,basal,6,1000.0,561.0,1.0,28.0,7,294,15183,1,1.0
98,1.0,0.0,3.737,1.0,2.0,5,79.32525308118672,79.32525308118672,pobre,basal,6,1000.0,561.0,1.0,28.0,8,294,15183,1,1.0
97,0.0,0.0,3.737,0.0,3.0,6,79.32525308118672,79.32525308118672,pobre,basal,2,0.0,662.0,0.0,42.0,15,294,15184,3,0.0
98,0.0,0.0,3.737,0.0,4.0,6,79.32525308118672,79.32525308118672,pobre,basal,2,0.0,662.0,0.0,42.0,16,294,15184,3,0.0
97,1.0,0.0,3.737,1.0,5.0,6,79.32525308118672,79.32525308118672,pobre,basal,2,0.0,662.0,0.0,42.0,11,294,15185,5,1.0
98,1.0,0.0,3.737,0.0,6.0,6,79.32525308118672,79.32525308118672,pobre,basal,2,0.0,662.0,0.0,42.0,12,294,15185,5,1.0
97,1.0,0.0,3.737,0.0,6.0,10,79.32525308118672,79.32525308118672,pobre,basal,6,875.0,628.0,1.0,42.0,15,294,15186,6,0.0
98,1.0,0.0,3.737,0.0,6.0,10,79.32525308118672,79.32525308118672,pobre,basal,6,875.0,628.0,1.0,42.0,16,294,15186,6,0.0
97,0.0,0.0,3.737,0.0,6.0,10,79.32525308118672,79.32525308118672,pobre,basal,6,875.0,628.0,1.0,42.0,12,294,15187,6,0.0
98,0.0,0.0,3.737,0.0,6.0,10,79.32525308118672,79.32525308118672,pobre,basal,6,875.0,628.0,1.0,42.0,13,294,15187,6,0.0
97,0.0,0.0,3.737,1.0,4.0,10,79.32525308118672,79.32525308118672,pobre,basal,6,875.0,628.0,1.0,42.0,10,294,15188,4,1.0
98,0.0,0.0,3.737,1.0,5.0,10,79.32525308118672,79.32525308118672,pobre,basal,6,875.0,628.0,1.0,42.0,11,294,15188,4,1.0
97,1.0,0.0,3.737,1.0,2.0,10,79.32525308118672,79.32525308118672,pobre,basal,6,875.0,628.0,1.0,42.0,8,294,15189,2,1.0
98,1.0,0.0,3.737,1.0,3.0,10,79.32525308118672,79.32525308118672,pobre,basal,6,875.0,628.0,1.0,42.0,9,294,15189,2,1.0
97,1.0,0.0,3.737,,0.0,3,79.32525308118672,79.32525308118672,pobre,basal,6,500.0,774.0,0.0,37.0,16,294,15190,0,
98,1.0,0.0,3.737,,,3,79.32525308118672,79.32525308118672,pobre,basal,6,500.0,774.0,0.0,37.0,17,294,15190,0,
97,1.0,0.0,3.737,1.0,1.0,3,79.32525308118672,79.32525308118672,pobre,basal,6,500.0,774.0,0.0,37.0,7,294,15191,1,1.0
98,1.0,0.0,3.737,1.0,2.0,3,79.32525308118672,79.32525308118672,pobre,basal,6,500.0,774.0,0.0,37.0,8,294,15191,1,1.0
97,1.0,0.0,3.737,1.0,4.0,3,79.32525308118672,79.32525308118672,pobre,basal,6,875.0,978.0,1.0,36.0,10,294,15192,4,1.0
98,1.0,0.0,3.737,,,3,79.32525308118672,79.32525308118672,pobre,basal,6,875.0,978.0,1.0,36.0,11,294,15192,4,1.0
97,1.0,0.0,0.912,1.0,4.0,6,131.1984917597154,320.9173179682589,pobre,basal,0,0.0,799.0,1.0,73.0,10,421,15193,4,1.0
98,1.0,0.0,0.912,1.0,5.0,6,131.1984917597154,320.9173179682589,pobre,basal,0,0.0,799.0,1.0,73.0,11,421,15193,4,1.0
97,1.0,0.0,0.912,1.0,0.0,6,131.1984917597154,320.9173179682589,pobre,basal,0,0.0,799.0,1.0,73.0,6,421,15194,0,1.0
98,1.0,0.0,0.912,1.0,1.0,6,131.1984917597154,320.9173179682589,pobre,basal,0,0.0,799.0,1.0,73.0,7,421,15194,0,1.0
97,0.0,0.0,0.912,1.0,1.0,4,131.1984917597154,320.9173179682589,no pobre,basal,0,625.0,799.0,1.0,60.0,6,421,15195,1,1.0
98,0.0,0.0,0.912,1.0,1.0,4,131.1984917597154,320.9173179682589,no pobre,basal,0,625.0,799.0,1.0,60.0,7,421,15195,1,1.0
97,0.0,0.0,3.737,0.0,6.0,8,79.32525308118672,79.32525308118672,pobre,basal,6,1250.0,848.0,1.0,38.0,16,294,15196,6,0.0
98,0.0,0.0,3.737,,,8,79.32525308118672,79.32525308118672,pobre,basal,6,1250.0,848.0,1.0,38.0,17,294,15196,6,0.0
97,1.0,0.0,3.737,1.0,8.0,8,79.32525308118672,79.32525308118672,pobre,basal,6,1250.0,848.0,1.0,38.0,15,294,15197,8,1.0
98,1.0,0.0,3.737,1.0,9.0,8,79.32525308118672,79.32525308118672,pobre,basal,6,1250.0,848.0,1.0,38.0,16,294,15197,8,1.0
97,1.0,0.0,3.737,1.0,7.0,8,79.32525308118672,79.32525308118672,pobre,basal,6,1250.0,848.0,1.0,38.0,13,294,15198,7,1.0
98,1.0,0.0,3.737,1.0,8.0,8,79.32525308118672,79.32525308118672,pobre,basal,6,1250.0,848.0,1.0,38.0,14,294,15198,7,1.0
97,1.0,0.0,3.737,1.0,6.0,8,79.32525308118672,79.32525308118672,pobre,basal,6,1250.0,848.0,1.0,38.0,12,294,15199,6,1.0
98,1.0,0.0,3.737,1.0,7.0,8,79.32525308118672,79.32525308118672,pobre,basal,6,1250.0,848.0,1.0,38.0,13,294,15199,6,1.0
97,1.0,0.0,0.0,1.0,6.0,5,72.80421840935115,72.80421840935115,pobre,0,2,625.0,720.0,1.0,66.0,14,283,15200,6,1.0
98,1.0,0.0,0.0,0.0,9.0,5,72.80421840935115,72.80421840935115,pobre,0,2,625.0,720.0,1.0,66.0,15,283,15200,6,1.0
97,0.0,0.0,0.0,1.0,8.0,5,72.80421840935115,72.80421840935115,pobre,0,2,625.0,720.0,1.0,66.0,15,283,15201,8,1.0
98,0.0,0.0,0.0,0.0,9.0,5,72.80421840935115,72.80421840935115,pobre,0,2,625.0,720.0,1.0,66.0,16,283,15201,8,1.0
97,0.0,0.0,0.0,0.0,8.0,5,72.80421840935115,72.80421840935115,no pobre,0,6,3000.0,1039.5,1.0,43.0,15,283,15202,8,0.0
98,0.0,0.0,0.0,1.0,8.0,5,72.80421840935115,72.80421840935115,no pobre,0,6,3000.0,1039.5,1.0,43.0,16,283,15202,8,0.0
97,0.0,0.0,0.0,1.0,8.0,8,72.80421840935115,72.80421840935115,pobre,0,6,1200.0,629.0,1.0,37.0,14,283,15203,8,1.0
98,0.0,0.0,0.0,1.0,8.0,8,72.80421840935115,72.80421840935115,pobre,0,6,1200.0,629.0,1.0,37.0,15,283,15203,8,1.0
97,1.0,0.0,0.0,1.0,6.0,8,72.80421840935115,72.80421840935115,pobre,0,6,1200.0,629.0,1.0,37.0,12,283,15204,6,1.0
98,1.0,0.0,0.0,1.0,7.0,8,72.80421840935115,72.80421840935115,pobre,0,6,1200.0,629.0,1.0,37.0,13,283,15204,6,1.0
97,1.0,0.0,0.0,1.0,5.0,8,72.80421840935115,72.80421840935115,pobre,0,6,1200.0,629.0,1.0,37.0,11,283,15205,5,1.0
98,1.0,0.0,0.0,1.0,5.0,8,72.80421840935115,72.80421840935115,pobre,0,6,1200.0,629.0,1.0,37.0,12,283,15205,5,1.0
97,0.0,0.0,0.0,1.0,0.0,8,72.80421840935115,72.80421840935115,pobre,0,6,1200.0,629.0,1.0,37.0,6,283,15206,0,1.0
98,0.0,0.0,0.0,1.0,1.0,8,72.80421840935115,72.80421840935115,pobre,0,6,1200.0,629.0,1.0,37.0,7,283,15206,0,1.0
97,0.0,0.0,0.0,1.0,4.0,6,72.80421840935115,72.80421840935115,pobre,0,6,1400.0,803.0,1.0,30.0,10,283,15207,4,1.0
98,0.0,0.0,0.0,1.0,5.0,6,72.80421840935115,72.80421840935115,pobre,0,6,1400.0,803.0,1.0,30.0,11,283,15207,4,1.0
97,1.0,0.0,0.0,1.0,2.0,6,72.80421840935115,72.80421840935115,pobre,0,6,1400.0,803.0,1.0,30.0,8,283,15208,2,1.0
98,1.0,0.0,0.0,1.0,2.0,6,72.80421840935115,72.80421840935115,pobre,0,6,1400.0,803.0,1.0,30.0,9,283,15208,2,1.0
97,0.0,0.0,0.0,1.0,0.0,6,72.80421840935115,72.80421840935115,pobre,0,6,1400.0,803.0,1.0,30.0,6,283,15209,0,1.0
98,0.0,0.0,0.0,1.0,0.0,6,72.80421840935115,72.80421840935115,pobre,0,6,1400.0,803.0,1.0,30.0,7,283,15209,0,1.0
97,0.0,0.0,3.737,1.0,5.0,3,79.32525308118672,79.32525308118672,pobre,basal,3,1000.0,885.0,1.0,59.0,11,294,15210,5,1.0
98,0.0,0.0,3.737,,,3,79.32525308118672,79.32525308118672,pobre,basal,3,1000.0,885.0,1.0,59.0,12,294,15210,5,1.0
97,1.0,0.0,3.737,1.0,3.0,7,79.32525308118672,79.32525308118672,pobre,basal,6,1250.0,586.0,1.0,27.0,9,294,15211,3,1.0
98,1.0,0.0,3.737,1.0,4.0,7,79.32525308118672,79.32525308118672,pobre,basal,6,1250.0,586.0,1.0,27.0,10,294,15211,3,1.0
97,0.0,0.0,3.737,1.0,1.0,7,79.32525308118672,79.32525308118672,pobre,basal,6,1250.0,586.0,1.0,27.0,7,294,15212,1,1.0
98,0.0,0.0,3.737,1.0,2.0,7,79.32525308118672,79.32525308118672,pobre,basal,6,1250.0,586.0,1.0,27.0,8,294,15212,1,1.0
97,1.0,0.0,0.0,1.0,6.0,7,72.80421840935115,72.80421840935115,pobre,0,5,1200.0,644.0,1.0,29.0,12,283,15213,6,1.0
98,1.0,0.0,0.0,1.0,7.0,7,72.80421840935115,72.80421840935115,pobre,0,5,1200.0,644.0,1.0,29.0,13,283,15213,6,1.0
97,1.0,0.0,0.0,1.0,5.0,7,72.80421840935115,72.80421840935115,pobre,0,5,1200.0,644.0,1.0,29.0,11,283,15214,5,1.0
98,1.0,0.0,0.0,1.0,6.0,7,72.80421840935115,72.80421840935115,pobre,0,5,1200.0,644.0,1.0,29.0,12,283,15214,5,1.0
97,1.0,0.0,0.0,1.0,2.0,7,72.80421840935115,72.80421840935115,pobre,0,5,1200.0,644.0,1.0,29.0,8,283,15215,2,1.0
98,1.0,0.0,0.0,1.0,3.0,7,72.80421840935115,72.80421840935115,pobre,0,5,1200.0,644.0,1.0,29.0,9,283,15215,2,1.0
97,1.0,0.0,0.0,,0.0,7,72.80421840935115,72.80421840935115,pobre,0,5,1200.0,644.0,1.0,29.0,6,283,15216,0,
98,1.0,0.0,0.0,1.0,2.0,7,72.80421840935115,72.80421840935115,pobre,0,5,1200.0,644.0,1.0,29.0,7,283,15216,0,
97,0.0,0.0,0.0,,0.0,5,72.80421840935115,72.80421840935115,pobre,0,0,0.0,745.5,0.0,55.0,7,283,15217,0,
98,0.0,0.0,0.0,1.0,0.0,5,72.80421840935115,72.80421840935115,pobre,0,0,0.0,745.5,0.0,55.0,8,283,15217,0,
97,0.0,0.0,0.0,1.0,0.0,4,72.80421840935115,72.80421840935115,pobre,0,0,800.0,686.0,0.0,22.0,6,283,15218,0,1.0
98,0.0,0.0,0.0,1.0,1.0,4,72.80421840935115,72.80421840935115,pobre,0,0,800.0,686.0,0.0,22.0,7,283,15218,0,1.0
97,1.0,0.0,0.0,1.0,8.0,12,72.80421840935115,72.80421840935115,pobre,0,2,0.0,850.0,1.0,62.0,14,283,15219,8,1.0
98,1.0,0.0,0.0,0.0,9.0,12,72.80421840935115,72.80421840935115,pobre,0,2,0.0,850.0,1.0,62.0,15,283,15219,8,1.0
97,0.0,0.0,0.0,1.0,6.0,12,72.80421840935115,72.80421840935115,pobre,0,2,0.0,850.0,1.0,62.0,12,283,15220,6,1.0
98,0.0,0.0,0.0,1.0,7.0,12,72.80421840935115,72.80421840935115,pobre,0,2,0.0,850.0,1.0,62.0,13,283,15220,6,1.0
97,0.0,0.0,0.0,1.0,2.0,12,72.80421840935115,72.80421840935115,pobre,0,2,0.0,850.0,1.0,62.0,8,283,15221,2,1.0
98,0.0,0.0,0.0,1.0,3.0,12,72.80421840935115,72.80421840935115,pobre,0,2,0.0,850.0,1.0,62.0,9,283,15221,2,1.0
97,1.0,0.0,0.0,1.0,0.0,12,72.80421840935115,72.80421840935115,pobre,0,2,0.0,850.0,1.0,62.0,6,283,15222,0,1.0
98,1.0,0.0,0.0,1.0,1.0,12,72.80421840935115,72.80421840935115,pobre,0,2,0.0,850.0,1.0,62.0,7,283,15222,0,1.0
97,1.0,0.0,0.0,0.0,6.0,6,72.80421840935115,72.80421840935115,pobre,0,0,0.0,602.0,0.0,78.0,13,283,15223,6,0.0
98,1.0,0.0,0.0,0.0,6.0,6,72.80421840935115,72.80421840935115,pobre,0,0,0.0,602.0,0.0,78.0,14,283,15223,6,0.0
97,1.0,0.0,0.0,1.0,5.0,6,72.80421840935115,72.80421840935115,pobre,0,0,0.0,602.0,0.0,78.0,10,283,15224,5,1.0
98,1.0,0.0,0.0,1.0,3.0,6,72.80421840935115,72.80421840935115,pobre,0,0,0.0,602.0,0.0,78.0,11,283,15224,5,1.0
97,0.0,0.0,0.0,1.0,5.0,4,72.80421840935115,72.80421840935115,pobre,0,4,750.0,863.0,1.0,30.0,11,283,15225,5,1.0
98,0.0,0.0,0.0,1.0,6.0,4,72.80421840935115,72.80421840935115,pobre,0,4,750.0,863.0,1.0,30.0,12,283,15225,5,1.0
97,1.0,0.0,0.0,1.0,3.0,4,72.80421840935115,72.80421840935115,pobre,0,4,750.0,863.0,1.0,30.0,9,283,15226,3,1.0
98,1.0,0.0,0.0,1.0,4.0,4,72.80421840935115,72.80421840935115,pobre,0,4,750.0,863.0,1.0,30.0,10,283,15226,3,1.0
97,1.0,0.0,0.0,1.0,0.0,6,72.80421840935115,72.80421840935115,pobre,0,3,750.0,721.0,1.0,36.0,6,283,15227,0,1.0
98,1.0,0.0,0.0,1.0,1.0,6,72.80421840935115,72.80421840935115,pobre,0,3,750.0,721.0,1.0,36.0,7,283,15227,0,1.0
97,0.0,0.0,0.0,1.0,8.0,14,72.80421840935115,72.80421840935115,pobre,0,2,875.0,798.59998,1.0,48.0,16,283,15228,8,1.0
98,0.0,0.0,0.0,,,14,72.80421840935115,72.80421840935115,pobre,0,2,875.0,798.59998,1.0,48.0,17,283,15228,8,1.0
97,1.0,0.0,0.0,1.0,5.0,14,72.80421840935115,72.80421840935115,pobre,0,2,875.0,798.59998,1.0,48.0,14,283,15229,5,1.0
98,1.0,0.0,0.0,0.0,5.0,14,72.80421840935115,72.80421840935115,pobre,0,2,875.0,798.59998,1.0,48.0,15,283,15229,5,1.0
97,1.0,0.0,0.0,1.0,6.0,14,72.80421840935115,72.80421840935115,pobre,0,2,875.0,798.59998,1.0,48.0,12,283,15230,6,1.0
98,1.0,0.0,0.0,1.0,7.0,14,72.80421840935115,72.80421840935115,pobre,0,2,875.0,798.59998,1.0,48.0,13,283,15230,6,1.0
97,1.0,0.0,0.0,1.0,2.0,14,72.80421840935115,72.80421840935115,pobre,0,2,875.0,798.59998,1.0,48.0,8,283,15231,2,1.0
98,1.0,0.0,0.0,,,14,72.80421840935115,72.80421840935115,pobre,0,2,875.0,798.59998,1.0,48.0,9,283,15231,2,1.0
97,0.0,0.0,0.0,1.0,2.0,14,72.80421840935115,72.80421840935115,pobre,0,2,875.0,798.59998,1.0,48.0,7,283,15232,2,1.0
98,0.0,0.0,0.0,1.0,0.0,14,72.80421840935115,72.80421840935115,pobre,0,2,875.0,798.59998,1.0,48.0,8,283,15232,2,1.0
97,0.0,0.0,0.0,1.0,0.0,14,72.80421840935115,72.80421840935115,pobre,0,2,875.0,798.59998,1.0,48.0,6,283,15233,0,1.0
98,0.0,0.0,0.0,1.0,0.0,14,72.80421840935115,72.80421840935115,pobre,0,2,875.0,798.59998,1.0,48.0,7,283,15233,0,1.0
97,1.0,0.0,0.0,0.0,6.0,8,72.80421840935115,72.80421840935115,pobre,0,1,1200.0,620.0,1.0,33.0,14,283,15234,6,0.0
98,1.0,0.0,0.0,0.0,7.0,8,72.80421840935115,72.80421840935115,pobre,0,1,1200.0,620.0,1.0,33.0,15,283,15234,6,0.0
97,0.0,0.0,0.0,1.0,5.0,8,72.80421840935115,72.80421840935115,pobre,0,1,1200.0,620.0,1.0,33.0,11,283,15235,5,1.0
98,0.0,0.0,0.0,1.0,6.0,8,72.80421840935115,72.80421840935115,pobre,0,1,1200.0,620.0,1.0,33.0,12,283,15235,5,1.0
97,0.0,0.0,0.0,1.0,2.0,8,72.80421840935115,72.80421840935115,pobre,0,1,1200.0,620.0,1.0,33.0,9,283,15236,2,1.0
98,0.0,0.0,0.0,1.0,3.0,8,72.80421840935115,72.80421840935115,pobre,0,1,1200.0,620.0,1.0,33.0,10,283,15236,2,1.0
97,1.0,0.0,0.0,1.0,1.0,8,72.80421840935115,72.80421840935115,pobre,0,1,1200.0,620.0,1.0,33.0,8,283,15237,1,1.0
98,1.0,0.0,0.0,1.0,2.0,8,72.80421840935115,72.80421840935115,pobre,0,1,1200.0,620.0,1.0,33.0,9,283,15237,1,1.0
97,0.0,0.0,3.737,1.0,2.0,4,79.32525308118672,79.32525308118672,no pobre,basal,6,1000.0,1130.0,1.0,28.0,8,294,15238,2,1.0
98,0.0,0.0,3.737,1.0,3.0,4,79.32525308118672,79.32525308118672,no pobre,basal,6,1000.0,1130.0,1.0,28.0,9,294,15238,2,1.0
97,0.0,0.0,0.0,1.0,4.0,9,72.80421840935115,72.80421840935115,pobre,0,1,500.0,818.75,1.0,50.0,11,283,15239,4,1.0
98,0.0,0.0,0.0,1.0,5.0,9,72.80421840935115,72.80421840935115,pobre,0,1,500.0,818.75,1.0,50.0,12,283,15239,4,1.0
97,1.0,0.0,0.0,1.0,2.0,9,72.80421840935115,72.80421840935115,pobre,0,1,500.0,818.75,1.0,50.0,8,283,15240,2,1.0
98,1.0,0.0,0.0,1.0,1.0,9,72.80421840935115,72.80421840935115,pobre,0,1,500.0,818.75,1.0,50.0,9,283,15240,2,1.0
97,1.0,0.0,0.0,1.0,0.0,9,72.80421840935115,72.80421840935115,pobre,0,1,500.0,818.75,1.0,50.0,6,283,15241,0,1.0
98,1.0,0.0,0.0,1.0,1.0,9,72.80421840935115,72.80421840935115,pobre,0,1,500.0,818.75,1.0,50.0,7,283,15241,0,1.0
97,1.0,0.0,3.737,1.0,8.0,10,79.32525308118672,79.32525308118672,no pobre,basal,6,1000.0,819.0,1.0,34.0,14,294,15242,8,1.0
98,1.0,0.0,3.737,0.0,9.0,10,79.32525308118672,79.32525308118672,no pobre,basal,6,1000.0,819.0,1.0,34.0,15,294,15242,8,1.0
97,1.0,0.0,3.737,1.0,6.0,10,79.32525308118672,79.32525308118672,no pobre,basal,6,1000.0,819.0,1.0,34.0,12,294,15243,6,1.0
98,1.0,0.0,3.737,1.0,7.0,10,79.32525308118672,79.32525308118672,no pobre,basal,6,1000.0,819.0,1.0,34.0,13,294,15243,6,1.0
97,0.0,0.0,3.737,1.0,4.0,10,79.32525308118672,79.32525308118672,no pobre,basal,6,1000.0,819.0,1.0,34.0,10,294,15244,4,1.0
98,0.0,0.0,3.737,1.0,4.0,10,79.32525308118672,79.32525308118672,no pobre,basal,6,1000.0,819.0,1.0,34.0,11,294,15244,4,1.0
97,1.0,0.0,3.737,1.0,2.0,10,79.32525308118672,79.32525308118672,no pobre,basal,6,1000.0,819.0,1.0,34.0,8,294,15245,2,1.0
98,1.0,0.0,3.737,1.0,3.0,10,79.32525308118672,79.32525308118672,no pobre,basal,6,1000.0,819.0,1.0,34.0,9,294,15245,2,1.0
97,0.0,0.0,3.737,1.0,1.0,10,79.32525308118672,79.32525308118672,no pobre,basal,6,1000.0,819.0,1.0,34.0,7,294,15246,1,1.0
98,0.0,0.0,3.737,1.0,2.0,10,79.32525308118672,79.32525308118672,no pobre,basal,6,1000.0,819.0,1.0,34.0,8,294,15246,1,1.0
97,1.0,0.0,3.737,1.0,0.0,5,79.32525308118672,79.32525308118672,pobre,basal,6,1000.0,670.0,1.0,26.0,6,294,15247,0,1.0
98,1.0,0.0,3.737,1.0,1.0,5,79.32525308118672,79.32525308118672,pobre,basal,6,1000.0,670.0,1.0,26.0,7,294,15247,0,1.0
97,0.0,0.0,3.737,0.0,7.0,7,79.32525308118672,79.32525308118672,pobre,basal,6,1000.0,635.0,1.0,46.0,15,294,15248,7,0.0
98,0.0,0.0,3.737,0.0,7.0,7,79.32525308118672,79.32525308118672,pobre,basal,6,1000.0,635.0,1.0,46.0,16,294,15248,7,0.0
97,0.0,0.0,3.737,1.0,6.0,7,79.32525308118672,79.32525308118672,pobre,basal,6,1000.0,635.0,1.0,46.0,13,294,15249,6,1.0
98,0.0,0.0,3.737,1.0,7.0,7,79.32525308118672,79.32525308118672,pobre,basal,6,1000.0,635.0,1.0,46.0,14,294,15249,6,1.0
97,0.0,0.0,3.737,1.0,1.0,7,79.32525308118672,79.32525308118672,pobre,basal,6,1000.0,635.0,1.0,46.0,13,294,15250,1,1.0
98,0.0,0.0,3.737,1.0,2.0,7,79.32525308118672,79.32525308118672,pobre,basal,6,1000.0,635.0,1.0,46.0,14,294,15250,1,1.0
97,0.0,0.0,3.737,1.0,1.0,7,79.32525308118672,79.32525308118672,pobre,basal,6,1000.0,635.0,1.0,46.0,7,294,15251,1,1.0
98,0.0,0.0,3.737,1.0,2.0,7,79.32525308118672,79.32525308118672,pobre,basal,6,1000.0,635.0,1.0,46.0,8,294,15251,1,1.0
97,1.0,0.0,0.912,1.0,10.0,4,131.1984917597154,320.9173179682589,pobre,basal,2,625.0,887.0,0.0,41.0,15,421,15252,10,1.0
98,1.0,0.0,0.912,1.0,9.0,4,131.1984917597154,320.9173179682589,pobre,basal,2,625.0,887.0,0.0,41.0,16,421,15252,10,1.0
97,0.0,0.0,0.912,1.0,0.0,4,131.1984917597154,320.9173179682589,pobre,basal,2,625.0,887.0,0.0,41.0,6,421,15253,0,1.0
98,0.0,0.0,0.912,1.0,1.0,4,131.1984917597154,320.9173179682589,pobre,basal,2,625.0,887.0,0.0,41.0,7,421,15253,0,1.0
97,1.0,0.0,0.912,1.0,9.0,5,131.1984917597154,320.9173179682589,no pobre,basal,2,625.0,890.5,1.0,57.0,15,421,15254,9,1.0
98,1.0,0.0,0.912,1.0,9.0,5,131.1984917597154,320.9173179682589,no pobre,basal,2,625.0,890.5,1.0,57.0,16,421,15254,9,1.0
97,1.0,0.0,0.912,1.0,6.0,5,131.1984917597154,320.9173179682589,no pobre,basal,2,625.0,890.5,1.0,57.0,13,421,15255,6,1.0
98,1.0,0.0,0.912,1.0,7.0,5,131.1984917597154,320.9173179682589,no pobre,basal,2,625.0,890.5,1.0,57.0,14,421,15255,6,1.0
97,1.0,0.0,0.912,1.0,10.0,9,131.1984917597154,320.9173179682589,pobre,basal,6,500.0,683.5,1.0,39.0,15,421,15256,10,1.0
98,1.0,0.0,0.912,1.0,10.0,9,131.1984917597154,320.9173179682589,pobre,basal,6,500.0,683.5,1.0,39.0,16,421,15256,10,1.0
97,0.0,0.0,0.912,1.0,7.0,9,131.1984917597154,320.9173179682589,pobre,basal,6,500.0,683.5,1.0,39.0,13,421,15257,7,1.0
98,0.0,0.0,0.912,1.0,8.0,9,131.1984917597154,320.9173179682589,pobre,basal,6,500.0,683.5,1.0,39.0,14,421,15257,7,1.0
97,0.0,0.0,0.912,1.0,5.0,9,131.1984917597154,320.9173179682589,pobre,basal,6,500.0,683.5,1.0,39.0,11,421,15258,5,1.0
98,0.0,0.0,0.912,1.0,6.0,9,131.1984917597154,320.9173179682589,pobre,basal,6,500.0,683.5,1.0,39.0,12,421,15258,5,1.0
97,1.0,0.0,0.912,1.0,3.0,9,131.1984917597154,320.9173179682589,pobre,basal,6,500.0,683.5,1.0,39.0,9,421,15259,3,1.0
98,1.0,0.0,0.912,1.0,4.0,9,131.1984917597154,320.9173179682589,pobre,basal,6,500.0,683.5,1.0,39.0,10,421,15259,3,1.0
97,0.0,0.0,0.912,1.0,1.0,9,131.1984917597154,320.9173179682589,pobre,basal,6,500.0,683.5,1.0,39.0,7,421,15260,1,1.0
98,0.0,0.0,0.912,1.0,2.0,9,131.1984917597154,320.9173179682589,pobre,basal,6,500.0,683.5,1.0,39.0,8,421,15260,1,1.0
97,0.0,0.0,0.912,1.0,5.0,13,131.1984917597154,320.9173179682589,pobre,basal,4,375.0,782.75,1.0,47.0,11,421,15261,5,1.0
98,0.0,0.0,0.912,1.0,6.0,13,131.1984917597154,320.9173179682589,pobre,basal,4,375.0,782.75,1.0,47.0,12,421,15261,5,1.0
97,1.0,0.0,0.912,1.0,2.0,13,131.1984917597154,320.9173179682589,pobre,basal,4,375.0,782.75,1.0,47.0,8,421,15262,2,1.0
98,1.0,0.0,0.912,1.0,3.0,13,131.1984917597154,320.9173179682589,pobre,basal,4,375.0,782.75,1.0,47.0,9,421,15262,2,1.0
97,0.0,0.0,0.912,1.0,0.0,13,131.1984917597154,320.9173179682589,pobre,basal,4,375.0,782.75,1.0,47.0,6,421,15263,0,1.0
98,0.0,0.0,0.912,1.0,1.0,13,131.1984917597154,320.9173179682589,pobre,basal,4,375.0,782.75,1.0,47.0,7,421,15263,0,1.0
97,1.0,0.0,0.912,1.0,8.0,8,131.1984917597154,320.9173179682589,pobre,basal,3,625.0,727.0,1.0,44.0,14,421,15264,8,1.0
98,1.0,0.0,0.912,0.0,9.0,8,131.1984917597154,320.9173179682589,pobre,basal,3,625.0,727.0,1.0,44.0,15,421,15264,8,1.0
97,0.0,0.0,0.912,1.0,7.0,8,131.1984917597154,320.9173179682589,pobre,basal,3,625.0,727.0,1.0,44.0,12,421,15265,7,1.0
98,0.0,0.0,0.912,1.0,8.0,8,131.1984917597154,320.9173179682589,pobre,basal,3,625.0,727.0,1.0,44.0,13,421,15265,7,1.0
97,0.0,0.0,0.912,1.0,2.0,8,131.1984917597154,320.9173179682589,pobre,basal,3,625.0,727.0,1.0,44.0,7,421,15266,2,1.0
98,0.0,0.0,0.912,1.0,3.0,8,131.1984917597154,320.9173179682589,pobre,basal,3,625.0,727.0,1.0,44.0,8,421,15266,2,1.0
97,1.0,0.0,0.912,1.0,8.0,8,131.1984917597154,320.9173179682589,pobre,basal,0,625.0,595.0,1.0,40.0,13,421,15267,8,1.0
98,1.0,0.0,0.912,1.0,9.0,8,131.1984917597154,320.9173179682589,pobre,basal,0,625.0,595.0,1.0,40.0,14,421,15267,8,1.0
97,0.0,0.0,0.912,1.0,3.0,8,131.1984917597154,320.9173179682589,pobre,basal,0,625.0,595.0,1.0,40.0,9,421,15268,3,1.0
98,0.0,0.0,0.912,1.0,4.0,8,131.1984917597154,320.9173179682589,pobre,basal,0,625.0,595.0,1.0,40.0,10,421,15268,3,1.0
97,0.0,0.0,0.912,1.0,0.0,8,131.1984917597154,320.9173179682589,pobre,basal,0,625.0,595.0,1.0,40.0,7,421,15269,0,1.0
98,0.0,0.0,0.912,1.0,0.0,8,131.1984917597154,320.9173179682589,pobre,basal,0,625.0,595.0,1.0,40.0,8,421,15269,0,1.0
97,0.0,0.0,0.912,1.0,8.0,10,131.1984917597154,320.9173179682589,pobre,basal,3,500.0,547.0,1.0,42.0,15,421,15270,8,1.0
98,0.0,0.0,0.912,0.0,9.0,10,131.1984917597154,320.9173179682589,pobre,basal,3,500.0,547.0,1.0,42.0,16,421,15270,8,1.0
97,0.0,0.0,0.912,1.0,5.0,10,131.1984917597154,320.9173179682589,pobre,basal,3,500.0,547.0,1.0,42.0,12,421,15271,5,1.0
98,0.0,0.0,0.912,1.0,6.0,10,131.1984917597154,320.9173179682589,pobre,basal,3,500.0,547.0,1.0,42.0,13,421,15271,5,1.0
97,1.0,0.0,0.912,1.0,2.0,10,131.1984917597154,320.9173179682589,pobre,basal,3,500.0,547.0,1.0,42.0,8,421,15272,2,1.0
98,1.0,0.0,0.912,1.0,3.0,10,131.1984917597154,320.9173179682589,pobre,basal,3,500.0,547.0,1.0,42.0,9,421,15272,2,1.0
97,0.0,0.0,0.912,1.0,3.0,7,131.1984917597154,320.9173179682589,pobre,basal,9,500.0,619.0,1.0,29.0,10,421,15273,3,1.0
98,0.0,0.0,0.912,1.0,3.0,7,131.1984917597154,320.9173179682589,pobre,basal,9,500.0,619.0,1.0,29.0,11,421,15273,3,1.0
97,0.0,0.0,0.912,1.0,0.0,7,131.1984917597154,320.9173179682589,pobre,basal,9,500.0,619.0,1.0,29.0,6,421,15274,0,1.0
98,0.0,0.0,0.912,1.0,1.0,7,131.1984917597154,320.9173179682589,pobre,basal,9,500.0,619.0,1.0,29.0,7,421,15274,0,1.0
97,0.0,0.0,3.737,0.0,2.0,8,79.32525308118672,79.32525308118672,pobre,basal,3,1000.0,785.0,1.0,53.0,16,294,15275,2,0.0
98,0.0,0.0,3.737,,,8,79.32525308118672,79.32525308118672,pobre,basal,3,1000.0,785.0,1.0,53.0,17,294,15275,2,0.0
97,1.0,0.0,3.737,0.0,5.0,8,79.32525308118672,79.32525308118672,pobre,basal,3,1000.0,785.0,1.0,53.0,15,294,15276,5,0.0
98,1.0,0.0,3.737,0.0,5.0,8,79.32525308118672,79.32525308118672,pobre,basal,3,1000.0,785.0,1.0,53.0,16,294,15276,5,0.0
97,0.0,0.0,3.737,1.0,4.0,8,79.32525308118672,79.32525308118672,pobre,basal,3,1000.0,785.0,1.0,53.0,11,294,15277,4,1.0
98,0.0,0.0,3.737,1.0,5.0,8,79.32525308118672,79.32525308118672,pobre,basal,3,1000.0,785.0,1.0,53.0,12,294,15277,4,1.0
97,0.0,0.0,3.737,,0.0,8,79.32525308118672,79.32525308118672,pobre,basal,3,1000.0,785.0,1.0,53.0,6,294,15278,0,
98,0.0,0.0,3.737,1.0,1.0,8,79.32525308118672,79.32525308118672,pobre,basal,3,1000.0,785.0,1.0,53.0,7,294,15278,0,
97,1.0,0.0,0.912,1.0,9.0,7,131.1984917597154,320.9173179682589,pobre,basal,4,500.0,591.0,1.0,41.0,15,421,15279,9,1.0
98,1.0,0.0,0.912,0.0,10.0,7,131.1984917597154,320.9173179682589,pobre,basal,4,500.0,591.0,1.0,41.0,16,421,15279,9,1.0
97,1.0,0.0,0.912,1.0,7.0,7,131.1984917597154,320.9173179682589,pobre,basal,4,500.0,591.0,1.0,41.0,13,421,15280,7,1.0
98,1.0,0.0,0.912,0.0,8.0,7,131.1984917597154,320.9173179682589,pobre,basal,4,500.0,591.0,1.0,41.0,14,421,15280,7,1.0
97,0.0,0.0,0.912,0.0,6.0,7,131.1984917597154,320.9173179682589,pobre,basal,4,500.0,591.0,1.0,41.0,12,421,15281,6,0.0
98,0.0,0.0,0.912,1.0,6.0,7,131.1984917597154,320.9173179682589,pobre,basal,4,500.0,591.0,1.0,41.0,13,421,15281,6,0.0
97,1.0,0.0,0.912,1.0,4.0,7,131.1984917597154,320.9173179682589,pobre,basal,4,500.0,591.0,1.0,41.0,10,421,15282,4,1.0
98,1.0,0.0,0.912,1.0,5.0,7,131.1984917597154,320.9173179682589,pobre,basal,4,500.0,591.0,1.0,41.0,11,421,15282,4,1.0
97,0.0,0.0,3.737,0.0,3.0,3,79.32525308118672,79.32525308118672,pobre,basal,4,400.0,753.0,0.0,35.0,12,294,15283,3,0.0
98,0.0,0.0,3.737,1.0,4.0,3,79.32525308118672,79.32525308118672,pobre,basal,4,400.0,753.0,0.0,35.0,13,294,15283,3,0.0
97,0.0,0.0,2.402,1.0,9.0,8,126.7014448642074,325.7895880014124,pobre,basal,3,625.0,728.0,1.0,55.0,15,417,15284,9,1.0
98,0.0,0.0,2.402,1.0,10.0,8,126.7014448642074,325.7895880014124,pobre,basal,3,625.0,728.0,1.0,55.0,16,417,15284,9,1.0
97,0.0,0.0,2.402,1.0,6.0,8,126.7014448642074,325.7895880014124,pobre,basal,3,625.0,728.0,1.0,55.0,13,417,15285,6,1.0
98,0.0,0.0,2.402,1.0,7.0,8,126.7014448642074,325.7895880014124,pobre,basal,3,625.0,728.0,1.0,55.0,14,417,15285,6,1.0
97,1.0,0.0,2.402,1.0,3.0,8,126.7014448642074,325.7895880014124,pobre,basal,3,625.0,728.0,1.0,55.0,10,417,15286,3,1.0
98,1.0,0.0,2.402,1.0,4.0,8,126.7014448642074,325.7895880014124,pobre,basal,3,625.0,728.0,1.0,55.0,11,417,15286,3,1.0
97,1.0,0.0,2.402,0.0,9.0,7,126.7014448642074,325.7895880014124,no pobre,basal,3,500.0,1019.0,1.0,56.0,16,417,15287,9,0.0
98,1.0,0.0,2.402,1.0,10.0,7,126.7014448642074,325.7895880014124,no pobre,basal,3,500.0,1019.0,1.0,56.0,17,417,15287,9,0.0
97,0.0,0.0,2.402,1.0,9.0,7,126.7014448642074,325.7895880014124,no pobre,basal,3,500.0,1019.0,1.0,56.0,15,417,15288,9,1.0
98,0.0,0.0,2.402,1.0,10.0,7,126.7014448642074,325.7895880014124,no pobre,basal,3,500.0,1019.0,1.0,56.0,16,417,15288,9,1.0
97,0.0,0.0,2.402,1.0,8.0,7,126.7014448642074,325.7895880014124,no pobre,basal,3,500.0,1019.0,1.0,56.0,13,417,15289,8,1.0
98,0.0,0.0,2.402,1.0,8.0,7,126.7014448642074,325.7895880014124,no pobre,basal,3,500.0,1019.0,1.0,56.0,14,417,15289,8,1.0
97,0.0,1.0,2.402,1.0,9.0,4,126.7014448642074,325.7895880014124,no pobre,basal,6,500.0,784.0,1.0,48.0,15,417,15290,9,1.0
98,0.0,1.0,2.402,,,4,126.7014448642074,325.7895880014124,no pobre,basal,6,500.0,784.0,1.0,48.0,16,417,15290,9,1.0
97,1.0,0.0,2.402,0.0,6.0,8,126.7014448642074,325.7895880014124,pobre,basal,6,500.0,722.0,1.0,49.0,14,417,15291,6,0.0
98,1.0,0.0,2.402,0.0,6.0,8,126.7014448642074,325.7895880014124,pobre,basal,6,500.0,722.0,1.0,49.0,15,417,15291,6,0.0
97,0.0,0.0,2.402,0.0,4.0,8,126.7014448642074,325.7895880014124,pobre,basal,6,500.0,722.0,1.0,49.0,11,417,15292,4,0.0
98,0.0,0.0,2.402,0.0,5.0,8,126.7014448642074,325.7895880014124,pobre,basal,6,500.0,722.0,1.0,49.0,12,417,15292,4,0.0
97,1.0,0.0,2.402,1.0,4.0,8,126.7014448642074,325.7895880014124,pobre,basal,6,500.0,722.0,1.0,49.0,10,417,15293,4,1.0
98,1.0,0.0,2.402,1.0,5.0,8,126.7014448642074,325.7895880014124,pobre,basal,6,500.0,722.0,1.0,49.0,11,417,15293,4,1.0
97,1.0,0.0,2.402,1.0,2.0,8,126.7014448642074,325.7895880014124,pobre,basal,6,500.0,722.0,1.0,49.0,8,417,15294,2,1.0
98,1.0,0.0,2.402,1.0,3.0,8,126.7014448642074,325.7895880014124,pobre,basal,6,500.0,722.0,1.0,49.0,9,417,15294,2,1.0
97,1.0,0.0,2.402,1.0,2.0,8,126.7014448642074,325.7895880014124,pobre,basal,6,500.0,722.0,1.0,49.0,8,417,15295,2,1.0
98,1.0,0.0,2.402,1.0,2.0,8,126.7014448642074,325.7895880014124,pobre,basal,6,500.0,722.0,1.0,49.0,9,417,15295,2,1.0
97,1.0,0.0,2.402,1.0,0.0,8,126.7014448642074,325.7895880014124,pobre,basal,6,500.0,722.0,1.0,49.0,6,417,15296,0,1.0
98,1.0,0.0,2.402,1.0,1.0,8,126.7014448642074,325.7895880014124,pobre,basal,6,500.0,722.0,1.0,49.0,7,417,15296,0,1.0
97,0.0,0.0,2.402,0.0,6.0,8,126.7014448642074,325.7895880014124,pobre,basal,6,1000.0,712.0,1.0,34.0,13,417,15297,6,0.0
98,0.0,0.0,2.402,0.0,6.0,8,126.7014448642074,325.7895880014124,pobre,basal,6,1000.0,712.0,1.0,34.0,14,417,15297,6,0.0
97,0.0,0.0,2.402,1.0,0.0,8,126.7014448642074,325.7895880014124,pobre,basal,6,1000.0,712.0,1.0,34.0,6,417,15298,0,1.0
98,0.0,0.0,2.402,1.0,1.0,8,126.7014448642074,325.7895880014124,pobre,basal,6,1000.0,712.0,1.0,34.0,7,417,15298,0,1.0
97,1.0,0.0,2.402,1.0,9.0,10,126.7014448642074,325.7895880014124,pobre,basal,6,500.0,540.0,1.0,42.0,16,417,15299,9,1.0
98,1.0,0.0,2.402,,,10,126.7014448642074,325.7895880014124,pobre,basal,6,500.0,540.0,1.0,42.0,17,417,15299,9,1.0
97,0.0,0.0,2.402,1.0,8.0,10,126.7014448642074,325.7895880014124,pobre,basal,6,500.0,540.0,1.0,42.0,14,417,15300,8,1.0
98,0.0,0.0,2.402,0.0,9.0,10,126.7014448642074,325.7895880014124,pobre,basal,6,500.0,540.0,1.0,42.0,15,417,15300,8,1.0
97,0.0,0.0,2.402,1.0,4.0,10,126.7014448642074,325.7895880014124,pobre,basal,6,500.0,540.0,1.0,42.0,12,417,15301,4,1.0
98,0.0,0.0,2.402,1.0,5.0,10,126.7014448642074,325.7895880014124,pobre,basal,6,500.0,540.0,1.0,42.0,13,417,15301,4,1.0
97,1.0,0.0,2.402,1.0,2.0,10,126.7014448642074,325.7895880014124,pobre,basal,6,500.0,540.0,1.0,42.0,10,417,15302,2,1.0
98,1.0,0.0,2.402,1.0,3.0,10,126.7014448642074,325.7895880014124,pobre,basal,6,500.0,540.0,1.0,42.0,11,417,15302,2,1.0
97,1.0,0.0,2.402,1.0,1.0,10,126.7014448642074,325.7895880014124,pobre,basal,6,500.0,540.0,1.0,42.0,7,417,15303,1,1.0
98,1.0,0.0,2.402,1.0,1.0,10,126.7014448642074,325.7895880014124,pobre,basal,6,500.0,540.0,1.0,42.0,8,417,15303,1,1.0
97,0.0,0.0,2.402,1.0,6.0,6,126.7014448642074,325.7895880014124,no pobre,basal,3,625.0,906.0,1.0,55.0,12,417,15304,6,1.0
98,0.0,0.0,2.402,1.0,7.0,6,126.7014448642074,325.7895880014124,no pobre,basal,3,625.0,906.0,1.0,55.0,13,417,15304,6,1.0
97,1.0,0.0,2.402,1.0,6.0,9,126.7014448642074,325.7895880014124,pobre,basal,3,700.0,625.0,1.0,47.0,13,417,15305,6,1.0
98,1.0,0.0,2.402,1.0,7.0,9,126.7014448642074,325.7895880014124,pobre,basal,3,700.0,625.0,1.0,47.0,14,417,15305,6,1.0
97,1.0,0.0,2.402,1.0,6.0,9,126.7014448642074,325.7895880014124,pobre,basal,3,700.0,625.0,1.0,47.0,11,417,15306,6,1.0
98,1.0,0.0,2.402,1.0,7.0,9,126.7014448642074,325.7895880014124,pobre,basal,3,700.0,625.0,1.0,47.0,12,417,15306,6,1.0
97,0.0,0.0,2.402,1.0,3.0,9,126.7014448642074,325.7895880014124,pobre,basal,3,700.0,625.0,1.0,47.0,9,417,15307,3,1.0
98,0.0,0.0,2.402,1.0,4.0,9,126.7014448642074,325.7895880014124,pobre,basal,3,700.0,625.0,1.0,47.0,10,417,15307,3,1.0
97,1.0,0.0,2.402,1.0,1.0,9,126.7014448642074,325.7895880014124,pobre,basal,3,700.0,625.0,1.0,47.0,7,417,15308,1,1.0
98,1.0,0.0,2.402,1.0,2.0,9,126.7014448642074,325.7895880014124,pobre,basal,3,700.0,625.0,1.0,47.0,8,417,15308,1,1.0
97,1.0,0.0,2.402,0.0,6.0,9,126.7014448642074,325.7895880014124,pobre,basal,3,500.0,839.5,1.0,53.0,15,417,15309,6,0.0
98,1.0,0.0,2.402,1.0,6.0,9,126.7014448642074,325.7895880014124,pobre,basal,3,500.0,839.5,1.0,53.0,16,417,15309,6,0.0
97,1.0,0.0,2.402,1.0,10.0,6,126.7014448642074,325.7895880014124,pobre,basal,16,2000.0,748.0,1.0,38.0,16,417,15310,10,1.0
98,1.0,0.0,2.402,1.0,11.0,6,126.7014448642074,325.7895880014124,pobre,basal,16,2000.0,748.0,1.0,38.0,17,417,15310,10,1.0
97,1.0,0.0,2.402,1.0,5.0,6,126.7014448642074,325.7895880014124,pobre,basal,16,2000.0,748.0,1.0,38.0,11,417,15311,5,1.0
98,1.0,0.0,2.402,1.0,6.0,6,126.7014448642074,325.7895880014124,pobre,basal,16,2000.0,748.0,1.0,38.0,12,417,15311,5,1.0
97,1.0,0.0,2.402,1.0,1.0,6,126.7014448642074,325.7895880014124,pobre,basal,16,2000.0,748.0,1.0,38.0,7,417,15312,1,1.0
98,1.0,0.0,2.402,1.0,2.0,6,126.7014448642074,325.7895880014124,pobre,basal,16,2000.0,748.0,1.0,38.0,8,417,15312,1,1.0
97,1.0,0.0,2.402,1.0,6.0,7,126.7014448642074,325.7895880014124,no pobre,basal,3,625.0,900.5,1.0,52.0,12,417,15313,6,1.0
98,1.0,0.0,2.402,1.0,7.0,7,126.7014448642074,325.7895880014124,no pobre,basal,3,625.0,900.5,1.0,52.0,13,417,15313,6,1.0
97,0.0,0.0,2.402,1.0,5.0,7,126.7014448642074,325.7895880014124,no pobre,basal,3,625.0,900.5,1.0,52.0,11,417,15314,5,1.0
98,0.0,0.0,2.402,1.0,6.0,7,126.7014448642074,325.7895880014124,no pobre,basal,3,625.0,900.5,1.0,52.0,12,417,15314,5,1.0
97,1.0,0.0,2.402,1.0,3.0,7,126.7014448642074,325.7895880014124,no pobre,basal,3,625.0,900.5,1.0,52.0,9,417,15315,3,1.0
98,1.0,0.0,2.402,1.0,4.0,7,126.7014448642074,325.7895880014124,no pobre,basal,3,625.0,900.5,1.0,52.0,10,417,15315,3,1.0
97,1.0,0.0,2.402,0.0,6.0,5,126.7014448642074,325.7895880014124,pobre,basal,0,625.0,783.0,1.0,51.0,15,417,15316,6,0.0
98,1.0,0.0,2.402,1.0,6.0,5,126.7014448642074,325.7895880014124,pobre,basal,0,625.0,783.0,1.0,51.0,16,417,15316,6,0.0
97,1.0,0.0,2.402,1.0,3.0,5,126.7014448642074,325.7895880014124,pobre,basal,0,625.0,783.0,1.0,51.0,10,417,15317,3,1.0
98,1.0,0.0,2.402,1.0,4.0,5,126.7014448642074,325.7895880014124,pobre,basal,0,625.0,783.0,1.0,51.0,11,417,15317,3,1.0
97,1.0,0.0,2.402,1.0,8.0,5,126.7014448642074,325.7895880014124,no pobre,basal,2,500.0,964.0,1.0,67.0,14,417,15318,8,1.0
98,1.0,0.0,2.402,1.0,9.0,5,126.7014448642074,325.7895880014124,no pobre,basal,2,500.0,964.0,1.0,67.0,15,417,15318,8,1.0
97,0.0,0.0,2.402,1.0,7.0,7,126.7014448642074,325.7895880014124,pobre,basal,0,0.0,725.5,1.0,75.0,13,417,15319,7,1.0
98,0.0,0.0,2.402,1.0,8.0,7,126.7014448642074,325.7895880014124,pobre,basal,0,0.0,725.5,1.0,75.0,14,417,15319,7,1.0
97,1.0,0.0,2.402,1.0,4.0,7,126.7014448642074,325.7895880014124,pobre,basal,0,0.0,725.5,1.0,75.0,11,417,15320,4,1.0
98,1.0,0.0,2.402,1.0,5.0,7,126.7014448642074,325.7895880014124,pobre,basal,0,0.0,725.5,1.0,75.0,12,417,15320,4,1.0
97,1.0,0.0,2.402,1.0,8.0,8,126.7014448642074,325.7895880014124,no pobre,basal,3,500.0,952.0,1.0,70.0,14,417,15321,8,1.0
98,1.0,0.0,2.402,1.0,9.0,8,126.7014448642074,325.7895880014124,no pobre,basal,3,500.0,952.0,1.0,70.0,15,417,15321,8,1.0
97,0.0,0.0,2.402,1.0,5.0,8,126.7014448642074,325.7895880014124,no pobre,basal,3,500.0,952.0,1.0,70.0,11,417,15322,5,1.0
98,0.0,0.0,2.402,1.0,6.0,8,126.7014448642074,325.7895880014124,no pobre,basal,3,500.0,952.0,1.0,70.0,12,417,15322,5,1.0
97,1.0,0.0,2.402,1.0,2.0,8,126.7014448642074,325.7895880014124,no pobre,basal,3,500.0,952.0,1.0,70.0,8,417,15323,2,1.0
98,1.0,0.0,2.402,1.0,3.0,8,126.7014448642074,325.7895880014124,no pobre,basal,3,500.0,952.0,1.0,70.0,9,417,15323,2,1.0
97,1.0,0.0,2.402,1.0,9.0,7,126.7014448642074,325.7895880014124,no pobre,basal,4,625.0,927.5,1.0,60.0,15,417,15324,9,1.0
98,1.0,0.0,2.402,1.0,9.0,7,126.7014448642074,325.7895880014124,no pobre,basal,4,625.0,927.5,1.0,60.0,16,417,15324,9,1.0
97,1.0,0.0,2.402,1.0,7.0,7,126.7014448642074,325.7895880014124,no pobre,basal,4,625.0,927.5,1.0,60.0,13,417,15325,7,1.0
98,1.0,0.0,2.402,,,7,126.7014448642074,325.7895880014124,no pobre,basal,4,625.0,927.5,1.0,60.0,14,417,15325,7,1.0
97,1.0,0.0,2.402,1.0,6.0,7,126.7014448642074,325.7895880014124,no pobre,basal,4,625.0,927.5,1.0,60.0,11,417,15326,6,1.0
98,1.0,0.0,2.402,1.0,7.0,7,126.7014448642074,325.7895880014124,no pobre,basal,4,625.0,927.5,1.0,60.0,12,417,15326,6,1.0
97,0.0,0.0,2.402,1.0,8.0,5,126.7014448642074,325.7895880014124,no pobre,basal,12,2188.0,862.0,1.0,42.0,13,417,15327,8,1.0
98,0.0,0.0,2.402,1.0,9.0,5,126.7014448642074,325.7895880014124,no pobre,basal,12,2188.0,862.0,1.0,42.0,14,417,15327,8,1.0
97,0.0,0.0,2.402,1.0,6.0,5,126.7014448642074,325.7895880014124,no pobre,basal,12,2188.0,862.0,1.0,42.0,12,417,15328,6,1.0
98,0.0,0.0,2.402,1.0,7.0,5,126.7014448642074,325.7895880014124,no pobre,basal,12,2188.0,862.0,1.0,42.0,13,417,15328,6,1.0
97,0.0,,2.402,1.0,1.0,5,126.7014448642074,325.7895880014124,no pobre,basal,12,2188.0,862.0,1.0,42.0,7,417,15329,1,1.0
98,0.0,,2.402,1.0,2.0,5,126.7014448642074,325.7895880014124,no pobre,basal,12,2188.0,862.0,1.0,42.0,8,417,15329,1,1.0
97,0.0,0.0,2.402,1.0,4.0,6,126.7014448642074,325.7895880014124,pobre,basal,6,500.0,662.0,1.0,36.0,10,417,15330,4,1.0
98,0.0,0.0,2.402,1.0,5.0,6,126.7014448642074,325.7895880014124,pobre,basal,6,500.0,662.0,1.0,36.0,11,417,15330,4,1.0
97,1.0,0.0,2.402,1.0,2.0,6,126.7014448642074,325.7895880014124,pobre,basal,6,500.0,662.0,1.0,36.0,8,417,15331,2,1.0
98,1.0,0.0,2.402,1.0,3.0,6,126.7014448642074,325.7895880014124,pobre,basal,6,500.0,662.0,1.0,36.0,9,417,15331,2,1.0
97,1.0,0.0,2.402,1.0,0.0,6,126.7014448642074,325.7895880014124,pobre,basal,6,500.0,662.0,1.0,36.0,6,417,15332,0,1.0
98,1.0,0.0,2.402,1.0,1.0,6,126.7014448642074,325.7895880014124,pobre,basal,6,500.0,662.0,1.0,36.0,7,417,15332,0,1.0
97,0.0,0.0,2.402,1.0,6.0,7,126.7014448642074,325.7895880014124,pobre,basal,0,1200.0,800.5,1.0,42.0,16,417,15333,6,1.0
98,0.0,0.0,2.402,,,7,126.7014448642074,325.7895880014124,pobre,basal,0,1200.0,800.5,1.0,42.0,17,417,15333,6,1.0
97,0.0,0.0,2.402,1.0,6.0,7,126.7014448642074,325.7895880014124,pobre,basal,0,1200.0,800.5,1.0,42.0,13,417,15334,6,1.0
98,0.0,0.0,2.402,1.0,7.0,7,126.7014448642074,325.7895880014124,pobre,basal,0,1200.0,800.5,1.0,42.0,14,417,15334,6,1.0
97,1.0,0.0,2.402,1.0,4.0,7,126.7014448642074,325.7895880014124,pobre,basal,0,1200.0,800.5,1.0,42.0,12,417,15335,4,1.0
98,1.0,0.0,2.402,1.0,5.0,7,126.7014448642074,325.7895880014124,pobre,basal,0,1200.0,800.5,1.0,42.0,13,417,15335,4,1.0
97,0.0,0.0,2.402,1.0,2.0,7,126.7014448642074,325.7895880014124,pobre,basal,0,1200.0,800.5,1.0,42.0,8,417,15336,2,1.0
98,0.0,0.0,2.402,1.0,3.0,7,126.7014448642074,325.7895880014124,pobre,basal,0,1200.0,800.5,1.0,42.0,9,417,15336,2,1.0
97,0.0,1.0,2.402,1.0,3.0,6,126.7014448642074,325.7895880014124,pobre,basal,2,500.0,616.0,1.0,32.0,9,417,15337,3,1.0
98,0.0,1.0,2.402,1.0,4.0,6,126.7014448642074,325.7895880014124,pobre,basal,2,500.0,616.0,1.0,32.0,10,417,15337,3,1.0
97,1.0,1.0,2.402,1.0,1.0,6,126.7014448642074,325.7895880014124,pobre,basal,2,500.0,616.0,1.0,32.0,7,417,15338,1,1.0
98,1.0,1.0,2.402,1.0,2.0,6,126.7014448642074,325.7895880014124,pobre,basal,2,500.0,616.0,1.0,32.0,8,417,15338,1,1.0
97,1.0,0.0,2.402,1.0,7.0,6,126.7014448642074,325.7895880014124,pobre,basal,9,1200.0,748.0,1.0,40.0,12,417,15339,7,1.0
98,1.0,0.0,2.402,1.0,8.0,6,126.7014448642074,325.7895880014124,pobre,basal,9,1200.0,748.0,1.0,40.0,13,417,15339,7,1.0
97,1.0,0.0,2.402,1.0,5.0,6,126.7014448642074,325.7895880014124,pobre,basal,9,1200.0,748.0,1.0,40.0,10,417,15340,5,1.0
98,1.0,0.0,2.402,1.0,6.0,6,126.7014448642074,325.7895880014124,pobre,basal,9,1200.0,748.0,1.0,40.0,11,417,15340,5,1.0
97,1.0,0.0,2.402,1.0,2.0,6,126.7014448642074,325.7895880014124,pobre,basal,9,1200.0,748.0,1.0,40.0,7,417,15341,2,1.0
98,1.0,0.0,2.402,1.0,3.0,6,126.7014448642074,325.7895880014124,pobre,basal,9,1200.0,748.0,1.0,40.0,8,417,15341,2,1.0
97,1.0,0.0,2.402,1.0,10.0,5,126.7014448642074,325.7895880014124,no pobre,basal,9,1600.0,786.0,1.0,44.0,15,417,15342,10,1.0
98,1.0,0.0,2.402,1.0,10.0,5,126.7014448642074,325.7895880014124,no pobre,basal,9,1600.0,786.0,1.0,44.0,16,417,15342,10,1.0
97,1.0,0.0,2.402,1.0,3.0,5,126.7014448642074,325.7895880014124,no pobre,basal,9,1600.0,786.0,1.0,44.0,8,417,15343,3,1.0
98,1.0,0.0,2.402,1.0,4.0,5,126.7014448642074,325.7895880014124,no pobre,basal,9,1600.0,786.0,1.0,44.0,9,417,15343,3,1.0
97,0.0,0.0,2.402,1.0,2.0,9,126.7014448642074,325.7895880014124,no pobre,basal,2,0.0,945.59998,1.0,65.0,8,417,15344,2,1.0
98,0.0,0.0,2.402,1.0,3.0,9,126.7014448642074,325.7895880014124,no pobre,basal,2,0.0,945.59998,1.0,65.0,9,417,15344,2,1.0
97,0.0,0.0,2.402,1.0,8.0,4,126.7014448642074,325.7895880014124,pobre,basal,3,500.0,750.0,1.0,46.0,13,417,15345,8,1.0
98,0.0,0.0,2.402,1.0,9.0,4,126.7014448642074,325.7895880014124,pobre,basal,3,500.0,750.0,1.0,46.0,14,417,15345,8,1.0
97,0.0,0.0,2.402,1.0,1.0,6,126.7014448642074,325.7895880014124,no pobre,basal,3,720.0,889.0,1.0,52.0,8,417,15346,1,1.0
98,0.0,0.0,2.402,1.0,2.0,6,126.7014448642074,325.7895880014124,no pobre,basal,3,720.0,889.0,1.0,52.0,9,417,15346,1,1.0
97,1.0,0.0,2.402,1.0,5.0,4,126.7014448642074,325.7895880014124,pobre,basal,9,600.0,609.0,1.0,27.0,10,417,15347,5,1.0
98,1.0,0.0,2.402,1.0,6.0,4,126.7014448642074,325.7895880014124,pobre,basal,9,600.0,609.0,1.0,27.0,11,417,15347,5,1.0
97,1.0,0.0,2.402,1.0,5.0,3,126.7014448642074,325.7895880014124,pobre,basal,6,500.0,759.5,1.0,24.0,11,417,15348,5,1.0
98,1.0,0.0,2.402,1.0,6.0,3,126.7014448642074,325.7895880014124,pobre,basal,6,500.0,759.5,1.0,24.0,12,417,15348,5,1.0
97,1.0,0.0,2.402,1.0,7.0,5,126.7014448642074,325.7895880014124,pobre,basal,2,0.0,869.5,0.0,56.0,14,417,15349,7,1.0
98,1.0,0.0,2.402,1.0,8.0,5,126.7014448642074,325.7895880014124,pobre,basal,2,0.0,869.5,0.0,56.0,15,417,15349,7,1.0
97,0.0,0.0,2.402,1.0,1.0,5,126.7014448642074,325.7895880014124,pobre,basal,2,0.0,869.5,0.0,56.0,7,417,15350,1,1.0
98,0.0,0.0,2.402,1.0,2.0,5,126.7014448642074,325.7895880014124,pobre,basal,2,0.0,869.5,0.0,56.0,8,417,15350,1,1.0
97,1.0,0.0,2.402,1.0,9.0,7,126.7014448642074,325.7895880014124,pobre,basal,6,625.0,630.0,1.0,38.0,16,417,15351,9,1.0
98,1.0,0.0,2.402,,,7,126.7014448642074,325.7895880014124,pobre,basal,6,625.0,630.0,1.0,38.0,17,417,15351,9,1.0
97,0.0,0.0,2.402,0.0,6.0,7,126.7014448642074,325.7895880014124,pobre,basal,6,625.0,630.0,1.0,38.0,13,417,15352,6,0.0
98,0.0,0.0,2.402,0.0,6.0,7,126.7014448642074,325.7895880014124,pobre,basal,6,625.0,630.0,1.0,38.0,14,417,15352,6,0.0
97,0.0,0.0,2.402,1.0,5.0,7,126.7014448642074,325.7895880014124,pobre,basal,6,625.0,630.0,1.0,38.0,12,417,15353,5,1.0
98,0.0,0.0,2.402,1.0,7.0,7,126.7014448642074,325.7895880014124,pobre,basal,6,625.0,630.0,1.0,38.0,13,417,15353,5,1.0
97,0.0,0.0,2.402,1.0,10.0,8,126.7014448642074,325.7895880014124,no pobre,basal,3,625.0,785.0,1.0,57.0,16,417,15354,10,1.0
98,0.0,0.0,2.402,,,8,126.7014448642074,325.7895880014124,no pobre,basal,3,625.0,785.0,1.0,57.0,17,417,15354,10,1.0
97,0.0,0.0,2.402,1.0,8.0,8,126.7014448642074,325.7895880014124,no pobre,basal,3,625.0,785.0,1.0,57.0,14,417,15355,8,1.0
98,0.0,0.0,2.402,1.0,10.0,8,126.7014448642074,325.7895880014124,no pobre,basal,3,625.0,785.0,1.0,57.0,15,417,15355,8,1.0
97,0.0,0.0,2.402,1.0,7.0,8,126.7014448642074,325.7895880014124,no pobre,basal,3,625.0,785.0,1.0,57.0,13,417,15356,7,1.0
98,0.0,0.0,2.402,1.0,8.0,8,126.7014448642074,325.7895880014124,no pobre,basal,3,625.0,785.0,1.0,57.0,14,417,15356,7,1.0
97,0.0,0.0,2.402,1.0,8.0,5,126.7014448642074,325.7895880014124,no pobre,basal,2,625.0,835.5,1.0,75.0,15,417,15357,8,1.0
98,0.0,0.0,2.402,1.0,10.0,5,126.7014448642074,325.7895880014124,no pobre,basal,2,625.0,835.5,1.0,75.0,16,417,15357,8,1.0
97,1.0,0.0,2.402,1.0,6.0,5,126.7014448642074,325.7895880014124,no pobre,basal,2,625.0,835.5,1.0,75.0,11,417,15358,6,1.0
98,1.0,0.0,2.402,1.0,7.0,5,126.7014448642074,325.7895880014124,no pobre,basal,2,625.0,835.5,1.0,75.0,12,417,15358,6,1.0
97,1.0,0.0,2.402,1.0,3.0,6,126.7014448642074,325.7895880014124,pobre,basal,6,500.0,634.0,1.0,35.0,9,417,15359,3,1.0
98,1.0,0.0,2.402,1.0,4.0,6,126.7014448642074,325.7895880014124,pobre,basal,6,500.0,634.0,1.0,35.0,10,417,15359,3,1.0
97,0.0,0.0,2.402,1.0,1.0,6,126.7014448642074,325.7895880014124,pobre,basal,6,500.0,634.0,1.0,35.0,7,417,15360,1,1.0
98,0.0,0.0,2.402,1.0,2.0,6,126.7014448642074,325.7895880014124,pobre,basal,6,500.0,634.0,1.0,35.0,8,417,15360,1,1.0
97,1.0,0.0,2.402,1.0,0.0,6,126.7014448642074,325.7895880014124,pobre,basal,6,500.0,634.0,1.0,35.0,6,417,15361,0,1.0
98,1.0,0.0,2.402,1.0,1.0,6,126.7014448642074,325.7895880014124,pobre,basal,6,500.0,634.0,1.0,35.0,7,417,15361,0,1.0
97,0.0,0.0,2.402,1.0,6.0,9,126.7014448642074,325.7895880014124,pobre,basal,18,3750.0,573.0,1.0,35.0,12,417,15362,6,1.0
98,0.0,0.0,2.402,1.0,7.0,9,126.7014448642074,325.7895880014124,pobre,basal,18,3750.0,573.0,1.0,35.0,13,417,15362,6,1.0
97,1.0,0.0,2.402,1.0,4.0,9,126.7014448642074,325.7895880014124,pobre,basal,18,3750.0,573.0,1.0,35.0,11,417,15363,4,1.0
98,1.0,0.0,2.402,1.0,5.0,9,126.7014448642074,325.7895880014124,pobre,basal,18,3750.0,573.0,1.0,35.0,12,417,15363,4,1.0
97,0.0,0.0,2.402,1.0,3.0,9,126.7014448642074,325.7895880014124,pobre,basal,18,3750.0,573.0,1.0,35.0,9,417,15364,3,1.0
98,0.0,0.0,2.402,1.0,4.0,9,126.7014448642074,325.7895880014124,pobre,basal,18,3750.0,573.0,1.0,35.0,10,417,15364,3,1.0
97,0.0,0.0,2.402,1.0,0.0,9,126.7014448642074,325.7895880014124,pobre,basal,18,3750.0,573.0,1.0,35.0,8,417,15365,0,1.0
98,0.0,0.0,2.402,1.0,1.0,9,126.7014448642074,325.7895880014124,pobre,basal,18,3750.0,573.0,1.0,35.0,9,417,15365,0,1.0
97,1.0,1.0,2.402,1.0,9.0,5,126.7014448642074,325.7895880014124,no pobre,basal,15,2400.0,886.0,1.0,38.0,15,417,15366,9,1.0
98,1.0,1.0,2.402,1.0,10.0,5,126.7014448642074,325.7895880014124,no pobre,basal,15,2400.0,886.0,1.0,38.0,16,417,15366,9,1.0
97,0.0,1.0,2.402,1.0,8.0,5,126.7014448642074,325.7895880014124,no pobre,basal,15,2400.0,886.0,1.0,38.0,14,417,15367,8,1.0
98,0.0,1.0,2.402,1.0,9.0,5,126.7014448642074,325.7895880014124,no pobre,basal,15,2400.0,886.0,1.0,38.0,15,417,15367,8,1.0
97,1.0,1.0,2.402,1.0,3.0,5,126.7014448642074,325.7895880014124,no pobre,basal,15,2400.0,886.0,1.0,38.0,9,417,15368,3,1.0
98,1.0,1.0,2.402,1.0,4.0,5,126.7014448642074,325.7895880014124,no pobre,basal,15,2400.0,886.0,1.0,38.0,10,417,15368,3,1.0
97,0.0,0.0,2.402,1.0,6.0,7,126.7014448642074,325.7895880014124,pobre,basal,0,500.0,570.0,1.0,38.0,14,417,15369,6,1.0
98,0.0,0.0,2.402,,,7,126.7014448642074,325.7895880014124,pobre,basal,0,500.0,570.0,1.0,38.0,15,417,15369,6,1.0
97,0.0,0.0,2.402,1.0,4.0,7,126.7014448642074,325.7895880014124,pobre,basal,0,500.0,570.0,1.0,38.0,12,417,15370,4,1.0
98,0.0,0.0,2.402,1.0,5.0,7,126.7014448642074,325.7895880014124,pobre,basal,0,500.0,570.0,1.0,38.0,13,417,15370,4,1.0
97,0.0,0.0,2.402,1.0,1.0,7,126.7014448642074,325.7895880014124,pobre,basal,0,500.0,570.0,1.0,38.0,8,417,15371,1,1.0
98,0.0,0.0,2.402,1.0,2.0,7,126.7014448642074,325.7895880014124,pobre,basal,0,500.0,570.0,1.0,38.0,9,417,15371,1,1.0
97,0.0,1.0,2.402,1.0,1.0,5,126.7014448642074,325.7895880014124,pobre,basal,6,1000.0,531.0,1.0,29.0,7,417,15372,1,1.0
98,0.0,1.0,2.402,1.0,2.0,5,126.7014448642074,325.7895880014124,pobre,basal,6,1000.0,531.0,1.0,29.0,8,417,15372,1,1.0
97,1.0,0.0,2.402,1.0,10.0,8,126.7014448642074,325.7895880014124,pobre,basal,3,500.0,774.0,1.0,54.0,16,417,15373,10,1.0
98,1.0,0.0,2.402,,,8,126.7014448642074,325.7895880014124,pobre,basal,3,500.0,774.0,1.0,54.0,17,417,15373,10,1.0
97,1.0,0.0,2.402,0.0,7.0,8,126.7014448642074,325.7895880014124,pobre,basal,3,500.0,774.0,1.0,54.0,14,417,15374,7,0.0
98,1.0,0.0,2.402,1.0,8.0,8,126.7014448642074,325.7895880014124,pobre,basal,3,500.0,774.0,1.0,54.0,15,417,15374,7,0.0
97,0.0,0.0,2.402,1.0,6.0,8,126.7014448642074,325.7895880014124,pobre,basal,3,500.0,774.0,1.0,54.0,12,417,15375,6,1.0
98,0.0,0.0,2.402,,,8,126.7014448642074,325.7895880014124,pobre,basal,3,500.0,774.0,1.0,54.0,13,417,15375,6,1.0
97,1.0,,2.402,1.0,1.0,8,126.7014448642074,325.7895880014124,pobre,basal,3,500.0,774.0,1.0,54.0,7,417,15376,1,1.0
98,1.0,,2.402,1.0,2.0,8,126.7014448642074,325.7895880014124,pobre,basal,3,500.0,774.0,1.0,54.0,8,417,15376,1,1.0
97,0.0,,2.402,1.0,0.0,8,126.7014448642074,325.7895880014124,pobre,basal,3,500.0,774.0,1.0,54.0,6,417,15377,0,1.0
98,0.0,,2.402,1.0,1.0,8,126.7014448642074,325.7895880014124,pobre,basal,3,500.0,774.0,1.0,54.0,7,417,15377,0,1.0
97,0.0,1.0,2.402,1.0,8.0,6,126.7014448642074,325.7895880014124,pobre,basal,2,600.0,687.0,1.0,50.0,15,417,15378,8,1.0
98,0.0,1.0,2.402,1.0,9.0,6,126.7014448642074,325.7895880014124,pobre,basal,2,600.0,687.0,1.0,50.0,16,417,15378,8,1.0
97,0.0,0.0,2.402,1.0,0.0,6,126.7014448642074,325.7895880014124,pobre,basal,2,600.0,687.0,1.0,50.0,6,417,15379,0,1.0
98,0.0,0.0,2.402,1.0,1.0,6,126.7014448642074,325.7895880014124,pobre,basal,2,600.0,687.0,1.0,50.0,7,417,15379,0,1.0
97,0.0,0.0,2.402,1.0,3.0,4,126.7014448642074,325.7895880014124,no pobre,basal,15,2400.0,832.0,1.0,29.0,9,417,15380,3,1.0
98,0.0,0.0,2.402,1.0,4.0,4,126.7014448642074,325.7895880014124,no pobre,basal,15,2400.0,832.0,1.0,29.0,10,417,15380,3,1.0
97,1.0,0.0,2.402,1.0,2.0,4,126.7014448642074,325.7895880014124,no pobre,basal,15,2400.0,832.0,1.0,29.0,8,417,15381,2,1.0
98,1.0,0.0,2.402,1.0,3.0,4,126.7014448642074,325.7895880014124,no pobre,basal,15,2400.0,832.0,1.0,29.0,9,417,15381,2,1.0
97,0.0,1.0,2.402,1.0,9.0,7,126.7014448642074,325.7895880014124,no pobre,basal,16,4400.0,885.5,1.0,28.0,15,417,15382,9,1.0
98,0.0,1.0,2.402,1.0,10.0,7,126.7014448642074,325.7895880014124,no pobre,basal,16,4400.0,885.5,1.0,28.0,16,417,15382,9,1.0
97,0.0,1.0,2.402,1.0,1.0,6,126.7014448642074,325.7895880014124,pobre,basal,6,625.0,684.0,1.0,35.0,8,417,15383,1,1.0
98,0.0,1.0,2.402,1.0,2.0,6,126.7014448642074,325.7895880014124,pobre,basal,6,625.0,684.0,1.0,35.0,9,417,15383,1,1.0
97,0.0,1.0,2.402,1.0,0.0,6,126.7014448642074,325.7895880014124,pobre,basal,6,625.0,684.0,1.0,35.0,6,417,15384,0,1.0
98,0.0,1.0,2.402,1.0,1.0,6,126.7014448642074,325.7895880014124,pobre,basal,6,625.0,684.0,1.0,35.0,7,417,15384,0,1.0
97,1.0,1.0,2.402,1.0,11.0,8,126.7014448642074,325.7895880014124,pobre,basal,6,625.0,732.0,1.0,38.0,16,417,15385,11,1.0
98,1.0,1.0,2.402,,,8,126.7014448642074,325.7895880014124,pobre,basal,6,625.0,732.0,1.0,38.0,17,417,15385,11,1.0
97,1.0,1.0,2.402,1.0,8.0,8,126.7014448642074,325.7895880014124,pobre,basal,6,625.0,732.0,1.0,38.0,14,417,15386,8,1.0
98,1.0,1.0,2.402,1.0,9.0,8,126.7014448642074,325.7895880014124,pobre,basal,6,625.0,732.0,1.0,38.0,15,417,15386,8,1.0
97,1.0,0.0,2.402,1.0,5.0,8,126.7014448642074,325.7895880014124,pobre,basal,6,625.0,732.0,1.0,38.0,10,417,15387,5,1.0
98,1.0,0.0,2.402,1.0,6.0,8,126.7014448642074,325.7895880014124,pobre,basal,6,625.0,732.0,1.0,38.0,11,417,15387,5,1.0
97,1.0,0.0,2.402,1.0,1.0,8,126.7014448642074,325.7895880014124,pobre,basal,6,625.0,732.0,1.0,38.0,7,417,15388,1,1.0
98,1.0,0.0,2.402,1.0,2.0,8,126.7014448642074,325.7895880014124,pobre,basal,6,625.0,732.0,1.0,38.0,8,417,15388,1,1.0
97,0.0,1.0,2.402,0.0,6.0,4,126.7014448642074,325.7895880014124,pobre,basal,4,500.0,764.0,1.0,52.0,12,417,15389,6,0.0
98,0.0,1.0,2.402,0.0,6.0,4,126.7014448642074,325.7895880014124,pobre,basal,4,500.0,764.0,1.0,52.0,13,417,15389,6,0.0
97,0.0,1.0,2.402,1.0,7.0,4,126.7014448642074,325.7895880014124,no pobre,basal,3,500.0,843.0,1.0,60.0,16,417,15390,7,1.0
98,0.0,1.0,2.402,,,4,126.7014448642074,325.7895880014124,no pobre,basal,3,500.0,843.0,1.0,60.0,17,417,15390,7,1.0
97,0.0,1.0,2.402,1.0,7.0,4,126.7014448642074,325.7895880014124,pobre,basal,0,750.0,631.0,1.0,48.0,12,417,15391,7,1.0
98,0.0,1.0,2.402,1.0,8.0,4,126.7014448642074,325.7895880014124,pobre,basal,0,750.0,631.0,1.0,48.0,13,417,15391,7,1.0
97,0.0,1.0,1.224,1.0,2.0,9,123.1103316144938,334.4607625816827,pobre,0,2,500.0,654.5,1.0,31.0,9,479,15392,2,1.0
98,0.0,1.0,1.224,1.0,3.0,9,123.1103316144938,334.4607625816827,pobre,0,2,500.0,654.5,1.0,31.0,10,479,15392,2,1.0
97,0.0,1.0,1.224,1.0,0.0,9,123.1103316144938,334.4607625816827,pobre,0,2,500.0,654.5,1.0,31.0,7,479,15393,0,1.0
98,0.0,1.0,1.224,1.0,1.0,9,123.1103316144938,334.4607625816827,pobre,0,2,500.0,654.5,1.0,31.0,8,479,15393,0,1.0
97,0.0,1.0,1.224,1.0,2.0,7,123.1103316144938,334.4607625816827,pobre,0,0,500.0,471.0,1.0,33.0,10,479,15394,2,1.0
98,0.0,1.0,1.224,1.0,1.0,7,123.1103316144938,334.4607625816827,pobre,0,0,500.0,471.0,1.0,33.0,11,479,15394,2,1.0
97,0.0,1.0,1.224,1.0,1.0,7,123.1103316144938,334.4607625816827,pobre,0,0,500.0,471.0,1.0,33.0,8,479,15395,1,1.0
98,0.0,1.0,1.224,1.0,2.0,7,123.1103316144938,334.4607625816827,pobre,0,0,500.0,471.0,1.0,33.0,9,479,15395,1,1.0
97,1.0,1.0,1.224,0.0,6.0,5,123.1103316144938,334.4607625816827,pobre,0,0,625.0,750.5,1.0,60.0,16,479,15396,6,0.0
98,1.0,1.0,1.224,,,5,123.1103316144938,334.4607625816827,pobre,0,0,625.0,750.5,1.0,60.0,17,479,15396,6,0.0
97,0.0,1.0,1.224,1.0,1.0,5,123.1103316144938,334.4607625816827,pobre,0,0,625.0,750.5,1.0,60.0,14,479,15397,1,1.0
98,0.0,1.0,1.224,0.0,3.0,5,123.1103316144938,334.4607625816827,pobre,0,0,625.0,750.5,1.0,60.0,15,479,15397,1,1.0
97,1.0,1.0,1.224,1.0,3.0,5,123.1103316144938,334.4607625816827,pobre,0,0,625.0,750.5,1.0,60.0,11,479,15398,3,1.0
98,1.0,1.0,1.224,1.0,4.0,5,123.1103316144938,334.4607625816827,pobre,0,0,625.0,750.5,1.0,60.0,12,479,15398,3,1.0
97,0.0,1.0,1.224,0.0,6.0,8,123.1103316144938,334.4607625816827,pobre,0,0,500.0,763.0,1.0,38.0,16,479,15399,6,0.0
98,0.0,1.0,1.224,,,8,123.1103316144938,334.4607625816827,pobre,0,0,500.0,763.0,1.0,38.0,17,479,15399,6,0.0
97,1.0,1.0,1.224,0.0,6.0,8,123.1103316144938,334.4607625816827,pobre,0,0,500.0,763.0,1.0,38.0,14,479,15400,6,0.0
98,1.0,1.0,1.224,,,8,123.1103316144938,334.4607625816827,pobre,0,0,500.0,763.0,1.0,38.0,15,479,15400,6,0.0
97,0.0,1.0,1.224,1.0,7.0,8,123.1103316144938,334.4607625816827,pobre,0,0,500.0,763.0,1.0,38.0,13,479,15401,7,1.0
98,0.0,1.0,1.224,0.0,3.0,8,123.1103316144938,334.4607625816827,pobre,0,0,500.0,763.0,1.0,38.0,14,479,15401,7,1.0
97,0.0,1.0,1.224,1.0,1.0,8,123.1103316144938,334.4607625816827,pobre,0,0,500.0,763.0,1.0,38.0,10,479,15402,1,1.0
98,0.0,1.0,1.224,1.0,2.0,8,123.1103316144938,334.4607625816827,pobre,0,0,500.0,763.0,1.0,38.0,11,479,15402,1,1.0
97,1.0,1.0,1.224,1.0,0.0,8,123.1103316144938,334.4607625816827,pobre,0,0,500.0,763.0,1.0,38.0,8,479,15403,0,1.0
98,1.0,1.0,1.224,1.0,1.0,8,123.1103316144938,334.4607625816827,pobre,0,0,500.0,763.0,1.0,38.0,9,479,15403,0,1.0
97,1.0,1.0,1.224,1.0,7.0,7,123.1103316144938,334.4607625816827,pobre,0,3,500.0,548.5,1.0,39.0,13,479,15404,7,1.0
98,1.0,1.0,1.224,1.0,8.0,7,123.1103316144938,334.4607625816827,pobre,0,3,500.0,548.5,1.0,39.0,14,479,15404,7,1.0
97,0.0,1.0,1.224,0.0,3.0,7,123.1103316144938,334.4607625816827,pobre,0,3,500.0,548.5,1.0,39.0,11,479,15405,3,0.0
98,0.0,1.0,1.224,0.0,3.0,7,123.1103316144938,334.4607625816827,pobre,0,3,500.0,548.5,1.0,39.0,12,479,15405,3,0.0
97,0.0,1.0,1.224,0.0,3.0,7,123.1103316144938,334.4607625816827,pobre,0,3,500.0,548.5,1.0,39.0,11,479,15406,3,0.0
98,0.0,1.0,1.224,0.0,3.0,7,123.1103316144938,334.4607625816827,pobre,0,3,500.0,548.5,1.0,39.0,12,479,15406,3,0.0
97,0.0,1.0,1.224,1.0,0.0,7,123.1103316144938,334.4607625816827,pobre,0,3,500.0,548.5,1.0,39.0,6,479,15407,0,1.0
98,0.0,1.0,1.224,1.0,1.0,7,123.1103316144938,334.4607625816827,pobre,0,3,500.0,548.5,1.0,39.0,7,479,15407,0,1.0
97,1.0,1.0,1.224,1.0,4.0,6,123.1103316144938,334.4607625816827,pobre,0,3,500.0,636.0,1.0,37.0,11,479,15408,4,1.0
98,1.0,1.0,1.224,1.0,5.0,6,123.1103316144938,334.4607625816827,pobre,0,3,500.0,636.0,1.0,37.0,12,479,15408,4,1.0
97,0.0,1.0,1.224,1.0,2.0,6,123.1103316144938,334.4607625816827,pobre,0,3,500.0,636.0,1.0,37.0,9,479,15409,2,1.0
98,0.0,1.0,1.224,1.0,3.0,6,123.1103316144938,334.4607625816827,pobre,0,3,500.0,636.0,1.0,37.0,10,479,15409,2,1.0
97,0.0,1.0,1.224,1.0,0.0,6,123.1103316144938,334.4607625816827,pobre,0,3,500.0,636.0,1.0,37.0,7,479,15410,0,1.0
98,0.0,1.0,1.224,1.0,1.0,6,123.1103316144938,334.4607625816827,pobre,0,3,500.0,636.0,1.0,37.0,8,479,15410,0,1.0
97,0.0,1.0,1.224,1.0,3.0,9,123.1103316144938,334.4607625816827,pobre,0,0,500.0,421.0,1.0,76.0,11,479,15411,3,1.0
98,0.0,1.0,1.224,0.0,2.0,9,123.1103316144938,334.4607625816827,pobre,0,0,500.0,421.0,1.0,76.0,12,479,15411,3,1.0
97,1.0,1.0,1.224,1.0,2.0,9,123.1103316144938,334.4607625816827,pobre,0,0,500.0,421.0,1.0,76.0,8,479,15412,2,1.0
98,1.0,1.0,1.224,1.0,2.0,9,123.1103316144938,334.4607625816827,pobre,0,0,500.0,421.0,1.0,76.0,9,479,15412,2,1.0
97,0.0,1.0,1.224,1.0,3.0,5,123.1103316144938,334.4607625816827,pobre,0,0,500.0,691.0,1.0,55.0,13,479,15413,3,1.0
98,0.0,1.0,1.224,,,5,123.1103316144938,334.4607625816827,pobre,0,0,500.0,691.0,1.0,55.0,14,479,15413,3,1.0
97,0.0,1.0,1.224,1.0,2.0,5,123.1103316144938,334.4607625816827,pobre,0,0,500.0,691.0,1.0,55.0,11,479,15414,2,1.0
98,0.0,1.0,1.224,1.0,3.0,5,123.1103316144938,334.4607625816827,pobre,0,0,500.0,691.0,1.0,55.0,12,479,15414,2,1.0
97,0.0,1.0,1.224,1.0,1.0,5,123.1103316144938,334.4607625816827,pobre,0,0,500.0,691.0,1.0,55.0,8,479,15415,1,1.0
98,0.0,1.0,1.224,1.0,2.0,5,123.1103316144938,334.4607625816827,pobre,0,0,500.0,691.0,1.0,55.0,9,479,15415,1,1.0
97,0.0,1.0,1.224,0.0,2.0,6,123.1103316144938,334.4607625816827,pobre,0,2,625.0,490.0,1.0,33.0,14,479,15416,2,0.0
98,0.0,1.0,1.224,0.0,2.0,6,123.1103316144938,334.4607625816827,pobre,0,2,625.0,490.0,1.0,33.0,15,479,15416,2,0.0
97,0.0,1.0,1.224,1.0,2.0,6,123.1103316144938,334.4607625816827,pobre,0,2,625.0,490.0,1.0,33.0,11,479,15417,2,1.0
98,0.0,1.0,1.224,1.0,3.0,6,123.1103316144938,334.4607625816827,pobre,0,2,625.0,490.0,1.0,33.0,12,479,15417,2,1.0
97,1.0,1.0,1.224,1.0,0.0,6,123.1103316144938,334.4607625816827,pobre,0,2,625.0,490.0,1.0,33.0,6,479,15418,0,1.0
98,1.0,1.0,1.224,1.0,1.0,6,123.1103316144938,334.4607625816827,pobre,0,2,625.0,490.0,1.0,33.0,7,479,15418,0,1.0
97,1.0,1.0,1.224,1.0,1.0,8,123.1103316144938,334.4607625816827,pobre,0,2,500.0,441.0,1.0,41.0,12,479,15419,1,1.0
98,1.0,1.0,1.224,1.0,2.0,8,123.1103316144938,334.4607625816827,pobre,0,2,500.0,441.0,1.0,41.0,13,479,15419,1,1.0
97,0.0,1.0,1.224,,0.0,8,123.1103316144938,334.4607625816827,pobre,0,2,500.0,441.0,1.0,41.0,10,479,15420,0,
98,0.0,1.0,1.224,0.0,1.0,8,123.1103316144938,334.4607625816827,pobre,0,2,500.0,441.0,1.0,41.0,11,479,15420,0,
97,1.0,1.0,1.224,1.0,2.0,8,123.1103316144938,334.4607625816827,pobre,0,2,500.0,441.0,1.0,41.0,7,479,15421,2,1.0
98,1.0,1.0,1.224,1.0,1.0,8,123.1103316144938,334.4607625816827,pobre,0,2,500.0,441.0,1.0,41.0,8,479,15421,2,1.0
97,1.0,1.0,1.224,1.0,4.0,7,123.1103316144938,334.4607625816827,pobre,0,0,375.0,574.0,1.0,33.0,13,479,15422,4,1.0
98,1.0,1.0,1.224,1.0,5.0,7,123.1103316144938,334.4607625816827,pobre,0,0,375.0,574.0,1.0,33.0,14,479,15422,4,1.0
97,0.0,1.0,1.224,1.0,4.0,7,123.1103316144938,334.4607625816827,pobre,0,0,375.0,574.0,1.0,33.0,10,479,15423,4,1.0
98,0.0,1.0,1.224,1.0,5.0,7,123.1103316144938,334.4607625816827,pobre,0,0,375.0,574.0,1.0,33.0,11,479,15423,4,1.0
97,0.0,1.0,1.224,1.0,0.0,7,123.1103316144938,334.4607625816827,pobre,0,0,375.0,574.0,1.0,33.0,7,479,15424,0,1.0
98,0.0,1.0,1.224,1.0,1.0,7,123.1103316144938,334.4607625816827,pobre,0,0,375.0,574.0,1.0,33.0,8,479,15424,0,1.0
97,0.0,1.0,1.224,1.0,5.0,9,123.1103316144938,334.4607625816827,pobre,0,0,375.0,518.0,1.0,37.0,13,479,15425,5,1.0
98,0.0,1.0,1.224,1.0,8.0,9,123.1103316144938,334.4607625816827,pobre,0,0,375.0,518.0,1.0,37.0,14,479,15425,5,1.0
97,1.0,1.0,1.224,1.0,3.0,9,123.1103316144938,334.4607625816827,pobre,0,0,375.0,518.0,1.0,37.0,11,479,15426,3,1.0
98,1.0,1.0,1.224,1.0,3.0,9,123.1103316144938,334.4607625816827,pobre,0,0,375.0,518.0,1.0,37.0,12,479,15426,3,1.0
97,0.0,1.0,1.224,1.0,1.0,9,123.1103316144938,334.4607625816827,pobre,0,0,375.0,518.0,1.0,37.0,8,479,15427,1,1.0
98,0.0,1.0,1.224,1.0,2.0,9,123.1103316144938,334.4607625816827,pobre,0,0,375.0,518.0,1.0,37.0,9,479,15427,1,1.0
97,1.0,1.0,1.224,0.0,6.0,10,123.1103316144938,334.4607625816827,pobre,0,3,500.0,654.0,1.0,40.0,15,479,15428,6,0.0
98,1.0,1.0,1.224,0.0,6.0,10,123.1103316144938,334.4607625816827,pobre,0,3,500.0,654.0,1.0,40.0,16,479,15428,6,0.0
97,0.0,1.0,1.224,0.0,6.0,10,123.1103316144938,334.4607625816827,pobre,0,3,500.0,654.0,1.0,40.0,13,479,15429,6,0.0
98,0.0,1.0,1.224,0.0,6.0,10,123.1103316144938,334.4607625816827,pobre,0,3,500.0,654.0,1.0,40.0,14,479,15429,6,0.0
97,1.0,1.0,1.224,1.0,5.0,10,123.1103316144938,334.4607625816827,pobre,0,3,500.0,654.0,1.0,40.0,11,479,15430,5,1.0
98,1.0,1.0,1.224,0.0,6.0,10,123.1103316144938,334.4607625816827,pobre,0,3,500.0,654.0,1.0,40.0,12,479,15430,5,1.0
97,1.0,1.0,1.224,1.0,1.0,10,123.1103316144938,334.4607625816827,pobre,0,3,500.0,654.0,1.0,40.0,8,479,15431,1,1.0
98,1.0,1.0,1.224,1.0,2.0,10,123.1103316144938,334.4607625816827,pobre,0,3,500.0,654.0,1.0,40.0,9,479,15431,1,1.0
97,1.0,1.0,1.224,0.0,6.0,6,123.1103316144938,334.4607625816827,pobre,0,3,500.0,565.0,1.0,42.0,15,479,15432,6,0.0
98,1.0,1.0,1.224,0.0,6.0,6,123.1103316144938,334.4607625816827,pobre,0,3,500.0,565.0,1.0,42.0,16,479,15432,6,0.0
97,0.0,1.0,1.224,0.0,3.0,6,123.1103316144938,334.4607625816827,pobre,0,3,500.0,565.0,1.0,42.0,10,479,15433,3,0.0
98,0.0,1.0,1.224,0.0,4.0,6,123.1103316144938,334.4607625816827,pobre,0,3,500.0,565.0,1.0,42.0,11,479,15433,3,0.0
97,1.0,1.0,1.224,1.0,2.0,6,123.1103316144938,334.4607625816827,pobre,0,3,500.0,565.0,1.0,42.0,8,479,15434,2,1.0
98,1.0,1.0,1.224,1.0,3.0,6,123.1103316144938,334.4607625816827,pobre,0,3,500.0,565.0,1.0,42.0,9,479,15434,2,1.0
97,0.0,1.0,1.224,1.0,0.0,5,123.1103316144938,334.4607625816827,pobre,0,3,500.0,530.0,1.0,32.0,6,479,15435,0,1.0
98,0.0,1.0,1.224,1.0,0.0,5,123.1103316144938,334.4607625816827,pobre,0,3,500.0,530.0,1.0,32.0,7,479,15435,0,1.0
97,1.0,1.0,1.224,,0.0,10,123.1103316144938,334.4607625816827,pobre,0,3,500.0,537.0,1.0,40.0,15,479,15436,0,
98,1.0,1.0,1.224,0.0,1.0,10,123.1103316144938,334.4607625816827,pobre,0,3,500.0,537.0,1.0,40.0,16,479,15436,0,
97,1.0,1.0,1.224,0.0,4.0,10,123.1103316144938,334.4607625816827,pobre,0,3,500.0,537.0,1.0,40.0,12,479,15437,4,0.0
98,1.0,1.0,1.224,1.0,4.0,10,123.1103316144938,334.4607625816827,pobre,0,3,500.0,537.0,1.0,40.0,13,479,15437,4,0.0
97,1.0,1.0,1.224,1.0,1.0,10,123.1103316144938,334.4607625816827,pobre,0,3,500.0,537.0,1.0,40.0,8,479,15438,1,1.0
98,1.0,1.0,1.224,1.0,2.0,10,123.1103316144938,334.4607625816827,pobre,0,3,500.0,537.0,1.0,40.0,9,479,15438,1,1.0
97,0.0,1.0,1.224,1.0,0.0,10,123.1103316144938,334.4607625816827,pobre,0,3,500.0,537.0,1.0,40.0,7,479,15439,0,1.0
98,0.0,1.0,1.224,1.0,1.0,10,123.1103316144938,334.4607625816827,pobre,0,3,500.0,537.0,1.0,40.0,8,479,15439,0,1.0
97,0.0,1.0,1.224,1.0,0.0,5,123.1103316144938,334.4607625816827,pobre,0,3,500.0,652.0,1.0,33.0,6,479,15440,0,1.0
98,0.0,1.0,1.224,1.0,1.0,5,123.1103316144938,334.4607625816827,pobre,0,3,500.0,652.0,1.0,33.0,7,479,15440,0,1.0
97,1.0,1.0,1.224,0.0,2.0,8,123.1103316144938,334.4607625816827,pobre,0,3,500.0,666.0,1.0,33.0,12,479,15441,2,0.0
98,1.0,1.0,1.224,1.0,2.0,8,123.1103316144938,334.4607625816827,pobre,0,3,500.0,666.0,1.0,33.0,13,479,15441,2,0.0
97,0.0,1.0,1.224,1.0,2.0,8,123.1103316144938,334.4607625816827,pobre,0,3,500.0,666.0,1.0,33.0,9,479,15442,2,1.0
98,0.0,1.0,1.224,1.0,3.0,8,123.1103316144938,334.4607625816827,pobre,0,3,500.0,666.0,1.0,33.0,10,479,15442,2,1.0
97,1.0,1.0,1.224,1.0,1.0,8,123.1103316144938,334.4607625816827,pobre,0,3,500.0,666.0,1.0,33.0,8,479,15443,1,1.0
98,1.0,1.0,1.224,1.0,2.0,8,123.1103316144938,334.4607625816827,pobre,0,3,500.0,666.0,1.0,33.0,9,479,15443,1,1.0
97,1.0,1.0,1.224,1.0,8.0,4,123.1103316144938,334.4607625816827,pobre,0,3,280.0,756.0,1.0,43.0,15,479,15444,8,1.0
98,1.0,1.0,1.224,1.0,9.0,4,123.1103316144938,334.4607625816827,pobre,0,3,280.0,756.0,1.0,43.0,16,479,15444,8,1.0
97,1.0,1.0,1.224,1.0,2.0,4,123.1103316144938,334.4607625816827,pobre,0,3,280.0,756.0,1.0,43.0,9,479,15445,2,1.0
98,1.0,1.0,1.224,1.0,3.0,4,123.1103316144938,334.4607625816827,pobre,0,3,280.0,756.0,1.0,43.0,10,479,15445,2,1.0
97,1.0,1.0,1.224,1.0,7.0,12,123.1103316144938,334.4607625816827,pobre,0,0,0.0,714.0,1.0,75.0,14,479,15446,7,1.0
98,1.0,1.0,1.224,1.0,8.0,12,123.1103316144938,334.4607625816827,pobre,0,0,0.0,714.0,1.0,75.0,15,479,15446,7,1.0
97,1.0,1.0,1.224,1.0,3.0,12,123.1103316144938,334.4607625816827,pobre,0,0,0.0,714.0,1.0,75.0,10,479,15447,3,1.0
98,1.0,1.0,1.224,1.0,4.0,12,123.1103316144938,334.4607625816827,pobre,0,0,0.0,714.0,1.0,75.0,11,479,15447,3,1.0
97,0.0,1.0,1.224,1.0,2.0,12,123.1103316144938,334.4607625816827,pobre,0,0,0.0,714.0,1.0,75.0,9,479,15448,2,1.0
98,0.0,1.0,1.224,1.0,3.0,12,123.1103316144938,334.4607625816827,pobre,0,0,0.0,714.0,1.0,75.0,10,479,15448,2,1.0
97,1.0,1.0,1.224,1.0,0.0,12,123.1103316144938,334.4607625816827,pobre,0,0,0.0,714.0,1.0,75.0,6,479,15449,0,1.0
98,1.0,1.0,1.224,1.0,1.0,12,123.1103316144938,334.4607625816827,pobre,0,0,0.0,714.0,1.0,75.0,7,479,15449,0,1.0
97,0.0,1.0,1.224,,0.0,5,123.1103316144938,334.4607625816827,pobre,0,0,500.0,834.5,1.0,50.0,14,479,15450,0,
98,0.0,1.0,1.224,0.0,4.0,5,123.1103316144938,334.4607625816827,pobre,0,0,500.0,834.5,1.0,50.0,15,479,15450,0,
97,0.0,1.0,1.224,1.0,0.0,5,123.1103316144938,334.4607625816827,pobre,0,0,500.0,834.5,1.0,50.0,6,479,15451,0,1.0
98,0.0,1.0,1.224,1.0,1.0,5,123.1103316144938,334.4607625816827,pobre,0,0,500.0,834.5,1.0,50.0,7,479,15451,0,1.0
97,0.0,1.0,1.224,0.0,6.0,10,123.1103316144938,334.4607625816827,pobre,0,3,500.0,680.0,1.0,42.0,16,479,15452,6,0.0
98,0.0,1.0,1.224,,,10,123.1103316144938,334.4607625816827,pobre,0,3,500.0,680.0,1.0,42.0,17,479,15452,6,0.0
97,0.0,1.0,1.224,0.0,4.0,10,123.1103316144938,334.4607625816827,pobre,0,3,500.0,680.0,1.0,42.0,13,479,15453,4,0.0
98,0.0,1.0,1.224,0.0,3.0,10,123.1103316144938,334.4607625816827,pobre,0,3,500.0,680.0,1.0,42.0,14,479,15453,4,0.0
97,1.0,1.0,1.224,1.0,4.0,10,123.1103316144938,334.4607625816827,pobre,0,3,500.0,680.0,1.0,42.0,11,479,15454,4,1.0
98,1.0,1.0,1.224,1.0,5.0,10,123.1103316144938,334.4607625816827,pobre,0,3,500.0,680.0,1.0,42.0,12,479,15454,4,1.0
97,0.0,1.0,1.224,1.0,1.0,10,123.1103316144938,334.4607625816827,pobre,0,3,500.0,680.0,1.0,42.0,8,479,15455,1,1.0
98,0.0,1.0,1.224,1.0,2.0,10,123.1103316144938,334.4607625816827,pobre,0,3,500.0,680.0,1.0,42.0,9,479,15455,1,1.0
97,1.0,1.0,1.224,1.0,0.0,10,123.1103316144938,334.4607625816827,pobre,0,3,500.0,680.0,1.0,42.0,6,479,15456,0,1.0
98,1.0,1.0,1.224,1.0,1.0,10,123.1103316144938,334.4607625816827,pobre,0,3,500.0,680.0,1.0,42.0,7,479,15456,0,1.0
97,1.0,1.0,1.224,1.0,4.0,4,123.1103316144938,334.4607625816827,pobre,0,0,0.0,692.0,0.0,37.0,11,479,15457,4,1.0
98,1.0,1.0,1.224,1.0,5.0,4,123.1103316144938,334.4607625816827,pobre,0,0,0.0,692.0,0.0,37.0,12,479,15457,4,1.0
97,1.0,1.0,1.224,1.0,1.0,4,123.1103316144938,334.4607625816827,pobre,0,0,0.0,692.0,0.0,37.0,8,479,15458,1,1.0
98,1.0,1.0,1.224,1.0,2.0,4,123.1103316144938,334.4607625816827,pobre,0,0,0.0,692.0,0.0,37.0,9,479,15458,1,1.0
97,0.0,1.0,1.224,1.0,0.0,4,123.1103316144938,334.4607625816827,pobre,0,0,0.0,692.0,0.0,37.0,6,479,15459,0,1.0
98,0.0,1.0,1.224,,,4,123.1103316144938,334.4607625816827,pobre,0,0,0.0,692.0,0.0,37.0,7,479,15459,0,1.0
97,0.0,1.0,1.224,0.0,6.0,4,123.1103316144938,334.4607625816827,pobre,0,0,240.0,758.0,1.0,60.0,15,479,15460,6,0.0
98,0.0,1.0,1.224,0.0,6.0,4,123.1103316144938,334.4607625816827,pobre,0,0,240.0,758.0,1.0,60.0,16,479,15460,6,0.0
97,1.0,1.0,1.224,1.0,0.0,4,123.1103316144938,334.4607625816827,pobre,0,0,240.0,758.0,1.0,60.0,8,479,15461,0,1.0
98,1.0,1.0,1.224,1.0,1.0,4,123.1103316144938,334.4607625816827,pobre,0,0,240.0,758.0,1.0,60.0,9,479,15461,0,1.0
97,0.0,1.0,1.224,0.0,3.0,6,123.1103316144938,334.4607625816827,pobre,0,1,500.0,554.0,1.0,42.0,15,479,15462,3,0.0
98,0.0,1.0,1.224,,,6,123.1103316144938,334.4607625816827,pobre,0,1,500.0,554.0,1.0,42.0,16,479,15462,3,0.0
97,1.0,1.0,1.224,1.0,4.0,6,123.1103316144938,334.4607625816827,pobre,0,1,500.0,554.0,1.0,42.0,11,479,15463,4,1.0
98,1.0,1.0,1.224,1.0,5.0,6,123.1103316144938,334.4607625816827,pobre,0,1,500.0,554.0,1.0,42.0,12,479,15463,4,1.0
97,1.0,1.0,1.224,1.0,7.0,7,123.1103316144938,334.4607625816827,pobre,0,3,400.0,740.5,1.0,41.0,15,479,15464,7,1.0
98,1.0,1.0,1.224,1.0,7.0,7,123.1103316144938,334.4607625816827,pobre,0,3,400.0,740.5,1.0,41.0,16,479,15464,7,1.0
97,0.0,1.0,1.224,1.0,3.0,7,123.1103316144938,334.4607625816827,pobre,0,3,400.0,740.5,1.0,41.0,9,479,15465,3,1.0
98,0.0,1.0,1.224,1.0,4.0,7,123.1103316144938,334.4607625816827,pobre,0,3,400.0,740.5,1.0,41.0,10,479,15465,3,1.0
97,0.0,1.0,1.224,1.0,5.0,8,123.1103316144938,334.4607625816827,pobre,0,0,500.0,623.0,1.0,53.0,11,479,15466,5,1.0
98,0.0,1.0,1.224,0.0,6.0,8,123.1103316144938,334.4607625816827,pobre,0,0,500.0,623.0,1.0,53.0,12,479,15466,5,1.0
97,0.0,1.0,1.224,1.0,2.0,8,123.1103316144938,334.4607625816827,pobre,0,0,500.0,623.0,1.0,53.0,9,479,15467,2,1.0
98,0.0,1.0,1.224,1.0,3.0,8,123.1103316144938,334.4607625816827,pobre,0,0,500.0,623.0,1.0,53.0,10,479,15467,2,1.0
97,0.0,1.0,1.224,1.0,1.0,8,123.1103316144938,334.4607625816827,pobre,0,0,500.0,623.0,1.0,53.0,7,479,15468,1,1.0
98,0.0,1.0,1.224,1.0,2.0,8,123.1103316144938,334.4607625816827,pobre,0,0,500.0,623.0,1.0,53.0,8,479,15468,1,1.0
97,1.0,1.0,1.224,1.0,0.0,8,123.1103316144938,334.4607625816827,pobre,0,0,500.0,623.0,1.0,53.0,6,479,15469,0,1.0
98,1.0,1.0,1.224,1.0,1.0,8,123.1103316144938,334.4607625816827,pobre,0,0,500.0,623.0,1.0,53.0,7,479,15469,0,1.0
97,1.0,1.0,1.224,1.0,0.0,8,123.1103316144938,334.4607625816827,pobre,0,0,500.0,623.0,1.0,53.0,6,479,15470,0,1.0
98,1.0,1.0,1.224,1.0,1.0,8,123.1103316144938,334.4607625816827,pobre,0,0,500.0,623.0,1.0,53.0,7,479,15470,0,1.0
97,0.0,1.0,1.224,0.0,6.0,7,123.1103316144938,334.4607625816827,pobre,0,4,500.0,594.0,1.0,38.0,15,479,15471,6,0.0
98,0.0,1.0,1.224,0.0,6.0,7,123.1103316144938,334.4607625816827,pobre,0,4,500.0,594.0,1.0,38.0,16,479,15471,6,0.0
97,0.0,1.0,1.224,1.0,6.0,7,123.1103316144938,334.4607625816827,pobre,0,4,500.0,594.0,1.0,38.0,13,479,15472,6,1.0
98,0.0,1.0,1.224,0.0,6.0,7,123.1103316144938,334.4607625816827,pobre,0,4,500.0,594.0,1.0,38.0,14,479,15472,6,1.0
97,1.0,1.0,1.224,1.0,1.0,7,123.1103316144938,334.4607625816827,pobre,0,4,500.0,594.0,1.0,38.0,10,479,15473,1,1.0
98,1.0,1.0,1.224,1.0,2.0,7,123.1103316144938,334.4607625816827,pobre,0,4,500.0,594.0,1.0,38.0,11,479,15473,1,1.0
97,0.0,1.0,1.224,1.0,0.0,5,123.1103316144938,334.4607625816827,pobre,0,6,625.0,634.0,1.0,24.0,6,479,15474,0,1.0
98,0.0,1.0,1.224,1.0,1.0,5,123.1103316144938,334.4607625816827,pobre,0,6,625.0,634.0,1.0,24.0,7,479,15474,0,1.0
97,1.0,1.0,1.224,1.0,0.0,6,123.1103316144938,334.4607625816827,pobre,0,2,500.0,653.0,1.0,41.0,7,479,15475,0,1.0
98,1.0,1.0,1.224,1.0,1.0,6,123.1103316144938,334.4607625816827,pobre,0,2,500.0,653.0,1.0,41.0,8,479,15475,0,1.0
97,1.0,1.0,1.224,1.0,7.0,5,123.1103316144938,334.4607625816827,pobre,0,2,1200.0,707.0,1.0,58.0,15,479,15476,7,1.0
98,1.0,1.0,1.224,1.0,9.0,5,123.1103316144938,334.4607625816827,pobre,0,2,1200.0,707.0,1.0,58.0,16,479,15476,7,1.0
97,0.0,1.0,1.224,1.0,4.0,5,123.1103316144938,334.4607625816827,pobre,0,2,1200.0,707.0,1.0,58.0,10,479,15477,4,1.0
98,0.0,1.0,1.224,1.0,5.0,5,123.1103316144938,334.4607625816827,pobre,0,2,1200.0,707.0,1.0,58.0,11,479,15477,4,1.0
97,0.0,1.0,1.224,1.0,1.0,6,123.1103316144938,334.4607625816827,pobre,0,0,500.0,759.0,1.0,68.0,8,479,15478,1,1.0
98,0.0,1.0,1.224,1.0,2.0,6,123.1103316144938,334.4607625816827,pobre,0,0,500.0,759.0,1.0,68.0,9,479,15478,1,1.0
97,0.0,1.0,1.224,1.0,0.0,6,123.1103316144938,334.4607625816827,pobre,0,0,500.0,759.0,1.0,68.0,7,479,15479,0,1.0
98,0.0,1.0,1.224,1.0,1.0,6,123.1103316144938,334.4607625816827,pobre,0,0,500.0,759.0,1.0,68.0,8,479,15479,0,1.0
97,1.0,1.0,1.224,1.0,3.0,7,123.1103316144938,334.4607625816827,pobre,0,3,1200.0,583.0,1.0,34.0,13,479,15480,3,1.0
98,1.0,1.0,1.224,0.0,4.0,7,123.1103316144938,334.4607625816827,pobre,0,3,1200.0,583.0,1.0,34.0,14,479,15480,3,1.0
97,1.0,1.0,1.224,1.0,4.0,7,123.1103316144938,334.4607625816827,pobre,0,3,1200.0,583.0,1.0,34.0,11,479,15481,4,1.0
98,1.0,1.0,1.224,1.0,5.0,7,123.1103316144938,334.4607625816827,pobre,0,3,1200.0,583.0,1.0,34.0,12,479,15481,4,1.0
97,1.0,1.0,1.224,1.0,1.0,7,123.1103316144938,334.4607625816827,pobre,0,3,1200.0,583.0,1.0,34.0,7,479,15482,1,1.0
98,1.0,1.0,1.224,1.0,2.0,7,123.1103316144938,334.4607625816827,pobre,0,3,1200.0,583.0,1.0,34.0,8,479,15482,1,1.0
97,1.0,1.0,1.224,,0.0,6,123.1103316144938,334.4607625816827,pobre,0,0,625.0,523.0,1.0,43.0,16,479,15483,0,
98,1.0,1.0,1.224,,,6,123.1103316144938,334.4607625816827,pobre,0,0,625.0,523.0,1.0,43.0,17,479,15483,0,
97,0.0,1.0,1.224,1.0,2.0,6,123.1103316144938,334.4607625816827,pobre,0,0,625.0,523.0,1.0,43.0,8,479,15484,2,1.0
98,0.0,1.0,1.224,1.0,3.0,6,123.1103316144938,334.4607625816827,pobre,0,0,625.0,523.0,1.0,43.0,9,479,15484,2,1.0
97,0.0,1.0,1.224,0.0,4.0,6,123.1103316144938,334.4607625816827,pobre,0,2,500.0,665.0,1.0,54.0,14,479,15485,4,0.0
98,0.0,1.0,1.224,0.0,4.0,6,123.1103316144938,334.4607625816827,pobre,0,2,500.0,665.0,1.0,54.0,15,479,15485,4,0.0
97,1.0,1.0,1.224,1.0,2.0,6,123.1103316144938,334.4607625816827,pobre,0,2,500.0,665.0,1.0,54.0,13,479,15486,2,1.0
98,1.0,1.0,1.224,1.0,3.0,6,123.1103316144938,334.4607625816827,pobre,0,2,500.0,665.0,1.0,54.0,14,479,15486,2,1.0
97,1.0,1.0,1.224,1.0,2.0,6,123.1103316144938,334.4607625816827,pobre,0,2,500.0,665.0,1.0,54.0,10,479,15487,2,1.0
98,1.0,1.0,1.224,1.0,3.0,6,123.1103316144938,334.4607625816827,pobre,0,2,500.0,665.0,1.0,54.0,11,479,15487,2,1.0
97,1.0,1.0,1.224,1.0,1.0,6,123.1103316144938,334.4607625816827,pobre,0,2,500.0,665.0,1.0,54.0,9,479,15488,1,1.0
98,1.0,1.0,1.224,1.0,2.0,6,123.1103316144938,334.4607625816827,pobre,0,2,500.0,665.0,1.0,54.0,10,479,15488,1,1.0
97,1.0,1.0,1.224,1.0,3.0,5,123.1103316144938,334.4607625816827,pobre,0,3,500.0,670.0,1.0,39.0,10,479,15489,3,1.0
98,1.0,1.0,1.224,1.0,4.0,5,123.1103316144938,334.4607625816827,pobre,0,3,500.0,670.0,1.0,39.0,11,479,15489,3,1.0
97,0.0,1.0,1.224,1.0,0.0,5,123.1103316144938,334.4607625816827,pobre,0,3,500.0,670.0,1.0,39.0,7,479,15490,0,1.0
98,0.0,1.0,1.224,1.0,1.0,5,123.1103316144938,334.4607625816827,pobre,0,3,500.0,670.0,1.0,39.0,8,479,15490,0,1.0
97,0.0,1.0,1.224,1.0,3.0,5,123.1103316144938,334.4607625816827,pobre,0,0,1000.0,695.0,1.0,35.0,9,479,15491,3,1.0
98,0.0,1.0,1.224,,,5,123.1103316144938,334.4607625816827,pobre,0,0,1000.0,695.0,1.0,35.0,10,479,15491,3,1.0
97,1.0,1.0,1.224,1.0,0.0,5,123.1103316144938,334.4607625816827,pobre,0,0,1000.0,695.0,1.0,35.0,7,479,15492,0,1.0
98,1.0,1.0,1.224,,,5,123.1103316144938,334.4607625816827,pobre,0,0,1000.0,695.0,1.0,35.0,8,479,15492,0,1.0
97,0.0,1.0,1.224,1.0,1.0,5,123.1103316144938,334.4607625816827,pobre,0,0,625.0,645.0,1.0,27.0,8,479,15493,1,1.0
98,0.0,1.0,1.224,,,5,123.1103316144938,334.4607625816827,pobre,0,0,625.0,645.0,1.0,27.0,9,479,15493,1,1.0
97,1.0,1.0,1.224,1.0,7.0,10,123.1103316144938,334.4607625816827,pobre,0,6,500.0,585.0,1.0,38.0,16,479,15494,7,1.0
98,1.0,1.0,1.224,,,10,123.1103316144938,334.4607625816827,pobre,0,6,500.0,585.0,1.0,38.0,17,479,15494,7,1.0
97,0.0,1.0,1.224,0.0,3.0,10,123.1103316144938,334.4607625816827,pobre,0,6,500.0,585.0,1.0,38.0,14,479,15495,3,0.0
98,0.0,1.0,1.224,0.0,5.0,10,123.1103316144938,334.4607625816827,pobre,0,6,500.0,585.0,1.0,38.0,15,479,15495,3,0.0
97,0.0,1.0,1.224,1.0,2.0,10,123.1103316144938,334.4607625816827,pobre,0,6,500.0,585.0,1.0,38.0,12,479,15496,2,1.0
98,0.0,1.0,1.224,0.0,5.0,10,123.1103316144938,334.4607625816827,pobre,0,6,500.0,585.0,1.0,38.0,13,479,15496,2,1.0
97,0.0,1.0,1.224,1.0,3.0,10,123.1103316144938,334.4607625816827,pobre,0,6,500.0,585.0,1.0,38.0,10,479,15497,3,1.0
98,0.0,1.0,1.224,1.0,4.0,10,123.1103316144938,334.4607625816827,pobre,0,6,500.0,585.0,1.0,38.0,11,479,15497,3,1.0
97,0.0,1.0,1.224,1.0,2.0,10,123.1103316144938,334.4607625816827,pobre,0,6,500.0,585.0,1.0,38.0,9,479,15498,2,1.0
98,0.0,1.0,1.224,1.0,3.0,10,123.1103316144938,334.4607625816827,pobre,0,6,500.0,585.0,1.0,38.0,10,479,15498,2,1.0
97,0.0,1.0,1.224,1.0,1.0,10,123.1103316144938,334.4607625816827,pobre,0,6,500.0,585.0,1.0,38.0,7,479,15499,1,1.0
98,0.0,1.0,1.224,1.0,2.0,10,123.1103316144938,334.4607625816827,pobre,0,6,500.0,585.0,1.0,38.0,8,479,15499,1,1.0
97,1.0,1.0,1.224,1.0,4.0,6,123.1103316144938,334.4607625816827,pobre,0,0,400.0,689.0,1.0,42.0,11,479,15500,4,1.0
98,1.0,1.0,1.224,1.0,5.0,6,123.1103316144938,334.4607625816827,pobre,0,0,400.0,689.0,1.0,42.0,12,479,15500,4,1.0
97,0.0,1.0,1.224,1.0,0.0,6,123.1103316144938,334.4607625816827,pobre,0,0,400.0,689.0,1.0,42.0,6,479,15501,0,1.0
98,0.0,1.0,1.224,1.0,0.0,6,123.1103316144938,334.4607625816827,pobre,0,0,400.0,689.0,1.0,42.0,7,479,15501,0,1.0
97,0.0,1.0,1.224,0.0,6.0,4,123.1103316144938,334.4607625816827,no pobre,0,0,0.0,795.0,1.0,50.0,16,479,15502,6,0.0
98,0.0,1.0,1.224,,,4,123.1103316144938,334.4607625816827,no pobre,0,0,0.0,795.0,1.0,50.0,17,479,15502,6,0.0
97,1.0,1.0,1.224,1.0,4.0,4,123.1103316144938,334.4607625816827,no pobre,0,0,0.0,795.0,1.0,50.0,10,479,15503,4,1.0
98,1.0,1.0,1.224,1.0,5.0,4,123.1103316144938,334.4607625816827,no pobre,0,0,0.0,795.0,1.0,50.0,11,479,15503,4,1.0
97,0.0,1.0,1.224,1.0,5.0,5,123.1103316144938,334.4607625816827,pobre,0,0,500.0,575.0,1.0,53.0,12,479,15504,5,1.0
98,0.0,1.0,1.224,0.0,6.0,5,123.1103316144938,334.4607625816827,pobre,0,0,500.0,575.0,1.0,53.0,13,479,15504,5,1.0
97,1.0,1.0,1.224,1.0,0.0,5,123.1103316144938,334.4607625816827,pobre,0,0,500.0,575.0,1.0,53.0,9,479,15505,0,1.0
98,1.0,1.0,1.224,1.0,1.0,5,123.1103316144938,334.4607625816827,pobre,0,0,500.0,575.0,1.0,53.0,10,479,15505,0,1.0
97,1.0,1.0,1.224,1.0,3.0,6,123.1103316144938,334.4607625816827,pobre,0,2,1600.0,693.0,1.0,37.0,12,479,15506,3,1.0
98,1.0,1.0,1.224,1.0,4.0,6,123.1103316144938,334.4607625816827,pobre,0,2,1600.0,693.0,1.0,37.0,13,479,15506,3,1.0
97,0.0,1.0,1.224,1.0,3.0,6,123.1103316144938,334.4607625816827,pobre,0,2,1600.0,693.0,1.0,37.0,9,479,15507,3,1.0
98,0.0,1.0,1.224,1.0,4.0,6,123.1103316144938,334.4607625816827,pobre,0,2,1600.0,693.0,1.0,37.0,10,479,15507,3,1.0
97,1.0,1.0,1.224,1.0,2.0,7,123.1103316144938,334.4607625816827,pobre,0,3,1200.0,663.5,1.0,36.0,13,479,15508,2,1.0
98,1.0,1.0,1.224,1.0,3.0,7,123.1103316144938,334.4607625816827,pobre,0,3,1200.0,663.5,1.0,36.0,14,479,15508,2,1.0
97,0.0,1.0,1.224,0.0,4.0,7,123.1103316144938,334.4607625816827,pobre,0,3,1200.0,663.5,1.0,36.0,13,479,15509,4,0.0
98,0.0,1.0,1.224,1.0,4.0,7,123.1103316144938,334.4607625816827,pobre,0,3,1200.0,663.5,1.0,36.0,14,479,15509,4,0.0
97,1.0,1.0,1.224,1.0,4.0,7,123.1103316144938,334.4607625816827,pobre,0,3,1200.0,663.5,1.0,36.0,10,479,15510,4,1.0
98,1.0,1.0,1.224,1.0,5.0,7,123.1103316144938,334.4607625816827,pobre,0,3,1200.0,663.5,1.0,36.0,11,479,15510,4,1.0
97,1.0,1.0,1.224,1.0,1.0,7,123.1103316144938,334.4607625816827,pobre,0,3,1200.0,663.5,1.0,36.0,7,479,15511,1,1.0
98,1.0,1.0,1.224,1.0,2.0,7,123.1103316144938,334.4607625816827,pobre,0,3,1200.0,663.5,1.0,36.0,8,479,15511,1,1.0
97,0.0,1.0,1.224,1.0,1.0,5,123.1103316144938,334.4607625816827,pobre,0,3,625.0,519.0,1.0,26.0,10,479,15512,1,1.0
98,0.0,1.0,1.224,1.0,2.0,5,123.1103316144938,334.4607625816827,pobre,0,3,625.0,519.0,1.0,26.0,11,479,15512,1,1.0
97,1.0,1.0,1.224,1.0,1.0,5,123.1103316144938,334.4607625816827,pobre,0,3,625.0,519.0,1.0,26.0,8,479,15513,1,1.0
98,1.0,1.0,1.224,1.0,1.0,5,123.1103316144938,334.4607625816827,pobre,0,3,625.0,519.0,1.0,26.0,9,479,15513,1,1.0
97,0.0,0.0,1.224,,0.0,7,123.1103316144938,334.4607625816827,pobre,0,3,640.0,669.0,1.0,47.0,16,479,15514,0,
98,0.0,0.0,1.224,,,7,123.1103316144938,334.4607625816827,pobre,0,3,640.0,669.0,1.0,47.0,17,479,15514,0,
97,1.0,1.0,1.224,0.0,6.0,7,123.1103316144938,334.4607625816827,pobre,0,3,640.0,669.0,1.0,47.0,15,479,15515,6,0.0
98,1.0,1.0,1.224,0.0,6.0,7,123.1103316144938,334.4607625816827,pobre,0,3,640.0,669.0,1.0,47.0,16,479,15515,6,0.0
97,0.0,1.0,1.224,0.0,6.0,7,123.1103316144938,334.4607625816827,pobre,0,3,640.0,669.0,1.0,47.0,13,479,15516,6,0.0
98,0.0,1.0,1.224,0.0,6.0,7,123.1103316144938,334.4607625816827,pobre,0,3,640.0,669.0,1.0,47.0,14,479,15516,6,0.0
97,1.0,1.0,1.224,1.0,2.0,7,123.1103316144938,334.4607625816827,pobre,0,3,640.0,669.0,1.0,47.0,8,479,15517,2,1.0
98,1.0,1.0,1.224,1.0,3.0,7,123.1103316144938,334.4607625816827,pobre,0,3,640.0,669.0,1.0,47.0,9,479,15517,2,1.0
97,1.0,1.0,1.224,1.0,1.0,7,123.1103316144938,334.4607625816827,pobre,0,3,640.0,669.0,1.0,47.0,8,479,15518,1,1.0
98,1.0,1.0,1.224,1.0,2.0,7,123.1103316144938,334.4607625816827,pobre,0,3,640.0,669.0,1.0,47.0,9,479,15518,1,1.0
97,1.0,1.0,1.224,1.0,0.0,5,123.1103316144938,334.4607625816827,pobre,0,0,500.0,751.5,0.0,50.0,6,479,15519,0,1.0
98,1.0,1.0,1.224,1.0,1.0,5,123.1103316144938,334.4607625816827,pobre,0,0,500.0,751.5,0.0,50.0,7,479,15519,0,1.0
97,1.0,1.0,1.224,1.0,5.0,7,123.1103316144938,334.4607625816827,pobre,0,0,500.0,873.5,1.0,54.0,12,479,15520,5,1.0
98,1.0,1.0,1.224,,,7,123.1103316144938,334.4607625816827,pobre,0,0,500.0,873.5,1.0,54.0,13,479,15520,5,1.0
97,1.0,1.0,1.224,1.0,0.0,7,123.1103316144938,334.4607625816827,pobre,0,0,500.0,873.5,1.0,54.0,6,479,15521,0,1.0
98,1.0,1.0,1.224,1.0,2.0,7,123.1103316144938,334.4607625816827,pobre,0,0,500.0,873.5,1.0,54.0,7,479,15521,0,1.0
97,0.0,1.0,1.224,0.0,3.0,5,123.1103316144938,334.4607625816827,pobre,0,3,500.0,564.0,1.0,42.0,8,479,15522,3,0.0
98,0.0,1.0,1.224,,,5,123.1103316144938,334.4607625816827,pobre,0,3,500.0,564.0,1.0,42.0,9,479,15522,3,0.0
97,0.0,1.0,1.224,,0.0,5,123.1103316144938,334.4607625816827,pobre,0,3,500.0,564.0,1.0,42.0,6,479,15523,0,
98,0.0,1.0,1.224,1.0,1.0,5,123.1103316144938,334.4607625816827,pobre,0,3,500.0,564.0,1.0,42.0,7,479,15523,0,
97,0.0,1.0,1.224,1.0,2.0,8,123.1103316144938,334.4607625816827,pobre,0,0,500.0,463.0,1.0,51.0,12,479,15524,2,1.0
98,0.0,1.0,1.224,,,8,123.1103316144938,334.4607625816827,pobre,0,0,500.0,463.0,1.0,51.0,13,479,15524,2,1.0
97,0.0,1.0,1.224,1.0,1.0,8,123.1103316144938,334.4607625816827,pobre,0,0,500.0,463.0,1.0,51.0,7,479,15525,1,1.0
98,0.0,1.0,1.224,0.0,2.0,8,123.1103316144938,334.4607625816827,pobre,0,0,500.0,463.0,1.0,51.0,8,479,15525,1,1.0
97,1.0,1.0,1.224,1.0,4.0,6,123.1103316144938,334.4607625816827,pobre,0,0,500.0,520.0,1.0,39.0,10,479,15526,4,1.0
98,1.0,1.0,1.224,1.0,5.0,6,123.1103316144938,334.4607625816827,pobre,0,0,500.0,520.0,1.0,39.0,11,479,15526,4,1.0
97,0.0,1.0,1.224,1.0,1.0,6,123.1103316144938,334.4607625816827,pobre,0,0,500.0,520.0,1.0,39.0,8,479,15527,1,1.0
98,0.0,1.0,1.224,0.0,2.0,6,123.1103316144938,334.4607625816827,pobre,0,0,500.0,520.0,1.0,39.0,9,479,15527,1,1.0
97,1.0,1.0,1.224,1.0,2.0,6,123.1103316144938,334.4607625816827,pobre,0,0,750.0,598.0,1.0,28.0,11,479,15528,2,1.0
98,1.0,1.0,1.224,1.0,6.0,6,123.1103316144938,334.4607625816827,pobre,0,0,750.0,598.0,1.0,28.0,12,479,15528,2,1.0
97,1.0,1.0,1.224,1.0,1.0,6,123.1103316144938,334.4607625816827,pobre,0,0,750.0,598.0,1.0,28.0,8,479,15529,1,1.0
98,1.0,1.0,1.224,1.0,2.0,6,123.1103316144938,334.4607625816827,pobre,0,0,750.0,598.0,1.0,28.0,9,479,15529,1,1.0
97,1.0,1.0,1.224,1.0,5.0,5,123.1103316144938,334.4607625816827,pobre,0,5,500.0,709.0,1.0,46.0,13,479,15530,5,1.0
98,1.0,1.0,1.224,0.0,6.0,5,123.1103316144938,334.4607625816827,pobre,0,5,500.0,709.0,1.0,46.0,14,479,15530,5,1.0
97,0.0,1.0,1.224,1.0,3.0,5,123.1103316144938,334.4607625816827,pobre,0,5,500.0,709.0,1.0,46.0,10,479,15531,3,1.0
98,0.0,1.0,1.224,,,5,123.1103316144938,334.4607625816827,pobre,0,5,500.0,709.0,1.0,46.0,11,479,15531,3,1.0
97,0.0,1.0,1.224,1.0,1.0,5,123.1103316144938,334.4607625816827,pobre,0,5,500.0,709.0,1.0,46.0,7,479,15532,1,1.0
98,0.0,1.0,1.224,,,5,123.1103316144938,334.4607625816827,pobre,0,5,500.0,709.0,1.0,46.0,8,479,15532,1,1.0
97,0.0,1.0,1.224,1.0,2.0,6,123.1103316144938,334.4607625816827,pobre,0,4,500.0,622.0,1.0,46.0,13,479,15533,2,1.0
98,0.0,1.0,1.224,1.0,3.0,6,123.1103316144938,334.4607625816827,pobre,0,4,500.0,622.0,1.0,46.0,14,479,15533,2,1.0
97,1.0,1.0,1.224,1.0,3.0,6,123.1103316144938,334.4607625816827,pobre,0,4,500.0,622.0,1.0,46.0,10,479,15534,3,1.0
98,1.0,1.0,1.224,1.0,4.0,6,123.1103316144938,334.4607625816827,pobre,0,4,500.0,622.0,1.0,46.0,11,479,15534,3,1.0
97,1.0,1.0,1.224,1.0,1.0,6,123.1103316144938,334.4607625816827,pobre,0,4,500.0,622.0,1.0,46.0,9,479,15535,1,1.0
98,1.0,1.0,1.224,1.0,3.0,6,123.1103316144938,334.4607625816827,pobre,0,4,500.0,622.0,1.0,46.0,10,479,15535,1,1.0
97,1.0,1.0,1.224,1.0,0.0,6,123.1103316144938,334.4607625816827,pobre,0,4,500.0,622.0,1.0,46.0,7,479,15536,0,1.0
98,1.0,1.0,1.224,1.0,1.0,6,123.1103316144938,334.4607625816827,pobre,0,4,500.0,622.0,1.0,46.0,8,479,15536,0,1.0
97,0.0,1.0,1.224,1.0,2.0,5,123.1103316144938,334.4607625816827,pobre,0,0,500.0,643.0,1.0,37.0,10,479,15537,2,1.0
98,0.0,1.0,1.224,1.0,3.0,5,123.1103316144938,334.4607625816827,pobre,0,0,500.0,643.0,1.0,37.0,11,479,15537,2,1.0
97,0.0,1.0,1.224,1.0,0.0,5,123.1103316144938,334.4607625816827,pobre,0,0,500.0,643.0,1.0,37.0,6,479,15538,0,1.0
98,0.0,1.0,1.224,1.0,0.0,5,123.1103316144938,334.4607625816827,pobre,0,0,500.0,643.0,1.0,37.0,7,479,15538,0,1.0
97,1.0,1.0,1.224,1.0,1.0,5,123.1103316144938,334.4607625816827,pobre,0,3,1250.0,550.0,1.0,31.0,8,479,15539,1,1.0
98,1.0,1.0,1.224,1.0,2.0,5,123.1103316144938,334.4607625816827,pobre,0,3,1250.0,550.0,1.0,31.0,9,479,15539,1,1.0
97,0.0,1.0,1.224,1.0,0.0,5,123.1103316144938,334.4607625816827,pobre,0,3,1250.0,550.0,1.0,31.0,6,479,15540,0,1.0
98,0.0,1.0,1.224,1.0,1.0,5,123.1103316144938,334.4607625816827,pobre,0,3,1250.0,550.0,1.0,31.0,7,479,15540,0,1.0
97,1.0,1.0,1.224,0.0,5.0,6,123.1103316144938,334.4607625816827,pobre,0,5,500.0,519.0,1.0,37.0,13,479,15541,5,0.0
98,1.0,1.0,1.224,0.0,5.0,6,123.1103316144938,334.4607625816827,pobre,0,5,500.0,519.0,1.0,37.0,14,479,15541,5,0.0
97,0.0,1.0,1.224,1.0,2.0,6,123.1103316144938,334.4607625816827,pobre,0,5,500.0,519.0,1.0,37.0,12,479,15542,2,1.0
98,0.0,1.0,1.224,1.0,2.0,6,123.1103316144938,334.4607625816827,pobre,0,5,500.0,519.0,1.0,37.0,13,479,15542,2,1.0
97,1.0,1.0,1.224,1.0,0.0,6,123.1103316144938,334.4607625816827,pobre,0,5,500.0,519.0,1.0,37.0,6,479,15543,0,1.0
98,1.0,1.0,1.224,1.0,0.0,6,123.1103316144938,334.4607625816827,pobre,0,5,500.0,519.0,1.0,37.0,7,479,15543,0,1.0
97,1.0,1.0,1.224,1.0,4.0,9,123.1103316144938,334.4607625816827,pobre,0,0,500.0,512.0,1.0,35.0,11,479,15544,4,1.0
98,1.0,1.0,1.224,1.0,5.0,9,123.1103316144938,334.4607625816827,pobre,0,0,500.0,512.0,1.0,35.0,12,479,15544,4,1.0
97,0.0,1.0,1.224,1.0,3.0,9,123.1103316144938,334.4607625816827,pobre,0,0,500.0,512.0,1.0,35.0,10,479,15545,3,1.0
98,0.0,1.0,1.224,1.0,4.0,9,123.1103316144938,334.4607625816827,pobre,0,0,500.0,512.0,1.0,35.0,11,479,15545,3,1.0
97,0.0,1.0,1.224,1.0,1.0,9,123.1103316144938,334.4607625816827,pobre,0,0,500.0,512.0,1.0,35.0,8,479,15546,1,1.0
98,0.0,1.0,1.224,1.0,2.0,9,123.1103316144938,334.4607625816827,pobre,0,0,500.0,512.0,1.0,35.0,9,479,15546,1,1.0
97,1.0,1.0,1.224,1.0,0.0,9,123.1103316144938,334.4607625816827,pobre,0,0,500.0,512.0,1.0,35.0,7,479,15547,0,1.0
98,1.0,1.0,1.224,1.0,1.0,9,123.1103316144938,334.4607625816827,pobre,0,0,500.0,512.0,1.0,35.0,8,479,15547,0,1.0
97,1.0,1.0,1.224,1.0,3.0,2,123.1103316144938,334.4607625816827,pobre,0,0,0.0,613.0,0.0,62.0,10,479,15548,3,1.0
98,1.0,1.0,1.224,1.0,4.0,2,123.1103316144938,334.4607625816827,pobre,0,0,0.0,613.0,0.0,62.0,11,479,15548,3,1.0
97,1.0,1.0,1.224,0.0,5.0,4,123.1103316144938,334.4607625816827,pobre,0,0,500.0,717.0,1.0,49.0,13,479,15549,5,0.0
98,1.0,1.0,1.224,0.0,6.0,4,123.1103316144938,334.4607625816827,pobre,0,0,500.0,717.0,1.0,49.0,14,479,15549,5,0.0
97,1.0,1.0,1.224,1.0,4.0,4,123.1103316144938,334.4607625816827,pobre,0,0,500.0,717.0,1.0,49.0,10,479,15550,4,1.0
98,1.0,1.0,1.224,1.0,5.0,4,123.1103316144938,334.4607625816827,pobre,0,0,500.0,717.0,1.0,49.0,11,479,15550,4,1.0
97,0.0,1.0,1.224,0.0,6.0,7,123.1103316144938,334.4607625816827,pobre,0,0,500.0,654.5,1.0,35.0,15,479,15551,6,0.0
98,0.0,1.0,1.224,0.0,6.0,7,123.1103316144938,334.4607625816827,pobre,0,0,500.0,654.5,1.0,35.0,16,479,15551,6,0.0
97,1.0,1.0,1.224,1.0,5.0,7,123.1103316144938,334.4607625816827,pobre,0,0,500.0,654.5,1.0,35.0,12,479,15552,5,1.0
98,1.0,1.0,1.224,1.0,5.0,7,123.1103316144938,334.4607625816827,pobre,0,0,500.0,654.5,1.0,35.0,13,479,15552,5,1.0
97,0.0,1.0,1.224,1.0,4.0,7,123.1103316144938,334.4607625816827,pobre,0,0,500.0,654.5,1.0,35.0,10,479,15553,4,1.0
98,0.0,1.0,1.224,1.0,5.0,7,123.1103316144938,334.4607625816827,pobre,0,0,500.0,654.5,1.0,35.0,11,479,15553,4,1.0
97,1.0,1.0,1.224,1.0,1.0,7,123.1103316144938,334.4607625816827,pobre,0,0,500.0,654.5,1.0,35.0,7,479,15554,1,1.0
98,1.0,1.0,1.224,1.0,2.0,7,123.1103316144938,334.4607625816827,pobre,0,0,500.0,654.5,1.0,35.0,8,479,15554,1,1.0
97,1.0,1.0,1.224,1.0,5.0,7,123.1103316144938,334.4607625816827,pobre,0,5,1000.0,466.0,1.0,34.0,13,479,15555,5,1.0
98,1.0,1.0,1.224,0.0,6.0,7,123.1103316144938,334.4607625816827,pobre,0,5,1000.0,466.0,1.0,34.0,14,479,15555,5,1.0
97,1.0,1.0,1.224,1.0,4.0,7,123.1103316144938,334.4607625816827,pobre,0,5,1000.0,466.0,1.0,34.0,11,479,15556,4,1.0
98,1.0,1.0,1.224,1.0,5.0,7,123.1103316144938,334.4607625816827,pobre,0,5,1000.0,466.0,1.0,34.0,12,479,15556,4,1.0
97,1.0,1.0,1.224,1.0,0.0,7,123.1103316144938,334.4607625816827,pobre,0,5,1000.0,466.0,1.0,34.0,7,479,15557,0,1.0
98,1.0,1.0,1.224,1.0,1.0,7,123.1103316144938,334.4607625816827,pobre,0,5,1000.0,466.0,1.0,34.0,8,479,15557,0,1.0
97,0.0,1.0,1.224,1.0,4.0,4,123.1103316144938,334.4607625816827,pobre,0,0,800.0,801.0,1.0,69.0,10,479,15558,4,1.0
98,0.0,1.0,1.224,1.0,5.0,4,123.1103316144938,334.4607625816827,pobre,0,0,800.0,801.0,1.0,69.0,11,479,15558,4,1.0
97,1.0,1.0,1.224,1.0,1.0,4,123.1103316144938,334.4607625816827,pobre,0,0,800.0,801.0,1.0,69.0,7,479,15559,1,1.0
98,1.0,1.0,1.224,1.0,2.0,4,123.1103316144938,334.4607625816827,pobre,0,0,800.0,801.0,1.0,69.0,8,479,15559,1,1.0
97,0.0,1.0,1.224,1.0,3.0,3,123.1103316144938,334.4607625816827,pobre,0,0,500.0,643.0,1.0,54.0,11,479,15560,3,1.0
98,0.0,1.0,1.224,1.0,4.0,3,123.1103316144938,334.4607625816827,pobre,0,0,500.0,643.0,1.0,54.0,12,479,15560,3,1.0
97,1.0,1.0,1.224,1.0,2.0,5,123.1103316144938,334.4607625816827,pobre,0,2,500.0,676.0,1.0,45.0,10,479,15561,2,1.0
98,1.0,1.0,1.224,1.0,3.0,5,123.1103316144938,334.4607625816827,pobre,0,2,500.0,676.0,1.0,45.0,11,479,15561,2,1.0
97,0.0,1.0,1.224,0.0,3.0,5,123.1103316144938,334.4607625816827,pobre,0,5,0.0,682.0,1.0,47.0,12,479,15562,3,0.0
98,0.0,1.0,1.224,,,5,123.1103316144938,334.4607625816827,pobre,0,5,0.0,682.0,1.0,47.0,13,479,15562,3,0.0
97,1.0,1.0,1.224,0.0,4.0,6,123.1103316144938,334.4607625816827,pobre,0,3,500.0,787.0,1.0,40.0,15,479,15563,4,0.0
98,1.0,1.0,1.224,0.0,5.0,6,123.1103316144938,334.4607625816827,pobre,0,3,500.0,787.0,1.0,40.0,16,479,15563,4,0.0
97,0.0,1.0,1.224,1.0,1.0,6,123.1103316144938,334.4607625816827,pobre,0,3,500.0,787.0,1.0,40.0,8,479,15564,1,1.0
98,0.0,1.0,1.224,1.0,2.0,6,123.1103316144938,334.4607625816827,pobre,0,3,500.0,787.0,1.0,40.0,9,479,15564,1,1.0
97,1.0,1.0,1.224,1.0,2.0,7,123.1103316144938,334.4607625816827,pobre,0,3,500.0,474.0,1.0,41.0,10,479,15565,2,1.0
98,1.0,1.0,1.224,1.0,3.0,7,123.1103316144938,334.4607625816827,pobre,0,3,500.0,474.0,1.0,41.0,11,479,15565,2,1.0
97,0.0,1.0,1.224,1.0,1.0,7,123.1103316144938,334.4607625816827,pobre,0,3,500.0,474.0,1.0,41.0,7,479,15566,1,1.0
98,0.0,1.0,1.224,1.0,1.0,7,123.1103316144938,334.4607625816827,pobre,0,3,500.0,474.0,1.0,41.0,8,479,15566,1,1.0
97,1.0,1.0,1.224,0.0,6.0,9,123.1103316144938,334.4607625816827,pobre,0,3,375.0,622.0,1.0,46.0,15,479,15567,6,0.0
98,1.0,1.0,1.224,,,9,123.1103316144938,334.4607625816827,pobre,0,3,375.0,622.0,1.0,46.0,16,479,15567,6,0.0
97,1.0,1.0,1.224,0.0,6.0,9,123.1103316144938,334.4607625816827,pobre,0,3,375.0,622.0,1.0,46.0,13,479,15568,6,0.0
98,1.0,1.0,1.224,,,9,123.1103316144938,334.4607625816827,pobre,0,3,375.0,622.0,1.0,46.0,14,479,15568,6,0.0
97,1.0,1.0,1.224,1.0,3.0,9,123.1103316144938,334.4607625816827,pobre,0,3,375.0,622.0,1.0,46.0,10,479,15569,3,1.0
98,1.0,1.0,1.224,1.0,3.0,9,123.1103316144938,334.4607625816827,pobre,0,3,375.0,622.0,1.0,46.0,11,479,15569,3,1.0
97,1.0,1.0,1.224,1.0,1.0,9,123.1103316144938,334.4607625816827,pobre,0,3,375.0,622.0,1.0,46.0,8,479,15570,1,1.0
98,1.0,1.0,1.224,1.0,2.0,9,123.1103316144938,334.4607625816827,pobre,0,3,375.0,622.0,1.0,46.0,9,479,15570,1,1.0
97,1.0,1.0,1.224,1.0,0.0,9,123.1103316144938,334.4607625816827,pobre,0,3,375.0,622.0,1.0,46.0,6,479,15571,0,1.0
98,1.0,1.0,1.224,1.0,1.0,9,123.1103316144938,334.4607625816827,pobre,0,3,375.0,622.0,1.0,46.0,7,479,15571,0,1.0
97,0.0,1.0,1.224,1.0,1.0,4,123.1103316144938,334.4607625816827,pobre,0,0,625.0,761.0,1.0,48.0,8,479,15572,1,1.0
98,0.0,1.0,1.224,1.0,2.0,4,123.1103316144938,334.4607625816827,pobre,0,0,625.0,761.0,1.0,48.0,9,479,15572,1,1.0
97,0.0,1.0,1.224,1.0,3.0,8,123.1103316144938,334.4607625816827,pobre,0,0,400.0,708.0,1.0,32.0,10,479,15573,3,1.0
98,0.0,1.0,1.224,1.0,4.0,8,123.1103316144938,334.4607625816827,pobre,0,0,400.0,708.0,1.0,32.0,11,479,15573,3,1.0
97,0.0,1.0,1.224,1.0,1.0,8,123.1103316144938,334.4607625816827,pobre,0,0,400.0,708.0,1.0,32.0,7,479,15574,1,1.0
98,0.0,1.0,1.224,1.0,2.0,8,123.1103316144938,334.4607625816827,pobre,0,0,400.0,708.0,1.0,32.0,8,479,15574,1,1.0
97,0.0,1.0,1.224,0.0,5.0,3,123.1103316144938,334.4607625816827,pobre,0,3,625.0,784.5,1.0,39.0,15,479,15575,5,0.0
98,0.0,1.0,1.224,0.0,6.0,3,123.1103316144938,334.4607625816827,pobre,0,3,625.0,784.5,1.0,39.0,16,479,15575,5,0.0
97,0.0,1.0,1.224,,0.0,5,123.1103316144938,334.4607625816827,pobre,0,0,500.0,561.33002,1.0,70.0,11,479,15576,0,
98,0.0,1.0,1.224,,,5,123.1103316144938,334.4607625816827,pobre,0,0,500.0,561.33002,1.0,70.0,12,479,15576,0,
97,0.0,1.0,1.224,,0.0,5,123.1103316144938,334.4607625816827,pobre,0,0,500.0,561.33002,1.0,70.0,10,479,15577,0,
98,0.0,1.0,1.224,,,5,123.1103316144938,334.4607625816827,pobre,0,0,500.0,561.33002,1.0,70.0,11,479,15577,0,
97,0.0,1.0,1.224,1.0,5.0,5,123.1103316144938,334.4607625816827,pobre,0,3,500.0,535.0,1.0,34.0,12,479,15578,5,1.0
98,0.0,1.0,1.224,,,5,123.1103316144938,334.4607625816827,pobre,0,3,500.0,535.0,1.0,34.0,13,479,15578,5,1.0
97,0.0,1.0,1.224,1.0,1.0,5,123.1103316144938,334.4607625816827,pobre,0,3,500.0,535.0,1.0,34.0,7,479,15579,1,1.0
98,0.0,1.0,1.224,,,5,123.1103316144938,334.4607625816827,pobre,0,3,500.0,535.0,1.0,34.0,8,479,15579,1,1.0
97,0.0,1.0,1.224,1.0,0.0,5,123.1103316144938,334.4607625816827,pobre,0,3,500.0,535.0,1.0,34.0,6,479,15580,0,1.0
98,0.0,1.0,1.224,,,5,123.1103316144938,334.4607625816827,pobre,0,3,500.0,535.0,1.0,34.0,7,479,15580,0,1.0
97,0.0,1.0,1.224,1.0,6.0,10,123.1103316144938,334.4607625816827,pobre,0,2,0.0,694.0,1.0,72.0,13,479,15581,6,1.0
98,0.0,1.0,1.224,1.0,7.0,10,123.1103316144938,334.4607625816827,pobre,0,2,0.0,694.0,1.0,72.0,14,479,15581,6,1.0
97,1.0,1.0,1.224,1.0,3.0,10,123.1103316144938,334.4607625816827,pobre,0,2,0.0,694.0,1.0,72.0,10,479,15582,3,1.0
98,1.0,1.0,1.224,1.0,4.0,10,123.1103316144938,334.4607625816827,pobre,0,2,0.0,694.0,1.0,72.0,11,479,15582,3,1.0
97,0.0,1.0,1.224,0.0,6.0,12,123.1103316144938,334.4607625816827,pobre,0,4,500.0,699.0,1.0,51.0,16,479,15583,6,0.0
98,0.0,1.0,1.224,,,12,123.1103316144938,334.4607625816827,pobre,0,4,500.0,699.0,1.0,51.0,17,479,15583,6,0.0
97,0.0,1.0,1.224,,0.0,12,123.1103316144938,334.4607625816827,pobre,0,4,500.0,699.0,1.0,51.0,14,479,15584,0,
98,0.0,1.0,1.224,0.0,2.0,12,123.1103316144938,334.4607625816827,pobre,0,4,500.0,699.0,1.0,51.0,15,479,15584,0,
97,0.0,1.0,1.224,0.0,3.0,12,123.1103316144938,334.4607625816827,pobre,0,4,500.0,699.0,1.0,51.0,12,479,15585,3,0.0
98,0.0,1.0,1.224,1.0,3.0,12,123.1103316144938,334.4607625816827,pobre,0,4,500.0,699.0,1.0,51.0,13,479,15585,3,0.0
97,1.0,1.0,1.224,1.0,2.0,12,123.1103316144938,334.4607625816827,pobre,0,4,500.0,699.0,1.0,51.0,10,479,15586,2,1.0
98,1.0,1.0,1.224,1.0,3.0,12,123.1103316144938,334.4607625816827,pobre,0,4,500.0,699.0,1.0,51.0,11,479,15586,2,1.0
97,0.0,1.0,1.224,1.0,1.0,12,123.1103316144938,334.4607625816827,pobre,0,4,500.0,699.0,1.0,51.0,9,479,15587,1,1.0
98,0.0,1.0,1.224,1.0,2.0,12,123.1103316144938,334.4607625816827,pobre,0,4,500.0,699.0,1.0,51.0,10,479,15587,1,1.0
97,0.0,1.0,1.224,1.0,0.0,12,123.1103316144938,334.4607625816827,pobre,0,4,500.0,699.0,1.0,51.0,6,479,15588,0,1.0
98,0.0,1.0,1.224,1.0,1.0,12,123.1103316144938,334.4607625816827,pobre,0,4,500.0,699.0,1.0,51.0,7,479,15588,0,1.0
97,1.0,1.0,1.224,1.0,0.0,12,123.1103316144938,334.4607625816827,pobre,0,4,500.0,699.0,1.0,51.0,6,479,15589,0,1.0
98,1.0,1.0,1.224,1.0,1.0,12,123.1103316144938,334.4607625816827,pobre,0,4,500.0,699.0,1.0,51.0,7,479,15589,0,1.0
97,0.0,0.0,2.599,0.0,6.0,10,98.86914784913344,344.1861001114338,pobre,0,2,500.0,554.0,1.0,42.0,15,487,15590,6,0.0
98,0.0,0.0,2.599,,,10,98.86914784913344,344.1861001114338,pobre,0,2,500.0,554.0,1.0,42.0,16,487,15590,6,0.0
97,0.0,0.0,2.599,1.0,5.0,10,98.86914784913344,344.1861001114338,pobre,0,2,500.0,554.0,1.0,42.0,12,487,15591,5,1.0
98,0.0,0.0,2.599,0.0,6.0,10,98.86914784913344,344.1861001114338,pobre,0,2,500.0,554.0,1.0,42.0,13,487,15591,5,1.0
97,0.0,0.0,2.599,1.0,1.0,10,98.86914784913344,344.1861001114338,pobre,0,2,500.0,554.0,1.0,42.0,9,487,15592,1,1.0
98,0.0,0.0,2.599,0.0,2.0,10,98.86914784913344,344.1861001114338,pobre,0,2,500.0,554.0,1.0,42.0,10,487,15592,1,1.0
97,0.0,0.0,2.599,0.0,3.0,6,98.86914784913344,344.1861001114338,pobre,0,0,625.0,614.0,1.0,50.0,9,487,15593,3,0.0
98,0.0,0.0,2.599,1.0,3.0,6,98.86914784913344,344.1861001114338,pobre,0,0,625.0,614.0,1.0,50.0,10,487,15593,3,0.0
97,1.0,0.0,2.599,0.0,6.0,4,98.86914784913344,344.1861001114338,pobre,0,2,200.0,604.0,0.0,33.0,13,487,15594,6,0.0
98,1.0,0.0,2.599,0.0,6.0,4,98.86914784913344,344.1861001114338,pobre,0,2,200.0,604.0,0.0,33.0,14,487,15594,6,0.0
97,0.0,0.0,2.599,1.0,5.0,4,98.86914784913344,344.1861001114338,pobre,0,2,200.0,604.0,0.0,33.0,11,487,15595,5,1.0
98,0.0,0.0,2.599,,,4,98.86914784913344,344.1861001114338,pobre,0,2,200.0,604.0,0.0,33.0,12,487,15595,5,1.0
97,0.0,0.0,2.599,1.0,1.0,4,98.86914784913344,344.1861001114338,pobre,0,2,200.0,604.0,0.0,33.0,7,487,15596,1,1.0
98,0.0,0.0,2.599,1.0,1.0,4,98.86914784913344,344.1861001114338,pobre,0,2,200.0,604.0,0.0,33.0,8,487,15596,1,1.0
97,0.0,0.0,2.599,,0.0,8,98.86914784913344,344.1861001114338,pobre,0,3,375.0,632.0,1.0,44.0,15,487,15597,0,
98,0.0,0.0,2.599,,,8,98.86914784913344,344.1861001114338,pobre,0,3,375.0,632.0,1.0,44.0,16,487,15597,0,
97,0.0,0.0,2.599,0.0,6.0,8,98.86914784913344,344.1861001114338,pobre,0,3,375.0,632.0,1.0,44.0,13,487,15598,6,0.0
98,0.0,0.0,2.599,0.0,6.0,8,98.86914784913344,344.1861001114338,pobre,0,3,375.0,632.0,1.0,44.0,14,487,15598,6,0.0
97,0.0,0.0,2.599,,0.0,8,98.86914784913344,344.1861001114338,pobre,0,3,375.0,632.0,1.0,44.0,11,487,15599,0,
98,0.0,0.0,2.599,,,8,98.86914784913344,344.1861001114338,pobre,0,3,375.0,632.0,1.0,44.0,12,487,15599,0,
97,1.0,0.0,2.599,0.0,9.0,10,98.86914784913344,344.1861001114338,pobre,0,3,750.0,560.0,1.0,40.0,15,487,15600,9,0.0
98,1.0,0.0,2.599,0.0,9.0,10,98.86914784913344,344.1861001114338,pobre,0,3,750.0,560.0,1.0,40.0,16,487,15600,9,0.0
97,1.0,0.0,2.599,0.0,6.0,10,98.86914784913344,344.1861001114338,pobre,0,3,750.0,560.0,1.0,40.0,12,487,15601,6,0.0
98,1.0,0.0,2.599,0.0,6.0,10,98.86914784913344,344.1861001114338,pobre,0,3,750.0,560.0,1.0,40.0,13,487,15601,6,0.0
97,1.0,0.0,2.599,1.0,2.0,10,98.86914784913344,344.1861001114338,pobre,0,3,750.0,560.0,1.0,40.0,8,487,15602,2,1.0
98,1.0,0.0,2.599,1.0,3.0,10,98.86914784913344,344.1861001114338,pobre,0,3,750.0,560.0,1.0,40.0,9,487,15602,2,1.0
97,0.0,0.0,2.599,1.0,0.0,10,98.86914784913344,344.1861001114338,pobre,0,3,750.0,560.0,1.0,40.0,6,487,15603,0,1.0
98,0.0,0.0,2.599,1.0,1.0,10,98.86914784913344,344.1861001114338,pobre,0,3,750.0,560.0,1.0,40.0,7,487,15603,0,1.0
97,0.0,0.0,2.599,0.0,9.0,10,98.86914784913344,344.1861001114338,no pobre,0,6,375.0,796.5,1.0,44.0,16,487,15604,9,0.0
98,0.0,0.0,2.599,,,10,98.86914784913344,344.1861001114338,no pobre,0,6,375.0,796.5,1.0,44.0,17,487,15604,9,0.0
97,0.0,0.0,2.599,1.0,5.0,10,98.86914784913344,344.1861001114338,no pobre,0,6,375.0,796.5,1.0,44.0,11,487,15605,5,1.0
98,0.0,0.0,2.599,1.0,6.0,10,98.86914784913344,344.1861001114338,no pobre,0,6,375.0,796.5,1.0,44.0,12,487,15605,5,1.0
97,0.0,0.0,2.599,1.0,3.0,10,98.86914784913344,344.1861001114338,no pobre,0,6,375.0,796.5,1.0,44.0,9,487,15606,3,1.0
98,0.0,0.0,2.599,1.0,4.0,10,98.86914784913344,344.1861001114338,no pobre,0,6,375.0,796.5,1.0,44.0,10,487,15606,3,1.0
97,1.0,0.0,3.737,1.0,6.0,8,79.32525308118672,79.32525308118672,pobre,basal,4,0.0,935.0,0.0,83.0,13,294,15607,6,1.0
98,1.0,0.0,3.737,,,8,79.32525308118672,79.32525308118672,pobre,basal,4,0.0,935.0,0.0,83.0,14,294,15607,6,1.0
97,0.0,0.0,3.737,1.0,5.0,6,79.32525308118672,79.32525308118672,no pobre,basal,3,0.0,1135.0,1.0,52.0,13,294,15608,5,1.0
98,0.0,0.0,3.737,0.0,6.0,6,79.32525308118672,79.32525308118672,no pobre,basal,3,0.0,1135.0,1.0,52.0,14,294,15608,5,1.0
97,0.0,0.0,3.737,0.0,5.0,8,79.32525308118672,79.32525308118672,pobre,basal,6,625.0,593.0,1.0,33.0,12,294,15609,5,0.0
98,0.0,0.0,3.737,0.0,5.0,8,79.32525308118672,79.32525308118672,pobre,basal,6,625.0,593.0,1.0,33.0,13,294,15609,5,0.0
97,0.0,0.0,3.737,1.0,4.0,8,79.32525308118672,79.32525308118672,pobre,basal,6,625.0,593.0,1.0,33.0,11,294,15610,4,1.0
98,0.0,0.0,3.737,1.0,5.0,8,79.32525308118672,79.32525308118672,pobre,basal,6,625.0,593.0,1.0,33.0,12,294,15610,4,1.0
97,0.0,0.0,3.737,1.0,3.0,8,79.32525308118672,79.32525308118672,pobre,basal,6,625.0,593.0,1.0,33.0,9,294,15611,3,1.0
98,0.0,0.0,3.737,1.0,4.0,8,79.32525308118672,79.32525308118672,pobre,basal,6,625.0,593.0,1.0,33.0,10,294,15611,3,1.0
97,1.0,,3.737,1.0,1.0,8,79.32525308118672,79.32525308118672,pobre,basal,6,625.0,593.0,1.0,33.0,7,294,15612,1,1.0
98,1.0,,3.737,1.0,2.0,8,79.32525308118672,79.32525308118672,pobre,basal,6,625.0,593.0,1.0,33.0,8,294,15612,1,1.0
97,1.0,0.0,3.737,0.0,6.0,8,79.32525308118672,79.32525308118672,pobre,basal,6,120.0,586.0,1.0,35.0,16,294,15613,6,0.0
98,1.0,0.0,3.737,,,8,79.32525308118672,79.32525308118672,pobre,basal,6,120.0,586.0,1.0,35.0,17,294,15613,6,0.0
97,1.0,0.0,3.737,1.0,5.0,8,79.32525308118672,79.32525308118672,pobre,basal,6,120.0,586.0,1.0,35.0,14,294,15614,5,1.0
98,1.0,0.0,3.737,,,8,79.32525308118672,79.32525308118672,pobre,basal,6,120.0,586.0,1.0,35.0,15,294,15614,5,1.0
97,1.0,0.0,3.737,1.0,5.0,8,79.32525308118672,79.32525308118672,pobre,basal,6,120.0,586.0,1.0,35.0,12,294,15615,5,1.0
98,1.0,0.0,3.737,0.0,6.0,8,79.32525308118672,79.32525308118672,pobre,basal,6,120.0,586.0,1.0,35.0,13,294,15615,5,1.0
97,0.0,0.0,3.737,1.0,3.0,8,79.32525308118672,79.32525308118672,pobre,basal,6,120.0,586.0,1.0,35.0,9,294,15616,3,1.0
98,0.0,0.0,3.737,,4.0,8,79.32525308118672,79.32525308118672,pobre,basal,6,120.0,586.0,1.0,35.0,10,294,15616,3,1.0
97,0.0,0.0,3.737,1.0,1.0,8,79.32525308118672,79.32525308118672,pobre,basal,6,120.0,586.0,1.0,35.0,7,294,15617,1,1.0
98,0.0,0.0,3.737,1.0,2.0,8,79.32525308118672,79.32525308118672,pobre,basal,6,120.0,586.0,1.0,35.0,8,294,15617,1,1.0
97,0.0,0.0,2.404,,2.0,5,38.771272631569,81.57272490935685,pobre,0,1,625.0,717.45398,1.0,30.0,9,476,15618,2,
98,0.0,0.0,2.404,1.0,3.0,5,38.771272631569,81.57272490935685,pobre,0,1,625.0,717.45398,1.0,30.0,10,476,15618,2,
97,0.0,0.0,2.404,,1.0,5,38.771272631569,81.57272490935685,pobre,0,1,625.0,717.45398,1.0,30.0,7,476,15619,1,
98,0.0,0.0,2.404,1.0,2.0,5,38.771272631569,81.57272490935685,pobre,0,1,625.0,717.45398,1.0,30.0,8,476,15619,1,
97,1.0,0.0,2.404,,0.0,5,38.771272631569,81.57272490935685,pobre,0,1,625.0,717.45398,1.0,30.0,6,476,15620,0,
98,1.0,0.0,2.404,1.0,1.0,5,38.771272631569,81.57272490935685,pobre,0,1,625.0,717.45398,1.0,30.0,7,476,15620,0,
97,1.0,0.0,2.404,1.0,8.0,10,38.771272631569,81.57272490935685,no pobre,0,13,625.0,1069.0,1.0,47.0,14,476,15621,8,1.0
98,1.0,0.0,2.404,1.0,9.0,10,38.771272631569,81.57272490935685,no pobre,0,13,625.0,1069.0,1.0,47.0,15,476,15621,8,1.0
97,1.0,0.0,2.404,1.0,6.0,10,38.771272631569,81.57272490935685,no pobre,0,13,625.0,1069.0,1.0,47.0,12,476,15622,6,1.0
98,1.0,0.0,2.404,1.0,6.0,10,38.771272631569,81.57272490935685,no pobre,0,13,625.0,1069.0,1.0,47.0,13,476,15622,6,1.0
97,1.0,1.0,1.527,0.0,6.0,3,106.9294570178445,324.4899322380559,pobre,0,3,500.0,694.5,1.0,64.0,14,484,15623,6,0.0
98,1.0,1.0,1.527,,,3,106.9294570178445,324.4899322380559,pobre,0,3,500.0,694.5,1.0,64.0,15,484,15623,6,0.0
97,0.0,0.0,0.58999997,1.0,0.0,4,141.8944903287733,273.2989389602207,pobre,0,6,625.0,741.0,1.0,32.0,6,441,15624,0,1.0
98,0.0,0.0,0.58999997,1.0,1.0,4,141.8944903287733,273.2989389602207,pobre,0,6,625.0,741.0,1.0,32.0,7,441,15624,0,1.0
97,1.0,1.0,1.527,1.0,9.0,10,106.9294570178445,324.4899322380559,pobre,0,8,1200.0,738.0,1.0,28.0,16,484,15625,9,1.0
98,1.0,1.0,1.527,,,10,106.9294570178445,324.4899322380559,pobre,0,8,1200.0,738.0,1.0,28.0,17,484,15625,9,1.0
97,1.0,1.0,1.527,1.0,4.0,10,106.9294570178445,324.4899322380559,pobre,0,8,1200.0,738.0,1.0,28.0,10,484,15626,4,1.0
98,1.0,1.0,1.527,1.0,5.0,10,106.9294570178445,324.4899322380559,pobre,0,8,1200.0,738.0,1.0,28.0,11,484,15626,4,1.0
97,0.0,0.0,1.527,0.0,9.0,10,106.9294570178445,324.4899322380559,pobre,0,8,1200.0,738.0,1.0,28.0,14,484,15627,9,0.0
98,0.0,0.0,1.527,0.0,8.0,10,106.9294570178445,324.4899322380559,pobre,0,8,1200.0,738.0,1.0,28.0,15,484,15627,9,0.0
97,0.0,0.0,1.527,1.0,0.0,4,106.9294570178445,324.4899322380559,pobre,0,12,720.0,597.0,0.0,31.0,6,484,15628,0,1.0
98,0.0,0.0,1.527,1.0,1.0,4,106.9294570178445,324.4899322380559,pobre,0,12,720.0,597.0,0.0,31.0,7,484,15628,0,1.0
97,1.0,0.0,1.527,0.0,9.0,10,106.9294570178445,324.4899322380559,pobre,0,3,400.0,556.0,1.0,48.0,16,484,15629,9,0.0
98,1.0,0.0,1.527,,,10,106.9294570178445,324.4899322380559,pobre,0,3,400.0,556.0,1.0,48.0,17,484,15629,9,0.0
97,0.0,0.0,1.527,0.0,8.0,10,106.9294570178445,324.4899322380559,pobre,0,3,400.0,556.0,1.0,48.0,15,484,15630,8,0.0
98,0.0,0.0,1.527,1.0,8.0,10,106.9294570178445,324.4899322380559,pobre,0,3,400.0,556.0,1.0,48.0,16,484,15630,8,0.0
97,0.0,0.0,1.527,0.0,6.0,10,106.9294570178445,324.4899322380559,pobre,0,3,400.0,556.0,1.0,48.0,14,484,15631,6,0.0
98,0.0,0.0,1.527,1.0,6.0,10,106.9294570178445,324.4899322380559,pobre,0,3,400.0,556.0,1.0,48.0,15,484,15631,6,0.0
97,0.0,0.0,1.527,1.0,6.0,10,106.9294570178445,324.4899322380559,pobre,0,3,400.0,556.0,1.0,48.0,13,484,15632,6,1.0
98,0.0,0.0,1.527,1.0,6.0,10,106.9294570178445,324.4899322380559,pobre,0,3,400.0,556.0,1.0,48.0,14,484,15632,6,1.0
97,1.0,0.0,1.527,0.0,3.0,10,106.9294570178445,324.4899322380559,pobre,0,3,400.0,556.0,1.0,48.0,10,484,15633,3,0.0
98,1.0,0.0,1.527,1.0,4.0,10,106.9294570178445,324.4899322380559,pobre,0,3,400.0,556.0,1.0,48.0,11,484,15633,3,0.0
97,1.0,0.0,1.527,1.0,1.0,10,106.9294570178445,324.4899322380559,pobre,0,3,400.0,556.0,1.0,48.0,7,484,15634,1,1.0
98,1.0,0.0,1.527,1.0,2.0,10,106.9294570178445,324.4899322380559,pobre,0,3,400.0,556.0,1.0,48.0,8,484,15634,1,1.0
97,0.0,0.0,1.527,1.0,7.0,7,106.9294570178445,324.4899322380559,pobre,0,10,375.0,644.5,1.0,36.0,14,484,15635,7,1.0
98,0.0,0.0,1.527,1.0,8.0,7,106.9294570178445,324.4899322380559,pobre,0,10,375.0,644.5,1.0,36.0,15,484,15635,7,1.0
97,1.0,0.0,1.527,1.0,3.0,7,106.9294570178445,324.4899322380559,pobre,0,10,375.0,644.5,1.0,36.0,10,484,15636,3,1.0
98,1.0,0.0,1.527,1.0,3.0,7,106.9294570178445,324.4899322380559,pobre,0,10,375.0,644.5,1.0,36.0,11,484,15636,3,1.0
97,1.0,0.0,1.527,1.0,2.0,7,106.9294570178445,324.4899322380559,pobre,0,9,375.0,483.0,1.0,31.0,9,484,15637,2,1.0
98,1.0,0.0,1.527,1.0,3.0,7,106.9294570178445,324.4899322380559,pobre,0,9,375.0,483.0,1.0,31.0,10,484,15637,2,1.0
97,1.0,0.0,1.527,1.0,0.0,7,106.9294570178445,324.4899322380559,pobre,0,9,375.0,483.0,1.0,31.0,7,484,15638,0,1.0
98,1.0,0.0,1.527,1.0,1.0,7,106.9294570178445,324.4899322380559,pobre,0,9,375.0,483.0,1.0,31.0,8,484,15638,0,1.0
97,0.0,0.0,1.527,1.0,2.0,4,106.9294570178445,324.4899322380559,pobre,0,1,375.0,587.0,1.0,36.0,10,484,15639,2,1.0
98,0.0,0.0,1.527,1.0,3.0,4,106.9294570178445,324.4899322380559,pobre,0,1,375.0,587.0,1.0,36.0,11,484,15639,2,1.0
97,1.0,0.0,1.527,1.0,0.0,4,106.9294570178445,324.4899322380559,pobre,0,1,375.0,587.0,1.0,36.0,7,484,15640,0,1.0
98,1.0,0.0,1.527,1.0,1.0,4,106.9294570178445,324.4899322380559,pobre,0,1,375.0,587.0,1.0,36.0,8,484,15640,0,1.0
97,1.0,0.0,1.527,1.0,5.0,5,106.9294570178445,324.4899322380559,pobre,0,2,600.0,680.5,1.0,49.0,13,484,15641,5,1.0
98,1.0,0.0,1.527,1.0,6.0,5,106.9294570178445,324.4899322380559,pobre,0,2,600.0,680.5,1.0,49.0,14,484,15641,5,1.0
97,1.0,0.0,1.527,0.0,9.0,7,106.9294570178445,324.4899322380559,no pobre,0,6,500.0,777.5,1.0,52.0,15,484,15642,9,0.0
98,1.0,0.0,1.527,0.0,9.0,7,106.9294570178445,324.4899322380559,no pobre,0,6,500.0,777.5,1.0,52.0,16,484,15642,9,0.0
97,0.0,0.0,1.527,1.0,6.0,7,106.9294570178445,324.4899322380559,no pobre,0,6,500.0,777.5,1.0,52.0,12,484,15643,6,1.0
98,0.0,0.0,1.527,1.0,7.0,7,106.9294570178445,324.4899322380559,no pobre,0,6,500.0,777.5,1.0,52.0,13,484,15643,6,1.0
97,0.0,0.0,1.527,1.0,4.0,7,106.9294570178445,324.4899322380559,no pobre,0,6,500.0,777.5,1.0,52.0,10,484,15644,4,1.0
98,0.0,0.0,1.527,1.0,5.0,7,106.9294570178445,324.4899322380559,no pobre,0,6,500.0,777.5,1.0,52.0,11,484,15644,4,1.0
97,0.0,0.0,1.527,1.0,0.0,7,106.9294570178445,324.4899322380559,no pobre,0,6,500.0,777.5,1.0,52.0,6,484,15645,0,1.0
98,0.0,0.0,1.527,,,7,106.9294570178445,324.4899322380559,no pobre,0,6,500.0,777.5,1.0,52.0,7,484,15645,0,1.0
97,0.0,0.0,1.527,0.0,9.0,8,106.9294570178445,324.4899322380559,pobre,0,6,800.0,575.0,1.0,45.0,15,484,15646,9,0.0
98,0.0,0.0,1.527,1.0,9.0,8,106.9294570178445,324.4899322380559,pobre,0,6,800.0,575.0,1.0,45.0,16,484,15646,9,0.0
97,1.0,0.0,1.527,1.0,7.0,8,106.9294570178445,324.4899322380559,pobre,0,6,800.0,575.0,1.0,45.0,14,484,15647,7,1.0
98,1.0,0.0,1.527,1.0,8.0,8,106.9294570178445,324.4899322380559,pobre,0,6,800.0,575.0,1.0,45.0,15,484,15647,7,1.0
97,0.0,0.0,1.527,1.0,4.0,8,106.9294570178445,324.4899322380559,pobre,0,6,800.0,575.0,1.0,45.0,10,484,15648,4,1.0
98,0.0,0.0,1.527,1.0,5.0,8,106.9294570178445,324.4899322380559,pobre,0,6,800.0,575.0,1.0,45.0,11,484,15648,4,1.0
97,1.0,0.0,1.527,1.0,2.0,8,106.9294570178445,324.4899322380559,pobre,0,6,800.0,575.0,1.0,45.0,8,484,15649,2,1.0
98,1.0,0.0,1.527,1.0,3.0,8,106.9294570178445,324.4899322380559,pobre,0,6,800.0,575.0,1.0,45.0,9,484,15649,2,1.0
97,1.0,0.0,1.527,1.0,1.0,5,106.9294570178445,324.4899322380559,pobre,0,2,500.0,787.5,1.0,72.0,7,484,15650,1,1.0
98,1.0,0.0,1.527,1.0,2.0,5,106.9294570178445,324.4899322380559,pobre,0,2,500.0,787.5,1.0,72.0,8,484,15650,1,1.0
97,1.0,0.0,1.527,1.0,5.0,10,106.9294570178445,324.4899322380559,pobre,0,4,500.0,780.5,1.0,50.0,12,484,15651,5,1.0
98,1.0,0.0,1.527,0.0,6.0,10,106.9294570178445,324.4899322380559,pobre,0,4,500.0,780.5,1.0,50.0,13,484,15651,5,1.0
97,1.0,0.0,1.527,1.0,5.0,10,106.9294570178445,324.4899322380559,pobre,0,4,500.0,780.5,1.0,50.0,9,484,15652,5,1.0
98,1.0,0.0,1.527,0.0,6.0,10,106.9294570178445,324.4899322380559,pobre,0,4,500.0,780.5,1.0,50.0,10,484,15652,5,1.0
97,1.0,0.0,1.527,1.0,3.0,2,106.9294570178445,324.4899322380559,pobre,0,6,0.0,768.46002,0.0,56.0,14,484,15653,3,1.0
98,1.0,0.0,1.527,,,2,106.9294570178445,324.4899322380559,pobre,0,6,0.0,768.46002,0.0,56.0,15,484,15653,3,1.0
97,1.0,1.0,1.527,1.0,8.0,7,106.9294570178445,324.4899322380559,pobre,0,0,0.0,482.0,0.0,70.0,16,484,15654,8,1.0
98,1.0,1.0,1.527,,,7,106.9294570178445,324.4899322380559,pobre,0,0,0.0,482.0,0.0,70.0,17,484,15654,8,1.0
97,0.0,1.0,1.527,1.0,5.0,7,106.9294570178445,324.4899322380559,pobre,0,0,0.0,482.0,0.0,70.0,14,484,15655,5,1.0
98,0.0,1.0,1.527,0.0,6.0,7,106.9294570178445,324.4899322380559,pobre,0,0,0.0,482.0,0.0,70.0,15,484,15655,5,1.0
97,0.0,1.0,1.527,1.0,4.0,7,106.9294570178445,324.4899322380559,pobre,0,0,0.0,482.0,0.0,70.0,11,484,15656,4,1.0
98,0.0,1.0,1.527,1.0,5.0,7,106.9294570178445,324.4899322380559,pobre,0,0,0.0,482.0,0.0,70.0,12,484,15656,4,1.0
97,1.0,0.0,0.58999997,1.0,7.0,7,141.8944903287733,273.2989389602207,pobre,0,9,500.0,774.5,1.0,46.0,14,441,15657,7,1.0
98,1.0,0.0,0.58999997,1.0,8.0,7,141.8944903287733,273.2989389602207,pobre,0,9,500.0,774.5,1.0,46.0,15,441,15657,7,1.0
97,0.0,0.0,0.58999997,1.0,6.0,7,141.8944903287733,273.2989389602207,pobre,0,9,500.0,774.5,1.0,46.0,13,441,15658,6,1.0
98,0.0,0.0,0.58999997,1.0,7.0,7,141.8944903287733,273.2989389602207,pobre,0,9,500.0,774.5,1.0,46.0,14,441,15658,6,1.0
97,0.0,0.0,0.58999997,1.0,5.0,7,141.8944903287733,273.2989389602207,pobre,0,9,500.0,774.5,1.0,46.0,11,441,15659,5,1.0
98,0.0,0.0,0.58999997,1.0,6.0,7,141.8944903287733,273.2989389602207,pobre,0,9,500.0,774.5,1.0,46.0,12,441,15659,5,1.0
97,1.0,0.0,0.58999997,1.0,3.0,7,141.8944903287733,273.2989389602207,pobre,0,9,500.0,774.5,1.0,46.0,10,441,15660,3,1.0
98,1.0,0.0,0.58999997,1.0,4.0,7,141.8944903287733,273.2989389602207,pobre,0,9,500.0,774.5,1.0,46.0,11,441,15660,3,1.0
97,0.0,1.0,0.58999997,0.0,6.0,5,141.8944903287733,273.2989389602207,pobre,0,1,640.0,837.0,1.0,50.0,16,441,15661,6,0.0
98,0.0,1.0,0.58999997,,,5,141.8944903287733,273.2989389602207,pobre,0,1,640.0,837.0,1.0,50.0,17,441,15661,6,0.0
97,1.0,1.0,0.58999997,0.0,6.0,5,141.8944903287733,273.2989389602207,pobre,0,1,640.0,837.0,1.0,50.0,14,441,15662,6,0.0
98,1.0,1.0,0.58999997,,,5,141.8944903287733,273.2989389602207,pobre,0,1,640.0,837.0,1.0,50.0,15,441,15662,6,0.0
97,1.0,1.0,1.527,,0.0,5,106.9294570178445,324.4899322380559,pobre,0,3,500.0,651.83002,1.0,50.0,12,484,15663,0,
98,1.0,1.0,1.527,0.0,2.0,5,106.9294570178445,324.4899322380559,pobre,0,3,500.0,651.83002,1.0,50.0,13,484,15663,0,
97,0.0,0.0,1.527,0.0,6.0,7,106.9294570178445,324.4899322380559,no pobre,0,1,0.0,835.25,1.0,59.0,16,484,15664,6,0.0
98,0.0,0.0,1.527,,,7,106.9294570178445,324.4899322380559,no pobre,0,1,0.0,835.25,1.0,59.0,17,484,15664,6,0.0
97,1.0,0.0,1.527,1.0,7.0,6,106.9294570178445,324.4899322380559,pobre,0,0,400.0,702.0,1.0,52.0,14,484,15665,7,1.0
98,1.0,0.0,1.527,0.0,8.0,6,106.9294570178445,324.4899322380559,pobre,0,0,400.0,702.0,1.0,52.0,15,484,15665,7,1.0
97,1.0,0.0,1.527,1.0,7.0,6,106.9294570178445,324.4899322380559,pobre,0,0,400.0,702.0,1.0,52.0,13,484,15666,7,1.0
98,1.0,0.0,1.527,1.0,7.0,6,106.9294570178445,324.4899322380559,pobre,0,0,400.0,702.0,1.0,52.0,14,484,15666,7,1.0
97,1.0,0.0,1.527,1.0,3.0,6,106.9294570178445,324.4899322380559,pobre,0,0,400.0,702.0,1.0,52.0,8,484,15667,3,1.0
98,1.0,0.0,1.527,1.0,4.0,6,106.9294570178445,324.4899322380559,pobre,0,0,400.0,702.0,1.0,52.0,9,484,15667,3,1.0
97,1.0,0.0,1.527,1.0,0.0,6,106.9294570178445,324.4899322380559,pobre,0,0,400.0,702.0,1.0,52.0,6,484,15668,0,1.0
98,1.0,0.0,1.527,1.0,0.0,6,106.9294570178445,324.4899322380559,pobre,0,0,400.0,702.0,1.0,52.0,7,484,15668,0,1.0
97,1.0,1.0,1.527,1.0,4.0,9,106.9294570178445,324.4899322380559,pobre,0,0,500.0,421.0,1.0,54.0,13,484,15669,4,1.0
98,1.0,1.0,1.527,1.0,5.0,9,106.9294570178445,324.4899322380559,pobre,0,0,500.0,421.0,1.0,54.0,14,484,15669,4,1.0
97,1.0,1.0,1.527,1.0,4.0,9,106.9294570178445,324.4899322380559,pobre,0,0,500.0,421.0,1.0,54.0,11,484,15670,4,1.0
98,1.0,1.0,1.527,1.0,4.0,9,106.9294570178445,324.4899322380559,pobre,0,0,500.0,421.0,1.0,54.0,12,484,15670,4,1.0
97,1.0,1.0,1.527,1.0,2.0,9,106.9294570178445,324.4899322380559,pobre,0,0,500.0,421.0,1.0,54.0,9,484,15671,2,1.0
98,1.0,1.0,1.527,1.0,3.0,9,106.9294570178445,324.4899322380559,pobre,0,0,500.0,421.0,1.0,54.0,10,484,15671,2,1.0
97,0.0,0.0,1.527,1.0,7.0,7,106.9294570178445,324.4899322380559,pobre,0,0,0.0,594.5,0.0,70.0,14,484,15672,7,1.0
98,0.0,0.0,1.527,1.0,8.0,7,106.9294570178445,324.4899322380559,pobre,0,0,0.0,594.5,0.0,70.0,15,484,15672,7,1.0
97,0.0,0.0,1.527,1.0,4.0,7,106.9294570178445,324.4899322380559,pobre,0,0,0.0,594.5,0.0,70.0,11,484,15673,4,1.0
98,0.0,0.0,1.527,1.0,5.0,7,106.9294570178445,324.4899322380559,pobre,0,0,0.0,594.5,0.0,70.0,12,484,15673,4,1.0
97,0.0,0.0,1.527,1.0,0.0,7,106.9294570178445,324.4899322380559,pobre,0,0,0.0,594.5,0.0,70.0,6,484,15674,0,1.0
98,0.0,0.0,1.527,1.0,1.0,7,106.9294570178445,324.4899322380559,pobre,0,0,0.0,594.5,0.0,70.0,7,484,15674,0,1.0
97,1.0,0.0,1.527,1.0,7.0,3,106.9294570178445,324.4899322380559,pobre,0,0,96.0,664.0,0.0,66.0,13,484,15675,7,1.0
98,1.0,0.0,1.527,1.0,7.0,3,106.9294570178445,324.4899322380559,pobre,0,0,96.0,664.0,0.0,66.0,14,484,15675,7,1.0
97,1.0,0.0,1.527,1.0,6.0,6,106.9294570178445,324.4899322380559,pobre,0,12,625.0,746.0,1.0,32.0,14,484,15676,6,1.0
98,1.0,0.0,1.527,,,6,106.9294570178445,324.4899322380559,pobre,0,12,625.0,746.0,1.0,32.0,15,484,15676,6,1.0
97,0.0,0.0,1.527,1.0,1.0,6,106.9294570178445,324.4899322380559,pobre,0,12,625.0,746.0,1.0,32.0,7,484,15677,1,1.0
98,0.0,0.0,1.527,,,6,106.9294570178445,324.4899322380559,pobre,0,12,625.0,746.0,1.0,32.0,8,484,15677,1,1.0
97,0.0,0.0,1.527,1.0,2.0,7,106.9294570178445,324.4899322380559,pobre,0,6,720.0,466.0,1.0,34.0,9,484,15678,2,1.0
98,0.0,0.0,1.527,1.0,3.0,7,106.9294570178445,324.4899322380559,pobre,0,6,720.0,466.0,1.0,34.0,10,484,15678,2,1.0
97,1.0,0.0,1.527,1.0,0.0,7,106.9294570178445,324.4899322380559,pobre,0,6,720.0,466.0,1.0,34.0,7,484,15679,0,1.0
98,1.0,0.0,1.527,1.0,0.0,7,106.9294570178445,324.4899322380559,pobre,0,6,720.0,466.0,1.0,34.0,8,484,15679,0,1.0
97,1.0,0.0,2.2780001,1.0,5.0,5,148.1275539654007,289.5835976181126,pobre,basal,4,0.0,701.0,1.0,48.0,12,435,15680,5,1.0
98,1.0,0.0,2.2780001,1.0,6.0,5,148.1275539654007,289.5835976181126,pobre,basal,4,0.0,701.0,1.0,48.0,13,435,15680,5,1.0
97,1.0,0.0,2.2780001,1.0,3.0,5,148.1275539654007,289.5835976181126,pobre,basal,4,0.0,701.0,1.0,48.0,10,435,15681,3,1.0
98,1.0,0.0,2.2780001,1.0,5.0,5,148.1275539654007,289.5835976181126,pobre,basal,4,0.0,701.0,1.0,48.0,11,435,15681,3,1.0
97,1.0,0.0,2.2780001,1.0,2.0,5,148.1275539654007,289.5835976181126,pobre,basal,4,0.0,701.0,1.0,48.0,8,435,15682,2,1.0
98,1.0,0.0,2.2780001,1.0,3.0,5,148.1275539654007,289.5835976181126,pobre,basal,4,0.0,701.0,1.0,48.0,9,435,15682,2,1.0
97,0.0,1.0,2.2780001,0.0,6.0,10,148.1275539654007,289.5835976181126,pobre,basal,4,375.0,729.0,1.0,41.0,16,435,15683,6,0.0
98,0.0,1.0,2.2780001,,,10,148.1275539654007,289.5835976181126,pobre,basal,4,375.0,729.0,1.0,41.0,17,435,15683,6,0.0
97,0.0,1.0,2.2780001,1.0,4.0,10,148.1275539654007,289.5835976181126,pobre,basal,4,375.0,729.0,1.0,41.0,13,435,15684,4,1.0
98,0.0,1.0,2.2780001,1.0,5.0,10,148.1275539654007,289.5835976181126,pobre,basal,4,375.0,729.0,1.0,41.0,14,435,15684,4,1.0
97,1.0,1.0,2.2780001,1.0,2.0,10,148.1275539654007,289.5835976181126,pobre,basal,4,375.0,729.0,1.0,41.0,11,435,15685,2,1.0
98,1.0,1.0,2.2780001,1.0,3.0,10,148.1275539654007,289.5835976181126,pobre,basal,4,375.0,729.0,1.0,41.0,12,435,15685,2,1.0
97,0.0,1.0,2.2780001,1.0,1.0,10,148.1275539654007,289.5835976181126,pobre,basal,4,375.0,729.0,1.0,41.0,9,435,15686,1,1.0
98,0.0,1.0,2.2780001,1.0,2.0,10,148.1275539654007,289.5835976181126,pobre,basal,4,375.0,729.0,1.0,41.0,10,435,15686,1,1.0
97,0.0,1.0,2.2780001,1.0,0.0,10,148.1275539654007,289.5835976181126,pobre,basal,4,375.0,729.0,1.0,41.0,6,435,15687,0,1.0
98,0.0,1.0,2.2780001,1.0,1.0,10,148.1275539654007,289.5835976181126,pobre,basal,4,375.0,729.0,1.0,41.0,7,435,15687,0,1.0
97,0.0,1.0,2.2780001,1.0,0.0,5,148.1275539654007,289.5835976181126,pobre,basal,3,60.0,676.0,1.0,35.0,8,435,15688,0,1.0
98,0.0,1.0,2.2780001,1.0,1.0,5,148.1275539654007,289.5835976181126,pobre,basal,3,60.0,676.0,1.0,35.0,9,435,15688,0,1.0
97,1.0,1.0,2.2780001,1.0,4.0,5,148.1275539654007,289.5835976181126,pobre,basal,6,375.0,650.0,1.0,32.0,11,435,15689,4,1.0
98,1.0,1.0,2.2780001,1.0,5.0,5,148.1275539654007,289.5835976181126,pobre,basal,6,375.0,650.0,1.0,32.0,12,435,15689,4,1.0
97,0.0,1.0,2.2780001,1.0,3.0,5,148.1275539654007,289.5835976181126,pobre,basal,6,375.0,650.0,1.0,32.0,9,435,15690,3,1.0
98,0.0,1.0,2.2780001,1.0,4.0,5,148.1275539654007,289.5835976181126,pobre,basal,6,375.0,650.0,1.0,32.0,10,435,15690,3,1.0
97,0.0,0.0,2.2780001,1.0,7.0,5,148.1275539654007,289.5835976181126,pobre,basal,6,500.0,703.0,1.0,39.0,14,435,15691,7,1.0
98,0.0,0.0,2.2780001,1.0,8.0,5,148.1275539654007,289.5835976181126,pobre,basal,6,500.0,703.0,1.0,39.0,15,435,15691,7,1.0
97,0.0,0.0,2.2780001,1.0,4.0,5,148.1275539654007,289.5835976181126,pobre,basal,6,500.0,703.0,1.0,39.0,10,435,15692,4,1.0
98,0.0,0.0,2.2780001,1.0,5.0,5,148.1275539654007,289.5835976181126,pobre,basal,6,500.0,703.0,1.0,39.0,11,435,15692,4,1.0
97,1.0,0.0,2.2780001,1.0,2.0,5,148.1275539654007,289.5835976181126,pobre,basal,6,500.0,703.0,1.0,39.0,8,435,15693,2,1.0
98,1.0,0.0,2.2780001,1.0,3.0,5,148.1275539654007,289.5835976181126,pobre,basal,6,500.0,703.0,1.0,39.0,9,435,15693,2,1.0
97,0.0,1.0,2.2780001,1.0,8.0,7,148.1275539654007,289.5835976181126,pobre,basal,3,625.0,668.0,1.0,50.0,14,435,15694,8,1.0
98,0.0,1.0,2.2780001,1.0,9.0,7,148.1275539654007,289.5835976181126,pobre,basal,3,625.0,668.0,1.0,50.0,15,435,15694,8,1.0
97,0.0,1.0,2.2780001,1.0,5.0,7,148.1275539654007,289.5835976181126,pobre,basal,3,625.0,668.0,1.0,50.0,12,435,15695,5,1.0
98,0.0,1.0,2.2780001,1.0,6.0,7,148.1275539654007,289.5835976181126,pobre,basal,3,625.0,668.0,1.0,50.0,13,435,15695,5,1.0
97,1.0,1.0,2.2780001,1.0,4.0,7,148.1275539654007,289.5835976181126,pobre,basal,3,625.0,668.0,1.0,50.0,10,435,15696,4,1.0
98,1.0,1.0,2.2780001,1.0,5.0,7,148.1275539654007,289.5835976181126,pobre,basal,3,625.0,668.0,1.0,50.0,11,435,15696,4,1.0
97,1.0,0.0,2.2780001,1.0,2.0,7,148.1275539654007,289.5835976181126,pobre,basal,3,625.0,668.0,1.0,50.0,9,435,15697,2,1.0
98,1.0,0.0,2.2780001,1.0,3.0,7,148.1275539654007,289.5835976181126,pobre,basal,3,625.0,668.0,1.0,50.0,10,435,15697,2,1.0
97,1.0,1.0,2.2780001,1.0,7.0,7,148.1275539654007,289.5835976181126,pobre,basal,5,375.0,743.5,1.0,38.0,16,435,15698,7,1.0
98,1.0,1.0,2.2780001,,,7,148.1275539654007,289.5835976181126,pobre,basal,5,375.0,743.5,1.0,38.0,17,435,15698,7,1.0
97,1.0,1.0,2.2780001,1.0,7.0,7,148.1275539654007,289.5835976181126,pobre,basal,5,375.0,743.5,1.0,38.0,13,435,15699,7,1.0
98,1.0,1.0,2.2780001,1.0,8.0,7,148.1275539654007,289.5835976181126,pobre,basal,5,375.0,743.5,1.0,38.0,14,435,15699,7,1.0
97,1.0,1.0,2.2780001,1.0,4.0,7,148.1275539654007,289.5835976181126,pobre,basal,5,375.0,743.5,1.0,38.0,10,435,15700,4,1.0
98,1.0,1.0,2.2780001,1.0,5.0,7,148.1275539654007,289.5835976181126,pobre,basal,5,375.0,743.5,1.0,38.0,11,435,15700,4,1.0
97,1.0,1.0,2.2780001,1.0,1.0,7,148.1275539654007,289.5835976181126,pobre,basal,5,375.0,743.5,1.0,38.0,8,435,15701,1,1.0
98,1.0,1.0,2.2780001,1.0,2.0,7,148.1275539654007,289.5835976181126,pobre,basal,5,375.0,743.5,1.0,38.0,9,435,15701,1,1.0
97,0.0,1.0,2.2780001,0.0,6.0,7,148.1275539654007,289.5835976181126,pobre,basal,2,375.0,706.5,1.0,46.0,15,435,15702,6,0.0
98,0.0,1.0,2.2780001,0.0,6.0,7,148.1275539654007,289.5835976181126,pobre,basal,2,375.0,706.5,1.0,46.0,16,435,15702,6,0.0
97,0.0,1.0,2.2780001,1.0,3.0,7,148.1275539654007,289.5835976181126,pobre,basal,2,375.0,706.5,1.0,46.0,10,435,15703,3,1.0
98,0.0,1.0,2.2780001,1.0,4.0,7,148.1275539654007,289.5835976181126,pobre,basal,2,375.0,706.5,1.0,46.0,11,435,15703,3,1.0
97,0.0,1.0,2.2780001,1.0,1.0,7,148.1275539654007,289.5835976181126,pobre,basal,2,375.0,706.5,1.0,46.0,8,435,15704,1,1.0
98,0.0,1.0,2.2780001,1.0,2.0,7,148.1275539654007,289.5835976181126,pobre,basal,2,375.0,706.5,1.0,46.0,9,435,15704,1,1.0
97,0.0,1.0,2.2780001,1.0,2.0,7,148.1275539654007,289.5835976181126,pobre,basal,6,375.0,560.0,1.0,31.0,9,435,15705,2,1.0
98,0.0,1.0,2.2780001,1.0,3.0,7,148.1275539654007,289.5835976181126,pobre,basal,6,375.0,560.0,1.0,31.0,10,435,15705,2,1.0
97,1.0,1.0,2.2780001,1.0,0.0,7,148.1275539654007,289.5835976181126,pobre,basal,6,375.0,560.0,1.0,31.0,7,435,15706,0,1.0
98,1.0,1.0,2.2780001,1.0,1.0,7,148.1275539654007,289.5835976181126,pobre,basal,6,375.0,560.0,1.0,31.0,8,435,15706,0,1.0
97,1.0,1.0,2.2780001,1.0,6.0,7,148.1275539654007,289.5835976181126,pobre,basal,2,375.0,577.0,1.0,41.0,14,435,15707,6,1.0
98,1.0,1.0,2.2780001,1.0,7.0,7,148.1275539654007,289.5835976181126,pobre,basal,2,375.0,577.0,1.0,41.0,15,435,15707,6,1.0
97,1.0,1.0,2.2780001,1.0,3.0,7,148.1275539654007,289.5835976181126,pobre,basal,2,375.0,577.0,1.0,41.0,10,435,15708,3,1.0
98,1.0,1.0,2.2780001,1.0,4.0,7,148.1275539654007,289.5835976181126,pobre,basal,2,375.0,577.0,1.0,41.0,11,435,15708,3,1.0
97,0.0,1.0,2.2780001,1.0,1.0,7,148.1275539654007,289.5835976181126,pobre,basal,2,375.0,577.0,1.0,41.0,7,435,15709,1,1.0
98,0.0,1.0,2.2780001,1.0,1.0,7,148.1275539654007,289.5835976181126,pobre,basal,2,375.0,577.0,1.0,41.0,8,435,15709,1,1.0
97,0.0,1.0,2.2780001,1.0,8.0,8,148.1275539654007,289.5835976181126,pobre,basal,6,375.0,547.0,1.0,41.0,15,435,15710,8,1.0
98,0.0,1.0,2.2780001,1.0,9.0,8,148.1275539654007,289.5835976181126,pobre,basal,6,375.0,547.0,1.0,41.0,16,435,15710,8,1.0
97,0.0,1.0,2.2780001,1.0,5.0,8,148.1275539654007,289.5835976181126,pobre,basal,6,375.0,547.0,1.0,41.0,12,435,15711,5,1.0
98,0.0,1.0,2.2780001,1.0,6.0,8,148.1275539654007,289.5835976181126,pobre,basal,6,375.0,547.0,1.0,41.0,13,435,15711,5,1.0
97,0.0,1.0,2.2780001,1.0,3.0,8,148.1275539654007,289.5835976181126,pobre,basal,6,375.0,547.0,1.0,41.0,10,435,15712,3,1.0
98,0.0,1.0,2.2780001,1.0,4.0,8,148.1275539654007,289.5835976181126,pobre,basal,6,375.0,547.0,1.0,41.0,11,435,15712,3,1.0
97,0.0,1.0,2.2780001,1.0,3.0,8,148.1275539654007,289.5835976181126,pobre,basal,6,375.0,547.0,1.0,41.0,9,435,15713,3,1.0
98,0.0,1.0,2.2780001,1.0,4.0,8,148.1275539654007,289.5835976181126,pobre,basal,6,375.0,547.0,1.0,41.0,10,435,15713,3,1.0
97,1.0,1.0,2.2780001,1.0,1.0,8,148.1275539654007,289.5835976181126,pobre,basal,6,375.0,547.0,1.0,41.0,6,435,15714,1,1.0
98,1.0,1.0,2.2780001,1.0,2.0,8,148.1275539654007,289.5835976181126,pobre,basal,6,375.0,547.0,1.0,41.0,7,435,15714,1,1.0
97,1.0,1.0,2.2780001,1.0,6.0,6,148.1275539654007,289.5835976181126,pobre,basal,2,375.0,808.0,1.0,51.0,13,435,15715,6,1.0
98,1.0,1.0,2.2780001,1.0,7.0,6,148.1275539654007,289.5835976181126,pobre,basal,2,375.0,808.0,1.0,51.0,14,435,15715,6,1.0
97,0.0,1.0,2.2780001,1.0,7.0,4,148.1275539654007,289.5835976181126,pobre,basal,3,375.0,736.0,1.0,41.0,14,435,15716,7,1.0
98,0.0,1.0,2.2780001,1.0,8.0,4,148.1275539654007,289.5835976181126,pobre,basal,3,375.0,736.0,1.0,41.0,15,435,15716,7,1.0
97,1.0,1.0,2.2780001,1.0,4.0,4,148.1275539654007,289.5835976181126,pobre,basal,3,375.0,736.0,1.0,41.0,11,435,15717,4,1.0
98,1.0,1.0,2.2780001,1.0,5.0,4,148.1275539654007,289.5835976181126,pobre,basal,3,375.0,736.0,1.0,41.0,12,435,15717,4,1.0
97,1.0,1.0,2.2780001,1.0,3.0,4,148.1275539654007,289.5835976181126,pobre,basal,6,375.0,813.0,1.0,33.0,9,435,15718,3,1.0
98,1.0,1.0,2.2780001,1.0,4.0,4,148.1275539654007,289.5835976181126,pobre,basal,6,375.0,813.0,1.0,33.0,10,435,15718,3,1.0
97,1.0,1.0,2.2780001,1.0,5.0,4,148.1275539654007,289.5835976181126,pobre,basal,3,375.0,766.0,1.0,58.0,11,435,15719,5,1.0
98,1.0,1.0,2.2780001,1.0,6.0,4,148.1275539654007,289.5835976181126,pobre,basal,3,375.0,766.0,1.0,58.0,12,435,15719,5,1.0
97,1.0,1.0,2.2780001,1.0,3.0,8,148.1275539654007,289.5835976181126,pobre,basal,4,375.0,730.0,1.0,49.0,10,435,15720,3,1.0
98,1.0,1.0,2.2780001,1.0,4.0,8,148.1275539654007,289.5835976181126,pobre,basal,4,375.0,730.0,1.0,49.0,11,435,15720,3,1.0
97,1.0,1.0,2.2780001,1.0,0.0,8,148.1275539654007,289.5835976181126,pobre,basal,4,375.0,730.0,1.0,49.0,6,435,15721,0,1.0
98,1.0,1.0,2.2780001,1.0,1.0,8,148.1275539654007,289.5835976181126,pobre,basal,4,375.0,730.0,1.0,49.0,7,435,15721,0,1.0
97,0.0,1.0,2.2780001,1.0,7.0,10,148.1275539654007,289.5835976181126,pobre,basal,3,375.0,643.0,1.0,49.0,13,435,15722,7,1.0
98,0.0,1.0,2.2780001,1.0,8.0,10,148.1275539654007,289.5835976181126,pobre,basal,3,375.0,643.0,1.0,49.0,14,435,15722,7,1.0
97,1.0,1.0,2.2780001,1.0,6.0,10,148.1275539654007,289.5835976181126,pobre,basal,3,375.0,643.0,1.0,49.0,10,435,15723,6,1.0
98,1.0,1.0,2.2780001,1.0,7.0,10,148.1275539654007,289.5835976181126,pobre,basal,3,375.0,643.0,1.0,49.0,11,435,15723,6,1.0
97,0.0,1.0,2.2780001,1.0,10.0,10,148.1275539654007,289.5835976181126,pobre,basal,3,375.0,643.0,1.0,49.0,16,435,15724,10,1.0
98,0.0,1.0,2.2780001,,,10,148.1275539654007,289.5835976181126,pobre,basal,3,375.0,643.0,1.0,49.0,17,435,15724,10,1.0
97,0.0,1.0,2.2780001,1.0,9.0,10,148.1275539654007,289.5835976181126,pobre,basal,3,375.0,643.0,1.0,49.0,15,435,15725,9,1.0
98,0.0,1.0,2.2780001,1.0,10.0,10,148.1275539654007,289.5835976181126,pobre,basal,3,375.0,643.0,1.0,49.0,16,435,15725,9,1.0
97,1.0,1.0,2.2780001,1.0,7.0,10,148.1275539654007,289.5835976181126,pobre,basal,3,375.0,643.0,1.0,49.0,13,435,15726,7,1.0
98,1.0,1.0,2.2780001,1.0,8.0,10,148.1275539654007,289.5835976181126,pobre,basal,3,375.0,643.0,1.0,49.0,14,435,15726,7,1.0
97,1.0,1.0,2.2780001,1.0,5.0,10,148.1275539654007,289.5835976181126,pobre,basal,3,375.0,643.0,1.0,49.0,11,435,15727,5,1.0
98,1.0,1.0,2.2780001,1.0,6.0,10,148.1275539654007,289.5835976181126,pobre,basal,3,375.0,643.0,1.0,49.0,12,435,15727,5,1.0
97,0.0,1.0,2.2780001,1.0,3.0,10,148.1275539654007,289.5835976181126,pobre,basal,3,375.0,643.0,1.0,49.0,9,435,15728,3,1.0
98,0.0,1.0,2.2780001,1.0,4.0,10,148.1275539654007,289.5835976181126,pobre,basal,3,375.0,643.0,1.0,49.0,10,435,15728,3,1.0
97,0.0,1.0,2.2780001,1.0,9.0,8,148.1275539654007,289.5835976181126,pobre,basal,0,375.0,690.0,1.0,43.0,16,435,15729,9,1.0
98,0.0,1.0,2.2780001,0.0,9.0,8,148.1275539654007,289.5835976181126,pobre,basal,0,375.0,690.0,1.0,43.0,17,435,15729,9,1.0
97,1.0,1.0,2.2780001,1.0,5.0,8,148.1275539654007,289.5835976181126,pobre,basal,0,375.0,690.0,1.0,43.0,13,435,15730,5,1.0
98,1.0,1.0,2.2780001,1.0,6.0,8,148.1275539654007,289.5835976181126,pobre,basal,0,375.0,690.0,1.0,43.0,14,435,15730,5,1.0
97,1.0,1.0,2.2780001,1.0,4.0,8,148.1275539654007,289.5835976181126,pobre,basal,0,375.0,690.0,1.0,43.0,11,435,15731,4,1.0
98,1.0,1.0,2.2780001,1.0,5.0,8,148.1275539654007,289.5835976181126,pobre,basal,0,375.0,690.0,1.0,43.0,12,435,15731,4,1.0
97,1.0,1.0,2.2780001,1.0,1.0,8,148.1275539654007,289.5835976181126,pobre,basal,0,375.0,690.0,1.0,43.0,8,435,15732,1,1.0
98,1.0,1.0,2.2780001,1.0,1.0,8,148.1275539654007,289.5835976181126,pobre,basal,0,375.0,690.0,1.0,43.0,9,435,15732,1,1.0
97,0.0,0.0,2.2780001,1.0,1.0,5,148.1275539654007,289.5835976181126,pobre,basal,6,375.0,524.0,1.0,29.0,7,435,15733,1,1.0
98,0.0,0.0,2.2780001,1.0,2.0,5,148.1275539654007,289.5835976181126,pobre,basal,6,375.0,524.0,1.0,29.0,8,435,15733,1,1.0
97,0.0,1.0,2.2780001,0.0,6.0,2,148.1275539654007,289.5835976181126,pobre,basal,1,375.0,670.0,0.0,55.0,13,435,15734,6,0.0
98,0.0,1.0,2.2780001,1.0,6.0,2,148.1275539654007,289.5835976181126,pobre,basal,1,375.0,670.0,0.0,55.0,14,435,15734,6,0.0
97,1.0,1.0,2.2780001,0.0,6.0,5,148.1275539654007,289.5835976181126,pobre,basal,0,500.0,708.0,1.0,62.0,15,435,15735,6,0.0
98,1.0,1.0,2.2780001,0.0,6.0,5,148.1275539654007,289.5835976181126,pobre,basal,0,500.0,708.0,1.0,62.0,16,435,15735,6,0.0
97,0.0,1.0,2.2780001,1.0,6.0,7,148.1275539654007,289.5835976181126,pobre,basal,6,500.0,604.0,1.0,34.0,13,435,15736,6,1.0
98,0.0,1.0,2.2780001,1.0,7.0,7,148.1275539654007,289.5835976181126,pobre,basal,6,500.0,604.0,1.0,34.0,14,435,15736,6,1.0
97,1.0,1.0,2.2780001,1.0,4.0,7,148.1275539654007,289.5835976181126,pobre,basal,6,500.0,604.0,1.0,34.0,10,435,15737,4,1.0
98,1.0,1.0,2.2780001,1.0,5.0,7,148.1275539654007,289.5835976181126,pobre,basal,6,500.0,604.0,1.0,34.0,11,435,15737,4,1.0
97,0.0,1.0,2.2780001,1.0,2.0,7,148.1275539654007,289.5835976181126,pobre,basal,6,500.0,604.0,1.0,34.0,8,435,15738,2,1.0
98,0.0,1.0,2.2780001,1.0,3.0,7,148.1275539654007,289.5835976181126,pobre,basal,6,500.0,604.0,1.0,34.0,9,435,15738,2,1.0
97,1.0,1.0,2.2780001,1.0,3.0,6,148.1275539654007,289.5835976181126,pobre,basal,4,750.0,631.0,1.0,28.0,9,435,15739,3,1.0
98,1.0,1.0,2.2780001,1.0,4.0,6,148.1275539654007,289.5835976181126,pobre,basal,4,750.0,631.0,1.0,28.0,10,435,15739,3,1.0
97,0.0,1.0,2.2780001,1.0,0.0,6,148.1275539654007,289.5835976181126,pobre,basal,4,750.0,631.0,1.0,28.0,6,435,15740,0,1.0
98,0.0,1.0,2.2780001,1.0,1.0,6,148.1275539654007,289.5835976181126,pobre,basal,4,750.0,631.0,1.0,28.0,7,435,15740,0,1.0
97,0.0,1.0,2.2780001,0.0,6.0,9,148.1275539654007,289.5835976181126,pobre,basal,0,375.0,650.5,1.0,41.0,14,435,15741,6,0.0
98,0.0,1.0,2.2780001,,6.0,9,148.1275539654007,289.5835976181126,pobre,basal,0,375.0,650.5,1.0,41.0,15,435,15741,6,0.0
97,0.0,1.0,2.2780001,0.0,6.0,9,148.1275539654007,289.5835976181126,pobre,basal,0,375.0,650.5,1.0,41.0,12,435,15742,6,0.0
98,0.0,1.0,2.2780001,1.0,6.0,9,148.1275539654007,289.5835976181126,pobre,basal,0,375.0,650.5,1.0,41.0,13,435,15742,6,0.0
97,1.0,1.0,2.2780001,1.0,4.0,9,148.1275539654007,289.5835976181126,pobre,basal,0,375.0,650.5,1.0,41.0,10,435,15743,4,1.0
98,1.0,1.0,2.2780001,1.0,5.0,9,148.1275539654007,289.5835976181126,pobre,basal,0,375.0,650.5,1.0,41.0,11,435,15743,4,1.0
97,0.0,1.0,2.2780001,1.0,2.0,9,148.1275539654007,289.5835976181126,pobre,basal,0,375.0,650.5,1.0,41.0,8,435,15744,2,1.0
98,0.0,1.0,2.2780001,1.0,3.0,9,148.1275539654007,289.5835976181126,pobre,basal,0,375.0,650.5,1.0,41.0,9,435,15744,2,1.0
97,1.0,0.0,2.2780001,,0.0,9,148.1275539654007,289.5835976181126,pobre,basal,0,375.0,650.5,1.0,41.0,6,435,15745,0,
98,1.0,0.0,2.2780001,1.0,0.0,9,148.1275539654007,289.5835976181126,pobre,basal,0,375.0,650.5,1.0,41.0,7,435,15745,0,
97,1.0,1.0,2.2780001,1.0,3.0,7,148.1275539654007,289.5835976181126,pobre,basal,3,375.0,580.0,1.0,35.0,9,435,15746,3,1.0
98,1.0,1.0,2.2780001,1.0,4.0,7,148.1275539654007,289.5835976181126,pobre,basal,3,375.0,580.0,1.0,35.0,10,435,15746,3,1.0
97,1.0,0.0,2.2780001,,0.0,7,148.1275539654007,289.5835976181126,pobre,basal,3,375.0,580.0,1.0,35.0,7,435,15747,0,
98,1.0,0.0,2.2780001,1.0,1.0,7,148.1275539654007,289.5835976181126,pobre,basal,3,375.0,580.0,1.0,35.0,8,435,15747,0,
97,1.0,1.0,2.2780001,1.0,4.0,5,148.1275539654007,289.5835976181126,pobre,basal,4,375.0,792.5,1.0,49.0,12,435,15748,4,1.0
98,1.0,1.0,2.2780001,1.0,5.0,5,148.1275539654007,289.5835976181126,pobre,basal,4,375.0,792.5,1.0,49.0,13,435,15748,4,1.0
97,0.0,1.0,2.2780001,1.0,2.0,5,148.1275539654007,289.5835976181126,pobre,basal,4,375.0,792.5,1.0,49.0,9,435,15749,2,1.0
98,0.0,1.0,2.2780001,1.0,3.0,5,148.1275539654007,289.5835976181126,pobre,basal,4,375.0,792.5,1.0,49.0,10,435,15749,2,1.0
97,1.0,1.0,2.2780001,1.0,10.0,8,148.1275539654007,289.5835976181126,pobre,basal,2,500.0,739.0,1.0,51.0,16,435,15750,10,1.0
98,1.0,1.0,2.2780001,,,8,148.1275539654007,289.5835976181126,pobre,basal,2,500.0,739.0,1.0,51.0,17,435,15750,10,1.0
97,0.0,1.0,2.2780001,1.0,5.0,8,148.1275539654007,289.5835976181126,pobre,basal,2,500.0,739.0,1.0,51.0,14,435,15751,5,1.0
98,0.0,1.0,2.2780001,1.0,6.0,8,148.1275539654007,289.5835976181126,pobre,basal,2,500.0,739.0,1.0,51.0,15,435,15751,5,1.0
97,1.0,1.0,2.2780001,1.0,4.0,8,148.1275539654007,289.5835976181126,pobre,basal,2,500.0,739.0,1.0,51.0,10,435,15752,4,1.0
98,1.0,1.0,2.2780001,1.0,5.0,8,148.1275539654007,289.5835976181126,pobre,basal,2,500.0,739.0,1.0,51.0,11,435,15752,4,1.0
97,1.0,1.0,2.2780001,1.0,4.0,8,148.1275539654007,289.5835976181126,pobre,basal,2,500.0,739.0,1.0,51.0,10,435,15753,4,1.0
98,1.0,1.0,2.2780001,1.0,5.0,8,148.1275539654007,289.5835976181126,pobre,basal,2,500.0,739.0,1.0,51.0,11,435,15753,4,1.0
97,0.0,1.0,2.2780001,1.0,3.0,7,148.1275539654007,289.5835976181126,pobre,basal,6,750.0,684.5,1.0,30.0,11,435,15754,3,1.0
98,0.0,1.0,2.2780001,1.0,4.0,7,148.1275539654007,289.5835976181126,pobre,basal,6,750.0,684.5,1.0,30.0,12,435,15754,3,1.0
97,0.0,0.0,2.2780001,1.0,3.0,7,148.1275539654007,289.5835976181126,pobre,basal,6,750.0,684.5,1.0,30.0,9,435,15755,3,1.0
98,0.0,0.0,2.2780001,1.0,4.0,7,148.1275539654007,289.5835976181126,pobre,basal,6,750.0,684.5,1.0,30.0,10,435,15755,3,1.0
97,0.0,1.0,2.2780001,1.0,1.0,4,148.1275539654007,289.5835976181126,pobre,basal,1,500.0,732.0,1.0,47.0,15,435,15756,1,1.0
98,0.0,1.0,2.2780001,1.0,8.0,4,148.1275539654007,289.5835976181126,pobre,basal,1,500.0,732.0,1.0,47.0,16,435,15756,1,1.0
97,0.0,0.0,4.152,0.0,6.0,4,52.27688165081197,75.3069717543874,pobre,0,0,0.0,824.0,0.0,69.0,15,477,15757,6,0.0
98,0.0,0.0,4.152,,,4,52.27688165081197,75.3069717543874,pobre,0,0,0.0,824.0,0.0,69.0,16,477,15757,6,0.0
97,0.0,0.0,4.152,1.0,6.0,6,52.27688165081197,75.3069717543874,no pobre,0,0,750.0,800.0,1.0,55.0,14,477,15758,6,1.0
98,0.0,0.0,4.152,1.0,7.0,6,52.27688165081197,75.3069717543874,no pobre,0,0,750.0,800.0,1.0,55.0,15,477,15758,6,1.0
97,0.0,0.0,4.152,1.0,0.0,6,52.27688165081197,75.3069717543874,no pobre,0,0,750.0,800.0,1.0,55.0,6,477,15759,0,1.0
98,0.0,0.0,4.152,1.0,1.0,6,52.27688165081197,75.3069717543874,no pobre,0,0,750.0,800.0,1.0,55.0,7,477,15759,0,1.0
97,1.0,0.0,4.152,0.0,6.0,7,52.27688165081197,75.3069717543874,no pobre,0,0,750.0,919.0,1.0,66.0,16,477,15760,6,0.0
98,1.0,0.0,4.152,,,7,52.27688165081197,75.3069717543874,no pobre,0,0,750.0,919.0,1.0,66.0,17,477,15760,6,0.0
97,0.0,0.0,4.152,1.0,8.0,7,52.27688165081197,75.3069717543874,no pobre,0,0,750.0,919.0,1.0,66.0,14,477,15761,8,1.0
98,0.0,0.0,4.152,1.0,8.0,7,52.27688165081197,75.3069717543874,no pobre,0,0,750.0,919.0,1.0,66.0,15,477,15761,8,1.0
97,1.0,0.0,4.152,1.0,4.0,7,52.27688165081197,75.3069717543874,no pobre,0,0,750.0,919.0,1.0,66.0,12,477,15762,4,1.0
98,1.0,0.0,4.152,1.0,5.0,7,52.27688165081197,75.3069717543874,no pobre,0,0,750.0,919.0,1.0,66.0,13,477,15762,4,1.0
97,0.0,0.0,4.152,1.0,2.0,9,52.27688165081197,75.3069717543874,no pobre,0,0,750.0,856.0,1.0,55.0,8,477,15763,2,1.0
98,0.0,0.0,4.152,1.0,3.0,9,52.27688165081197,75.3069717543874,no pobre,0,0,750.0,856.0,1.0,55.0,9,477,15763,2,1.0
97,0.0,0.0,4.152,1.0,2.0,9,52.27688165081197,75.3069717543874,no pobre,0,0,750.0,856.0,1.0,55.0,8,477,15764,2,1.0
98,0.0,0.0,4.152,1.0,3.0,9,52.27688165081197,75.3069717543874,no pobre,0,0,750.0,856.0,1.0,55.0,9,477,15764,2,1.0
97,1.0,0.0,4.152,1.0,0.0,9,52.27688165081197,75.3069717543874,no pobre,0,0,750.0,856.0,1.0,55.0,6,477,15765,0,1.0
98,1.0,0.0,4.152,1.0,1.0,9,52.27688165081197,75.3069717543874,no pobre,0,0,750.0,856.0,1.0,55.0,7,477,15765,0,1.0
97,1.0,0.0,4.152,1.0,6.0,5,52.27688165081197,75.3069717543874,no pobre,0,13,833.33331,916.0,1.0,35.0,12,477,15766,6,1.0
98,1.0,0.0,4.152,1.0,7.0,5,52.27688165081197,75.3069717543874,no pobre,0,13,833.33331,916.0,1.0,35.0,13,477,15766,6,1.0
97,0.0,0.0,4.152,1.0,4.0,5,52.27688165081197,75.3069717543874,no pobre,0,13,833.33331,916.0,1.0,35.0,10,477,15767,4,1.0
98,0.0,0.0,4.152,1.0,5.0,5,52.27688165081197,75.3069717543874,no pobre,0,13,833.33331,916.0,1.0,35.0,11,477,15767,4,1.0
97,0.0,0.0,4.152,1.0,1.0,5,52.27688165081197,75.3069717543874,no pobre,0,13,833.33331,916.0,1.0,35.0,7,477,15768,1,1.0
98,0.0,0.0,4.152,1.0,2.0,5,52.27688165081197,75.3069717543874,no pobre,0,13,833.33331,916.0,1.0,35.0,8,477,15768,1,1.0
97,1.0,0.0,4.152,1.0,6.0,8,52.27688165081197,75.3069717543874,no pobre,0,1,833.33331,984.0,1.0,61.0,13,477,15769,6,1.0
98,1.0,0.0,4.152,1.0,7.0,8,52.27688165081197,75.3069717543874,no pobre,0,1,833.33331,984.0,1.0,61.0,14,477,15769,6,1.0
97,1.0,0.0,4.152,1.0,2.0,8,52.27688165081197,75.3069717543874,no pobre,0,1,833.33331,984.0,1.0,61.0,10,477,15770,2,1.0
98,1.0,0.0,4.152,1.0,3.0,8,52.27688165081197,75.3069717543874,no pobre,0,1,833.33331,984.0,1.0,61.0,11,477,15770,2,1.0
97,0.0,0.0,4.152,1.0,2.0,8,52.27688165081197,75.3069717543874,no pobre,0,1,833.33331,984.0,1.0,61.0,9,477,15771,2,1.0
98,0.0,0.0,4.152,1.0,3.0,8,52.27688165081197,75.3069717543874,no pobre,0,1,833.33331,984.0,1.0,61.0,10,477,15771,2,1.0
97,0.0,0.0,4.152,1.0,3.0,5,52.27688165081197,75.3069717543874,pobre,0,8,750.0,777.0,1.0,27.0,9,477,15772,3,1.0
98,0.0,0.0,4.152,1.0,4.0,5,52.27688165081197,75.3069717543874,pobre,0,8,750.0,777.0,1.0,27.0,10,477,15772,3,1.0
97,0.0,0.0,4.152,1.0,2.0,5,52.27688165081197,75.3069717543874,pobre,0,8,750.0,777.0,1.0,27.0,8,477,15773,2,1.0
98,0.0,0.0,4.152,1.0,3.0,5,52.27688165081197,75.3069717543874,pobre,0,8,750.0,777.0,1.0,27.0,9,477,15773,2,1.0
97,1.0,0.0,4.152,1.0,6.0,5,52.27688165081197,75.3069717543874,pobre,0,1,750.0,656.0,1.0,33.0,13,477,15774,6,1.0
98,1.0,0.0,4.152,0.0,6.0,5,52.27688165081197,75.3069717543874,pobre,0,1,750.0,656.0,1.0,33.0,14,477,15774,6,1.0
97,0.0,0.0,4.152,1.0,2.0,5,52.27688165081197,75.3069717543874,pobre,0,1,750.0,656.0,1.0,33.0,8,477,15775,2,1.0
98,0.0,0.0,4.152,1.0,3.0,5,52.27688165081197,75.3069717543874,pobre,0,1,750.0,656.0,1.0,33.0,9,477,15775,2,1.0
97,1.0,0.0,0.58999997,1.0,5.0,7,141.8944903287733,273.2989389602207,no pobre,0,6,625.0,1236.5,1.0,41.0,16,441,15776,5,1.0
98,1.0,0.0,0.58999997,,,7,141.8944903287733,273.2989389602207,no pobre,0,6,625.0,1236.5,1.0,41.0,17,441,15776,5,1.0
97,0.0,1.0,0.58999997,1.0,13.0,7,141.8944903287733,273.2989389602207,no pobre,0,6,625.0,1236.5,1.0,41.0,15,441,15777,13,1.0
98,0.0,1.0,0.58999997,1.0,10.0,7,141.8944903287733,273.2989389602207,no pobre,0,6,625.0,1236.5,1.0,41.0,16,441,15777,13,1.0
97,1.0,1.0,0.58999997,1.0,6.0,7,141.8944903287733,273.2989389602207,no pobre,0,6,625.0,1236.5,1.0,41.0,13,441,15778,6,1.0
98,1.0,1.0,0.58999997,1.0,7.0,7,141.8944903287733,273.2989389602207,no pobre,0,6,625.0,1236.5,1.0,41.0,14,441,15778,6,1.0
97,1.0,1.0,0.58999997,1.0,4.0,7,141.8944903287733,273.2989389602207,no pobre,0,6,625.0,1236.5,1.0,41.0,10,441,15779,4,1.0
98,1.0,1.0,0.58999997,1.0,5.0,7,141.8944903287733,273.2989389602207,no pobre,0,6,625.0,1236.5,1.0,41.0,11,441,15779,4,1.0
97,0.0,1.0,0.58999997,1.0,1.0,7,141.8944903287733,273.2989389602207,no pobre,0,6,625.0,1236.5,1.0,41.0,7,441,15780,1,1.0
98,0.0,1.0,0.58999997,1.0,2.0,7,141.8944903287733,273.2989389602207,no pobre,0,6,625.0,1236.5,1.0,41.0,8,441,15780,1,1.0
97,1.0,0.0,0.58999997,1.0,8.0,6,141.8944903287733,273.2989389602207,pobre,0,3,625.0,755.0,1.0,41.0,15,441,15781,8,1.0
98,1.0,0.0,0.58999997,0.0,9.0,6,141.8944903287733,273.2989389602207,pobre,0,3,625.0,755.0,1.0,41.0,16,441,15781,8,1.0
97,1.0,0.0,0.58999997,1.0,6.0,6,141.8944903287733,273.2989389602207,pobre,0,3,625.0,755.0,1.0,41.0,13,441,15782,6,1.0
98,1.0,0.0,0.58999997,1.0,7.0,6,141.8944903287733,273.2989389602207,pobre,0,3,625.0,755.0,1.0,41.0,14,441,15782,6,1.0
97,0.0,1.0,0.58999997,1.0,5.0,5,141.8944903287733,273.2989389602207,pobre,0,6,625.0,888.5,1.0,66.0,11,441,15783,5,1.0
98,0.0,1.0,0.58999997,1.0,6.0,5,141.8944903287733,273.2989389602207,pobre,0,6,625.0,888.5,1.0,66.0,12,441,15783,5,1.0
97,1.0,1.0,0.58999997,1.0,6.0,5,141.8944903287733,273.2989389602207,pobre,0,3,625.0,741.0,1.0,49.0,14,441,15784,6,1.0
98,1.0,1.0,0.58999997,1.0,8.0,5,141.8944903287733,273.2989389602207,pobre,0,3,625.0,741.0,1.0,49.0,15,441,15784,6,1.0
97,0.0,0.0,0.0,0.0,6.0,2,72.80421840935115,72.80421840935115,pobre,0,0,875.0,769.45502,0.0,36.0,15,283,15785,6,0.0
98,0.0,0.0,0.0,0.0,6.0,2,72.80421840935115,72.80421840935115,pobre,0,0,875.0,769.45502,0.0,36.0,16,283,15785,6,0.0
97,0.0,0.0,0.0,1.0,8.0,6,72.80421840935115,72.80421840935115,pobre,0,6,720.0,631.0,1.0,33.0,14,283,15786,8,1.0
98,0.0,0.0,0.0,1.0,8.0,6,72.80421840935115,72.80421840935115,pobre,0,6,720.0,631.0,1.0,33.0,15,283,15786,8,1.0
97,1.0,0.0,0.0,1.0,3.0,6,72.80421840935115,72.80421840935115,pobre,0,6,720.0,631.0,1.0,33.0,9,283,15787,3,1.0
98,1.0,0.0,0.0,1.0,4.0,6,72.80421840935115,72.80421840935115,pobre,0,6,720.0,631.0,1.0,33.0,10,283,15787,3,1.0
97,0.0,0.0,0.0,1.0,0.0,6,72.80421840935115,72.80421840935115,pobre,0,6,720.0,631.0,1.0,33.0,6,283,15788,0,1.0
98,0.0,0.0,0.0,1.0,1.0,6,72.80421840935115,72.80421840935115,pobre,0,6,720.0,631.0,1.0,33.0,7,283,15788,0,1.0
97,1.0,0.0,0.0,0.0,6.0,8,72.80421840935115,72.80421840935115,pobre,0,0,1000.0,544.70099,1.0,32.0,13,283,15789,6,0.0
98,1.0,0.0,0.0,0.0,6.0,8,72.80421840935115,72.80421840935115,pobre,0,0,1000.0,544.70099,1.0,32.0,14,283,15789,6,0.0
97,1.0,0.0,0.0,1.0,3.0,8,72.80421840935115,72.80421840935115,pobre,0,0,1000.0,544.70099,1.0,32.0,11,283,15790,3,1.0
98,1.0,0.0,0.0,0.0,4.0,8,72.80421840935115,72.80421840935115,pobre,0,0,1000.0,544.70099,1.0,32.0,12,283,15790,3,1.0
97,1.0,0.0,0.0,1.0,1.0,8,72.80421840935115,72.80421840935115,pobre,0,0,1000.0,544.70099,1.0,32.0,9,283,15791,1,1.0
98,1.0,0.0,0.0,1.0,2.0,8,72.80421840935115,72.80421840935115,pobre,0,0,1000.0,544.70099,1.0,32.0,10,283,15791,1,1.0
97,0.0,0.0,0.0,1.0,2.0,8,72.80421840935115,72.80421840935115,pobre,0,0,1000.0,544.70099,1.0,32.0,8,283,15792,2,1.0
98,0.0,0.0,0.0,1.0,2.0,8,72.80421840935115,72.80421840935115,pobre,0,0,1000.0,544.70099,1.0,32.0,9,283,15792,2,1.0
97,1.0,0.0,0.0,1.0,0.0,8,72.80421840935115,72.80421840935115,pobre,0,0,1000.0,544.70099,1.0,32.0,6,283,15793,0,1.0
98,1.0,0.0,0.0,1.0,0.0,8,72.80421840935115,72.80421840935115,pobre,0,0,1000.0,544.70099,1.0,32.0,7,283,15793,0,1.0
97,0.0,0.0,2.539,1.0,4.0,4,104.5653940750177,332.5519712398184,no pobre,basal,5,400.0,900.0,1.0,52.0,11,483,15794,4,1.0
98,0.0,0.0,2.539,1.0,5.0,4,104.5653940750177,332.5519712398184,no pobre,basal,5,400.0,900.0,1.0,52.0,12,483,15794,4,1.0
97,0.0,0.0,2.539,1.0,0.0,4,104.5653940750177,332.5519712398184,no pobre,basal,5,400.0,900.0,1.0,52.0,8,483,15795,0,1.0
98,0.0,0.0,2.539,1.0,2.0,4,104.5653940750177,332.5519712398184,no pobre,basal,5,400.0,900.0,1.0,52.0,9,483,15795,0,1.0
97,1.0,1.0,2.539,1.0,7.0,9,104.5653940750177,332.5519712398184,pobre,basal,6,280.0,608.75,1.0,39.0,14,483,15796,7,1.0
98,1.0,1.0,2.539,1.0,8.0,9,104.5653940750177,332.5519712398184,pobre,basal,6,280.0,608.75,1.0,39.0,15,483,15796,7,1.0
97,0.0,1.0,2.539,1.0,6.0,9,104.5653940750177,332.5519712398184,pobre,basal,6,280.0,608.75,1.0,39.0,12,483,15797,6,1.0
98,0.0,1.0,2.539,1.0,7.0,9,104.5653940750177,332.5519712398184,pobre,basal,6,280.0,608.75,1.0,39.0,13,483,15797,6,1.0
97,0.0,1.0,2.539,1.0,2.0,9,104.5653940750177,332.5519712398184,pobre,basal,6,280.0,608.75,1.0,39.0,9,483,15798,2,1.0
98,0.0,1.0,2.539,1.0,3.0,9,104.5653940750177,332.5519712398184,pobre,basal,6,280.0,608.75,1.0,39.0,10,483,15798,2,1.0
97,1.0,1.0,2.539,1.0,0.0,9,104.5653940750177,332.5519712398184,pobre,basal,6,280.0,608.75,1.0,39.0,7,483,15799,0,1.0
98,1.0,1.0,2.539,1.0,1.0,9,104.5653940750177,332.5519712398184,pobre,basal,6,280.0,608.75,1.0,39.0,8,483,15799,0,1.0
97,1.0,1.0,2.539,0.0,6.0,9,104.5653940750177,332.5519712398184,pobre,basal,6,160.0,571.0,1.0,40.0,15,483,15800,6,0.0
98,1.0,1.0,2.539,0.0,6.0,9,104.5653940750177,332.5519712398184,pobre,basal,6,160.0,571.0,1.0,40.0,16,483,15800,6,0.0
97,1.0,1.0,2.539,1.0,4.0,9,104.5653940750177,332.5519712398184,pobre,basal,6,160.0,571.0,1.0,40.0,11,483,15801,4,1.0
98,1.0,1.0,2.539,1.0,5.0,9,104.5653940750177,332.5519712398184,pobre,basal,6,160.0,571.0,1.0,40.0,12,483,15801,4,1.0
97,0.0,1.0,2.539,1.0,2.0,9,104.5653940750177,332.5519712398184,pobre,basal,6,160.0,571.0,1.0,40.0,10,483,15802,2,1.0
98,0.0,1.0,2.539,1.0,3.0,9,104.5653940750177,332.5519712398184,pobre,basal,6,160.0,571.0,1.0,40.0,11,483,15802,2,1.0
97,0.0,1.0,2.539,1.0,0.0,9,104.5653940750177,332.5519712398184,pobre,basal,6,160.0,571.0,1.0,40.0,8,483,15803,0,1.0
98,0.0,1.0,2.539,1.0,1.0,9,104.5653940750177,332.5519712398184,pobre,basal,6,160.0,571.0,1.0,40.0,9,483,15803,0,1.0
97,0.0,1.0,2.539,1.0,0.0,9,104.5653940750177,332.5519712398184,pobre,basal,6,160.0,571.0,1.0,40.0,6,483,15804,0,1.0
98,0.0,1.0,2.539,1.0,0.0,9,104.5653940750177,332.5519712398184,pobre,basal,6,160.0,571.0,1.0,40.0,7,483,15804,0,1.0
97,1.0,1.0,2.539,1.0,2.0,7,104.5653940750177,332.5519712398184,pobre,basal,3,500.0,454.0,1.0,32.0,10,483,15805,2,1.0
98,1.0,1.0,2.539,1.0,2.0,7,104.5653940750177,332.5519712398184,pobre,basal,3,500.0,454.0,1.0,32.0,11,483,15805,2,1.0
97,1.0,1.0,2.539,1.0,1.0,7,104.5653940750177,332.5519712398184,pobre,basal,3,500.0,454.0,1.0,32.0,8,483,15806,1,1.0
98,1.0,1.0,2.539,1.0,2.0,7,104.5653940750177,332.5519712398184,pobre,basal,3,500.0,454.0,1.0,32.0,9,483,15806,1,1.0
97,1.0,1.0,2.539,1.0,3.0,7,104.5653940750177,332.5519712398184,pobre,basal,3,1000.0,499.04001,1.0,35.0,10,483,15807,3,1.0
98,1.0,1.0,2.539,1.0,4.0,7,104.5653940750177,332.5519712398184,pobre,basal,3,1000.0,499.04001,1.0,35.0,11,483,15807,3,1.0
97,0.0,1.0,2.539,1.0,0.0,7,104.5653940750177,332.5519712398184,pobre,basal,3,1000.0,499.04001,1.0,35.0,6,483,15808,0,1.0
98,0.0,1.0,2.539,1.0,1.0,7,104.5653940750177,332.5519712398184,pobre,basal,3,1000.0,499.04001,1.0,35.0,7,483,15808,0,1.0
97,1.0,1.0,2.539,0.0,6.0,8,104.5653940750177,332.5519712398184,pobre,basal,3,375.0,524.0,1.0,43.0,15,483,15809,6,0.0
98,1.0,1.0,2.539,,,8,104.5653940750177,332.5519712398184,pobre,basal,3,375.0,524.0,1.0,43.0,16,483,15809,6,0.0
97,1.0,1.0,2.539,1.0,4.0,8,104.5653940750177,332.5519712398184,pobre,basal,3,375.0,524.0,1.0,43.0,12,483,15810,4,1.0
98,1.0,1.0,2.539,1.0,5.0,8,104.5653940750177,332.5519712398184,pobre,basal,3,375.0,524.0,1.0,43.0,13,483,15810,4,1.0
97,0.0,1.0,2.539,1.0,3.0,8,104.5653940750177,332.5519712398184,pobre,basal,3,375.0,524.0,1.0,43.0,9,483,15811,3,1.0
98,0.0,1.0,2.539,1.0,4.0,8,104.5653940750177,332.5519712398184,pobre,basal,3,375.0,524.0,1.0,43.0,10,483,15811,3,1.0
97,0.0,1.0,2.539,1.0,0.0,8,104.5653940750177,332.5519712398184,pobre,basal,3,375.0,524.0,1.0,43.0,6,483,15812,0,1.0
98,0.0,1.0,2.539,1.0,1.0,8,104.5653940750177,332.5519712398184,pobre,basal,3,375.0,524.0,1.0,43.0,7,483,15812,0,1.0
97,1.0,1.0,2.539,1.0,8.0,4,104.5653940750177,332.5519712398184,pobre,basal,0,500.0,615.0,1.0,56.0,15,483,15813,8,1.0
98,1.0,1.0,2.539,,,4,104.5653940750177,332.5519712398184,pobre,basal,0,500.0,615.0,1.0,56.0,16,483,15813,8,1.0
97,1.0,1.0,2.539,1.0,7.0,4,104.5653940750177,332.5519712398184,pobre,basal,0,500.0,615.0,1.0,56.0,13,483,15814,7,1.0
98,1.0,1.0,2.539,1.0,8.0,4,104.5653940750177,332.5519712398184,pobre,basal,0,500.0,615.0,1.0,56.0,14,483,15814,7,1.0
97,1.0,1.0,2.539,1.0,8.0,4,104.5653940750177,332.5519712398184,pobre,basal,0,192.0,701.0,0.0,52.0,16,483,15815,8,1.0
98,1.0,1.0,2.539,,,4,104.5653940750177,332.5519712398184,pobre,basal,0,192.0,701.0,0.0,52.0,17,483,15815,8,1.0
97,1.0,1.0,2.539,1.0,7.0,6,104.5653940750177,332.5519712398184,pobre,basal,6,500.0,677.0,1.0,53.0,14,483,15816,7,1.0
98,1.0,1.0,2.539,1.0,8.0,6,104.5653940750177,332.5519712398184,pobre,basal,6,500.0,677.0,1.0,53.0,15,483,15816,7,1.0
97,0.0,1.0,2.539,1.0,3.0,6,104.5653940750177,332.5519712398184,pobre,basal,6,500.0,677.0,1.0,53.0,12,483,15817,3,1.0
98,0.0,1.0,2.539,1.0,4.0,6,104.5653940750177,332.5519712398184,pobre,basal,6,500.0,677.0,1.0,53.0,13,483,15817,3,1.0
97,0.0,1.0,2.539,1.0,3.0,6,104.5653940750177,332.5519712398184,pobre,basal,6,500.0,677.0,1.0,53.0,10,483,15818,3,1.0
98,0.0,1.0,2.539,1.0,4.0,6,104.5653940750177,332.5519712398184,pobre,basal,6,500.0,677.0,1.0,53.0,11,483,15818,3,1.0
97,1.0,1.0,2.539,1.0,1.0,6,104.5653940750177,332.5519712398184,pobre,basal,6,500.0,677.0,1.0,53.0,8,483,15819,1,1.0
98,1.0,1.0,2.539,1.0,2.0,6,104.5653940750177,332.5519712398184,pobre,basal,6,500.0,677.0,1.0,53.0,9,483,15819,1,1.0
97,0.0,1.0,2.539,0.0,6.0,4,104.5653940750177,332.5519712398184,pobre,basal,1,375.0,609.0,1.0,60.0,12,483,15820,6,0.0
98,0.0,1.0,2.539,0.0,6.0,4,104.5653940750177,332.5519712398184,pobre,basal,1,375.0,609.0,1.0,60.0,13,483,15820,6,0.0
97,0.0,1.0,2.539,0.0,6.0,4,104.5653940750177,332.5519712398184,pobre,basal,1,375.0,609.0,1.0,60.0,15,483,15821,6,0.0
98,0.0,1.0,2.539,0.0,6.0,4,104.5653940750177,332.5519712398184,pobre,basal,1,375.0,609.0,1.0,60.0,16,483,15821,6,0.0
97,1.0,1.0,2.539,1.0,7.0,10,104.5653940750177,332.5519712398184,pobre,basal,6,375.0,543.0,1.0,36.0,14,483,15822,7,1.0
98,1.0,1.0,2.539,1.0,8.0,10,104.5653940750177,332.5519712398184,pobre,basal,6,375.0,543.0,1.0,36.0,15,483,15822,7,1.0
97,1.0,1.0,2.539,1.0,6.0,10,104.5653940750177,332.5519712398184,pobre,basal,6,375.0,543.0,1.0,36.0,13,483,15823,6,1.0
98,1.0,1.0,2.539,1.0,7.0,10,104.5653940750177,332.5519712398184,pobre,basal,6,375.0,543.0,1.0,36.0,14,483,15823,6,1.0
97,0.0,1.0,2.539,1.0,2.0,10,104.5653940750177,332.5519712398184,pobre,basal,6,375.0,543.0,1.0,36.0,10,483,15824,2,1.0
98,0.0,1.0,2.539,1.0,3.0,10,104.5653940750177,332.5519712398184,pobre,basal,6,375.0,543.0,1.0,36.0,11,483,15824,2,1.0
97,0.0,1.0,2.539,1.0,2.0,10,104.5653940750177,332.5519712398184,pobre,basal,6,375.0,543.0,1.0,36.0,8,483,15825,2,1.0
98,0.0,1.0,2.539,1.0,3.0,10,104.5653940750177,332.5519712398184,pobre,basal,6,375.0,543.0,1.0,36.0,9,483,15825,2,1.0
97,1.0,1.0,2.539,1.0,0.0,10,104.5653940750177,332.5519712398184,pobre,basal,6,375.0,543.0,1.0,36.0,6,483,15826,0,1.0
98,1.0,1.0,2.539,1.0,1.0,10,104.5653940750177,332.5519712398184,pobre,basal,6,375.0,543.0,1.0,36.0,7,483,15826,0,1.0
97,1.0,1.0,2.539,0.0,6.0,8,104.5653940750177,332.5519712398184,pobre,basal,1,800.0,555.0,1.0,48.0,15,483,15827,6,0.0
98,1.0,1.0,2.539,0.0,6.0,8,104.5653940750177,332.5519712398184,pobre,basal,1,800.0,555.0,1.0,48.0,16,483,15827,6,0.0
97,0.0,1.0,2.539,1.0,8.0,8,104.5653940750177,332.5519712398184,pobre,basal,1,800.0,555.0,1.0,48.0,14,483,15828,8,1.0
98,0.0,1.0,2.539,1.0,9.0,8,104.5653940750177,332.5519712398184,pobre,basal,1,800.0,555.0,1.0,48.0,15,483,15828,8,1.0
97,0.0,1.0,2.539,1.0,4.0,8,104.5653940750177,332.5519712398184,pobre,basal,1,800.0,555.0,1.0,48.0,10,483,15829,4,1.0
98,0.0,1.0,2.539,1.0,4.0,8,104.5653940750177,332.5519712398184,pobre,basal,1,800.0,555.0,1.0,48.0,11,483,15829,4,1.0
97,1.0,1.0,2.539,1.0,1.0,8,104.5653940750177,332.5519712398184,pobre,basal,1,800.0,555.0,1.0,48.0,7,483,15830,1,1.0
98,1.0,1.0,2.539,1.0,2.0,8,104.5653940750177,332.5519712398184,pobre,basal,1,800.0,555.0,1.0,48.0,8,483,15830,1,1.0
97,1.0,1.0,2.539,1.0,3.0,5,104.5653940750177,332.5519712398184,pobre,basal,4,375.0,547.0,1.0,33.0,10,483,15831,3,1.0
98,1.0,1.0,2.539,1.0,4.0,5,104.5653940750177,332.5519712398184,pobre,basal,4,375.0,547.0,1.0,33.0,11,483,15831,3,1.0
97,0.0,1.0,2.539,1.0,1.0,5,104.5653940750177,332.5519712398184,pobre,basal,4,375.0,547.0,1.0,33.0,7,483,15832,1,1.0
98,0.0,1.0,2.539,1.0,2.0,5,104.5653940750177,332.5519712398184,pobre,basal,4,375.0,547.0,1.0,33.0,8,483,15832,1,1.0
97,0.0,1.0,2.539,0.0,6.0,8,104.5653940750177,332.5519712398184,pobre,basal,2,240.0,768.0,1.0,51.0,15,483,15833,6,0.0
98,0.0,1.0,2.539,,,8,104.5653940750177,332.5519712398184,pobre,basal,2,240.0,768.0,1.0,51.0,16,483,15833,6,0.0
97,1.0,1.0,2.539,1.0,6.0,8,104.5653940750177,332.5519712398184,pobre,basal,2,240.0,768.0,1.0,51.0,13,483,15834,6,1.0
98,1.0,1.0,2.539,1.0,7.0,8,104.5653940750177,332.5519712398184,pobre,basal,2,240.0,768.0,1.0,51.0,14,483,15834,6,1.0
97,1.0,1.0,2.539,1.0,4.0,8,104.5653940750177,332.5519712398184,pobre,basal,2,240.0,768.0,1.0,51.0,10,483,15835,4,1.0
98,1.0,1.0,2.539,1.0,5.0,8,104.5653940750177,332.5519712398184,pobre,basal,2,240.0,768.0,1.0,51.0,11,483,15835,4,1.0
97,0.0,1.0,2.539,1.0,8.0,4,104.5653940750177,332.5519712398184,no pobre,basal,0,0.0,902.0,1.0,73.0,16,483,15836,8,1.0
98,0.0,1.0,2.539,,,4,104.5653940750177,332.5519712398184,no pobre,basal,0,0.0,902.0,1.0,73.0,17,483,15836,8,1.0
97,0.0,1.0,2.539,1.0,0.0,4,104.5653940750177,332.5519712398184,pobre,basal,6,375.0,646.0,1.0,27.0,6,483,15837,0,1.0
98,0.0,1.0,2.539,1.0,1.0,4,104.5653940750177,332.5519712398184,pobre,basal,6,375.0,646.0,1.0,27.0,7,483,15837,0,1.0
97,0.0,1.0,2.539,1.0,8.0,6,104.5653940750177,332.5519712398184,no pobre,basal,5,240.0,845.5,1.0,53.0,16,483,15838,8,1.0
98,0.0,1.0,2.539,,,6,104.5653940750177,332.5519712398184,no pobre,basal,5,240.0,845.5,1.0,53.0,17,483,15838,8,1.0
97,0.0,1.0,2.539,1.0,8.0,6,104.5653940750177,332.5519712398184,no pobre,basal,5,240.0,845.5,1.0,53.0,12,483,15839,8,1.0
98,0.0,1.0,2.539,1.0,7.0,6,104.5653940750177,332.5519712398184,no pobre,basal,5,240.0,845.5,1.0,53.0,13,483,15839,8,1.0
97,1.0,1.0,2.539,1.0,5.0,8,104.5653940750177,332.5519712398184,pobre,basal,0,120.0,624.0,1.0,53.0,11,483,15840,5,1.0
98,1.0,1.0,2.539,1.0,6.0,8,104.5653940750177,332.5519712398184,pobre,basal,0,120.0,624.0,1.0,53.0,12,483,15840,5,1.0
97,1.0,1.0,2.539,1.0,3.0,8,104.5653940750177,332.5519712398184,pobre,basal,0,120.0,624.0,1.0,53.0,10,483,15841,3,1.0
98,1.0,1.0,2.539,1.0,4.0,8,104.5653940750177,332.5519712398184,pobre,basal,0,120.0,624.0,1.0,53.0,11,483,15841,3,1.0
97,1.0,1.0,2.539,1.0,1.0,8,104.5653940750177,332.5519712398184,pobre,basal,0,120.0,624.0,1.0,53.0,7,483,15842,1,1.0
98,1.0,1.0,2.539,1.0,2.0,8,104.5653940750177,332.5519712398184,pobre,basal,0,120.0,624.0,1.0,53.0,8,483,15842,1,1.0
97,1.0,1.0,2.539,1.0,3.0,8,104.5653940750177,332.5519712398184,pobre,basal,0,120.0,624.0,1.0,53.0,9,483,15843,3,1.0
98,1.0,1.0,2.539,1.0,4.0,8,104.5653940750177,332.5519712398184,pobre,basal,0,120.0,624.0,1.0,53.0,10,483,15843,3,1.0
97,0.0,1.0,2.539,1.0,0.0,8,104.5653940750177,332.5519712398184,pobre,basal,0,120.0,624.0,1.0,53.0,6,483,15844,0,1.0
98,0.0,1.0,2.539,1.0,1.0,8,104.5653940750177,332.5519712398184,pobre,basal,0,120.0,624.0,1.0,53.0,7,483,15844,0,1.0
97,1.0,1.0,2.539,1.0,9.0,6,104.5653940750177,332.5519712398184,pobre,basal,4,200.0,799.0,1.0,43.0,15,483,15845,9,1.0
98,1.0,1.0,2.539,1.0,10.0,6,104.5653940750177,332.5519712398184,pobre,basal,4,200.0,799.0,1.0,43.0,16,483,15845,9,1.0
97,0.0,1.0,2.539,1.0,6.0,6,104.5653940750177,332.5519712398184,pobre,basal,4,200.0,799.0,1.0,43.0,12,483,15846,6,1.0
98,0.0,1.0,2.539,1.0,7.0,6,104.5653940750177,332.5519712398184,pobre,basal,4,200.0,799.0,1.0,43.0,13,483,15846,6,1.0
97,0.0,1.0,2.539,1.0,0.0,5,104.5653940750177,332.5519712398184,pobre,basal,6,500.0,533.0,1.0,34.0,6,483,15847,0,1.0
98,0.0,1.0,2.539,1.0,1.0,5,104.5653940750177,332.5519712398184,pobre,basal,6,500.0,533.0,1.0,34.0,7,483,15847,0,1.0
97,1.0,1.0,2.539,1.0,1.0,9,104.5653940750177,332.5519712398184,no pobre,basal,6,120.0,816.0,1.0,53.0,9,483,15848,1,1.0
98,1.0,1.0,2.539,1.0,2.0,9,104.5653940750177,332.5519712398184,no pobre,basal,6,120.0,816.0,1.0,53.0,10,483,15848,1,1.0
97,0.0,0.0,2.539,0.0,9.0,6,104.5653940750177,332.5519712398184,pobre,basal,6,600.0,701.0,1.0,36.0,16,483,15849,9,0.0
98,0.0,0.0,2.539,,,6,104.5653940750177,332.5519712398184,pobre,basal,6,600.0,701.0,1.0,36.0,17,483,15849,9,0.0
97,1.0,0.0,2.539,1.0,6.0,6,104.5653940750177,332.5519712398184,pobre,basal,6,600.0,701.0,1.0,36.0,12,483,15850,6,1.0
98,1.0,0.0,2.539,1.0,7.0,6,104.5653940750177,332.5519712398184,pobre,basal,6,600.0,701.0,1.0,36.0,13,483,15850,6,1.0
97,0.0,1.0,2.539,1.0,4.0,6,104.5653940750177,332.5519712398184,pobre,basal,6,600.0,701.0,1.0,36.0,10,483,15851,4,1.0
98,0.0,1.0,2.539,1.0,5.0,6,104.5653940750177,332.5519712398184,pobre,basal,6,600.0,701.0,1.0,36.0,11,483,15851,4,1.0
97,1.0,1.0,2.539,1.0,6.0,3,104.5653940750177,332.5519712398184,no pobre,basal,6,600.0,869.0,1.0,59.0,12,483,15852,6,1.0
98,1.0,1.0,2.539,1.0,7.0,3,104.5653940750177,332.5519712398184,no pobre,basal,6,600.0,869.0,1.0,59.0,13,483,15852,6,1.0
97,0.0,1.0,2.539,1.0,7.0,4,104.5653940750177,332.5519712398184,no pobre,basal,5,300.0,937.0,1.0,46.0,12,483,15853,7,1.0
98,0.0,1.0,2.539,1.0,7.0,4,104.5653940750177,332.5519712398184,no pobre,basal,5,300.0,937.0,1.0,46.0,13,483,15853,7,1.0
97,1.0,1.0,2.539,1.0,7.0,4,104.5653940750177,332.5519712398184,no pobre,basal,5,300.0,937.0,1.0,46.0,12,483,15854,7,1.0
98,1.0,1.0,2.539,1.0,7.0,4,104.5653940750177,332.5519712398184,no pobre,basal,5,300.0,937.0,1.0,46.0,13,483,15854,7,1.0
97,0.0,1.0,2.539,0.0,6.0,4,104.5653940750177,332.5519712398184,pobre,basal,0,200.0,781.0,1.0,60.0,15,483,15855,6,0.0
98,0.0,1.0,2.539,0.0,6.0,4,104.5653940750177,332.5519712398184,pobre,basal,0,200.0,781.0,1.0,60.0,16,483,15855,6,0.0
97,0.0,1.0,2.539,1.0,3.0,4,104.5653940750177,332.5519712398184,pobre,basal,0,200.0,781.0,1.0,60.0,10,483,15856,3,1.0
98,0.0,1.0,2.539,1.0,3.0,4,104.5653940750177,332.5519712398184,pobre,basal,0,200.0,781.0,1.0,60.0,11,483,15856,3,1.0
97,1.0,1.0,2.539,1.0,2.0,5,104.5653940750177,332.5519712398184,pobre,basal,6,500.0,648.0,1.0,29.0,10,483,15857,2,1.0
98,1.0,1.0,2.539,1.0,3.0,5,104.5653940750177,332.5519712398184,pobre,basal,6,500.0,648.0,1.0,29.0,11,483,15857,2,1.0
97,0.0,1.0,2.539,1.0,2.0,5,104.5653940750177,332.5519712398184,pobre,basal,6,500.0,648.0,1.0,29.0,8,483,15858,2,1.0
98,0.0,1.0,2.539,1.0,3.0,5,104.5653940750177,332.5519712398184,pobre,basal,6,500.0,648.0,1.0,29.0,9,483,15858,2,1.0
97,1.0,1.0,2.539,1.0,2.0,6,104.5653940750177,332.5519712398184,pobre,basal,5,500.0,493.0,1.0,31.0,10,483,15859,2,1.0
98,1.0,1.0,2.539,1.0,3.0,6,104.5653940750177,332.5519712398184,pobre,basal,5,500.0,493.0,1.0,31.0,11,483,15859,2,1.0
97,0.0,1.0,2.539,1.0,1.0,6,104.5653940750177,332.5519712398184,pobre,basal,5,500.0,493.0,1.0,31.0,8,483,15860,1,1.0
98,0.0,1.0,2.539,1.0,2.0,6,104.5653940750177,332.5519712398184,pobre,basal,5,500.0,493.0,1.0,31.0,9,483,15860,1,1.0
97,0.0,1.0,2.539,1.0,0.0,6,104.5653940750177,332.5519712398184,pobre,basal,5,500.0,493.0,1.0,31.0,6,483,15861,0,1.0
98,0.0,1.0,2.539,1.0,1.0,6,104.5653940750177,332.5519712398184,pobre,basal,5,500.0,493.0,1.0,31.0,7,483,15861,0,1.0
97,1.0,1.0,2.539,1.0,5.0,4,104.5653940750177,332.5519712398184,no pobre,basal,8,600.0,785.0,0.0,55.0,11,483,15862,5,1.0
98,1.0,1.0,2.539,1.0,5.0,4,104.5653940750177,332.5519712398184,no pobre,basal,8,600.0,785.0,0.0,55.0,12,483,15862,5,1.0
97,1.0,0.0,3.737,0.0,6.0,6,79.32525308118672,79.32525308118672,pobre,basal,4,1000.0,839.0,1.0,45.0,12,294,15863,6,0.0
98,1.0,0.0,3.737,0.0,6.0,6,79.32525308118672,79.32525308118672,pobre,basal,4,1000.0,839.0,1.0,45.0,13,294,15863,6,0.0
97,0.0,0.0,3.737,,0.0,6,79.32525308118672,79.32525308118672,pobre,basal,4,1000.0,839.0,1.0,45.0,7,294,15864,0,
98,0.0,0.0,3.737,1.0,2.0,6,79.32525308118672,79.32525308118672,pobre,basal,4,1000.0,839.0,1.0,45.0,8,294,15864,0,
97,0.0,1.0,2.539,0.0,5.0,7,104.5653940750177,332.5519712398184,pobre,basal,2,240.0,768.5,1.0,58.0,15,483,15865,5,0.0
98,0.0,1.0,2.539,,,7,104.5653940750177,332.5519712398184,pobre,basal,2,240.0,768.5,1.0,58.0,16,483,15865,5,0.0
97,1.0,1.0,2.539,0.0,6.0,6,104.5653940750177,332.5519712398184,pobre,basal,3,180.0,703.12,1.0,57.0,14,483,15866,6,0.0
98,1.0,1.0,2.539,1.0,6.0,6,104.5653940750177,332.5519712398184,pobre,basal,3,180.0,703.12,1.0,57.0,15,483,15866,6,0.0
97,0.0,1.0,2.539,1.0,5.0,6,104.5653940750177,332.5519712398184,pobre,basal,3,180.0,703.12,1.0,57.0,12,483,15867,5,1.0
98,0.0,1.0,2.539,1.0,6.0,6,104.5653940750177,332.5519712398184,pobre,basal,3,180.0,703.12,1.0,57.0,13,483,15867,5,1.0
97,0.0,1.0,2.539,1.0,8.0,4,104.5653940750177,332.5519712398184,no pobre,basal,6,0.0,859.0,1.0,50.0,14,483,15868,8,1.0
98,0.0,1.0,2.539,1.0,9.0,4,104.5653940750177,332.5519712398184,no pobre,basal,6,0.0,859.0,1.0,50.0,15,483,15868,8,1.0
97,0.0,1.0,2.539,1.0,5.0,4,104.5653940750177,332.5519712398184,no pobre,basal,6,0.0,859.0,1.0,50.0,11,483,15869,5,1.0
98,0.0,1.0,2.539,1.0,6.0,4,104.5653940750177,332.5519712398184,no pobre,basal,6,0.0,859.0,1.0,50.0,12,483,15869,5,1.0
97,0.0,1.0,2.539,1.0,4.0,4,104.5653940750177,332.5519712398184,pobre,basal,2,80.0,724.0,0.0,40.0,12,483,15870,4,1.0
98,0.0,1.0,2.539,,,4,104.5653940750177,332.5519712398184,pobre,basal,2,80.0,724.0,0.0,40.0,13,483,15870,4,1.0
97,0.0,0.0,3.737,1.0,2.0,7,79.32525308118672,79.32525308118672,pobre,basal,6,1500.0,619.0,1.0,34.0,8,294,15871,2,1.0
98,0.0,0.0,3.737,1.0,3.0,7,79.32525308118672,79.32525308118672,pobre,basal,6,1500.0,619.0,1.0,34.0,9,294,15871,2,1.0
97,0.0,0.0,3.737,1.0,0.0,7,79.32525308118672,79.32525308118672,pobre,basal,6,1500.0,619.0,1.0,34.0,6,294,15872,0,1.0
98,0.0,0.0,3.737,1.0,1.0,7,79.32525308118672,79.32525308118672,pobre,basal,6,1500.0,619.0,1.0,34.0,7,294,15872,0,1.0
97,1.0,1.0,2.539,1.0,6.0,3,104.5653940750177,332.5519712398184,pobre,basal,0,400.0,645.0,1.0,53.0,11,483,15873,6,1.0
98,1.0,1.0,2.539,1.0,7.0,3,104.5653940750177,332.5519712398184,pobre,basal,0,400.0,645.0,1.0,53.0,12,483,15873,6,1.0
97,1.0,1.0,2.539,1.0,1.0,6,104.5653940750177,332.5519712398184,pobre,basal,0,375.0,592.0,1.0,34.0,7,483,15874,1,1.0
98,1.0,1.0,2.539,1.0,2.0,6,104.5653940750177,332.5519712398184,pobre,basal,0,375.0,592.0,1.0,34.0,8,483,15874,1,1.0
97,0.0,1.0,2.539,1.0,6.0,8,104.5653940750177,332.5519712398184,pobre,basal,2,375.0,463.0,1.0,42.0,14,483,15875,6,1.0
98,0.0,1.0,2.539,1.0,7.0,8,104.5653940750177,332.5519712398184,pobre,basal,2,375.0,463.0,1.0,42.0,15,483,15875,6,1.0
97,0.0,1.0,2.539,1.0,3.0,8,104.5653940750177,332.5519712398184,pobre,basal,2,375.0,463.0,1.0,42.0,10,483,15876,3,1.0
98,0.0,1.0,2.539,1.0,4.0,8,104.5653940750177,332.5519712398184,pobre,basal,2,375.0,463.0,1.0,42.0,11,483,15876,3,1.0
97,0.0,1.0,2.539,1.0,2.0,8,104.5653940750177,332.5519712398184,pobre,basal,2,375.0,463.0,1.0,42.0,8,483,15877,2,1.0
98,0.0,1.0,2.539,1.0,3.0,8,104.5653940750177,332.5519712398184,pobre,basal,2,375.0,463.0,1.0,42.0,9,483,15877,2,1.0
97,0.0,1.0,2.539,,0.0,8,104.5653940750177,332.5519712398184,pobre,basal,2,375.0,463.0,1.0,42.0,6,483,15878,0,
98,0.0,1.0,2.539,1.0,1.0,8,104.5653940750177,332.5519712398184,pobre,basal,2,375.0,463.0,1.0,42.0,7,483,15878,0,
97,0.0,1.0,2.539,1.0,7.0,5,104.5653940750177,332.5519712398184,pobre,basal,4,291.66666,675.5,1.0,50.0,13,483,15879,7,1.0
98,0.0,1.0,2.539,1.0,8.0,5,104.5653940750177,332.5519712398184,pobre,basal,4,291.66666,675.5,1.0,50.0,14,483,15879,7,1.0
97,1.0,1.0,2.539,0.0,9.0,6,104.5653940750177,332.5519712398184,pobre,basal,3,375.0,646.0,1.0,38.0,16,483,15880,9,0.0
98,1.0,1.0,2.539,,,6,104.5653940750177,332.5519712398184,pobre,basal,3,375.0,646.0,1.0,38.0,17,483,15880,9,0.0
97,0.0,1.0,2.539,1.0,6.0,6,104.5653940750177,332.5519712398184,pobre,basal,3,375.0,646.0,1.0,38.0,14,483,15881,6,1.0
98,0.0,1.0,2.539,,,6,104.5653940750177,332.5519712398184,pobre,basal,3,375.0,646.0,1.0,38.0,15,483,15881,6,1.0
97,0.0,1.0,2.539,1.0,4.0,6,104.5653940750177,332.5519712398184,pobre,basal,3,375.0,646.0,1.0,38.0,12,483,15882,4,1.0
98,0.0,1.0,2.539,1.0,5.0,6,104.5653940750177,332.5519712398184,pobre,basal,3,375.0,646.0,1.0,38.0,13,483,15882,4,1.0
97,1.0,1.0,2.539,0.0,6.0,10,104.5653940750177,332.5519712398184,pobre,basal,2,375.0,696.0,1.0,49.0,16,483,15883,6,0.0
98,1.0,1.0,2.539,,,10,104.5653940750177,332.5519712398184,pobre,basal,2,375.0,696.0,1.0,49.0,17,483,15883,6,0.0
97,0.0,1.0,2.539,0.0,6.0,10,104.5653940750177,332.5519712398184,pobre,basal,2,375.0,696.0,1.0,49.0,15,483,15884,6,0.0
98,0.0,1.0,2.539,1.0,7.0,10,104.5653940750177,332.5519712398184,pobre,basal,2,375.0,696.0,1.0,49.0,16,483,15884,6,0.0
97,1.0,1.0,2.539,1.0,5.0,10,104.5653940750177,332.5519712398184,pobre,basal,2,375.0,696.0,1.0,49.0,12,483,15885,5,1.0
98,1.0,1.0,2.539,1.0,6.0,10,104.5653940750177,332.5519712398184,pobre,basal,2,375.0,696.0,1.0,49.0,13,483,15885,5,1.0
97,0.0,1.0,2.539,1.0,4.0,10,104.5653940750177,332.5519712398184,pobre,basal,2,375.0,696.0,1.0,49.0,10,483,15886,4,1.0
98,0.0,1.0,2.539,1.0,5.0,10,104.5653940750177,332.5519712398184,pobre,basal,2,375.0,696.0,1.0,49.0,11,483,15886,4,1.0
97,1.0,1.0,2.539,1.0,2.0,10,104.5653940750177,332.5519712398184,pobre,basal,2,375.0,696.0,1.0,49.0,8,483,15887,2,1.0
98,1.0,1.0,2.539,1.0,3.0,10,104.5653940750177,332.5519712398184,pobre,basal,2,375.0,696.0,1.0,49.0,9,483,15887,2,1.0
97,1.0,1.0,2.539,1.0,7.0,5,104.5653940750177,332.5519712398184,pobre,basal,2,450.0,786.5,1.0,51.0,13,483,15888,7,1.0
98,1.0,1.0,2.539,1.0,7.0,5,104.5653940750177,332.5519712398184,pobre,basal,2,450.0,786.5,1.0,51.0,14,483,15888,7,1.0
97,1.0,1.0,2.539,0.0,3.0,5,104.5653940750177,332.5519712398184,pobre,basal,2,450.0,786.5,1.0,51.0,10,483,15889,3,0.0
98,1.0,1.0,2.539,1.0,5.0,5,104.5653940750177,332.5519712398184,pobre,basal,2,450.0,786.5,1.0,51.0,11,483,15889,3,0.0
97,0.0,1.0,2.539,1.0,11.0,4,104.5653940750177,332.5519712398184,pobre,basal,6,1600.0,734.0,1.0,48.0,16,483,15890,11,1.0
98,0.0,1.0,2.539,,,4,104.5653940750177,332.5519712398184,pobre,basal,6,1600.0,734.0,1.0,48.0,17,483,15890,11,1.0
97,1.0,1.0,2.539,1.0,7.0,4,104.5653940750177,332.5519712398184,pobre,basal,6,1600.0,734.0,1.0,48.0,12,483,15891,7,1.0
98,1.0,1.0,2.539,1.0,8.0,4,104.5653940750177,332.5519712398184,pobre,basal,6,1600.0,734.0,1.0,48.0,13,483,15891,7,1.0
97,1.0,1.0,2.539,1.0,7.0,5,104.5653940750177,332.5519712398184,no pobre,basal,6,450.0,793.5,1.0,53.0,16,483,15892,7,1.0
98,1.0,1.0,2.539,,,5,104.5653940750177,332.5519712398184,no pobre,basal,6,450.0,793.5,1.0,53.0,17,483,15892,7,1.0
97,0.0,1.0,2.539,1.0,6.0,5,104.5653940750177,332.5519712398184,no pobre,basal,6,450.0,793.5,1.0,53.0,14,483,15893,6,1.0
98,0.0,1.0,2.539,1.0,7.0,5,104.5653940750177,332.5519712398184,no pobre,basal,6,450.0,793.5,1.0,53.0,15,483,15893,6,1.0
97,1.0,1.0,2.539,1.0,4.0,5,104.5653940750177,332.5519712398184,no pobre,basal,6,450.0,793.5,1.0,53.0,9,483,15894,4,1.0
98,1.0,1.0,2.539,1.0,5.0,5,104.5653940750177,332.5519712398184,no pobre,basal,6,450.0,793.5,1.0,53.0,10,483,15894,4,1.0
97,0.0,1.0,2.539,0.0,6.0,6,104.5653940750177,332.5519712398184,pobre,basal,2,500.0,621.0,1.0,45.0,14,483,15895,6,0.0
98,0.0,1.0,2.539,0.0,6.0,6,104.5653940750177,332.5519712398184,pobre,basal,2,500.0,621.0,1.0,45.0,15,483,15895,6,0.0
97,1.0,1.0,2.539,1.0,4.0,6,104.5653940750177,332.5519712398184,pobre,basal,2,500.0,621.0,1.0,45.0,9,483,15896,4,1.0
98,1.0,1.0,2.539,1.0,5.0,6,104.5653940750177,332.5519712398184,pobre,basal,2,500.0,621.0,1.0,45.0,10,483,15896,4,1.0
97,0.0,1.0,2.539,1.0,2.0,6,104.5653940750177,332.5519712398184,pobre,basal,2,500.0,621.0,1.0,45.0,8,483,15897,2,1.0
98,0.0,1.0,2.539,1.0,3.0,6,104.5653940750177,332.5519712398184,pobre,basal,2,500.0,621.0,1.0,45.0,9,483,15897,2,1.0
97,0.0,1.0,2.539,0.0,6.0,6,104.5653940750177,332.5519712398184,no pobre,basal,2,450.0,806.0,1.0,53.0,15,483,15898,6,0.0
98,0.0,1.0,2.539,0.0,6.0,6,104.5653940750177,332.5519712398184,no pobre,basal,2,450.0,806.0,1.0,53.0,16,483,15898,6,0.0
97,1.0,1.0,2.539,1.0,6.0,6,104.5653940750177,332.5519712398184,no pobre,basal,2,450.0,806.0,1.0,53.0,13,483,15899,6,1.0
98,1.0,1.0,2.539,1.0,7.0,6,104.5653940750177,332.5519712398184,no pobre,basal,2,450.0,806.0,1.0,53.0,14,483,15899,6,1.0
97,1.0,1.0,2.539,1.0,3.0,6,104.5653940750177,332.5519712398184,no pobre,basal,2,450.0,806.0,1.0,53.0,10,483,15900,3,1.0
98,1.0,1.0,2.539,1.0,5.0,6,104.5653940750177,332.5519712398184,no pobre,basal,2,450.0,806.0,1.0,53.0,11,483,15900,3,1.0
97,0.0,1.0,2.539,0.0,6.0,6,104.5653940750177,332.5519712398184,pobre,basal,0,450.0,656.0,1.0,55.0,13,483,15901,6,0.0
98,0.0,1.0,2.539,0.0,6.0,6,104.5653940750177,332.5519712398184,pobre,basal,0,450.0,656.0,1.0,55.0,14,483,15901,6,0.0
97,1.0,1.0,2.539,1.0,6.0,2,104.5653940750177,332.5519712398184,pobre,basal,0,450.0,674.0,1.0,61.0,14,483,15902,6,1.0
98,1.0,1.0,2.539,1.0,7.0,2,104.5653940750177,332.5519712398184,pobre,basal,0,450.0,674.0,1.0,61.0,15,483,15902,6,1.0
97,1.0,1.0,2.539,1.0,6.0,6,104.5653940750177,332.5519712398184,pobre,basal,6,500.0,536.0,1.0,41.0,16,483,15903,6,1.0
98,1.0,1.0,2.539,1.0,7.0,6,104.5653940750177,332.5519712398184,pobre,basal,6,500.0,536.0,1.0,41.0,17,483,15903,6,1.0
97,1.0,1.0,2.539,1.0,6.0,6,104.5653940750177,332.5519712398184,pobre,basal,6,500.0,536.0,1.0,41.0,14,483,15904,6,1.0
98,1.0,1.0,2.539,1.0,7.0,6,104.5653940750177,332.5519712398184,pobre,basal,6,500.0,536.0,1.0,41.0,15,483,15904,6,1.0
97,1.0,1.0,2.539,1.0,5.0,6,104.5653940750177,332.5519712398184,pobre,basal,6,500.0,536.0,1.0,41.0,10,483,15905,5,1.0
98,1.0,1.0,2.539,1.0,6.0,6,104.5653940750177,332.5519712398184,pobre,basal,6,500.0,536.0,1.0,41.0,11,483,15905,5,1.0
97,0.0,1.0,2.539,1.0,4.0,4,104.5653940750177,332.5519712398184,pobre,basal,0,450.0,693.0,1.0,61.0,10,483,15906,4,1.0
98,0.0,1.0,2.539,1.0,5.0,4,104.5653940750177,332.5519712398184,pobre,basal,0,450.0,693.0,1.0,61.0,11,483,15906,4,1.0
97,1.0,1.0,2.539,1.0,6.0,3,104.5653940750177,332.5519712398184,pobre,basal,0,500.0,697.5,1.0,45.0,13,483,15907,6,1.0
98,1.0,1.0,2.539,1.0,7.0,3,104.5653940750177,332.5519712398184,pobre,basal,0,500.0,697.5,1.0,45.0,14,483,15907,6,1.0
97,1.0,1.0,2.539,1.0,3.0,4,104.5653940750177,332.5519712398184,pobre,basal,5,375.0,570.0,1.0,34.0,10,483,15908,3,1.0
98,1.0,1.0,2.539,1.0,4.0,4,104.5653940750177,332.5519712398184,pobre,basal,5,375.0,570.0,1.0,34.0,11,483,15908,3,1.0
97,0.0,1.0,2.539,1.0,0.0,4,104.5653940750177,332.5519712398184,pobre,basal,5,375.0,570.0,1.0,34.0,6,483,15909,0,1.0
98,0.0,1.0,2.539,1.0,1.0,4,104.5653940750177,332.5519712398184,pobre,basal,5,375.0,570.0,1.0,34.0,7,483,15909,0,1.0
97,0.0,1.0,2.539,0.0,6.0,9,104.5653940750177,332.5519712398184,pobre,basal,0,500.0,677.59998,1.0,54.0,15,483,15910,6,0.0
98,0.0,1.0,2.539,0.0,6.0,9,104.5653940750177,332.5519712398184,pobre,basal,0,500.0,677.59998,1.0,54.0,16,483,15910,6,0.0
97,0.0,1.0,2.539,0.0,6.0,9,104.5653940750177,332.5519712398184,pobre,basal,0,500.0,677.59998,1.0,54.0,13,483,15911,6,0.0
98,0.0,1.0,2.539,1.0,7.0,9,104.5653940750177,332.5519712398184,pobre,basal,0,500.0,677.59998,1.0,54.0,14,483,15911,6,0.0
97,0.0,1.0,2.539,1.0,4.0,9,104.5653940750177,332.5519712398184,pobre,basal,0,500.0,677.59998,1.0,54.0,11,483,15912,4,1.0
98,0.0,1.0,2.539,1.0,5.0,9,104.5653940750177,332.5519712398184,pobre,basal,0,500.0,677.59998,1.0,54.0,12,483,15912,4,1.0
97,1.0,1.0,2.539,1.0,3.0,9,104.5653940750177,332.5519712398184,pobre,basal,0,500.0,677.59998,1.0,54.0,10,483,15913,3,1.0
98,1.0,1.0,2.539,1.0,4.0,9,104.5653940750177,332.5519712398184,pobre,basal,0,500.0,677.59998,1.0,54.0,11,483,15913,3,1.0
97,0.0,1.0,2.539,1.0,0.0,9,104.5653940750177,332.5519712398184,pobre,basal,0,500.0,677.59998,1.0,54.0,6,483,15914,0,1.0
98,0.0,1.0,2.539,1.0,1.0,9,104.5653940750177,332.5519712398184,pobre,basal,0,500.0,677.59998,1.0,54.0,7,483,15914,0,1.0
97,0.0,1.0,2.539,1.0,9.0,7,104.5653940750177,332.5519712398184,pobre,basal,6,375.0,492.0,1.0,38.0,15,483,15915,9,1.0
98,0.0,1.0,2.539,1.0,9.0,7,104.5653940750177,332.5519712398184,pobre,basal,6,375.0,492.0,1.0,38.0,16,483,15915,9,1.0
97,1.0,1.0,2.539,1.0,5.0,7,104.5653940750177,332.5519712398184,pobre,basal,6,375.0,492.0,1.0,38.0,12,483,15916,5,1.0
98,1.0,1.0,2.539,1.0,6.0,7,104.5653940750177,332.5519712398184,pobre,basal,6,375.0,492.0,1.0,38.0,13,483,15916,5,1.0
97,1.0,1.0,2.539,1.0,4.0,7,104.5653940750177,332.5519712398184,pobre,basal,6,375.0,492.0,1.0,38.0,10,483,15917,4,1.0
98,1.0,1.0,2.539,1.0,4.0,7,104.5653940750177,332.5519712398184,pobre,basal,6,375.0,492.0,1.0,38.0,11,483,15917,4,1.0
97,1.0,1.0,2.539,1.0,0.0,7,104.5653940750177,332.5519712398184,pobre,basal,6,375.0,492.0,1.0,38.0,6,483,15918,0,1.0
98,1.0,1.0,2.539,1.0,0.0,7,104.5653940750177,332.5519712398184,pobre,basal,6,375.0,492.0,1.0,38.0,7,483,15918,0,1.0
97,1.0,1.0,2.539,1.0,9.0,2,104.5653940750177,332.5519712398184,pobre,basal,0,60.0,777.0,0.0,69.0,16,483,15919,9,1.0
98,1.0,1.0,2.539,,,2,104.5653940750177,332.5519712398184,pobre,basal,0,60.0,777.0,0.0,69.0,17,483,15919,9,1.0
97,1.0,1.0,2.539,1.0,3.0,4,104.5653940750177,332.5519712398184,pobre,basal,3,400.0,676.0,1.0,41.0,16,483,15920,3,1.0
98,1.0,1.0,2.539,0.0,9.0,4,104.5653940750177,332.5519712398184,pobre,basal,3,400.0,676.0,1.0,41.0,17,483,15920,3,1.0
97,1.0,1.0,2.539,1.0,5.0,4,104.5653940750177,332.5519712398184,pobre,basal,3,400.0,676.0,1.0,41.0,12,483,15921,5,1.0
98,1.0,1.0,2.539,1.0,6.0,4,104.5653940750177,332.5519712398184,pobre,basal,3,400.0,676.0,1.0,41.0,13,483,15921,5,1.0
97,1.0,1.0,2.539,0.0,9.0,5,104.5653940750177,332.5519712398184,no pobre,basal,3,0.0,910.5,1.0,50.0,15,483,15922,9,0.0
98,1.0,1.0,2.539,1.0,9.0,5,104.5653940750177,332.5519712398184,no pobre,basal,3,0.0,910.5,1.0,50.0,16,483,15922,9,0.0
97,0.0,1.0,2.539,0.0,5.0,5,104.5653940750177,332.5519712398184,no pobre,basal,3,0.0,910.5,1.0,50.0,12,483,15923,5,0.0
98,0.0,1.0,2.539,1.0,6.0,5,104.5653940750177,332.5519712398184,no pobre,basal,3,0.0,910.5,1.0,50.0,13,483,15923,5,0.0
97,1.0,1.0,2.539,1.0,1.0,5,104.5653940750177,332.5519712398184,no pobre,basal,3,0.0,910.5,1.0,50.0,7,483,15924,1,1.0
98,1.0,1.0,2.539,1.0,2.0,5,104.5653940750177,332.5519712398184,no pobre,basal,3,0.0,910.5,1.0,50.0,8,483,15924,1,1.0
97,0.0,1.0,2.539,1.0,5.0,8,104.5653940750177,332.5519712398184,pobre,basal,6,375.0,667.0,1.0,32.0,12,483,15925,5,1.0
98,0.0,1.0,2.539,1.0,6.0,8,104.5653940750177,332.5519712398184,pobre,basal,6,375.0,667.0,1.0,32.0,13,483,15925,5,1.0
97,1.0,1.0,2.539,1.0,3.0,8,104.5653940750177,332.5519712398184,pobre,basal,6,375.0,667.0,1.0,32.0,10,483,15926,3,1.0
98,1.0,1.0,2.539,1.0,4.0,8,104.5653940750177,332.5519712398184,pobre,basal,6,375.0,667.0,1.0,32.0,11,483,15926,3,1.0
97,1.0,1.0,2.539,1.0,2.0,8,104.5653940750177,332.5519712398184,pobre,basal,6,375.0,667.0,1.0,32.0,8,483,15927,2,1.0
98,1.0,1.0,2.539,1.0,3.0,8,104.5653940750177,332.5519712398184,pobre,basal,6,375.0,667.0,1.0,32.0,9,483,15927,2,1.0
97,0.0,1.0,2.539,1.0,6.0,5,104.5653940750177,332.5519712398184,no pobre,basal,0,450.0,896.0,1.0,66.0,15,483,15928,6,1.0
98,0.0,1.0,2.539,1.0,7.0,5,104.5653940750177,332.5519712398184,no pobre,basal,0,450.0,896.0,1.0,66.0,16,483,15928,6,1.0
97,0.0,1.0,2.539,1.0,5.0,5,104.5653940750177,332.5519712398184,no pobre,basal,0,450.0,896.0,1.0,66.0,11,483,15929,5,1.0
98,0.0,1.0,2.539,1.0,6.0,5,104.5653940750177,332.5519712398184,no pobre,basal,0,450.0,896.0,1.0,66.0,12,483,15929,5,1.0
97,1.0,1.0,0.73799998,1.0,7.0,9,142.1629291311248,296.7033680456113,pobre,basal,0,500.0,688.5,1.0,54.0,14,433,15930,7,1.0
98,1.0,1.0,0.73799998,1.0,8.0,9,142.1629291311248,296.7033680456113,pobre,basal,0,500.0,688.5,1.0,54.0,15,433,15930,7,1.0
97,0.0,1.0,0.73799998,1.0,5.0,9,142.1629291311248,296.7033680456113,pobre,basal,0,500.0,688.5,1.0,54.0,12,433,15931,5,1.0
98,0.0,1.0,0.73799998,1.0,6.0,9,142.1629291311248,296.7033680456113,pobre,basal,0,500.0,688.5,1.0,54.0,13,433,15931,5,1.0
97,1.0,1.0,0.73799998,1.0,6.0,6,142.1629291311248,296.7033680456113,pobre,basal,6,500.0,744.0,1.0,40.0,15,433,15932,6,1.0
98,1.0,1.0,0.73799998,,,6,142.1629291311248,296.7033680456113,pobre,basal,6,500.0,744.0,1.0,40.0,16,433,15932,6,1.0
97,1.0,1.0,0.73799998,1.0,3.0,6,142.1629291311248,296.7033680456113,pobre,basal,6,500.0,744.0,1.0,40.0,12,433,15933,3,1.0
98,1.0,1.0,0.73799998,0.0,4.0,6,142.1629291311248,296.7033680456113,pobre,basal,6,500.0,744.0,1.0,40.0,13,433,15933,3,1.0
97,0.0,1.0,0.73799998,1.0,2.0,6,142.1629291311248,296.7033680456113,pobre,basal,6,500.0,744.0,1.0,40.0,9,433,15934,2,1.0
98,0.0,1.0,0.73799998,1.0,3.0,6,142.1629291311248,296.7033680456113,pobre,basal,6,500.0,744.0,1.0,40.0,10,433,15934,2,1.0
97,0.0,1.0,0.73799998,1.0,8.0,9,142.1629291311248,296.7033680456113,pobre,basal,0,500.0,685.5,1.0,51.0,15,433,15935,8,1.0
98,0.0,1.0,0.73799998,,,9,142.1629291311248,296.7033680456113,pobre,basal,0,500.0,685.5,1.0,51.0,16,433,15935,8,1.0
97,1.0,1.0,0.73799998,1.0,6.0,9,142.1629291311248,296.7033680456113,pobre,basal,0,500.0,685.5,1.0,51.0,12,433,15936,6,1.0
98,1.0,1.0,0.73799998,1.0,7.0,9,142.1629291311248,296.7033680456113,pobre,basal,0,500.0,685.5,1.0,51.0,13,433,15936,6,1.0
97,0.0,1.0,0.73799998,1.0,4.0,9,142.1629291311248,296.7033680456113,pobre,basal,0,500.0,685.5,1.0,51.0,10,433,15937,4,1.0
98,0.0,1.0,0.73799998,1.0,5.0,9,142.1629291311248,296.7033680456113,pobre,basal,0,500.0,685.5,1.0,51.0,11,433,15937,4,1.0
97,1.0,1.0,0.73799998,1.0,0.0,9,142.1629291311248,296.7033680456113,pobre,basal,0,500.0,685.5,1.0,51.0,6,433,15938,0,1.0
98,1.0,1.0,0.73799998,1.0,1.0,9,142.1629291311248,296.7033680456113,pobre,basal,0,500.0,685.5,1.0,51.0,7,433,15938,0,1.0
97,0.0,1.0,0.73799998,1.0,8.0,4,142.1629291311248,296.7033680456113,pobre,basal,0,500.0,719.0,1.0,52.0,15,433,15939,8,1.0
98,0.0,1.0,0.73799998,0.0,9.0,4,142.1629291311248,296.7033680456113,pobre,basal,0,500.0,719.0,1.0,52.0,16,433,15939,8,1.0
97,1.0,1.0,0.73799998,1.0,4.0,4,142.1629291311248,296.7033680456113,pobre,basal,0,500.0,719.0,1.0,52.0,13,433,15940,4,1.0
98,1.0,1.0,0.73799998,1.0,5.0,4,142.1629291311248,296.7033680456113,pobre,basal,0,500.0,719.0,1.0,52.0,14,433,15940,4,1.0
97,1.0,1.0,0.73799998,0.0,5.0,16,142.1629291311248,296.7033680456113,pobre,basal,0,500.0,642.0,1.0,47.0,15,433,15941,5,0.0
98,1.0,1.0,0.73799998,0.0,6.0,16,142.1629291311248,296.7033680456113,pobre,basal,0,500.0,642.0,1.0,47.0,16,433,15941,5,0.0
97,0.0,1.0,0.73799998,0.0,6.0,16,142.1629291311248,296.7033680456113,pobre,basal,0,500.0,642.0,1.0,47.0,14,433,15942,6,0.0
98,0.0,1.0,0.73799998,0.0,6.0,16,142.1629291311248,296.7033680456113,pobre,basal,0,500.0,642.0,1.0,47.0,15,433,15942,6,0.0
97,0.0,1.0,0.73799998,1.0,4.0,16,142.1629291311248,296.7033680456113,pobre,basal,0,500.0,642.0,1.0,47.0,12,433,15943,4,1.0
98,0.0,1.0,0.73799998,1.0,5.0,16,142.1629291311248,296.7033680456113,pobre,basal,0,500.0,642.0,1.0,47.0,13,433,15943,4,1.0
97,1.0,1.0,0.73799998,1.0,4.0,16,142.1629291311248,296.7033680456113,pobre,basal,0,500.0,642.0,1.0,47.0,10,433,15944,4,1.0
98,1.0,1.0,0.73799998,1.0,4.0,16,142.1629291311248,296.7033680456113,pobre,basal,0,500.0,642.0,1.0,47.0,11,433,15944,4,1.0
97,0.0,1.0,0.73799998,1.0,2.0,16,142.1629291311248,296.7033680456113,pobre,basal,0,500.0,642.0,1.0,47.0,8,433,15945,2,1.0
98,0.0,1.0,0.73799998,1.0,3.0,16,142.1629291311248,296.7033680456113,pobre,basal,0,500.0,642.0,1.0,47.0,9,433,15945,2,1.0
97,1.0,1.0,0.73799998,1.0,1.0,16,142.1629291311248,296.7033680456113,pobre,basal,0,500.0,642.0,1.0,47.0,7,433,15946,1,1.0
98,1.0,1.0,0.73799998,1.0,2.0,16,142.1629291311248,296.7033680456113,pobre,basal,0,500.0,642.0,1.0,47.0,8,433,15946,1,1.0
97,0.0,1.0,0.73799998,0.0,6.0,8,142.1629291311248,296.7033680456113,pobre,basal,0,500.0,535.0,1.0,34.0,15,433,15947,6,0.0
98,0.0,1.0,0.73799998,,,8,142.1629291311248,296.7033680456113,pobre,basal,0,500.0,535.0,1.0,34.0,16,433,15947,6,0.0
97,1.0,1.0,0.73799998,0.0,6.0,8,142.1629291311248,296.7033680456113,pobre,basal,0,500.0,535.0,1.0,34.0,13,433,15948,6,0.0
98,1.0,1.0,0.73799998,0.0,6.0,8,142.1629291311248,296.7033680456113,pobre,basal,0,500.0,535.0,1.0,34.0,14,433,15948,6,0.0
97,1.0,1.0,0.73799998,0.0,4.0,8,142.1629291311248,296.7033680456113,pobre,basal,0,500.0,535.0,1.0,34.0,10,433,15949,4,0.0
98,1.0,1.0,0.73799998,1.0,4.0,8,142.1629291311248,296.7033680456113,pobre,basal,0,500.0,535.0,1.0,34.0,11,433,15949,4,0.0
97,1.0,1.0,0.73799998,1.0,2.0,8,142.1629291311248,296.7033680456113,pobre,basal,0,500.0,535.0,1.0,34.0,8,433,15950,2,1.0
98,1.0,1.0,0.73799998,1.0,2.0,8,142.1629291311248,296.7033680456113,pobre,basal,0,500.0,535.0,1.0,34.0,9,433,15950,2,1.0
97,0.0,1.0,0.73799998,1.0,0.0,8,142.1629291311248,296.7033680456113,pobre,basal,0,500.0,535.0,1.0,34.0,6,433,15951,0,1.0
98,0.0,1.0,0.73799998,1.0,0.0,8,142.1629291311248,296.7033680456113,pobre,basal,0,500.0,535.0,1.0,34.0,7,433,15951,0,1.0
97,0.0,0.0,1.9400001,1.0,9.0,3,153.0301579331661,277.4332576270081,pobre,basal,1,375.0,764.0,1.0,51.0,16,428,15952,9,1.0
98,0.0,0.0,1.9400001,,,3,153.0301579331661,277.4332576270081,pobre,basal,1,375.0,764.0,1.0,51.0,17,428,15952,9,1.0
97,1.0,1.0,1.9400001,1.0,7.0,5,153.0301579331661,277.4332576270081,pobre,basal,4,375.0,731.0,1.0,44.0,14,428,15953,7,1.0
98,1.0,1.0,1.9400001,1.0,8.0,5,153.0301579331661,277.4332576270081,pobre,basal,4,375.0,731.0,1.0,44.0,15,428,15953,7,1.0
97,1.0,1.0,1.9400001,1.0,4.0,5,153.0301579331661,277.4332576270081,pobre,basal,4,375.0,731.0,1.0,44.0,10,428,15954,4,1.0
98,1.0,1.0,1.9400001,1.0,5.0,5,153.0301579331661,277.4332576270081,pobre,basal,4,375.0,731.0,1.0,44.0,11,428,15954,4,1.0
97,1.0,1.0,1.9400001,1.0,6.0,5,153.0301579331661,277.4332576270081,pobre,basal,6,375.0,713.0,1.0,35.0,14,428,15955,6,1.0
98,1.0,1.0,1.9400001,1.0,7.0,5,153.0301579331661,277.4332576270081,pobre,basal,6,375.0,713.0,1.0,35.0,15,428,15955,6,1.0
97,0.0,1.0,1.9400001,1.0,5.0,5,153.0301579331661,277.4332576270081,pobre,basal,6,375.0,713.0,1.0,35.0,12,428,15956,5,1.0
98,0.0,1.0,1.9400001,1.0,6.0,5,153.0301579331661,277.4332576270081,pobre,basal,6,375.0,713.0,1.0,35.0,13,428,15956,5,1.0
97,1.0,1.0,1.9400001,1.0,3.0,5,153.0301579331661,277.4332576270081,pobre,basal,6,375.0,713.0,1.0,35.0,9,428,15957,3,1.0
98,1.0,1.0,1.9400001,1.0,3.0,5,153.0301579331661,277.4332576270081,pobre,basal,6,375.0,713.0,1.0,35.0,10,428,15957,3,1.0
97,1.0,1.0,1.9400001,1.0,4.0,5,153.0301579331661,277.4332576270081,pobre,basal,5,375.0,699.0,1.0,41.0,10,428,15958,4,1.0
98,1.0,1.0,1.9400001,1.0,5.0,5,153.0301579331661,277.4332576270081,pobre,basal,5,375.0,699.0,1.0,41.0,11,428,15958,4,1.0
97,0.0,1.0,1.9400001,0.0,7.0,4,153.0301579331661,277.4332576270081,pobre,basal,5,375.0,744.0,1.0,46.0,16,428,15959,7,0.0
98,0.0,1.0,1.9400001,,,4,153.0301579331661,277.4332576270081,pobre,basal,5,375.0,744.0,1.0,46.0,17,428,15959,7,0.0
97,1.0,1.0,1.9400001,1.0,3.0,4,153.0301579331661,277.4332576270081,pobre,basal,5,375.0,744.0,1.0,46.0,11,428,15960,3,1.0
98,1.0,1.0,1.9400001,1.0,4.0,4,153.0301579331661,277.4332576270081,pobre,basal,5,375.0,744.0,1.0,46.0,12,428,15960,3,1.0
97,1.0,1.0,1.9400001,1.0,4.0,5,153.0301579331661,277.4332576270081,pobre,basal,6,375.0,712.0,1.0,59.0,11,428,15961,4,1.0
98,1.0,1.0,1.9400001,1.0,5.0,5,153.0301579331661,277.4332576270081,pobre,basal,6,375.0,712.0,1.0,59.0,12,428,15961,4,1.0
97,1.0,1.0,1.9400001,1.0,5.0,5,153.0301579331661,277.4332576270081,pobre,basal,6,375.0,677.0,1.0,33.0,13,428,15962,5,1.0
98,1.0,1.0,1.9400001,1.0,6.0,5,153.0301579331661,277.4332576270081,pobre,basal,6,375.0,677.0,1.0,33.0,14,428,15962,5,1.0
97,1.0,1.0,1.9400001,1.0,3.0,5,153.0301579331661,277.4332576270081,pobre,basal,6,375.0,677.0,1.0,33.0,11,428,15963,3,1.0
98,1.0,1.0,1.9400001,1.0,4.0,5,153.0301579331661,277.4332576270081,pobre,basal,6,375.0,677.0,1.0,33.0,12,428,15963,3,1.0
97,0.0,1.0,1.9400001,1.0,2.0,5,153.0301579331661,277.4332576270081,pobre,basal,6,375.0,677.0,1.0,33.0,8,428,15964,2,1.0
98,0.0,1.0,1.9400001,1.0,2.0,5,153.0301579331661,277.4332576270081,pobre,basal,6,375.0,677.0,1.0,33.0,9,428,15964,2,1.0
97,0.0,1.0,1.9400001,1.0,7.0,9,153.0301579331661,277.4332576270081,pobre,basal,2,375.0,761.5,1.0,61.0,12,428,15965,7,1.0
98,0.0,1.0,1.9400001,1.0,8.0,9,153.0301579331661,277.4332576270081,pobre,basal,2,375.0,761.5,1.0,61.0,13,428,15965,7,1.0
97,1.0,1.0,1.9400001,1.0,4.0,9,153.0301579331661,277.4332576270081,pobre,basal,2,375.0,761.5,1.0,61.0,11,428,15966,4,1.0
98,1.0,1.0,1.9400001,1.0,5.0,9,153.0301579331661,277.4332576270081,pobre,basal,2,375.0,761.5,1.0,61.0,12,428,15966,4,1.0
97,1.0,1.0,1.9400001,1.0,2.0,9,153.0301579331661,277.4332576270081,pobre,basal,2,375.0,761.5,1.0,61.0,8,428,15967,2,1.0
98,1.0,1.0,1.9400001,1.0,3.0,9,153.0301579331661,277.4332576270081,pobre,basal,2,375.0,761.5,1.0,61.0,9,428,15967,2,1.0
97,1.0,1.0,1.9400001,1.0,8.0,5,153.0301579331661,277.4332576270081,pobre,basal,5,375.0,749.0,1.0,43.0,16,428,15968,8,1.0
98,1.0,1.0,1.9400001,,,5,153.0301579331661,277.4332576270081,pobre,basal,5,375.0,749.0,1.0,43.0,17,428,15968,8,1.0
97,0.0,1.0,1.9400001,1.0,2.0,5,153.0301579331661,277.4332576270081,pobre,basal,5,375.0,749.0,1.0,43.0,9,428,15969,2,1.0
98,0.0,1.0,1.9400001,1.0,3.0,5,153.0301579331661,277.4332576270081,pobre,basal,5,375.0,749.0,1.0,43.0,10,428,15969,2,1.0
97,1.0,1.0,1.9400001,0.0,9.0,2,153.0301579331661,277.4332576270081,pobre,basal,4,0.0,823.0,0.0,45.0,15,428,15970,9,0.0
98,1.0,1.0,1.9400001,0.0,9.0,2,153.0301579331661,277.4332576270081,pobre,basal,4,0.0,823.0,0.0,45.0,16,428,15970,9,0.0
97,1.0,0.0,3.1229999,0.0,6.0,10,40.6015907053239,40.6015907053239,pobre,basal,3,1000.0,582.0,1.0,42.0,16,349,15971,6,0.0
98,1.0,0.0,3.1229999,,,10,40.6015907053239,40.6015907053239,pobre,basal,3,1000.0,582.0,1.0,42.0,17,349,15971,6,0.0
97,1.0,0.0,3.1229999,0.0,6.0,10,40.6015907053239,40.6015907053239,pobre,basal,3,1000.0,582.0,1.0,42.0,14,349,15972,6,0.0
98,1.0,0.0,3.1229999,0.0,6.0,10,40.6015907053239,40.6015907053239,pobre,basal,3,1000.0,582.0,1.0,42.0,15,349,15972,6,0.0
97,1.0,0.0,3.1229999,1.0,4.0,10,40.6015907053239,40.6015907053239,pobre,basal,3,1000.0,582.0,1.0,42.0,11,349,15973,4,1.0
98,1.0,0.0,3.1229999,1.0,5.0,10,40.6015907053239,40.6015907053239,pobre,basal,3,1000.0,582.0,1.0,42.0,12,349,15973,4,1.0
97,1.0,0.0,3.1229999,1.0,3.0,10,40.6015907053239,40.6015907053239,pobre,basal,3,1000.0,582.0,1.0,42.0,10,349,15974,3,1.0
98,1.0,0.0,3.1229999,1.0,4.0,10,40.6015907053239,40.6015907053239,pobre,basal,3,1000.0,582.0,1.0,42.0,11,349,15974,3,1.0
97,0.0,0.0,3.1229999,1.0,2.0,10,40.6015907053239,40.6015907053239,pobre,basal,3,1000.0,582.0,1.0,42.0,8,349,15975,2,1.0
98,0.0,0.0,3.1229999,1.0,3.0,10,40.6015907053239,40.6015907053239,pobre,basal,3,1000.0,582.0,1.0,42.0,9,349,15975,2,1.0
97,1.0,0.0,3.1229999,1.0,1.0,10,40.6015907053239,40.6015907053239,pobre,basal,3,1000.0,582.0,1.0,42.0,7,349,15976,1,1.0
98,1.0,0.0,3.1229999,1.0,2.0,10,40.6015907053239,40.6015907053239,pobre,basal,3,1000.0,582.0,1.0,42.0,8,349,15976,1,1.0
97,1.0,0.0,3.1229999,1.0,0.0,10,40.6015907053239,40.6015907053239,pobre,basal,3,1000.0,582.0,1.0,42.0,6,349,15977,0,1.0
98,1.0,0.0,3.1229999,1.0,1.0,10,40.6015907053239,40.6015907053239,pobre,basal,3,1000.0,582.0,1.0,42.0,7,349,15977,0,1.0
97,1.0,0.0,3.1229999,0.0,2.0,7,40.6015907053239,40.6015907053239,pobre,basal,3,320.0,878.25,1.0,52.0,16,349,15978,2,0.0
98,1.0,0.0,3.1229999,,,7,40.6015907053239,40.6015907053239,pobre,basal,3,320.0,878.25,1.0,52.0,17,349,15978,2,0.0
97,0.0,0.0,3.1229999,1.0,2.0,7,40.6015907053239,40.6015907053239,pobre,basal,3,320.0,878.25,1.0,52.0,14,349,15979,2,1.0
98,0.0,0.0,3.1229999,1.0,3.0,7,40.6015907053239,40.6015907053239,pobre,basal,3,320.0,878.25,1.0,52.0,15,349,15979,2,1.0
97,0.0,0.0,3.1229999,1.0,2.0,7,40.6015907053239,40.6015907053239,pobre,basal,3,320.0,878.25,1.0,52.0,11,349,15980,2,1.0
98,0.0,0.0,3.1229999,1.0,3.0,7,40.6015907053239,40.6015907053239,pobre,basal,3,320.0,878.25,1.0,52.0,12,349,15980,2,1.0
97,1.0,0.0,3.1229999,1.0,1.0,7,40.6015907053239,40.6015907053239,pobre,basal,3,320.0,878.25,1.0,52.0,8,349,15981,1,1.0
98,1.0,0.0,3.1229999,1.0,2.0,7,40.6015907053239,40.6015907053239,pobre,basal,3,320.0,878.25,1.0,52.0,9,349,15981,1,1.0
97,0.0,0.0,3.1229999,0.0,6.0,11,40.6015907053239,40.6015907053239,pobre,basal,3,800.0,559.5,1.0,48.0,14,349,15982,6,0.0
98,0.0,0.0,3.1229999,0.0,6.0,11,40.6015907053239,40.6015907053239,pobre,basal,3,800.0,559.5,1.0,48.0,15,349,15982,6,0.0
97,1.0,0.0,3.1229999,1.0,4.0,11,40.6015907053239,40.6015907053239,pobre,basal,3,800.0,559.5,1.0,48.0,12,349,15983,4,1.0
98,1.0,0.0,3.1229999,1.0,5.0,11,40.6015907053239,40.6015907053239,pobre,basal,3,800.0,559.5,1.0,48.0,13,349,15983,4,1.0
97,0.0,0.0,3.1229999,1.0,3.0,11,40.6015907053239,40.6015907053239,pobre,basal,3,800.0,559.5,1.0,48.0,9,349,15984,3,1.0
98,0.0,0.0,3.1229999,1.0,4.0,11,40.6015907053239,40.6015907053239,pobre,basal,3,800.0,559.5,1.0,48.0,10,349,15984,3,1.0
97,1.0,0.0,3.1229999,1.0,1.0,11,40.6015907053239,40.6015907053239,pobre,basal,3,800.0,559.5,1.0,48.0,8,349,15985,1,1.0
98,1.0,0.0,3.1229999,1.0,2.0,11,40.6015907053239,40.6015907053239,pobre,basal,3,800.0,559.5,1.0,48.0,9,349,15985,1,1.0
97,1.0,0.0,3.1229999,1.0,0.0,11,40.6015907053239,40.6015907053239,pobre,basal,3,800.0,559.5,1.0,48.0,6,349,15986,0,1.0
98,1.0,0.0,3.1229999,1.0,1.0,11,40.6015907053239,40.6015907053239,pobre,basal,3,800.0,559.5,1.0,48.0,7,349,15986,0,1.0
97,0.0,0.0,3.1229999,1.0,8.0,5,40.6015907053239,40.6015907053239,no pobre,basal,3,1000.0,847.0,1.0,53.0,16,349,15987,8,1.0
98,0.0,0.0,3.1229999,,,5,40.6015907053239,40.6015907053239,no pobre,basal,3,1000.0,847.0,1.0,53.0,17,349,15987,8,1.0
97,0.0,0.0,3.1229999,0.0,9.0,7,40.6015907053239,40.6015907053239,no pobre,basal,0,0.0,1030.25,1.0,75.0,16,349,15988,9,0.0
98,0.0,0.0,3.1229999,,,7,40.6015907053239,40.6015907053239,no pobre,basal,0,0.0,1030.25,1.0,75.0,17,349,15988,9,0.0
97,0.0,0.0,3.1229999,1.0,0.0,7,40.6015907053239,40.6015907053239,no pobre,basal,0,0.0,1030.25,1.0,75.0,7,349,15989,0,1.0
98,0.0,0.0,3.1229999,1.0,1.0,7,40.6015907053239,40.6015907053239,no pobre,basal,0,0.0,1030.25,1.0,75.0,8,349,15989,0,1.0
97,1.0,0.0,3.1229999,1.0,1.0,6,40.6015907053239,40.6015907053239,pobre,basal,6,400.0,619.0,1.0,30.0,8,349,15990,1,1.0
98,1.0,0.0,3.1229999,1.0,2.0,6,40.6015907053239,40.6015907053239,pobre,basal,6,400.0,619.0,1.0,30.0,9,349,15990,1,1.0
97,1.0,0.0,3.1229999,1.0,0.0,6,40.6015907053239,40.6015907053239,pobre,basal,6,400.0,619.0,1.0,30.0,6,349,15991,0,1.0
98,1.0,0.0,3.1229999,1.0,0.0,6,40.6015907053239,40.6015907053239,pobre,basal,6,400.0,619.0,1.0,30.0,7,349,15991,0,1.0
97,0.0,0.0,3.1229999,0.0,6.0,11,40.6015907053239,40.6015907053239,pobre,basal,0,800.0,826.5,1.0,50.0,16,349,15992,6,0.0
98,0.0,0.0,3.1229999,,,11,40.6015907053239,40.6015907053239,pobre,basal,0,800.0,826.5,1.0,50.0,17,349,15992,6,0.0
97,0.0,0.0,3.1229999,0.0,6.0,11,40.6015907053239,40.6015907053239,pobre,basal,0,800.0,826.5,1.0,50.0,15,349,15993,6,0.0
98,0.0,0.0,3.1229999,0.0,6.0,11,40.6015907053239,40.6015907053239,pobre,basal,0,800.0,826.5,1.0,50.0,16,349,15993,6,0.0
97,1.0,0.0,3.1229999,1.0,4.0,11,40.6015907053239,40.6015907053239,pobre,basal,0,800.0,826.5,1.0,50.0,11,349,15994,4,1.0
98,1.0,0.0,3.1229999,1.0,5.0,11,40.6015907053239,40.6015907053239,pobre,basal,0,800.0,826.5,1.0,50.0,12,349,15994,4,1.0
97,1.0,0.0,3.1229999,1.0,4.0,11,40.6015907053239,40.6015907053239,pobre,basal,0,800.0,826.5,1.0,50.0,11,349,15995,4,1.0
98,1.0,0.0,3.1229999,1.0,5.0,11,40.6015907053239,40.6015907053239,pobre,basal,0,800.0,826.5,1.0,50.0,12,349,15995,4,1.0
97,1.0,0.0,3.1229999,1.0,4.0,6,40.6015907053239,40.6015907053239,pobre,basal,3,1200.0,637.0,1.0,30.0,11,349,15996,4,1.0
98,1.0,0.0,3.1229999,1.0,5.0,6,40.6015907053239,40.6015907053239,pobre,basal,3,1200.0,637.0,1.0,30.0,12,349,15996,4,1.0
97,0.0,0.0,3.1229999,1.0,1.0,6,40.6015907053239,40.6015907053239,pobre,basal,3,1200.0,637.0,1.0,30.0,8,349,15997,1,1.0
98,0.0,0.0,3.1229999,1.0,2.0,6,40.6015907053239,40.6015907053239,pobre,basal,3,1200.0,637.0,1.0,30.0,9,349,15997,1,1.0
97,0.0,0.0,3.1229999,1.0,0.0,6,40.6015907053239,40.6015907053239,pobre,basal,3,1200.0,637.0,1.0,30.0,6,349,15998,0,1.0
98,0.0,0.0,3.1229999,1.0,1.0,6,40.6015907053239,40.6015907053239,pobre,basal,3,1200.0,637.0,1.0,30.0,7,349,15998,0,1.0
97,1.0,0.0,3.1229999,,0.0,4,40.6015907053239,40.6015907053239,pobre,basal,0,0.0,595.33002,1.0,80.0,11,349,15999,0,
98,1.0,0.0,3.1229999,,,4,40.6015907053239,40.6015907053239,pobre,basal,0,0.0,595.33002,1.0,80.0,12,349,15999,0,
97,1.0,1.0,1.9400001,1.0,6.0,6,153.0301579331661,277.4332576270081,pobre,basal,4,375.0,667.0,1.0,44.0,14,428,16000,6,1.0
98,1.0,1.0,1.9400001,1.0,7.0,6,153.0301579331661,277.4332576270081,pobre,basal,4,375.0,667.0,1.0,44.0,15,428,16000,6,1.0
97,0.0,1.0,1.9400001,1.0,6.0,6,153.0301579331661,277.4332576270081,pobre,basal,4,375.0,667.0,1.0,44.0,12,428,16001,6,1.0
98,0.0,1.0,1.9400001,1.0,7.0,6,153.0301579331661,277.4332576270081,pobre,basal,4,375.0,667.0,1.0,44.0,13,428,16001,6,1.0
97,1.0,1.0,1.9400001,1.0,1.0,6,153.0301579331661,277.4332576270081,pobre,basal,4,375.0,667.0,1.0,44.0,7,428,16002,1,1.0
98,1.0,1.0,1.9400001,1.0,2.0,6,153.0301579331661,277.4332576270081,pobre,basal,4,375.0,667.0,1.0,44.0,8,428,16002,1,1.0
97,0.0,1.0,1.9400001,1.0,7.0,3,153.0301579331661,277.4332576270081,pobre,basal,3,375.0,807.0,1.0,50.0,14,428,16003,7,1.0
98,0.0,1.0,1.9400001,1.0,8.0,3,153.0301579331661,277.4332576270081,pobre,basal,3,375.0,807.0,1.0,50.0,15,428,16003,7,1.0
97,1.0,0.0,3.1229999,,0.0,10,40.6015907053239,40.6015907053239,pobre,basal,0,240.0,794.0,1.0,74.0,15,349,16004,0,
98,1.0,0.0,3.1229999,,,10,40.6015907053239,40.6015907053239,pobre,basal,0,240.0,794.0,1.0,74.0,16,349,16004,0,
97,0.0,0.0,3.1229999,1.0,5.0,10,40.6015907053239,40.6015907053239,pobre,basal,0,240.0,794.0,1.0,74.0,13,349,16005,5,1.0
98,0.0,0.0,3.1229999,,,10,40.6015907053239,40.6015907053239,pobre,basal,0,240.0,794.0,1.0,74.0,14,349,16005,5,1.0
97,0.0,0.0,3.1229999,1.0,3.0,10,40.6015907053239,40.6015907053239,pobre,basal,0,240.0,794.0,1.0,74.0,10,349,16006,3,1.0
98,0.0,0.0,3.1229999,,,10,40.6015907053239,40.6015907053239,pobre,basal,0,240.0,794.0,1.0,74.0,11,349,16006,3,1.0
97,1.0,0.0,3.1229999,1.0,1.0,10,40.6015907053239,40.6015907053239,pobre,basal,0,240.0,794.0,1.0,74.0,8,349,16007,1,1.0
98,1.0,0.0,3.1229999,,,10,40.6015907053239,40.6015907053239,pobre,basal,0,240.0,794.0,1.0,74.0,9,349,16007,1,1.0
97,0.0,0.0,3.1229999,1.0,0.0,10,40.6015907053239,40.6015907053239,pobre,basal,0,240.0,794.0,1.0,74.0,6,349,16008,0,1.0
98,0.0,0.0,3.1229999,,,10,40.6015907053239,40.6015907053239,pobre,basal,0,240.0,794.0,1.0,74.0,7,349,16008,0,1.0
97,1.0,1.0,0.0,,0.0,8,134.7560732061176,285.4250077588848,pobre,basal,0,500.0,714.0,1.0,70.0,8,431,16009,0,
98,1.0,1.0,0.0,1.0,1.0,8,134.7560732061176,285.4250077588848,pobre,basal,0,500.0,714.0,1.0,70.0,9,431,16009,0,
97,1.0,1.0,0.0,,0.0,8,134.7560732061176,285.4250077588848,pobre,basal,0,500.0,714.0,1.0,70.0,6,431,16010,0,
98,1.0,1.0,0.0,1.0,0.0,8,134.7560732061176,285.4250077588848,pobre,basal,0,500.0,714.0,1.0,70.0,7,431,16010,0,
97,0.0,0.0,3.1229999,0.0,6.0,7,40.6015907053239,40.6015907053239,pobre,basal,3,1250.0,808.25,1.0,38.0,11,349,16011,6,0.0
98,0.0,0.0,3.1229999,,,7,40.6015907053239,40.6015907053239,pobre,basal,3,1250.0,808.25,1.0,38.0,12,349,16011,6,0.0
97,1.0,0.0,3.1229999,1.0,3.0,7,40.6015907053239,40.6015907053239,pobre,basal,3,1250.0,808.25,1.0,38.0,10,349,16012,3,1.0
98,1.0,0.0,3.1229999,1.0,4.0,7,40.6015907053239,40.6015907053239,pobre,basal,3,1250.0,808.25,1.0,38.0,11,349,16012,3,1.0
97,1.0,0.0,3.1229999,1.0,3.0,7,40.6015907053239,40.6015907053239,pobre,basal,3,1250.0,808.25,1.0,38.0,9,349,16013,3,1.0
98,1.0,0.0,3.1229999,1.0,4.0,7,40.6015907053239,40.6015907053239,pobre,basal,3,1250.0,808.25,1.0,38.0,10,349,16013,3,1.0
97,0.0,0.0,3.1229999,1.0,2.0,7,40.6015907053239,40.6015907053239,pobre,basal,3,1250.0,808.25,1.0,38.0,8,349,16014,2,1.0
98,0.0,0.0,3.1229999,1.0,2.0,7,40.6015907053239,40.6015907053239,pobre,basal,3,1250.0,808.25,1.0,38.0,9,349,16014,2,1.0
97,0.0,1.0,0.0,1.0,4.0,5,134.7560732061176,285.4250077588848,pobre,basal,0,240.0,685.0,1.0,62.0,11,431,16015,4,1.0
98,0.0,1.0,0.0,1.0,5.0,5,134.7560732061176,285.4250077588848,pobre,basal,0,240.0,685.0,1.0,62.0,12,431,16015,4,1.0
97,0.0,1.0,0.0,1.0,1.0,5,134.7560732061176,285.4250077588848,pobre,basal,0,240.0,685.0,1.0,62.0,8,431,16016,1,1.0
98,0.0,1.0,0.0,1.0,2.0,5,134.7560732061176,285.4250077588848,pobre,basal,0,240.0,685.0,1.0,62.0,9,431,16016,1,1.0
97,0.0,1.0,0.0,1.0,0.0,5,134.7560732061176,285.4250077588848,pobre,basal,0,240.0,685.0,1.0,62.0,6,431,16017,0,1.0
98,0.0,1.0,0.0,1.0,1.0,5,134.7560732061176,285.4250077588848,pobre,basal,0,240.0,685.0,1.0,62.0,7,431,16017,0,1.0
97,0.0,0.0,3.1229999,0.0,6.0,6,40.6015907053239,40.6015907053239,pobre,basal,1,750.0,637.0,1.0,27.0,12,349,16018,6,0.0
98,0.0,0.0,3.1229999,0.0,6.0,6,40.6015907053239,40.6015907053239,pobre,basal,1,750.0,637.0,1.0,27.0,13,349,16018,6,0.0
97,0.0,0.0,3.1229999,1.0,3.0,6,40.6015907053239,40.6015907053239,pobre,basal,1,750.0,637.0,1.0,27.0,9,349,16019,3,1.0
98,0.0,0.0,3.1229999,1.0,4.0,6,40.6015907053239,40.6015907053239,pobre,basal,1,750.0,637.0,1.0,27.0,10,349,16019,3,1.0
97,0.0,0.0,3.1229999,1.0,2.0,7,40.6015907053239,40.6015907053239,pobre,basal,6,600.0,494.0,1.0,28.0,8,349,16020,2,1.0
98,0.0,0.0,3.1229999,1.0,3.0,7,40.6015907053239,40.6015907053239,pobre,basal,6,600.0,494.0,1.0,28.0,9,349,16020,2,1.0
97,0.0,0.0,3.1229999,1.0,1.0,7,40.6015907053239,40.6015907053239,pobre,basal,6,600.0,494.0,1.0,28.0,7,349,16021,1,1.0
98,0.0,0.0,3.1229999,1.0,2.0,7,40.6015907053239,40.6015907053239,pobre,basal,6,600.0,494.0,1.0,28.0,8,349,16021,1,1.0
97,1.0,0.0,3.1229999,1.0,5.0,9,40.6015907053239,40.6015907053239,pobre,basal,3,600.0,706.5,1.0,38.0,11,349,16022,5,1.0
98,1.0,0.0,3.1229999,0.0,6.0,9,40.6015907053239,40.6015907053239,pobre,basal,3,600.0,706.5,1.0,38.0,12,349,16022,5,1.0
97,1.0,0.0,3.1229999,1.0,4.0,9,40.6015907053239,40.6015907053239,pobre,basal,3,600.0,706.5,1.0,38.0,10,349,16023,4,1.0
98,1.0,0.0,3.1229999,1.0,5.0,9,40.6015907053239,40.6015907053239,pobre,basal,3,600.0,706.5,1.0,38.0,11,349,16023,4,1.0
97,1.0,0.0,3.1229999,1.0,0.0,7,40.6015907053239,40.6015907053239,pobre,basal,6,800.0,590.0,1.0,25.0,6,349,16024,0,1.0
98,1.0,0.0,3.1229999,1.0,1.0,7,40.6015907053239,40.6015907053239,pobre,basal,6,800.0,590.0,1.0,25.0,7,349,16024,0,1.0
97,1.0,0.0,3.1229999,1.0,1.0,5,40.6015907053239,40.6015907053239,pobre,basal,6,800.0,656.0,1.0,23.0,7,349,16025,1,1.0
98,1.0,0.0,3.1229999,1.0,2.0,5,40.6015907053239,40.6015907053239,pobre,basal,6,800.0,656.0,1.0,23.0,8,349,16025,1,1.0
97,0.0,0.0,3.1229999,0.0,6.0,8,40.6015907053239,40.6015907053239,pobre,basal,2,750.0,698.0,1.0,44.0,14,349,16026,6,0.0
98,0.0,0.0,3.1229999,0.0,6.0,8,40.6015907053239,40.6015907053239,pobre,basal,2,750.0,698.0,1.0,44.0,15,349,16026,6,0.0
97,0.0,0.0,3.1229999,1.0,5.0,8,40.6015907053239,40.6015907053239,pobre,basal,2,750.0,698.0,1.0,44.0,10,349,16027,5,1.0
98,0.0,0.0,3.1229999,1.0,6.0,8,40.6015907053239,40.6015907053239,pobre,basal,2,750.0,698.0,1.0,44.0,11,349,16027,5,1.0
97,0.0,0.0,3.1229999,1.0,2.0,8,40.6015907053239,40.6015907053239,pobre,basal,2,750.0,698.0,1.0,44.0,9,349,16028,2,1.0
98,0.0,0.0,3.1229999,1.0,3.0,8,40.6015907053239,40.6015907053239,pobre,basal,2,750.0,698.0,1.0,44.0,10,349,16028,2,1.0
97,0.0,1.0,0.0,1.0,7.0,6,134.7560732061176,285.4250077588848,pobre,basal,3,400.0,665.0,1.0,45.0,16,431,16029,7,1.0
98,0.0,1.0,0.0,1.0,8.0,6,134.7560732061176,285.4250077588848,pobre,basal,3,400.0,665.0,1.0,45.0,17,431,16029,7,1.0
97,1.0,1.0,0.0,1.0,6.0,6,134.7560732061176,285.4250077588848,pobre,basal,3,400.0,665.0,1.0,45.0,14,431,16030,6,1.0
98,1.0,1.0,0.0,1.0,7.0,6,134.7560732061176,285.4250077588848,pobre,basal,3,400.0,665.0,1.0,45.0,15,431,16030,6,1.0
97,0.0,1.0,0.0,1.0,4.0,6,134.7560732061176,285.4250077588848,pobre,basal,3,400.0,665.0,1.0,45.0,11,431,16031,4,1.0
98,0.0,1.0,0.0,1.0,5.0,6,134.7560732061176,285.4250077588848,pobre,basal,3,400.0,665.0,1.0,45.0,12,431,16031,4,1.0
97,0.0,1.0,0.0,1.0,3.0,6,134.7560732061176,285.4250077588848,pobre,basal,3,400.0,665.0,1.0,45.0,10,431,16032,3,1.0
98,0.0,1.0,0.0,1.0,4.0,6,134.7560732061176,285.4250077588848,pobre,basal,3,400.0,665.0,1.0,45.0,11,431,16032,3,1.0
97,0.0,0.0,3.1229999,1.0,5.0,4,40.6015907053239,40.6015907053239,pobre,basal,3,500.0,718.0,1.0,40.0,11,349,16033,5,1.0
98,0.0,0.0,3.1229999,0.0,6.0,4,40.6015907053239,40.6015907053239,pobre,basal,3,500.0,718.0,1.0,40.0,12,349,16033,5,1.0
97,1.0,0.0,3.1229999,1.0,4.0,4,40.6015907053239,40.6015907053239,pobre,basal,3,500.0,718.0,1.0,40.0,10,349,16034,4,1.0
98,1.0,0.0,3.1229999,1.0,5.0,4,40.6015907053239,40.6015907053239,pobre,basal,3,500.0,718.0,1.0,40.0,11,349,16034,4,1.0
97,1.0,0.0,3.1229999,0.0,6.0,7,40.6015907053239,40.6015907053239,pobre,basal,2,750.0,688.79999,1.0,45.0,14,349,16035,6,0.0
98,1.0,0.0,3.1229999,0.0,6.0,7,40.6015907053239,40.6015907053239,pobre,basal,2,750.0,688.79999,1.0,45.0,15,349,16035,6,0.0
97,0.0,0.0,3.1229999,1.0,5.0,7,40.6015907053239,40.6015907053239,pobre,basal,2,750.0,688.79999,1.0,45.0,13,349,16036,5,1.0
98,0.0,0.0,3.1229999,0.0,6.0,7,40.6015907053239,40.6015907053239,pobre,basal,2,750.0,688.79999,1.0,45.0,14,349,16036,5,1.0
97,0.0,0.0,3.1229999,1.0,5.0,7,40.6015907053239,40.6015907053239,pobre,basal,2,750.0,688.79999,1.0,45.0,11,349,16037,5,1.0
98,0.0,0.0,3.1229999,0.0,6.0,7,40.6015907053239,40.6015907053239,pobre,basal,2,750.0,688.79999,1.0,45.0,12,349,16037,5,1.0
97,1.0,0.0,3.1229999,0.0,6.0,7,40.6015907053239,40.6015907053239,pobre,basal,3,625.0,685.79999,1.0,50.0,15,349,16038,6,0.0
98,1.0,0.0,3.1229999,0.0,6.0,7,40.6015907053239,40.6015907053239,pobre,basal,3,625.0,685.79999,1.0,50.0,16,349,16038,6,0.0
97,0.0,0.0,3.1229999,1.0,2.0,7,40.6015907053239,40.6015907053239,pobre,basal,3,625.0,685.79999,1.0,50.0,9,349,16039,2,1.0
98,0.0,0.0,3.1229999,1.0,3.0,7,40.6015907053239,40.6015907053239,pobre,basal,3,625.0,685.79999,1.0,50.0,10,349,16039,2,1.0
97,1.0,0.0,3.1229999,1.0,1.0,7,40.6015907053239,40.6015907053239,pobre,basal,3,625.0,685.79999,1.0,50.0,8,349,16040,1,1.0
98,1.0,0.0,3.1229999,1.0,2.0,7,40.6015907053239,40.6015907053239,pobre,basal,3,625.0,685.79999,1.0,50.0,9,349,16040,1,1.0
97,1.0,1.0,0.0,1.0,6.0,10,134.7560732061176,285.4250077588848,pobre,basal,5,500.0,475.0,1.0,38.0,14,431,16041,6,1.0
98,1.0,1.0,0.0,1.0,7.0,10,134.7560732061176,285.4250077588848,pobre,basal,5,500.0,475.0,1.0,38.0,15,431,16041,6,1.0
97,0.0,1.0,0.0,1.0,4.0,10,134.7560732061176,285.4250077588848,pobre,basal,5,500.0,475.0,1.0,38.0,12,431,16042,4,1.0
98,0.0,1.0,0.0,1.0,5.0,10,134.7560732061176,285.4250077588848,pobre,basal,5,500.0,475.0,1.0,38.0,13,431,16042,4,1.0
97,0.0,1.0,0.0,1.0,3.0,10,134.7560732061176,285.4250077588848,pobre,basal,5,500.0,475.0,1.0,38.0,10,431,16043,3,1.0
98,0.0,1.0,0.0,1.0,4.0,10,134.7560732061176,285.4250077588848,pobre,basal,5,500.0,475.0,1.0,38.0,11,431,16043,3,1.0
97,0.0,1.0,0.0,1.0,0.0,10,134.7560732061176,285.4250077588848,pobre,basal,5,500.0,475.0,1.0,38.0,7,431,16044,0,1.0
98,0.0,1.0,0.0,1.0,1.0,10,134.7560732061176,285.4250077588848,pobre,basal,5,500.0,475.0,1.0,38.0,8,431,16044,0,1.0
97,1.0,1.0,0.58999997,1.0,6.0,8,141.8944903287733,273.2989389602207,pobre,0,3,500.0,603.0,1.0,52.0,14,441,16045,6,1.0
98,1.0,1.0,0.58999997,1.0,7.0,8,141.8944903287733,273.2989389602207,pobre,0,3,500.0,603.0,1.0,52.0,15,441,16045,6,1.0
97,1.0,1.0,0.58999997,1.0,6.0,8,141.8944903287733,273.2989389602207,pobre,0,3,500.0,603.0,1.0,52.0,12,441,16046,6,1.0
98,1.0,1.0,0.58999997,1.0,7.0,8,141.8944903287733,273.2989389602207,pobre,0,3,500.0,603.0,1.0,52.0,13,441,16046,6,1.0
97,1.0,0.0,0.58999997,1.0,4.0,8,141.8944903287733,273.2989389602207,pobre,0,3,500.0,603.0,1.0,52.0,10,441,16047,4,1.0
98,1.0,0.0,0.58999997,1.0,5.0,8,141.8944903287733,273.2989389602207,pobre,0,3,500.0,603.0,1.0,52.0,11,441,16047,4,1.0
97,1.0,0.0,0.58999997,1.0,0.0,8,141.8944903287733,273.2989389602207,pobre,0,3,500.0,603.0,1.0,52.0,7,441,16048,0,1.0
98,1.0,0.0,0.58999997,1.0,1.0,8,141.8944903287733,273.2989389602207,pobre,0,3,500.0,603.0,1.0,52.0,8,441,16048,0,1.0
97,0.0,0.0,0.58999997,1.0,3.0,6,141.8944903287733,273.2989389602207,pobre,0,0,500.0,648.0,1.0,49.0,9,441,16049,3,1.0
98,0.0,0.0,0.58999997,,,6,141.8944903287733,273.2989389602207,pobre,0,0,500.0,648.0,1.0,49.0,10,441,16049,3,1.0
97,0.0,0.0,0.58999997,1.0,1.0,6,141.8944903287733,273.2989389602207,pobre,0,0,500.0,648.0,1.0,49.0,8,441,16050,1,1.0
98,0.0,0.0,0.58999997,,,6,141.8944903287733,273.2989389602207,pobre,0,0,500.0,648.0,1.0,49.0,9,441,16050,1,1.0
97,0.0,0.0,0.58999997,1.0,0.0,6,141.8944903287733,273.2989389602207,pobre,0,0,500.0,648.0,1.0,49.0,6,441,16051,0,1.0
98,0.0,0.0,0.58999997,,,6,141.8944903287733,273.2989389602207,pobre,0,0,500.0,648.0,1.0,49.0,7,441,16051,0,1.0
97,0.0,0.0,0.58999997,0.0,5.0,9,141.8944903287733,273.2989389602207,pobre,0,0,1000.0,732.5,1.0,50.0,15,441,16052,5,0.0
98,0.0,0.0,0.58999997,0.0,3.0,9,141.8944903287733,273.2989389602207,pobre,0,0,1000.0,732.5,1.0,50.0,16,441,16052,5,0.0
97,1.0,0.0,0.58999997,1.0,5.0,9,141.8944903287733,273.2989389602207,pobre,0,0,1000.0,732.5,1.0,50.0,11,441,16053,5,1.0
98,1.0,0.0,0.58999997,,,9,141.8944903287733,273.2989389602207,pobre,0,0,1000.0,732.5,1.0,50.0,12,441,16053,5,1.0
97,0.0,0.0,0.58999997,1.0,1.0,9,141.8944903287733,273.2989389602207,pobre,0,0,1000.0,732.5,1.0,50.0,7,441,16054,1,1.0
98,0.0,0.0,0.58999997,1.0,2.0,9,141.8944903287733,273.2989389602207,pobre,0,0,1000.0,732.5,1.0,50.0,8,441,16054,1,1.0
97,1.0,1.0,2.119,1.0,4.0,4,153.0118503700081,287.475370239123,pobre,basal,2,16.666666,818.0,1.0,49.0,13,422,16055,4,1.0
98,1.0,1.0,2.119,,,4,153.0118503700081,287.475370239123,pobre,basal,2,16.666666,818.0,1.0,49.0,14,422,16055,4,1.0
97,0.0,1.0,2.848,1.0,8.0,7,156.9623114120321,265.9135776509436,pobre,0,6,500.0,577.0,1.0,40.0,14,423,16056,8,1.0
98,0.0,1.0,2.848,1.0,8.0,7,156.9623114120321,265.9135776509436,pobre,0,6,500.0,577.0,1.0,40.0,15,423,16056,8,1.0
97,0.0,1.0,2.848,0.0,6.0,7,156.9623114120321,265.9135776509436,pobre,0,6,500.0,577.0,1.0,40.0,11,423,16057,6,0.0
98,0.0,1.0,2.848,0.0,6.0,7,156.9623114120321,265.9135776509436,pobre,0,6,500.0,577.0,1.0,40.0,12,423,16057,6,0.0
97,1.0,1.0,2.848,1.0,1.0,7,156.9623114120321,265.9135776509436,pobre,0,6,500.0,577.0,1.0,40.0,7,423,16058,1,1.0
98,1.0,1.0,2.848,1.0,2.0,7,156.9623114120321,265.9135776509436,pobre,0,6,500.0,577.0,1.0,40.0,8,423,16058,1,1.0
97,0.0,1.0,2.848,0.0,6.0,12,156.9623114120321,265.9135776509436,pobre,0,1,0.0,475.0,1.0,53.0,15,423,16059,6,0.0
98,0.0,1.0,2.848,,,12,156.9623114120321,265.9135776509436,pobre,0,1,0.0,475.0,1.0,53.0,16,423,16059,6,0.0
97,0.0,1.0,2.848,1.0,4.0,12,156.9623114120321,265.9135776509436,pobre,0,1,0.0,475.0,1.0,53.0,13,423,16060,4,1.0
98,0.0,1.0,2.848,1.0,5.0,12,156.9623114120321,265.9135776509436,pobre,0,1,0.0,475.0,1.0,53.0,14,423,16060,4,1.0
97,0.0,1.0,2.848,1.0,2.0,12,156.9623114120321,265.9135776509436,pobre,0,1,0.0,475.0,1.0,53.0,9,423,16061,2,1.0
98,0.0,1.0,2.848,1.0,3.0,12,156.9623114120321,265.9135776509436,pobre,0,1,0.0,475.0,1.0,53.0,10,423,16061,2,1.0
97,0.0,1.0,2.848,1.0,1.0,12,156.9623114120321,265.9135776509436,pobre,0,1,0.0,475.0,1.0,53.0,6,423,16062,1,1.0
98,0.0,1.0,2.848,1.0,2.0,12,156.9623114120321,265.9135776509436,pobre,0,1,0.0,475.0,1.0,53.0,7,423,16062,1,1.0
97,1.0,1.0,2.848,1.0,2.0,12,156.9623114120321,265.9135776509436,pobre,0,1,0.0,475.0,1.0,53.0,10,423,16063,2,1.0
98,1.0,1.0,2.848,1.0,3.0,12,156.9623114120321,265.9135776509436,pobre,0,1,0.0,475.0,1.0,53.0,11,423,16063,2,1.0
97,1.0,1.0,2.848,1.0,2.0,12,156.9623114120321,265.9135776509436,pobre,0,1,0.0,475.0,1.0,53.0,7,423,16064,2,1.0
98,1.0,1.0,2.848,1.0,2.0,12,156.9623114120321,265.9135776509436,pobre,0,1,0.0,475.0,1.0,53.0,8,423,16064,2,1.0
97,0.0,1.0,2.848,0.0,3.0,7,156.9623114120321,265.9135776509436,pobre,0,3,625.0,847.5,1.0,43.0,16,423,16065,3,0.0
98,0.0,1.0,2.848,,,7,156.9623114120321,265.9135776509436,pobre,0,3,625.0,847.5,1.0,43.0,17,423,16065,3,0.0
97,0.0,1.0,2.848,1.0,5.0,7,156.9623114120321,265.9135776509436,pobre,0,3,625.0,847.5,1.0,43.0,12,423,16066,5,1.0
98,0.0,1.0,2.848,0.0,6.0,7,156.9623114120321,265.9135776509436,pobre,0,3,625.0,847.5,1.0,43.0,13,423,16066,5,1.0
97,1.0,1.0,2.848,1.0,3.0,7,156.9623114120321,265.9135776509436,pobre,0,3,625.0,847.5,1.0,43.0,9,423,16067,3,1.0
98,1.0,1.0,2.848,1.0,3.0,7,156.9623114120321,265.9135776509436,pobre,0,3,625.0,847.5,1.0,43.0,10,423,16067,3,1.0
97,0.0,1.0,2.848,0.0,6.0,11,156.9623114120321,265.9135776509436,pobre,0,3,625.0,740.33099,1.0,40.0,16,423,16068,6,0.0
98,0.0,1.0,2.848,,,11,156.9623114120321,265.9135776509436,pobre,0,3,625.0,740.33099,1.0,40.0,17,423,16068,6,0.0
97,0.0,1.0,2.848,1.0,5.0,11,156.9623114120321,265.9135776509436,pobre,0,3,625.0,740.33099,1.0,40.0,12,423,16069,5,1.0
98,0.0,1.0,2.848,0.0,6.0,11,156.9623114120321,265.9135776509436,pobre,0,3,625.0,740.33099,1.0,40.0,13,423,16069,5,1.0
97,0.0,1.0,2.848,1.0,3.0,11,156.9623114120321,265.9135776509436,pobre,0,3,625.0,740.33099,1.0,40.0,9,423,16070,3,1.0
98,0.0,1.0,2.848,1.0,4.0,11,156.9623114120321,265.9135776509436,pobre,0,3,625.0,740.33099,1.0,40.0,10,423,16070,3,1.0
97,0.0,1.0,2.848,1.0,1.0,11,156.9623114120321,265.9135776509436,pobre,0,3,625.0,740.33099,1.0,40.0,7,423,16071,1,1.0
98,0.0,1.0,2.848,1.0,2.0,11,156.9623114120321,265.9135776509436,pobre,0,3,625.0,740.33099,1.0,40.0,8,423,16071,1,1.0
97,0.0,1.0,2.848,0.0,6.0,8,156.9623114120321,265.9135776509436,pobre,0,3,500.0,701.0,1.0,43.0,15,423,16072,6,0.0
98,0.0,1.0,2.848,0.0,6.0,8,156.9623114120321,265.9135776509436,pobre,0,3,500.0,701.0,1.0,43.0,16,423,16072,6,0.0
97,0.0,1.0,2.848,1.0,5.0,8,156.9623114120321,265.9135776509436,pobre,0,3,500.0,701.0,1.0,43.0,11,423,16073,5,1.0
98,0.0,1.0,2.848,0.0,6.0,8,156.9623114120321,265.9135776509436,pobre,0,3,500.0,701.0,1.0,43.0,12,423,16073,5,1.0
97,0.0,1.0,2.848,1.0,3.0,8,156.9623114120321,265.9135776509436,pobre,0,3,500.0,701.0,1.0,43.0,9,423,16074,3,1.0
98,0.0,1.0,2.848,1.0,3.0,8,156.9623114120321,265.9135776509436,pobre,0,3,500.0,701.0,1.0,43.0,10,423,16074,3,1.0
97,0.0,1.0,2.848,1.0,0.0,8,156.9623114120321,265.9135776509436,pobre,0,3,500.0,701.0,1.0,43.0,6,423,16075,0,1.0
98,0.0,1.0,2.848,1.0,1.0,8,156.9623114120321,265.9135776509436,pobre,0,3,500.0,701.0,1.0,43.0,7,423,16075,0,1.0
97,1.0,1.0,2.848,1.0,7.0,9,156.9623114120321,265.9135776509436,pobre,0,3,500.0,662.5,1.0,55.0,14,423,16076,7,1.0
98,1.0,1.0,2.848,1.0,8.0,9,156.9623114120321,265.9135776509436,pobre,0,3,500.0,662.5,1.0,55.0,15,423,16076,7,1.0
97,0.0,1.0,2.848,1.0,4.0,9,156.9623114120321,265.9135776509436,pobre,0,3,500.0,662.5,1.0,55.0,11,423,16077,4,1.0
98,0.0,1.0,2.848,1.0,5.0,9,156.9623114120321,265.9135776509436,pobre,0,3,500.0,662.5,1.0,55.0,12,423,16077,4,1.0
97,0.0,1.0,2.848,1.0,2.0,9,156.9623114120321,265.9135776509436,pobre,0,3,500.0,662.5,1.0,55.0,9,423,16078,2,1.0
98,0.0,1.0,2.848,1.0,3.0,9,156.9623114120321,265.9135776509436,pobre,0,3,500.0,662.5,1.0,55.0,10,423,16078,2,1.0
97,0.0,1.0,2.848,0.0,6.0,9,156.9623114120321,265.9135776509436,pobre,0,3,500.0,662.5,1.0,55.0,15,423,16079,6,0.0
98,0.0,1.0,2.848,0.0,6.0,9,156.9623114120321,265.9135776509436,pobre,0,3,500.0,662.5,1.0,55.0,16,423,16079,6,0.0
97,0.0,1.0,2.848,0.0,6.0,4,156.9623114120321,265.9135776509436,pobre,0,3,500.0,769.0,1.0,51.0,12,423,16080,6,0.0
98,0.0,1.0,2.848,,,4,156.9623114120321,265.9135776509436,pobre,0,3,500.0,769.0,1.0,51.0,13,423,16080,6,0.0
97,0.0,1.0,2.848,1.0,9.0,6,156.9623114120321,265.9135776509436,pobre,0,3,500.0,742.0,1.0,52.0,15,423,16081,9,1.0
98,0.0,1.0,2.848,0.0,9.0,6,156.9623114120321,265.9135776509436,pobre,0,3,500.0,742.0,1.0,52.0,16,423,16081,9,1.0
97,1.0,1.0,2.848,1.0,1.0,6,156.9623114120321,265.9135776509436,pobre,0,3,500.0,742.0,1.0,52.0,7,423,16082,1,1.0
98,1.0,1.0,2.848,1.0,1.0,6,156.9623114120321,265.9135776509436,pobre,0,3,500.0,742.0,1.0,52.0,8,423,16082,1,1.0
97,0.0,1.0,2.848,0.0,6.0,7,156.9623114120321,265.9135776509436,pobre,0,6,500.0,602.0,1.0,36.0,15,423,16083,6,0.0
98,0.0,1.0,2.848,0.0,6.0,7,156.9623114120321,265.9135776509436,pobre,0,6,500.0,602.0,1.0,36.0,16,423,16083,6,0.0
97,1.0,1.0,2.848,1.0,7.0,7,156.9623114120321,265.9135776509436,pobre,0,6,500.0,602.0,1.0,36.0,13,423,16084,7,1.0
98,1.0,1.0,2.848,1.0,8.0,7,156.9623114120321,265.9135776509436,pobre,0,6,500.0,602.0,1.0,36.0,14,423,16084,7,1.0
97,0.0,1.0,2.848,1.0,2.0,7,156.9623114120321,265.9135776509436,pobre,0,6,500.0,602.0,1.0,36.0,8,423,16085,2,1.0
98,0.0,1.0,2.848,1.0,3.0,7,156.9623114120321,265.9135776509436,pobre,0,6,500.0,602.0,1.0,36.0,9,423,16085,2,1.0
97,1.0,1.0,2.848,1.0,0.0,7,156.9623114120321,265.9135776509436,pobre,0,6,500.0,602.0,1.0,36.0,6,423,16086,0,1.0
98,1.0,1.0,2.848,1.0,1.0,7,156.9623114120321,265.9135776509436,pobre,0,6,500.0,602.0,1.0,36.0,7,423,16086,0,1.0
97,1.0,1.0,2.848,1.0,7.0,7,156.9623114120321,265.9135776509436,pobre,0,6,500.0,623.0,1.0,35.0,13,423,16087,7,1.0
98,1.0,1.0,2.848,1.0,8.0,7,156.9623114120321,265.9135776509436,pobre,0,6,500.0,623.0,1.0,35.0,14,423,16087,7,1.0
97,0.0,1.0,2.848,1.0,4.0,7,156.9623114120321,265.9135776509436,pobre,0,6,500.0,623.0,1.0,35.0,10,423,16088,4,1.0
98,0.0,1.0,2.848,1.0,4.0,7,156.9623114120321,265.9135776509436,pobre,0,6,500.0,623.0,1.0,35.0,11,423,16088,4,1.0
97,0.0,1.0,2.848,1.0,1.0,7,156.9623114120321,265.9135776509436,pobre,0,6,500.0,623.0,1.0,35.0,7,423,16089,1,1.0
98,0.0,1.0,2.848,1.0,2.0,7,156.9623114120321,265.9135776509436,pobre,0,6,500.0,623.0,1.0,35.0,8,423,16089,1,1.0
97,1.0,1.0,2.848,1.0,4.0,6,156.9623114120321,265.9135776509436,pobre,0,3,500.0,664.0,1.0,56.0,10,423,16090,4,1.0
98,1.0,1.0,2.848,1.0,5.0,6,156.9623114120321,265.9135776509436,pobre,0,3,500.0,664.0,1.0,56.0,11,423,16090,4,1.0
97,0.0,1.0,2.848,1.0,4.0,8,156.9623114120321,265.9135776509436,pobre,0,3,500.0,813.0,1.0,53.0,9,423,16091,4,1.0
98,0.0,1.0,2.848,1.0,5.0,8,156.9623114120321,265.9135776509436,pobre,0,3,500.0,813.0,1.0,53.0,10,423,16091,4,1.0
97,1.0,1.0,2.848,1.0,1.0,8,156.9623114120321,265.9135776509436,pobre,0,3,500.0,813.0,1.0,53.0,7,423,16092,1,1.0
98,1.0,1.0,2.848,1.0,2.0,8,156.9623114120321,265.9135776509436,pobre,0,3,500.0,813.0,1.0,53.0,8,423,16092,1,1.0
97,1.0,1.0,2.848,1.0,0.0,8,156.9623114120321,265.9135776509436,pobre,0,3,500.0,813.0,1.0,53.0,6,423,16093,0,1.0
98,1.0,1.0,2.848,1.0,1.0,8,156.9623114120321,265.9135776509436,pobre,0,3,500.0,813.0,1.0,53.0,7,423,16093,0,1.0
97,1.0,1.0,2.848,1.0,8.0,10,156.9623114120321,265.9135776509436,pobre,0,3,0.0,560.0,0.0,76.0,15,423,16094,8,1.0
98,1.0,1.0,2.848,1.0,9.0,10,156.9623114120321,265.9135776509436,pobre,0,3,0.0,560.0,0.0,76.0,16,423,16094,8,1.0
97,0.0,1.0,2.848,1.0,7.0,10,156.9623114120321,265.9135776509436,pobre,0,3,0.0,560.0,0.0,76.0,14,423,16095,7,1.0
98,0.0,1.0,2.848,1.0,8.0,10,156.9623114120321,265.9135776509436,pobre,0,3,0.0,560.0,0.0,76.0,15,423,16095,7,1.0
97,1.0,1.0,2.848,1.0,5.0,10,156.9623114120321,265.9135776509436,pobre,0,3,0.0,560.0,0.0,76.0,13,423,16096,5,1.0
98,1.0,1.0,2.848,,,10,156.9623114120321,265.9135776509436,pobre,0,3,0.0,560.0,0.0,76.0,14,423,16096,5,1.0
97,1.0,1.0,2.848,1.0,5.0,10,156.9623114120321,265.9135776509436,pobre,0,3,0.0,560.0,0.0,76.0,10,423,16097,5,1.0
98,1.0,1.0,2.848,1.0,6.0,10,156.9623114120321,265.9135776509436,pobre,0,3,0.0,560.0,0.0,76.0,11,423,16097,5,1.0
97,1.0,1.0,2.848,1.0,0.0,10,156.9623114120321,265.9135776509436,pobre,0,3,0.0,560.0,0.0,76.0,6,423,16098,0,1.0
98,1.0,1.0,2.848,1.0,1.0,10,156.9623114120321,265.9135776509436,pobre,0,3,0.0,560.0,0.0,76.0,7,423,16098,0,1.0
97,1.0,1.0,2.848,1.0,8.0,6,156.9623114120321,265.9135776509436,pobre,0,6,500.0,616.0,1.0,40.0,15,423,16099,8,1.0
98,1.0,1.0,2.848,0.0,9.0,6,156.9623114120321,265.9135776509436,pobre,0,6,500.0,616.0,1.0,40.0,16,423,16099,8,1.0
97,1.0,1.0,2.848,1.0,1.0,6,156.9623114120321,265.9135776509436,pobre,0,6,500.0,616.0,1.0,40.0,7,423,16100,1,1.0
98,1.0,1.0,2.848,1.0,2.0,6,156.9623114120321,265.9135776509436,pobre,0,6,500.0,616.0,1.0,40.0,8,423,16100,1,1.0
97,1.0,1.0,2.848,1.0,3.0,6,156.9623114120321,265.9135776509436,pobre,0,3,500.0,702.0,1.0,49.0,8,423,16101,3,1.0
98,1.0,1.0,2.848,1.0,4.0,6,156.9623114120321,265.9135776509436,pobre,0,3,500.0,702.0,1.0,49.0,9,423,16101,3,1.0
97,1.0,1.0,2.848,1.0,0.0,6,156.9623114120321,265.9135776509436,pobre,0,3,500.0,702.0,1.0,49.0,6,423,16102,0,1.0
98,1.0,1.0,2.848,1.0,1.0,6,156.9623114120321,265.9135776509436,pobre,0,3,500.0,702.0,1.0,49.0,7,423,16102,0,1.0
97,0.0,1.0,2.848,1.0,8.0,6,156.9623114120321,265.9135776509436,pobre,0,3,500.0,702.0,1.0,49.0,13,423,16103,8,1.0
98,0.0,1.0,2.848,1.0,9.0,6,156.9623114120321,265.9135776509436,pobre,0,3,500.0,702.0,1.0,49.0,14,423,16103,8,1.0
97,1.0,0.0,4.152,1.0,5.0,3,52.27688165081197,75.3069717543874,no pobre,0,1,833.33331,1127.0,1.0,79.0,14,477,16104,5,1.0
98,1.0,0.0,4.152,1.0,6.0,3,52.27688165081197,75.3069717543874,no pobre,0,1,833.33331,1127.0,1.0,79.0,15,477,16104,5,1.0
97,1.0,0.0,4.152,0.0,6.0,7,52.27688165081197,75.3069717543874,pobre,0,0,0.0,783.0,0.0,57.0,14,477,16105,6,0.0
98,1.0,0.0,4.152,0.0,6.0,7,52.27688165081197,75.3069717543874,pobre,0,0,0.0,783.0,0.0,57.0,15,477,16105,6,0.0
97,0.0,0.0,0.0,1.0,2.0,5,147.8817569696666,179.6205427503714,pobre,0,9,750.0,688.0,1.0,29.0,9,359,16106,2,1.0
98,0.0,0.0,0.0,1.0,3.0,5,147.8817569696666,179.6205427503714,pobre,0,9,750.0,688.0,1.0,29.0,10,359,16106,2,1.0
97,0.0,0.0,0.0,1.0,0.0,5,147.8817569696666,179.6205427503714,pobre,0,9,750.0,688.0,1.0,29.0,6,359,16107,0,1.0
98,0.0,0.0,0.0,1.0,0.0,5,147.8817569696666,179.6205427503714,pobre,0,9,750.0,688.0,1.0,29.0,7,359,16107,0,1.0
97,1.0,0.0,4.152,1.0,1.0,5,52.27688165081197,75.3069717543874,pobre,0,3,875.0,925.0,1.0,36.0,9,477,16108,1,1.0
98,1.0,0.0,4.152,1.0,1.0,5,52.27688165081197,75.3069717543874,pobre,0,3,875.0,925.0,1.0,36.0,10,477,16108,1,1.0
97,0.0,0.0,4.152,1.0,2.0,5,52.27688165081197,75.3069717543874,pobre,0,3,875.0,925.0,1.0,36.0,8,477,16109,2,1.0
98,0.0,0.0,4.152,1.0,3.0,5,52.27688165081197,75.3069717543874,pobre,0,3,875.0,925.0,1.0,36.0,9,477,16109,2,1.0
97,0.0,0.0,4.152,0.0,6.0,10,52.27688165081197,75.3069717543874,pobre,0,0,750.0,593.0,1.0,40.0,15,477,16110,6,0.0
98,0.0,0.0,4.152,0.0,6.0,10,52.27688165081197,75.3069717543874,pobre,0,0,750.0,593.0,1.0,40.0,16,477,16110,6,0.0
97,1.0,0.0,4.152,0.0,4.0,10,52.27688165081197,75.3069717543874,pobre,0,0,750.0,593.0,1.0,40.0,13,477,16111,4,0.0
98,1.0,0.0,4.152,1.0,5.0,10,52.27688165081197,75.3069717543874,pobre,0,0,750.0,593.0,1.0,40.0,14,477,16111,4,0.0
97,1.0,0.0,4.152,1.0,3.0,10,52.27688165081197,75.3069717543874,pobre,0,0,750.0,593.0,1.0,40.0,11,477,16112,3,1.0
98,1.0,0.0,4.152,1.0,4.0,10,52.27688165081197,75.3069717543874,pobre,0,0,750.0,593.0,1.0,40.0,12,477,16112,3,1.0
97,0.0,0.0,4.152,1.0,2.0,10,52.27688165081197,75.3069717543874,pobre,0,0,750.0,593.0,1.0,40.0,9,477,16113,2,1.0
98,0.0,0.0,4.152,1.0,3.0,10,52.27688165081197,75.3069717543874,pobre,0,0,750.0,593.0,1.0,40.0,10,477,16113,2,1.0
97,1.0,0.0,4.152,1.0,1.0,10,52.27688165081197,75.3069717543874,pobre,0,0,750.0,593.0,1.0,40.0,7,477,16114,1,1.0
98,1.0,0.0,4.152,1.0,1.0,10,52.27688165081197,75.3069717543874,pobre,0,0,750.0,593.0,1.0,40.0,8,477,16114,1,1.0
97,1.0,0.0,3.3399999,1.0,2.0,10,134.8632117453186,294.006768656868,pobre,basal,8,500.0,671.0,1.0,34.0,9,424,16115,2,1.0
98,1.0,0.0,3.3399999,1.0,3.0,10,134.8632117453186,294.006768656868,pobre,basal,8,500.0,671.0,1.0,34.0,10,424,16115,2,1.0
97,1.0,0.0,3.3399999,1.0,1.0,10,134.8632117453186,294.006768656868,pobre,basal,8,500.0,671.0,1.0,34.0,8,424,16116,1,1.0
98,1.0,0.0,3.3399999,1.0,2.0,10,134.8632117453186,294.006768656868,pobre,basal,8,500.0,671.0,1.0,34.0,9,424,16116,1,1.0
97,1.0,0.0,3.3399999,1.0,0.0,10,134.8632117453186,294.006768656868,pobre,basal,8,500.0,671.0,1.0,34.0,6,424,16117,0,1.0
98,1.0,0.0,3.3399999,1.0,1.0,10,134.8632117453186,294.006768656868,pobre,basal,8,500.0,671.0,1.0,34.0,7,424,16117,0,1.0
97,1.0,0.0,3.3399999,1.0,3.0,10,134.8632117453186,294.006768656868,pobre,basal,8,500.0,671.0,1.0,34.0,10,424,16118,3,1.0
98,1.0,0.0,3.3399999,1.0,4.0,10,134.8632117453186,294.006768656868,pobre,basal,8,500.0,671.0,1.0,34.0,11,424,16118,3,1.0
97,1.0,0.0,3.3399999,0.0,9.0,10,134.8632117453186,294.006768656868,pobre,basal,4,625.0,734.0,1.0,36.0,16,424,16119,9,0.0
98,1.0,0.0,3.3399999,,,10,134.8632117453186,294.006768656868,pobre,basal,4,625.0,734.0,1.0,36.0,17,424,16119,9,0.0
97,0.0,0.0,3.3399999,0.0,7.0,10,134.8632117453186,294.006768656868,pobre,basal,4,625.0,734.0,1.0,36.0,15,424,16120,7,0.0
98,0.0,0.0,3.3399999,,,10,134.8632117453186,294.006768656868,pobre,basal,4,625.0,734.0,1.0,36.0,16,424,16120,7,0.0
97,0.0,0.0,3.3399999,1.0,6.0,10,134.8632117453186,294.006768656868,pobre,basal,4,625.0,734.0,1.0,36.0,13,424,16121,6,1.0
98,0.0,0.0,3.3399999,1.0,7.0,10,134.8632117453186,294.006768656868,pobre,basal,4,625.0,734.0,1.0,36.0,14,424,16121,6,1.0
97,1.0,0.0,3.3399999,1.0,4.0,10,134.8632117453186,294.006768656868,pobre,basal,4,625.0,734.0,1.0,36.0,11,424,16122,4,1.0
98,1.0,0.0,3.3399999,1.0,5.0,10,134.8632117453186,294.006768656868,pobre,basal,4,625.0,734.0,1.0,36.0,12,424,16122,4,1.0
97,0.0,0.0,3.3399999,1.0,2.0,10,134.8632117453186,294.006768656868,pobre,basal,4,625.0,734.0,1.0,36.0,9,424,16123,2,1.0
98,0.0,0.0,3.3399999,1.0,3.0,10,134.8632117453186,294.006768656868,pobre,basal,4,625.0,734.0,1.0,36.0,10,424,16123,2,1.0
97,0.0,0.0,3.3399999,1.0,0.0,10,134.8632117453186,294.006768656868,pobre,basal,4,625.0,734.0,1.0,36.0,7,424,16124,0,1.0
98,0.0,0.0,3.3399999,1.0,1.0,10,134.8632117453186,294.006768656868,pobre,basal,4,625.0,734.0,1.0,36.0,8,424,16124,0,1.0
97,1.0,1.0,4.4390001,1.0,2.0,7,141.0977350861535,286.0098668459468,pobre,basal,9,500.0,641.0,1.0,23.0,8,437,16125,2,1.0
98,1.0,1.0,4.4390001,1.0,3.0,7,141.0977350861535,286.0098668459468,pobre,basal,9,500.0,641.0,1.0,23.0,9,437,16125,2,1.0
97,1.0,1.0,4.4390001,0.0,9.0,2,141.0977350861535,286.0098668459468,pobre,basal,4,500.0,782.0,1.0,59.0,15,437,16126,9,0.0
98,1.0,1.0,4.4390001,0.0,9.0,2,141.0977350861535,286.0098668459468,pobre,basal,4,500.0,782.0,1.0,59.0,16,437,16126,9,0.0
97,0.0,1.0,4.4390001,0.0,5.0,6,141.0977350861535,286.0098668459468,pobre,basal,6,500.0,754.0,1.0,52.0,15,437,16127,5,0.0
98,0.0,1.0,4.4390001,,,6,141.0977350861535,286.0098668459468,pobre,basal,6,500.0,754.0,1.0,52.0,16,437,16127,5,0.0
97,0.0,1.0,4.4390001,1.0,5.0,6,141.0977350861535,286.0098668459468,pobre,basal,6,500.0,754.0,1.0,52.0,12,437,16128,5,1.0
98,0.0,1.0,4.4390001,,,6,141.0977350861535,286.0098668459468,pobre,basal,6,500.0,754.0,1.0,52.0,13,437,16128,5,1.0
97,1.0,1.0,4.4390001,1.0,2.0,6,141.0977350861535,286.0098668459468,pobre,basal,6,500.0,754.0,1.0,52.0,8,437,16129,2,1.0
98,1.0,1.0,4.4390001,1.0,3.0,6,141.0977350861535,286.0098668459468,pobre,basal,6,500.0,754.0,1.0,52.0,9,437,16129,2,1.0
97,1.0,1.0,4.4390001,1.0,6.0,8,141.0977350861535,286.0098668459468,pobre,basal,3,500.0,447.0,1.0,35.0,13,437,16130,6,1.0
98,1.0,1.0,4.4390001,1.0,7.0,8,141.0977350861535,286.0098668459468,pobre,basal,3,500.0,447.0,1.0,35.0,14,437,16130,6,1.0
97,1.0,1.0,4.4390001,1.0,5.0,8,141.0977350861535,286.0098668459468,pobre,basal,3,500.0,447.0,1.0,35.0,12,437,16131,5,1.0
98,1.0,1.0,4.4390001,1.0,6.0,8,141.0977350861535,286.0098668459468,pobre,basal,3,500.0,447.0,1.0,35.0,13,437,16131,5,1.0
97,1.0,1.0,4.4390001,1.0,2.0,8,141.0977350861535,286.0098668459468,pobre,basal,3,500.0,447.0,1.0,35.0,10,437,16132,2,1.0
98,1.0,1.0,4.4390001,1.0,3.0,8,141.0977350861535,286.0098668459468,pobre,basal,3,500.0,447.0,1.0,35.0,11,437,16132,2,1.0
97,1.0,1.0,4.4390001,1.0,2.0,8,141.0977350861535,286.0098668459468,pobre,basal,3,500.0,447.0,1.0,35.0,7,437,16133,2,1.0
98,1.0,1.0,4.4390001,1.0,3.0,8,141.0977350861535,286.0098668459468,pobre,basal,3,500.0,447.0,1.0,35.0,8,437,16133,2,1.0
97,0.0,1.0,4.4390001,1.0,10.0,10,141.0977350861535,286.0098668459468,pobre,basal,6,500.0,552.0,1.0,45.0,15,437,16134,10,1.0
98,0.0,1.0,4.4390001,1.0,9.0,10,141.0977350861535,286.0098668459468,pobre,basal,6,500.0,552.0,1.0,45.0,16,437,16134,10,1.0
97,0.0,1.0,4.4390001,0.0,6.0,10,141.0977350861535,286.0098668459468,pobre,basal,6,500.0,552.0,1.0,45.0,13,437,16135,6,0.0
98,0.0,1.0,4.4390001,,,10,141.0977350861535,286.0098668459468,pobre,basal,6,500.0,552.0,1.0,45.0,14,437,16135,6,0.0
97,0.0,1.0,4.4390001,1.0,4.0,10,141.0977350861535,286.0098668459468,pobre,basal,6,500.0,552.0,1.0,45.0,11,437,16136,4,1.0
98,0.0,1.0,4.4390001,1.0,5.0,10,141.0977350861535,286.0098668459468,pobre,basal,6,500.0,552.0,1.0,45.0,12,437,16136,4,1.0
97,0.0,1.0,4.4390001,1.0,2.0,10,141.0977350861535,286.0098668459468,pobre,basal,6,500.0,552.0,1.0,45.0,9,437,16137,2,1.0
98,0.0,1.0,4.4390001,,,10,141.0977350861535,286.0098668459468,pobre,basal,6,500.0,552.0,1.0,45.0,10,437,16137,2,1.0
97,0.0,1.0,4.4390001,1.0,3.0,10,141.0977350861535,286.0098668459468,pobre,basal,6,500.0,552.0,1.0,45.0,7,437,16138,3,1.0
98,0.0,1.0,4.4390001,,,10,141.0977350861535,286.0098668459468,pobre,basal,6,500.0,552.0,1.0,45.0,8,437,16138,3,1.0
97,1.0,0.0,3.737,1.0,3.0,5,79.32525308118672,79.32525308118672,pobre,basal,3,1000.0,751.5,1.0,67.0,10,294,16139,3,1.0
98,1.0,0.0,3.737,1.0,4.0,5,79.32525308118672,79.32525308118672,pobre,basal,3,1000.0,751.5,1.0,67.0,11,294,16139,3,1.0
97,0.0,0.0,3.737,0.0,9.0,7,79.32525308118672,79.32525308118672,pobre,basal,6,2400.0,893.0,1.0,38.0,15,294,16140,9,0.0
98,0.0,0.0,3.737,0.0,9.0,7,79.32525308118672,79.32525308118672,pobre,basal,6,2400.0,893.0,1.0,38.0,16,294,16140,9,0.0
97,0.0,0.0,3.737,1.0,7.0,7,79.32525308118672,79.32525308118672,pobre,basal,6,2400.0,893.0,1.0,38.0,13,294,16141,7,1.0
98,0.0,0.0,3.737,1.0,8.0,7,79.32525308118672,79.32525308118672,pobre,basal,6,2400.0,893.0,1.0,38.0,14,294,16141,7,1.0
97,1.0,0.0,3.737,1.0,4.0,7,79.32525308118672,79.32525308118672,pobre,basal,6,2400.0,893.0,1.0,38.0,10,294,16142,4,1.0
98,1.0,0.0,3.737,1.0,5.0,7,79.32525308118672,79.32525308118672,pobre,basal,6,2400.0,893.0,1.0,38.0,11,294,16142,4,1.0
97,1.0,0.0,3.737,0.0,6.0,7,79.32525308118672,79.32525308118672,pobre,basal,5,0.0,836.79999,1.0,60.0,15,294,16143,6,0.0
98,1.0,0.0,3.737,,,7,79.32525308118672,79.32525308118672,pobre,basal,5,0.0,836.79999,1.0,60.0,16,294,16143,6,0.0
97,0.0,0.0,3.737,0.0,6.0,7,79.32525308118672,79.32525308118672,pobre,basal,5,0.0,836.79999,1.0,60.0,13,294,16144,6,0.0
98,0.0,0.0,3.737,0.0,5.0,7,79.32525308118672,79.32525308118672,pobre,basal,5,0.0,836.79999,1.0,60.0,14,294,16144,6,0.0
97,1.0,0.0,0.0,1.0,6.0,6,72.80421840935115,72.80421840935115,pobre,0,1,1400.0,855.5,1.0,44.0,12,283,16145,6,1.0
98,1.0,0.0,0.0,1.0,7.0,6,72.80421840935115,72.80421840935115,pobre,0,1,1400.0,855.5,1.0,44.0,13,283,16145,6,1.0
97,1.0,0.0,1.585,1.0,2.0,5,59.28811182936826,59.28811182936826,pobre,basal,3,1080.0,517.0,1.0,32.0,8,176,16146,2,1.0
98,1.0,0.0,1.585,1.0,3.0,5,59.28811182936826,59.28811182936826,pobre,basal,3,1080.0,517.0,1.0,32.0,9,176,16146,2,1.0
97,0.0,0.0,1.585,1.0,0.0,5,59.28811182936826,59.28811182936826,pobre,basal,3,1080.0,517.0,1.0,32.0,6,176,16147,0,1.0
98,0.0,0.0,1.585,1.0,1.0,5,59.28811182936826,59.28811182936826,pobre,basal,3,1080.0,517.0,1.0,32.0,7,176,16147,0,1.0
97,0.0,1.0,4.302,1.0,4.0,5,141.8934480113655,284.1669175236383,pobre,basal,4,500.0,697.0,1.0,42.0,11,434,16148,4,1.0
98,0.0,1.0,4.302,1.0,5.0,5,141.8934480113655,284.1669175236383,pobre,basal,4,500.0,697.0,1.0,42.0,12,434,16148,4,1.0
97,1.0,1.0,4.302,1.0,1.0,5,141.8934480113655,284.1669175236383,pobre,basal,4,500.0,697.0,1.0,42.0,8,434,16149,1,1.0
98,1.0,1.0,4.302,1.0,2.0,5,141.8934480113655,284.1669175236383,pobre,basal,4,500.0,697.0,1.0,42.0,9,434,16149,1,1.0
97,0.0,1.0,4.302,1.0,7.0,6,141.8934480113655,284.1669175236383,pobre,basal,6,500.0,622.0,1.0,35.0,14,434,16150,7,1.0
98,0.0,1.0,4.302,1.0,8.0,6,141.8934480113655,284.1669175236383,pobre,basal,6,500.0,622.0,1.0,35.0,15,434,16150,7,1.0
97,0.0,1.0,4.302,1.0,5.0,6,141.8934480113655,284.1669175236383,pobre,basal,6,500.0,622.0,1.0,35.0,11,434,16151,5,1.0
98,0.0,1.0,4.302,1.0,6.0,6,141.8934480113655,284.1669175236383,pobre,basal,6,500.0,622.0,1.0,35.0,12,434,16151,5,1.0
97,1.0,1.0,4.302,1.0,2.0,6,141.8934480113655,284.1669175236383,pobre,basal,6,500.0,622.0,1.0,35.0,9,434,16152,2,1.0
98,1.0,1.0,4.302,1.0,3.0,6,141.8934480113655,284.1669175236383,pobre,basal,6,500.0,622.0,1.0,35.0,10,434,16152,2,1.0
97,0.0,1.0,4.302,1.0,0.0,6,141.8934480113655,284.1669175236383,pobre,basal,6,500.0,622.0,1.0,35.0,6,434,16153,0,1.0
98,0.0,1.0,4.302,1.0,1.0,6,141.8934480113655,284.1669175236383,pobre,basal,6,500.0,622.0,1.0,35.0,7,434,16153,0,1.0
97,0.0,1.0,4.302,1.0,5.0,4,141.8934480113655,284.1669175236383,pobre,basal,4,500.0,736.0,1.0,42.0,12,434,16154,5,1.0
98,0.0,1.0,4.302,1.0,6.0,4,141.8934480113655,284.1669175236383,pobre,basal,4,500.0,736.0,1.0,42.0,13,434,16154,5,1.0
97,0.0,1.0,4.302,1.0,1.0,4,141.8934480113655,284.1669175236383,pobre,basal,4,500.0,736.0,1.0,42.0,9,434,16155,1,1.0
98,0.0,1.0,4.302,1.0,2.0,4,141.8934480113655,284.1669175236383,pobre,basal,4,500.0,736.0,1.0,42.0,10,434,16155,1,1.0
97,1.0,0.0,4.0149999,1.0,4.0,6,99.85985058067774,99.85985058067774,no pobre,0,0,0.0,756.0,1.0,70.0,10,142,16156,4,1.0
98,1.0,0.0,4.0149999,1.0,5.0,6,99.85985058067774,99.85985058067774,no pobre,0,0,0.0,756.0,1.0,70.0,11,142,16156,4,1.0
97,0.0,0.0,4.0149999,0.0,6.0,3,99.85985058067774,99.85985058067774,no pobre,0,0,320.0,726.0,1.0,65.0,13,142,16157,6,0.0
98,0.0,0.0,4.0149999,0.0,6.0,3,99.85985058067774,99.85985058067774,no pobre,0,0,320.0,726.0,1.0,65.0,14,142,16157,6,0.0
97,0.0,0.0,4.0149999,1.0,7.0,9,99.85985058067774,99.85985058067774,pobre,0,6,750.0,484.0,1.0,33.0,15,142,16158,7,1.0
98,0.0,0.0,4.0149999,0.0,7.0,9,99.85985058067774,99.85985058067774,pobre,0,6,750.0,484.0,1.0,33.0,16,142,16158,7,1.0
97,0.0,0.0,4.0149999,1.0,8.0,9,99.85985058067774,99.85985058067774,pobre,0,6,750.0,484.0,1.0,33.0,14,142,16159,8,1.0
98,0.0,0.0,4.0149999,1.0,8.0,9,99.85985058067774,99.85985058067774,pobre,0,6,750.0,484.0,1.0,33.0,15,142,16159,8,1.0
97,1.0,0.0,4.0149999,1.0,6.0,9,99.85985058067774,99.85985058067774,pobre,0,6,750.0,484.0,1.0,33.0,12,142,16160,6,1.0
98,1.0,0.0,4.0149999,1.0,7.0,9,99.85985058067774,99.85985058067774,pobre,0,6,750.0,484.0,1.0,33.0,13,142,16160,6,1.0
97,1.0,0.0,4.0149999,1.0,4.0,9,99.85985058067774,99.85985058067774,pobre,0,6,750.0,484.0,1.0,33.0,9,142,16161,4,1.0
98,1.0,0.0,4.0149999,1.0,5.0,9,99.85985058067774,99.85985058067774,pobre,0,6,750.0,484.0,1.0,33.0,10,142,16161,4,1.0
97,0.0,0.0,4.0149999,1.0,0.0,9,99.85985058067774,99.85985058067774,pobre,0,6,750.0,484.0,1.0,33.0,6,142,16162,0,1.0
98,0.0,0.0,4.0149999,1.0,1.0,9,99.85985058067774,99.85985058067774,pobre,0,6,750.0,484.0,1.0,33.0,7,142,16162,0,1.0
97,1.0,0.0,4.0149999,1.0,4.0,5,99.85985058067774,99.85985058067774,no pobre,0,4,0.0,763.0,1.0,59.0,13,142,16163,4,1.0
98,1.0,0.0,4.0149999,1.0,5.0,5,99.85985058067774,99.85985058067774,no pobre,0,4,0.0,763.0,1.0,59.0,14,142,16163,4,1.0
97,0.0,0.0,4.0149999,1.0,2.0,3,99.85985058067774,99.85985058067774,pobre,0,5,0.0,655.0,0.0,25.0,7,142,16164,2,1.0
98,0.0,0.0,4.0149999,1.0,3.0,3,99.85985058067774,99.85985058067774,pobre,0,5,0.0,655.0,0.0,25.0,8,142,16164,2,1.0
97,0.0,0.0,4.0149999,1.0,0.0,3,99.85985058067774,99.85985058067774,pobre,0,5,0.0,655.0,0.0,25.0,6,142,16165,0,1.0
98,0.0,0.0,4.0149999,1.0,1.0,3,99.85985058067774,99.85985058067774,pobre,0,5,0.0,655.0,0.0,25.0,7,142,16165,0,1.0
97,1.0,0.0,4.0149999,1.0,8.0,8,99.85985058067774,99.85985058067774,pobre,0,4,750.0,484.0,1.0,40.0,15,142,16166,8,1.0
98,1.0,0.0,4.0149999,,,8,99.85985058067774,99.85985058067774,pobre,0,4,750.0,484.0,1.0,40.0,16,142,16166,8,1.0
97,1.0,0.0,4.0149999,1.0,7.0,8,99.85985058067774,99.85985058067774,pobre,0,4,750.0,484.0,1.0,40.0,13,142,16167,7,1.0
98,1.0,0.0,4.0149999,1.0,7.0,8,99.85985058067774,99.85985058067774,pobre,0,4,750.0,484.0,1.0,40.0,14,142,16167,7,1.0
97,1.0,0.0,4.0149999,1.0,5.0,8,99.85985058067774,99.85985058067774,pobre,0,4,750.0,484.0,1.0,40.0,11,142,16168,5,1.0
98,1.0,0.0,4.0149999,1.0,6.0,8,99.85985058067774,99.85985058067774,pobre,0,4,750.0,484.0,1.0,40.0,12,142,16168,5,1.0
97,1.0,0.0,4.0149999,1.0,4.0,8,99.85985058067774,99.85985058067774,pobre,0,4,750.0,484.0,1.0,40.0,10,142,16169,4,1.0
98,1.0,0.0,4.0149999,1.0,5.0,8,99.85985058067774,99.85985058067774,pobre,0,4,750.0,484.0,1.0,40.0,11,142,16169,4,1.0
97,0.0,0.0,4.0149999,1.0,0.0,8,99.85985058067774,99.85985058067774,pobre,0,4,750.0,484.0,1.0,40.0,6,142,16170,0,1.0
98,0.0,0.0,4.0149999,1.0,,8,99.85985058067774,99.85985058067774,pobre,0,4,750.0,484.0,1.0,40.0,7,142,16170,0,1.0
97,1.0,0.0,4.0149999,1.0,5.0,7,99.85985058067774,99.85985058067774,pobre,0,2,0.0,504.0,1.0,35.0,12,142,16171,5,1.0
98,1.0,0.0,4.0149999,1.0,6.0,7,99.85985058067774,99.85985058067774,pobre,0,2,0.0,504.0,1.0,35.0,13,142,16171,5,1.0
97,0.0,0.0,4.0149999,1.0,4.0,7,99.85985058067774,99.85985058067774,pobre,0,2,0.0,504.0,1.0,35.0,10,142,16172,4,1.0
98,0.0,0.0,4.0149999,1.0,5.0,7,99.85985058067774,99.85985058067774,pobre,0,2,0.0,504.0,1.0,35.0,11,142,16172,4,1.0
97,0.0,0.0,4.0149999,1.0,2.0,7,99.85985058067774,99.85985058067774,pobre,0,2,0.0,504.0,1.0,35.0,8,142,16173,2,1.0
98,0.0,0.0,4.0149999,1.0,2.0,7,99.85985058067774,99.85985058067774,pobre,0,2,0.0,504.0,1.0,35.0,9,142,16173,2,1.0
97,0.0,0.0,4.0149999,1.0,4.0,4,99.85985058067774,99.85985058067774,pobre,0,3,0.0,658.0,1.0,37.0,10,142,16174,4,1.0
98,0.0,0.0,4.0149999,1.0,4.0,4,99.85985058067774,99.85985058067774,pobre,0,3,0.0,658.0,1.0,37.0,11,142,16174,4,1.0
97,1.0,0.0,4.0149999,1.0,3.0,4,99.85985058067774,99.85985058067774,pobre,0,3,0.0,658.0,1.0,37.0,9,142,16175,3,1.0
98,1.0,0.0,4.0149999,1.0,3.0,4,99.85985058067774,99.85985058067774,pobre,0,3,0.0,658.0,1.0,37.0,10,142,16175,3,1.0
97,0.0,0.0,4.0149999,1.0,3.0,4,99.85985058067774,99.85985058067774,pobre,0,1,600.0,707.0,1.0,63.0,10,142,16176,3,1.0
98,0.0,0.0,4.0149999,1.0,3.0,4,99.85985058067774,99.85985058067774,pobre,0,1,600.0,707.0,1.0,63.0,11,142,16176,3,1.0
97,0.0,0.0,4.0149999,0.0,6.0,6,99.85985058067774,99.85985058067774,pobre,0,4,1000.0,762.0,1.0,48.0,14,142,16177,6,0.0
98,0.0,0.0,4.0149999,1.0,6.0,6,99.85985058067774,99.85985058067774,pobre,0,4,1000.0,762.0,1.0,48.0,15,142,16177,6,0.0
97,1.0,0.0,4.0149999,1.0,6.0,6,99.85985058067774,99.85985058067774,pobre,0,4,1000.0,762.0,1.0,48.0,12,142,16178,6,1.0
98,1.0,0.0,4.0149999,1.0,7.0,6,99.85985058067774,99.85985058067774,pobre,0,4,1000.0,762.0,1.0,48.0,13,142,16178,6,1.0
97,0.0,0.0,4.0149999,1.0,9.0,6,99.85985058067774,99.85985058067774,pobre,0,3,750.0,546.0,1.0,37.0,14,142,16179,9,1.0
98,0.0,0.0,4.0149999,1.0,9.0,6,99.85985058067774,99.85985058067774,pobre,0,3,750.0,546.0,1.0,37.0,15,142,16179,9,1.0
97,1.0,0.0,4.0149999,1.0,6.0,6,99.85985058067774,99.85985058067774,pobre,0,3,750.0,546.0,1.0,37.0,12,142,16180,6,1.0
98,1.0,0.0,4.0149999,1.0,7.0,6,99.85985058067774,99.85985058067774,pobre,0,3,750.0,546.0,1.0,37.0,13,142,16180,6,1.0
97,1.0,0.0,4.0149999,1.0,4.0,6,99.85985058067774,99.85985058067774,pobre,0,3,750.0,546.0,1.0,37.0,11,142,16181,4,1.0
98,1.0,0.0,4.0149999,1.0,4.0,6,99.85985058067774,99.85985058067774,pobre,0,3,750.0,546.0,1.0,37.0,12,142,16181,4,1.0
97,1.0,0.0,4.0149999,1.0,0.0,6,99.85985058067774,99.85985058067774,pobre,0,3,750.0,546.0,1.0,37.0,6,142,16182,0,1.0
98,1.0,0.0,4.0149999,1.0,1.0,6,99.85985058067774,99.85985058067774,pobre,0,3,750.0,546.0,1.0,37.0,7,142,16182,0,1.0
97,0.0,0.0,4.0149999,0.0,6.0,5,99.85985058067774,99.85985058067774,no pobre,0,2,400.0,755.5,0.0,49.0,15,142,16183,6,0.0
98,0.0,0.0,4.0149999,0.0,6.0,5,99.85985058067774,99.85985058067774,no pobre,0,2,400.0,755.5,0.0,49.0,16,142,16183,6,0.0
97,0.0,0.0,4.0149999,1.0,5.0,5,99.85985058067774,99.85985058067774,no pobre,0,2,400.0,755.5,0.0,49.0,11,142,16184,5,1.0
98,0.0,0.0,4.0149999,1.0,6.0,5,99.85985058067774,99.85985058067774,no pobre,0,2,400.0,755.5,0.0,49.0,12,142,16184,5,1.0
97,1.0,0.0,4.0149999,1.0,3.0,5,99.85985058067774,99.85985058067774,no pobre,0,2,400.0,755.5,0.0,49.0,10,142,16185,3,1.0
98,1.0,0.0,4.0149999,1.0,5.0,5,99.85985058067774,99.85985058067774,no pobre,0,2,400.0,755.5,0.0,49.0,11,142,16185,3,1.0
97,0.0,0.0,4.0149999,0.0,4.0,4,99.85985058067774,99.85985058067774,pobre,0,3,0.0,702.0,1.0,34.0,16,142,16186,4,0.0
98,0.0,0.0,4.0149999,,,4,99.85985058067774,99.85985058067774,pobre,0,3,0.0,702.0,1.0,34.0,17,142,16186,4,0.0
97,0.0,0.0,4.0149999,0.0,6.0,4,99.85985058067774,99.85985058067774,pobre,0,3,0.0,702.0,1.0,34.0,14,142,16187,6,0.0
98,0.0,0.0,4.0149999,0.0,6.0,4,99.85985058067774,99.85985058067774,pobre,0,3,0.0,702.0,1.0,34.0,15,142,16187,6,0.0
97,1.0,0.0,4.0149999,1.0,5.0,4,99.85985058067774,99.85985058067774,pobre,0,3,625.0,721.0,1.0,39.0,11,142,16188,5,1.0
98,1.0,0.0,4.0149999,1.0,6.0,4,99.85985058067774,99.85985058067774,pobre,0,3,625.0,721.0,1.0,39.0,12,142,16188,5,1.0
97,0.0,0.0,4.0149999,1.0,3.0,4,99.85985058067774,99.85985058067774,pobre,0,3,625.0,721.0,1.0,39.0,10,142,16189,3,1.0
98,0.0,0.0,4.0149999,1.0,4.0,4,99.85985058067774,99.85985058067774,pobre,0,3,625.0,721.0,1.0,39.0,11,142,16189,3,1.0
97,1.0,0.0,4.0149999,1.0,10.0,7,99.85985058067774,99.85985058067774,pobre,0,4,800.0,600.0,1.0,48.0,16,142,16190,10,1.0
98,1.0,0.0,4.0149999,0.0,9.0,7,99.85985058067774,99.85985058067774,pobre,0,4,800.0,600.0,1.0,48.0,17,142,16190,10,1.0
97,0.0,0.0,4.0149999,1.0,8.0,7,99.85985058067774,99.85985058067774,pobre,0,4,800.0,600.0,1.0,48.0,14,142,16191,8,1.0
98,0.0,0.0,4.0149999,,,7,99.85985058067774,99.85985058067774,pobre,0,4,800.0,600.0,1.0,48.0,15,142,16191,8,1.0
97,0.0,0.0,4.0149999,1.0,3.0,7,99.85985058067774,99.85985058067774,pobre,0,4,800.0,600.0,1.0,48.0,10,142,16192,3,1.0
98,0.0,0.0,4.0149999,1.0,4.0,7,99.85985058067774,99.85985058067774,pobre,0,4,800.0,600.0,1.0,48.0,11,142,16192,3,1.0
97,1.0,0.0,4.0149999,1.0,1.0,7,99.85985058067774,99.85985058067774,pobre,0,4,800.0,600.0,1.0,48.0,7,142,16193,1,1.0
98,1.0,0.0,4.0149999,1.0,2.0,7,99.85985058067774,99.85985058067774,pobre,0,4,800.0,600.0,1.0,48.0,8,142,16193,1,1.0
97,0.0,0.0,4.0149999,1.0,0.0,7,99.85985058067774,99.85985058067774,pobre,0,4,800.0,600.0,1.0,48.0,6,142,16194,0,1.0
98,0.0,0.0,4.0149999,1.0,1.0,7,99.85985058067774,99.85985058067774,pobre,0,4,800.0,600.0,1.0,48.0,7,142,16194,0,1.0
97,0.0,1.0,4.302,0.0,6.0,7,141.8934480113655,284.1669175236383,pobre,basal,2,500.0,709.5,1.0,50.0,15,434,16195,6,0.0
98,0.0,1.0,4.302,0.0,6.0,7,141.8934480113655,284.1669175236383,pobre,basal,2,500.0,709.5,1.0,50.0,16,434,16195,6,0.0
97,1.0,1.0,4.302,1.0,2.0,7,141.8934480113655,284.1669175236383,pobre,basal,2,500.0,709.5,1.0,50.0,12,434,16196,2,1.0
98,1.0,1.0,4.302,1.0,3.0,7,141.8934480113655,284.1669175236383,pobre,basal,2,500.0,709.5,1.0,50.0,13,434,16196,2,1.0
97,1.0,1.0,4.302,1.0,0.0,7,141.8934480113655,284.1669175236383,pobre,basal,2,500.0,709.5,1.0,50.0,7,434,16197,0,1.0
98,1.0,1.0,4.302,1.0,1.0,7,141.8934480113655,284.1669175236383,pobre,basal,2,500.0,709.5,1.0,50.0,8,434,16197,0,1.0
97,1.0,1.0,4.302,1.0,4.0,6,141.8934480113655,284.1669175236383,pobre,basal,6,500.0,659.0,1.0,29.0,11,434,16198,4,1.0
98,1.0,1.0,4.302,1.0,5.0,6,141.8934480113655,284.1669175236383,pobre,basal,6,500.0,659.0,1.0,29.0,12,434,16198,4,1.0
97,0.0,1.0,4.302,1.0,2.0,6,141.8934480113655,284.1669175236383,pobre,basal,6,500.0,659.0,1.0,29.0,8,434,16199,2,1.0
98,0.0,1.0,4.302,1.0,3.0,6,141.8934480113655,284.1669175236383,pobre,basal,6,500.0,659.0,1.0,29.0,9,434,16199,2,1.0
97,0.0,1.0,4.302,0.0,6.0,5,141.8934480113655,284.1669175236383,pobre,basal,3,625.0,668.0,1.0,56.0,11,434,16200,6,0.0
98,0.0,1.0,4.302,,,5,141.8934480113655,284.1669175236383,pobre,basal,3,625.0,668.0,1.0,56.0,12,434,16200,6,0.0
97,0.0,1.0,4.302,1.0,4.0,5,141.8934480113655,284.1669175236383,pobre,basal,3,625.0,668.0,1.0,56.0,11,434,16201,4,1.0
98,0.0,1.0,4.302,1.0,5.0,5,141.8934480113655,284.1669175236383,pobre,basal,3,625.0,668.0,1.0,56.0,12,434,16201,4,1.0
97,0.0,1.0,4.302,1.0,1.0,5,141.8934480113655,284.1669175236383,pobre,basal,3,625.0,668.0,1.0,56.0,7,434,16202,1,1.0
98,0.0,1.0,4.302,1.0,2.0,5,141.8934480113655,284.1669175236383,pobre,basal,3,625.0,668.0,1.0,56.0,8,434,16202,1,1.0
97,1.0,1.0,1.553,1.0,4.0,3,142.6004863159566,295.8812465320617,pobre,basal,6,0.0,727.0,1.0,44.0,12,432,16203,4,1.0
98,1.0,1.0,1.553,1.0,5.0,3,142.6004863159566,295.8812465320617,pobre,basal,6,0.0,727.0,1.0,44.0,13,432,16203,4,1.0
97,1.0,1.0,1.553,1.0,3.0,3,142.6004863159566,295.8812465320617,pobre,basal,6,0.0,727.0,1.0,44.0,10,432,16204,3,1.0
98,1.0,1.0,1.553,1.0,4.0,3,142.6004863159566,295.8812465320617,pobre,basal,6,0.0,727.0,1.0,44.0,11,432,16204,3,1.0
97,1.0,0.0,4.0149999,1.0,9.0,8,99.85985058067774,99.85985058067774,pobre,0,4,0.0,480.0,1.0,36.0,15,142,16205,9,1.0
98,1.0,0.0,4.0149999,0.0,9.0,8,99.85985058067774,99.85985058067774,pobre,0,4,0.0,480.0,1.0,36.0,16,142,16205,9,1.0
97,0.0,0.0,4.0149999,1.0,8.0,8,99.85985058067774,99.85985058067774,pobre,0,4,0.0,480.0,1.0,36.0,14,142,16206,8,1.0
98,0.0,0.0,4.0149999,0.0,7.0,8,99.85985058067774,99.85985058067774,pobre,0,4,0.0,480.0,1.0,36.0,15,142,16206,8,1.0
97,0.0,0.0,4.0149999,1.0,6.0,8,99.85985058067774,99.85985058067774,pobre,0,4,0.0,480.0,1.0,36.0,12,142,16207,6,1.0
98,0.0,0.0,4.0149999,1.0,6.0,8,99.85985058067774,99.85985058067774,pobre,0,4,0.0,480.0,1.0,36.0,13,142,16207,6,1.0
97,0.0,0.0,4.0149999,1.0,4.0,8,99.85985058067774,99.85985058067774,pobre,0,4,0.0,480.0,1.0,36.0,10,142,16208,4,1.0
98,0.0,0.0,4.0149999,1.0,4.0,8,99.85985058067774,99.85985058067774,pobre,0,4,0.0,480.0,1.0,36.0,11,142,16208,4,1.0
97,1.0,0.0,4.0149999,1.0,1.0,8,99.85985058067774,99.85985058067774,pobre,0,4,0.0,480.0,1.0,36.0,7,142,16209,1,1.0
98,1.0,0.0,4.0149999,1.0,1.0,8,99.85985058067774,99.85985058067774,pobre,0,4,0.0,480.0,1.0,36.0,8,142,16209,1,1.0
97,0.0,0.0,4.0149999,1.0,8.0,6,99.85985058067774,99.85985058067774,no pobre,0,6,500.0,820.0,1.0,50.0,13,142,16210,8,1.0
98,0.0,0.0,4.0149999,1.0,8.0,6,99.85985058067774,99.85985058067774,no pobre,0,6,500.0,820.0,1.0,50.0,14,142,16210,8,1.0
97,1.0,0.0,4.0149999,1.0,0.0,3,99.85985058067774,99.85985058067774,no pobre,0,3,320.0,712.0,1.0,26.0,6,142,16211,0,1.0
98,1.0,0.0,4.0149999,1.0,1.0,3,99.85985058067774,99.85985058067774,no pobre,0,3,320.0,712.0,1.0,26.0,7,142,16211,0,1.0
97,1.0,0.0,4.0149999,1.0,4.0,6,99.85985058067774,99.85985058067774,pobre,0,0,1000.0,645.0,1.0,65.0,13,142,16212,4,1.0
98,1.0,0.0,4.0149999,1.0,4.0,6,99.85985058067774,99.85985058067774,pobre,0,0,1000.0,645.0,1.0,65.0,14,142,16212,4,1.0
97,1.0,0.0,4.0149999,1.0,5.0,6,99.85985058067774,99.85985058067774,pobre,0,0,1000.0,645.0,1.0,65.0,12,142,16213,5,1.0
98,1.0,0.0,4.0149999,1.0,5.0,6,99.85985058067774,99.85985058067774,pobre,0,0,1000.0,645.0,1.0,65.0,13,142,16213,5,1.0
97,1.0,0.0,4.0149999,1.0,3.0,6,99.85985058067774,99.85985058067774,pobre,0,0,1000.0,645.0,1.0,65.0,10,142,16214,3,1.0
98,1.0,0.0,4.0149999,1.0,3.0,6,99.85985058067774,99.85985058067774,pobre,0,0,1000.0,645.0,1.0,65.0,11,142,16214,3,1.0
97,1.0,0.0,4.0149999,1.0,2.0,6,99.85985058067774,99.85985058067774,pobre,0,0,1000.0,645.0,1.0,65.0,9,142,16215,2,1.0
98,1.0,0.0,4.0149999,1.0,2.0,6,99.85985058067774,99.85985058067774,pobre,0,0,1000.0,645.0,1.0,65.0,10,142,16215,2,1.0
97,1.0,0.0,4.0149999,0.0,5.0,10,99.85985058067774,99.85985058067774,pobre,0,3,0.0,703.5,1.0,45.0,15,142,16216,5,0.0
98,1.0,0.0,4.0149999,0.0,5.0,10,99.85985058067774,99.85985058067774,pobre,0,3,0.0,703.5,1.0,45.0,16,142,16216,5,0.0
97,1.0,0.0,4.0149999,1.0,5.0,10,99.85985058067774,99.85985058067774,pobre,0,3,0.0,703.5,1.0,45.0,12,142,16217,5,1.0
98,1.0,0.0,4.0149999,1.0,6.0,10,99.85985058067774,99.85985058067774,pobre,0,3,0.0,703.5,1.0,45.0,13,142,16217,5,1.0
97,1.0,0.0,4.0149999,1.0,3.0,10,99.85985058067774,99.85985058067774,pobre,0,3,0.0,703.5,1.0,45.0,8,142,16218,3,1.0
98,1.0,0.0,4.0149999,1.0,4.0,10,99.85985058067774,99.85985058067774,pobre,0,3,0.0,703.5,1.0,45.0,9,142,16218,3,1.0
97,0.0,0.0,4.0149999,1.0,1.0,10,99.85985058067774,99.85985058067774,pobre,0,3,0.0,703.5,1.0,45.0,7,142,16219,1,1.0
98,0.0,0.0,4.0149999,1.0,2.0,10,99.85985058067774,99.85985058067774,pobre,0,3,0.0,703.5,1.0,45.0,8,142,16219,1,1.0
97,0.0,0.0,4.0149999,1.0,7.0,10,99.85985058067774,99.85985058067774,pobre,0,3,0.0,703.0,1.0,47.0,15,142,16220,7,1.0
98,0.0,0.0,4.0149999,1.0,7.0,10,99.85985058067774,99.85985058067774,pobre,0,3,0.0,703.0,1.0,47.0,16,142,16220,7,1.0
97,1.0,0.0,4.0149999,1.0,4.0,10,99.85985058067774,99.85985058067774,pobre,0,3,0.0,703.0,1.0,47.0,12,142,16221,4,1.0
98,1.0,0.0,4.0149999,1.0,5.0,10,99.85985058067774,99.85985058067774,pobre,0,3,0.0,703.0,1.0,47.0,13,142,16221,4,1.0
97,0.0,0.0,4.0149999,1.0,3.0,10,99.85985058067774,99.85985058067774,pobre,0,3,0.0,703.0,1.0,47.0,8,142,16222,3,1.0
98,0.0,0.0,4.0149999,1.0,4.0,10,99.85985058067774,99.85985058067774,pobre,0,3,0.0,703.0,1.0,47.0,9,142,16222,3,1.0
97,0.0,0.0,4.0149999,1.0,6.0,8,99.85985058067774,99.85985058067774,no pobre,0,2,1200.0,776.0,1.0,72.0,16,142,16223,6,1.0
98,0.0,0.0,4.0149999,,,8,99.85985058067774,99.85985058067774,no pobre,0,2,1200.0,776.0,1.0,72.0,17,142,16223,6,1.0
97,1.0,0.0,4.0149999,1.0,6.0,8,99.85985058067774,99.85985058067774,no pobre,0,2,1200.0,776.0,1.0,72.0,13,142,16224,6,1.0
98,1.0,0.0,4.0149999,,,8,99.85985058067774,99.85985058067774,no pobre,0,2,1200.0,776.0,1.0,72.0,14,142,16224,6,1.0
97,1.0,0.0,4.0149999,1.0,5.0,8,99.85985058067774,99.85985058067774,no pobre,0,2,1200.0,776.0,1.0,72.0,10,142,16225,5,1.0
98,1.0,0.0,4.0149999,,,8,99.85985058067774,99.85985058067774,no pobre,0,2,1200.0,776.0,1.0,72.0,11,142,16225,5,1.0
97,1.0,0.0,4.0149999,,0.0,10,99.85985058067774,99.85985058067774,pobre,0,0,400.0,631.5,1.0,37.0,16,142,16226,0,
98,1.0,0.0,4.0149999,,,10,99.85985058067774,99.85985058067774,pobre,0,0,400.0,631.5,1.0,37.0,17,142,16226,0,
97,0.0,0.0,4.0149999,0.0,3.0,10,99.85985058067774,99.85985058067774,pobre,0,0,400.0,631.5,1.0,37.0,15,142,16227,3,0.0
98,0.0,0.0,4.0149999,0.0,3.0,10,99.85985058067774,99.85985058067774,pobre,0,0,400.0,631.5,1.0,37.0,16,142,16227,3,0.0
97,1.0,0.0,4.0149999,0.0,3.0,10,99.85985058067774,99.85985058067774,pobre,0,0,400.0,631.5,1.0,37.0,14,142,16228,3,0.0
98,1.0,0.0,4.0149999,0.0,3.0,10,99.85985058067774,99.85985058067774,pobre,0,0,400.0,631.5,1.0,37.0,15,142,16228,3,0.0
97,1.0,0.0,4.0149999,1.0,5.0,10,99.85985058067774,99.85985058067774,pobre,0,0,400.0,631.5,1.0,37.0,13,142,16229,5,1.0
98,1.0,0.0,4.0149999,1.0,6.0,10,99.85985058067774,99.85985058067774,pobre,0,0,400.0,631.5,1.0,37.0,14,142,16229,5,1.0
97,1.0,0.0,4.0149999,,0.0,10,99.85985058067774,99.85985058067774,pobre,0,0,400.0,631.5,1.0,37.0,12,142,16230,0,
98,1.0,0.0,4.0149999,0.0,2.0,10,99.85985058067774,99.85985058067774,pobre,0,0,400.0,631.5,1.0,37.0,13,142,16230,0,
97,0.0,0.0,4.0149999,,0.0,10,99.85985058067774,99.85985058067774,pobre,0,0,400.0,631.5,1.0,37.0,10,142,16231,0,
98,0.0,0.0,4.0149999,,,10,99.85985058067774,99.85985058067774,pobre,0,0,400.0,631.5,1.0,37.0,11,142,16231,0,
97,1.0,0.0,4.0149999,1.0,7.0,9,99.85985058067774,99.85985058067774,pobre,0,3,800.0,489.0,1.0,42.0,14,142,16232,7,1.0
98,1.0,0.0,4.0149999,1.0,7.0,9,99.85985058067774,99.85985058067774,pobre,0,3,800.0,489.0,1.0,42.0,15,142,16232,7,1.0
97,0.0,0.0,4.0149999,1.0,7.0,9,99.85985058067774,99.85985058067774,pobre,0,3,800.0,489.0,1.0,42.0,13,142,16233,7,1.0
98,0.0,0.0,4.0149999,1.0,7.0,9,99.85985058067774,99.85985058067774,pobre,0,3,800.0,489.0,1.0,42.0,14,142,16233,7,1.0
97,1.0,0.0,4.0149999,1.0,5.0,9,99.85985058067774,99.85985058067774,pobre,0,3,800.0,489.0,1.0,42.0,11,142,16234,5,1.0
98,1.0,0.0,4.0149999,0.0,6.0,9,99.85985058067774,99.85985058067774,pobre,0,3,800.0,489.0,1.0,42.0,12,142,16234,5,1.0
97,0.0,0.0,4.0149999,1.0,4.0,9,99.85985058067774,99.85985058067774,pobre,0,3,800.0,489.0,1.0,42.0,10,142,16235,4,1.0
98,0.0,0.0,4.0149999,1.0,5.0,9,99.85985058067774,99.85985058067774,pobre,0,3,800.0,489.0,1.0,42.0,11,142,16235,4,1.0
97,1.0,0.0,4.0149999,1.0,1.0,9,99.85985058067774,99.85985058067774,pobre,0,3,800.0,489.0,1.0,42.0,7,142,16236,1,1.0
98,1.0,0.0,4.0149999,1.0,2.0,9,99.85985058067774,99.85985058067774,pobre,0,3,800.0,489.0,1.0,42.0,8,142,16236,1,1.0
97,1.0,0.0,4.0149999,1.0,0.0,9,99.85985058067774,99.85985058067774,pobre,0,3,800.0,489.0,1.0,42.0,6,142,16237,0,1.0
98,1.0,0.0,4.0149999,1.0,1.0,9,99.85985058067774,99.85985058067774,pobre,0,3,800.0,489.0,1.0,42.0,7,142,16237,0,1.0
97,0.0,0.0,4.0149999,0.0,6.0,3,99.85985058067774,99.85985058067774,no pobre,0,0,0.0,790.0,0.0,66.0,16,142,16238,6,0.0
98,0.0,0.0,4.0149999,0.0,7.0,3,99.85985058067774,99.85985058067774,no pobre,0,0,0.0,790.0,0.0,66.0,17,142,16238,6,0.0
97,0.0,0.0,4.0149999,1.0,3.0,4,99.85985058067774,99.85985058067774,pobre,0,4,300.0,689.0,1.0,33.0,11,142,16239,3,1.0
98,0.0,0.0,4.0149999,1.0,6.0,4,99.85985058067774,99.85985058067774,pobre,0,4,300.0,689.0,1.0,33.0,12,142,16239,3,1.0
97,0.0,0.0,4.0149999,,0.0,10,99.85985058067774,99.85985058067774,pobre,0,0,1200.0,621.0,1.0,42.0,16,142,16240,0,
98,0.0,0.0,4.0149999,,,10,99.85985058067774,99.85985058067774,pobre,0,0,1200.0,621.0,1.0,42.0,17,142,16240,0,
97,1.0,0.0,4.0149999,,0.0,10,99.85985058067774,99.85985058067774,pobre,0,0,1200.0,621.0,1.0,42.0,15,142,16241,0,
98,1.0,0.0,4.0149999,,,10,99.85985058067774,99.85985058067774,pobre,0,0,1200.0,621.0,1.0,42.0,16,142,16241,0,
97,1.0,0.0,4.0149999,,0.0,10,99.85985058067774,99.85985058067774,pobre,0,0,1200.0,621.0,1.0,42.0,8,142,16242,0,
98,1.0,0.0,4.0149999,,,10,99.85985058067774,99.85985058067774,pobre,0,0,1200.0,621.0,1.0,42.0,9,142,16242,0,
97,1.0,0.0,4.0149999,,0.0,10,99.85985058067774,99.85985058067774,pobre,0,0,1200.0,621.0,1.0,42.0,7,142,16243,0,
98,1.0,0.0,4.0149999,1.0,1.0,10,99.85985058067774,99.85985058067774,pobre,0,0,1200.0,621.0,1.0,42.0,8,142,16243,0,
97,0.0,0.0,4.0149999,,0.0,10,99.85985058067774,99.85985058067774,pobre,0,0,1200.0,621.0,1.0,42.0,13,142,16244,0,
98,0.0,0.0,4.0149999,,,10,99.85985058067774,99.85985058067774,pobre,0,0,1200.0,621.0,1.0,42.0,14,142,16244,0,
97,0.0,0.0,4.0149999,0.0,6.0,4,99.85985058067774,99.85985058067774,pobre,0,4,1000.0,712.0,1.0,47.0,16,142,16245,6,0.0
98,0.0,0.0,4.0149999,0.0,6.0,4,99.85985058067774,99.85985058067774,pobre,0,4,1000.0,712.0,1.0,47.0,17,142,16245,6,0.0
97,0.0,0.0,4.0149999,0.0,3.0,4,99.85985058067774,99.85985058067774,pobre,0,4,1000.0,712.0,1.0,47.0,15,142,16246,3,0.0
98,0.0,0.0,4.0149999,1.0,8.0,4,99.85985058067774,99.85985058067774,pobre,0,4,1000.0,712.0,1.0,47.0,16,142,16246,3,0.0
97,0.0,0.0,4.0149999,1.0,0.0,4,99.85985058067774,99.85985058067774,pobre,0,2,1200.0,630.0,1.0,29.0,6,142,16247,0,1.0
98,0.0,0.0,4.0149999,1.0,1.0,4,99.85985058067774,99.85985058067774,pobre,0,2,1200.0,630.0,1.0,29.0,7,142,16247,0,1.0
97,0.0,0.0,4.0149999,1.0,7.0,6,99.85985058067774,99.85985058067774,pobre,0,0,0.0,557.0,1.0,71.0,16,142,16248,7,1.0
98,0.0,0.0,4.0149999,,,6,99.85985058067774,99.85985058067774,pobre,0,0,0.0,557.0,1.0,71.0,17,142,16248,7,1.0
97,0.0,0.0,4.0149999,1.0,2.0,3,99.85985058067774,99.85985058067774,pobre,0,3,400.0,677.0,1.0,29.0,8,142,16249,2,1.0
98,0.0,0.0,4.0149999,1.0,1.0,3,99.85985058067774,99.85985058067774,pobre,0,3,400.0,677.0,1.0,29.0,9,142,16249,2,1.0
97,0.0,0.0,4.0149999,1.0,0.0,4,99.85985058067774,99.85985058067774,pobre,0,5,0.0,709.0,1.0,48.0,6,142,16250,0,1.0
98,0.0,0.0,4.0149999,1.0,1.0,4,99.85985058067774,99.85985058067774,pobre,0,5,0.0,709.0,1.0,48.0,7,142,16250,0,1.0
97,0.0,0.0,4.0149999,0.0,8.0,10,99.85985058067774,99.85985058067774,pobre,0,0,0.0,417.0,0.0,41.0,16,142,16251,8,0.0
98,0.0,0.0,4.0149999,,,10,99.85985058067774,99.85985058067774,pobre,0,0,0.0,417.0,0.0,41.0,17,142,16251,8,0.0
97,0.0,0.0,4.0149999,1.0,7.0,10,99.85985058067774,99.85985058067774,pobre,0,0,0.0,417.0,0.0,41.0,15,142,16252,7,1.0
98,0.0,0.0,4.0149999,1.0,8.0,10,99.85985058067774,99.85985058067774,pobre,0,0,0.0,417.0,0.0,41.0,16,142,16252,7,1.0
97,0.0,0.0,4.0149999,0.0,6.0,10,99.85985058067774,99.85985058067774,pobre,0,0,0.0,417.0,0.0,41.0,14,142,16253,6,0.0
98,0.0,0.0,4.0149999,0.0,6.0,10,99.85985058067774,99.85985058067774,pobre,0,0,0.0,417.0,0.0,41.0,15,142,16253,6,0.0
97,1.0,0.0,4.0149999,1.0,6.0,10,99.85985058067774,99.85985058067774,pobre,0,0,0.0,417.0,0.0,41.0,12,142,16254,6,1.0
98,1.0,0.0,4.0149999,1.0,7.0,10,99.85985058067774,99.85985058067774,pobre,0,0,0.0,417.0,0.0,41.0,13,142,16254,6,1.0
97,0.0,0.0,4.0149999,1.0,4.0,10,99.85985058067774,99.85985058067774,pobre,0,0,0.0,417.0,0.0,41.0,10,142,16255,4,1.0
98,0.0,0.0,4.0149999,1.0,5.0,10,99.85985058067774,99.85985058067774,pobre,0,0,0.0,417.0,0.0,41.0,11,142,16255,4,1.0
97,1.0,0.0,4.0149999,1.0,1.0,10,99.85985058067774,99.85985058067774,pobre,0,0,0.0,417.0,0.0,41.0,8,142,16256,1,1.0
98,1.0,0.0,4.0149999,1.0,2.0,10,99.85985058067774,99.85985058067774,pobre,0,0,0.0,417.0,0.0,41.0,9,142,16256,1,1.0
97,1.0,0.0,4.0149999,0.0,1.0,4,99.85985058067774,99.85985058067774,pobre,0,0,750.0,694.0,1.0,55.0,10,142,16257,1,0.0
98,1.0,0.0,4.0149999,0.0,1.0,4,99.85985058067774,99.85985058067774,pobre,0,0,750.0,694.0,1.0,55.0,11,142,16257,1,0.0
97,1.0,0.0,4.0149999,1.0,9.0,7,99.85985058067774,99.85985058067774,no pobre,0,5,0.0,764.5,1.0,49.0,15,142,16258,9,1.0
98,1.0,0.0,4.0149999,1.0,10.0,7,99.85985058067774,99.85985058067774,no pobre,0,5,0.0,764.5,1.0,49.0,16,142,16258,9,1.0
97,1.0,0.0,4.0149999,0.0,5.0,6,99.85985058067774,99.85985058067774,pobre,0,0,750.0,699.0,1.0,52.0,15,142,16259,5,0.0
98,1.0,0.0,4.0149999,0.0,5.0,6,99.85985058067774,99.85985058067774,pobre,0,0,750.0,699.0,1.0,52.0,16,142,16259,5,0.0
97,1.0,0.0,4.0149999,1.0,2.0,6,99.85985058067774,99.85985058067774,pobre,0,0,750.0,699.0,1.0,52.0,8,142,16260,2,1.0
98,1.0,0.0,4.0149999,1.0,2.0,6,99.85985058067774,99.85985058067774,pobre,0,0,750.0,699.0,1.0,52.0,9,142,16260,2,1.0
97,0.0,0.0,4.0149999,1.0,3.0,6,99.85985058067774,99.85985058067774,pobre,0,0,750.0,699.0,1.0,52.0,13,142,16261,3,1.0
98,0.0,0.0,4.0149999,0.0,4.0,6,99.85985058067774,99.85985058067774,pobre,0,0,750.0,699.0,1.0,52.0,14,142,16261,3,1.0
97,1.0,,4.0149999,1.0,4.0,3,99.85985058067774,99.85985058067774,no pobre,0,0,1000.0,747.0,1.0,54.0,14,142,16262,4,1.0
98,1.0,,4.0149999,0.0,5.0,3,99.85985058067774,99.85985058067774,no pobre,0,0,1000.0,747.0,1.0,54.0,15,142,16262,4,1.0
97,0.0,0.0,4.0149999,0.0,4.0,6,99.85985058067774,99.85985058067774,no pobre,0,3,0.0,809.5,1.0,56.0,14,142,16263,4,0.0
98,0.0,0.0,4.0149999,0.0,3.0,6,99.85985058067774,99.85985058067774,no pobre,0,3,0.0,809.5,1.0,56.0,15,142,16263,4,0.0
97,1.0,0.0,4.0149999,1.0,6.0,8,99.85985058067774,99.85985058067774,no pobre,0,3,0.0,707.0,1.0,46.0,14,142,16264,6,1.0
98,1.0,0.0,4.0149999,1.0,6.0,8,99.85985058067774,99.85985058067774,no pobre,0,3,0.0,707.0,1.0,46.0,15,142,16264,6,1.0
97,1.0,0.0,4.0149999,1.0,6.0,8,99.85985058067774,99.85985058067774,no pobre,0,3,0.0,707.0,1.0,46.0,12,142,16265,6,1.0
98,1.0,0.0,4.0149999,1.0,6.0,8,99.85985058067774,99.85985058067774,no pobre,0,3,0.0,707.0,1.0,46.0,13,142,16265,6,1.0
97,0.0,0.0,4.0149999,1.0,4.0,8,99.85985058067774,99.85985058067774,no pobre,0,3,0.0,707.0,1.0,46.0,10,142,16266,4,1.0
98,0.0,0.0,4.0149999,1.0,5.0,8,99.85985058067774,99.85985058067774,no pobre,0,3,0.0,707.0,1.0,46.0,11,142,16266,4,1.0
97,0.0,0.0,4.0149999,1.0,2.0,8,99.85985058067774,99.85985058067774,no pobre,0,3,0.0,707.0,1.0,46.0,9,142,16267,2,1.0
98,0.0,0.0,4.0149999,1.0,3.0,8,99.85985058067774,99.85985058067774,no pobre,0,3,0.0,707.0,1.0,46.0,10,142,16267,2,1.0
97,0.0,0.0,4.0149999,1.0,3.0,8,99.85985058067774,99.85985058067774,pobre,0,2,400.0,602.0,1.0,30.0,9,142,16268,3,1.0
98,0.0,0.0,4.0149999,1.0,4.0,8,99.85985058067774,99.85985058067774,pobre,0,2,400.0,602.0,1.0,30.0,10,142,16268,3,1.0
97,0.0,0.0,4.0149999,1.0,2.0,8,99.85985058067774,99.85985058067774,pobre,0,2,400.0,602.0,1.0,30.0,8,142,16269,2,1.0
98,0.0,0.0,4.0149999,1.0,2.0,8,99.85985058067774,99.85985058067774,pobre,0,2,400.0,602.0,1.0,30.0,9,142,16269,2,1.0
97,0.0,0.0,4.0149999,1.0,1.0,8,99.85985058067774,99.85985058067774,pobre,0,2,400.0,602.0,1.0,30.0,7,142,16270,1,1.0
98,0.0,0.0,4.0149999,1.0,1.0,8,99.85985058067774,99.85985058067774,pobre,0,2,400.0,602.0,1.0,30.0,8,142,16270,1,1.0
97,1.0,0.0,4.0149999,1.0,1.0,5,99.85985058067774,99.85985058067774,pobre,0,0,800.0,465.0,1.0,29.0,7,142,16271,1,1.0
98,1.0,0.0,4.0149999,1.0,2.0,5,99.85985058067774,99.85985058067774,pobre,0,0,800.0,465.0,1.0,29.0,8,142,16271,1,1.0
97,1.0,0.0,4.0149999,1.0,0.0,5,99.85985058067774,99.85985058067774,pobre,0,0,800.0,465.0,1.0,29.0,6,142,16272,0,1.0
98,1.0,0.0,4.0149999,1.0,1.0,5,99.85985058067774,99.85985058067774,pobre,0,0,800.0,465.0,1.0,29.0,7,142,16272,0,1.0
97,0.0,1.0,4.302,1.0,4.0,4,141.8934480113655,284.1669175236383,pobre,basal,6,500.0,570.0,1.0,33.0,10,434,16273,4,1.0
98,0.0,1.0,4.302,1.0,5.0,4,141.8934480113655,284.1669175236383,pobre,basal,6,500.0,570.0,1.0,33.0,11,434,16273,4,1.0
97,1.0,1.0,4.302,1.0,0.0,4,141.8934480113655,284.1669175236383,pobre,basal,6,500.0,570.0,1.0,33.0,6,434,16274,0,1.0
98,1.0,1.0,4.302,1.0,1.0,4,141.8934480113655,284.1669175236383,pobre,basal,6,500.0,570.0,1.0,33.0,7,434,16274,0,1.0
97,1.0,1.0,4.302,1.0,6.0,7,141.8934480113655,284.1669175236383,pobre,basal,4,500.0,583.0,1.0,33.0,15,434,16275,6,1.0
98,1.0,1.0,4.302,1.0,7.0,7,141.8934480113655,284.1669175236383,pobre,basal,4,500.0,583.0,1.0,33.0,16,434,16275,6,1.0
97,0.0,1.0,4.302,1.0,2.0,7,141.8934480113655,284.1669175236383,pobre,basal,4,500.0,583.0,1.0,33.0,9,434,16276,2,1.0
98,0.0,1.0,4.302,1.0,3.0,7,141.8934480113655,284.1669175236383,pobre,basal,4,500.0,583.0,1.0,33.0,10,434,16276,2,1.0
97,0.0,1.0,4.302,1.0,1.0,7,141.8934480113655,284.1669175236383,pobre,basal,4,500.0,583.0,1.0,33.0,7,434,16277,1,1.0
98,0.0,1.0,4.302,1.0,2.0,7,141.8934480113655,284.1669175236383,pobre,basal,4,500.0,583.0,1.0,33.0,8,434,16277,1,1.0
97,0.0,1.0,4.302,0.0,6.0,7,141.8934480113655,284.1669175236383,pobre,basal,6,500.0,606.0,1.0,41.0,15,434,16278,6,0.0
98,0.0,1.0,4.302,1.0,5.0,7,141.8934480113655,284.1669175236383,pobre,basal,6,500.0,606.0,1.0,41.0,16,434,16278,6,0.0
97,1.0,1.0,4.302,1.0,4.0,7,141.8934480113655,284.1669175236383,pobre,basal,6,500.0,606.0,1.0,41.0,12,434,16279,4,1.0
98,1.0,1.0,4.302,1.0,5.0,7,141.8934480113655,284.1669175236383,pobre,basal,6,500.0,606.0,1.0,41.0,13,434,16279,4,1.0
97,0.0,1.0,4.302,1.0,1.0,7,141.8934480113655,284.1669175236383,pobre,basal,6,500.0,606.0,1.0,41.0,7,434,16280,1,1.0
98,0.0,1.0,4.302,1.0,2.0,7,141.8934480113655,284.1669175236383,pobre,basal,6,500.0,606.0,1.0,41.0,8,434,16280,1,1.0
97,1.0,1.0,4.302,1.0,6.0,7,141.8934480113655,284.1669175236383,pobre,basal,4,500.0,594.0,1.0,36.0,14,434,16281,6,1.0
98,1.0,1.0,4.302,1.0,7.0,7,141.8934480113655,284.1669175236383,pobre,basal,4,500.0,594.0,1.0,36.0,15,434,16281,6,1.0
97,1.0,1.0,4.302,1.0,3.0,7,141.8934480113655,284.1669175236383,pobre,basal,4,500.0,594.0,1.0,36.0,11,434,16282,3,1.0
98,1.0,1.0,4.302,1.0,4.0,7,141.8934480113655,284.1669175236383,pobre,basal,4,500.0,594.0,1.0,36.0,12,434,16282,3,1.0
97,0.0,1.0,4.302,1.0,2.0,7,141.8934480113655,284.1669175236383,pobre,basal,4,500.0,594.0,1.0,36.0,9,434,16283,2,1.0
98,0.0,1.0,4.302,1.0,3.0,7,141.8934480113655,284.1669175236383,pobre,basal,4,500.0,594.0,1.0,36.0,10,434,16283,2,1.0
97,1.0,1.0,4.302,1.0,0.0,7,141.8934480113655,284.1669175236383,pobre,basal,4,500.0,594.0,1.0,36.0,6,434,16284,0,1.0
98,1.0,1.0,4.302,1.0,1.0,7,141.8934480113655,284.1669175236383,pobre,basal,4,500.0,594.0,1.0,36.0,7,434,16284,0,1.0
97,1.0,0.0,8.6160002,0.0,6.0,2,124.4422752961807,124.4422752961807,pobre,0,0,0.0,810.0,0.0,67.0,16,143,16285,6,0.0
98,1.0,0.0,8.6160002,,,2,124.4422752961807,124.4422752961807,pobre,0,0,0.0,810.0,0.0,67.0,17,143,16285,6,0.0
97,1.0,0.0,8.6160002,,0.0,4,124.4422752961807,124.4422752961807,pobre,0,0,1200.0,800.34003,1.0,49.0,14,143,16286,0,
98,1.0,0.0,8.6160002,0.0,5.0,4,124.4422752961807,124.4422752961807,pobre,0,0,1200.0,800.34003,1.0,49.0,15,143,16286,0,
97,1.0,0.0,8.6160002,0.0,6.0,9,124.4422752961807,124.4422752961807,pobre,0,0,0.0,682.75,0.0,34.0,16,143,16287,6,0.0
98,1.0,0.0,8.6160002,,,9,124.4422752961807,124.4422752961807,pobre,0,0,0.0,682.75,0.0,34.0,17,143,16287,6,0.0
97,1.0,0.0,8.6160002,0.0,6.0,9,124.4422752961807,124.4422752961807,pobre,0,0,0.0,682.75,0.0,34.0,12,143,16288,6,0.0
98,1.0,0.0,8.6160002,1.0,6.0,9,124.4422752961807,124.4422752961807,pobre,0,0,0.0,682.75,0.0,34.0,13,143,16288,6,0.0
97,0.0,0.0,8.6160002,,0.0,9,124.4422752961807,124.4422752961807,pobre,0,0,0.0,682.75,0.0,34.0,9,143,16289,0,
98,0.0,0.0,8.6160002,1.0,1.0,9,124.4422752961807,124.4422752961807,pobre,0,0,0.0,682.75,0.0,34.0,10,143,16289,0,
97,0.0,0.0,8.6160002,0.0,6.0,10,124.4422752961807,124.4422752961807,no pobre,0,0,375.0,746.0,1.0,60.0,14,143,16290,6,0.0
98,0.0,0.0,8.6160002,0.0,6.0,10,124.4422752961807,124.4422752961807,no pobre,0,0,375.0,746.0,1.0,60.0,15,143,16290,6,0.0
97,0.0,0.0,8.6160002,0.0,6.0,10,124.4422752961807,124.4422752961807,no pobre,0,0,375.0,746.0,1.0,60.0,13,143,16291,6,0.0
98,0.0,0.0,8.6160002,0.0,6.0,10,124.4422752961807,124.4422752961807,no pobre,0,0,375.0,746.0,1.0,60.0,14,143,16291,6,0.0
97,1.0,0.0,8.6160002,1.0,5.0,10,124.4422752961807,124.4422752961807,no pobre,0,0,375.0,746.0,1.0,60.0,10,143,16292,5,1.0
98,1.0,0.0,8.6160002,1.0,6.0,10,124.4422752961807,124.4422752961807,no pobre,0,0,375.0,746.0,1.0,60.0,11,143,16292,5,1.0
97,0.0,0.0,8.6160002,1.0,5.0,9,124.4422752961807,124.4422752961807,pobre,0,0,800.0,338.0,1.0,50.0,13,143,16293,5,1.0
98,0.0,0.0,8.6160002,1.0,5.0,9,124.4422752961807,124.4422752961807,pobre,0,0,800.0,338.0,1.0,50.0,14,143,16293,5,1.0
97,1.0,0.0,8.6160002,1.0,5.0,9,124.4422752961807,124.4422752961807,pobre,0,0,800.0,338.0,1.0,50.0,12,143,16294,5,1.0
98,1.0,0.0,8.6160002,0.0,6.0,9,124.4422752961807,124.4422752961807,pobre,0,0,800.0,338.0,1.0,50.0,13,143,16294,5,1.0
97,1.0,0.0,8.6160002,1.0,3.0,9,124.4422752961807,124.4422752961807,pobre,0,0,800.0,338.0,1.0,50.0,8,143,16295,3,1.0
98,1.0,0.0,8.6160002,1.0,4.0,9,124.4422752961807,124.4422752961807,pobre,0,0,800.0,338.0,1.0,50.0,9,143,16295,3,1.0
97,0.0,0.0,8.6160002,0.0,6.0,6,124.4422752961807,124.4422752961807,pobre,0,6,800.0,623.0,1.0,40.0,16,143,16296,6,0.0
98,0.0,0.0,8.6160002,,,6,124.4422752961807,124.4422752961807,pobre,0,6,800.0,623.0,1.0,40.0,17,143,16296,6,0.0
97,0.0,0.0,8.6160002,0.0,8.0,6,124.4422752961807,124.4422752961807,pobre,0,6,800.0,623.0,1.0,40.0,14,143,16297,8,0.0
98,0.0,0.0,8.6160002,1.0,8.0,6,124.4422752961807,124.4422752961807,pobre,0,6,800.0,623.0,1.0,40.0,15,143,16297,8,0.0
97,0.0,0.0,8.6160002,1.0,6.0,6,124.4422752961807,124.4422752961807,pobre,0,6,800.0,623.0,1.0,40.0,13,143,16298,6,1.0
98,0.0,0.0,8.6160002,1.0,7.0,6,124.4422752961807,124.4422752961807,pobre,0,6,800.0,623.0,1.0,40.0,14,143,16298,6,1.0
97,1.0,0.0,8.6160002,1.0,3.0,6,124.4422752961807,124.4422752961807,pobre,0,6,800.0,623.0,1.0,40.0,10,143,16299,3,1.0
98,1.0,0.0,8.6160002,1.0,4.0,6,124.4422752961807,124.4422752961807,pobre,0,6,800.0,623.0,1.0,40.0,11,143,16299,3,1.0
97,1.0,0.0,8.6160002,1.0,2.0,5,124.4422752961807,124.4422752961807,pobre,0,0,0.0,695.5,0.0,30.0,11,143,16300,2,1.0
98,1.0,0.0,8.6160002,1.0,3.0,5,124.4422752961807,124.4422752961807,pobre,0,0,0.0,695.5,0.0,30.0,12,143,16300,2,1.0
97,1.0,0.0,8.6160002,1.0,3.0,5,124.4422752961807,124.4422752961807,pobre,0,0,0.0,695.5,0.0,30.0,8,143,16301,3,1.0
98,1.0,0.0,8.6160002,1.0,4.0,5,124.4422752961807,124.4422752961807,pobre,0,0,0.0,695.5,0.0,30.0,9,143,16301,3,1.0
97,1.0,0.0,8.6160002,0.0,6.0,9,124.4422752961807,124.4422752961807,no pobre,0,7,400.0,782.75,1.0,43.0,16,143,16302,6,0.0
98,1.0,0.0,8.6160002,,,9,124.4422752961807,124.4422752961807,no pobre,0,7,400.0,782.75,1.0,43.0,17,143,16302,6,0.0
97,0.0,0.0,8.6160002,1.0,4.0,9,124.4422752961807,124.4422752961807,no pobre,0,7,400.0,782.75,1.0,43.0,13,143,16303,4,1.0
98,0.0,0.0,8.6160002,1.0,5.0,9,124.4422752961807,124.4422752961807,no pobre,0,7,400.0,782.75,1.0,43.0,14,143,16303,4,1.0
97,0.0,0.0,8.6160002,1.0,0.0,9,124.4422752961807,124.4422752961807,no pobre,0,7,400.0,782.75,1.0,43.0,7,143,16304,0,1.0
98,0.0,0.0,8.6160002,1.0,2.0,9,124.4422752961807,124.4422752961807,no pobre,0,7,400.0,782.75,1.0,43.0,8,143,16304,0,1.0
97,0.0,0.0,8.6160002,0.0,2.0,7,124.4422752961807,124.4422752961807,pobre,0,0,250.0,723.0,1.0,48.0,14,143,16305,2,0.0
98,0.0,0.0,8.6160002,,,7,124.4422752961807,124.4422752961807,pobre,0,0,250.0,723.0,1.0,48.0,15,143,16305,2,0.0
97,1.0,0.0,8.6160002,1.0,2.0,7,124.4422752961807,124.4422752961807,pobre,0,0,250.0,723.0,1.0,48.0,12,143,16306,2,1.0
98,1.0,0.0,8.6160002,1.0,4.0,7,124.4422752961807,124.4422752961807,pobre,0,0,250.0,723.0,1.0,48.0,13,143,16306,2,1.0
97,0.0,0.0,8.6160002,1.0,2.0,7,124.4422752961807,124.4422752961807,pobre,0,0,250.0,723.0,1.0,48.0,10,143,16307,2,1.0
98,0.0,0.0,8.6160002,1.0,2.0,7,124.4422752961807,124.4422752961807,pobre,0,0,250.0,723.0,1.0,48.0,11,143,16307,2,1.0
97,0.0,0.0,8.6160002,1.0,2.0,8,124.4422752961807,124.4422752961807,pobre,0,0,0.0,694.0,1.0,70.0,10,143,16308,2,1.0
98,0.0,0.0,8.6160002,1.0,3.0,8,124.4422752961807,124.4422752961807,pobre,0,0,0.0,694.0,1.0,70.0,11,143,16308,2,1.0
97,0.0,0.0,8.6160002,1.0,4.0,8,124.4422752961807,124.4422752961807,pobre,0,0,0.0,694.0,1.0,70.0,9,143,16309,4,1.0
98,0.0,0.0,8.6160002,1.0,4.0,8,124.4422752961807,124.4422752961807,pobre,0,0,0.0,694.0,1.0,70.0,10,143,16309,4,1.0
97,0.0,0.0,8.6160002,1.0,4.0,6,124.4422752961807,124.4422752961807,pobre,0,2,600.0,590.0,1.0,33.0,12,143,16310,4,1.0
98,0.0,0.0,8.6160002,1.0,5.0,6,124.4422752961807,124.4422752961807,pobre,0,2,600.0,590.0,1.0,33.0,13,143,16310,4,1.0
97,0.0,0.0,8.6160002,1.0,4.0,6,124.4422752961807,124.4422752961807,pobre,0,2,600.0,590.0,1.0,33.0,10,143,16311,4,1.0
98,0.0,0.0,8.6160002,1.0,5.0,6,124.4422752961807,124.4422752961807,pobre,0,2,600.0,590.0,1.0,33.0,11,143,16311,4,1.0
97,0.0,0.0,8.6160002,1.0,2.0,6,124.4422752961807,124.4422752961807,pobre,0,2,600.0,590.0,1.0,33.0,8,143,16312,2,1.0
98,0.0,0.0,8.6160002,1.0,3.0,6,124.4422752961807,124.4422752961807,pobre,0,2,600.0,590.0,1.0,33.0,9,143,16312,2,1.0
97,1.0,1.0,0.0,1.0,6.0,3,134.7560732061176,285.4250077588848,pobre,basal,6,500.0,755.0,1.0,33.0,12,431,16313,6,1.0
98,1.0,1.0,0.0,1.0,7.0,3,134.7560732061176,285.4250077588848,pobre,basal,6,500.0,755.0,1.0,33.0,13,431,16313,6,1.0
97,1.0,0.0,8.6160002,0.0,6.0,3,124.4422752961807,124.4422752961807,no pobre,0,0,83.333336,741.0,1.0,58.0,13,143,16314,6,0.0
98,1.0,0.0,8.6160002,1.0,6.0,3,124.4422752961807,124.4422752961807,no pobre,0,0,83.333336,741.0,1.0,58.0,14,143,16314,6,0.0
97,0.0,1.0,1.553,1.0,0.0,6,142.6004863159566,295.8812465320617,pobre,basal,6,500.0,652.0,1.0,26.0,6,432,16315,0,1.0
98,0.0,1.0,1.553,1.0,1.0,6,142.6004863159566,295.8812465320617,pobre,basal,6,500.0,652.0,1.0,26.0,7,432,16315,0,1.0
97,1.0,1.0,1.553,0.0,6.0,6,142.6004863159566,295.8812465320617,pobre,basal,6,500.0,652.0,1.0,26.0,15,432,16316,6,0.0
98,1.0,1.0,1.553,,,6,142.6004863159566,295.8812465320617,pobre,basal,6,500.0,652.0,1.0,26.0,16,432,16316,6,0.0
97,0.0,1.0,1.553,1.0,5.0,6,142.6004863159566,295.8812465320617,pobre,basal,0,500.0,683.0,1.0,44.0,13,432,16317,5,1.0
98,0.0,1.0,1.553,1.0,6.0,6,142.6004863159566,295.8812465320617,pobre,basal,0,500.0,683.0,1.0,44.0,14,432,16317,5,1.0
97,0.0,1.0,1.553,1.0,3.0,6,142.6004863159566,295.8812465320617,pobre,basal,0,500.0,683.0,1.0,44.0,11,432,16318,3,1.0
98,0.0,1.0,1.553,1.0,4.0,6,142.6004863159566,295.8812465320617,pobre,basal,0,500.0,683.0,1.0,44.0,12,432,16318,3,1.0
97,0.0,1.0,1.553,1.0,1.0,6,142.6004863159566,295.8812465320617,pobre,basal,0,500.0,683.0,1.0,44.0,9,432,16319,1,1.0
98,0.0,1.0,1.553,1.0,2.0,6,142.6004863159566,295.8812465320617,pobre,basal,0,500.0,683.0,1.0,44.0,10,432,16319,1,1.0
97,0.0,1.0,1.553,1.0,8.0,9,142.6004863159566,295.8812465320617,pobre,basal,0,625.0,718.5,1.0,53.0,15,432,16320,8,1.0
98,0.0,1.0,1.553,,,9,142.6004863159566,295.8812465320617,pobre,basal,0,625.0,718.5,1.0,53.0,16,432,16320,8,1.0
97,1.0,1.0,1.553,1.0,6.0,9,142.6004863159566,295.8812465320617,pobre,basal,0,625.0,718.5,1.0,53.0,12,432,16321,6,1.0
98,1.0,1.0,1.553,1.0,7.0,9,142.6004863159566,295.8812465320617,pobre,basal,0,625.0,718.5,1.0,53.0,13,432,16321,6,1.0
97,0.0,0.0,1.553,1.0,0.0,9,142.6004863159566,295.8812465320617,pobre,basal,0,625.0,718.5,1.0,53.0,6,432,16322,0,1.0
98,0.0,0.0,1.553,1.0,1.0,9,142.6004863159566,295.8812465320617,pobre,basal,0,625.0,718.5,1.0,53.0,7,432,16322,0,1.0
97,0.0,1.0,1.553,1.0,8.0,6,142.6004863159566,295.8812465320617,pobre,basal,0,625.0,599.0,1.0,33.0,15,432,16323,8,1.0
98,0.0,1.0,1.553,1.0,,6,142.6004863159566,295.8812465320617,pobre,basal,0,625.0,599.0,1.0,33.0,16,432,16323,8,1.0
97,1.0,1.0,1.553,1.0,4.0,6,142.6004863159566,295.8812465320617,pobre,basal,0,625.0,599.0,1.0,33.0,14,432,16324,4,1.0
98,1.0,1.0,1.553,1.0,,6,142.6004863159566,295.8812465320617,pobre,basal,0,625.0,599.0,1.0,33.0,15,432,16324,4,1.0
97,1.0,1.0,1.553,1.0,5.0,6,142.6004863159566,295.8812465320617,pobre,basal,0,625.0,599.0,1.0,33.0,12,432,16325,5,1.0
98,1.0,1.0,1.553,1.0,,6,142.6004863159566,295.8812465320617,pobre,basal,0,625.0,599.0,1.0,33.0,13,432,16325,5,1.0
97,0.0,1.0,1.553,1.0,2.0,6,142.6004863159566,295.8812465320617,pobre,basal,0,625.0,599.0,1.0,33.0,10,432,16326,2,1.0
98,0.0,1.0,1.553,1.0,,6,142.6004863159566,295.8812465320617,pobre,basal,0,625.0,599.0,1.0,33.0,11,432,16326,2,1.0
97,0.0,1.0,1.553,1.0,4.0,7,142.6004863159566,295.8812465320617,pobre,basal,4,500.0,563.0,1.0,33.0,15,432,16327,4,1.0
98,0.0,1.0,1.553,1.0,5.0,7,142.6004863159566,295.8812465320617,pobre,basal,4,500.0,563.0,1.0,33.0,16,432,16327,4,1.0
97,1.0,1.0,1.553,1.0,2.0,7,142.6004863159566,295.8812465320617,pobre,basal,4,500.0,563.0,1.0,33.0,12,432,16328,2,1.0
98,1.0,1.0,1.553,1.0,3.0,7,142.6004863159566,295.8812465320617,pobre,basal,4,500.0,563.0,1.0,33.0,13,432,16328,2,1.0
97,1.0,1.0,1.553,1.0,3.0,7,142.6004863159566,295.8812465320617,pobre,basal,4,500.0,563.0,1.0,33.0,11,432,16329,3,1.0
98,1.0,1.0,1.553,1.0,4.0,7,142.6004863159566,295.8812465320617,pobre,basal,4,500.0,563.0,1.0,33.0,12,432,16329,3,1.0
97,0.0,1.0,1.553,1.0,2.0,7,142.6004863159566,295.8812465320617,pobre,basal,4,500.0,563.0,1.0,33.0,8,432,16330,2,1.0
98,0.0,1.0,1.553,1.0,0.0,7,142.6004863159566,295.8812465320617,pobre,basal,4,500.0,563.0,1.0,33.0,9,432,16330,2,1.0
97,0.0,1.0,1.553,1.0,5.0,5,142.6004863159566,295.8812465320617,pobre,basal,2,500.0,701.0,1.0,52.0,13,432,16331,5,1.0
98,0.0,1.0,1.553,1.0,6.0,5,142.6004863159566,295.8812465320617,pobre,basal,2,500.0,701.0,1.0,52.0,14,432,16331,5,1.0
97,0.0,1.0,1.553,1.0,5.0,5,142.6004863159566,295.8812465320617,pobre,basal,2,500.0,701.0,1.0,52.0,12,432,16332,5,1.0
98,0.0,1.0,1.553,1.0,6.0,5,142.6004863159566,295.8812465320617,pobre,basal,2,500.0,701.0,1.0,52.0,13,432,16332,5,1.0
97,1.0,1.0,1.553,1.0,1.0,5,142.6004863159566,295.8812465320617,pobre,basal,2,500.0,701.0,1.0,52.0,8,432,16333,1,1.0
98,1.0,1.0,1.553,1.0,2.0,5,142.6004863159566,295.8812465320617,pobre,basal,2,500.0,701.0,1.0,52.0,9,432,16333,1,1.0
97,1.0,1.0,1.553,1.0,2.0,7,142.6004863159566,295.8812465320617,pobre,basal,4,625.0,774.0,1.0,49.0,15,432,16334,2,1.0
98,1.0,1.0,1.553,1.0,8.0,7,142.6004863159566,295.8812465320617,pobre,basal,4,625.0,774.0,1.0,49.0,16,432,16334,2,1.0
97,1.0,1.0,1.553,1.0,2.0,7,142.6004863159566,295.8812465320617,pobre,basal,4,625.0,774.0,1.0,49.0,13,432,16335,2,1.0
98,1.0,1.0,1.553,1.0,3.0,7,142.6004863159566,295.8812465320617,pobre,basal,4,625.0,774.0,1.0,49.0,14,432,16335,2,1.0
97,1.0,0.0,2.233,0.0,6.0,8,69.72458430749538,71.01844295318877,pobre,basal,0,0.0,497.0,1.0,37.0,13,157,16336,6,0.0
98,1.0,0.0,2.233,0.0,6.0,8,69.72458430749538,71.01844295318877,pobre,basal,0,0.0,497.0,1.0,37.0,14,157,16336,6,0.0
97,1.0,0.0,2.233,1.0,5.0,8,69.72458430749538,71.01844295318877,pobre,basal,0,0.0,497.0,1.0,37.0,12,157,16337,5,1.0
98,1.0,0.0,2.233,0.0,6.0,8,69.72458430749538,71.01844295318877,pobre,basal,0,0.0,497.0,1.0,37.0,13,157,16337,5,1.0
97,1.0,0.0,2.233,1.0,2.0,8,69.72458430749538,71.01844295318877,pobre,basal,0,0.0,497.0,1.0,37.0,9,157,16338,2,1.0
98,1.0,0.0,2.233,1.0,3.0,8,69.72458430749538,71.01844295318877,pobre,basal,0,0.0,497.0,1.0,37.0,10,157,16338,2,1.0
97,0.0,0.0,2.233,1.0,2.0,8,69.72458430749538,71.01844295318877,pobre,basal,0,0.0,497.0,1.0,37.0,8,157,16339,2,1.0
98,0.0,0.0,2.233,1.0,3.0,8,69.72458430749538,71.01844295318877,pobre,basal,0,0.0,497.0,1.0,37.0,9,157,16339,2,1.0
97,0.0,0.0,2.233,1.0,1.0,8,69.72458430749538,71.01844295318877,pobre,basal,0,0.0,497.0,1.0,37.0,6,157,16340,1,1.0
98,0.0,0.0,2.233,1.0,1.0,8,69.72458430749538,71.01844295318877,pobre,basal,0,0.0,497.0,1.0,37.0,7,157,16340,1,1.0
97,1.0,0.0,2.233,1.0,2.0,5,69.72458430749538,71.01844295318877,pobre,basal,1,750.0,492.0,1.0,28.0,8,157,16341,2,1.0
98,1.0,0.0,2.233,,,5,69.72458430749538,71.01844295318877,pobre,basal,1,750.0,492.0,1.0,28.0,9,157,16341,2,1.0
97,1.0,0.0,2.233,0.0,6.0,4,69.72458430749538,71.01844295318877,pobre,basal,0,0.0,713.0,1.0,63.0,15,157,16342,6,0.0
98,1.0,0.0,2.233,0.0,6.0,4,69.72458430749538,71.01844295318877,pobre,basal,0,0.0,713.0,1.0,63.0,16,157,16342,6,0.0
97,1.0,0.0,2.233,0.0,4.0,12,69.72458430749538,71.01844295318877,pobre,basal,1,0.0,670.79999,1.0,47.0,16,157,16343,4,0.0
98,1.0,0.0,2.233,0.0,4.0,12,69.72458430749538,71.01844295318877,pobre,basal,1,0.0,670.79999,1.0,47.0,17,157,16343,4,0.0
97,1.0,0.0,2.233,0.0,2.0,12,69.72458430749538,71.01844295318877,pobre,basal,1,0.0,670.79999,1.0,47.0,14,157,16344,2,0.0
98,1.0,0.0,2.233,1.0,2.0,12,69.72458430749538,71.01844295318877,pobre,basal,1,0.0,670.79999,1.0,47.0,15,157,16344,2,0.0
97,1.0,0.0,2.233,1.0,4.0,12,69.72458430749538,71.01844295318877,pobre,basal,1,0.0,670.79999,1.0,47.0,12,157,16345,4,1.0
98,1.0,0.0,2.233,1.0,5.0,12,69.72458430749538,71.01844295318877,pobre,basal,1,0.0,670.79999,1.0,47.0,13,157,16345,4,1.0
97,1.0,0.0,2.233,1.0,2.0,12,69.72458430749538,71.01844295318877,pobre,basal,1,0.0,670.79999,1.0,47.0,8,157,16346,2,1.0
98,1.0,0.0,2.233,1.0,1.0,12,69.72458430749538,71.01844295318877,pobre,basal,1,0.0,670.79999,1.0,47.0,9,157,16346,2,1.0
97,1.0,0.0,2.233,1.0,3.0,10,69.72458430749538,71.01844295318877,pobre,basal,0,0.0,723.0,1.0,54.0,15,157,16347,3,1.0
98,1.0,0.0,2.233,1.0,6.0,10,69.72458430749538,71.01844295318877,pobre,basal,0,0.0,723.0,1.0,54.0,16,157,16347,3,1.0
97,0.0,0.0,2.233,1.0,3.0,10,69.72458430749538,71.01844295318877,pobre,basal,0,0.0,723.0,1.0,54.0,13,157,16348,3,1.0
98,0.0,0.0,2.233,1.0,4.0,10,69.72458430749538,71.01844295318877,pobre,basal,0,0.0,723.0,1.0,54.0,14,157,16348,3,1.0
97,1.0,0.0,2.233,1.0,1.0,10,69.72458430749538,71.01844295318877,pobre,basal,0,0.0,723.0,1.0,54.0,10,157,16349,1,1.0
98,1.0,0.0,2.233,1.0,1.0,10,69.72458430749538,71.01844295318877,pobre,basal,0,0.0,723.0,1.0,54.0,11,157,16349,1,1.0
97,1.0,0.0,2.233,1.0,1.0,10,69.72458430749538,71.01844295318877,pobre,basal,0,0.0,723.0,1.0,54.0,9,157,16350,1,1.0
98,1.0,0.0,2.233,1.0,1.0,10,69.72458430749538,71.01844295318877,pobre,basal,0,0.0,723.0,1.0,54.0,10,157,16350,1,1.0
97,1.0,0.0,2.233,1.0,0.0,4,69.72458430749538,71.01844295318877,no pobre,basal,6,625.0,698.0,1.0,25.0,6,157,16351,0,1.0
98,1.0,0.0,2.233,1.0,1.0,4,69.72458430749538,71.01844295318877,no pobre,basal,6,625.0,698.0,1.0,25.0,7,157,16351,0,1.0
97,0.0,0.0,2.233,0.0,6.0,5,69.72458430749538,71.01844295318877,no pobre,basal,2,0.0,730.0,1.0,51.0,15,157,16352,6,0.0
98,0.0,0.0,2.233,1.0,7.0,5,69.72458430749538,71.01844295318877,no pobre,basal,2,0.0,730.0,1.0,51.0,16,157,16352,6,0.0
97,0.0,0.0,2.233,1.0,2.0,5,69.72458430749538,71.01844295318877,no pobre,basal,2,0.0,730.0,1.0,51.0,9,157,16353,2,1.0
98,0.0,0.0,2.233,1.0,1.0,5,69.72458430749538,71.01844295318877,no pobre,basal,2,0.0,730.0,1.0,51.0,10,157,16353,2,1.0
97,1.0,0.0,2.233,1.0,2.0,8,69.72458430749538,71.01844295318877,pobre,basal,0,625.0,418.0,1.0,29.0,8,157,16354,2,1.0
98,1.0,0.0,2.233,1.0,3.0,8,69.72458430749538,71.01844295318877,pobre,basal,0,625.0,418.0,1.0,29.0,9,157,16354,2,1.0
97,0.0,0.0,2.233,1.0,0.0,8,69.72458430749538,71.01844295318877,pobre,basal,0,625.0,418.0,1.0,29.0,6,157,16355,0,1.0
98,0.0,0.0,2.233,1.0,1.0,8,69.72458430749538,71.01844295318877,pobre,basal,0,625.0,418.0,1.0,29.0,7,157,16355,0,1.0
97,0.0,0.0,2.233,1.0,5.0,8,69.72458430749538,71.01844295318877,pobre,basal,1,0.0,470.0,1.0,36.0,13,157,16356,5,1.0
98,0.0,0.0,2.233,1.0,6.0,8,69.72458430749538,71.01844295318877,pobre,basal,1,0.0,470.0,1.0,36.0,14,157,16356,5,1.0
97,0.0,0.0,2.233,1.0,2.0,8,69.72458430749538,71.01844295318877,pobre,basal,1,0.0,470.0,1.0,36.0,12,157,16357,2,1.0
98,0.0,0.0,2.233,1.0,3.0,8,69.72458430749538,71.01844295318877,pobre,basal,1,0.0,470.0,1.0,36.0,13,157,16357,2,1.0
97,1.0,0.0,2.233,1.0,0.0,8,69.72458430749538,71.01844295318877,pobre,basal,1,0.0,470.0,1.0,36.0,6,157,16358,0,1.0
98,1.0,0.0,2.233,1.0,1.0,8,69.72458430749538,71.01844295318877,pobre,basal,1,0.0,470.0,1.0,36.0,7,157,16358,0,1.0
97,1.0,0.0,2.233,1.0,0.0,8,69.72458430749538,71.01844295318877,pobre,basal,6,0.0,524.0,1.0,30.0,9,157,16359,0,1.0
98,1.0,0.0,2.233,1.0,3.0,8,69.72458430749538,71.01844295318877,pobre,basal,6,0.0,524.0,1.0,30.0,10,157,16359,0,1.0
97,1.0,0.0,2.233,1.0,1.0,8,69.72458430749538,71.01844295318877,pobre,basal,6,0.0,524.0,1.0,30.0,8,157,16360,1,1.0
98,1.0,0.0,2.233,1.0,2.0,8,69.72458430749538,71.01844295318877,pobre,basal,6,0.0,524.0,1.0,30.0,9,157,16360,1,1.0
97,1.0,0.0,2.233,1.0,0.0,8,69.72458430749538,71.01844295318877,pobre,basal,6,0.0,524.0,1.0,30.0,6,157,16361,0,1.0
98,1.0,0.0,2.233,1.0,1.0,8,69.72458430749538,71.01844295318877,pobre,basal,6,0.0,524.0,1.0,30.0,7,157,16361,0,1.0
97,0.0,0.0,2.233,0.0,6.0,9,69.72458430749538,71.01844295318877,pobre,basal,3,0.0,642.0,1.0,49.0,16,157,16362,6,0.0
98,0.0,0.0,2.233,,,9,69.72458430749538,71.01844295318877,pobre,basal,3,0.0,642.0,1.0,49.0,17,157,16362,6,0.0
97,0.0,0.0,2.233,0.0,6.0,9,69.72458430749538,71.01844295318877,pobre,basal,3,0.0,642.0,1.0,49.0,15,157,16363,6,0.0
98,0.0,0.0,2.233,,6.0,9,69.72458430749538,71.01844295318877,pobre,basal,3,0.0,642.0,1.0,49.0,16,157,16363,6,0.0
97,1.0,0.0,2.233,1.0,5.0,9,69.72458430749538,71.01844295318877,pobre,basal,3,0.0,642.0,1.0,49.0,12,157,16364,5,1.0
98,1.0,0.0,2.233,0.0,6.0,9,69.72458430749538,71.01844295318877,pobre,basal,3,0.0,642.0,1.0,49.0,13,157,16364,5,1.0
97,1.0,0.0,2.233,1.0,4.0,9,69.72458430749538,71.01844295318877,pobre,basal,3,0.0,642.0,1.0,49.0,11,157,16365,4,1.0
98,1.0,0.0,2.233,1.0,5.0,9,69.72458430749538,71.01844295318877,pobre,basal,3,0.0,642.0,1.0,49.0,12,157,16365,4,1.0
97,0.0,0.0,2.233,1.0,2.0,9,69.72458430749538,71.01844295318877,pobre,basal,3,0.0,642.0,1.0,49.0,9,157,16366,2,1.0
98,0.0,0.0,2.233,1.0,4.0,9,69.72458430749538,71.01844295318877,pobre,basal,3,0.0,642.0,1.0,49.0,10,157,16366,2,1.0
97,1.0,0.0,2.233,1.0,0.0,9,69.72458430749538,71.01844295318877,pobre,basal,3,0.0,642.0,1.0,49.0,6,157,16367,0,1.0
98,1.0,0.0,2.233,1.0,1.0,9,69.72458430749538,71.01844295318877,pobre,basal,3,0.0,642.0,1.0,49.0,7,157,16367,0,1.0
97,1.0,0.0,2.233,1.0,1.0,3,69.72458430749538,71.01844295318877,pobre,basal,3,1000.0,792.0,1.0,32.0,9,157,16368,1,1.0
98,1.0,0.0,2.233,,,3,69.72458430749538,71.01844295318877,pobre,basal,3,1000.0,792.0,1.0,32.0,10,157,16368,1,1.0
97,0.0,0.0,2.233,1.0,2.0,5,69.72458430749538,71.01844295318877,no pobre,basal,3,0.0,731.5,1.0,24.0,8,157,16369,2,1.0
98,0.0,0.0,2.233,1.0,3.0,5,69.72458430749538,71.01844295318877,no pobre,basal,3,0.0,731.5,1.0,24.0,9,157,16369,2,1.0
97,0.0,0.0,2.233,0.0,2.0,9,69.72458430749538,71.01844295318877,pobre,basal,0,0.0,532.5,1.0,39.0,15,157,16370,2,0.0
98,0.0,0.0,2.233,0.0,2.0,9,69.72458430749538,71.01844295318877,pobre,basal,0,0.0,532.5,1.0,39.0,16,157,16370,2,0.0
97,0.0,0.0,2.233,0.0,4.0,9,69.72458430749538,71.01844295318877,pobre,basal,0,0.0,532.5,1.0,39.0,13,157,16371,4,0.0
98,0.0,0.0,2.233,0.0,6.0,9,69.72458430749538,71.01844295318877,pobre,basal,0,0.0,532.5,1.0,39.0,14,157,16371,4,0.0
97,0.0,0.0,2.233,1.0,2.0,9,69.72458430749538,71.01844295318877,pobre,basal,0,0.0,532.5,1.0,39.0,11,157,16372,2,1.0
98,0.0,0.0,2.233,1.0,3.0,9,69.72458430749538,71.01844295318877,pobre,basal,0,0.0,532.5,1.0,39.0,12,157,16372,2,1.0
97,0.0,0.0,2.233,1.0,1.0,9,69.72458430749538,71.01844295318877,pobre,basal,0,0.0,532.5,1.0,39.0,6,157,16373,1,1.0
98,0.0,0.0,2.233,1.0,2.0,9,69.72458430749538,71.01844295318877,pobre,basal,0,0.0,532.5,1.0,39.0,7,157,16373,1,1.0
97,1.0,0.0,2.233,1.0,4.0,8,69.72458430749538,71.01844295318877,pobre,basal,4,625.0,530.0,1.0,32.0,11,157,16374,4,1.0
98,1.0,0.0,2.233,1.0,5.0,8,69.72458430749538,71.01844295318877,pobre,basal,4,625.0,530.0,1.0,32.0,12,157,16374,4,1.0
97,1.0,0.0,2.233,1.0,1.0,8,69.72458430749538,71.01844295318877,pobre,basal,4,625.0,530.0,1.0,32.0,7,157,16375,1,1.0
98,1.0,0.0,2.233,1.0,2.0,8,69.72458430749538,71.01844295318877,pobre,basal,4,625.0,530.0,1.0,32.0,8,157,16375,1,1.0
97,0.0,0.0,2.233,1.0,2.0,5,69.72458430749538,71.01844295318877,pobre,basal,6,1200.0,561.0,1.0,28.0,10,157,16376,2,1.0
98,0.0,0.0,2.233,1.0,3.0,5,69.72458430749538,71.01844295318877,pobre,basal,6,1200.0,561.0,1.0,28.0,11,157,16376,2,1.0
97,1.0,0.0,2.233,1.0,3.0,7,69.72458430749538,71.01844295318877,pobre,basal,4,0.0,581.5,1.0,31.0,11,157,16377,3,1.0
98,1.0,0.0,2.233,1.0,4.0,7,69.72458430749538,71.01844295318877,pobre,basal,4,0.0,581.5,1.0,31.0,12,157,16377,3,1.0
97,1.0,0.0,2.233,1.0,1.0,7,69.72458430749538,71.01844295318877,pobre,basal,4,0.0,581.5,1.0,31.0,8,157,16378,1,1.0
98,1.0,0.0,2.233,1.0,2.0,7,69.72458430749538,71.01844295318877,pobre,basal,4,0.0,581.5,1.0,31.0,9,157,16378,1,1.0
97,0.0,0.0,2.233,1.0,0.0,7,69.72458430749538,71.01844295318877,pobre,basal,4,0.0,581.5,1.0,31.0,7,157,16379,0,1.0
98,0.0,0.0,2.233,1.0,1.0,7,69.72458430749538,71.01844295318877,pobre,basal,4,0.0,581.5,1.0,31.0,8,157,16379,0,1.0
97,1.0,0.0,2.233,1.0,2.0,6,69.72458430749538,71.01844295318877,pobre,basal,4,720.0,608.0,1.0,28.0,8,157,16380,2,1.0
98,1.0,0.0,2.233,1.0,2.0,6,69.72458430749538,71.01844295318877,pobre,basal,4,720.0,608.0,1.0,28.0,9,157,16380,2,1.0
97,0.0,0.0,2.233,1.0,0.0,6,69.72458430749538,71.01844295318877,pobre,basal,4,720.0,608.0,1.0,28.0,6,157,16381,0,1.0
98,0.0,0.0,2.233,1.0,1.0,6,69.72458430749538,71.01844295318877,pobre,basal,4,720.0,608.0,1.0,28.0,7,157,16381,0,1.0
97,0.0,0.0,2.233,,0.0,5,69.72458430749538,71.01844295318877,pobre,basal,0,575.0,584.0,1.0,62.0,15,157,16382,0,
98,0.0,0.0,2.233,1.0,7.0,5,69.72458430749538,71.01844295318877,pobre,basal,0,575.0,584.0,1.0,62.0,16,157,16382,0,
97,1.0,0.0,2.233,1.0,3.0,5,69.72458430749538,71.01844295318877,pobre,basal,0,575.0,584.0,1.0,62.0,13,157,16383,3,1.0
98,1.0,0.0,2.233,1.0,4.0,5,69.72458430749538,71.01844295318877,pobre,basal,0,575.0,584.0,1.0,62.0,14,157,16383,3,1.0
97,1.0,0.0,2.233,0.0,2.0,5,69.72458430749538,71.01844295318877,pobre,basal,1,0.0,694.0,1.0,47.0,14,157,16384,2,0.0
98,1.0,0.0,2.233,0.0,3.0,5,69.72458430749538,71.01844295318877,pobre,basal,1,0.0,694.0,1.0,47.0,15,157,16384,2,0.0
97,1.0,0.0,2.233,0.0,6.0,9,69.72458430749538,71.01844295318877,pobre,basal,2,0.0,665.5,1.0,51.0,16,157,16385,6,0.0
98,1.0,0.0,2.233,,,9,69.72458430749538,71.01844295318877,pobre,basal,2,0.0,665.5,1.0,51.0,17,157,16385,6,0.0
97,1.0,0.0,2.233,1.0,5.0,9,69.72458430749538,71.01844295318877,pobre,basal,2,0.0,665.5,1.0,51.0,15,157,16386,5,1.0
98,1.0,0.0,2.233,,,9,69.72458430749538,71.01844295318877,pobre,basal,2,0.0,665.5,1.0,51.0,16,157,16386,5,1.0
97,0.0,0.0,2.233,1.0,2.0,9,69.72458430749538,71.01844295318877,pobre,basal,2,0.0,665.5,1.0,51.0,14,157,16387,2,1.0
98,0.0,0.0,2.233,1.0,3.0,9,69.72458430749538,71.01844295318877,pobre,basal,2,0.0,665.5,1.0,51.0,15,157,16387,2,1.0
97,0.0,0.0,2.233,1.0,2.0,9,69.72458430749538,71.01844295318877,pobre,basal,2,0.0,665.5,1.0,51.0,13,157,16388,2,1.0
98,0.0,0.0,2.233,1.0,3.0,9,69.72458430749538,71.01844295318877,pobre,basal,2,0.0,665.5,1.0,51.0,14,157,16388,2,1.0
97,0.0,0.0,2.233,1.0,2.0,9,69.72458430749538,71.01844295318877,pobre,basal,2,0.0,665.5,1.0,51.0,10,157,16389,2,1.0
98,0.0,0.0,2.233,1.0,3.0,9,69.72458430749538,71.01844295318877,pobre,basal,2,0.0,665.5,1.0,51.0,11,157,16389,2,1.0
97,0.0,0.0,2.233,1.0,1.0,5,69.72458430749538,71.01844295318877,pobre,basal,6,600.0,605.0,1.0,31.0,8,157,16390,1,1.0
98,0.0,0.0,2.233,1.0,2.0,5,69.72458430749538,71.01844295318877,pobre,basal,6,600.0,605.0,1.0,31.0,9,157,16390,1,1.0
97,1.0,0.0,2.233,0.0,6.0,3,69.72458430749538,71.01844295318877,pobre,basal,0,0.0,736.5,1.0,58.0,15,157,16391,6,0.0
98,1.0,0.0,2.233,,,3,69.72458430749538,71.01844295318877,pobre,basal,0,0.0,736.5,1.0,58.0,16,157,16391,6,0.0
97,0.0,0.0,2.233,1.0,3.0,6,69.72458430749538,71.01844295318877,pobre,basal,6,0.0,548.0,1.0,33.0,11,157,16392,3,1.0
98,0.0,0.0,2.233,1.0,4.0,6,69.72458430749538,71.01844295318877,pobre,basal,6,0.0,548.0,1.0,33.0,12,157,16392,3,1.0
97,1.0,0.0,2.233,1.0,1.0,6,69.72458430749538,71.01844295318877,pobre,basal,6,0.0,548.0,1.0,33.0,7,157,16393,1,1.0
98,1.0,0.0,2.233,1.0,2.0,6,69.72458430749538,71.01844295318877,pobre,basal,6,0.0,548.0,1.0,33.0,8,157,16393,1,1.0
97,1.0,0.0,2.233,1.0,1.0,6,69.72458430749538,71.01844295318877,pobre,basal,2,625.0,639.0,1.0,29.0,7,157,16394,1,1.0
98,1.0,0.0,2.233,,,6,69.72458430749538,71.01844295318877,pobre,basal,2,625.0,639.0,1.0,29.0,8,157,16394,1,1.0
97,1.0,0.0,2.233,1.0,1.0,6,69.72458430749538,71.01844295318877,pobre,basal,2,625.0,639.0,1.0,29.0,6,157,16395,1,1.0
98,1.0,0.0,2.233,,,6,69.72458430749538,71.01844295318877,pobre,basal,2,625.0,639.0,1.0,29.0,7,157,16395,1,1.0
97,0.0,0.0,2.233,0.0,6.0,6,69.72458430749538,71.01844295318877,no pobre,basal,4,3500.0,722.0,1.0,35.0,14,157,16396,6,0.0
98,0.0,0.0,2.233,0.0,6.0,6,69.72458430749538,71.01844295318877,no pobre,basal,4,3500.0,722.0,1.0,35.0,15,157,16396,6,0.0
97,0.0,0.0,2.233,1.0,4.0,6,69.72458430749538,71.01844295318877,no pobre,basal,4,3500.0,722.0,1.0,35.0,12,157,16397,4,1.0
98,0.0,0.0,2.233,1.0,5.0,6,69.72458430749538,71.01844295318877,no pobre,basal,4,3500.0,722.0,1.0,35.0,13,157,16397,4,1.0
97,1.0,0.0,2.233,1.0,2.0,6,69.72458430749538,71.01844295318877,no pobre,basal,4,3500.0,722.0,1.0,35.0,10,157,16398,2,1.0
98,1.0,0.0,2.233,1.0,3.0,6,69.72458430749538,71.01844295318877,no pobre,basal,4,3500.0,722.0,1.0,35.0,11,157,16398,2,1.0
97,1.0,0.0,2.233,0.0,6.0,10,69.72458430749538,71.01844295318877,pobre,basal,0,0.0,527.5,1.0,59.0,14,157,16399,6,0.0
98,1.0,0.0,2.233,0.0,6.0,10,69.72458430749538,71.01844295318877,pobre,basal,0,0.0,527.5,1.0,59.0,15,157,16399,6,0.0
97,0.0,0.0,2.233,1.0,3.0,10,69.72458430749538,71.01844295318877,pobre,basal,0,0.0,527.5,1.0,59.0,12,157,16400,3,1.0
98,0.0,0.0,2.233,1.0,4.0,10,69.72458430749538,71.01844295318877,pobre,basal,0,0.0,527.5,1.0,59.0,13,157,16400,3,1.0
97,0.0,0.0,2.233,1.0,2.0,10,69.72458430749538,71.01844295318877,pobre,basal,0,0.0,527.5,1.0,59.0,11,157,16401,2,1.0
98,0.0,0.0,2.233,1.0,3.0,10,69.72458430749538,71.01844295318877,pobre,basal,0,0.0,527.5,1.0,59.0,12,157,16401,2,1.0
97,1.0,0.0,2.233,1.0,2.0,10,69.72458430749538,71.01844295318877,pobre,basal,0,0.0,527.5,1.0,59.0,8,157,16402,2,1.0
98,1.0,0.0,2.233,1.0,1.0,10,69.72458430749538,71.01844295318877,pobre,basal,0,0.0,527.5,1.0,59.0,9,157,16402,2,1.0
97,1.0,0.0,2.233,1.0,0.0,10,69.72458430749538,71.01844295318877,pobre,basal,0,0.0,527.5,1.0,59.0,6,157,16403,0,1.0
98,1.0,0.0,2.233,1.0,1.0,10,69.72458430749538,71.01844295318877,pobre,basal,0,0.0,527.5,1.0,59.0,7,157,16403,0,1.0
97,1.0,0.0,2.233,0.0,3.0,10,69.72458430749538,71.01844295318877,pobre,basal,0,600.0,553.85999,1.0,49.0,16,157,16404,3,0.0
98,1.0,0.0,2.233,,,10,69.72458430749538,71.01844295318877,pobre,basal,0,600.0,553.85999,1.0,49.0,17,157,16404,3,0.0
97,1.0,0.0,2.233,0.0,5.0,10,69.72458430749538,71.01844295318877,pobre,basal,0,600.0,553.85999,1.0,49.0,14,157,16405,5,0.0
98,1.0,0.0,2.233,0.0,5.0,10,69.72458430749538,71.01844295318877,pobre,basal,0,600.0,553.85999,1.0,49.0,15,157,16405,5,0.0
97,0.0,0.0,2.233,1.0,3.0,10,69.72458430749538,71.01844295318877,pobre,basal,0,600.0,553.85999,1.0,49.0,11,157,16406,3,1.0
98,0.0,0.0,2.233,1.0,4.0,10,69.72458430749538,71.01844295318877,pobre,basal,0,600.0,553.85999,1.0,49.0,12,157,16406,3,1.0
97,1.0,0.0,2.233,1.0,2.0,10,69.72458430749538,71.01844295318877,pobre,basal,0,600.0,553.85999,1.0,49.0,9,157,16407,2,1.0
98,1.0,0.0,2.233,1.0,3.0,10,69.72458430749538,71.01844295318877,pobre,basal,0,600.0,553.85999,1.0,49.0,10,157,16407,2,1.0
97,1.0,0.0,2.233,1.0,1.0,10,69.72458430749538,71.01844295318877,pobre,basal,0,600.0,553.85999,1.0,49.0,7,157,16408,1,1.0
98,1.0,0.0,2.233,1.0,2.0,10,69.72458430749538,71.01844295318877,pobre,basal,0,600.0,553.85999,1.0,49.0,8,157,16408,1,1.0
97,0.0,0.0,2.233,1.0,0.0,10,69.72458430749538,71.01844295318877,pobre,basal,0,600.0,553.85999,1.0,49.0,6,157,16409,0,1.0
98,0.0,0.0,2.233,1.0,1.0,10,69.72458430749538,71.01844295318877,pobre,basal,0,600.0,553.85999,1.0,49.0,7,157,16409,0,1.0
97,0.0,0.0,2.233,0.0,6.0,2,69.72458430749538,71.01844295318877,pobre,basal,6,600.0,640.0,1.0,22.0,16,157,16410,6,0.0
98,0.0,0.0,2.233,,,2,69.72458430749538,71.01844295318877,pobre,basal,6,600.0,640.0,1.0,22.0,17,157,16410,6,0.0
97,0.0,0.0,2.233,0.0,4.0,8,69.72458430749538,71.01844295318877,pobre,basal,0,416.66666,651.0,1.0,53.0,15,157,16411,4,0.0
98,0.0,0.0,2.233,0.0,5.0,8,69.72458430749538,71.01844295318877,pobre,basal,0,416.66666,651.0,1.0,53.0,16,157,16411,4,0.0
97,0.0,0.0,2.233,0.0,4.0,8,69.72458430749538,71.01844295318877,pobre,basal,0,416.66666,651.0,1.0,53.0,12,157,16412,4,0.0
98,0.0,0.0,2.233,1.0,5.0,8,69.72458430749538,71.01844295318877,pobre,basal,0,416.66666,651.0,1.0,53.0,13,157,16412,4,0.0
97,1.0,0.0,2.233,0.0,2.0,8,69.72458430749538,71.01844295318877,pobre,basal,0,416.66666,651.0,1.0,53.0,10,157,16413,2,0.0
98,1.0,0.0,2.233,1.0,2.0,8,69.72458430749538,71.01844295318877,pobre,basal,0,416.66666,651.0,1.0,53.0,11,157,16413,2,0.0
97,1.0,0.0,2.233,,5.0,14,69.72458430749538,71.01844295318877,pobre,basal,2,625.0,387.0,1.0,47.0,16,157,16414,5,
98,1.0,0.0,2.233,,,14,69.72458430749538,71.01844295318877,pobre,basal,2,625.0,387.0,1.0,47.0,17,157,16414,5,
97,0.0,0.0,2.233,,7.0,14,69.72458430749538,71.01844295318877,pobre,basal,2,625.0,387.0,1.0,47.0,14,157,16415,7,
98,0.0,0.0,2.233,0.0,2.0,14,69.72458430749538,71.01844295318877,pobre,basal,2,625.0,387.0,1.0,47.0,15,157,16415,7,
97,0.0,0.0,2.233,,6.0,14,69.72458430749538,71.01844295318877,pobre,basal,2,625.0,387.0,1.0,47.0,13,157,16416,6,
98,0.0,0.0,2.233,1.0,3.0,14,69.72458430749538,71.01844295318877,pobre,basal,2,625.0,387.0,1.0,47.0,14,157,16416,6,
97,1.0,0.0,2.233,,5.0,14,69.72458430749538,71.01844295318877,pobre,basal,2,625.0,387.0,1.0,47.0,11,157,16417,5,
98,1.0,0.0,2.233,1.0,2.0,14,69.72458430749538,71.01844295318877,pobre,basal,2,625.0,387.0,1.0,47.0,12,157,16417,5,
97,1.0,0.0,2.233,,4.0,14,69.72458430749538,71.01844295318877,pobre,basal,2,625.0,387.0,1.0,47.0,10,157,16418,4,
98,1.0,0.0,2.233,1.0,4.0,14,69.72458430749538,71.01844295318877,pobre,basal,2,625.0,387.0,1.0,47.0,11,157,16418,4,
97,0.0,0.0,2.233,,2.0,14,69.72458430749538,71.01844295318877,pobre,basal,2,625.0,387.0,1.0,47.0,7,157,16419,2,
98,0.0,0.0,2.233,1.0,3.0,14,69.72458430749538,71.01844295318877,pobre,basal,2,625.0,387.0,1.0,47.0,8,157,16419,2,
97,0.0,0.0,2.233,0.0,6.0,9,69.72458430749538,71.01844295318877,pobre,basal,3,760.0,406.0,1.0,35.0,15,157,16420,6,0.0
98,0.0,0.0,2.233,0.0,6.0,9,69.72458430749538,71.01844295318877,pobre,basal,3,760.0,406.0,1.0,35.0,16,157,16420,6,0.0
97,1.0,0.0,2.233,0.0,3.0,9,69.72458430749538,71.01844295318877,pobre,basal,3,760.0,406.0,1.0,35.0,13,157,16421,3,0.0
98,1.0,0.0,2.233,0.0,4.0,9,69.72458430749538,71.01844295318877,pobre,basal,3,760.0,406.0,1.0,35.0,14,157,16421,3,0.0
97,0.0,0.0,2.233,1.0,3.0,9,69.72458430749538,71.01844295318877,pobre,basal,3,760.0,406.0,1.0,35.0,11,157,16422,3,1.0
98,0.0,0.0,2.233,1.0,3.0,9,69.72458430749538,71.01844295318877,pobre,basal,3,760.0,406.0,1.0,35.0,12,157,16422,3,1.0
97,0.0,0.0,2.233,1.0,2.0,9,69.72458430749538,71.01844295318877,pobre,basal,3,760.0,406.0,1.0,35.0,8,157,16423,2,1.0
98,0.0,0.0,2.233,1.0,2.0,9,69.72458430749538,71.01844295318877,pobre,basal,3,760.0,406.0,1.0,35.0,9,157,16423,2,1.0
97,0.0,0.0,2.233,1.0,9.0,10,69.72458430749538,71.01844295318877,pobre,basal,0,750.0,478.0,1.0,50.0,16,157,16424,9,1.0
98,0.0,0.0,2.233,,,10,69.72458430749538,71.01844295318877,pobre,basal,0,750.0,478.0,1.0,50.0,17,157,16424,9,1.0
97,0.0,0.0,2.233,1.0,6.0,10,69.72458430749538,71.01844295318877,pobre,basal,0,750.0,478.0,1.0,50.0,14,157,16425,6,1.0
98,0.0,0.0,2.233,1.0,5.0,10,69.72458430749538,71.01844295318877,pobre,basal,0,750.0,478.0,1.0,50.0,15,157,16425,6,1.0
97,0.0,0.0,2.233,1.0,2.0,10,69.72458430749538,71.01844295318877,pobre,basal,0,750.0,478.0,1.0,50.0,9,157,16426,2,1.0
98,0.0,0.0,2.233,1.0,3.0,10,69.72458430749538,71.01844295318877,pobre,basal,0,750.0,478.0,1.0,50.0,10,157,16426,2,1.0
97,1.0,0.0,2.233,1.0,4.0,10,69.72458430749538,71.01844295318877,pobre,basal,0,750.0,478.0,1.0,50.0,12,157,16427,4,1.0
98,1.0,0.0,2.233,1.0,4.0,10,69.72458430749538,71.01844295318877,pobre,basal,0,750.0,478.0,1.0,50.0,13,157,16427,4,1.0
97,1.0,0.0,2.233,1.0,1.0,10,69.72458430749538,71.01844295318877,pobre,basal,0,750.0,478.0,1.0,50.0,8,157,16428,1,1.0
98,1.0,0.0,2.233,1.0,2.0,10,69.72458430749538,71.01844295318877,pobre,basal,0,750.0,478.0,1.0,50.0,9,157,16428,1,1.0
97,1.0,0.0,2.233,1.0,3.0,5,69.72458430749538,71.01844295318877,pobre,basal,3,625.0,665.5,1.0,27.0,9,157,16429,3,1.0
98,1.0,0.0,2.233,1.0,2.0,5,69.72458430749538,71.01844295318877,pobre,basal,3,625.0,665.5,1.0,27.0,10,157,16429,3,1.0
97,0.0,0.0,2.233,1.0,1.0,5,69.72458430749538,71.01844295318877,pobre,basal,3,625.0,665.5,1.0,27.0,7,157,16430,1,1.0
98,0.0,0.0,2.233,1.0,1.0,5,69.72458430749538,71.01844295318877,pobre,basal,3,625.0,665.5,1.0,27.0,8,157,16430,1,1.0
97,1.0,0.0,0.0,1.0,3.0,7,105.0539879604575,105.0539879604575,pobre,basal,4,1250.0,500.0,1.0,30.0,11,146,16431,3,1.0
98,1.0,0.0,0.0,1.0,4.0,7,105.0539879604575,105.0539879604575,pobre,basal,4,1250.0,500.0,1.0,30.0,12,146,16431,3,1.0
97,1.0,0.0,0.0,1.0,3.0,7,105.0539879604575,105.0539879604575,pobre,basal,4,1250.0,500.0,1.0,30.0,8,146,16432,3,1.0
98,1.0,0.0,0.0,1.0,4.0,7,105.0539879604575,105.0539879604575,pobre,basal,4,1250.0,500.0,1.0,30.0,9,146,16432,3,1.0
97,1.0,0.0,0.0,1.0,1.0,7,105.0539879604575,105.0539879604575,pobre,basal,4,1250.0,500.0,1.0,30.0,7,146,16433,1,1.0
98,1.0,0.0,0.0,1.0,1.0,7,105.0539879604575,105.0539879604575,pobre,basal,4,1250.0,500.0,1.0,30.0,8,146,16433,1,1.0
97,1.0,0.0,0.0,1.0,3.0,7,105.0539879604575,105.0539879604575,pobre,basal,2,166.66667,627.5,1.0,28.0,9,146,16434,3,1.0
98,1.0,0.0,0.0,1.0,4.0,7,105.0539879604575,105.0539879604575,pobre,basal,2,166.66667,627.5,1.0,28.0,10,146,16434,3,1.0
97,0.0,0.0,0.0,1.0,2.0,7,105.0539879604575,105.0539879604575,pobre,basal,2,166.66667,627.5,1.0,28.0,8,146,16435,2,1.0
98,0.0,0.0,0.0,1.0,3.0,7,105.0539879604575,105.0539879604575,pobre,basal,2,166.66667,627.5,1.0,28.0,9,146,16435,2,1.0
97,0.0,0.0,0.0,1.0,1.0,7,105.0539879604575,105.0539879604575,pobre,basal,2,166.66667,627.5,1.0,28.0,6,146,16436,1,1.0
98,0.0,0.0,0.0,1.0,2.0,7,105.0539879604575,105.0539879604575,pobre,basal,2,166.66667,627.5,1.0,28.0,7,146,16436,1,1.0
97,0.0,0.0,0.0,1.0,1.0,7,105.0539879604575,105.0539879604575,pobre,basal,2,166.66667,627.5,1.0,28.0,6,146,16437,1,1.0
98,0.0,0.0,0.0,1.0,2.0,7,105.0539879604575,105.0539879604575,pobre,basal,2,166.66667,627.5,1.0,28.0,7,146,16437,1,1.0
97,0.0,0.0,0.0,1.0,7.0,9,105.0539879604575,105.0539879604575,pobre,basal,6,1833.3334,638.5,1.0,50.0,16,146,16438,7,1.0
98,0.0,0.0,0.0,,,9,105.0539879604575,105.0539879604575,pobre,basal,6,1833.3334,638.5,1.0,50.0,17,146,16438,7,1.0
97,1.0,0.0,0.0,1.0,8.0,9,105.0539879604575,105.0539879604575,pobre,basal,6,1833.3334,638.5,1.0,50.0,13,146,16439,8,1.0
98,1.0,0.0,0.0,,,9,105.0539879604575,105.0539879604575,pobre,basal,6,1833.3334,638.5,1.0,50.0,14,146,16439,8,1.0
97,1.0,0.0,0.0,1.0,5.0,9,105.0539879604575,105.0539879604575,pobre,basal,6,1833.3334,638.5,1.0,50.0,12,146,16440,5,1.0
98,1.0,0.0,0.0,,,9,105.0539879604575,105.0539879604575,pobre,basal,6,1833.3334,638.5,1.0,50.0,13,146,16440,5,1.0
97,1.0,0.0,0.0,1.0,2.0,9,105.0539879604575,105.0539879604575,pobre,basal,6,1833.3334,638.5,1.0,50.0,11,146,16441,2,1.0
98,1.0,0.0,0.0,,,9,105.0539879604575,105.0539879604575,pobre,basal,6,1833.3334,638.5,1.0,50.0,12,146,16441,2,1.0
97,1.0,0.0,0.0,1.0,2.0,9,105.0539879604575,105.0539879604575,pobre,basal,6,1833.3334,638.5,1.0,50.0,8,146,16442,2,1.0
98,1.0,0.0,0.0,,,9,105.0539879604575,105.0539879604575,pobre,basal,6,1833.3334,638.5,1.0,50.0,9,146,16442,2,1.0
97,0.0,0.0,0.0,1.0,7.0,3,105.0539879604575,105.0539879604575,no pobre,basal,0,1250.0,741.0,1.0,47.0,14,146,16443,7,1.0
98,0.0,0.0,0.0,1.0,7.0,3,105.0539879604575,105.0539879604575,no pobre,basal,0,1250.0,741.0,1.0,47.0,15,146,16443,7,1.0
97,1.0,0.0,0.0,1.0,7.0,7,105.0539879604575,105.0539879604575,pobre,basal,0,1250.0,671.5,1.0,61.0,14,146,16444,7,1.0
98,1.0,0.0,0.0,1.0,8.0,7,105.0539879604575,105.0539879604575,pobre,basal,0,1250.0,671.5,1.0,61.0,15,146,16444,7,1.0
97,1.0,0.0,0.0,1.0,5.0,7,105.0539879604575,105.0539879604575,pobre,basal,0,1250.0,671.5,1.0,61.0,13,146,16445,5,1.0
98,1.0,0.0,0.0,1.0,6.0,7,105.0539879604575,105.0539879604575,pobre,basal,0,1250.0,671.5,1.0,61.0,14,146,16445,5,1.0
97,1.0,0.0,0.0,1.0,3.0,7,105.0539879604575,105.0539879604575,pobre,basal,0,1250.0,671.5,1.0,61.0,11,146,16446,3,1.0
98,1.0,0.0,0.0,1.0,5.0,7,105.0539879604575,105.0539879604575,pobre,basal,0,1250.0,671.5,1.0,61.0,12,146,16446,3,1.0
97,1.0,0.0,0.0,1.0,2.0,7,105.0539879604575,105.0539879604575,pobre,basal,0,1250.0,671.5,1.0,61.0,8,146,16447,2,1.0
98,1.0,0.0,0.0,1.0,3.0,7,105.0539879604575,105.0539879604575,pobre,basal,0,1250.0,671.5,1.0,61.0,9,146,16447,2,1.0
97,0.0,0.0,0.0,1.0,3.0,7,105.0539879604575,105.0539879604575,pobre,basal,0,1250.0,517.0,1.0,52.0,10,146,16448,3,1.0
98,0.0,0.0,0.0,1.0,4.0,7,105.0539879604575,105.0539879604575,pobre,basal,0,1250.0,517.0,1.0,52.0,11,146,16448,3,1.0
97,0.0,0.0,0.0,1.0,2.0,7,105.0539879604575,105.0539879604575,pobre,basal,0,1250.0,517.0,1.0,52.0,8,146,16449,2,1.0
98,0.0,0.0,0.0,1.0,2.0,7,105.0539879604575,105.0539879604575,pobre,basal,0,1250.0,517.0,1.0,52.0,9,146,16449,2,1.0
97,1.0,0.0,0.0,,0.0,7,105.0539879604575,105.0539879604575,pobre,basal,3,0.0,636.25,1.0,86.0,16,146,16450,0,
98,1.0,0.0,0.0,,,7,105.0539879604575,105.0539879604575,pobre,basal,3,0.0,636.25,1.0,86.0,17,146,16450,0,
97,1.0,0.0,0.0,0.0,7.0,7,105.0539879604575,105.0539879604575,pobre,basal,3,0.0,636.25,1.0,86.0,15,146,16451,7,0.0
98,1.0,0.0,0.0,1.0,7.0,7,105.0539879604575,105.0539879604575,pobre,basal,3,0.0,636.25,1.0,86.0,16,146,16451,7,0.0
97,1.0,0.0,0.0,0.0,5.0,7,105.0539879604575,105.0539879604575,pobre,basal,3,0.0,636.25,1.0,86.0,13,146,16452,5,0.0
98,1.0,0.0,0.0,1.0,7.0,7,105.0539879604575,105.0539879604575,pobre,basal,3,0.0,636.25,1.0,86.0,14,146,16452,5,0.0
97,1.0,0.0,0.0,1.0,11.0,10,105.0539879604575,105.0539879604575,pobre,basal,3,1250.0,404.0,1.0,35.0,16,146,16453,11,1.0
98,1.0,0.0,0.0,,,10,105.0539879604575,105.0539879604575,pobre,basal,3,1250.0,404.0,1.0,35.0,17,146,16453,11,1.0
97,0.0,0.0,0.0,1.0,9.0,10,105.0539879604575,105.0539879604575,pobre,basal,3,1250.0,404.0,1.0,35.0,14,146,16454,9,1.0
98,0.0,0.0,0.0,1.0,9.0,10,105.0539879604575,105.0539879604575,pobre,basal,3,1250.0,404.0,1.0,35.0,15,146,16454,9,1.0
97,1.0,0.0,0.0,1.0,6.0,10,105.0539879604575,105.0539879604575,pobre,basal,3,1250.0,404.0,1.0,35.0,11,146,16455,6,1.0
98,1.0,0.0,0.0,1.0,6.0,10,105.0539879604575,105.0539879604575,pobre,basal,3,1250.0,404.0,1.0,35.0,12,146,16455,6,1.0
97,0.0,0.0,0.0,1.0,4.0,10,105.0539879604575,105.0539879604575,pobre,basal,3,1250.0,404.0,1.0,35.0,10,146,16456,4,1.0
98,0.0,0.0,0.0,1.0,4.0,10,105.0539879604575,105.0539879604575,pobre,basal,3,1250.0,404.0,1.0,35.0,11,146,16456,4,1.0
97,0.0,0.0,0.0,1.0,2.0,10,105.0539879604575,105.0539879604575,pobre,basal,3,1250.0,404.0,1.0,35.0,8,146,16457,2,1.0
98,0.0,0.0,0.0,1.0,2.0,10,105.0539879604575,105.0539879604575,pobre,basal,3,1250.0,404.0,1.0,35.0,9,146,16457,2,1.0
97,0.0,0.0,0.0,1.0,1.0,10,105.0539879604575,105.0539879604575,pobre,basal,3,1250.0,404.0,1.0,35.0,6,146,16458,1,1.0
98,0.0,0.0,0.0,1.0,0.0,10,105.0539879604575,105.0539879604575,pobre,basal,3,1250.0,404.0,1.0,35.0,7,146,16458,1,1.0
97,0.0,0.0,0.0,1.0,6.0,7,105.0539879604575,105.0539879604575,pobre,basal,0,0.0,545.0,1.0,50.0,13,146,16459,6,1.0
98,0.0,0.0,0.0,0.0,7.0,7,105.0539879604575,105.0539879604575,pobre,basal,0,0.0,545.0,1.0,50.0,14,146,16459,6,1.0
97,0.0,0.0,0.0,1.0,5.0,7,105.0539879604575,105.0539879604575,pobre,basal,0,0.0,545.0,1.0,50.0,11,146,16460,5,1.0
98,0.0,0.0,0.0,1.0,6.0,7,105.0539879604575,105.0539879604575,pobre,basal,0,0.0,545.0,1.0,50.0,12,146,16460,5,1.0
97,1.0,0.0,0.0,1.0,4.0,7,105.0539879604575,105.0539879604575,pobre,basal,0,0.0,545.0,1.0,50.0,11,146,16461,4,1.0
98,1.0,0.0,0.0,1.0,4.0,7,105.0539879604575,105.0539879604575,pobre,basal,0,0.0,545.0,1.0,50.0,12,146,16461,4,1.0
97,0.0,0.0,0.0,1.0,2.0,7,105.0539879604575,105.0539879604575,pobre,basal,0,0.0,545.0,1.0,50.0,9,146,16462,2,1.0
98,0.0,0.0,0.0,1.0,3.0,7,105.0539879604575,105.0539879604575,pobre,basal,0,0.0,545.0,1.0,50.0,10,146,16462,2,1.0
97,1.0,0.0,0.0,1.0,3.0,7,105.0539879604575,105.0539879604575,pobre,basal,0,0.0,545.0,1.0,50.0,7,146,16463,3,1.0
98,1.0,0.0,0.0,1.0,1.0,7,105.0539879604575,105.0539879604575,pobre,basal,0,0.0,545.0,1.0,50.0,8,146,16463,3,1.0
97,0.0,0.0,0.0,1.0,5.0,4,105.0539879604575,105.0539879604575,pobre,basal,3,1250.0,716.0,1.0,40.0,12,146,16464,5,1.0
98,0.0,0.0,0.0,,,4,105.0539879604575,105.0539879604575,pobre,basal,3,1250.0,716.0,1.0,40.0,13,146,16464,5,1.0
97,1.0,0.0,0.0,1.0,2.0,4,105.0539879604575,105.0539879604575,pobre,basal,3,1250.0,716.0,1.0,40.0,10,146,16465,2,1.0
98,1.0,0.0,0.0,,,4,105.0539879604575,105.0539879604575,pobre,basal,3,1250.0,716.0,1.0,40.0,11,146,16465,2,1.0
97,1.0,0.0,0.0,1.0,8.0,3,105.0539879604575,105.0539879604575,no pobre,basal,0,1000.0,749.0,1.0,52.0,16,146,16466,8,1.0
98,1.0,0.0,0.0,,,3,105.0539879604575,105.0539879604575,no pobre,basal,0,1000.0,749.0,1.0,52.0,17,146,16466,8,1.0
97,0.0,0.0,0.0,0.0,3.0,5,105.0539879604575,105.0539879604575,pobre,basal,1,608.33331,670.0,0.0,55.0,16,146,16467,3,0.0
98,0.0,0.0,0.0,,,5,105.0539879604575,105.0539879604575,pobre,basal,1,608.33331,670.0,0.0,55.0,17,146,16467,3,0.0
97,0.0,0.0,0.0,1.0,0.0,3,105.0539879604575,105.0539879604575,no pobre,basal,6,1000.0,725.0,1.0,58.0,6,146,16468,0,1.0
98,0.0,0.0,0.0,,,3,105.0539879604575,105.0539879604575,no pobre,basal,6,1000.0,725.0,1.0,58.0,7,146,16468,0,1.0
97,1.0,0.0,0.0,1.0,8.0,4,105.0539879604575,105.0539879604575,pobre,basal,0,0.0,570.0,0.0,70.0,16,146,16469,8,1.0
98,1.0,0.0,0.0,,,4,105.0539879604575,105.0539879604575,pobre,basal,0,0.0,570.0,0.0,70.0,17,146,16469,8,1.0
97,1.0,0.0,0.0,1.0,4.0,4,105.0539879604575,105.0539879604575,pobre,basal,0,0.0,570.0,0.0,70.0,13,146,16470,4,1.0
98,1.0,0.0,0.0,1.0,5.0,4,105.0539879604575,105.0539879604575,pobre,basal,0,0.0,570.0,0.0,70.0,14,146,16470,4,1.0
97,1.0,0.0,0.0,1.0,0.0,5,105.0539879604575,105.0539879604575,pobre,basal,6,33.333332,622.0,1.0,37.0,6,146,16471,0,1.0
98,1.0,0.0,0.0,1.0,0.0,5,105.0539879604575,105.0539879604575,pobre,basal,6,33.333332,622.0,1.0,37.0,7,146,16471,0,1.0
97,0.0,0.0,0.0,1.0,6.0,6,105.0539879604575,105.0539879604575,pobre,basal,3,833.33331,616.12,1.0,40.0,13,146,16472,6,1.0
98,0.0,0.0,0.0,1.0,7.0,6,105.0539879604575,105.0539879604575,pobre,basal,3,833.33331,616.12,1.0,40.0,14,146,16472,6,1.0
97,1.0,0.0,0.0,1.0,2.0,6,105.0539879604575,105.0539879604575,pobre,basal,3,833.33331,616.12,1.0,40.0,7,146,16473,2,1.0
98,1.0,0.0,0.0,1.0,2.0,6,105.0539879604575,105.0539879604575,pobre,basal,3,833.33331,616.12,1.0,40.0,8,146,16473,2,1.0
97,1.0,0.0,0.0,0.0,9.0,9,105.0539879604575,105.0539879604575,pobre,basal,0,833.33331,680.75,1.0,55.0,15,146,16474,9,0.0
98,1.0,0.0,0.0,0.0,9.0,9,105.0539879604575,105.0539879604575,pobre,basal,0,833.33331,680.75,1.0,55.0,16,146,16474,9,0.0
97,0.0,0.0,0.0,1.0,7.0,9,105.0539879604575,105.0539879604575,pobre,basal,0,833.33331,680.75,1.0,55.0,12,146,16475,7,1.0
98,0.0,0.0,0.0,1.0,8.0,9,105.0539879604575,105.0539879604575,pobre,basal,0,833.33331,680.75,1.0,55.0,13,146,16475,7,1.0
97,1.0,0.0,0.0,1.0,5.0,9,105.0539879604575,105.0539879604575,pobre,basal,0,833.33331,680.75,1.0,55.0,11,146,16476,5,1.0
98,1.0,0.0,0.0,1.0,6.0,9,105.0539879604575,105.0539879604575,pobre,basal,0,833.33331,680.75,1.0,55.0,12,146,16476,5,1.0
97,1.0,0.0,0.0,1.0,4.0,9,105.0539879604575,105.0539879604575,pobre,basal,0,833.33331,680.75,1.0,55.0,10,146,16477,4,1.0
98,1.0,0.0,0.0,1.0,5.0,9,105.0539879604575,105.0539879604575,pobre,basal,0,833.33331,680.75,1.0,55.0,11,146,16477,4,1.0
97,1.0,0.0,0.0,1.0,2.0,9,105.0539879604575,105.0539879604575,pobre,basal,0,833.33331,680.75,1.0,55.0,8,146,16478,2,1.0
98,1.0,0.0,0.0,1.0,3.0,9,105.0539879604575,105.0539879604575,pobre,basal,0,833.33331,680.75,1.0,55.0,9,146,16478,2,1.0
97,1.0,0.0,0.0,1.0,4.0,5,105.0539879604575,105.0539879604575,no pobre,basal,4,0.0,702.0,1.0,60.0,10,146,16479,4,1.0
98,1.0,0.0,0.0,1.0,5.0,5,105.0539879604575,105.0539879604575,no pobre,basal,4,0.0,702.0,1.0,60.0,11,146,16479,4,1.0
97,1.0,0.0,0.0,1.0,8.0,5,105.0539879604575,105.0539879604575,no pobre,basal,1,750.0,772.0,0.0,44.0,15,146,16480,8,1.0
98,1.0,0.0,0.0,,,5,105.0539879604575,105.0539879604575,no pobre,basal,1,750.0,772.0,0.0,44.0,16,146,16480,8,1.0
97,0.0,0.0,4.349,1.0,0.0,9,105.9501651297792,105.9501651297792,pobre,0,0,500.0,565.5,1.0,85.0,10,188,16481,0,1.0
98,0.0,0.0,4.349,1.0,5.0,9,105.9501651297792,105.9501651297792,pobre,0,0,500.0,565.5,1.0,85.0,11,188,16481,0,1.0
97,1.0,0.0,4.349,1.0,0.0,6,105.9501651297792,105.9501651297792,pobre,0,0,1250.0,563.0,1.0,25.0,6,188,16482,0,1.0
98,1.0,0.0,4.349,1.0,0.0,6,105.9501651297792,105.9501651297792,pobre,0,0,1250.0,563.0,1.0,25.0,7,188,16482,0,1.0
97,1.0,0.0,4.349,0.0,6.0,9,105.9501651297792,105.9501651297792,pobre,0,10,91.666664,581.16998,1.0,30.0,12,188,16483,6,0.0
98,1.0,0.0,4.349,0.0,6.0,9,105.9501651297792,105.9501651297792,pobre,0,10,91.666664,581.16998,1.0,30.0,13,188,16483,6,0.0
97,1.0,0.0,4.349,1.0,4.0,9,105.9501651297792,105.9501651297792,pobre,0,10,91.666664,581.16998,1.0,30.0,10,188,16484,4,1.0
98,1.0,0.0,4.349,1.0,5.0,9,105.9501651297792,105.9501651297792,pobre,0,10,91.666664,581.16998,1.0,30.0,11,188,16484,4,1.0
97,1.0,0.0,4.349,1.0,3.0,9,105.9501651297792,105.9501651297792,pobre,0,10,91.666664,581.16998,1.0,30.0,9,188,16485,3,1.0
98,1.0,0.0,4.349,1.0,4.0,9,105.9501651297792,105.9501651297792,pobre,0,10,91.666664,581.16998,1.0,30.0,10,188,16485,3,1.0
97,0.0,0.0,4.349,1.0,1.0,9,105.9501651297792,105.9501651297792,pobre,0,10,91.666664,581.16998,1.0,30.0,7,188,16486,1,1.0
98,0.0,0.0,4.349,1.0,2.0,9,105.9501651297792,105.9501651297792,pobre,0,10,91.666664,581.16998,1.0,30.0,8,188,16486,1,1.0
97,0.0,0.0,4.349,1.0,4.0,8,105.9501651297792,105.9501651297792,pobre,0,0,1250.0,501.0,1.0,36.0,12,188,16487,4,1.0
98,0.0,0.0,4.349,1.0,5.0,8,105.9501651297792,105.9501651297792,pobre,0,0,1250.0,501.0,1.0,36.0,13,188,16487,4,1.0
97,0.0,0.0,4.349,1.0,4.0,8,105.9501651297792,105.9501651297792,pobre,0,0,1250.0,501.0,1.0,36.0,10,188,16488,4,1.0
98,0.0,0.0,4.349,1.0,5.0,8,105.9501651297792,105.9501651297792,pobre,0,0,1250.0,501.0,1.0,36.0,11,188,16488,4,1.0
97,0.0,0.0,4.349,1.0,2.0,8,105.9501651297792,105.9501651297792,pobre,0,0,1250.0,501.0,1.0,36.0,9,188,16489,2,1.0
98,0.0,0.0,4.349,1.0,3.0,8,105.9501651297792,105.9501651297792,pobre,0,0,1250.0,501.0,1.0,36.0,10,188,16489,2,1.0
97,0.0,0.0,4.349,1.0,1.0,8,105.9501651297792,105.9501651297792,pobre,0,0,1250.0,501.0,1.0,36.0,8,188,16490,1,1.0
98,0.0,0.0,4.349,1.0,2.0,8,105.9501651297792,105.9501651297792,pobre,0,0,1250.0,501.0,1.0,36.0,9,188,16490,1,1.0
97,1.0,0.0,4.349,0.0,6.0,8,105.9501651297792,105.9501651297792,pobre,0,3,0.0,477.0,1.0,38.0,14,188,16491,6,0.0
98,1.0,0.0,4.349,,,8,105.9501651297792,105.9501651297792,pobre,0,3,0.0,477.0,1.0,38.0,15,188,16491,6,0.0
97,0.0,0.0,4.349,0.0,6.0,8,105.9501651297792,105.9501651297792,pobre,0,3,0.0,477.0,1.0,38.0,14,188,16492,6,0.0
98,0.0,0.0,4.349,0.0,6.0,8,105.9501651297792,105.9501651297792,pobre,0,3,0.0,477.0,1.0,38.0,15,188,16492,6,0.0
97,0.0,0.0,4.349,1.0,4.0,8,105.9501651297792,105.9501651297792,pobre,0,3,0.0,477.0,1.0,38.0,10,188,16493,4,1.0
98,0.0,0.0,4.349,1.0,5.0,8,105.9501651297792,105.9501651297792,pobre,0,3,0.0,477.0,1.0,38.0,11,188,16493,4,1.0
97,1.0,0.0,4.349,1.0,1.0,8,105.9501651297792,105.9501651297792,pobre,0,3,0.0,477.0,1.0,38.0,8,188,16494,1,1.0
98,1.0,0.0,4.349,1.0,2.0,8,105.9501651297792,105.9501651297792,pobre,0,3,0.0,477.0,1.0,38.0,9,188,16494,1,1.0
97,1.0,0.0,4.349,1.0,6.0,10,105.9501651297792,105.9501651297792,pobre,0,0,1250.0,388.0,1.0,37.0,14,188,16495,6,1.0
98,1.0,0.0,4.349,0.0,6.0,10,105.9501651297792,105.9501651297792,pobre,0,0,1250.0,388.0,1.0,37.0,15,188,16495,6,1.0
97,0.0,0.0,4.349,1.0,4.0,10,105.9501651297792,105.9501651297792,pobre,0,0,1250.0,388.0,1.0,37.0,12,188,16496,4,1.0
98,0.0,0.0,4.349,1.0,5.0,10,105.9501651297792,105.9501651297792,pobre,0,0,1250.0,388.0,1.0,37.0,13,188,16496,4,1.0
97,0.0,0.0,4.349,1.0,4.0,10,105.9501651297792,105.9501651297792,pobre,0,0,1250.0,388.0,1.0,37.0,10,188,16497,4,1.0
98,0.0,0.0,4.349,1.0,5.0,10,105.9501651297792,105.9501651297792,pobre,0,0,1250.0,388.0,1.0,37.0,11,188,16497,4,1.0
97,0.0,0.0,4.349,1.0,0.0,10,105.9501651297792,105.9501651297792,pobre,0,0,1250.0,388.0,1.0,37.0,8,188,16498,0,1.0
98,0.0,0.0,4.349,1.0,0.0,10,105.9501651297792,105.9501651297792,pobre,0,0,1250.0,388.0,1.0,37.0,9,188,16498,0,1.0
97,0.0,0.0,4.349,1.0,4.0,7,105.9501651297792,105.9501651297792,pobre,0,3,66.666664,452.0,1.0,32.0,10,188,16499,4,1.0
98,0.0,0.0,4.349,1.0,5.0,7,105.9501651297792,105.9501651297792,pobre,0,3,66.666664,452.0,1.0,32.0,11,188,16499,4,1.0
97,0.0,0.0,4.349,1.0,3.0,7,105.9501651297792,105.9501651297792,pobre,0,3,66.666664,452.0,1.0,32.0,9,188,16500,3,1.0
98,0.0,0.0,4.349,1.0,4.0,7,105.9501651297792,105.9501651297792,pobre,0,3,66.666664,452.0,1.0,32.0,10,188,16500,3,1.0
97,0.0,0.0,4.349,1.0,2.0,7,105.9501651297792,105.9501651297792,pobre,0,3,66.666664,452.0,1.0,32.0,8,188,16501,2,1.0
98,0.0,0.0,4.349,1.0,3.0,7,105.9501651297792,105.9501651297792,pobre,0,3,66.666664,452.0,1.0,32.0,9,188,16501,2,1.0
97,1.0,0.0,4.349,0.0,4.0,6,105.9501651297792,105.9501651297792,pobre,0,0,200.0,694.0,1.0,56.0,16,188,16502,4,0.0
98,1.0,0.0,4.349,,,6,105.9501651297792,105.9501651297792,pobre,0,0,200.0,694.0,1.0,56.0,17,188,16502,4,0.0
97,1.0,0.0,4.349,0.0,6.0,6,105.9501651297792,105.9501651297792,pobre,0,0,200.0,694.0,1.0,56.0,14,188,16503,6,0.0
98,1.0,0.0,4.349,0.0,6.0,6,105.9501651297792,105.9501651297792,pobre,0,0,200.0,694.0,1.0,56.0,15,188,16503,6,0.0
97,0.0,0.0,4.349,1.0,4.0,6,105.9501651297792,105.9501651297792,pobre,0,0,200.0,694.0,1.0,56.0,12,188,16504,4,1.0
98,0.0,0.0,4.349,1.0,5.0,6,105.9501651297792,105.9501651297792,pobre,0,0,200.0,694.0,1.0,56.0,13,188,16504,4,1.0
97,1.0,0.0,4.349,1.0,2.0,6,105.9501651297792,105.9501651297792,pobre,0,0,200.0,694.0,1.0,56.0,10,188,16505,2,1.0
98,1.0,0.0,4.349,1.0,3.0,6,105.9501651297792,105.9501651297792,pobre,0,0,200.0,694.0,1.0,56.0,11,188,16505,2,1.0
97,0.0,0.0,4.349,0.0,6.0,8,105.9501651297792,105.9501651297792,pobre,0,3,125.0,553.0,1.0,42.0,16,188,16506,6,0.0
98,0.0,0.0,4.349,,,8,105.9501651297792,105.9501651297792,pobre,0,3,125.0,553.0,1.0,42.0,17,188,16506,6,0.0
97,0.0,0.0,4.349,0.0,6.0,8,105.9501651297792,105.9501651297792,pobre,0,3,125.0,553.0,1.0,42.0,14,188,16507,6,0.0
98,0.0,0.0,4.349,0.0,6.0,8,105.9501651297792,105.9501651297792,pobre,0,3,125.0,553.0,1.0,42.0,15,188,16507,6,0.0
97,1.0,0.0,4.349,1.0,4.0,8,105.9501651297792,105.9501651297792,pobre,0,3,125.0,553.0,1.0,42.0,12,188,16508,4,1.0
98,1.0,0.0,4.349,0.0,5.0,8,105.9501651297792,105.9501651297792,pobre,0,3,125.0,553.0,1.0,42.0,13,188,16508,4,1.0
97,1.0,0.0,4.349,1.0,4.0,8,105.9501651297792,105.9501651297792,pobre,0,3,125.0,553.0,1.0,42.0,11,188,16509,4,1.0
98,1.0,0.0,4.349,1.0,5.0,8,105.9501651297792,105.9501651297792,pobre,0,3,125.0,553.0,1.0,42.0,12,188,16509,4,1.0
97,0.0,0.0,4.349,,0.0,8,105.9501651297792,105.9501651297792,pobre,0,3,125.0,553.0,1.0,42.0,8,188,16510,0,
98,0.0,0.0,4.349,1.0,2.0,8,105.9501651297792,105.9501651297792,pobre,0,3,125.0,553.0,1.0,42.0,9,188,16510,0,
97,1.0,0.0,4.349,0.0,6.0,6,105.9501651297792,105.9501651297792,pobre,0,0,1250.0,615.0,1.0,64.0,14,188,16511,6,0.0
98,1.0,0.0,4.349,,,6,105.9501651297792,105.9501651297792,pobre,0,0,1250.0,615.0,1.0,64.0,15,188,16511,6,0.0
97,0.0,0.0,4.349,0.0,6.0,6,105.9501651297792,105.9501651297792,pobre,0,0,1250.0,615.0,1.0,64.0,14,188,16512,6,0.0
98,0.0,0.0,4.349,0.0,6.0,6,105.9501651297792,105.9501651297792,pobre,0,0,1250.0,615.0,1.0,64.0,15,188,16512,6,0.0
97,0.0,0.0,4.349,1.0,4.0,6,105.9501651297792,105.9501651297792,pobre,0,0,1250.0,615.0,1.0,64.0,11,188,16513,4,1.0
98,0.0,0.0,4.349,1.0,5.0,6,105.9501651297792,105.9501651297792,pobre,0,0,1250.0,615.0,1.0,64.0,12,188,16513,4,1.0
97,0.0,0.0,4.349,0.0,6.0,10,105.9501651297792,105.9501651297792,pobre,0,1,0.0,603.5,0.0,31.0,15,188,16514,6,0.0
98,0.0,0.0,4.349,,,10,105.9501651297792,105.9501651297792,pobre,0,1,0.0,603.5,0.0,31.0,16,188,16514,6,0.0
97,1.0,0.0,4.349,0.0,6.0,10,105.9501651297792,105.9501651297792,pobre,0,1,0.0,603.5,0.0,31.0,12,188,16515,6,0.0
98,1.0,0.0,4.349,0.0,6.0,10,105.9501651297792,105.9501651297792,pobre,0,1,0.0,603.5,0.0,31.0,13,188,16515,6,0.0
97,1.0,0.0,4.349,1.0,3.0,10,105.9501651297792,105.9501651297792,pobre,0,1,0.0,603.5,0.0,31.0,11,188,16516,3,1.0
98,1.0,0.0,4.349,1.0,5.0,10,105.9501651297792,105.9501651297792,pobre,0,1,0.0,603.5,0.0,31.0,12,188,16516,3,1.0
97,1.0,0.0,4.349,1.0,1.0,10,105.9501651297792,105.9501651297792,pobre,0,1,0.0,603.5,0.0,31.0,10,188,16517,1,1.0
98,1.0,0.0,4.349,1.0,3.0,10,105.9501651297792,105.9501651297792,pobre,0,1,0.0,603.5,0.0,31.0,11,188,16517,1,1.0
97,1.0,0.0,4.349,1.0,1.0,10,105.9501651297792,105.9501651297792,pobre,0,1,0.0,603.5,0.0,31.0,9,188,16518,1,1.0
98,1.0,0.0,4.349,1.0,1.0,10,105.9501651297792,105.9501651297792,pobre,0,1,0.0,603.5,0.0,31.0,10,188,16518,1,1.0
97,0.0,0.0,4.349,1.0,8.0,6,105.9501651297792,105.9501651297792,pobre,0,2,0.0,584.0,0.0,38.0,16,188,16519,8,1.0
98,0.0,0.0,4.349,,,6,105.9501651297792,105.9501651297792,pobre,0,2,0.0,584.0,0.0,38.0,17,188,16519,8,1.0
97,1.0,0.0,4.349,1.0,7.0,6,105.9501651297792,105.9501651297792,pobre,0,2,0.0,584.0,0.0,38.0,14,188,16520,7,1.0
98,1.0,0.0,4.349,,,6,105.9501651297792,105.9501651297792,pobre,0,2,0.0,584.0,0.0,38.0,15,188,16520,7,1.0
97,1.0,0.0,4.349,1.0,4.0,6,105.9501651297792,105.9501651297792,pobre,0,2,0.0,584.0,0.0,38.0,11,188,16521,4,1.0
98,1.0,0.0,4.349,,,6,105.9501651297792,105.9501651297792,pobre,0,2,0.0,584.0,0.0,38.0,12,188,16521,4,1.0
97,0.0,0.0,4.349,1.0,5.0,6,105.9501651297792,105.9501651297792,pobre,0,2,0.0,584.0,0.0,38.0,11,188,16522,5,1.0
98,0.0,0.0,4.349,,,6,105.9501651297792,105.9501651297792,pobre,0,2,0.0,584.0,0.0,38.0,12,188,16522,5,1.0
97,0.0,0.0,4.0149999,1.0,8.0,6,99.85985058067774,99.85985058067774,no pobre,0,3,1000.0,751.0,1.0,56.0,14,142,16523,8,1.0
98,0.0,0.0,4.0149999,1.0,8.0,6,99.85985058067774,99.85985058067774,no pobre,0,3,1000.0,751.0,1.0,56.0,15,142,16523,8,1.0
97,1.0,0.0,4.0149999,0.0,6.0,7,99.85985058067774,99.85985058067774,pobre,0,0,0.0,513.0,0.0,37.0,15,142,16524,6,0.0
98,1.0,0.0,4.0149999,0.0,6.0,7,99.85985058067774,99.85985058067774,pobre,0,0,0.0,513.0,0.0,37.0,16,142,16524,6,0.0
97,0.0,0.0,4.0149999,1.0,7.0,7,99.85985058067774,99.85985058067774,pobre,0,0,0.0,513.0,0.0,37.0,12,142,16525,7,1.0
98,0.0,0.0,4.0149999,1.0,7.0,7,99.85985058067774,99.85985058067774,pobre,0,0,0.0,513.0,0.0,37.0,13,142,16525,7,1.0
97,0.0,0.0,4.0149999,1.0,3.0,7,99.85985058067774,99.85985058067774,pobre,0,0,0.0,513.0,0.0,37.0,10,142,16526,3,1.0
98,0.0,0.0,4.0149999,1.0,5.0,7,99.85985058067774,99.85985058067774,pobre,0,0,0.0,513.0,0.0,37.0,11,142,16526,3,1.0
97,1.0,0.0,4.0149999,,0.0,7,99.85985058067774,99.85985058067774,pobre,0,0,0.0,513.0,0.0,37.0,8,142,16527,0,
98,1.0,0.0,4.0149999,1.0,1.0,7,99.85985058067774,99.85985058067774,pobre,0,0,0.0,513.0,0.0,37.0,9,142,16527,0,
97,1.0,0.0,4.0149999,1.0,8.0,10,99.85985058067774,99.85985058067774,pobre,0,2,750.0,719.0,1.0,70.0,15,142,16528,8,1.0
98,1.0,0.0,4.0149999,1.0,9.0,10,99.85985058067774,99.85985058067774,pobre,0,2,750.0,719.0,1.0,70.0,16,142,16528,8,1.0
97,1.0,0.0,4.0149999,1.0,3.0,10,99.85985058067774,99.85985058067774,pobre,0,2,750.0,719.0,1.0,70.0,9,142,16529,3,1.0
98,1.0,0.0,4.0149999,,,10,99.85985058067774,99.85985058067774,pobre,0,2,750.0,719.0,1.0,70.0,10,142,16529,3,1.0
97,0.0,0.0,4.0149999,1.0,6.0,8,99.85985058067774,99.85985058067774,pobre,0,4,1000.0,536.0,1.0,35.0,12,142,16530,6,1.0
98,0.0,0.0,4.0149999,1.0,6.0,8,99.85985058067774,99.85985058067774,pobre,0,4,1000.0,536.0,1.0,35.0,13,142,16530,6,1.0
97,0.0,0.0,4.0149999,,0.0,8,99.85985058067774,99.85985058067774,pobre,0,4,1000.0,536.0,1.0,35.0,7,142,16531,0,
98,0.0,0.0,4.0149999,1.0,1.0,8,99.85985058067774,99.85985058067774,pobre,0,4,1000.0,536.0,1.0,35.0,8,142,16531,0,
97,1.0,0.0,4.0149999,,0.0,6,99.85985058067774,99.85985058067774,pobre,0,0,875.0,441.0,1.0,70.0,7,142,16532,0,
98,1.0,0.0,4.0149999,1.0,1.0,6,99.85985058067774,99.85985058067774,pobre,0,0,875.0,441.0,1.0,70.0,8,142,16532,0,
97,1.0,0.0,4.0149999,1.0,7.0,7,99.85985058067774,99.85985058067774,pobre,0,3,1000.0,562.0,1.0,44.0,13,142,16533,7,1.0
98,1.0,0.0,4.0149999,1.0,8.0,7,99.85985058067774,99.85985058067774,pobre,0,3,1000.0,562.0,1.0,44.0,14,142,16533,7,1.0
97,1.0,0.0,4.0149999,1.0,5.0,7,99.85985058067774,99.85985058067774,pobre,0,3,1000.0,562.0,1.0,44.0,11,142,16534,5,1.0
98,1.0,0.0,4.0149999,1.0,6.0,7,99.85985058067774,99.85985058067774,pobre,0,3,1000.0,562.0,1.0,44.0,12,142,16534,5,1.0
97,0.0,0.0,4.0149999,1.0,3.0,7,99.85985058067774,99.85985058067774,pobre,0,3,1000.0,562.0,1.0,44.0,9,142,16535,3,1.0
98,0.0,0.0,4.0149999,1.0,4.0,7,99.85985058067774,99.85985058067774,pobre,0,3,1000.0,562.0,1.0,44.0,10,142,16535,3,1.0
97,1.0,0.0,4.0149999,1.0,2.0,7,99.85985058067774,99.85985058067774,pobre,0,3,1000.0,562.0,1.0,44.0,7,142,16536,2,1.0
98,1.0,0.0,4.0149999,1.0,3.0,7,99.85985058067774,99.85985058067774,pobre,0,3,1000.0,562.0,1.0,44.0,8,142,16536,2,1.0
97,0.0,0.0,4.0149999,1.0,7.0,10,99.85985058067774,99.85985058067774,pobre,0,3,750.0,432.0,1.0,44.0,15,142,16537,7,1.0
98,0.0,0.0,4.0149999,1.0,7.0,10,99.85985058067774,99.85985058067774,pobre,0,3,750.0,432.0,1.0,44.0,16,142,16537,7,1.0
97,1.0,0.0,4.0149999,1.0,4.0,10,99.85985058067774,99.85985058067774,pobre,0,3,750.0,432.0,1.0,44.0,12,142,16538,4,1.0
98,1.0,0.0,4.0149999,1.0,4.0,10,99.85985058067774,99.85985058067774,pobre,0,3,750.0,432.0,1.0,44.0,13,142,16538,4,1.0
97,1.0,0.0,4.0149999,1.0,1.0,10,99.85985058067774,99.85985058067774,pobre,0,3,750.0,432.0,1.0,44.0,8,142,16539,1,1.0
98,1.0,0.0,4.0149999,1.0,2.0,10,99.85985058067774,99.85985058067774,pobre,0,3,750.0,432.0,1.0,44.0,9,142,16539,1,1.0
97,0.0,0.0,4.0149999,1.0,0.0,10,99.85985058067774,99.85985058067774,pobre,0,3,750.0,432.0,1.0,44.0,6,142,16540,0,1.0
98,0.0,0.0,4.0149999,1.0,1.0,10,99.85985058067774,99.85985058067774,pobre,0,3,750.0,432.0,1.0,44.0,7,142,16540,0,1.0
97,1.0,0.0,4.0149999,1.0,10.0,5,99.85985058067774,99.85985058067774,pobre,0,3,750.0,648.0,1.0,53.0,15,142,16541,10,1.0
98,1.0,0.0,4.0149999,0.0,10.0,5,99.85985058067774,99.85985058067774,pobre,0,3,750.0,648.0,1.0,53.0,16,142,16541,10,1.0
97,1.0,0.0,4.0149999,1.0,7.0,5,99.85985058067774,99.85985058067774,pobre,0,3,750.0,648.0,1.0,53.0,13,142,16542,7,1.0
98,1.0,0.0,4.0149999,1.0,,5,99.85985058067774,99.85985058067774,pobre,0,3,750.0,648.0,1.0,53.0,14,142,16542,7,1.0
97,1.0,0.0,4.0149999,1.0,5.0,5,99.85985058067774,99.85985058067774,pobre,0,3,750.0,648.0,1.0,53.0,11,142,16543,5,1.0
98,1.0,0.0,4.0149999,1.0,,5,99.85985058067774,99.85985058067774,pobre,0,3,750.0,648.0,1.0,53.0,12,142,16543,5,1.0
97,0.0,0.0,4.0149999,1.0,6.0,3,99.85985058067774,99.85985058067774,no pobre,0,0,750.0,742.0,1.0,75.0,12,142,16544,6,1.0
98,0.0,0.0,4.0149999,1.0,6.0,3,99.85985058067774,99.85985058067774,no pobre,0,0,750.0,742.0,1.0,75.0,13,142,16544,6,1.0
97,1.0,0.0,4.0149999,0.0,3.0,5,99.85985058067774,99.85985058067774,pobre,0,2,875.0,685.0,1.0,57.0,16,142,16545,3,0.0
98,1.0,0.0,4.0149999,0.0,3.0,5,99.85985058067774,99.85985058067774,pobre,0,2,875.0,685.0,1.0,57.0,17,142,16545,3,0.0
97,0.0,0.0,4.0149999,1.0,6.0,5,99.85985058067774,99.85985058067774,pobre,0,2,875.0,685.0,1.0,57.0,14,142,16546,6,1.0
98,0.0,0.0,4.0149999,0.0,6.0,5,99.85985058067774,99.85985058067774,pobre,0,2,875.0,685.0,1.0,57.0,15,142,16546,6,1.0
97,1.0,0.0,2.5220001,1.0,5.0,7,60.31640461252391,60.31640461252391,pobre,0,0,0.0,524.0,0.0,76.0,15,184,16547,5,1.0
98,1.0,0.0,2.5220001,0.0,6.0,7,60.31640461252391,60.31640461252391,pobre,0,0,0.0,524.0,0.0,76.0,16,184,16547,5,1.0
97,0.0,0.0,2.5220001,0.0,4.0,7,60.31640461252391,60.31640461252391,pobre,0,0,0.0,524.0,0.0,76.0,13,184,16548,4,0.0
98,0.0,0.0,2.5220001,0.0,4.0,7,60.31640461252391,60.31640461252391,pobre,0,0,0.0,524.0,0.0,76.0,14,184,16548,4,0.0
97,1.0,0.0,2.5220001,0.0,3.0,7,60.31640461252391,60.31640461252391,pobre,0,0,0.0,524.0,0.0,76.0,10,184,16549,3,0.0
98,1.0,0.0,2.5220001,0.0,3.0,7,60.31640461252391,60.31640461252391,pobre,0,0,0.0,524.0,0.0,76.0,11,184,16549,3,0.0
97,0.0,0.0,2.5220001,1.0,1.0,7,60.31640461252391,60.31640461252391,pobre,0,0,0.0,524.0,0.0,76.0,9,184,16550,1,1.0
98,0.0,0.0,2.5220001,1.0,2.0,7,60.31640461252391,60.31640461252391,pobre,0,0,0.0,524.0,0.0,76.0,10,184,16550,1,1.0
97,0.0,0.0,2.5220001,0.0,6.0,8,60.31640461252391,60.31640461252391,pobre,0,2,0.0,551.0,1.0,63.0,16,184,16551,6,0.0
98,0.0,0.0,2.5220001,,,8,60.31640461252391,60.31640461252391,pobre,0,2,0.0,551.0,1.0,63.0,17,184,16551,6,0.0
97,0.0,0.0,2.5220001,0.0,6.0,8,60.31640461252391,60.31640461252391,pobre,0,2,0.0,551.0,1.0,63.0,14,184,16552,6,0.0
98,0.0,0.0,2.5220001,0.0,6.0,8,60.31640461252391,60.31640461252391,pobre,0,2,0.0,551.0,1.0,63.0,15,184,16552,6,0.0
97,0.0,0.0,2.5220001,1.0,5.0,8,60.31640461252391,60.31640461252391,pobre,0,2,0.0,551.0,1.0,63.0,13,184,16553,5,1.0
98,0.0,0.0,2.5220001,0.0,6.0,8,60.31640461252391,60.31640461252391,pobre,0,2,0.0,551.0,1.0,63.0,14,184,16553,5,1.0
97,0.0,0.0,2.5220001,1.0,5.0,8,60.31640461252391,60.31640461252391,pobre,0,2,0.0,551.0,1.0,63.0,12,184,16554,5,1.0
98,0.0,0.0,2.5220001,0.0,6.0,8,60.31640461252391,60.31640461252391,pobre,0,2,0.0,551.0,1.0,63.0,13,184,16554,5,1.0
97,1.0,0.0,2.5220001,1.0,4.0,8,60.31640461252391,60.31640461252391,pobre,0,2,0.0,551.0,1.0,63.0,9,184,16555,4,1.0
98,1.0,0.0,2.5220001,1.0,5.0,8,60.31640461252391,60.31640461252391,pobre,0,2,0.0,551.0,1.0,63.0,10,184,16555,4,1.0
97,1.0,0.0,4.0120001,0.0,6.0,6,9.465391571979616,9.465391571979616,pobre,0,3,0.0,690.0,1.0,57.0,14,161,16556,6,0.0
98,1.0,0.0,4.0120001,0.0,6.0,6,9.465391571979616,9.465391571979616,pobre,0,3,0.0,690.0,1.0,57.0,15,161,16556,6,0.0
97,1.0,0.0,4.0120001,1.0,5.0,6,9.465391571979616,9.465391571979616,pobre,0,3,0.0,690.0,1.0,57.0,11,161,16557,5,1.0
98,1.0,0.0,4.0120001,0.0,6.0,6,9.465391571979616,9.465391571979616,pobre,0,3,0.0,690.0,1.0,57.0,12,161,16557,5,1.0
97,1.0,0.0,4.0120001,0.0,6.0,11,9.465391571979616,9.465391571979616,pobre,0,2,0.0,584.0,1.0,44.0,15,161,16558,6,0.0
98,1.0,0.0,4.0120001,0.0,6.0,11,9.465391571979616,9.465391571979616,pobre,0,2,0.0,584.0,1.0,44.0,16,161,16558,6,0.0
97,0.0,0.0,4.0120001,1.0,2.0,11,9.465391571979616,9.465391571979616,pobre,0,2,0.0,584.0,1.0,44.0,15,161,16559,2,1.0
98,0.0,0.0,4.0120001,0.0,3.0,11,9.465391571979616,9.465391571979616,pobre,0,2,0.0,584.0,1.0,44.0,16,161,16559,2,1.0
97,1.0,0.0,4.0120001,1.0,4.0,11,9.465391571979616,9.465391571979616,pobre,0,2,0.0,584.0,1.0,44.0,13,161,16560,4,1.0
98,1.0,0.0,4.0120001,1.0,5.0,11,9.465391571979616,9.465391571979616,pobre,0,2,0.0,584.0,1.0,44.0,14,161,16560,4,1.0
97,1.0,0.0,4.0120001,1.0,2.0,11,9.465391571979616,9.465391571979616,pobre,0,2,0.0,584.0,1.0,44.0,9,161,16561,2,1.0
98,1.0,0.0,4.0120001,1.0,3.0,11,9.465391571979616,9.465391571979616,pobre,0,2,0.0,584.0,1.0,44.0,10,161,16561,2,1.0
97,1.0,0.0,4.0120001,1.0,1.0,11,9.465391571979616,9.465391571979616,pobre,0,2,0.0,584.0,1.0,44.0,7,161,16562,1,1.0
98,1.0,0.0,4.0120001,1.0,2.0,11,9.465391571979616,9.465391571979616,pobre,0,2,0.0,584.0,1.0,44.0,8,161,16562,1,1.0
97,1.0,0.0,4.0120001,1.0,3.0,11,9.465391571979616,9.465391571979616,pobre,0,2,0.0,584.0,1.0,44.0,6,161,16563,3,1.0
98,1.0,0.0,4.0120001,1.0,1.0,11,9.465391571979616,9.465391571979616,pobre,0,2,0.0,584.0,1.0,44.0,7,161,16563,3,1.0
97,0.0,0.0,4.0120001,0.0,6.0,8,9.465391571979616,9.465391571979616,pobre,0,2,0.0,643.0,1.0,46.0,14,161,16564,6,0.0
98,0.0,0.0,4.0120001,1.0,6.0,8,9.465391571979616,9.465391571979616,pobre,0,2,0.0,643.0,1.0,46.0,15,161,16564,6,0.0
97,0.0,0.0,4.0120001,1.0,2.0,8,9.465391571979616,9.465391571979616,pobre,0,2,0.0,643.0,1.0,46.0,9,161,16565,2,1.0
98,0.0,0.0,4.0120001,1.0,3.0,8,9.465391571979616,9.465391571979616,pobre,0,2,0.0,643.0,1.0,46.0,10,161,16565,2,1.0
97,0.0,0.0,4.0120001,1.0,3.0,8,9.465391571979616,9.465391571979616,pobre,0,2,0.0,643.0,1.0,46.0,6,161,16566,3,1.0
98,0.0,0.0,4.0120001,1.0,1.0,8,9.465391571979616,9.465391571979616,pobre,0,2,0.0,643.0,1.0,46.0,7,161,16566,3,1.0
97,0.0,0.0,4.0120001,0.0,6.0,8,9.465391571979616,9.465391571979616,pobre,0,3,880.0,584.0,1.0,42.0,16,161,16567,6,0.0
98,0.0,0.0,4.0120001,,,8,9.465391571979616,9.465391571979616,pobre,0,3,880.0,584.0,1.0,42.0,17,161,16567,6,0.0
97,1.0,0.0,4.0120001,0.0,4.0,8,9.465391571979616,9.465391571979616,pobre,0,3,880.0,584.0,1.0,42.0,15,161,16568,4,0.0
98,1.0,0.0,4.0120001,0.0,3.0,8,9.465391571979616,9.465391571979616,pobre,0,3,880.0,584.0,1.0,42.0,16,161,16568,4,0.0
97,0.0,0.0,4.0120001,0.0,6.0,8,9.465391571979616,9.465391571979616,pobre,0,3,880.0,584.0,1.0,42.0,13,161,16569,6,0.0
98,0.0,0.0,4.0120001,,,8,9.465391571979616,9.465391571979616,pobre,0,3,880.0,584.0,1.0,42.0,14,161,16569,6,0.0
97,1.0,0.0,4.0120001,0.0,2.0,8,9.465391571979616,9.465391571979616,pobre,0,3,880.0,584.0,1.0,42.0,10,161,16570,2,0.0
98,1.0,0.0,4.0120001,1.0,3.0,8,9.465391571979616,9.465391571979616,pobre,0,3,880.0,584.0,1.0,42.0,11,161,16570,2,0.0
97,0.0,0.0,4.0120001,1.0,3.0,8,9.465391571979616,9.465391571979616,pobre,0,3,880.0,584.0,1.0,42.0,6,161,16571,3,1.0
98,0.0,0.0,4.0120001,1.0,1.0,8,9.465391571979616,9.465391571979616,pobre,0,3,880.0,584.0,1.0,42.0,7,161,16571,3,1.0
97,0.0,0.0,4.0120001,0.0,6.0,11,9.465391571979616,9.465391571979616,pobre,0,3,0.0,628.40002,1.0,57.0,16,161,16572,6,0.0
98,0.0,0.0,4.0120001,,,11,9.465391571979616,9.465391571979616,pobre,0,3,0.0,628.40002,1.0,57.0,17,161,16572,6,0.0
97,1.0,0.0,4.0120001,0.0,6.0,11,9.465391571979616,9.465391571979616,pobre,0,3,0.0,628.40002,1.0,57.0,14,161,16573,6,0.0
98,1.0,0.0,4.0120001,0.0,6.0,11,9.465391571979616,9.465391571979616,pobre,0,3,0.0,628.40002,1.0,57.0,15,161,16573,6,0.0
97,1.0,0.0,4.0120001,1.0,5.0,11,9.465391571979616,9.465391571979616,pobre,0,3,0.0,628.40002,1.0,57.0,12,161,16574,5,1.0
98,1.0,0.0,4.0120001,0.0,6.0,11,9.465391571979616,9.465391571979616,pobre,0,3,0.0,628.40002,1.0,57.0,13,161,16574,5,1.0
97,1.0,0.0,4.0120001,1.0,4.0,2,9.465391571979616,9.465391571979616,pobre,0,3,100.0,804.0,0.0,69.0,13,161,16575,4,1.0
98,1.0,0.0,4.0120001,1.0,5.0,2,9.465391571979616,9.465391571979616,pobre,0,3,100.0,804.0,0.0,69.0,14,161,16575,4,1.0
97,1.0,0.0,4.0120001,1.0,6.0,10,9.465391571979616,9.465391571979616,pobre,0,3,0.0,539.0,1.0,52.0,13,161,16576,6,1.0
98,1.0,0.0,4.0120001,1.0,1.0,10,9.465391571979616,9.465391571979616,pobre,0,3,0.0,539.0,1.0,52.0,14,161,16576,6,1.0
97,1.0,0.0,4.0120001,1.0,5.0,10,9.465391571979616,9.465391571979616,pobre,0,3,0.0,539.0,1.0,52.0,12,161,16577,5,1.0
98,1.0,0.0,4.0120001,1.0,1.0,10,9.465391571979616,9.465391571979616,pobre,0,3,0.0,539.0,1.0,52.0,13,161,16577,5,1.0
97,0.0,0.0,4.0120001,,0.0,10,9.465391571979616,9.465391571979616,pobre,0,3,0.0,539.0,1.0,52.0,10,161,16578,0,
98,0.0,0.0,4.0120001,,,10,9.465391571979616,9.465391571979616,pobre,0,3,0.0,539.0,1.0,52.0,11,161,16578,0,
97,0.0,0.0,4.0120001,,0.0,10,9.465391571979616,9.465391571979616,pobre,0,3,0.0,539.0,1.0,52.0,8,161,16579,0,
98,0.0,0.0,4.0120001,1.0,4.0,10,9.465391571979616,9.465391571979616,pobre,0,3,0.0,539.0,1.0,52.0,9,161,16579,0,
97,1.0,0.0,4.0120001,1.0,1.0,10,9.465391571979616,9.465391571979616,pobre,0,3,0.0,539.0,1.0,52.0,7,161,16580,1,1.0
98,1.0,0.0,4.0120001,1.0,2.0,10,9.465391571979616,9.465391571979616,pobre,0,3,0.0,539.0,1.0,52.0,8,161,16580,1,1.0
97,0.0,0.0,4.0120001,1.0,4.0,5,9.465391571979616,9.465391571979616,pobre,0,0,0.0,609.0,1.0,36.0,10,161,16581,4,1.0
98,0.0,0.0,4.0120001,1.0,5.0,5,9.465391571979616,9.465391571979616,pobre,0,0,0.0,609.0,1.0,36.0,11,161,16581,4,1.0
97,1.0,0.0,4.0120001,1.0,2.0,5,9.465391571979616,9.465391571979616,pobre,0,0,0.0,609.0,1.0,36.0,9,161,16582,2,1.0
98,1.0,0.0,4.0120001,1.0,3.0,5,9.465391571979616,9.465391571979616,pobre,0,0,0.0,609.0,1.0,36.0,10,161,16582,2,1.0
97,1.0,0.0,4.0120001,1.0,3.0,5,9.465391571979616,9.465391571979616,pobre,0,0,0.0,609.0,1.0,36.0,6,161,16583,3,1.0
98,1.0,0.0,4.0120001,1.0,3.0,5,9.465391571979616,9.465391571979616,pobre,0,0,0.0,609.0,1.0,36.0,7,161,16583,3,1.0
97,1.0,0.0,4.0120001,0.0,6.0,9,9.465391571979616,9.465391571979616,pobre,0,3,0.0,646.87,1.0,46.0,15,161,16584,6,0.0
98,1.0,0.0,4.0120001,0.0,6.0,9,9.465391571979616,9.465391571979616,pobre,0,3,0.0,646.87,1.0,46.0,16,161,16584,6,0.0
97,1.0,0.0,4.0120001,1.0,5.0,9,9.465391571979616,9.465391571979616,pobre,0,3,0.0,646.87,1.0,46.0,13,161,16585,5,1.0
98,1.0,0.0,4.0120001,0.0,6.0,9,9.465391571979616,9.465391571979616,pobre,0,3,0.0,646.87,1.0,46.0,14,161,16585,5,1.0
97,0.0,0.0,4.0120001,1.0,3.0,9,9.465391571979616,9.465391571979616,pobre,0,3,0.0,646.87,1.0,46.0,10,161,16586,3,1.0
98,0.0,0.0,4.0120001,1.0,4.0,9,9.465391571979616,9.465391571979616,pobre,0,3,0.0,646.87,1.0,46.0,11,161,16586,3,1.0
97,1.0,0.0,4.0120001,1.0,1.0,9,9.465391571979616,9.465391571979616,pobre,0,3,0.0,646.87,1.0,46.0,7,161,16587,1,1.0
98,1.0,0.0,4.0120001,1.0,2.0,9,9.465391571979616,9.465391571979616,pobre,0,3,0.0,646.87,1.0,46.0,8,161,16587,1,1.0
97,0.0,0.0,4.0120001,0.0,6.0,6,9.465391571979616,9.465391571979616,no pobre,0,0,0.0,726.5,1.0,63.0,15,161,16588,6,0.0
98,0.0,0.0,4.0120001,0.0,6.0,6,9.465391571979616,9.465391571979616,no pobre,0,0,0.0,726.5,1.0,63.0,16,161,16588,6,0.0
97,1.0,0.0,4.0120001,0.0,6.0,6,9.465391571979616,9.465391571979616,no pobre,0,0,0.0,726.5,1.0,63.0,14,161,16589,6,0.0
98,1.0,0.0,4.0120001,0.0,6.0,6,9.465391571979616,9.465391571979616,no pobre,0,0,0.0,726.5,1.0,63.0,15,161,16589,6,0.0
97,1.0,0.0,4.0120001,0.0,6.0,6,9.465391571979616,9.465391571979616,no pobre,0,2,0.0,767.0,1.0,45.0,16,161,16590,6,0.0
98,1.0,0.0,4.0120001,0.0,6.0,6,9.465391571979616,9.465391571979616,no pobre,0,2,0.0,767.0,1.0,45.0,17,161,16590,6,0.0
97,0.0,0.0,4.0120001,0.0,6.0,6,9.465391571979616,9.465391571979616,no pobre,0,2,0.0,767.0,1.0,45.0,13,161,16591,6,0.0
98,0.0,0.0,4.0120001,0.0,6.0,6,9.465391571979616,9.465391571979616,no pobre,0,2,0.0,767.0,1.0,45.0,14,161,16591,6,0.0
97,0.0,0.0,4.0120001,0.0,6.0,6,9.465391571979616,9.465391571979616,no pobre,0,2,0.0,767.0,1.0,45.0,12,161,16592,6,0.0
98,0.0,0.0,4.0120001,0.0,6.0,6,9.465391571979616,9.465391571979616,no pobre,0,2,0.0,767.0,1.0,45.0,13,161,16592,6,0.0
97,1.0,0.0,4.0120001,1.0,3.0,8,9.465391571979616,9.465391571979616,pobre,0,3,0.0,536.0,1.0,32.0,10,161,16593,3,1.0
98,1.0,0.0,4.0120001,1.0,4.0,8,9.465391571979616,9.465391571979616,pobre,0,3,0.0,536.0,1.0,32.0,11,161,16593,3,1.0
97,1.0,0.0,4.0120001,1.0,1.0,8,9.465391571979616,9.465391571979616,pobre,0,3,0.0,536.0,1.0,32.0,8,161,16594,1,1.0
98,1.0,0.0,4.0120001,1.0,2.0,8,9.465391571979616,9.465391571979616,pobre,0,3,0.0,536.0,1.0,32.0,9,161,16594,1,1.0
97,1.0,0.0,4.0120001,1.0,1.0,8,9.465391571979616,9.465391571979616,pobre,0,3,0.0,536.0,1.0,32.0,8,161,16595,1,1.0
98,1.0,0.0,4.0120001,1.0,2.0,8,9.465391571979616,9.465391571979616,pobre,0,3,0.0,536.0,1.0,32.0,9,161,16595,1,1.0
97,0.0,0.0,4.0120001,1.0,2.0,8,9.465391571979616,9.465391571979616,pobre,0,3,0.0,536.0,1.0,32.0,7,161,16596,2,1.0
98,0.0,0.0,4.0120001,1.0,2.0,8,9.465391571979616,9.465391571979616,pobre,0,3,0.0,536.0,1.0,32.0,8,161,16596,2,1.0
97,0.0,0.0,4.0120001,0.0,6.0,13,9.465391571979616,9.465391571979616,pobre,0,6,0.0,580.0,1.0,44.0,15,161,16597,6,0.0
98,0.0,0.0,4.0120001,0.0,6.0,13,9.465391571979616,9.465391571979616,pobre,0,6,0.0,580.0,1.0,44.0,16,161,16597,6,0.0
97,0.0,0.0,4.0120001,0.0,6.0,13,9.465391571979616,9.465391571979616,pobre,0,6,0.0,580.0,1.0,44.0,15,161,16598,6,0.0
98,0.0,0.0,4.0120001,1.0,6.0,13,9.465391571979616,9.465391571979616,pobre,0,6,0.0,580.0,1.0,44.0,16,161,16598,6,0.0
97,1.0,0.0,4.0120001,1.0,3.0,13,9.465391571979616,9.465391571979616,pobre,0,6,0.0,580.0,1.0,44.0,12,161,16599,3,1.0
98,1.0,0.0,4.0120001,1.0,4.0,13,9.465391571979616,9.465391571979616,pobre,0,6,0.0,580.0,1.0,44.0,13,161,16599,3,1.0
97,0.0,0.0,4.0120001,1.0,4.0,13,9.465391571979616,9.465391571979616,pobre,0,6,0.0,580.0,1.0,44.0,10,161,16600,4,1.0
98,0.0,0.0,4.0120001,1.0,5.0,13,9.465391571979616,9.465391571979616,pobre,0,6,0.0,580.0,1.0,44.0,11,161,16600,4,1.0
97,1.0,0.0,4.0120001,1.0,1.0,13,9.465391571979616,9.465391571979616,pobre,0,6,0.0,580.0,1.0,44.0,7,161,16601,1,1.0
98,1.0,0.0,4.0120001,1.0,1.0,13,9.465391571979616,9.465391571979616,pobre,0,6,0.0,580.0,1.0,44.0,8,161,16601,1,1.0
97,1.0,0.0,4.0120001,0.0,6.0,9,9.465391571979616,9.465391571979616,pobre,0,6,0.0,536.5,1.0,37.0,14,161,16602,6,0.0
98,1.0,0.0,4.0120001,0.0,6.0,9,9.465391571979616,9.465391571979616,pobre,0,6,0.0,536.5,1.0,37.0,15,161,16602,6,0.0
97,0.0,0.0,4.0120001,0.0,6.0,9,9.465391571979616,9.465391571979616,pobre,0,6,0.0,536.5,1.0,37.0,12,161,16603,6,0.0
98,0.0,0.0,4.0120001,0.0,6.0,9,9.465391571979616,9.465391571979616,pobre,0,6,0.0,536.5,1.0,37.0,13,161,16603,6,0.0
97,1.0,0.0,4.0120001,1.0,3.0,9,9.465391571979616,9.465391571979616,pobre,0,6,0.0,536.5,1.0,37.0,11,161,16604,3,1.0
98,1.0,0.0,4.0120001,1.0,4.0,9,9.465391571979616,9.465391571979616,pobre,0,6,0.0,536.5,1.0,37.0,12,161,16604,3,1.0
97,1.0,0.0,4.0120001,1.0,1.0,9,9.465391571979616,9.465391571979616,pobre,0,6,0.0,536.5,1.0,37.0,8,161,16605,1,1.0
98,1.0,0.0,4.0120001,1.0,2.0,9,9.465391571979616,9.465391571979616,pobre,0,6,0.0,536.5,1.0,37.0,9,161,16605,1,1.0
97,0.0,0.0,4.0120001,1.0,1.0,9,9.465391571979616,9.465391571979616,pobre,0,6,0.0,536.5,1.0,37.0,6,161,16606,1,1.0
98,0.0,0.0,4.0120001,1.0,2.0,9,9.465391571979616,9.465391571979616,pobre,0,6,0.0,536.5,1.0,37.0,7,161,16606,1,1.0
97,1.0,0.0,4.0120001,0.0,6.0,7,9.465391571979616,9.465391571979616,pobre,0,0,0.0,657.79999,1.0,35.0,15,161,16607,6,0.0
98,1.0,0.0,4.0120001,0.0,6.0,7,9.465391571979616,9.465391571979616,pobre,0,0,0.0,657.79999,1.0,35.0,16,161,16607,6,0.0
97,0.0,0.0,4.0120001,0.0,6.0,7,9.465391571979616,9.465391571979616,pobre,0,0,0.0,657.79999,1.0,35.0,12,161,16608,6,0.0
98,0.0,0.0,4.0120001,0.0,6.0,7,9.465391571979616,9.465391571979616,pobre,0,0,0.0,657.79999,1.0,35.0,13,161,16608,6,0.0
97,1.0,0.0,4.0120001,1.0,2.0,7,9.465391571979616,9.465391571979616,pobre,0,0,0.0,657.79999,1.0,35.0,10,161,16609,2,1.0
98,1.0,0.0,4.0120001,1.0,3.0,7,9.465391571979616,9.465391571979616,pobre,0,0,0.0,657.79999,1.0,35.0,11,161,16609,2,1.0
97,0.0,0.0,4.0120001,1.0,3.0,5,9.465391571979616,9.465391571979616,pobre,0,0,0.0,668.5,1.0,53.0,12,161,16610,3,1.0
98,0.0,0.0,4.0120001,1.0,4.0,5,9.465391571979616,9.465391571979616,pobre,0,0,0.0,668.5,1.0,53.0,13,161,16610,3,1.0
97,0.0,0.0,4.0120001,1.0,2.0,5,9.465391571979616,9.465391571979616,pobre,0,0,0.0,668.5,1.0,53.0,10,161,16611,2,1.0
98,0.0,0.0,4.0120001,1.0,3.0,5,9.465391571979616,9.465391571979616,pobre,0,0,0.0,668.5,1.0,53.0,11,161,16611,2,1.0
97,1.0,0.0,4.0120001,1.0,3.0,5,9.465391571979616,9.465391571979616,pobre,0,0,0.0,668.5,1.0,53.0,8,161,16612,3,1.0
98,1.0,0.0,4.0120001,1.0,1.0,5,9.465391571979616,9.465391571979616,pobre,0,0,0.0,668.5,1.0,53.0,9,161,16612,3,1.0
97,1.0,0.0,0.0,1.0,4.0,9,72.80421840935115,72.80421840935115,pobre,0,0,0.0,852.5,1.0,70.0,10,283,16613,4,1.0
98,1.0,0.0,0.0,,,9,72.80421840935115,72.80421840935115,pobre,0,0,0.0,852.5,1.0,70.0,11,283,16613,4,1.0
97,0.0,0.0,0.0,1.0,0.0,9,72.80421840935115,72.80421840935115,pobre,0,0,0.0,852.5,1.0,70.0,6,283,16614,0,1.0
98,0.0,0.0,0.0,,,9,72.80421840935115,72.80421840935115,pobre,0,0,0.0,852.5,1.0,70.0,7,283,16614,0,1.0
97,0.0,0.0,0.0,1.0,6.0,3,72.80421840935115,72.80421840935115,pobre,0,4,1200.0,916.0,1.0,56.0,13,283,16615,6,1.0
98,0.0,0.0,0.0,1.0,7.0,3,72.80421840935115,72.80421840935115,pobre,0,4,1200.0,916.0,1.0,56.0,14,283,16615,6,1.0
97,1.0,0.0,0.0,1.0,0.0,4,72.80421840935115,72.80421840935115,pobre,0,4,4900.0,841.0,1.0,28.0,7,283,16616,0,1.0
98,1.0,0.0,0.0,1.0,1.0,4,72.80421840935115,72.80421840935115,pobre,0,4,4900.0,841.0,1.0,28.0,8,283,16616,0,1.0
97,1.0,0.0,0.0,1.0,7.0,9,72.80421840935115,72.80421840935115,pobre,0,2,600.0,851.75,1.0,50.0,13,283,16617,7,1.0
98,1.0,0.0,0.0,1.0,7.0,9,72.80421840935115,72.80421840935115,pobre,0,2,600.0,851.75,1.0,50.0,14,283,16617,7,1.0
97,0.0,0.0,0.0,0.0,9.0,9,72.80421840935115,72.80421840935115,pobre,0,2,600.0,851.75,1.0,50.0,15,283,16618,9,0.0
98,0.0,0.0,0.0,,,9,72.80421840935115,72.80421840935115,pobre,0,2,600.0,851.75,1.0,50.0,16,283,16618,9,0.0
97,1.0,0.0,0.0,1.0,7.0,5,72.80421840935115,72.80421840935115,pobre,0,6,1000.0,730.0,1.0,37.0,13,283,16619,7,1.0
98,1.0,0.0,0.0,1.0,8.0,5,72.80421840935115,72.80421840935115,pobre,0,6,1000.0,730.0,1.0,37.0,14,283,16619,7,1.0
97,0.0,0.0,0.0,1.0,4.0,5,72.80421840935115,72.80421840935115,pobre,0,6,1000.0,730.0,1.0,37.0,10,283,16620,4,1.0
98,0.0,0.0,0.0,1.0,6.0,5,72.80421840935115,72.80421840935115,pobre,0,6,1000.0,730.0,1.0,37.0,11,283,16620,4,1.0
97,0.0,0.0,0.0,1.0,4.0,5,72.80421840935115,72.80421840935115,pobre,0,6,1000.0,730.0,1.0,37.0,10,283,16621,4,1.0
98,0.0,0.0,0.0,1.0,5.0,5,72.80421840935115,72.80421840935115,pobre,0,6,1000.0,730.0,1.0,37.0,11,283,16621,4,1.0
97,1.0,0.0,0.0,,0.0,6,72.80421840935115,72.80421840935115,no pobre,0,6,1600.0,806.0,1.0,35.0,6,283,16622,0,
98,1.0,0.0,0.0,1.0,1.0,6,72.80421840935115,72.80421840935115,no pobre,0,6,1600.0,806.0,1.0,35.0,7,283,16622,0,
97,0.0,0.0,0.0,0.0,5.0,5,72.80421840935115,72.80421840935115,pobre,0,0,0.0,831.5,1.0,54.0,14,283,16623,5,0.0
98,0.0,0.0,0.0,0.0,5.0,5,72.80421840935115,72.80421840935115,pobre,0,0,0.0,831.5,1.0,54.0,15,283,16623,5,0.0
97,0.0,0.0,0.0,0.0,6.0,5,72.80421840935115,72.80421840935115,pobre,0,0,0.0,831.5,1.0,54.0,16,283,16624,6,0.0
98,0.0,0.0,0.0,,,5,72.80421840935115,72.80421840935115,pobre,0,0,0.0,831.5,1.0,54.0,17,283,16624,6,0.0
97,0.0,0.0,0.0,1.0,4.0,4,72.80421840935115,72.80421840935115,pobre,0,1,0.0,941.0,1.0,61.0,11,283,16625,4,1.0
98,0.0,0.0,0.0,1.0,5.0,4,72.80421840935115,72.80421840935115,pobre,0,1,0.0,941.0,1.0,61.0,12,283,16625,4,1.0
97,1.0,0.0,2.964,0.0,6.0,11,17.13134605929524,17.13134605929524,pobre,basal,0,720.0,570.5,1.0,37.0,16,136,16626,6,0.0
98,1.0,0.0,2.964,,,11,17.13134605929524,17.13134605929524,pobre,basal,0,720.0,570.5,1.0,37.0,17,136,16626,6,0.0
97,1.0,0.0,2.964,0.0,3.0,11,17.13134605929524,17.13134605929524,pobre,basal,0,720.0,570.5,1.0,37.0,12,136,16627,3,0.0
98,1.0,0.0,2.964,1.0,4.0,11,17.13134605929524,17.13134605929524,pobre,basal,0,720.0,570.5,1.0,37.0,13,136,16627,3,0.0
97,1.0,0.0,2.964,1.0,2.0,11,17.13134605929524,17.13134605929524,pobre,basal,0,720.0,570.5,1.0,37.0,9,136,16628,2,1.0
98,1.0,0.0,2.964,1.0,3.0,11,17.13134605929524,17.13134605929524,pobre,basal,0,720.0,570.5,1.0,37.0,10,136,16628,2,1.0
97,0.0,0.0,2.964,1.0,1.0,11,17.13134605929524,17.13134605929524,pobre,basal,0,720.0,570.5,1.0,37.0,7,136,16629,1,1.0
98,0.0,0.0,2.964,1.0,2.0,11,17.13134605929524,17.13134605929524,pobre,basal,0,720.0,570.5,1.0,37.0,8,136,16629,1,1.0
97,0.0,0.0,2.964,1.0,0.0,11,17.13134605929524,17.13134605929524,pobre,basal,0,720.0,570.5,1.0,37.0,6,136,16630,0,1.0
98,0.0,0.0,2.964,1.0,0.0,11,17.13134605929524,17.13134605929524,pobre,basal,0,720.0,570.5,1.0,37.0,7,136,16630,0,1.0
97,0.0,0.0,2.964,1.0,0.0,4,17.13134605929524,17.13134605929524,pobre,basal,0,800.0,381.0,0.0,26.0,6,136,16631,0,1.0
98,0.0,0.0,2.964,1.0,1.0,4,17.13134605929524,17.13134605929524,pobre,basal,0,800.0,381.0,0.0,26.0,7,136,16631,0,1.0
97,0.0,0.0,2.964,1.0,4.0,8,17.13134605929524,17.13134605929524,pobre,basal,0,875.0,338.0,1.0,42.0,10,136,16632,4,1.0
98,0.0,0.0,2.964,,,8,17.13134605929524,17.13134605929524,pobre,basal,0,875.0,338.0,1.0,42.0,11,136,16632,4,1.0
97,1.0,0.0,2.964,1.0,3.0,8,17.13134605929524,17.13134605929524,pobre,basal,0,875.0,338.0,1.0,42.0,9,136,16633,3,1.0
98,1.0,0.0,2.964,1.0,4.0,8,17.13134605929524,17.13134605929524,pobre,basal,0,875.0,338.0,1.0,42.0,10,136,16633,3,1.0
97,0.0,0.0,2.964,1.0,1.0,8,17.13134605929524,17.13134605929524,pobre,basal,0,875.0,338.0,1.0,42.0,7,136,16634,1,1.0
98,0.0,0.0,2.964,1.0,2.0,8,17.13134605929524,17.13134605929524,pobre,basal,0,875.0,338.0,1.0,42.0,8,136,16634,1,1.0
97,1.0,0.0,2.964,1.0,0.0,8,17.13134605929524,17.13134605929524,pobre,basal,0,875.0,338.0,1.0,42.0,6,136,16635,0,1.0
98,1.0,0.0,2.964,1.0,1.0,8,17.13134605929524,17.13134605929524,pobre,basal,0,875.0,338.0,1.0,42.0,7,136,16635,0,1.0
97,1.0,0.0,2.964,1.0,0.0,6,17.13134605929524,17.13134605929524,pobre,basal,0,0.0,445.0,1.0,32.0,6,136,16636,0,1.0
98,1.0,0.0,2.964,1.0,1.0,6,17.13134605929524,17.13134605929524,pobre,basal,0,0.0,445.0,1.0,32.0,7,136,16636,0,1.0
97,0.0,0.0,2.964,0.0,6.0,8,17.13134605929524,17.13134605929524,pobre,basal,0,0.0,431.0,1.0,25.0,15,136,16637,6,0.0
98,0.0,0.0,2.964,0.0,6.0,8,17.13134605929524,17.13134605929524,pobre,basal,0,0.0,431.0,1.0,25.0,16,136,16637,6,0.0
97,1.0,0.0,2.964,1.0,4.0,8,17.13134605929524,17.13134605929524,pobre,basal,0,0.0,431.0,1.0,25.0,11,136,16638,4,1.0
98,1.0,0.0,2.964,1.0,5.0,8,17.13134605929524,17.13134605929524,pobre,basal,0,0.0,431.0,1.0,25.0,12,136,16638,4,1.0
97,0.0,0.0,2.964,1.0,2.0,8,17.13134605929524,17.13134605929524,pobre,basal,0,0.0,431.0,1.0,25.0,7,136,16639,2,1.0
98,0.0,0.0,2.964,1.0,2.0,8,17.13134605929524,17.13134605929524,pobre,basal,0,0.0,431.0,1.0,25.0,8,136,16639,2,1.0
97,0.0,0.0,2.964,1.0,5.0,5,17.13134605929524,17.13134605929524,pobre,basal,1,875.0,556.5,0.0,37.0,15,136,16640,5,1.0
98,0.0,0.0,2.964,0.0,6.0,5,17.13134605929524,17.13134605929524,pobre,basal,1,875.0,556.5,0.0,37.0,16,136,16640,5,1.0
97,0.0,0.0,2.964,1.0,4.0,5,17.13134605929524,17.13134605929524,pobre,basal,1,875.0,556.5,0.0,37.0,12,136,16641,4,1.0
98,0.0,0.0,2.964,1.0,5.0,5,17.13134605929524,17.13134605929524,pobre,basal,1,875.0,556.5,0.0,37.0,13,136,16641,4,1.0
97,1.0,0.0,2.964,1.0,3.0,5,17.13134605929524,17.13134605929524,pobre,basal,1,875.0,556.5,0.0,37.0,9,136,16642,3,1.0
98,1.0,0.0,2.964,1.0,4.0,5,17.13134605929524,17.13134605929524,pobre,basal,1,875.0,556.5,0.0,37.0,10,136,16642,3,1.0
97,1.0,0.0,2.964,0.0,3.0,9,17.13134605929524,17.13134605929524,pobre,basal,3,400.0,484.0,1.0,49.0,15,136,16643,3,0.0
98,1.0,0.0,2.964,0.0,3.0,9,17.13134605929524,17.13134605929524,pobre,basal,3,400.0,484.0,1.0,49.0,16,136,16643,3,0.0
97,0.0,0.0,2.964,1.0,2.0,9,17.13134605929524,17.13134605929524,pobre,basal,3,400.0,484.0,1.0,49.0,10,136,16644,2,1.0
98,0.0,0.0,2.964,1.0,2.0,9,17.13134605929524,17.13134605929524,pobre,basal,3,400.0,484.0,1.0,49.0,11,136,16644,2,1.0
97,0.0,0.0,2.964,,0.0,9,17.13134605929524,17.13134605929524,pobre,basal,3,400.0,484.0,1.0,49.0,7,136,16645,0,
98,0.0,0.0,2.964,,,9,17.13134605929524,17.13134605929524,pobre,basal,3,400.0,484.0,1.0,49.0,8,136,16645,0,
97,1.0,0.0,1.591,1.0,5.0,7,69.58324079138906,69.58324079138906,pobre,basal,6,1400.0,608.0,1.0,32.0,12,281,16646,5,1.0
98,1.0,0.0,1.591,1.0,6.0,7,69.58324079138906,69.58324079138906,pobre,basal,6,1400.0,608.0,1.0,32.0,13,281,16646,5,1.0
97,0.0,0.0,1.591,1.0,0.0,7,69.58324079138906,69.58324079138906,pobre,basal,6,1400.0,608.0,1.0,32.0,7,281,16647,0,1.0
98,0.0,0.0,1.591,1.0,1.0,7,69.58324079138906,69.58324079138906,pobre,basal,6,1400.0,608.0,1.0,32.0,8,281,16647,0,1.0
97,0.0,0.0,1.591,1.0,0.0,7,69.58324079138906,69.58324079138906,pobre,basal,0,0.0,772.0,1.0,57.0,8,281,16648,0,1.0
98,0.0,0.0,1.591,1.0,1.0,7,69.58324079138906,69.58324079138906,pobre,basal,0,0.0,772.0,1.0,57.0,9,281,16648,0,1.0
97,1.0,0.0,1.786,1.0,3.0,5,113.1757249510811,131.3929056789028,pobre,basal,4,625.0,656.0,1.0,27.0,6,399,16649,3,1.0
98,1.0,0.0,1.786,1.0,1.0,5,113.1757249510811,131.3929056789028,pobre,basal,4,625.0,656.0,1.0,27.0,7,399,16649,3,1.0
97,0.0,0.0,1.786,1.0,3.0,3,113.1757249510811,131.3929056789028,pobre,basal,0,0.0,716.0,0.0,63.0,9,399,16650,3,1.0
98,0.0,0.0,1.786,1.0,4.0,3,113.1757249510811,131.3929056789028,pobre,basal,0,0.0,716.0,0.0,63.0,10,399,16650,3,1.0
97,1.0,0.0,1.786,1.0,1.0,3,113.1757249510811,131.3929056789028,pobre,basal,0,0.0,716.0,0.0,63.0,8,399,16651,1,1.0
98,1.0,0.0,1.786,1.0,2.0,3,113.1757249510811,131.3929056789028,pobre,basal,0,0.0,716.0,0.0,63.0,9,399,16651,1,1.0
97,0.0,0.0,1.786,1.0,8.0,6,113.1757249510811,131.3929056789028,pobre,basal,2,625.0,661.0,1.0,38.0,14,399,16652,8,1.0
98,0.0,0.0,1.786,1.0,9.0,6,113.1757249510811,131.3929056789028,pobre,basal,2,625.0,661.0,1.0,38.0,15,399,16652,8,1.0
97,1.0,0.0,1.786,1.0,8.0,8,113.1757249510811,131.3929056789028,pobre,basal,0,0.0,589.0,1.0,38.0,12,399,16653,8,1.0
98,1.0,0.0,1.786,1.0,9.0,8,113.1757249510811,131.3929056789028,pobre,basal,0,0.0,589.0,1.0,38.0,13,399,16653,8,1.0
97,0.0,0.0,1.786,1.0,5.0,8,113.1757249510811,131.3929056789028,pobre,basal,0,0.0,589.0,1.0,38.0,10,399,16654,5,1.0
98,0.0,0.0,1.786,1.0,6.0,8,113.1757249510811,131.3929056789028,pobre,basal,0,0.0,589.0,1.0,38.0,11,399,16654,5,1.0
97,0.0,0.0,1.786,1.0,3.0,8,113.1757249510811,131.3929056789028,pobre,basal,0,0.0,589.0,1.0,38.0,9,399,16655,3,1.0
98,0.0,0.0,1.786,1.0,4.0,8,113.1757249510811,131.3929056789028,pobre,basal,0,0.0,589.0,1.0,38.0,10,399,16655,3,1.0
97,1.0,0.0,1.786,1.0,3.0,8,113.1757249510811,131.3929056789028,pobre,basal,0,0.0,589.0,1.0,38.0,8,399,16656,3,1.0
98,1.0,0.0,1.786,1.0,3.0,8,113.1757249510811,131.3929056789028,pobre,basal,0,0.0,589.0,1.0,38.0,9,399,16656,3,1.0
97,1.0,0.0,1.786,1.0,4.0,4,113.1757249510811,131.3929056789028,no pobre,basal,0,625.0,789.0,1.0,75.0,13,399,16657,4,1.0
98,1.0,0.0,1.786,1.0,5.0,4,113.1757249510811,131.3929056789028,no pobre,basal,0,625.0,789.0,1.0,75.0,14,399,16657,4,1.0
97,0.0,0.0,1.786,1.0,8.0,8,113.1757249510811,131.3929056789028,no pobre,basal,8,750.0,1000.0,1.0,46.0,14,399,16658,8,1.0
98,0.0,0.0,1.786,1.0,9.0,8,113.1757249510811,131.3929056789028,no pobre,basal,8,750.0,1000.0,1.0,46.0,15,399,16658,8,1.0
97,0.0,0.0,1.786,1.0,8.0,8,113.1757249510811,131.3929056789028,no pobre,basal,8,750.0,1000.0,1.0,46.0,13,399,16659,8,1.0
98,0.0,0.0,1.786,1.0,8.0,8,113.1757249510811,131.3929056789028,no pobre,basal,8,750.0,1000.0,1.0,46.0,14,399,16659,8,1.0
97,0.0,0.0,1.786,1.0,2.0,8,113.1757249510811,131.3929056789028,no pobre,basal,8,750.0,1000.0,1.0,46.0,8,399,16660,2,1.0
98,0.0,0.0,1.786,1.0,3.0,8,113.1757249510811,131.3929056789028,no pobre,basal,8,750.0,1000.0,1.0,46.0,9,399,16660,2,1.0
97,1.0,0.0,1.786,1.0,1.0,8,113.1757249510811,131.3929056789028,no pobre,basal,8,750.0,1000.0,1.0,46.0,6,399,16661,1,1.0
98,1.0,0.0,1.786,1.0,2.0,8,113.1757249510811,131.3929056789028,no pobre,basal,8,750.0,1000.0,1.0,46.0,7,399,16661,1,1.0
97,1.0,0.0,1.786,,0.0,4,113.1757249510811,131.3929056789028,pobre,basal,0,375.0,781.46997,1.0,59.0,15,399,16662,0,
98,1.0,0.0,1.786,0.0,8.0,4,113.1757249510811,131.3929056789028,pobre,basal,0,375.0,781.46997,1.0,59.0,16,399,16662,0,
97,1.0,0.0,1.786,,0.0,4,113.1757249510811,131.3929056789028,pobre,basal,1,500.0,684.0,1.0,30.0,7,399,16663,0,
98,1.0,0.0,1.786,1.0,1.0,4,113.1757249510811,131.3929056789028,pobre,basal,1,500.0,684.0,1.0,30.0,8,399,16663,0,
97,0.0,0.0,1.072,0.0,6.0,7,116.9347251940641,123.7225059561605,no pobre,0,4,0.0,1061.75,0.0,38.0,16,398,16664,6,0.0
98,0.0,0.0,1.072,,,7,116.9347251940641,123.7225059561605,no pobre,0,4,0.0,1061.75,0.0,38.0,17,398,16664,6,0.0
97,1.0,0.0,1.072,1.0,5.0,7,116.9347251940641,123.7225059561605,no pobre,0,4,0.0,1061.75,0.0,38.0,13,398,16665,5,1.0
98,1.0,0.0,1.072,1.0,6.0,7,116.9347251940641,123.7225059561605,no pobre,0,4,0.0,1061.75,0.0,38.0,14,398,16665,5,1.0
97,0.0,0.0,1.072,0.0,2.0,7,116.9347251940641,123.7225059561605,pobre,0,3,500.0,780.75,0.0,46.0,13,398,16666,2,0.0
98,0.0,0.0,1.072,0.0,2.0,7,116.9347251940641,123.7225059561605,pobre,0,3,500.0,780.75,0.0,46.0,14,398,16666,2,0.0
97,1.0,0.0,1.072,1.0,2.0,7,116.9347251940641,123.7225059561605,pobre,0,3,500.0,780.75,0.0,46.0,7,398,16667,2,1.0
98,1.0,0.0,1.072,1.0,3.0,7,116.9347251940641,123.7225059561605,pobre,0,3,500.0,780.75,0.0,46.0,8,398,16667,2,1.0
97,1.0,0.0,1.072,0.0,6.0,9,116.9347251940641,123.7225059561605,no pobre,0,2,1000.0,858.0,1.0,55.0,16,398,16668,6,0.0
98,1.0,0.0,1.072,,,9,116.9347251940641,123.7225059561605,no pobre,0,2,1000.0,858.0,1.0,55.0,17,398,16668,6,0.0
97,0.0,0.0,1.072,0.0,6.0,9,116.9347251940641,123.7225059561605,no pobre,0,2,1000.0,858.0,1.0,55.0,14,398,16669,6,0.0
98,0.0,0.0,1.072,,,9,116.9347251940641,123.7225059561605,no pobre,0,2,1000.0,858.0,1.0,55.0,15,398,16669,6,0.0
97,0.0,0.0,1.072,1.0,2.0,6,116.9347251940641,123.7225059561605,pobre,0,3,625.0,631.0,1.0,37.0,10,398,16670,2,1.0
98,0.0,0.0,1.072,1.0,4.0,6,116.9347251940641,123.7225059561605,pobre,0,3,625.0,631.0,1.0,37.0,11,398,16670,2,1.0
97,0.0,0.0,1.072,1.0,2.0,6,116.9347251940641,123.7225059561605,pobre,0,3,625.0,631.0,1.0,37.0,8,398,16671,2,1.0
98,0.0,0.0,1.072,1.0,3.0,6,116.9347251940641,123.7225059561605,pobre,0,3,625.0,631.0,1.0,37.0,9,398,16671,2,1.0
97,1.0,0.0,1.072,1.0,3.0,6,116.9347251940641,123.7225059561605,pobre,0,3,625.0,631.0,1.0,37.0,6,398,16672,3,1.0
98,1.0,0.0,1.072,1.0,3.0,6,116.9347251940641,123.7225059561605,pobre,0,3,625.0,631.0,1.0,37.0,7,398,16672,3,1.0
97,0.0,0.0,1.072,0.0,6.0,7,116.9347251940641,123.7225059561605,pobre,0,4,625.0,605.0,1.0,38.0,13,398,16673,6,0.0
98,0.0,0.0,1.072,1.0,2.0,7,116.9347251940641,123.7225059561605,pobre,0,4,625.0,605.0,1.0,38.0,14,398,16673,6,0.0
97,1.0,0.0,1.072,1.0,8.0,7,116.9347251940641,123.7225059561605,pobre,0,4,625.0,605.0,1.0,38.0,12,398,16674,8,1.0
98,1.0,0.0,1.072,1.0,8.0,7,116.9347251940641,123.7225059561605,pobre,0,4,625.0,605.0,1.0,38.0,13,398,16674,8,1.0
97,1.0,0.0,1.072,1.0,5.0,7,116.9347251940641,123.7225059561605,pobre,0,4,625.0,605.0,1.0,38.0,10,398,16675,5,1.0
98,1.0,0.0,1.072,1.0,6.0,7,116.9347251940641,123.7225059561605,pobre,0,4,625.0,605.0,1.0,38.0,11,398,16675,5,1.0
97,0.0,0.0,1.072,1.0,2.0,7,116.9347251940641,123.7225059561605,pobre,0,4,625.0,605.0,1.0,38.0,8,398,16676,2,1.0
98,0.0,0.0,1.072,1.0,3.0,7,116.9347251940641,123.7225059561605,pobre,0,4,625.0,605.0,1.0,38.0,9,398,16676,2,1.0
97,1.0,0.0,1.072,1.0,4.0,6,116.9347251940641,123.7225059561605,pobre,0,3,625.0,820.5,1.0,40.0,12,398,16677,4,1.0
98,1.0,0.0,1.072,1.0,7.0,6,116.9347251940641,123.7225059561605,pobre,0,3,625.0,820.5,1.0,40.0,13,398,16677,4,1.0
97,0.0,0.0,1.072,1.0,4.0,6,116.9347251940641,123.7225059561605,pobre,0,3,625.0,820.5,1.0,40.0,11,398,16678,4,1.0
98,0.0,0.0,1.072,,,6,116.9347251940641,123.7225059561605,pobre,0,3,625.0,820.5,1.0,40.0,12,398,16678,4,1.0
97,1.0,0.0,1.072,1.0,8.0,7,116.9347251940641,123.7225059561605,pobre,0,0,625.0,847.5,1.0,50.0,15,398,16679,8,1.0
98,1.0,0.0,1.072,1.0,9.0,7,116.9347251940641,123.7225059561605,pobre,0,0,625.0,847.5,1.0,50.0,16,398,16679,8,1.0
97,0.0,0.0,1.072,1.0,8.0,7,116.9347251940641,123.7225059561605,pobre,0,0,625.0,847.5,1.0,50.0,13,398,16680,8,1.0
98,0.0,0.0,1.072,1.0,9.0,7,116.9347251940641,123.7225059561605,pobre,0,0,625.0,847.5,1.0,50.0,14,398,16680,8,1.0
97,1.0,0.0,1.072,1.0,5.0,7,116.9347251940641,123.7225059561605,pobre,0,0,625.0,847.5,1.0,50.0,11,398,16681,5,1.0
98,1.0,0.0,1.072,1.0,1.0,7,116.9347251940641,123.7225059561605,pobre,0,0,625.0,847.5,1.0,50.0,12,398,16681,5,1.0
97,1.0,0.0,1.072,1.0,3.0,7,116.9347251940641,123.7225059561605,pobre,0,0,625.0,847.5,1.0,50.0,9,398,16682,3,1.0
98,1.0,0.0,1.072,1.0,4.0,7,116.9347251940641,123.7225059561605,pobre,0,0,625.0,847.5,1.0,50.0,10,398,16682,3,1.0
97,0.0,0.0,0.0,0.0,8.0,5,82.98141940423264,146.3419564621891,pobre,0,3,0.0,814.0,1.0,46.0,15,354,16683,8,0.0
98,0.0,0.0,0.0,1.0,8.0,5,82.98141940423264,146.3419564621891,pobre,0,3,0.0,814.0,1.0,46.0,16,354,16683,8,0.0
97,1.0,0.0,0.0,1.0,3.0,5,82.98141940423264,146.3419564621891,pobre,0,3,0.0,814.0,1.0,46.0,8,354,16684,3,1.0
98,1.0,0.0,0.0,1.0,3.0,5,82.98141940423264,146.3419564621891,pobre,0,3,0.0,814.0,1.0,46.0,9,354,16684,3,1.0
97,0.0,0.0,0.0,1.0,1.0,5,82.98141940423264,146.3419564621891,pobre,0,3,0.0,814.0,1.0,46.0,7,354,16685,1,1.0
98,0.0,0.0,0.0,1.0,2.0,5,82.98141940423264,146.3419564621891,pobre,0,3,0.0,814.0,1.0,46.0,8,354,16685,1,1.0
97,1.0,0.0,0.0,1.0,3.0,5,82.98141940423264,146.3419564621891,pobre,0,3,0.0,756.0,1.0,43.0,10,354,16686,3,1.0
98,1.0,0.0,0.0,1.0,4.0,5,82.98141940423264,146.3419564621891,pobre,0,3,0.0,756.0,1.0,43.0,11,354,16686,3,1.0
97,0.0,0.0,0.0,1.0,2.0,5,82.98141940423264,146.3419564621891,pobre,0,3,0.0,756.0,1.0,43.0,9,354,16687,2,1.0
98,0.0,0.0,0.0,1.0,3.0,5,82.98141940423264,146.3419564621891,pobre,0,3,0.0,756.0,1.0,43.0,10,354,16687,2,1.0
97,0.0,0.0,0.0,1.0,0.0,5,82.98141940423264,146.3419564621891,pobre,0,3,0.0,756.0,1.0,43.0,8,354,16688,0,1.0
98,0.0,0.0,0.0,1.0,1.0,5,82.98141940423264,146.3419564621891,pobre,0,3,0.0,756.0,1.0,43.0,9,354,16688,0,1.0
97,0.0,0.0,0.0,1.0,4.0,7,82.98141940423264,146.3419564621891,pobre,0,4,0.0,359.0,1.0,36.0,10,354,16689,4,1.0
98,0.0,0.0,0.0,1.0,5.0,7,82.98141940423264,146.3419564621891,pobre,0,4,0.0,359.0,1.0,36.0,11,354,16689,4,1.0
97,0.0,0.0,0.0,1.0,3.0,7,82.98141940423264,146.3419564621891,pobre,0,4,0.0,359.0,1.0,36.0,9,354,16690,3,1.0
98,0.0,0.0,0.0,1.0,4.0,7,82.98141940423264,146.3419564621891,pobre,0,4,0.0,359.0,1.0,36.0,10,354,16690,3,1.0
97,0.0,0.0,0.0,1.0,0.0,7,82.98141940423264,146.3419564621891,pobre,0,4,0.0,359.0,1.0,36.0,6,354,16691,0,1.0
98,0.0,0.0,0.0,1.0,1.0,7,82.98141940423264,146.3419564621891,pobre,0,4,0.0,359.0,1.0,36.0,7,354,16691,0,1.0
97,1.0,0.0,0.0,0.0,6.0,4,82.98141940423264,146.3419564621891,pobre,0,1,0.0,734.0,1.0,64.0,15,354,16692,6,0.0
98,1.0,0.0,0.0,0.0,6.0,4,82.98141940423264,146.3419564621891,pobre,0,1,0.0,734.0,1.0,64.0,16,354,16692,6,0.0
97,0.0,0.0,0.0,0.0,6.0,7,82.98141940423264,146.3419564621891,pobre,0,3,0.0,707.0,1.0,73.0,14,354,16693,6,0.0
98,0.0,0.0,0.0,0.0,6.0,7,82.98141940423264,146.3419564621891,pobre,0,3,0.0,707.0,1.0,73.0,15,354,16693,6,0.0
97,0.0,0.0,0.0,1.0,2.0,7,82.98141940423264,146.3419564621891,pobre,0,3,0.0,707.0,1.0,73.0,8,354,16694,2,1.0
98,0.0,0.0,0.0,1.0,3.0,7,82.98141940423264,146.3419564621891,pobre,0,3,0.0,707.0,1.0,73.0,9,354,16694,2,1.0
97,1.0,0.0,0.0,1.0,0.0,7,82.98141940423264,146.3419564621891,pobre,0,3,0.0,707.0,1.0,73.0,6,354,16695,0,1.0
98,1.0,0.0,0.0,1.0,1.0,7,82.98141940423264,146.3419564621891,pobre,0,3,0.0,707.0,1.0,73.0,7,354,16695,0,1.0
97,1.0,0.0,0.0,0.0,9.0,5,82.98141940423264,146.3419564621891,pobre,0,3,0.0,826.66669,1.0,49.0,16,354,16696,9,0.0
98,1.0,0.0,0.0,,,5,82.98141940423264,146.3419564621891,pobre,0,3,0.0,826.66669,1.0,49.0,17,354,16696,9,0.0
97,0.0,0.0,0.0,1.0,4.0,5,82.98141940423264,146.3419564621891,pobre,0,3,0.0,826.66669,1.0,49.0,10,354,16697,4,1.0
98,0.0,0.0,0.0,1.0,5.0,5,82.98141940423264,146.3419564621891,pobre,0,3,0.0,826.66669,1.0,49.0,11,354,16697,4,1.0
97,1.0,0.0,0.0,0.0,9.0,6,82.98141940423264,146.3419564621891,no pobre,0,2,0.0,922.40002,1.0,52.0,15,354,16698,9,0.0
98,1.0,0.0,0.0,0.0,9.0,6,82.98141940423264,146.3419564621891,no pobre,0,2,0.0,922.40002,1.0,52.0,16,354,16698,9,0.0
97,1.0,0.0,0.0,1.0,6.0,4,82.98141940423264,146.3419564621891,pobre,0,2,0.0,751.0,1.0,49.0,12,354,16699,6,1.0
98,1.0,0.0,0.0,1.0,7.0,4,82.98141940423264,146.3419564621891,pobre,0,2,0.0,751.0,1.0,49.0,13,354,16699,6,1.0
97,0.0,0.0,0.0,1.0,6.0,4,82.98141940423264,146.3419564621891,pobre,0,3,0.0,831.0,1.0,68.0,12,354,16700,6,1.0
98,0.0,0.0,0.0,1.0,7.0,4,82.98141940423264,146.3419564621891,pobre,0,3,0.0,831.0,1.0,68.0,13,354,16700,6,1.0
97,1.0,0.0,0.0,0.0,9.0,8,67.72794258129804,180.2667626121013,no pobre,basal,1,0.0,879.0,1.0,47.0,16,353,16701,9,0.0
98,1.0,0.0,0.0,1.0,9.0,8,67.72794258129804,180.2667626121013,no pobre,basal,1,0.0,879.0,1.0,47.0,17,353,16701,9,0.0
97,0.0,0.0,0.0,1.0,8.0,8,67.72794258129804,180.2667626121013,no pobre,basal,1,0.0,879.0,1.0,47.0,14,353,16702,8,1.0
98,0.0,0.0,0.0,1.0,9.0,8,67.72794258129804,180.2667626121013,no pobre,basal,1,0.0,879.0,1.0,47.0,15,353,16702,8,1.0
97,0.0,0.0,0.0,1.0,5.0,8,67.72794258129804,180.2667626121013,no pobre,basal,1,0.0,879.0,1.0,47.0,12,353,16703,5,1.0
98,0.0,0.0,0.0,1.0,6.0,8,67.72794258129804,180.2667626121013,no pobre,basal,1,0.0,879.0,1.0,47.0,13,353,16703,5,1.0
97,0.0,0.0,0.0,1.0,4.0,8,67.72794258129804,180.2667626121013,no pobre,basal,1,0.0,879.0,1.0,47.0,11,353,16704,4,1.0
98,0.0,0.0,0.0,1.0,5.0,8,67.72794258129804,180.2667626121013,no pobre,basal,1,0.0,879.0,1.0,47.0,12,353,16704,4,1.0
97,1.0,0.0,0.0,1.0,0.0,8,67.72794258129804,180.2667626121013,no pobre,basal,1,0.0,879.0,1.0,47.0,6,353,16705,0,1.0
98,1.0,0.0,0.0,1.0,1.0,8,67.72794258129804,180.2667626121013,no pobre,basal,1,0.0,879.0,1.0,47.0,7,353,16705,0,1.0
97,0.0,0.0,0.0,0.0,9.0,9,67.72794258129804,180.2667626121013,no pobre,basal,0,0.0,906.0,1.0,65.0,14,353,16706,9,0.0
98,0.0,0.0,0.0,0.0,8.0,9,67.72794258129804,180.2667626121013,no pobre,basal,0,0.0,906.0,1.0,65.0,15,353,16706,9,0.0
97,0.0,0.0,0.0,1.0,0.0,9,67.72794258129804,180.2667626121013,no pobre,basal,0,0.0,906.0,1.0,65.0,6,353,16707,0,1.0
98,0.0,0.0,0.0,1.0,1.0,9,67.72794258129804,180.2667626121013,no pobre,basal,0,0.0,906.0,1.0,65.0,7,353,16707,0,1.0
97,1.0,0.0,0.0,0.0,6.0,11,67.72794258129804,180.2667626121013,no pobre,basal,3,0.0,890.66669,1.0,48.0,16,353,16708,6,0.0
98,1.0,0.0,0.0,,,11,67.72794258129804,180.2667626121013,no pobre,basal,3,0.0,890.66669,1.0,48.0,17,353,16708,6,0.0
97,1.0,0.0,0.0,0.0,6.0,11,67.72794258129804,180.2667626121013,no pobre,basal,3,0.0,890.66669,1.0,48.0,13,353,16709,6,0.0
98,1.0,0.0,0.0,0.0,6.0,11,67.72794258129804,180.2667626121013,no pobre,basal,3,0.0,890.66669,1.0,48.0,14,353,16709,6,0.0
97,1.0,0.0,0.0,1.0,5.0,7,67.72794258129804,180.2667626121013,pobre,basal,6,0.0,769.0,1.0,33.0,11,353,16710,5,1.0
98,1.0,0.0,0.0,,,7,67.72794258129804,180.2667626121013,pobre,basal,6,0.0,769.0,1.0,33.0,12,353,16710,5,1.0
97,0.0,0.0,0.0,1.0,3.0,7,67.72794258129804,180.2667626121013,pobre,basal,6,0.0,769.0,1.0,33.0,10,353,16711,3,1.0
98,0.0,0.0,0.0,1.0,4.0,7,67.72794258129804,180.2667626121013,pobre,basal,6,0.0,769.0,1.0,33.0,11,353,16711,3,1.0
97,1.0,0.0,0.0,1.0,1.0,7,67.72794258129804,180.2667626121013,pobre,basal,6,0.0,769.0,1.0,33.0,9,353,16712,1,1.0
98,1.0,0.0,0.0,1.0,2.0,7,67.72794258129804,180.2667626121013,pobre,basal,6,0.0,769.0,1.0,33.0,10,353,16712,1,1.0
97,0.0,0.0,0.0,1.0,0.0,7,67.72794258129804,180.2667626121013,pobre,basal,6,0.0,769.0,1.0,33.0,6,353,16713,0,1.0
98,0.0,0.0,0.0,1.0,1.0,7,67.72794258129804,180.2667626121013,pobre,basal,6,0.0,769.0,1.0,33.0,7,353,16713,0,1.0
97,1.0,0.0,0.0,1.0,7.0,5,67.72794258129804,180.2667626121013,no pobre,basal,1,0.0,1006.0,1.0,46.0,15,353,16714,7,1.0
98,1.0,0.0,0.0,1.0,8.0,5,67.72794258129804,180.2667626121013,no pobre,basal,1,0.0,1006.0,1.0,46.0,16,353,16714,7,1.0
97,1.0,0.0,0.0,1.0,0.0,4,82.98141940423264,146.3419564621891,pobre,0,1,333.33334,605.0,1.0,41.0,6,354,16715,0,1.0
98,1.0,0.0,0.0,1.0,1.0,4,82.98141940423264,146.3419564621891,pobre,0,1,333.33334,605.0,1.0,41.0,7,354,16715,0,1.0
97,1.0,0.0,0.0,1.0,4.0,9,82.98141940423264,146.3419564621891,pobre,0,3,6000.0,843.0,1.0,48.0,10,354,16716,4,1.0
98,1.0,0.0,0.0,1.0,5.0,9,82.98141940423264,146.3419564621891,pobre,0,3,6000.0,843.0,1.0,48.0,11,354,16716,4,1.0
97,1.0,0.0,0.0,1.0,4.0,9,82.98141940423264,146.3419564621891,pobre,0,3,6000.0,843.0,1.0,48.0,10,354,16717,4,1.0
98,1.0,0.0,0.0,1.0,5.0,9,82.98141940423264,146.3419564621891,pobre,0,3,6000.0,843.0,1.0,48.0,11,354,16717,4,1.0
97,0.0,0.0,0.0,1.0,1.0,4,82.98141940423264,146.3419564621891,pobre,0,3,250.0,728.0,1.0,27.0,7,354,16718,1,1.0
98,0.0,0.0,0.0,1.0,2.0,4,82.98141940423264,146.3419564621891,pobre,0,3,250.0,728.0,1.0,27.0,8,354,16718,1,1.0
97,0.0,0.0,0.0,0.0,9.0,10,82.98141940423264,146.3419564621891,no pobre,0,3,375.0,927.0,1.0,45.0,16,354,16719,9,0.0
98,0.0,0.0,0.0,,,10,82.98141940423264,146.3419564621891,no pobre,0,3,375.0,927.0,1.0,45.0,17,354,16719,9,0.0
97,0.0,0.0,0.0,0.0,8.0,10,82.98141940423264,146.3419564621891,no pobre,0,3,375.0,927.0,1.0,45.0,15,354,16720,8,0.0
98,0.0,0.0,0.0,0.0,9.0,10,82.98141940423264,146.3419564621891,no pobre,0,3,375.0,927.0,1.0,45.0,16,354,16720,8,0.0
97,0.0,0.0,0.0,1.0,6.0,10,82.98141940423264,146.3419564621891,no pobre,0,3,375.0,927.0,1.0,45.0,12,354,16721,6,1.0
98,0.0,0.0,0.0,1.0,7.0,10,82.98141940423264,146.3419564621891,no pobre,0,3,375.0,927.0,1.0,45.0,13,354,16721,6,1.0
97,1.0,0.0,0.0,1.0,2.0,10,82.98141940423264,146.3419564621891,no pobre,0,3,375.0,927.0,1.0,45.0,10,354,16722,2,1.0
98,1.0,0.0,0.0,1.0,2.0,10,82.98141940423264,146.3419564621891,no pobre,0,3,375.0,927.0,1.0,45.0,11,354,16722,2,1.0
97,0.0,0.0,0.0,1.0,2.0,10,82.98141940423264,146.3419564621891,no pobre,0,3,375.0,927.0,1.0,45.0,8,354,16723,2,1.0
98,0.0,0.0,0.0,1.0,3.0,10,82.98141940423264,146.3419564621891,no pobre,0,3,375.0,927.0,1.0,45.0,9,354,16723,2,1.0
97,0.0,0.0,0.0,1.0,0.0,6,82.98141940423264,146.3419564621891,pobre,0,0,1250.0,639.0,1.0,37.0,7,354,16724,0,1.0
98,0.0,0.0,0.0,1.0,1.0,6,82.98141940423264,146.3419564621891,pobre,0,0,1250.0,639.0,1.0,37.0,8,354,16724,0,1.0
97,0.0,0.0,0.0,1.0,6.0,5,82.98141940423264,146.3419564621891,pobre,0,4,3200.0,709.0,1.0,36.0,12,354,16725,6,1.0
98,0.0,0.0,0.0,1.0,7.0,5,82.98141940423264,146.3419564621891,pobre,0,4,3200.0,709.0,1.0,36.0,13,354,16725,6,1.0
97,1.0,0.0,0.0,1.0,2.0,5,82.98141940423264,146.3419564621891,pobre,0,6,0.0,678.0,1.0,29.0,8,354,16726,2,1.0
98,1.0,0.0,0.0,1.0,2.0,5,82.98141940423264,146.3419564621891,pobre,0,6,0.0,678.0,1.0,29.0,9,354,16726,2,1.0
97,1.0,0.0,0.0,1.0,1.0,5,82.98141940423264,146.3419564621891,pobre,0,6,0.0,678.0,1.0,29.0,7,354,16727,1,1.0
98,1.0,0.0,0.0,1.0,1.0,5,82.98141940423264,146.3419564621891,pobre,0,6,0.0,678.0,1.0,29.0,8,354,16727,1,1.0
97,1.0,0.0,0.0,1.0,3.0,6,82.98141940423264,146.3419564621891,pobre,0,4,0.0,747.0,1.0,38.0,13,354,16728,3,1.0
98,1.0,0.0,0.0,1.0,4.0,6,82.98141940423264,146.3419564621891,pobre,0,4,0.0,747.0,1.0,38.0,14,354,16728,3,1.0
97,1.0,0.0,0.0,1.0,4.0,6,82.98141940423264,146.3419564621891,pobre,0,4,0.0,747.0,1.0,38.0,12,354,16729,4,1.0
98,1.0,0.0,0.0,1.0,5.0,6,82.98141940423264,146.3419564621891,pobre,0,4,0.0,747.0,1.0,38.0,13,354,16729,4,1.0
97,0.0,0.0,0.0,1.0,2.0,6,82.98141940423264,146.3419564621891,pobre,0,4,0.0,747.0,1.0,38.0,9,354,16730,2,1.0
98,0.0,0.0,0.0,1.0,2.0,6,82.98141940423264,146.3419564621891,pobre,0,4,0.0,747.0,1.0,38.0,10,354,16730,2,1.0
97,1.0,0.0,0.0,1.0,0.0,6,82.98141940423264,146.3419564621891,pobre,0,4,0.0,747.0,1.0,38.0,6,354,16731,0,1.0
98,1.0,0.0,0.0,1.0,1.0,6,82.98141940423264,146.3419564621891,pobre,0,4,0.0,747.0,1.0,38.0,7,354,16731,0,1.0
97,1.0,0.0,1.072,1.0,5.0,6,116.9347251940641,123.7225059561605,no pobre,0,9,750.0,959.0,1.0,37.0,14,398,16732,5,1.0
98,1.0,0.0,1.072,1.0,6.0,6,116.9347251940641,123.7225059561605,no pobre,0,9,750.0,959.0,1.0,37.0,15,398,16732,5,1.0
97,0.0,0.0,1.072,1.0,4.0,6,116.9347251940641,123.7225059561605,no pobre,0,9,750.0,959.0,1.0,37.0,9,398,16733,4,1.0
98,0.0,0.0,1.072,1.0,5.0,6,116.9347251940641,123.7225059561605,no pobre,0,9,750.0,959.0,1.0,37.0,10,398,16733,4,1.0
97,1.0,0.0,1.072,1.0,0.0,6,116.9347251940641,123.7225059561605,no pobre,0,9,750.0,959.0,1.0,37.0,7,398,16734,0,1.0
98,1.0,0.0,1.072,1.0,2.0,6,116.9347251940641,123.7225059561605,no pobre,0,9,750.0,959.0,1.0,37.0,8,398,16734,0,1.0
97,0.0,0.0,1.072,0.0,4.0,8,116.9347251940641,123.7225059561605,no pobre,0,3,750.0,889.66998,1.0,45.0,11,398,16735,4,0.0
98,0.0,0.0,1.072,0.0,5.0,8,116.9347251940641,123.7225059561605,no pobre,0,3,750.0,889.66998,1.0,45.0,12,398,16735,4,0.0
97,1.0,0.0,1.072,1.0,1.0,8,116.9347251940641,123.7225059561605,no pobre,0,3,750.0,889.66998,1.0,45.0,7,398,16736,1,1.0
98,1.0,0.0,1.072,1.0,1.0,8,116.9347251940641,123.7225059561605,no pobre,0,3,750.0,889.66998,1.0,45.0,8,398,16736,1,1.0
97,0.0,0.0,1.072,1.0,6.0,8,116.9347251940641,123.7225059561605,pobre,0,0,625.0,858.33002,1.0,53.0,14,398,16737,6,1.0
98,0.0,0.0,1.072,,,8,116.9347251940641,123.7225059561605,pobre,0,0,625.0,858.33002,1.0,53.0,15,398,16737,6,1.0
97,0.0,0.0,1.072,1.0,6.0,8,116.9347251940641,123.7225059561605,pobre,0,0,625.0,858.33002,1.0,53.0,13,398,16738,6,1.0
98,0.0,0.0,1.072,0.0,6.0,8,116.9347251940641,123.7225059561605,pobre,0,0,625.0,858.33002,1.0,53.0,14,398,16738,6,1.0
97,1.0,0.0,1.072,1.0,3.0,8,116.9347251940641,123.7225059561605,pobre,0,0,625.0,858.33002,1.0,53.0,10,398,16739,3,1.0
98,1.0,0.0,1.072,1.0,4.0,8,116.9347251940641,123.7225059561605,pobre,0,0,625.0,858.33002,1.0,53.0,11,398,16739,3,1.0
97,0.0,0.0,1.072,1.0,2.0,8,116.9347251940641,123.7225059561605,pobre,0,0,625.0,858.33002,1.0,53.0,9,398,16740,2,1.0
98,0.0,0.0,1.072,1.0,3.0,8,116.9347251940641,123.7225059561605,pobre,0,0,625.0,858.33002,1.0,53.0,10,398,16740,2,1.0
97,1.0,0.0,1.072,1.0,1.0,6,116.9347251940641,123.7225059561605,pobre,0,3,625.0,680.0,1.0,28.0,7,398,16741,1,1.0
98,1.0,0.0,1.072,1.0,2.0,6,116.9347251940641,123.7225059561605,pobre,0,3,625.0,680.0,1.0,28.0,8,398,16741,1,1.0
97,1.0,0.0,1.072,1.0,0.0,6,116.9347251940641,123.7225059561605,pobre,0,3,625.0,680.0,1.0,28.0,6,398,16742,0,1.0
98,1.0,0.0,1.072,1.0,1.0,6,116.9347251940641,123.7225059561605,pobre,0,3,625.0,680.0,1.0,28.0,7,398,16742,0,1.0
97,1.0,0.0,1.072,0.0,1.0,4,116.9347251940641,123.7225059561605,no pobre,0,0,625.0,789.0,1.0,48.0,16,398,16743,1,0.0
98,1.0,0.0,1.072,,,4,116.9347251940641,123.7225059561605,no pobre,0,0,625.0,789.0,1.0,48.0,17,398,16743,1,0.0
97,0.0,1.0,1.072,0.0,6.0,5,116.9347251940641,123.7225059561605,no pobre,0,2,875.0,1111.0,1.0,50.0,14,398,16744,6,0.0
98,0.0,1.0,1.072,0.0,6.0,5,116.9347251940641,123.7225059561605,no pobre,0,2,875.0,1111.0,1.0,50.0,15,398,16744,6,0.0
97,0.0,0.0,1.072,1.0,2.0,3,116.9347251940641,123.7225059561605,no pobre,0,6,1750.0,786.5,1.0,28.0,8,398,16745,2,1.0
98,0.0,0.0,1.072,1.0,3.0,3,116.9347251940641,123.7225059561605,no pobre,0,6,1750.0,786.5,1.0,28.0,9,398,16745,2,1.0
97,0.0,0.0,1.072,0.0,9.0,10,116.9347251940641,123.7225059561605,no pobre,0,9,625.0,823.0,1.0,40.0,16,398,16746,9,0.0
98,0.0,0.0,1.072,,,10,116.9347251940641,123.7225059561605,no pobre,0,9,625.0,823.0,1.0,40.0,17,398,16746,9,0.0
97,0.0,0.0,1.072,1.0,8.0,10,116.9347251940641,123.7225059561605,no pobre,0,9,625.0,823.0,1.0,40.0,13,398,16747,8,1.0
98,0.0,0.0,1.072,1.0,9.0,10,116.9347251940641,123.7225059561605,no pobre,0,9,625.0,823.0,1.0,40.0,14,398,16747,8,1.0
97,0.0,0.0,1.072,1.0,3.0,10,116.9347251940641,123.7225059561605,no pobre,0,9,625.0,823.0,1.0,40.0,9,398,16748,3,1.0
98,0.0,0.0,1.072,1.0,3.0,10,116.9347251940641,123.7225059561605,no pobre,0,9,625.0,823.0,1.0,40.0,10,398,16748,3,1.0
97,0.0,0.0,1.072,1.0,1.0,10,116.9347251940641,123.7225059561605,no pobre,0,9,625.0,823.0,1.0,40.0,7,398,16749,1,1.0
98,0.0,0.0,1.072,1.0,2.0,10,116.9347251940641,123.7225059561605,no pobre,0,9,625.0,823.0,1.0,40.0,8,398,16749,1,1.0
97,1.0,0.0,1.072,1.0,0.0,4,116.9347251940641,123.7225059561605,no pobre,0,6,625.0,920.33002,1.0,63.0,6,398,16750,0,1.0
98,1.0,0.0,1.072,,,4,116.9347251940641,123.7225059561605,no pobre,0,6,625.0,920.33002,1.0,63.0,7,398,16750,0,1.0
97,0.0,0.0,1.786,1.0,2.0,8,113.1757249510811,131.3929056789028,no pobre,basal,4,625.0,875.14001,1.0,54.0,9,399,16751,2,1.0
98,0.0,0.0,1.786,1.0,2.0,8,113.1757249510811,131.3929056789028,no pobre,basal,4,625.0,875.14001,1.0,54.0,10,399,16751,2,1.0
97,1.0,0.0,1.786,1.0,3.0,3,113.1757249510811,131.3929056789028,pobre,basal,0,200.0,759.0,1.0,67.0,9,399,16752,3,1.0
98,1.0,0.0,1.786,1.0,4.0,3,113.1757249510811,131.3929056789028,pobre,basal,0,200.0,759.0,1.0,67.0,10,399,16752,3,1.0
97,0.0,0.0,1.786,0.0,6.0,7,113.1757249510811,131.3929056789028,pobre,basal,6,600.0,898.5,1.0,44.0,16,399,16753,6,0.0
98,0.0,0.0,1.786,,,7,113.1757249510811,131.3929056789028,pobre,basal,6,600.0,898.5,1.0,44.0,17,399,16753,6,0.0
97,0.0,0.0,1.786,1.0,4.0,7,113.1757249510811,131.3929056789028,pobre,basal,6,600.0,898.5,1.0,44.0,13,399,16754,4,1.0
98,0.0,0.0,1.786,1.0,5.0,7,113.1757249510811,131.3929056789028,pobre,basal,6,600.0,898.5,1.0,44.0,14,399,16754,4,1.0
97,0.0,0.0,1.786,1.0,5.0,7,113.1757249510811,131.3929056789028,pobre,basal,6,600.0,898.5,1.0,44.0,11,399,16755,5,1.0
98,0.0,0.0,1.786,1.0,6.0,7,113.1757249510811,131.3929056789028,pobre,basal,6,600.0,898.5,1.0,44.0,12,399,16755,5,1.0
97,0.0,0.0,1.786,1.0,1.0,7,113.1757249510811,131.3929056789028,pobre,basal,6,600.0,898.5,1.0,44.0,8,399,16756,1,1.0
98,0.0,0.0,1.786,1.0,2.0,7,113.1757249510811,131.3929056789028,pobre,basal,6,600.0,898.5,1.0,44.0,9,399,16756,1,1.0
97,1.0,0.0,1.281,0.0,9.0,11,120.2710562706921,121.4659076157466,pobre,basal,0,625.0,749.92499,1.0,43.0,16,401,16757,9,0.0
98,1.0,0.0,1.281,,,11,120.2710562706921,121.4659076157466,pobre,basal,0,625.0,749.92499,1.0,43.0,17,401,16757,9,0.0
97,1.0,0.0,1.281,1.0,6.0,11,120.2710562706921,121.4659076157466,pobre,basal,0,625.0,749.92499,1.0,43.0,14,401,16758,6,1.0
98,1.0,0.0,1.281,1.0,7.0,11,120.2710562706921,121.4659076157466,pobre,basal,0,625.0,749.92499,1.0,43.0,15,401,16758,6,1.0
97,0.0,0.0,1.281,1.0,4.0,11,120.2710562706921,121.4659076157466,pobre,basal,0,625.0,749.92499,1.0,43.0,11,401,16759,4,1.0
98,0.0,0.0,1.281,1.0,5.0,11,120.2710562706921,121.4659076157466,pobre,basal,0,625.0,749.92499,1.0,43.0,12,401,16759,4,1.0
97,1.0,0.0,1.281,1.0,2.0,11,120.2710562706921,121.4659076157466,pobre,basal,0,625.0,749.92499,1.0,43.0,8,401,16760,2,1.0
98,1.0,0.0,1.281,1.0,3.0,11,120.2710562706921,121.4659076157466,pobre,basal,0,625.0,749.92499,1.0,43.0,9,401,16760,2,1.0
97,0.0,0.0,1.281,1.0,2.0,11,120.2710562706921,121.4659076157466,pobre,basal,0,625.0,749.92499,1.0,43.0,8,401,16761,2,1.0
98,0.0,0.0,1.281,1.0,3.0,11,120.2710562706921,121.4659076157466,pobre,basal,0,625.0,749.92499,1.0,43.0,9,401,16761,2,1.0
97,1.0,0.0,1.281,1.0,0.0,11,120.2710562706921,121.4659076157466,pobre,basal,0,625.0,749.92499,1.0,43.0,6,401,16762,0,1.0
98,1.0,0.0,1.281,1.0,1.0,11,120.2710562706921,121.4659076157466,pobre,basal,0,625.0,749.92499,1.0,43.0,7,401,16762,0,1.0
97,1.0,0.0,1.281,,0.0,3,120.2710562706921,121.4659076157466,no pobre,basal,0,625.0,901.64099,1.0,43.0,13,401,16763,0,
98,1.0,0.0,1.281,,,3,120.2710562706921,121.4659076157466,no pobre,basal,0,625.0,901.64099,1.0,43.0,14,401,16763,0,
97,0.0,0.0,1.281,1.0,2.0,4,120.2710562706921,121.4659076157466,pobre,basal,5,625.0,801.0,1.0,30.0,7,401,16764,2,1.0
98,0.0,0.0,1.281,,,4,120.2710562706921,121.4659076157466,pobre,basal,5,625.0,801.0,1.0,30.0,8,401,16764,2,1.0
97,0.0,0.0,1.281,1.0,5.0,6,120.2710562706921,121.4659076157466,pobre,basal,0,500.0,628.0,1.0,32.0,13,401,16765,5,1.0
98,0.0,0.0,1.281,0.0,6.0,6,120.2710562706921,121.4659076157466,pobre,basal,0,500.0,628.0,1.0,32.0,14,401,16765,5,1.0
97,1.0,0.0,1.281,1.0,4.0,6,120.2710562706921,121.4659076157466,pobre,basal,0,500.0,628.0,1.0,32.0,11,401,16766,4,1.0
98,1.0,0.0,1.281,1.0,5.0,6,120.2710562706921,121.4659076157466,pobre,basal,0,500.0,628.0,1.0,32.0,12,401,16766,4,1.0
97,1.0,0.0,1.281,1.0,3.0,6,120.2710562706921,121.4659076157466,pobre,basal,0,500.0,628.0,1.0,32.0,10,401,16767,3,1.0
98,1.0,0.0,1.281,1.0,4.0,6,120.2710562706921,121.4659076157466,pobre,basal,0,500.0,628.0,1.0,32.0,11,401,16767,3,1.0
97,0.0,0.0,1.281,1.0,3.0,7,120.2710562706921,121.4659076157466,pobre,basal,2,500.0,550.0,1.0,28.0,10,401,16768,3,1.0
98,0.0,0.0,1.281,1.0,5.0,7,120.2710562706921,121.4659076157466,pobre,basal,2,500.0,550.0,1.0,28.0,11,401,16768,3,1.0
97,0.0,0.0,1.281,1.0,1.0,7,120.2710562706921,121.4659076157466,pobre,basal,2,500.0,550.0,1.0,28.0,7,401,16769,1,1.0
98,0.0,0.0,1.281,1.0,2.0,7,120.2710562706921,121.4659076157466,pobre,basal,2,500.0,550.0,1.0,28.0,8,401,16769,1,1.0
97,1.0,0.0,1.281,0.0,4.0,9,120.2710562706921,121.4659076157466,pobre,basal,4,625.0,726.25,1.0,52.0,16,401,16770,4,0.0
98,1.0,0.0,1.281,0.0,4.0,9,120.2710562706921,121.4659076157466,pobre,basal,4,625.0,726.25,1.0,52.0,17,401,16770,4,0.0
97,0.0,0.0,1.281,,0.0,9,120.2710562706921,121.4659076157466,pobre,basal,4,625.0,726.25,1.0,52.0,15,401,16771,0,
98,0.0,0.0,1.281,0.0,2.0,9,120.2710562706921,121.4659076157466,pobre,basal,4,625.0,726.25,1.0,52.0,16,401,16771,0,
97,1.0,0.0,1.281,1.0,2.0,9,120.2710562706921,121.4659076157466,pobre,basal,4,625.0,726.25,1.0,52.0,10,401,16772,2,1.0
98,1.0,0.0,1.281,1.0,2.0,9,120.2710562706921,121.4659076157466,pobre,basal,4,625.0,726.25,1.0,52.0,11,401,16772,2,1.0
97,0.0,0.0,1.281,,0.0,9,120.2710562706921,121.4659076157466,pobre,basal,4,625.0,726.25,1.0,52.0,8,401,16773,0,
98,0.0,0.0,1.281,1.0,3.0,9,120.2710562706921,121.4659076157466,pobre,basal,4,625.0,726.25,1.0,52.0,9,401,16773,0,
97,1.0,0.0,1.281,0.0,6.0,9,120.2710562706921,121.4659076157466,no pobre,basal,1,960.0,863.5,1.0,45.0,15,401,16774,6,0.0
98,1.0,0.0,1.281,0.0,6.0,9,120.2710562706921,121.4659076157466,no pobre,basal,1,960.0,863.5,1.0,45.0,16,401,16774,6,0.0
97,0.0,0.0,1.281,1.0,5.0,9,120.2710562706921,121.4659076157466,no pobre,basal,1,960.0,863.5,1.0,45.0,12,401,16775,5,1.0
98,0.0,0.0,1.281,0.0,6.0,9,120.2710562706921,121.4659076157466,no pobre,basal,1,960.0,863.5,1.0,45.0,13,401,16775,5,1.0
97,1.0,0.0,1.281,1.0,4.0,9,120.2710562706921,121.4659076157466,no pobre,basal,1,960.0,863.5,1.0,45.0,10,401,16776,4,1.0
98,1.0,0.0,1.281,1.0,5.0,9,120.2710562706921,121.4659076157466,no pobre,basal,1,960.0,863.5,1.0,45.0,11,401,16776,4,1.0
97,0.0,0.0,1.281,1.0,2.0,9,120.2710562706921,121.4659076157466,no pobre,basal,1,960.0,863.5,1.0,45.0,9,401,16777,2,1.0
98,0.0,0.0,1.281,1.0,3.0,9,120.2710562706921,121.4659076157466,no pobre,basal,1,960.0,863.5,1.0,45.0,10,401,16777,2,1.0
97,0.0,0.0,1.281,0.0,1.0,10,120.2710562706921,121.4659076157466,pobre,basal,0,750.0,452.0,1.0,45.0,15,401,16778,1,0.0
98,0.0,0.0,1.281,0.0,1.0,10,120.2710562706921,121.4659076157466,pobre,basal,0,750.0,452.0,1.0,45.0,16,401,16778,1,0.0
97,0.0,0.0,1.281,1.0,4.0,10,120.2710562706921,121.4659076157466,pobre,basal,0,750.0,452.0,1.0,45.0,13,401,16779,4,1.0
98,0.0,0.0,1.281,1.0,5.0,10,120.2710562706921,121.4659076157466,pobre,basal,0,750.0,452.0,1.0,45.0,14,401,16779,4,1.0
97,0.0,0.0,1.281,1.0,4.0,10,120.2710562706921,121.4659076157466,pobre,basal,0,750.0,452.0,1.0,45.0,11,401,16780,4,1.0
98,0.0,0.0,1.281,1.0,5.0,10,120.2710562706921,121.4659076157466,pobre,basal,0,750.0,452.0,1.0,45.0,12,401,16780,4,1.0
97,0.0,0.0,1.281,1.0,2.0,10,120.2710562706921,121.4659076157466,pobre,basal,0,750.0,452.0,1.0,45.0,10,401,16781,2,1.0
98,0.0,0.0,1.281,1.0,3.0,10,120.2710562706921,121.4659076157466,pobre,basal,0,750.0,452.0,1.0,45.0,11,401,16781,2,1.0
97,1.0,0.0,1.281,1.0,1.0,10,120.2710562706921,121.4659076157466,pobre,basal,0,750.0,452.0,1.0,45.0,8,401,16782,1,1.0
98,1.0,0.0,1.281,1.0,2.0,10,120.2710562706921,121.4659076157466,pobre,basal,0,750.0,452.0,1.0,45.0,9,401,16782,1,1.0
97,1.0,0.0,1.281,1.0,3.0,9,120.2710562706921,121.4659076157466,pobre,basal,0,1500.0,747.14099,1.0,50.0,15,401,16783,3,1.0
98,1.0,0.0,1.281,0.0,1.0,9,120.2710562706921,121.4659076157466,pobre,basal,0,1500.0,747.14099,1.0,50.0,16,401,16783,3,1.0
97,0.0,0.0,1.281,1.0,5.0,9,120.2710562706921,121.4659076157466,pobre,basal,0,1500.0,747.14099,1.0,50.0,13,401,16784,5,1.0
98,0.0,0.0,1.281,1.0,6.0,9,120.2710562706921,121.4659076157466,pobre,basal,0,1500.0,747.14099,1.0,50.0,14,401,16784,5,1.0
97,0.0,0.0,1.281,1.0,4.0,9,120.2710562706921,121.4659076157466,pobre,basal,0,1500.0,747.14099,1.0,50.0,12,401,16785,4,1.0
98,0.0,0.0,1.281,1.0,5.0,9,120.2710562706921,121.4659076157466,pobre,basal,0,1500.0,747.14099,1.0,50.0,13,401,16785,4,1.0
97,0.0,0.0,1.281,,0.0,9,120.2710562706921,121.4659076157466,pobre,basal,0,1500.0,747.14099,1.0,50.0,9,401,16786,0,
98,0.0,0.0,1.281,1.0,3.0,9,120.2710562706921,121.4659076157466,pobre,basal,0,1500.0,747.14099,1.0,50.0,10,401,16786,0,
97,1.0,0.0,1.281,1.0,5.0,5,120.2710562706921,121.4659076157466,pobre,basal,3,2000.0,712.0,1.0,54.0,12,401,16787,5,1.0
98,1.0,0.0,1.281,1.0,6.0,5,120.2710562706921,121.4659076157466,pobre,basal,3,2000.0,712.0,1.0,54.0,13,401,16787,5,1.0
97,0.0,0.0,1.281,0.0,6.0,7,120.2710562706921,121.4659076157466,no pobre,basal,0,2250.0,977.0,0.0,54.0,16,401,16788,6,0.0
98,0.0,0.0,1.281,,,7,120.2710562706921,121.4659076157466,no pobre,basal,0,2250.0,977.0,0.0,54.0,17,401,16788,6,0.0
97,0.0,0.0,1.281,1.0,8.0,7,120.2710562706921,121.4659076157466,no pobre,basal,0,2250.0,977.0,0.0,54.0,14,401,16789,8,1.0
98,0.0,0.0,1.281,1.0,4.0,7,120.2710562706921,121.4659076157466,no pobre,basal,0,2250.0,977.0,0.0,54.0,15,401,16789,8,1.0
97,1.0,0.0,1.281,0.0,1.0,13,120.2710562706921,121.4659076157466,pobre,basal,0,10000.0,641.25,1.0,50.0,15,401,16790,1,0.0
98,1.0,0.0,1.281,0.0,1.0,13,120.2710562706921,121.4659076157466,pobre,basal,0,10000.0,641.25,1.0,50.0,16,401,16790,1,0.0
97,1.0,0.0,1.281,1.0,4.0,13,120.2710562706921,121.4659076157466,pobre,basal,0,10000.0,641.25,1.0,50.0,13,401,16791,4,1.0
98,1.0,0.0,1.281,1.0,5.0,13,120.2710562706921,121.4659076157466,pobre,basal,0,10000.0,641.25,1.0,50.0,14,401,16791,4,1.0
97,1.0,0.0,1.281,1.0,2.0,13,120.2710562706921,121.4659076157466,pobre,basal,0,10000.0,641.25,1.0,50.0,12,401,16792,2,1.0
98,1.0,0.0,1.281,1.0,3.0,13,120.2710562706921,121.4659076157466,pobre,basal,0,10000.0,641.25,1.0,50.0,13,401,16792,2,1.0
97,1.0,0.0,1.281,1.0,1.0,13,120.2710562706921,121.4659076157466,pobre,basal,0,10000.0,641.25,1.0,50.0,9,401,16793,1,1.0
98,1.0,0.0,1.281,1.0,2.0,13,120.2710562706921,121.4659076157466,pobre,basal,0,10000.0,641.25,1.0,50.0,10,401,16793,1,1.0
97,0.0,0.0,1.281,1.0,1.0,13,120.2710562706921,121.4659076157466,pobre,basal,0,10000.0,641.25,1.0,50.0,8,401,16794,1,1.0
98,0.0,0.0,1.281,1.0,2.0,13,120.2710562706921,121.4659076157466,pobre,basal,0,10000.0,641.25,1.0,50.0,9,401,16794,1,1.0
97,0.0,0.0,1.281,1.0,1.0,13,120.2710562706921,121.4659076157466,pobre,basal,0,10000.0,641.25,1.0,50.0,6,401,16795,1,1.0
98,0.0,0.0,1.281,1.0,1.0,13,120.2710562706921,121.4659076157466,pobre,basal,0,10000.0,641.25,1.0,50.0,7,401,16795,1,1.0
97,0.0,0.0,1.281,1.0,2.0,5,120.2710562706921,121.4659076157466,pobre,basal,0,800.0,543.0,1.0,39.0,9,401,16796,2,1.0
98,0.0,0.0,1.281,1.0,3.0,5,120.2710562706921,121.4659076157466,pobre,basal,0,800.0,543.0,1.0,39.0,10,401,16796,2,1.0
97,0.0,0.0,1.281,,0.0,5,120.2710562706921,121.4659076157466,pobre,basal,0,800.0,543.0,1.0,39.0,7,401,16797,0,
98,0.0,0.0,1.281,,,5,120.2710562706921,121.4659076157466,pobre,basal,0,800.0,543.0,1.0,39.0,8,401,16797,0,
97,1.0,0.0,1.281,0.0,2.0,5,120.2710562706921,121.4659076157466,no pobre,basal,0,750.0,836.0,1.0,55.0,16,401,16798,2,0.0
98,1.0,0.0,1.281,,,5,120.2710562706921,121.4659076157466,no pobre,basal,0,750.0,836.0,1.0,55.0,17,401,16798,2,0.0
97,1.0,0.0,1.281,0.0,6.0,5,120.2710562706921,121.4659076157466,no pobre,basal,0,750.0,836.0,1.0,55.0,14,401,16799,6,0.0
98,1.0,0.0,1.281,0.0,6.0,5,120.2710562706921,121.4659076157466,no pobre,basal,0,750.0,836.0,1.0,55.0,15,401,16799,6,0.0
97,0.0,0.0,1.281,0.0,2.0,7,120.2710562706921,121.4659076157466,pobre,basal,2,1000.0,706.5,1.0,50.0,14,401,16800,2,0.0
98,0.0,0.0,1.281,0.0,2.0,7,120.2710562706921,121.4659076157466,pobre,basal,2,1000.0,706.5,1.0,50.0,15,401,16800,2,0.0
97,0.0,0.0,1.281,1.0,3.0,7,120.2710562706921,121.4659076157466,pobre,basal,2,1000.0,706.5,1.0,50.0,10,401,16801,3,1.0
98,0.0,0.0,1.281,1.0,4.0,7,120.2710562706921,121.4659076157466,pobre,basal,2,1000.0,706.5,1.0,50.0,11,401,16801,3,1.0
97,0.0,0.0,1.281,1.0,3.0,6,120.2710562706921,121.4659076157466,pobre,basal,0,1250.0,673.0,1.0,27.0,8,401,16802,3,1.0
98,0.0,0.0,1.281,1.0,4.0,6,120.2710562706921,121.4659076157466,pobre,basal,0,1250.0,673.0,1.0,27.0,9,401,16802,3,1.0
97,0.0,0.0,1.281,1.0,5.0,8,120.2710562706921,121.4659076157466,pobre,basal,1,750.0,511.0,1.0,33.0,12,401,16803,5,1.0
98,0.0,0.0,1.281,1.0,6.0,8,120.2710562706921,121.4659076157466,pobre,basal,1,750.0,511.0,1.0,33.0,13,401,16803,5,1.0
97,1.0,0.0,1.281,1.0,4.0,8,120.2710562706921,121.4659076157466,pobre,basal,1,750.0,511.0,1.0,33.0,10,401,16804,4,1.0
98,1.0,0.0,1.281,1.0,5.0,8,120.2710562706921,121.4659076157466,pobre,basal,1,750.0,511.0,1.0,33.0,11,401,16804,4,1.0
97,0.0,0.0,1.281,1.0,3.0,8,120.2710562706921,121.4659076157466,pobre,basal,1,750.0,511.0,1.0,33.0,9,401,16805,3,1.0
98,0.0,0.0,1.281,1.0,4.0,8,120.2710562706921,121.4659076157466,pobre,basal,1,750.0,511.0,1.0,33.0,10,401,16805,3,1.0
97,0.0,0.0,1.281,1.0,2.0,8,120.2710562706921,121.4659076157466,pobre,basal,1,750.0,511.0,1.0,33.0,7,401,16806,2,1.0
98,0.0,0.0,1.281,1.0,3.0,8,120.2710562706921,121.4659076157466,pobre,basal,1,750.0,511.0,1.0,33.0,8,401,16806,2,1.0
97,0.0,0.0,1.281,1.0,3.0,5,120.2710562706921,121.4659076157466,no pobre,basal,9,102.0,896.5,1.0,31.0,8,401,16807,3,1.0
98,0.0,0.0,1.281,1.0,4.0,5,120.2710562706921,121.4659076157466,no pobre,basal,9,102.0,896.5,1.0,31.0,9,401,16807,3,1.0
97,1.0,0.0,1.281,1.0,1.0,5,120.2710562706921,121.4659076157466,no pobre,basal,9,102.0,896.5,1.0,31.0,7,401,16808,1,1.0
98,1.0,0.0,1.281,1.0,2.0,5,120.2710562706921,121.4659076157466,no pobre,basal,9,102.0,896.5,1.0,31.0,8,401,16808,1,1.0
97,1.0,0.0,1.281,1.0,2.0,6,120.2710562706921,121.4659076157466,pobre,basal,3,625.0,573.0,1.0,26.0,9,401,16809,2,1.0
98,1.0,0.0,1.281,1.0,3.0,6,120.2710562706921,121.4659076157466,pobre,basal,3,625.0,573.0,1.0,26.0,10,401,16809,2,1.0
97,1.0,0.0,1.281,,0.0,6,120.2710562706921,121.4659076157466,pobre,basal,3,625.0,573.0,1.0,26.0,8,401,16810,0,
98,1.0,0.0,1.281,1.0,1.0,6,120.2710562706921,121.4659076157466,pobre,basal,3,625.0,573.0,1.0,26.0,9,401,16810,0,
97,0.0,0.0,1.281,1.0,5.0,8,120.2710562706921,121.4659076157466,pobre,basal,3,3750.0,609.0,1.0,33.0,13,401,16811,5,1.0
98,0.0,0.0,1.281,,,8,120.2710562706921,121.4659076157466,pobre,basal,3,3750.0,609.0,1.0,33.0,14,401,16811,5,1.0
97,0.0,0.0,1.281,1.0,3.0,8,120.2710562706921,121.4659076157466,pobre,basal,3,3750.0,609.0,1.0,33.0,12,401,16812,3,1.0
98,0.0,0.0,1.281,,,8,120.2710562706921,121.4659076157466,pobre,basal,3,3750.0,609.0,1.0,33.0,13,401,16812,3,1.0
97,0.0,0.0,1.281,1.0,2.0,8,120.2710562706921,121.4659076157466,pobre,basal,3,3750.0,609.0,1.0,33.0,11,401,16813,2,1.0
98,0.0,0.0,1.281,,,8,120.2710562706921,121.4659076157466,pobre,basal,3,3750.0,609.0,1.0,33.0,12,401,16813,2,1.0
97,1.0,0.0,1.281,1.0,2.0,8,120.2710562706921,121.4659076157466,pobre,basal,3,3750.0,609.0,1.0,33.0,9,401,16814,2,1.0
98,1.0,0.0,1.281,,,8,120.2710562706921,121.4659076157466,pobre,basal,3,3750.0,609.0,1.0,33.0,10,401,16814,2,1.0
97,0.0,0.0,1.281,1.0,2.0,8,120.2710562706921,121.4659076157466,pobre,basal,3,3750.0,609.0,1.0,33.0,6,401,16815,2,1.0
98,0.0,0.0,1.281,,,8,120.2710562706921,121.4659076157466,pobre,basal,3,3750.0,609.0,1.0,33.0,7,401,16815,2,1.0
97,1.0,0.0,1.281,1.0,2.0,5,120.2710562706921,121.4659076157466,pobre,basal,6,2500.0,694.0,1.0,25.0,8,401,16816,2,1.0
98,1.0,0.0,1.281,,,5,120.2710562706921,121.4659076157466,pobre,basal,6,2500.0,694.0,1.0,25.0,9,401,16816,2,1.0
97,1.0,0.0,1.281,1.0,0.0,5,120.2710562706921,121.4659076157466,pobre,basal,6,2500.0,694.0,1.0,25.0,6,401,16817,0,1.0
98,1.0,0.0,1.281,1.0,1.0,5,120.2710562706921,121.4659076157466,pobre,basal,6,2500.0,694.0,1.0,25.0,7,401,16817,0,1.0
97,1.0,0.0,1.281,1.0,4.0,5,120.2710562706921,121.4659076157466,no pobre,basal,3,800.0,848.25,1.0,30.0,9,401,16818,4,1.0
98,1.0,0.0,1.281,1.0,5.0,5,120.2710562706921,121.4659076157466,no pobre,basal,3,800.0,848.25,1.0,30.0,10,401,16818,4,1.0
97,0.0,0.0,1.281,1.0,2.0,5,120.2710562706921,121.4659076157466,no pobre,basal,3,800.0,848.25,1.0,30.0,8,401,16819,2,1.0
98,0.0,0.0,1.281,1.0,3.0,5,120.2710562706921,121.4659076157466,no pobre,basal,3,800.0,848.25,1.0,30.0,9,401,16819,2,1.0
97,1.0,0.0,1.281,1.0,3.0,6,120.2710562706921,121.4659076157466,pobre,basal,6,0.0,708.0,1.0,31.0,9,401,16820,3,1.0
98,1.0,0.0,1.281,,,6,120.2710562706921,121.4659076157466,pobre,basal,6,0.0,708.0,1.0,31.0,10,401,16820,3,1.0
97,0.0,0.0,1.281,1.0,2.0,6,120.2710562706921,121.4659076157466,pobre,basal,6,0.0,708.0,1.0,31.0,8,401,16821,2,1.0
98,0.0,0.0,1.281,,,6,120.2710562706921,121.4659076157466,pobre,basal,6,0.0,708.0,1.0,31.0,9,401,16821,2,1.0
97,0.0,0.0,1.281,1.0,1.0,6,120.2710562706921,121.4659076157466,pobre,basal,6,0.0,708.0,1.0,31.0,6,401,16822,1,1.0
98,0.0,0.0,1.281,,,6,120.2710562706921,121.4659076157466,pobre,basal,6,0.0,708.0,1.0,31.0,7,401,16822,1,1.0
97,1.0,0.0,1.281,,0.0,9,120.2710562706921,121.4659076157466,pobre,basal,0,3750.0,745.14099,1.0,38.0,16,401,16823,0,
98,1.0,0.0,1.281,,,9,120.2710562706921,121.4659076157466,pobre,basal,0,3750.0,745.14099,1.0,38.0,17,401,16823,0,
97,0.0,0.0,1.281,1.0,5.0,9,120.2710562706921,121.4659076157466,pobre,basal,0,3750.0,745.14099,1.0,38.0,14,401,16824,5,1.0
98,0.0,0.0,1.281,0.0,6.0,9,120.2710562706921,121.4659076157466,pobre,basal,0,3750.0,745.14099,1.0,38.0,15,401,16824,5,1.0
97,1.0,0.0,1.281,1.0,4.0,9,120.2710562706921,121.4659076157466,pobre,basal,0,3750.0,745.14099,1.0,38.0,12,401,16825,4,1.0
98,1.0,0.0,1.281,1.0,5.0,9,120.2710562706921,121.4659076157466,pobre,basal,0,3750.0,745.14099,1.0,38.0,13,401,16825,4,1.0
97,1.0,0.0,1.281,1.0,3.0,9,120.2710562706921,121.4659076157466,pobre,basal,0,3750.0,745.14099,1.0,38.0,10,401,16826,3,1.0
98,1.0,0.0,1.281,1.0,4.0,9,120.2710562706921,121.4659076157466,pobre,basal,0,3750.0,745.14099,1.0,38.0,11,401,16826,3,1.0
97,0.0,0.0,1.281,1.0,3.0,9,120.2710562706921,121.4659076157466,pobre,basal,0,3750.0,745.14099,1.0,38.0,9,401,16827,3,1.0
98,0.0,0.0,1.281,1.0,4.0,9,120.2710562706921,121.4659076157466,pobre,basal,0,3750.0,745.14099,1.0,38.0,10,401,16827,3,1.0
97,0.0,1.0,1.281,1.0,1.0,9,120.2710562706921,121.4659076157466,pobre,basal,0,3750.0,745.14099,1.0,38.0,7,401,16828,1,1.0
98,0.0,1.0,1.281,1.0,2.0,9,120.2710562706921,121.4659076157466,pobre,basal,0,3750.0,745.14099,1.0,38.0,8,401,16828,1,1.0
97,0.0,0.0,1.281,1.0,4.0,5,120.2710562706921,121.4659076157466,pobre,basal,5,1500.0,747.64099,1.0,29.0,10,401,16829,4,1.0
98,0.0,0.0,1.281,1.0,5.0,5,120.2710562706921,121.4659076157466,pobre,basal,5,1500.0,747.64099,1.0,29.0,11,401,16829,4,1.0
97,0.0,0.0,1.281,1.0,2.0,5,120.2710562706921,121.4659076157466,pobre,basal,5,1500.0,747.64099,1.0,29.0,7,401,16830,2,1.0
98,0.0,0.0,1.281,1.0,1.0,5,120.2710562706921,121.4659076157466,pobre,basal,5,1500.0,747.64099,1.0,29.0,8,401,16830,2,1.0
97,0.0,0.0,1.281,0.0,6.0,8,120.2710562706921,121.4659076157466,no pobre,basal,0,7500.0,887.0,0.0,44.0,15,401,16831,6,0.0
98,0.0,0.0,1.281,0.0,6.0,8,120.2710562706921,121.4659076157466,no pobre,basal,0,7500.0,887.0,0.0,44.0,16,401,16831,6,0.0
97,1.0,0.0,1.281,1.0,4.0,8,120.2710562706921,121.4659076157466,no pobre,basal,0,7500.0,887.0,0.0,44.0,11,401,16832,4,1.0
98,1.0,0.0,1.281,1.0,5.0,8,120.2710562706921,121.4659076157466,no pobre,basal,0,7500.0,887.0,0.0,44.0,12,401,16832,4,1.0
97,0.0,0.0,1.281,1.0,2.0,8,120.2710562706921,121.4659076157466,no pobre,basal,0,7500.0,887.0,0.0,44.0,8,401,16833,2,1.0
98,0.0,0.0,1.281,1.0,3.0,8,120.2710562706921,121.4659076157466,no pobre,basal,0,7500.0,887.0,0.0,44.0,9,401,16833,2,1.0
97,1.0,0.0,1.692,1.0,5.0,4,114.941189704101,133.0895886736408,pobre,0,0,625.0,644.0,1.0,57.0,11,400,16834,5,1.0
98,1.0,0.0,1.692,0.0,6.0,4,114.941189704101,133.0895886736408,pobre,0,0,625.0,644.0,1.0,57.0,12,400,16834,5,1.0
97,1.0,0.0,1.692,1.0,4.0,4,114.941189704101,133.0895886736408,pobre,0,0,625.0,644.0,1.0,57.0,9,400,16835,4,1.0
98,1.0,0.0,1.692,1.0,5.0,4,114.941189704101,133.0895886736408,pobre,0,0,625.0,644.0,1.0,57.0,10,400,16835,4,1.0
97,0.0,0.0,1.692,0.0,2.0,7,114.941189704101,133.0895886736408,pobre,0,0,750.0,533.5,0.0,37.0,14,400,16836,2,0.0
98,0.0,0.0,1.692,,,7,114.941189704101,133.0895886736408,pobre,0,0,750.0,533.5,0.0,37.0,15,400,16836,2,0.0
97,0.0,0.0,1.692,1.0,2.0,7,114.941189704101,133.0895886736408,pobre,0,0,750.0,533.5,0.0,37.0,13,400,16837,2,1.0
98,0.0,0.0,1.692,0.0,5.0,7,114.941189704101,133.0895886736408,pobre,0,0,750.0,533.5,0.0,37.0,14,400,16837,2,1.0
97,1.0,0.0,1.692,1.0,3.0,7,114.941189704101,133.0895886736408,pobre,0,0,750.0,533.5,0.0,37.0,11,400,16838,3,1.0
98,1.0,0.0,1.692,1.0,5.0,7,114.941189704101,133.0895886736408,pobre,0,0,750.0,533.5,0.0,37.0,12,400,16838,3,1.0
97,1.0,0.0,1.692,1.0,2.0,7,114.941189704101,133.0895886736408,pobre,0,0,750.0,533.5,0.0,37.0,8,400,16839,2,1.0
98,1.0,0.0,1.692,1.0,1.0,7,114.941189704101,133.0895886736408,pobre,0,0,750.0,533.5,0.0,37.0,9,400,16839,2,1.0
97,0.0,0.0,1.692,1.0,3.0,7,114.941189704101,133.0895886736408,pobre,0,0,750.0,533.5,0.0,37.0,7,400,16840,3,1.0
98,0.0,0.0,1.692,1.0,1.0,7,114.941189704101,133.0895886736408,pobre,0,0,750.0,533.5,0.0,37.0,8,400,16840,3,1.0
97,0.0,0.0,1.692,1.0,3.0,4,114.941189704101,133.0895886736408,pobre,0,0,750.0,723.0,1.0,31.0,7,400,16841,3,1.0
98,0.0,0.0,1.692,1.0,3.0,4,114.941189704101,133.0895886736408,pobre,0,0,750.0,723.0,1.0,31.0,8,400,16841,3,1.0
97,0.0,0.0,1.692,0.0,9.0,6,114.941189704101,133.0895886736408,no pobre,0,3,0.0,976.0,1.0,51.0,14,400,16842,9,0.0
98,0.0,0.0,1.692,,,6,114.941189704101,133.0895886736408,no pobre,0,3,0.0,976.0,1.0,51.0,15,400,16842,9,0.0
97,0.0,0.0,1.692,1.0,3.0,5,114.941189704101,133.0895886736408,pobre,0,5,750.0,830.0,1.0,37.0,6,400,16843,3,1.0
98,0.0,0.0,1.692,1.0,1.0,5,114.941189704101,133.0895886736408,pobre,0,5,750.0,830.0,1.0,37.0,7,400,16843,3,1.0
97,1.0,0.0,1.551,1.0,8.0,5,108.1043119433601,129.8054572494576,pobre,0,2,625.0,784.0,1.0,59.0,13,402,16844,8,1.0
98,1.0,0.0,1.551,1.0,8.0,5,108.1043119433601,129.8054572494576,pobre,0,2,625.0,784.0,1.0,59.0,14,402,16844,8,1.0
97,0.0,0.0,1.551,0.0,6.0,2,108.1043119433601,129.8054572494576,pobre,0,9,625.0,852.0,1.0,19.0,15,402,16845,6,0.0
98,0.0,0.0,1.551,0.0,6.0,2,108.1043119433601,129.8054572494576,pobre,0,9,625.0,852.0,1.0,19.0,16,402,16845,6,0.0
97,1.0,0.0,1.551,0.0,4.0,9,108.1043119433601,129.8054572494576,pobre,0,0,625.0,765.25,1.0,50.0,16,402,16846,4,0.0
98,1.0,0.0,1.551,,,9,108.1043119433601,129.8054572494576,pobre,0,0,625.0,765.25,1.0,50.0,17,402,16846,4,0.0
97,0.0,0.0,1.551,1.0,5.0,9,108.1043119433601,129.8054572494576,pobre,0,0,625.0,765.25,1.0,50.0,13,402,16847,5,1.0
98,0.0,0.0,1.551,0.0,6.0,9,108.1043119433601,129.8054572494576,pobre,0,0,625.0,765.25,1.0,50.0,14,402,16847,5,1.0
97,0.0,0.0,1.551,1.0,3.0,9,108.1043119433601,129.8054572494576,pobre,0,0,625.0,765.25,1.0,50.0,10,402,16848,3,1.0
98,0.0,0.0,1.551,1.0,4.0,9,108.1043119433601,129.8054572494576,pobre,0,0,625.0,765.25,1.0,50.0,11,402,16848,3,1.0
97,0.0,0.0,1.551,1.0,2.0,9,108.1043119433601,129.8054572494576,pobre,0,0,625.0,765.25,1.0,50.0,9,402,16849,2,1.0
98,0.0,0.0,1.551,1.0,3.0,9,108.1043119433601,129.8054572494576,pobre,0,0,625.0,765.25,1.0,50.0,10,402,16849,2,1.0
97,0.0,0.0,1.551,1.0,1.0,9,108.1043119433601,129.8054572494576,pobre,0,0,625.0,765.25,1.0,50.0,6,402,16850,1,1.0
98,0.0,0.0,1.551,1.0,1.0,9,108.1043119433601,129.8054572494576,pobre,0,0,625.0,765.25,1.0,50.0,7,402,16850,1,1.0
97,1.0,0.0,1.551,1.0,2.0,4,108.1043119433601,129.8054572494576,no pobre,0,6,600.0,812.0,1.0,35.0,8,402,16851,2,1.0
98,1.0,0.0,1.551,1.0,3.0,4,108.1043119433601,129.8054572494576,no pobre,0,6,600.0,812.0,1.0,35.0,9,402,16851,2,1.0
97,1.0,0.0,1.692,0.0,6.0,6,114.941189704101,133.0895886736408,pobre,0,0,750.0,560.0,1.0,53.0,14,400,16852,6,0.0
98,1.0,0.0,1.692,,,6,114.941189704101,133.0895886736408,pobre,0,0,750.0,560.0,1.0,53.0,15,400,16852,6,0.0
97,1.0,0.0,1.692,1.0,2.0,6,114.941189704101,133.0895886736408,pobre,0,0,750.0,560.0,1.0,53.0,11,400,16853,2,1.0
98,1.0,0.0,1.692,1.0,6.0,6,114.941189704101,133.0895886736408,pobre,0,0,750.0,560.0,1.0,53.0,12,400,16853,2,1.0
97,0.0,0.0,1.692,0.0,3.0,6,114.941189704101,133.0895886736408,pobre,0,0,750.0,560.0,1.0,53.0,10,400,16854,3,0.0
98,0.0,0.0,1.692,1.0,4.0,6,114.941189704101,133.0895886736408,pobre,0,0,750.0,560.0,1.0,53.0,11,400,16854,3,0.0
97,1.0,0.0,1.692,1.0,1.0,6,114.941189704101,133.0895886736408,pobre,0,0,750.0,560.0,1.0,53.0,7,400,16855,1,1.0
98,1.0,0.0,1.692,1.0,2.0,6,114.941189704101,133.0895886736408,pobre,0,0,750.0,560.0,1.0,53.0,8,400,16855,1,1.0
97,0.0,0.0,1.692,0.0,6.0,8,114.941189704101,133.0895886736408,pobre,0,0,1200.0,805.0,1.0,42.0,15,400,16856,6,0.0
98,0.0,0.0,1.692,0.0,6.0,8,114.941189704101,133.0895886736408,pobre,0,0,1200.0,805.0,1.0,42.0,16,400,16856,6,0.0
97,0.0,0.0,1.692,1.0,5.0,8,114.941189704101,133.0895886736408,pobre,0,0,1200.0,805.0,1.0,42.0,13,400,16857,5,1.0
98,0.0,0.0,1.692,0.0,6.0,8,114.941189704101,133.0895886736408,pobre,0,0,1200.0,805.0,1.0,42.0,14,400,16857,5,1.0
97,0.0,0.0,1.692,1.0,2.0,8,114.941189704101,133.0895886736408,pobre,0,0,1200.0,805.0,1.0,42.0,10,400,16858,2,1.0
98,0.0,0.0,1.692,1.0,2.0,8,114.941189704101,133.0895886736408,pobre,0,0,1200.0,805.0,1.0,42.0,11,400,16858,2,1.0
97,0.0,0.0,1.692,1.0,2.0,6,114.941189704101,133.0895886736408,pobre,0,0,2000.0,529.14001,1.0,33.0,11,400,16859,2,1.0
98,0.0,0.0,1.692,1.0,5.0,6,114.941189704101,133.0895886736408,pobre,0,0,2000.0,529.14001,1.0,33.0,12,400,16859,2,1.0
97,1.0,0.0,1.692,1.0,1.0,6,114.941189704101,133.0895886736408,pobre,0,0,2000.0,529.14001,1.0,33.0,9,400,16860,1,1.0
98,1.0,0.0,1.692,1.0,2.0,6,114.941189704101,133.0895886736408,pobre,0,0,2000.0,529.14001,1.0,33.0,10,400,16860,1,1.0
97,0.0,0.0,1.692,1.0,1.0,6,114.941189704101,133.0895886736408,pobre,0,0,2000.0,529.14001,1.0,33.0,7,400,16861,1,1.0
98,0.0,0.0,1.692,1.0,2.0,6,114.941189704101,133.0895886736408,pobre,0,0,2000.0,529.14001,1.0,33.0,8,400,16861,1,1.0
97,0.0,0.0,1.692,0.0,6.0,8,114.941189704101,133.0895886736408,pobre,0,0,0.0,688.0,1.0,59.0,16,400,16862,6,0.0
98,0.0,0.0,1.692,,,8,114.941189704101,133.0895886736408,pobre,0,0,0.0,688.0,1.0,59.0,17,400,16862,6,0.0
97,0.0,0.0,1.692,1.0,7.0,8,114.941189704101,133.0895886736408,pobre,0,0,0.0,688.0,1.0,59.0,13,400,16863,7,1.0
98,0.0,0.0,1.692,1.0,8.0,8,114.941189704101,133.0895886736408,pobre,0,0,0.0,688.0,1.0,59.0,14,400,16863,7,1.0
97,1.0,1.0,1.308,,0.0,7,164.4642940505127,165.572195948472,pobre,basal,2,625.0,514.5,1.0,34.0,11,360,16864,0,
98,1.0,1.0,1.308,,,7,164.4642940505127,165.572195948472,pobre,basal,2,625.0,514.5,1.0,34.0,12,360,16864,0,
97,0.0,1.0,1.308,,0.0,7,164.4642940505127,165.572195948472,pobre,basal,2,625.0,514.5,1.0,34.0,10,360,16865,0,
98,0.0,1.0,1.308,,,7,164.4642940505127,165.572195948472,pobre,basal,2,625.0,514.5,1.0,34.0,11,360,16865,0,
97,1.0,1.0,1.308,,0.0,7,164.4642940505127,165.572195948472,pobre,basal,2,625.0,514.5,1.0,34.0,7,360,16866,0,
98,1.0,1.0,1.308,,,7,164.4642940505127,165.572195948472,pobre,basal,2,625.0,514.5,1.0,34.0,8,360,16866,0,
97,1.0,1.0,1.308,,0.0,5,164.4642940505127,165.572195948472,pobre,basal,0,625.0,543.0,1.0,38.0,8,360,16867,0,
98,1.0,1.0,1.308,,,5,164.4642940505127,165.572195948472,pobre,basal,0,625.0,543.0,1.0,38.0,9,360,16867,0,
97,1.0,0.0,1.308,1.0,6.0,8,164.4642940505127,165.572195948472,pobre,basal,0,625.0,645.0,1.0,50.0,14,360,16868,6,1.0
98,1.0,0.0,1.308,0.0,4.0,8,164.4642940505127,165.572195948472,pobre,basal,0,625.0,645.0,1.0,50.0,15,360,16868,6,1.0
97,0.0,0.0,1.308,1.0,6.0,8,164.4642940505127,165.572195948472,pobre,basal,0,625.0,645.0,1.0,50.0,12,360,16869,6,1.0
98,0.0,0.0,1.308,1.0,6.0,8,164.4642940505127,165.572195948472,pobre,basal,0,625.0,645.0,1.0,50.0,13,360,16869,6,1.0
97,0.0,0.0,1.308,1.0,2.0,8,164.4642940505127,165.572195948472,pobre,basal,0,625.0,645.0,1.0,50.0,10,360,16870,2,1.0
98,0.0,0.0,1.308,1.0,3.0,8,164.4642940505127,165.572195948472,pobre,basal,0,625.0,645.0,1.0,50.0,11,360,16870,2,1.0
97,1.0,0.0,1.308,1.0,2.0,8,164.4642940505127,165.572195948472,pobre,basal,0,625.0,645.0,1.0,50.0,8,360,16871,2,1.0
98,1.0,0.0,1.308,1.0,1.0,8,164.4642940505127,165.572195948472,pobre,basal,0,625.0,645.0,1.0,50.0,9,360,16871,2,1.0
97,0.0,1.0,1.308,1.0,3.0,8,164.4642940505127,165.572195948472,pobre,basal,0,750.0,538.0,1.0,29.0,8,360,16872,3,1.0
98,0.0,1.0,1.308,1.0,3.0,8,164.4642940505127,165.572195948472,pobre,basal,0,750.0,538.0,1.0,29.0,9,360,16872,3,1.0
97,1.0,1.0,1.308,1.0,0.0,8,164.4642940505127,165.572195948472,pobre,basal,0,750.0,538.0,1.0,29.0,6,360,16873,0,1.0
98,1.0,1.0,1.308,1.0,1.0,8,164.4642940505127,165.572195948472,pobre,basal,0,750.0,538.0,1.0,29.0,7,360,16873,0,1.0
97,1.0,0.0,1.308,1.0,3.0,7,164.4642940505127,165.572195948472,pobre,basal,0,750.0,444.0,1.0,30.0,10,360,16874,3,1.0
98,1.0,0.0,1.308,1.0,4.0,7,164.4642940505127,165.572195948472,pobre,basal,0,750.0,444.0,1.0,30.0,11,360,16874,3,1.0
97,1.0,0.0,1.308,0.0,2.0,7,164.4642940505127,165.572195948472,pobre,basal,0,750.0,444.0,1.0,30.0,7,360,16875,2,0.0
98,1.0,0.0,1.308,1.0,2.0,7,164.4642940505127,165.572195948472,pobre,basal,0,750.0,444.0,1.0,30.0,8,360,16875,2,0.0
97,1.0,0.0,4.3509998,0.0,6.0,4,156.2881228509076,168.9932054461552,pobre,basal,2,750.0,592.0,1.0,29.0,14,363,16876,6,0.0
98,1.0,0.0,4.3509998,0.0,6.0,4,156.2881228509076,168.9932054461552,pobre,basal,2,750.0,592.0,1.0,29.0,15,363,16876,6,0.0
97,1.0,0.0,4.3509998,0.0,6.0,3,156.2881228509076,168.9932054461552,pobre,basal,0,0.0,629.5,0.0,50.0,14,363,16877,6,0.0
98,1.0,0.0,4.3509998,,,3,156.2881228509076,168.9932054461552,pobre,basal,0,0.0,629.5,0.0,50.0,15,363,16877,6,0.0
97,1.0,0.0,1.308,0.0,6.0,4,164.4642940505127,165.572195948472,pobre,basal,3,33.333332,734.0,1.0,72.0,16,360,16878,6,0.0
98,1.0,0.0,1.308,1.0,6.0,4,164.4642940505127,165.572195948472,pobre,basal,3,33.333332,734.0,1.0,72.0,17,360,16878,6,0.0
97,1.0,1.0,1.308,0.0,6.0,7,164.4642940505127,165.572195948472,pobre,basal,0,750.0,578.0,1.0,45.0,15,360,16879,6,0.0
98,1.0,1.0,1.308,0.0,6.0,7,164.4642940505127,165.572195948472,pobre,basal,0,750.0,578.0,1.0,45.0,16,360,16879,6,0.0
97,1.0,1.0,1.308,1.0,3.0,7,164.4642940505127,165.572195948472,pobre,basal,0,750.0,578.0,1.0,45.0,10,360,16880,3,1.0
98,1.0,1.0,1.308,1.0,3.0,7,164.4642940505127,165.572195948472,pobre,basal,0,750.0,578.0,1.0,45.0,11,360,16880,3,1.0
97,1.0,1.0,1.308,1.0,1.0,7,164.4642940505127,165.572195948472,pobre,basal,0,750.0,578.0,1.0,45.0,6,360,16881,1,1.0
98,1.0,1.0,1.308,1.0,0.0,7,164.4642940505127,165.572195948472,pobre,basal,0,750.0,578.0,1.0,45.0,7,360,16881,1,1.0
97,1.0,1.0,1.308,0.0,3.0,13,164.4642940505127,165.572195948472,pobre,basal,6,750.0,625.20001,1.0,49.0,16,360,16882,3,0.0
98,1.0,1.0,1.308,,,13,164.4642940505127,165.572195948472,pobre,basal,6,750.0,625.20001,1.0,49.0,17,360,16882,3,0.0
97,0.0,1.0,1.308,0.0,5.0,13,164.4642940505127,165.572195948472,pobre,basal,6,750.0,625.20001,1.0,49.0,12,360,16883,5,0.0
98,0.0,1.0,1.308,0.0,5.0,13,164.4642940505127,165.572195948472,pobre,basal,6,750.0,625.20001,1.0,49.0,13,360,16883,5,0.0
97,1.0,1.0,1.308,1.0,1.0,13,164.4642940505127,165.572195948472,pobre,basal,6,750.0,625.20001,1.0,49.0,8,360,16884,1,1.0
98,1.0,1.0,1.308,1.0,2.0,13,164.4642940505127,165.572195948472,pobre,basal,6,750.0,625.20001,1.0,49.0,9,360,16884,1,1.0
97,1.0,1.0,1.308,1.0,1.0,13,164.4642940505127,165.572195948472,pobre,basal,6,750.0,625.20001,1.0,49.0,6,360,16885,1,1.0
98,1.0,1.0,1.308,1.0,1.0,13,164.4642940505127,165.572195948472,pobre,basal,6,750.0,625.20001,1.0,49.0,7,360,16885,1,1.0
97,1.0,0.0,1.308,1.0,1.0,13,164.4642940505127,165.572195948472,pobre,basal,6,750.0,625.20001,1.0,49.0,8,360,16886,1,1.0
98,1.0,0.0,1.308,1.0,2.0,13,164.4642940505127,165.572195948472,pobre,basal,6,750.0,625.20001,1.0,49.0,9,360,16886,1,1.0
97,1.0,1.0,1.308,1.0,1.0,13,164.4642940505127,165.572195948472,pobre,basal,6,750.0,625.20001,1.0,49.0,6,360,16887,1,1.0
98,1.0,1.0,1.308,1.0,1.0,13,164.4642940505127,165.572195948472,pobre,basal,6,750.0,625.20001,1.0,49.0,7,360,16887,1,1.0
97,0.0,1.0,1.308,0.0,6.0,13,164.4642940505127,165.572195948472,pobre,basal,6,750.0,625.20001,1.0,49.0,15,360,16888,6,0.0
98,0.0,1.0,1.308,0.0,6.0,13,164.4642940505127,165.572195948472,pobre,basal,6,750.0,625.20001,1.0,49.0,16,360,16888,6,0.0
97,0.0,1.0,3.76,1.0,0.0,6,153.6393818242109,179.6701862219755,pobre,basal,1,625.0,618.0,1.0,33.0,8,362,16889,0,1.0
98,0.0,1.0,3.76,1.0,1.0,6,153.6393818242109,179.6701862219755,pobre,basal,1,625.0,618.0,1.0,33.0,9,362,16889,0,1.0
97,1.0,1.0,0.0,1.0,0.0,5,163.841865005557,163.841865005557,pobre,basal,2,625.0,657.0,1.0,33.0,7,4,16890,0,1.0
98,1.0,1.0,0.0,1.0,1.0,5,163.841865005557,163.841865005557,pobre,basal,2,625.0,657.0,1.0,33.0,8,4,16890,0,1.0
97,1.0,1.0,0.0,1.0,5.0,6,163.841865005557,163.841865005557,pobre,basal,0,500.0,706.0,1.0,35.0,14,4,16891,5,1.0
98,1.0,1.0,0.0,1.0,5.0,6,163.841865005557,163.841865005557,pobre,basal,0,500.0,706.0,1.0,35.0,15,4,16891,5,1.0
97,0.0,1.0,0.0,1.0,5.0,6,163.841865005557,163.841865005557,pobre,basal,0,500.0,706.0,1.0,35.0,12,4,16892,5,1.0
98,0.0,1.0,0.0,1.0,5.0,6,163.841865005557,163.841865005557,pobre,basal,0,500.0,706.0,1.0,35.0,13,4,16892,5,1.0
97,1.0,1.0,0.0,1.0,0.0,6,163.841865005557,163.841865005557,pobre,basal,0,500.0,706.0,1.0,35.0,7,4,16893,0,1.0
98,1.0,1.0,0.0,1.0,1.0,6,163.841865005557,163.841865005557,pobre,basal,0,500.0,706.0,1.0,35.0,8,4,16893,0,1.0
97,1.0,1.0,0.0,1.0,2.0,5,163.841865005557,163.841865005557,pobre,basal,6,0.0,702.0,1.0,27.0,10,4,16894,2,1.0
98,1.0,1.0,0.0,1.0,3.0,5,163.841865005557,163.841865005557,pobre,basal,6,0.0,702.0,1.0,27.0,11,4,16894,2,1.0
97,0.0,1.0,0.0,1.0,0.0,5,163.841865005557,163.841865005557,pobre,basal,6,0.0,702.0,1.0,27.0,6,4,16895,0,1.0
98,0.0,1.0,0.0,1.0,0.0,5,163.841865005557,163.841865005557,pobre,basal,6,0.0,702.0,1.0,27.0,7,4,16895,0,1.0
97,1.0,1.0,0.0,1.0,5.0,12,163.841865005557,163.841865005557,pobre,basal,0,0.0,694.5,1.0,50.0,16,4,16896,5,1.0
98,1.0,1.0,0.0,0.0,5.0,12,163.841865005557,163.841865005557,pobre,basal,0,0.0,694.5,1.0,50.0,17,4,16896,5,1.0
97,0.0,1.0,0.0,1.0,4.0,12,163.841865005557,163.841865005557,pobre,basal,0,0.0,694.5,1.0,50.0,13,4,16897,4,1.0
98,0.0,1.0,0.0,0.0,5.0,12,163.841865005557,163.841865005557,pobre,basal,0,0.0,694.5,1.0,50.0,14,4,16897,4,1.0
97,0.0,1.0,0.0,1.0,3.0,12,163.841865005557,163.841865005557,pobre,basal,0,0.0,694.5,1.0,50.0,10,4,16898,3,1.0
98,0.0,1.0,0.0,1.0,4.0,12,163.841865005557,163.841865005557,pobre,basal,0,0.0,694.5,1.0,50.0,11,4,16898,3,1.0
97,1.0,1.0,0.0,1.0,0.0,12,163.841865005557,163.841865005557,pobre,basal,0,0.0,694.5,1.0,50.0,6,4,16899,0,1.0
98,1.0,1.0,0.0,1.0,1.0,12,163.841865005557,163.841865005557,pobre,basal,0,0.0,694.5,1.0,50.0,7,4,16899,0,1.0
97,0.0,1.0,0.0,1.0,7.0,9,163.841865005557,163.841865005557,pobre,basal,0,0.0,745.40002,1.0,45.0,15,4,16900,7,1.0
98,0.0,1.0,0.0,1.0,8.0,9,163.841865005557,163.841865005557,pobre,basal,0,0.0,745.40002,1.0,45.0,16,4,16900,7,1.0
97,1.0,1.0,0.0,1.0,3.0,9,163.841865005557,163.841865005557,pobre,basal,0,0.0,745.40002,1.0,45.0,13,4,16901,3,1.0
98,1.0,1.0,0.0,1.0,4.0,9,163.841865005557,163.841865005557,pobre,basal,0,0.0,745.40002,1.0,45.0,14,4,16901,3,1.0
97,1.0,1.0,0.0,1.0,1.0,9,163.841865005557,163.841865005557,pobre,basal,0,0.0,745.40002,1.0,45.0,9,4,16902,1,1.0
98,1.0,1.0,0.0,1.0,2.0,9,163.841865005557,163.841865005557,pobre,basal,0,0.0,745.40002,1.0,45.0,10,4,16902,1,1.0
97,0.0,1.0,0.0,1.0,0.0,9,163.841865005557,163.841865005557,pobre,basal,0,0.0,745.40002,1.0,45.0,7,4,16903,0,1.0
98,0.0,1.0,0.0,1.0,1.0,9,163.841865005557,163.841865005557,pobre,basal,0,0.0,745.40002,1.0,45.0,8,4,16903,0,1.0
97,0.0,1.0,0.0,0.0,6.0,8,163.841865005557,163.841865005557,pobre,basal,0,0.0,750.0,1.0,70.0,16,4,16904,6,0.0
98,0.0,1.0,0.0,0.0,6.0,8,163.841865005557,163.841865005557,pobre,basal,0,0.0,750.0,1.0,70.0,17,4,16904,6,0.0
97,1.0,1.0,0.0,1.0,0.0,8,163.841865005557,163.841865005557,pobre,basal,0,0.0,750.0,1.0,70.0,7,4,16905,0,1.0
98,1.0,1.0,0.0,1.0,1.0,8,163.841865005557,163.841865005557,pobre,basal,0,0.0,750.0,1.0,70.0,8,4,16905,0,1.0
97,1.0,1.0,0.0,0.0,2.0,8,163.841865005557,163.841865005557,pobre,basal,0,0.0,732.0,1.0,50.0,14,4,16906,2,0.0
98,1.0,1.0,0.0,0.0,6.0,8,163.841865005557,163.841865005557,pobre,basal,0,0.0,732.0,1.0,50.0,15,4,16906,2,0.0
97,0.0,1.0,0.0,1.0,6.0,7,163.841865005557,163.841865005557,pobre,basal,0,0.0,645.0,1.0,33.0,13,4,16907,6,1.0
98,0.0,1.0,0.0,1.0,7.0,7,163.841865005557,163.841865005557,pobre,basal,0,0.0,645.0,1.0,33.0,14,4,16907,6,1.0
97,0.0,1.0,0.0,1.0,5.0,7,163.841865005557,163.841865005557,pobre,basal,0,0.0,645.0,1.0,33.0,11,4,16908,5,1.0
98,0.0,1.0,0.0,1.0,6.0,7,163.841865005557,163.841865005557,pobre,basal,0,0.0,645.0,1.0,33.0,12,4,16908,5,1.0
97,1.0,1.0,0.0,1.0,2.0,7,163.841865005557,163.841865005557,pobre,basal,0,0.0,645.0,1.0,33.0,8,4,16909,2,1.0
98,1.0,1.0,0.0,1.0,3.0,7,163.841865005557,163.841865005557,pobre,basal,0,0.0,645.0,1.0,33.0,9,4,16909,2,1.0
97,0.0,1.0,0.0,1.0,0.0,7,163.841865005557,163.841865005557,pobre,basal,0,0.0,645.0,1.0,33.0,6,4,16910,0,1.0
98,0.0,1.0,0.0,1.0,1.0,7,163.841865005557,163.841865005557,pobre,basal,0,0.0,645.0,1.0,33.0,7,4,16910,0,1.0
97,0.0,1.0,0.0,1.0,4.0,9,163.841865005557,163.841865005557,pobre,basal,0,0.0,661.5,1.0,34.0,14,4,16911,4,1.0
98,0.0,1.0,0.0,,,9,163.841865005557,163.841865005557,pobre,basal,0,0.0,661.5,1.0,34.0,15,4,16911,4,1.0
97,1.0,1.0,0.0,1.0,3.0,9,163.841865005557,163.841865005557,pobre,basal,0,0.0,661.5,1.0,34.0,13,4,16912,3,1.0
98,1.0,1.0,0.0,0.0,2.0,9,163.841865005557,163.841865005557,pobre,basal,0,0.0,661.5,1.0,34.0,14,4,16912,3,1.0
97,1.0,1.0,0.0,1.0,2.0,9,163.841865005557,163.841865005557,pobre,basal,0,0.0,661.5,1.0,34.0,10,4,16913,2,1.0
98,1.0,1.0,0.0,0.0,2.0,9,163.841865005557,163.841865005557,pobre,basal,0,0.0,661.5,1.0,34.0,11,4,16913,2,1.0
97,0.0,1.0,0.0,1.0,1.0,9,163.841865005557,163.841865005557,pobre,basal,0,0.0,661.5,1.0,34.0,8,4,16914,1,1.0
98,0.0,1.0,0.0,,,9,163.841865005557,163.841865005557,pobre,basal,0,0.0,661.5,1.0,34.0,9,4,16914,1,1.0
97,1.0,1.0,0.0,1.0,6.0,5,163.841865005557,163.841865005557,pobre,basal,4,0.0,682.0,1.0,28.0,12,4,16915,6,1.0
98,1.0,1.0,0.0,,,5,163.841865005557,163.841865005557,pobre,basal,4,0.0,682.0,1.0,28.0,13,4,16915,6,1.0
97,0.0,1.0,0.0,1.0,2.0,5,163.841865005557,163.841865005557,pobre,basal,4,0.0,682.0,1.0,28.0,10,4,16916,2,1.0
98,0.0,1.0,0.0,,,5,163.841865005557,163.841865005557,pobre,basal,4,0.0,682.0,1.0,28.0,11,4,16916,2,1.0
97,0.0,1.0,0.0,1.0,5.0,6,163.841865005557,163.841865005557,pobre,basal,0,0.0,654.0,1.0,35.0,12,4,16917,5,1.0
98,0.0,1.0,0.0,1.0,6.0,6,163.841865005557,163.841865005557,pobre,basal,0,0.0,654.0,1.0,35.0,13,4,16917,5,1.0
97,1.0,1.0,0.0,1.0,1.0,6,163.841865005557,163.841865005557,pobre,basal,0,0.0,654.0,1.0,35.0,9,4,16918,1,1.0
98,1.0,1.0,0.0,1.0,1.0,6,163.841865005557,163.841865005557,pobre,basal,0,0.0,654.0,1.0,35.0,10,4,16918,1,1.0
97,1.0,1.0,0.0,1.0,1.0,6,163.841865005557,163.841865005557,pobre,basal,0,0.0,654.0,1.0,35.0,9,4,16919,1,1.0
98,1.0,1.0,0.0,1.0,1.0,6,163.841865005557,163.841865005557,pobre,basal,0,0.0,654.0,1.0,35.0,10,4,16919,1,1.0
97,1.0,1.0,0.0,1.0,3.0,6,163.841865005557,163.841865005557,pobre,basal,0,0.0,733.0,1.0,56.0,14,4,16920,3,1.0
98,1.0,1.0,0.0,0.0,4.0,6,163.841865005557,163.841865005557,pobre,basal,0,0.0,733.0,1.0,56.0,15,4,16920,3,1.0
97,1.0,1.0,0.0,1.0,2.0,6,163.841865005557,163.841865005557,pobre,basal,0,0.0,733.0,1.0,56.0,12,4,16921,2,1.0
98,1.0,1.0,0.0,1.0,2.0,6,163.841865005557,163.841865005557,pobre,basal,0,0.0,733.0,1.0,56.0,13,4,16921,2,1.0
97,0.0,1.0,0.0,1.0,3.0,7,163.841865005557,163.841865005557,pobre,basal,2,0.0,704.5,1.0,31.0,13,4,16922,3,1.0
98,0.0,1.0,0.0,1.0,4.0,7,163.841865005557,163.841865005557,pobre,basal,2,0.0,704.5,1.0,31.0,14,4,16922,3,1.0
97,1.0,1.0,0.0,1.0,1.0,7,163.841865005557,163.841865005557,pobre,basal,2,0.0,704.5,1.0,31.0,10,4,16923,1,1.0
98,1.0,1.0,0.0,1.0,1.0,7,163.841865005557,163.841865005557,pobre,basal,2,0.0,704.5,1.0,31.0,11,4,16923,1,1.0
97,1.0,1.0,0.0,1.0,0.0,7,163.841865005557,163.841865005557,pobre,basal,2,0.0,704.5,1.0,31.0,7,4,16924,0,1.0
98,1.0,1.0,0.0,1.0,1.0,7,163.841865005557,163.841865005557,pobre,basal,2,0.0,704.5,1.0,31.0,8,4,16924,0,1.0
97,1.0,1.0,0.0,1.0,3.0,6,163.841865005557,163.841865005557,no pobre,basal,2,0.0,781.0,1.0,26.0,9,4,16925,3,1.0
98,1.0,1.0,0.0,1.0,3.0,6,163.841865005557,163.841865005557,no pobre,basal,2,0.0,781.0,1.0,26.0,10,4,16925,3,1.0
97,1.0,1.0,0.0,1.0,5.0,5,163.841865005557,163.841865005557,pobre,basal,0,0.0,760.5,1.0,37.0,13,4,16926,5,1.0
98,1.0,1.0,0.0,1.0,6.0,5,163.841865005557,163.841865005557,pobre,basal,0,0.0,760.5,1.0,37.0,14,4,16926,5,1.0
97,0.0,1.0,0.0,1.0,1.0,5,163.841865005557,163.841865005557,pobre,basal,0,0.0,760.5,1.0,37.0,8,4,16927,1,1.0
98,0.0,1.0,0.0,1.0,2.0,5,163.841865005557,163.841865005557,pobre,basal,0,0.0,760.5,1.0,37.0,9,4,16927,1,1.0
97,0.0,1.0,0.0,0.0,2.0,5,163.841865005557,163.841865005557,pobre,basal,0,0.0,671.0,0.0,28.0,11,4,16928,2,0.0
98,0.0,1.0,0.0,,,5,163.841865005557,163.841865005557,pobre,basal,0,0.0,671.0,0.0,28.0,12,4,16928,2,0.0
97,1.0,1.0,0.0,,0.0,5,163.841865005557,163.841865005557,pobre,basal,0,0.0,671.0,0.0,28.0,9,4,16929,0,
98,1.0,1.0,0.0,,,5,163.841865005557,163.841865005557,pobre,basal,0,0.0,671.0,0.0,28.0,10,4,16929,0,
97,0.0,1.0,0.0,1.0,2.0,6,163.841865005557,163.841865005557,pobre,basal,1,0.0,717.0,1.0,27.0,11,4,16930,2,1.0
98,0.0,1.0,0.0,1.0,3.0,6,163.841865005557,163.841865005557,pobre,basal,1,0.0,717.0,1.0,27.0,12,4,16930,2,1.0
97,1.0,1.0,0.0,1.0,1.0,6,163.841865005557,163.841865005557,pobre,basal,1,0.0,717.0,1.0,27.0,9,4,16931,1,1.0
98,1.0,1.0,0.0,1.0,2.0,6,163.841865005557,163.841865005557,pobre,basal,1,0.0,717.0,1.0,27.0,10,4,16931,1,1.0
97,1.0,1.0,0.0,1.0,7.0,9,163.841865005557,163.841865005557,pobre,basal,0,0.0,772.75,1.0,52.0,16,4,16932,7,1.0
98,1.0,1.0,0.0,,,9,163.841865005557,163.841865005557,pobre,basal,0,0.0,772.75,1.0,52.0,17,4,16932,7,1.0
97,0.0,1.0,0.0,1.0,6.0,8,163.841865005557,163.841865005557,pobre,basal,6,500.0,678.0,1.0,33.0,14,4,16933,6,1.0
98,0.0,1.0,0.0,1.0,7.0,8,163.841865005557,163.841865005557,pobre,basal,6,500.0,678.0,1.0,33.0,15,4,16933,6,1.0
97,0.0,1.0,0.0,1.0,3.0,8,163.841865005557,163.841865005557,pobre,basal,6,500.0,678.0,1.0,33.0,12,4,16934,3,1.0
98,0.0,1.0,0.0,1.0,3.0,8,163.841865005557,163.841865005557,pobre,basal,6,500.0,678.0,1.0,33.0,13,4,16934,3,1.0
97,0.0,1.0,0.0,1.0,2.0,8,163.841865005557,163.841865005557,pobre,basal,6,500.0,678.0,1.0,33.0,7,4,16935,2,1.0
98,0.0,1.0,0.0,1.0,1.0,8,163.841865005557,163.841865005557,pobre,basal,6,500.0,678.0,1.0,33.0,8,4,16935,2,1.0
97,1.0,1.0,0.0,1.0,3.0,8,163.841865005557,163.841865005557,pobre,basal,4,625.0,647.0,1.0,34.0,11,4,16936,3,1.0
98,1.0,1.0,0.0,,,8,163.841865005557,163.841865005557,pobre,basal,4,625.0,647.0,1.0,34.0,12,4,16936,3,1.0
97,1.0,1.0,0.0,1.0,3.0,8,163.841865005557,163.841865005557,pobre,basal,4,625.0,647.0,1.0,34.0,10,4,16937,3,1.0
98,1.0,1.0,0.0,,,8,163.841865005557,163.841865005557,pobre,basal,4,625.0,647.0,1.0,34.0,11,4,16937,3,1.0
97,0.0,1.0,0.0,1.0,1.0,8,163.841865005557,163.841865005557,pobre,basal,4,625.0,647.0,1.0,34.0,7,4,16938,1,1.0
98,0.0,1.0,0.0,,,8,163.841865005557,163.841865005557,pobre,basal,4,625.0,647.0,1.0,34.0,8,4,16938,1,1.0
97,0.0,1.0,0.0,,0.0,8,163.841865005557,163.841865005557,pobre,basal,4,625.0,647.0,1.0,34.0,6,4,16939,0,
98,0.0,1.0,0.0,,,8,163.841865005557,163.841865005557,pobre,basal,4,625.0,647.0,1.0,34.0,7,4,16939,0,
97,0.0,1.0,0.0,,0.0,8,163.841865005557,163.841865005557,pobre,basal,0,500.0,732.0,1.0,42.0,13,4,16940,0,
98,0.0,1.0,0.0,1.0,1.0,8,163.841865005557,163.841865005557,pobre,basal,0,500.0,732.0,1.0,42.0,14,4,16940,0,
97,1.0,1.0,0.0,1.0,2.0,8,163.841865005557,163.841865005557,pobre,basal,0,500.0,732.0,1.0,42.0,9,4,16941,2,1.0
98,1.0,1.0,0.0,1.0,2.0,8,163.841865005557,163.841865005557,pobre,basal,0,500.0,732.0,1.0,42.0,10,4,16941,2,1.0
97,1.0,1.0,0.0,1.0,0.0,8,163.841865005557,163.841865005557,pobre,basal,0,500.0,732.0,1.0,42.0,7,4,16942,0,1.0
98,1.0,1.0,0.0,,,8,163.841865005557,163.841865005557,pobre,basal,0,500.0,732.0,1.0,42.0,8,4,16942,0,1.0
97,0.0,1.0,0.0,1.0,4.0,7,163.841865005557,163.841865005557,pobre,basal,4,500.0,656.5,1.0,32.0,10,4,16943,4,1.0
98,0.0,1.0,0.0,1.0,5.0,7,163.841865005557,163.841865005557,pobre,basal,4,500.0,656.5,1.0,32.0,11,4,16943,4,1.0
97,1.0,1.0,0.0,1.0,4.0,7,163.841865005557,163.841865005557,pobre,basal,4,500.0,656.5,1.0,32.0,9,4,16944,4,1.0
98,1.0,1.0,0.0,1.0,4.0,7,163.841865005557,163.841865005557,pobre,basal,4,500.0,656.5,1.0,32.0,10,4,16944,4,1.0
97,1.0,1.0,0.0,1.0,8.0,8,163.841865005557,163.841865005557,pobre,basal,0,0.0,673.0,1.0,37.0,15,4,16945,8,1.0
98,1.0,1.0,0.0,0.0,7.0,8,163.841865005557,163.841865005557,pobre,basal,0,0.0,673.0,1.0,37.0,16,4,16945,8,1.0
97,0.0,1.0,0.0,1.0,4.0,8,163.841865005557,163.841865005557,pobre,basal,0,0.0,673.0,1.0,37.0,14,4,16946,4,1.0
98,0.0,1.0,0.0,1.0,5.0,8,163.841865005557,163.841865005557,pobre,basal,0,0.0,673.0,1.0,37.0,15,4,16946,4,1.0
97,1.0,1.0,0.0,1.0,6.0,8,163.841865005557,163.841865005557,pobre,basal,0,0.0,673.0,1.0,37.0,12,4,16947,6,1.0
98,1.0,1.0,0.0,1.0,6.0,8,163.841865005557,163.841865005557,pobre,basal,0,0.0,673.0,1.0,37.0,13,4,16947,6,1.0
97,0.0,1.0,0.0,1.0,1.0,8,163.841865005557,163.841865005557,pobre,basal,0,0.0,673.0,1.0,37.0,8,4,16948,1,1.0
98,0.0,1.0,0.0,1.0,2.0,8,163.841865005557,163.841865005557,pobre,basal,0,0.0,673.0,1.0,37.0,9,4,16948,1,1.0
97,1.0,1.0,0.0,0.0,6.0,8,163.841865005557,163.841865005557,pobre,basal,0,0.0,708.0,0.0,31.0,16,4,16949,6,0.0
98,1.0,1.0,0.0,,,8,163.841865005557,163.841865005557,pobre,basal,0,0.0,708.0,0.0,31.0,17,4,16949,6,0.0
97,0.0,1.0,0.0,1.0,8.0,8,163.841865005557,163.841865005557,pobre,basal,0,0.0,708.0,0.0,31.0,14,4,16950,8,1.0
98,0.0,1.0,0.0,1.0,8.0,8,163.841865005557,163.841865005557,pobre,basal,0,0.0,708.0,0.0,31.0,15,4,16950,8,1.0
97,0.0,1.0,0.0,1.0,7.0,8,163.841865005557,163.841865005557,pobre,basal,0,0.0,708.0,0.0,31.0,13,4,16951,7,1.0
98,0.0,1.0,0.0,1.0,7.0,8,163.841865005557,163.841865005557,pobre,basal,0,0.0,708.0,0.0,31.0,14,4,16951,7,1.0
97,0.0,1.0,0.0,1.0,4.0,8,163.841865005557,163.841865005557,pobre,basal,0,0.0,708.0,0.0,31.0,10,4,16952,4,1.0
98,0.0,1.0,0.0,1.0,4.0,8,163.841865005557,163.841865005557,pobre,basal,0,0.0,708.0,0.0,31.0,11,4,16952,4,1.0
97,0.0,1.0,0.0,1.0,2.0,8,163.841865005557,163.841865005557,pobre,basal,0,0.0,708.0,0.0,31.0,8,4,16953,2,1.0
98,0.0,1.0,0.0,1.0,2.0,8,163.841865005557,163.841865005557,pobre,basal,0,0.0,708.0,0.0,31.0,9,4,16953,2,1.0
97,0.0,1.0,0.0,1.0,5.0,5,163.841865005557,163.841865005557,pobre,basal,0,0.0,748.0,1.0,35.0,16,4,16954,5,1.0
98,0.0,1.0,0.0,1.0,6.0,5,163.841865005557,163.841865005557,pobre,basal,0,0.0,748.0,1.0,35.0,17,4,16954,5,1.0
97,0.0,1.0,0.0,1.0,2.0,5,163.841865005557,163.841865005557,pobre,basal,0,0.0,748.0,1.0,35.0,8,4,16955,2,1.0
98,0.0,1.0,0.0,1.0,3.0,5,163.841865005557,163.841865005557,pobre,basal,0,0.0,748.0,1.0,35.0,9,4,16955,2,1.0
97,0.0,1.0,0.0,1.0,1.0,5,163.841865005557,163.841865005557,pobre,basal,0,0.0,748.0,1.0,35.0,7,4,16956,1,1.0
98,0.0,1.0,0.0,1.0,2.0,5,163.841865005557,163.841865005557,pobre,basal,0,0.0,748.0,1.0,35.0,8,4,16956,1,1.0
97,0.0,1.0,0.0,1.0,5.0,9,163.841865005557,163.841865005557,pobre,basal,0,0.0,724.0,1.0,52.0,10,4,16957,5,1.0
98,0.0,1.0,0.0,1.0,6.0,9,163.841865005557,163.841865005557,pobre,basal,0,0.0,724.0,1.0,52.0,11,4,16957,5,1.0
97,0.0,1.0,0.0,1.0,3.0,9,163.841865005557,163.841865005557,pobre,basal,0,0.0,724.0,1.0,52.0,8,4,16958,3,1.0
98,0.0,1.0,0.0,1.0,3.0,9,163.841865005557,163.841865005557,pobre,basal,0,0.0,724.0,1.0,52.0,9,4,16958,3,1.0
97,1.0,1.0,0.0,1.0,2.0,9,163.841865005557,163.841865005557,pobre,basal,0,500.0,562.5,1.0,47.0,13,4,16959,2,1.0
98,1.0,1.0,0.0,1.0,3.0,9,163.841865005557,163.841865005557,pobre,basal,0,500.0,562.5,1.0,47.0,14,4,16959,2,1.0
97,0.0,1.0,0.0,1.0,2.0,9,163.841865005557,163.841865005557,pobre,basal,0,500.0,562.5,1.0,47.0,9,4,16960,2,1.0
98,0.0,1.0,0.0,1.0,2.0,9,163.841865005557,163.841865005557,pobre,basal,0,500.0,562.5,1.0,47.0,10,4,16960,2,1.0
97,1.0,1.0,0.0,1.0,5.0,8,163.841865005557,163.841865005557,pobre,basal,0,500.0,691.0,1.0,42.0,14,4,16961,5,1.0
98,1.0,1.0,0.0,0.0,6.0,8,163.841865005557,163.841865005557,pobre,basal,0,500.0,691.0,1.0,42.0,15,4,16961,5,1.0
97,1.0,1.0,0.0,1.0,3.0,8,163.841865005557,163.841865005557,pobre,basal,0,500.0,691.0,1.0,42.0,11,4,16962,3,1.0
98,1.0,1.0,0.0,1.0,3.0,8,163.841865005557,163.841865005557,pobre,basal,0,500.0,691.0,1.0,42.0,12,4,16962,3,1.0
97,1.0,1.0,0.0,,0.0,8,163.841865005557,163.841865005557,pobre,basal,0,500.0,691.0,1.0,42.0,8,4,16963,0,
98,1.0,1.0,0.0,,,8,163.841865005557,163.841865005557,pobre,basal,0,500.0,691.0,1.0,42.0,9,4,16963,0,
97,0.0,1.0,0.0,,0.0,9,163.841865005557,163.841865005557,pobre,basal,0,500.0,699.0,1.0,46.0,16,4,16964,0,
98,0.0,1.0,0.0,,,9,163.841865005557,163.841865005557,pobre,basal,0,500.0,699.0,1.0,46.0,17,4,16964,0,
97,1.0,1.0,0.0,1.0,3.0,9,163.841865005557,163.841865005557,pobre,basal,0,500.0,699.0,1.0,46.0,11,4,16965,3,1.0
98,1.0,1.0,0.0,1.0,3.0,9,163.841865005557,163.841865005557,pobre,basal,0,500.0,699.0,1.0,46.0,12,4,16965,3,1.0
97,1.0,1.0,0.0,1.0,1.0,9,163.841865005557,163.841865005557,pobre,basal,0,500.0,699.0,1.0,46.0,9,4,16966,1,1.0
98,1.0,1.0,0.0,1.0,2.0,9,163.841865005557,163.841865005557,pobre,basal,0,500.0,699.0,1.0,46.0,10,4,16966,1,1.0
97,1.0,1.0,0.0,0.0,5.0,7,163.841865005557,163.841865005557,pobre,basal,0,0.0,730.5,1.0,42.0,13,4,16967,5,0.0
98,1.0,1.0,0.0,1.0,5.0,7,163.841865005557,163.841865005557,pobre,basal,0,0.0,730.5,1.0,42.0,14,4,16967,5,0.0
97,0.0,1.0,0.0,1.0,1.0,7,163.841865005557,163.841865005557,pobre,basal,0,0.0,730.5,1.0,42.0,9,4,16968,1,1.0
98,0.0,1.0,0.0,1.0,2.0,7,163.841865005557,163.841865005557,pobre,basal,0,0.0,730.5,1.0,42.0,10,4,16968,1,1.0
97,1.0,1.0,0.0,1.0,1.0,5,163.841865005557,163.841865005557,pobre,basal,0,0.0,706.0,1.0,23.0,6,4,16969,1,1.0
98,1.0,1.0,0.0,1.0,1.0,5,163.841865005557,163.841865005557,pobre,basal,0,0.0,706.0,1.0,23.0,7,4,16969,1,1.0
97,1.0,1.0,0.0,,0.0,5,163.841865005557,163.841865005557,pobre,basal,0,0.0,793.5,1.0,51.0,16,4,16970,0,
98,1.0,1.0,0.0,0.0,5.0,5,163.841865005557,163.841865005557,pobre,basal,0,0.0,793.5,1.0,51.0,17,4,16970,0,
97,1.0,1.0,0.0,0.0,5.0,6,163.841865005557,163.841865005557,pobre,basal,0,0.0,767.0,1.0,37.0,14,4,16971,5,0.0
98,1.0,1.0,0.0,1.0,5.0,6,163.841865005557,163.841865005557,pobre,basal,0,0.0,767.0,1.0,37.0,15,4,16971,5,0.0
97,1.0,1.0,0.0,1.0,6.0,6,163.841865005557,163.841865005557,pobre,basal,0,0.0,767.0,1.0,37.0,13,4,16972,6,1.0
98,1.0,1.0,0.0,1.0,7.0,6,163.841865005557,163.841865005557,pobre,basal,0,0.0,767.0,1.0,37.0,14,4,16972,6,1.0
97,0.0,1.0,0.0,1.0,2.0,6,163.841865005557,163.841865005557,pobre,basal,0,0.0,767.0,1.0,37.0,7,4,16973,2,1.0
98,0.0,1.0,0.0,1.0,3.0,6,163.841865005557,163.841865005557,pobre,basal,0,0.0,767.0,1.0,37.0,8,4,16973,2,1.0
97,1.0,1.0,0.0,1.0,4.0,6,163.841865005557,163.841865005557,pobre,basal,0,500.0,691.0,1.0,28.0,10,4,16974,4,1.0
98,1.0,1.0,0.0,1.0,4.0,6,163.841865005557,163.841865005557,pobre,basal,0,500.0,691.0,1.0,28.0,11,4,16974,4,1.0
97,1.0,1.0,0.0,1.0,2.0,6,163.841865005557,163.841865005557,pobre,basal,0,500.0,691.0,1.0,28.0,7,4,16975,2,1.0
98,1.0,1.0,0.0,1.0,3.0,6,163.841865005557,163.841865005557,pobre,basal,0,500.0,691.0,1.0,28.0,8,4,16975,2,1.0
97,1.0,1.0,0.0,1.0,7.0,10,163.841865005557,163.841865005557,no pobre,basal,2,0.0,756.0,1.0,45.0,14,4,16976,7,1.0
98,1.0,1.0,0.0,1.0,8.0,10,163.841865005557,163.841865005557,no pobre,basal,2,0.0,756.0,1.0,45.0,15,4,16976,7,1.0
97,1.0,1.0,0.0,,0.0,10,163.841865005557,163.841865005557,no pobre,basal,2,0.0,756.0,1.0,45.0,9,4,16977,0,
98,1.0,1.0,0.0,1.0,0.0,10,163.841865005557,163.841865005557,no pobre,basal,2,0.0,756.0,1.0,45.0,10,4,16977,0,
97,1.0,1.0,0.0,,0.0,10,163.841865005557,163.841865005557,no pobre,basal,2,0.0,756.0,1.0,45.0,7,4,16978,0,
98,1.0,1.0,0.0,1.0,2.0,10,163.841865005557,163.841865005557,no pobre,basal,2,0.0,756.0,1.0,45.0,8,4,16978,0,
97,0.0,1.0,0.0,,0.0,10,163.841865005557,163.841865005557,no pobre,basal,2,0.0,756.0,1.0,45.0,6,4,16979,0,
98,0.0,1.0,0.0,1.0,0.0,10,163.841865005557,163.841865005557,no pobre,basal,2,0.0,756.0,1.0,45.0,7,4,16979,0,
97,0.0,1.0,0.0,1.0,4.0,8,163.841865005557,163.841865005557,pobre,basal,0,0.0,714.66998,1.0,39.0,14,4,16980,4,1.0
98,0.0,1.0,0.0,1.0,5.0,8,163.841865005557,163.841865005557,pobre,basal,0,0.0,714.66998,1.0,39.0,15,4,16980,4,1.0
97,0.0,1.0,0.0,1.0,4.0,8,163.841865005557,163.841865005557,pobre,basal,0,0.0,714.66998,1.0,39.0,13,4,16981,4,1.0
98,0.0,1.0,0.0,1.0,5.0,8,163.841865005557,163.841865005557,pobre,basal,0,0.0,714.66998,1.0,39.0,14,4,16981,4,1.0
97,0.0,1.0,0.0,1.0,3.0,8,163.841865005557,163.841865005557,pobre,basal,0,0.0,714.66998,1.0,39.0,10,4,16982,3,1.0
98,0.0,1.0,0.0,1.0,4.0,8,163.841865005557,163.841865005557,pobre,basal,0,0.0,714.66998,1.0,39.0,11,4,16982,3,1.0
97,0.0,1.0,0.0,,0.0,10,163.841865005557,163.841865005557,pobre,basal,4,0.0,626.46997,1.0,26.0,8,4,16983,0,
98,0.0,1.0,0.0,1.0,3.0,10,163.841865005557,163.841865005557,pobre,basal,4,0.0,626.46997,1.0,26.0,9,4,16983,0,
97,1.0,1.0,0.0,1.0,3.0,10,163.841865005557,163.841865005557,pobre,basal,4,0.0,626.46997,1.0,26.0,14,4,16984,3,1.0
98,1.0,1.0,0.0,1.0,3.0,10,163.841865005557,163.841865005557,pobre,basal,4,0.0,626.46997,1.0,26.0,15,4,16984,3,1.0
97,1.0,1.0,0.0,1.0,3.0,10,163.841865005557,163.841865005557,pobre,basal,4,0.0,626.46997,1.0,26.0,10,4,16985,3,1.0
98,1.0,1.0,0.0,1.0,3.0,10,163.841865005557,163.841865005557,pobre,basal,4,0.0,626.46997,1.0,26.0,11,4,16985,3,1.0
97,0.0,1.0,0.0,,0.0,10,163.841865005557,163.841865005557,pobre,basal,4,0.0,626.46997,1.0,26.0,6,4,16986,0,
98,0.0,1.0,0.0,1.0,1.0,10,163.841865005557,163.841865005557,pobre,basal,4,0.0,626.46997,1.0,26.0,7,4,16986,0,
97,1.0,1.0,0.0,,0.0,6,163.841865005557,163.841865005557,pobre,basal,6,0.0,654.0,1.0,28.0,6,4,16987,0,
98,1.0,1.0,0.0,1.0,1.0,6,163.841865005557,163.841865005557,pobre,basal,6,0.0,654.0,1.0,28.0,7,4,16987,0,
97,0.0,1.0,0.0,,0.0,10,163.841865005557,163.841865005557,pobre,basal,0,0.0,662.71002,1.0,37.0,16,4,16988,0,
98,0.0,1.0,0.0,,,10,163.841865005557,163.841865005557,pobre,basal,0,0.0,662.71002,1.0,37.0,17,4,16988,0,
97,1.0,1.0,0.0,,0.0,10,163.841865005557,163.841865005557,pobre,basal,0,0.0,662.71002,1.0,37.0,14,4,16989,0,
98,1.0,1.0,0.0,,,10,163.841865005557,163.841865005557,pobre,basal,0,0.0,662.71002,1.0,37.0,15,4,16989,0,
97,0.0,1.0,0.0,,0.0,10,163.841865005557,163.841865005557,pobre,basal,0,0.0,662.71002,1.0,37.0,13,4,16990,0,
98,0.0,1.0,0.0,1.0,0.0,10,163.841865005557,163.841865005557,pobre,basal,0,0.0,662.71002,1.0,37.0,14,4,16990,0,
97,1.0,1.0,0.0,,0.0,10,163.841865005557,163.841865005557,pobre,basal,0,0.0,662.71002,1.0,37.0,10,4,16991,0,
98,1.0,1.0,0.0,1.0,0.0,10,163.841865005557,163.841865005557,pobre,basal,0,0.0,662.71002,1.0,37.0,11,4,16991,0,
97,1.0,1.0,0.0,1.0,7.0,5,163.841865005557,163.841865005557,pobre,basal,5,0.0,700.0,1.0,33.0,14,4,16992,7,1.0
98,1.0,1.0,0.0,1.0,8.0,5,163.841865005557,163.841865005557,pobre,basal,5,0.0,700.0,1.0,33.0,15,4,16992,7,1.0
97,0.0,1.0,0.0,1.0,4.0,5,163.841865005557,163.841865005557,pobre,basal,5,0.0,700.0,1.0,33.0,11,4,16993,4,1.0
98,0.0,1.0,0.0,1.0,5.0,5,163.841865005557,163.841865005557,pobre,basal,5,0.0,700.0,1.0,33.0,12,4,16993,4,1.0
97,0.0,1.0,0.0,1.0,3.0,6,163.841865005557,163.841865005557,pobre,basal,0,0.0,637.0,1.0,32.0,11,4,16994,3,1.0
98,0.0,1.0,0.0,1.0,3.0,6,163.841865005557,163.841865005557,pobre,basal,0,0.0,637.0,1.0,32.0,12,4,16994,3,1.0
97,1.0,1.0,0.0,,0.0,6,163.841865005557,163.841865005557,pobre,basal,0,0.0,637.0,1.0,32.0,6,4,16995,0,
98,1.0,1.0,0.0,,,6,163.841865005557,163.841865005557,pobre,basal,0,0.0,637.0,1.0,32.0,7,4,16995,0,
97,1.0,1.0,0.0,1.0,7.0,4,163.841865005557,163.841865005557,no pobre,basal,3,0.0,827.0,1.0,48.0,14,4,16996,7,1.0
98,1.0,1.0,0.0,1.0,7.0,4,163.841865005557,163.841865005557,no pobre,basal,3,0.0,827.0,1.0,48.0,15,4,16996,7,1.0
97,0.0,1.0,0.0,1.0,1.0,4,163.841865005557,163.841865005557,no pobre,basal,3,0.0,827.0,1.0,48.0,7,4,16997,1,1.0
98,0.0,1.0,0.0,1.0,1.0,4,163.841865005557,163.841865005557,no pobre,basal,3,0.0,827.0,1.0,48.0,8,4,16997,1,1.0
97,1.0,1.0,0.0,1.0,9.0,10,163.841865005557,163.841865005557,pobre,basal,0,0.0,585.0,1.0,42.0,15,4,16998,9,1.0
98,1.0,1.0,0.0,1.0,4.0,10,163.841865005557,163.841865005557,pobre,basal,0,0.0,585.0,1.0,42.0,16,4,16998,9,1.0
97,0.0,1.0,0.0,1.0,2.0,10,163.841865005557,163.841865005557,pobre,basal,0,0.0,585.0,1.0,42.0,12,4,16999,2,1.0
98,0.0,1.0,0.0,1.0,3.0,10,163.841865005557,163.841865005557,pobre,basal,0,0.0,585.0,1.0,42.0,13,4,16999,2,1.0
97,1.0,1.0,0.0,1.0,2.0,10,163.841865005557,163.841865005557,pobre,basal,0,0.0,585.0,1.0,42.0,10,4,17000,2,1.0
98,1.0,1.0,0.0,1.0,2.0,10,163.841865005557,163.841865005557,pobre,basal,0,0.0,585.0,1.0,42.0,11,4,17000,2,1.0
97,1.0,1.0,0.0,,0.0,10,163.841865005557,163.841865005557,pobre,basal,0,0.0,585.0,1.0,42.0,8,4,17001,0,
98,1.0,1.0,0.0,1.0,0.0,10,163.841865005557,163.841865005557,pobre,basal,0,0.0,585.0,1.0,42.0,9,4,17001,0,
97,0.0,1.0,0.0,,0.0,10,163.841865005557,163.841865005557,pobre,basal,0,0.0,585.0,1.0,42.0,6,4,17002,0,
98,0.0,1.0,0.0,1.0,0.0,10,163.841865005557,163.841865005557,pobre,basal,0,0.0,585.0,1.0,42.0,7,4,17002,0,
97,1.0,1.0,0.0,1.0,4.0,8,163.841865005557,163.841865005557,pobre,basal,0,0.0,645.0,1.0,44.0,14,4,17003,4,1.0
98,1.0,1.0,0.0,1.0,5.0,8,163.841865005557,163.841865005557,pobre,basal,0,0.0,645.0,1.0,44.0,15,4,17003,4,1.0
97,1.0,1.0,0.0,1.0,3.0,8,163.841865005557,163.841865005557,pobre,basal,0,0.0,645.0,1.0,44.0,12,4,17004,3,1.0
98,1.0,1.0,0.0,1.0,4.0,8,163.841865005557,163.841865005557,pobre,basal,0,0.0,645.0,1.0,44.0,13,4,17004,3,1.0
97,0.0,1.0,0.0,1.0,2.0,8,163.841865005557,163.841865005557,pobre,basal,0,0.0,645.0,1.0,44.0,9,4,17005,2,1.0
98,0.0,1.0,0.0,1.0,3.0,8,163.841865005557,163.841865005557,pobre,basal,0,0.0,645.0,1.0,44.0,10,4,17005,2,1.0
97,1.0,1.0,0.0,1.0,4.0,7,163.841865005557,163.841865005557,pobre,basal,0,0.0,633.0,1.0,29.0,11,4,17006,4,1.0
98,1.0,1.0,0.0,1.0,5.0,7,163.841865005557,163.841865005557,pobre,basal,0,0.0,633.0,1.0,29.0,12,4,17006,4,1.0
97,0.0,1.0,0.0,1.0,2.0,7,163.841865005557,163.841865005557,pobre,basal,0,0.0,633.0,1.0,29.0,9,4,17007,2,1.0
98,0.0,1.0,0.0,1.0,2.0,7,163.841865005557,163.841865005557,pobre,basal,0,0.0,633.0,1.0,29.0,10,4,17007,2,1.0
97,0.0,1.0,0.0,,0.0,7,163.841865005557,163.841865005557,pobre,basal,0,0.0,633.0,1.0,29.0,6,4,17008,0,
98,0.0,1.0,0.0,1.0,0.0,7,163.841865005557,163.841865005557,pobre,basal,0,0.0,633.0,1.0,29.0,7,4,17008,0,
97,1.0,1.0,0.0,,0.0,9,163.841865005557,163.841865005557,pobre,basal,4,0.0,736.87,1.0,25.0,7,4,17009,0,
98,1.0,1.0,0.0,,,9,163.841865005557,163.841865005557,pobre,basal,4,0.0,736.87,1.0,25.0,8,4,17009,0,
97,0.0,1.0,0.0,1.0,8.0,8,163.841865005557,163.841865005557,no pobre,basal,3,0.0,775.0,1.0,67.0,14,4,17010,8,1.0
98,0.0,1.0,0.0,1.0,8.0,8,163.841865005557,163.841865005557,no pobre,basal,3,0.0,775.0,1.0,67.0,15,4,17010,8,1.0
97,0.0,1.0,0.0,1.0,4.0,8,163.841865005557,163.841865005557,no pobre,basal,3,0.0,775.0,1.0,67.0,11,4,17011,4,1.0
98,0.0,1.0,0.0,1.0,5.0,8,163.841865005557,163.841865005557,no pobre,basal,3,0.0,775.0,1.0,67.0,12,4,17011,4,1.0
97,1.0,1.0,0.0,1.0,2.0,8,163.841865005557,163.841865005557,no pobre,basal,3,0.0,775.0,1.0,67.0,8,4,17012,2,1.0
98,1.0,1.0,0.0,1.0,2.0,8,163.841865005557,163.841865005557,no pobre,basal,3,0.0,775.0,1.0,67.0,9,4,17012,2,1.0
97,0.0,1.0,0.0,1.0,0.0,8,163.841865005557,163.841865005557,no pobre,basal,3,0.0,775.0,1.0,67.0,6,4,17013,0,1.0
98,0.0,1.0,0.0,1.0,0.0,8,163.841865005557,163.841865005557,no pobre,basal,3,0.0,775.0,1.0,67.0,7,4,17013,0,1.0
97,1.0,1.0,0.0,0.0,6.0,6,163.841865005557,163.841865005557,no pobre,basal,0,0.0,841.5,1.0,51.0,12,4,17014,6,0.0
98,1.0,1.0,0.0,1.0,7.0,6,163.841865005557,163.841865005557,no pobre,basal,0,0.0,841.5,1.0,51.0,13,4,17014,6,0.0
97,0.0,1.0,0.0,1.0,3.0,6,163.841865005557,163.841865005557,no pobre,basal,0,0.0,841.5,1.0,51.0,8,4,17015,3,1.0
98,0.0,1.0,0.0,1.0,3.0,6,163.841865005557,163.841865005557,no pobre,basal,0,0.0,841.5,1.0,51.0,9,4,17015,3,1.0
97,0.0,1.0,0.0,1.0,0.0,4,163.841865005557,163.841865005557,pobre,basal,0,0.0,694.0,0.0,25.0,6,4,17016,0,1.0
98,0.0,1.0,0.0,,,4,163.841865005557,163.841865005557,pobre,basal,0,0.0,694.0,0.0,25.0,7,4,17016,0,1.0
97,0.0,1.0,0.0,1.0,2.0,8,163.841865005557,163.841865005557,pobre,basal,0,0.0,780.0,1.0,50.0,9,4,17017,2,1.0
98,0.0,1.0,0.0,1.0,2.0,8,163.841865005557,163.841865005557,pobre,basal,0,0.0,780.0,1.0,50.0,10,4,17017,2,1.0
97,1.0,,0.0,1.0,0.0,8,163.841865005557,163.841865005557,pobre,basal,0,0.0,780.0,1.0,50.0,7,4,17018,0,1.0
98,1.0,,0.0,1.0,0.0,8,163.841865005557,163.841865005557,pobre,basal,0,0.0,780.0,1.0,50.0,8,4,17018,0,1.0
97,1.0,1.0,0.0,1.0,1.0,7,163.841865005557,163.841865005557,pobre,basal,0,500.0,705.5,1.0,47.0,9,4,17019,1,1.0
98,1.0,1.0,0.0,1.0,2.0,7,163.841865005557,163.841865005557,pobre,basal,0,500.0,705.5,1.0,47.0,10,4,17019,1,1.0
97,1.0,1.0,0.0,1.0,1.0,7,163.841865005557,163.841865005557,pobre,basal,0,500.0,705.5,1.0,47.0,7,4,17020,1,1.0
98,1.0,1.0,0.0,1.0,2.0,7,163.841865005557,163.841865005557,pobre,basal,0,500.0,705.5,1.0,47.0,8,4,17020,1,1.0
97,0.0,1.0,0.0,1.0,2.0,7,163.841865005557,163.841865005557,pobre,basal,0,500.0,705.5,1.0,47.0,13,4,17021,2,1.0
98,0.0,1.0,0.0,1.0,3.0,7,163.841865005557,163.841865005557,pobre,basal,0,500.0,705.5,1.0,47.0,14,4,17021,2,1.0
97,1.0,1.0,0.0,1.0,4.0,7,163.841865005557,163.841865005557,pobre,basal,4,0.0,747.5,1.0,32.0,10,4,17022,4,1.0
98,1.0,1.0,0.0,1.0,5.0,7,163.841865005557,163.841865005557,pobre,basal,4,0.0,747.5,1.0,32.0,11,4,17022,4,1.0
97,0.0,1.0,0.0,1.0,3.0,7,163.841865005557,163.841865005557,pobre,basal,4,0.0,747.5,1.0,32.0,8,4,17023,3,1.0
98,0.0,1.0,0.0,1.0,4.0,7,163.841865005557,163.841865005557,pobre,basal,4,0.0,747.5,1.0,32.0,9,4,17023,3,1.0
97,1.0,1.0,0.0,,0.0,6,163.841865005557,163.841865005557,pobre,basal,0,0.0,748.46997,1.0,59.0,14,4,17024,0,
98,1.0,1.0,0.0,,,6,163.841865005557,163.841865005557,pobre,basal,0,0.0,748.46997,1.0,59.0,15,4,17024,0,
97,0.0,1.0,0.0,,0.0,8,163.841865005557,163.841865005557,pobre,basal,0,0.0,692.16998,1.0,62.0,15,4,17025,0,
98,0.0,1.0,0.0,,,8,163.841865005557,163.841865005557,pobre,basal,0,0.0,692.16998,1.0,62.0,16,4,17025,0,
97,1.0,1.0,0.0,1.0,2.0,8,163.841865005557,163.841865005557,pobre,basal,0,0.0,692.16998,1.0,62.0,8,4,17026,2,1.0
98,1.0,1.0,0.0,1.0,1.0,8,163.841865005557,163.841865005557,pobre,basal,0,0.0,692.16998,1.0,62.0,9,4,17026,2,1.0
97,1.0,1.0,0.0,,0.0,8,163.841865005557,163.841865005557,pobre,basal,0,0.0,692.16998,1.0,62.0,7,4,17027,0,
98,1.0,1.0,0.0,1.0,1.0,8,163.841865005557,163.841865005557,pobre,basal,0,0.0,692.16998,1.0,62.0,8,4,17027,0,
97,0.0,1.0,0.0,,0.0,8,163.841865005557,163.841865005557,pobre,basal,0,0.0,707.0,1.0,47.0,15,4,17028,0,
98,0.0,1.0,0.0,0.0,2.0,8,163.841865005557,163.841865005557,pobre,basal,0,0.0,707.0,1.0,47.0,16,4,17028,0,
97,0.0,1.0,0.0,1.0,2.0,8,163.841865005557,163.841865005557,pobre,basal,0,0.0,707.0,1.0,47.0,11,4,17029,2,1.0
98,0.0,1.0,0.0,1.0,2.0,8,163.841865005557,163.841865005557,pobre,basal,0,0.0,707.0,1.0,47.0,12,4,17029,2,1.0
97,1.0,1.0,0.0,1.0,1.0,8,163.841865005557,163.841865005557,pobre,basal,0,0.0,707.0,1.0,47.0,8,4,17030,1,1.0
98,1.0,1.0,0.0,1.0,3.0,8,163.841865005557,163.841865005557,pobre,basal,0,0.0,707.0,1.0,47.0,9,4,17030,1,1.0
97,0.0,1.0,0.0,,0.0,8,163.841865005557,163.841865005557,pobre,basal,0,0.0,707.0,1.0,47.0,9,4,17031,0,
98,0.0,1.0,0.0,1.0,2.0,8,163.841865005557,163.841865005557,pobre,basal,0,0.0,707.0,1.0,47.0,10,4,17031,0,
97,0.0,1.0,0.0,0.0,6.0,6,163.841865005557,163.841865005557,pobre,basal,0,0.0,741.03003,1.0,56.0,15,4,17032,6,0.0
98,0.0,1.0,0.0,1.0,7.0,6,163.841865005557,163.841865005557,pobre,basal,0,0.0,741.03003,1.0,56.0,16,4,17032,6,0.0
97,1.0,1.0,0.0,0.0,6.0,6,163.841865005557,163.841865005557,pobre,basal,0,0.0,741.03003,1.0,56.0,13,4,17033,6,0.0
98,1.0,1.0,0.0,0.0,6.0,6,163.841865005557,163.841865005557,pobre,basal,0,0.0,741.03003,1.0,56.0,14,4,17033,6,0.0
97,1.0,1.0,14.879,,0.0,3,166.08900569491,166.08900569491,pobre,0,0,0.0,716.46997,1.0,66.0,14,26,17034,0,
98,1.0,1.0,14.879,0.0,1.0,3,166.08900569491,166.08900569491,pobre,0,0,0.0,716.46997,1.0,66.0,15,26,17034,0,
97,0.0,1.0,14.879,1.0,3.0,11,166.08900569491,166.08900569491,pobre,0,0,100.0,420.0,1.0,41.0,15,26,17035,3,1.0
98,0.0,1.0,14.879,1.0,4.0,11,166.08900569491,166.08900569491,pobre,0,0,100.0,420.0,1.0,41.0,16,26,17035,3,1.0
97,1.0,1.0,14.879,1.0,1.0,11,166.08900569491,166.08900569491,pobre,0,0,100.0,420.0,1.0,41.0,13,26,17036,1,1.0
98,1.0,1.0,14.879,1.0,7.0,11,166.08900569491,166.08900569491,pobre,0,0,100.0,420.0,1.0,41.0,14,26,17036,1,1.0
97,1.0,1.0,14.879,1.0,1.0,11,166.08900569491,166.08900569491,pobre,0,0,100.0,420.0,1.0,41.0,10,26,17037,1,1.0
98,1.0,1.0,14.879,1.0,2.0,11,166.08900569491,166.08900569491,pobre,0,0,100.0,420.0,1.0,41.0,11,26,17037,1,1.0
97,0.0,1.0,14.879,,0.0,11,166.08900569491,166.08900569491,pobre,0,0,100.0,420.0,1.0,41.0,8,26,17038,0,
98,0.0,1.0,14.879,1.0,2.0,11,166.08900569491,166.08900569491,pobre,0,0,100.0,420.0,1.0,41.0,9,26,17038,0,
97,0.0,1.0,14.879,,0.0,9,166.08900569491,166.08900569491,pobre,0,0,500.0,563.5,1.0,51.0,15,26,17039,0,
98,0.0,1.0,14.879,,,9,166.08900569491,166.08900569491,pobre,0,0,500.0,563.5,1.0,51.0,16,26,17039,0,
97,1.0,1.0,14.879,,0.0,9,166.08900569491,166.08900569491,pobre,0,0,500.0,563.5,1.0,51.0,6,26,17040,0,
98,1.0,1.0,14.879,,,9,166.08900569491,166.08900569491,pobre,0,0,500.0,563.5,1.0,51.0,7,26,17040,0,
97,1.0,1.0,14.879,,0.0,9,166.08900569491,166.08900569491,pobre,0,0,500.0,452.0,1.0,72.0,16,26,17041,0,
98,1.0,1.0,14.879,,,9,166.08900569491,166.08900569491,pobre,0,0,500.0,452.0,1.0,72.0,17,26,17041,0,
97,1.0,1.0,14.879,,0.0,9,166.08900569491,166.08900569491,pobre,0,0,500.0,452.0,1.0,72.0,11,26,17042,0,
98,1.0,1.0,14.879,1.0,7.0,9,166.08900569491,166.08900569491,pobre,0,0,500.0,452.0,1.0,72.0,12,26,17042,0,
97,1.0,1.0,14.879,,0.0,9,166.08900569491,166.08900569491,pobre,0,0,500.0,452.0,1.0,72.0,7,26,17043,0,
98,1.0,1.0,14.879,1.0,1.0,9,166.08900569491,166.08900569491,pobre,0,0,500.0,452.0,1.0,72.0,8,26,17043,0,
97,0.0,1.0,14.879,,0.0,6,166.08900569491,166.08900569491,pobre,0,0,500.0,628.0,1.0,36.0,9,26,17044,0,
98,0.0,1.0,14.879,1.0,2.0,6,166.08900569491,166.08900569491,pobre,0,0,500.0,628.0,1.0,36.0,10,26,17044,0,
97,1.0,1.0,14.879,,0.0,5,166.08900569491,166.08900569491,pobre,0,0,500.0,650.0,1.0,27.0,6,26,17045,0,
98,1.0,1.0,14.879,1.0,0.0,5,166.08900569491,166.08900569491,pobre,0,0,500.0,650.0,1.0,27.0,7,26,17045,0,
97,1.0,1.0,14.879,,0.0,7,166.08900569491,166.08900569491,pobre,0,0,500.0,601.46997,1.0,27.0,12,26,17046,0,
98,1.0,1.0,14.879,0.0,4.0,7,166.08900569491,166.08900569491,pobre,0,0,500.0,601.46997,1.0,27.0,13,26,17046,0,
97,0.0,1.0,14.879,,0.0,7,166.08900569491,166.08900569491,pobre,0,0,500.0,601.46997,1.0,27.0,9,26,17047,0,
98,0.0,1.0,14.879,1.0,1.0,7,166.08900569491,166.08900569491,pobre,0,0,500.0,601.46997,1.0,27.0,10,26,17047,0,
97,0.0,1.0,14.879,,0.0,7,166.08900569491,166.08900569491,pobre,0,0,500.0,601.46997,1.0,27.0,7,26,17048,0,
98,0.0,1.0,14.879,,,7,166.08900569491,166.08900569491,pobre,0,0,500.0,601.46997,1.0,27.0,8,26,17048,0,
97,0.0,0.0,14.879,0.0,6.0,8,166.08900569491,166.08900569491,pobre,0,0,500.0,628.0,1.0,46.0,15,26,17049,6,0.0
98,0.0,0.0,14.879,,,8,166.08900569491,166.08900569491,pobre,0,0,500.0,628.0,1.0,46.0,16,26,17049,6,0.0
97,0.0,0.0,14.879,1.0,5.0,8,166.08900569491,166.08900569491,pobre,0,0,500.0,628.0,1.0,46.0,12,26,17050,5,1.0
98,0.0,0.0,14.879,1.0,6.0,8,166.08900569491,166.08900569491,pobre,0,0,500.0,628.0,1.0,46.0,13,26,17050,5,1.0
97,0.0,0.0,14.879,1.0,4.0,8,166.08900569491,166.08900569491,pobre,0,0,500.0,628.0,1.0,46.0,9,26,17051,4,1.0
98,0.0,0.0,14.879,1.0,4.0,8,166.08900569491,166.08900569491,pobre,0,0,500.0,628.0,1.0,46.0,10,26,17051,4,1.0
97,0.0,1.0,14.879,1.0,0.0,4,166.08900569491,166.08900569491,pobre,0,0,625.0,570.0,1.0,27.0,9,26,17052,0,1.0
98,0.0,1.0,14.879,0.0,1.0,4,166.08900569491,166.08900569491,pobre,0,0,625.0,570.0,1.0,27.0,10,26,17052,0,1.0
97,1.0,1.0,14.879,1.0,0.0,4,166.08900569491,166.08900569491,pobre,0,0,625.0,570.0,1.0,27.0,6,26,17053,0,1.0
98,1.0,1.0,14.879,0.0,1.0,4,166.08900569491,166.08900569491,pobre,0,0,625.0,570.0,1.0,27.0,7,26,17053,0,1.0
97,0.0,1.0,14.879,,0.0,5,166.08900569491,166.08900569491,pobre,0,0,0.0,667.0,0.0,35.0,12,26,17054,0,
98,0.0,1.0,14.879,0.0,3.0,5,166.08900569491,166.08900569491,pobre,0,0,0.0,667.0,0.0,35.0,13,26,17054,0,
97,0.0,1.0,14.879,,0.0,5,166.08900569491,166.08900569491,pobre,0,0,0.0,667.0,0.0,35.0,8,26,17055,0,
98,0.0,1.0,14.879,0.0,1.0,5,166.08900569491,166.08900569491,pobre,0,0,0.0,667.0,0.0,35.0,9,26,17055,0,
97,0.0,1.0,14.879,,0.0,5,166.08900569491,166.08900569491,pobre,0,0,0.0,667.0,0.0,35.0,16,26,17056,0,
98,0.0,1.0,14.879,,,5,166.08900569491,166.08900569491,pobre,0,0,0.0,667.0,0.0,35.0,17,26,17056,0,
97,0.0,1.0,14.879,,0.0,8,166.08900569491,166.08900569491,pobre,0,3,0.0,722.0,1.0,51.0,14,26,17057,0,
98,0.0,1.0,14.879,1.0,7.0,8,166.08900569491,166.08900569491,pobre,0,3,0.0,722.0,1.0,51.0,15,26,17057,0,
97,1.0,1.0,14.879,,0.0,5,166.08900569491,166.08900569491,pobre,0,6,0.0,705.0,1.0,40.0,11,26,17058,0,
98,1.0,1.0,14.879,0.0,1.0,5,166.08900569491,166.08900569491,pobre,0,6,0.0,705.0,1.0,40.0,12,26,17058,0,
97,0.0,1.0,14.879,1.0,3.0,5,166.08900569491,166.08900569491,pobre,0,6,0.0,705.0,1.0,40.0,11,26,17059,3,1.0
98,0.0,1.0,14.879,,,5,166.08900569491,166.08900569491,pobre,0,6,0.0,705.0,1.0,40.0,12,26,17059,3,1.0
97,0.0,1.0,14.879,,0.0,3,166.08900569491,166.08900569491,pobre,0,0,625.0,738.0,1.0,20.0,14,26,17060,0,
98,0.0,1.0,14.879,0.0,5.0,3,166.08900569491,166.08900569491,pobre,0,0,625.0,738.0,1.0,20.0,15,26,17060,0,
97,1.0,1.0,14.879,1.0,1.0,6,166.08900569491,166.08900569491,pobre,0,0,625.0,646.0,1.0,30.0,13,26,17061,1,1.0
98,1.0,1.0,14.879,1.0,1.0,6,166.08900569491,166.08900569491,pobre,0,0,625.0,646.0,1.0,30.0,14,26,17061,1,1.0
97,1.0,1.0,14.879,1.0,0.0,6,166.08900569491,166.08900569491,pobre,0,0,625.0,646.0,1.0,30.0,6,26,17062,0,1.0
98,1.0,1.0,14.879,1.0,1.0,6,166.08900569491,166.08900569491,pobre,0,0,625.0,646.0,1.0,30.0,7,26,17062,0,1.0
97,0.0,1.0,14.879,,0.0,10,166.08900569491,166.08900569491,pobre,0,0,500.0,581.0,1.0,48.0,16,26,17063,0,
98,0.0,1.0,14.879,,,10,166.08900569491,166.08900569491,pobre,0,0,500.0,581.0,1.0,48.0,17,26,17063,0,
97,1.0,1.0,14.879,1.0,5.0,10,166.08900569491,166.08900569491,pobre,0,0,500.0,581.0,1.0,48.0,15,26,17064,5,1.0
98,1.0,1.0,14.879,0.0,6.0,10,166.08900569491,166.08900569491,pobre,0,0,500.0,581.0,1.0,48.0,16,26,17064,5,1.0
97,0.0,1.0,14.879,1.0,3.0,10,166.08900569491,166.08900569491,pobre,0,0,500.0,581.0,1.0,48.0,14,26,17065,3,1.0
98,0.0,1.0,14.879,1.0,3.0,10,166.08900569491,166.08900569491,pobre,0,0,500.0,581.0,1.0,48.0,15,26,17065,3,1.0
97,1.0,1.0,14.879,1.0,2.0,10,166.08900569491,166.08900569491,pobre,0,0,500.0,581.0,1.0,48.0,9,26,17066,2,1.0
98,1.0,1.0,14.879,1.0,2.0,10,166.08900569491,166.08900569491,pobre,0,0,500.0,581.0,1.0,48.0,10,26,17066,2,1.0
97,1.0,1.0,14.879,,0.0,10,166.08900569491,166.08900569491,pobre,0,0,500.0,581.0,1.0,48.0,7,26,17067,0,
98,1.0,1.0,14.879,,,10,166.08900569491,166.08900569491,pobre,0,0,500.0,581.0,1.0,48.0,8,26,17067,0,
97,0.0,1.0,14.879,,0.0,6,166.08900569491,166.08900569491,pobre,0,2,500.0,522.0,1.0,29.0,9,26,17068,0,
98,0.0,1.0,14.879,1.0,3.0,6,166.08900569491,166.08900569491,pobre,0,2,500.0,522.0,1.0,29.0,10,26,17068,0,
97,1.0,1.0,14.879,,0.0,6,166.08900569491,166.08900569491,pobre,0,2,500.0,522.0,1.0,29.0,6,26,17069,0,
98,1.0,1.0,14.879,1.0,1.0,6,166.08900569491,166.08900569491,pobre,0,2,500.0,522.0,1.0,29.0,7,26,17069,0,
97,0.0,1.0,14.879,1.0,4.0,7,166.08900569491,166.08900569491,pobre,0,0,500.0,524.0,1.0,44.0,14,26,17070,4,1.0
98,0.0,1.0,14.879,0.0,4.0,7,166.08900569491,166.08900569491,pobre,0,0,500.0,524.0,1.0,44.0,15,26,17070,4,1.0
97,0.0,1.0,14.879,,0.0,7,166.08900569491,166.08900569491,pobre,0,0,500.0,524.0,1.0,44.0,15,26,17071,0,
98,0.0,1.0,14.879,0.0,5.0,7,166.08900569491,166.08900569491,pobre,0,0,500.0,524.0,1.0,44.0,16,26,17071,0,
97,1.0,1.0,14.879,,0.0,3,166.08900569491,166.08900569491,pobre,0,0,0.0,611.0,0.0,60.0,10,26,17072,0,
98,1.0,1.0,14.879,,,3,166.08900569491,166.08900569491,pobre,0,0,0.0,611.0,0.0,60.0,11,26,17072,0,
97,0.0,1.0,14.879,1.0,4.0,4,166.08900569491,166.08900569491,pobre,0,0,500.0,589.0,1.0,66.0,12,26,17073,4,1.0
98,0.0,1.0,14.879,1.0,3.0,4,166.08900569491,166.08900569491,pobre,0,0,500.0,589.0,1.0,66.0,13,26,17073,4,1.0
97,0.0,1.0,14.879,1.0,2.0,4,166.08900569491,166.08900569491,pobre,0,0,500.0,589.0,1.0,66.0,8,26,17074,2,1.0
98,0.0,1.0,14.879,1.0,2.0,4,166.08900569491,166.08900569491,pobre,0,0,500.0,589.0,1.0,66.0,9,26,17074,2,1.0
97,1.0,1.0,14.879,0.0,3.0,8,166.08900569491,166.08900569491,pobre,0,0,500.0,648.0,1.0,42.0,14,26,17075,3,0.0
98,1.0,1.0,14.879,0.0,3.0,8,166.08900569491,166.08900569491,pobre,0,0,500.0,648.0,1.0,42.0,15,26,17075,3,0.0
97,0.0,1.0,14.879,1.0,1.0,8,166.08900569491,166.08900569491,pobre,0,0,500.0,648.0,1.0,42.0,12,26,17076,1,1.0
98,0.0,1.0,14.879,0.0,2.0,8,166.08900569491,166.08900569491,pobre,0,0,500.0,648.0,1.0,42.0,13,26,17076,1,1.0
97,1.0,1.0,14.879,1.0,1.0,8,166.08900569491,166.08900569491,pobre,0,0,500.0,648.0,1.0,42.0,9,26,17077,1,1.0
98,1.0,1.0,14.879,1.0,2.0,8,166.08900569491,166.08900569491,pobre,0,0,500.0,648.0,1.0,42.0,10,26,17077,1,1.0
97,0.0,1.0,14.879,,0.0,8,166.08900569491,166.08900569491,pobre,0,0,500.0,648.0,1.0,42.0,6,26,17078,0,
98,0.0,1.0,14.879,0.0,0.0,8,166.08900569491,166.08900569491,pobre,0,0,500.0,648.0,1.0,42.0,7,26,17078,0,
97,1.0,1.0,14.879,,0.0,6,166.08900569491,166.08900569491,pobre,0,0,500.0,619.0,1.0,28.0,10,26,17079,0,
98,1.0,1.0,14.879,1.0,1.0,6,166.08900569491,166.08900569491,pobre,0,0,500.0,619.0,1.0,28.0,11,26,17079,0,
97,1.0,1.0,14.879,1.0,1.0,6,166.08900569491,166.08900569491,pobre,0,0,500.0,619.0,1.0,28.0,8,26,17080,1,1.0
98,1.0,1.0,14.879,1.0,0.0,6,166.08900569491,166.08900569491,pobre,0,0,500.0,619.0,1.0,28.0,9,26,17080,1,1.0
97,0.0,1.0,14.879,,0.0,9,166.08900569491,166.08900569491,pobre,0,0,375.0,452.0,1.0,56.0,7,26,17081,0,
98,0.0,1.0,14.879,1.0,1.0,9,166.08900569491,166.08900569491,pobre,0,0,375.0,452.0,1.0,56.0,8,26,17081,0,
97,0.0,1.0,14.879,,0.0,9,166.08900569491,166.08900569491,pobre,0,0,375.0,452.0,1.0,56.0,11,26,17082,0,
98,0.0,1.0,14.879,0.0,1.0,9,166.08900569491,166.08900569491,pobre,0,0,375.0,452.0,1.0,56.0,12,26,17082,0,
97,1.0,1.0,14.879,,0.0,9,166.08900569491,166.08900569491,pobre,0,0,375.0,452.0,1.0,56.0,9,26,17083,0,
98,1.0,1.0,14.879,1.0,4.0,9,166.08900569491,166.08900569491,pobre,0,0,375.0,452.0,1.0,56.0,10,26,17083,0,
97,0.0,1.0,14.879,1.0,1.0,5,166.08900569491,166.08900569491,pobre,0,4,500.0,558.0,1.0,31.0,9,26,17084,1,1.0
98,0.0,1.0,14.879,1.0,2.0,5,166.08900569491,166.08900569491,pobre,0,4,500.0,558.0,1.0,31.0,10,26,17084,1,1.0
97,1.0,1.0,14.879,,0.0,5,166.08900569491,166.08900569491,pobre,0,4,500.0,558.0,1.0,31.0,13,26,17085,0,
98,1.0,1.0,14.879,1.0,3.0,5,166.08900569491,166.08900569491,pobre,0,4,500.0,558.0,1.0,31.0,14,26,17085,0,
97,0.0,1.0,14.879,,0.0,5,166.08900569491,166.08900569491,pobre,0,0,500.0,548.0,1.0,40.0,10,26,17086,0,
98,0.0,1.0,14.879,,,5,166.08900569491,166.08900569491,pobre,0,0,500.0,548.0,1.0,40.0,11,26,17086,0,
97,0.0,1.0,14.879,,0.0,5,166.08900569491,166.08900569491,pobre,0,0,500.0,572.0,1.0,44.0,7,26,17087,0,
98,0.0,1.0,14.879,,,5,166.08900569491,166.08900569491,pobre,0,0,500.0,572.0,1.0,44.0,8,26,17087,0,
97,1.0,1.0,14.879,,0.0,5,166.08900569491,166.08900569491,pobre,0,0,500.0,572.0,1.0,44.0,14,26,17088,0,
98,1.0,1.0,14.879,,,5,166.08900569491,166.08900569491,pobre,0,0,500.0,572.0,1.0,44.0,15,26,17088,0,
97,0.0,1.0,14.879,0.0,6.0,5,166.08900569491,166.08900569491,pobre,0,0,500.0,572.0,1.0,44.0,16,26,17089,6,0.0
98,0.0,1.0,14.879,,,5,166.08900569491,166.08900569491,pobre,0,0,500.0,572.0,1.0,44.0,17,26,17089,6,0.0
97,1.0,1.0,14.879,,0.0,4,166.08900569491,166.08900569491,pobre,0,0,500.0,569.0,1.0,23.0,8,26,17090,0,
98,1.0,1.0,14.879,,,4,166.08900569491,166.08900569491,pobre,0,0,500.0,569.0,1.0,23.0,9,26,17090,0,
97,1.0,1.0,14.879,1.0,1.0,5,166.08900569491,166.08900569491,pobre,0,0,500.0,543.0,1.0,30.0,8,26,17091,1,1.0
98,1.0,1.0,14.879,,,5,166.08900569491,166.08900569491,pobre,0,0,500.0,543.0,1.0,30.0,9,26,17091,1,1.0
97,1.0,1.0,14.879,,0.0,4,166.08900569491,166.08900569491,pobre,0,0,0.0,624.46997,1.0,70.0,8,26,17092,0,
98,1.0,1.0,14.879,0.0,3.0,4,166.08900569491,166.08900569491,pobre,0,0,0.0,624.46997,1.0,70.0,9,26,17092,0,
97,1.0,1.0,14.879,,0.0,4,166.08900569491,166.08900569491,pobre,0,0,0.0,624.46997,1.0,70.0,12,26,17093,0,
98,1.0,1.0,14.879,0.0,1.0,4,166.08900569491,166.08900569491,pobre,0,0,0.0,624.46997,1.0,70.0,13,26,17093,0,
97,0.0,1.0,14.879,0.0,1.0,6,166.08900569491,166.08900569491,pobre,0,0,500.0,547.0,1.0,54.0,13,26,17094,1,0.0
98,0.0,1.0,14.879,,,6,166.08900569491,166.08900569491,pobre,0,0,500.0,547.0,1.0,54.0,14,26,17094,1,0.0
97,1.0,1.0,14.879,1.0,1.0,6,166.08900569491,166.08900569491,pobre,0,0,500.0,547.0,1.0,54.0,8,26,17095,1,1.0
98,1.0,1.0,14.879,,,6,166.08900569491,166.08900569491,pobre,0,0,500.0,547.0,1.0,54.0,9,26,17095,1,1.0
97,0.0,1.0,14.879,1.0,1.0,6,166.08900569491,166.08900569491,pobre,0,0,500.0,547.0,1.0,54.0,7,26,17096,1,1.0
98,0.0,1.0,14.879,,,6,166.08900569491,166.08900569491,pobre,0,0,500.0,547.0,1.0,54.0,8,26,17096,1,1.0
97,1.0,1.0,14.879,,0.0,5,166.08900569491,166.08900569491,pobre,0,0,500.0,690.5,1.0,30.0,12,26,17097,0,
98,1.0,1.0,14.879,,,5,166.08900569491,166.08900569491,pobre,0,0,500.0,690.5,1.0,30.0,13,26,17097,0,
97,0.0,1.0,14.879,,0.0,5,166.08900569491,166.08900569491,pobre,0,0,500.0,690.5,1.0,30.0,10,26,17098,0,
98,0.0,1.0,14.879,,,5,166.08900569491,166.08900569491,pobre,0,0,500.0,690.5,1.0,30.0,11,26,17098,0,
97,1.0,1.0,14.879,0.0,5.0,7,166.08900569491,166.08900569491,pobre,0,0,500.0,545.5,1.0,38.0,13,26,17099,5,0.0
98,1.0,1.0,14.879,0.0,5.0,7,166.08900569491,166.08900569491,pobre,0,0,500.0,545.5,1.0,38.0,14,26,17099,5,0.0
97,0.0,1.0,14.879,1.0,4.0,7,166.08900569491,166.08900569491,pobre,0,0,500.0,545.5,1.0,38.0,10,26,17100,4,1.0
98,0.0,1.0,14.879,0.0,4.0,7,166.08900569491,166.08900569491,pobre,0,0,500.0,545.5,1.0,38.0,11,26,17100,4,1.0
97,0.0,1.0,14.879,1.0,0.0,7,166.08900569491,166.08900569491,pobre,0,0,500.0,545.5,1.0,38.0,8,26,17101,0,1.0
98,0.0,1.0,14.879,0.0,2.0,7,166.08900569491,166.08900569491,pobre,0,0,500.0,545.5,1.0,38.0,9,26,17101,0,1.0
97,1.0,1.0,14.879,0.0,3.0,10,166.08900569491,166.08900569491,pobre,0,0,500.0,630.33002,1.0,34.0,13,26,17102,3,0.0
98,1.0,1.0,14.879,1.0,3.0,10,166.08900569491,166.08900569491,pobre,0,0,500.0,630.33002,1.0,34.0,14,26,17102,3,0.0
97,0.0,1.0,14.879,0.0,2.0,10,166.08900569491,166.08900569491,pobre,0,0,500.0,630.33002,1.0,34.0,10,26,17103,2,0.0
98,0.0,1.0,14.879,1.0,3.0,10,166.08900569491,166.08900569491,pobre,0,0,500.0,630.33002,1.0,34.0,11,26,17103,2,0.0
97,1.0,1.0,14.879,,0.0,10,166.08900569491,166.08900569491,pobre,0,0,500.0,630.33002,1.0,34.0,6,26,17104,0,
98,1.0,1.0,14.879,1.0,1.0,10,166.08900569491,166.08900569491,pobre,0,0,500.0,630.33002,1.0,34.0,7,26,17104,0,
97,0.0,1.0,14.879,,0.0,8,166.08900569491,166.08900569491,pobre,0,6,500.0,660.0,1.0,26.0,15,26,17105,0,
98,0.0,1.0,14.879,0.0,3.0,8,166.08900569491,166.08900569491,pobre,0,6,500.0,660.0,1.0,26.0,16,26,17105,0,
97,1.0,1.0,14.879,0.0,3.0,8,166.08900569491,166.08900569491,pobre,0,6,500.0,660.0,1.0,26.0,13,26,17106,3,0.0
98,1.0,1.0,14.879,1.0,3.0,8,166.08900569491,166.08900569491,pobre,0,6,500.0,660.0,1.0,26.0,14,26,17106,3,0.0
97,0.0,1.0,14.879,1.0,3.0,8,166.08900569491,166.08900569491,pobre,0,6,500.0,660.0,1.0,26.0,10,26,17107,3,1.0
98,0.0,1.0,14.879,1.0,4.0,8,166.08900569491,166.08900569491,pobre,0,6,500.0,660.0,1.0,26.0,11,26,17107,3,1.0
97,0.0,1.0,14.879,1.0,2.0,6,166.08900569491,166.08900569491,pobre,0,4,500.0,526.0,1.0,30.0,10,26,17108,2,1.0
98,0.0,1.0,14.879,1.0,3.0,6,166.08900569491,166.08900569491,pobre,0,4,500.0,526.0,1.0,30.0,11,26,17108,2,1.0
97,1.0,1.0,14.879,1.0,1.0,6,166.08900569491,166.08900569491,pobre,0,4,500.0,526.0,1.0,30.0,7,26,17109,1,1.0
98,1.0,1.0,14.879,1.0,2.0,6,166.08900569491,166.08900569491,pobre,0,4,500.0,526.0,1.0,30.0,8,26,17109,1,1.0
97,0.0,1.0,14.879,1.0,0.0,7,166.08900569491,166.08900569491,pobre,0,0,625.0,592.5,1.0,46.0,6,26,17110,0,1.0
98,0.0,1.0,14.879,,,7,166.08900569491,166.08900569491,pobre,0,0,625.0,592.5,1.0,46.0,7,26,17110,0,1.0
97,0.0,1.0,14.879,1.0,2.0,7,166.08900569491,166.08900569491,pobre,0,0,625.0,592.5,1.0,46.0,14,26,17111,2,1.0
98,0.0,1.0,14.879,0.0,3.0,7,166.08900569491,166.08900569491,pobre,0,0,625.0,592.5,1.0,46.0,15,26,17111,2,1.0
97,0.0,1.0,14.879,1.0,2.0,7,166.08900569491,166.08900569491,pobre,0,0,625.0,592.5,1.0,46.0,11,26,17112,2,1.0
98,0.0,1.0,14.879,0.0,1.0,7,166.08900569491,166.08900569491,pobre,0,0,625.0,592.5,1.0,46.0,12,26,17112,2,1.0
97,0.0,1.0,14.879,1.0,3.0,4,166.08900569491,166.08900569491,pobre,0,0,500.0,727.0,1.0,51.0,10,26,17113,3,1.0
98,0.0,1.0,14.879,1.0,3.0,4,166.08900569491,166.08900569491,pobre,0,0,500.0,727.0,1.0,51.0,11,26,17113,3,1.0
97,1.0,1.0,14.879,,1.0,7,166.08900569491,166.08900569491,pobre,0,0,625.0,579.96997,1.0,45.0,7,26,17114,1,
98,1.0,1.0,14.879,,,7,166.08900569491,166.08900569491,pobre,0,0,625.0,579.96997,1.0,45.0,8,26,17114,1,
97,1.0,1.0,14.879,,1.0,7,166.08900569491,166.08900569491,pobre,0,0,625.0,579.96997,1.0,45.0,9,26,17115,1,
98,1.0,1.0,14.879,,,7,166.08900569491,166.08900569491,pobre,0,0,625.0,579.96997,1.0,45.0,10,26,17115,1,
97,1.0,1.0,14.879,,2.0,7,166.08900569491,166.08900569491,pobre,0,0,625.0,579.96997,1.0,45.0,11,26,17116,2,
98,1.0,1.0,14.879,,,7,166.08900569491,166.08900569491,pobre,0,0,625.0,579.96997,1.0,45.0,12,26,17116,2,
97,0.0,1.0,14.879,,0.0,8,166.08900569491,166.08900569491,pobre,0,0,625.0,595.66998,1.0,66.0,8,26,17117,0,
98,0.0,1.0,14.879,1.0,2.0,8,166.08900569491,166.08900569491,pobre,0,0,625.0,595.66998,1.0,66.0,9,26,17117,0,
97,0.0,1.0,14.879,,0.0,8,166.08900569491,166.08900569491,pobre,0,0,625.0,595.66998,1.0,66.0,11,26,17118,0,
98,0.0,1.0,14.879,1.0,6.0,8,166.08900569491,166.08900569491,pobre,0,0,625.0,595.66998,1.0,66.0,12,26,17118,0,
97,0.0,1.0,14.879,,0.0,8,166.08900569491,166.08900569491,pobre,0,0,625.0,595.66998,1.0,66.0,13,26,17119,0,
98,0.0,1.0,14.879,,,8,166.08900569491,166.08900569491,pobre,0,0,625.0,595.66998,1.0,66.0,14,26,17119,0,
97,0.0,1.0,14.879,,0.0,8,166.08900569491,166.08900569491,pobre,0,0,625.0,595.66998,1.0,66.0,15,26,17120,0,
98,0.0,1.0,14.879,,,8,166.08900569491,166.08900569491,pobre,0,0,625.0,595.66998,1.0,66.0,16,26,17120,0,
97,0.0,1.0,14.879,,0.0,9,166.08900569491,166.08900569491,pobre,0,0,625.0,540.5,1.0,68.0,15,26,17121,0,
98,0.0,1.0,14.879,0.0,3.0,9,166.08900569491,166.08900569491,pobre,0,0,625.0,540.5,1.0,68.0,16,26,17121,0,
97,1.0,1.0,14.879,1.0,2.0,9,166.08900569491,166.08900569491,pobre,0,0,625.0,540.5,1.0,68.0,12,26,17122,2,1.0
98,1.0,1.0,14.879,0.0,3.0,9,166.08900569491,166.08900569491,pobre,0,0,625.0,540.5,1.0,68.0,13,26,17122,2,1.0
97,0.0,1.0,14.879,1.0,3.0,9,166.08900569491,166.08900569491,pobre,0,0,625.0,540.5,1.0,68.0,10,26,17123,3,1.0
98,0.0,1.0,14.879,1.0,4.0,9,166.08900569491,166.08900569491,pobre,0,0,625.0,540.5,1.0,68.0,11,26,17123,3,1.0
97,0.0,1.0,14.879,1.0,0.0,9,166.08900569491,166.08900569491,pobre,0,0,625.0,540.5,1.0,68.0,7,26,17124,0,1.0
98,0.0,1.0,14.879,1.0,3.0,9,166.08900569491,166.08900569491,pobre,0,0,625.0,540.5,1.0,68.0,8,26,17124,0,1.0
97,1.0,1.0,14.879,,0.0,7,166.08900569491,166.08900569491,pobre,0,0,500.0,546.5,1.0,56.0,15,26,17125,0,
98,1.0,1.0,14.879,0.0,2.0,7,166.08900569491,166.08900569491,pobre,0,0,500.0,546.5,1.0,56.0,16,26,17125,0,
97,0.0,1.0,14.879,,0.0,7,166.08900569491,166.08900569491,pobre,0,0,500.0,546.5,1.0,56.0,12,26,17126,0,
98,0.0,1.0,14.879,,,7,166.08900569491,166.08900569491,pobre,0,0,500.0,546.5,1.0,56.0,13,26,17126,0,
97,1.0,1.0,14.879,,0.0,7,166.08900569491,166.08900569491,pobre,0,0,500.0,546.5,1.0,56.0,8,26,17127,0,
98,1.0,1.0,14.879,0.0,2.0,7,166.08900569491,166.08900569491,pobre,0,0,500.0,546.5,1.0,56.0,9,26,17127,0,
97,1.0,1.0,14.879,1.0,5.0,4,166.08900569491,166.08900569491,pobre,0,4,500.0,728.0,1.0,41.0,12,26,17128,5,1.0
98,1.0,1.0,14.879,1.0,6.0,4,166.08900569491,166.08900569491,pobre,0,4,500.0,728.0,1.0,41.0,13,26,17128,5,1.0
97,1.0,1.0,14.879,1.0,7.0,4,166.08900569491,166.08900569491,pobre,0,4,500.0,728.0,1.0,41.0,16,26,17129,7,1.0
98,1.0,1.0,14.879,1.0,7.0,4,166.08900569491,166.08900569491,pobre,0,4,500.0,728.0,1.0,41.0,17,26,17129,7,1.0
97,1.0,1.0,14.879,,0.0,7,166.08900569491,166.08900569491,pobre,0,0,500.0,499.47,1.0,35.0,7,26,17130,0,
98,1.0,1.0,14.879,0.0,1.0,7,166.08900569491,166.08900569491,pobre,0,0,500.0,499.47,1.0,35.0,8,26,17130,0,
97,1.0,1.0,14.879,,0.0,7,166.08900569491,166.08900569491,pobre,0,0,500.0,499.47,1.0,35.0,10,26,17131,0,
98,1.0,1.0,14.879,0.0,1.0,7,166.08900569491,166.08900569491,pobre,0,0,500.0,499.47,1.0,35.0,11,26,17131,0,
97,0.0,1.0,14.879,,0.0,7,166.08900569491,166.08900569491,pobre,0,0,500.0,499.47,1.0,35.0,15,26,17132,0,
98,0.0,1.0,14.879,,,7,166.08900569491,166.08900569491,pobre,0,0,500.0,499.47,1.0,35.0,16,26,17132,0,
97,0.0,1.0,14.879,,0.0,8,166.08900569491,166.08900569491,pobre,0,0,500.0,563.0,1.0,40.0,9,26,17133,0,
98,0.0,1.0,14.879,,,8,166.08900569491,166.08900569491,pobre,0,0,500.0,563.0,1.0,40.0,10,26,17133,0,
97,1.0,1.0,14.879,,0.0,8,166.08900569491,166.08900569491,pobre,0,0,500.0,563.0,1.0,40.0,14,26,17134,0,
98,1.0,1.0,14.879,0.0,5.0,8,166.08900569491,166.08900569491,pobre,0,0,500.0,563.0,1.0,40.0,15,26,17134,0,
97,0.0,1.0,14.879,,0.0,8,166.08900569491,166.08900569491,pobre,0,0,500.0,563.0,1.0,40.0,7,26,17135,0,
98,0.0,1.0,14.879,,,8,166.08900569491,166.08900569491,pobre,0,0,500.0,563.0,1.0,40.0,8,26,17135,0,
97,1.0,1.0,14.879,,0.0,7,166.08900569491,166.08900569491,pobre,0,0,375.0,559.5,1.0,34.0,16,26,17136,0,
98,1.0,1.0,14.879,,,7,166.08900569491,166.08900569491,pobre,0,0,375.0,559.5,1.0,34.0,17,26,17136,0,
97,0.0,1.0,14.879,,0.0,7,166.08900569491,166.08900569491,pobre,0,0,375.0,559.5,1.0,34.0,12,26,17137,0,
98,0.0,1.0,14.879,1.0,6.0,7,166.08900569491,166.08900569491,pobre,0,0,375.0,559.5,1.0,34.0,13,26,17137,0,
97,1.0,1.0,14.879,,0.0,7,166.08900569491,166.08900569491,pobre,0,0,375.0,559.5,1.0,34.0,7,26,17138,0,
98,1.0,1.0,14.879,1.0,2.0,7,166.08900569491,166.08900569491,pobre,0,0,375.0,559.5,1.0,34.0,8,26,17138,0,
97,1.0,1.0,14.879,,0.0,5,166.08900569491,166.08900569491,pobre,0,0,375.0,538.0,1.0,23.0,6,26,17139,0,
98,1.0,1.0,14.879,,,5,166.08900569491,166.08900569491,pobre,0,0,375.0,538.0,1.0,23.0,7,26,17139,0,
97,1.0,1.0,14.879,1.0,1.0,2,166.08900569491,166.08900569491,pobre,0,0,2000.0,641.0,0.0,37.0,11,26,17140,1,1.0
98,1.0,1.0,14.879,0.0,2.0,2,166.08900569491,166.08900569491,pobre,0,0,2000.0,641.0,0.0,37.0,12,26,17140,1,1.0
97,1.0,1.0,14.879,1.0,2.0,12,166.08900569491,166.08900569491,pobre,0,0,500.0,545.0,1.0,50.0,11,26,17141,2,1.0
98,1.0,1.0,14.879,,,12,166.08900569491,166.08900569491,pobre,0,0,500.0,545.0,1.0,50.0,12,26,17141,2,1.0
97,1.0,1.0,14.879,0.0,2.0,12,166.08900569491,166.08900569491,pobre,0,0,500.0,545.0,1.0,50.0,15,26,17142,2,0.0
98,1.0,1.0,14.879,,,12,166.08900569491,166.08900569491,pobre,0,0,500.0,545.0,1.0,50.0,16,26,17142,2,0.0
97,0.0,1.0,14.879,1.0,0.0,12,166.08900569491,166.08900569491,pobre,0,0,500.0,545.0,1.0,50.0,7,26,17143,0,1.0
98,0.0,1.0,14.879,1.0,0.0,12,166.08900569491,166.08900569491,pobre,0,0,500.0,545.0,1.0,50.0,8,26,17143,0,1.0
97,1.0,1.0,14.879,1.0,0.0,12,166.08900569491,166.08900569491,pobre,0,0,500.0,545.0,1.0,50.0,11,26,17144,0,1.0
98,1.0,1.0,14.879,1.0,3.0,12,166.08900569491,166.08900569491,pobre,0,0,500.0,545.0,1.0,50.0,12,26,17144,0,1.0
97,0.0,1.0,14.879,1.0,1.0,10,166.08900569491,166.08900569491,pobre,0,0,500.0,631.0,1.0,59.0,7,26,17145,1,1.0
98,0.0,1.0,14.879,,,10,166.08900569491,166.08900569491,pobre,0,0,500.0,631.0,1.0,59.0,8,26,17145,1,1.0
97,1.0,1.0,14.879,1.0,0.0,4,166.08900569491,166.08900569491,pobre,0,0,500.0,570.0,1.0,26.0,6,26,17146,0,1.0
98,1.0,1.0,14.879,1.0,0.0,4,166.08900569491,166.08900569491,pobre,0,0,500.0,570.0,1.0,26.0,7,26,17146,0,1.0
97,1.0,1.0,14.879,1.0,1.0,8,166.08900569491,166.08900569491,pobre,0,0,500.0,594.0,1.0,39.0,15,26,17147,1,1.0
98,1.0,1.0,14.879,0.0,2.0,8,166.08900569491,166.08900569491,pobre,0,0,500.0,594.0,1.0,39.0,16,26,17147,1,1.0
97,0.0,1.0,14.879,1.0,3.0,8,166.08900569491,166.08900569491,pobre,0,0,500.0,594.0,1.0,39.0,12,26,17148,3,1.0
98,0.0,1.0,14.879,1.0,3.0,8,166.08900569491,166.08900569491,pobre,0,0,500.0,594.0,1.0,39.0,13,26,17148,3,1.0
97,0.0,1.0,14.879,,0.0,8,166.08900569491,166.08900569491,pobre,0,0,500.0,594.0,1.0,39.0,8,26,17149,0,
98,0.0,1.0,14.879,1.0,0.0,8,166.08900569491,166.08900569491,pobre,0,0,500.0,594.0,1.0,39.0,9,26,17149,0,
97,1.0,1.0,14.879,1.0,3.0,6,166.08900569491,166.08900569491,pobre,0,0,500.0,671.0,1.0,36.0,12,26,17150,3,1.0
98,1.0,1.0,14.879,0.0,6.0,6,166.08900569491,166.08900569491,pobre,0,0,500.0,671.0,1.0,36.0,13,26,17150,3,1.0
97,0.0,1.0,14.879,1.0,0.0,6,166.08900569491,166.08900569491,pobre,0,0,500.0,671.0,1.0,36.0,8,26,17151,0,1.0
98,0.0,1.0,14.879,1.0,1.0,6,166.08900569491,166.08900569491,pobre,0,0,500.0,671.0,1.0,36.0,9,26,17151,0,1.0
97,0.0,1.0,14.879,1.0,1.0,7,166.08900569491,166.08900569491,pobre,0,1,500.0,571.5,1.0,41.0,10,26,17152,1,1.0
98,0.0,1.0,14.879,,,7,166.08900569491,166.08900569491,pobre,0,1,500.0,571.5,1.0,41.0,11,26,17152,1,1.0
97,0.0,1.0,14.879,1.0,1.0,4,166.08900569491,166.08900569491,pobre,0,0,500.0,616.0,1.0,75.0,10,26,17153,1,1.0
98,0.0,1.0,14.879,1.0,2.0,4,166.08900569491,166.08900569491,pobre,0,0,500.0,616.0,1.0,75.0,11,26,17153,1,1.0
97,1.0,1.0,14.879,1.0,5.0,4,166.08900569491,166.08900569491,pobre,0,0,500.0,600.0,1.0,46.0,14,26,17154,5,1.0
98,1.0,1.0,14.879,0.0,6.0,4,166.08900569491,166.08900569491,pobre,0,0,500.0,600.0,1.0,46.0,15,26,17154,5,1.0
97,0.0,1.0,14.879,1.0,4.0,6,166.08900569491,166.08900569491,pobre,0,0,0.0,631.0,0.0,32.0,14,26,17155,4,1.0
98,0.0,1.0,14.879,1.0,5.0,6,166.08900569491,166.08900569491,pobre,0,0,0.0,631.0,0.0,32.0,15,26,17155,4,1.0
97,1.0,1.0,14.879,1.0,6.0,6,166.08900569491,166.08900569491,pobre,0,0,0.0,631.0,0.0,32.0,13,26,17156,6,1.0
98,1.0,1.0,14.879,1.0,7.0,6,166.08900569491,166.08900569491,pobre,0,0,0.0,631.0,0.0,32.0,14,26,17156,6,1.0
97,0.0,1.0,14.879,1.0,2.0,6,166.08900569491,166.08900569491,pobre,0,0,0.0,631.0,0.0,32.0,8,26,17157,2,1.0
98,0.0,1.0,14.879,1.0,3.0,6,166.08900569491,166.08900569491,pobre,0,0,0.0,631.0,0.0,32.0,9,26,17157,2,1.0
97,1.0,1.0,14.879,0.0,4.0,4,166.08900569491,166.08900569491,pobre,0,0,625.0,646.0,1.0,46.0,16,26,17158,4,0.0
98,1.0,1.0,14.879,,,4,166.08900569491,166.08900569491,pobre,0,0,625.0,646.0,1.0,46.0,17,26,17158,4,0.0
97,0.0,1.0,14.879,,0.0,7,166.08900569491,166.08900569491,pobre,0,0,625.0,488.0,1.0,38.0,6,26,17159,0,
98,0.0,1.0,14.879,1.0,0.0,7,166.08900569491,166.08900569491,pobre,0,0,625.0,488.0,1.0,38.0,7,26,17159,0,
97,0.0,1.0,14.879,1.0,2.0,7,166.08900569491,166.08900569491,pobre,0,0,625.0,488.0,1.0,38.0,11,26,17160,2,1.0
98,0.0,1.0,14.879,1.0,1.0,7,166.08900569491,166.08900569491,pobre,0,0,625.0,488.0,1.0,38.0,12,26,17160,2,1.0
97,1.0,1.0,14.879,1.0,0.0,7,166.08900569491,166.08900569491,pobre,0,0,625.0,488.0,1.0,38.0,9,26,17161,0,1.0
98,1.0,1.0,14.879,1.0,0.0,7,166.08900569491,166.08900569491,pobre,0,0,625.0,488.0,1.0,38.0,10,26,17161,0,1.0
97,1.0,1.0,14.879,,0.0,7,166.08900569491,166.08900569491,pobre,0,0,0.0,727.5,1.0,51.0,6,26,17162,0,
98,1.0,1.0,14.879,1.0,0.0,7,166.08900569491,166.08900569491,pobre,0,0,0.0,727.5,1.0,51.0,7,26,17162,0,
97,0.0,1.0,14.879,,0.0,6,166.08900569491,166.08900569491,pobre,0,0,0.0,766.0,1.0,70.0,16,26,17163,0,
98,0.0,1.0,14.879,,,6,166.08900569491,166.08900569491,pobre,0,0,0.0,766.0,1.0,70.0,17,26,17163,0,
97,1.0,1.0,14.879,1.0,1.0,5,166.08900569491,166.08900569491,pobre,0,0,500.0,538.46997,1.0,26.0,10,26,17164,1,1.0
98,1.0,1.0,14.879,0.0,3.0,5,166.08900569491,166.08900569491,pobre,0,0,500.0,538.46997,1.0,26.0,11,26,17164,1,1.0
97,1.0,1.0,14.879,,0.0,5,166.08900569491,166.08900569491,pobre,0,0,500.0,538.46997,1.0,26.0,8,26,17165,0,
98,1.0,1.0,14.879,0.0,2.0,5,166.08900569491,166.08900569491,pobre,0,0,500.0,538.46997,1.0,26.0,9,26,17165,0,
97,0.0,1.0,14.879,,0.0,5,166.08900569491,166.08900569491,pobre,0,0,500.0,538.46997,1.0,26.0,6,26,17166,0,
98,0.0,1.0,14.879,0.0,1.0,5,166.08900569491,166.08900569491,pobre,0,0,500.0,538.46997,1.0,26.0,7,26,17166,0,
97,1.0,1.0,14.879,1.0,0.0,7,166.08900569491,166.08900569491,pobre,0,0,625.0,479.0,1.0,25.0,8,26,17167,0,1.0
98,1.0,1.0,14.879,1.0,2.0,7,166.08900569491,166.08900569491,pobre,0,0,625.0,479.0,1.0,25.0,9,26,17167,0,1.0
97,0.0,1.0,14.879,1.0,0.0,7,166.08900569491,166.08900569491,pobre,0,0,625.0,479.0,1.0,25.0,6,26,17168,0,1.0
98,0.0,1.0,14.879,1.0,1.0,7,166.08900569491,166.08900569491,pobre,0,0,625.0,479.0,1.0,25.0,7,26,17168,0,1.0
97,0.0,1.0,14.879,1.0,0.0,9,166.08900569491,166.08900569491,pobre,0,0,0.0,737.0,1.0,80.0,6,26,17169,0,1.0
98,0.0,1.0,14.879,1.0,1.0,9,166.08900569491,166.08900569491,pobre,0,0,0.0,737.0,1.0,80.0,7,26,17169,0,1.0
97,0.0,1.0,14.879,,0.0,9,166.08900569491,166.08900569491,pobre,0,0,0.0,737.0,1.0,80.0,14,26,17170,0,
98,0.0,1.0,14.879,,,9,166.08900569491,166.08900569491,pobre,0,0,0.0,737.0,1.0,80.0,15,26,17170,0,
97,0.0,1.0,14.879,1.0,4.0,9,166.08900569491,166.08900569491,pobre,0,0,0.0,737.0,1.0,80.0,13,26,17171,4,1.0
98,0.0,1.0,14.879,1.0,6.0,9,166.08900569491,166.08900569491,pobre,0,0,0.0,737.0,1.0,80.0,14,26,17171,4,1.0
97,0.0,1.0,14.879,1.0,0.0,6,166.08900569491,166.08900569491,pobre,0,0,0.0,554.0,1.0,23.0,8,26,17172,0,1.0
98,0.0,1.0,14.879,1.0,1.0,6,166.08900569491,166.08900569491,pobre,0,0,0.0,554.0,1.0,23.0,9,26,17172,0,1.0
97,1.0,1.0,14.879,1.0,0.0,6,166.08900569491,166.08900569491,pobre,0,0,0.0,554.0,1.0,23.0,6,26,17173,0,1.0
98,1.0,1.0,14.879,1.0,0.0,6,166.08900569491,166.08900569491,pobre,0,0,0.0,554.0,1.0,23.0,7,26,17173,0,1.0
97,0.0,1.0,14.879,,0.0,5,166.08900569491,166.08900569491,pobre,0,0,625.0,677.0,1.0,38.0,15,26,17174,0,
98,0.0,1.0,14.879,,,5,166.08900569491,166.08900569491,pobre,0,0,625.0,677.0,1.0,38.0,16,26,17174,0,
97,1.0,1.0,14.879,1.0,0.0,5,166.08900569491,166.08900569491,pobre,0,0,625.0,677.0,1.0,38.0,9,26,17175,0,1.0
98,1.0,1.0,14.879,1.0,1.0,5,166.08900569491,166.08900569491,pobre,0,0,625.0,677.0,1.0,38.0,10,26,17175,0,1.0
97,0.0,1.0,14.879,1.0,0.0,5,166.08900569491,166.08900569491,pobre,0,0,625.0,677.0,1.0,38.0,6,26,17176,0,1.0
98,0.0,1.0,14.879,1.0,0.0,5,166.08900569491,166.08900569491,pobre,0,0,625.0,677.0,1.0,38.0,7,26,17176,0,1.0
97,1.0,1.0,14.879,1.0,0.0,8,166.08900569491,166.08900569491,pobre,0,3,500.0,480.47,1.0,25.0,6,26,17177,0,1.0
98,1.0,1.0,14.879,1.0,0.0,8,166.08900569491,166.08900569491,pobre,0,3,500.0,480.47,1.0,25.0,7,26,17177,0,1.0
97,0.0,1.0,14.879,,0.0,8,166.08900569491,166.08900569491,pobre,0,3,500.0,480.47,1.0,25.0,12,26,17178,0,
98,0.0,1.0,14.879,1.0,2.0,8,166.08900569491,166.08900569491,pobre,0,3,500.0,480.47,1.0,25.0,13,26,17178,0,
97,0.0,1.0,14.879,,0.0,7,166.08900569491,166.08900569491,pobre,0,1,500.0,673.5,1.0,44.0,10,26,17179,0,
98,0.0,1.0,14.879,0.0,2.0,7,166.08900569491,166.08900569491,pobre,0,1,500.0,673.5,1.0,44.0,11,26,17179,0,
97,0.0,1.0,14.879,1.0,1.0,7,166.08900569491,166.08900569491,pobre,0,1,500.0,673.5,1.0,44.0,7,26,17180,1,1.0
98,0.0,1.0,14.879,1.0,1.0,7,166.08900569491,166.08900569491,pobre,0,1,500.0,673.5,1.0,44.0,8,26,17180,1,1.0
97,0.0,1.0,14.879,1.0,1.0,5,166.08900569491,166.08900569491,pobre,0,0,500.0,734.5,1.0,54.0,6,26,17181,1,1.0
98,0.0,1.0,14.879,1.0,1.0,5,166.08900569491,166.08900569491,pobre,0,0,500.0,734.5,1.0,54.0,7,26,17181,1,1.0
97,0.0,1.0,14.879,,0.0,5,166.08900569491,166.08900569491,pobre,0,0,500.0,734.5,1.0,54.0,13,26,17182,0,
98,0.0,1.0,14.879,0.0,2.0,5,166.08900569491,166.08900569491,pobre,0,0,500.0,734.5,1.0,54.0,14,26,17182,0,
97,1.0,1.0,14.879,0.0,1.0,5,166.08900569491,166.08900569491,pobre,0,0,500.0,734.5,1.0,54.0,16,26,17183,1,0.0
98,1.0,1.0,14.879,,,5,166.08900569491,166.08900569491,pobre,0,0,500.0,734.5,1.0,54.0,17,26,17183,1,0.0
97,0.0,1.0,14.879,1.0,1.0,5,166.08900569491,166.08900569491,pobre,0,0,0.0,569.0,1.0,50.0,8,26,17184,1,1.0
98,0.0,1.0,14.879,1.0,2.0,5,166.08900569491,166.08900569491,pobre,0,0,0.0,569.0,1.0,50.0,9,26,17184,1,1.0
97,1.0,1.0,14.879,1.0,1.0,5,166.08900569491,166.08900569491,pobre,0,0,0.0,569.0,1.0,50.0,13,26,17185,1,1.0
98,1.0,1.0,14.879,1.0,1.0,5,166.08900569491,166.08900569491,pobre,0,0,0.0,569.0,1.0,50.0,14,26,17185,1,1.0
97,1.0,0.0,5.2420001,1.0,5.0,3,132.0014944031271,132.0014944031271,pobre,basal,3,0.0,791.0,0.0,22.0,10,6,17186,5,1.0
98,1.0,0.0,5.2420001,1.0,6.0,3,132.0014944031271,132.0014944031271,pobre,basal,3,0.0,791.0,0.0,22.0,11,6,17186,5,1.0
97,1.0,0.0,5.2420001,1.0,0.0,3,132.0014944031271,132.0014944031271,pobre,basal,3,0.0,791.0,0.0,22.0,7,6,17187,0,1.0
98,1.0,0.0,5.2420001,1.0,1.0,3,132.0014944031271,132.0014944031271,pobre,basal,3,0.0,791.0,0.0,22.0,8,6,17187,0,1.0
97,1.0,0.0,5.2420001,1.0,6.0,8,132.0014944031271,132.0014944031271,pobre,basal,0,0.0,717.0,1.0,68.0,10,6,17188,6,1.0
98,1.0,0.0,5.2420001,1.0,7.0,8,132.0014944031271,132.0014944031271,pobre,basal,0,0.0,717.0,1.0,68.0,11,6,17188,6,1.0
97,1.0,0.0,5.2420001,1.0,1.0,8,132.0014944031271,132.0014944031271,pobre,basal,0,0.0,717.0,1.0,68.0,7,6,17189,1,1.0
98,1.0,0.0,5.2420001,1.0,1.0,8,132.0014944031271,132.0014944031271,pobre,basal,0,0.0,717.0,1.0,68.0,8,6,17189,1,1.0
97,0.0,0.0,5.2420001,1.0,5.0,5,132.0014944031271,132.0014944031271,pobre,basal,0,0.0,659.0,1.0,62.0,11,6,17190,5,1.0
98,0.0,0.0,5.2420001,0.0,6.0,5,132.0014944031271,132.0014944031271,pobre,basal,0,0.0,659.0,1.0,62.0,12,6,17190,5,1.0
97,0.0,0.0,5.2420001,1.0,0.0,5,132.0014944031271,132.0014944031271,pobre,basal,0,0.0,659.0,1.0,62.0,7,6,17191,0,1.0
98,0.0,0.0,5.2420001,0.0,0.0,5,132.0014944031271,132.0014944031271,pobre,basal,0,0.0,659.0,1.0,62.0,8,6,17191,0,1.0
97,0.0,0.0,5.2420001,1.0,5.0,5,132.0014944031271,132.0014944031271,pobre,basal,0,0.0,668.0,1.0,45.0,11,6,17192,5,1.0
98,0.0,0.0,5.2420001,1.0,6.0,5,132.0014944031271,132.0014944031271,pobre,basal,0,0.0,668.0,1.0,45.0,12,6,17192,5,1.0
97,1.0,0.0,5.2420001,1.0,1.0,5,132.0014944031271,132.0014944031271,pobre,basal,0,0.0,668.0,1.0,45.0,8,6,17193,1,1.0
98,1.0,0.0,5.2420001,1.0,2.0,5,132.0014944031271,132.0014944031271,pobre,basal,0,0.0,668.0,1.0,45.0,9,6,17193,1,1.0
97,0.0,0.0,5.2420001,1.0,0.0,5,132.0014944031271,132.0014944031271,pobre,basal,0,0.0,668.0,1.0,45.0,6,6,17194,0,1.0
98,0.0,0.0,5.2420001,1.0,1.0,5,132.0014944031271,132.0014944031271,pobre,basal,0,0.0,668.0,1.0,45.0,7,6,17194,0,1.0
97,1.0,0.0,5.2420001,1.0,5.0,3,132.0014944031271,132.0014944031271,pobre,basal,2,0.0,737.0,1.0,53.0,13,6,17195,5,1.0
98,1.0,0.0,5.2420001,1.0,6.0,3,132.0014944031271,132.0014944031271,pobre,basal,2,0.0,737.0,1.0,53.0,14,6,17195,5,1.0
97,0.0,0.0,5.2420001,1.0,5.0,8,132.0014944031271,132.0014944031271,pobre,basal,6,0.0,600.0,1.0,32.0,11,6,17196,5,1.0
98,0.0,0.0,5.2420001,1.0,6.0,8,132.0014944031271,132.0014944031271,pobre,basal,6,0.0,600.0,1.0,32.0,12,6,17196,5,1.0
97,1.0,0.0,5.2420001,1.0,3.0,8,132.0014944031271,132.0014944031271,pobre,basal,6,0.0,600.0,1.0,32.0,9,6,17197,3,1.0
98,1.0,0.0,5.2420001,1.0,4.0,8,132.0014944031271,132.0014944031271,pobre,basal,6,0.0,600.0,1.0,32.0,10,6,17197,3,1.0
97,0.0,0.0,5.2420001,1.0,0.0,8,132.0014944031271,132.0014944031271,pobre,basal,6,0.0,600.0,1.0,32.0,7,6,17198,0,1.0
98,0.0,0.0,5.2420001,1.0,1.0,8,132.0014944031271,132.0014944031271,pobre,basal,6,0.0,600.0,1.0,32.0,8,6,17198,0,1.0
97,0.0,0.0,5.2420001,1.0,1.0,4,132.0014944031271,132.0014944031271,no pobre,basal,9,0.0,790.0,1.0,36.0,7,6,17199,1,1.0
98,0.0,0.0,5.2420001,1.0,1.0,4,132.0014944031271,132.0014944031271,no pobre,basal,9,0.0,790.0,1.0,36.0,8,6,17199,1,1.0
97,1.0,0.0,5.2420001,1.0,7.0,5,132.0014944031271,132.0014944031271,pobre,basal,4,0.0,693.0,1.0,35.0,14,6,17200,7,1.0
98,1.0,0.0,5.2420001,1.0,8.0,5,132.0014944031271,132.0014944031271,pobre,basal,4,0.0,693.0,1.0,35.0,15,6,17200,7,1.0
97,1.0,0.0,5.2420001,1.0,3.0,5,132.0014944031271,132.0014944031271,pobre,basal,4,0.0,693.0,1.0,35.0,12,6,17201,3,1.0
98,1.0,0.0,5.2420001,1.0,4.0,5,132.0014944031271,132.0014944031271,pobre,basal,4,0.0,693.0,1.0,35.0,13,6,17201,3,1.0
97,1.0,0.0,5.2420001,1.0,2.0,5,132.0014944031271,132.0014944031271,pobre,basal,4,0.0,693.0,1.0,35.0,9,6,17202,2,1.0
98,1.0,0.0,5.2420001,1.0,3.0,5,132.0014944031271,132.0014944031271,pobre,basal,4,0.0,693.0,1.0,35.0,10,6,17202,2,1.0
97,0.0,0.0,5.2420001,1.0,6.0,6,132.0014944031271,132.0014944031271,no pobre,basal,6,0.0,850.0,1.0,42.0,12,6,17203,6,1.0
98,0.0,0.0,5.2420001,1.0,7.0,6,132.0014944031271,132.0014944031271,no pobre,basal,6,0.0,850.0,1.0,42.0,13,6,17203,6,1.0
97,1.0,1.0,5.2420001,1.0,5.0,5,132.0014944031271,132.0014944031271,pobre,basal,0,0.0,771.75,1.0,40.0,13,6,17204,5,1.0
98,1.0,1.0,5.2420001,1.0,7.0,5,132.0014944031271,132.0014944031271,pobre,basal,0,0.0,771.75,1.0,40.0,14,6,17204,5,1.0
97,1.0,0.0,5.2420001,1.0,7.0,10,132.0014944031271,132.0014944031271,pobre,basal,0,0.0,709.5,1.0,48.0,14,6,17205,7,1.0
98,1.0,0.0,5.2420001,,,10,132.0014944031271,132.0014944031271,pobre,basal,0,0.0,709.5,1.0,48.0,15,6,17205,7,1.0
97,1.0,0.0,5.2420001,0.0,6.0,10,132.0014944031271,132.0014944031271,pobre,basal,0,0.0,709.5,1.0,48.0,13,6,17206,6,0.0
98,1.0,0.0,5.2420001,,,10,132.0014944031271,132.0014944031271,pobre,basal,0,0.0,709.5,1.0,48.0,14,6,17206,6,0.0
97,1.0,0.0,5.2420001,1.0,4.0,10,132.0014944031271,132.0014944031271,pobre,basal,0,0.0,709.5,1.0,48.0,10,6,17207,4,1.0
98,1.0,0.0,5.2420001,1.0,5.0,10,132.0014944031271,132.0014944031271,pobre,basal,0,0.0,709.5,1.0,48.0,11,6,17207,4,1.0
97,1.0,0.0,5.2420001,1.0,0.0,10,132.0014944031271,132.0014944031271,pobre,basal,0,0.0,709.5,1.0,48.0,8,6,17208,0,1.0
98,1.0,0.0,5.2420001,1.0,1.0,10,132.0014944031271,132.0014944031271,pobre,basal,0,0.0,709.5,1.0,48.0,9,6,17208,0,1.0
97,1.0,0.0,5.2420001,1.0,0.0,10,132.0014944031271,132.0014944031271,pobre,basal,0,0.0,709.5,1.0,48.0,7,6,17209,0,1.0
98,1.0,0.0,5.2420001,1.0,1.0,10,132.0014944031271,132.0014944031271,pobre,basal,0,0.0,709.5,1.0,48.0,8,6,17209,0,1.0
97,1.0,,5.2420001,1.0,7.0,6,132.0014944031271,132.0014944031271,pobre,basal,0,0.0,750.0,1.0,38.0,15,6,17210,7,1.0
98,1.0,,5.2420001,1.0,8.0,6,132.0014944031271,132.0014944031271,pobre,basal,0,0.0,750.0,1.0,38.0,16,6,17210,7,1.0
97,1.0,,5.2420001,1.0,6.0,6,132.0014944031271,132.0014944031271,pobre,basal,0,0.0,750.0,1.0,38.0,13,6,17211,6,1.0
98,1.0,,5.2420001,1.0,6.0,6,132.0014944031271,132.0014944031271,pobre,basal,0,0.0,750.0,1.0,38.0,14,6,17211,6,1.0
97,1.0,,5.2420001,1.0,3.0,6,132.0014944031271,132.0014944031271,pobre,basal,0,0.0,750.0,1.0,38.0,10,6,17212,3,1.0
98,1.0,,5.2420001,1.0,4.0,6,132.0014944031271,132.0014944031271,pobre,basal,0,0.0,750.0,1.0,38.0,11,6,17212,3,1.0
97,1.0,0.0,5.2420001,1.0,6.0,10,132.0014944031271,132.0014944031271,pobre,basal,1,750.0,734.33002,1.0,45.0,15,6,17213,6,1.0
98,1.0,0.0,5.2420001,0.0,6.0,10,132.0014944031271,132.0014944031271,pobre,basal,1,750.0,734.33002,1.0,45.0,16,6,17213,6,1.0
97,1.0,0.0,5.2420001,1.0,5.0,10,132.0014944031271,132.0014944031271,pobre,basal,1,750.0,734.33002,1.0,45.0,14,6,17214,5,1.0
98,1.0,0.0,5.2420001,1.0,6.0,10,132.0014944031271,132.0014944031271,pobre,basal,1,750.0,734.33002,1.0,45.0,15,6,17214,5,1.0
97,1.0,0.0,5.2420001,1.0,2.0,10,132.0014944031271,132.0014944031271,pobre,basal,1,750.0,734.33002,1.0,45.0,13,6,17215,2,1.0
98,1.0,0.0,5.2420001,1.0,3.0,10,132.0014944031271,132.0014944031271,pobre,basal,1,750.0,734.33002,1.0,45.0,14,6,17215,2,1.0
97,1.0,0.0,5.2420001,1.0,2.0,10,132.0014944031271,132.0014944031271,pobre,basal,1,750.0,734.33002,1.0,45.0,11,6,17216,2,1.0
98,1.0,0.0,5.2420001,1.0,3.0,10,132.0014944031271,132.0014944031271,pobre,basal,1,750.0,734.33002,1.0,45.0,12,6,17216,2,1.0
97,1.0,0.0,5.2420001,1.0,1.0,10,132.0014944031271,132.0014944031271,pobre,basal,1,750.0,734.33002,1.0,45.0,10,6,17217,1,1.0
98,1.0,0.0,5.2420001,1.0,2.0,10,132.0014944031271,132.0014944031271,pobre,basal,1,750.0,734.33002,1.0,45.0,11,6,17217,1,1.0
97,0.0,0.0,5.2420001,1.0,1.0,10,132.0014944031271,132.0014944031271,pobre,basal,1,750.0,734.33002,1.0,45.0,9,6,17218,1,1.0
98,0.0,0.0,5.2420001,1.0,2.0,10,132.0014944031271,132.0014944031271,pobre,basal,1,750.0,734.33002,1.0,45.0,10,6,17218,1,1.0
97,1.0,0.0,5.2420001,1.0,1.0,10,132.0014944031271,132.0014944031271,pobre,basal,1,750.0,734.33002,1.0,45.0,7,6,17219,1,1.0
98,1.0,0.0,5.2420001,1.0,1.0,10,132.0014944031271,132.0014944031271,pobre,basal,1,750.0,734.33002,1.0,45.0,8,6,17219,1,1.0
97,0.0,0.0,5.2420001,1.0,9.0,5,132.0014944031271,132.0014944031271,no pobre,basal,6,160.0,842.5,1.0,48.0,16,6,17220,9,1.0
98,0.0,0.0,5.2420001,1.0,10.0,5,132.0014944031271,132.0014944031271,no pobre,basal,6,160.0,842.5,1.0,48.0,17,6,17220,9,1.0
97,1.0,0.0,5.2420001,1.0,5.0,5,132.0014944031271,132.0014944031271,no pobre,basal,6,160.0,842.5,1.0,48.0,14,6,17221,5,1.0
98,1.0,0.0,5.2420001,1.0,6.0,5,132.0014944031271,132.0014944031271,no pobre,basal,6,160.0,842.5,1.0,48.0,15,6,17221,5,1.0
97,1.0,0.0,5.2420001,1.0,4.0,5,132.0014944031271,132.0014944031271,no pobre,basal,6,160.0,842.5,1.0,48.0,12,6,17222,4,1.0
98,1.0,0.0,5.2420001,1.0,5.0,5,132.0014944031271,132.0014944031271,no pobre,basal,6,160.0,842.5,1.0,48.0,13,6,17222,4,1.0
97,0.0,0.0,5.2420001,1.0,5.0,6,132.0014944031271,132.0014944031271,pobre,basal,3,200.0,705.0,1.0,40.0,12,6,17223,5,1.0
98,0.0,0.0,5.2420001,1.0,6.0,6,132.0014944031271,132.0014944031271,pobre,basal,3,200.0,705.0,1.0,40.0,13,6,17223,5,1.0
97,1.0,0.0,5.2420001,1.0,4.0,6,132.0014944031271,132.0014944031271,pobre,basal,3,200.0,705.0,1.0,40.0,10,6,17224,4,1.0
98,1.0,0.0,5.2420001,1.0,5.0,6,132.0014944031271,132.0014944031271,pobre,basal,3,200.0,705.0,1.0,40.0,11,6,17224,4,1.0
97,0.0,0.0,5.2420001,1.0,0.0,6,132.0014944031271,132.0014944031271,pobre,basal,3,200.0,705.0,1.0,40.0,7,6,17225,0,1.0
98,0.0,0.0,5.2420001,1.0,1.0,6,132.0014944031271,132.0014944031271,pobre,basal,3,200.0,705.0,1.0,40.0,8,6,17225,0,1.0
97,1.0,0.0,5.2420001,1.0,3.0,3,132.0014944031271,132.0014944031271,pobre,basal,5,375.0,735.0,1.0,49.0,10,6,17226,3,1.0
98,1.0,0.0,5.2420001,1.0,4.0,3,132.0014944031271,132.0014944031271,pobre,basal,5,375.0,735.0,1.0,49.0,11,6,17226,3,1.0
97,0.0,0.0,5.2420001,1.0,4.0,5,132.0014944031271,132.0014944031271,pobre,basal,0,0.0,717.0,0.0,57.0,12,6,17227,4,1.0
98,0.0,0.0,5.2420001,1.0,5.0,5,132.0014944031271,132.0014944031271,pobre,basal,0,0.0,717.0,0.0,57.0,13,6,17227,4,1.0
97,1.0,0.0,5.2420001,1.0,2.0,5,132.0014944031271,132.0014944031271,pobre,basal,0,0.0,717.0,0.0,57.0,7,6,17228,2,1.0
98,1.0,0.0,5.2420001,1.0,3.0,5,132.0014944031271,132.0014944031271,pobre,basal,0,0.0,717.0,0.0,57.0,8,6,17228,2,1.0
97,1.0,0.0,5.2420001,1.0,7.0,5,132.0014944031271,132.0014944031271,pobre,basal,2,750.0,695.0,1.0,50.0,14,6,17229,7,1.0
98,1.0,0.0,5.2420001,1.0,8.0,5,132.0014944031271,132.0014944031271,pobre,basal,2,750.0,695.0,1.0,50.0,15,6,17229,7,1.0
97,1.0,0.0,5.2420001,1.0,2.0,8,132.0014944031271,132.0014944031271,pobre,basal,0,0.0,544.79999,1.0,42.0,16,6,17230,2,1.0
98,1.0,0.0,5.2420001,1.0,3.0,8,132.0014944031271,132.0014944031271,pobre,basal,0,0.0,544.79999,1.0,42.0,17,6,17230,2,1.0
97,1.0,0.0,5.2420001,0.0,2.0,8,132.0014944031271,132.0014944031271,pobre,basal,0,0.0,544.79999,1.0,42.0,13,6,17231,2,0.0
98,1.0,0.0,5.2420001,1.0,2.0,8,132.0014944031271,132.0014944031271,pobre,basal,0,0.0,544.79999,1.0,42.0,14,6,17231,2,0.0
97,0.0,0.0,5.2420001,1.0,3.0,8,132.0014944031271,132.0014944031271,pobre,basal,0,0.0,544.79999,1.0,42.0,12,6,17232,3,1.0
98,0.0,0.0,5.2420001,1.0,4.0,8,132.0014944031271,132.0014944031271,pobre,basal,0,0.0,544.79999,1.0,42.0,13,6,17232,3,1.0
97,1.0,0.0,5.2420001,,0.0,8,132.0014944031271,132.0014944031271,pobre,basal,0,0.0,544.79999,1.0,42.0,7,6,17233,0,
98,1.0,0.0,5.2420001,1.0,2.0,8,132.0014944031271,132.0014944031271,pobre,basal,0,0.0,544.79999,1.0,42.0,8,6,17233,0,
97,0.0,0.0,5.2420001,1.0,6.0,6,132.0014944031271,132.0014944031271,pobre,basal,2,120.0,684.5,1.0,38.0,13,6,17234,6,1.0
98,0.0,0.0,5.2420001,0.0,6.0,6,132.0014944031271,132.0014944031271,pobre,basal,2,120.0,684.5,1.0,38.0,14,6,17234,6,1.0
97,0.0,0.0,5.2420001,1.0,4.0,6,132.0014944031271,132.0014944031271,pobre,basal,2,120.0,684.5,1.0,38.0,9,6,17235,4,1.0
98,0.0,0.0,5.2420001,1.0,5.0,6,132.0014944031271,132.0014944031271,pobre,basal,2,120.0,684.5,1.0,38.0,10,6,17235,4,1.0
97,1.0,0.0,5.2420001,1.0,0.0,6,132.0014944031271,132.0014944031271,pobre,basal,2,120.0,684.5,1.0,38.0,7,6,17236,0,1.0
98,1.0,0.0,5.2420001,1.0,1.0,6,132.0014944031271,132.0014944031271,pobre,basal,2,120.0,684.5,1.0,38.0,8,6,17236,0,1.0
97,0.0,0.0,5.2420001,1.0,4.0,8,132.0014944031271,132.0014944031271,pobre,basal,5,0.0,515.0,1.0,33.0,13,6,17237,4,1.0
98,0.0,0.0,5.2420001,1.0,5.0,8,132.0014944031271,132.0014944031271,pobre,basal,5,0.0,515.0,1.0,33.0,14,6,17237,4,1.0
97,1.0,0.0,5.2420001,1.0,0.0,8,132.0014944031271,132.0014944031271,pobre,basal,5,0.0,515.0,1.0,33.0,8,6,17238,0,1.0
98,1.0,0.0,5.2420001,1.0,1.0,8,132.0014944031271,132.0014944031271,pobre,basal,5,0.0,515.0,1.0,33.0,9,6,17238,0,1.0
97,0.0,0.0,5.2420001,1.0,0.0,8,132.0014944031271,132.0014944031271,pobre,basal,5,0.0,515.0,1.0,33.0,6,6,17239,0,1.0
98,0.0,0.0,5.2420001,1.0,0.0,8,132.0014944031271,132.0014944031271,pobre,basal,5,0.0,515.0,1.0,33.0,7,6,17239,0,1.0
97,0.0,0.0,5.2420001,1.0,8.0,7,132.0014944031271,132.0014944031271,pobre,basal,6,0.0,794.20001,1.0,45.0,15,6,17240,8,1.0
98,0.0,0.0,5.2420001,0.0,9.0,7,132.0014944031271,132.0014944031271,pobre,basal,6,0.0,794.20001,1.0,45.0,16,6,17240,8,1.0
97,1.0,0.0,5.2420001,1.0,7.0,7,132.0014944031271,132.0014944031271,pobre,basal,6,0.0,794.20001,1.0,45.0,14,6,17241,7,1.0
98,1.0,0.0,5.2420001,1.0,8.0,7,132.0014944031271,132.0014944031271,pobre,basal,6,0.0,794.20001,1.0,45.0,15,6,17241,7,1.0
97,1.0,0.0,5.2420001,1.0,2.0,6,132.0014944031271,132.0014944031271,pobre,basal,2,0.0,663.0,1.0,27.0,8,6,17242,2,1.0
98,1.0,0.0,5.2420001,1.0,3.0,6,132.0014944031271,132.0014944031271,pobre,basal,2,0.0,663.0,1.0,27.0,9,6,17242,2,1.0
97,0.0,0.0,5.2420001,1.0,3.0,6,132.0014944031271,132.0014944031271,pobre,basal,1,0.0,732.5,1.0,54.0,11,6,17243,3,1.0
98,0.0,0.0,5.2420001,1.0,4.0,6,132.0014944031271,132.0014944031271,pobre,basal,1,0.0,732.5,1.0,54.0,12,6,17243,3,1.0
97,1.0,0.0,5.2420001,1.0,8.0,7,132.0014944031271,132.0014944031271,pobre,basal,1,0.0,552.20001,1.0,59.0,13,6,17244,8,1.0
98,1.0,0.0,5.2420001,1.0,8.0,7,132.0014944031271,132.0014944031271,pobre,basal,1,0.0,552.20001,1.0,59.0,14,6,17244,8,1.0
97,1.0,0.0,5.2420001,1.0,4.0,7,132.0014944031271,132.0014944031271,pobre,basal,1,0.0,552.20001,1.0,59.0,11,6,17245,4,1.0
98,1.0,0.0,5.2420001,1.0,5.0,7,132.0014944031271,132.0014944031271,pobre,basal,1,0.0,552.20001,1.0,59.0,12,6,17245,4,1.0
97,0.0,0.0,5.2420001,1.0,0.0,7,132.0014944031271,132.0014944031271,pobre,basal,1,0.0,552.20001,1.0,59.0,7,6,17246,0,1.0
98,0.0,0.0,5.2420001,1.0,0.0,7,132.0014944031271,132.0014944031271,pobre,basal,1,0.0,552.20001,1.0,59.0,8,6,17246,0,1.0
97,1.0,0.0,5.2420001,1.0,7.0,5,132.0014944031271,132.0014944031271,pobre,basal,4,0.0,771.0,1.0,48.0,15,6,17247,7,1.0
98,1.0,0.0,5.2420001,1.0,7.0,5,132.0014944031271,132.0014944031271,pobre,basal,4,0.0,771.0,1.0,48.0,16,6,17247,7,1.0
97,1.0,0.0,5.2420001,1.0,6.0,5,132.0014944031271,132.0014944031271,pobre,basal,4,0.0,771.0,1.0,48.0,12,6,17248,6,1.0
98,1.0,0.0,5.2420001,1.0,7.0,5,132.0014944031271,132.0014944031271,pobre,basal,4,0.0,771.0,1.0,48.0,13,6,17248,6,1.0
97,0.0,1.0,6.1220002,0.0,4.0,6,127.7556732129318,127.7556732129318,pobre,0,4,200.0,588.0,1.0,41.0,13,31,17249,4,0.0
98,0.0,1.0,6.1220002,1.0,4.0,6,127.7556732129318,127.7556732129318,pobre,0,4,200.0,588.0,1.0,41.0,14,31,17249,4,0.0
97,1.0,1.0,6.1220002,1.0,4.0,6,127.7556732129318,127.7556732129318,pobre,0,4,200.0,588.0,1.0,41.0,11,31,17250,4,1.0
98,1.0,1.0,6.1220002,1.0,4.0,6,127.7556732129318,127.7556732129318,pobre,0,4,200.0,588.0,1.0,41.0,12,31,17250,4,1.0
97,0.0,1.0,6.1220002,1.0,3.0,6,127.7556732129318,127.7556732129318,pobre,0,4,200.0,588.0,1.0,41.0,9,31,17251,3,1.0
98,0.0,1.0,6.1220002,1.0,4.0,6,127.7556732129318,127.7556732129318,pobre,0,4,200.0,588.0,1.0,41.0,10,31,17251,3,1.0
97,0.0,1.0,6.1220002,1.0,1.0,6,127.7556732129318,127.7556732129318,pobre,0,4,200.0,588.0,1.0,41.0,7,31,17252,1,1.0
98,0.0,1.0,6.1220002,1.0,2.0,6,127.7556732129318,127.7556732129318,pobre,0,4,200.0,588.0,1.0,41.0,8,31,17252,1,1.0
97,0.0,1.0,6.1220002,,0.0,3,127.7556732129318,127.7556732129318,pobre,0,0,0.0,590.5,0.0,64.0,8,31,17253,0,
98,0.0,1.0,6.1220002,,,3,127.7556732129318,127.7556732129318,pobre,0,0,0.0,590.5,0.0,64.0,9,31,17253,0,
97,0.0,0.0,6.1220002,0.0,7.0,2,127.7556732129318,127.7556732129318,pobre,0,6,250.0,834.0,1.0,20.0,16,31,17254,7,0.0
98,0.0,0.0,6.1220002,,,2,127.7556732129318,127.7556732129318,pobre,0,6,250.0,834.0,1.0,20.0,17,31,17254,7,0.0
97,1.0,1.0,6.1220002,1.0,1.0,5,127.7556732129318,127.7556732129318,pobre,0,5,0.0,542.0,1.0,34.0,13,31,17255,1,1.0
98,1.0,1.0,6.1220002,1.0,2.0,5,127.7556732129318,127.7556732129318,pobre,0,5,0.0,542.0,1.0,34.0,14,31,17255,1,1.0
97,1.0,1.0,6.1220002,1.0,1.0,5,127.7556732129318,127.7556732129318,pobre,0,5,0.0,542.0,1.0,34.0,11,31,17256,1,1.0
98,1.0,1.0,6.1220002,,,5,127.7556732129318,127.7556732129318,pobre,0,5,0.0,542.0,1.0,34.0,12,31,17256,1,1.0
97,1.0,1.0,6.1220002,1.0,1.0,5,127.7556732129318,127.7556732129318,pobre,0,5,0.0,542.0,1.0,34.0,9,31,17257,1,1.0
98,1.0,1.0,6.1220002,1.0,1.0,5,127.7556732129318,127.7556732129318,pobre,0,5,0.0,542.0,1.0,34.0,10,31,17257,1,1.0
97,0.0,1.0,6.1220002,1.0,6.0,8,127.7556732129318,127.7556732129318,pobre,0,3,250.0,565.0,1.0,40.0,16,31,17258,6,1.0
98,0.0,1.0,6.1220002,,,8,127.7556732129318,127.7556732129318,pobre,0,3,250.0,565.0,1.0,40.0,17,31,17258,6,1.0
97,0.0,1.0,6.1220002,1.0,2.0,8,127.7556732129318,127.7556732129318,pobre,0,3,250.0,565.0,1.0,40.0,8,31,17259,2,1.0
98,0.0,1.0,6.1220002,,,8,127.7556732129318,127.7556732129318,pobre,0,3,250.0,565.0,1.0,40.0,9,31,17259,2,1.0
97,1.0,1.0,6.1220002,1.0,1.0,8,127.7556732129318,127.7556732129318,pobre,0,3,250.0,565.0,1.0,40.0,7,31,17260,1,1.0
98,1.0,1.0,6.1220002,,,8,127.7556732129318,127.7556732129318,pobre,0,3,250.0,565.0,1.0,40.0,8,31,17260,1,1.0
97,0.0,1.0,6.1220002,1.0,6.0,9,127.7556732129318,127.7556732129318,pobre,0,6,0.0,500.0,1.0,39.0,16,31,17261,6,1.0
98,0.0,1.0,6.1220002,1.0,7.0,9,127.7556732129318,127.7556732129318,pobre,0,6,0.0,500.0,1.0,39.0,17,31,17261,6,1.0
97,1.0,1.0,6.1220002,1.0,3.0,9,127.7556732129318,127.7556732129318,pobre,0,6,0.0,500.0,1.0,39.0,12,31,17262,3,1.0
98,1.0,1.0,6.1220002,1.0,4.0,9,127.7556732129318,127.7556732129318,pobre,0,6,0.0,500.0,1.0,39.0,13,31,17262,3,1.0
97,1.0,1.0,6.1220002,1.0,3.0,9,127.7556732129318,127.7556732129318,pobre,0,6,0.0,500.0,1.0,39.0,10,31,17263,3,1.0
98,1.0,1.0,6.1220002,1.0,4.0,9,127.7556732129318,127.7556732129318,pobre,0,6,0.0,500.0,1.0,39.0,11,31,17263,3,1.0
97,0.0,1.0,6.1220002,1.0,1.0,9,127.7556732129318,127.7556732129318,pobre,0,6,0.0,500.0,1.0,39.0,8,31,17264,1,1.0
98,0.0,1.0,6.1220002,1.0,2.0,9,127.7556732129318,127.7556732129318,pobre,0,6,0.0,500.0,1.0,39.0,9,31,17264,1,1.0
97,1.0,1.0,6.1220002,1.0,1.0,9,127.7556732129318,127.7556732129318,pobre,0,6,0.0,500.0,1.0,39.0,6,31,17265,1,1.0
98,1.0,1.0,6.1220002,1.0,2.0,9,127.7556732129318,127.7556732129318,pobre,0,6,0.0,500.0,1.0,39.0,7,31,17265,1,1.0
97,0.0,1.0,6.1220002,,0.0,9,127.7556732129318,127.7556732129318,pobre,0,6,0.0,500.0,1.0,39.0,16,31,17266,0,
98,0.0,1.0,6.1220002,,,9,127.7556732129318,127.7556732129318,pobre,0,6,0.0,500.0,1.0,39.0,17,31,17266,0,
97,0.0,1.0,6.1220002,1.0,4.0,6,127.7556732129318,127.7556732129318,pobre,0,0,375.0,512.0,1.0,31.0,11,31,17267,4,1.0
98,0.0,1.0,6.1220002,1.0,6.0,6,127.7556732129318,127.7556732129318,pobre,0,0,375.0,512.0,1.0,31.0,12,31,17267,4,1.0
97,0.0,1.0,6.1220002,1.0,2.0,6,127.7556732129318,127.7556732129318,pobre,0,0,375.0,512.0,1.0,31.0,8,31,17268,2,1.0
98,0.0,1.0,6.1220002,1.0,3.0,6,127.7556732129318,127.7556732129318,pobre,0,0,375.0,512.0,1.0,31.0,9,31,17268,2,1.0
97,0.0,1.0,6.1220002,1.0,1.0,6,127.7556732129318,127.7556732129318,pobre,0,0,375.0,512.0,1.0,31.0,6,31,17269,1,1.0
98,0.0,1.0,6.1220002,1.0,0.0,6,127.7556732129318,127.7556732129318,pobre,0,0,375.0,512.0,1.0,31.0,7,31,17269,1,1.0
97,0.0,1.0,6.1220002,0.0,4.0,5,127.7556732129318,127.7556732129318,pobre,0,0,0.0,565.0,0.0,51.0,16,31,17270,4,0.0
98,0.0,1.0,6.1220002,,,5,127.7556732129318,127.7556732129318,pobre,0,0,0.0,565.0,0.0,51.0,17,31,17270,4,0.0
97,0.0,0.0,6.1220002,0.0,5.0,7,127.7556732129318,127.7556732129318,pobre,0,0,0.0,614.25,1.0,53.0,16,31,17271,5,0.0
98,0.0,0.0,6.1220002,,,7,127.7556732129318,127.7556732129318,pobre,0,0,0.0,614.25,1.0,53.0,17,31,17271,5,0.0
97,1.0,0.0,6.1220002,1.0,2.0,7,127.7556732129318,127.7556732129318,pobre,0,0,0.0,614.25,1.0,53.0,9,31,17272,2,1.0
98,1.0,0.0,6.1220002,1.0,3.0,7,127.7556732129318,127.7556732129318,pobre,0,0,0.0,614.25,1.0,53.0,10,31,17272,2,1.0
97,0.0,1.0,6.1220002,1.0,5.0,9,127.7556732129318,127.7556732129318,pobre,0,4,800.0,462.0,1.0,33.0,15,31,17273,5,1.0
98,0.0,1.0,6.1220002,1.0,6.0,9,127.7556732129318,127.7556732129318,pobre,0,4,800.0,462.0,1.0,33.0,16,31,17273,5,1.0
97,0.0,1.0,6.1220002,1.0,5.0,9,127.7556732129318,127.7556732129318,pobre,0,4,800.0,462.0,1.0,33.0,14,31,17274,5,1.0
98,0.0,1.0,6.1220002,1.0,6.0,9,127.7556732129318,127.7556732129318,pobre,0,4,800.0,462.0,1.0,33.0,15,31,17274,5,1.0
97,0.0,1.0,6.1220002,1.0,4.0,9,127.7556732129318,127.7556732129318,pobre,0,4,800.0,462.0,1.0,33.0,11,31,17275,4,1.0
98,0.0,1.0,6.1220002,1.0,5.0,9,127.7556732129318,127.7556732129318,pobre,0,4,800.0,462.0,1.0,33.0,12,31,17275,4,1.0
97,0.0,1.0,6.1220002,1.0,3.0,9,127.7556732129318,127.7556732129318,pobre,0,4,800.0,462.0,1.0,33.0,9,31,17276,3,1.0
98,0.0,1.0,6.1220002,1.0,4.0,9,127.7556732129318,127.7556732129318,pobre,0,4,800.0,462.0,1.0,33.0,10,31,17276,3,1.0
97,1.0,1.0,6.1220002,1.0,1.0,9,127.7556732129318,127.7556732129318,pobre,0,4,800.0,462.0,1.0,33.0,7,31,17277,1,1.0
98,1.0,1.0,6.1220002,1.0,1.0,9,127.7556732129318,127.7556732129318,pobre,0,4,800.0,462.0,1.0,33.0,8,31,17277,1,1.0
97,1.0,1.0,6.1220002,1.0,4.0,5,127.7556732129318,127.7556732129318,pobre,0,0,0.0,635.75,1.0,56.0,13,31,17278,4,1.0
98,1.0,1.0,6.1220002,1.0,5.0,5,127.7556732129318,127.7556732129318,pobre,0,0,0.0,635.75,1.0,56.0,14,31,17278,4,1.0
97,1.0,1.0,6.1220002,,0.0,5,127.7556732129318,127.7556732129318,pobre,0,0,0.0,562.21997,1.0,32.0,12,31,17279,0,
98,1.0,1.0,6.1220002,1.0,4.0,5,127.7556732129318,127.7556732129318,pobre,0,0,0.0,562.21997,1.0,32.0,13,31,17279,0,
97,1.0,1.0,6.1220002,,0.0,5,127.7556732129318,127.7556732129318,pobre,0,0,0.0,562.21997,1.0,32.0,10,31,17280,0,
98,1.0,1.0,6.1220002,1.0,3.0,5,127.7556732129318,127.7556732129318,pobre,0,0,0.0,562.21997,1.0,32.0,11,31,17280,0,
97,1.0,1.0,6.1220002,,0.0,5,127.7556732129318,127.7556732129318,pobre,0,0,0.0,562.21997,1.0,32.0,7,31,17281,0,
98,1.0,1.0,6.1220002,1.0,2.0,5,127.7556732129318,127.7556732129318,pobre,0,0,0.0,562.21997,1.0,32.0,8,31,17281,0,
97,1.0,0.0,0.0,1.0,5.0,5,138.4460089862833,138.4460089862833,pobre,0,3,400.0,900.5,1.0,47.0,12,120,17282,5,1.0
98,1.0,0.0,0.0,1.0,6.0,5,138.4460089862833,138.4460089862833,pobre,0,3,400.0,900.5,1.0,47.0,13,120,17282,5,1.0
97,1.0,0.0,0.0,1.0,6.0,5,138.4460089862833,138.4460089862833,pobre,0,4,0.0,692.0,0.0,62.0,13,120,17283,6,1.0
98,1.0,0.0,0.0,1.0,7.0,5,138.4460089862833,138.4460089862833,pobre,0,4,0.0,692.0,0.0,62.0,14,120,17283,6,1.0
97,1.0,0.0,0.0,1.0,4.0,5,138.4460089862833,138.4460089862833,pobre,0,4,0.0,692.0,0.0,62.0,11,120,17284,4,1.0
98,1.0,0.0,0.0,1.0,5.0,5,138.4460089862833,138.4460089862833,pobre,0,4,0.0,692.0,0.0,62.0,12,120,17284,4,1.0
97,0.0,0.0,0.0,1.0,2.0,5,138.4460089862833,138.4460089862833,pobre,0,4,0.0,692.0,0.0,62.0,9,120,17285,2,1.0
98,0.0,0.0,0.0,1.0,3.0,5,138.4460089862833,138.4460089862833,pobre,0,4,0.0,692.0,0.0,62.0,10,120,17285,2,1.0
97,0.0,0.0,0.0,0.0,9.0,4,138.4460089862833,138.4460089862833,pobre,0,4,500.0,843.0,1.0,58.0,16,120,17286,9,0.0
98,0.0,0.0,0.0,,,4,138.4460089862833,138.4460089862833,pobre,0,4,500.0,843.0,1.0,58.0,17,120,17286,9,0.0
97,0.0,0.0,0.0,1.0,4.0,4,138.4460089862833,138.4460089862833,pobre,0,4,500.0,843.0,1.0,58.0,10,120,17287,4,1.0
98,0.0,0.0,0.0,1.0,5.0,4,138.4460089862833,138.4460089862833,pobre,0,4,500.0,843.0,1.0,58.0,11,120,17287,4,1.0
97,1.0,0.0,0.0,0.0,9.0,4,138.4460089862833,138.4460089862833,pobre,0,9,0.0,803.0,1.0,37.0,15,120,17288,9,0.0
98,1.0,0.0,0.0,,,4,138.4460089862833,138.4460089862833,pobre,0,9,0.0,803.0,1.0,37.0,16,120,17288,9,0.0
97,1.0,0.0,0.0,1.0,7.0,4,138.4460089862833,138.4460089862833,pobre,0,9,0.0,803.0,1.0,37.0,13,120,17289,7,1.0
98,1.0,0.0,0.0,1.0,8.0,4,138.4460089862833,138.4460089862833,pobre,0,9,0.0,803.0,1.0,37.0,14,120,17289,7,1.0
97,0.0,0.0,0.0,0.0,6.0,3,138.4460089862833,138.4460089862833,pobre,0,3,625.0,830.0,1.0,60.0,14,120,17290,6,0.0
98,0.0,0.0,0.0,,,3,138.4460089862833,138.4460089862833,pobre,0,3,625.0,830.0,1.0,60.0,15,120,17290,6,0.0
97,0.0,0.0,0.0,1.0,5.0,3,138.4460089862833,138.4460089862833,pobre,0,4,83.333336,868.0,0.0,62.0,12,120,17291,5,1.0
98,0.0,0.0,0.0,0.0,6.0,3,138.4460089862833,138.4460089862833,pobre,0,4,83.333336,868.0,0.0,62.0,13,120,17291,5,1.0
97,1.0,0.0,0.0,1.0,8.0,6,138.4460089862833,138.4460089862833,pobre,0,2,1000.0,677.0,1.0,54.0,15,120,17292,8,1.0
98,1.0,0.0,0.0,0.0,9.0,6,138.4460089862833,138.4460089862833,pobre,0,2,1000.0,677.0,1.0,54.0,16,120,17292,8,1.0
97,1.0,0.0,0.0,1.0,5.0,6,138.4460089862833,138.4460089862833,pobre,0,2,1000.0,677.0,1.0,54.0,13,120,17293,5,1.0
98,1.0,0.0,0.0,1.0,6.0,6,138.4460089862833,138.4460089862833,pobre,0,2,1000.0,677.0,1.0,54.0,14,120,17293,5,1.0
97,1.0,0.0,0.0,1.0,4.0,6,138.4460089862833,138.4460089862833,pobre,0,2,1000.0,677.0,1.0,54.0,11,120,17294,4,1.0
98,1.0,0.0,0.0,1.0,5.0,6,138.4460089862833,138.4460089862833,pobre,0,2,1000.0,677.0,1.0,54.0,12,120,17294,4,1.0
97,1.0,0.0,0.0,1.0,0.0,6,138.4460089862833,138.4460089862833,pobre,0,2,1000.0,677.0,1.0,54.0,7,120,17295,0,1.0
98,1.0,0.0,0.0,1.0,3.0,6,138.4460089862833,138.4460089862833,pobre,0,2,1000.0,677.0,1.0,54.0,8,120,17295,0,1.0
97,0.0,0.0,0.0,1.0,7.0,3,138.4460089862833,138.4460089862833,pobre,0,4,500.0,761.0,0.0,46.0,13,120,17296,7,1.0
98,0.0,0.0,0.0,1.0,8.0,3,138.4460089862833,138.4460089862833,pobre,0,4,500.0,761.0,0.0,46.0,14,120,17296,7,1.0
97,1.0,0.0,0.0,1.0,5.0,3,138.4460089862833,138.4460089862833,pobre,0,4,500.0,761.0,0.0,46.0,10,120,17297,5,1.0
98,1.0,0.0,0.0,1.0,6.0,3,138.4460089862833,138.4460089862833,pobre,0,4,500.0,761.0,0.0,46.0,11,120,17297,5,1.0
97,0.0,0.0,0.0,0.0,9.0,6,138.4460089862833,138.4460089862833,pobre,0,3,500.0,664.0,1.0,44.0,16,120,17298,9,0.0
98,0.0,0.0,0.0,,,6,138.4460089862833,138.4460089862833,pobre,0,3,500.0,664.0,1.0,44.0,17,120,17298,9,0.0
97,1.0,0.0,0.0,0.0,3.0,6,138.4460089862833,138.4460089862833,pobre,0,3,500.0,664.0,1.0,44.0,13,120,17299,3,0.0
98,1.0,0.0,0.0,0.0,4.0,6,138.4460089862833,138.4460089862833,pobre,0,3,500.0,664.0,1.0,44.0,14,120,17299,3,0.0
97,0.0,0.0,0.0,1.0,7.0,6,138.4460089862833,138.4460089862833,pobre,0,3,500.0,664.0,1.0,44.0,12,120,17300,7,1.0
98,0.0,0.0,0.0,1.0,8.0,6,138.4460089862833,138.4460089862833,pobre,0,3,500.0,664.0,1.0,44.0,13,120,17300,7,1.0
97,1.0,0.0,0.0,1.0,2.0,6,138.4460089862833,138.4460089862833,pobre,0,3,500.0,664.0,1.0,44.0,6,120,17301,2,1.0
98,1.0,0.0,0.0,1.0,2.0,6,138.4460089862833,138.4460089862833,pobre,0,3,500.0,664.0,1.0,44.0,7,120,17301,2,1.0
97,0.0,0.0,0.0,0.0,9.0,5,138.4460089862833,138.4460089862833,pobre,0,1,625.0,823.5,1.0,52.0,15,120,17302,9,0.0
98,0.0,0.0,0.0,0.0,9.0,5,138.4460089862833,138.4460089862833,pobre,0,1,625.0,823.5,1.0,52.0,16,120,17302,9,0.0
97,1.0,0.0,0.0,1.0,4.0,5,138.4460089862833,138.4460089862833,pobre,0,1,625.0,823.5,1.0,52.0,9,120,17303,4,1.0
98,1.0,0.0,0.0,1.0,5.0,5,138.4460089862833,138.4460089862833,pobre,0,1,625.0,823.5,1.0,52.0,10,120,17303,4,1.0
97,1.0,0.0,0.0,1.0,2.0,4,138.4460089862833,138.4460089862833,pobre,0,0,280.0,605.0,1.0,79.0,7,120,17304,2,1.0
98,1.0,0.0,0.0,1.0,2.0,4,138.4460089862833,138.4460089862833,pobre,0,0,280.0,605.0,1.0,79.0,8,120,17304,2,1.0
97,1.0,0.0,0.0,0.0,9.0,4,138.4460089862833,138.4460089862833,pobre,0,2,500.0,807.0,1.0,54.0,16,120,17305,9,0.0
98,1.0,0.0,0.0,,,4,138.4460089862833,138.4460089862833,pobre,0,2,500.0,807.0,1.0,54.0,17,120,17305,9,0.0
97,1.0,0.0,0.0,1.0,4.0,3,138.4460089862833,138.4460089862833,pobre,0,2,500.0,826.0,1.0,58.0,10,120,17306,4,1.0
98,1.0,0.0,0.0,1.0,5.0,3,138.4460089862833,138.4460089862833,pobre,0,2,500.0,826.0,1.0,58.0,11,120,17306,4,1.0
97,0.0,0.0,0.0,1.0,7.0,3,138.4460089862833,138.4460089862833,pobre,0,3,500.0,781.0,1.0,64.0,14,120,17307,7,1.0
98,0.0,0.0,0.0,1.0,8.0,3,138.4460089862833,138.4460089862833,pobre,0,3,500.0,781.0,1.0,64.0,15,120,17307,7,1.0
97,1.0,0.0,0.0,1.0,7.0,4,138.4460089862833,138.4460089862833,pobre,0,6,500.0,748.0,1.0,43.0,16,120,17308,7,1.0
98,1.0,0.0,0.0,,,4,138.4460089862833,138.4460089862833,pobre,0,6,500.0,748.0,1.0,43.0,17,120,17308,7,1.0
97,0.0,0.0,0.0,1.0,8.0,4,138.4460089862833,138.4460089862833,pobre,0,6,500.0,748.0,1.0,43.0,15,120,17309,8,1.0
98,0.0,0.0,0.0,0.0,9.0,4,138.4460089862833,138.4460089862833,pobre,0,6,500.0,748.0,1.0,43.0,16,120,17309,8,1.0
97,0.0,0.0,0.0,1.0,5.0,4,138.4460089862833,138.4460089862833,pobre,0,3,500.0,713.0,1.0,53.0,11,120,17310,5,1.0
98,0.0,0.0,0.0,1.0,6.0,4,138.4460089862833,138.4460089862833,pobre,0,3,500.0,713.0,1.0,53.0,12,120,17310,5,1.0
97,0.0,0.0,0.0,1.0,7.0,2,138.4460089862833,138.4460089862833,pobre,0,2,500.0,813.0,0.0,74.0,13,120,17311,7,1.0
98,0.0,0.0,0.0,1.0,8.0,2,138.4460089862833,138.4460089862833,pobre,0,2,500.0,813.0,0.0,74.0,14,120,17311,7,1.0
97,0.0,0.0,0.0,1.0,4.0,5,138.4460089862833,138.4460089862833,pobre,0,4,500.0,780.0,1.0,33.0,10,120,17312,4,1.0
98,0.0,0.0,0.0,1.0,5.0,5,138.4460089862833,138.4460089862833,pobre,0,4,500.0,780.0,1.0,33.0,11,120,17312,4,1.0
97,0.0,0.0,0.0,1.0,1.0,5,138.4460089862833,138.4460089862833,pobre,0,4,500.0,780.0,1.0,33.0,6,120,17313,1,1.0
98,0.0,0.0,0.0,1.0,2.0,5,138.4460089862833,138.4460089862833,pobre,0,4,500.0,780.0,1.0,33.0,7,120,17313,1,1.0
97,1.0,0.0,0.0,1.0,7.0,4,138.4460089862833,138.4460089862833,pobre,0,3,500.0,713.0,1.0,57.0,16,120,17314,7,1.0
98,1.0,0.0,0.0,,,4,138.4460089862833,138.4460089862833,pobre,0,3,500.0,713.0,1.0,57.0,17,120,17314,7,1.0
97,0.0,0.0,0.0,0.0,6.0,7,138.4460089862833,138.4460089862833,pobre,0,4,500.0,609.5,1.0,47.0,14,120,17315,6,0.0
98,0.0,0.0,0.0,0.0,6.0,7,138.4460089862833,138.4460089862833,pobre,0,4,500.0,609.5,1.0,47.0,15,120,17315,6,0.0
97,1.0,0.0,0.0,1.0,8.0,7,138.4460089862833,138.4460089862833,pobre,0,2,200.0,795.5,1.0,52.0,14,120,17316,8,1.0
98,1.0,0.0,0.0,,,7,138.4460089862833,138.4460089862833,pobre,0,2,200.0,795.5,1.0,52.0,15,120,17316,8,1.0
97,1.0,0.0,0.0,1.0,5.0,7,138.4460089862833,138.4460089862833,pobre,0,2,200.0,795.5,1.0,52.0,12,120,17317,5,1.0
98,1.0,0.0,0.0,,,7,138.4460089862833,138.4460089862833,pobre,0,2,200.0,795.5,1.0,52.0,13,120,17317,5,1.0
97,1.0,0.0,0.0,1.0,4.0,7,138.4460089862833,138.4460089862833,pobre,0,2,200.0,795.5,1.0,52.0,10,120,17318,4,1.0
98,1.0,0.0,0.0,,,7,138.4460089862833,138.4460089862833,pobre,0,2,200.0,795.5,1.0,52.0,11,120,17318,4,1.0
97,1.0,0.0,0.0,1.0,2.0,7,138.4460089862833,138.4460089862833,pobre,0,2,200.0,795.5,1.0,52.0,7,120,17319,2,1.0
98,1.0,0.0,0.0,,,7,138.4460089862833,138.4460089862833,pobre,0,2,200.0,795.5,1.0,52.0,8,120,17319,2,1.0
97,1.0,0.0,0.0,1.0,7.0,2,138.4460089862833,138.4460089862833,no pobre,0,3,1600.0,1246.0,1.0,59.0,14,120,17320,7,1.0
98,1.0,0.0,0.0,1.0,8.0,2,138.4460089862833,138.4460089862833,no pobre,0,3,1600.0,1246.0,1.0,59.0,15,120,17320,7,1.0
97,1.0,0.0,0.0,1.0,7.0,5,138.4460089862833,138.4460089862833,pobre,0,4,625.0,770.0,1.0,68.0,15,120,17321,7,1.0
98,1.0,0.0,0.0,1.0,8.0,5,138.4460089862833,138.4460089862833,pobre,0,4,625.0,770.0,1.0,68.0,16,120,17321,7,1.0
97,1.0,0.0,0.0,1.0,6.0,5,138.4460089862833,138.4460089862833,pobre,0,4,625.0,770.0,1.0,68.0,12,120,17322,6,1.0
98,1.0,0.0,0.0,1.0,7.0,5,138.4460089862833,138.4460089862833,pobre,0,4,625.0,770.0,1.0,68.0,13,120,17322,6,1.0
97,1.0,0.0,0.0,1.0,1.0,7,138.4460089862833,138.4460089862833,pobre,0,4,0.0,781.0,1.0,66.0,6,120,17323,1,1.0
98,1.0,0.0,0.0,1.0,2.0,7,138.4460089862833,138.4460089862833,pobre,0,4,0.0,781.0,1.0,66.0,7,120,17323,1,1.0
97,1.0,0.0,0.0,1.0,1.0,7,138.4460089862833,138.4460089862833,pobre,0,4,0.0,781.0,1.0,66.0,6,120,17324,1,1.0
98,1.0,0.0,0.0,1.0,2.0,7,138.4460089862833,138.4460089862833,pobre,0,4,0.0,781.0,1.0,66.0,7,120,17324,1,1.0
97,1.0,0.0,0.0,1.0,8.0,3,138.4460089862833,138.4460089862833,pobre,0,3,625.0,886.0,1.0,48.0,13,120,17325,8,1.0
98,1.0,0.0,0.0,0.0,9.0,3,138.4460089862833,138.4460089862833,pobre,0,3,625.0,886.0,1.0,48.0,14,120,17325,8,1.0
97,0.0,0.0,0.0,1.0,8.0,7,138.4460089862833,138.4460089862833,pobre,0,9,625.0,670.0,1.0,39.0,14,120,17326,8,1.0
98,0.0,0.0,0.0,1.0,9.0,7,138.4460089862833,138.4460089862833,pobre,0,9,625.0,670.0,1.0,39.0,15,120,17326,8,1.0
97,0.0,0.0,0.0,1.0,7.0,7,138.4460089862833,138.4460089862833,pobre,0,9,625.0,670.0,1.0,39.0,12,120,17327,7,1.0
98,0.0,0.0,0.0,1.0,8.0,7,138.4460089862833,138.4460089862833,pobre,0,9,625.0,670.0,1.0,39.0,13,120,17327,7,1.0
97,0.0,0.0,0.0,1.0,5.0,7,138.4460089862833,138.4460089862833,pobre,0,9,625.0,670.0,1.0,39.0,10,120,17328,5,1.0
98,0.0,0.0,0.0,1.0,6.0,7,138.4460089862833,138.4460089862833,pobre,0,9,625.0,670.0,1.0,39.0,11,120,17328,5,1.0
97,0.0,0.0,0.0,1.0,1.0,7,138.4460089862833,138.4460089862833,pobre,0,9,625.0,670.0,1.0,39.0,7,120,17329,1,1.0
98,0.0,0.0,0.0,1.0,2.0,7,138.4460089862833,138.4460089862833,pobre,0,9,625.0,670.0,1.0,39.0,8,120,17329,1,1.0
97,0.0,0.0,0.0,1.0,2.0,3,138.4460089862833,138.4460089862833,pobre,0,6,625.0,775.0,1.0,43.0,8,120,17330,2,1.0
98,0.0,0.0,0.0,1.0,3.0,3,138.4460089862833,138.4460089862833,pobre,0,6,625.0,775.0,1.0,43.0,9,120,17330,2,1.0
97,0.0,0.0,0.0,0.0,2.0,4,138.4460089862833,138.4460089862833,pobre,0,3,1000.0,814.0,1.0,65.0,7,120,17331,2,0.0
98,0.0,0.0,0.0,1.0,3.0,4,138.4460089862833,138.4460089862833,pobre,0,3,1000.0,814.0,1.0,65.0,8,120,17331,2,0.0
97,0.0,0.0,0.0,1.0,5.0,3,138.4460089862833,138.4460089862833,pobre,0,3,0.0,984.0,1.0,51.0,10,120,17332,5,1.0
98,0.0,0.0,0.0,1.0,6.0,3,138.4460089862833,138.4460089862833,pobre,0,3,0.0,984.0,1.0,51.0,11,120,17332,5,1.0
97,0.0,0.0,0.0,1.0,6.0,4,138.4460089862833,138.4460089862833,pobre,0,4,0.0,914.0,1.0,32.0,11,120,17333,6,1.0
98,0.0,0.0,0.0,1.0,6.0,4,138.4460089862833,138.4460089862833,pobre,0,4,0.0,914.0,1.0,32.0,12,120,17333,6,1.0
97,1.0,0.0,0.0,1.0,4.0,6,138.4460089862833,138.4460089862833,pobre,0,3,800.0,945.0,0.0,80.0,10,120,17334,4,1.0
98,1.0,0.0,0.0,1.0,5.0,6,138.4460089862833,138.4460089862833,pobre,0,3,800.0,945.0,0.0,80.0,11,120,17334,4,1.0
97,1.0,0.0,0.0,1.0,7.0,6,138.4460089862833,138.4460089862833,pobre,0,3,800.0,945.0,0.0,80.0,15,120,17335,7,1.0
98,1.0,0.0,0.0,1.0,8.0,6,138.4460089862833,138.4460089862833,pobre,0,3,800.0,945.0,0.0,80.0,16,120,17335,7,1.0
97,1.0,0.0,0.0,1.0,5.0,4,138.4460089862833,138.4460089862833,pobre,0,3,600.0,970.0,1.0,37.0,11,120,17336,5,1.0
98,1.0,0.0,0.0,1.0,6.0,4,138.4460089862833,138.4460089862833,pobre,0,3,600.0,970.0,1.0,37.0,12,120,17336,5,1.0
97,1.0,0.0,0.0,1.0,1.0,4,138.4460089862833,138.4460089862833,pobre,0,3,600.0,970.0,1.0,37.0,7,120,17337,1,1.0
98,1.0,0.0,0.0,1.0,2.0,4,138.4460089862833,138.4460089862833,pobre,0,3,600.0,970.0,1.0,37.0,8,120,17337,1,1.0
97,1.0,0.0,0.0,1.0,4.0,4,138.4460089862833,138.4460089862833,no pobre,0,3,500.0,937.0,1.0,50.0,11,120,17338,4,1.0
98,1.0,0.0,0.0,1.0,6.0,4,138.4460089862833,138.4460089862833,no pobre,0,3,500.0,937.0,1.0,50.0,12,120,17338,4,1.0
97,0.0,0.0,0.0,1.0,8.0,5,138.4460089862833,138.4460089862833,pobre,0,3,500.0,771.0,1.0,50.0,15,120,17339,8,1.0
98,0.0,0.0,0.0,0.0,9.0,5,138.4460089862833,138.4460089862833,pobre,0,3,500.0,771.0,1.0,50.0,16,120,17339,8,1.0
97,0.0,0.0,0.0,1.0,5.0,5,138.4460089862833,138.4460089862833,pobre,0,3,500.0,771.0,1.0,50.0,12,120,17340,5,1.0
98,0.0,0.0,0.0,1.0,6.0,5,138.4460089862833,138.4460089862833,pobre,0,3,500.0,771.0,1.0,50.0,13,120,17340,5,1.0
97,1.0,0.0,0.0,1.0,3.0,4,138.4460089862833,138.4460089862833,pobre,0,3,750.0,711.0,1.0,53.0,10,120,17341,3,1.0
98,1.0,0.0,0.0,1.0,4.0,4,138.4460089862833,138.4460089862833,pobre,0,3,750.0,711.0,1.0,53.0,11,120,17341,3,1.0
97,0.0,0.0,0.0,1.0,2.0,3,138.4460089862833,138.4460089862833,no pobre,0,6,500.0,973.0,1.0,37.0,8,120,17342,2,1.0
98,0.0,0.0,0.0,1.0,3.0,3,138.4460089862833,138.4460089862833,no pobre,0,6,500.0,973.0,1.0,37.0,9,120,17342,2,1.0
97,0.0,0.0,0.0,1.0,2.0,5,138.4460089862833,138.4460089862833,pobre,0,0,500.0,659.0,1.0,39.0,9,120,17343,2,1.0
98,0.0,0.0,0.0,1.0,3.0,5,138.4460089862833,138.4460089862833,pobre,0,0,500.0,659.0,1.0,39.0,10,120,17343,2,1.0
97,1.0,0.0,0.0,1.0,1.0,5,138.4460089862833,138.4460089862833,pobre,0,0,500.0,659.0,1.0,39.0,8,120,17344,1,1.0
98,1.0,0.0,0.0,1.0,1.0,5,138.4460089862833,138.4460089862833,pobre,0,0,500.0,659.0,1.0,39.0,9,120,17344,1,1.0
97,0.0,0.0,0.0,1.0,4.0,2,138.4460089862833,138.4460089862833,pobre,0,3,0.0,887.0,0.0,54.0,10,120,17345,4,1.0
98,0.0,0.0,0.0,1.0,5.0,2,138.4460089862833,138.4460089862833,pobre,0,3,0.0,887.0,0.0,54.0,11,120,17345,4,1.0
97,0.0,0.0,0.0,0.0,9.0,3,138.4460089862833,138.4460089862833,pobre,0,6,5000.0,981.0,1.0,44.0,16,120,17346,9,0.0
98,0.0,0.0,0.0,,,3,138.4460089862833,138.4460089862833,pobre,0,6,5000.0,981.0,1.0,44.0,17,120,17346,9,0.0
97,1.0,0.0,0.0,0.0,6.0,2,138.4460089862833,138.4460089862833,pobre,0,2,300.0,811.0,0.0,48.0,16,120,17347,6,0.0
98,1.0,0.0,0.0,,,2,138.4460089862833,138.4460089862833,pobre,0,2,300.0,811.0,0.0,48.0,17,120,17347,6,0.0
97,0.0,0.0,0.0,1.0,7.0,4,138.4460089862833,138.4460089862833,pobre,0,3,625.0,804.0,1.0,49.0,13,120,17348,7,1.0
98,0.0,0.0,0.0,1.0,8.0,4,138.4460089862833,138.4460089862833,pobre,0,3,625.0,804.0,1.0,49.0,14,120,17348,7,1.0
97,1.0,0.0,0.0,1.0,1.0,4,138.4460089862833,138.4460089862833,pobre,0,3,625.0,804.0,1.0,49.0,6,120,17349,1,1.0
98,1.0,0.0,0.0,1.0,1.0,4,138.4460089862833,138.4460089862833,pobre,0,3,625.0,804.0,1.0,49.0,7,120,17349,1,1.0
97,0.0,0.0,0.0,,0.0,5,138.4460089862833,138.4460089862833,pobre,0,0,400.0,751.70099,1.0,40.0,11,120,17350,0,
98,0.0,0.0,0.0,1.0,6.0,5,138.4460089862833,138.4460089862833,pobre,0,0,400.0,751.70099,1.0,40.0,12,120,17350,0,
97,0.0,0.0,0.0,1.0,7.0,8,138.4460089862833,138.4460089862833,pobre,0,2,500.0,833.0,1.0,72.0,13,120,17351,7,1.0
98,0.0,0.0,0.0,1.0,8.0,8,138.4460089862833,138.4460089862833,pobre,0,2,500.0,833.0,1.0,72.0,14,120,17351,7,1.0
97,0.0,0.0,0.0,1.0,1.0,8,138.4460089862833,138.4460089862833,pobre,0,2,500.0,833.0,1.0,72.0,7,120,17352,1,1.0
98,0.0,0.0,0.0,1.0,2.0,8,138.4460089862833,138.4460089862833,pobre,0,2,500.0,833.0,1.0,72.0,8,120,17352,1,1.0
97,1.0,0.0,0.0,1.0,5.0,4,138.4460089862833,138.4460089862833,pobre,0,1,0.0,836.0,0.0,69.0,13,120,17353,5,1.0
98,1.0,0.0,0.0,1.0,6.0,4,138.4460089862833,138.4460089862833,pobre,0,1,0.0,836.0,0.0,69.0,14,120,17353,5,1.0
97,0.0,0.0,0.0,1.0,8.0,3,138.4460089862833,138.4460089862833,pobre,0,3,200.0,816.0,1.0,63.0,15,120,17354,8,1.0
98,0.0,0.0,0.0,,,3,138.4460089862833,138.4460089862833,pobre,0,3,200.0,816.0,1.0,63.0,16,120,17354,8,1.0
97,1.0,0.0,0.0,0.0,6.0,17,138.4460089862833,138.4460089862833,pobre,0,4,0.0,773.79999,1.0,72.0,16,120,17355,6,0.0
98,1.0,0.0,0.0,,,17,138.4460089862833,138.4460089862833,pobre,0,4,0.0,773.79999,1.0,72.0,17,120,17355,6,0.0
97,0.0,0.0,0.0,1.0,4.0,17,138.4460089862833,138.4460089862833,pobre,0,4,0.0,773.79999,1.0,72.0,11,120,17356,4,1.0
98,0.0,0.0,0.0,1.0,5.0,17,138.4460089862833,138.4460089862833,pobre,0,4,0.0,773.79999,1.0,72.0,12,120,17356,4,1.0
97,0.0,0.0,0.0,1.0,2.0,17,138.4460089862833,138.4460089862833,pobre,0,4,0.0,773.79999,1.0,72.0,7,120,17357,2,1.0
98,0.0,0.0,0.0,1.0,2.0,17,138.4460089862833,138.4460089862833,pobre,0,4,0.0,773.79999,1.0,72.0,8,120,17357,2,1.0
97,1.0,0.0,0.0,1.0,1.0,17,138.4460089862833,138.4460089862833,pobre,0,4,0.0,773.79999,1.0,72.0,6,120,17358,1,1.0
98,1.0,0.0,0.0,1.0,2.0,17,138.4460089862833,138.4460089862833,pobre,0,4,0.0,773.79999,1.0,72.0,7,120,17358,1,1.0
97,1.0,0.0,0.0,0.0,9.0,5,138.4460089862833,138.4460089862833,pobre,0,4,625.0,795.5,1.0,43.0,16,120,17359,9,0.0
98,1.0,0.0,0.0,,,5,138.4460089862833,138.4460089862833,pobre,0,4,625.0,795.5,1.0,43.0,17,120,17359,9,0.0
97,1.0,0.0,0.0,1.0,8.0,5,138.4460089862833,138.4460089862833,pobre,0,4,625.0,795.5,1.0,43.0,14,120,17360,8,1.0
98,1.0,0.0,0.0,0.0,9.0,5,138.4460089862833,138.4460089862833,pobre,0,4,625.0,795.5,1.0,43.0,15,120,17360,8,1.0
97,0.0,0.0,0.0,1.0,1.0,4,138.4460089862833,138.4460089862833,pobre,0,2,0.0,694.0,0.0,51.0,8,120,17361,1,1.0
98,0.0,0.0,0.0,1.0,2.0,4,138.4460089862833,138.4460089862833,pobre,0,2,0.0,694.0,0.0,51.0,9,120,17361,1,1.0
97,1.0,0.0,4.244,1.0,3.0,8,128.6427977317798,277.8973667922635,pobre,basal,0,500.0,730.0,1.0,35.0,10,498,17362,3,1.0
98,1.0,0.0,4.244,1.0,4.0,8,128.6427977317798,277.8973667922635,pobre,basal,0,500.0,730.0,1.0,35.0,11,498,17362,3,1.0
97,1.0,0.0,4.244,1.0,2.0,8,128.6427977317798,277.8973667922635,pobre,basal,0,500.0,730.0,1.0,35.0,9,498,17363,2,1.0
98,1.0,0.0,4.244,1.0,3.0,8,128.6427977317798,277.8973667922635,pobre,basal,0,500.0,730.0,1.0,35.0,10,498,17363,2,1.0
97,1.0,0.0,4.244,1.0,0.0,8,128.6427977317798,277.8973667922635,pobre,basal,0,500.0,730.0,1.0,35.0,7,498,17364,0,1.0
98,1.0,0.0,4.244,1.0,1.0,8,128.6427977317798,277.8973667922635,pobre,basal,0,500.0,730.0,1.0,35.0,8,498,17364,0,1.0
97,1.0,0.0,4.244,1.0,3.0,8,128.6427977317798,277.8973667922635,pobre,basal,0,500.0,730.0,1.0,35.0,12,498,17365,3,1.0
98,1.0,0.0,4.244,1.0,4.0,8,128.6427977317798,277.8973667922635,pobre,basal,0,500.0,730.0,1.0,35.0,13,498,17365,3,1.0
97,1.0,0.0,4.244,1.0,5.0,6,128.6427977317798,277.8973667922635,pobre,basal,0,625.0,818.5,1.0,49.0,12,498,17366,5,1.0
98,1.0,0.0,4.244,1.0,6.0,6,128.6427977317798,277.8973667922635,pobre,basal,0,625.0,818.5,1.0,49.0,13,498,17366,5,1.0
97,1.0,0.0,4.244,1.0,0.0,6,128.6427977317798,277.8973667922635,pobre,basal,0,625.0,818.5,1.0,49.0,6,498,17367,0,1.0
98,1.0,0.0,4.244,1.0,1.0,6,128.6427977317798,277.8973667922635,pobre,basal,0,625.0,818.5,1.0,49.0,7,498,17367,0,1.0
97,1.0,0.0,4.244,1.0,3.0,4,128.6427977317798,277.8973667922635,pobre,basal,2,500.0,580.33099,0.0,30.0,10,498,17368,3,1.0
98,1.0,0.0,4.244,1.0,4.0,4,128.6427977317798,277.8973667922635,pobre,basal,2,500.0,580.33099,0.0,30.0,11,498,17368,3,1.0
97,0.0,0.0,4.244,1.0,1.0,4,128.6427977317798,277.8973667922635,pobre,basal,2,500.0,580.33099,0.0,30.0,7,498,17369,1,1.0
98,0.0,0.0,4.244,1.0,2.0,4,128.6427977317798,277.8973667922635,pobre,basal,2,500.0,580.33099,0.0,30.0,8,498,17369,1,1.0
97,1.0,0.0,4.244,0.0,6.0,8,128.6427977317798,277.8973667922635,pobre,basal,0,500.0,608.0,1.0,38.0,14,498,17370,6,0.0
98,1.0,0.0,4.244,1.0,6.0,8,128.6427977317798,277.8973667922635,pobre,basal,0,500.0,608.0,1.0,38.0,15,498,17370,6,0.0
97,1.0,0.0,4.244,1.0,4.0,8,128.6427977317798,277.8973667922635,pobre,basal,0,500.0,608.0,1.0,38.0,12,498,17371,4,1.0
98,1.0,0.0,4.244,1.0,4.0,8,128.6427977317798,277.8973667922635,pobre,basal,0,500.0,608.0,1.0,38.0,13,498,17371,4,1.0
97,1.0,0.0,4.244,1.0,2.0,8,128.6427977317798,277.8973667922635,pobre,basal,0,500.0,608.0,1.0,38.0,9,498,17372,2,1.0
98,1.0,0.0,4.244,1.0,2.0,8,128.6427977317798,277.8973667922635,pobre,basal,0,500.0,608.0,1.0,38.0,10,498,17372,2,1.0
97,0.0,0.0,4.244,1.0,0.0,8,128.6427977317798,277.8973667922635,pobre,basal,0,500.0,608.0,1.0,38.0,7,498,17373,0,1.0
98,0.0,0.0,4.244,1.0,1.0,8,128.6427977317798,277.8973667922635,pobre,basal,0,500.0,608.0,1.0,38.0,8,498,17373,0,1.0
97,0.0,0.0,4.244,1.0,6.0,5,128.6427977317798,277.8973667922635,pobre,basal,3,500.0,661.0,1.0,33.0,14,498,17374,6,1.0
98,0.0,0.0,4.244,1.0,7.0,5,128.6427977317798,277.8973667922635,pobre,basal,3,500.0,661.0,1.0,33.0,15,498,17374,6,1.0
97,1.0,0.0,4.244,1.0,4.0,5,128.6427977317798,277.8973667922635,pobre,basal,3,500.0,661.0,1.0,33.0,11,498,17375,4,1.0
98,1.0,0.0,4.244,1.0,5.0,5,128.6427977317798,277.8973667922635,pobre,basal,3,500.0,661.0,1.0,33.0,12,498,17375,4,1.0
97,0.0,0.0,4.244,1.0,2.0,5,128.6427977317798,277.8973667922635,pobre,basal,3,500.0,661.0,1.0,33.0,9,498,17376,2,1.0
98,0.0,0.0,4.244,1.0,3.0,5,128.6427977317798,277.8973667922635,pobre,basal,3,500.0,661.0,1.0,33.0,10,498,17376,2,1.0
97,1.0,0.0,3.319,1.0,6.0,10,151.6755249492749,289.9828830190902,pobre,basal,6,500.0,747.0,1.0,31.0,12,448,17377,6,1.0
98,1.0,0.0,3.319,1.0,7.0,10,151.6755249492749,289.9828830190902,pobre,basal,6,500.0,747.0,1.0,31.0,13,448,17377,6,1.0
97,1.0,0.0,3.319,1.0,2.0,10,151.6755249492749,289.9828830190902,pobre,basal,6,500.0,747.0,1.0,31.0,10,448,17378,2,1.0
98,1.0,0.0,3.319,1.0,3.0,10,151.6755249492749,289.9828830190902,pobre,basal,6,500.0,747.0,1.0,31.0,11,448,17378,2,1.0
97,0.0,0.0,3.319,1.0,2.0,10,151.6755249492749,289.9828830190902,pobre,basal,6,500.0,747.0,1.0,31.0,8,448,17379,2,1.0
98,0.0,0.0,3.319,1.0,3.0,10,151.6755249492749,289.9828830190902,pobre,basal,6,500.0,747.0,1.0,31.0,9,448,17379,2,1.0
97,1.0,0.0,3.319,0.0,6.0,10,151.6755249492749,289.9828830190902,pobre,basal,6,500.0,747.0,1.0,31.0,14,448,17380,6,0.0
98,1.0,0.0,3.319,,,10,151.6755249492749,289.9828830190902,pobre,basal,6,500.0,747.0,1.0,31.0,15,448,17380,6,0.0
97,1.0,0.0,4.244,1.0,8.0,10,128.6427977317798,277.8973667922635,pobre,basal,3,2000.0,793.5,1.0,46.0,16,498,17381,8,1.0
98,1.0,0.0,4.244,,,10,128.6427977317798,277.8973667922635,pobre,basal,3,2000.0,793.5,1.0,46.0,17,498,17381,8,1.0
97,0.0,0.0,4.244,1.0,5.0,10,128.6427977317798,277.8973667922635,pobre,basal,3,2000.0,793.5,1.0,46.0,12,498,17382,5,1.0
98,0.0,0.0,4.244,,,10,128.6427977317798,277.8973667922635,pobre,basal,3,2000.0,793.5,1.0,46.0,13,498,17382,5,1.0
97,1.0,0.0,4.244,1.0,7.0,10,128.6427977317798,277.8973667922635,pobre,basal,3,2000.0,793.5,1.0,46.0,14,498,17383,7,1.0
98,1.0,0.0,4.244,,,10,128.6427977317798,277.8973667922635,pobre,basal,3,2000.0,793.5,1.0,46.0,15,498,17383,7,1.0
97,1.0,0.0,4.244,1.0,4.0,10,128.6427977317798,277.8973667922635,pobre,basal,3,2000.0,793.5,1.0,46.0,11,498,17384,4,1.0
98,1.0,0.0,4.244,,,10,128.6427977317798,277.8973667922635,pobre,basal,3,2000.0,793.5,1.0,46.0,12,498,17384,4,1.0
97,1.0,0.0,4.244,1.0,5.0,4,128.6427977317798,277.8973667922635,pobre,basal,0,500.0,875.0,0.0,45.0,14,498,17385,5,1.0
98,1.0,0.0,4.244,0.0,4.0,4,128.6427977317798,277.8973667922635,pobre,basal,0,500.0,875.0,0.0,45.0,15,498,17385,5,1.0
97,1.0,0.0,4.244,1.0,2.0,4,128.6427977317798,277.8973667922635,pobre,basal,0,500.0,875.0,0.0,45.0,7,498,17386,2,1.0
98,1.0,0.0,4.244,1.0,2.0,4,128.6427977317798,277.8973667922635,pobre,basal,0,500.0,875.0,0.0,45.0,8,498,17386,2,1.0
97,0.0,0.0,3.319,1.0,7.0,5,151.6755249492749,289.9828830190902,pobre,basal,2,500.0,829.0,1.0,53.0,12,448,17387,7,1.0
98,0.0,0.0,3.319,1.0,7.0,5,151.6755249492749,289.9828830190902,pobre,basal,2,500.0,829.0,1.0,53.0,13,448,17387,7,1.0
97,0.0,0.0,3.319,1.0,5.0,5,151.6755249492749,289.9828830190902,pobre,basal,2,500.0,829.0,1.0,53.0,10,448,17388,5,1.0
98,0.0,0.0,3.319,1.0,5.0,5,151.6755249492749,289.9828830190902,pobre,basal,2,500.0,829.0,1.0,53.0,11,448,17388,5,1.0
97,0.0,0.0,3.319,1.0,3.0,5,151.6755249492749,289.9828830190902,pobre,basal,2,500.0,829.0,1.0,53.0,8,448,17389,3,1.0
98,0.0,0.0,3.319,1.0,3.0,5,151.6755249492749,289.9828830190902,pobre,basal,2,500.0,829.0,1.0,53.0,9,448,17389,3,1.0
97,0.0,0.0,3.319,1.0,6.0,7,151.6755249492749,289.9828830190902,pobre,basal,3,500.0,463.0,1.0,27.0,13,448,17390,6,1.0
98,0.0,0.0,3.319,1.0,6.0,7,151.6755249492749,289.9828830190902,pobre,basal,3,500.0,463.0,1.0,27.0,14,448,17390,6,1.0
97,0.0,0.0,3.319,1.0,3.0,7,151.6755249492749,289.9828830190902,pobre,basal,3,500.0,463.0,1.0,27.0,9,448,17391,3,1.0
98,0.0,0.0,3.319,1.0,3.0,7,151.6755249492749,289.9828830190902,pobre,basal,3,500.0,463.0,1.0,27.0,10,448,17391,3,1.0
97,0.0,0.0,3.319,1.0,1.0,7,151.6755249492749,289.9828830190902,pobre,basal,3,500.0,463.0,1.0,27.0,7,448,17392,1,1.0
98,0.0,0.0,3.319,1.0,1.0,7,151.6755249492749,289.9828830190902,pobre,basal,3,500.0,463.0,1.0,27.0,8,448,17392,1,1.0
97,0.0,0.0,2.8710001,1.0,6.0,4,157.2175772604217,290.5822678775554,pobre,0,4,625.0,707.0,1.0,36.0,13,407,17393,6,1.0
98,0.0,0.0,2.8710001,0.0,6.0,4,157.2175772604217,290.5822678775554,pobre,0,4,625.0,707.0,1.0,36.0,14,407,17393,6,1.0
97,0.0,0.0,2.8710001,1.0,4.0,4,157.2175772604217,290.5822678775554,pobre,0,4,625.0,707.0,1.0,36.0,10,407,17394,4,1.0
98,0.0,0.0,2.8710001,1.0,5.0,4,157.2175772604217,290.5822678775554,pobre,0,4,625.0,707.0,1.0,36.0,11,407,17394,4,1.0
97,1.0,1.0,3.5569999,0.0,3.0,7,162.7488113547962,283.6375603788808,pobre,0,3,500.0,610.0,1.0,45.0,16,503,17395,3,0.0
98,1.0,1.0,3.5569999,,,7,162.7488113547962,283.6375603788808,pobre,0,3,500.0,610.0,1.0,45.0,17,503,17395,3,0.0
97,1.0,1.0,3.5569999,0.0,6.0,7,162.7488113547962,283.6375603788808,pobre,0,3,500.0,610.0,1.0,45.0,14,503,17396,6,0.0
98,1.0,1.0,3.5569999,1.0,6.0,7,162.7488113547962,283.6375603788808,pobre,0,3,500.0,610.0,1.0,45.0,15,503,17396,6,0.0
97,0.0,1.0,3.5569999,1.0,5.0,7,162.7488113547962,283.6375603788808,pobre,0,3,500.0,610.0,1.0,45.0,11,503,17397,5,1.0
98,0.0,1.0,3.5569999,1.0,6.0,7,162.7488113547962,283.6375603788808,pobre,0,3,500.0,610.0,1.0,45.0,12,503,17397,5,1.0
97,0.0,1.0,3.5899999,1.0,7.0,6,145.8341971929235,278.0239738702282,pobre,basal,4,500.0,739.0,1.0,39.0,15,427,17398,7,1.0
98,0.0,1.0,3.5899999,1.0,8.0,6,145.8341971929235,278.0239738702282,pobre,basal,4,500.0,739.0,1.0,39.0,16,427,17398,7,1.0
97,1.0,1.0,3.5899999,1.0,4.0,6,145.8341971929235,278.0239738702282,pobre,basal,4,500.0,739.0,1.0,39.0,12,427,17399,4,1.0
98,1.0,1.0,3.5899999,1.0,6.0,6,145.8341971929235,278.0239738702282,pobre,basal,4,500.0,739.0,1.0,39.0,13,427,17399,4,1.0
97,0.0,1.0,3.5899999,1.0,2.0,6,145.8341971929235,278.0239738702282,pobre,basal,4,500.0,739.0,1.0,39.0,10,427,17400,2,1.0
98,0.0,1.0,3.5899999,1.0,3.0,6,145.8341971929235,278.0239738702282,pobre,basal,4,500.0,739.0,1.0,39.0,11,427,17400,2,1.0
97,1.0,1.0,3.5899999,1.0,2.0,5,145.8341971929235,278.0239738702282,pobre,basal,2,500.0,766.5,1.0,51.0,16,427,17401,2,1.0
98,1.0,1.0,3.5899999,,,5,145.8341971929235,278.0239738702282,pobre,basal,2,500.0,766.5,1.0,51.0,17,427,17401,2,1.0
97,1.0,1.0,3.5899999,1.0,6.0,5,145.8341971929235,278.0239738702282,pobre,basal,2,500.0,766.5,1.0,51.0,13,427,17402,6,1.0
98,1.0,1.0,3.5899999,1.0,6.0,5,145.8341971929235,278.0239738702282,pobre,basal,2,500.0,766.5,1.0,51.0,14,427,17402,6,1.0
97,0.0,1.0,3.5899999,1.0,1.0,5,145.8341971929235,278.0239738702282,pobre,basal,2,500.0,766.5,1.0,51.0,8,427,17403,1,1.0
98,0.0,1.0,3.5899999,1.0,2.0,5,145.8341971929235,278.0239738702282,pobre,basal,2,500.0,766.5,1.0,51.0,9,427,17403,1,1.0
97,0.0,1.0,3.5899999,1.0,5.0,4,145.8341971929235,278.0239738702282,pobre,basal,3,500.0,773.0,1.0,52.0,12,427,17404,5,1.0
98,0.0,1.0,3.5899999,1.0,6.0,4,145.8341971929235,278.0239738702282,pobre,basal,3,500.0,773.0,1.0,52.0,13,427,17404,5,1.0
97,1.0,1.0,3.5899999,1.0,0.0,4,145.8341971929235,278.0239738702282,pobre,basal,3,500.0,773.0,1.0,52.0,6,427,17405,0,1.0
98,1.0,1.0,3.5899999,1.0,0.0,4,145.8341971929235,278.0239738702282,pobre,basal,3,500.0,773.0,1.0,52.0,7,427,17405,0,1.0
97,0.0,1.0,3.5899999,1.0,7.0,9,145.8341971929235,278.0239738702282,pobre,basal,1,500.0,543.0,1.0,52.0,15,427,17406,7,1.0
98,0.0,1.0,3.5899999,0.0,8.0,9,145.8341971929235,278.0239738702282,pobre,basal,1,500.0,543.0,1.0,52.0,16,427,17406,7,1.0
97,1.0,1.0,3.5899999,1.0,6.0,9,145.8341971929235,278.0239738702282,pobre,basal,1,500.0,543.0,1.0,52.0,16,427,17407,6,1.0
98,1.0,1.0,3.5899999,,,9,145.8341971929235,278.0239738702282,pobre,basal,1,500.0,543.0,1.0,52.0,17,427,17407,6,1.0
97,0.0,1.0,3.5899999,1.0,6.0,9,145.8341971929235,278.0239738702282,pobre,basal,1,500.0,543.0,1.0,52.0,13,427,17408,6,1.0
98,0.0,1.0,3.5899999,0.0,6.0,9,145.8341971929235,278.0239738702282,pobre,basal,1,500.0,543.0,1.0,52.0,14,427,17408,6,1.0
97,1.0,1.0,3.5899999,1.0,1.0,9,145.8341971929235,278.0239738702282,pobre,basal,1,500.0,543.0,1.0,52.0,9,427,17409,1,1.0
98,1.0,1.0,3.5899999,1.0,2.0,9,145.8341971929235,278.0239738702282,pobre,basal,1,500.0,543.0,1.0,52.0,10,427,17409,1,1.0
97,1.0,1.0,3.5899999,1.0,8.0,9,145.8341971929235,278.0239738702282,pobre,basal,3,500.0,803.75,1.0,46.0,16,427,17410,8,1.0
98,1.0,1.0,3.5899999,,,9,145.8341971929235,278.0239738702282,pobre,basal,3,500.0,803.75,1.0,46.0,17,427,17410,8,1.0
97,1.0,1.0,3.5899999,1.0,6.0,9,145.8341971929235,278.0239738702282,pobre,basal,3,500.0,803.75,1.0,46.0,15,427,17411,6,1.0
98,1.0,1.0,3.5899999,1.0,7.0,9,145.8341971929235,278.0239738702282,pobre,basal,3,500.0,803.75,1.0,46.0,16,427,17411,6,1.0
97,0.0,1.0,3.5899999,1.0,5.0,9,145.8341971929235,278.0239738702282,pobre,basal,3,500.0,803.75,1.0,46.0,13,427,17412,5,1.0
98,0.0,1.0,3.5899999,1.0,6.0,9,145.8341971929235,278.0239738702282,pobre,basal,3,500.0,803.75,1.0,46.0,14,427,17412,5,1.0
97,1.0,1.0,3.5899999,1.0,3.0,9,145.8341971929235,278.0239738702282,pobre,basal,3,500.0,803.75,1.0,46.0,10,427,17413,3,1.0
98,1.0,1.0,3.5899999,1.0,4.0,9,145.8341971929235,278.0239738702282,pobre,basal,3,500.0,803.75,1.0,46.0,11,427,17413,3,1.0
97,0.0,1.0,3.5899999,1.0,2.0,9,145.8341971929235,278.0239738702282,pobre,basal,3,500.0,803.75,1.0,46.0,9,427,17414,2,1.0
98,0.0,1.0,3.5899999,1.0,3.0,9,145.8341971929235,278.0239738702282,pobre,basal,3,500.0,803.75,1.0,46.0,10,427,17414,2,1.0
97,1.0,1.0,3.5899999,1.0,0.0,9,145.8341971929235,278.0239738702282,pobre,basal,3,500.0,803.75,1.0,46.0,6,427,17415,0,1.0
98,1.0,1.0,3.5899999,1.0,1.0,9,145.8341971929235,278.0239738702282,pobre,basal,3,500.0,803.75,1.0,46.0,7,427,17415,0,1.0
97,1.0,1.0,3.5899999,1.0,3.0,4,145.8341971929235,278.0239738702282,pobre,basal,6,500.0,670.0,1.0,31.0,11,427,17416,3,1.0
98,1.0,1.0,3.5899999,1.0,4.0,4,145.8341971929235,278.0239738702282,pobre,basal,6,500.0,670.0,1.0,31.0,12,427,17416,3,1.0
97,1.0,1.0,3.5899999,1.0,1.0,4,145.8341971929235,278.0239738702282,pobre,basal,6,500.0,670.0,1.0,31.0,7,427,17417,1,1.0
98,1.0,1.0,3.5899999,1.0,2.0,4,145.8341971929235,278.0239738702282,pobre,basal,6,500.0,670.0,1.0,31.0,8,427,17417,1,1.0
97,0.0,1.0,3.5899999,1.0,7.0,9,145.8341971929235,278.0239738702282,pobre,basal,6,625.0,799.0,1.0,51.0,13,427,17418,7,1.0
98,0.0,1.0,3.5899999,1.0,8.0,9,145.8341971929235,278.0239738702282,pobre,basal,6,625.0,799.0,1.0,51.0,14,427,17418,7,1.0
97,1.0,1.0,3.5899999,1.0,5.0,9,145.8341971929235,278.0239738702282,pobre,basal,6,625.0,799.0,1.0,51.0,11,427,17419,5,1.0
98,1.0,1.0,3.5899999,1.0,6.0,9,145.8341971929235,278.0239738702282,pobre,basal,6,625.0,799.0,1.0,51.0,12,427,17419,5,1.0
97,0.0,1.0,3.5899999,1.0,5.0,7,145.8341971929235,278.0239738702282,no pobre,basal,6,625.0,934.0,1.0,38.0,13,427,17420,5,1.0
98,0.0,1.0,3.5899999,1.0,6.0,7,145.8341971929235,278.0239738702282,no pobre,basal,6,625.0,934.0,1.0,38.0,14,427,17420,5,1.0
97,0.0,1.0,3.5899999,1.0,4.0,7,145.8341971929235,278.0239738702282,no pobre,basal,6,625.0,934.0,1.0,38.0,10,427,17421,4,1.0
98,0.0,1.0,3.5899999,1.0,5.0,7,145.8341971929235,278.0239738702282,no pobre,basal,6,625.0,934.0,1.0,38.0,11,427,17421,4,1.0
97,1.0,0.0,3.5899999,0.0,5.0,7,145.8341971929235,278.0239738702282,pobre,basal,0,500.0,727.0,1.0,37.0,15,427,17422,5,0.0
98,1.0,0.0,3.5899999,0.0,4.0,7,145.8341971929235,278.0239738702282,pobre,basal,0,500.0,727.0,1.0,37.0,16,427,17422,5,0.0
97,0.0,0.0,3.5899999,1.0,3.0,7,145.8341971929235,278.0239738702282,pobre,basal,0,500.0,727.0,1.0,37.0,12,427,17423,3,1.0
98,0.0,0.0,3.5899999,1.0,4.0,7,145.8341971929235,278.0239738702282,pobre,basal,0,500.0,727.0,1.0,37.0,13,427,17423,3,1.0
97,1.0,0.0,3.5899999,1.0,3.0,7,145.8341971929235,278.0239738702282,pobre,basal,0,500.0,727.0,1.0,37.0,10,427,17424,3,1.0
98,1.0,0.0,3.5899999,1.0,4.0,7,145.8341971929235,278.0239738702282,pobre,basal,0,500.0,727.0,1.0,37.0,11,427,17424,3,1.0
97,0.0,1.0,3.5899999,0.0,6.0,10,145.8341971929235,278.0239738702282,pobre,basal,3,400.0,662.0,1.0,51.0,16,427,17425,6,0.0
98,0.0,1.0,3.5899999,,,10,145.8341971929235,278.0239738702282,pobre,basal,3,400.0,662.0,1.0,51.0,17,427,17425,6,0.0
97,0.0,1.0,3.5899999,1.0,5.0,10,145.8341971929235,278.0239738702282,pobre,basal,3,400.0,662.0,1.0,51.0,13,427,17426,5,1.0
98,0.0,1.0,3.5899999,,,10,145.8341971929235,278.0239738702282,pobre,basal,3,400.0,662.0,1.0,51.0,14,427,17426,5,1.0
97,0.0,1.0,3.5899999,1.0,2.0,10,145.8341971929235,278.0239738702282,pobre,basal,3,400.0,662.0,1.0,51.0,8,427,17427,2,1.0
98,0.0,1.0,3.5899999,1.0,3.0,10,145.8341971929235,278.0239738702282,pobre,basal,3,400.0,662.0,1.0,51.0,9,427,17427,2,1.0
97,0.0,1.0,3.5899999,1.0,1.0,10,145.8341971929235,278.0239738702282,pobre,basal,3,400.0,662.0,1.0,51.0,7,427,17428,1,1.0
98,0.0,1.0,3.5899999,1.0,1.0,10,145.8341971929235,278.0239738702282,pobre,basal,3,400.0,662.0,1.0,51.0,8,427,17428,1,1.0
97,0.0,1.0,3.5899999,1.0,2.0,18,145.8341971929235,278.0239738702282,no pobre,basal,5,0.0,990.75,0.0,54.0,8,427,17429,2,1.0
98,0.0,1.0,3.5899999,,,18,145.8341971929235,278.0239738702282,no pobre,basal,5,0.0,990.75,0.0,54.0,9,427,17429,2,1.0
97,1.0,1.0,3.5899999,1.0,0.0,18,145.8341971929235,278.0239738702282,no pobre,basal,5,0.0,990.75,0.0,54.0,6,427,17430,0,1.0
98,1.0,1.0,3.5899999,,,18,145.8341971929235,278.0239738702282,no pobre,basal,5,0.0,990.75,0.0,54.0,7,427,17430,0,1.0
97,0.0,1.0,3.5899999,1.0,6.0,7,145.8341971929235,278.0239738702282,pobre,basal,4,500.0,631.0,1.0,36.0,15,427,17431,6,1.0
98,0.0,1.0,3.5899999,0.0,6.0,7,145.8341971929235,278.0239738702282,pobre,basal,4,500.0,631.0,1.0,36.0,16,427,17431,6,1.0
97,1.0,1.0,3.5899999,1.0,5.0,7,145.8341971929235,278.0239738702282,pobre,basal,4,500.0,631.0,1.0,36.0,14,427,17432,5,1.0
98,1.0,1.0,3.5899999,0.0,6.0,7,145.8341971929235,278.0239738702282,pobre,basal,4,500.0,631.0,1.0,36.0,15,427,17432,5,1.0
97,1.0,1.0,3.5899999,1.0,3.0,7,145.8341971929235,278.0239738702282,pobre,basal,4,500.0,631.0,1.0,36.0,12,427,17433,3,1.0
98,1.0,1.0,3.5899999,1.0,4.0,7,145.8341971929235,278.0239738702282,pobre,basal,4,500.0,631.0,1.0,36.0,13,427,17433,3,1.0
97,0.0,1.0,3.5899999,1.0,2.0,7,145.8341971929235,278.0239738702282,pobre,basal,4,500.0,631.0,1.0,36.0,9,427,17434,2,1.0
98,0.0,1.0,3.5899999,1.0,3.0,7,145.8341971929235,278.0239738702282,pobre,basal,4,500.0,631.0,1.0,36.0,10,427,17434,2,1.0
97,0.0,1.0,3.5899999,0.0,5.0,7,145.8341971929235,278.0239738702282,pobre,basal,6,500.0,583.0,1.0,33.0,13,427,17435,5,0.0
98,0.0,1.0,3.5899999,1.0,6.0,7,145.8341971929235,278.0239738702282,pobre,basal,6,500.0,583.0,1.0,33.0,14,427,17435,5,0.0
97,1.0,1.0,3.5899999,1.0,4.0,7,145.8341971929235,278.0239738702282,pobre,basal,6,500.0,583.0,1.0,33.0,11,427,17436,4,1.0
98,1.0,1.0,3.5899999,1.0,5.0,7,145.8341971929235,278.0239738702282,pobre,basal,6,500.0,583.0,1.0,33.0,12,427,17436,4,1.0
97,0.0,1.0,3.5899999,1.0,3.0,7,145.8341971929235,278.0239738702282,pobre,basal,6,500.0,583.0,1.0,33.0,9,427,17437,3,1.0
98,0.0,1.0,3.5899999,1.0,4.0,7,145.8341971929235,278.0239738702282,pobre,basal,6,500.0,583.0,1.0,33.0,10,427,17437,3,1.0
97,1.0,1.0,3.5899999,1.0,0.0,9,145.8341971929235,278.0239738702282,pobre,basal,6,500.0,528.0,1.0,27.0,6,427,17438,0,1.0
98,1.0,1.0,3.5899999,1.0,1.0,9,145.8341971929235,278.0239738702282,pobre,basal,6,500.0,528.0,1.0,27.0,7,427,17438,0,1.0
97,0.0,1.0,3.5899999,1.0,8.0,9,145.8341971929235,278.0239738702282,pobre,basal,6,500.0,528.0,1.0,27.0,16,427,17439,8,1.0
98,0.0,1.0,3.5899999,1.0,9.0,9,145.8341971929235,278.0239738702282,pobre,basal,6,500.0,528.0,1.0,27.0,17,427,17439,8,1.0
97,1.0,1.0,3.5899999,1.0,4.0,9,145.8341971929235,278.0239738702282,pobre,basal,6,500.0,528.0,1.0,27.0,12,427,17440,4,1.0
98,1.0,1.0,3.5899999,1.0,5.0,9,145.8341971929235,278.0239738702282,pobre,basal,6,500.0,528.0,1.0,27.0,13,427,17440,4,1.0
97,0.0,1.0,3.5899999,1.0,6.0,5,145.8341971929235,278.0239738702282,pobre,basal,4,500.0,794.5,1.0,53.0,14,427,17441,6,1.0
98,0.0,1.0,3.5899999,1.0,7.0,5,145.8341971929235,278.0239738702282,pobre,basal,4,500.0,794.5,1.0,53.0,15,427,17441,6,1.0
97,1.0,1.0,3.5899999,1.0,4.0,5,145.8341971929235,278.0239738702282,pobre,basal,4,500.0,794.5,1.0,53.0,10,427,17442,4,1.0
98,1.0,1.0,3.5899999,1.0,5.0,5,145.8341971929235,278.0239738702282,pobre,basal,4,500.0,794.5,1.0,53.0,11,427,17442,4,1.0
97,1.0,1.0,3.5899999,1.0,4.0,9,145.8341971929235,278.0239738702282,pobre,basal,6,500.0,540.0,1.0,39.0,14,427,17443,4,1.0
98,1.0,1.0,3.5899999,1.0,5.0,9,145.8341971929235,278.0239738702282,pobre,basal,6,500.0,540.0,1.0,39.0,15,427,17443,4,1.0
97,1.0,1.0,3.5899999,1.0,4.0,9,145.8341971929235,278.0239738702282,pobre,basal,6,500.0,540.0,1.0,39.0,11,427,17444,4,1.0
98,1.0,1.0,3.5899999,1.0,5.0,9,145.8341971929235,278.0239738702282,pobre,basal,6,500.0,540.0,1.0,39.0,12,427,17444,4,1.0
97,1.0,1.0,3.5899999,,0.0,9,145.8341971929235,278.0239738702282,pobre,basal,6,500.0,540.0,1.0,39.0,8,427,17445,0,
98,1.0,1.0,3.5899999,1.0,2.0,9,145.8341971929235,278.0239738702282,pobre,basal,6,500.0,540.0,1.0,39.0,9,427,17445,0,
97,0.0,1.0,3.5899999,,0.0,9,145.8341971929235,278.0239738702282,pobre,basal,6,500.0,540.0,1.0,39.0,6,427,17446,0,
98,0.0,1.0,3.5899999,1.0,1.0,9,145.8341971929235,278.0239738702282,pobre,basal,6,500.0,540.0,1.0,39.0,7,427,17446,0,
97,0.0,0.0,2.7379999,1.0,8.0,5,115.9450788670059,140.0621186260371,no pobre,0,3,625.0,770.5,1.0,32.0,14,392,17447,8,1.0
98,0.0,0.0,2.7379999,,,5,115.9450788670059,140.0621186260371,no pobre,0,3,625.0,770.5,1.0,32.0,15,392,17447,8,1.0
97,1.0,1.0,3.5899999,0.0,6.0,4,145.8341971929235,278.0239738702282,pobre,basal,3,0.0,638.0,0.0,42.0,15,427,17448,6,0.0
98,1.0,1.0,3.5899999,0.0,6.0,4,145.8341971929235,278.0239738702282,pobre,basal,3,0.0,638.0,0.0,42.0,16,427,17448,6,0.0
97,0.0,1.0,3.5899999,1.0,3.0,4,145.8341971929235,278.0239738702282,pobre,basal,3,0.0,638.0,0.0,42.0,9,427,17449,3,1.0
98,0.0,1.0,3.5899999,1.0,4.0,4,145.8341971929235,278.0239738702282,pobre,basal,3,0.0,638.0,0.0,42.0,10,427,17449,3,1.0
97,1.0,1.0,3.5899999,1.0,0.0,4,145.8341971929235,278.0239738702282,pobre,basal,3,0.0,638.0,0.0,42.0,6,427,17450,0,1.0
98,1.0,1.0,3.5899999,1.0,1.0,4,145.8341971929235,278.0239738702282,pobre,basal,3,0.0,638.0,0.0,42.0,7,427,17450,0,1.0
97,0.0,1.0,3.5899999,1.0,3.0,5,145.8341971929235,278.0239738702282,pobre,basal,6,400.0,699.0,1.0,30.0,9,427,17451,3,1.0
98,0.0,1.0,3.5899999,1.0,4.0,5,145.8341971929235,278.0239738702282,pobre,basal,6,400.0,699.0,1.0,30.0,10,427,17451,3,1.0
97,1.0,1.0,3.5899999,1.0,0.0,5,145.8341971929235,278.0239738702282,pobre,basal,6,400.0,699.0,1.0,30.0,6,427,17452,0,1.0
98,1.0,1.0,3.5899999,1.0,1.0,5,145.8341971929235,278.0239738702282,pobre,basal,6,400.0,699.0,1.0,30.0,7,427,17452,0,1.0
97,1.0,1.0,3.5899999,1.0,0.0,4,145.8341971929235,278.0239738702282,pobre,basal,0,0.0,720.0,0.0,57.0,6,427,17453,0,1.0
98,1.0,1.0,3.5899999,1.0,1.0,4,145.8341971929235,278.0239738702282,pobre,basal,0,0.0,720.0,0.0,57.0,7,427,17453,0,1.0
97,0.0,1.0,3.5899999,1.0,1.0,5,145.8341971929235,278.0239738702282,pobre,basal,14,480.0,817.5,1.0,55.0,7,427,17454,1,1.0
98,0.0,1.0,3.5899999,1.0,2.0,5,145.8341971929235,278.0239738702282,pobre,basal,14,480.0,817.5,1.0,55.0,8,427,17454,1,1.0
97,0.0,1.0,3.5899999,1.0,3.0,7,145.8341971929235,278.0239738702282,pobre,basal,0,0.0,607.0,0.0,62.0,10,427,17455,3,1.0
98,0.0,1.0,3.5899999,1.0,4.0,7,145.8341971929235,278.0239738702282,pobre,basal,0,0.0,607.0,0.0,62.0,11,427,17455,3,1.0
97,0.0,1.0,3.5899999,1.0,2.0,7,145.8341971929235,278.0239738702282,pobre,basal,0,0.0,607.0,0.0,62.0,8,427,17456,2,1.0
98,0.0,1.0,3.5899999,1.0,3.0,7,145.8341971929235,278.0239738702282,pobre,basal,0,0.0,607.0,0.0,62.0,9,427,17456,2,1.0
97,1.0,1.0,3.5899999,1.0,0.0,7,145.8341971929235,278.0239738702282,pobre,basal,0,0.0,607.0,0.0,62.0,6,427,17457,0,1.0
98,1.0,1.0,3.5899999,1.0,0.0,7,145.8341971929235,278.0239738702282,pobre,basal,0,0.0,607.0,0.0,62.0,7,427,17457,0,1.0
97,0.0,0.0,2.7379999,0.0,9.0,6,115.9450788670059,140.0621186260371,pobre,0,3,1000.0,728.0,0.0,35.0,15,392,17458,9,0.0
98,0.0,0.0,2.7379999,,,6,115.9450788670059,140.0621186260371,pobre,0,3,1000.0,728.0,0.0,35.0,16,392,17458,9,0.0
97,1.0,0.0,2.7379999,1.0,8.0,6,115.9450788670059,140.0621186260371,pobre,0,3,1000.0,728.0,0.0,35.0,16,392,17459,8,1.0
98,1.0,0.0,2.7379999,0.0,9.0,6,115.9450788670059,140.0621186260371,pobre,0,3,1000.0,728.0,0.0,35.0,17,392,17459,8,1.0
97,1.0,0.0,2.7379999,1.0,5.0,6,115.9450788670059,140.0621186260371,pobre,0,3,1000.0,728.0,0.0,35.0,11,392,17460,5,1.0
98,1.0,0.0,2.7379999,1.0,6.0,6,115.9450788670059,140.0621186260371,pobre,0,3,1000.0,728.0,0.0,35.0,12,392,17460,5,1.0
97,0.0,0.0,2.7379999,1.0,8.0,5,115.9450788670059,140.0621186260371,no pobre,0,2,625.0,805.66669,1.0,37.0,13,392,17461,8,1.0
98,0.0,0.0,2.7379999,1.0,9.0,5,115.9450788670059,140.0621186260371,no pobre,0,2,625.0,805.66669,1.0,37.0,14,392,17461,8,1.0
97,1.0,1.0,4.4390001,1.0,3.0,3,141.0977350861535,286.0098668459468,no pobre,basal,13,1500.0,1099.0,1.0,42.0,9,437,17462,3,1.0
98,1.0,1.0,4.4390001,1.0,3.0,3,141.0977350861535,286.0098668459468,no pobre,basal,13,1500.0,1099.0,1.0,42.0,10,437,17462,3,1.0
97,1.0,0.0,2.063,0.0,6.0,7,104.7451295027394,132.7696398832534,pobre,basal,3,625.0,715.33331,1.0,48.0,14,391,17463,6,0.0
98,1.0,0.0,2.063,,,7,104.7451295027394,132.7696398832534,pobre,basal,3,625.0,715.33331,1.0,48.0,15,391,17463,6,0.0
97,0.0,0.0,2.063,1.0,6.0,7,104.7451295027394,132.7696398832534,pobre,basal,3,625.0,715.33331,1.0,48.0,12,391,17464,6,1.0
98,0.0,0.0,2.063,,,7,104.7451295027394,132.7696398832534,pobre,basal,3,625.0,715.33331,1.0,48.0,13,391,17464,6,1.0
97,0.0,0.0,2.063,1.0,3.0,7,104.7451295027394,132.7696398832534,pobre,basal,3,625.0,715.33331,1.0,48.0,10,391,17465,3,1.0
98,0.0,0.0,2.063,1.0,4.0,7,104.7451295027394,132.7696398832534,pobre,basal,3,625.0,715.33331,1.0,48.0,11,391,17465,3,1.0
97,0.0,0.0,2.063,1.0,2.0,7,104.7451295027394,132.7696398832534,pobre,basal,3,625.0,715.33331,1.0,48.0,8,391,17466,2,1.0
98,0.0,0.0,2.063,1.0,3.0,7,104.7451295027394,132.7696398832534,pobre,basal,3,625.0,715.33331,1.0,48.0,9,391,17466,2,1.0
97,0.0,0.0,2.063,0.0,6.0,7,104.7451295027394,132.7696398832534,pobre,basal,1,500.0,734.5,1.0,60.0,16,391,17467,6,0.0
98,0.0,0.0,2.063,,,7,104.7451295027394,132.7696398832534,pobre,basal,1,500.0,734.5,1.0,60.0,17,391,17467,6,0.0
97,0.0,0.0,2.063,1.0,2.0,7,104.7451295027394,132.7696398832534,pobre,basal,1,500.0,734.5,1.0,60.0,9,391,17468,2,1.0
98,0.0,0.0,2.063,1.0,3.0,7,104.7451295027394,132.7696398832534,pobre,basal,1,500.0,734.5,1.0,60.0,10,391,17468,2,1.0
97,0.0,0.0,2.063,1.0,0.0,7,104.7451295027394,132.7696398832534,pobre,basal,1,500.0,734.5,1.0,60.0,8,391,17469,0,1.0
98,0.0,0.0,2.063,1.0,1.0,7,104.7451295027394,132.7696398832534,pobre,basal,1,500.0,734.5,1.0,60.0,9,391,17469,0,1.0
97,1.0,0.0,2.063,1.0,7.0,9,104.7451295027394,132.7696398832534,no pobre,basal,6,1250.0,783.0,1.0,50.0,15,391,17470,7,1.0
98,1.0,0.0,2.063,0.0,8.0,9,104.7451295027394,132.7696398832534,no pobre,basal,6,1250.0,783.0,1.0,50.0,16,391,17470,7,1.0
97,1.0,0.0,2.063,1.0,6.0,9,104.7451295027394,132.7696398832534,no pobre,basal,6,1250.0,783.0,1.0,50.0,12,391,17471,6,1.0
98,1.0,0.0,2.063,0.0,6.0,9,104.7451295027394,132.7696398832534,no pobre,basal,6,1250.0,783.0,1.0,50.0,13,391,17471,6,1.0
97,0.0,0.0,2.063,1.0,1.0,9,104.7451295027394,132.7696398832534,no pobre,basal,6,1250.0,783.0,1.0,50.0,9,391,17472,1,1.0
98,0.0,0.0,2.063,1.0,2.0,9,104.7451295027394,132.7696398832534,no pobre,basal,6,1250.0,783.0,1.0,50.0,10,391,17472,1,1.0
97,0.0,0.0,2.063,1.0,6.0,5,104.7451295027394,132.7696398832534,pobre,basal,2,0.0,717.0,1.0,52.0,12,391,17473,6,1.0
98,0.0,0.0,2.063,1.0,0.0,5,104.7451295027394,132.7696398832534,pobre,basal,2,0.0,717.0,1.0,52.0,13,391,17473,6,1.0
97,1.0,0.0,2.063,0.0,3.0,5,104.7451295027394,132.7696398832534,pobre,basal,2,0.0,717.0,1.0,52.0,9,391,17474,3,0.0
98,1.0,0.0,2.063,1.0,2.0,5,104.7451295027394,132.7696398832534,pobre,basal,2,0.0,717.0,1.0,52.0,10,391,17474,3,0.0
97,0.0,0.0,2.063,0.0,7.0,2,104.7451295027394,132.7696398832534,pobre,basal,0,625.0,780.17499,1.0,18.0,16,391,17475,7,0.0
98,0.0,0.0,2.063,,,2,104.7451295027394,132.7696398832534,pobre,basal,0,625.0,780.17499,1.0,18.0,17,391,17475,7,0.0
97,0.0,0.0,2.063,,0.0,6,104.7451295027394,132.7696398832534,pobre,basal,3,625.0,605.0,1.0,28.0,8,391,17476,0,
98,0.0,0.0,2.063,,,6,104.7451295027394,132.7696398832534,pobre,basal,3,625.0,605.0,1.0,28.0,9,391,17476,0,
97,1.0,0.0,2.063,0.0,6.0,10,104.7451295027394,132.7696398832534,pobre,basal,0,500.0,613.0,1.0,60.0,15,391,17477,6,0.0
98,1.0,0.0,2.063,,,10,104.7451295027394,132.7696398832534,pobre,basal,0,500.0,613.0,1.0,60.0,16,391,17477,6,0.0
97,1.0,0.0,2.063,1.0,5.0,10,104.7451295027394,132.7696398832534,pobre,basal,0,500.0,613.0,1.0,60.0,15,391,17478,5,1.0
98,1.0,0.0,2.063,,,10,104.7451295027394,132.7696398832534,pobre,basal,0,500.0,613.0,1.0,60.0,16,391,17478,5,1.0
97,0.0,0.0,2.063,1.0,5.0,10,104.7451295027394,132.7696398832534,pobre,basal,0,500.0,613.0,1.0,60.0,12,391,17479,5,1.0
98,0.0,0.0,2.063,,,10,104.7451295027394,132.7696398832534,pobre,basal,0,500.0,613.0,1.0,60.0,13,391,17479,5,1.0
97,0.0,0.0,2.063,1.0,3.0,10,104.7451295027394,132.7696398832534,pobre,basal,0,500.0,613.0,1.0,60.0,10,391,17480,3,1.0
98,0.0,0.0,2.063,1.0,4.0,10,104.7451295027394,132.7696398832534,pobre,basal,0,500.0,613.0,1.0,60.0,11,391,17480,3,1.0
97,0.0,0.0,2.063,1.0,3.0,10,104.7451295027394,132.7696398832534,pobre,basal,0,500.0,613.0,1.0,60.0,10,391,17481,3,1.0
98,0.0,0.0,2.063,1.0,4.0,10,104.7451295027394,132.7696398832534,pobre,basal,0,500.0,613.0,1.0,60.0,11,391,17481,3,1.0
97,0.0,0.0,2.063,1.0,1.0,10,104.7451295027394,132.7696398832534,pobre,basal,0,500.0,613.0,1.0,60.0,8,391,17482,1,1.0
98,0.0,0.0,2.063,1.0,2.0,10,104.7451295027394,132.7696398832534,pobre,basal,0,500.0,613.0,1.0,60.0,9,391,17482,1,1.0
97,0.0,0.0,2.063,0.0,6.0,11,104.7451295027394,132.7696398832534,pobre,basal,2,625.0,391.0,1.0,34.0,15,391,17483,6,0.0
98,0.0,0.0,2.063,0.0,6.0,11,104.7451295027394,132.7696398832534,pobre,basal,2,625.0,391.0,1.0,34.0,16,391,17483,6,0.0
97,1.0,0.0,2.063,0.0,6.0,11,104.7451295027394,132.7696398832534,pobre,basal,2,625.0,391.0,1.0,34.0,14,391,17484,6,0.0
98,1.0,0.0,2.063,0.0,6.0,11,104.7451295027394,132.7696398832534,pobre,basal,2,625.0,391.0,1.0,34.0,15,391,17484,6,0.0
97,1.0,0.0,2.063,1.0,3.0,11,104.7451295027394,132.7696398832534,pobre,basal,2,625.0,391.0,1.0,34.0,12,391,17485,3,1.0
98,1.0,0.0,2.063,1.0,4.0,11,104.7451295027394,132.7696398832534,pobre,basal,2,625.0,391.0,1.0,34.0,13,391,17485,3,1.0
97,0.0,0.0,2.063,1.0,4.0,11,104.7451295027394,132.7696398832534,pobre,basal,2,625.0,391.0,1.0,34.0,10,391,17486,4,1.0
98,0.0,0.0,2.063,1.0,5.0,11,104.7451295027394,132.7696398832534,pobre,basal,2,625.0,391.0,1.0,34.0,11,391,17486,4,1.0
97,1.0,0.0,2.063,1.0,2.0,11,104.7451295027394,132.7696398832534,pobre,basal,2,625.0,391.0,1.0,34.0,9,391,17487,2,1.0
98,1.0,0.0,2.063,1.0,3.0,11,104.7451295027394,132.7696398832534,pobre,basal,2,625.0,391.0,1.0,34.0,10,391,17487,2,1.0
97,0.0,0.0,2.063,1.0,0.0,11,104.7451295027394,132.7696398832534,pobre,basal,2,625.0,391.0,1.0,34.0,6,391,17488,0,1.0
98,0.0,0.0,2.063,1.0,1.0,11,104.7451295027394,132.7696398832534,pobre,basal,2,625.0,391.0,1.0,34.0,7,391,17488,0,1.0
97,0.0,1.0,2.734,1.0,10.0,6,150.8561785980757,280.2393910837059,no pobre,0,14,2400.0,894.0,1.0,37.0,16,429,17489,10,1.0
98,0.0,1.0,2.734,,,6,150.8561785980757,280.2393910837059,no pobre,0,14,2400.0,894.0,1.0,37.0,17,429,17489,10,1.0
97,1.0,1.0,2.734,1.0,8.0,6,150.8561785980757,280.2393910837059,no pobre,0,14,2400.0,894.0,1.0,37.0,14,429,17490,8,1.0
98,1.0,1.0,2.734,,,6,150.8561785980757,280.2393910837059,no pobre,0,14,2400.0,894.0,1.0,37.0,15,429,17490,8,1.0
97,1.0,1.0,2.734,1.0,7.0,6,150.8561785980757,280.2393910837059,no pobre,0,14,2400.0,894.0,1.0,37.0,13,429,17491,7,1.0
98,1.0,1.0,2.734,,,6,150.8561785980757,280.2393910837059,no pobre,0,14,2400.0,894.0,1.0,37.0,14,429,17491,7,1.0
97,1.0,1.0,2.734,1.0,4.0,6,150.8561785980757,280.2393910837059,pobre,0,6,500.0,661.0,1.0,26.0,10,429,17492,4,1.0
98,1.0,1.0,2.734,1.0,5.0,6,150.8561785980757,280.2393910837059,pobre,0,6,500.0,661.0,1.0,26.0,11,429,17492,4,1.0
97,1.0,1.0,2.734,1.0,1.0,6,150.8561785980757,280.2393910837059,pobre,0,6,500.0,661.0,1.0,26.0,8,429,17493,1,1.0
98,1.0,1.0,2.734,1.0,2.0,6,150.8561785980757,280.2393910837059,pobre,0,6,500.0,661.0,1.0,26.0,9,429,17493,1,1.0
97,1.0,1.0,2.734,1.0,0.0,6,150.8561785980757,280.2393910837059,pobre,0,6,500.0,661.0,1.0,26.0,6,429,17494,0,1.0
98,1.0,1.0,2.734,1.0,1.0,6,150.8561785980757,280.2393910837059,pobre,0,6,500.0,661.0,1.0,26.0,7,429,17494,0,1.0
97,1.0,1.0,2.734,1.0,6.0,6,150.8561785980757,280.2393910837059,pobre,0,6,375.0,633.0,1.0,33.0,12,429,17495,6,1.0
98,1.0,1.0,2.734,1.0,7.0,6,150.8561785980757,280.2393910837059,pobre,0,6,375.0,633.0,1.0,33.0,13,429,17495,6,1.0
97,1.0,1.0,2.734,1.0,2.0,6,150.8561785980757,280.2393910837059,pobre,0,6,375.0,633.0,1.0,33.0,9,429,17496,2,1.0
98,1.0,1.0,2.734,1.0,3.0,6,150.8561785980757,280.2393910837059,pobre,0,6,375.0,633.0,1.0,33.0,10,429,17496,2,1.0
97,0.0,1.0,2.734,0.0,6.0,6,150.8561785980757,280.2393910837059,pobre,0,0,500.0,727.0,1.0,75.0,15,429,17497,6,0.0
98,0.0,1.0,2.734,0.0,6.0,6,150.8561785980757,280.2393910837059,pobre,0,0,500.0,727.0,1.0,75.0,16,429,17497,6,0.0
97,0.0,1.0,2.734,1.0,5.0,6,150.8561785980757,280.2393910837059,pobre,0,0,500.0,727.0,1.0,75.0,12,429,17498,5,1.0
98,0.0,1.0,2.734,1.0,6.0,6,150.8561785980757,280.2393910837059,pobre,0,0,500.0,727.0,1.0,75.0,13,429,17498,5,1.0
97,1.0,1.0,2.734,1.0,3.0,6,150.8561785980757,280.2393910837059,pobre,0,0,500.0,727.0,1.0,75.0,9,429,17499,3,1.0
98,1.0,1.0,2.734,1.0,4.0,6,150.8561785980757,280.2393910837059,pobre,0,0,500.0,727.0,1.0,75.0,10,429,17499,3,1.0
97,1.0,0.0,0.0,1.0,8.0,10,88.81916583498526,346.1847535232495,pobre,0,2,500.0,771.0,1.0,61.0,15,485,17500,8,1.0
98,1.0,0.0,0.0,0.0,9.0,10,88.81916583498526,346.1847535232495,pobre,0,2,500.0,771.0,1.0,61.0,16,485,17500,8,1.0
97,0.0,0.0,0.0,1.0,7.0,10,88.81916583498526,346.1847535232495,pobre,0,2,500.0,771.0,1.0,61.0,13,485,17501,7,1.0
98,0.0,0.0,0.0,1.0,8.0,10,88.81916583498526,346.1847535232495,pobre,0,2,500.0,771.0,1.0,61.0,14,485,17501,7,1.0
97,0.0,0.0,0.0,1.0,2.0,10,88.81916583498526,346.1847535232495,pobre,0,2,500.0,771.0,1.0,61.0,8,485,17502,2,1.0
98,0.0,0.0,0.0,1.0,3.0,10,88.81916583498526,346.1847535232495,pobre,0,2,500.0,771.0,1.0,61.0,9,485,17502,2,1.0
97,1.0,0.0,0.0,1.0,1.0,4,88.81916583498526,346.1847535232495,pobre,0,3,80.0,604.0,1.0,37.0,7,485,17503,1,1.0
98,1.0,0.0,0.0,1.0,2.0,4,88.81916583498526,346.1847535232495,pobre,0,3,80.0,604.0,1.0,37.0,8,485,17503,1,1.0
97,0.0,1.0,2.734,1.0,8.0,8,150.8561785980757,280.2393910837059,pobre,0,3,500.0,785.0,1.0,52.0,15,429,17504,8,1.0
98,0.0,1.0,2.734,1.0,8.0,8,150.8561785980757,280.2393910837059,pobre,0,3,500.0,785.0,1.0,52.0,16,429,17504,8,1.0
97,0.0,1.0,2.734,1.0,6.0,6,150.8561785980757,280.2393910837059,pobre,0,0,375.0,809.0,1.0,45.0,16,429,17505,6,1.0
98,0.0,1.0,2.734,,,6,150.8561785980757,280.2393910837059,pobre,0,0,375.0,809.0,1.0,45.0,17,429,17505,6,1.0
97,1.0,1.0,2.734,1.0,5.0,6,150.8561785980757,280.2393910837059,pobre,0,0,375.0,809.0,1.0,45.0,13,429,17506,5,1.0
98,1.0,1.0,2.734,1.0,6.0,6,150.8561785980757,280.2393910837059,pobre,0,0,375.0,809.0,1.0,45.0,14,429,17506,5,1.0
97,1.0,1.0,2.734,1.0,3.0,6,150.8561785980757,280.2393910837059,pobre,0,0,375.0,809.0,1.0,45.0,10,429,17507,3,1.0
98,1.0,1.0,2.734,1.0,3.0,6,150.8561785980757,280.2393910837059,pobre,0,0,375.0,809.0,1.0,45.0,11,429,17507,3,1.0
97,1.0,0.0,0.0,0.0,6.0,4,88.81916583498526,346.1847535232495,pobre,0,2,500.0,690.0,1.0,54.0,16,485,17508,6,0.0
98,1.0,0.0,0.0,,,4,88.81916583498526,346.1847535232495,pobre,0,2,500.0,690.0,1.0,54.0,17,485,17508,6,0.0
97,1.0,1.0,2.734,1.0,9.0,4,150.8561785980757,280.2393910837059,pobre,0,6,500.0,750.0,1.0,35.0,15,429,17509,9,1.0
98,1.0,1.0,2.734,1.0,10.0,4,150.8561785980757,280.2393910837059,pobre,0,6,500.0,750.0,1.0,35.0,16,429,17509,9,1.0
97,0.0,1.0,2.734,1.0,8.0,4,150.8561785980757,280.2393910837059,pobre,0,6,500.0,750.0,1.0,35.0,13,429,17510,8,1.0
98,0.0,1.0,2.734,1.0,9.0,4,150.8561785980757,280.2393910837059,pobre,0,6,500.0,750.0,1.0,35.0,14,429,17510,8,1.0
97,1.0,0.0,0.0,1.0,1.0,5,88.81916583498526,346.1847535232495,pobre,0,1,500.0,678.0,1.0,32.0,7,485,17511,1,1.0
98,1.0,0.0,0.0,1.0,1.0,5,88.81916583498526,346.1847535232495,pobre,0,1,500.0,678.0,1.0,32.0,8,485,17511,1,1.0
97,0.0,0.0,0.0,1.0,2.0,8,88.81916583498526,346.1847535232495,pobre,0,0,375.0,593.0,1.0,61.0,8,485,17512,2,1.0
98,0.0,0.0,0.0,1.0,3.0,8,88.81916583498526,346.1847535232495,pobre,0,0,375.0,593.0,1.0,61.0,9,485,17512,2,1.0
97,0.0,0.0,0.0,1.0,1.0,8,88.81916583498526,346.1847535232495,pobre,0,0,375.0,593.0,1.0,61.0,7,485,17513,1,1.0
98,0.0,0.0,0.0,1.0,2.0,8,88.81916583498526,346.1847535232495,pobre,0,0,375.0,593.0,1.0,61.0,8,485,17513,1,1.0
97,1.0,0.0,0.0,0.0,4.0,5,88.81916583498526,346.1847535232495,pobre,0,1,500.0,664.5,1.0,52.0,16,485,17514,4,0.0
98,1.0,0.0,0.0,,,5,88.81916583498526,346.1847535232495,pobre,0,1,500.0,664.5,1.0,52.0,17,485,17514,4,0.0
97,0.0,0.0,0.0,0.0,6.0,5,88.81916583498526,346.1847535232495,pobre,0,1,500.0,664.5,1.0,52.0,14,485,17515,6,0.0
98,0.0,0.0,0.0,0.0,6.0,5,88.81916583498526,346.1847535232495,pobre,0,1,500.0,664.5,1.0,52.0,15,485,17515,6,0.0
97,0.0,0.0,0.0,1.0,4.0,5,88.81916583498526,346.1847535232495,pobre,0,1,500.0,664.5,1.0,52.0,12,485,17516,4,1.0
98,0.0,0.0,0.0,1.0,5.0,5,88.81916583498526,346.1847535232495,pobre,0,1,500.0,664.5,1.0,52.0,13,485,17516,4,1.0
97,1.0,1.0,2.734,1.0,7.0,8,150.8561785980757,280.2393910837059,pobre,0,3,500.0,785.0,1.0,52.0,15,429,17517,7,1.0
98,1.0,1.0,2.734,1.0,8.0,8,150.8561785980757,280.2393910837059,pobre,0,3,500.0,785.0,1.0,52.0,16,429,17517,7,1.0
97,0.0,1.0,2.734,1.0,6.0,8,150.8561785980757,280.2393910837059,pobre,0,3,500.0,785.0,1.0,52.0,12,429,17518,6,1.0
98,0.0,1.0,2.734,1.0,7.0,8,150.8561785980757,280.2393910837059,pobre,0,3,500.0,785.0,1.0,52.0,13,429,17518,6,1.0
97,1.0,1.0,2.734,1.0,2.0,8,150.8561785980757,280.2393910837059,pobre,0,3,500.0,785.0,1.0,52.0,8,429,17519,2,1.0
98,1.0,1.0,2.734,1.0,3.0,8,150.8561785980757,280.2393910837059,pobre,0,3,500.0,785.0,1.0,52.0,9,429,17519,2,1.0
97,0.0,1.0,2.734,1.0,9.0,10,150.8561785980757,280.2393910837059,pobre,0,6,500.0,529.0,1.0,43.0,16,429,17520,9,1.0
98,0.0,1.0,2.734,,,10,150.8561785980757,280.2393910837059,pobre,0,6,500.0,529.0,1.0,43.0,17,429,17520,9,1.0
97,0.0,1.0,2.734,1.0,7.0,10,150.8561785980757,280.2393910837059,pobre,0,6,500.0,529.0,1.0,43.0,15,429,17521,7,1.0
98,0.0,1.0,2.734,1.0,8.0,10,150.8561785980757,280.2393910837059,pobre,0,6,500.0,529.0,1.0,43.0,16,429,17521,7,1.0
97,1.0,1.0,2.734,1.0,6.0,10,150.8561785980757,280.2393910837059,pobre,0,6,500.0,529.0,1.0,43.0,13,429,17522,6,1.0
98,1.0,1.0,2.734,1.0,7.0,10,150.8561785980757,280.2393910837059,pobre,0,6,500.0,529.0,1.0,43.0,14,429,17522,6,1.0
97,1.0,1.0,2.734,1.0,2.0,10,150.8561785980757,280.2393910837059,pobre,0,6,500.0,529.0,1.0,43.0,8,429,17523,2,1.0
98,1.0,1.0,2.734,1.0,3.0,10,150.8561785980757,280.2393910837059,pobre,0,6,500.0,529.0,1.0,43.0,9,429,17523,2,1.0
97,1.0,1.0,2.734,1.0,7.0,9,150.8561785980757,280.2393910837059,pobre,0,5,1600.0,799.0,1.0,43.0,16,429,17524,7,1.0
98,1.0,1.0,2.734,,,9,150.8561785980757,280.2393910837059,pobre,0,5,1600.0,799.0,1.0,43.0,17,429,17524,7,1.0
97,1.0,1.0,2.734,1.0,7.0,9,150.8561785980757,280.2393910837059,pobre,0,5,1600.0,799.0,1.0,43.0,14,429,17525,7,1.0
98,1.0,1.0,2.734,1.0,8.0,9,150.8561785980757,280.2393910837059,pobre,0,5,1600.0,799.0,1.0,43.0,15,429,17525,7,1.0
97,1.0,1.0,2.734,1.0,4.0,9,150.8561785980757,280.2393910837059,pobre,0,5,1600.0,799.0,1.0,43.0,11,429,17526,4,1.0
98,1.0,1.0,2.734,1.0,5.0,9,150.8561785980757,280.2393910837059,pobre,0,5,1600.0,799.0,1.0,43.0,12,429,17526,4,1.0
97,0.0,1.0,2.734,1.0,2.0,9,150.8561785980757,280.2393910837059,pobre,0,5,1600.0,799.0,1.0,43.0,8,429,17527,2,1.0
98,0.0,1.0,2.734,1.0,3.0,9,150.8561785980757,280.2393910837059,pobre,0,5,1600.0,799.0,1.0,43.0,9,429,17527,2,1.0
97,0.0,1.0,2.734,0.0,2.0,4,150.8561785980757,280.2393910837059,pobre,0,4,500.0,684.0,1.0,40.0,8,429,17528,2,0.0
98,0.0,1.0,2.734,1.0,3.0,4,150.8561785980757,280.2393910837059,pobre,0,4,500.0,684.0,1.0,40.0,9,429,17528,2,0.0
97,0.0,1.0,2.734,1.0,6.0,6,150.8561785980757,280.2393910837059,pobre,0,4,0.0,669.0,0.0,51.0,12,429,17529,6,1.0
98,0.0,1.0,2.734,1.0,7.0,6,150.8561785980757,280.2393910837059,pobre,0,4,0.0,669.0,0.0,51.0,13,429,17529,6,1.0
97,0.0,0.0,0.0,1.0,3.0,3,88.81916583498526,346.1847535232495,pobre,0,0,0.0,575.0,0.0,70.0,11,485,17530,3,1.0
98,0.0,0.0,0.0,1.0,4.0,3,88.81916583498526,346.1847535232495,pobre,0,0,0.0,575.0,0.0,70.0,12,485,17530,3,1.0
97,1.0,0.0,0.0,1.0,2.0,3,88.81916583498526,346.1847535232495,pobre,0,0,0.0,575.0,0.0,70.0,9,485,17531,2,1.0
98,1.0,0.0,0.0,1.0,3.0,3,88.81916583498526,346.1847535232495,pobre,0,0,0.0,575.0,0.0,70.0,10,485,17531,2,1.0
97,1.0,1.0,2.734,1.0,4.0,6,150.8561785980757,280.2393910837059,pobre,0,2,625.0,858.0,1.0,49.0,11,429,17532,4,1.0
98,1.0,1.0,2.734,1.0,5.0,6,150.8561785980757,280.2393910837059,pobre,0,2,625.0,858.0,1.0,49.0,12,429,17532,4,1.0
97,1.0,1.0,2.734,1.0,1.0,6,150.8561785980757,280.2393910837059,pobre,0,2,625.0,858.0,1.0,49.0,8,429,17533,1,1.0
98,1.0,1.0,2.734,1.0,2.0,6,150.8561785980757,280.2393910837059,pobre,0,2,625.0,858.0,1.0,49.0,9,429,17533,1,1.0
97,0.0,0.0,0.0,1.0,3.0,7,88.81916583498526,346.1847535232495,pobre,0,3,500.0,491.0,1.0,37.0,11,485,17534,3,1.0
98,0.0,0.0,0.0,1.0,4.0,7,88.81916583498526,346.1847535232495,pobre,0,3,500.0,491.0,1.0,37.0,12,485,17534,3,1.0
97,1.0,0.0,0.0,1.0,0.0,7,88.81916583498526,346.1847535232495,pobre,0,3,500.0,491.0,1.0,37.0,6,485,17535,0,1.0
98,1.0,0.0,0.0,1.0,1.0,7,88.81916583498526,346.1847535232495,pobre,0,3,500.0,491.0,1.0,37.0,7,485,17535,0,1.0
97,1.0,0.0,0.0,1.0,3.0,5,88.81916583498526,346.1847535232495,pobre,0,2,375.0,576.0,1.0,48.0,11,485,17536,3,1.0
98,1.0,0.0,0.0,,,5,88.81916583498526,346.1847535232495,pobre,0,2,375.0,576.0,1.0,48.0,12,485,17536,3,1.0
97,0.0,0.0,0.0,1.0,0.0,5,88.81916583498526,346.1847535232495,pobre,0,2,375.0,576.0,1.0,48.0,7,485,17537,0,1.0
98,0.0,0.0,0.0,1.0,1.0,5,88.81916583498526,346.1847535232495,pobre,0,2,375.0,576.0,1.0,48.0,8,485,17537,0,1.0
97,0.0,0.0,0.0,1.0,5.0,10,88.81916583498526,346.1847535232495,pobre,0,3,375.0,750.0,1.0,60.0,15,485,17538,5,1.0
98,0.0,0.0,0.0,,,10,88.81916583498526,346.1847535232495,pobre,0,3,375.0,750.0,1.0,60.0,16,485,17538,5,1.0
97,0.0,0.0,0.0,1.0,3.0,10,88.81916583498526,346.1847535232495,pobre,0,3,375.0,750.0,1.0,60.0,9,485,17539,3,1.0
98,0.0,0.0,0.0,,,10,88.81916583498526,346.1847535232495,pobre,0,3,375.0,750.0,1.0,60.0,10,485,17539,3,1.0
97,1.0,0.0,0.0,1.0,0.0,10,88.81916583498526,346.1847535232495,pobre,0,3,375.0,750.0,1.0,60.0,7,485,17540,0,1.0
98,1.0,0.0,0.0,1.0,1.0,10,88.81916583498526,346.1847535232495,pobre,0,3,375.0,750.0,1.0,60.0,8,485,17540,0,1.0
97,1.0,0.0,0.0,1.0,0.0,10,88.81916583498526,346.1847535232495,pobre,0,3,375.0,750.0,1.0,60.0,6,485,17541,0,1.0
98,1.0,0.0,0.0,1.0,0.0,10,88.81916583498526,346.1847535232495,pobre,0,3,375.0,750.0,1.0,60.0,7,485,17541,0,1.0
97,1.0,1.0,2.734,1.0,2.0,5,150.8561785980757,280.2393910837059,pobre,0,6,625.0,678.0,1.0,35.0,14,429,17542,2,1.0
98,1.0,1.0,2.734,1.0,3.0,5,150.8561785980757,280.2393910837059,pobre,0,6,625.0,678.0,1.0,35.0,15,429,17542,2,1.0
97,1.0,1.0,2.734,1.0,5.0,5,150.8561785980757,280.2393910837059,pobre,0,6,625.0,678.0,1.0,35.0,12,429,17543,5,1.0
98,1.0,1.0,2.734,1.0,6.0,5,150.8561785980757,280.2393910837059,pobre,0,6,625.0,678.0,1.0,35.0,13,429,17543,5,1.0
97,0.0,1.0,2.734,1.0,4.0,5,150.8561785980757,280.2393910837059,pobre,0,6,625.0,678.0,1.0,35.0,10,429,17544,4,1.0
98,0.0,1.0,2.734,1.0,5.0,5,150.8561785980757,280.2393910837059,pobre,0,6,625.0,678.0,1.0,35.0,11,429,17544,4,1.0
97,1.0,1.0,2.734,1.0,8.0,8,150.8561785980757,280.2393910837059,pobre,0,2,625.0,697.0,1.0,54.0,16,429,17545,8,1.0
98,1.0,1.0,2.734,,,8,150.8561785980757,280.2393910837059,pobre,0,2,625.0,697.0,1.0,54.0,17,429,17545,8,1.0
97,0.0,1.0,2.734,1.0,6.0,8,150.8561785980757,280.2393910837059,pobre,0,2,625.0,697.0,1.0,54.0,13,429,17546,6,1.0
98,0.0,1.0,2.734,1.0,7.0,8,150.8561785980757,280.2393910837059,pobre,0,2,625.0,697.0,1.0,54.0,14,429,17546,6,1.0
97,0.0,1.0,2.734,,0.0,8,150.8561785980757,280.2393910837059,pobre,0,2,625.0,697.0,1.0,54.0,9,429,17547,0,
98,0.0,1.0,2.734,,,8,150.8561785980757,280.2393910837059,pobre,0,2,625.0,697.0,1.0,54.0,10,429,17547,0,
97,1.0,1.0,2.734,1.0,1.0,8,150.8561785980757,280.2393910837059,pobre,0,2,625.0,697.0,1.0,54.0,7,429,17548,1,1.0
98,1.0,1.0,2.734,1.0,1.0,8,150.8561785980757,280.2393910837059,pobre,0,2,625.0,697.0,1.0,54.0,8,429,17548,1,1.0
97,1.0,0.0,4.244,1.0,8.0,6,128.6427977317798,277.8973667922635,pobre,basal,5,500.0,664.0,1.0,40.0,14,498,17549,8,1.0
98,1.0,0.0,4.244,0.0,6.0,6,128.6427977317798,277.8973667922635,pobre,basal,5,500.0,664.0,1.0,40.0,15,498,17549,8,1.0
97,0.0,0.0,4.244,1.0,5.0,6,128.6427977317798,277.8973667922635,pobre,basal,5,500.0,664.0,1.0,40.0,11,498,17550,5,1.0
98,0.0,0.0,4.244,1.0,6.0,6,128.6427977317798,277.8973667922635,pobre,basal,5,500.0,664.0,1.0,40.0,12,498,17550,5,1.0
97,1.0,0.0,4.244,1.0,4.0,6,128.6427977317798,277.8973667922635,pobre,basal,5,500.0,664.0,1.0,40.0,10,498,17551,4,1.0
98,1.0,0.0,4.244,1.0,5.0,6,128.6427977317798,277.8973667922635,pobre,basal,5,500.0,664.0,1.0,40.0,11,498,17551,4,1.0
97,1.0,0.0,4.244,1.0,2.0,6,128.6427977317798,277.8973667922635,pobre,basal,5,500.0,664.0,1.0,40.0,8,498,17552,2,1.0
98,1.0,0.0,4.244,1.0,3.0,6,128.6427977317798,277.8973667922635,pobre,basal,5,500.0,664.0,1.0,40.0,9,498,17552,2,1.0
97,0.0,0.0,3.319,1.0,0.0,3,151.6755249492749,289.9828830190902,pobre,basal,0,500.0,636.0,1.0,55.0,6,448,17553,0,1.0
98,0.0,0.0,3.319,1.0,1.0,3,151.6755249492749,289.9828830190902,pobre,basal,0,500.0,636.0,1.0,55.0,7,448,17553,0,1.0
97,0.0,0.0,4.244,1.0,0.0,5,128.6427977317798,277.8973667922635,pobre,basal,4,750.0,693.0,1.0,31.0,6,498,17554,0,1.0
98,0.0,0.0,4.244,,,5,128.6427977317798,277.8973667922635,pobre,basal,4,750.0,693.0,1.0,31.0,7,498,17554,0,1.0
97,1.0,0.0,4.244,1.0,5.0,6,128.6427977317798,277.8973667922635,pobre,basal,0,875.0,765.0,1.0,41.0,14,498,17555,5,1.0
98,1.0,0.0,4.244,0.0,6.0,6,128.6427977317798,277.8973667922635,pobre,basal,0,875.0,765.0,1.0,41.0,15,498,17555,5,1.0
97,1.0,0.0,4.244,1.0,4.0,6,128.6427977317798,277.8973667922635,pobre,basal,0,875.0,765.0,1.0,41.0,11,498,17556,4,1.0
98,1.0,0.0,4.244,1.0,5.0,6,128.6427977317798,277.8973667922635,pobre,basal,0,875.0,765.0,1.0,41.0,12,498,17556,4,1.0
97,0.0,0.0,4.244,1.0,0.0,6,128.6427977317798,277.8973667922635,pobre,basal,0,875.0,765.0,1.0,41.0,6,498,17557,0,1.0
98,0.0,0.0,4.244,1.0,1.0,6,128.6427977317798,277.8973667922635,pobre,basal,0,875.0,765.0,1.0,41.0,7,498,17557,0,1.0
97,0.0,0.0,4.244,1.0,2.0,5,128.6427977317798,277.8973667922635,pobre,basal,0,875.0,660.0,1.0,27.0,9,498,17558,2,1.0
98,0.0,0.0,4.244,1.0,3.0,5,128.6427977317798,277.8973667922635,pobre,basal,0,875.0,660.0,1.0,27.0,10,498,17558,2,1.0
97,0.0,0.0,4.244,1.0,0.0,5,128.6427977317798,277.8973667922635,pobre,basal,0,875.0,660.0,1.0,27.0,6,498,17559,0,1.0
98,0.0,0.0,4.244,1.0,0.0,5,128.6427977317798,277.8973667922635,pobre,basal,0,875.0,660.0,1.0,27.0,7,498,17559,0,1.0
97,1.0,0.0,4.244,1.0,1.0,4,128.6427977317798,277.8973667922635,pobre,basal,6,500.0,659.0,1.0,27.0,7,498,17560,1,1.0
98,1.0,0.0,4.244,1.0,1.0,4,128.6427977317798,277.8973667922635,pobre,basal,6,500.0,659.0,1.0,27.0,8,498,17560,1,1.0
97,1.0,0.0,4.244,0.0,6.0,6,128.6427977317798,277.8973667922635,pobre,basal,0,500.0,791.0,1.0,40.0,14,498,17561,6,0.0
98,1.0,0.0,4.244,0.0,6.0,6,128.6427977317798,277.8973667922635,pobre,basal,0,500.0,791.0,1.0,40.0,15,498,17561,6,0.0
97,1.0,0.0,4.244,1.0,0.0,6,128.6427977317798,277.8973667922635,pobre,basal,0,500.0,791.0,1.0,40.0,6,498,17562,0,1.0
98,1.0,0.0,4.244,0.0,0.0,6,128.6427977317798,277.8973667922635,pobre,basal,0,500.0,791.0,1.0,40.0,7,498,17562,0,1.0
97,1.0,0.0,3.319,1.0,3.0,5,151.6755249492749,289.9828830190902,pobre,basal,6,500.0,686.0,1.0,31.0,9,448,17563,3,1.0
98,1.0,0.0,3.319,1.0,4.0,5,151.6755249492749,289.9828830190902,pobre,basal,6,500.0,686.0,1.0,31.0,10,448,17563,3,1.0
97,0.0,0.0,3.319,0.0,6.0,8,151.6755249492749,289.9828830190902,pobre,basal,0,750.0,608.0,1.0,42.0,16,448,17564,6,0.0
98,0.0,0.0,3.319,,,8,151.6755249492749,289.9828830190902,pobre,basal,0,750.0,608.0,1.0,42.0,17,448,17564,6,0.0
97,0.0,0.0,3.319,0.0,6.0,8,151.6755249492749,289.9828830190902,pobre,basal,0,750.0,608.0,1.0,42.0,14,448,17565,6,0.0
98,0.0,0.0,3.319,1.0,6.0,8,151.6755249492749,289.9828830190902,pobre,basal,0,750.0,608.0,1.0,42.0,15,448,17565,6,0.0
97,1.0,0.0,3.319,1.0,6.0,8,151.6755249492749,289.9828830190902,pobre,basal,0,750.0,608.0,1.0,42.0,12,448,17566,6,1.0
98,1.0,0.0,3.319,1.0,7.0,8,151.6755249492749,289.9828830190902,pobre,basal,0,750.0,608.0,1.0,42.0,13,448,17566,6,1.0
97,1.0,0.0,3.319,1.0,5.0,8,151.6755249492749,289.9828830190902,pobre,basal,0,750.0,608.0,1.0,42.0,11,448,17567,5,1.0
98,1.0,0.0,3.319,1.0,5.0,8,151.6755249492749,289.9828830190902,pobre,basal,0,750.0,608.0,1.0,42.0,12,448,17567,5,1.0
97,0.0,0.0,4.244,1.0,2.0,4,128.6427977317798,277.8973667922635,pobre,basal,6,500.0,791.0,1.0,21.0,9,498,17568,2,1.0
98,0.0,0.0,4.244,1.0,3.0,4,128.6427977317798,277.8973667922635,pobre,basal,6,500.0,791.0,1.0,21.0,10,498,17568,2,1.0
97,1.0,0.0,4.244,1.0,0.0,4,128.6427977317798,277.8973667922635,pobre,basal,6,500.0,968.0,1.0,29.0,7,498,17569,0,1.0
98,1.0,0.0,4.244,1.0,1.0,4,128.6427977317798,277.8973667922635,pobre,basal,6,500.0,968.0,1.0,29.0,8,498,17569,0,1.0
97,1.0,0.0,4.244,1.0,0.0,3,128.6427977317798,277.8973667922635,pobre,basal,6,500.0,810.0,1.0,27.0,6,498,17570,0,1.0
98,1.0,0.0,4.244,,,3,128.6427977317798,277.8973667922635,pobre,basal,6,500.0,810.0,1.0,27.0,7,498,17570,0,1.0
97,1.0,0.0,3.319,0.0,6.0,8,151.6755249492749,289.9828830190902,pobre,basal,0,500.0,800.0,1.0,51.0,16,448,17571,6,0.0
98,1.0,0.0,3.319,,,8,151.6755249492749,289.9828830190902,pobre,basal,0,500.0,800.0,1.0,51.0,17,448,17571,6,0.0
97,1.0,0.0,3.319,1.0,4.0,8,151.6755249492749,289.9828830190902,pobre,basal,0,500.0,800.0,1.0,51.0,12,448,17572,4,1.0
98,1.0,0.0,3.319,1.0,5.0,8,151.6755249492749,289.9828830190902,pobre,basal,0,500.0,800.0,1.0,51.0,13,448,17572,4,1.0
97,0.0,1.0,3.5899999,1.0,4.0,9,145.8341971929235,278.0239738702282,pobre,basal,6,0.0,820.5,1.0,43.0,11,427,17573,4,1.0
98,0.0,1.0,3.5899999,1.0,5.0,9,145.8341971929235,278.0239738702282,pobre,basal,6,0.0,820.5,1.0,43.0,12,427,17573,4,1.0
97,0.0,1.0,3.5899999,1.0,2.0,9,145.8341971929235,278.0239738702282,pobre,basal,6,0.0,820.5,1.0,43.0,9,427,17574,2,1.0
98,0.0,1.0,3.5899999,1.0,3.0,9,145.8341971929235,278.0239738702282,pobre,basal,6,0.0,820.5,1.0,43.0,10,427,17574,2,1.0
97,0.0,1.0,3.5899999,1.0,0.0,9,145.8341971929235,278.0239738702282,pobre,basal,6,0.0,820.5,1.0,43.0,6,427,17575,0,1.0
98,0.0,1.0,3.5899999,1.0,0.0,9,145.8341971929235,278.0239738702282,pobre,basal,6,0.0,820.5,1.0,43.0,7,427,17575,0,1.0
97,1.0,0.0,3.0339999,1.0,5.0,9,114.1329337789109,352.2949878108639,pobre,0,0,625.0,518.5,1.0,38.0,15,489,17576,5,1.0
98,1.0,0.0,3.0339999,0.0,6.0,9,114.1329337789109,352.2949878108639,pobre,0,0,625.0,518.5,1.0,38.0,16,489,17576,5,1.0
97,1.0,0.0,3.0339999,1.0,6.0,9,114.1329337789109,352.2949878108639,pobre,0,0,625.0,518.5,1.0,38.0,13,489,17577,6,1.0
98,1.0,0.0,3.0339999,1.0,7.0,9,114.1329337789109,352.2949878108639,pobre,0,0,625.0,518.5,1.0,38.0,14,489,17577,6,1.0
97,1.0,0.0,3.0339999,1.0,5.0,9,114.1329337789109,352.2949878108639,pobre,0,0,625.0,518.5,1.0,38.0,12,489,17578,5,1.0
98,1.0,0.0,3.0339999,1.0,6.0,9,114.1329337789109,352.2949878108639,pobre,0,0,625.0,518.5,1.0,38.0,13,489,17578,5,1.0
97,0.0,0.0,3.0339999,1.0,4.0,9,114.1329337789109,352.2949878108639,pobre,0,0,625.0,518.5,1.0,38.0,10,489,17579,4,1.0
98,0.0,0.0,3.0339999,1.0,5.0,9,114.1329337789109,352.2949878108639,pobre,0,0,625.0,518.5,1.0,38.0,11,489,17579,4,1.0
97,0.0,0.0,3.0339999,1.0,3.0,9,114.1329337789109,352.2949878108639,pobre,0,0,625.0,518.5,1.0,38.0,8,489,17580,3,1.0
98,0.0,0.0,3.0339999,1.0,3.0,9,114.1329337789109,352.2949878108639,pobre,0,0,625.0,518.5,1.0,38.0,9,489,17580,3,1.0
97,0.0,0.0,3.0339999,1.0,0.0,9,114.1329337789109,352.2949878108639,pobre,0,0,625.0,518.5,1.0,38.0,6,489,17581,0,1.0
98,0.0,0.0,3.0339999,1.0,0.0,9,114.1329337789109,352.2949878108639,pobre,0,0,625.0,518.5,1.0,38.0,7,489,17581,0,1.0
97,0.0,0.0,3.0339999,0.0,6.0,6,114.1329337789109,352.2949878108639,pobre,0,2,375.0,673.0,1.0,44.0,14,489,17582,6,0.0
98,0.0,0.0,3.0339999,1.0,6.0,6,114.1329337789109,352.2949878108639,pobre,0,2,375.0,673.0,1.0,44.0,15,489,17582,6,0.0
97,1.0,0.0,3.0339999,1.0,4.0,6,114.1329337789109,352.2949878108639,pobre,0,2,375.0,673.0,1.0,44.0,10,489,17583,4,1.0
98,1.0,0.0,3.0339999,1.0,5.0,6,114.1329337789109,352.2949878108639,pobre,0,2,375.0,673.0,1.0,44.0,11,489,17583,4,1.0
97,1.0,0.0,3.0339999,0.0,6.0,10,114.1329337789109,352.2949878108639,pobre,0,2,600.0,728.5,1.0,52.0,14,489,17584,6,0.0
98,1.0,0.0,3.0339999,,,10,114.1329337789109,352.2949878108639,pobre,0,2,600.0,728.5,1.0,52.0,15,489,17584,6,0.0
97,1.0,0.0,3.0339999,1.0,6.0,10,114.1329337789109,352.2949878108639,pobre,0,2,600.0,728.5,1.0,52.0,14,489,17585,6,1.0
98,1.0,0.0,3.0339999,1.0,7.0,10,114.1329337789109,352.2949878108639,pobre,0,2,600.0,728.5,1.0,52.0,15,489,17585,6,1.0
97,0.0,0.0,3.0339999,1.0,5.0,10,114.1329337789109,352.2949878108639,pobre,0,2,600.0,728.5,1.0,52.0,11,489,17586,5,1.0
98,0.0,0.0,3.0339999,1.0,5.0,10,114.1329337789109,352.2949878108639,pobre,0,2,600.0,728.5,1.0,52.0,12,489,17586,5,1.0
97,0.0,0.0,3.0339999,1.0,1.0,10,114.1329337789109,352.2949878108639,pobre,0,2,600.0,728.5,1.0,52.0,8,489,17587,1,1.0
98,0.0,0.0,3.0339999,1.0,2.0,10,114.1329337789109,352.2949878108639,pobre,0,2,600.0,728.5,1.0,52.0,9,489,17587,1,1.0
97,0.0,0.0,3.0339999,1.0,0.0,4,114.1329337789109,352.2949878108639,pobre,0,6,500.0,726.0,1.0,25.0,7,489,17588,0,1.0
98,0.0,0.0,3.0339999,1.0,1.0,4,114.1329337789109,352.2949878108639,pobre,0,6,500.0,726.0,1.0,25.0,8,489,17588,0,1.0
97,1.0,0.0,3.0339999,1.0,5.0,4,114.1329337789109,352.2949878108639,pobre,0,3,500.0,718.0,1.0,58.0,11,489,17589,5,1.0
98,1.0,0.0,3.0339999,1.0,6.0,4,114.1329337789109,352.2949878108639,pobre,0,3,500.0,718.0,1.0,58.0,12,489,17589,5,1.0
97,1.0,0.0,3.0339999,1.0,0.0,4,114.1329337789109,352.2949878108639,pobre,0,3,500.0,718.0,1.0,58.0,6,489,17590,0,1.0
98,1.0,0.0,3.0339999,1.0,1.0,4,114.1329337789109,352.2949878108639,pobre,0,3,500.0,718.0,1.0,58.0,7,489,17590,0,1.0
97,0.0,0.0,3.0339999,1.0,5.0,4,114.1329337789109,352.2949878108639,pobre,0,3,1400.0,755.0,1.0,47.0,11,489,17591,5,1.0
98,0.0,0.0,3.0339999,1.0,6.0,4,114.1329337789109,352.2949878108639,pobre,0,3,1400.0,755.0,1.0,47.0,12,489,17591,5,1.0
97,0.0,0.0,3.0339999,0.0,6.0,9,114.1329337789109,352.2949878108639,pobre,0,2,5075.0,838.75,1.0,58.0,15,489,17592,6,0.0
98,0.0,0.0,3.0339999,1.0,6.0,9,114.1329337789109,352.2949878108639,pobre,0,2,5075.0,838.75,1.0,58.0,16,489,17592,6,0.0
97,0.0,0.0,3.0339999,1.0,6.0,9,114.1329337789109,352.2949878108639,pobre,0,2,5075.0,838.75,1.0,58.0,12,489,17593,6,1.0
98,0.0,0.0,3.0339999,1.0,7.0,9,114.1329337789109,352.2949878108639,pobre,0,2,5075.0,838.75,1.0,58.0,13,489,17593,6,1.0
97,1.0,0.0,3.0339999,1.0,1.0,5,114.1329337789109,352.2949878108639,pobre,0,3,500.0,594.0,1.0,42.0,7,489,17594,1,1.0
98,1.0,0.0,3.0339999,1.0,2.0,5,114.1329337789109,352.2949878108639,pobre,0,3,500.0,594.0,1.0,42.0,8,489,17594,1,1.0
97,1.0,0.0,3.0339999,1.0,3.0,8,114.1329337789109,352.2949878108639,pobre,0,0,750.0,628.0,1.0,50.0,11,489,17595,3,1.0
98,1.0,0.0,3.0339999,,,8,114.1329337789109,352.2949878108639,pobre,0,0,750.0,628.0,1.0,50.0,12,489,17595,3,1.0
97,1.0,0.0,3.0339999,1.0,2.0,8,114.1329337789109,352.2949878108639,pobre,0,0,750.0,628.0,1.0,50.0,9,489,17596,2,1.0
98,1.0,0.0,3.0339999,,,8,114.1329337789109,352.2949878108639,pobre,0,0,750.0,628.0,1.0,50.0,10,489,17596,2,1.0
97,1.0,0.0,3.0339999,1.0,7.0,7,114.1329337789109,352.2949878108639,pobre,0,0,500.0,891.0,1.0,49.0,16,489,17597,7,1.0
98,1.0,0.0,3.0339999,,,7,114.1329337789109,352.2949878108639,pobre,0,0,500.0,891.0,1.0,49.0,17,489,17597,7,1.0
97,1.0,0.0,3.0339999,0.0,6.0,9,114.1329337789109,352.2949878108639,pobre,0,3,500.0,560.5,1.0,42.0,16,489,17598,6,0.0
98,1.0,0.0,3.0339999,,,9,114.1329337789109,352.2949878108639,pobre,0,3,500.0,560.5,1.0,42.0,17,489,17598,6,0.0
97,1.0,0.0,3.0339999,1.0,6.0,9,114.1329337789109,352.2949878108639,pobre,0,3,500.0,560.5,1.0,42.0,13,489,17599,6,1.0
98,1.0,0.0,3.0339999,1.0,8.0,9,114.1329337789109,352.2949878108639,pobre,0,3,500.0,560.5,1.0,42.0,14,489,17599,6,1.0
97,1.0,0.0,3.0339999,1.0,5.0,9,114.1329337789109,352.2949878108639,pobre,0,3,500.0,560.5,1.0,42.0,11,489,17600,5,1.0
98,1.0,0.0,3.0339999,1.0,6.0,9,114.1329337789109,352.2949878108639,pobre,0,3,500.0,560.5,1.0,42.0,12,489,17600,5,1.0
97,0.0,0.0,3.0339999,1.0,2.0,9,114.1329337789109,352.2949878108639,pobre,0,3,500.0,560.5,1.0,42.0,8,489,17601,2,1.0
98,0.0,0.0,3.0339999,1.0,3.0,9,114.1329337789109,352.2949878108639,pobre,0,3,500.0,560.5,1.0,42.0,9,489,17601,2,1.0
97,1.0,0.0,3.0339999,1.0,0.0,9,114.1329337789109,352.2949878108639,pobre,0,3,500.0,560.5,1.0,42.0,6,489,17602,0,1.0
98,1.0,0.0,3.0339999,1.0,1.0,9,114.1329337789109,352.2949878108639,pobre,0,3,500.0,560.5,1.0,42.0,7,489,17602,0,1.0
97,0.0,0.0,3.0339999,,0.0,3,114.1329337789109,352.2949878108639,pobre,0,0,500.0,637.0,1.0,43.0,16,489,17603,0,
98,0.0,0.0,3.0339999,,,3,114.1329337789109,352.2949878108639,pobre,0,0,500.0,637.0,1.0,43.0,17,489,17603,0,
97,1.0,0.0,3.0339999,0.0,6.0,9,114.1329337789109,352.2949878108639,pobre,0,0,500.0,629.0,1.0,50.0,16,489,17604,6,0.0
98,1.0,0.0,3.0339999,,,9,114.1329337789109,352.2949878108639,pobre,0,0,500.0,629.0,1.0,50.0,17,489,17604,6,0.0
97,0.0,0.0,3.0339999,0.0,6.0,9,114.1329337789109,352.2949878108639,pobre,0,0,500.0,629.0,1.0,50.0,14,489,17605,6,0.0
98,0.0,0.0,3.0339999,1.0,6.0,9,114.1329337789109,352.2949878108639,pobre,0,0,500.0,629.0,1.0,50.0,15,489,17605,6,0.0
97,1.0,0.0,3.0339999,1.0,6.0,9,114.1329337789109,352.2949878108639,pobre,0,0,500.0,629.0,1.0,50.0,11,489,17606,6,1.0
98,1.0,0.0,3.0339999,1.0,7.0,9,114.1329337789109,352.2949878108639,pobre,0,0,500.0,629.0,1.0,50.0,12,489,17606,6,1.0
97,1.0,0.0,3.0339999,1.0,3.0,9,114.1329337789109,352.2949878108639,pobre,0,0,500.0,629.0,1.0,50.0,9,489,17607,3,1.0
98,1.0,0.0,3.0339999,1.0,4.0,9,114.1329337789109,352.2949878108639,pobre,0,0,500.0,629.0,1.0,50.0,10,489,17607,3,1.0
97,1.0,0.0,3.0339999,1.0,1.0,9,114.1329337789109,352.2949878108639,pobre,0,0,500.0,629.0,1.0,50.0,6,489,17608,1,1.0
98,1.0,0.0,3.0339999,1.0,2.0,9,114.1329337789109,352.2949878108639,pobre,0,0,500.0,629.0,1.0,50.0,7,489,17608,1,1.0
97,1.0,0.0,3.0339999,0.0,6.0,8,114.1329337789109,352.2949878108639,pobre,0,5,400.0,760.0,1.0,66.0,15,489,17609,6,0.0
98,1.0,0.0,3.0339999,0.0,6.0,8,114.1329337789109,352.2949878108639,pobre,0,5,400.0,760.0,1.0,66.0,16,489,17609,6,0.0
97,1.0,0.0,3.0339999,1.0,4.0,8,114.1329337789109,352.2949878108639,pobre,0,5,400.0,760.0,1.0,66.0,12,489,17610,4,1.0
98,1.0,0.0,3.0339999,1.0,5.0,8,114.1329337789109,352.2949878108639,pobre,0,5,400.0,760.0,1.0,66.0,13,489,17610,4,1.0
97,1.0,0.0,3.0339999,1.0,3.0,8,114.1329337789109,352.2949878108639,pobre,0,5,400.0,760.0,1.0,66.0,10,489,17611,3,1.0
98,1.0,0.0,3.0339999,1.0,4.0,8,114.1329337789109,352.2949878108639,pobre,0,5,400.0,760.0,1.0,66.0,11,489,17611,3,1.0
97,1.0,0.0,3.0339999,1.0,2.0,8,114.1329337789109,352.2949878108639,pobre,0,5,400.0,760.0,1.0,66.0,8,489,17612,2,1.0
98,1.0,0.0,3.0339999,1.0,3.0,8,114.1329337789109,352.2949878108639,pobre,0,5,400.0,760.0,1.0,66.0,9,489,17612,2,1.0
97,1.0,0.0,3.0339999,,0.0,8,114.1329337789109,352.2949878108639,pobre,0,5,400.0,760.0,1.0,66.0,6,489,17613,0,
98,1.0,0.0,3.0339999,1.0,0.0,8,114.1329337789109,352.2949878108639,pobre,0,5,400.0,760.0,1.0,66.0,7,489,17613,0,
97,1.0,0.0,3.0339999,1.0,4.0,4,114.1329337789109,352.2949878108639,pobre,0,3,500.0,804.0,1.0,65.0,11,489,17614,4,1.0
98,1.0,0.0,3.0339999,,,4,114.1329337789109,352.2949878108639,pobre,0,3,500.0,804.0,1.0,65.0,12,489,17614,4,1.0
97,1.0,0.0,3.0339999,1.0,4.0,10,114.1329337789109,352.2949878108639,pobre,0,0,1000.0,632.5,1.0,62.0,10,489,17615,4,1.0
98,1.0,0.0,3.0339999,1.0,5.0,10,114.1329337789109,352.2949878108639,pobre,0,0,1000.0,632.5,1.0,62.0,11,489,17615,4,1.0
97,0.0,0.0,3.0339999,1.0,3.0,10,114.1329337789109,352.2949878108639,pobre,0,0,1000.0,632.5,1.0,62.0,9,489,17616,3,1.0
98,0.0,0.0,3.0339999,1.0,4.0,10,114.1329337789109,352.2949878108639,pobre,0,0,1000.0,632.5,1.0,62.0,10,489,17616,3,1.0
97,1.0,0.0,3.0339999,1.0,1.0,10,114.1329337789109,352.2949878108639,pobre,0,0,1000.0,632.5,1.0,62.0,7,489,17617,1,1.0
98,1.0,0.0,3.0339999,1.0,2.0,10,114.1329337789109,352.2949878108639,pobre,0,0,1000.0,632.5,1.0,62.0,8,489,17617,1,1.0
97,0.0,0.0,3.0339999,1.0,5.0,8,114.1329337789109,352.2949878108639,no pobre,0,0,400.0,1017.0,1.0,57.0,13,489,17618,5,1.0
98,0.0,0.0,3.0339999,,,8,114.1329337789109,352.2949878108639,no pobre,0,0,400.0,1017.0,1.0,57.0,14,489,17618,5,1.0
97,0.0,0.0,3.0339999,1.0,3.0,8,114.1329337789109,352.2949878108639,no pobre,0,0,400.0,1017.0,1.0,57.0,10,489,17619,3,1.0
98,0.0,0.0,3.0339999,,,8,114.1329337789109,352.2949878108639,no pobre,0,0,400.0,1017.0,1.0,57.0,11,489,17619,3,1.0
97,0.0,0.0,4.152,1.0,1.0,4,52.27688165081197,75.3069717543874,pobre,0,9,750.0,784.0,1.0,26.0,7,477,17620,1,1.0
98,0.0,0.0,4.152,1.0,1.0,4,52.27688165081197,75.3069717543874,pobre,0,9,750.0,784.0,1.0,26.0,8,477,17620,1,1.0
97,0.0,0.0,4.152,1.0,1.0,4,52.27688165081197,75.3069717543874,pobre,0,9,750.0,784.0,1.0,26.0,6,477,17621,1,1.0
98,0.0,0.0,4.152,1.0,0.0,4,52.27688165081197,75.3069717543874,pobre,0,9,750.0,784.0,1.0,26.0,7,477,17621,1,1.0
97,1.0,1.0,4.152,1.0,6.0,7,52.27688165081197,75.3069717543874,pobre,0,2,750.0,613.0,1.0,33.0,12,477,17622,6,1.0
98,1.0,1.0,4.152,1.0,7.0,7,52.27688165081197,75.3069717543874,pobre,0,2,750.0,613.0,1.0,33.0,13,477,17622,6,1.0
97,0.0,1.0,4.152,1.0,2.0,7,52.27688165081197,75.3069717543874,pobre,0,2,750.0,613.0,1.0,33.0,9,477,17623,2,1.0
98,0.0,1.0,4.152,1.0,3.0,7,52.27688165081197,75.3069717543874,pobre,0,2,750.0,613.0,1.0,33.0,10,477,17623,2,1.0
97,0.0,1.0,4.152,1.0,1.0,7,52.27688165081197,75.3069717543874,pobre,0,2,750.0,613.0,1.0,33.0,7,477,17624,1,1.0
98,0.0,1.0,4.152,1.0,2.0,7,52.27688165081197,75.3069717543874,pobre,0,2,750.0,613.0,1.0,33.0,8,477,17624,1,1.0
97,0.0,0.0,5.1719999,1.0,4.0,6,101.6961656792441,359.7744566831046,pobre,0,6,500.0,686.0,1.0,47.0,13,488,17625,4,1.0
98,0.0,0.0,5.1719999,,,6,101.6961656792441,359.7744566831046,pobre,0,6,500.0,686.0,1.0,47.0,14,488,17625,4,1.0
97,1.0,0.0,5.1719999,1.0,3.0,6,101.6961656792441,359.7744566831046,pobre,0,6,500.0,686.0,1.0,47.0,12,488,17626,3,1.0
98,1.0,0.0,5.1719999,,4.0,6,101.6961656792441,359.7744566831046,pobre,0,6,500.0,686.0,1.0,47.0,13,488,17626,3,1.0
97,1.0,0.0,5.1719999,,0.0,6,101.6961656792441,359.7744566831046,pobre,0,6,500.0,686.0,1.0,47.0,11,488,17627,0,
98,1.0,0.0,5.1719999,,,6,101.6961656792441,359.7744566831046,pobre,0,6,500.0,686.0,1.0,47.0,12,488,17627,0,
97,1.0,0.0,5.1719999,1.0,1.0,6,101.6961656792441,359.7744566831046,pobre,0,6,500.0,647.0,1.0,37.0,9,488,17628,1,1.0
98,1.0,0.0,5.1719999,1.0,2.0,6,101.6961656792441,359.7744566831046,pobre,0,6,500.0,647.0,1.0,37.0,10,488,17628,1,1.0
97,1.0,0.0,5.1719999,1.0,0.0,6,101.6961656792441,359.7744566831046,pobre,0,6,500.0,647.0,1.0,37.0,6,488,17629,0,1.0
98,1.0,0.0,5.1719999,0.0,1.0,6,101.6961656792441,359.7744566831046,pobre,0,6,500.0,647.0,1.0,37.0,7,488,17629,0,1.0
97,1.0,0.0,5.1719999,1.0,1.0,5,101.6961656792441,359.7744566831046,pobre,0,6,500.0,626.0,1.0,26.0,8,488,17630,1,1.0
98,1.0,0.0,5.1719999,,,5,101.6961656792441,359.7744566831046,pobre,0,6,500.0,626.0,1.0,26.0,9,488,17630,1,1.0
97,0.0,0.0,5.1719999,1.0,8.0,5,101.6961656792441,359.7744566831046,no pobre,0,2,500.0,951.0,1.0,43.0,15,488,17631,8,1.0
98,0.0,0.0,5.1719999,1.0,9.0,5,101.6961656792441,359.7744566831046,no pobre,0,2,500.0,951.0,1.0,43.0,16,488,17631,8,1.0
97,0.0,0.0,5.1719999,1.0,2.0,5,101.6961656792441,359.7744566831046,no pobre,0,2,500.0,951.0,1.0,43.0,9,488,17632,2,1.0
98,0.0,0.0,5.1719999,1.0,3.0,5,101.6961656792441,359.7744566831046,no pobre,0,2,500.0,951.0,1.0,43.0,10,488,17632,2,1.0
97,0.0,0.0,5.1719999,0.0,2.0,7,101.6961656792441,359.7744566831046,pobre,0,0,500.0,586.0,1.0,61.0,14,488,17633,2,0.0
98,0.0,0.0,5.1719999,0.0,2.0,7,101.6961656792441,359.7744566831046,pobre,0,0,500.0,586.0,1.0,61.0,15,488,17633,2,0.0
97,0.0,0.0,5.1719999,1.0,3.0,7,101.6961656792441,359.7744566831046,pobre,0,0,500.0,586.0,1.0,61.0,11,488,17634,3,1.0
98,0.0,0.0,5.1719999,1.0,4.0,7,101.6961656792441,359.7744566831046,pobre,0,0,500.0,586.0,1.0,61.0,12,488,17634,3,1.0
97,0.0,0.0,5.1719999,1.0,1.0,7,101.6961656792441,359.7744566831046,pobre,0,0,500.0,586.0,1.0,61.0,9,488,17635,1,1.0
98,0.0,0.0,5.1719999,1.0,1.0,7,101.6961656792441,359.7744566831046,pobre,0,0,500.0,586.0,1.0,61.0,10,488,17635,1,1.0
97,0.0,0.0,5.1719999,1.0,0.0,7,101.6961656792441,359.7744566831046,pobre,0,0,500.0,586.0,1.0,61.0,7,488,17636,0,1.0
98,0.0,0.0,5.1719999,1.0,0.0,7,101.6961656792441,359.7744566831046,pobre,0,0,500.0,586.0,1.0,61.0,8,488,17636,0,1.0
97,1.0,0.0,5.1719999,1.0,2.0,6,101.6961656792441,359.7744566831046,pobre,0,0,500.0,680.0,1.0,56.0,12,488,17637,2,1.0
98,1.0,0.0,5.1719999,1.0,3.0,6,101.6961656792441,359.7744566831046,pobre,0,0,500.0,680.0,1.0,56.0,13,488,17637,2,1.0
97,1.0,0.0,5.1719999,1.0,0.0,6,101.6961656792441,359.7744566831046,pobre,0,0,500.0,680.0,1.0,56.0,9,488,17638,0,1.0
98,1.0,0.0,5.1719999,1.0,0.0,6,101.6961656792441,359.7744566831046,pobre,0,0,500.0,680.0,1.0,56.0,10,488,17638,0,1.0
97,1.0,0.0,5.1719999,1.0,0.0,6,101.6961656792441,359.7744566831046,pobre,0,0,500.0,680.0,1.0,56.0,7,488,17639,0,1.0
98,1.0,0.0,5.1719999,1.0,1.0,6,101.6961656792441,359.7744566831046,pobre,0,0,500.0,680.0,1.0,56.0,8,488,17639,0,1.0
97,1.0,0.0,5.1719999,1.0,5.0,5,101.6961656792441,359.7744566831046,pobre,0,0,500.0,566.0,1.0,37.0,14,488,17640,5,1.0
98,1.0,0.0,5.1719999,0.0,6.0,5,101.6961656792441,359.7744566831046,pobre,0,0,500.0,566.0,1.0,37.0,15,488,17640,5,1.0
97,0.0,0.0,5.1719999,1.0,6.0,5,101.6961656792441,359.7744566831046,pobre,0,0,500.0,566.0,1.0,37.0,13,488,17641,6,1.0
98,0.0,0.0,5.1719999,1.0,7.0,5,101.6961656792441,359.7744566831046,pobre,0,0,500.0,566.0,1.0,37.0,14,488,17641,6,1.0
97,0.0,0.0,5.1719999,1.0,0.0,5,101.6961656792441,359.7744566831046,pobre,0,0,500.0,566.0,1.0,37.0,7,488,17642,0,1.0
98,0.0,0.0,5.1719999,1.0,1.0,5,101.6961656792441,359.7744566831046,pobre,0,0,500.0,566.0,1.0,37.0,8,488,17642,0,1.0
97,1.0,0.0,0.0,1.0,1.0,6,88.81916583498526,346.1847535232495,pobre,0,5,500.0,496.0,1.0,27.0,8,485,17643,1,1.0
98,1.0,0.0,0.0,1.0,1.0,6,88.81916583498526,346.1847535232495,pobre,0,5,500.0,496.0,1.0,27.0,9,485,17643,1,1.0
97,0.0,0.0,0.0,1.0,0.0,6,88.81916583498526,346.1847535232495,pobre,0,5,500.0,496.0,1.0,27.0,6,485,17644,0,1.0
98,0.0,0.0,0.0,1.0,0.0,6,88.81916583498526,346.1847535232495,pobre,0,5,500.0,496.0,1.0,27.0,7,485,17644,0,1.0
97,0.0,0.0,0.0,1.0,8.0,4,88.81916583498526,346.1847535232495,pobre,0,0,500.0,624.0,0.0,47.0,15,485,17645,8,1.0
98,0.0,0.0,0.0,0.0,9.0,4,88.81916583498526,346.1847535232495,pobre,0,0,500.0,624.0,0.0,47.0,16,485,17645,8,1.0
97,0.0,0.0,0.0,1.0,6.0,4,88.81916583498526,346.1847535232495,pobre,0,0,500.0,624.0,0.0,47.0,13,485,17646,6,1.0
98,0.0,0.0,0.0,1.0,7.0,4,88.81916583498526,346.1847535232495,pobre,0,0,500.0,624.0,0.0,47.0,14,485,17646,6,1.0
97,1.0,0.0,0.0,1.0,5.0,10,88.81916583498526,346.1847535232495,pobre,0,3,500.0,850.5,1.0,59.0,14,485,17647,5,1.0
98,1.0,0.0,0.0,,6.0,10,88.81916583498526,346.1847535232495,pobre,0,3,500.0,850.5,1.0,59.0,15,485,17647,5,1.0
97,1.0,0.0,5.1719999,0.0,6.0,7,101.6961656792441,359.7744566831046,pobre,0,3,625.0,836.5,1.0,47.0,15,488,17648,6,0.0
98,1.0,0.0,5.1719999,0.0,6.0,7,101.6961656792441,359.7744566831046,pobre,0,3,625.0,836.5,1.0,47.0,16,488,17648,6,0.0
97,0.0,0.0,5.1719999,0.0,6.0,7,101.6961656792441,359.7744566831046,pobre,0,3,625.0,836.5,1.0,47.0,13,488,17649,6,0.0
98,0.0,0.0,5.1719999,0.0,6.0,7,101.6961656792441,359.7744566831046,pobre,0,3,625.0,836.5,1.0,47.0,14,488,17649,6,0.0
97,0.0,0.0,5.1719999,1.0,4.0,7,101.6961656792441,359.7744566831046,pobre,0,3,625.0,836.5,1.0,47.0,10,488,17650,4,1.0
98,0.0,0.0,5.1719999,1.0,5.0,7,101.6961656792441,359.7744566831046,pobre,0,3,625.0,836.5,1.0,47.0,11,488,17650,4,1.0
97,1.0,0.0,5.1719999,1.0,3.0,7,101.6961656792441,359.7744566831046,pobre,0,3,625.0,836.5,1.0,47.0,8,488,17651,3,1.0
98,1.0,0.0,5.1719999,1.0,3.0,7,101.6961656792441,359.7744566831046,pobre,0,3,625.0,836.5,1.0,47.0,9,488,17651,3,1.0
97,0.0,0.0,5.1719999,1.0,6.0,5,101.6961656792441,359.7744566831046,pobre,0,3,500.0,706.0,1.0,44.0,13,488,17652,6,1.0
98,0.0,0.0,5.1719999,,,5,101.6961656792441,359.7744566831046,pobre,0,3,500.0,706.0,1.0,44.0,14,488,17652,6,1.0
97,0.0,0.0,5.1719999,1.0,3.0,5,101.6961656792441,359.7744566831046,pobre,0,3,500.0,706.0,1.0,44.0,10,488,17653,3,1.0
98,0.0,0.0,5.1719999,1.0,4.0,5,101.6961656792441,359.7744566831046,pobre,0,3,500.0,706.0,1.0,44.0,11,488,17653,3,1.0
97,1.0,0.0,5.1719999,1.0,0.0,3,101.6961656792441,359.7744566831046,pobre,0,2,625.0,749.0,0.0,32.0,9,488,17654,0,1.0
98,1.0,0.0,5.1719999,1.0,1.0,3,101.6961656792441,359.7744566831046,pobre,0,2,625.0,749.0,0.0,32.0,10,488,17654,0,1.0
97,1.0,0.0,5.1719999,1.0,2.0,5,101.6961656792441,359.7744566831046,no pobre,0,3,600.0,880.0,1.0,41.0,9,488,17655,2,1.0
98,1.0,0.0,5.1719999,1.0,1.0,5,101.6961656792441,359.7744566831046,no pobre,0,3,600.0,880.0,1.0,41.0,10,488,17655,2,1.0
97,0.0,0.0,5.1719999,1.0,0.0,5,101.6961656792441,359.7744566831046,no pobre,0,3,600.0,880.0,1.0,41.0,6,488,17656,0,1.0
98,0.0,0.0,5.1719999,1.0,1.0,5,101.6961656792441,359.7744566831046,no pobre,0,3,600.0,880.0,1.0,41.0,7,488,17656,0,1.0
97,1.0,1.0,1.603,1.0,3.0,8,152.8338558863866,272.7418811337504,pobre,basal,4,375.0,612.0,1.0,42.0,13,438,17657,3,1.0
98,1.0,1.0,1.603,1.0,4.0,8,152.8338558863866,272.7418811337504,pobre,basal,4,375.0,612.0,1.0,42.0,14,438,17657,3,1.0
97,0.0,1.0,1.603,1.0,2.0,8,152.8338558863866,272.7418811337504,pobre,basal,4,375.0,612.0,1.0,42.0,11,438,17658,2,1.0
98,0.0,1.0,1.603,1.0,3.0,8,152.8338558863866,272.7418811337504,pobre,basal,4,375.0,612.0,1.0,42.0,12,438,17658,2,1.0
97,0.0,1.0,1.603,1.0,1.0,8,152.8338558863866,272.7418811337504,pobre,basal,4,375.0,612.0,1.0,42.0,9,438,17659,1,1.0
98,0.0,1.0,1.603,1.0,1.0,8,152.8338558863866,272.7418811337504,pobre,basal,4,375.0,612.0,1.0,42.0,10,438,17659,1,1.0
97,0.0,1.0,1.603,1.0,0.0,8,152.8338558863866,272.7418811337504,pobre,basal,4,375.0,612.0,1.0,42.0,6,438,17660,0,1.0
98,0.0,1.0,1.603,1.0,1.0,8,152.8338558863866,272.7418811337504,pobre,basal,4,375.0,612.0,1.0,42.0,7,438,17660,0,1.0
97,1.0,1.0,1.603,1.0,7.0,4,152.8338558863866,272.7418811337504,pobre,basal,4,375.0,707.0,1.0,43.0,13,438,17661,7,1.0
98,1.0,1.0,1.603,1.0,8.0,4,152.8338558863866,272.7418811337504,pobre,basal,4,375.0,707.0,1.0,43.0,14,438,17661,7,1.0
97,1.0,1.0,1.603,1.0,4.0,4,152.8338558863866,272.7418811337504,pobre,basal,4,375.0,707.0,1.0,43.0,10,438,17662,4,1.0
98,1.0,1.0,1.603,1.0,5.0,4,152.8338558863866,272.7418811337504,pobre,basal,4,375.0,707.0,1.0,43.0,11,438,17662,4,1.0
97,0.0,1.0,1.603,1.0,9.0,5,152.8338558863866,272.7418811337504,pobre,basal,9,500.0,846.0,1.0,47.0,16,438,17663,9,1.0
98,0.0,1.0,1.603,,,5,152.8338558863866,272.7418811337504,pobre,basal,9,500.0,846.0,1.0,47.0,17,438,17663,9,1.0
97,0.0,1.0,1.603,1.0,7.0,5,152.8338558863866,272.7418811337504,pobre,basal,9,500.0,846.0,1.0,47.0,12,438,17664,7,1.0
98,0.0,1.0,1.603,1.0,8.0,5,152.8338558863866,272.7418811337504,pobre,basal,9,500.0,846.0,1.0,47.0,13,438,17664,7,1.0
97,0.0,1.0,1.603,1.0,5.0,4,152.8338558863866,272.7418811337504,pobre,basal,3,500.0,615.0,1.0,61.0,14,438,17665,5,1.0
98,0.0,1.0,1.603,1.0,6.0,4,152.8338558863866,272.7418811337504,pobre,basal,3,500.0,615.0,1.0,61.0,15,438,17665,5,1.0
97,1.0,1.0,1.603,1.0,5.0,4,152.8338558863866,272.7418811337504,pobre,basal,3,500.0,615.0,1.0,61.0,12,438,17666,5,1.0
98,1.0,1.0,1.603,1.0,6.0,4,152.8338558863866,272.7418811337504,pobre,basal,3,500.0,615.0,1.0,61.0,13,438,17666,5,1.0
97,1.0,0.0,5.1719999,1.0,2.0,6,101.6961656792441,359.7744566831046,pobre,0,2,500.0,690.0,1.0,36.0,9,488,17667,2,1.0
98,1.0,0.0,5.1719999,1.0,2.0,6,101.6961656792441,359.7744566831046,pobre,0,2,500.0,690.0,1.0,36.0,10,488,17667,2,1.0
97,0.0,0.0,5.1719999,1.0,1.0,6,101.6961656792441,359.7744566831046,pobre,0,2,500.0,690.0,1.0,36.0,8,488,17668,1,1.0
98,0.0,0.0,5.1719999,1.0,2.0,6,101.6961656792441,359.7744566831046,pobre,0,2,500.0,690.0,1.0,36.0,9,488,17668,1,1.0
97,1.0,0.0,5.1719999,1.0,4.0,6,101.6961656792441,359.7744566831046,pobre,0,1,500.0,673.0,1.0,36.0,14,488,17669,4,1.0
98,1.0,0.0,5.1719999,0.0,5.0,6,101.6961656792441,359.7744566831046,pobre,0,1,500.0,673.0,1.0,36.0,15,488,17669,4,1.0
97,1.0,0.0,5.1719999,1.0,3.0,6,101.6961656792441,359.7744566831046,pobre,0,1,500.0,673.0,1.0,36.0,10,488,17670,3,1.0
98,1.0,0.0,5.1719999,1.0,4.0,6,101.6961656792441,359.7744566831046,pobre,0,1,500.0,673.0,1.0,36.0,11,488,17670,3,1.0
97,0.0,0.0,5.1719999,1.0,0.0,6,101.6961656792441,359.7744566831046,pobre,0,1,500.0,673.0,1.0,36.0,7,488,17671,0,1.0
98,0.0,0.0,5.1719999,1.0,1.0,6,101.6961656792441,359.7744566831046,pobre,0,1,500.0,673.0,1.0,36.0,8,488,17671,0,1.0
97,1.0,0.0,5.1719999,1.0,7.0,7,101.6961656792441,359.7744566831046,pobre,0,1,375.0,841.5,1.0,52.0,15,488,17672,7,1.0
98,1.0,0.0,5.1719999,1.0,8.0,7,101.6961656792441,359.7744566831046,pobre,0,1,375.0,841.5,1.0,52.0,16,488,17672,7,1.0
97,1.0,0.0,5.1719999,1.0,1.0,7,101.6961656792441,359.7744566831046,pobre,0,1,375.0,841.5,1.0,52.0,8,488,17673,1,1.0
98,1.0,0.0,5.1719999,1.0,2.0,7,101.6961656792441,359.7744566831046,pobre,0,1,375.0,841.5,1.0,52.0,9,488,17673,1,1.0
97,1.0,0.0,5.1719999,1.0,1.0,5,101.6961656792441,359.7744566831046,pobre,0,0,375.0,654.5,1.0,53.0,9,488,17674,1,1.0
98,1.0,0.0,5.1719999,1.0,1.0,5,101.6961656792441,359.7744566831046,pobre,0,0,375.0,654.5,1.0,53.0,10,488,17674,1,1.0
97,1.0,0.0,5.1719999,1.0,1.0,5,101.6961656792441,359.7744566831046,pobre,0,0,375.0,654.5,1.0,53.0,9,488,17675,1,1.0
98,1.0,0.0,5.1719999,1.0,1.0,5,101.6961656792441,359.7744566831046,pobre,0,0,375.0,654.5,1.0,53.0,10,488,17675,1,1.0
97,0.0,0.0,5.1719999,1.0,2.0,4,101.6961656792441,359.7744566831046,no pobre,0,4,480.0,1032.0,1.0,66.0,10,488,17676,2,1.0
98,0.0,0.0,5.1719999,1.0,3.0,4,101.6961656792441,359.7744566831046,no pobre,0,4,480.0,1032.0,1.0,66.0,11,488,17676,2,1.0
97,1.0,1.0,1.603,1.0,6.0,3,152.8338558863866,272.7418811337504,pobre,basal,5,500.0,729.0,1.0,41.0,12,438,17677,6,1.0
98,1.0,1.0,1.603,1.0,7.0,3,152.8338558863866,272.7418811337504,pobre,basal,5,500.0,729.0,1.0,41.0,13,438,17677,6,1.0
97,0.0,1.0,1.603,1.0,8.0,6,152.8338558863866,272.7418811337504,pobre,basal,4,500.0,768.0,1.0,42.0,16,438,17678,8,1.0
98,0.0,1.0,1.603,,,6,152.8338558863866,272.7418811337504,pobre,basal,4,500.0,768.0,1.0,42.0,17,438,17678,8,1.0
97,0.0,1.0,1.603,1.0,7.0,6,152.8338558863866,272.7418811337504,pobre,basal,4,500.0,768.0,1.0,42.0,13,438,17679,7,1.0
98,0.0,1.0,1.603,1.0,8.0,6,152.8338558863866,272.7418811337504,pobre,basal,4,500.0,768.0,1.0,42.0,14,438,17679,7,1.0
97,0.0,1.0,1.603,1.0,4.0,6,152.8338558863866,272.7418811337504,pobre,basal,4,500.0,768.0,1.0,42.0,11,438,17680,4,1.0
98,0.0,1.0,1.603,1.0,5.0,6,152.8338558863866,272.7418811337504,pobre,basal,4,500.0,768.0,1.0,42.0,12,438,17680,4,1.0
97,0.0,0.0,7.8759999,1.0,4.0,4,138.6725247124352,138.6725247124352,pobre,0,4,11200.0,1084.0,1.0,32.0,10,288,17681,4,1.0
98,0.0,0.0,7.8759999,1.0,5.0,4,138.6725247124352,138.6725247124352,pobre,0,4,11200.0,1084.0,1.0,32.0,11,288,17681,4,1.0
97,0.0,0.0,7.8759999,1.0,1.0,4,138.6725247124352,138.6725247124352,pobre,0,4,11200.0,1084.0,1.0,32.0,7,288,17682,1,1.0
98,0.0,0.0,7.8759999,1.0,2.0,4,138.6725247124352,138.6725247124352,pobre,0,4,11200.0,1084.0,1.0,32.0,8,288,17682,1,1.0
97,1.0,0.0,7.8759999,1.0,2.0,7,138.6725247124352,138.6725247124352,pobre,0,0,320.0,877.25,1.0,55.0,10,288,17683,2,1.0
98,1.0,0.0,7.8759999,1.0,4.0,7,138.6725247124352,138.6725247124352,pobre,0,0,320.0,877.25,1.0,55.0,11,288,17683,2,1.0
97,0.0,0.0,7.8759999,1.0,7.0,3,138.6725247124352,138.6725247124352,pobre,0,3,400.0,804.0,1.0,33.0,13,288,17684,7,1.0
98,0.0,0.0,7.8759999,1.0,8.0,3,138.6725247124352,138.6725247124352,pobre,0,3,400.0,804.0,1.0,33.0,14,288,17684,7,1.0
97,1.0,0.0,7.8759999,1.0,6.0,6,138.6725247124352,138.6725247124352,no pobre,0,1,0.0,1089.0,1.0,57.0,13,288,17685,6,1.0
98,1.0,0.0,7.8759999,1.0,7.0,6,138.6725247124352,138.6725247124352,no pobre,0,1,0.0,1089.0,1.0,57.0,14,288,17685,6,1.0
97,0.0,0.0,7.8759999,0.0,6.0,9,138.6725247124352,138.6725247124352,pobre,0,2,875.0,582.0,1.0,46.0,14,288,17686,6,0.0
98,0.0,0.0,7.8759999,0.0,6.0,9,138.6725247124352,138.6725247124352,pobre,0,2,875.0,582.0,1.0,46.0,15,288,17686,6,0.0
97,1.0,0.0,7.8759999,1.0,5.0,9,138.6725247124352,138.6725247124352,pobre,0,2,875.0,582.0,1.0,46.0,11,288,17687,5,1.0
98,1.0,0.0,7.8759999,0.0,6.0,9,138.6725247124352,138.6725247124352,pobre,0,2,875.0,582.0,1.0,46.0,12,288,17687,5,1.0
97,1.0,0.0,7.8759999,1.0,3.0,9,138.6725247124352,138.6725247124352,pobre,0,2,875.0,582.0,1.0,46.0,9,288,17688,3,1.0
98,1.0,0.0,7.8759999,1.0,4.0,9,138.6725247124352,138.6725247124352,pobre,0,2,875.0,582.0,1.0,46.0,10,288,17688,3,1.0
97,1.0,0.0,7.8759999,1.0,0.0,9,138.6725247124352,138.6725247124352,pobre,0,2,875.0,582.0,1.0,46.0,6,288,17689,0,1.0
98,1.0,0.0,7.8759999,1.0,1.0,9,138.6725247124352,138.6725247124352,pobre,0,2,875.0,582.0,1.0,46.0,7,288,17689,0,1.0
97,1.0,0.0,7.8759999,0.0,6.0,6,138.6725247124352,138.6725247124352,no pobre,0,3,66.666664,941.0,1.0,47.0,16,288,17690,6,0.0
98,1.0,0.0,7.8759999,,,6,138.6725247124352,138.6725247124352,no pobre,0,3,66.666664,941.0,1.0,47.0,17,288,17690,6,0.0
97,1.0,0.0,7.8759999,1.0,4.0,6,138.6725247124352,138.6725247124352,no pobre,0,3,66.666664,941.0,1.0,47.0,12,288,17691,4,1.0
98,1.0,0.0,7.8759999,1.0,5.0,6,138.6725247124352,138.6725247124352,no pobre,0,3,66.666664,941.0,1.0,47.0,13,288,17691,4,1.0
97,0.0,0.0,7.8759999,1.0,4.0,7,138.6725247124352,138.6725247124352,no pobre,0,6,750.0,828.0,1.0,33.0,10,288,17692,4,1.0
98,0.0,0.0,7.8759999,1.0,5.0,7,138.6725247124352,138.6725247124352,no pobre,0,6,750.0,828.0,1.0,33.0,11,288,17692,4,1.0
97,0.0,0.0,7.8759999,1.0,3.0,7,138.6725247124352,138.6725247124352,no pobre,0,6,750.0,828.0,1.0,33.0,9,288,17693,3,1.0
98,0.0,0.0,7.8759999,1.0,4.0,7,138.6725247124352,138.6725247124352,no pobre,0,6,750.0,828.0,1.0,33.0,10,288,17693,3,1.0
97,1.0,0.0,7.8759999,1.0,1.0,7,138.6725247124352,138.6725247124352,no pobre,0,6,750.0,828.0,1.0,33.0,7,288,17694,1,1.0
98,1.0,0.0,7.8759999,1.0,2.0,7,138.6725247124352,138.6725247124352,no pobre,0,6,750.0,828.0,1.0,33.0,8,288,17694,1,1.0
97,1.0,0.0,7.8759999,1.0,1.0,6,138.6725247124352,138.6725247124352,pobre,0,3,750.0,674.76099,1.0,34.0,7,288,17695,1,1.0
98,1.0,0.0,7.8759999,1.0,1.0,6,138.6725247124352,138.6725247124352,pobre,0,3,750.0,674.76099,1.0,34.0,8,288,17695,1,1.0
97,1.0,0.0,7.8759999,1.0,1.0,6,138.6725247124352,138.6725247124352,pobre,0,3,1750.0,666.76099,1.0,30.0,7,288,17696,1,1.0
98,1.0,0.0,7.8759999,1.0,2.0,6,138.6725247124352,138.6725247124352,pobre,0,3,1750.0,666.76099,1.0,30.0,8,288,17696,1,1.0
97,0.0,0.0,7.8759999,0.0,6.0,3,138.6725247124352,138.6725247124352,pobre,0,1,750.0,630.76099,1.0,58.0,15,288,17697,6,0.0
98,0.0,0.0,7.8759999,0.0,6.0,3,138.6725247124352,138.6725247124352,pobre,0,1,750.0,630.76099,1.0,58.0,16,288,17697,6,0.0
97,1.0,0.0,7.8759999,0.0,4.0,5,138.6725247124352,138.6725247124352,no pobre,0,2,0.0,1089.75,1.0,54.0,16,288,17698,4,0.0
98,1.0,0.0,7.8759999,,,5,138.6725247124352,138.6725247124352,no pobre,0,2,0.0,1089.75,1.0,54.0,17,288,17698,4,0.0
97,0.0,0.0,7.8759999,1.0,4.0,5,138.6725247124352,138.6725247124352,pobre,0,1,625.0,830.75,1.0,50.0,10,288,17699,4,1.0
98,0.0,0.0,7.8759999,1.0,5.0,5,138.6725247124352,138.6725247124352,pobre,0,1,625.0,830.75,1.0,50.0,11,288,17699,4,1.0
97,0.0,0.0,7.8759999,1.0,4.0,3,138.6725247124352,138.6725247124352,pobre,0,1,625.0,739.0,1.0,44.0,12,288,17700,4,1.0
98,0.0,0.0,7.8759999,0.0,6.0,3,138.6725247124352,138.6725247124352,pobre,0,1,625.0,739.0,1.0,44.0,13,288,17700,4,1.0
97,0.0,0.0,7.8759999,1.0,7.0,8,138.6725247124352,138.6725247124352,no pobre,0,2,6000.0,1062.0,1.0,59.0,15,288,17701,7,1.0
98,0.0,0.0,7.8759999,1.0,8.0,8,138.6725247124352,138.6725247124352,no pobre,0,2,6000.0,1062.0,1.0,59.0,16,288,17701,7,1.0
97,1.0,0.0,7.8759999,1.0,5.0,7,138.6725247124352,138.6725247124352,pobre,0,2,625.0,755.0,1.0,34.0,11,288,17702,5,1.0
98,1.0,0.0,7.8759999,1.0,5.0,7,138.6725247124352,138.6725247124352,pobre,0,2,625.0,755.0,1.0,34.0,12,288,17702,5,1.0
97,0.0,0.0,7.8759999,1.0,1.0,7,138.6725247124352,138.6725247124352,pobre,0,2,625.0,755.0,1.0,34.0,8,288,17703,1,1.0
98,0.0,0.0,7.8759999,1.0,2.0,7,138.6725247124352,138.6725247124352,pobre,0,2,625.0,755.0,1.0,34.0,9,288,17703,1,1.0
97,1.0,0.0,7.8759999,,0.0,7,138.6725247124352,138.6725247124352,pobre,0,2,625.0,755.0,1.0,34.0,6,288,17704,0,
98,1.0,0.0,7.8759999,1.0,1.0,7,138.6725247124352,138.6725247124352,pobre,0,2,625.0,755.0,1.0,34.0,7,288,17704,0,
97,1.0,0.0,7.8759999,0.0,6.0,5,138.6725247124352,138.6725247124352,pobre,0,1,0.0,743.0,0.0,72.0,14,288,17705,6,0.0
98,1.0,0.0,7.8759999,0.0,6.0,5,138.6725247124352,138.6725247124352,pobre,0,1,0.0,743.0,0.0,72.0,15,288,17705,6,0.0
97,1.0,0.0,7.8759999,1.0,5.0,5,138.6725247124352,138.6725247124352,pobre,0,1,0.0,743.0,0.0,72.0,14,288,17706,5,1.0
98,1.0,0.0,7.8759999,0.0,5.0,5,138.6725247124352,138.6725247124352,pobre,0,1,0.0,743.0,0.0,72.0,15,288,17706,5,1.0
97,1.0,0.0,7.8759999,1.0,5.0,5,138.6725247124352,138.6725247124352,pobre,0,1,0.0,743.0,0.0,72.0,13,288,17707,5,1.0
98,1.0,0.0,7.8759999,0.0,6.0,5,138.6725247124352,138.6725247124352,pobre,0,1,0.0,743.0,0.0,72.0,14,288,17707,5,1.0
97,1.0,0.0,7.8759999,1.0,4.0,7,138.6725247124352,138.6725247124352,pobre,0,3,750.0,634.0,1.0,37.0,12,288,17708,4,1.0
98,1.0,0.0,7.8759999,0.0,5.0,7,138.6725247124352,138.6725247124352,pobre,0,3,750.0,634.0,1.0,37.0,13,288,17708,4,1.0
97,1.0,0.0,7.8759999,1.0,4.0,7,138.6725247124352,138.6725247124352,pobre,0,3,750.0,634.0,1.0,37.0,10,288,17709,4,1.0
98,1.0,0.0,7.8759999,1.0,5.0,7,138.6725247124352,138.6725247124352,pobre,0,3,750.0,634.0,1.0,37.0,11,288,17709,4,1.0
97,1.0,0.0,7.8759999,1.0,2.0,7,138.6725247124352,138.6725247124352,pobre,0,3,750.0,634.0,1.0,37.0,8,288,17710,2,1.0
98,1.0,0.0,7.8759999,1.0,3.0,7,138.6725247124352,138.6725247124352,pobre,0,3,750.0,634.0,1.0,37.0,9,288,17710,2,1.0
97,1.0,0.0,7.8759999,1.0,2.0,6,138.6725247124352,138.6725247124352,pobre,0,7,750.0,670.0,1.0,32.0,9,288,17711,2,1.0
98,1.0,0.0,7.8759999,1.0,3.0,6,138.6725247124352,138.6725247124352,pobre,0,7,750.0,670.0,1.0,32.0,10,288,17711,2,1.0
97,0.0,0.0,7.8759999,,0.0,2,138.6725247124352,138.6725247124352,pobre,0,0,0.0,766.0,1.0,98.0,16,288,17712,0,
98,0.0,0.0,7.8759999,,,2,138.6725247124352,138.6725247124352,pobre,0,0,0.0,766.0,1.0,98.0,17,288,17712,0,
97,1.0,0.0,7.8759999,0.0,6.0,7,138.6725247124352,138.6725247124352,pobre,0,3,750.0,622.0,1.0,40.0,14,288,17713,6,0.0
98,1.0,0.0,7.8759999,0.0,6.0,7,138.6725247124352,138.6725247124352,pobre,0,3,750.0,622.0,1.0,40.0,15,288,17713,6,0.0
97,1.0,0.0,7.8759999,1.0,4.0,7,138.6725247124352,138.6725247124352,pobre,0,3,750.0,622.0,1.0,40.0,11,288,17714,4,1.0
98,1.0,0.0,7.8759999,1.0,5.0,7,138.6725247124352,138.6725247124352,pobre,0,3,750.0,622.0,1.0,40.0,12,288,17714,4,1.0
97,1.0,0.0,7.8759999,1.0,2.0,3,138.6725247124352,138.6725247124352,pobre,0,9,1400.0,835.0,1.0,26.0,8,288,17715,2,1.0
98,1.0,0.0,7.8759999,1.0,3.0,3,138.6725247124352,138.6725247124352,pobre,0,9,1400.0,835.0,1.0,26.0,9,288,17715,2,1.0
97,1.0,0.0,7.8759999,0.0,6.0,7,138.6725247124352,138.6725247124352,pobre,0,2,800.0,643.0,1.0,37.0,13,288,17716,6,0.0
98,1.0,0.0,7.8759999,,,7,138.6725247124352,138.6725247124352,pobre,0,2,800.0,643.0,1.0,37.0,14,288,17716,6,0.0
97,1.0,0.0,7.8759999,1.0,3.0,7,138.6725247124352,138.6725247124352,pobre,0,2,800.0,643.0,1.0,37.0,10,288,17717,3,1.0
98,1.0,0.0,7.8759999,1.0,4.0,7,138.6725247124352,138.6725247124352,pobre,0,2,800.0,643.0,1.0,37.0,11,288,17717,3,1.0
97,1.0,0.0,7.8759999,1.0,1.0,7,138.6725247124352,138.6725247124352,pobre,0,2,800.0,643.0,1.0,37.0,8,288,17718,1,1.0
98,1.0,0.0,7.8759999,1.0,2.0,7,138.6725247124352,138.6725247124352,pobre,0,2,800.0,643.0,1.0,37.0,9,288,17718,1,1.0
97,1.0,0.0,7.8759999,1.0,7.0,12,138.6725247124352,138.6725247124352,pobre,0,6,0.0,863.0,0.0,40.0,16,288,17719,7,1.0
98,1.0,0.0,7.8759999,,,12,138.6725247124352,138.6725247124352,pobre,0,6,0.0,863.0,0.0,40.0,17,288,17719,7,1.0
97,1.0,0.0,7.8759999,1.0,4.0,12,138.6725247124352,138.6725247124352,pobre,0,6,0.0,863.0,0.0,40.0,12,288,17720,4,1.0
98,1.0,0.0,7.8759999,1.0,5.0,12,138.6725247124352,138.6725247124352,pobre,0,6,0.0,863.0,0.0,40.0,13,288,17720,4,1.0
97,0.0,0.0,7.8759999,1.0,3.0,12,138.6725247124352,138.6725247124352,pobre,0,6,0.0,863.0,0.0,40.0,9,288,17721,3,1.0
98,0.0,0.0,7.8759999,1.0,4.0,12,138.6725247124352,138.6725247124352,pobre,0,6,0.0,863.0,0.0,40.0,10,288,17721,3,1.0
97,0.0,0.0,7.8759999,1.0,2.0,12,138.6725247124352,138.6725247124352,pobre,0,6,0.0,863.0,0.0,40.0,8,288,17722,2,1.0
98,0.0,0.0,7.8759999,1.0,3.0,12,138.6725247124352,138.6725247124352,pobre,0,6,0.0,863.0,0.0,40.0,9,288,17722,2,1.0
97,1.0,0.0,7.8759999,1.0,1.0,12,138.6725247124352,138.6725247124352,pobre,0,6,0.0,863.0,0.0,40.0,7,288,17723,1,1.0
98,1.0,0.0,7.8759999,1.0,2.0,12,138.6725247124352,138.6725247124352,pobre,0,6,0.0,863.0,0.0,40.0,8,288,17723,1,1.0
97,0.0,0.0,7.8759999,0.0,6.0,6,138.6725247124352,138.6725247124352,pobre,0,3,0.0,778.0,1.0,48.0,13,288,17724,6,0.0
98,0.0,0.0,7.8759999,0.0,6.0,6,138.6725247124352,138.6725247124352,pobre,0,3,0.0,778.0,1.0,48.0,14,288,17724,6,0.0
97,0.0,0.0,7.8759999,0.0,6.0,6,138.6725247124352,138.6725247124352,pobre,0,3,1250.0,765.0,1.0,47.0,14,288,17725,6,0.0
98,0.0,0.0,7.8759999,0.0,6.0,6,138.6725247124352,138.6725247124352,pobre,0,3,1250.0,765.0,1.0,47.0,15,288,17725,6,0.0
97,1.0,0.0,7.8759999,1.0,1.0,6,138.6725247124352,138.6725247124352,pobre,0,3,1250.0,765.0,1.0,47.0,9,288,17726,1,1.0
98,1.0,0.0,7.8759999,1.0,2.0,6,138.6725247124352,138.6725247124352,pobre,0,3,1250.0,765.0,1.0,47.0,10,288,17726,1,1.0
97,1.0,0.0,7.8759999,1.0,2.0,5,138.6725247124352,138.6725247124352,pobre,0,0,750.0,955.0,1.0,63.0,9,288,17727,2,1.0
98,1.0,0.0,7.8759999,1.0,3.0,5,138.6725247124352,138.6725247124352,pobre,0,0,750.0,955.0,1.0,63.0,10,288,17727,2,1.0
97,1.0,0.0,7.8759999,1.0,2.0,5,138.6725247124352,138.6725247124352,pobre,0,0,750.0,955.0,1.0,63.0,8,288,17728,2,1.0
98,1.0,0.0,7.8759999,1.0,3.0,5,138.6725247124352,138.6725247124352,pobre,0,0,750.0,955.0,1.0,63.0,9,288,17728,2,1.0
97,1.0,0.0,7.8759999,0.0,9.0,9,138.6725247124352,138.6725247124352,no pobre,0,14,4000.0,1066.6,1.0,46.0,16,288,17729,9,0.0
98,1.0,0.0,7.8759999,,,9,138.6725247124352,138.6725247124352,no pobre,0,14,4000.0,1066.6,1.0,46.0,17,288,17729,9,0.0
97,0.0,0.0,7.8759999,1.0,4.0,9,138.6725247124352,138.6725247124352,no pobre,0,14,4000.0,1066.6,1.0,46.0,10,288,17730,4,1.0
98,0.0,0.0,7.8759999,1.0,5.0,9,138.6725247124352,138.6725247124352,no pobre,0,14,4000.0,1066.6,1.0,46.0,11,288,17730,4,1.0
97,0.0,0.0,7.8759999,0.0,6.0,13,138.6725247124352,138.6725247124352,pobre,0,1,750.0,721.0,1.0,40.0,16,288,17731,6,0.0
98,0.0,0.0,7.8759999,,,13,138.6725247124352,138.6725247124352,pobre,0,1,750.0,721.0,1.0,40.0,17,288,17731,6,0.0
97,0.0,0.0,7.8759999,0.0,6.0,13,138.6725247124352,138.6725247124352,pobre,0,1,750.0,721.0,1.0,40.0,15,288,17732,6,0.0
98,0.0,0.0,7.8759999,1.0,6.0,13,138.6725247124352,138.6725247124352,pobre,0,1,750.0,721.0,1.0,40.0,16,288,17732,6,0.0
97,1.0,0.0,7.8759999,1.0,6.0,13,138.6725247124352,138.6725247124352,pobre,0,1,750.0,721.0,1.0,40.0,14,288,17733,6,1.0
98,1.0,0.0,7.8759999,1.0,7.0,13,138.6725247124352,138.6725247124352,pobre,0,1,750.0,721.0,1.0,40.0,15,288,17733,6,1.0
97,1.0,0.0,7.8759999,1.0,5.0,13,138.6725247124352,138.6725247124352,pobre,0,1,750.0,721.0,1.0,40.0,12,288,17734,5,1.0
98,1.0,0.0,7.8759999,0.0,6.0,13,138.6725247124352,138.6725247124352,pobre,0,1,750.0,721.0,1.0,40.0,13,288,17734,5,1.0
97,1.0,0.0,7.8759999,1.0,4.0,13,138.6725247124352,138.6725247124352,pobre,0,1,750.0,721.0,1.0,40.0,10,288,17735,4,1.0
98,1.0,0.0,7.8759999,1.0,5.0,13,138.6725247124352,138.6725247124352,pobre,0,1,750.0,721.0,1.0,40.0,11,288,17735,4,1.0
97,0.0,0.0,7.8759999,1.0,2.0,13,138.6725247124352,138.6725247124352,pobre,0,1,750.0,721.0,1.0,40.0,8,288,17736,2,1.0
98,0.0,0.0,7.8759999,1.0,3.0,13,138.6725247124352,138.6725247124352,pobre,0,1,750.0,721.0,1.0,40.0,9,288,17736,2,1.0
97,0.0,0.0,7.8759999,,0.0,13,138.6725247124352,138.6725247124352,pobre,0,1,750.0,721.0,1.0,40.0,6,288,17737,0,
98,0.0,0.0,7.8759999,1.0,1.0,13,138.6725247124352,138.6725247124352,pobre,0,1,750.0,721.0,1.0,40.0,7,288,17737,0,
97,1.0,0.0,7.8759999,1.0,2.0,7,138.6725247124352,138.6725247124352,no pobre,0,4,8000.0,979.0,1.0,32.0,8,288,17738,2,1.0
98,1.0,0.0,7.8759999,1.0,3.0,7,138.6725247124352,138.6725247124352,no pobre,0,4,8000.0,979.0,1.0,32.0,9,288,17738,2,1.0
97,1.0,0.0,7.8759999,1.0,1.0,7,138.6725247124352,138.6725247124352,no pobre,0,4,8000.0,979.0,1.0,32.0,7,288,17739,1,1.0
98,1.0,0.0,7.8759999,1.0,2.0,7,138.6725247124352,138.6725247124352,no pobre,0,4,8000.0,979.0,1.0,32.0,8,288,17739,1,1.0
97,1.0,0.0,3.6010001,1.0,7.0,10,89.38165253308725,89.38165253308725,pobre,basal,2,625.0,932.0,1.0,47.0,14,295,17740,7,1.0
98,1.0,0.0,3.6010001,1.0,8.0,10,89.38165253308725,89.38165253308725,pobre,basal,2,625.0,932.0,1.0,47.0,15,295,17740,7,1.0
97,0.0,0.0,3.6010001,1.0,1.0,10,89.38165253308725,89.38165253308725,pobre,basal,2,625.0,932.0,1.0,47.0,7,295,17741,1,1.0
98,0.0,0.0,3.6010001,1.0,2.0,10,89.38165253308725,89.38165253308725,pobre,basal,2,625.0,932.0,1.0,47.0,8,295,17741,1,1.0
97,1.0,1.0,4.4390001,1.0,0.0,6,141.0977350861535,286.0098668459468,pobre,basal,9,500.0,664.0,1.0,31.0,6,437,17742,0,1.0
98,1.0,1.0,4.4390001,1.0,1.0,6,141.0977350861535,286.0098668459468,pobre,basal,9,500.0,664.0,1.0,31.0,7,437,17742,0,1.0
97,1.0,0.0,4.4390001,0.0,6.0,2,141.0977350861535,286.0098668459468,pobre,basal,1,500.0,701.0,1.0,17.0,15,437,17743,6,0.0
98,1.0,0.0,4.4390001,0.0,6.0,2,141.0977350861535,286.0098668459468,pobre,basal,1,500.0,701.0,1.0,17.0,16,437,17743,6,0.0
97,0.0,1.0,4.4390001,1.0,9.0,3,141.0977350861535,286.0098668459468,pobre,basal,3,500.0,776.0,1.0,41.0,16,437,17744,9,1.0
98,0.0,1.0,4.4390001,,,3,141.0977350861535,286.0098668459468,pobre,basal,3,500.0,776.0,1.0,41.0,17,437,17744,9,1.0
97,0.0,1.0,1.603,1.0,8.0,4,152.8338558863866,272.7418811337504,pobre,basal,4,500.0,885.0,1.0,53.0,16,438,17745,8,1.0
98,0.0,1.0,1.603,,,4,152.8338558863866,272.7418811337504,pobre,basal,4,500.0,885.0,1.0,53.0,17,438,17745,8,1.0
97,0.0,1.0,1.603,1.0,7.0,4,152.8338558863866,272.7418811337504,pobre,basal,4,500.0,885.0,1.0,53.0,13,438,17746,7,1.0
98,0.0,1.0,1.603,1.0,8.0,4,152.8338558863866,272.7418811337504,pobre,basal,4,500.0,885.0,1.0,53.0,14,438,17746,7,1.0
97,1.0,1.0,4.4390001,1.0,6.0,12,141.0977350861535,286.0098668459468,pobre,basal,0,500.0,578.0,1.0,65.0,15,437,17747,6,1.0
98,1.0,1.0,4.4390001,1.0,7.0,12,141.0977350861535,286.0098668459468,pobre,basal,0,500.0,578.0,1.0,65.0,16,437,17747,6,1.0
97,0.0,1.0,4.4390001,1.0,5.0,12,141.0977350861535,286.0098668459468,pobre,basal,0,500.0,578.0,1.0,65.0,12,437,17748,5,1.0
98,0.0,1.0,4.4390001,1.0,6.0,12,141.0977350861535,286.0098668459468,pobre,basal,0,500.0,578.0,1.0,65.0,13,437,17748,5,1.0
97,1.0,1.0,4.4390001,1.0,2.0,12,141.0977350861535,286.0098668459468,pobre,basal,0,500.0,578.0,1.0,65.0,11,437,17749,2,1.0
98,1.0,1.0,4.4390001,1.0,2.0,12,141.0977350861535,286.0098668459468,pobre,basal,0,500.0,578.0,1.0,65.0,12,437,17749,2,1.0
97,1.0,1.0,4.4390001,1.0,1.0,12,141.0977350861535,286.0098668459468,pobre,basal,0,500.0,578.0,1.0,65.0,8,437,17750,1,1.0
98,1.0,1.0,4.4390001,1.0,1.0,12,141.0977350861535,286.0098668459468,pobre,basal,0,500.0,578.0,1.0,65.0,9,437,17750,1,1.0
97,0.0,1.0,2.119,1.0,3.0,4,153.0118503700081,287.475370239123,pobre,basal,2,25.0,874.0,1.0,62.0,10,422,17751,3,1.0
98,0.0,1.0,2.119,1.0,4.0,4,153.0118503700081,287.475370239123,pobre,basal,2,25.0,874.0,1.0,62.0,11,422,17751,3,1.0
97,1.0,1.0,2.119,1.0,4.0,4,153.0118503700081,287.475370239123,pobre,basal,3,16.666666,778.0,1.0,42.0,14,422,17752,4,1.0
98,1.0,1.0,2.119,1.0,5.0,4,153.0118503700081,287.475370239123,pobre,basal,3,16.666666,778.0,1.0,42.0,15,422,17752,4,1.0
97,1.0,1.0,2.119,1.0,4.0,4,153.0118503700081,287.475370239123,pobre,basal,3,16.666666,778.0,1.0,42.0,10,422,17753,4,1.0
98,1.0,1.0,2.119,1.0,4.0,4,153.0118503700081,287.475370239123,pobre,basal,3,16.666666,778.0,1.0,42.0,11,422,17753,4,1.0
97,1.0,1.0,2.119,1.0,5.0,9,153.0118503700081,287.475370239123,pobre,basal,6,20.833334,550.0,1.0,33.0,13,422,17754,5,1.0
98,1.0,1.0,2.119,1.0,5.0,9,153.0118503700081,287.475370239123,pobre,basal,6,20.833334,550.0,1.0,33.0,14,422,17754,5,1.0
97,1.0,1.0,2.119,1.0,3.0,9,153.0118503700081,287.475370239123,pobre,basal,6,20.833334,550.0,1.0,33.0,11,422,17755,3,1.0
98,1.0,1.0,2.119,1.0,4.0,9,153.0118503700081,287.475370239123,pobre,basal,6,20.833334,550.0,1.0,33.0,12,422,17755,3,1.0
97,1.0,1.0,2.119,1.0,1.0,9,153.0118503700081,287.475370239123,pobre,basal,6,20.833334,550.0,1.0,33.0,8,422,17756,1,1.0
98,1.0,1.0,2.119,1.0,2.0,9,153.0118503700081,287.475370239123,pobre,basal,6,20.833334,550.0,1.0,33.0,9,422,17756,1,1.0
97,1.0,1.0,2.119,1.0,1.0,9,153.0118503700081,287.475370239123,pobre,basal,6,20.833334,550.0,1.0,33.0,7,422,17757,1,1.0
98,1.0,1.0,2.119,1.0,2.0,9,153.0118503700081,287.475370239123,pobre,basal,6,20.833334,550.0,1.0,33.0,8,422,17757,1,1.0
97,0.0,1.0,2.119,1.0,0.0,9,153.0118503700081,287.475370239123,pobre,basal,6,20.833334,550.0,1.0,33.0,6,422,17758,0,1.0
98,0.0,1.0,2.119,1.0,0.0,9,153.0118503700081,287.475370239123,pobre,basal,6,20.833334,550.0,1.0,33.0,7,422,17758,0,1.0
97,0.0,0.0,4.4390001,1.0,5.0,10,141.0977350861535,286.0098668459468,pobre,basal,3,500.0,749.0,1.0,60.0,13,437,17759,5,1.0
98,0.0,0.0,4.4390001,1.0,6.0,10,141.0977350861535,286.0098668459468,pobre,basal,3,500.0,749.0,1.0,60.0,14,437,17759,5,1.0
97,1.0,0.0,4.4390001,1.0,6.0,10,141.0977350861535,286.0098668459468,pobre,basal,3,500.0,749.0,1.0,60.0,11,437,17760,6,1.0
98,1.0,0.0,4.4390001,1.0,7.0,10,141.0977350861535,286.0098668459468,pobre,basal,3,500.0,749.0,1.0,60.0,12,437,17760,6,1.0
97,0.0,0.0,4.4390001,1.0,2.0,10,141.0977350861535,286.0098668459468,pobre,basal,3,500.0,749.0,1.0,60.0,8,437,17761,2,1.0
98,0.0,0.0,4.4390001,1.0,3.0,10,141.0977350861535,286.0098668459468,pobre,basal,3,500.0,749.0,1.0,60.0,9,437,17761,2,1.0
97,1.0,0.0,0.79000002,1.0,4.0,5,132.0614653191013,299.004879149959,pobre,basal,6,750.0,652.0,1.0,34.0,11,443,17762,4,1.0
98,1.0,0.0,0.79000002,1.0,5.0,5,132.0614653191013,299.004879149959,pobre,basal,6,750.0,652.0,1.0,34.0,12,443,17762,4,1.0
97,0.0,0.0,0.79000002,1.0,2.0,5,132.0614653191013,299.004879149959,pobre,basal,6,750.0,652.0,1.0,34.0,8,443,17763,2,1.0
98,0.0,0.0,0.79000002,,,5,132.0614653191013,299.004879149959,pobre,basal,6,750.0,652.0,1.0,34.0,9,443,17763,2,1.0
97,1.0,1.0,1.3049999,1.0,5.0,4,161.6277586009655,273.8507411146721,pobre,0,4,500.0,699.0,1.0,50.0,11,409,17764,5,1.0
98,1.0,1.0,1.3049999,1.0,6.0,4,161.6277586009655,273.8507411146721,pobre,0,4,500.0,699.0,1.0,50.0,12,409,17764,5,1.0
97,1.0,1.0,1.3049999,1.0,1.0,4,161.6277586009655,273.8507411146721,pobre,0,4,500.0,699.0,1.0,50.0,7,409,17765,1,1.0
98,1.0,1.0,1.3049999,1.0,1.0,4,161.6277586009655,273.8507411146721,pobre,0,4,500.0,699.0,1.0,50.0,8,409,17765,1,1.0
97,1.0,1.0,1.3049999,1.0,7.0,3,161.6277586009655,273.8507411146721,pobre,0,0,625.0,736.0,1.0,57.0,11,409,17766,7,1.0
98,1.0,1.0,1.3049999,1.0,8.0,3,161.6277586009655,273.8507411146721,pobre,0,0,625.0,736.0,1.0,57.0,12,409,17766,7,1.0
97,0.0,0.0,1.3049999,1.0,7.0,6,161.6277586009655,273.8507411146721,pobre,0,3,500.0,613.0,1.0,33.0,14,409,17767,7,1.0
98,0.0,0.0,1.3049999,1.0,8.0,6,161.6277586009655,273.8507411146721,pobre,0,3,500.0,613.0,1.0,33.0,15,409,17767,7,1.0
97,0.0,0.0,1.3049999,1.0,5.0,6,161.6277586009655,273.8507411146721,pobre,0,3,500.0,613.0,1.0,33.0,14,409,17768,5,1.0
98,0.0,0.0,1.3049999,1.0,5.0,6,161.6277586009655,273.8507411146721,pobre,0,3,500.0,613.0,1.0,33.0,15,409,17768,5,1.0
97,1.0,0.0,1.3049999,1.0,7.0,9,161.6277586009655,273.8507411146721,pobre,0,3,480.0,531.0,1.0,37.0,13,409,17769,7,1.0
98,1.0,0.0,1.3049999,1.0,8.0,9,161.6277586009655,273.8507411146721,pobre,0,3,480.0,531.0,1.0,37.0,14,409,17769,7,1.0
97,1.0,0.0,1.3049999,1.0,4.0,9,161.6277586009655,273.8507411146721,pobre,0,3,480.0,531.0,1.0,37.0,11,409,17770,4,1.0
98,1.0,0.0,1.3049999,1.0,5.0,9,161.6277586009655,273.8507411146721,pobre,0,3,480.0,531.0,1.0,37.0,12,409,17770,4,1.0
97,1.0,0.0,1.3049999,1.0,3.0,9,161.6277586009655,273.8507411146721,pobre,0,3,480.0,531.0,1.0,37.0,9,409,17771,3,1.0
98,1.0,0.0,1.3049999,1.0,4.0,9,161.6277586009655,273.8507411146721,pobre,0,3,480.0,531.0,1.0,37.0,10,409,17771,3,1.0
97,1.0,0.0,1.3049999,1.0,1.0,9,161.6277586009655,273.8507411146721,pobre,0,3,480.0,531.0,1.0,37.0,7,409,17772,1,1.0
98,1.0,0.0,1.3049999,1.0,2.0,9,161.6277586009655,273.8507411146721,pobre,0,3,480.0,531.0,1.0,37.0,8,409,17772,1,1.0
97,1.0,1.0,1.3049999,1.0,0.0,5,161.6277586009655,273.8507411146721,pobre,0,3,500.0,664.0,1.0,24.0,6,409,17773,0,1.0
98,1.0,1.0,1.3049999,1.0,1.0,5,161.6277586009655,273.8507411146721,pobre,0,3,500.0,664.0,1.0,24.0,7,409,17773,0,1.0
97,1.0,1.0,1.3049999,1.0,6.0,4,161.6277586009655,273.8507411146721,pobre,0,3,500.0,699.0,1.0,49.0,13,409,17774,6,1.0
98,1.0,1.0,1.3049999,1.0,7.0,4,161.6277586009655,273.8507411146721,pobre,0,3,500.0,699.0,1.0,49.0,14,409,17774,6,1.0
97,1.0,1.0,1.3049999,1.0,4.0,4,161.6277586009655,273.8507411146721,pobre,0,3,500.0,699.0,1.0,49.0,11,409,17775,4,1.0
98,1.0,1.0,1.3049999,1.0,5.0,4,161.6277586009655,273.8507411146721,pobre,0,3,500.0,699.0,1.0,49.0,12,409,17775,4,1.0
97,1.0,0.0,1.3049999,1.0,6.0,4,161.6277586009655,273.8507411146721,pobre,0,5,500.0,713.0,1.0,38.0,12,409,17776,6,1.0
98,1.0,0.0,1.3049999,1.0,7.0,4,161.6277586009655,273.8507411146721,pobre,0,5,500.0,713.0,1.0,38.0,13,409,17776,6,1.0
97,1.0,0.0,1.3049999,1.0,0.0,4,161.6277586009655,273.8507411146721,pobre,0,5,500.0,713.0,1.0,38.0,6,409,17777,0,1.0
98,1.0,0.0,1.3049999,1.0,1.0,4,161.6277586009655,273.8507411146721,pobre,0,5,500.0,713.0,1.0,38.0,7,409,17777,0,1.0
97,1.0,1.0,1.3049999,1.0,10.0,5,161.6277586009655,273.8507411146721,pobre,0,4,500.0,656.0,1.0,43.0,16,409,17778,10,1.0
98,1.0,1.0,1.3049999,,,5,161.6277586009655,273.8507411146721,pobre,0,4,500.0,656.0,1.0,43.0,17,409,17778,10,1.0
97,0.0,1.0,1.3049999,1.0,9.0,10,161.6277586009655,273.8507411146721,pobre,0,6,500.0,653.0,1.0,44.0,16,409,17779,9,1.0
98,0.0,1.0,1.3049999,,,10,161.6277586009655,273.8507411146721,pobre,0,6,500.0,653.0,1.0,44.0,17,409,17779,9,1.0
97,1.0,1.0,1.3049999,1.0,7.0,10,161.6277586009655,273.8507411146721,pobre,0,6,500.0,653.0,1.0,44.0,13,409,17780,7,1.0
98,1.0,1.0,1.3049999,1.0,8.0,10,161.6277586009655,273.8507411146721,pobre,0,6,500.0,653.0,1.0,44.0,14,409,17780,7,1.0
97,0.0,1.0,1.3049999,1.0,4.0,10,161.6277586009655,273.8507411146721,pobre,0,6,500.0,653.0,1.0,44.0,11,409,17781,4,1.0
98,0.0,1.0,1.3049999,1.0,5.0,10,161.6277586009655,273.8507411146721,pobre,0,6,500.0,653.0,1.0,44.0,12,409,17781,4,1.0
97,0.0,1.0,1.3049999,1.0,1.0,10,161.6277586009655,273.8507411146721,pobre,0,6,500.0,653.0,1.0,44.0,6,409,17782,1,1.0
98,0.0,1.0,1.3049999,1.0,1.0,10,161.6277586009655,273.8507411146721,pobre,0,6,500.0,653.0,1.0,44.0,7,409,17782,1,1.0
97,1.0,1.0,1.3049999,1.0,6.0,7,161.6277586009655,273.8507411146721,pobre,0,3,625.0,580.0,1.0,43.0,13,409,17783,6,1.0
98,1.0,1.0,1.3049999,1.0,7.0,7,161.6277586009655,273.8507411146721,pobre,0,3,625.0,580.0,1.0,43.0,14,409,17783,6,1.0
97,1.0,1.0,1.3049999,1.0,5.0,7,161.6277586009655,273.8507411146721,pobre,0,3,625.0,580.0,1.0,43.0,11,409,17784,5,1.0
98,1.0,1.0,1.3049999,1.0,6.0,7,161.6277586009655,273.8507411146721,pobre,0,3,625.0,580.0,1.0,43.0,12,409,17784,5,1.0
97,1.0,1.0,1.3049999,1.0,2.0,7,161.6277586009655,273.8507411146721,pobre,0,3,625.0,580.0,1.0,43.0,8,409,17785,2,1.0
98,1.0,1.0,1.3049999,1.0,2.0,7,161.6277586009655,273.8507411146721,pobre,0,3,625.0,580.0,1.0,43.0,9,409,17785,2,1.0
97,1.0,1.0,1.3049999,1.0,6.0,3,161.6277586009655,273.8507411146721,pobre,0,5,625.0,727.0,1.0,35.0,11,409,17786,6,1.0
98,1.0,1.0,1.3049999,1.0,6.0,3,161.6277586009655,273.8507411146721,pobre,0,5,625.0,727.0,1.0,35.0,12,409,17786,6,1.0
97,1.0,1.0,1.3049999,1.0,5.0,9,161.6277586009655,273.8507411146721,pobre,0,3,500.0,417.0,1.0,41.0,14,409,17787,5,1.0
98,1.0,1.0,1.3049999,1.0,8.0,9,161.6277586009655,273.8507411146721,pobre,0,3,500.0,417.0,1.0,41.0,15,409,17787,5,1.0
97,1.0,1.0,1.3049999,1.0,7.0,9,161.6277586009655,273.8507411146721,pobre,0,3,500.0,417.0,1.0,41.0,12,409,17788,7,1.0
98,1.0,1.0,1.3049999,1.0,6.0,9,161.6277586009655,273.8507411146721,pobre,0,3,500.0,417.0,1.0,41.0,13,409,17788,7,1.0
97,0.0,1.0,1.3049999,1.0,2.0,9,161.6277586009655,273.8507411146721,pobre,0,3,500.0,417.0,1.0,41.0,9,409,17789,2,1.0
98,0.0,1.0,1.3049999,1.0,3.0,9,161.6277586009655,273.8507411146721,pobre,0,3,500.0,417.0,1.0,41.0,10,409,17789,2,1.0
97,1.0,1.0,1.3049999,1.0,2.0,9,161.6277586009655,273.8507411146721,pobre,0,3,500.0,417.0,1.0,41.0,7,409,17790,2,1.0
98,1.0,1.0,1.3049999,1.0,2.0,9,161.6277586009655,273.8507411146721,pobre,0,3,500.0,417.0,1.0,41.0,8,409,17790,2,1.0
97,0.0,1.0,1.3049999,1.0,4.0,5,161.6277586009655,273.8507411146721,pobre,0,1,625.0,764.5,1.0,49.0,9,409,17791,4,1.0
98,0.0,1.0,1.3049999,1.0,5.0,5,161.6277586009655,273.8507411146721,pobre,0,1,625.0,764.5,1.0,49.0,10,409,17791,4,1.0
97,0.0,1.0,1.3049999,1.0,6.0,8,161.6277586009655,273.8507411146721,pobre,0,2,625.0,521.0,1.0,32.0,12,409,17792,6,1.0
98,0.0,1.0,1.3049999,1.0,7.0,8,161.6277586009655,273.8507411146721,pobre,0,2,625.0,521.0,1.0,32.0,13,409,17792,6,1.0
97,0.0,1.0,1.3049999,1.0,4.0,8,161.6277586009655,273.8507411146721,pobre,0,2,625.0,521.0,1.0,32.0,9,409,17793,4,1.0
98,0.0,1.0,1.3049999,1.0,4.0,8,161.6277586009655,273.8507411146721,pobre,0,2,625.0,521.0,1.0,32.0,10,409,17793,4,1.0
97,1.0,1.0,1.3049999,1.0,0.0,8,161.6277586009655,273.8507411146721,pobre,0,2,625.0,521.0,1.0,32.0,6,409,17794,0,1.0
98,1.0,1.0,1.3049999,1.0,0.0,8,161.6277586009655,273.8507411146721,pobre,0,2,625.0,521.0,1.0,32.0,7,409,17794,0,1.0
97,0.0,,4.4390001,,0.0,4,141.0977350861535,286.0098668459468,no pobre,basal,12,2000.0,982.0,1.0,28.0,7,437,17795,0,
98,0.0,,4.4390001,1.0,2.0,4,141.0977350861535,286.0098668459468,no pobre,basal,12,2000.0,982.0,1.0,28.0,8,437,17795,0,
97,0.0,1.0,4.4390001,1.0,5.0,6,141.0977350861535,286.0098668459468,no pobre,basal,3,625.0,817.0,1.0,58.0,11,437,17796,5,1.0
98,0.0,1.0,4.4390001,0.0,4.0,6,141.0977350861535,286.0098668459468,no pobre,basal,3,625.0,817.0,1.0,58.0,12,437,17796,5,1.0
97,1.0,1.0,4.4390001,1.0,1.0,6,141.0977350861535,286.0098668459468,no pobre,basal,3,625.0,817.0,1.0,58.0,7,437,17797,1,1.0
98,1.0,1.0,4.4390001,1.0,2.0,6,141.0977350861535,286.0098668459468,no pobre,basal,3,625.0,817.0,1.0,58.0,8,437,17797,1,1.0
97,1.0,1.0,2.119,1.0,4.0,6,153.0118503700081,287.475370239123,pobre,basal,4,100.0,691.0,1.0,39.0,12,422,17798,4,1.0
98,1.0,1.0,2.119,1.0,5.0,6,153.0118503700081,287.475370239123,pobre,basal,4,100.0,691.0,1.0,39.0,13,422,17798,4,1.0
97,1.0,1.0,2.119,1.0,0.0,6,153.0118503700081,287.475370239123,pobre,basal,4,100.0,691.0,1.0,39.0,12,422,17799,0,1.0
98,1.0,1.0,2.119,1.0,1.0,6,153.0118503700081,287.475370239123,pobre,basal,4,100.0,691.0,1.0,39.0,13,422,17799,0,1.0
97,0.0,0.0,0.0,0.0,1.0,14,42.16862207729481,42.16862207729481,no pobre,basal,6,3000.0,1010.0,1.0,59.0,15,202,17800,1,0.0
98,0.0,0.0,0.0,0.0,6.0,14,42.16862207729481,42.16862207729481,no pobre,basal,6,3000.0,1010.0,1.0,59.0,16,202,17800,1,0.0
97,0.0,0.0,0.0,1.0,2.0,14,42.16862207729481,42.16862207729481,no pobre,basal,6,3000.0,1010.0,1.0,59.0,8,202,17801,2,1.0
98,0.0,0.0,0.0,1.0,3.0,14,42.16862207729481,42.16862207729481,no pobre,basal,6,3000.0,1010.0,1.0,59.0,9,202,17801,2,1.0
97,0.0,0.0,0.0,1.0,1.0,14,42.16862207729481,42.16862207729481,no pobre,basal,6,3000.0,1010.0,1.0,59.0,7,202,17802,1,1.0
98,0.0,0.0,0.0,1.0,2.0,14,42.16862207729481,42.16862207729481,no pobre,basal,6,3000.0,1010.0,1.0,59.0,8,202,17802,1,1.0
97,0.0,0.0,0.0,1.0,1.0,6,42.16862207729481,42.16862207729481,pobre,basal,1,0.0,642.0,1.0,31.0,9,202,17803,1,1.0
98,0.0,0.0,0.0,1.0,2.0,6,42.16862207729481,42.16862207729481,pobre,basal,1,0.0,642.0,1.0,31.0,10,202,17803,1,1.0
97,1.0,0.0,0.0,1.0,0.0,6,42.16862207729481,42.16862207729481,pobre,basal,1,0.0,642.0,1.0,31.0,8,202,17804,0,1.0
98,1.0,0.0,0.0,1.0,1.0,6,42.16862207729481,42.16862207729481,pobre,basal,1,0.0,642.0,1.0,31.0,9,202,17804,0,1.0
97,0.0,0.0,0.0,1.0,0.0,6,42.16862207729481,42.16862207729481,pobre,basal,1,0.0,642.0,1.0,31.0,6,202,17805,0,1.0
98,0.0,0.0,0.0,1.0,0.0,6,42.16862207729481,42.16862207729481,pobre,basal,1,0.0,642.0,1.0,31.0,7,202,17805,0,1.0
97,0.0,0.0,0.097000003,1.0,0.0,3,30.33839597234041,88.87675780483835,no pobre,basal,3,750.0,924.0,1.0,30.0,6,235,17806,0,1.0
98,0.0,0.0,0.097000003,1.0,0.0,3,30.33839597234041,88.87675780483835,no pobre,basal,3,750.0,924.0,1.0,30.0,7,235,17806,0,1.0
97,0.0,0.0,0.097000003,0.0,6.0,4,30.33839597234041,88.87675780483835,no pobre,basal,3,0.0,918.0,1.0,36.0,15,235,17807,6,0.0
98,0.0,0.0,0.097000003,0.0,6.0,4,30.33839597234041,88.87675780483835,no pobre,basal,3,0.0,918.0,1.0,36.0,16,235,17807,6,0.0
97,0.0,0.0,0.097000003,1.0,5.0,7,30.33839597234041,88.87675780483835,pobre,basal,6,0.0,704.5,1.0,35.0,12,235,17808,5,1.0
98,0.0,0.0,0.097000003,1.0,6.0,7,30.33839597234041,88.87675780483835,pobre,basal,6,0.0,704.5,1.0,35.0,13,235,17808,5,1.0
97,0.0,0.0,0.097000003,1.0,4.0,7,30.33839597234041,88.87675780483835,pobre,basal,6,0.0,704.5,1.0,35.0,11,235,17809,4,1.0
98,0.0,0.0,0.097000003,1.0,4.0,7,30.33839597234041,88.87675780483835,pobre,basal,6,0.0,704.5,1.0,35.0,12,235,17809,4,1.0
97,1.0,0.0,0.097000003,1.0,2.0,7,30.33839597234041,88.87675780483835,pobre,basal,6,0.0,704.5,1.0,35.0,7,235,17810,2,1.0
98,1.0,0.0,0.097000003,1.0,2.0,7,30.33839597234041,88.87675780483835,pobre,basal,6,0.0,704.5,1.0,35.0,8,235,17810,2,1.0
97,1.0,0.0,0.097000003,1.0,0.0,7,30.33839597234041,88.87675780483835,pobre,basal,6,0.0,704.5,1.0,35.0,6,235,17811,0,1.0
98,1.0,0.0,0.097000003,1.0,1.0,7,30.33839597234041,88.87675780483835,pobre,basal,6,0.0,704.5,1.0,35.0,7,235,17811,0,1.0
97,0.0,0.0,0.0,0.0,6.0,14,42.16862207729481,42.16862207729481,no pobre,basal,3,0.0,986.0,1.0,51.0,16,202,17812,6,0.0
98,0.0,0.0,0.0,,,14,42.16862207729481,42.16862207729481,no pobre,basal,3,0.0,986.0,1.0,51.0,17,202,17812,6,0.0
97,1.0,0.0,0.0,0.0,6.0,14,42.16862207729481,42.16862207729481,no pobre,basal,3,0.0,986.0,1.0,51.0,13,202,17813,6,0.0
98,1.0,0.0,0.0,0.0,6.0,14,42.16862207729481,42.16862207729481,no pobre,basal,3,0.0,986.0,1.0,51.0,14,202,17813,6,0.0
97,1.0,0.0,0.0,1.0,2.0,14,42.16862207729481,42.16862207729481,no pobre,basal,3,0.0,986.0,1.0,51.0,9,202,17814,2,1.0
98,1.0,0.0,0.0,1.0,2.0,14,42.16862207729481,42.16862207729481,no pobre,basal,3,0.0,986.0,1.0,51.0,10,202,17814,2,1.0
97,1.0,0.0,0.0,1.0,2.0,5,42.16862207729481,42.16862207729481,no pobre,basal,2,750.0,828.0,1.0,27.0,9,202,17815,2,1.0
98,1.0,0.0,0.0,1.0,3.0,5,42.16862207729481,42.16862207729481,no pobre,basal,2,750.0,828.0,1.0,27.0,10,202,17815,2,1.0
97,1.0,0.0,0.0,1.0,1.0,5,42.16862207729481,42.16862207729481,no pobre,basal,2,750.0,828.0,1.0,27.0,8,202,17816,1,1.0
98,1.0,0.0,0.0,1.0,2.0,5,42.16862207729481,42.16862207729481,no pobre,basal,2,750.0,828.0,1.0,27.0,9,202,17816,1,1.0
97,0.0,0.0,0.0,0.0,5.0,5,42.16862207729481,42.16862207729481,no pobre,basal,3,625.0,962.0,1.0,39.0,15,202,17817,5,0.0
98,0.0,0.0,0.0,,,5,42.16862207729481,42.16862207729481,no pobre,basal,3,625.0,962.0,1.0,39.0,16,202,17817,5,0.0
97,0.0,0.0,0.0,0.0,6.0,5,42.16862207729481,42.16862207729481,no pobre,basal,3,625.0,962.0,1.0,39.0,13,202,17818,6,0.0
98,0.0,0.0,0.0,0.0,6.0,5,42.16862207729481,42.16862207729481,no pobre,basal,3,625.0,962.0,1.0,39.0,14,202,17818,6,0.0
97,1.0,0.0,0.0,1.0,4.0,7,28.87126420509094,28.87126420509094,pobre,0,9,660.0,752.0,1.0,28.0,10,382,17819,4,1.0
98,1.0,0.0,0.0,1.0,5.0,7,28.87126420509094,28.87126420509094,pobre,0,9,660.0,752.0,1.0,28.0,11,382,17819,4,1.0
97,1.0,0.0,0.0,1.0,2.0,7,28.87126420509094,28.87126420509094,pobre,0,9,660.0,752.0,1.0,28.0,9,382,17820,2,1.0
98,1.0,0.0,0.0,1.0,3.0,7,28.87126420509094,28.87126420509094,pobre,0,9,660.0,752.0,1.0,28.0,10,382,17820,2,1.0
97,0.0,0.0,0.0,1.0,1.0,7,28.87126420509094,28.87126420509094,pobre,0,9,660.0,752.0,1.0,28.0,7,382,17821,1,1.0
98,0.0,0.0,0.0,1.0,2.0,7,28.87126420509094,28.87126420509094,pobre,0,9,660.0,752.0,1.0,28.0,8,382,17821,1,1.0
97,1.0,0.0,0.0,1.0,0.0,7,28.87126420509094,28.87126420509094,pobre,0,9,660.0,752.0,1.0,28.0,6,382,17822,0,1.0
98,1.0,0.0,0.0,1.0,1.0,7,28.87126420509094,28.87126420509094,pobre,0,9,660.0,752.0,1.0,28.0,7,382,17822,0,1.0
97,0.0,0.0,7.8759999,0.0,6.0,4,138.6725247124352,138.6725247124352,pobre,0,0,750.0,765.0,1.0,76.0,14,288,17823,6,0.0
98,0.0,0.0,7.8759999,0.0,6.0,4,138.6725247124352,138.6725247124352,pobre,0,0,750.0,765.0,1.0,76.0,15,288,17823,6,0.0
97,1.0,0.0,7.8759999,,0.0,4,138.6725247124352,138.6725247124352,pobre,0,0,750.0,765.0,1.0,76.0,12,288,17824,0,
98,1.0,0.0,7.8759999,,,4,138.6725247124352,138.6725247124352,pobre,0,0,750.0,765.0,1.0,76.0,13,288,17824,0,
97,0.0,1.0,1.3049999,1.0,2.0,4,161.6277586009655,273.8507411146721,pobre,0,6,500.0,559.0,1.0,27.0,7,409,17825,2,1.0
98,0.0,1.0,1.3049999,1.0,1.0,4,161.6277586009655,273.8507411146721,pobre,0,6,500.0,559.0,1.0,27.0,8,409,17825,2,1.0
97,1.0,1.0,1.3049999,1.0,8.0,7,161.6277586009655,273.8507411146721,pobre,0,3,0.0,590.0,1.0,42.0,14,409,17826,8,1.0
98,1.0,1.0,1.3049999,,,7,161.6277586009655,273.8507411146721,pobre,0,3,0.0,590.0,1.0,42.0,15,409,17826,8,1.0
97,1.0,1.0,1.3049999,1.0,2.0,7,161.6277586009655,273.8507411146721,pobre,0,3,0.0,590.0,1.0,42.0,9,409,17827,2,1.0
98,1.0,1.0,1.3049999,1.0,3.0,7,161.6277586009655,273.8507411146721,pobre,0,3,0.0,590.0,1.0,42.0,10,409,17827,2,1.0
97,0.0,1.0,1.3049999,1.0,1.0,7,161.6277586009655,273.8507411146721,pobre,0,3,0.0,590.0,1.0,42.0,6,409,17828,1,1.0
98,0.0,1.0,1.3049999,1.0,1.0,7,161.6277586009655,273.8507411146721,pobre,0,3,0.0,590.0,1.0,42.0,7,409,17828,1,1.0
97,0.0,0.0,1.3049999,1.0,8.0,7,161.6277586009655,273.8507411146721,pobre,0,6,0.0,709.0,1.0,45.0,13,409,17829,8,1.0
98,0.0,0.0,1.3049999,1.0,9.0,7,161.6277586009655,273.8507411146721,pobre,0,6,0.0,709.0,1.0,45.0,14,409,17829,8,1.0
97,1.0,1.0,1.3049999,1.0,2.0,7,161.6277586009655,273.8507411146721,pobre,0,6,0.0,709.0,1.0,45.0,9,409,17830,2,1.0
98,1.0,1.0,1.3049999,1.0,3.0,7,161.6277586009655,273.8507411146721,pobre,0,6,0.0,709.0,1.0,45.0,10,409,17830,2,1.0
97,1.0,0.0,1.3049999,,0.0,7,161.6277586009655,273.8507411146721,pobre,0,6,0.0,709.0,1.0,45.0,7,409,17831,0,
98,1.0,0.0,1.3049999,1.0,3.0,7,161.6277586009655,273.8507411146721,pobre,0,6,0.0,709.0,1.0,45.0,8,409,17831,0,
97,0.0,1.0,1.3049999,0.0,9.0,5,161.6277586009655,273.8507411146721,pobre,0,0,480.0,651.0,1.0,63.0,15,409,17832,9,0.0
98,0.0,1.0,1.3049999,,,5,161.6277586009655,273.8507411146721,pobre,0,0,480.0,651.0,1.0,63.0,16,409,17832,9,0.0
97,1.0,1.0,1.3049999,1.0,7.0,5,161.6277586009655,273.8507411146721,pobre,0,0,480.0,651.0,1.0,63.0,13,409,17833,7,1.0
98,1.0,1.0,1.3049999,1.0,8.0,5,161.6277586009655,273.8507411146721,pobre,0,0,480.0,651.0,1.0,63.0,14,409,17833,7,1.0
97,1.0,0.0,1.3049999,1.0,6.0,5,161.6277586009655,273.8507411146721,pobre,0,6,500.0,675.0,1.0,37.0,12,409,17834,6,1.0
98,1.0,0.0,1.3049999,1.0,7.0,5,161.6277586009655,273.8507411146721,pobre,0,6,500.0,675.0,1.0,37.0,13,409,17834,6,1.0
97,1.0,0.0,1.3049999,1.0,2.0,5,161.6277586009655,273.8507411146721,pobre,0,6,500.0,675.0,1.0,37.0,8,409,17835,2,1.0
98,1.0,0.0,1.3049999,1.0,3.0,5,161.6277586009655,273.8507411146721,pobre,0,6,500.0,675.0,1.0,37.0,9,409,17835,2,1.0
97,,0.0,1.3049999,1.0,3.0,2,161.6277586009655,273.8507411146721,pobre,0,1,500.0,836.0,1.0,84.0,9,409,17836,3,1.0
98,,0.0,1.3049999,1.0,4.0,2,161.6277586009655,273.8507411146721,pobre,0,1,500.0,836.0,1.0,84.0,10,409,17836,3,1.0
97,0.0,1.0,1.3049999,0.0,7.0,8,161.6277586009655,273.8507411146721,pobre,0,1,500.0,812.0,1.0,52.0,16,409,17837,7,0.0
98,0.0,1.0,1.3049999,,,8,161.6277586009655,273.8507411146721,pobre,0,1,500.0,812.0,1.0,52.0,17,409,17837,7,0.0
97,0.0,1.0,1.3049999,1.0,8.0,8,161.6277586009655,273.8507411146721,pobre,0,1,500.0,812.0,1.0,52.0,14,409,17838,8,1.0
98,0.0,1.0,1.3049999,1.0,9.0,8,161.6277586009655,273.8507411146721,pobre,0,1,500.0,812.0,1.0,52.0,15,409,17838,8,1.0
97,0.0,1.0,1.3049999,1.0,4.0,8,161.6277586009655,273.8507411146721,pobre,0,1,500.0,812.0,1.0,52.0,11,409,17839,4,1.0
98,0.0,1.0,1.3049999,1.0,5.0,8,161.6277586009655,273.8507411146721,pobre,0,1,500.0,812.0,1.0,52.0,12,409,17839,4,1.0
97,0.0,1.0,1.3049999,1.0,10.0,8,161.6277586009655,273.8507411146721,pobre,0,6,500.0,651.0,1.0,35.0,16,409,17840,10,1.0
98,0.0,1.0,1.3049999,0.0,9.0,8,161.6277586009655,273.8507411146721,pobre,0,6,500.0,651.0,1.0,35.0,17,409,17840,10,1.0
97,0.0,0.0,1.3049999,1.0,7.0,8,161.6277586009655,273.8507411146721,pobre,0,6,500.0,651.0,1.0,35.0,15,409,17841,7,1.0
98,0.0,0.0,1.3049999,1.0,8.0,8,161.6277586009655,273.8507411146721,pobre,0,6,500.0,651.0,1.0,35.0,16,409,17841,7,1.0
97,1.0,0.0,1.3049999,1.0,6.0,8,161.6277586009655,273.8507411146721,pobre,0,6,500.0,651.0,1.0,35.0,12,409,17842,6,1.0
98,1.0,0.0,1.3049999,1.0,7.0,8,161.6277586009655,273.8507411146721,pobre,0,6,500.0,651.0,1.0,35.0,13,409,17842,6,1.0
97,0.0,0.0,1.3049999,0.0,1.0,8,161.6277586009655,273.8507411146721,pobre,0,6,500.0,651.0,1.0,35.0,6,409,17843,1,0.0
98,0.0,0.0,1.3049999,1.0,1.0,8,161.6277586009655,273.8507411146721,pobre,0,6,500.0,651.0,1.0,35.0,7,409,17843,1,0.0
97,0.0,1.0,1.141,1.0,5.0,5,156.4335345993247,292.5496229955893,pobre,0,6,500.0,656.0,1.0,41.0,11,410,17844,5,1.0
98,0.0,1.0,1.141,1.0,5.0,5,156.4335345993247,292.5496229955893,pobre,0,6,500.0,656.0,1.0,41.0,12,410,17844,5,1.0
97,0.0,1.0,1.3049999,1.0,3.0,7,161.6277586009655,273.8507411146721,pobre,0,5,500.0,974.5,1.0,41.0,9,409,17845,3,1.0
98,0.0,1.0,1.3049999,1.0,4.0,7,161.6277586009655,273.8507411146721,pobre,0,5,500.0,974.5,1.0,41.0,10,409,17845,3,1.0
97,1.0,1.0,1.3049999,1.0,1.0,7,161.6277586009655,273.8507411146721,pobre,0,5,500.0,974.5,1.0,41.0,7,409,17846,1,1.0
98,1.0,1.0,1.3049999,1.0,1.0,7,161.6277586009655,273.8507411146721,pobre,0,5,500.0,974.5,1.0,41.0,8,409,17846,1,1.0
97,0.0,1.0,1.3049999,1.0,7.0,7,161.6277586009655,273.8507411146721,pobre,0,2,216.66667,626.0,1.0,46.0,16,409,17847,7,1.0
98,0.0,1.0,1.3049999,,,7,161.6277586009655,273.8507411146721,pobre,0,2,216.66667,626.0,1.0,46.0,17,409,17847,7,1.0
97,0.0,1.0,1.3049999,1.0,7.0,7,161.6277586009655,273.8507411146721,pobre,0,2,216.66667,626.0,1.0,46.0,13,409,17848,7,1.0
98,0.0,1.0,1.3049999,1.0,8.0,7,161.6277586009655,273.8507411146721,pobre,0,2,216.66667,626.0,1.0,46.0,14,409,17848,7,1.0
97,0.0,1.0,1.3049999,1.0,4.0,7,161.6277586009655,273.8507411146721,pobre,0,2,216.66667,626.0,1.0,46.0,10,409,17849,4,1.0
98,0.0,1.0,1.3049999,1.0,4.0,7,161.6277586009655,273.8507411146721,pobre,0,2,216.66667,626.0,1.0,46.0,11,409,17849,4,1.0
97,0.0,1.0,1.3049999,1.0,1.0,7,161.6277586009655,273.8507411146721,pobre,0,2,216.66667,626.0,1.0,46.0,7,409,17850,1,1.0
98,0.0,1.0,1.3049999,1.0,1.0,7,161.6277586009655,273.8507411146721,pobre,0,2,216.66667,626.0,1.0,46.0,8,409,17850,1,1.0
97,0.0,1.0,1.3049999,1.0,9.0,7,161.6277586009655,273.8507411146721,pobre,0,3,625.0,804.5,1.0,38.0,16,409,17851,9,1.0
98,0.0,1.0,1.3049999,,,7,161.6277586009655,273.8507411146721,pobre,0,3,625.0,804.5,1.0,38.0,17,409,17851,9,1.0
97,1.0,1.0,1.3049999,1.0,6.0,7,161.6277586009655,273.8507411146721,pobre,0,3,625.0,804.5,1.0,38.0,12,409,17852,6,1.0
98,1.0,1.0,1.3049999,1.0,7.0,7,161.6277586009655,273.8507411146721,pobre,0,3,625.0,804.5,1.0,38.0,13,409,17852,6,1.0
97,1.0,1.0,1.3049999,1.0,3.0,7,161.6277586009655,273.8507411146721,pobre,0,3,625.0,804.5,1.0,38.0,10,409,17853,3,1.0
98,1.0,1.0,1.3049999,1.0,4.0,7,161.6277586009655,273.8507411146721,pobre,0,3,625.0,804.5,1.0,38.0,11,409,17853,3,1.0
97,1.0,1.0,1.141,1.0,3.0,6,156.4335345993247,292.5496229955893,pobre,0,6,500.0,593.0,1.0,32.0,9,410,17854,3,1.0
98,1.0,1.0,1.141,1.0,4.0,6,156.4335345993247,292.5496229955893,pobre,0,6,500.0,593.0,1.0,32.0,10,410,17854,3,1.0
97,1.0,1.0,1.141,0.0,9.0,4,156.4335345993247,292.5496229955893,pobre,0,3,500.0,719.0,1.0,52.0,16,410,17855,9,0.0
98,1.0,1.0,1.141,1.0,9.0,4,156.4335345993247,292.5496229955893,pobre,0,3,500.0,719.0,1.0,52.0,17,410,17855,9,0.0
97,0.0,1.0,1.141,1.0,5.0,4,156.4335345993247,292.5496229955893,pobre,0,3,500.0,719.0,1.0,52.0,12,410,17856,5,1.0
98,0.0,1.0,1.141,1.0,5.0,4,156.4335345993247,292.5496229955893,pobre,0,3,500.0,719.0,1.0,52.0,13,410,17856,5,1.0
97,0.0,1.0,1.3049999,1.0,0.0,5,161.6277586009655,273.8507411146721,pobre,0,6,625.0,725.5,1.0,28.0,6,409,17857,0,1.0
98,0.0,1.0,1.3049999,1.0,1.0,5,161.6277586009655,273.8507411146721,pobre,0,6,625.0,725.5,1.0,28.0,7,409,17857,0,1.0
97,1.0,0.0,1.3049999,1.0,7.0,6,161.6277586009655,273.8507411146721,pobre,0,13,3200.0,820.0,1.0,37.0,13,409,17858,7,1.0
98,1.0,0.0,1.3049999,1.0,8.0,6,161.6277586009655,273.8507411146721,pobre,0,13,3200.0,820.0,1.0,37.0,14,409,17858,7,1.0
97,1.0,0.0,1.3049999,1.0,4.0,6,161.6277586009655,273.8507411146721,pobre,0,13,3200.0,820.0,1.0,37.0,14,409,17859,4,1.0
98,1.0,0.0,1.3049999,1.0,5.0,6,161.6277586009655,273.8507411146721,pobre,0,13,3200.0,820.0,1.0,37.0,15,409,17859,4,1.0
97,0.0,0.0,1.3049999,1.0,4.0,6,161.6277586009655,273.8507411146721,pobre,0,13,3200.0,820.0,1.0,37.0,11,409,17860,4,1.0
98,0.0,0.0,1.3049999,1.0,5.0,6,161.6277586009655,273.8507411146721,pobre,0,13,3200.0,820.0,1.0,37.0,12,409,17860,4,1.0
97,1.0,0.0,1.3049999,1.0,3.0,6,161.6277586009655,273.8507411146721,pobre,0,13,3200.0,820.0,1.0,37.0,9,409,17861,3,1.0
98,1.0,0.0,1.3049999,1.0,3.0,6,161.6277586009655,273.8507411146721,pobre,0,13,3200.0,820.0,1.0,37.0,10,409,17861,3,1.0
97,1.0,1.0,1.3049999,1.0,6.0,7,161.6277586009655,273.8507411146721,pobre,0,9,500.0,601.0,1.0,40.0,12,409,17862,6,1.0
98,1.0,1.0,1.3049999,1.0,7.0,7,161.6277586009655,273.8507411146721,pobre,0,9,500.0,601.0,1.0,40.0,13,409,17862,6,1.0
97,1.0,0.0,1.3049999,1.0,4.0,7,161.6277586009655,273.8507411146721,pobre,0,9,500.0,601.0,1.0,40.0,10,409,17863,4,1.0
98,1.0,0.0,1.3049999,1.0,4.0,7,161.6277586009655,273.8507411146721,pobre,0,9,500.0,601.0,1.0,40.0,11,409,17863,4,1.0
97,1.0,0.0,1.3049999,1.0,0.0,7,161.6277586009655,273.8507411146721,pobre,0,9,500.0,601.0,1.0,40.0,6,409,17864,0,1.0
98,1.0,0.0,1.3049999,1.0,1.0,7,161.6277586009655,273.8507411146721,pobre,0,9,500.0,601.0,1.0,40.0,7,409,17864,0,1.0
97,0.0,1.0,1.3049999,1.0,6.0,6,161.6277586009655,273.8507411146721,pobre,0,0,500.0,772.0,1.0,52.0,12,409,17865,6,1.0
98,0.0,1.0,1.3049999,,,6,161.6277586009655,273.8507411146721,pobre,0,0,500.0,772.0,1.0,52.0,13,409,17865,6,1.0
97,0.0,1.0,1.141,1.0,6.0,3,156.4335345993247,292.5496229955893,pobre,0,0,500.0,748.0,1.0,52.0,12,410,17866,6,1.0
98,0.0,1.0,1.141,0.0,6.0,3,156.4335345993247,292.5496229955893,pobre,0,0,500.0,748.0,1.0,52.0,13,410,17866,6,1.0
97,0.0,1.0,1.141,1.0,5.0,11,156.4335345993247,292.5496229955893,pobre,0,3,500.0,465.0,1.0,47.0,13,410,17867,5,1.0
98,0.0,1.0,1.141,0.0,6.0,11,156.4335345993247,292.5496229955893,pobre,0,3,500.0,465.0,1.0,47.0,14,410,17867,5,1.0
97,0.0,1.0,1.141,1.0,4.0,11,156.4335345993247,292.5496229955893,pobre,0,3,500.0,465.0,1.0,47.0,10,410,17868,4,1.0
98,0.0,1.0,1.141,1.0,5.0,11,156.4335345993247,292.5496229955893,pobre,0,3,500.0,465.0,1.0,47.0,11,410,17868,4,1.0
97,1.0,1.0,1.141,1.0,1.0,11,156.4335345993247,292.5496229955893,pobre,0,3,500.0,465.0,1.0,47.0,8,410,17869,1,1.0
98,1.0,1.0,1.141,1.0,2.0,11,156.4335345993247,292.5496229955893,pobre,0,3,500.0,465.0,1.0,47.0,9,410,17869,1,1.0
97,0.0,1.0,1.141,1.0,1.0,11,156.4335345993247,292.5496229955893,pobre,0,3,500.0,465.0,1.0,47.0,6,410,17870,1,1.0
98,0.0,1.0,1.141,1.0,1.0,11,156.4335345993247,292.5496229955893,pobre,0,3,500.0,465.0,1.0,47.0,7,410,17870,1,1.0
97,1.0,0.0,1.3049999,1.0,7.0,6,161.6277586009655,273.8507411146721,pobre,0,3,625.0,963.0,1.0,54.0,12,409,17871,7,1.0
98,1.0,0.0,1.3049999,1.0,8.0,6,161.6277586009655,273.8507411146721,pobre,0,3,625.0,963.0,1.0,54.0,13,409,17871,7,1.0
97,1.0,0.0,1.3049999,1.0,10.0,9,161.6277586009655,273.8507411146721,pobre,0,9,500.0,695.5,1.0,51.0,16,409,17872,10,1.0
98,1.0,0.0,1.3049999,,,9,161.6277586009655,273.8507411146721,pobre,0,9,500.0,695.5,1.0,51.0,17,409,17872,10,1.0
97,0.0,0.0,1.3049999,1.0,8.0,9,161.6277586009655,273.8507411146721,pobre,0,9,500.0,695.5,1.0,51.0,14,409,17873,8,1.0
98,0.0,0.0,1.3049999,0.0,9.0,9,161.6277586009655,273.8507411146721,pobre,0,9,500.0,695.5,1.0,51.0,15,409,17873,8,1.0
97,1.0,0.0,1.3049999,1.0,4.0,9,161.6277586009655,273.8507411146721,pobre,0,9,500.0,695.5,1.0,51.0,11,409,17874,4,1.0
98,1.0,0.0,1.3049999,1.0,5.0,9,161.6277586009655,273.8507411146721,pobre,0,9,500.0,695.5,1.0,51.0,12,409,17874,4,1.0
97,1.0,0.0,1.3049999,1.0,1.0,9,161.6277586009655,273.8507411146721,pobre,0,9,500.0,695.5,1.0,51.0,8,409,17875,1,1.0
98,1.0,0.0,1.3049999,1.0,2.0,9,161.6277586009655,273.8507411146721,pobre,0,9,500.0,695.5,1.0,51.0,9,409,17875,1,1.0
97,1.0,0.0,1.3049999,1.0,2.0,4,161.6277586009655,273.8507411146721,pobre,0,3,500.0,933.0,1.0,52.0,7,409,17876,2,1.0
98,1.0,0.0,1.3049999,1.0,2.0,4,161.6277586009655,273.8507411146721,pobre,0,3,500.0,933.0,1.0,52.0,8,409,17876,2,1.0
97,1.0,1.0,1.141,1.0,8.0,11,156.4335345993247,292.5496229955893,pobre,0,2,500.0,652.5,1.0,50.0,15,410,17877,8,1.0
98,1.0,1.0,1.141,,,11,156.4335345993247,292.5496229955893,pobre,0,2,500.0,652.5,1.0,50.0,16,410,17877,8,1.0
97,1.0,1.0,1.141,1.0,4.0,11,156.4335345993247,292.5496229955893,pobre,0,2,500.0,652.5,1.0,50.0,12,410,17878,4,1.0
98,1.0,1.0,1.141,1.0,5.0,11,156.4335345993247,292.5496229955893,pobre,0,2,500.0,652.5,1.0,50.0,13,410,17878,4,1.0
97,1.0,1.0,1.141,1.0,2.0,11,156.4335345993247,292.5496229955893,pobre,0,2,500.0,652.5,1.0,50.0,9,410,17879,2,1.0
98,1.0,1.0,1.141,1.0,3.0,11,156.4335345993247,292.5496229955893,pobre,0,2,500.0,652.5,1.0,50.0,10,410,17879,2,1.0
97,0.0,0.0,1.3049999,1.0,6.0,5,161.6277586009655,273.8507411146721,pobre,0,0,0.0,629.33099,0.0,77.0,15,409,17880,6,1.0
98,0.0,0.0,1.3049999,0.0,6.0,5,161.6277586009655,273.8507411146721,pobre,0,0,0.0,629.33099,0.0,77.0,16,409,17880,6,1.0
97,0.0,0.0,1.3049999,1.0,5.0,5,161.6277586009655,273.8507411146721,pobre,0,0,0.0,629.33099,0.0,77.0,13,409,17881,5,1.0
98,0.0,0.0,1.3049999,0.0,6.0,5,161.6277586009655,273.8507411146721,pobre,0,0,0.0,629.33099,0.0,77.0,14,409,17881,5,1.0
97,1.0,0.0,1.3049999,,0.0,5,161.6277586009655,273.8507411146721,pobre,0,0,0.0,629.33099,0.0,77.0,6,409,17882,0,
98,1.0,0.0,1.3049999,1.0,1.0,5,161.6277586009655,273.8507411146721,pobre,0,0,0.0,629.33099,0.0,77.0,7,409,17882,0,
97,1.0,1.0,1.3710001,1.0,5.0,4,164.3681010719044,269.0810428787099,pobre,0,5,625.0,587.0,1.0,40.0,11,461,17883,5,1.0
98,1.0,1.0,1.3710001,1.0,6.0,4,164.3681010719044,269.0810428787099,pobre,0,5,625.0,587.0,1.0,40.0,12,461,17883,5,1.0
97,0.0,1.0,1.3710001,1.0,1.0,4,164.3681010719044,269.0810428787099,pobre,0,5,625.0,587.0,1.0,40.0,7,461,17884,1,1.0
98,0.0,1.0,1.3710001,1.0,2.0,4,164.3681010719044,269.0810428787099,pobre,0,5,625.0,587.0,1.0,40.0,8,461,17884,1,1.0
97,1.0,1.0,1.141,1.0,8.0,6,156.4335345993247,292.5496229955893,pobre,0,0,625.0,707.0,1.0,55.0,15,410,17885,8,1.0
98,1.0,1.0,1.141,1.0,8.0,6,156.4335345993247,292.5496229955893,pobre,0,0,625.0,707.0,1.0,55.0,16,410,17885,8,1.0
97,1.0,1.0,1.141,1.0,5.0,6,156.4335345993247,292.5496229955893,pobre,0,0,625.0,707.0,1.0,55.0,13,410,17886,5,1.0
98,1.0,1.0,1.141,1.0,6.0,6,156.4335345993247,292.5496229955893,pobre,0,0,625.0,707.0,1.0,55.0,14,410,17886,5,1.0
97,1.0,1.0,1.141,1.0,9.0,4,156.4335345993247,292.5496229955893,pobre,0,3,625.0,778.0,1.0,56.0,16,410,17887,9,1.0
98,1.0,1.0,1.141,,,4,156.4335345993247,292.5496229955893,pobre,0,3,625.0,778.0,1.0,56.0,17,410,17887,9,1.0
97,0.0,1.0,1.141,1.0,3.0,5,156.4335345993247,292.5496229955893,pobre,0,3,625.0,659.0,1.0,48.0,9,410,17888,3,1.0
98,0.0,1.0,1.141,,,5,156.4335345993247,292.5496229955893,pobre,0,3,625.0,659.0,1.0,48.0,10,410,17888,3,1.0
97,1.0,1.0,1.141,1.0,8.0,7,156.4335345993247,292.5496229955893,pobre,0,0,625.0,756.0,1.0,50.0,14,410,17889,8,1.0
98,1.0,1.0,1.141,0.0,8.0,7,156.4335345993247,292.5496229955893,pobre,0,0,625.0,756.0,1.0,50.0,15,410,17889,8,1.0
97,1.0,1.0,1.141,1.0,5.0,7,156.4335345993247,292.5496229955893,pobre,0,0,625.0,756.0,1.0,50.0,11,410,17890,5,1.0
98,1.0,1.0,1.141,1.0,5.0,7,156.4335345993247,292.5496229955893,pobre,0,0,625.0,756.0,1.0,50.0,12,410,17890,5,1.0
97,1.0,1.0,1.141,1.0,1.0,7,156.4335345993247,292.5496229955893,pobre,0,0,625.0,756.0,1.0,50.0,6,410,17891,1,1.0
98,1.0,1.0,1.141,1.0,1.0,7,156.4335345993247,292.5496229955893,pobre,0,0,625.0,756.0,1.0,50.0,7,410,17891,1,1.0
97,1.0,1.0,1.141,1.0,5.0,6,156.4335345993247,292.5496229955893,pobre,0,0,625.0,769.0,1.0,54.0,11,410,17892,5,1.0
98,1.0,1.0,1.141,1.0,6.0,6,156.4335345993247,292.5496229955893,pobre,0,0,625.0,769.0,1.0,54.0,12,410,17892,5,1.0
97,0.0,1.0,1.141,1.0,5.0,5,156.4335345993247,292.5496229955893,pobre,0,2,625.0,657.0,1.0,63.0,12,410,17893,5,1.0
98,0.0,1.0,1.141,1.0,6.0,5,156.4335345993247,292.5496229955893,pobre,0,2,625.0,657.0,1.0,63.0,13,410,17893,5,1.0
97,1.0,1.0,1.141,1.0,3.0,5,156.4335345993247,292.5496229955893,pobre,0,2,625.0,657.0,1.0,63.0,10,410,17894,3,1.0
98,1.0,1.0,1.141,1.0,3.0,5,156.4335345993247,292.5496229955893,pobre,0,2,625.0,657.0,1.0,63.0,11,410,17894,3,1.0
97,1.0,1.0,1.141,1.0,1.0,5,156.4335345993247,292.5496229955893,pobre,0,2,625.0,657.0,1.0,63.0,8,410,17895,1,1.0
98,1.0,1.0,1.141,1.0,2.0,5,156.4335345993247,292.5496229955893,pobre,0,2,625.0,657.0,1.0,63.0,9,410,17895,1,1.0
97,0.0,1.0,1.141,1.0,5.0,9,156.4335345993247,292.5496229955893,pobre,0,2,625.0,825.0,1.0,48.0,11,410,17896,5,1.0
98,0.0,1.0,1.141,1.0,6.0,9,156.4335345993247,292.5496229955893,pobre,0,2,625.0,825.0,1.0,48.0,12,410,17896,5,1.0
97,0.0,1.0,1.141,1.0,9.0,7,156.4335345993247,292.5496229955893,pobre,0,6,500.0,654.0,1.0,38.0,15,410,17897,9,1.0
98,0.0,1.0,1.141,,,7,156.4335345993247,292.5496229955893,pobre,0,6,500.0,654.0,1.0,38.0,16,410,17897,9,1.0
97,1.0,1.0,1.141,1.0,4.0,7,156.4335345993247,292.5496229955893,pobre,0,6,500.0,654.0,1.0,38.0,11,410,17898,4,1.0
98,1.0,1.0,1.141,,,7,156.4335345993247,292.5496229955893,pobre,0,6,500.0,654.0,1.0,38.0,12,410,17898,4,1.0
97,1.0,1.0,1.141,1.0,3.0,5,156.4335345993247,292.5496229955893,pobre,0,3,500.0,530.0,1.0,30.0,10,410,17899,3,1.0
98,1.0,1.0,1.141,1.0,4.0,5,156.4335345993247,292.5496229955893,pobre,0,3,500.0,530.0,1.0,30.0,11,410,17899,3,1.0
97,1.0,1.0,1.141,1.0,0.0,8,156.4335345993247,292.5496229955893,pobre,0,0,500.0,688.0,1.0,65.0,6,410,17900,0,1.0
98,1.0,1.0,1.141,1.0,0.0,8,156.4335345993247,292.5496229955893,pobre,0,0,500.0,688.0,1.0,65.0,7,410,17900,0,1.0
97,1.0,1.0,1.141,1.0,3.0,4,156.4335345993247,292.5496229955893,pobre,0,9,500.0,840.0,1.0,32.0,9,410,17901,3,1.0
98,1.0,1.0,1.141,1.0,4.0,4,156.4335345993247,292.5496229955893,pobre,0,9,500.0,840.0,1.0,32.0,10,410,17901,3,1.0
97,1.0,1.0,1.141,1.0,3.0,4,156.4335345993247,292.5496229955893,pobre,0,3,500.0,692.0,1.0,55.0,11,410,17902,3,1.0
98,1.0,1.0,1.141,1.0,4.0,4,156.4335345993247,292.5496229955893,pobre,0,3,500.0,692.0,1.0,55.0,12,410,17902,3,1.0
97,1.0,1.0,1.141,1.0,4.0,6,156.4335345993247,292.5496229955893,pobre,0,6,0.0,645.0,1.0,36.0,10,410,17903,4,1.0
98,1.0,1.0,1.141,1.0,5.0,6,156.4335345993247,292.5496229955893,pobre,0,6,0.0,645.0,1.0,36.0,11,410,17903,4,1.0
97,0.0,1.0,1.141,1.0,2.0,6,156.4335345993247,292.5496229955893,pobre,0,6,0.0,645.0,1.0,36.0,8,410,17904,2,1.0
98,0.0,1.0,1.141,1.0,3.0,6,156.4335345993247,292.5496229955893,pobre,0,6,0.0,645.0,1.0,36.0,9,410,17904,2,1.0
97,1.0,1.0,1.141,1.0,8.0,5,156.4335345993247,292.5496229955893,pobre,0,3,500.0,762.0,1.0,52.0,15,410,17905,8,1.0
98,1.0,1.0,1.141,,,5,156.4335345993247,292.5496229955893,pobre,0,3,500.0,762.0,1.0,52.0,16,410,17905,8,1.0
97,1.0,1.0,1.141,1.0,2.0,5,156.4335345993247,292.5496229955893,pobre,0,3,500.0,762.0,1.0,52.0,8,410,17906,2,1.0
98,1.0,1.0,1.141,1.0,3.0,5,156.4335345993247,292.5496229955893,pobre,0,3,500.0,762.0,1.0,52.0,9,410,17906,2,1.0
97,0.0,1.0,1.141,1.0,4.0,9,156.4335345993247,292.5496229955893,pobre,0,3,625.0,556.5,1.0,36.0,10,410,17907,4,1.0
98,0.0,1.0,1.141,1.0,5.0,9,156.4335345993247,292.5496229955893,pobre,0,3,625.0,556.5,1.0,36.0,11,410,17907,4,1.0
97,1.0,1.0,1.141,1.0,2.0,9,156.4335345993247,292.5496229955893,pobre,0,3,625.0,556.5,1.0,36.0,8,410,17908,2,1.0
98,1.0,1.0,1.141,1.0,3.0,9,156.4335345993247,292.5496229955893,pobre,0,3,625.0,556.5,1.0,36.0,9,410,17908,2,1.0
97,0.0,1.0,1.141,1.0,1.0,9,156.4335345993247,292.5496229955893,pobre,0,3,625.0,556.5,1.0,36.0,6,410,17909,1,1.0
98,0.0,1.0,1.141,1.0,1.0,9,156.4335345993247,292.5496229955893,pobre,0,3,625.0,556.5,1.0,36.0,7,410,17909,1,1.0
97,1.0,1.0,1.141,1.0,6.0,6,156.4335345993247,292.5496229955893,pobre,0,0,625.0,664.33099,1.0,43.0,16,410,17910,6,1.0
98,1.0,1.0,1.141,,,6,156.4335345993247,292.5496229955893,pobre,0,0,625.0,664.33099,1.0,43.0,17,410,17910,6,1.0
97,1.0,1.0,1.141,1.0,6.0,6,156.4335345993247,292.5496229955893,pobre,0,0,625.0,664.33099,1.0,43.0,12,410,17911,6,1.0
98,1.0,1.0,1.141,1.0,7.0,6,156.4335345993247,292.5496229955893,pobre,0,0,625.0,664.33099,1.0,43.0,13,410,17911,6,1.0
97,0.0,1.0,1.141,1.0,2.0,6,156.4335345993247,292.5496229955893,pobre,0,0,625.0,664.33099,1.0,43.0,8,410,17912,2,1.0
98,0.0,1.0,1.141,1.0,3.0,6,156.4335345993247,292.5496229955893,pobre,0,0,625.0,664.33099,1.0,43.0,9,410,17912,2,1.0
97,0.0,1.0,3.3699999,0.0,6.0,4,156.646856539166,269.5102618106659,pobre,0,3,500.0,781.0,1.0,52.0,15,459,17913,6,0.0
98,0.0,1.0,3.3699999,,,4,156.646856539166,269.5102618106659,pobre,0,3,500.0,781.0,1.0,52.0,16,459,17913,6,0.0
97,1.0,0.0,2.793,1.0,3.0,7,13.40444159556136,13.40444159556136,no pobre,0,0,625.0,740.0,1.0,58.0,12,166,17914,3,1.0
98,1.0,0.0,2.793,1.0,4.0,7,13.40444159556136,13.40444159556136,no pobre,0,0,625.0,740.0,1.0,58.0,13,166,17914,3,1.0
97,1.0,0.0,2.793,1.0,3.0,7,13.40444159556136,13.40444159556136,no pobre,0,0,625.0,740.0,1.0,58.0,11,166,17915,3,1.0
98,1.0,0.0,2.793,1.0,4.0,7,13.40444159556136,13.40444159556136,no pobre,0,0,625.0,740.0,1.0,58.0,12,166,17915,3,1.0
97,1.0,0.0,2.793,,0.0,6,13.40444159556136,13.40444159556136,pobre,0,6,300.0,642.0,1.0,36.0,10,166,17916,0,
98,1.0,0.0,2.793,1.0,4.0,6,13.40444159556136,13.40444159556136,pobre,0,6,300.0,642.0,1.0,36.0,11,166,17916,0,
97,0.0,0.0,2.793,,0.0,6,13.40444159556136,13.40444159556136,pobre,0,6,300.0,642.0,1.0,36.0,7,166,17917,0,
98,0.0,0.0,2.793,1.0,3.0,6,13.40444159556136,13.40444159556136,pobre,0,6,300.0,642.0,1.0,36.0,8,166,17917,0,
97,0.0,0.0,2.793,1.0,9.0,8,13.40444159556136,13.40444159556136,pobre,0,3,1500.0,660.0,1.0,42.0,15,166,17918,9,1.0
98,0.0,0.0,2.793,1.0,9.0,8,13.40444159556136,13.40444159556136,pobre,0,3,1500.0,660.0,1.0,42.0,16,166,17918,9,1.0
97,0.0,0.0,2.793,1.0,6.0,8,13.40444159556136,13.40444159556136,pobre,0,3,1500.0,660.0,1.0,42.0,11,166,17919,6,1.0
98,0.0,0.0,2.793,1.0,6.0,8,13.40444159556136,13.40444159556136,pobre,0,3,1500.0,660.0,1.0,42.0,12,166,17919,6,1.0
97,1.0,0.0,2.793,1.0,3.0,8,13.40444159556136,13.40444159556136,pobre,0,3,1500.0,660.0,1.0,42.0,8,166,17920,3,1.0
98,1.0,0.0,2.793,1.0,3.0,8,13.40444159556136,13.40444159556136,pobre,0,3,1500.0,660.0,1.0,42.0,9,166,17920,3,1.0
97,0.0,0.0,2.793,1.0,1.0,8,13.40444159556136,13.40444159556136,pobre,0,3,1500.0,660.0,1.0,42.0,6,166,17921,1,1.0
98,0.0,0.0,2.793,1.0,1.0,8,13.40444159556136,13.40444159556136,pobre,0,3,1500.0,660.0,1.0,42.0,7,166,17921,1,1.0
97,1.0,0.0,2.793,,0.0,4,13.40444159556136,13.40444159556136,pobre,0,2,1400.0,678.0,1.0,50.0,10,166,17922,0,
98,1.0,0.0,2.793,,,4,13.40444159556136,13.40444159556136,pobre,0,2,1400.0,678.0,1.0,50.0,11,166,17922,0,
97,0.0,0.0,3.632,1.0,2.0,5,20.07262769174459,20.07262769174459,pobre,basal,3,875.0,690.0,1.0,46.0,8,135,17923,2,1.0
98,0.0,0.0,3.632,,,5,20.07262769174459,20.07262769174459,pobre,basal,3,875.0,690.0,1.0,46.0,9,135,17923,2,1.0
97,1.0,0.0,0.0,0.0,9.0,9,13.31589070824295,13.31589070824295,pobre,basal,0,1400.0,682.0,1.0,46.0,15,158,17924,9,0.0
98,1.0,0.0,0.0,1.0,9.0,9,13.31589070824295,13.31589070824295,pobre,basal,0,1400.0,682.0,1.0,46.0,16,158,17924,9,0.0
97,0.0,0.0,0.0,1.0,7.0,9,13.31589070824295,13.31589070824295,pobre,basal,0,1400.0,682.0,1.0,46.0,13,158,17925,7,1.0
98,0.0,0.0,0.0,1.0,8.0,9,13.31589070824295,13.31589070824295,pobre,basal,0,1400.0,682.0,1.0,46.0,14,158,17925,7,1.0
97,1.0,0.0,0.0,1.0,6.0,9,13.31589070824295,13.31589070824295,pobre,basal,0,1400.0,682.0,1.0,46.0,12,158,17926,6,1.0
98,1.0,0.0,0.0,1.0,7.0,9,13.31589070824295,13.31589070824295,pobre,basal,0,1400.0,682.0,1.0,46.0,13,158,17926,6,1.0
97,0.0,0.0,0.0,1.0,4.0,9,13.31589070824295,13.31589070824295,pobre,basal,0,1400.0,682.0,1.0,46.0,11,158,17927,4,1.0
98,0.0,0.0,0.0,1.0,5.0,9,13.31589070824295,13.31589070824295,pobre,basal,0,1400.0,682.0,1.0,46.0,12,158,17927,4,1.0
97,1.0,0.0,0.0,1.0,1.0,9,13.31589070824295,13.31589070824295,pobre,basal,0,1400.0,682.0,1.0,46.0,8,158,17928,1,1.0
98,1.0,0.0,0.0,1.0,2.0,9,13.31589070824295,13.31589070824295,pobre,basal,0,1400.0,682.0,1.0,46.0,9,158,17928,1,1.0
97,1.0,0.0,0.0,1.0,6.0,3,13.31589070824295,13.31589070824295,no pobre,basal,2,3000.0,778.0,1.0,50.0,13,158,17929,6,1.0
98,1.0,0.0,0.0,1.0,7.0,3,13.31589070824295,13.31589070824295,no pobre,basal,2,3000.0,778.0,1.0,50.0,14,158,17929,6,1.0
97,1.0,0.0,0.0,1.0,0.0,4,13.31589070824295,13.31589070824295,pobre,basal,0,0.0,549.0,1.0,34.0,6,158,17930,0,1.0
98,1.0,0.0,0.0,,,4,13.31589070824295,13.31589070824295,pobre,basal,0,0.0,549.0,1.0,34.0,7,158,17930,0,1.0
97,0.0,0.0,3.777,0.0,6.0,9,70.71948653667833,70.71948653667833,pobre,basal,2,0.0,319.0,1.0,37.0,16,177,17931,6,0.0
98,0.0,0.0,3.777,,,9,70.71948653667833,70.71948653667833,pobre,basal,2,0.0,319.0,1.0,37.0,17,177,17931,6,0.0
97,1.0,0.0,3.777,0.0,4.0,9,70.71948653667833,70.71948653667833,pobre,basal,2,0.0,319.0,1.0,37.0,15,177,17932,4,0.0
98,1.0,0.0,3.777,0.0,4.0,9,70.71948653667833,70.71948653667833,pobre,basal,2,0.0,319.0,1.0,37.0,16,177,17932,4,0.0
97,1.0,0.0,3.777,1.0,5.0,9,70.71948653667833,70.71948653667833,pobre,basal,2,0.0,319.0,1.0,37.0,13,177,17933,5,1.0
98,1.0,0.0,3.777,0.0,6.0,9,70.71948653667833,70.71948653667833,pobre,basal,2,0.0,319.0,1.0,37.0,14,177,17933,5,1.0
97,1.0,0.0,3.777,1.0,3.0,9,70.71948653667833,70.71948653667833,pobre,basal,2,0.0,319.0,1.0,37.0,10,177,17934,3,1.0
98,1.0,0.0,3.777,1.0,4.0,9,70.71948653667833,70.71948653667833,pobre,basal,2,0.0,319.0,1.0,37.0,11,177,17934,3,1.0
97,0.0,0.0,3.777,1.0,1.0,9,70.71948653667833,70.71948653667833,pobre,basal,2,0.0,319.0,1.0,37.0,7,177,17935,1,1.0
98,0.0,0.0,3.777,1.0,2.0,9,70.71948653667833,70.71948653667833,pobre,basal,2,0.0,319.0,1.0,37.0,8,177,17935,1,1.0
97,1.0,0.0,3.632,1.0,5.0,7,20.07262769174459,20.07262769174459,pobre,basal,2,1250.5,545.0,1.0,38.0,13,135,17936,5,1.0
98,1.0,0.0,3.632,0.0,6.0,7,20.07262769174459,20.07262769174459,pobre,basal,2,1250.5,545.0,1.0,38.0,14,135,17936,5,1.0
97,1.0,0.0,3.632,1.0,2.0,7,20.07262769174459,20.07262769174459,pobre,basal,2,1250.5,545.0,1.0,38.0,10,135,17937,2,1.0
98,1.0,0.0,3.632,,,7,20.07262769174459,20.07262769174459,pobre,basal,2,1250.5,545.0,1.0,38.0,11,135,17937,2,1.0
97,0.0,0.0,3.632,1.0,0.0,7,20.07262769174459,20.07262769174459,pobre,basal,2,1250.5,545.0,1.0,38.0,6,135,17938,0,1.0
98,0.0,0.0,3.632,1.0,1.0,7,20.07262769174459,20.07262769174459,pobre,basal,2,1250.5,545.0,1.0,38.0,7,135,17938,0,1.0
97,0.0,0.0,3.632,0.0,6.0,6,20.07262769174459,20.07262769174459,pobre,basal,1,400.0,568.0,1.0,33.0,15,135,17939,6,0.0
98,0.0,0.0,3.632,0.0,6.0,6,20.07262769174459,20.07262769174459,pobre,basal,1,400.0,568.0,1.0,33.0,16,135,17939,6,0.0
97,0.0,0.0,3.632,1.0,5.0,6,20.07262769174459,20.07262769174459,pobre,basal,1,400.0,568.0,1.0,33.0,12,135,17940,5,1.0
98,0.0,0.0,3.632,0.0,6.0,6,20.07262769174459,20.07262769174459,pobre,basal,1,400.0,568.0,1.0,33.0,13,135,17940,5,1.0
97,1.0,0.0,3.632,1.0,3.0,6,20.07262769174459,20.07262769174459,pobre,basal,1,400.0,568.0,1.0,33.0,10,135,17941,3,1.0
98,1.0,0.0,3.632,1.0,4.0,6,20.07262769174459,20.07262769174459,pobre,basal,1,400.0,568.0,1.0,33.0,11,135,17941,3,1.0
97,1.0,0.0,3.632,1.0,1.0,6,20.07262769174459,20.07262769174459,pobre,basal,1,400.0,568.0,1.0,33.0,8,135,17942,1,1.0
98,1.0,0.0,3.632,1.0,2.0,6,20.07262769174459,20.07262769174459,pobre,basal,1,400.0,568.0,1.0,33.0,9,135,17942,1,1.0
97,0.0,0.0,0.0,0.0,9.0,5,13.31589070824295,13.31589070824295,pobre,basal,3,750.0,673.0,1.0,45.0,15,158,17943,9,0.0
98,0.0,0.0,0.0,0.0,9.0,5,13.31589070824295,13.31589070824295,pobre,basal,3,750.0,673.0,1.0,45.0,16,158,17943,9,0.0
97,0.0,0.0,0.0,1.0,7.0,5,13.31589070824295,13.31589070824295,pobre,basal,3,750.0,673.0,1.0,45.0,13,158,17944,7,1.0
98,0.0,0.0,0.0,1.0,8.0,5,13.31589070824295,13.31589070824295,pobre,basal,3,750.0,673.0,1.0,45.0,14,158,17944,7,1.0
97,1.0,0.0,0.0,1.0,5.0,5,13.31589070824295,13.31589070824295,pobre,basal,3,750.0,673.0,1.0,45.0,12,158,17945,5,1.0
98,1.0,0.0,0.0,1.0,6.0,5,13.31589070824295,13.31589070824295,pobre,basal,3,750.0,673.0,1.0,45.0,13,158,17945,5,1.0
97,0.0,0.0,0.0,1.0,3.0,5,13.31589070824295,13.31589070824295,pobre,basal,3,720.0,599.11798,1.0,33.0,9,158,17946,3,1.0
98,0.0,0.0,0.0,1.0,4.0,5,13.31589070824295,13.31589070824295,pobre,basal,3,720.0,599.11798,1.0,33.0,10,158,17946,3,1.0
97,0.0,0.0,0.0,1.0,0.0,5,13.31589070824295,13.31589070824295,pobre,basal,3,720.0,599.11798,1.0,33.0,6,158,17947,0,1.0
98,0.0,0.0,0.0,1.0,1.0,5,13.31589070824295,13.31589070824295,pobre,basal,3,720.0,599.11798,1.0,33.0,7,158,17947,0,1.0
97,0.0,0.0,2.063,0.0,6.0,4,104.7451295027394,132.7696398832534,pobre,basal,2,625.0,745.0,1.0,54.0,16,391,17948,6,0.0
98,0.0,0.0,2.063,1.0,6.0,4,104.7451295027394,132.7696398832534,pobre,basal,2,625.0,745.0,1.0,54.0,17,391,17948,6,0.0
97,1.0,0.0,2.063,0.0,6.0,4,104.7451295027394,132.7696398832534,pobre,basal,2,625.0,745.0,1.0,54.0,14,391,17949,6,0.0
98,1.0,0.0,2.063,0.0,6.0,4,104.7451295027394,132.7696398832534,pobre,basal,2,625.0,745.0,1.0,54.0,15,391,17949,6,0.0
97,1.0,0.0,2.063,1.0,2.0,5,104.7451295027394,132.7696398832534,pobre,basal,2,625.0,564.0,1.0,28.0,8,391,17950,2,1.0
98,1.0,0.0,2.063,1.0,3.0,5,104.7451295027394,132.7696398832534,pobre,basal,2,625.0,564.0,1.0,28.0,9,391,17950,2,1.0
97,1.0,0.0,2.063,1.0,0.0,5,104.7451295027394,132.7696398832534,pobre,basal,2,625.0,564.0,1.0,28.0,6,391,17951,0,1.0
98,1.0,0.0,2.063,1.0,1.0,5,104.7451295027394,132.7696398832534,pobre,basal,2,625.0,564.0,1.0,28.0,7,391,17951,0,1.0
97,1.0,0.0,2.063,1.0,8.0,13,104.7451295027394,132.7696398832534,pobre,basal,6,600.0,719.33331,1.0,52.0,14,391,17952,8,1.0
98,1.0,0.0,2.063,1.0,9.0,13,104.7451295027394,132.7696398832534,pobre,basal,6,600.0,719.33331,1.0,52.0,15,391,17952,8,1.0
97,1.0,0.0,2.063,1.0,6.0,13,104.7451295027394,132.7696398832534,pobre,basal,6,600.0,719.33331,1.0,52.0,12,391,17953,6,1.0
98,1.0,0.0,2.063,1.0,7.0,13,104.7451295027394,132.7696398832534,pobre,basal,6,600.0,719.33331,1.0,52.0,13,391,17953,6,1.0
97,0.0,0.0,2.063,1.0,4.0,13,104.7451295027394,132.7696398832534,pobre,basal,6,600.0,719.33331,1.0,52.0,10,391,17954,4,1.0
98,0.0,0.0,2.063,1.0,5.0,13,104.7451295027394,132.7696398832534,pobre,basal,6,600.0,719.33331,1.0,52.0,11,391,17954,4,1.0
97,1.0,,1.942,,0.0,5,100.6204917086475,346.2656799644468,pobre,basal,0,500.0,552.0,1.0,35.0,6,486,17955,0,
98,1.0,,1.942,1.0,0.0,5,100.6204917086475,346.2656799644468,pobre,basal,0,500.0,552.0,1.0,35.0,7,486,17955,0,
97,1.0,0.0,1.942,1.0,0.0,6,100.6204917086475,346.2656799644468,pobre,basal,1,500.0,644.0,1.0,50.0,16,486,17956,0,1.0
98,1.0,0.0,1.942,,,6,100.6204917086475,346.2656799644468,pobre,basal,1,500.0,644.0,1.0,50.0,17,486,17956,0,1.0
97,1.0,0.0,1.942,1.0,0.0,6,100.6204917086475,346.2656799644468,pobre,basal,1,500.0,644.0,1.0,50.0,12,486,17957,0,1.0
98,1.0,0.0,1.942,1.0,4.0,6,100.6204917086475,346.2656799644468,pobre,basal,1,500.0,644.0,1.0,50.0,13,486,17957,0,1.0
97,1.0,0.0,1.942,1.0,0.0,6,100.6204917086475,346.2656799644468,pobre,basal,1,500.0,644.0,1.0,50.0,6,486,17958,0,1.0
98,1.0,0.0,1.942,1.0,1.0,6,100.6204917086475,346.2656799644468,pobre,basal,1,500.0,644.0,1.0,50.0,7,486,17958,0,1.0
97,1.0,0.0,1.942,1.0,8.0,8,100.6204917086475,346.2656799644468,pobre,basal,1,750.0,735.0,1.0,48.0,16,486,17959,8,1.0
98,1.0,0.0,1.942,,,8,100.6204917086475,346.2656799644468,pobre,basal,1,750.0,735.0,1.0,48.0,17,486,17959,8,1.0
97,1.0,0.0,1.942,1.0,3.0,8,100.6204917086475,346.2656799644468,pobre,basal,1,750.0,735.0,1.0,48.0,11,486,17960,3,1.0
98,1.0,0.0,1.942,1.0,4.0,8,100.6204917086475,346.2656799644468,pobre,basal,1,750.0,735.0,1.0,48.0,12,486,17960,3,1.0
97,1.0,0.0,1.942,1.0,3.0,8,100.6204917086475,346.2656799644468,pobre,basal,1,750.0,735.0,1.0,48.0,9,486,17961,3,1.0
98,1.0,0.0,1.942,1.0,4.0,8,100.6204917086475,346.2656799644468,pobre,basal,1,750.0,735.0,1.0,48.0,10,486,17961,3,1.0
97,0.0,0.0,1.942,1.0,0.0,8,100.6204917086475,346.2656799644468,pobre,basal,1,750.0,735.0,1.0,48.0,7,486,17962,0,1.0
98,0.0,0.0,1.942,1.0,1.0,8,100.6204917086475,346.2656799644468,pobre,basal,1,750.0,735.0,1.0,48.0,8,486,17962,0,1.0
97,0.0,0.0,1.942,1.0,0.0,8,100.6204917086475,346.2656799644468,pobre,basal,1,750.0,735.0,1.0,48.0,6,486,17963,0,1.0
98,0.0,0.0,1.942,1.0,0.0,8,100.6204917086475,346.2656799644468,pobre,basal,1,750.0,735.0,1.0,48.0,7,486,17963,0,1.0
97,1.0,,1.942,,0.0,3,100.6204917086475,346.2656799644468,pobre,basal,0,500.0,709.33099,1.0,27.0,6,486,17964,0,
98,1.0,,1.942,1.0,1.0,3,100.6204917086475,346.2656799644468,pobre,basal,0,500.0,709.33099,1.0,27.0,7,486,17964,0,
97,1.0,0.0,1.942,1.0,5.0,7,100.6204917086475,346.2656799644468,pobre,basal,2,480.0,822.25,1.0,50.0,11,486,17965,5,1.0
98,1.0,0.0,1.942,1.0,6.0,7,100.6204917086475,346.2656799644468,pobre,basal,2,480.0,822.25,1.0,50.0,12,486,17965,5,1.0
97,0.0,0.0,1.942,0.0,6.0,7,100.6204917086475,346.2656799644468,pobre,basal,2,480.0,822.25,1.0,50.0,13,486,17966,6,0.0
98,0.0,0.0,1.942,0.0,6.0,7,100.6204917086475,346.2656799644468,pobre,basal,2,480.0,822.25,1.0,50.0,14,486,17966,6,0.0
97,1.0,0.0,0.0,1.0,1.0,5,88.81916583498526,346.1847535232495,pobre,0,0,500.0,659.5,1.0,50.0,10,485,17967,1,1.0
98,1.0,0.0,0.0,1.0,2.0,5,88.81916583498526,346.1847535232495,pobre,0,0,500.0,659.5,1.0,50.0,11,485,17967,1,1.0
97,1.0,0.0,0.0,1.0,7.0,11,88.81916583498526,346.1847535232495,pobre,0,2,375.0,744.0,1.0,49.0,15,485,17968,7,1.0
98,1.0,0.0,0.0,,,11,88.81916583498526,346.1847535232495,pobre,0,2,375.0,744.0,1.0,49.0,16,485,17968,7,1.0
97,1.0,0.0,0.0,1.0,5.0,11,88.81916583498526,346.1847535232495,pobre,0,2,375.0,744.0,1.0,49.0,13,485,17969,5,1.0
98,1.0,0.0,0.0,1.0,6.0,11,88.81916583498526,346.1847535232495,pobre,0,2,375.0,744.0,1.0,49.0,14,485,17969,5,1.0
97,0.0,0.0,0.0,1.0,5.0,11,88.81916583498526,346.1847535232495,pobre,0,2,375.0,744.0,1.0,49.0,10,485,17970,5,1.0
98,0.0,0.0,0.0,1.0,6.0,11,88.81916583498526,346.1847535232495,pobre,0,2,375.0,744.0,1.0,49.0,11,485,17970,5,1.0
97,1.0,0.0,0.0,1.0,2.0,11,88.81916583498526,346.1847535232495,pobre,0,2,375.0,744.0,1.0,49.0,8,485,17971,2,1.0
98,1.0,0.0,0.0,1.0,3.0,11,88.81916583498526,346.1847535232495,pobre,0,2,375.0,744.0,1.0,49.0,9,485,17971,2,1.0
97,0.0,0.0,0.0,1.0,1.0,11,88.81916583498526,346.1847535232495,pobre,0,2,375.0,744.0,1.0,49.0,6,485,17972,1,1.0
98,0.0,0.0,0.0,1.0,2.0,11,88.81916583498526,346.1847535232495,pobre,0,2,375.0,744.0,1.0,49.0,7,485,17972,1,1.0
97,1.0,0.0,2.063,,6.0,6,104.7451295027394,132.7696398832534,no pobre,basal,6,625.0,897.14099,1.0,39.0,14,391,17973,6,
98,1.0,0.0,2.063,1.0,7.0,6,104.7451295027394,132.7696398832534,no pobre,basal,6,625.0,897.14099,1.0,39.0,15,391,17973,6,
97,0.0,0.0,2.063,,6.0,6,104.7451295027394,132.7696398832534,no pobre,basal,6,625.0,897.14099,1.0,39.0,12,391,17974,6,
98,0.0,0.0,2.063,1.0,7.0,6,104.7451295027394,132.7696398832534,no pobre,basal,6,625.0,897.14099,1.0,39.0,13,391,17974,6,
97,1.0,0.0,2.063,,5.0,6,104.7451295027394,132.7696398832534,no pobre,basal,6,625.0,897.14099,1.0,39.0,11,391,17975,5,
98,1.0,0.0,2.063,1.0,6.0,6,104.7451295027394,132.7696398832534,no pobre,basal,6,625.0,897.14099,1.0,39.0,12,391,17975,5,
97,0.0,0.0,2.063,0.0,6.0,4,104.7451295027394,132.7696398832534,pobre,basal,2,1303.5714,805.0,1.0,40.0,16,391,17976,6,0.0
98,0.0,0.0,2.063,,,4,104.7451295027394,132.7696398832534,pobre,basal,2,1303.5714,805.0,1.0,40.0,17,391,17976,6,0.0
97,1.0,0.0,2.063,1.0,0.0,4,104.7451295027394,132.7696398832534,pobre,basal,2,1303.5714,805.0,1.0,40.0,6,391,17977,0,1.0
98,1.0,0.0,2.063,1.0,1.0,4,104.7451295027394,132.7696398832534,pobre,basal,2,1303.5714,805.0,1.0,40.0,7,391,17977,0,1.0
97,0.0,0.0,1.942,0.0,6.0,7,100.6204917086475,346.2656799644468,pobre,basal,0,500.0,613.5,1.0,57.0,16,486,17978,6,0.0
98,0.0,0.0,1.942,,,7,100.6204917086475,346.2656799644468,pobre,basal,0,500.0,613.5,1.0,57.0,17,486,17978,6,0.0
97,1.0,0.0,1.942,1.0,3.0,7,100.6204917086475,346.2656799644468,pobre,basal,0,500.0,613.5,1.0,57.0,12,486,17979,3,1.0
98,1.0,0.0,1.942,1.0,4.0,7,100.6204917086475,346.2656799644468,pobre,basal,0,500.0,613.5,1.0,57.0,13,486,17979,3,1.0
97,1.0,0.0,1.942,1.0,2.0,7,100.6204917086475,346.2656799644468,pobre,basal,0,500.0,613.5,1.0,57.0,9,486,17980,2,1.0
98,1.0,0.0,1.942,1.0,3.0,7,100.6204917086475,346.2656799644468,pobre,basal,0,500.0,613.5,1.0,57.0,10,486,17980,2,1.0
97,1.0,0.0,1.942,1.0,3.0,5,100.6204917086475,346.2656799644468,pobre,basal,3,600.0,656.0,1.0,28.0,9,486,17981,3,1.0
98,1.0,0.0,1.942,1.0,4.0,5,100.6204917086475,346.2656799644468,pobre,basal,3,600.0,656.0,1.0,28.0,10,486,17981,3,1.0
97,1.0,0.0,1.942,1.0,0.0,5,100.6204917086475,346.2656799644468,pobre,basal,3,600.0,656.0,1.0,28.0,6,486,17982,0,1.0
98,1.0,0.0,1.942,1.0,1.0,5,100.6204917086475,346.2656799644468,pobre,basal,3,600.0,656.0,1.0,28.0,7,486,17982,0,1.0
97,1.0,0.0,1.942,0.0,4.0,8,100.6204917086475,346.2656799644468,pobre,basal,0,0.0,671.20001,1.0,56.0,16,486,17983,4,0.0
98,1.0,0.0,1.942,,,8,100.6204917086475,346.2656799644468,pobre,basal,0,0.0,671.20001,1.0,56.0,17,486,17983,4,0.0
97,0.0,0.0,1.942,1.0,4.0,8,100.6204917086475,346.2656799644468,pobre,basal,0,0.0,671.20001,1.0,56.0,13,486,17984,4,1.0
98,0.0,0.0,1.942,1.0,5.0,8,100.6204917086475,346.2656799644468,pobre,basal,0,0.0,671.20001,1.0,56.0,14,486,17984,4,1.0
97,0.0,0.0,1.942,1.0,2.0,8,100.6204917086475,346.2656799644468,pobre,basal,0,0.0,671.20001,1.0,56.0,9,486,17985,2,1.0
98,0.0,0.0,1.942,1.0,3.0,8,100.6204917086475,346.2656799644468,pobre,basal,0,0.0,671.20001,1.0,56.0,10,486,17985,2,1.0
97,0.0,0.0,1.942,1.0,0.0,8,100.6204917086475,346.2656799644468,pobre,basal,0,0.0,671.20001,1.0,56.0,6,486,17986,0,1.0
98,0.0,0.0,1.942,1.0,1.0,8,100.6204917086475,346.2656799644468,pobre,basal,0,0.0,671.20001,1.0,56.0,7,486,17986,0,1.0
97,0.0,0.0,1.942,1.0,3.0,6,100.6204917086475,346.2656799644468,pobre,basal,2,500.0,490.0,1.0,32.0,11,486,17987,3,1.0
98,0.0,0.0,1.942,1.0,4.0,6,100.6204917086475,346.2656799644468,pobre,basal,2,500.0,490.0,1.0,32.0,12,486,17987,3,1.0
97,1.0,0.0,1.942,1.0,1.0,6,100.6204917086475,346.2656799644468,pobre,basal,2,500.0,490.0,1.0,32.0,9,486,17988,1,1.0
98,1.0,0.0,1.942,1.0,2.0,6,100.6204917086475,346.2656799644468,pobre,basal,2,500.0,490.0,1.0,32.0,10,486,17988,1,1.0
97,0.0,0.0,1.942,0.0,1.0,7,100.6204917086475,346.2656799644468,pobre,basal,1,750.0,800.5,1.0,44.0,15,486,17989,1,0.0
98,0.0,0.0,1.942,0.0,2.0,7,100.6204917086475,346.2656799644468,pobre,basal,1,750.0,800.5,1.0,44.0,16,486,17989,1,0.0
97,0.0,0.0,1.942,0.0,1.0,7,100.6204917086475,346.2656799644468,pobre,basal,1,750.0,800.5,1.0,44.0,13,486,17990,1,0.0
98,0.0,0.0,1.942,0.0,2.0,7,100.6204917086475,346.2656799644468,pobre,basal,1,750.0,800.5,1.0,44.0,14,486,17990,1,0.0
97,1.0,0.0,1.942,1.0,0.0,7,100.6204917086475,346.2656799644468,pobre,basal,1,750.0,800.5,1.0,44.0,7,486,17991,0,1.0
98,1.0,0.0,1.942,1.0,2.0,7,100.6204917086475,346.2656799644468,pobre,basal,1,750.0,800.5,1.0,44.0,8,486,17991,0,1.0
97,1.0,0.0,2.063,1.0,6.0,4,104.7451295027394,132.7696398832534,pobre,basal,6,840.0,749.0,0.0,32.0,12,391,17992,6,1.0
98,1.0,0.0,2.063,1.0,5.0,4,104.7451295027394,132.7696398832534,pobre,basal,6,840.0,749.0,0.0,32.0,13,391,17992,6,1.0
97,1.0,0.0,2.063,1.0,4.0,4,104.7451295027394,132.7696398832534,pobre,basal,6,840.0,749.0,0.0,32.0,10,391,17993,4,1.0
98,1.0,0.0,2.063,1.0,4.0,4,104.7451295027394,132.7696398832534,pobre,basal,6,840.0,749.0,0.0,32.0,11,391,17993,4,1.0
97,0.0,0.0,2.063,1.0,0.0,4,104.7451295027394,132.7696398832534,pobre,basal,6,840.0,749.0,0.0,32.0,6,391,17994,0,1.0
98,0.0,0.0,2.063,1.0,1.0,4,104.7451295027394,132.7696398832534,pobre,basal,6,840.0,749.0,0.0,32.0,7,391,17994,0,1.0
97,1.0,0.0,2.063,1.0,7.0,6,104.7451295027394,132.7696398832534,pobre,basal,6,1700.0,686.0,1.0,50.0,14,391,17995,7,1.0
98,1.0,0.0,2.063,1.0,8.0,6,104.7451295027394,132.7696398832534,pobre,basal,6,1700.0,686.0,1.0,50.0,15,391,17995,7,1.0
97,1.0,0.0,0.0,1.0,4.0,7,88.81916583498526,346.1847535232495,pobre,0,0,375.0,575.25,1.0,50.0,15,485,17996,4,1.0
98,1.0,0.0,0.0,,,7,88.81916583498526,346.1847535232495,pobre,0,0,375.0,575.25,1.0,50.0,16,485,17996,4,1.0
97,1.0,0.0,0.0,1.0,3.0,7,88.81916583498526,346.1847535232495,pobre,0,0,375.0,575.25,1.0,50.0,12,485,17997,3,1.0
98,1.0,0.0,0.0,1.0,3.0,7,88.81916583498526,346.1847535232495,pobre,0,0,375.0,575.25,1.0,50.0,13,485,17997,3,1.0
97,1.0,0.0,0.0,1.0,1.0,7,88.81916583498526,346.1847535232495,pobre,0,0,375.0,575.25,1.0,50.0,7,485,17998,1,1.0
98,1.0,0.0,0.0,1.0,1.0,7,88.81916583498526,346.1847535232495,pobre,0,0,375.0,575.25,1.0,50.0,8,485,17998,1,1.0
97,0.0,0.0,0.0,1.0,0.0,4,88.81916583498526,346.1847535232495,pobre,0,9,625.0,615.0,1.0,24.0,7,485,17999,0,1.0
98,0.0,0.0,0.0,1.0,1.0,4,88.81916583498526,346.1847535232495,pobre,0,9,625.0,615.0,1.0,24.0,8,485,17999,0,1.0
97,0.0,0.0,1.942,1.0,0.0,4,100.6204917086475,346.2656799644468,pobre,basal,1,600.0,723.33099,1.0,28.0,7,486,18000,0,1.0
98,0.0,0.0,1.942,1.0,1.0,4,100.6204917086475,346.2656799644468,pobre,basal,1,600.0,723.33099,1.0,28.0,8,486,18000,0,1.0
97,1.0,0.0,1.942,0.0,4.0,8,100.6204917086475,346.2656799644468,pobre,basal,0,625.0,880.20001,1.0,49.0,16,486,18001,4,0.0
98,1.0,0.0,1.942,,,8,100.6204917086475,346.2656799644468,pobre,basal,0,625.0,880.20001,1.0,49.0,17,486,18001,4,0.0
97,1.0,0.0,1.942,1.0,11.0,5,100.6204917086475,346.2656799644468,pobre,basal,0,625.0,878.0,1.0,58.0,15,486,18002,11,1.0
98,1.0,0.0,1.942,1.0,7.0,5,100.6204917086475,346.2656799644468,pobre,basal,0,625.0,878.0,1.0,58.0,16,486,18002,11,1.0
97,0.0,0.0,1.942,1.0,0.0,5,100.6204917086475,346.2656799644468,pobre,basal,0,625.0,878.0,1.0,58.0,9,486,18003,0,1.0
98,0.0,0.0,1.942,1.0,3.0,5,100.6204917086475,346.2656799644468,pobre,basal,0,625.0,878.0,1.0,58.0,10,486,18003,0,1.0
97,1.0,0.0,1.942,1.0,8.0,9,100.6204917086475,346.2656799644468,pobre,basal,0,500.0,624.0,1.0,75.0,14,486,18004,8,1.0
98,1.0,0.0,1.942,0.0,8.0,9,100.6204917086475,346.2656799644468,pobre,basal,0,500.0,624.0,1.0,75.0,15,486,18004,8,1.0
97,0.0,0.0,1.942,0.0,4.0,9,100.6204917086475,346.2656799644468,pobre,basal,0,500.0,624.0,1.0,75.0,14,486,18005,4,0.0
98,0.0,0.0,1.942,0.0,6.0,9,100.6204917086475,346.2656799644468,pobre,basal,0,500.0,624.0,1.0,75.0,15,486,18005,4,0.0
97,0.0,0.0,1.942,1.0,6.0,5,100.6204917086475,346.2656799644468,pobre,basal,2,500.0,652.5,1.0,40.0,14,486,18006,6,1.0
98,0.0,0.0,1.942,1.0,7.0,5,100.6204917086475,346.2656799644468,pobre,basal,2,500.0,652.5,1.0,40.0,15,486,18006,6,1.0
97,1.0,0.0,1.942,1.0,1.0,5,100.6204917086475,346.2656799644468,pobre,basal,2,500.0,652.5,1.0,40.0,8,486,18007,1,1.0
98,1.0,0.0,1.942,1.0,2.0,5,100.6204917086475,346.2656799644468,pobre,basal,2,500.0,652.5,1.0,40.0,9,486,18007,1,1.0
97,1.0,0.0,1.942,0.0,1.0,9,100.6204917086475,346.2656799644468,pobre,basal,1,500.0,551.0,1.0,40.0,16,486,18008,1,0.0
98,1.0,0.0,1.942,,,9,100.6204917086475,346.2656799644468,pobre,basal,1,500.0,551.0,1.0,40.0,17,486,18008,1,0.0
97,1.0,0.0,1.942,0.0,3.0,9,100.6204917086475,346.2656799644468,pobre,basal,1,500.0,551.0,1.0,40.0,14,486,18009,3,0.0
98,1.0,0.0,1.942,0.0,4.0,9,100.6204917086475,346.2656799644468,pobre,basal,1,500.0,551.0,1.0,40.0,15,486,18009,3,0.0
97,1.0,0.0,1.942,1.0,2.0,9,100.6204917086475,346.2656799644468,pobre,basal,1,500.0,551.0,1.0,40.0,12,486,18010,2,1.0
98,1.0,0.0,1.942,1.0,3.0,9,100.6204917086475,346.2656799644468,pobre,basal,1,500.0,551.0,1.0,40.0,13,486,18010,2,1.0
97,1.0,0.0,1.942,1.0,1.0,9,100.6204917086475,346.2656799644468,pobre,basal,1,500.0,551.0,1.0,40.0,10,486,18011,1,1.0
98,1.0,0.0,1.942,1.0,2.0,9,100.6204917086475,346.2656799644468,pobre,basal,1,500.0,551.0,1.0,40.0,11,486,18011,1,1.0
97,0.0,0.0,1.942,1.0,0.0,9,100.6204917086475,346.2656799644468,pobre,basal,1,500.0,551.0,1.0,40.0,8,486,18012,0,1.0
98,0.0,0.0,1.942,1.0,1.0,9,100.6204917086475,346.2656799644468,pobre,basal,1,500.0,551.0,1.0,40.0,9,486,18012,0,1.0
97,1.0,0.0,1.942,0.0,6.0,5,100.6204917086475,346.2656799644468,pobre,basal,2,500.0,630.0,1.0,57.0,14,486,18013,6,0.0
98,1.0,0.0,1.942,0.0,6.0,5,100.6204917086475,346.2656799644468,pobre,basal,2,500.0,630.0,1.0,57.0,15,486,18013,6,0.0
97,0.0,0.0,1.942,1.0,5.0,9,100.6204917086475,346.2656799644468,pobre,basal,0,750.0,583.0,1.0,42.0,15,486,18014,5,1.0
98,0.0,0.0,1.942,0.0,6.0,9,100.6204917086475,346.2656799644468,pobre,basal,0,750.0,583.0,1.0,42.0,16,486,18014,5,1.0
97,1.0,0.0,1.942,1.0,5.0,9,100.6204917086475,346.2656799644468,pobre,basal,0,750.0,583.0,1.0,42.0,13,486,18015,5,1.0
98,1.0,0.0,1.942,1.0,6.0,9,100.6204917086475,346.2656799644468,pobre,basal,0,750.0,583.0,1.0,42.0,14,486,18015,5,1.0
97,0.0,0.0,1.942,1.0,3.0,9,100.6204917086475,346.2656799644468,pobre,basal,0,750.0,583.0,1.0,42.0,12,486,18016,3,1.0
98,0.0,0.0,1.942,1.0,4.0,9,100.6204917086475,346.2656799644468,pobre,basal,0,750.0,583.0,1.0,42.0,13,486,18016,3,1.0
97,1.0,0.0,1.942,1.0,0.0,9,100.6204917086475,346.2656799644468,pobre,basal,0,750.0,583.0,1.0,42.0,8,486,18017,0,1.0
98,1.0,0.0,1.942,1.0,2.0,9,100.6204917086475,346.2656799644468,pobre,basal,0,750.0,583.0,1.0,42.0,9,486,18017,0,1.0
97,1.0,0.0,2.063,1.0,0.0,9,104.7451295027394,132.7696398832534,pobre,basal,5,500.0,585.0,1.0,27.0,7,391,18018,0,1.0
98,1.0,0.0,2.063,,,9,104.7451295027394,132.7696398832534,pobre,basal,5,500.0,585.0,1.0,27.0,8,391,18018,0,1.0
97,1.0,0.0,0.0,0.0,4.0,9,88.81916583498526,346.1847535232495,pobre,0,3,500.0,577.0,1.0,51.0,15,485,18019,4,0.0
98,1.0,0.0,0.0,,,9,88.81916583498526,346.1847535232495,pobre,0,3,500.0,577.0,1.0,51.0,16,485,18019,4,0.0
97,0.0,0.0,0.0,0.0,2.0,9,88.81916583498526,346.1847535232495,pobre,0,3,500.0,577.0,1.0,51.0,13,485,18020,2,0.0
98,0.0,0.0,0.0,,,9,88.81916583498526,346.1847535232495,pobre,0,3,500.0,577.0,1.0,51.0,14,485,18020,2,0.0
97,0.0,0.0,0.0,0.0,2.0,9,88.81916583498526,346.1847535232495,pobre,0,3,500.0,577.0,1.0,51.0,13,485,18021,2,0.0
98,0.0,0.0,0.0,,,9,88.81916583498526,346.1847535232495,pobre,0,3,500.0,577.0,1.0,51.0,14,485,18021,2,0.0
97,0.0,0.0,0.0,1.0,3.0,9,88.81916583498526,346.1847535232495,pobre,0,3,500.0,577.0,1.0,51.0,10,485,18022,3,1.0
98,0.0,0.0,0.0,,,9,88.81916583498526,346.1847535232495,pobre,0,3,500.0,577.0,1.0,51.0,11,485,18022,3,1.0
97,1.0,0.0,0.0,1.0,1.0,6,88.81916583498526,346.1847535232495,pobre,0,4,750.0,513.0,1.0,30.0,7,485,18023,1,1.0
98,1.0,0.0,0.0,1.0,2.0,6,88.81916583498526,346.1847535232495,pobre,0,4,750.0,513.0,1.0,30.0,8,485,18023,1,1.0
97,0.0,0.0,0.0,1.0,0.0,6,88.81916583498526,346.1847535232495,pobre,0,4,750.0,513.0,1.0,30.0,6,485,18024,0,1.0
98,0.0,0.0,0.0,1.0,1.0,6,88.81916583498526,346.1847535232495,pobre,0,4,750.0,513.0,1.0,30.0,7,485,18024,0,1.0
97,0.0,0.0,0.0,1.0,7.0,6,88.81916583498526,346.1847535232495,pobre,0,1,500.0,647.0,1.0,51.0,14,485,18025,7,1.0
98,0.0,0.0,0.0,1.0,8.0,6,88.81916583498526,346.1847535232495,pobre,0,1,500.0,647.0,1.0,51.0,15,485,18025,7,1.0
97,1.0,0.0,0.0,1.0,4.0,6,88.81916583498526,346.1847535232495,pobre,0,1,500.0,647.0,1.0,51.0,10,485,18026,4,1.0
98,1.0,0.0,0.0,1.0,5.0,6,88.81916583498526,346.1847535232495,pobre,0,1,500.0,647.0,1.0,51.0,11,485,18026,4,1.0
97,1.0,0.0,0.0,1.0,0.0,6,88.81916583498526,346.1847535232495,pobre,0,1,500.0,647.0,1.0,51.0,6,485,18027,0,1.0
98,1.0,0.0,0.0,1.0,1.0,6,88.81916583498526,346.1847535232495,pobre,0,1,500.0,647.0,1.0,51.0,7,485,18027,0,1.0
97,1.0,0.0,2.063,1.0,1.0,4,104.7451295027394,132.7696398832534,pobre,basal,6,625.0,718.0,1.0,30.0,8,391,18028,1,1.0
98,1.0,0.0,2.063,1.0,2.0,4,104.7451295027394,132.7696398832534,pobre,basal,6,625.0,718.0,1.0,30.0,9,391,18028,1,1.0
97,1.0,0.0,0.0,1.0,8.0,9,88.81916583498526,346.1847535232495,pobre,0,3,375.0,702.5,1.0,41.0,15,485,18029,8,1.0
98,1.0,0.0,0.0,0.0,3.0,9,88.81916583498526,346.1847535232495,pobre,0,3,375.0,702.5,1.0,41.0,16,485,18029,8,1.0
97,1.0,0.0,0.0,1.0,5.0,9,88.81916583498526,346.1847535232495,pobre,0,3,375.0,702.5,1.0,41.0,12,485,18030,5,1.0
98,1.0,0.0,0.0,1.0,6.0,9,88.81916583498526,346.1847535232495,pobre,0,3,375.0,702.5,1.0,41.0,13,485,18030,5,1.0
97,0.0,0.0,0.0,1.0,3.0,9,88.81916583498526,346.1847535232495,pobre,0,3,375.0,702.5,1.0,41.0,10,485,18031,3,1.0
98,0.0,0.0,0.0,1.0,4.0,9,88.81916583498526,346.1847535232495,pobre,0,3,375.0,702.5,1.0,41.0,11,485,18031,3,1.0
97,1.0,0.0,0.0,1.0,0.0,9,88.81916583498526,346.1847535232495,pobre,0,3,375.0,702.5,1.0,41.0,7,485,18032,0,1.0
98,1.0,0.0,0.0,1.0,1.0,9,88.81916583498526,346.1847535232495,pobre,0,3,375.0,702.5,1.0,41.0,8,485,18032,0,1.0
97,1.0,0.0,0.0,1.0,8.0,5,88.81916583498526,346.1847535232495,pobre,0,6,500.0,576.0,1.0,38.0,16,485,18033,8,1.0
98,1.0,0.0,0.0,,,5,88.81916583498526,346.1847535232495,pobre,0,6,500.0,576.0,1.0,38.0,17,485,18033,8,1.0
97,1.0,0.0,0.0,1.0,6.0,5,88.81916583498526,346.1847535232495,pobre,0,6,500.0,576.0,1.0,38.0,13,485,18034,6,1.0
98,1.0,0.0,0.0,1.0,7.0,5,88.81916583498526,346.1847535232495,pobre,0,6,500.0,576.0,1.0,38.0,14,485,18034,6,1.0
97,0.0,0.0,0.0,1.0,2.0,5,88.81916583498526,346.1847535232495,pobre,0,6,500.0,576.0,1.0,38.0,11,485,18035,2,1.0
98,0.0,0.0,0.0,1.0,5.0,5,88.81916583498526,346.1847535232495,pobre,0,6,500.0,576.0,1.0,38.0,12,485,18035,2,1.0
97,0.0,0.0,0.0,1.0,3.0,12,88.81916583498526,346.1847535232495,pobre,0,3,0.0,816.0,1.0,64.0,11,485,18036,3,1.0
98,0.0,0.0,0.0,1.0,4.0,12,88.81916583498526,346.1847535232495,pobre,0,3,0.0,816.0,1.0,64.0,12,485,18036,3,1.0
97,0.0,0.0,0.0,1.0,0.0,12,88.81916583498526,346.1847535232495,pobre,0,3,0.0,816.0,1.0,64.0,6,485,18037,0,1.0
98,0.0,0.0,0.0,1.0,1.0,12,88.81916583498526,346.1847535232495,pobre,0,3,0.0,816.0,1.0,64.0,7,485,18037,0,1.0
97,0.0,0.0,0.0,0.0,8.0,3,88.81916583498526,346.1847535232495,pobre,0,0,90.0,782.0,1.0,72.0,15,485,18038,8,0.0
98,0.0,0.0,0.0,,,3,88.81916583498526,346.1847535232495,pobre,0,0,90.0,782.0,1.0,72.0,16,485,18038,8,0.0
97,1.0,0.0,0.0,1.0,7.0,7,88.81916583498526,346.1847535232495,pobre,0,1,500.0,624.5,1.0,47.0,16,485,18039,7,1.0
98,1.0,0.0,0.0,,,7,88.81916583498526,346.1847535232495,pobre,0,1,500.0,624.5,1.0,47.0,17,485,18039,7,1.0
97,0.0,0.0,0.0,0.0,6.0,8,88.81916583498526,346.1847535232495,pobre,0,1,625.0,605.0,1.0,51.0,16,485,18040,6,0.0
98,0.0,0.0,0.0,,,8,88.81916583498526,346.1847535232495,pobre,0,1,625.0,605.0,1.0,51.0,17,485,18040,6,0.0
97,0.0,0.0,0.0,1.0,6.0,8,88.81916583498526,346.1847535232495,pobre,0,1,625.0,605.0,1.0,51.0,14,485,18041,6,1.0
98,0.0,0.0,0.0,0.0,6.0,8,88.81916583498526,346.1847535232495,pobre,0,1,625.0,605.0,1.0,51.0,15,485,18041,6,1.0
97,1.0,0.0,0.0,1.0,3.0,8,88.81916583498526,346.1847535232495,pobre,0,1,625.0,605.0,1.0,51.0,11,485,18042,3,1.0
98,1.0,0.0,0.0,1.0,4.0,8,88.81916583498526,346.1847535232495,pobre,0,1,625.0,605.0,1.0,51.0,12,485,18042,3,1.0
97,0.0,0.0,0.0,1.0,2.0,8,88.81916583498526,346.1847535232495,pobre,0,1,625.0,605.0,1.0,51.0,8,485,18043,2,1.0
98,0.0,0.0,0.0,1.0,2.0,8,88.81916583498526,346.1847535232495,pobre,0,1,625.0,605.0,1.0,51.0,9,485,18043,2,1.0
97,0.0,0.0,0.0,1.0,0.0,5,88.81916583498526,346.1847535232495,pobre,0,3,500.0,547.0,1.0,33.0,7,485,18044,0,1.0
98,0.0,0.0,0.0,,,5,88.81916583498526,346.1847535232495,pobre,0,3,500.0,547.0,1.0,33.0,8,485,18044,0,1.0
97,0.0,0.0,0.0,1.0,0.0,4,88.81916583498526,346.1847535232495,pobre,0,2,500.0,584.0,1.0,30.0,8,485,18045,0,1.0
98,0.0,0.0,0.0,1.0,1.0,4,88.81916583498526,346.1847535232495,pobre,0,2,500.0,584.0,1.0,30.0,9,485,18045,0,1.0
97,0.0,0.0,0.0,1.0,0.0,4,88.81916583498526,346.1847535232495,pobre,0,2,500.0,584.0,1.0,30.0,6,485,18046,0,1.0
98,0.0,0.0,0.0,1.0,1.0,4,88.81916583498526,346.1847535232495,pobre,0,2,500.0,584.0,1.0,30.0,7,485,18046,0,1.0
97,0.0,0.0,0.0,1.0,5.0,5,88.81916583498526,346.1847535232495,pobre,0,0,0.0,554.33099,0.0,40.0,14,485,18047,5,1.0
98,0.0,0.0,0.0,,,5,88.81916583498526,346.1847535232495,pobre,0,0,0.0,554.33099,0.0,40.0,15,485,18047,5,1.0
97,1.0,0.0,0.0,1.0,3.0,5,88.81916583498526,346.1847535232495,pobre,0,0,0.0,554.33099,0.0,40.0,11,485,18048,3,1.0
98,1.0,0.0,0.0,,,5,88.81916583498526,346.1847535232495,pobre,0,0,0.0,554.33099,0.0,40.0,12,485,18048,3,1.0
97,1.0,0.0,0.0,,0.0,5,88.81916583498526,346.1847535232495,pobre,0,0,0.0,554.33099,0.0,40.0,8,485,18049,0,
98,1.0,0.0,0.0,,,5,88.81916583498526,346.1847535232495,pobre,0,0,0.0,554.33099,0.0,40.0,9,485,18049,0,
97,1.0,0.0,0.0,0.0,6.0,8,88.81916583498526,346.1847535232495,pobre,0,0,0.0,734.0,1.0,69.0,12,485,18050,6,0.0
98,1.0,0.0,0.0,1.0,6.0,8,88.81916583498526,346.1847535232495,pobre,0,0,0.0,734.0,1.0,69.0,13,485,18050,6,0.0
97,0.0,0.0,0.0,1.0,2.0,8,88.81916583498526,346.1847535232495,pobre,0,0,0.0,734.0,1.0,69.0,7,485,18051,2,1.0
98,0.0,0.0,0.0,1.0,3.0,8,88.81916583498526,346.1847535232495,pobre,0,0,0.0,734.0,1.0,69.0,8,485,18051,2,1.0
97,0.0,0.0,0.0,1.0,3.0,5,88.81916583498526,346.1847535232495,pobre,0,0,500.0,626.83099,1.0,54.0,14,485,18052,3,1.0
98,0.0,0.0,0.0,1.0,4.0,5,88.81916583498526,346.1847535232495,pobre,0,0,500.0,626.83099,1.0,54.0,15,485,18052,3,1.0
97,0.0,0.0,0.0,,0.0,5,88.81916583498526,346.1847535232495,pobre,0,0,500.0,626.83099,1.0,54.0,8,485,18053,0,
98,0.0,0.0,0.0,,,5,88.81916583498526,346.1847535232495,pobre,0,0,500.0,626.83099,1.0,54.0,9,485,18053,0,
97,0.0,0.0,0.0,1.0,4.0,6,88.81916583498526,346.1847535232495,pobre,0,3,500.0,507.0,1.0,32.0,9,485,18054,4,1.0
98,0.0,0.0,0.0,1.0,5.0,6,88.81916583498526,346.1847535232495,pobre,0,3,500.0,507.0,1.0,32.0,10,485,18054,4,1.0
97,0.0,0.0,0.0,1.0,2.0,6,88.81916583498526,346.1847535232495,pobre,0,3,500.0,507.0,1.0,32.0,7,485,18055,2,1.0
98,0.0,0.0,0.0,1.0,3.0,6,88.81916583498526,346.1847535232495,pobre,0,3,500.0,507.0,1.0,32.0,8,485,18055,2,1.0
97,1.0,0.0,0.0,,0.0,4,88.81916583498526,346.1847535232495,pobre,0,0,500.0,620.33099,1.0,66.0,14,485,18056,0,
98,1.0,0.0,0.0,0.0,7.0,4,88.81916583498526,346.1847535232495,pobre,0,0,500.0,620.33099,1.0,66.0,15,485,18056,0,
97,0.0,0.0,0.0,1.0,3.0,6,88.81916583498526,346.1847535232495,pobre,0,3,450.0,677.0,1.0,48.0,12,485,18057,3,1.0
98,0.0,0.0,0.0,1.0,4.0,6,88.81916583498526,346.1847535232495,pobre,0,3,450.0,677.0,1.0,48.0,13,485,18057,3,1.0
97,1.0,0.0,0.0,1.0,1.0,6,88.81916583498526,346.1847535232495,pobre,0,3,450.0,677.0,1.0,48.0,9,485,18058,1,1.0
98,1.0,0.0,0.0,1.0,2.0,6,88.81916583498526,346.1847535232495,pobre,0,3,450.0,677.0,1.0,48.0,10,485,18058,1,1.0
97,0.0,0.0,0.0,0.0,6.0,10,88.81916583498526,346.1847535232495,pobre,0,2,500.0,699.0,1.0,45.0,15,485,18059,6,0.0
98,0.0,0.0,0.0,,,10,88.81916583498526,346.1847535232495,pobre,0,2,500.0,699.0,1.0,45.0,16,485,18059,6,0.0
97,0.0,0.0,0.0,1.0,5.0,10,88.81916583498526,346.1847535232495,pobre,0,2,500.0,699.0,1.0,45.0,12,485,18060,5,1.0
98,0.0,0.0,0.0,1.0,6.0,10,88.81916583498526,346.1847535232495,pobre,0,2,500.0,699.0,1.0,45.0,13,485,18060,5,1.0
97,1.0,0.0,0.0,1.0,3.0,10,88.81916583498526,346.1847535232495,pobre,0,2,500.0,699.0,1.0,45.0,10,485,18061,3,1.0
98,1.0,0.0,0.0,1.0,4.0,10,88.81916583498526,346.1847535232495,pobre,0,2,500.0,699.0,1.0,45.0,11,485,18061,3,1.0
97,0.0,0.0,0.0,1.0,0.0,10,88.81916583498526,346.1847535232495,pobre,0,2,500.0,699.0,1.0,45.0,7,485,18062,0,1.0
98,0.0,0.0,0.0,1.0,1.0,10,88.81916583498526,346.1847535232495,pobre,0,2,500.0,699.0,1.0,45.0,8,485,18062,0,1.0
97,0.0,0.0,0.0,1.0,0.0,4,88.81916583498526,346.1847535232495,pobre,0,3,500.0,584.0,1.0,32.0,7,485,18063,0,1.0
98,0.0,0.0,0.0,0.0,1.0,4,88.81916583498526,346.1847535232495,pobre,0,3,500.0,584.0,1.0,32.0,8,485,18063,0,1.0
97,0.0,0.0,0.0,1.0,5.0,6,88.81916583498526,346.1847535232495,pobre,0,2,625.0,776.0,1.0,45.0,16,485,18064,5,1.0
98,0.0,0.0,0.0,0.0,6.0,6,88.81916583498526,346.1847535232495,pobre,0,2,625.0,776.0,1.0,45.0,17,485,18064,5,1.0
97,0.0,0.0,0.0,1.0,4.0,6,88.81916583498526,346.1847535232495,pobre,0,2,625.0,776.0,1.0,45.0,14,485,18065,4,1.0
98,0.0,0.0,0.0,1.0,4.0,6,88.81916583498526,346.1847535232495,pobre,0,2,625.0,776.0,1.0,45.0,15,485,18065,4,1.0
97,1.0,0.0,0.0,1.0,1.0,6,88.81916583498526,346.1847535232495,pobre,0,2,625.0,776.0,1.0,45.0,8,485,18066,1,1.0
98,1.0,0.0,0.0,,,6,88.81916583498526,346.1847535232495,pobre,0,2,625.0,776.0,1.0,45.0,9,485,18066,1,1.0
97,1.0,0.0,0.0,1.0,1.0,7,88.81916583498526,346.1847535232495,pobre,0,3,625.0,446.0,1.0,27.0,10,485,18067,1,1.0
98,1.0,0.0,0.0,1.0,2.0,7,88.81916583498526,346.1847535232495,pobre,0,3,625.0,446.0,1.0,27.0,11,485,18067,1,1.0
97,1.0,0.0,0.0,1.0,0.0,7,88.81916583498526,346.1847535232495,pobre,0,3,625.0,446.0,1.0,27.0,7,485,18068,0,1.0
98,1.0,0.0,0.0,1.0,1.0,7,88.81916583498526,346.1847535232495,pobre,0,3,625.0,446.0,1.0,27.0,8,485,18068,0,1.0
97,1.0,0.0,0.0,1.0,0.0,5,88.81916583498526,346.1847535232495,pobre,0,3,625.0,547.0,1.0,31.0,7,485,18069,0,1.0
98,1.0,0.0,0.0,1.0,1.0,5,88.81916583498526,346.1847535232495,pobre,0,3,625.0,547.0,1.0,31.0,8,485,18069,0,1.0
97,0.0,0.0,2.063,1.0,2.0,6,104.7451295027394,132.7696398832534,pobre,basal,2,625.0,789.0,1.0,42.0,8,391,18070,2,1.0
98,0.0,0.0,2.063,1.0,3.0,6,104.7451295027394,132.7696398832534,pobre,basal,2,625.0,789.0,1.0,42.0,9,391,18070,2,1.0
97,1.0,0.0,2.063,1.0,6.0,6,104.7451295027394,132.7696398832534,pobre,basal,2,625.0,789.0,1.0,42.0,13,391,18071,6,1.0
98,1.0,0.0,2.063,1.0,7.0,6,104.7451295027394,132.7696398832534,pobre,basal,2,625.0,789.0,1.0,42.0,14,391,18071,6,1.0
97,0.0,0.0,0.0,0.0,6.0,6,88.81916583498526,346.1847535232495,pobre,0,1,500.0,634.0,1.0,62.0,15,485,18072,6,0.0
98,0.0,0.0,0.0,0.0,6.0,6,88.81916583498526,346.1847535232495,pobre,0,1,500.0,634.0,1.0,62.0,16,485,18072,6,0.0
97,0.0,0.0,0.0,0.0,3.0,6,88.81916583498526,346.1847535232495,pobre,0,1,500.0,634.0,1.0,62.0,15,485,18073,3,0.0
98,0.0,0.0,0.0,0.0,3.0,6,88.81916583498526,346.1847535232495,pobre,0,1,500.0,634.0,1.0,62.0,16,485,18073,3,0.0
97,1.0,0.0,0.0,1.0,7.0,8,88.81916583498526,346.1847535232495,pobre,0,1,500.0,444.0,1.0,34.0,14,485,18074,7,1.0
98,1.0,0.0,0.0,1.0,8.0,8,88.81916583498526,346.1847535232495,pobre,0,1,500.0,444.0,1.0,34.0,15,485,18074,7,1.0
97,0.0,0.0,0.0,0.0,4.0,8,88.81916583498526,346.1847535232495,pobre,0,1,500.0,444.0,1.0,34.0,12,485,18075,4,0.0
98,0.0,0.0,0.0,0.0,4.0,8,88.81916583498526,346.1847535232495,pobre,0,1,500.0,444.0,1.0,34.0,13,485,18075,4,0.0
97,0.0,0.0,0.0,1.0,2.0,8,88.81916583498526,346.1847535232495,pobre,0,1,500.0,444.0,1.0,34.0,8,485,18076,2,1.0
98,0.0,0.0,0.0,1.0,3.0,8,88.81916583498526,346.1847535232495,pobre,0,1,500.0,444.0,1.0,34.0,9,485,18076,2,1.0
97,1.0,0.0,0.0,1.0,1.0,8,88.81916583498526,346.1847535232495,pobre,0,1,500.0,444.0,1.0,34.0,6,485,18077,1,1.0
98,1.0,0.0,0.0,1.0,2.0,8,88.81916583498526,346.1847535232495,pobre,0,1,500.0,444.0,1.0,34.0,7,485,18077,1,1.0
97,1.0,0.0,0.0,0.0,6.0,8,88.81916583498526,346.1847535232495,pobre,0,0,500.0,584.0,1.0,54.0,15,485,18078,6,0.0
98,1.0,0.0,0.0,,,8,88.81916583498526,346.1847535232495,pobre,0,0,500.0,584.0,1.0,54.0,16,485,18078,6,0.0
97,1.0,0.0,0.0,1.0,2.0,8,88.81916583498526,346.1847535232495,pobre,0,0,500.0,584.0,1.0,54.0,11,485,18079,2,1.0
98,1.0,0.0,0.0,1.0,3.0,8,88.81916583498526,346.1847535232495,pobre,0,0,500.0,584.0,1.0,54.0,12,485,18079,2,1.0
97,1.0,1.0,2.119,1.0,2.0,5,153.0118503700081,287.475370239123,pobre,basal,5,16.666666,721.0,1.0,30.0,9,422,18080,2,1.0
98,1.0,1.0,2.119,1.0,3.0,5,153.0118503700081,287.475370239123,pobre,basal,5,16.666666,721.0,1.0,30.0,10,422,18080,2,1.0
97,0.0,0.0,0.0,1.0,8.0,5,88.81916583498526,346.1847535232495,pobre,0,1,500.0,710.0,1.0,48.0,15,485,18081,8,1.0
98,0.0,0.0,0.0,,,5,88.81916583498526,346.1847535232495,pobre,0,1,500.0,710.0,1.0,48.0,16,485,18081,8,1.0
97,1.0,0.0,0.0,1.0,2.0,5,88.81916583498526,346.1847535232495,pobre,0,1,500.0,710.0,1.0,48.0,11,485,18082,2,1.0
98,1.0,0.0,0.0,1.0,3.0,5,88.81916583498526,346.1847535232495,pobre,0,1,500.0,710.0,1.0,48.0,12,485,18082,2,1.0
97,0.0,0.0,0.0,1.0,8.0,7,88.81916583498526,346.1847535232495,pobre,0,2,500.0,812.25,1.0,59.0,16,485,18083,8,1.0
98,0.0,0.0,0.0,,,7,88.81916583498526,346.1847535232495,pobre,0,2,500.0,812.25,1.0,59.0,17,485,18083,8,1.0
97,1.0,0.0,0.0,0.0,6.0,9,88.81916583498526,346.1847535232495,pobre,0,9,500.0,579.0,1.0,43.0,14,485,18084,6,0.0
98,1.0,0.0,0.0,,6.0,9,88.81916583498526,346.1847535232495,pobre,0,9,500.0,579.0,1.0,43.0,15,485,18084,6,0.0
97,1.0,0.0,0.0,1.0,4.0,9,88.81916583498526,346.1847535232495,pobre,0,9,500.0,579.0,1.0,43.0,10,485,18085,4,1.0
98,1.0,0.0,0.0,1.0,5.0,9,88.81916583498526,346.1847535232495,pobre,0,9,500.0,579.0,1.0,43.0,11,485,18085,4,1.0
97,0.0,0.0,0.0,1.0,0.0,9,88.81916583498526,346.1847535232495,pobre,0,9,500.0,579.0,1.0,43.0,6,485,18086,0,1.0
98,0.0,0.0,0.0,1.0,1.0,9,88.81916583498526,346.1847535232495,pobre,0,9,500.0,579.0,1.0,43.0,7,485,18086,0,1.0
97,1.0,0.0,0.0,0.0,6.0,9,88.81916583498526,346.1847535232495,pobre,0,6,500.0,629.0,1.0,42.0,16,485,18087,6,0.0
98,1.0,0.0,0.0,,,9,88.81916583498526,346.1847535232495,pobre,0,6,500.0,629.0,1.0,42.0,17,485,18087,6,0.0
97,1.0,0.0,0.0,1.0,4.0,9,88.81916583498526,346.1847535232495,pobre,0,6,500.0,629.0,1.0,42.0,13,485,18088,4,1.0
98,1.0,0.0,0.0,1.0,5.0,9,88.81916583498526,346.1847535232495,pobre,0,6,500.0,629.0,1.0,42.0,14,485,18088,4,1.0
97,1.0,0.0,0.0,1.0,3.0,9,88.81916583498526,346.1847535232495,pobre,0,6,500.0,629.0,1.0,42.0,10,485,18089,3,1.0
98,1.0,0.0,0.0,1.0,3.0,9,88.81916583498526,346.1847535232495,pobre,0,6,500.0,629.0,1.0,42.0,11,485,18089,3,1.0
97,1.0,0.0,0.0,1.0,0.0,9,88.81916583498526,346.1847535232495,pobre,0,6,500.0,629.0,1.0,42.0,7,485,18090,0,1.0
98,1.0,0.0,0.0,1.0,1.0,9,88.81916583498526,346.1847535232495,pobre,0,6,500.0,629.0,1.0,42.0,8,485,18090,0,1.0
97,1.0,0.0,0.0,1.0,0.0,5,88.81916583498526,346.1847535232495,pobre,0,6,500.0,522.0,1.0,25.0,6,485,18091,0,1.0
98,1.0,0.0,0.0,1.0,1.0,5,88.81916583498526,346.1847535232495,pobre,0,6,500.0,522.0,1.0,25.0,7,485,18091,0,1.0
97,1.0,0.0,0.0,0.0,6.0,7,88.81916583498526,346.1847535232495,pobre,0,3,500.0,602.0,1.0,50.0,15,485,18092,6,0.0
98,1.0,0.0,0.0,0.0,6.0,7,88.81916583498526,346.1847535232495,pobre,0,3,500.0,602.0,1.0,50.0,16,485,18092,6,0.0
97,0.0,0.0,0.0,0.0,5.0,7,88.81916583498526,346.1847535232495,pobre,0,3,500.0,602.0,1.0,50.0,13,485,18093,5,0.0
98,0.0,0.0,0.0,0.0,5.0,7,88.81916583498526,346.1847535232495,pobre,0,3,500.0,602.0,1.0,50.0,14,485,18093,5,0.0
97,0.0,0.0,0.0,1.0,4.0,7,88.81916583498526,346.1847535232495,pobre,0,3,500.0,602.0,1.0,50.0,10,485,18094,4,1.0
98,0.0,0.0,0.0,1.0,5.0,7,88.81916583498526,346.1847535232495,pobre,0,3,500.0,602.0,1.0,50.0,11,485,18094,4,1.0
97,1.0,0.0,0.0,1.0,1.0,7,88.81916583498526,346.1847535232495,pobre,0,3,500.0,602.0,1.0,50.0,7,485,18095,1,1.0
98,1.0,0.0,0.0,1.0,1.0,7,88.81916583498526,346.1847535232495,pobre,0,3,500.0,602.0,1.0,50.0,8,485,18095,1,1.0
97,0.0,0.0,0.0,1.0,5.0,7,88.81916583498526,346.1847535232495,pobre,0,3,750.0,505.0,1.0,32.0,13,485,18096,5,1.0
98,0.0,0.0,0.0,0.0,6.0,7,88.81916583498526,346.1847535232495,pobre,0,3,750.0,505.0,1.0,32.0,14,485,18096,5,1.0
97,0.0,0.0,0.0,1.0,5.0,7,88.81916583498526,346.1847535232495,pobre,0,3,750.0,505.0,1.0,32.0,12,485,18097,5,1.0
98,0.0,0.0,0.0,1.0,6.0,7,88.81916583498526,346.1847535232495,pobre,0,3,750.0,505.0,1.0,32.0,13,485,18097,5,1.0
97,1.0,0.0,0.0,1.0,2.0,7,88.81916583498526,346.1847535232495,pobre,0,3,750.0,505.0,1.0,32.0,9,485,18098,2,1.0
98,1.0,0.0,0.0,1.0,3.0,7,88.81916583498526,346.1847535232495,pobre,0,3,750.0,505.0,1.0,32.0,10,485,18098,2,1.0
97,1.0,0.0,0.0,1.0,0.0,7,88.81916583498526,346.1847535232495,pobre,0,3,750.0,505.0,1.0,32.0,7,485,18099,0,1.0
98,1.0,0.0,0.0,1.0,1.0,7,88.81916583498526,346.1847535232495,pobre,0,3,750.0,505.0,1.0,32.0,8,485,18099,0,1.0
97,1.0,0.0,0.0,1.0,2.0,6,88.81916583498526,346.1847535232495,pobre,0,2,375.0,806.0,1.0,50.0,10,485,18100,2,1.0
98,1.0,0.0,0.0,1.0,3.0,6,88.81916583498526,346.1847535232495,pobre,0,2,375.0,806.0,1.0,50.0,11,485,18100,2,1.0
97,1.0,0.0,0.0,1.0,0.0,6,88.81916583498526,346.1847535232495,pobre,0,2,375.0,806.0,1.0,50.0,7,485,18101,0,1.0
98,1.0,0.0,0.0,1.0,1.0,6,88.81916583498526,346.1847535232495,pobre,0,2,375.0,806.0,1.0,50.0,8,485,18101,0,1.0
97,1.0,0.0,0.0,1.0,3.0,4,88.81916583498526,346.1847535232495,pobre,0,9,500.0,754.0,1.0,44.0,10,485,18102,3,1.0
98,1.0,0.0,0.0,1.0,4.0,4,88.81916583498526,346.1847535232495,pobre,0,9,500.0,754.0,1.0,44.0,11,485,18102,3,1.0
97,0.0,0.0,0.0,1.0,2.0,4,88.81916583498526,346.1847535232495,pobre,0,9,500.0,754.0,1.0,44.0,8,485,18103,2,1.0
98,0.0,0.0,0.0,1.0,3.0,4,88.81916583498526,346.1847535232495,pobre,0,9,500.0,754.0,1.0,44.0,9,485,18103,2,1.0
97,0.0,0.0,0.0,1.0,3.0,5,88.81916583498526,346.1847535232495,pobre,0,2,375.0,656.5,1.0,62.0,9,485,18104,3,1.0
98,0.0,0.0,0.0,1.0,4.0,5,88.81916583498526,346.1847535232495,pobre,0,2,375.0,656.5,1.0,62.0,10,485,18104,3,1.0
97,0.0,0.0,0.0,1.0,0.0,5,88.81916583498526,346.1847535232495,pobre,0,2,375.0,656.5,1.0,62.0,6,485,18105,0,1.0
98,0.0,0.0,0.0,1.0,1.0,5,88.81916583498526,346.1847535232495,pobre,0,2,375.0,656.5,1.0,62.0,7,485,18105,0,1.0
97,0.0,0.0,0.0,1.0,6.0,5,72.80421840935115,72.80421840935115,pobre,0,6,2240.0,812.0,1.0,36.0,12,283,18106,6,1.0
98,0.0,0.0,0.0,1.0,7.0,5,72.80421840935115,72.80421840935115,pobre,0,6,2240.0,812.0,1.0,36.0,13,283,18106,6,1.0
97,1.0,0.0,0.0,1.0,2.0,4,72.80421840935115,72.80421840935115,pobre,0,6,360.0,716.0,1.0,28.0,7,283,18107,2,1.0
98,1.0,0.0,0.0,1.0,3.0,4,72.80421840935115,72.80421840935115,pobre,0,6,360.0,716.0,1.0,28.0,8,283,18107,2,1.0
97,0.0,0.0,0.0,1.0,0.0,4,72.80421840935115,72.80421840935115,pobre,0,6,360.0,716.0,1.0,28.0,6,283,18108,0,1.0
98,0.0,0.0,0.0,1.0,2.0,4,72.80421840935115,72.80421840935115,pobre,0,6,360.0,716.0,1.0,28.0,7,283,18108,0,1.0
97,1.0,0.0,0.0,0.0,9.0,7,72.80421840935115,72.80421840935115,pobre,0,6,1200.0,802.5,1.0,36.0,15,283,18109,9,0.0
98,1.0,0.0,0.0,,,7,72.80421840935115,72.80421840935115,pobre,0,6,1200.0,802.5,1.0,36.0,16,283,18109,9,0.0
97,1.0,0.0,0.0,1.0,4.0,7,72.80421840935115,72.80421840935115,pobre,0,6,1200.0,802.5,1.0,36.0,11,283,18110,4,1.0
98,1.0,0.0,0.0,0.0,5.0,7,72.80421840935115,72.80421840935115,pobre,0,6,1200.0,802.5,1.0,36.0,12,283,18110,4,1.0
97,0.0,0.0,0.0,1.0,4.0,7,72.80421840935115,72.80421840935115,pobre,0,6,1200.0,802.5,1.0,36.0,10,283,18111,4,1.0
98,0.0,0.0,0.0,1.0,5.0,7,72.80421840935115,72.80421840935115,pobre,0,6,1200.0,802.5,1.0,36.0,11,283,18111,4,1.0
97,0.0,0.0,0.0,1.0,0.0,7,72.80421840935115,72.80421840935115,pobre,0,6,1200.0,802.5,1.0,36.0,6,283,18112,0,1.0
98,0.0,0.0,0.0,1.0,1.0,7,72.80421840935115,72.80421840935115,pobre,0,6,1200.0,802.5,1.0,36.0,7,283,18112,0,1.0
97,0.0,0.0,0.0,1.0,8.0,5,72.80421840935115,72.80421840935115,pobre,0,3,1600.0,755.0,1.0,38.0,14,283,18113,8,1.0
98,0.0,0.0,0.0,1.0,9.0,5,72.80421840935115,72.80421840935115,pobre,0,3,1600.0,755.0,1.0,38.0,15,283,18113,8,1.0
97,0.0,0.0,0.0,1.0,4.0,5,72.80421840935115,72.80421840935115,pobre,0,3,1600.0,755.0,1.0,38.0,10,283,18114,4,1.0
98,0.0,0.0,0.0,1.0,5.0,5,72.80421840935115,72.80421840935115,pobre,0,3,1600.0,755.0,1.0,38.0,11,283,18114,4,1.0
97,0.0,0.0,0.0,1.0,0.0,5,72.80421840935115,72.80421840935115,pobre,0,3,1600.0,755.0,1.0,38.0,6,283,18115,0,1.0
98,0.0,0.0,0.0,1.0,1.0,5,72.80421840935115,72.80421840935115,pobre,0,3,1600.0,755.0,1.0,38.0,7,283,18115,0,1.0
97,0.0,0.0,0.0,0.0,6.0,10,72.80421840935115,72.80421840935115,pobre,0,3,1400.0,823.0,1.0,40.0,16,283,18116,6,0.0
98,0.0,0.0,0.0,,,10,72.80421840935115,72.80421840935115,pobre,0,3,1400.0,823.0,1.0,40.0,17,283,18116,6,0.0
97,0.0,0.0,0.0,0.0,6.0,10,72.80421840935115,72.80421840935115,pobre,0,3,1400.0,823.0,1.0,40.0,13,283,18117,6,0.0
98,0.0,0.0,0.0,,,10,72.80421840935115,72.80421840935115,pobre,0,3,1400.0,823.0,1.0,40.0,14,283,18117,6,0.0
97,1.0,0.0,0.0,1.0,4.0,10,72.80421840935115,72.80421840935115,pobre,0,3,1400.0,823.0,1.0,40.0,11,283,18118,4,1.0
98,1.0,0.0,0.0,1.0,5.0,10,72.80421840935115,72.80421840935115,pobre,0,3,1400.0,823.0,1.0,40.0,12,283,18118,4,1.0
97,1.0,0.0,0.0,1.0,2.0,10,72.80421840935115,72.80421840935115,pobre,0,3,1400.0,823.0,1.0,40.0,9,283,18119,2,1.0
98,1.0,0.0,0.0,1.0,3.0,10,72.80421840935115,72.80421840935115,pobre,0,3,1400.0,823.0,1.0,40.0,10,283,18119,2,1.0
97,1.0,0.0,0.0,1.0,2.0,10,72.80421840935115,72.80421840935115,pobre,0,3,1400.0,823.0,1.0,40.0,6,283,18120,2,1.0
98,1.0,0.0,0.0,1.0,0.0,10,72.80421840935115,72.80421840935115,pobre,0,3,1400.0,823.0,1.0,40.0,7,283,18120,2,1.0
97,1.0,1.0,0.0,1.0,6.0,8,134.7560732061176,285.4250077588848,pobre,basal,6,500.0,547.0,1.0,35.0,13,431,18121,6,1.0
98,1.0,1.0,0.0,1.0,7.0,8,134.7560732061176,285.4250077588848,pobre,basal,6,500.0,547.0,1.0,35.0,14,431,18121,6,1.0
97,1.0,1.0,0.0,1.0,2.0,8,134.7560732061176,285.4250077588848,pobre,basal,6,500.0,547.0,1.0,35.0,12,431,18122,2,1.0
98,1.0,1.0,0.0,1.0,3.0,8,134.7560732061176,285.4250077588848,pobre,basal,6,500.0,547.0,1.0,35.0,13,431,18122,2,1.0
97,1.0,1.0,0.0,1.0,2.0,8,134.7560732061176,285.4250077588848,pobre,basal,6,500.0,547.0,1.0,35.0,8,431,18123,2,1.0
98,1.0,1.0,0.0,1.0,3.0,8,134.7560732061176,285.4250077588848,pobre,basal,6,500.0,547.0,1.0,35.0,9,431,18123,2,1.0
97,0.0,1.0,0.0,1.0,0.0,8,134.7560732061176,285.4250077588848,pobre,basal,6,500.0,547.0,1.0,35.0,6,431,18124,0,1.0
98,0.0,1.0,0.0,1.0,1.0,8,134.7560732061176,285.4250077588848,pobre,basal,6,500.0,547.0,1.0,35.0,7,431,18124,0,1.0
97,0.0,1.0,0.0,1.0,4.0,4,134.7560732061176,285.4250077588848,pobre,basal,4,500.0,559.0,1.0,26.0,10,431,18125,4,1.0
98,0.0,1.0,0.0,1.0,4.0,4,134.7560732061176,285.4250077588848,pobre,basal,4,500.0,559.0,1.0,26.0,11,431,18125,4,1.0
97,1.0,1.0,0.0,1.0,3.0,10,134.7560732061176,285.4250077588848,pobre,basal,3,500.0,884.0,1.0,49.0,10,431,18126,3,1.0
98,1.0,1.0,0.0,1.0,4.0,10,134.7560732061176,285.4250077588848,pobre,basal,3,500.0,884.0,1.0,49.0,11,431,18126,3,1.0
97,1.0,1.0,0.0,1.0,1.0,9,134.7560732061176,285.4250077588848,pobre,basal,6,500.0,540.0,1.0,26.0,8,431,18127,1,1.0
98,1.0,1.0,0.0,1.0,2.0,9,134.7560732061176,285.4250077588848,pobre,basal,6,500.0,540.0,1.0,26.0,9,431,18127,1,1.0
97,1.0,1.0,0.0,,0.0,8,134.7560732061176,285.4250077588848,pobre,basal,0,500.0,691.33099,1.0,54.0,15,431,18128,0,
98,1.0,1.0,0.0,,,8,134.7560732061176,285.4250077588848,pobre,basal,0,500.0,691.33099,1.0,54.0,16,431,18128,0,
97,0.0,1.0,0.0,,0.0,8,134.7560732061176,285.4250077588848,pobre,basal,0,500.0,691.33099,1.0,54.0,13,431,18129,0,
98,0.0,1.0,0.0,,,8,134.7560732061176,285.4250077588848,pobre,basal,0,500.0,691.33099,1.0,54.0,14,431,18129,0,
97,1.0,1.0,0.0,1.0,8.0,4,134.7560732061176,285.4250077588848,pobre,basal,5,400.0,751.0,1.0,53.0,15,431,18130,8,1.0
98,1.0,1.0,0.0,1.0,9.0,4,134.7560732061176,285.4250077588848,pobre,basal,5,400.0,751.0,1.0,53.0,16,431,18130,8,1.0
97,1.0,1.0,0.0,1.0,5.0,4,134.7560732061176,285.4250077588848,pobre,basal,5,400.0,751.0,1.0,53.0,13,431,18131,5,1.0
98,1.0,1.0,0.0,1.0,6.0,4,134.7560732061176,285.4250077588848,pobre,basal,5,400.0,751.0,1.0,53.0,14,431,18131,5,1.0
97,1.0,1.0,0.0,1.0,7.0,5,134.7560732061176,285.4250077588848,pobre,basal,6,500.0,688.0,1.0,47.0,14,431,18132,7,1.0
98,1.0,1.0,0.0,1.0,7.0,5,134.7560732061176,285.4250077588848,pobre,basal,6,500.0,688.0,1.0,47.0,15,431,18132,7,1.0
97,0.0,1.0,0.0,1.0,4.0,5,134.7560732061176,285.4250077588848,pobre,basal,6,500.0,688.0,1.0,47.0,12,431,18133,4,1.0
98,0.0,1.0,0.0,1.0,5.0,5,134.7560732061176,285.4250077588848,pobre,basal,6,500.0,688.0,1.0,47.0,13,431,18133,4,1.0
97,1.0,1.0,0.0,1.0,8.0,5,134.7560732061176,285.4250077588848,pobre,basal,6,240.0,701.0,1.0,37.0,14,431,18134,8,1.0
98,1.0,1.0,0.0,1.0,8.0,5,134.7560732061176,285.4250077588848,pobre,basal,6,240.0,701.0,1.0,37.0,15,431,18134,8,1.0
97,0.0,1.0,0.0,1.0,6.0,5,134.7560732061176,285.4250077588848,pobre,basal,6,240.0,701.0,1.0,37.0,12,431,18135,6,1.0
98,0.0,1.0,0.0,1.0,7.0,5,134.7560732061176,285.4250077588848,pobre,basal,6,240.0,701.0,1.0,37.0,13,431,18135,6,1.0
97,1.0,1.0,0.0,1.0,4.0,5,134.7560732061176,285.4250077588848,pobre,basal,6,240.0,701.0,1.0,37.0,10,431,18136,4,1.0
98,1.0,1.0,0.0,1.0,5.0,5,134.7560732061176,285.4250077588848,pobre,basal,6,240.0,701.0,1.0,37.0,11,431,18136,4,1.0
97,1.0,1.0,0.0,1.0,7.0,4,134.7560732061176,285.4250077588848,pobre,basal,2,200.0,789.0,1.0,60.0,14,431,18137,7,1.0
98,1.0,1.0,0.0,1.0,8.0,4,134.7560732061176,285.4250077588848,pobre,basal,2,200.0,789.0,1.0,60.0,15,431,18137,7,1.0
97,0.0,1.0,0.0,1.0,5.0,4,134.7560732061176,285.4250077588848,pobre,basal,2,200.0,789.0,1.0,60.0,12,431,18138,5,1.0
98,0.0,1.0,0.0,1.0,6.0,4,134.7560732061176,285.4250077588848,pobre,basal,2,200.0,789.0,1.0,60.0,13,431,18138,5,1.0
97,1.0,1.0,0.0,1.0,8.0,6,134.7560732061176,285.4250077588848,no pobre,basal,6,400.0,794.0,1.0,40.0,15,431,18139,8,1.0
98,1.0,1.0,0.0,1.0,9.0,6,134.7560732061176,285.4250077588848,no pobre,basal,6,400.0,794.0,1.0,40.0,16,431,18139,8,1.0
97,1.0,1.0,0.0,1.0,8.0,6,134.7560732061176,285.4250077588848,no pobre,basal,6,400.0,794.0,1.0,40.0,15,431,18140,8,1.0
98,1.0,1.0,0.0,1.0,9.0,6,134.7560732061176,285.4250077588848,no pobre,basal,6,400.0,794.0,1.0,40.0,16,431,18140,8,1.0
97,0.0,1.0,0.0,1.0,3.0,6,134.7560732061176,285.4250077588848,no pobre,basal,6,400.0,794.0,1.0,40.0,10,431,18141,3,1.0
98,0.0,1.0,0.0,1.0,4.0,6,134.7560732061176,285.4250077588848,no pobre,basal,6,400.0,794.0,1.0,40.0,11,431,18141,3,1.0
97,1.0,0.0,0.0,1.0,9.0,6,72.80421840935115,72.80421840935115,pobre,0,1,1000.0,781.0,1.0,42.0,15,283,18142,9,1.0
98,1.0,0.0,0.0,0.0,9.0,6,72.80421840935115,72.80421840935115,pobre,0,1,1000.0,781.0,1.0,42.0,16,283,18142,9,1.0
97,0.0,0.0,0.0,1.0,8.0,6,72.80421840935115,72.80421840935115,pobre,0,1,1000.0,781.0,1.0,42.0,14,283,18143,8,1.0
98,0.0,0.0,0.0,0.0,9.0,6,72.80421840935115,72.80421840935115,pobre,0,1,1000.0,781.0,1.0,42.0,15,283,18143,8,1.0
97,0.0,0.0,0.0,1.0,3.0,6,72.80421840935115,72.80421840935115,pobre,0,1,1000.0,781.0,1.0,42.0,10,283,18144,3,1.0
98,0.0,0.0,0.0,1.0,4.0,6,72.80421840935115,72.80421840935115,pobre,0,1,1000.0,781.0,1.0,42.0,11,283,18144,3,1.0
97,0.0,0.0,3.737,0.0,6.0,6,79.32525308118672,79.32525308118672,no pobre,basal,3,1600.0,822.0,1.0,57.0,12,294,18145,6,0.0
98,0.0,0.0,3.737,0.0,6.0,6,79.32525308118672,79.32525308118672,no pobre,basal,3,1600.0,822.0,1.0,57.0,13,294,18145,6,0.0
97,1.0,0.0,3.737,0.0,7.0,6,79.32525308118672,79.32525308118672,no pobre,basal,3,1600.0,822.0,1.0,57.0,14,294,18146,7,0.0
98,1.0,0.0,3.737,,,6,79.32525308118672,79.32525308118672,no pobre,basal,3,1600.0,822.0,1.0,57.0,15,294,18146,7,0.0
97,0.0,0.0,3.737,1.0,2.0,6,79.32525308118672,79.32525308118672,no pobre,basal,3,1600.0,822.0,1.0,57.0,9,294,18147,2,1.0
98,0.0,0.0,3.737,1.0,3.0,6,79.32525308118672,79.32525308118672,no pobre,basal,3,1600.0,822.0,1.0,57.0,10,294,18147,2,1.0
97,1.0,0.0,0.0,0.0,6.0,5,72.80421840935115,72.80421840935115,no pobre,0,0,0.0,921.5,0.0,42.0,16,283,18148,6,0.0
98,1.0,0.0,0.0,,,5,72.80421840935115,72.80421840935115,no pobre,0,0,0.0,921.5,0.0,42.0,17,283,18148,6,0.0
97,0.0,0.0,0.0,1.0,4.0,5,72.80421840935115,72.80421840935115,no pobre,0,0,0.0,921.5,0.0,42.0,13,283,18149,4,1.0
98,0.0,0.0,0.0,1.0,5.0,5,72.80421840935115,72.80421840935115,no pobre,0,0,0.0,921.5,0.0,42.0,14,283,18149,4,1.0
97,0.0,0.0,0.0,0.0,6.0,5,72.80421840935115,72.80421840935115,pobre,0,1,1000.0,787.5,1.0,36.0,13,283,18150,6,0.0
98,0.0,0.0,0.0,0.0,6.0,5,72.80421840935115,72.80421840935115,pobre,0,1,1000.0,787.5,1.0,36.0,14,283,18150,6,0.0
97,0.0,0.0,0.0,1.0,1.0,5,72.80421840935115,72.80421840935115,pobre,0,6,7200.0,622.0,1.0,28.0,7,283,18151,1,1.0
98,0.0,0.0,0.0,1.0,2.0,5,72.80421840935115,72.80421840935115,pobre,0,6,7200.0,622.0,1.0,28.0,8,283,18151,1,1.0
97,1.0,0.0,0.0,1.0,6.0,5,72.80421840935115,72.80421840935115,pobre,0,4,1600.0,712.0,1.0,31.0,12,283,18152,6,1.0
98,1.0,0.0,0.0,1.0,7.0,5,72.80421840935115,72.80421840935115,pobre,0,4,1600.0,712.0,1.0,31.0,13,283,18152,6,1.0
97,0.0,0.0,0.0,1.0,3.0,5,72.80421840935115,72.80421840935115,pobre,0,4,1600.0,712.0,1.0,31.0,9,283,18153,3,1.0
98,0.0,0.0,0.0,1.0,4.0,5,72.80421840935115,72.80421840935115,pobre,0,4,1600.0,712.0,1.0,31.0,10,283,18153,3,1.0
97,0.0,0.0,0.0,1.0,5.0,5,72.80421840935115,72.80421840935115,pobre,0,2,0.0,740.5,0.0,60.0,11,283,18154,5,1.0
98,0.0,0.0,0.0,1.0,6.0,5,72.80421840935115,72.80421840935115,pobre,0,2,0.0,740.5,0.0,60.0,12,283,18154,5,1.0
97,0.0,0.0,0.0,1.0,1.0,5,72.80421840935115,72.80421840935115,pobre,0,6,500.0,715.0,1.0,28.0,7,283,18155,1,1.0
98,0.0,0.0,0.0,1.0,2.0,5,72.80421840935115,72.80421840935115,pobre,0,6,500.0,715.0,1.0,28.0,8,283,18155,1,1.0
97,0.0,0.0,0.0,1.0,2.0,4,72.80421840935115,72.80421840935115,pobre,0,0,0.0,755.0,0.0,56.0,9,283,18156,2,1.0
98,0.0,0.0,0.0,1.0,3.0,4,72.80421840935115,72.80421840935115,pobre,0,0,0.0,755.0,0.0,56.0,10,283,18156,2,1.0
97,0.0,0.0,0.0,1.0,2.0,4,72.80421840935115,72.80421840935115,pobre,0,0,0.0,755.0,0.0,56.0,9,283,18157,2,1.0
98,0.0,0.0,0.0,1.0,3.0,4,72.80421840935115,72.80421840935115,pobre,0,0,0.0,755.0,0.0,56.0,10,283,18157,2,1.0
97,0.0,0.0,0.0,1.0,0.0,4,72.80421840935115,72.80421840935115,pobre,0,0,0.0,755.0,0.0,56.0,7,283,18158,0,1.0
98,0.0,0.0,0.0,1.0,1.0,4,72.80421840935115,72.80421840935115,pobre,0,0,0.0,755.0,0.0,56.0,8,283,18158,0,1.0
97,0.0,0.0,0.0,1.0,3.0,7,72.80421840935115,72.80421840935115,pobre,0,3,1400.0,626.0,1.0,28.0,9,283,18159,3,1.0
98,0.0,0.0,0.0,1.0,4.0,7,72.80421840935115,72.80421840935115,pobre,0,3,1400.0,626.0,1.0,28.0,10,283,18159,3,1.0
97,0.0,0.0,0.0,1.0,1.0,7,72.80421840935115,72.80421840935115,pobre,0,3,1400.0,626.0,1.0,28.0,6,283,18160,1,1.0
98,0.0,0.0,0.0,1.0,2.0,7,72.80421840935115,72.80421840935115,pobre,0,3,1400.0,626.0,1.0,28.0,7,283,18160,1,1.0
97,0.0,0.0,0.0,1.0,7.0,8,72.80421840935115,72.80421840935115,pobre,0,1,0.0,603.0,0.0,67.0,14,283,18161,7,1.0
98,0.0,0.0,0.0,1.0,8.0,8,72.80421840935115,72.80421840935115,pobre,0,1,0.0,603.0,0.0,67.0,15,283,18161,7,1.0
97,1.0,0.0,0.0,0.0,6.0,8,72.80421840935115,72.80421840935115,pobre,0,1,0.0,603.0,0.0,67.0,12,283,18162,6,0.0
98,1.0,0.0,0.0,0.0,6.0,8,72.80421840935115,72.80421840935115,pobre,0,1,0.0,603.0,0.0,67.0,13,283,18162,6,0.0
97,1.0,0.0,0.0,1.0,1.0,8,72.80421840935115,72.80421840935115,pobre,0,1,0.0,603.0,0.0,67.0,9,283,18163,1,1.0
98,1.0,0.0,0.0,1.0,2.0,8,72.80421840935115,72.80421840935115,pobre,0,1,0.0,603.0,0.0,67.0,10,283,18163,1,1.0
97,0.0,0.0,0.0,1.0,0.0,8,72.80421840935115,72.80421840935115,pobre,0,1,0.0,603.0,0.0,67.0,7,283,18164,0,1.0
98,0.0,0.0,0.0,1.0,1.0,8,72.80421840935115,72.80421840935115,pobre,0,1,0.0,603.0,0.0,67.0,8,283,18164,0,1.0
97,0.0,0.0,0.0,1.0,4.0,5,72.80421840935115,72.80421840935115,pobre,0,3,800.0,703.0,1.0,30.0,10,283,18165,4,1.0
98,0.0,0.0,0.0,1.0,5.0,5,72.80421840935115,72.80421840935115,pobre,0,3,800.0,703.0,1.0,30.0,11,283,18165,4,1.0
97,1.0,0.0,0.0,1.0,2.0,5,72.80421840935115,72.80421840935115,pobre,0,3,800.0,703.0,1.0,30.0,8,283,18166,2,1.0
98,1.0,0.0,0.0,1.0,3.0,5,72.80421840935115,72.80421840935115,pobre,0,3,800.0,703.0,1.0,30.0,9,283,18166,2,1.0
97,1.0,0.0,0.0,1.0,0.0,5,72.80421840935115,72.80421840935115,pobre,0,3,800.0,703.0,1.0,30.0,6,283,18167,0,1.0
98,1.0,0.0,0.0,1.0,1.0,5,72.80421840935115,72.80421840935115,pobre,0,3,800.0,703.0,1.0,30.0,7,283,18167,0,1.0
97,1.0,0.0,0.0,1.0,1.0,5,72.80421840935115,72.80421840935115,pobre,0,3,0.0,669.0,0.0,64.0,7,283,18168,1,1.0
98,1.0,0.0,0.0,1.0,2.0,5,72.80421840935115,72.80421840935115,pobre,0,3,0.0,669.0,0.0,64.0,8,283,18168,1,1.0
97,0.0,0.0,0.0,0.0,6.0,5,72.80421840935115,72.80421840935115,pobre,0,3,720.0,755.20099,1.0,48.0,13,283,18169,6,0.0
98,0.0,0.0,0.0,0.0,6.0,5,72.80421840935115,72.80421840935115,pobre,0,3,720.0,755.20099,1.0,48.0,14,283,18169,6,0.0
97,0.0,0.0,0.0,1.0,2.0,5,72.80421840935115,72.80421840935115,pobre,0,3,720.0,755.20099,1.0,48.0,9,283,18170,2,1.0
98,0.0,0.0,0.0,1.0,3.0,5,72.80421840935115,72.80421840935115,pobre,0,3,720.0,755.20099,1.0,48.0,10,283,18170,2,1.0
97,0.0,0.0,0.0,1.0,6.0,5,72.80421840935115,72.80421840935115,pobre,0,3,720.0,755.20099,1.0,48.0,12,283,18171,6,1.0
98,0.0,0.0,0.0,0.0,6.0,5,72.80421840935115,72.80421840935115,pobre,0,3,720.0,755.20099,1.0,48.0,13,283,18171,6,1.0
97,1.0,0.0,0.58999997,1.0,2.0,7,141.8944903287733,273.2989389602207,pobre,0,6,625.0,583.0,1.0,34.0,9,441,18172,2,1.0
98,1.0,0.0,0.58999997,1.0,3.0,7,141.8944903287733,273.2989389602207,pobre,0,6,625.0,583.0,1.0,34.0,10,441,18172,2,1.0
97,0.0,0.0,0.58999997,1.0,2.0,7,141.8944903287733,273.2989389602207,pobre,0,6,625.0,583.0,1.0,34.0,8,441,18173,2,1.0
98,0.0,0.0,0.58999997,1.0,3.0,7,141.8944903287733,273.2989389602207,pobre,0,6,625.0,583.0,1.0,34.0,9,441,18173,2,1.0
97,0.0,0.0,0.58999997,1.0,0.0,7,141.8944903287733,273.2989389602207,pobre,0,6,625.0,583.0,1.0,34.0,6,441,18174,0,1.0
98,0.0,0.0,0.58999997,1.0,1.0,7,141.8944903287733,273.2989389602207,pobre,0,6,625.0,583.0,1.0,34.0,7,441,18174,0,1.0
97,1.0,0.0,4.7849998,1.0,9.0,7,63.27033508283312,63.27033508283312,pobre,0,6,1800.0,620.0,1.0,36.0,15,174,18175,9,1.0
98,1.0,0.0,4.7849998,1.0,8.0,7,63.27033508283312,63.27033508283312,pobre,0,6,1800.0,620.0,1.0,36.0,16,174,18175,9,1.0
97,1.0,0.0,4.7849998,1.0,4.0,7,63.27033508283312,63.27033508283312,pobre,0,6,1800.0,620.0,1.0,36.0,10,174,18176,4,1.0
98,1.0,0.0,4.7849998,1.0,5.0,7,63.27033508283312,63.27033508283312,pobre,0,6,1800.0,620.0,1.0,36.0,11,174,18176,4,1.0
97,1.0,0.0,4.7849998,1.0,3.0,7,63.27033508283312,63.27033508283312,pobre,0,6,1800.0,620.0,1.0,36.0,9,174,18177,3,1.0
98,1.0,0.0,4.7849998,1.0,4.0,7,63.27033508283312,63.27033508283312,pobre,0,6,1800.0,620.0,1.0,36.0,10,174,18177,3,1.0
97,1.0,0.0,4.7849998,1.0,2.0,7,63.27033508283312,63.27033508283312,pobre,0,6,1800.0,620.0,1.0,36.0,8,174,18178,2,1.0
98,1.0,0.0,4.7849998,1.0,3.0,7,63.27033508283312,63.27033508283312,pobre,0,6,1800.0,620.0,1.0,36.0,9,174,18178,2,1.0
97,0.0,0.0,4.7849998,0.0,6.0,8,63.27033508283312,63.27033508283312,pobre,0,6,3600.0,457.0,1.0,36.0,15,174,18179,6,0.0
98,0.0,0.0,4.7849998,0.0,6.0,8,63.27033508283312,63.27033508283312,pobre,0,6,3600.0,457.0,1.0,36.0,16,174,18179,6,0.0
97,1.0,0.0,4.7849998,0.0,6.0,8,63.27033508283312,63.27033508283312,pobre,0,6,3600.0,457.0,1.0,36.0,13,174,18180,6,0.0
98,1.0,0.0,4.7849998,0.0,6.0,8,63.27033508283312,63.27033508283312,pobre,0,6,3600.0,457.0,1.0,36.0,14,174,18180,6,0.0
97,1.0,0.0,4.7849998,1.0,4.0,8,63.27033508283312,63.27033508283312,pobre,0,6,3600.0,457.0,1.0,36.0,11,174,18181,4,1.0
98,1.0,0.0,4.7849998,1.0,5.0,8,63.27033508283312,63.27033508283312,pobre,0,6,3600.0,457.0,1.0,36.0,12,174,18181,4,1.0
97,1.0,0.0,4.7849998,1.0,2.0,8,63.27033508283312,63.27033508283312,pobre,0,6,3600.0,457.0,1.0,36.0,9,174,18182,2,1.0
98,1.0,0.0,4.7849998,1.0,3.0,8,63.27033508283312,63.27033508283312,pobre,0,6,3600.0,457.0,1.0,36.0,10,174,18182,2,1.0
97,0.0,0.0,4.7849998,1.0,1.0,8,63.27033508283312,63.27033508283312,pobre,0,6,3600.0,457.0,1.0,36.0,7,174,18183,1,1.0
98,0.0,0.0,4.7849998,1.0,2.0,8,63.27033508283312,63.27033508283312,pobre,0,6,3600.0,457.0,1.0,36.0,8,174,18183,1,1.0
97,1.0,0.0,4.7849998,,0.0,8,63.27033508283312,63.27033508283312,no pobre,0,0,0.0,720.79999,1.0,52.0,16,174,18184,0,
98,1.0,0.0,4.7849998,,,8,63.27033508283312,63.27033508283312,no pobre,0,0,0.0,720.79999,1.0,52.0,17,174,18184,0,
97,1.0,0.0,4.7849998,0.0,6.0,8,63.27033508283312,63.27033508283312,no pobre,0,0,0.0,720.79999,1.0,52.0,13,174,18185,6,0.0
98,1.0,0.0,4.7849998,0.0,6.0,8,63.27033508283312,63.27033508283312,no pobre,0,0,0.0,720.79999,1.0,52.0,14,174,18185,6,0.0
97,0.0,0.0,4.7849998,0.0,6.0,8,63.27033508283312,63.27033508283312,no pobre,0,0,0.0,720.79999,1.0,52.0,12,174,18186,6,0.0
98,0.0,0.0,4.7849998,0.0,6.0,8,63.27033508283312,63.27033508283312,no pobre,0,0,0.0,720.79999,1.0,52.0,13,174,18186,6,0.0
97,0.0,0.0,4.7849998,1.0,2.0,8,63.27033508283312,63.27033508283312,no pobre,0,0,0.0,720.79999,1.0,52.0,9,174,18187,2,1.0
98,0.0,0.0,4.7849998,1.0,3.0,8,63.27033508283312,63.27033508283312,no pobre,0,0,0.0,720.79999,1.0,52.0,10,174,18187,2,1.0
97,0.0,0.0,4.7849998,1.0,2.0,7,63.27033508283312,63.27033508283312,pobre,0,2,1000.0,462.0,1.0,31.0,10,174,18188,2,1.0
98,0.0,0.0,4.7849998,1.0,3.0,7,63.27033508283312,63.27033508283312,pobre,0,2,1000.0,462.0,1.0,31.0,11,174,18188,2,1.0
97,0.0,0.0,4.7849998,1.0,2.0,7,63.27033508283312,63.27033508283312,pobre,0,2,1000.0,462.0,1.0,31.0,9,174,18189,2,1.0
98,0.0,0.0,4.7849998,1.0,2.0,7,63.27033508283312,63.27033508283312,pobre,0,2,1000.0,462.0,1.0,31.0,10,174,18189,2,1.0
97,1.0,0.0,4.7849998,1.0,0.0,7,63.27033508283312,63.27033508283312,pobre,0,2,1000.0,462.0,1.0,31.0,7,174,18190,0,1.0
98,1.0,0.0,4.7849998,1.0,1.0,7,63.27033508283312,63.27033508283312,pobre,0,2,1000.0,462.0,1.0,31.0,8,174,18190,0,1.0
97,0.0,0.0,4.7849998,0.0,6.0,5,63.27033508283312,63.27033508283312,no pobre,0,0,600.0,591.5,1.0,72.0,16,174,18191,6,0.0
98,0.0,0.0,4.7849998,,,5,63.27033508283312,63.27033508283312,no pobre,0,0,600.0,591.5,1.0,72.0,17,174,18191,6,0.0
97,0.0,0.0,4.7849998,1.0,6.0,9,63.27033508283312,63.27033508283312,pobre,0,3,0.0,399.0,1.0,31.0,12,174,18192,6,1.0
98,0.0,0.0,4.7849998,0.0,6.0,9,63.27033508283312,63.27033508283312,pobre,0,3,0.0,399.0,1.0,31.0,13,174,18192,6,1.0
97,0.0,0.0,4.7849998,1.0,5.0,9,63.27033508283312,63.27033508283312,pobre,0,3,0.0,399.0,1.0,31.0,10,174,18193,5,1.0
98,0.0,0.0,4.7849998,1.0,5.0,9,63.27033508283312,63.27033508283312,pobre,0,3,0.0,399.0,1.0,31.0,11,174,18193,5,1.0
97,0.0,0.0,4.7849998,1.0,3.0,9,63.27033508283312,63.27033508283312,pobre,0,3,0.0,399.0,1.0,31.0,9,174,18194,3,1.0
98,0.0,0.0,4.7849998,1.0,3.0,9,63.27033508283312,63.27033508283312,pobre,0,3,0.0,399.0,1.0,31.0,10,174,18194,3,1.0
97,0.0,0.0,4.7849998,1.0,2.0,9,63.27033508283312,63.27033508283312,pobre,0,3,0.0,399.0,1.0,31.0,8,174,18195,2,1.0
98,0.0,0.0,4.7849998,1.0,2.0,9,63.27033508283312,63.27033508283312,pobre,0,3,0.0,399.0,1.0,31.0,9,174,18195,2,1.0
97,1.0,0.0,4.7849998,1.0,3.0,5,63.27033508283312,63.27033508283312,pobre,0,3,2000.0,560.0,1.0,32.0,8,174,18196,3,1.0
98,1.0,0.0,4.7849998,1.0,3.0,5,63.27033508283312,63.27033508283312,pobre,0,3,2000.0,560.0,1.0,32.0,9,174,18196,3,1.0
97,0.0,0.0,4.7849998,1.0,2.0,5,63.27033508283312,63.27033508283312,pobre,0,6,2400.0,494.0,1.0,37.0,7,174,18197,2,1.0
98,0.0,0.0,4.7849998,,,5,63.27033508283312,63.27033508283312,pobre,0,6,2400.0,494.0,1.0,37.0,8,174,18197,2,1.0
97,1.0,0.0,4.7849998,0.0,7.0,9,63.27033508283312,63.27033508283312,pobre,0,3,0.0,684.5,1.0,49.0,15,174,18198,7,0.0
98,1.0,0.0,4.7849998,,,9,63.27033508283312,63.27033508283312,pobre,0,3,0.0,684.5,1.0,49.0,16,174,18198,7,0.0
97,1.0,0.0,4.7849998,1.0,5.0,9,63.27033508283312,63.27033508283312,pobre,0,3,0.0,684.5,1.0,49.0,11,174,18199,5,1.0
98,1.0,0.0,4.7849998,,,9,63.27033508283312,63.27033508283312,pobre,0,3,0.0,684.5,1.0,49.0,12,174,18199,5,1.0
97,0.0,0.0,4.7849998,0.0,7.0,9,63.27033508283312,63.27033508283312,pobre,0,3,0.0,684.5,1.0,49.0,12,174,18200,7,0.0
98,0.0,0.0,4.7849998,,,9,63.27033508283312,63.27033508283312,pobre,0,3,0.0,684.5,1.0,49.0,13,174,18200,7,0.0
97,0.0,0.0,4.7849998,1.0,3.0,8,63.27033508283312,63.27033508283312,pobre,0,0,83.333336,716.66998,1.0,57.0,9,174,18201,3,1.0
98,0.0,0.0,4.7849998,1.0,4.0,8,63.27033508283312,63.27033508283312,pobre,0,0,83.333336,716.66998,1.0,57.0,10,174,18201,3,1.0
97,0.0,0.0,4.7849998,1.0,2.0,8,63.27033508283312,63.27033508283312,pobre,0,0,83.333336,716.66998,1.0,57.0,6,174,18202,2,1.0
98,0.0,0.0,4.7849998,1.0,2.0,8,63.27033508283312,63.27033508283312,pobre,0,0,83.333336,716.66998,1.0,57.0,7,174,18202,2,1.0
97,1.0,0.0,4.7849998,0.0,6.0,8,63.27033508283312,63.27033508283312,pobre,0,2,800.0,459.0,1.0,42.0,14,174,18203,6,0.0
98,1.0,0.0,4.7849998,0.0,6.0,8,63.27033508283312,63.27033508283312,pobre,0,2,800.0,459.0,1.0,42.0,15,174,18203,6,0.0
97,0.0,0.0,4.7849998,0.0,6.0,8,63.27033508283312,63.27033508283312,pobre,0,2,800.0,459.0,1.0,42.0,13,174,18204,6,0.0
98,0.0,0.0,4.7849998,0.0,6.0,8,63.27033508283312,63.27033508283312,pobre,0,2,800.0,459.0,1.0,42.0,14,174,18204,6,0.0
97,0.0,0.0,4.7849998,1.0,4.0,8,63.27033508283312,63.27033508283312,pobre,0,2,800.0,459.0,1.0,42.0,11,174,18205,4,1.0
98,0.0,0.0,4.7849998,1.0,4.0,8,63.27033508283312,63.27033508283312,pobre,0,2,800.0,459.0,1.0,42.0,12,174,18205,4,1.0
97,0.0,0.0,4.7849998,1.0,2.0,8,63.27033508283312,63.27033508283312,pobre,0,2,800.0,459.0,1.0,42.0,8,174,18206,2,1.0
98,0.0,0.0,4.7849998,1.0,2.0,8,63.27033508283312,63.27033508283312,pobre,0,2,800.0,459.0,1.0,42.0,9,174,18206,2,1.0
97,0.0,0.0,4.7849998,1.0,1.0,5,63.27033508283312,63.27033508283312,pobre,0,6,600.0,469.0,1.0,23.0,7,174,18207,1,1.0
98,0.0,0.0,4.7849998,1.0,2.0,5,63.27033508283312,63.27033508283312,pobre,0,6,600.0,469.0,1.0,23.0,8,174,18207,1,1.0
97,1.0,0.0,4.7849998,1.0,4.0,5,63.27033508283312,63.27033508283312,pobre,0,9,800.0,725.0,1.0,46.0,10,174,18208,4,1.0
98,1.0,0.0,4.7849998,1.0,5.0,5,63.27033508283312,63.27033508283312,pobre,0,9,800.0,725.0,1.0,46.0,11,174,18208,4,1.0
97,1.0,0.0,4.7849998,1.0,2.0,5,63.27033508283312,63.27033508283312,pobre,0,9,800.0,725.0,1.0,46.0,8,174,18209,2,1.0
98,1.0,0.0,4.7849998,1.0,3.0,5,63.27033508283312,63.27033508283312,pobre,0,9,800.0,725.0,1.0,46.0,9,174,18209,2,1.0
97,1.0,0.0,4.7849998,1.0,1.0,5,63.27033508283312,63.27033508283312,pobre,0,6,1200.0,711.0,1.0,28.0,7,174,18210,1,1.0
98,1.0,0.0,4.7849998,1.0,2.0,5,63.27033508283312,63.27033508283312,pobre,0,6,1200.0,711.0,1.0,28.0,8,174,18210,1,1.0
97,1.0,0.0,4.7849998,1.0,4.0,5,63.27033508283312,63.27033508283312,pobre,0,2,800.0,633.0,1.0,37.0,10,174,18211,4,1.0
98,1.0,0.0,4.7849998,1.0,4.0,5,63.27033508283312,63.27033508283312,pobre,0,2,800.0,633.0,1.0,37.0,11,174,18211,4,1.0
97,1.0,0.0,4.7849998,1.0,3.0,5,63.27033508283312,63.27033508283312,pobre,0,2,800.0,633.0,1.0,37.0,8,174,18212,3,1.0
98,1.0,0.0,4.7849998,1.0,4.0,5,63.27033508283312,63.27033508283312,pobre,0,2,800.0,633.0,1.0,37.0,9,174,18212,3,1.0
97,0.0,0.0,4.7849998,1.0,1.0,5,63.27033508283312,63.27033508283312,pobre,0,2,800.0,633.0,1.0,37.0,6,174,18213,1,1.0
98,0.0,0.0,4.7849998,1.0,1.0,5,63.27033508283312,63.27033508283312,pobre,0,2,800.0,633.0,1.0,37.0,7,174,18213,1,1.0
97,0.0,0.0,4.7849998,0.0,6.0,8,63.27033508283312,63.27033508283312,no pobre,0,6,0.0,574.66998,0.0,40.0,16,174,18214,6,0.0
98,0.0,0.0,4.7849998,,,8,63.27033508283312,63.27033508283312,no pobre,0,6,0.0,574.66998,0.0,40.0,17,174,18214,6,0.0
97,1.0,0.0,4.7849998,0.0,6.0,8,63.27033508283312,63.27033508283312,no pobre,0,6,0.0,574.66998,0.0,40.0,12,174,18215,6,0.0
98,1.0,0.0,4.7849998,0.0,6.0,8,63.27033508283312,63.27033508283312,no pobre,0,6,0.0,574.66998,0.0,40.0,13,174,18215,6,0.0
97,1.0,0.0,4.7849998,1.0,5.0,8,63.27033508283312,63.27033508283312,no pobre,0,6,0.0,574.66998,0.0,40.0,10,174,18216,5,1.0
98,1.0,0.0,4.7849998,1.0,5.0,8,63.27033508283312,63.27033508283312,no pobre,0,6,0.0,574.66998,0.0,40.0,11,174,18216,5,1.0
97,0.0,0.0,4.7849998,1.0,3.0,8,63.27033508283312,63.27033508283312,no pobre,0,6,0.0,574.66998,0.0,40.0,8,174,18217,3,1.0
98,0.0,0.0,4.7849998,1.0,3.0,8,63.27033508283312,63.27033508283312,no pobre,0,6,0.0,574.66998,0.0,40.0,9,174,18217,3,1.0
97,0.0,0.0,4.7849998,0.0,6.0,7,63.27033508283312,63.27033508283312,pobre,0,5,800.0,471.0,1.0,33.0,12,174,18218,6,0.0
98,0.0,0.0,4.7849998,0.0,6.0,7,63.27033508283312,63.27033508283312,pobre,0,5,800.0,471.0,1.0,33.0,13,174,18218,6,0.0
97,1.0,0.0,4.7849998,1.0,4.0,7,63.27033508283312,63.27033508283312,pobre,0,5,800.0,471.0,1.0,33.0,11,174,18219,4,1.0
98,1.0,0.0,4.7849998,1.0,5.0,7,63.27033508283312,63.27033508283312,pobre,0,5,800.0,471.0,1.0,33.0,12,174,18219,4,1.0
97,0.0,0.0,4.7849998,1.0,2.0,7,63.27033508283312,63.27033508283312,pobre,0,5,800.0,471.0,1.0,33.0,8,174,18220,2,1.0
98,0.0,0.0,4.7849998,1.0,3.0,7,63.27033508283312,63.27033508283312,pobre,0,5,800.0,471.0,1.0,33.0,9,174,18220,2,1.0
97,1.0,0.0,4.7849998,1.0,0.0,7,63.27033508283312,63.27033508283312,pobre,0,5,800.0,471.0,1.0,33.0,6,174,18221,0,1.0
98,1.0,0.0,4.7849998,1.0,1.0,7,63.27033508283312,63.27033508283312,pobre,0,5,800.0,471.0,1.0,33.0,7,174,18221,0,1.0
97,1.0,0.0,4.7849998,1.0,4.0,7,63.27033508283312,63.27033508283312,pobre,0,0,1080.0,581.0,1.0,37.0,11,174,18222,4,1.0
98,1.0,0.0,4.7849998,1.0,5.0,7,63.27033508283312,63.27033508283312,pobre,0,0,1080.0,581.0,1.0,37.0,12,174,18222,4,1.0
97,0.0,0.0,4.7849998,1.0,2.0,7,63.27033508283312,63.27033508283312,pobre,0,0,1080.0,581.0,1.0,37.0,8,174,18223,2,1.0
98,0.0,0.0,4.7849998,1.0,2.0,7,63.27033508283312,63.27033508283312,pobre,0,0,1080.0,581.0,1.0,37.0,9,174,18223,2,1.0
97,1.0,0.0,4.7849998,1.0,0.0,7,63.27033508283312,63.27033508283312,pobre,0,0,1080.0,581.0,1.0,37.0,6,174,18224,0,1.0
98,1.0,0.0,4.7849998,1.0,1.0,7,63.27033508283312,63.27033508283312,pobre,0,0,1080.0,581.0,1.0,37.0,7,174,18224,0,1.0
97,1.0,0.0,4.7849998,0.0,6.0,7,63.27033508283312,63.27033508283312,no pobre,0,0,0.0,785.5,1.0,82.0,16,174,18225,6,0.0
98,1.0,0.0,4.7849998,0.0,6.0,7,63.27033508283312,63.27033508283312,no pobre,0,0,0.0,785.5,1.0,82.0,17,174,18225,6,0.0
97,0.0,0.0,4.7849998,0.0,6.0,7,63.27033508283312,63.27033508283312,no pobre,0,0,0.0,785.5,1.0,82.0,14,174,18226,6,0.0
98,0.0,0.0,4.7849998,0.0,6.0,7,63.27033508283312,63.27033508283312,no pobre,0,0,0.0,785.5,1.0,82.0,15,174,18226,6,0.0
97,0.0,0.0,4.7849998,1.0,5.0,7,63.27033508283312,63.27033508283312,no pobre,0,0,0.0,785.5,1.0,82.0,7,174,18227,5,1.0
98,0.0,0.0,4.7849998,0.0,6.0,7,63.27033508283312,63.27033508283312,no pobre,0,0,0.0,785.5,1.0,82.0,8,174,18227,5,1.0
97,1.0,0.0,4.7849998,1.0,3.0,7,63.27033508283312,63.27033508283312,no pobre,0,0,0.0,785.5,1.0,82.0,6,174,18228,3,1.0
98,1.0,0.0,4.7849998,1.0,4.0,7,63.27033508283312,63.27033508283312,no pobre,0,0,0.0,785.5,1.0,82.0,7,174,18228,3,1.0
97,1.0,0.0,4.7849998,1.0,5.0,7,63.27033508283312,63.27033508283312,pobre,0,0,0.0,497.0,1.0,85.0,11,174,18229,5,1.0
98,1.0,0.0,4.7849998,0.0,6.0,7,63.27033508283312,63.27033508283312,pobre,0,0,0.0,497.0,1.0,85.0,12,174,18229,5,1.0
97,1.0,0.0,4.7849998,0.0,6.0,8,63.27033508283312,63.27033508283312,pobre,0,2,750.0,483.0,1.0,34.0,14,174,18230,6,0.0
98,1.0,0.0,4.7849998,0.0,6.0,8,63.27033508283312,63.27033508283312,pobre,0,2,750.0,483.0,1.0,34.0,15,174,18230,6,0.0
97,0.0,0.0,4.7849998,1.0,5.0,8,63.27033508283312,63.27033508283312,pobre,0,2,750.0,483.0,1.0,34.0,11,174,18231,5,1.0
98,0.0,0.0,4.7849998,1.0,5.0,8,63.27033508283312,63.27033508283312,pobre,0,2,750.0,483.0,1.0,34.0,12,174,18231,5,1.0
97,0.0,0.0,4.7849998,1.0,2.0,8,63.27033508283312,63.27033508283312,pobre,0,2,750.0,483.0,1.0,34.0,9,174,18232,2,1.0
98,0.0,0.0,4.7849998,1.0,3.0,8,63.27033508283312,63.27033508283312,pobre,0,2,750.0,483.0,1.0,34.0,10,174,18232,2,1.0
97,0.0,0.0,4.7849998,1.0,0.0,8,63.27033508283312,63.27033508283312,pobre,0,2,750.0,483.0,1.0,34.0,6,174,18233,0,1.0
98,0.0,0.0,4.7849998,1.0,0.0,8,63.27033508283312,63.27033508283312,pobre,0,2,750.0,483.0,1.0,34.0,7,174,18233,0,1.0
97,1.0,0.0,4.7849998,0.0,6.0,9,63.27033508283312,63.27033508283312,pobre,0,2,600.0,739.5,1.0,44.0,12,174,18234,6,0.0
98,1.0,0.0,4.7849998,0.0,6.0,9,63.27033508283312,63.27033508283312,pobre,0,2,600.0,739.5,1.0,44.0,13,174,18234,6,0.0
97,0.0,0.0,4.7849998,1.0,4.0,9,63.27033508283312,63.27033508283312,pobre,0,2,600.0,739.5,1.0,44.0,10,174,18235,4,1.0
98,0.0,0.0,4.7849998,1.0,5.0,9,63.27033508283312,63.27033508283312,pobre,0,2,600.0,739.5,1.0,44.0,11,174,18235,4,1.0
97,1.0,0.0,4.7849998,1.0,2.0,9,63.27033508283312,63.27033508283312,pobre,0,2,600.0,739.5,1.0,44.0,8,174,18236,2,1.0
98,1.0,0.0,4.7849998,1.0,2.0,9,63.27033508283312,63.27033508283312,pobre,0,2,600.0,739.5,1.0,44.0,9,174,18236,2,1.0
97,0.0,0.0,4.7849998,1.0,1.0,9,63.27033508283312,63.27033508283312,pobre,0,2,600.0,739.5,1.0,44.0,6,174,18237,1,1.0
98,0.0,0.0,4.7849998,1.0,1.0,9,63.27033508283312,63.27033508283312,pobre,0,2,600.0,739.5,1.0,44.0,7,174,18237,1,1.0
97,1.0,0.0,4.7849998,1.0,3.0,5,63.27033508283312,63.27033508283312,pobre,0,6,1000.0,507.20001,1.0,29.0,7,174,18238,3,1.0
98,1.0,0.0,4.7849998,1.0,4.0,5,63.27033508283312,63.27033508283312,pobre,0,6,1000.0,507.20001,1.0,29.0,8,174,18238,3,1.0
97,1.0,0.0,4.7849998,1.0,2.0,5,63.27033508283312,63.27033508283312,pobre,0,6,1000.0,507.20001,1.0,29.0,6,174,18239,2,1.0
98,1.0,0.0,4.7849998,1.0,,5,63.27033508283312,63.27033508283312,pobre,0,6,1000.0,507.20001,1.0,29.0,7,174,18239,2,1.0
97,0.0,0.0,4.7849998,0.0,6.0,7,63.27033508283312,63.27033508283312,pobre,0,1,0.0,464.0,0.0,42.0,15,174,18240,6,0.0
98,0.0,0.0,4.7849998,0.0,6.0,7,63.27033508283312,63.27033508283312,pobre,0,1,0.0,464.0,0.0,42.0,16,174,18240,6,0.0
97,1.0,0.0,4.7849998,1.0,4.0,7,63.27033508283312,63.27033508283312,pobre,0,1,0.0,464.0,0.0,42.0,12,174,18241,4,1.0
98,1.0,0.0,4.7849998,1.0,5.0,7,63.27033508283312,63.27033508283312,pobre,0,1,0.0,464.0,0.0,42.0,13,174,18241,4,1.0
97,1.0,0.0,4.7849998,1.0,3.0,7,63.27033508283312,63.27033508283312,pobre,0,1,0.0,464.0,0.0,42.0,11,174,18242,3,1.0
98,1.0,0.0,4.7849998,1.0,4.0,7,63.27033508283312,63.27033508283312,pobre,0,1,0.0,464.0,0.0,42.0,12,174,18242,3,1.0
97,0.0,0.0,4.7849998,1.0,1.0,7,63.27033508283312,63.27033508283312,pobre,0,1,0.0,464.0,0.0,42.0,9,174,18243,1,1.0
98,0.0,0.0,4.7849998,1.0,2.0,7,63.27033508283312,63.27033508283312,pobre,0,1,0.0,464.0,0.0,42.0,10,174,18243,1,1.0
97,0.0,0.0,4.7849998,0.0,6.0,7,63.27033508283312,63.27033508283312,pobre,0,3,0.0,630.0,1.0,40.0,15,174,18244,6,0.0
98,0.0,0.0,4.7849998,,,7,63.27033508283312,63.27033508283312,pobre,0,3,0.0,630.0,1.0,40.0,16,174,18244,6,0.0
97,1.0,0.0,4.7849998,0.0,6.0,7,63.27033508283312,63.27033508283312,pobre,0,3,0.0,630.0,1.0,40.0,13,174,18245,6,0.0
98,1.0,0.0,4.7849998,,6.0,7,63.27033508283312,63.27033508283312,pobre,0,3,0.0,630.0,1.0,40.0,14,174,18245,6,0.0
97,0.0,0.0,4.7849998,1.0,4.0,7,63.27033508283312,63.27033508283312,pobre,0,3,0.0,630.0,1.0,40.0,10,174,18246,4,1.0
98,0.0,0.0,4.7849998,,5.0,7,63.27033508283312,63.27033508283312,pobre,0,3,0.0,630.0,1.0,40.0,11,174,18246,4,1.0
97,1.0,0.0,4.7849998,1.0,1.0,7,63.27033508283312,63.27033508283312,pobre,0,3,0.0,630.0,1.0,40.0,7,174,18247,1,1.0
98,1.0,0.0,4.7849998,,2.0,7,63.27033508283312,63.27033508283312,pobre,0,3,0.0,630.0,1.0,40.0,8,174,18247,1,1.0
97,1.0,0.0,4.7849998,0.0,6.0,6,63.27033508283312,63.27033508283312,no pobre,0,6,0.0,883.5,1.0,47.0,16,174,18248,6,0.0
98,1.0,0.0,4.7849998,0.0,6.0,6,63.27033508283312,63.27033508283312,no pobre,0,6,0.0,883.5,1.0,47.0,17,174,18248,6,0.0
97,0.0,0.0,4.7849998,0.0,6.0,7,63.27033508283312,63.27033508283312,pobre,0,1,0.0,498.0,1.0,46.0,16,174,18249,6,0.0
98,0.0,0.0,4.7849998,,,7,63.27033508283312,63.27033508283312,pobre,0,1,0.0,498.0,1.0,46.0,17,174,18249,6,0.0
97,1.0,0.0,4.7849998,0.0,6.0,7,63.27033508283312,63.27033508283312,pobre,0,1,0.0,498.0,1.0,46.0,14,174,18250,6,0.0
98,1.0,0.0,4.7849998,0.0,6.0,7,63.27033508283312,63.27033508283312,pobre,0,1,0.0,498.0,1.0,46.0,15,174,18250,6,0.0
97,1.0,0.0,4.7849998,1.0,4.0,7,63.27033508283312,63.27033508283312,pobre,0,1,0.0,498.0,1.0,46.0,9,174,18251,4,1.0
98,1.0,0.0,4.7849998,1.0,4.0,7,63.27033508283312,63.27033508283312,pobre,0,1,0.0,498.0,1.0,46.0,10,174,18251,4,1.0
97,1.0,0.0,4.7849998,1.0,2.0,7,63.27033508283312,63.27033508283312,pobre,0,1,0.0,498.0,1.0,46.0,8,174,18252,2,1.0
98,1.0,0.0,4.7849998,1.0,2.0,7,63.27033508283312,63.27033508283312,pobre,0,1,0.0,498.0,1.0,46.0,9,174,18252,2,1.0
97,0.0,0.0,5.3990002,1.0,6.0,8,126.8546743241916,126.8546743241916,pobre,0,2,83.333336,967.0,1.0,57.0,16,287,18253,6,1.0
98,0.0,0.0,5.3990002,,,8,126.8546743241916,126.8546743241916,pobre,0,2,83.333336,967.0,1.0,57.0,17,287,18253,6,1.0
97,0.0,0.0,4.5120001,0.0,6.0,8,60.22839731787766,60.22839731787766,pobre,basal,6,83.333336,567.0,1.0,34.0,14,275,18254,6,0.0
98,0.0,0.0,4.5120001,0.0,6.0,8,60.22839731787766,60.22839731787766,pobre,basal,6,83.333336,567.0,1.0,34.0,15,275,18254,6,0.0
97,0.0,0.0,4.5120001,1.0,5.0,8,60.22839731787766,60.22839731787766,pobre,basal,6,83.333336,567.0,1.0,34.0,11,275,18255,5,1.0
98,0.0,0.0,4.5120001,1.0,6.0,8,60.22839731787766,60.22839731787766,pobre,basal,6,83.333336,567.0,1.0,34.0,12,275,18255,5,1.0
97,1.0,0.0,4.5120001,1.0,3.0,8,60.22839731787766,60.22839731787766,pobre,basal,6,83.333336,567.0,1.0,34.0,9,275,18256,3,1.0
98,1.0,0.0,4.5120001,1.0,4.0,8,60.22839731787766,60.22839731787766,pobre,basal,6,83.333336,567.0,1.0,34.0,10,275,18256,3,1.0
97,0.0,0.0,4.5120001,1.0,1.0,8,60.22839731787766,60.22839731787766,pobre,basal,6,83.333336,567.0,1.0,34.0,7,275,18257,1,1.0
98,0.0,0.0,4.5120001,1.0,2.0,8,60.22839731787766,60.22839731787766,pobre,basal,6,83.333336,567.0,1.0,34.0,8,275,18257,1,1.0
97,1.0,0.0,4.5120001,1.0,6.0,6,60.22839731787766,60.22839731787766,pobre,basal,3,116.66666,657.0,1.0,55.0,14,275,18258,6,1.0
98,1.0,0.0,4.5120001,1.0,7.0,6,60.22839731787766,60.22839731787766,pobre,basal,3,116.66666,657.0,1.0,55.0,15,275,18258,6,1.0
97,1.0,0.0,4.5120001,1.0,5.0,6,60.22839731787766,60.22839731787766,pobre,basal,3,116.66666,657.0,1.0,55.0,12,275,18259,5,1.0
98,1.0,0.0,4.5120001,1.0,6.0,6,60.22839731787766,60.22839731787766,pobre,basal,3,116.66666,657.0,1.0,55.0,13,275,18259,5,1.0
97,1.0,0.0,4.5120001,1.0,4.0,6,60.22839731787766,60.22839731787766,pobre,basal,3,116.66666,657.0,1.0,55.0,11,275,18260,4,1.0
98,1.0,0.0,4.5120001,1.0,5.0,6,60.22839731787766,60.22839731787766,pobre,basal,3,116.66666,657.0,1.0,55.0,12,275,18260,4,1.0
97,1.0,0.0,4.5120001,1.0,2.0,6,60.22839731787766,60.22839731787766,pobre,basal,3,116.66666,657.0,1.0,55.0,8,275,18261,2,1.0
98,1.0,0.0,4.5120001,1.0,3.0,6,60.22839731787766,60.22839731787766,pobre,basal,3,116.66666,657.0,1.0,55.0,9,275,18261,2,1.0
97,0.0,0.0,0.0,1.0,6.0,6,72.80421840935115,72.80421840935115,pobre,0,0,1400.0,741.0,1.0,44.0,12,283,18262,6,1.0
98,0.0,0.0,0.0,1.0,7.0,6,72.80421840935115,72.80421840935115,pobre,0,0,1400.0,741.0,1.0,44.0,13,283,18262,6,1.0
97,0.0,0.0,0.0,,0.0,6,72.80421840935115,72.80421840935115,pobre,0,0,1400.0,741.0,1.0,44.0,6,283,18263,0,
98,0.0,0.0,0.0,1.0,1.0,6,72.80421840935115,72.80421840935115,pobre,0,0,1400.0,741.0,1.0,44.0,7,283,18263,0,
97,1.0,0.0,11.983,0.0,5.0,3,148.0691347823746,220.2166280501844,no pobre,0,3,0.0,902.62,1.0,57.0,12,371,18264,5,0.0
98,1.0,0.0,11.983,1.0,6.0,3,148.0691347823746,220.2166280501844,no pobre,0,3,0.0,902.62,1.0,57.0,13,371,18264,5,0.0
97,0.0,0.0,11.983,0.0,6.0,10,148.0691347823746,220.2166280501844,pobre,0,3,0.0,735.33002,1.0,42.0,16,371,18265,6,0.0
98,0.0,0.0,11.983,,,10,148.0691347823746,220.2166280501844,pobre,0,3,0.0,735.33002,1.0,42.0,17,371,18265,6,0.0
97,1.0,0.0,11.983,0.0,6.0,10,148.0691347823746,220.2166280501844,pobre,0,3,0.0,735.33002,1.0,42.0,14,371,18266,6,0.0
98,1.0,0.0,11.983,,,10,148.0691347823746,220.2166280501844,pobre,0,3,0.0,735.33002,1.0,42.0,15,371,18266,6,0.0
97,0.0,0.0,11.983,1.0,5.0,10,148.0691347823746,220.2166280501844,pobre,0,3,0.0,735.33002,1.0,42.0,12,371,18267,5,1.0
98,0.0,0.0,11.983,,,10,148.0691347823746,220.2166280501844,pobre,0,3,0.0,735.33002,1.0,42.0,13,371,18267,5,1.0
97,1.0,0.0,11.983,1.0,4.0,10,148.0691347823746,220.2166280501844,pobre,0,3,0.0,735.33002,1.0,42.0,10,371,18268,4,1.0
98,1.0,0.0,11.983,1.0,5.0,10,148.0691347823746,220.2166280501844,pobre,0,3,0.0,735.33002,1.0,42.0,11,371,18268,4,1.0
97,0.0,0.0,11.983,1.0,2.0,10,148.0691347823746,220.2166280501844,pobre,0,3,0.0,735.33002,1.0,42.0,8,371,18269,2,1.0
98,0.0,0.0,11.983,1.0,3.0,10,148.0691347823746,220.2166280501844,pobre,0,3,0.0,735.33002,1.0,42.0,9,371,18269,2,1.0
97,0.0,0.0,11.983,1.0,1.0,8,148.0691347823746,220.2166280501844,pobre,0,5,16.666666,723.0,1.0,28.0,7,371,18270,1,1.0
98,0.0,0.0,11.983,1.0,2.0,8,148.0691347823746,220.2166280501844,pobre,0,5,16.666666,723.0,1.0,28.0,8,371,18270,1,1.0
97,1.0,0.0,11.983,0.0,6.0,10,148.0691347823746,220.2166280501844,no pobre,0,2,275.0,797.0,1.0,47.0,15,371,18271,6,0.0
98,1.0,0.0,11.983,0.0,6.0,10,148.0691347823746,220.2166280501844,no pobre,0,2,275.0,797.0,1.0,47.0,16,371,18271,6,0.0
97,0.0,0.0,11.983,1.0,6.0,10,148.0691347823746,220.2166280501844,no pobre,0,2,275.0,797.0,1.0,47.0,13,371,18272,6,1.0
98,0.0,0.0,11.983,1.0,7.0,10,148.0691347823746,220.2166280501844,no pobre,0,2,275.0,797.0,1.0,47.0,14,371,18272,6,1.0
97,0.0,0.0,11.983,1.0,4.0,10,148.0691347823746,220.2166280501844,no pobre,0,2,275.0,797.0,1.0,47.0,10,371,18273,4,1.0
98,0.0,0.0,11.983,1.0,5.0,10,148.0691347823746,220.2166280501844,no pobre,0,2,275.0,797.0,1.0,47.0,11,371,18273,4,1.0
97,0.0,0.0,11.983,1.0,0.0,10,148.0691347823746,220.2166280501844,no pobre,0,2,275.0,797.0,1.0,47.0,6,371,18274,0,1.0
98,0.0,0.0,11.983,1.0,1.0,10,148.0691347823746,220.2166280501844,no pobre,0,2,275.0,797.0,1.0,47.0,7,371,18274,0,1.0
97,1.0,0.0,11.983,1.0,3.0,7,148.0691347823746,220.2166280501844,pobre,0,3,0.0,601.0,1.0,34.0,13,371,18275,3,1.0
98,1.0,0.0,11.983,1.0,4.0,7,148.0691347823746,220.2166280501844,pobre,0,3,0.0,601.0,1.0,34.0,14,371,18275,3,1.0
97,0.0,0.0,11.983,1.0,5.0,7,148.0691347823746,220.2166280501844,pobre,0,3,0.0,601.0,1.0,34.0,12,371,18276,5,1.0
98,0.0,0.0,11.983,1.0,6.0,7,148.0691347823746,220.2166280501844,pobre,0,3,0.0,601.0,1.0,34.0,13,371,18276,5,1.0
97,1.0,0.0,11.983,1.0,3.0,7,148.0691347823746,220.2166280501844,pobre,0,3,0.0,601.0,1.0,34.0,10,371,18277,3,1.0
98,1.0,0.0,11.983,1.0,4.0,7,148.0691347823746,220.2166280501844,pobre,0,3,0.0,601.0,1.0,34.0,11,371,18277,3,1.0
97,0.0,0.0,11.983,1.0,1.0,7,148.0691347823746,220.2166280501844,pobre,0,3,0.0,601.0,1.0,34.0,8,371,18278,1,1.0
98,0.0,0.0,11.983,1.0,2.0,7,148.0691347823746,220.2166280501844,pobre,0,3,0.0,601.0,1.0,34.0,9,371,18278,1,1.0
97,1.0,0.0,11.983,0.0,6.0,5,148.0691347823746,220.2166280501844,no pobre,0,3,0.0,878.5,1.0,39.0,15,371,18279,6,0.0
98,1.0,0.0,11.983,,,5,148.0691347823746,220.2166280501844,no pobre,0,3,0.0,878.5,1.0,39.0,16,371,18279,6,0.0
97,1.0,0.0,3.6010001,1.0,4.0,6,89.38165253308725,89.38165253308725,no pobre,basal,1,250.0,1157.0,1.0,58.0,10,295,18280,4,1.0
98,1.0,0.0,3.6010001,1.0,5.0,6,89.38165253308725,89.38165253308725,no pobre,basal,1,250.0,1157.0,1.0,58.0,11,295,18280,4,1.0
97,1.0,0.0,3.6010001,0.0,6.0,10,89.38165253308725,89.38165253308725,no pobre,basal,2,750.0,966.5,1.0,63.0,16,295,18281,6,0.0
98,1.0,0.0,3.6010001,0.0,7.0,10,89.38165253308725,89.38165253308725,no pobre,basal,2,750.0,966.5,1.0,63.0,17,295,18281,6,0.0
97,0.0,0.0,3.6010001,1.0,7.0,10,89.38165253308725,89.38165253308725,no pobre,basal,2,750.0,966.5,1.0,63.0,12,295,18282,7,1.0
98,0.0,0.0,3.6010001,1.0,8.0,10,89.38165253308725,89.38165253308725,no pobre,basal,2,750.0,966.5,1.0,63.0,13,295,18282,7,1.0
97,0.0,0.0,3.6010001,1.0,2.0,10,89.38165253308725,89.38165253308725,no pobre,basal,2,750.0,966.5,1.0,63.0,8,295,18283,2,1.0
98,0.0,0.0,3.6010001,1.0,3.0,10,89.38165253308725,89.38165253308725,no pobre,basal,2,750.0,966.5,1.0,63.0,9,295,18283,2,1.0
97,1.0,0.0,3.6010001,1.0,1.0,10,89.38165253308725,89.38165253308725,no pobre,basal,2,750.0,966.5,1.0,63.0,7,295,18284,1,1.0
98,1.0,0.0,3.6010001,1.0,2.0,10,89.38165253308725,89.38165253308725,no pobre,basal,2,750.0,966.5,1.0,63.0,8,295,18284,1,1.0
97,0.0,0.0,3.6010001,1.0,0.0,10,89.38165253308725,89.38165253308725,no pobre,basal,2,750.0,966.5,1.0,63.0,6,295,18285,0,1.0
98,0.0,0.0,3.6010001,1.0,1.0,10,89.38165253308725,89.38165253308725,no pobre,basal,2,750.0,966.5,1.0,63.0,7,295,18285,0,1.0
97,0.0,0.0,3.6010001,1.0,8.0,4,89.38165253308725,89.38165253308725,pobre,basal,2,0.0,757.0,1.0,55.0,16,295,18286,8,1.0
98,0.0,0.0,3.6010001,,,4,89.38165253308725,89.38165253308725,pobre,basal,2,0.0,757.0,1.0,55.0,17,295,18286,8,1.0
97,0.0,0.0,3.6010001,1.0,1.0,9,89.38165253308725,89.38165253308725,pobre,basal,3,625.0,808.75,1.0,48.0,7,295,18287,1,1.0
98,0.0,0.0,3.6010001,1.0,2.0,9,89.38165253308725,89.38165253308725,pobre,basal,3,625.0,808.75,1.0,48.0,8,295,18287,1,1.0
97,1.0,0.0,3.6010001,1.0,0.0,9,89.38165253308725,89.38165253308725,pobre,basal,3,625.0,808.75,1.0,48.0,6,295,18288,0,1.0
98,1.0,0.0,3.6010001,1.0,1.0,9,89.38165253308725,89.38165253308725,pobre,basal,3,625.0,808.75,1.0,48.0,7,295,18288,0,1.0
97,1.0,0.0,3.6010001,0.0,6.0,7,89.38165253308725,89.38165253308725,pobre,basal,3,625.0,808.5,1.0,46.0,14,295,18289,6,0.0
98,1.0,0.0,3.6010001,0.0,6.0,7,89.38165253308725,89.38165253308725,pobre,basal,3,625.0,808.5,1.0,46.0,15,295,18289,6,0.0
97,0.0,0.0,3.6010001,1.0,5.0,7,89.38165253308725,89.38165253308725,pobre,basal,3,625.0,808.5,1.0,46.0,11,295,18290,5,1.0
98,0.0,0.0,3.6010001,0.0,6.0,7,89.38165253308725,89.38165253308725,pobre,basal,3,625.0,808.5,1.0,46.0,12,295,18290,5,1.0
97,1.0,0.0,3.6010001,1.0,0.0,7,89.38165253308725,89.38165253308725,pobre,basal,3,625.0,808.5,1.0,46.0,6,295,18291,0,1.0
98,1.0,0.0,3.6010001,1.0,1.0,7,89.38165253308725,89.38165253308725,pobre,basal,3,625.0,808.5,1.0,46.0,7,295,18291,0,1.0
97,1.0,0.0,3.6010001,0.0,4.0,4,89.38165253308725,89.38165253308725,pobre,basal,2,500.0,894.0,1.0,37.0,15,295,18292,4,0.0
98,1.0,0.0,3.6010001,,,4,89.38165253308725,89.38165253308725,pobre,basal,2,500.0,894.0,1.0,37.0,16,295,18292,4,0.0
97,1.0,0.0,3.6010001,1.0,5.0,8,89.38165253308725,89.38165253308725,pobre,basal,3,1200.0,795.33099,1.0,44.0,13,295,18293,5,1.0
98,1.0,0.0,3.6010001,0.0,6.0,8,89.38165253308725,89.38165253308725,pobre,basal,3,1200.0,795.33099,1.0,44.0,14,295,18293,5,1.0
97,1.0,0.0,3.6010001,1.0,5.0,8,89.38165253308725,89.38165253308725,pobre,basal,3,1200.0,795.33099,1.0,44.0,12,295,18294,5,1.0
98,1.0,0.0,3.6010001,0.0,6.0,8,89.38165253308725,89.38165253308725,pobre,basal,3,1200.0,795.33099,1.0,44.0,13,295,18294,5,1.0
97,1.0,0.0,3.6010001,1.0,5.0,8,89.38165253308725,89.38165253308725,pobre,basal,3,1200.0,795.33099,1.0,44.0,11,295,18295,5,1.0
98,1.0,0.0,3.6010001,0.0,6.0,8,89.38165253308725,89.38165253308725,pobre,basal,3,1200.0,795.33099,1.0,44.0,12,295,18295,5,1.0
97,0.0,0.0,3.6010001,1.0,4.0,5,89.38165253308725,89.38165253308725,pobre,basal,4,1000.0,791.0,1.0,40.0,11,295,18296,4,1.0
98,0.0,0.0,3.6010001,1.0,5.0,5,89.38165253308725,89.38165253308725,pobre,basal,4,1000.0,791.0,1.0,40.0,12,295,18296,4,1.0
97,0.0,0.0,3.6010001,1.0,3.0,5,89.38165253308725,89.38165253308725,pobre,basal,4,1000.0,791.0,1.0,40.0,9,295,18297,3,1.0
98,0.0,0.0,3.6010001,1.0,4.0,5,89.38165253308725,89.38165253308725,pobre,basal,4,1000.0,791.0,1.0,40.0,10,295,18297,3,1.0
97,1.0,0.0,2.7839999,0.0,6.0,3,129.2997246825789,152.3692940125547,pobre,basal,6,0.0,726.5,0.0,19.0,15,78,18298,6,0.0
98,1.0,0.0,2.7839999,0.0,8.0,3,129.2997246825789,152.3692940125547,pobre,basal,6,0.0,726.5,0.0,19.0,16,78,18298,6,0.0
97,0.0,0.0,2.7839999,1.0,7.0,3,129.2997246825789,152.3692940125547,pobre,basal,6,0.0,726.5,0.0,19.0,14,78,18299,7,1.0
98,0.0,0.0,2.7839999,1.0,7.0,3,129.2997246825789,152.3692940125547,pobre,basal,6,0.0,726.5,0.0,19.0,15,78,18299,7,1.0
97,0.0,0.0,2.7839999,1.0,7.0,7,129.2997246825789,152.3692940125547,pobre,basal,2,500.0,757.5,1.0,54.0,15,78,18300,7,1.0
98,0.0,0.0,2.7839999,1.0,7.0,7,129.2997246825789,152.3692940125547,pobre,basal,2,500.0,757.5,1.0,54.0,16,78,18300,7,1.0
97,0.0,0.0,2.7839999,1.0,3.0,7,129.2997246825789,152.3692940125547,pobre,basal,2,500.0,757.5,1.0,54.0,11,78,18301,3,1.0
98,0.0,0.0,2.7839999,1.0,4.0,7,129.2997246825789,152.3692940125547,pobre,basal,2,500.0,757.5,1.0,54.0,12,78,18301,3,1.0
97,1.0,0.0,2.7839999,1.0,3.0,7,129.2997246825789,152.3692940125547,pobre,basal,2,500.0,757.5,1.0,54.0,10,78,18302,3,1.0
98,1.0,0.0,2.7839999,0.0,3.0,7,129.2997246825789,152.3692940125547,pobre,basal,2,500.0,757.5,1.0,54.0,11,78,18302,3,1.0
97,1.0,0.0,2.7839999,1.0,0.0,7,129.2997246825789,152.3692940125547,pobre,basal,2,500.0,757.5,1.0,54.0,7,78,18303,0,1.0
98,1.0,0.0,2.7839999,1.0,1.0,7,129.2997246825789,152.3692940125547,pobre,basal,2,500.0,757.5,1.0,54.0,8,78,18303,0,1.0
97,0.0,0.0,2.7839999,0.0,6.0,5,129.2997246825789,152.3692940125547,pobre,basal,2,750.0,731.0,1.0,35.0,15,78,18304,6,0.0
98,0.0,0.0,2.7839999,0.0,6.0,5,129.2997246825789,152.3692940125547,pobre,basal,2,750.0,731.0,1.0,35.0,16,78,18304,6,0.0
97,1.0,0.0,2.7709999,1.0,3.0,6,162.3551720465836,177.3929067697574,pobre,basal,2,0.0,800.0,1.0,53.0,11,41,18305,3,1.0
98,1.0,0.0,2.7709999,0.0,3.0,6,162.3551720465836,177.3929067697574,pobre,basal,2,0.0,800.0,1.0,53.0,12,41,18305,3,1.0
97,1.0,0.0,2.7709999,1.0,2.0,6,162.3551720465836,177.3929067697574,pobre,basal,2,0.0,800.0,1.0,53.0,6,41,18306,2,1.0
98,1.0,0.0,2.7709999,1.0,3.0,6,162.3551720465836,177.3929067697574,pobre,basal,2,0.0,800.0,1.0,53.0,7,41,18306,2,1.0
97,0.0,0.0,2.7709999,1.0,9.0,7,162.3551720465836,177.3929067697574,pobre,basal,2,500.0,668.0,1.0,48.0,14,41,18307,9,1.0
98,0.0,0.0,2.7709999,1.0,9.0,7,162.3551720465836,177.3929067697574,pobre,basal,2,500.0,668.0,1.0,48.0,15,41,18307,9,1.0
97,1.0,0.0,2.7709999,1.0,4.0,7,162.3551720465836,177.3929067697574,pobre,basal,2,500.0,668.0,1.0,48.0,10,41,18308,4,1.0
98,1.0,0.0,2.7709999,1.0,5.0,7,162.3551720465836,177.3929067697574,pobre,basal,2,500.0,668.0,1.0,48.0,11,41,18308,4,1.0
97,1.0,0.0,2.7709999,1.0,1.0,7,162.3551720465836,177.3929067697574,pobre,basal,2,500.0,668.0,1.0,48.0,8,41,18309,1,1.0
98,1.0,0.0,2.7709999,1.0,2.0,7,162.3551720465836,177.3929067697574,pobre,basal,2,500.0,668.0,1.0,48.0,9,41,18309,1,1.0
97,0.0,0.0,2.7709999,0.0,8.0,10,162.3551720465836,177.3929067697574,pobre,basal,6,500.0,731.0,1.0,39.0,15,41,18310,8,0.0
98,0.0,0.0,2.7709999,1.0,9.0,10,162.3551720465836,177.3929067697574,pobre,basal,6,500.0,731.0,1.0,39.0,16,41,18310,8,0.0
97,1.0,0.0,2.7709999,1.0,7.0,10,162.3551720465836,177.3929067697574,pobre,basal,6,500.0,731.0,1.0,39.0,13,41,18311,7,1.0
98,1.0,0.0,2.7709999,1.0,8.0,10,162.3551720465836,177.3929067697574,pobre,basal,6,500.0,731.0,1.0,39.0,14,41,18311,7,1.0
97,1.0,0.0,2.7709999,1.0,3.0,10,162.3551720465836,177.3929067697574,pobre,basal,6,500.0,731.0,1.0,39.0,11,41,18312,3,1.0
98,1.0,0.0,2.7709999,1.0,6.0,10,162.3551720465836,177.3929067697574,pobre,basal,6,500.0,731.0,1.0,39.0,12,41,18312,3,1.0
97,1.0,0.0,2.7709999,1.0,3.0,10,162.3551720465836,177.3929067697574,pobre,basal,6,500.0,731.0,1.0,39.0,10,41,18313,3,1.0
98,1.0,0.0,2.7709999,1.0,5.0,10,162.3551720465836,177.3929067697574,pobre,basal,6,500.0,731.0,1.0,39.0,11,41,18313,3,1.0
97,0.0,0.0,2.7709999,1.0,2.0,10,162.3551720465836,177.3929067697574,pobre,basal,6,500.0,731.0,1.0,39.0,8,41,18314,2,1.0
98,0.0,0.0,2.7709999,1.0,3.0,10,162.3551720465836,177.3929067697574,pobre,basal,6,500.0,731.0,1.0,39.0,9,41,18314,2,1.0
97,1.0,0.0,2.7709999,1.0,0.0,10,162.3551720465836,177.3929067697574,pobre,basal,6,500.0,731.0,1.0,39.0,6,41,18315,0,1.0
98,1.0,0.0,2.7709999,1.0,1.0,10,162.3551720465836,177.3929067697574,pobre,basal,6,500.0,731.0,1.0,39.0,7,41,18315,0,1.0
97,0.0,0.0,2.7839999,0.0,6.0,9,129.2997246825789,152.3692940125547,pobre,basal,3,500.0,808.5,1.0,46.0,13,78,18316,6,0.0
98,0.0,0.0,2.7839999,1.0,7.0,9,129.2997246825789,152.3692940125547,pobre,basal,3,500.0,808.5,1.0,46.0,14,78,18316,6,0.0
97,1.0,0.0,2.7839999,1.0,0.0,5,129.2997246825789,152.3692940125547,pobre,basal,6,500.0,742.5,1.0,28.0,8,78,18317,0,1.0
98,1.0,0.0,2.7839999,1.0,3.0,5,129.2997246825789,152.3692940125547,pobre,basal,6,500.0,742.5,1.0,28.0,9,78,18317,0,1.0
97,0.0,0.0,2.7839999,1.0,1.0,5,129.2997246825789,152.3692940125547,pobre,basal,6,500.0,742.5,1.0,28.0,6,78,18318,1,1.0
98,0.0,0.0,2.7839999,1.0,3.0,5,129.2997246825789,152.3692940125547,pobre,basal,6,500.0,742.5,1.0,28.0,7,78,18318,1,1.0
97,0.0,0.0,2.7839999,1.0,7.0,4,129.2997246825789,152.3692940125547,pobre,basal,0,500.0,769.0,1.0,52.0,13,78,18319,7,1.0
98,0.0,0.0,2.7839999,,,4,129.2997246825789,152.3692940125547,pobre,basal,0,500.0,769.0,1.0,52.0,14,78,18319,7,1.0
97,0.0,0.0,2.7839999,1.0,4.0,4,129.2997246825789,152.3692940125547,pobre,basal,0,500.0,769.0,1.0,52.0,8,78,18320,4,1.0
98,0.0,0.0,2.7839999,1.0,5.0,4,129.2997246825789,152.3692940125547,pobre,basal,0,500.0,769.0,1.0,52.0,9,78,18320,4,1.0
97,0.0,0.0,2.7839999,1.0,6.0,7,129.2997246825789,152.3692940125547,pobre,basal,4,500.0,667.0,1.0,47.0,13,78,18321,6,1.0
98,0.0,0.0,2.7839999,1.0,7.0,7,129.2997246825789,152.3692940125547,pobre,basal,4,500.0,667.0,1.0,47.0,14,78,18321,6,1.0
97,0.0,0.0,2.7839999,1.0,3.0,7,129.2997246825789,152.3692940125547,pobre,basal,4,500.0,667.0,1.0,47.0,9,78,18322,3,1.0
98,0.0,0.0,2.7839999,1.0,4.0,7,129.2997246825789,152.3692940125547,pobre,basal,4,500.0,667.0,1.0,47.0,10,78,18322,3,1.0
97,0.0,0.0,2.7839999,1.0,1.0,7,129.2997246825789,152.3692940125547,pobre,basal,4,500.0,667.0,1.0,47.0,7,78,18323,1,1.0
98,0.0,0.0,2.7839999,1.0,0.0,7,129.2997246825789,152.3692940125547,pobre,basal,4,500.0,667.0,1.0,47.0,8,78,18323,1,1.0
97,1.0,0.0,3.4619999,0.0,6.0,8,54.58969370270708,80.0313721624163,pobre,basal,3,0.0,716.0,1.0,43.0,14,205,18324,6,0.0
98,1.0,0.0,3.4619999,0.0,6.0,8,54.58969370270708,80.0313721624163,pobre,basal,3,0.0,716.0,1.0,43.0,15,205,18324,6,0.0
97,0.0,0.0,3.4619999,1.0,3.0,8,54.58969370270708,80.0313721624163,pobre,basal,3,0.0,716.0,1.0,43.0,11,205,18325,3,1.0
98,0.0,0.0,3.4619999,1.0,4.0,8,54.58969370270708,80.0313721624163,pobre,basal,3,0.0,716.0,1.0,43.0,12,205,18325,3,1.0
97,1.0,0.0,3.4619999,0.0,6.0,9,54.58969370270708,80.0313721624163,no pobre,basal,3,0.0,834.0,1.0,53.0,16,205,18326,6,0.0
98,1.0,0.0,3.4619999,0.0,6.0,9,54.58969370270708,80.0313721624163,no pobre,basal,3,0.0,834.0,1.0,53.0,17,205,18326,6,0.0
97,0.0,0.0,3.4619999,0.0,6.0,9,54.58969370270708,80.0313721624163,no pobre,basal,3,0.0,834.0,1.0,53.0,14,205,18327,6,0.0
98,0.0,0.0,3.4619999,0.0,6.0,9,54.58969370270708,80.0313721624163,no pobre,basal,3,0.0,834.0,1.0,53.0,15,205,18327,6,0.0
97,1.0,0.0,3.4619999,1.0,3.0,9,54.58969370270708,80.0313721624163,no pobre,basal,3,0.0,834.0,1.0,53.0,12,205,18328,3,1.0
98,1.0,0.0,3.4619999,1.0,3.0,9,54.58969370270708,80.0313721624163,no pobre,basal,3,0.0,834.0,1.0,53.0,13,205,18328,3,1.0
97,1.0,0.0,3.4619999,1.0,4.0,9,54.58969370270708,80.0313721624163,no pobre,basal,3,0.0,834.0,1.0,53.0,10,205,18329,4,1.0
98,1.0,0.0,3.4619999,1.0,5.0,9,54.58969370270708,80.0313721624163,no pobre,basal,3,0.0,834.0,1.0,53.0,11,205,18329,4,1.0
97,0.0,0.0,3.4619999,0.0,5.0,6,54.58969370270708,80.0313721624163,no pobre,basal,6,500.0,725.0,1.0,33.0,10,205,18330,5,0.0
98,0.0,0.0,3.4619999,1.0,5.0,6,54.58969370270708,80.0313721624163,no pobre,basal,6,500.0,725.0,1.0,33.0,11,205,18330,5,0.0
97,0.0,0.0,3.4619999,1.0,2.0,6,54.58969370270708,80.0313721624163,no pobre,basal,6,500.0,725.0,1.0,33.0,9,205,18331,2,1.0
98,0.0,0.0,3.4619999,1.0,3.0,6,54.58969370270708,80.0313721624163,no pobre,basal,6,500.0,725.0,1.0,33.0,10,205,18331,2,1.0
97,1.0,0.0,3.4619999,1.0,2.0,6,54.58969370270708,80.0313721624163,no pobre,basal,6,500.0,725.0,1.0,33.0,7,205,18332,2,1.0
98,1.0,0.0,3.4619999,1.0,3.0,6,54.58969370270708,80.0313721624163,no pobre,basal,6,500.0,725.0,1.0,33.0,8,205,18332,2,1.0
97,0.0,0.0,3.4619999,1.0,7.0,4,54.58969370270708,80.0313721624163,pobre,basal,2,500.0,821.0,1.0,54.0,15,205,18333,7,1.0
98,0.0,0.0,3.4619999,1.0,8.0,4,54.58969370270708,80.0313721624163,pobre,basal,2,500.0,821.0,1.0,54.0,16,205,18333,7,1.0
97,0.0,0.0,3.4619999,1.0,5.0,4,54.58969370270708,80.0313721624163,pobre,basal,2,500.0,821.0,1.0,54.0,11,205,18334,5,1.0
98,0.0,0.0,3.4619999,0.0,6.0,4,54.58969370270708,80.0313721624163,pobre,basal,2,500.0,821.0,1.0,54.0,12,205,18334,5,1.0
97,1.0,0.0,3.4619999,0.0,6.0,5,54.58969370270708,80.0313721624163,pobre,basal,2,500.0,735.66669,1.0,50.0,14,205,18335,6,0.0
98,1.0,0.0,3.4619999,0.0,6.0,5,54.58969370270708,80.0313721624163,pobre,basal,2,500.0,735.66669,1.0,50.0,15,205,18335,6,0.0
97,1.0,0.0,3.4619999,1.0,10.0,8,54.58969370270708,80.0313721624163,no pobre,basal,6,500.0,1015.0,1.0,49.0,15,205,18336,10,1.0
98,1.0,0.0,3.4619999,,,8,54.58969370270708,80.0313721624163,no pobre,basal,6,500.0,1015.0,1.0,49.0,16,205,18336,10,1.0
97,0.0,0.0,3.4619999,1.0,7.0,8,54.58969370270708,80.0313721624163,no pobre,basal,6,500.0,1015.0,1.0,49.0,13,205,18337,7,1.0
98,0.0,0.0,3.4619999,,,8,54.58969370270708,80.0313721624163,no pobre,basal,6,500.0,1015.0,1.0,49.0,14,205,18337,7,1.0
97,1.0,0.0,3.4619999,0.0,9.0,6,54.58969370270708,80.0313721624163,no pobre,basal,6,625.0,948.0,1.0,37.0,15,205,18338,9,0.0
98,1.0,0.0,3.4619999,0.0,9.0,6,54.58969370270708,80.0313721624163,no pobre,basal,6,625.0,948.0,1.0,37.0,16,205,18338,9,0.0
97,1.0,0.0,3.4619999,0.0,6.0,6,54.58969370270708,80.0313721624163,no pobre,basal,6,625.0,948.0,1.0,37.0,13,205,18339,6,0.0
98,1.0,0.0,3.4619999,0.0,6.0,6,54.58969370270708,80.0313721624163,no pobre,basal,6,625.0,948.0,1.0,37.0,14,205,18339,6,0.0
97,0.0,0.0,3.4619999,1.0,4.0,6,54.58969370270708,80.0313721624163,no pobre,basal,6,625.0,948.0,1.0,37.0,11,205,18340,4,1.0
98,0.0,0.0,3.4619999,1.0,4.0,6,54.58969370270708,80.0313721624163,no pobre,basal,6,625.0,948.0,1.0,37.0,12,205,18340,4,1.0
97,0.0,0.0,3.4619999,1.0,3.0,6,54.58969370270708,80.0313721624163,no pobre,basal,6,625.0,948.0,1.0,37.0,9,205,18341,3,1.0
98,0.0,0.0,3.4619999,1.0,4.0,6,54.58969370270708,80.0313721624163,no pobre,basal,6,625.0,948.0,1.0,37.0,10,205,18341,3,1.0
97,1.0,0.0,1.215,1.0,4.0,11,68.0634834871252,92.82478021940337,pobre,0,0,375.0,759.0,1.0,54.0,14,252,18342,4,1.0
98,1.0,0.0,1.215,1.0,5.0,11,68.0634834871252,92.82478021940337,pobre,0,0,375.0,759.0,1.0,54.0,15,252,18342,4,1.0
97,1.0,0.0,1.215,1.0,3.0,11,68.0634834871252,92.82478021940337,pobre,0,0,375.0,759.0,1.0,54.0,12,252,18343,3,1.0
98,1.0,0.0,1.215,1.0,4.0,11,68.0634834871252,92.82478021940337,pobre,0,0,375.0,759.0,1.0,54.0,13,252,18343,3,1.0
97,1.0,0.0,2.444,1.0,8.0,3,95.00202238906576,115.1568188719346,no pobre,0,6,1000.0,859.5,1.0,67.0,16,266,18344,8,1.0
98,1.0,0.0,2.444,,,3,95.00202238906576,115.1568188719346,no pobre,0,6,1000.0,859.5,1.0,67.0,17,266,18344,8,1.0
97,0.0,0.0,2.444,1.0,8.0,9,95.00202238906576,115.1568188719346,pobre,0,0,500.0,753.14001,1.0,47.0,14,266,18345,8,1.0
98,0.0,0.0,2.444,1.0,9.0,9,95.00202238906576,115.1568188719346,pobre,0,0,500.0,753.14001,1.0,47.0,15,266,18345,8,1.0
97,1.0,0.0,2.444,1.0,5.0,9,95.00202238906576,115.1568188719346,pobre,0,0,500.0,753.14001,1.0,47.0,10,266,18346,5,1.0
98,1.0,0.0,2.444,1.0,6.0,9,95.00202238906576,115.1568188719346,pobre,0,0,500.0,753.14001,1.0,47.0,11,266,18346,5,1.0
97,0.0,0.0,2.444,1.0,2.0,9,95.00202238906576,115.1568188719346,pobre,0,0,500.0,753.14001,1.0,47.0,8,266,18347,2,1.0
98,0.0,0.0,2.444,1.0,4.0,9,95.00202238906576,115.1568188719346,pobre,0,0,500.0,753.14001,1.0,47.0,9,266,18347,2,1.0
97,1.0,0.0,2.444,1.0,1.0,9,95.00202238906576,115.1568188719346,pobre,0,0,500.0,753.14001,1.0,47.0,6,266,18348,1,1.0
98,1.0,0.0,2.444,1.0,2.0,9,95.00202238906576,115.1568188719346,pobre,0,0,500.0,753.14001,1.0,47.0,7,266,18348,1,1.0
97,1.0,0.0,2.444,1.0,3.0,3,95.00202238906576,115.1568188719346,pobre,0,6,720.0,764.0,1.0,42.0,9,266,18349,3,1.0
98,1.0,0.0,2.444,1.0,1.0,3,95.00202238906576,115.1568188719346,pobre,0,6,720.0,764.0,1.0,42.0,10,266,18349,3,1.0
97,1.0,0.0,2.444,1.0,3.0,3,95.00202238906576,115.1568188719346,no pobre,0,1,500.0,909.0,1.0,53.0,6,266,18350,3,1.0
98,1.0,0.0,2.444,1.0,0.0,3,95.00202238906576,115.1568188719346,no pobre,0,1,500.0,909.0,1.0,53.0,7,266,18350,3,1.0
97,0.0,0.0,2.444,0.0,9.0,9,95.00202238906576,115.1568188719346,pobre,0,0,0.0,707.25,1.0,63.0,15,266,18351,9,0.0
98,0.0,0.0,2.444,0.0,9.0,9,95.00202238906576,115.1568188719346,pobre,0,0,0.0,707.25,1.0,63.0,16,266,18351,9,0.0
97,1.0,0.0,2.444,0.0,6.0,9,95.00202238906576,115.1568188719346,pobre,0,0,0.0,707.25,1.0,63.0,12,266,18352,6,0.0
98,1.0,0.0,2.444,0.0,6.0,9,95.00202238906576,115.1568188719346,pobre,0,0,0.0,707.25,1.0,63.0,13,266,18352,6,0.0
97,0.0,0.0,2.444,0.0,6.0,9,95.00202238906576,115.1568188719346,pobre,0,0,0.0,707.25,1.0,63.0,11,266,18353,6,0.0
98,0.0,0.0,2.444,0.0,6.0,9,95.00202238906576,115.1568188719346,pobre,0,0,0.0,707.25,1.0,63.0,12,266,18353,6,0.0
97,1.0,0.0,2.444,1.0,4.0,9,95.00202238906576,115.1568188719346,pobre,0,0,0.0,707.25,1.0,63.0,10,266,18354,4,1.0
98,1.0,0.0,2.444,1.0,5.0,9,95.00202238906576,115.1568188719346,pobre,0,0,0.0,707.25,1.0,63.0,11,266,18354,4,1.0
97,1.0,0.0,1.215,0.0,6.0,9,68.0634834871252,92.82478021940337,pobre,0,5,500.0,669.25,1.0,45.0,16,252,18355,6,0.0
98,1.0,0.0,1.215,,,9,68.0634834871252,92.82478021940337,pobre,0,5,500.0,669.25,1.0,45.0,17,252,18355,6,0.0
97,1.0,0.0,1.215,0.0,4.0,9,68.0634834871252,92.82478021940337,pobre,0,5,500.0,669.25,1.0,45.0,13,252,18356,4,0.0
98,1.0,0.0,1.215,0.0,4.0,9,68.0634834871252,92.82478021940337,pobre,0,5,500.0,669.25,1.0,45.0,14,252,18356,4,0.0
97,0.0,0.0,1.215,1.0,5.0,9,68.0634834871252,92.82478021940337,pobre,0,5,500.0,669.25,1.0,45.0,11,252,18357,5,1.0
98,0.0,0.0,1.215,1.0,6.0,9,68.0634834871252,92.82478021940337,pobre,0,5,500.0,669.25,1.0,45.0,12,252,18357,5,1.0
97,0.0,0.0,1.215,1.0,1.0,9,68.0634834871252,92.82478021940337,pobre,0,5,500.0,669.25,1.0,45.0,9,252,18358,1,1.0
98,0.0,0.0,1.215,1.0,2.0,9,68.0634834871252,92.82478021940337,pobre,0,5,500.0,669.25,1.0,45.0,10,252,18358,1,1.0
97,1.0,0.0,1.215,0.0,6.0,5,68.0634834871252,92.82478021940337,pobre,0,0,200.0,749.66669,0.0,31.0,15,252,18359,6,0.0
98,1.0,0.0,1.215,,,5,68.0634834871252,92.82478021940337,pobre,0,0,200.0,749.66669,0.0,31.0,16,252,18359,6,0.0
97,0.0,0.0,1.215,1.0,5.0,5,68.0634834871252,92.82478021940337,pobre,0,0,200.0,749.66669,0.0,31.0,11,252,18360,5,1.0
98,0.0,0.0,1.215,1.0,5.0,5,68.0634834871252,92.82478021940337,pobre,0,0,200.0,749.66669,0.0,31.0,12,252,18360,5,1.0
97,1.0,0.0,1.215,1.0,0.0,5,68.0634834871252,92.82478021940337,pobre,0,0,200.0,749.66669,0.0,31.0,6,252,18361,0,1.0
98,1.0,0.0,1.215,1.0,1.0,5,68.0634834871252,92.82478021940337,pobre,0,0,200.0,749.66669,0.0,31.0,7,252,18361,0,1.0
97,1.0,0.0,1.215,1.0,9.0,10,68.0634834871252,92.82478021940337,pobre,0,2,166.66667,832.0,1.0,45.0,15,252,18362,9,1.0
98,1.0,0.0,1.215,,,10,68.0634834871252,92.82478021940337,pobre,0,2,166.66667,832.0,1.0,45.0,16,252,18362,9,1.0
97,0.0,0.0,1.215,1.0,0.0,10,68.0634834871252,92.82478021940337,pobre,0,2,166.66667,832.0,1.0,45.0,6,252,18363,0,1.0
98,0.0,0.0,1.215,1.0,1.0,10,68.0634834871252,92.82478021940337,pobre,0,2,166.66667,832.0,1.0,45.0,7,252,18363,0,1.0
97,1.0,0.0,1.215,1.0,3.0,10,68.0634834871252,92.82478021940337,pobre,0,2,166.66667,832.0,1.0,45.0,10,252,18364,3,1.0
98,1.0,0.0,1.215,1.0,3.0,10,68.0634834871252,92.82478021940337,pobre,0,2,166.66667,832.0,1.0,45.0,11,252,18364,3,1.0
97,0.0,0.0,1.215,0.0,4.0,7,68.0634834871252,92.82478021940337,no pobre,0,4,416.66666,864.33331,1.0,52.0,15,252,18365,4,0.0
98,0.0,0.0,1.215,0.0,1.0,7,68.0634834871252,92.82478021940337,no pobre,0,4,416.66666,864.33331,1.0,52.0,16,252,18365,4,0.0
97,1.0,0.0,1.215,0.0,4.0,7,68.0634834871252,92.82478021940337,no pobre,0,4,416.66666,864.33331,1.0,52.0,15,252,18366,4,0.0
98,1.0,0.0,1.215,0.0,4.0,7,68.0634834871252,92.82478021940337,no pobre,0,4,416.66666,864.33331,1.0,52.0,16,252,18366,4,0.0
97,0.0,0.0,1.215,1.0,0.0,7,68.0634834871252,92.82478021940337,no pobre,0,4,416.66666,864.33331,1.0,52.0,6,252,18367,0,1.0
98,0.0,0.0,1.215,,,7,68.0634834871252,92.82478021940337,no pobre,0,4,416.66666,864.33331,1.0,52.0,7,252,18367,0,1.0
97,0.0,0.0,3.6949999,0.0,4.0,8,52.92058670672675,66.89152496264177,pobre,0,3,500.0,708.0,1.0,38.0,16,234,18368,4,0.0
98,0.0,0.0,3.6949999,,,8,52.92058670672675,66.89152496264177,pobre,0,3,500.0,708.0,1.0,38.0,17,234,18368,4,0.0
97,0.0,0.0,3.6949999,0.0,6.0,8,52.92058670672675,66.89152496264177,pobre,0,3,500.0,708.0,1.0,38.0,12,234,18369,6,0.0
98,0.0,0.0,3.6949999,1.0,7.0,8,52.92058670672675,66.89152496264177,pobre,0,3,500.0,708.0,1.0,38.0,13,234,18369,6,0.0
97,0.0,0.0,3.6949999,1.0,3.0,8,52.92058670672675,66.89152496264177,pobre,0,3,500.0,708.0,1.0,38.0,11,234,18370,3,1.0
98,0.0,0.0,3.6949999,1.0,5.0,8,52.92058670672675,66.89152496264177,pobre,0,3,500.0,708.0,1.0,38.0,12,234,18370,3,1.0
97,1.0,0.0,3.6949999,1.0,3.0,8,52.92058670672675,66.89152496264177,pobre,0,3,500.0,708.0,1.0,38.0,9,234,18371,3,1.0
98,1.0,0.0,3.6949999,1.0,4.0,8,52.92058670672675,66.89152496264177,pobre,0,3,500.0,708.0,1.0,38.0,10,234,18371,3,1.0
97,1.0,0.0,3.6949999,1.0,0.0,8,52.92058670672675,66.89152496264177,pobre,0,3,500.0,708.0,1.0,38.0,6,234,18372,0,1.0
98,1.0,0.0,3.6949999,1.0,1.0,8,52.92058670672675,66.89152496264177,pobre,0,3,500.0,708.0,1.0,38.0,7,234,18372,0,1.0
97,0.0,0.0,3.6949999,1.0,1.0,5,52.92058670672675,66.89152496264177,pobre,0,0,600.0,666.14001,1.0,48.0,11,234,18373,1,1.0
98,0.0,0.0,3.6949999,1.0,5.0,5,52.92058670672675,66.89152496264177,pobre,0,0,600.0,666.14001,1.0,48.0,12,234,18373,1,1.0
97,0.0,0.0,3.6949999,,1.0,5,52.92058670672675,66.89152496264177,pobre,0,0,600.0,666.14001,1.0,48.0,6,234,18374,1,
98,0.0,0.0,3.6949999,1.0,2.0,5,52.92058670672675,66.89152496264177,pobre,0,0,600.0,666.14001,1.0,48.0,7,234,18374,1,
97,0.0,0.0,1.215,1.0,8.0,7,68.0634834871252,92.82478021940337,pobre,0,3,166.66667,855.0,1.0,49.0,14,252,18375,8,1.0
98,0.0,0.0,1.215,0.0,9.0,7,68.0634834871252,92.82478021940337,pobre,0,3,166.66667,855.0,1.0,49.0,15,252,18375,8,1.0
97,1.0,0.0,1.215,1.0,5.0,7,68.0634834871252,92.82478021940337,pobre,0,3,166.66667,855.0,1.0,49.0,11,252,18376,5,1.0
98,1.0,0.0,1.215,0.0,6.0,7,68.0634834871252,92.82478021940337,pobre,0,3,166.66667,855.0,1.0,49.0,12,252,18376,5,1.0
97,1.0,0.0,3.6949999,0.0,6.0,4,52.92058670672675,66.89152496264177,no pobre,0,3,0.0,854.17999,1.0,72.0,13,234,18377,6,0.0
98,1.0,0.0,3.6949999,0.0,6.0,4,52.92058670672675,66.89152496264177,no pobre,0,3,0.0,854.17999,1.0,72.0,14,234,18377,6,0.0
97,1.0,0.0,3.6949999,0.0,6.0,3,52.92058670672675,66.89152496264177,pobre,0,3,0.0,789.67999,1.0,63.0,15,234,18378,6,0.0
98,1.0,0.0,3.6949999,,,3,52.92058670672675,66.89152496264177,pobre,0,3,0.0,789.67999,1.0,63.0,16,234,18378,6,0.0
97,1.0,0.0,3.6949999,0.0,3.0,4,52.92058670672675,66.89152496264177,pobre,0,0,0.0,737.33002,1.0,58.0,15,234,18379,3,0.0
98,1.0,0.0,3.6949999,,,4,52.92058670672675,66.89152496264177,pobre,0,0,0.0,737.33002,1.0,58.0,16,234,18379,3,0.0
97,0.0,0.0,1.215,0.0,6.0,5,68.0634834871252,92.82478021940337,pobre,0,2,0.0,539.0,1.0,59.0,14,252,18380,6,0.0
98,0.0,0.0,1.215,0.0,6.0,5,68.0634834871252,92.82478021940337,pobre,0,2,0.0,539.0,1.0,59.0,15,252,18380,6,0.0
97,1.0,0.0,1.215,1.0,6.0,5,68.0634834871252,92.82478021940337,pobre,0,2,0.0,539.0,1.0,59.0,12,252,18381,6,1.0
98,1.0,0.0,1.215,0.0,6.0,5,68.0634834871252,92.82478021940337,pobre,0,2,0.0,539.0,1.0,59.0,13,252,18381,6,1.0
97,1.0,0.0,1.215,0.0,1.0,7,68.0634834871252,92.82478021940337,pobre,0,1,0.0,599.5,0.0,83.0,8,252,18382,1,0.0
98,1.0,0.0,1.215,,,7,68.0634834871252,92.82478021940337,pobre,0,1,0.0,599.5,0.0,83.0,9,252,18382,1,0.0
97,1.0,0.0,1.215,1.0,1.0,7,68.0634834871252,92.82478021940337,pobre,0,1,0.0,599.5,0.0,83.0,7,252,18383,1,1.0
98,1.0,0.0,1.215,1.0,2.0,7,68.0634834871252,92.82478021940337,pobre,0,1,0.0,599.5,0.0,83.0,8,252,18383,1,1.0
97,1.0,0.0,1.215,0.0,1.0,7,68.0634834871252,92.82478021940337,pobre,0,1,0.0,599.5,0.0,83.0,7,252,18384,1,0.0
98,1.0,0.0,1.215,1.0,0.0,7,68.0634834871252,92.82478021940337,pobre,0,1,0.0,599.5,0.0,83.0,8,252,18384,1,0.0
97,0.0,0.0,1.215,1.0,1.0,3,68.0634834871252,92.82478021940337,pobre,0,0,500.0,614.0,1.0,32.0,7,252,18385,1,1.0
98,0.0,0.0,1.215,1.0,2.0,3,68.0634834871252,92.82478021940337,pobre,0,0,500.0,614.0,1.0,32.0,8,252,18385,1,1.0
97,0.0,0.0,1.215,1.0,10.0,5,68.0634834871252,92.82478021940337,pobre,0,6,0.0,737.0,1.0,45.0,16,252,18386,10,1.0
98,0.0,0.0,1.215,,,5,68.0634834871252,92.82478021940337,pobre,0,6,0.0,737.0,1.0,45.0,17,252,18386,10,1.0
97,0.0,0.0,1.215,1.0,8.0,5,68.0634834871252,92.82478021940337,pobre,0,6,0.0,737.0,1.0,45.0,14,252,18387,8,1.0
98,0.0,0.0,1.215,1.0,10.0,5,68.0634834871252,92.82478021940337,pobre,0,6,0.0,737.0,1.0,45.0,15,252,18387,8,1.0
97,1.0,0.0,1.215,1.0,5.0,5,68.0634834871252,92.82478021940337,pobre,0,6,0.0,737.0,1.0,45.0,11,252,18388,5,1.0
98,1.0,0.0,1.215,1.0,6.0,5,68.0634834871252,92.82478021940337,pobre,0,6,0.0,737.0,1.0,45.0,12,252,18388,5,1.0
97,1.0,0.0,1.215,,5.0,9,68.0634834871252,92.82478021940337,no pobre,0,2,1000.0,766.14099,1.0,55.0,16,252,18389,5,
98,1.0,0.0,1.215,,,9,68.0634834871252,92.82478021940337,no pobre,0,2,1000.0,766.14099,1.0,55.0,17,252,18389,5,
97,1.0,0.0,1.215,,5.0,9,68.0634834871252,92.82478021940337,no pobre,0,2,1000.0,766.14099,1.0,55.0,14,252,18390,5,
98,1.0,0.0,1.215,0.0,6.0,9,68.0634834871252,92.82478021940337,no pobre,0,2,1000.0,766.14099,1.0,55.0,15,252,18390,5,
97,0.0,0.0,1.215,,5.0,9,68.0634834871252,92.82478021940337,no pobre,0,2,1000.0,766.14099,1.0,55.0,11,252,18391,5,
98,0.0,0.0,1.215,0.0,6.0,9,68.0634834871252,92.82478021940337,no pobre,0,2,1000.0,766.14099,1.0,55.0,12,252,18391,5,
97,1.0,0.0,1.215,,1.0,9,68.0634834871252,92.82478021940337,no pobre,0,2,1000.0,766.14099,1.0,55.0,7,252,18392,1,
98,1.0,0.0,1.215,1.0,2.0,9,68.0634834871252,92.82478021940337,no pobre,0,2,1000.0,766.14099,1.0,55.0,8,252,18392,1,
97,1.0,0.0,2.826,,6.0,9,78.51112809023495,107.0602181002804,pobre,0,3,0.0,683.25,1.0,45.0,15,267,18393,6,
98,1.0,0.0,2.826,0.0,6.0,9,78.51112809023495,107.0602181002804,pobre,0,3,0.0,683.25,1.0,45.0,16,267,18393,6,
97,1.0,0.0,2.826,,6.0,9,78.51112809023495,107.0602181002804,pobre,0,3,0.0,683.25,1.0,45.0,13,267,18394,6,
98,1.0,0.0,2.826,0.0,6.0,9,78.51112809023495,107.0602181002804,pobre,0,3,0.0,683.25,1.0,45.0,14,267,18394,6,
97,1.0,0.0,2.826,,6.0,9,78.51112809023495,107.0602181002804,pobre,0,3,0.0,683.25,1.0,45.0,12,267,18395,6,
98,1.0,0.0,2.826,0.0,6.0,9,78.51112809023495,107.0602181002804,pobre,0,3,0.0,683.25,1.0,45.0,13,267,18395,6,
97,0.0,0.0,2.826,1.0,4.0,9,78.51112809023495,107.0602181002804,pobre,0,3,0.0,683.25,1.0,45.0,10,267,18396,4,1.0
98,0.0,0.0,2.826,1.0,5.0,9,78.51112809023495,107.0602181002804,pobre,0,3,0.0,683.25,1.0,45.0,11,267,18396,4,1.0
97,1.0,0.0,2.826,1.0,1.0,9,78.51112809023495,107.0602181002804,pobre,0,3,0.0,683.25,1.0,45.0,8,267,18397,1,1.0
98,1.0,0.0,2.826,1.0,2.0,9,78.51112809023495,107.0602181002804,pobre,0,3,0.0,683.25,1.0,45.0,9,267,18397,1,1.0
97,1.0,0.0,2.826,1.0,3.0,2,78.51112809023495,107.0602181002804,pobre,0,0,0.0,815.0,0.0,65.0,9,267,18398,3,1.0
98,1.0,0.0,2.826,1.0,4.0,2,78.51112809023495,107.0602181002804,pobre,0,0,0.0,815.0,0.0,65.0,10,267,18398,3,1.0
97,1.0,0.0,2.826,,6.0,6,78.51112809023495,107.0602181002804,pobre,0,2,0.0,781.98297,1.0,42.0,13,267,18399,6,
98,1.0,0.0,2.826,0.0,6.0,6,78.51112809023495,107.0602181002804,pobre,0,2,0.0,781.98297,1.0,42.0,14,267,18399,6,
97,0.0,0.0,2.826,1.0,3.0,6,78.51112809023495,107.0602181002804,pobre,0,2,0.0,781.98297,1.0,42.0,10,267,18400,3,1.0
98,0.0,0.0,2.826,1.0,4.0,6,78.51112809023495,107.0602181002804,pobre,0,2,0.0,781.98297,1.0,42.0,11,267,18400,3,1.0
97,1.0,0.0,2.826,1.0,1.0,6,78.51112809023495,107.0602181002804,pobre,0,2,0.0,781.98297,1.0,42.0,8,267,18401,1,1.0
98,1.0,0.0,2.826,1.0,2.0,6,78.51112809023495,107.0602181002804,pobre,0,2,0.0,781.98297,1.0,42.0,9,267,18401,1,1.0
97,0.0,0.0,3.6949999,0.0,6.0,6,52.92058670672675,66.89152496264177,pobre,0,2,0.0,721.0,1.0,37.0,14,234,18402,6,0.0
98,0.0,0.0,3.6949999,0.0,6.0,6,52.92058670672675,66.89152496264177,pobre,0,2,0.0,721.0,1.0,37.0,15,234,18402,6,0.0
97,0.0,0.0,3.6949999,1.0,3.0,6,52.92058670672675,66.89152496264177,pobre,0,2,0.0,721.0,1.0,37.0,12,234,18403,3,1.0
98,0.0,0.0,3.6949999,1.0,3.0,6,52.92058670672675,66.89152496264177,pobre,0,2,0.0,721.0,1.0,37.0,13,234,18403,3,1.0
97,0.0,0.0,3.6949999,1.0,2.0,6,52.92058670672675,66.89152496264177,pobre,0,2,0.0,721.0,1.0,37.0,8,234,18404,2,1.0
98,0.0,0.0,3.6949999,1.0,3.0,6,52.92058670672675,66.89152496264177,pobre,0,2,0.0,721.0,1.0,37.0,9,234,18404,2,1.0
97,0.0,0.0,3.6949999,1.0,5.0,5,52.92058670672675,66.89152496264177,pobre,0,0,0.0,879.5,1.0,52.0,16,234,18405,5,1.0
98,0.0,0.0,3.6949999,1.0,6.0,5,52.92058670672675,66.89152496264177,pobre,0,0,0.0,879.5,1.0,52.0,17,234,18405,5,1.0
97,0.0,0.0,3.6949999,1.0,4.0,5,52.92058670672675,66.89152496264177,pobre,0,0,0.0,879.5,1.0,52.0,12,234,18406,4,1.0
98,0.0,0.0,3.6949999,1.0,6.0,5,52.92058670672675,66.89152496264177,pobre,0,0,0.0,879.5,1.0,52.0,13,234,18406,4,1.0
97,0.0,0.0,3.6949999,0.0,7.0,3,52.92058670672675,66.89152496264177,no pobre,0,0,0.0,832.5,1.0,58.0,13,234,18407,7,0.0
98,0.0,0.0,3.6949999,0.0,8.0,3,52.92058670672675,66.89152496264177,no pobre,0,0,0.0,832.5,1.0,58.0,14,234,18407,7,0.0
97,1.0,0.0,3.6949999,1.0,2.0,4,52.92058670672675,66.89152496264177,no pobre,0,0,0.0,969.33002,1.0,56.0,7,234,18408,2,1.0
98,1.0,0.0,3.6949999,1.0,2.0,4,52.92058670672675,66.89152496264177,no pobre,0,0,0.0,969.33002,1.0,56.0,8,234,18408,2,1.0
97,0.0,0.0,3.6949999,1.0,0.0,4,52.92058670672675,66.89152496264177,no pobre,0,6,400.0,843.0,1.0,27.0,6,234,18409,0,1.0
98,0.0,0.0,3.6949999,1.0,1.0,4,52.92058670672675,66.89152496264177,no pobre,0,6,400.0,843.0,1.0,27.0,7,234,18409,0,1.0
97,0.0,0.0,1.887,1.0,7.0,5,74.54013876869921,99.16458247143385,pobre,0,3,0.0,750.0,0.0,59.0,13,251,18410,7,1.0
98,0.0,0.0,1.887,1.0,7.0,5,74.54013876869921,99.16458247143385,pobre,0,3,0.0,750.0,0.0,59.0,14,251,18410,7,1.0
97,0.0,0.0,1.887,1.0,1.0,5,74.54013876869921,99.16458247143385,pobre,0,3,0.0,750.0,0.0,59.0,7,251,18411,1,1.0
98,0.0,0.0,1.887,1.0,3.0,5,74.54013876869921,99.16458247143385,pobre,0,3,0.0,750.0,0.0,59.0,8,251,18411,1,1.0
97,1.0,0.0,3.6949999,0.0,4.0,8,52.92058670672675,66.89152496264177,pobre,0,2,0.0,609.0,1.0,46.0,14,234,18412,4,0.0
98,1.0,0.0,3.6949999,0.0,4.0,8,52.92058670672675,66.89152496264177,pobre,0,2,0.0,609.0,1.0,46.0,15,234,18412,4,0.0
97,1.0,0.0,3.6949999,1.0,4.0,8,52.92058670672675,66.89152496264177,pobre,0,2,0.0,609.0,1.0,46.0,11,234,18413,4,1.0
98,1.0,0.0,3.6949999,1.0,5.0,8,52.92058670672675,66.89152496264177,pobre,0,2,0.0,609.0,1.0,46.0,12,234,18413,4,1.0
97,0.0,0.0,3.6949999,1.0,4.0,8,52.92058670672675,66.89152496264177,pobre,0,2,0.0,609.0,1.0,46.0,9,234,18414,4,1.0
98,0.0,0.0,3.6949999,1.0,5.0,8,52.92058670672675,66.89152496264177,pobre,0,2,0.0,609.0,1.0,46.0,10,234,18414,4,1.0
97,0.0,0.0,3.6949999,1.0,3.0,8,52.92058670672675,66.89152496264177,pobre,0,2,0.0,609.0,1.0,46.0,6,234,18415,3,1.0
98,0.0,0.0,3.6949999,1.0,0.0,8,52.92058670672675,66.89152496264177,pobre,0,2,0.0,609.0,1.0,46.0,7,234,18415,3,1.0
97,1.0,0.0,1.887,1.0,7.0,6,74.54013876869921,99.16458247143385,pobre,0,3,375.0,750.0,1.0,54.0,12,251,18416,7,1.0
98,1.0,0.0,1.887,1.0,7.0,6,74.54013876869921,99.16458247143385,pobre,0,3,375.0,750.0,1.0,54.0,13,251,18416,7,1.0
97,1.0,1.0,0.0,1.0,1.0,4,92.55733264769611,115.3116180713178,pobre,0,6,500.0,683.0,1.0,29.0,6,265,18417,1,1.0
98,1.0,1.0,0.0,1.0,1.0,4,92.55733264769611,115.3116180713178,pobre,0,6,500.0,683.0,1.0,29.0,7,265,18417,1,1.0
97,0.0,1.0,0.0,,0.0,4,92.55733264769611,115.3116180713178,pobre,0,3,500.0,689.14001,1.0,37.0,11,265,18418,0,
98,0.0,1.0,0.0,,,4,92.55733264769611,115.3116180713178,pobre,0,3,500.0,689.14001,1.0,37.0,12,265,18418,0,
97,0.0,1.0,0.0,,0.0,4,92.55733264769611,115.3116180713178,pobre,0,3,500.0,689.14001,1.0,37.0,9,265,18419,0,
98,0.0,1.0,0.0,1.0,1.0,4,92.55733264769611,115.3116180713178,pobre,0,3,500.0,689.14001,1.0,37.0,10,265,18419,0,
97,0.0,1.0,0.0,,0.0,4,92.55733264769611,115.3116180713178,pobre,0,3,500.0,689.14001,1.0,37.0,6,265,18420,0,
98,0.0,1.0,0.0,1.0,0.0,4,92.55733264769611,115.3116180713178,pobre,0,3,500.0,689.14001,1.0,37.0,7,265,18420,0,
97,0.0,1.0,0.0,1.0,4.0,6,92.55733264769611,115.3116180713178,pobre,0,2,500.0,687.14001,1.0,75.0,10,265,18421,4,1.0
98,0.0,1.0,0.0,1.0,5.0,6,92.55733264769611,115.3116180713178,pobre,0,2,500.0,687.14001,1.0,75.0,11,265,18421,4,1.0
97,1.0,,0.0,,0.0,6,92.55733264769611,115.3116180713178,pobre,0,2,500.0,687.14001,1.0,75.0,7,265,18422,0,
98,1.0,,0.0,1.0,2.0,6,92.55733264769611,115.3116180713178,pobre,0,2,500.0,687.14001,1.0,75.0,8,265,18422,0,
97,1.0,1.0,0.0,1.0,3.0,7,92.55733264769611,115.3116180713178,pobre,0,6,500.0,595.0,1.0,39.0,12,265,18423,3,1.0
98,1.0,1.0,0.0,1.0,4.0,7,92.55733264769611,115.3116180713178,pobre,0,6,500.0,595.0,1.0,39.0,13,265,18423,3,1.0
97,0.0,1.0,0.0,1.0,2.0,7,92.55733264769611,115.3116180713178,pobre,0,6,500.0,595.0,1.0,39.0,8,265,18424,2,1.0
98,0.0,1.0,0.0,1.0,3.0,7,92.55733264769611,115.3116180713178,pobre,0,6,500.0,595.0,1.0,39.0,9,265,18424,2,1.0
97,1.0,1.0,0.0,1.0,1.0,7,92.55733264769611,115.3116180713178,pobre,0,6,500.0,595.0,1.0,39.0,7,265,18425,1,1.0
98,1.0,1.0,0.0,1.0,2.0,7,92.55733264769611,115.3116180713178,pobre,0,6,500.0,595.0,1.0,39.0,8,265,18425,1,1.0
97,0.0,1.0,0.0,0.0,3.0,7,92.55733264769611,115.3116180713178,pobre,0,0,0.0,642.33002,0.0,48.0,14,265,18426,3,0.0
98,0.0,1.0,0.0,0.0,3.0,7,92.55733264769611,115.3116180713178,pobre,0,0,0.0,642.33002,0.0,48.0,15,265,18426,3,0.0
97,0.0,1.0,0.0,1.0,1.0,7,92.55733264769611,115.3116180713178,pobre,0,0,0.0,642.33002,0.0,48.0,6,265,18427,1,1.0
98,0.0,1.0,0.0,1.0,2.0,7,92.55733264769611,115.3116180713178,pobre,0,0,0.0,642.33002,0.0,48.0,7,265,18427,1,1.0
97,0.0,1.0,0.0,0.0,6.0,4,92.55733264769611,115.3116180713178,pobre,0,0,500.0,655.0,1.0,64.0,16,265,18428,6,0.0
98,0.0,1.0,0.0,,,4,92.55733264769611,115.3116180713178,pobre,0,0,500.0,655.0,1.0,64.0,17,265,18428,6,0.0
97,1.0,1.0,0.0,1.0,2.0,4,92.55733264769611,115.3116180713178,pobre,0,0,500.0,655.0,1.0,64.0,13,265,18429,2,1.0
98,1.0,1.0,0.0,,,4,92.55733264769611,115.3116180713178,pobre,0,0,500.0,655.0,1.0,64.0,14,265,18429,2,1.0
97,1.0,1.0,0.0,1.0,2.0,6,92.55733264769611,115.3116180713178,pobre,0,4,500.0,608.0,1.0,40.0,10,265,18430,2,1.0
98,1.0,1.0,0.0,0.0,3.0,6,92.55733264769611,115.3116180713178,pobre,0,4,500.0,608.0,1.0,40.0,11,265,18430,2,1.0
97,0.0,1.0,0.0,1.0,1.0,6,92.55733264769611,115.3116180713178,pobre,0,4,500.0,608.0,1.0,40.0,8,265,18431,1,1.0
98,0.0,1.0,0.0,1.0,1.0,6,92.55733264769611,115.3116180713178,pobre,0,4,500.0,608.0,1.0,40.0,9,265,18431,1,1.0
97,0.0,1.0,0.0,1.0,1.0,4,92.55733264769611,115.3116180713178,pobre,0,0,500.0,686.0,1.0,44.0,7,265,18432,1,1.0
98,0.0,1.0,0.0,1.0,2.0,4,92.55733264769611,115.3116180713178,pobre,0,0,500.0,686.0,1.0,44.0,8,265,18432,1,1.0
97,0.0,1.0,0.0,0.0,6.0,3,92.55733264769611,115.3116180713178,pobre,0,3,500.0,728.0,1.0,20.0,16,265,18433,6,0.0
98,0.0,1.0,0.0,,,3,92.55733264769611,115.3116180713178,pobre,0,3,500.0,728.0,1.0,20.0,17,265,18433,6,0.0
97,0.0,1.0,0.0,0.0,9.0,7,92.55733264769611,115.3116180713178,pobre,0,3,500.0,765.33002,1.0,47.0,15,265,18434,9,0.0
98,0.0,1.0,0.0,,,7,92.55733264769611,115.3116180713178,pobre,0,3,500.0,765.33002,1.0,47.0,16,265,18434,9,0.0
97,1.0,1.0,0.0,1.0,7.0,4,92.55733264769611,115.3116180713178,pobre,0,0,0.0,750.0,1.0,73.0,13,265,18435,7,1.0
98,1.0,1.0,0.0,,,4,92.55733264769611,115.3116180713178,pobre,0,0,0.0,750.0,1.0,73.0,14,265,18435,7,1.0
97,1.0,1.0,0.0,1.0,2.0,7,92.55733264769611,115.3116180713178,pobre,0,1,500.0,460.47,1.0,41.0,9,265,18436,2,1.0
98,1.0,1.0,0.0,1.0,3.0,7,92.55733264769611,115.3116180713178,pobre,0,1,500.0,460.47,1.0,41.0,10,265,18436,2,1.0
97,1.0,1.0,0.0,1.0,2.0,7,92.55733264769611,115.3116180713178,pobre,0,1,500.0,460.47,1.0,41.0,7,265,18437,2,1.0
98,1.0,1.0,0.0,1.0,3.0,7,92.55733264769611,115.3116180713178,pobre,0,1,500.0,460.47,1.0,41.0,8,265,18437,2,1.0
97,0.0,1.0,0.0,1.0,1.0,7,92.55733264769611,115.3116180713178,pobre,0,1,500.0,460.47,1.0,41.0,6,265,18438,1,1.0
98,0.0,1.0,0.0,1.0,2.0,7,92.55733264769611,115.3116180713178,pobre,0,1,500.0,460.47,1.0,41.0,7,265,18438,1,1.0
97,0.0,1.0,0.0,1.0,8.0,4,92.55733264769611,115.3116180713178,pobre,0,3,500.0,696.0,1.0,43.0,16,265,18439,8,1.0
98,0.0,1.0,0.0,,,4,92.55733264769611,115.3116180713178,pobre,0,3,500.0,696.0,1.0,43.0,17,265,18439,8,1.0
97,1.0,1.0,0.0,0.0,9.0,8,92.55733264769611,115.3116180713178,pobre,0,3,500.0,739.0,1.0,52.0,16,265,18440,9,0.0
98,1.0,1.0,0.0,,,8,92.55733264769611,115.3116180713178,pobre,0,3,500.0,739.0,1.0,52.0,17,265,18440,9,0.0
97,0.0,1.0,0.0,1.0,8.0,8,92.55733264769611,115.3116180713178,pobre,0,3,500.0,739.0,1.0,52.0,15,265,18441,8,1.0
98,0.0,1.0,0.0,,,8,92.55733264769611,115.3116180713178,pobre,0,3,500.0,739.0,1.0,52.0,16,265,18441,8,1.0
97,0.0,1.0,0.0,1.0,6.0,8,92.55733264769611,115.3116180713178,pobre,0,3,500.0,739.0,1.0,52.0,13,265,18442,6,1.0
98,0.0,1.0,0.0,1.0,7.0,8,92.55733264769611,115.3116180713178,pobre,0,3,500.0,739.0,1.0,52.0,14,265,18442,6,1.0
97,0.0,1.0,0.0,1.0,2.0,8,92.55733264769611,115.3116180713178,pobre,0,3,500.0,739.0,1.0,52.0,7,265,18443,2,1.0
98,0.0,1.0,0.0,1.0,3.0,8,92.55733264769611,115.3116180713178,pobre,0,3,500.0,739.0,1.0,52.0,8,265,18443,2,1.0
97,1.0,1.0,0.0,1.0,1.0,8,92.55733264769611,115.3116180713178,pobre,0,3,500.0,739.0,1.0,52.0,6,265,18444,1,1.0
98,1.0,1.0,0.0,1.0,2.0,8,92.55733264769611,115.3116180713178,pobre,0,3,500.0,739.0,1.0,52.0,7,265,18444,1,1.0
97,1.0,1.0,0.0,1.0,2.0,6,92.55733264769611,115.3116180713178,pobre,0,0,500.0,599.0,1.0,66.0,7,265,18445,2,1.0
98,1.0,1.0,0.0,1.0,3.0,6,92.55733264769611,115.3116180713178,pobre,0,0,500.0,599.0,1.0,66.0,8,265,18445,2,1.0
97,0.0,1.0,0.0,1.0,4.0,4,92.55733264769611,115.3116180713178,pobre,0,0,500.0,712.0,1.0,42.0,9,265,18446,4,1.0
98,0.0,1.0,0.0,1.0,4.0,4,92.55733264769611,115.3116180713178,pobre,0,0,500.0,712.0,1.0,42.0,10,265,18446,4,1.0
97,0.0,1.0,0.0,0.0,6.0,8,92.55733264769611,115.3116180713178,pobre,0,4,875.0,571.0,1.0,36.0,14,265,18447,6,0.0
98,0.0,1.0,0.0,1.0,8.0,8,92.55733264769611,115.3116180713178,pobre,0,4,875.0,571.0,1.0,36.0,15,265,18447,6,0.0
97,1.0,1.0,0.0,1.0,5.0,8,92.55733264769611,115.3116180713178,pobre,0,4,875.0,571.0,1.0,36.0,13,265,18448,5,1.0
98,1.0,1.0,0.0,1.0,7.0,8,92.55733264769611,115.3116180713178,pobre,0,4,875.0,571.0,1.0,36.0,14,265,18448,5,1.0
97,1.0,1.0,0.0,1.0,5.0,8,92.55733264769611,115.3116180713178,pobre,0,4,875.0,571.0,1.0,36.0,11,265,18449,5,1.0
98,1.0,1.0,0.0,1.0,6.0,8,92.55733264769611,115.3116180713178,pobre,0,4,875.0,571.0,1.0,36.0,12,265,18449,5,1.0
97,0.0,1.0,0.0,1.0,3.0,8,92.55733264769611,115.3116180713178,pobre,0,4,875.0,571.0,1.0,36.0,10,265,18450,3,1.0
98,0.0,1.0,0.0,1.0,4.0,8,92.55733264769611,115.3116180713178,pobre,0,4,875.0,571.0,1.0,36.0,11,265,18450,3,1.0
97,0.0,1.0,0.0,1.0,1.0,8,92.55733264769611,115.3116180713178,pobre,0,4,875.0,571.0,1.0,36.0,8,265,18451,1,1.0
98,0.0,1.0,0.0,1.0,3.0,8,92.55733264769611,115.3116180713178,pobre,0,4,875.0,571.0,1.0,36.0,9,265,18451,1,1.0
97,0.0,1.0,0.0,0.0,6.0,6,92.55733264769611,115.3116180713178,pobre,0,0,1000.0,725.0,0.0,32.0,14,265,18452,6,0.0
98,0.0,1.0,0.0,0.0,6.0,6,92.55733264769611,115.3116180713178,pobre,0,0,1000.0,725.0,0.0,32.0,15,265,18452,6,0.0
97,0.0,1.0,0.0,1.0,6.0,6,92.55733264769611,115.3116180713178,pobre,0,0,1000.0,725.0,0.0,32.0,12,265,18453,6,1.0
98,0.0,1.0,0.0,0.0,6.0,6,92.55733264769611,115.3116180713178,pobre,0,0,1000.0,725.0,0.0,32.0,13,265,18453,6,1.0
97,1.0,1.0,0.0,1.0,2.0,6,92.55733264769611,115.3116180713178,pobre,0,0,1000.0,725.0,0.0,32.0,10,265,18454,2,1.0
98,1.0,1.0,0.0,1.0,3.0,6,92.55733264769611,115.3116180713178,pobre,0,0,1000.0,725.0,0.0,32.0,11,265,18454,2,1.0
97,0.0,1.0,0.0,1.0,1.0,6,92.55733264769611,115.3116180713178,pobre,0,0,1000.0,725.0,0.0,32.0,7,265,18455,1,1.0
98,0.0,1.0,0.0,1.0,0.0,6,92.55733264769611,115.3116180713178,pobre,0,0,1000.0,725.0,0.0,32.0,8,265,18455,1,1.0
97,1.0,1.0,0.0,0.0,6.0,3,92.55733264769611,115.3116180713178,pobre,0,5,500.0,732.5,1.0,35.0,15,265,18456,6,0.0
98,1.0,1.0,0.0,0.0,6.0,3,92.55733264769611,115.3116180713178,pobre,0,5,500.0,732.5,1.0,35.0,16,265,18456,6,0.0
97,1.0,1.0,0.0,0.0,7.0,13,92.55733264769611,115.3116180713178,pobre,0,0,500.0,529.33002,1.0,66.0,16,265,18457,7,0.0
98,1.0,1.0,0.0,,,13,92.55733264769611,115.3116180713178,pobre,0,0,500.0,529.33002,1.0,66.0,17,265,18457,7,0.0
97,0.0,1.0,0.0,1.0,5.0,13,92.55733264769611,115.3116180713178,pobre,0,0,500.0,529.33002,1.0,66.0,13,265,18458,5,1.0
98,0.0,1.0,0.0,1.0,5.0,13,92.55733264769611,115.3116180713178,pobre,0,0,500.0,529.33002,1.0,66.0,14,265,18458,5,1.0
97,1.0,1.0,0.0,1.0,2.0,13,92.55733264769611,115.3116180713178,pobre,0,0,500.0,529.33002,1.0,66.0,9,265,18459,2,1.0
98,1.0,1.0,0.0,1.0,3.0,13,92.55733264769611,115.3116180713178,pobre,0,0,500.0,529.33002,1.0,66.0,10,265,18459,2,1.0
97,1.0,1.0,0.0,1.0,1.0,13,92.55733264769611,115.3116180713178,pobre,0,0,500.0,529.33002,1.0,66.0,7,265,18460,1,1.0
98,1.0,1.0,0.0,1.0,0.0,13,92.55733264769611,115.3116180713178,pobre,0,0,500.0,529.33002,1.0,66.0,8,265,18460,1,1.0
97,0.0,1.0,0.0,,0.0,13,92.55733264769611,115.3116180713178,pobre,0,0,500.0,529.33002,1.0,66.0,6,265,18461,0,
98,0.0,1.0,0.0,,,13,92.55733264769611,115.3116180713178,pobre,0,0,500.0,529.33002,1.0,66.0,7,265,18461,0,
97,0.0,1.0,0.0,0.0,6.0,9,92.55733264769611,115.3116180713178,pobre,0,0,500.0,619.5,1.0,60.0,14,265,18462,6,0.0
98,0.0,1.0,0.0,,,9,92.55733264769611,115.3116180713178,pobre,0,0,500.0,619.5,1.0,60.0,15,265,18462,6,0.0
97,0.0,1.0,0.0,1.0,4.0,9,92.55733264769611,115.3116180713178,pobre,0,0,500.0,619.5,1.0,60.0,13,265,18463,4,1.0
98,0.0,1.0,0.0,,,9,92.55733264769611,115.3116180713178,pobre,0,0,500.0,619.5,1.0,60.0,14,265,18463,4,1.0
97,0.0,1.0,0.0,1.0,3.0,9,92.55733264769611,115.3116180713178,pobre,0,0,500.0,619.5,1.0,60.0,8,265,18464,3,1.0
98,0.0,1.0,0.0,,,9,92.55733264769611,115.3116180713178,pobre,0,0,500.0,619.5,1.0,60.0,9,265,18464,3,1.0
97,1.0,0.0,0.0,,0.0,9,92.55733264769611,115.3116180713178,pobre,0,0,500.0,619.5,1.0,60.0,6,265,18465,0,
98,1.0,0.0,0.0,,,9,92.55733264769611,115.3116180713178,pobre,0,0,500.0,619.5,1.0,60.0,7,265,18465,0,
97,0.0,1.0,0.0,1.0,7.0,6,92.55733264769611,115.3116180713178,pobre,0,2,750.0,613.0,1.0,49.0,13,265,18466,7,1.0
98,0.0,1.0,0.0,1.0,8.0,6,92.55733264769611,115.3116180713178,pobre,0,2,750.0,613.0,1.0,49.0,14,265,18466,7,1.0
97,1.0,1.0,0.0,1.0,5.0,6,92.55733264769611,115.3116180713178,pobre,0,2,750.0,613.0,1.0,49.0,12,265,18467,5,1.0
98,1.0,1.0,0.0,1.0,6.0,6,92.55733264769611,115.3116180713178,pobre,0,2,750.0,613.0,1.0,49.0,13,265,18467,5,1.0
97,1.0,1.0,0.0,1.0,3.0,6,92.55733264769611,115.3116180713178,pobre,0,2,750.0,613.0,1.0,49.0,9,265,18468,3,1.0
98,1.0,1.0,0.0,1.0,4.0,6,92.55733264769611,115.3116180713178,pobre,0,2,750.0,613.0,1.0,49.0,10,265,18468,3,1.0
97,1.0,1.0,0.0,1.0,8.0,7,92.55733264769611,115.3116180713178,pobre,0,6,625.0,595.0,1.0,39.0,14,265,18469,8,1.0
98,1.0,1.0,0.0,0.0,9.0,7,92.55733264769611,115.3116180713178,pobre,0,6,625.0,595.0,1.0,39.0,15,265,18469,8,1.0
97,1.0,1.0,0.0,1.0,5.0,7,92.55733264769611,115.3116180713178,pobre,0,6,625.0,595.0,1.0,39.0,13,265,18470,5,1.0
98,1.0,1.0,0.0,1.0,6.0,7,92.55733264769611,115.3116180713178,pobre,0,6,625.0,595.0,1.0,39.0,14,265,18470,5,1.0
97,1.0,1.0,0.0,1.0,4.0,7,92.55733264769611,115.3116180713178,pobre,0,6,625.0,595.0,1.0,39.0,11,265,18471,4,1.0
98,1.0,1.0,0.0,1.0,5.0,7,92.55733264769611,115.3116180713178,pobre,0,6,625.0,595.0,1.0,39.0,12,265,18471,4,1.0
97,1.0,1.0,0.0,1.0,0.0,7,92.55733264769611,115.3116180713178,pobre,0,6,625.0,595.0,1.0,39.0,6,265,18472,0,1.0
98,1.0,1.0,0.0,1.0,1.0,7,92.55733264769611,115.3116180713178,pobre,0,6,625.0,595.0,1.0,39.0,7,265,18472,0,1.0
97,0.0,1.0,0.0,1.0,4.0,6,92.55733264769611,115.3116180713178,no pobre,0,0,0.0,882.5,0.0,63.0,9,265,18473,4,1.0
98,0.0,1.0,0.0,1.0,5.0,6,92.55733264769611,115.3116180713178,no pobre,0,0,0.0,882.5,0.0,63.0,10,265,18473,4,1.0
97,0.0,1.0,0.0,1.0,8.0,9,92.55733264769611,115.3116180713178,pobre,0,1,0.0,487.0,1.0,42.0,15,265,18474,8,1.0
98,0.0,1.0,0.0,1.0,8.0,9,92.55733264769611,115.3116180713178,pobre,0,1,0.0,487.0,1.0,42.0,16,265,18474,8,1.0
97,0.0,1.0,0.0,1.0,6.0,9,92.55733264769611,115.3116180713178,pobre,0,1,0.0,487.0,1.0,42.0,13,265,18475,6,1.0
98,0.0,1.0,0.0,1.0,7.0,9,92.55733264769611,115.3116180713178,pobre,0,1,0.0,487.0,1.0,42.0,14,265,18475,6,1.0
97,1.0,1.0,0.0,1.0,5.0,9,92.55733264769611,115.3116180713178,pobre,0,1,0.0,487.0,1.0,42.0,11,265,18476,5,1.0
98,1.0,1.0,0.0,1.0,6.0,9,92.55733264769611,115.3116180713178,pobre,0,1,0.0,487.0,1.0,42.0,12,265,18476,5,1.0
97,1.0,1.0,0.0,1.0,3.0,9,92.55733264769611,115.3116180713178,pobre,0,1,0.0,487.0,1.0,42.0,9,265,18477,3,1.0
98,1.0,1.0,0.0,1.0,3.0,9,92.55733264769611,115.3116180713178,pobre,0,1,0.0,487.0,1.0,42.0,10,265,18477,3,1.0
97,0.0,1.0,0.0,1.0,1.0,9,92.55733264769611,115.3116180713178,pobre,0,1,0.0,487.0,1.0,42.0,7,265,18478,1,1.0
98,0.0,1.0,0.0,1.0,1.0,9,92.55733264769611,115.3116180713178,pobre,0,1,0.0,487.0,1.0,42.0,8,265,18478,1,1.0
97,0.0,1.0,0.0,1.0,5.0,3,92.55733264769611,115.3116180713178,pobre,0,0,500.0,729.0,1.0,33.0,11,265,18479,5,1.0
98,0.0,1.0,0.0,1.0,6.0,3,92.55733264769611,115.3116180713178,pobre,0,0,500.0,729.0,1.0,33.0,12,265,18479,5,1.0
97,1.0,0.0,0.0,,0.0,5,92.55733264769611,115.3116180713178,no pobre,0,6,500.0,845.5,1.0,41.0,15,265,18480,0,
98,1.0,0.0,0.0,,,5,92.55733264769611,115.3116180713178,no pobre,0,6,500.0,845.5,1.0,41.0,16,265,18480,0,
97,1.0,1.0,0.0,1.0,7.0,5,92.55733264769611,115.3116180713178,no pobre,0,6,500.0,845.5,1.0,41.0,13,265,18481,7,1.0
98,1.0,1.0,0.0,1.0,8.0,5,92.55733264769611,115.3116180713178,no pobre,0,6,500.0,845.5,1.0,41.0,14,265,18481,7,1.0
97,0.0,1.0,0.0,1.0,5.0,5,92.55733264769611,115.3116180713178,no pobre,0,6,500.0,845.5,1.0,41.0,11,265,18482,5,1.0
98,0.0,1.0,0.0,1.0,6.0,5,92.55733264769611,115.3116180713178,no pobre,0,6,500.0,845.5,1.0,41.0,12,265,18482,5,1.0
97,0.0,1.0,2.3380001,,0.0,2,92.9615158497741,115.2452568813788,pobre,basal,0,375.0,860.14001,0.0,57.0,12,264,18483,0,
98,0.0,1.0,2.3380001,0.0,6.0,2,92.9615158497741,115.2452568813788,pobre,basal,0,375.0,860.14001,0.0,57.0,13,264,18483,0,
97,1.0,1.0,2.3380001,0.0,4.0,3,92.9615158497741,115.2452568813788,pobre,basal,0,500.0,637.0,1.0,49.0,12,264,18484,4,0.0
98,1.0,1.0,2.3380001,0.0,3.0,3,92.9615158497741,115.2452568813788,pobre,basal,0,500.0,637.0,1.0,49.0,13,264,18484,4,0.0
97,1.0,1.0,2.3380001,1.0,6.0,8,92.9615158497741,115.2452568813788,pobre,basal,0,0.0,552.0,0.0,55.0,12,264,18485,6,1.0
98,1.0,1.0,2.3380001,1.0,6.0,8,92.9615158497741,115.2452568813788,pobre,basal,0,0.0,552.0,0.0,55.0,13,264,18485,6,1.0
97,1.0,1.0,2.3380001,1.0,3.0,8,92.9615158497741,115.2452568813788,pobre,basal,0,0.0,552.0,0.0,55.0,9,264,18486,3,1.0
98,1.0,1.0,2.3380001,1.0,4.0,8,92.9615158497741,115.2452568813788,pobre,basal,0,0.0,552.0,0.0,55.0,10,264,18486,3,1.0
97,1.0,1.0,2.3380001,1.0,1.0,8,92.9615158497741,115.2452568813788,pobre,basal,0,0.0,552.0,0.0,55.0,7,264,18487,1,1.0
98,1.0,1.0,2.3380001,1.0,2.0,8,92.9615158497741,115.2452568813788,pobre,basal,0,0.0,552.0,0.0,55.0,8,264,18487,1,1.0
97,1.0,1.0,2.3380001,1.0,5.0,4,92.9615158497741,115.2452568813788,pobre,basal,3,0.0,601.0,1.0,43.0,13,264,18488,5,1.0
98,1.0,1.0,2.3380001,1.0,6.0,4,92.9615158497741,115.2452568813788,pobre,basal,3,0.0,601.0,1.0,43.0,14,264,18488,5,1.0
97,1.0,1.0,2.3380001,1.0,0.0,4,92.9615158497741,115.2452568813788,pobre,basal,3,0.0,601.0,1.0,43.0,6,264,18489,0,1.0
98,1.0,1.0,2.3380001,1.0,1.0,4,92.9615158497741,115.2452568813788,pobre,basal,3,0.0,601.0,1.0,43.0,7,264,18489,0,1.0
97,1.0,1.0,2.3380001,,0.0,6,92.9615158497741,115.2452568813788,pobre,basal,1,800.0,581.14001,0.0,20.0,12,264,18490,0,
98,1.0,1.0,2.3380001,0.0,2.0,6,92.9615158497741,115.2452568813788,pobre,basal,1,800.0,581.14001,0.0,20.0,13,264,18490,0,
97,0.0,1.0,2.3380001,0.0,6.0,5,92.9615158497741,115.2452568813788,pobre,basal,2,500.0,677.66998,1.0,46.0,14,264,18491,6,0.0
98,0.0,1.0,2.3380001,0.0,6.0,5,92.9615158497741,115.2452568813788,pobre,basal,2,500.0,677.66998,1.0,46.0,15,264,18491,6,0.0
97,1.0,1.0,2.3380001,1.0,5.0,6,92.9615158497741,115.2452568813788,pobre,basal,1,500.0,526.0,1.0,36.0,14,264,18492,5,1.0
98,1.0,1.0,2.3380001,0.0,6.0,6,92.9615158497741,115.2452568813788,pobre,basal,1,500.0,526.0,1.0,36.0,15,264,18492,5,1.0
97,1.0,1.0,2.3380001,1.0,5.0,6,92.9615158497741,115.2452568813788,pobre,basal,1,500.0,526.0,1.0,36.0,13,264,18493,5,1.0
98,1.0,1.0,2.3380001,0.0,6.0,6,92.9615158497741,115.2452568813788,pobre,basal,1,500.0,526.0,1.0,36.0,14,264,18493,5,1.0
97,1.0,1.0,2.3380001,1.0,1.0,6,92.9615158497741,115.2452568813788,pobre,basal,1,500.0,526.0,1.0,36.0,7,264,18494,1,1.0
98,1.0,1.0,2.3380001,1.0,1.0,6,92.9615158497741,115.2452568813788,pobre,basal,1,500.0,526.0,1.0,36.0,8,264,18494,1,1.0
97,1.0,1.0,2.3380001,0.0,2.0,9,92.9615158497741,115.2452568813788,pobre,basal,1,500.0,552.5,1.0,32.0,15,264,18495,2,0.0
98,1.0,1.0,2.3380001,,,9,92.9615158497741,115.2452568813788,pobre,basal,1,500.0,552.5,1.0,32.0,16,264,18495,2,0.0
97,0.0,1.0,2.3380001,1.0,4.0,9,92.9615158497741,115.2452568813788,pobre,basal,1,500.0,552.5,1.0,32.0,11,264,18496,4,1.0
98,0.0,1.0,2.3380001,1.0,4.0,9,92.9615158497741,115.2452568813788,pobre,basal,1,500.0,552.5,1.0,32.0,12,264,18496,4,1.0
97,0.0,1.0,2.3380001,1.0,1.0,9,92.9615158497741,115.2452568813788,pobre,basal,1,500.0,552.5,1.0,32.0,9,264,18497,1,1.0
98,0.0,1.0,2.3380001,1.0,2.0,9,92.9615158497741,115.2452568813788,pobre,basal,1,500.0,552.5,1.0,32.0,10,264,18497,1,1.0
97,1.0,1.0,2.3380001,1.0,0.0,9,92.9615158497741,115.2452568813788,pobre,basal,1,500.0,552.5,1.0,32.0,7,264,18498,0,1.0
98,1.0,1.0,2.3380001,1.0,1.0,9,92.9615158497741,115.2452568813788,pobre,basal,1,500.0,552.5,1.0,32.0,8,264,18498,0,1.0
97,0.0,1.0,2.3380001,1.0,5.0,6,92.9615158497741,115.2452568813788,pobre,basal,4,500.0,596.0,1.0,33.0,11,264,18499,5,1.0
98,0.0,1.0,2.3380001,0.0,6.0,6,92.9615158497741,115.2452568813788,pobre,basal,4,500.0,596.0,1.0,33.0,12,264,18499,5,1.0
97,1.0,1.0,2.3380001,1.0,3.0,6,92.9615158497741,115.2452568813788,pobre,basal,4,500.0,596.0,1.0,33.0,8,264,18500,3,1.0
98,1.0,1.0,2.3380001,1.0,4.0,6,92.9615158497741,115.2452568813788,pobre,basal,4,500.0,596.0,1.0,33.0,9,264,18500,3,1.0
97,0.0,1.0,2.3380001,1.0,3.0,4,92.9615158497741,115.2452568813788,pobre,basal,2,500.0,567.0,1.0,31.0,10,264,18501,3,1.0
98,0.0,1.0,2.3380001,1.0,3.0,4,92.9615158497741,115.2452568813788,pobre,basal,2,500.0,567.0,1.0,31.0,11,264,18501,3,1.0
97,1.0,1.0,2.3380001,1.0,1.0,4,92.9615158497741,115.2452568813788,pobre,basal,2,500.0,567.0,1.0,31.0,6,264,18502,1,1.0
98,1.0,1.0,2.3380001,1.0,1.0,4,92.9615158497741,115.2452568813788,pobre,basal,2,500.0,567.0,1.0,31.0,7,264,18502,1,1.0
97,0.0,1.0,0.0,0.0,6.0,4,92.55733264769611,115.3116180713178,pobre,0,0,0.0,647.0,1.0,75.0,16,265,18503,6,0.0
98,0.0,1.0,0.0,,,4,92.55733264769611,115.3116180713178,pobre,0,0,0.0,647.0,1.0,75.0,17,265,18503,6,0.0
97,1.0,1.0,0.0,1.0,5.0,5,92.55733264769611,115.3116180713178,pobre,0,2,500.0,541.0,1.0,43.0,11,265,18504,5,1.0
98,1.0,1.0,0.0,0.0,6.0,5,92.55733264769611,115.3116180713178,pobre,0,2,500.0,541.0,1.0,43.0,12,265,18504,5,1.0
97,0.0,1.0,0.0,1.0,0.0,5,92.55733264769611,115.3116180713178,pobre,0,2,500.0,541.0,1.0,43.0,6,265,18505,0,1.0
98,0.0,1.0,0.0,1.0,1.0,5,92.55733264769611,115.3116180713178,pobre,0,2,500.0,541.0,1.0,43.0,7,265,18505,0,1.0
97,0.0,1.0,0.0,0.0,9.0,9,92.55733264769611,115.3116180713178,pobre,0,4,0.0,710.5,1.0,51.0,16,265,18506,9,0.0
98,0.0,1.0,0.0,,,9,92.55733264769611,115.3116180713178,pobre,0,4,0.0,710.5,1.0,51.0,17,265,18506,9,0.0
97,1.0,1.0,0.0,1.0,8.0,9,92.55733264769611,115.3116180713178,pobre,0,4,0.0,710.5,1.0,51.0,14,265,18507,8,1.0
98,1.0,1.0,0.0,0.0,9.0,9,92.55733264769611,115.3116180713178,pobre,0,4,0.0,710.5,1.0,51.0,15,265,18507,8,1.0
97,0.0,1.0,0.0,1.0,4.0,9,92.55733264769611,115.3116180713178,pobre,0,4,0.0,710.5,1.0,51.0,10,265,18508,4,1.0
98,0.0,1.0,0.0,1.0,5.0,9,92.55733264769611,115.3116180713178,pobre,0,4,0.0,710.5,1.0,51.0,11,265,18508,4,1.0
97,1.0,1.0,0.0,1.0,0.0,9,92.55733264769611,115.3116180713178,pobre,0,4,0.0,710.5,1.0,51.0,7,265,18509,0,1.0
98,1.0,1.0,0.0,1.0,1.0,9,92.55733264769611,115.3116180713178,pobre,0,4,0.0,710.5,1.0,51.0,8,265,18509,0,1.0
97,0.0,1.0,0.0,0.0,9.0,10,92.55733264769611,115.3116180713178,pobre,0,1,600.0,696.0,1.0,49.0,16,265,18510,9,0.0
98,0.0,1.0,0.0,,,10,92.55733264769611,115.3116180713178,pobre,0,1,600.0,696.0,1.0,49.0,17,265,18510,9,0.0
97,1.0,1.0,0.0,0.0,7.0,10,92.55733264769611,115.3116180713178,pobre,0,1,600.0,696.0,1.0,49.0,14,265,18511,7,0.0
98,1.0,1.0,0.0,1.0,8.0,10,92.55733264769611,115.3116180713178,pobre,0,1,600.0,696.0,1.0,49.0,15,265,18511,7,0.0
97,1.0,1.0,0.0,1.0,7.0,10,92.55733264769611,115.3116180713178,pobre,0,1,600.0,696.0,1.0,49.0,13,265,18512,7,1.0
98,1.0,1.0,0.0,1.0,8.0,10,92.55733264769611,115.3116180713178,pobre,0,1,600.0,696.0,1.0,49.0,14,265,18512,7,1.0
97,1.0,1.0,0.0,1.0,5.0,10,92.55733264769611,115.3116180713178,pobre,0,1,600.0,696.0,1.0,49.0,11,265,18513,5,1.0
98,1.0,1.0,0.0,1.0,6.0,10,92.55733264769611,115.3116180713178,pobre,0,1,600.0,696.0,1.0,49.0,12,265,18513,5,1.0
97,0.0,1.0,0.0,1.0,1.0,10,92.55733264769611,115.3116180713178,pobre,0,1,600.0,696.0,1.0,49.0,7,265,18514,1,1.0
98,0.0,1.0,0.0,1.0,2.0,10,92.55733264769611,115.3116180713178,pobre,0,1,600.0,696.0,1.0,49.0,8,265,18514,1,1.0
97,1.0,1.0,0.0,1.0,1.0,9,92.55733264769611,115.3116180713178,pobre,0,0,0.0,727.0,1.0,61.0,7,265,18515,1,1.0
98,1.0,1.0,0.0,1.0,2.0,9,92.55733264769611,115.3116180713178,pobre,0,0,0.0,727.0,1.0,61.0,8,265,18515,1,1.0
97,1.0,1.0,0.0,1.0,3.0,10,92.55733264769611,115.3116180713178,pobre,0,0,500.0,655.0,1.0,56.0,9,265,18516,3,1.0
98,1.0,1.0,0.0,1.0,4.0,10,92.55733264769611,115.3116180713178,pobre,0,0,500.0,655.0,1.0,56.0,10,265,18516,3,1.0
97,1.0,1.0,0.0,1.0,0.0,10,92.55733264769611,115.3116180713178,pobre,0,0,500.0,655.0,1.0,56.0,7,265,18517,0,1.0
98,1.0,1.0,0.0,1.0,1.0,10,92.55733264769611,115.3116180713178,pobre,0,0,500.0,655.0,1.0,56.0,8,265,18517,0,1.0
97,1.0,1.0,0.0,1.0,8.0,7,92.55733264769611,115.3116180713178,pobre,0,6,500.0,554.0,1.0,34.0,14,265,18518,8,1.0
98,1.0,1.0,0.0,,,7,92.55733264769611,115.3116180713178,pobre,0,6,500.0,554.0,1.0,34.0,15,265,18518,8,1.0
97,1.0,1.0,0.0,1.0,5.0,7,92.55733264769611,115.3116180713178,pobre,0,6,500.0,554.0,1.0,34.0,11,265,18519,5,1.0
98,1.0,1.0,0.0,1.0,6.0,7,92.55733264769611,115.3116180713178,pobre,0,6,500.0,554.0,1.0,34.0,12,265,18519,5,1.0
97,1.0,1.0,0.0,1.0,1.0,7,92.55733264769611,115.3116180713178,pobre,0,6,500.0,554.0,1.0,34.0,7,265,18520,1,1.0
98,1.0,1.0,0.0,1.0,2.0,7,92.55733264769611,115.3116180713178,pobre,0,6,500.0,554.0,1.0,34.0,8,265,18520,1,1.0
97,0.0,1.0,0.0,1.0,4.0,6,92.55733264769611,115.3116180713178,pobre,0,6,1200.0,647.0,1.0,30.0,10,265,18521,4,1.0
98,0.0,1.0,0.0,1.0,5.0,6,92.55733264769611,115.3116180713178,pobre,0,6,1200.0,647.0,1.0,30.0,11,265,18521,4,1.0
97,1.0,1.0,0.0,1.0,1.0,6,92.55733264769611,115.3116180713178,pobre,0,6,1200.0,647.0,1.0,30.0,7,265,18522,1,1.0
98,1.0,1.0,0.0,1.0,2.0,6,92.55733264769611,115.3116180713178,pobre,0,6,1200.0,647.0,1.0,30.0,8,265,18522,1,1.0
97,1.0,1.0,0.0,1.0,0.0,6,92.55733264769611,115.3116180713178,pobre,0,6,1200.0,647.0,1.0,30.0,6,265,18523,0,1.0
98,1.0,1.0,0.0,1.0,1.0,6,92.55733264769611,115.3116180713178,pobre,0,6,1200.0,647.0,1.0,30.0,7,265,18523,0,1.0
97,1.0,1.0,0.0,0.0,9.0,3,92.55733264769611,115.3116180713178,pobre,0,0,0.0,766.0,0.0,55.0,16,265,18524,9,0.0
98,1.0,1.0,0.0,,,3,92.55733264769611,115.3116180713178,pobre,0,0,0.0,766.0,0.0,55.0,17,265,18524,9,0.0
97,1.0,1.0,0.0,1.0,8.0,3,92.55733264769611,115.3116180713178,pobre,0,0,0.0,766.0,0.0,55.0,15,265,18525,8,1.0
98,1.0,1.0,0.0,0.0,9.0,3,92.55733264769611,115.3116180713178,pobre,0,0,0.0,766.0,0.0,55.0,16,265,18525,8,1.0
97,1.0,1.0,0.0,1.0,4.0,6,92.55733264769611,115.3116180713178,pobre,0,6,500.0,616.0,1.0,31.0,9,265,18526,4,1.0
98,1.0,1.0,0.0,1.0,5.0,6,92.55733264769611,115.3116180713178,pobre,0,6,500.0,616.0,1.0,31.0,10,265,18526,4,1.0
97,0.0,1.0,0.0,1.0,1.0,6,92.55733264769611,115.3116180713178,pobre,0,6,500.0,616.0,1.0,31.0,7,265,18527,1,1.0
98,0.0,1.0,0.0,1.0,2.0,6,92.55733264769611,115.3116180713178,pobre,0,6,500.0,616.0,1.0,31.0,8,265,18527,1,1.0
97,0.0,1.0,0.0,0.0,9.0,4,92.55733264769611,115.3116180713178,pobre,0,0,375.0,708.0,1.0,60.0,16,265,18528,9,0.0
98,0.0,1.0,0.0,,,4,92.55733264769611,115.3116180713178,pobre,0,0,375.0,708.0,1.0,60.0,17,265,18528,9,0.0
97,0.0,1.0,0.0,0.0,3.0,4,92.55733264769611,115.3116180713178,pobre,0,0,375.0,708.0,1.0,60.0,10,265,18529,3,0.0
98,0.0,1.0,0.0,1.0,4.0,4,92.55733264769611,115.3116180713178,pobre,0,0,375.0,708.0,1.0,60.0,11,265,18529,3,0.0
97,0.0,1.0,0.0,1.0,7.0,10,92.55733264769611,115.3116180713178,pobre,0,2,500.0,467.0,1.0,48.0,14,265,18530,7,1.0
98,0.0,1.0,0.0,1.0,8.0,10,92.55733264769611,115.3116180713178,pobre,0,2,500.0,467.0,1.0,48.0,15,265,18530,7,1.0
97,1.0,1.0,0.0,1.0,7.0,10,92.55733264769611,115.3116180713178,pobre,0,2,500.0,467.0,1.0,48.0,12,265,18531,7,1.0
98,1.0,1.0,0.0,1.0,7.0,10,92.55733264769611,115.3116180713178,pobre,0,2,500.0,467.0,1.0,48.0,13,265,18531,7,1.0
97,0.0,1.0,0.0,1.0,4.0,10,92.55733264769611,115.3116180713178,pobre,0,2,500.0,467.0,1.0,48.0,10,265,18532,4,1.0
98,0.0,1.0,0.0,1.0,5.0,10,92.55733264769611,115.3116180713178,pobre,0,2,500.0,467.0,1.0,48.0,11,265,18532,4,1.0
97,1.0,1.0,0.0,1.0,1.0,10,92.55733264769611,115.3116180713178,pobre,0,2,500.0,467.0,1.0,48.0,8,265,18533,1,1.0
98,1.0,1.0,0.0,1.0,2.0,10,92.55733264769611,115.3116180713178,pobre,0,2,500.0,467.0,1.0,48.0,9,265,18533,1,1.0
97,0.0,1.0,0.0,1.0,2.0,10,92.55733264769611,115.3116180713178,pobre,0,2,500.0,467.0,1.0,48.0,6,265,18534,2,1.0
98,0.0,1.0,0.0,1.0,3.0,10,92.55733264769611,115.3116180713178,pobre,0,2,500.0,467.0,1.0,48.0,7,265,18534,2,1.0
97,0.0,1.0,0.0,1.0,6.0,9,92.55733264769611,115.3116180713178,pobre,0,0,0.0,517.0,1.0,59.0,12,265,18535,6,1.0
98,0.0,1.0,0.0,1.0,7.0,9,92.55733264769611,115.3116180713178,pobre,0,0,0.0,517.0,1.0,59.0,13,265,18535,6,1.0
97,1.0,1.0,0.0,1.0,4.0,9,92.55733264769611,115.3116180713178,pobre,0,0,0.0,517.0,1.0,59.0,10,265,18536,4,1.0
98,1.0,1.0,0.0,1.0,5.0,9,92.55733264769611,115.3116180713178,pobre,0,0,0.0,517.0,1.0,59.0,11,265,18536,4,1.0
97,1.0,1.0,0.0,1.0,2.0,9,92.55733264769611,115.3116180713178,pobre,0,0,0.0,517.0,1.0,59.0,7,265,18537,2,1.0
98,1.0,1.0,0.0,1.0,3.0,9,92.55733264769611,115.3116180713178,pobre,0,0,0.0,517.0,1.0,59.0,8,265,18537,2,1.0
97,1.0,1.0,0.0,0.0,9.0,7,92.55733264769611,115.3116180713178,pobre,0,3,0.0,555.0,1.0,45.0,15,265,18538,9,0.0
98,1.0,1.0,0.0,,,7,92.55733264769611,115.3116180713178,pobre,0,3,0.0,555.0,1.0,45.0,16,265,18538,9,0.0
97,1.0,1.0,0.0,1.0,6.0,7,92.55733264769611,115.3116180713178,pobre,0,3,0.0,555.0,1.0,45.0,12,265,18539,6,1.0
98,1.0,1.0,0.0,1.0,6.0,7,92.55733264769611,115.3116180713178,pobre,0,3,0.0,555.0,1.0,45.0,13,265,18539,6,1.0
97,1.0,1.0,0.0,1.0,1.0,7,92.55733264769611,115.3116180713178,pobre,0,3,0.0,555.0,1.0,45.0,7,265,18540,1,1.0
98,1.0,1.0,0.0,1.0,2.0,7,92.55733264769611,115.3116180713178,pobre,0,3,0.0,555.0,1.0,45.0,8,265,18540,1,1.0
97,1.0,1.0,0.0,1.0,1.0,5,92.55733264769611,115.3116180713178,no pobre,0,0,0.0,807.5,1.0,38.0,6,265,18541,1,1.0
98,1.0,1.0,0.0,1.0,2.0,5,92.55733264769611,115.3116180713178,no pobre,0,0,0.0,807.5,1.0,38.0,7,265,18541,1,1.0
97,0.0,1.0,0.0,1.0,8.0,5,92.55733264769611,115.3116180713178,pobre,0,3,625.0,734.0,1.0,52.0,15,265,18542,8,1.0
98,0.0,1.0,0.0,1.0,8.0,5,92.55733264769611,115.3116180713178,pobre,0,3,625.0,734.0,1.0,52.0,16,265,18542,8,1.0
97,0.0,1.0,0.0,1.0,5.0,5,92.55733264769611,115.3116180713178,pobre,0,3,625.0,734.0,1.0,52.0,12,265,18543,5,1.0
98,0.0,1.0,0.0,1.0,6.0,5,92.55733264769611,115.3116180713178,pobre,0,3,625.0,734.0,1.0,52.0,13,265,18543,5,1.0
97,0.0,1.0,0.0,1.0,0.0,5,92.55733264769611,115.3116180713178,pobre,0,0,0.0,746.5,0.0,62.0,6,265,18544,0,1.0
98,0.0,1.0,0.0,1.0,1.0,5,92.55733264769611,115.3116180713178,pobre,0,0,0.0,746.5,0.0,62.0,7,265,18544,0,1.0
97,1.0,1.0,0.0,0.0,6.0,5,92.55733264769611,115.3116180713178,pobre,0,2,0.0,639.5,1.0,53.0,16,265,18545,6,0.0
98,1.0,1.0,0.0,,,5,92.55733264769611,115.3116180713178,pobre,0,2,0.0,639.5,1.0,53.0,17,265,18545,6,0.0
97,0.0,1.0,0.0,1.0,6.0,5,92.55733264769611,115.3116180713178,pobre,0,2,0.0,639.5,1.0,53.0,13,265,18546,6,1.0
98,0.0,1.0,0.0,1.0,7.0,5,92.55733264769611,115.3116180713178,pobre,0,2,0.0,639.5,1.0,53.0,14,265,18546,6,1.0
97,0.0,1.0,0.0,1.0,5.0,5,92.55733264769611,115.3116180713178,pobre,0,2,0.0,639.5,1.0,53.0,10,265,18547,5,1.0
98,0.0,1.0,0.0,1.0,6.0,5,92.55733264769611,115.3116180713178,pobre,0,2,0.0,639.5,1.0,53.0,11,265,18547,5,1.0
97,1.0,1.0,0.0,1.0,8.0,7,92.55733264769611,115.3116180713178,pobre,0,0,500.0,717.5,1.0,67.0,15,265,18548,8,1.0
98,1.0,1.0,0.0,,,7,92.55733264769611,115.3116180713178,pobre,0,0,500.0,717.5,1.0,67.0,16,265,18548,8,1.0
97,0.0,1.0,0.0,1.0,8.0,7,92.55733264769611,115.3116180713178,pobre,0,0,500.0,654.33002,1.0,58.0,14,265,18549,8,1.0
98,0.0,1.0,0.0,,,7,92.55733264769611,115.3116180713178,pobre,0,0,500.0,654.33002,1.0,58.0,15,265,18549,8,1.0
97,0.0,1.0,0.0,1.0,5.0,7,92.55733264769611,115.3116180713178,pobre,0,0,500.0,654.33002,1.0,58.0,11,265,18550,5,1.0
98,0.0,1.0,0.0,1.0,5.0,7,92.55733264769611,115.3116180713178,pobre,0,0,500.0,654.33002,1.0,58.0,12,265,18550,5,1.0
97,0.0,1.0,0.0,1.0,4.0,7,92.55733264769611,115.3116180713178,pobre,0,0,500.0,654.33002,1.0,58.0,8,265,18551,4,1.0
98,0.0,1.0,0.0,1.0,5.0,7,92.55733264769611,115.3116180713178,pobre,0,0,500.0,654.33002,1.0,58.0,9,265,18551,4,1.0
97,1.0,1.0,0.0,0.0,4.0,7,92.55733264769611,115.3116180713178,pobre,0,0,500.0,654.33002,1.0,58.0,15,265,18552,4,0.0
98,1.0,1.0,0.0,,,7,92.55733264769611,115.3116180713178,pobre,0,0,500.0,654.33002,1.0,58.0,16,265,18552,4,0.0
97,0.0,1.0,0.0,1.0,7.0,5,92.55733264769611,115.3116180713178,no pobre,0,1,250.0,818.25,0.0,42.0,15,265,18553,7,1.0
98,0.0,1.0,0.0,,,5,92.55733264769611,115.3116180713178,no pobre,0,1,250.0,818.25,0.0,42.0,16,265,18553,7,1.0
97,0.0,1.0,0.0,1.0,8.0,9,92.55733264769611,115.3116180713178,pobre,0,1,500.0,548.0,1.0,46.0,15,265,18554,8,1.0
98,0.0,1.0,0.0,0.0,9.0,9,92.55733264769611,115.3116180713178,pobre,0,1,500.0,548.0,1.0,46.0,16,265,18554,8,1.0
97,0.0,1.0,0.0,1.0,2.0,9,92.55733264769611,115.3116180713178,pobre,0,1,500.0,548.0,1.0,46.0,13,265,18555,2,1.0
98,0.0,1.0,0.0,0.0,9.0,9,92.55733264769611,115.3116180713178,pobre,0,1,500.0,548.0,1.0,46.0,14,265,18555,2,1.0
97,1.0,1.0,0.0,1.0,5.0,9,92.55733264769611,115.3116180713178,pobre,0,1,500.0,548.0,1.0,46.0,12,265,18556,5,1.0
98,1.0,1.0,0.0,1.0,6.0,9,92.55733264769611,115.3116180713178,pobre,0,1,500.0,548.0,1.0,46.0,13,265,18556,5,1.0
97,0.0,1.0,0.0,1.0,4.0,9,92.55733264769611,115.3116180713178,pobre,0,1,500.0,548.0,1.0,46.0,10,265,18557,4,1.0
98,0.0,1.0,0.0,1.0,5.0,9,92.55733264769611,115.3116180713178,pobre,0,1,500.0,548.0,1.0,46.0,11,265,18557,4,1.0
97,1.0,1.0,0.0,1.0,7.0,9,92.55733264769611,115.3116180713178,pobre,0,1,500.0,548.0,1.0,46.0,12,265,18558,7,1.0
98,1.0,1.0,0.0,1.0,8.0,9,92.55733264769611,115.3116180713178,pobre,0,1,500.0,548.0,1.0,46.0,13,265,18558,7,1.0
97,1.0,1.0,0.0,1.0,5.0,9,92.55733264769611,115.3116180713178,pobre,0,1,500.0,548.0,1.0,46.0,11,265,18559,5,1.0
98,1.0,1.0,0.0,1.0,6.0,9,92.55733264769611,115.3116180713178,pobre,0,1,500.0,548.0,1.0,46.0,12,265,18559,5,1.0
97,1.0,1.0,0.0,1.0,1.0,4,92.55733264769611,115.3116180713178,pobre,0,0,500.0,589.0,0.0,50.0,8,265,18560,1,1.0
98,1.0,1.0,0.0,1.0,2.0,4,92.55733264769611,115.3116180713178,pobre,0,0,500.0,589.0,0.0,50.0,9,265,18560,1,1.0
97,1.0,1.0,0.0,1.0,7.0,4,92.55733264769611,115.3116180713178,pobre,0,0,500.0,589.0,0.0,50.0,13,265,18561,7,1.0
98,1.0,1.0,0.0,,,4,92.55733264769611,115.3116180713178,pobre,0,0,500.0,589.0,0.0,50.0,14,265,18561,7,1.0
97,1.0,1.0,0.0,1.0,1.0,4,92.55733264769611,115.3116180713178,pobre,0,0,500.0,589.0,0.0,50.0,7,265,18562,1,1.0
98,1.0,1.0,0.0,1.0,1.0,4,92.55733264769611,115.3116180713178,pobre,0,0,500.0,589.0,0.0,50.0,8,265,18562,1,1.0
97,0.0,1.0,0.0,,0.0,4,92.55733264769611,115.3116180713178,pobre,0,0,0.0,747.0,0.0,80.0,9,265,18563,0,
98,0.0,1.0,0.0,1.0,3.0,4,92.55733264769611,115.3116180713178,pobre,0,0,0.0,747.0,0.0,80.0,10,265,18563,0,
97,1.0,1.0,0.0,1.0,2.0,7,92.55733264769611,115.3116180713178,pobre,0,8,500.0,599.0,1.0,38.0,10,265,18564,2,1.0
98,1.0,1.0,0.0,1.0,3.0,7,92.55733264769611,115.3116180713178,pobre,0,8,500.0,599.0,1.0,38.0,11,265,18564,2,1.0
97,1.0,1.0,0.0,,0.0,7,92.55733264769611,115.3116180713178,pobre,0,8,500.0,599.0,1.0,38.0,8,265,18565,0,
98,1.0,1.0,0.0,,,7,92.55733264769611,115.3116180713178,pobre,0,8,500.0,599.0,1.0,38.0,9,265,18565,0,
97,0.0,1.0,0.0,1.0,0.0,7,92.55733264769611,115.3116180713178,pobre,0,8,500.0,599.0,1.0,38.0,6,265,18566,0,1.0
98,0.0,1.0,0.0,1.0,1.0,7,92.55733264769611,115.3116180713178,pobre,0,8,500.0,599.0,1.0,38.0,7,265,18566,0,1.0
97,1.0,1.0,0.0,1.0,5.0,6,92.55733264769611,115.3116180713178,pobre,0,4,375.0,741.0,1.0,29.0,12,265,18567,5,1.0
98,1.0,1.0,0.0,1.0,6.0,6,92.55733264769611,115.3116180713178,pobre,0,4,375.0,741.0,1.0,29.0,13,265,18567,5,1.0
97,1.0,1.0,0.0,1.0,2.0,6,92.55733264769611,115.3116180713178,pobre,0,4,375.0,741.0,1.0,29.0,8,265,18568,2,1.0
98,1.0,1.0,0.0,1.0,3.0,6,92.55733264769611,115.3116180713178,pobre,0,4,375.0,741.0,1.0,29.0,9,265,18568,2,1.0
97,0.0,1.0,0.0,1.0,0.0,6,92.55733264769611,115.3116180713178,pobre,0,4,375.0,741.0,1.0,29.0,6,265,18569,0,1.0
98,0.0,1.0,0.0,1.0,1.0,6,92.55733264769611,115.3116180713178,pobre,0,4,375.0,741.0,1.0,29.0,7,265,18569,0,1.0
97,1.0,1.0,0.0,1.0,5.0,4,92.55733264769611,115.3116180713178,pobre,0,6,500.0,713.0,1.0,44.0,11,265,18570,5,1.0
98,1.0,1.0,0.0,1.0,6.0,4,92.55733264769611,115.3116180713178,pobre,0,6,500.0,713.0,1.0,44.0,12,265,18570,5,1.0
97,0.0,1.0,0.0,1.0,2.0,5,92.55733264769611,115.3116180713178,pobre,0,6,375.0,672.0,1.0,42.0,8,265,18571,2,1.0
98,0.0,1.0,0.0,1.0,3.0,5,92.55733264769611,115.3116180713178,pobre,0,6,375.0,672.0,1.0,42.0,9,265,18571,2,1.0
97,1.0,1.0,0.0,1.0,2.0,5,92.55733264769611,115.3116180713178,pobre,0,6,375.0,672.0,1.0,42.0,7,265,18572,2,1.0
98,1.0,1.0,0.0,1.0,3.0,5,92.55733264769611,115.3116180713178,pobre,0,6,375.0,672.0,1.0,42.0,8,265,18572,2,1.0
97,0.0,1.0,0.0,0.0,6.0,7,92.55733264769611,115.3116180713178,pobre,0,9,750.0,878.33002,1.0,39.0,16,265,18573,6,0.0
98,0.0,1.0,0.0,,,7,92.55733264769611,115.3116180713178,pobre,0,9,750.0,878.33002,1.0,39.0,17,265,18573,6,0.0
97,1.0,1.0,0.0,0.0,6.0,7,92.55733264769611,115.3116180713178,pobre,0,9,750.0,878.33002,1.0,39.0,13,265,18574,6,0.0
98,1.0,1.0,0.0,0.0,6.0,7,92.55733264769611,115.3116180713178,pobre,0,9,750.0,878.33002,1.0,39.0,14,265,18574,6,0.0
97,1.0,1.0,0.0,1.0,2.0,3,92.55733264769611,115.3116180713178,pobre,0,0,500.0,614.0,1.0,64.0,6,265,18575,2,1.0
98,1.0,1.0,0.0,1.0,1.0,3,92.55733264769611,115.3116180713178,pobre,0,0,500.0,614.0,1.0,64.0,7,265,18575,2,1.0
97,1.0,1.0,0.0,1.0,3.0,4,92.55733264769611,115.3116180713178,pobre,0,6,500.0,660.0,1.0,28.0,10,265,18576,3,1.0
98,1.0,1.0,0.0,1.0,4.0,4,92.55733264769611,115.3116180713178,pobre,0,6,500.0,660.0,1.0,28.0,11,265,18576,3,1.0
97,0.0,1.0,0.0,,0.0,3,92.55733264769611,115.3116180713178,pobre,0,0,375.0,697.5,1.0,50.0,15,265,18577,0,
98,0.0,1.0,0.0,,,3,92.55733264769611,115.3116180713178,pobre,0,0,375.0,697.5,1.0,50.0,16,265,18577,0,
97,1.0,1.0,0.0,1.0,1.0,4,92.55733264769611,115.3116180713178,pobre,0,0,500.0,824.0,1.0,63.0,12,265,18578,1,1.0
98,1.0,1.0,0.0,,,4,92.55733264769611,115.3116180713178,pobre,0,0,500.0,824.0,1.0,63.0,13,265,18578,1,1.0
97,0.0,1.0,0.0,,0.0,3,92.55733264769611,115.3116180713178,pobre,0,0,0.0,784.14001,0.0,47.0,14,265,18579,0,
98,0.0,1.0,0.0,,,3,92.55733264769611,115.3116180713178,pobre,0,0,0.0,784.14001,0.0,47.0,15,265,18579,0,
97,0.0,1.0,0.0,0.0,6.0,6,92.55733264769611,115.3116180713178,pobre,0,1,1000.0,767.0,1.0,47.0,15,265,18580,6,0.0
98,0.0,1.0,0.0,0.0,6.0,6,92.55733264769611,115.3116180713178,pobre,0,1,1000.0,767.0,1.0,47.0,16,265,18580,6,0.0
97,1.0,1.0,0.0,1.0,5.0,6,92.55733264769611,115.3116180713178,pobre,0,1,1000.0,767.0,1.0,47.0,12,265,18581,5,1.0
98,1.0,1.0,0.0,1.0,6.0,6,92.55733264769611,115.3116180713178,pobre,0,1,1000.0,767.0,1.0,47.0,13,265,18581,5,1.0
97,0.0,1.0,0.0,1.0,2.0,6,92.55733264769611,115.3116180713178,pobre,0,1,1000.0,767.0,1.0,47.0,8,265,18582,2,1.0
98,0.0,1.0,0.0,1.0,3.0,6,92.55733264769611,115.3116180713178,pobre,0,1,1000.0,767.0,1.0,47.0,9,265,18582,2,1.0
97,0.0,1.0,0.0,1.0,2.0,4,92.55733264769611,115.3116180713178,pobre,0,6,500.0,694.0,1.0,30.0,8,265,18583,2,1.0
98,0.0,1.0,0.0,1.0,0.0,4,92.55733264769611,115.3116180713178,pobre,0,6,500.0,694.0,1.0,30.0,9,265,18583,2,1.0
97,1.0,1.0,0.0,1.0,1.0,4,92.55733264769611,115.3116180713178,pobre,0,6,500.0,694.0,1.0,30.0,7,265,18584,1,1.0
98,1.0,1.0,0.0,1.0,2.0,4,92.55733264769611,115.3116180713178,pobre,0,6,500.0,694.0,1.0,30.0,8,265,18584,1,1.0
97,1.0,1.0,0.0,1.0,5.0,7,92.55733264769611,115.3116180713178,no pobre,0,3,0.0,920.75,1.0,77.0,11,265,18585,5,1.0
98,1.0,1.0,0.0,1.0,6.0,7,92.55733264769611,115.3116180713178,no pobre,0,3,0.0,920.75,1.0,77.0,12,265,18585,5,1.0
97,0.0,1.0,0.0,1.0,7.0,5,92.55733264769611,115.3116180713178,pobre,0,2,375.0,771.5,1.0,52.0,12,265,18586,7,1.0
98,0.0,1.0,0.0,1.0,8.0,5,92.55733264769611,115.3116180713178,pobre,0,2,375.0,771.5,1.0,52.0,13,265,18586,7,1.0
97,1.0,1.0,0.0,1.0,8.0,4,92.55733264769611,115.3116180713178,pobre,0,1,375.0,733.0,1.0,56.0,15,265,18587,8,1.0
98,1.0,1.0,0.0,,,4,92.55733264769611,115.3116180713178,pobre,0,1,375.0,733.0,1.0,56.0,16,265,18587,8,1.0
97,0.0,1.0,2.3380001,1.0,5.0,3,92.9615158497741,115.2452568813788,pobre,basal,0,500.0,766.0,1.0,60.0,12,264,18588,5,1.0
98,0.0,1.0,2.3380001,0.0,6.0,3,92.9615158497741,115.2452568813788,pobre,basal,0,500.0,766.0,1.0,60.0,13,264,18588,5,1.0
97,1.0,1.0,2.3380001,0.0,6.0,7,92.9615158497741,115.2452568813788,pobre,basal,1,500.0,715.75,1.0,45.0,16,264,18589,6,0.0
98,1.0,1.0,2.3380001,,,7,92.9615158497741,115.2452568813788,pobre,basal,1,500.0,715.75,1.0,45.0,17,264,18589,6,0.0
97,1.0,1.0,2.3380001,0.0,4.0,7,92.9615158497741,115.2452568813788,pobre,basal,1,500.0,715.75,1.0,45.0,15,264,18590,4,0.0
98,1.0,1.0,2.3380001,0.0,4.0,7,92.9615158497741,115.2452568813788,pobre,basal,1,500.0,715.75,1.0,45.0,16,264,18590,4,0.0
97,0.0,1.0,2.3380001,,0.0,7,92.9615158497741,115.2452568813788,pobre,basal,1,500.0,715.75,1.0,45.0,14,264,18591,0,
98,0.0,1.0,2.3380001,0.0,3.0,7,92.9615158497741,115.2452568813788,pobre,basal,1,500.0,715.75,1.0,45.0,15,264,18591,0,
97,0.0,1.0,2.3380001,0.0,4.0,7,92.9615158497741,115.2452568813788,pobre,basal,1,500.0,715.75,1.0,45.0,14,264,18592,4,0.0
98,0.0,1.0,2.3380001,0.0,4.0,7,92.9615158497741,115.2452568813788,pobre,basal,1,500.0,715.75,1.0,45.0,15,264,18592,4,0.0
97,1.0,0.0,2.3380001,0.0,2.0,7,92.9615158497741,115.2452568813788,pobre,basal,6,500.0,699.5,1.0,25.0,12,264,18593,2,0.0
98,1.0,0.0,2.3380001,0.0,2.0,7,92.9615158497741,115.2452568813788,pobre,basal,6,500.0,699.5,1.0,25.0,13,264,18593,2,0.0
97,1.0,1.0,2.3380001,,0.0,7,92.9615158497741,115.2452568813788,pobre,basal,0,375.0,778.75,1.0,70.0,11,264,18594,0,
98,1.0,1.0,2.3380001,,,7,92.9615158497741,115.2452568813788,pobre,basal,0,375.0,778.75,1.0,70.0,12,264,18594,0,
97,1.0,1.0,2.3380001,1.0,4.0,5,92.9615158497741,115.2452568813788,pobre,basal,2,500.0,694.0,1.0,49.0,9,264,18595,4,1.0
98,1.0,1.0,2.3380001,1.0,5.0,5,92.9615158497741,115.2452568813788,pobre,basal,2,500.0,694.0,1.0,49.0,10,264,18595,4,1.0
97,0.0,1.0,2.3380001,1.0,0.0,5,92.9615158497741,115.2452568813788,pobre,basal,2,500.0,694.0,1.0,49.0,6,264,18596,0,1.0
98,0.0,1.0,2.3380001,,,5,92.9615158497741,115.2452568813788,pobre,basal,2,500.0,694.0,1.0,49.0,7,264,18596,0,1.0
97,1.0,1.0,0.0,1.0,7.0,6,92.55733264769611,115.3116180713178,pobre,0,2,500.0,575.0,1.0,43.0,15,265,18597,7,1.0
98,1.0,1.0,0.0,,,6,92.55733264769611,115.3116180713178,pobre,0,2,500.0,575.0,1.0,43.0,16,265,18597,7,1.0
97,1.0,1.0,0.0,1.0,7.0,6,92.55733264769611,115.3116180713178,pobre,0,2,500.0,575.0,1.0,43.0,13,265,18598,7,1.0
98,1.0,1.0,0.0,1.0,8.0,6,92.55733264769611,115.3116180713178,pobre,0,2,500.0,575.0,1.0,43.0,14,265,18598,7,1.0
97,0.0,1.0,0.0,1.0,6.0,6,92.55733264769611,115.3116180713178,pobre,0,2,500.0,575.0,1.0,43.0,10,265,18599,6,1.0
98,0.0,1.0,0.0,1.0,7.0,6,92.55733264769611,115.3116180713178,pobre,0,2,500.0,575.0,1.0,43.0,11,265,18599,6,1.0
97,1.0,1.0,0.0,1.0,1.0,6,92.55733264769611,115.3116180713178,pobre,0,2,500.0,575.0,1.0,43.0,7,265,18600,1,1.0
98,1.0,1.0,0.0,1.0,2.0,6,92.55733264769611,115.3116180713178,pobre,0,2,500.0,575.0,1.0,43.0,8,265,18600,1,1.0
97,0.0,1.0,0.0,1.0,3.0,6,92.55733264769611,115.3116180713178,pobre,0,0,0.0,605.14001,1.0,72.0,12,265,18601,3,1.0
98,0.0,1.0,0.0,,,6,92.55733264769611,115.3116180713178,pobre,0,0,0.0,605.14001,1.0,72.0,13,265,18601,3,1.0
97,0.0,1.0,0.0,,0.0,6,92.55733264769611,115.3116180713178,pobre,0,0,0.0,605.14001,1.0,72.0,11,265,18602,0,
98,0.0,1.0,0.0,,,6,92.55733264769611,115.3116180713178,pobre,0,0,0.0,605.14001,1.0,72.0,12,265,18602,0,
97,1.0,1.0,0.0,,0.0,6,92.55733264769611,115.3116180713178,pobre,0,0,0.0,605.14001,1.0,72.0,15,265,18603,0,
98,1.0,1.0,0.0,,,6,92.55733264769611,115.3116180713178,pobre,0,0,0.0,605.14001,1.0,72.0,16,265,18603,0,
97,1.0,1.0,0.0,,0.0,6,92.55733264769611,115.3116180713178,pobre,0,0,0.0,605.14001,1.0,72.0,7,265,18604,0,
98,1.0,1.0,0.0,,,6,92.55733264769611,115.3116180713178,pobre,0,0,0.0,605.14001,1.0,72.0,8,265,18604,0,
97,1.0,1.0,0.0,1.0,2.0,5,92.55733264769611,115.3116180713178,pobre,0,0,500.0,543.0,1.0,40.0,9,265,18605,2,1.0
98,1.0,1.0,0.0,1.0,3.0,5,92.55733264769611,115.3116180713178,pobre,0,0,500.0,543.0,1.0,40.0,10,265,18605,2,1.0
97,1.0,0.0,0.0,,0.0,5,92.55733264769611,115.3116180713178,pobre,0,0,500.0,543.0,1.0,40.0,6,265,18606,0,
98,1.0,0.0,0.0,1.0,1.0,5,92.55733264769611,115.3116180713178,pobre,0,0,500.0,543.0,1.0,40.0,7,265,18606,0,
97,0.0,1.0,0.0,1.0,5.0,3,92.55733264769611,115.3116180713178,pobre,0,0,0.0,922.0,1.0,71.0,11,265,18607,5,1.0
98,0.0,1.0,0.0,1.0,6.0,3,92.55733264769611,115.3116180713178,pobre,0,0,0.0,922.0,1.0,71.0,12,265,18607,5,1.0
97,0.0,1.0,0.0,0.0,9.0,8,92.55733264769611,115.3116180713178,pobre,0,3,500.0,633.0,1.0,51.0,15,265,18608,9,0.0
98,0.0,1.0,0.0,,,8,92.55733264769611,115.3116180713178,pobre,0,3,500.0,633.0,1.0,51.0,16,265,18608,9,0.0
97,1.0,1.0,0.0,0.0,9.0,8,92.55733264769611,115.3116180713178,pobre,0,3,500.0,633.0,1.0,51.0,15,265,18609,9,0.0
98,1.0,1.0,0.0,,,8,92.55733264769611,115.3116180713178,pobre,0,3,500.0,633.0,1.0,51.0,16,265,18609,9,0.0
97,0.0,1.0,0.0,1.0,7.0,8,92.55733264769611,115.3116180713178,pobre,0,3,500.0,633.0,1.0,51.0,13,265,18610,7,1.0
98,0.0,1.0,0.0,,,8,92.55733264769611,115.3116180713178,pobre,0,3,500.0,633.0,1.0,51.0,14,265,18610,7,1.0
97,0.0,1.0,0.0,1.0,4.0,8,92.55733264769611,115.3116180713178,pobre,0,3,500.0,633.0,1.0,51.0,9,265,18611,4,1.0
98,0.0,1.0,0.0,1.0,5.0,8,92.55733264769611,115.3116180713178,pobre,0,3,500.0,633.0,1.0,51.0,10,265,18611,4,1.0
97,0.0,0.0,0.0,1.0,2.0,8,92.55733264769611,115.3116180713178,pobre,0,3,500.0,633.0,1.0,51.0,7,265,18612,2,1.0
98,0.0,0.0,0.0,1.0,3.0,8,92.55733264769611,115.3116180713178,pobre,0,3,500.0,633.0,1.0,51.0,8,265,18612,2,1.0
97,1.0,1.0,0.0,1.0,5.0,7,92.55733264769611,115.3116180713178,pobre,0,1,750.0,530.0,1.0,55.0,11,265,18613,5,1.0
98,1.0,1.0,0.0,1.0,4.0,7,92.55733264769611,115.3116180713178,pobre,0,1,750.0,530.0,1.0,55.0,12,265,18613,5,1.0
97,0.0,1.0,0.0,1.0,3.0,7,92.55733264769611,115.3116180713178,pobre,0,1,750.0,530.0,1.0,55.0,8,265,18614,3,1.0
98,0.0,1.0,0.0,1.0,3.0,7,92.55733264769611,115.3116180713178,pobre,0,1,750.0,530.0,1.0,55.0,9,265,18614,3,1.0
97,0.0,1.0,0.0,1.0,4.0,5,92.55733264769611,115.3116180713178,pobre,0,0,0.0,518.0,0.0,44.0,11,265,18615,4,1.0
98,0.0,1.0,0.0,1.0,5.0,5,92.55733264769611,115.3116180713178,pobre,0,0,0.0,518.0,0.0,44.0,12,265,18615,4,1.0
97,1.0,1.0,0.0,1.0,7.0,5,92.55733264769611,115.3116180713178,pobre,0,0,0.0,518.0,0.0,44.0,16,265,18616,7,1.0
98,1.0,1.0,0.0,,,5,92.55733264769611,115.3116180713178,pobre,0,0,0.0,518.0,0.0,44.0,17,265,18616,7,1.0
97,1.0,1.0,0.0,1.0,4.0,5,92.55733264769611,115.3116180713178,pobre,0,0,0.0,518.0,0.0,44.0,13,265,18617,4,1.0
98,1.0,1.0,0.0,1.0,7.0,5,92.55733264769611,115.3116180713178,pobre,0,0,0.0,518.0,0.0,44.0,14,265,18617,4,1.0
97,0.0,1.0,0.0,1.0,4.0,5,92.55733264769611,115.3116180713178,pobre,0,0,0.0,518.0,0.0,44.0,11,265,18618,4,1.0
98,0.0,1.0,0.0,1.0,5.0,5,92.55733264769611,115.3116180713178,pobre,0,0,0.0,518.0,0.0,44.0,12,265,18618,4,1.0
97,0.0,1.0,0.0,0.0,9.0,6,92.55733264769611,115.3116180713178,pobre,0,3,0.0,660.0,1.0,46.0,15,265,18619,9,0.0
98,0.0,1.0,0.0,0.0,9.0,6,92.55733264769611,115.3116180713178,pobre,0,3,0.0,660.0,1.0,46.0,16,265,18619,9,0.0
97,0.0,1.0,0.0,1.0,7.0,6,92.55733264769611,115.3116180713178,pobre,0,3,0.0,660.0,1.0,46.0,13,265,18620,7,1.0
98,0.0,1.0,0.0,1.0,8.0,6,92.55733264769611,115.3116180713178,pobre,0,3,0.0,660.0,1.0,46.0,14,265,18620,7,1.0
97,1.0,1.0,0.0,1.0,3.0,6,92.55733264769611,115.3116180713178,pobre,0,3,0.0,660.0,1.0,46.0,7,265,18621,3,1.0
98,1.0,1.0,0.0,1.0,3.0,6,92.55733264769611,115.3116180713178,pobre,0,3,0.0,660.0,1.0,46.0,8,265,18621,3,1.0
97,0.0,1.0,0.0,1.0,4.0,6,92.55733264769611,115.3116180713178,pobre,0,3,0.0,660.0,1.0,46.0,10,265,18622,4,1.0
98,0.0,1.0,0.0,1.0,5.0,6,92.55733264769611,115.3116180713178,pobre,0,3,0.0,660.0,1.0,46.0,11,265,18622,4,1.0
97,0.0,1.0,0.0,1.0,8.0,8,92.55733264769611,115.3116180713178,pobre,0,6,750.0,536.0,1.0,37.0,14,265,18623,8,1.0
98,0.0,1.0,0.0,,,8,92.55733264769611,115.3116180713178,pobre,0,6,750.0,536.0,1.0,37.0,15,265,18623,8,1.0
97,0.0,1.0,0.0,1.0,7.0,8,92.55733264769611,115.3116180713178,pobre,0,6,750.0,536.0,1.0,37.0,12,265,18624,7,1.0
98,0.0,1.0,0.0,1.0,8.0,8,92.55733264769611,115.3116180713178,pobre,0,6,750.0,536.0,1.0,37.0,13,265,18624,7,1.0
97,0.0,1.0,0.0,1.0,5.0,8,92.55733264769611,115.3116180713178,pobre,0,6,750.0,536.0,1.0,37.0,11,265,18625,5,1.0
98,0.0,1.0,0.0,1.0,6.0,8,92.55733264769611,115.3116180713178,pobre,0,6,750.0,536.0,1.0,37.0,12,265,18625,5,1.0
97,0.0,1.0,0.0,1.0,2.0,8,92.55733264769611,115.3116180713178,pobre,0,6,750.0,536.0,1.0,37.0,7,265,18626,2,1.0
98,0.0,1.0,0.0,1.0,3.0,8,92.55733264769611,115.3116180713178,pobre,0,6,750.0,536.0,1.0,37.0,8,265,18626,2,1.0
97,0.0,1.0,0.0,0.0,9.0,8,92.55733264769611,115.3116180713178,pobre,0,0,750.0,544.0,1.0,53.0,15,265,18627,9,0.0
98,0.0,1.0,0.0,0.0,9.0,8,92.55733264769611,115.3116180713178,pobre,0,0,750.0,544.0,1.0,53.0,16,265,18627,9,0.0
97,0.0,1.0,0.0,1.0,7.0,8,92.55733264769611,115.3116180713178,pobre,0,0,750.0,544.0,1.0,53.0,11,265,18628,7,1.0
98,0.0,1.0,0.0,1.0,7.0,8,92.55733264769611,115.3116180713178,pobre,0,0,750.0,544.0,1.0,53.0,12,265,18628,7,1.0
97,1.0,1.0,0.0,1.0,4.0,8,92.55733264769611,115.3116180713178,pobre,0,0,750.0,544.0,1.0,53.0,9,265,18629,4,1.0
98,1.0,1.0,0.0,1.0,5.0,8,92.55733264769611,115.3116180713178,pobre,0,0,750.0,544.0,1.0,53.0,10,265,18629,4,1.0
97,0.0,1.0,0.0,1.0,2.0,8,92.55733264769611,115.3116180713178,pobre,0,0,750.0,544.0,1.0,53.0,6,265,18630,2,1.0
98,0.0,1.0,0.0,1.0,3.0,8,92.55733264769611,115.3116180713178,pobre,0,0,750.0,544.0,1.0,53.0,7,265,18630,2,1.0
97,0.0,1.0,0.0,1.0,7.0,6,92.55733264769611,115.3116180713178,no pobre,0,18,3000.0,1072.0,1.0,42.0,11,265,18631,7,1.0
98,0.0,1.0,0.0,1.0,8.0,6,92.55733264769611,115.3116180713178,no pobre,0,18,3000.0,1072.0,1.0,42.0,12,265,18631,7,1.0
97,0.0,1.0,0.0,1.0,4.0,6,92.55733264769611,115.3116180713178,no pobre,0,18,3000.0,1072.0,1.0,42.0,9,265,18632,4,1.0
98,0.0,1.0,0.0,1.0,5.0,6,92.55733264769611,115.3116180713178,no pobre,0,18,3000.0,1072.0,1.0,42.0,10,265,18632,4,1.0
97,1.0,1.0,0.0,1.0,2.0,6,92.55733264769611,115.3116180713178,no pobre,0,18,3000.0,1072.0,1.0,42.0,7,265,18633,2,1.0
98,1.0,1.0,0.0,1.0,3.0,6,92.55733264769611,115.3116180713178,no pobre,0,18,3000.0,1072.0,1.0,42.0,8,265,18633,2,1.0
97,1.0,1.0,0.0,1.0,2.0,13,92.55733264769611,115.3116180713178,pobre,0,0,0.0,568.5,1.0,72.0,8,265,18634,2,1.0
98,1.0,1.0,0.0,1.0,3.0,13,92.55733264769611,115.3116180713178,pobre,0,0,0.0,568.5,1.0,72.0,9,265,18634,2,1.0
97,1.0,1.0,0.0,1.0,4.0,13,92.55733264769611,115.3116180713178,pobre,0,0,0.0,568.5,1.0,72.0,10,265,18635,4,1.0
98,1.0,1.0,0.0,,,13,92.55733264769611,115.3116180713178,pobre,0,0,0.0,568.5,1.0,72.0,11,265,18635,4,1.0
97,1.0,1.0,0.0,1.0,3.0,13,92.55733264769611,115.3116180713178,pobre,0,0,0.0,568.5,1.0,72.0,9,265,18636,3,1.0
98,1.0,1.0,0.0,1.0,4.0,13,92.55733264769611,115.3116180713178,pobre,0,0,0.0,568.5,1.0,72.0,10,265,18636,3,1.0
97,0.0,1.0,0.0,1.0,1.0,13,92.55733264769611,115.3116180713178,pobre,0,0,0.0,568.5,1.0,72.0,7,265,18637,1,1.0
98,0.0,1.0,0.0,1.0,2.0,13,92.55733264769611,115.3116180713178,pobre,0,0,0.0,568.5,1.0,72.0,8,265,18637,1,1.0
97,1.0,1.0,0.0,1.0,7.0,13,92.55733264769611,115.3116180713178,pobre,0,0,0.0,568.5,1.0,72.0,16,265,18638,7,1.0
98,1.0,1.0,0.0,,,13,92.55733264769611,115.3116180713178,pobre,0,0,0.0,568.5,1.0,72.0,17,265,18638,7,1.0
97,1.0,1.0,0.0,1.0,7.0,6,92.55733264769611,115.3116180713178,pobre,0,3,0.0,776.0,1.0,51.0,11,265,18639,7,1.0
98,1.0,1.0,0.0,1.0,7.0,6,92.55733264769611,115.3116180713178,pobre,0,3,0.0,776.0,1.0,51.0,12,265,18639,7,1.0
97,1.0,1.0,0.0,1.0,3.0,6,92.55733264769611,115.3116180713178,pobre,0,3,0.0,776.0,1.0,51.0,8,265,18640,3,1.0
98,1.0,1.0,0.0,1.0,4.0,6,92.55733264769611,115.3116180713178,pobre,0,3,0.0,776.0,1.0,51.0,9,265,18640,3,1.0
97,0.0,1.0,0.0,0.0,9.0,7,92.55733264769611,115.3116180713178,pobre,0,6,500.0,660.0,1.0,37.0,14,265,18641,9,0.0
98,0.0,1.0,0.0,0.0,9.0,7,92.55733264769611,115.3116180713178,pobre,0,6,500.0,660.0,1.0,37.0,15,265,18641,9,0.0
97,1.0,1.0,0.0,1.0,7.0,7,92.55733264769611,115.3116180713178,pobre,0,6,500.0,660.0,1.0,37.0,12,265,18642,7,1.0
98,1.0,1.0,0.0,1.0,8.0,7,92.55733264769611,115.3116180713178,pobre,0,6,500.0,660.0,1.0,37.0,13,265,18642,7,1.0
97,1.0,1.0,0.0,1.0,5.0,7,92.55733264769611,115.3116180713178,pobre,0,6,500.0,660.0,1.0,37.0,10,265,18643,5,1.0
98,1.0,1.0,0.0,1.0,6.0,7,92.55733264769611,115.3116180713178,pobre,0,6,500.0,660.0,1.0,37.0,11,265,18643,5,1.0
97,1.0,1.0,0.0,1.0,2.0,7,92.55733264769611,115.3116180713178,pobre,0,6,500.0,660.0,1.0,37.0,8,265,18644,2,1.0
98,1.0,1.0,0.0,1.0,2.0,7,92.55733264769611,115.3116180713178,pobre,0,6,500.0,660.0,1.0,37.0,9,265,18644,2,1.0
97,0.0,1.0,0.0,1.0,1.0,7,92.55733264769611,115.3116180713178,pobre,0,6,500.0,660.0,1.0,37.0,6,265,18645,1,1.0
98,0.0,1.0,0.0,1.0,1.0,7,92.55733264769611,115.3116180713178,pobre,0,6,500.0,660.0,1.0,37.0,7,265,18645,1,1.0
97,0.0,1.0,0.0,0.0,6.0,6,92.55733264769611,115.3116180713178,pobre,0,0,0.0,608.0,1.0,55.0,16,265,18646,6,0.0
98,0.0,1.0,0.0,,,6,92.55733264769611,115.3116180713178,pobre,0,0,0.0,608.0,1.0,55.0,17,265,18646,6,0.0
97,1.0,1.0,0.0,1.0,8.0,6,92.55733264769611,115.3116180713178,pobre,0,0,0.0,608.0,1.0,55.0,13,265,18647,8,1.0
98,1.0,1.0,0.0,0.0,9.0,6,92.55733264769611,115.3116180713178,pobre,0,0,0.0,608.0,1.0,55.0,14,265,18647,8,1.0
97,1.0,1.0,0.0,1.0,7.0,6,92.55733264769611,115.3116180713178,pobre,0,0,0.0,608.0,1.0,55.0,11,265,18648,7,1.0
98,1.0,1.0,0.0,1.0,8.0,6,92.55733264769611,115.3116180713178,pobre,0,0,0.0,608.0,1.0,55.0,12,265,18648,7,1.0
97,1.0,1.0,0.0,1.0,1.0,6,92.55733264769611,115.3116180713178,pobre,0,0,0.0,608.0,1.0,55.0,8,265,18649,1,1.0
98,1.0,1.0,0.0,1.0,2.0,6,92.55733264769611,115.3116180713178,pobre,0,0,0.0,608.0,1.0,55.0,9,265,18649,1,1.0
97,1.0,1.0,0.0,1.0,8.0,11,92.55733264769611,115.3116180713178,pobre,0,0,500.0,880.5,1.0,52.0,15,265,18650,8,1.0
98,1.0,1.0,0.0,0.0,9.0,11,92.55733264769611,115.3116180713178,pobre,0,0,500.0,880.5,1.0,52.0,16,265,18650,8,1.0
97,0.0,1.0,0.0,1.0,7.0,11,92.55733264769611,115.3116180713178,pobre,0,0,500.0,880.5,1.0,52.0,12,265,18651,7,1.0
98,0.0,1.0,0.0,1.0,7.0,11,92.55733264769611,115.3116180713178,pobre,0,0,500.0,880.5,1.0,52.0,13,265,18651,7,1.0
97,1.0,1.0,0.0,1.0,3.0,11,92.55733264769611,115.3116180713178,pobre,0,0,500.0,880.5,1.0,52.0,9,265,18652,3,1.0
98,1.0,1.0,0.0,1.0,3.0,11,92.55733264769611,115.3116180713178,pobre,0,0,500.0,880.5,1.0,52.0,10,265,18652,3,1.0
97,1.0,1.0,0.0,1.0,2.0,11,92.55733264769611,115.3116180713178,pobre,0,0,500.0,880.5,1.0,52.0,7,265,18653,2,1.0
98,1.0,1.0,0.0,1.0,2.0,11,92.55733264769611,115.3116180713178,pobre,0,0,500.0,880.5,1.0,52.0,8,265,18653,2,1.0
97,0.0,1.0,0.0,1.0,8.0,7,92.55733264769611,115.3116180713178,pobre,0,3,500.0,745.5,1.0,43.0,14,265,18654,8,1.0
98,0.0,1.0,0.0,0.0,9.0,7,92.55733264769611,115.3116180713178,pobre,0,3,500.0,745.5,1.0,43.0,15,265,18654,8,1.0
97,1.0,1.0,0.0,1.0,5.0,7,92.55733264769611,115.3116180713178,pobre,0,3,500.0,745.5,1.0,43.0,12,265,18655,5,1.0
98,1.0,1.0,0.0,1.0,6.0,7,92.55733264769611,115.3116180713178,pobre,0,3,500.0,745.5,1.0,43.0,13,265,18655,5,1.0
97,0.0,1.0,0.0,1.0,2.0,7,92.55733264769611,115.3116180713178,pobre,0,3,500.0,745.5,1.0,43.0,9,265,18656,2,1.0
98,0.0,1.0,0.0,1.0,3.0,7,92.55733264769611,115.3116180713178,pobre,0,3,500.0,745.5,1.0,43.0,10,265,18656,2,1.0
97,0.0,1.0,0.0,1.0,10.0,9,92.55733264769611,115.3116180713178,pobre,0,3,625.0,651.0,1.0,50.0,15,265,18657,10,1.0
98,0.0,1.0,0.0,,,9,92.55733264769611,115.3116180713178,pobre,0,3,625.0,651.0,1.0,50.0,16,265,18657,10,1.0
97,0.0,1.0,0.0,1.0,7.0,9,92.55733264769611,115.3116180713178,pobre,0,3,625.0,651.0,1.0,50.0,13,265,18658,7,1.0
98,0.0,1.0,0.0,1.0,8.0,9,92.55733264769611,115.3116180713178,pobre,0,3,625.0,651.0,1.0,50.0,14,265,18658,7,1.0
97,1.0,1.0,0.0,1.0,5.0,9,92.55733264769611,115.3116180713178,pobre,0,3,625.0,651.0,1.0,50.0,10,265,18659,5,1.0
98,1.0,1.0,0.0,1.0,6.0,9,92.55733264769611,115.3116180713178,pobre,0,3,625.0,651.0,1.0,50.0,11,265,18659,5,1.0
97,1.0,1.0,0.0,1.0,1.0,9,92.55733264769611,115.3116180713178,pobre,0,3,625.0,651.0,1.0,50.0,7,265,18660,1,1.0
98,1.0,1.0,0.0,1.0,2.0,9,92.55733264769611,115.3116180713178,pobre,0,3,625.0,651.0,1.0,50.0,8,265,18660,1,1.0
97,1.0,1.0,0.0,1.0,1.0,9,92.55733264769611,115.3116180713178,pobre,0,3,625.0,651.0,1.0,50.0,7,265,18661,1,1.0
98,1.0,1.0,0.0,1.0,2.0,9,92.55733264769611,115.3116180713178,pobre,0,3,625.0,651.0,1.0,50.0,8,265,18661,1,1.0
97,1.0,0.0,4.8930001,1.0,0.0,4,54.29688494470933,78.92524314421487,pobre,basal,2,500.0,567.0,1.0,29.0,6,227,18662,0,1.0
98,1.0,0.0,4.8930001,1.0,1.0,4,54.29688494470933,78.92524314421487,pobre,basal,2,500.0,567.0,1.0,29.0,7,227,18662,0,1.0
97,0.0,0.0,1.887,0.0,9.0,11,74.54013876869921,99.16458247143385,pobre,0,3,375.0,709.66669,1.0,48.0,15,251,18663,9,0.0
98,0.0,0.0,1.887,0.0,9.0,11,74.54013876869921,99.16458247143385,pobre,0,3,375.0,709.66669,1.0,48.0,16,251,18663,9,0.0
97,1.0,0.0,1.887,1.0,8.0,11,74.54013876869921,99.16458247143385,pobre,0,3,375.0,709.66669,1.0,48.0,13,251,18664,8,1.0
98,1.0,0.0,1.887,1.0,8.0,11,74.54013876869921,99.16458247143385,pobre,0,3,375.0,709.66669,1.0,48.0,14,251,18664,8,1.0
97,1.0,0.0,1.887,1.0,5.0,11,74.54013876869921,99.16458247143385,pobre,0,3,375.0,709.66669,1.0,48.0,11,251,18665,5,1.0
98,1.0,0.0,1.887,1.0,5.0,11,74.54013876869921,99.16458247143385,pobre,0,3,375.0,709.66669,1.0,48.0,12,251,18665,5,1.0
97,1.0,0.0,1.887,1.0,3.0,11,74.54013876869921,99.16458247143385,pobre,0,3,375.0,709.66669,1.0,48.0,9,251,18666,3,1.0
98,1.0,0.0,1.887,1.0,3.0,11,74.54013876869921,99.16458247143385,pobre,0,3,375.0,709.66669,1.0,48.0,10,251,18666,3,1.0
97,0.0,0.0,1.887,1.0,2.0,11,74.54013876869921,99.16458247143385,pobre,0,3,375.0,709.66669,1.0,48.0,7,251,18667,2,1.0
98,0.0,0.0,1.887,1.0,2.0,11,74.54013876869921,99.16458247143385,pobre,0,3,375.0,709.66669,1.0,48.0,8,251,18667,2,1.0
97,0.0,0.0,4.8930001,1.0,7.0,4,54.29688494470933,78.92524314421487,pobre,basal,5,0.0,734.0,1.0,40.0,14,227,18668,7,1.0
98,0.0,0.0,4.8930001,1.0,8.0,4,54.29688494470933,78.92524314421487,pobre,basal,5,0.0,734.0,1.0,40.0,15,227,18668,7,1.0
97,0.0,0.0,4.8930001,1.0,2.0,4,54.29688494470933,78.92524314421487,pobre,basal,5,0.0,734.0,1.0,40.0,8,227,18669,2,1.0
98,0.0,0.0,4.8930001,1.0,3.0,4,54.29688494470933,78.92524314421487,pobre,basal,5,0.0,734.0,1.0,40.0,9,227,18669,2,1.0
97,1.0,0.0,4.8930001,0.0,6.0,5,54.29688494470933,78.92524314421487,pobre,basal,6,500.0,772.25,1.0,55.0,16,227,18670,6,0.0
98,1.0,0.0,4.8930001,,,5,54.29688494470933,78.92524314421487,pobre,basal,6,500.0,772.25,1.0,55.0,17,227,18670,6,0.0
97,1.0,0.0,4.8930001,0.0,6.0,5,54.29688494470933,78.92524314421487,pobre,basal,6,500.0,772.25,1.0,55.0,14,227,18671,6,0.0
98,1.0,0.0,4.8930001,1.0,6.0,5,54.29688494470933,78.92524314421487,pobre,basal,6,500.0,772.25,1.0,55.0,15,227,18671,6,0.0
97,0.0,0.0,4.8930001,1.0,7.0,8,54.29688494470933,78.92524314421487,pobre,basal,3,500.0,679.0,1.0,40.0,13,227,18672,7,1.0
98,0.0,0.0,4.8930001,1.0,8.0,8,54.29688494470933,78.92524314421487,pobre,basal,3,500.0,679.0,1.0,40.0,14,227,18672,7,1.0
97,1.0,0.0,4.8930001,1.0,5.0,8,54.29688494470933,78.92524314421487,pobre,basal,3,500.0,679.0,1.0,40.0,12,227,18673,5,1.0
98,1.0,0.0,4.8930001,1.0,6.0,8,54.29688494470933,78.92524314421487,pobre,basal,3,500.0,679.0,1.0,40.0,13,227,18673,5,1.0
97,1.0,0.0,4.8930001,1.0,3.0,8,54.29688494470933,78.92524314421487,pobre,basal,3,500.0,679.0,1.0,40.0,10,227,18674,3,1.0
98,1.0,0.0,4.8930001,1.0,4.0,8,54.29688494470933,78.92524314421487,pobre,basal,3,500.0,679.0,1.0,40.0,11,227,18674,3,1.0
97,1.0,0.0,4.8930001,1.0,1.0,8,54.29688494470933,78.92524314421487,pobre,basal,3,500.0,679.0,1.0,40.0,7,227,18675,1,1.0
98,1.0,0.0,4.8930001,1.0,2.0,8,54.29688494470933,78.92524314421487,pobre,basal,3,500.0,679.0,1.0,40.0,8,227,18675,1,1.0
97,0.0,0.0,4.8930001,0.0,6.0,4,54.29688494470933,78.92524314421487,pobre,basal,0,0.0,793.0,1.0,53.0,14,227,18676,6,0.0
98,0.0,0.0,4.8930001,0.0,6.0,4,54.29688494470933,78.92524314421487,pobre,basal,0,0.0,793.0,1.0,53.0,15,227,18676,6,0.0
97,1.0,0.0,1.887,1.0,1.0,8,74.54013876869921,99.16458247143385,pobre,0,3,375.0,709.0,1.0,54.0,7,251,18677,1,1.0
98,1.0,0.0,1.887,1.0,2.0,8,74.54013876869921,99.16458247143385,pobre,0,3,375.0,709.0,1.0,54.0,8,251,18677,1,1.0
97,0.0,0.0,1.887,1.0,3.0,8,74.54013876869921,99.16458247143385,pobre,0,3,375.0,709.0,1.0,54.0,8,251,18678,3,1.0
98,0.0,0.0,1.887,1.0,3.0,8,74.54013876869921,99.16458247143385,pobre,0,3,375.0,709.0,1.0,54.0,9,251,18678,3,1.0
97,1.0,0.0,4.8930001,1.0,1.0,6,54.29688494470933,78.92524314421487,pobre,basal,0,500.0,583.0,1.0,28.0,8,227,18679,1,1.0
98,1.0,0.0,4.8930001,1.0,2.0,6,54.29688494470933,78.92524314421487,pobre,basal,0,500.0,583.0,1.0,28.0,9,227,18679,1,1.0
97,0.0,0.0,4.8930001,1.0,0.0,6,54.29688494470933,78.92524314421487,pobre,basal,0,500.0,583.0,1.0,28.0,6,227,18680,0,1.0
98,0.0,0.0,4.8930001,1.0,1.0,6,54.29688494470933,78.92524314421487,pobre,basal,0,500.0,583.0,1.0,28.0,7,227,18680,0,1.0
97,1.0,0.0,4.8930001,1.0,8.0,8,54.29688494470933,78.92524314421487,pobre,basal,2,720.0,845.0,1.0,51.0,16,227,18681,8,1.0
98,1.0,0.0,4.8930001,,,8,54.29688494470933,78.92524314421487,pobre,basal,2,720.0,845.0,1.0,51.0,17,227,18681,8,1.0
97,1.0,0.0,4.8930001,0.0,6.0,8,54.29688494470933,78.92524314421487,pobre,basal,2,720.0,845.0,1.0,51.0,15,227,18682,6,0.0
98,1.0,0.0,4.8930001,1.0,9.0,8,54.29688494470933,78.92524314421487,pobre,basal,2,720.0,845.0,1.0,51.0,16,227,18682,6,0.0
97,1.0,0.0,4.8930001,0.0,6.0,8,54.29688494470933,78.92524314421487,pobre,basal,2,720.0,845.0,1.0,51.0,13,227,18683,6,0.0
98,1.0,0.0,4.8930001,1.0,7.0,8,54.29688494470933,78.92524314421487,pobre,basal,2,720.0,845.0,1.0,51.0,14,227,18683,6,0.0
97,1.0,0.0,4.8930001,1.0,5.0,8,54.29688494470933,78.92524314421487,pobre,basal,2,720.0,845.0,1.0,51.0,10,227,18684,5,1.0
98,1.0,0.0,4.8930001,1.0,6.0,8,54.29688494470933,78.92524314421487,pobre,basal,2,720.0,845.0,1.0,51.0,11,227,18684,5,1.0
97,0.0,0.0,4.8930001,0.0,1.0,9,54.29688494470933,78.92524314421487,pobre,basal,2,450.0,793.0,1.0,52.0,14,227,18685,1,0.0
98,0.0,0.0,4.8930001,0.0,1.0,9,54.29688494470933,78.92524314421487,pobre,basal,2,450.0,793.0,1.0,52.0,15,227,18685,1,0.0
97,0.0,0.0,4.8930001,0.0,6.0,8,54.29688494470933,78.92524314421487,pobre,basal,2,500.0,717.66998,1.0,48.0,14,227,18686,6,0.0
98,0.0,0.0,4.8930001,,,8,54.29688494470933,78.92524314421487,pobre,basal,2,500.0,717.66998,1.0,48.0,15,227,18686,6,0.0
97,0.0,0.0,4.8930001,1.0,2.0,8,54.29688494470933,78.92524314421487,pobre,basal,2,500.0,717.66998,1.0,48.0,11,227,18687,2,1.0
98,0.0,0.0,4.8930001,1.0,3.0,8,54.29688494470933,78.92524314421487,pobre,basal,2,500.0,717.66998,1.0,48.0,12,227,18687,2,1.0
97,0.0,0.0,4.8930001,1.0,1.0,8,54.29688494470933,78.92524314421487,pobre,basal,2,500.0,717.66998,1.0,48.0,8,227,18688,1,1.0
98,0.0,0.0,4.8930001,1.0,2.0,8,54.29688494470933,78.92524314421487,pobre,basal,2,500.0,717.66998,1.0,48.0,9,227,18688,1,1.0
97,0.0,0.0,4.8930001,,0.0,8,54.29688494470933,78.92524314421487,pobre,basal,2,500.0,717.66998,1.0,48.0,6,227,18689,0,
98,0.0,0.0,4.8930001,1.0,1.0,8,54.29688494470933,78.92524314421487,pobre,basal,2,500.0,717.66998,1.0,48.0,7,227,18689,0,
97,1.0,0.0,4.8930001,1.0,1.0,5,54.29688494470933,78.92524314421487,pobre,basal,3,0.0,737.0,1.0,38.0,6,227,18690,1,1.0
98,1.0,0.0,4.8930001,1.0,1.0,5,54.29688494470933,78.92524314421487,pobre,basal,3,0.0,737.0,1.0,38.0,7,227,18690,1,1.0
97,1.0,0.0,4.8930001,1.0,4.0,5,54.29688494470933,78.92524314421487,pobre,basal,2,0.0,812.0,1.0,36.0,10,227,18691,4,1.0
98,1.0,0.0,4.8930001,1.0,5.0,5,54.29688494470933,78.92524314421487,pobre,basal,2,0.0,812.0,1.0,36.0,11,227,18691,4,1.0
97,0.0,0.0,4.8930001,1.0,2.0,5,54.29688494470933,78.92524314421487,pobre,basal,2,0.0,812.0,1.0,36.0,8,227,18692,2,1.0
98,0.0,0.0,4.8930001,1.0,2.0,5,54.29688494470933,78.92524314421487,pobre,basal,2,0.0,812.0,1.0,36.0,9,227,18692,2,1.0
97,1.0,0.0,4.8930001,1.0,4.0,4,54.29688494470933,78.92524314421487,no pobre,basal,9,0.0,862.0,1.0,63.0,12,227,18693,4,1.0
98,1.0,0.0,4.8930001,1.0,4.0,4,54.29688494470933,78.92524314421487,no pobre,basal,9,0.0,862.0,1.0,63.0,13,227,18693,4,1.0
97,0.0,0.0,4.8930001,0.0,6.0,8,54.29688494470933,78.92524314421487,no pobre,basal,2,625.0,782.0,1.0,51.0,16,227,18694,6,0.0
98,0.0,0.0,4.8930001,0.0,6.0,8,54.29688494470933,78.92524314421487,no pobre,basal,2,625.0,782.0,1.0,51.0,17,227,18694,6,0.0
97,1.0,0.0,4.8930001,1.0,5.0,8,54.29688494470933,78.92524314421487,no pobre,basal,2,625.0,782.0,1.0,51.0,14,227,18695,5,1.0
98,1.0,0.0,4.8930001,0.0,6.0,8,54.29688494470933,78.92524314421487,no pobre,basal,2,625.0,782.0,1.0,51.0,15,227,18695,5,1.0
97,0.0,0.0,4.8930001,1.0,5.0,8,54.29688494470933,78.92524314421487,no pobre,basal,2,625.0,782.0,1.0,51.0,12,227,18696,5,1.0
98,0.0,0.0,4.8930001,1.0,5.0,8,54.29688494470933,78.92524314421487,no pobre,basal,2,625.0,782.0,1.0,51.0,13,227,18696,5,1.0
97,1.0,0.0,4.8930001,1.0,3.0,8,54.29688494470933,78.92524314421487,no pobre,basal,2,625.0,782.0,1.0,51.0,10,227,18697,3,1.0
98,1.0,0.0,4.8930001,1.0,4.0,8,54.29688494470933,78.92524314421487,no pobre,basal,2,625.0,782.0,1.0,51.0,11,227,18697,3,1.0
97,1.0,0.0,4.8930001,1.0,1.0,8,54.29688494470933,78.92524314421487,no pobre,basal,2,625.0,782.0,1.0,51.0,7,227,18698,1,1.0
98,1.0,0.0,4.8930001,1.0,2.0,8,54.29688494470933,78.92524314421487,no pobre,basal,2,625.0,782.0,1.0,51.0,8,227,18698,1,1.0
97,0.0,0.0,4.8930001,,0.0,9,54.29688494470933,78.92524314421487,pobre,basal,3,500.0,758.0,1.0,46.0,15,227,18699,0,
98,0.0,0.0,4.8930001,0.0,1.0,9,54.29688494470933,78.92524314421487,pobre,basal,3,500.0,758.0,1.0,46.0,16,227,18699,0,
97,0.0,0.0,4.8930001,0.0,5.0,9,54.29688494470933,78.92524314421487,pobre,basal,3,500.0,758.0,1.0,46.0,13,227,18700,5,0.0
98,0.0,0.0,4.8930001,1.0,5.0,9,54.29688494470933,78.92524314421487,pobre,basal,3,500.0,758.0,1.0,46.0,14,227,18700,5,0.0
97,1.0,0.0,1.887,1.0,4.0,8,74.54013876869921,99.16458247143385,pobre,0,1,500.0,668.0,0.0,70.0,12,251,18701,4,1.0
98,1.0,0.0,1.887,0.0,5.0,8,74.54013876869921,99.16458247143385,pobre,0,1,500.0,668.0,0.0,70.0,13,251,18701,4,1.0
97,1.0,0.0,1.887,1.0,4.0,8,74.54013876869921,99.16458247143385,pobre,0,1,500.0,668.0,0.0,70.0,11,251,18702,4,1.0
98,1.0,0.0,1.887,0.0,6.0,8,74.54013876869921,99.16458247143385,pobre,0,1,500.0,668.0,0.0,70.0,12,251,18702,4,1.0
97,1.0,0.0,1.887,1.0,2.0,8,74.54013876869921,99.16458247143385,pobre,0,1,500.0,668.0,0.0,70.0,7,251,18703,2,1.0
98,1.0,0.0,1.887,1.0,3.0,8,74.54013876869921,99.16458247143385,pobre,0,1,500.0,668.0,0.0,70.0,8,251,18703,2,1.0
97,0.0,0.0,1.887,1.0,2.0,8,74.54013876869921,99.16458247143385,pobre,0,1,500.0,668.0,0.0,70.0,7,251,18704,2,1.0
98,0.0,0.0,1.887,1.0,3.0,8,74.54013876869921,99.16458247143385,pobre,0,1,500.0,668.0,0.0,70.0,8,251,18704,2,1.0
97,1.0,0.0,4.8930001,0.0,6.0,6,54.29688494470933,78.92524314421487,no pobre,basal,2,0.0,893.0,1.0,53.0,16,227,18705,6,0.0
98,1.0,0.0,4.8930001,,,6,54.29688494470933,78.92524314421487,no pobre,basal,2,0.0,893.0,1.0,53.0,17,227,18705,6,0.0
97,1.0,0.0,4.8930001,1.0,4.0,6,54.29688494470933,78.92524314421487,no pobre,basal,2,0.0,893.0,1.0,53.0,11,227,18706,4,1.0
98,1.0,0.0,4.8930001,1.0,5.0,6,54.29688494470933,78.92524314421487,no pobre,basal,2,0.0,893.0,1.0,53.0,12,227,18706,4,1.0
97,0.0,0.0,4.8930001,1.0,2.0,6,54.29688494470933,78.92524314421487,no pobre,basal,2,0.0,893.0,1.0,53.0,8,227,18707,2,1.0
98,0.0,0.0,4.8930001,1.0,3.0,6,54.29688494470933,78.92524314421487,no pobre,basal,2,0.0,893.0,1.0,53.0,9,227,18707,2,1.0
97,0.0,0.0,4.8930001,1.0,2.0,4,54.29688494470933,78.92524314421487,no pobre,basal,2,500.0,785.0,1.0,33.0,8,227,18708,2,1.0
98,0.0,0.0,4.8930001,1.0,3.0,4,54.29688494470933,78.92524314421487,no pobre,basal,2,500.0,785.0,1.0,33.0,9,227,18708,2,1.0
97,1.0,0.0,4.8930001,1.0,4.0,3,54.29688494470933,78.92524314421487,no pobre,basal,2,625.0,842.5,1.0,43.0,12,227,18709,4,1.0
98,1.0,0.0,4.8930001,1.0,5.0,3,54.29688494470933,78.92524314421487,no pobre,basal,2,625.0,842.5,1.0,43.0,13,227,18709,4,1.0
97,1.0,0.0,4.8930001,0.0,6.0,5,54.29688494470933,78.92524314421487,pobre,basal,6,625.0,774.66998,1.0,38.0,14,227,18710,6,0.0
98,1.0,0.0,4.8930001,0.0,6.0,5,54.29688494470933,78.92524314421487,pobre,basal,6,625.0,774.66998,1.0,38.0,15,227,18710,6,0.0
97,1.0,0.0,4.8930001,1.0,4.0,5,54.29688494470933,78.92524314421487,pobre,basal,6,625.0,774.66998,1.0,38.0,12,227,18711,4,1.0
98,1.0,0.0,4.8930001,1.0,5.0,5,54.29688494470933,78.92524314421487,pobre,basal,6,625.0,774.66998,1.0,38.0,13,227,18711,4,1.0
97,1.0,0.0,4.8930001,1.0,3.0,5,54.29688494470933,78.92524314421487,pobre,basal,6,625.0,774.66998,1.0,38.0,10,227,18712,3,1.0
98,1.0,0.0,4.8930001,1.0,4.0,5,54.29688494470933,78.92524314421487,pobre,basal,6,625.0,774.66998,1.0,38.0,11,227,18712,3,1.0
97,1.0,0.0,4.8930001,1.0,1.0,5,54.29688494470933,78.92524314421487,pobre,basal,6,625.0,774.66998,1.0,38.0,8,227,18713,1,1.0
98,1.0,0.0,4.8930001,1.0,2.0,5,54.29688494470933,78.92524314421487,pobre,basal,6,625.0,774.66998,1.0,38.0,9,227,18713,1,1.0
97,1.0,0.0,4.8930001,1.0,0.0,4,54.29688494470933,78.92524314421487,no pobre,basal,3,500.0,942.0,1.0,20.0,6,227,18714,0,1.0
98,1.0,0.0,4.8930001,1.0,1.0,4,54.29688494470933,78.92524314421487,no pobre,basal,3,500.0,942.0,1.0,20.0,7,227,18714,0,1.0
97,0.0,0.0,3.085,1.0,3.0,6,43.7352258656382,67.57776884007961,no pobre,basal,6,800.0,787.0,1.0,31.0,9,228,18715,3,1.0
98,0.0,0.0,3.085,1.0,4.0,6,43.7352258656382,67.57776884007961,no pobre,basal,6,800.0,787.0,1.0,31.0,10,228,18715,3,1.0
97,0.0,0.0,3.085,1.0,1.0,6,43.7352258656382,67.57776884007961,no pobre,basal,6,800.0,787.0,1.0,31.0,7,228,18716,1,1.0
98,0.0,0.0,3.085,1.0,2.0,6,43.7352258656382,67.57776884007961,no pobre,basal,6,800.0,787.0,1.0,31.0,8,228,18716,1,1.0
97,1.0,0.0,3.085,1.0,4.0,11,43.7352258656382,67.57776884007961,pobre,basal,0,0.0,761.83002,1.0,66.0,12,228,18717,4,1.0
98,1.0,0.0,3.085,1.0,5.0,11,43.7352258656382,67.57776884007961,pobre,basal,0,0.0,761.83002,1.0,66.0,13,228,18717,4,1.0
97,1.0,0.0,3.085,1.0,3.0,11,43.7352258656382,67.57776884007961,pobre,basal,0,0.0,761.83002,1.0,66.0,9,228,18718,3,1.0
98,1.0,0.0,3.085,1.0,4.0,11,43.7352258656382,67.57776884007961,pobre,basal,0,0.0,761.83002,1.0,66.0,10,228,18718,3,1.0
97,0.0,0.0,3.085,0.0,9.0,8,43.7352258656382,67.57776884007961,pobre,basal,6,0.0,475.0,1.0,33.0,14,228,18719,9,0.0
98,0.0,0.0,3.085,0.0,9.0,8,43.7352258656382,67.57776884007961,pobre,basal,6,0.0,475.0,1.0,33.0,15,228,18719,9,0.0
97,0.0,0.0,3.085,1.0,5.0,8,43.7352258656382,67.57776884007961,pobre,basal,6,0.0,475.0,1.0,33.0,11,228,18720,5,1.0
98,0.0,0.0,3.085,1.0,6.0,8,43.7352258656382,67.57776884007961,pobre,basal,6,0.0,475.0,1.0,33.0,12,228,18720,5,1.0
97,1.0,0.0,3.085,1.0,3.0,8,43.7352258656382,67.57776884007961,pobre,basal,6,0.0,475.0,1.0,33.0,9,228,18721,3,1.0
98,1.0,0.0,3.085,1.0,4.0,8,43.7352258656382,67.57776884007961,pobre,basal,6,0.0,475.0,1.0,33.0,10,228,18721,3,1.0
97,0.0,0.0,3.085,1.0,1.0,8,43.7352258656382,67.57776884007961,pobre,basal,6,0.0,475.0,1.0,33.0,7,228,18722,1,1.0
98,0.0,0.0,3.085,1.0,2.0,8,43.7352258656382,67.57776884007961,pobre,basal,6,0.0,475.0,1.0,33.0,8,228,18722,1,1.0
97,0.0,0.0,3.085,0.0,9.0,10,43.7352258656382,67.57776884007961,pobre,basal,0,0.0,736.66998,1.0,52.0,15,228,18723,9,0.0
98,0.0,0.0,3.085,0.0,9.0,10,43.7352258656382,67.57776884007961,pobre,basal,0,0.0,736.66998,1.0,52.0,16,228,18723,9,0.0
97,0.0,0.0,3.085,1.0,3.0,10,43.7352258656382,67.57776884007961,pobre,basal,0,0.0,736.66998,1.0,52.0,10,228,18724,3,1.0
98,0.0,0.0,3.085,1.0,4.0,10,43.7352258656382,67.57776884007961,pobre,basal,0,0.0,736.66998,1.0,52.0,11,228,18724,3,1.0
97,1.0,0.0,3.085,1.0,8.0,7,43.7352258656382,67.57776884007961,pobre,basal,3,500.0,849.5,1.0,35.0,13,228,18725,8,1.0
98,1.0,0.0,3.085,1.0,8.0,7,43.7352258656382,67.57776884007961,pobre,basal,3,500.0,849.5,1.0,35.0,14,228,18725,8,1.0
97,0.0,0.0,3.085,1.0,4.0,7,43.7352258656382,67.57776884007961,pobre,basal,3,500.0,849.5,1.0,35.0,10,228,18726,4,1.0
98,0.0,0.0,3.085,1.0,5.0,7,43.7352258656382,67.57776884007961,pobre,basal,3,500.0,849.5,1.0,35.0,11,228,18726,4,1.0
97,0.0,0.0,3.085,1.0,2.0,7,43.7352258656382,67.57776884007961,pobre,basal,3,500.0,849.5,1.0,35.0,7,228,18727,2,1.0
98,0.0,0.0,3.085,1.0,2.0,7,43.7352258656382,67.57776884007961,pobre,basal,3,500.0,849.5,1.0,35.0,8,228,18727,2,1.0
97,0.0,0.0,3.085,1.0,2.0,6,43.7352258656382,67.57776884007961,pobre,basal,9,1000.0,675.0,1.0,25.0,7,228,18728,2,1.0
98,0.0,0.0,3.085,1.0,2.0,6,43.7352258656382,67.57776884007961,pobre,basal,9,1000.0,675.0,1.0,25.0,8,228,18728,2,1.0
97,0.0,0.0,3.085,1.0,8.0,4,43.7352258656382,67.57776884007961,no pobre,basal,4,625.0,802.0,1.0,37.0,14,228,18729,8,1.0
98,0.0,0.0,3.085,1.0,9.0,4,43.7352258656382,67.57776884007961,no pobre,basal,4,625.0,802.0,1.0,37.0,15,228,18729,8,1.0
97,0.0,0.0,3.085,1.0,8.0,4,43.7352258656382,67.57776884007961,no pobre,basal,4,625.0,802.0,1.0,37.0,13,228,18730,8,1.0
98,0.0,0.0,3.085,1.0,9.0,4,43.7352258656382,67.57776884007961,no pobre,basal,4,625.0,802.0,1.0,37.0,14,228,18730,8,1.0
97,0.0,0.0,3.085,1.0,4.0,7,43.7352258656382,67.57776884007961,pobre,basal,6,625.0,734.5,1.0,33.0,11,228,18731,4,1.0
98,0.0,0.0,3.085,1.0,5.0,7,43.7352258656382,67.57776884007961,pobre,basal,6,625.0,734.5,1.0,33.0,12,228,18731,4,1.0
97,0.0,0.0,3.085,1.0,3.0,7,43.7352258656382,67.57776884007961,pobre,basal,6,625.0,734.5,1.0,33.0,9,228,18732,3,1.0
98,0.0,0.0,3.085,1.0,4.0,7,43.7352258656382,67.57776884007961,pobre,basal,6,625.0,734.5,1.0,33.0,10,228,18732,3,1.0
97,1.0,0.0,3.085,1.0,2.0,7,43.7352258656382,67.57776884007961,pobre,basal,6,625.0,734.5,1.0,33.0,7,228,18733,2,1.0
98,1.0,0.0,3.085,1.0,3.0,7,43.7352258656382,67.57776884007961,pobre,basal,6,625.0,734.5,1.0,33.0,8,228,18733,2,1.0
97,0.0,0.0,3.085,0.0,6.0,9,43.7352258656382,67.57776884007961,no pobre,basal,1,625.0,849.5,1.0,50.0,14,228,18734,6,0.0
98,0.0,0.0,3.085,0.0,6.0,9,43.7352258656382,67.57776884007961,no pobre,basal,1,625.0,849.5,1.0,50.0,15,228,18734,6,0.0
97,0.0,0.0,3.085,1.0,5.0,9,43.7352258656382,67.57776884007961,no pobre,basal,1,625.0,849.5,1.0,50.0,12,228,18735,5,1.0
98,0.0,0.0,3.085,0.0,6.0,9,43.7352258656382,67.57776884007961,no pobre,basal,1,625.0,849.5,1.0,50.0,13,228,18735,5,1.0
97,0.0,0.0,3.085,1.0,3.0,9,43.7352258656382,67.57776884007961,no pobre,basal,1,625.0,849.5,1.0,50.0,6,228,18736,3,1.0
98,0.0,0.0,3.085,1.0,3.0,9,43.7352258656382,67.57776884007961,no pobre,basal,1,625.0,849.5,1.0,50.0,7,228,18736,3,1.0
97,0.0,0.0,3.085,1.0,6.0,12,43.7352258656382,67.57776884007961,no pobre,basal,6,0.0,814.0,1.0,48.0,16,228,18737,6,1.0
98,0.0,0.0,3.085,,,12,43.7352258656382,67.57776884007961,no pobre,basal,6,0.0,814.0,1.0,48.0,17,228,18737,6,1.0
97,0.0,0.0,3.085,0.0,6.0,12,43.7352258656382,67.57776884007961,no pobre,basal,6,0.0,814.0,1.0,48.0,12,228,18738,6,0.0
98,0.0,0.0,3.085,0.0,6.0,12,43.7352258656382,67.57776884007961,no pobre,basal,6,0.0,814.0,1.0,48.0,13,228,18738,6,0.0
97,0.0,0.0,3.085,1.0,4.0,12,43.7352258656382,67.57776884007961,no pobre,basal,6,0.0,814.0,1.0,48.0,10,228,18739,4,1.0
98,0.0,0.0,3.085,0.0,6.0,12,43.7352258656382,67.57776884007961,no pobre,basal,6,0.0,814.0,1.0,48.0,11,228,18739,4,1.0
97,1.0,0.0,3.085,1.0,2.0,12,43.7352258656382,67.57776884007961,no pobre,basal,6,0.0,814.0,1.0,48.0,8,228,18740,2,1.0
98,1.0,0.0,3.085,1.0,4.0,12,43.7352258656382,67.57776884007961,no pobre,basal,6,0.0,814.0,1.0,48.0,9,228,18740,2,1.0
97,1.0,0.0,3.085,1.0,2.0,12,43.7352258656382,67.57776884007961,no pobre,basal,6,0.0,814.0,1.0,48.0,6,228,18741,2,1.0
98,1.0,0.0,3.085,1.0,2.0,12,43.7352258656382,67.57776884007961,no pobre,basal,6,0.0,814.0,1.0,48.0,7,228,18741,2,1.0
97,0.0,0.0,3.085,0.0,9.0,6,43.7352258656382,67.57776884007961,no pobre,basal,6,500.0,756.0,1.0,42.0,15,228,18742,9,0.0
98,0.0,0.0,3.085,0.0,9.0,6,43.7352258656382,67.57776884007961,no pobre,basal,6,500.0,756.0,1.0,42.0,16,228,18742,9,0.0
97,1.0,0.0,3.085,1.0,5.0,6,43.7352258656382,67.57776884007961,no pobre,basal,6,500.0,756.0,1.0,42.0,11,228,18743,5,1.0
98,1.0,0.0,3.085,1.0,6.0,6,43.7352258656382,67.57776884007961,no pobre,basal,6,500.0,756.0,1.0,42.0,12,228,18743,5,1.0
97,0.0,0.0,3.085,,1.0,6,43.7352258656382,67.57776884007961,no pobre,basal,6,500.0,756.0,1.0,42.0,6,228,18744,1,
98,0.0,0.0,3.085,1.0,1.0,6,43.7352258656382,67.57776884007961,no pobre,basal,6,500.0,756.0,1.0,42.0,7,228,18744,1,
97,0.0,0.0,3.085,0.0,6.0,6,43.7352258656382,67.57776884007961,pobre,basal,0,0.0,813.0,1.0,61.0,12,228,18745,6,0.0
98,0.0,0.0,3.085,0.0,6.0,6,43.7352258656382,67.57776884007961,pobre,basal,0,0.0,813.0,1.0,61.0,13,228,18745,6,0.0
97,0.0,0.0,3.085,1.0,5.0,6,43.7352258656382,67.57776884007961,pobre,basal,0,0.0,813.0,1.0,61.0,11,228,18746,5,1.0
98,0.0,0.0,3.085,0.0,6.0,6,43.7352258656382,67.57776884007961,pobre,basal,0,0.0,813.0,1.0,61.0,12,228,18746,5,1.0
97,0.0,0.0,3.085,0.0,9.0,5,43.7352258656382,67.57776884007961,no pobre,basal,3,0.0,800.66998,1.0,59.0,16,228,18747,9,0.0
98,0.0,0.0,3.085,,,5,43.7352258656382,67.57776884007961,no pobre,basal,3,0.0,800.66998,1.0,59.0,17,228,18747,9,0.0
97,0.0,0.0,1.215,1.0,3.0,5,68.0634834871252,92.82478021940337,pobre,0,6,250.0,664.0,1.0,31.0,9,252,18748,3,1.0
98,0.0,0.0,1.215,1.0,4.0,5,68.0634834871252,92.82478021940337,pobre,0,6,250.0,664.0,1.0,31.0,10,252,18748,3,1.0
97,0.0,0.0,3.085,1.0,6.0,10,43.7352258656382,67.57776884007961,pobre,basal,3,625.0,777.0,1.0,38.0,13,228,18749,6,1.0
98,0.0,0.0,3.085,1.0,,10,43.7352258656382,67.57776884007961,pobre,basal,3,625.0,777.0,1.0,38.0,14,228,18749,6,1.0
97,0.0,0.0,3.085,1.0,5.0,10,43.7352258656382,67.57776884007961,pobre,basal,3,625.0,777.0,1.0,38.0,11,228,18750,5,1.0
98,0.0,0.0,3.085,1.0,,10,43.7352258656382,67.57776884007961,pobre,basal,3,625.0,777.0,1.0,38.0,12,228,18750,5,1.0
97,0.0,0.0,3.085,1.0,3.0,10,43.7352258656382,67.57776884007961,pobre,basal,3,625.0,777.0,1.0,38.0,9,228,18751,3,1.0
98,0.0,0.0,3.085,1.0,,10,43.7352258656382,67.57776884007961,pobre,basal,3,625.0,777.0,1.0,38.0,10,228,18751,3,1.0
97,0.0,0.0,3.085,1.0,1.0,10,43.7352258656382,67.57776884007961,pobre,basal,3,625.0,777.0,1.0,38.0,6,228,18752,1,1.0
98,0.0,0.0,3.085,1.0,,10,43.7352258656382,67.57776884007961,pobre,basal,3,625.0,777.0,1.0,38.0,7,228,18752,1,1.0
97,0.0,0.0,3.4849999,,0.0,10,59.4105445107086,78.19089265035214,pobre,basal,1,0.0,907.33002,1.0,49.0,15,226,18753,0,
98,0.0,0.0,3.4849999,0.0,6.0,10,59.4105445107086,78.19089265035214,pobre,basal,1,0.0,907.33002,1.0,49.0,16,226,18753,0,
97,0.0,0.0,3.4849999,1.0,6.0,10,59.4105445107086,78.19089265035214,pobre,basal,1,0.0,907.33002,1.0,49.0,13,226,18754,6,1.0
98,0.0,0.0,3.4849999,1.0,7.0,10,59.4105445107086,78.19089265035214,pobre,basal,1,0.0,907.33002,1.0,49.0,14,226,18754,6,1.0
97,0.0,0.0,3.4849999,1.0,3.0,10,59.4105445107086,78.19089265035214,pobre,basal,1,0.0,907.33002,1.0,49.0,11,226,18755,3,1.0
98,0.0,0.0,3.4849999,1.0,4.0,10,59.4105445107086,78.19089265035214,pobre,basal,1,0.0,907.33002,1.0,49.0,12,226,18755,3,1.0
97,1.0,0.0,3.4849999,1.0,1.0,10,59.4105445107086,78.19089265035214,pobre,basal,1,0.0,907.33002,1.0,49.0,7,226,18756,1,1.0
98,1.0,0.0,3.4849999,1.0,2.0,10,59.4105445107086,78.19089265035214,pobre,basal,1,0.0,907.33002,1.0,49.0,8,226,18756,1,1.0
97,1.0,0.0,3.4849999,0.0,6.0,9,59.4105445107086,78.19089265035214,pobre,basal,0,0.0,842.5,1.0,44.0,14,226,18757,6,0.0
98,1.0,0.0,3.4849999,0.0,6.0,9,59.4105445107086,78.19089265035214,pobre,basal,0,0.0,842.5,1.0,44.0,15,226,18757,6,0.0
97,1.0,0.0,3.4849999,1.0,5.0,9,59.4105445107086,78.19089265035214,pobre,basal,0,0.0,842.5,1.0,44.0,12,226,18758,5,1.0
98,1.0,0.0,3.4849999,0.0,6.0,9,59.4105445107086,78.19089265035214,pobre,basal,0,0.0,842.5,1.0,44.0,13,226,18758,5,1.0
97,0.0,0.0,3.4849999,1.0,4.0,9,59.4105445107086,78.19089265035214,pobre,basal,0,0.0,842.5,1.0,44.0,10,226,18759,4,1.0
98,0.0,0.0,3.4849999,1.0,5.0,9,59.4105445107086,78.19089265035214,pobre,basal,0,0.0,842.5,1.0,44.0,11,226,18759,4,1.0
97,1.0,0.0,3.4849999,1.0,2.0,9,59.4105445107086,78.19089265035214,pobre,basal,0,0.0,842.5,1.0,44.0,8,226,18760,2,1.0
98,1.0,0.0,3.4849999,1.0,2.0,9,59.4105445107086,78.19089265035214,pobre,basal,0,0.0,842.5,1.0,44.0,9,226,18760,2,1.0
97,1.0,0.0,3.4849999,,0.0,9,59.4105445107086,78.19089265035214,pobre,basal,0,0.0,842.5,1.0,44.0,6,226,18761,0,
98,1.0,0.0,3.4849999,1.0,1.0,9,59.4105445107086,78.19089265035214,pobre,basal,0,0.0,842.5,1.0,44.0,7,226,18761,0,
97,1.0,0.0,3.4849999,0.0,6.0,8,59.4105445107086,78.19089265035214,pobre,basal,3,0.0,627.0,1.0,37.0,15,226,18762,6,0.0
98,1.0,0.0,3.4849999,,,8,59.4105445107086,78.19089265035214,pobre,basal,3,0.0,627.0,1.0,37.0,16,226,18762,6,0.0
97,1.0,0.0,3.4849999,1.0,4.0,8,59.4105445107086,78.19089265035214,pobre,basal,3,0.0,627.0,1.0,37.0,11,226,18763,4,1.0
98,1.0,0.0,3.4849999,1.0,5.0,8,59.4105445107086,78.19089265035214,pobre,basal,3,0.0,627.0,1.0,37.0,12,226,18763,4,1.0
97,0.0,0.0,3.4849999,1.0,2.0,8,59.4105445107086,78.19089265035214,pobre,basal,3,0.0,627.0,1.0,37.0,8,226,18764,2,1.0
98,0.0,0.0,3.4849999,1.0,3.0,8,59.4105445107086,78.19089265035214,pobre,basal,3,0.0,627.0,1.0,37.0,9,226,18764,2,1.0
97,1.0,0.0,3.4849999,1.0,0.0,8,59.4105445107086,78.19089265035214,pobre,basal,3,0.0,627.0,1.0,37.0,6,226,18765,0,1.0
98,1.0,0.0,3.4849999,1.0,2.0,8,59.4105445107086,78.19089265035214,pobre,basal,3,0.0,627.0,1.0,37.0,7,226,18765,0,1.0
97,1.0,0.0,3.4849999,0.0,6.0,9,59.4105445107086,78.19089265035214,pobre,basal,2,0.0,595.5,1.0,37.0,15,226,18766,6,0.0
98,1.0,0.0,3.4849999,0.0,6.0,9,59.4105445107086,78.19089265035214,pobre,basal,2,0.0,595.5,1.0,37.0,16,226,18766,6,0.0
97,1.0,0.0,3.4849999,1.0,5.0,9,59.4105445107086,78.19089265035214,pobre,basal,2,0.0,595.5,1.0,37.0,12,226,18767,5,1.0
98,1.0,0.0,3.4849999,1.0,6.0,9,59.4105445107086,78.19089265035214,pobre,basal,2,0.0,595.5,1.0,37.0,13,226,18767,5,1.0
97,1.0,0.0,3.4849999,1.0,1.0,9,59.4105445107086,78.19089265035214,pobre,basal,2,0.0,595.5,1.0,37.0,10,226,18768,1,1.0
98,1.0,0.0,3.4849999,1.0,2.0,9,59.4105445107086,78.19089265035214,pobre,basal,2,0.0,595.5,1.0,37.0,11,226,18768,1,1.0
97,1.0,0.0,3.4849999,1.0,1.0,9,59.4105445107086,78.19089265035214,pobre,basal,2,0.0,595.5,1.0,37.0,8,226,18769,1,1.0
98,1.0,0.0,3.4849999,1.0,2.0,9,59.4105445107086,78.19089265035214,pobre,basal,2,0.0,595.5,1.0,37.0,9,226,18769,1,1.0
97,0.0,0.0,3.4849999,0.0,6.0,5,59.4105445107086,78.19089265035214,pobre,basal,0,0.0,839.5,1.0,59.0,14,226,18770,6,0.0
98,0.0,0.0,3.4849999,0.0,6.0,5,59.4105445107086,78.19089265035214,pobre,basal,0,0.0,839.5,1.0,59.0,15,226,18770,6,0.0
97,0.0,0.0,3.4849999,0.0,6.0,5,59.4105445107086,78.19089265035214,pobre,basal,2,0.0,796.5,1.0,39.0,12,226,18771,6,0.0
98,0.0,0.0,3.4849999,0.0,6.0,5,59.4105445107086,78.19089265035214,pobre,basal,2,0.0,796.5,1.0,39.0,13,226,18771,6,0.0
97,1.0,0.0,3.4849999,1.0,2.0,5,59.4105445107086,78.19089265035214,pobre,basal,2,0.0,796.5,1.0,39.0,10,226,18772,2,1.0
98,1.0,0.0,3.4849999,1.0,3.0,5,59.4105445107086,78.19089265035214,pobre,basal,2,0.0,796.5,1.0,39.0,11,226,18772,2,1.0
97,0.0,0.0,3.4849999,1.0,1.0,9,59.4105445107086,78.19089265035214,pobre,basal,2,0.0,671.5,1.0,76.0,7,226,18773,1,1.0
98,0.0,0.0,3.4849999,,,9,59.4105445107086,78.19089265035214,pobre,basal,2,0.0,671.5,1.0,76.0,8,226,18773,1,1.0
97,1.0,0.0,3.4849999,1.0,5.0,10,59.4105445107086,78.19089265035214,pobre,basal,6,0.0,614.0,1.0,33.0,13,226,18774,5,1.0
98,1.0,0.0,3.4849999,1.0,6.0,10,59.4105445107086,78.19089265035214,pobre,basal,6,0.0,614.0,1.0,33.0,14,226,18774,5,1.0
97,0.0,0.0,3.4849999,1.0,3.0,10,59.4105445107086,78.19089265035214,pobre,basal,6,0.0,614.0,1.0,33.0,11,226,18775,3,1.0
98,0.0,0.0,3.4849999,1.0,4.0,10,59.4105445107086,78.19089265035214,pobre,basal,6,0.0,614.0,1.0,33.0,12,226,18775,3,1.0
97,0.0,0.0,3.4849999,1.0,1.0,10,59.4105445107086,78.19089265035214,pobre,basal,6,0.0,614.0,1.0,33.0,10,226,18776,1,1.0
98,0.0,0.0,3.4849999,1.0,2.0,10,59.4105445107086,78.19089265035214,pobre,basal,6,0.0,614.0,1.0,33.0,11,226,18776,1,1.0
97,1.0,0.0,3.4849999,1.0,0.0,10,59.4105445107086,78.19089265035214,pobre,basal,6,0.0,614.0,1.0,33.0,6,226,18777,0,1.0
98,1.0,0.0,3.4849999,1.0,1.0,10,59.4105445107086,78.19089265035214,pobre,basal,6,0.0,614.0,1.0,33.0,7,226,18777,0,1.0
97,0.0,0.0,3.4849999,1.0,8.0,12,59.4105445107086,78.19089265035214,pobre,basal,3,750.0,803.34003,1.0,37.0,16,226,18778,8,1.0
98,0.0,0.0,3.4849999,,,12,59.4105445107086,78.19089265035214,pobre,basal,3,750.0,803.34003,1.0,37.0,17,226,18778,8,1.0
97,0.0,0.0,3.4849999,1.0,7.0,12,59.4105445107086,78.19089265035214,pobre,basal,3,750.0,803.34003,1.0,37.0,14,226,18779,7,1.0
98,0.0,0.0,3.4849999,1.0,7.0,12,59.4105445107086,78.19089265035214,pobre,basal,3,750.0,803.34003,1.0,37.0,15,226,18779,7,1.0
97,0.0,0.0,3.4849999,1.0,3.0,12,59.4105445107086,78.19089265035214,pobre,basal,3,750.0,803.34003,1.0,37.0,12,226,18780,3,1.0
98,0.0,0.0,3.4849999,1.0,4.0,12,59.4105445107086,78.19089265035214,pobre,basal,3,750.0,803.34003,1.0,37.0,13,226,18780,3,1.0
97,0.0,0.0,3.4849999,1.0,3.0,12,59.4105445107086,78.19089265035214,pobre,basal,3,750.0,803.34003,1.0,37.0,12,226,18781,3,1.0
98,0.0,0.0,3.4849999,1.0,4.0,12,59.4105445107086,78.19089265035214,pobre,basal,3,750.0,803.34003,1.0,37.0,13,226,18781,3,1.0
97,1.0,0.0,3.4849999,1.0,1.0,12,59.4105445107086,78.19089265035214,pobre,basal,3,750.0,803.34003,1.0,37.0,7,226,18782,1,1.0
98,1.0,0.0,3.4849999,1.0,2.0,12,59.4105445107086,78.19089265035214,pobre,basal,3,750.0,803.34003,1.0,37.0,8,226,18782,1,1.0
97,1.0,0.0,3.4849999,1.0,1.0,12,59.4105445107086,78.19089265035214,pobre,basal,3,750.0,803.34003,1.0,37.0,6,226,18783,1,1.0
98,1.0,0.0,3.4849999,1.0,1.0,12,59.4105445107086,78.19089265035214,pobre,basal,3,750.0,803.34003,1.0,37.0,7,226,18783,1,1.0
97,1.0,0.0,3.4849999,0.0,6.0,5,59.4105445107086,78.19089265035214,no pobre,basal,0,0.0,800.25,1.0,63.0,16,226,18784,6,0.0
98,1.0,0.0,3.4849999,,,5,59.4105445107086,78.19089265035214,no pobre,basal,0,0.0,800.25,1.0,63.0,17,226,18784,6,0.0
97,0.0,0.0,3.4849999,1.0,4.0,7,59.4105445107086,78.19089265035214,pobre,basal,6,1200.0,559.0,1.0,32.0,11,226,18785,4,1.0
98,0.0,0.0,3.4849999,1.0,5.0,7,59.4105445107086,78.19089265035214,pobre,basal,6,1200.0,559.0,1.0,32.0,12,226,18785,4,1.0
97,0.0,0.0,3.4849999,1.0,3.0,7,59.4105445107086,78.19089265035214,pobre,basal,6,1200.0,559.0,1.0,32.0,9,226,18786,3,1.0
98,0.0,0.0,3.4849999,1.0,4.0,7,59.4105445107086,78.19089265035214,pobre,basal,6,1200.0,559.0,1.0,32.0,10,226,18786,3,1.0
97,1.0,0.0,3.4849999,1.0,1.0,7,59.4105445107086,78.19089265035214,pobre,basal,6,1200.0,559.0,1.0,32.0,7,226,18787,1,1.0
98,1.0,0.0,3.4849999,1.0,2.0,7,59.4105445107086,78.19089265035214,pobre,basal,6,1200.0,559.0,1.0,32.0,8,226,18787,1,1.0
97,0.0,0.0,3.4849999,0.0,1.0,7,59.4105445107086,78.19089265035214,pobre,basal,6,1200.0,559.0,1.0,32.0,6,226,18788,1,0.0
98,0.0,0.0,3.4849999,1.0,1.0,7,59.4105445107086,78.19089265035214,pobre,basal,6,1200.0,559.0,1.0,32.0,7,226,18788,1,0.0
97,0.0,0.0,3.4849999,1.0,5.0,6,59.4105445107086,78.19089265035214,pobre,basal,0,0.0,498.0,1.0,46.0,14,226,18789,5,1.0
98,0.0,0.0,3.4849999,,,6,59.4105445107086,78.19089265035214,pobre,basal,0,0.0,498.0,1.0,46.0,15,226,18789,5,1.0
97,1.0,0.0,3.4849999,1.0,2.0,6,59.4105445107086,78.19089265035214,pobre,basal,0,0.0,498.0,1.0,46.0,11,226,18790,2,1.0
98,1.0,0.0,3.4849999,,,6,59.4105445107086,78.19089265035214,pobre,basal,0,0.0,498.0,1.0,46.0,12,226,18790,2,1.0
97,1.0,0.0,3.4849999,1.0,1.0,6,59.4105445107086,78.19089265035214,pobre,basal,0,0.0,498.0,1.0,46.0,6,226,18791,1,1.0
98,1.0,0.0,3.4849999,1.0,0.0,6,59.4105445107086,78.19089265035214,pobre,basal,0,0.0,498.0,1.0,46.0,7,226,18791,1,1.0
97,0.0,0.0,1.215,1.0,11.0,3,68.0634834871252,92.82478021940337,pobre,0,6,0.0,822.0,0.0,50.0,16,252,18792,11,1.0
98,0.0,0.0,1.215,,,3,68.0634834871252,92.82478021940337,pobre,0,6,0.0,822.0,0.0,50.0,17,252,18792,11,1.0
97,1.0,0.0,3.4849999,0.0,6.0,3,59.4105445107086,78.19089265035214,no pobre,basal,5,0.0,837.5,0.0,52.0,16,226,18793,6,0.0
98,1.0,0.0,3.4849999,,,3,59.4105445107086,78.19089265035214,no pobre,basal,5,0.0,837.5,0.0,52.0,17,226,18793,6,0.0
97,0.0,0.0,3.4849999,0.0,3.0,11,59.4105445107086,78.19089265035214,pobre,basal,2,0.0,760.66998,1.0,57.0,14,226,18794,3,0.0
98,0.0,0.0,3.4849999,,,11,59.4105445107086,78.19089265035214,pobre,basal,2,0.0,760.66998,1.0,57.0,15,226,18794,3,0.0
97,1.0,0.0,3.4849999,1.0,5.0,11,59.4105445107086,78.19089265035214,pobre,basal,2,0.0,760.66998,1.0,57.0,11,226,18795,5,1.0
98,1.0,0.0,3.4849999,0.0,6.0,11,59.4105445107086,78.19089265035214,pobre,basal,2,0.0,760.66998,1.0,57.0,12,226,18795,5,1.0
97,0.0,0.0,3.4849999,1.0,2.0,11,59.4105445107086,78.19089265035214,pobre,basal,2,0.0,760.66998,1.0,57.0,9,226,18796,2,1.0
98,0.0,0.0,3.4849999,1.0,3.0,11,59.4105445107086,78.19089265035214,pobre,basal,2,0.0,760.66998,1.0,57.0,10,226,18796,2,1.0
97,1.0,0.0,3.4849999,1.0,3.0,11,59.4105445107086,78.19089265035214,pobre,basal,2,0.0,760.66998,1.0,57.0,8,226,18797,3,1.0
98,1.0,0.0,3.4849999,1.0,4.0,11,59.4105445107086,78.19089265035214,pobre,basal,2,0.0,760.66998,1.0,57.0,9,226,18797,3,1.0
97,0.0,0.0,3.4849999,0.0,4.0,4,59.4105445107086,78.19089265035214,pobre,basal,3,0.0,779.0,1.0,57.0,13,226,18798,4,0.0
98,0.0,0.0,3.4849999,0.0,5.0,4,59.4105445107086,78.19089265035214,pobre,basal,3,0.0,779.0,1.0,57.0,14,226,18798,4,0.0
97,0.0,0.0,3.4849999,1.0,1.0,4,59.4105445107086,78.19089265035214,pobre,basal,3,0.0,779.0,1.0,57.0,7,226,18799,1,1.0
98,0.0,0.0,3.4849999,1.0,3.0,4,59.4105445107086,78.19089265035214,pobre,basal,3,0.0,779.0,1.0,57.0,8,226,18799,1,1.0
97,1.0,0.0,3.4849999,1.0,3.0,6,59.4105445107086,78.19089265035214,pobre,basal,6,0.0,723.0,1.0,29.0,8,226,18800,3,1.0
98,1.0,0.0,3.4849999,1.0,3.0,6,59.4105445107086,78.19089265035214,pobre,basal,6,0.0,723.0,1.0,29.0,9,226,18800,3,1.0
97,1.0,0.0,3.4849999,1.0,2.0,6,59.4105445107086,78.19089265035214,pobre,basal,6,0.0,723.0,1.0,29.0,7,226,18801,2,1.0
98,1.0,0.0,3.4849999,1.0,3.0,6,59.4105445107086,78.19089265035214,pobre,basal,6,0.0,723.0,1.0,29.0,8,226,18801,2,1.0
97,1.0,0.0,1.215,0.0,4.0,5,68.0634834871252,92.82478021940337,pobre,0,2,500.0,610.66669,0.0,34.0,11,252,18802,4,0.0
98,1.0,0.0,1.215,1.0,4.0,5,68.0634834871252,92.82478021940337,pobre,0,2,500.0,610.66669,0.0,34.0,12,252,18802,4,0.0
97,1.0,0.0,1.215,1.0,1.0,5,68.0634834871252,92.82478021940337,pobre,0,2,500.0,610.66669,0.0,34.0,8,252,18803,1,1.0
98,1.0,0.0,1.215,1.0,2.0,5,68.0634834871252,92.82478021940337,pobre,0,2,500.0,610.66669,0.0,34.0,9,252,18803,1,1.0
97,0.0,0.0,3.4849999,1.0,5.0,7,59.4105445107086,78.19089265035214,pobre,basal,6,0.0,716.0,1.0,41.0,11,226,18804,5,1.0
98,0.0,0.0,3.4849999,1.0,6.0,7,59.4105445107086,78.19089265035214,pobre,basal,6,0.0,716.0,1.0,41.0,12,226,18804,5,1.0
97,1.0,0.0,3.4849999,1.0,4.0,7,59.4105445107086,78.19089265035214,pobre,basal,6,0.0,716.0,1.0,41.0,10,226,18805,4,1.0
98,1.0,0.0,3.4849999,1.0,4.0,7,59.4105445107086,78.19089265035214,pobre,basal,6,0.0,716.0,1.0,41.0,11,226,18805,4,1.0
97,1.0,0.0,3.4849999,1.0,2.0,7,59.4105445107086,78.19089265035214,pobre,basal,6,0.0,716.0,1.0,41.0,8,226,18806,2,1.0
98,1.0,0.0,3.4849999,1.0,3.0,7,59.4105445107086,78.19089265035214,pobre,basal,6,0.0,716.0,1.0,41.0,9,226,18806,2,1.0
97,1.0,0.0,3.4849999,0.0,6.0,10,59.4105445107086,78.19089265035214,pobre,basal,3,500.0,647.0,1.0,36.0,14,226,18807,6,0.0
98,1.0,0.0,3.4849999,,,10,59.4105445107086,78.19089265035214,pobre,basal,3,500.0,647.0,1.0,36.0,15,226,18807,6,0.0
97,1.0,0.0,3.4849999,1.0,5.0,10,59.4105445107086,78.19089265035214,pobre,basal,3,500.0,647.0,1.0,36.0,11,226,18808,5,1.0
98,1.0,0.0,3.4849999,,,10,59.4105445107086,78.19089265035214,pobre,basal,3,500.0,647.0,1.0,36.0,12,226,18808,5,1.0
97,0.0,0.0,3.4849999,1.0,1.0,10,59.4105445107086,78.19089265035214,pobre,basal,3,500.0,647.0,1.0,36.0,9,226,18809,1,1.0
98,0.0,0.0,3.4849999,,,10,59.4105445107086,78.19089265035214,pobre,basal,3,500.0,647.0,1.0,36.0,10,226,18809,1,1.0
97,1.0,0.0,3.4849999,1.0,0.0,10,59.4105445107086,78.19089265035214,pobre,basal,3,500.0,647.0,1.0,36.0,6,226,18810,0,1.0
98,1.0,0.0,3.4849999,,,10,59.4105445107086,78.19089265035214,pobre,basal,3,500.0,647.0,1.0,36.0,7,226,18810,0,1.0
97,0.0,0.0,3.4849999,0.0,6.0,4,59.4105445107086,78.19089265035214,pobre,basal,3,0.0,780.0,1.0,55.0,15,226,18811,6,0.0
98,0.0,0.0,3.4849999,0.0,6.0,4,59.4105445107086,78.19089265035214,pobre,basal,3,0.0,780.0,1.0,55.0,16,226,18811,6,0.0
97,1.0,0.0,3.4849999,1.0,3.0,4,59.4105445107086,78.19089265035214,pobre,basal,3,0.0,780.0,1.0,55.0,9,226,18812,3,1.0
98,1.0,0.0,3.4849999,1.0,4.0,4,59.4105445107086,78.19089265035214,pobre,basal,3,0.0,780.0,1.0,55.0,10,226,18812,3,1.0
97,1.0,0.0,3.4849999,1.0,7.0,13,59.4105445107086,78.19089265035214,pobre,basal,3,500.0,798.25,1.0,52.0,14,226,18813,7,1.0
98,1.0,0.0,3.4849999,0.0,8.0,13,59.4105445107086,78.19089265035214,pobre,basal,3,500.0,798.25,1.0,52.0,15,226,18813,7,1.0
97,0.0,0.0,3.4849999,0.0,6.0,13,59.4105445107086,78.19089265035214,pobre,basal,3,500.0,798.25,1.0,52.0,12,226,18814,6,0.0
98,0.0,0.0,3.4849999,1.0,6.0,13,59.4105445107086,78.19089265035214,pobre,basal,3,500.0,798.25,1.0,52.0,13,226,18814,6,0.0
97,1.0,0.0,3.4849999,1.0,4.0,13,59.4105445107086,78.19089265035214,pobre,basal,3,500.0,798.25,1.0,52.0,10,226,18815,4,1.0
98,1.0,0.0,3.4849999,1.0,5.0,13,59.4105445107086,78.19089265035214,pobre,basal,3,500.0,798.25,1.0,52.0,11,226,18815,4,1.0
97,1.0,0.0,3.4849999,1.0,2.0,13,59.4105445107086,78.19089265035214,pobre,basal,3,500.0,798.25,1.0,52.0,9,226,18816,2,1.0
98,1.0,0.0,3.4849999,1.0,3.0,13,59.4105445107086,78.19089265035214,pobre,basal,3,500.0,798.25,1.0,52.0,10,226,18816,2,1.0
97,0.0,0.0,3.4849999,1.0,0.0,13,59.4105445107086,78.19089265035214,pobre,basal,3,500.0,798.25,1.0,52.0,7,226,18817,0,1.0
98,0.0,0.0,3.4849999,1.0,1.0,13,59.4105445107086,78.19089265035214,pobre,basal,3,500.0,798.25,1.0,52.0,8,226,18817,0,1.0
97,1.0,0.0,1.887,1.0,5.0,2,74.54013876869921,99.16458247143385,pobre,0,0,0.0,751.0,0.0,72.0,13,251,18818,5,1.0
98,1.0,0.0,1.887,0.0,5.0,2,74.54013876869921,99.16458247143385,pobre,0,0,0.0,751.0,0.0,72.0,14,251,18818,5,1.0
97,0.0,0.0,1.887,1.0,7.0,7,74.54013876869921,99.16458247143385,pobre,0,3,500.0,646.75,1.0,34.0,13,251,18819,7,1.0
98,0.0,0.0,1.887,1.0,8.0,7,74.54013876869921,99.16458247143385,pobre,0,3,500.0,646.75,1.0,34.0,14,251,18819,7,1.0
97,0.0,0.0,1.887,1.0,4.0,7,74.54013876869921,99.16458247143385,pobre,0,3,500.0,646.75,1.0,34.0,10,251,18820,4,1.0
98,0.0,0.0,1.887,1.0,5.0,7,74.54013876869921,99.16458247143385,pobre,0,3,500.0,646.75,1.0,34.0,11,251,18820,4,1.0
97,1.0,0.0,1.887,1.0,3.0,7,74.54013876869921,99.16458247143385,pobre,0,3,500.0,646.75,1.0,34.0,9,251,18821,3,1.0
98,1.0,0.0,1.887,1.0,3.0,7,74.54013876869921,99.16458247143385,pobre,0,3,500.0,646.75,1.0,34.0,10,251,18821,3,1.0
97,0.0,0.0,1.887,1.0,1.0,7,74.54013876869921,99.16458247143385,pobre,0,3,500.0,646.75,1.0,34.0,7,251,18822,1,1.0
98,0.0,0.0,1.887,1.0,1.0,7,74.54013876869921,99.16458247143385,pobre,0,3,500.0,646.75,1.0,34.0,8,251,18822,1,1.0
97,0.0,0.0,1.887,1.0,1.0,5,74.54013876869921,99.16458247143385,pobre,0,9,500.0,758.0,1.0,30.0,6,251,18823,1,1.0
98,0.0,0.0,1.887,1.0,2.0,5,74.54013876869921,99.16458247143385,pobre,0,9,500.0,758.0,1.0,30.0,7,251,18823,1,1.0
97,0.0,0.0,1.887,0.0,6.0,7,74.54013876869921,99.16458247143385,no pobre,0,5,500.0,823.33331,1.0,57.0,15,251,18824,6,0.0
98,0.0,0.0,1.887,0.0,6.0,7,74.54013876869921,99.16458247143385,no pobre,0,5,500.0,823.33331,1.0,57.0,16,251,18824,6,0.0
97,0.0,1.0,2.7920001,0.0,6.0,8,51.02564490232658,69.95584996980429,pobre,basal,1,0.0,741.0,1.0,63.0,14,225,18825,6,0.0
98,0.0,1.0,2.7920001,,,8,51.02564490232658,69.95584996980429,pobre,basal,1,0.0,741.0,1.0,63.0,15,225,18825,6,0.0
97,0.0,0.0,2.7920001,1.0,3.0,8,51.02564490232658,69.95584996980429,pobre,basal,1,0.0,741.0,1.0,63.0,10,225,18826,3,1.0
98,0.0,0.0,2.7920001,,,8,51.02564490232658,69.95584996980429,pobre,basal,1,0.0,741.0,1.0,63.0,11,225,18826,3,1.0
97,1.0,0.0,2.7920001,1.0,7.0,10,51.02564490232658,69.95584996980429,pobre,basal,2,500.0,577.0,1.0,40.0,14,225,18827,7,1.0
98,1.0,0.0,2.7920001,1.0,8.0,10,51.02564490232658,69.95584996980429,pobre,basal,2,500.0,577.0,1.0,40.0,15,225,18827,7,1.0
97,0.0,0.0,2.7920001,1.0,5.0,10,51.02564490232658,69.95584996980429,pobre,basal,2,500.0,577.0,1.0,40.0,13,225,18828,5,1.0
98,0.0,0.0,2.7920001,1.0,7.0,10,51.02564490232658,69.95584996980429,pobre,basal,2,500.0,577.0,1.0,40.0,14,225,18828,5,1.0
97,0.0,0.0,2.7920001,1.0,3.0,10,51.02564490232658,69.95584996980429,pobre,basal,2,500.0,577.0,1.0,40.0,10,225,18829,3,1.0
98,0.0,0.0,2.7920001,1.0,4.0,10,51.02564490232658,69.95584996980429,pobre,basal,2,500.0,577.0,1.0,40.0,11,225,18829,3,1.0
97,1.0,0.0,2.7920001,1.0,1.0,10,51.02564490232658,69.95584996980429,pobre,basal,2,500.0,577.0,1.0,40.0,7,225,18830,1,1.0
98,1.0,0.0,2.7920001,1.0,3.0,10,51.02564490232658,69.95584996980429,pobre,basal,2,500.0,577.0,1.0,40.0,8,225,18830,1,1.0
97,0.0,0.0,1.887,0.0,6.0,8,74.54013876869921,99.16458247143385,pobre,0,1,375.0,755.0,1.0,51.0,16,251,18831,6,0.0
98,0.0,0.0,1.887,0.0,6.0,8,74.54013876869921,99.16458247143385,pobre,0,1,375.0,755.0,1.0,51.0,17,251,18831,6,0.0
97,0.0,0.0,1.887,1.0,7.0,8,74.54013876869921,99.16458247143385,pobre,0,1,375.0,755.0,1.0,51.0,14,251,18832,7,1.0
98,0.0,0.0,1.887,0.0,8.0,8,74.54013876869921,99.16458247143385,pobre,0,1,375.0,755.0,1.0,51.0,15,251,18832,7,1.0
97,1.0,0.0,1.887,1.0,5.0,8,74.54013876869921,99.16458247143385,pobre,0,1,375.0,755.0,1.0,51.0,12,251,18833,5,1.0
98,1.0,0.0,1.887,0.0,6.0,8,74.54013876869921,99.16458247143385,pobre,0,1,375.0,755.0,1.0,51.0,13,251,18833,5,1.0
97,1.0,0.0,1.887,1.0,5.0,8,74.54013876869921,99.16458247143385,pobre,0,1,375.0,755.0,1.0,51.0,11,251,18834,5,1.0
98,1.0,0.0,1.887,0.0,6.0,8,74.54013876869921,99.16458247143385,pobre,0,1,375.0,755.0,1.0,51.0,12,251,18834,5,1.0
97,1.0,0.0,3.539,1.0,2.0,5,77.08266548650082,99.93457289833653,pobre,basal,2,375.0,541.0,1.0,35.0,8,249,18835,2,1.0
98,1.0,0.0,3.539,1.0,3.0,5,77.08266548650082,99.93457289833653,pobre,basal,2,375.0,541.0,1.0,35.0,9,249,18835,2,1.0
97,1.0,0.0,3.539,1.0,1.0,3,77.08266548650082,99.93457289833653,no pobre,basal,0,0.0,814.5,0.0,57.0,7,249,18836,1,1.0
98,1.0,0.0,3.539,1.0,0.0,3,77.08266548650082,99.93457289833653,no pobre,basal,0,0.0,814.5,0.0,57.0,8,249,18836,1,1.0
97,1.0,0.0,3.539,1.0,0.0,5,77.08266548650082,99.93457289833653,pobre,basal,6,0.0,641.0,1.0,30.0,6,249,18837,0,1.0
98,1.0,0.0,3.539,1.0,1.0,5,77.08266548650082,99.93457289833653,pobre,basal,6,0.0,641.0,1.0,30.0,7,249,18837,0,1.0
97,0.0,0.0,1.436,1.0,2.0,5,121.7980975803529,144.1396027309826,pobre,0,0,0.0,711.0,0.0,60.0,7,260,18838,2,1.0
98,0.0,0.0,1.436,1.0,2.0,5,121.7980975803529,144.1396027309826,pobre,0,0,0.0,711.0,0.0,60.0,8,260,18838,2,1.0
97,1.0,0.0,1.436,1.0,1.0,5,121.7980975803529,144.1396027309826,pobre,0,0,0.0,711.0,0.0,60.0,6,260,18839,1,1.0
98,1.0,0.0,1.436,1.0,1.0,5,121.7980975803529,144.1396027309826,pobre,0,0,0.0,711.0,0.0,60.0,7,260,18839,1,1.0
97,0.0,1.0,2.3380001,1.0,8.0,5,92.9615158497741,115.2452568813788,pobre,basal,5,0.0,600.0,1.0,42.0,14,264,18840,8,1.0
98,0.0,1.0,2.3380001,1.0,8.0,5,92.9615158497741,115.2452568813788,pobre,basal,5,0.0,600.0,1.0,42.0,15,264,18840,8,1.0
97,0.0,1.0,2.3380001,1.0,8.0,5,92.9615158497741,115.2452568813788,pobre,basal,5,0.0,600.0,1.0,42.0,12,264,18841,8,1.0
98,0.0,1.0,2.3380001,1.0,5.0,5,92.9615158497741,115.2452568813788,pobre,basal,5,0.0,600.0,1.0,42.0,13,264,18841,8,1.0
97,0.0,1.0,2.3380001,1.0,1.0,5,92.9615158497741,115.2452568813788,pobre,basal,5,0.0,600.0,1.0,42.0,7,264,18842,1,1.0
98,0.0,1.0,2.3380001,1.0,2.0,5,92.9615158497741,115.2452568813788,pobre,basal,5,0.0,600.0,1.0,42.0,8,264,18842,1,1.0
97,1.0,1.0,2.3380001,1.0,6.0,3,92.9615158497741,115.2452568813788,pobre,basal,0,500.0,658.0,1.0,44.0,16,264,18843,6,1.0
98,1.0,1.0,2.3380001,0.0,6.0,3,92.9615158497741,115.2452568813788,pobre,basal,0,500.0,658.0,1.0,44.0,17,264,18843,6,1.0
97,0.0,0.0,2.3380001,1.0,5.0,6,92.9615158497741,115.2452568813788,no pobre,basal,0,0.0,815.0,0.0,57.0,11,264,18844,5,1.0
98,0.0,0.0,2.3380001,1.0,6.0,6,92.9615158497741,115.2452568813788,no pobre,basal,0,0.0,815.0,0.0,57.0,12,264,18844,5,1.0
97,1.0,1.0,2.3380001,0.0,6.0,6,92.9615158497741,115.2452568813788,no pobre,basal,0,500.0,764.5,1.0,62.0,14,264,18845,6,0.0
98,1.0,1.0,2.3380001,0.0,6.0,6,92.9615158497741,115.2452568813788,no pobre,basal,0,500.0,764.5,1.0,62.0,15,264,18845,6,0.0
97,1.0,1.0,2.3380001,1.0,6.0,6,92.9615158497741,115.2452568813788,no pobre,basal,0,500.0,764.5,1.0,62.0,13,264,18846,6,1.0
98,1.0,1.0,2.3380001,0.0,6.0,6,92.9615158497741,115.2452568813788,no pobre,basal,0,500.0,764.5,1.0,62.0,14,264,18846,6,1.0
97,0.0,1.0,2.3380001,0.0,6.0,6,92.9615158497741,115.2452568813788,no pobre,basal,0,500.0,764.5,1.0,62.0,16,264,18847,6,0.0
98,0.0,1.0,2.3380001,,,6,92.9615158497741,115.2452568813788,no pobre,basal,0,500.0,764.5,1.0,62.0,17,264,18847,6,0.0
97,0.0,1.0,2.3380001,1.0,4.0,5,92.9615158497741,115.2452568813788,no pobre,basal,3,0.0,845.5,1.0,60.0,9,264,18848,4,1.0
98,0.0,1.0,2.3380001,1.0,4.0,5,92.9615158497741,115.2452568813788,no pobre,basal,3,0.0,845.5,1.0,60.0,10,264,18848,4,1.0
97,1.0,1.0,0.0,1.0,7.0,7,92.55733264769611,115.3116180713178,pobre,0,0,0.0,719.5,1.0,69.0,12,265,18849,7,1.0
98,1.0,1.0,0.0,1.0,8.0,7,92.55733264769611,115.3116180713178,pobre,0,0,0.0,719.5,1.0,69.0,13,265,18849,7,1.0
97,1.0,1.0,0.0,1.0,2.0,3,92.55733264769611,115.3116180713178,no pobre,0,6,0.0,873.0,1.0,29.0,8,265,18850,2,1.0
98,1.0,1.0,0.0,1.0,3.0,3,92.55733264769611,115.3116180713178,no pobre,0,6,0.0,873.0,1.0,29.0,9,265,18850,2,1.0
97,1.0,1.0,0.0,1.0,5.0,5,92.55733264769611,115.3116180713178,pobre,0,6,500.0,655.0,1.0,40.0,10,265,18851,5,1.0
98,1.0,1.0,0.0,1.0,5.0,5,92.55733264769611,115.3116180713178,pobre,0,6,500.0,655.0,1.0,40.0,11,265,18851,5,1.0
97,0.0,1.0,0.0,1.0,2.0,5,92.55733264769611,115.3116180713178,pobre,0,6,500.0,655.0,1.0,40.0,8,265,18852,2,1.0
98,0.0,1.0,0.0,1.0,3.0,5,92.55733264769611,115.3116180713178,pobre,0,6,500.0,655.0,1.0,40.0,9,265,18852,2,1.0
97,0.0,1.0,0.0,0.0,9.0,8,92.55733264769611,115.3116180713178,pobre,0,2,0.0,675.0,0.0,41.0,16,265,18853,9,0.0
98,0.0,1.0,0.0,,,8,92.55733264769611,115.3116180713178,pobre,0,2,0.0,675.0,0.0,41.0,17,265,18853,9,0.0
97,0.0,1.0,0.0,1.0,7.0,8,92.55733264769611,115.3116180713178,pobre,0,2,0.0,675.0,0.0,41.0,13,265,18854,7,1.0
98,0.0,1.0,0.0,1.0,8.0,8,92.55733264769611,115.3116180713178,pobre,0,2,0.0,675.0,0.0,41.0,14,265,18854,7,1.0
97,1.0,1.0,0.0,1.0,3.0,8,92.55733264769611,115.3116180713178,pobre,0,2,0.0,675.0,0.0,41.0,10,265,18855,3,1.0
98,1.0,1.0,0.0,1.0,4.0,8,92.55733264769611,115.3116180713178,pobre,0,2,0.0,675.0,0.0,41.0,11,265,18855,3,1.0
97,1.0,0.0,0.0,1.0,1.0,5,92.55733264769611,115.3116180713178,pobre,0,6,450.0,639.0,1.0,36.0,7,265,18856,1,1.0
98,1.0,0.0,0.0,1.0,2.0,5,92.55733264769611,115.3116180713178,pobre,0,6,450.0,639.0,1.0,36.0,8,265,18856,1,1.0
97,0.0,1.0,0.0,1.0,7.0,4,92.55733264769611,115.3116180713178,pobre,0,1,500.0,683.0,1.0,85.0,14,265,18857,7,1.0
98,0.0,1.0,0.0,1.0,8.0,4,92.55733264769611,115.3116180713178,pobre,0,1,500.0,683.0,1.0,85.0,15,265,18857,7,1.0
97,1.0,1.0,2.3380001,0.0,6.0,6,92.9615158497741,115.2452568813788,pobre,basal,1,0.0,653.0,1.0,41.0,13,264,18858,6,0.0
98,1.0,1.0,2.3380001,0.0,6.0,6,92.9615158497741,115.2452568813788,pobre,basal,1,0.0,653.0,1.0,41.0,14,264,18858,6,0.0
97,1.0,1.0,2.3380001,0.0,6.0,6,92.9615158497741,115.2452568813788,pobre,basal,1,0.0,653.0,1.0,41.0,12,264,18859,6,0.0
98,1.0,1.0,2.3380001,0.0,6.0,6,92.9615158497741,115.2452568813788,pobre,basal,1,0.0,653.0,1.0,41.0,13,264,18859,6,0.0
97,1.0,1.0,2.3380001,1.0,3.0,6,92.9615158497741,115.2452568813788,pobre,basal,1,0.0,653.0,1.0,41.0,9,264,18860,3,1.0
98,1.0,1.0,2.3380001,1.0,4.0,6,92.9615158497741,115.2452568813788,pobre,basal,1,0.0,653.0,1.0,41.0,10,264,18860,3,1.0
97,0.0,1.0,2.3380001,1.0,2.0,6,92.9615158497741,115.2452568813788,pobre,basal,1,0.0,653.0,1.0,41.0,7,264,18861,2,1.0
98,0.0,1.0,2.3380001,1.0,3.0,6,92.9615158497741,115.2452568813788,pobre,basal,1,0.0,653.0,1.0,41.0,8,264,18861,2,1.0
97,1.0,0.0,2.3380001,0.0,6.0,5,92.9615158497741,115.2452568813788,pobre,basal,1,500.0,691.26001,1.0,40.0,11,264,18862,6,0.0
98,1.0,0.0,2.3380001,1.0,5.0,5,92.9615158497741,115.2452568813788,pobre,basal,1,500.0,691.26001,1.0,40.0,12,264,18862,6,0.0
97,1.0,0.0,2.3380001,1.0,3.0,5,92.9615158497741,115.2452568813788,pobre,basal,1,500.0,691.26001,1.0,40.0,9,264,18863,3,1.0
98,1.0,0.0,2.3380001,1.0,2.0,5,92.9615158497741,115.2452568813788,pobre,basal,1,500.0,691.26001,1.0,40.0,10,264,18863,3,1.0
97,0.0,0.0,2.3380001,0.0,6.0,5,92.9615158497741,115.2452568813788,pobre,basal,1,500.0,691.26001,1.0,40.0,15,264,18864,6,0.0
98,0.0,0.0,2.3380001,0.0,6.0,5,92.9615158497741,115.2452568813788,pobre,basal,1,500.0,691.26001,1.0,40.0,16,264,18864,6,0.0
97,1.0,1.0,2.3380001,0.0,6.0,8,92.9615158497741,115.2452568813788,pobre,basal,2,375.0,735.0,1.0,50.0,14,264,18865,6,0.0
98,1.0,1.0,2.3380001,0.0,6.0,8,92.9615158497741,115.2452568813788,pobre,basal,2,375.0,735.0,1.0,50.0,15,264,18865,6,0.0
97,0.0,1.0,2.3380001,0.0,6.0,8,92.9615158497741,115.2452568813788,pobre,basal,2,375.0,735.0,1.0,50.0,12,264,18866,6,0.0
98,0.0,1.0,2.3380001,0.0,6.0,8,92.9615158497741,115.2452568813788,pobre,basal,2,375.0,735.0,1.0,50.0,13,264,18866,6,0.0
97,0.0,1.0,2.3380001,1.0,2.0,8,92.9615158497741,115.2452568813788,pobre,basal,2,375.0,735.0,1.0,50.0,9,264,18867,2,1.0
98,0.0,1.0,2.3380001,1.0,3.0,8,92.9615158497741,115.2452568813788,pobre,basal,2,375.0,735.0,1.0,50.0,10,264,18867,2,1.0
97,1.0,1.0,2.3380001,1.0,1.0,9,92.9615158497741,115.2452568813788,no pobre,basal,2,375.0,808.0,1.0,58.0,7,264,18868,1,1.0
98,1.0,1.0,2.3380001,1.0,1.0,9,92.9615158497741,115.2452568813788,no pobre,basal,2,375.0,808.0,1.0,58.0,8,264,18868,1,1.0
97,1.0,1.0,2.3380001,0.0,6.0,6,92.9615158497741,115.2452568813788,no pobre,basal,1,0.0,754.0,1.0,74.0,16,264,18869,6,0.0
98,1.0,1.0,2.3380001,0.0,6.0,6,92.9615158497741,115.2452568813788,no pobre,basal,1,0.0,754.0,1.0,74.0,17,264,18869,6,0.0
97,0.0,1.0,2.3380001,1.0,3.0,6,92.9615158497741,115.2452568813788,no pobre,basal,1,0.0,754.0,1.0,74.0,9,264,18870,3,1.0
98,0.0,1.0,2.3380001,1.0,4.0,6,92.9615158497741,115.2452568813788,no pobre,basal,1,0.0,754.0,1.0,74.0,10,264,18870,3,1.0
97,0.0,1.0,2.3380001,0.0,2.0,5,92.9615158497741,115.2452568813788,pobre,basal,4,500.0,637.0,1.0,30.0,14,264,18871,2,0.0
98,0.0,1.0,2.3380001,0.0,2.0,5,92.9615158497741,115.2452568813788,pobre,basal,4,500.0,637.0,1.0,30.0,15,264,18871,2,0.0
97,1.0,1.0,2.3380001,1.0,1.0,5,92.9615158497741,115.2452568813788,pobre,basal,4,500.0,637.0,1.0,30.0,9,264,18872,1,1.0
98,1.0,1.0,2.3380001,1.0,4.0,5,92.9615158497741,115.2452568813788,pobre,basal,4,500.0,637.0,1.0,30.0,10,264,18872,1,1.0
97,1.0,1.0,2.3380001,1.0,1.0,5,92.9615158497741,115.2452568813788,pobre,basal,4,500.0,637.0,1.0,30.0,6,264,18873,1,1.0
98,1.0,1.0,2.3380001,1.0,3.0,5,92.9615158497741,115.2452568813788,pobre,basal,4,500.0,637.0,1.0,30.0,7,264,18873,1,1.0
97,0.0,1.0,2.3380001,1.0,2.0,6,92.9615158497741,115.2452568813788,pobre,basal,3,800.0,636.0,1.0,32.0,9,264,18874,2,1.0
98,0.0,1.0,2.3380001,1.0,,6,92.9615158497741,115.2452568813788,pobre,basal,3,800.0,636.0,1.0,32.0,10,264,18874,2,1.0
97,1.0,1.0,2.3380001,1.0,0.0,6,92.9615158497741,115.2452568813788,pobre,basal,3,800.0,636.0,1.0,32.0,7,264,18875,0,1.0
98,1.0,1.0,2.3380001,1.0,,6,92.9615158497741,115.2452568813788,pobre,basal,3,800.0,636.0,1.0,32.0,8,264,18875,0,1.0
97,0.0,1.0,2.3380001,0.0,6.0,4,92.9615158497741,115.2452568813788,pobre,basal,6,1600.0,745.0,1.0,27.0,13,264,18876,6,0.0
98,0.0,1.0,2.3380001,0.0,6.0,4,92.9615158497741,115.2452568813788,pobre,basal,6,1600.0,745.0,1.0,27.0,14,264,18876,6,0.0
97,1.0,1.0,2.3380001,1.0,9.0,4,92.9615158497741,115.2452568813788,no pobre,basal,3,500.0,947.0,1.0,43.0,15,264,18877,9,1.0
98,1.0,1.0,2.3380001,,,4,92.9615158497741,115.2452568813788,no pobre,basal,3,500.0,947.0,1.0,43.0,16,264,18877,9,1.0
97,1.0,1.0,2.3380001,1.0,4.0,5,92.9615158497741,115.2452568813788,pobre,basal,3,0.0,781.0,0.0,52.0,10,264,18878,4,1.0
98,1.0,1.0,2.3380001,1.0,6.0,5,92.9615158497741,115.2452568813788,pobre,basal,3,0.0,781.0,0.0,52.0,11,264,18878,4,1.0
97,0.0,1.0,2.3380001,0.0,6.0,6,92.9615158497741,115.2452568813788,pobre,basal,9,500.0,643.0,1.0,33.0,13,264,18879,6,0.0
98,0.0,1.0,2.3380001,0.0,6.0,6,92.9615158497741,115.2452568813788,pobre,basal,9,500.0,643.0,1.0,33.0,14,264,18879,6,0.0
97,1.0,1.0,2.3380001,1.0,4.0,6,92.9615158497741,115.2452568813788,pobre,basal,9,500.0,643.0,1.0,33.0,11,264,18880,4,1.0
98,1.0,1.0,2.3380001,1.0,5.0,6,92.9615158497741,115.2452568813788,pobre,basal,9,500.0,643.0,1.0,33.0,12,264,18880,4,1.0
97,0.0,1.0,2.3380001,1.0,1.0,6,92.9615158497741,115.2452568813788,pobre,basal,9,500.0,643.0,1.0,33.0,7,264,18881,1,1.0
98,0.0,1.0,2.3380001,1.0,2.0,6,92.9615158497741,115.2452568813788,pobre,basal,9,500.0,643.0,1.0,33.0,8,264,18881,1,1.0
97,0.0,1.0,2.3380001,0.0,6.0,10,92.9615158497741,115.2452568813788,pobre,basal,2,500.0,693.0,1.0,55.0,15,264,18882,6,0.0
98,0.0,1.0,2.3380001,0.0,6.0,10,92.9615158497741,115.2452568813788,pobre,basal,2,500.0,693.0,1.0,55.0,16,264,18882,6,0.0
97,1.0,1.0,2.3380001,0.0,6.0,10,92.9615158497741,115.2452568813788,pobre,basal,2,500.0,693.0,1.0,55.0,13,264,18883,6,0.0
98,1.0,1.0,2.3380001,0.0,6.0,10,92.9615158497741,115.2452568813788,pobre,basal,2,500.0,693.0,1.0,55.0,14,264,18883,6,0.0
97,1.0,1.0,2.3380001,1.0,4.0,10,92.9615158497741,115.2452568813788,pobre,basal,2,500.0,693.0,1.0,55.0,9,264,18884,4,1.0
98,1.0,1.0,2.3380001,1.0,2.0,10,92.9615158497741,115.2452568813788,pobre,basal,2,500.0,693.0,1.0,55.0,10,264,18884,4,1.0
97,1.0,1.0,2.3380001,1.0,4.0,5,92.9615158497741,115.2452568813788,pobre,basal,2,375.0,620.0,1.0,71.0,10,264,18885,4,1.0
98,1.0,1.0,2.3380001,1.0,5.0,5,92.9615158497741,115.2452568813788,pobre,basal,2,375.0,620.0,1.0,71.0,11,264,18885,4,1.0
97,1.0,1.0,2.3380001,1.0,1.0,4,92.9615158497741,115.2452568813788,pobre,basal,2,250.0,780.0,0.0,46.0,6,264,18886,1,1.0
98,1.0,1.0,2.3380001,1.0,1.0,4,92.9615158497741,115.2452568813788,pobre,basal,2,250.0,780.0,0.0,46.0,7,264,18886,1,1.0
97,1.0,1.0,2.3380001,0.0,6.0,6,92.9615158497741,115.2452568813788,pobre,basal,5,625.0,691.0,1.0,38.0,13,264,18887,6,0.0
98,1.0,1.0,2.3380001,0.0,6.0,6,92.9615158497741,115.2452568813788,pobre,basal,5,625.0,691.0,1.0,38.0,14,264,18887,6,0.0
97,1.0,1.0,2.3380001,0.0,5.0,6,92.9615158497741,115.2452568813788,pobre,basal,5,625.0,691.0,1.0,38.0,11,264,18888,5,0.0
98,1.0,1.0,2.3380001,1.0,5.0,6,92.9615158497741,115.2452568813788,pobre,basal,5,625.0,691.0,1.0,38.0,12,264,18888,5,0.0
97,0.0,1.0,2.3380001,1.0,2.0,6,92.9615158497741,115.2452568813788,pobre,basal,5,625.0,691.0,1.0,38.0,8,264,18889,2,1.0
98,0.0,1.0,2.3380001,1.0,3.0,6,92.9615158497741,115.2452568813788,pobre,basal,5,625.0,691.0,1.0,38.0,9,264,18889,2,1.0
97,1.0,1.0,2.3380001,0.0,9.0,3,92.9615158497741,115.2452568813788,pobre,basal,0,750.0,818.5,1.0,60.0,15,264,18890,9,0.0
98,1.0,1.0,2.3380001,,,3,92.9615158497741,115.2452568813788,pobre,basal,0,750.0,818.5,1.0,60.0,16,264,18890,9,0.0
97,1.0,1.0,2.3380001,1.0,3.0,6,92.9615158497741,115.2452568813788,pobre,basal,4,625.0,492.47,1.0,29.0,9,264,18891,3,1.0
98,1.0,1.0,2.3380001,1.0,4.0,6,92.9615158497741,115.2452568813788,pobre,basal,4,625.0,492.47,1.0,29.0,10,264,18891,3,1.0
97,1.0,1.0,2.3380001,1.0,1.0,6,92.9615158497741,115.2452568813788,pobre,basal,4,625.0,492.47,1.0,29.0,7,264,18892,1,1.0
98,1.0,1.0,2.3380001,1.0,1.0,6,92.9615158497741,115.2452568813788,pobre,basal,4,625.0,492.47,1.0,29.0,8,264,18892,1,1.0
97,0.0,1.0,2.3380001,0.0,6.0,4,92.9615158497741,115.2452568813788,pobre,basal,4,625.0,720.0,1.0,50.0,16,264,18893,6,0.0
98,0.0,1.0,2.3380001,,,4,92.9615158497741,115.2452568813788,pobre,basal,4,625.0,720.0,1.0,50.0,17,264,18893,6,0.0
97,0.0,1.0,2.3380001,1.0,1.0,6,92.9615158497741,115.2452568813788,pobre,basal,3,625.0,583.0,1.0,26.0,8,264,18894,1,1.0
98,0.0,1.0,2.3380001,,,6,92.9615158497741,115.2452568813788,pobre,basal,3,625.0,583.0,1.0,26.0,9,264,18894,1,1.0
97,0.0,0.0,3.539,0.0,5.0,6,77.08266548650082,99.93457289833653,pobre,basal,4,0.0,704.5,1.0,57.0,16,249,18895,5,0.0
98,0.0,0.0,3.539,0.0,5.0,6,77.08266548650082,99.93457289833653,pobre,basal,4,0.0,704.5,1.0,57.0,17,249,18895,5,0.0
97,1.0,0.0,3.539,1.0,6.0,6,77.08266548650082,99.93457289833653,pobre,basal,4,0.0,704.5,1.0,57.0,12,249,18896,6,1.0
98,1.0,0.0,3.539,0.0,6.0,6,77.08266548650082,99.93457289833653,pobre,basal,4,0.0,704.5,1.0,57.0,13,249,18896,6,1.0
97,1.0,0.0,3.539,1.0,3.0,6,77.08266548650082,99.93457289833653,pobre,basal,4,0.0,704.5,1.0,57.0,11,249,18897,3,1.0
98,1.0,0.0,3.539,1.0,4.0,6,77.08266548650082,99.93457289833653,pobre,basal,4,0.0,704.5,1.0,57.0,12,249,18897,3,1.0
97,1.0,0.0,3.539,1.0,5.0,4,77.08266548650082,99.93457289833653,pobre,basal,2,0.0,645.0,1.0,55.0,16,249,18898,5,1.0
98,1.0,0.0,3.539,0.0,6.0,4,77.08266548650082,99.93457289833653,pobre,basal,2,0.0,645.0,1.0,55.0,17,249,18898,5,1.0
97,0.0,0.0,3.539,1.0,4.0,4,77.08266548650082,99.93457289833653,pobre,basal,2,0.0,645.0,1.0,55.0,12,249,18899,4,1.0
98,0.0,0.0,3.539,1.0,5.0,4,77.08266548650082,99.93457289833653,pobre,basal,2,0.0,645.0,1.0,55.0,13,249,18899,4,1.0
97,1.0,0.0,3.539,0.0,6.0,7,77.08266548650082,99.93457289833653,pobre,basal,6,1200.0,646.5,1.0,38.0,13,249,18900,6,0.0
98,1.0,0.0,3.539,1.0,6.0,7,77.08266548650082,99.93457289833653,pobre,basal,6,1200.0,646.5,1.0,38.0,14,249,18900,6,0.0
97,1.0,0.0,3.539,1.0,5.0,7,77.08266548650082,99.93457289833653,pobre,basal,6,1200.0,646.5,1.0,38.0,10,249,18901,5,1.0
98,1.0,0.0,3.539,1.0,6.0,7,77.08266548650082,99.93457289833653,pobre,basal,6,1200.0,646.5,1.0,38.0,11,249,18901,5,1.0
97,0.0,0.0,3.539,1.0,2.0,7,77.08266548650082,99.93457289833653,pobre,basal,6,1200.0,646.5,1.0,38.0,8,249,18902,2,1.0
98,0.0,0.0,3.539,1.0,3.0,7,77.08266548650082,99.93457289833653,pobre,basal,6,1200.0,646.5,1.0,38.0,9,249,18902,2,1.0
97,0.0,0.0,3.539,1.0,0.0,7,77.08266548650082,99.93457289833653,pobre,basal,6,1200.0,646.5,1.0,38.0,6,249,18903,0,1.0
98,0.0,0.0,3.539,1.0,1.0,7,77.08266548650082,99.93457289833653,pobre,basal,6,1200.0,646.5,1.0,38.0,7,249,18903,0,1.0
97,1.0,0.0,3.539,1.0,1.0,5,77.08266548650082,99.93457289833653,pobre,basal,2,0.0,634.5,1.0,27.0,7,249,18904,1,1.0
98,1.0,0.0,3.539,1.0,2.0,5,77.08266548650082,99.93457289833653,pobre,basal,2,0.0,634.5,1.0,27.0,8,249,18904,1,1.0
97,0.0,0.0,3.539,1.0,0.0,5,77.08266548650082,99.93457289833653,pobre,basal,2,0.0,634.5,1.0,27.0,6,249,18905,0,1.0
98,0.0,0.0,3.539,1.0,1.0,5,77.08266548650082,99.93457289833653,pobre,basal,2,0.0,634.5,1.0,27.0,7,249,18905,0,1.0
97,1.0,0.0,3.539,1.0,4.0,8,77.08266548650082,99.93457289833653,pobre,basal,5,375.0,450.0,1.0,36.0,9,249,18906,4,1.0
98,1.0,0.0,3.539,1.0,5.0,8,77.08266548650082,99.93457289833653,pobre,basal,5,375.0,450.0,1.0,36.0,10,249,18906,4,1.0
97,1.0,0.0,3.539,1.0,2.0,8,77.08266548650082,99.93457289833653,pobre,basal,5,375.0,450.0,1.0,36.0,7,249,18907,2,1.0
98,1.0,0.0,3.539,1.0,3.0,8,77.08266548650082,99.93457289833653,pobre,basal,5,375.0,450.0,1.0,36.0,8,249,18907,2,1.0
97,1.0,0.0,3.539,1.0,0.0,8,77.08266548650082,99.93457289833653,pobre,basal,5,375.0,450.0,1.0,36.0,6,249,18908,0,1.0
98,1.0,0.0,3.539,1.0,1.0,8,77.08266548650082,99.93457289833653,pobre,basal,5,375.0,450.0,1.0,36.0,7,249,18908,0,1.0
97,1.0,0.0,2.2650001,1.0,10.0,7,86.28887146500354,86.28887146500354,pobre,0,2,750.0,576.0,1.0,40.0,16,130,18909,10,1.0
98,1.0,0.0,2.2650001,,,7,86.28887146500354,86.28887146500354,pobre,0,2,750.0,576.0,1.0,40.0,17,130,18909,10,1.0
97,0.0,0.0,2.2650001,1.0,7.0,7,86.28887146500354,86.28887146500354,pobre,0,2,750.0,576.0,1.0,40.0,14,130,18910,7,1.0
98,0.0,0.0,2.2650001,1.0,8.0,7,86.28887146500354,86.28887146500354,pobre,0,2,750.0,576.0,1.0,40.0,15,130,18910,7,1.0
97,0.0,0.0,2.2650001,1.0,5.0,7,86.28887146500354,86.28887146500354,pobre,0,2,750.0,576.0,1.0,40.0,11,130,18911,5,1.0
98,0.0,0.0,2.2650001,1.0,6.0,7,86.28887146500354,86.28887146500354,pobre,0,2,750.0,576.0,1.0,40.0,12,130,18911,5,1.0
97,0.0,0.0,2.2650001,1.0,3.0,7,86.28887146500354,86.28887146500354,pobre,0,2,750.0,576.0,1.0,40.0,10,130,18912,3,1.0
98,0.0,0.0,2.2650001,1.0,4.0,7,86.28887146500354,86.28887146500354,pobre,0,2,750.0,576.0,1.0,40.0,11,130,18912,3,1.0
97,0.0,0.0,2.2650001,1.0,2.0,6,86.28887146500354,86.28887146500354,pobre,0,3,1000.0,565.0,1.0,32.0,8,130,18913,2,1.0
98,0.0,0.0,2.2650001,1.0,3.0,6,86.28887146500354,86.28887146500354,pobre,0,3,1000.0,565.0,1.0,32.0,9,130,18913,2,1.0
97,0.0,0.0,2.2650001,1.0,4.0,5,86.28887146500354,86.28887146500354,pobre,0,6,500.0,604.0,1.0,32.0,9,130,18914,4,1.0
98,0.0,0.0,2.2650001,1.0,5.0,5,86.28887146500354,86.28887146500354,pobre,0,6,500.0,604.0,1.0,32.0,10,130,18914,4,1.0
97,0.0,0.0,2.2650001,1.0,0.0,5,86.28887146500354,86.28887146500354,pobre,0,6,500.0,604.0,1.0,32.0,8,130,18915,0,1.0
98,0.0,0.0,2.2650001,1.0,3.0,5,86.28887146500354,86.28887146500354,pobre,0,6,500.0,604.0,1.0,32.0,9,130,18915,0,1.0
97,1.0,0.0,2.2650001,1.0,5.0,4,86.28887146500354,86.28887146500354,pobre,0,2,166.66667,732.0,1.0,67.0,14,130,18916,5,1.0
98,1.0,0.0,2.2650001,1.0,6.0,4,86.28887146500354,86.28887146500354,pobre,0,2,166.66667,732.0,1.0,67.0,15,130,18916,5,1.0
97,0.0,0.0,2.2650001,1.0,6.0,5,86.28887146500354,86.28887146500354,pobre,0,3,750.0,615.34399,1.0,43.0,12,130,18917,6,1.0
98,0.0,0.0,2.2650001,0.0,6.0,5,86.28887146500354,86.28887146500354,pobre,0,3,750.0,615.34399,1.0,43.0,13,130,18917,6,1.0
97,1.0,0.0,2.2650001,1.0,5.0,5,86.28887146500354,86.28887146500354,pobre,0,3,750.0,615.34399,1.0,43.0,10,130,18918,5,1.0
98,1.0,0.0,2.2650001,1.0,6.0,5,86.28887146500354,86.28887146500354,pobre,0,3,750.0,615.34399,1.0,43.0,11,130,18918,5,1.0
97,1.0,0.0,2.2650001,,0.0,5,86.28887146500354,86.28887146500354,pobre,0,3,750.0,615.34399,1.0,43.0,9,130,18919,0,
98,1.0,0.0,2.2650001,,,5,86.28887146500354,86.28887146500354,pobre,0,3,750.0,615.34399,1.0,43.0,10,130,18919,0,
97,0.0,0.0,2.2650001,0.0,3.0,4,86.28887146500354,86.28887146500354,no pobre,0,3,0.0,730.0,1.0,58.0,15,130,18920,3,0.0
98,0.0,0.0,2.2650001,0.0,4.0,4,86.28887146500354,86.28887146500354,no pobre,0,3,0.0,730.0,1.0,58.0,16,130,18920,3,0.0
97,1.0,0.0,2.2650001,1.0,3.0,3,86.28887146500354,86.28887146500354,pobre,0,2,500.0,771.0,1.0,53.0,10,130,18921,3,1.0
98,1.0,0.0,2.2650001,1.0,4.0,3,86.28887146500354,86.28887146500354,pobre,0,2,500.0,771.0,1.0,53.0,11,130,18921,3,1.0
97,0.0,0.0,1.513,0.0,6.0,6,58.24498633121426,58.24498633121426,pobre,basal,3,700.0,649.34399,0.0,42.0,16,187,18922,6,0.0
98,0.0,0.0,1.513,,,6,58.24498633121426,58.24498633121426,pobre,basal,3,700.0,649.34399,0.0,42.0,17,187,18922,6,0.0
97,1.0,0.0,1.513,,2.0,6,58.24498633121426,58.24498633121426,pobre,basal,3,700.0,649.34399,0.0,42.0,14,187,18923,2,
98,1.0,0.0,1.513,0.0,2.0,6,58.24498633121426,58.24498633121426,pobre,basal,3,700.0,649.34399,0.0,42.0,15,187,18923,2,
97,1.0,0.0,1.513,1.0,1.0,6,58.24498633121426,58.24498633121426,pobre,basal,3,700.0,649.34399,0.0,42.0,11,187,18924,1,1.0
98,1.0,0.0,1.513,1.0,2.0,6,58.24498633121426,58.24498633121426,pobre,basal,3,700.0,649.34399,0.0,42.0,12,187,18924,1,1.0
97,1.0,0.0,1.513,1.0,0.0,6,58.24498633121426,58.24498633121426,pobre,basal,3,700.0,649.34399,0.0,42.0,7,187,18925,0,1.0
98,1.0,0.0,1.513,0.0,1.0,6,58.24498633121426,58.24498633121426,pobre,basal,3,700.0,649.34399,0.0,42.0,8,187,18925,0,1.0
97,1.0,0.0,1.513,1.0,2.0,10,58.24498633121426,58.24498633121426,pobre,basal,1,750.0,723.5,1.0,37.0,16,187,18926,2,1.0
98,1.0,0.0,1.513,,,10,58.24498633121426,58.24498633121426,pobre,basal,1,750.0,723.5,1.0,37.0,17,187,18926,2,1.0
97,1.0,0.0,1.513,1.0,5.0,10,58.24498633121426,58.24498633121426,pobre,basal,1,750.0,723.5,1.0,37.0,11,187,18927,5,1.0
98,1.0,0.0,1.513,0.0,6.0,10,58.24498633121426,58.24498633121426,pobre,basal,1,750.0,723.5,1.0,37.0,12,187,18927,5,1.0
97,0.0,0.0,1.513,1.0,4.0,10,58.24498633121426,58.24498633121426,pobre,basal,1,750.0,723.5,1.0,37.0,10,187,18928,4,1.0
98,0.0,0.0,1.513,1.0,5.0,10,58.24498633121426,58.24498633121426,pobre,basal,1,750.0,723.5,1.0,37.0,11,187,18928,4,1.0
97,1.0,0.0,1.513,1.0,1.0,10,58.24498633121426,58.24498633121426,pobre,basal,1,750.0,723.5,1.0,37.0,9,187,18929,1,1.0
98,1.0,0.0,1.513,1.0,3.0,10,58.24498633121426,58.24498633121426,pobre,basal,1,750.0,723.5,1.0,37.0,10,187,18929,1,1.0
97,0.0,0.0,3.8039999,1.0,2.0,5,98.51452488529426,98.51452488529426,pobre,0,1,1000.0,632.0,1.0,50.0,8,129,18930,2,1.0
98,0.0,0.0,3.8039999,1.0,2.0,5,98.51452488529426,98.51452488529426,pobre,0,1,1000.0,632.0,1.0,50.0,9,129,18930,2,1.0
97,0.0,0.0,0.0,0.0,6.0,5,80.30829567962643,80.30829567962643,no pobre,basal,0,720.0,780.5,1.0,43.0,16,132,18931,6,0.0
98,0.0,0.0,0.0,0.0,6.0,5,80.30829567962643,80.30829567962643,no pobre,basal,0,720.0,780.5,1.0,43.0,17,132,18931,6,0.0
97,1.0,0.0,0.0,1.0,8.0,5,80.30829567962643,80.30829567962643,no pobre,basal,0,720.0,780.5,1.0,43.0,13,132,18932,8,1.0
98,1.0,0.0,0.0,1.0,9.0,5,80.30829567962643,80.30829567962643,no pobre,basal,0,720.0,780.5,1.0,43.0,14,132,18932,8,1.0
97,1.0,0.0,4.869,1.0,6.0,5,100.4116835699966,100.4116835699966,pobre,0,3,0.0,666.5,0.0,45.0,14,141,18933,6,1.0
98,1.0,0.0,4.869,1.0,7.0,5,100.4116835699966,100.4116835699966,pobre,0,3,0.0,666.5,0.0,45.0,15,141,18933,6,1.0
97,0.0,0.0,4.869,1.0,5.0,5,100.4116835699966,100.4116835699966,pobre,0,3,0.0,666.5,0.0,45.0,11,141,18934,5,1.0
98,0.0,0.0,4.869,1.0,6.0,5,100.4116835699966,100.4116835699966,pobre,0,3,0.0,666.5,0.0,45.0,12,141,18934,5,1.0
97,1.0,0.0,4.869,0.0,6.0,10,100.4116835699966,100.4116835699966,pobre,0,0,83.333336,575.0,1.0,46.0,16,141,18935,6,0.0
98,1.0,0.0,4.869,,,10,100.4116835699966,100.4116835699966,pobre,0,0,83.333336,575.0,1.0,46.0,17,141,18935,6,0.0
97,1.0,0.0,4.869,1.0,4.0,10,100.4116835699966,100.4116835699966,pobre,0,0,83.333336,575.0,1.0,46.0,14,141,18936,4,1.0
98,1.0,0.0,4.869,1.0,6.0,10,100.4116835699966,100.4116835699966,pobre,0,0,83.333336,575.0,1.0,46.0,15,141,18936,4,1.0
97,1.0,0.0,4.869,1.0,3.0,10,100.4116835699966,100.4116835699966,pobre,0,0,83.333336,575.0,1.0,46.0,12,141,18937,3,1.0
98,1.0,0.0,4.869,1.0,5.0,10,100.4116835699966,100.4116835699966,pobre,0,0,83.333336,575.0,1.0,46.0,13,141,18937,3,1.0
97,0.0,0.0,4.869,1.0,2.0,10,100.4116835699966,100.4116835699966,pobre,0,0,83.333336,575.0,1.0,46.0,10,141,18938,2,1.0
98,0.0,0.0,4.869,1.0,4.0,10,100.4116835699966,100.4116835699966,pobre,0,0,83.333336,575.0,1.0,46.0,11,141,18938,2,1.0
97,0.0,0.0,4.869,1.0,2.0,10,100.4116835699966,100.4116835699966,pobre,0,0,83.333336,575.0,1.0,46.0,8,141,18939,2,1.0
98,0.0,0.0,4.869,1.0,3.0,10,100.4116835699966,100.4116835699966,pobre,0,0,83.333336,575.0,1.0,46.0,9,141,18939,2,1.0
97,0.0,0.0,4.869,1.0,1.0,10,100.4116835699966,100.4116835699966,pobre,0,0,83.333336,575.0,1.0,46.0,7,141,18940,1,1.0
98,0.0,0.0,4.869,1.0,2.0,10,100.4116835699966,100.4116835699966,pobre,0,0,83.333336,575.0,1.0,46.0,8,141,18940,1,1.0
97,0.0,0.0,4.869,1.0,4.0,7,100.4116835699966,100.4116835699966,pobre,0,0,50.0,511.0,1.0,59.0,15,141,18941,4,1.0
98,0.0,0.0,4.869,,,7,100.4116835699966,100.4116835699966,pobre,0,0,50.0,511.0,1.0,59.0,16,141,18941,4,1.0
97,1.0,0.0,4.869,1.0,2.0,7,100.4116835699966,100.4116835699966,pobre,0,0,50.0,511.0,1.0,59.0,10,141,18942,2,1.0
98,1.0,0.0,4.869,,,7,100.4116835699966,100.4116835699966,pobre,0,0,50.0,511.0,1.0,59.0,11,141,18942,2,1.0
97,0.0,0.0,4.869,1.0,1.0,7,100.4116835699966,100.4116835699966,pobre,0,0,50.0,511.0,1.0,59.0,7,141,18943,1,1.0
98,0.0,0.0,4.869,,,7,100.4116835699966,100.4116835699966,pobre,0,0,50.0,511.0,1.0,59.0,8,141,18943,1,1.0
97,1.0,0.0,3.8039999,1.0,5.0,4,98.51452488529426,98.51452488529426,pobre,0,3,0.0,728.0,0.0,55.0,13,129,18944,5,1.0
98,1.0,0.0,3.8039999,0.0,6.0,4,98.51452488529426,98.51452488529426,pobre,0,3,0.0,728.0,0.0,55.0,14,129,18944,5,1.0
97,0.0,0.0,3.8039999,0.0,6.0,4,98.51452488529426,98.51452488529426,no pobre,0,3,0.0,760.0,1.0,42.0,14,129,18945,6,0.0
98,0.0,0.0,3.8039999,0.0,6.0,4,98.51452488529426,98.51452488529426,no pobre,0,3,0.0,760.0,1.0,42.0,15,129,18945,6,0.0
97,0.0,0.0,3.8039999,1.0,5.0,8,98.51452488529426,98.51452488529426,pobre,0,0,833.33331,651.0,1.0,80.0,16,129,18946,5,1.0
98,0.0,0.0,3.8039999,,,8,98.51452488529426,98.51452488529426,pobre,0,0,833.33331,651.0,1.0,80.0,17,129,18946,5,1.0
97,0.0,0.0,3.8039999,1.0,5.0,8,98.51452488529426,98.51452488529426,pobre,0,0,833.33331,651.0,1.0,80.0,14,129,18947,5,1.0
98,0.0,0.0,3.8039999,0.0,6.0,8,98.51452488529426,98.51452488529426,pobre,0,0,833.33331,651.0,1.0,80.0,15,129,18947,5,1.0
97,0.0,0.0,3.8039999,1.0,5.0,8,98.51452488529426,98.51452488529426,pobre,0,0,833.33331,651.0,1.0,80.0,13,129,18948,5,1.0
98,0.0,0.0,3.8039999,0.0,6.0,8,98.51452488529426,98.51452488529426,pobre,0,0,833.33331,651.0,1.0,80.0,14,129,18948,5,1.0
97,0.0,0.0,3.8039999,1.0,3.0,8,98.51452488529426,98.51452488529426,pobre,0,0,833.33331,651.0,1.0,80.0,10,129,18949,3,1.0
98,0.0,0.0,3.8039999,1.0,4.0,8,98.51452488529426,98.51452488529426,pobre,0,0,833.33331,651.0,1.0,80.0,11,129,18949,3,1.0
97,0.0,0.0,3.8039999,0.0,6.0,6,98.51452488529426,98.51452488529426,pobre,0,0,1000.0,619.0,1.0,44.0,14,129,18950,6,0.0
98,0.0,0.0,3.8039999,0.0,6.0,6,98.51452488529426,98.51452488529426,pobre,0,0,1000.0,619.0,1.0,44.0,15,129,18950,6,0.0
97,1.0,0.0,3.8039999,1.0,6.0,6,98.51452488529426,98.51452488529426,pobre,0,0,1000.0,619.0,1.0,44.0,12,129,18951,6,1.0
98,1.0,0.0,3.8039999,0.0,7.0,6,98.51452488529426,98.51452488529426,pobre,0,0,1000.0,619.0,1.0,44.0,13,129,18951,6,1.0
97,1.0,0.0,3.8039999,1.0,5.0,6,98.51452488529426,98.51452488529426,pobre,0,0,1000.0,619.0,1.0,44.0,11,129,18952,5,1.0
98,1.0,0.0,3.8039999,0.0,6.0,6,98.51452488529426,98.51452488529426,pobre,0,0,1000.0,619.0,1.0,44.0,12,129,18952,5,1.0
97,1.0,0.0,3.8039999,1.0,0.0,6,98.51452488529426,98.51452488529426,pobre,0,0,1000.0,619.0,1.0,44.0,6,129,18953,0,1.0
98,1.0,0.0,3.8039999,1.0,0.0,6,98.51452488529426,98.51452488529426,pobre,0,0,1000.0,619.0,1.0,44.0,7,129,18953,0,1.0
97,0.0,0.0,2.8599999,1.0,3.0,6,61.98534797690349,61.98534797690349,pobre,basal,8,3200.0,718.0,1.0,36.0,9,186,18954,3,1.0
98,0.0,0.0,2.8599999,1.0,3.0,6,61.98534797690349,61.98534797690349,pobre,basal,8,3200.0,718.0,1.0,36.0,10,186,18954,3,1.0
97,0.0,0.0,2.8599999,1.0,1.0,6,61.98534797690349,61.98534797690349,pobre,basal,8,3200.0,718.0,1.0,36.0,7,186,18955,1,1.0
98,0.0,0.0,2.8599999,1.0,1.0,6,61.98534797690349,61.98534797690349,pobre,basal,8,3200.0,718.0,1.0,36.0,8,186,18955,1,1.0
97,0.0,0.0,2.8599999,1.0,5.0,9,61.98534797690349,61.98534797690349,no pobre,basal,0,840.0,722.75,1.0,58.0,13,186,18956,5,1.0
98,0.0,0.0,2.8599999,0.0,6.0,9,61.98534797690349,61.98534797690349,no pobre,basal,0,840.0,722.75,1.0,58.0,14,186,18956,5,1.0
97,0.0,0.0,2.8599999,1.0,5.0,9,61.98534797690349,61.98534797690349,no pobre,basal,0,840.0,722.75,1.0,58.0,11,186,18957,5,1.0
98,0.0,0.0,2.8599999,0.0,6.0,9,61.98534797690349,61.98534797690349,no pobre,basal,0,840.0,722.75,1.0,58.0,12,186,18957,5,1.0
97,1.0,0.0,2.8599999,1.0,2.0,5,61.98534797690349,61.98534797690349,pobre,basal,5,1250.0,711.5,1.0,30.0,6,186,18958,2,1.0
98,1.0,0.0,2.8599999,1.0,3.0,5,61.98534797690349,61.98534797690349,pobre,basal,5,1250.0,711.5,1.0,30.0,7,186,18958,2,1.0
97,1.0,,4.869,1.0,0.0,3,100.4116835699966,100.4116835699966,pobre,0,0,83.333336,562.0,1.0,61.0,10,141,18959,0,1.0
98,1.0,,4.869,1.0,3.0,3,100.4116835699966,100.4116835699966,pobre,0,0,83.333336,562.0,1.0,61.0,11,141,18959,0,1.0
97,1.0,0.0,4.869,1.0,4.0,3,100.4116835699966,100.4116835699966,pobre,0,1,0.0,746.0,0.0,55.0,11,141,18960,4,1.0
98,1.0,0.0,4.869,1.0,5.0,3,100.4116835699966,100.4116835699966,pobre,0,1,0.0,746.0,0.0,55.0,12,141,18960,4,1.0
97,1.0,0.0,0.0,0.0,4.0,8,78.0631292297994,78.0631292297994,no pobre,0,0,1000.0,740.0,1.0,60.0,16,189,18961,4,0.0
98,1.0,0.0,0.0,0.0,4.0,8,78.0631292297994,78.0631292297994,no pobre,0,0,1000.0,740.0,1.0,60.0,17,189,18961,4,0.0
97,0.0,0.0,0.0,1.0,6.0,8,78.0631292297994,78.0631292297994,no pobre,0,0,1000.0,740.0,1.0,60.0,14,189,18962,6,1.0
98,0.0,0.0,0.0,1.0,7.0,8,78.0631292297994,78.0631292297994,no pobre,0,0,1000.0,740.0,1.0,60.0,15,189,18962,6,1.0
97,0.0,0.0,0.0,1.0,3.0,8,78.0631292297994,78.0631292297994,no pobre,0,0,1000.0,740.0,1.0,60.0,11,189,18963,3,1.0
98,0.0,0.0,0.0,1.0,4.0,8,78.0631292297994,78.0631292297994,no pobre,0,0,1000.0,740.0,1.0,60.0,12,189,18963,3,1.0
97,1.0,0.0,0.0,1.0,1.0,8,78.0631292297994,78.0631292297994,no pobre,0,0,1000.0,740.0,1.0,60.0,8,189,18964,1,1.0
98,1.0,0.0,0.0,1.0,2.0,8,78.0631292297994,78.0631292297994,no pobre,0,0,1000.0,740.0,1.0,60.0,9,189,18964,1,1.0
97,0.0,0.0,0.0,1.0,1.0,4,78.0631292297994,78.0631292297994,pobre,0,2,1200.0,699.0,1.0,31.0,8,189,18965,1,1.0
98,0.0,0.0,0.0,1.0,2.0,4,78.0631292297994,78.0631292297994,pobre,0,2,1200.0,699.0,1.0,31.0,9,189,18965,1,1.0
97,0.0,0.0,0.0,1.0,1.0,15,78.0631292297994,78.0631292297994,pobre,0,0,1250.0,457.0,1.0,48.0,9,189,18966,1,1.0
98,0.0,0.0,0.0,1.0,2.0,15,78.0631292297994,78.0631292297994,pobre,0,0,1250.0,457.0,1.0,48.0,10,189,18966,1,1.0
97,1.0,0.0,0.0,,0.0,15,78.0631292297994,78.0631292297994,pobre,0,0,1250.0,457.0,1.0,48.0,7,189,18967,0,
98,1.0,0.0,0.0,1.0,1.0,15,78.0631292297994,78.0631292297994,pobre,0,0,1250.0,457.0,1.0,48.0,8,189,18967,0,
97,1.0,0.0,0.0,1.0,0.0,15,78.0631292297994,78.0631292297994,pobre,0,0,1250.0,457.0,1.0,48.0,6,189,18968,0,1.0
98,1.0,0.0,0.0,1.0,1.0,15,78.0631292297994,78.0631292297994,pobre,0,0,1250.0,457.0,1.0,48.0,7,189,18968,0,1.0
97,0.0,0.0,0.0,1.0,3.0,15,78.0631292297994,78.0631292297994,pobre,0,0,1250.0,457.0,1.0,48.0,10,189,18969,3,1.0
98,0.0,0.0,0.0,1.0,4.0,15,78.0631292297994,78.0631292297994,pobre,0,0,1250.0,457.0,1.0,48.0,11,189,18969,3,1.0
97,1.0,0.0,0.0,0.0,3.0,15,78.0631292297994,78.0631292297994,pobre,0,0,1250.0,457.0,1.0,48.0,15,189,18970,3,0.0
98,1.0,0.0,0.0,0.0,3.0,15,78.0631292297994,78.0631292297994,pobre,0,0,1250.0,457.0,1.0,48.0,16,189,18970,3,0.0
97,0.0,0.0,0.0,1.0,7.0,9,78.0631292297994,78.0631292297994,pobre,0,0,1200.0,465.0,1.0,44.0,16,189,18971,7,1.0
98,0.0,0.0,0.0,1.0,8.0,9,78.0631292297994,78.0631292297994,pobre,0,0,1200.0,465.0,1.0,44.0,17,189,18971,7,1.0
97,1.0,0.0,0.0,1.0,5.0,9,78.0631292297994,78.0631292297994,pobre,0,0,1200.0,465.0,1.0,44.0,14,189,18972,5,1.0
98,1.0,0.0,0.0,1.0,6.0,9,78.0631292297994,78.0631292297994,pobre,0,0,1200.0,465.0,1.0,44.0,15,189,18972,5,1.0
97,1.0,0.0,0.0,1.0,5.0,9,78.0631292297994,78.0631292297994,pobre,0,0,1200.0,465.0,1.0,44.0,13,189,18973,5,1.0
98,1.0,0.0,0.0,1.0,6.0,9,78.0631292297994,78.0631292297994,pobre,0,0,1200.0,465.0,1.0,44.0,14,189,18973,5,1.0
97,0.0,0.0,0.0,1.0,1.0,9,78.0631292297994,78.0631292297994,pobre,0,0,1200.0,465.0,1.0,44.0,9,189,18974,1,1.0
98,0.0,0.0,0.0,1.0,2.0,9,78.0631292297994,78.0631292297994,pobre,0,0,1200.0,465.0,1.0,44.0,10,189,18974,1,1.0
97,0.0,0.0,0.0,1.0,1.0,9,78.0631292297994,78.0631292297994,pobre,0,0,1200.0,465.0,1.0,44.0,8,189,18975,1,1.0
98,0.0,0.0,0.0,1.0,2.0,9,78.0631292297994,78.0631292297994,pobre,0,0,1200.0,465.0,1.0,44.0,9,189,18975,1,1.0
97,1.0,0.0,0.0,0.0,6.0,5,78.0631292297994,78.0631292297994,pobre,0,2,96.0,628.5,0.0,38.0,15,189,18976,6,0.0
98,1.0,0.0,0.0,0.0,6.0,5,78.0631292297994,78.0631292297994,pobre,0,2,96.0,628.5,0.0,38.0,16,189,18976,6,0.0
97,1.0,0.0,0.0,1.0,1.0,5,78.0631292297994,78.0631292297994,pobre,0,2,96.0,628.5,0.0,38.0,12,189,18977,1,1.0
98,1.0,0.0,0.0,0.0,4.0,5,78.0631292297994,78.0631292297994,pobre,0,2,96.0,628.5,0.0,38.0,13,189,18977,1,1.0
97,1.0,0.0,0.0,1.0,1.0,5,78.0631292297994,78.0631292297994,pobre,0,2,96.0,628.5,0.0,38.0,9,189,18978,1,1.0
98,1.0,0.0,0.0,1.0,2.0,5,78.0631292297994,78.0631292297994,pobre,0,2,96.0,628.5,0.0,38.0,10,189,18978,1,1.0
97,0.0,0.0,0.0,1.0,6.0,2,78.0631292297994,78.0631292297994,no pobre,0,6,375.0,827.0,0.0,50.0,13,189,18979,6,1.0
98,0.0,0.0,0.0,,,2,78.0631292297994,78.0631292297994,no pobre,0,6,375.0,827.0,0.0,50.0,14,189,18979,6,1.0
97,1.0,0.0,2.2650001,0.0,7.0,5,86.28887146500354,86.28887146500354,no pobre,0,3,1250.0,785.5,1.0,47.0,16,130,18980,7,0.0
98,1.0,0.0,2.2650001,,,5,86.28887146500354,86.28887146500354,no pobre,0,3,1250.0,785.5,1.0,47.0,17,130,18980,7,0.0
97,0.0,0.0,2.2650001,1.0,6.0,5,86.28887146500354,86.28887146500354,no pobre,0,3,1250.0,785.5,1.0,47.0,13,130,18981,6,1.0
98,0.0,0.0,2.2650001,0.0,6.0,5,86.28887146500354,86.28887146500354,no pobre,0,3,1250.0,785.5,1.0,47.0,14,130,18981,6,1.0
97,0.0,0.0,2.2650001,1.0,5.0,5,86.28887146500354,86.28887146500354,no pobre,0,3,1250.0,785.5,1.0,47.0,12,130,18982,5,1.0
98,0.0,0.0,2.2650001,1.0,5.0,5,86.28887146500354,86.28887146500354,no pobre,0,3,1250.0,785.5,1.0,47.0,13,130,18982,5,1.0
97,1.0,0.0,2.2650001,0.0,6.0,6,86.28887146500354,86.28887146500354,pobre,0,3,416.66666,589.5,1.0,44.0,14,130,18983,6,0.0
98,1.0,0.0,2.2650001,0.0,6.0,6,86.28887146500354,86.28887146500354,pobre,0,3,416.66666,589.5,1.0,44.0,15,130,18983,6,0.0
97,1.0,0.0,2.2650001,0.0,6.0,6,86.28887146500354,86.28887146500354,pobre,0,3,416.66666,589.5,1.0,44.0,12,130,18984,6,0.0
98,1.0,0.0,2.2650001,0.0,6.0,6,86.28887146500354,86.28887146500354,pobre,0,3,416.66666,589.5,1.0,44.0,13,130,18984,6,0.0
97,1.0,0.0,2.2650001,1.0,5.0,6,86.28887146500354,86.28887146500354,pobre,0,3,416.66666,589.5,1.0,44.0,10,130,18985,5,1.0
98,1.0,0.0,2.2650001,1.0,6.0,6,86.28887146500354,86.28887146500354,pobre,0,3,416.66666,589.5,1.0,44.0,11,130,18985,5,1.0
97,0.0,0.0,2.2650001,1.0,0.0,6,86.28887146500354,86.28887146500354,pobre,0,3,416.66666,589.5,1.0,44.0,6,130,18986,0,1.0
98,0.0,0.0,2.2650001,1.0,1.0,6,86.28887146500354,86.28887146500354,pobre,0,3,416.66666,589.5,1.0,44.0,7,130,18986,0,1.0
97,0.0,0.0,2.2650001,1.0,0.0,3,86.28887146500354,86.28887146500354,pobre,0,1,300.0,730.0,1.0,44.0,6,130,18987,0,1.0
98,0.0,0.0,2.2650001,1.0,1.0,3,86.28887146500354,86.28887146500354,pobre,0,1,300.0,730.0,1.0,44.0,7,130,18987,0,1.0
97,1.0,0.0,1.513,1.0,5.0,11,58.24498633121426,58.24498633121426,no pobre,basal,0,750.0,705.25,1.0,55.0,12,187,18988,5,1.0
98,1.0,0.0,1.513,1.0,6.0,11,58.24498633121426,58.24498633121426,no pobre,basal,0,750.0,705.25,1.0,55.0,13,187,18988,5,1.0
97,0.0,0.0,1.513,0.0,6.0,11,58.24498633121426,58.24498633121426,no pobre,basal,0,750.0,705.25,1.0,55.0,16,187,18989,6,0.0
98,0.0,0.0,1.513,,,11,58.24498633121426,58.24498633121426,no pobre,basal,0,750.0,705.25,1.0,55.0,17,187,18989,6,0.0
97,1.0,0.0,1.513,1.0,3.0,11,58.24498633121426,58.24498633121426,no pobre,basal,0,750.0,705.25,1.0,55.0,11,187,18990,3,1.0
98,1.0,0.0,1.513,1.0,4.0,11,58.24498633121426,58.24498633121426,no pobre,basal,0,750.0,705.25,1.0,55.0,12,187,18990,3,1.0
97,1.0,0.0,1.513,1.0,1.0,11,58.24498633121426,58.24498633121426,no pobre,basal,0,750.0,705.25,1.0,55.0,10,187,18991,1,1.0
98,1.0,0.0,1.513,1.0,3.0,11,58.24498633121426,58.24498633121426,no pobre,basal,0,750.0,705.25,1.0,55.0,11,187,18991,1,1.0
97,1.0,0.0,1.513,,0.0,6,58.24498633121426,58.24498633121426,pobre,basal,4,0.0,592.34399,1.0,36.0,11,187,18992,0,
98,1.0,0.0,1.513,0.0,1.0,6,58.24498633121426,58.24498633121426,pobre,basal,4,0.0,592.34399,1.0,36.0,12,187,18992,0,
97,1.0,0.0,2.2650001,1.0,5.0,4,86.28887146500354,86.28887146500354,pobre,0,3,400.0,733.0,1.0,53.0,12,130,18993,5,1.0
98,1.0,0.0,2.2650001,1.0,6.0,4,86.28887146500354,86.28887146500354,pobre,0,3,400.0,733.0,1.0,53.0,13,130,18993,5,1.0
97,0.0,0.0,2.2650001,1.0,2.0,4,86.28887146500354,86.28887146500354,pobre,0,3,400.0,733.0,1.0,53.0,7,130,18994,2,1.0
98,0.0,0.0,2.2650001,1.0,2.0,4,86.28887146500354,86.28887146500354,pobre,0,3,400.0,733.0,1.0,53.0,8,130,18994,2,1.0
97,0.0,0.0,2.2650001,1.0,3.0,4,86.28887146500354,86.28887146500354,no pobre,0,12,500.0,696.0,1.0,32.0,9,130,18995,3,1.0
98,0.0,0.0,2.2650001,1.0,4.0,4,86.28887146500354,86.28887146500354,no pobre,0,12,500.0,696.0,1.0,32.0,10,130,18995,3,1.0
97,1.0,0.0,2.2650001,1.0,4.0,6,86.28887146500354,86.28887146500354,pobre,0,6,416.66666,576.0,1.0,32.0,10,130,18996,4,1.0
98,1.0,0.0,2.2650001,1.0,6.0,6,86.28887146500354,86.28887146500354,pobre,0,6,416.66666,576.0,1.0,32.0,11,130,18996,4,1.0
97,1.0,0.0,2.2650001,1.0,2.0,6,86.28887146500354,86.28887146500354,pobre,0,6,416.66666,576.0,1.0,32.0,9,130,18997,2,1.0
98,1.0,0.0,2.2650001,1.0,4.0,6,86.28887146500354,86.28887146500354,pobre,0,6,416.66666,576.0,1.0,32.0,10,130,18997,2,1.0
97,1.0,0.0,2.2650001,1.0,0.0,6,86.28887146500354,86.28887146500354,pobre,0,6,416.66666,576.0,1.0,32.0,6,130,18998,0,1.0
98,1.0,0.0,2.2650001,1.0,0.0,6,86.28887146500354,86.28887146500354,pobre,0,6,416.66666,576.0,1.0,32.0,7,130,18998,0,1.0
97,1.0,0.0,2.2650001,1.0,5.0,9,86.28887146500354,86.28887146500354,pobre,0,6,1500.0,481.0,1.0,40.0,15,130,18999,5,1.0
98,1.0,0.0,2.2650001,0.0,6.0,9,86.28887146500354,86.28887146500354,pobre,0,6,1500.0,481.0,1.0,40.0,16,130,18999,5,1.0
97,1.0,0.0,2.2650001,1.0,6.0,9,86.28887146500354,86.28887146500354,pobre,0,6,1500.0,481.0,1.0,40.0,13,130,19000,6,1.0
98,1.0,0.0,2.2650001,0.0,9.0,9,86.28887146500354,86.28887146500354,pobre,0,6,1500.0,481.0,1.0,40.0,14,130,19000,6,1.0
97,1.0,0.0,2.2650001,1.0,4.0,9,86.28887146500354,86.28887146500354,pobre,0,6,1500.0,481.0,1.0,40.0,10,130,19001,4,1.0
98,1.0,0.0,2.2650001,1.0,4.0,9,86.28887146500354,86.28887146500354,pobre,0,6,1500.0,481.0,1.0,40.0,11,130,19001,4,1.0
97,1.0,0.0,2.2650001,1.0,4.0,9,86.28887146500354,86.28887146500354,pobre,0,6,1500.0,481.0,1.0,40.0,9,130,19002,4,1.0
98,1.0,0.0,2.2650001,1.0,4.0,9,86.28887146500354,86.28887146500354,pobre,0,6,1500.0,481.0,1.0,40.0,10,130,19002,4,1.0
97,1.0,0.0,2.2650001,1.0,2.0,9,86.28887146500354,86.28887146500354,pobre,0,6,1500.0,481.0,1.0,40.0,7,130,19003,2,1.0
98,1.0,0.0,2.2650001,1.0,2.0,9,86.28887146500354,86.28887146500354,pobre,0,6,1500.0,481.0,1.0,40.0,8,130,19003,2,1.0
97,0.0,0.0,2.2650001,1.0,1.0,9,86.28887146500354,86.28887146500354,pobre,0,6,1500.0,481.0,1.0,40.0,6,130,19004,1,1.0
98,0.0,0.0,2.2650001,1.0,1.0,9,86.28887146500354,86.28887146500354,pobre,0,6,1500.0,481.0,1.0,40.0,7,130,19004,1,1.0
97,1.0,0.0,2.2650001,1.0,0.0,4,86.28887146500354,86.28887146500354,pobre,0,9,16.666666,688.0,1.0,25.0,6,130,19005,0,1.0
98,1.0,0.0,2.2650001,1.0,1.0,4,86.28887146500354,86.28887146500354,pobre,0,9,16.666666,688.0,1.0,25.0,7,130,19005,0,1.0
97,0.0,0.0,2.2650001,0.0,6.0,3,86.28887146500354,86.28887146500354,pobre,0,6,2000.0,780.0,1.0,56.0,15,130,19006,6,0.0
98,0.0,0.0,2.2650001,0.0,6.0,3,86.28887146500354,86.28887146500354,pobre,0,6,2000.0,780.0,1.0,56.0,16,130,19006,6,0.0
97,1.0,0.0,2.2650001,,0.0,5,86.28887146500354,86.28887146500354,pobre,0,6,500.0,630.0,1.0,32.0,16,130,19007,0,
98,1.0,0.0,2.2650001,1.0,2.0,5,86.28887146500354,86.28887146500354,pobre,0,6,500.0,630.0,1.0,32.0,17,130,19007,0,
97,1.0,0.0,2.2650001,1.0,3.0,6,86.28887146500354,86.28887146500354,pobre,0,6,1250.0,599.0,1.0,52.0,14,130,19008,3,1.0
98,1.0,0.0,2.2650001,,,6,86.28887146500354,86.28887146500354,pobre,0,6,1250.0,599.0,1.0,52.0,15,130,19008,3,1.0
97,1.0,0.0,2.2650001,1.0,3.0,6,86.28887146500354,86.28887146500354,pobre,0,6,1250.0,599.0,1.0,52.0,12,130,19009,3,1.0
98,1.0,0.0,2.2650001,,,6,86.28887146500354,86.28887146500354,pobre,0,6,1250.0,599.0,1.0,52.0,13,130,19009,3,1.0
97,0.0,0.0,2.2650001,1.0,8.0,3,86.28887146500354,86.28887146500354,pobre,0,7,750.0,766.0,0.0,42.0,14,130,19010,8,1.0
98,0.0,0.0,2.2650001,0.0,9.0,3,86.28887146500354,86.28887146500354,pobre,0,7,750.0,766.0,0.0,42.0,15,130,19010,8,1.0
97,1.0,0.0,2.2650001,1.0,4.0,3,86.28887146500354,86.28887146500354,pobre,0,7,750.0,766.0,0.0,42.0,10,130,19011,4,1.0
98,1.0,0.0,2.2650001,1.0,5.0,3,86.28887146500354,86.28887146500354,pobre,0,7,750.0,766.0,0.0,42.0,11,130,19011,4,1.0
97,1.0,0.0,2.2650001,1.0,3.0,6,86.28887146500354,86.28887146500354,pobre,0,6,500.0,553.0,1.0,32.0,10,130,19012,3,1.0
98,1.0,0.0,2.2650001,1.0,4.0,6,86.28887146500354,86.28887146500354,pobre,0,6,500.0,553.0,1.0,32.0,11,130,19012,3,1.0
97,0.0,0.0,2.2650001,1.0,2.0,6,86.28887146500354,86.28887146500354,pobre,0,6,500.0,553.0,1.0,32.0,8,130,19013,2,1.0
98,0.0,0.0,2.2650001,1.0,3.0,6,86.28887146500354,86.28887146500354,pobre,0,6,500.0,553.0,1.0,32.0,9,130,19013,2,1.0
97,1.0,0.0,2.2650001,1.0,0.0,6,86.28887146500354,86.28887146500354,pobre,0,6,500.0,553.0,1.0,32.0,6,130,19014,0,1.0
98,1.0,0.0,2.2650001,1.0,1.0,6,86.28887146500354,86.28887146500354,pobre,0,6,500.0,553.0,1.0,32.0,7,130,19014,0,1.0
97,1.0,0.0,2.2650001,1.0,6.0,7,86.28887146500354,86.28887146500354,pobre,0,3,83.333336,651.5,1.0,48.0,13,130,19015,6,1.0
98,1.0,0.0,2.2650001,1.0,7.0,7,86.28887146500354,86.28887146500354,pobre,0,3,83.333336,651.5,1.0,48.0,14,130,19015,6,1.0
97,1.0,0.0,2.2650001,1.0,2.0,7,86.28887146500354,86.28887146500354,pobre,0,3,83.333336,651.5,1.0,48.0,8,130,19016,2,1.0
98,1.0,0.0,2.2650001,1.0,3.0,7,86.28887146500354,86.28887146500354,pobre,0,3,83.333336,651.5,1.0,48.0,9,130,19016,2,1.0
97,0.0,0.0,2.2650001,0.0,6.0,6,86.28887146500354,86.28887146500354,pobre,0,3,625.0,594.0,1.0,49.0,15,130,19017,6,0.0
98,0.0,0.0,2.2650001,0.0,6.0,6,86.28887146500354,86.28887146500354,pobre,0,3,625.0,594.0,1.0,49.0,16,130,19017,6,0.0
97,0.0,0.0,2.2650001,,0.0,6,86.28887146500354,86.28887146500354,pobre,0,3,625.0,594.0,1.0,49.0,6,130,19018,0,
98,0.0,0.0,2.2650001,,,6,86.28887146500354,86.28887146500354,pobre,0,3,625.0,594.0,1.0,49.0,7,130,19018,0,
97,1.0,0.0,1.513,0.0,1.0,5,58.24498633121426,58.24498633121426,pobre,basal,2,0.0,683.0,0.0,64.0,14,187,19019,1,0.0
98,1.0,0.0,1.513,0.0,5.0,5,58.24498633121426,58.24498633121426,pobre,basal,2,0.0,683.0,0.0,64.0,15,187,19019,1,0.0
97,0.0,0.0,1.513,1.0,7.0,5,58.24498633121426,58.24498633121426,pobre,basal,2,0.0,683.0,0.0,64.0,12,187,19020,7,1.0
98,0.0,0.0,1.513,1.0,8.0,5,58.24498633121426,58.24498633121426,pobre,basal,2,0.0,683.0,0.0,64.0,13,187,19020,7,1.0
97,1.0,0.0,1.513,1.0,0.0,5,58.24498633121426,58.24498633121426,pobre,basal,2,0.0,683.0,0.0,64.0,6,187,19021,0,1.0
98,1.0,0.0,1.513,1.0,1.0,5,58.24498633121426,58.24498633121426,pobre,basal,2,0.0,683.0,0.0,64.0,7,187,19021,0,1.0
97,1.0,0.0,1.513,1.0,6.0,6,58.24498633121426,58.24498633121426,pobre,basal,0,1250.0,560.34399,1.0,38.0,13,187,19022,6,1.0
98,1.0,0.0,1.513,1.0,7.0,6,58.24498633121426,58.24498633121426,pobre,basal,0,1250.0,560.34399,1.0,38.0,14,187,19022,6,1.0
97,1.0,0.0,1.513,1.0,3.0,6,58.24498633121426,58.24498633121426,pobre,basal,0,1250.0,560.34399,1.0,38.0,11,187,19023,3,1.0
98,1.0,0.0,1.513,1.0,3.0,6,58.24498633121426,58.24498633121426,pobre,basal,0,1250.0,560.34399,1.0,38.0,12,187,19023,3,1.0
97,1.0,0.0,1.513,1.0,2.0,6,58.24498633121426,58.24498633121426,pobre,basal,0,1250.0,560.34399,1.0,38.0,8,187,19024,2,1.0
98,1.0,0.0,1.513,1.0,2.0,6,58.24498633121426,58.24498633121426,pobre,basal,0,1250.0,560.34399,1.0,38.0,9,187,19024,2,1.0
97,0.0,0.0,0.0,0.0,9.0,4,103.386546498928,103.386546498928,pobre,basal,4,960.0,737.0,1.0,56.0,16,140,19025,9,0.0
98,0.0,0.0,0.0,,,4,103.386546498928,103.386546498928,pobre,basal,4,960.0,737.0,1.0,56.0,17,140,19025,9,0.0
97,1.0,0.0,0.0,1.0,3.0,7,103.386546498928,103.386546498928,pobre,basal,5,1125.0,458.0,1.0,35.0,9,140,19026,3,1.0
98,1.0,0.0,0.0,1.0,4.0,7,103.386546498928,103.386546498928,pobre,basal,5,1125.0,458.0,1.0,35.0,10,140,19026,3,1.0
97,1.0,0.0,0.0,1.0,1.0,7,103.386546498928,103.386546498928,pobre,basal,5,1125.0,458.0,1.0,35.0,7,140,19027,1,1.0
98,1.0,0.0,0.0,1.0,2.0,7,103.386546498928,103.386546498928,pobre,basal,5,1125.0,458.0,1.0,35.0,8,140,19027,1,1.0
97,0.0,0.0,0.0,1.0,0.0,7,103.386546498928,103.386546498928,pobre,basal,5,1125.0,458.0,1.0,35.0,6,140,19028,0,1.0
98,0.0,0.0,0.0,1.0,1.0,7,103.386546498928,103.386546498928,pobre,basal,5,1125.0,458.0,1.0,35.0,7,140,19028,0,1.0
97,1.0,0.0,0.0,1.0,8.0,9,103.386546498928,103.386546498928,no pobre,basal,2,1080.0,729.75,1.0,57.0,16,140,19029,8,1.0
98,1.0,0.0,0.0,,,9,103.386546498928,103.386546498928,no pobre,basal,2,1080.0,729.75,1.0,57.0,17,140,19029,8,1.0
97,0.0,0.0,0.0,1.0,8.0,9,103.386546498928,103.386546498928,no pobre,basal,2,1080.0,729.75,1.0,57.0,15,140,19030,8,1.0
98,0.0,0.0,0.0,1.0,8.0,9,103.386546498928,103.386546498928,no pobre,basal,2,1080.0,729.75,1.0,57.0,16,140,19030,8,1.0
97,0.0,0.0,0.0,1.0,7.0,9,103.386546498928,103.386546498928,no pobre,basal,2,1080.0,729.75,1.0,57.0,13,140,19031,7,1.0
98,0.0,0.0,0.0,1.0,8.0,9,103.386546498928,103.386546498928,no pobre,basal,2,1080.0,729.75,1.0,57.0,14,140,19031,7,1.0
97,1.0,0.0,3.076,0.0,6.0,11,51.76647505449759,107.9091275478837,pobre,basal,0,0.0,553.5,1.0,56.0,16,137,19032,6,0.0
98,1.0,0.0,3.076,0.0,6.0,11,51.76647505449759,107.9091275478837,pobre,basal,0,0.0,553.5,1.0,56.0,17,137,19032,6,0.0
97,0.0,0.0,3.076,0.0,6.0,11,51.76647505449759,107.9091275478837,pobre,basal,0,0.0,553.5,1.0,56.0,15,137,19033,6,0.0
98,0.0,0.0,3.076,0.0,6.0,11,51.76647505449759,107.9091275478837,pobre,basal,0,0.0,553.5,1.0,56.0,16,137,19033,6,0.0
97,0.0,0.0,3.076,0.0,6.0,11,51.76647505449759,107.9091275478837,pobre,basal,0,0.0,553.5,1.0,56.0,14,137,19034,6,0.0
98,0.0,0.0,3.076,0.0,6.0,11,51.76647505449759,107.9091275478837,pobre,basal,0,0.0,553.5,1.0,56.0,15,137,19034,6,0.0
97,0.0,0.0,3.076,0.0,6.0,11,51.76647505449759,107.9091275478837,pobre,basal,0,0.0,553.5,1.0,56.0,14,137,19035,6,0.0
98,0.0,0.0,3.076,0.0,6.0,11,51.76647505449759,107.9091275478837,pobre,basal,0,0.0,553.5,1.0,56.0,15,137,19035,6,0.0
97,1.0,0.0,3.076,1.0,3.0,11,51.76647505449759,107.9091275478837,pobre,basal,0,0.0,553.5,1.0,56.0,12,137,19036,3,1.0
98,1.0,0.0,3.076,1.0,4.0,11,51.76647505449759,107.9091275478837,pobre,basal,0,0.0,553.5,1.0,56.0,13,137,19036,3,1.0
97,0.0,0.0,3.076,1.0,5.0,11,51.76647505449759,107.9091275478837,pobre,basal,0,0.0,553.5,1.0,56.0,10,137,19037,5,1.0
98,0.0,0.0,3.076,1.0,6.0,11,51.76647505449759,107.9091275478837,pobre,basal,0,0.0,553.5,1.0,56.0,11,137,19037,5,1.0
97,1.0,0.0,3.076,1.0,1.0,11,51.76647505449759,107.9091275478837,pobre,basal,0,0.0,553.5,1.0,56.0,9,137,19038,1,1.0
98,1.0,0.0,3.076,1.0,2.0,11,51.76647505449759,107.9091275478837,pobre,basal,0,0.0,553.5,1.0,56.0,10,137,19038,1,1.0
97,1.0,0.0,3.076,1.0,0.0,11,51.76647505449759,107.9091275478837,pobre,basal,0,0.0,553.5,1.0,56.0,7,137,19039,0,1.0
98,1.0,0.0,3.076,1.0,1.0,11,51.76647505449759,107.9091275478837,pobre,basal,0,0.0,553.5,1.0,56.0,8,137,19039,0,1.0
97,1.0,0.0,3.076,1.0,2.0,3,51.76647505449759,107.9091275478837,pobre,basal,1,750.0,590.0,1.0,36.0,8,137,19040,2,1.0
98,1.0,0.0,3.076,1.0,2.0,3,51.76647505449759,107.9091275478837,pobre,basal,1,750.0,590.0,1.0,36.0,9,137,19040,2,1.0
97,0.0,0.0,2.5020001,0.0,5.0,5,142.608663919852,142.608663919852,pobre,basal,0,166.66667,606.0,0.0,36.0,16,170,19041,5,0.0
98,0.0,0.0,2.5020001,,,5,142.608663919852,142.608663919852,pobre,basal,0,166.66667,606.0,0.0,36.0,17,170,19041,5,0.0
97,0.0,0.0,2.5020001,0.0,6.0,5,142.608663919852,142.608663919852,pobre,basal,0,166.66667,606.0,0.0,36.0,13,170,19042,6,0.0
98,0.0,0.0,2.5020001,0.0,6.0,5,142.608663919852,142.608663919852,pobre,basal,0,166.66667,606.0,0.0,36.0,14,170,19042,6,0.0
97,1.0,0.0,2.5020001,1.0,4.0,5,142.608663919852,142.608663919852,pobre,basal,0,166.66667,606.0,0.0,36.0,12,170,19043,4,1.0
98,1.0,0.0,2.5020001,1.0,3.0,5,142.608663919852,142.608663919852,pobre,basal,0,166.66667,606.0,0.0,36.0,13,170,19043,4,1.0
97,0.0,0.0,2.5020001,,0.0,5,142.608663919852,142.608663919852,pobre,basal,0,1250.0,600.5,1.0,48.0,8,170,19044,0,
98,0.0,0.0,2.5020001,1.0,2.0,5,142.608663919852,142.608663919852,pobre,basal,0,1250.0,600.5,1.0,48.0,9,170,19044,0,
97,1.0,0.0,2.5020001,0.0,3.0,5,142.608663919852,142.608663919852,no pobre,basal,2,600.0,753.5,0.0,50.0,16,170,19045,3,0.0
98,1.0,0.0,2.5020001,,,5,142.608663919852,142.608663919852,no pobre,basal,2,600.0,753.5,0.0,50.0,17,170,19045,3,0.0
97,0.0,0.0,2.5020001,0.0,4.0,5,142.608663919852,142.608663919852,no pobre,basal,2,600.0,753.5,0.0,50.0,14,170,19046,4,0.0
98,0.0,0.0,2.5020001,0.0,4.0,5,142.608663919852,142.608663919852,no pobre,basal,2,600.0,753.5,0.0,50.0,15,170,19046,4,0.0
97,1.0,0.0,2.5020001,1.0,2.0,5,142.608663919852,142.608663919852,no pobre,basal,2,600.0,753.5,0.0,50.0,12,170,19047,2,1.0
98,1.0,0.0,2.5020001,1.0,3.0,5,142.608663919852,142.608663919852,no pobre,basal,2,600.0,753.5,0.0,50.0,13,170,19047,2,1.0
97,0.0,0.0,2.5020001,1.0,0.0,5,142.608663919852,142.608663919852,no pobre,basal,2,600.0,753.5,0.0,50.0,8,170,19048,0,1.0
98,0.0,0.0,2.5020001,0.0,1.0,5,142.608663919852,142.608663919852,no pobre,basal,2,600.0,753.5,0.0,50.0,9,170,19048,0,1.0
97,1.0,0.0,2.5020001,1.0,6.0,3,142.608663919852,142.608663919852,pobre,basal,0,320.0,817.5,1.0,72.0,14,170,19049,6,1.0
98,1.0,0.0,2.5020001,1.0,7.0,3,142.608663919852,142.608663919852,pobre,basal,0,320.0,817.5,1.0,72.0,15,170,19049,6,1.0
97,1.0,0.0,2.5020001,1.0,5.0,9,142.608663919852,142.608663919852,pobre,basal,3,1000.0,530.34399,1.0,45.0,14,170,19050,5,1.0
98,1.0,0.0,2.5020001,1.0,6.0,9,142.608663919852,142.608663919852,pobre,basal,3,1000.0,530.34399,1.0,45.0,15,170,19050,5,1.0
97,0.0,0.0,2.5020001,1.0,6.0,9,142.608663919852,142.608663919852,pobre,basal,3,1000.0,530.34399,1.0,45.0,15,170,19051,6,1.0
98,0.0,0.0,2.5020001,1.0,6.0,9,142.608663919852,142.608663919852,pobre,basal,3,1000.0,530.34399,1.0,45.0,16,170,19051,6,1.0
97,1.0,0.0,2.5020001,1.0,3.0,9,142.608663919852,142.608663919852,pobre,basal,3,1000.0,530.34399,1.0,45.0,10,170,19052,3,1.0
98,1.0,0.0,2.5020001,1.0,3.0,9,142.608663919852,142.608663919852,pobre,basal,3,1000.0,530.34399,1.0,45.0,11,170,19052,3,1.0
97,1.0,0.0,2.5020001,1.0,0.0,9,142.608663919852,142.608663919852,pobre,basal,3,1000.0,530.34399,1.0,45.0,7,170,19053,0,1.0
98,1.0,0.0,2.5020001,1.0,2.0,9,142.608663919852,142.608663919852,pobre,basal,3,1000.0,530.34399,1.0,45.0,8,170,19053,0,1.0
97,0.0,0.0,3.076,1.0,3.0,6,51.76647505449759,107.9091275478837,pobre,basal,4,25.0,542.0,0.0,33.0,13,137,19054,3,1.0
98,0.0,0.0,3.076,1.0,4.0,6,51.76647505449759,107.9091275478837,pobre,basal,4,25.0,542.0,0.0,33.0,14,137,19054,3,1.0
97,1.0,0.0,3.076,1.0,3.0,6,51.76647505449759,107.9091275478837,pobre,basal,4,25.0,542.0,0.0,33.0,10,137,19055,3,1.0
98,1.0,0.0,3.076,1.0,4.0,6,51.76647505449759,107.9091275478837,pobre,basal,4,25.0,542.0,0.0,33.0,11,137,19055,3,1.0
97,1.0,0.0,3.076,1.0,2.0,6,51.76647505449759,107.9091275478837,pobre,basal,4,25.0,542.0,0.0,33.0,8,137,19056,2,1.0
98,1.0,0.0,3.076,1.0,3.0,6,51.76647505449759,107.9091275478837,pobre,basal,4,25.0,542.0,0.0,33.0,9,137,19056,2,1.0
97,0.0,0.0,3.076,1.0,0.0,6,51.76647505449759,107.9091275478837,pobre,basal,4,25.0,542.0,0.0,33.0,6,137,19057,0,1.0
98,0.0,0.0,3.076,1.0,1.0,6,51.76647505449759,107.9091275478837,pobre,basal,4,25.0,542.0,0.0,33.0,7,137,19057,0,1.0
97,1.0,0.0,3.076,1.0,10.0,6,51.76647505449759,107.9091275478837,no pobre,basal,3,666.66669,702.0,1.0,43.0,16,137,19058,10,1.0
98,1.0,0.0,3.076,,,6,51.76647505449759,107.9091275478837,no pobre,basal,3,666.66669,702.0,1.0,43.0,17,137,19058,10,1.0
97,1.0,0.0,3.076,1.0,4.0,6,51.76647505449759,107.9091275478837,no pobre,basal,3,666.66669,702.0,1.0,43.0,10,137,19059,4,1.0
98,1.0,0.0,3.076,1.0,5.0,6,51.76647505449759,107.9091275478837,no pobre,basal,3,666.66669,702.0,1.0,43.0,11,137,19059,4,1.0
97,1.0,0.0,3.076,1.0,5.0,8,51.76647505449759,107.9091275478837,pobre,basal,3,625.0,529.0,1.0,35.0,14,137,19060,5,1.0
98,1.0,0.0,3.076,1.0,5.0,8,51.76647505449759,107.9091275478837,pobre,basal,3,625.0,529.0,1.0,35.0,15,137,19060,5,1.0
97,1.0,0.0,3.076,1.0,5.0,8,51.76647505449759,107.9091275478837,pobre,basal,3,625.0,529.0,1.0,35.0,12,137,19061,5,1.0
98,1.0,0.0,3.076,1.0,5.0,8,51.76647505449759,107.9091275478837,pobre,basal,3,625.0,529.0,1.0,35.0,13,137,19061,5,1.0
97,1.0,0.0,3.076,1.0,4.0,8,51.76647505449759,107.9091275478837,pobre,basal,3,625.0,529.0,1.0,35.0,11,137,19062,4,1.0
98,1.0,0.0,3.076,1.0,5.0,8,51.76647505449759,107.9091275478837,pobre,basal,3,625.0,529.0,1.0,35.0,12,137,19062,4,1.0
97,0.0,0.0,3.076,1.0,3.0,8,51.76647505449759,107.9091275478837,pobre,basal,3,625.0,529.0,1.0,35.0,9,137,19063,3,1.0
98,0.0,0.0,3.076,1.0,4.0,8,51.76647505449759,107.9091275478837,pobre,basal,3,625.0,529.0,1.0,35.0,10,137,19063,3,1.0
97,1.0,0.0,3.076,1.0,4.0,8,51.76647505449759,107.9091275478837,pobre,basal,3,750.0,685.0,1.0,42.0,9,137,19064,4,1.0
98,1.0,0.0,3.076,,,8,51.76647505449759,107.9091275478837,pobre,basal,3,750.0,685.0,1.0,42.0,10,137,19064,4,1.0
97,0.0,0.0,3.076,1.0,6.0,3,51.76647505449759,107.9091275478837,pobre,basal,1,166.66667,727.0,1.0,51.0,12,137,19065,6,1.0
98,0.0,0.0,3.076,1.0,6.0,3,51.76647505449759,107.9091275478837,pobre,basal,1,166.66667,727.0,1.0,51.0,13,137,19065,6,1.0
97,1.0,0.0,3.9449999,1.0,4.0,4,56.02209371772622,109.7442658683365,pobre,basal,3,83.333336,723.0,1.0,43.0,10,138,19066,4,1.0
98,1.0,0.0,3.9449999,1.0,5.0,4,56.02209371772622,109.7442658683365,pobre,basal,3,83.333336,723.0,1.0,43.0,11,138,19066,4,1.0
97,1.0,0.0,3.9449999,1.0,1.0,5,56.02209371772622,109.7442658683365,pobre,basal,6,500.0,617.0,1.0,26.0,7,138,19067,1,1.0
98,1.0,0.0,3.9449999,1.0,2.0,5,56.02209371772622,109.7442658683365,pobre,basal,6,500.0,617.0,1.0,26.0,8,138,19067,1,1.0
97,1.0,0.0,3.9449999,1.0,0.0,7,56.02209371772622,109.7442658683365,pobre,basal,1,750.0,530.0,1.0,39.0,6,138,19068,0,1.0
98,1.0,0.0,3.9449999,,,7,56.02209371772622,109.7442658683365,pobre,basal,1,750.0,530.0,1.0,39.0,7,138,19068,0,1.0
97,0.0,0.0,3.9449999,0.0,6.0,10,56.02209371772622,109.7442658683365,pobre,basal,3,750.0,370.0,1.0,41.0,13,138,19069,6,0.0
98,0.0,0.0,3.9449999,0.0,6.0,10,56.02209371772622,109.7442658683365,pobre,basal,3,750.0,370.0,1.0,41.0,14,138,19069,6,0.0
97,1.0,0.0,3.9449999,1.0,5.0,10,56.02209371772622,109.7442658683365,pobre,basal,3,750.0,370.0,1.0,41.0,11,138,19070,5,1.0
98,1.0,0.0,3.9449999,1.0,6.0,10,56.02209371772622,109.7442658683365,pobre,basal,3,750.0,370.0,1.0,41.0,12,138,19070,5,1.0
97,0.0,0.0,3.9449999,1.0,3.0,10,56.02209371772622,109.7442658683365,pobre,basal,3,750.0,370.0,1.0,41.0,9,138,19071,3,1.0
98,0.0,0.0,3.9449999,1.0,4.0,10,56.02209371772622,109.7442658683365,pobre,basal,3,750.0,370.0,1.0,41.0,10,138,19071,3,1.0
97,0.0,0.0,3.9449999,1.0,3.0,10,56.02209371772622,109.7442658683365,pobre,basal,3,750.0,370.0,1.0,41.0,9,138,19072,3,1.0
98,0.0,0.0,3.9449999,1.0,4.0,10,56.02209371772622,109.7442658683365,pobre,basal,3,750.0,370.0,1.0,41.0,10,138,19072,3,1.0
97,0.0,0.0,3.9449999,1.0,3.0,10,56.02209371772622,109.7442658683365,pobre,basal,3,750.0,370.0,1.0,41.0,8,138,19073,3,1.0
98,0.0,0.0,3.9449999,1.0,3.0,10,56.02209371772622,109.7442658683365,pobre,basal,3,750.0,370.0,1.0,41.0,9,138,19073,3,1.0
97,1.0,0.0,3.9449999,0.0,6.0,9,56.02209371772622,109.7442658683365,pobre,basal,0,0.0,706.5,0.0,68.0,15,138,19074,6,0.0
98,1.0,0.0,3.9449999,,,9,56.02209371772622,109.7442658683365,pobre,basal,0,0.0,706.5,0.0,68.0,16,138,19074,6,0.0
97,0.0,0.0,2.8599999,,0.0,11,61.98534797690349,61.98534797690349,pobre,basal,0,750.0,555.5,1.0,45.0,15,186,19075,0,
98,0.0,0.0,2.8599999,1.0,7.0,11,61.98534797690349,61.98534797690349,pobre,basal,0,750.0,555.5,1.0,45.0,16,186,19075,0,
97,0.0,0.0,2.8599999,1.0,7.0,11,61.98534797690349,61.98534797690349,pobre,basal,0,750.0,555.5,1.0,45.0,13,186,19076,7,1.0
98,0.0,0.0,2.8599999,1.0,8.0,11,61.98534797690349,61.98534797690349,pobre,basal,0,750.0,555.5,1.0,45.0,14,186,19076,7,1.0
97,1.0,0.0,2.8599999,1.0,6.0,11,61.98534797690349,61.98534797690349,pobre,basal,0,750.0,555.5,1.0,45.0,12,186,19077,6,1.0
98,1.0,0.0,2.8599999,1.0,7.0,11,61.98534797690349,61.98534797690349,pobre,basal,0,750.0,555.5,1.0,45.0,13,186,19077,6,1.0
97,0.0,0.0,2.8599999,1.0,4.0,11,61.98534797690349,61.98534797690349,pobre,basal,0,750.0,555.5,1.0,45.0,10,186,19078,4,1.0
98,0.0,0.0,2.8599999,1.0,5.0,11,61.98534797690349,61.98534797690349,pobre,basal,0,750.0,555.5,1.0,45.0,11,186,19078,4,1.0
97,1.0,0.0,2.8599999,1.0,1.0,11,61.98534797690349,61.98534797690349,pobre,basal,0,750.0,555.5,1.0,45.0,7,186,19079,1,1.0
98,1.0,0.0,2.8599999,1.0,1.0,11,61.98534797690349,61.98534797690349,pobre,basal,0,750.0,555.5,1.0,45.0,8,186,19079,1,1.0
97,1.0,0.0,2.8599999,0.0,0.0,4,61.98534797690349,61.98534797690349,pobre,basal,2,800.0,645.0,1.0,48.0,13,186,19080,0,0.0
98,1.0,0.0,2.8599999,0.0,4.0,4,61.98534797690349,61.98534797690349,pobre,basal,2,800.0,645.0,1.0,48.0,14,186,19080,0,0.0
97,1.0,0.0,2.8599999,1.0,3.0,11,61.98534797690349,61.98534797690349,pobre,basal,0,750.0,611.5,1.0,42.0,15,186,19081,3,1.0
98,1.0,0.0,2.8599999,1.0,4.0,11,61.98534797690349,61.98534797690349,pobre,basal,0,750.0,611.5,1.0,42.0,16,186,19081,3,1.0
97,0.0,0.0,2.8599999,1.0,4.0,11,61.98534797690349,61.98534797690349,pobre,basal,0,750.0,611.5,1.0,42.0,14,186,19082,4,1.0
98,0.0,0.0,2.8599999,1.0,4.0,11,61.98534797690349,61.98534797690349,pobre,basal,0,750.0,611.5,1.0,42.0,15,186,19082,4,1.0
97,0.0,0.0,2.8599999,1.0,4.0,11,61.98534797690349,61.98534797690349,pobre,basal,0,750.0,611.5,1.0,42.0,14,186,19083,4,1.0
98,0.0,0.0,2.8599999,,,11,61.98534797690349,61.98534797690349,pobre,basal,0,750.0,611.5,1.0,42.0,15,186,19083,4,1.0
97,0.0,0.0,2.8599999,1.0,0.0,11,61.98534797690349,61.98534797690349,pobre,basal,0,750.0,611.5,1.0,42.0,7,186,19084,0,1.0
98,0.0,0.0,2.8599999,1.0,1.0,11,61.98534797690349,61.98534797690349,pobre,basal,0,750.0,611.5,1.0,42.0,8,186,19084,0,1.0
97,1.0,0.0,2.8599999,1.0,6.0,7,61.98534797690349,61.98534797690349,pobre,basal,7,1400.0,576.0,1.0,33.0,12,186,19085,6,1.0
98,1.0,0.0,2.8599999,1.0,7.0,7,61.98534797690349,61.98534797690349,pobre,basal,7,1400.0,576.0,1.0,33.0,13,186,19085,6,1.0
97,1.0,0.0,2.8599999,1.0,4.0,7,61.98534797690349,61.98534797690349,pobre,basal,7,1400.0,576.0,1.0,33.0,10,186,19086,4,1.0
98,1.0,0.0,2.8599999,1.0,5.0,7,61.98534797690349,61.98534797690349,pobre,basal,7,1400.0,576.0,1.0,33.0,11,186,19086,4,1.0
97,0.0,0.0,2.8599999,1.0,2.0,7,61.98534797690349,61.98534797690349,pobre,basal,7,1400.0,576.0,1.0,33.0,8,186,19087,2,1.0
98,0.0,0.0,2.8599999,1.0,3.0,7,61.98534797690349,61.98534797690349,pobre,basal,7,1400.0,576.0,1.0,33.0,9,186,19087,2,1.0
97,1.0,0.0,2.8599999,1.0,0.0,7,61.98534797690349,61.98534797690349,pobre,basal,7,1400.0,576.0,1.0,33.0,6,186,19088,0,1.0
98,1.0,0.0,2.8599999,1.0,1.0,7,61.98534797690349,61.98534797690349,pobre,basal,7,1400.0,576.0,1.0,33.0,7,186,19088,0,1.0
97,1.0,0.0,2.8599999,0.0,1.0,7,61.98534797690349,61.98534797690349,pobre,basal,0,750.0,723.0,1.0,47.0,16,186,19089,1,0.0
98,1.0,0.0,2.8599999,0.0,2.0,7,61.98534797690349,61.98534797690349,pobre,basal,0,750.0,723.0,1.0,47.0,17,186,19089,1,0.0
97,1.0,0.0,2.8599999,1.0,7.0,7,61.98534797690349,61.98534797690349,pobre,basal,0,750.0,723.0,1.0,47.0,14,186,19090,7,1.0
98,1.0,0.0,2.8599999,1.0,8.0,7,61.98534797690349,61.98534797690349,pobre,basal,0,750.0,723.0,1.0,47.0,15,186,19090,7,1.0
97,0.0,0.0,2.8599999,1.0,2.0,7,61.98534797690349,61.98534797690349,pobre,basal,0,750.0,723.0,1.0,47.0,9,186,19091,2,1.0
98,0.0,0.0,2.8599999,1.0,3.0,7,61.98534797690349,61.98534797690349,pobre,basal,0,750.0,723.0,1.0,47.0,10,186,19091,2,1.0
97,1.0,0.0,2.8599999,0.0,6.0,8,61.98534797690349,61.98534797690349,pobre,basal,0,1000.0,605.0,1.0,36.0,13,186,19092,6,0.0
98,1.0,0.0,2.8599999,0.0,6.0,8,61.98534797690349,61.98534797690349,pobre,basal,0,1000.0,605.0,1.0,36.0,14,186,19092,6,0.0
97,0.0,0.0,2.8599999,1.0,5.0,8,61.98534797690349,61.98534797690349,pobre,basal,0,1000.0,605.0,1.0,36.0,12,186,19093,5,1.0
98,0.0,0.0,2.8599999,1.0,6.0,8,61.98534797690349,61.98534797690349,pobre,basal,0,1000.0,605.0,1.0,36.0,13,186,19093,5,1.0
97,1.0,0.0,2.8599999,1.0,3.0,8,61.98534797690349,61.98534797690349,pobre,basal,0,1000.0,605.0,1.0,36.0,9,186,19094,3,1.0
98,1.0,0.0,2.8599999,1.0,4.0,8,61.98534797690349,61.98534797690349,pobre,basal,0,1000.0,605.0,1.0,36.0,10,186,19094,3,1.0
97,1.0,0.0,2.8599999,1.0,2.0,8,61.98534797690349,61.98534797690349,pobre,basal,0,1000.0,605.0,1.0,36.0,8,186,19095,2,1.0
98,1.0,0.0,2.8599999,1.0,3.0,8,61.98534797690349,61.98534797690349,pobre,basal,0,1000.0,605.0,1.0,36.0,9,186,19095,2,1.0
97,1.0,0.0,2.8599999,1.0,0.0,8,61.98534797690349,61.98534797690349,pobre,basal,0,1000.0,605.0,1.0,36.0,6,186,19096,0,1.0
98,1.0,0.0,2.8599999,1.0,1.0,8,61.98534797690349,61.98534797690349,pobre,basal,0,1000.0,605.0,1.0,36.0,7,186,19096,0,1.0
97,1.0,0.0,2.8599999,0.0,5.0,5,61.98534797690349,61.98534797690349,pobre,basal,5,875.0,693.5,1.0,40.0,15,186,19097,5,0.0
98,1.0,0.0,2.8599999,0.0,5.0,5,61.98534797690349,61.98534797690349,pobre,basal,5,875.0,693.5,1.0,40.0,16,186,19097,5,0.0
97,1.0,0.0,2.8599999,1.0,2.0,5,61.98534797690349,61.98534797690349,pobre,basal,5,875.0,693.5,1.0,40.0,8,186,19098,2,1.0
98,1.0,0.0,2.8599999,1.0,3.0,5,61.98534797690349,61.98534797690349,pobre,basal,5,875.0,693.5,1.0,40.0,9,186,19098,2,1.0
97,0.0,0.0,1.2460001,1.0,4.0,7,101.1014252992507,101.1014252992507,pobre,0,6,1000.0,524.0,1.0,30.0,10,144,19099,4,1.0
98,0.0,0.0,1.2460001,,,7,101.1014252992507,101.1014252992507,pobre,0,6,1000.0,524.0,1.0,30.0,11,144,19099,4,1.0
97,0.0,0.0,1.2460001,1.0,1.0,7,101.1014252992507,101.1014252992507,pobre,0,6,1000.0,524.0,1.0,30.0,7,144,19100,1,1.0
98,0.0,0.0,1.2460001,,,7,101.1014252992507,101.1014252992507,pobre,0,6,1000.0,524.0,1.0,30.0,8,144,19100,1,1.0
97,1.0,0.0,1.2460001,1.0,2.0,6,101.1014252992507,101.1014252992507,pobre,0,0,500.0,684.0,1.0,33.0,6,144,19101,2,1.0
98,1.0,0.0,1.2460001,1.0,3.0,6,101.1014252992507,101.1014252992507,pobre,0,0,500.0,684.0,1.0,33.0,7,144,19101,2,1.0
97,0.0,0.0,1.2460001,1.0,1.0,6,101.1014252992507,101.1014252992507,pobre,0,0,500.0,684.0,1.0,33.0,7,144,19102,1,1.0
98,0.0,0.0,1.2460001,1.0,1.0,6,101.1014252992507,101.1014252992507,pobre,0,0,500.0,684.0,1.0,33.0,8,144,19102,1,1.0
97,1.0,0.0,1.2460001,0.0,6.0,6,101.1014252992507,101.1014252992507,pobre,0,0,0.0,585.0,1.0,44.0,15,144,19103,6,0.0
98,1.0,0.0,1.2460001,,,6,101.1014252992507,101.1014252992507,pobre,0,0,0.0,585.0,1.0,44.0,16,144,19103,6,0.0
97,1.0,0.0,1.2460001,0.0,4.0,6,101.1014252992507,101.1014252992507,pobre,0,0,0.0,585.0,1.0,44.0,13,144,19104,4,0.0
98,1.0,0.0,1.2460001,1.0,5.0,6,101.1014252992507,101.1014252992507,pobre,0,0,0.0,585.0,1.0,44.0,14,144,19104,4,0.0
97,1.0,0.0,1.2460001,1.0,1.0,6,101.1014252992507,101.1014252992507,pobre,0,0,0.0,585.0,1.0,44.0,8,144,19105,1,1.0
98,1.0,0.0,1.2460001,1.0,1.0,6,101.1014252992507,101.1014252992507,pobre,0,0,0.0,585.0,1.0,44.0,9,144,19105,1,1.0
97,0.0,0.0,1.2460001,,0.0,7,101.1014252992507,101.1014252992507,pobre,0,0,250.0,552.0,1.0,50.0,16,144,19106,0,
98,0.0,0.0,1.2460001,,,7,101.1014252992507,101.1014252992507,pobre,0,0,250.0,552.0,1.0,50.0,17,144,19106,0,
97,0.0,0.0,1.2460001,,0.0,7,101.1014252992507,101.1014252992507,pobre,0,0,250.0,552.0,1.0,50.0,15,144,19107,0,
98,0.0,0.0,1.2460001,0.0,6.0,7,101.1014252992507,101.1014252992507,pobre,0,0,250.0,552.0,1.0,50.0,16,144,19107,0,
97,1.0,0.0,1.2460001,1.0,3.0,7,101.1014252992507,101.1014252992507,pobre,0,0,250.0,552.0,1.0,50.0,13,144,19108,3,1.0
98,1.0,0.0,1.2460001,1.0,4.0,7,101.1014252992507,101.1014252992507,pobre,0,0,250.0,552.0,1.0,50.0,14,144,19108,3,1.0
97,1.0,0.0,1.2460001,1.0,3.0,7,101.1014252992507,101.1014252992507,pobre,0,0,250.0,552.0,1.0,50.0,11,144,19109,3,1.0
98,1.0,0.0,1.2460001,1.0,4.0,7,101.1014252992507,101.1014252992507,pobre,0,0,250.0,552.0,1.0,50.0,12,144,19109,3,1.0
97,0.0,0.0,1.2460001,0.0,6.0,8,101.1014252992507,101.1014252992507,pobre,0,2,250.0,578.0,1.0,36.0,13,144,19110,6,0.0
98,0.0,0.0,1.2460001,0.0,6.0,8,101.1014252992507,101.1014252992507,pobre,0,2,250.0,578.0,1.0,36.0,14,144,19110,6,0.0
97,1.0,0.0,1.2460001,1.0,3.0,8,101.1014252992507,101.1014252992507,pobre,0,2,250.0,578.0,1.0,36.0,11,144,19111,3,1.0
98,1.0,0.0,1.2460001,1.0,3.0,8,101.1014252992507,101.1014252992507,pobre,0,2,250.0,578.0,1.0,36.0,12,144,19111,3,1.0
97,1.0,0.0,1.2460001,1.0,1.0,8,101.1014252992507,101.1014252992507,pobre,0,2,250.0,578.0,1.0,36.0,11,144,19112,1,1.0
98,1.0,0.0,1.2460001,1.0,2.0,8,101.1014252992507,101.1014252992507,pobre,0,2,250.0,578.0,1.0,36.0,12,144,19112,1,1.0
97,1.0,0.0,1.2460001,1.0,1.0,8,101.1014252992507,101.1014252992507,pobre,0,2,250.0,578.0,1.0,36.0,9,144,19113,1,1.0
98,1.0,0.0,1.2460001,1.0,2.0,8,101.1014252992507,101.1014252992507,pobre,0,2,250.0,578.0,1.0,36.0,10,144,19113,1,1.0
97,1.0,0.0,1.2460001,0.0,6.0,6,101.1014252992507,101.1014252992507,no pobre,0,6,0.0,743.0,1.0,70.0,14,144,19114,6,0.0
98,1.0,0.0,1.2460001,0.0,6.0,6,101.1014252992507,101.1014252992507,no pobre,0,6,0.0,743.0,1.0,70.0,15,144,19114,6,0.0
97,0.0,0.0,1.2460001,1.0,6.0,6,101.1014252992507,101.1014252992507,no pobre,0,6,0.0,743.0,1.0,70.0,16,144,19115,6,1.0
98,0.0,0.0,1.2460001,0.0,6.0,6,101.1014252992507,101.1014252992507,no pobre,0,6,0.0,743.0,1.0,70.0,17,144,19115,6,1.0
97,1.0,0.0,1.2460001,1.0,2.0,7,101.1014252992507,101.1014252992507,pobre,0,0,750.0,505.0,1.0,36.0,11,144,19116,2,1.0
98,1.0,0.0,1.2460001,1.0,3.0,7,101.1014252992507,101.1014252992507,pobre,0,0,750.0,505.0,1.0,36.0,12,144,19116,2,1.0
97,0.0,0.0,1.2460001,1.0,2.0,7,101.1014252992507,101.1014252992507,pobre,0,0,750.0,505.0,1.0,36.0,9,144,19117,2,1.0
98,0.0,0.0,1.2460001,1.0,3.0,7,101.1014252992507,101.1014252992507,pobre,0,0,750.0,505.0,1.0,36.0,10,144,19117,2,1.0
97,1.0,0.0,1.2460001,1.0,1.0,7,101.1014252992507,101.1014252992507,pobre,0,0,750.0,505.0,1.0,36.0,7,144,19118,1,1.0
98,1.0,0.0,1.2460001,1.0,2.0,7,101.1014252992507,101.1014252992507,pobre,0,0,750.0,505.0,1.0,36.0,8,144,19118,1,1.0
97,1.0,0.0,1.2460001,1.0,0.0,7,101.1014252992507,101.1014252992507,pobre,0,0,750.0,505.0,1.0,36.0,6,144,19119,0,1.0
98,1.0,0.0,1.2460001,1.0,1.0,7,101.1014252992507,101.1014252992507,pobre,0,0,750.0,505.0,1.0,36.0,7,144,19119,0,1.0
97,1.0,0.0,5.5209999,0.0,3.0,8,73.69986718958322,103.7036295876623,pobre,basal,2,400.0,738.0,1.0,42.0,15,268,19120,3,0.0
98,1.0,0.0,5.5209999,0.0,6.0,8,73.69986718958322,103.7036295876623,pobre,basal,2,400.0,738.0,1.0,42.0,16,268,19120,3,0.0
97,0.0,0.0,5.5209999,0.0,6.0,8,73.69986718958322,103.7036295876623,pobre,basal,2,400.0,738.0,1.0,42.0,14,268,19121,6,0.0
98,0.0,0.0,5.5209999,0.0,6.0,8,73.69986718958322,103.7036295876623,pobre,basal,2,400.0,738.0,1.0,42.0,15,268,19121,6,0.0
97,1.0,0.0,5.5209999,0.0,6.0,8,73.69986718958322,103.7036295876623,pobre,basal,2,400.0,738.0,1.0,42.0,12,268,19122,6,0.0
98,1.0,0.0,5.5209999,0.0,6.0,8,73.69986718958322,103.7036295876623,pobre,basal,2,400.0,738.0,1.0,42.0,13,268,19122,6,0.0
97,0.0,0.0,5.5209999,1.0,4.0,8,73.69986718958322,103.7036295876623,pobre,basal,2,400.0,738.0,1.0,42.0,10,268,19123,4,1.0
98,0.0,0.0,5.5209999,0.0,5.0,8,73.69986718958322,103.7036295876623,pobre,basal,2,400.0,738.0,1.0,42.0,11,268,19123,4,1.0
97,1.0,0.0,5.5209999,1.0,1.0,8,73.69986718958322,103.7036295876623,pobre,basal,2,400.0,738.0,1.0,42.0,7,268,19124,1,1.0
98,1.0,0.0,5.5209999,1.0,2.0,8,73.69986718958322,103.7036295876623,pobre,basal,2,400.0,738.0,1.0,42.0,8,268,19124,1,1.0
97,1.0,0.0,5.5209999,1.0,2.0,6,73.69986718958322,103.7036295876623,pobre,basal,4,400.0,646.0,1.0,30.0,8,268,19125,2,1.0
98,1.0,0.0,5.5209999,,,6,73.69986718958322,103.7036295876623,pobre,basal,4,400.0,646.0,1.0,30.0,9,268,19125,2,1.0
97,1.0,0.0,5.5209999,1.0,0.0,6,73.69986718958322,103.7036295876623,pobre,basal,4,400.0,646.0,1.0,30.0,6,268,19126,0,1.0
98,1.0,0.0,5.5209999,,,6,73.69986718958322,103.7036295876623,pobre,basal,4,400.0,646.0,1.0,30.0,7,268,19126,0,1.0
97,1.0,0.0,5.5209999,0.0,6.0,7,73.69986718958322,103.7036295876623,pobre,basal,1,0.0,805.75,0.0,45.0,16,268,19127,6,0.0
98,1.0,0.0,5.5209999,0.0,6.0,7,73.69986718958322,103.7036295876623,pobre,basal,1,0.0,805.75,0.0,45.0,17,268,19127,6,0.0
97,0.0,0.0,5.5209999,0.0,6.0,7,73.69986718958322,103.7036295876623,pobre,basal,1,0.0,805.75,0.0,45.0,12,268,19128,6,0.0
98,0.0,0.0,5.5209999,0.0,6.0,7,73.69986718958322,103.7036295876623,pobre,basal,1,0.0,805.75,0.0,45.0,13,268,19128,6,0.0
97,0.0,0.0,5.5209999,1.0,3.0,7,73.69986718958322,103.7036295876623,pobre,basal,1,0.0,805.75,0.0,45.0,8,268,19129,3,1.0
98,0.0,0.0,5.5209999,1.0,4.0,7,73.69986718958322,103.7036295876623,pobre,basal,1,0.0,805.75,0.0,45.0,9,268,19129,3,1.0
97,1.0,0.0,5.5209999,0.0,6.0,9,73.69986718958322,103.7036295876623,no pobre,basal,0,0.0,788.0,0.0,52.0,16,268,19130,6,0.0
98,1.0,0.0,5.5209999,0.0,6.0,9,73.69986718958322,103.7036295876623,no pobre,basal,0,0.0,788.0,0.0,52.0,17,268,19130,6,0.0
97,0.0,0.0,5.5209999,0.0,6.0,9,73.69986718958322,103.7036295876623,no pobre,basal,0,0.0,788.0,0.0,52.0,14,268,19131,6,0.0
98,0.0,0.0,5.5209999,0.0,6.0,9,73.69986718958322,103.7036295876623,no pobre,basal,0,0.0,788.0,0.0,52.0,15,268,19131,6,0.0
97,1.0,0.0,5.5209999,0.0,6.0,9,73.69986718958322,103.7036295876623,no pobre,basal,0,0.0,788.0,0.0,52.0,12,268,19132,6,0.0
98,1.0,0.0,5.5209999,0.0,4.0,9,73.69986718958322,103.7036295876623,no pobre,basal,0,0.0,788.0,0.0,52.0,13,268,19132,6,0.0
97,0.0,0.0,5.5209999,1.0,5.0,9,73.69986718958322,103.7036295876623,no pobre,basal,0,0.0,788.0,0.0,52.0,10,268,19133,5,1.0
98,0.0,0.0,5.5209999,0.0,2.0,9,73.69986718958322,103.7036295876623,no pobre,basal,0,0.0,788.0,0.0,52.0,11,268,19133,5,1.0
97,0.0,0.0,5.5209999,1.0,1.0,5,73.69986718958322,103.7036295876623,pobre,basal,2,625.0,666.0,1.0,37.0,8,268,19134,1,1.0
98,0.0,0.0,5.5209999,1.0,2.0,5,73.69986718958322,103.7036295876623,pobre,basal,2,625.0,666.0,1.0,37.0,9,268,19134,1,1.0
97,1.0,0.0,5.5209999,1.0,1.0,5,73.69986718958322,103.7036295876623,pobre,basal,2,625.0,666.0,1.0,37.0,7,268,19135,1,1.0
98,1.0,0.0,5.5209999,1.0,1.0,5,73.69986718958322,103.7036295876623,pobre,basal,2,625.0,666.0,1.0,37.0,8,268,19135,1,1.0
97,1.0,0.0,5.5209999,1.0,1.0,5,73.69986718958322,103.7036295876623,pobre,basal,2,500.0,647.0,1.0,32.0,7,268,19136,1,1.0
98,1.0,0.0,5.5209999,1.0,2.0,5,73.69986718958322,103.7036295876623,pobre,basal,2,500.0,647.0,1.0,32.0,8,268,19136,1,1.0
97,0.0,0.0,5.5209999,0.0,6.0,8,73.69986718958322,103.7036295876623,pobre,basal,1,375.0,825.0,1.0,46.0,16,268,19137,6,0.0
98,0.0,0.0,5.5209999,,,8,73.69986718958322,103.7036295876623,pobre,basal,1,375.0,825.0,1.0,46.0,17,268,19137,6,0.0
97,1.0,0.0,5.5209999,1.0,6.0,8,73.69986718958322,103.7036295876623,pobre,basal,1,375.0,825.0,1.0,46.0,12,268,19138,6,1.0
98,1.0,0.0,5.5209999,0.0,7.0,8,73.69986718958322,103.7036295876623,pobre,basal,1,375.0,825.0,1.0,46.0,13,268,19138,6,1.0
97,1.0,0.0,5.5209999,1.0,1.0,8,73.69986718958322,103.7036295876623,pobre,basal,1,375.0,825.0,1.0,46.0,7,268,19139,1,1.0
98,1.0,0.0,5.5209999,1.0,2.0,8,73.69986718958322,103.7036295876623,pobre,basal,1,375.0,825.0,1.0,46.0,8,268,19139,1,1.0
97,0.0,0.0,5.5209999,0.0,6.0,6,73.69986718958322,103.7036295876623,pobre,basal,0,625.0,721.0,1.0,49.0,16,268,19140,6,0.0
98,0.0,0.0,5.5209999,,,6,73.69986718958322,103.7036295876623,pobre,basal,0,625.0,721.0,1.0,49.0,17,268,19140,6,0.0
97,0.0,0.0,5.5209999,0.0,6.0,6,73.69986718958322,103.7036295876623,pobre,basal,0,625.0,721.0,1.0,49.0,15,268,19141,6,0.0
98,0.0,0.0,5.5209999,0.0,6.0,6,73.69986718958322,103.7036295876623,pobre,basal,0,625.0,721.0,1.0,49.0,16,268,19141,6,0.0
97,1.0,0.0,5.5209999,1.0,5.0,6,73.69986718958322,103.7036295876623,pobre,basal,0,625.0,721.0,1.0,49.0,12,268,19142,5,1.0
98,1.0,0.0,5.5209999,1.0,6.0,6,73.69986718958322,103.7036295876623,pobre,basal,0,625.0,721.0,1.0,49.0,13,268,19142,5,1.0
97,0.0,0.0,5.5209999,0.0,6.0,8,73.69986718958322,103.7036295876623,pobre,basal,1,500.0,693.0,1.0,52.0,13,268,19143,6,0.0
98,0.0,0.0,5.5209999,,,8,73.69986718958322,103.7036295876623,pobre,basal,1,500.0,693.0,1.0,52.0,14,268,19143,6,0.0
97,0.0,0.0,5.5209999,1.0,4.0,8,73.69986718958322,103.7036295876623,pobre,basal,1,500.0,693.0,1.0,52.0,10,268,19144,4,1.0
98,0.0,0.0,5.5209999,,,8,73.69986718958322,103.7036295876623,pobre,basal,1,500.0,693.0,1.0,52.0,11,268,19144,4,1.0
97,1.0,0.0,5.5209999,0.0,6.0,8,73.69986718958322,103.7036295876623,pobre,basal,2,625.0,753.0,1.0,42.0,14,268,19145,6,0.0
98,1.0,0.0,5.5209999,0.0,6.0,8,73.69986718958322,103.7036295876623,pobre,basal,2,625.0,753.0,1.0,42.0,15,268,19145,6,0.0
97,0.0,0.0,5.5209999,1.0,4.0,8,73.69986718958322,103.7036295876623,pobre,basal,2,625.0,753.0,1.0,42.0,10,268,19146,4,1.0
98,0.0,0.0,5.5209999,1.0,5.0,8,73.69986718958322,103.7036295876623,pobre,basal,2,625.0,753.0,1.0,42.0,11,268,19146,4,1.0
97,1.0,0.0,5.5209999,1.0,4.0,8,73.69986718958322,103.7036295876623,pobre,basal,0,625.0,545.0,1.0,40.0,10,268,19147,4,1.0
98,1.0,0.0,5.5209999,1.0,5.0,8,73.69986718958322,103.7036295876623,pobre,basal,0,625.0,545.0,1.0,40.0,11,268,19147,4,1.0
97,1.0,0.0,5.5209999,1.0,2.0,8,73.69986718958322,103.7036295876623,pobre,basal,0,625.0,545.0,1.0,40.0,8,268,19148,2,1.0
98,1.0,0.0,5.5209999,1.0,3.0,8,73.69986718958322,103.7036295876623,pobre,basal,0,625.0,545.0,1.0,40.0,9,268,19148,2,1.0
97,0.0,0.0,5.5209999,1.0,0.0,8,73.69986718958322,103.7036295876623,pobre,basal,0,625.0,545.0,1.0,40.0,6,268,19149,0,1.0
98,0.0,0.0,5.5209999,1.0,1.0,8,73.69986718958322,103.7036295876623,pobre,basal,0,625.0,545.0,1.0,40.0,7,268,19149,0,1.0
97,0.0,0.0,5.5209999,0.0,6.0,8,73.69986718958322,103.7036295876623,pobre,basal,0,625.0,545.0,1.0,40.0,12,268,19150,6,0.0
98,0.0,0.0,5.5209999,1.0,6.0,8,73.69986718958322,103.7036295876623,pobre,basal,0,625.0,545.0,1.0,40.0,13,268,19150,6,0.0
97,1.0,0.0,5.5209999,0.0,6.0,14,73.69986718958322,103.7036295876623,pobre,basal,4,2000.0,861.0,1.0,42.0,16,268,19151,6,0.0
98,1.0,0.0,5.5209999,,,14,73.69986718958322,103.7036295876623,pobre,basal,4,2000.0,861.0,1.0,42.0,17,268,19151,6,0.0
97,0.0,0.0,5.5209999,0.0,6.0,14,73.69986718958322,103.7036295876623,pobre,basal,4,2000.0,861.0,1.0,42.0,15,268,19152,6,0.0
98,0.0,0.0,5.5209999,0.0,6.0,14,73.69986718958322,103.7036295876623,pobre,basal,4,2000.0,861.0,1.0,42.0,16,268,19152,6,0.0
97,0.0,0.0,5.5209999,0.0,6.0,14,73.69986718958322,103.7036295876623,pobre,basal,4,2000.0,861.0,1.0,42.0,13,268,19153,6,0.0
98,0.0,0.0,5.5209999,0.0,6.0,14,73.69986718958322,103.7036295876623,pobre,basal,4,2000.0,861.0,1.0,42.0,14,268,19153,6,0.0
97,0.0,0.0,5.5209999,1.0,4.0,14,73.69986718958322,103.7036295876623,pobre,basal,4,2000.0,861.0,1.0,42.0,10,268,19154,4,1.0
98,0.0,0.0,5.5209999,0.0,6.0,14,73.69986718958322,103.7036295876623,pobre,basal,4,2000.0,861.0,1.0,42.0,11,268,19154,4,1.0
97,0.0,0.0,5.5209999,1.0,3.0,14,73.69986718958322,103.7036295876623,pobre,basal,4,2000.0,861.0,1.0,42.0,8,268,19155,3,1.0
98,0.0,0.0,5.5209999,1.0,4.0,14,73.69986718958322,103.7036295876623,pobre,basal,4,2000.0,861.0,1.0,42.0,9,268,19155,3,1.0
97,0.0,0.0,5.5209999,1.0,0.0,14,73.69986718958322,103.7036295876623,pobre,basal,4,2000.0,861.0,1.0,42.0,6,268,19156,0,1.0
98,0.0,0.0,5.5209999,1.0,2.0,14,73.69986718958322,103.7036295876623,pobre,basal,4,2000.0,861.0,1.0,42.0,7,268,19156,0,1.0
97,0.0,0.0,5.5209999,0.0,6.0,7,73.69986718958322,103.7036295876623,pobre,basal,2,500.0,455.0,1.0,36.0,12,268,19157,6,0.0
98,0.0,0.0,5.5209999,0.0,6.0,7,73.69986718958322,103.7036295876623,pobre,basal,2,500.0,455.0,1.0,36.0,13,268,19157,6,0.0
97,0.0,0.0,5.5209999,1.0,2.0,7,73.69986718958322,103.7036295876623,pobre,basal,2,500.0,455.0,1.0,36.0,9,268,19158,2,1.0
98,0.0,0.0,5.5209999,1.0,3.0,7,73.69986718958322,103.7036295876623,pobre,basal,2,500.0,455.0,1.0,36.0,10,268,19158,2,1.0
97,0.0,0.0,5.5209999,1.0,1.0,7,73.69986718958322,103.7036295876623,pobre,basal,2,500.0,455.0,1.0,36.0,7,268,19159,1,1.0
98,0.0,0.0,5.5209999,1.0,2.0,7,73.69986718958322,103.7036295876623,pobre,basal,2,500.0,455.0,1.0,36.0,8,268,19159,1,1.0
97,1.0,0.0,5.5209999,0.0,6.0,7,73.69986718958322,103.7036295876623,no pobre,basal,6,600.0,1027.0,1.0,55.0,16,268,19160,6,0.0
98,1.0,0.0,5.5209999,,,7,73.69986718958322,103.7036295876623,no pobre,basal,6,600.0,1027.0,1.0,55.0,17,268,19160,6,0.0
97,1.0,0.0,5.5209999,0.0,6.0,7,73.69986718958322,103.7036295876623,no pobre,basal,6,600.0,1027.0,1.0,55.0,15,268,19161,6,0.0
98,1.0,0.0,5.5209999,0.0,6.0,7,73.69986718958322,103.7036295876623,no pobre,basal,6,600.0,1027.0,1.0,55.0,16,268,19161,6,0.0
97,1.0,0.0,5.5209999,0.0,6.0,10,73.69986718958322,103.7036295876623,no pobre,basal,2,600.0,1034.67,1.0,43.0,16,268,19162,6,0.0
98,1.0,0.0,5.5209999,,,10,73.69986718958322,103.7036295876623,no pobre,basal,2,600.0,1034.67,1.0,43.0,17,268,19162,6,0.0
97,0.0,0.0,5.5209999,0.0,6.0,10,73.69986718958322,103.7036295876623,no pobre,basal,2,600.0,1034.67,1.0,43.0,12,268,19163,6,0.0
98,0.0,0.0,5.5209999,,,10,73.69986718958322,103.7036295876623,no pobre,basal,2,600.0,1034.67,1.0,43.0,13,268,19163,6,0.0
97,1.0,0.0,5.5209999,1.0,1.0,10,73.69986718958322,103.7036295876623,no pobre,basal,2,600.0,1034.67,1.0,43.0,7,268,19164,1,1.0
98,1.0,0.0,5.5209999,1.0,1.0,10,73.69986718958322,103.7036295876623,no pobre,basal,2,600.0,1034.67,1.0,43.0,8,268,19164,1,1.0
97,1.0,0.0,5.5209999,0.0,6.0,8,73.69986718958322,103.7036295876623,pobre,basal,0,625.0,735.66998,1.0,53.0,16,268,19165,6,0.0
98,1.0,0.0,5.5209999,,,8,73.69986718958322,103.7036295876623,pobre,basal,0,625.0,735.66998,1.0,53.0,17,268,19165,6,0.0
97,0.0,0.0,5.5209999,0.0,6.0,8,73.69986718958322,103.7036295876623,pobre,basal,0,625.0,735.66998,1.0,53.0,13,268,19166,6,0.0
98,0.0,0.0,5.5209999,0.0,6.0,8,73.69986718958322,103.7036295876623,pobre,basal,0,625.0,735.66998,1.0,53.0,14,268,19166,6,0.0
97,0.0,0.0,5.5209999,1.0,3.0,8,73.69986718958322,103.7036295876623,pobre,basal,0,625.0,735.66998,1.0,53.0,11,268,19167,3,1.0
98,0.0,0.0,5.5209999,1.0,4.0,8,73.69986718958322,103.7036295876623,pobre,basal,0,625.0,735.66998,1.0,53.0,12,268,19167,3,1.0
97,1.0,0.0,5.5209999,1.0,3.0,8,73.69986718958322,103.7036295876623,pobre,basal,0,625.0,735.66998,1.0,53.0,8,268,19168,3,1.0
98,1.0,0.0,5.5209999,1.0,4.0,8,73.69986718958322,103.7036295876623,pobre,basal,0,625.0,735.66998,1.0,53.0,9,268,19168,3,1.0
97,1.0,0.0,5.5209999,1.0,5.0,6,73.69986718958322,103.7036295876623,no pobre,basal,6,600.0,807.0,1.0,27.0,11,268,19169,5,1.0
98,1.0,0.0,5.5209999,1.0,6.0,6,73.69986718958322,103.7036295876623,no pobre,basal,6,600.0,807.0,1.0,27.0,12,268,19169,5,1.0
97,1.0,0.0,5.5209999,0.0,6.0,9,73.69986718958322,103.7036295876623,pobre,basal,4,625.0,696.25,1.0,39.0,16,268,19170,6,0.0
98,1.0,0.0,5.5209999,,,9,73.69986718958322,103.7036295876623,pobre,basal,4,625.0,696.25,1.0,39.0,17,268,19170,6,0.0
97,1.0,0.0,5.5209999,0.0,6.0,9,73.69986718958322,103.7036295876623,pobre,basal,4,625.0,696.25,1.0,39.0,14,268,19171,6,0.0
98,1.0,0.0,5.5209999,0.0,6.0,9,73.69986718958322,103.7036295876623,pobre,basal,4,625.0,696.25,1.0,39.0,15,268,19171,6,0.0
97,0.0,0.0,5.5209999,1.0,5.0,9,73.69986718958322,103.7036295876623,pobre,basal,4,625.0,696.25,1.0,39.0,11,268,19172,5,1.0
98,0.0,0.0,5.5209999,1.0,6.0,9,73.69986718958322,103.7036295876623,pobre,basal,4,625.0,696.25,1.0,39.0,12,268,19172,5,1.0
97,1.0,0.0,5.5209999,1.0,2.0,9,73.69986718958322,103.7036295876623,pobre,basal,4,625.0,696.25,1.0,39.0,8,268,19173,2,1.0
98,1.0,0.0,5.5209999,1.0,3.0,9,73.69986718958322,103.7036295876623,pobre,basal,4,625.0,696.25,1.0,39.0,9,268,19173,2,1.0
97,0.0,0.0,5.5209999,1.0,1.0,9,73.69986718958322,103.7036295876623,pobre,basal,4,625.0,696.25,1.0,39.0,7,268,19174,1,1.0
98,0.0,0.0,5.5209999,1.0,2.0,9,73.69986718958322,103.7036295876623,pobre,basal,4,625.0,696.25,1.0,39.0,8,268,19174,1,1.0
97,1.0,0.0,5.5209999,0.0,4.0,3,73.69986718958322,103.7036295876623,pobre,basal,0,1250.0,906.0,1.0,83.0,13,268,19175,4,0.0
98,1.0,0.0,5.5209999,0.0,5.0,3,73.69986718958322,103.7036295876623,pobre,basal,0,1250.0,906.0,1.0,83.0,14,268,19175,4,0.0
97,1.0,1.0,3.3010001,,0.0,10,102.1078738382807,127.1931763265155,pobre,basal,0,625.0,598.5,1.0,51.0,15,222,19176,0,
98,1.0,1.0,3.3010001,,,10,102.1078738382807,127.1931763265155,pobre,basal,0,625.0,598.5,1.0,51.0,16,222,19176,0,
97,1.0,1.0,3.3010001,0.0,6.0,10,102.1078738382807,127.1931763265155,pobre,basal,0,625.0,598.5,1.0,51.0,13,222,19177,6,0.0
98,1.0,1.0,3.3010001,1.0,6.0,10,102.1078738382807,127.1931763265155,pobre,basal,0,625.0,598.5,1.0,51.0,14,222,19177,6,0.0
97,0.0,1.0,3.3010001,1.0,3.0,10,102.1078738382807,127.1931763265155,pobre,basal,0,625.0,598.5,1.0,51.0,10,222,19178,3,1.0
98,0.0,1.0,3.3010001,1.0,4.0,10,102.1078738382807,127.1931763265155,pobre,basal,0,625.0,598.5,1.0,51.0,11,222,19178,3,1.0
97,0.0,1.0,3.3010001,1.0,3.0,10,102.1078738382807,127.1931763265155,pobre,basal,0,625.0,598.5,1.0,51.0,9,222,19179,3,1.0
98,0.0,1.0,3.3010001,1.0,4.0,10,102.1078738382807,127.1931763265155,pobre,basal,0,625.0,598.5,1.0,51.0,10,222,19179,3,1.0
97,0.0,1.0,3.3010001,1.0,3.0,3,102.1078738382807,127.1931763265155,pobre,basal,0,500.0,636.0,1.0,48.0,10,222,19180,3,1.0
98,0.0,1.0,3.3010001,1.0,4.0,3,102.1078738382807,127.1931763265155,pobre,basal,0,500.0,636.0,1.0,48.0,11,222,19180,3,1.0
97,0.0,1.0,3.3010001,1.0,1.0,7,102.1078738382807,127.1931763265155,pobre,basal,0,625.0,571.5,1.0,67.0,7,222,19181,1,1.0
98,0.0,1.0,3.3010001,1.0,2.0,7,102.1078738382807,127.1931763265155,pobre,basal,0,625.0,571.5,1.0,67.0,8,222,19181,1,1.0
97,1.0,1.0,3.3010001,0.0,6.0,8,102.1078738382807,127.1931763265155,pobre,basal,0,625.0,612.0,1.0,50.0,14,222,19182,6,0.0
98,1.0,1.0,3.3010001,,,8,102.1078738382807,127.1931763265155,pobre,basal,0,625.0,612.0,1.0,50.0,15,222,19182,6,0.0
97,1.0,1.0,3.3010001,1.0,2.0,8,102.1078738382807,127.1931763265155,pobre,basal,0,625.0,612.0,1.0,50.0,7,222,19183,2,1.0
98,1.0,1.0,3.3010001,1.0,2.0,8,102.1078738382807,127.1931763265155,pobre,basal,0,625.0,612.0,1.0,50.0,8,222,19183,2,1.0
97,0.0,1.0,3.3010001,1.0,3.0,4,102.1078738382807,127.1931763265155,pobre,basal,0,625.0,637.0,0.0,57.0,9,222,19184,3,1.0
98,0.0,1.0,3.3010001,1.0,4.0,4,102.1078738382807,127.1931763265155,pobre,basal,0,625.0,637.0,0.0,57.0,10,222,19184,3,1.0
97,1.0,1.0,3.3010001,,0.0,6,102.1078738382807,127.1931763265155,pobre,basal,0,625.0,573.5,1.0,37.0,15,222,19185,0,
98,1.0,1.0,3.3010001,1.0,6.0,6,102.1078738382807,127.1931763265155,pobre,basal,0,625.0,573.5,1.0,37.0,16,222,19185,0,
97,1.0,1.0,3.3010001,,0.0,6,102.1078738382807,127.1931763265155,pobre,basal,0,625.0,573.5,1.0,37.0,13,222,19186,0,
98,1.0,1.0,3.3010001,1.0,3.0,6,102.1078738382807,127.1931763265155,pobre,basal,0,625.0,573.5,1.0,37.0,14,222,19186,0,
97,1.0,1.0,3.3010001,1.0,3.0,6,102.1078738382807,127.1931763265155,pobre,basal,0,625.0,573.5,1.0,37.0,9,222,19187,3,1.0
98,1.0,1.0,3.3010001,1.0,3.0,6,102.1078738382807,127.1931763265155,pobre,basal,0,625.0,573.5,1.0,37.0,10,222,19187,3,1.0
97,1.0,1.0,0.60500002,1.0,6.0,5,98.89900546430128,124.2672818451075,pobre,basal,2,166.66667,760.5,1.0,56.0,13,223,19188,6,1.0
98,1.0,1.0,0.60500002,1.0,7.0,5,98.89900546430128,124.2672818451075,pobre,basal,2,166.66667,760.5,1.0,56.0,14,223,19188,6,1.0
97,1.0,1.0,0.60500002,1.0,4.0,5,98.89900546430128,124.2672818451075,pobre,basal,2,166.66667,760.5,1.0,56.0,11,223,19189,4,1.0
98,1.0,1.0,0.60500002,1.0,5.0,5,98.89900546430128,124.2672818451075,pobre,basal,2,166.66667,760.5,1.0,56.0,12,223,19189,4,1.0
97,1.0,1.0,0.60500002,1.0,2.0,5,98.89900546430128,124.2672818451075,pobre,basal,2,166.66667,760.5,1.0,56.0,8,223,19190,2,1.0
98,1.0,1.0,0.60500002,1.0,3.0,5,98.89900546430128,124.2672818451075,pobre,basal,2,166.66667,760.5,1.0,56.0,9,223,19190,2,1.0
97,1.0,1.0,0.60500002,1.0,0.0,4,98.89900546430128,124.2672818451075,pobre,basal,6,416.66666,771.0,1.0,23.0,6,223,19191,0,1.0
98,1.0,1.0,0.60500002,1.0,1.0,4,98.89900546430128,124.2672818451075,pobre,basal,6,416.66666,771.0,1.0,23.0,7,223,19191,0,1.0
97,1.0,1.0,0.60500002,0.0,3.0,4,98.89900546430128,124.2672818451075,pobre,basal,0,500.0,783.33002,0.0,45.0,16,223,19192,3,0.0
98,1.0,1.0,0.60500002,,,4,98.89900546430128,124.2672818451075,pobre,basal,0,500.0,783.33002,0.0,45.0,17,223,19192,3,0.0
97,1.0,1.0,0.60500002,1.0,5.0,5,98.89900546430128,124.2672818451075,pobre,basal,5,625.0,668.0,1.0,30.0,11,223,19193,5,1.0
98,1.0,1.0,0.60500002,1.0,6.0,5,98.89900546430128,124.2672818451075,pobre,basal,5,625.0,668.0,1.0,30.0,12,223,19193,5,1.0
97,1.0,1.0,0.60500002,1.0,7.0,4,98.89900546430128,124.2672818451075,pobre,basal,0,250.0,783.0,1.0,56.0,14,223,19194,7,1.0
98,1.0,1.0,0.60500002,1.0,8.0,4,98.89900546430128,124.2672818451075,pobre,basal,0,250.0,783.0,1.0,56.0,15,223,19194,7,1.0
97,0.0,1.0,0.60500002,1.0,4.0,4,98.89900546430128,124.2672818451075,pobre,basal,0,250.0,783.0,1.0,56.0,10,223,19195,4,1.0
98,0.0,1.0,0.60500002,1.0,5.0,4,98.89900546430128,124.2672818451075,pobre,basal,0,250.0,783.0,1.0,56.0,11,223,19195,4,1.0
97,0.0,1.0,0.60500002,0.0,6.0,10,98.89900546430128,124.2672818451075,pobre,basal,3,66.666664,696.0,1.0,50.0,16,223,19196,6,0.0
98,0.0,1.0,0.60500002,,,10,98.89900546430128,124.2672818451075,pobre,basal,3,66.666664,696.0,1.0,50.0,17,223,19196,6,0.0
97,1.0,1.0,0.60500002,1.0,3.0,10,98.89900546430128,124.2672818451075,pobre,basal,3,66.666664,696.0,1.0,50.0,14,223,19197,3,1.0
98,1.0,1.0,0.60500002,1.0,9.0,10,98.89900546430128,124.2672818451075,pobre,basal,3,66.666664,696.0,1.0,50.0,15,223,19197,3,1.0
97,0.0,1.0,0.60500002,1.0,4.0,10,98.89900546430128,124.2672818451075,pobre,basal,3,66.666664,696.0,1.0,50.0,12,223,19198,4,1.0
98,0.0,1.0,0.60500002,1.0,5.0,10,98.89900546430128,124.2672818451075,pobre,basal,3,66.666664,696.0,1.0,50.0,13,223,19198,4,1.0
97,1.0,1.0,0.60500002,1.0,4.0,10,98.89900546430128,124.2672818451075,pobre,basal,3,66.666664,696.0,1.0,50.0,10,223,19199,4,1.0
98,1.0,1.0,0.60500002,1.0,5.0,10,98.89900546430128,124.2672818451075,pobre,basal,3,66.666664,696.0,1.0,50.0,11,223,19199,4,1.0
97,1.0,1.0,0.60500002,1.0,1.0,10,98.89900546430128,124.2672818451075,pobre,basal,3,66.666664,696.0,1.0,50.0,7,223,19200,1,1.0
98,1.0,1.0,0.60500002,1.0,2.0,10,98.89900546430128,124.2672818451075,pobre,basal,3,66.666664,696.0,1.0,50.0,8,223,19200,1,1.0
97,0.0,1.0,0.60500002,1.0,4.0,4,98.89900546430128,124.2672818451075,pobre,basal,0,66.666664,743.17999,1.0,46.0,11,223,19201,4,1.0
98,0.0,1.0,0.60500002,1.0,5.0,4,98.89900546430128,124.2672818451075,pobre,basal,0,66.666664,743.17999,1.0,46.0,12,223,19201,4,1.0
97,0.0,1.0,0.60500002,0.0,5.0,2,98.89900546430128,124.2672818451075,pobre,basal,4,750.0,753.0,1.0,18.0,16,223,19202,5,0.0
98,0.0,1.0,0.60500002,,,2,98.89900546430128,124.2672818451075,pobre,basal,4,750.0,753.0,1.0,18.0,17,223,19202,5,0.0
97,0.0,1.0,0.60500002,0.0,6.0,6,98.89900546430128,124.2672818451075,pobre,basal,0,83.333336,736.0,1.0,56.0,15,223,19203,6,0.0
98,0.0,1.0,0.60500002,0.0,6.0,6,98.89900546430128,124.2672818451075,pobre,basal,0,83.333336,736.0,1.0,56.0,16,223,19203,6,0.0
97,1.0,1.0,0.60500002,1.0,5.0,6,98.89900546430128,124.2672818451075,pobre,basal,0,83.333336,736.0,1.0,56.0,13,223,19204,5,1.0
98,1.0,1.0,0.60500002,1.0,6.0,6,98.89900546430128,124.2672818451075,pobre,basal,0,83.333336,736.0,1.0,56.0,14,223,19204,5,1.0
97,1.0,1.0,0.60500002,1.0,4.0,6,98.89900546430128,124.2672818451075,pobre,basal,0,83.333336,736.0,1.0,56.0,10,223,19205,4,1.0
98,1.0,1.0,0.60500002,1.0,5.0,6,98.89900546430128,124.2672818451075,pobre,basal,0,83.333336,736.0,1.0,56.0,11,223,19205,4,1.0
97,1.0,0.0,5.5209999,1.0,3.0,9,73.69986718958322,103.7036295876623,pobre,basal,0,0.0,732.0,1.0,72.0,9,268,19206,3,1.0
98,1.0,0.0,5.5209999,1.0,4.0,9,73.69986718958322,103.7036295876623,pobre,basal,0,0.0,732.0,1.0,72.0,10,268,19206,3,1.0
97,0.0,0.0,5.5209999,1.0,0.0,9,73.69986718958322,103.7036295876623,pobre,basal,0,0.0,732.0,1.0,72.0,6,268,19207,0,1.0
98,0.0,0.0,5.5209999,1.0,1.0,9,73.69986718958322,103.7036295876623,pobre,basal,0,0.0,732.0,1.0,72.0,7,268,19207,0,1.0
97,0.0,0.0,1.2460001,0.0,6.0,6,101.1014252992507,101.1014252992507,pobre,0,5,1250.0,610.0,1.0,31.0,13,144,19208,6,0.0
98,0.0,0.0,1.2460001,,,6,101.1014252992507,101.1014252992507,pobre,0,5,1250.0,610.0,1.0,31.0,14,144,19208,6,0.0
97,1.0,0.0,1.2460001,1.0,5.0,6,101.1014252992507,101.1014252992507,pobre,0,5,1250.0,610.0,1.0,31.0,11,144,19209,5,1.0
98,1.0,0.0,1.2460001,,,6,101.1014252992507,101.1014252992507,pobre,0,5,1250.0,610.0,1.0,31.0,12,144,19209,5,1.0
97,1.0,0.0,1.2460001,1.0,4.0,6,101.1014252992507,101.1014252992507,pobre,0,5,1250.0,610.0,1.0,31.0,10,144,19210,4,1.0
98,1.0,0.0,1.2460001,,,6,101.1014252992507,101.1014252992507,pobre,0,5,1250.0,610.0,1.0,31.0,11,144,19210,4,1.0
97,1.0,0.0,1.2460001,1.0,1.0,6,101.1014252992507,101.1014252992507,pobre,0,5,1250.0,610.0,1.0,31.0,7,144,19211,1,1.0
98,1.0,0.0,1.2460001,,,6,101.1014252992507,101.1014252992507,pobre,0,5,1250.0,610.0,1.0,31.0,8,144,19211,1,1.0
97,1.0,0.0,1.2460001,0.0,6.0,10,101.1014252992507,101.1014252992507,no pobre,0,1,1000.0,701.5,1.0,52.0,16,144,19212,6,0.0
98,1.0,0.0,1.2460001,0.0,6.0,10,101.1014252992507,101.1014252992507,no pobre,0,1,1000.0,701.5,1.0,52.0,17,144,19212,6,0.0
97,1.0,0.0,1.2460001,0.0,6.0,10,101.1014252992507,101.1014252992507,no pobre,0,1,1000.0,701.5,1.0,52.0,15,144,19213,6,0.0
98,1.0,0.0,1.2460001,0.0,6.0,10,101.1014252992507,101.1014252992507,no pobre,0,1,1000.0,701.5,1.0,52.0,16,144,19213,6,0.0
97,0.0,0.0,1.2460001,1.0,5.0,10,101.1014252992507,101.1014252992507,no pobre,0,1,1000.0,701.5,1.0,52.0,12,144,19214,5,1.0
98,0.0,0.0,1.2460001,0.0,6.0,10,101.1014252992507,101.1014252992507,no pobre,0,1,1000.0,701.5,1.0,52.0,13,144,19214,5,1.0
97,0.0,0.0,1.2460001,1.0,5.0,10,101.1014252992507,101.1014252992507,no pobre,0,1,1000.0,701.5,1.0,52.0,12,144,19215,5,1.0
98,0.0,0.0,1.2460001,0.0,6.0,10,101.1014252992507,101.1014252992507,no pobre,0,1,1000.0,701.5,1.0,52.0,13,144,19215,5,1.0
97,0.0,0.0,1.2460001,1.0,4.0,10,101.1014252992507,101.1014252992507,no pobre,0,1,1000.0,701.5,1.0,52.0,10,144,19216,4,1.0
98,0.0,0.0,1.2460001,1.0,5.0,10,101.1014252992507,101.1014252992507,no pobre,0,1,1000.0,701.5,1.0,52.0,11,144,19216,4,1.0
97,1.0,0.0,1.2460001,1.0,1.0,10,101.1014252992507,101.1014252992507,no pobre,0,1,1000.0,701.5,1.0,52.0,7,144,19217,1,1.0
98,1.0,0.0,1.2460001,1.0,2.0,10,101.1014252992507,101.1014252992507,no pobre,0,1,1000.0,701.5,1.0,52.0,8,144,19217,1,1.0
97,1.0,0.0,1.2460001,1.0,1.0,4,101.1014252992507,101.1014252992507,pobre,0,0,750.0,743.0,1.0,86.0,7,144,19218,1,1.0
98,1.0,0.0,1.2460001,1.0,2.0,4,101.1014252992507,101.1014252992507,pobre,0,0,750.0,743.0,1.0,86.0,8,144,19218,1,1.0
97,1.0,0.0,1.2460001,0.0,6.0,7,101.1014252992507,101.1014252992507,pobre,0,2,1250.0,712.25,1.0,48.0,15,144,19219,6,0.0
98,1.0,0.0,1.2460001,1.0,6.0,7,101.1014252992507,101.1014252992507,pobre,0,2,1250.0,712.25,1.0,48.0,16,144,19219,6,0.0
97,1.0,0.0,1.2460001,0.0,6.0,7,101.1014252992507,101.1014252992507,pobre,0,2,1250.0,712.25,1.0,48.0,12,144,19220,6,0.0
98,1.0,0.0,1.2460001,0.0,6.0,7,101.1014252992507,101.1014252992507,pobre,0,2,1250.0,712.25,1.0,48.0,13,144,19220,6,0.0
97,1.0,0.0,2.8599999,0.0,6.0,10,61.98534797690349,61.98534797690349,pobre,basal,2,1000.0,564.5,1.0,36.0,16,186,19221,6,0.0
98,1.0,0.0,2.8599999,,,10,61.98534797690349,61.98534797690349,pobre,basal,2,1000.0,564.5,1.0,36.0,17,186,19221,6,0.0
97,1.0,0.0,2.8599999,0.0,6.0,10,61.98534797690349,61.98534797690349,pobre,basal,2,1000.0,564.5,1.0,36.0,14,186,19222,6,0.0
98,1.0,0.0,2.8599999,0.0,6.0,10,61.98534797690349,61.98534797690349,pobre,basal,2,1000.0,564.5,1.0,36.0,15,186,19222,6,0.0
97,0.0,0.0,2.8599999,0.0,6.0,10,61.98534797690349,61.98534797690349,pobre,basal,2,1000.0,564.5,1.0,36.0,13,186,19223,6,0.0
98,0.0,0.0,2.8599999,1.0,6.0,10,61.98534797690349,61.98534797690349,pobre,basal,2,1000.0,564.5,1.0,36.0,14,186,19223,6,0.0
97,1.0,0.0,2.8599999,1.0,3.0,10,61.98534797690349,61.98534797690349,pobre,basal,2,1000.0,564.5,1.0,36.0,10,186,19224,3,1.0
98,1.0,0.0,2.8599999,1.0,4.0,10,61.98534797690349,61.98534797690349,pobre,basal,2,1000.0,564.5,1.0,36.0,11,186,19224,3,1.0
97,1.0,0.0,2.8599999,1.0,1.0,10,61.98534797690349,61.98534797690349,pobre,basal,2,1000.0,564.5,1.0,36.0,9,186,19225,1,1.0
98,1.0,0.0,2.8599999,1.0,2.0,10,61.98534797690349,61.98534797690349,pobre,basal,2,1000.0,564.5,1.0,36.0,10,186,19225,1,1.0
97,0.0,0.0,2.8599999,1.0,0.0,10,61.98534797690349,61.98534797690349,pobre,basal,2,1000.0,564.5,1.0,36.0,7,186,19226,0,1.0
98,0.0,0.0,2.8599999,1.0,1.0,10,61.98534797690349,61.98534797690349,pobre,basal,2,1000.0,564.5,1.0,36.0,8,186,19226,0,1.0
97,1.0,0.0,4.869,0.0,6.0,8,100.4116835699966,100.4116835699966,pobre,0,4,1125.0,519.20001,1.0,34.0,15,141,19227,6,0.0
98,1.0,0.0,4.869,0.0,6.0,8,100.4116835699966,100.4116835699966,pobre,0,4,1125.0,519.20001,1.0,34.0,16,141,19227,6,0.0
97,1.0,0.0,4.869,0.0,1.0,8,100.4116835699966,100.4116835699966,pobre,0,4,1125.0,519.20001,1.0,34.0,14,141,19228,1,0.0
98,1.0,0.0,4.869,0.0,6.0,8,100.4116835699966,100.4116835699966,pobre,0,4,1125.0,519.20001,1.0,34.0,15,141,19228,1,0.0
97,1.0,0.0,4.869,1.0,5.0,8,100.4116835699966,100.4116835699966,pobre,0,4,1125.0,519.20001,1.0,34.0,12,141,19229,5,1.0
98,1.0,0.0,4.869,1.0,6.0,8,100.4116835699966,100.4116835699966,pobre,0,4,1125.0,519.20001,1.0,34.0,13,141,19229,5,1.0
97,1.0,0.0,4.869,1.0,4.0,8,100.4116835699966,100.4116835699966,pobre,0,4,1125.0,519.20001,1.0,34.0,9,141,19230,4,1.0
98,1.0,0.0,4.869,1.0,5.0,8,100.4116835699966,100.4116835699966,pobre,0,4,1125.0,519.20001,1.0,34.0,10,141,19230,4,1.0
97,0.0,0.0,4.869,1.0,2.0,8,100.4116835699966,100.4116835699966,pobre,0,4,1125.0,519.20001,1.0,34.0,9,141,19231,2,1.0
98,0.0,0.0,4.869,1.0,3.0,8,100.4116835699966,100.4116835699966,pobre,0,4,1125.0,519.20001,1.0,34.0,10,141,19231,2,1.0
97,0.0,0.0,4.869,0.0,6.0,6,100.4116835699966,100.4116835699966,no pobre,0,4,0.0,745.0,1.0,39.0,16,141,19232,6,0.0
98,0.0,0.0,4.869,,,6,100.4116835699966,100.4116835699966,no pobre,0,4,0.0,745.0,1.0,39.0,17,141,19232,6,0.0
97,1.0,0.0,4.869,1.0,6.0,6,100.4116835699966,100.4116835699966,no pobre,0,4,0.0,745.0,1.0,39.0,13,141,19233,6,1.0
98,1.0,0.0,4.869,1.0,7.0,6,100.4116835699966,100.4116835699966,no pobre,0,4,0.0,745.0,1.0,39.0,14,141,19233,6,1.0
97,0.0,0.0,4.869,1.0,3.0,6,100.4116835699966,100.4116835699966,no pobre,0,4,0.0,745.0,1.0,39.0,10,141,19234,3,1.0
98,0.0,0.0,4.869,1.0,4.0,6,100.4116835699966,100.4116835699966,no pobre,0,4,0.0,745.0,1.0,39.0,11,141,19234,3,1.0
97,1.0,0.0,4.869,1.0,1.0,4,100.4116835699966,100.4116835699966,no pobre,0,0,750.0,727.0,1.0,69.0,14,141,19235,1,1.0
98,1.0,0.0,4.869,1.0,7.0,4,100.4116835699966,100.4116835699966,no pobre,0,0,750.0,727.0,1.0,69.0,15,141,19235,1,1.0
97,0.0,0.0,4.869,1.0,4.0,9,100.4116835699966,100.4116835699966,pobre,0,6,1000.0,433.0,1.0,35.0,13,141,19236,4,1.0
98,0.0,0.0,4.869,1.0,5.0,9,100.4116835699966,100.4116835699966,pobre,0,6,1000.0,433.0,1.0,35.0,14,141,19236,4,1.0
97,0.0,0.0,4.869,1.0,4.0,9,100.4116835699966,100.4116835699966,pobre,0,6,1000.0,433.0,1.0,35.0,12,141,19237,4,1.0
98,0.0,0.0,4.869,1.0,5.0,9,100.4116835699966,100.4116835699966,pobre,0,6,1000.0,433.0,1.0,35.0,13,141,19237,4,1.0
97,1.0,0.0,4.869,1.0,2.0,9,100.4116835699966,100.4116835699966,pobre,0,6,1000.0,433.0,1.0,35.0,8,141,19238,2,1.0
98,1.0,0.0,4.869,1.0,3.0,9,100.4116835699966,100.4116835699966,pobre,0,6,1000.0,433.0,1.0,35.0,9,141,19238,2,1.0
97,0.0,0.0,4.869,1.0,1.0,9,100.4116835699966,100.4116835699966,pobre,0,6,1000.0,433.0,1.0,35.0,7,141,19239,1,1.0
98,0.0,0.0,4.869,1.0,2.0,9,100.4116835699966,100.4116835699966,pobre,0,6,1000.0,433.0,1.0,35.0,8,141,19239,1,1.0
97,0.0,0.0,4.869,1.0,5.0,8,100.4116835699966,100.4116835699966,pobre,0,0,0.0,678.0,1.0,56.0,13,141,19240,5,1.0
98,0.0,0.0,4.869,1.0,6.0,8,100.4116835699966,100.4116835699966,pobre,0,0,0.0,678.0,1.0,56.0,14,141,19240,5,1.0
97,0.0,0.0,4.869,1.0,5.0,8,100.4116835699966,100.4116835699966,pobre,0,0,0.0,678.0,1.0,56.0,13,141,19241,5,1.0
98,0.0,0.0,4.869,,,8,100.4116835699966,100.4116835699966,pobre,0,0,0.0,678.0,1.0,56.0,14,141,19241,5,1.0
97,0.0,0.0,4.869,1.0,5.0,8,100.4116835699966,100.4116835699966,pobre,0,0,0.0,678.0,1.0,56.0,12,141,19242,5,1.0
98,0.0,0.0,4.869,,,8,100.4116835699966,100.4116835699966,pobre,0,0,0.0,678.0,1.0,56.0,13,141,19242,5,1.0
97,1.0,0.0,4.869,1.0,2.0,8,100.4116835699966,100.4116835699966,pobre,0,0,0.0,678.0,1.0,56.0,9,141,19243,2,1.0
98,1.0,0.0,4.869,,,8,100.4116835699966,100.4116835699966,pobre,0,0,0.0,678.0,1.0,56.0,10,141,19243,2,1.0
97,1.0,0.0,4.869,1.0,0.0,8,100.4116835699966,100.4116835699966,pobre,0,0,0.0,678.0,1.0,56.0,6,141,19244,0,1.0
98,1.0,0.0,4.869,,,8,100.4116835699966,100.4116835699966,pobre,0,0,0.0,678.0,1.0,56.0,7,141,19244,0,1.0
97,0.0,0.0,4.869,1.0,4.0,3,100.4116835699966,100.4116835699966,pobre,0,2,0.0,694.0,1.0,66.0,14,141,19245,4,1.0
98,0.0,0.0,4.869,0.0,4.0,3,100.4116835699966,100.4116835699966,pobre,0,2,0.0,694.0,1.0,66.0,15,141,19245,4,1.0
97,1.0,0.0,3.076,0.0,6.0,5,51.76647505449759,107.9091275478837,no pobre,basal,1,1250.0,771.5,1.0,44.0,16,137,19246,6,0.0
98,1.0,0.0,3.076,,,5,51.76647505449759,107.9091275478837,no pobre,basal,1,1250.0,771.5,1.0,44.0,17,137,19246,6,0.0
97,0.0,0.0,3.076,1.0,7.0,5,51.76647505449759,107.9091275478837,no pobre,basal,1,1250.0,771.5,1.0,44.0,14,137,19247,7,1.0
98,0.0,0.0,3.076,1.0,8.0,5,51.76647505449759,107.9091275478837,no pobre,basal,1,1250.0,771.5,1.0,44.0,15,137,19247,7,1.0
97,0.0,0.0,3.076,1.0,0.0,5,51.76647505449759,107.9091275478837,no pobre,basal,1,1250.0,771.5,1.0,44.0,6,137,19248,0,1.0
98,0.0,0.0,3.076,1.0,1.0,5,51.76647505449759,107.9091275478837,no pobre,basal,1,1250.0,771.5,1.0,44.0,7,137,19248,0,1.0
97,1.0,0.0,0.0,0.0,8.0,9,80.30829567962643,80.30829567962643,pobre,basal,5,920.0,555.5,1.0,38.0,13,132,19249,8,0.0
98,1.0,0.0,0.0,0.0,8.0,9,80.30829567962643,80.30829567962643,pobre,basal,5,920.0,555.5,1.0,38.0,14,132,19249,8,0.0
97,0.0,0.0,0.0,1.0,6.0,9,80.30829567962643,80.30829567962643,pobre,basal,5,920.0,555.5,1.0,38.0,13,132,19250,6,1.0
98,0.0,0.0,0.0,1.0,7.0,9,80.30829567962643,80.30829567962643,pobre,basal,5,920.0,555.5,1.0,38.0,14,132,19250,6,1.0
97,0.0,0.0,0.0,1.0,4.0,9,80.30829567962643,80.30829567962643,pobre,basal,5,920.0,555.5,1.0,38.0,10,132,19251,4,1.0
98,0.0,0.0,0.0,1.0,5.0,9,80.30829567962643,80.30829567962643,pobre,basal,5,920.0,555.5,1.0,38.0,11,132,19251,4,1.0
97,0.0,0.0,0.0,1.0,1.0,9,80.30829567962643,80.30829567962643,pobre,basal,5,920.0,555.5,1.0,38.0,7,132,19252,1,1.0
98,0.0,0.0,0.0,1.0,2.0,9,80.30829567962643,80.30829567962643,pobre,basal,5,920.0,555.5,1.0,38.0,8,132,19252,1,1.0
97,0.0,0.0,0.0,1.0,6.0,6,80.30829567962643,80.30829567962643,pobre,basal,8,666.66669,629.0,1.0,41.0,12,132,19253,6,1.0
98,0.0,0.0,0.0,1.0,7.0,6,80.30829567962643,80.30829567962643,pobre,basal,8,666.66669,629.0,1.0,41.0,13,132,19253,6,1.0
97,1.0,0.0,0.0,1.0,3.0,6,80.30829567962643,80.30829567962643,pobre,basal,8,666.66669,629.0,1.0,41.0,11,132,19254,3,1.0
98,1.0,0.0,0.0,1.0,4.0,6,80.30829567962643,80.30829567962643,pobre,basal,8,666.66669,629.0,1.0,41.0,12,132,19254,3,1.0
97,0.0,0.0,0.0,1.0,2.0,6,80.30829567962643,80.30829567962643,pobre,basal,8,666.66669,629.0,1.0,41.0,9,132,19255,2,1.0
98,0.0,0.0,0.0,1.0,3.0,6,80.30829567962643,80.30829567962643,pobre,basal,8,666.66669,629.0,1.0,41.0,10,132,19255,2,1.0
97,1.0,0.0,0.0,0.0,7.0,5,80.30829567962643,80.30829567962643,pobre,basal,0,875.0,680.5,1.0,35.0,15,132,19256,7,0.0
98,1.0,0.0,0.0,0.0,7.0,5,80.30829567962643,80.30829567962643,pobre,basal,0,875.0,680.5,1.0,35.0,16,132,19256,7,0.0
97,1.0,0.0,0.0,1.0,1.0,5,80.30829567962643,80.30829567962643,pobre,basal,0,875.0,680.5,1.0,35.0,7,132,19257,1,1.0
98,1.0,0.0,0.0,1.0,2.0,5,80.30829567962643,80.30829567962643,pobre,basal,0,875.0,680.5,1.0,35.0,8,132,19257,1,1.0
97,1.0,0.0,0.0,0.0,6.0,6,80.30829567962643,80.30829567962643,no pobre,basal,0,833.33331,709.0,1.0,49.0,16,132,19258,6,0.0
98,1.0,0.0,0.0,,,6,80.30829567962643,80.30829567962643,no pobre,basal,0,833.33331,709.0,1.0,49.0,17,132,19258,6,0.0
97,0.0,0.0,0.0,0.0,6.0,6,80.30829567962643,80.30829567962643,no pobre,basal,0,833.33331,709.0,1.0,49.0,13,132,19259,6,0.0
98,0.0,0.0,0.0,0.0,6.0,6,80.30829567962643,80.30829567962643,no pobre,basal,0,833.33331,709.0,1.0,49.0,14,132,19259,6,0.0
97,0.0,0.0,0.0,1.0,5.0,6,80.30829567962643,80.30829567962643,no pobre,basal,0,833.33331,709.0,1.0,49.0,11,132,19260,5,1.0
98,0.0,0.0,0.0,0.0,6.0,6,80.30829567962643,80.30829567962643,no pobre,basal,0,833.33331,709.0,1.0,49.0,12,132,19260,5,1.0
97,0.0,0.0,0.0,1.0,4.0,6,80.30829567962643,80.30829567962643,no pobre,basal,0,833.33331,709.0,1.0,49.0,10,132,19261,4,1.0
98,0.0,0.0,0.0,1.0,5.0,6,80.30829567962643,80.30829567962643,no pobre,basal,0,833.33331,709.0,1.0,49.0,11,132,19261,4,1.0
97,1.0,0.0,0.0,1.0,7.0,7,80.30829567962643,80.30829567962643,pobre,basal,6,333.33334,689.79999,1.0,44.0,15,132,19262,7,1.0
98,1.0,0.0,0.0,1.0,8.0,7,80.30829567962643,80.30829567962643,pobre,basal,6,333.33334,689.79999,1.0,44.0,16,132,19262,7,1.0
97,0.0,0.0,0.0,1.0,5.0,7,80.30829567962643,80.30829567962643,pobre,basal,6,333.33334,689.79999,1.0,44.0,13,132,19263,5,1.0
98,0.0,0.0,0.0,1.0,6.0,7,80.30829567962643,80.30829567962643,pobre,basal,6,333.33334,689.79999,1.0,44.0,14,132,19263,5,1.0
97,1.0,0.0,0.0,1.0,3.0,7,80.30829567962643,80.30829567962643,pobre,basal,6,333.33334,689.79999,1.0,44.0,11,132,19264,3,1.0
98,1.0,0.0,0.0,1.0,4.0,7,80.30829567962643,80.30829567962643,pobre,basal,6,333.33334,689.79999,1.0,44.0,12,132,19264,3,1.0
97,1.0,0.0,0.0,1.0,3.0,5,80.30829567962643,80.30829567962643,pobre,basal,3,666.66669,656.5,1.0,40.0,9,132,19265,3,1.0
98,1.0,0.0,0.0,1.0,4.0,5,80.30829567962643,80.30829567962643,pobre,basal,3,666.66669,656.5,1.0,40.0,10,132,19265,3,1.0
97,1.0,0.0,0.0,1.0,1.0,5,80.30829567962643,80.30829567962643,pobre,basal,3,666.66669,656.5,1.0,40.0,7,132,19266,1,1.0
98,1.0,0.0,0.0,1.0,2.0,5,80.30829567962643,80.30829567962643,pobre,basal,3,666.66669,656.5,1.0,40.0,8,132,19266,1,1.0
97,0.0,0.0,0.0,1.0,0.0,5,80.30829567962643,80.30829567962643,pobre,basal,3,666.66669,656.5,1.0,40.0,6,132,19267,0,1.0
98,0.0,0.0,0.0,1.0,1.0,5,80.30829567962643,80.30829567962643,pobre,basal,3,666.66669,656.5,1.0,40.0,7,132,19267,0,1.0
97,0.0,0.0,0.0,1.0,6.0,5,80.30829567962643,80.30829567962643,no pobre,basal,3,1600.0,770.5,1.0,54.0,12,132,19268,6,1.0
98,0.0,0.0,0.0,0.0,6.0,5,80.30829567962643,80.30829567962643,no pobre,basal,3,1600.0,770.5,1.0,54.0,13,132,19268,6,1.0
97,1.0,0.0,0.0,0.0,9.0,5,80.30829567962643,80.30829567962643,no pobre,basal,3,1600.0,770.5,1.0,54.0,16,132,19269,9,0.0
98,1.0,0.0,0.0,0.0,9.0,5,80.30829567962643,80.30829567962643,no pobre,basal,3,1600.0,770.5,1.0,54.0,17,132,19269,9,0.0
97,0.0,0.0,0.0,1.0,0.0,8,80.30829567962643,80.30829567962643,pobre,basal,6,0.0,452.0,1.0,34.0,6,132,19270,0,1.0
98,0.0,0.0,0.0,1.0,1.0,8,80.30829567962643,80.30829567962643,pobre,basal,6,0.0,452.0,1.0,34.0,7,132,19270,0,1.0
97,1.0,0.0,0.0,1.0,7.0,6,143.431273008683,171.3365425088043,pobre,basal,3,0.0,644.5,1.0,46.0,13,238,19271,7,1.0
98,1.0,0.0,0.0,1.0,8.0,6,143.431273008683,171.3365425088043,pobre,basal,3,0.0,644.5,1.0,46.0,14,238,19271,7,1.0
97,1.0,0.0,0.0,1.0,5.0,6,143.431273008683,171.3365425088043,pobre,basal,3,0.0,644.5,1.0,46.0,11,238,19272,5,1.0
98,1.0,0.0,0.0,1.0,6.0,6,143.431273008683,171.3365425088043,pobre,basal,3,0.0,644.5,1.0,46.0,12,238,19272,5,1.0
97,1.0,0.0,0.0,1.0,2.0,6,143.431273008683,171.3365425088043,pobre,basal,3,0.0,644.5,1.0,46.0,9,238,19273,2,1.0
98,1.0,0.0,0.0,1.0,3.0,6,143.431273008683,171.3365425088043,pobre,basal,3,0.0,644.5,1.0,46.0,10,238,19273,2,1.0
97,1.0,1.0,2.671,1.0,8.0,4,143.3207135991461,172.0543496515612,pobre,basal,0,41.666668,670.33002,1.0,56.0,15,237,19274,8,1.0
98,1.0,1.0,2.671,0.0,9.0,4,143.3207135991461,172.0543496515612,pobre,basal,0,41.666668,670.33002,1.0,56.0,16,237,19274,8,1.0
97,1.0,1.0,2.671,1.0,2.0,5,143.3207135991461,172.0543496515612,pobre,basal,0,280.0,661.67999,1.0,45.0,8,237,19275,2,1.0
98,1.0,1.0,2.671,1.0,1.0,5,143.3207135991461,172.0543496515612,pobre,basal,0,280.0,661.67999,1.0,45.0,9,237,19275,2,1.0
97,1.0,1.0,2.671,1.0,3.0,5,143.3207135991461,172.0543496515612,pobre,basal,2,320.0,624.66998,1.0,29.0,9,237,19276,3,1.0
98,1.0,1.0,2.671,1.0,4.0,5,143.3207135991461,172.0543496515612,pobre,basal,2,320.0,624.66998,1.0,29.0,10,237,19276,3,1.0
97,0.0,0.0,0.0,1.0,5.0,7,80.30829567962643,80.30829567962643,pobre,basal,4,875.0,549.0,1.0,35.0,12,132,19277,5,1.0
98,0.0,0.0,0.0,1.0,6.0,7,80.30829567962643,80.30829567962643,pobre,basal,4,875.0,549.0,1.0,35.0,13,132,19277,5,1.0
97,0.0,0.0,0.0,1.0,3.0,7,80.30829567962643,80.30829567962643,pobre,basal,4,875.0,549.0,1.0,35.0,9,132,19278,3,1.0
98,0.0,0.0,0.0,1.0,4.0,7,80.30829567962643,80.30829567962643,pobre,basal,4,875.0,549.0,1.0,35.0,10,132,19278,3,1.0
97,0.0,0.0,0.0,1.0,1.0,7,80.30829567962643,80.30829567962643,pobre,basal,4,875.0,549.0,1.0,35.0,7,132,19279,1,1.0
98,0.0,0.0,0.0,1.0,2.0,7,80.30829567962643,80.30829567962643,pobre,basal,4,875.0,549.0,1.0,35.0,8,132,19279,1,1.0
97,0.0,0.0,0.0,1.0,8.0,6,80.30829567962643,80.30829567962643,no pobre,basal,2,680.0,806.5,1.0,57.0,15,132,19280,8,1.0
98,0.0,0.0,0.0,0.0,9.0,6,80.30829567962643,80.30829567962643,no pobre,basal,2,680.0,806.5,1.0,57.0,16,132,19280,8,1.0
97,1.0,0.0,0.0,0.0,2.0,10,80.30829567962643,80.30829567962643,pobre,basal,0,680.0,585.0,1.0,42.0,16,132,19281,2,0.0
98,1.0,0.0,0.0,,,10,80.30829567962643,80.30829567962643,pobre,basal,0,680.0,585.0,1.0,42.0,17,132,19281,2,0.0
97,1.0,0.0,0.0,1.0,8.0,10,80.30829567962643,80.30829567962643,pobre,basal,0,680.0,585.0,1.0,42.0,15,132,19282,8,1.0
98,1.0,0.0,0.0,0.0,9.0,10,80.30829567962643,80.30829567962643,pobre,basal,0,680.0,585.0,1.0,42.0,16,132,19282,8,1.0
97,1.0,0.0,0.0,1.0,4.0,10,80.30829567962643,80.30829567962643,pobre,basal,0,680.0,585.0,1.0,42.0,14,132,19283,4,1.0
98,1.0,0.0,0.0,1.0,5.0,10,80.30829567962643,80.30829567962643,pobre,basal,0,680.0,585.0,1.0,42.0,15,132,19283,4,1.0
97,1.0,0.0,0.0,1.0,4.0,10,80.30829567962643,80.30829567962643,pobre,basal,0,680.0,585.0,1.0,42.0,11,132,19284,4,1.0
98,1.0,0.0,0.0,1.0,4.0,10,80.30829567962643,80.30829567962643,pobre,basal,0,680.0,585.0,1.0,42.0,12,132,19284,4,1.0
97,0.0,0.0,0.0,1.0,3.0,10,80.30829567962643,80.30829567962643,pobre,basal,0,680.0,585.0,1.0,42.0,9,132,19285,3,1.0
98,0.0,0.0,0.0,1.0,4.0,10,80.30829567962643,80.30829567962643,pobre,basal,0,680.0,585.0,1.0,42.0,10,132,19285,3,1.0
97,0.0,0.0,0.0,1.0,1.0,10,80.30829567962643,80.30829567962643,pobre,basal,0,680.0,585.0,1.0,42.0,7,132,19286,1,1.0
98,0.0,0.0,0.0,1.0,2.0,10,80.30829567962643,80.30829567962643,pobre,basal,0,680.0,585.0,1.0,42.0,8,132,19286,1,1.0
97,0.0,0.0,0.0,1.0,0.0,3,80.30829567962643,80.30829567962643,pobre,basal,4,700.0,723.0,1.0,34.0,6,132,19287,0,1.0
98,0.0,0.0,0.0,,,3,80.30829567962643,80.30829567962643,pobre,basal,4,700.0,723.0,1.0,34.0,7,132,19287,0,1.0
97,1.0,0.0,4.869,1.0,3.0,3,100.4116835699966,100.4116835699966,pobre,0,2,1000.0,690.0,1.0,40.0,11,141,19288,3,1.0
98,1.0,0.0,4.869,,,3,100.4116835699966,100.4116835699966,pobre,0,2,1000.0,690.0,1.0,40.0,12,141,19288,3,1.0
97,0.0,0.0,4.869,1.0,1.0,5,100.4116835699966,100.4116835699966,pobre,0,6,750.0,572.0,1.0,25.0,6,141,19289,1,1.0
98,0.0,0.0,4.869,,,5,100.4116835699966,100.4116835699966,pobre,0,6,750.0,572.0,1.0,25.0,7,141,19289,1,1.0
97,1.0,0.0,4.869,1.0,1.0,5,100.4116835699966,100.4116835699966,pobre,0,6,750.0,572.0,1.0,25.0,7,141,19290,1,1.0
98,1.0,0.0,4.869,,,5,100.4116835699966,100.4116835699966,pobre,0,6,750.0,572.0,1.0,25.0,8,141,19290,1,1.0
97,0.0,0.0,4.869,1.0,6.0,7,100.4116835699966,100.4116835699966,pobre,0,6,1000.0,512.0,1.0,33.0,13,141,19291,6,1.0
98,0.0,0.0,4.869,1.0,7.0,7,100.4116835699966,100.4116835699966,pobre,0,6,1000.0,512.0,1.0,33.0,14,141,19291,6,1.0
97,0.0,0.0,4.869,1.0,3.0,7,100.4116835699966,100.4116835699966,pobre,0,6,1000.0,512.0,1.0,33.0,10,141,19292,3,1.0
98,0.0,0.0,4.869,1.0,4.0,7,100.4116835699966,100.4116835699966,pobre,0,6,1000.0,512.0,1.0,33.0,11,141,19292,3,1.0
97,1.0,0.0,4.869,1.0,2.0,7,100.4116835699966,100.4116835699966,pobre,0,6,1000.0,512.0,1.0,33.0,8,141,19293,2,1.0
98,1.0,0.0,4.869,1.0,3.0,7,100.4116835699966,100.4116835699966,pobre,0,6,1000.0,512.0,1.0,33.0,9,141,19293,2,1.0
97,1.0,0.0,4.869,1.0,1.0,7,100.4116835699966,100.4116835699966,pobre,0,6,1000.0,512.0,1.0,33.0,7,141,19294,1,1.0
98,1.0,0.0,4.869,1.0,2.0,7,100.4116835699966,100.4116835699966,pobre,0,6,1000.0,512.0,1.0,33.0,8,141,19294,1,1.0
97,1.0,0.0,4.869,1.0,4.0,3,100.4116835699966,100.4116835699966,pobre,0,1,0.0,699.0,0.0,41.0,9,141,19295,4,1.0
98,1.0,0.0,4.869,1.0,5.0,3,100.4116835699966,100.4116835699966,pobre,0,1,0.0,699.0,0.0,41.0,10,141,19295,4,1.0
97,1.0,0.0,4.869,1.0,1.0,3,100.4116835699966,100.4116835699966,pobre,0,1,0.0,699.0,0.0,41.0,7,141,19296,1,1.0
98,1.0,0.0,4.869,1.0,1.0,3,100.4116835699966,100.4116835699966,pobre,0,1,0.0,699.0,0.0,41.0,8,141,19296,1,1.0
97,0.0,0.0,3.076,0.0,6.0,3,51.76647505449759,107.9091275478837,no pobre,basal,2,0.0,746.0,1.0,55.0,15,137,19297,6,0.0
98,0.0,0.0,3.076,0.0,6.0,3,51.76647505449759,107.9091275478837,no pobre,basal,2,0.0,746.0,1.0,55.0,16,137,19297,6,0.0
97,1.0,0.0,3.076,0.0,6.0,5,51.76647505449759,107.9091275478837,pobre,basal,0,83.333336,691.5,1.0,52.0,14,137,19298,6,0.0
98,1.0,0.0,3.076,1.0,6.0,5,51.76647505449759,107.9091275478837,pobre,basal,0,83.333336,691.5,1.0,52.0,15,137,19298,6,0.0
97,0.0,0.0,3.076,1.0,4.0,5,51.76647505449759,107.9091275478837,pobre,basal,0,83.333336,691.5,1.0,52.0,9,137,19299,4,1.0
98,0.0,0.0,3.076,1.0,5.0,5,51.76647505449759,107.9091275478837,pobre,basal,0,83.333336,691.5,1.0,52.0,10,137,19299,4,1.0
97,1.0,0.0,2.8599999,1.0,7.0,5,61.98534797690349,61.98534797690349,no pobre,basal,6,4000.0,756.5,1.0,30.0,13,186,19300,7,1.0
98,1.0,0.0,2.8599999,1.0,8.0,5,61.98534797690349,61.98534797690349,no pobre,basal,6,4000.0,756.5,1.0,30.0,14,186,19300,7,1.0
97,1.0,0.0,2.8599999,1.0,3.0,5,61.98534797690349,61.98534797690349,no pobre,basal,6,4000.0,756.5,1.0,30.0,10,186,19301,3,1.0
98,1.0,0.0,2.8599999,1.0,3.0,5,61.98534797690349,61.98534797690349,no pobre,basal,6,4000.0,756.5,1.0,30.0,11,186,19301,3,1.0
97,1.0,0.0,2.8599999,1.0,5.0,5,61.98534797690349,61.98534797690349,no pobre,basal,9,1200.0,745.5,1.0,34.0,11,186,19302,5,1.0
98,1.0,0.0,2.8599999,1.0,5.0,5,61.98534797690349,61.98534797690349,no pobre,basal,9,1200.0,745.5,1.0,34.0,12,186,19302,5,1.0
97,0.0,0.0,2.8599999,1.0,4.0,5,61.98534797690349,61.98534797690349,no pobre,basal,9,1200.0,745.5,1.0,34.0,10,186,19303,4,1.0
98,0.0,0.0,2.8599999,1.0,4.0,5,61.98534797690349,61.98534797690349,no pobre,basal,9,1200.0,745.5,1.0,34.0,11,186,19303,4,1.0
97,0.0,0.0,2.8599999,1.0,1.0,5,61.98534797690349,61.98534797690349,no pobre,basal,9,1200.0,745.5,1.0,34.0,7,186,19304,1,1.0
98,0.0,0.0,2.8599999,1.0,1.0,5,61.98534797690349,61.98534797690349,no pobre,basal,9,1200.0,745.5,1.0,34.0,8,186,19304,1,1.0
97,1.0,0.0,2.8599999,0.0,6.0,12,61.98534797690349,61.98534797690349,pobre,basal,0,1000.0,340.0,1.0,41.0,16,186,19305,6,0.0
98,1.0,0.0,2.8599999,1.0,7.0,12,61.98534797690349,61.98534797690349,pobre,basal,0,1000.0,340.0,1.0,41.0,17,186,19305,6,0.0
97,1.0,0.0,2.8599999,1.0,1.0,12,61.98534797690349,61.98534797690349,pobre,basal,0,1000.0,340.0,1.0,41.0,14,186,19306,1,1.0
98,1.0,0.0,2.8599999,1.0,2.0,12,61.98534797690349,61.98534797690349,pobre,basal,0,1000.0,340.0,1.0,41.0,15,186,19306,1,1.0
97,1.0,0.0,2.8599999,1.0,5.0,12,61.98534797690349,61.98534797690349,pobre,basal,0,1000.0,340.0,1.0,41.0,12,186,19307,5,1.0
98,1.0,0.0,2.8599999,1.0,6.0,12,61.98534797690349,61.98534797690349,pobre,basal,0,1000.0,340.0,1.0,41.0,13,186,19307,5,1.0
97,1.0,0.0,2.8599999,1.0,3.0,12,61.98534797690349,61.98534797690349,pobre,basal,0,1000.0,340.0,1.0,41.0,8,186,19308,3,1.0
98,1.0,0.0,2.8599999,1.0,3.0,12,61.98534797690349,61.98534797690349,pobre,basal,0,1000.0,340.0,1.0,41.0,9,186,19308,3,1.0
97,0.0,0.0,2.8599999,1.0,1.0,12,61.98534797690349,61.98534797690349,pobre,basal,0,1000.0,340.0,1.0,41.0,7,186,19309,1,1.0
98,0.0,0.0,2.8599999,1.0,2.0,12,61.98534797690349,61.98534797690349,pobre,basal,0,1000.0,340.0,1.0,41.0,8,186,19309,1,1.0
97,1.0,0.0,2.8599999,1.0,1.0,12,61.98534797690349,61.98534797690349,pobre,basal,0,1000.0,340.0,1.0,41.0,6,186,19310,1,1.0
98,1.0,0.0,2.8599999,1.0,2.0,12,61.98534797690349,61.98534797690349,pobre,basal,0,1000.0,340.0,1.0,41.0,7,186,19310,1,1.0
97,1.0,0.0,1.2460001,1.0,0.0,5,101.1014252992507,101.1014252992507,pobre,0,0,1250.0,671.5,1.0,33.0,7,144,19311,0,1.0
98,1.0,0.0,1.2460001,1.0,1.0,5,101.1014252992507,101.1014252992507,pobre,0,0,1250.0,671.5,1.0,33.0,8,144,19311,0,1.0
97,1.0,0.0,1.2460001,0.0,6.0,9,101.1014252992507,101.1014252992507,pobre,0,2,1250.0,628.0,1.0,40.0,15,144,19312,6,0.0
98,1.0,0.0,1.2460001,1.0,6.0,9,101.1014252992507,101.1014252992507,pobre,0,2,1250.0,628.0,1.0,40.0,16,144,19312,6,0.0
97,0.0,0.0,1.2460001,0.0,6.0,9,101.1014252992507,101.1014252992507,pobre,0,2,1250.0,628.0,1.0,40.0,12,144,19313,6,0.0
98,0.0,0.0,1.2460001,1.0,6.0,9,101.1014252992507,101.1014252992507,pobre,0,2,1250.0,628.0,1.0,40.0,13,144,19313,6,0.0
97,0.0,0.0,1.2460001,1.0,5.0,9,101.1014252992507,101.1014252992507,pobre,0,2,1250.0,628.0,1.0,40.0,11,144,19314,5,1.0
98,0.0,0.0,1.2460001,0.0,6.0,9,101.1014252992507,101.1014252992507,pobre,0,2,1250.0,628.0,1.0,40.0,12,144,19314,5,1.0
97,0.0,0.0,1.2460001,1.0,3.0,9,101.1014252992507,101.1014252992507,pobre,0,2,1250.0,628.0,1.0,40.0,9,144,19315,3,1.0
98,0.0,0.0,1.2460001,1.0,4.0,9,101.1014252992507,101.1014252992507,pobre,0,2,1250.0,628.0,1.0,40.0,10,144,19315,3,1.0
97,0.0,0.0,1.2460001,1.0,1.0,9,101.1014252992507,101.1014252992507,pobre,0,2,1250.0,628.0,1.0,40.0,7,144,19316,1,1.0
98,0.0,0.0,1.2460001,1.0,2.0,9,101.1014252992507,101.1014252992507,pobre,0,2,1250.0,628.0,1.0,40.0,8,144,19316,1,1.0
97,1.0,0.0,1.2460001,1.0,9.0,8,101.1014252992507,101.1014252992507,pobre,0,0,1250.0,722.0,1.0,46.0,16,144,19317,9,1.0
98,1.0,0.0,1.2460001,,,8,101.1014252992507,101.1014252992507,pobre,0,0,1250.0,722.0,1.0,46.0,17,144,19317,9,1.0
97,0.0,0.0,1.2460001,1.0,7.0,8,101.1014252992507,101.1014252992507,pobre,0,0,1250.0,722.0,1.0,46.0,14,144,19318,7,1.0
98,0.0,0.0,1.2460001,1.0,8.0,8,101.1014252992507,101.1014252992507,pobre,0,0,1250.0,722.0,1.0,46.0,15,144,19318,7,1.0
97,1.0,0.0,1.2460001,0.0,6.0,8,101.1014252992507,101.1014252992507,pobre,0,0,1250.0,722.0,1.0,46.0,13,144,19319,6,0.0
98,1.0,0.0,1.2460001,0.0,6.0,8,101.1014252992507,101.1014252992507,pobre,0,0,1250.0,722.0,1.0,46.0,14,144,19319,6,0.0
97,1.0,0.0,1.2460001,1.0,2.0,8,101.1014252992507,101.1014252992507,pobre,0,0,1250.0,722.0,1.0,46.0,11,144,19320,2,1.0
98,1.0,0.0,1.2460001,1.0,3.0,8,101.1014252992507,101.1014252992507,pobre,0,0,1250.0,722.0,1.0,46.0,12,144,19320,2,1.0
97,0.0,0.0,1.2460001,0.0,5.0,6,101.1014252992507,101.1014252992507,pobre,0,0,240.0,566.0,1.0,61.0,14,144,19321,5,0.0
98,0.0,0.0,1.2460001,0.0,5.0,6,101.1014252992507,101.1014252992507,pobre,0,0,240.0,566.0,1.0,61.0,15,144,19321,5,0.0
97,1.0,0.0,1.2460001,0.0,4.0,6,101.1014252992507,101.1014252992507,pobre,0,0,240.0,566.0,1.0,61.0,13,144,19322,4,0.0
98,1.0,0.0,1.2460001,0.0,5.0,6,101.1014252992507,101.1014252992507,pobre,0,0,240.0,566.0,1.0,61.0,14,144,19322,4,0.0
97,0.0,0.0,1.2460001,1.0,5.0,6,101.1014252992507,101.1014252992507,pobre,0,0,240.0,566.0,1.0,61.0,11,144,19323,5,1.0
98,0.0,0.0,1.2460001,0.0,6.0,6,101.1014252992507,101.1014252992507,pobre,0,0,240.0,566.0,1.0,61.0,12,144,19323,5,1.0
97,0.0,0.0,1.2460001,1.0,2.0,6,101.1014252992507,101.1014252992507,pobre,0,0,240.0,566.0,1.0,61.0,9,144,19324,2,1.0
98,0.0,0.0,1.2460001,1.0,3.0,6,101.1014252992507,101.1014252992507,pobre,0,0,240.0,566.0,1.0,61.0,10,144,19324,2,1.0
97,0.0,0.0,1.2460001,0.0,6.0,7,101.1014252992507,101.1014252992507,pobre,0,0,1250.0,557.0,1.0,41.0,15,144,19325,6,0.0
98,0.0,0.0,1.2460001,0.0,6.0,7,101.1014252992507,101.1014252992507,pobre,0,0,1250.0,557.0,1.0,41.0,16,144,19325,6,0.0
97,1.0,0.0,1.2460001,0.0,6.0,7,101.1014252992507,101.1014252992507,pobre,0,0,1250.0,557.0,1.0,41.0,14,144,19326,6,0.0
98,1.0,0.0,1.2460001,0.0,6.0,7,101.1014252992507,101.1014252992507,pobre,0,0,1250.0,557.0,1.0,41.0,15,144,19326,6,0.0
97,1.0,0.0,1.2460001,0.0,6.0,7,101.1014252992507,101.1014252992507,pobre,0,0,1250.0,557.0,1.0,41.0,13,144,19327,6,0.0
98,1.0,0.0,1.2460001,0.0,6.0,7,101.1014252992507,101.1014252992507,pobre,0,0,1250.0,557.0,1.0,41.0,14,144,19327,6,0.0
97,0.0,0.0,1.2460001,1.0,4.0,7,101.1014252992507,101.1014252992507,pobre,0,0,1250.0,557.0,1.0,41.0,9,144,19328,4,1.0
98,0.0,0.0,1.2460001,1.0,4.0,7,101.1014252992507,101.1014252992507,pobre,0,0,1250.0,557.0,1.0,41.0,10,144,19328,4,1.0
97,0.0,0.0,1.2460001,0.0,6.0,9,101.1014252992507,101.1014252992507,pobre,0,1,1250.0,478.0,1.0,46.0,15,144,19329,6,0.0
98,0.0,0.0,1.2460001,1.0,6.0,9,101.1014252992507,101.1014252992507,pobre,0,1,1250.0,478.0,1.0,46.0,16,144,19329,6,0.0
97,1.0,0.0,1.2460001,1.0,2.0,9,101.1014252992507,101.1014252992507,pobre,0,1,1250.0,478.0,1.0,46.0,11,144,19330,2,1.0
98,1.0,0.0,1.2460001,1.0,3.0,9,101.1014252992507,101.1014252992507,pobre,0,1,1250.0,478.0,1.0,46.0,12,144,19330,2,1.0
97,0.0,0.0,1.2460001,1.0,2.0,9,101.1014252992507,101.1014252992507,pobre,0,1,1250.0,478.0,1.0,46.0,9,144,19331,2,1.0
98,0.0,0.0,1.2460001,1.0,3.0,9,101.1014252992507,101.1014252992507,pobre,0,1,1250.0,478.0,1.0,46.0,10,144,19331,2,1.0
97,1.0,0.0,1.2460001,1.0,0.0,9,101.1014252992507,101.1014252992507,pobre,0,1,1250.0,478.0,1.0,46.0,6,144,19332,0,1.0
98,1.0,0.0,1.2460001,1.0,0.0,9,101.1014252992507,101.1014252992507,pobre,0,1,1250.0,478.0,1.0,46.0,7,144,19332,0,1.0
97,1.0,0.0,1.2460001,1.0,4.0,7,101.1014252992507,101.1014252992507,pobre,0,2,1250.0,577.0,1.0,44.0,12,144,19333,4,1.0
98,1.0,0.0,1.2460001,1.0,5.0,7,101.1014252992507,101.1014252992507,pobre,0,2,1250.0,577.0,1.0,44.0,13,144,19333,4,1.0
97,0.0,0.0,1.2460001,1.0,4.0,7,101.1014252992507,101.1014252992507,pobre,0,2,1250.0,577.0,1.0,44.0,10,144,19334,4,1.0
98,0.0,0.0,1.2460001,1.0,5.0,7,101.1014252992507,101.1014252992507,pobre,0,2,1250.0,577.0,1.0,44.0,11,144,19334,4,1.0
97,0.0,0.0,1.2460001,1.0,8.0,7,101.1014252992507,101.1014252992507,pobre,0,2,1250.0,577.0,1.0,44.0,16,144,19335,8,1.0
98,0.0,0.0,1.2460001,,,7,101.1014252992507,101.1014252992507,pobre,0,2,1250.0,577.0,1.0,44.0,17,144,19335,8,1.0
97,0.0,0.0,0.0,1.0,6.0,7,103.386546498928,103.386546498928,pobre,basal,3,1000.0,572.0,1.0,60.0,13,140,19336,6,1.0
98,0.0,0.0,0.0,1.0,7.0,7,103.386546498928,103.386546498928,pobre,basal,3,1000.0,572.0,1.0,60.0,14,140,19336,6,1.0
97,0.0,0.0,0.0,1.0,5.0,7,103.386546498928,103.386546498928,pobre,basal,3,1000.0,572.0,1.0,60.0,11,140,19337,5,1.0
98,0.0,0.0,0.0,1.0,6.0,7,103.386546498928,103.386546498928,pobre,basal,3,1000.0,572.0,1.0,60.0,12,140,19337,5,1.0
97,0.0,0.0,0.0,1.0,4.0,7,103.386546498928,103.386546498928,pobre,basal,3,1000.0,572.0,1.0,60.0,10,140,19338,4,1.0
98,0.0,0.0,0.0,1.0,5.0,7,103.386546498928,103.386546498928,pobre,basal,3,1000.0,572.0,1.0,60.0,11,140,19338,4,1.0
97,1.0,0.0,0.0,1.0,2.0,7,103.386546498928,103.386546498928,pobre,basal,3,1000.0,572.0,1.0,60.0,9,140,19339,2,1.0
98,1.0,0.0,0.0,1.0,3.0,7,103.386546498928,103.386546498928,pobre,basal,3,1000.0,572.0,1.0,60.0,10,140,19339,2,1.0
97,1.0,0.0,0.0,1.0,1.0,7,103.386546498928,103.386546498928,pobre,basal,3,1000.0,572.0,1.0,60.0,8,140,19340,1,1.0
98,1.0,0.0,0.0,1.0,2.0,7,103.386546498928,103.386546498928,pobre,basal,3,1000.0,572.0,1.0,60.0,9,140,19340,1,1.0
97,0.0,0.0,0.0,1.0,6.0,7,103.386546498928,103.386546498928,pobre,basal,0,1250.0,694.5,1.0,48.0,16,140,19341,6,1.0
98,0.0,0.0,0.0,1.0,7.0,7,103.386546498928,103.386546498928,pobre,basal,0,1250.0,694.5,1.0,48.0,17,140,19341,6,1.0
97,0.0,0.0,0.0,1.0,6.0,7,103.386546498928,103.386546498928,pobre,basal,0,1250.0,694.5,1.0,48.0,13,140,19342,6,1.0
98,0.0,0.0,0.0,1.0,7.0,7,103.386546498928,103.386546498928,pobre,basal,0,1250.0,694.5,1.0,48.0,14,140,19342,6,1.0
97,0.0,0.0,0.0,1.0,3.0,7,103.386546498928,103.386546498928,pobre,basal,0,1250.0,694.5,1.0,48.0,9,140,19343,3,1.0
98,0.0,0.0,0.0,1.0,4.0,7,103.386546498928,103.386546498928,pobre,basal,0,1250.0,694.5,1.0,48.0,10,140,19343,3,1.0
97,0.0,0.0,0.0,1.0,1.0,7,103.386546498928,103.386546498928,pobre,basal,0,1250.0,694.5,1.0,48.0,7,140,19344,1,1.0
98,0.0,0.0,0.0,1.0,2.0,7,103.386546498928,103.386546498928,pobre,basal,0,1250.0,694.5,1.0,48.0,8,140,19344,1,1.0
97,0.0,0.0,0.0,1.0,8.0,10,103.386546498928,103.386546498928,pobre,basal,6,1000.0,448.0,1.0,35.0,15,140,19345,8,1.0
98,0.0,0.0,0.0,1.0,9.0,10,103.386546498928,103.386546498928,pobre,basal,6,1000.0,448.0,1.0,35.0,16,140,19345,8,1.0
97,0.0,0.0,0.0,1.0,7.0,10,103.386546498928,103.386546498928,pobre,basal,6,1000.0,448.0,1.0,35.0,14,140,19346,7,1.0
98,0.0,0.0,0.0,1.0,8.0,10,103.386546498928,103.386546498928,pobre,basal,6,1000.0,448.0,1.0,35.0,15,140,19346,7,1.0
97,0.0,0.0,0.0,1.0,5.0,10,103.386546498928,103.386546498928,pobre,basal,6,1000.0,448.0,1.0,35.0,11,140,19347,5,1.0
98,0.0,0.0,0.0,1.0,6.0,10,103.386546498928,103.386546498928,pobre,basal,6,1000.0,448.0,1.0,35.0,12,140,19347,5,1.0
97,1.0,0.0,0.0,1.0,2.0,10,103.386546498928,103.386546498928,pobre,basal,6,1000.0,448.0,1.0,35.0,9,140,19348,2,1.0
98,1.0,0.0,0.0,1.0,3.0,10,103.386546498928,103.386546498928,pobre,basal,6,1000.0,448.0,1.0,35.0,10,140,19348,2,1.0
97,0.0,0.0,0.0,1.0,0.0,10,103.386546498928,103.386546498928,pobre,basal,6,1000.0,448.0,1.0,35.0,6,140,19349,0,1.0
98,0.0,0.0,0.0,1.0,1.0,10,103.386546498928,103.386546498928,pobre,basal,6,1000.0,448.0,1.0,35.0,7,140,19349,0,1.0
97,0.0,0.0,2.8599999,1.0,2.0,4,61.98534797690349,61.98534797690349,pobre,basal,9,875.0,698.0,1.0,28.0,8,186,19350,2,1.0
98,0.0,0.0,2.8599999,1.0,3.0,4,61.98534797690349,61.98534797690349,pobre,basal,9,875.0,698.0,1.0,28.0,9,186,19350,2,1.0
97,1.0,0.0,1.2460001,1.0,7.0,5,101.1014252992507,101.1014252992507,pobre,0,8,1250.0,636.0,1.0,33.0,15,144,19351,7,1.0
98,1.0,0.0,1.2460001,1.0,8.0,5,101.1014252992507,101.1014252992507,pobre,0,8,1250.0,636.0,1.0,33.0,16,144,19351,7,1.0
97,1.0,0.0,1.2460001,1.0,4.0,5,101.1014252992507,101.1014252992507,pobre,0,8,1250.0,636.0,1.0,33.0,10,144,19352,4,1.0
98,1.0,0.0,1.2460001,1.0,4.0,5,101.1014252992507,101.1014252992507,pobre,0,8,1250.0,636.0,1.0,33.0,11,144,19352,4,1.0
97,0.0,0.0,1.2460001,1.0,0.0,5,101.1014252992507,101.1014252992507,pobre,0,8,1250.0,636.0,1.0,33.0,6,144,19353,0,1.0
98,0.0,0.0,1.2460001,1.0,1.0,5,101.1014252992507,101.1014252992507,pobre,0,8,1250.0,636.0,1.0,33.0,7,144,19353,0,1.0
97,1.0,0.0,1.2460001,1.0,7.0,3,101.1014252992507,101.1014252992507,pobre,0,6,0.0,672.0,0.0,29.0,14,144,19354,7,1.0
98,1.0,0.0,1.2460001,1.0,8.0,3,101.1014252992507,101.1014252992507,pobre,0,6,0.0,672.0,0.0,29.0,15,144,19354,7,1.0
97,0.0,0.0,1.2460001,1.0,3.0,3,101.1014252992507,101.1014252992507,pobre,0,6,0.0,672.0,0.0,29.0,9,144,19355,3,1.0
98,0.0,0.0,1.2460001,1.0,4.0,3,101.1014252992507,101.1014252992507,pobre,0,6,0.0,672.0,0.0,29.0,10,144,19355,3,1.0
97,0.0,0.0,1.2460001,1.0,2.0,5,101.1014252992507,101.1014252992507,pobre,0,0,1000.0,696.0,1.0,61.0,12,144,19356,2,1.0
98,0.0,0.0,1.2460001,1.0,2.0,5,101.1014252992507,101.1014252992507,pobre,0,0,1000.0,696.0,1.0,61.0,13,144,19356,2,1.0
97,0.0,0.0,1.2460001,1.0,9.0,8,101.1014252992507,101.1014252992507,no pobre,0,0,1000.0,765.0,1.0,52.0,16,144,19357,9,1.0
98,0.0,0.0,1.2460001,,,8,101.1014252992507,101.1014252992507,no pobre,0,0,1000.0,765.0,1.0,52.0,17,144,19357,9,1.0
97,1.0,0.0,1.2460001,1.0,5.0,8,101.1014252992507,101.1014252992507,no pobre,0,0,1000.0,765.0,1.0,52.0,12,144,19358,5,1.0
98,1.0,0.0,1.2460001,1.0,6.0,8,101.1014252992507,101.1014252992507,no pobre,0,0,1000.0,765.0,1.0,52.0,13,144,19358,5,1.0
97,1.0,0.0,1.2460001,1.0,2.0,8,101.1014252992507,101.1014252992507,no pobre,0,0,1000.0,765.0,1.0,52.0,10,144,19359,2,1.0
98,1.0,0.0,1.2460001,1.0,3.0,8,101.1014252992507,101.1014252992507,no pobre,0,0,1000.0,765.0,1.0,52.0,11,144,19359,2,1.0
97,1.0,0.0,0.0,1.0,8.0,7,103.386546498928,103.386546498928,pobre,basal,4,1250.0,741.5,1.0,47.0,16,140,19360,8,1.0
98,1.0,0.0,0.0,0.0,9.0,7,103.386546498928,103.386546498928,pobre,basal,4,1250.0,741.5,1.0,47.0,17,140,19360,8,1.0
97,0.0,0.0,0.0,1.0,6.0,7,103.386546498928,103.386546498928,pobre,basal,4,1250.0,741.5,1.0,47.0,12,140,19361,6,1.0
98,0.0,0.0,0.0,1.0,7.0,7,103.386546498928,103.386546498928,pobre,basal,4,1250.0,741.5,1.0,47.0,13,140,19361,6,1.0
97,1.0,0.0,0.0,1.0,3.0,7,103.386546498928,103.386546498928,pobre,basal,4,1250.0,741.5,1.0,47.0,9,140,19362,3,1.0
98,1.0,0.0,0.0,1.0,4.0,7,103.386546498928,103.386546498928,pobre,basal,4,1250.0,741.5,1.0,47.0,10,140,19362,3,1.0
97,0.0,0.0,0.0,1.0,6.0,4,103.386546498928,103.386546498928,pobre,basal,0,1250.0,722.0,1.0,59.0,16,140,19363,6,1.0
98,0.0,0.0,0.0,,,4,103.386546498928,103.386546498928,pobre,basal,0,1250.0,722.0,1.0,59.0,17,140,19363,6,1.0
97,1.0,0.0,0.0,1.0,7.0,4,103.386546498928,103.386546498928,pobre,basal,0,1250.0,722.0,1.0,59.0,14,140,19364,7,1.0
98,1.0,0.0,0.0,1.0,8.0,4,103.386546498928,103.386546498928,pobre,basal,0,1250.0,722.0,1.0,59.0,15,140,19364,7,1.0
97,1.0,0.0,0.0,1.0,4.0,9,103.386546498928,103.386546498928,pobre,basal,1,1250.0,507.0,1.0,53.0,15,140,19365,4,1.0
98,1.0,0.0,0.0,1.0,5.0,9,103.386546498928,103.386546498928,pobre,basal,1,1250.0,507.0,1.0,53.0,16,140,19365,4,1.0
97,1.0,0.0,0.0,1.0,3.0,9,103.386546498928,103.386546498928,pobre,basal,1,1250.0,507.0,1.0,53.0,10,140,19366,3,1.0
98,1.0,0.0,0.0,1.0,4.0,9,103.386546498928,103.386546498928,pobre,basal,1,1250.0,507.0,1.0,53.0,11,140,19366,3,1.0
97,1.0,0.0,0.0,1.0,4.0,9,103.386546498928,103.386546498928,pobre,basal,1,1250.0,507.0,1.0,53.0,9,140,19367,4,1.0
98,1.0,0.0,0.0,,,9,103.386546498928,103.386546498928,pobre,basal,1,1250.0,507.0,1.0,53.0,10,140,19367,4,1.0
97,0.0,0.0,0.0,1.0,6.0,8,103.386546498928,103.386546498928,pobre,basal,1,1250.0,504.0,1.0,44.0,12,140,19368,6,1.0
98,0.0,0.0,0.0,,,8,103.386546498928,103.386546498928,pobre,basal,1,1250.0,504.0,1.0,44.0,13,140,19368,6,1.0
97,1.0,0.0,0.0,1.0,4.0,8,103.386546498928,103.386546498928,pobre,basal,1,1250.0,504.0,1.0,44.0,10,140,19369,4,1.0
98,1.0,0.0,0.0,,,8,103.386546498928,103.386546498928,pobre,basal,1,1250.0,504.0,1.0,44.0,11,140,19369,4,1.0
97,0.0,0.0,0.0,1.0,1.0,8,103.386546498928,103.386546498928,pobre,basal,1,1250.0,504.0,1.0,44.0,7,140,19370,1,1.0
98,0.0,0.0,0.0,,,8,103.386546498928,103.386546498928,pobre,basal,1,1250.0,504.0,1.0,44.0,8,140,19370,1,1.0
97,0.0,0.0,0.0,0.0,6.0,2,103.386546498928,103.386546498928,pobre,basal,7,1000.0,772.0,1.0,27.0,16,140,19371,6,0.0
98,0.0,0.0,0.0,,,2,103.386546498928,103.386546498928,pobre,basal,7,1000.0,772.0,1.0,27.0,17,140,19371,6,0.0
97,1.0,0.0,4.869,1.0,2.0,4,100.4116835699966,100.4116835699966,no pobre,0,3,0.0,722.0,1.0,43.0,10,141,19372,2,1.0
98,1.0,0.0,4.869,1.0,3.0,4,100.4116835699966,100.4116835699966,no pobre,0,3,0.0,722.0,1.0,43.0,11,141,19372,2,1.0
97,0.0,0.0,4.869,1.0,4.0,5,100.4116835699966,100.4116835699966,pobre,0,0,33.333332,681.5,1.0,74.0,11,141,19373,4,1.0
98,0.0,0.0,4.869,1.0,5.0,5,100.4116835699966,100.4116835699966,pobre,0,0,33.333332,681.5,1.0,74.0,12,141,19373,4,1.0
97,0.0,0.0,4.869,1.0,3.0,6,100.4116835699966,100.4116835699966,pobre,0,6,1000.0,530.0,1.0,27.0,9,141,19374,3,1.0
98,0.0,0.0,4.869,1.0,4.0,6,100.4116835699966,100.4116835699966,pobre,0,6,1000.0,530.0,1.0,27.0,10,141,19374,3,1.0
97,1.0,0.0,4.869,1.0,1.0,6,100.4116835699966,100.4116835699966,pobre,0,6,1000.0,530.0,1.0,27.0,6,141,19375,1,1.0
98,1.0,0.0,4.869,1.0,2.0,6,100.4116835699966,100.4116835699966,pobre,0,6,1000.0,530.0,1.0,27.0,7,141,19375,1,1.0
97,1.0,0.0,4.869,1.0,5.0,8,100.4116835699966,100.4116835699966,pobre,0,5,800.0,663.0,1.0,37.0,15,141,19376,5,1.0
98,1.0,0.0,4.869,,,8,100.4116835699966,100.4116835699966,pobre,0,5,800.0,663.0,1.0,37.0,16,141,19376,5,1.0
97,1.0,0.0,4.869,1.0,5.0,8,100.4116835699966,100.4116835699966,pobre,0,5,800.0,663.0,1.0,37.0,13,141,19377,5,1.0
98,1.0,0.0,4.869,0.0,6.0,8,100.4116835699966,100.4116835699966,pobre,0,5,800.0,663.0,1.0,37.0,14,141,19377,5,1.0
97,0.0,0.0,4.869,1.0,1.0,8,100.4116835699966,100.4116835699966,pobre,0,5,800.0,663.0,1.0,37.0,8,141,19378,1,1.0
98,0.0,0.0,4.869,1.0,2.0,8,100.4116835699966,100.4116835699966,pobre,0,5,800.0,663.0,1.0,37.0,9,141,19378,1,1.0
97,1.0,0.0,4.869,1.0,2.0,8,100.4116835699966,100.4116835699966,pobre,0,0,0.0,573.0,1.0,36.0,9,141,19379,2,1.0
98,1.0,0.0,4.869,1.0,3.0,8,100.4116835699966,100.4116835699966,pobre,0,0,0.0,573.0,1.0,36.0,10,141,19379,2,1.0
97,0.0,0.0,4.869,1.0,6.0,8,100.4116835699966,100.4116835699966,pobre,0,0,0.0,573.0,1.0,36.0,14,141,19380,6,1.0
98,0.0,0.0,4.869,,,8,100.4116835699966,100.4116835699966,pobre,0,0,0.0,573.0,1.0,36.0,15,141,19380,6,1.0
97,0.0,0.0,4.869,1.0,6.0,8,100.4116835699966,100.4116835699966,pobre,0,0,0.0,573.0,1.0,36.0,12,141,19381,6,1.0
98,0.0,0.0,4.869,1.0,7.0,8,100.4116835699966,100.4116835699966,pobre,0,0,0.0,573.0,1.0,36.0,13,141,19381,6,1.0
97,1.0,0.0,4.869,1.0,1.0,8,100.4116835699966,100.4116835699966,pobre,0,0,0.0,573.0,1.0,36.0,8,141,19382,1,1.0
98,1.0,0.0,4.869,1.0,2.0,8,100.4116835699966,100.4116835699966,pobre,0,0,0.0,573.0,1.0,36.0,9,141,19382,1,1.0
97,0.0,0.0,4.869,1.0,3.0,8,100.4116835699966,100.4116835699966,pobre,0,0,0.0,573.0,1.0,36.0,11,141,19383,3,1.0
98,0.0,0.0,4.869,1.0,4.0,8,100.4116835699966,100.4116835699966,pobre,0,0,0.0,573.0,1.0,36.0,12,141,19383,3,1.0
97,1.0,0.0,4.869,1.0,3.0,7,100.4116835699966,100.4116835699966,pobre,0,6,750.0,565.5,1.0,34.0,11,141,19384,3,1.0
98,1.0,0.0,4.869,1.0,4.0,7,100.4116835699966,100.4116835699966,pobre,0,6,750.0,565.5,1.0,34.0,12,141,19384,3,1.0
97,1.0,0.0,4.869,1.0,2.0,7,100.4116835699966,100.4116835699966,pobre,0,6,750.0,565.5,1.0,34.0,8,141,19385,2,1.0
98,1.0,0.0,4.869,1.0,3.0,7,100.4116835699966,100.4116835699966,pobre,0,6,750.0,565.5,1.0,34.0,9,141,19385,2,1.0
97,0.0,0.0,4.869,1.0,6.0,7,100.4116835699966,100.4116835699966,pobre,0,6,750.0,565.5,1.0,34.0,12,141,19386,6,1.0
98,0.0,0.0,4.869,0.0,6.0,7,100.4116835699966,100.4116835699966,pobre,0,6,750.0,565.5,1.0,34.0,13,141,19386,6,1.0
97,0.0,0.0,4.869,1.0,6.0,7,100.4116835699966,100.4116835699966,pobre,0,6,750.0,565.5,1.0,34.0,12,141,19387,6,1.0
98,0.0,0.0,4.869,0.0,6.0,7,100.4116835699966,100.4116835699966,pobre,0,6,750.0,565.5,1.0,34.0,13,141,19387,6,1.0
97,1.0,0.0,4.869,1.0,6.0,8,100.4116835699966,100.4116835699966,pobre,0,3,0.0,558.0,1.0,34.0,13,141,19388,6,1.0
98,1.0,0.0,4.869,1.0,7.0,8,100.4116835699966,100.4116835699966,pobre,0,3,0.0,558.0,1.0,34.0,14,141,19388,6,1.0
97,0.0,0.0,4.869,0.0,5.0,8,100.4116835699966,100.4116835699966,pobre,0,3,0.0,558.0,1.0,34.0,12,141,19389,5,0.0
98,0.0,0.0,4.869,1.0,6.0,8,100.4116835699966,100.4116835699966,pobre,0,3,0.0,558.0,1.0,34.0,13,141,19389,5,0.0
97,0.0,0.0,4.869,1.0,4.0,8,100.4116835699966,100.4116835699966,pobre,0,3,0.0,558.0,1.0,34.0,10,141,19390,4,1.0
98,0.0,0.0,4.869,1.0,5.0,8,100.4116835699966,100.4116835699966,pobre,0,3,0.0,558.0,1.0,34.0,11,141,19390,4,1.0
97,1.0,0.0,4.869,1.0,2.0,8,100.4116835699966,100.4116835699966,pobre,0,3,0.0,558.0,1.0,34.0,8,141,19391,2,1.0
98,1.0,0.0,4.869,1.0,3.0,8,100.4116835699966,100.4116835699966,pobre,0,3,0.0,558.0,1.0,34.0,9,141,19391,2,1.0
97,0.0,0.0,4.869,1.0,1.0,8,100.4116835699966,100.4116835699966,pobre,0,3,0.0,558.0,1.0,34.0,6,141,19392,1,1.0
98,0.0,0.0,4.869,1.0,1.0,8,100.4116835699966,100.4116835699966,pobre,0,3,0.0,558.0,1.0,34.0,7,141,19392,1,1.0
97,1.0,0.0,4.869,0.0,6.0,6,100.4116835699966,100.4116835699966,pobre,0,0,0.0,550.0,0.0,56.0,13,141,19393,6,0.0
98,1.0,0.0,4.869,,,6,100.4116835699966,100.4116835699966,pobre,0,0,0.0,550.0,0.0,56.0,14,141,19393,6,0.0
97,1.0,0.0,4.869,1.0,2.0,6,100.4116835699966,100.4116835699966,pobre,0,0,0.0,550.0,0.0,56.0,10,141,19394,2,1.0
98,1.0,0.0,4.869,,,6,100.4116835699966,100.4116835699966,pobre,0,0,0.0,550.0,0.0,56.0,11,141,19394,2,1.0
97,1.0,0.0,2.8599999,1.0,1.0,5,61.98534797690349,61.98534797690349,pobre,basal,6,0.0,572.0,1.0,34.0,7,186,19395,1,1.0
98,1.0,0.0,2.8599999,1.0,2.0,5,61.98534797690349,61.98534797690349,pobre,basal,6,0.0,572.0,1.0,34.0,8,186,19395,1,1.0
97,0.0,0.0,2.8599999,0.0,5.0,13,61.98534797690349,61.98534797690349,pobre,basal,0,125.0,294.0,1.0,47.0,16,186,19396,5,0.0
98,0.0,0.0,2.8599999,1.0,5.0,13,61.98534797690349,61.98534797690349,pobre,basal,0,125.0,294.0,1.0,47.0,17,186,19396,5,0.0
97,0.0,0.0,2.8599999,0.0,6.0,13,61.98534797690349,61.98534797690349,pobre,basal,0,125.0,294.0,1.0,47.0,14,186,19397,6,0.0
98,0.0,0.0,2.8599999,1.0,6.0,13,61.98534797690349,61.98534797690349,pobre,basal,0,125.0,294.0,1.0,47.0,15,186,19397,6,0.0
97,0.0,0.0,2.8599999,1.0,4.0,13,61.98534797690349,61.98534797690349,pobre,basal,0,125.0,294.0,1.0,47.0,11,186,19398,4,1.0
98,0.0,0.0,2.8599999,1.0,5.0,13,61.98534797690349,61.98534797690349,pobre,basal,0,125.0,294.0,1.0,47.0,12,186,19398,4,1.0
97,0.0,0.0,2.8599999,1.0,2.0,13,61.98534797690349,61.98534797690349,pobre,basal,0,125.0,294.0,1.0,47.0,10,186,19399,2,1.0
98,0.0,0.0,2.8599999,1.0,3.0,13,61.98534797690349,61.98534797690349,pobre,basal,0,125.0,294.0,1.0,47.0,11,186,19399,2,1.0
97,1.0,0.0,2.8599999,1.0,0.0,13,61.98534797690349,61.98534797690349,pobre,basal,0,125.0,294.0,1.0,47.0,6,186,19400,0,1.0
98,1.0,0.0,2.8599999,1.0,1.0,13,61.98534797690349,61.98534797690349,pobre,basal,0,125.0,294.0,1.0,47.0,7,186,19400,0,1.0
97,0.0,0.0,2.8599999,,0.0,6,61.98534797690349,61.98534797690349,pobre,basal,0,600.0,663.34399,1.0,55.0,16,186,19401,0,
98,0.0,0.0,2.8599999,,,6,61.98534797690349,61.98534797690349,pobre,basal,0,600.0,663.34399,1.0,55.0,17,186,19401,0,
97,1.0,0.0,2.8599999,,0.0,6,61.98534797690349,61.98534797690349,pobre,basal,0,600.0,663.34399,1.0,55.0,15,186,19402,0,
98,1.0,0.0,2.8599999,,,6,61.98534797690349,61.98534797690349,pobre,basal,0,600.0,663.34399,1.0,55.0,16,186,19402,0,
97,0.0,0.0,2.8599999,1.0,8.0,2,61.98534797690349,61.98534797690349,pobre,basal,0,1250.0,642.0,1.0,20.0,16,186,19403,8,1.0
98,0.0,0.0,2.8599999,,,2,61.98534797690349,61.98534797690349,pobre,basal,0,1250.0,642.0,1.0,20.0,17,186,19403,8,1.0
97,1.0,1.0,1.2460001,0.0,6.0,7,101.1014252992507,101.1014252992507,pobre,0,0,1000.0,691.0,1.0,58.0,15,144,19404,6,0.0
98,1.0,1.0,1.2460001,0.0,6.0,7,101.1014252992507,101.1014252992507,pobre,0,0,1000.0,691.0,1.0,58.0,16,144,19404,6,0.0
97,1.0,1.0,1.2460001,1.0,7.0,7,101.1014252992507,101.1014252992507,pobre,0,0,1000.0,691.0,1.0,58.0,14,144,19405,7,1.0
98,1.0,1.0,1.2460001,1.0,7.0,7,101.1014252992507,101.1014252992507,pobre,0,0,1000.0,691.0,1.0,58.0,15,144,19405,7,1.0
97,0.0,0.0,2.8599999,0.0,6.0,11,61.98534797690349,61.98534797690349,pobre,basal,2,1000.0,630.25,1.0,51.0,15,186,19406,6,0.0
98,0.0,0.0,2.8599999,0.0,6.0,11,61.98534797690349,61.98534797690349,pobre,basal,2,1000.0,630.25,1.0,51.0,16,186,19406,6,0.0
97,1.0,0.0,2.8599999,0.0,6.0,11,61.98534797690349,61.98534797690349,pobre,basal,2,1000.0,630.25,1.0,51.0,13,186,19407,6,0.0
98,1.0,0.0,2.8599999,0.0,6.0,11,61.98534797690349,61.98534797690349,pobre,basal,2,1000.0,630.25,1.0,51.0,14,186,19407,6,0.0
97,0.0,0.0,2.8599999,0.0,5.0,11,61.98534797690349,61.98534797690349,pobre,basal,2,1000.0,630.25,1.0,51.0,11,186,19408,5,0.0
98,0.0,0.0,2.8599999,0.0,6.0,11,61.98534797690349,61.98534797690349,pobre,basal,2,1000.0,630.25,1.0,51.0,12,186,19408,5,0.0
97,1.0,0.0,2.8599999,1.0,4.0,11,61.98534797690349,61.98534797690349,pobre,basal,2,1000.0,630.25,1.0,51.0,10,186,19409,4,1.0
98,1.0,0.0,2.8599999,1.0,5.0,11,61.98534797690349,61.98534797690349,pobre,basal,2,1000.0,630.25,1.0,51.0,11,186,19409,4,1.0
97,0.0,0.0,2.8599999,1.0,2.0,11,61.98534797690349,61.98534797690349,pobre,basal,2,1000.0,630.25,1.0,51.0,8,186,19410,2,1.0
98,0.0,0.0,2.8599999,1.0,3.0,11,61.98534797690349,61.98534797690349,pobre,basal,2,1000.0,630.25,1.0,51.0,9,186,19410,2,1.0
97,0.0,0.0,2.8599999,1.0,5.0,6,61.98534797690349,61.98534797690349,pobre,basal,0,600.0,497.0,1.0,59.0,12,186,19411,5,1.0
98,0.0,0.0,2.8599999,1.0,6.0,6,61.98534797690349,61.98534797690349,pobre,basal,0,600.0,497.0,1.0,59.0,13,186,19411,5,1.0
97,0.0,0.0,2.8599999,,0.0,6,61.98534797690349,61.98534797690349,pobre,basal,0,600.0,497.0,1.0,59.0,15,186,19412,0,
98,0.0,0.0,2.8599999,,,6,61.98534797690349,61.98534797690349,pobre,basal,0,600.0,497.0,1.0,59.0,16,186,19412,0,
97,1.0,0.0,2.8599999,1.0,2.0,6,61.98534797690349,61.98534797690349,pobre,basal,0,600.0,497.0,1.0,59.0,8,186,19413,2,1.0
98,1.0,0.0,2.8599999,1.0,3.0,6,61.98534797690349,61.98534797690349,pobre,basal,0,600.0,497.0,1.0,59.0,9,186,19413,2,1.0
97,0.0,0.0,2.8599999,1.0,4.0,6,61.98534797690349,61.98534797690349,pobre,basal,9,333.33334,480.0,1.0,34.0,11,186,19414,4,1.0
98,0.0,0.0,2.8599999,1.0,5.0,6,61.98534797690349,61.98534797690349,pobre,basal,9,333.33334,480.0,1.0,34.0,12,186,19414,4,1.0
97,0.0,0.0,2.8599999,1.0,3.0,6,61.98534797690349,61.98534797690349,pobre,basal,9,333.33334,480.0,1.0,34.0,9,186,19415,3,1.0
98,0.0,0.0,2.8599999,1.0,4.0,6,61.98534797690349,61.98534797690349,pobre,basal,9,333.33334,480.0,1.0,34.0,10,186,19415,3,1.0
97,1.0,0.0,2.8599999,1.0,1.0,6,61.98534797690349,61.98534797690349,pobre,basal,9,333.33334,480.0,1.0,34.0,7,186,19416,1,1.0
98,1.0,0.0,2.8599999,1.0,2.0,6,61.98534797690349,61.98534797690349,pobre,basal,9,333.33334,480.0,1.0,34.0,8,186,19416,1,1.0
97,0.0,0.0,1.2460001,0.0,6.0,6,101.1014252992507,101.1014252992507,no pobre,0,0,1200.0,747.0,1.0,57.0,15,144,19417,6,0.0
98,0.0,0.0,1.2460001,0.0,6.0,6,101.1014252992507,101.1014252992507,no pobre,0,0,1200.0,747.0,1.0,57.0,16,144,19417,6,0.0
97,1.0,0.0,1.2460001,1.0,1.0,5,101.1014252992507,101.1014252992507,pobre,0,2,1000.0,489.0,1.0,31.0,7,144,19418,1,1.0
98,1.0,0.0,1.2460001,,2.0,5,101.1014252992507,101.1014252992507,pobre,0,2,1000.0,489.0,1.0,31.0,8,144,19418,1,1.0
97,0.0,0.0,1.2460001,1.0,7.0,5,101.1014252992507,101.1014252992507,pobre,0,0,0.0,685.0,1.0,57.0,13,144,19419,7,1.0
98,0.0,0.0,1.2460001,1.0,8.0,5,101.1014252992507,101.1014252992507,pobre,0,0,0.0,685.0,1.0,57.0,14,144,19419,7,1.0
97,0.0,0.0,1.2460001,1.0,2.0,5,101.1014252992507,101.1014252992507,pobre,0,0,0.0,685.0,1.0,57.0,11,144,19420,2,1.0
98,0.0,0.0,1.2460001,1.0,2.0,5,101.1014252992507,101.1014252992507,pobre,0,0,0.0,685.0,1.0,57.0,12,144,19420,2,1.0
97,0.0,0.0,1.2460001,0.0,6.0,5,101.1014252992507,101.1014252992507,no pobre,0,0,333.33334,754.0,1.0,57.0,16,144,19421,6,0.0
98,0.0,0.0,1.2460001,,,5,101.1014252992507,101.1014252992507,no pobre,0,0,333.33334,754.0,1.0,57.0,17,144,19421,6,0.0
97,0.0,0.0,1.2460001,1.0,2.0,5,101.1014252992507,101.1014252992507,no pobre,0,0,333.33334,754.0,1.0,57.0,9,144,19422,2,1.0
98,0.0,0.0,1.2460001,1.0,3.0,5,101.1014252992507,101.1014252992507,no pobre,0,0,333.33334,754.0,1.0,57.0,10,144,19422,2,1.0
97,1.0,0.0,0.0,0.0,6.0,7,80.30829567962643,80.30829567962643,pobre,basal,4,0.0,686.5,1.0,41.0,16,132,19423,6,0.0
98,1.0,0.0,0.0,,,7,80.30829567962643,80.30829567962643,pobre,basal,4,0.0,686.5,1.0,41.0,17,132,19423,6,0.0
97,1.0,0.0,0.0,1.0,5.0,7,80.30829567962643,80.30829567962643,pobre,basal,4,0.0,686.5,1.0,41.0,14,132,19424,5,1.0
98,1.0,0.0,0.0,0.0,6.0,7,80.30829567962643,80.30829567962643,pobre,basal,4,0.0,686.5,1.0,41.0,15,132,19424,5,1.0
97,1.0,0.0,0.0,1.0,4.0,7,80.30829567962643,80.30829567962643,pobre,basal,4,0.0,686.5,1.0,41.0,12,132,19425,4,1.0
98,1.0,0.0,0.0,1.0,4.0,7,80.30829567962643,80.30829567962643,pobre,basal,4,0.0,686.5,1.0,41.0,13,132,19425,4,1.0
97,0.0,0.0,0.0,1.0,3.0,7,80.30829567962643,80.30829567962643,pobre,basal,4,0.0,686.5,1.0,41.0,9,132,19426,3,1.0
98,0.0,0.0,0.0,1.0,3.0,7,80.30829567962643,80.30829567962643,pobre,basal,4,0.0,686.5,1.0,41.0,10,132,19426,3,1.0
97,0.0,0.0,0.0,0.0,9.0,3,80.30829567962643,80.30829567962643,pobre,basal,5,2500.0,775.0,1.0,43.0,16,132,19427,9,0.0
98,0.0,0.0,0.0,,,3,80.30829567962643,80.30829567962643,pobre,basal,5,2500.0,775.0,1.0,43.0,17,132,19427,9,0.0
97,0.0,0.0,0.0,0.0,7.0,8,80.30829567962643,80.30829567962643,pobre,basal,1,750.0,599.0,1.0,50.0,16,132,19428,7,0.0
98,0.0,0.0,0.0,0.0,8.0,8,80.30829567962643,80.30829567962643,pobre,basal,1,750.0,599.0,1.0,50.0,17,132,19428,7,0.0
97,0.0,0.0,0.0,0.0,6.0,8,80.30829567962643,80.30829567962643,pobre,basal,1,750.0,599.0,1.0,50.0,13,132,19429,6,0.0
98,0.0,0.0,0.0,1.0,6.0,8,80.30829567962643,80.30829567962643,pobre,basal,1,750.0,599.0,1.0,50.0,14,132,19429,6,0.0
97,0.0,0.0,0.0,0.0,6.0,8,80.30829567962643,80.30829567962643,pobre,basal,1,750.0,599.0,1.0,50.0,12,132,19430,6,0.0
98,0.0,0.0,0.0,1.0,6.0,8,80.30829567962643,80.30829567962643,pobre,basal,1,750.0,599.0,1.0,50.0,13,132,19430,6,0.0
97,1.0,0.0,0.0,1.0,3.0,8,80.30829567962643,80.30829567962643,pobre,basal,1,750.0,599.0,1.0,50.0,8,132,19431,3,1.0
98,1.0,0.0,0.0,1.0,3.0,8,80.30829567962643,80.30829567962643,pobre,basal,1,750.0,599.0,1.0,50.0,9,132,19431,3,1.0
97,0.0,0.0,0.0,1.0,1.0,8,80.30829567962643,80.30829567962643,pobre,basal,1,750.0,599.0,1.0,50.0,7,132,19432,1,1.0
98,0.0,0.0,0.0,1.0,1.0,8,80.30829567962643,80.30829567962643,pobre,basal,1,750.0,599.0,1.0,50.0,8,132,19432,1,1.0
97,0.0,0.0,0.0,1.0,1.0,8,80.30829567962643,80.30829567962643,pobre,basal,1,750.0,599.0,1.0,50.0,6,132,19433,1,1.0
98,0.0,0.0,0.0,1.0,2.0,8,80.30829567962643,80.30829567962643,pobre,basal,1,750.0,599.0,1.0,50.0,7,132,19433,1,1.0
97,1.0,0.0,0.0,1.0,5.0,5,80.30829567962643,80.30829567962643,no pobre,basal,3,1000.0,699.0,1.0,35.0,14,132,19434,5,1.0
98,1.0,0.0,0.0,1.0,6.0,5,80.30829567962643,80.30829567962643,no pobre,basal,3,1000.0,699.0,1.0,35.0,15,132,19434,5,1.0
97,1.0,0.0,0.0,1.0,4.0,5,80.30829567962643,80.30829567962643,no pobre,basal,3,1000.0,699.0,1.0,35.0,12,132,19435,4,1.0
98,1.0,0.0,0.0,1.0,5.0,5,80.30829567962643,80.30829567962643,no pobre,basal,3,1000.0,699.0,1.0,35.0,13,132,19435,4,1.0
97,0.0,0.0,0.0,1.0,4.0,5,80.30829567962643,80.30829567962643,no pobre,basal,3,1000.0,699.0,1.0,35.0,11,132,19436,4,1.0
98,0.0,0.0,0.0,1.0,5.0,5,80.30829567962643,80.30829567962643,no pobre,basal,3,1000.0,699.0,1.0,35.0,12,132,19436,4,1.0
97,1.0,0.0,1.2460001,1.0,7.0,10,101.1014252992507,101.1014252992507,pobre,0,3,600.0,420.0,1.0,43.0,14,144,19437,7,1.0
98,1.0,0.0,1.2460001,1.0,8.0,10,101.1014252992507,101.1014252992507,pobre,0,3,600.0,420.0,1.0,43.0,15,144,19437,7,1.0
97,0.0,0.0,1.2460001,1.0,5.0,10,101.1014252992507,101.1014252992507,pobre,0,3,600.0,420.0,1.0,43.0,12,144,19438,5,1.0
98,0.0,0.0,1.2460001,0.0,6.0,10,101.1014252992507,101.1014252992507,pobre,0,3,600.0,420.0,1.0,43.0,13,144,19438,5,1.0
97,1.0,0.0,1.2460001,1.0,3.0,10,101.1014252992507,101.1014252992507,pobre,0,3,600.0,420.0,1.0,43.0,11,144,19439,3,1.0
98,1.0,0.0,1.2460001,1.0,4.0,10,101.1014252992507,101.1014252992507,pobre,0,3,600.0,420.0,1.0,43.0,12,144,19439,3,1.0
97,1.0,0.0,1.2460001,1.0,2.0,10,101.1014252992507,101.1014252992507,pobre,0,3,600.0,420.0,1.0,43.0,10,144,19440,2,1.0
98,1.0,0.0,1.2460001,1.0,3.0,10,101.1014252992507,101.1014252992507,pobre,0,3,600.0,420.0,1.0,43.0,11,144,19440,2,1.0
97,0.0,0.0,1.2460001,1.0,1.0,10,101.1014252992507,101.1014252992507,pobre,0,3,600.0,420.0,1.0,43.0,7,144,19441,1,1.0
98,0.0,0.0,1.2460001,1.0,2.0,10,101.1014252992507,101.1014252992507,pobre,0,3,600.0,420.0,1.0,43.0,8,144,19441,1,1.0
97,0.0,0.0,1.2460001,1.0,4.0,6,101.1014252992507,101.1014252992507,pobre,0,6,83.333336,628.0,1.0,65.0,13,144,19442,4,1.0
98,0.0,0.0,1.2460001,1.0,5.0,6,101.1014252992507,101.1014252992507,pobre,0,6,83.333336,628.0,1.0,65.0,14,144,19442,4,1.0
97,0.0,0.0,1.2460001,1.0,2.0,6,101.1014252992507,101.1014252992507,pobre,0,6,83.333336,628.0,1.0,65.0,10,144,19443,2,1.0
98,0.0,0.0,1.2460001,1.0,3.0,6,101.1014252992507,101.1014252992507,pobre,0,6,83.333336,628.0,1.0,65.0,11,144,19443,2,1.0
97,1.0,0.0,1.2460001,1.0,1.0,6,101.1014252992507,101.1014252992507,pobre,0,6,83.333336,628.0,1.0,65.0,7,144,19444,1,1.0
98,1.0,0.0,1.2460001,1.0,1.0,6,101.1014252992507,101.1014252992507,pobre,0,6,83.333336,628.0,1.0,65.0,8,144,19444,1,1.0
97,1.0,0.0,1.2460001,1.0,2.0,3,101.1014252992507,101.1014252992507,pobre,0,0,800.0,788.5,1.0,71.0,9,144,19445,2,1.0
98,1.0,0.0,1.2460001,1.0,2.0,3,101.1014252992507,101.1014252992507,pobre,0,0,800.0,788.5,1.0,71.0,10,144,19445,2,1.0
97,0.0,0.0,0.0,1.0,6.0,7,103.386546498928,103.386546498928,pobre,basal,9,0.0,543.0,1.0,50.0,12,140,19446,6,1.0
98,0.0,0.0,0.0,1.0,7.0,7,103.386546498928,103.386546498928,pobre,basal,9,0.0,543.0,1.0,50.0,13,140,19446,6,1.0
97,1.0,0.0,0.0,1.0,3.0,7,103.386546498928,103.386546498928,pobre,basal,9,0.0,543.0,1.0,50.0,10,140,19447,3,1.0
98,1.0,0.0,0.0,1.0,4.0,7,103.386546498928,103.386546498928,pobre,basal,9,0.0,543.0,1.0,50.0,11,140,19447,3,1.0
97,0.0,0.0,0.0,1.0,2.0,7,103.386546498928,103.386546498928,pobre,basal,9,0.0,543.0,1.0,50.0,9,140,19448,2,1.0
98,0.0,0.0,0.0,1.0,2.0,7,103.386546498928,103.386546498928,pobre,basal,9,0.0,543.0,1.0,50.0,10,140,19448,2,1.0
97,1.0,0.0,0.0,,0.0,7,103.386546498928,103.386546498928,pobre,basal,9,0.0,543.0,1.0,50.0,7,140,19449,0,
98,1.0,0.0,0.0,1.0,1.0,7,103.386546498928,103.386546498928,pobre,basal,9,0.0,543.0,1.0,50.0,8,140,19449,0,
97,1.0,0.0,0.0,1.0,8.0,7,103.386546498928,103.386546498928,pobre,basal,0,600.0,704.0,1.0,62.0,16,140,19450,8,1.0
98,1.0,0.0,0.0,,,7,103.386546498928,103.386546498928,pobre,basal,0,600.0,704.0,1.0,62.0,17,140,19450,8,1.0
97,1.0,0.0,0.0,,0.0,7,103.386546498928,103.386546498928,pobre,basal,0,600.0,704.0,1.0,62.0,11,140,19451,0,
98,1.0,0.0,0.0,,,7,103.386546498928,103.386546498928,pobre,basal,0,600.0,704.0,1.0,62.0,12,140,19451,0,
97,0.0,0.0,0.0,1.0,1.0,7,103.386546498928,103.386546498928,pobre,basal,0,600.0,704.0,1.0,62.0,8,140,19452,1,1.0
98,0.0,0.0,0.0,1.0,2.0,7,103.386546498928,103.386546498928,pobre,basal,0,600.0,704.0,1.0,62.0,9,140,19452,1,1.0
97,0.0,0.0,0.0,1.0,6.0,7,103.386546498928,103.386546498928,pobre,basal,0,800.0,534.0,1.0,36.0,13,140,19453,6,1.0
98,0.0,0.0,0.0,1.0,7.0,7,103.386546498928,103.386546498928,pobre,basal,0,800.0,534.0,1.0,36.0,14,140,19453,6,1.0
97,1.0,0.0,0.0,1.0,4.0,7,103.386546498928,103.386546498928,pobre,basal,0,800.0,534.0,1.0,36.0,12,140,19454,4,1.0
98,1.0,0.0,0.0,1.0,5.0,7,103.386546498928,103.386546498928,pobre,basal,0,800.0,534.0,1.0,36.0,13,140,19454,4,1.0
97,1.0,0.0,0.0,1.0,2.0,7,103.386546498928,103.386546498928,pobre,basal,0,800.0,534.0,1.0,36.0,11,140,19455,2,1.0
98,1.0,0.0,0.0,1.0,2.0,7,103.386546498928,103.386546498928,pobre,basal,0,800.0,534.0,1.0,36.0,12,140,19455,2,1.0
97,0.0,0.0,0.0,1.0,6.0,5,103.386546498928,103.386546498928,no pobre,basal,4,0.0,776.0,1.0,58.0,14,140,19456,6,1.0
98,0.0,0.0,0.0,1.0,7.0,5,103.386546498928,103.386546498928,no pobre,basal,4,0.0,776.0,1.0,58.0,15,140,19456,6,1.0
97,1.0,0.0,0.0,1.0,8.0,5,103.386546498928,103.386546498928,pobre,basal,4,0.0,673.0,1.0,42.0,14,140,19457,8,1.0
98,1.0,0.0,0.0,0.0,9.0,5,103.386546498928,103.386546498928,pobre,basal,4,0.0,673.0,1.0,42.0,15,140,19457,8,1.0
97,1.0,0.0,0.0,1.0,6.0,5,103.386546498928,103.386546498928,pobre,basal,4,0.0,673.0,1.0,42.0,12,140,19458,6,1.0
98,1.0,0.0,0.0,1.0,7.0,5,103.386546498928,103.386546498928,pobre,basal,4,0.0,673.0,1.0,42.0,13,140,19458,6,1.0
97,0.0,0.0,0.0,1.0,4.0,5,103.386546498928,103.386546498928,pobre,basal,4,0.0,673.0,1.0,42.0,10,140,19459,4,1.0
98,0.0,0.0,0.0,1.0,5.0,5,103.386546498928,103.386546498928,pobre,basal,4,0.0,673.0,1.0,42.0,11,140,19459,4,1.0
97,1.0,0.0,0.0,0.0,5.0,9,103.386546498928,103.386546498928,pobre,basal,0,0.0,690.57141,1.0,54.0,15,140,19460,5,0.0
98,1.0,0.0,0.0,0.0,5.0,9,103.386546498928,103.386546498928,pobre,basal,0,0.0,690.57141,1.0,54.0,16,140,19460,5,0.0
97,1.0,0.0,0.0,1.0,5.0,9,103.386546498928,103.386546498928,pobre,basal,0,0.0,690.57141,1.0,54.0,13,140,19461,5,1.0
98,1.0,0.0,0.0,1.0,6.0,9,103.386546498928,103.386546498928,pobre,basal,0,0.0,690.57141,1.0,54.0,14,140,19461,5,1.0
97,0.0,0.0,0.0,1.0,2.0,9,103.386546498928,103.386546498928,pobre,basal,0,0.0,690.57141,1.0,54.0,9,140,19462,2,1.0
98,0.0,0.0,0.0,1.0,3.0,9,103.386546498928,103.386546498928,pobre,basal,0,0.0,690.57141,1.0,54.0,10,140,19462,2,1.0
97,1.0,0.0,0.0,1.0,4.0,2,103.386546498928,103.386546498928,pobre,basal,0,0.0,744.0,0.0,73.0,10,140,19463,4,1.0
98,1.0,0.0,0.0,,,2,103.386546498928,103.386546498928,pobre,basal,0,0.0,744.0,0.0,73.0,11,140,19463,4,1.0
97,1.0,0.0,0.0,1.0,8.0,6,103.386546498928,103.386546498928,pobre,basal,0,1000.0,749.0,1.0,53.0,16,140,19464,8,1.0
98,1.0,0.0,0.0,0.0,9.0,6,103.386546498928,103.386546498928,pobre,basal,0,1000.0,749.0,1.0,53.0,17,140,19464,8,1.0
97,0.0,0.0,0.0,1.0,2.0,6,103.386546498928,103.386546498928,pobre,basal,0,1000.0,749.0,1.0,53.0,9,140,19465,2,1.0
98,0.0,0.0,0.0,1.0,3.0,6,103.386546498928,103.386546498928,pobre,basal,0,1000.0,749.0,1.0,53.0,10,140,19465,2,1.0
97,1.0,0.0,0.0,1.0,1.0,6,103.386546498928,103.386546498928,pobre,basal,0,1000.0,749.0,1.0,53.0,7,140,19466,1,1.0
98,1.0,0.0,0.0,1.0,2.0,6,103.386546498928,103.386546498928,pobre,basal,0,1000.0,749.0,1.0,53.0,8,140,19466,1,1.0
97,1.0,0.0,0.0,1.0,8.0,5,103.386546498928,103.386546498928,no pobre,basal,0,0.0,728.5,1.0,60.0,16,140,19467,8,1.0
98,1.0,0.0,0.0,0.0,9.0,5,103.386546498928,103.386546498928,no pobre,basal,0,0.0,728.5,1.0,60.0,17,140,19467,8,1.0
97,0.0,0.0,0.0,1.0,4.0,6,103.386546498928,103.386546498928,pobre,basal,6,1000.0,588.0,1.0,35.0,10,140,19468,4,1.0
98,0.0,0.0,0.0,1.0,5.0,6,103.386546498928,103.386546498928,pobre,basal,6,1000.0,588.0,1.0,35.0,11,140,19468,4,1.0
97,0.0,0.0,0.0,1.0,3.0,6,103.386546498928,103.386546498928,pobre,basal,6,1000.0,588.0,1.0,35.0,9,140,19469,3,1.0
98,0.0,0.0,0.0,1.0,4.0,6,103.386546498928,103.386546498928,pobre,basal,6,1000.0,588.0,1.0,35.0,10,140,19469,3,1.0
97,0.0,0.0,0.0,1.0,3.0,9,103.386546498928,103.386546498928,pobre,basal,0,0.0,702.11798,1.0,53.0,11,140,19470,3,1.0
98,0.0,0.0,0.0,1.0,3.0,9,103.386546498928,103.386546498928,pobre,basal,0,0.0,702.11798,1.0,53.0,12,140,19470,3,1.0
97,1.0,0.0,0.0,1.0,2.0,9,103.386546498928,103.386546498928,pobre,basal,0,0.0,702.11798,1.0,53.0,9,140,19471,2,1.0
98,1.0,0.0,0.0,1.0,2.0,9,103.386546498928,103.386546498928,pobre,basal,0,0.0,702.11798,1.0,53.0,10,140,19471,2,1.0
97,0.0,0.0,0.0,1.0,1.0,9,103.386546498928,103.386546498928,pobre,basal,0,0.0,702.11798,1.0,53.0,9,140,19472,1,1.0
98,0.0,0.0,0.0,1.0,2.0,9,103.386546498928,103.386546498928,pobre,basal,0,0.0,702.11798,1.0,53.0,10,140,19472,1,1.0
97,1.0,0.0,0.0,1.0,1.0,5,103.386546498928,103.386546498928,no pobre,basal,3,50.0,705.5,0.0,63.0,16,140,19473,1,1.0
98,1.0,0.0,0.0,0.0,8.0,5,103.386546498928,103.386546498928,no pobre,basal,3,50.0,705.5,0.0,63.0,17,140,19473,1,1.0
97,0.0,0.0,0.0,,0.0,5,103.386546498928,103.386546498928,no pobre,basal,3,50.0,705.5,0.0,63.0,6,140,19474,0,
98,0.0,0.0,0.0,1.0,1.0,5,103.386546498928,103.386546498928,no pobre,basal,3,50.0,705.5,0.0,63.0,7,140,19474,0,
97,1.0,0.0,0.0,1.0,5.0,7,103.386546498928,103.386546498928,no pobre,basal,2,0.0,732.5,1.0,53.0,13,140,19475,5,1.0
98,1.0,0.0,0.0,,,7,103.386546498928,103.386546498928,no pobre,basal,2,0.0,732.5,1.0,53.0,14,140,19475,5,1.0
97,0.0,0.0,3.076,0.0,9.0,13,51.76647505449759,107.9091275478837,pobre,basal,1,125.0,571.0,1.0,44.0,16,137,19476,9,0.0
98,0.0,0.0,3.076,0.0,3.0,13,51.76647505449759,107.9091275478837,pobre,basal,1,125.0,571.0,1.0,44.0,17,137,19476,9,0.0
97,0.0,0.0,3.076,0.0,6.0,13,51.76647505449759,107.9091275478837,pobre,basal,1,125.0,571.0,1.0,44.0,14,137,19477,6,0.0
98,0.0,0.0,3.076,0.0,6.0,13,51.76647505449759,107.9091275478837,pobre,basal,1,125.0,571.0,1.0,44.0,15,137,19477,6,0.0
97,0.0,0.0,3.076,0.0,6.0,13,51.76647505449759,107.9091275478837,pobre,basal,1,125.0,571.0,1.0,44.0,12,137,19478,6,0.0
98,0.0,0.0,3.076,0.0,6.0,13,51.76647505449759,107.9091275478837,pobre,basal,1,125.0,571.0,1.0,44.0,13,137,19478,6,0.0
97,1.0,0.0,3.076,1.0,4.0,13,51.76647505449759,107.9091275478837,pobre,basal,1,125.0,571.0,1.0,44.0,10,137,19479,4,1.0
98,1.0,0.0,3.076,1.0,5.0,13,51.76647505449759,107.9091275478837,pobre,basal,1,125.0,571.0,1.0,44.0,11,137,19479,4,1.0
97,1.0,0.0,3.076,1.0,1.0,13,51.76647505449759,107.9091275478837,pobre,basal,1,125.0,571.0,1.0,44.0,8,137,19480,1,1.0
98,1.0,0.0,3.076,1.0,2.0,13,51.76647505449759,107.9091275478837,pobre,basal,1,125.0,571.0,1.0,44.0,9,137,19480,1,1.0
97,1.0,0.0,3.076,1.0,1.0,13,51.76647505449759,107.9091275478837,pobre,basal,1,125.0,571.0,1.0,44.0,6,137,19481,1,1.0
98,1.0,0.0,3.076,1.0,2.0,13,51.76647505449759,107.9091275478837,pobre,basal,1,125.0,571.0,1.0,44.0,7,137,19481,1,1.0
97,0.0,0.0,3.076,1.0,1.0,4,51.76647505449759,107.9091275478837,pobre,basal,3,1250.0,626.0,1.0,32.0,6,137,19482,1,1.0
98,0.0,0.0,3.076,1.0,1.0,4,51.76647505449759,107.9091275478837,pobre,basal,3,1250.0,626.0,1.0,32.0,7,137,19482,1,1.0
97,1.0,0.0,3.9449999,0.0,6.0,12,56.02209371772622,109.7442658683365,pobre,basal,1,0.0,597.42859,1.0,45.0,16,138,19483,6,0.0
98,1.0,0.0,3.9449999,0.0,6.0,12,56.02209371772622,109.7442658683365,pobre,basal,1,0.0,597.42859,1.0,45.0,17,138,19483,6,0.0
97,0.0,0.0,3.9449999,0.0,6.0,12,56.02209371772622,109.7442658683365,pobre,basal,1,0.0,597.42859,1.0,45.0,14,138,19484,6,0.0
98,0.0,0.0,3.9449999,0.0,6.0,12,56.02209371772622,109.7442658683365,pobre,basal,1,0.0,597.42859,1.0,45.0,15,138,19484,6,0.0
97,0.0,0.0,3.9449999,1.0,5.0,12,56.02209371772622,109.7442658683365,pobre,basal,1,0.0,597.42859,1.0,45.0,12,138,19485,5,1.0
98,0.0,0.0,3.9449999,0.0,6.0,12,56.02209371772622,109.7442658683365,pobre,basal,1,0.0,597.42859,1.0,45.0,13,138,19485,5,1.0
97,1.0,0.0,3.9449999,1.0,3.0,12,56.02209371772622,109.7442658683365,pobre,basal,1,0.0,597.42859,1.0,45.0,9,138,19486,3,1.0
98,1.0,0.0,3.9449999,1.0,2.0,12,56.02209371772622,109.7442658683365,pobre,basal,1,0.0,597.42859,1.0,45.0,10,138,19486,3,1.0
97,1.0,0.0,3.9449999,,3.0,12,56.02209371772622,109.7442658683365,pobre,basal,1,0.0,597.42859,1.0,45.0,7,138,19487,3,
98,1.0,0.0,3.9449999,1.0,1.0,12,56.02209371772622,109.7442658683365,pobre,basal,1,0.0,597.42859,1.0,45.0,8,138,19487,3,
97,1.0,0.0,3.9449999,0.0,9.0,10,56.02209371772622,109.7442658683365,pobre,basal,0,625.0,652.0,1.0,47.0,15,138,19488,9,0.0
98,1.0,0.0,3.9449999,0.0,9.0,10,56.02209371772622,109.7442658683365,pobre,basal,0,625.0,652.0,1.0,47.0,16,138,19488,9,0.0
97,1.0,0.0,3.9449999,0.0,6.0,10,56.02209371772622,109.7442658683365,pobre,basal,0,625.0,652.0,1.0,47.0,14,138,19489,6,0.0
98,1.0,0.0,3.9449999,1.0,6.0,10,56.02209371772622,109.7442658683365,pobre,basal,0,625.0,652.0,1.0,47.0,15,138,19489,6,0.0
97,1.0,0.0,3.9449999,1.0,4.0,10,56.02209371772622,109.7442658683365,pobre,basal,0,625.0,652.0,1.0,47.0,10,138,19490,4,1.0
98,1.0,0.0,3.9449999,1.0,5.0,10,56.02209371772622,109.7442658683365,pobre,basal,0,625.0,652.0,1.0,47.0,11,138,19490,4,1.0
97,1.0,0.0,3.9449999,1.0,2.0,4,56.02209371772622,109.7442658683365,pobre,basal,1,0.0,724.0,1.0,38.0,10,138,19491,2,1.0
98,1.0,0.0,3.9449999,1.0,3.0,4,56.02209371772622,109.7442658683365,pobre,basal,1,0.0,724.0,1.0,38.0,11,138,19491,2,1.0
97,0.0,0.0,3.076,0.0,6.0,5,51.76647505449759,107.9091275478837,no pobre,basal,0,166.66667,742.5,1.0,65.0,15,137,19492,6,0.0
98,0.0,0.0,3.076,0.0,6.0,5,51.76647505449759,107.9091275478837,no pobre,basal,0,166.66667,742.5,1.0,65.0,16,137,19492,6,0.0
97,1.0,0.0,3.076,1.0,1.0,9,51.76647505449759,107.9091275478837,pobre,basal,0,750.0,438.61801,1.0,40.0,8,137,19493,1,1.0
98,1.0,0.0,3.076,1.0,1.0,9,51.76647505449759,107.9091275478837,pobre,basal,0,750.0,438.61801,1.0,40.0,9,137,19493,1,1.0
97,1.0,0.0,3.076,1.0,1.0,9,51.76647505449759,107.9091275478837,pobre,basal,0,750.0,438.61801,1.0,40.0,7,137,19494,1,1.0
98,1.0,0.0,3.076,1.0,2.0,9,51.76647505449759,107.9091275478837,pobre,basal,0,750.0,438.61801,1.0,40.0,8,137,19494,1,1.0
97,0.0,0.0,3.076,,0.0,9,51.76647505449759,107.9091275478837,pobre,basal,0,750.0,438.61801,1.0,40.0,6,137,19495,0,
98,0.0,0.0,3.076,1.0,1.0,9,51.76647505449759,107.9091275478837,pobre,basal,0,750.0,438.61801,1.0,40.0,7,137,19495,0,
97,1.0,0.0,3.9449999,1.0,1.0,3,56.02209371772622,109.7442658683365,pobre,basal,0,83.333336,713.0,1.0,50.0,8,138,19496,1,1.0
98,1.0,0.0,3.9449999,1.0,2.0,3,56.02209371772622,109.7442658683365,pobre,basal,0,83.333336,713.0,1.0,50.0,9,138,19496,1,1.0
97,1.0,0.0,3.9449999,1.0,0.0,4,56.02209371772622,109.7442658683365,pobre,basal,0,1000.0,703.0,1.0,39.0,6,138,19497,0,1.0
98,1.0,0.0,3.9449999,1.0,1.0,4,56.02209371772622,109.7442658683365,pobre,basal,0,1000.0,703.0,1.0,39.0,7,138,19497,0,1.0
97,0.0,0.0,3.9449999,0.0,6.0,6,56.02209371772622,109.7442658683365,pobre,basal,0,83.333336,679.0,1.0,56.0,16,138,19498,6,0.0
98,0.0,0.0,3.9449999,,,6,56.02209371772622,109.7442658683365,pobre,basal,0,83.333336,679.0,1.0,56.0,17,138,19498,6,0.0
97,1.0,0.0,3.9449999,1.0,7.0,6,56.02209371772622,109.7442658683365,pobre,basal,0,83.333336,679.0,1.0,56.0,14,138,19499,7,1.0
98,1.0,0.0,3.9449999,1.0,8.0,6,56.02209371772622,109.7442658683365,pobre,basal,0,83.333336,679.0,1.0,56.0,15,138,19499,7,1.0
97,0.0,0.0,3.9449999,0.0,6.0,6,56.02209371772622,109.7442658683365,pobre,basal,0,83.333336,679.0,1.0,56.0,13,138,19500,6,0.0
98,0.0,0.0,3.9449999,0.0,6.0,6,56.02209371772622,109.7442658683365,pobre,basal,0,83.333336,679.0,1.0,56.0,14,138,19500,6,0.0
97,1.0,0.0,3.9449999,1.0,5.0,6,56.02209371772622,109.7442658683365,pobre,basal,0,83.333336,679.0,1.0,56.0,12,138,19501,5,1.0
98,1.0,0.0,3.9449999,1.0,6.0,6,56.02209371772622,109.7442658683365,pobre,basal,0,83.333336,679.0,1.0,56.0,13,138,19501,5,1.0
97,0.0,0.0,3.9449999,1.0,7.0,8,56.02209371772622,109.7442658683365,pobre,basal,0,0.0,643.34399,1.0,37.0,13,138,19502,7,1.0
98,0.0,0.0,3.9449999,1.0,7.0,8,56.02209371772622,109.7442658683365,pobre,basal,0,0.0,643.34399,1.0,37.0,14,138,19502,7,1.0
97,1.0,0.0,3.9449999,1.0,5.0,8,56.02209371772622,109.7442658683365,pobre,basal,0,0.0,643.34399,1.0,37.0,11,138,19503,5,1.0
98,1.0,0.0,3.9449999,1.0,5.0,8,56.02209371772622,109.7442658683365,pobre,basal,0,0.0,643.34399,1.0,37.0,12,138,19503,5,1.0
97,0.0,0.0,3.9449999,1.0,3.0,8,56.02209371772622,109.7442658683365,pobre,basal,0,0.0,643.34399,1.0,37.0,9,138,19504,3,1.0
98,0.0,0.0,3.9449999,1.0,3.0,8,56.02209371772622,109.7442658683365,pobre,basal,0,0.0,643.34399,1.0,37.0,10,138,19504,3,1.0
97,0.0,0.0,3.9449999,,0.0,8,56.02209371772622,109.7442658683365,pobre,basal,0,0.0,643.34399,1.0,37.0,7,138,19505,0,
98,0.0,0.0,3.9449999,1.0,1.0,8,56.02209371772622,109.7442658683365,pobre,basal,0,0.0,643.34399,1.0,37.0,8,138,19505,0,
97,0.0,0.0,3.9449999,1.0,6.0,9,56.02209371772622,109.7442658683365,pobre,basal,3,41.666668,442.0,1.0,40.0,12,138,19506,6,1.0
98,0.0,0.0,3.9449999,1.0,7.0,9,56.02209371772622,109.7442658683365,pobre,basal,3,41.666668,442.0,1.0,40.0,13,138,19506,6,1.0
97,0.0,0.0,3.9449999,1.0,4.0,9,56.02209371772622,109.7442658683365,pobre,basal,3,41.666668,442.0,1.0,40.0,10,138,19507,4,1.0
98,0.0,0.0,3.9449999,1.0,5.0,9,56.02209371772622,109.7442658683365,pobre,basal,3,41.666668,442.0,1.0,40.0,11,138,19507,4,1.0
97,0.0,0.0,3.9449999,1.0,2.0,9,56.02209371772622,109.7442658683365,pobre,basal,3,41.666668,442.0,1.0,40.0,8,138,19508,2,1.0
98,0.0,0.0,3.9449999,1.0,3.0,9,56.02209371772622,109.7442658683365,pobre,basal,3,41.666668,442.0,1.0,40.0,9,138,19508,2,1.0
97,1.0,0.0,3.9449999,1.0,1.0,9,56.02209371772622,109.7442658683365,pobre,basal,3,41.666668,442.0,1.0,40.0,7,138,19509,1,1.0
98,1.0,0.0,3.9449999,1.0,2.0,9,56.02209371772622,109.7442658683365,pobre,basal,3,41.666668,442.0,1.0,40.0,8,138,19509,1,1.0
97,0.0,0.0,3.076,0.0,6.0,8,51.76647505449759,107.9091275478837,pobre,basal,6,750.0,494.0,1.0,41.0,13,137,19510,6,0.0
98,0.0,0.0,3.076,1.0,7.0,8,51.76647505449759,107.9091275478837,pobre,basal,6,750.0,494.0,1.0,41.0,14,137,19510,6,0.0
97,0.0,0.0,3.076,1.0,5.0,8,51.76647505449759,107.9091275478837,pobre,basal,6,750.0,494.0,1.0,41.0,12,137,19511,5,1.0
98,0.0,0.0,3.076,1.0,6.0,8,51.76647505449759,107.9091275478837,pobre,basal,6,750.0,494.0,1.0,41.0,13,137,19511,5,1.0
97,1.0,0.0,3.076,1.0,3.0,8,51.76647505449759,107.9091275478837,pobre,basal,6,750.0,494.0,1.0,41.0,11,137,19512,3,1.0
98,1.0,0.0,3.076,1.0,4.0,8,51.76647505449759,107.9091275478837,pobre,basal,6,750.0,494.0,1.0,41.0,12,137,19512,3,1.0
97,0.0,0.0,3.076,1.0,2.0,8,51.76647505449759,107.9091275478837,pobre,basal,6,750.0,494.0,1.0,41.0,9,137,19513,2,1.0
98,0.0,0.0,3.076,1.0,3.0,8,51.76647505449759,107.9091275478837,pobre,basal,6,750.0,494.0,1.0,41.0,10,137,19513,2,1.0
97,1.0,0.0,3.076,1.0,1.0,8,51.76647505449759,107.9091275478837,pobre,basal,6,750.0,494.0,1.0,41.0,8,137,19514,1,1.0
98,1.0,0.0,3.076,1.0,2.0,8,51.76647505449759,107.9091275478837,pobre,basal,6,750.0,494.0,1.0,41.0,9,137,19514,1,1.0
97,1.0,0.0,3.076,0.0,6.0,7,51.76647505449759,107.9091275478837,pobre,basal,2,333.33334,642.25,1.0,39.0,16,137,19515,6,0.0
98,1.0,0.0,3.076,,,7,51.76647505449759,107.9091275478837,pobre,basal,2,333.33334,642.25,1.0,39.0,17,137,19515,6,0.0
97,0.0,0.0,3.076,0.0,6.0,7,51.76647505449759,107.9091275478837,pobre,basal,2,333.33334,642.25,1.0,39.0,15,137,19516,6,0.0
98,0.0,0.0,3.076,,,7,51.76647505449759,107.9091275478837,pobre,basal,2,333.33334,642.25,1.0,39.0,16,137,19516,6,0.0
97,1.0,0.0,3.076,0.0,6.0,7,51.76647505449759,107.9091275478837,pobre,basal,2,333.33334,642.25,1.0,39.0,13,137,19517,6,0.0
98,1.0,0.0,3.076,1.0,7.0,7,51.76647505449759,107.9091275478837,pobre,basal,2,333.33334,642.25,1.0,39.0,14,137,19517,6,0.0
97,1.0,0.0,3.076,0.0,6.0,7,51.76647505449759,107.9091275478837,pobre,basal,2,333.33334,642.25,1.0,39.0,14,137,19518,6,0.0
98,1.0,0.0,3.076,1.0,6.0,7,51.76647505449759,107.9091275478837,pobre,basal,2,333.33334,642.25,1.0,39.0,15,137,19518,6,0.0
97,1.0,0.0,3.076,1.0,8.0,5,51.76647505449759,107.9091275478837,pobre,basal,0,100.0,709.0,1.0,50.0,15,137,19519,8,1.0
98,1.0,0.0,3.076,,,5,51.76647505449759,107.9091275478837,pobre,basal,0,100.0,709.0,1.0,50.0,16,137,19519,8,1.0
97,1.0,0.0,3.9449999,1.0,1.0,4,56.02209371772622,109.7442658683365,pobre,basal,6,240.0,633.0,1.0,30.0,6,138,19520,1,1.0
98,1.0,0.0,3.9449999,1.0,2.0,4,56.02209371772622,109.7442658683365,pobre,basal,6,240.0,633.0,1.0,30.0,7,138,19520,1,1.0
97,1.0,0.0,3.9449999,1.0,3.0,3,56.02209371772622,109.7442658683365,pobre,basal,1,166.66667,723.0,1.0,75.0,9,138,19521,3,1.0
98,1.0,0.0,3.9449999,1.0,4.0,3,56.02209371772622,109.7442658683365,pobre,basal,1,166.66667,723.0,1.0,75.0,10,138,19521,3,1.0
97,1.0,0.0,3.076,0.0,6.0,9,51.76647505449759,107.9091275478837,pobre,basal,2,250.0,564.5,1.0,47.0,15,137,19522,6,0.0
98,1.0,0.0,3.076,0.0,6.0,9,51.76647505449759,107.9091275478837,pobre,basal,2,250.0,564.5,1.0,47.0,16,137,19522,6,0.0
97,1.0,0.0,3.076,1.0,3.0,9,51.76647505449759,107.9091275478837,pobre,basal,2,250.0,564.5,1.0,47.0,12,137,19523,3,1.0
98,1.0,0.0,3.076,1.0,4.0,9,51.76647505449759,107.9091275478837,pobre,basal,2,250.0,564.5,1.0,47.0,13,137,19523,3,1.0
97,0.0,0.0,3.076,1.0,4.0,9,51.76647505449759,107.9091275478837,pobre,basal,2,250.0,564.5,1.0,47.0,11,137,19524,4,1.0
98,0.0,0.0,3.076,1.0,5.0,9,51.76647505449759,107.9091275478837,pobre,basal,2,250.0,564.5,1.0,47.0,12,137,19524,4,1.0
97,0.0,0.0,3.076,1.0,1.0,9,51.76647505449759,107.9091275478837,pobre,basal,2,250.0,564.5,1.0,47.0,8,137,19525,1,1.0
98,0.0,0.0,3.076,1.0,2.0,9,51.76647505449759,107.9091275478837,pobre,basal,2,250.0,564.5,1.0,47.0,9,137,19525,1,1.0
97,0.0,0.0,3.076,1.0,7.0,5,51.76647505449759,107.9091275478837,pobre,basal,0,500.0,522.0,1.0,48.0,15,137,19526,7,1.0
98,0.0,0.0,3.076,1.0,8.0,5,51.76647505449759,107.9091275478837,pobre,basal,0,500.0,522.0,1.0,48.0,16,137,19526,7,1.0
97,1.0,0.0,3.076,1.0,6.0,5,51.76647505449759,107.9091275478837,pobre,basal,0,500.0,522.0,1.0,48.0,12,137,19527,6,1.0
98,1.0,0.0,3.076,1.0,7.0,5,51.76647505449759,107.9091275478837,pobre,basal,0,500.0,522.0,1.0,48.0,13,137,19527,6,1.0
97,0.0,0.0,3.076,1.0,4.0,5,51.76647505449759,107.9091275478837,pobre,basal,0,500.0,522.0,1.0,48.0,11,137,19528,4,1.0
98,0.0,0.0,3.076,1.0,5.0,5,51.76647505449759,107.9091275478837,pobre,basal,0,500.0,522.0,1.0,48.0,12,137,19528,4,1.0
97,0.0,0.0,3.076,1.0,8.0,5,51.76647505449759,107.9091275478837,pobre,basal,3,0.0,648.0,1.0,49.0,14,137,19529,8,1.0
98,0.0,0.0,3.076,,,5,51.76647505449759,107.9091275478837,pobre,basal,3,0.0,648.0,1.0,49.0,15,137,19529,8,1.0
97,1.0,0.0,3.076,1.0,0.0,5,51.76647505449759,107.9091275478837,pobre,basal,3,0.0,648.0,1.0,49.0,6,137,19530,0,1.0
98,1.0,0.0,3.076,,,5,51.76647505449759,107.9091275478837,pobre,basal,3,0.0,648.0,1.0,49.0,7,137,19530,0,1.0
97,1.0,0.0,3.9449999,1.0,4.0,5,56.02209371772622,109.7442658683365,no pobre,basal,0,0.0,761.0,1.0,60.0,10,138,19531,4,1.0
98,1.0,0.0,3.9449999,1.0,5.0,5,56.02209371772622,109.7442658683365,no pobre,basal,0,0.0,761.0,1.0,60.0,11,138,19531,4,1.0
97,0.0,0.0,3.9449999,0.0,6.0,5,56.02209371772622,109.7442658683365,pobre,basal,6,750.0,669.0,1.0,37.0,14,138,19532,6,0.0
98,0.0,0.0,3.9449999,0.0,6.0,5,56.02209371772622,109.7442658683365,pobre,basal,6,750.0,669.0,1.0,37.0,15,138,19532,6,0.0
97,1.0,0.0,3.9449999,1.0,3.0,5,56.02209371772622,109.7442658683365,pobre,basal,6,750.0,669.0,1.0,37.0,12,138,19533,3,1.0
98,1.0,0.0,3.9449999,1.0,4.0,5,56.02209371772622,109.7442658683365,pobre,basal,6,750.0,669.0,1.0,37.0,13,138,19533,3,1.0
97,0.0,0.0,3.9449999,1.0,3.0,5,56.02209371772622,109.7442658683365,pobre,basal,6,750.0,669.0,1.0,37.0,10,138,19534,3,1.0
98,0.0,0.0,3.9449999,1.0,4.0,5,56.02209371772622,109.7442658683365,pobre,basal,6,750.0,669.0,1.0,37.0,11,138,19534,3,1.0
97,0.0,0.0,3.9449999,0.0,6.0,5,56.02209371772622,109.7442658683365,no pobre,basal,0,833.33331,804.75,1.0,51.0,16,138,19535,6,0.0
98,0.0,0.0,3.9449999,0.0,6.0,5,56.02209371772622,109.7442658683365,no pobre,basal,0,833.33331,804.75,1.0,51.0,17,138,19535,6,0.0
97,0.0,0.0,3.076,1.0,5.0,5,51.76647505449759,107.9091275478837,pobre,basal,0,0.0,657.5,1.0,44.0,11,137,19536,5,1.0
98,0.0,0.0,3.076,1.0,6.0,5,51.76647505449759,107.9091275478837,pobre,basal,0,0.0,657.5,1.0,44.0,12,137,19536,5,1.0
97,1.0,0.0,3.076,1.0,3.0,5,51.76647505449759,107.9091275478837,pobre,basal,0,0.0,657.5,1.0,44.0,8,137,19537,3,1.0
98,1.0,0.0,3.076,1.0,4.0,5,51.76647505449759,107.9091275478837,pobre,basal,0,0.0,657.5,1.0,44.0,9,137,19537,3,1.0
97,0.0,0.0,3.076,1.0,1.0,5,51.76647505449759,107.9091275478837,pobre,basal,0,0.0,657.5,1.0,44.0,7,137,19538,1,1.0
98,0.0,0.0,3.076,1.0,2.0,5,51.76647505449759,107.9091275478837,pobre,basal,0,0.0,657.5,1.0,44.0,8,137,19538,1,1.0
97,1.0,0.0,0.0,1.0,3.0,4,75.23676528477016,75.23676528477016,pobre,basal,0,750.0,664.0,1.0,63.0,10,151,19539,3,1.0
98,1.0,0.0,0.0,,,4,75.23676528477016,75.23676528477016,pobre,basal,0,750.0,664.0,1.0,63.0,11,151,19539,3,1.0
97,0.0,0.0,0.0,1.0,7.0,4,75.23676528477016,75.23676528477016,pobre,basal,0,750.0,664.0,1.0,63.0,14,151,19540,7,1.0
98,0.0,0.0,0.0,,,4,75.23676528477016,75.23676528477016,pobre,basal,0,750.0,664.0,1.0,63.0,15,151,19540,7,1.0
97,1.0,0.0,0.0,0.0,6.0,6,75.23676528477016,75.23676528477016,pobre,basal,3,625.0,686.0,1.0,46.0,15,151,19541,6,0.0
98,1.0,0.0,0.0,0.0,7.0,6,75.23676528477016,75.23676528477016,pobre,basal,3,625.0,686.0,1.0,46.0,16,151,19541,6,0.0
97,0.0,0.0,0.0,1.0,2.0,6,75.23676528477016,75.23676528477016,pobre,basal,3,625.0,686.0,1.0,46.0,8,151,19542,2,1.0
98,0.0,0.0,0.0,1.0,3.0,6,75.23676528477016,75.23676528477016,pobre,basal,3,625.0,686.0,1.0,46.0,9,151,19542,2,1.0
97,1.0,0.0,0.0,0.0,8.0,9,75.23676528477016,75.23676528477016,pobre,basal,5,625.0,539.5,1.0,33.0,14,151,19543,8,0.0
98,1.0,0.0,0.0,0.0,8.0,9,75.23676528477016,75.23676528477016,pobre,basal,5,625.0,539.5,1.0,33.0,15,151,19543,8,0.0
97,0.0,0.0,0.0,1.0,8.0,9,75.23676528477016,75.23676528477016,pobre,basal,5,625.0,539.5,1.0,33.0,13,151,19544,8,1.0
98,0.0,0.0,0.0,1.0,9.0,9,75.23676528477016,75.23676528477016,pobre,basal,5,625.0,539.5,1.0,33.0,14,151,19544,8,1.0
97,0.0,0.0,0.0,1.0,5.0,9,75.23676528477016,75.23676528477016,pobre,basal,5,625.0,539.5,1.0,33.0,11,151,19545,5,1.0
98,0.0,0.0,0.0,1.0,6.0,9,75.23676528477016,75.23676528477016,pobre,basal,5,625.0,539.5,1.0,33.0,12,151,19545,5,1.0
97,0.0,0.0,0.0,1.0,3.0,9,75.23676528477016,75.23676528477016,pobre,basal,5,625.0,539.5,1.0,33.0,9,151,19546,3,1.0
98,0.0,0.0,0.0,1.0,4.0,9,75.23676528477016,75.23676528477016,pobre,basal,5,625.0,539.5,1.0,33.0,10,151,19546,3,1.0
97,1.0,0.0,0.0,1.0,1.0,4,75.23676528477016,75.23676528477016,pobre,basal,5,2500.0,677.0,1.0,24.0,8,151,19547,1,1.0
98,1.0,0.0,0.0,1.0,2.0,4,75.23676528477016,75.23676528477016,pobre,basal,5,2500.0,677.0,1.0,24.0,9,151,19547,1,1.0
97,0.0,0.0,0.0,1.0,6.0,3,75.23676528477016,75.23676528477016,pobre,basal,2,750.0,768.0,1.0,54.0,13,151,19548,6,1.0
98,0.0,0.0,0.0,1.0,7.0,3,75.23676528477016,75.23676528477016,pobre,basal,2,750.0,768.0,1.0,54.0,14,151,19548,6,1.0
97,0.0,0.0,0.0,0.0,4.0,4,75.23676528477016,75.23676528477016,pobre,basal,3,750.0,663.0,0.0,50.0,16,151,19549,4,0.0
98,0.0,0.0,0.0,,,4,75.23676528477016,75.23676528477016,pobre,basal,3,750.0,663.0,0.0,50.0,17,151,19549,4,0.0
97,0.0,0.0,0.0,1.0,4.0,4,75.23676528477016,75.23676528477016,pobre,basal,3,750.0,663.0,0.0,50.0,13,151,19550,4,1.0
98,0.0,0.0,0.0,1.0,5.0,4,75.23676528477016,75.23676528477016,pobre,basal,3,750.0,663.0,0.0,50.0,14,151,19550,4,1.0
97,1.0,0.0,0.0,1.0,4.0,4,75.23676528477016,75.23676528477016,pobre,basal,3,750.0,663.0,0.0,50.0,12,151,19551,4,1.0
98,1.0,0.0,0.0,1.0,5.0,4,75.23676528477016,75.23676528477016,pobre,basal,3,750.0,663.0,0.0,50.0,13,151,19551,4,1.0
97,1.0,0.0,0.0,0.0,6.0,6,75.23676528477016,75.23676528477016,pobre,basal,3,750.0,603.0,1.0,31.0,13,151,19552,6,0.0
98,1.0,0.0,0.0,1.0,6.0,6,75.23676528477016,75.23676528477016,pobre,basal,3,750.0,603.0,1.0,31.0,14,151,19552,6,0.0
97,0.0,0.0,0.0,1.0,4.0,6,75.23676528477016,75.23676528477016,pobre,basal,3,750.0,603.0,1.0,31.0,10,151,19553,4,1.0
98,0.0,0.0,0.0,1.0,5.0,6,75.23676528477016,75.23676528477016,pobre,basal,3,750.0,603.0,1.0,31.0,11,151,19553,4,1.0
97,0.0,0.0,0.0,1.0,1.0,6,75.23676528477016,75.23676528477016,pobre,basal,3,750.0,603.0,1.0,31.0,7,151,19554,1,1.0
98,0.0,0.0,0.0,1.0,2.0,6,75.23676528477016,75.23676528477016,pobre,basal,3,750.0,603.0,1.0,31.0,8,151,19554,1,1.0
97,0.0,0.0,0.0,1.0,1.0,5,75.23676528477016,75.23676528477016,pobre,basal,6,875.0,582.34399,1.0,27.0,7,151,19555,1,1.0
98,0.0,0.0,0.0,1.0,2.0,5,75.23676528477016,75.23676528477016,pobre,basal,6,875.0,582.34399,1.0,27.0,8,151,19555,1,1.0
97,0.0,0.0,0.0,1.0,0.0,5,75.23676528477016,75.23676528477016,pobre,basal,6,875.0,582.34399,1.0,27.0,6,151,19556,0,1.0
98,0.0,0.0,0.0,1.0,1.0,5,75.23676528477016,75.23676528477016,pobre,basal,6,875.0,582.34399,1.0,27.0,7,151,19556,0,1.0
97,1.0,0.0,0.0,,6.0,7,75.23676528477016,75.23676528477016,pobre,basal,0,750.0,679.0,1.0,56.0,15,151,19557,6,
98,1.0,0.0,0.0,,,7,75.23676528477016,75.23676528477016,pobre,basal,0,750.0,679.0,1.0,56.0,16,151,19557,6,
97,0.0,0.0,0.0,1.0,3.0,6,75.23676528477016,75.23676528477016,pobre,basal,0,750.0,619.34399,1.0,78.0,10,151,19558,3,1.0
98,0.0,0.0,0.0,1.0,4.0,6,75.23676528477016,75.23676528477016,pobre,basal,0,750.0,619.34399,1.0,78.0,11,151,19558,3,1.0
97,0.0,0.0,0.0,1.0,6.0,6,75.23676528477016,75.23676528477016,pobre,basal,0,750.0,619.34399,1.0,78.0,13,151,19559,6,1.0
98,0.0,0.0,0.0,1.0,7.0,6,75.23676528477016,75.23676528477016,pobre,basal,0,750.0,619.34399,1.0,78.0,14,151,19559,6,1.0
97,1.0,0.0,0.0,,0.0,6,75.23676528477016,75.23676528477016,pobre,basal,0,750.0,619.34399,1.0,78.0,6,151,19560,0,
98,1.0,0.0,0.0,1.0,1.0,6,75.23676528477016,75.23676528477016,pobre,basal,0,750.0,619.34399,1.0,78.0,7,151,19560,0,
97,0.0,0.0,0.0,1.0,0.0,4,75.23676528477016,75.23676528477016,pobre,basal,6,750.0,658.0,1.0,37.0,7,151,19561,0,1.0
98,0.0,0.0,0.0,1.0,1.0,4,75.23676528477016,75.23676528477016,pobre,basal,6,750.0,658.0,1.0,37.0,8,151,19561,0,1.0
97,0.0,0.0,0.0,1.0,0.0,5,75.23676528477016,75.23676528477016,pobre,basal,9,0.0,572.0,1.0,29.0,6,151,19562,0,1.0
98,0.0,0.0,0.0,1.0,1.0,5,75.23676528477016,75.23676528477016,pobre,basal,9,0.0,572.0,1.0,29.0,7,151,19562,0,1.0
97,0.0,0.0,0.0,1.0,6.0,7,75.23676528477016,75.23676528477016,pobre,basal,0,625.0,547.0,1.0,48.0,12,151,19563,6,1.0
98,0.0,0.0,0.0,1.0,7.0,7,75.23676528477016,75.23676528477016,pobre,basal,0,625.0,547.0,1.0,48.0,13,151,19563,6,1.0
97,1.0,0.0,0.0,1.0,3.0,7,75.23676528477016,75.23676528477016,pobre,basal,0,625.0,547.0,1.0,48.0,10,151,19564,3,1.0
98,1.0,0.0,0.0,1.0,4.0,7,75.23676528477016,75.23676528477016,pobre,basal,0,625.0,547.0,1.0,48.0,11,151,19564,3,1.0
97,1.0,0.0,0.0,1.0,1.0,7,75.23676528477016,75.23676528477016,pobre,basal,0,625.0,547.0,1.0,48.0,7,151,19565,1,1.0
98,1.0,0.0,0.0,1.0,2.0,7,75.23676528477016,75.23676528477016,pobre,basal,0,625.0,547.0,1.0,48.0,8,151,19565,1,1.0
97,0.0,0.0,0.0,1.0,0.0,7,75.23676528477016,75.23676528477016,pobre,basal,0,625.0,547.0,1.0,48.0,6,151,19566,0,1.0
98,0.0,0.0,0.0,1.0,1.0,7,75.23676528477016,75.23676528477016,pobre,basal,0,625.0,547.0,1.0,48.0,7,151,19566,0,1.0
97,0.0,0.0,0.0,1.0,4.0,6,75.23676528477016,75.23676528477016,pobre,basal,7,500.0,572.0,1.0,31.0,11,151,19567,4,1.0
98,0.0,0.0,0.0,1.0,5.0,6,75.23676528477016,75.23676528477016,pobre,basal,7,500.0,572.0,1.0,31.0,12,151,19567,4,1.0
97,1.0,0.0,0.0,1.0,3.0,6,75.23676528477016,75.23676528477016,pobre,basal,7,500.0,572.0,1.0,31.0,9,151,19568,3,1.0
98,1.0,0.0,0.0,1.0,4.0,6,75.23676528477016,75.23676528477016,pobre,basal,7,500.0,572.0,1.0,31.0,10,151,19568,3,1.0
97,1.0,0.0,0.0,1.0,0.0,6,75.23676528477016,75.23676528477016,pobre,basal,7,500.0,572.0,1.0,31.0,6,151,19569,0,1.0
98,1.0,0.0,0.0,1.0,1.0,6,75.23676528477016,75.23676528477016,pobre,basal,7,500.0,572.0,1.0,31.0,7,151,19569,0,1.0
97,0.0,0.0,0.0,1.0,2.0,5,75.23676528477016,75.23676528477016,pobre,basal,6,625.0,594.0,1.0,28.0,8,151,19570,2,1.0
98,0.0,0.0,0.0,1.0,3.0,5,75.23676528477016,75.23676528477016,pobre,basal,6,625.0,594.0,1.0,28.0,9,151,19570,2,1.0
97,1.0,0.0,0.0,1.0,0.0,5,75.23676528477016,75.23676528477016,pobre,basal,6,625.0,594.0,1.0,28.0,6,151,19571,0,1.0
98,1.0,0.0,0.0,1.0,1.0,5,75.23676528477016,75.23676528477016,pobre,basal,6,625.0,594.0,1.0,28.0,7,151,19571,0,1.0
97,1.0,0.0,0.0,,0.0,2,75.23676528477016,75.23676528477016,pobre,basal,9,160.0,776.43799,0.0,35.0,9,151,19572,0,
98,1.0,0.0,0.0,1.0,4.0,2,75.23676528477016,75.23676528477016,pobre,basal,9,160.0,776.43799,0.0,35.0,10,151,19572,0,
97,1.0,0.0,0.0,,0.0,4,75.23676528477016,75.23676528477016,pobre,basal,2,875.0,700.34399,1.0,57.0,14,151,19573,0,
98,1.0,0.0,0.0,0.0,1.0,4,75.23676528477016,75.23676528477016,pobre,basal,2,875.0,700.34399,1.0,57.0,15,151,19573,0,
97,0.0,0.0,0.0,0.0,9.0,7,75.23676528477016,75.23676528477016,pobre,basal,0,625.0,666.0,1.0,55.0,16,151,19574,9,0.0
98,0.0,0.0,0.0,,,7,75.23676528477016,75.23676528477016,pobre,basal,0,625.0,666.0,1.0,55.0,17,151,19574,9,0.0
97,0.0,0.0,0.0,0.0,6.0,7,75.23676528477016,75.23676528477016,pobre,basal,0,625.0,666.0,1.0,55.0,14,151,19575,6,0.0
98,0.0,0.0,0.0,1.0,6.0,7,75.23676528477016,75.23676528477016,pobre,basal,0,625.0,666.0,1.0,55.0,15,151,19575,6,0.0
97,0.0,0.0,0.0,0.0,6.0,7,75.23676528477016,75.23676528477016,pobre,basal,0,625.0,666.0,1.0,55.0,13,151,19576,6,0.0
98,0.0,0.0,0.0,1.0,6.0,7,75.23676528477016,75.23676528477016,pobre,basal,0,625.0,666.0,1.0,55.0,14,151,19576,6,0.0
97,0.0,0.0,0.0,1.0,7.0,7,75.23676528477016,75.23676528477016,pobre,basal,0,625.0,666.0,1.0,55.0,13,151,19577,7,1.0
98,0.0,0.0,0.0,1.0,8.0,7,75.23676528477016,75.23676528477016,pobre,basal,0,625.0,666.0,1.0,55.0,14,151,19577,7,1.0
97,1.0,0.0,0.0,1.0,3.0,7,75.23676528477016,75.23676528477016,pobre,basal,0,625.0,666.0,1.0,55.0,8,151,19578,3,1.0
98,1.0,0.0,0.0,1.0,3.0,7,75.23676528477016,75.23676528477016,pobre,basal,0,625.0,666.0,1.0,55.0,9,151,19578,3,1.0
97,1.0,0.0,0.0,1.0,2.0,5,75.23676528477016,75.23676528477016,pobre,basal,4,875.0,635.0,1.0,33.0,7,151,19579,2,1.0
98,1.0,0.0,0.0,1.0,2.0,5,75.23676528477016,75.23676528477016,pobre,basal,4,875.0,635.0,1.0,33.0,8,151,19579,2,1.0
97,1.0,0.0,0.0,0.0,9.0,4,75.23676528477016,75.23676528477016,pobre,basal,3,0.0,725.0,0.0,56.0,15,151,19580,9,0.0
98,1.0,0.0,0.0,0.0,3.0,4,75.23676528477016,75.23676528477016,pobre,basal,3,0.0,725.0,0.0,56.0,16,151,19580,9,0.0
97,1.0,0.0,0.0,1.0,1.0,4,75.23676528477016,75.23676528477016,pobre,basal,1,750.0,522.0,1.0,27.0,7,151,19581,1,1.0
98,1.0,0.0,0.0,1.0,2.0,4,75.23676528477016,75.23676528477016,pobre,basal,1,750.0,522.0,1.0,27.0,8,151,19581,1,1.0
97,1.0,0.0,0.0,1.0,0.0,4,75.23676528477016,75.23676528477016,pobre,basal,1,750.0,522.0,1.0,27.0,6,151,19582,0,1.0
98,1.0,0.0,0.0,1.0,1.0,4,75.23676528477016,75.23676528477016,pobre,basal,1,750.0,522.0,1.0,27.0,7,151,19582,0,1.0
97,0.0,0.0,0.0,0.0,6.0,7,75.23676528477016,75.23676528477016,no pobre,basal,2,875.0,736.0,1.0,42.0,15,151,19583,6,0.0
98,0.0,0.0,0.0,0.0,7.0,7,75.23676528477016,75.23676528477016,no pobre,basal,2,875.0,736.0,1.0,42.0,16,151,19583,6,0.0
97,0.0,0.0,0.0,1.0,2.0,7,75.23676528477016,75.23676528477016,no pobre,basal,2,875.0,736.0,1.0,42.0,8,151,19584,2,1.0
98,0.0,0.0,0.0,1.0,3.0,7,75.23676528477016,75.23676528477016,no pobre,basal,2,875.0,736.0,1.0,42.0,9,151,19584,2,1.0
97,1.0,0.0,0.0,0.0,9.0,4,75.23676528477016,75.23676528477016,pobre,basal,2,1264.0,666.0,1.0,59.0,15,151,19585,9,0.0
98,1.0,0.0,0.0,,,4,75.23676528477016,75.23676528477016,pobre,basal,2,1264.0,666.0,1.0,59.0,16,151,19585,9,0.0
97,0.0,0.0,0.0,1.0,2.0,4,75.23676528477016,75.23676528477016,pobre,basal,2,1264.0,666.0,1.0,59.0,8,151,19586,2,1.0
98,0.0,0.0,0.0,1.0,3.0,4,75.23676528477016,75.23676528477016,pobre,basal,2,1264.0,666.0,1.0,59.0,9,151,19586,2,1.0
97,0.0,0.0,0.0,1.0,2.0,6,75.23676528477016,75.23676528477016,pobre,basal,9,0.0,516.0,1.0,30.0,9,151,19587,2,1.0
98,0.0,0.0,0.0,1.0,3.0,6,75.23676528477016,75.23676528477016,pobre,basal,9,0.0,516.0,1.0,30.0,10,151,19587,2,1.0
97,1.0,0.0,0.0,1.0,0.0,6,75.23676528477016,75.23676528477016,pobre,basal,9,0.0,516.0,1.0,30.0,6,151,19588,0,1.0
98,1.0,0.0,0.0,1.0,1.0,6,75.23676528477016,75.23676528477016,pobre,basal,9,0.0,516.0,1.0,30.0,7,151,19588,0,1.0
97,1.0,0.0,0.0,0.0,7.0,6,75.23676528477016,75.23676528477016,pobre,basal,6,1000.0,620.0,1.0,34.0,16,151,19589,7,0.0
98,1.0,0.0,0.0,,,6,75.23676528477016,75.23676528477016,pobre,basal,6,1000.0,620.0,1.0,34.0,17,151,19589,7,0.0
97,0.0,0.0,0.0,1.0,4.0,6,75.23676528477016,75.23676528477016,pobre,basal,6,1000.0,620.0,1.0,34.0,10,151,19590,4,1.0
98,0.0,0.0,0.0,1.0,4.0,6,75.23676528477016,75.23676528477016,pobre,basal,6,1000.0,620.0,1.0,34.0,11,151,19590,4,1.0
97,0.0,0.0,0.0,,0.0,4,75.23676528477016,75.23676528477016,pobre,basal,0,1000.0,663.0,1.0,71.0,16,151,19591,0,
98,0.0,0.0,0.0,,,4,75.23676528477016,75.23676528477016,pobre,basal,0,1000.0,663.0,1.0,71.0,17,151,19591,0,
97,0.0,0.0,0.0,0.0,2.0,5,75.23676528477016,75.23676528477016,pobre,basal,4,1200.0,604.0,1.0,27.0,9,151,19592,2,0.0
98,0.0,0.0,0.0,1.0,3.0,5,75.23676528477016,75.23676528477016,pobre,basal,4,1200.0,604.0,1.0,27.0,10,151,19592,2,0.0
97,1.0,0.0,0.0,0.0,1.0,5,75.23676528477016,75.23676528477016,pobre,basal,4,1200.0,604.0,1.0,27.0,7,151,19593,1,0.0
98,1.0,0.0,0.0,1.0,1.0,5,75.23676528477016,75.23676528477016,pobre,basal,4,1200.0,604.0,1.0,27.0,8,151,19593,1,0.0
97,1.0,0.0,0.0,1.0,3.0,5,75.23676528477016,75.23676528477016,pobre,basal,4,1200.0,597.0,1.0,28.0,10,151,19594,3,1.0
98,1.0,0.0,0.0,1.0,4.0,5,75.23676528477016,75.23676528477016,pobre,basal,4,1200.0,597.0,1.0,28.0,11,151,19594,3,1.0
97,0.0,0.0,0.0,,0.0,5,75.23676528477016,75.23676528477016,pobre,basal,4,1200.0,597.0,1.0,28.0,6,151,19595,0,
98,0.0,0.0,0.0,1.0,1.0,5,75.23676528477016,75.23676528477016,pobre,basal,4,1200.0,597.0,1.0,28.0,7,151,19595,0,
97,0.0,0.0,0.0,1.0,3.0,7,75.23676528477016,75.23676528477016,pobre,basal,0,166.66667,521.0,1.0,46.0,10,151,19596,3,1.0
98,0.0,0.0,0.0,1.0,3.0,7,75.23676528477016,75.23676528477016,pobre,basal,0,166.66667,521.0,1.0,46.0,11,151,19596,3,1.0
97,1.0,0.0,0.0,1.0,2.0,7,75.23676528477016,75.23676528477016,pobre,basal,0,166.66667,521.0,1.0,46.0,8,151,19597,2,1.0
98,1.0,0.0,0.0,1.0,3.0,7,75.23676528477016,75.23676528477016,pobre,basal,0,166.66667,521.0,1.0,46.0,9,151,19597,2,1.0
97,1.0,0.0,0.0,1.0,0.0,7,75.23676528477016,75.23676528477016,pobre,basal,0,166.66667,521.0,1.0,46.0,6,151,19598,0,1.0
98,1.0,0.0,0.0,1.0,1.0,7,75.23676528477016,75.23676528477016,pobre,basal,0,166.66667,521.0,1.0,46.0,7,151,19598,0,1.0
97,0.0,0.0,0.0,1.0,2.0,4,75.23676528477016,75.23676528477016,pobre,basal,4,750.0,644.0,1.0,27.0,8,151,19599,2,1.0
98,0.0,0.0,0.0,1.0,3.0,4,75.23676528477016,75.23676528477016,pobre,basal,4,750.0,644.0,1.0,27.0,9,151,19599,2,1.0
97,1.0,0.0,0.0,0.0,3.0,13,75.23676528477016,75.23676528477016,pobre,basal,0,0.0,530.0,1.0,75.0,15,151,19600,3,0.0
98,1.0,0.0,0.0,,,13,75.23676528477016,75.23676528477016,pobre,basal,0,0.0,530.0,1.0,75.0,16,151,19600,3,0.0
97,0.0,0.0,0.0,0.0,6.0,13,75.23676528477016,75.23676528477016,pobre,basal,0,0.0,530.0,1.0,75.0,13,151,19601,6,0.0
98,0.0,0.0,0.0,1.0,6.0,13,75.23676528477016,75.23676528477016,pobre,basal,0,0.0,530.0,1.0,75.0,14,151,19601,6,0.0
97,1.0,0.0,0.0,1.0,5.0,13,75.23676528477016,75.23676528477016,pobre,basal,0,0.0,530.0,1.0,75.0,11,151,19602,5,1.0
98,1.0,0.0,0.0,1.0,6.0,13,75.23676528477016,75.23676528477016,pobre,basal,0,0.0,530.0,1.0,75.0,12,151,19602,5,1.0
97,0.0,0.0,0.0,1.0,3.0,13,75.23676528477016,75.23676528477016,pobre,basal,0,0.0,530.0,1.0,75.0,9,151,19603,3,1.0
98,0.0,0.0,0.0,1.0,4.0,13,75.23676528477016,75.23676528477016,pobre,basal,0,0.0,530.0,1.0,75.0,10,151,19603,3,1.0
97,1.0,0.0,0.0,1.0,3.0,13,75.23676528477016,75.23676528477016,pobre,basal,0,0.0,530.0,1.0,75.0,10,151,19604,3,1.0
98,1.0,0.0,0.0,1.0,4.0,13,75.23676528477016,75.23676528477016,pobre,basal,0,0.0,530.0,1.0,75.0,11,151,19604,3,1.0
97,1.0,0.0,0.0,1.0,1.0,13,75.23676528477016,75.23676528477016,pobre,basal,0,0.0,530.0,1.0,75.0,9,151,19605,1,1.0
98,1.0,0.0,0.0,1.0,2.0,13,75.23676528477016,75.23676528477016,pobre,basal,0,0.0,530.0,1.0,75.0,10,151,19605,1,1.0
97,0.0,0.0,0.0,0.0,5.0,9,75.23676528477016,75.23676528477016,pobre,basal,4,750.0,722.59998,1.0,49.0,16,151,19606,5,0.0
98,0.0,0.0,0.0,1.0,6.0,9,75.23676528477016,75.23676528477016,pobre,basal,4,750.0,722.59998,1.0,49.0,17,151,19606,5,0.0
97,0.0,0.0,0.0,1.0,3.0,9,75.23676528477016,75.23676528477016,pobre,basal,4,750.0,722.59998,1.0,49.0,9,151,19607,3,1.0
98,0.0,0.0,0.0,1.0,4.0,9,75.23676528477016,75.23676528477016,pobre,basal,4,750.0,722.59998,1.0,49.0,10,151,19607,3,1.0
97,0.0,0.0,0.0,1.0,0.0,9,75.23676528477016,75.23676528477016,pobre,basal,4,750.0,722.59998,1.0,49.0,6,151,19608,0,1.0
98,0.0,0.0,0.0,1.0,1.0,9,75.23676528477016,75.23676528477016,pobre,basal,4,750.0,722.59998,1.0,49.0,7,151,19608,0,1.0
97,0.0,0.0,0.0,0.0,2.0,7,75.23676528477016,75.23676528477016,pobre,basal,2,0.0,516.0,1.0,44.0,16,151,19609,2,0.0
98,0.0,0.0,0.0,,,7,75.23676528477016,75.23676528477016,pobre,basal,2,0.0,516.0,1.0,44.0,17,151,19609,2,0.0
97,1.0,0.0,0.0,,0.0,7,75.23676528477016,75.23676528477016,pobre,basal,2,0.0,516.0,1.0,44.0,12,151,19610,0,
98,1.0,0.0,0.0,,,7,75.23676528477016,75.23676528477016,pobre,basal,2,0.0,516.0,1.0,44.0,13,151,19610,0,
97,0.0,0.0,0.0,1.0,5.0,7,75.23676528477016,75.23676528477016,pobre,basal,2,0.0,516.0,1.0,44.0,11,151,19611,5,1.0
98,0.0,0.0,0.0,1.0,6.0,7,75.23676528477016,75.23676528477016,pobre,basal,2,0.0,516.0,1.0,44.0,12,151,19611,5,1.0
97,0.0,0.0,0.0,1.0,1.0,7,75.23676528477016,75.23676528477016,pobre,basal,2,0.0,516.0,1.0,44.0,7,151,19612,1,1.0
98,0.0,0.0,0.0,1.0,2.0,7,75.23676528477016,75.23676528477016,pobre,basal,2,0.0,516.0,1.0,44.0,8,151,19612,1,1.0
97,1.0,0.0,0.0,1.0,1.0,4,75.23676528477016,75.23676528477016,pobre,basal,6,0.0,598.0,1.0,25.0,8,151,19613,1,1.0
98,1.0,0.0,0.0,1.0,2.0,4,75.23676528477016,75.23676528477016,pobre,basal,6,0.0,598.0,1.0,25.0,9,151,19613,1,1.0
97,1.0,0.0,0.0,0.0,1.0,5,75.23676528477016,75.23676528477016,pobre,basal,6,0.083333336,495.0,1.0,32.0,7,151,19614,1,0.0
98,1.0,0.0,0.0,1.0,1.0,5,75.23676528477016,75.23676528477016,pobre,basal,6,0.083333336,495.0,1.0,32.0,8,151,19614,1,0.0
97,1.0,0.0,0.0,0.0,0.0,5,75.23676528477016,75.23676528477016,pobre,basal,6,0.083333336,495.0,1.0,32.0,6,151,19615,0,0.0
98,1.0,0.0,0.0,1.0,1.0,5,75.23676528477016,75.23676528477016,pobre,basal,6,0.083333336,495.0,1.0,32.0,7,151,19615,0,0.0
97,1.0,0.0,0.0,0.0,1.0,4,75.23676528477016,75.23676528477016,pobre,basal,0,208.0,715.0,1.0,57.0,13,151,19616,1,0.0
98,1.0,0.0,0.0,,,4,75.23676528477016,75.23676528477016,pobre,basal,0,208.0,715.0,1.0,57.0,14,151,19616,1,0.0
97,1.0,0.0,0.0,0.0,6.0,4,75.23676528477016,75.23676528477016,pobre,basal,0,208.0,715.0,1.0,57.0,13,151,19617,6,0.0
98,1.0,0.0,0.0,0.0,6.0,4,75.23676528477016,75.23676528477016,pobre,basal,0,208.0,715.0,1.0,57.0,14,151,19617,6,0.0
97,0.0,0.0,0.0,0.0,6.0,7,75.23676528477016,75.23676528477016,pobre,basal,3,0.0,557.0,1.0,41.0,16,151,19618,6,0.0
98,0.0,0.0,0.0,,,7,75.23676528477016,75.23676528477016,pobre,basal,3,0.0,557.0,1.0,41.0,17,151,19618,6,0.0
97,1.0,0.0,0.0,1.0,5.0,7,75.23676528477016,75.23676528477016,pobre,basal,3,0.0,557.0,1.0,41.0,13,151,19619,5,1.0
98,1.0,0.0,0.0,1.0,6.0,7,75.23676528477016,75.23676528477016,pobre,basal,3,0.0,557.0,1.0,41.0,14,151,19619,5,1.0
97,0.0,0.0,0.0,1.0,4.0,7,75.23676528477016,75.23676528477016,pobre,basal,3,0.0,557.0,1.0,41.0,11,151,19620,4,1.0
98,0.0,0.0,0.0,1.0,5.0,7,75.23676528477016,75.23676528477016,pobre,basal,3,0.0,557.0,1.0,41.0,12,151,19620,4,1.0
97,1.0,0.0,0.0,1.0,1.0,7,75.23676528477016,75.23676528477016,pobre,basal,3,0.0,557.0,1.0,41.0,8,151,19621,1,1.0
98,1.0,0.0,0.0,1.0,2.0,7,75.23676528477016,75.23676528477016,pobre,basal,3,0.0,557.0,1.0,41.0,9,151,19621,1,1.0
97,0.0,0.0,0.0,1.0,5.0,6,75.23676528477016,75.23676528477016,pobre,basal,6,0.0,559.0,1.0,34.0,12,151,19622,5,1.0
98,0.0,0.0,0.0,1.0,6.0,6,75.23676528477016,75.23676528477016,pobre,basal,6,0.0,559.0,1.0,34.0,13,151,19622,5,1.0
97,0.0,0.0,0.0,1.0,3.0,6,75.23676528477016,75.23676528477016,pobre,basal,6,0.0,559.0,1.0,34.0,10,151,19623,3,1.0
98,0.0,0.0,0.0,1.0,4.0,6,75.23676528477016,75.23676528477016,pobre,basal,6,0.0,559.0,1.0,34.0,11,151,19623,3,1.0
97,0.0,0.0,0.0,1.0,0.0,6,75.23676528477016,75.23676528477016,pobre,basal,6,0.0,559.0,1.0,34.0,6,151,19624,0,1.0
98,0.0,0.0,0.0,1.0,1.0,6,75.23676528477016,75.23676528477016,pobre,basal,6,0.0,559.0,1.0,34.0,7,151,19624,0,1.0
97,1.0,0.0,0.0,0.0,6.0,9,75.23676528477016,75.23676528477016,pobre,basal,1,0.0,550.0,1.0,36.0,15,151,19625,6,0.0
98,1.0,0.0,0.0,0.0,7.0,9,75.23676528477016,75.23676528477016,pobre,basal,1,0.0,550.0,1.0,36.0,16,151,19625,6,0.0
97,1.0,0.0,0.0,1.0,5.0,9,75.23676528477016,75.23676528477016,pobre,basal,1,0.0,550.0,1.0,36.0,13,151,19626,5,1.0
98,1.0,0.0,0.0,1.0,6.0,9,75.23676528477016,75.23676528477016,pobre,basal,1,0.0,550.0,1.0,36.0,14,151,19626,5,1.0
97,1.0,0.0,0.0,1.0,3.0,9,75.23676528477016,75.23676528477016,pobre,basal,1,0.0,550.0,1.0,36.0,9,151,19627,3,1.0
98,1.0,0.0,0.0,1.0,4.0,9,75.23676528477016,75.23676528477016,pobre,basal,1,0.0,550.0,1.0,36.0,10,151,19627,3,1.0
97,0.0,0.0,0.0,1.0,2.0,9,75.23676528477016,75.23676528477016,pobre,basal,1,0.0,550.0,1.0,36.0,8,151,19628,2,1.0
98,0.0,0.0,0.0,1.0,3.0,9,75.23676528477016,75.23676528477016,pobre,basal,1,0.0,550.0,1.0,36.0,9,151,19628,2,1.0
97,1.0,0.0,0.0,1.0,0.0,9,75.23676528477016,75.23676528477016,pobre,basal,1,0.0,550.0,1.0,36.0,7,151,19629,0,1.0
98,1.0,0.0,0.0,1.0,1.0,9,75.23676528477016,75.23676528477016,pobre,basal,1,0.0,550.0,1.0,36.0,8,151,19629,0,1.0
97,1.0,0.0,0.0,0.0,4.0,12,75.23676528477016,75.23676528477016,pobre,basal,0,0.0,515.0,1.0,41.0,16,151,19630,4,0.0
98,1.0,0.0,0.0,,,12,75.23676528477016,75.23676528477016,pobre,basal,0,0.0,515.0,1.0,41.0,17,151,19630,4,0.0
97,1.0,0.0,0.0,1.0,5.0,12,75.23676528477016,75.23676528477016,pobre,basal,0,0.0,515.0,1.0,41.0,14,151,19631,5,1.0
98,1.0,0.0,0.0,0.0,6.0,12,75.23676528477016,75.23676528477016,pobre,basal,0,0.0,515.0,1.0,41.0,15,151,19631,5,1.0
97,1.0,0.0,0.0,1.0,5.0,12,75.23676528477016,75.23676528477016,pobre,basal,0,0.0,515.0,1.0,41.0,12,151,19632,5,1.0
98,1.0,0.0,0.0,1.0,6.0,12,75.23676528477016,75.23676528477016,pobre,basal,0,0.0,515.0,1.0,41.0,13,151,19632,5,1.0
97,1.0,0.0,0.0,1.0,4.0,12,75.23676528477016,75.23676528477016,pobre,basal,0,0.0,515.0,1.0,41.0,10,151,19633,4,1.0
98,1.0,0.0,0.0,1.0,4.0,12,75.23676528477016,75.23676528477016,pobre,basal,0,0.0,515.0,1.0,41.0,11,151,19633,4,1.0
97,1.0,0.0,0.0,,0.0,12,75.23676528477016,75.23676528477016,pobre,basal,0,0.0,515.0,1.0,41.0,6,151,19634,0,
98,1.0,0.0,0.0,1.0,3.0,12,75.23676528477016,75.23676528477016,pobre,basal,0,0.0,515.0,1.0,41.0,7,151,19634,0,
97,0.0,0.0,0.0,0.0,3.0,3,75.23676528477016,75.23676528477016,pobre,basal,0,500.0,632.0,1.0,70.0,16,151,19635,3,0.0
98,0.0,0.0,0.0,,,3,75.23676528477016,75.23676528477016,pobre,basal,0,500.0,632.0,1.0,70.0,17,151,19635,3,0.0
97,1.0,1.0,3.3010001,1.0,5.0,9,102.1078738382807,127.1931763265155,pobre,basal,3,500.0,617.0,1.0,60.0,11,222,19636,5,1.0
98,1.0,1.0,3.3010001,1.0,6.0,9,102.1078738382807,127.1931763265155,pobre,basal,3,500.0,617.0,1.0,60.0,12,222,19636,5,1.0
97,1.0,1.0,3.3010001,1.0,3.0,9,102.1078738382807,127.1931763265155,pobre,basal,3,500.0,617.0,1.0,60.0,10,222,19637,3,1.0
98,1.0,1.0,3.3010001,1.0,4.0,9,102.1078738382807,127.1931763265155,pobre,basal,3,500.0,617.0,1.0,60.0,11,222,19637,3,1.0
97,1.0,1.0,3.3010001,1.0,1.0,9,102.1078738382807,127.1931763265155,pobre,basal,3,500.0,617.0,1.0,60.0,8,222,19638,1,1.0
98,1.0,1.0,3.3010001,1.0,2.0,9,102.1078738382807,127.1931763265155,pobre,basal,3,500.0,617.0,1.0,60.0,9,222,19638,1,1.0
97,0.0,1.0,3.3010001,1.0,1.0,9,102.1078738382807,127.1931763265155,pobre,basal,3,500.0,617.0,1.0,60.0,6,222,19639,1,1.0
98,0.0,1.0,3.3010001,1.0,1.0,9,102.1078738382807,127.1931763265155,pobre,basal,3,500.0,617.0,1.0,60.0,7,222,19639,1,1.0
97,0.0,1.0,3.3010001,1.0,4.0,5,102.1078738382807,127.1931763265155,pobre,basal,3,666.66669,675.5,1.0,36.0,12,222,19640,4,1.0
98,0.0,1.0,3.3010001,1.0,5.0,5,102.1078738382807,127.1931763265155,pobre,basal,3,666.66669,675.5,1.0,36.0,13,222,19640,4,1.0
97,0.0,1.0,3.3010001,1.0,3.0,5,102.1078738382807,127.1931763265155,pobre,basal,3,666.66669,675.5,1.0,36.0,10,222,19641,3,1.0
98,0.0,1.0,3.3010001,1.0,4.0,5,102.1078738382807,127.1931763265155,pobre,basal,3,666.66669,675.5,1.0,36.0,11,222,19641,3,1.0
97,1.0,1.0,3.3010001,1.0,1.0,4,102.1078738382807,127.1931763265155,pobre,basal,3,416.66666,603.0,1.0,62.0,7,222,19642,1,1.0
98,1.0,1.0,3.3010001,1.0,3.0,4,102.1078738382807,127.1931763265155,pobre,basal,3,416.66666,603.0,1.0,62.0,8,222,19642,1,1.0
97,1.0,1.0,3.3010001,1.0,2.0,7,102.1078738382807,127.1931763265155,pobre,basal,6,333.33334,492.0,1.0,27.0,9,222,19643,2,1.0
98,1.0,1.0,3.3010001,1.0,3.0,7,102.1078738382807,127.1931763265155,pobre,basal,6,333.33334,492.0,1.0,27.0,10,222,19643,2,1.0
97,1.0,1.0,3.3010001,1.0,1.0,7,102.1078738382807,127.1931763265155,pobre,basal,6,333.33334,492.0,1.0,27.0,7,222,19644,1,1.0
98,1.0,1.0,3.3010001,1.0,2.0,7,102.1078738382807,127.1931763265155,pobre,basal,6,333.33334,492.0,1.0,27.0,8,222,19644,1,1.0
97,0.0,1.0,3.3010001,1.0,2.0,7,102.1078738382807,127.1931763265155,pobre,basal,6,625.0,423.0,1.0,26.0,9,222,19645,2,1.0
98,0.0,1.0,3.3010001,1.0,3.0,7,102.1078738382807,127.1931763265155,pobre,basal,6,625.0,423.0,1.0,26.0,10,222,19645,2,1.0
97,0.0,1.0,3.3010001,1.0,1.0,7,102.1078738382807,127.1931763265155,pobre,basal,6,625.0,423.0,1.0,26.0,7,222,19646,1,1.0
98,0.0,1.0,3.3010001,1.0,2.0,7,102.1078738382807,127.1931763265155,pobre,basal,6,625.0,423.0,1.0,26.0,8,222,19646,1,1.0
97,1.0,1.0,3.3010001,1.0,3.0,7,102.1078738382807,127.1931763265155,pobre,basal,4,666.66669,491.0,1.0,32.0,11,222,19647,3,1.0
98,1.0,1.0,3.3010001,,,7,102.1078738382807,127.1931763265155,pobre,basal,4,666.66669,491.0,1.0,32.0,12,222,19647,3,1.0
97,0.0,1.0,3.3010001,1.0,2.0,7,102.1078738382807,127.1931763265155,pobre,basal,4,666.66669,491.0,1.0,32.0,10,222,19648,2,1.0
98,0.0,1.0,3.3010001,,,7,102.1078738382807,127.1931763265155,pobre,basal,4,666.66669,491.0,1.0,32.0,11,222,19648,2,1.0
97,1.0,1.0,3.3010001,1.0,1.0,7,102.1078738382807,127.1931763265155,pobre,basal,4,666.66669,491.0,1.0,32.0,7,222,19649,1,1.0
98,1.0,1.0,3.3010001,,,7,102.1078738382807,127.1931763265155,pobre,basal,4,666.66669,491.0,1.0,32.0,8,222,19649,1,1.0
97,0.0,1.0,3.3010001,1.0,5.0,7,102.1078738382807,127.1931763265155,pobre,basal,2,416.66666,519.0,1.0,35.0,12,222,19650,5,1.0
98,0.0,1.0,3.3010001,1.0,6.0,7,102.1078738382807,127.1931763265155,pobre,basal,2,416.66666,519.0,1.0,35.0,13,222,19650,5,1.0
97,0.0,1.0,3.3010001,1.0,3.0,7,102.1078738382807,127.1931763265155,pobre,basal,2,416.66666,519.0,1.0,35.0,9,222,19651,3,1.0
98,0.0,1.0,3.3010001,1.0,4.0,7,102.1078738382807,127.1931763265155,pobre,basal,2,416.66666,519.0,1.0,35.0,10,222,19651,3,1.0
97,0.0,1.0,3.3010001,1.0,1.0,7,102.1078738382807,127.1931763265155,pobre,basal,2,416.66666,519.0,1.0,35.0,7,222,19652,1,1.0
98,0.0,1.0,3.3010001,1.0,2.0,7,102.1078738382807,127.1931763265155,pobre,basal,2,416.66666,519.0,1.0,35.0,8,222,19652,1,1.0
97,0.0,0.0,0.0,0.0,9.0,6,75.23676528477016,75.23676528477016,pobre,basal,2,7500.0,615.0,1.0,46.0,15,151,19653,9,0.0
98,0.0,0.0,0.0,0.0,9.0,6,75.23676528477016,75.23676528477016,pobre,basal,2,7500.0,615.0,1.0,46.0,16,151,19653,9,0.0
97,1.0,0.0,0.0,1.0,6.0,6,75.23676528477016,75.23676528477016,pobre,basal,2,7500.0,615.0,1.0,46.0,13,151,19654,6,1.0
98,1.0,0.0,0.0,0.0,6.0,6,75.23676528477016,75.23676528477016,pobre,basal,2,7500.0,615.0,1.0,46.0,14,151,19654,6,1.0
97,0.0,0.0,0.0,1.0,3.0,6,75.23676528477016,75.23676528477016,pobre,basal,2,7500.0,615.0,1.0,46.0,8,151,19655,3,1.0
98,0.0,0.0,0.0,1.0,4.0,6,75.23676528477016,75.23676528477016,pobre,basal,2,7500.0,615.0,1.0,46.0,9,151,19655,3,1.0
97,0.0,0.0,0.0,1.0,2.0,6,75.23676528477016,75.23676528477016,pobre,basal,2,7500.0,615.0,1.0,46.0,8,151,19656,2,1.0
98,0.0,0.0,0.0,1.0,3.0,6,75.23676528477016,75.23676528477016,pobre,basal,2,7500.0,615.0,1.0,46.0,9,151,19656,2,1.0
97,0.0,1.0,3.3010001,1.0,3.0,6,102.1078738382807,127.1931763265155,pobre,basal,0,350.0,523.0,1.0,37.0,11,222,19657,3,1.0
98,0.0,1.0,3.3010001,1.0,4.0,6,102.1078738382807,127.1931763265155,pobre,basal,0,350.0,523.0,1.0,37.0,12,222,19657,3,1.0
97,1.0,1.0,3.3010001,1.0,2.0,6,102.1078738382807,127.1931763265155,pobre,basal,0,350.0,523.0,1.0,37.0,9,222,19658,2,1.0
98,1.0,1.0,3.3010001,1.0,3.0,6,102.1078738382807,127.1931763265155,pobre,basal,0,350.0,523.0,1.0,37.0,10,222,19658,2,1.0
97,1.0,1.0,3.3010001,1.0,0.0,6,102.1078738382807,127.1931763265155,pobre,basal,0,350.0,523.0,1.0,37.0,7,222,19659,0,1.0
98,1.0,1.0,3.3010001,1.0,0.0,6,102.1078738382807,127.1931763265155,pobre,basal,0,350.0,523.0,1.0,37.0,8,222,19659,0,1.0
97,1.0,1.0,3.3010001,1.0,4.0,8,102.1078738382807,127.1931763265155,pobre,basal,0,625.0,407.0,1.0,42.0,10,222,19660,4,1.0
98,1.0,1.0,3.3010001,1.0,5.0,8,102.1078738382807,127.1931763265155,pobre,basal,0,625.0,407.0,1.0,42.0,11,222,19660,4,1.0
97,0.0,1.0,3.3010001,1.0,2.0,8,102.1078738382807,127.1931763265155,pobre,basal,0,625.0,407.0,1.0,42.0,8,222,19661,2,1.0
98,0.0,1.0,3.3010001,,,8,102.1078738382807,127.1931763265155,pobre,basal,0,625.0,407.0,1.0,42.0,9,222,19661,2,1.0
97,0.0,1.0,3.3010001,0.0,6.0,8,102.1078738382807,127.1931763265155,pobre,basal,0,625.0,407.0,1.0,42.0,14,222,19662,6,0.0
98,0.0,1.0,3.3010001,0.0,6.0,8,102.1078738382807,127.1931763265155,pobre,basal,0,625.0,407.0,1.0,42.0,15,222,19662,6,0.0
97,1.0,1.0,3.3010001,0.0,6.0,8,102.1078738382807,127.1931763265155,pobre,basal,0,500.0,775.66998,1.0,43.0,13,222,19663,6,0.0
98,1.0,1.0,3.3010001,1.0,7.0,8,102.1078738382807,127.1931763265155,pobre,basal,0,500.0,775.66998,1.0,43.0,14,222,19663,6,0.0
97,1.0,1.0,3.3010001,1.0,4.0,5,102.1078738382807,127.1931763265155,pobre,basal,9,750.0,589.0,1.0,32.0,10,222,19664,4,1.0
98,1.0,1.0,3.3010001,1.0,6.0,5,102.1078738382807,127.1931763265155,pobre,basal,9,750.0,589.0,1.0,32.0,11,222,19664,4,1.0
97,0.0,1.0,3.3010001,1.0,2.0,5,102.1078738382807,127.1931763265155,pobre,basal,9,750.0,589.0,1.0,32.0,8,222,19665,2,1.0
98,0.0,1.0,3.3010001,1.0,3.0,5,102.1078738382807,127.1931763265155,pobre,basal,9,750.0,589.0,1.0,32.0,9,222,19665,2,1.0
97,0.0,1.0,3.3010001,1.0,2.0,6,102.1078738382807,127.1931763265155,pobre,basal,0,1666.6666,612.0,1.0,52.0,9,222,19666,2,1.0
98,0.0,1.0,3.3010001,1.0,3.0,6,102.1078738382807,127.1931763265155,pobre,basal,0,1666.6666,612.0,1.0,52.0,10,222,19666,2,1.0
97,1.0,1.0,3.3010001,1.0,4.0,6,102.1078738382807,127.1931763265155,pobre,basal,0,1666.6666,612.0,1.0,52.0,11,222,19667,4,1.0
98,1.0,1.0,3.3010001,1.0,5.0,6,102.1078738382807,127.1931763265155,pobre,basal,0,1666.6666,612.0,1.0,52.0,12,222,19667,4,1.0
97,0.0,1.0,3.3010001,1.0,7.0,6,102.1078738382807,127.1931763265155,pobre,basal,0,1666.6666,612.0,1.0,52.0,15,222,19668,7,1.0
98,0.0,1.0,3.3010001,,,6,102.1078738382807,127.1931763265155,pobre,basal,0,1666.6666,612.0,1.0,52.0,16,222,19668,7,1.0
97,1.0,1.0,3.3010001,1.0,4.0,9,102.1078738382807,127.1931763265155,pobre,basal,0,625.0,563.0,1.0,49.0,11,222,19669,4,1.0
98,1.0,1.0,3.3010001,1.0,5.0,9,102.1078738382807,127.1931763265155,pobre,basal,0,625.0,563.0,1.0,49.0,12,222,19669,4,1.0
97,0.0,1.0,3.3010001,1.0,3.0,9,102.1078738382807,127.1931763265155,pobre,basal,0,625.0,563.0,1.0,49.0,9,222,19670,3,1.0
98,0.0,1.0,3.3010001,1.0,4.0,9,102.1078738382807,127.1931763265155,pobre,basal,0,625.0,563.0,1.0,49.0,10,222,19670,3,1.0
97,1.0,1.0,3.3010001,1.0,1.0,9,102.1078738382807,127.1931763265155,pobre,basal,0,625.0,563.0,1.0,49.0,7,222,19671,1,1.0
98,1.0,1.0,3.3010001,1.0,2.0,9,102.1078738382807,127.1931763265155,pobre,basal,0,625.0,563.0,1.0,49.0,8,222,19671,1,1.0
97,1.0,1.0,3.3010001,0.0,5.0,9,102.1078738382807,127.1931763265155,pobre,basal,0,625.0,563.0,1.0,49.0,15,222,19672,5,0.0
98,1.0,1.0,3.3010001,1.0,6.0,9,102.1078738382807,127.1931763265155,pobre,basal,0,625.0,563.0,1.0,49.0,16,222,19672,5,0.0
97,1.0,0.0,0.0,1.0,2.0,5,75.23676528477016,75.23676528477016,pobre,basal,6,0.0,667.0,1.0,40.0,9,151,19673,2,1.0
98,1.0,0.0,0.0,1.0,3.0,5,75.23676528477016,75.23676528477016,pobre,basal,6,0.0,667.0,1.0,40.0,10,151,19673,2,1.0
97,1.0,0.0,0.0,1.0,1.0,5,75.23676528477016,75.23676528477016,pobre,basal,6,0.0,667.0,1.0,40.0,6,151,19674,1,1.0
98,1.0,0.0,0.0,1.0,1.0,5,75.23676528477016,75.23676528477016,pobre,basal,6,0.0,667.0,1.0,40.0,7,151,19674,1,1.0
97,0.0,1.0,3.3010001,1.0,0.0,5,102.1078738382807,127.1931763265155,pobre,basal,0,625.0,524.0,1.0,31.0,6,222,19675,0,1.0
98,0.0,1.0,3.3010001,,,5,102.1078738382807,127.1931763265155,pobre,basal,0,625.0,524.0,1.0,31.0,7,222,19675,0,1.0
97,0.0,0.0,0.0,0.0,6.0,13,75.23676528477016,75.23676528477016,pobre,basal,1,204.0,486.0,1.0,51.0,14,151,19676,6,0.0
98,0.0,0.0,0.0,,,13,75.23676528477016,75.23676528477016,pobre,basal,1,204.0,486.0,1.0,51.0,15,151,19676,6,0.0
97,1.0,0.0,0.0,1.0,5.0,13,75.23676528477016,75.23676528477016,pobre,basal,1,204.0,486.0,1.0,51.0,13,151,19677,5,1.0
98,1.0,0.0,0.0,,,13,75.23676528477016,75.23676528477016,pobre,basal,1,204.0,486.0,1.0,51.0,14,151,19677,5,1.0
97,1.0,0.0,0.0,1.0,2.0,13,75.23676528477016,75.23676528477016,pobre,basal,1,204.0,486.0,1.0,51.0,8,151,19678,2,1.0
98,1.0,0.0,0.0,,,13,75.23676528477016,75.23676528477016,pobre,basal,1,204.0,486.0,1.0,51.0,9,151,19678,2,1.0
97,1.0,0.0,0.0,1.0,0.0,13,75.23676528477016,75.23676528477016,pobre,basal,1,204.0,486.0,1.0,51.0,6,151,19679,0,1.0
98,1.0,0.0,0.0,,,13,75.23676528477016,75.23676528477016,pobre,basal,1,204.0,486.0,1.0,51.0,7,151,19679,0,1.0
97,1.0,1.0,3.3010001,0.0,6.0,13,102.1078738382807,127.1931763265155,pobre,basal,0,625.0,435.5,1.0,43.0,15,222,19680,6,0.0
98,1.0,1.0,3.3010001,0.0,6.0,13,102.1078738382807,127.1931763265155,pobre,basal,0,625.0,435.5,1.0,43.0,16,222,19680,6,0.0
97,1.0,1.0,3.3010001,0.0,6.0,13,102.1078738382807,127.1931763265155,pobre,basal,0,625.0,435.5,1.0,43.0,13,222,19681,6,0.0
98,1.0,1.0,3.3010001,1.0,6.0,13,102.1078738382807,127.1931763265155,pobre,basal,0,625.0,435.5,1.0,43.0,14,222,19681,6,0.0
97,1.0,1.0,3.3010001,1.0,4.0,13,102.1078738382807,127.1931763265155,pobre,basal,0,625.0,435.5,1.0,43.0,11,222,19682,4,1.0
98,1.0,1.0,3.3010001,1.0,5.0,13,102.1078738382807,127.1931763265155,pobre,basal,0,625.0,435.5,1.0,43.0,12,222,19682,4,1.0
97,0.0,1.0,3.3010001,1.0,3.0,13,102.1078738382807,127.1931763265155,pobre,basal,0,625.0,435.5,1.0,43.0,9,222,19683,3,1.0
98,0.0,1.0,3.3010001,1.0,4.0,13,102.1078738382807,127.1931763265155,pobre,basal,0,625.0,435.5,1.0,43.0,10,222,19683,3,1.0
97,0.0,1.0,3.3010001,1.0,0.0,13,102.1078738382807,127.1931763265155,pobre,basal,0,625.0,435.5,1.0,43.0,6,222,19684,0,1.0
98,0.0,1.0,3.3010001,1.0,1.0,13,102.1078738382807,127.1931763265155,pobre,basal,0,625.0,435.5,1.0,43.0,7,222,19684,0,1.0
97,0.0,1.0,3.3010001,0.0,6.0,7,102.1078738382807,127.1931763265155,pobre,basal,1,750.0,604.75,1.0,49.0,16,222,19685,6,0.0
98,0.0,1.0,3.3010001,0.0,6.0,7,102.1078738382807,127.1931763265155,pobre,basal,1,750.0,604.75,1.0,49.0,17,222,19685,6,0.0
97,1.0,1.0,3.3010001,0.0,2.0,7,102.1078738382807,127.1931763265155,pobre,basal,1,750.0,604.75,1.0,49.0,13,222,19686,2,0.0
98,1.0,1.0,3.3010001,0.0,6.0,7,102.1078738382807,127.1931763265155,pobre,basal,1,750.0,604.75,1.0,49.0,14,222,19686,2,0.0
97,0.0,1.0,3.3010001,1.0,3.0,7,102.1078738382807,127.1931763265155,pobre,basal,1,750.0,604.75,1.0,49.0,9,222,19687,3,1.0
98,0.0,1.0,3.3010001,1.0,3.0,7,102.1078738382807,127.1931763265155,pobre,basal,1,750.0,604.75,1.0,49.0,10,222,19687,3,1.0
97,0.0,0.0,0.0,0.0,6.0,5,75.23676528477016,75.23676528477016,pobre,basal,3,166.66667,657.5,1.0,35.0,15,151,19688,6,0.0
98,0.0,0.0,0.0,0.0,6.0,5,75.23676528477016,75.23676528477016,pobre,basal,3,166.66667,657.5,1.0,35.0,16,151,19688,6,0.0
97,0.0,0.0,0.0,1.0,3.0,5,75.23676528477016,75.23676528477016,pobre,basal,3,166.66667,657.5,1.0,35.0,11,151,19689,3,1.0
98,0.0,0.0,0.0,1.0,4.0,5,75.23676528477016,75.23676528477016,pobre,basal,3,166.66667,657.5,1.0,35.0,12,151,19689,3,1.0
97,0.0,1.0,3.3010001,0.0,6.0,7,102.1078738382807,127.1931763265155,pobre,basal,3,833.33331,780.5,1.0,58.0,15,222,19690,6,0.0
98,0.0,1.0,3.3010001,,,7,102.1078738382807,127.1931763265155,pobre,basal,3,833.33331,780.5,1.0,58.0,16,222,19690,6,0.0
97,1.0,1.0,3.3010001,1.0,5.0,7,102.1078738382807,127.1931763265155,pobre,basal,3,833.33331,780.5,1.0,58.0,12,222,19691,5,1.0
98,1.0,1.0,3.3010001,1.0,6.0,7,102.1078738382807,127.1931763265155,pobre,basal,3,833.33331,780.5,1.0,58.0,13,222,19691,5,1.0
97,1.0,1.0,3.3010001,1.0,3.0,5,102.1078738382807,127.1931763265155,pobre,basal,0,250.0,572.0,1.0,44.0,10,222,19692,3,1.0
98,1.0,1.0,3.3010001,1.0,4.0,5,102.1078738382807,127.1931763265155,pobre,basal,0,250.0,572.0,1.0,44.0,11,222,19692,3,1.0
97,1.0,1.0,3.3010001,1.0,3.0,5,102.1078738382807,127.1931763265155,pobre,basal,0,250.0,572.0,1.0,44.0,10,222,19693,3,1.0
98,1.0,1.0,3.3010001,1.0,4.0,5,102.1078738382807,127.1931763265155,pobre,basal,0,250.0,572.0,1.0,44.0,11,222,19693,3,1.0
97,0.0,1.0,3.3010001,1.0,1.0,5,102.1078738382807,127.1931763265155,pobre,basal,0,250.0,572.0,1.0,44.0,7,222,19694,1,1.0
98,0.0,1.0,3.3010001,1.0,2.0,5,102.1078738382807,127.1931763265155,pobre,basal,0,250.0,572.0,1.0,44.0,8,222,19694,1,1.0
97,1.0,1.0,3.3010001,1.0,5.0,7,102.1078738382807,127.1931763265155,pobre,basal,3,625.0,506.5,1.0,28.0,12,222,19695,5,1.0
98,1.0,1.0,3.3010001,1.0,6.0,7,102.1078738382807,127.1931763265155,pobre,basal,3,625.0,506.5,1.0,28.0,13,222,19695,5,1.0
97,1.0,1.0,3.3010001,1.0,2.0,7,102.1078738382807,127.1931763265155,pobre,basal,3,625.0,506.5,1.0,28.0,10,222,19696,2,1.0
98,1.0,1.0,3.3010001,1.0,4.0,7,102.1078738382807,127.1931763265155,pobre,basal,3,625.0,506.5,1.0,28.0,11,222,19696,2,1.0
97,1.0,1.0,3.3010001,1.0,2.0,7,102.1078738382807,127.1931763265155,pobre,basal,3,625.0,506.5,1.0,28.0,8,222,19697,2,1.0
98,1.0,1.0,3.3010001,1.0,3.0,7,102.1078738382807,127.1931763265155,pobre,basal,3,625.0,506.5,1.0,28.0,9,222,19697,2,1.0
97,0.0,1.0,3.3010001,1.0,2.0,4,102.1078738382807,127.1931763265155,no pobre,basal,0,83.333336,956.0,1.0,61.0,8,222,19698,2,1.0
98,0.0,1.0,3.3010001,1.0,3.0,4,102.1078738382807,127.1931763265155,no pobre,basal,0,83.333336,956.0,1.0,61.0,9,222,19698,2,1.0
97,1.0,1.0,3.3010001,0.0,6.0,3,102.1078738382807,127.1931763265155,pobre,basal,0,750.0,835.5,0.0,52.0,15,222,19699,6,0.0
98,1.0,1.0,3.3010001,0.0,6.0,3,102.1078738382807,127.1931763265155,pobre,basal,0,750.0,835.5,0.0,52.0,16,222,19699,6,0.0
97,1.0,1.0,3.3010001,1.0,5.0,3,102.1078738382807,127.1931763265155,pobre,basal,0,750.0,835.5,0.0,52.0,12,222,19700,5,1.0
98,1.0,1.0,3.3010001,1.0,6.0,3,102.1078738382807,127.1931763265155,pobre,basal,0,750.0,835.5,0.0,52.0,13,222,19700,5,1.0
97,1.0,1.0,3.3010001,0.0,6.0,3,102.1078738382807,127.1931763265155,pobre,basal,6,625.0,630.0,1.0,20.0,15,222,19701,6,0.0
98,1.0,1.0,3.3010001,0.0,6.0,3,102.1078738382807,127.1931763265155,pobre,basal,6,625.0,630.0,1.0,20.0,16,222,19701,6,0.0
97,1.0,0.0,0.0,1.0,5.0,4,75.23676528477016,75.23676528477016,pobre,basal,0,750.0,637.34399,1.0,56.0,15,151,19702,5,1.0
98,1.0,0.0,0.0,,,4,75.23676528477016,75.23676528477016,pobre,basal,0,750.0,637.34399,1.0,56.0,16,151,19702,5,1.0
97,1.0,0.0,0.0,,0.0,4,75.23676528477016,75.23676528477016,pobre,basal,0,750.0,637.34399,1.0,56.0,6,151,19703,0,
98,1.0,0.0,0.0,1.0,0.0,4,75.23676528477016,75.23676528477016,pobre,basal,0,750.0,637.34399,1.0,56.0,7,151,19703,0,
97,0.0,1.0,3.3010001,0.0,6.0,9,102.1078738382807,127.1931763265155,pobre,basal,0,0.0,787.5,1.0,52.0,15,222,19704,6,0.0
98,0.0,1.0,3.3010001,0.0,6.0,9,102.1078738382807,127.1931763265155,pobre,basal,0,0.0,787.5,1.0,52.0,16,222,19704,6,0.0
97,0.0,1.0,3.3010001,0.0,6.0,9,102.1078738382807,127.1931763265155,pobre,basal,0,0.0,787.5,1.0,52.0,13,222,19705,6,0.0
98,0.0,1.0,3.3010001,0.0,6.0,9,102.1078738382807,127.1931763265155,pobre,basal,0,0.0,787.5,1.0,52.0,14,222,19705,6,0.0
97,0.0,1.0,3.3010001,1.0,4.0,9,102.1078738382807,127.1931763265155,pobre,basal,0,0.0,787.5,1.0,52.0,11,222,19706,4,1.0
98,0.0,1.0,3.3010001,1.0,5.0,9,102.1078738382807,127.1931763265155,pobre,basal,0,0.0,787.5,1.0,52.0,12,222,19706,4,1.0
97,0.0,1.0,3.3010001,1.0,2.0,9,102.1078738382807,127.1931763265155,pobre,basal,0,0.0,787.5,1.0,52.0,8,222,19707,2,1.0
98,0.0,1.0,3.3010001,1.0,3.0,9,102.1078738382807,127.1931763265155,pobre,basal,0,0.0,787.5,1.0,52.0,9,222,19707,2,1.0
97,0.0,1.0,3.3010001,1.0,1.0,9,102.1078738382807,127.1931763265155,pobre,basal,0,0.0,787.5,1.0,52.0,7,222,19708,1,1.0
98,0.0,1.0,3.3010001,1.0,0.0,9,102.1078738382807,127.1931763265155,pobre,basal,0,0.0,787.5,1.0,52.0,8,222,19708,1,1.0
97,0.0,1.0,3.3010001,1.0,3.0,7,102.1078738382807,127.1931763265155,pobre,basal,6,625.0,430.0,1.0,32.0,9,222,19709,3,1.0
98,0.0,1.0,3.3010001,1.0,4.0,7,102.1078738382807,127.1931763265155,pobre,basal,6,625.0,430.0,1.0,32.0,10,222,19709,3,1.0
97,1.0,1.0,3.3010001,1.0,2.0,7,102.1078738382807,127.1931763265155,pobre,basal,6,625.0,430.0,1.0,32.0,8,222,19710,2,1.0
98,1.0,1.0,3.3010001,1.0,3.0,7,102.1078738382807,127.1931763265155,pobre,basal,6,625.0,430.0,1.0,32.0,9,222,19710,2,1.0
97,1.0,1.0,3.3010001,1.0,0.0,7,102.1078738382807,127.1931763265155,pobre,basal,6,625.0,430.0,1.0,32.0,6,222,19711,0,1.0
98,1.0,1.0,3.3010001,1.0,1.0,7,102.1078738382807,127.1931763265155,pobre,basal,6,625.0,430.0,1.0,32.0,7,222,19711,0,1.0
97,0.0,1.0,3.3010001,0.0,5.0,7,102.1078738382807,127.1931763265155,pobre,basal,3,625.0,494.32999,1.0,65.0,15,222,19712,5,0.0
98,0.0,1.0,3.3010001,0.0,5.0,7,102.1078738382807,127.1931763265155,pobre,basal,3,625.0,494.32999,1.0,65.0,16,222,19712,5,0.0
97,1.0,1.0,3.3010001,0.0,3.0,7,102.1078738382807,127.1931763265155,pobre,basal,3,625.0,494.32999,1.0,65.0,12,222,19713,3,0.0
98,1.0,1.0,3.3010001,1.0,6.0,7,102.1078738382807,127.1931763265155,pobre,basal,3,625.0,494.32999,1.0,65.0,13,222,19713,3,0.0
97,1.0,1.0,3.3010001,1.0,4.0,7,102.1078738382807,127.1931763265155,pobre,basal,3,625.0,494.32999,1.0,65.0,11,222,19714,4,1.0
98,1.0,1.0,3.3010001,1.0,5.0,7,102.1078738382807,127.1931763265155,pobre,basal,3,625.0,494.32999,1.0,65.0,12,222,19714,4,1.0
97,0.0,0.0,0.0,1.0,4.0,9,75.23676528477016,75.23676528477016,pobre,basal,5,11204.0,435.0,1.0,31.0,11,151,19715,4,1.0
98,0.0,0.0,0.0,1.0,5.0,9,75.23676528477016,75.23676528477016,pobre,basal,5,11204.0,435.0,1.0,31.0,12,151,19715,4,1.0
97,0.0,0.0,0.0,1.0,3.0,9,75.23676528477016,75.23676528477016,pobre,basal,5,11204.0,435.0,1.0,31.0,9,151,19716,3,1.0
98,0.0,0.0,0.0,1.0,4.0,9,75.23676528477016,75.23676528477016,pobre,basal,5,11204.0,435.0,1.0,31.0,10,151,19716,3,1.0
97,1.0,0.0,0.0,1.0,2.0,9,75.23676528477016,75.23676528477016,pobre,basal,5,11204.0,435.0,1.0,31.0,8,151,19717,2,1.0
98,1.0,0.0,0.0,1.0,3.0,9,75.23676528477016,75.23676528477016,pobre,basal,5,11204.0,435.0,1.0,31.0,9,151,19717,2,1.0
97,1.0,1.0,0.60500002,0.0,6.0,7,98.89900546430128,124.2672818451075,pobre,basal,2,500.0,725.5,1.0,52.0,12,223,19718,6,0.0
98,1.0,1.0,0.60500002,1.0,6.0,7,98.89900546430128,124.2672818451075,pobre,basal,2,500.0,725.5,1.0,52.0,13,223,19718,6,0.0
97,0.0,1.0,0.60500002,1.0,3.0,7,98.89900546430128,124.2672818451075,pobre,basal,2,500.0,725.5,1.0,52.0,9,223,19719,3,1.0
98,0.0,1.0,0.60500002,1.0,4.0,7,98.89900546430128,124.2672818451075,pobre,basal,2,500.0,725.5,1.0,52.0,10,223,19719,3,1.0
97,0.0,1.0,0.60500002,0.0,5.0,2,98.89900546430128,124.2672818451075,pobre,basal,4,7500.0,808.0,1.0,17.0,14,223,19720,5,0.0
98,0.0,1.0,0.60500002,0.0,5.0,2,98.89900546430128,124.2672818451075,pobre,basal,4,7500.0,808.0,1.0,17.0,15,223,19720,5,0.0
97,1.0,1.0,0.60500002,1.0,1.0,5,98.89900546430128,124.2672818451075,pobre,basal,6,800.0,654.0,1.0,23.0,7,223,19721,1,1.0
98,1.0,1.0,0.60500002,1.0,2.0,5,98.89900546430128,124.2672818451075,pobre,basal,6,800.0,654.0,1.0,23.0,8,223,19721,1,1.0
97,1.0,1.0,0.60500002,1.0,3.0,6,98.89900546430128,124.2672818451075,pobre,basal,9,625.0,622.0,1.0,31.0,9,223,19722,3,1.0
98,1.0,1.0,0.60500002,1.0,4.0,6,98.89900546430128,124.2672818451075,pobre,basal,9,625.0,622.0,1.0,31.0,10,223,19722,3,1.0
97,0.0,1.0,0.60500002,1.0,1.0,6,98.89900546430128,124.2672818451075,pobre,basal,9,625.0,622.0,1.0,31.0,7,223,19723,1,1.0
98,0.0,1.0,0.60500002,1.0,2.0,6,98.89900546430128,124.2672818451075,pobre,basal,9,625.0,622.0,1.0,31.0,8,223,19723,1,1.0
97,0.0,1.0,0.60500002,1.0,9.0,6,98.89900546430128,124.2672818451075,pobre,basal,6,750.0,689.0,0.0,33.0,16,223,19724,9,1.0
98,0.0,1.0,0.60500002,,,6,98.89900546430128,124.2672818451075,pobre,basal,6,750.0,689.0,0.0,33.0,17,223,19724,9,1.0
97,0.0,1.0,0.60500002,1.0,4.0,6,98.89900546430128,124.2672818451075,pobre,basal,6,750.0,689.0,0.0,33.0,12,223,19725,4,1.0
98,0.0,1.0,0.60500002,1.0,3.0,6,98.89900546430128,124.2672818451075,pobre,basal,6,750.0,689.0,0.0,33.0,13,223,19725,4,1.0
97,1.0,1.0,0.60500002,1.0,2.0,6,98.89900546430128,124.2672818451075,pobre,basal,6,750.0,689.0,0.0,33.0,8,223,19726,2,1.0
98,1.0,1.0,0.60500002,1.0,3.0,6,98.89900546430128,124.2672818451075,pobre,basal,6,750.0,689.0,0.0,33.0,9,223,19726,2,1.0
97,0.0,1.0,0.60500002,1.0,0.0,6,98.89900546430128,124.2672818451075,pobre,basal,6,750.0,689.0,0.0,33.0,6,223,19727,0,1.0
98,0.0,1.0,0.60500002,1.0,1.0,6,98.89900546430128,124.2672818451075,pobre,basal,6,750.0,689.0,0.0,33.0,7,223,19727,0,1.0
97,1.0,1.0,0.60500002,1.0,7.0,10,98.89900546430128,124.2672818451075,pobre,basal,6,333.33334,532.0,1.0,40.0,15,223,19728,7,1.0
98,1.0,1.0,0.60500002,1.0,8.0,10,98.89900546430128,124.2672818451075,pobre,basal,6,333.33334,532.0,1.0,40.0,16,223,19728,7,1.0
97,1.0,1.0,0.60500002,1.0,6.0,10,98.89900546430128,124.2672818451075,pobre,basal,6,333.33334,532.0,1.0,40.0,13,223,19729,6,1.0
98,1.0,1.0,0.60500002,1.0,7.0,10,98.89900546430128,124.2672818451075,pobre,basal,6,333.33334,532.0,1.0,40.0,14,223,19729,6,1.0
97,0.0,1.0,0.60500002,1.0,4.0,10,98.89900546430128,124.2672818451075,pobre,basal,6,333.33334,532.0,1.0,40.0,11,223,19730,4,1.0
98,0.0,1.0,0.60500002,1.0,5.0,10,98.89900546430128,124.2672818451075,pobre,basal,6,333.33334,532.0,1.0,40.0,12,223,19730,4,1.0
97,1.0,1.0,0.60500002,1.0,3.0,10,98.89900546430128,124.2672818451075,pobre,basal,6,333.33334,532.0,1.0,40.0,9,223,19731,3,1.0
98,1.0,1.0,0.60500002,1.0,4.0,10,98.89900546430128,124.2672818451075,pobre,basal,6,333.33334,532.0,1.0,40.0,10,223,19731,3,1.0
97,1.0,1.0,0.60500002,1.0,0.0,10,98.89900546430128,124.2672818451075,pobre,basal,6,333.33334,532.0,1.0,40.0,6,223,19732,0,1.0
98,1.0,1.0,0.60500002,1.0,1.0,10,98.89900546430128,124.2672818451075,pobre,basal,6,333.33334,532.0,1.0,40.0,7,223,19732,0,1.0
97,0.0,1.0,0.60500002,1.0,4.0,3,98.89900546430128,124.2672818451075,no pobre,basal,4,625.0,773.5,1.0,25.0,11,223,19733,4,1.0
98,0.0,1.0,0.60500002,1.0,5.0,3,98.89900546430128,124.2672818451075,no pobre,basal,4,625.0,773.5,1.0,25.0,12,223,19733,4,1.0
97,0.0,1.0,0.60500002,1.0,3.0,7,98.89900546430128,124.2672818451075,pobre,basal,6,83.333336,701.5,1.0,42.0,10,223,19734,3,1.0
98,0.0,1.0,0.60500002,1.0,4.0,7,98.89900546430128,124.2672818451075,pobre,basal,6,83.333336,701.5,1.0,42.0,11,223,19734,3,1.0
97,1.0,0.0,0.0,0.0,9.0,7,75.23676528477016,75.23676528477016,pobre,basal,2,233.33333,682.5,1.0,44.0,15,151,19735,9,0.0
98,1.0,0.0,0.0,0.0,9.0,7,75.23676528477016,75.23676528477016,pobre,basal,2,233.33333,682.5,1.0,44.0,16,151,19735,9,0.0
97,0.0,0.0,0.0,1.0,4.0,7,75.23676528477016,75.23676528477016,pobre,basal,2,233.33333,682.5,1.0,44.0,9,151,19736,4,1.0
98,0.0,0.0,0.0,1.0,5.0,7,75.23676528477016,75.23676528477016,pobre,basal,2,233.33333,682.5,1.0,44.0,10,151,19736,4,1.0
97,1.0,1.0,0.60500002,1.0,5.0,8,98.89900546430128,124.2672818451075,pobre,basal,0,58.333332,636.0,1.0,32.0,12,223,19737,5,1.0
98,1.0,1.0,0.60500002,1.0,6.0,8,98.89900546430128,124.2672818451075,pobre,basal,0,58.333332,636.0,1.0,32.0,13,223,19737,5,1.0
97,0.0,1.0,0.60500002,1.0,3.0,8,98.89900546430128,124.2672818451075,pobre,basal,0,58.333332,636.0,1.0,32.0,10,223,19738,3,1.0
98,0.0,1.0,0.60500002,,,8,98.89900546430128,124.2672818451075,pobre,basal,0,58.333332,636.0,1.0,32.0,11,223,19738,3,1.0
97,0.0,1.0,0.60500002,1.0,2.0,8,98.89900546430128,124.2672818451075,pobre,basal,0,58.333332,636.0,1.0,32.0,7,223,19739,2,1.0
98,0.0,1.0,0.60500002,1.0,3.0,8,98.89900546430128,124.2672818451075,pobre,basal,0,58.333332,636.0,1.0,32.0,8,223,19739,2,1.0
97,1.0,1.0,0.60500002,1.0,0.0,8,98.89900546430128,124.2672818451075,pobre,basal,0,58.333332,636.0,1.0,32.0,6,223,19740,0,1.0
98,1.0,1.0,0.60500002,1.0,1.0,8,98.89900546430128,124.2672818451075,pobre,basal,0,58.333332,636.0,1.0,32.0,7,223,19740,0,1.0
97,0.0,1.0,0.60500002,1.0,7.0,7,98.89900546430128,124.2672818451075,pobre,basal,0,66.666664,710.5,1.0,37.0,13,223,19741,7,1.0
98,0.0,1.0,0.60500002,1.0,8.0,7,98.89900546430128,124.2672818451075,pobre,basal,0,66.666664,710.5,1.0,37.0,14,223,19741,7,1.0
97,0.0,1.0,0.60500002,1.0,5.0,7,98.89900546430128,124.2672818451075,pobre,basal,0,66.666664,710.5,1.0,37.0,11,223,19742,5,1.0
98,0.0,1.0,0.60500002,1.0,6.0,7,98.89900546430128,124.2672818451075,pobre,basal,0,66.666664,710.5,1.0,37.0,12,223,19742,5,1.0
97,1.0,1.0,0.60500002,1.0,3.0,7,98.89900546430128,124.2672818451075,pobre,basal,0,66.666664,710.5,1.0,37.0,9,223,19743,3,1.0
98,1.0,1.0,0.60500002,1.0,4.0,7,98.89900546430128,124.2672818451075,pobre,basal,0,66.666664,710.5,1.0,37.0,10,223,19743,3,1.0
97,0.0,1.0,0.60500002,1.0,0.0,7,98.89900546430128,124.2672818451075,pobre,basal,0,66.666664,710.5,1.0,37.0,6,223,19744,0,1.0
98,0.0,1.0,0.60500002,1.0,1.0,7,98.89900546430128,124.2672818451075,pobre,basal,0,66.666664,710.5,1.0,37.0,7,223,19744,0,1.0
97,1.0,1.0,0.60500002,1.0,3.0,6,98.89900546430128,124.2672818451075,pobre,basal,2,625.0,623.0,1.0,30.0,9,223,19745,3,1.0
98,1.0,1.0,0.60500002,1.0,4.0,6,98.89900546430128,124.2672818451075,pobre,basal,2,625.0,623.0,1.0,30.0,10,223,19745,3,1.0
97,0.0,1.0,0.60500002,1.0,2.0,6,98.89900546430128,124.2672818451075,pobre,basal,2,625.0,623.0,1.0,30.0,8,223,19746,2,1.0
98,0.0,1.0,0.60500002,1.0,3.0,6,98.89900546430128,124.2672818451075,pobre,basal,2,625.0,623.0,1.0,30.0,9,223,19746,2,1.0
97,1.0,1.0,0.60500002,1.0,0.0,6,98.89900546430128,124.2672818451075,pobre,basal,2,625.0,623.0,1.0,30.0,6,223,19747,0,1.0
98,1.0,1.0,0.60500002,1.0,1.0,6,98.89900546430128,124.2672818451075,pobre,basal,2,625.0,623.0,1.0,30.0,7,223,19747,0,1.0
97,1.0,1.0,0.60500002,1.0,1.0,5,98.89900546430128,124.2672818451075,pobre,basal,7,750.0,665.0,1.0,28.0,7,223,19748,1,1.0
98,1.0,1.0,0.60500002,1.0,2.0,5,98.89900546430128,124.2672818451075,pobre,basal,7,750.0,665.0,1.0,28.0,8,223,19748,1,1.0
97,0.0,1.0,0.60500002,1.0,5.0,5,98.89900546430128,124.2672818451075,pobre,basal,0,500.0,739.5,0.0,43.0,11,223,19749,5,1.0
98,0.0,1.0,0.60500002,,,5,98.89900546430128,124.2672818451075,pobre,basal,0,500.0,739.5,0.0,43.0,12,223,19749,5,1.0
97,1.0,1.0,0.60500002,1.0,1.0,5,98.89900546430128,124.2672818451075,pobre,basal,0,500.0,739.5,0.0,43.0,7,223,19750,1,1.0
98,1.0,1.0,0.60500002,,,5,98.89900546430128,124.2672818451075,pobre,basal,0,500.0,739.5,0.0,43.0,8,223,19750,1,1.0
97,1.0,1.0,0.60500002,1.0,1.0,6,98.89900546430128,124.2672818451075,pobre,basal,0,500.0,733.0,1.0,40.0,6,223,19751,1,1.0
98,1.0,1.0,0.60500002,1.0,2.0,6,98.89900546430128,124.2672818451075,pobre,basal,0,500.0,733.0,1.0,40.0,7,223,19751,1,1.0
97,1.0,1.0,0.60500002,1.0,3.0,7,98.89900546430128,124.2672818451075,pobre,basal,0,750.0,561.0,1.0,40.0,11,223,19752,3,1.0
98,1.0,1.0,0.60500002,1.0,3.0,7,98.89900546430128,124.2672818451075,pobre,basal,0,750.0,561.0,1.0,40.0,12,223,19752,3,1.0
97,1.0,1.0,0.60500002,1.0,1.0,7,98.89900546430128,124.2672818451075,pobre,basal,0,750.0,561.0,1.0,40.0,8,223,19753,1,1.0
98,1.0,1.0,0.60500002,1.0,2.0,7,98.89900546430128,124.2672818451075,pobre,basal,0,750.0,561.0,1.0,40.0,9,223,19753,1,1.0
97,0.0,1.0,0.60500002,1.0,3.0,8,98.89900546430128,124.2672818451075,pobre,basal,0,625.0,417.0,1.0,37.0,12,223,19754,3,1.0
98,0.0,1.0,0.60500002,1.0,3.0,8,98.89900546430128,124.2672818451075,pobre,basal,0,625.0,417.0,1.0,37.0,13,223,19754,3,1.0
97,1.0,1.0,0.60500002,1.0,2.0,8,98.89900546430128,124.2672818451075,pobre,basal,0,625.0,417.0,1.0,37.0,9,223,19755,2,1.0
98,1.0,1.0,0.60500002,1.0,3.0,8,98.89900546430128,124.2672818451075,pobre,basal,0,625.0,417.0,1.0,37.0,10,223,19755,2,1.0
97,1.0,1.0,0.60500002,1.0,0.0,8,98.89900546430128,124.2672818451075,pobre,basal,0,625.0,417.0,1.0,37.0,6,223,19756,0,1.0
98,1.0,1.0,0.60500002,1.0,1.0,8,98.89900546430128,124.2672818451075,pobre,basal,0,625.0,417.0,1.0,37.0,7,223,19756,0,1.0
97,0.0,1.0,0.60500002,1.0,5.0,4,98.89900546430128,124.2672818451075,pobre,basal,0,500.0,685.0,1.0,56.0,15,223,19757,5,1.0
98,0.0,1.0,0.60500002,,,4,98.89900546430128,124.2672818451075,pobre,basal,0,500.0,685.0,1.0,56.0,16,223,19757,5,1.0
97,1.0,1.0,0.60500002,1.0,5.0,4,98.89900546430128,124.2672818451075,pobre,basal,0,500.0,685.0,1.0,56.0,13,223,19758,5,1.0
98,1.0,1.0,0.60500002,1.0,6.0,4,98.89900546430128,124.2672818451075,pobre,basal,0,500.0,685.0,1.0,56.0,14,223,19758,5,1.0
97,0.0,1.0,0.60500002,1.0,3.0,7,98.89900546430128,124.2672818451075,pobre,basal,5,750.0,524.0,1.0,29.0,9,223,19759,3,1.0
98,0.0,1.0,0.60500002,1.0,4.0,7,98.89900546430128,124.2672818451075,pobre,basal,5,750.0,524.0,1.0,29.0,10,223,19759,3,1.0
97,1.0,1.0,0.60500002,1.0,1.0,7,98.89900546430128,124.2672818451075,pobre,basal,5,750.0,524.0,1.0,29.0,7,223,19760,1,1.0
98,1.0,1.0,0.60500002,1.0,2.0,7,98.89900546430128,124.2672818451075,pobre,basal,5,750.0,524.0,1.0,29.0,8,223,19760,1,1.0
97,1.0,1.0,0.60500002,1.0,4.0,3,98.89900546430128,124.2672818451075,pobre,basal,0,750.0,626.0,0.0,37.0,11,223,19761,4,1.0
98,1.0,1.0,0.60500002,1.0,5.0,3,98.89900546430128,124.2672818451075,pobre,basal,0,750.0,626.0,0.0,37.0,12,223,19761,4,1.0
97,0.0,0.0,0.0,0.0,9.0,9,75.23676528477016,75.23676528477016,no pobre,basal,6,6000.0,744.75,1.0,38.0,15,151,19762,9,0.0
98,0.0,0.0,0.0,0.0,9.0,9,75.23676528477016,75.23676528477016,no pobre,basal,6,6000.0,744.75,1.0,38.0,16,151,19762,9,0.0
97,0.0,1.0,0.60500002,1.0,2.0,5,98.89900546430128,124.2672818451075,pobre,basal,0,1600.0,641.0,1.0,32.0,13,223,19763,2,1.0
98,0.0,1.0,0.60500002,1.0,3.0,5,98.89900546430128,124.2672818451075,pobre,basal,0,1600.0,641.0,1.0,32.0,14,223,19763,2,1.0
97,0.0,0.0,0.60500002,1.0,1.0,5,98.89900546430128,124.2672818451075,pobre,basal,0,1600.0,641.0,1.0,32.0,7,223,19764,1,1.0
98,0.0,0.0,0.60500002,1.0,2.0,5,98.89900546430128,124.2672818451075,pobre,basal,0,1600.0,641.0,1.0,32.0,8,223,19764,1,1.0
97,0.0,0.0,0.0,0.0,6.0,7,75.23676528477016,75.23676528477016,pobre,basal,1,166.66667,626.5,1.0,54.0,16,151,19765,6,0.0
98,0.0,0.0,0.0,,,7,75.23676528477016,75.23676528477016,pobre,basal,1,166.66667,626.5,1.0,54.0,17,151,19765,6,0.0
97,1.0,0.0,0.0,1.0,5.0,7,75.23676528477016,75.23676528477016,pobre,basal,1,166.66667,626.5,1.0,54.0,11,151,19766,5,1.0
98,1.0,0.0,0.0,1.0,6.0,7,75.23676528477016,75.23676528477016,pobre,basal,1,166.66667,626.5,1.0,54.0,12,151,19766,5,1.0
97,1.0,0.0,0.0,1.0,3.0,7,75.23676528477016,75.23676528477016,pobre,basal,1,166.66667,626.5,1.0,54.0,10,151,19767,3,1.0
98,1.0,0.0,0.0,1.0,4.0,7,75.23676528477016,75.23676528477016,pobre,basal,1,166.66667,626.5,1.0,54.0,11,151,19767,3,1.0
97,1.0,1.0,0.60500002,1.0,4.0,4,98.89900546430128,124.2672818451075,pobre,basal,2,625.0,759.0,1.0,32.0,9,223,19768,4,1.0
98,1.0,1.0,0.60500002,1.0,5.0,4,98.89900546430128,124.2672818451075,pobre,basal,2,625.0,759.0,1.0,32.0,10,223,19768,4,1.0
97,0.0,1.0,0.60500002,0.0,6.0,8,98.89900546430128,124.2672818451075,pobre,basal,0,750.0,661.66998,1.0,47.0,16,223,19769,6,0.0
98,0.0,1.0,0.60500002,,,8,98.89900546430128,124.2672818451075,pobre,basal,0,750.0,661.66998,1.0,47.0,17,223,19769,6,0.0
97,0.0,1.0,0.60500002,0.0,6.0,8,98.89900546430128,124.2672818451075,pobre,basal,0,750.0,661.66998,1.0,47.0,14,223,19770,6,0.0
98,0.0,1.0,0.60500002,1.0,6.0,8,98.89900546430128,124.2672818451075,pobre,basal,0,750.0,661.66998,1.0,47.0,15,223,19770,6,0.0
97,1.0,1.0,0.60500002,1.0,5.0,8,98.89900546430128,124.2672818451075,pobre,basal,0,750.0,661.66998,1.0,47.0,11,223,19771,5,1.0
98,1.0,1.0,0.60500002,1.0,6.0,8,98.89900546430128,124.2672818451075,pobre,basal,0,750.0,661.66998,1.0,47.0,12,223,19771,5,1.0
97,0.0,1.0,0.60500002,1.0,2.0,8,98.89900546430128,124.2672818451075,pobre,basal,0,750.0,661.66998,1.0,47.0,8,223,19772,2,1.0
98,0.0,1.0,0.60500002,1.0,3.0,8,98.89900546430128,124.2672818451075,pobre,basal,0,750.0,661.66998,1.0,47.0,9,223,19772,2,1.0
97,1.0,1.0,0.60500002,0.0,3.0,6,98.89900546430128,124.2672818451075,pobre,basal,0,83.333336,756.0,1.0,43.0,16,223,19773,3,0.0
98,1.0,1.0,0.60500002,,,6,98.89900546430128,124.2672818451075,pobre,basal,0,83.333336,756.0,1.0,43.0,17,223,19773,3,0.0
97,1.0,1.0,0.60500002,1.0,4.0,6,98.89900546430128,124.2672818451075,pobre,basal,0,83.333336,756.0,1.0,43.0,12,223,19774,4,1.0
98,1.0,1.0,0.60500002,1.0,5.0,6,98.89900546430128,124.2672818451075,pobre,basal,0,83.333336,756.0,1.0,43.0,13,223,19774,4,1.0
97,0.0,1.0,0.60500002,1.0,2.0,6,98.89900546430128,124.2672818451075,pobre,basal,0,83.333336,756.0,1.0,43.0,7,223,19775,2,1.0
98,0.0,1.0,0.60500002,1.0,3.0,6,98.89900546430128,124.2672818451075,pobre,basal,0,83.333336,756.0,1.0,43.0,8,223,19775,2,1.0
97,0.0,1.0,0.60500002,1.0,6.0,8,98.89900546430128,124.2672818451075,pobre,basal,8,75.0,564.0,1.0,34.0,12,223,19776,6,1.0
98,0.0,1.0,0.60500002,1.0,7.0,8,98.89900546430128,124.2672818451075,pobre,basal,8,75.0,564.0,1.0,34.0,13,223,19776,6,1.0
97,0.0,1.0,0.60500002,1.0,4.0,8,98.89900546430128,124.2672818451075,pobre,basal,8,75.0,564.0,1.0,34.0,10,223,19777,4,1.0
98,0.0,1.0,0.60500002,1.0,5.0,8,98.89900546430128,124.2672818451075,pobre,basal,8,75.0,564.0,1.0,34.0,11,223,19777,4,1.0
97,1.0,1.0,0.60500002,0.0,2.0,8,98.89900546430128,124.2672818451075,pobre,basal,8,75.0,564.0,1.0,34.0,9,223,19778,2,0.0
98,1.0,1.0,0.60500002,1.0,2.0,8,98.89900546430128,124.2672818451075,pobre,basal,8,75.0,564.0,1.0,34.0,10,223,19778,2,0.0
97,1.0,1.0,0.60500002,1.0,0.0,8,98.89900546430128,124.2672818451075,pobre,basal,8,75.0,564.0,1.0,34.0,6,223,19779,0,1.0
98,1.0,1.0,0.60500002,1.0,1.0,8,98.89900546430128,124.2672818451075,pobre,basal,8,75.0,564.0,1.0,34.0,7,223,19779,0,1.0
97,0.0,1.0,0.60500002,1.0,2.0,5,98.89900546430128,124.2672818451075,pobre,basal,3,750.0,619.0,1.0,27.0,7,223,19780,2,1.0
98,0.0,1.0,0.60500002,1.0,3.0,5,98.89900546430128,124.2672818451075,pobre,basal,3,750.0,619.0,1.0,27.0,8,223,19780,2,1.0
97,1.0,0.0,1.801,0.0,6.0,9,61.25950625258808,106.4008608145989,pobre,basal,6,0.0,437.0,1.0,38.0,16,193,19781,6,0.0
98,1.0,0.0,1.801,0.0,9.0,9,61.25950625258808,106.4008608145989,pobre,basal,6,0.0,437.0,1.0,38.0,17,193,19781,6,0.0
97,0.0,0.0,1.801,0.0,4.0,9,61.25950625258808,106.4008608145989,pobre,basal,6,0.0,437.0,1.0,38.0,14,193,19782,4,0.0
98,0.0,0.0,1.801,0.0,4.0,9,61.25950625258808,106.4008608145989,pobre,basal,6,0.0,437.0,1.0,38.0,15,193,19782,4,0.0
97,0.0,0.0,1.801,0.0,3.0,9,61.25950625258808,106.4008608145989,pobre,basal,6,0.0,437.0,1.0,38.0,13,193,19783,3,0.0
98,0.0,0.0,1.801,0.0,3.0,9,61.25950625258808,106.4008608145989,pobre,basal,6,0.0,437.0,1.0,38.0,14,193,19783,3,0.0
97,0.0,0.0,1.801,1.0,2.0,9,61.25950625258808,106.4008608145989,pobre,basal,6,0.0,437.0,1.0,38.0,8,193,19784,2,1.0
98,0.0,0.0,1.801,1.0,3.0,9,61.25950625258808,106.4008608145989,pobre,basal,6,0.0,437.0,1.0,38.0,9,193,19784,2,1.0
97,1.0,0.0,1.801,1.0,1.0,9,61.25950625258808,106.4008608145989,pobre,basal,6,0.0,437.0,1.0,38.0,7,193,19785,1,1.0
98,1.0,0.0,1.801,1.0,1.0,9,61.25950625258808,106.4008608145989,pobre,basal,6,0.0,437.0,1.0,38.0,8,193,19785,1,1.0
97,1.0,1.0,3.3010001,,0.0,5,102.1078738382807,127.1931763265155,pobre,basal,0,625.0,630.5,1.0,38.0,16,222,19786,0,
98,1.0,1.0,3.3010001,,,5,102.1078738382807,127.1931763265155,pobre,basal,0,625.0,630.5,1.0,38.0,17,222,19786,0,
97,0.0,1.0,3.3010001,1.0,0.0,5,102.1078738382807,127.1931763265155,pobre,basal,0,625.0,630.5,1.0,38.0,6,222,19787,0,1.0
98,0.0,1.0,3.3010001,0.0,0.0,5,102.1078738382807,127.1931763265155,pobre,basal,0,625.0,630.5,1.0,38.0,7,222,19787,0,1.0
97,0.0,1.0,3.3010001,1.0,1.0,5,102.1078738382807,127.1931763265155,pobre,basal,0,625.0,630.5,1.0,38.0,8,222,19788,1,1.0
98,0.0,1.0,3.3010001,1.0,2.0,5,102.1078738382807,127.1931763265155,pobre,basal,0,625.0,630.5,1.0,38.0,9,222,19788,1,1.0
97,0.0,1.0,3.3010001,1.0,3.0,6,102.1078738382807,127.1931763265155,pobre,basal,4,625.0,475.0,1.0,32.0,10,222,19789,3,1.0
98,0.0,1.0,3.3010001,,,6,102.1078738382807,127.1931763265155,pobre,basal,4,625.0,475.0,1.0,32.0,11,222,19789,3,1.0
97,0.0,1.0,3.3010001,,0.0,6,102.1078738382807,127.1931763265155,pobre,basal,4,625.0,475.0,1.0,32.0,6,222,19790,0,
98,0.0,1.0,3.3010001,,,6,102.1078738382807,127.1931763265155,pobre,basal,4,625.0,475.0,1.0,32.0,7,222,19790,0,
97,1.0,1.0,3.3010001,1.0,2.0,4,102.1078738382807,127.1931763265155,pobre,basal,0,625.0,667.0,1.0,38.0,9,222,19791,2,1.0
98,1.0,1.0,3.3010001,1.0,3.0,4,102.1078738382807,127.1931763265155,pobre,basal,0,625.0,667.0,1.0,38.0,10,222,19791,2,1.0
97,0.0,0.0,1.801,,0.0,5,61.25950625258808,106.4008608145989,pobre,basal,6,1400.0,587.5,1.0,34.0,7,193,19792,0,
98,0.0,0.0,1.801,1.0,0.0,5,61.25950625258808,106.4008608145989,pobre,basal,6,1400.0,587.5,1.0,34.0,8,193,19792,0,
97,0.0,1.0,3.3010001,1.0,3.0,4,102.1078738382807,127.1931763265155,pobre,basal,0,750.0,646.0,1.0,60.0,11,222,19793,3,1.0
98,0.0,1.0,3.3010001,0.0,4.0,4,102.1078738382807,127.1931763265155,pobre,basal,0,750.0,646.0,1.0,60.0,12,222,19793,3,1.0
97,1.0,1.0,3.3010001,1.0,3.0,5,102.1078738382807,127.1931763265155,pobre,basal,0,83.333336,845.64001,1.0,72.0,10,222,19794,3,1.0
98,1.0,1.0,3.3010001,,,5,102.1078738382807,127.1931763265155,pobre,basal,0,83.333336,845.64001,1.0,72.0,11,222,19794,3,1.0
97,1.0,1.0,3.3010001,,0.0,6,102.1078738382807,127.1931763265155,pobre,basal,0,0.0,436.0,0.0,55.0,15,222,19795,0,
98,1.0,1.0,3.3010001,,,6,102.1078738382807,127.1931763265155,pobre,basal,0,0.0,436.0,0.0,55.0,16,222,19795,0,
97,1.0,1.0,3.3010001,1.0,2.0,6,102.1078738382807,127.1931763265155,pobre,basal,0,0.0,436.0,0.0,55.0,9,222,19796,2,1.0
98,1.0,1.0,3.3010001,,,6,102.1078738382807,127.1931763265155,pobre,basal,0,0.0,436.0,0.0,55.0,10,222,19796,2,1.0
97,1.0,1.0,3.3010001,1.0,1.0,6,102.1078738382807,127.1931763265155,pobre,basal,0,0.0,436.0,0.0,55.0,7,222,19797,1,1.0
98,1.0,1.0,3.3010001,,,6,102.1078738382807,127.1931763265155,pobre,basal,0,0.0,436.0,0.0,55.0,8,222,19797,1,1.0
97,1.0,1.0,3.3010001,1.0,0.0,4,102.1078738382807,127.1931763265155,pobre,basal,6,500.0,559.0,1.0,25.0,6,222,19798,0,1.0
98,1.0,1.0,3.3010001,,,4,102.1078738382807,127.1931763265155,pobre,basal,6,500.0,559.0,1.0,25.0,7,222,19798,0,1.0
97,0.0,0.0,1.801,0.0,4.0,5,61.25950625258808,106.4008608145989,pobre,basal,1,0.0,588.0,1.0,63.0,13,193,19799,4,0.0
98,0.0,0.0,1.801,1.0,4.0,5,61.25950625258808,106.4008608145989,pobre,basal,1,0.0,588.0,1.0,63.0,14,193,19799,4,0.0
97,1.0,0.0,1.801,0.0,6.0,5,61.25950625258808,106.4008608145989,pobre,basal,1,0.0,588.0,1.0,63.0,15,193,19800,6,0.0
98,1.0,0.0,1.801,0.0,5.0,5,61.25950625258808,106.4008608145989,pobre,basal,1,0.0,588.0,1.0,63.0,16,193,19800,6,0.0
97,0.0,0.0,1.801,1.0,0.0,5,61.25950625258808,106.4008608145989,pobre,basal,6,750.0,632.0,1.0,25.0,6,193,19801,0,1.0
98,0.0,0.0,1.801,,,5,61.25950625258808,106.4008608145989,pobre,basal,6,750.0,632.0,1.0,25.0,7,193,19801,0,1.0
97,0.0,0.0,1.801,1.0,2.0,4,61.25950625258808,106.4008608145989,pobre,basal,3,1028.0,538.0,1.0,40.0,8,193,19802,2,1.0
98,0.0,0.0,1.801,1.0,3.0,4,61.25950625258808,106.4008608145989,pobre,basal,3,1028.0,538.0,1.0,40.0,9,193,19802,2,1.0
97,1.0,0.0,1.801,1.0,6.0,9,61.25950625258808,106.4008608145989,pobre,basal,0,325.0,409.0,1.0,32.0,14,193,19803,6,1.0
98,1.0,0.0,1.801,0.0,6.0,9,61.25950625258808,106.4008608145989,pobre,basal,0,325.0,409.0,1.0,32.0,15,193,19803,6,1.0
97,1.0,0.0,1.801,1.0,5.0,9,61.25950625258808,106.4008608145989,pobre,basal,0,325.0,409.0,1.0,32.0,12,193,19804,5,1.0
98,1.0,0.0,1.801,0.0,6.0,9,61.25950625258808,106.4008608145989,pobre,basal,0,325.0,409.0,1.0,32.0,13,193,19804,5,1.0
97,0.0,0.0,1.801,1.0,4.0,9,61.25950625258808,106.4008608145989,pobre,basal,0,325.0,409.0,1.0,32.0,11,193,19805,4,1.0
98,0.0,0.0,1.801,1.0,4.0,9,61.25950625258808,106.4008608145989,pobre,basal,0,325.0,409.0,1.0,32.0,12,193,19805,4,1.0
97,0.0,0.0,1.801,1.0,3.0,9,61.25950625258808,106.4008608145989,pobre,basal,0,325.0,409.0,1.0,32.0,9,193,19806,3,1.0
98,0.0,0.0,1.801,1.0,3.0,9,61.25950625258808,106.4008608145989,pobre,basal,0,325.0,409.0,1.0,32.0,10,193,19806,3,1.0
97,1.0,0.0,1.801,1.0,0.0,9,61.25950625258808,106.4008608145989,pobre,basal,0,325.0,409.0,1.0,32.0,6,193,19807,0,1.0
98,1.0,0.0,1.801,1.0,1.0,9,61.25950625258808,106.4008608145989,pobre,basal,0,325.0,409.0,1.0,32.0,7,193,19807,0,1.0
97,1.0,0.0,1.801,1.0,1.0,6,61.25950625258808,106.4008608145989,pobre,basal,1,0.0,551.0,1.0,28.0,9,193,19808,1,1.0
98,1.0,0.0,1.801,1.0,2.0,6,61.25950625258808,106.4008608145989,pobre,basal,1,0.0,551.0,1.0,28.0,10,193,19808,1,1.0
97,0.0,0.0,1.801,1.0,2.0,6,61.25950625258808,106.4008608145989,pobre,basal,1,0.0,551.0,1.0,28.0,8,193,19809,2,1.0
98,0.0,0.0,1.801,1.0,2.0,6,61.25950625258808,106.4008608145989,pobre,basal,1,0.0,551.0,1.0,28.0,9,193,19809,2,1.0
97,0.0,0.0,1.801,1.0,0.0,6,61.25950625258808,106.4008608145989,pobre,basal,1,0.0,551.0,1.0,28.0,6,193,19810,0,1.0
98,0.0,0.0,1.801,1.0,1.0,6,61.25950625258808,106.4008608145989,pobre,basal,1,0.0,551.0,1.0,28.0,7,193,19810,0,1.0
97,0.0,0.0,1.801,1.0,4.0,6,61.25950625258808,106.4008608145989,no pobre,basal,0,0.0,789.5,0.0,52.0,9,193,19811,4,1.0
98,0.0,0.0,1.801,1.0,5.0,6,61.25950625258808,106.4008608145989,no pobre,basal,0,0.0,789.5,0.0,52.0,10,193,19811,4,1.0
97,0.0,0.0,1.801,1.0,2.0,4,61.25950625258808,106.4008608145989,pobre,basal,7,0.0,670.0,1.0,30.0,8,193,19812,2,1.0
98,0.0,0.0,1.801,1.0,3.0,4,61.25950625258808,106.4008608145989,pobre,basal,7,0.0,670.0,1.0,30.0,9,193,19812,2,1.0
97,1.0,0.0,1.801,1.0,1.0,4,61.25950625258808,106.4008608145989,pobre,basal,7,0.0,670.0,1.0,30.0,7,193,19813,1,1.0
98,1.0,0.0,1.801,1.0,2.0,4,61.25950625258808,106.4008608145989,pobre,basal,7,0.0,670.0,1.0,30.0,8,193,19813,1,1.0
97,1.0,0.0,1.801,0.0,6.0,3,61.25950625258808,106.4008608145989,pobre,basal,1,0.0,755.0,1.0,77.0,16,193,19814,6,0.0
98,1.0,0.0,1.801,,,3,61.25950625258808,106.4008608145989,pobre,basal,1,0.0,755.0,1.0,77.0,17,193,19814,6,0.0
97,0.0,0.0,1.801,,4.0,5,61.25950625258808,106.4008608145989,pobre,basal,6,0.0,630.284,1.0,33.0,9,193,19815,4,
98,0.0,0.0,1.801,1.0,4.0,5,61.25950625258808,106.4008608145989,pobre,basal,6,0.0,630.284,1.0,33.0,10,193,19815,4,
97,1.0,0.0,1.801,,2.0,5,61.25950625258808,106.4008608145989,pobre,basal,6,0.0,630.284,1.0,33.0,7,193,19816,2,
98,1.0,0.0,1.801,1.0,2.0,5,61.25950625258808,106.4008608145989,pobre,basal,6,0.0,630.284,1.0,33.0,8,193,19816,2,
97,0.0,0.0,1.801,1.0,9.0,9,61.25950625258808,106.4008608145989,no pobre,basal,2,1224.0,704.5,1.0,41.0,16,193,19817,9,1.0
98,0.0,0.0,1.801,,,9,61.25950625258808,106.4008608145989,no pobre,basal,2,1224.0,704.5,1.0,41.0,17,193,19817,9,1.0
97,1.0,0.0,1.801,1.0,5.0,9,61.25950625258808,106.4008608145989,no pobre,basal,2,1224.0,704.5,1.0,41.0,12,193,19818,5,1.0
98,1.0,0.0,1.801,1.0,6.0,9,61.25950625258808,106.4008608145989,no pobre,basal,2,1224.0,704.5,1.0,41.0,13,193,19818,5,1.0
97,0.0,0.0,1.801,1.0,4.0,9,61.25950625258808,106.4008608145989,no pobre,basal,2,1224.0,704.5,1.0,41.0,10,193,19819,4,1.0
98,0.0,0.0,1.801,1.0,5.0,9,61.25950625258808,106.4008608145989,no pobre,basal,2,1224.0,704.5,1.0,41.0,11,193,19819,4,1.0
97,1.0,0.0,1.801,,0.0,9,61.25950625258808,106.4008608145989,no pobre,basal,2,1224.0,704.5,1.0,41.0,6,193,19820,0,
98,1.0,0.0,1.801,1.0,1.0,9,61.25950625258808,106.4008608145989,no pobre,basal,2,1224.0,704.5,1.0,41.0,7,193,19820,0,
97,1.0,0.0,1.801,0.0,6.0,9,61.25950625258808,106.4008608145989,pobre,basal,0,800.0,694.75,1.0,42.0,16,193,19821,6,0.0
98,1.0,0.0,1.801,,,9,61.25950625258808,106.4008608145989,pobre,basal,0,800.0,694.75,1.0,42.0,17,193,19821,6,0.0
97,1.0,0.0,1.801,1.0,4.0,9,61.25950625258808,106.4008608145989,pobre,basal,0,800.0,694.75,1.0,42.0,13,193,19822,4,1.0
98,1.0,0.0,1.801,1.0,5.0,9,61.25950625258808,106.4008608145989,pobre,basal,0,800.0,694.75,1.0,42.0,14,193,19822,4,1.0
97,1.0,0.0,1.801,1.0,3.0,9,61.25950625258808,106.4008608145989,pobre,basal,0,800.0,694.75,1.0,42.0,10,193,19823,3,1.0
98,1.0,0.0,1.801,1.0,4.0,9,61.25950625258808,106.4008608145989,pobre,basal,0,800.0,694.75,1.0,42.0,11,193,19823,3,1.0
97,0.0,0.0,1.801,1.0,2.0,9,61.25950625258808,106.4008608145989,pobre,basal,0,800.0,694.75,1.0,42.0,9,193,19824,2,1.0
98,0.0,0.0,1.801,1.0,2.0,9,61.25950625258808,106.4008608145989,pobre,basal,0,800.0,694.75,1.0,42.0,10,193,19824,2,1.0
97,1.0,0.0,1.801,0.0,3.0,5,61.25950625258808,106.4008608145989,pobre,basal,0,375.0,694.5,0.0,56.0,15,193,19825,3,0.0
98,1.0,0.0,1.801,,,5,61.25950625258808,106.4008608145989,pobre,basal,0,375.0,694.5,0.0,56.0,16,193,19825,3,0.0
97,1.0,0.0,1.801,,0.0,5,61.25950625258808,106.4008608145989,pobre,basal,0,375.0,694.5,0.0,56.0,14,193,19826,0,
98,1.0,0.0,1.801,,,5,61.25950625258808,106.4008608145989,pobre,basal,0,375.0,694.5,0.0,56.0,15,193,19826,0,
97,1.0,0.0,1.801,,0.0,5,61.25950625258808,106.4008608145989,pobre,basal,0,375.0,694.5,0.0,56.0,9,193,19827,0,
98,1.0,0.0,1.801,,,5,61.25950625258808,106.4008608145989,pobre,basal,0,375.0,694.5,0.0,56.0,10,193,19827,0,
97,0.0,1.0,1.801,1.0,2.0,6,61.25950625258808,106.4008608145989,pobre,basal,0,375.0,512.0,1.0,28.0,10,193,19828,2,1.0
98,0.0,1.0,1.801,1.0,3.0,6,61.25950625258808,106.4008608145989,pobre,basal,0,375.0,512.0,1.0,28.0,11,193,19828,2,1.0
97,1.0,1.0,1.801,1.0,1.0,6,61.25950625258808,106.4008608145989,pobre,basal,0,375.0,512.0,1.0,28.0,8,193,19829,1,1.0
98,1.0,1.0,1.801,1.0,2.0,6,61.25950625258808,106.4008608145989,pobre,basal,0,375.0,512.0,1.0,28.0,9,193,19829,1,1.0
97,0.0,1.0,1.801,,0.0,6,61.25950625258808,106.4008608145989,pobre,basal,0,375.0,512.0,1.0,28.0,6,193,19830,0,
98,0.0,1.0,1.801,1.0,0.0,6,61.25950625258808,106.4008608145989,pobre,basal,0,375.0,512.0,1.0,28.0,7,193,19830,0,
97,1.0,0.0,1.801,1.0,4.0,7,61.25950625258808,106.4008608145989,pobre,basal,2,250.0,539.0,1.0,63.0,11,193,19831,4,1.0
98,1.0,0.0,1.801,1.0,3.0,7,61.25950625258808,106.4008608145989,pobre,basal,2,250.0,539.0,1.0,63.0,12,193,19831,4,1.0
97,1.0,0.0,1.801,1.0,4.0,7,61.25950625258808,106.4008608145989,pobre,basal,3,250.0,673.0,1.0,50.0,13,193,19832,4,1.0
98,1.0,0.0,1.801,1.0,5.0,7,61.25950625258808,106.4008608145989,pobre,basal,3,250.0,673.0,1.0,50.0,14,193,19832,4,1.0
97,0.0,0.0,1.801,1.0,1.0,7,61.25950625258808,106.4008608145989,pobre,basal,3,250.0,673.0,1.0,50.0,9,193,19833,1,1.0
98,0.0,0.0,1.801,1.0,2.0,7,61.25950625258808,106.4008608145989,pobre,basal,3,250.0,673.0,1.0,50.0,10,193,19833,1,1.0
97,1.0,0.0,1.801,1.0,0.0,7,61.25950625258808,106.4008608145989,pobre,basal,3,250.0,673.0,1.0,50.0,6,193,19834,0,1.0
98,1.0,0.0,1.801,1.0,0.0,7,61.25950625258808,106.4008608145989,pobre,basal,3,250.0,673.0,1.0,50.0,7,193,19834,0,1.0
97,1.0,0.0,1.801,1.0,7.0,11,61.25950625258808,106.4008608145989,pobre,basal,0,0.0,718.25,1.0,61.0,14,193,19835,7,1.0
98,1.0,0.0,1.801,1.0,8.0,11,61.25950625258808,106.4008608145989,pobre,basal,0,0.0,718.25,1.0,61.0,15,193,19835,7,1.0
97,0.0,0.0,1.801,1.0,5.0,11,61.25950625258808,106.4008608145989,pobre,basal,0,0.0,718.25,1.0,61.0,11,193,19836,5,1.0
98,0.0,0.0,1.801,0.0,6.0,11,61.25950625258808,106.4008608145989,pobre,basal,0,0.0,718.25,1.0,61.0,12,193,19836,5,1.0
97,1.0,0.0,1.801,,0.0,11,61.25950625258808,106.4008608145989,pobre,basal,0,0.0,718.25,1.0,61.0,6,193,19837,0,
98,1.0,0.0,1.801,1.0,1.0,11,61.25950625258808,106.4008608145989,pobre,basal,0,0.0,718.25,1.0,61.0,7,193,19837,0,
97,1.0,0.0,1.801,1.0,6.0,8,61.25950625258808,106.4008608145989,pobre,basal,2,1300.0,527.0,1.0,36.0,15,193,19838,6,1.0
98,1.0,0.0,1.801,1.0,7.0,8,61.25950625258808,106.4008608145989,pobre,basal,2,1300.0,527.0,1.0,36.0,16,193,19838,6,1.0
97,0.0,0.0,1.801,1.0,7.0,8,61.25950625258808,106.4008608145989,pobre,basal,2,1300.0,527.0,1.0,36.0,13,193,19839,7,1.0
98,0.0,0.0,1.801,1.0,8.0,8,61.25950625258808,106.4008608145989,pobre,basal,2,1300.0,527.0,1.0,36.0,14,193,19839,7,1.0
97,0.0,0.0,1.801,1.0,4.0,8,61.25950625258808,106.4008608145989,pobre,basal,2,1300.0,527.0,1.0,36.0,11,193,19840,4,1.0
98,0.0,0.0,1.801,1.0,6.0,8,61.25950625258808,106.4008608145989,pobre,basal,2,1300.0,527.0,1.0,36.0,12,193,19840,4,1.0
97,1.0,0.0,1.801,0.0,2.0,8,61.25950625258808,106.4008608145989,pobre,basal,2,1300.0,527.0,1.0,36.0,9,193,19841,2,0.0
98,1.0,0.0,1.801,1.0,2.0,8,61.25950625258808,106.4008608145989,pobre,basal,2,1300.0,527.0,1.0,36.0,10,193,19841,2,0.0
97,0.0,0.0,1.801,1.0,0.0,8,61.25950625258808,106.4008608145989,pobre,basal,2,1300.0,527.0,1.0,36.0,6,193,19842,0,1.0
98,0.0,0.0,1.801,1.0,1.0,8,61.25950625258808,106.4008608145989,pobre,basal,2,1300.0,527.0,1.0,36.0,7,193,19842,0,1.0
97,1.0,0.0,1.801,1.0,4.0,9,61.25950625258808,106.4008608145989,pobre,basal,2,625.0,663.34399,1.0,43.0,11,193,19843,4,1.0
98,1.0,0.0,1.801,1.0,5.0,9,61.25950625258808,106.4008608145989,pobre,basal,2,625.0,663.34399,1.0,43.0,12,193,19843,4,1.0
97,1.0,0.0,1.801,1.0,3.0,9,61.25950625258808,106.4008608145989,pobre,basal,2,625.0,663.34399,1.0,43.0,9,193,19844,3,1.0
98,1.0,0.0,1.801,1.0,4.0,9,61.25950625258808,106.4008608145989,pobre,basal,2,625.0,663.34399,1.0,43.0,10,193,19844,3,1.0
97,1.0,0.0,1.801,1.0,1.0,9,61.25950625258808,106.4008608145989,pobre,basal,2,625.0,663.34399,1.0,43.0,7,193,19845,1,1.0
98,1.0,0.0,1.801,1.0,2.0,9,61.25950625258808,106.4008608145989,pobre,basal,2,625.0,663.34399,1.0,43.0,8,193,19845,1,1.0
97,0.0,0.0,1.801,,0.0,9,61.25950625258808,106.4008608145989,pobre,basal,2,625.0,663.34399,1.0,43.0,6,193,19846,0,
98,0.0,0.0,1.801,1.0,1.0,9,61.25950625258808,106.4008608145989,pobre,basal,2,625.0,663.34399,1.0,43.0,7,193,19846,0,
97,1.0,0.0,1.801,0.0,6.0,4,61.25950625258808,106.4008608145989,pobre,basal,5,500.0,737.0,1.0,23.0,15,193,19847,6,0.0
98,1.0,0.0,1.801,0.0,6.0,4,61.25950625258808,106.4008608145989,pobre,basal,5,500.0,737.0,1.0,23.0,16,193,19847,6,0.0
97,0.0,0.0,1.801,1.0,4.0,5,61.25950625258808,106.4008608145989,pobre,basal,6,1125.0,649.0,1.0,35.0,11,193,19848,4,1.0
98,0.0,0.0,1.801,1.0,5.0,5,61.25950625258808,106.4008608145989,pobre,basal,6,1125.0,649.0,1.0,35.0,12,193,19848,4,1.0
97,1.0,0.0,1.801,1.0,3.0,5,61.25950625258808,106.4008608145989,pobre,basal,6,1125.0,649.0,1.0,35.0,8,193,19849,3,1.0
98,1.0,0.0,1.801,1.0,4.0,5,61.25950625258808,106.4008608145989,pobre,basal,6,1125.0,649.0,1.0,35.0,9,193,19849,3,1.0
97,1.0,0.0,1.801,1.0,1.0,5,61.25950625258808,106.4008608145989,pobre,basal,6,1125.0,649.0,1.0,35.0,7,193,19850,1,1.0
98,1.0,0.0,1.801,1.0,2.0,5,61.25950625258808,106.4008608145989,pobre,basal,6,1125.0,649.0,1.0,35.0,8,193,19850,1,1.0
97,0.0,0.0,1.801,,0.0,5,61.25950625258808,106.4008608145989,pobre,basal,6,500.0,535.0,1.0,26.0,7,193,19851,0,
98,0.0,0.0,1.801,1.0,1.0,5,61.25950625258808,106.4008608145989,pobre,basal,6,500.0,535.0,1.0,26.0,8,193,19851,0,
97,0.0,0.0,1.801,0.0,6.0,7,61.25950625258808,106.4008608145989,pobre,basal,3,1600.0,587.0,1.0,38.0,16,193,19852,6,0.0
98,0.0,0.0,1.801,0.0,6.0,7,61.25950625258808,106.4008608145989,pobre,basal,3,1600.0,587.0,1.0,38.0,17,193,19852,6,0.0
97,1.0,0.0,1.801,1.0,5.0,7,61.25950625258808,106.4008608145989,pobre,basal,3,1600.0,587.0,1.0,38.0,14,193,19853,5,1.0
98,1.0,0.0,1.801,0.0,6.0,7,61.25950625258808,106.4008608145989,pobre,basal,3,1600.0,587.0,1.0,38.0,15,193,19853,5,1.0
97,0.0,0.0,1.801,1.0,3.0,7,61.25950625258808,106.4008608145989,pobre,basal,3,1600.0,587.0,1.0,38.0,11,193,19854,3,1.0
98,0.0,0.0,1.801,1.0,3.0,7,61.25950625258808,106.4008608145989,pobre,basal,3,1600.0,587.0,1.0,38.0,12,193,19854,3,1.0
97,1.0,0.0,1.801,1.0,3.0,7,61.25950625258808,106.4008608145989,pobre,basal,3,1600.0,587.0,1.0,38.0,10,193,19855,3,1.0
98,1.0,0.0,1.801,1.0,4.0,7,61.25950625258808,106.4008608145989,pobre,basal,3,1600.0,587.0,1.0,38.0,11,193,19855,3,1.0
97,1.0,0.0,1.801,1.0,0.0,5,61.25950625258808,106.4008608145989,pobre,basal,2,375.0,620.0,1.0,29.0,6,193,19856,0,1.0
98,1.0,0.0,1.801,1.0,2.0,5,61.25950625258808,106.4008608145989,pobre,basal,2,375.0,620.0,1.0,29.0,7,193,19856,0,1.0
97,1.0,0.0,1.801,1.0,0.0,7,61.25950625258808,106.4008608145989,pobre,basal,2,700.0,560.0,1.0,27.0,6,193,19857,0,1.0
98,1.0,0.0,1.801,1.0,1.0,7,61.25950625258808,106.4008608145989,pobre,basal,2,700.0,560.0,1.0,27.0,7,193,19857,0,1.0
97,1.0,0.0,1.801,1.0,3.0,7,61.25950625258808,106.4008608145989,pobre,basal,0,1120.0,528.0,1.0,30.0,9,193,19858,3,1.0
98,1.0,0.0,1.801,1.0,4.0,7,61.25950625258808,106.4008608145989,pobre,basal,0,1120.0,528.0,1.0,30.0,10,193,19858,3,1.0
97,0.0,0.0,1.801,1.0,2.0,7,61.25950625258808,106.4008608145989,pobre,basal,0,1120.0,528.0,1.0,30.0,8,193,19859,2,1.0
98,0.0,0.0,1.801,1.0,3.0,7,61.25950625258808,106.4008608145989,pobre,basal,0,1120.0,528.0,1.0,30.0,9,193,19859,2,1.0
97,1.0,0.0,1.801,1.0,0.0,7,61.25950625258808,106.4008608145989,pobre,basal,0,1120.0,528.0,1.0,30.0,6,193,19860,0,1.0
98,1.0,0.0,1.801,1.0,1.0,7,61.25950625258808,106.4008608145989,pobre,basal,0,1120.0,528.0,1.0,30.0,7,193,19860,0,1.0
97,0.0,0.0,1.801,1.0,8.0,7,61.25950625258808,106.4008608145989,pobre,basal,0,0.0,611.0,0.0,48.0,14,193,19861,8,1.0
98,0.0,0.0,1.801,1.0,8.0,7,61.25950625258808,106.4008608145989,pobre,basal,0,0.0,611.0,0.0,48.0,15,193,19861,8,1.0
97,0.0,0.0,1.801,1.0,8.0,7,61.25950625258808,106.4008608145989,pobre,basal,0,0.0,611.0,0.0,48.0,15,193,19862,8,1.0
98,0.0,0.0,1.801,,,7,61.25950625258808,106.4008608145989,pobre,basal,0,0.0,611.0,0.0,48.0,16,193,19862,8,1.0
97,1.0,0.0,1.801,1.0,2.0,7,61.25950625258808,106.4008608145989,pobre,basal,0,0.0,611.0,0.0,48.0,11,193,19863,2,1.0
98,1.0,0.0,1.801,1.0,3.0,7,61.25950625258808,106.4008608145989,pobre,basal,0,0.0,611.0,0.0,48.0,12,193,19863,2,1.0
97,0.0,0.0,1.801,1.0,5.0,7,61.25950625258808,106.4008608145989,pobre,basal,0,0.0,611.0,0.0,48.0,11,193,19864,5,1.0
98,0.0,0.0,1.801,1.0,5.0,7,61.25950625258808,106.4008608145989,pobre,basal,0,0.0,611.0,0.0,48.0,12,193,19864,5,1.0
97,0.0,0.0,1.801,1.0,2.0,7,61.25950625258808,106.4008608145989,pobre,basal,0,0.0,611.0,0.0,48.0,9,193,19865,2,1.0
98,0.0,0.0,1.801,1.0,3.0,7,61.25950625258808,106.4008608145989,pobre,basal,0,0.0,611.0,0.0,48.0,10,193,19865,2,1.0
97,1.0,0.0,1.801,1.0,6.0,13,61.25950625258808,106.4008608145989,pobre,basal,4,0.0,547.5,1.0,41.0,15,193,19866,6,1.0
98,1.0,0.0,1.801,0.0,6.0,13,61.25950625258808,106.4008608145989,pobre,basal,4,0.0,547.5,1.0,41.0,16,193,19866,6,1.0
97,1.0,0.0,1.801,1.0,6.0,13,61.25950625258808,106.4008608145989,pobre,basal,4,0.0,547.5,1.0,41.0,13,193,19867,6,1.0
98,1.0,0.0,1.801,1.0,7.0,13,61.25950625258808,106.4008608145989,pobre,basal,4,0.0,547.5,1.0,41.0,14,193,19867,6,1.0
97,1.0,0.0,1.801,,0.0,13,61.25950625258808,106.4008608145989,pobre,basal,4,0.0,547.5,1.0,41.0,11,193,19868,0,
98,1.0,0.0,1.801,1.0,5.0,13,61.25950625258808,106.4008608145989,pobre,basal,4,0.0,547.5,1.0,41.0,12,193,19868,0,
97,1.0,0.0,1.801,1.0,3.0,13,61.25950625258808,106.4008608145989,pobre,basal,4,0.0,547.5,1.0,41.0,9,193,19869,3,1.0
98,1.0,0.0,1.801,1.0,4.0,13,61.25950625258808,106.4008608145989,pobre,basal,4,0.0,547.5,1.0,41.0,10,193,19869,3,1.0
97,0.0,0.0,1.801,1.0,3.0,13,61.25950625258808,106.4008608145989,pobre,basal,4,0.0,547.5,1.0,41.0,8,193,19870,3,1.0
98,0.0,0.0,1.801,1.0,3.0,13,61.25950625258808,106.4008608145989,pobre,basal,4,0.0,547.5,1.0,41.0,9,193,19870,3,1.0
97,1.0,0.0,1.801,1.0,6.0,8,61.25950625258808,106.4008608145989,pobre,basal,3,0.0,569.0,1.0,48.0,11,193,19871,6,1.0
98,1.0,0.0,1.801,1.0,6.0,8,61.25950625258808,106.4008608145989,pobre,basal,3,0.0,569.0,1.0,48.0,12,193,19871,6,1.0
97,0.0,0.0,1.801,1.0,5.0,8,61.25950625258808,106.4008608145989,pobre,basal,3,0.0,569.0,1.0,48.0,10,193,19872,5,1.0
98,0.0,0.0,1.801,1.0,5.0,8,61.25950625258808,106.4008608145989,pobre,basal,3,0.0,569.0,1.0,48.0,11,193,19872,5,1.0
97,0.0,0.0,1.801,1.0,5.0,8,61.25950625258808,106.4008608145989,pobre,basal,3,0.0,569.0,1.0,48.0,10,193,19873,5,1.0
98,0.0,0.0,1.801,1.0,5.0,8,61.25950625258808,106.4008608145989,pobre,basal,3,0.0,569.0,1.0,48.0,11,193,19873,5,1.0
97,0.0,0.0,1.801,1.0,1.0,5,61.25950625258808,106.4008608145989,pobre,basal,0,800.0,670.0,1.0,66.0,7,193,19874,1,1.0
98,0.0,0.0,1.801,,,5,61.25950625258808,106.4008608145989,pobre,basal,0,800.0,670.0,1.0,66.0,8,193,19874,1,1.0
97,1.0,0.0,1.801,0.0,6.0,5,61.25950625258808,106.4008608145989,pobre,basal,3,500.0,657.0,1.0,49.0,15,193,19875,6,0.0
98,1.0,0.0,1.801,0.0,6.0,5,61.25950625258808,106.4008608145989,pobre,basal,3,500.0,657.0,1.0,49.0,16,193,19875,6,0.0
97,1.0,0.0,1.801,0.0,7.0,5,61.25950625258808,106.4008608145989,pobre,basal,3,500.0,657.0,1.0,49.0,15,193,19876,7,0.0
98,1.0,0.0,1.801,0.0,7.0,5,61.25950625258808,106.4008608145989,pobre,basal,3,500.0,657.0,1.0,49.0,16,193,19876,7,0.0
97,0.0,0.0,1.801,1.0,6.0,5,61.25950625258808,106.4008608145989,pobre,basal,3,500.0,657.0,1.0,49.0,12,193,19877,6,1.0
98,0.0,0.0,1.801,1.0,7.0,5,61.25950625258808,106.4008608145989,pobre,basal,3,500.0,657.0,1.0,49.0,13,193,19877,6,1.0
97,1.0,0.0,1.801,1.0,3.0,4,61.25950625258808,106.4008608145989,pobre,basal,5,750.0,694.0,1.0,27.0,9,193,19878,3,1.0
98,1.0,0.0,1.801,1.0,4.0,4,61.25950625258808,106.4008608145989,pobre,basal,5,750.0,694.0,1.0,27.0,10,193,19878,3,1.0
97,0.0,0.0,1.801,1.0,6.0,5,61.25950625258808,106.4008608145989,pobre,basal,8,375.0,625.0,1.0,29.0,11,193,19879,6,1.0
98,0.0,0.0,1.801,1.0,7.0,5,61.25950625258808,106.4008608145989,pobre,basal,8,375.0,625.0,1.0,29.0,12,193,19879,6,1.0
97,1.0,0.0,1.801,1.0,2.0,5,61.25950625258808,106.4008608145989,pobre,basal,8,375.0,625.0,1.0,29.0,8,193,19880,2,1.0
98,1.0,0.0,1.801,1.0,3.0,5,61.25950625258808,106.4008608145989,pobre,basal,8,375.0,625.0,1.0,29.0,9,193,19880,2,1.0
97,1.0,0.0,1.801,1.0,0.0,5,61.25950625258808,106.4008608145989,pobre,basal,8,375.0,625.0,1.0,29.0,6,193,19881,0,1.0
98,1.0,0.0,1.801,1.0,1.0,5,61.25950625258808,106.4008608145989,pobre,basal,8,375.0,625.0,1.0,29.0,7,193,19881,0,1.0
97,1.0,1.0,0.60500002,1.0,5.0,7,98.89900546430128,124.2672818451075,pobre,basal,9,750.0,541.0,1.0,29.0,11,223,19882,5,1.0
98,1.0,1.0,0.60500002,1.0,6.0,7,98.89900546430128,124.2672818451075,pobre,basal,9,750.0,541.0,1.0,29.0,12,223,19882,5,1.0
97,0.0,1.0,0.60500002,1.0,3.0,7,98.89900546430128,124.2672818451075,pobre,basal,9,750.0,541.0,1.0,29.0,9,223,19883,3,1.0
98,0.0,1.0,0.60500002,1.0,4.0,7,98.89900546430128,124.2672818451075,pobre,basal,9,750.0,541.0,1.0,29.0,10,223,19883,3,1.0
97,1.0,1.0,0.60500002,1.0,2.0,7,98.89900546430128,124.2672818451075,pobre,basal,9,750.0,541.0,1.0,29.0,7,223,19884,2,1.0
98,1.0,1.0,0.60500002,1.0,3.0,7,98.89900546430128,124.2672818451075,pobre,basal,9,750.0,541.0,1.0,29.0,8,223,19884,2,1.0
97,0.0,0.0,0.60500002,1.0,3.0,3,98.89900546430128,124.2672818451075,no pobre,basal,3,400.0,793.5,1.0,59.0,10,223,19885,3,1.0
98,0.0,0.0,0.60500002,,,3,98.89900546430128,124.2672818451075,no pobre,basal,3,400.0,793.5,1.0,59.0,11,223,19885,3,1.0
97,0.0,1.0,0.60500002,0.0,6.0,4,98.89900546430128,124.2672818451075,pobre,basal,0,0.0,702.0,1.0,57.0,15,223,19886,6,0.0
98,0.0,1.0,0.60500002,0.0,6.0,4,98.89900546430128,124.2672818451075,pobre,basal,0,0.0,702.0,1.0,57.0,16,223,19886,6,0.0
97,1.0,1.0,0.60500002,1.0,1.0,6,98.89900546430128,124.2672818451075,pobre,basal,5,750.0,567.0,1.0,27.0,6,223,19887,1,1.0
98,1.0,1.0,0.60500002,1.0,2.0,6,98.89900546430128,124.2672818451075,pobre,basal,5,750.0,567.0,1.0,27.0,7,223,19887,1,1.0
97,0.0,1.0,0.60500002,1.0,6.0,5,98.89900546430128,124.2672818451075,pobre,basal,0,300.0,581.0,1.0,36.0,14,223,19888,6,1.0
98,0.0,1.0,0.60500002,,,5,98.89900546430128,124.2672818451075,pobre,basal,0,300.0,581.0,1.0,36.0,15,223,19888,6,1.0
97,1.0,1.0,0.60500002,1.0,6.0,5,98.89900546430128,124.2672818451075,pobre,basal,5,750.0,664.0,1.0,38.0,12,223,19889,6,1.0
98,1.0,1.0,0.60500002,1.0,7.0,5,98.89900546430128,124.2672818451075,pobre,basal,5,750.0,664.0,1.0,38.0,13,223,19889,6,1.0
97,1.0,1.0,0.60500002,1.0,4.0,5,98.89900546430128,124.2672818451075,pobre,basal,5,750.0,664.0,1.0,38.0,10,223,19890,4,1.0
98,1.0,1.0,0.60500002,1.0,5.0,5,98.89900546430128,124.2672818451075,pobre,basal,5,750.0,664.0,1.0,38.0,11,223,19890,4,1.0
97,0.0,1.0,0.60500002,1.0,3.0,5,98.89900546430128,124.2672818451075,pobre,basal,5,750.0,664.0,1.0,38.0,8,223,19891,3,1.0
98,0.0,1.0,0.60500002,1.0,3.0,5,98.89900546430128,124.2672818451075,pobre,basal,5,750.0,664.0,1.0,38.0,9,223,19891,3,1.0
97,1.0,1.0,0.60500002,,0.0,2,98.89900546430128,124.2672818451075,no pobre,basal,0,750.0,818.0,1.0,42.0,16,223,19892,0,
98,1.0,1.0,0.60500002,,,2,98.89900546430128,124.2672818451075,no pobre,basal,0,750.0,818.0,1.0,42.0,17,223,19892,0,
97,0.0,1.0,0.60500002,0.0,6.0,5,98.89900546430128,124.2672818451075,pobre,basal,0,750.0,645.0,1.0,47.0,14,223,19893,6,0.0
98,0.0,1.0,0.60500002,0.0,6.0,5,98.89900546430128,124.2672818451075,pobre,basal,0,750.0,645.0,1.0,47.0,15,223,19893,6,0.0
97,1.0,1.0,0.60500002,1.0,5.0,5,98.89900546430128,124.2672818451075,pobre,basal,0,750.0,645.0,1.0,47.0,11,223,19894,5,1.0
98,1.0,1.0,0.60500002,1.0,6.0,5,98.89900546430128,124.2672818451075,pobre,basal,0,750.0,645.0,1.0,47.0,12,223,19894,5,1.0
97,1.0,1.0,0.60500002,1.0,3.0,5,98.89900546430128,124.2672818451075,pobre,basal,0,750.0,645.0,1.0,47.0,10,223,19895,3,1.0
98,1.0,1.0,0.60500002,1.0,4.0,5,98.89900546430128,124.2672818451075,pobre,basal,0,750.0,645.0,1.0,47.0,11,223,19895,3,1.0
97,0.0,1.0,0.60500002,,0.0,5,98.89900546430128,124.2672818451075,pobre,basal,6,333.33334,617.66998,1.0,22.0,10,223,19896,0,
98,0.0,1.0,0.60500002,0.0,6.0,5,98.89900546430128,124.2672818451075,pobre,basal,6,333.33334,617.66998,1.0,22.0,11,223,19896,0,
97,1.0,0.0,1.801,1.0,4.0,8,61.25950625258808,106.4008608145989,pobre,basal,0,1000.0,503.0,1.0,44.0,11,193,19897,4,1.0
98,1.0,0.0,1.801,1.0,5.0,8,61.25950625258808,106.4008608145989,pobre,basal,0,1000.0,503.0,1.0,44.0,12,193,19897,4,1.0
97,0.0,1.0,0.60500002,1.0,4.0,3,98.89900546430128,124.2672818451075,pobre,basal,3,750.0,680.5,1.0,23.0,13,223,19898,4,1.0
98,0.0,1.0,0.60500002,1.0,5.0,3,98.89900546430128,124.2672818451075,pobre,basal,3,750.0,680.5,1.0,23.0,14,223,19898,4,1.0
97,0.0,1.0,0.60500002,0.0,6.0,8,98.89900546430128,124.2672818451075,pobre,basal,3,583.33331,803.66998,1.0,44.0,16,223,19899,6,0.0
98,0.0,1.0,0.60500002,0.0,6.0,8,98.89900546430128,124.2672818451075,pobre,basal,3,583.33331,803.66998,1.0,44.0,17,223,19899,6,0.0
97,1.0,1.0,0.60500002,1.0,8.0,8,98.89900546430128,124.2672818451075,pobre,basal,3,583.33331,803.66998,1.0,44.0,15,223,19900,8,1.0
98,1.0,1.0,0.60500002,1.0,9.0,8,98.89900546430128,124.2672818451075,pobre,basal,3,583.33331,803.66998,1.0,44.0,16,223,19900,8,1.0
97,0.0,1.0,0.60500002,1.0,6.0,8,98.89900546430128,124.2672818451075,pobre,basal,3,583.33331,803.66998,1.0,44.0,13,223,19901,6,1.0
98,0.0,1.0,0.60500002,1.0,8.0,8,98.89900546430128,124.2672818451075,pobre,basal,3,583.33331,803.66998,1.0,44.0,14,223,19901,6,1.0
97,0.0,1.0,0.60500002,1.0,5.0,8,98.89900546430128,124.2672818451075,pobre,basal,3,583.33331,803.66998,1.0,44.0,11,223,19902,5,1.0
98,0.0,1.0,0.60500002,1.0,6.0,8,98.89900546430128,124.2672818451075,pobre,basal,3,583.33331,803.66998,1.0,44.0,12,223,19902,5,1.0
97,0.0,1.0,0.60500002,1.0,1.0,8,98.89900546430128,124.2672818451075,pobre,basal,3,583.33331,803.66998,1.0,44.0,8,223,19903,1,1.0
98,0.0,1.0,0.60500002,1.0,4.0,8,98.89900546430128,124.2672818451075,pobre,basal,3,583.33331,803.66998,1.0,44.0,9,223,19903,1,1.0
97,1.0,1.0,0.60500002,1.0,0.0,8,98.89900546430128,124.2672818451075,pobre,basal,3,583.33331,803.66998,1.0,44.0,6,223,19904,0,1.0
98,1.0,1.0,0.60500002,1.0,1.0,8,98.89900546430128,124.2672818451075,pobre,basal,3,583.33331,803.66998,1.0,44.0,7,223,19904,0,1.0
97,0.0,0.0,1.801,1.0,4.0,6,61.25950625258808,106.4008608145989,pobre,basal,3,166.66667,566.0,1.0,33.0,10,193,19905,4,1.0
98,0.0,0.0,1.801,1.0,5.0,6,61.25950625258808,106.4008608145989,pobre,basal,3,166.66667,566.0,1.0,33.0,11,193,19905,4,1.0
97,1.0,0.0,1.801,1.0,2.0,6,61.25950625258808,106.4008608145989,pobre,basal,3,166.66667,566.0,1.0,33.0,8,193,19906,2,1.0
98,1.0,0.0,1.801,1.0,3.0,6,61.25950625258808,106.4008608145989,pobre,basal,3,166.66667,566.0,1.0,33.0,9,193,19906,2,1.0
97,0.0,1.0,0.60500002,1.0,5.0,4,98.89900546430128,124.2672818451075,pobre,basal,0,750.0,768.0,1.0,36.0,14,223,19907,5,1.0
98,0.0,1.0,0.60500002,0.0,6.0,4,98.89900546430128,124.2672818451075,pobre,basal,0,750.0,768.0,1.0,36.0,15,223,19907,5,1.0
97,0.0,1.0,0.60500002,1.0,3.0,4,98.89900546430128,124.2672818451075,pobre,basal,0,750.0,768.0,1.0,36.0,9,223,19908,3,1.0
98,0.0,1.0,0.60500002,1.0,4.0,4,98.89900546430128,124.2672818451075,pobre,basal,0,750.0,768.0,1.0,36.0,10,223,19908,3,1.0
97,0.0,1.0,3.3010001,1.0,4.0,8,102.1078738382807,127.1931763265155,pobre,basal,6,625.0,529.0,1.0,48.0,10,222,19909,4,1.0
98,0.0,1.0,3.3010001,1.0,5.0,8,102.1078738382807,127.1931763265155,pobre,basal,6,625.0,529.0,1.0,48.0,11,222,19909,4,1.0
97,1.0,1.0,3.3010001,1.0,5.0,8,102.1078738382807,127.1931763265155,pobre,basal,6,625.0,529.0,1.0,48.0,11,222,19910,5,1.0
98,1.0,1.0,3.3010001,1.0,6.0,8,102.1078738382807,127.1931763265155,pobre,basal,6,625.0,529.0,1.0,48.0,12,222,19910,5,1.0
97,1.0,1.0,3.3010001,,0.0,8,102.1078738382807,127.1931763265155,pobre,basal,6,625.0,529.0,1.0,48.0,7,222,19911,0,
98,1.0,1.0,3.3010001,1.0,3.0,8,102.1078738382807,127.1931763265155,pobre,basal,6,625.0,529.0,1.0,48.0,8,222,19911,0,
97,0.0,1.0,3.3010001,0.0,8.0,8,102.1078738382807,127.1931763265155,pobre,basal,6,625.0,529.0,1.0,48.0,14,222,19912,8,0.0
98,0.0,1.0,3.3010001,1.0,9.0,8,102.1078738382807,127.1931763265155,pobre,basal,6,625.0,529.0,1.0,48.0,15,222,19912,8,0.0
97,0.0,0.0,1.801,1.0,3.0,3,61.25950625258808,106.4008608145989,pobre,basal,0,250.0,676.0,1.0,30.0,10,193,19913,3,1.0
98,0.0,0.0,1.801,1.0,4.0,3,61.25950625258808,106.4008608145989,pobre,basal,0,250.0,676.0,1.0,30.0,11,193,19913,3,1.0
97,1.0,1.0,3.3010001,0.0,6.0,6,102.1078738382807,127.1931763265155,pobre,basal,0,625.0,615.5,1.0,46.0,15,222,19914,6,0.0
98,1.0,1.0,3.3010001,0.0,6.0,6,102.1078738382807,127.1931763265155,pobre,basal,0,625.0,615.5,1.0,46.0,16,222,19914,6,0.0
97,1.0,0.0,3.3010001,1.0,4.0,6,102.1078738382807,127.1931763265155,pobre,basal,0,625.0,615.5,1.0,46.0,10,222,19915,4,1.0
98,1.0,0.0,3.3010001,1.0,5.0,6,102.1078738382807,127.1931763265155,pobre,basal,0,625.0,615.5,1.0,46.0,11,222,19915,4,1.0
97,1.0,1.0,3.3010001,,0.0,5,102.1078738382807,127.1931763265155,pobre,basal,0,625.0,647.64001,1.0,47.0,16,222,19916,0,
98,1.0,1.0,3.3010001,,,5,102.1078738382807,127.1931763265155,pobre,basal,0,625.0,647.64001,1.0,47.0,17,222,19916,0,
97,0.0,1.0,3.3010001,,0.0,5,102.1078738382807,127.1931763265155,pobre,basal,0,625.0,647.64001,1.0,47.0,13,222,19917,0,
98,0.0,1.0,3.3010001,1.0,4.0,5,102.1078738382807,127.1931763265155,pobre,basal,0,625.0,647.64001,1.0,47.0,14,222,19917,0,
97,0.0,1.0,3.3010001,,0.0,5,102.1078738382807,127.1931763265155,pobre,basal,0,625.0,647.64001,1.0,47.0,6,222,19918,0,
98,0.0,1.0,3.3010001,1.0,2.0,5,102.1078738382807,127.1931763265155,pobre,basal,0,625.0,647.64001,1.0,47.0,7,222,19918,0,
97,0.0,1.0,3.3010001,1.0,7.0,7,102.1078738382807,127.1931763265155,pobre,basal,4,625.0,591.5,1.0,47.0,14,222,19919,7,1.0
98,0.0,1.0,3.3010001,1.0,10.0,7,102.1078738382807,127.1931763265155,pobre,basal,4,625.0,591.5,1.0,47.0,15,222,19919,7,1.0
97,1.0,1.0,3.3010001,1.0,5.0,7,102.1078738382807,127.1931763265155,pobre,basal,4,625.0,591.5,1.0,47.0,13,222,19920,5,1.0
98,1.0,1.0,3.3010001,1.0,6.0,7,102.1078738382807,127.1931763265155,pobre,basal,4,625.0,591.5,1.0,47.0,14,222,19920,5,1.0
97,0.0,1.0,3.3010001,1.0,4.0,7,102.1078738382807,127.1931763265155,pobre,basal,4,625.0,591.5,1.0,47.0,11,222,19921,4,1.0
98,0.0,1.0,3.3010001,1.0,5.0,7,102.1078738382807,127.1931763265155,pobre,basal,4,625.0,591.5,1.0,47.0,12,222,19921,4,1.0
97,1.0,1.0,3.3010001,0.0,6.0,9,102.1078738382807,127.1931763265155,pobre,basal,0,416.66666,652.25,1.0,38.0,16,222,19922,6,0.0
98,1.0,1.0,3.3010001,0.0,6.0,9,102.1078738382807,127.1931763265155,pobre,basal,0,416.66666,652.25,1.0,38.0,17,222,19922,6,0.0
97,0.0,1.0,3.3010001,0.0,6.0,9,102.1078738382807,127.1931763265155,pobre,basal,0,416.66666,652.25,1.0,38.0,14,222,19923,6,0.0
98,0.0,1.0,3.3010001,0.0,6.0,9,102.1078738382807,127.1931763265155,pobre,basal,0,416.66666,652.25,1.0,38.0,15,222,19923,6,0.0
97,0.0,1.0,3.3010001,0.0,6.0,9,102.1078738382807,127.1931763265155,pobre,basal,0,416.66666,652.25,1.0,38.0,12,222,19924,6,0.0
98,0.0,1.0,3.3010001,0.0,6.0,9,102.1078738382807,127.1931763265155,pobre,basal,0,416.66666,652.25,1.0,38.0,13,222,19924,6,0.0
97,0.0,1.0,3.3010001,1.0,3.0,9,102.1078738382807,127.1931763265155,pobre,basal,0,416.66666,652.25,1.0,38.0,9,222,19925,3,1.0
98,0.0,1.0,3.3010001,1.0,4.0,9,102.1078738382807,127.1931763265155,pobre,basal,0,416.66666,652.25,1.0,38.0,10,222,19925,3,1.0
97,1.0,1.0,3.3010001,1.0,0.0,9,102.1078738382807,127.1931763265155,pobre,basal,0,416.66666,652.25,1.0,38.0,6,222,19926,0,1.0
98,1.0,1.0,3.3010001,0.0,1.0,9,102.1078738382807,127.1931763265155,pobre,basal,0,416.66666,652.25,1.0,38.0,7,222,19926,0,1.0
97,0.0,1.0,0.60500002,1.0,8.0,10,98.89900546430128,124.2672818451075,pobre,basal,2,750.0,468.0,1.0,42.0,16,223,19927,8,1.0
98,0.0,1.0,0.60500002,,,10,98.89900546430128,124.2672818451075,pobre,basal,2,750.0,468.0,1.0,42.0,17,223,19927,8,1.0
97,1.0,1.0,0.60500002,1.0,6.0,10,98.89900546430128,124.2672818451075,pobre,basal,2,750.0,468.0,1.0,42.0,14,223,19928,6,1.0
98,1.0,1.0,0.60500002,,,10,98.89900546430128,124.2672818451075,pobre,basal,2,750.0,468.0,1.0,42.0,15,223,19928,6,1.0
97,1.0,1.0,0.60500002,1.0,5.0,10,98.89900546430128,124.2672818451075,pobre,basal,2,750.0,468.0,1.0,42.0,12,223,19929,5,1.0
98,1.0,1.0,0.60500002,,,10,98.89900546430128,124.2672818451075,pobre,basal,2,750.0,468.0,1.0,42.0,13,223,19929,5,1.0
97,0.0,1.0,0.60500002,1.0,2.0,10,98.89900546430128,124.2672818451075,pobre,basal,2,750.0,468.0,1.0,42.0,10,223,19930,2,1.0
98,0.0,1.0,0.60500002,1.0,4.0,10,98.89900546430128,124.2672818451075,pobre,basal,2,750.0,468.0,1.0,42.0,11,223,19930,2,1.0
97,1.0,1.0,0.60500002,1.0,1.0,10,98.89900546430128,124.2672818451075,pobre,basal,2,750.0,468.0,1.0,42.0,7,223,19931,1,1.0
98,1.0,1.0,0.60500002,1.0,3.0,10,98.89900546430128,124.2672818451075,pobre,basal,2,750.0,468.0,1.0,42.0,8,223,19931,1,1.0
97,0.0,1.0,0.60500002,1.0,3.0,5,98.89900546430128,124.2672818451075,pobre,basal,7,750.0,668.0,1.0,30.0,10,223,19932,3,1.0
98,0.0,1.0,0.60500002,1.0,4.0,5,98.89900546430128,124.2672818451075,pobre,basal,7,750.0,668.0,1.0,30.0,11,223,19932,3,1.0
97,1.0,1.0,0.60500002,1.0,0.0,5,98.89900546430128,124.2672818451075,pobre,basal,7,750.0,668.0,1.0,30.0,6,223,19933,0,1.0
98,1.0,1.0,0.60500002,1.0,1.0,5,98.89900546430128,124.2672818451075,pobre,basal,7,750.0,668.0,1.0,30.0,7,223,19933,0,1.0
97,1.0,1.0,0.60500002,,4.0,5,98.89900546430128,124.2672818451075,pobre,basal,0,750.0,708.66998,1.0,62.0,15,223,19934,4,
98,1.0,1.0,0.60500002,0.0,5.0,5,98.89900546430128,124.2672818451075,pobre,basal,0,750.0,708.66998,1.0,62.0,16,223,19934,4,
97,1.0,1.0,0.60500002,0.0,3.0,5,98.89900546430128,124.2672818451075,pobre,basal,0,750.0,708.66998,1.0,62.0,11,223,19935,3,0.0
98,1.0,1.0,0.60500002,1.0,4.0,5,98.89900546430128,124.2672818451075,pobre,basal,0,750.0,708.66998,1.0,62.0,12,223,19935,3,0.0
97,0.0,1.0,0.60500002,1.0,2.0,5,98.89900546430128,124.2672818451075,pobre,basal,0,750.0,708.66998,1.0,62.0,8,223,19936,2,1.0
98,0.0,1.0,0.60500002,1.0,3.0,5,98.89900546430128,124.2672818451075,pobre,basal,0,750.0,708.66998,1.0,62.0,9,223,19936,2,1.0
97,1.0,1.0,0.60500002,1.0,0.0,5,98.89900546430128,124.2672818451075,pobre,basal,3,625.0,625.0,1.0,29.0,6,223,19937,0,1.0
98,1.0,1.0,0.60500002,1.0,1.0,5,98.89900546430128,124.2672818451075,pobre,basal,3,625.0,625.0,1.0,29.0,7,223,19937,0,1.0
97,0.0,1.0,0.60500002,0.0,6.0,3,98.89900546430128,124.2672818451075,pobre,basal,0,0.0,818.0,1.0,58.0,14,223,19938,6,0.0
98,0.0,1.0,0.60500002,1.0,6.0,3,98.89900546430128,124.2672818451075,pobre,basal,0,0.0,818.0,1.0,58.0,15,223,19938,6,0.0
97,1.0,1.0,0.60500002,1.0,7.0,8,98.89900546430128,124.2672818451075,pobre,basal,0,625.0,675.0,1.0,44.0,16,223,19939,7,1.0
98,1.0,1.0,0.60500002,,,8,98.89900546430128,124.2672818451075,pobre,basal,0,625.0,675.0,1.0,44.0,17,223,19939,7,1.0
97,0.0,1.0,0.60500002,1.0,4.0,8,98.89900546430128,124.2672818451075,pobre,basal,0,625.0,675.0,1.0,44.0,13,223,19940,4,1.0
98,0.0,1.0,0.60500002,0.0,5.0,8,98.89900546430128,124.2672818451075,pobre,basal,0,625.0,675.0,1.0,44.0,14,223,19940,4,1.0
97,1.0,1.0,0.60500002,1.0,3.0,8,98.89900546430128,124.2672818451075,pobre,basal,0,625.0,675.0,1.0,44.0,10,223,19941,3,1.0
98,1.0,1.0,0.60500002,1.0,4.0,8,98.89900546430128,124.2672818451075,pobre,basal,0,625.0,675.0,1.0,44.0,11,223,19941,3,1.0
97,0.0,1.0,0.60500002,1.0,0.0,8,98.89900546430128,124.2672818451075,pobre,basal,0,625.0,675.0,1.0,44.0,7,223,19942,0,1.0
98,0.0,1.0,0.60500002,1.0,1.0,8,98.89900546430128,124.2672818451075,pobre,basal,0,625.0,675.0,1.0,44.0,8,223,19942,0,1.0
97,0.0,1.0,0.60500002,1.0,2.0,5,98.89900546430128,124.2672818451075,pobre,basal,0,750.0,695.0,1.0,52.0,9,223,19943,2,1.0
98,0.0,1.0,0.60500002,1.0,3.0,5,98.89900546430128,124.2672818451075,pobre,basal,0,750.0,695.0,1.0,52.0,10,223,19943,2,1.0
97,1.0,1.0,0.60500002,0.0,6.0,5,98.89900546430128,124.2672818451075,pobre,basal,0,750.0,695.0,1.0,52.0,14,223,19944,6,0.0
98,1.0,1.0,0.60500002,0.0,6.0,5,98.89900546430128,124.2672818451075,pobre,basal,0,750.0,695.0,1.0,52.0,15,223,19944,6,0.0
97,1.0,1.0,0.60500002,0.0,6.0,5,98.89900546430128,124.2672818451075,pobre,basal,0,750.0,695.0,1.0,52.0,12,223,19945,6,0.0
98,1.0,1.0,0.60500002,1.0,6.0,5,98.89900546430128,124.2672818451075,pobre,basal,0,750.0,695.0,1.0,52.0,13,223,19945,6,0.0
97,1.0,1.0,0.60500002,1.0,1.0,6,98.89900546430128,124.2672818451075,pobre,basal,1,750.0,594.0,1.0,36.0,7,223,19946,1,1.0
98,1.0,1.0,0.60500002,1.0,2.0,6,98.89900546430128,124.2672818451075,pobre,basal,1,750.0,594.0,1.0,36.0,8,223,19946,1,1.0
97,0.0,0.0,1.801,0.0,6.0,9,61.25950625258808,106.4008608145989,pobre,basal,6,2000.0,714.75,1.0,42.0,14,193,19947,6,0.0
98,0.0,0.0,1.801,,,9,61.25950625258808,106.4008608145989,pobre,basal,6,2000.0,714.75,1.0,42.0,15,193,19947,6,0.0
97,0.0,0.0,1.801,1.0,1.0,9,61.25950625258808,106.4008608145989,pobre,basal,6,2000.0,714.75,1.0,42.0,7,193,19948,1,1.0
98,0.0,0.0,1.801,1.0,2.0,9,61.25950625258808,106.4008608145989,pobre,basal,6,2000.0,714.75,1.0,42.0,8,193,19948,1,1.0
97,0.0,0.0,1.801,1.0,5.0,7,61.25950625258808,106.4008608145989,pobre,basal,0,1200.0,706.5,1.0,45.0,13,193,19949,5,1.0
98,0.0,0.0,1.801,0.0,6.0,7,61.25950625258808,106.4008608145989,pobre,basal,0,1200.0,706.5,1.0,45.0,14,193,19949,5,1.0
97,0.0,0.0,1.801,1.0,4.0,7,61.25950625258808,106.4008608145989,pobre,basal,0,1200.0,706.5,1.0,45.0,10,193,19950,4,1.0
98,0.0,0.0,1.801,1.0,5.0,7,61.25950625258808,106.4008608145989,pobre,basal,0,1200.0,706.5,1.0,45.0,11,193,19950,4,1.0
97,1.0,0.0,1.801,1.0,3.0,7,61.25950625258808,106.4008608145989,pobre,basal,0,1200.0,706.5,1.0,45.0,9,193,19951,3,1.0
98,1.0,0.0,1.801,1.0,4.0,7,61.25950625258808,106.4008608145989,pobre,basal,0,1200.0,706.5,1.0,45.0,10,193,19951,3,1.0
97,0.0,0.0,1.801,1.0,1.0,7,61.25950625258808,106.4008608145989,pobre,basal,0,1200.0,706.5,1.0,45.0,8,193,19952,1,1.0
98,0.0,0.0,1.801,1.0,2.0,7,61.25950625258808,106.4008608145989,pobre,basal,0,1200.0,706.5,1.0,45.0,9,193,19952,1,1.0
97,1.0,0.0,1.801,0.0,6.0,6,61.25950625258808,106.4008608145989,pobre,basal,2,1126.0,726.0,1.0,46.0,14,193,19953,6,0.0
98,1.0,0.0,1.801,0.0,6.0,6,61.25950625258808,106.4008608145989,pobre,basal,2,1126.0,726.0,1.0,46.0,15,193,19953,6,0.0
97,1.0,0.0,1.801,1.0,3.0,6,61.25950625258808,106.4008608145989,pobre,basal,2,1126.0,726.0,1.0,46.0,9,193,19954,3,1.0
98,1.0,0.0,1.801,1.0,3.0,6,61.25950625258808,106.4008608145989,pobre,basal,2,1126.0,726.0,1.0,46.0,10,193,19954,3,1.0
97,1.0,0.0,1.801,1.0,1.0,6,61.25950625258808,106.4008608145989,pobre,basal,2,1126.0,726.0,1.0,46.0,7,193,19955,1,1.0
98,1.0,0.0,1.801,1.0,2.0,6,61.25950625258808,106.4008608145989,pobre,basal,2,1126.0,726.0,1.0,46.0,8,193,19955,1,1.0
97,1.0,0.0,2.2060001,0.0,9.0,8,74.64178136816749,96.61311455025414,pobre,basal,6,0.0,682.0,1.0,49.0,13,180,19956,9,0.0
98,1.0,0.0,2.2060001,0.0,9.0,8,74.64178136816749,96.61311455025414,pobre,basal,6,0.0,682.0,1.0,49.0,14,180,19956,9,0.0
97,0.0,0.0,2.2060001,1.0,6.0,8,74.64178136816749,96.61311455025414,pobre,basal,6,0.0,682.0,1.0,49.0,10,180,19957,6,1.0
98,0.0,0.0,2.2060001,1.0,7.0,8,74.64178136816749,96.61311455025414,pobre,basal,6,0.0,682.0,1.0,49.0,11,180,19957,6,1.0
97,1.0,0.0,2.2060001,1.0,2.0,8,74.64178136816749,96.61311455025414,pobre,basal,6,0.0,682.0,1.0,49.0,8,180,19958,2,1.0
98,1.0,0.0,2.2060001,1.0,4.0,8,74.64178136816749,96.61311455025414,pobre,basal,6,0.0,682.0,1.0,49.0,9,180,19958,2,1.0
97,1.0,0.0,2.2060001,1.0,6.0,10,74.64178136816749,96.61311455025414,pobre,basal,3,4000.0,405.0,1.0,47.0,14,180,19959,6,1.0
98,1.0,0.0,2.2060001,1.0,7.0,10,74.64178136816749,96.61311455025414,pobre,basal,3,4000.0,405.0,1.0,47.0,15,180,19959,6,1.0
97,0.0,0.0,2.2060001,1.0,6.0,10,74.64178136816749,96.61311455025414,pobre,basal,3,4000.0,405.0,1.0,47.0,13,180,19960,6,1.0
98,0.0,0.0,2.2060001,1.0,7.0,10,74.64178136816749,96.61311455025414,pobre,basal,3,4000.0,405.0,1.0,47.0,14,180,19960,6,1.0
97,0.0,0.0,2.2060001,1.0,5.0,10,74.64178136816749,96.61311455025414,pobre,basal,3,4000.0,405.0,1.0,47.0,11,180,19961,5,1.0
98,0.0,0.0,2.2060001,1.0,6.0,10,74.64178136816749,96.61311455025414,pobre,basal,3,4000.0,405.0,1.0,47.0,12,180,19961,5,1.0
97,1.0,0.0,2.2060001,1.0,2.0,10,74.64178136816749,96.61311455025414,pobre,basal,3,4000.0,405.0,1.0,47.0,10,180,19962,2,1.0
98,1.0,0.0,2.2060001,1.0,3.0,10,74.64178136816749,96.61311455025414,pobre,basal,3,4000.0,405.0,1.0,47.0,11,180,19962,2,1.0
97,0.0,0.0,2.2060001,1.0,2.0,10,74.64178136816749,96.61311455025414,pobre,basal,3,4000.0,405.0,1.0,47.0,9,180,19963,2,1.0
98,0.0,0.0,2.2060001,1.0,3.0,10,74.64178136816749,96.61311455025414,pobre,basal,3,4000.0,405.0,1.0,47.0,10,180,19963,2,1.0
97,1.0,0.0,2.2060001,1.0,0.0,10,74.64178136816749,96.61311455025414,pobre,basal,3,4000.0,405.0,1.0,47.0,8,180,19964,0,1.0
98,1.0,0.0,2.2060001,1.0,1.0,10,74.64178136816749,96.61311455025414,pobre,basal,3,4000.0,405.0,1.0,47.0,9,180,19964,0,1.0
97,0.0,0.0,2.2060001,1.0,6.0,4,74.64178136816749,96.61311455025414,pobre,basal,4,0.0,701.0,1.0,54.0,11,180,19965,6,1.0
98,0.0,0.0,2.2060001,1.0,7.0,4,74.64178136816749,96.61311455025414,pobre,basal,4,0.0,701.0,1.0,54.0,12,180,19965,6,1.0
97,0.0,0.0,2.2060001,0.0,9.0,7,74.64178136816749,96.61311455025414,pobre,basal,6,750.0,684.5,1.0,37.0,13,180,19966,9,0.0
98,0.0,0.0,2.2060001,0.0,9.0,7,74.64178136816749,96.61311455025414,pobre,basal,6,750.0,684.5,1.0,37.0,14,180,19966,9,0.0
97,0.0,0.0,2.2060001,1.0,5.0,7,74.64178136816749,96.61311455025414,pobre,basal,6,750.0,684.5,1.0,37.0,12,180,19967,5,1.0
98,0.0,0.0,2.2060001,1.0,6.0,7,74.64178136816749,96.61311455025414,pobre,basal,6,750.0,684.5,1.0,37.0,13,180,19967,5,1.0
97,1.0,0.0,2.2060001,1.0,5.0,7,74.64178136816749,96.61311455025414,pobre,basal,6,750.0,684.5,1.0,37.0,10,180,19968,5,1.0
98,1.0,0.0,2.2060001,1.0,6.0,7,74.64178136816749,96.61311455025414,pobre,basal,6,750.0,684.5,1.0,37.0,11,180,19968,5,1.0
97,0.0,0.0,2.2060001,1.0,3.0,7,74.64178136816749,96.61311455025414,pobre,basal,6,750.0,684.5,1.0,37.0,8,180,19969,3,1.0
98,0.0,0.0,2.2060001,1.0,4.0,7,74.64178136816749,96.61311455025414,pobre,basal,6,750.0,684.5,1.0,37.0,9,180,19969,3,1.0
97,1.0,0.0,2.2060001,1.0,7.0,7,74.64178136816749,96.61311455025414,pobre,basal,6,750.0,651.0,1.0,36.0,13,180,19970,7,1.0
98,1.0,0.0,2.2060001,1.0,8.0,7,74.64178136816749,96.61311455025414,pobre,basal,6,750.0,651.0,1.0,36.0,14,180,19970,7,1.0
97,1.0,0.0,2.2060001,1.0,5.0,7,74.64178136816749,96.61311455025414,pobre,basal,6,750.0,651.0,1.0,36.0,15,180,19971,5,1.0
98,1.0,0.0,2.2060001,1.0,6.0,7,74.64178136816749,96.61311455025414,pobre,basal,6,750.0,651.0,1.0,36.0,16,180,19971,5,1.0
97,0.0,0.0,2.2060001,1.0,2.0,7,74.64178136816749,96.61311455025414,pobre,basal,6,750.0,651.0,1.0,36.0,9,180,19972,2,1.0
98,0.0,0.0,2.2060001,1.0,3.0,7,74.64178136816749,96.61311455025414,pobre,basal,6,750.0,651.0,1.0,36.0,10,180,19972,2,1.0
97,1.0,0.0,2.2060001,1.0,1.0,7,74.64178136816749,96.61311455025414,pobre,basal,6,750.0,651.0,1.0,36.0,8,180,19973,1,1.0
98,1.0,0.0,2.2060001,1.0,2.0,7,74.64178136816749,96.61311455025414,pobre,basal,6,750.0,651.0,1.0,36.0,9,180,19973,1,1.0
97,1.0,0.0,0.0,1.0,5.0,5,42.16862207729481,42.16862207729481,no pobre,basal,0,750.0,950.0,1.0,70.0,12,202,19974,5,1.0
98,1.0,0.0,0.0,1.0,6.0,5,42.16862207729481,42.16862207729481,no pobre,basal,0,750.0,950.0,1.0,70.0,13,202,19974,5,1.0
97,1.0,0.0,0.0,0.0,5.0,8,34.32991623066558,88.76121668289686,pobre,0,0,1000.0,678.0,1.0,39.0,14,256,19975,5,0.0
98,1.0,0.0,0.0,0.0,5.0,8,34.32991623066558,88.76121668289686,pobre,0,0,1000.0,678.0,1.0,39.0,15,256,19975,5,0.0
97,1.0,0.0,0.0,1.0,2.0,8,34.32991623066558,88.76121668289686,pobre,0,0,1000.0,678.0,1.0,39.0,11,256,19976,2,1.0
98,1.0,0.0,0.0,0.0,3.0,8,34.32991623066558,88.76121668289686,pobre,0,0,1000.0,678.0,1.0,39.0,12,256,19976,2,1.0
97,0.0,0.0,0.0,1.0,2.0,8,34.32991623066558,88.76121668289686,pobre,0,0,1000.0,678.0,1.0,39.0,8,256,19977,2,1.0
98,0.0,0.0,0.0,1.0,3.0,8,34.32991623066558,88.76121668289686,pobre,0,0,1000.0,678.0,1.0,39.0,9,256,19977,2,1.0
97,1.0,0.0,0.0,1.0,1.0,8,34.32991623066558,88.76121668289686,pobre,0,0,1000.0,678.0,1.0,39.0,7,256,19978,1,1.0
98,1.0,0.0,0.0,1.0,2.0,8,34.32991623066558,88.76121668289686,pobre,0,0,1000.0,678.0,1.0,39.0,8,256,19978,1,1.0
97,0.0,0.0,0.0,0.0,5.0,8,34.32991623066558,88.76121668289686,no pobre,0,2,750.0,721.0,1.0,32.0,14,256,19979,5,0.0
98,0.0,0.0,0.0,0.0,5.0,8,34.32991623066558,88.76121668289686,no pobre,0,2,750.0,721.0,1.0,32.0,15,256,19979,5,0.0
97,1.0,0.0,0.0,0.0,4.0,8,34.32991623066558,88.76121668289686,no pobre,0,2,750.0,721.0,1.0,32.0,10,256,19980,4,0.0
98,1.0,0.0,0.0,0.0,5.0,8,34.32991623066558,88.76121668289686,no pobre,0,2,750.0,721.0,1.0,32.0,11,256,19980,4,0.0
97,1.0,0.0,0.0,0.0,2.0,8,34.32991623066558,88.76121668289686,no pobre,0,2,750.0,721.0,1.0,32.0,9,256,19981,2,0.0
98,1.0,0.0,0.0,1.0,2.0,8,34.32991623066558,88.76121668289686,no pobre,0,2,750.0,721.0,1.0,32.0,10,256,19981,2,0.0
97,1.0,0.0,0.0,0.0,6.0,7,34.32991623066558,88.76121668289686,no pobre,0,3,416.66666,856.0,1.0,44.0,14,256,19982,6,0.0
98,1.0,0.0,0.0,0.0,6.0,7,34.32991623066558,88.76121668289686,no pobre,0,3,416.66666,856.0,1.0,44.0,15,256,19982,6,0.0
97,0.0,0.0,0.0,1.0,4.0,7,34.32991623066558,88.76121668289686,no pobre,0,3,416.66666,856.0,1.0,44.0,10,256,19983,4,1.0
98,0.0,0.0,0.0,1.0,5.0,7,34.32991623066558,88.76121668289686,no pobre,0,3,416.66666,856.0,1.0,44.0,11,256,19983,4,1.0
97,0.0,0.0,0.0,1.0,0.0,7,34.32991623066558,88.76121668289686,no pobre,0,3,416.66666,856.0,1.0,44.0,6,256,19984,0,1.0
98,0.0,0.0,0.0,1.0,0.0,7,34.32991623066558,88.76121668289686,no pobre,0,3,416.66666,856.0,1.0,44.0,7,256,19984,0,1.0
97,0.0,0.0,0.0,1.0,6.0,7,34.32991623066558,88.76121668289686,pobre,0,1,0.0,589.0,0.0,34.0,14,256,19985,6,1.0
98,0.0,0.0,0.0,,,7,34.32991623066558,88.76121668289686,pobre,0,1,0.0,589.0,0.0,34.0,15,256,19985,6,1.0
97,1.0,0.0,0.0,1.0,5.0,7,34.32991623066558,88.76121668289686,pobre,0,1,0.0,589.0,0.0,34.0,11,256,19986,5,1.0
98,1.0,0.0,0.0,,,7,34.32991623066558,88.76121668289686,pobre,0,1,0.0,589.0,0.0,34.0,12,256,19986,5,1.0
97,0.0,0.0,0.0,1.0,3.0,7,34.32991623066558,88.76121668289686,pobre,0,1,0.0,589.0,0.0,34.0,10,256,19987,3,1.0
98,0.0,0.0,0.0,,,7,34.32991623066558,88.76121668289686,pobre,0,1,0.0,589.0,0.0,34.0,11,256,19987,3,1.0
97,0.0,0.0,0.0,1.0,2.0,7,34.32991623066558,88.76121668289686,pobre,0,1,0.0,589.0,0.0,34.0,7,256,19988,2,1.0
98,0.0,0.0,0.0,,,7,34.32991623066558,88.76121668289686,pobre,0,1,0.0,589.0,0.0,34.0,8,256,19988,2,1.0
97,1.0,0.0,0.0,1.0,1.0,5,34.32991623066558,88.76121668289686,pobre,0,2,83.333336,705.0,1.0,29.0,6,256,19989,1,1.0
98,1.0,0.0,0.0,1.0,1.0,5,34.32991623066558,88.76121668289686,pobre,0,2,83.333336,705.0,1.0,29.0,7,256,19989,1,1.0
97,1.0,0.0,0.0,0.0,5.0,9,34.32991623066558,88.76121668289686,pobre,0,0,125.0,640.5,1.0,56.0,16,256,19990,5,0.0
98,1.0,0.0,0.0,,,9,34.32991623066558,88.76121668289686,pobre,0,0,125.0,640.5,1.0,56.0,17,256,19990,5,0.0
97,0.0,0.0,0.0,1.0,1.0,9,34.32991623066558,88.76121668289686,pobre,0,0,125.0,640.5,1.0,56.0,10,256,19991,1,1.0
98,0.0,0.0,0.0,1.0,1.0,9,34.32991623066558,88.76121668289686,pobre,0,0,125.0,640.5,1.0,56.0,11,256,19991,1,1.0
97,0.0,0.0,0.0,1.0,1.0,9,34.32991623066558,88.76121668289686,pobre,0,0,125.0,640.5,1.0,56.0,8,256,19992,1,1.0
98,0.0,0.0,0.0,1.0,1.0,9,34.32991623066558,88.76121668289686,pobre,0,0,125.0,640.5,1.0,56.0,9,256,19992,1,1.0
97,1.0,0.0,0.0,1.0,1.0,9,34.32991623066558,88.76121668289686,pobre,0,0,125.0,640.5,1.0,56.0,7,256,19993,1,1.0
98,1.0,0.0,0.0,1.0,2.0,9,34.32991623066558,88.76121668289686,pobre,0,0,125.0,640.5,1.0,56.0,8,256,19993,1,1.0
97,1.0,0.0,0.0,0.0,6.0,9,34.32991623066558,88.76121668289686,no pobre,0,6,8.333333,930.0,1.0,45.0,15,256,19994,6,0.0
98,1.0,0.0,0.0,,,9,34.32991623066558,88.76121668289686,no pobre,0,6,8.333333,930.0,1.0,45.0,16,256,19994,6,0.0
97,1.0,0.0,0.0,0.0,6.0,9,34.32991623066558,88.76121668289686,no pobre,0,6,8.333333,930.0,1.0,45.0,13,256,19995,6,0.0
98,1.0,0.0,0.0,,,9,34.32991623066558,88.76121668289686,no pobre,0,6,8.333333,930.0,1.0,45.0,14,256,19995,6,0.0
97,1.0,0.0,0.0,0.0,6.0,9,34.32991623066558,88.76121668289686,no pobre,0,6,8.333333,930.0,1.0,45.0,13,256,19996,6,0.0
98,1.0,0.0,0.0,,,9,34.32991623066558,88.76121668289686,no pobre,0,6,8.333333,930.0,1.0,45.0,14,256,19996,6,0.0
97,1.0,0.0,0.0,1.0,1.0,9,34.32991623066558,88.76121668289686,no pobre,0,6,8.333333,930.0,1.0,45.0,6,256,19997,1,1.0
98,1.0,0.0,0.0,1.0,1.0,9,34.32991623066558,88.76121668289686,no pobre,0,6,8.333333,930.0,1.0,45.0,7,256,19997,1,1.0
97,0.0,0.0,0.0,1.0,3.0,10,34.32991623066558,88.76121668289686,pobre,0,1,500.0,683.0,1.0,42.0,12,256,19998,3,1.0
98,0.0,0.0,0.0,1.0,4.0,10,34.32991623066558,88.76121668289686,pobre,0,1,500.0,683.0,1.0,42.0,13,256,19998,3,1.0
97,1.0,0.0,0.0,0.0,6.0,10,34.32991623066558,88.76121668289686,pobre,0,1,500.0,683.0,1.0,42.0,13,256,19999,6,0.0
98,1.0,0.0,0.0,0.0,6.0,10,34.32991623066558,88.76121668289686,pobre,0,1,500.0,683.0,1.0,42.0,14,256,19999,6,0.0
97,0.0,0.0,0.0,0.0,7.0,10,34.32991623066558,88.76121668289686,pobre,0,1,500.0,683.0,1.0,42.0,16,256,20000,7,0.0
98,0.0,0.0,0.0,,,10,34.32991623066558,88.76121668289686,pobre,0,1,500.0,683.0,1.0,42.0,17,256,20000,7,0.0
97,0.0,0.0,0.0,1.0,5.0,9,34.32991623066558,88.76121668289686,pobre,0,0,500.0,553.0,1.0,33.0,12,256,20001,5,1.0
98,0.0,0.0,0.0,,,9,34.32991623066558,88.76121668289686,pobre,0,0,500.0,553.0,1.0,33.0,13,256,20001,5,1.0
97,0.0,0.0,0.0,1.0,4.0,9,34.32991623066558,88.76121668289686,pobre,0,0,500.0,553.0,1.0,33.0,10,256,20002,4,1.0
98,0.0,0.0,0.0,1.0,5.0,9,34.32991623066558,88.76121668289686,pobre,0,0,500.0,553.0,1.0,33.0,11,256,20002,4,1.0
97,1.0,0.0,0.0,1.0,3.0,9,34.32991623066558,88.76121668289686,pobre,0,0,500.0,553.0,1.0,33.0,8,256,20003,3,1.0
98,1.0,0.0,0.0,1.0,4.0,9,34.32991623066558,88.76121668289686,pobre,0,0,500.0,553.0,1.0,33.0,9,256,20003,3,1.0
97,0.0,0.0,0.0,1.0,1.0,9,34.32991623066558,88.76121668289686,pobre,0,0,500.0,553.0,1.0,33.0,6,256,20004,1,1.0
98,0.0,0.0,0.0,1.0,2.0,9,34.32991623066558,88.76121668289686,pobre,0,0,500.0,553.0,1.0,33.0,7,256,20004,1,1.0
97,0.0,0.0,0.0,1.0,1.0,6,34.32991623066558,88.76121668289686,pobre,0,4,720.0,615.0,1.0,29.0,7,256,20005,1,1.0
98,0.0,0.0,0.0,,,6,34.32991623066558,88.76121668289686,pobre,0,4,720.0,615.0,1.0,29.0,8,256,20005,1,1.0
97,0.0,0.0,0.0,0.0,6.0,8,34.32991623066558,88.76121668289686,pobre,0,0,500.0,738.0,1.0,54.0,15,256,20006,6,0.0
98,0.0,0.0,0.0,,,8,34.32991623066558,88.76121668289686,pobre,0,0,500.0,738.0,1.0,54.0,16,256,20006,6,0.0
97,0.0,0.0,0.0,0.0,9.0,8,34.32991623066558,88.76121668289686,pobre,0,0,500.0,738.0,1.0,54.0,15,256,20007,9,0.0
98,0.0,0.0,0.0,,,8,34.32991623066558,88.76121668289686,pobre,0,0,500.0,738.0,1.0,54.0,16,256,20007,9,0.0
97,1.0,0.0,0.0,0.0,6.0,8,34.32991623066558,88.76121668289686,pobre,0,0,500.0,738.0,1.0,54.0,14,256,20008,6,0.0
98,1.0,0.0,0.0,,,8,34.32991623066558,88.76121668289686,pobre,0,0,500.0,738.0,1.0,54.0,15,256,20008,6,0.0
97,0.0,0.0,0.0,0.0,6.0,3,34.32991623066558,88.76121668289686,pobre,0,3,500.0,728.0,1.0,29.0,16,256,20009,6,0.0
98,0.0,0.0,0.0,,,3,34.32991623066558,88.76121668289686,pobre,0,3,500.0,728.0,1.0,29.0,17,256,20009,6,0.0
97,1.0,0.0,0.0,0.0,1.0,12,34.32991623066558,88.76121668289686,pobre,0,2,625.0,698.0,1.0,47.0,14,256,20010,1,0.0
98,1.0,0.0,0.0,0.0,2.0,12,34.32991623066558,88.76121668289686,pobre,0,2,625.0,698.0,1.0,47.0,15,256,20010,1,0.0
97,0.0,0.0,0.0,1.0,5.0,12,34.32991623066558,88.76121668289686,pobre,0,2,625.0,698.0,1.0,47.0,13,256,20011,5,1.0
98,0.0,0.0,0.0,0.0,6.0,12,34.32991623066558,88.76121668289686,pobre,0,2,625.0,698.0,1.0,47.0,14,256,20011,5,1.0
97,0.0,0.0,0.0,1.0,4.0,12,34.32991623066558,88.76121668289686,pobre,0,2,625.0,698.0,1.0,47.0,10,256,20012,4,1.0
98,0.0,0.0,0.0,1.0,5.0,12,34.32991623066558,88.76121668289686,pobre,0,2,625.0,698.0,1.0,47.0,11,256,20012,4,1.0
97,1.0,0.0,0.0,1.0,1.0,12,34.32991623066558,88.76121668289686,pobre,0,2,625.0,698.0,1.0,47.0,8,256,20013,1,1.0
98,1.0,0.0,0.0,1.0,1.0,12,34.32991623066558,88.76121668289686,pobre,0,2,625.0,698.0,1.0,47.0,9,256,20013,1,1.0
97,1.0,0.0,0.0,0.0,3.0,10,34.32991623066558,88.76121668289686,pobre,0,2,625.0,632.0,1.0,38.0,15,256,20014,3,0.0
98,1.0,0.0,0.0,0.0,3.0,10,34.32991623066558,88.76121668289686,pobre,0,2,625.0,632.0,1.0,38.0,16,256,20014,3,0.0
97,0.0,0.0,0.0,1.0,7.0,10,34.32991623066558,88.76121668289686,pobre,0,2,625.0,632.0,1.0,38.0,13,256,20015,7,1.0
98,0.0,0.0,0.0,1.0,8.0,10,34.32991623066558,88.76121668289686,pobre,0,2,625.0,632.0,1.0,38.0,14,256,20015,7,1.0
97,0.0,0.0,0.0,1.0,5.0,10,34.32991623066558,88.76121668289686,pobre,0,2,625.0,632.0,1.0,38.0,11,256,20016,5,1.0
98,0.0,0.0,0.0,1.0,6.0,10,34.32991623066558,88.76121668289686,pobre,0,2,625.0,632.0,1.0,38.0,12,256,20016,5,1.0
97,0.0,0.0,0.0,1.0,3.0,10,34.32991623066558,88.76121668289686,pobre,0,2,625.0,632.0,1.0,38.0,9,256,20017,3,1.0
98,0.0,0.0,0.0,1.0,4.0,10,34.32991623066558,88.76121668289686,pobre,0,2,625.0,632.0,1.0,38.0,10,256,20017,3,1.0
97,1.0,0.0,0.0,1.0,1.0,10,34.32991623066558,88.76121668289686,pobre,0,2,625.0,632.0,1.0,38.0,7,256,20018,1,1.0
98,1.0,0.0,0.0,1.0,2.0,10,34.32991623066558,88.76121668289686,pobre,0,2,625.0,632.0,1.0,38.0,8,256,20018,1,1.0
97,0.0,0.0,0.0,0.0,1.0,9,34.32991623066558,88.76121668289686,pobre,0,2,500.0,753.0,1.0,52.0,14,256,20019,1,0.0
98,0.0,0.0,0.0,0.0,1.0,9,34.32991623066558,88.76121668289686,pobre,0,2,500.0,753.0,1.0,52.0,15,256,20019,1,0.0
97,0.0,0.0,0.0,1.0,1.0,9,34.32991623066558,88.76121668289686,pobre,0,2,500.0,753.0,1.0,52.0,9,256,20020,1,1.0
98,0.0,0.0,0.0,0.0,2.0,9,34.32991623066558,88.76121668289686,pobre,0,2,500.0,753.0,1.0,52.0,10,256,20020,1,1.0
97,0.0,0.0,0.0,1.0,1.0,9,34.32991623066558,88.76121668289686,pobre,0,2,500.0,753.0,1.0,52.0,6,256,20021,1,1.0
98,0.0,0.0,0.0,0.0,1.0,9,34.32991623066558,88.76121668289686,pobre,0,2,500.0,753.0,1.0,52.0,7,256,20021,1,1.0
97,0.0,0.0,0.0,1.0,5.0,6,42.16862207729481,42.16862207729481,pobre,basal,6,625.0,744.0,1.0,35.0,9,202,20022,5,1.0
98,0.0,0.0,0.0,1.0,5.0,6,42.16862207729481,42.16862207729481,pobre,basal,6,625.0,744.0,1.0,35.0,10,202,20022,5,1.0
97,1.0,0.0,0.0,1.0,1.0,6,42.16862207729481,42.16862207729481,pobre,basal,6,625.0,744.0,1.0,35.0,7,202,20023,1,1.0
98,1.0,0.0,0.0,1.0,2.0,6,42.16862207729481,42.16862207729481,pobre,basal,6,625.0,744.0,1.0,35.0,8,202,20023,1,1.0
97,0.0,0.0,0.0,1.0,0.0,6,42.16862207729481,42.16862207729481,pobre,basal,6,625.0,744.0,1.0,35.0,6,202,20024,0,1.0
98,0.0,0.0,0.0,1.0,1.0,6,42.16862207729481,42.16862207729481,pobre,basal,6,625.0,744.0,1.0,35.0,7,202,20024,0,1.0
97,0.0,0.0,0.0,1.0,3.0,6,34.32991623066558,88.76121668289686,pobre,0,1,625.0,782.0,1.0,33.0,10,256,20025,3,1.0
98,0.0,0.0,0.0,0.0,3.0,6,34.32991623066558,88.76121668289686,pobre,0,1,625.0,782.0,1.0,33.0,11,256,20025,3,1.0
97,0.0,0.0,0.0,1.0,1.0,5,34.32991623066558,88.76121668289686,pobre,0,6,500.0,747.0,1.0,26.0,6,256,20026,1,1.0
98,0.0,0.0,0.0,1.0,2.0,5,34.32991623066558,88.76121668289686,pobre,0,6,500.0,747.0,1.0,26.0,7,256,20026,1,1.0
97,0.0,0.0,0.0,1.0,3.0,6,34.32991623066558,88.76121668289686,pobre,0,0,625.0,633.0,1.0,33.0,9,256,20027,3,1.0
98,0.0,0.0,0.0,1.0,4.0,6,34.32991623066558,88.76121668289686,pobre,0,0,625.0,633.0,1.0,33.0,10,256,20027,3,1.0
97,0.0,0.0,0.0,1.0,1.0,7,34.32991623066558,88.76121668289686,pobre,0,0,166.66667,593.0,1.0,30.0,7,256,20028,1,1.0
98,0.0,0.0,0.0,1.0,1.0,7,34.32991623066558,88.76121668289686,pobre,0,0,166.66667,593.0,1.0,30.0,8,256,20028,1,1.0
97,1.0,0.0,0.0,1.0,1.0,7,34.32991623066558,88.76121668289686,pobre,0,0,166.66667,593.0,1.0,30.0,6,256,20029,1,1.0
98,1.0,0.0,0.0,1.0,0.0,7,34.32991623066558,88.76121668289686,pobre,0,0,166.66667,593.0,1.0,30.0,7,256,20029,1,1.0
97,1.0,0.0,0.0,1.0,4.0,7,34.32991623066558,88.76121668289686,pobre,0,0,240.0,718.5,0.0,51.0,12,256,20030,4,1.0
98,1.0,0.0,0.0,0.0,5.0,7,34.32991623066558,88.76121668289686,pobre,0,0,240.0,718.5,0.0,51.0,13,256,20030,4,1.0
97,0.0,0.0,0.0,1.0,2.0,7,34.32991623066558,88.76121668289686,pobre,0,0,240.0,718.5,0.0,51.0,10,256,20031,2,1.0
98,0.0,0.0,0.0,1.0,3.0,7,34.32991623066558,88.76121668289686,pobre,0,0,240.0,718.5,0.0,51.0,11,256,20031,2,1.0
97,1.0,0.0,0.0,1.0,1.0,7,34.32991623066558,88.76121668289686,pobre,0,0,240.0,718.5,0.0,51.0,8,256,20032,1,1.0
98,1.0,0.0,0.0,1.0,1.0,7,34.32991623066558,88.76121668289686,pobre,0,0,240.0,718.5,0.0,51.0,9,256,20032,1,1.0
97,0.0,0.0,0.0,0.0,4.0,9,34.32991623066558,88.76121668289686,pobre,0,4,500.0,514.0,1.0,38.0,13,256,20033,4,0.0
98,0.0,0.0,0.0,,,9,34.32991623066558,88.76121668289686,pobre,0,4,500.0,514.0,1.0,38.0,14,256,20033,4,0.0
97,0.0,0.0,0.0,1.0,3.0,9,34.32991623066558,88.76121668289686,pobre,0,4,500.0,514.0,1.0,38.0,9,256,20034,3,1.0
98,0.0,0.0,0.0,1.0,4.0,9,34.32991623066558,88.76121668289686,pobre,0,4,500.0,514.0,1.0,38.0,10,256,20034,3,1.0
97,1.0,0.0,0.0,1.0,2.0,9,34.32991623066558,88.76121668289686,pobre,0,4,500.0,514.0,1.0,38.0,9,256,20035,2,1.0
98,1.0,0.0,0.0,1.0,3.0,9,34.32991623066558,88.76121668289686,pobre,0,4,500.0,514.0,1.0,38.0,10,256,20035,2,1.0
97,1.0,0.0,0.0,1.0,0.0,9,34.32991623066558,88.76121668289686,pobre,0,4,500.0,514.0,1.0,38.0,7,256,20036,0,1.0
98,1.0,0.0,0.0,1.0,1.0,9,34.32991623066558,88.76121668289686,pobre,0,4,500.0,514.0,1.0,38.0,8,256,20036,0,1.0
97,1.0,0.0,0.0,1.0,2.0,6,42.16862207729481,42.16862207729481,pobre,basal,6,400.0,645.45398,1.0,49.0,12,202,20037,2,1.0
98,1.0,0.0,0.0,1.0,3.0,6,42.16862207729481,42.16862207729481,pobre,basal,6,400.0,645.45398,1.0,49.0,13,202,20037,2,1.0
97,0.0,0.0,0.0,1.0,5.0,6,42.16862207729481,42.16862207729481,pobre,basal,6,400.0,645.45398,1.0,49.0,11,202,20038,5,1.0
98,0.0,0.0,0.0,1.0,5.0,6,42.16862207729481,42.16862207729481,pobre,basal,6,400.0,645.45398,1.0,49.0,12,202,20038,5,1.0
97,1.0,0.0,0.0,1.0,1.0,6,42.16862207729481,42.16862207729481,pobre,basal,6,400.0,645.45398,1.0,49.0,9,202,20039,1,1.0
98,1.0,0.0,0.0,1.0,1.0,6,42.16862207729481,42.16862207729481,pobre,basal,6,400.0,645.45398,1.0,49.0,10,202,20039,1,1.0
97,0.0,,0.0,,0.0,6,42.16862207729481,42.16862207729481,pobre,basal,6,400.0,645.45398,1.0,49.0,7,202,20040,0,
98,0.0,,0.0,1.0,0.0,6,42.16862207729481,42.16862207729481,pobre,basal,6,400.0,645.45398,1.0,49.0,8,202,20040,0,
97,1.0,0.0,0.0,1.0,3.0,7,34.32991623066558,88.76121668289686,pobre,0,5,0.0,685.0,0.0,58.0,11,256,20041,3,1.0
98,1.0,0.0,0.0,1.0,3.0,7,34.32991623066558,88.76121668289686,pobre,0,5,0.0,685.0,0.0,58.0,12,256,20041,3,1.0
97,1.0,0.0,0.0,1.0,1.0,7,34.32991623066558,88.76121668289686,pobre,0,5,0.0,685.0,0.0,58.0,6,256,20042,1,1.0
98,1.0,0.0,0.0,1.0,2.0,7,34.32991623066558,88.76121668289686,pobre,0,5,0.0,685.0,0.0,58.0,7,256,20042,1,1.0
97,1.0,0.0,0.0,0.0,3.0,13,34.32991623066558,88.76121668289686,pobre,0,2,250.0,741.0,1.0,39.0,16,256,20043,3,0.0
98,1.0,0.0,0.0,,,13,34.32991623066558,88.76121668289686,pobre,0,2,250.0,741.0,1.0,39.0,17,256,20043,3,0.0
97,0.0,0.0,0.0,1.0,7.0,13,34.32991623066558,88.76121668289686,pobre,0,2,250.0,741.0,1.0,39.0,14,256,20044,7,1.0
98,0.0,0.0,0.0,0.0,8.0,13,34.32991623066558,88.76121668289686,pobre,0,2,250.0,741.0,1.0,39.0,15,256,20044,7,1.0
97,0.0,0.0,0.0,1.0,1.0,13,34.32991623066558,88.76121668289686,pobre,0,2,250.0,741.0,1.0,39.0,13,256,20045,1,1.0
98,0.0,0.0,0.0,0.0,5.0,13,34.32991623066558,88.76121668289686,pobre,0,2,250.0,741.0,1.0,39.0,14,256,20045,1,1.0
97,0.0,0.0,0.0,1.0,2.0,13,34.32991623066558,88.76121668289686,pobre,0,2,250.0,741.0,1.0,39.0,11,256,20046,2,1.0
98,0.0,0.0,0.0,1.0,3.0,13,34.32991623066558,88.76121668289686,pobre,0,2,250.0,741.0,1.0,39.0,12,256,20046,2,1.0
97,1.0,0.0,0.0,1.0,2.0,13,34.32991623066558,88.76121668289686,pobre,0,2,250.0,741.0,1.0,39.0,9,256,20047,2,1.0
98,1.0,0.0,0.0,1.0,3.0,13,34.32991623066558,88.76121668289686,pobre,0,2,250.0,741.0,1.0,39.0,10,256,20047,2,1.0
97,1.0,0.0,0.0,1.0,2.0,13,34.32991623066558,88.76121668289686,pobre,0,2,250.0,741.0,1.0,39.0,8,256,20048,2,1.0
98,1.0,0.0,0.0,1.0,3.0,13,34.32991623066558,88.76121668289686,pobre,0,2,250.0,741.0,1.0,39.0,9,256,20048,2,1.0
97,1.0,0.0,0.0,1.0,0.0,13,34.32991623066558,88.76121668289686,pobre,0,2,250.0,741.0,1.0,39.0,7,256,20049,0,1.0
98,1.0,0.0,0.0,0.0,1.0,13,34.32991623066558,88.76121668289686,pobre,0,2,250.0,741.0,1.0,39.0,8,256,20049,0,1.0
97,1.0,0.0,0.0,1.0,5.0,6,34.32991623066558,88.76121668289686,no pobre,0,6,750.0,787.0,1.0,34.0,11,256,20050,5,1.0
98,1.0,0.0,0.0,1.0,6.0,6,34.32991623066558,88.76121668289686,no pobre,0,6,750.0,787.0,1.0,34.0,12,256,20050,5,1.0
97,0.0,0.0,0.0,1.0,3.0,6,34.32991623066558,88.76121668289686,no pobre,0,6,750.0,787.0,1.0,34.0,8,256,20051,3,1.0
98,0.0,0.0,0.0,1.0,4.0,6,34.32991623066558,88.76121668289686,no pobre,0,6,750.0,787.0,1.0,34.0,9,256,20051,3,1.0
97,0.0,0.0,0.0,1.0,5.0,6,34.32991623066558,88.76121668289686,no pobre,0,4,250.0,931.0,1.0,40.0,10,256,20052,5,1.0
98,0.0,0.0,0.0,1.0,6.0,6,34.32991623066558,88.76121668289686,no pobre,0,4,250.0,931.0,1.0,40.0,11,256,20052,5,1.0
97,0.0,0.0,0.0,1.0,3.0,6,34.32991623066558,88.76121668289686,no pobre,0,4,250.0,931.0,1.0,40.0,9,256,20053,3,1.0
98,0.0,0.0,0.0,1.0,4.0,6,34.32991623066558,88.76121668289686,no pobre,0,4,250.0,931.0,1.0,40.0,10,256,20053,3,1.0
97,0.0,0.0,0.0,1.0,4.0,12,34.32991623066558,88.76121668289686,no pobre,0,2,0.0,915.0,1.0,70.0,12,256,20054,4,1.0
98,0.0,0.0,0.0,1.0,5.0,12,34.32991623066558,88.76121668289686,no pobre,0,2,0.0,915.0,1.0,70.0,13,256,20054,4,1.0
97,1.0,0.0,0.0,0.0,4.0,8,42.16862207729481,42.16862207729481,pobre,basal,0,600.0,785.0,1.0,35.0,15,202,20055,4,0.0
98,1.0,0.0,0.0,0.0,4.0,8,42.16862207729481,42.16862207729481,pobre,basal,0,600.0,785.0,1.0,35.0,16,202,20055,4,0.0
97,0.0,0.0,0.0,0.0,4.0,8,42.16862207729481,42.16862207729481,pobre,basal,0,600.0,785.0,1.0,35.0,13,202,20056,4,0.0
98,0.0,0.0,0.0,0.0,2.0,8,42.16862207729481,42.16862207729481,pobre,basal,0,600.0,785.0,1.0,35.0,14,202,20056,4,0.0
97,0.0,0.0,0.0,1.0,4.0,8,42.16862207729481,42.16862207729481,pobre,basal,0,600.0,785.0,1.0,35.0,9,202,20057,4,1.0
98,0.0,0.0,0.0,1.0,3.0,8,42.16862207729481,42.16862207729481,pobre,basal,0,600.0,785.0,1.0,35.0,10,202,20057,4,1.0
97,0.0,0.0,0.0,1.0,0.0,8,42.16862207729481,42.16862207729481,pobre,basal,0,600.0,785.0,1.0,35.0,7,202,20058,0,1.0
98,0.0,0.0,0.0,,,8,42.16862207729481,42.16862207729481,pobre,basal,0,600.0,785.0,1.0,35.0,8,202,20058,0,1.0
97,1.0,0.0,0.0,0.0,6.0,6,34.32991623066558,88.76121668289686,no pobre,0,2,0.0,827.0,1.0,52.0,16,256,20059,6,0.0
98,1.0,0.0,0.0,,,6,34.32991623066558,88.76121668289686,no pobre,0,2,0.0,827.0,1.0,52.0,17,256,20059,6,0.0
97,1.0,0.0,0.0,1.0,5.0,6,34.32991623066558,88.76121668289686,no pobre,0,2,0.0,827.0,1.0,52.0,15,256,20060,5,1.0
98,1.0,0.0,0.0,0.0,6.0,6,34.32991623066558,88.76121668289686,no pobre,0,2,0.0,827.0,1.0,52.0,16,256,20060,5,1.0
97,1.0,0.0,0.0,0.0,3.0,6,34.32991623066558,88.76121668289686,no pobre,0,2,0.0,827.0,1.0,52.0,9,256,20061,3,0.0
98,1.0,0.0,0.0,0.0,3.0,6,34.32991623066558,88.76121668289686,no pobre,0,2,0.0,827.0,1.0,52.0,10,256,20061,3,0.0
97,1.0,0.0,0.0,,0.0,4,34.32991623066558,88.76121668289686,pobre,0,0,2500.0,785.0,1.0,64.0,15,256,20062,0,
98,1.0,0.0,0.0,,,4,34.32991623066558,88.76121668289686,pobre,0,0,2500.0,785.0,1.0,64.0,16,256,20062,0,
97,1.0,0.0,0.0,1.0,5.0,4,34.32991623066558,88.76121668289686,pobre,0,0,2500.0,785.0,1.0,64.0,12,256,20063,5,1.0
98,1.0,0.0,0.0,0.0,6.0,4,34.32991623066558,88.76121668289686,pobre,0,0,2500.0,785.0,1.0,64.0,13,256,20063,5,1.0
97,1.0,0.0,0.0,1.0,4.0,9,34.32991623066558,88.76121668289686,no pobre,0,3,500.0,646.0,1.0,35.0,11,256,20064,4,1.0
98,1.0,0.0,0.0,1.0,4.0,9,34.32991623066558,88.76121668289686,no pobre,0,3,500.0,646.0,1.0,35.0,12,256,20064,4,1.0
97,0.0,0.0,0.0,1.0,4.0,9,34.32991623066558,88.76121668289686,no pobre,0,3,500.0,646.0,1.0,35.0,10,256,20065,4,1.0
98,0.0,0.0,0.0,1.0,4.0,9,34.32991623066558,88.76121668289686,no pobre,0,3,500.0,646.0,1.0,35.0,11,256,20065,4,1.0
97,1.0,0.0,0.0,1.0,2.0,9,34.32991623066558,88.76121668289686,no pobre,0,3,500.0,646.0,1.0,35.0,8,256,20066,2,1.0
98,1.0,0.0,0.0,1.0,3.0,9,34.32991623066558,88.76121668289686,no pobre,0,3,500.0,646.0,1.0,35.0,9,256,20066,2,1.0
97,0.0,0.0,0.0,1.0,1.0,9,34.32991623066558,88.76121668289686,no pobre,0,3,500.0,646.0,1.0,35.0,7,256,20067,1,1.0
98,0.0,0.0,0.0,1.0,1.0,9,34.32991623066558,88.76121668289686,no pobre,0,3,500.0,646.0,1.0,35.0,8,256,20067,1,1.0
97,0.0,0.0,0.0,1.0,7.0,9,34.32991623066558,88.76121668289686,no pobre,0,3,0.0,834.0,1.0,77.0,13,256,20068,7,1.0
98,0.0,0.0,0.0,1.0,7.0,9,34.32991623066558,88.76121668289686,no pobre,0,3,0.0,834.0,1.0,77.0,14,256,20068,7,1.0
97,1.0,0.0,0.0,1.0,6.0,9,34.32991623066558,88.76121668289686,no pobre,0,3,0.0,834.0,1.0,77.0,11,256,20069,6,1.0
98,1.0,0.0,0.0,1.0,6.0,9,34.32991623066558,88.76121668289686,no pobre,0,3,0.0,834.0,1.0,77.0,12,256,20069,6,1.0
97,1.0,0.0,0.0,1.0,4.0,9,34.32991623066558,88.76121668289686,no pobre,0,3,0.0,834.0,1.0,77.0,9,256,20070,4,1.0
98,1.0,0.0,0.0,1.0,3.0,9,34.32991623066558,88.76121668289686,no pobre,0,3,0.0,834.0,1.0,77.0,10,256,20070,4,1.0
97,0.0,0.0,0.0,1.0,2.0,9,34.32991623066558,88.76121668289686,no pobre,0,3,0.0,834.0,1.0,77.0,7,256,20071,2,1.0
98,0.0,0.0,0.0,1.0,2.0,9,34.32991623066558,88.76121668289686,no pobre,0,3,0.0,834.0,1.0,77.0,8,256,20071,2,1.0
97,0.0,0.0,0.0,0.0,3.0,5,34.32991623066558,88.76121668289686,pobre,0,6,0.0,725.0,1.0,47.0,16,256,20072,3,0.0
98,0.0,0.0,0.0,,,5,34.32991623066558,88.76121668289686,pobre,0,6,0.0,725.0,1.0,47.0,17,256,20072,3,0.0
97,1.0,0.0,0.0,1.0,6.0,5,34.32991623066558,88.76121668289686,pobre,0,6,0.0,725.0,1.0,47.0,12,256,20073,6,1.0
98,1.0,0.0,0.0,1.0,6.0,5,34.32991623066558,88.76121668289686,pobre,0,6,0.0,725.0,1.0,47.0,13,256,20073,6,1.0
97,0.0,0.0,0.0,0.0,6.0,9,42.16862207729481,42.16862207729481,no pobre,basal,2,625.0,730.0,1.0,49.0,13,202,20074,6,0.0
98,0.0,0.0,0.0,0.0,6.0,9,42.16862207729481,42.16862207729481,no pobre,basal,2,625.0,730.0,1.0,49.0,14,202,20074,6,0.0
97,1.0,0.0,0.0,1.0,5.0,9,42.16862207729481,42.16862207729481,no pobre,basal,2,625.0,730.0,1.0,49.0,12,202,20075,5,1.0
98,1.0,0.0,0.0,0.0,4.0,9,42.16862207729481,42.16862207729481,no pobre,basal,2,625.0,730.0,1.0,49.0,13,202,20075,5,1.0
97,1.0,0.0,0.0,1.0,5.0,9,42.16862207729481,42.16862207729481,no pobre,basal,2,625.0,730.0,1.0,49.0,10,202,20076,5,1.0
98,1.0,0.0,0.0,1.0,6.0,9,42.16862207729481,42.16862207729481,no pobre,basal,2,625.0,730.0,1.0,49.0,11,202,20076,5,1.0
97,1.0,0.0,0.0,1.0,2.0,9,42.16862207729481,42.16862207729481,no pobre,basal,2,625.0,730.0,1.0,49.0,8,202,20077,2,1.0
98,1.0,0.0,0.0,1.0,3.0,9,42.16862207729481,42.16862207729481,no pobre,basal,2,625.0,730.0,1.0,49.0,9,202,20077,2,1.0
97,1.0,0.0,0.0,1.0,0.0,9,42.16862207729481,42.16862207729481,no pobre,basal,2,625.0,730.0,1.0,49.0,6,202,20078,0,1.0
98,1.0,0.0,0.0,1.0,1.0,9,42.16862207729481,42.16862207729481,no pobre,basal,2,625.0,730.0,1.0,49.0,7,202,20078,0,1.0
97,1.0,0.0,0.0,1.0,6.0,5,34.32991623066558,88.76121668289686,no pobre,0,0,0.0,772.0,1.0,57.0,15,256,20079,6,1.0
98,1.0,0.0,0.0,0.0,6.0,5,34.32991623066558,88.76121668289686,no pobre,0,0,0.0,772.0,1.0,57.0,16,256,20079,6,1.0
97,0.0,0.0,0.0,1.0,1.0,4,34.32991623066558,88.76121668289686,pobre,0,6,0.0,746.0,1.0,30.0,7,256,20080,1,1.0
98,0.0,0.0,0.0,1.0,1.0,4,34.32991623066558,88.76121668289686,pobre,0,6,0.0,746.0,1.0,30.0,8,256,20080,1,1.0
97,1.0,0.0,0.0,1.0,5.0,7,34.32991623066558,88.76121668289686,pobre,0,0,500.0,777.0,1.0,57.0,13,256,20081,5,1.0
98,1.0,0.0,0.0,1.0,5.0,7,34.32991623066558,88.76121668289686,pobre,0,0,500.0,777.0,1.0,57.0,14,256,20081,5,1.0
97,0.0,0.0,0.0,1.0,1.0,7,34.32991623066558,88.76121668289686,pobre,0,0,500.0,777.0,1.0,57.0,9,256,20082,1,1.0
98,0.0,0.0,0.0,1.0,2.0,7,34.32991623066558,88.76121668289686,pobre,0,0,500.0,777.0,1.0,57.0,10,256,20082,1,1.0
97,1.0,0.0,0.0,1.0,2.0,7,34.32991623066558,88.76121668289686,pobre,0,0,500.0,777.0,1.0,57.0,8,256,20083,2,1.0
98,1.0,0.0,0.0,1.0,1.0,7,34.32991623066558,88.76121668289686,pobre,0,0,500.0,777.0,1.0,57.0,9,256,20083,2,1.0
97,0.0,0.0,0.0,1.0,5.0,8,34.32991623066558,88.76121668289686,pobre,0,6,0.0,581.0,1.0,32.0,12,256,20084,5,1.0
98,0.0,0.0,0.0,0.0,5.0,8,34.32991623066558,88.76121668289686,pobre,0,6,0.0,581.0,1.0,32.0,13,256,20084,5,1.0
97,1.0,0.0,0.0,1.0,4.0,8,34.32991623066558,88.76121668289686,pobre,0,6,0.0,581.0,1.0,32.0,10,256,20085,4,1.0
98,1.0,0.0,0.0,0.0,4.0,8,34.32991623066558,88.76121668289686,pobre,0,6,0.0,581.0,1.0,32.0,11,256,20085,4,1.0
97,0.0,0.0,0.0,1.0,2.0,8,34.32991623066558,88.76121668289686,pobre,0,6,0.0,581.0,1.0,32.0,8,256,20086,2,1.0
98,0.0,0.0,0.0,1.0,2.0,8,34.32991623066558,88.76121668289686,pobre,0,6,0.0,581.0,1.0,32.0,9,256,20086,2,1.0
97,0.0,0.0,0.0,1.0,1.0,8,34.32991623066558,88.76121668289686,pobre,0,6,0.0,581.0,1.0,32.0,6,256,20087,1,1.0
98,0.0,0.0,0.0,1.0,1.0,8,34.32991623066558,88.76121668289686,pobre,0,6,0.0,581.0,1.0,32.0,7,256,20087,1,1.0
97,1.0,0.0,0.0,1.0,10.0,7,34.32991623066558,88.76121668289686,pobre,0,6,0.0,626.0,1.0,36.0,16,256,20088,10,1.0
98,1.0,0.0,0.0,,,7,34.32991623066558,88.76121668289686,pobre,0,6,0.0,626.0,1.0,36.0,17,256,20088,10,1.0
97,0.0,0.0,0.0,0.0,8.0,7,34.32991623066558,88.76121668289686,pobre,0,6,0.0,626.0,1.0,36.0,15,256,20089,8,0.0
98,0.0,0.0,0.0,,,7,34.32991623066558,88.76121668289686,pobre,0,6,0.0,626.0,1.0,36.0,16,256,20089,8,0.0
97,1.0,0.0,0.0,1.0,8.0,7,34.32991623066558,88.76121668289686,pobre,0,6,0.0,626.0,1.0,36.0,13,256,20090,8,1.0
98,1.0,0.0,0.0,1.0,8.0,7,34.32991623066558,88.76121668289686,pobre,0,6,0.0,626.0,1.0,36.0,14,256,20090,8,1.0
97,0.0,0.0,0.0,1.0,6.0,7,34.32991623066558,88.76121668289686,pobre,0,6,0.0,626.0,1.0,36.0,12,256,20091,6,1.0
98,0.0,0.0,0.0,1.0,6.0,7,34.32991623066558,88.76121668289686,pobre,0,6,0.0,626.0,1.0,36.0,13,256,20091,6,1.0
97,0.0,0.0,0.0,1.0,4.0,7,34.32991623066558,88.76121668289686,pobre,0,6,0.0,626.0,1.0,36.0,10,256,20092,4,1.0
98,0.0,0.0,0.0,,,7,34.32991623066558,88.76121668289686,pobre,0,6,0.0,626.0,1.0,36.0,11,256,20092,4,1.0
97,1.0,0.0,0.0,1.0,4.0,10,34.32991623066558,88.76121668289686,pobre,0,2,500.0,702.0,1.0,33.0,9,256,20093,4,1.0
98,1.0,0.0,0.0,1.0,5.0,10,34.32991623066558,88.76121668289686,pobre,0,2,500.0,702.0,1.0,33.0,10,256,20093,4,1.0
97,1.0,0.0,0.0,1.0,1.0,10,34.32991623066558,88.76121668289686,pobre,0,2,500.0,702.0,1.0,33.0,7,256,20094,1,1.0
98,1.0,0.0,0.0,1.0,2.0,10,34.32991623066558,88.76121668289686,pobre,0,2,500.0,702.0,1.0,33.0,8,256,20094,1,1.0
97,0.0,0.0,0.0,1.0,4.0,10,34.32991623066558,88.76121668289686,pobre,0,2,500.0,702.0,1.0,33.0,9,256,20095,4,1.0
98,0.0,0.0,0.0,1.0,5.0,10,34.32991623066558,88.76121668289686,pobre,0,2,500.0,702.0,1.0,33.0,10,256,20095,4,1.0
97,0.0,0.0,0.0,0.0,1.0,9,34.32991623066558,88.76121668289686,pobre,0,0,500.0,620.0,1.0,36.0,15,256,20096,1,0.0
98,0.0,0.0,0.0,0.0,2.0,9,34.32991623066558,88.76121668289686,pobre,0,0,500.0,620.0,1.0,36.0,16,256,20096,1,0.0
97,1.0,0.0,0.0,0.0,1.0,9,34.32991623066558,88.76121668289686,pobre,0,0,500.0,620.0,1.0,36.0,12,256,20097,1,0.0
98,1.0,0.0,0.0,0.0,2.0,9,34.32991623066558,88.76121668289686,pobre,0,0,500.0,620.0,1.0,36.0,13,256,20097,1,0.0
97,0.0,0.0,0.0,1.0,2.0,9,34.32991623066558,88.76121668289686,pobre,0,0,500.0,620.0,1.0,36.0,11,256,20098,2,1.0
98,0.0,0.0,0.0,1.0,3.0,9,34.32991623066558,88.76121668289686,pobre,0,0,500.0,620.0,1.0,36.0,12,256,20098,2,1.0
97,1.0,0.0,0.0,1.0,1.0,9,34.32991623066558,88.76121668289686,pobre,0,0,500.0,620.0,1.0,36.0,8,256,20099,1,1.0
98,1.0,0.0,0.0,1.0,2.0,9,34.32991623066558,88.76121668289686,pobre,0,0,500.0,620.0,1.0,36.0,9,256,20099,1,1.0
97,0.0,0.0,0.0,,0.0,9,34.32991623066558,88.76121668289686,pobre,0,0,500.0,620.0,1.0,36.0,6,256,20100,0,
98,0.0,0.0,0.0,1.0,1.0,9,34.32991623066558,88.76121668289686,pobre,0,0,500.0,620.0,1.0,36.0,7,256,20100,0,
97,1.0,0.0,0.0,0.0,6.0,7,34.32991623066558,88.76121668289686,no pobre,0,0,625.0,846.0,1.0,48.0,15,256,20101,6,0.0
98,1.0,0.0,0.0,,,7,34.32991623066558,88.76121668289686,no pobre,0,0,625.0,846.0,1.0,48.0,16,256,20101,6,0.0
97,0.0,0.0,0.0,1.0,6.0,7,34.32991623066558,88.76121668289686,no pobre,0,0,625.0,846.0,1.0,48.0,14,256,20102,6,1.0
98,0.0,0.0,0.0,0.0,6.0,7,34.32991623066558,88.76121668289686,no pobre,0,0,625.0,846.0,1.0,48.0,15,256,20102,6,1.0
97,1.0,0.0,0.0,1.0,4.0,7,34.32991623066558,88.76121668289686,no pobre,0,0,625.0,846.0,1.0,48.0,12,256,20103,4,1.0
98,1.0,0.0,0.0,0.0,4.0,7,34.32991623066558,88.76121668289686,no pobre,0,0,625.0,846.0,1.0,48.0,13,256,20103,4,1.0
97,1.0,0.0,0.0,0.0,6.0,4,34.32991623066558,88.76121668289686,pobre,0,0,625.0,764.0,1.0,60.0,14,256,20104,6,0.0
98,1.0,0.0,0.0,0.0,6.0,4,34.32991623066558,88.76121668289686,pobre,0,0,625.0,764.0,1.0,60.0,15,256,20104,6,0.0
97,0.0,0.0,0.0,0.0,6.0,9,42.16862207729481,42.16862207729481,pobre,basal,2,200.0,724.5,1.0,34.0,15,202,20105,6,0.0
98,0.0,0.0,0.0,0.0,6.0,9,42.16862207729481,42.16862207729481,pobre,basal,2,200.0,724.5,1.0,34.0,16,202,20105,6,0.0
97,1.0,0.0,0.0,1.0,4.0,9,42.16862207729481,42.16862207729481,pobre,basal,2,200.0,724.5,1.0,34.0,10,202,20106,4,1.0
98,1.0,0.0,0.0,1.0,4.0,9,42.16862207729481,42.16862207729481,pobre,basal,2,200.0,724.5,1.0,34.0,11,202,20106,4,1.0
97,1.0,0.0,0.0,1.0,2.0,9,42.16862207729481,42.16862207729481,pobre,basal,2,200.0,724.5,1.0,34.0,8,202,20107,2,1.0
98,1.0,0.0,0.0,1.0,3.0,9,42.16862207729481,42.16862207729481,pobre,basal,2,200.0,724.5,1.0,34.0,9,202,20107,2,1.0
97,0.0,0.0,0.0,1.0,1.0,9,42.16862207729481,42.16862207729481,pobre,basal,2,200.0,724.5,1.0,34.0,6,202,20108,1,1.0
98,0.0,0.0,0.0,1.0,1.0,9,42.16862207729481,42.16862207729481,pobre,basal,2,200.0,724.5,1.0,34.0,7,202,20108,1,1.0
97,1.0,0.0,0.0,1.0,4.0,8,34.32991623066558,88.76121668289686,pobre,0,0,500.0,782.0,1.0,50.0,11,256,20109,4,1.0
98,1.0,0.0,0.0,,,8,34.32991623066558,88.76121668289686,pobre,0,0,500.0,782.0,1.0,50.0,12,256,20109,4,1.0
97,0.0,0.0,0.0,1.0,0.0,8,34.32991623066558,88.76121668289686,pobre,0,0,500.0,782.0,1.0,50.0,6,256,20110,0,1.0
98,0.0,0.0,0.0,,,8,34.32991623066558,88.76121668289686,pobre,0,0,500.0,782.0,1.0,50.0,7,256,20110,0,1.0
97,1.0,0.0,0.0,1.0,4.0,7,34.32991623066558,88.76121668289686,pobre,0,2,625.0,630.0,1.0,30.0,9,256,20111,4,1.0
98,1.0,0.0,0.0,1.0,5.0,7,34.32991623066558,88.76121668289686,pobre,0,2,625.0,630.0,1.0,30.0,10,256,20111,4,1.0
97,0.0,0.0,0.0,1.0,2.0,7,34.32991623066558,88.76121668289686,pobre,0,2,625.0,630.0,1.0,30.0,7,256,20112,2,1.0
98,0.0,0.0,0.0,1.0,3.0,7,34.32991623066558,88.76121668289686,pobre,0,2,625.0,630.0,1.0,30.0,8,256,20112,2,1.0
97,0.0,0.0,0.0,1.0,0.0,7,34.32991623066558,88.76121668289686,pobre,0,2,625.0,630.0,1.0,30.0,6,256,20113,0,1.0
98,0.0,0.0,0.0,1.0,1.0,7,34.32991623066558,88.76121668289686,pobre,0,2,625.0,630.0,1.0,30.0,7,256,20113,0,1.0
97,0.0,0.0,0.0,1.0,4.0,7,34.32991623066558,88.76121668289686,pobre,0,3,500.0,591.0,1.0,31.0,10,256,20114,4,1.0
98,0.0,0.0,0.0,1.0,5.0,7,34.32991623066558,88.76121668289686,pobre,0,3,500.0,591.0,1.0,31.0,11,256,20114,4,1.0
97,1.0,0.0,0.0,1.0,2.0,7,34.32991623066558,88.76121668289686,pobre,0,3,500.0,591.0,1.0,31.0,8,256,20115,2,1.0
98,1.0,0.0,0.0,1.0,3.0,7,34.32991623066558,88.76121668289686,pobre,0,3,500.0,591.0,1.0,31.0,9,256,20115,2,1.0
97,0.0,0.0,0.0,1.0,0.0,7,34.32991623066558,88.76121668289686,pobre,0,3,500.0,591.0,1.0,31.0,6,256,20116,0,1.0
98,0.0,0.0,0.0,1.0,1.0,7,34.32991623066558,88.76121668289686,pobre,0,3,500.0,591.0,1.0,31.0,7,256,20116,0,1.0
97,0.0,0.0,0.0,0.0,7.0,7,34.32991623066558,88.76121668289686,pobre,0,3,625.0,649.0,0.0,34.0,15,256,20117,7,0.0
98,0.0,0.0,0.0,0.0,7.0,7,34.32991623066558,88.76121668289686,pobre,0,3,625.0,649.0,0.0,34.0,16,256,20117,7,0.0
97,1.0,0.0,0.0,0.0,4.0,7,34.32991623066558,88.76121668289686,pobre,0,3,625.0,649.0,0.0,34.0,13,256,20118,4,0.0
98,1.0,0.0,0.0,0.0,4.0,7,34.32991623066558,88.76121668289686,pobre,0,3,625.0,649.0,0.0,34.0,14,256,20118,4,0.0
97,1.0,0.0,0.0,1.0,3.0,7,34.32991623066558,88.76121668289686,pobre,0,3,625.0,649.0,0.0,34.0,11,256,20119,3,1.0
98,1.0,0.0,0.0,0.0,4.0,7,34.32991623066558,88.76121668289686,pobre,0,3,625.0,649.0,0.0,34.0,12,256,20119,3,1.0
97,1.0,0.0,0.0,1.0,1.0,7,34.32991623066558,88.76121668289686,pobre,0,3,625.0,649.0,0.0,34.0,7,256,20120,1,1.0
98,1.0,0.0,0.0,0.0,2.0,7,34.32991623066558,88.76121668289686,pobre,0,3,625.0,649.0,0.0,34.0,8,256,20120,1,1.0
97,0.0,0.0,0.0,0.0,6.0,11,34.32991623066558,88.76121668289686,pobre,0,0,0.0,727.5,1.0,45.0,16,256,20121,6,0.0
98,0.0,0.0,0.0,,,11,34.32991623066558,88.76121668289686,pobre,0,0,0.0,727.5,1.0,45.0,17,256,20121,6,0.0
97,1.0,0.0,0.0,0.0,6.0,11,34.32991623066558,88.76121668289686,pobre,0,0,0.0,727.5,1.0,45.0,15,256,20122,6,0.0
98,1.0,0.0,0.0,0.0,6.0,11,34.32991623066558,88.76121668289686,pobre,0,0,0.0,727.5,1.0,45.0,16,256,20122,6,0.0
97,1.0,0.0,0.0,1.0,6.0,11,34.32991623066558,88.76121668289686,pobre,0,0,0.0,727.5,1.0,45.0,12,256,20123,6,1.0
98,1.0,0.0,0.0,1.0,7.0,11,34.32991623066558,88.76121668289686,pobre,0,0,0.0,727.5,1.0,45.0,13,256,20123,6,1.0
97,1.0,0.0,0.0,1.0,3.0,11,34.32991623066558,88.76121668289686,pobre,0,0,0.0,727.5,1.0,45.0,10,256,20124,3,1.0
98,1.0,0.0,0.0,1.0,4.0,11,34.32991623066558,88.76121668289686,pobre,0,0,0.0,727.5,1.0,45.0,11,256,20124,3,1.0
97,0.0,0.0,0.0,1.0,2.0,11,34.32991623066558,88.76121668289686,pobre,0,0,0.0,727.5,1.0,45.0,7,256,20125,2,1.0
98,0.0,0.0,0.0,1.0,2.0,11,34.32991623066558,88.76121668289686,pobre,0,0,0.0,727.5,1.0,45.0,8,256,20125,2,1.0
97,1.0,0.0,0.0,0.0,6.0,6,42.16862207729481,42.16862207729481,no pobre,basal,0,750.0,765.0,1.0,43.0,16,202,20126,6,0.0
98,1.0,0.0,0.0,0.0,6.0,6,42.16862207729481,42.16862207729481,no pobre,basal,0,750.0,765.0,1.0,43.0,17,202,20126,6,0.0
97,0.0,0.0,0.0,1.0,8.0,6,42.16862207729481,42.16862207729481,no pobre,basal,0,750.0,765.0,1.0,43.0,14,202,20127,8,1.0
98,0.0,0.0,0.0,0.0,8.0,6,42.16862207729481,42.16862207729481,no pobre,basal,0,750.0,765.0,1.0,43.0,15,202,20127,8,1.0
97,1.0,0.0,0.0,1.0,6.0,6,42.16862207729481,42.16862207729481,no pobre,basal,0,750.0,765.0,1.0,43.0,13,202,20128,6,1.0
98,1.0,0.0,0.0,1.0,6.0,6,42.16862207729481,42.16862207729481,no pobre,basal,0,750.0,765.0,1.0,43.0,14,202,20128,6,1.0
97,1.0,0.0,0.0,1.0,9.0,12,42.16862207729481,42.16862207729481,pobre,basal,5,108.33334,738.0,1.0,54.0,15,202,20129,9,1.0
98,1.0,0.0,0.0,0.0,9.0,12,42.16862207729481,42.16862207729481,pobre,basal,5,108.33334,738.0,1.0,54.0,16,202,20129,9,1.0
97,1.0,0.0,0.0,1.0,8.0,12,42.16862207729481,42.16862207729481,pobre,basal,5,108.33334,738.0,1.0,54.0,13,202,20130,8,1.0
98,1.0,0.0,0.0,1.0,8.0,12,42.16862207729481,42.16862207729481,pobre,basal,5,108.33334,738.0,1.0,54.0,14,202,20130,8,1.0
97,0.0,0.0,0.0,1.0,6.0,12,42.16862207729481,42.16862207729481,pobre,basal,5,108.33334,738.0,1.0,54.0,11,202,20131,6,1.0
98,0.0,0.0,0.0,1.0,6.0,12,42.16862207729481,42.16862207729481,pobre,basal,5,108.33334,738.0,1.0,54.0,12,202,20131,6,1.0
97,0.0,0.0,0.0,1.0,4.0,12,42.16862207729481,42.16862207729481,pobre,basal,5,108.33334,738.0,1.0,54.0,9,202,20132,4,1.0
98,0.0,0.0,0.0,1.0,4.0,12,42.16862207729481,42.16862207729481,pobre,basal,5,108.33334,738.0,1.0,54.0,10,202,20132,4,1.0
97,0.0,0.0,0.0,1.0,3.0,4,42.16862207729481,42.16862207729481,pobre,basal,2,100.0,835.0,1.0,45.0,8,202,20133,3,1.0
98,0.0,0.0,0.0,1.0,3.0,4,42.16862207729481,42.16862207729481,pobre,basal,2,100.0,835.0,1.0,45.0,9,202,20133,3,1.0
97,0.0,0.0,0.0,0.0,2.0,11,42.16862207729481,42.16862207729481,no pobre,basal,4,250.0,845.75,1.0,33.0,15,202,20134,2,0.0
98,0.0,0.0,0.0,,,11,42.16862207729481,42.16862207729481,no pobre,basal,4,250.0,845.75,1.0,33.0,16,202,20134,2,0.0
97,1.0,0.0,0.0,1.0,7.0,11,42.16862207729481,42.16862207729481,no pobre,basal,4,250.0,845.75,1.0,33.0,13,202,20135,7,1.0
98,1.0,0.0,0.0,1.0,8.0,11,42.16862207729481,42.16862207729481,no pobre,basal,4,250.0,845.75,1.0,33.0,14,202,20135,7,1.0
97,1.0,0.0,0.0,1.0,6.0,11,42.16862207729481,42.16862207729481,no pobre,basal,4,250.0,845.75,1.0,33.0,10,202,20136,6,1.0
98,1.0,0.0,0.0,1.0,6.0,11,42.16862207729481,42.16862207729481,no pobre,basal,4,250.0,845.75,1.0,33.0,11,202,20136,6,1.0
97,0.0,0.0,0.0,1.0,3.0,11,42.16862207729481,42.16862207729481,no pobre,basal,4,250.0,845.75,1.0,33.0,8,202,20137,3,1.0
98,0.0,0.0,0.0,1.0,3.0,11,42.16862207729481,42.16862207729481,no pobre,basal,4,250.0,845.75,1.0,33.0,9,202,20137,3,1.0
97,0.0,0.0,0.0,0.0,3.0,12,42.16862207729481,42.16862207729481,no pobre,basal,2,0.0,803.57141,1.0,94.0,16,202,20138,3,0.0
98,0.0,0.0,0.0,0.0,4.0,12,42.16862207729481,42.16862207729481,no pobre,basal,2,0.0,803.57141,1.0,94.0,17,202,20138,3,0.0
97,1.0,0.0,0.0,,0.0,12,42.16862207729481,42.16862207729481,no pobre,basal,2,0.0,803.57141,1.0,94.0,13,202,20139,0,
98,1.0,0.0,0.0,0.0,6.0,12,42.16862207729481,42.16862207729481,no pobre,basal,2,0.0,803.57141,1.0,94.0,14,202,20139,0,
97,1.0,0.0,0.0,1.0,1.0,12,42.16862207729481,42.16862207729481,no pobre,basal,2,0.0,803.57141,1.0,94.0,12,202,20140,1,1.0
98,1.0,0.0,0.0,0.0,2.0,12,42.16862207729481,42.16862207729481,no pobre,basal,2,0.0,803.57141,1.0,94.0,13,202,20140,1,1.0
97,0.0,0.0,0.0,1.0,0.0,12,42.16862207729481,42.16862207729481,no pobre,basal,2,0.0,803.57141,1.0,94.0,6,202,20141,0,1.0
98,0.0,0.0,0.0,1.0,0.0,12,42.16862207729481,42.16862207729481,no pobre,basal,2,0.0,803.57141,1.0,94.0,7,202,20141,0,1.0
97,0.0,0.0,0.0,1.0,4.0,6,42.16862207729481,42.16862207729481,no pobre,basal,6,0.0,790.0,1.0,34.0,10,202,20142,4,1.0
98,0.0,0.0,0.0,1.0,5.0,6,42.16862207729481,42.16862207729481,no pobre,basal,6,0.0,790.0,1.0,34.0,11,202,20142,4,1.0
97,1.0,0.0,0.0,1.0,2.0,6,42.16862207729481,42.16862207729481,no pobre,basal,6,0.0,790.0,1.0,34.0,8,202,20143,2,1.0
98,1.0,0.0,0.0,1.0,3.0,6,42.16862207729481,42.16862207729481,no pobre,basal,6,0.0,790.0,1.0,34.0,9,202,20143,2,1.0
97,0.0,0.0,0.0,0.0,6.0,7,42.16862207729481,42.16862207729481,no pobre,basal,3,0.0,787.0,0.0,59.0,16,202,20144,6,0.0
98,0.0,0.0,0.0,,,7,42.16862207729481,42.16862207729481,no pobre,basal,3,0.0,787.0,0.0,59.0,17,202,20144,6,0.0
97,1.0,0.0,0.0,0.0,5.0,7,42.16862207729481,42.16862207729481,no pobre,basal,3,0.0,787.0,0.0,59.0,14,202,20145,5,0.0
98,1.0,0.0,0.0,0.0,5.0,7,42.16862207729481,42.16862207729481,no pobre,basal,3,0.0,787.0,0.0,59.0,15,202,20145,5,0.0
97,1.0,0.0,0.0,1.0,2.0,7,42.16862207729481,42.16862207729481,no pobre,basal,3,0.0,787.0,0.0,59.0,9,202,20146,2,1.0
98,1.0,0.0,0.0,1.0,3.0,7,42.16862207729481,42.16862207729481,no pobre,basal,3,0.0,787.0,0.0,59.0,10,202,20146,2,1.0
97,0.0,0.0,0.0,0.0,6.0,8,42.16862207729481,42.16862207729481,pobre,basal,2,0.0,659.0,1.0,44.0,12,202,20147,6,0.0
98,0.0,0.0,0.0,1.0,6.0,8,42.16862207729481,42.16862207729481,pobre,basal,2,0.0,659.0,1.0,44.0,13,202,20147,6,0.0
97,1.0,0.0,0.0,1.0,2.0,8,42.16862207729481,42.16862207729481,pobre,basal,2,0.0,659.0,1.0,44.0,10,202,20148,2,1.0
98,1.0,0.0,0.0,1.0,5.0,8,42.16862207729481,42.16862207729481,pobre,basal,2,0.0,659.0,1.0,44.0,11,202,20148,2,1.0
97,1.0,0.0,0.0,1.0,1.0,8,42.16862207729481,42.16862207729481,pobre,basal,2,0.0,659.0,1.0,44.0,8,202,20149,1,1.0
98,1.0,0.0,0.0,1.0,2.0,8,42.16862207729481,42.16862207729481,pobre,basal,2,0.0,659.0,1.0,44.0,9,202,20149,1,1.0
97,0.0,0.0,0.0,1.0,0.0,8,42.16862207729481,42.16862207729481,pobre,basal,2,0.0,659.0,1.0,44.0,6,202,20150,0,1.0
98,0.0,0.0,0.0,1.0,1.0,8,42.16862207729481,42.16862207729481,pobre,basal,2,0.0,659.0,1.0,44.0,7,202,20150,0,1.0
97,0.0,0.0,0.0,1.0,8.0,9,42.16862207729481,42.16862207729481,pobre,basal,3,0.0,573.0,1.0,42.0,14,202,20151,8,1.0
98,0.0,0.0,0.0,0.0,9.0,9,42.16862207729481,42.16862207729481,pobre,basal,3,0.0,573.0,1.0,42.0,15,202,20151,8,1.0
97,1.0,0.0,0.0,1.0,6.0,9,42.16862207729481,42.16862207729481,pobre,basal,3,0.0,573.0,1.0,42.0,13,202,20152,6,1.0
98,1.0,0.0,0.0,1.0,7.0,9,42.16862207729481,42.16862207729481,pobre,basal,3,0.0,573.0,1.0,42.0,14,202,20152,6,1.0
97,1.0,0.0,0.0,1.0,5.0,9,42.16862207729481,42.16862207729481,pobre,basal,3,0.0,573.0,1.0,42.0,9,202,20153,5,1.0
98,1.0,0.0,0.0,0.0,5.0,9,42.16862207729481,42.16862207729481,pobre,basal,3,0.0,573.0,1.0,42.0,10,202,20153,5,1.0
97,1.0,0.0,0.0,1.0,1.0,9,42.16862207729481,42.16862207729481,pobre,basal,3,0.0,573.0,1.0,42.0,8,202,20154,1,1.0
98,1.0,0.0,0.0,1.0,2.0,9,42.16862207729481,42.16862207729481,pobre,basal,3,0.0,573.0,1.0,42.0,9,202,20154,1,1.0
97,0.0,0.0,0.0,1.0,0.0,9,42.16862207729481,42.16862207729481,pobre,basal,3,0.0,573.0,1.0,42.0,6,202,20155,0,1.0
98,0.0,0.0,0.0,1.0,1.0,9,42.16862207729481,42.16862207729481,pobre,basal,3,0.0,573.0,1.0,42.0,7,202,20155,0,1.0
97,0.0,0.0,0.0,1.0,1.0,6,42.16862207729481,42.16862207729481,no pobre,basal,2,0.0,882.0,1.0,44.0,7,202,20156,1,1.0
98,0.0,0.0,0.0,1.0,2.0,6,42.16862207729481,42.16862207729481,no pobre,basal,2,0.0,882.0,1.0,44.0,8,202,20156,1,1.0
97,0.0,0.0,0.0,0.0,6.0,6,42.16862207729481,42.16862207729481,no pobre,basal,2,0.0,882.0,1.0,44.0,16,202,20157,6,0.0
98,0.0,0.0,0.0,,,6,42.16862207729481,42.16862207729481,no pobre,basal,2,0.0,882.0,1.0,44.0,17,202,20157,6,0.0
97,1.0,0.0,0.67699999,0.0,3.0,5,50.35157730705794,89.04886429907955,no pobre,basal,1,500.0,976.5,1.0,54.0,16,255,20158,3,0.0
98,1.0,0.0,0.67699999,,,5,50.35157730705794,89.04886429907955,no pobre,basal,1,500.0,976.5,1.0,54.0,17,255,20158,3,0.0
97,0.0,0.0,0.67699999,1.0,1.0,4,50.35157730705794,89.04886429907955,pobre,basal,9,500.0,746.0,1.0,25.0,7,255,20159,1,1.0
98,0.0,0.0,0.67699999,1.0,2.0,4,50.35157730705794,89.04886429907955,pobre,basal,9,500.0,746.0,1.0,25.0,8,255,20159,1,1.0
97,0.0,1.0,0.67699999,0.0,6.0,4,50.35157730705794,89.04886429907955,no pobre,basal,0,333.33334,882.0,1.0,52.0,12,255,20160,6,0.0
98,0.0,1.0,0.67699999,,,4,50.35157730705794,89.04886429907955,no pobre,basal,0,333.33334,882.0,1.0,52.0,13,255,20160,6,0.0
97,0.0,0.0,0.0,1.0,3.0,9,42.16862207729481,42.16862207729481,pobre,basal,3,0.0,722.0,1.0,60.0,9,202,20161,3,1.0
98,0.0,0.0,0.0,1.0,4.0,9,42.16862207729481,42.16862207729481,pobre,basal,3,0.0,722.0,1.0,60.0,10,202,20161,3,1.0
97,0.0,0.0,0.0,1.0,1.0,9,42.16862207729481,42.16862207729481,pobre,basal,3,0.0,722.0,1.0,60.0,6,202,20162,1,1.0
98,0.0,0.0,0.0,1.0,2.0,9,42.16862207729481,42.16862207729481,pobre,basal,3,0.0,722.0,1.0,60.0,7,202,20162,1,1.0
97,1.0,0.0,0.0,0.0,7.0,9,42.16862207729481,42.16862207729481,pobre,basal,3,0.0,722.0,1.0,60.0,15,202,20163,7,0.0
98,1.0,0.0,0.0,1.0,7.0,9,42.16862207729481,42.16862207729481,pobre,basal,3,0.0,722.0,1.0,60.0,16,202,20163,7,0.0
97,1.0,0.0,0.67699999,1.0,7.0,6,50.35157730705794,89.04886429907955,pobre,basal,1,625.0,675.0,1.0,42.0,13,255,20164,7,1.0
98,1.0,0.0,0.67699999,1.0,8.0,6,50.35157730705794,89.04886429907955,pobre,basal,1,625.0,675.0,1.0,42.0,14,255,20164,7,1.0
97,0.0,0.0,0.67699999,1.0,6.0,6,50.35157730705794,89.04886429907955,pobre,basal,1,625.0,675.0,1.0,42.0,10,255,20165,6,1.0
98,0.0,0.0,0.67699999,1.0,7.0,6,50.35157730705794,89.04886429907955,pobre,basal,1,625.0,675.0,1.0,42.0,11,255,20165,6,1.0
97,0.0,0.0,0.67699999,1.0,1.0,6,50.35157730705794,89.04886429907955,pobre,basal,1,625.0,675.0,1.0,42.0,7,255,20166,1,1.0
98,0.0,0.0,0.67699999,1.0,2.0,6,50.35157730705794,89.04886429907955,pobre,basal,1,625.0,675.0,1.0,42.0,8,255,20166,1,1.0
97,1.0,0.0,0.67699999,1.0,8.0,8,50.35157730705794,89.04886429907955,pobre,basal,2,625.0,780.0,1.0,47.0,16,255,20167,8,1.0
98,1.0,0.0,0.67699999,,,8,50.35157730705794,89.04886429907955,pobre,basal,2,625.0,780.0,1.0,47.0,17,255,20167,8,1.0
97,0.0,0.0,0.67699999,1.0,7.0,8,50.35157730705794,89.04886429907955,pobre,basal,2,625.0,780.0,1.0,47.0,14,255,20168,7,1.0
98,0.0,0.0,0.67699999,1.0,8.0,8,50.35157730705794,89.04886429907955,pobre,basal,2,625.0,780.0,1.0,47.0,15,255,20168,7,1.0
97,0.0,0.0,0.67699999,1.0,6.0,8,50.35157730705794,89.04886429907955,pobre,basal,2,625.0,780.0,1.0,47.0,12,255,20169,6,1.0
98,0.0,0.0,0.67699999,1.0,7.0,8,50.35157730705794,89.04886429907955,pobre,basal,2,625.0,780.0,1.0,47.0,13,255,20169,6,1.0
97,0.0,0.0,0.67699999,1.0,2.0,8,50.35157730705794,89.04886429907955,pobre,basal,2,625.0,780.0,1.0,47.0,9,255,20170,2,1.0
98,0.0,0.0,0.67699999,1.0,3.0,8,50.35157730705794,89.04886429907955,pobre,basal,2,625.0,780.0,1.0,47.0,10,255,20170,2,1.0
97,1.0,0.0,0.67699999,0.0,3.0,7,50.35157730705794,89.04886429907955,pobre,basal,0,625.0,769.0,1.0,59.0,16,255,20171,3,0.0
98,1.0,0.0,0.67699999,,,7,50.35157730705794,89.04886429907955,pobre,basal,0,625.0,769.0,1.0,59.0,17,255,20171,3,0.0
97,1.0,0.0,0.67699999,0.0,5.0,7,50.35157730705794,89.04886429907955,pobre,basal,0,625.0,769.0,1.0,59.0,14,255,20172,5,0.0
98,1.0,0.0,0.67699999,0.0,5.0,7,50.35157730705794,89.04886429907955,pobre,basal,0,625.0,769.0,1.0,59.0,15,255,20172,5,0.0
97,0.0,0.0,0.67699999,0.0,3.0,7,50.35157730705794,89.04886429907955,pobre,basal,0,625.0,769.0,1.0,59.0,13,255,20173,3,0.0
98,0.0,0.0,0.67699999,0.0,4.0,7,50.35157730705794,89.04886429907955,pobre,basal,0,625.0,769.0,1.0,59.0,14,255,20173,3,0.0
97,1.0,0.0,0.67699999,1.0,5.0,7,50.35157730705794,89.04886429907955,pobre,basal,6,500.0,681.0,1.0,29.0,11,255,20174,5,1.0
98,1.0,0.0,0.67699999,1.0,6.0,7,50.35157730705794,89.04886429907955,pobre,basal,6,500.0,681.0,1.0,29.0,12,255,20174,5,1.0
97,0.0,0.0,0.67699999,1.0,3.0,7,50.35157730705794,89.04886429907955,pobre,basal,6,500.0,681.0,1.0,29.0,9,255,20175,3,1.0
98,0.0,0.0,0.67699999,1.0,4.0,7,50.35157730705794,89.04886429907955,pobre,basal,6,500.0,681.0,1.0,29.0,10,255,20175,3,1.0
97,0.0,0.0,0.67699999,1.0,1.0,7,50.35157730705794,89.04886429907955,pobre,basal,6,500.0,681.0,1.0,29.0,7,255,20176,1,1.0
98,0.0,0.0,0.67699999,1.0,2.0,7,50.35157730705794,89.04886429907955,pobre,basal,6,500.0,681.0,1.0,29.0,8,255,20176,1,1.0
97,1.0,0.0,0.67699999,1.0,3.0,7,50.35157730705794,89.04886429907955,pobre,basal,6,500.0,681.0,1.0,29.0,10,255,20177,3,1.0
98,1.0,0.0,0.67699999,1.0,4.0,7,50.35157730705794,89.04886429907955,pobre,basal,6,500.0,681.0,1.0,29.0,11,255,20177,3,1.0
97,0.0,0.0,0.67699999,0.0,6.0,10,50.35157730705794,89.04886429907955,pobre,basal,1,625.0,591.0,1.0,40.0,13,255,20178,6,0.0
98,0.0,0.0,0.67699999,0.0,6.0,10,50.35157730705794,89.04886429907955,pobre,basal,1,625.0,591.0,1.0,40.0,14,255,20178,6,0.0
97,1.0,0.0,0.67699999,1.0,6.0,10,50.35157730705794,89.04886429907955,pobre,basal,1,625.0,591.0,1.0,40.0,12,255,20179,6,1.0
98,1.0,0.0,0.67699999,1.0,7.0,10,50.35157730705794,89.04886429907955,pobre,basal,1,625.0,591.0,1.0,40.0,13,255,20179,6,1.0
97,1.0,0.0,0.67699999,1.0,4.0,10,50.35157730705794,89.04886429907955,pobre,basal,1,625.0,591.0,1.0,40.0,11,255,20180,4,1.0
98,1.0,0.0,0.67699999,1.0,5.0,10,50.35157730705794,89.04886429907955,pobre,basal,1,625.0,591.0,1.0,40.0,12,255,20180,4,1.0
97,0.0,0.0,0.67699999,1.0,3.0,10,50.35157730705794,89.04886429907955,pobre,basal,1,625.0,591.0,1.0,40.0,10,255,20181,3,1.0
98,0.0,0.0,0.67699999,1.0,4.0,10,50.35157730705794,89.04886429907955,pobre,basal,1,625.0,591.0,1.0,40.0,11,255,20181,3,1.0
97,0.0,0.0,0.67699999,1.0,1.0,10,50.35157730705794,89.04886429907955,pobre,basal,1,625.0,591.0,1.0,40.0,7,255,20182,1,1.0
98,0.0,0.0,0.67699999,1.0,2.0,10,50.35157730705794,89.04886429907955,pobre,basal,1,625.0,591.0,1.0,40.0,8,255,20182,1,1.0
97,0.0,0.0,0.67699999,1.0,1.0,10,50.35157730705794,89.04886429907955,pobre,basal,1,625.0,591.0,1.0,40.0,8,255,20183,1,1.0
98,0.0,0.0,0.67699999,,,10,50.35157730705794,89.04886429907955,pobre,basal,1,625.0,591.0,1.0,40.0,9,255,20183,1,1.0
97,1.0,0.0,0.67699999,1.0,5.0,7,50.35157730705794,89.04886429907955,no pobre,basal,1,500.0,899.0,1.0,63.0,11,255,20184,5,1.0
98,1.0,0.0,0.67699999,1.0,6.0,7,50.35157730705794,89.04886429907955,no pobre,basal,1,500.0,899.0,1.0,63.0,12,255,20184,5,1.0
97,1.0,0.0,0.67699999,1.0,5.0,5,50.35157730705794,89.04886429907955,pobre,basal,6,500.0,726.45001,1.0,41.0,11,255,20185,5,1.0
98,1.0,0.0,0.67699999,1.0,6.0,5,50.35157730705794,89.04886429907955,pobre,basal,6,500.0,726.45001,1.0,41.0,12,255,20185,5,1.0
97,0.0,0.0,0.67699999,1.0,3.0,5,50.35157730705794,89.04886429907955,pobre,basal,6,500.0,726.45001,1.0,41.0,9,255,20186,3,1.0
98,0.0,0.0,0.67699999,1.0,4.0,5,50.35157730705794,89.04886429907955,pobre,basal,6,500.0,726.45001,1.0,41.0,10,255,20186,3,1.0
97,0.0,0.0,0.67699999,,0.0,5,50.35157730705794,89.04886429907955,pobre,basal,6,500.0,726.45001,1.0,41.0,7,255,20187,0,
98,0.0,0.0,0.67699999,1.0,1.0,5,50.35157730705794,89.04886429907955,pobre,basal,6,500.0,726.45001,1.0,41.0,8,255,20187,0,
97,1.0,0.0,0.67699999,,3.0,4,50.35157730705794,89.04886429907955,pobre,basal,9,500.0,773.0,1.0,30.0,8,255,20188,3,
98,1.0,0.0,0.67699999,1.0,4.0,4,50.35157730705794,89.04886429907955,pobre,basal,9,500.0,773.0,1.0,30.0,9,255,20188,3,
97,0.0,0.0,0.67699999,0.0,9.0,10,50.35157730705794,89.04886429907955,pobre,basal,3,625.0,869.0,1.0,39.0,15,255,20189,9,0.0
98,0.0,0.0,0.67699999,1.0,9.0,10,50.35157730705794,89.04886429907955,pobre,basal,3,625.0,869.0,1.0,39.0,16,255,20189,9,0.0
97,0.0,0.0,0.67699999,1.0,6.0,10,50.35157730705794,89.04886429907955,pobre,basal,3,625.0,869.0,1.0,39.0,12,255,20190,6,1.0
98,0.0,0.0,0.67699999,1.0,7.0,10,50.35157730705794,89.04886429907955,pobre,basal,3,625.0,869.0,1.0,39.0,13,255,20190,6,1.0
97,1.0,0.0,0.67699999,1.0,3.0,10,50.35157730705794,89.04886429907955,pobre,basal,3,625.0,869.0,1.0,39.0,10,255,20191,3,1.0
98,1.0,0.0,0.67699999,1.0,4.0,10,50.35157730705794,89.04886429907955,pobre,basal,3,625.0,869.0,1.0,39.0,11,255,20191,3,1.0
97,1.0,0.0,0.67699999,1.0,2.0,10,50.35157730705794,89.04886429907955,pobre,basal,3,625.0,869.0,1.0,39.0,8,255,20192,2,1.0
98,1.0,0.0,0.67699999,1.0,3.0,10,50.35157730705794,89.04886429907955,pobre,basal,3,625.0,869.0,1.0,39.0,9,255,20192,2,1.0
97,0.0,0.0,0.67699999,1.0,0.0,10,50.35157730705794,89.04886429907955,pobre,basal,3,625.0,869.0,1.0,39.0,6,255,20193,0,1.0
98,0.0,0.0,0.67699999,1.0,1.0,10,50.35157730705794,89.04886429907955,pobre,basal,3,625.0,869.0,1.0,39.0,7,255,20193,0,1.0
97,1.0,0.0,0.67699999,1.0,8.0,7,50.35157730705794,89.04886429907955,no pobre,basal,3,625.0,927.0,1.0,46.0,16,255,20194,8,1.0
98,1.0,0.0,0.67699999,,,7,50.35157730705794,89.04886429907955,no pobre,basal,3,625.0,927.0,1.0,46.0,17,255,20194,8,1.0
97,1.0,0.0,0.67699999,1.0,8.0,7,50.35157730705794,89.04886429907955,no pobre,basal,3,625.0,927.0,1.0,46.0,14,255,20195,8,1.0
98,1.0,0.0,0.67699999,,,7,50.35157730705794,89.04886429907955,no pobre,basal,3,625.0,927.0,1.0,46.0,15,255,20195,8,1.0
97,0.0,0.0,0.67699999,1.0,6.0,7,50.35157730705794,89.04886429907955,no pobre,basal,3,625.0,927.0,1.0,46.0,12,255,20196,6,1.0
98,0.0,0.0,0.67699999,,,7,50.35157730705794,89.04886429907955,no pobre,basal,3,625.0,927.0,1.0,46.0,13,255,20196,6,1.0
97,0.0,0.0,0.67699999,1.0,5.0,5,50.35157730705794,89.04886429907955,pobre,basal,3,500.0,705.0,1.0,41.0,11,255,20197,5,1.0
98,0.0,0.0,0.67699999,1.0,6.0,5,50.35157730705794,89.04886429907955,pobre,basal,3,500.0,705.0,1.0,41.0,12,255,20197,5,1.0
97,1.0,0.0,0.67699999,1.0,4.0,5,50.35157730705794,89.04886429907955,pobre,basal,3,500.0,705.0,1.0,41.0,10,255,20198,4,1.0
98,1.0,0.0,0.67699999,1.0,5.0,5,50.35157730705794,89.04886429907955,pobre,basal,3,500.0,705.0,1.0,41.0,11,255,20198,4,1.0
97,0.0,0.0,0.67699999,1.0,1.0,5,50.35157730705794,89.04886429907955,pobre,basal,3,500.0,705.0,1.0,41.0,7,255,20199,1,1.0
98,0.0,0.0,0.67699999,1.0,2.0,5,50.35157730705794,89.04886429907955,pobre,basal,3,500.0,705.0,1.0,41.0,8,255,20199,1,1.0
97,0.0,0.0,0.67699999,1.0,5.0,8,50.35157730705794,89.04886429907955,pobre,basal,3,625.0,646.0,1.0,40.0,10,255,20200,5,1.0
98,0.0,0.0,0.67699999,0.0,6.0,8,50.35157730705794,89.04886429907955,pobre,basal,3,625.0,646.0,1.0,40.0,11,255,20200,5,1.0
97,0.0,0.0,0.67699999,1.0,2.0,8,50.35157730705794,89.04886429907955,pobre,basal,3,625.0,646.0,1.0,40.0,8,255,20201,2,1.0
98,0.0,0.0,0.67699999,1.0,3.0,8,50.35157730705794,89.04886429907955,pobre,basal,3,625.0,646.0,1.0,40.0,9,255,20201,2,1.0
97,1.0,0.0,0.67699999,1.0,0.0,8,50.35157730705794,89.04886429907955,pobre,basal,3,625.0,646.0,1.0,40.0,6,255,20202,0,1.0
98,1.0,0.0,0.67699999,1.0,1.0,8,50.35157730705794,89.04886429907955,pobre,basal,3,625.0,646.0,1.0,40.0,7,255,20202,0,1.0
97,1.0,0.0,0.67699999,1.0,4.0,5,50.35157730705794,89.04886429907955,pobre,basal,1,625.0,810.0,1.0,40.0,12,255,20203,4,1.0
98,1.0,0.0,0.67699999,,,5,50.35157730705794,89.04886429907955,pobre,basal,1,625.0,810.0,1.0,40.0,13,255,20203,4,1.0
97,1.0,0.0,0.67699999,1.0,3.0,5,50.35157730705794,89.04886429907955,pobre,basal,1,625.0,810.0,1.0,40.0,10,255,20204,3,1.0
98,1.0,0.0,0.67699999,1.0,4.0,5,50.35157730705794,89.04886429907955,pobre,basal,1,625.0,810.0,1.0,40.0,11,255,20204,3,1.0
97,1.0,0.0,0.67699999,1.0,2.0,6,50.35157730705794,89.04886429907955,pobre,basal,0,625.0,757.0,1.0,62.0,12,255,20205,2,1.0
98,1.0,0.0,0.67699999,1.0,5.0,6,50.35157730705794,89.04886429907955,pobre,basal,0,625.0,757.0,1.0,62.0,13,255,20205,2,1.0
97,1.0,0.0,0.67699999,1.0,2.0,6,50.35157730705794,89.04886429907955,pobre,basal,0,625.0,757.0,1.0,62.0,10,255,20206,2,1.0
98,1.0,0.0,0.67699999,1.0,3.0,6,50.35157730705794,89.04886429907955,pobre,basal,0,625.0,757.0,1.0,62.0,11,255,20206,2,1.0
97,1.0,0.0,0.67699999,1.0,5.0,4,50.35157730705794,89.04886429907955,no pobre,basal,3,500.0,795.0,1.0,49.0,13,255,20207,5,1.0
98,1.0,0.0,0.67699999,1.0,6.0,4,50.35157730705794,89.04886429907955,no pobre,basal,3,500.0,795.0,1.0,49.0,14,255,20207,5,1.0
97,0.0,0.0,0.67699999,1.0,5.0,4,50.35157730705794,89.04886429907955,no pobre,basal,3,500.0,795.0,1.0,49.0,10,255,20208,5,1.0
98,0.0,0.0,0.67699999,1.0,6.0,4,50.35157730705794,89.04886429907955,no pobre,basal,3,500.0,795.0,1.0,49.0,11,255,20208,5,1.0
97,0.0,0.0,0.67699999,0.0,4.0,9,50.35157730705794,89.04886429907955,pobre,basal,0,625.0,751.5,1.0,43.0,15,255,20209,4,0.0
98,0.0,0.0,0.67699999,0.0,6.0,9,50.35157730705794,89.04886429907955,pobre,basal,0,625.0,751.5,1.0,43.0,16,255,20209,4,0.0
97,1.0,0.0,0.67699999,1.0,5.0,9,50.35157730705794,89.04886429907955,pobre,basal,0,625.0,751.5,1.0,43.0,13,255,20210,5,1.0
98,1.0,0.0,0.67699999,1.0,6.0,9,50.35157730705794,89.04886429907955,pobre,basal,0,625.0,751.5,1.0,43.0,14,255,20210,5,1.0
97,1.0,0.0,0.67699999,1.0,4.0,9,50.35157730705794,89.04886429907955,pobre,basal,0,625.0,751.5,1.0,43.0,11,255,20211,4,1.0
98,1.0,0.0,0.67699999,1.0,5.0,9,50.35157730705794,89.04886429907955,pobre,basal,0,625.0,751.5,1.0,43.0,12,255,20211,4,1.0
97,0.0,0.0,0.67699999,1.0,2.0,9,50.35157730705794,89.04886429907955,pobre,basal,0,625.0,751.5,1.0,43.0,9,255,20212,2,1.0
98,0.0,0.0,0.67699999,1.0,3.0,9,50.35157730705794,89.04886429907955,pobre,basal,0,625.0,751.5,1.0,43.0,10,255,20212,2,1.0
97,1.0,0.0,0.67699999,1.0,1.0,9,50.35157730705794,89.04886429907955,pobre,basal,0,625.0,751.5,1.0,43.0,8,255,20213,1,1.0
98,1.0,0.0,0.67699999,1.0,2.0,9,50.35157730705794,89.04886429907955,pobre,basal,0,625.0,751.5,1.0,43.0,9,255,20213,1,1.0
97,1.0,0.0,0.67699999,1.0,1.0,10,50.35157730705794,89.04886429907955,no pobre,basal,7,800.0,901.0,1.0,58.0,9,255,20214,1,1.0
98,1.0,0.0,0.67699999,1.0,2.0,10,50.35157730705794,89.04886429907955,no pobre,basal,7,800.0,901.0,1.0,58.0,10,255,20214,1,1.0
97,1.0,0.0,0.67699999,1.0,0.0,10,50.35157730705794,89.04886429907955,no pobre,basal,7,800.0,901.0,1.0,58.0,7,255,20215,0,1.0
98,1.0,0.0,0.67699999,1.0,1.0,10,50.35157730705794,89.04886429907955,no pobre,basal,7,800.0,901.0,1.0,58.0,8,255,20215,0,1.0
97,1.0,0.0,0.67699999,1.0,7.0,6,50.35157730705794,89.04886429907955,pobre,basal,0,625.0,1008.0,1.0,62.0,15,255,20216,7,1.0
98,1.0,0.0,0.67699999,,,6,50.35157730705794,89.04886429907955,pobre,basal,0,625.0,1008.0,1.0,62.0,16,255,20216,7,1.0
97,0.0,0.0,0.0,1.0,4.0,5,42.16862207729481,42.16862207729481,no pobre,basal,3,625.0,829.0,1.0,31.0,10,202,20217,4,1.0
98,0.0,0.0,0.0,1.0,3.0,5,42.16862207729481,42.16862207729481,no pobre,basal,3,625.0,829.0,1.0,31.0,11,202,20217,4,1.0
97,1.0,0.0,0.0,1.0,2.0,5,42.16862207729481,42.16862207729481,no pobre,basal,3,625.0,829.0,1.0,31.0,8,202,20218,2,1.0
98,1.0,0.0,0.0,1.0,3.0,5,42.16862207729481,42.16862207729481,no pobre,basal,3,625.0,829.0,1.0,31.0,9,202,20218,2,1.0
97,0.0,0.0,0.67699999,1.0,5.0,5,50.35157730705794,89.04886429907955,pobre,basal,3,625.0,729.0,1.0,31.0,10,255,20219,5,1.0
98,0.0,0.0,0.67699999,1.0,6.0,5,50.35157730705794,89.04886429907955,pobre,basal,3,625.0,729.0,1.0,31.0,11,255,20219,5,1.0
97,0.0,0.0,0.67699999,1.0,3.0,5,50.35157730705794,89.04886429907955,pobre,basal,3,625.0,729.0,1.0,31.0,7,255,20220,3,1.0
98,0.0,0.0,0.67699999,1.0,4.0,5,50.35157730705794,89.04886429907955,pobre,basal,3,625.0,729.0,1.0,31.0,8,255,20220,3,1.0
97,1.0,0.0,0.67699999,1.0,0.0,5,50.35157730705794,89.04886429907955,pobre,basal,3,625.0,729.0,1.0,31.0,6,255,20221,0,1.0
98,1.0,0.0,0.67699999,1.0,1.0,5,50.35157730705794,89.04886429907955,pobre,basal,3,625.0,729.0,1.0,31.0,7,255,20221,0,1.0
97,1.0,0.0,0.67699999,1.0,2.0,7,50.35157730705794,89.04886429907955,pobre,basal,3,625.0,644.0,1.0,34.0,8,255,20222,2,1.0
98,1.0,0.0,0.67699999,1.0,3.0,7,50.35157730705794,89.04886429907955,pobre,basal,3,625.0,644.0,1.0,34.0,9,255,20222,2,1.0
97,1.0,0.0,0.67699999,1.0,0.0,7,50.35157730705794,89.04886429907955,pobre,basal,3,625.0,644.0,1.0,34.0,7,255,20223,0,1.0
98,1.0,0.0,0.67699999,1.0,1.0,7,50.35157730705794,89.04886429907955,pobre,basal,3,625.0,644.0,1.0,34.0,8,255,20223,0,1.0
97,1.0,0.0,0.67699999,,0.0,6,50.35157730705794,89.04886429907955,pobre,basal,0,625.0,705.0,1.0,48.0,15,255,20224,0,
98,1.0,0.0,0.67699999,,,6,50.35157730705794,89.04886429907955,pobre,basal,0,625.0,705.0,1.0,48.0,16,255,20224,0,
97,1.0,0.0,0.67699999,1.0,4.0,6,50.35157730705794,89.04886429907955,pobre,basal,0,625.0,705.0,1.0,48.0,10,255,20225,4,1.0
98,1.0,0.0,0.67699999,1.0,5.0,6,50.35157730705794,89.04886429907955,pobre,basal,0,625.0,705.0,1.0,48.0,11,255,20225,4,1.0
97,0.0,0.0,0.67699999,1.0,1.0,6,50.35157730705794,89.04886429907955,pobre,basal,0,625.0,705.0,1.0,48.0,7,255,20226,1,1.0
98,0.0,0.0,0.67699999,1.0,2.0,6,50.35157730705794,89.04886429907955,pobre,basal,0,625.0,705.0,1.0,48.0,8,255,20226,1,1.0
97,0.0,0.0,0.67699999,0.0,9.0,7,50.35157730705794,89.04886429907955,no pobre,basal,2,500.0,806.5,1.0,47.0,15,255,20227,9,0.0
98,0.0,0.0,0.67699999,,,7,50.35157730705794,89.04886429907955,no pobre,basal,2,500.0,806.5,1.0,47.0,16,255,20227,9,0.0
97,1.0,0.0,0.67699999,1.0,2.0,7,50.35157730705794,89.04886429907955,no pobre,basal,2,500.0,806.5,1.0,47.0,11,255,20228,2,1.0
98,1.0,0.0,0.67699999,1.0,3.0,7,50.35157730705794,89.04886429907955,no pobre,basal,2,500.0,806.5,1.0,47.0,12,255,20228,2,1.0
97,1.0,0.0,0.67699999,1.0,2.0,7,50.35157730705794,89.04886429907955,no pobre,basal,2,500.0,806.5,1.0,47.0,11,255,20229,2,1.0
98,1.0,0.0,0.67699999,,,7,50.35157730705794,89.04886429907955,no pobre,basal,2,500.0,806.5,1.0,47.0,12,255,20229,2,1.0
97,0.0,0.0,0.67699999,0.0,6.0,11,50.35157730705794,89.04886429907955,no pobre,basal,1,500.0,808.5,1.0,43.0,16,255,20230,6,0.0
98,0.0,0.0,0.67699999,,,11,50.35157730705794,89.04886429907955,no pobre,basal,1,500.0,808.5,1.0,43.0,17,255,20230,6,0.0
97,1.0,0.0,0.67699999,1.0,5.0,11,50.35157730705794,89.04886429907955,no pobre,basal,1,500.0,808.5,1.0,43.0,12,255,20231,5,1.0
98,1.0,0.0,0.67699999,1.0,6.0,11,50.35157730705794,89.04886429907955,no pobre,basal,1,500.0,808.5,1.0,43.0,13,255,20231,5,1.0
97,1.0,0.0,0.67699999,1.0,4.0,11,50.35157730705794,89.04886429907955,no pobre,basal,1,500.0,808.5,1.0,43.0,10,255,20232,4,1.0
98,1.0,0.0,0.67699999,1.0,5.0,11,50.35157730705794,89.04886429907955,no pobre,basal,1,500.0,808.5,1.0,43.0,11,255,20232,4,1.0
97,0.0,0.0,0.67699999,1.0,0.0,11,50.35157730705794,89.04886429907955,no pobre,basal,1,500.0,808.5,1.0,43.0,7,255,20233,0,1.0
98,0.0,0.0,0.67699999,1.0,1.0,11,50.35157730705794,89.04886429907955,no pobre,basal,1,500.0,808.5,1.0,43.0,8,255,20233,0,1.0
97,1.0,0.0,0.67699999,1.0,6.0,9,50.35157730705794,89.04886429907955,no pobre,basal,0,500.0,836.0,1.0,43.0,16,255,20234,6,1.0
98,1.0,0.0,0.67699999,,,9,50.35157730705794,89.04886429907955,no pobre,basal,0,500.0,836.0,1.0,43.0,17,255,20234,6,1.0
97,1.0,0.0,0.67699999,1.0,5.0,9,50.35157730705794,89.04886429907955,no pobre,basal,0,500.0,836.0,1.0,43.0,13,255,20235,5,1.0
98,1.0,0.0,0.67699999,1.0,6.0,9,50.35157730705794,89.04886429907955,no pobre,basal,0,500.0,836.0,1.0,43.0,14,255,20235,5,1.0
97,0.0,0.0,0.67699999,1.0,3.0,9,50.35157730705794,89.04886429907955,no pobre,basal,0,500.0,836.0,1.0,43.0,9,255,20236,3,1.0
98,0.0,0.0,0.67699999,1.0,4.0,9,50.35157730705794,89.04886429907955,no pobre,basal,0,500.0,836.0,1.0,43.0,10,255,20236,3,1.0
97,0.0,0.0,0.0,1.0,6.0,6,42.16862207729481,42.16862207729481,pobre,basal,2,625.0,875.0,1.0,39.0,13,202,20237,6,1.0
98,0.0,0.0,0.0,1.0,8.0,6,42.16862207729481,42.16862207729481,pobre,basal,2,625.0,875.0,1.0,39.0,14,202,20237,6,1.0
97,1.0,0.0,0.0,1.0,4.0,6,42.16862207729481,42.16862207729481,pobre,basal,2,625.0,875.0,1.0,39.0,12,202,20238,4,1.0
98,1.0,0.0,0.0,1.0,7.0,6,42.16862207729481,42.16862207729481,pobre,basal,2,625.0,875.0,1.0,39.0,13,202,20238,4,1.0
97,0.0,0.0,0.0,1.0,3.0,6,42.16862207729481,42.16862207729481,pobre,basal,2,625.0,875.0,1.0,39.0,9,202,20239,3,1.0
98,0.0,0.0,0.0,1.0,4.0,6,42.16862207729481,42.16862207729481,pobre,basal,2,625.0,875.0,1.0,39.0,10,202,20239,3,1.0
97,1.0,0.0,0.67699999,1.0,7.0,4,50.35157730705794,89.04886429907955,no pobre,basal,6,1200.0,777.0,1.0,36.0,14,255,20240,7,1.0
98,1.0,0.0,0.67699999,1.0,8.0,4,50.35157730705794,89.04886429907955,no pobre,basal,6,1200.0,777.0,1.0,36.0,15,255,20240,7,1.0
97,1.0,0.0,0.67699999,1.0,8.0,11,50.35157730705794,89.04886429907955,no pobre,basal,2,625.0,841.0,1.0,57.0,16,255,20241,8,1.0
98,1.0,0.0,0.67699999,,,11,50.35157730705794,89.04886429907955,no pobre,basal,2,625.0,841.0,1.0,57.0,17,255,20241,8,1.0
97,1.0,0.0,0.67699999,1.0,7.0,11,50.35157730705794,89.04886429907955,no pobre,basal,2,625.0,841.0,1.0,57.0,14,255,20242,7,1.0
98,1.0,0.0,0.67699999,1.0,8.0,11,50.35157730705794,89.04886429907955,no pobre,basal,2,625.0,841.0,1.0,57.0,15,255,20242,7,1.0
97,0.0,0.0,0.67699999,1.0,5.0,11,50.35157730705794,89.04886429907955,no pobre,basal,2,625.0,841.0,1.0,57.0,12,255,20243,5,1.0
98,0.0,0.0,0.67699999,0.0,6.0,11,50.35157730705794,89.04886429907955,no pobre,basal,2,625.0,841.0,1.0,57.0,13,255,20243,5,1.0
97,1.0,0.0,0.67699999,1.0,3.0,11,50.35157730705794,89.04886429907955,no pobre,basal,2,625.0,841.0,1.0,57.0,9,255,20244,3,1.0
98,1.0,0.0,0.67699999,1.0,4.0,11,50.35157730705794,89.04886429907955,no pobre,basal,2,625.0,841.0,1.0,57.0,10,255,20244,3,1.0
97,1.0,0.0,0.67699999,0.0,6.0,6,50.35157730705794,89.04886429907955,pobre,basal,1,133.33333,755.0,1.0,65.0,15,255,20245,6,0.0
98,1.0,0.0,0.67699999,0.0,6.0,6,50.35157730705794,89.04886429907955,pobre,basal,1,133.33333,755.0,1.0,65.0,16,255,20245,6,0.0
97,1.0,0.0,0.67699999,0.0,6.0,6,50.35157730705794,89.04886429907955,pobre,basal,1,133.33333,755.0,1.0,65.0,14,255,20246,6,0.0
98,1.0,0.0,0.67699999,0.0,6.0,6,50.35157730705794,89.04886429907955,pobre,basal,1,133.33333,755.0,1.0,65.0,15,255,20246,6,0.0
97,1.0,0.0,0.67699999,0.0,6.0,6,50.35157730705794,89.04886429907955,pobre,basal,1,133.33333,755.0,1.0,65.0,14,255,20247,6,0.0
98,1.0,0.0,0.67699999,0.0,6.0,6,50.35157730705794,89.04886429907955,pobre,basal,1,133.33333,755.0,1.0,65.0,15,255,20247,6,0.0
97,0.0,0.0,0.67699999,0.0,9.0,9,50.35157730705794,89.04886429907955,pobre,basal,3,625.0,682.25,1.0,47.0,16,255,20248,9,0.0
98,0.0,0.0,0.67699999,,,9,50.35157730705794,89.04886429907955,pobre,basal,3,625.0,682.25,1.0,47.0,17,255,20248,9,0.0
97,0.0,0.0,0.67699999,1.0,7.0,9,50.35157730705794,89.04886429907955,pobre,basal,3,625.0,682.25,1.0,47.0,14,255,20249,7,1.0
98,0.0,0.0,0.67699999,1.0,8.0,9,50.35157730705794,89.04886429907955,pobre,basal,3,625.0,682.25,1.0,47.0,15,255,20249,7,1.0
97,1.0,0.0,0.67699999,1.0,5.0,9,50.35157730705794,89.04886429907955,pobre,basal,3,625.0,682.25,1.0,47.0,11,255,20250,5,1.0
98,1.0,0.0,0.67699999,1.0,6.0,9,50.35157730705794,89.04886429907955,pobre,basal,3,625.0,682.25,1.0,47.0,12,255,20250,5,1.0
97,1.0,0.0,0.67699999,1.0,3.0,9,50.35157730705794,89.04886429907955,pobre,basal,3,625.0,682.25,1.0,47.0,9,255,20251,3,1.0
98,1.0,0.0,0.67699999,1.0,4.0,9,50.35157730705794,89.04886429907955,pobre,basal,3,625.0,682.25,1.0,47.0,10,255,20251,3,1.0
97,0.0,0.0,0.67699999,0.0,6.0,9,50.35157730705794,89.04886429907955,no pobre,basal,2,583.33331,1041.0,1.0,51.0,15,255,20252,6,0.0
98,0.0,0.0,0.67699999,,,9,50.35157730705794,89.04886429907955,no pobre,basal,2,583.33331,1041.0,1.0,51.0,16,255,20252,6,0.0
97,1.0,0.0,0.67699999,1.0,9.0,4,50.35157730705794,89.04886429907955,no pobre,basal,6,500.0,797.0,1.0,54.0,15,255,20253,9,1.0
98,1.0,0.0,0.67699999,1.0,9.0,4,50.35157730705794,89.04886429907955,no pobre,basal,6,500.0,797.0,1.0,54.0,16,255,20253,9,1.0
97,0.0,0.0,0.67699999,1.0,3.0,4,50.35157730705794,89.04886429907955,no pobre,basal,6,500.0,797.0,1.0,54.0,10,255,20254,3,1.0
98,0.0,0.0,0.67699999,1.0,4.0,4,50.35157730705794,89.04886429907955,no pobre,basal,6,500.0,797.0,1.0,54.0,11,255,20254,3,1.0
97,1.0,0.0,0.67699999,1.0,8.0,4,50.35157730705794,89.04886429907955,no pobre,basal,0,500.0,868.0,1.0,47.0,15,255,20255,8,1.0
98,1.0,0.0,0.67699999,0.0,8.0,4,50.35157730705794,89.04886429907955,no pobre,basal,0,500.0,868.0,1.0,47.0,16,255,20255,8,1.0
97,0.0,0.0,0.67699999,,5.0,6,50.35157730705794,89.04886429907955,pobre,basal,0,500.0,648.45001,1.0,36.0,12,255,20256,5,
98,0.0,0.0,0.67699999,1.0,6.0,6,50.35157730705794,89.04886429907955,pobre,basal,0,500.0,648.45001,1.0,36.0,13,255,20256,5,
97,1.0,0.0,0.67699999,,3.0,6,50.35157730705794,89.04886429907955,pobre,basal,0,500.0,648.45001,1.0,36.0,11,255,20257,3,
98,1.0,0.0,0.67699999,1.0,3.0,6,50.35157730705794,89.04886429907955,pobre,basal,0,500.0,648.45001,1.0,36.0,12,255,20257,3,
97,1.0,0.0,0.67699999,,1.0,6,50.35157730705794,89.04886429907955,pobre,basal,0,500.0,648.45001,1.0,36.0,8,255,20258,1,
98,1.0,0.0,0.67699999,1.0,2.0,6,50.35157730705794,89.04886429907955,pobre,basal,0,500.0,648.45001,1.0,36.0,9,255,20258,1,
97,1.0,0.0,0.67699999,,0.0,6,50.35157730705794,89.04886429907955,pobre,basal,0,500.0,648.45001,1.0,36.0,7,255,20259,0,
98,1.0,0.0,0.67699999,1.0,1.0,6,50.35157730705794,89.04886429907955,pobre,basal,0,500.0,648.45001,1.0,36.0,8,255,20259,0,
97,1.0,0.0,0.67699999,1.0,6.0,9,50.35157730705794,89.04886429907955,pobre,basal,0,500.0,584.0,1.0,42.0,15,255,20260,6,1.0
98,1.0,0.0,0.67699999,,,9,50.35157730705794,89.04886429907955,pobre,basal,0,500.0,584.0,1.0,42.0,16,255,20260,6,1.0
97,0.0,0.0,0.67699999,1.0,4.0,9,50.35157730705794,89.04886429907955,pobre,basal,0,500.0,584.0,1.0,42.0,12,255,20261,4,1.0
98,0.0,0.0,0.67699999,1.0,4.0,9,50.35157730705794,89.04886429907955,pobre,basal,0,500.0,584.0,1.0,42.0,13,255,20261,4,1.0
97,1.0,0.0,0.67699999,1.0,2.0,9,50.35157730705794,89.04886429907955,pobre,basal,0,500.0,584.0,1.0,42.0,10,255,20262,2,1.0
98,1.0,0.0,0.67699999,1.0,3.0,9,50.35157730705794,89.04886429907955,pobre,basal,0,500.0,584.0,1.0,42.0,11,255,20262,2,1.0
97,1.0,0.0,0.67699999,1.0,1.0,9,50.35157730705794,89.04886429907955,pobre,basal,0,500.0,584.0,1.0,42.0,9,255,20263,1,1.0
98,1.0,0.0,0.67699999,1.0,1.0,9,50.35157730705794,89.04886429907955,pobre,basal,0,500.0,584.0,1.0,42.0,10,255,20263,1,1.0
97,1.0,0.0,0.67699999,1.0,1.0,9,50.35157730705794,89.04886429907955,pobre,basal,0,500.0,584.0,1.0,42.0,8,255,20264,1,1.0
98,1.0,0.0,0.67699999,1.0,2.0,9,50.35157730705794,89.04886429907955,pobre,basal,0,500.0,584.0,1.0,42.0,9,255,20264,1,1.0
97,0.0,0.0,0.67699999,1.0,7.0,13,50.35157730705794,89.04886429907955,pobre,basal,2,0.0,716.0,1.0,78.0,14,255,20265,7,1.0
98,0.0,0.0,0.67699999,0.0,7.0,13,50.35157730705794,89.04886429907955,pobre,basal,2,0.0,716.0,1.0,78.0,15,255,20265,7,1.0
97,1.0,0.0,0.67699999,1.0,4.0,13,50.35157730705794,89.04886429907955,pobre,basal,2,0.0,716.0,1.0,78.0,13,255,20266,4,1.0
98,1.0,0.0,0.67699999,1.0,4.0,13,50.35157730705794,89.04886429907955,pobre,basal,2,0.0,716.0,1.0,78.0,14,255,20266,4,1.0
97,0.0,0.0,0.67699999,1.0,5.0,13,50.35157730705794,89.04886429907955,pobre,basal,2,0.0,716.0,1.0,78.0,11,255,20267,5,1.0
98,0.0,0.0,0.67699999,1.0,6.0,13,50.35157730705794,89.04886429907955,pobre,basal,2,0.0,716.0,1.0,78.0,12,255,20267,5,1.0
97,1.0,0.0,0.67699999,1.0,1.0,13,50.35157730705794,89.04886429907955,pobre,basal,2,0.0,716.0,1.0,78.0,8,255,20268,1,1.0
98,1.0,0.0,0.67699999,1.0,2.0,13,50.35157730705794,89.04886429907955,pobre,basal,2,0.0,716.0,1.0,78.0,9,255,20268,1,1.0
97,1.0,0.0,0.67699999,1.0,1.0,13,50.35157730705794,89.04886429907955,pobre,basal,2,0.0,716.0,1.0,78.0,6,255,20269,1,1.0
98,1.0,0.0,0.67699999,,,13,50.35157730705794,89.04886429907955,pobre,basal,2,0.0,716.0,1.0,78.0,7,255,20269,1,1.0
97,1.0,0.0,0.67699999,1.0,7.0,8,50.35157730705794,89.04886429907955,pobre,basal,0,0.0,646.0,0.0,52.0,14,255,20270,7,1.0
98,1.0,0.0,0.67699999,1.0,8.0,8,50.35157730705794,89.04886429907955,pobre,basal,0,0.0,646.0,0.0,52.0,15,255,20270,7,1.0
97,1.0,0.0,0.67699999,1.0,2.0,8,50.35157730705794,89.04886429907955,pobre,basal,0,0.0,646.0,0.0,52.0,8,255,20271,2,1.0
98,1.0,0.0,0.67699999,1.0,4.0,8,50.35157730705794,89.04886429907955,pobre,basal,0,0.0,646.0,0.0,52.0,9,255,20271,2,1.0
97,0.0,0.0,0.67699999,1.0,0.0,8,50.35157730705794,89.04886429907955,pobre,basal,0,0.0,646.0,0.0,52.0,6,255,20272,0,1.0
98,0.0,0.0,0.67699999,1.0,1.0,8,50.35157730705794,89.04886429907955,pobre,basal,0,0.0,646.0,0.0,52.0,7,255,20272,0,1.0
97,0.0,0.0,0.67699999,1.0,5.0,5,50.35157730705794,89.04886429907955,pobre,basal,2,500.0,763.0,1.0,48.0,11,255,20273,5,1.0
98,0.0,0.0,0.67699999,1.0,6.0,5,50.35157730705794,89.04886429907955,pobre,basal,2,500.0,763.0,1.0,48.0,12,255,20273,5,1.0
97,1.0,0.0,0.0,1.0,6.0,7,42.16862207729481,42.16862207729481,no pobre,basal,2,0.0,800.5,1.0,47.0,12,202,20274,6,1.0
98,1.0,0.0,0.0,1.0,7.0,7,42.16862207729481,42.16862207729481,no pobre,basal,2,0.0,800.5,1.0,47.0,13,202,20274,6,1.0
97,0.0,0.0,0.67699999,1.0,9.0,8,50.35157730705794,89.04886429907955,pobre,basal,5,625.0,613.0,1.0,40.0,15,255,20275,9,1.0
98,0.0,0.0,0.67699999,1.0,10.0,8,50.35157730705794,89.04886429907955,pobre,basal,5,625.0,613.0,1.0,40.0,16,255,20275,9,1.0
97,1.0,0.0,0.67699999,1.0,5.0,8,50.35157730705794,89.04886429907955,pobre,basal,5,625.0,613.0,1.0,40.0,12,255,20276,5,1.0
98,1.0,0.0,0.67699999,1.0,6.0,8,50.35157730705794,89.04886429907955,pobre,basal,5,625.0,613.0,1.0,40.0,13,255,20276,5,1.0
97,1.0,0.0,0.67699999,1.0,4.0,8,50.35157730705794,89.04886429907955,pobre,basal,5,625.0,613.0,1.0,40.0,11,255,20277,4,1.0
98,1.0,0.0,0.67699999,1.0,5.0,8,50.35157730705794,89.04886429907955,pobre,basal,5,625.0,613.0,1.0,40.0,12,255,20277,4,1.0
97,0.0,0.0,0.67699999,1.0,4.0,8,50.35157730705794,89.04886429907955,pobre,basal,5,625.0,613.0,1.0,40.0,10,255,20278,4,1.0
98,0.0,0.0,0.67699999,1.0,5.0,8,50.35157730705794,89.04886429907955,pobre,basal,5,625.0,613.0,1.0,40.0,11,255,20278,4,1.0
97,0.0,0.0,0.67699999,1.0,1.0,8,50.35157730705794,89.04886429907955,pobre,basal,5,625.0,613.0,1.0,40.0,7,255,20279,1,1.0
98,0.0,0.0,0.67699999,1.0,2.0,8,50.35157730705794,89.04886429907955,pobre,basal,5,625.0,613.0,1.0,40.0,8,255,20279,1,1.0
97,0.0,0.0,0.67699999,1.0,0.0,8,50.35157730705794,89.04886429907955,pobre,basal,5,625.0,613.0,1.0,40.0,6,255,20280,0,1.0
98,0.0,0.0,0.67699999,1.0,1.0,8,50.35157730705794,89.04886429907955,pobre,basal,5,625.0,613.0,1.0,40.0,7,255,20280,0,1.0
97,0.0,0.0,0.67699999,1.0,6.0,4,50.35157730705794,89.04886429907955,no pobre,basal,3,166.66667,821.0,1.0,47.0,12,255,20281,6,1.0
98,0.0,0.0,0.67699999,1.0,7.0,4,50.35157730705794,89.04886429907955,no pobre,basal,3,166.66667,821.0,1.0,47.0,13,255,20281,6,1.0
97,0.0,0.0,0.67699999,0.0,3.0,11,50.35157730705794,89.04886429907955,no pobre,basal,0,1200.0,790.0,1.0,47.0,13,255,20282,3,0.0
98,0.0,0.0,0.67699999,0.0,3.0,11,50.35157730705794,89.04886429907955,no pobre,basal,0,1200.0,790.0,1.0,47.0,14,255,20282,3,0.0
97,0.0,0.0,0.67699999,1.0,4.0,11,50.35157730705794,89.04886429907955,no pobre,basal,0,1200.0,790.0,1.0,47.0,12,255,20283,4,1.0
98,0.0,0.0,0.67699999,1.0,6.0,11,50.35157730705794,89.04886429907955,no pobre,basal,0,1200.0,790.0,1.0,47.0,13,255,20283,4,1.0
97,0.0,0.0,0.67699999,1.0,5.0,11,50.35157730705794,89.04886429907955,no pobre,basal,0,1200.0,790.0,1.0,47.0,12,255,20284,5,1.0
98,0.0,0.0,0.67699999,0.0,6.0,11,50.35157730705794,89.04886429907955,no pobre,basal,0,1200.0,790.0,1.0,47.0,13,255,20284,5,1.0
97,1.0,0.0,0.67699999,1.0,2.0,11,50.35157730705794,89.04886429907955,no pobre,basal,0,1200.0,790.0,1.0,47.0,11,255,20285,2,1.0
98,1.0,0.0,0.67699999,1.0,6.0,11,50.35157730705794,89.04886429907955,no pobre,basal,0,1200.0,790.0,1.0,47.0,12,255,20285,2,1.0
97,0.0,0.0,0.67699999,1.0,0.0,11,50.35157730705794,89.04886429907955,no pobre,basal,0,1200.0,790.0,1.0,47.0,6,255,20286,0,1.0
98,0.0,0.0,0.67699999,1.0,1.0,11,50.35157730705794,89.04886429907955,no pobre,basal,0,1200.0,790.0,1.0,47.0,7,255,20286,0,1.0
97,1.0,0.0,0.67699999,0.0,6.0,11,50.35157730705794,89.04886429907955,no pobre,basal,0,1200.0,790.0,1.0,47.0,16,255,20287,6,0.0
98,1.0,0.0,0.67699999,,,11,50.35157730705794,89.04886429907955,no pobre,basal,0,1200.0,790.0,1.0,47.0,17,255,20287,6,0.0
97,1.0,0.0,0.0,0.0,6.0,9,42.16862207729481,42.16862207729481,no pobre,basal,2,0.0,1057.0,1.0,60.0,16,202,20288,6,0.0
98,1.0,0.0,0.0,,,9,42.16862207729481,42.16862207729481,no pobre,basal,2,0.0,1057.0,1.0,60.0,17,202,20288,6,0.0
97,0.0,0.0,0.0,1.0,8.0,9,42.16862207729481,42.16862207729481,no pobre,basal,2,0.0,1057.0,1.0,60.0,14,202,20289,8,1.0
98,0.0,0.0,0.0,0.0,9.0,9,42.16862207729481,42.16862207729481,no pobre,basal,2,0.0,1057.0,1.0,60.0,15,202,20289,8,1.0
97,0.0,0.0,0.0,1.0,5.0,9,42.16862207729481,42.16862207729481,no pobre,basal,2,0.0,1057.0,1.0,60.0,10,202,20290,5,1.0
98,0.0,0.0,0.0,1.0,6.0,9,42.16862207729481,42.16862207729481,no pobre,basal,2,0.0,1057.0,1.0,60.0,11,202,20290,5,1.0
97,0.0,0.0,0.67699999,0.0,6.0,2,50.35157730705794,89.04886429907955,pobre,basal,0,0.0,721.0,0.0,70.0,14,255,20291,6,0.0
98,0.0,0.0,0.67699999,,,2,50.35157730705794,89.04886429907955,pobre,basal,0,0.0,721.0,0.0,70.0,15,255,20291,6,0.0
97,1.0,0.0,0.67699999,1.0,4.0,5,50.35157730705794,89.04886429907955,no pobre,basal,2,625.0,944.0,1.0,63.0,15,255,20292,4,1.0
98,1.0,0.0,0.67699999,0.0,6.0,5,50.35157730705794,89.04886429907955,no pobre,basal,2,625.0,944.0,1.0,63.0,16,255,20292,4,1.0
97,1.0,0.0,0.67699999,1.0,2.0,5,50.35157730705794,89.04886429907955,no pobre,basal,2,625.0,944.0,1.0,63.0,9,255,20293,2,1.0
98,1.0,0.0,0.67699999,1.0,3.0,5,50.35157730705794,89.04886429907955,no pobre,basal,2,625.0,944.0,1.0,63.0,10,255,20293,2,1.0
97,0.0,0.0,0.0,1.0,3.0,5,42.16862207729481,42.16862207729481,pobre,basal,12,1600.0,747.0,1.0,30.0,9,202,20294,3,1.0
98,0.0,0.0,0.0,1.0,4.0,5,42.16862207729481,42.16862207729481,pobre,basal,12,1600.0,747.0,1.0,30.0,10,202,20294,3,1.0
97,0.0,0.0,0.67699999,1.0,8.0,5,50.35157730705794,89.04886429907955,pobre,basal,3,625.0,832.0,1.0,35.0,14,255,20295,8,1.0
98,0.0,0.0,0.67699999,0.0,9.0,5,50.35157730705794,89.04886429907955,pobre,basal,3,625.0,832.0,1.0,35.0,15,255,20295,8,1.0
97,0.0,0.0,0.67699999,1.0,6.0,5,50.35157730705794,89.04886429907955,pobre,basal,3,625.0,832.0,1.0,35.0,12,255,20296,6,1.0
98,0.0,0.0,0.67699999,1.0,6.0,5,50.35157730705794,89.04886429907955,pobre,basal,3,625.0,832.0,1.0,35.0,13,255,20296,6,1.0
97,0.0,0.0,0.67699999,1.0,4.0,5,50.35157730705794,89.04886429907955,pobre,basal,3,625.0,832.0,1.0,35.0,10,255,20297,4,1.0
98,0.0,0.0,0.67699999,1.0,5.0,5,50.35157730705794,89.04886429907955,pobre,basal,3,625.0,832.0,1.0,35.0,11,255,20297,4,1.0
97,1.0,0.0,0.67699999,1.0,4.0,8,50.35157730705794,89.04886429907955,pobre,basal,0,0.0,631.0,1.0,73.0,13,255,20298,4,1.0
98,1.0,0.0,0.67699999,1.0,5.0,8,50.35157730705794,89.04886429907955,pobre,basal,0,0.0,631.0,1.0,73.0,14,255,20298,4,1.0
97,0.0,0.0,0.67699999,1.0,3.0,8,50.35157730705794,89.04886429907955,pobre,basal,0,0.0,631.0,1.0,73.0,11,255,20299,3,1.0
98,0.0,0.0,0.67699999,1.0,4.0,8,50.35157730705794,89.04886429907955,pobre,basal,0,0.0,631.0,1.0,73.0,12,255,20299,3,1.0
97,1.0,0.0,0.67699999,1.0,2.0,8,50.35157730705794,89.04886429907955,pobre,basal,0,0.0,631.0,1.0,73.0,9,255,20300,2,1.0
98,1.0,0.0,0.67699999,1.0,3.0,8,50.35157730705794,89.04886429907955,pobre,basal,0,0.0,631.0,1.0,73.0,10,255,20300,2,1.0
97,0.0,0.0,0.67699999,1.0,1.0,8,50.35157730705794,89.04886429907955,pobre,basal,0,0.0,631.0,1.0,73.0,6,255,20301,1,1.0
98,0.0,0.0,0.67699999,1.0,2.0,8,50.35157730705794,89.04886429907955,pobre,basal,0,0.0,631.0,1.0,73.0,7,255,20301,1,1.0
97,1.0,0.0,0.67699999,1.0,4.0,4,50.35157730705794,89.04886429907955,pobre,basal,4,500.0,775.0,1.0,29.0,10,255,20302,4,1.0
98,1.0,0.0,0.67699999,1.0,5.0,4,50.35157730705794,89.04886429907955,pobre,basal,4,500.0,775.0,1.0,29.0,11,255,20302,4,1.0
97,0.0,0.0,0.67699999,1.0,1.0,4,50.35157730705794,89.04886429907955,pobre,basal,4,500.0,775.0,1.0,29.0,7,255,20303,1,1.0
98,0.0,0.0,0.67699999,1.0,2.0,4,50.35157730705794,89.04886429907955,pobre,basal,4,500.0,775.0,1.0,29.0,8,255,20303,1,1.0
97,1.0,0.0,0.0,1.0,3.0,5,42.16862207729481,42.16862207729481,no pobre,basal,6,300.0,764.0,1.0,29.0,8,202,20304,3,1.0
98,1.0,0.0,0.0,1.0,3.0,5,42.16862207729481,42.16862207729481,no pobre,basal,6,300.0,764.0,1.0,29.0,9,202,20304,3,1.0
97,0.0,0.0,4.0190001,1.0,3.0,5,112.9272507451659,132.1332581223022,pobre,basal,3,625.0,660.0,1.0,45.0,9,258,20305,3,1.0
98,0.0,0.0,4.0190001,1.0,4.0,5,112.9272507451659,132.1332581223022,pobre,basal,3,625.0,660.0,1.0,45.0,10,258,20305,3,1.0
97,1.0,0.0,4.0190001,1.0,1.0,5,112.9272507451659,132.1332581223022,pobre,basal,3,625.0,660.0,1.0,45.0,7,258,20306,1,1.0
98,1.0,0.0,4.0190001,1.0,2.0,5,112.9272507451659,132.1332581223022,pobre,basal,3,625.0,660.0,1.0,45.0,8,258,20306,1,1.0
97,0.0,0.0,4.0190001,1.0,2.0,6,112.9272507451659,132.1332581223022,pobre,basal,0,625.0,535.0,1.0,42.0,8,258,20307,2,1.0
98,0.0,0.0,4.0190001,1.0,3.0,6,112.9272507451659,132.1332581223022,pobre,basal,0,625.0,535.0,1.0,42.0,9,258,20307,2,1.0
97,1.0,0.0,4.0190001,1.0,1.0,6,112.9272507451659,132.1332581223022,pobre,basal,0,625.0,535.0,1.0,42.0,7,258,20308,1,1.0
98,1.0,0.0,4.0190001,1.0,1.0,6,112.9272507451659,132.1332581223022,pobre,basal,0,625.0,535.0,1.0,42.0,8,258,20308,1,1.0
97,0.0,0.0,4.0190001,1.0,4.0,5,112.9272507451659,132.1332581223022,no pobre,basal,3,625.0,740.0,1.0,42.0,9,258,20309,4,1.0
98,0.0,0.0,4.0190001,1.0,4.0,5,112.9272507451659,132.1332581223022,no pobre,basal,3,625.0,740.0,1.0,42.0,10,258,20309,4,1.0
97,1.0,0.0,4.0190001,1.0,2.0,5,112.9272507451659,132.1332581223022,pobre,basal,6,625.0,635.0,1.0,31.0,7,258,20310,2,1.0
98,1.0,0.0,4.0190001,1.0,3.0,5,112.9272507451659,132.1332581223022,pobre,basal,6,625.0,635.0,1.0,31.0,8,258,20310,2,1.0
97,0.0,0.0,4.0190001,1.0,0.0,5,112.9272507451659,132.1332581223022,pobre,basal,6,625.0,635.0,1.0,31.0,6,258,20311,0,1.0
98,0.0,0.0,4.0190001,1.0,1.0,5,112.9272507451659,132.1332581223022,pobre,basal,6,625.0,635.0,1.0,31.0,7,258,20311,0,1.0
97,0.0,0.0,1.794,0.0,9.0,8,32.92823013337043,86.32732810423596,pobre,basal,4,0.0,667.0,1.0,63.0,16,236,20312,9,0.0
98,0.0,0.0,1.794,1.0,8.0,8,32.92823013337043,86.32732810423596,pobre,basal,4,0.0,667.0,1.0,63.0,17,236,20312,9,0.0
97,1.0,0.0,1.794,1.0,8.0,8,32.92823013337043,86.32732810423596,pobre,basal,4,0.0,667.0,1.0,63.0,13,236,20313,8,1.0
98,1.0,0.0,1.794,1.0,9.0,8,32.92823013337043,86.32732810423596,pobre,basal,4,0.0,667.0,1.0,63.0,14,236,20313,8,1.0
97,1.0,0.0,1.794,1.0,9.0,8,32.92823013337043,86.32732810423596,pobre,basal,6,1250.0,609.0,1.0,53.0,15,236,20314,9,1.0
98,1.0,0.0,1.794,0.0,9.0,8,32.92823013337043,86.32732810423596,pobre,basal,6,1250.0,609.0,1.0,53.0,16,236,20314,9,1.0
97,0.0,0.0,1.794,1.0,5.0,8,32.92823013337043,86.32732810423596,pobre,basal,6,1250.0,609.0,1.0,53.0,12,236,20315,5,1.0
98,0.0,0.0,1.794,1.0,6.0,8,32.92823013337043,86.32732810423596,pobre,basal,6,1250.0,609.0,1.0,53.0,13,236,20315,5,1.0
97,0.0,0.0,1.794,1.0,1.0,8,32.92823013337043,86.32732810423596,pobre,basal,6,1250.0,609.0,1.0,53.0,6,236,20316,1,1.0
98,0.0,0.0,1.794,1.0,2.0,8,32.92823013337043,86.32732810423596,pobre,basal,6,1250.0,609.0,1.0,53.0,7,236,20316,1,1.0
97,1.0,0.0,1.794,1.0,2.0,5,32.92823013337043,86.32732810423596,pobre,basal,0,480.0,752.0,1.0,27.0,8,236,20317,2,1.0
98,1.0,0.0,1.794,,,5,32.92823013337043,86.32732810423596,pobre,basal,0,480.0,752.0,1.0,27.0,9,236,20317,2,1.0
97,0.0,0.0,2.675,0.0,6.0,7,43.88550107354883,43.88550107354883,pobre,0,5,0.0,730.0,1.0,31.0,13,246,20318,6,0.0
98,0.0,0.0,2.675,1.0,7.0,7,43.88550107354883,43.88550107354883,pobre,0,5,0.0,730.0,1.0,31.0,14,246,20318,6,0.0
97,0.0,0.0,2.675,1.0,5.0,7,43.88550107354883,43.88550107354883,pobre,0,5,0.0,730.0,1.0,31.0,10,246,20319,5,1.0
98,0.0,0.0,2.675,1.0,5.0,7,43.88550107354883,43.88550107354883,pobre,0,5,0.0,730.0,1.0,31.0,11,246,20319,5,1.0
97,0.0,0.0,2.675,1.0,3.0,7,43.88550107354883,43.88550107354883,pobre,0,5,0.0,730.0,1.0,31.0,8,246,20320,3,1.0
98,0.0,0.0,2.675,1.0,4.0,7,43.88550107354883,43.88550107354883,pobre,0,5,0.0,730.0,1.0,31.0,9,246,20320,3,1.0
97,0.0,0.0,2.675,0.0,9.0,8,43.88550107354883,43.88550107354883,pobre,0,3,0.0,637.0,1.0,42.0,16,246,20321,9,0.0
98,0.0,0.0,2.675,,,8,43.88550107354883,43.88550107354883,pobre,0,3,0.0,637.0,1.0,42.0,17,246,20321,9,0.0
97,1.0,0.0,2.675,0.0,6.0,8,43.88550107354883,43.88550107354883,pobre,0,3,0.0,637.0,1.0,42.0,13,246,20322,6,0.0
98,1.0,0.0,2.675,0.0,6.0,8,43.88550107354883,43.88550107354883,pobre,0,3,0.0,637.0,1.0,42.0,14,246,20322,6,0.0
97,1.0,0.0,2.675,1.0,5.0,8,43.88550107354883,43.88550107354883,pobre,0,3,0.0,637.0,1.0,42.0,10,246,20323,5,1.0
98,1.0,0.0,2.675,1.0,6.0,8,43.88550107354883,43.88550107354883,pobre,0,3,0.0,637.0,1.0,42.0,11,246,20323,5,1.0
97,0.0,0.0,2.675,1.0,3.0,8,43.88550107354883,43.88550107354883,pobre,0,3,0.0,637.0,1.0,42.0,8,246,20324,3,1.0
98,0.0,0.0,2.675,1.0,4.0,8,43.88550107354883,43.88550107354883,pobre,0,3,0.0,637.0,1.0,42.0,9,246,20324,3,1.0
97,1.0,0.0,2.675,0.0,6.0,10,43.88550107354883,43.88550107354883,no pobre,0,2,0.0,915.0,1.0,46.0,16,246,20325,6,0.0
98,1.0,0.0,2.675,,,10,43.88550107354883,43.88550107354883,no pobre,0,2,0.0,915.0,1.0,46.0,17,246,20325,6,0.0
97,1.0,0.0,2.675,1.0,5.0,10,43.88550107354883,43.88550107354883,no pobre,0,2,0.0,915.0,1.0,46.0,12,246,20326,5,1.0
98,1.0,0.0,2.675,1.0,6.0,10,43.88550107354883,43.88550107354883,no pobre,0,2,0.0,915.0,1.0,46.0,13,246,20326,5,1.0
97,1.0,0.0,2.675,1.0,5.0,10,43.88550107354883,43.88550107354883,no pobre,0,2,0.0,915.0,1.0,46.0,11,246,20327,5,1.0
98,1.0,0.0,2.675,1.0,6.0,10,43.88550107354883,43.88550107354883,no pobre,0,2,0.0,915.0,1.0,46.0,12,246,20327,5,1.0
97,1.0,0.0,2.675,1.0,3.0,10,43.88550107354883,43.88550107354883,no pobre,0,2,0.0,915.0,1.0,46.0,9,246,20328,3,1.0
98,1.0,0.0,2.675,1.0,4.0,10,43.88550107354883,43.88550107354883,no pobre,0,2,0.0,915.0,1.0,46.0,10,246,20328,3,1.0
97,1.0,0.0,2.675,1.0,1.0,10,43.88550107354883,43.88550107354883,no pobre,0,2,0.0,915.0,1.0,46.0,7,246,20329,1,1.0
98,1.0,0.0,2.675,1.0,2.0,10,43.88550107354883,43.88550107354883,no pobre,0,2,0.0,915.0,1.0,46.0,8,246,20329,1,1.0
97,1.0,0.0,2.675,0.0,5.0,7,43.88550107354883,43.88550107354883,no pobre,0,6,0.0,892.0,1.0,28.0,10,246,20330,5,0.0
98,1.0,0.0,2.675,1.0,5.0,7,43.88550107354883,43.88550107354883,no pobre,0,6,0.0,892.0,1.0,28.0,11,246,20330,5,0.0
97,1.0,0.0,2.675,1.0,4.0,7,43.88550107354883,43.88550107354883,no pobre,0,6,0.0,892.0,1.0,28.0,9,246,20331,4,1.0
98,1.0,0.0,2.675,1.0,5.0,7,43.88550107354883,43.88550107354883,no pobre,0,6,0.0,892.0,1.0,28.0,10,246,20331,4,1.0
97,0.0,0.0,2.675,1.0,2.0,7,43.88550107354883,43.88550107354883,no pobre,0,6,0.0,892.0,1.0,28.0,7,246,20332,2,1.0
98,0.0,0.0,2.675,1.0,3.0,7,43.88550107354883,43.88550107354883,no pobre,0,6,0.0,892.0,1.0,28.0,8,246,20332,2,1.0
97,1.0,0.0,2.675,0.0,6.0,7,43.88550107354883,43.88550107354883,pobre,0,3,0.0,753.0,1.0,61.0,15,246,20333,6,0.0
98,1.0,0.0,2.675,0.0,6.0,7,43.88550107354883,43.88550107354883,pobre,0,3,0.0,753.0,1.0,61.0,16,246,20333,6,0.0
97,0.0,0.0,2.675,0.0,6.0,7,43.88550107354883,43.88550107354883,pobre,0,3,0.0,753.0,1.0,61.0,16,246,20334,6,0.0
98,0.0,0.0,2.675,,,7,43.88550107354883,43.88550107354883,pobre,0,3,0.0,753.0,1.0,61.0,17,246,20334,6,0.0
97,1.0,0.0,2.675,1.0,7.0,7,43.88550107354883,43.88550107354883,pobre,0,3,0.0,753.0,1.0,61.0,13,246,20335,7,1.0
98,1.0,0.0,2.675,1.0,8.0,7,43.88550107354883,43.88550107354883,pobre,0,3,0.0,753.0,1.0,61.0,14,246,20335,7,1.0
97,0.0,0.0,2.675,1.0,5.0,7,43.88550107354883,43.88550107354883,pobre,0,3,0.0,753.0,1.0,61.0,12,246,20336,5,1.0
98,0.0,0.0,2.675,1.0,6.0,7,43.88550107354883,43.88550107354883,pobre,0,3,0.0,753.0,1.0,61.0,13,246,20336,5,1.0
97,1.0,0.0,2.675,0.0,9.0,10,43.88550107354883,43.88550107354883,pobre,0,2,800.0,609.0,1.0,45.0,16,246,20337,9,0.0
98,1.0,0.0,2.675,,,10,43.88550107354883,43.88550107354883,pobre,0,2,800.0,609.0,1.0,45.0,17,246,20337,9,0.0
97,0.0,0.0,2.675,0.0,6.0,10,43.88550107354883,43.88550107354883,pobre,0,2,800.0,609.0,1.0,45.0,12,246,20338,6,0.0
98,0.0,0.0,2.675,1.0,7.0,10,43.88550107354883,43.88550107354883,pobre,0,2,800.0,609.0,1.0,45.0,13,246,20338,6,0.0
97,0.0,0.0,2.675,0.0,5.0,10,43.88550107354883,43.88550107354883,pobre,0,2,800.0,609.0,1.0,45.0,10,246,20339,5,0.0
98,0.0,0.0,2.675,1.0,5.0,10,43.88550107354883,43.88550107354883,pobre,0,2,800.0,609.0,1.0,45.0,11,246,20339,5,0.0
97,0.0,0.0,2.675,1.0,4.0,10,43.88550107354883,43.88550107354883,pobre,0,2,800.0,609.0,1.0,45.0,8,246,20340,4,1.0
98,0.0,0.0,2.675,1.0,4.0,10,43.88550107354883,43.88550107354883,pobre,0,2,800.0,609.0,1.0,45.0,9,246,20340,4,1.0
97,0.0,0.0,2.675,1.0,1.0,10,43.88550107354883,43.88550107354883,pobre,0,2,800.0,609.0,1.0,45.0,6,246,20341,1,1.0
98,0.0,0.0,2.675,1.0,1.0,10,43.88550107354883,43.88550107354883,pobre,0,2,800.0,609.0,1.0,45.0,7,246,20341,1,1.0
97,1.0,0.0,2.675,0.0,6.0,6,43.88550107354883,43.88550107354883,no pobre,0,6,0.0,1027.0,1.0,40.0,15,246,20342,6,0.0
98,1.0,0.0,2.675,0.0,6.0,6,43.88550107354883,43.88550107354883,no pobre,0,6,0.0,1027.0,1.0,40.0,16,246,20342,6,0.0
97,1.0,0.0,2.675,1.0,2.0,4,43.88550107354883,43.88550107354883,pobre,0,3,0.0,740.0,1.0,31.0,8,246,20343,2,1.0
98,1.0,0.0,2.675,1.0,2.0,4,43.88550107354883,43.88550107354883,pobre,0,3,0.0,740.0,1.0,31.0,9,246,20343,2,1.0
97,1.0,0.0,2.675,1.0,1.0,4,43.88550107354883,43.88550107354883,pobre,0,3,0.0,740.0,1.0,31.0,7,246,20344,1,1.0
98,1.0,0.0,2.675,1.0,2.0,4,43.88550107354883,43.88550107354883,pobre,0,3,0.0,740.0,1.0,31.0,8,246,20344,1,1.0
97,1.0,0.0,2.675,1.0,6.0,8,43.88550107354883,43.88550107354883,no pobre,0,2,0.0,736.0,1.0,34.0,15,246,20345,6,1.0
98,1.0,0.0,2.675,1.0,6.0,8,43.88550107354883,43.88550107354883,no pobre,0,2,0.0,736.0,1.0,34.0,16,246,20345,6,1.0
97,1.0,0.0,2.675,1.0,7.0,8,43.88550107354883,43.88550107354883,no pobre,0,2,0.0,736.0,1.0,34.0,13,246,20346,7,1.0
98,1.0,0.0,2.675,1.0,8.0,8,43.88550107354883,43.88550107354883,no pobre,0,2,0.0,736.0,1.0,34.0,14,246,20346,7,1.0
97,1.0,0.0,2.675,1.0,5.0,8,43.88550107354883,43.88550107354883,no pobre,0,2,0.0,736.0,1.0,34.0,12,246,20347,5,1.0
98,1.0,0.0,2.675,1.0,6.0,8,43.88550107354883,43.88550107354883,no pobre,0,2,0.0,736.0,1.0,34.0,13,246,20347,5,1.0
97,1.0,0.0,2.675,1.0,3.0,8,43.88550107354883,43.88550107354883,no pobre,0,2,0.0,736.0,1.0,34.0,8,246,20348,3,1.0
98,1.0,0.0,2.675,1.0,3.0,8,43.88550107354883,43.88550107354883,no pobre,0,2,0.0,736.0,1.0,34.0,9,246,20348,3,1.0
97,1.0,0.0,2.675,0.0,8.0,10,43.88550107354883,43.88550107354883,no pobre,0,2,0.0,826.0,1.0,66.0,15,246,20349,8,0.0
98,1.0,0.0,2.675,1.0,8.0,10,43.88550107354883,43.88550107354883,no pobre,0,2,0.0,826.0,1.0,66.0,16,246,20349,8,0.0
97,0.0,0.0,2.675,1.0,5.0,10,43.88550107354883,43.88550107354883,no pobre,0,2,0.0,826.0,1.0,66.0,12,246,20350,5,1.0
98,0.0,0.0,2.675,1.0,6.0,10,43.88550107354883,43.88550107354883,no pobre,0,2,0.0,826.0,1.0,66.0,13,246,20350,5,1.0
97,0.0,0.0,2.675,0.0,6.0,9,43.88550107354883,43.88550107354883,no pobre,0,3,0.0,842.0,1.0,47.0,14,246,20351,6,0.0
98,0.0,0.0,2.675,1.0,8.0,9,43.88550107354883,43.88550107354883,no pobre,0,3,0.0,842.0,1.0,47.0,15,246,20351,6,0.0
97,1.0,0.0,2.675,1.0,6.0,9,43.88550107354883,43.88550107354883,no pobre,0,3,0.0,842.0,1.0,47.0,11,246,20352,6,1.0
98,1.0,0.0,2.675,1.0,7.0,9,43.88550107354883,43.88550107354883,no pobre,0,3,0.0,842.0,1.0,47.0,12,246,20352,6,1.0
97,1.0,0.0,1.9579999,1.0,10.0,4,45.03346465223554,112.0531231946292,pobre,basal,0,0.0,815.0,1.0,68.0,16,240,20353,10,1.0
98,1.0,0.0,1.9579999,,,4,45.03346465223554,112.0531231946292,pobre,basal,0,0.0,815.0,1.0,68.0,17,240,20353,10,1.0
97,1.0,0.0,1.9579999,1.0,7.0,4,45.03346465223554,112.0531231946292,pobre,basal,0,0.0,815.0,1.0,68.0,12,240,20354,7,1.0
98,1.0,0.0,1.9579999,1.0,8.0,4,45.03346465223554,112.0531231946292,pobre,basal,0,0.0,815.0,1.0,68.0,13,240,20354,7,1.0
97,1.0,0.0,2.675,0.0,6.0,9,43.88550107354883,43.88550107354883,pobre,0,6,0.0,714.0,1.0,33.0,14,246,20355,6,0.0
98,1.0,0.0,2.675,0.0,6.0,9,43.88550107354883,43.88550107354883,pobre,0,6,0.0,714.0,1.0,33.0,15,246,20355,6,0.0
97,0.0,0.0,2.675,0.0,6.0,9,43.88550107354883,43.88550107354883,pobre,0,6,0.0,714.0,1.0,33.0,12,246,20356,6,0.0
98,0.0,0.0,2.675,0.0,6.0,9,43.88550107354883,43.88550107354883,pobre,0,6,0.0,714.0,1.0,33.0,13,246,20356,6,0.0
97,0.0,0.0,2.675,1.0,4.0,9,43.88550107354883,43.88550107354883,pobre,0,6,0.0,714.0,1.0,33.0,10,246,20357,4,1.0
98,0.0,0.0,2.675,1.0,5.0,9,43.88550107354883,43.88550107354883,pobre,0,6,0.0,714.0,1.0,33.0,11,246,20357,4,1.0
97,0.0,0.0,2.675,1.0,2.0,9,43.88550107354883,43.88550107354883,pobre,0,6,0.0,714.0,1.0,33.0,8,246,20358,2,1.0
98,0.0,0.0,2.675,1.0,3.0,9,43.88550107354883,43.88550107354883,pobre,0,6,0.0,714.0,1.0,33.0,9,246,20358,2,1.0
97,0.0,0.0,2.675,1.0,0.0,9,43.88550107354883,43.88550107354883,pobre,0,6,0.0,714.0,1.0,33.0,6,246,20359,0,1.0
98,0.0,0.0,2.675,1.0,1.0,9,43.88550107354883,43.88550107354883,pobre,0,6,0.0,714.0,1.0,33.0,7,246,20359,0,1.0
97,0.0,0.0,2.675,0.0,2.0,4,43.88550107354883,43.88550107354883,pobre,0,6,166.66667,762.0,1.0,70.0,14,246,20360,2,0.0
98,0.0,0.0,2.675,0.0,3.0,4,43.88550107354883,43.88550107354883,pobre,0,6,166.66667,762.0,1.0,70.0,15,246,20360,2,0.0
97,1.0,0.0,2.675,0.0,3.0,5,43.88550107354883,43.88550107354883,no pobre,0,6,2000.0,901.0,1.0,41.0,14,246,20361,3,0.0
98,1.0,0.0,2.675,0.0,3.0,5,43.88550107354883,43.88550107354883,no pobre,0,6,2000.0,901.0,1.0,41.0,15,246,20361,3,0.0
97,1.0,0.0,2.675,1.0,0.0,5,43.88550107354883,43.88550107354883,no pobre,0,6,2000.0,901.0,1.0,41.0,6,246,20362,0,1.0
98,1.0,0.0,2.675,1.0,1.0,5,43.88550107354883,43.88550107354883,no pobre,0,6,2000.0,901.0,1.0,41.0,7,246,20362,0,1.0
97,0.0,0.0,2.675,0.0,6.0,11,43.88550107354883,43.88550107354883,no pobre,0,0,0.0,761.0,1.0,80.0,15,246,20363,6,0.0
98,0.0,0.0,2.675,0.0,6.0,11,43.88550107354883,43.88550107354883,no pobre,0,0,0.0,761.0,1.0,80.0,16,246,20363,6,0.0
97,0.0,0.0,2.675,0.0,6.0,11,43.88550107354883,43.88550107354883,no pobre,0,0,0.0,761.0,1.0,80.0,14,246,20364,6,0.0
98,0.0,0.0,2.675,0.0,6.0,11,43.88550107354883,43.88550107354883,no pobre,0,0,0.0,761.0,1.0,80.0,15,246,20364,6,0.0
97,1.0,0.0,2.675,0.0,6.0,11,43.88550107354883,43.88550107354883,no pobre,0,0,0.0,761.0,1.0,80.0,14,246,20365,6,0.0
98,1.0,0.0,2.675,0.0,6.0,11,43.88550107354883,43.88550107354883,no pobre,0,0,0.0,761.0,1.0,80.0,15,246,20365,6,0.0
97,1.0,0.0,2.675,1.0,7.0,17,43.88550107354883,43.88550107354883,no pobre,0,3,500.0,881.25,1.0,62.0,15,246,20366,7,1.0
98,1.0,0.0,2.675,1.0,8.0,17,43.88550107354883,43.88550107354883,no pobre,0,3,500.0,881.25,1.0,62.0,16,246,20366,7,1.0
97,0.0,0.0,2.675,1.0,6.0,17,43.88550107354883,43.88550107354883,no pobre,0,3,500.0,881.25,1.0,62.0,13,246,20367,6,1.0
98,0.0,0.0,2.675,0.0,6.0,17,43.88550107354883,43.88550107354883,no pobre,0,3,500.0,881.25,1.0,62.0,14,246,20367,6,1.0
97,0.0,0.0,2.675,1.0,4.0,17,43.88550107354883,43.88550107354883,no pobre,0,3,500.0,881.25,1.0,62.0,10,246,20368,4,1.0
98,0.0,0.0,2.675,1.0,5.0,17,43.88550107354883,43.88550107354883,no pobre,0,3,500.0,881.25,1.0,62.0,11,246,20368,4,1.0
97,1.0,0.0,2.675,1.0,2.0,17,43.88550107354883,43.88550107354883,no pobre,0,3,500.0,881.25,1.0,62.0,8,246,20369,2,1.0
98,1.0,0.0,2.675,1.0,2.0,17,43.88550107354883,43.88550107354883,no pobre,0,3,500.0,881.25,1.0,62.0,9,246,20369,2,1.0
97,0.0,0.0,2.675,1.0,0.0,17,43.88550107354883,43.88550107354883,no pobre,0,3,500.0,881.25,1.0,62.0,6,246,20370,0,1.0
98,0.0,0.0,2.675,1.0,1.0,17,43.88550107354883,43.88550107354883,no pobre,0,3,500.0,881.25,1.0,62.0,7,246,20370,0,1.0
97,1.0,0.0,2.675,0.0,4.0,12,43.88550107354883,43.88550107354883,pobre,0,0,0.0,743.0,1.0,62.0,15,246,20371,4,0.0
98,1.0,0.0,2.675,0.0,4.0,12,43.88550107354883,43.88550107354883,pobre,0,0,0.0,743.0,1.0,62.0,16,246,20371,4,0.0
97,0.0,0.0,2.675,0.0,6.0,12,43.88550107354883,43.88550107354883,pobre,0,0,0.0,743.0,1.0,62.0,13,246,20372,6,0.0
98,0.0,0.0,2.675,0.0,6.0,12,43.88550107354883,43.88550107354883,pobre,0,0,0.0,743.0,1.0,62.0,14,246,20372,6,0.0
97,0.0,0.0,2.675,0.0,4.0,12,43.88550107354883,43.88550107354883,pobre,0,0,0.0,743.0,1.0,62.0,11,246,20373,4,0.0
98,0.0,0.0,2.675,,,12,43.88550107354883,43.88550107354883,pobre,0,0,0.0,743.0,1.0,62.0,12,246,20373,4,0.0
97,1.0,0.0,2.675,1.0,3.0,12,43.88550107354883,43.88550107354883,pobre,0,0,0.0,743.0,1.0,62.0,9,246,20374,3,1.0
98,1.0,0.0,2.675,,,12,43.88550107354883,43.88550107354883,pobre,0,0,0.0,743.0,1.0,62.0,10,246,20374,3,1.0
97,1.0,0.0,2.675,1.0,0.0,12,43.88550107354883,43.88550107354883,pobre,0,0,0.0,743.0,1.0,62.0,6,246,20375,0,1.0
98,1.0,0.0,2.675,1.0,1.0,12,43.88550107354883,43.88550107354883,pobre,0,0,0.0,743.0,1.0,62.0,7,246,20375,0,1.0
97,1.0,0.0,0.42699999,1.0,8.0,8,61.68164891847273,73.27996859172299,no pobre,0,4,500.0,867.66669,0.0,56.0,15,232,20376,8,1.0
98,1.0,0.0,0.42699999,1.0,9.0,8,61.68164891847273,73.27996859172299,no pobre,0,4,500.0,867.66669,0.0,56.0,16,232,20376,8,1.0
97,0.0,0.0,0.42699999,1.0,6.0,8,61.68164891847273,73.27996859172299,no pobre,0,4,500.0,867.66669,0.0,56.0,12,232,20377,6,1.0
98,0.0,0.0,0.42699999,1.0,7.0,8,61.68164891847273,73.27996859172299,no pobre,0,4,500.0,867.66669,0.0,56.0,13,232,20377,6,1.0
97,1.0,0.0,0.42699999,1.0,7.0,9,61.68164891847273,73.27996859172299,pobre,0,9,750.0,785.0,1.0,41.0,15,232,20378,7,1.0
98,1.0,0.0,0.42699999,1.0,8.0,9,61.68164891847273,73.27996859172299,pobre,0,9,750.0,785.0,1.0,41.0,16,232,20378,7,1.0
97,1.0,0.0,0.42699999,1.0,6.0,9,61.68164891847273,73.27996859172299,pobre,0,9,750.0,785.0,1.0,41.0,13,232,20379,6,1.0
98,1.0,0.0,0.42699999,1.0,7.0,9,61.68164891847273,73.27996859172299,pobre,0,9,750.0,785.0,1.0,41.0,14,232,20379,6,1.0
97,0.0,0.0,0.42699999,1.0,1.0,9,61.68164891847273,73.27996859172299,pobre,0,9,750.0,785.0,1.0,41.0,8,232,20380,1,1.0
98,0.0,0.0,0.42699999,1.0,2.0,9,61.68164891847273,73.27996859172299,pobre,0,9,750.0,785.0,1.0,41.0,9,232,20380,1,1.0
97,0.0,0.0,0.42699999,0.0,3.0,2,61.68164891847273,73.27996859172299,pobre,0,0,500.0,961.0,0.0,50.0,12,232,20381,3,0.0
98,0.0,0.0,0.42699999,0.0,6.0,2,61.68164891847273,73.27996859172299,pobre,0,0,500.0,961.0,0.0,50.0,13,232,20381,3,0.0
97,1.0,0.0,0.42699999,1.0,0.0,7,61.68164891847273,73.27996859172299,pobre,0,12,625.0,638.0,1.0,28.0,6,232,20382,0,1.0
98,1.0,0.0,0.42699999,1.0,1.0,7,61.68164891847273,73.27996859172299,pobre,0,12,625.0,638.0,1.0,28.0,7,232,20382,0,1.0
97,1.0,0.0,0.42699999,1.0,7.0,6,61.68164891847273,73.27996859172299,no pobre,0,3,833.33331,1037.0,1.0,51.0,14,232,20383,7,1.0
98,1.0,0.0,0.42699999,1.0,8.0,6,61.68164891847273,73.27996859172299,no pobre,0,3,833.33331,1037.0,1.0,51.0,15,232,20383,7,1.0
97,1.0,0.0,0.42699999,1.0,6.0,6,61.68164891847273,73.27996859172299,no pobre,0,3,833.33331,1037.0,1.0,51.0,12,232,20384,6,1.0
98,1.0,0.0,0.42699999,1.0,6.0,6,61.68164891847273,73.27996859172299,no pobre,0,3,833.33331,1037.0,1.0,51.0,13,232,20384,6,1.0
97,0.0,0.0,0.42699999,1.0,1.0,6,61.68164891847273,73.27996859172299,no pobre,0,3,833.33331,1037.0,1.0,51.0,6,232,20385,1,1.0
98,0.0,0.0,0.42699999,1.0,1.0,6,61.68164891847273,73.27996859172299,no pobre,0,3,833.33331,1037.0,1.0,51.0,7,232,20385,1,1.0
97,0.0,0.0,0.42699999,0.0,6.0,6,61.68164891847273,73.27996859172299,no pobre,0,6,0.0,1093.5,1.0,43.0,16,232,20386,6,0.0
98,0.0,0.0,0.42699999,,,6,61.68164891847273,73.27996859172299,no pobre,0,6,0.0,1093.5,1.0,43.0,17,232,20386,6,0.0
97,1.0,0.0,0.42699999,1.0,6.0,6,61.68164891847273,73.27996859172299,no pobre,0,6,0.0,1093.5,1.0,43.0,15,232,20387,6,1.0
98,1.0,0.0,0.42699999,1.0,7.0,6,61.68164891847273,73.27996859172299,no pobre,0,6,0.0,1093.5,1.0,43.0,16,232,20387,6,1.0
97,0.0,0.0,0.42699999,0.0,6.0,6,61.68164891847273,73.27996859172299,no pobre,0,6,0.0,1093.5,1.0,43.0,13,232,20388,6,0.0
98,0.0,0.0,0.42699999,1.0,6.0,6,61.68164891847273,73.27996859172299,no pobre,0,6,0.0,1093.5,1.0,43.0,14,232,20388,6,0.0
97,0.0,0.0,2.71,,0.0,12,52.63200016121546,52.63200016121546,pobre,basal,3,16.666666,745.0,1.0,48.0,16,247,20389,0,
98,0.0,0.0,2.71,,,12,52.63200016121546,52.63200016121546,pobre,basal,3,16.666666,745.0,1.0,48.0,17,247,20389,0,
97,0.0,0.0,2.71,0.0,6.0,12,52.63200016121546,52.63200016121546,pobre,basal,3,16.666666,745.0,1.0,48.0,15,247,20390,6,0.0
98,0.0,0.0,2.71,0.0,6.0,12,52.63200016121546,52.63200016121546,pobre,basal,3,16.666666,745.0,1.0,48.0,16,247,20390,6,0.0
97,0.0,0.0,2.71,1.0,4.0,12,52.63200016121546,52.63200016121546,pobre,basal,3,16.666666,745.0,1.0,48.0,12,247,20391,4,1.0
98,0.0,0.0,2.71,1.0,3.0,12,52.63200016121546,52.63200016121546,pobre,basal,3,16.666666,745.0,1.0,48.0,13,247,20391,4,1.0
97,1.0,0.0,2.71,1.0,4.0,12,52.63200016121546,52.63200016121546,pobre,basal,3,16.666666,745.0,1.0,48.0,10,247,20392,4,1.0
98,1.0,0.0,2.71,1.0,4.0,12,52.63200016121546,52.63200016121546,pobre,basal,3,16.666666,745.0,1.0,48.0,11,247,20392,4,1.0
97,0.0,0.0,2.71,1.0,1.0,12,52.63200016121546,52.63200016121546,pobre,basal,3,16.666666,745.0,1.0,48.0,8,247,20393,1,1.0
98,0.0,0.0,2.71,1.0,2.0,12,52.63200016121546,52.63200016121546,pobre,basal,3,16.666666,745.0,1.0,48.0,9,247,20393,1,1.0
97,1.0,0.0,2.71,1.0,0.0,12,52.63200016121546,52.63200016121546,pobre,basal,3,16.666666,745.0,1.0,48.0,6,247,20394,0,1.0
98,1.0,0.0,2.71,1.0,1.0,12,52.63200016121546,52.63200016121546,pobre,basal,3,16.666666,745.0,1.0,48.0,7,247,20394,0,1.0
97,0.0,0.0,2.71,0.0,4.0,6,52.63200016121546,52.63200016121546,pobre,basal,3,904.0,667.0,1.0,49.0,11,247,20395,4,0.0
98,0.0,0.0,2.71,1.0,4.0,6,52.63200016121546,52.63200016121546,pobre,basal,3,904.0,667.0,1.0,49.0,12,247,20395,4,0.0
97,0.0,0.0,2.71,1.0,3.0,6,52.63200016121546,52.63200016121546,pobre,basal,3,904.0,667.0,1.0,49.0,9,247,20396,3,1.0
98,0.0,0.0,2.71,1.0,4.0,6,52.63200016121546,52.63200016121546,pobre,basal,3,904.0,667.0,1.0,49.0,10,247,20396,3,1.0
97,1.0,0.0,2.71,0.0,6.0,6,52.63200016121546,52.63200016121546,pobre,basal,3,904.0,667.0,1.0,49.0,15,247,20397,6,0.0
98,1.0,0.0,2.71,,,6,52.63200016121546,52.63200016121546,pobre,basal,3,904.0,667.0,1.0,49.0,16,247,20397,6,0.0
97,0.0,0.0,2.71,1.0,7.0,6,52.63200016121546,52.63200016121546,pobre,basal,6,0.0,608.0,0.0,29.0,12,247,20398,7,1.0
98,0.0,0.0,2.71,1.0,7.0,6,52.63200016121546,52.63200016121546,pobre,basal,6,0.0,608.0,0.0,29.0,13,247,20398,7,1.0
97,1.0,0.0,2.71,1.0,5.0,6,52.63200016121546,52.63200016121546,pobre,basal,6,0.0,608.0,0.0,29.0,10,247,20399,5,1.0
98,1.0,0.0,2.71,1.0,5.0,6,52.63200016121546,52.63200016121546,pobre,basal,6,0.0,608.0,0.0,29.0,11,247,20399,5,1.0
97,1.0,0.0,2.71,1.0,1.0,6,52.63200016121546,52.63200016121546,pobre,basal,6,0.0,608.0,0.0,29.0,7,247,20400,1,1.0
98,1.0,0.0,2.71,1.0,1.0,6,52.63200016121546,52.63200016121546,pobre,basal,6,0.0,608.0,0.0,29.0,8,247,20400,1,1.0
97,1.0,0.0,4.0619998,0.0,6.0,6,46.56752013683266,93.67287836541963,no pobre,basal,0,0.0,921.61298,0.0,85.0,14,245,20401,6,0.0
98,1.0,0.0,4.0619998,0.0,7.0,6,46.56752013683266,93.67287836541963,no pobre,basal,0,0.0,921.61298,0.0,85.0,15,245,20401,6,0.0
97,0.0,0.0,2.71,0.0,6.0,6,52.63200016121546,52.63200016121546,pobre,basal,2,800.0,672.0,1.0,36.0,13,247,20402,6,0.0
98,0.0,0.0,2.71,0.0,6.0,6,52.63200016121546,52.63200016121546,pobre,basal,2,800.0,672.0,1.0,36.0,14,247,20402,6,0.0
97,1.0,0.0,2.71,1.0,0.0,6,52.63200016121546,52.63200016121546,pobre,basal,2,800.0,672.0,1.0,36.0,12,247,20403,0,1.0
98,1.0,0.0,2.71,,,6,52.63200016121546,52.63200016121546,pobre,basal,2,800.0,672.0,1.0,36.0,13,247,20403,0,1.0
97,0.0,0.0,2.71,0.0,6.0,9,52.63200016121546,52.63200016121546,no pobre,basal,3,1540.0,790.0,1.0,46.0,16,247,20404,6,0.0
98,0.0,0.0,2.71,0.0,6.0,9,52.63200016121546,52.63200016121546,no pobre,basal,3,1540.0,790.0,1.0,46.0,17,247,20404,6,0.0
97,0.0,0.0,2.71,0.0,4.0,9,52.63200016121546,52.63200016121546,no pobre,basal,3,1540.0,790.0,1.0,46.0,15,247,20405,4,0.0
98,0.0,0.0,2.71,0.0,4.0,9,52.63200016121546,52.63200016121546,no pobre,basal,3,1540.0,790.0,1.0,46.0,16,247,20405,4,0.0
97,1.0,0.0,2.71,1.0,3.0,9,52.63200016121546,52.63200016121546,no pobre,basal,3,1540.0,790.0,1.0,46.0,12,247,20406,3,1.0
98,1.0,0.0,2.71,1.0,7.0,9,52.63200016121546,52.63200016121546,no pobre,basal,3,1540.0,790.0,1.0,46.0,13,247,20406,3,1.0
97,0.0,0.0,2.71,1.0,5.0,9,52.63200016121546,52.63200016121546,no pobre,basal,3,1540.0,790.0,1.0,46.0,12,247,20407,5,1.0
98,0.0,0.0,2.71,0.0,6.0,9,52.63200016121546,52.63200016121546,no pobre,basal,3,1540.0,790.0,1.0,46.0,13,247,20407,5,1.0
97,0.0,0.0,2.71,0.0,3.0,5,52.63200016121546,52.63200016121546,no pobre,basal,4,0.0,922.0,0.0,28.0,12,247,20408,3,0.0
98,0.0,0.0,2.71,,,5,52.63200016121546,52.63200016121546,no pobre,basal,4,0.0,922.0,0.0,28.0,13,247,20408,3,0.0
97,1.0,0.0,2.71,1.0,4.0,5,52.63200016121546,52.63200016121546,no pobre,basal,4,0.0,922.0,0.0,28.0,10,247,20409,4,1.0
98,1.0,0.0,2.71,,,5,52.63200016121546,52.63200016121546,no pobre,basal,4,0.0,922.0,0.0,28.0,11,247,20409,4,1.0
97,1.0,0.0,2.71,1.0,3.0,5,52.63200016121546,52.63200016121546,no pobre,basal,4,0.0,922.0,0.0,28.0,8,247,20410,3,1.0
98,1.0,0.0,2.71,,,5,52.63200016121546,52.63200016121546,no pobre,basal,4,0.0,922.0,0.0,28.0,9,247,20410,3,1.0
97,0.0,0.0,2.71,1.0,1.0,10,52.63200016121546,52.63200016121546,pobre,basal,3,666.66669,950.0,1.0,51.0,6,247,20411,1,1.0
98,0.0,0.0,2.71,1.0,1.0,10,52.63200016121546,52.63200016121546,pobre,basal,3,666.66669,950.0,1.0,51.0,7,247,20411,1,1.0
97,0.0,0.0,2.71,0.0,6.0,10,52.63200016121546,52.63200016121546,pobre,basal,3,666.66669,950.0,1.0,51.0,16,247,20412,6,0.0
98,0.0,0.0,2.71,,,10,52.63200016121546,52.63200016121546,pobre,basal,3,666.66669,950.0,1.0,51.0,17,247,20412,6,0.0
97,1.0,0.0,2.71,1.0,4.0,10,52.63200016121546,52.63200016121546,pobre,basal,3,666.66669,950.0,1.0,51.0,11,247,20413,4,1.0
98,1.0,0.0,2.71,1.0,5.0,10,52.63200016121546,52.63200016121546,pobre,basal,3,666.66669,950.0,1.0,51.0,12,247,20413,4,1.0
97,1.0,0.0,2.71,1.0,5.0,11,52.63200016121546,52.63200016121546,no pobre,basal,3,1160.0,918.5,1.0,43.0,14,247,20414,5,1.0
98,1.0,0.0,2.71,0.0,6.0,11,52.63200016121546,52.63200016121546,no pobre,basal,3,1160.0,918.5,1.0,43.0,15,247,20414,5,1.0
97,1.0,0.0,2.71,1.0,4.0,11,52.63200016121546,52.63200016121546,no pobre,basal,3,1160.0,918.5,1.0,43.0,10,247,20415,4,1.0
98,1.0,0.0,2.71,1.0,5.0,11,52.63200016121546,52.63200016121546,no pobre,basal,3,1160.0,918.5,1.0,43.0,11,247,20415,4,1.0
97,0.0,0.0,2.71,1.0,3.0,11,52.63200016121546,52.63200016121546,no pobre,basal,3,1160.0,918.5,1.0,43.0,9,247,20416,3,1.0
98,0.0,0.0,2.71,1.0,4.0,11,52.63200016121546,52.63200016121546,no pobre,basal,3,1160.0,918.5,1.0,43.0,10,247,20416,3,1.0
97,1.0,0.0,2.71,1.0,1.0,11,52.63200016121546,52.63200016121546,no pobre,basal,3,1160.0,918.5,1.0,43.0,6,247,20417,1,1.0
98,1.0,0.0,2.71,1.0,1.0,11,52.63200016121546,52.63200016121546,no pobre,basal,3,1160.0,918.5,1.0,43.0,7,247,20417,1,1.0
97,0.0,0.0,2.71,1.0,8.0,7,52.63200016121546,52.63200016121546,no pobre,basal,5,1000.0,851.0,1.0,32.0,14,247,20418,8,1.0
98,0.0,0.0,2.71,1.0,9.0,7,52.63200016121546,52.63200016121546,no pobre,basal,5,1000.0,851.0,1.0,32.0,15,247,20418,8,1.0
97,0.0,0.0,2.71,0.0,6.0,7,52.63200016121546,52.63200016121546,no pobre,basal,5,1000.0,851.0,1.0,32.0,12,247,20419,6,0.0
98,0.0,0.0,2.71,0.0,6.0,7,52.63200016121546,52.63200016121546,no pobre,basal,5,1000.0,851.0,1.0,32.0,13,247,20419,6,0.0
97,1.0,0.0,2.71,1.0,5.0,7,52.63200016121546,52.63200016121546,no pobre,basal,5,1000.0,851.0,1.0,32.0,11,247,20420,5,1.0
98,1.0,0.0,2.71,1.0,6.0,7,52.63200016121546,52.63200016121546,no pobre,basal,5,1000.0,851.0,1.0,32.0,12,247,20420,5,1.0
97,0.0,0.0,2.71,1.0,3.0,7,52.63200016121546,52.63200016121546,no pobre,basal,5,1000.0,851.0,1.0,32.0,9,247,20421,3,1.0
98,0.0,0.0,2.71,1.0,4.0,7,52.63200016121546,52.63200016121546,no pobre,basal,5,1000.0,851.0,1.0,32.0,10,247,20421,3,1.0
97,1.0,0.0,2.71,1.0,6.0,7,52.63200016121546,52.63200016121546,pobre,basal,3,800.0,754.0,1.0,38.0,13,247,20422,6,1.0
98,1.0,0.0,2.71,1.0,7.0,7,52.63200016121546,52.63200016121546,pobre,basal,3,800.0,754.0,1.0,38.0,14,247,20422,6,1.0
97,0.0,0.0,2.71,1.0,5.0,7,52.63200016121546,52.63200016121546,pobre,basal,3,800.0,754.0,1.0,38.0,11,247,20423,5,1.0
98,0.0,0.0,2.71,1.0,6.0,7,52.63200016121546,52.63200016121546,pobre,basal,3,800.0,754.0,1.0,38.0,12,247,20423,5,1.0
97,0.0,0.0,2.71,1.0,3.0,7,52.63200016121546,52.63200016121546,pobre,basal,3,800.0,754.0,1.0,38.0,9,247,20424,3,1.0
98,0.0,0.0,2.71,1.0,4.0,7,52.63200016121546,52.63200016121546,pobre,basal,3,800.0,754.0,1.0,38.0,10,247,20424,3,1.0
97,1.0,0.0,2.71,1.0,2.0,7,52.63200016121546,52.63200016121546,pobre,basal,3,800.0,754.0,1.0,38.0,6,247,20425,2,1.0
98,1.0,0.0,2.71,1.0,1.0,7,52.63200016121546,52.63200016121546,pobre,basal,3,800.0,754.0,1.0,38.0,7,247,20425,2,1.0
97,0.0,0.0,1.794,0.0,6.0,3,32.92823013337043,86.32732810423596,pobre,basal,2,625.0,777.0,1.0,50.0,16,236,20426,6,0.0
98,0.0,0.0,1.794,,,3,32.92823013337043,86.32732810423596,pobre,basal,2,625.0,777.0,1.0,50.0,17,236,20426,6,0.0
97,1.0,0.0,2.71,1.0,1.0,7,52.63200016121546,52.63200016121546,pobre,basal,4,828.0,618.0,1.0,29.0,8,247,20427,1,1.0
98,1.0,0.0,2.71,1.0,3.0,7,52.63200016121546,52.63200016121546,pobre,basal,4,828.0,618.0,1.0,29.0,9,247,20427,1,1.0
97,0.0,0.0,2.71,1.0,2.0,7,52.63200016121546,52.63200016121546,pobre,basal,4,828.0,618.0,1.0,29.0,6,247,20428,2,1.0
98,0.0,0.0,2.71,1.0,2.0,7,52.63200016121546,52.63200016121546,pobre,basal,4,828.0,618.0,1.0,29.0,7,247,20428,2,1.0
97,1.0,0.0,4.0190001,0.0,6.0,4,112.9272507451659,132.1332581223022,pobre,basal,1,625.0,718.0,1.0,47.0,15,258,20429,6,0.0
98,1.0,0.0,4.0190001,0.0,6.0,4,112.9272507451659,132.1332581223022,pobre,basal,1,625.0,718.0,1.0,47.0,16,258,20429,6,0.0
97,0.0,0.0,4.0190001,0.0,9.0,4,112.9272507451659,132.1332581223022,pobre,basal,1,625.0,718.0,1.0,47.0,16,258,20430,9,0.0
98,0.0,0.0,4.0190001,,,4,112.9272507451659,132.1332581223022,pobre,basal,1,625.0,718.0,1.0,47.0,17,258,20430,9,0.0
97,0.0,0.0,1.794,1.0,7.0,8,32.92823013337043,86.32732810423596,no pobre,basal,4,480.0,835.0,1.0,61.0,14,236,20431,7,1.0
98,0.0,0.0,1.794,1.0,7.0,8,32.92823013337043,86.32732810423596,no pobre,basal,4,480.0,835.0,1.0,61.0,15,236,20431,7,1.0
97,0.0,0.0,1.794,1.0,5.0,8,32.92823013337043,86.32732810423596,no pobre,basal,4,480.0,835.0,1.0,61.0,12,236,20432,5,1.0
98,0.0,0.0,1.794,1.0,5.0,8,32.92823013337043,86.32732810423596,no pobre,basal,4,480.0,835.0,1.0,61.0,13,236,20432,5,1.0
97,0.0,0.0,1.794,1.0,5.0,8,32.92823013337043,86.32732810423596,no pobre,basal,4,480.0,835.0,1.0,61.0,13,236,20433,5,1.0
98,0.0,0.0,1.794,1.0,5.0,8,32.92823013337043,86.32732810423596,no pobre,basal,4,480.0,835.0,1.0,61.0,14,236,20433,5,1.0
97,0.0,0.0,1.794,0.0,9.0,6,32.92823013337043,86.32732810423596,pobre,basal,0,2500.0,653.0,1.0,48.0,16,236,20434,9,0.0
98,0.0,0.0,1.794,,,6,32.92823013337043,86.32732810423596,pobre,basal,0,2500.0,653.0,1.0,48.0,17,236,20434,9,0.0
97,1.0,0.0,1.794,1.0,5.0,6,32.92823013337043,86.32732810423596,pobre,basal,0,2500.0,653.0,1.0,48.0,11,236,20435,5,1.0
98,1.0,0.0,1.794,1.0,6.0,6,32.92823013337043,86.32732810423596,pobre,basal,0,2500.0,653.0,1.0,48.0,12,236,20435,5,1.0
97,0.0,0.0,1.794,1.0,3.0,6,32.92823013337043,86.32732810423596,pobre,basal,0,2500.0,653.0,1.0,48.0,8,236,20436,3,1.0
98,0.0,0.0,1.794,1.0,4.0,6,32.92823013337043,86.32732810423596,pobre,basal,0,2500.0,653.0,1.0,48.0,9,236,20436,3,1.0
97,0.0,0.0,1.794,1.0,6.0,7,32.92823013337043,86.32732810423596,pobre,basal,0,625.0,617.0,1.0,77.0,15,236,20437,6,1.0
98,0.0,0.0,1.794,,,7,32.92823013337043,86.32732810423596,pobre,basal,0,625.0,617.0,1.0,77.0,16,236,20437,6,1.0
97,1.0,0.0,1.794,1.0,2.0,7,32.92823013337043,86.32732810423596,pobre,basal,6,800.0,623.0,1.0,36.0,8,236,20438,2,1.0
98,1.0,0.0,1.794,1.0,3.0,7,32.92823013337043,86.32732810423596,pobre,basal,6,800.0,623.0,1.0,36.0,9,236,20438,2,1.0
97,1.0,0.0,1.794,0.0,1.0,7,32.92823013337043,86.32732810423596,pobre,basal,6,800.0,623.0,1.0,36.0,6,236,20439,1,0.0
98,1.0,0.0,1.794,1.0,1.0,7,32.92823013337043,86.32732810423596,pobre,basal,6,800.0,623.0,1.0,36.0,7,236,20439,1,0.0
97,1.0,0.0,1.794,1.0,1.0,6,32.92823013337043,86.32732810423596,pobre,basal,0,600.0,671.0,1.0,32.0,7,236,20440,1,1.0
98,1.0,0.0,1.794,1.0,2.0,6,32.92823013337043,86.32732810423596,pobre,basal,0,600.0,671.0,1.0,32.0,8,236,20440,1,1.0
97,0.0,0.0,1.794,1.0,1.0,6,32.92823013337043,86.32732810423596,pobre,basal,0,600.0,671.0,1.0,32.0,6,236,20441,1,1.0
98,0.0,0.0,1.794,1.0,1.0,6,32.92823013337043,86.32732810423596,pobre,basal,0,600.0,671.0,1.0,32.0,7,236,20441,1,1.0
97,1.0,0.0,0.097000003,1.0,0.0,9,30.33839597234041,88.87675780483835,no pobre,basal,2,320.0,767.0,1.0,63.0,6,235,20442,0,1.0
98,1.0,0.0,0.097000003,1.0,1.0,9,30.33839597234041,88.87675780483835,no pobre,basal,2,320.0,767.0,1.0,63.0,7,235,20442,0,1.0
97,1.0,0.0,1.794,1.0,2.0,5,32.92823013337043,86.32732810423596,pobre,basal,5,600.0,677.0,0.0,30.0,7,236,20443,2,1.0
98,1.0,0.0,1.794,1.0,2.0,5,32.92823013337043,86.32732810423596,pobre,basal,5,600.0,677.0,0.0,30.0,8,236,20443,2,1.0
97,1.0,0.0,1.794,1.0,1.0,5,32.92823013337043,86.32732810423596,pobre,basal,5,600.0,677.0,0.0,30.0,6,236,20444,1,1.0
98,1.0,0.0,1.794,1.0,1.0,5,32.92823013337043,86.32732810423596,pobre,basal,5,600.0,677.0,0.0,30.0,7,236,20444,1,1.0
97,1.0,0.0,1.794,1.0,1.0,4,32.92823013337043,86.32732810423596,pobre,basal,0,0.0,754.0,1.0,29.0,6,236,20445,1,1.0
98,1.0,0.0,1.794,1.0,1.0,4,32.92823013337043,86.32732810423596,pobre,basal,0,0.0,754.0,1.0,29.0,7,236,20445,1,1.0
97,0.0,0.0,1.794,1.0,10.0,9,32.92823013337043,86.32732810423596,no pobre,basal,12,0.0,968.0,1.0,50.0,16,236,20446,10,1.0
98,0.0,0.0,1.794,,,9,32.92823013337043,86.32732810423596,no pobre,basal,12,0.0,968.0,1.0,50.0,17,236,20446,10,1.0
97,0.0,0.0,1.794,1.0,9.0,9,32.92823013337043,86.32732810423596,no pobre,basal,12,0.0,968.0,1.0,50.0,14,236,20447,9,1.0
98,0.0,0.0,1.794,0.0,10.0,9,32.92823013337043,86.32732810423596,no pobre,basal,12,0.0,968.0,1.0,50.0,15,236,20447,9,1.0
97,0.0,0.0,1.794,1.0,6.0,9,32.92823013337043,86.32732810423596,no pobre,basal,12,0.0,968.0,1.0,50.0,12,236,20448,6,1.0
98,0.0,0.0,1.794,1.0,6.0,9,32.92823013337043,86.32732810423596,no pobre,basal,12,0.0,968.0,1.0,50.0,13,236,20448,6,1.0
97,1.0,0.0,1.794,1.0,5.0,9,32.92823013337043,86.32732810423596,no pobre,basal,12,0.0,968.0,1.0,50.0,11,236,20449,5,1.0
98,1.0,0.0,1.794,1.0,6.0,9,32.92823013337043,86.32732810423596,no pobre,basal,12,0.0,968.0,1.0,50.0,12,236,20449,5,1.0
97,1.0,0.0,1.794,1.0,4.0,9,32.92823013337043,86.32732810423596,no pobre,basal,12,0.0,968.0,1.0,50.0,10,236,20450,4,1.0
98,1.0,0.0,1.794,1.0,4.0,9,32.92823013337043,86.32732810423596,no pobre,basal,12,0.0,968.0,1.0,50.0,11,236,20450,4,1.0
97,0.0,0.0,1.794,1.0,3.0,9,32.92823013337043,86.32732810423596,no pobre,basal,12,0.0,968.0,1.0,50.0,8,236,20451,3,1.0
98,0.0,0.0,1.794,1.0,3.0,9,32.92823013337043,86.32732810423596,no pobre,basal,12,0.0,968.0,1.0,50.0,9,236,20451,3,1.0
97,1.0,0.0,1.794,1.0,6.0,5,32.92823013337043,86.32732810423596,no pobre,basal,12,4800.0,1253.0,1.0,34.0,10,236,20452,6,1.0
98,1.0,0.0,1.794,1.0,3.0,5,32.92823013337043,86.32732810423596,no pobre,basal,12,4800.0,1253.0,1.0,34.0,11,236,20452,6,1.0
97,0.0,0.0,1.794,1.0,3.0,5,32.92823013337043,86.32732810423596,no pobre,basal,12,4800.0,1253.0,1.0,34.0,9,236,20453,3,1.0
98,0.0,0.0,1.794,1.0,2.0,5,32.92823013337043,86.32732810423596,no pobre,basal,12,4800.0,1253.0,1.0,34.0,10,236,20453,3,1.0
97,1.0,0.0,1.794,1.0,1.0,5,32.92823013337043,86.32732810423596,no pobre,basal,12,4800.0,1253.0,1.0,34.0,7,236,20454,1,1.0
98,1.0,0.0,1.794,1.0,1.0,5,32.92823013337043,86.32732810423596,no pobre,basal,12,4800.0,1253.0,1.0,34.0,8,236,20454,1,1.0
97,1.0,0.0,2.1760001,1.0,4.0,10,27.73482172638535,27.73482172638535,pobre,0,6,750.0,407.0,1.0,32.0,10,200,20455,4,1.0
98,1.0,0.0,2.1760001,1.0,5.0,10,27.73482172638535,27.73482172638535,pobre,0,6,750.0,407.0,1.0,32.0,11,200,20455,4,1.0
97,1.0,0.0,2.1760001,1.0,1.0,10,27.73482172638535,27.73482172638535,pobre,0,6,750.0,407.0,1.0,32.0,8,200,20456,1,1.0
98,1.0,0.0,2.1760001,,,10,27.73482172638535,27.73482172638535,pobre,0,6,750.0,407.0,1.0,32.0,9,200,20456,1,1.0
97,0.0,0.0,2.1760001,1.0,1.0,10,27.73482172638535,27.73482172638535,pobre,0,6,750.0,407.0,1.0,32.0,6,200,20457,1,1.0
98,0.0,0.0,2.1760001,1.0,0.0,10,27.73482172638535,27.73482172638535,pobre,0,6,750.0,407.0,1.0,32.0,7,200,20457,1,1.0
97,1.0,0.0,2.1760001,1.0,1.0,10,27.73482172638535,27.73482172638535,pobre,0,6,750.0,407.0,1.0,32.0,6,200,20458,1,1.0
98,1.0,0.0,2.1760001,1.0,0.0,10,27.73482172638535,27.73482172638535,pobre,0,6,750.0,407.0,1.0,32.0,7,200,20458,1,1.0
97,1.0,0.0,2.1760001,1.0,6.0,10,27.73482172638535,27.73482172638535,pobre,0,4,0.0,425.0,1.0,32.0,11,200,20459,6,1.0
98,1.0,0.0,2.1760001,0.0,6.0,10,27.73482172638535,27.73482172638535,pobre,0,4,0.0,425.0,1.0,32.0,12,200,20459,6,1.0
97,1.0,0.0,2.1760001,1.0,5.0,10,27.73482172638535,27.73482172638535,pobre,0,4,0.0,425.0,1.0,32.0,9,200,20460,5,1.0
98,1.0,0.0,2.1760001,1.0,5.0,10,27.73482172638535,27.73482172638535,pobre,0,4,0.0,425.0,1.0,32.0,10,200,20460,5,1.0
97,1.0,0.0,2.1760001,1.0,1.0,10,27.73482172638535,27.73482172638535,pobre,0,4,0.0,425.0,1.0,32.0,7,200,20461,1,1.0
98,1.0,0.0,2.1760001,1.0,2.0,10,27.73482172638535,27.73482172638535,pobre,0,4,0.0,425.0,1.0,32.0,8,200,20461,1,1.0
97,1.0,0.0,0.097000003,1.0,6.0,6,30.33839597234041,88.87675780483835,no pobre,basal,3,0.0,783.0,1.0,36.0,11,235,20462,6,1.0
98,1.0,0.0,0.097000003,1.0,6.0,6,30.33839597234041,88.87675780483835,no pobre,basal,3,0.0,783.0,1.0,36.0,12,235,20462,6,1.0
97,0.0,0.0,0.097000003,1.0,2.0,6,30.33839597234041,88.87675780483835,no pobre,basal,3,0.0,783.0,1.0,36.0,7,235,20463,2,1.0
98,0.0,0.0,0.097000003,1.0,2.0,6,30.33839597234041,88.87675780483835,no pobre,basal,3,0.0,783.0,1.0,36.0,8,235,20463,2,1.0
97,1.0,0.0,1.794,1.0,1.0,4,32.92823013337043,86.32732810423596,pobre,basal,6,875.0,798.0,1.0,28.0,8,236,20464,1,1.0
98,1.0,0.0,1.794,1.0,2.0,4,32.92823013337043,86.32732810423596,pobre,basal,6,875.0,798.0,1.0,28.0,9,236,20464,1,1.0
97,0.0,0.0,1.794,1.0,7.0,7,32.92823013337043,86.32732810423596,pobre,basal,6,750.0,642.0,1.0,33.0,12,236,20465,7,1.0
98,0.0,0.0,1.794,1.0,8.0,7,32.92823013337043,86.32732810423596,pobre,basal,6,750.0,642.0,1.0,33.0,13,236,20465,7,1.0
97,0.0,0.0,1.794,1.0,3.0,7,32.92823013337043,86.32732810423596,pobre,basal,6,750.0,642.0,1.0,33.0,9,236,20466,3,1.0
98,0.0,0.0,1.794,1.0,4.0,7,32.92823013337043,86.32732810423596,pobre,basal,6,750.0,642.0,1.0,33.0,10,236,20466,3,1.0
97,0.0,0.0,1.794,1.0,4.0,6,32.92823013337043,86.32732810423596,pobre,basal,6,750.0,899.0,1.0,29.0,8,236,20467,4,1.0
98,0.0,0.0,1.794,1.0,5.0,6,32.92823013337043,86.32732810423596,pobre,basal,6,750.0,899.0,1.0,29.0,9,236,20467,4,1.0
97,1.0,0.0,1.794,1.0,1.0,6,32.92823013337043,86.32732810423596,pobre,basal,6,750.0,899.0,1.0,29.0,7,236,20468,1,1.0
98,1.0,0.0,1.794,1.0,2.0,6,32.92823013337043,86.32732810423596,pobre,basal,6,750.0,899.0,1.0,29.0,8,236,20468,1,1.0
97,1.0,0.0,1.794,1.0,1.0,6,32.92823013337043,86.32732810423596,pobre,basal,6,750.0,899.0,1.0,29.0,6,236,20469,1,1.0
98,1.0,0.0,1.794,1.0,2.0,6,32.92823013337043,86.32732810423596,pobre,basal,6,750.0,899.0,1.0,29.0,7,236,20469,1,1.0
97,1.0,0.0,1.794,1.0,2.0,6,32.92823013337043,86.32732810423596,no pobre,basal,6,750.0,1066.0,1.0,32.0,7,236,20470,2,1.0
98,1.0,0.0,1.794,1.0,2.0,6,32.92823013337043,86.32732810423596,no pobre,basal,6,750.0,1066.0,1.0,32.0,8,236,20470,2,1.0
97,1.0,0.0,1.794,1.0,1.0,6,32.92823013337043,86.32732810423596,no pobre,basal,0,0.0,913.0,1.0,48.0,8,236,20471,1,1.0
98,1.0,0.0,1.794,1.0,2.0,6,32.92823013337043,86.32732810423596,no pobre,basal,0,0.0,913.0,1.0,48.0,9,236,20471,1,1.0
97,1.0,0.0,1.794,1.0,6.0,4,32.92823013337043,86.32732810423596,pobre,basal,5,625.0,753.0,1.0,40.0,12,236,20472,6,1.0
98,1.0,0.0,1.794,1.0,7.0,4,32.92823013337043,86.32732810423596,pobre,basal,5,625.0,753.0,1.0,40.0,13,236,20472,6,1.0
97,0.0,0.0,1.794,1.0,4.0,4,32.92823013337043,86.32732810423596,pobre,basal,5,625.0,753.0,1.0,40.0,10,236,20473,4,1.0
98,0.0,0.0,1.794,1.0,5.0,4,32.92823013337043,86.32732810423596,pobre,basal,5,625.0,753.0,1.0,40.0,11,236,20473,4,1.0
97,0.0,0.0,1.794,1.0,2.0,5,32.92823013337043,86.32732810423596,pobre,basal,6,625.0,809.0,1.0,25.0,8,236,20474,2,1.0
98,0.0,0.0,1.794,0.0,3.0,5,32.92823013337043,86.32732810423596,pobre,basal,6,625.0,809.0,1.0,25.0,9,236,20474,2,1.0
97,1.0,0.0,1.794,1.0,1.0,5,32.92823013337043,86.32732810423596,pobre,basal,6,625.0,809.0,1.0,25.0,7,236,20475,1,1.0
98,1.0,0.0,1.794,0.0,1.0,5,32.92823013337043,86.32732810423596,pobre,basal,6,625.0,809.0,1.0,25.0,8,236,20475,1,1.0
97,0.0,0.0,1.794,0.0,9.0,6,32.92823013337043,86.32732810423596,pobre,basal,6,750.0,712.0,1.0,36.0,15,236,20476,9,0.0
98,0.0,0.0,1.794,,,6,32.92823013337043,86.32732810423596,pobre,basal,6,750.0,712.0,1.0,36.0,16,236,20476,9,0.0
97,1.0,0.0,1.794,1.0,7.0,6,32.92823013337043,86.32732810423596,pobre,basal,6,750.0,712.0,1.0,36.0,12,236,20477,7,1.0
98,1.0,0.0,1.794,1.0,8.0,6,32.92823013337043,86.32732810423596,pobre,basal,6,750.0,712.0,1.0,36.0,13,236,20477,7,1.0
97,1.0,0.0,1.794,1.0,2.0,6,32.92823013337043,86.32732810423596,pobre,basal,6,750.0,712.0,1.0,36.0,7,236,20478,2,1.0
98,1.0,0.0,1.794,1.0,2.0,6,32.92823013337043,86.32732810423596,pobre,basal,6,750.0,712.0,1.0,36.0,8,236,20478,2,1.0
97,0.0,0.0,1.794,1.0,2.0,4,32.92823013337043,86.32732810423596,pobre,basal,0,500.0,848.0,1.0,31.0,13,236,20479,2,1.0
98,0.0,0.0,1.794,0.0,3.0,4,32.92823013337043,86.32732810423596,pobre,basal,0,500.0,848.0,1.0,31.0,14,236,20479,2,1.0
97,1.0,0.0,1.794,1.0,4.0,4,32.92823013337043,86.32732810423596,pobre,basal,0,500.0,848.0,1.0,31.0,15,236,20480,4,1.0
98,1.0,0.0,1.794,0.0,4.0,4,32.92823013337043,86.32732810423596,pobre,basal,0,500.0,848.0,1.0,31.0,16,236,20480,4,1.0
97,1.0,0.0,1.794,1.0,1.0,5,32.92823013337043,86.32732810423596,pobre,basal,4,625.0,750.0,1.0,23.0,7,236,20481,1,1.0
98,1.0,0.0,1.794,1.0,1.0,5,32.92823013337043,86.32732810423596,pobre,basal,4,625.0,750.0,1.0,23.0,8,236,20481,1,1.0
97,1.0,0.0,4.0619998,0.0,6.0,8,46.56752013683266,93.67287836541963,no pobre,basal,3,750.0,768.0,1.0,55.0,14,245,20482,6,0.0
98,1.0,0.0,4.0619998,0.0,6.0,8,46.56752013683266,93.67287836541963,no pobre,basal,3,750.0,768.0,1.0,55.0,15,245,20482,6,0.0
97,0.0,0.0,4.0619998,1.0,4.0,8,46.56752013683266,93.67287836541963,no pobre,basal,3,750.0,768.0,1.0,55.0,10,245,20483,4,1.0
98,0.0,0.0,4.0619998,1.0,5.0,8,46.56752013683266,93.67287836541963,no pobre,basal,3,750.0,768.0,1.0,55.0,11,245,20483,4,1.0
97,1.0,0.0,4.0619998,0.0,9.0,5,46.56752013683266,93.67287836541963,pobre,basal,5,920.0,783.0,1.0,24.0,15,245,20484,9,0.0
98,1.0,0.0,4.0619998,0.0,9.0,5,46.56752013683266,93.67287836541963,pobre,basal,5,920.0,783.0,1.0,24.0,16,245,20484,9,0.0
97,0.0,0.0,4.0619998,1.0,3.0,7,46.56752013683266,93.67287836541963,no pobre,basal,0,720.0,947.0,1.0,49.0,11,245,20485,3,1.0
98,0.0,0.0,4.0619998,1.0,4.0,7,46.56752013683266,93.67287836541963,no pobre,basal,0,720.0,947.0,1.0,49.0,12,245,20485,3,1.0
97,0.0,0.0,4.0619998,0.0,6.0,7,46.56752013683266,93.67287836541963,pobre,basal,0,125.0,755.0,1.0,66.0,16,245,20486,6,0.0
98,0.0,0.0,4.0619998,,,7,46.56752013683266,93.67287836541963,pobre,basal,0,125.0,755.0,1.0,66.0,17,245,20486,6,0.0
97,1.0,0.0,4.0619998,0.0,6.0,7,46.56752013683266,93.67287836541963,pobre,basal,0,125.0,755.0,1.0,66.0,14,245,20487,6,0.0
98,1.0,0.0,4.0619998,0.0,6.0,7,46.56752013683266,93.67287836541963,pobre,basal,0,125.0,755.0,1.0,66.0,15,245,20487,6,0.0
97,0.0,0.0,4.0619998,1.0,3.0,7,46.56752013683266,93.67287836541963,pobre,basal,0,125.0,755.0,1.0,66.0,11,245,20488,3,1.0
98,0.0,0.0,4.0619998,1.0,4.0,7,46.56752013683266,93.67287836541963,pobre,basal,0,125.0,755.0,1.0,66.0,12,245,20488,3,1.0
97,0.0,0.0,4.0619998,1.0,1.0,7,46.56752013683266,93.67287836541963,pobre,basal,0,125.0,755.0,1.0,66.0,6,245,20489,1,1.0
98,0.0,0.0,4.0619998,1.0,2.0,7,46.56752013683266,93.67287836541963,pobre,basal,0,125.0,755.0,1.0,66.0,7,245,20489,1,1.0
97,1.0,0.0,4.0619998,1.0,1.0,7,46.56752013683266,93.67287836541963,pobre,basal,0,125.0,755.0,1.0,66.0,6,245,20490,1,1.0
98,1.0,0.0,4.0619998,1.0,2.0,7,46.56752013683266,93.67287836541963,pobre,basal,0,125.0,755.0,1.0,66.0,7,245,20490,1,1.0
97,1.0,0.0,0.89999998,1.0,1.0,6,34.27922728813854,82.73935395114906,pobre,basal,0,125.0,724.0,1.0,36.0,8,210,20491,1,1.0
98,1.0,0.0,0.89999998,1.0,1.0,6,34.27922728813854,82.73935395114906,pobre,basal,0,125.0,724.0,1.0,36.0,9,210,20491,1,1.0
97,1.0,0.0,0.89999998,0.0,1.0,8,34.27922728813854,82.73935395114906,pobre,basal,0,0.0,632.0,1.0,33.0,12,210,20492,1,0.0
98,1.0,0.0,0.89999998,,,8,34.27922728813854,82.73935395114906,pobre,basal,0,0.0,632.0,1.0,33.0,13,210,20492,1,0.0
97,1.0,0.0,0.89999998,0.0,1.0,8,34.27922728813854,82.73935395114906,pobre,basal,0,0.0,632.0,1.0,33.0,12,210,20493,1,0.0
98,1.0,0.0,0.89999998,1.0,1.0,8,34.27922728813854,82.73935395114906,pobre,basal,0,0.0,632.0,1.0,33.0,13,210,20493,1,0.0
97,1.0,0.0,0.89999998,0.0,1.0,8,34.27922728813854,82.73935395114906,pobre,basal,0,0.0,632.0,1.0,33.0,9,210,20494,1,0.0
98,1.0,0.0,0.89999998,1.0,1.0,8,34.27922728813854,82.73935395114906,pobre,basal,0,0.0,632.0,1.0,33.0,10,210,20494,1,0.0
97,0.0,0.0,0.89999998,1.0,1.0,8,34.27922728813854,82.73935395114906,pobre,basal,0,0.0,632.0,1.0,33.0,7,210,20495,1,1.0
98,0.0,0.0,0.89999998,1.0,2.0,8,34.27922728813854,82.73935395114906,pobre,basal,0,0.0,632.0,1.0,33.0,8,210,20495,1,1.0
97,1.0,0.0,4.0190001,1.0,4.0,6,112.9272507451659,132.1332581223022,pobre,basal,0,625.0,606.0,1.0,51.0,12,258,20496,4,1.0
98,1.0,0.0,4.0190001,1.0,5.0,6,112.9272507451659,132.1332581223022,pobre,basal,0,625.0,606.0,1.0,51.0,13,258,20496,4,1.0
97,0.0,0.0,4.0190001,1.0,2.0,6,112.9272507451659,132.1332581223022,pobre,basal,0,625.0,606.0,1.0,51.0,9,258,20497,2,1.0
98,0.0,0.0,4.0190001,1.0,3.0,6,112.9272507451659,132.1332581223022,pobre,basal,0,625.0,606.0,1.0,51.0,10,258,20497,2,1.0
97,1.0,0.0,4.0190001,1.0,2.0,6,112.9272507451659,132.1332581223022,pobre,basal,0,625.0,606.0,1.0,51.0,8,258,20498,2,1.0
98,1.0,0.0,4.0190001,1.0,3.0,6,112.9272507451659,132.1332581223022,pobre,basal,0,625.0,606.0,1.0,51.0,9,258,20498,2,1.0
97,1.0,0.0,0.89999998,1.0,5.0,4,34.27922728813854,82.73935395114906,pobre,basal,6,0.0,909.0,1.0,35.0,11,210,20499,5,1.0
98,1.0,0.0,0.89999998,1.0,6.0,4,34.27922728813854,82.73935395114906,pobre,basal,6,0.0,909.0,1.0,35.0,12,210,20499,5,1.0
97,0.0,0.0,0.89999998,1.0,3.0,6,34.27922728813854,82.73935395114906,pobre,basal,0,625.0,725.0,1.0,59.0,13,210,20500,3,1.0
98,0.0,0.0,0.89999998,0.0,4.0,6,34.27922728813854,82.73935395114906,pobre,basal,0,625.0,725.0,1.0,59.0,14,210,20500,3,1.0
97,0.0,0.0,0.89999998,1.0,4.0,6,34.27922728813854,82.73935395114906,pobre,basal,0,625.0,725.0,1.0,59.0,11,210,20501,4,1.0
98,0.0,0.0,0.89999998,0.0,4.0,6,34.27922728813854,82.73935395114906,pobre,basal,0,625.0,725.0,1.0,59.0,12,210,20501,4,1.0
97,0.0,0.0,0.89999998,1.0,3.0,6,34.27922728813854,82.73935395114906,pobre,basal,0,625.0,725.0,1.0,59.0,9,210,20502,3,1.0
98,0.0,0.0,0.89999998,1.0,4.0,6,34.27922728813854,82.73935395114906,pobre,basal,0,625.0,725.0,1.0,59.0,10,210,20502,3,1.0
97,1.0,0.0,0.89999998,1.0,2.0,6,34.27922728813854,82.73935395114906,pobre,basal,0,625.0,725.0,1.0,59.0,7,210,20503,2,1.0
98,1.0,0.0,0.89999998,1.0,2.0,6,34.27922728813854,82.73935395114906,pobre,basal,0,625.0,725.0,1.0,59.0,8,210,20503,2,1.0
97,1.0,0.0,0.89999998,0.0,9.0,5,34.27922728813854,82.73935395114906,no pobre,basal,3,0.0,902.0,1.0,56.0,16,210,20504,9,0.0
98,1.0,0.0,0.89999998,,,5,34.27922728813854,82.73935395114906,no pobre,basal,3,0.0,902.0,1.0,56.0,17,210,20504,9,0.0
97,1.0,0.0,0.89999998,1.0,7.0,5,34.27922728813854,82.73935395114906,no pobre,basal,3,0.0,902.0,1.0,56.0,13,210,20505,7,1.0
98,1.0,0.0,0.89999998,0.0,7.0,5,34.27922728813854,82.73935395114906,no pobre,basal,3,0.0,902.0,1.0,56.0,14,210,20505,7,1.0
97,0.0,0.0,0.42699999,1.0,1.0,9,61.68164891847273,73.27996859172299,pobre,0,0,0.0,621.5,1.0,65.0,8,232,20506,1,1.0
98,0.0,0.0,0.42699999,1.0,2.0,9,61.68164891847273,73.27996859172299,pobre,0,0,0.0,621.5,1.0,65.0,9,232,20506,1,1.0
97,1.0,0.0,0.42699999,1.0,1.0,9,61.68164891847273,73.27996859172299,pobre,0,0,0.0,621.5,1.0,65.0,6,232,20507,1,1.0
98,1.0,0.0,0.42699999,1.0,0.0,9,61.68164891847273,73.27996859172299,pobre,0,0,0.0,621.5,1.0,65.0,7,232,20507,1,1.0
97,1.0,0.0,0.42699999,0.0,5.0,9,61.68164891847273,73.27996859172299,pobre,0,0,0.0,621.5,1.0,65.0,13,232,20508,5,0.0
98,1.0,0.0,0.42699999,1.0,5.0,9,61.68164891847273,73.27996859172299,pobre,0,0,0.0,621.5,1.0,65.0,14,232,20508,5,0.0
97,0.0,0.0,0.42699999,1.0,6.0,7,61.68164891847273,73.27996859172299,pobre,0,3,0.0,622.0,1.0,56.0,16,232,20509,6,1.0
98,0.0,0.0,0.42699999,,,7,61.68164891847273,73.27996859172299,pobre,0,3,0.0,622.0,1.0,56.0,17,232,20509,6,1.0
97,1.0,0.0,0.42699999,1.0,8.0,7,61.68164891847273,73.27996859172299,pobre,0,3,0.0,622.0,1.0,56.0,14,232,20510,8,1.0
98,1.0,0.0,0.42699999,1.0,8.0,7,61.68164891847273,73.27996859172299,pobre,0,3,0.0,622.0,1.0,56.0,15,232,20510,8,1.0
97,1.0,0.0,0.42699999,1.0,2.0,7,61.68164891847273,73.27996859172299,pobre,0,3,0.0,622.0,1.0,56.0,9,232,20511,2,1.0
98,1.0,0.0,0.42699999,1.0,3.0,7,61.68164891847273,73.27996859172299,pobre,0,3,0.0,622.0,1.0,56.0,10,232,20511,2,1.0
97,1.0,0.0,0.42699999,1.0,6.0,6,61.68164891847273,73.27996859172299,pobre,0,0,750.0,750.0,1.0,57.0,13,232,20512,6,1.0
98,1.0,0.0,0.42699999,,,6,61.68164891847273,73.27996859172299,pobre,0,0,750.0,750.0,1.0,57.0,14,232,20512,6,1.0
97,0.0,0.0,0.42699999,1.0,4.0,6,61.68164891847273,73.27996859172299,pobre,0,0,750.0,750.0,1.0,57.0,12,232,20513,4,1.0
98,0.0,0.0,0.42699999,1.0,4.0,6,61.68164891847273,73.27996859172299,pobre,0,0,750.0,750.0,1.0,57.0,13,232,20513,4,1.0
97,1.0,0.0,0.42699999,1.0,3.0,6,61.68164891847273,73.27996859172299,pobre,0,0,750.0,750.0,1.0,57.0,9,232,20514,3,1.0
98,1.0,0.0,0.42699999,1.0,4.0,6,61.68164891847273,73.27996859172299,pobre,0,0,750.0,750.0,1.0,57.0,10,232,20514,3,1.0
97,1.0,0.0,4.0619998,0.0,6.0,9,46.56752013683266,93.67287836541963,no pobre,basal,2,920.0,905.0,1.0,57.0,16,245,20515,6,0.0
98,1.0,0.0,4.0619998,,,9,46.56752013683266,93.67287836541963,no pobre,basal,2,920.0,905.0,1.0,57.0,17,245,20515,6,0.0
97,0.0,0.0,4.0619998,1.0,6.0,9,46.56752013683266,93.67287836541963,no pobre,basal,2,920.0,905.0,1.0,57.0,11,245,20516,6,1.0
98,0.0,0.0,4.0619998,0.0,6.0,9,46.56752013683266,93.67287836541963,no pobre,basal,2,920.0,905.0,1.0,57.0,12,245,20516,6,1.0
97,0.0,0.0,4.0619998,1.0,3.0,9,46.56752013683266,93.67287836541963,no pobre,basal,2,920.0,905.0,1.0,57.0,9,245,20517,3,1.0
98,0.0,0.0,4.0619998,1.0,3.0,9,46.56752013683266,93.67287836541963,no pobre,basal,2,920.0,905.0,1.0,57.0,10,245,20517,3,1.0
97,0.0,1.0,3.286,,0.0,9,48.19851022247344,137.6748797477833,pobre,basal,0,0.0,423.45001,1.0,37.0,14,203,20518,0,
98,0.0,1.0,3.286,,,9,48.19851022247344,137.6748797477833,pobre,basal,0,0.0,423.45001,1.0,37.0,15,203,20518,0,
97,1.0,1.0,3.286,1.0,5.0,9,48.19851022247344,137.6748797477833,pobre,basal,0,0.0,423.45001,1.0,37.0,11,203,20519,5,1.0
98,1.0,1.0,3.286,1.0,5.0,9,48.19851022247344,137.6748797477833,pobre,basal,0,0.0,423.45001,1.0,37.0,12,203,20519,5,1.0
97,0.0,1.0,3.286,1.0,2.0,9,48.19851022247344,137.6748797477833,pobre,basal,0,0.0,423.45001,1.0,37.0,9,203,20520,2,1.0
98,0.0,1.0,3.286,,,9,48.19851022247344,137.6748797477833,pobre,basal,0,0.0,423.45001,1.0,37.0,10,203,20520,2,1.0
97,1.0,1.0,3.286,,0.0,9,48.19851022247344,137.6748797477833,pobre,basal,0,0.0,423.45001,1.0,37.0,6,203,20521,0,
98,1.0,1.0,3.286,1.0,2.0,9,48.19851022247344,137.6748797477833,pobre,basal,0,0.0,423.45001,1.0,37.0,7,203,20521,0,
97,1.0,1.0,3.286,,0.0,9,48.19851022247344,137.6748797477833,pobre,basal,0,0.0,423.45001,1.0,37.0,9,203,20522,0,
98,1.0,1.0,3.286,1.0,3.0,9,48.19851022247344,137.6748797477833,pobre,basal,0,0.0,423.45001,1.0,37.0,10,203,20522,0,
97,1.0,1.0,3.286,0.0,2.0,10,48.19851022247344,137.6748797477833,pobre,basal,0,0.0,595.0,1.0,47.0,11,203,20523,2,0.0
98,1.0,1.0,3.286,0.0,4.0,10,48.19851022247344,137.6748797477833,pobre,basal,0,0.0,595.0,1.0,47.0,12,203,20523,2,0.0
97,1.0,1.0,3.286,0.0,6.0,10,48.19851022247344,137.6748797477833,pobre,basal,0,0.0,595.0,1.0,47.0,16,203,20524,6,0.0
98,1.0,1.0,3.286,0.0,6.0,10,48.19851022247344,137.6748797477833,pobre,basal,0,0.0,595.0,1.0,47.0,17,203,20524,6,0.0
97,1.0,1.0,3.286,1.0,2.0,10,48.19851022247344,137.6748797477833,pobre,basal,0,0.0,595.0,1.0,47.0,9,203,20525,2,1.0
98,1.0,1.0,3.286,1.0,2.0,10,48.19851022247344,137.6748797477833,pobre,basal,0,0.0,595.0,1.0,47.0,10,203,20525,2,1.0
97,0.0,1.0,3.286,,0.0,10,48.19851022247344,137.6748797477833,pobre,basal,0,0.0,595.0,1.0,47.0,6,203,20526,0,
98,0.0,1.0,3.286,1.0,0.0,10,48.19851022247344,137.6748797477833,pobre,basal,0,0.0,595.0,1.0,47.0,7,203,20526,0,
97,1.0,1.0,4.7610002,0.0,6.0,2,52.11114236647833,152.7882501248859,pobre,basal,4,500.0,741.0,1.0,26.0,16,273,20527,6,0.0
98,1.0,1.0,4.7610002,,,2,52.11114236647833,152.7882501248859,pobre,basal,4,500.0,741.0,1.0,26.0,17,273,20527,6,0.0
97,1.0,,0.097000003,,0.0,4,30.33839597234041,88.87675780483835,pobre,basal,2,750.0,721.61298,1.0,42.0,13,235,20528,0,
98,1.0,,0.097000003,,,4,30.33839597234041,88.87675780483835,pobre,basal,2,750.0,721.61298,1.0,42.0,14,235,20528,0,
97,0.0,,0.097000003,1.0,3.0,4,30.33839597234041,88.87675780483835,pobre,basal,2,750.0,721.61298,1.0,42.0,10,235,20529,3,1.0
98,0.0,,0.097000003,1.0,3.0,4,30.33839597234041,88.87675780483835,pobre,basal,2,750.0,721.61298,1.0,42.0,11,235,20529,3,1.0
97,0.0,0.0,0.097000003,0.0,6.0,5,30.33839597234041,88.87675780483835,pobre,basal,4,750.0,654.82098,1.0,36.0,14,235,20530,6,0.0
98,0.0,0.0,0.097000003,1.0,6.0,5,30.33839597234041,88.87675780483835,pobre,basal,4,750.0,654.82098,1.0,36.0,15,235,20530,6,0.0
97,0.0,0.0,0.097000003,1.0,5.0,5,30.33839597234041,88.87675780483835,pobre,basal,4,750.0,654.82098,1.0,36.0,11,235,20531,5,1.0
98,0.0,0.0,0.097000003,1.0,5.0,5,30.33839597234041,88.87675780483835,pobre,basal,4,750.0,654.82098,1.0,36.0,12,235,20531,5,1.0
97,1.0,0.0,0.097000003,1.0,3.0,5,30.33839597234041,88.87675780483835,pobre,basal,4,750.0,654.82098,1.0,36.0,8,235,20532,3,1.0
98,1.0,0.0,0.097000003,1.0,3.0,5,30.33839597234041,88.87675780483835,pobre,basal,4,750.0,654.82098,1.0,36.0,9,235,20532,3,1.0
97,1.0,0.0,0.097000003,,3.0,5,30.33839597234041,88.87675780483835,no pobre,basal,9,2500.0,977.45398,1.0,31.0,8,235,20533,3,
98,1.0,0.0,0.097000003,1.0,3.0,5,30.33839597234041,88.87675780483835,no pobre,basal,9,2500.0,977.45398,1.0,31.0,9,235,20533,3,
97,1.0,,0.097000003,,0.0,5,30.33839597234041,88.87675780483835,no pobre,basal,9,2500.0,977.45398,1.0,31.0,6,235,20534,0,
98,1.0,,0.097000003,1.0,1.0,5,30.33839597234041,88.87675780483835,no pobre,basal,9,2500.0,977.45398,1.0,31.0,7,235,20534,0,
97,0.0,0.0,0.097000003,1.0,6.0,6,30.33839597234041,88.87675780483835,no pobre,basal,0,625.0,822.0,1.0,34.0,14,235,20535,6,1.0
98,0.0,0.0,0.097000003,0.0,6.0,6,30.33839597234041,88.87675780483835,no pobre,basal,0,625.0,822.0,1.0,34.0,15,235,20535,6,1.0
97,0.0,0.0,0.097000003,1.0,2.0,6,30.33839597234041,88.87675780483835,no pobre,basal,0,625.0,822.0,1.0,34.0,7,235,20536,2,1.0
98,0.0,0.0,0.097000003,1.0,2.0,6,30.33839597234041,88.87675780483835,no pobre,basal,0,625.0,822.0,1.0,34.0,8,235,20536,2,1.0
97,0.0,0.0,2.1760001,1.0,9.0,7,27.73482172638535,27.73482172638535,pobre,0,0,0.0,625.39502,1.0,70.0,13,200,20537,9,1.0
98,0.0,0.0,2.1760001,0.0,10.0,7,27.73482172638535,27.73482172638535,pobre,0,0,0.0,625.39502,1.0,70.0,14,200,20537,9,1.0
97,0.0,0.0,2.1760001,1.0,4.0,7,27.73482172638535,27.73482172638535,pobre,0,0,0.0,625.39502,1.0,70.0,11,200,20538,4,1.0
98,0.0,0.0,2.1760001,1.0,5.0,7,27.73482172638535,27.73482172638535,pobre,0,0,0.0,625.39502,1.0,70.0,12,200,20538,4,1.0
97,0.0,0.0,2.1760001,1.0,1.0,7,27.73482172638535,27.73482172638535,pobre,0,0,0.0,625.39502,1.0,70.0,7,200,20539,1,1.0
98,0.0,0.0,2.1760001,1.0,2.0,7,27.73482172638535,27.73482172638535,pobre,0,0,0.0,625.39502,1.0,70.0,8,200,20539,1,1.0
97,1.0,0.0,0.097000003,0.0,6.0,7,30.33839597234041,88.87675780483835,no pobre,basal,4,800.0,760.5,1.0,35.0,13,235,20540,6,0.0
98,1.0,0.0,0.097000003,0.0,6.0,7,30.33839597234041,88.87675780483835,no pobre,basal,4,800.0,760.5,1.0,35.0,14,235,20540,6,0.0
97,0.0,0.0,0.097000003,1.0,3.0,7,30.33839597234041,88.87675780483835,no pobre,basal,4,800.0,760.5,1.0,35.0,12,235,20541,3,1.0
98,0.0,0.0,0.097000003,1.0,4.0,7,30.33839597234041,88.87675780483835,no pobre,basal,4,800.0,760.5,1.0,35.0,13,235,20541,3,1.0
97,1.0,0.0,0.097000003,1.0,2.0,7,30.33839597234041,88.87675780483835,no pobre,basal,4,800.0,760.5,1.0,35.0,10,235,20542,2,1.0
98,1.0,0.0,0.097000003,1.0,3.0,7,30.33839597234041,88.87675780483835,no pobre,basal,4,800.0,760.5,1.0,35.0,11,235,20542,2,1.0
97,0.0,0.0,0.097000003,1.0,8.0,5,30.33839597234041,88.87675780483835,pobre,basal,4,0.0,734.0,1.0,37.0,16,235,20543,8,1.0
98,0.0,0.0,0.097000003,,,5,30.33839597234041,88.87675780483835,pobre,basal,4,0.0,734.0,1.0,37.0,17,235,20543,8,1.0
97,1.0,0.0,0.097000003,1.0,2.0,5,30.33839597234041,88.87675780483835,pobre,basal,4,0.0,734.0,1.0,37.0,10,235,20544,2,1.0
98,1.0,0.0,0.097000003,1.0,3.0,5,30.33839597234041,88.87675780483835,pobre,basal,4,0.0,734.0,1.0,37.0,11,235,20544,2,1.0
97,1.0,0.0,0.097000003,0.0,6.0,10,30.33839597234041,88.87675780483835,no pobre,basal,9,0.0,865.0,1.0,38.0,14,235,20545,6,0.0
98,1.0,0.0,0.097000003,,,10,30.33839597234041,88.87675780483835,no pobre,basal,9,0.0,865.0,1.0,38.0,15,235,20545,6,0.0
97,0.0,0.0,0.097000003,1.0,5.0,10,30.33839597234041,88.87675780483835,no pobre,basal,9,0.0,865.0,1.0,38.0,11,235,20546,5,1.0
98,0.0,0.0,0.097000003,1.0,5.0,10,30.33839597234041,88.87675780483835,no pobre,basal,9,0.0,865.0,1.0,38.0,12,235,20546,5,1.0
97,1.0,0.0,0.097000003,1.0,1.0,10,30.33839597234041,88.87675780483835,no pobre,basal,9,0.0,865.0,1.0,38.0,9,235,20547,1,1.0
98,1.0,0.0,0.097000003,1.0,1.0,10,30.33839597234041,88.87675780483835,no pobre,basal,9,0.0,865.0,1.0,38.0,10,235,20547,1,1.0
97,1.0,0.0,0.097000003,1.0,0.0,10,30.33839597234041,88.87675780483835,no pobre,basal,9,0.0,865.0,1.0,38.0,8,235,20548,0,1.0
98,1.0,0.0,0.097000003,1.0,1.0,10,30.33839597234041,88.87675780483835,no pobre,basal,9,0.0,865.0,1.0,38.0,9,235,20548,0,1.0
97,0.0,0.0,0.097000003,1.0,8.0,10,30.33839597234041,88.87675780483835,no pobre,basal,9,0.0,865.0,1.0,38.0,15,235,20549,8,1.0
98,0.0,0.0,0.097000003,,,10,30.33839597234041,88.87675780483835,no pobre,basal,9,0.0,865.0,1.0,38.0,16,235,20549,8,1.0
97,0.0,0.0,0.097000003,0.0,6.0,4,30.33839597234041,88.87675780483835,no pobre,basal,0,0.0,940.0,1.0,64.0,16,235,20550,6,0.0
98,0.0,0.0,0.097000003,,,4,30.33839597234041,88.87675780483835,no pobre,basal,0,0.0,940.0,1.0,64.0,17,235,20550,6,0.0
97,1.0,0.0,2.1760001,1.0,8.0,6,27.73482172638535,27.73482172638535,pobre,0,2,750.0,777.0,1.0,38.0,16,200,20551,8,1.0
98,1.0,0.0,2.1760001,,,6,27.73482172638535,27.73482172638535,pobre,0,2,750.0,777.0,1.0,38.0,17,200,20551,8,1.0
97,0.0,0.0,2.1760001,1.0,4.0,6,27.73482172638535,27.73482172638535,pobre,0,2,750.0,777.0,1.0,38.0,14,200,20552,4,1.0
98,0.0,0.0,2.1760001,,,6,27.73482172638535,27.73482172638535,pobre,0,2,750.0,777.0,1.0,38.0,15,200,20552,4,1.0
97,0.0,0.0,2.1760001,1.0,1.0,6,27.73482172638535,27.73482172638535,pobre,0,2,750.0,777.0,1.0,38.0,10,200,20553,1,1.0
98,0.0,0.0,2.1760001,1.0,2.0,6,27.73482172638535,27.73482172638535,pobre,0,2,750.0,777.0,1.0,38.0,11,200,20553,1,1.0
97,1.0,0.0,2.1760001,1.0,1.0,6,27.73482172638535,27.73482172638535,pobre,0,2,750.0,777.0,1.0,38.0,7,200,20554,1,1.0
98,1.0,0.0,2.1760001,1.0,1.0,6,27.73482172638535,27.73482172638535,pobre,0,2,750.0,777.0,1.0,38.0,8,200,20554,1,1.0
97,1.0,,2.1760001,0.0,2.0,9,27.73482172638535,27.73482172638535,pobre,0,0,800.0,745.0,1.0,36.0,12,200,20555,2,0.0
98,1.0,,2.1760001,1.0,2.0,9,27.73482172638535,27.73482172638535,pobre,0,0,800.0,745.0,1.0,36.0,13,200,20555,2,0.0
97,1.0,,2.1760001,1.0,1.0,9,27.73482172638535,27.73482172638535,pobre,0,0,800.0,745.0,1.0,36.0,8,200,20556,1,1.0
98,1.0,,2.1760001,1.0,2.0,9,27.73482172638535,27.73482172638535,pobre,0,0,800.0,745.0,1.0,36.0,9,200,20556,1,1.0
97,1.0,,2.1760001,1.0,1.0,9,27.73482172638535,27.73482172638535,pobre,0,0,800.0,745.0,1.0,36.0,8,200,20557,1,1.0
98,1.0,,2.1760001,1.0,2.0,9,27.73482172638535,27.73482172638535,pobre,0,0,800.0,745.0,1.0,36.0,9,200,20557,1,1.0
97,1.0,,2.1760001,1.0,0.0,9,27.73482172638535,27.73482172638535,pobre,0,0,800.0,745.0,1.0,36.0,6,200,20558,0,1.0
98,1.0,,2.1760001,1.0,1.0,9,27.73482172638535,27.73482172638535,pobre,0,0,800.0,745.0,1.0,36.0,7,200,20558,0,1.0
97,0.0,,2.1760001,0.0,6.0,9,27.73482172638535,27.73482172638535,pobre,0,0,800.0,745.0,1.0,36.0,14,200,20559,6,0.0
98,0.0,,2.1760001,0.0,6.0,9,27.73482172638535,27.73482172638535,pobre,0,0,800.0,745.0,1.0,36.0,15,200,20559,6,0.0
97,1.0,0.0,0.097000003,1.0,6.0,6,30.33839597234041,88.87675780483835,pobre,basal,0,800.0,751.0,1.0,45.0,14,235,20560,6,1.0
98,1.0,0.0,0.097000003,1.0,6.0,6,30.33839597234041,88.87675780483835,pobre,basal,0,800.0,751.0,1.0,45.0,15,235,20560,6,1.0
97,1.0,0.0,0.097000003,1.0,1.0,6,30.33839597234041,88.87675780483835,pobre,basal,0,800.0,751.0,1.0,45.0,11,235,20561,1,1.0
98,1.0,0.0,0.097000003,1.0,2.0,6,30.33839597234041,88.87675780483835,pobre,basal,0,800.0,751.0,1.0,45.0,12,235,20561,1,1.0
97,1.0,0.0,0.097000003,0.0,6.0,7,30.33839597234041,88.87675780483835,no pobre,basal,0,2500.0,849.5,1.0,57.0,16,235,20562,6,0.0
98,1.0,0.0,0.097000003,,,7,30.33839597234041,88.87675780483835,no pobre,basal,0,2500.0,849.5,1.0,57.0,17,235,20562,6,0.0
97,1.0,0.0,0.097000003,1.0,5.0,7,30.33839597234041,88.87675780483835,no pobre,basal,0,2500.0,849.5,1.0,57.0,11,235,20563,5,1.0
98,1.0,0.0,0.097000003,1.0,5.0,7,30.33839597234041,88.87675780483835,no pobre,basal,0,2500.0,849.5,1.0,57.0,12,235,20563,5,1.0
97,0.0,0.0,0.097000003,1.0,6.0,6,30.33839597234041,88.87675780483835,no pobre,basal,0,0.0,762.0,1.0,42.0,12,235,20564,6,1.0
98,0.0,0.0,0.097000003,0.0,6.0,6,30.33839597234041,88.87675780483835,no pobre,basal,0,0.0,762.0,1.0,42.0,13,235,20564,6,1.0
97,0.0,0.0,0.097000003,,0.0,9,30.33839597234041,88.87675780483835,no pobre,basal,3,500.0,921.0,1.0,40.0,14,235,20565,0,
98,0.0,0.0,0.097000003,0.0,6.0,9,30.33839597234041,88.87675780483835,no pobre,basal,3,500.0,921.0,1.0,40.0,15,235,20565,0,
97,0.0,0.0,0.097000003,1.0,6.0,4,30.33839597234041,88.87675780483835,no pobre,basal,3,400.0,895.0,1.0,35.0,11,235,20566,6,1.0
98,0.0,0.0,0.097000003,1.0,6.0,4,30.33839597234041,88.87675780483835,no pobre,basal,3,400.0,895.0,1.0,35.0,12,235,20566,6,1.0
97,0.0,0.0,0.097000003,1.0,4.0,4,30.33839597234041,88.87675780483835,no pobre,basal,3,400.0,895.0,1.0,35.0,9,235,20567,4,1.0
98,0.0,0.0,0.097000003,1.0,4.0,4,30.33839597234041,88.87675780483835,no pobre,basal,3,400.0,895.0,1.0,35.0,10,235,20567,4,1.0
97,1.0,0.0,0.097000003,1.0,9.0,6,30.33839597234041,88.87675780483835,no pobre,basal,3,800.0,808.18298,1.0,40.0,15,235,20568,9,1.0
98,1.0,0.0,0.097000003,1.0,9.0,6,30.33839597234041,88.87675780483835,no pobre,basal,3,800.0,808.18298,1.0,40.0,16,235,20568,9,1.0
97,1.0,0.0,0.097000003,1.0,2.0,6,30.33839597234041,88.87675780483835,no pobre,basal,3,800.0,808.18298,1.0,40.0,13,235,20569,2,1.0
98,1.0,0.0,0.097000003,1.0,8.0,6,30.33839597234041,88.87675780483835,no pobre,basal,3,800.0,808.18298,1.0,40.0,14,235,20569,2,1.0
97,0.0,0.0,0.097000003,1.0,5.0,6,30.33839597234041,88.87675780483835,no pobre,basal,3,800.0,808.18298,1.0,40.0,10,235,20570,5,1.0
98,0.0,0.0,0.097000003,1.0,6.0,6,30.33839597234041,88.87675780483835,no pobre,basal,3,800.0,808.18298,1.0,40.0,11,235,20570,5,1.0
97,1.0,0.0,0.097000003,0.0,6.0,6,30.33839597234041,88.87675780483835,no pobre,basal,4,600.0,953.0,1.0,40.0,15,235,20571,6,0.0
98,1.0,0.0,0.097000003,0.0,6.0,6,30.33839597234041,88.87675780483835,no pobre,basal,4,600.0,953.0,1.0,40.0,16,235,20571,6,0.0
97,1.0,0.0,0.097000003,1.0,2.0,6,30.33839597234041,88.87675780483835,no pobre,basal,4,600.0,953.0,1.0,40.0,13,235,20572,2,1.0
98,1.0,0.0,0.097000003,0.0,3.0,6,30.33839597234041,88.87675780483835,no pobre,basal,4,600.0,953.0,1.0,40.0,14,235,20572,2,1.0
97,0.0,0.0,0.097000003,1.0,5.0,6,30.33839597234041,88.87675780483835,no pobre,basal,4,600.0,953.0,1.0,40.0,11,235,20573,5,1.0
98,0.0,0.0,0.097000003,1.0,6.0,6,30.33839597234041,88.87675780483835,no pobre,basal,4,600.0,953.0,1.0,40.0,12,235,20573,5,1.0
97,1.0,0.0,0.097000003,0.0,6.0,10,30.33839597234041,88.87675780483835,no pobre,basal,0,0.0,1026.5,1.0,59.0,16,235,20574,6,0.0
98,1.0,0.0,0.097000003,0.0,6.0,10,30.33839597234041,88.87675780483835,no pobre,basal,0,0.0,1026.5,1.0,59.0,17,235,20574,6,0.0
97,0.0,0.0,0.097000003,0.0,6.0,10,30.33839597234041,88.87675780483835,no pobre,basal,0,0.0,1026.5,1.0,59.0,15,235,20575,6,0.0
98,0.0,0.0,0.097000003,0.0,6.0,10,30.33839597234041,88.87675780483835,no pobre,basal,0,0.0,1026.5,1.0,59.0,16,235,20575,6,0.0
97,0.0,0.0,0.097000003,0.0,6.0,10,30.33839597234041,88.87675780483835,no pobre,basal,0,0.0,1026.5,1.0,59.0,13,235,20576,6,0.0
98,0.0,0.0,0.097000003,0.0,6.0,10,30.33839597234041,88.87675780483835,no pobre,basal,0,0.0,1026.5,1.0,59.0,14,235,20576,6,0.0
97,1.0,0.0,2.1760001,0.0,3.0,9,27.73482172638535,27.73482172638535,no pobre,0,2,50.0,823.0,1.0,39.0,16,200,20577,3,0.0
98,1.0,0.0,2.1760001,,,9,27.73482172638535,27.73482172638535,no pobre,0,2,50.0,823.0,1.0,39.0,17,200,20577,3,0.0
97,0.0,0.0,2.1760001,1.0,3.0,9,27.73482172638535,27.73482172638535,no pobre,0,2,50.0,823.0,1.0,39.0,14,200,20578,3,1.0
98,0.0,0.0,2.1760001,1.0,4.0,9,27.73482172638535,27.73482172638535,no pobre,0,2,50.0,823.0,1.0,39.0,15,200,20578,3,1.0
97,1.0,0.0,2.1760001,1.0,3.0,9,27.73482172638535,27.73482172638535,no pobre,0,2,50.0,823.0,1.0,39.0,12,200,20579,3,1.0
98,1.0,0.0,2.1760001,1.0,4.0,9,27.73482172638535,27.73482172638535,no pobre,0,2,50.0,823.0,1.0,39.0,13,200,20579,3,1.0
97,0.0,0.0,1.9579999,0.0,6.0,8,45.03346465223554,112.0531231946292,pobre,basal,3,500.0,665.0,1.0,37.0,15,240,20580,6,0.0
98,0.0,0.0,1.9579999,0.0,6.0,8,45.03346465223554,112.0531231946292,pobre,basal,3,500.0,665.0,1.0,37.0,16,240,20580,6,0.0
97,1.0,0.0,1.9579999,1.0,4.0,8,45.03346465223554,112.0531231946292,pobre,basal,3,500.0,665.0,1.0,37.0,14,240,20581,4,1.0
98,1.0,0.0,1.9579999,0.0,4.0,8,45.03346465223554,112.0531231946292,pobre,basal,3,500.0,665.0,1.0,37.0,15,240,20581,4,1.0
97,1.0,0.0,1.9579999,1.0,4.0,8,45.03346465223554,112.0531231946292,pobre,basal,3,500.0,665.0,1.0,37.0,9,240,20582,4,1.0
98,1.0,0.0,1.9579999,1.0,4.0,8,45.03346465223554,112.0531231946292,pobre,basal,3,500.0,665.0,1.0,37.0,10,240,20582,4,1.0
97,1.0,0.0,0.097000003,0.0,9.0,4,30.33839597234041,88.87675780483835,pobre,basal,0,0.0,792.0,1.0,60.0,15,235,20583,9,0.0
98,1.0,0.0,0.097000003,,,4,30.33839597234041,88.87675780483835,pobre,basal,0,0.0,792.0,1.0,60.0,16,235,20583,9,0.0
97,0.0,0.0,0.097000003,0.0,4.0,6,30.33839597234041,88.87675780483835,no pobre,basal,2,0.0,770.0,1.0,47.0,14,235,20584,4,0.0
98,0.0,0.0,0.097000003,0.0,5.0,6,30.33839597234041,88.87675780483835,no pobre,basal,2,0.0,770.0,1.0,47.0,15,235,20584,4,0.0
97,1.0,0.0,0.097000003,0.0,3.0,6,30.33839597234041,88.87675780483835,no pobre,basal,2,0.0,770.0,1.0,47.0,12,235,20585,3,0.0
98,1.0,0.0,0.097000003,0.0,3.0,6,30.33839597234041,88.87675780483835,no pobre,basal,2,0.0,770.0,1.0,47.0,13,235,20585,3,0.0
97,1.0,0.0,0.097000003,1.0,0.0,6,30.33839597234041,88.87675780483835,no pobre,basal,2,0.0,770.0,1.0,47.0,6,235,20586,0,1.0
98,1.0,0.0,0.097000003,1.0,0.0,6,30.33839597234041,88.87675780483835,no pobre,basal,2,0.0,770.0,1.0,47.0,7,235,20586,0,1.0
97,1.0,0.0,0.097000003,0.0,9.0,4,30.33839597234041,88.87675780483835,pobre,basal,2,720.0,778.0,0.0,44.0,16,235,20587,9,0.0
98,1.0,0.0,0.097000003,,,4,30.33839597234041,88.87675780483835,pobre,basal,2,720.0,778.0,0.0,44.0,17,235,20587,9,0.0
97,0.0,0.0,0.097000003,0.0,6.0,4,30.33839597234041,88.87675780483835,pobre,basal,2,720.0,778.0,0.0,44.0,15,235,20588,6,0.0
98,0.0,0.0,0.097000003,,,4,30.33839597234041,88.87675780483835,pobre,basal,2,720.0,778.0,0.0,44.0,16,235,20588,6,0.0
97,0.0,0.0,0.097000003,1.0,1.0,4,30.33839597234041,88.87675780483835,pobre,basal,2,720.0,778.0,0.0,44.0,8,235,20589,1,1.0
98,0.0,0.0,0.097000003,,,4,30.33839597234041,88.87675780483835,pobre,basal,2,720.0,778.0,0.0,44.0,9,235,20589,1,1.0
97,0.0,0.0,0.097000003,1.0,1.0,4,30.33839597234041,88.87675780483835,no pobre,basal,5,0.0,831.0,1.0,30.0,6,235,20590,1,1.0
98,0.0,0.0,0.097000003,1.0,2.0,4,30.33839597234041,88.87675780483835,no pobre,basal,5,0.0,831.0,1.0,30.0,7,235,20590,1,1.0
97,1.0,0.0,2.675,0.0,6.0,4,43.88550107354883,43.88550107354883,pobre,0,2,0.0,877.0,1.0,62.0,16,246,20591,6,0.0
98,1.0,0.0,2.675,,,4,43.88550107354883,43.88550107354883,pobre,0,2,0.0,877.0,1.0,62.0,17,246,20591,6,0.0
97,0.0,0.0,2.675,1.0,7.0,13,43.88550107354883,43.88550107354883,pobre,0,3,0.0,694.0,1.0,53.0,15,246,20592,7,1.0
98,0.0,0.0,2.675,0.0,8.0,13,43.88550107354883,43.88550107354883,pobre,0,3,0.0,694.0,1.0,53.0,16,246,20592,7,1.0
97,1.0,0.0,2.675,1.0,3.0,13,43.88550107354883,43.88550107354883,pobre,0,3,0.0,694.0,1.0,53.0,9,246,20593,3,1.0
98,1.0,0.0,2.675,1.0,4.0,13,43.88550107354883,43.88550107354883,pobre,0,3,0.0,694.0,1.0,53.0,10,246,20593,3,1.0
97,0.0,0.0,2.675,1.0,7.0,13,43.88550107354883,43.88550107354883,pobre,0,3,0.0,694.0,1.0,53.0,14,246,20594,7,1.0
98,0.0,0.0,2.675,0.0,8.0,13,43.88550107354883,43.88550107354883,pobre,0,3,0.0,694.0,1.0,53.0,15,246,20594,7,1.0
97,0.0,0.0,2.675,1.0,7.0,13,43.88550107354883,43.88550107354883,pobre,0,3,0.0,694.0,1.0,53.0,14,246,20595,7,1.0
98,0.0,0.0,2.675,,,13,43.88550107354883,43.88550107354883,pobre,0,3,0.0,694.0,1.0,53.0,15,246,20595,7,1.0
97,0.0,0.0,2.675,1.0,5.0,13,43.88550107354883,43.88550107354883,pobre,0,3,0.0,694.0,1.0,53.0,11,246,20596,5,1.0
98,0.0,0.0,2.675,1.0,6.0,13,43.88550107354883,43.88550107354883,pobre,0,3,0.0,694.0,1.0,53.0,12,246,20596,5,1.0
97,1.0,0.0,2.1760001,0.0,1.0,10,27.73482172638535,27.73482172638535,pobre,0,3,0.0,688.0,1.0,42.0,16,200,20597,1,0.0
98,1.0,0.0,2.1760001,,,10,27.73482172638535,27.73482172638535,pobre,0,3,0.0,688.0,1.0,42.0,17,200,20597,1,0.0
97,1.0,0.0,2.1760001,0.0,5.0,10,27.73482172638535,27.73482172638535,pobre,0,3,0.0,688.0,1.0,42.0,15,200,20598,5,0.0
98,1.0,0.0,2.1760001,,,10,27.73482172638535,27.73482172638535,pobre,0,3,0.0,688.0,1.0,42.0,16,200,20598,5,0.0
97,0.0,0.0,2.1760001,0.0,5.0,10,27.73482172638535,27.73482172638535,pobre,0,3,0.0,688.0,1.0,42.0,13,200,20599,5,0.0
98,0.0,0.0,2.1760001,,,10,27.73482172638535,27.73482172638535,pobre,0,3,0.0,688.0,1.0,42.0,14,200,20599,5,0.0
97,1.0,0.0,2.1760001,1.0,1.0,10,27.73482172638535,27.73482172638535,pobre,0,3,0.0,688.0,1.0,42.0,10,200,20600,1,1.0
98,1.0,0.0,2.1760001,1.0,2.0,10,27.73482172638535,27.73482172638535,pobre,0,3,0.0,688.0,1.0,42.0,11,200,20600,1,1.0
97,1.0,0.0,2.1760001,1.0,1.0,10,27.73482172638535,27.73482172638535,pobre,0,3,0.0,688.0,1.0,42.0,9,200,20601,1,1.0
98,1.0,0.0,2.1760001,1.0,2.0,10,27.73482172638535,27.73482172638535,pobre,0,3,0.0,688.0,1.0,42.0,10,200,20601,1,1.0
97,0.0,0.0,2.1760001,1.0,0.0,10,27.73482172638535,27.73482172638535,pobre,0,3,0.0,688.0,1.0,42.0,6,200,20602,0,1.0
98,0.0,0.0,2.1760001,1.0,1.0,10,27.73482172638535,27.73482172638535,pobre,0,3,0.0,688.0,1.0,42.0,7,200,20602,0,1.0
97,0.0,0.0,4.0619998,0.0,6.0,9,46.56752013683266,93.67287836541963,no pobre,basal,0,880.0,868.0,1.0,48.0,16,245,20603,6,0.0
98,0.0,0.0,4.0619998,0.0,6.0,9,46.56752013683266,93.67287836541963,no pobre,basal,0,880.0,868.0,1.0,48.0,17,245,20603,6,0.0
97,1.0,0.0,4.0619998,1.0,6.0,9,46.56752013683266,93.67287836541963,no pobre,basal,0,880.0,868.0,1.0,48.0,13,245,20604,6,1.0
98,1.0,0.0,4.0619998,1.0,7.0,9,46.56752013683266,93.67287836541963,no pobre,basal,0,880.0,868.0,1.0,48.0,14,245,20604,6,1.0
97,1.0,0.0,4.0619998,1.0,0.0,9,46.56752013683266,93.67287836541963,no pobre,basal,0,880.0,868.0,1.0,48.0,6,245,20605,0,1.0
98,1.0,0.0,4.0619998,1.0,1.0,9,46.56752013683266,93.67287836541963,no pobre,basal,0,880.0,868.0,1.0,48.0,7,245,20605,0,1.0
97,0.0,0.0,4.0619998,1.0,0.0,9,46.56752013683266,93.67287836541963,no pobre,basal,0,880.0,868.0,1.0,48.0,6,245,20606,0,1.0
98,0.0,0.0,4.0619998,1.0,1.0,9,46.56752013683266,93.67287836541963,no pobre,basal,0,880.0,868.0,1.0,48.0,7,245,20606,0,1.0
97,0.0,0.0,2.675,0.0,6.0,6,43.88550107354883,43.88550107354883,pobre,0,3,625.0,741.0,1.0,37.0,16,246,20607,6,0.0
98,0.0,0.0,2.675,,,6,43.88550107354883,43.88550107354883,pobre,0,3,625.0,741.0,1.0,37.0,17,246,20607,6,0.0
97,1.0,0.0,2.675,0.0,3.0,6,43.88550107354883,43.88550107354883,pobre,0,3,625.0,741.0,1.0,37.0,14,246,20608,3,0.0
98,1.0,0.0,2.675,0.0,3.0,6,43.88550107354883,43.88550107354883,pobre,0,3,625.0,741.0,1.0,37.0,15,246,20608,3,0.0
97,1.0,0.0,2.675,1.0,5.0,6,43.88550107354883,43.88550107354883,pobre,0,3,625.0,741.0,1.0,37.0,12,246,20609,5,1.0
98,1.0,0.0,2.675,1.0,6.0,6,43.88550107354883,43.88550107354883,pobre,0,3,625.0,741.0,1.0,37.0,13,246,20609,5,1.0
97,0.0,0.0,2.675,1.0,1.0,6,43.88550107354883,43.88550107354883,pobre,0,3,625.0,741.0,1.0,37.0,6,246,20610,1,1.0
98,0.0,0.0,2.675,1.0,1.0,6,43.88550107354883,43.88550107354883,pobre,0,3,625.0,741.0,1.0,37.0,7,246,20610,1,1.0
97,0.0,0.0,2.675,0.0,6.0,4,43.88550107354883,43.88550107354883,pobre,0,6,625.0,809.0,1.0,63.0,15,246,20611,6,0.0
98,0.0,0.0,2.675,0.0,6.0,4,43.88550107354883,43.88550107354883,pobre,0,6,625.0,809.0,1.0,63.0,16,246,20611,6,0.0
97,1.0,0.0,2.675,0.0,6.0,4,43.88550107354883,43.88550107354883,pobre,0,6,625.0,809.0,1.0,63.0,16,246,20612,6,0.0
98,1.0,0.0,2.675,,,4,43.88550107354883,43.88550107354883,pobre,0,6,625.0,809.0,1.0,63.0,17,246,20612,6,0.0
97,1.0,0.0,2.675,0.0,6.0,4,43.88550107354883,43.88550107354883,pobre,0,6,625.0,809.0,1.0,63.0,14,246,20613,6,0.0
98,1.0,0.0,2.675,0.0,6.0,4,43.88550107354883,43.88550107354883,pobre,0,6,625.0,809.0,1.0,63.0,15,246,20613,6,0.0
97,0.0,0.0,4.0619998,1.0,7.0,7,46.56752013683266,93.67287836541963,pobre,basal,6,960.0,774.0,1.0,45.0,14,245,20614,7,1.0
98,0.0,0.0,4.0619998,1.0,8.0,7,46.56752013683266,93.67287836541963,pobre,basal,6,960.0,774.0,1.0,45.0,15,245,20614,7,1.0
97,1.0,0.0,4.0619998,1.0,7.0,7,46.56752013683266,93.67287836541963,pobre,basal,6,960.0,774.0,1.0,45.0,13,245,20615,7,1.0
98,1.0,0.0,4.0619998,1.0,8.0,7,46.56752013683266,93.67287836541963,pobre,basal,6,960.0,774.0,1.0,45.0,14,245,20615,7,1.0
97,0.0,0.0,4.0619998,1.0,4.0,7,46.56752013683266,93.67287836541963,pobre,basal,6,960.0,774.0,1.0,45.0,11,245,20616,4,1.0
98,0.0,0.0,4.0619998,1.0,5.0,7,46.56752013683266,93.67287836541963,pobre,basal,6,960.0,774.0,1.0,45.0,12,245,20616,4,1.0
97,0.0,0.0,2.675,0.0,7.0,9,43.88550107354883,43.88550107354883,pobre,0,2,750.0,546.0,1.0,42.0,15,246,20617,7,0.0
98,0.0,0.0,2.675,,,9,43.88550107354883,43.88550107354883,pobre,0,2,750.0,546.0,1.0,42.0,16,246,20617,7,0.0
97,1.0,0.0,2.675,1.0,7.0,9,43.88550107354883,43.88550107354883,pobre,0,2,750.0,546.0,1.0,42.0,12,246,20618,7,1.0
98,1.0,0.0,2.675,1.0,7.0,9,43.88550107354883,43.88550107354883,pobre,0,2,750.0,546.0,1.0,42.0,13,246,20618,7,1.0
97,1.0,0.0,2.675,1.0,5.0,9,43.88550107354883,43.88550107354883,pobre,0,2,750.0,546.0,1.0,42.0,11,246,20619,5,1.0
98,1.0,0.0,2.675,1.0,6.0,9,43.88550107354883,43.88550107354883,pobre,0,2,750.0,546.0,1.0,42.0,12,246,20619,5,1.0
97,0.0,0.0,2.675,1.0,3.0,9,43.88550107354883,43.88550107354883,pobre,0,2,750.0,546.0,1.0,42.0,10,246,20620,3,1.0
98,0.0,0.0,2.675,1.0,4.0,9,43.88550107354883,43.88550107354883,pobre,0,2,750.0,546.0,1.0,42.0,11,246,20620,3,1.0
97,1.0,0.0,2.675,1.0,2.0,9,43.88550107354883,43.88550107354883,pobre,0,2,750.0,546.0,1.0,42.0,8,246,20621,2,1.0
98,1.0,0.0,2.675,1.0,2.0,9,43.88550107354883,43.88550107354883,pobre,0,2,750.0,546.0,1.0,42.0,9,246,20621,2,1.0
97,1.0,0.0,2.675,1.0,0.0,9,43.88550107354883,43.88550107354883,pobre,0,2,750.0,546.0,1.0,42.0,7,246,20622,0,1.0
98,1.0,0.0,2.675,1.0,1.0,9,43.88550107354883,43.88550107354883,pobre,0,2,750.0,546.0,1.0,42.0,8,246,20622,0,1.0
97,0.0,0.0,4.4980001,1.0,4.0,16,44.27437117891451,74.27470274334199,no pobre,0,3,750.0,923.0,1.0,52.0,16,211,20623,4,1.0
98,0.0,0.0,4.4980001,1.0,5.0,16,44.27437117891451,74.27470274334199,no pobre,0,3,750.0,923.0,1.0,52.0,17,211,20623,4,1.0
97,1.0,0.0,4.4980001,,0.0,16,44.27437117891451,74.27470274334199,no pobre,0,3,750.0,923.0,1.0,52.0,6,211,20624,0,
98,1.0,0.0,4.4980001,,,16,44.27437117891451,74.27470274334199,no pobre,0,3,750.0,923.0,1.0,52.0,7,211,20624,0,
97,1.0,0.0,4.4980001,1.0,5.0,7,44.27437117891451,74.27470274334199,pobre,0,2,625.0,752.0,1.0,35.0,11,211,20625,5,1.0
98,1.0,0.0,4.4980001,1.0,6.0,7,44.27437117891451,74.27470274334199,pobre,0,2,625.0,752.0,1.0,35.0,12,211,20625,5,1.0
97,1.0,0.0,4.4980001,1.0,2.0,7,44.27437117891451,74.27470274334199,pobre,0,2,625.0,752.0,1.0,35.0,8,211,20626,2,1.0
98,1.0,0.0,4.4980001,1.0,3.0,7,44.27437117891451,74.27470274334199,pobre,0,2,625.0,752.0,1.0,35.0,9,211,20626,2,1.0
97,0.0,0.0,4.4980001,1.0,1.0,7,44.27437117891451,74.27470274334199,pobre,0,2,625.0,752.0,1.0,35.0,7,211,20627,1,1.0
98,0.0,0.0,4.4980001,1.0,1.0,7,44.27437117891451,74.27470274334199,pobre,0,2,625.0,752.0,1.0,35.0,8,211,20627,1,1.0
97,1.0,0.0,4.4980001,1.0,1.0,5,44.27437117891451,74.27470274334199,pobre,0,12,625.0,777.0,1.0,27.0,6,211,20628,1,1.0
98,1.0,0.0,4.4980001,1.0,2.0,5,44.27437117891451,74.27470274334199,pobre,0,12,625.0,777.0,1.0,27.0,7,211,20628,1,1.0
97,1.0,0.0,4.4980001,1.0,1.0,3,44.27437117891451,74.27470274334199,pobre,0,3,1376.0,837.0,1.0,56.0,7,211,20629,1,1.0
98,1.0,0.0,4.4980001,1.0,2.0,3,44.27437117891451,74.27470274334199,pobre,0,3,1376.0,837.0,1.0,56.0,8,211,20629,1,1.0
97,0.0,0.0,4.4980001,0.0,4.0,3,44.27437117891451,74.27470274334199,pobre,0,9,750.0,849.0,1.0,18.0,15,211,20630,4,0.0
98,0.0,0.0,4.4980001,,,3,44.27437117891451,74.27470274334199,pobre,0,9,750.0,849.0,1.0,18.0,16,211,20630,4,0.0
97,0.0,0.0,4.4980001,0.0,6.0,10,44.27437117891451,74.27470274334199,no pobre,0,2,625.0,810.0,1.0,46.0,16,211,20631,6,0.0
98,0.0,0.0,4.4980001,,,10,44.27437117891451,74.27470274334199,no pobre,0,2,625.0,810.0,1.0,46.0,17,211,20631,6,0.0
97,1.0,0.0,4.4980001,1.0,7.0,10,44.27437117891451,74.27470274334199,no pobre,0,2,625.0,810.0,1.0,46.0,13,211,20632,7,1.0
98,1.0,0.0,4.4980001,1.0,8.0,10,44.27437117891451,74.27470274334199,no pobre,0,2,625.0,810.0,1.0,46.0,14,211,20632,7,1.0
97,0.0,0.0,4.4980001,1.0,5.0,10,44.27437117891451,74.27470274334199,no pobre,0,2,625.0,810.0,1.0,46.0,12,211,20633,5,1.0
98,0.0,0.0,4.4980001,0.0,6.0,10,44.27437117891451,74.27470274334199,no pobre,0,2,625.0,810.0,1.0,46.0,13,211,20633,5,1.0
97,1.0,0.0,4.4980001,1.0,4.0,10,44.27437117891451,74.27470274334199,no pobre,0,2,625.0,810.0,1.0,46.0,10,211,20634,4,1.0
98,1.0,0.0,4.4980001,1.0,5.0,10,44.27437117891451,74.27470274334199,no pobre,0,2,625.0,810.0,1.0,46.0,11,211,20634,4,1.0
97,0.0,0.0,1.098,1.0,8.0,3,46.01824300609146,113.8021049251487,pobre,0,6,720.0,838.0,1.0,37.0,15,242,20635,8,1.0
98,0.0,0.0,1.098,,,3,46.01824300609146,113.8021049251487,pobre,0,6,720.0,838.0,1.0,37.0,16,242,20635,8,1.0
97,0.0,0.0,1.098,1.0,5.0,9,46.01824300609146,113.8021049251487,pobre,0,3,375.0,751.0,1.0,56.0,13,242,20636,5,1.0
98,0.0,0.0,1.098,0.0,6.0,9,46.01824300609146,113.8021049251487,pobre,0,3,375.0,751.0,1.0,56.0,14,242,20636,5,1.0
97,1.0,0.0,1.098,0.0,6.0,9,46.01824300609146,113.8021049251487,pobre,0,3,375.0,751.0,1.0,56.0,13,242,20637,6,0.0
98,1.0,0.0,1.098,0.0,6.0,9,46.01824300609146,113.8021049251487,pobre,0,3,375.0,751.0,1.0,56.0,14,242,20637,6,0.0
97,0.0,0.0,1.098,1.0,3.0,9,46.01824300609146,113.8021049251487,pobre,0,3,375.0,751.0,1.0,56.0,11,242,20638,3,1.0
98,0.0,0.0,1.098,1.0,5.0,9,46.01824300609146,113.8021049251487,pobre,0,3,375.0,751.0,1.0,56.0,12,242,20638,3,1.0
97,1.0,0.0,1.098,1.0,2.0,9,46.01824300609146,113.8021049251487,pobre,0,3,375.0,751.0,1.0,56.0,6,242,20639,2,1.0
98,1.0,0.0,1.098,1.0,2.0,9,46.01824300609146,113.8021049251487,pobre,0,3,375.0,751.0,1.0,56.0,7,242,20639,2,1.0
97,1.0,0.0,1.098,1.0,3.0,9,46.01824300609146,113.8021049251487,pobre,0,3,375.0,751.0,1.0,56.0,9,242,20640,3,1.0
98,1.0,0.0,1.098,1.0,3.0,9,46.01824300609146,113.8021049251487,pobre,0,3,375.0,751.0,1.0,56.0,10,242,20640,3,1.0
97,1.0,0.0,0.0,0.0,9.0,5,28.87126420509094,28.87126420509094,pobre,0,0,680.0,804.5,1.0,47.0,15,382,20641,9,0.0
98,1.0,0.0,0.0,0.0,9.0,5,28.87126420509094,28.87126420509094,pobre,0,0,680.0,804.5,1.0,47.0,16,382,20641,9,0.0
97,1.0,0.0,0.0,1.0,7.0,5,28.87126420509094,28.87126420509094,pobre,0,0,680.0,804.5,1.0,47.0,13,382,20642,7,1.0
98,1.0,0.0,0.0,1.0,7.0,5,28.87126420509094,28.87126420509094,pobre,0,0,680.0,804.5,1.0,47.0,14,382,20642,7,1.0
97,0.0,0.0,0.0,1.0,1.0,5,28.87126420509094,28.87126420509094,pobre,0,9,1600.0,840.0,1.0,24.0,6,382,20643,1,1.0
98,0.0,0.0,0.0,1.0,1.0,5,28.87126420509094,28.87126420509094,pobre,0,9,1600.0,840.0,1.0,24.0,7,382,20643,1,1.0
97,1.0,0.0,0.0,0.0,9.0,5,28.87126420509094,28.87126420509094,pobre,0,2,600.0,726.0,1.0,41.0,16,382,20644,9,0.0
98,1.0,0.0,0.0,0.0,9.0,5,28.87126420509094,28.87126420509094,pobre,0,2,600.0,726.0,1.0,41.0,17,382,20644,9,0.0
97,0.0,0.0,0.0,1.0,2.0,5,28.87126420509094,28.87126420509094,pobre,0,2,600.0,726.0,1.0,41.0,9,382,20645,2,1.0
98,0.0,0.0,0.0,0.0,2.0,5,28.87126420509094,28.87126420509094,pobre,0,2,600.0,726.0,1.0,41.0,10,382,20645,2,1.0
97,1.0,0.0,0.0,1.0,1.0,5,28.87126420509094,28.87126420509094,pobre,0,2,600.0,726.0,1.0,41.0,6,382,20646,1,1.0
98,1.0,0.0,0.0,1.0,2.0,5,28.87126420509094,28.87126420509094,pobre,0,2,600.0,726.0,1.0,41.0,7,382,20646,1,1.0
97,1.0,0.0,0.0,1.0,9.0,5,28.87126420509094,28.87126420509094,no pobre,0,0,1000.0,1012.5,1.0,38.0,15,382,20647,9,1.0
98,1.0,0.0,0.0,,,5,28.87126420509094,28.87126420509094,no pobre,0,0,1000.0,1012.5,1.0,38.0,16,382,20647,9,1.0
97,1.0,0.0,0.0,1.0,6.0,5,28.87126420509094,28.87126420509094,no pobre,0,0,1000.0,1012.5,1.0,38.0,12,382,20648,6,1.0
98,1.0,0.0,0.0,,,5,28.87126420509094,28.87126420509094,no pobre,0,0,1000.0,1012.5,1.0,38.0,13,382,20648,6,1.0
97,0.0,0.0,0.0,0.0,6.0,8,28.87126420509094,28.87126420509094,pobre,0,0,600.0,856.0,1.0,56.0,16,382,20649,6,0.0
98,0.0,0.0,0.0,,,8,28.87126420509094,28.87126420509094,pobre,0,0,600.0,856.0,1.0,56.0,17,382,20649,6,0.0
97,0.0,0.0,0.0,1.0,7.0,8,28.87126420509094,28.87126420509094,pobre,0,0,600.0,856.0,1.0,56.0,13,382,20650,7,1.0
98,0.0,0.0,0.0,1.0,7.0,8,28.87126420509094,28.87126420509094,pobre,0,0,600.0,856.0,1.0,56.0,14,382,20650,7,1.0
97,0.0,0.0,0.0,1.0,5.0,8,28.87126420509094,28.87126420509094,pobre,0,0,600.0,856.0,1.0,56.0,12,382,20651,5,1.0
98,0.0,0.0,0.0,1.0,5.0,8,28.87126420509094,28.87126420509094,pobre,0,0,600.0,856.0,1.0,56.0,13,382,20651,5,1.0
97,1.0,0.0,0.0,1.0,2.0,8,28.87126420509094,28.87126420509094,pobre,0,0,600.0,856.0,1.0,56.0,11,382,20652,2,1.0
98,1.0,0.0,0.0,1.0,3.0,8,28.87126420509094,28.87126420509094,pobre,0,0,600.0,856.0,1.0,56.0,12,382,20652,2,1.0
97,0.0,0.0,0.0,1.0,4.0,6,28.87126420509094,28.87126420509094,no pobre,0,3,1200.0,764.0,1.0,31.0,10,382,20653,4,1.0
98,0.0,0.0,0.0,1.0,5.0,6,28.87126420509094,28.87126420509094,no pobre,0,3,1200.0,764.0,1.0,31.0,11,382,20653,4,1.0
97,0.0,0.0,0.0,1.0,0.0,6,28.87126420509094,28.87126420509094,no pobre,0,3,1200.0,764.0,1.0,31.0,6,382,20654,0,1.0
98,0.0,0.0,0.0,1.0,1.0,6,28.87126420509094,28.87126420509094,no pobre,0,3,1200.0,764.0,1.0,31.0,7,382,20654,0,1.0
97,1.0,0.0,0.0,1.0,8.0,9,28.87126420509094,28.87126420509094,pobre,0,0,1000.0,854.20099,1.0,56.0,16,382,20655,8,1.0
98,1.0,0.0,0.0,,,9,28.87126420509094,28.87126420509094,pobre,0,0,1000.0,854.20099,1.0,56.0,17,382,20655,8,1.0
97,1.0,0.0,0.0,1.0,7.0,9,28.87126420509094,28.87126420509094,pobre,0,0,1000.0,854.20099,1.0,56.0,14,382,20656,7,1.0
98,1.0,0.0,0.0,1.0,8.0,9,28.87126420509094,28.87126420509094,pobre,0,0,1000.0,854.20099,1.0,56.0,15,382,20656,7,1.0
97,1.0,0.0,0.0,1.0,5.0,9,28.87126420509094,28.87126420509094,pobre,0,0,1000.0,854.20099,1.0,56.0,12,382,20657,5,1.0
98,1.0,0.0,0.0,1.0,6.0,9,28.87126420509094,28.87126420509094,pobre,0,0,1000.0,854.20099,1.0,56.0,13,382,20657,5,1.0
97,0.0,0.0,0.0,1.0,8.0,7,28.87126420509094,28.87126420509094,pobre,0,2,0.0,723.0,0.0,48.0,16,382,20658,8,1.0
98,0.0,0.0,0.0,,,7,28.87126420509094,28.87126420509094,pobre,0,2,0.0,723.0,0.0,48.0,17,382,20658,8,1.0
97,0.0,0.0,0.0,1.0,7.0,7,28.87126420509094,28.87126420509094,pobre,0,2,0.0,723.0,0.0,48.0,13,382,20659,7,1.0
98,0.0,0.0,0.0,1.0,8.0,7,28.87126420509094,28.87126420509094,pobre,0,2,0.0,723.0,0.0,48.0,14,382,20659,7,1.0
97,0.0,0.0,0.0,1.0,6.0,7,28.87126420509094,28.87126420509094,pobre,0,2,0.0,723.0,0.0,48.0,12,382,20660,6,1.0
98,0.0,0.0,0.0,1.0,7.0,7,28.87126420509094,28.87126420509094,pobre,0,2,0.0,723.0,0.0,48.0,13,382,20660,6,1.0
97,0.0,0.0,0.0,1.0,4.0,7,28.87126420509094,28.87126420509094,pobre,0,2,0.0,723.0,0.0,48.0,10,382,20661,4,1.0
98,0.0,0.0,0.0,1.0,5.0,7,28.87126420509094,28.87126420509094,pobre,0,2,0.0,723.0,0.0,48.0,11,382,20661,4,1.0
97,1.0,0.0,0.0,1.0,2.0,7,28.87126420509094,28.87126420509094,pobre,0,2,0.0,723.0,0.0,48.0,9,382,20662,2,1.0
98,1.0,0.0,0.0,1.0,3.0,7,28.87126420509094,28.87126420509094,pobre,0,2,0.0,723.0,0.0,48.0,10,382,20662,2,1.0
97,0.0,0.0,0.0,1.0,0.0,4,28.87126420509094,28.87126420509094,pobre,0,1,1200.0,892.0,1.0,40.0,6,382,20663,0,1.0
98,0.0,0.0,0.0,1.0,0.0,4,28.87126420509094,28.87126420509094,pobre,0,1,1200.0,892.0,1.0,40.0,7,382,20663,0,1.0
97,1.0,0.0,0.0,1.0,6.0,10,28.87126420509094,28.87126420509094,pobre,0,0,0.0,742.5,1.0,73.0,11,382,20664,6,1.0
98,1.0,0.0,0.0,1.0,7.0,10,28.87126420509094,28.87126420509094,pobre,0,0,0.0,742.5,1.0,73.0,12,382,20664,6,1.0
97,1.0,0.0,0.0,1.0,1.0,10,28.87126420509094,28.87126420509094,pobre,0,0,0.0,742.5,1.0,73.0,6,382,20665,1,1.0
98,1.0,0.0,0.0,1.0,2.0,10,28.87126420509094,28.87126420509094,pobre,0,0,0.0,742.5,1.0,73.0,7,382,20665,1,1.0
97,1.0,0.0,2.675,0.0,6.0,11,43.88550107354883,43.88550107354883,no pobre,0,3,625.0,808.85712,1.0,60.0,15,246,20666,6,0.0
98,1.0,0.0,2.675,0.0,6.0,11,43.88550107354883,43.88550107354883,no pobre,0,3,625.0,808.85712,1.0,60.0,16,246,20666,6,0.0
97,1.0,0.0,2.675,1.0,6.0,11,43.88550107354883,43.88550107354883,no pobre,0,3,625.0,808.85712,1.0,60.0,13,246,20667,6,1.0
98,1.0,0.0,2.675,0.0,7.0,11,43.88550107354883,43.88550107354883,no pobre,0,3,625.0,808.85712,1.0,60.0,14,246,20667,6,1.0
97,1.0,0.0,2.675,1.0,5.0,11,43.88550107354883,43.88550107354883,no pobre,0,3,625.0,808.85712,1.0,60.0,12,246,20668,5,1.0
98,1.0,0.0,2.675,1.0,5.0,11,43.88550107354883,43.88550107354883,no pobre,0,3,625.0,808.85712,1.0,60.0,13,246,20668,5,1.0
97,0.0,0.0,2.675,1.0,4.0,7,43.88550107354883,43.88550107354883,pobre,0,2,0.0,690.0,0.0,31.0,13,246,20669,4,1.0
98,0.0,0.0,2.675,1.0,5.0,7,43.88550107354883,43.88550107354883,pobre,0,2,0.0,690.0,0.0,31.0,14,246,20669,4,1.0
97,0.0,0.0,2.675,1.0,4.0,7,43.88550107354883,43.88550107354883,pobre,0,2,0.0,690.0,0.0,31.0,10,246,20670,4,1.0
98,0.0,0.0,2.675,1.0,5.0,7,43.88550107354883,43.88550107354883,pobre,0,2,0.0,690.0,0.0,31.0,11,246,20670,4,1.0
97,0.0,0.0,2.675,1.0,2.0,7,43.88550107354883,43.88550107354883,pobre,0,2,0.0,690.0,0.0,31.0,8,246,20671,2,1.0
98,0.0,0.0,2.675,1.0,2.0,7,43.88550107354883,43.88550107354883,pobre,0,2,0.0,690.0,0.0,31.0,9,246,20671,2,1.0
97,0.0,0.0,2.675,1.0,3.0,6,43.88550107354883,43.88550107354883,pobre,0,0,840.0,809.0,1.0,39.0,9,246,20672,3,1.0
98,0.0,0.0,2.675,1.0,4.0,6,43.88550107354883,43.88550107354883,pobre,0,0,840.0,809.0,1.0,39.0,10,246,20672,3,1.0
97,0.0,0.0,2.675,1.0,2.0,6,43.88550107354883,43.88550107354883,pobre,0,0,840.0,809.0,1.0,39.0,7,246,20673,2,1.0
98,0.0,0.0,2.675,1.0,3.0,6,43.88550107354883,43.88550107354883,pobre,0,0,840.0,809.0,1.0,39.0,8,246,20673,2,1.0
97,1.0,0.0,1.9579999,1.0,6.0,8,45.03346465223554,112.0531231946292,pobre,basal,0,200.0,550.0,0.0,35.0,13,240,20674,6,1.0
98,1.0,0.0,1.9579999,1.0,7.0,8,45.03346465223554,112.0531231946292,pobre,basal,0,200.0,550.0,0.0,35.0,14,240,20674,6,1.0
97,0.0,0.0,1.9579999,1.0,4.0,8,45.03346465223554,112.0531231946292,pobre,basal,0,200.0,550.0,0.0,35.0,11,240,20675,4,1.0
98,0.0,0.0,1.9579999,1.0,4.0,8,45.03346465223554,112.0531231946292,pobre,basal,0,200.0,550.0,0.0,35.0,12,240,20675,4,1.0
97,0.0,0.0,1.9579999,1.0,1.0,8,45.03346465223554,112.0531231946292,pobre,basal,0,200.0,550.0,0.0,35.0,10,240,20676,1,1.0
98,0.0,0.0,1.9579999,1.0,2.0,8,45.03346465223554,112.0531231946292,pobre,basal,0,200.0,550.0,0.0,35.0,11,240,20676,1,1.0
97,1.0,0.0,2.675,1.0,4.0,11,43.88550107354883,43.88550107354883,pobre,0,3,208.33333,887.0,1.0,63.0,10,246,20677,4,1.0
98,1.0,0.0,2.675,1.0,5.0,11,43.88550107354883,43.88550107354883,pobre,0,3,208.33333,887.0,1.0,63.0,11,246,20677,4,1.0
97,0.0,0.0,2.675,1.0,1.0,11,43.88550107354883,43.88550107354883,pobre,0,3,208.33333,887.0,1.0,63.0,7,246,20678,1,1.0
98,0.0,0.0,2.675,1.0,2.0,11,43.88550107354883,43.88550107354883,pobre,0,3,208.33333,887.0,1.0,63.0,8,246,20678,1,1.0
97,1.0,0.0,1.9579999,0.0,2.0,9,45.03346465223554,112.0531231946292,pobre,basal,2,500.0,681.0,1.0,33.0,12,240,20679,2,0.0
98,1.0,0.0,1.9579999,1.0,2.0,9,45.03346465223554,112.0531231946292,pobre,basal,2,500.0,681.0,1.0,33.0,13,240,20679,2,0.0
97,1.0,0.0,1.9579999,1.0,2.0,9,45.03346465223554,112.0531231946292,pobre,basal,2,500.0,681.0,1.0,33.0,10,240,20680,2,1.0
98,1.0,0.0,1.9579999,1.0,3.0,9,45.03346465223554,112.0531231946292,pobre,basal,2,500.0,681.0,1.0,33.0,11,240,20680,2,1.0
97,1.0,0.0,1.9579999,1.0,2.0,9,45.03346465223554,112.0531231946292,pobre,basal,2,500.0,681.0,1.0,33.0,8,240,20681,2,1.0
98,1.0,0.0,1.9579999,1.0,3.0,9,45.03346465223554,112.0531231946292,pobre,basal,2,500.0,681.0,1.0,33.0,9,240,20681,2,1.0
97,0.0,0.0,1.9579999,1.0,1.0,9,45.03346465223554,112.0531231946292,pobre,basal,2,500.0,681.0,1.0,33.0,7,240,20682,1,1.0
98,0.0,0.0,1.9579999,1.0,1.0,9,45.03346465223554,112.0531231946292,pobre,basal,2,500.0,681.0,1.0,33.0,8,240,20682,1,1.0
97,0.0,0.0,1.9579999,1.0,0.0,6,45.03346465223554,112.0531231946292,no pobre,basal,3,750.0,999.0,1.0,27.0,7,240,20683,0,1.0
98,0.0,0.0,1.9579999,1.0,1.0,6,45.03346465223554,112.0531231946292,no pobre,basal,3,750.0,999.0,1.0,27.0,8,240,20683,0,1.0
97,0.0,0.0,1.9579999,1.0,1.0,6,45.03346465223554,112.0531231946292,no pobre,basal,3,400.0,895.0,1.0,42.0,7,240,20684,1,1.0
98,0.0,0.0,1.9579999,1.0,2.0,6,45.03346465223554,112.0531231946292,no pobre,basal,3,400.0,895.0,1.0,42.0,8,240,20684,1,1.0
97,1.0,0.0,1.9579999,1.0,3.0,5,45.03346465223554,112.0531231946292,no pobre,basal,0,0.0,759.5,1.0,63.0,13,240,20685,3,1.0
98,1.0,0.0,1.9579999,1.0,4.0,5,45.03346465223554,112.0531231946292,no pobre,basal,0,0.0,759.5,1.0,63.0,14,240,20685,3,1.0
97,0.0,0.0,1.9579999,1.0,1.0,5,45.03346465223554,112.0531231946292,no pobre,basal,0,0.0,759.5,1.0,63.0,11,240,20686,1,1.0
98,0.0,0.0,1.9579999,1.0,2.0,5,45.03346465223554,112.0531231946292,no pobre,basal,0,0.0,759.5,1.0,63.0,12,240,20686,1,1.0
97,1.0,1.0,4.4439998,0.0,6.0,8,49.54970592788855,156.8512917957447,pobre,0,4,750.0,573.0,1.0,38.0,13,244,20687,6,0.0
98,1.0,1.0,4.4439998,0.0,6.0,8,49.54970592788855,156.8512917957447,pobre,0,4,750.0,573.0,1.0,38.0,14,244,20687,6,0.0
97,0.0,1.0,4.4439998,1.0,5.0,8,49.54970592788855,156.8512917957447,pobre,0,4,750.0,573.0,1.0,38.0,11,244,20688,5,1.0
98,0.0,1.0,4.4439998,0.0,6.0,8,49.54970592788855,156.8512917957447,pobre,0,4,750.0,573.0,1.0,38.0,12,244,20688,5,1.0
97,1.0,1.0,4.4439998,1.0,2.0,8,49.54970592788855,156.8512917957447,pobre,0,4,750.0,573.0,1.0,38.0,9,244,20689,2,1.0
98,1.0,1.0,4.4439998,1.0,3.0,8,49.54970592788855,156.8512917957447,pobre,0,4,750.0,573.0,1.0,38.0,10,244,20689,2,1.0
97,1.0,1.0,4.4439998,1.0,1.0,8,49.54970592788855,156.8512917957447,pobre,0,4,750.0,573.0,1.0,38.0,7,244,20690,1,1.0
98,1.0,1.0,4.4439998,1.0,2.0,8,49.54970592788855,156.8512917957447,pobre,0,4,750.0,573.0,1.0,38.0,8,244,20690,1,1.0
97,1.0,1.0,4.4439998,0.0,6.0,7,49.54970592788855,156.8512917957447,pobre,0,2,250.0,610.0,1.0,38.0,16,244,20691,6,0.0
98,1.0,1.0,4.4439998,,,7,49.54970592788855,156.8512917957447,pobre,0,2,250.0,610.0,1.0,38.0,17,244,20691,6,0.0
97,0.0,1.0,4.4439998,1.0,4.0,7,49.54970592788855,156.8512917957447,pobre,0,2,250.0,610.0,1.0,38.0,12,244,20692,4,1.0
98,0.0,1.0,4.4439998,1.0,4.0,7,49.54970592788855,156.8512917957447,pobre,0,2,250.0,610.0,1.0,38.0,13,244,20692,4,1.0
97,1.0,1.0,4.4439998,1.0,1.0,7,49.54970592788855,156.8512917957447,pobre,0,2,250.0,610.0,1.0,38.0,9,244,20693,1,1.0
98,1.0,1.0,4.4439998,1.0,1.0,7,49.54970592788855,156.8512917957447,pobre,0,2,250.0,610.0,1.0,38.0,10,244,20693,1,1.0
97,1.0,1.0,4.4439998,,0.0,7,49.54970592788855,156.8512917957447,pobre,0,2,250.0,610.0,1.0,38.0,6,244,20694,0,
98,1.0,1.0,4.4439998,1.0,1.0,7,49.54970592788855,156.8512917957447,pobre,0,2,250.0,610.0,1.0,38.0,7,244,20694,0,
97,1.0,1.0,4.4439998,,0.0,10,49.54970592788855,156.8512917957447,pobre,0,0,500.0,537.0,1.0,33.0,14,244,20695,0,
98,1.0,1.0,4.4439998,0.0,6.0,10,49.54970592788855,156.8512917957447,pobre,0,0,500.0,537.0,1.0,33.0,15,244,20695,0,
97,0.0,1.0,4.4439998,1.0,4.0,10,49.54970592788855,156.8512917957447,pobre,0,0,500.0,537.0,1.0,33.0,12,244,20696,4,1.0
98,0.0,1.0,4.4439998,,,10,49.54970592788855,156.8512917957447,pobre,0,0,500.0,537.0,1.0,33.0,13,244,20696,4,1.0
97,1.0,1.0,4.4439998,1.0,3.0,10,49.54970592788855,156.8512917957447,pobre,0,0,500.0,537.0,1.0,33.0,9,244,20697,3,1.0
98,1.0,1.0,4.4439998,1.0,4.0,10,49.54970592788855,156.8512917957447,pobre,0,0,500.0,537.0,1.0,33.0,10,244,20697,3,1.0
97,1.0,1.0,4.4439998,1.0,1.0,10,49.54970592788855,156.8512917957447,pobre,0,0,500.0,537.0,1.0,33.0,7,244,20698,1,1.0
98,1.0,1.0,4.4439998,1.0,2.0,10,49.54970592788855,156.8512917957447,pobre,0,0,500.0,537.0,1.0,33.0,8,244,20698,1,1.0
97,,1.0,4.4439998,0.0,6.0,9,49.54970592788855,156.8512917957447,pobre,0,0,500.0,534.0,,60.0,13,244,20699,6,0.0
98,,1.0,4.4439998,0.0,6.0,9,49.54970592788855,156.8512917957447,pobre,0,0,500.0,534.0,,60.0,14,244,20699,6,0.0
97,,1.0,4.4439998,0.0,2.0,9,49.54970592788855,156.8512917957447,pobre,0,0,500.0,534.0,,60.0,8,244,20700,2,0.0
98,,1.0,4.4439998,1.0,2.0,9,49.54970592788855,156.8512917957447,pobre,0,0,500.0,534.0,,60.0,9,244,20700,2,0.0
97,1.0,1.0,4.4439998,1.0,5.0,4,49.54970592788855,156.8512917957447,pobre,0,0,500.0,587.0,1.0,48.0,14,244,20701,5,1.0
98,1.0,1.0,4.4439998,0.0,5.0,4,49.54970592788855,156.8512917957447,pobre,0,0,500.0,587.0,1.0,48.0,15,244,20701,5,1.0
97,0.0,0.0,1.9579999,0.0,6.0,8,45.03346465223554,112.0531231946292,no pobre,basal,6,0.0,820.0,1.0,47.0,14,240,20702,6,0.0
98,0.0,0.0,1.9579999,0.0,6.0,8,45.03346465223554,112.0531231946292,no pobre,basal,6,0.0,820.0,1.0,47.0,15,240,20702,6,0.0
97,0.0,0.0,1.9579999,1.0,2.0,8,45.03346465223554,112.0531231946292,no pobre,basal,6,0.0,820.0,1.0,47.0,9,240,20703,2,1.0
98,0.0,0.0,1.9579999,1.0,2.0,8,45.03346465223554,112.0531231946292,no pobre,basal,6,0.0,820.0,1.0,47.0,10,240,20703,2,1.0
97,0.0,0.0,1.9579999,1.0,2.0,8,45.03346465223554,112.0531231946292,no pobre,basal,6,0.0,820.0,1.0,47.0,10,240,20704,2,1.0
98,0.0,0.0,1.9579999,1.0,2.0,8,45.03346465223554,112.0531231946292,no pobre,basal,6,0.0,820.0,1.0,47.0,11,240,20704,2,1.0
97,0.0,1.0,4.4439998,,0.0,8,49.54970592788855,156.8512917957447,pobre,0,3,500.0,789.0,1.0,27.0,14,244,20705,0,
98,0.0,1.0,4.4439998,,,8,49.54970592788855,156.8512917957447,pobre,0,3,500.0,789.0,1.0,27.0,15,244,20705,0,
97,0.0,1.0,4.4439998,,2.0,8,49.54970592788855,156.8512917957447,pobre,0,3,500.0,789.0,1.0,27.0,8,244,20706,2,
98,0.0,1.0,4.4439998,1.0,3.0,8,49.54970592788855,156.8512917957447,pobre,0,3,500.0,789.0,1.0,27.0,9,244,20706,2,
97,1.0,1.0,4.4439998,1.0,3.0,4,49.54970592788855,156.8512917957447,pobre,0,2,625.0,641.45001,1.0,32.0,9,244,20707,3,1.0
98,1.0,1.0,4.4439998,1.0,3.0,4,49.54970592788855,156.8512917957447,pobre,0,2,625.0,641.45001,1.0,32.0,10,244,20707,3,1.0
97,1.0,1.0,4.4439998,1.0,4.0,8,49.54970592788855,156.8512917957447,pobre,0,4,625.0,719.0,1.0,42.0,14,244,20708,4,1.0
98,1.0,1.0,4.4439998,1.0,5.0,8,49.54970592788855,156.8512917957447,pobre,0,4,625.0,719.0,1.0,42.0,15,244,20708,4,1.0
97,1.0,1.0,4.4439998,1.0,2.0,8,49.54970592788855,156.8512917957447,pobre,0,4,625.0,719.0,1.0,42.0,10,244,20709,2,1.0
98,1.0,1.0,4.4439998,1.0,3.0,8,49.54970592788855,156.8512917957447,pobre,0,4,625.0,719.0,1.0,42.0,11,244,20709,2,1.0
97,1.0,1.0,4.4439998,1.0,1.0,8,49.54970592788855,156.8512917957447,pobre,0,4,625.0,719.0,1.0,42.0,8,244,20710,1,1.0
98,1.0,1.0,4.4439998,1.0,2.0,8,49.54970592788855,156.8512917957447,pobre,0,4,625.0,719.0,1.0,42.0,9,244,20710,1,1.0
97,0.0,1.0,4.4439998,0.0,3.0,9,49.54970592788855,156.8512917957447,pobre,0,4,500.0,499.0,1.0,40.0,15,244,20711,3,0.0
98,0.0,1.0,4.4439998,,,9,49.54970592788855,156.8512917957447,pobre,0,4,500.0,499.0,1.0,40.0,16,244,20711,3,0.0
97,1.0,1.0,4.4439998,1.0,3.0,9,49.54970592788855,156.8512917957447,pobre,0,4,500.0,499.0,1.0,40.0,13,244,20712,3,1.0
98,1.0,1.0,4.4439998,1.0,4.0,9,49.54970592788855,156.8512917957447,pobre,0,4,500.0,499.0,1.0,40.0,14,244,20712,3,1.0
97,1.0,1.0,4.4439998,1.0,3.0,9,49.54970592788855,156.8512917957447,pobre,0,4,500.0,499.0,1.0,40.0,11,244,20713,3,1.0
98,1.0,1.0,4.4439998,1.0,4.0,9,49.54970592788855,156.8512917957447,pobre,0,4,500.0,499.0,1.0,40.0,12,244,20713,3,1.0
97,0.0,1.0,4.4439998,1.0,1.0,9,49.54970592788855,156.8512917957447,pobre,0,4,500.0,499.0,1.0,40.0,9,244,20714,1,1.0
98,0.0,1.0,4.4439998,1.0,1.0,9,49.54970592788855,156.8512917957447,pobre,0,4,500.0,499.0,1.0,40.0,10,244,20714,1,1.0
97,1.0,1.0,4.4439998,1.0,1.0,9,49.54970592788855,156.8512917957447,pobre,0,4,500.0,499.0,1.0,40.0,7,244,20715,1,1.0
98,1.0,1.0,4.4439998,,,9,49.54970592788855,156.8512917957447,pobre,0,4,500.0,499.0,1.0,40.0,8,244,20715,1,1.0
97,1.0,1.0,4.4439998,1.0,5.0,6,49.54970592788855,156.8512917957447,pobre,0,4,500.0,537.0,1.0,35.0,11,244,20716,5,1.0
98,1.0,1.0,4.4439998,1.0,6.0,6,49.54970592788855,156.8512917957447,pobre,0,4,500.0,537.0,1.0,35.0,12,244,20716,5,1.0
97,1.0,1.0,4.4439998,1.0,3.0,6,49.54970592788855,156.8512917957447,pobre,0,4,500.0,537.0,1.0,35.0,9,244,20717,3,1.0
98,1.0,1.0,4.4439998,1.0,4.0,6,49.54970592788855,156.8512917957447,pobre,0,4,500.0,537.0,1.0,35.0,10,244,20717,3,1.0
97,1.0,1.0,4.4439998,1.0,1.0,6,49.54970592788855,156.8512917957447,pobre,0,4,500.0,537.0,1.0,35.0,6,244,20718,1,1.0
98,1.0,1.0,4.4439998,1.0,1.0,6,49.54970592788855,156.8512917957447,pobre,0,4,500.0,537.0,1.0,35.0,7,244,20718,1,1.0
97,0.0,,1.9579999,0.0,6.0,6,45.03346465223554,112.0531231946292,pobre,basal,5,1200.0,697.0,1.0,33.0,13,240,20719,6,0.0
98,0.0,,1.9579999,0.0,6.0,6,45.03346465223554,112.0531231946292,pobre,basal,5,1200.0,697.0,1.0,33.0,14,240,20719,6,0.0
97,1.0,,1.9579999,1.0,3.0,6,45.03346465223554,112.0531231946292,pobre,basal,5,1200.0,697.0,1.0,33.0,10,240,20720,3,1.0
98,1.0,,1.9579999,1.0,4.0,6,45.03346465223554,112.0531231946292,pobre,basal,5,1200.0,697.0,1.0,33.0,11,240,20720,3,1.0
97,0.0,,1.9579999,1.0,0.0,6,45.03346465223554,112.0531231946292,pobre,basal,5,1200.0,697.0,1.0,33.0,7,240,20721,0,1.0
98,0.0,,1.9579999,1.0,1.0,6,45.03346465223554,112.0531231946292,pobre,basal,5,1200.0,697.0,1.0,33.0,8,240,20721,0,1.0
97,0.0,1.0,4.4439998,0.0,2.0,8,49.54970592788855,156.8512917957447,pobre,0,3,500.0,577.0,1.0,39.0,16,244,20722,2,0.0
98,0.0,1.0,4.4439998,0.0,2.0,8,49.54970592788855,156.8512917957447,pobre,0,3,500.0,577.0,1.0,39.0,17,244,20722,2,0.0
97,0.0,1.0,4.4439998,0.0,4.0,8,49.54970592788855,156.8512917957447,pobre,0,3,500.0,577.0,1.0,39.0,13,244,20723,4,0.0
98,0.0,1.0,4.4439998,0.0,4.0,8,49.54970592788855,156.8512917957447,pobre,0,3,500.0,577.0,1.0,39.0,14,244,20723,4,0.0
97,1.0,1.0,4.4439998,1.0,5.0,8,49.54970592788855,156.8512917957447,pobre,0,3,500.0,577.0,1.0,39.0,11,244,20724,5,1.0
98,1.0,1.0,4.4439998,1.0,5.0,8,49.54970592788855,156.8512917957447,pobre,0,3,500.0,577.0,1.0,39.0,12,244,20724,5,1.0
97,0.0,1.0,4.4439998,0.0,3.0,4,49.54970592788855,156.8512917957447,pobre,0,3,250.0,623.0,1.0,46.0,14,244,20725,3,0.0
98,0.0,1.0,4.4439998,0.0,4.0,4,49.54970592788855,156.8512917957447,pobre,0,3,250.0,623.0,1.0,46.0,15,244,20725,3,0.0
97,1.0,1.0,4.4439998,,0.0,4,49.54970592788855,156.8512917957447,pobre,0,3,250.0,623.0,1.0,46.0,9,244,20726,0,
98,1.0,1.0,4.4439998,0.0,2.0,4,49.54970592788855,156.8512917957447,pobre,0,3,250.0,623.0,1.0,46.0,10,244,20726,0,
97,1.0,1.0,4.4439998,1.0,7.0,9,49.54970592788855,156.8512917957447,pobre,0,4,416.66666,433.0,1.0,36.0,15,244,20727,7,1.0
98,1.0,1.0,4.4439998,1.0,8.0,9,49.54970592788855,156.8512917957447,pobre,0,4,416.66666,433.0,1.0,36.0,16,244,20727,7,1.0
97,1.0,1.0,4.4439998,1.0,6.0,9,49.54970592788855,156.8512917957447,pobre,0,4,416.66666,433.0,1.0,36.0,13,244,20728,6,1.0
98,1.0,1.0,4.4439998,1.0,7.0,9,49.54970592788855,156.8512917957447,pobre,0,4,416.66666,433.0,1.0,36.0,14,244,20728,6,1.0
97,1.0,1.0,4.4439998,1.0,3.0,9,49.54970592788855,156.8512917957447,pobre,0,4,416.66666,433.0,1.0,36.0,11,244,20729,3,1.0
98,1.0,1.0,4.4439998,1.0,4.0,9,49.54970592788855,156.8512917957447,pobre,0,4,416.66666,433.0,1.0,36.0,12,244,20729,3,1.0
97,1.0,1.0,4.4439998,1.0,2.0,9,49.54970592788855,156.8512917957447,pobre,0,4,416.66666,433.0,1.0,36.0,9,244,20730,2,1.0
98,1.0,1.0,4.4439998,1.0,3.0,9,49.54970592788855,156.8512917957447,pobre,0,4,416.66666,433.0,1.0,36.0,10,244,20730,2,1.0
97,0.0,1.0,4.4439998,1.0,1.0,9,49.54970592788855,156.8512917957447,pobre,0,4,416.66666,433.0,1.0,36.0,7,244,20731,1,1.0
98,0.0,1.0,4.4439998,1.0,2.0,9,49.54970592788855,156.8512917957447,pobre,0,4,416.66666,433.0,1.0,36.0,8,244,20731,1,1.0
97,0.0,1.0,4.4439998,1.0,3.0,2,49.54970592788855,156.8512917957447,pobre,0,0,333.33334,674.0,1.0,71.0,9,244,20732,3,1.0
98,0.0,1.0,4.4439998,,,2,49.54970592788855,156.8512917957447,pobre,0,0,333.33334,674.0,1.0,71.0,10,244,20732,3,1.0
97,0.0,1.0,4.4439998,0.0,6.0,11,49.54970592788855,156.8512917957447,pobre,0,3,416.66666,563.0,1.0,51.0,15,244,20733,6,0.0
98,0.0,1.0,4.4439998,0.0,6.0,11,49.54970592788855,156.8512917957447,pobre,0,3,416.66666,563.0,1.0,51.0,16,244,20733,6,0.0
97,0.0,1.0,4.4439998,0.0,6.0,11,49.54970592788855,156.8512917957447,pobre,0,3,416.66666,563.0,1.0,51.0,13,244,20734,6,0.0
98,0.0,1.0,4.4439998,0.0,6.0,11,49.54970592788855,156.8512917957447,pobre,0,3,416.66666,563.0,1.0,51.0,14,244,20734,6,0.0
97,0.0,1.0,4.4439998,1.0,3.0,11,49.54970592788855,156.8512917957447,pobre,0,3,416.66666,563.0,1.0,51.0,9,244,20735,3,1.0
98,0.0,1.0,4.4439998,1.0,4.0,11,49.54970592788855,156.8512917957447,pobre,0,3,416.66666,563.0,1.0,51.0,10,244,20735,3,1.0
97,1.0,1.0,4.4439998,1.0,1.0,11,49.54970592788855,156.8512917957447,pobre,0,3,416.66666,563.0,1.0,51.0,7,244,20736,1,1.0
98,1.0,1.0,4.4439998,1.0,2.0,11,49.54970592788855,156.8512917957447,pobre,0,3,416.66666,563.0,1.0,51.0,8,244,20736,1,1.0
97,1.0,1.0,4.4439998,1.0,3.0,6,49.54970592788855,156.8512917957447,pobre,0,4,416.66666,566.45001,1.0,32.0,9,244,20737,3,1.0
98,1.0,1.0,4.4439998,1.0,4.0,6,49.54970592788855,156.8512917957447,pobre,0,4,416.66666,566.45001,1.0,32.0,10,244,20737,3,1.0
97,0.0,1.0,4.4439998,1.0,2.0,6,49.54970592788855,156.8512917957447,pobre,0,4,416.66666,566.45001,1.0,32.0,7,244,20738,2,1.0
98,0.0,1.0,4.4439998,1.0,0.0,6,49.54970592788855,156.8512917957447,pobre,0,4,416.66666,566.45001,1.0,32.0,8,244,20738,2,1.0
97,0.0,1.0,4.4439998,1.0,0.0,6,49.54970592788855,156.8512917957447,pobre,0,4,416.66666,566.45001,1.0,32.0,6,244,20739,0,1.0
98,0.0,1.0,4.4439998,1.0,1.0,6,49.54970592788855,156.8512917957447,pobre,0,4,416.66666,566.45001,1.0,32.0,7,244,20739,0,1.0
97,0.0,1.0,4.4439998,1.0,3.0,6,49.54970592788855,156.8512917957447,pobre,0,0,500.0,634.0,1.0,50.0,10,244,20740,3,1.0
98,0.0,1.0,4.4439998,1.0,4.0,6,49.54970592788855,156.8512917957447,pobre,0,0,500.0,634.0,1.0,50.0,11,244,20740,3,1.0
97,0.0,1.0,4.4439998,1.0,5.0,10,49.54970592788855,156.8512917957447,pobre,0,0,375.0,590.0,1.0,64.0,11,244,20741,5,1.0
98,0.0,1.0,4.4439998,1.0,6.0,10,49.54970592788855,156.8512917957447,pobre,0,0,375.0,590.0,1.0,64.0,12,244,20741,5,1.0
97,0.0,1.0,4.4439998,1.0,3.0,10,49.54970592788855,156.8512917957447,pobre,0,0,375.0,590.0,1.0,64.0,8,244,20742,3,1.0
98,0.0,1.0,4.4439998,1.0,4.0,10,49.54970592788855,156.8512917957447,pobre,0,0,375.0,590.0,1.0,64.0,9,244,20742,3,1.0
97,1.0,1.0,4.4439998,0.0,6.0,7,49.54970592788855,156.8512917957447,pobre,0,0,0.0,551.5,0.0,65.0,13,244,20743,6,0.0
98,1.0,1.0,4.4439998,0.0,6.0,7,49.54970592788855,156.8512917957447,pobre,0,0,0.0,551.5,0.0,65.0,14,244,20743,6,0.0
97,0.0,1.0,4.4439998,0.0,4.0,7,49.54970592788855,156.8512917957447,pobre,0,0,0.0,551.5,0.0,65.0,15,244,20744,4,0.0
98,0.0,1.0,4.4439998,0.0,5.0,7,49.54970592788855,156.8512917957447,pobre,0,0,0.0,551.5,0.0,65.0,16,244,20744,4,0.0
97,0.0,1.0,3.286,0.0,6.0,4,48.19851022247344,137.6748797477833,pobre,basal,0,250.0,684.0,0.0,50.0,16,203,20745,6,0.0
98,0.0,1.0,3.286,,,4,48.19851022247344,137.6748797477833,pobre,basal,0,250.0,684.0,0.0,50.0,17,203,20745,6,0.0
97,0.0,1.0,3.286,1.0,4.0,4,48.19851022247344,137.6748797477833,pobre,basal,0,250.0,684.0,0.0,50.0,10,203,20746,4,1.0
98,0.0,1.0,3.286,1.0,5.0,4,48.19851022247344,137.6748797477833,pobre,basal,0,250.0,684.0,0.0,50.0,11,203,20746,4,1.0
97,0.0,1.0,3.286,1.0,4.0,4,48.19851022247344,137.6748797477833,pobre,basal,0,500.0,588.0,1.0,50.0,10,203,20747,4,1.0
98,0.0,1.0,3.286,1.0,5.0,4,48.19851022247344,137.6748797477833,pobre,basal,0,500.0,588.0,1.0,50.0,11,203,20747,4,1.0
97,1.0,1.0,3.286,1.0,1.0,4,48.19851022247344,137.6748797477833,pobre,basal,0,500.0,588.0,1.0,50.0,6,203,20748,1,1.0
98,1.0,1.0,3.286,1.0,1.0,4,48.19851022247344,137.6748797477833,pobre,basal,0,500.0,588.0,1.0,50.0,7,203,20748,1,1.0
97,0.0,0.0,2.675,1.0,8.0,6,43.88550107354883,43.88550107354883,no pobre,0,9,800.0,910.0,1.0,38.0,15,246,20749,8,1.0
98,0.0,0.0,2.675,1.0,9.0,6,43.88550107354883,43.88550107354883,no pobre,0,9,800.0,910.0,1.0,38.0,16,246,20749,8,1.0
97,0.0,0.0,2.675,1.0,8.0,6,43.88550107354883,43.88550107354883,no pobre,0,9,800.0,910.0,1.0,38.0,12,246,20750,8,1.0
98,0.0,0.0,2.675,1.0,8.0,6,43.88550107354883,43.88550107354883,no pobre,0,9,800.0,910.0,1.0,38.0,13,246,20750,8,1.0
97,1.0,0.0,2.675,1.0,2.0,6,43.88550107354883,43.88550107354883,no pobre,0,9,800.0,910.0,1.0,38.0,7,246,20751,2,1.0
98,1.0,0.0,2.675,1.0,3.0,6,43.88550107354883,43.88550107354883,no pobre,0,9,800.0,910.0,1.0,38.0,8,246,20751,2,1.0
97,0.0,0.0,2.675,1.0,1.0,6,43.88550107354883,43.88550107354883,no pobre,0,9,800.0,910.0,1.0,38.0,6,246,20752,1,1.0
98,0.0,0.0,2.675,1.0,2.0,6,43.88550107354883,43.88550107354883,no pobre,0,9,800.0,910.0,1.0,38.0,7,246,20752,1,1.0
97,1.0,0.0,2.675,1.0,6.0,8,43.88550107354883,43.88550107354883,no pobre,0,6,0.0,995.0,0.0,43.0,13,246,20753,6,1.0
98,1.0,0.0,2.675,1.0,7.0,8,43.88550107354883,43.88550107354883,no pobre,0,6,0.0,995.0,0.0,43.0,14,246,20753,6,1.0
97,1.0,0.0,2.675,1.0,1.0,8,43.88550107354883,43.88550107354883,no pobre,0,6,0.0,995.0,0.0,43.0,7,246,20754,1,1.0
98,1.0,0.0,2.675,1.0,2.0,8,43.88550107354883,43.88550107354883,no pobre,0,6,0.0,995.0,0.0,43.0,8,246,20754,1,1.0
97,0.0,1.0,3.286,,0.0,6,48.19851022247344,137.6748797477833,pobre,basal,0,0.0,646.0,1.0,60.0,14,203,20755,0,
98,0.0,1.0,3.286,,,6,48.19851022247344,137.6748797477833,pobre,basal,0,0.0,646.0,1.0,60.0,15,203,20755,0,
97,1.0,1.0,3.286,1.0,2.0,6,48.19851022247344,137.6748797477833,pobre,basal,0,0.0,646.0,1.0,60.0,9,203,20756,2,1.0
98,1.0,1.0,3.286,1.0,3.0,6,48.19851022247344,137.6748797477833,pobre,basal,0,0.0,646.0,1.0,60.0,10,203,20756,2,1.0
97,1.0,1.0,3.286,1.0,4.0,4,48.19851022247344,137.6748797477833,pobre,basal,0,0.0,630.0,1.0,50.0,12,203,20757,4,1.0
98,1.0,1.0,3.286,1.0,5.0,4,48.19851022247344,137.6748797477833,pobre,basal,0,0.0,630.0,1.0,50.0,13,203,20757,4,1.0
97,1.0,0.0,2.675,0.0,6.0,14,43.88550107354883,43.88550107354883,pobre,0,3,600.0,709.0,1.0,55.0,16,246,20758,6,0.0
98,1.0,0.0,2.675,0.0,6.0,14,43.88550107354883,43.88550107354883,pobre,0,3,600.0,709.0,1.0,55.0,17,246,20758,6,0.0
97,0.0,0.0,2.675,0.0,6.0,14,43.88550107354883,43.88550107354883,pobre,0,3,600.0,709.0,1.0,55.0,14,246,20759,6,0.0
98,0.0,0.0,2.675,0.0,6.0,14,43.88550107354883,43.88550107354883,pobre,0,3,600.0,709.0,1.0,55.0,15,246,20759,6,0.0
97,0.0,0.0,2.675,0.0,6.0,14,43.88550107354883,43.88550107354883,pobre,0,3,600.0,709.0,1.0,55.0,13,246,20760,6,0.0
98,0.0,0.0,2.675,1.0,6.0,14,43.88550107354883,43.88550107354883,pobre,0,3,600.0,709.0,1.0,55.0,14,246,20760,6,0.0
97,0.0,0.0,2.675,1.0,4.0,14,43.88550107354883,43.88550107354883,pobre,0,3,600.0,709.0,1.0,55.0,11,246,20761,4,1.0
98,0.0,0.0,2.675,1.0,5.0,14,43.88550107354883,43.88550107354883,pobre,0,3,600.0,709.0,1.0,55.0,12,246,20761,4,1.0
97,0.0,0.0,2.675,1.0,5.0,14,43.88550107354883,43.88550107354883,pobre,0,3,600.0,709.0,1.0,55.0,10,246,20762,5,1.0
98,0.0,0.0,2.675,1.0,6.0,14,43.88550107354883,43.88550107354883,pobre,0,3,600.0,709.0,1.0,55.0,11,246,20762,5,1.0
97,0.0,0.0,2.675,1.0,2.0,14,43.88550107354883,43.88550107354883,pobre,0,3,600.0,709.0,1.0,55.0,8,246,20763,2,1.0
98,0.0,0.0,2.675,1.0,3.0,14,43.88550107354883,43.88550107354883,pobre,0,3,600.0,709.0,1.0,55.0,9,246,20763,2,1.0
97,1.0,1.0,3.286,0.0,5.0,7,48.19851022247344,137.6748797477833,pobre,basal,0,0.0,668.0,1.0,43.0,16,203,20764,5,0.0
98,1.0,1.0,3.286,,,7,48.19851022247344,137.6748797477833,pobre,basal,0,0.0,668.0,1.0,43.0,17,203,20764,5,0.0
97,1.0,1.0,3.286,1.0,5.0,7,48.19851022247344,137.6748797477833,pobre,basal,0,0.0,668.0,1.0,43.0,13,203,20765,5,1.0
98,1.0,1.0,3.286,1.0,6.0,7,48.19851022247344,137.6748797477833,pobre,basal,0,0.0,668.0,1.0,43.0,14,203,20765,5,1.0
97,0.0,1.0,3.286,,0.0,7,48.19851022247344,137.6748797477833,pobre,basal,0,0.0,668.0,1.0,43.0,14,203,20766,0,
98,0.0,1.0,3.286,,,7,48.19851022247344,137.6748797477833,pobre,basal,0,0.0,668.0,1.0,43.0,15,203,20766,0,
97,1.0,0.0,2.675,1.0,8.0,6,43.88550107354883,43.88550107354883,no pobre,0,6,400.0,824.0,1.0,36.0,14,246,20767,8,1.0
98,1.0,0.0,2.675,0.0,9.0,6,43.88550107354883,43.88550107354883,no pobre,0,6,400.0,824.0,1.0,36.0,15,246,20767,8,1.0
97,0.0,0.0,2.675,1.0,5.0,6,43.88550107354883,43.88550107354883,no pobre,0,6,400.0,824.0,1.0,36.0,10,246,20768,5,1.0
98,0.0,0.0,2.675,1.0,6.0,6,43.88550107354883,43.88550107354883,no pobre,0,6,400.0,824.0,1.0,36.0,11,246,20768,5,1.0
97,1.0,0.0,2.675,1.0,3.0,6,43.88550107354883,43.88550107354883,no pobre,0,6,400.0,824.0,1.0,36.0,9,246,20769,3,1.0
98,1.0,0.0,2.675,1.0,4.0,6,43.88550107354883,43.88550107354883,no pobre,0,6,400.0,824.0,1.0,36.0,10,246,20769,3,1.0
97,1.0,0.0,2.675,1.0,8.0,5,43.88550107354883,43.88550107354883,pobre,0,3,625.0,701.0,1.0,38.0,15,246,20770,8,1.0
98,1.0,0.0,2.675,1.0,9.0,5,43.88550107354883,43.88550107354883,pobre,0,3,625.0,701.0,1.0,38.0,16,246,20770,8,1.0
97,1.0,0.0,2.675,1.0,2.0,7,43.88550107354883,43.88550107354883,pobre,0,3,600.0,772.0,1.0,35.0,7,246,20771,2,1.0
98,1.0,0.0,2.675,1.0,3.0,7,43.88550107354883,43.88550107354883,pobre,0,3,600.0,772.0,1.0,35.0,8,246,20771,2,1.0
97,1.0,0.0,2.675,1.0,4.0,6,43.88550107354883,43.88550107354883,pobre,0,3,480.0,821.0,1.0,30.0,10,246,20772,4,1.0
98,1.0,0.0,2.675,1.0,5.0,6,43.88550107354883,43.88550107354883,pobre,0,3,480.0,821.0,1.0,30.0,11,246,20772,4,1.0
97,1.0,0.0,2.675,1.0,3.0,6,43.88550107354883,43.88550107354883,pobre,0,3,480.0,821.0,1.0,30.0,8,246,20773,3,1.0
98,1.0,0.0,2.675,1.0,4.0,6,43.88550107354883,43.88550107354883,pobre,0,3,480.0,821.0,1.0,30.0,9,246,20773,3,1.0
97,1.0,0.0,2.675,1.0,1.0,6,43.88550107354883,43.88550107354883,pobre,0,3,480.0,821.0,1.0,30.0,7,246,20774,1,1.0
98,1.0,0.0,2.675,1.0,2.0,6,43.88550107354883,43.88550107354883,pobre,0,3,480.0,821.0,1.0,30.0,8,246,20774,1,1.0
97,0.0,0.0,2.675,0.0,6.0,5,43.88550107354883,43.88550107354883,pobre,0,0,0.0,751.0,0.0,45.0,14,246,20775,6,0.0
98,0.0,0.0,2.675,0.0,6.0,5,43.88550107354883,43.88550107354883,pobre,0,0,0.0,751.0,0.0,45.0,15,246,20775,6,0.0
97,1.0,0.0,2.675,1.0,5.0,5,43.88550107354883,43.88550107354883,pobre,0,0,0.0,751.0,0.0,45.0,12,246,20776,5,1.0
98,1.0,0.0,2.675,1.0,6.0,5,43.88550107354883,43.88550107354883,pobre,0,0,0.0,751.0,0.0,45.0,13,246,20776,5,1.0
97,0.0,0.0,2.675,1.0,4.0,5,43.88550107354883,43.88550107354883,pobre,0,0,0.0,751.0,0.0,45.0,9,246,20777,4,1.0
98,0.0,0.0,2.675,1.0,5.0,5,43.88550107354883,43.88550107354883,pobre,0,0,0.0,751.0,0.0,45.0,10,246,20777,4,1.0
97,1.0,1.0,4.658,1.0,1.0,5,43.84002294374223,136.4294504396802,pobre,basal,4,0.0,573.0,1.0,24.0,7,204,20778,1,1.0
98,1.0,1.0,4.658,1.0,2.0,5,43.84002294374223,136.4294504396802,pobre,basal,4,0.0,573.0,1.0,24.0,8,204,20778,1,1.0
97,1.0,1.0,4.658,0.0,6.0,4,43.84002294374223,136.4294504396802,pobre,basal,0,0.0,570.0,0.0,48.0,15,204,20779,6,0.0
98,1.0,1.0,4.658,,,4,43.84002294374223,136.4294504396802,pobre,basal,0,0.0,570.0,0.0,48.0,16,204,20779,6,0.0
97,1.0,1.0,4.658,0.0,6.0,4,43.84002294374223,136.4294504396802,pobre,basal,0,0.0,570.0,0.0,48.0,12,204,20780,6,0.0
98,1.0,1.0,4.658,,,4,43.84002294374223,136.4294504396802,pobre,basal,0,0.0,570.0,0.0,48.0,13,204,20780,6,0.0
97,0.0,1.0,4.658,,0.0,4,43.84002294374223,136.4294504396802,pobre,basal,0,0.0,570.0,0.0,48.0,10,204,20781,0,
98,0.0,1.0,4.658,1.0,2.0,4,43.84002294374223,136.4294504396802,pobre,basal,0,0.0,570.0,0.0,48.0,11,204,20781,0,
97,0.0,0.0,2.675,0.0,9.0,3,43.88550107354883,43.88550107354883,pobre,0,0,600.0,745.39502,1.0,52.0,16,246,20782,9,0.0
98,0.0,0.0,2.675,,,3,43.88550107354883,43.88550107354883,pobre,0,0,600.0,745.39502,1.0,52.0,17,246,20782,9,0.0
97,0.0,0.0,2.675,1.0,2.0,10,43.88550107354883,43.88550107354883,pobre,0,2,200.0,733.45398,1.0,72.0,8,246,20783,2,1.0
98,0.0,0.0,2.675,1.0,3.0,10,43.88550107354883,43.88550107354883,pobre,0,2,200.0,733.45398,1.0,72.0,9,246,20783,2,1.0
97,1.0,0.0,2.675,1.0,1.0,10,43.88550107354883,43.88550107354883,pobre,0,2,200.0,733.45398,1.0,72.0,6,246,20784,1,1.0
98,1.0,0.0,2.675,1.0,1.0,10,43.88550107354883,43.88550107354883,pobre,0,2,200.0,733.45398,1.0,72.0,7,246,20784,1,1.0
97,0.0,0.0,2.675,1.0,1.0,10,43.88550107354883,43.88550107354883,pobre,0,2,200.0,733.45398,1.0,72.0,6,246,20785,1,1.0
98,0.0,0.0,2.675,1.0,1.0,10,43.88550107354883,43.88550107354883,pobre,0,2,200.0,733.45398,1.0,72.0,7,246,20785,1,1.0
97,1.0,1.0,4.658,1.0,2.0,4,43.84002294374223,136.4294504396802,pobre,basal,0,250.0,587.0,1.0,35.0,8,204,20786,2,1.0
98,1.0,1.0,4.658,1.0,3.0,4,43.84002294374223,136.4294504396802,pobre,basal,0,250.0,587.0,1.0,35.0,9,204,20786,2,1.0
97,1.0,1.0,4.658,,0.0,3,43.84002294374223,136.4294504396802,no pobre,basal,0,333.33334,901.0,1.0,55.0,16,204,20787,0,
98,1.0,1.0,4.658,,,3,43.84002294374223,136.4294504396802,no pobre,basal,0,333.33334,901.0,1.0,55.0,17,204,20787,0,
97,1.0,0.0,2.675,1.0,2.0,14,43.88550107354883,43.88550107354883,no pobre,0,2,500.0,875.33331,1.0,54.0,8,246,20788,2,1.0
98,1.0,0.0,2.675,1.0,3.0,14,43.88550107354883,43.88550107354883,no pobre,0,2,500.0,875.33331,1.0,54.0,9,246,20788,2,1.0
97,0.0,1.0,4.658,,0.0,5,43.84002294374223,136.4294504396802,pobre,basal,6,250.0,548.0,1.0,25.0,6,204,20789,0,
98,0.0,1.0,4.658,1.0,1.0,5,43.84002294374223,136.4294504396802,pobre,basal,6,250.0,548.0,1.0,25.0,7,204,20789,0,
97,1.0,0.0,2.675,0.0,6.0,8,43.88550107354883,43.88550107354883,pobre,0,4,240.0,745.0,1.0,44.0,15,246,20790,6,0.0
98,1.0,0.0,2.675,0.0,6.0,8,43.88550107354883,43.88550107354883,pobre,0,4,240.0,745.0,1.0,44.0,16,246,20790,6,0.0
97,1.0,0.0,2.675,0.0,6.0,8,43.88550107354883,43.88550107354883,pobre,0,4,240.0,745.0,1.0,44.0,13,246,20791,6,0.0
98,1.0,0.0,2.675,1.0,6.0,8,43.88550107354883,43.88550107354883,pobre,0,4,240.0,745.0,1.0,44.0,14,246,20791,6,0.0
97,0.0,0.0,2.675,1.0,6.0,8,43.88550107354883,43.88550107354883,pobre,0,4,240.0,745.0,1.0,44.0,11,246,20792,6,1.0
98,0.0,0.0,2.675,1.0,7.0,8,43.88550107354883,43.88550107354883,pobre,0,4,240.0,745.0,1.0,44.0,12,246,20792,6,1.0
97,0.0,1.0,4.658,0.0,6.0,9,43.84002294374223,136.4294504396802,pobre,basal,3,416.66666,812.0,,39.0,16,204,20793,6,0.0
98,0.0,1.0,4.658,,,9,43.84002294374223,136.4294504396802,pobre,basal,3,416.66666,812.0,,39.0,17,204,20793,6,0.0
97,1.0,1.0,4.658,0.0,6.0,9,43.84002294374223,136.4294504396802,pobre,basal,3,416.66666,812.0,,39.0,14,204,20794,6,0.0
98,1.0,1.0,4.658,0.0,6.0,9,43.84002294374223,136.4294504396802,pobre,basal,3,416.66666,812.0,,39.0,15,204,20794,6,0.0
97,1.0,1.0,4.658,1.0,5.0,9,43.84002294374223,136.4294504396802,pobre,basal,3,416.66666,812.0,,39.0,11,204,20795,5,1.0
98,1.0,1.0,4.658,1.0,6.0,9,43.84002294374223,136.4294504396802,pobre,basal,3,416.66666,812.0,,39.0,12,204,20795,5,1.0
97,1.0,1.0,4.658,1.0,3.0,9,43.84002294374223,136.4294504396802,pobre,basal,3,416.66666,812.0,,39.0,6,204,20796,3,1.0
98,1.0,1.0,4.658,1.0,1.0,9,43.84002294374223,136.4294504396802,pobre,basal,3,416.66666,812.0,,39.0,7,204,20796,3,1.0
97,0.0,1.0,4.658,0.0,5.0,10,43.84002294374223,136.4294504396802,pobre,basal,3,83.333336,582.0,1.0,33.0,13,204,20797,5,0.0
98,0.0,1.0,4.658,1.0,6.0,10,43.84002294374223,136.4294504396802,pobre,basal,3,83.333336,582.0,1.0,33.0,14,204,20797,5,0.0
97,0.0,1.0,4.658,1.0,1.0,10,43.84002294374223,136.4294504396802,pobre,basal,3,83.333336,582.0,1.0,33.0,10,204,20798,1,1.0
98,0.0,1.0,4.658,1.0,2.0,10,43.84002294374223,136.4294504396802,pobre,basal,3,83.333336,582.0,1.0,33.0,11,204,20798,1,1.0
97,0.0,1.0,4.658,1.0,1.0,10,43.84002294374223,136.4294504396802,pobre,basal,3,83.333336,582.0,1.0,33.0,7,204,20799,1,1.0
98,0.0,1.0,4.658,1.0,2.0,10,43.84002294374223,136.4294504396802,pobre,basal,3,83.333336,582.0,1.0,33.0,8,204,20799,1,1.0
97,0.0,1.0,4.658,1.0,5.0,5,43.84002294374223,136.4294504396802,pobre,basal,0,250.0,686.0,1.0,45.0,12,204,20800,5,1.0
98,0.0,1.0,4.658,1.0,7.0,5,43.84002294374223,136.4294504396802,pobre,basal,0,250.0,686.0,1.0,45.0,13,204,20800,5,1.0
97,0.0,1.0,4.658,,0.0,6,43.84002294374223,136.4294504396802,pobre,basal,3,250.0,523.0,1.0,36.0,14,204,20801,0,
98,0.0,1.0,4.658,0.0,6.0,6,43.84002294374223,136.4294504396802,pobre,basal,3,250.0,523.0,1.0,36.0,15,204,20801,0,
97,1.0,1.0,4.658,1.0,4.0,6,43.84002294374223,136.4294504396802,pobre,basal,3,250.0,523.0,1.0,36.0,9,204,20802,4,1.0
98,1.0,1.0,4.658,1.0,5.0,6,43.84002294374223,136.4294504396802,pobre,basal,3,250.0,523.0,1.0,36.0,10,204,20802,4,1.0
97,1.0,1.0,4.658,0.0,6.0,6,43.84002294374223,136.4294504396802,pobre,basal,0,0.0,516.0,0.0,36.0,16,204,20803,6,0.0
98,1.0,1.0,4.658,,,6,43.84002294374223,136.4294504396802,pobre,basal,0,0.0,516.0,0.0,36.0,17,204,20803,6,0.0
97,0.0,1.0,4.658,0.0,6.0,6,43.84002294374223,136.4294504396802,pobre,basal,0,0.0,516.0,0.0,36.0,14,204,20804,6,0.0
98,0.0,1.0,4.658,0.0,6.0,6,43.84002294374223,136.4294504396802,pobre,basal,0,0.0,516.0,0.0,36.0,15,204,20804,6,0.0
97,0.0,1.0,4.658,1.0,4.0,6,43.84002294374223,136.4294504396802,pobre,basal,0,0.0,516.0,0.0,36.0,10,204,20805,4,1.0
98,0.0,1.0,4.658,1.0,5.0,6,43.84002294374223,136.4294504396802,pobre,basal,0,0.0,516.0,0.0,36.0,11,204,20805,4,1.0
97,1.0,1.0,4.658,1.0,2.0,6,43.84002294374223,136.4294504396802,pobre,basal,0,0.0,516.0,0.0,36.0,7,204,20806,2,1.0
98,1.0,1.0,4.658,1.0,2.0,6,43.84002294374223,136.4294504396802,pobre,basal,0,0.0,516.0,0.0,36.0,8,204,20806,2,1.0
97,1.0,0.0,2.675,1.0,9.0,7,43.88550107354883,43.88550107354883,no pobre,0,3,250.0,801.0,1.0,55.0,16,246,20807,9,1.0
98,1.0,0.0,2.675,0.0,9.0,7,43.88550107354883,43.88550107354883,no pobre,0,3,250.0,801.0,1.0,55.0,17,246,20807,9,1.0
97,0.0,0.0,2.675,1.0,8.0,7,43.88550107354883,43.88550107354883,no pobre,0,3,250.0,801.0,1.0,55.0,13,246,20808,8,1.0
98,0.0,0.0,2.675,1.0,8.0,7,43.88550107354883,43.88550107354883,no pobre,0,3,250.0,801.0,1.0,55.0,14,246,20808,8,1.0
97,1.0,0.0,2.675,1.0,5.0,7,43.88550107354883,43.88550107354883,no pobre,0,3,250.0,801.0,1.0,55.0,10,246,20809,5,1.0
98,1.0,0.0,2.675,1.0,6.0,7,43.88550107354883,43.88550107354883,no pobre,0,3,250.0,801.0,1.0,55.0,11,246,20809,5,1.0
97,1.0,0.0,2.675,1.0,4.0,7,43.88550107354883,43.88550107354883,no pobre,0,3,250.0,801.0,1.0,55.0,9,246,20810,4,1.0
98,1.0,0.0,2.675,1.0,5.0,7,43.88550107354883,43.88550107354883,no pobre,0,3,250.0,801.0,1.0,55.0,10,246,20810,4,1.0
97,0.0,0.0,1.9579999,0.0,6.0,7,45.03346465223554,112.0531231946292,no pobre,basal,6,316.0,899.82098,1.0,60.0,16,240,20811,6,0.0
98,0.0,0.0,1.9579999,0.0,6.0,7,45.03346465223554,112.0531231946292,no pobre,basal,6,316.0,899.82098,1.0,60.0,17,240,20811,6,0.0
97,1.0,0.0,1.9579999,1.0,3.0,7,45.03346465223554,112.0531231946292,no pobre,basal,6,316.0,899.82098,1.0,60.0,12,240,20812,3,1.0
98,1.0,0.0,1.9579999,1.0,4.0,7,45.03346465223554,112.0531231946292,no pobre,basal,6,316.0,899.82098,1.0,60.0,13,240,20812,3,1.0
97,1.0,0.0,1.9579999,1.0,3.0,7,45.03346465223554,112.0531231946292,no pobre,basal,6,316.0,899.82098,1.0,60.0,10,240,20813,3,1.0
98,1.0,0.0,1.9579999,1.0,3.0,7,45.03346465223554,112.0531231946292,no pobre,basal,6,316.0,899.82098,1.0,60.0,11,240,20813,3,1.0
97,1.0,0.0,1.9579999,1.0,2.0,7,45.03346465223554,112.0531231946292,no pobre,basal,6,316.0,899.82098,1.0,60.0,9,240,20814,2,1.0
98,1.0,0.0,1.9579999,1.0,2.0,7,45.03346465223554,112.0531231946292,no pobre,basal,6,316.0,899.82098,1.0,60.0,10,240,20814,2,1.0
97,1.0,0.0,2.675,0.0,1.0,4,43.88550107354883,43.88550107354883,pobre,0,0,625.0,698.0,0.0,25.0,6,246,20815,1,0.0
98,1.0,0.0,2.675,1.0,1.0,4,43.88550107354883,43.88550107354883,pobre,0,0,625.0,698.0,0.0,25.0,7,246,20815,1,0.0
97,1.0,0.0,2.675,1.0,3.0,7,43.88550107354883,43.88550107354883,pobre,0,6,625.0,723.0,1.0,30.0,11,246,20816,3,1.0
98,1.0,0.0,2.675,1.0,6.0,7,43.88550107354883,43.88550107354883,pobre,0,6,625.0,723.0,1.0,30.0,12,246,20816,3,1.0
97,0.0,0.0,2.675,1.0,2.0,7,43.88550107354883,43.88550107354883,pobre,0,6,625.0,723.0,1.0,30.0,8,246,20817,2,1.0
98,0.0,0.0,2.675,1.0,1.0,7,43.88550107354883,43.88550107354883,pobre,0,6,625.0,723.0,1.0,30.0,9,246,20817,2,1.0
97,0.0,0.0,2.675,1.0,0.0,7,43.88550107354883,43.88550107354883,pobre,0,6,625.0,723.0,1.0,30.0,6,246,20818,0,1.0
98,0.0,0.0,2.675,1.0,1.0,7,43.88550107354883,43.88550107354883,pobre,0,6,625.0,723.0,1.0,30.0,7,246,20818,0,1.0
97,0.0,0.0,1.9579999,,5.0,5,45.03346465223554,112.0531231946292,no pobre,basal,9,500.0,859.0,1.0,33.0,10,240,20819,5,
98,0.0,0.0,1.9579999,1.0,6.0,5,45.03346465223554,112.0531231946292,no pobre,basal,9,500.0,859.0,1.0,33.0,11,240,20819,5,
97,0.0,0.0,1.9579999,,2.0,5,45.03346465223554,112.0531231946292,no pobre,basal,9,500.0,859.0,1.0,33.0,6,240,20820,2,
98,0.0,0.0,1.9579999,1.0,3.0,5,45.03346465223554,112.0531231946292,no pobre,basal,9,500.0,859.0,1.0,33.0,7,240,20820,2,
97,1.0,0.0,1.9579999,0.0,6.0,14,45.03346465223554,112.0531231946292,no pobre,basal,3,240.0,879.0,1.0,54.0,16,240,20821,6,0.0
98,1.0,0.0,1.9579999,,,14,45.03346465223554,112.0531231946292,no pobre,basal,3,240.0,879.0,1.0,54.0,17,240,20821,6,0.0
97,1.0,0.0,1.9579999,1.0,6.0,14,45.03346465223554,112.0531231946292,no pobre,basal,3,240.0,879.0,1.0,54.0,12,240,20822,6,1.0
98,1.0,0.0,1.9579999,1.0,7.0,14,45.03346465223554,112.0531231946292,no pobre,basal,3,240.0,879.0,1.0,54.0,13,240,20822,6,1.0
97,0.0,0.0,1.9579999,1.0,5.0,14,45.03346465223554,112.0531231946292,no pobre,basal,3,240.0,879.0,1.0,54.0,11,240,20823,5,1.0
98,0.0,0.0,1.9579999,1.0,6.0,14,45.03346465223554,112.0531231946292,no pobre,basal,3,240.0,879.0,1.0,54.0,12,240,20823,5,1.0
97,1.0,0.0,1.9579999,1.0,3.0,14,45.03346465223554,112.0531231946292,no pobre,basal,3,240.0,879.0,1.0,54.0,11,240,20824,3,1.0
98,1.0,0.0,1.9579999,1.0,3.0,14,45.03346465223554,112.0531231946292,no pobre,basal,3,240.0,879.0,1.0,54.0,12,240,20824,3,1.0
97,0.0,0.0,1.9579999,1.0,3.0,14,45.03346465223554,112.0531231946292,no pobre,basal,3,240.0,879.0,1.0,54.0,9,240,20825,3,1.0
98,0.0,0.0,1.9579999,1.0,3.0,14,45.03346465223554,112.0531231946292,no pobre,basal,3,240.0,879.0,1.0,54.0,10,240,20825,3,1.0
97,1.0,0.0,1.9579999,1.0,3.0,7,45.03346465223554,112.0531231946292,pobre,basal,6,200.0,637.0,1.0,31.0,8,240,20826,3,1.0
98,1.0,0.0,1.9579999,1.0,3.0,7,45.03346465223554,112.0531231946292,pobre,basal,6,200.0,637.0,1.0,31.0,9,240,20826,3,1.0
97,1.0,0.0,1.9579999,1.0,0.0,7,45.03346465223554,112.0531231946292,pobre,basal,6,200.0,637.0,1.0,31.0,6,240,20827,0,1.0
98,1.0,0.0,1.9579999,1.0,0.0,7,45.03346465223554,112.0531231946292,pobre,basal,6,200.0,637.0,1.0,31.0,7,240,20827,0,1.0
97,1.0,0.0,1.9579999,0.0,6.0,10,45.03346465223554,112.0531231946292,pobre,basal,0,800.0,647.0,1.0,46.0,16,240,20828,6,0.0
98,1.0,0.0,1.9579999,,,10,45.03346465223554,112.0531231946292,pobre,basal,0,800.0,647.0,1.0,46.0,17,240,20828,6,0.0
97,1.0,0.0,1.9579999,1.0,6.0,10,45.03346465223554,112.0531231946292,pobre,basal,0,800.0,647.0,1.0,46.0,14,240,20829,6,1.0
98,1.0,0.0,1.9579999,1.0,7.0,10,45.03346465223554,112.0531231946292,pobre,basal,0,800.0,647.0,1.0,46.0,15,240,20829,6,1.0
97,1.0,0.0,1.9579999,1.0,6.0,10,45.03346465223554,112.0531231946292,pobre,basal,0,800.0,647.0,1.0,46.0,12,240,20830,6,1.0
98,1.0,0.0,1.9579999,0.0,6.0,10,45.03346465223554,112.0531231946292,pobre,basal,0,800.0,647.0,1.0,46.0,13,240,20830,6,1.0
97,1.0,0.0,1.9579999,1.0,4.0,10,45.03346465223554,112.0531231946292,pobre,basal,0,800.0,647.0,1.0,46.0,10,240,20831,4,1.0
98,1.0,0.0,1.9579999,1.0,4.0,10,45.03346465223554,112.0531231946292,pobre,basal,0,800.0,647.0,1.0,46.0,11,240,20831,4,1.0
97,1.0,0.0,1.9579999,1.0,2.0,10,45.03346465223554,112.0531231946292,pobre,basal,0,800.0,647.0,1.0,46.0,7,240,20832,2,1.0
98,1.0,0.0,1.9579999,1.0,1.0,10,45.03346465223554,112.0531231946292,pobre,basal,0,800.0,647.0,1.0,46.0,8,240,20832,2,1.0
97,1.0,0.0,1.9579999,0.0,3.0,3,45.03346465223554,112.0531231946292,pobre,basal,6,240.0,827.0,0.0,38.0,16,240,20833,3,0.0
98,1.0,0.0,1.9579999,,,3,45.03346465223554,112.0531231946292,pobre,basal,6,240.0,827.0,0.0,38.0,17,240,20833,3,0.0
97,0.0,0.0,1.9579999,1.0,5.0,3,45.03346465223554,112.0531231946292,pobre,basal,6,240.0,827.0,0.0,38.0,11,240,20834,5,1.0
98,0.0,0.0,1.9579999,0.0,5.0,3,45.03346465223554,112.0531231946292,pobre,basal,6,240.0,827.0,0.0,38.0,12,240,20834,5,1.0
97,0.0,0.0,2.675,1.0,5.0,5,43.88550107354883,43.88550107354883,pobre,0,3,0.0,718.0,1.0,56.0,12,246,20835,5,1.0
98,0.0,0.0,2.675,0.0,6.0,5,43.88550107354883,43.88550107354883,pobre,0,3,0.0,718.0,1.0,56.0,13,246,20835,5,1.0
97,1.0,0.0,2.675,1.0,2.0,5,43.88550107354883,43.88550107354883,pobre,0,3,0.0,718.0,1.0,56.0,10,246,20836,2,1.0
98,1.0,0.0,2.675,1.0,3.0,5,43.88550107354883,43.88550107354883,pobre,0,3,0.0,718.0,1.0,56.0,11,246,20836,2,1.0
97,0.0,0.0,2.675,1.0,0.0,5,43.88550107354883,43.88550107354883,pobre,0,3,0.0,718.0,1.0,56.0,6,246,20837,0,1.0
98,0.0,0.0,2.675,1.0,1.0,5,43.88550107354883,43.88550107354883,pobre,0,3,0.0,718.0,1.0,56.0,7,246,20837,0,1.0
97,0.0,0.0,2.675,1.0,2.0,6,43.88550107354883,43.88550107354883,pobre,0,5,750.0,616.0,1.0,29.0,9,246,20838,2,1.0
98,0.0,0.0,2.675,1.0,2.0,6,43.88550107354883,43.88550107354883,pobre,0,5,750.0,616.0,1.0,29.0,10,246,20838,2,1.0
97,1.0,0.0,2.675,,0.0,6,43.88550107354883,43.88550107354883,pobre,0,5,750.0,616.0,1.0,29.0,6,246,20839,0,
98,1.0,0.0,2.675,1.0,2.0,6,43.88550107354883,43.88550107354883,pobre,0,5,750.0,616.0,1.0,29.0,7,246,20839,0,
97,0.0,0.0,2.675,1.0,5.0,10,43.88550107354883,43.88550107354883,pobre,0,3,0.0,600.0,1.0,54.0,15,246,20840,5,1.0
98,0.0,0.0,2.675,0.0,6.0,10,43.88550107354883,43.88550107354883,pobre,0,3,0.0,600.0,1.0,54.0,16,246,20840,5,1.0
97,1.0,0.0,2.675,1.0,3.0,10,43.88550107354883,43.88550107354883,pobre,0,3,0.0,600.0,1.0,54.0,13,246,20841,3,1.0
98,1.0,0.0,2.675,0.0,9.0,10,43.88550107354883,43.88550107354883,pobre,0,3,0.0,600.0,1.0,54.0,14,246,20841,3,1.0
97,0.0,0.0,2.675,1.0,2.0,10,43.88550107354883,43.88550107354883,pobre,0,3,0.0,600.0,1.0,54.0,10,246,20842,2,1.0
98,0.0,0.0,2.675,1.0,2.0,10,43.88550107354883,43.88550107354883,pobre,0,3,0.0,600.0,1.0,54.0,11,246,20842,2,1.0
97,0.0,0.0,2.675,1.0,4.0,10,43.88550107354883,43.88550107354883,pobre,0,3,0.0,600.0,1.0,54.0,9,246,20843,4,1.0
98,0.0,0.0,2.675,1.0,5.0,10,43.88550107354883,43.88550107354883,pobre,0,3,0.0,600.0,1.0,54.0,10,246,20843,4,1.0
97,1.0,0.0,2.675,1.0,1.0,10,43.88550107354883,43.88550107354883,pobre,0,3,0.0,600.0,1.0,54.0,7,246,20844,1,1.0
98,1.0,0.0,2.675,1.0,2.0,10,43.88550107354883,43.88550107354883,pobre,0,3,0.0,600.0,1.0,54.0,8,246,20844,1,1.0
97,0.0,0.0,2.675,1.0,1.0,4,43.88550107354883,43.88550107354883,pobre,0,3,0.0,913.0,1.0,29.0,7,246,20845,1,1.0
98,0.0,0.0,2.675,1.0,2.0,4,43.88550107354883,43.88550107354883,pobre,0,3,0.0,913.0,1.0,29.0,8,246,20845,1,1.0
97,1.0,0.0,2.675,1.0,5.0,4,43.88550107354883,43.88550107354883,pobre,0,2,500.0,762.0,1.0,51.0,12,246,20846,5,1.0
98,1.0,0.0,2.675,1.0,6.0,4,43.88550107354883,43.88550107354883,pobre,0,2,500.0,762.0,1.0,51.0,13,246,20846,5,1.0
97,0.0,0.0,2.675,1.0,0.0,4,43.88550107354883,43.88550107354883,pobre,0,4,625.0,704.0,1.0,28.0,6,246,20847,0,1.0
98,0.0,0.0,2.675,1.0,1.0,4,43.88550107354883,43.88550107354883,pobre,0,4,625.0,704.0,1.0,28.0,7,246,20847,0,1.0
97,0.0,0.0,2.675,,0.0,5,43.88550107354883,43.88550107354883,pobre,0,5,625.0,852.0,1.0,27.0,7,246,20848,0,
98,0.0,0.0,2.675,1.0,2.0,5,43.88550107354883,43.88550107354883,pobre,0,5,625.0,852.0,1.0,27.0,8,246,20848,0,
97,1.0,0.0,2.675,0.0,5.0,4,43.88550107354883,43.88550107354883,pobre,0,2,0.0,885.0,1.0,69.0,14,246,20849,5,0.0
98,1.0,0.0,2.675,,,4,43.88550107354883,43.88550107354883,pobre,0,2,0.0,885.0,1.0,69.0,15,246,20849,5,0.0
97,1.0,0.0,2.675,1.0,1.0,5,43.88550107354883,43.88550107354883,pobre,0,4,0.0,719.0,1.0,28.0,8,246,20850,1,1.0
98,1.0,0.0,2.675,1.0,2.0,5,43.88550107354883,43.88550107354883,pobre,0,4,0.0,719.0,1.0,28.0,9,246,20850,1,1.0
97,0.0,0.0,2.675,1.0,0.0,5,43.88550107354883,43.88550107354883,pobre,0,4,0.0,719.0,1.0,28.0,6,246,20851,0,1.0
98,0.0,0.0,2.675,1.0,1.0,5,43.88550107354883,43.88550107354883,pobre,0,4,0.0,719.0,1.0,28.0,7,246,20851,0,1.0
97,1.0,0.0,2.675,1.0,6.0,7,43.88550107354883,43.88550107354883,pobre,0,0,0.0,653.0,1.0,66.0,13,246,20852,6,1.0
98,1.0,0.0,2.675,1.0,7.0,7,43.88550107354883,43.88550107354883,pobre,0,0,0.0,653.0,1.0,66.0,14,246,20852,6,1.0
97,1.0,0.0,2.675,1.0,6.0,7,43.88550107354883,43.88550107354883,pobre,0,0,0.0,653.0,1.0,66.0,12,246,20853,6,1.0
98,1.0,0.0,2.675,1.0,7.0,7,43.88550107354883,43.88550107354883,pobre,0,0,0.0,653.0,1.0,66.0,13,246,20853,6,1.0
97,1.0,0.0,2.675,1.0,3.0,7,43.88550107354883,43.88550107354883,pobre,0,0,0.0,653.0,1.0,66.0,11,246,20854,3,1.0
98,1.0,0.0,2.675,1.0,4.0,7,43.88550107354883,43.88550107354883,pobre,0,0,0.0,653.0,1.0,66.0,12,246,20854,3,1.0
97,1.0,0.0,2.675,1.0,2.0,7,43.88550107354883,43.88550107354883,pobre,0,0,0.0,653.0,1.0,66.0,8,246,20855,2,1.0
98,1.0,0.0,2.675,1.0,3.0,7,43.88550107354883,43.88550107354883,pobre,0,0,0.0,653.0,1.0,66.0,9,246,20855,2,1.0
97,1.0,0.0,2.675,1.0,1.0,7,43.88550107354883,43.88550107354883,pobre,0,0,0.0,653.0,1.0,66.0,7,246,20856,1,1.0
98,1.0,0.0,2.675,1.0,2.0,7,43.88550107354883,43.88550107354883,pobre,0,0,0.0,653.0,1.0,66.0,8,246,20856,1,1.0
97,0.0,0.0,2.675,1.0,5.0,14,43.88550107354883,43.88550107354883,pobre,0,4,0.0,682.0,0.0,58.0,11,246,20857,5,1.0
98,0.0,0.0,2.675,1.0,6.0,14,43.88550107354883,43.88550107354883,pobre,0,4,0.0,682.0,0.0,58.0,12,246,20857,5,1.0
97,0.0,0.0,2.675,1.0,2.0,14,43.88550107354883,43.88550107354883,pobre,0,4,0.0,682.0,0.0,58.0,9,246,20858,2,1.0
98,0.0,0.0,2.675,1.0,2.0,14,43.88550107354883,43.88550107354883,pobre,0,4,0.0,682.0,0.0,58.0,10,246,20858,2,1.0
97,0.0,0.0,2.675,1.0,1.0,14,43.88550107354883,43.88550107354883,pobre,0,4,0.0,682.0,0.0,58.0,6,246,20859,1,1.0
98,0.0,0.0,2.675,1.0,2.0,14,43.88550107354883,43.88550107354883,pobre,0,4,0.0,682.0,0.0,58.0,7,246,20859,1,1.0
97,1.0,0.0,4.4980001,0.0,6.0,6,44.27437117891451,74.27470274334199,no pobre,0,0,0.0,803.0,1.0,49.0,14,211,20860,6,0.0
98,1.0,0.0,4.4980001,0.0,6.0,6,44.27437117891451,74.27470274334199,no pobre,0,0,0.0,803.0,1.0,49.0,15,211,20860,6,0.0
97,0.0,0.0,4.4980001,1.0,3.0,6,44.27437117891451,74.27470274334199,no pobre,0,0,0.0,803.0,1.0,49.0,10,211,20861,3,1.0
98,0.0,0.0,4.4980001,1.0,4.0,6,44.27437117891451,74.27470274334199,no pobre,0,0,0.0,803.0,1.0,49.0,11,211,20861,3,1.0
97,1.0,0.0,4.4980001,1.0,3.0,6,44.27437117891451,74.27470274334199,no pobre,0,0,0.0,803.0,1.0,49.0,9,211,20862,3,1.0
98,1.0,0.0,4.4980001,1.0,4.0,6,44.27437117891451,74.27470274334199,no pobre,0,0,0.0,803.0,1.0,49.0,10,211,20862,3,1.0
97,0.0,0.0,4.4980001,1.0,3.0,5,44.27437117891451,74.27470274334199,pobre,0,1,500.0,755.0,1.0,36.0,9,211,20863,3,1.0
98,0.0,0.0,4.4980001,1.0,4.0,5,44.27437117891451,74.27470274334199,pobre,0,1,500.0,755.0,1.0,36.0,10,211,20863,3,1.0
97,0.0,0.0,4.4980001,1.0,1.0,5,44.27437117891451,74.27470274334199,pobre,0,1,500.0,755.0,1.0,36.0,7,211,20864,1,1.0
98,0.0,0.0,4.4980001,1.0,2.0,5,44.27437117891451,74.27470274334199,pobre,0,1,500.0,755.0,1.0,36.0,8,211,20864,1,1.0
97,0.0,0.0,4.4980001,1.0,6.0,8,44.27437117891451,74.27470274334199,pobre,0,3,625.0,748.0,1.0,67.0,14,211,20865,6,1.0
98,0.0,0.0,4.4980001,0.0,7.0,8,44.27437117891451,74.27470274334199,pobre,0,3,625.0,748.0,1.0,67.0,15,211,20865,6,1.0
97,0.0,0.0,4.4980001,1.0,5.0,8,44.27437117891451,74.27470274334199,pobre,0,3,625.0,748.0,1.0,67.0,12,211,20866,5,1.0
98,0.0,0.0,4.4980001,1.0,6.0,8,44.27437117891451,74.27470274334199,pobre,0,3,625.0,748.0,1.0,67.0,13,211,20866,5,1.0
97,1.0,0.0,4.4980001,1.0,3.0,5,44.27437117891451,74.27470274334199,pobre,0,3,1200.0,737.0,1.0,33.0,10,211,20867,3,1.0
98,1.0,0.0,4.4980001,1.0,3.0,5,44.27437117891451,74.27470274334199,pobre,0,3,1200.0,737.0,1.0,33.0,11,211,20867,3,1.0
97,1.0,0.0,4.4980001,1.0,1.0,5,44.27437117891451,74.27470274334199,pobre,0,3,1200.0,737.0,1.0,33.0,8,211,20868,1,1.0
98,1.0,0.0,4.4980001,1.0,1.0,5,44.27437117891451,74.27470274334199,pobre,0,3,1200.0,737.0,1.0,33.0,9,211,20868,1,1.0
97,0.0,0.0,4.4980001,1.0,4.0,7,44.27437117891451,74.27470274334199,pobre,0,3,600.0,719.0,1.0,27.0,12,211,20869,4,1.0
98,0.0,0.0,4.4980001,1.0,5.0,7,44.27437117891451,74.27470274334199,pobre,0,3,600.0,719.0,1.0,27.0,13,211,20869,4,1.0
97,0.0,0.0,4.4980001,1.0,1.0,7,44.27437117891451,74.27470274334199,pobre,0,3,600.0,719.0,1.0,27.0,7,211,20870,1,1.0
98,0.0,0.0,4.4980001,1.0,2.0,7,44.27437117891451,74.27470274334199,pobre,0,3,600.0,719.0,1.0,27.0,8,211,20870,1,1.0
97,1.0,0.0,1.098,1.0,4.0,9,46.01824300609146,113.8021049251487,pobre,0,2,450.0,571.0,1.0,47.0,13,242,20871,4,1.0
98,1.0,0.0,1.098,1.0,5.0,9,46.01824300609146,113.8021049251487,pobre,0,2,450.0,571.0,1.0,47.0,14,242,20871,4,1.0
97,0.0,0.0,1.098,0.0,2.0,9,46.01824300609146,113.8021049251487,pobre,0,2,450.0,571.0,1.0,47.0,11,242,20872,2,0.0
98,0.0,0.0,1.098,0.0,2.0,9,46.01824300609146,113.8021049251487,pobre,0,2,450.0,571.0,1.0,47.0,12,242,20872,2,0.0
97,1.0,0.0,1.098,,0.0,9,46.01824300609146,113.8021049251487,pobre,0,2,450.0,571.0,1.0,47.0,10,242,20873,0,
98,1.0,0.0,1.098,,,9,46.01824300609146,113.8021049251487,pobre,0,2,450.0,571.0,1.0,47.0,11,242,20873,0,
97,0.0,0.0,1.098,1.0,0.0,9,46.01824300609146,113.8021049251487,pobre,0,2,450.0,571.0,1.0,47.0,8,242,20874,0,1.0
98,0.0,0.0,1.098,1.0,1.0,9,46.01824300609146,113.8021049251487,pobre,0,2,450.0,571.0,1.0,47.0,9,242,20874,0,1.0
97,1.0,0.0,1.098,1.0,0.0,9,46.01824300609146,113.8021049251487,pobre,0,2,450.0,571.0,1.0,47.0,6,242,20875,0,1.0
98,1.0,0.0,1.098,1.0,0.0,9,46.01824300609146,113.8021049251487,pobre,0,2,450.0,571.0,1.0,47.0,7,242,20875,0,1.0
97,0.0,0.0,1.098,0.0,6.0,11,46.01824300609146,113.8021049251487,pobre,0,5,450.0,670.0,1.0,43.0,16,242,20876,6,0.0
98,0.0,0.0,1.098,,,11,46.01824300609146,113.8021049251487,pobre,0,5,450.0,670.0,1.0,43.0,17,242,20876,6,0.0
97,1.0,0.0,1.098,0.0,5.0,11,46.01824300609146,113.8021049251487,pobre,0,5,450.0,670.0,1.0,43.0,14,242,20877,5,0.0
98,1.0,0.0,1.098,0.0,6.0,11,46.01824300609146,113.8021049251487,pobre,0,5,450.0,670.0,1.0,43.0,15,242,20877,5,0.0
97,1.0,0.0,1.098,1.0,4.0,11,46.01824300609146,113.8021049251487,pobre,0,5,450.0,670.0,1.0,43.0,12,242,20878,4,1.0
98,1.0,0.0,1.098,1.0,5.0,11,46.01824300609146,113.8021049251487,pobre,0,5,450.0,670.0,1.0,43.0,13,242,20878,4,1.0
97,0.0,0.0,1.098,1.0,3.0,11,46.01824300609146,113.8021049251487,pobre,0,5,450.0,670.0,1.0,43.0,10,242,20879,3,1.0
98,0.0,0.0,1.098,1.0,4.0,11,46.01824300609146,113.8021049251487,pobre,0,5,450.0,670.0,1.0,43.0,11,242,20879,3,1.0
97,0.0,0.0,1.098,1.0,1.0,11,46.01824300609146,113.8021049251487,pobre,0,5,450.0,670.0,1.0,43.0,8,242,20880,1,1.0
98,0.0,0.0,1.098,1.0,2.0,11,46.01824300609146,113.8021049251487,pobre,0,5,450.0,670.0,1.0,43.0,9,242,20880,1,1.0
97,1.0,0.0,1.9579999,0.0,6.0,10,45.03346465223554,112.0531231946292,no pobre,basal,0,375.0,828.0,1.0,67.0,15,240,20881,6,0.0
98,1.0,0.0,1.9579999,,,10,45.03346465223554,112.0531231946292,no pobre,basal,0,375.0,828.0,1.0,67.0,16,240,20881,6,0.0
97,0.0,0.0,1.9579999,0.0,6.0,10,45.03346465223554,112.0531231946292,no pobre,basal,0,375.0,828.0,1.0,67.0,13,240,20882,6,0.0
98,0.0,0.0,1.9579999,0.0,6.0,10,45.03346465223554,112.0531231946292,no pobre,basal,0,375.0,828.0,1.0,67.0,14,240,20882,6,0.0
97,1.0,0.0,1.9579999,0.0,4.0,10,45.03346465223554,112.0531231946292,no pobre,basal,0,375.0,828.0,1.0,67.0,10,240,20883,4,0.0
98,1.0,0.0,1.9579999,1.0,5.0,10,45.03346465223554,112.0531231946292,no pobre,basal,0,375.0,828.0,1.0,67.0,11,240,20883,4,0.0
97,1.0,0.0,1.9579999,1.0,1.0,10,45.03346465223554,112.0531231946292,no pobre,basal,0,375.0,828.0,1.0,67.0,8,240,20884,1,1.0
98,1.0,0.0,1.9579999,1.0,2.0,10,45.03346465223554,112.0531231946292,no pobre,basal,0,375.0,828.0,1.0,67.0,9,240,20884,1,1.0
97,1.0,0.0,1.9579999,0.0,6.0,7,45.03346465223554,112.0531231946292,pobre,basal,2,500.0,721.0,1.0,34.0,14,240,20885,6,0.0
98,1.0,0.0,1.9579999,0.0,6.0,7,45.03346465223554,112.0531231946292,pobre,basal,2,500.0,721.0,1.0,34.0,15,240,20885,6,0.0
97,0.0,0.0,1.9579999,0.0,3.0,7,45.03346465223554,112.0531231946292,pobre,basal,2,500.0,721.0,1.0,34.0,12,240,20886,3,0.0
98,0.0,0.0,1.9579999,0.0,3.0,7,45.03346465223554,112.0531231946292,pobre,basal,2,500.0,721.0,1.0,34.0,13,240,20886,3,0.0
97,0.0,0.0,1.9579999,1.0,1.0,7,45.03346465223554,112.0531231946292,pobre,basal,2,500.0,721.0,1.0,34.0,8,240,20887,1,1.0
98,0.0,0.0,1.9579999,1.0,2.0,7,45.03346465223554,112.0531231946292,pobre,basal,2,500.0,721.0,1.0,34.0,9,240,20887,1,1.0
97,1.0,0.0,1.9579999,1.0,0.0,7,45.03346465223554,112.0531231946292,pobre,basal,2,500.0,721.0,1.0,34.0,6,240,20888,0,1.0
98,1.0,0.0,1.9579999,1.0,1.0,7,45.03346465223554,112.0531231946292,pobre,basal,2,500.0,721.0,1.0,34.0,7,240,20888,0,1.0
97,1.0,0.0,1.9579999,0.0,6.0,10,45.03346465223554,112.0531231946292,pobre,basal,2,500.0,675.0,1.0,34.0,14,240,20889,6,0.0
98,1.0,0.0,1.9579999,,,10,45.03346465223554,112.0531231946292,pobre,basal,2,500.0,675.0,1.0,34.0,15,240,20889,6,0.0
97,0.0,0.0,1.9579999,0.0,6.0,10,45.03346465223554,112.0531231946292,pobre,basal,2,500.0,675.0,1.0,34.0,13,240,20890,6,0.0
98,0.0,0.0,1.9579999,,,10,45.03346465223554,112.0531231946292,pobre,basal,2,500.0,675.0,1.0,34.0,14,240,20890,6,0.0
97,0.0,0.0,1.9579999,1.0,5.0,10,45.03346465223554,112.0531231946292,pobre,basal,2,500.0,675.0,1.0,34.0,12,240,20891,5,1.0
98,0.0,0.0,1.9579999,,,10,45.03346465223554,112.0531231946292,pobre,basal,2,500.0,675.0,1.0,34.0,13,240,20891,5,1.0
97,0.0,0.0,1.9579999,1.0,2.0,10,45.03346465223554,112.0531231946292,pobre,basal,2,500.0,675.0,1.0,34.0,10,240,20892,2,1.0
98,0.0,0.0,1.9579999,,,10,45.03346465223554,112.0531231946292,pobre,basal,2,500.0,675.0,1.0,34.0,11,240,20892,2,1.0
97,0.0,0.0,1.9579999,1.0,1.0,10,45.03346465223554,112.0531231946292,pobre,basal,2,500.0,675.0,1.0,34.0,9,240,20893,1,1.0
98,0.0,0.0,1.9579999,,,10,45.03346465223554,112.0531231946292,pobre,basal,2,500.0,675.0,1.0,34.0,10,240,20893,1,1.0
97,0.0,0.0,1.9579999,1.0,0.0,10,45.03346465223554,112.0531231946292,pobre,basal,2,500.0,675.0,1.0,34.0,7,240,20894,0,1.0
98,0.0,0.0,1.9579999,,,10,45.03346465223554,112.0531231946292,pobre,basal,2,500.0,675.0,1.0,34.0,8,240,20894,0,1.0
97,0.0,0.0,1.9579999,0.0,3.0,12,45.03346465223554,112.0531231946292,no pobre,basal,6,750.0,809.0,1.0,54.0,16,240,20895,3,0.0
98,0.0,0.0,1.9579999,,,12,45.03346465223554,112.0531231946292,no pobre,basal,6,750.0,809.0,1.0,54.0,17,240,20895,3,0.0
97,1.0,0.0,1.9579999,0.0,4.0,12,45.03346465223554,112.0531231946292,no pobre,basal,6,750.0,809.0,1.0,54.0,15,240,20896,4,0.0
98,1.0,0.0,1.9579999,,,12,45.03346465223554,112.0531231946292,no pobre,basal,6,750.0,809.0,1.0,54.0,16,240,20896,4,0.0
97,1.0,0.0,1.9579999,0.0,4.0,12,45.03346465223554,112.0531231946292,no pobre,basal,6,750.0,809.0,1.0,54.0,14,240,20897,4,0.0
98,1.0,0.0,1.9579999,,,12,45.03346465223554,112.0531231946292,no pobre,basal,6,750.0,809.0,1.0,54.0,15,240,20897,4,0.0
97,1.0,0.0,1.9579999,0.0,2.0,12,45.03346465223554,112.0531231946292,no pobre,basal,6,750.0,809.0,1.0,54.0,10,240,20898,2,0.0
98,1.0,0.0,1.9579999,,,12,45.03346465223554,112.0531231946292,no pobre,basal,6,750.0,809.0,1.0,54.0,11,240,20898,2,0.0
97,1.0,0.0,1.9579999,0.0,5.0,12,45.03346465223554,112.0531231946292,no pobre,basal,6,750.0,809.0,1.0,54.0,12,240,20899,5,0.0
98,1.0,0.0,1.9579999,,,12,45.03346465223554,112.0531231946292,no pobre,basal,6,750.0,809.0,1.0,54.0,13,240,20899,5,0.0
97,1.0,1.0,4.0190001,0.0,6.0,4,112.9272507451659,132.1332581223022,pobre,basal,0,625.0,765.0,1.0,47.0,15,258,20900,6,0.0
98,1.0,1.0,4.0190001,0.0,6.0,4,112.9272507451659,132.1332581223022,pobre,basal,0,625.0,765.0,1.0,47.0,16,258,20900,6,0.0
97,1.0,0.0,4.0190001,1.0,6.0,6,112.9272507451659,132.1332581223022,pobre,basal,2,625.0,662.14099,1.0,48.0,14,258,20901,6,1.0
98,1.0,0.0,4.0190001,1.0,7.0,6,112.9272507451659,132.1332581223022,pobre,basal,2,625.0,662.14099,1.0,48.0,15,258,20901,6,1.0
97,1.0,0.0,4.0190001,1.0,4.0,6,112.9272507451659,132.1332581223022,pobre,basal,2,625.0,662.14099,1.0,48.0,12,258,20902,4,1.0
98,1.0,0.0,4.0190001,1.0,5.0,6,112.9272507451659,132.1332581223022,pobre,basal,2,625.0,662.14099,1.0,48.0,13,258,20902,4,1.0
97,0.0,0.0,4.0190001,1.0,2.0,6,112.9272507451659,132.1332581223022,pobre,basal,2,625.0,662.14099,1.0,48.0,11,258,20903,2,1.0
98,0.0,0.0,4.0190001,1.0,3.0,6,112.9272507451659,132.1332581223022,pobre,basal,2,625.0,662.14099,1.0,48.0,12,258,20903,2,1.0
97,1.0,0.0,4.0190001,1.0,0.0,5,112.9272507451659,132.1332581223022,pobre,basal,6,625.0,671.0,1.0,29.0,6,258,20904,0,1.0
98,1.0,0.0,4.0190001,1.0,1.0,5,112.9272507451659,132.1332581223022,pobre,basal,6,625.0,671.0,1.0,29.0,7,258,20904,0,1.0
97,0.0,0.0,4.0190001,1.0,7.0,11,112.9272507451659,132.1332581223022,pobre,basal,3,500.0,723.66669,1.0,45.0,14,258,20905,7,1.0
98,0.0,0.0,4.0190001,1.0,8.0,11,112.9272507451659,132.1332581223022,pobre,basal,3,500.0,723.66669,1.0,45.0,15,258,20905,7,1.0
97,1.0,0.0,4.0190001,1.0,5.0,11,112.9272507451659,132.1332581223022,pobre,basal,3,500.0,723.66669,1.0,45.0,13,258,20906,5,1.0
98,1.0,0.0,4.0190001,1.0,0.0,11,112.9272507451659,132.1332581223022,pobre,basal,3,500.0,723.66669,1.0,45.0,14,258,20906,5,1.0
97,0.0,0.0,4.0190001,1.0,4.0,11,112.9272507451659,132.1332581223022,pobre,basal,3,500.0,723.66669,1.0,45.0,10,258,20907,4,1.0
98,0.0,0.0,4.0190001,1.0,5.0,11,112.9272507451659,132.1332581223022,pobre,basal,3,500.0,723.66669,1.0,45.0,11,258,20907,4,1.0
97,0.0,0.0,4.0190001,1.0,0.0,11,112.9272507451659,132.1332581223022,pobre,basal,3,500.0,723.66669,1.0,45.0,6,258,20908,0,1.0
98,0.0,0.0,4.0190001,1.0,1.0,11,112.9272507451659,132.1332581223022,pobre,basal,3,500.0,723.66669,1.0,45.0,7,258,20908,0,1.0
97,0.0,0.0,4.0190001,0.0,6.0,6,112.9272507451659,132.1332581223022,no pobre,basal,9,625.0,798.0,1.0,42.0,15,258,20909,6,0.0
98,0.0,0.0,4.0190001,0.0,6.0,6,112.9272507451659,132.1332581223022,no pobre,basal,9,625.0,798.0,1.0,42.0,16,258,20909,6,0.0
97,0.0,0.0,4.0190001,1.0,5.0,6,112.9272507451659,132.1332581223022,no pobre,basal,9,625.0,798.0,1.0,42.0,14,258,20910,5,1.0
98,0.0,0.0,4.0190001,0.0,6.0,6,112.9272507451659,132.1332581223022,no pobre,basal,9,625.0,798.0,1.0,42.0,15,258,20910,5,1.0
97,1.0,0.0,4.0190001,1.0,4.0,6,112.9272507451659,132.1332581223022,no pobre,basal,9,625.0,798.0,1.0,42.0,11,258,20911,4,1.0
98,1.0,0.0,4.0190001,1.0,5.0,6,112.9272507451659,132.1332581223022,no pobre,basal,9,625.0,798.0,1.0,42.0,12,258,20911,4,1.0
97,0.0,0.0,4.0190001,1.0,4.0,6,112.9272507451659,132.1332581223022,no pobre,basal,9,625.0,798.0,1.0,42.0,9,258,20912,4,1.0
98,0.0,0.0,4.0190001,1.0,5.0,6,112.9272507451659,132.1332581223022,no pobre,basal,9,625.0,798.0,1.0,42.0,10,258,20912,4,1.0
97,1.0,0.0,4.0190001,1.0,9.0,3,112.9272507451659,132.1332581223022,no pobre,basal,6,0.0,992.0,0.0,34.0,14,258,20913,9,1.0
98,1.0,0.0,4.0190001,,,3,112.9272507451659,132.1332581223022,no pobre,basal,6,0.0,992.0,0.0,34.0,15,258,20913,9,1.0
97,1.0,0.0,4.0190001,1.0,6.0,3,112.9272507451659,132.1332581223022,no pobre,basal,6,0.0,992.0,0.0,34.0,12,258,20914,6,1.0
98,1.0,0.0,4.0190001,,,3,112.9272507451659,132.1332581223022,no pobre,basal,6,0.0,992.0,0.0,34.0,13,258,20914,6,1.0
97,1.0,0.0,4.0190001,1.0,5.0,6,112.9272507451659,132.1332581223022,pobre,basal,2,500.0,736.0,1.0,42.0,14,258,20915,5,1.0
98,1.0,0.0,4.0190001,1.0,8.0,6,112.9272507451659,132.1332581223022,pobre,basal,2,500.0,736.0,1.0,42.0,15,258,20915,5,1.0
97,1.0,0.0,4.0190001,1.0,5.0,6,112.9272507451659,132.1332581223022,pobre,basal,2,500.0,736.0,1.0,42.0,12,258,20916,5,1.0
98,1.0,0.0,4.0190001,1.0,7.0,6,112.9272507451659,132.1332581223022,pobre,basal,2,500.0,736.0,1.0,42.0,13,258,20916,5,1.0
97,1.0,0.0,4.0190001,1.0,4.0,6,112.9272507451659,132.1332581223022,pobre,basal,2,500.0,736.0,1.0,42.0,10,258,20917,4,1.0
98,1.0,0.0,4.0190001,1.0,1.0,6,112.9272507451659,132.1332581223022,pobre,basal,2,500.0,736.0,1.0,42.0,11,258,20917,4,1.0
97,1.0,0.0,0.42699999,1.0,7.0,5,61.68164891847273,73.27996859172299,pobre,0,5,1000.0,749.0,1.0,42.0,14,232,20918,7,1.0
98,1.0,0.0,0.42699999,1.0,8.0,5,61.68164891847273,73.27996859172299,pobre,0,5,1000.0,749.0,1.0,42.0,15,232,20918,7,1.0
97,0.0,0.0,0.42699999,1.0,6.0,5,61.68164891847273,73.27996859172299,pobre,0,5,1000.0,749.0,1.0,42.0,12,232,20919,6,1.0
98,0.0,0.0,0.42699999,1.0,7.0,5,61.68164891847273,73.27996859172299,pobre,0,5,1000.0,749.0,1.0,42.0,13,232,20919,6,1.0
97,0.0,0.0,0.42699999,1.0,3.0,5,61.68164891847273,73.27996859172299,pobre,0,5,1000.0,749.0,1.0,42.0,11,232,20920,3,1.0
98,0.0,0.0,0.42699999,1.0,4.0,5,61.68164891847273,73.27996859172299,pobre,0,5,1000.0,749.0,1.0,42.0,12,232,20920,3,1.0
97,1.0,0.0,0.42699999,1.0,7.0,7,61.68164891847273,73.27996859172299,pobre,0,6,1250.0,666.0,1.0,40.0,13,232,20921,7,1.0
98,1.0,0.0,0.42699999,1.0,8.0,7,61.68164891847273,73.27996859172299,pobre,0,6,1250.0,666.0,1.0,40.0,14,232,20921,7,1.0
97,0.0,0.0,0.42699999,1.0,5.0,7,61.68164891847273,73.27996859172299,pobre,0,6,1250.0,666.0,1.0,40.0,11,232,20922,5,1.0
98,0.0,0.0,0.42699999,1.0,6.0,7,61.68164891847273,73.27996859172299,pobre,0,6,1250.0,666.0,1.0,40.0,12,232,20922,5,1.0
97,0.0,0.0,0.42699999,1.0,4.0,7,61.68164891847273,73.27996859172299,pobre,0,6,1250.0,666.0,1.0,40.0,9,232,20923,4,1.0
98,0.0,0.0,0.42699999,1.0,5.0,7,61.68164891847273,73.27996859172299,pobre,0,6,1250.0,666.0,1.0,40.0,10,232,20923,4,1.0
97,0.0,0.0,0.42699999,1.0,2.0,7,61.68164891847273,73.27996859172299,pobre,0,6,1250.0,666.0,1.0,40.0,8,232,20924,2,1.0
98,0.0,0.0,0.42699999,1.0,3.0,7,61.68164891847273,73.27996859172299,pobre,0,6,1250.0,666.0,1.0,40.0,9,232,20924,2,1.0
97,0.0,0.0,0.42699999,1.0,0.0,7,61.68164891847273,73.27996859172299,pobre,0,6,1250.0,666.0,1.0,40.0,6,232,20925,0,1.0
98,0.0,0.0,0.42699999,1.0,1.0,7,61.68164891847273,73.27996859172299,pobre,0,6,1250.0,666.0,1.0,40.0,7,232,20925,0,1.0
97,1.0,,0.42699999,,0.0,3,61.68164891847273,73.27996859172299,pobre,0,6,720.0,1070.141,1.0,34.0,6,232,20926,0,
98,1.0,,0.42699999,1.0,1.0,3,61.68164891847273,73.27996859172299,pobre,0,6,720.0,1070.141,1.0,34.0,7,232,20926,0,
97,0.0,0.0,0.42699999,1.0,3.0,5,61.68164891847273,73.27996859172299,pobre,0,6,660.0,852.0,1.0,41.0,9,232,20927,3,1.0
98,0.0,0.0,0.42699999,1.0,4.0,5,61.68164891847273,73.27996859172299,pobre,0,6,660.0,852.0,1.0,41.0,10,232,20927,3,1.0
97,1.0,0.0,0.42699999,1.0,0.0,5,61.68164891847273,73.27996859172299,pobre,0,6,660.0,852.0,1.0,41.0,6,232,20928,0,1.0
98,1.0,0.0,0.42699999,1.0,1.0,5,61.68164891847273,73.27996859172299,pobre,0,6,660.0,852.0,1.0,41.0,7,232,20928,0,1.0
97,1.0,0.0,0.42699999,1.0,2.0,5,61.68164891847273,73.27996859172299,pobre,0,6,0.0,744.0,1.0,41.0,8,232,20929,2,1.0
98,1.0,0.0,0.42699999,1.0,3.0,5,61.68164891847273,73.27996859172299,pobre,0,6,0.0,744.0,1.0,41.0,9,232,20929,2,1.0
97,0.0,0.0,0.42699999,1.0,0.0,5,61.68164891847273,73.27996859172299,pobre,0,6,0.0,744.0,1.0,41.0,7,232,20930,0,1.0
98,0.0,0.0,0.42699999,,,5,61.68164891847273,73.27996859172299,pobre,0,6,0.0,744.0,1.0,41.0,8,232,20930,0,1.0
97,0.0,0.0,4.0190001,1.0,3.0,4,112.9272507451659,132.1332581223022,pobre,basal,9,600.0,750.0,1.0,32.0,8,258,20931,3,1.0
98,0.0,0.0,4.0190001,1.0,3.0,4,112.9272507451659,132.1332581223022,pobre,basal,9,600.0,750.0,1.0,32.0,9,258,20931,3,1.0
97,1.0,0.0,4.0190001,1.0,9.0,5,112.9272507451659,132.1332581223022,pobre,basal,2,625.0,696.0,1.0,39.0,14,258,20932,9,1.0
98,1.0,0.0,4.0190001,1.0,9.0,5,112.9272507451659,132.1332581223022,pobre,basal,2,625.0,696.0,1.0,39.0,15,258,20932,9,1.0
97,0.0,0.0,4.0190001,1.0,1.0,5,112.9272507451659,132.1332581223022,pobre,basal,2,625.0,696.0,1.0,39.0,6,258,20933,1,1.0
98,0.0,0.0,4.0190001,1.0,1.0,5,112.9272507451659,132.1332581223022,pobre,basal,2,625.0,696.0,1.0,39.0,7,258,20933,1,1.0
97,0.0,0.0,4.0190001,0.0,6.0,4,112.9272507451659,132.1332581223022,pobre,basal,5,0.0,785.0,1.0,60.0,15,258,20934,6,0.0
98,0.0,0.0,4.0190001,0.0,6.0,4,112.9272507451659,132.1332581223022,pobre,basal,5,0.0,785.0,1.0,60.0,16,258,20934,6,0.0
97,1.0,0.0,4.0190001,0.0,6.0,6,112.9272507451659,132.1332581223022,pobre,basal,2,300.0,736.0,1.0,49.0,15,258,20935,6,0.0
98,1.0,0.0,4.0190001,0.0,6.0,6,112.9272507451659,132.1332581223022,pobre,basal,2,300.0,736.0,1.0,49.0,16,258,20935,6,0.0
97,0.0,0.0,4.0190001,1.0,5.0,6,112.9272507451659,132.1332581223022,pobre,basal,2,300.0,736.0,1.0,49.0,14,258,20936,5,1.0
98,0.0,0.0,4.0190001,1.0,7.0,6,112.9272507451659,132.1332581223022,pobre,basal,2,300.0,736.0,1.0,49.0,15,258,20936,5,1.0
97,1.0,0.0,4.0190001,1.0,5.0,6,112.9272507451659,132.1332581223022,pobre,basal,2,300.0,736.0,1.0,49.0,11,258,20937,5,1.0
98,1.0,0.0,4.0190001,1.0,6.0,6,112.9272507451659,132.1332581223022,pobre,basal,2,300.0,736.0,1.0,49.0,12,258,20937,5,1.0
97,1.0,,4.0190001,1.0,7.0,11,112.9272507451659,132.1332581223022,pobre,basal,2,625.0,653.5,1.0,44.0,16,258,20938,7,1.0
98,1.0,,4.0190001,,,11,112.9272507451659,132.1332581223022,pobre,basal,2,625.0,653.5,1.0,44.0,17,258,20938,7,1.0
97,0.0,,4.0190001,1.0,6.0,11,112.9272507451659,132.1332581223022,pobre,basal,2,625.0,653.5,1.0,44.0,14,258,20939,6,1.0
98,0.0,,4.0190001,0.0,6.0,11,112.9272507451659,132.1332581223022,pobre,basal,2,625.0,653.5,1.0,44.0,15,258,20939,6,1.0
97,0.0,,4.0190001,1.0,6.0,11,112.9272507451659,132.1332581223022,pobre,basal,2,625.0,653.5,1.0,44.0,12,258,20940,6,1.0
98,0.0,,4.0190001,1.0,7.0,11,112.9272507451659,132.1332581223022,pobre,basal,2,625.0,653.5,1.0,44.0,13,258,20940,6,1.0
97,1.0,,4.0190001,1.0,6.0,11,112.9272507451659,132.1332581223022,pobre,basal,2,625.0,653.5,1.0,44.0,10,258,20941,6,1.0
98,1.0,,4.0190001,1.0,6.0,11,112.9272507451659,132.1332581223022,pobre,basal,2,625.0,653.5,1.0,44.0,11,258,20941,6,1.0
97,1.0,,4.0190001,1.0,2.0,11,112.9272507451659,132.1332581223022,pobre,basal,2,625.0,653.5,1.0,44.0,8,258,20942,2,1.0
98,1.0,,4.0190001,1.0,3.0,11,112.9272507451659,132.1332581223022,pobre,basal,2,625.0,653.5,1.0,44.0,9,258,20942,2,1.0
97,1.0,,4.0190001,1.0,1.0,11,112.9272507451659,132.1332581223022,pobre,basal,2,625.0,653.5,1.0,44.0,6,258,20943,1,1.0
98,1.0,,4.0190001,1.0,1.0,11,112.9272507451659,132.1332581223022,pobre,basal,2,625.0,653.5,1.0,44.0,7,258,20943,1,1.0
97,1.0,0.0,4.0190001,0.0,6.0,8,112.9272507451659,132.1332581223022,pobre,basal,2,625.0,598.0,1.0,40.0,13,258,20944,6,0.0
98,1.0,0.0,4.0190001,,,8,112.9272507451659,132.1332581223022,pobre,basal,2,625.0,598.0,1.0,40.0,14,258,20944,6,0.0
97,1.0,0.0,4.0190001,1.0,5.0,8,112.9272507451659,132.1332581223022,pobre,basal,2,625.0,598.0,1.0,40.0,11,258,20945,5,1.0
98,1.0,0.0,4.0190001,1.0,6.0,8,112.9272507451659,132.1332581223022,pobre,basal,2,625.0,598.0,1.0,40.0,12,258,20945,5,1.0
97,1.0,0.0,4.0190001,1.0,1.0,8,112.9272507451659,132.1332581223022,pobre,basal,2,625.0,598.0,1.0,40.0,8,258,20946,1,1.0
98,1.0,0.0,4.0190001,1.0,2.0,8,112.9272507451659,132.1332581223022,pobre,basal,2,625.0,598.0,1.0,40.0,9,258,20946,1,1.0
97,0.0,0.0,4.0190001,1.0,1.0,8,112.9272507451659,132.1332581223022,pobre,basal,2,625.0,598.0,1.0,40.0,6,258,20947,1,1.0
98,0.0,0.0,4.0190001,1.0,1.0,8,112.9272507451659,132.1332581223022,pobre,basal,2,625.0,598.0,1.0,40.0,7,258,20947,1,1.0
97,1.0,0.0,4.0190001,1.0,10.0,13,112.9272507451659,132.1332581223022,pobre,basal,3,625.0,719.0,1.0,55.0,16,258,20948,10,1.0
98,1.0,0.0,4.0190001,,,13,112.9272507451659,132.1332581223022,pobre,basal,3,625.0,719.0,1.0,55.0,17,258,20948,10,1.0
97,0.0,0.0,4.0190001,1.0,6.0,13,112.9272507451659,132.1332581223022,pobre,basal,3,625.0,719.0,1.0,55.0,12,258,20949,6,1.0
98,0.0,0.0,4.0190001,1.0,7.0,13,112.9272507451659,132.1332581223022,pobre,basal,3,625.0,719.0,1.0,55.0,13,258,20949,6,1.0
97,1.0,0.0,4.0190001,1.0,6.0,13,112.9272507451659,132.1332581223022,pobre,basal,3,625.0,719.0,1.0,55.0,11,258,20950,6,1.0
98,1.0,0.0,4.0190001,1.0,6.0,13,112.9272507451659,132.1332581223022,pobre,basal,3,625.0,719.0,1.0,55.0,12,258,20950,6,1.0
97,0.0,0.0,4.0190001,1.0,2.0,13,112.9272507451659,132.1332581223022,pobre,basal,3,625.0,719.0,1.0,55.0,8,258,20951,2,1.0
98,0.0,0.0,4.0190001,1.0,3.0,13,112.9272507451659,132.1332581223022,pobre,basal,3,625.0,719.0,1.0,55.0,9,258,20951,2,1.0
97,1.0,0.0,1.9579999,0.0,2.0,9,45.03346465223554,112.0531231946292,no pobre,basal,8,0.0,984.0,1.0,38.0,13,240,20952,2,0.0
98,1.0,0.0,1.9579999,,,9,45.03346465223554,112.0531231946292,no pobre,basal,8,0.0,984.0,1.0,38.0,14,240,20952,2,0.0
97,0.0,0.0,1.9579999,,0.0,9,45.03346465223554,112.0531231946292,no pobre,basal,8,0.0,984.0,1.0,38.0,11,240,20953,0,
98,0.0,0.0,1.9579999,0.0,2.0,9,45.03346465223554,112.0531231946292,no pobre,basal,8,0.0,984.0,1.0,38.0,12,240,20953,0,
97,1.0,0.0,1.9579999,1.0,1.0,9,45.03346465223554,112.0531231946292,no pobre,basal,8,0.0,984.0,1.0,38.0,7,240,20954,1,1.0
98,1.0,0.0,1.9579999,1.0,2.0,9,45.03346465223554,112.0531231946292,no pobre,basal,8,0.0,984.0,1.0,38.0,8,240,20954,1,1.0
97,0.0,0.0,1.9579999,0.0,4.0,3,45.03346465223554,112.0531231946292,pobre,basal,2,0.0,911.0,1.0,62.0,16,240,20955,4,0.0
98,0.0,0.0,1.9579999,,,3,45.03346465223554,112.0531231946292,pobre,basal,2,0.0,911.0,1.0,62.0,17,240,20955,4,0.0
97,1.0,0.0,1.9579999,0.0,6.0,7,45.03346465223554,112.0531231946292,pobre,basal,0,0.0,716.61298,1.0,67.0,16,240,20956,6,0.0
98,1.0,0.0,1.9579999,,,7,45.03346465223554,112.0531231946292,pobre,basal,0,0.0,716.61298,1.0,67.0,17,240,20956,6,0.0
97,1.0,0.0,1.9579999,0.0,6.0,7,45.03346465223554,112.0531231946292,pobre,basal,0,0.0,716.61298,1.0,67.0,15,240,20957,6,0.0
98,1.0,0.0,1.9579999,,,7,45.03346465223554,112.0531231946292,pobre,basal,0,0.0,716.61298,1.0,67.0,16,240,20957,6,0.0
97,1.0,0.0,1.9579999,0.0,6.0,7,45.03346465223554,112.0531231946292,pobre,basal,0,0.0,716.61298,1.0,67.0,13,240,20958,6,0.0
98,1.0,0.0,1.9579999,,,7,45.03346465223554,112.0531231946292,pobre,basal,0,0.0,716.61298,1.0,67.0,14,240,20958,6,0.0
97,1.0,0.0,1.9579999,0.0,6.0,11,45.03346465223554,112.0531231946292,pobre,basal,6,0.0,612.0,1.0,33.0,13,240,20959,6,0.0
98,1.0,0.0,1.9579999,0.0,6.0,11,45.03346465223554,112.0531231946292,pobre,basal,6,0.0,612.0,1.0,33.0,14,240,20959,6,0.0
97,1.0,0.0,1.9579999,0.0,4.0,11,45.03346465223554,112.0531231946292,pobre,basal,6,0.0,612.0,1.0,33.0,12,240,20960,4,0.0
98,1.0,0.0,1.9579999,1.0,6.0,11,45.03346465223554,112.0531231946292,pobre,basal,6,0.0,612.0,1.0,33.0,13,240,20960,4,0.0
97,0.0,0.0,1.9579999,1.0,5.0,11,45.03346465223554,112.0531231946292,pobre,basal,6,0.0,612.0,1.0,33.0,11,240,20961,5,1.0
98,0.0,0.0,1.9579999,1.0,6.0,11,45.03346465223554,112.0531231946292,pobre,basal,6,0.0,612.0,1.0,33.0,12,240,20961,5,1.0
97,0.0,0.0,1.9579999,1.0,2.0,11,45.03346465223554,112.0531231946292,pobre,basal,6,0.0,612.0,1.0,33.0,7,240,20962,2,1.0
98,0.0,0.0,1.9579999,1.0,3.0,11,45.03346465223554,112.0531231946292,pobre,basal,6,0.0,612.0,1.0,33.0,8,240,20962,2,1.0
97,1.0,0.0,1.9579999,0.0,3.0,9,45.03346465223554,112.0531231946292,pobre,basal,3,0.0,718.0,1.0,42.0,16,240,20963,3,0.0
98,1.0,0.0,1.9579999,,,9,45.03346465223554,112.0531231946292,pobre,basal,3,0.0,718.0,1.0,42.0,17,240,20963,3,0.0
97,1.0,0.0,1.9579999,0.0,6.0,9,45.03346465223554,112.0531231946292,pobre,basal,3,0.0,718.0,1.0,42.0,15,240,20964,6,0.0
98,1.0,0.0,1.9579999,0.0,6.0,9,45.03346465223554,112.0531231946292,pobre,basal,3,0.0,718.0,1.0,42.0,16,240,20964,6,0.0
97,1.0,0.0,1.9579999,0.0,2.0,9,45.03346465223554,112.0531231946292,pobre,basal,3,0.0,718.0,1.0,42.0,11,240,20965,2,0.0
98,1.0,0.0,1.9579999,0.0,2.0,9,45.03346465223554,112.0531231946292,pobre,basal,3,0.0,718.0,1.0,42.0,12,240,20965,2,0.0
97,1.0,0.0,1.9579999,1.0,3.0,9,45.03346465223554,112.0531231946292,pobre,basal,3,0.0,718.0,1.0,42.0,10,240,20966,3,1.0
98,1.0,0.0,1.9579999,1.0,3.0,9,45.03346465223554,112.0531231946292,pobre,basal,3,0.0,718.0,1.0,42.0,11,240,20966,3,1.0
97,1.0,0.0,1.9579999,1.0,2.0,9,45.03346465223554,112.0531231946292,pobre,basal,3,0.0,718.0,1.0,42.0,9,240,20967,2,1.0
98,1.0,0.0,1.9579999,1.0,2.0,9,45.03346465223554,112.0531231946292,pobre,basal,3,0.0,718.0,1.0,42.0,10,240,20967,2,1.0
97,1.0,1.0,4.0190001,0.0,6.0,7,112.9272507451659,132.1332581223022,pobre,basal,0,450.0,588.33331,1.0,52.0,15,258,20968,6,0.0
98,1.0,1.0,4.0190001,,,7,112.9272507451659,132.1332581223022,pobre,basal,0,450.0,588.33331,1.0,52.0,16,258,20968,6,0.0
97,1.0,1.0,4.0190001,0.0,6.0,7,112.9272507451659,132.1332581223022,pobre,basal,0,450.0,588.33331,1.0,52.0,14,258,20969,6,0.0
98,1.0,1.0,4.0190001,0.0,6.0,7,112.9272507451659,132.1332581223022,pobre,basal,0,450.0,588.33331,1.0,52.0,15,258,20969,6,0.0
97,0.0,1.0,4.0190001,1.0,1.0,7,112.9272507451659,132.1332581223022,pobre,basal,0,450.0,588.33331,1.0,52.0,8,258,20970,1,1.0
98,0.0,1.0,4.0190001,1.0,3.0,7,112.9272507451659,132.1332581223022,pobre,basal,0,450.0,588.33331,1.0,52.0,9,258,20970,1,1.0
97,1.0,1.0,4.0190001,1.0,1.0,7,112.9272507451659,132.1332581223022,pobre,basal,0,450.0,588.33331,1.0,52.0,6,258,20971,1,1.0
98,1.0,1.0,4.0190001,1.0,0.0,7,112.9272507451659,132.1332581223022,pobre,basal,0,450.0,588.33331,1.0,52.0,7,258,20971,1,1.0
97,1.0,0.0,4.0190001,1.0,3.0,6,112.9272507451659,132.1332581223022,pobre,basal,2,1125.0,773.0,1.0,73.0,8,258,20972,3,1.0
98,1.0,0.0,4.0190001,1.0,4.0,6,112.9272507451659,132.1332581223022,pobre,basal,2,1125.0,773.0,1.0,73.0,9,258,20972,3,1.0
97,1.0,0.0,4.0190001,0.0,3.0,3,112.9272507451659,132.1332581223022,pobre,basal,0,625.0,606.64001,1.0,62.0,12,258,20973,3,0.0
98,1.0,0.0,4.0190001,1.0,5.0,3,112.9272507451659,132.1332581223022,pobre,basal,0,625.0,606.64001,1.0,62.0,13,258,20973,3,0.0
97,1.0,0.0,1.9579999,1.0,9.0,10,45.03346465223554,112.0531231946292,no pobre,basal,2,0.0,785.0,1.0,48.0,16,240,20974,9,1.0
98,1.0,0.0,1.9579999,,,10,45.03346465223554,112.0531231946292,no pobre,basal,2,0.0,785.0,1.0,48.0,17,240,20974,9,1.0
97,1.0,0.0,1.9579999,1.0,6.0,10,45.03346465223554,112.0531231946292,no pobre,basal,2,0.0,785.0,1.0,48.0,14,240,20975,6,1.0
98,1.0,0.0,1.9579999,1.0,7.0,10,45.03346465223554,112.0531231946292,no pobre,basal,2,0.0,785.0,1.0,48.0,15,240,20975,6,1.0
97,1.0,0.0,1.9579999,1.0,3.0,10,45.03346465223554,112.0531231946292,no pobre,basal,2,0.0,785.0,1.0,48.0,12,240,20976,3,1.0
98,1.0,0.0,1.9579999,1.0,4.0,10,45.03346465223554,112.0531231946292,no pobre,basal,2,0.0,785.0,1.0,48.0,13,240,20976,3,1.0
97,1.0,0.0,1.9579999,1.0,2.0,10,45.03346465223554,112.0531231946292,no pobre,basal,2,0.0,785.0,1.0,48.0,10,240,20977,2,1.0
98,1.0,0.0,1.9579999,1.0,3.0,10,45.03346465223554,112.0531231946292,no pobre,basal,2,0.0,785.0,1.0,48.0,11,240,20977,2,1.0
97,0.0,0.0,1.9579999,1.0,1.0,10,45.03346465223554,112.0531231946292,no pobre,basal,2,0.0,785.0,1.0,48.0,8,240,20978,1,1.0
98,0.0,0.0,1.9579999,1.0,2.0,10,45.03346465223554,112.0531231946292,no pobre,basal,2,0.0,785.0,1.0,48.0,9,240,20978,1,1.0
97,0.0,0.0,1.9579999,1.0,0.0,10,45.03346465223554,112.0531231946292,no pobre,basal,2,0.0,785.0,1.0,48.0,6,240,20979,0,1.0
98,0.0,0.0,1.9579999,,,10,45.03346465223554,112.0531231946292,no pobre,basal,2,0.0,785.0,1.0,48.0,7,240,20979,0,1.0
97,1.0,0.0,1.9579999,1.0,9.0,11,45.03346465223554,112.0531231946292,no pobre,basal,6,0.0,804.0,1.0,46.0,16,240,20980,9,1.0
98,1.0,0.0,1.9579999,,,11,45.03346465223554,112.0531231946292,no pobre,basal,6,0.0,804.0,1.0,46.0,17,240,20980,9,1.0
97,1.0,0.0,1.9579999,0.0,6.0,11,45.03346465223554,112.0531231946292,no pobre,basal,6,0.0,804.0,1.0,46.0,14,240,20981,6,0.0
98,1.0,0.0,1.9579999,0.0,6.0,11,45.03346465223554,112.0531231946292,no pobre,basal,6,0.0,804.0,1.0,46.0,15,240,20981,6,0.0
97,1.0,0.0,1.9579999,1.0,4.0,5,45.03346465223554,112.0531231946292,pobre,basal,2,0.0,710.0,1.0,41.0,10,240,20982,4,1.0
98,1.0,0.0,1.9579999,1.0,5.0,5,45.03346465223554,112.0531231946292,pobre,basal,2,0.0,710.0,1.0,41.0,11,240,20982,4,1.0
97,1.0,0.0,1.9579999,1.0,3.0,6,45.03346465223554,112.0531231946292,pobre,basal,5,500.0,654.0,1.0,32.0,9,240,20983,3,1.0
98,1.0,0.0,1.9579999,1.0,4.0,6,45.03346465223554,112.0531231946292,pobre,basal,5,500.0,654.0,1.0,32.0,10,240,20983,3,1.0
97,1.0,0.0,1.9579999,1.0,1.0,6,45.03346465223554,112.0531231946292,pobre,basal,5,500.0,654.0,1.0,32.0,7,240,20984,1,1.0
98,1.0,0.0,1.9579999,1.0,2.0,6,45.03346465223554,112.0531231946292,pobre,basal,5,500.0,654.0,1.0,32.0,8,240,20984,1,1.0
97,0.0,0.0,1.9579999,1.0,3.0,6,45.03346465223554,112.0531231946292,pobre,basal,6,0.0,647.0,1.0,28.0,6,240,20985,3,1.0
98,0.0,0.0,1.9579999,1.0,0.0,6,45.03346465223554,112.0531231946292,pobre,basal,6,0.0,647.0,1.0,28.0,7,240,20985,3,1.0
97,1.0,0.0,1.9579999,0.0,6.0,9,45.03346465223554,112.0531231946292,no pobre,basal,1,0.0,824.5,1.0,55.0,16,240,20986,6,0.0
98,1.0,0.0,1.9579999,,,9,45.03346465223554,112.0531231946292,no pobre,basal,1,0.0,824.5,1.0,55.0,17,240,20986,6,0.0
97,1.0,0.0,1.9579999,1.0,6.0,9,45.03346465223554,112.0531231946292,no pobre,basal,1,0.0,824.5,1.0,55.0,13,240,20987,6,1.0
98,1.0,0.0,1.9579999,,,9,45.03346465223554,112.0531231946292,no pobre,basal,1,0.0,824.5,1.0,55.0,14,240,20987,6,1.0
97,1.0,0.0,1.9579999,1.0,2.0,9,45.03346465223554,112.0531231946292,no pobre,basal,1,0.0,824.5,1.0,55.0,8,240,20988,2,1.0
98,1.0,0.0,1.9579999,,,9,45.03346465223554,112.0531231946292,no pobre,basal,1,0.0,824.5,1.0,55.0,9,240,20988,2,1.0
97,0.0,0.0,2.622,1.0,2.0,6,126.3958884827117,144.1141805655118,pobre,0,2,500.0,714.0,1.0,37.0,9,224,20989,2,1.0
98,0.0,0.0,2.622,,,6,126.3958884827117,144.1141805655118,pobre,0,2,500.0,714.0,1.0,37.0,10,224,20989,2,1.0
97,1.0,0.0,2.622,1.0,3.0,6,126.3958884827117,144.1141805655118,pobre,0,2,500.0,714.0,1.0,37.0,8,224,20990,3,1.0
98,1.0,0.0,2.622,,,6,126.3958884827117,144.1141805655118,pobre,0,2,500.0,714.0,1.0,37.0,9,224,20990,3,1.0
97,1.0,0.0,2.622,1.0,3.0,4,126.3958884827117,144.1141805655118,pobre,0,0,200.0,797.0,1.0,30.0,6,224,20991,3,1.0
98,1.0,0.0,2.622,,,4,126.3958884827117,144.1141805655118,pobre,0,0,200.0,797.0,1.0,30.0,7,224,20991,3,1.0
97,0.0,0.0,2.622,1.0,3.0,4,126.3958884827117,144.1141805655118,pobre,0,0,121.25,759.0,1.0,60.0,8,224,20992,3,1.0
98,0.0,0.0,2.622,1.0,4.0,4,126.3958884827117,144.1141805655118,pobre,0,0,121.25,759.0,1.0,60.0,9,224,20992,3,1.0
97,1.0,0.0,2.622,0.0,9.0,8,126.3958884827117,144.1141805655118,pobre,0,3,0.0,793.0,1.0,42.0,15,224,20993,9,0.0
98,1.0,0.0,2.622,0.0,9.0,8,126.3958884827117,144.1141805655118,pobre,0,3,0.0,793.0,1.0,42.0,16,224,20993,9,0.0
97,1.0,0.0,2.622,1.0,1.0,8,126.3958884827117,144.1141805655118,pobre,0,3,0.0,793.0,1.0,42.0,9,224,20994,1,1.0
98,1.0,0.0,2.622,1.0,2.0,8,126.3958884827117,144.1141805655118,pobre,0,3,0.0,793.0,1.0,42.0,10,224,20994,1,1.0
97,0.0,0.0,2.622,1.0,3.0,8,126.3958884827117,144.1141805655118,pobre,0,3,0.0,793.0,1.0,42.0,6,224,20995,3,1.0
98,0.0,0.0,2.622,1.0,0.0,8,126.3958884827117,144.1141805655118,pobre,0,3,0.0,793.0,1.0,42.0,7,224,20995,3,1.0
97,1.0,0.0,2.622,0.0,3.0,6,126.3958884827117,144.1141805655118,pobre,0,6,625.0,676.5,1.0,37.0,13,224,20996,3,0.0
98,1.0,0.0,2.622,,,6,126.3958884827117,144.1141805655118,pobre,0,6,625.0,676.5,1.0,37.0,14,224,20996,3,0.0
97,1.0,0.0,2.622,0.0,3.0,6,126.3958884827117,144.1141805655118,pobre,0,6,625.0,676.5,1.0,37.0,11,224,20997,3,0.0
98,1.0,0.0,2.622,,,6,126.3958884827117,144.1141805655118,pobre,0,6,625.0,676.5,1.0,37.0,12,224,20997,3,0.0
97,1.0,0.0,2.622,1.0,1.0,6,126.3958884827117,144.1141805655118,pobre,0,6,625.0,676.5,1.0,37.0,9,224,20998,1,1.0
98,1.0,0.0,2.622,,,6,126.3958884827117,144.1141805655118,pobre,0,6,625.0,676.5,1.0,37.0,10,224,20998,1,1.0
97,1.0,0.0,2.622,1.0,3.0,6,126.3958884827117,144.1141805655118,pobre,0,6,625.0,676.5,1.0,37.0,7,224,20999,3,1.0
98,1.0,0.0,2.622,,,6,126.3958884827117,144.1141805655118,pobre,0,6,625.0,676.5,1.0,37.0,8,224,20999,3,1.0
97,0.0,1.0,4.0190001,1.0,6.0,4,112.9272507451659,132.1332581223022,pobre,basal,1,500.0,610.0,1.0,50.0,12,258,21000,6,1.0
98,0.0,1.0,4.0190001,,,4,112.9272507451659,132.1332581223022,pobre,basal,1,500.0,610.0,1.0,50.0,13,258,21000,6,1.0
97,1.0,1.0,4.0190001,1.0,2.0,4,112.9272507451659,132.1332581223022,pobre,basal,1,500.0,610.0,1.0,50.0,9,258,21001,2,1.0
98,1.0,1.0,4.0190001,,,4,112.9272507451659,132.1332581223022,pobre,basal,1,500.0,610.0,1.0,50.0,10,258,21001,2,1.0
97,0.0,0.0,4.0190001,0.0,6.0,8,112.9272507451659,132.1332581223022,pobre,basal,0,625.0,416.0,1.0,37.0,13,258,21002,6,0.0
98,0.0,0.0,4.0190001,,,8,112.9272507451659,132.1332581223022,pobre,basal,0,625.0,416.0,1.0,37.0,14,258,21002,6,0.0
97,0.0,0.0,4.0190001,1.0,5.0,8,112.9272507451659,132.1332581223022,pobre,basal,0,625.0,416.0,1.0,37.0,12,258,21003,5,1.0
98,0.0,0.0,4.0190001,,,8,112.9272507451659,132.1332581223022,pobre,basal,0,625.0,416.0,1.0,37.0,13,258,21003,5,1.0
97,1.0,0.0,4.0190001,1.0,4.0,8,112.9272507451659,132.1332581223022,pobre,basal,0,625.0,416.0,1.0,37.0,10,258,21004,4,1.0
98,1.0,0.0,4.0190001,,,8,112.9272507451659,132.1332581223022,pobre,basal,0,625.0,416.0,1.0,37.0,11,258,21004,4,1.0
97,0.0,0.0,4.0190001,1.0,1.0,8,112.9272507451659,132.1332581223022,pobre,basal,0,625.0,416.0,1.0,37.0,8,258,21005,1,1.0
98,0.0,0.0,4.0190001,,,8,112.9272507451659,132.1332581223022,pobre,basal,0,625.0,416.0,1.0,37.0,9,258,21005,1,1.0
97,0.0,0.0,4.0190001,0.0,6.0,6,112.9272507451659,132.1332581223022,pobre,basal,2,625.0,655.0,1.0,42.0,15,258,21006,6,0.0
98,0.0,0.0,4.0190001,,,6,112.9272507451659,132.1332581223022,pobre,basal,2,625.0,655.0,1.0,42.0,16,258,21006,6,0.0
97,1.0,0.0,4.0190001,1.0,7.0,6,112.9272507451659,132.1332581223022,pobre,basal,2,625.0,655.0,1.0,42.0,13,258,21007,7,1.0
98,1.0,0.0,4.0190001,1.0,8.0,6,112.9272507451659,132.1332581223022,pobre,basal,2,625.0,655.0,1.0,42.0,14,258,21007,7,1.0
97,1.0,0.0,4.0190001,1.0,5.0,6,112.9272507451659,132.1332581223022,pobre,basal,2,625.0,655.0,1.0,42.0,11,258,21008,5,1.0
98,1.0,0.0,4.0190001,1.0,6.0,6,112.9272507451659,132.1332581223022,pobre,basal,2,625.0,655.0,1.0,42.0,12,258,21008,5,1.0
97,0.0,0.0,4.0190001,1.0,2.0,6,112.9272507451659,132.1332581223022,pobre,basal,2,625.0,655.0,1.0,42.0,8,258,21009,2,1.0
98,0.0,0.0,4.0190001,1.0,3.0,6,112.9272507451659,132.1332581223022,pobre,basal,2,625.0,655.0,1.0,42.0,9,258,21009,2,1.0
97,1.0,0.0,4.0190001,1.0,7.0,8,112.9272507451659,132.1332581223022,pobre,basal,3,625.0,809.66669,1.0,40.0,15,258,21010,7,1.0
98,1.0,0.0,4.0190001,1.0,9.0,8,112.9272507451659,132.1332581223022,pobre,basal,3,625.0,809.66669,1.0,40.0,16,258,21010,7,1.0
97,0.0,0.0,4.0190001,1.0,6.0,8,112.9272507451659,132.1332581223022,pobre,basal,3,625.0,809.66669,1.0,40.0,12,258,21011,6,1.0
98,0.0,0.0,4.0190001,1.0,8.0,8,112.9272507451659,132.1332581223022,pobre,basal,3,625.0,809.66669,1.0,40.0,13,258,21011,6,1.0
97,1.0,0.0,4.0190001,1.0,4.0,8,112.9272507451659,132.1332581223022,pobre,basal,3,625.0,809.66669,1.0,40.0,11,258,21012,4,1.0
98,1.0,0.0,4.0190001,1.0,6.0,8,112.9272507451659,132.1332581223022,pobre,basal,3,625.0,809.66669,1.0,40.0,12,258,21012,4,1.0
97,0.0,0.0,4.0190001,1.0,1.0,8,112.9272507451659,132.1332581223022,pobre,basal,3,625.0,809.66669,1.0,40.0,9,258,21013,1,1.0
98,0.0,0.0,4.0190001,1.0,3.0,8,112.9272507451659,132.1332581223022,pobre,basal,3,625.0,809.66669,1.0,40.0,10,258,21013,1,1.0
97,0.0,0.0,4.0619998,1.0,1.0,5,46.56752013683266,93.67287836541963,pobre,basal,0,66.666664,718.0,1.0,77.0,7,245,21014,1,1.0
98,0.0,0.0,4.0619998,1.0,2.0,5,46.56752013683266,93.67287836541963,pobre,basal,0,66.666664,718.0,1.0,77.0,8,245,21014,1,1.0
97,0.0,0.0,4.0619998,0.0,6.0,8,46.56752013683266,93.67287836541963,no pobre,basal,3,1600.0,849.0,1.0,36.0,16,245,21015,6,0.0
98,0.0,0.0,4.0619998,,,8,46.56752013683266,93.67287836541963,no pobre,basal,3,1600.0,849.0,1.0,36.0,17,245,21015,6,0.0
97,1.0,0.0,4.0619998,0.0,6.0,8,46.56752013683266,93.67287836541963,no pobre,basal,3,1600.0,849.0,1.0,36.0,15,245,21016,6,0.0
98,1.0,0.0,4.0619998,0.0,6.0,8,46.56752013683266,93.67287836541963,no pobre,basal,3,1600.0,849.0,1.0,36.0,16,245,21016,6,0.0
97,0.0,0.0,4.0619998,0.0,6.0,8,46.56752013683266,93.67287836541963,no pobre,basal,3,1600.0,849.0,1.0,36.0,13,245,21017,6,0.0
98,0.0,0.0,4.0619998,0.0,6.0,8,46.56752013683266,93.67287836541963,no pobre,basal,3,1600.0,849.0,1.0,36.0,14,245,21017,6,0.0
97,1.0,0.0,4.0619998,1.0,3.0,8,46.56752013683266,93.67287836541963,no pobre,basal,3,1600.0,849.0,1.0,36.0,10,245,21018,3,1.0
98,1.0,0.0,4.0619998,1.0,4.0,8,46.56752013683266,93.67287836541963,no pobre,basal,3,1600.0,849.0,1.0,36.0,11,245,21018,3,1.0
97,1.0,0.0,4.0619998,0.0,6.0,9,46.56752013683266,93.67287836541963,no pobre,basal,2,880.0,817.5,1.0,42.0,16,245,21019,6,0.0
98,1.0,0.0,4.0619998,,,9,46.56752013683266,93.67287836541963,no pobre,basal,2,880.0,817.5,1.0,42.0,17,245,21019,6,0.0
97,1.0,0.0,4.0619998,0.0,6.0,9,46.56752013683266,93.67287836541963,no pobre,basal,2,880.0,817.5,1.0,42.0,14,245,21020,6,0.0
98,1.0,0.0,4.0619998,0.0,6.0,9,46.56752013683266,93.67287836541963,no pobre,basal,2,880.0,817.5,1.0,42.0,15,245,21020,6,0.0
97,1.0,0.0,4.0619998,1.0,5.0,9,46.56752013683266,93.67287836541963,no pobre,basal,2,880.0,817.5,1.0,42.0,11,245,21021,5,1.0
98,1.0,0.0,4.0619998,1.0,5.0,9,46.56752013683266,93.67287836541963,no pobre,basal,2,880.0,817.5,1.0,42.0,12,245,21021,5,1.0
97,1.0,0.0,4.0619998,1.0,1.0,9,46.56752013683266,93.67287836541963,no pobre,basal,2,880.0,817.5,1.0,42.0,7,245,21022,1,1.0
98,1.0,0.0,4.0619998,1.0,2.0,9,46.56752013683266,93.67287836541963,no pobre,basal,2,880.0,817.5,1.0,42.0,8,245,21022,1,1.0
97,0.0,0.0,2.71,1.0,0.0,4,52.63200016121546,52.63200016121546,pobre,basal,6,1750.0,940.0,1.0,29.0,6,247,21023,0,1.0
98,0.0,0.0,2.71,1.0,1.0,4,52.63200016121546,52.63200016121546,pobre,basal,6,1750.0,940.0,1.0,29.0,7,247,21023,0,1.0
97,0.0,0.0,2.71,1.0,6.0,8,52.63200016121546,52.63200016121546,pobre,basal,6,2400.0,626.0,1.0,33.0,13,247,21024,6,1.0
98,0.0,0.0,2.71,1.0,7.0,8,52.63200016121546,52.63200016121546,pobre,basal,6,2400.0,626.0,1.0,33.0,14,247,21024,6,1.0
97,0.0,0.0,2.71,1.0,5.0,8,52.63200016121546,52.63200016121546,pobre,basal,6,2400.0,626.0,1.0,33.0,11,247,21025,5,1.0
98,0.0,0.0,2.71,1.0,6.0,8,52.63200016121546,52.63200016121546,pobre,basal,6,2400.0,626.0,1.0,33.0,12,247,21025,5,1.0
97,0.0,0.0,2.71,1.0,3.0,8,52.63200016121546,52.63200016121546,pobre,basal,6,2400.0,626.0,1.0,33.0,9,247,21026,3,1.0
98,0.0,0.0,2.71,1.0,4.0,8,52.63200016121546,52.63200016121546,pobre,basal,6,2400.0,626.0,1.0,33.0,10,247,21026,3,1.0
97,0.0,0.0,2.71,1.0,1.0,8,52.63200016121546,52.63200016121546,pobre,basal,6,2400.0,626.0,1.0,33.0,7,247,21027,1,1.0
98,0.0,0.0,2.71,1.0,2.0,8,52.63200016121546,52.63200016121546,pobre,basal,6,2400.0,626.0,1.0,33.0,8,247,21027,1,1.0
97,1.0,0.0,2.71,1.0,0.0,8,52.63200016121546,52.63200016121546,pobre,basal,6,2400.0,626.0,1.0,33.0,6,247,21028,0,1.0
98,1.0,0.0,2.71,1.0,1.0,8,52.63200016121546,52.63200016121546,pobre,basal,6,2400.0,626.0,1.0,33.0,7,247,21028,0,1.0
97,1.0,0.0,2.71,1.0,2.0,5,52.63200016121546,52.63200016121546,pobre,basal,6,0.0,721.0,1.0,29.0,8,247,21029,2,1.0
98,1.0,0.0,2.71,1.0,3.0,5,52.63200016121546,52.63200016121546,pobre,basal,6,0.0,721.0,1.0,29.0,9,247,21029,2,1.0
97,0.0,0.0,2.71,1.0,0.0,5,52.63200016121546,52.63200016121546,pobre,basal,6,0.0,721.0,1.0,29.0,6,247,21030,0,1.0
98,0.0,0.0,2.71,1.0,1.0,5,52.63200016121546,52.63200016121546,pobre,basal,6,0.0,721.0,1.0,29.0,7,247,21030,0,1.0
97,1.0,0.0,2.71,1.0,8.0,10,52.63200016121546,52.63200016121546,no pobre,basal,2,1000.0,981.0,1.0,44.0,16,247,21031,8,1.0
98,1.0,0.0,2.71,,,10,52.63200016121546,52.63200016121546,no pobre,basal,2,1000.0,981.0,1.0,44.0,17,247,21031,8,1.0
97,1.0,0.0,2.71,1.0,6.0,10,52.63200016121546,52.63200016121546,no pobre,basal,2,1000.0,981.0,1.0,44.0,14,247,21032,6,1.0
98,1.0,0.0,2.71,1.0,7.0,10,52.63200016121546,52.63200016121546,no pobre,basal,2,1000.0,981.0,1.0,44.0,15,247,21032,6,1.0
97,0.0,0.0,2.71,1.0,5.0,10,52.63200016121546,52.63200016121546,no pobre,basal,2,1000.0,981.0,1.0,44.0,11,247,21033,5,1.0
98,0.0,0.0,2.71,1.0,6.0,10,52.63200016121546,52.63200016121546,no pobre,basal,2,1000.0,981.0,1.0,44.0,12,247,21033,5,1.0
97,0.0,0.0,2.71,1.0,3.0,10,52.63200016121546,52.63200016121546,no pobre,basal,2,1000.0,981.0,1.0,44.0,9,247,21034,3,1.0
98,0.0,0.0,2.71,1.0,4.0,10,52.63200016121546,52.63200016121546,no pobre,basal,2,1000.0,981.0,1.0,44.0,10,247,21034,3,1.0
97,1.0,0.0,2.71,1.0,1.0,10,52.63200016121546,52.63200016121546,no pobre,basal,2,1000.0,981.0,1.0,44.0,7,247,21035,1,1.0
98,1.0,0.0,2.71,1.0,2.0,10,52.63200016121546,52.63200016121546,no pobre,basal,2,1000.0,981.0,1.0,44.0,8,247,21035,1,1.0
97,1.0,0.0,2.71,0.0,6.0,9,52.63200016121546,52.63200016121546,pobre,basal,4,1000.0,565.0,1.0,43.0,14,247,21036,6,0.0
98,1.0,0.0,2.71,0.0,6.0,9,52.63200016121546,52.63200016121546,pobre,basal,4,1000.0,565.0,1.0,43.0,15,247,21036,6,0.0
97,0.0,0.0,2.71,1.0,4.0,9,52.63200016121546,52.63200016121546,pobre,basal,4,1000.0,565.0,1.0,43.0,11,247,21037,4,1.0
98,0.0,0.0,2.71,0.0,5.0,9,52.63200016121546,52.63200016121546,pobre,basal,4,1000.0,565.0,1.0,43.0,12,247,21037,4,1.0
97,0.0,0.0,2.71,1.0,2.0,9,52.63200016121546,52.63200016121546,pobre,basal,4,1000.0,565.0,1.0,43.0,9,247,21038,2,1.0
98,0.0,0.0,2.71,0.0,4.0,9,52.63200016121546,52.63200016121546,pobre,basal,4,1000.0,565.0,1.0,43.0,10,247,21038,2,1.0
97,1.0,0.0,2.71,0.0,6.0,5,52.63200016121546,52.63200016121546,no pobre,basal,3,750.0,1003.5,1.0,55.0,16,247,21039,6,0.0
98,1.0,0.0,2.71,,,5,52.63200016121546,52.63200016121546,no pobre,basal,3,750.0,1003.5,1.0,55.0,17,247,21039,6,0.0
97,0.0,0.0,2.71,0.0,6.0,7,52.63200016121546,52.63200016121546,no pobre,basal,6,250.0,965.0,1.0,48.0,16,247,21040,6,0.0
98,0.0,0.0,2.71,,,7,52.63200016121546,52.63200016121546,no pobre,basal,6,250.0,965.0,1.0,48.0,17,247,21040,6,0.0
97,0.0,0.0,2.71,0.0,6.0,7,52.63200016121546,52.63200016121546,no pobre,basal,6,250.0,965.0,1.0,48.0,12,247,21041,6,0.0
98,0.0,0.0,2.71,1.0,7.0,7,52.63200016121546,52.63200016121546,no pobre,basal,6,250.0,965.0,1.0,48.0,13,247,21041,6,0.0
97,1.0,0.0,2.71,1.0,4.0,7,52.63200016121546,52.63200016121546,no pobre,basal,6,250.0,965.0,1.0,48.0,11,247,21042,4,1.0
98,1.0,0.0,2.71,1.0,5.0,7,52.63200016121546,52.63200016121546,no pobre,basal,6,250.0,965.0,1.0,48.0,12,247,21042,4,1.0
97,1.0,0.0,2.71,1.0,8.0,9,52.63200016121546,52.63200016121546,no pobre,basal,6,800.0,905.42859,1.0,37.0,14,247,21043,8,1.0
98,1.0,0.0,2.71,1.0,9.0,9,52.63200016121546,52.63200016121546,no pobre,basal,6,800.0,905.42859,1.0,37.0,15,247,21043,8,1.0
97,1.0,0.0,2.71,1.0,3.0,9,52.63200016121546,52.63200016121546,no pobre,basal,6,800.0,905.42859,1.0,37.0,12,247,21044,3,1.0
98,1.0,0.0,2.71,1.0,4.0,9,52.63200016121546,52.63200016121546,no pobre,basal,6,800.0,905.42859,1.0,37.0,13,247,21044,3,1.0
97,1.0,0.0,2.71,1.0,3.0,9,52.63200016121546,52.63200016121546,no pobre,basal,6,800.0,905.42859,1.0,37.0,10,247,21045,3,1.0
98,1.0,0.0,2.71,1.0,4.0,9,52.63200016121546,52.63200016121546,no pobre,basal,6,800.0,905.42859,1.0,37.0,11,247,21045,3,1.0
97,1.0,0.0,2.71,1.0,1.0,9,52.63200016121546,52.63200016121546,no pobre,basal,6,800.0,905.42859,1.0,37.0,7,247,21046,1,1.0
98,1.0,0.0,2.71,1.0,2.0,9,52.63200016121546,52.63200016121546,no pobre,basal,6,800.0,905.42859,1.0,37.0,8,247,21046,1,1.0
97,0.0,0.0,2.71,0.0,6.0,8,52.63200016121546,52.63200016121546,pobre,basal,6,800.0,619.0,1.0,40.0,15,247,21047,6,0.0
98,0.0,0.0,2.71,,,8,52.63200016121546,52.63200016121546,pobre,basal,6,800.0,619.0,1.0,40.0,16,247,21047,6,0.0
97,1.0,0.0,2.71,0.0,6.0,8,52.63200016121546,52.63200016121546,pobre,basal,6,800.0,619.0,1.0,40.0,13,247,21048,6,0.0
98,1.0,0.0,2.71,0.0,6.0,8,52.63200016121546,52.63200016121546,pobre,basal,6,800.0,619.0,1.0,40.0,14,247,21048,6,0.0
97,1.0,0.0,2.71,1.0,3.0,8,52.63200016121546,52.63200016121546,pobre,basal,6,800.0,619.0,1.0,40.0,11,247,21049,3,1.0
98,1.0,0.0,2.71,,,8,52.63200016121546,52.63200016121546,pobre,basal,6,800.0,619.0,1.0,40.0,12,247,21049,3,1.0
97,0.0,0.0,2.71,0.0,2.0,8,52.63200016121546,52.63200016121546,pobre,basal,6,800.0,619.0,1.0,40.0,15,247,21050,2,0.0
98,0.0,0.0,2.71,,,8,52.63200016121546,52.63200016121546,pobre,basal,6,800.0,619.0,1.0,40.0,16,247,21050,2,0.0
97,1.0,0.0,2.675,0.0,9.0,8,43.88550107354883,43.88550107354883,no pobre,0,2,0.0,780.0,1.0,43.0,16,246,21051,9,0.0
98,1.0,0.0,2.675,,,8,43.88550107354883,43.88550107354883,no pobre,0,2,0.0,780.0,1.0,43.0,17,246,21051,9,0.0
97,1.0,0.0,2.675,1.0,8.0,8,43.88550107354883,43.88550107354883,no pobre,0,2,0.0,780.0,1.0,43.0,13,246,21052,8,1.0
98,1.0,0.0,2.675,1.0,9.0,8,43.88550107354883,43.88550107354883,no pobre,0,2,0.0,780.0,1.0,43.0,14,246,21052,8,1.0
97,0.0,0.0,2.675,,0.0,8,43.88550107354883,43.88550107354883,no pobre,0,2,0.0,780.0,1.0,43.0,15,246,21053,0,
98,0.0,0.0,2.675,,,8,43.88550107354883,43.88550107354883,no pobre,0,2,0.0,780.0,1.0,43.0,16,246,21053,0,
97,0.0,0.0,2.675,1.0,3.0,8,43.88550107354883,43.88550107354883,no pobre,0,2,0.0,780.0,1.0,43.0,8,246,21054,3,1.0
98,0.0,0.0,2.675,1.0,4.0,8,43.88550107354883,43.88550107354883,no pobre,0,2,0.0,780.0,1.0,43.0,9,246,21054,3,1.0
97,1.0,0.0,2.675,1.0,5.0,9,43.88550107354883,43.88550107354883,pobre,0,0,0.0,803.0,1.0,41.0,14,246,21055,5,1.0
98,1.0,0.0,2.675,0.0,5.0,9,43.88550107354883,43.88550107354883,pobre,0,0,0.0,803.0,1.0,41.0,15,246,21055,5,1.0
97,0.0,0.0,2.675,1.0,4.0,9,43.88550107354883,43.88550107354883,pobre,0,0,0.0,803.0,1.0,41.0,12,246,21056,4,1.0
98,0.0,0.0,2.675,1.0,4.0,9,43.88550107354883,43.88550107354883,pobre,0,0,0.0,803.0,1.0,41.0,13,246,21056,4,1.0
97,0.0,0.0,2.675,1.0,4.0,9,43.88550107354883,43.88550107354883,pobre,0,0,0.0,803.0,1.0,41.0,10,246,21057,4,1.0
98,0.0,0.0,2.675,1.0,4.0,9,43.88550107354883,43.88550107354883,pobre,0,0,0.0,803.0,1.0,41.0,11,246,21057,4,1.0
97,1.0,0.0,2.675,1.0,1.0,9,43.88550107354883,43.88550107354883,pobre,0,0,0.0,803.0,1.0,41.0,9,246,21058,1,1.0
98,1.0,0.0,2.675,1.0,2.0,9,43.88550107354883,43.88550107354883,pobre,0,0,0.0,803.0,1.0,41.0,10,246,21058,1,1.0
97,0.0,0.0,2.675,1.0,1.0,9,43.88550107354883,43.88550107354883,pobre,0,0,0.0,803.0,1.0,41.0,6,246,21059,1,1.0
98,0.0,0.0,2.675,1.0,1.0,9,43.88550107354883,43.88550107354883,pobre,0,0,0.0,803.0,1.0,41.0,7,246,21059,1,1.0
97,1.0,0.0,2.675,0.0,6.0,13,43.88550107354883,43.88550107354883,pobre,0,0,625.0,763.39502,1.0,46.0,15,246,21060,6,0.0
98,1.0,0.0,2.675,0.0,6.0,13,43.88550107354883,43.88550107354883,pobre,0,0,625.0,763.39502,1.0,46.0,16,246,21060,6,0.0
97,0.0,0.0,2.675,0.0,6.0,13,43.88550107354883,43.88550107354883,pobre,0,0,625.0,763.39502,1.0,46.0,15,246,21061,6,0.0
98,0.0,0.0,2.675,0.0,6.0,13,43.88550107354883,43.88550107354883,pobre,0,0,625.0,763.39502,1.0,46.0,16,246,21061,6,0.0
97,1.0,0.0,2.675,0.0,6.0,13,43.88550107354883,43.88550107354883,pobre,0,0,625.0,763.39502,1.0,46.0,14,246,21062,6,0.0
98,1.0,0.0,2.675,0.0,6.0,13,43.88550107354883,43.88550107354883,pobre,0,0,625.0,763.39502,1.0,46.0,15,246,21062,6,0.0
97,0.0,0.0,2.675,1.0,5.0,13,43.88550107354883,43.88550107354883,pobre,0,0,625.0,763.39502,1.0,46.0,11,246,21063,5,1.0
98,0.0,0.0,2.675,1.0,5.0,13,43.88550107354883,43.88550107354883,pobre,0,0,625.0,763.39502,1.0,46.0,12,246,21063,5,1.0
97,1.0,0.0,2.675,1.0,4.0,13,43.88550107354883,43.88550107354883,pobre,0,0,625.0,763.39502,1.0,46.0,9,246,21064,4,1.0
98,1.0,0.0,2.675,1.0,4.0,13,43.88550107354883,43.88550107354883,pobre,0,0,625.0,763.39502,1.0,46.0,10,246,21064,4,1.0
97,1.0,0.0,2.675,1.0,2.0,13,43.88550107354883,43.88550107354883,pobre,0,0,625.0,763.39502,1.0,46.0,7,246,21065,2,1.0
98,1.0,0.0,2.675,1.0,2.0,13,43.88550107354883,43.88550107354883,pobre,0,0,625.0,763.39502,1.0,46.0,8,246,21065,2,1.0
97,0.0,,2.675,0.0,6.0,6,43.88550107354883,43.88550107354883,no pobre,0,0,600.0,845.0,1.0,54.0,16,246,21066,6,0.0
98,0.0,,2.675,,,6,43.88550107354883,43.88550107354883,no pobre,0,0,600.0,845.0,1.0,54.0,17,246,21066,6,0.0
97,0.0,0.0,2.675,1.0,2.0,6,43.88550107354883,43.88550107354883,pobre,0,6,600.0,706.0,1.0,26.0,7,246,21067,2,1.0
98,0.0,0.0,2.675,,,6,43.88550107354883,43.88550107354883,pobre,0,6,600.0,706.0,1.0,26.0,8,246,21067,2,1.0
97,1.0,0.0,2.675,0.0,5.0,3,43.88550107354883,43.88550107354883,pobre,0,5,625.0,732.0,1.0,15.0,15,246,21068,5,0.0
98,1.0,0.0,2.675,,,3,43.88550107354883,43.88550107354883,pobre,0,5,625.0,732.0,1.0,15.0,16,246,21068,5,0.0
97,1.0,0.0,2.675,0.0,6.0,10,43.88550107354883,43.88550107354883,pobre,0,3,108.33334,646.0,1.0,41.0,15,246,21069,6,0.0
98,1.0,0.0,2.675,,,10,43.88550107354883,43.88550107354883,pobre,0,3,108.33334,646.0,1.0,41.0,16,246,21069,6,0.0
97,1.0,0.0,2.675,0.0,6.0,10,43.88550107354883,43.88550107354883,pobre,0,3,108.33334,646.0,1.0,41.0,13,246,21070,6,0.0
98,1.0,0.0,2.675,,,10,43.88550107354883,43.88550107354883,pobre,0,3,108.33334,646.0,1.0,41.0,14,246,21070,6,0.0
97,0.0,0.0,2.675,1.0,4.0,10,43.88550107354883,43.88550107354883,pobre,0,3,108.33334,646.0,1.0,41.0,11,246,21071,4,1.0
98,0.0,0.0,2.675,,,10,43.88550107354883,43.88550107354883,pobre,0,3,108.33334,646.0,1.0,41.0,12,246,21071,4,1.0
97,0.0,0.0,2.675,1.0,2.0,10,43.88550107354883,43.88550107354883,pobre,0,3,108.33334,646.0,1.0,41.0,8,246,21072,2,1.0
98,0.0,0.0,2.675,,,10,43.88550107354883,43.88550107354883,pobre,0,3,108.33334,646.0,1.0,41.0,9,246,21072,2,1.0
97,1.0,0.0,2.675,1.0,0.0,10,43.88550107354883,43.88550107354883,pobre,0,3,108.33334,646.0,1.0,41.0,7,246,21073,0,1.0
98,1.0,0.0,2.675,,,10,43.88550107354883,43.88550107354883,pobre,0,3,108.33334,646.0,1.0,41.0,8,246,21073,0,1.0
97,1.0,0.0,2.675,0.0,4.0,7,43.88550107354883,43.88550107354883,pobre,0,4,625.0,648.0,1.0,31.0,13,246,21074,4,0.0
98,1.0,0.0,2.675,1.0,5.0,7,43.88550107354883,43.88550107354883,pobre,0,4,625.0,648.0,1.0,31.0,14,246,21074,4,0.0
97,1.0,0.0,2.675,1.0,4.0,7,43.88550107354883,43.88550107354883,pobre,0,4,625.0,648.0,1.0,31.0,9,246,21075,4,1.0
98,1.0,0.0,2.675,1.0,5.0,7,43.88550107354883,43.88550107354883,pobre,0,4,625.0,648.0,1.0,31.0,10,246,21075,4,1.0
97,1.0,0.0,2.675,1.0,3.0,7,43.88550107354883,43.88550107354883,pobre,0,4,625.0,648.0,1.0,31.0,8,246,21076,3,1.0
98,1.0,0.0,2.675,1.0,4.0,7,43.88550107354883,43.88550107354883,pobre,0,4,625.0,648.0,1.0,31.0,9,246,21076,3,1.0
97,0.0,0.0,2.675,1.0,1.0,7,43.88550107354883,43.88550107354883,pobre,0,4,625.0,648.0,1.0,31.0,7,246,21077,1,1.0
98,0.0,0.0,2.675,1.0,2.0,7,43.88550107354883,43.88550107354883,pobre,0,4,625.0,648.0,1.0,31.0,8,246,21077,1,1.0
97,1.0,0.0,0.89999998,1.0,3.0,4,34.27922728813854,82.73935395114906,pobre,basal,3,0.0,783.0,1.0,27.0,6,210,21078,3,1.0
98,1.0,0.0,0.89999998,1.0,1.0,4,34.27922728813854,82.73935395114906,pobre,basal,3,0.0,783.0,1.0,27.0,7,210,21078,3,1.0
97,0.0,0.0,0.89999998,1.0,3.0,3,34.27922728813854,82.73935395114906,pobre,basal,2,600.0,793.0,1.0,26.0,6,210,21079,3,1.0
98,0.0,0.0,0.89999998,1.0,1.0,3,34.27922728813854,82.73935395114906,pobre,basal,2,600.0,793.0,1.0,26.0,7,210,21079,3,1.0
97,0.0,0.0,0.89999998,1.0,8.0,7,34.27922728813854,82.73935395114906,no pobre,basal,1,0.0,808.0,1.0,49.0,14,210,21080,8,1.0
98,0.0,0.0,0.89999998,,,7,34.27922728813854,82.73935395114906,no pobre,basal,1,0.0,808.0,1.0,49.0,15,210,21080,8,1.0
97,0.0,0.0,0.89999998,1.0,7.0,7,34.27922728813854,82.73935395114906,no pobre,basal,1,0.0,808.0,1.0,49.0,12,210,21081,7,1.0
98,0.0,0.0,0.89999998,1.0,8.0,7,34.27922728813854,82.73935395114906,no pobre,basal,1,0.0,808.0,1.0,49.0,13,210,21081,7,1.0
97,1.0,0.0,0.89999998,1.0,3.0,7,34.27922728813854,82.73935395114906,no pobre,basal,1,0.0,808.0,1.0,49.0,9,210,21082,3,1.0
98,1.0,0.0,0.89999998,1.0,4.0,7,34.27922728813854,82.73935395114906,no pobre,basal,1,0.0,808.0,1.0,49.0,10,210,21082,3,1.0
97,0.0,0.0,0.89999998,0.0,4.0,4,34.27922728813854,82.73935395114906,no pobre,basal,3,0.0,965.0,0.0,57.0,15,210,21083,4,0.0
98,0.0,0.0,0.89999998,,,4,34.27922728813854,82.73935395114906,no pobre,basal,3,0.0,965.0,0.0,57.0,16,210,21083,4,0.0
97,1.0,0.0,0.89999998,1.0,6.0,4,34.27922728813854,82.73935395114906,no pobre,basal,3,0.0,965.0,0.0,57.0,13,210,21084,6,1.0
98,1.0,0.0,0.89999998,1.0,6.0,4,34.27922728813854,82.73935395114906,no pobre,basal,3,0.0,965.0,0.0,57.0,14,210,21084,6,1.0
97,1.0,0.0,0.89999998,1.0,10.0,6,34.27922728813854,82.73935395114906,no pobre,basal,6,560.0,1057.0,1.0,36.0,16,210,21085,10,1.0
98,1.0,0.0,0.89999998,,,6,34.27922728813854,82.73935395114906,no pobre,basal,6,560.0,1057.0,1.0,36.0,17,210,21085,10,1.0
97,0.0,0.0,0.89999998,1.0,5.0,6,34.27922728813854,82.73935395114906,no pobre,basal,6,560.0,1057.0,1.0,36.0,11,210,21086,5,1.0
98,0.0,0.0,0.89999998,1.0,6.0,6,34.27922728813854,82.73935395114906,no pobre,basal,6,560.0,1057.0,1.0,36.0,12,210,21086,5,1.0
97,0.0,0.0,0.89999998,1.0,2.0,6,34.27922728813854,82.73935395114906,no pobre,basal,6,560.0,1057.0,1.0,36.0,8,210,21087,2,1.0
98,0.0,0.0,0.89999998,1.0,3.0,6,34.27922728813854,82.73935395114906,no pobre,basal,6,560.0,1057.0,1.0,36.0,9,210,21087,2,1.0
97,0.0,0.0,0.89999998,1.0,5.0,9,34.27922728813854,82.73935395114906,pobre,basal,2,250.0,754.0,1.0,55.0,12,210,21088,5,1.0
98,0.0,0.0,0.89999998,1.0,6.0,9,34.27922728813854,82.73935395114906,pobre,basal,2,250.0,754.0,1.0,55.0,13,210,21088,5,1.0
97,0.0,0.0,0.89999998,0.0,6.0,7,34.27922728813854,82.73935395114906,pobre,basal,4,0.0,782.0,1.0,35.0,15,210,21089,6,0.0
98,0.0,0.0,0.89999998,0.0,6.0,7,34.27922728813854,82.73935395114906,pobre,basal,4,0.0,782.0,1.0,35.0,16,210,21089,6,0.0
97,0.0,0.0,0.89999998,1.0,4.0,7,34.27922728813854,82.73935395114906,pobre,basal,4,0.0,782.0,1.0,35.0,13,210,21090,4,1.0
98,0.0,0.0,0.89999998,1.0,5.0,7,34.27922728813854,82.73935395114906,pobre,basal,4,0.0,782.0,1.0,35.0,14,210,21090,4,1.0
97,1.0,0.0,0.89999998,1.0,3.0,7,34.27922728813854,82.73935395114906,pobre,basal,4,0.0,782.0,1.0,35.0,6,210,21091,3,1.0
98,1.0,0.0,0.89999998,1.0,3.0,7,34.27922728813854,82.73935395114906,pobre,basal,4,0.0,782.0,1.0,35.0,7,210,21091,3,1.0
97,0.0,0.0,0.89999998,1.0,3.0,5,34.27922728813854,82.73935395114906,pobre,basal,3,0.0,729.0,0.0,59.0,6,210,21092,3,1.0
98,0.0,0.0,0.89999998,1.0,1.0,5,34.27922728813854,82.73935395114906,pobre,basal,3,0.0,729.0,0.0,59.0,7,210,21092,3,1.0
97,1.0,0.0,0.89999998,0.0,6.0,5,34.27922728813854,82.73935395114906,pobre,basal,3,625.0,778.0,1.0,42.0,16,210,21093,6,0.0
98,1.0,0.0,0.89999998,,,5,34.27922728813854,82.73935395114906,pobre,basal,3,625.0,778.0,1.0,42.0,17,210,21093,6,0.0
97,0.0,0.0,0.89999998,0.0,6.0,5,34.27922728813854,82.73935395114906,pobre,basal,3,625.0,778.0,1.0,42.0,14,210,21094,6,0.0
98,0.0,0.0,0.89999998,,,5,34.27922728813854,82.73935395114906,pobre,basal,3,625.0,778.0,1.0,42.0,15,210,21094,6,0.0
97,1.0,0.0,0.89999998,0.0,6.0,5,34.27922728813854,82.73935395114906,pobre,basal,3,625.0,778.0,1.0,42.0,11,210,21095,6,0.0
98,1.0,0.0,0.89999998,0.0,6.0,5,34.27922728813854,82.73935395114906,pobre,basal,3,625.0,778.0,1.0,42.0,12,210,21095,6,0.0
97,0.0,0.0,0.89999998,1.0,7.0,8,34.27922728813854,82.73935395114906,no pobre,basal,2,625.0,829.0,1.0,49.0,14,210,21096,7,1.0
98,0.0,0.0,0.89999998,1.0,8.0,8,34.27922728813854,82.73935395114906,no pobre,basal,2,625.0,829.0,1.0,49.0,15,210,21096,7,1.0
97,0.0,0.0,0.89999998,1.0,3.0,8,34.27922728813854,82.73935395114906,no pobre,basal,2,625.0,829.0,1.0,49.0,9,210,21097,3,1.0
98,0.0,0.0,0.89999998,1.0,4.0,8,34.27922728813854,82.73935395114906,no pobre,basal,2,625.0,829.0,1.0,49.0,10,210,21097,3,1.0
97,1.0,0.0,0.89999998,1.0,1.0,6,34.27922728813854,82.73935395114906,no pobre,basal,2,400.0,770.0,1.0,72.0,7,210,21098,1,1.0
98,1.0,0.0,0.89999998,1.0,1.0,6,34.27922728813854,82.73935395114906,no pobre,basal,2,400.0,770.0,1.0,72.0,8,210,21098,1,1.0
97,0.0,0.0,0.89999998,1.0,4.0,3,34.27922728813854,82.73935395114906,pobre,basal,4,625.0,983.0,1.0,52.0,10,210,21099,4,1.0
98,0.0,0.0,0.89999998,1.0,5.0,3,34.27922728813854,82.73935395114906,pobre,basal,4,625.0,983.0,1.0,52.0,11,210,21099,4,1.0
97,1.0,0.0,0.89999998,1.0,8.0,6,34.27922728813854,82.73935395114906,no pobre,basal,2,0.0,948.0,1.0,41.0,13,210,21100,8,1.0
98,1.0,0.0,0.89999998,1.0,9.0,6,34.27922728813854,82.73935395114906,no pobre,basal,2,0.0,948.0,1.0,41.0,14,210,21100,8,1.0
97,0.0,0.0,0.89999998,1.0,4.0,6,34.27922728813854,82.73935395114906,no pobre,basal,2,0.0,948.0,1.0,41.0,10,210,21101,4,1.0
98,0.0,0.0,0.89999998,1.0,5.0,6,34.27922728813854,82.73935395114906,no pobre,basal,2,0.0,948.0,1.0,41.0,11,210,21101,4,1.0
97,1.0,0.0,0.89999998,0.0,7.0,12,34.27922728813854,82.73935395114906,pobre,basal,3,0.0,683.0,1.0,38.0,14,210,21102,7,0.0
98,1.0,0.0,0.89999998,0.0,8.0,12,34.27922728813854,82.73935395114906,pobre,basal,3,0.0,683.0,1.0,38.0,15,210,21102,7,0.0
97,0.0,0.0,0.89999998,0.0,6.0,12,34.27922728813854,82.73935395114906,pobre,basal,3,0.0,683.0,1.0,38.0,11,210,21103,6,0.0
98,0.0,0.0,0.89999998,1.0,6.0,12,34.27922728813854,82.73935395114906,pobre,basal,3,0.0,683.0,1.0,38.0,12,210,21103,6,0.0
97,1.0,0.0,0.89999998,1.0,4.0,12,34.27922728813854,82.73935395114906,pobre,basal,3,0.0,683.0,1.0,38.0,10,210,21104,4,1.0
98,1.0,0.0,0.89999998,1.0,5.0,12,34.27922728813854,82.73935395114906,pobre,basal,3,0.0,683.0,1.0,38.0,11,210,21104,4,1.0
97,1.0,0.0,0.89999998,1.0,2.0,12,34.27922728813854,82.73935395114906,pobre,basal,3,0.0,683.0,1.0,38.0,8,210,21105,2,1.0
98,1.0,0.0,0.89999998,1.0,2.0,12,34.27922728813854,82.73935395114906,pobre,basal,3,0.0,683.0,1.0,38.0,9,210,21105,2,1.0
97,1.0,0.0,0.89999998,1.0,0.0,12,34.27922728813854,82.73935395114906,pobre,basal,3,0.0,683.0,1.0,38.0,6,210,21106,0,1.0
98,1.0,0.0,0.89999998,1.0,0.0,12,34.27922728813854,82.73935395114906,pobre,basal,3,0.0,683.0,1.0,38.0,7,210,21106,0,1.0
97,1.0,0.0,0.89999998,,0.0,7,34.27922728813854,82.73935395114906,pobre,basal,2,2200.0,591.0,1.0,32.0,12,210,21107,0,
98,1.0,0.0,0.89999998,,,7,34.27922728813854,82.73935395114906,pobre,basal,2,2200.0,591.0,1.0,32.0,13,210,21107,0,
97,0.0,0.0,0.89999998,1.0,2.0,7,34.27922728813854,82.73935395114906,pobre,basal,2,2200.0,591.0,1.0,32.0,9,210,21108,2,1.0
98,0.0,0.0,0.89999998,,,7,34.27922728813854,82.73935395114906,pobre,basal,2,2200.0,591.0,1.0,32.0,10,210,21108,2,1.0
97,1.0,0.0,0.89999998,1.0,3.0,7,34.27922728813854,82.73935395114906,pobre,basal,2,2200.0,591.0,1.0,32.0,6,210,21109,3,1.0
98,1.0,0.0,0.89999998,,,7,34.27922728813854,82.73935395114906,pobre,basal,2,2200.0,591.0,1.0,32.0,7,210,21109,3,1.0
97,1.0,0.0,0.89999998,1.0,3.0,5,34.27922728813854,82.73935395114906,pobre,basal,2,625.0,748.0,1.0,38.0,9,210,21110,3,1.0
98,1.0,0.0,0.89999998,1.0,4.0,5,34.27922728813854,82.73935395114906,pobre,basal,2,625.0,748.0,1.0,38.0,10,210,21110,3,1.0
97,1.0,0.0,0.89999998,1.0,8.0,7,34.27922728813854,82.73935395114906,no pobre,basal,6,83.333336,763.0,1.0,43.0,14,210,21111,8,1.0
98,1.0,0.0,0.89999998,1.0,9.0,7,34.27922728813854,82.73935395114906,no pobre,basal,6,83.333336,763.0,1.0,43.0,15,210,21111,8,1.0
97,1.0,0.0,0.89999998,1.0,6.0,7,34.27922728813854,82.73935395114906,no pobre,basal,6,83.333336,763.0,1.0,43.0,12,210,21112,6,1.0
98,1.0,0.0,0.89999998,1.0,7.0,7,34.27922728813854,82.73935395114906,no pobre,basal,6,83.333336,763.0,1.0,43.0,13,210,21112,6,1.0
97,1.0,0.0,0.89999998,1.0,3.0,7,34.27922728813854,82.73935395114906,no pobre,basal,6,83.333336,763.0,1.0,43.0,9,210,21113,3,1.0
98,1.0,0.0,0.89999998,1.0,4.0,7,34.27922728813854,82.73935395114906,no pobre,basal,6,83.333336,763.0,1.0,43.0,10,210,21113,3,1.0
97,1.0,0.0,0.89999998,1.0,1.0,4,34.27922728813854,82.73935395114906,pobre,basal,1,500.0,582.0,1.0,33.0,7,210,21114,1,1.0
98,1.0,0.0,0.89999998,1.0,2.0,4,34.27922728813854,82.73935395114906,pobre,basal,1,500.0,582.0,1.0,33.0,8,210,21114,1,1.0
97,0.0,0.0,0.89999998,0.0,5.0,10,34.27922728813854,82.73935395114906,pobre,basal,3,500.0,670.0,1.0,42.0,16,210,21115,5,0.0
98,0.0,0.0,0.89999998,,,10,34.27922728813854,82.73935395114906,pobre,basal,3,500.0,670.0,1.0,42.0,17,210,21115,5,0.0
97,0.0,0.0,0.89999998,0.0,3.0,10,34.27922728813854,82.73935395114906,pobre,basal,3,500.0,670.0,1.0,42.0,12,210,21116,3,0.0
98,0.0,0.0,0.89999998,1.0,3.0,10,34.27922728813854,82.73935395114906,pobre,basal,3,500.0,670.0,1.0,42.0,13,210,21116,3,0.0
97,0.0,0.0,0.89999998,0.0,2.0,10,34.27922728813854,82.73935395114906,pobre,basal,3,500.0,670.0,1.0,42.0,10,210,21117,2,0.0
98,0.0,0.0,0.89999998,1.0,2.0,10,34.27922728813854,82.73935395114906,pobre,basal,3,500.0,670.0,1.0,42.0,11,210,21117,2,0.0
97,1.0,0.0,0.89999998,1.0,1.0,10,34.27922728813854,82.73935395114906,pobre,basal,3,500.0,670.0,1.0,42.0,8,210,21118,1,1.0
98,1.0,0.0,0.89999998,1.0,1.0,10,34.27922728813854,82.73935395114906,pobre,basal,3,500.0,670.0,1.0,42.0,9,210,21118,1,1.0
97,0.0,0.0,0.89999998,1.0,0.0,10,34.27922728813854,82.73935395114906,pobre,basal,3,500.0,670.0,1.0,42.0,6,210,21119,0,1.0
98,0.0,0.0,0.89999998,1.0,0.0,10,34.27922728813854,82.73935395114906,pobre,basal,3,500.0,670.0,1.0,42.0,7,210,21119,0,1.0
97,0.0,0.0,0.89999998,1.0,5.0,6,34.27922728813854,82.73935395114906,pobre,basal,0,0.0,659.0,1.0,54.0,11,210,21120,5,1.0
98,0.0,0.0,0.89999998,,,6,34.27922728813854,82.73935395114906,pobre,basal,0,0.0,659.0,1.0,54.0,12,210,21120,5,1.0
97,1.0,0.0,0.89999998,1.0,0.0,6,34.27922728813854,82.73935395114906,pobre,basal,0,0.0,659.0,1.0,54.0,6,210,21121,0,1.0
98,1.0,0.0,0.89999998,1.0,1.0,6,34.27922728813854,82.73935395114906,pobre,basal,0,0.0,659.0,1.0,54.0,7,210,21121,0,1.0
97,0.0,0.0,0.89999998,0.0,8.0,4,34.27922728813854,82.73935395114906,pobre,basal,2,625.0,777.0,1.0,53.0,14,210,21122,8,0.0
98,0.0,0.0,0.89999998,0.0,8.0,4,34.27922728813854,82.73935395114906,pobre,basal,2,625.0,777.0,1.0,53.0,15,210,21122,8,0.0
97,0.0,0.0,0.89999998,1.0,2.0,4,34.27922728813854,82.73935395114906,pobre,basal,2,625.0,777.0,1.0,53.0,8,210,21123,2,1.0
98,0.0,0.0,0.89999998,1.0,3.0,4,34.27922728813854,82.73935395114906,pobre,basal,2,625.0,777.0,1.0,53.0,9,210,21123,2,1.0
97,1.0,0.0,0.89999998,0.0,6.0,7,34.27922728813854,82.73935395114906,no pobre,basal,9,500.0,813.0,1.0,48.0,14,210,21124,6,0.0
98,1.0,0.0,0.89999998,0.0,6.0,7,34.27922728813854,82.73935395114906,no pobre,basal,9,500.0,813.0,1.0,48.0,15,210,21124,6,0.0
97,0.0,0.0,0.89999998,0.0,6.0,7,34.27922728813854,82.73935395114906,no pobre,basal,9,500.0,813.0,1.0,48.0,12,210,21125,6,0.0
98,0.0,0.0,0.89999998,0.0,6.0,7,34.27922728813854,82.73935395114906,no pobre,basal,9,500.0,813.0,1.0,48.0,13,210,21125,6,0.0
97,0.0,0.0,0.89999998,1.0,3.0,7,34.27922728813854,82.73935395114906,no pobre,basal,9,500.0,813.0,1.0,48.0,9,210,21126,3,1.0
98,0.0,0.0,0.89999998,1.0,4.0,7,34.27922728813854,82.73935395114906,no pobre,basal,9,500.0,813.0,1.0,48.0,10,210,21126,3,1.0
97,1.0,0.0,0.89999998,1.0,3.0,4,34.27922728813854,82.73935395114906,pobre,basal,0,500.0,736.0,1.0,50.0,9,210,21127,3,1.0
98,1.0,0.0,0.89999998,1.0,4.0,4,34.27922728813854,82.73935395114906,pobre,basal,0,500.0,736.0,1.0,50.0,10,210,21127,3,1.0
97,0.0,0.0,0.89999998,0.0,5.0,9,34.27922728813854,82.73935395114906,pobre,basal,2,166.66667,744.0,1.0,42.0,12,210,21128,5,0.0
98,0.0,0.0,0.89999998,1.0,6.0,9,34.27922728813854,82.73935395114906,pobre,basal,2,166.66667,744.0,1.0,42.0,13,210,21128,5,0.0
97,0.0,0.0,0.89999998,0.0,3.0,9,34.27922728813854,82.73935395114906,pobre,basal,2,166.66667,744.0,1.0,42.0,11,210,21129,3,0.0
98,0.0,0.0,0.89999998,1.0,3.0,9,34.27922728813854,82.73935395114906,pobre,basal,2,166.66667,744.0,1.0,42.0,12,210,21129,3,0.0
97,0.0,0.0,0.89999998,0.0,2.0,9,34.27922728813854,82.73935395114906,pobre,basal,2,166.66667,744.0,1.0,42.0,9,210,21130,2,0.0
98,0.0,0.0,0.89999998,1.0,2.0,9,34.27922728813854,82.73935395114906,pobre,basal,2,166.66667,744.0,1.0,42.0,10,210,21130,2,0.0
97,0.0,0.0,0.89999998,1.0,1.0,9,34.27922728813854,82.73935395114906,pobre,basal,2,166.66667,744.0,1.0,42.0,8,210,21131,1,1.0
98,0.0,0.0,0.89999998,1.0,2.0,9,34.27922728813854,82.73935395114906,pobre,basal,2,166.66667,744.0,1.0,42.0,9,210,21131,1,1.0
97,0.0,0.0,0.89999998,1.0,3.0,2,34.27922728813854,82.73935395114906,no pobre,basal,5,0.0,879.0,0.0,58.0,11,210,21132,3,1.0
98,0.0,0.0,0.89999998,1.0,4.0,2,34.27922728813854,82.73935395114906,no pobre,basal,5,0.0,879.0,0.0,58.0,12,210,21132,3,1.0
97,0.0,0.0,0.89999998,1.0,7.0,6,34.27922728813854,82.73935395114906,pobre,basal,2,500.0,731.0,1.0,51.0,15,210,21133,7,1.0
98,0.0,0.0,0.89999998,,,6,34.27922728813854,82.73935395114906,pobre,basal,2,500.0,731.0,1.0,51.0,16,210,21133,7,1.0
97,1.0,0.0,0.89999998,1.0,1.0,6,34.27922728813854,82.73935395114906,pobre,basal,2,500.0,731.0,1.0,51.0,9,210,21134,1,1.0
98,1.0,0.0,0.89999998,1.0,1.0,6,34.27922728813854,82.73935395114906,pobre,basal,2,500.0,731.0,1.0,51.0,10,210,21134,1,1.0
97,1.0,0.0,0.89999998,1.0,5.0,3,34.27922728813854,82.73935395114906,pobre,basal,0,0.0,828.0,1.0,78.0,10,210,21135,5,1.0
98,1.0,0.0,0.89999998,0.0,6.0,3,34.27922728813854,82.73935395114906,pobre,basal,0,0.0,828.0,1.0,78.0,11,210,21135,5,1.0
97,1.0,0.0,0.89999998,1.0,3.0,8,34.27922728813854,82.73935395114906,pobre,basal,6,625.0,619.0,1.0,31.0,13,210,21136,3,1.0
98,1.0,0.0,0.89999998,1.0,4.0,8,34.27922728813854,82.73935395114906,pobre,basal,6,625.0,619.0,1.0,31.0,14,210,21136,3,1.0
97,0.0,0.0,0.89999998,1.0,1.0,8,34.27922728813854,82.73935395114906,pobre,basal,6,625.0,619.0,1.0,31.0,11,210,21137,1,1.0
98,0.0,0.0,0.89999998,1.0,2.0,8,34.27922728813854,82.73935395114906,pobre,basal,6,625.0,619.0,1.0,31.0,12,210,21137,1,1.0
97,0.0,0.0,0.89999998,1.0,1.0,8,34.27922728813854,82.73935395114906,pobre,basal,6,625.0,619.0,1.0,31.0,8,210,21138,1,1.0
98,0.0,0.0,0.89999998,1.0,2.0,8,34.27922728813854,82.73935395114906,pobre,basal,6,625.0,619.0,1.0,31.0,9,210,21138,1,1.0
97,1.0,0.0,0.89999998,,0.0,8,34.27922728813854,82.73935395114906,pobre,basal,6,625.0,619.0,1.0,31.0,6,210,21139,0,
98,1.0,0.0,0.89999998,1.0,1.0,8,34.27922728813854,82.73935395114906,pobre,basal,6,625.0,619.0,1.0,31.0,7,210,21139,0,
97,1.0,0.0,0.89999998,1.0,3.0,6,34.27922728813854,82.73935395114906,no pobre,basal,2,0.0,1039.0,1.0,49.0,13,210,21140,3,1.0
98,1.0,0.0,0.89999998,0.0,3.0,6,34.27922728813854,82.73935395114906,no pobre,basal,2,0.0,1039.0,1.0,49.0,14,210,21140,3,1.0
97,1.0,0.0,0.89999998,1.0,6.0,6,34.27922728813854,82.73935395114906,no pobre,basal,2,0.0,1039.0,1.0,49.0,12,210,21141,6,1.0
98,1.0,0.0,0.89999998,1.0,7.0,6,34.27922728813854,82.73935395114906,no pobre,basal,2,0.0,1039.0,1.0,49.0,13,210,21141,6,1.0
97,0.0,0.0,0.89999998,1.0,4.0,6,34.27922728813854,82.73935395114906,no pobre,basal,2,0.0,1039.0,1.0,49.0,10,210,21142,4,1.0
98,0.0,0.0,0.89999998,1.0,5.0,6,34.27922728813854,82.73935395114906,no pobre,basal,2,0.0,1039.0,1.0,49.0,11,210,21142,4,1.0
97,0.0,0.0,0.89999998,1.0,3.0,6,34.27922728813854,82.73935395114906,pobre,basal,9,625.0,741.0,1.0,31.0,9,210,21143,3,1.0
98,0.0,0.0,0.89999998,1.0,4.0,6,34.27922728813854,82.73935395114906,pobre,basal,9,625.0,741.0,1.0,31.0,10,210,21143,3,1.0
97,1.0,0.0,0.89999998,1.0,2.0,6,34.27922728813854,82.73935395114906,pobre,basal,9,625.0,741.0,1.0,31.0,8,210,21144,2,1.0
98,1.0,0.0,0.89999998,1.0,3.0,6,34.27922728813854,82.73935395114906,pobre,basal,9,625.0,741.0,1.0,31.0,9,210,21144,2,1.0
97,1.0,0.0,0.89999998,1.0,0.0,6,34.27922728813854,82.73935395114906,pobre,basal,9,625.0,741.0,1.0,31.0,6,210,21145,0,1.0
98,1.0,0.0,0.89999998,1.0,1.0,6,34.27922728813854,82.73935395114906,pobre,basal,9,625.0,741.0,1.0,31.0,7,210,21145,0,1.0
97,1.0,1.0,4.7610002,1.0,5.0,7,52.11114236647833,152.7882501248859,pobre,basal,3,375.0,647.0,1.0,46.0,14,273,21146,5,1.0
98,1.0,1.0,4.7610002,1.0,5.0,7,52.11114236647833,152.7882501248859,pobre,basal,3,375.0,647.0,1.0,46.0,15,273,21146,5,1.0
97,1.0,1.0,4.7610002,1.0,3.0,7,52.11114236647833,152.7882501248859,pobre,basal,3,375.0,647.0,1.0,46.0,12,273,21147,3,1.0
98,1.0,1.0,4.7610002,1.0,3.0,7,52.11114236647833,152.7882501248859,pobre,basal,3,375.0,647.0,1.0,46.0,13,273,21147,3,1.0
97,0.0,1.0,4.7610002,1.0,2.0,7,52.11114236647833,152.7882501248859,pobre,basal,3,375.0,647.0,1.0,46.0,9,273,21148,2,1.0
98,0.0,1.0,4.7610002,1.0,2.0,7,52.11114236647833,152.7882501248859,pobre,basal,3,375.0,647.0,1.0,46.0,10,273,21148,2,1.0
97,0.0,1.0,4.7610002,1.0,4.0,6,52.11114236647833,152.7882501248859,pobre,basal,0,500.0,630.0,1.0,64.0,16,273,21149,4,1.0
98,0.0,1.0,4.7610002,,,6,52.11114236647833,152.7882501248859,pobre,basal,0,500.0,630.0,1.0,64.0,17,273,21149,4,1.0
97,1.0,1.0,4.7610002,1.0,2.0,6,52.11114236647833,152.7882501248859,pobre,basal,0,500.0,630.0,1.0,64.0,8,273,21150,2,1.0
98,1.0,1.0,4.7610002,1.0,3.0,6,52.11114236647833,152.7882501248859,pobre,basal,0,500.0,630.0,1.0,64.0,9,273,21150,2,1.0
97,0.0,1.0,4.7610002,1.0,3.0,10,52.11114236647833,152.7882501248859,pobre,basal,1,375.0,601.45001,1.0,44.0,11,273,21151,3,1.0
98,0.0,1.0,4.7610002,1.0,3.0,10,52.11114236647833,152.7882501248859,pobre,basal,1,375.0,601.45001,1.0,44.0,12,273,21151,3,1.0
97,0.0,1.0,4.7610002,1.0,2.0,10,52.11114236647833,152.7882501248859,pobre,basal,1,375.0,601.45001,1.0,44.0,9,273,21152,2,1.0
98,0.0,1.0,4.7610002,1.0,2.0,10,52.11114236647833,152.7882501248859,pobre,basal,1,375.0,601.45001,1.0,44.0,10,273,21152,2,1.0
97,1.0,1.0,4.7610002,1.0,1.0,10,52.11114236647833,152.7882501248859,pobre,basal,1,375.0,601.45001,1.0,44.0,6,273,21153,1,1.0
98,1.0,1.0,4.7610002,1.0,1.0,10,52.11114236647833,152.7882501248859,pobre,basal,1,375.0,601.45001,1.0,44.0,7,273,21153,1,1.0
97,0.0,1.0,4.7610002,,0.0,10,52.11114236647833,152.7882501248859,pobre,basal,1,375.0,601.45001,1.0,44.0,15,273,21154,0,
98,0.0,1.0,4.7610002,,,10,52.11114236647833,152.7882501248859,pobre,basal,1,375.0,601.45001,1.0,44.0,16,273,21154,0,
97,0.0,1.0,4.7610002,1.0,1.0,5,52.11114236647833,152.7882501248859,pobre,basal,4,500.0,558.0,1.0,29.0,6,273,21155,1,1.0
98,0.0,1.0,4.7610002,1.0,1.0,5,52.11114236647833,152.7882501248859,pobre,basal,4,500.0,558.0,1.0,29.0,7,273,21155,1,1.0
97,1.0,1.0,4.7610002,1.0,5.0,12,52.11114236647833,152.7882501248859,pobre,basal,4,500.0,493.0,1.0,58.0,13,273,21156,5,1.0
98,1.0,1.0,4.7610002,0.0,6.0,12,52.11114236647833,152.7882501248859,pobre,basal,4,500.0,493.0,1.0,58.0,14,273,21156,5,1.0
97,0.0,1.0,4.7610002,1.0,4.0,12,52.11114236647833,152.7882501248859,pobre,basal,4,500.0,493.0,1.0,58.0,11,273,21157,4,1.0
98,0.0,1.0,4.7610002,1.0,5.0,12,52.11114236647833,152.7882501248859,pobre,basal,4,500.0,493.0,1.0,58.0,12,273,21157,4,1.0
97,0.0,1.0,4.7610002,1.0,3.0,12,52.11114236647833,152.7882501248859,pobre,basal,4,500.0,493.0,1.0,58.0,9,273,21158,3,1.0
98,0.0,1.0,4.7610002,1.0,3.0,12,52.11114236647833,152.7882501248859,pobre,basal,4,500.0,493.0,1.0,58.0,10,273,21158,3,1.0
97,0.0,1.0,4.7610002,1.0,1.0,12,52.11114236647833,152.7882501248859,pobre,basal,4,500.0,493.0,1.0,58.0,7,273,21159,1,1.0
98,0.0,1.0,4.7610002,1.0,2.0,12,52.11114236647833,152.7882501248859,pobre,basal,4,500.0,493.0,1.0,58.0,8,273,21159,1,1.0
97,0.0,0.0,0.89999998,1.0,5.0,6,34.27922728813854,82.73935395114906,pobre,basal,1,166.66667,687.0,1.0,55.0,11,210,21160,5,1.0
98,0.0,0.0,0.89999998,1.0,6.0,6,34.27922728813854,82.73935395114906,pobre,basal,1,166.66667,687.0,1.0,55.0,12,210,21160,5,1.0
97,0.0,0.0,0.89999998,1.0,3.0,6,34.27922728813854,82.73935395114906,pobre,basal,1,166.66667,687.0,1.0,55.0,9,210,21161,3,1.0
98,0.0,0.0,0.89999998,1.0,4.0,6,34.27922728813854,82.73935395114906,pobre,basal,1,166.66667,687.0,1.0,55.0,10,210,21161,3,1.0
97,1.0,0.0,0.89999998,1.0,2.0,6,34.27922728813854,82.73935395114906,pobre,basal,1,166.66667,687.0,1.0,55.0,8,210,21162,2,1.0
98,1.0,0.0,0.89999998,1.0,3.0,6,34.27922728813854,82.73935395114906,pobre,basal,1,166.66667,687.0,1.0,55.0,9,210,21162,2,1.0
97,1.0,0.0,0.89999998,1.0,0.0,6,34.27922728813854,82.73935395114906,pobre,basal,1,166.66667,687.0,1.0,55.0,6,210,21163,0,1.0
98,1.0,0.0,0.89999998,1.0,1.0,6,34.27922728813854,82.73935395114906,pobre,basal,1,166.66667,687.0,1.0,55.0,7,210,21163,0,1.0
97,1.0,1.0,4.7610002,,2.0,6,52.11114236647833,152.7882501248859,pobre,basal,5,375.0,507.0,1.0,28.0,8,273,21164,2,
98,1.0,1.0,4.7610002,1.0,1.0,6,52.11114236647833,152.7882501248859,pobre,basal,5,375.0,507.0,1.0,28.0,9,273,21164,2,
97,0.0,1.0,4.7610002,,0.0,6,52.11114236647833,152.7882501248859,pobre,basal,5,375.0,507.0,1.0,28.0,6,273,21165,0,
98,0.0,1.0,4.7610002,,,6,52.11114236647833,152.7882501248859,pobre,basal,5,375.0,507.0,1.0,28.0,7,273,21165,0,
97,0.0,1.0,4.7610002,1.0,3.0,5,52.11114236647833,152.7882501248859,pobre,basal,6,375.0,551.0,1.0,28.0,9,273,21166,3,1.0
98,0.0,1.0,4.7610002,1.0,3.0,5,52.11114236647833,152.7882501248859,pobre,basal,6,375.0,551.0,1.0,28.0,10,273,21166,3,1.0
97,1.0,1.0,4.7610002,1.0,1.0,5,52.11114236647833,152.7882501248859,pobre,basal,6,375.0,551.0,1.0,28.0,6,273,21167,1,1.0
98,1.0,1.0,4.7610002,1.0,2.0,5,52.11114236647833,152.7882501248859,pobre,basal,6,375.0,551.0,1.0,28.0,7,273,21167,1,1.0
97,1.0,1.0,4.7610002,1.0,5.0,7,52.11114236647833,152.7882501248859,pobre,basal,4,375.0,491.0,1.0,39.0,13,273,21168,5,1.0
98,1.0,1.0,4.7610002,1.0,5.0,7,52.11114236647833,152.7882501248859,pobre,basal,4,375.0,491.0,1.0,39.0,14,273,21168,5,1.0
97,1.0,1.0,4.7610002,1.0,4.0,7,52.11114236647833,152.7882501248859,pobre,basal,4,375.0,491.0,1.0,39.0,12,273,21169,4,1.0
98,1.0,1.0,4.7610002,1.0,4.0,7,52.11114236647833,152.7882501248859,pobre,basal,4,375.0,491.0,1.0,39.0,13,273,21169,4,1.0
97,0.0,1.0,4.7610002,1.0,1.0,7,52.11114236647833,152.7882501248859,pobre,basal,4,375.0,491.0,1.0,39.0,6,273,21170,1,1.0
98,0.0,1.0,4.7610002,1.0,1.0,7,52.11114236647833,152.7882501248859,pobre,basal,4,375.0,491.0,1.0,39.0,7,273,21170,1,1.0
97,1.0,1.0,4.7610002,1.0,6.0,6,52.11114236647833,152.7882501248859,pobre,basal,3,375.0,606.45001,1.0,52.0,14,273,21171,6,1.0
98,1.0,1.0,4.7610002,0.0,6.0,6,52.11114236647833,152.7882501248859,pobre,basal,3,375.0,606.45001,1.0,52.0,15,273,21171,6,1.0
97,1.0,0.0,0.89999998,1.0,1.0,7,34.27922728813854,82.73935395114906,pobre,basal,3,750.0,705.0,1.0,35.0,11,210,21172,1,1.0
98,1.0,0.0,0.89999998,,,7,34.27922728813854,82.73935395114906,pobre,basal,3,750.0,705.0,1.0,35.0,12,210,21172,1,1.0
97,1.0,0.0,0.89999998,1.0,2.0,7,34.27922728813854,82.73935395114906,pobre,basal,3,750.0,705.0,1.0,35.0,9,210,21173,2,1.0
98,1.0,0.0,0.89999998,1.0,3.0,7,34.27922728813854,82.73935395114906,pobre,basal,3,750.0,705.0,1.0,35.0,10,210,21173,2,1.0
97,0.0,0.0,0.89999998,1.0,0.0,7,34.27922728813854,82.73935395114906,pobre,basal,3,750.0,705.0,1.0,35.0,7,210,21174,0,1.0
98,0.0,0.0,0.89999998,1.0,1.0,7,34.27922728813854,82.73935395114906,pobre,basal,3,750.0,705.0,1.0,35.0,8,210,21174,0,1.0
97,0.0,1.0,4.7610002,0.0,6.0,7,52.11114236647833,152.7882501248859,pobre,basal,0,375.0,498.0,1.0,49.0,14,273,21175,6,0.0
98,0.0,1.0,4.7610002,0.0,6.0,7,52.11114236647833,152.7882501248859,pobre,basal,0,375.0,498.0,1.0,49.0,15,273,21175,6,0.0
97,0.0,1.0,4.7610002,1.0,6.0,7,52.11114236647833,152.7882501248859,pobre,basal,0,375.0,498.0,1.0,49.0,12,273,21176,6,1.0
98,0.0,1.0,4.7610002,0.0,6.0,7,52.11114236647833,152.7882501248859,pobre,basal,0,375.0,498.0,1.0,49.0,13,273,21176,6,1.0
97,1.0,1.0,4.7610002,1.0,4.0,7,52.11114236647833,152.7882501248859,pobre,basal,0,375.0,498.0,1.0,49.0,10,273,21177,4,1.0
98,1.0,1.0,4.7610002,1.0,4.0,7,52.11114236647833,152.7882501248859,pobre,basal,0,375.0,498.0,1.0,49.0,11,273,21177,4,1.0
97,0.0,1.0,4.7610002,1.0,2.0,7,52.11114236647833,152.7882501248859,pobre,basal,0,375.0,498.0,1.0,49.0,8,273,21178,2,1.0
98,0.0,1.0,4.7610002,1.0,2.0,7,52.11114236647833,152.7882501248859,pobre,basal,0,375.0,498.0,1.0,49.0,9,273,21178,2,1.0
97,1.0,1.0,4.7610002,0.0,6.0,6,52.11114236647833,152.7882501248859,pobre,basal,0,0.0,574.0,0.0,47.0,14,273,21179,6,0.0
98,1.0,1.0,4.7610002,0.0,6.0,6,52.11114236647833,152.7882501248859,pobre,basal,0,0.0,574.0,0.0,47.0,15,273,21179,6,0.0
97,0.0,1.0,4.7610002,1.0,5.0,6,52.11114236647833,152.7882501248859,pobre,basal,0,0.0,574.0,0.0,47.0,12,273,21180,5,1.0
98,0.0,1.0,4.7610002,0.0,6.0,6,52.11114236647833,152.7882501248859,pobre,basal,0,0.0,574.0,0.0,47.0,13,273,21180,5,1.0
97,1.0,1.0,4.7610002,1.0,1.0,5,52.11114236647833,152.7882501248859,pobre,basal,0,500.0,554.0,1.0,46.0,7,273,21181,1,1.0
98,1.0,1.0,4.7610002,1.0,2.0,5,52.11114236647833,152.7882501248859,pobre,basal,0,500.0,554.0,1.0,46.0,8,273,21181,1,1.0
97,1.0,0.0,0.89999998,1.0,9.0,6,34.27922728813854,82.73935395114906,no pobre,basal,3,2000.0,825.0,1.0,41.0,16,210,21182,9,1.0
98,1.0,0.0,0.89999998,,,6,34.27922728813854,82.73935395114906,no pobre,basal,3,2000.0,825.0,1.0,41.0,17,210,21182,9,1.0
97,1.0,0.0,0.89999998,1.0,8.0,6,34.27922728813854,82.73935395114906,no pobre,basal,3,2000.0,825.0,1.0,41.0,14,210,21183,8,1.0
98,1.0,0.0,0.89999998,1.0,9.0,6,34.27922728813854,82.73935395114906,no pobre,basal,3,2000.0,825.0,1.0,41.0,15,210,21183,8,1.0
97,1.0,0.0,0.89999998,1.0,5.0,6,34.27922728813854,82.73935395114906,no pobre,basal,3,2000.0,825.0,1.0,41.0,12,210,21184,5,1.0
98,1.0,0.0,0.89999998,1.0,6.0,6,34.27922728813854,82.73935395114906,no pobre,basal,3,2000.0,825.0,1.0,41.0,13,210,21184,5,1.0
97,0.0,0.0,0.89999998,1.0,0.0,6,34.27922728813854,82.73935395114906,no pobre,basal,3,2000.0,825.0,1.0,41.0,6,210,21185,0,1.0
98,0.0,0.0,0.89999998,1.0,0.0,6,34.27922728813854,82.73935395114906,no pobre,basal,3,2000.0,825.0,1.0,41.0,7,210,21185,0,1.0
97,0.0,1.0,4.7610002,,0.0,5,52.11114236647833,152.7882501248859,pobre,basal,0,0.0,569.0,0.0,43.0,15,273,21186,0,
98,0.0,1.0,4.7610002,,,5,52.11114236647833,152.7882501248859,pobre,basal,0,0.0,569.0,0.0,43.0,16,273,21186,0,
97,1.0,1.0,4.7610002,1.0,1.0,5,52.11114236647833,152.7882501248859,pobre,basal,0,0.0,569.0,0.0,43.0,9,273,21187,1,1.0
98,1.0,1.0,4.7610002,1.0,2.0,5,52.11114236647833,152.7882501248859,pobre,basal,0,0.0,569.0,0.0,43.0,10,273,21187,1,1.0
97,0.0,1.0,4.7610002,1.0,5.0,8,52.11114236647833,152.7882501248859,pobre,basal,0,500.0,584.0,1.0,44.0,13,273,21188,5,1.0
98,0.0,1.0,4.7610002,0.0,6.0,8,52.11114236647833,152.7882501248859,pobre,basal,0,500.0,584.0,1.0,44.0,14,273,21188,5,1.0
97,1.0,1.0,4.7610002,1.0,3.0,8,52.11114236647833,152.7882501248859,pobre,basal,0,500.0,584.0,1.0,44.0,10,273,21189,3,1.0
98,1.0,1.0,4.7610002,1.0,4.0,8,52.11114236647833,152.7882501248859,pobre,basal,0,500.0,584.0,1.0,44.0,11,273,21189,3,1.0
97,1.0,1.0,4.7610002,1.0,1.0,8,52.11114236647833,152.7882501248859,pobre,basal,0,500.0,584.0,1.0,44.0,6,273,21190,1,1.0
98,1.0,1.0,4.7610002,1.0,0.0,8,52.11114236647833,152.7882501248859,pobre,basal,0,500.0,584.0,1.0,44.0,7,273,21190,1,1.0
97,1.0,1.0,4.7610002,0.0,6.0,6,52.11114236647833,152.7882501248859,pobre,basal,0,500.0,672.0,1.0,50.0,16,273,21191,6,0.0
98,1.0,1.0,4.7610002,,,6,52.11114236647833,152.7882501248859,pobre,basal,0,500.0,672.0,1.0,50.0,17,273,21191,6,0.0
97,0.0,1.0,4.7610002,0.0,6.0,6,52.11114236647833,152.7882501248859,pobre,basal,0,500.0,672.0,1.0,50.0,16,273,21192,6,0.0
98,0.0,1.0,4.7610002,,,6,52.11114236647833,152.7882501248859,pobre,basal,0,500.0,672.0,1.0,50.0,17,273,21192,6,0.0
97,0.0,1.0,4.7610002,1.0,2.0,6,52.11114236647833,152.7882501248859,pobre,basal,2,800.0,543.0,1.0,35.0,11,273,21193,2,1.0
98,0.0,1.0,4.7610002,1.0,3.0,6,52.11114236647833,152.7882501248859,pobre,basal,2,800.0,543.0,1.0,35.0,12,273,21193,2,1.0
97,1.0,1.0,4.7610002,1.0,1.0,6,52.11114236647833,152.7882501248859,pobre,basal,2,800.0,543.0,1.0,35.0,9,273,21194,1,1.0
98,1.0,1.0,4.7610002,1.0,3.0,6,52.11114236647833,152.7882501248859,pobre,basal,2,800.0,543.0,1.0,35.0,10,273,21194,1,1.0
97,1.0,1.0,4.7610002,1.0,1.0,6,52.11114236647833,152.7882501248859,pobre,basal,2,800.0,543.0,1.0,35.0,7,273,21195,1,1.0
98,1.0,1.0,4.7610002,1.0,1.0,6,52.11114236647833,152.7882501248859,pobre,basal,2,800.0,543.0,1.0,35.0,8,273,21195,1,1.0
97,1.0,1.0,4.7610002,0.0,6.0,9,52.11114236647833,152.7882501248859,pobre,basal,3,375.0,795.0,1.0,48.0,15,273,21196,6,0.0
98,1.0,1.0,4.7610002,0.0,6.0,9,52.11114236647833,152.7882501248859,pobre,basal,3,375.0,795.0,1.0,48.0,16,273,21196,6,0.0
97,0.0,1.0,4.7610002,0.0,6.0,9,52.11114236647833,152.7882501248859,pobre,basal,3,375.0,795.0,1.0,48.0,12,273,21197,6,0.0
98,0.0,1.0,4.7610002,0.0,6.0,9,52.11114236647833,152.7882501248859,pobre,basal,3,375.0,795.0,1.0,48.0,13,273,21197,6,0.0
97,1.0,1.0,4.7610002,1.0,2.0,9,52.11114236647833,152.7882501248859,pobre,basal,3,375.0,795.0,1.0,48.0,12,273,21198,2,1.0
98,1.0,1.0,4.7610002,1.0,3.0,9,52.11114236647833,152.7882501248859,pobre,basal,3,375.0,795.0,1.0,48.0,13,273,21198,2,1.0
97,1.0,1.0,4.7610002,1.0,1.0,9,52.11114236647833,152.7882501248859,pobre,basal,3,375.0,795.0,1.0,48.0,6,273,21199,1,1.0
98,1.0,1.0,4.7610002,1.0,1.0,9,52.11114236647833,152.7882501248859,pobre,basal,3,375.0,795.0,1.0,48.0,7,273,21199,1,1.0
97,0.0,0.0,0.89999998,0.0,6.0,8,34.27922728813854,82.73935395114906,no pobre,basal,3,500.0,835.0,1.0,49.0,16,210,21200,6,0.0
98,0.0,0.0,0.89999998,,,8,34.27922728813854,82.73935395114906,no pobre,basal,3,500.0,835.0,1.0,49.0,17,210,21200,6,0.0
97,1.0,0.0,0.89999998,1.0,4.0,8,34.27922728813854,82.73935395114906,no pobre,basal,3,500.0,835.0,1.0,49.0,14,210,21201,4,1.0
98,1.0,0.0,0.89999998,1.0,5.0,8,34.27922728813854,82.73935395114906,no pobre,basal,3,500.0,835.0,1.0,49.0,15,210,21201,4,1.0
97,0.0,0.0,0.89999998,1.0,3.0,8,34.27922728813854,82.73935395114906,no pobre,basal,3,500.0,835.0,1.0,49.0,12,210,21202,3,1.0
98,0.0,0.0,0.89999998,1.0,3.0,8,34.27922728813854,82.73935395114906,no pobre,basal,3,500.0,835.0,1.0,49.0,13,210,21202,3,1.0
97,1.0,0.0,0.89999998,1.0,1.0,8,34.27922728813854,82.73935395114906,no pobre,basal,3,500.0,835.0,1.0,49.0,9,210,21203,1,1.0
98,1.0,0.0,0.89999998,1.0,1.0,8,34.27922728813854,82.73935395114906,no pobre,basal,3,500.0,835.0,1.0,49.0,10,210,21203,1,1.0
97,0.0,0.0,0.89999998,1.0,2.0,12,34.27922728813854,82.73935395114906,pobre,basal,0,0.0,745.39502,1.0,66.0,7,210,21204,2,1.0
98,0.0,0.0,0.89999998,1.0,2.0,12,34.27922728813854,82.73935395114906,pobre,basal,0,0.0,745.39502,1.0,66.0,8,210,21204,2,1.0
97,0.0,0.0,0.89999998,1.0,2.0,12,34.27922728813854,82.73935395114906,pobre,basal,0,0.0,745.39502,1.0,66.0,7,210,21205,2,1.0
98,0.0,0.0,0.89999998,1.0,3.0,12,34.27922728813854,82.73935395114906,pobre,basal,0,0.0,745.39502,1.0,66.0,8,210,21205,2,1.0
97,0.0,0.0,0.89999998,0.0,9.0,6,34.27922728813854,82.73935395114906,no pobre,basal,3,0.0,837.0,1.0,48.0,16,210,21206,9,0.0
98,0.0,0.0,0.89999998,,,6,34.27922728813854,82.73935395114906,no pobre,basal,3,0.0,837.0,1.0,48.0,17,210,21206,9,0.0
97,0.0,0.0,0.89999998,0.0,9.0,6,34.27922728813854,82.73935395114906,no pobre,basal,3,0.0,837.0,1.0,48.0,14,210,21207,9,0.0
98,0.0,0.0,0.89999998,1.0,9.0,6,34.27922728813854,82.73935395114906,no pobre,basal,3,0.0,837.0,1.0,48.0,15,210,21207,9,0.0
97,0.0,0.0,0.89999998,1.0,3.0,4,34.27922728813854,82.73935395114906,pobre,basal,6,125.0,1008.547,1.0,34.0,8,210,21208,3,1.0
98,0.0,0.0,0.89999998,0.0,3.0,4,34.27922728813854,82.73935395114906,pobre,basal,6,125.0,1008.547,1.0,34.0,9,210,21208,3,1.0
97,0.0,0.0,0.89999998,1.0,1.0,4,34.27922728813854,82.73935395114906,pobre,basal,6,125.0,1008.547,1.0,34.0,6,210,21209,1,1.0
98,0.0,0.0,0.89999998,1.0,1.0,4,34.27922728813854,82.73935395114906,pobre,basal,6,125.0,1008.547,1.0,34.0,7,210,21209,1,1.0
97,1.0,0.0,0.89999998,1.0,2.0,5,34.27922728813854,82.73935395114906,pobre,basal,2,0.0,758.0,1.0,39.0,12,210,21210,2,1.0
98,1.0,0.0,0.89999998,0.0,3.0,5,34.27922728813854,82.73935395114906,pobre,basal,2,0.0,758.0,1.0,39.0,13,210,21210,2,1.0
97,0.0,0.0,0.89999998,1.0,4.0,5,34.27922728813854,82.73935395114906,pobre,basal,2,0.0,758.0,1.0,39.0,9,210,21211,4,1.0
98,0.0,0.0,0.89999998,0.0,5.0,5,34.27922728813854,82.73935395114906,pobre,basal,2,0.0,758.0,1.0,39.0,10,210,21211,4,1.0
97,0.0,0.0,0.89999998,,3.0,9,34.27922728813854,82.73935395114906,pobre,basal,6,625.0,725.27502,1.0,57.0,9,210,21212,3,
98,0.0,0.0,0.89999998,,,9,34.27922728813854,82.73935395114906,pobre,basal,6,625.0,725.27502,1.0,57.0,10,210,21212,3,
97,0.0,0.0,0.89999998,,0.0,9,34.27922728813854,82.73935395114906,pobre,basal,6,625.0,725.27502,1.0,57.0,8,210,21213,0,
98,0.0,0.0,0.89999998,,,9,34.27922728813854,82.73935395114906,pobre,basal,6,625.0,725.27502,1.0,57.0,9,210,21213,0,
97,1.0,0.0,0.89999998,1.0,6.0,5,34.27922728813854,82.73935395114906,pobre,basal,5,0.0,723.547,1.0,45.0,12,210,21214,6,1.0
98,1.0,0.0,0.89999998,1.0,6.0,5,34.27922728813854,82.73935395114906,pobre,basal,5,0.0,723.547,1.0,45.0,13,210,21214,6,1.0
97,1.0,0.0,0.89999998,1.0,2.0,5,34.27922728813854,82.73935395114906,pobre,basal,5,0.0,723.547,1.0,45.0,10,210,21215,2,1.0
98,1.0,0.0,0.89999998,1.0,2.0,5,34.27922728813854,82.73935395114906,pobre,basal,5,0.0,723.547,1.0,45.0,11,210,21215,2,1.0
97,0.0,0.0,0.89999998,1.0,1.0,5,34.27922728813854,82.73935395114906,pobre,basal,5,0.0,723.547,1.0,45.0,8,210,21216,1,1.0
98,0.0,0.0,0.89999998,1.0,0.0,5,34.27922728813854,82.73935395114906,pobre,basal,5,0.0,723.547,1.0,45.0,9,210,21216,1,1.0
97,0.0,0.0,0.89999998,0.0,9.0,11,34.27922728813854,82.73935395114906,no pobre,basal,3,0.0,808.5,1.0,50.0,16,210,21217,9,0.0
98,0.0,0.0,0.89999998,,,11,34.27922728813854,82.73935395114906,no pobre,basal,3,0.0,808.5,1.0,50.0,17,210,21217,9,0.0
97,1.0,0.0,0.89999998,1.0,9.0,11,34.27922728813854,82.73935395114906,no pobre,basal,3,0.0,808.5,1.0,50.0,15,210,21218,9,1.0
98,1.0,0.0,0.89999998,0.0,9.0,11,34.27922728813854,82.73935395114906,no pobre,basal,3,0.0,808.5,1.0,50.0,16,210,21218,9,1.0
97,1.0,0.0,0.89999998,1.0,8.0,11,34.27922728813854,82.73935395114906,no pobre,basal,3,0.0,808.5,1.0,50.0,13,210,21219,8,1.0
98,1.0,0.0,0.89999998,0.0,8.0,11,34.27922728813854,82.73935395114906,no pobre,basal,3,0.0,808.5,1.0,50.0,14,210,21219,8,1.0
97,1.0,0.0,0.89999998,1.0,6.0,11,34.27922728813854,82.73935395114906,no pobre,basal,3,0.0,808.5,1.0,50.0,11,210,21220,6,1.0
98,1.0,0.0,0.89999998,1.0,6.0,11,34.27922728813854,82.73935395114906,no pobre,basal,3,0.0,808.5,1.0,50.0,12,210,21220,6,1.0
97,1.0,0.0,0.89999998,1.0,5.0,11,34.27922728813854,82.73935395114906,no pobre,basal,3,0.0,808.5,1.0,50.0,10,210,21221,5,1.0
98,1.0,0.0,0.89999998,1.0,5.0,11,34.27922728813854,82.73935395114906,no pobre,basal,3,0.0,808.5,1.0,50.0,11,210,21221,5,1.0
97,0.0,0.0,0.89999998,1.0,2.0,11,34.27922728813854,82.73935395114906,no pobre,basal,3,0.0,808.5,1.0,50.0,7,210,21222,2,1.0
98,0.0,0.0,0.89999998,1.0,1.0,11,34.27922728813854,82.73935395114906,no pobre,basal,3,0.0,808.5,1.0,50.0,8,210,21222,2,1.0
97,0.0,0.0,0.89999998,,0.0,5,34.27922728813854,82.73935395114906,pobre,basal,1,112.0,701.0,0.0,45.0,11,210,21223,0,
98,0.0,0.0,0.89999998,1.0,6.0,5,34.27922728813854,82.73935395114906,pobre,basal,1,112.0,701.0,0.0,45.0,12,210,21223,0,
97,0.0,0.0,0.89999998,,0.0,5,34.27922728813854,82.73935395114906,pobre,basal,1,112.0,701.0,0.0,45.0,8,210,21224,0,
98,0.0,0.0,0.89999998,1.0,3.0,5,34.27922728813854,82.73935395114906,pobre,basal,1,112.0,701.0,0.0,45.0,9,210,21224,0,
97,0.0,0.0,0.89999998,1.0,7.0,7,34.27922728813854,82.73935395114906,no pobre,basal,3,0.0,843.0,1.0,62.0,13,210,21225,7,1.0
98,0.0,0.0,0.89999998,1.0,7.0,7,34.27922728813854,82.73935395114906,no pobre,basal,3,0.0,843.0,1.0,62.0,14,210,21225,7,1.0
97,0.0,0.0,0.89999998,1.0,3.0,7,34.27922728813854,82.73935395114906,no pobre,basal,3,0.0,843.0,1.0,62.0,8,210,21226,3,1.0
98,0.0,0.0,0.89999998,1.0,3.0,7,34.27922728813854,82.73935395114906,no pobre,basal,3,0.0,843.0,1.0,62.0,9,210,21226,3,1.0
97,1.0,0.0,0.89999998,1.0,1.0,4,34.27922728813854,82.73935395114906,no pobre,basal,3,0.0,839.0,1.0,65.0,7,210,21227,1,1.0
98,1.0,0.0,0.89999998,1.0,0.0,4,34.27922728813854,82.73935395114906,no pobre,basal,3,0.0,839.0,1.0,65.0,8,210,21227,1,1.0
97,0.0,0.0,0.89999998,0.0,1.0,10,34.27922728813854,82.73935395114906,pobre,basal,2,0.0,691.0,1.0,56.0,8,210,21228,1,0.0
98,0.0,0.0,0.89999998,1.0,2.0,10,34.27922728813854,82.73935395114906,pobre,basal,2,0.0,691.0,1.0,56.0,9,210,21228,1,0.0
97,1.0,0.0,0.89999998,0.0,9.0,9,34.27922728813854,82.73935395114906,pobre,basal,6,0.0,662.0,1.0,34.0,15,210,21229,9,0.0
98,1.0,0.0,0.89999998,0.0,9.0,9,34.27922728813854,82.73935395114906,pobre,basal,6,0.0,662.0,1.0,34.0,16,210,21229,9,0.0
97,0.0,0.0,0.89999998,0.0,6.0,9,34.27922728813854,82.73935395114906,pobre,basal,6,0.0,662.0,1.0,34.0,14,210,21230,6,0.0
98,0.0,0.0,0.89999998,0.0,6.0,9,34.27922728813854,82.73935395114906,pobre,basal,6,0.0,662.0,1.0,34.0,15,210,21230,6,0.0
97,1.0,0.0,0.89999998,1.0,7.0,9,34.27922728813854,82.73935395114906,pobre,basal,6,0.0,662.0,1.0,34.0,12,210,21231,7,1.0
98,1.0,0.0,0.89999998,1.0,7.0,9,34.27922728813854,82.73935395114906,pobre,basal,6,0.0,662.0,1.0,34.0,13,210,21231,7,1.0
97,0.0,0.0,0.89999998,1.0,6.0,9,34.27922728813854,82.73935395114906,pobre,basal,6,0.0,662.0,1.0,34.0,11,210,21232,6,1.0
98,0.0,0.0,0.89999998,1.0,6.0,9,34.27922728813854,82.73935395114906,pobre,basal,6,0.0,662.0,1.0,34.0,12,210,21232,6,1.0
97,1.0,0.0,0.89999998,1.0,2.0,9,34.27922728813854,82.73935395114906,pobre,basal,6,0.0,662.0,1.0,34.0,8,210,21233,2,1.0
98,1.0,0.0,0.89999998,1.0,1.0,9,34.27922728813854,82.73935395114906,pobre,basal,6,0.0,662.0,1.0,34.0,9,210,21233,2,1.0
97,1.0,0.0,0.89999998,1.0,1.0,9,34.27922728813854,82.73935395114906,pobre,basal,6,0.0,662.0,1.0,34.0,6,210,21234,1,1.0
98,1.0,0.0,0.89999998,1.0,0.0,9,34.27922728813854,82.73935395114906,pobre,basal,6,0.0,662.0,1.0,34.0,7,210,21234,1,1.0
97,0.0,0.0,0.89999998,0.0,5.0,7,34.27922728813854,82.73935395114906,pobre,basal,0,0.0,722.0,1.0,33.0,16,210,21235,5,0.0
98,0.0,0.0,0.89999998,,,7,34.27922728813854,82.73935395114906,pobre,basal,0,0.0,722.0,1.0,33.0,17,210,21235,5,0.0
97,1.0,0.0,0.89999998,0.0,4.0,7,34.27922728813854,82.73935395114906,pobre,basal,0,0.0,722.0,1.0,33.0,12,210,21236,4,0.0
98,1.0,0.0,0.89999998,,4.0,7,34.27922728813854,82.73935395114906,pobre,basal,0,0.0,722.0,1.0,33.0,13,210,21236,4,0.0
97,1.0,0.0,0.89999998,1.0,2.0,7,34.27922728813854,82.73935395114906,pobre,basal,0,0.0,722.0,1.0,33.0,11,210,21237,2,1.0
98,1.0,0.0,0.89999998,1.0,3.0,7,34.27922728813854,82.73935395114906,pobre,basal,0,0.0,722.0,1.0,33.0,12,210,21237,2,1.0
97,0.0,0.0,0.89999998,1.0,1.0,7,34.27922728813854,82.73935395114906,pobre,basal,0,0.0,722.0,1.0,33.0,8,210,21238,1,1.0
98,0.0,0.0,0.89999998,1.0,2.0,7,34.27922728813854,82.73935395114906,pobre,basal,0,0.0,722.0,1.0,33.0,9,210,21238,1,1.0
97,1.0,0.0,0.89999998,1.0,0.0,7,34.27922728813854,82.73935395114906,pobre,basal,0,0.0,722.0,1.0,33.0,7,210,21239,0,1.0
98,1.0,0.0,0.89999998,1.0,1.0,7,34.27922728813854,82.73935395114906,pobre,basal,0,0.0,722.0,1.0,33.0,8,210,21239,0,1.0
97,1.0,0.0,0.89999998,1.0,3.0,5,34.27922728813854,82.73935395114906,pobre,basal,3,41.666668,759.0,1.0,38.0,16,210,21240,3,1.0
98,1.0,0.0,0.89999998,,,5,34.27922728813854,82.73935395114906,pobre,basal,3,41.666668,759.0,1.0,38.0,17,210,21240,3,1.0
97,1.0,0.0,0.89999998,1.0,7.0,5,34.27922728813854,82.73935395114906,pobre,basal,3,41.666668,759.0,1.0,38.0,15,210,21241,7,1.0
98,1.0,0.0,0.89999998,,,5,34.27922728813854,82.73935395114906,pobre,basal,3,41.666668,759.0,1.0,38.0,16,210,21241,7,1.0
97,1.0,0.0,0.89999998,1.0,8.0,5,34.27922728813854,82.73935395114906,pobre,basal,3,41.666668,759.0,1.0,38.0,13,210,21242,8,1.0
98,1.0,0.0,0.89999998,1.0,8.0,5,34.27922728813854,82.73935395114906,pobre,basal,3,41.666668,759.0,1.0,38.0,14,210,21242,8,1.0
97,1.0,0.0,0.42699999,0.0,6.0,6,61.68164891847273,73.27996859172299,pobre,0,3,600.0,689.0,1.0,48.0,14,232,21243,6,0.0
98,1.0,0.0,0.42699999,0.0,7.0,6,61.68164891847273,73.27996859172299,pobre,0,3,600.0,689.0,1.0,48.0,15,232,21243,6,0.0
97,1.0,0.0,0.42699999,1.0,5.0,6,61.68164891847273,73.27996859172299,pobre,0,3,600.0,689.0,1.0,48.0,12,232,21244,5,1.0
98,1.0,0.0,0.42699999,1.0,6.0,6,61.68164891847273,73.27996859172299,pobre,0,3,600.0,689.0,1.0,48.0,13,232,21244,5,1.0
97,0.0,0.0,0.42699999,1.0,4.0,6,61.68164891847273,73.27996859172299,pobre,0,3,600.0,689.0,1.0,48.0,11,232,21245,4,1.0
98,0.0,0.0,0.42699999,1.0,5.0,6,61.68164891847273,73.27996859172299,pobre,0,3,600.0,689.0,1.0,48.0,12,232,21245,4,1.0
97,1.0,0.0,0.42699999,1.0,4.0,8,61.68164891847273,73.27996859172299,pobre,0,2,480.0,594.0,1.0,35.0,12,232,21246,4,1.0
98,1.0,0.0,0.42699999,1.0,5.0,8,61.68164891847273,73.27996859172299,pobre,0,2,480.0,594.0,1.0,35.0,13,232,21246,4,1.0
97,1.0,0.0,0.42699999,1.0,3.0,8,61.68164891847273,73.27996859172299,pobre,0,2,480.0,594.0,1.0,35.0,10,232,21247,3,1.0
98,1.0,0.0,0.42699999,1.0,2.0,8,61.68164891847273,73.27996859172299,pobre,0,2,480.0,594.0,1.0,35.0,11,232,21247,3,1.0
97,1.0,0.0,0.42699999,1.0,1.0,8,61.68164891847273,73.27996859172299,pobre,0,2,480.0,594.0,1.0,35.0,8,232,21248,1,1.0
98,1.0,0.0,0.42699999,1.0,2.0,8,61.68164891847273,73.27996859172299,pobre,0,2,480.0,594.0,1.0,35.0,9,232,21248,1,1.0
97,0.0,0.0,0.42699999,1.0,2.0,8,61.68164891847273,73.27996859172299,pobre,0,2,480.0,594.0,1.0,35.0,7,232,21249,2,1.0
98,0.0,0.0,0.42699999,1.0,2.0,8,61.68164891847273,73.27996859172299,pobre,0,2,480.0,594.0,1.0,35.0,8,232,21249,2,1.0
97,0.0,0.0,0.42699999,1.0,1.0,8,61.68164891847273,73.27996859172299,pobre,0,2,480.0,594.0,1.0,35.0,6,232,21250,1,1.0
98,0.0,0.0,0.42699999,1.0,1.0,8,61.68164891847273,73.27996859172299,pobre,0,2,480.0,594.0,1.0,35.0,7,232,21250,1,1.0
97,0.0,0.0,0.42699999,1.0,8.0,5,61.68164891847273,73.27996859172299,pobre,0,2,83.333336,644.0,1.0,63.0,14,232,21251,8,1.0
98,0.0,0.0,0.42699999,1.0,8.0,5,61.68164891847273,73.27996859172299,pobre,0,2,83.333336,644.0,1.0,63.0,15,232,21251,8,1.0
97,0.0,0.0,0.42699999,1.0,2.0,5,61.68164891847273,73.27996859172299,pobre,0,2,83.333336,644.0,1.0,63.0,7,232,21252,2,1.0
98,0.0,0.0,0.42699999,1.0,2.0,5,61.68164891847273,73.27996859172299,pobre,0,2,83.333336,644.0,1.0,63.0,8,232,21252,2,1.0
97,1.0,0.0,0.42699999,1.0,6.0,8,61.68164891847273,73.27996859172299,no pobre,0,2,625.0,789.0,1.0,49.0,12,232,21253,6,1.0
98,1.0,0.0,0.42699999,0.0,6.0,8,61.68164891847273,73.27996859172299,no pobre,0,2,625.0,789.0,1.0,49.0,13,232,21253,6,1.0
97,0.0,0.0,0.42699999,1.0,6.0,8,61.68164891847273,73.27996859172299,no pobre,0,2,625.0,789.0,1.0,49.0,11,232,21254,6,1.0
98,0.0,0.0,0.42699999,0.0,7.0,8,61.68164891847273,73.27996859172299,no pobre,0,2,625.0,789.0,1.0,49.0,12,232,21254,6,1.0
97,0.0,0.0,0.42699999,0.0,9.0,11,61.68164891847273,73.27996859172299,pobre,0,3,0.0,756.83331,1.0,56.0,16,232,21255,9,0.0
98,0.0,0.0,0.42699999,1.0,9.0,11,61.68164891847273,73.27996859172299,pobre,0,3,0.0,756.83331,1.0,56.0,17,232,21255,9,0.0
97,0.0,0.0,0.42699999,1.0,9.0,11,61.68164891847273,73.27996859172299,pobre,0,3,0.0,756.83331,1.0,56.0,13,232,21256,9,1.0
98,0.0,0.0,0.42699999,1.0,9.0,11,61.68164891847273,73.27996859172299,pobre,0,3,0.0,756.83331,1.0,56.0,14,232,21256,9,1.0
97,1.0,0.0,0.42699999,0.0,6.0,10,61.68164891847273,73.27996859172299,pobre,0,6,0.0,732.66669,1.0,60.0,16,232,21257,6,0.0
98,1.0,0.0,0.42699999,1.0,6.0,10,61.68164891847273,73.27996859172299,pobre,0,6,0.0,732.66669,1.0,60.0,17,232,21257,6,0.0
97,1.0,0.0,0.42699999,0.0,6.0,10,61.68164891847273,73.27996859172299,pobre,0,6,0.0,732.66669,1.0,60.0,15,232,21258,6,0.0
98,1.0,0.0,0.42699999,1.0,6.0,10,61.68164891847273,73.27996859172299,pobre,0,6,0.0,732.66669,1.0,60.0,16,232,21258,6,0.0
97,1.0,0.0,0.42699999,0.0,2.0,10,61.68164891847273,73.27996859172299,pobre,0,6,0.0,732.66669,1.0,60.0,9,232,21259,2,0.0
98,1.0,0.0,0.42699999,1.0,2.0,10,61.68164891847273,73.27996859172299,pobre,0,6,0.0,732.66669,1.0,60.0,10,232,21259,2,0.0
97,0.0,0.0,0.42699999,0.0,6.0,8,61.68164891847273,73.27996859172299,no pobre,0,6,800.0,812.0,1.0,42.0,15,232,21260,6,0.0
98,0.0,0.0,0.42699999,0.0,6.0,8,61.68164891847273,73.27996859172299,no pobre,0,6,800.0,812.0,1.0,42.0,16,232,21260,6,0.0
97,1.0,0.0,0.42699999,1.0,5.0,8,61.68164891847273,73.27996859172299,no pobre,0,6,800.0,812.0,1.0,42.0,13,232,21261,5,1.0
98,1.0,0.0,0.42699999,0.0,4.0,8,61.68164891847273,73.27996859172299,no pobre,0,6,800.0,812.0,1.0,42.0,14,232,21261,5,1.0
97,0.0,0.0,0.42699999,0.0,6.0,7,61.68164891847273,73.27996859172299,no pobre,0,6,800.0,822.33331,1.0,49.0,16,232,21262,6,0.0
98,0.0,0.0,0.42699999,,,7,61.68164891847273,73.27996859172299,no pobre,0,6,800.0,822.33331,1.0,49.0,17,232,21262,6,0.0
97,0.0,0.0,0.42699999,1.0,4.0,7,61.68164891847273,73.27996859172299,no pobre,0,6,800.0,822.33331,1.0,49.0,10,232,21263,4,1.0
98,0.0,0.0,0.42699999,1.0,4.0,7,61.68164891847273,73.27996859172299,no pobre,0,6,800.0,822.33331,1.0,49.0,11,232,21263,4,1.0
97,0.0,0.0,0.42699999,1.0,3.0,3,61.68164891847273,73.27996859172299,pobre,0,3,1200.0,837.0,1.0,27.0,8,232,21264,3,1.0
98,0.0,0.0,0.42699999,1.0,3.0,3,61.68164891847273,73.27996859172299,pobre,0,3,1200.0,837.0,1.0,27.0,9,232,21264,3,1.0
97,0.0,0.0,0.42699999,1.0,9.0,7,61.68164891847273,73.27996859172299,pobre,0,9,720.0,844.0,1.0,38.0,15,232,21265,9,1.0
98,0.0,0.0,0.42699999,0.0,9.0,7,61.68164891847273,73.27996859172299,pobre,0,9,720.0,844.0,1.0,38.0,16,232,21265,9,1.0
97,0.0,0.0,0.42699999,1.0,7.0,7,61.68164891847273,73.27996859172299,pobre,0,9,720.0,844.0,1.0,38.0,14,232,21266,7,1.0
98,0.0,0.0,0.42699999,0.0,8.0,7,61.68164891847273,73.27996859172299,pobre,0,9,720.0,844.0,1.0,38.0,15,232,21266,7,1.0
97,0.0,0.0,0.42699999,1.0,4.0,7,61.68164891847273,73.27996859172299,pobre,0,9,720.0,844.0,1.0,38.0,11,232,21267,4,1.0
98,0.0,0.0,0.42699999,1.0,5.0,7,61.68164891847273,73.27996859172299,pobre,0,9,720.0,844.0,1.0,38.0,12,232,21267,4,1.0
97,0.0,0.0,2.675,,0.0,10,43.88550107354883,43.88550107354883,pobre,0,6,0.0,787.0,1.0,49.0,16,246,21268,0,
98,0.0,0.0,2.675,,,10,43.88550107354883,43.88550107354883,pobre,0,6,0.0,787.0,1.0,49.0,17,246,21268,0,
97,0.0,0.0,2.675,,0.0,10,43.88550107354883,43.88550107354883,pobre,0,6,0.0,787.0,1.0,49.0,14,246,21269,0,
98,0.0,0.0,2.675,0.0,6.0,10,43.88550107354883,43.88550107354883,pobre,0,6,0.0,787.0,1.0,49.0,15,246,21269,0,
97,1.0,0.0,2.675,,0.0,10,43.88550107354883,43.88550107354883,pobre,0,6,0.0,787.0,1.0,49.0,10,246,21270,0,
98,1.0,0.0,2.675,1.0,5.0,10,43.88550107354883,43.88550107354883,pobre,0,6,0.0,787.0,1.0,49.0,11,246,21270,0,
97,0.0,0.0,2.675,,0.0,10,43.88550107354883,43.88550107354883,pobre,0,6,0.0,787.0,1.0,49.0,7,246,21271,0,
98,0.0,0.0,2.675,1.0,4.0,10,43.88550107354883,43.88550107354883,pobre,0,6,0.0,787.0,1.0,49.0,8,246,21271,0,
97,1.0,0.0,2.675,,0.0,10,43.88550107354883,43.88550107354883,pobre,0,6,0.0,787.0,1.0,49.0,6,246,21272,0,
98,1.0,0.0,2.675,1.0,2.0,10,43.88550107354883,43.88550107354883,pobre,0,6,0.0,787.0,1.0,49.0,7,246,21272,0,
97,0.0,0.0,1.098,1.0,5.0,8,46.01824300609146,113.8021049251487,pobre,0,5,500.0,729.0,1.0,51.0,13,242,21273,5,1.0
98,0.0,0.0,1.098,1.0,5.0,8,46.01824300609146,113.8021049251487,pobre,0,5,500.0,729.0,1.0,51.0,14,242,21273,5,1.0
97,0.0,0.0,1.098,1.0,3.0,8,46.01824300609146,113.8021049251487,pobre,0,5,500.0,729.0,1.0,51.0,10,242,21274,3,1.0
98,0.0,0.0,1.098,1.0,3.0,8,46.01824300609146,113.8021049251487,pobre,0,5,500.0,729.0,1.0,51.0,11,242,21274,3,1.0
97,1.0,0.0,1.098,1.0,2.0,8,46.01824300609146,113.8021049251487,pobre,0,5,500.0,729.0,1.0,51.0,8,242,21275,2,1.0
98,1.0,0.0,1.098,1.0,2.0,8,46.01824300609146,113.8021049251487,pobre,0,5,500.0,729.0,1.0,51.0,9,242,21275,2,1.0
97,1.0,0.0,1.098,1.0,7.0,10,46.01824300609146,113.8021049251487,pobre,0,0,500.0,678.0,1.0,67.0,12,242,21276,7,1.0
98,1.0,0.0,1.098,1.0,8.0,10,46.01824300609146,113.8021049251487,pobre,0,0,500.0,678.0,1.0,67.0,13,242,21276,7,1.0
97,1.0,0.0,1.098,1.0,4.0,10,46.01824300609146,113.8021049251487,pobre,0,0,500.0,678.0,1.0,67.0,10,242,21277,4,1.0
98,1.0,0.0,1.098,1.0,4.0,10,46.01824300609146,113.8021049251487,pobre,0,0,500.0,678.0,1.0,67.0,11,242,21277,4,1.0
97,1.0,0.0,1.098,1.0,3.0,10,46.01824300609146,113.8021049251487,pobre,0,0,500.0,678.0,1.0,67.0,8,242,21278,3,1.0
98,1.0,0.0,1.098,1.0,3.0,10,46.01824300609146,113.8021049251487,pobre,0,0,500.0,678.0,1.0,67.0,9,242,21278,3,1.0
97,1.0,0.0,1.098,1.0,1.0,10,46.01824300609146,113.8021049251487,pobre,0,0,500.0,678.0,1.0,67.0,6,242,21279,1,1.0
98,1.0,0.0,1.098,1.0,1.0,10,46.01824300609146,113.8021049251487,pobre,0,0,500.0,678.0,1.0,67.0,7,242,21279,1,1.0
97,0.0,0.0,1.098,1.0,9.0,4,46.01824300609146,113.8021049251487,pobre,0,6,500.0,905.0,1.0,40.0,16,242,21280,9,1.0
98,0.0,0.0,1.098,,,4,46.01824300609146,113.8021049251487,pobre,0,6,500.0,905.0,1.0,40.0,17,242,21280,9,1.0
97,1.0,0.0,1.098,1.0,4.0,4,46.01824300609146,113.8021049251487,pobre,0,6,500.0,905.0,1.0,40.0,11,242,21281,4,1.0
98,1.0,0.0,1.098,,,4,46.01824300609146,113.8021049251487,pobre,0,6,500.0,905.0,1.0,40.0,12,242,21281,4,1.0
97,0.0,0.0,1.098,0.0,6.0,10,46.01824300609146,113.8021049251487,pobre,0,2,0.0,729.0,1.0,82.0,13,242,21282,6,0.0
98,0.0,0.0,1.098,0.0,6.0,10,46.01824300609146,113.8021049251487,pobre,0,2,0.0,729.0,1.0,82.0,14,242,21282,6,0.0
97,0.0,0.0,1.098,1.0,5.0,10,46.01824300609146,113.8021049251487,pobre,0,2,0.0,729.0,1.0,82.0,11,242,21283,5,1.0
98,0.0,0.0,1.098,1.0,6.0,10,46.01824300609146,113.8021049251487,pobre,0,2,0.0,729.0,1.0,82.0,12,242,21283,5,1.0
97,1.0,0.0,1.098,1.0,4.0,10,46.01824300609146,113.8021049251487,pobre,0,2,0.0,729.0,1.0,82.0,10,242,21284,4,1.0
98,1.0,0.0,1.098,1.0,5.0,10,46.01824300609146,113.8021049251487,pobre,0,2,0.0,729.0,1.0,82.0,11,242,21284,4,1.0
97,0.0,0.0,1.098,1.0,2.0,10,46.01824300609146,113.8021049251487,pobre,0,2,0.0,729.0,1.0,82.0,8,242,21285,2,1.0
98,0.0,0.0,1.098,1.0,3.0,10,46.01824300609146,113.8021049251487,pobre,0,2,0.0,729.0,1.0,82.0,9,242,21285,2,1.0
97,1.0,0.0,1.098,1.0,0.0,10,46.01824300609146,113.8021049251487,pobre,0,2,0.0,729.0,1.0,82.0,6,242,21286,0,1.0
98,1.0,0.0,1.098,1.0,0.0,10,46.01824300609146,113.8021049251487,pobre,0,2,0.0,729.0,1.0,82.0,7,242,21286,0,1.0
97,0.0,0.0,1.098,0.0,9.0,8,46.01824300609146,113.8021049251487,pobre,0,6,0.0,753.0,1.0,41.0,13,242,21287,9,0.0
98,0.0,0.0,1.098,,,8,46.01824300609146,113.8021049251487,pobre,0,6,0.0,753.0,1.0,41.0,14,242,21287,9,0.0
97,1.0,0.0,1.098,1.0,5.0,8,46.01824300609146,113.8021049251487,pobre,0,6,0.0,753.0,1.0,41.0,11,242,21288,5,1.0
98,1.0,0.0,1.098,1.0,6.0,8,46.01824300609146,113.8021049251487,pobre,0,6,0.0,753.0,1.0,41.0,12,242,21288,5,1.0
97,0.0,0.0,1.098,1.0,3.0,8,46.01824300609146,113.8021049251487,pobre,0,6,0.0,753.0,1.0,41.0,9,242,21289,3,1.0
98,0.0,0.0,1.098,1.0,4.0,8,46.01824300609146,113.8021049251487,pobre,0,6,0.0,753.0,1.0,41.0,10,242,21289,3,1.0
97,0.0,0.0,1.098,1.0,1.0,8,46.01824300609146,113.8021049251487,pobre,0,6,0.0,753.0,1.0,41.0,7,242,21290,1,1.0
98,0.0,0.0,1.098,1.0,2.0,8,46.01824300609146,113.8021049251487,pobre,0,6,0.0,753.0,1.0,41.0,8,242,21290,1,1.0
97,0.0,0.0,1.098,1.0,7.0,8,46.01824300609146,113.8021049251487,no pobre,0,2,291.66666,883.0,1.0,79.0,13,242,21291,7,1.0
98,0.0,0.0,1.098,1.0,8.0,8,46.01824300609146,113.8021049251487,no pobre,0,2,291.66666,883.0,1.0,79.0,14,242,21291,7,1.0
97,0.0,0.0,1.098,1.0,3.0,8,46.01824300609146,113.8021049251487,no pobre,0,2,291.66666,883.0,1.0,79.0,9,242,21292,3,1.0
98,0.0,0.0,1.098,1.0,4.0,8,46.01824300609146,113.8021049251487,no pobre,0,2,291.66666,883.0,1.0,79.0,10,242,21292,3,1.0
97,1.0,0.0,1.098,1.0,2.0,8,46.01824300609146,113.8021049251487,no pobre,0,2,291.66666,883.0,1.0,79.0,8,242,21293,2,1.0
98,1.0,0.0,1.098,1.0,3.0,8,46.01824300609146,113.8021049251487,no pobre,0,2,291.66666,883.0,1.0,79.0,9,242,21293,2,1.0
97,0.0,0.0,1.098,0.0,3.0,10,46.01824300609146,113.8021049251487,no pobre,0,0,100.0,840.0,1.0,77.0,15,242,21294,3,0.0
98,0.0,0.0,1.098,,,10,46.01824300609146,113.8021049251487,no pobre,0,0,100.0,840.0,1.0,77.0,16,242,21294,3,0.0
97,1.0,0.0,1.098,1.0,9.0,10,46.01824300609146,113.8021049251487,no pobre,0,0,100.0,840.0,1.0,77.0,14,242,21295,9,1.0
98,1.0,0.0,1.098,,,10,46.01824300609146,113.8021049251487,no pobre,0,0,100.0,840.0,1.0,77.0,15,242,21295,9,1.0
97,1.0,0.0,1.098,1.0,1.0,10,46.01824300609146,113.8021049251487,no pobre,0,0,100.0,840.0,1.0,77.0,7,242,21296,1,1.0
98,1.0,0.0,1.098,1.0,2.0,10,46.01824300609146,113.8021049251487,no pobre,0,0,100.0,840.0,1.0,77.0,8,242,21296,1,1.0
97,0.0,0.0,1.098,1.0,1.0,10,46.01824300609146,113.8021049251487,no pobre,0,0,100.0,840.0,1.0,77.0,6,242,21297,1,1.0
98,0.0,0.0,1.098,1.0,2.0,10,46.01824300609146,113.8021049251487,no pobre,0,0,100.0,840.0,1.0,77.0,7,242,21297,1,1.0
97,1.0,0.0,1.098,1.0,7.0,5,46.01824300609146,113.8021049251487,no pobre,0,6,1600.0,845.0,1.0,48.0,14,242,21298,7,1.0
98,1.0,0.0,1.098,1.0,8.0,5,46.01824300609146,113.8021049251487,no pobre,0,6,1600.0,845.0,1.0,48.0,15,242,21298,7,1.0
97,0.0,0.0,1.098,0.0,9.0,7,46.01824300609146,113.8021049251487,no pobre,0,0,0.0,793.0,1.0,67.0,16,242,21299,9,0.0
98,0.0,0.0,1.098,,,7,46.01824300609146,113.8021049251487,no pobre,0,0,0.0,793.0,1.0,67.0,17,242,21299,9,0.0
97,1.0,0.0,1.098,1.0,5.0,8,46.01824300609146,113.8021049251487,pobre,0,0,16.666666,675.0,1.0,77.0,11,242,21300,5,1.0
98,1.0,0.0,1.098,1.0,6.0,8,46.01824300609146,113.8021049251487,pobre,0,0,16.666666,675.0,1.0,77.0,12,242,21300,5,1.0
97,1.0,0.0,1.098,1.0,3.0,8,46.01824300609146,113.8021049251487,pobre,0,0,16.666666,675.0,1.0,77.0,10,242,21301,3,1.0
98,1.0,0.0,1.098,1.0,4.0,8,46.01824300609146,113.8021049251487,pobre,0,0,16.666666,675.0,1.0,77.0,11,242,21301,3,1.0
97,0.0,0.0,1.098,1.0,1.0,8,46.01824300609146,113.8021049251487,pobre,0,0,16.666666,675.0,1.0,77.0,8,242,21302,1,1.0
98,0.0,0.0,1.098,1.0,2.0,8,46.01824300609146,113.8021049251487,pobre,0,0,16.666666,675.0,1.0,77.0,9,242,21302,1,1.0
97,0.0,0.0,1.098,1.0,9.0,9,46.01824300609146,113.8021049251487,no pobre,0,6,625.0,1067.0,1.0,57.0,16,242,21303,9,1.0
98,0.0,0.0,1.098,,,9,46.01824300609146,113.8021049251487,no pobre,0,6,625.0,1067.0,1.0,57.0,17,242,21303,9,1.0
97,0.0,0.0,1.098,1.0,5.0,9,46.01824300609146,113.8021049251487,no pobre,0,6,625.0,1067.0,1.0,57.0,15,242,21304,5,1.0
98,0.0,0.0,1.098,0.0,6.0,9,46.01824300609146,113.8021049251487,no pobre,0,6,625.0,1067.0,1.0,57.0,16,242,21304,5,1.0
97,1.0,0.0,1.098,1.0,5.0,9,46.01824300609146,113.8021049251487,no pobre,0,6,625.0,1067.0,1.0,57.0,12,242,21305,5,1.0
98,1.0,0.0,1.098,1.0,6.0,9,46.01824300609146,113.8021049251487,no pobre,0,6,625.0,1067.0,1.0,57.0,13,242,21305,5,1.0
97,1.0,0.0,1.098,1.0,7.0,9,46.01824300609146,113.8021049251487,pobre,0,0,500.0,635.0,1.0,50.0,15,242,21306,7,1.0
98,1.0,0.0,1.098,1.0,8.0,9,46.01824300609146,113.8021049251487,pobre,0,0,500.0,635.0,1.0,50.0,16,242,21306,7,1.0
97,1.0,0.0,1.098,1.0,6.0,9,46.01824300609146,113.8021049251487,pobre,0,0,500.0,635.0,1.0,50.0,13,242,21307,6,1.0
98,1.0,0.0,1.098,1.0,7.0,9,46.01824300609146,113.8021049251487,pobre,0,0,500.0,635.0,1.0,50.0,14,242,21307,6,1.0
97,1.0,0.0,1.098,1.0,6.0,9,46.01824300609146,113.8021049251487,pobre,0,0,500.0,635.0,1.0,50.0,12,242,21308,6,1.0
98,1.0,0.0,1.098,1.0,7.0,9,46.01824300609146,113.8021049251487,pobre,0,0,500.0,635.0,1.0,50.0,13,242,21308,6,1.0
97,1.0,0.0,1.098,1.0,4.0,9,46.01824300609146,113.8021049251487,pobre,0,0,500.0,635.0,1.0,50.0,11,242,21309,4,1.0
98,1.0,0.0,1.098,1.0,5.0,9,46.01824300609146,113.8021049251487,pobre,0,0,500.0,635.0,1.0,50.0,12,242,21309,4,1.0
97,0.0,0.0,1.098,1.0,0.0,9,46.01824300609146,113.8021049251487,pobre,0,0,500.0,635.0,1.0,50.0,6,242,21310,0,1.0
98,0.0,0.0,1.098,1.0,1.0,9,46.01824300609146,113.8021049251487,pobre,0,0,500.0,635.0,1.0,50.0,7,242,21310,0,1.0
97,1.0,0.0,1.098,1.0,7.0,10,46.01824300609146,113.8021049251487,no pobre,0,4,0.0,808.0,1.0,43.0,16,242,21311,7,1.0
98,1.0,0.0,1.098,0.0,6.0,10,46.01824300609146,113.8021049251487,no pobre,0,4,0.0,808.0,1.0,43.0,17,242,21311,7,1.0
97,0.0,0.0,1.098,1.0,8.0,10,46.01824300609146,113.8021049251487,no pobre,0,4,0.0,808.0,1.0,43.0,14,242,21312,8,1.0
98,0.0,0.0,1.098,0.0,9.0,10,46.01824300609146,113.8021049251487,no pobre,0,4,0.0,808.0,1.0,43.0,15,242,21312,8,1.0
97,1.0,0.0,1.098,1.0,4.0,10,46.01824300609146,113.8021049251487,no pobre,0,4,0.0,808.0,1.0,43.0,11,242,21313,4,1.0
98,1.0,0.0,1.098,1.0,6.0,10,46.01824300609146,113.8021049251487,no pobre,0,4,0.0,808.0,1.0,43.0,12,242,21313,4,1.0
97,1.0,0.0,1.098,1.0,4.0,10,46.01824300609146,113.8021049251487,no pobre,0,4,0.0,808.0,1.0,43.0,11,242,21314,4,1.0
98,1.0,0.0,1.098,1.0,6.0,10,46.01824300609146,113.8021049251487,no pobre,0,4,0.0,808.0,1.0,43.0,12,242,21314,4,1.0
97,1.0,0.0,1.098,1.0,0.0,10,46.01824300609146,113.8021049251487,no pobre,0,4,0.0,808.0,1.0,43.0,6,242,21315,0,1.0
98,1.0,0.0,1.098,,,10,46.01824300609146,113.8021049251487,no pobre,0,4,0.0,808.0,1.0,43.0,7,242,21315,0,1.0
97,0.0,1.0,1.098,1.0,8.0,3,46.01824300609146,113.8021049251487,pobre,0,0,2625.0,839.0,1.0,42.0,15,242,21316,8,1.0
98,0.0,1.0,1.098,1.0,9.0,3,46.01824300609146,113.8021049251487,pobre,0,0,2625.0,839.0,1.0,42.0,16,242,21316,8,1.0
97,0.0,0.0,1.098,0.0,6.0,3,46.01824300609146,113.8021049251487,pobre,0,3,0.0,776.0,1.0,51.0,16,242,21317,6,0.0
98,0.0,0.0,1.098,,,3,46.01824300609146,113.8021049251487,pobre,0,3,0.0,776.0,1.0,51.0,17,242,21317,6,0.0
97,1.0,0.0,1.098,1.0,5.0,3,46.01824300609146,113.8021049251487,pobre,0,4,80.0,777.0,0.0,32.0,11,242,21318,5,1.0
98,1.0,0.0,1.098,1.0,6.0,3,46.01824300609146,113.8021049251487,pobre,0,4,80.0,777.0,0.0,32.0,12,242,21318,5,1.0
97,0.0,0.0,1.098,1.0,3.0,3,46.01824300609146,113.8021049251487,pobre,0,4,80.0,777.0,0.0,32.0,7,242,21319,3,1.0
98,0.0,0.0,1.098,1.0,3.0,3,46.01824300609146,113.8021049251487,pobre,0,4,80.0,777.0,0.0,32.0,8,242,21319,3,1.0
97,1.0,0.0,1.098,1.0,9.0,6,46.01824300609146,113.8021049251487,no pobre,0,6,500.0,825.0,1.0,40.0,16,242,21320,9,1.0
98,1.0,0.0,1.098,,,6,46.01824300609146,113.8021049251487,no pobre,0,6,500.0,825.0,1.0,40.0,17,242,21320,9,1.0
97,0.0,0.0,1.098,1.0,6.0,6,46.01824300609146,113.8021049251487,no pobre,0,6,500.0,825.0,1.0,40.0,11,242,21321,6,1.0
98,0.0,0.0,1.098,1.0,7.0,6,46.01824300609146,113.8021049251487,no pobre,0,6,500.0,825.0,1.0,40.0,12,242,21321,6,1.0
97,1.0,0.0,1.098,1.0,2.0,6,46.01824300609146,113.8021049251487,no pobre,0,6,500.0,825.0,1.0,40.0,7,242,21322,2,1.0
98,1.0,0.0,1.098,1.0,2.0,6,46.01824300609146,113.8021049251487,no pobre,0,6,500.0,825.0,1.0,40.0,8,242,21322,2,1.0
97,1.0,0.0,1.098,1.0,6.0,7,46.01824300609146,113.8021049251487,pobre,0,6,0.0,724.0,1.0,43.0,14,242,21323,6,1.0
98,1.0,0.0,1.098,0.0,6.0,7,46.01824300609146,113.8021049251487,pobre,0,6,0.0,724.0,1.0,43.0,15,242,21323,6,1.0
97,0.0,0.0,1.098,1.0,6.0,7,46.01824300609146,113.8021049251487,pobre,0,6,0.0,724.0,1.0,43.0,13,242,21324,6,1.0
98,0.0,0.0,1.098,1.0,6.0,7,46.01824300609146,113.8021049251487,pobre,0,6,0.0,724.0,1.0,43.0,14,242,21324,6,1.0
97,0.0,0.0,1.098,,0.0,7,46.01824300609146,113.8021049251487,pobre,0,6,0.0,724.0,1.0,43.0,11,242,21325,0,
98,0.0,0.0,1.098,0.0,6.0,7,46.01824300609146,113.8021049251487,pobre,0,6,0.0,724.0,1.0,43.0,12,242,21325,0,
97,1.0,0.0,1.098,1.0,1.0,7,46.01824300609146,113.8021049251487,pobre,0,6,0.0,724.0,1.0,43.0,6,242,21326,1,1.0
98,1.0,0.0,1.098,1.0,2.0,7,46.01824300609146,113.8021049251487,pobre,0,6,0.0,724.0,1.0,43.0,7,242,21326,1,1.0
97,0.0,0.0,1.098,1.0,5.0,6,46.01824300609146,113.8021049251487,pobre,0,6,100.0,711.0,1.0,38.0,11,242,21327,5,1.0
98,0.0,0.0,1.098,1.0,6.0,6,46.01824300609146,113.8021049251487,pobre,0,6,100.0,711.0,1.0,38.0,12,242,21327,5,1.0
97,1.0,0.0,1.098,1.0,4.0,6,46.01824300609146,113.8021049251487,pobre,0,6,100.0,711.0,1.0,38.0,9,242,21328,4,1.0
98,1.0,0.0,1.098,1.0,5.0,6,46.01824300609146,113.8021049251487,pobre,0,6,100.0,711.0,1.0,38.0,10,242,21328,4,1.0
97,0.0,0.0,1.098,1.0,1.0,6,46.01824300609146,113.8021049251487,pobre,0,6,100.0,711.0,1.0,38.0,6,242,21329,1,1.0
98,0.0,0.0,1.098,1.0,2.0,6,46.01824300609146,113.8021049251487,pobre,0,6,100.0,711.0,1.0,38.0,7,242,21329,1,1.0
97,0.0,0.0,1.098,1.0,4.0,8,46.01824300609146,113.8021049251487,no pobre,0,1,500.0,779.0,1.0,58.0,9,242,21330,4,1.0
98,0.0,0.0,1.098,1.0,5.0,8,46.01824300609146,113.8021049251487,no pobre,0,1,500.0,779.0,1.0,58.0,10,242,21330,4,1.0
97,1.0,0.0,1.098,1.0,2.0,8,46.01824300609146,113.8021049251487,no pobre,0,1,500.0,779.0,1.0,58.0,7,242,21331,2,1.0
98,1.0,0.0,1.098,1.0,3.0,8,46.01824300609146,113.8021049251487,no pobre,0,1,500.0,779.0,1.0,58.0,8,242,21331,2,1.0
97,1.0,0.0,1.098,1.0,8.0,8,46.01824300609146,113.8021049251487,no pobre,0,1,500.0,779.0,1.0,58.0,13,242,21332,8,1.0
98,1.0,0.0,1.098,1.0,9.0,8,46.01824300609146,113.8021049251487,no pobre,0,1,500.0,779.0,1.0,58.0,14,242,21332,8,1.0
97,0.0,0.0,0.42699999,0.0,6.0,5,61.68164891847273,73.27996859172299,pobre,0,2,625.0,695.0,1.0,48.0,14,232,21333,6,0.0
98,0.0,0.0,0.42699999,0.0,,5,61.68164891847273,73.27996859172299,pobre,0,2,625.0,695.0,1.0,48.0,15,232,21333,6,0.0
97,1.0,0.0,0.42699999,1.0,1.0,5,61.68164891847273,73.27996859172299,pobre,0,0,0.0,613.0,1.0,65.0,7,232,21334,1,1.0
98,1.0,0.0,0.42699999,1.0,1.0,5,61.68164891847273,73.27996859172299,pobre,0,0,0.0,613.0,1.0,65.0,8,232,21334,1,1.0
97,0.0,0.0,0.42699999,1.0,4.0,6,61.68164891847273,73.27996859172299,pobre,0,3,875.0,773.0,1.0,36.0,9,232,21335,4,1.0
98,0.0,0.0,0.42699999,1.0,4.0,6,61.68164891847273,73.27996859172299,pobre,0,3,875.0,773.0,1.0,36.0,10,232,21335,4,1.0
97,0.0,0.0,0.42699999,1.0,2.0,6,61.68164891847273,73.27996859172299,pobre,0,3,875.0,773.0,1.0,36.0,8,232,21336,2,1.0
98,0.0,0.0,0.42699999,1.0,1.0,6,61.68164891847273,73.27996859172299,pobre,0,3,875.0,773.0,1.0,36.0,9,232,21336,2,1.0
97,0.0,0.0,0.42699999,1.0,2.0,6,61.68164891847273,73.27996859172299,pobre,0,3,0.0,592.0,1.0,28.0,8,232,21337,2,1.0
98,0.0,0.0,0.42699999,1.0,3.0,6,61.68164891847273,73.27996859172299,pobre,0,3,0.0,592.0,1.0,28.0,9,232,21337,2,1.0
97,1.0,0.0,1.9579999,1.0,6.0,10,45.03346465223554,112.0531231946292,pobre,basal,6,500.0,659.0,1.0,33.0,13,240,21338,6,1.0
98,1.0,0.0,1.9579999,0.0,6.0,10,45.03346465223554,112.0531231946292,pobre,basal,6,500.0,659.0,1.0,33.0,14,240,21338,6,1.0
97,0.0,0.0,1.9579999,1.0,5.0,10,45.03346465223554,112.0531231946292,pobre,basal,6,500.0,659.0,1.0,33.0,11,240,21339,5,1.0
98,0.0,0.0,1.9579999,0.0,6.0,10,45.03346465223554,112.0531231946292,pobre,basal,6,500.0,659.0,1.0,33.0,12,240,21339,5,1.0
97,0.0,0.0,1.9579999,1.0,3.0,10,45.03346465223554,112.0531231946292,pobre,basal,6,500.0,659.0,1.0,33.0,9,240,21340,3,1.0
98,0.0,0.0,1.9579999,1.0,3.0,10,45.03346465223554,112.0531231946292,pobre,basal,6,500.0,659.0,1.0,33.0,10,240,21340,3,1.0
97,0.0,0.0,1.9579999,1.0,1.0,10,45.03346465223554,112.0531231946292,pobre,basal,6,500.0,659.0,1.0,33.0,7,240,21341,1,1.0
98,0.0,0.0,1.9579999,1.0,2.0,10,45.03346465223554,112.0531231946292,pobre,basal,6,500.0,659.0,1.0,33.0,8,240,21341,1,1.0
97,0.0,0.0,1.9579999,,0.0,6,45.03346465223554,112.0531231946292,pobre,basal,0,375.0,643.0,1.0,30.0,8,240,21342,0,
98,0.0,0.0,1.9579999,1.0,0.0,6,45.03346465223554,112.0531231946292,pobre,basal,0,375.0,643.0,1.0,30.0,9,240,21342,0,
97,0.0,0.0,2.622,1.0,8.0,8,126.3958884827117,144.1141805655118,no pobre,0,2,500.0,937.0,1.0,39.0,16,224,21343,8,1.0
98,0.0,0.0,2.622,,,8,126.3958884827117,144.1141805655118,no pobre,0,2,500.0,937.0,1.0,39.0,17,224,21343,8,1.0
97,1.0,0.0,2.622,,0.0,8,126.3958884827117,144.1141805655118,no pobre,0,2,500.0,937.0,1.0,39.0,14,224,21344,0,
98,1.0,0.0,2.622,,,8,126.3958884827117,144.1141805655118,no pobre,0,2,500.0,937.0,1.0,39.0,15,224,21344,0,
97,1.0,0.0,2.622,1.0,5.0,8,126.3958884827117,144.1141805655118,no pobre,0,2,500.0,937.0,1.0,39.0,11,224,21345,5,1.0
98,1.0,0.0,2.622,1.0,6.0,8,126.3958884827117,144.1141805655118,no pobre,0,2,500.0,937.0,1.0,39.0,12,224,21345,5,1.0
97,1.0,0.0,2.622,1.0,1.0,8,126.3958884827117,144.1141805655118,no pobre,0,2,500.0,937.0,1.0,39.0,7,224,21346,1,1.0
98,1.0,0.0,2.622,1.0,2.0,8,126.3958884827117,144.1141805655118,no pobre,0,2,500.0,937.0,1.0,39.0,8,224,21346,1,1.0
97,0.0,0.0,1.9579999,0.0,6.0,5,45.03346465223554,112.0531231946292,no pobre,basal,0,400.0,800.0,0.0,50.0,16,240,21347,6,0.0
98,0.0,0.0,1.9579999,,,5,45.03346465223554,112.0531231946292,no pobre,basal,0,400.0,800.0,0.0,50.0,17,240,21347,6,0.0
97,0.0,0.0,1.9579999,1.0,4.0,5,45.03346465223554,112.0531231946292,no pobre,basal,0,400.0,800.0,0.0,50.0,10,240,21348,4,1.0
98,0.0,0.0,1.9579999,1.0,5.0,5,45.03346465223554,112.0531231946292,no pobre,basal,0,400.0,800.0,0.0,50.0,11,240,21348,4,1.0
97,0.0,0.0,1.9579999,1.0,3.0,5,45.03346465223554,112.0531231946292,no pobre,basal,0,400.0,800.0,0.0,50.0,9,240,21349,3,1.0
98,0.0,0.0,1.9579999,,,5,45.03346465223554,112.0531231946292,no pobre,basal,0,400.0,800.0,0.0,50.0,10,240,21349,3,1.0
97,0.0,1.0,3.286,1.0,1.0,5,48.19851022247344,137.6748797477833,pobre,basal,2,625.0,550.0,1.0,35.0,7,203,21350,1,1.0
98,0.0,1.0,3.286,1.0,2.0,5,48.19851022247344,137.6748797477833,pobre,basal,2,625.0,550.0,1.0,35.0,8,203,21350,1,1.0
97,1.0,1.0,3.286,1.0,5.0,7,48.19851022247344,137.6748797477833,pobre,basal,2,625.0,598.0,1.0,45.0,12,203,21351,5,1.0
98,1.0,1.0,3.286,1.0,6.0,7,48.19851022247344,137.6748797477833,pobre,basal,2,625.0,598.0,1.0,45.0,13,203,21351,5,1.0
97,1.0,1.0,3.286,1.0,4.0,7,48.19851022247344,137.6748797477833,pobre,basal,2,625.0,598.0,1.0,45.0,10,203,21352,4,1.0
98,1.0,1.0,3.286,1.0,5.0,7,48.19851022247344,137.6748797477833,pobre,basal,2,625.0,598.0,1.0,45.0,11,203,21352,4,1.0
97,0.0,1.0,3.286,,0.0,7,48.19851022247344,137.6748797477833,pobre,basal,2,625.0,598.0,1.0,45.0,6,203,21353,0,
98,0.0,1.0,3.286,1.0,2.0,7,48.19851022247344,137.6748797477833,pobre,basal,2,625.0,598.0,1.0,45.0,7,203,21353,0,
97,1.0,1.0,3.286,0.0,6.0,7,48.19851022247344,137.6748797477833,pobre,basal,0,625.0,478.0,1.0,36.0,12,203,21354,6,0.0
98,1.0,1.0,3.286,1.0,6.0,7,48.19851022247344,137.6748797477833,pobre,basal,0,625.0,478.0,1.0,36.0,13,203,21354,6,0.0
97,0.0,1.0,3.286,1.0,3.0,7,48.19851022247344,137.6748797477833,pobre,basal,0,625.0,478.0,1.0,36.0,10,203,21355,3,1.0
98,0.0,1.0,3.286,1.0,3.0,7,48.19851022247344,137.6748797477833,pobre,basal,0,625.0,478.0,1.0,36.0,11,203,21355,3,1.0
97,0.0,1.0,3.286,1.0,2.0,7,48.19851022247344,137.6748797477833,pobre,basal,0,625.0,478.0,1.0,36.0,7,203,21356,2,1.0
98,0.0,1.0,3.286,1.0,3.0,7,48.19851022247344,137.6748797477833,pobre,basal,0,625.0,478.0,1.0,36.0,8,203,21356,2,1.0
97,0.0,1.0,3.286,,0.0,7,48.19851022247344,137.6748797477833,pobre,basal,0,625.0,478.0,1.0,36.0,6,203,21357,0,
98,0.0,1.0,3.286,1.0,0.0,7,48.19851022247344,137.6748797477833,pobre,basal,0,625.0,478.0,1.0,36.0,7,203,21357,0,
97,1.0,0.0,1.9579999,,6.0,13,45.03346465223554,112.0531231946292,pobre,basal,4,480.0,700.0,1.0,43.0,15,240,21358,6,
98,1.0,0.0,1.9579999,0.0,6.0,13,45.03346465223554,112.0531231946292,pobre,basal,4,480.0,700.0,1.0,43.0,16,240,21358,6,
97,0.0,0.0,1.9579999,1.0,5.0,13,45.03346465223554,112.0531231946292,pobre,basal,4,480.0,700.0,1.0,43.0,12,240,21359,5,1.0
98,0.0,0.0,1.9579999,0.0,5.0,13,45.03346465223554,112.0531231946292,pobre,basal,4,480.0,700.0,1.0,43.0,13,240,21359,5,1.0
97,1.0,0.0,1.9579999,1.0,2.0,13,45.03346465223554,112.0531231946292,pobre,basal,4,480.0,700.0,1.0,43.0,11,240,21360,2,1.0
98,1.0,0.0,1.9579999,1.0,3.0,13,45.03346465223554,112.0531231946292,pobre,basal,4,480.0,700.0,1.0,43.0,12,240,21360,2,1.0
97,1.0,0.0,1.9579999,1.0,1.0,13,45.03346465223554,112.0531231946292,pobre,basal,4,480.0,700.0,1.0,43.0,9,240,21361,1,1.0
98,1.0,0.0,1.9579999,1.0,2.0,13,45.03346465223554,112.0531231946292,pobre,basal,4,480.0,700.0,1.0,43.0,10,240,21361,1,1.0
97,1.0,0.0,1.9579999,1.0,1.0,13,45.03346465223554,112.0531231946292,pobre,basal,4,480.0,700.0,1.0,43.0,7,240,21362,1,1.0
98,1.0,0.0,1.9579999,1.0,1.0,13,45.03346465223554,112.0531231946292,pobre,basal,4,480.0,700.0,1.0,43.0,8,240,21362,1,1.0
97,0.0,1.0,3.286,,0.0,6,48.19851022247344,137.6748797477833,pobre,basal,0,500.0,599.0,1.0,19.0,6,203,21363,0,
98,0.0,1.0,3.286,1.0,3.0,6,48.19851022247344,137.6748797477833,pobre,basal,0,500.0,599.0,1.0,19.0,7,203,21363,0,
97,0.0,1.0,3.286,1.0,1.0,8,48.19851022247344,137.6748797477833,pobre,basal,0,0.0,590.0,1.0,66.0,7,203,21364,1,1.0
98,0.0,1.0,3.286,1.0,1.0,8,48.19851022247344,137.6748797477833,pobre,basal,0,0.0,590.0,1.0,66.0,8,203,21364,1,1.0
97,1.0,1.0,3.286,0.0,6.0,6,48.19851022247344,137.6748797477833,pobre,basal,6,500.0,559.0,1.0,20.0,13,203,21365,6,0.0
98,1.0,1.0,3.286,0.0,6.0,6,48.19851022247344,137.6748797477833,pobre,basal,6,500.0,559.0,1.0,20.0,14,203,21365,6,0.0
97,1.0,1.0,3.286,1.0,3.0,6,48.19851022247344,137.6748797477833,pobre,basal,6,500.0,559.0,1.0,20.0,10,203,21366,3,1.0
98,1.0,1.0,3.286,1.0,4.0,6,48.19851022247344,137.6748797477833,pobre,basal,6,500.0,559.0,1.0,20.0,11,203,21366,3,1.0
97,1.0,1.0,3.286,0.0,5.0,6,48.19851022247344,137.6748797477833,pobre,basal,0,250.0,624.0,1.0,40.0,16,203,21367,5,0.0
98,1.0,1.0,3.286,,,6,48.19851022247344,137.6748797477833,pobre,basal,0,250.0,624.0,1.0,40.0,17,203,21367,5,0.0
97,0.0,1.0,3.286,0.0,6.0,6,48.19851022247344,137.6748797477833,pobre,basal,0,250.0,624.0,1.0,40.0,14,203,21368,6,0.0
98,0.0,1.0,3.286,0.0,6.0,6,48.19851022247344,137.6748797477833,pobre,basal,0,250.0,624.0,1.0,40.0,15,203,21368,6,0.0
97,0.0,1.0,3.286,1.0,3.0,6,48.19851022247344,137.6748797477833,pobre,basal,0,250.0,624.0,1.0,40.0,10,203,21369,3,1.0
98,0.0,1.0,3.286,1.0,3.0,6,48.19851022247344,137.6748797477833,pobre,basal,0,250.0,624.0,1.0,40.0,11,203,21369,3,1.0
97,1.0,1.0,3.286,1.0,1.0,6,48.19851022247344,137.6748797477833,pobre,basal,0,250.0,624.0,1.0,40.0,7,203,21370,1,1.0
98,1.0,1.0,3.286,1.0,1.0,6,48.19851022247344,137.6748797477833,pobre,basal,0,250.0,624.0,1.0,40.0,8,203,21370,1,1.0
97,1.0,1.0,3.286,0.0,6.0,6,48.19851022247344,137.6748797477833,pobre,basal,0,250.0,642.0,1.0,19.0,16,203,21371,6,0.0
98,1.0,1.0,3.286,,,6,48.19851022247344,137.6748797477833,pobre,basal,0,250.0,642.0,1.0,19.0,17,203,21371,6,0.0
97,1.0,1.0,3.286,0.0,6.0,6,48.19851022247344,137.6748797477833,pobre,basal,0,250.0,642.0,1.0,19.0,14,203,21372,6,0.0
98,1.0,1.0,3.286,0.0,6.0,6,48.19851022247344,137.6748797477833,pobre,basal,0,250.0,642.0,1.0,19.0,15,203,21372,6,0.0
97,1.0,1.0,3.286,1.0,5.0,6,48.19851022247344,137.6748797477833,pobre,basal,0,250.0,642.0,1.0,19.0,11,203,21373,5,1.0
98,1.0,1.0,3.286,1.0,5.0,6,48.19851022247344,137.6748797477833,pobre,basal,0,250.0,642.0,1.0,19.0,12,203,21373,5,1.0
97,1.0,1.0,3.286,1.0,1.0,6,48.19851022247344,137.6748797477833,pobre,basal,0,250.0,642.0,1.0,19.0,6,203,21374,1,1.0
98,1.0,1.0,3.286,1.0,1.0,6,48.19851022247344,137.6748797477833,pobre,basal,0,250.0,642.0,1.0,19.0,7,203,21374,1,1.0
97,0.0,1.0,3.286,,0.0,6,48.19851022247344,137.6748797477833,pobre,basal,6,500.0,527.0,1.0,52.0,13,203,21375,0,
98,0.0,1.0,3.286,,,6,48.19851022247344,137.6748797477833,pobre,basal,6,500.0,527.0,1.0,52.0,14,203,21375,0,
97,1.0,1.0,3.286,1.0,2.0,6,48.19851022247344,137.6748797477833,pobre,basal,6,500.0,527.0,1.0,52.0,8,203,21376,2,1.0
98,1.0,1.0,3.286,1.0,1.0,6,48.19851022247344,137.6748797477833,pobre,basal,6,500.0,527.0,1.0,52.0,9,203,21376,2,1.0
97,1.0,1.0,3.286,1.0,1.0,6,48.19851022247344,137.6748797477833,pobre,basal,3,500.0,513.0,1.0,36.0,7,203,21377,1,1.0
98,1.0,1.0,3.286,1.0,2.0,6,48.19851022247344,137.6748797477833,pobre,basal,3,500.0,513.0,1.0,36.0,8,203,21377,1,1.0
97,1.0,1.0,3.286,0.0,6.0,7,48.19851022247344,137.6748797477833,pobre,basal,2,0.0,638.5,1.0,63.0,13,203,21378,6,0.0
98,1.0,1.0,3.286,0.0,6.0,7,48.19851022247344,137.6748797477833,pobre,basal,2,0.0,638.5,1.0,63.0,14,203,21378,6,0.0
97,1.0,1.0,3.286,1.0,4.0,6,48.19851022247344,137.6748797477833,pobre,basal,0,0.0,668.0,0.0,47.0,10,203,21379,4,1.0
98,1.0,1.0,3.286,1.0,5.0,6,48.19851022247344,137.6748797477833,pobre,basal,0,0.0,668.0,0.0,47.0,11,203,21379,4,1.0
97,1.0,1.0,3.286,1.0,3.0,6,48.19851022247344,137.6748797477833,pobre,basal,3,0.0,580.0,1.0,30.0,10,203,21380,3,1.0
98,1.0,1.0,3.286,1.0,4.0,6,48.19851022247344,137.6748797477833,pobre,basal,3,0.0,580.0,1.0,30.0,11,203,21380,3,1.0
97,0.0,1.0,3.286,1.0,1.0,6,48.19851022247344,137.6748797477833,pobre,basal,3,0.0,580.0,1.0,30.0,7,203,21381,1,1.0
98,0.0,1.0,3.286,1.0,2.0,6,48.19851022247344,137.6748797477833,pobre,basal,3,0.0,580.0,1.0,30.0,8,203,21381,1,1.0
97,0.0,0.0,1.9579999,0.0,6.0,8,45.03346465223554,112.0531231946292,pobre,basal,6,600.0,671.61298,1.0,43.0,16,240,21382,6,0.0
98,0.0,0.0,1.9579999,,,8,45.03346465223554,112.0531231946292,pobre,basal,6,600.0,671.61298,1.0,43.0,17,240,21382,6,0.0
97,1.0,0.0,1.9579999,0.0,6.0,8,45.03346465223554,112.0531231946292,pobre,basal,6,600.0,671.61298,1.0,43.0,14,240,21383,6,0.0
98,1.0,0.0,1.9579999,0.0,6.0,8,45.03346465223554,112.0531231946292,pobre,basal,6,600.0,671.61298,1.0,43.0,15,240,21383,6,0.0
97,1.0,0.0,1.9579999,0.0,7.0,8,45.03346465223554,112.0531231946292,pobre,basal,6,600.0,671.61298,1.0,43.0,13,240,21384,7,0.0
98,1.0,0.0,1.9579999,1.0,7.0,8,45.03346465223554,112.0531231946292,pobre,basal,6,600.0,671.61298,1.0,43.0,14,240,21384,7,0.0
97,0.0,0.0,1.9579999,1.0,5.0,8,45.03346465223554,112.0531231946292,pobre,basal,6,600.0,671.61298,1.0,43.0,10,240,21385,5,1.0
98,0.0,0.0,1.9579999,1.0,5.0,8,45.03346465223554,112.0531231946292,pobre,basal,6,600.0,671.61298,1.0,43.0,11,240,21385,5,1.0
97,1.0,0.0,1.9579999,1.0,2.0,8,45.03346465223554,112.0531231946292,pobre,basal,6,600.0,671.61298,1.0,43.0,7,240,21386,2,1.0
98,1.0,0.0,1.9579999,1.0,1.0,8,45.03346465223554,112.0531231946292,pobre,basal,6,600.0,671.61298,1.0,43.0,8,240,21386,2,1.0
97,1.0,1.0,3.286,1.0,8.0,8,48.19851022247344,137.6748797477833,pobre,basal,3,500.0,467.0,1.0,45.0,13,203,21387,8,1.0
98,1.0,1.0,3.286,0.0,9.0,8,48.19851022247344,137.6748797477833,pobre,basal,3,500.0,467.0,1.0,45.0,14,203,21387,8,1.0
97,0.0,1.0,3.286,1.0,5.0,8,48.19851022247344,137.6748797477833,pobre,basal,3,500.0,467.0,1.0,45.0,11,203,21388,5,1.0
98,0.0,1.0,3.286,1.0,5.0,8,48.19851022247344,137.6748797477833,pobre,basal,3,500.0,467.0,1.0,45.0,12,203,21388,5,1.0
97,0.0,1.0,3.286,1.0,3.0,8,48.19851022247344,137.6748797477833,pobre,basal,3,500.0,467.0,1.0,45.0,8,203,21389,3,1.0
98,0.0,1.0,3.286,1.0,4.0,8,48.19851022247344,137.6748797477833,pobre,basal,3,500.0,467.0,1.0,45.0,9,203,21389,3,1.0
97,1.0,1.0,3.286,1.0,2.0,8,48.19851022247344,137.6748797477833,pobre,basal,3,500.0,467.0,1.0,45.0,7,203,21390,2,1.0
98,1.0,1.0,3.286,1.0,1.0,8,48.19851022247344,137.6748797477833,pobre,basal,3,500.0,467.0,1.0,45.0,8,203,21390,2,1.0
97,1.0,1.0,3.286,1.0,2.0,8,48.19851022247344,137.6748797477833,pobre,basal,2,250.0,571.0,1.0,60.0,9,203,21391,2,1.0
98,1.0,1.0,3.286,1.0,3.0,8,48.19851022247344,137.6748797477833,pobre,basal,2,250.0,571.0,1.0,60.0,10,203,21391,2,1.0
97,1.0,1.0,4.658,0.0,6.0,6,43.84002294374223,136.4294504396802,pobre,basal,0,250.0,600.0,1.0,72.0,15,204,21392,6,0.0
98,1.0,1.0,4.658,0.0,6.0,6,43.84002294374223,136.4294504396802,pobre,basal,0,250.0,600.0,1.0,72.0,16,204,21392,6,0.0
97,1.0,1.0,4.658,1.0,4.0,6,43.84002294374223,136.4294504396802,pobre,basal,0,250.0,600.0,1.0,72.0,11,204,21393,4,1.0
98,1.0,1.0,4.658,1.0,5.0,6,43.84002294374223,136.4294504396802,pobre,basal,0,250.0,600.0,1.0,72.0,12,204,21393,4,1.0
97,0.0,,1.9579999,,6.0,8,45.03346465223554,112.0531231946292,pobre,basal,3,0.0,662.61298,1.0,32.0,13,240,21394,6,
98,0.0,,1.9579999,0.0,6.0,8,45.03346465223554,112.0531231946292,pobre,basal,3,0.0,662.61298,1.0,32.0,14,240,21394,6,
97,1.0,,1.9579999,,0.0,8,45.03346465223554,112.0531231946292,pobre,basal,3,0.0,662.61298,1.0,32.0,12,240,21395,0,
98,1.0,,1.9579999,0.0,6.0,8,45.03346465223554,112.0531231946292,pobre,basal,3,0.0,662.61298,1.0,32.0,13,240,21395,0,
97,1.0,,1.9579999,,0.0,8,45.03346465223554,112.0531231946292,pobre,basal,3,0.0,662.61298,1.0,32.0,7,240,21396,0,
98,1.0,,1.9579999,1.0,2.0,8,45.03346465223554,112.0531231946292,pobre,basal,3,0.0,662.61298,1.0,32.0,8,240,21396,0,
97,0.0,1.0,4.658,1.0,1.0,7,43.84002294374223,136.4294504396802,pobre,basal,2,250.0,471.0,1.0,29.0,8,204,21397,1,1.0
98,0.0,1.0,4.658,1.0,2.0,7,43.84002294374223,136.4294504396802,pobre,basal,2,250.0,471.0,1.0,29.0,9,204,21397,1,1.0
97,1.0,1.0,4.658,1.0,0.0,7,43.84002294374223,136.4294504396802,pobre,basal,2,250.0,471.0,1.0,29.0,6,204,21398,0,1.0
98,1.0,1.0,4.658,1.0,0.0,7,43.84002294374223,136.4294504396802,pobre,basal,2,250.0,471.0,1.0,29.0,7,204,21398,0,1.0
97,1.0,1.0,4.658,0.0,6.0,10,43.84002294374223,136.4294504396802,pobre,basal,0,250.0,544.0,1.0,48.0,13,204,21399,6,0.0
98,1.0,1.0,4.658,0.0,6.0,10,43.84002294374223,136.4294504396802,pobre,basal,0,250.0,544.0,1.0,48.0,14,204,21399,6,0.0
97,1.0,1.0,4.658,1.0,1.0,10,43.84002294374223,136.4294504396802,pobre,basal,0,250.0,544.0,1.0,48.0,8,204,21400,1,1.0
98,1.0,1.0,4.658,1.0,2.0,10,43.84002294374223,136.4294504396802,pobre,basal,0,250.0,544.0,1.0,48.0,9,204,21400,1,1.0
97,1.0,1.0,4.658,1.0,5.0,4,43.84002294374223,136.4294504396802,pobre,basal,0,250.0,648.0,0.0,63.0,11,204,21401,5,1.0
98,1.0,1.0,4.658,0.0,6.0,4,43.84002294374223,136.4294504396802,pobre,basal,0,250.0,648.0,0.0,63.0,12,204,21401,5,1.0
97,0.0,1.0,4.658,0.0,6.0,6,43.84002294374223,136.4294504396802,pobre,basal,6,250.0,510.0,1.0,32.0,11,204,21402,6,0.0
98,0.0,1.0,4.658,1.0,6.0,6,43.84002294374223,136.4294504396802,pobre,basal,6,250.0,510.0,1.0,32.0,12,204,21402,6,0.0
97,1.0,1.0,4.658,1.0,1.0,6,43.84002294374223,136.4294504396802,pobre,basal,6,250.0,510.0,1.0,32.0,7,204,21403,1,1.0
98,1.0,1.0,4.658,1.0,2.0,6,43.84002294374223,136.4294504396802,pobre,basal,6,250.0,510.0,1.0,32.0,8,204,21403,1,1.0
97,0.0,1.0,4.658,1.0,4.0,7,43.84002294374223,136.4294504396802,pobre,basal,0,250.0,481.0,1.0,52.0,10,204,21404,4,1.0
98,0.0,1.0,4.658,1.0,5.0,7,43.84002294374223,136.4294504396802,pobre,basal,0,250.0,481.0,1.0,52.0,11,204,21404,4,1.0
97,0.0,1.0,4.658,1.0,2.0,7,43.84002294374223,136.4294504396802,pobre,basal,0,250.0,481.0,1.0,52.0,8,204,21405,2,1.0
98,0.0,1.0,4.658,1.0,3.0,7,43.84002294374223,136.4294504396802,pobre,basal,0,250.0,481.0,1.0,52.0,9,204,21405,2,1.0
97,1.0,1.0,4.658,,0.0,6,43.84002294374223,136.4294504396802,pobre,basal,3,500.0,513.0,1.0,37.0,6,204,21406,0,
98,1.0,1.0,4.658,1.0,1.0,6,43.84002294374223,136.4294504396802,pobre,basal,3,500.0,513.0,1.0,37.0,7,204,21406,0,
97,1.0,1.0,4.658,,0.0,5,43.84002294374223,136.4294504396802,pobre,basal,0,250.0,597.45001,1.0,45.0,14,204,21407,0,
98,1.0,1.0,4.658,,,5,43.84002294374223,136.4294504396802,pobre,basal,0,250.0,597.45001,1.0,45.0,15,204,21407,0,
97,0.0,1.0,4.658,,4.0,5,43.84002294374223,136.4294504396802,pobre,basal,0,250.0,597.45001,1.0,45.0,11,204,21408,4,
98,0.0,1.0,4.658,1.0,5.0,5,43.84002294374223,136.4294504396802,pobre,basal,0,250.0,597.45001,1.0,45.0,12,204,21408,4,
97,0.0,1.0,4.658,,1.0,5,43.84002294374223,136.4294504396802,pobre,basal,0,250.0,597.45001,1.0,45.0,8,204,21409,1,
98,0.0,1.0,4.658,1.0,2.0,5,43.84002294374223,136.4294504396802,pobre,basal,0,250.0,597.45001,1.0,45.0,9,204,21409,1,
97,1.0,0.0,4.0190001,0.0,6.0,6,112.9272507451659,132.1332581223022,pobre,basal,2,600.0,625.0,1.0,56.0,15,258,21410,6,0.0
98,1.0,0.0,4.0190001,,,6,112.9272507451659,132.1332581223022,pobre,basal,2,600.0,625.0,1.0,56.0,16,258,21410,6,0.0
97,1.0,0.0,4.0190001,0.0,6.0,6,112.9272507451659,132.1332581223022,pobre,basal,2,600.0,625.0,1.0,56.0,14,258,21411,6,0.0
98,1.0,0.0,4.0190001,,,6,112.9272507451659,132.1332581223022,pobre,basal,2,600.0,625.0,1.0,56.0,15,258,21411,6,0.0
97,0.0,0.0,4.0190001,0.0,6.0,6,112.9272507451659,132.1332581223022,pobre,basal,2,600.0,625.0,1.0,56.0,13,258,21412,6,0.0
98,0.0,0.0,4.0190001,1.0,9.0,6,112.9272507451659,132.1332581223022,pobre,basal,2,600.0,625.0,1.0,56.0,14,258,21412,6,0.0
97,0.0,0.0,4.0190001,1.0,3.0,6,112.9272507451659,132.1332581223022,pobre,basal,2,600.0,625.0,1.0,56.0,12,258,21413,3,1.0
98,0.0,0.0,4.0190001,1.0,5.0,6,112.9272507451659,132.1332581223022,pobre,basal,2,600.0,625.0,1.0,56.0,13,258,21413,3,1.0
97,1.0,1.0,4.658,1.0,3.0,5,43.84002294374223,136.4294504396802,pobre,basal,3,1050.0,565.0,1.0,33.0,14,204,21414,3,1.0
98,1.0,1.0,4.658,0.0,3.0,5,43.84002294374223,136.4294504396802,pobre,basal,3,1050.0,565.0,1.0,33.0,15,204,21414,3,1.0
97,1.0,1.0,4.658,1.0,2.0,5,43.84002294374223,136.4294504396802,pobre,basal,3,1050.0,565.0,1.0,33.0,11,204,21415,2,1.0
98,1.0,1.0,4.658,0.0,3.0,5,43.84002294374223,136.4294504396802,pobre,basal,3,1050.0,565.0,1.0,33.0,12,204,21415,2,1.0
97,0.0,1.0,4.658,1.0,1.0,5,43.84002294374223,136.4294504396802,pobre,basal,3,1050.0,565.0,1.0,33.0,8,204,21416,1,1.0
98,0.0,1.0,4.658,1.0,2.0,5,43.84002294374223,136.4294504396802,pobre,basal,3,1050.0,565.0,1.0,33.0,9,204,21416,1,1.0
97,0.0,1.0,4.658,1.0,5.0,8,43.84002294374223,136.4294504396802,pobre,basal,3,250.0,573.0,1.0,41.0,12,204,21417,5,1.0
98,0.0,1.0,4.658,0.0,6.0,8,43.84002294374223,136.4294504396802,pobre,basal,3,250.0,573.0,1.0,41.0,13,204,21417,5,1.0
97,1.0,1.0,4.658,1.0,3.0,8,43.84002294374223,136.4294504396802,pobre,basal,3,250.0,573.0,1.0,41.0,9,204,21418,3,1.0
98,1.0,1.0,4.658,1.0,4.0,8,43.84002294374223,136.4294504396802,pobre,basal,3,250.0,573.0,1.0,41.0,10,204,21418,3,1.0
97,0.0,1.0,4.658,1.0,1.0,8,43.84002294374223,136.4294504396802,pobre,basal,3,250.0,573.0,1.0,41.0,8,204,21419,1,1.0
98,0.0,1.0,4.658,1.0,2.0,8,43.84002294374223,136.4294504396802,pobre,basal,3,250.0,573.0,1.0,41.0,9,204,21419,1,1.0
97,1.0,1.0,4.658,1.0,3.0,3,43.84002294374223,136.4294504396802,pobre,basal,0,1250.0,662.0,0.0,33.0,9,204,21420,3,1.0
98,1.0,1.0,4.658,1.0,3.0,3,43.84002294374223,136.4294504396802,pobre,basal,0,1250.0,662.0,0.0,33.0,10,204,21420,3,1.0
97,0.0,1.0,4.658,0.0,5.0,8,43.84002294374223,136.4294504396802,pobre,basal,6,2000.0,444.0,1.0,31.0,12,204,21421,5,0.0
98,0.0,1.0,4.658,1.0,5.0,8,43.84002294374223,136.4294504396802,pobre,basal,6,2000.0,444.0,1.0,31.0,13,204,21421,5,0.0
97,0.0,1.0,4.658,1.0,4.0,8,43.84002294374223,136.4294504396802,pobre,basal,6,2000.0,444.0,1.0,31.0,9,204,21422,4,1.0
98,0.0,1.0,4.658,1.0,4.0,8,43.84002294374223,136.4294504396802,pobre,basal,6,2000.0,444.0,1.0,31.0,10,204,21422,4,1.0
97,1.0,1.0,4.658,1.0,0.0,8,43.84002294374223,136.4294504396802,pobre,basal,6,2000.0,444.0,1.0,31.0,6,204,21423,0,1.0
98,1.0,1.0,4.658,1.0,1.0,8,43.84002294374223,136.4294504396802,pobre,basal,6,2000.0,444.0,1.0,31.0,7,204,21423,0,1.0
97,1.0,1.0,4.658,1.0,4.0,6,43.84002294374223,136.4294504396802,pobre,basal,2,250.0,513.0,1.0,36.0,10,204,21424,4,1.0
98,1.0,1.0,4.658,1.0,5.0,6,43.84002294374223,136.4294504396802,pobre,basal,2,250.0,513.0,1.0,36.0,11,204,21424,4,1.0
97,0.0,1.0,4.658,1.0,3.0,6,43.84002294374223,136.4294504396802,pobre,basal,2,250.0,513.0,1.0,36.0,9,204,21425,3,1.0
98,0.0,1.0,4.658,1.0,1.0,6,43.84002294374223,136.4294504396802,pobre,basal,2,250.0,513.0,1.0,36.0,10,204,21425,3,1.0
97,0.0,1.0,4.658,1.0,0.0,6,43.84002294374223,136.4294504396802,pobre,basal,2,250.0,513.0,1.0,36.0,6,204,21426,0,1.0
98,0.0,1.0,4.658,1.0,1.0,6,43.84002294374223,136.4294504396802,pobre,basal,2,250.0,513.0,1.0,36.0,7,204,21426,0,1.0
97,1.0,1.0,4.658,1.0,4.0,5,43.84002294374223,136.4294504396802,pobre,basal,0,250.0,556.0,1.0,39.0,12,204,21427,4,1.0
98,1.0,1.0,4.658,1.0,5.0,5,43.84002294374223,136.4294504396802,pobre,basal,0,250.0,556.0,1.0,39.0,13,204,21427,4,1.0
97,1.0,1.0,4.658,1.0,1.0,5,43.84002294374223,136.4294504396802,pobre,basal,0,250.0,556.0,1.0,39.0,7,204,21428,1,1.0
98,1.0,1.0,4.658,1.0,2.0,5,43.84002294374223,136.4294504396802,pobre,basal,0,250.0,556.0,1.0,39.0,8,204,21428,1,1.0
97,1.0,1.0,4.658,0.0,6.0,13,43.84002294374223,136.4294504396802,pobre,basal,2,250.0,516.0,1.0,37.0,14,204,21429,6,0.0
98,1.0,1.0,4.658,0.0,6.0,13,43.84002294374223,136.4294504396802,pobre,basal,2,250.0,516.0,1.0,37.0,15,204,21429,6,0.0
97,0.0,1.0,4.658,1.0,4.0,13,43.84002294374223,136.4294504396802,pobre,basal,2,250.0,516.0,1.0,37.0,12,204,21430,4,1.0
98,0.0,1.0,4.658,1.0,4.0,13,43.84002294374223,136.4294504396802,pobre,basal,2,250.0,516.0,1.0,37.0,13,204,21430,4,1.0
97,1.0,1.0,4.658,1.0,3.0,13,43.84002294374223,136.4294504396802,pobre,basal,2,250.0,516.0,1.0,37.0,10,204,21431,3,1.0
98,1.0,1.0,4.658,1.0,4.0,13,43.84002294374223,136.4294504396802,pobre,basal,2,250.0,516.0,1.0,37.0,11,204,21431,3,1.0
97,1.0,1.0,4.658,1.0,2.0,13,43.84002294374223,136.4294504396802,pobre,basal,2,250.0,516.0,1.0,37.0,8,204,21432,2,1.0
98,1.0,1.0,4.658,1.0,3.0,13,43.84002294374223,136.4294504396802,pobre,basal,2,250.0,516.0,1.0,37.0,9,204,21432,2,1.0
97,1.0,1.0,4.658,0.0,6.0,9,43.84002294374223,136.4294504396802,pobre,basal,2,800.0,617.0,1.0,37.0,16,204,21433,6,0.0
98,1.0,1.0,4.658,,,9,43.84002294374223,136.4294504396802,pobre,basal,2,800.0,617.0,1.0,37.0,17,204,21433,6,0.0
97,0.0,1.0,4.658,,0.0,9,43.84002294374223,136.4294504396802,pobre,basal,2,800.0,617.0,1.0,37.0,14,204,21434,0,
98,0.0,1.0,4.658,,,9,43.84002294374223,136.4294504396802,pobre,basal,2,800.0,617.0,1.0,37.0,15,204,21434,0,
97,1.0,1.0,4.658,1.0,5.0,9,43.84002294374223,136.4294504396802,pobre,basal,2,800.0,617.0,1.0,37.0,12,204,21435,5,1.0
98,1.0,1.0,4.658,1.0,6.0,9,43.84002294374223,136.4294504396802,pobre,basal,2,800.0,617.0,1.0,37.0,13,204,21435,5,1.0
97,0.0,1.0,4.658,1.0,4.0,9,43.84002294374223,136.4294504396802,pobre,basal,2,800.0,617.0,1.0,37.0,10,204,21436,4,1.0
98,0.0,1.0,4.658,1.0,5.0,9,43.84002294374223,136.4294504396802,pobre,basal,2,800.0,617.0,1.0,37.0,11,204,21436,4,1.0
97,0.0,1.0,4.658,,0.0,8,43.84002294374223,136.4294504396802,pobre,basal,0,0.0,512.0,0.0,38.0,11,204,21437,0,
98,0.0,1.0,4.658,,,8,43.84002294374223,136.4294504396802,pobre,basal,0,0.0,512.0,0.0,38.0,12,204,21437,0,
97,0.0,1.0,4.658,,0.0,8,43.84002294374223,136.4294504396802,pobre,basal,0,0.0,512.0,0.0,38.0,6,204,21438,0,
98,0.0,1.0,4.658,,,8,43.84002294374223,136.4294504396802,pobre,basal,0,0.0,512.0,0.0,38.0,7,204,21438,0,
97,1.0,1.0,4.658,0.0,3.0,8,43.84002294374223,136.4294504396802,pobre,basal,0,0.0,512.0,0.0,38.0,15,204,21439,3,0.0
98,1.0,1.0,4.658,,,8,43.84002294374223,136.4294504396802,pobre,basal,0,0.0,512.0,0.0,38.0,16,204,21439,3,0.0
97,1.0,1.0,4.658,0.0,2.0,8,43.84002294374223,136.4294504396802,pobre,basal,0,0.0,512.0,0.0,38.0,12,204,21440,2,0.0
98,1.0,1.0,4.658,,,8,43.84002294374223,136.4294504396802,pobre,basal,0,0.0,512.0,0.0,38.0,13,204,21440,2,0.0
97,1.0,1.0,4.658,1.0,1.0,10,43.84002294374223,136.4294504396802,pobre,basal,0,1200.0,597.0,1.0,63.0,6,204,21441,1,1.0
98,1.0,1.0,4.658,1.0,1.0,10,43.84002294374223,136.4294504396802,pobre,basal,0,1200.0,597.0,1.0,63.0,7,204,21441,1,1.0
97,1.0,1.0,4.658,,0.0,10,43.84002294374223,136.4294504396802,pobre,basal,0,1200.0,597.0,1.0,63.0,16,204,21442,0,
98,1.0,1.0,4.658,,,10,43.84002294374223,136.4294504396802,pobre,basal,0,1200.0,597.0,1.0,63.0,17,204,21442,0,
97,0.0,1.0,4.658,0.0,6.0,10,43.84002294374223,136.4294504396802,pobre,basal,0,1200.0,597.0,1.0,63.0,13,204,21443,6,0.0
98,0.0,1.0,4.658,0.0,6.0,10,43.84002294374223,136.4294504396802,pobre,basal,0,1200.0,597.0,1.0,63.0,14,204,21443,6,0.0
97,0.0,1.0,4.658,0.0,6.0,10,43.84002294374223,136.4294504396802,pobre,basal,0,0.0,566.0,0.0,56.0,15,204,21444,6,0.0
98,0.0,1.0,4.658,0.0,6.0,10,43.84002294374223,136.4294504396802,pobre,basal,0,0.0,566.0,0.0,56.0,16,204,21444,6,0.0
97,1.0,1.0,4.658,0.0,6.0,10,43.84002294374223,136.4294504396802,pobre,basal,0,0.0,566.0,0.0,56.0,14,204,21445,6,0.0
98,1.0,1.0,4.658,1.0,6.0,10,43.84002294374223,136.4294504396802,pobre,basal,0,0.0,566.0,0.0,56.0,15,204,21445,6,0.0
97,0.0,1.0,4.658,1.0,6.0,10,43.84002294374223,136.4294504396802,pobre,basal,0,0.0,566.0,0.0,56.0,12,204,21446,6,1.0
98,0.0,1.0,4.658,1.0,6.0,10,43.84002294374223,136.4294504396802,pobre,basal,0,0.0,566.0,0.0,56.0,13,204,21446,6,1.0
97,1.0,1.0,4.658,1.0,4.0,10,43.84002294374223,136.4294504396802,pobre,basal,0,0.0,566.0,0.0,56.0,8,204,21447,4,1.0
98,1.0,1.0,4.658,1.0,5.0,10,43.84002294374223,136.4294504396802,pobre,basal,0,0.0,566.0,0.0,56.0,9,204,21447,4,1.0
97,1.0,1.0,4.658,1.0,1.0,10,43.84002294374223,136.4294504396802,pobre,basal,0,0.0,566.0,0.0,56.0,7,204,21448,1,1.0
98,1.0,1.0,4.658,1.0,1.0,10,43.84002294374223,136.4294504396802,pobre,basal,0,0.0,566.0,0.0,56.0,8,204,21448,1,1.0
97,0.0,1.0,4.658,0.0,6.0,10,43.84002294374223,136.4294504396802,pobre,basal,0,375.0,556.0,1.0,56.0,15,204,21449,6,0.0
98,0.0,1.0,4.658,0.0,6.0,10,43.84002294374223,136.4294504396802,pobre,basal,0,375.0,556.0,1.0,56.0,16,204,21449,6,0.0
97,0.0,1.0,4.658,0.0,6.0,10,43.84002294374223,136.4294504396802,pobre,basal,0,375.0,556.0,1.0,56.0,13,204,21450,6,0.0
98,0.0,1.0,4.658,0.0,6.0,10,43.84002294374223,136.4294504396802,pobre,basal,0,375.0,556.0,1.0,56.0,14,204,21450,6,0.0
97,1.0,1.0,4.658,1.0,5.0,10,43.84002294374223,136.4294504396802,pobre,basal,0,375.0,556.0,1.0,56.0,11,204,21451,5,1.0
98,1.0,1.0,4.658,1.0,6.0,10,43.84002294374223,136.4294504396802,pobre,basal,0,375.0,556.0,1.0,56.0,12,204,21451,5,1.0
97,0.0,1.0,4.658,1.0,2.0,10,43.84002294374223,136.4294504396802,pobre,basal,0,375.0,556.0,1.0,56.0,7,204,21452,2,1.0
98,0.0,1.0,4.658,1.0,1.0,10,43.84002294374223,136.4294504396802,pobre,basal,0,375.0,556.0,1.0,56.0,8,204,21452,2,1.0
97,0.0,1.0,4.658,1.0,3.0,7,43.84002294374223,136.4294504396802,pobre,basal,2,250.0,485.0,1.0,28.0,8,204,21453,3,1.0
98,0.0,1.0,4.658,1.0,4.0,7,43.84002294374223,136.4294504396802,pobre,basal,2,250.0,485.0,1.0,28.0,9,204,21453,3,1.0
97,1.0,1.0,4.658,1.0,1.0,7,43.84002294374223,136.4294504396802,pobre,basal,2,250.0,485.0,1.0,28.0,6,204,21454,1,1.0
98,1.0,1.0,4.658,1.0,2.0,7,43.84002294374223,136.4294504396802,pobre,basal,2,250.0,485.0,1.0,28.0,7,204,21454,1,1.0
97,0.0,1.0,4.658,0.0,6.0,6,43.84002294374223,136.4294504396802,pobre,basal,2,250.0,517.0,1.0,40.0,13,204,21455,6,0.0
98,0.0,1.0,4.658,0.0,6.0,6,43.84002294374223,136.4294504396802,pobre,basal,2,250.0,517.0,1.0,40.0,14,204,21455,6,0.0
97,1.0,1.0,4.658,1.0,2.0,6,43.84002294374223,136.4294504396802,pobre,basal,2,250.0,517.0,1.0,40.0,8,204,21456,2,1.0
98,1.0,1.0,4.658,1.0,3.0,6,43.84002294374223,136.4294504396802,pobre,basal,2,250.0,517.0,1.0,40.0,9,204,21456,2,1.0
97,0.0,1.0,4.658,1.0,2.0,7,43.84002294374223,136.4294504396802,pobre,basal,5,500.0,472.0,1.0,34.0,9,204,21457,2,1.0
98,0.0,1.0,4.658,1.0,4.0,7,43.84002294374223,136.4294504396802,pobre,basal,5,500.0,472.0,1.0,34.0,10,204,21457,2,1.0
97,0.0,1.0,4.658,1.0,1.0,7,43.84002294374223,136.4294504396802,pobre,basal,5,500.0,472.0,1.0,34.0,7,204,21458,1,1.0
98,0.0,1.0,4.658,1.0,2.0,7,43.84002294374223,136.4294504396802,pobre,basal,5,500.0,472.0,1.0,34.0,8,204,21458,1,1.0
97,0.0,1.0,4.658,1.0,0.0,7,43.84002294374223,136.4294504396802,pobre,basal,5,500.0,472.0,1.0,34.0,6,204,21459,0,1.0
98,0.0,1.0,4.658,1.0,1.0,7,43.84002294374223,136.4294504396802,pobre,basal,5,500.0,472.0,1.0,34.0,7,204,21459,0,1.0
97,1.0,1.0,4.658,1.0,2.0,6,43.84002294374223,136.4294504396802,pobre,basal,0,0.0,516.0,1.0,75.0,9,204,21460,2,1.0
98,1.0,1.0,4.658,1.0,3.0,6,43.84002294374223,136.4294504396802,pobre,basal,0,0.0,516.0,1.0,75.0,10,204,21460,2,1.0
97,0.0,1.0,4.658,0.0,6.0,8,43.84002294374223,136.4294504396802,pobre,basal,4,250.0,563.0,1.0,36.0,16,204,21461,6,0.0
98,0.0,1.0,4.658,,,8,43.84002294374223,136.4294504396802,pobre,basal,4,250.0,563.0,1.0,36.0,17,204,21461,6,0.0
97,0.0,1.0,4.658,0.0,6.0,8,43.84002294374223,136.4294504396802,pobre,basal,4,250.0,563.0,1.0,36.0,13,204,21462,6,0.0
98,0.0,1.0,4.658,0.0,6.0,8,43.84002294374223,136.4294504396802,pobre,basal,4,250.0,563.0,1.0,36.0,14,204,21462,6,0.0
97,0.0,1.0,4.658,1.0,4.0,8,43.84002294374223,136.4294504396802,pobre,basal,4,250.0,563.0,1.0,36.0,10,204,21463,4,1.0
98,0.0,1.0,4.658,,,8,43.84002294374223,136.4294504396802,pobre,basal,4,250.0,563.0,1.0,36.0,11,204,21463,4,1.0
97,0.0,1.0,4.658,1.0,1.0,8,43.84002294374223,136.4294504396802,pobre,basal,4,250.0,563.0,1.0,36.0,7,204,21464,1,1.0
98,0.0,1.0,4.658,1.0,2.0,8,43.84002294374223,136.4294504396802,pobre,basal,4,250.0,563.0,1.0,36.0,8,204,21464,1,1.0
97,1.0,1.0,4.658,0.0,6.0,5,43.84002294374223,136.4294504396802,pobre,basal,4,250.0,615.0,1.0,36.0,16,204,21465,6,0.0
98,1.0,1.0,4.658,,,5,43.84002294374223,136.4294504396802,pobre,basal,4,250.0,615.0,1.0,36.0,17,204,21465,6,0.0
97,1.0,1.0,4.658,0.0,6.0,5,43.84002294374223,136.4294504396802,pobre,basal,4,250.0,615.0,1.0,36.0,14,204,21466,6,0.0
98,1.0,1.0,4.658,1.0,6.0,5,43.84002294374223,136.4294504396802,pobre,basal,4,250.0,615.0,1.0,36.0,15,204,21466,6,0.0
97,1.0,1.0,4.658,1.0,5.0,5,43.84002294374223,136.4294504396802,pobre,basal,4,250.0,615.0,1.0,36.0,11,204,21467,5,1.0
98,1.0,1.0,4.658,,,5,43.84002294374223,136.4294504396802,pobre,basal,4,250.0,615.0,1.0,36.0,12,204,21467,5,1.0
97,0.0,1.0,4.658,0.0,6.0,4,43.84002294374223,136.4294504396802,pobre,basal,0,250.0,652.0,1.0,55.0,12,204,21468,6,0.0
98,0.0,1.0,4.658,0.0,6.0,4,43.84002294374223,136.4294504396802,pobre,basal,0,250.0,652.0,1.0,55.0,13,204,21468,6,0.0
97,1.0,1.0,4.658,0.0,6.0,7,43.84002294374223,136.4294504396802,pobre,basal,4,250.0,544.0,1.0,40.0,14,204,21469,6,0.0
98,1.0,1.0,4.658,0.0,6.0,7,43.84002294374223,136.4294504396802,pobre,basal,4,250.0,544.0,1.0,40.0,15,204,21469,6,0.0
97,1.0,1.0,4.658,1.0,5.0,7,43.84002294374223,136.4294504396802,pobre,basal,4,250.0,544.0,1.0,40.0,13,204,21470,5,1.0
98,1.0,1.0,4.658,1.0,6.0,7,43.84002294374223,136.4294504396802,pobre,basal,4,250.0,544.0,1.0,40.0,14,204,21470,5,1.0
97,1.0,1.0,4.658,1.0,2.0,7,43.84002294374223,136.4294504396802,pobre,basal,4,250.0,544.0,1.0,40.0,10,204,21471,2,1.0
98,1.0,1.0,4.658,1.0,3.0,7,43.84002294374223,136.4294504396802,pobre,basal,4,250.0,544.0,1.0,40.0,11,204,21471,2,1.0
97,1.0,1.0,4.658,0.0,6.0,10,43.84002294374223,136.4294504396802,pobre,basal,3,250.0,535.0,1.0,41.0,13,204,21472,6,0.0
98,1.0,1.0,4.658,1.0,6.0,10,43.84002294374223,136.4294504396802,pobre,basal,3,250.0,535.0,1.0,41.0,14,204,21472,6,0.0
97,1.0,1.0,4.658,1.0,1.0,10,43.84002294374223,136.4294504396802,pobre,basal,3,250.0,535.0,1.0,41.0,9,204,21473,1,1.0
98,1.0,1.0,4.658,1.0,1.0,10,43.84002294374223,136.4294504396802,pobre,basal,3,250.0,535.0,1.0,41.0,10,204,21473,1,1.0
97,0.0,1.0,4.658,1.0,4.0,10,43.84002294374223,136.4294504396802,pobre,basal,3,250.0,535.0,1.0,41.0,11,204,21474,4,1.0
98,0.0,1.0,4.658,1.0,5.0,10,43.84002294374223,136.4294504396802,pobre,basal,3,250.0,535.0,1.0,41.0,12,204,21474,4,1.0
97,0.0,0.0,0.42699999,0.0,9.0,6,61.68164891847273,73.27996859172299,no pobre,0,0,375.0,846.0,0.0,52.0,16,232,21475,9,0.0
98,0.0,0.0,0.42699999,,,6,61.68164891847273,73.27996859172299,no pobre,0,0,375.0,846.0,0.0,52.0,17,232,21475,9,0.0
97,0.0,0.0,0.42699999,1.0,7.0,6,61.68164891847273,73.27996859172299,no pobre,0,0,375.0,846.0,0.0,52.0,13,232,21476,7,1.0
98,0.0,0.0,0.42699999,1.0,8.0,6,61.68164891847273,73.27996859172299,no pobre,0,0,375.0,846.0,0.0,52.0,14,232,21476,7,1.0
97,0.0,0.0,1.831,1.0,5.0,7,66.19183664012624,93.71625882524584,pobre,0,6,0.0,,1.0,31.0,11,269,21477,5,1.0
98,0.0,0.0,1.831,1.0,6.0,7,66.19183664012624,93.71625882524584,pobre,0,6,0.0,,1.0,31.0,12,269,21477,5,1.0
97,0.0,0.0,1.831,1.0,2.0,7,66.19183664012624,93.71625882524584,pobre,0,6,0.0,,1.0,31.0,8,269,21478,2,1.0
98,0.0,0.0,1.831,1.0,3.0,7,66.19183664012624,93.71625882524584,pobre,0,6,0.0,,1.0,31.0,9,269,21478,2,1.0
97,0.0,0.0,1.831,1.0,1.0,7,66.19183664012624,93.71625882524584,pobre,0,6,0.0,,1.0,31.0,7,269,21479,1,1.0
98,0.0,0.0,1.831,1.0,2.0,7,66.19183664012624,93.71625882524584,pobre,0,6,0.0,,1.0,31.0,8,269,21479,1,1.0
97,0.0,0.0,1.831,1.0,7.0,8,66.19183664012624,93.71625882524584,pobre,0,0,0.0,,0.0,42.0,14,269,21480,7,1.0
98,0.0,0.0,1.831,1.0,6.0,8,66.19183664012624,93.71625882524584,pobre,0,0,0.0,,0.0,42.0,15,269,21480,7,1.0
97,0.0,0.0,1.831,1.0,5.0,8,66.19183664012624,93.71625882524584,pobre,0,0,0.0,,0.0,42.0,11,269,21481,5,1.0
98,0.0,0.0,1.831,1.0,6.0,8,66.19183664012624,93.71625882524584,pobre,0,0,0.0,,0.0,42.0,12,269,21481,5,1.0
97,0.0,0.0,1.831,1.0,2.0,8,66.19183664012624,93.71625882524584,pobre,0,0,0.0,,0.0,42.0,7,269,21482,2,1.0
98,0.0,0.0,1.831,1.0,3.0,8,66.19183664012624,93.71625882524584,pobre,0,0,0.0,,0.0,42.0,8,269,21482,2,1.0
97,1.0,0.0,4.4980001,1.0,5.0,9,44.27437117891451,74.27470274334199,no pobre,0,1,0.0,821.5,0.0,66.0,12,211,21483,5,1.0
98,1.0,0.0,4.4980001,0.0,6.0,9,44.27437117891451,74.27470274334199,no pobre,0,1,0.0,821.5,0.0,66.0,13,211,21483,5,1.0
97,0.0,0.0,4.4980001,0.0,8.0,9,44.27437117891451,74.27470274334199,no pobre,0,1,0.0,821.5,0.0,66.0,15,211,21484,8,0.0
98,0.0,0.0,4.4980001,0.0,8.0,9,44.27437117891451,74.27470274334199,no pobre,0,1,0.0,821.5,0.0,66.0,16,211,21484,8,0.0
97,0.0,0.0,4.4980001,1.0,1.0,4,44.27437117891451,74.27470274334199,no pobre,0,6,750.0,925.0,1.0,32.0,8,211,21485,1,1.0
98,0.0,0.0,4.4980001,1.0,2.0,4,44.27437117891451,74.27470274334199,no pobre,0,6,750.0,925.0,1.0,32.0,9,211,21485,1,1.0
97,1.0,0.0,4.4980001,1.0,2.0,4,44.27437117891451,74.27470274334199,no pobre,0,6,750.0,925.0,1.0,32.0,7,211,21486,2,1.0
98,1.0,0.0,4.4980001,1.0,1.0,4,44.27437117891451,74.27470274334199,no pobre,0,6,750.0,925.0,1.0,32.0,8,211,21486,2,1.0
97,0.0,0.0,4.4980001,0.0,6.0,9,44.27437117891451,74.27470274334199,no pobre,0,0,750.0,873.0,1.0,57.0,16,211,21487,6,0.0
98,0.0,0.0,4.4980001,,,9,44.27437117891451,74.27470274334199,no pobre,0,0,750.0,873.0,1.0,57.0,17,211,21487,6,0.0
97,0.0,0.0,4.4980001,1.0,8.0,9,44.27437117891451,74.27470274334199,no pobre,0,0,750.0,873.0,1.0,57.0,14,211,21488,8,1.0
98,0.0,0.0,4.4980001,,,9,44.27437117891451,74.27470274334199,no pobre,0,0,750.0,873.0,1.0,57.0,15,211,21488,8,1.0
97,0.0,0.0,4.4980001,1.0,1.0,9,44.27437117891451,74.27470274334199,no pobre,0,0,750.0,873.0,1.0,57.0,8,211,21489,1,1.0
98,0.0,0.0,4.4980001,,,9,44.27437117891451,74.27470274334199,no pobre,0,0,750.0,873.0,1.0,57.0,9,211,21489,1,1.0
97,1.0,0.0,4.4980001,0.0,4.0,7,44.27437117891451,74.27470274334199,no pobre,0,3,333.33334,834.5,1.0,45.0,14,211,21490,4,0.0
98,1.0,0.0,4.4980001,0.0,4.0,7,44.27437117891451,74.27470274334199,no pobre,0,3,333.33334,834.5,1.0,45.0,15,211,21490,4,0.0
97,0.0,0.0,4.4980001,0.0,6.0,7,44.27437117891451,74.27470274334199,no pobre,0,3,333.33334,834.5,1.0,45.0,14,211,21491,6,0.0
98,0.0,0.0,4.4980001,0.0,6.0,7,44.27437117891451,74.27470274334199,no pobre,0,3,333.33334,834.5,1.0,45.0,15,211,21491,6,0.0
97,0.0,0.0,4.4980001,1.0,8.0,8,44.27437117891451,74.27470274334199,pobre,0,6,166.66667,621.0,1.0,42.0,14,211,21492,8,1.0
98,0.0,0.0,4.4980001,1.0,8.0,8,44.27437117891451,74.27470274334199,pobre,0,6,166.66667,621.0,1.0,42.0,15,211,21492,8,1.0
97,0.0,0.0,4.4980001,1.0,6.0,8,44.27437117891451,74.27470274334199,pobre,0,6,166.66667,621.0,1.0,42.0,12,211,21493,6,1.0
98,0.0,0.0,4.4980001,1.0,7.0,8,44.27437117891451,74.27470274334199,pobre,0,6,166.66667,621.0,1.0,42.0,13,211,21493,6,1.0
97,0.0,0.0,4.4980001,1.0,3.0,8,44.27437117891451,74.27470274334199,pobre,0,6,166.66667,621.0,1.0,42.0,9,211,21494,3,1.0
98,0.0,0.0,4.4980001,1.0,4.0,8,44.27437117891451,74.27470274334199,pobre,0,6,166.66667,621.0,1.0,42.0,10,211,21494,3,1.0
97,0.0,0.0,4.4980001,1.0,2.0,8,44.27437117891451,74.27470274334199,pobre,0,6,166.66667,621.0,1.0,42.0,8,211,21495,2,1.0
98,0.0,0.0,4.4980001,1.0,3.0,8,44.27437117891451,74.27470274334199,pobre,0,6,166.66667,621.0,1.0,42.0,9,211,21495,2,1.0
97,0.0,0.0,4.4980001,1.0,1.0,8,44.27437117891451,74.27470274334199,pobre,0,6,166.66667,621.0,1.0,42.0,7,211,21496,1,1.0
98,0.0,0.0,4.4980001,1.0,2.0,8,44.27437117891451,74.27470274334199,pobre,0,6,166.66667,621.0,1.0,42.0,8,211,21496,1,1.0
97,1.0,0.0,4.4980001,0.0,6.0,4,44.27437117891451,74.27470274334199,no pobre,0,5,1200.0,900.0,1.0,34.0,13,211,21497,6,0.0
98,1.0,0.0,4.4980001,1.0,7.0,4,44.27437117891451,74.27470274334199,no pobre,0,5,1200.0,900.0,1.0,34.0,14,211,21497,6,0.0
97,0.0,0.0,4.4980001,0.0,6.0,4,44.27437117891451,74.27470274334199,no pobre,0,5,1200.0,900.0,1.0,34.0,12,211,21498,6,0.0
98,0.0,0.0,4.4980001,1.0,6.0,4,44.27437117891451,74.27470274334199,no pobre,0,5,1200.0,900.0,1.0,34.0,13,211,21498,6,0.0
97,0.0,1.0,4.658,0.0,6.0,6,43.84002294374223,136.4294504396802,pobre,basal,0,0.0,511.0,0.0,34.0,13,204,21499,6,0.0
98,0.0,1.0,4.658,0.0,2.0,6,43.84002294374223,136.4294504396802,pobre,basal,0,0.0,511.0,0.0,34.0,14,204,21499,6,0.0
97,0.0,1.0,4.658,1.0,2.0,6,43.84002294374223,136.4294504396802,pobre,basal,0,0.0,511.0,0.0,34.0,8,204,21500,2,1.0
98,0.0,1.0,4.658,1.0,3.0,6,43.84002294374223,136.4294504396802,pobre,basal,0,0.0,511.0,0.0,34.0,9,204,21500,2,1.0
97,1.0,1.0,4.658,1.0,0.0,6,43.84002294374223,136.4294504396802,pobre,basal,0,0.0,511.0,0.0,34.0,6,204,21501,0,1.0
98,1.0,1.0,4.658,1.0,1.0,6,43.84002294374223,136.4294504396802,pobre,basal,0,0.0,511.0,0.0,34.0,7,204,21501,0,1.0
97,0.0,1.0,4.658,0.0,6.0,10,43.84002294374223,136.4294504396802,pobre,basal,2,1750.0,534.0,1.0,34.0,14,204,21502,6,0.0
98,0.0,1.0,4.658,1.0,9.0,10,43.84002294374223,136.4294504396802,pobre,basal,2,1750.0,534.0,1.0,34.0,15,204,21502,6,0.0
97,1.0,1.0,4.658,0.0,6.0,10,43.84002294374223,136.4294504396802,pobre,basal,2,1750.0,534.0,1.0,34.0,13,204,21503,6,0.0
98,1.0,1.0,4.658,1.0,7.0,10,43.84002294374223,136.4294504396802,pobre,basal,2,1750.0,534.0,1.0,34.0,14,204,21503,6,0.0
97,0.0,1.0,4.658,1.0,4.0,10,43.84002294374223,136.4294504396802,pobre,basal,2,1750.0,534.0,1.0,34.0,10,204,21504,4,1.0
98,0.0,1.0,4.658,1.0,4.0,10,43.84002294374223,136.4294504396802,pobre,basal,2,1750.0,534.0,1.0,34.0,11,204,21504,4,1.0
97,0.0,1.0,4.658,1.0,2.0,10,43.84002294374223,136.4294504396802,pobre,basal,2,1750.0,534.0,1.0,34.0,8,204,21505,2,1.0
98,0.0,1.0,4.658,1.0,3.0,10,43.84002294374223,136.4294504396802,pobre,basal,2,1750.0,534.0,1.0,34.0,9,204,21505,2,1.0
97,1.0,1.0,4.658,1.0,0.0,10,43.84002294374223,136.4294504396802,pobre,basal,2,1750.0,534.0,1.0,34.0,7,204,21506,0,1.0
98,1.0,1.0,4.658,1.0,1.0,10,43.84002294374223,136.4294504396802,pobre,basal,2,1750.0,534.0,1.0,34.0,8,204,21506,0,1.0
97,1.0,1.0,4.658,0.0,6.0,5,43.84002294374223,136.4294504396802,pobre,basal,0,250.0,613.0,1.0,51.0,16,204,21507,6,0.0
98,1.0,1.0,4.658,,,5,43.84002294374223,136.4294504396802,pobre,basal,0,250.0,613.0,1.0,51.0,17,204,21507,6,0.0
97,1.0,1.0,4.658,0.0,6.0,5,43.84002294374223,136.4294504396802,pobre,basal,0,250.0,613.0,1.0,51.0,14,204,21508,6,0.0
98,1.0,1.0,4.658,,,5,43.84002294374223,136.4294504396802,pobre,basal,0,250.0,613.0,1.0,51.0,15,204,21508,6,0.0
97,0.0,1.0,4.658,1.0,2.0,5,43.84002294374223,136.4294504396802,pobre,basal,0,250.0,613.0,1.0,51.0,9,204,21509,2,1.0
98,0.0,1.0,4.658,,,5,43.84002294374223,136.4294504396802,pobre,basal,0,250.0,613.0,1.0,51.0,10,204,21509,2,1.0
97,0.0,1.0,3.286,0.0,5.0,4,48.19851022247344,137.6748797477833,pobre,basal,6,375.0,608.0,1.0,17.0,12,203,21510,5,0.0
98,0.0,1.0,3.286,0.0,6.0,4,48.19851022247344,137.6748797477833,pobre,basal,6,375.0,608.0,1.0,17.0,13,203,21510,5,0.0
97,1.0,1.0,3.286,1.0,3.0,5,48.19851022247344,137.6748797477833,pobre,basal,2,375.0,559.0,1.0,31.0,9,203,21511,3,1.0
98,1.0,1.0,3.286,1.0,3.0,5,48.19851022247344,137.6748797477833,pobre,basal,2,375.0,559.0,1.0,31.0,10,203,21511,3,1.0
97,0.0,1.0,3.286,1.0,0.0,5,48.19851022247344,137.6748797477833,pobre,basal,2,375.0,559.0,1.0,31.0,6,203,21512,0,1.0
98,0.0,1.0,3.286,1.0,0.0,5,48.19851022247344,137.6748797477833,pobre,basal,2,375.0,559.0,1.0,31.0,7,203,21512,0,1.0
97,1.0,1.0,3.286,1.0,4.0,6,48.19851022247344,137.6748797477833,pobre,basal,2,500.0,533.0,1.0,33.0,10,203,21513,4,1.0
98,1.0,1.0,3.286,1.0,4.0,6,48.19851022247344,137.6748797477833,pobre,basal,2,500.0,533.0,1.0,33.0,11,203,21513,4,1.0
97,0.0,1.0,3.286,1.0,1.0,6,48.19851022247344,137.6748797477833,pobre,basal,2,500.0,533.0,1.0,33.0,7,203,21514,1,1.0
98,0.0,1.0,3.286,1.0,1.0,6,48.19851022247344,137.6748797477833,pobre,basal,2,500.0,533.0,1.0,33.0,8,203,21514,1,1.0
97,1.0,1.0,3.286,0.0,6.0,4,48.19851022247344,137.6748797477833,pobre,basal,0,250.0,780.0,0.0,50.0,14,203,21515,6,0.0
98,1.0,1.0,3.286,0.0,6.0,4,48.19851022247344,137.6748797477833,pobre,basal,0,250.0,780.0,0.0,50.0,15,203,21515,6,0.0
97,0.0,1.0,3.286,1.0,3.0,4,48.19851022247344,137.6748797477833,pobre,basal,0,250.0,596.0,1.0,65.0,11,203,21516,3,1.0
98,0.0,1.0,3.286,1.0,2.0,4,48.19851022247344,137.6748797477833,pobre,basal,0,250.0,596.0,1.0,65.0,12,203,21516,3,1.0
97,1.0,1.0,3.286,1.0,1.0,4,48.19851022247344,137.6748797477833,pobre,basal,0,250.0,596.0,1.0,65.0,8,203,21517,1,1.0
98,1.0,1.0,3.286,1.0,2.0,4,48.19851022247344,137.6748797477833,pobre,basal,0,250.0,596.0,1.0,65.0,9,203,21517,1,1.0
97,1.0,1.0,3.286,0.0,6.0,5,48.19851022247344,137.6748797477833,pobre,basal,0,250.0,629.0,1.0,44.0,14,203,21518,6,0.0
98,1.0,1.0,3.286,1.0,7.0,5,48.19851022247344,137.6748797477833,pobre,basal,0,250.0,629.0,1.0,44.0,15,203,21518,6,0.0
97,0.0,1.0,3.286,,0.0,3,48.19851022247344,137.6748797477833,pobre,basal,0,250.0,628.45001,1.0,52.0,14,203,21519,0,
98,0.0,1.0,3.286,0.0,1.0,3,48.19851022247344,137.6748797477833,pobre,basal,0,250.0,628.45001,1.0,52.0,15,203,21519,0,
97,1.0,1.0,3.286,1.0,4.0,9,48.19851022247344,137.6748797477833,pobre,basal,0,250.0,607.0,1.0,35.0,11,203,21520,4,1.0
98,1.0,1.0,3.286,1.0,5.0,9,48.19851022247344,137.6748797477833,pobre,basal,0,250.0,607.0,1.0,35.0,12,203,21520,4,1.0
97,0.0,1.0,3.286,1.0,1.0,9,48.19851022247344,137.6748797477833,pobre,basal,0,250.0,607.0,1.0,35.0,7,203,21521,1,1.0
98,0.0,1.0,3.286,1.0,1.0,9,48.19851022247344,137.6748797477833,pobre,basal,0,250.0,607.0,1.0,35.0,8,203,21521,1,1.0
97,1.0,1.0,3.286,1.0,5.0,6,48.19851022247344,137.6748797477833,pobre,basal,3,250.0,508.0,1.0,30.0,11,203,21522,5,1.0
98,1.0,1.0,3.286,1.0,6.0,6,48.19851022247344,137.6748797477833,pobre,basal,3,250.0,508.0,1.0,30.0,12,203,21522,5,1.0
97,0.0,1.0,3.286,1.0,3.0,6,48.19851022247344,137.6748797477833,pobre,basal,3,250.0,508.0,1.0,30.0,9,203,21523,3,1.0
98,0.0,1.0,3.286,1.0,4.0,6,48.19851022247344,137.6748797477833,pobre,basal,3,250.0,508.0,1.0,30.0,10,203,21523,3,1.0
97,1.0,1.0,3.286,1.0,2.0,6,48.19851022247344,137.6748797477833,pobre,basal,3,250.0,508.0,1.0,30.0,7,203,21524,2,1.0
98,1.0,1.0,3.286,1.0,3.0,6,48.19851022247344,137.6748797477833,pobre,basal,3,250.0,508.0,1.0,30.0,8,203,21524,2,1.0
97,1.0,0.0,0.0,0.0,7.0,5,121.2864611952647,155.7898998224107,pobre,basal,0,1250.0,830.70099,1.0,47.0,16,122,21525,7,0.0
98,1.0,0.0,0.0,,,5,121.2864611952647,155.7898998224107,pobre,basal,0,1250.0,830.70099,1.0,47.0,17,122,21525,7,0.0
97,1.0,0.0,0.0,1.0,7.0,6,121.2864611952647,155.7898998224107,pobre,basal,3,1250.0,973.0,1.0,48.0,13,122,21526,7,1.0
98,1.0,0.0,0.0,1.0,8.0,6,121.2864611952647,155.7898998224107,pobre,basal,3,1250.0,973.0,1.0,48.0,14,122,21526,7,1.0
97,1.0,0.0,0.0,1.0,5.0,6,121.2864611952647,155.7898998224107,pobre,basal,3,1250.0,973.0,1.0,48.0,11,122,21527,5,1.0
98,1.0,0.0,0.0,1.0,6.0,6,121.2864611952647,155.7898998224107,pobre,basal,3,1250.0,973.0,1.0,48.0,12,122,21527,5,1.0
97,1.0,0.0,5.3990002,1.0,7.0,3,126.8546743241916,126.8546743241916,pobre,0,3,651.78571,1040.0,0.0,37.0,13,287,21528,7,1.0
98,1.0,0.0,5.3990002,1.0,8.0,3,126.8546743241916,126.8546743241916,pobre,0,3,651.78571,1040.0,0.0,37.0,14,287,21528,7,1.0
97,1.0,0.0,5.3990002,1.0,5.0,3,126.8546743241916,126.8546743241916,pobre,0,3,651.78571,1040.0,0.0,37.0,11,287,21529,5,1.0
98,1.0,0.0,5.3990002,0.0,6.0,3,126.8546743241916,126.8546743241916,pobre,0,3,651.78571,1040.0,0.0,37.0,12,287,21529,5,1.0
97,1.0,0.0,7.0570002,1.0,5.0,8,98.77386102977512,152.1202005712543,pobre,basal,0,3800.0,839.0,1.0,47.0,13,123,21530,5,1.0
98,1.0,0.0,7.0570002,0.0,6.0,8,98.77386102977512,152.1202005712543,pobre,basal,0,3800.0,839.0,1.0,47.0,14,123,21530,5,1.0
97,1.0,0.0,7.0570002,1.0,4.0,8,98.77386102977512,152.1202005712543,pobre,basal,0,3800.0,839.0,1.0,47.0,10,123,21531,4,1.0
98,1.0,0.0,7.0570002,1.0,5.0,8,98.77386102977512,152.1202005712543,pobre,basal,0,3800.0,839.0,1.0,47.0,11,123,21531,4,1.0
97,1.0,0.0,7.0570002,1.0,3.0,8,98.77386102977512,152.1202005712543,pobre,basal,0,3800.0,839.0,1.0,47.0,9,123,21532,3,1.0
98,1.0,0.0,7.0570002,1.0,4.0,8,98.77386102977512,152.1202005712543,pobre,basal,0,3800.0,839.0,1.0,47.0,10,123,21532,3,1.0
97,1.0,0.0,7.0570002,1.0,0.0,8,98.77386102977512,152.1202005712543,pobre,basal,0,3800.0,839.0,1.0,47.0,6,123,21533,0,1.0
98,1.0,0.0,7.0570002,1.0,1.0,8,98.77386102977512,152.1202005712543,pobre,basal,0,3800.0,839.0,1.0,47.0,7,123,21533,0,1.0
97,1.0,0.0,4.6750002,1.0,5.0,5,107.2294981532787,132.5457555070723,pobre,basal,4,750.0,957.0,1.0,42.0,12,126,21534,5,1.0
98,1.0,0.0,4.6750002,1.0,6.0,5,107.2294981532787,132.5457555070723,pobre,basal,4,750.0,957.0,1.0,42.0,13,126,21534,5,1.0
97,1.0,0.0,4.6750002,1.0,4.0,5,107.2294981532787,132.5457555070723,pobre,basal,4,750.0,957.0,1.0,42.0,11,126,21535,4,1.0
98,1.0,0.0,4.6750002,1.0,5.0,5,107.2294981532787,132.5457555070723,pobre,basal,4,750.0,957.0,1.0,42.0,12,126,21535,4,1.0
97,0.0,0.0,4.6750002,1.0,3.0,5,107.2294981532787,132.5457555070723,pobre,basal,4,750.0,957.0,1.0,42.0,9,126,21536,3,1.0
98,0.0,0.0,4.6750002,1.0,4.0,5,107.2294981532787,132.5457555070723,pobre,basal,4,750.0,957.0,1.0,42.0,10,126,21536,3,1.0
97,1.0,0.0,4.6750002,0.0,6.0,5,107.2294981532787,132.5457555070723,pobre,basal,2,0.0,754.0,1.0,76.0,16,126,21537,6,0.0
98,1.0,0.0,4.6750002,,,5,107.2294981532787,132.5457555070723,pobre,basal,2,0.0,754.0,1.0,76.0,17,126,21537,6,0.0
97,0.0,0.0,4.6750002,0.0,6.0,5,107.2294981532787,132.5457555070723,pobre,basal,2,0.0,754.0,1.0,76.0,12,126,21538,6,0.0
98,0.0,0.0,4.6750002,0.0,6.0,5,107.2294981532787,132.5457555070723,pobre,basal,2,0.0,754.0,1.0,76.0,13,126,21538,6,0.0
97,1.0,0.0,4.6750002,0.0,6.0,6,107.2294981532787,132.5457555070723,no pobre,basal,6,1200.0,1061.0,1.0,54.0,16,126,21539,6,0.0
98,1.0,0.0,4.6750002,,,6,107.2294981532787,132.5457555070723,no pobre,basal,6,1200.0,1061.0,1.0,54.0,17,126,21539,6,0.0
97,0.0,0.0,4.6750002,0.0,6.0,6,107.2294981532787,132.5457555070723,no pobre,basal,6,1200.0,1061.0,1.0,54.0,12,126,21540,6,0.0
98,0.0,0.0,4.6750002,0.0,6.0,6,107.2294981532787,132.5457555070723,no pobre,basal,6,1200.0,1061.0,1.0,54.0,13,126,21540,6,0.0
97,1.0,0.0,4.6750002,1.0,3.0,8,107.2294981532787,132.5457555070723,pobre,basal,3,750.0,607.0,1.0,51.0,9,126,21541,3,1.0
98,1.0,0.0,4.6750002,1.0,4.0,8,107.2294981532787,132.5457555070723,pobre,basal,3,750.0,607.0,1.0,51.0,10,126,21541,3,1.0
97,0.0,0.0,4.6750002,1.0,1.0,8,107.2294981532787,132.5457555070723,pobre,basal,3,750.0,607.0,1.0,51.0,7,126,21542,1,1.0
98,0.0,0.0,4.6750002,1.0,2.0,8,107.2294981532787,132.5457555070723,pobre,basal,3,750.0,607.0,1.0,51.0,8,126,21542,1,1.0
97,1.0,0.0,4.6750002,1.0,7.0,6,107.2294981532787,132.5457555070723,no pobre,basal,9,1600.0,1028.0,1.0,33.0,14,126,21543,7,1.0
98,1.0,0.0,4.6750002,,,6,107.2294981532787,132.5457555070723,no pobre,basal,9,1600.0,1028.0,1.0,33.0,15,126,21543,7,1.0
97,0.0,0.0,4.6750002,1.0,3.0,6,107.2294981532787,132.5457555070723,no pobre,basal,9,1600.0,1028.0,1.0,33.0,9,126,21544,3,1.0
98,0.0,0.0,4.6750002,1.0,4.0,6,107.2294981532787,132.5457555070723,no pobre,basal,9,1600.0,1028.0,1.0,33.0,10,126,21544,3,1.0
97,0.0,0.0,4.6750002,1.0,9.0,5,107.2294981532787,132.5457555070723,pobre,basal,4,1600.0,972.0,1.0,42.0,15,126,21545,9,1.0
98,0.0,0.0,4.6750002,1.0,10.0,5,107.2294981532787,132.5457555070723,pobre,basal,4,1600.0,972.0,1.0,42.0,16,126,21545,9,1.0
97,1.0,0.0,4.6750002,1.0,4.0,5,107.2294981532787,132.5457555070723,pobre,basal,4,1600.0,972.0,1.0,42.0,11,126,21546,4,1.0
98,1.0,0.0,4.6750002,1.0,5.0,5,107.2294981532787,132.5457555070723,pobre,basal,4,1600.0,972.0,1.0,42.0,12,126,21546,4,1.0
97,0.0,0.0,4.6750002,1.0,11.0,6,107.2294981532787,132.5457555070723,pobre,basal,4,1600.0,833.0,1.0,39.0,16,126,21547,11,1.0
98,0.0,0.0,4.6750002,,,6,107.2294981532787,132.5457555070723,pobre,basal,4,1600.0,833.0,1.0,39.0,17,126,21547,11,1.0
97,0.0,0.0,4.6750002,1.0,5.0,6,107.2294981532787,132.5457555070723,pobre,basal,4,1600.0,833.0,1.0,39.0,11,126,21548,5,1.0
98,0.0,0.0,4.6750002,1.0,6.0,6,107.2294981532787,132.5457555070723,pobre,basal,4,1600.0,833.0,1.0,39.0,12,126,21548,5,1.0
97,1.0,0.0,4.6750002,1.0,2.0,6,107.2294981532787,132.5457555070723,pobre,basal,4,1600.0,833.0,1.0,39.0,8,126,21549,2,1.0
98,1.0,0.0,4.6750002,1.0,1.0,6,107.2294981532787,132.5457555070723,pobre,basal,4,1600.0,833.0,1.0,39.0,9,126,21549,2,1.0
97,1.0,0.0,4.6750002,0.0,9.0,6,107.2294981532787,132.5457555070723,no pobre,basal,6,800.0,1036.0,1.0,38.0,16,126,21550,9,0.0
98,1.0,0.0,4.6750002,,,6,107.2294981532787,132.5457555070723,no pobre,basal,6,800.0,1036.0,1.0,38.0,17,126,21550,9,0.0
97,0.0,0.0,4.6750002,1.0,4.0,6,107.2294981532787,132.5457555070723,no pobre,basal,6,800.0,1036.0,1.0,38.0,9,126,21551,4,1.0
98,0.0,0.0,4.6750002,1.0,5.0,6,107.2294981532787,132.5457555070723,no pobre,basal,6,800.0,1036.0,1.0,38.0,10,126,21551,4,1.0
97,0.0,0.0,4.6750002,1.0,1.0,6,107.2294981532787,132.5457555070723,no pobre,basal,6,800.0,1036.0,1.0,38.0,6,126,21552,1,1.0
98,0.0,0.0,4.6750002,1.0,2.0,6,107.2294981532787,132.5457555070723,no pobre,basal,6,800.0,1036.0,1.0,38.0,7,126,21552,1,1.0
97,1.0,0.0,4.6750002,1.0,9.0,8,107.2294981532787,132.5457555070723,no pobre,basal,3,750.0,1031.0,1.0,54.0,16,126,21553,9,1.0
98,1.0,0.0,4.6750002,,,8,107.2294981532787,132.5457555070723,no pobre,basal,3,750.0,1031.0,1.0,54.0,17,126,21553,9,1.0
97,1.0,0.0,4.6750002,1.0,8.0,8,107.2294981532787,132.5457555070723,no pobre,basal,3,750.0,1031.0,1.0,54.0,14,126,21554,8,1.0
98,1.0,0.0,4.6750002,1.0,10.0,8,107.2294981532787,132.5457555070723,no pobre,basal,3,750.0,1031.0,1.0,54.0,15,126,21554,8,1.0
97,1.0,0.0,4.6750002,1.0,7.0,8,107.2294981532787,132.5457555070723,no pobre,basal,3,750.0,1031.0,1.0,54.0,13,126,21555,7,1.0
98,1.0,0.0,4.6750002,1.0,8.0,8,107.2294981532787,132.5457555070723,no pobre,basal,3,750.0,1031.0,1.0,54.0,14,126,21555,7,1.0
97,0.0,0.0,4.6750002,0.0,6.0,5,107.2294981532787,132.5457555070723,pobre,basal,3,750.0,741.0,1.0,50.0,15,126,21556,6,0.0
98,0.0,0.0,4.6750002,0.0,6.0,5,107.2294981532787,132.5457555070723,pobre,basal,3,750.0,741.0,1.0,50.0,16,126,21556,6,0.0
97,1.0,0.0,4.6750002,1.0,6.0,5,107.2294981532787,132.5457555070723,pobre,basal,3,750.0,741.0,1.0,50.0,13,126,21557,6,1.0
98,1.0,0.0,4.6750002,1.0,8.0,5,107.2294981532787,132.5457555070723,pobre,basal,3,750.0,741.0,1.0,50.0,14,126,21557,6,1.0
97,1.0,0.0,4.6750002,1.0,7.0,7,107.2294981532787,132.5457555070723,no pobre,basal,5,750.0,971.0,1.0,34.0,13,126,21558,7,1.0
98,1.0,0.0,4.6750002,1.0,8.0,7,107.2294981532787,132.5457555070723,no pobre,basal,5,750.0,971.0,1.0,34.0,14,126,21558,7,1.0
97,0.0,0.0,4.6750002,1.0,6.0,7,107.2294981532787,132.5457555070723,no pobre,basal,5,750.0,971.0,1.0,34.0,12,126,21559,6,1.0
98,0.0,0.0,4.6750002,1.0,7.0,7,107.2294981532787,132.5457555070723,no pobre,basal,5,750.0,971.0,1.0,34.0,13,126,21559,6,1.0
97,0.0,0.0,4.6750002,1.0,0.0,7,107.2294981532787,132.5457555070723,no pobre,basal,5,750.0,971.0,1.0,34.0,6,126,21560,0,1.0
98,0.0,0.0,4.6750002,1.0,1.0,7,107.2294981532787,132.5457555070723,no pobre,basal,5,750.0,971.0,1.0,34.0,7,126,21560,0,1.0
97,1.0,0.0,0.0,1.0,7.0,8,121.2864611952647,155.7898998224107,pobre,basal,3,41.666668,754.33099,1.0,44.0,12,122,21561,7,1.0
98,1.0,0.0,0.0,1.0,8.0,8,121.2864611952647,155.7898998224107,pobre,basal,3,41.666668,754.33099,1.0,44.0,13,122,21561,7,1.0
97,1.0,0.0,0.0,,2.0,8,121.2864611952647,155.7898998224107,pobre,basal,3,41.666668,754.33099,1.0,44.0,7,122,21562,2,
98,1.0,0.0,0.0,1.0,3.0,8,121.2864611952647,155.7898998224107,pobre,basal,3,41.666668,754.33099,1.0,44.0,8,122,21562,2,
97,1.0,0.0,0.0,1.0,4.0,4,121.2864611952647,155.7898998224107,pobre,basal,3,625.0,709.0,1.0,40.0,10,122,21563,4,1.0
98,1.0,0.0,0.0,1.0,5.0,4,121.2864611952647,155.7898998224107,pobre,basal,3,625.0,709.0,1.0,40.0,11,122,21563,4,1.0
97,0.0,0.0,0.0,1.0,1.0,4,121.2864611952647,155.7898998224107,pobre,basal,3,625.0,709.0,1.0,40.0,7,122,21564,1,1.0
98,0.0,0.0,0.0,1.0,2.0,4,121.2864611952647,155.7898998224107,pobre,basal,3,625.0,709.0,1.0,40.0,8,122,21564,1,1.0
97,1.0,0.0,0.0,1.0,6.0,5,121.2864611952647,155.7898998224107,pobre,basal,6,1400.0,744.0,1.0,35.0,12,122,21565,6,1.0
98,1.0,0.0,0.0,1.0,7.0,5,121.2864611952647,155.7898998224107,pobre,basal,6,1400.0,744.0,1.0,35.0,13,122,21565,6,1.0
97,0.0,0.0,0.0,1.0,2.0,5,121.2864611952647,155.7898998224107,pobre,basal,6,1400.0,744.0,1.0,35.0,8,122,21566,2,1.0
98,0.0,0.0,0.0,1.0,3.0,5,121.2864611952647,155.7898998224107,pobre,basal,6,1400.0,744.0,1.0,35.0,9,122,21566,2,1.0
97,1.0,0.0,0.0,1.0,0.0,4,121.2864611952647,155.7898998224107,pobre,basal,6,625.0,805.0,1.0,37.0,6,122,21567,0,1.0
98,1.0,0.0,0.0,1.0,1.0,4,121.2864611952647,155.7898998224107,pobre,basal,6,625.0,805.0,1.0,37.0,7,122,21567,0,1.0
97,0.0,0.0,0.0,1.0,2.0,9,121.2864611952647,155.7898998224107,pobre,basal,3,1000.0,715.5,1.0,54.0,9,122,21568,2,1.0
98,0.0,0.0,0.0,1.0,3.0,9,121.2864611952647,155.7898998224107,pobre,basal,3,1000.0,715.5,1.0,54.0,10,122,21568,2,1.0
97,1.0,0.0,0.0,1.0,5.0,9,121.2864611952647,155.7898998224107,pobre,basal,3,1000.0,715.5,1.0,54.0,11,122,21569,5,1.0
98,1.0,0.0,0.0,1.0,6.0,9,121.2864611952647,155.7898998224107,pobre,basal,3,1000.0,715.5,1.0,54.0,12,122,21569,5,1.0
97,1.0,0.0,0.0,1.0,7.0,9,121.2864611952647,155.7898998224107,pobre,basal,3,1000.0,715.5,1.0,54.0,13,122,21570,7,1.0
98,1.0,0.0,0.0,1.0,8.0,9,121.2864611952647,155.7898998224107,pobre,basal,3,1000.0,715.5,1.0,54.0,14,122,21570,7,1.0
97,0.0,0.0,0.0,1.0,8.0,11,121.2864611952647,155.7898998224107,pobre,basal,0,1080.0,629.5,1.0,50.0,15,122,21571,8,1.0
98,0.0,0.0,0.0,,,11,121.2864611952647,155.7898998224107,pobre,basal,0,1080.0,629.5,1.0,50.0,16,122,21571,8,1.0
97,0.0,0.0,0.0,1.0,3.0,11,121.2864611952647,155.7898998224107,pobre,basal,0,1080.0,629.5,1.0,50.0,9,122,21572,3,1.0
98,0.0,0.0,0.0,1.0,4.0,11,121.2864611952647,155.7898998224107,pobre,basal,0,1080.0,629.5,1.0,50.0,10,122,21572,3,1.0
97,0.0,0.0,0.0,1.0,5.0,11,121.2864611952647,155.7898998224107,pobre,basal,0,1080.0,629.5,1.0,50.0,11,122,21573,5,1.0
98,0.0,0.0,0.0,1.0,6.0,11,121.2864611952647,155.7898998224107,pobre,basal,0,1080.0,629.5,1.0,50.0,12,122,21573,5,1.0
97,1.0,0.0,0.0,0.0,6.0,11,121.2864611952647,155.7898998224107,pobre,basal,0,1080.0,629.5,1.0,50.0,13,122,21574,6,0.0
98,1.0,0.0,0.0,1.0,7.0,11,121.2864611952647,155.7898998224107,pobre,basal,0,1080.0,629.5,1.0,50.0,14,122,21574,6,0.0
97,0.0,0.0,0.0,1.0,1.0,11,121.2864611952647,155.7898998224107,pobre,basal,0,1080.0,629.5,1.0,50.0,7,122,21575,1,1.0
98,0.0,0.0,0.0,1.0,2.0,11,121.2864611952647,155.7898998224107,pobre,basal,0,1080.0,629.5,1.0,50.0,8,122,21575,1,1.0
97,0.0,0.0,0.0,1.0,7.0,8,121.2864611952647,155.7898998224107,pobre,basal,3,625.0,623.0,1.0,38.0,15,122,21576,7,1.0
98,0.0,0.0,0.0,1.0,8.0,8,121.2864611952647,155.7898998224107,pobre,basal,3,625.0,623.0,1.0,38.0,16,122,21576,7,1.0
97,0.0,0.0,0.0,1.0,7.0,8,121.2864611952647,155.7898998224107,pobre,basal,3,625.0,623.0,1.0,38.0,14,122,21577,7,1.0
98,0.0,0.0,0.0,1.0,8.0,8,121.2864611952647,155.7898998224107,pobre,basal,3,625.0,623.0,1.0,38.0,15,122,21577,7,1.0
97,0.0,0.0,0.0,1.0,5.0,8,121.2864611952647,155.7898998224107,pobre,basal,3,625.0,623.0,1.0,38.0,13,122,21578,5,1.0
98,0.0,0.0,0.0,1.0,6.0,8,121.2864611952647,155.7898998224107,pobre,basal,3,625.0,623.0,1.0,38.0,14,122,21578,5,1.0
97,1.0,0.0,0.0,1.0,3.0,8,121.2864611952647,155.7898998224107,pobre,basal,3,625.0,623.0,1.0,38.0,9,122,21579,3,1.0
98,1.0,0.0,0.0,1.0,4.0,8,121.2864611952647,155.7898998224107,pobre,basal,3,625.0,623.0,1.0,38.0,10,122,21579,3,1.0
97,0.0,0.0,0.0,1.0,0.0,8,121.2864611952647,155.7898998224107,pobre,basal,3,625.0,623.0,1.0,38.0,6,122,21580,0,1.0
98,0.0,0.0,0.0,1.0,0.0,8,121.2864611952647,155.7898998224107,pobre,basal,3,625.0,623.0,1.0,38.0,7,122,21580,0,1.0
97,0.0,0.0,0.0,1.0,5.0,6,121.2864611952647,155.7898998224107,no pobre,basal,9,1600.0,921.0,1.0,36.0,12,122,21581,5,1.0
98,0.0,0.0,0.0,,,6,121.2864611952647,155.7898998224107,no pobre,basal,9,1600.0,921.0,1.0,36.0,13,122,21581,5,1.0
97,1.0,0.0,0.0,1.0,4.0,6,121.2864611952647,155.7898998224107,no pobre,basal,9,1600.0,921.0,1.0,36.0,10,122,21582,4,1.0
98,1.0,0.0,0.0,,,6,121.2864611952647,155.7898998224107,no pobre,basal,9,1600.0,921.0,1.0,36.0,11,122,21582,4,1.0
97,0.0,0.0,0.0,1.0,3.0,6,121.2864611952647,155.7898998224107,no pobre,basal,9,1600.0,921.0,1.0,36.0,9,122,21583,3,1.0
98,0.0,0.0,0.0,,,6,121.2864611952647,155.7898998224107,no pobre,basal,9,1600.0,921.0,1.0,36.0,10,122,21583,3,1.0
97,1.0,0.0,0.0,1.0,10.0,8,121.2864611952647,155.7898998224107,pobre,basal,0,200.0,778.0,1.0,70.0,16,122,21584,10,1.0
98,1.0,0.0,0.0,1.0,10.0,8,121.2864611952647,155.7898998224107,pobre,basal,0,200.0,778.0,1.0,70.0,17,122,21584,10,1.0
97,1.0,0.0,0.0,1.0,7.0,8,121.2864611952647,155.7898998224107,pobre,basal,0,200.0,778.0,1.0,70.0,12,122,21585,7,1.0
98,1.0,0.0,0.0,1.0,8.0,8,121.2864611952647,155.7898998224107,pobre,basal,0,200.0,778.0,1.0,70.0,13,122,21585,7,1.0
97,1.0,0.0,0.0,0.0,3.0,5,121.2864611952647,155.7898998224107,pobre,basal,0,0.0,778.5,0.0,70.0,16,122,21586,3,0.0
98,1.0,0.0,0.0,,,5,121.2864611952647,155.7898998224107,pobre,basal,0,0.0,778.5,0.0,70.0,17,122,21586,3,0.0
97,1.0,0.0,0.0,0.0,6.0,5,121.2864611952647,155.7898998224107,pobre,basal,0,0.0,778.5,0.0,70.0,13,122,21587,6,0.0
98,1.0,0.0,0.0,,,5,121.2864611952647,155.7898998224107,pobre,basal,0,0.0,778.5,0.0,70.0,14,122,21587,6,0.0
97,0.0,0.0,0.0,1.0,5.0,5,121.2864611952647,155.7898998224107,pobre,basal,0,0.0,778.5,0.0,70.0,10,122,21588,5,1.0
98,0.0,0.0,0.0,,,5,121.2864611952647,155.7898998224107,pobre,basal,0,0.0,778.5,0.0,70.0,11,122,21588,5,1.0
97,0.0,0.0,0.0,1.0,0.0,4,121.2864611952647,155.7898998224107,pobre,basal,6,6400.0,755.0,1.0,27.0,6,122,21589,0,1.0
98,0.0,0.0,0.0,1.0,1.0,4,121.2864611952647,155.7898998224107,pobre,basal,6,6400.0,755.0,1.0,27.0,7,122,21589,0,1.0
97,1.0,0.0,0.0,1.0,2.0,6,121.2864611952647,155.7898998224107,pobre,basal,3,1000.0,764.0,1.0,28.0,8,122,21590,2,1.0
98,1.0,0.0,0.0,1.0,3.0,6,121.2864611952647,155.7898998224107,pobre,basal,3,1000.0,764.0,1.0,28.0,9,122,21590,2,1.0
97,1.0,0.0,0.0,1.0,10.0,8,121.2864611952647,155.7898998224107,pobre,basal,3,1920.0,890.0,1.0,44.0,16,122,21591,10,1.0
98,1.0,0.0,0.0,,,8,121.2864611952647,155.7898998224107,pobre,basal,3,1920.0,890.0,1.0,44.0,17,122,21591,10,1.0
97,1.0,0.0,0.0,1.0,6.0,8,121.2864611952647,155.7898998224107,pobre,basal,3,1920.0,890.0,1.0,44.0,13,122,21592,6,1.0
98,1.0,0.0,0.0,1.0,7.0,8,121.2864611952647,155.7898998224107,pobre,basal,3,1920.0,890.0,1.0,44.0,14,122,21592,6,1.0
97,1.0,0.0,0.0,1.0,2.0,8,121.2864611952647,155.7898998224107,pobre,basal,3,1920.0,890.0,1.0,44.0,9,122,21593,2,1.0
98,1.0,0.0,0.0,1.0,3.0,8,121.2864611952647,155.7898998224107,pobre,basal,3,1920.0,890.0,1.0,44.0,10,122,21593,2,1.0
97,1.0,0.0,0.0,1.0,1.0,8,121.2864611952647,155.7898998224107,pobre,basal,3,1200.0,764.0,1.0,40.0,8,122,21594,1,1.0
98,1.0,0.0,0.0,1.0,2.0,8,121.2864611952647,155.7898998224107,pobre,basal,3,1200.0,764.0,1.0,40.0,9,122,21594,1,1.0
97,1.0,0.0,0.0,1.0,8.0,10,121.2864611952647,155.7898998224107,pobre,basal,6,1000.0,961.5,1.0,50.0,15,122,21595,8,1.0
98,1.0,0.0,0.0,0.0,9.0,10,121.2864611952647,155.7898998224107,pobre,basal,6,1000.0,961.5,1.0,50.0,16,122,21595,8,1.0
97,0.0,0.0,0.0,1.0,3.0,10,121.2864611952647,155.7898998224107,pobre,basal,6,1000.0,961.5,1.0,50.0,9,122,21596,3,1.0
98,0.0,0.0,0.0,1.0,4.0,10,121.2864611952647,155.7898998224107,pobre,basal,6,1000.0,961.5,1.0,50.0,10,122,21596,3,1.0
97,1.0,0.0,0.0,0.0,3.0,3,121.2864611952647,155.7898998224107,pobre,basal,1,0.0,964.0,0.0,54.0,10,122,21597,3,0.0
98,1.0,0.0,0.0,1.0,4.0,3,121.2864611952647,155.7898998224107,pobre,basal,1,0.0,964.0,0.0,54.0,11,122,21597,3,0.0
97,0.0,0.0,4.6750002,1.0,1.0,7,107.2294981532787,132.5457555070723,pobre,basal,0,0.0,875.0,1.0,54.0,11,126,21598,1,1.0
98,0.0,0.0,4.6750002,1.0,2.0,7,107.2294981532787,132.5457555070723,pobre,basal,0,0.0,875.0,1.0,54.0,12,126,21598,1,1.0
97,0.0,0.0,4.6750002,1.0,1.0,7,107.2294981532787,132.5457555070723,pobre,basal,0,0.0,875.0,1.0,54.0,9,126,21599,1,1.0
98,0.0,0.0,4.6750002,1.0,2.0,7,107.2294981532787,132.5457555070723,pobre,basal,0,0.0,875.0,1.0,54.0,10,126,21599,1,1.0
97,1.0,0.0,0.0,1.0,7.0,4,121.2864611952647,155.7898998224107,no pobre,basal,2,1400.0,1061.0,1.0,39.0,13,122,21600,7,1.0
98,1.0,0.0,0.0,1.0,8.0,4,121.2864611952647,155.7898998224107,no pobre,basal,2,1400.0,1061.0,1.0,39.0,14,122,21600,7,1.0
97,0.0,0.0,0.0,1.0,1.0,4,121.2864611952647,155.7898998224107,no pobre,basal,2,1400.0,1061.0,1.0,39.0,7,122,21601,1,1.0
98,0.0,0.0,0.0,1.0,2.0,4,121.2864611952647,155.7898998224107,no pobre,basal,2,1400.0,1061.0,1.0,39.0,8,122,21601,1,1.0
97,0.0,1.0,7.0570002,1.0,1.0,4,98.77386102977512,152.1202005712543,no pobre,basal,3,750.0,973.0,1.0,45.0,7,123,21602,1,1.0
98,0.0,1.0,7.0570002,,,4,98.77386102977512,152.1202005712543,no pobre,basal,3,750.0,973.0,1.0,45.0,8,123,21602,1,1.0
97,0.0,1.0,7.0570002,1.0,1.0,4,98.77386102977512,152.1202005712543,no pobre,basal,3,750.0,973.0,1.0,45.0,7,123,21603,1,1.0
98,0.0,1.0,7.0570002,,,4,98.77386102977512,152.1202005712543,no pobre,basal,3,750.0,973.0,1.0,45.0,8,123,21603,1,1.0
97,0.0,1.0,7.0570002,1.0,1.0,6,98.77386102977512,152.1202005712543,pobre,basal,3,750.0,658.0,1.0,42.0,7,123,21604,1,1.0
98,0.0,1.0,7.0570002,1.0,2.0,6,98.77386102977512,152.1202005712543,pobre,basal,3,750.0,658.0,1.0,42.0,8,123,21604,1,1.0
97,1.0,1.0,7.0570002,1.0,10.0,5,98.77386102977512,152.1202005712543,pobre,basal,3,0.0,660.0,0.0,30.0,15,123,21605,10,1.0
98,1.0,1.0,7.0570002,1.0,9.0,5,98.77386102977512,152.1202005712543,pobre,basal,3,0.0,660.0,0.0,30.0,16,123,21605,10,1.0
97,0.0,1.0,7.0570002,0.0,5.0,5,98.77386102977512,152.1202005712543,pobre,basal,3,0.0,660.0,0.0,30.0,10,123,21606,5,0.0
98,0.0,1.0,7.0570002,0.0,6.0,5,98.77386102977512,152.1202005712543,pobre,basal,3,0.0,660.0,0.0,30.0,11,123,21606,5,0.0
97,1.0,1.0,7.0570002,1.0,3.0,5,98.77386102977512,152.1202005712543,pobre,basal,3,0.0,660.0,0.0,30.0,9,123,21607,3,1.0
98,1.0,1.0,7.0570002,1.0,4.0,5,98.77386102977512,152.1202005712543,pobre,basal,3,0.0,660.0,0.0,30.0,10,123,21607,3,1.0
97,0.0,1.0,7.0570002,1.0,0.0,5,98.77386102977512,152.1202005712543,pobre,basal,3,0.0,660.0,0.0,30.0,6,123,21608,0,1.0
98,0.0,1.0,7.0570002,1.0,1.0,5,98.77386102977512,152.1202005712543,pobre,basal,3,0.0,660.0,0.0,30.0,7,123,21608,0,1.0
97,0.0,1.0,7.0570002,0.0,6.0,6,98.77386102977512,152.1202005712543,pobre,basal,3,1200.0,685.0,1.0,46.0,12,123,21609,6,0.0
98,0.0,1.0,7.0570002,,,6,98.77386102977512,152.1202005712543,pobre,basal,3,1200.0,685.0,1.0,46.0,13,123,21609,6,0.0
97,0.0,1.0,7.0570002,1.0,4.0,6,98.77386102977512,152.1202005712543,pobre,basal,3,1200.0,685.0,1.0,46.0,10,123,21610,4,1.0
98,0.0,1.0,7.0570002,,,6,98.77386102977512,152.1202005712543,pobre,basal,3,1200.0,685.0,1.0,46.0,11,123,21610,4,1.0
97,1.0,1.0,7.0570002,1.0,2.0,6,98.77386102977512,152.1202005712543,pobre,basal,3,1200.0,685.0,1.0,46.0,7,123,21611,2,1.0
98,1.0,1.0,7.0570002,,,6,98.77386102977512,152.1202005712543,pobre,basal,3,1200.0,685.0,1.0,46.0,8,123,21611,2,1.0
97,1.0,1.0,7.0570002,0.0,6.0,11,98.77386102977512,152.1202005712543,no pobre,basal,2,100.0,916.5,1.0,38.0,16,123,21612,6,0.0
98,1.0,1.0,7.0570002,0.0,6.0,11,98.77386102977512,152.1202005712543,no pobre,basal,2,100.0,916.5,1.0,38.0,17,123,21612,6,0.0
97,0.0,1.0,7.0570002,0.0,6.0,11,98.77386102977512,152.1202005712543,no pobre,basal,2,100.0,916.5,1.0,38.0,14,123,21613,6,0.0
98,0.0,1.0,7.0570002,0.0,6.0,11,98.77386102977512,152.1202005712543,no pobre,basal,2,100.0,916.5,1.0,38.0,15,123,21613,6,0.0
97,1.0,1.0,7.0570002,0.0,6.0,11,98.77386102977512,152.1202005712543,no pobre,basal,2,100.0,916.5,1.0,38.0,12,123,21614,6,0.0
98,1.0,1.0,7.0570002,1.0,6.0,11,98.77386102977512,152.1202005712543,no pobre,basal,2,100.0,916.5,1.0,38.0,13,123,21614,6,0.0
97,1.0,1.0,7.0570002,1.0,4.0,11,98.77386102977512,152.1202005712543,no pobre,basal,2,100.0,916.5,1.0,38.0,11,123,21615,4,1.0
98,1.0,1.0,7.0570002,1.0,4.0,11,98.77386102977512,152.1202005712543,no pobre,basal,2,100.0,916.5,1.0,38.0,12,123,21615,4,1.0
97,1.0,1.0,7.0570002,1.0,3.0,11,98.77386102977512,152.1202005712543,no pobre,basal,2,100.0,916.5,1.0,38.0,10,123,21616,3,1.0
98,1.0,1.0,7.0570002,1.0,4.0,11,98.77386102977512,152.1202005712543,no pobre,basal,2,100.0,916.5,1.0,38.0,11,123,21616,3,1.0
97,1.0,1.0,7.0570002,1.0,2.0,11,98.77386102977512,152.1202005712543,no pobre,basal,2,100.0,916.5,1.0,38.0,8,123,21617,2,1.0
98,1.0,1.0,7.0570002,1.0,3.0,11,98.77386102977512,152.1202005712543,no pobre,basal,2,100.0,916.5,1.0,38.0,9,123,21617,2,1.0
97,0.0,1.0,7.0570002,1.0,1.0,11,98.77386102977512,152.1202005712543,no pobre,basal,2,100.0,916.5,1.0,38.0,7,123,21618,1,1.0
98,0.0,1.0,7.0570002,1.0,2.0,11,98.77386102977512,152.1202005712543,no pobre,basal,2,100.0,916.5,1.0,38.0,8,123,21618,1,1.0
97,1.0,0.0,7.0570002,1.0,3.0,9,98.77386102977512,152.1202005712543,pobre,basal,2,750.0,716.5,1.0,53.0,11,123,21619,3,1.0
98,1.0,0.0,7.0570002,1.0,4.0,9,98.77386102977512,152.1202005712543,pobre,basal,2,750.0,716.5,1.0,53.0,12,123,21619,3,1.0
97,1.0,0.0,7.0570002,1.0,1.0,9,98.77386102977512,152.1202005712543,pobre,basal,2,750.0,716.5,1.0,53.0,10,123,21620,1,1.0
98,1.0,0.0,7.0570002,1.0,2.0,9,98.77386102977512,152.1202005712543,pobre,basal,2,750.0,716.5,1.0,53.0,11,123,21620,1,1.0
97,1.0,0.0,7.0570002,1.0,0.0,9,98.77386102977512,152.1202005712543,pobre,basal,2,750.0,716.5,1.0,53.0,6,123,21621,0,1.0
98,1.0,0.0,7.0570002,1.0,1.0,9,98.77386102977512,152.1202005712543,pobre,basal,2,750.0,716.5,1.0,53.0,7,123,21621,0,1.0
97,1.0,1.0,7.0570002,0.0,6.0,7,98.77386102977512,152.1202005712543,pobre,basal,3,750.0,782.5,1.0,36.0,15,123,21622,6,0.0
98,1.0,1.0,7.0570002,0.0,6.0,7,98.77386102977512,152.1202005712543,pobre,basal,3,750.0,782.5,1.0,36.0,16,123,21622,6,0.0
97,1.0,0.0,7.0570002,0.0,6.0,7,98.77386102977512,152.1202005712543,pobre,basal,3,750.0,782.5,1.0,36.0,13,123,21623,6,0.0
98,1.0,0.0,7.0570002,0.0,6.0,7,98.77386102977512,152.1202005712543,pobre,basal,3,750.0,782.5,1.0,36.0,14,123,21623,6,0.0
97,0.0,0.0,7.0570002,1.0,5.0,7,98.77386102977512,152.1202005712543,pobre,basal,3,750.0,782.5,1.0,36.0,11,123,21624,5,1.0
98,0.0,0.0,7.0570002,0.0,6.0,7,98.77386102977512,152.1202005712543,pobre,basal,3,750.0,782.5,1.0,36.0,12,123,21624,5,1.0
97,1.0,0.0,7.0570002,1.0,0.0,7,98.77386102977512,152.1202005712543,pobre,basal,3,750.0,782.5,1.0,36.0,11,123,21625,0,1.0
98,1.0,0.0,7.0570002,1.0,1.0,7,98.77386102977512,152.1202005712543,pobre,basal,3,750.0,782.5,1.0,36.0,12,123,21625,0,1.0
97,0.0,0.0,7.0570002,0.0,6.0,9,98.77386102977512,152.1202005712543,pobre,basal,3,800.0,819.5,1.0,40.0,14,123,21626,6,0.0
98,0.0,0.0,7.0570002,0.0,6.0,9,98.77386102977512,152.1202005712543,pobre,basal,3,800.0,819.5,1.0,40.0,15,123,21626,6,0.0
97,1.0,0.0,7.0570002,1.0,5.0,9,98.77386102977512,152.1202005712543,pobre,basal,3,800.0,819.5,1.0,40.0,12,123,21627,5,1.0
98,1.0,0.0,7.0570002,1.0,6.0,9,98.77386102977512,152.1202005712543,pobre,basal,3,800.0,819.5,1.0,40.0,13,123,21627,5,1.0
97,1.0,0.0,7.0570002,1.0,4.0,9,98.77386102977512,152.1202005712543,pobre,basal,3,800.0,819.5,1.0,40.0,10,123,21628,4,1.0
98,1.0,0.0,7.0570002,1.0,5.0,9,98.77386102977512,152.1202005712543,pobre,basal,3,800.0,819.5,1.0,40.0,11,123,21628,4,1.0
97,1.0,0.0,7.0570002,1.0,2.0,9,98.77386102977512,152.1202005712543,pobre,basal,3,800.0,819.5,1.0,40.0,7,123,21629,2,1.0
98,1.0,0.0,7.0570002,1.0,2.0,9,98.77386102977512,152.1202005712543,pobre,basal,3,800.0,819.5,1.0,40.0,8,123,21629,2,1.0
97,0.0,0.0,2.4949999,1.0,6.0,8,114.5440196251351,152.7561625283715,pobre,basal,6,800.0,578.0,1.0,32.0,12,121,21630,6,1.0
98,0.0,0.0,2.4949999,1.0,7.0,8,114.5440196251351,152.7561625283715,pobre,basal,6,800.0,578.0,1.0,32.0,13,121,21630,6,1.0
97,1.0,0.0,2.4949999,1.0,4.0,8,114.5440196251351,152.7561625283715,pobre,basal,6,800.0,578.0,1.0,32.0,11,121,21631,4,1.0
98,1.0,0.0,2.4949999,1.0,5.0,8,114.5440196251351,152.7561625283715,pobre,basal,6,800.0,578.0,1.0,32.0,12,121,21631,4,1.0
97,1.0,0.0,2.4949999,1.0,2.0,8,114.5440196251351,152.7561625283715,pobre,basal,6,800.0,578.0,1.0,32.0,9,121,21632,2,1.0
98,1.0,0.0,2.4949999,1.0,3.0,8,114.5440196251351,152.7561625283715,pobre,basal,6,800.0,578.0,1.0,32.0,10,121,21632,2,1.0
97,0.0,0.0,2.4949999,1.0,7.0,16,114.5440196251351,152.7561625283715,no pobre,basal,3,750.0,952.0,1.0,55.0,15,121,21633,7,1.0
98,0.0,0.0,2.4949999,0.0,9.0,16,114.5440196251351,152.7561625283715,no pobre,basal,3,750.0,952.0,1.0,55.0,16,121,21633,7,1.0
97,1.0,0.0,2.4949999,0.0,6.0,16,114.5440196251351,152.7561625283715,no pobre,basal,3,750.0,952.0,1.0,55.0,13,121,21634,6,0.0
98,1.0,0.0,2.4949999,1.0,7.0,16,114.5440196251351,152.7561625283715,no pobre,basal,3,750.0,952.0,1.0,55.0,14,121,21634,6,0.0
97,0.0,0.0,2.4949999,1.0,4.0,16,114.5440196251351,152.7561625283715,no pobre,basal,3,750.0,952.0,1.0,55.0,11,121,21635,4,1.0
98,0.0,0.0,2.4949999,1.0,5.0,16,114.5440196251351,152.7561625283715,no pobre,basal,3,750.0,952.0,1.0,55.0,12,121,21635,4,1.0
97,0.0,0.0,2.4949999,1.0,3.0,16,114.5440196251351,152.7561625283715,no pobre,basal,3,750.0,952.0,1.0,55.0,9,121,21636,3,1.0
98,0.0,0.0,2.4949999,1.0,4.0,16,114.5440196251351,152.7561625283715,no pobre,basal,3,750.0,952.0,1.0,55.0,10,121,21636,3,1.0
97,0.0,0.0,2.4949999,1.0,1.0,16,114.5440196251351,152.7561625283715,no pobre,basal,3,750.0,952.0,1.0,55.0,8,121,21637,1,1.0
98,0.0,0.0,2.4949999,1.0,3.0,16,114.5440196251351,152.7561625283715,no pobre,basal,3,750.0,952.0,1.0,55.0,9,121,21637,1,1.0
97,0.0,0.0,2.4949999,1.0,6.0,6,114.5440196251351,152.7561625283715,pobre,basal,4,5500.0,701.0,1.0,37.0,15,121,21638,6,1.0
98,0.0,0.0,2.4949999,1.0,7.0,6,114.5440196251351,152.7561625283715,pobre,basal,4,5500.0,701.0,1.0,37.0,16,121,21638,6,1.0
97,0.0,0.0,2.4949999,1.0,6.0,6,114.5440196251351,152.7561625283715,pobre,basal,4,5500.0,701.0,1.0,37.0,14,121,21639,6,1.0
98,0.0,0.0,2.4949999,1.0,7.0,6,114.5440196251351,152.7561625283715,pobre,basal,4,5500.0,701.0,1.0,37.0,15,121,21639,6,1.0
97,1.0,0.0,2.4949999,1.0,4.0,6,114.5440196251351,152.7561625283715,pobre,basal,4,5500.0,701.0,1.0,37.0,12,121,21640,4,1.0
98,1.0,0.0,2.4949999,1.0,5.0,6,114.5440196251351,152.7561625283715,pobre,basal,4,5500.0,701.0,1.0,37.0,13,121,21640,4,1.0
97,1.0,0.0,2.4949999,1.0,3.0,6,114.5440196251351,152.7561625283715,pobre,basal,4,5500.0,701.0,1.0,37.0,10,121,21641,3,1.0
98,1.0,0.0,2.4949999,1.0,4.0,6,114.5440196251351,152.7561625283715,pobre,basal,4,5500.0,701.0,1.0,37.0,11,121,21641,3,1.0
97,0.0,0.0,2.4949999,0.0,6.0,5,114.5440196251351,152.7561625283715,no pobre,basal,2,5000.0,1042.5,1.0,43.0,14,121,21642,6,0.0
98,0.0,0.0,2.4949999,1.0,6.0,5,114.5440196251351,152.7561625283715,no pobre,basal,2,5000.0,1042.5,1.0,43.0,15,121,21642,6,0.0
97,0.0,0.0,2.4949999,1.0,5.0,5,114.5440196251351,152.7561625283715,no pobre,basal,2,5000.0,1042.5,1.0,43.0,11,121,21643,5,1.0
98,0.0,0.0,2.4949999,1.0,6.0,5,114.5440196251351,152.7561625283715,no pobre,basal,2,5000.0,1042.5,1.0,43.0,12,121,21643,5,1.0
97,1.0,0.0,2.4949999,1.0,1.0,4,114.5440196251351,152.7561625283715,pobre,basal,3,750.0,833.0,1.0,48.0,7,121,21644,1,1.0
98,1.0,0.0,2.4949999,1.0,2.0,4,114.5440196251351,152.7561625283715,pobre,basal,3,750.0,833.0,1.0,48.0,8,121,21644,1,1.0
97,1.0,0.0,2.4949999,1.0,7.0,17,114.5440196251351,152.7561625283715,no pobre,basal,4,8000.0,894.79999,1.0,48.0,15,121,21645,7,1.0
98,1.0,0.0,2.4949999,1.0,8.0,17,114.5440196251351,152.7561625283715,no pobre,basal,4,8000.0,894.79999,1.0,48.0,16,121,21645,7,1.0
97,0.0,0.0,2.4949999,1.0,6.0,17,114.5440196251351,152.7561625283715,no pobre,basal,4,8000.0,894.79999,1.0,48.0,14,121,21646,6,1.0
98,0.0,0.0,2.4949999,1.0,7.0,17,114.5440196251351,152.7561625283715,no pobre,basal,4,8000.0,894.79999,1.0,48.0,15,121,21646,6,1.0
97,0.0,0.0,2.4949999,1.0,2.0,17,114.5440196251351,152.7561625283715,no pobre,basal,4,8000.0,894.79999,1.0,48.0,11,121,21647,2,1.0
98,0.0,0.0,2.4949999,1.0,3.0,17,114.5440196251351,152.7561625283715,no pobre,basal,4,8000.0,894.79999,1.0,48.0,12,121,21647,2,1.0
97,0.0,0.0,2.4949999,1.0,3.0,17,114.5440196251351,152.7561625283715,no pobre,basal,4,8000.0,894.79999,1.0,48.0,10,121,21648,3,1.0
98,0.0,0.0,2.4949999,1.0,4.0,17,114.5440196251351,152.7561625283715,no pobre,basal,4,8000.0,894.79999,1.0,48.0,11,121,21648,3,1.0
97,0.0,0.0,2.4949999,1.0,2.0,17,114.5440196251351,152.7561625283715,no pobre,basal,4,8000.0,894.79999,1.0,48.0,9,121,21649,2,1.0
98,0.0,0.0,2.4949999,1.0,3.0,17,114.5440196251351,152.7561625283715,no pobre,basal,4,8000.0,894.79999,1.0,48.0,10,121,21649,2,1.0
97,1.0,0.0,2.4949999,1.0,0.0,17,114.5440196251351,152.7561625283715,no pobre,basal,4,8000.0,894.79999,1.0,48.0,6,121,21650,0,1.0
98,1.0,0.0,2.4949999,1.0,1.0,17,114.5440196251351,152.7561625283715,no pobre,basal,4,8000.0,894.79999,1.0,48.0,7,121,21650,0,1.0
97,0.0,0.0,2.4949999,0.0,6.0,8,114.5440196251351,152.7561625283715,no pobre,basal,3,0.0,876.0,1.0,47.0,15,121,21651,6,0.0
98,0.0,0.0,2.4949999,0.0,6.0,8,114.5440196251351,152.7561625283715,no pobre,basal,3,0.0,876.0,1.0,47.0,16,121,21651,6,0.0
97,0.0,0.0,2.4949999,1.0,4.0,8,114.5440196251351,152.7561625283715,no pobre,basal,3,0.0,876.0,1.0,47.0,11,121,21652,4,1.0
98,0.0,0.0,2.4949999,1.0,5.0,8,114.5440196251351,152.7561625283715,no pobre,basal,3,0.0,876.0,1.0,47.0,12,121,21652,4,1.0
97,0.0,0.0,2.4949999,1.0,2.0,8,114.5440196251351,152.7561625283715,no pobre,basal,3,0.0,876.0,1.0,47.0,8,121,21653,2,1.0
98,0.0,0.0,2.4949999,1.0,3.0,8,114.5440196251351,152.7561625283715,no pobre,basal,3,0.0,876.0,1.0,47.0,9,121,21653,2,1.0
97,1.0,0.0,2.4949999,1.0,0.0,8,114.5440196251351,152.7561625283715,no pobre,basal,3,0.0,876.0,1.0,47.0,6,121,21654,0,1.0
98,1.0,0.0,2.4949999,1.0,0.0,8,114.5440196251351,152.7561625283715,no pobre,basal,3,0.0,876.0,1.0,47.0,7,121,21654,0,1.0
97,0.0,0.0,2.4949999,0.0,6.0,14,114.5440196251351,152.7561625283715,pobre,basal,0,1200.0,772.5,1.0,59.0,16,121,21655,6,0.0
98,0.0,0.0,2.4949999,,,14,114.5440196251351,152.7561625283715,pobre,basal,0,1200.0,772.5,1.0,59.0,17,121,21655,6,0.0
97,0.0,0.0,2.4949999,1.0,5.0,14,114.5440196251351,152.7561625283715,pobre,basal,0,1200.0,772.5,1.0,59.0,12,121,21656,5,1.0
98,0.0,0.0,2.4949999,0.0,6.0,14,114.5440196251351,152.7561625283715,pobre,basal,0,1200.0,772.5,1.0,59.0,13,121,21656,5,1.0
97,1.0,0.0,2.4949999,1.0,2.0,14,114.5440196251351,152.7561625283715,pobre,basal,0,1200.0,772.5,1.0,59.0,8,121,21657,2,1.0
98,1.0,0.0,2.4949999,1.0,3.0,14,114.5440196251351,152.7561625283715,pobre,basal,0,1200.0,772.5,1.0,59.0,9,121,21657,2,1.0
97,0.0,0.0,2.4949999,1.0,2.0,14,114.5440196251351,152.7561625283715,pobre,basal,0,1200.0,772.5,1.0,59.0,9,121,21658,2,1.0
98,0.0,0.0,2.4949999,1.0,3.0,14,114.5440196251351,152.7561625283715,pobre,basal,0,1200.0,772.5,1.0,59.0,10,121,21658,2,1.0
97,1.0,0.0,2.4949999,1.0,1.0,14,114.5440196251351,152.7561625283715,pobre,basal,0,1200.0,772.5,1.0,59.0,7,121,21659,1,1.0
98,1.0,0.0,2.4949999,1.0,2.0,14,114.5440196251351,152.7561625283715,pobre,basal,0,1200.0,772.5,1.0,59.0,8,121,21659,1,1.0
97,1.0,0.0,2.4949999,0.0,7.0,6,114.5440196251351,152.7561625283715,pobre,basal,3,1400.0,695.0,1.0,39.0,13,121,21660,7,0.0
98,1.0,0.0,2.4949999,1.0,8.0,6,114.5440196251351,152.7561625283715,pobre,basal,3,1400.0,695.0,1.0,39.0,14,121,21660,7,0.0
97,0.0,0.0,2.4949999,1.0,0.0,6,114.5440196251351,152.7561625283715,pobre,basal,3,1400.0,695.0,1.0,39.0,6,121,21661,0,1.0
98,0.0,0.0,2.4949999,1.0,1.0,6,114.5440196251351,152.7561625283715,pobre,basal,3,1400.0,695.0,1.0,39.0,7,121,21661,0,1.0
97,0.0,0.0,2.4949999,0.0,9.0,6,114.5440196251351,152.7561625283715,pobre,basal,3,1400.0,695.0,1.0,39.0,15,121,21662,9,0.0
98,0.0,0.0,2.4949999,0.0,9.0,6,114.5440196251351,152.7561625283715,pobre,basal,3,1400.0,695.0,1.0,39.0,16,121,21662,9,0.0
97,1.0,0.0,2.4949999,1.0,6.0,11,114.5440196251351,152.7561625283715,pobre,basal,4,1250.0,770.25,1.0,39.0,16,121,21663,6,1.0
98,1.0,0.0,2.4949999,,,11,114.5440196251351,152.7561625283715,pobre,basal,4,1250.0,770.25,1.0,39.0,17,121,21663,6,1.0
97,0.0,0.0,2.4949999,1.0,6.0,11,114.5440196251351,152.7561625283715,pobre,basal,4,1250.0,770.25,1.0,39.0,15,121,21664,6,1.0
98,0.0,0.0,2.4949999,0.0,6.0,11,114.5440196251351,152.7561625283715,pobre,basal,4,1250.0,770.25,1.0,39.0,16,121,21664,6,1.0
97,0.0,0.0,2.4949999,1.0,6.0,11,114.5440196251351,152.7561625283715,pobre,basal,4,1250.0,770.25,1.0,39.0,13,121,21665,6,1.0
98,0.0,0.0,2.4949999,1.0,7.0,11,114.5440196251351,152.7561625283715,pobre,basal,4,1250.0,770.25,1.0,39.0,14,121,21665,6,1.0
97,1.0,0.0,2.4949999,1.0,5.0,11,114.5440196251351,152.7561625283715,pobre,basal,4,1250.0,770.25,1.0,39.0,11,121,21666,5,1.0
98,1.0,0.0,2.4949999,1.0,6.0,11,114.5440196251351,152.7561625283715,pobre,basal,4,1250.0,770.25,1.0,39.0,12,121,21666,5,1.0
97,1.0,0.0,2.4949999,1.0,3.0,11,114.5440196251351,152.7561625283715,pobre,basal,4,1250.0,770.25,1.0,39.0,9,121,21667,3,1.0
98,1.0,0.0,2.4949999,1.0,4.0,11,114.5440196251351,152.7561625283715,pobre,basal,4,1250.0,770.25,1.0,39.0,10,121,21667,3,1.0
97,0.0,0.0,2.4949999,0.0,6.0,15,114.5440196251351,152.7561625283715,pobre,basal,3,0.0,738.5,1.0,60.0,16,121,21668,6,0.0
98,0.0,0.0,2.4949999,,,15,114.5440196251351,152.7561625283715,pobre,basal,3,0.0,738.5,1.0,60.0,17,121,21668,6,0.0
97,0.0,0.0,2.4949999,0.0,6.0,15,114.5440196251351,152.7561625283715,pobre,basal,3,0.0,738.5,1.0,60.0,14,121,21669,6,0.0
98,0.0,0.0,2.4949999,0.0,6.0,15,114.5440196251351,152.7561625283715,pobre,basal,3,0.0,738.5,1.0,60.0,15,121,21669,6,0.0
97,0.0,0.0,2.4949999,1.0,3.0,15,114.5440196251351,152.7561625283715,pobre,basal,3,0.0,738.5,1.0,60.0,11,121,21670,3,1.0
98,0.0,0.0,2.4949999,1.0,4.0,15,114.5440196251351,152.7561625283715,pobre,basal,3,0.0,738.5,1.0,60.0,12,121,21670,3,1.0
97,0.0,0.0,2.4949999,1.0,4.0,15,114.5440196251351,152.7561625283715,pobre,basal,3,0.0,738.5,1.0,60.0,10,121,21671,4,1.0
98,0.0,0.0,2.4949999,1.0,5.0,15,114.5440196251351,152.7561625283715,pobre,basal,3,0.0,738.5,1.0,60.0,11,121,21671,4,1.0
97,1.0,0.0,2.4949999,1.0,2.0,15,114.5440196251351,152.7561625283715,pobre,basal,3,0.0,738.5,1.0,60.0,9,121,21672,2,1.0
98,1.0,0.0,2.4949999,1.0,3.0,15,114.5440196251351,152.7561625283715,pobre,basal,3,0.0,738.5,1.0,60.0,10,121,21672,2,1.0
97,0.0,0.0,2.4949999,1.0,0.0,15,114.5440196251351,152.7561625283715,pobre,basal,3,0.0,738.5,1.0,60.0,6,121,21673,0,1.0
98,0.0,0.0,2.4949999,1.0,1.0,15,114.5440196251351,152.7561625283715,pobre,basal,3,0.0,738.5,1.0,60.0,7,121,21673,0,1.0
97,0.0,0.0,2.4949999,1.0,1.0,9,114.5440196251351,152.7561625283715,no pobre,basal,3,6400.0,1147.75,1.0,45.0,6,121,21674,1,1.0
98,0.0,0.0,2.4949999,,,9,114.5440196251351,152.7561625283715,no pobre,basal,3,6400.0,1147.75,1.0,45.0,7,121,21674,1,1.0
97,1.0,0.0,2.4949999,1.0,4.0,5,114.5440196251351,152.7561625283715,no pobre,basal,3,0.0,911.0,1.0,33.0,10,121,21675,4,1.0
98,1.0,0.0,2.4949999,1.0,5.0,5,114.5440196251351,152.7561625283715,no pobre,basal,3,0.0,911.0,1.0,33.0,11,121,21675,4,1.0
97,0.0,0.0,2.4949999,1.0,2.0,5,114.5440196251351,152.7561625283715,no pobre,basal,3,0.0,911.0,1.0,33.0,8,121,21676,2,1.0
98,0.0,0.0,2.4949999,1.0,3.0,5,114.5440196251351,152.7561625283715,no pobre,basal,3,0.0,911.0,1.0,33.0,9,121,21676,2,1.0
97,1.0,0.0,2.4949999,0.0,9.0,7,114.5440196251351,152.7561625283715,pobre,basal,6,0.0,586.0,0.0,42.0,15,121,21677,9,0.0
98,1.0,0.0,2.4949999,1.0,9.0,7,114.5440196251351,152.7561625283715,pobre,basal,6,0.0,586.0,0.0,42.0,16,121,21677,9,0.0
97,0.0,0.0,2.4949999,1.0,5.0,7,114.5440196251351,152.7561625283715,pobre,basal,6,0.0,586.0,0.0,42.0,11,121,21678,5,1.0
98,0.0,0.0,2.4949999,0.0,6.0,7,114.5440196251351,152.7561625283715,pobre,basal,6,0.0,586.0,0.0,42.0,12,121,21678,5,1.0
97,0.0,0.0,2.4949999,1.0,2.0,7,114.5440196251351,152.7561625283715,pobre,basal,6,0.0,586.0,0.0,42.0,9,121,21679,2,1.0
98,0.0,0.0,2.4949999,1.0,3.0,7,114.5440196251351,152.7561625283715,pobre,basal,6,0.0,586.0,0.0,42.0,10,121,21679,2,1.0
97,0.0,0.0,2.4949999,1.0,1.0,7,114.5440196251351,152.7561625283715,pobre,basal,6,0.0,586.0,0.0,42.0,7,121,21680,1,1.0
98,0.0,0.0,2.4949999,1.0,2.0,7,114.5440196251351,152.7561625283715,pobre,basal,6,0.0,586.0,0.0,42.0,8,121,21680,1,1.0
97,0.0,1.0,7.0570002,0.0,6.0,11,98.77386102977512,152.1202005712543,pobre,basal,4,1080.0,805.5,1.0,43.0,14,123,21681,6,0.0
98,0.0,1.0,7.0570002,,,11,98.77386102977512,152.1202005712543,pobre,basal,4,1080.0,805.5,1.0,43.0,15,123,21681,6,0.0
97,0.0,1.0,7.0570002,0.0,6.0,11,98.77386102977512,152.1202005712543,pobre,basal,4,1080.0,805.5,1.0,43.0,12,123,21682,6,0.0
98,0.0,1.0,7.0570002,,,11,98.77386102977512,152.1202005712543,pobre,basal,4,1080.0,805.5,1.0,43.0,13,123,21682,6,0.0
97,1.0,1.0,7.0570002,1.0,4.0,11,98.77386102977512,152.1202005712543,pobre,basal,4,1080.0,805.5,1.0,43.0,10,123,21683,4,1.0
98,1.0,1.0,7.0570002,,,11,98.77386102977512,152.1202005712543,pobre,basal,4,1080.0,805.5,1.0,43.0,11,123,21683,4,1.0
97,0.0,1.0,7.0570002,1.0,1.0,11,98.77386102977512,152.1202005712543,pobre,basal,4,1080.0,805.5,1.0,43.0,6,123,21684,1,1.0
98,0.0,1.0,7.0570002,,,11,98.77386102977512,152.1202005712543,pobre,basal,4,1080.0,805.5,1.0,43.0,7,123,21684,1,1.0
97,0.0,1.0,7.0570002,1.0,3.0,5,98.77386102977512,152.1202005712543,pobre,basal,1,0.0,634.0,0.0,66.0,11,123,21685,3,1.0
98,0.0,1.0,7.0570002,,,5,98.77386102977512,152.1202005712543,pobre,basal,1,0.0,634.0,0.0,66.0,12,123,21685,3,1.0
97,1.0,1.0,7.0570002,1.0,2.0,5,98.77386102977512,152.1202005712543,pobre,basal,1,0.0,634.0,0.0,66.0,8,123,21686,2,1.0
98,1.0,1.0,7.0570002,,,5,98.77386102977512,152.1202005712543,pobre,basal,1,0.0,634.0,0.0,66.0,9,123,21686,2,1.0
97,0.0,1.0,7.0570002,1.0,0.0,5,98.77386102977512,152.1202005712543,pobre,basal,1,0.0,634.0,0.0,66.0,6,123,21687,0,1.0
98,0.0,1.0,7.0570002,,,5,98.77386102977512,152.1202005712543,pobre,basal,1,0.0,634.0,0.0,66.0,7,123,21687,0,1.0
97,0.0,0.0,7.0570002,1.0,5.0,2,98.77386102977512,152.1202005712543,pobre,basal,0,250.0,727.0,1.0,64.0,13,123,21688,5,1.0
98,0.0,0.0,7.0570002,0.0,6.0,2,98.77386102977512,152.1202005712543,pobre,basal,0,250.0,727.0,1.0,64.0,14,123,21688,5,1.0
97,0.0,1.0,2.734,1.0,5.0,4,150.8561785980757,280.2393910837059,pobre,0,2,500.0,753.0,1.0,67.0,11,429,21689,5,1.0
98,0.0,1.0,2.734,1.0,6.0,4,150.8561785980757,280.2393910837059,pobre,0,2,500.0,753.0,1.0,67.0,12,429,21689,5,1.0
97,0.0,0.0,2.826,0.0,6.0,9,78.51112809023495,107.0602181002804,no pobre,0,1,1000.0,697.0,1.0,43.0,16,267,21690,6,0.0
98,0.0,0.0,2.826,0.0,6.0,9,78.51112809023495,107.0602181002804,no pobre,0,1,1000.0,697.0,1.0,43.0,17,267,21690,6,0.0
97,0.0,0.0,2.826,0.0,6.0,9,78.51112809023495,107.0602181002804,no pobre,0,1,1000.0,697.0,1.0,43.0,12,267,21691,6,0.0
98,0.0,0.0,2.826,0.0,6.0,9,78.51112809023495,107.0602181002804,no pobre,0,1,1000.0,697.0,1.0,43.0,13,267,21691,6,0.0
97,0.0,0.0,2.826,1.0,2.0,9,78.51112809023495,107.0602181002804,no pobre,0,1,1000.0,697.0,1.0,43.0,8,267,21692,2,1.0
98,0.0,0.0,2.826,1.0,3.0,9,78.51112809023495,107.0602181002804,no pobre,0,1,1000.0,697.0,1.0,43.0,9,267,21692,2,1.0
97,1.0,0.0,2.826,1.0,0.0,6,78.51112809023495,107.0602181002804,no pobre,0,2,500.0,1021.0,1.0,51.0,6,267,21693,0,1.0
98,1.0,0.0,2.826,1.0,1.0,6,78.51112809023495,107.0602181002804,no pobre,0,2,500.0,1021.0,1.0,51.0,7,267,21693,0,1.0
97,0.0,0.0,2.826,0.0,6.0,11,78.51112809023495,107.0602181002804,no pobre,0,3,500.0,659.0,1.0,32.0,15,267,21694,6,0.0
98,0.0,0.0,2.826,0.0,6.0,11,78.51112809023495,107.0602181002804,no pobre,0,3,500.0,659.0,1.0,32.0,16,267,21694,6,0.0
97,0.0,0.0,2.826,0.0,6.0,11,78.51112809023495,107.0602181002804,no pobre,0,3,500.0,659.0,1.0,32.0,13,267,21695,6,0.0
98,0.0,0.0,2.826,0.0,6.0,11,78.51112809023495,107.0602181002804,no pobre,0,3,500.0,659.0,1.0,32.0,14,267,21695,6,0.0
97,1.0,0.0,2.826,1.0,5.0,11,78.51112809023495,107.0602181002804,no pobre,0,3,500.0,659.0,1.0,32.0,11,267,21696,5,1.0
98,1.0,0.0,2.826,0.0,6.0,11,78.51112809023495,107.0602181002804,no pobre,0,3,500.0,659.0,1.0,32.0,12,267,21696,5,1.0
97,0.0,0.0,2.826,1.0,3.0,11,78.51112809023495,107.0602181002804,no pobre,0,3,500.0,659.0,1.0,32.0,9,267,21697,3,1.0
98,0.0,0.0,2.826,1.0,4.0,11,78.51112809023495,107.0602181002804,no pobre,0,3,500.0,659.0,1.0,32.0,10,267,21697,3,1.0
97,1.0,0.0,2.826,1.0,1.0,11,78.51112809023495,107.0602181002804,no pobre,0,3,500.0,659.0,1.0,32.0,7,267,21698,1,1.0
98,1.0,0.0,2.826,1.0,2.0,11,78.51112809023495,107.0602181002804,no pobre,0,3,500.0,659.0,1.0,32.0,8,267,21698,1,1.0
97,0.0,0.0,2.826,0.0,6.0,2,78.51112809023495,107.0602181002804,pobre,0,3,625.0,785.0,1.0,21.0,15,267,21699,6,0.0
98,0.0,0.0,2.826,0.0,6.0,2,78.51112809023495,107.0602181002804,pobre,0,3,625.0,785.0,1.0,21.0,16,267,21699,6,0.0
97,0.0,0.0,2.826,1.0,3.0,4,78.51112809023495,107.0602181002804,pobre,0,2,375.0,651.0,0.0,28.0,9,267,21700,3,1.0
98,0.0,0.0,2.826,1.0,4.0,4,78.51112809023495,107.0602181002804,pobre,0,2,375.0,651.0,0.0,28.0,10,267,21700,3,1.0
97,0.0,0.0,2.826,1.0,5.0,7,78.51112809023495,107.0602181002804,no pobre,0,6,625.0,849.0,1.0,25.0,12,267,21701,5,1.0
98,0.0,0.0,2.826,,,7,78.51112809023495,107.0602181002804,no pobre,0,6,625.0,849.0,1.0,25.0,13,267,21701,5,1.0
97,1.0,0.0,2.826,1.0,4.0,7,78.51112809023495,107.0602181002804,no pobre,0,6,625.0,849.0,1.0,25.0,10,267,21702,4,1.0
98,1.0,0.0,2.826,,,7,78.51112809023495,107.0602181002804,no pobre,0,6,625.0,849.0,1.0,25.0,11,267,21702,4,1.0
97,1.0,0.0,2.826,1.0,2.0,7,78.51112809023495,107.0602181002804,no pobre,0,6,625.0,849.0,1.0,25.0,7,267,21703,2,1.0
98,1.0,0.0,2.826,,,7,78.51112809023495,107.0602181002804,no pobre,0,6,625.0,849.0,1.0,25.0,8,267,21703,2,1.0
97,0.0,0.0,2.826,1.0,0.0,7,78.51112809023495,107.0602181002804,no pobre,0,6,625.0,849.0,1.0,25.0,6,267,21704,0,1.0
98,0.0,0.0,2.826,,,7,78.51112809023495,107.0602181002804,no pobre,0,6,625.0,849.0,1.0,25.0,7,267,21704,0,1.0
97,0.0,0.0,2.826,1.0,3.0,6,78.51112809023495,107.0602181002804,no pobre,0,0,500.0,784.0,1.0,31.0,9,267,21705,3,1.0
98,0.0,0.0,2.826,1.0,4.0,6,78.51112809023495,107.0602181002804,no pobre,0,0,500.0,784.0,1.0,31.0,10,267,21705,3,1.0
97,1.0,0.0,2.826,,4.0,7,78.51112809023495,107.0602181002804,pobre,0,0,500.0,769.5,1.0,36.0,16,267,21706,4,
98,1.0,0.0,2.826,,,7,78.51112809023495,107.0602181002804,pobre,0,0,500.0,769.5,1.0,36.0,17,267,21706,4,
97,1.0,0.0,2.826,,0.0,7,78.51112809023495,107.0602181002804,pobre,0,0,500.0,769.5,1.0,36.0,15,267,21707,0,
98,1.0,0.0,2.826,0.0,6.0,7,78.51112809023495,107.0602181002804,pobre,0,0,500.0,769.5,1.0,36.0,16,267,21707,0,
97,1.0,0.0,2.826,0.0,6.0,9,78.51112809023495,107.0602181002804,no pobre,0,3,500.0,890.0,1.0,50.0,16,267,21708,6,0.0
98,1.0,0.0,2.826,0.0,6.0,9,78.51112809023495,107.0602181002804,no pobre,0,3,500.0,890.0,1.0,50.0,17,267,21708,6,0.0
97,0.0,0.0,2.826,0.0,6.0,9,78.51112809023495,107.0602181002804,no pobre,0,3,500.0,890.0,1.0,50.0,13,267,21709,6,0.0
98,0.0,0.0,2.826,0.0,6.0,9,78.51112809023495,107.0602181002804,no pobre,0,3,500.0,890.0,1.0,50.0,14,267,21709,6,0.0
97,0.0,0.0,2.826,1.0,5.0,9,78.51112809023495,107.0602181002804,no pobre,0,3,500.0,890.0,1.0,50.0,11,267,21710,5,1.0
98,0.0,0.0,2.826,0.0,6.0,9,78.51112809023495,107.0602181002804,no pobre,0,3,500.0,890.0,1.0,50.0,12,267,21710,5,1.0
97,0.0,0.0,2.826,1.0,3.0,9,78.51112809023495,107.0602181002804,no pobre,0,3,500.0,890.0,1.0,50.0,9,267,21711,3,1.0
98,0.0,0.0,2.826,1.0,4.0,9,78.51112809023495,107.0602181002804,no pobre,0,3,500.0,890.0,1.0,50.0,10,267,21711,3,1.0
97,1.0,0.0,2.826,1.0,3.0,9,78.51112809023495,107.0602181002804,no pobre,0,3,500.0,890.0,1.0,50.0,9,267,21712,3,1.0
98,1.0,0.0,2.826,1.0,4.0,9,78.51112809023495,107.0602181002804,no pobre,0,3,500.0,890.0,1.0,50.0,10,267,21712,3,1.0
97,0.0,0.0,2.826,0.0,6.0,4,78.51112809023495,107.0602181002804,pobre,0,0,0.0,700.0,1.0,57.0,16,267,21713,6,0.0
98,0.0,0.0,2.826,0.0,6.0,4,78.51112809023495,107.0602181002804,pobre,0,0,0.0,700.0,1.0,57.0,17,267,21713,6,0.0
97,0.0,0.0,2.826,1.0,4.0,4,78.51112809023495,107.0602181002804,pobre,0,0,0.0,700.0,1.0,57.0,11,267,21714,4,1.0
98,0.0,0.0,2.826,,,4,78.51112809023495,107.0602181002804,pobre,0,0,0.0,700.0,1.0,57.0,12,267,21714,4,1.0
97,1.0,0.0,2.826,0.0,6.0,10,78.51112809023495,107.0602181002804,pobre,0,0,500.0,589.5,1.0,39.0,14,267,21715,6,0.0
98,1.0,0.0,2.826,1.0,6.0,10,78.51112809023495,107.0602181002804,pobre,0,0,500.0,589.5,1.0,39.0,15,267,21715,6,0.0
97,1.0,0.0,2.826,1.0,5.0,10,78.51112809023495,107.0602181002804,pobre,0,0,500.0,589.5,1.0,39.0,12,267,21716,5,1.0
98,1.0,0.0,2.826,1.0,6.0,10,78.51112809023495,107.0602181002804,pobre,0,0,500.0,589.5,1.0,39.0,13,267,21716,5,1.0
97,1.0,0.0,2.826,1.0,5.0,10,78.51112809023495,107.0602181002804,pobre,0,0,500.0,589.5,1.0,39.0,11,267,21717,5,1.0
98,1.0,0.0,2.826,0.0,6.0,10,78.51112809023495,107.0602181002804,pobre,0,0,500.0,589.5,1.0,39.0,12,267,21717,5,1.0
97,1.0,0.0,2.826,1.0,2.0,10,78.51112809023495,107.0602181002804,pobre,0,0,500.0,589.5,1.0,39.0,9,267,21718,2,1.0
98,1.0,0.0,2.826,0.0,3.0,10,78.51112809023495,107.0602181002804,pobre,0,0,500.0,589.5,1.0,39.0,10,267,21718,2,1.0
97,0.0,0.0,2.826,1.0,1.0,10,78.51112809023495,107.0602181002804,pobre,0,0,500.0,589.5,1.0,39.0,8,267,21719,1,1.0
98,0.0,0.0,2.826,1.0,2.0,10,78.51112809023495,107.0602181002804,pobre,0,0,500.0,589.5,1.0,39.0,9,267,21719,1,1.0
97,0.0,0.0,2.826,1.0,1.0,10,78.51112809023495,107.0602181002804,pobre,0,0,500.0,589.5,1.0,39.0,7,267,21720,1,1.0
98,0.0,0.0,2.826,1.0,1.0,10,78.51112809023495,107.0602181002804,pobre,0,0,500.0,589.5,1.0,39.0,8,267,21720,1,1.0
97,1.0,0.0,2.826,1.0,2.0,4,78.51112809023495,107.0602181002804,pobre,0,2,500.0,720.0,1.0,27.0,7,267,21721,2,1.0
98,1.0,0.0,2.826,1.0,2.0,4,78.51112809023495,107.0602181002804,pobre,0,2,500.0,720.0,1.0,27.0,8,267,21721,2,1.0
97,1.0,0.0,2.826,1.0,5.0,6,78.51112809023495,107.0602181002804,no pobre,0,2,500.0,883.0,1.0,39.0,10,267,21722,5,1.0
98,1.0,0.0,2.826,1.0,5.0,6,78.51112809023495,107.0602181002804,no pobre,0,2,500.0,883.0,1.0,39.0,11,267,21722,5,1.0
97,1.0,0.0,2.826,1.0,4.0,6,78.51112809023495,107.0602181002804,no pobre,0,2,500.0,883.0,1.0,39.0,9,267,21723,4,1.0
98,1.0,0.0,2.826,1.0,4.0,6,78.51112809023495,107.0602181002804,no pobre,0,2,500.0,883.0,1.0,39.0,10,267,21723,4,1.0
97,0.0,0.0,2.826,1.0,2.0,6,78.51112809023495,107.0602181002804,no pobre,0,2,500.0,883.0,1.0,39.0,8,267,21724,2,1.0
98,0.0,0.0,2.826,1.0,2.0,6,78.51112809023495,107.0602181002804,no pobre,0,2,500.0,883.0,1.0,39.0,9,267,21724,2,1.0
97,1.0,0.0,2.826,1.0,6.0,8,78.51112809023495,107.0602181002804,pobre,0,2,400.0,739.64001,1.0,44.0,12,267,21725,6,1.0
98,1.0,0.0,2.826,0.0,6.0,8,78.51112809023495,107.0602181002804,pobre,0,2,400.0,739.64001,1.0,44.0,13,267,21725,6,1.0
97,1.0,0.0,2.826,1.0,4.0,8,78.51112809023495,107.0602181002804,pobre,0,2,400.0,739.64001,1.0,44.0,9,267,21726,4,1.0
98,1.0,0.0,2.826,1.0,4.0,8,78.51112809023495,107.0602181002804,pobre,0,2,400.0,739.64001,1.0,44.0,10,267,21726,4,1.0
97,0.0,0.0,2.826,0.0,7.0,9,78.51112809023495,107.0602181002804,no pobre,0,0,0.0,855.5,0.0,78.0,13,267,21727,7,0.0
98,0.0,0.0,2.826,0.0,7.0,9,78.51112809023495,107.0602181002804,no pobre,0,0,0.0,855.5,0.0,78.0,14,267,21727,7,0.0
97,0.0,0.0,2.826,1.0,6.0,9,78.51112809023495,107.0602181002804,no pobre,0,0,0.0,855.5,0.0,78.0,11,267,21728,6,1.0
98,0.0,0.0,2.826,0.0,6.0,9,78.51112809023495,107.0602181002804,no pobre,0,0,0.0,855.5,0.0,78.0,12,267,21728,6,1.0
97,0.0,0.0,2.826,1.0,5.0,9,78.51112809023495,107.0602181002804,no pobre,0,0,0.0,855.5,0.0,78.0,10,267,21729,5,1.0
98,0.0,0.0,2.826,,,9,78.51112809023495,107.0602181002804,no pobre,0,0,0.0,855.5,0.0,78.0,11,267,21729,5,1.0
97,0.0,0.0,2.826,1.0,3.0,9,78.51112809023495,107.0602181002804,no pobre,0,0,0.0,855.5,0.0,78.0,8,267,21730,3,1.0
98,0.0,0.0,2.826,,,9,78.51112809023495,107.0602181002804,no pobre,0,0,0.0,855.5,0.0,78.0,9,267,21730,3,1.0
97,1.0,0.0,5.1719999,0.0,6.0,9,101.6961656792441,359.7744566831046,pobre,0,0,375.0,678.0,1.0,59.0,14,488,21731,6,0.0
98,1.0,0.0,5.1719999,0.0,6.0,9,101.6961656792441,359.7744566831046,pobre,0,0,375.0,678.0,1.0,59.0,15,488,21731,6,0.0
97,0.0,0.0,5.1719999,1.0,5.0,9,101.6961656792441,359.7744566831046,pobre,0,0,375.0,678.0,1.0,59.0,11,488,21732,5,1.0
98,0.0,0.0,5.1719999,0.0,6.0,9,101.6961656792441,359.7744566831046,pobre,0,0,375.0,678.0,1.0,59.0,12,488,21732,5,1.0
97,1.0,0.0,5.1719999,1.0,1.0,9,101.6961656792441,359.7744566831046,pobre,0,0,375.0,678.0,1.0,59.0,9,488,21733,1,1.0
98,1.0,0.0,5.1719999,1.0,2.0,9,101.6961656792441,359.7744566831046,pobre,0,0,375.0,678.0,1.0,59.0,10,488,21733,1,1.0
97,1.0,0.0,5.1719999,,0.0,9,101.6961656792441,359.7744566831046,pobre,0,0,375.0,678.0,1.0,59.0,6,488,21734,0,
98,1.0,0.0,5.1719999,,,9,101.6961656792441,359.7744566831046,pobre,0,0,375.0,678.0,1.0,59.0,7,488,21734,0,
97,0.0,0.0,2.826,0.0,6.0,7,78.51112809023495,107.0602181002804,no pobre,0,0,500.0,841.0,1.0,64.0,16,267,21735,6,0.0
98,0.0,0.0,2.826,0.0,6.0,7,78.51112809023495,107.0602181002804,no pobre,0,0,500.0,841.0,1.0,64.0,17,267,21735,6,0.0
97,1.0,0.0,2.826,1.0,6.0,8,78.51112809023495,107.0602181002804,pobre,0,3,500.0,696.0,1.0,42.0,11,267,21736,6,1.0
98,1.0,0.0,2.826,0.0,6.0,8,78.51112809023495,107.0602181002804,pobre,0,3,500.0,696.0,1.0,42.0,12,267,21736,6,1.0
97,0.0,0.0,2.826,1.0,4.0,8,78.51112809023495,107.0602181002804,pobre,0,3,500.0,696.0,1.0,42.0,9,267,21737,4,1.0
98,0.0,0.0,2.826,1.0,5.0,8,78.51112809023495,107.0602181002804,pobre,0,3,500.0,696.0,1.0,42.0,10,267,21737,4,1.0
97,1.0,0.0,2.826,1.0,2.0,8,78.51112809023495,107.0602181002804,pobre,0,3,500.0,696.0,1.0,42.0,7,267,21738,2,1.0
98,1.0,0.0,2.826,1.0,3.0,8,78.51112809023495,107.0602181002804,pobre,0,3,500.0,696.0,1.0,42.0,8,267,21738,2,1.0
97,1.0,0.0,2.826,0.0,6.0,6,78.51112809023495,107.0602181002804,pobre,0,0,500.0,800.0,1.0,52.0,15,267,21739,6,0.0
98,1.0,0.0,2.826,0.0,6.0,6,78.51112809023495,107.0602181002804,pobre,0,0,500.0,800.0,1.0,52.0,16,267,21739,6,0.0
97,1.0,0.0,2.826,1.0,5.0,6,78.51112809023495,107.0602181002804,pobre,0,0,500.0,800.0,1.0,52.0,12,267,21740,5,1.0
98,1.0,0.0,2.826,0.0,6.0,6,78.51112809023495,107.0602181002804,pobre,0,0,500.0,800.0,1.0,52.0,13,267,21740,5,1.0
97,1.0,0.0,2.826,0.0,6.0,8,78.51112809023495,107.0602181002804,pobre,0,3,625.0,723.0,1.0,37.0,15,267,21741,6,0.0
98,1.0,0.0,2.826,0.0,6.0,8,78.51112809023495,107.0602181002804,pobre,0,3,625.0,723.0,1.0,37.0,16,267,21741,6,0.0
97,0.0,0.0,2.826,0.0,6.0,8,78.51112809023495,107.0602181002804,pobre,0,3,625.0,723.0,1.0,37.0,13,267,21742,6,0.0
98,0.0,0.0,2.826,0.0,6.0,8,78.51112809023495,107.0602181002804,pobre,0,3,625.0,723.0,1.0,37.0,14,267,21742,6,0.0
97,1.0,0.0,2.826,1.0,4.0,8,78.51112809023495,107.0602181002804,pobre,0,3,625.0,723.0,1.0,37.0,10,267,21743,4,1.0
98,1.0,0.0,2.826,1.0,5.0,8,78.51112809023495,107.0602181002804,pobre,0,3,625.0,723.0,1.0,37.0,11,267,21743,4,1.0
97,1.0,0.0,2.826,1.0,2.0,8,78.51112809023495,107.0602181002804,pobre,0,3,625.0,723.0,1.0,37.0,9,267,21744,2,1.0
98,1.0,0.0,2.826,1.0,3.0,8,78.51112809023495,107.0602181002804,pobre,0,3,625.0,723.0,1.0,37.0,10,267,21744,2,1.0
97,1.0,0.0,2.826,0.0,2.0,8,78.51112809023495,107.0602181002804,pobre,0,2,500.0,625.0,0.0,30.0,13,267,21745,2,0.0
98,1.0,0.0,2.826,0.0,2.0,8,78.51112809023495,107.0602181002804,pobre,0,2,500.0,625.0,0.0,30.0,14,267,21745,2,0.0
97,1.0,0.0,2.826,1.0,4.0,8,78.51112809023495,107.0602181002804,pobre,0,2,500.0,625.0,0.0,30.0,10,267,21746,4,1.0
98,1.0,0.0,2.826,1.0,5.0,8,78.51112809023495,107.0602181002804,pobre,0,2,500.0,625.0,0.0,30.0,11,267,21746,4,1.0
97,0.0,0.0,2.826,1.0,4.0,8,78.51112809023495,107.0602181002804,pobre,0,2,500.0,625.0,0.0,30.0,9,267,21747,4,1.0
98,0.0,0.0,2.826,1.0,4.0,8,78.51112809023495,107.0602181002804,pobre,0,2,500.0,625.0,0.0,30.0,10,267,21747,4,1.0
97,0.0,0.0,2.826,1.0,2.0,8,78.51112809023495,107.0602181002804,pobre,0,2,500.0,625.0,0.0,30.0,8,267,21748,2,1.0
98,0.0,0.0,2.826,1.0,2.0,8,78.51112809023495,107.0602181002804,pobre,0,2,500.0,625.0,0.0,30.0,9,267,21748,2,1.0
97,0.0,0.0,2.826,0.0,6.0,9,78.51112809023495,107.0602181002804,pobre,0,0,500.0,493.0,1.0,34.0,15,267,21749,6,0.0
98,0.0,0.0,2.826,0.0,6.0,9,78.51112809023495,107.0602181002804,pobre,0,0,500.0,493.0,1.0,34.0,16,267,21749,6,0.0
97,0.0,0.0,2.826,0.0,6.0,9,78.51112809023495,107.0602181002804,pobre,0,0,500.0,493.0,1.0,34.0,13,267,21750,6,0.0
98,0.0,0.0,2.826,0.0,6.0,9,78.51112809023495,107.0602181002804,pobre,0,0,500.0,493.0,1.0,34.0,14,267,21750,6,0.0
97,1.0,0.0,2.826,1.0,5.0,9,78.51112809023495,107.0602181002804,pobre,0,0,500.0,493.0,1.0,34.0,12,267,21751,5,1.0
98,1.0,0.0,2.826,0.0,6.0,9,78.51112809023495,107.0602181002804,pobre,0,0,500.0,493.0,1.0,34.0,13,267,21751,5,1.0
97,0.0,0.0,2.826,1.0,3.0,9,78.51112809023495,107.0602181002804,pobre,0,0,500.0,493.0,1.0,34.0,10,267,21752,3,1.0
98,0.0,0.0,2.826,1.0,4.0,9,78.51112809023495,107.0602181002804,pobre,0,0,500.0,493.0,1.0,34.0,11,267,21752,3,1.0
97,0.0,0.0,2.826,1.0,1.0,9,78.51112809023495,107.0602181002804,pobre,0,0,500.0,493.0,1.0,34.0,8,267,21753,1,1.0
98,0.0,0.0,2.826,1.0,2.0,9,78.51112809023495,107.0602181002804,pobre,0,0,500.0,493.0,1.0,34.0,9,267,21753,1,1.0
97,1.0,0.0,2.826,1.0,0.0,9,78.51112809023495,107.0602181002804,pobre,0,0,500.0,493.0,1.0,34.0,6,267,21754,0,1.0
98,1.0,0.0,2.826,1.0,1.0,9,78.51112809023495,107.0602181002804,pobre,0,0,500.0,493.0,1.0,34.0,7,267,21754,0,1.0
97,1.0,0.0,2.826,1.0,0.0,9,78.51112809023495,107.0602181002804,pobre,0,0,500.0,493.0,1.0,34.0,6,267,21755,0,1.0
98,1.0,0.0,2.826,1.0,0.0,9,78.51112809023495,107.0602181002804,pobre,0,0,500.0,493.0,1.0,34.0,7,267,21755,0,1.0
97,0.0,0.0,2.826,1.0,4.0,8,78.51112809023495,107.0602181002804,pobre,0,4,800.0,728.0,1.0,33.0,10,267,21756,4,1.0
98,0.0,0.0,2.826,1.0,5.0,8,78.51112809023495,107.0602181002804,pobre,0,4,800.0,728.0,1.0,33.0,11,267,21756,4,1.0
97,0.0,0.0,2.826,1.0,2.0,8,78.51112809023495,107.0602181002804,pobre,0,4,800.0,728.0,1.0,33.0,8,267,21757,2,1.0
98,0.0,0.0,2.826,1.0,3.0,8,78.51112809023495,107.0602181002804,pobre,0,4,800.0,728.0,1.0,33.0,9,267,21757,2,1.0
97,1.0,0.0,2.826,1.0,0.0,8,78.51112809023495,107.0602181002804,pobre,0,4,800.0,728.0,1.0,33.0,6,267,21758,0,1.0
98,1.0,0.0,2.826,1.0,1.0,8,78.51112809023495,107.0602181002804,pobre,0,4,800.0,728.0,1.0,33.0,7,267,21758,0,1.0
97,0.0,0.0,2.826,1.0,1.0,6,78.51112809023495,107.0602181002804,pobre,0,4,600.0,612.0,1.0,30.0,7,267,21759,1,1.0
98,0.0,0.0,2.826,1.0,2.0,6,78.51112809023495,107.0602181002804,pobre,0,4,600.0,612.0,1.0,30.0,8,267,21759,1,1.0
97,0.0,0.0,2.826,0.0,4.0,6,78.51112809023495,107.0602181002804,pobre,0,3,500.0,778.0,1.0,47.0,15,267,21760,4,0.0
98,0.0,0.0,2.826,,,6,78.51112809023495,107.0602181002804,pobre,0,3,500.0,778.0,1.0,47.0,16,267,21760,4,0.0
97,0.0,0.0,2.826,0.0,6.0,6,78.51112809023495,107.0602181002804,pobre,0,3,500.0,778.0,1.0,47.0,13,267,21761,6,0.0
98,0.0,0.0,2.826,0.0,6.0,6,78.51112809023495,107.0602181002804,pobre,0,3,500.0,778.0,1.0,47.0,14,267,21761,6,0.0
97,1.0,0.0,2.826,1.0,0.0,6,78.51112809023495,107.0602181002804,pobre,0,3,500.0,778.0,1.0,47.0,11,267,21762,0,1.0
98,1.0,0.0,2.826,1.0,4.0,6,78.51112809023495,107.0602181002804,pobre,0,3,500.0,778.0,1.0,47.0,12,267,21762,0,1.0
97,1.0,0.0,5.1719999,1.0,8.0,7,101.6961656792441,359.7744566831046,pobre,0,2,500.0,683.0,1.0,56.0,15,488,21763,8,1.0
98,1.0,0.0,5.1719999,0.0,9.0,7,101.6961656792441,359.7744566831046,pobre,0,2,500.0,683.0,1.0,56.0,16,488,21763,8,1.0
97,0.0,0.0,5.1719999,0.0,6.0,7,101.6961656792441,359.7744566831046,pobre,0,2,500.0,683.0,1.0,56.0,13,488,21764,6,0.0
98,0.0,0.0,5.1719999,0.0,6.0,7,101.6961656792441,359.7744566831046,pobre,0,2,500.0,683.0,1.0,56.0,14,488,21764,6,0.0
97,0.0,0.0,5.1719999,1.0,3.0,7,101.6961656792441,359.7744566831046,pobre,0,2,500.0,683.0,1.0,56.0,11,488,21765,3,1.0
98,0.0,0.0,5.1719999,1.0,4.0,7,101.6961656792441,359.7744566831046,pobre,0,2,500.0,683.0,1.0,56.0,12,488,21765,3,1.0
97,1.0,0.0,2.826,0.0,6.0,6,78.51112809023495,107.0602181002804,pobre,0,0,500.0,735.0,1.0,55.0,14,267,21766,6,0.0
98,1.0,0.0,2.826,0.0,6.0,6,78.51112809023495,107.0602181002804,pobre,0,0,500.0,735.0,1.0,55.0,15,267,21766,6,0.0
97,0.0,0.0,2.826,1.0,6.0,6,78.51112809023495,107.0602181002804,pobre,0,0,500.0,735.0,1.0,55.0,13,267,21767,6,1.0
98,0.0,0.0,2.826,1.0,7.0,6,78.51112809023495,107.0602181002804,pobre,0,0,500.0,735.0,1.0,55.0,14,267,21767,6,1.0
97,0.0,0.0,2.826,1.0,2.0,6,78.51112809023495,107.0602181002804,pobre,0,0,500.0,735.0,1.0,55.0,9,267,21768,2,1.0
98,0.0,0.0,2.826,1.0,3.0,6,78.51112809023495,107.0602181002804,pobre,0,0,500.0,735.0,1.0,55.0,10,267,21768,2,1.0
97,1.0,0.0,2.826,0.0,6.0,4,78.51112809023495,107.0602181002804,pobre,0,0,500.0,748.0,1.0,57.0,12,267,21769,6,0.0
98,1.0,0.0,2.826,0.0,6.0,4,78.51112809023495,107.0602181002804,pobre,0,0,500.0,748.0,1.0,57.0,13,267,21769,6,0.0
97,1.0,0.0,2.826,1.0,4.0,9,78.51112809023495,107.0602181002804,no pobre,0,1,500.0,1194.25,1.0,62.0,11,267,21770,4,1.0
98,1.0,0.0,2.826,1.0,5.0,9,78.51112809023495,107.0602181002804,no pobre,0,1,500.0,1194.25,1.0,62.0,12,267,21770,4,1.0
97,1.0,0.0,2.826,1.0,2.0,5,78.51112809023495,107.0602181002804,pobre,0,6,750.0,695.0,1.0,32.0,9,267,21771,2,1.0
98,1.0,0.0,2.826,1.0,3.0,5,78.51112809023495,107.0602181002804,pobre,0,6,750.0,695.0,1.0,32.0,10,267,21771,2,1.0
97,0.0,0.0,2.826,1.0,1.0,5,78.51112809023495,107.0602181002804,pobre,0,6,750.0,695.0,1.0,32.0,7,267,21772,1,1.0
98,0.0,0.0,2.826,1.0,2.0,5,78.51112809023495,107.0602181002804,pobre,0,6,750.0,695.0,1.0,32.0,8,267,21772,1,1.0
97,1.0,0.0,2.826,1.0,3.0,17,78.51112809023495,107.0602181002804,pobre,0,2,500.0,684.25,1.0,53.0,8,267,21773,3,1.0
98,1.0,0.0,2.826,,,17,78.51112809023495,107.0602181002804,pobre,0,2,500.0,684.25,1.0,53.0,9,267,21773,3,1.0
97,1.0,0.0,2.826,1.0,0.0,17,78.51112809023495,107.0602181002804,pobre,0,2,500.0,684.25,1.0,53.0,6,267,21774,0,1.0
98,1.0,0.0,2.826,,,17,78.51112809023495,107.0602181002804,pobre,0,2,500.0,684.25,1.0,53.0,7,267,21774,0,1.0
97,0.0,0.0,2.826,1.0,2.0,17,78.51112809023495,107.0602181002804,pobre,0,2,500.0,684.25,1.0,53.0,11,267,21775,2,1.0
98,0.0,0.0,2.826,0.0,6.0,17,78.51112809023495,107.0602181002804,pobre,0,2,500.0,684.25,1.0,53.0,12,267,21775,2,1.0
97,0.0,0.0,2.826,0.0,6.0,17,78.51112809023495,107.0602181002804,pobre,0,2,500.0,684.25,1.0,53.0,16,267,21776,6,0.0
98,0.0,0.0,2.826,,,17,78.51112809023495,107.0602181002804,pobre,0,2,500.0,684.25,1.0,53.0,17,267,21776,6,0.0
97,0.0,0.0,0.0,1.0,1.0,6,88.81916583498526,346.1847535232495,pobre,0,2,500.0,513.0,1.0,30.0,7,485,21777,1,1.0
98,0.0,0.0,0.0,1.0,2.0,6,88.81916583498526,346.1847535232495,pobre,0,2,500.0,513.0,1.0,30.0,8,485,21777,1,1.0
97,1.0,0.0,5.1719999,1.0,5.0,4,101.6961656792441,359.7744566831046,pobre,0,2,500.0,811.0,1.0,48.0,13,488,21778,5,1.0
98,1.0,0.0,5.1719999,1.0,6.0,4,101.6961656792441,359.7744566831046,pobre,0,2,500.0,811.0,1.0,48.0,14,488,21778,5,1.0
97,1.0,0.0,2.651,1.0,5.0,6,62.54823852241724,62.54823852241724,pobre,0,2,0.0,780.0,1.0,47.0,11,276,21779,5,1.0
98,1.0,0.0,2.651,1.0,6.0,6,62.54823852241724,62.54823852241724,pobre,0,2,0.0,780.0,1.0,47.0,12,276,21779,5,1.0
97,1.0,0.0,2.651,1.0,1.0,6,62.54823852241724,62.54823852241724,pobre,0,2,0.0,780.0,1.0,47.0,9,276,21780,1,1.0
98,1.0,0.0,2.651,1.0,2.0,6,62.54823852241724,62.54823852241724,pobre,0,2,0.0,780.0,1.0,47.0,10,276,21780,1,1.0
97,1.0,0.0,2.793,1.0,2.0,6,13.40444159556136,13.40444159556136,no pobre,0,5,100.0,787.5,1.0,63.0,14,166,21781,2,1.0
98,1.0,0.0,2.793,1.0,3.0,6,13.40444159556136,13.40444159556136,no pobre,0,5,100.0,787.5,1.0,63.0,15,166,21781,2,1.0
97,1.0,0.0,2.793,1.0,2.0,6,13.40444159556136,13.40444159556136,no pobre,0,5,100.0,787.5,1.0,63.0,12,166,21782,2,1.0
98,1.0,0.0,2.793,1.0,3.0,6,13.40444159556136,13.40444159556136,no pobre,0,5,100.0,787.5,1.0,63.0,13,166,21782,2,1.0
97,1.0,0.0,2.793,0.0,3.0,9,13.40444159556136,13.40444159556136,pobre,0,0,1000.0,626.0,1.0,43.0,16,166,21783,3,0.0
98,1.0,0.0,2.793,,,9,13.40444159556136,13.40444159556136,pobre,0,0,1000.0,626.0,1.0,43.0,17,166,21783,3,0.0
97,1.0,0.0,2.793,0.0,7.0,9,13.40444159556136,13.40444159556136,pobre,0,0,1000.0,626.0,1.0,43.0,15,166,21784,7,0.0
98,1.0,0.0,2.793,0.0,7.0,9,13.40444159556136,13.40444159556136,pobre,0,0,1000.0,626.0,1.0,43.0,16,166,21784,7,0.0
97,0.0,0.0,2.793,0.0,3.0,9,13.40444159556136,13.40444159556136,pobre,0,0,1000.0,626.0,1.0,43.0,14,166,21785,3,0.0
98,0.0,0.0,2.793,0.0,4.0,9,13.40444159556136,13.40444159556136,pobre,0,0,1000.0,626.0,1.0,43.0,15,166,21785,3,0.0
97,0.0,0.0,2.793,1.0,6.0,9,13.40444159556136,13.40444159556136,pobre,0,0,1000.0,626.0,1.0,43.0,12,166,21786,6,1.0
98,0.0,0.0,2.793,1.0,7.0,9,13.40444159556136,13.40444159556136,pobre,0,0,1000.0,626.0,1.0,43.0,13,166,21786,6,1.0
97,1.0,0.0,2.793,1.0,1.0,9,13.40444159556136,13.40444159556136,pobre,0,0,1000.0,626.0,1.0,43.0,9,166,21787,1,1.0
98,1.0,0.0,2.793,1.0,2.0,9,13.40444159556136,13.40444159556136,pobre,0,0,1000.0,626.0,1.0,43.0,10,166,21787,1,1.0
97,0.0,0.0,2.793,1.0,1.0,9,13.40444159556136,13.40444159556136,pobre,0,0,1000.0,626.0,1.0,43.0,8,166,21788,1,1.0
98,0.0,0.0,2.793,1.0,2.0,9,13.40444159556136,13.40444159556136,pobre,0,0,1000.0,626.0,1.0,43.0,9,166,21788,1,1.0
97,1.0,0.0,2.793,1.0,4.0,8,13.40444159556136,13.40444159556136,no pobre,0,3,2500.0,737.0,1.0,44.0,14,166,21789,4,1.0
98,1.0,0.0,2.793,1.0,5.0,8,13.40444159556136,13.40444159556136,no pobre,0,3,2500.0,737.0,1.0,44.0,15,166,21789,4,1.0
97,0.0,0.0,2.793,1.0,3.0,8,13.40444159556136,13.40444159556136,no pobre,0,3,2500.0,737.0,1.0,44.0,11,166,21790,3,1.0
98,0.0,0.0,2.793,1.0,4.0,8,13.40444159556136,13.40444159556136,no pobre,0,3,2500.0,737.0,1.0,44.0,12,166,21790,3,1.0
97,0.0,0.0,2.793,1.0,0.0,8,13.40444159556136,13.40444159556136,no pobre,0,3,2500.0,737.0,1.0,44.0,6,166,21791,0,1.0
98,0.0,0.0,2.793,1.0,1.0,8,13.40444159556136,13.40444159556136,no pobre,0,3,2500.0,737.0,1.0,44.0,7,166,21791,0,1.0
97,1.0,0.0,2.793,1.0,6.0,6,13.40444159556136,13.40444159556136,no pobre,0,6,1000.0,719.0,1.0,35.0,13,166,21792,6,1.0
98,1.0,0.0,2.793,1.0,7.0,6,13.40444159556136,13.40444159556136,no pobre,0,6,1000.0,719.0,1.0,35.0,14,166,21792,6,1.0
97,1.0,0.0,2.793,1.0,5.0,6,13.40444159556136,13.40444159556136,no pobre,0,6,1000.0,719.0,1.0,35.0,11,166,21793,5,1.0
98,1.0,0.0,2.793,0.0,6.0,6,13.40444159556136,13.40444159556136,no pobre,0,6,1000.0,719.0,1.0,35.0,12,166,21793,5,1.0
97,1.0,0.0,2.793,1.0,3.0,6,13.40444159556136,13.40444159556136,no pobre,0,6,1000.0,719.0,1.0,35.0,9,166,21794,3,1.0
98,1.0,0.0,2.793,1.0,3.0,6,13.40444159556136,13.40444159556136,no pobre,0,6,1000.0,719.0,1.0,35.0,10,166,21794,3,1.0
97,0.0,0.0,0.0,0.0,6.0,8,88.81916583498526,346.1847535232495,pobre,0,2,600.0,551.0,1.0,56.0,16,485,21795,6,0.0
98,0.0,0.0,0.0,,,8,88.81916583498526,346.1847535232495,pobre,0,2,600.0,551.0,1.0,56.0,17,485,21795,6,0.0
97,1.0,0.0,0.0,,0.0,8,88.81916583498526,346.1847535232495,pobre,0,2,600.0,551.0,1.0,56.0,14,485,21796,0,
98,1.0,0.0,0.0,,,8,88.81916583498526,346.1847535232495,pobre,0,2,600.0,551.0,1.0,56.0,15,485,21796,0,
97,0.0,0.0,0.0,1.0,4.0,8,88.81916583498526,346.1847535232495,pobre,0,2,600.0,551.0,1.0,56.0,10,485,21797,4,1.0
98,0.0,0.0,0.0,1.0,5.0,8,88.81916583498526,346.1847535232495,pobre,0,2,600.0,551.0,1.0,56.0,11,485,21797,4,1.0
97,0.0,0.0,0.0,1.0,1.0,8,88.81916583498526,346.1847535232495,pobre,0,2,600.0,551.0,1.0,56.0,9,485,21798,1,1.0
98,0.0,0.0,0.0,1.0,2.0,8,88.81916583498526,346.1847535232495,pobre,0,2,600.0,551.0,1.0,56.0,10,485,21798,1,1.0
97,1.0,0.0,5.3990002,0.0,6.0,8,126.8546743241916,126.8546743241916,pobre,0,1,750.0,590.0,1.0,56.0,15,287,21799,6,0.0
98,1.0,0.0,5.3990002,,,8,126.8546743241916,126.8546743241916,pobre,0,1,750.0,590.0,1.0,56.0,16,287,21799,6,0.0
97,1.0,0.0,5.3990002,1.0,5.0,8,126.8546743241916,126.8546743241916,pobre,0,1,750.0,590.0,1.0,56.0,12,287,21800,5,1.0
98,1.0,0.0,5.3990002,1.0,5.0,8,126.8546743241916,126.8546743241916,pobre,0,1,750.0,590.0,1.0,56.0,13,287,21800,5,1.0
97,0.0,0.0,5.3990002,1.0,3.0,8,126.8546743241916,126.8546743241916,pobre,0,1,750.0,590.0,1.0,56.0,10,287,21801,3,1.0
98,0.0,0.0,5.3990002,1.0,4.0,8,126.8546743241916,126.8546743241916,pobre,0,1,750.0,590.0,1.0,56.0,11,287,21801,3,1.0
97,0.0,0.0,5.3990002,1.0,2.0,8,126.8546743241916,126.8546743241916,pobre,0,1,750.0,590.0,1.0,56.0,8,287,21802,2,1.0
98,0.0,0.0,5.3990002,1.0,2.0,8,126.8546743241916,126.8546743241916,pobre,0,1,750.0,590.0,1.0,56.0,9,287,21802,2,1.0
97,0.0,0.0,5.3990002,0.0,6.0,4,126.8546743241916,126.8546743241916,pobre,0,1,750.0,763.0,1.0,62.0,16,287,21803,6,0.0
98,0.0,0.0,5.3990002,,,4,126.8546743241916,126.8546743241916,pobre,0,1,750.0,763.0,1.0,62.0,17,287,21803,6,0.0
97,0.0,0.0,0.0,1.0,1.0,5,88.81916583498526,346.1847535232495,pobre,0,2,240.0,550.0,1.0,39.0,8,485,21804,1,1.0
98,0.0,0.0,0.0,1.0,2.0,5,88.81916583498526,346.1847535232495,pobre,0,2,240.0,550.0,1.0,39.0,9,485,21804,1,1.0
97,1.0,0.0,0.0,1.0,1.0,5,88.81916583498526,346.1847535232495,pobre,0,2,240.0,550.0,1.0,39.0,7,485,21805,1,1.0
98,1.0,0.0,0.0,1.0,2.0,5,88.81916583498526,346.1847535232495,pobre,0,2,240.0,550.0,1.0,39.0,8,485,21805,1,1.0
97,0.0,0.0,0.0,1.0,6.0,5,88.81916583498526,346.1847535232495,pobre,0,2,160.0,570.0,1.0,35.0,14,485,21806,6,1.0
98,0.0,0.0,0.0,1.0,7.0,5,88.81916583498526,346.1847535232495,pobre,0,2,160.0,570.0,1.0,35.0,15,485,21806,6,1.0
97,0.0,0.0,0.0,1.0,1.0,5,88.81916583498526,346.1847535232495,pobre,0,2,160.0,570.0,1.0,35.0,7,485,21807,1,1.0
98,0.0,0.0,0.0,1.0,2.0,5,88.81916583498526,346.1847535232495,pobre,0,2,160.0,570.0,1.0,35.0,8,485,21807,1,1.0
97,1.0,0.0,1.591,0.0,6.0,4,69.58324079138906,69.58324079138906,pobre,basal,3,41.666668,733.0,0.0,51.0,15,281,21808,6,0.0
98,1.0,0.0,1.591,0.0,6.0,4,69.58324079138906,69.58324079138906,pobre,basal,3,41.666668,733.0,0.0,51.0,16,281,21808,6,0.0
97,0.0,0.0,0.0,0.0,6.0,6,88.81916583498526,346.1847535232495,pobre,0,3,500.0,627.0,1.0,46.0,16,485,21809,6,0.0
98,0.0,0.0,0.0,,,6,88.81916583498526,346.1847535232495,pobre,0,3,500.0,627.0,1.0,46.0,17,485,21809,6,0.0
97,1.0,0.0,0.0,0.0,6.0,6,88.81916583498526,346.1847535232495,pobre,0,3,500.0,627.0,1.0,46.0,15,485,21810,6,0.0
98,1.0,0.0,0.0,0.0,6.0,6,88.81916583498526,346.1847535232495,pobre,0,3,500.0,627.0,1.0,46.0,16,485,21810,6,0.0
97,0.0,0.0,0.0,0.0,5.0,6,88.81916583498526,346.1847535232495,pobre,0,3,500.0,627.0,1.0,46.0,12,485,21811,5,0.0
98,0.0,0.0,0.0,1.0,6.0,6,88.81916583498526,346.1847535232495,pobre,0,3,500.0,627.0,1.0,46.0,13,485,21811,5,0.0
97,1.0,0.0,2.793,1.0,1.0,5,13.40444159556136,13.40444159556136,pobre,0,6,600.0,496.0,1.0,36.0,7,166,21812,1,1.0
98,1.0,0.0,2.793,1.0,2.0,5,13.40444159556136,13.40444159556136,pobre,0,6,600.0,496.0,1.0,36.0,8,166,21812,1,1.0
97,0.0,0.0,0.0,1.0,0.0,4,16.48723207515607,16.48723207515607,no pobre,basal,6,1200.0,725.0,1.0,27.0,6,160,21813,0,1.0
98,0.0,0.0,0.0,1.0,1.0,4,16.48723207515607,16.48723207515607,no pobre,basal,6,1200.0,725.0,1.0,27.0,7,160,21813,0,1.0
97,1.0,0.0,0.0,1.0,4.0,5,16.48723207515607,16.48723207515607,pobre,basal,2,233.33333,674.5,1.0,31.0,10,160,21814,4,1.0
98,1.0,0.0,0.0,1.0,5.0,5,16.48723207515607,16.48723207515607,pobre,basal,2,233.33333,674.5,1.0,31.0,11,160,21814,4,1.0
97,0.0,0.0,0.0,1.0,1.0,5,16.48723207515607,16.48723207515607,pobre,basal,2,233.33333,674.5,1.0,31.0,7,160,21815,1,1.0
98,0.0,0.0,0.0,1.0,2.0,5,16.48723207515607,16.48723207515607,pobre,basal,2,233.33333,674.5,1.0,31.0,8,160,21815,1,1.0
97,0.0,0.0,5.1719999,1.0,0.0,3,101.6961656792441,359.7744566831046,pobre,0,2,0.0,585.0,1.0,76.0,7,488,21816,0,1.0
98,0.0,0.0,5.1719999,,,3,101.6961656792441,359.7744566831046,pobre,0,2,0.0,585.0,1.0,76.0,8,488,21816,0,1.0
97,1.0,0.0,5.1719999,1.0,2.0,4,101.6961656792441,359.7744566831046,pobre,0,2,500.0,604.0,1.0,36.0,9,488,21817,2,1.0
98,1.0,0.0,5.1719999,1.0,2.0,4,101.6961656792441,359.7744566831046,pobre,0,2,500.0,604.0,1.0,36.0,10,488,21817,2,1.0
97,1.0,0.0,5.1719999,1.0,5.0,5,101.6961656792441,359.7744566831046,pobre,0,1,500.0,710.0,1.0,53.0,15,488,21818,5,1.0
98,1.0,0.0,5.1719999,1.0,4.0,5,101.6961656792441,359.7744566831046,pobre,0,1,500.0,710.0,1.0,53.0,16,488,21818,5,1.0
97,0.0,0.0,5.1719999,1.0,3.0,5,101.6961656792441,359.7744566831046,pobre,0,1,500.0,710.0,1.0,53.0,13,488,21819,3,1.0
98,0.0,0.0,5.1719999,1.0,4.0,5,101.6961656792441,359.7744566831046,pobre,0,1,500.0,710.0,1.0,53.0,14,488,21819,3,1.0
97,0.0,0.0,5.1719999,1.0,3.0,5,101.6961656792441,359.7744566831046,pobre,0,1,500.0,710.0,1.0,53.0,11,488,21820,3,1.0
98,0.0,0.0,5.1719999,1.0,4.0,5,101.6961656792441,359.7744566831046,pobre,0,1,500.0,710.0,1.0,53.0,12,488,21820,3,1.0
97,1.0,0.0,4.5120001,1.0,2.0,5,60.22839731787766,60.22839731787766,pobre,basal,6,133.33333,719.0,1.0,30.0,8,275,21821,2,1.0
98,1.0,0.0,4.5120001,1.0,3.0,5,60.22839731787766,60.22839731787766,pobre,basal,6,133.33333,719.0,1.0,30.0,9,275,21821,2,1.0
97,0.0,0.0,4.5120001,1.0,0.0,5,60.22839731787766,60.22839731787766,pobre,basal,6,133.33333,719.0,1.0,30.0,6,275,21822,0,1.0
98,0.0,0.0,4.5120001,1.0,1.0,5,60.22839731787766,60.22839731787766,pobre,basal,6,133.33333,719.0,1.0,30.0,7,275,21822,0,1.0
97,0.0,0.0,5.3990002,1.0,8.0,8,126.8546743241916,126.8546743241916,no pobre,0,3,2600.0,960.0,1.0,42.0,16,287,21823,8,1.0
98,0.0,0.0,5.3990002,,,8,126.8546743241916,126.8546743241916,no pobre,0,3,2600.0,960.0,1.0,42.0,17,287,21823,8,1.0
97,1.0,0.0,5.3990002,0.0,1.0,8,126.8546743241916,126.8546743241916,no pobre,0,3,2600.0,960.0,1.0,42.0,14,287,21824,1,0.0
98,1.0,0.0,5.3990002,0.0,6.0,8,126.8546743241916,126.8546743241916,no pobre,0,3,2600.0,960.0,1.0,42.0,15,287,21824,1,0.0
97,0.0,0.0,5.3990002,1.0,6.0,8,126.8546743241916,126.8546743241916,no pobre,0,3,2600.0,960.0,1.0,42.0,13,287,21825,6,1.0
98,0.0,0.0,5.3990002,0.0,6.0,8,126.8546743241916,126.8546743241916,no pobre,0,3,2600.0,960.0,1.0,42.0,14,287,21825,6,1.0
97,0.0,0.0,5.3990002,1.0,3.0,8,126.8546743241916,126.8546743241916,no pobre,0,3,2600.0,960.0,1.0,42.0,10,287,21826,3,1.0
98,0.0,0.0,5.3990002,1.0,4.0,8,126.8546743241916,126.8546743241916,no pobre,0,3,2600.0,960.0,1.0,42.0,11,287,21826,3,1.0
97,1.0,0.0,5.3990002,1.0,0.0,8,126.8546743241916,126.8546743241916,no pobre,0,3,2600.0,960.0,1.0,42.0,6,287,21827,0,1.0
98,1.0,0.0,5.3990002,1.0,1.0,8,126.8546743241916,126.8546743241916,no pobre,0,3,2600.0,960.0,1.0,42.0,7,287,21827,0,1.0
97,1.0,0.0,5.3990002,1.0,6.0,7,126.8546743241916,126.8546743241916,pobre,0,2,0.0,616.0,1.0,44.0,16,287,21828,6,1.0
98,1.0,0.0,5.3990002,,,7,126.8546743241916,126.8546743241916,pobre,0,2,0.0,616.0,1.0,44.0,17,287,21828,6,1.0
97,0.0,0.0,5.3990002,1.0,6.0,7,126.8546743241916,126.8546743241916,pobre,0,2,0.0,616.0,1.0,44.0,12,287,21829,6,1.0
98,0.0,0.0,5.3990002,1.0,7.0,7,126.8546743241916,126.8546743241916,pobre,0,2,0.0,616.0,1.0,44.0,13,287,21829,6,1.0
97,0.0,0.0,5.3990002,1.0,4.0,7,126.8546743241916,126.8546743241916,pobre,0,2,0.0,616.0,1.0,44.0,10,287,21830,4,1.0
98,0.0,0.0,5.3990002,1.0,5.0,7,126.8546743241916,126.8546743241916,pobre,0,2,0.0,616.0,1.0,44.0,11,287,21830,4,1.0
97,0.0,0.0,5.3990002,1.0,2.0,7,126.8546743241916,126.8546743241916,pobre,0,2,0.0,616.0,1.0,44.0,8,287,21831,2,1.0
98,0.0,0.0,5.3990002,,,7,126.8546743241916,126.8546743241916,pobre,0,2,0.0,616.0,1.0,44.0,9,287,21831,2,1.0
97,1.0,0.0,5.3990002,1.0,1.0,7,126.8546743241916,126.8546743241916,pobre,0,2,0.0,616.0,1.0,44.0,7,287,21832,1,1.0
98,1.0,0.0,5.3990002,1.0,2.0,7,126.8546743241916,126.8546743241916,pobre,0,2,0.0,616.0,1.0,44.0,8,287,21832,1,1.0
97,0.0,0.0,0.0,1.0,1.0,5,88.81916583498526,346.1847535232495,pobre,0,3,500.0,549.0,1.0,32.0,7,485,21833,1,1.0
98,0.0,0.0,0.0,1.0,2.0,5,88.81916583498526,346.1847535232495,pobre,0,3,500.0,549.0,1.0,32.0,8,485,21833,1,1.0
97,1.0,0.0,0.0,1.0,5.0,11,88.81916583498526,346.1847535232495,pobre,0,0,500.0,630.40002,1.0,45.0,16,485,21834,5,1.0
98,1.0,0.0,0.0,,,11,88.81916583498526,346.1847535232495,pobre,0,0,500.0,630.40002,1.0,45.0,17,485,21834,5,1.0
97,1.0,0.0,0.0,1.0,6.0,11,88.81916583498526,346.1847535232495,pobre,0,0,500.0,630.40002,1.0,45.0,14,485,21835,6,1.0
98,1.0,0.0,0.0,1.0,7.0,11,88.81916583498526,346.1847535232495,pobre,0,0,500.0,630.40002,1.0,45.0,15,485,21835,6,1.0
97,0.0,0.0,2.651,1.0,9.0,4,62.54823852241724,62.54823852241724,pobre,0,5,100.0,896.0,1.0,40.0,16,276,21836,9,1.0
98,0.0,0.0,2.651,,,4,62.54823852241724,62.54823852241724,pobre,0,5,100.0,896.0,1.0,40.0,17,276,21836,9,1.0
97,0.0,0.0,2.651,1.0,9.0,4,62.54823852241724,62.54823852241724,pobre,0,5,100.0,896.0,1.0,40.0,15,276,21837,9,1.0
98,0.0,0.0,2.651,1.0,10.0,4,62.54823852241724,62.54823852241724,pobre,0,5,100.0,896.0,1.0,40.0,16,276,21837,9,1.0
97,1.0,0.0,0.0,1.0,4.0,4,13.31589070824295,13.31589070824295,pobre,basal,2,250.0,687.0,1.0,35.0,8,158,21838,4,1.0
98,1.0,0.0,0.0,1.0,5.0,4,13.31589070824295,13.31589070824295,pobre,basal,2,250.0,687.0,1.0,35.0,9,158,21838,4,1.0
97,1.0,0.0,0.0,1.0,1.0,4,13.31589070824295,13.31589070824295,pobre,basal,2,250.0,687.0,1.0,35.0,7,158,21839,1,1.0
98,1.0,0.0,0.0,1.0,2.0,4,13.31589070824295,13.31589070824295,pobre,basal,2,250.0,687.0,1.0,35.0,8,158,21839,1,1.0
97,1.0,0.0,2.793,1.0,4.0,6,13.40444159556136,13.40444159556136,no pobre,0,6,2000.0,734.0,1.0,40.0,11,166,21840,4,1.0
98,1.0,0.0,2.793,1.0,5.0,6,13.40444159556136,13.40444159556136,no pobre,0,6,2000.0,734.0,1.0,40.0,12,166,21840,4,1.0
97,0.0,0.0,2.793,1.0,4.0,6,13.40444159556136,13.40444159556136,no pobre,0,6,2000.0,734.0,1.0,40.0,10,166,21841,4,1.0
98,0.0,0.0,2.793,1.0,4.0,6,13.40444159556136,13.40444159556136,no pobre,0,6,2000.0,734.0,1.0,40.0,11,166,21841,4,1.0
97,0.0,0.0,0.0,0.0,6.0,5,13.31589070824295,13.31589070824295,no pobre,basal,0,300.0,786.5,1.0,63.0,16,158,21842,6,0.0
98,0.0,0.0,0.0,,,5,13.31589070824295,13.31589070824295,no pobre,basal,0,300.0,786.5,1.0,63.0,17,158,21842,6,0.0
97,0.0,0.0,2.793,0.0,5.0,4,13.40444159556136,13.40444159556136,pobre,0,3,800.0,565.0,1.0,23.0,16,166,21843,5,0.0
98,0.0,0.0,2.793,,,4,13.40444159556136,13.40444159556136,pobre,0,3,800.0,565.0,1.0,23.0,17,166,21843,5,0.0
97,1.0,0.0,3.632,1.0,1.0,4,20.07262769174459,20.07262769174459,pobre,basal,6,1000.0,670.0,1.0,31.0,8,135,21844,1,1.0
98,1.0,0.0,3.632,1.0,2.0,4,20.07262769174459,20.07262769174459,pobre,basal,6,1000.0,670.0,1.0,31.0,9,135,21844,1,1.0
97,1.0,0.0,3.632,1.0,2.0,5,20.07262769174459,20.07262769174459,pobre,basal,6,1000.0,604.0,1.0,33.0,10,135,21845,2,1.0
98,1.0,0.0,3.632,,,5,20.07262769174459,20.07262769174459,pobre,basal,6,1000.0,604.0,1.0,33.0,11,135,21845,2,1.0
97,1.0,0.0,3.632,1.0,1.0,5,20.07262769174459,20.07262769174459,pobre,basal,6,1000.0,604.0,1.0,33.0,8,135,21846,1,1.0
98,1.0,0.0,3.632,,,5,20.07262769174459,20.07262769174459,pobre,basal,6,1000.0,604.0,1.0,33.0,9,135,21846,1,1.0
97,0.0,0.0,3.632,1.0,0.0,5,20.07262769174459,20.07262769174459,pobre,basal,6,1000.0,604.0,1.0,33.0,6,135,21847,0,1.0
98,0.0,0.0,3.632,,,5,20.07262769174459,20.07262769174459,pobre,basal,6,1000.0,604.0,1.0,33.0,7,135,21847,0,1.0
97,0.0,0.0,3.632,0.0,6.0,4,20.07262769174459,20.07262769174459,pobre,basal,3,1000.0,796.0,1.0,43.0,14,135,21848,6,0.0
98,0.0,0.0,3.632,,,4,20.07262769174459,20.07262769174459,pobre,basal,3,1000.0,796.0,1.0,43.0,15,135,21848,6,0.0
97,1.0,0.0,0.0,1.0,7.0,4,13.31589070824295,13.31589070824295,pobre,basal,3,1250.0,716.0,1.0,38.0,13,158,21849,7,1.0
98,1.0,0.0,0.0,1.0,8.0,4,13.31589070824295,13.31589070824295,pobre,basal,3,1250.0,716.0,1.0,38.0,14,158,21849,7,1.0
97,0.0,0.0,0.0,1.0,4.0,4,13.31589070824295,13.31589070824295,pobre,basal,3,1250.0,716.0,1.0,38.0,10,158,21850,4,1.0
98,0.0,0.0,0.0,1.0,5.0,4,13.31589070824295,13.31589070824295,pobre,basal,3,1250.0,716.0,1.0,38.0,11,158,21850,4,1.0
97,0.0,0.0,0.0,1.0,1.0,9,88.81916583498526,346.1847535232495,pobre,0,0,500.0,624.0,1.0,58.0,8,485,21851,1,1.0
98,0.0,0.0,0.0,1.0,2.0,9,88.81916583498526,346.1847535232495,pobre,0,0,500.0,624.0,1.0,58.0,9,485,21851,1,1.0
97,1.0,0.0,0.0,,0.0,9,88.81916583498526,346.1847535232495,pobre,0,0,500.0,624.0,1.0,58.0,6,485,21852,0,
98,1.0,0.0,0.0,1.0,1.0,9,88.81916583498526,346.1847535232495,pobre,0,0,500.0,624.0,1.0,58.0,7,485,21852,0,
97,0.0,0.0,0.0,1.0,5.0,9,88.81916583498526,346.1847535232495,pobre,0,0,500.0,624.0,1.0,58.0,16,485,21853,5,1.0
98,0.0,0.0,0.0,,,9,88.81916583498526,346.1847535232495,pobre,0,0,500.0,624.0,1.0,58.0,17,485,21853,5,1.0
97,1.0,0.0,0.0,1.0,2.0,9,88.81916583498526,346.1847535232495,pobre,0,0,500.0,624.0,1.0,58.0,14,485,21854,2,1.0
98,1.0,0.0,0.0,0.0,3.0,9,88.81916583498526,346.1847535232495,pobre,0,0,500.0,624.0,1.0,58.0,15,485,21854,2,1.0
97,0.0,0.0,0.0,1.0,1.0,9,88.81916583498526,346.1847535232495,pobre,0,0,500.0,624.0,1.0,58.0,11,485,21855,1,1.0
98,0.0,0.0,0.0,1.0,2.0,9,88.81916583498526,346.1847535232495,pobre,0,0,500.0,624.0,1.0,58.0,12,485,21855,1,1.0
97,0.0,0.0,2.651,0.0,9.0,8,62.54823852241724,62.54823852241724,pobre,0,5,83.333336,753.0,1.0,40.0,15,276,21856,9,0.0
98,0.0,0.0,2.651,0.0,9.0,8,62.54823852241724,62.54823852241724,pobre,0,5,83.333336,753.0,1.0,40.0,16,276,21856,9,0.0
97,1.0,0.0,2.651,1.0,8.0,8,62.54823852241724,62.54823852241724,pobre,0,5,83.333336,753.0,1.0,40.0,14,276,21857,8,1.0
98,1.0,0.0,2.651,0.0,9.0,8,62.54823852241724,62.54823852241724,pobre,0,5,83.333336,753.0,1.0,40.0,15,276,21857,8,1.0
97,0.0,0.0,2.651,1.0,5.0,8,62.54823852241724,62.54823852241724,pobre,0,5,83.333336,753.0,1.0,40.0,9,276,21858,5,1.0
98,0.0,0.0,2.651,1.0,6.0,8,62.54823852241724,62.54823852241724,pobre,0,5,83.333336,753.0,1.0,40.0,10,276,21858,5,1.0
97,0.0,0.0,2.651,1.0,2.0,8,62.54823852241724,62.54823852241724,pobre,0,5,83.333336,753.0,1.0,40.0,8,276,21859,2,1.0
98,0.0,0.0,2.651,1.0,3.0,8,62.54823852241724,62.54823852241724,pobre,0,5,83.333336,753.0,1.0,40.0,9,276,21859,2,1.0
97,0.0,0.0,2.651,1.0,10.0,9,62.54823852241724,62.54823852241724,no pobre,0,2,250.0,1178.75,1.0,61.0,16,276,21860,10,1.0
98,0.0,0.0,2.651,,,9,62.54823852241724,62.54823852241724,no pobre,0,2,250.0,1178.75,1.0,61.0,17,276,21860,10,1.0
97,1.0,0.0,2.651,1.0,7.0,9,62.54823852241724,62.54823852241724,no pobre,0,2,250.0,1178.75,1.0,61.0,13,276,21861,7,1.0
98,1.0,0.0,2.651,1.0,8.0,9,62.54823852241724,62.54823852241724,no pobre,0,2,250.0,1178.75,1.0,61.0,14,276,21861,7,1.0
97,0.0,0.0,0.0,0.0,9.0,8,82.98141940423264,146.3419564621891,pobre,0,6,1500.0,587.0,1.0,41.0,16,354,21862,9,0.0
98,0.0,0.0,0.0,,,8,82.98141940423264,146.3419564621891,pobre,0,6,1500.0,587.0,1.0,41.0,17,354,21862,9,0.0
97,0.0,0.0,0.0,1.0,8.0,8,82.98141940423264,146.3419564621891,pobre,0,6,1500.0,587.0,1.0,41.0,14,354,21863,8,1.0
98,0.0,0.0,0.0,0.0,9.0,8,82.98141940423264,146.3419564621891,pobre,0,6,1500.0,587.0,1.0,41.0,15,354,21863,8,1.0
97,1.0,0.0,0.0,1.0,6.0,8,82.98141940423264,146.3419564621891,pobre,0,6,1500.0,587.0,1.0,41.0,12,354,21864,6,1.0
98,1.0,0.0,0.0,1.0,7.0,8,82.98141940423264,146.3419564621891,pobre,0,6,1500.0,587.0,1.0,41.0,13,354,21864,6,1.0
97,0.0,0.0,0.0,1.0,4.0,8,82.98141940423264,146.3419564621891,pobre,0,6,1500.0,587.0,1.0,41.0,10,354,21865,4,1.0
98,0.0,0.0,0.0,1.0,5.0,8,82.98141940423264,146.3419564621891,pobre,0,6,1500.0,587.0,1.0,41.0,11,354,21865,4,1.0
97,1.0,0.0,0.0,1.0,0.0,8,82.98141940423264,146.3419564621891,pobre,0,6,1500.0,587.0,1.0,41.0,6,354,21866,0,1.0
98,1.0,0.0,0.0,1.0,1.0,8,82.98141940423264,146.3419564621891,pobre,0,6,1500.0,587.0,1.0,41.0,7,354,21866,0,1.0
97,1.0,0.0,2.793,1.0,9.0,9,13.40444159556136,13.40444159556136,no pobre,0,0,3000.0,736.0,1.0,43.0,15,166,21867,9,1.0
98,1.0,0.0,2.793,1.0,5.0,9,13.40444159556136,13.40444159556136,no pobre,0,0,3000.0,736.0,1.0,43.0,16,166,21867,9,1.0
97,0.0,0.0,2.793,1.0,5.0,9,13.40444159556136,13.40444159556136,no pobre,0,0,3000.0,736.0,1.0,43.0,13,166,21868,5,1.0
98,0.0,0.0,2.793,1.0,3.0,9,13.40444159556136,13.40444159556136,no pobre,0,0,3000.0,736.0,1.0,43.0,14,166,21868,5,1.0
97,1.0,0.0,2.793,0.0,5.0,10,13.40444159556136,13.40444159556136,pobre,0,4,800.0,667.85712,0.0,26.0,15,166,21869,5,0.0
98,1.0,0.0,2.793,0.0,4.0,10,13.40444159556136,13.40444159556136,pobre,0,4,800.0,667.85712,0.0,26.0,16,166,21869,5,0.0
97,1.0,0.0,0.0,1.0,5.0,3,13.31589070824295,13.31589070824295,pobre,basal,0,1250.0,694.0,1.0,67.0,11,158,21870,5,1.0
98,1.0,0.0,0.0,1.0,6.0,3,13.31589070824295,13.31589070824295,pobre,basal,0,1250.0,694.0,1.0,67.0,12,158,21870,5,1.0
97,1.0,0.0,4.4710002,0.0,3.0,4,71.52226309497719,71.52226309497719,pobre,0,0,0.0,787.0,0.0,48.0,16,173,21871,3,0.0
98,1.0,0.0,4.4710002,,,4,71.52226309497719,71.52226309497719,pobre,0,0,0.0,787.0,0.0,48.0,17,173,21871,3,0.0
97,1.0,0.0,4.4710002,0.0,5.0,4,71.52226309497719,71.52226309497719,pobre,0,0,0.0,787.0,0.0,48.0,14,173,21872,5,0.0
98,1.0,0.0,4.4710002,0.0,4.0,4,71.52226309497719,71.52226309497719,pobre,0,0,0.0,787.0,0.0,48.0,15,173,21872,5,0.0
97,1.0,0.0,4.4710002,1.0,8.0,9,71.52226309497719,71.52226309497719,pobre,0,0,1000.0,615.97302,1.0,57.0,14,173,21873,8,1.0
98,1.0,0.0,4.4710002,0.0,9.0,9,71.52226309497719,71.52226309497719,pobre,0,0,1000.0,615.97302,1.0,57.0,15,173,21873,8,1.0
97,0.0,0.0,4.4710002,0.0,6.0,9,71.52226309497719,71.52226309497719,pobre,0,0,1000.0,615.97302,1.0,57.0,12,173,21874,6,0.0
98,0.0,0.0,4.4710002,0.0,6.0,9,71.52226309497719,71.52226309497719,pobre,0,0,1000.0,615.97302,1.0,57.0,13,173,21874,6,0.0
97,0.0,0.0,4.4710002,1.0,3.0,9,71.52226309497719,71.52226309497719,pobre,0,0,1000.0,615.97302,1.0,57.0,10,173,21875,3,1.0
98,0.0,0.0,4.4710002,1.0,4.0,9,71.52226309497719,71.52226309497719,pobre,0,0,1000.0,615.97302,1.0,57.0,11,173,21875,3,1.0
97,0.0,0.0,4.4710002,1.0,2.0,9,71.52226309497719,71.52226309497719,pobre,0,0,1000.0,615.97302,1.0,57.0,8,173,21876,2,1.0
98,0.0,0.0,4.4710002,1.0,3.0,9,71.52226309497719,71.52226309497719,pobre,0,0,1000.0,615.97302,1.0,57.0,9,173,21876,2,1.0
97,0.0,0.0,4.4710002,1.0,0.0,9,71.52226309497719,71.52226309497719,pobre,0,0,1000.0,615.97302,1.0,57.0,6,173,21877,0,1.0
98,0.0,0.0,4.4710002,1.0,0.0,9,71.52226309497719,71.52226309497719,pobre,0,0,1000.0,615.97302,1.0,57.0,7,173,21877,0,1.0
97,1.0,0.0,4.4710002,1.0,8.0,7,71.52226309497719,71.52226309497719,no pobre,0,4,1000.0,794.0,1.0,58.0,13,173,21878,8,1.0
98,1.0,0.0,4.4710002,0.0,9.0,7,71.52226309497719,71.52226309497719,no pobre,0,4,1000.0,794.0,1.0,58.0,14,173,21878,8,1.0
97,1.0,0.0,4.4710002,0.0,6.0,5,71.52226309497719,71.52226309497719,no pobre,0,0,1000.0,763.0,1.0,55.0,15,173,21879,6,0.0
98,1.0,0.0,4.4710002,0.0,6.0,5,71.52226309497719,71.52226309497719,no pobre,0,0,1000.0,763.0,1.0,55.0,16,173,21879,6,0.0
97,1.0,0.0,1.737,0.0,5.0,5,15.95952238751799,15.95952238751799,pobre,basal,3,100.0,696.0,1.0,51.0,16,164,21880,5,0.0
98,1.0,0.0,1.737,,,5,15.95952238751799,15.95952238751799,pobre,basal,3,100.0,696.0,1.0,51.0,17,164,21880,5,0.0
97,1.0,0.0,1.737,0.0,3.0,5,15.95952238751799,15.95952238751799,pobre,basal,3,100.0,696.0,1.0,51.0,15,164,21881,3,0.0
98,1.0,0.0,1.737,0.0,3.0,5,15.95952238751799,15.95952238751799,pobre,basal,3,100.0,696.0,1.0,51.0,16,164,21881,3,0.0
97,1.0,0.0,1.591,1.0,5.0,7,69.58324079138906,69.58324079138906,pobre,basal,0,750.0,480.0,1.0,44.0,12,281,21882,5,1.0
98,1.0,0.0,1.591,0.0,6.0,7,69.58324079138906,69.58324079138906,pobre,basal,0,750.0,480.0,1.0,44.0,13,281,21882,5,1.0
97,1.0,0.0,1.591,1.0,4.0,7,69.58324079138906,69.58324079138906,pobre,basal,0,750.0,480.0,1.0,44.0,10,281,21883,4,1.0
98,1.0,0.0,1.591,1.0,4.0,7,69.58324079138906,69.58324079138906,pobre,basal,0,750.0,480.0,1.0,44.0,11,281,21883,4,1.0
97,1.0,0.0,1.591,1.0,5.0,7,69.58324079138906,69.58324079138906,pobre,basal,0,1000.0,663.0,1.0,47.0,12,281,21884,5,1.0
98,1.0,0.0,1.591,0.0,6.0,7,69.58324079138906,69.58324079138906,pobre,basal,0,1000.0,663.0,1.0,47.0,13,281,21884,5,1.0
97,0.0,0.0,1.591,0.0,6.0,4,69.58324079138906,69.58324079138906,pobre,basal,2,333.33334,713.0,1.0,65.0,16,281,21885,6,0.0
98,0.0,0.0,1.591,,,4,69.58324079138906,69.58324079138906,pobre,basal,2,333.33334,713.0,1.0,65.0,17,281,21885,6,0.0
97,1.0,0.0,1.591,1.0,2.0,4,69.58324079138906,69.58324079138906,pobre,basal,2,333.33334,713.0,1.0,65.0,12,281,21886,2,1.0
98,1.0,0.0,1.591,1.0,3.0,4,69.58324079138906,69.58324079138906,pobre,basal,2,333.33334,713.0,1.0,65.0,13,281,21886,2,1.0
97,0.0,0.0,1.591,0.0,6.0,8,69.58324079138906,69.58324079138906,pobre,basal,3,83.333336,638.0,1.0,41.0,15,281,21887,6,0.0
98,0.0,0.0,1.591,0.0,6.0,8,69.58324079138906,69.58324079138906,pobre,basal,3,83.333336,638.0,1.0,41.0,16,281,21887,6,0.0
97,1.0,0.0,1.591,1.0,8.0,8,69.58324079138906,69.58324079138906,pobre,basal,3,83.333336,638.0,1.0,41.0,12,281,21888,8,1.0
98,1.0,0.0,1.591,1.0,9.0,8,69.58324079138906,69.58324079138906,pobre,basal,3,83.333336,638.0,1.0,41.0,13,281,21888,8,1.0
97,1.0,0.0,1.591,1.0,3.0,8,69.58324079138906,69.58324079138906,pobre,basal,3,83.333336,638.0,1.0,41.0,8,281,21889,3,1.0
98,1.0,0.0,1.591,1.0,4.0,8,69.58324079138906,69.58324079138906,pobre,basal,3,83.333336,638.0,1.0,41.0,9,281,21889,3,1.0
97,0.0,0.0,1.591,1.0,3.0,8,69.58324079138906,69.58324079138906,pobre,basal,3,83.333336,638.0,1.0,41.0,8,281,21890,3,1.0
98,0.0,0.0,1.591,1.0,4.0,8,69.58324079138906,69.58324079138906,pobre,basal,3,83.333336,638.0,1.0,41.0,9,281,21890,3,1.0
97,1.0,0.0,4.5120001,1.0,5.0,6,60.22839731787766,60.22839731787766,no pobre,basal,1,83.333336,923.0,1.0,57.0,11,275,21891,5,1.0
98,1.0,0.0,4.5120001,0.0,6.0,6,60.22839731787766,60.22839731787766,no pobre,basal,1,83.333336,923.0,1.0,57.0,12,275,21891,5,1.0
97,1.0,0.0,4.5120001,1.0,1.0,6,60.22839731787766,60.22839731787766,no pobre,basal,1,83.333336,923.0,1.0,57.0,6,275,21892,1,1.0
98,1.0,0.0,4.5120001,1.0,2.0,6,60.22839731787766,60.22839731787766,no pobre,basal,1,83.333336,923.0,1.0,57.0,7,275,21892,1,1.0
97,1.0,0.0,4.5120001,1.0,8.0,5,60.22839731787766,60.22839731787766,pobre,basal,7,41.666668,740.0,1.0,36.0,13,275,21893,8,1.0
98,1.0,0.0,4.5120001,0.0,9.0,5,60.22839731787766,60.22839731787766,pobre,basal,7,41.666668,740.0,1.0,36.0,14,275,21893,8,1.0
97,1.0,0.0,4.5120001,1.0,5.0,5,60.22839731787766,60.22839731787766,pobre,basal,7,41.666668,740.0,1.0,36.0,11,275,21894,5,1.0
98,1.0,0.0,4.5120001,1.0,6.0,5,60.22839731787766,60.22839731787766,pobre,basal,7,41.666668,740.0,1.0,36.0,12,275,21894,5,1.0
97,0.0,0.0,4.5120001,1.0,1.0,5,60.22839731787766,60.22839731787766,pobre,basal,7,41.666668,740.0,1.0,36.0,7,275,21895,1,1.0
98,0.0,0.0,4.5120001,1.0,2.0,5,60.22839731787766,60.22839731787766,pobre,basal,7,41.666668,740.0,1.0,36.0,8,275,21895,1,1.0
97,0.0,0.0,4.5120001,0.0,6.0,5,60.22839731787766,60.22839731787766,pobre,basal,2,83.333336,712.0,1.0,58.0,15,275,21896,6,0.0
98,0.0,0.0,4.5120001,0.0,6.0,5,60.22839731787766,60.22839731787766,pobre,basal,2,83.333336,712.0,1.0,58.0,16,275,21896,6,0.0
97,1.0,0.0,4.5120001,1.0,2.0,5,60.22839731787766,60.22839731787766,pobre,basal,2,83.333336,712.0,1.0,58.0,8,275,21897,2,1.0
98,1.0,0.0,4.5120001,1.0,3.0,5,60.22839731787766,60.22839731787766,pobre,basal,2,83.333336,712.0,1.0,58.0,9,275,21897,2,1.0
97,0.0,0.0,4.5120001,,0.0,3,60.22839731787766,60.22839731787766,pobre,basal,1,100.0,846.33099,1.0,65.0,7,275,21898,0,
98,0.0,0.0,4.5120001,1.0,2.0,3,60.22839731787766,60.22839731787766,pobre,basal,1,100.0,846.33099,1.0,65.0,8,275,21898,0,
97,0.0,0.0,4.5120001,1.0,1.0,6,60.22839731787766,60.22839731787766,pobre,basal,1,58.333332,694.0,1.0,44.0,7,275,21899,1,1.0
98,0.0,0.0,4.5120001,,,6,60.22839731787766,60.22839731787766,pobre,basal,1,58.333332,694.0,1.0,44.0,8,275,21899,1,1.0
97,1.0,0.0,0.0,1.0,2.0,6,82.98141940423264,146.3419564621891,no pobre,0,4,0.0,947.0,1.0,38.0,9,354,21900,2,1.0
98,1.0,0.0,0.0,1.0,3.0,6,82.98141940423264,146.3419564621891,no pobre,0,4,0.0,947.0,1.0,38.0,10,354,21900,2,1.0
97,1.0,0.0,0.0,0.0,9.0,6,82.98141940423264,146.3419564621891,no pobre,0,4,0.0,947.0,1.0,38.0,16,354,21901,9,0.0
98,1.0,0.0,0.0,,,6,82.98141940423264,146.3419564621891,no pobre,0,4,0.0,947.0,1.0,38.0,17,354,21901,9,0.0
97,0.0,0.0,0.0,1.0,2.0,6,82.98141940423264,146.3419564621891,no pobre,0,4,0.0,947.0,1.0,38.0,8,354,21902,2,1.0
98,0.0,0.0,0.0,1.0,3.0,6,82.98141940423264,146.3419564621891,no pobre,0,4,0.0,947.0,1.0,38.0,9,354,21902,2,1.0
97,1.0,0.0,4.5120001,1.0,8.0,9,60.22839731787766,60.22839731787766,pobre,basal,0,58.333332,815.0,1.0,72.0,15,275,21903,8,1.0
98,1.0,0.0,4.5120001,0.0,9.0,9,60.22839731787766,60.22839731787766,pobre,basal,0,58.333332,815.0,1.0,72.0,16,275,21903,8,1.0
97,0.0,0.0,4.5120001,1.0,3.0,9,60.22839731787766,60.22839731787766,pobre,basal,0,58.333332,815.0,1.0,72.0,9,275,21904,3,1.0
98,0.0,0.0,4.5120001,1.0,3.0,9,60.22839731787766,60.22839731787766,pobre,basal,0,58.333332,815.0,1.0,72.0,10,275,21904,3,1.0
97,1.0,0.0,4.5120001,1.0,1.0,9,60.22839731787766,60.22839731787766,pobre,basal,0,58.333332,815.0,1.0,72.0,7,275,21905,1,1.0
98,1.0,0.0,4.5120001,1.0,2.0,9,60.22839731787766,60.22839731787766,pobre,basal,0,58.333332,815.0,1.0,72.0,8,275,21905,1,1.0
97,0.0,0.0,4.5120001,0.0,6.0,5,60.22839731787766,60.22839731787766,pobre,basal,0,166.66667,964.75,1.0,83.0,16,275,21906,6,0.0
98,0.0,0.0,4.5120001,,,5,60.22839731787766,60.22839731787766,pobre,basal,0,166.66667,964.75,1.0,83.0,17,275,21906,6,0.0
97,0.0,0.0,5.3990002,1.0,0.0,8,126.8546743241916,126.8546743241916,no pobre,0,0,0.0,1013.0,1.0,68.0,6,287,21907,0,1.0
98,0.0,0.0,5.3990002,1.0,1.0,8,126.8546743241916,126.8546743241916,no pobre,0,0,0.0,1013.0,1.0,68.0,7,287,21907,0,1.0
97,0.0,0.0,5.3990002,0.0,6.0,4,126.8546743241916,126.8546743241916,pobre,0,2,1000.0,866.0,1.0,56.0,15,287,21908,6,0.0
98,0.0,0.0,5.3990002,0.0,6.0,4,126.8546743241916,126.8546743241916,pobre,0,2,1000.0,866.0,1.0,56.0,16,287,21908,6,0.0
97,0.0,0.0,1.591,1.0,5.0,10,69.58324079138906,69.58324079138906,pobre,basal,0,0.0,705.0,1.0,53.0,12,281,21909,5,1.0
98,0.0,0.0,1.591,,,10,69.58324079138906,69.58324079138906,pobre,basal,0,0.0,705.0,1.0,53.0,13,281,21909,5,1.0
97,1.0,0.0,1.591,1.0,5.0,10,69.58324079138906,69.58324079138906,pobre,basal,0,0.0,705.0,1.0,53.0,11,281,21910,5,1.0
98,1.0,0.0,1.591,1.0,6.0,10,69.58324079138906,69.58324079138906,pobre,basal,0,0.0,705.0,1.0,53.0,12,281,21910,5,1.0
97,1.0,0.0,1.591,1.0,3.0,10,69.58324079138906,69.58324079138906,pobre,basal,0,0.0,705.0,1.0,53.0,10,281,21911,3,1.0
98,1.0,0.0,1.591,1.0,4.0,10,69.58324079138906,69.58324079138906,pobre,basal,0,0.0,705.0,1.0,53.0,11,281,21911,3,1.0
97,0.0,0.0,1.591,1.0,5.0,5,69.58324079138906,69.58324079138906,no pobre,basal,3,166.66667,1028.0,1.0,72.0,11,281,21912,5,1.0
98,0.0,0.0,1.591,0.0,7.0,5,69.58324079138906,69.58324079138906,no pobre,basal,3,166.66667,1028.0,1.0,72.0,12,281,21912,5,1.0
97,0.0,0.0,1.591,1.0,4.0,5,69.58324079138906,69.58324079138906,no pobre,basal,3,166.66667,1028.0,1.0,72.0,10,281,21913,4,1.0
98,0.0,0.0,1.591,1.0,5.0,5,69.58324079138906,69.58324079138906,no pobre,basal,3,166.66667,1028.0,1.0,72.0,11,281,21913,4,1.0
97,0.0,0.0,1.591,1.0,2.0,5,69.58324079138906,69.58324079138906,no pobre,basal,3,166.66667,1028.0,1.0,72.0,8,281,21914,2,1.0
98,0.0,0.0,1.591,1.0,3.0,5,69.58324079138906,69.58324079138906,no pobre,basal,3,166.66667,1028.0,1.0,72.0,9,281,21914,2,1.0
97,1.0,0.0,1.591,0.0,6.0,4,69.58324079138906,69.58324079138906,pobre,basal,2,83.333336,876.0,1.0,47.0,15,281,21915,6,0.0
98,1.0,0.0,1.591,0.0,6.0,4,69.58324079138906,69.58324079138906,pobre,basal,2,83.333336,876.0,1.0,47.0,16,281,21915,6,0.0
97,0.0,0.0,1.591,1.0,3.0,4,69.58324079138906,69.58324079138906,pobre,basal,0,200.0,804.0,1.0,66.0,10,281,21916,3,1.0
98,0.0,0.0,1.591,1.0,4.0,4,69.58324079138906,69.58324079138906,pobre,basal,0,200.0,804.0,1.0,66.0,11,281,21916,3,1.0
97,1.0,0.0,1.591,1.0,9.0,10,69.58324079138906,69.58324079138906,pobre,basal,6,0.0,732.0,1.0,54.0,15,281,21917,9,1.0
98,1.0,0.0,1.591,1.0,3.0,10,69.58324079138906,69.58324079138906,pobre,basal,6,0.0,732.0,1.0,54.0,16,281,21917,9,1.0
97,0.0,0.0,1.591,1.0,5.0,10,69.58324079138906,69.58324079138906,pobre,basal,6,0.0,732.0,1.0,54.0,13,281,21918,5,1.0
98,0.0,0.0,1.591,1.0,6.0,10,69.58324079138906,69.58324079138906,pobre,basal,6,0.0,732.0,1.0,54.0,14,281,21918,5,1.0
97,1.0,0.0,1.591,1.0,4.0,10,69.58324079138906,69.58324079138906,pobre,basal,6,0.0,732.0,1.0,54.0,10,281,21919,4,1.0
98,1.0,0.0,1.591,1.0,5.0,10,69.58324079138906,69.58324079138906,pobre,basal,6,0.0,732.0,1.0,54.0,11,281,21919,4,1.0
97,1.0,0.0,1.591,1.0,5.0,4,69.58324079138906,69.58324079138906,pobre,basal,2,0.0,809.0,1.0,52.0,11,281,21920,5,1.0
98,1.0,0.0,1.591,0.0,6.0,4,69.58324079138906,69.58324079138906,pobre,basal,2,0.0,809.0,1.0,52.0,12,281,21920,5,1.0
97,0.0,0.0,1.591,1.0,3.0,4,69.58324079138906,69.58324079138906,pobre,basal,6,750.0,718.0,1.0,32.0,9,281,21921,3,1.0
98,0.0,0.0,1.591,1.0,4.0,4,69.58324079138906,69.58324079138906,pobre,basal,6,750.0,718.0,1.0,32.0,10,281,21921,3,1.0
97,1.0,0.0,1.591,1.0,0.0,5,69.58324079138906,69.58324079138906,pobre,basal,6,0.0,603.0,1.0,26.0,6,281,21922,0,1.0
98,1.0,0.0,1.591,1.0,1.0,5,69.58324079138906,69.58324079138906,pobre,basal,6,0.0,603.0,1.0,26.0,7,281,21922,0,1.0
97,1.0,0.0,1.591,1.0,0.0,7,69.58324079138906,69.58324079138906,pobre,basal,3,0.0,981.5,0.0,55.0,6,281,21923,0,1.0
98,1.0,0.0,1.591,1.0,0.0,7,69.58324079138906,69.58324079138906,pobre,basal,3,0.0,981.5,0.0,55.0,7,281,21923,0,1.0
97,0.0,0.0,1.591,0.0,6.0,5,69.58324079138906,69.58324079138906,pobre,basal,3,750.0,764.5,1.0,40.0,14,281,21924,6,0.0
98,0.0,0.0,1.591,,,5,69.58324079138906,69.58324079138906,pobre,basal,3,750.0,764.5,1.0,40.0,15,281,21924,6,0.0
97,0.0,0.0,5.3990002,1.0,6.0,8,126.8546743241916,126.8546743241916,pobre,0,2,3200.0,708.0,1.0,41.0,14,287,21925,6,1.0
98,0.0,0.0,5.3990002,1.0,6.0,8,126.8546743241916,126.8546743241916,pobre,0,2,3200.0,708.0,1.0,41.0,15,287,21925,6,1.0
97,1.0,0.0,5.3990002,1.0,5.0,8,126.8546743241916,126.8546743241916,pobre,0,2,3200.0,708.0,1.0,41.0,12,287,21926,5,1.0
98,1.0,0.0,5.3990002,0.0,6.0,8,126.8546743241916,126.8546743241916,pobre,0,2,3200.0,708.0,1.0,41.0,13,287,21926,5,1.0
97,0.0,0.0,5.3990002,1.0,3.0,8,126.8546743241916,126.8546743241916,pobre,0,2,3200.0,708.0,1.0,41.0,9,287,21927,3,1.0
98,0.0,0.0,5.3990002,1.0,4.0,8,126.8546743241916,126.8546743241916,pobre,0,2,3200.0,708.0,1.0,41.0,10,287,21927,3,1.0
97,0.0,0.0,1.591,0.0,6.0,6,69.58324079138906,69.58324079138906,pobre,basal,6,750.0,652.0,1.0,32.0,14,281,21928,6,0.0
98,0.0,0.0,1.591,0.0,6.0,6,69.58324079138906,69.58324079138906,pobre,basal,6,750.0,652.0,1.0,32.0,15,281,21928,6,0.0
97,0.0,0.0,1.591,1.0,5.0,6,69.58324079138906,69.58324079138906,pobre,basal,6,750.0,652.0,1.0,32.0,12,281,21929,5,1.0
98,0.0,0.0,1.591,0.0,6.0,6,69.58324079138906,69.58324079138906,pobre,basal,6,750.0,652.0,1.0,32.0,13,281,21929,5,1.0
97,1.0,0.0,1.591,1.0,4.0,6,69.58324079138906,69.58324079138906,pobre,basal,6,750.0,652.0,1.0,32.0,10,281,21930,4,1.0
98,1.0,0.0,1.591,1.0,5.0,6,69.58324079138906,69.58324079138906,pobre,basal,6,750.0,652.0,1.0,32.0,11,281,21930,4,1.0
97,0.0,0.0,1.591,1.0,2.0,6,69.58324079138906,69.58324079138906,pobre,basal,6,750.0,652.0,1.0,32.0,8,281,21931,2,1.0
98,0.0,0.0,1.591,1.0,2.0,6,69.58324079138906,69.58324079138906,pobre,basal,6,750.0,652.0,1.0,32.0,9,281,21931,2,1.0
97,0.0,0.0,1.591,0.0,6.0,9,69.58324079138906,69.58324079138906,no pobre,basal,2,41.666668,780.5,1.0,44.0,12,281,21932,6,0.0
98,0.0,0.0,1.591,,,9,69.58324079138906,69.58324079138906,no pobre,basal,2,41.666668,780.5,1.0,44.0,13,281,21932,6,0.0
97,0.0,0.0,1.591,1.0,1.0,9,69.58324079138906,69.58324079138906,no pobre,basal,2,41.666668,780.5,1.0,44.0,7,281,21933,1,1.0
98,0.0,0.0,1.591,,,9,69.58324079138906,69.58324079138906,no pobre,basal,2,41.666668,780.5,1.0,44.0,8,281,21933,1,1.0
97,0.0,0.0,1.591,0.0,6.0,9,69.58324079138906,69.58324079138906,no pobre,basal,2,41.666668,780.5,1.0,44.0,16,281,21934,6,0.0
98,0.0,0.0,1.591,,,9,69.58324079138906,69.58324079138906,no pobre,basal,2,41.666668,780.5,1.0,44.0,17,281,21934,6,0.0
97,0.0,0.0,0.0,1.0,7.0,4,88.81916583498526,346.1847535232495,pobre,0,2,500.0,678.0,1.0,61.0,15,485,21935,7,1.0
98,0.0,0.0,0.0,1.0,8.0,4,88.81916583498526,346.1847535232495,pobre,0,2,500.0,678.0,1.0,61.0,16,485,21935,7,1.0
97,0.0,0.0,5.1719999,1.0,7.0,6,101.6961656792441,359.7744566831046,pobre,0,2,500.0,810.0,1.0,46.0,13,488,21936,7,1.0
98,0.0,0.0,5.1719999,,,6,101.6961656792441,359.7744566831046,pobre,0,2,500.0,810.0,1.0,46.0,14,488,21936,7,1.0
97,1.0,0.0,5.1719999,1.0,5.0,6,101.6961656792441,359.7744566831046,pobre,0,2,500.0,810.0,1.0,46.0,10,488,21937,5,1.0
98,1.0,0.0,5.1719999,1.0,5.0,6,101.6961656792441,359.7744566831046,pobre,0,2,500.0,810.0,1.0,46.0,11,488,21937,5,1.0
97,1.0,0.0,5.1719999,1.0,0.0,6,101.6961656792441,359.7744566831046,pobre,0,2,500.0,810.0,1.0,46.0,6,488,21938,0,1.0
98,1.0,0.0,5.1719999,1.0,1.0,6,101.6961656792441,359.7744566831046,pobre,0,2,500.0,810.0,1.0,46.0,7,488,21938,0,1.0
97,0.0,0.0,1.591,1.0,5.0,7,69.58324079138906,69.58324079138906,pobre,basal,0,6250.0,603.0,1.0,40.0,12,281,21939,5,1.0
98,0.0,0.0,1.591,1.0,6.0,7,69.58324079138906,69.58324079138906,pobre,basal,0,6250.0,603.0,1.0,40.0,13,281,21939,5,1.0
97,0.0,0.0,1.591,1.0,4.0,7,69.58324079138906,69.58324079138906,pobre,basal,0,6250.0,603.0,1.0,40.0,10,281,21940,4,1.0
98,0.0,0.0,1.591,1.0,3.0,7,69.58324079138906,69.58324079138906,pobre,basal,0,6250.0,603.0,1.0,40.0,11,281,21940,4,1.0
97,0.0,0.0,1.591,1.0,2.0,7,69.58324079138906,69.58324079138906,pobre,basal,0,6250.0,603.0,1.0,40.0,8,281,21941,2,1.0
98,0.0,0.0,1.591,1.0,2.0,7,69.58324079138906,69.58324079138906,pobre,basal,0,6250.0,603.0,1.0,40.0,9,281,21941,2,1.0
97,1.0,0.0,1.591,1.0,0.0,7,69.58324079138906,69.58324079138906,pobre,basal,0,6250.0,603.0,1.0,40.0,6,281,21942,0,1.0
98,1.0,0.0,1.591,1.0,1.0,7,69.58324079138906,69.58324079138906,pobre,basal,0,6250.0,603.0,1.0,40.0,7,281,21942,0,1.0
97,1.0,0.0,1.591,1.0,7.0,4,69.58324079138906,69.58324079138906,pobre,basal,6,720.0,753.0,1.0,54.0,14,281,21943,7,1.0
98,1.0,0.0,1.591,,,4,69.58324079138906,69.58324079138906,pobre,basal,6,720.0,753.0,1.0,54.0,15,281,21943,7,1.0
97,0.0,0.0,1.591,1.0,1.0,4,69.58324079138906,69.58324079138906,pobre,basal,6,720.0,753.0,1.0,54.0,8,281,21944,1,1.0
98,0.0,0.0,1.591,,,4,69.58324079138906,69.58324079138906,pobre,basal,6,720.0,753.0,1.0,54.0,9,281,21944,1,1.0
97,0.0,0.0,1.591,0.0,6.0,6,69.58324079138906,69.58324079138906,pobre,basal,2,50.0,660.0,1.0,57.0,16,281,21945,6,0.0
98,0.0,0.0,1.591,0.0,6.0,6,69.58324079138906,69.58324079138906,pobre,basal,2,50.0,660.0,1.0,57.0,17,281,21945,6,0.0
97,1.0,0.0,1.591,1.0,3.0,6,69.58324079138906,69.58324079138906,pobre,basal,2,50.0,660.0,1.0,57.0,11,281,21946,3,1.0
98,1.0,0.0,1.591,1.0,5.0,6,69.58324079138906,69.58324079138906,pobre,basal,2,50.0,660.0,1.0,57.0,12,281,21946,3,1.0
97,1.0,0.0,1.591,1.0,2.0,6,69.58324079138906,69.58324079138906,pobre,basal,2,50.0,660.0,1.0,57.0,9,281,21947,2,1.0
98,1.0,0.0,1.591,1.0,4.0,6,69.58324079138906,69.58324079138906,pobre,basal,2,50.0,660.0,1.0,57.0,10,281,21947,2,1.0
97,1.0,0.0,1.591,1.0,0.0,6,69.58324079138906,69.58324079138906,pobre,basal,2,50.0,660.0,1.0,57.0,6,281,21948,0,1.0
98,1.0,0.0,1.591,1.0,1.0,6,69.58324079138906,69.58324079138906,pobre,basal,2,50.0,660.0,1.0,57.0,7,281,21948,0,1.0
97,0.0,0.0,1.591,0.0,6.0,8,69.58324079138906,69.58324079138906,pobre,basal,2,58.333332,785.0,1.0,50.0,16,281,21949,6,0.0
98,0.0,0.0,1.591,,,8,69.58324079138906,69.58324079138906,pobre,basal,2,58.333332,785.0,1.0,50.0,17,281,21949,6,0.0
97,0.0,0.0,1.591,0.0,6.0,8,69.58324079138906,69.58324079138906,pobre,basal,2,58.333332,785.0,1.0,50.0,14,281,21950,6,0.0
98,0.0,0.0,1.591,1.0,6.0,8,69.58324079138906,69.58324079138906,pobre,basal,2,58.333332,785.0,1.0,50.0,15,281,21950,6,0.0
97,0.0,0.0,1.591,0.0,6.0,8,69.58324079138906,69.58324079138906,pobre,basal,2,58.333332,785.0,1.0,50.0,12,281,21951,6,0.0
98,0.0,0.0,1.591,1.0,6.0,8,69.58324079138906,69.58324079138906,pobre,basal,2,58.333332,785.0,1.0,50.0,13,281,21951,6,0.0
97,1.0,0.0,1.591,1.0,8.0,3,69.58324079138906,69.58324079138906,pobre,basal,6,1200.0,978.0,0.0,36.0,14,281,21952,8,1.0
98,1.0,0.0,1.591,,,3,69.58324079138906,69.58324079138906,pobre,basal,6,1200.0,978.0,0.0,36.0,15,281,21952,8,1.0
97,1.0,0.0,1.591,0.0,9.0,3,69.58324079138906,69.58324079138906,pobre,basal,6,1200.0,978.0,0.0,36.0,15,281,21953,9,0.0
98,1.0,0.0,1.591,,,3,69.58324079138906,69.58324079138906,pobre,basal,6,1200.0,978.0,0.0,36.0,16,281,21953,9,0.0
97,1.0,0.0,4.428,1.0,5.0,5,67.84936513592754,67.84936513592754,pobre,basal,0,0.0,675.0,1.0,59.0,10,284,21954,5,1.0
98,1.0,0.0,4.428,1.0,5.0,5,67.84936513592754,67.84936513592754,pobre,basal,0,0.0,675.0,1.0,59.0,11,284,21954,5,1.0
97,0.0,0.0,1.591,1.0,5.0,7,69.58324079138906,69.58324079138906,pobre,basal,6,0.0,643.0,1.0,33.0,11,281,21955,5,1.0
98,0.0,0.0,1.591,1.0,6.0,7,69.58324079138906,69.58324079138906,pobre,basal,6,0.0,643.0,1.0,33.0,12,281,21955,5,1.0
97,0.0,0.0,1.591,1.0,3.0,7,69.58324079138906,69.58324079138906,pobre,basal,6,0.0,643.0,1.0,33.0,9,281,21956,3,1.0
98,0.0,0.0,1.591,1.0,4.0,7,69.58324079138906,69.58324079138906,pobre,basal,6,0.0,643.0,1.0,33.0,10,281,21956,3,1.0
97,1.0,0.0,1.591,1.0,1.0,7,69.58324079138906,69.58324079138906,pobre,basal,6,0.0,643.0,1.0,33.0,7,281,21957,1,1.0
98,1.0,0.0,1.591,1.0,2.0,7,69.58324079138906,69.58324079138906,pobre,basal,6,0.0,643.0,1.0,33.0,8,281,21957,1,1.0
97,1.0,0.0,1.591,1.0,4.0,4,69.58324079138906,69.58324079138906,pobre,basal,6,1250.0,721.0,1.0,29.0,10,281,21958,4,1.0
98,1.0,0.0,1.591,1.0,5.0,4,69.58324079138906,69.58324079138906,pobre,basal,6,1250.0,721.0,1.0,29.0,11,281,21958,4,1.0
97,1.0,0.0,4.5120001,0.0,5.0,9,60.22839731787766,60.22839731787766,pobre,basal,3,41.666668,519.75,1.0,44.0,16,275,21959,5,0.0
98,1.0,0.0,4.5120001,,,9,60.22839731787766,60.22839731787766,pobre,basal,3,41.666668,519.75,1.0,44.0,17,275,21959,5,0.0
97,1.0,0.0,4.5120001,0.0,6.0,9,60.22839731787766,60.22839731787766,pobre,basal,3,41.666668,519.75,1.0,44.0,14,275,21960,6,0.0
98,1.0,0.0,4.5120001,0.0,6.0,9,60.22839731787766,60.22839731787766,pobre,basal,3,41.666668,519.75,1.0,44.0,15,275,21960,6,0.0
97,1.0,0.0,4.5120001,0.0,5.0,9,60.22839731787766,60.22839731787766,pobre,basal,3,41.666668,519.75,1.0,44.0,13,275,21961,5,0.0
98,1.0,0.0,4.5120001,1.0,5.0,9,60.22839731787766,60.22839731787766,pobre,basal,3,41.666668,519.75,1.0,44.0,14,275,21961,5,0.0
97,0.0,0.0,4.5120001,1.0,4.0,9,60.22839731787766,60.22839731787766,pobre,basal,3,41.666668,519.75,1.0,44.0,10,275,21962,4,1.0
98,0.0,0.0,4.5120001,1.0,5.0,9,60.22839731787766,60.22839731787766,pobre,basal,3,41.666668,519.75,1.0,44.0,11,275,21962,4,1.0
97,0.0,0.0,4.5120001,1.0,0.0,9,60.22839731787766,60.22839731787766,pobre,basal,3,41.666668,519.75,1.0,44.0,6,275,21963,0,1.0
98,0.0,0.0,4.5120001,1.0,0.0,9,60.22839731787766,60.22839731787766,pobre,basal,3,41.666668,519.75,1.0,44.0,7,275,21963,0,1.0
97,1.0,0.0,4.5120001,1.0,1.0,9,60.22839731787766,60.22839731787766,pobre,basal,3,41.666668,519.75,1.0,44.0,8,275,21964,1,1.0
98,1.0,0.0,4.5120001,1.0,1.0,9,60.22839731787766,60.22839731787766,pobre,basal,3,41.666668,519.75,1.0,44.0,9,275,21964,1,1.0
97,0.0,0.0,4.5120001,1.0,4.0,5,60.22839731787766,60.22839731787766,pobre,basal,2,66.666664,827.0,1.0,53.0,10,275,21965,4,1.0
98,0.0,0.0,4.5120001,1.0,5.0,5,60.22839731787766,60.22839731787766,pobre,basal,2,66.666664,827.0,1.0,53.0,11,275,21965,4,1.0
97,0.0,0.0,2.651,1.0,4.0,6,62.54823852241724,62.54823852241724,pobre,0,6,0.0,648.0,1.0,37.0,8,276,21966,4,1.0
98,0.0,0.0,2.651,,,6,62.54823852241724,62.54823852241724,pobre,0,6,0.0,648.0,1.0,37.0,9,276,21966,4,1.0
97,1.0,0.0,2.651,1.0,1.0,6,62.54823852241724,62.54823852241724,pobre,0,6,0.0,648.0,1.0,37.0,6,276,21967,1,1.0
98,1.0,0.0,2.651,,,6,62.54823852241724,62.54823852241724,pobre,0,6,0.0,648.0,1.0,37.0,7,276,21967,1,1.0
97,1.0,0.0,5.3990002,1.0,4.0,4,126.8546743241916,126.8546743241916,pobre,0,4,416.66666,978.0,1.0,66.0,10,287,21968,4,1.0
98,1.0,0.0,5.3990002,1.0,4.0,4,126.8546743241916,126.8546743241916,pobre,0,4,416.66666,978.0,1.0,66.0,11,287,21968,4,1.0
97,0.0,0.0,5.3990002,1.0,6.0,6,126.8546743241916,126.8546743241916,pobre,0,3,0.0,684.0,1.0,42.0,15,287,21969,6,1.0
98,0.0,0.0,5.3990002,,,6,126.8546743241916,126.8546743241916,pobre,0,3,0.0,684.0,1.0,42.0,16,287,21969,6,1.0
97,0.0,0.0,5.3990002,1.0,6.0,6,126.8546743241916,126.8546743241916,pobre,0,3,0.0,684.0,1.0,42.0,14,287,21970,6,1.0
98,0.0,0.0,5.3990002,,,6,126.8546743241916,126.8546743241916,pobre,0,3,0.0,684.0,1.0,42.0,15,287,21970,6,1.0
97,0.0,0.0,5.3990002,1.0,5.0,6,126.8546743241916,126.8546743241916,pobre,0,3,0.0,684.0,1.0,42.0,11,287,21971,5,1.0
98,0.0,0.0,5.3990002,,,6,126.8546743241916,126.8546743241916,pobre,0,3,0.0,684.0,1.0,42.0,12,287,21971,5,1.0
97,0.0,0.0,5.3990002,1.0,3.0,6,126.8546743241916,126.8546743241916,pobre,0,3,0.0,684.0,1.0,42.0,9,287,21972,3,1.0
98,0.0,0.0,5.3990002,,,6,126.8546743241916,126.8546743241916,pobre,0,3,0.0,684.0,1.0,42.0,10,287,21972,3,1.0
97,0.0,0.0,5.3990002,1.0,6.0,10,126.8546743241916,126.8546743241916,pobre,0,3,8000.0,759.0,1.0,45.0,16,287,21973,6,1.0
98,0.0,0.0,5.3990002,,,10,126.8546743241916,126.8546743241916,pobre,0,3,8000.0,759.0,1.0,45.0,17,287,21973,6,1.0
97,1.0,0.0,5.3990002,1.0,6.0,10,126.8546743241916,126.8546743241916,pobre,0,3,8000.0,759.0,1.0,45.0,15,287,21974,6,1.0
98,1.0,0.0,5.3990002,,,10,126.8546743241916,126.8546743241916,pobre,0,3,8000.0,759.0,1.0,45.0,16,287,21974,6,1.0
97,1.0,0.0,5.3990002,1.0,6.0,10,126.8546743241916,126.8546743241916,pobre,0,3,8000.0,759.0,1.0,45.0,12,287,21975,6,1.0
98,1.0,0.0,5.3990002,0.0,6.0,10,126.8546743241916,126.8546743241916,pobre,0,3,8000.0,759.0,1.0,45.0,13,287,21975,6,1.0
97,0.0,0.0,5.3990002,1.0,5.0,10,126.8546743241916,126.8546743241916,pobre,0,3,8000.0,759.0,1.0,45.0,11,287,21976,5,1.0
98,0.0,0.0,5.3990002,0.0,6.0,10,126.8546743241916,126.8546743241916,pobre,0,3,8000.0,759.0,1.0,45.0,12,287,21976,5,1.0
97,0.0,0.0,5.3990002,1.0,1.0,10,126.8546743241916,126.8546743241916,pobre,0,3,8000.0,759.0,1.0,45.0,7,287,21977,1,1.0
98,0.0,0.0,5.3990002,1.0,2.0,10,126.8546743241916,126.8546743241916,pobre,0,3,8000.0,759.0,1.0,45.0,8,287,21977,1,1.0
97,1.0,0.0,4.428,0.0,7.0,8,67.84936513592754,67.84936513592754,pobre,basal,2,600.0,806.0,1.0,40.0,13,284,21978,7,0.0
98,1.0,0.0,4.428,1.0,7.0,8,67.84936513592754,67.84936513592754,pobre,basal,2,600.0,806.0,1.0,40.0,14,284,21978,7,0.0
97,1.0,0.0,4.428,1.0,5.0,8,67.84936513592754,67.84936513592754,pobre,basal,2,600.0,806.0,1.0,40.0,11,284,21979,5,1.0
98,1.0,0.0,4.428,1.0,6.0,8,67.84936513592754,67.84936513592754,pobre,basal,2,600.0,806.0,1.0,40.0,12,284,21979,5,1.0
97,0.0,0.0,4.428,1.0,1.0,8,67.84936513592754,67.84936513592754,pobre,basal,2,600.0,806.0,1.0,40.0,7,284,21980,1,1.0
98,0.0,0.0,4.428,1.0,2.0,8,67.84936513592754,67.84936513592754,pobre,basal,2,600.0,806.0,1.0,40.0,8,284,21980,1,1.0
97,0.0,0.0,4.428,1.0,0.0,8,67.84936513592754,67.84936513592754,pobre,basal,2,600.0,806.0,1.0,40.0,6,284,21981,0,1.0
98,0.0,0.0,4.428,1.0,1.0,8,67.84936513592754,67.84936513592754,pobre,basal,2,600.0,806.0,1.0,40.0,7,284,21981,0,1.0
97,0.0,0.0,1.591,1.0,4.0,11,69.58324079138906,69.58324079138906,pobre,basal,0,0.0,800.5,1.0,57.0,11,281,21982,4,1.0
98,0.0,0.0,1.591,1.0,4.0,11,69.58324079138906,69.58324079138906,pobre,basal,0,0.0,800.5,1.0,57.0,12,281,21982,4,1.0
97,1.0,0.0,1.591,1.0,2.0,11,69.58324079138906,69.58324079138906,pobre,basal,0,0.0,800.5,1.0,57.0,9,281,21983,2,1.0
98,1.0,0.0,1.591,1.0,3.0,11,69.58324079138906,69.58324079138906,pobre,basal,0,0.0,800.5,1.0,57.0,10,281,21983,2,1.0
97,0.0,0.0,1.591,0.0,6.0,11,69.58324079138906,69.58324079138906,pobre,basal,0,0.0,800.5,1.0,57.0,13,281,21984,6,0.0
98,0.0,0.0,1.591,0.0,6.0,11,69.58324079138906,69.58324079138906,pobre,basal,0,0.0,800.5,1.0,57.0,14,281,21984,6,0.0
97,1.0,0.0,1.591,1.0,1.0,11,69.58324079138906,69.58324079138906,pobre,basal,0,0.0,800.5,1.0,57.0,7,281,21985,1,1.0
98,1.0,0.0,1.591,1.0,1.0,11,69.58324079138906,69.58324079138906,pobre,basal,0,0.0,800.5,1.0,57.0,8,281,21985,1,1.0
97,1.0,0.0,1.591,1.0,4.0,6,69.58324079138906,69.58324079138906,pobre,basal,2,800.0,847.5,1.0,53.0,10,281,21986,4,1.0
98,1.0,0.0,1.591,1.0,5.0,6,69.58324079138906,69.58324079138906,pobre,basal,2,800.0,847.5,1.0,53.0,11,281,21986,4,1.0
97,1.0,0.0,1.591,0.0,6.0,6,69.58324079138906,69.58324079138906,pobre,basal,2,800.0,847.5,1.0,53.0,16,281,21987,6,0.0
98,1.0,0.0,1.591,,,6,69.58324079138906,69.58324079138906,pobre,basal,2,800.0,847.5,1.0,53.0,17,281,21987,6,0.0
97,0.0,0.0,1.591,1.0,8.0,7,69.58324079138906,69.58324079138906,no pobre,basal,3,58.333332,902.5,1.0,57.0,15,281,21988,8,1.0
98,0.0,0.0,1.591,,,7,69.58324079138906,69.58324079138906,no pobre,basal,3,58.333332,902.5,1.0,57.0,16,281,21988,8,1.0
97,0.0,0.0,1.591,1.0,5.0,7,69.58324079138906,69.58324079138906,no pobre,basal,3,58.333332,902.5,1.0,57.0,12,281,21989,5,1.0
98,0.0,0.0,1.591,1.0,6.0,7,69.58324079138906,69.58324079138906,no pobre,basal,3,58.333332,902.5,1.0,57.0,13,281,21989,5,1.0
97,0.0,0.0,4.428,1.0,1.0,8,67.84936513592754,67.84936513592754,pobre,basal,1,600.0,818.0,1.0,45.0,8,284,21990,1,1.0
98,0.0,0.0,4.428,1.0,2.0,8,67.84936513592754,67.84936513592754,pobre,basal,1,600.0,818.0,1.0,45.0,9,284,21990,1,1.0
97,1.0,0.0,4.428,1.0,1.0,8,67.84936513592754,67.84936513592754,pobre,basal,1,600.0,818.0,1.0,45.0,7,284,21991,1,1.0
98,1.0,0.0,4.428,1.0,2.0,8,67.84936513592754,67.84936513592754,pobre,basal,1,600.0,818.0,1.0,45.0,8,284,21991,1,1.0
97,1.0,0.0,4.428,1.0,8.0,6,67.84936513592754,67.84936513592754,pobre,basal,0,750.0,795.0,1.0,41.0,13,284,21992,8,1.0
98,1.0,0.0,4.428,0.0,9.0,6,67.84936513592754,67.84936513592754,pobre,basal,0,750.0,795.0,1.0,41.0,14,284,21992,8,1.0
97,0.0,0.0,4.428,1.0,3.0,6,67.84936513592754,67.84936513592754,pobre,basal,0,750.0,795.0,1.0,41.0,9,284,21993,3,1.0
98,0.0,0.0,4.428,1.0,4.0,6,67.84936513592754,67.84936513592754,pobre,basal,0,750.0,795.0,1.0,41.0,10,284,21993,3,1.0
97,1.0,0.0,4.428,1.0,0.0,6,67.84936513592754,67.84936513592754,pobre,basal,0,750.0,795.0,1.0,41.0,7,284,21994,0,1.0
98,1.0,0.0,4.428,1.0,1.0,6,67.84936513592754,67.84936513592754,pobre,basal,0,750.0,795.0,1.0,41.0,8,284,21994,0,1.0
97,1.0,0.0,4.428,1.0,0.0,6,67.84936513592754,67.84936513592754,pobre,basal,2,4000.0,905.0,1.0,65.0,6,284,21995,0,1.0
98,1.0,0.0,4.428,1.0,1.0,6,67.84936513592754,67.84936513592754,pobre,basal,2,4000.0,905.0,1.0,65.0,7,284,21995,0,1.0
97,1.0,0.0,4.428,1.0,5.0,4,67.84936513592754,67.84936513592754,pobre,basal,3,750.0,724.0,1.0,33.0,11,284,21996,5,1.0
98,1.0,0.0,4.428,,,4,67.84936513592754,67.84936513592754,pobre,basal,3,750.0,724.0,1.0,33.0,12,284,21996,5,1.0
97,1.0,0.0,5.3990002,0.0,6.0,4,126.8546743241916,126.8546743241916,pobre,0,3,750.0,786.0,1.0,44.0,15,287,21997,6,0.0
98,1.0,0.0,5.3990002,,,4,126.8546743241916,126.8546743241916,pobre,0,3,750.0,786.0,1.0,44.0,16,287,21997,6,0.0
97,0.0,0.0,1.591,0.0,8.0,5,69.58324079138906,69.58324079138906,pobre,basal,3,2000.0,939.5,0.0,37.0,16,281,21998,8,0.0
98,0.0,0.0,1.591,,,5,69.58324079138906,69.58324079138906,pobre,basal,3,2000.0,939.5,0.0,37.0,17,281,21998,8,0.0
97,1.0,0.0,1.591,0.0,6.0,5,69.58324079138906,69.58324079138906,pobre,basal,3,2000.0,939.5,0.0,37.0,14,281,21999,6,0.0
98,1.0,0.0,1.591,0.0,6.0,5,69.58324079138906,69.58324079138906,pobre,basal,3,2000.0,939.5,0.0,37.0,15,281,21999,6,0.0
97,1.0,0.0,1.591,0.0,6.0,5,69.58324079138906,69.58324079138906,pobre,basal,3,2000.0,939.5,0.0,37.0,13,281,22000,6,0.0
98,1.0,0.0,1.591,0.0,6.0,5,69.58324079138906,69.58324079138906,pobre,basal,3,2000.0,939.5,0.0,37.0,14,281,22000,6,0.0
97,0.0,0.0,5.3990002,1.0,4.0,7,126.8546743241916,126.8546743241916,pobre,0,3,1000.0,837.5,1.0,37.0,13,287,22001,4,1.0
98,0.0,0.0,5.3990002,0.0,5.0,7,126.8546743241916,126.8546743241916,pobre,0,3,1000.0,837.5,1.0,37.0,14,287,22001,4,1.0
97,1.0,0.0,5.3990002,1.0,1.0,7,126.8546743241916,126.8546743241916,pobre,0,3,1000.0,837.5,1.0,37.0,7,287,22002,1,1.0
98,1.0,0.0,5.3990002,1.0,2.0,7,126.8546743241916,126.8546743241916,pobre,0,3,1000.0,837.5,1.0,37.0,8,287,22002,1,1.0
97,1.0,0.0,5.3990002,0.0,5.0,7,126.8546743241916,126.8546743241916,pobre,0,3,1000.0,837.5,1.0,37.0,15,287,22003,5,0.0
98,1.0,0.0,5.3990002,0.0,5.0,7,126.8546743241916,126.8546743241916,pobre,0,3,1000.0,837.5,1.0,37.0,16,287,22003,5,0.0
97,0.0,0.0,5.3990002,0.0,6.0,6,126.8546743241916,126.8546743241916,no pobre,0,3,250.0,1128.0,1.0,57.0,14,287,22004,6,0.0
98,0.0,0.0,5.3990002,0.0,6.0,6,126.8546743241916,126.8546743241916,no pobre,0,3,250.0,1128.0,1.0,57.0,15,287,22004,6,0.0
97,1.0,0.0,5.3990002,1.0,6.0,6,126.8546743241916,126.8546743241916,no pobre,0,3,250.0,1128.0,1.0,57.0,12,287,22005,6,1.0
98,1.0,0.0,5.3990002,1.0,6.0,6,126.8546743241916,126.8546743241916,no pobre,0,3,250.0,1128.0,1.0,57.0,13,287,22005,6,1.0
97,0.0,0.0,5.3990002,0.0,6.0,6,126.8546743241916,126.8546743241916,no pobre,0,3,250.0,1128.0,1.0,57.0,16,287,22006,6,0.0
98,0.0,0.0,5.3990002,,,6,126.8546743241916,126.8546743241916,no pobre,0,3,250.0,1128.0,1.0,57.0,17,287,22006,6,0.0
97,1.0,0.0,0.0,1.0,6.0,4,88.81916583498526,346.1847535232495,pobre,0,0,500.0,592.0,1.0,65.0,13,485,22007,6,1.0
98,1.0,0.0,0.0,1.0,7.0,4,88.81916583498526,346.1847535232495,pobre,0,0,500.0,592.0,1.0,65.0,14,485,22007,6,1.0
97,1.0,0.0,0.0,1.0,3.0,4,88.81916583498526,346.1847535232495,pobre,0,0,500.0,592.0,1.0,65.0,10,485,22008,3,1.0
98,1.0,0.0,0.0,1.0,3.0,4,88.81916583498526,346.1847535232495,pobre,0,0,500.0,592.0,1.0,65.0,11,485,22008,3,1.0
97,0.0,0.0,0.0,1.0,5.0,6,88.81916583498526,346.1847535232495,pobre,0,2,500.0,653.0,1.0,52.0,13,485,22009,5,1.0
98,0.0,0.0,0.0,1.0,6.0,6,88.81916583498526,346.1847535232495,pobre,0,2,500.0,653.0,1.0,52.0,14,485,22009,5,1.0
97,1.0,0.0,0.0,1.0,8.0,8,88.81916583498526,346.1847535232495,pobre,0,6,500.0,473.0,1.0,49.0,14,485,22010,8,1.0
98,1.0,0.0,0.0,0.0,9.0,8,88.81916583498526,346.1847535232495,pobre,0,6,500.0,473.0,1.0,49.0,15,485,22010,8,1.0
97,0.0,0.0,0.0,1.0,5.0,8,88.81916583498526,346.1847535232495,pobre,0,6,500.0,473.0,1.0,49.0,11,485,22011,5,1.0
98,0.0,0.0,0.0,0.0,6.0,8,88.81916583498526,346.1847535232495,pobre,0,6,500.0,473.0,1.0,49.0,12,485,22011,5,1.0
97,1.0,0.0,0.0,1.0,3.0,8,88.81916583498526,346.1847535232495,pobre,0,6,500.0,473.0,1.0,49.0,9,485,22012,3,1.0
98,1.0,0.0,0.0,1.0,4.0,8,88.81916583498526,346.1847535232495,pobre,0,6,500.0,473.0,1.0,49.0,10,485,22012,3,1.0
97,1.0,0.0,0.0,1.0,0.0,8,88.81916583498526,346.1847535232495,pobre,0,6,500.0,473.0,1.0,49.0,6,485,22013,0,1.0
98,1.0,0.0,0.0,1.0,0.0,8,88.81916583498526,346.1847535232495,pobre,0,6,500.0,473.0,1.0,49.0,7,485,22013,0,1.0
97,1.0,0.0,1.591,1.0,0.0,4,69.58324079138906,69.58324079138906,pobre,basal,6,1200.0,744.0,1.0,31.0,6,281,22014,0,1.0
98,1.0,0.0,1.591,1.0,0.0,4,69.58324079138906,69.58324079138906,pobre,basal,6,1200.0,744.0,1.0,31.0,7,281,22014,0,1.0
97,0.0,0.0,1.591,0.0,6.0,9,69.58324079138906,69.58324079138906,pobre,basal,2,1600.0,697.0,1.0,57.0,15,281,22015,6,0.0
98,0.0,0.0,1.591,,,9,69.58324079138906,69.58324079138906,pobre,basal,2,1600.0,697.0,1.0,57.0,16,281,22015,6,0.0
97,0.0,0.0,1.591,0.0,6.0,9,69.58324079138906,69.58324079138906,pobre,basal,2,1600.0,697.0,1.0,57.0,15,281,22016,6,0.0
98,0.0,0.0,1.591,0.0,6.0,9,69.58324079138906,69.58324079138906,pobre,basal,2,1600.0,697.0,1.0,57.0,16,281,22016,6,0.0
97,1.0,0.0,1.591,1.0,6.0,9,69.58324079138906,69.58324079138906,pobre,basal,2,1600.0,697.0,1.0,57.0,12,281,22017,6,1.0
98,1.0,0.0,1.591,0.0,6.0,9,69.58324079138906,69.58324079138906,pobre,basal,2,1600.0,697.0,1.0,57.0,13,281,22017,6,1.0
97,1.0,0.0,1.591,1.0,1.0,9,69.58324079138906,69.58324079138906,pobre,basal,2,1600.0,697.0,1.0,57.0,10,281,22018,1,1.0
98,1.0,0.0,1.591,1.0,2.0,9,69.58324079138906,69.58324079138906,pobre,basal,2,1600.0,697.0,1.0,57.0,11,281,22018,1,1.0
97,0.0,0.0,1.591,0.0,9.0,6,69.58324079138906,69.58324079138906,no pobre,basal,6,11200.0,1047.0,1.0,43.0,15,281,22019,9,0.0
98,0.0,0.0,1.591,,,6,69.58324079138906,69.58324079138906,no pobre,basal,6,11200.0,1047.0,1.0,43.0,16,281,22019,9,0.0
97,0.0,0.0,1.591,0.0,6.0,5,69.58324079138906,69.58324079138906,pobre,basal,2,1250.0,752.0,1.0,38.0,16,281,22020,6,0.0
98,0.0,0.0,1.591,,,5,69.58324079138906,69.58324079138906,pobre,basal,2,1250.0,752.0,1.0,38.0,17,281,22020,6,0.0
97,1.0,0.0,1.591,1.0,6.0,5,69.58324079138906,69.58324079138906,pobre,basal,2,1250.0,752.0,1.0,38.0,12,281,22021,6,1.0
98,1.0,0.0,1.591,1.0,7.0,5,69.58324079138906,69.58324079138906,pobre,basal,2,1250.0,752.0,1.0,38.0,13,281,22021,6,1.0
97,1.0,0.0,1.591,1.0,3.0,5,69.58324079138906,69.58324079138906,pobre,basal,2,1250.0,752.0,1.0,38.0,8,281,22022,3,1.0
98,1.0,0.0,1.591,1.0,4.0,5,69.58324079138906,69.58324079138906,pobre,basal,2,1250.0,752.0,1.0,38.0,9,281,22022,3,1.0
97,1.0,0.0,1.591,0.0,9.0,5,69.58324079138906,69.58324079138906,pobre,basal,2,1000.0,931.5,1.0,41.0,16,281,22023,9,0.0
98,1.0,0.0,1.591,,,5,69.58324079138906,69.58324079138906,pobre,basal,2,1000.0,931.5,1.0,41.0,17,281,22023,9,0.0
97,1.0,0.0,1.591,1.0,6.0,5,69.58324079138906,69.58324079138906,pobre,basal,2,1000.0,931.5,1.0,41.0,13,281,22024,6,1.0
98,1.0,0.0,1.591,1.0,7.0,5,69.58324079138906,69.58324079138906,pobre,basal,2,1000.0,931.5,1.0,41.0,14,281,22024,6,1.0
97,0.0,0.0,6.7810001,1.0,3.0,7,116.0150927406549,116.0150927406549,pobre,basal,4,625.0,618.0,1.0,29.0,13,21,22025,3,1.0
98,0.0,0.0,6.7810001,1.0,4.0,7,116.0150927406549,116.0150927406549,pobre,basal,4,625.0,618.0,1.0,29.0,14,21,22025,3,1.0
97,1.0,0.0,6.7810001,1.0,2.0,7,116.0150927406549,116.0150927406549,pobre,basal,4,625.0,618.0,1.0,29.0,10,21,22026,2,1.0
98,1.0,0.0,6.7810001,1.0,3.0,7,116.0150927406549,116.0150927406549,pobre,basal,4,625.0,618.0,1.0,29.0,11,21,22026,2,1.0
97,0.0,0.0,6.7810001,1.0,2.0,7,116.0150927406549,116.0150927406549,pobre,basal,4,625.0,618.0,1.0,29.0,8,21,22027,2,1.0
98,0.0,0.0,6.7810001,1.0,3.0,7,116.0150927406549,116.0150927406549,pobre,basal,4,625.0,618.0,1.0,29.0,9,21,22027,2,1.0
97,0.0,0.0,6.7810001,0.0,5.0,7,116.0150927406549,116.0150927406549,no pobre,basal,0,625.0,752.25,1.0,56.0,15,21,22028,5,0.0
98,0.0,0.0,6.7810001,0.0,5.0,7,116.0150927406549,116.0150927406549,no pobre,basal,0,625.0,752.25,1.0,56.0,16,21,22028,5,0.0
97,1.0,0.0,6.7810001,0.0,5.0,7,116.0150927406549,116.0150927406549,no pobre,basal,0,625.0,752.25,1.0,56.0,13,21,22029,5,0.0
98,1.0,0.0,6.7810001,1.0,6.0,7,116.0150927406549,116.0150927406549,no pobre,basal,0,625.0,752.25,1.0,56.0,14,21,22029,5,0.0
97,1.0,0.0,6.7810001,0.0,2.0,7,116.0150927406549,116.0150927406549,no pobre,basal,0,625.0,752.25,1.0,56.0,10,21,22030,2,0.0
98,1.0,0.0,6.7810001,1.0,3.0,7,116.0150927406549,116.0150927406549,no pobre,basal,0,625.0,752.25,1.0,56.0,11,21,22030,2,0.0
97,1.0,1.0,6.7810001,0.0,6.0,5,116.0150927406549,116.0150927406549,pobre,basal,2,0.0,716.66998,1.0,55.0,14,21,22031,6,0.0
98,1.0,1.0,6.7810001,0.0,6.0,5,116.0150927406549,116.0150927406549,pobre,basal,2,0.0,716.66998,1.0,55.0,15,21,22031,6,0.0
97,0.0,1.0,6.7810001,,0.0,5,116.0150927406549,116.0150927406549,pobre,basal,2,0.0,716.66998,1.0,55.0,12,21,22032,0,
98,0.0,1.0,6.7810001,1.0,4.0,5,116.0150927406549,116.0150927406549,pobre,basal,2,0.0,716.66998,1.0,55.0,13,21,22032,0,
97,0.0,0.0,6.7810001,1.0,2.0,8,116.0150927406549,116.0150927406549,pobre,basal,2,625.0,761.66998,1.0,52.0,8,21,22033,2,1.0
98,0.0,0.0,6.7810001,,,8,116.0150927406549,116.0150927406549,pobre,basal,2,625.0,761.66998,1.0,52.0,9,21,22033,2,1.0
97,1.0,0.0,6.7810001,1.0,2.0,8,116.0150927406549,116.0150927406549,pobre,basal,0,625.0,767.0,0.0,64.0,10,21,22034,2,1.0
98,1.0,0.0,6.7810001,,,8,116.0150927406549,116.0150927406549,pobre,basal,0,625.0,767.0,0.0,64.0,11,21,22034,2,1.0
97,1.0,0.0,6.7810001,0.0,5.0,5,116.0150927406549,116.0150927406549,pobre,basal,0,625.0,715.66998,1.0,53.0,16,21,22035,5,0.0
98,1.0,0.0,6.7810001,0.0,5.0,5,116.0150927406549,116.0150927406549,pobre,basal,0,625.0,715.66998,1.0,53.0,17,21,22035,5,0.0
97,0.0,0.0,6.7810001,0.0,2.0,5,116.0150927406549,116.0150927406549,pobre,basal,0,625.0,715.66998,1.0,53.0,13,21,22036,2,0.0
98,0.0,0.0,6.7810001,0.0,2.0,5,116.0150927406549,116.0150927406549,pobre,basal,0,625.0,715.66998,1.0,53.0,14,21,22036,2,0.0
97,1.0,0.0,6.7810001,1.0,2.0,5,116.0150927406549,116.0150927406549,pobre,basal,0,625.0,715.66998,1.0,53.0,8,21,22037,2,1.0
98,1.0,0.0,6.7810001,1.0,2.0,5,116.0150927406549,116.0150927406549,pobre,basal,0,625.0,715.66998,1.0,53.0,9,21,22037,2,1.0
97,0.0,0.0,6.7810001,1.0,0.0,4,116.0150927406549,116.0150927406549,pobre,basal,5,750.0,749.0,1.0,33.0,7,21,22038,0,1.0
98,0.0,0.0,6.7810001,1.0,2.0,4,116.0150927406549,116.0150927406549,pobre,basal,5,750.0,749.0,1.0,33.0,8,21,22038,0,1.0
97,1.0,0.0,6.7810001,1.0,7.0,7,116.0150927406549,116.0150927406549,pobre,basal,0,625.0,709.5,1.0,37.0,13,21,22039,7,1.0
98,1.0,0.0,6.7810001,,,7,116.0150927406549,116.0150927406549,pobre,basal,0,625.0,709.5,1.0,37.0,14,21,22039,7,1.0
97,0.0,0.0,6.7810001,1.0,5.0,7,116.0150927406549,116.0150927406549,pobre,basal,0,625.0,709.5,1.0,37.0,11,21,22040,5,1.0
98,0.0,0.0,6.7810001,,,7,116.0150927406549,116.0150927406549,pobre,basal,0,625.0,709.5,1.0,37.0,12,21,22040,5,1.0
97,0.0,0.0,6.7810001,1.0,2.0,7,116.0150927406549,116.0150927406549,pobre,basal,0,625.0,709.5,1.0,37.0,9,21,22041,2,1.0
98,0.0,0.0,6.7810001,1.0,3.0,7,116.0150927406549,116.0150927406549,pobre,basal,0,625.0,709.5,1.0,37.0,10,21,22041,2,1.0
97,1.0,0.0,6.7810001,0.0,6.0,7,116.0150927406549,116.0150927406549,pobre,basal,6,625.0,740.33002,1.0,34.0,16,21,22042,6,0.0
98,1.0,0.0,6.7810001,0.0,6.0,7,116.0150927406549,116.0150927406549,pobre,basal,6,625.0,740.33002,1.0,34.0,17,21,22042,6,0.0
97,0.0,0.0,6.7810001,0.0,6.0,7,116.0150927406549,116.0150927406549,pobre,basal,6,625.0,740.33002,1.0,34.0,12,21,22043,6,0.0
98,0.0,0.0,6.7810001,0.0,6.0,7,116.0150927406549,116.0150927406549,pobre,basal,6,625.0,740.33002,1.0,34.0,13,21,22043,6,0.0
97,0.0,0.0,6.7810001,1.0,5.0,7,116.0150927406549,116.0150927406549,pobre,basal,6,625.0,740.33002,1.0,34.0,11,21,22044,5,1.0
98,0.0,0.0,6.7810001,1.0,5.0,7,116.0150927406549,116.0150927406549,pobre,basal,6,625.0,740.33002,1.0,34.0,12,21,22044,5,1.0
97,0.0,0.0,6.7810001,1.0,2.0,7,116.0150927406549,116.0150927406549,pobre,basal,6,625.0,740.33002,1.0,34.0,9,21,22045,2,1.0
98,0.0,0.0,6.7810001,1.0,3.0,7,116.0150927406549,116.0150927406549,pobre,basal,6,625.0,740.33002,1.0,34.0,10,21,22045,2,1.0
97,1.0,0.0,6.7810001,0.0,6.0,8,116.0150927406549,116.0150927406549,pobre,basal,2,625.0,722.66998,1.0,37.0,15,21,22046,6,0.0
98,1.0,0.0,6.7810001,0.0,6.0,8,116.0150927406549,116.0150927406549,pobre,basal,2,625.0,722.66998,1.0,37.0,16,21,22046,6,0.0
97,1.0,0.0,6.7810001,1.0,2.0,8,116.0150927406549,116.0150927406549,pobre,basal,2,625.0,722.66998,1.0,37.0,11,21,22047,2,1.0
98,1.0,0.0,6.7810001,1.0,4.0,8,116.0150927406549,116.0150927406549,pobre,basal,2,625.0,722.66998,1.0,37.0,12,21,22047,2,1.0
97,1.0,0.0,6.7810001,1.0,1.0,8,116.0150927406549,116.0150927406549,pobre,basal,2,625.0,722.66998,1.0,37.0,7,21,22048,1,1.0
98,1.0,0.0,6.7810001,1.0,2.0,8,116.0150927406549,116.0150927406549,pobre,basal,2,625.0,722.66998,1.0,37.0,8,21,22048,1,1.0
97,0.0,0.0,6.7810001,0.0,6.0,6,116.0150927406549,116.0150927406549,pobre,basal,0,625.0,658.0,1.0,39.0,15,21,22049,6,0.0
98,0.0,0.0,6.7810001,,,6,116.0150927406549,116.0150927406549,pobre,basal,0,625.0,658.0,1.0,39.0,16,21,22049,6,0.0
97,0.0,0.0,6.7810001,0.0,4.0,6,116.0150927406549,116.0150927406549,pobre,basal,0,625.0,658.0,1.0,39.0,13,21,22050,4,0.0
98,0.0,0.0,6.7810001,,,6,116.0150927406549,116.0150927406549,pobre,basal,0,625.0,658.0,1.0,39.0,14,21,22050,4,0.0
97,0.0,0.0,6.7810001,1.0,4.0,6,116.0150927406549,116.0150927406549,pobre,basal,0,625.0,658.0,1.0,39.0,12,21,22051,4,1.0
98,0.0,0.0,6.7810001,1.0,5.0,6,116.0150927406549,116.0150927406549,pobre,basal,0,625.0,658.0,1.0,39.0,13,21,22051,4,1.0
97,0.0,0.0,6.7810001,1.0,1.0,6,116.0150927406549,116.0150927406549,pobre,basal,0,625.0,658.0,1.0,39.0,9,21,22052,1,1.0
98,0.0,0.0,6.7810001,1.0,2.0,6,116.0150927406549,116.0150927406549,pobre,basal,0,625.0,658.0,1.0,39.0,10,21,22052,1,1.0
97,0.0,1.0,6.7810001,1.0,0.0,6,116.0150927406549,116.0150927406549,pobre,basal,0,25.0,782.5,1.0,61.0,6,21,22053,0,1.0
98,0.0,1.0,6.7810001,1.0,1.0,6,116.0150927406549,116.0150927406549,pobre,basal,0,25.0,782.5,1.0,61.0,7,21,22053,0,1.0
97,0.0,0.0,6.7810001,1.0,1.0,6,116.0150927406549,116.0150927406549,pobre,basal,7,625.0,735.0,1.0,26.0,7,21,22054,1,1.0
98,0.0,0.0,6.7810001,1.0,1.0,6,116.0150927406549,116.0150927406549,pobre,basal,7,625.0,735.0,1.0,26.0,8,21,22054,1,1.0
97,1.0,1.0,6.7810001,0.0,6.0,4,116.0150927406549,116.0150927406549,pobre,basal,4,100.0,713.0,0.0,44.0,15,21,22055,6,0.0
98,1.0,1.0,6.7810001,0.0,6.0,4,116.0150927406549,116.0150927406549,pobre,basal,4,100.0,713.0,0.0,44.0,16,21,22055,6,0.0
97,0.0,1.0,6.7810001,1.0,4.0,4,116.0150927406549,116.0150927406549,pobre,basal,4,100.0,713.0,0.0,44.0,12,21,22056,4,1.0
98,0.0,1.0,6.7810001,1.0,5.0,4,116.0150927406549,116.0150927406549,pobre,basal,4,100.0,713.0,0.0,44.0,13,21,22056,4,1.0
97,0.0,1.0,6.7810001,1.0,4.0,4,116.0150927406549,116.0150927406549,pobre,basal,4,100.0,713.0,0.0,44.0,11,21,22057,4,1.0
98,0.0,1.0,6.7810001,1.0,5.0,4,116.0150927406549,116.0150927406549,pobre,basal,4,100.0,713.0,0.0,44.0,12,21,22057,4,1.0
97,1.0,1.0,6.7810001,0.0,6.0,10,116.0150927406549,116.0150927406549,pobre,basal,2,0.0,733.0,1.0,42.0,15,21,22058,6,0.0
98,1.0,1.0,6.7810001,0.0,6.0,10,116.0150927406549,116.0150927406549,pobre,basal,2,0.0,733.0,1.0,42.0,16,21,22058,6,0.0
97,0.0,1.0,6.7810001,0.0,6.0,10,116.0150927406549,116.0150927406549,pobre,basal,2,0.0,733.0,1.0,42.0,13,21,22059,6,0.0
98,0.0,1.0,6.7810001,0.0,6.0,10,116.0150927406549,116.0150927406549,pobre,basal,2,0.0,733.0,1.0,42.0,14,21,22059,6,0.0
97,0.0,1.0,6.7810001,1.0,2.0,10,116.0150927406549,116.0150927406549,pobre,basal,2,0.0,733.0,1.0,42.0,11,21,22060,2,1.0
98,0.0,1.0,6.7810001,1.0,2.0,10,116.0150927406549,116.0150927406549,pobre,basal,2,0.0,733.0,1.0,42.0,12,21,22060,2,1.0
97,1.0,1.0,6.7810001,1.0,2.0,10,116.0150927406549,116.0150927406549,pobre,basal,2,0.0,733.0,1.0,42.0,9,21,22061,2,1.0
98,1.0,1.0,6.7810001,1.0,4.0,10,116.0150927406549,116.0150927406549,pobre,basal,2,0.0,733.0,1.0,42.0,10,21,22061,2,1.0
97,1.0,0.0,6.7810001,1.0,0.0,4,116.0150927406549,116.0150927406549,pobre,basal,3,750.0,651.0,1.0,35.0,7,21,22062,0,1.0
98,1.0,0.0,6.7810001,1.0,2.0,4,116.0150927406549,116.0150927406549,pobre,basal,3,750.0,651.0,1.0,35.0,8,21,22062,0,1.0
97,0.0,0.0,6.7810001,1.0,4.0,8,116.0150927406549,116.0150927406549,pobre,basal,1,875.0,726.0,1.0,42.0,11,21,22063,4,1.0
98,0.0,0.0,6.7810001,1.0,5.0,8,116.0150927406549,116.0150927406549,pobre,basal,1,875.0,726.0,1.0,42.0,12,21,22063,4,1.0
97,0.0,0.0,6.7810001,1.0,2.0,8,116.0150927406549,116.0150927406549,pobre,basal,1,875.0,726.0,1.0,42.0,9,21,22064,2,1.0
98,0.0,0.0,6.7810001,1.0,3.0,8,116.0150927406549,116.0150927406549,pobre,basal,1,875.0,726.0,1.0,42.0,10,21,22064,2,1.0
97,0.0,0.0,6.7810001,1.0,1.0,8,116.0150927406549,116.0150927406549,pobre,basal,1,875.0,726.0,1.0,42.0,7,21,22065,1,1.0
98,0.0,0.0,6.7810001,1.0,2.0,8,116.0150927406549,116.0150927406549,pobre,basal,1,875.0,726.0,1.0,42.0,8,21,22065,1,1.0
97,0.0,0.0,6.7810001,1.0,2.0,6,116.0150927406549,116.0150927406549,pobre,basal,1,0.0,676.0,1.0,34.0,9,21,22066,2,1.0
98,0.0,0.0,6.7810001,1.0,3.0,6,116.0150927406549,116.0150927406549,pobre,basal,1,0.0,676.0,1.0,34.0,10,21,22066,2,1.0
97,1.0,0.0,6.7810001,1.0,0.0,6,116.0150927406549,116.0150927406549,pobre,basal,1,0.0,676.0,1.0,34.0,7,21,22067,0,1.0
98,1.0,0.0,6.7810001,1.0,1.0,6,116.0150927406549,116.0150927406549,pobre,basal,1,0.0,676.0,1.0,34.0,8,21,22067,0,1.0
97,0.0,0.0,6.7810001,1.0,4.0,6,116.0150927406549,116.0150927406549,pobre,basal,1,500.0,708.0,1.0,30.0,10,21,22068,4,1.0
98,0.0,0.0,6.7810001,1.0,5.0,6,116.0150927406549,116.0150927406549,pobre,basal,1,500.0,708.0,1.0,30.0,11,21,22068,4,1.0
97,0.0,0.0,6.7810001,1.0,3.0,6,116.0150927406549,116.0150927406549,pobre,basal,1,500.0,708.0,1.0,30.0,8,21,22069,3,1.0
98,0.0,0.0,6.7810001,1.0,1.0,6,116.0150927406549,116.0150927406549,pobre,basal,1,500.0,708.0,1.0,30.0,9,21,22069,3,1.0
97,1.0,0.0,6.7810001,0.0,4.0,8,116.0150927406549,116.0150927406549,pobre,basal,0,0.0,754.79999,1.0,56.0,16,21,22070,4,0.0
98,1.0,0.0,6.7810001,,,8,116.0150927406549,116.0150927406549,pobre,basal,0,0.0,754.79999,1.0,56.0,17,21,22070,4,0.0
97,0.0,0.0,6.7810001,0.0,6.0,8,116.0150927406549,116.0150927406549,pobre,basal,0,0.0,754.79999,1.0,56.0,12,21,22071,6,0.0
98,0.0,0.0,6.7810001,0.0,6.0,8,116.0150927406549,116.0150927406549,pobre,basal,0,0.0,754.79999,1.0,56.0,13,21,22071,6,0.0
97,0.0,0.0,6.7810001,1.0,3.0,8,116.0150927406549,116.0150927406549,pobre,basal,0,0.0,754.79999,1.0,56.0,9,21,22072,3,1.0
98,0.0,0.0,6.7810001,1.0,4.0,8,116.0150927406549,116.0150927406549,pobre,basal,0,0.0,754.79999,1.0,56.0,10,21,22072,3,1.0
97,1.0,0.0,6.7810001,1.0,6.0,7,116.0150927406549,116.0150927406549,pobre,basal,1,800.0,742.33002,1.0,34.0,12,21,22073,6,1.0
98,1.0,0.0,6.7810001,1.0,7.0,7,116.0150927406549,116.0150927406549,pobre,basal,1,800.0,742.33002,1.0,34.0,13,21,22073,6,1.0
97,0.0,0.0,6.7810001,1.0,2.0,7,116.0150927406549,116.0150927406549,pobre,basal,1,800.0,742.33002,1.0,34.0,9,21,22074,2,1.0
98,0.0,0.0,6.7810001,1.0,3.0,7,116.0150927406549,116.0150927406549,pobre,basal,1,800.0,742.33002,1.0,34.0,10,21,22074,2,1.0
97,1.0,0.0,6.7810001,1.0,0.0,7,116.0150927406549,116.0150927406549,pobre,basal,1,800.0,742.33002,1.0,34.0,8,21,22075,0,1.0
98,1.0,0.0,6.7810001,1.0,1.0,7,116.0150927406549,116.0150927406549,pobre,basal,1,800.0,742.33002,1.0,34.0,9,21,22075,0,1.0
97,1.0,0.0,6.7810001,,0.0,5,116.0150927406549,116.0150927406549,pobre,basal,0,50.0,773.5,1.0,39.0,16,21,22076,0,
98,1.0,0.0,6.7810001,,,5,116.0150927406549,116.0150927406549,pobre,basal,0,50.0,773.5,1.0,39.0,17,21,22076,0,
97,0.0,0.0,6.7810001,0.0,6.0,8,116.0150927406549,116.0150927406549,no pobre,basal,1,62.5,756.33002,1.0,43.0,16,21,22077,6,0.0
98,0.0,0.0,6.7810001,,,8,116.0150927406549,116.0150927406549,no pobre,basal,1,62.5,756.33002,1.0,43.0,17,21,22077,6,0.0
97,0.0,0.0,6.7810001,0.0,6.0,8,116.0150927406549,116.0150927406549,no pobre,basal,1,62.5,756.33002,1.0,43.0,14,21,22078,6,0.0
98,0.0,0.0,6.7810001,0.0,6.0,8,116.0150927406549,116.0150927406549,no pobre,basal,1,62.5,756.33002,1.0,43.0,15,21,22078,6,0.0
97,1.0,0.0,6.7810001,0.0,6.0,8,116.0150927406549,116.0150927406549,no pobre,basal,1,62.5,756.33002,1.0,43.0,12,21,22079,6,0.0
98,1.0,0.0,6.7810001,0.0,6.0,8,116.0150927406549,116.0150927406549,no pobre,basal,1,62.5,756.33002,1.0,43.0,13,21,22079,6,0.0
97,0.0,0.0,6.7810001,1.0,1.0,8,116.0150927406549,116.0150927406549,no pobre,basal,1,62.5,756.33002,1.0,43.0,7,21,22080,1,1.0
98,0.0,0.0,6.7810001,1.0,2.0,8,116.0150927406549,116.0150927406549,no pobre,basal,1,62.5,756.33002,1.0,43.0,8,21,22080,1,1.0
97,0.0,0.0,6.7810001,1.0,3.0,7,116.0150927406549,116.0150927406549,pobre,basal,7,750.0,697.5,1.0,33.0,8,21,22081,3,1.0
98,0.0,0.0,6.7810001,1.0,3.0,7,116.0150927406549,116.0150927406549,pobre,basal,7,750.0,697.5,1.0,33.0,9,21,22081,3,1.0
97,0.0,0.0,6.7810001,1.0,1.0,7,116.0150927406549,116.0150927406549,pobre,basal,7,750.0,697.5,1.0,33.0,7,21,22082,1,1.0
98,0.0,0.0,6.7810001,1.0,1.0,7,116.0150927406549,116.0150927406549,pobre,basal,7,750.0,697.5,1.0,33.0,8,21,22082,1,1.0
97,0.0,0.0,6.7810001,,0.0,7,116.0150927406549,116.0150927406549,pobre,basal,7,750.0,697.5,1.0,33.0,6,21,22083,0,
98,0.0,0.0,6.7810001,1.0,1.0,7,116.0150927406549,116.0150927406549,pobre,basal,7,750.0,697.5,1.0,33.0,7,21,22083,0,
97,0.0,0.0,6.7810001,0.0,6.0,9,116.0150927406549,116.0150927406549,pobre,basal,0,0.0,727.0,1.0,57.0,14,21,22084,6,0.0
98,0.0,0.0,6.7810001,0.0,6.0,9,116.0150927406549,116.0150927406549,pobre,basal,0,0.0,727.0,1.0,57.0,15,21,22084,6,0.0
97,0.0,0.0,6.7810001,1.0,5.0,9,116.0150927406549,116.0150927406549,pobre,basal,0,0.0,727.0,1.0,57.0,11,21,22085,5,1.0
98,0.0,0.0,6.7810001,0.0,6.0,9,116.0150927406549,116.0150927406549,pobre,basal,0,0.0,727.0,1.0,57.0,12,21,22085,5,1.0
97,0.0,0.0,6.7810001,1.0,2.0,9,116.0150927406549,116.0150927406549,pobre,basal,0,0.0,727.0,1.0,57.0,9,21,22086,2,1.0
98,0.0,0.0,6.7810001,1.0,3.0,9,116.0150927406549,116.0150927406549,pobre,basal,0,0.0,727.0,1.0,57.0,10,21,22086,2,1.0
97,0.0,0.0,6.7810001,1.0,0.0,9,116.0150927406549,116.0150927406549,pobre,basal,0,0.0,727.0,1.0,57.0,6,21,22087,0,1.0
98,0.0,0.0,6.7810001,1.0,1.0,9,116.0150927406549,116.0150927406549,pobre,basal,0,0.0,727.0,1.0,57.0,7,21,22087,0,1.0
97,1.0,0.0,6.7810001,1.0,2.0,5,116.0150927406549,116.0150927406549,pobre,basal,0,750.0,681.0,1.0,52.0,8,21,22088,2,1.0
98,1.0,0.0,6.7810001,1.0,3.0,5,116.0150927406549,116.0150927406549,pobre,basal,0,750.0,681.0,1.0,52.0,9,21,22088,2,1.0
97,1.0,1.0,6.7810001,,0.0,5,116.0150927406549,116.0150927406549,pobre,basal,0,80.0,718.5,1.0,60.0,12,21,22089,0,
98,1.0,1.0,6.7810001,1.0,5.0,5,116.0150927406549,116.0150927406549,pobre,basal,0,80.0,718.5,1.0,60.0,13,21,22089,0,
97,1.0,0.0,6.7810001,,0.0,7,116.0150927406549,116.0150927406549,pobre,basal,3,500.0,681.5,1.0,43.0,15,21,22090,0,
98,1.0,0.0,6.7810001,0.0,2.0,7,116.0150927406549,116.0150927406549,pobre,basal,3,500.0,681.5,1.0,43.0,16,21,22090,0,
97,0.0,0.0,6.7810001,1.0,6.0,7,116.0150927406549,116.0150927406549,pobre,basal,3,500.0,681.5,1.0,43.0,12,21,22091,6,1.0
98,0.0,0.0,6.7810001,1.0,7.0,7,116.0150927406549,116.0150927406549,pobre,basal,3,500.0,681.5,1.0,43.0,13,21,22091,6,1.0
97,0.0,0.0,6.7810001,1.0,3.0,7,116.0150927406549,116.0150927406549,pobre,basal,3,500.0,681.5,1.0,43.0,10,21,22092,3,1.0
98,0.0,0.0,6.7810001,1.0,4.0,7,116.0150927406549,116.0150927406549,pobre,basal,3,500.0,681.5,1.0,43.0,11,21,22092,3,1.0
97,0.0,0.0,6.7810001,1.0,1.0,7,116.0150927406549,116.0150927406549,pobre,basal,3,500.0,681.5,1.0,43.0,7,21,22093,1,1.0
98,0.0,0.0,6.7810001,1.0,2.0,7,116.0150927406549,116.0150927406549,pobre,basal,3,500.0,681.5,1.0,43.0,8,21,22093,1,1.0
97,0.0,0.0,6.7810001,,0.0,8,116.0150927406549,116.0150927406549,pobre,basal,0,0.0,501.47,1.0,43.0,12,21,22094,0,
98,0.0,0.0,6.7810001,,,8,116.0150927406549,116.0150927406549,pobre,basal,0,0.0,501.47,1.0,43.0,13,21,22094,0,
97,0.0,0.0,6.7810001,,0.0,8,116.0150927406549,116.0150927406549,pobre,basal,0,0.0,501.47,1.0,43.0,16,21,22095,0,
98,0.0,0.0,6.7810001,,,8,116.0150927406549,116.0150927406549,pobre,basal,0,0.0,501.47,1.0,43.0,17,21,22095,0,
97,1.0,0.0,6.7810001,,0.0,8,116.0150927406549,116.0150927406549,pobre,basal,0,0.0,501.47,1.0,43.0,8,21,22096,0,
98,1.0,0.0,6.7810001,1.0,3.0,8,116.0150927406549,116.0150927406549,pobre,basal,0,0.0,501.47,1.0,43.0,9,21,22096,0,
97,1.0,0.0,6.7810001,,0.0,8,116.0150927406549,116.0150927406549,pobre,basal,0,0.0,501.47,1.0,43.0,7,21,22097,0,
98,1.0,0.0,6.7810001,1.0,1.0,8,116.0150927406549,116.0150927406549,pobre,basal,0,0.0,501.47,1.0,43.0,8,21,22097,0,
97,1.0,0.0,6.7810001,,0.0,8,116.0150927406549,116.0150927406549,pobre,basal,0,0.0,501.47,1.0,43.0,15,21,22098,0,
98,1.0,0.0,6.7810001,,,8,116.0150927406549,116.0150927406549,pobre,basal,0,0.0,501.47,1.0,43.0,16,21,22098,0,
97,1.0,0.0,6.7810001,0.0,6.0,8,116.0150927406549,116.0150927406549,pobre,basal,0,0.0,602.0,1.0,69.0,15,21,22099,6,0.0
98,1.0,0.0,6.7810001,,,8,116.0150927406549,116.0150927406549,pobre,basal,0,0.0,602.0,1.0,69.0,16,21,22099,6,0.0
97,0.0,0.0,6.7810001,1.0,6.0,8,116.0150927406549,116.0150927406549,pobre,basal,0,0.0,602.0,1.0,69.0,12,21,22100,6,1.0
98,0.0,0.0,6.7810001,,,8,116.0150927406549,116.0150927406549,pobre,basal,0,0.0,602.0,1.0,69.0,13,21,22100,6,1.0
97,1.0,0.0,6.7810001,1.0,0.0,8,116.0150927406549,116.0150927406549,pobre,basal,0,0.0,602.0,1.0,69.0,6,21,22101,0,1.0
98,1.0,0.0,6.7810001,1.0,1.0,8,116.0150927406549,116.0150927406549,pobre,basal,0,0.0,602.0,1.0,69.0,7,21,22101,0,1.0
97,1.0,0.0,6.7810001,0.0,4.0,6,116.0150927406549,116.0150927406549,pobre,basal,6,25.0,720.59998,1.0,55.0,15,21,22102,4,0.0
98,1.0,0.0,6.7810001,0.0,5.0,6,116.0150927406549,116.0150927406549,pobre,basal,6,25.0,720.59998,1.0,55.0,16,21,22102,4,0.0
97,1.0,0.0,6.7810001,0.0,6.0,6,116.0150927406549,116.0150927406549,pobre,basal,6,25.0,720.59998,1.0,55.0,11,21,22103,6,0.0
98,1.0,0.0,6.7810001,0.0,6.0,6,116.0150927406549,116.0150927406549,pobre,basal,6,25.0,720.59998,1.0,55.0,12,21,22103,6,0.0
97,1.0,0.0,6.7810001,1.0,3.0,6,116.0150927406549,116.0150927406549,no pobre,basal,9,58.333332,775.0,1.0,32.0,8,21,22104,3,1.0
98,1.0,0.0,6.7810001,1.0,3.0,6,116.0150927406549,116.0150927406549,no pobre,basal,9,58.333332,775.0,1.0,32.0,9,21,22104,3,1.0
97,1.0,0.0,6.7810001,,0.0,6,116.0150927406549,116.0150927406549,no pobre,basal,9,58.333332,775.0,1.0,32.0,6,21,22105,0,
98,1.0,0.0,6.7810001,1.0,1.0,6,116.0150927406549,116.0150927406549,no pobre,basal,9,58.333332,775.0,1.0,32.0,7,21,22105,0,
97,1.0,0.0,6.7810001,1.0,1.0,6,116.0150927406549,116.0150927406549,pobre,basal,8,750.0,702.0,1.0,33.0,7,21,22106,1,1.0
98,1.0,0.0,6.7810001,1.0,1.0,6,116.0150927406549,116.0150927406549,pobre,basal,8,750.0,702.0,1.0,33.0,8,21,22106,1,1.0
97,0.0,0.0,6.7810001,1.0,0.0,6,116.0150927406549,116.0150927406549,pobre,basal,8,750.0,702.0,1.0,33.0,6,21,22107,0,1.0
98,0.0,0.0,6.7810001,1.0,1.0,6,116.0150927406549,116.0150927406549,pobre,basal,8,750.0,702.0,1.0,33.0,7,21,22107,0,1.0
97,1.0,0.0,6.7810001,0.0,6.0,10,116.0150927406549,116.0150927406549,pobre,basal,0,0.0,701.5,1.0,46.0,15,21,22108,6,0.0
98,1.0,0.0,6.7810001,0.0,6.0,10,116.0150927406549,116.0150927406549,pobre,basal,0,0.0,701.5,1.0,46.0,16,21,22108,6,0.0
97,1.0,0.0,6.7810001,1.0,1.0,10,116.0150927406549,116.0150927406549,pobre,basal,0,0.0,701.5,1.0,46.0,10,21,22109,1,1.0
98,1.0,0.0,6.7810001,1.0,2.0,10,116.0150927406549,116.0150927406549,pobre,basal,0,0.0,701.5,1.0,46.0,11,21,22109,1,1.0
97,0.0,0.0,6.7810001,,0.0,10,116.0150927406549,116.0150927406549,pobre,basal,0,0.0,701.5,1.0,46.0,6,21,22110,0,
98,0.0,0.0,6.7810001,1.0,2.0,10,116.0150927406549,116.0150927406549,pobre,basal,0,0.0,701.5,1.0,46.0,7,21,22110,0,
97,1.0,0.0,6.7810001,1.0,1.0,10,116.0150927406549,116.0150927406549,pobre,basal,0,0.0,701.5,1.0,46.0,6,21,22111,1,1.0
98,1.0,0.0,6.7810001,1.0,1.0,10,116.0150927406549,116.0150927406549,pobre,basal,0,0.0,701.5,1.0,46.0,7,21,22111,1,1.0
97,0.0,0.0,6.7810001,1.0,0.0,6,116.0150927406549,116.0150927406549,pobre,basal,3,625.0,648.0,1.0,26.0,7,21,22112,0,1.0
98,0.0,0.0,6.7810001,,,6,116.0150927406549,116.0150927406549,pobre,basal,3,625.0,648.0,1.0,26.0,8,21,22112,0,1.0
97,1.0,1.0,1.972,1.0,6.0,5,127.4446977664964,148.0363913096287,pobre,0,2,500.0,636.0,1.0,20.0,14,88,22113,6,1.0
98,1.0,1.0,1.972,0.0,7.0,5,127.4446977664964,148.0363913096287,pobre,0,2,500.0,636.0,1.0,20.0,15,88,22113,6,1.0
97,1.0,1.0,1.972,1.0,4.0,5,127.4446977664964,148.0363913096287,pobre,0,2,500.0,636.0,1.0,20.0,10,88,22114,4,1.0
98,1.0,1.0,1.972,1.0,5.0,5,127.4446977664964,148.0363913096287,pobre,0,2,500.0,636.0,1.0,20.0,11,88,22114,4,1.0
97,1.0,1.0,1.972,1.0,3.0,5,127.4446977664964,148.0363913096287,pobre,0,2,500.0,636.0,1.0,20.0,9,88,22115,3,1.0
98,1.0,1.0,1.972,1.0,4.0,5,127.4446977664964,148.0363913096287,pobre,0,2,500.0,636.0,1.0,20.0,10,88,22115,3,1.0
97,0.0,1.0,1.972,,4.0,9,127.4446977664964,148.0363913096287,pobre,0,0,500.0,621.5,1.0,30.0,11,88,22116,4,
98,0.0,1.0,1.972,1.0,5.0,9,127.4446977664964,148.0363913096287,pobre,0,0,500.0,621.5,1.0,30.0,12,88,22116,4,
97,0.0,1.0,1.972,,3.0,9,127.4446977664964,148.0363913096287,pobre,0,0,500.0,621.5,1.0,30.0,13,88,22117,3,
98,0.0,1.0,1.972,1.0,3.0,9,127.4446977664964,148.0363913096287,pobre,0,0,500.0,621.5,1.0,30.0,14,88,22117,3,
97,1.0,1.0,1.972,,1.0,9,127.4446977664964,148.0363913096287,pobre,0,0,500.0,621.5,1.0,30.0,8,88,22118,1,
98,1.0,1.0,1.972,1.0,2.0,9,127.4446977664964,148.0363913096287,pobre,0,0,500.0,621.5,1.0,30.0,9,88,22118,1,
97,,1.0,1.972,1.0,1.0,4,127.4446977664964,148.0363913096287,pobre,0,0,500.0,670.0,1.0,30.0,7,88,22119,1,1.0
98,,1.0,1.972,1.0,2.0,4,127.4446977664964,148.0363913096287,pobre,0,0,500.0,670.0,1.0,30.0,8,88,22119,1,1.0
97,1.0,0.0,5.2389998,,0.0,3,124.3079531741017,144.0795067328693,pobre,basal,0,400.0,612.14001,1.0,62.0,10,90,22120,0,
98,1.0,0.0,5.2389998,1.0,2.0,3,124.3079531741017,144.0795067328693,pobre,basal,0,400.0,612.14001,1.0,62.0,11,90,22120,0,
97,0.0,0.0,3.9809999,0.0,3.0,9,120.7683847898987,132.5141097166728,pobre,basal,0,0.0,650.0,1.0,59.0,16,36,22121,3,0.0
98,0.0,0.0,3.9809999,,,9,120.7683847898987,132.5141097166728,pobre,basal,0,0.0,650.0,1.0,59.0,17,36,22121,3,0.0
97,1.0,0.0,3.9809999,1.0,4.0,9,120.7683847898987,132.5141097166728,pobre,basal,0,0.0,650.0,1.0,59.0,11,36,22122,4,1.0
98,1.0,0.0,3.9809999,1.0,5.0,9,120.7683847898987,132.5141097166728,pobre,basal,0,0.0,650.0,1.0,59.0,12,36,22122,4,1.0
97,1.0,0.0,3.9809999,1.0,1.0,4,120.7683847898987,132.5141097166728,pobre,basal,2,500.0,668.0,1.0,32.0,6,36,22123,1,1.0
98,1.0,0.0,3.9809999,1.0,1.0,4,120.7683847898987,132.5141097166728,pobre,basal,2,500.0,668.0,1.0,32.0,7,36,22123,1,1.0
97,0.0,0.0,3.9809999,1.0,5.0,7,120.7683847898987,132.5141097166728,pobre,basal,0,0.0,460.0,1.0,55.0,15,36,22124,5,1.0
98,0.0,0.0,3.9809999,1.0,5.0,7,120.7683847898987,132.5141097166728,pobre,basal,0,0.0,460.0,1.0,55.0,16,36,22124,5,1.0
97,0.0,0.0,3.9809999,1.0,6.0,7,120.7683847898987,132.5141097166728,pobre,basal,0,0.0,460.0,1.0,55.0,14,36,22125,6,1.0
98,0.0,0.0,3.9809999,1.0,7.0,7,120.7683847898987,132.5141097166728,pobre,basal,0,0.0,460.0,1.0,55.0,15,36,22125,6,1.0
97,0.0,0.0,3.9809999,1.0,5.0,7,120.7683847898987,132.5141097166728,pobre,basal,0,0.0,460.0,1.0,55.0,12,36,22126,5,1.0
98,0.0,0.0,3.9809999,1.0,6.0,7,120.7683847898987,132.5141097166728,pobre,basal,0,0.0,460.0,1.0,55.0,13,36,22126,5,1.0
97,0.0,0.0,3.9809999,1.0,3.0,7,120.7683847898987,132.5141097166728,pobre,basal,0,0.0,460.0,1.0,55.0,9,36,22127,3,1.0
98,0.0,0.0,3.9809999,1.0,4.0,7,120.7683847898987,132.5141097166728,pobre,basal,0,0.0,460.0,1.0,55.0,10,36,22127,3,1.0
97,1.0,0.0,3.9809999,1.0,1.0,7,120.7683847898987,132.5141097166728,pobre,basal,0,0.0,578.0,1.0,79.0,6,36,22128,1,1.0
98,1.0,0.0,3.9809999,1.0,2.0,7,120.7683847898987,132.5141097166728,pobre,basal,0,0.0,578.0,1.0,79.0,7,36,22128,1,1.0
97,0.0,0.0,3.9809999,1.0,6.0,8,120.7683847898987,132.5141097166728,pobre,basal,1,500.0,775.66998,1.0,49.0,11,36,22129,6,1.0
98,0.0,0.0,3.9809999,1.0,7.0,8,120.7683847898987,132.5141097166728,pobre,basal,1,500.0,775.66998,1.0,49.0,12,36,22129,6,1.0
97,1.0,0.0,3.9809999,1.0,1.0,8,120.7683847898987,132.5141097166728,pobre,basal,1,500.0,775.66998,1.0,49.0,6,36,22130,1,1.0
98,1.0,0.0,3.9809999,1.0,1.0,8,120.7683847898987,132.5141097166728,pobre,basal,1,500.0,775.66998,1.0,49.0,7,36,22130,1,1.0
97,0.0,0.0,3.9809999,1.0,8.0,9,120.7683847898987,132.5141097166728,pobre,basal,6,0.0,536.0,1.0,50.0,15,36,22131,8,1.0
98,0.0,0.0,3.9809999,1.0,10.0,9,120.7683847898987,132.5141097166728,pobre,basal,6,0.0,536.0,1.0,50.0,16,36,22131,8,1.0
97,1.0,0.0,3.9809999,1.0,9.0,9,120.7683847898987,132.5141097166728,pobre,basal,6,0.0,536.0,1.0,50.0,14,36,22132,9,1.0
98,1.0,0.0,3.9809999,1.0,9.0,9,120.7683847898987,132.5141097166728,pobre,basal,6,0.0,536.0,1.0,50.0,15,36,22132,9,1.0
97,1.0,0.0,3.9809999,1.0,6.0,9,120.7683847898987,132.5141097166728,pobre,basal,6,0.0,536.0,1.0,50.0,12,36,22133,6,1.0
98,1.0,0.0,3.9809999,1.0,7.0,9,120.7683847898987,132.5141097166728,pobre,basal,6,0.0,536.0,1.0,50.0,13,36,22133,6,1.0
97,0.0,0.0,3.9809999,1.0,6.0,9,120.7683847898987,132.5141097166728,pobre,basal,6,0.0,536.0,1.0,50.0,13,36,22134,6,1.0
98,0.0,0.0,3.9809999,1.0,7.0,9,120.7683847898987,132.5141097166728,pobre,basal,6,0.0,536.0,1.0,50.0,14,36,22134,6,1.0
97,1.0,0.0,3.9809999,1.0,5.0,8,120.7683847898987,132.5141097166728,pobre,basal,1,500.0,414.14001,1.0,29.0,14,36,22135,5,1.0
98,1.0,0.0,3.9809999,,,8,120.7683847898987,132.5141097166728,pobre,basal,1,500.0,414.14001,1.0,29.0,15,36,22135,5,1.0
97,1.0,0.0,3.9809999,1.0,4.0,8,120.7683847898987,132.5141097166728,pobre,basal,1,500.0,414.14001,1.0,29.0,11,36,22136,4,1.0
98,1.0,0.0,3.9809999,,,8,120.7683847898987,132.5141097166728,pobre,basal,1,500.0,414.14001,1.0,29.0,12,36,22136,4,1.0
97,1.0,0.0,3.9809999,1.0,1.0,8,120.7683847898987,132.5141097166728,pobre,basal,1,500.0,414.14001,1.0,29.0,8,36,22137,1,1.0
98,1.0,0.0,3.9809999,,,8,120.7683847898987,132.5141097166728,pobre,basal,1,500.0,414.14001,1.0,29.0,9,36,22137,1,1.0
97,1.0,0.0,3.9809999,0.0,6.0,9,120.7683847898987,132.5141097166728,pobre,basal,3,500.0,616.0,1.0,38.0,16,36,22138,6,0.0
98,1.0,0.0,3.9809999,,,9,120.7683847898987,132.5141097166728,pobre,basal,3,500.0,616.0,1.0,38.0,17,36,22138,6,0.0
97,1.0,0.0,3.9809999,1.0,7.0,9,120.7683847898987,132.5141097166728,pobre,basal,3,500.0,616.0,1.0,38.0,14,36,22139,7,1.0
98,1.0,0.0,3.9809999,1.0,8.0,9,120.7683847898987,132.5141097166728,pobre,basal,3,500.0,616.0,1.0,38.0,15,36,22139,7,1.0
97,0.0,0.0,3.9809999,1.0,5.0,9,120.7683847898987,132.5141097166728,pobre,basal,3,500.0,616.0,1.0,38.0,11,36,22140,5,1.0
98,0.0,0.0,3.9809999,1.0,6.0,9,120.7683847898987,132.5141097166728,pobre,basal,3,500.0,616.0,1.0,38.0,12,36,22140,5,1.0
97,0.0,0.0,3.9809999,1.0,2.0,9,120.7683847898987,132.5141097166728,pobre,basal,3,500.0,616.0,1.0,38.0,8,36,22141,2,1.0
98,0.0,0.0,3.9809999,1.0,3.0,9,120.7683847898987,132.5141097166728,pobre,basal,3,500.0,616.0,1.0,38.0,9,36,22141,2,1.0
97,1.0,0.0,3.9809999,1.0,3.0,5,120.7683847898987,132.5141097166728,pobre,basal,10,500.0,573.0,1.0,42.0,8,36,22142,3,1.0
98,1.0,0.0,3.9809999,1.0,4.0,5,120.7683847898987,132.5141097166728,pobre,basal,10,500.0,573.0,1.0,42.0,9,36,22142,3,1.0
97,1.0,0.0,3.9809999,1.0,1.0,5,120.7683847898987,132.5141097166728,pobre,basal,10,500.0,573.0,1.0,42.0,6,36,22143,1,1.0
98,1.0,0.0,3.9809999,1.0,2.0,5,120.7683847898987,132.5141097166728,pobre,basal,10,500.0,573.0,1.0,42.0,7,36,22143,1,1.0
97,1.0,0.0,3.9809999,0.0,6.0,8,120.7683847898987,132.5141097166728,pobre,basal,2,500.0,576.0,1.0,42.0,16,36,22144,6,0.0
98,1.0,0.0,3.9809999,,,8,120.7683847898987,132.5141097166728,pobre,basal,2,500.0,576.0,1.0,42.0,17,36,22144,6,0.0
97,1.0,0.0,3.9809999,0.0,6.0,8,120.7683847898987,132.5141097166728,pobre,basal,2,500.0,576.0,1.0,42.0,15,36,22145,6,0.0
98,1.0,0.0,3.9809999,0.0,6.0,8,120.7683847898987,132.5141097166728,pobre,basal,2,500.0,576.0,1.0,42.0,16,36,22145,6,0.0
97,1.0,0.0,3.9809999,1.0,6.0,8,120.7683847898987,132.5141097166728,pobre,basal,2,500.0,576.0,1.0,42.0,13,36,22146,6,1.0
98,1.0,0.0,3.9809999,1.0,7.0,8,120.7683847898987,132.5141097166728,pobre,basal,2,500.0,576.0,1.0,42.0,14,36,22146,6,1.0
97,1.0,0.0,3.9809999,1.0,5.0,8,120.7683847898987,132.5141097166728,pobre,basal,2,500.0,576.0,1.0,42.0,12,36,22147,5,1.0
98,1.0,0.0,3.9809999,1.0,6.0,8,120.7683847898987,132.5141097166728,pobre,basal,2,500.0,576.0,1.0,42.0,13,36,22147,5,1.0
97,1.0,0.0,3.9809999,1.0,3.0,8,120.7683847898987,132.5141097166728,pobre,basal,2,500.0,576.0,1.0,42.0,9,36,22148,3,1.0
98,1.0,0.0,3.9809999,1.0,4.0,8,120.7683847898987,132.5141097166728,pobre,basal,2,500.0,576.0,1.0,42.0,10,36,22148,3,1.0
97,1.0,0.0,3.9809999,1.0,4.0,5,120.7683847898987,132.5141097166728,pobre,basal,0,500.0,666.0,1.0,38.0,12,36,22149,4,1.0
98,1.0,0.0,3.9809999,,,5,120.7683847898987,132.5141097166728,pobre,basal,0,500.0,666.0,1.0,38.0,13,36,22149,4,1.0
97,1.0,0.0,3.9809999,1.0,3.0,5,120.7683847898987,132.5141097166728,pobre,basal,0,500.0,666.0,1.0,38.0,10,36,22150,3,1.0
98,1.0,0.0,3.9809999,,,5,120.7683847898987,132.5141097166728,pobre,basal,0,500.0,666.0,1.0,38.0,11,36,22150,3,1.0
97,1.0,0.0,3.9809999,0.0,5.0,9,120.7683847898987,132.5141097166728,pobre,basal,0,500.0,511.0,1.0,54.0,15,36,22151,5,0.0
98,1.0,0.0,3.9809999,0.0,10.0,9,120.7683847898987,132.5141097166728,pobre,basal,0,500.0,511.0,1.0,54.0,16,36,22151,5,0.0
97,1.0,0.0,3.9809999,1.0,6.0,9,120.7683847898987,132.5141097166728,pobre,basal,0,500.0,511.0,1.0,54.0,12,36,22152,6,1.0
98,1.0,0.0,3.9809999,1.0,7.0,9,120.7683847898987,132.5141097166728,pobre,basal,0,500.0,511.0,1.0,54.0,13,36,22152,6,1.0
97,1.0,0.0,3.9809999,1.0,4.0,9,120.7683847898987,132.5141097166728,pobre,basal,0,500.0,511.0,1.0,54.0,10,36,22153,4,1.0
98,1.0,0.0,3.9809999,1.0,5.0,9,120.7683847898987,132.5141097166728,pobre,basal,0,500.0,511.0,1.0,54.0,11,36,22153,4,1.0
97,1.0,0.0,3.9809999,1.0,1.0,9,120.7683847898987,132.5141097166728,pobre,basal,0,500.0,511.0,1.0,54.0,6,36,22154,1,1.0
98,1.0,0.0,3.9809999,1.0,2.0,9,120.7683847898987,132.5141097166728,pobre,basal,0,500.0,511.0,1.0,54.0,7,36,22154,1,1.0
97,1.0,0.0,3.9809999,1.0,4.0,4,120.7683847898987,132.5141097166728,pobre,basal,8,0.0,682.0,0.0,39.0,11,36,22155,4,1.0
98,1.0,0.0,3.9809999,1.0,5.0,4,120.7683847898987,132.5141097166728,pobre,basal,8,0.0,682.0,0.0,39.0,12,36,22155,4,1.0
97,0.0,0.0,3.9809999,1.0,2.0,4,120.7683847898987,132.5141097166728,pobre,basal,8,0.0,682.0,0.0,39.0,9,36,22156,2,1.0
98,0.0,0.0,3.9809999,1.0,3.0,4,120.7683847898987,132.5141097166728,pobre,basal,8,0.0,682.0,0.0,39.0,10,36,22156,2,1.0
97,1.0,0.0,3.9809999,1.0,1.0,4,120.7683847898987,132.5141097166728,pobre,basal,8,0.0,682.0,0.0,39.0,7,36,22157,1,1.0
98,1.0,0.0,3.9809999,1.0,2.0,4,120.7683847898987,132.5141097166728,pobre,basal,8,0.0,682.0,0.0,39.0,8,36,22157,1,1.0
97,0.0,0.0,3.9809999,0.0,8.0,10,120.7683847898987,132.5141097166728,pobre,basal,3,500.0,875.0,1.0,38.0,15,36,22158,8,0.0
98,0.0,0.0,3.9809999,0.0,8.0,10,120.7683847898987,132.5141097166728,pobre,basal,3,500.0,875.0,1.0,38.0,16,36,22158,8,0.0
97,1.0,0.0,3.9809999,1.0,5.0,10,120.7683847898987,132.5141097166728,pobre,basal,3,500.0,875.0,1.0,38.0,13,36,22159,5,1.0
98,1.0,0.0,3.9809999,1.0,6.0,10,120.7683847898987,132.5141097166728,pobre,basal,3,500.0,875.0,1.0,38.0,14,36,22159,5,1.0
97,1.0,0.0,3.9809999,1.0,5.0,10,120.7683847898987,132.5141097166728,pobre,basal,3,500.0,875.0,1.0,38.0,10,36,22160,5,1.0
98,1.0,0.0,3.9809999,1.0,5.0,10,120.7683847898987,132.5141097166728,pobre,basal,3,500.0,875.0,1.0,38.0,11,36,22160,5,1.0
97,0.0,0.0,3.9809999,1.0,7.0,9,120.7683847898987,132.5141097166728,pobre,basal,0,1400.0,610.0,1.0,52.0,13,36,22161,7,1.0
98,0.0,0.0,3.9809999,1.0,8.0,9,120.7683847898987,132.5141097166728,pobre,basal,0,1400.0,610.0,1.0,52.0,14,36,22161,7,1.0
97,1.0,1.0,3.767,1.0,6.0,7,130.5436405430048,152.1837012604455,pobre,basal,2,500.0,559.0,1.0,39.0,14,89,22162,6,1.0
98,1.0,1.0,3.767,1.0,7.0,7,130.5436405430048,152.1837012604455,pobre,basal,2,500.0,559.0,1.0,39.0,15,89,22162,6,1.0
97,0.0,0.0,3.767,1.0,4.0,7,130.5436405430048,152.1837012604455,pobre,basal,2,500.0,559.0,1.0,39.0,11,89,22163,4,1.0
98,0.0,0.0,3.767,1.0,5.0,7,130.5436405430048,152.1837012604455,pobre,basal,2,500.0,559.0,1.0,39.0,12,89,22163,4,1.0
97,1.0,0.0,3.767,1.0,2.0,7,130.5436405430048,152.1837012604455,pobre,basal,2,500.0,559.0,1.0,39.0,9,89,22164,2,1.0
98,1.0,0.0,3.767,1.0,2.0,7,130.5436405430048,152.1837012604455,pobre,basal,2,500.0,559.0,1.0,39.0,10,89,22164,2,1.0
97,1.0,0.0,3.767,1.0,0.0,7,130.5436405430048,152.1837012604455,pobre,basal,2,500.0,559.0,1.0,39.0,6,89,22165,0,1.0
98,1.0,0.0,3.767,1.0,1.0,7,130.5436405430048,152.1837012604455,pobre,basal,2,500.0,559.0,1.0,39.0,7,89,22165,0,1.0
97,0.0,1.0,3.767,1.0,2.0,5,130.5436405430048,152.1837012604455,pobre,basal,2,500.0,755.0,1.0,42.0,11,89,22166,2,1.0
98,0.0,1.0,3.767,1.0,6.0,5,130.5436405430048,152.1837012604455,pobre,basal,2,500.0,755.0,1.0,42.0,12,89,22166,2,1.0
97,1.0,1.0,3.767,1.0,3.0,5,130.5436405430048,152.1837012604455,pobre,basal,2,500.0,755.0,1.0,42.0,9,89,22167,3,1.0
98,1.0,1.0,3.767,1.0,0.0,5,130.5436405430048,152.1837012604455,pobre,basal,2,500.0,755.0,1.0,42.0,10,89,22167,3,1.0
97,1.0,0.0,3.767,1.0,6.0,5,130.5436405430048,152.1837012604455,pobre,basal,2,625.0,721.0,1.0,48.0,16,89,22168,6,1.0
98,1.0,0.0,3.767,,,5,130.5436405430048,152.1837012604455,pobre,basal,2,625.0,721.0,1.0,48.0,17,89,22168,6,1.0
97,0.0,0.0,3.767,1.0,3.0,5,130.5436405430048,152.1837012604455,pobre,basal,2,625.0,721.0,1.0,48.0,10,89,22169,3,1.0
98,0.0,0.0,3.767,1.0,6.0,5,130.5436405430048,152.1837012604455,pobre,basal,2,625.0,721.0,1.0,48.0,11,89,22169,3,1.0
97,0.0,0.0,3.767,1.0,0.0,5,130.5436405430048,152.1837012604455,pobre,basal,2,625.0,721.0,1.0,48.0,8,89,22170,0,1.0
98,0.0,0.0,3.767,1.0,2.0,5,130.5436405430048,152.1837012604455,pobre,basal,2,625.0,721.0,1.0,48.0,9,89,22170,0,1.0
97,0.0,0.0,3.767,1.0,0.0,6,130.5436405430048,152.1837012604455,pobre,basal,3,500.0,645.0,1.0,32.0,6,89,22171,0,1.0
98,0.0,0.0,3.767,1.0,0.0,6,130.5436405430048,152.1837012604455,pobre,basal,3,500.0,645.0,1.0,32.0,7,89,22171,0,1.0
97,1.0,1.0,3.767,1.0,6.0,10,130.5436405430048,152.1837012604455,pobre,basal,3,500.0,740.0,1.0,42.0,13,89,22172,6,1.0
98,1.0,1.0,3.767,1.0,8.0,10,130.5436405430048,152.1837012604455,pobre,basal,3,500.0,740.0,1.0,42.0,14,89,22172,6,1.0
97,0.0,1.0,3.767,1.0,2.0,10,130.5436405430048,152.1837012604455,pobre,basal,3,500.0,740.0,1.0,42.0,10,89,22173,2,1.0
98,0.0,1.0,3.767,1.0,3.0,10,130.5436405430048,152.1837012604455,pobre,basal,3,500.0,740.0,1.0,42.0,11,89,22173,2,1.0
97,0.0,0.0,3.767,1.0,2.0,10,130.5436405430048,152.1837012604455,pobre,basal,3,500.0,740.0,1.0,42.0,8,89,22174,2,1.0
98,0.0,0.0,3.767,1.0,3.0,10,130.5436405430048,152.1837012604455,pobre,basal,3,500.0,740.0,1.0,42.0,9,89,22174,2,1.0
97,0.0,0.0,3.767,1.0,0.0,10,130.5436405430048,152.1837012604455,pobre,basal,3,500.0,740.0,1.0,42.0,7,89,22175,0,1.0
98,0.0,0.0,3.767,1.0,1.0,10,130.5436405430048,152.1837012604455,pobre,basal,3,500.0,740.0,1.0,42.0,8,89,22175,0,1.0
97,0.0,0.0,3.767,0.0,4.0,6,130.5436405430048,152.1837012604455,pobre,basal,0,500.0,738.0,1.0,56.0,15,89,22176,4,0.0
98,0.0,0.0,3.767,0.0,4.0,6,130.5436405430048,152.1837012604455,pobre,basal,0,500.0,738.0,1.0,56.0,16,89,22176,4,0.0
97,1.0,0.0,3.767,1.0,2.0,6,130.5436405430048,152.1837012604455,pobre,basal,0,500.0,738.0,1.0,56.0,10,89,22177,2,1.0
98,1.0,0.0,3.767,1.0,4.0,6,130.5436405430048,152.1837012604455,pobre,basal,0,500.0,738.0,1.0,56.0,11,89,22177,2,1.0
97,1.0,0.0,3.767,1.0,2.0,6,130.5436405430048,152.1837012604455,pobre,basal,3,500.0,568.0,1.0,29.0,9,89,22178,2,1.0
98,1.0,0.0,3.767,1.0,4.0,6,130.5436405430048,152.1837012604455,pobre,basal,3,500.0,568.0,1.0,29.0,10,89,22178,2,1.0
97,1.0,0.0,3.767,1.0,0.0,7,130.5436405430048,152.1837012604455,pobre,basal,3,500.0,694.5,1.0,36.0,7,89,22179,0,1.0
98,1.0,0.0,3.767,1.0,1.0,7,130.5436405430048,152.1837012604455,pobre,basal,3,500.0,694.5,1.0,36.0,8,89,22179,0,1.0
97,1.0,1.0,3.767,0.0,6.0,7,130.5436405430048,152.1837012604455,pobre,basal,3,500.0,694.5,1.0,36.0,13,89,22180,6,0.0
98,1.0,1.0,3.767,1.0,6.0,7,130.5436405430048,152.1837012604455,pobre,basal,3,500.0,694.5,1.0,36.0,14,89,22180,6,0.0
97,0.0,1.0,3.767,1.0,2.0,3,130.5436405430048,152.1837012604455,pobre,basal,0,500.0,830.0,1.0,80.0,12,89,22181,2,1.0
98,0.0,1.0,3.767,1.0,6.0,3,130.5436405430048,152.1837012604455,pobre,basal,0,500.0,830.0,1.0,80.0,13,89,22181,2,1.0
97,0.0,1.0,3.767,1.0,5.0,5,130.5436405430048,152.1837012604455,pobre,basal,4,500.0,852.5,1.0,33.0,15,89,22182,5,1.0
98,0.0,1.0,3.767,1.0,6.0,5,130.5436405430048,152.1837012604455,pobre,basal,4,500.0,852.5,1.0,33.0,16,89,22182,5,1.0
97,1.0,1.0,3.767,1.0,5.0,5,130.5436405430048,152.1837012604455,pobre,basal,4,500.0,852.5,1.0,33.0,14,89,22183,5,1.0
98,1.0,1.0,3.767,1.0,6.0,5,130.5436405430048,152.1837012604455,pobre,basal,4,500.0,852.5,1.0,33.0,15,89,22183,5,1.0
97,1.0,0.0,3.767,0.0,6.0,4,130.5436405430048,152.1837012604455,pobre,basal,0,500.0,854.0,1.0,42.0,14,89,22184,6,0.0
98,1.0,0.0,3.767,1.0,7.0,4,130.5436405430048,152.1837012604455,pobre,basal,0,500.0,854.0,1.0,42.0,15,89,22184,6,0.0
97,0.0,0.0,3.767,0.0,6.0,4,130.5436405430048,152.1837012604455,pobre,basal,0,500.0,854.0,1.0,42.0,12,89,22185,6,0.0
98,0.0,0.0,3.767,1.0,6.0,4,130.5436405430048,152.1837012604455,pobre,basal,0,500.0,854.0,1.0,42.0,13,89,22185,6,0.0
97,0.0,0.0,3.767,0.0,5.0,8,130.5436405430048,152.1837012604455,pobre,basal,3,500.0,612.0,0.0,39.0,15,89,22186,5,0.0
98,0.0,0.0,3.767,0.0,5.0,8,130.5436405430048,152.1837012604455,pobre,basal,3,500.0,612.0,0.0,39.0,16,89,22186,5,0.0
97,0.0,0.0,3.767,1.0,4.0,8,130.5436405430048,152.1837012604455,pobre,basal,3,500.0,612.0,0.0,39.0,12,89,22187,4,1.0
98,0.0,0.0,3.767,1.0,5.0,8,130.5436405430048,152.1837012604455,pobre,basal,3,500.0,612.0,0.0,39.0,13,89,22187,4,1.0
97,0.0,0.0,3.767,1.0,3.0,8,130.5436405430048,152.1837012604455,pobre,basal,3,500.0,612.0,0.0,39.0,10,89,22188,3,1.0
98,0.0,0.0,3.767,,,8,130.5436405430048,152.1837012604455,pobre,basal,3,500.0,612.0,0.0,39.0,11,89,22188,3,1.0
97,1.0,0.0,3.767,1.0,2.0,8,130.5436405430048,152.1837012604455,pobre,basal,3,500.0,612.0,0.0,39.0,8,89,22189,2,1.0
98,1.0,0.0,3.767,1.0,2.0,8,130.5436405430048,152.1837012604455,pobre,basal,3,500.0,612.0,0.0,39.0,9,89,22189,2,1.0
97,1.0,0.0,3.767,1.0,0.0,8,130.5436405430048,152.1837012604455,pobre,basal,3,500.0,612.0,0.0,39.0,6,89,22190,0,1.0
98,1.0,0.0,3.767,1.0,1.0,8,130.5436405430048,152.1837012604455,pobre,basal,3,500.0,612.0,0.0,39.0,7,89,22190,0,1.0
97,0.0,0.0,3.767,1.0,0.0,4,130.5436405430048,152.1837012604455,pobre,basal,2,500.0,787.0,1.0,26.0,6,89,22191,0,1.0
98,0.0,0.0,3.767,1.0,0.0,4,130.5436405430048,152.1837012604455,pobre,basal,2,500.0,787.0,1.0,26.0,7,89,22191,0,1.0
97,1.0,0.0,3.767,0.0,6.0,9,130.5436405430048,152.1837012604455,pobre,basal,1,500.0,794.0,1.0,47.0,15,89,22192,6,0.0
98,1.0,0.0,3.767,0.0,6.0,9,130.5436405430048,152.1837012604455,pobre,basal,1,500.0,794.0,1.0,47.0,16,89,22192,6,0.0
97,0.0,0.0,3.767,0.0,6.0,9,130.5436405430048,152.1837012604455,pobre,basal,1,500.0,794.0,1.0,47.0,12,89,22193,6,0.0
98,0.0,0.0,3.767,0.0,6.0,9,130.5436405430048,152.1837012604455,pobre,basal,1,500.0,794.0,1.0,47.0,13,89,22193,6,0.0
97,1.0,0.0,3.767,1.0,3.0,9,130.5436405430048,152.1837012604455,pobre,basal,1,500.0,794.0,1.0,47.0,10,89,22194,3,1.0
98,1.0,0.0,3.767,1.0,3.0,9,130.5436405430048,152.1837012604455,pobre,basal,1,500.0,794.0,1.0,47.0,11,89,22194,3,1.0
97,1.0,0.0,3.767,1.0,1.0,9,130.5436405430048,152.1837012604455,pobre,basal,1,500.0,794.0,1.0,47.0,7,89,22195,1,1.0
98,1.0,0.0,3.767,1.0,1.0,9,130.5436405430048,152.1837012604455,pobre,basal,1,500.0,794.0,1.0,47.0,8,89,22195,1,1.0
97,0.0,0.0,9.0690002,0.0,5.0,5,124.8199662501181,146.580787577127,no pobre,basal,0,6400.0,776.75,1.0,48.0,15,1,22196,5,0.0
98,0.0,0.0,9.0690002,,,5,124.8199662501181,146.580787577127,no pobre,basal,0,6400.0,776.75,1.0,48.0,16,1,22196,5,0.0
97,1.0,0.0,9.0690002,1.0,3.0,5,124.8199662501181,146.580787577127,no pobre,basal,0,6400.0,776.75,1.0,48.0,12,1,22197,3,1.0
98,1.0,0.0,9.0690002,,,5,124.8199662501181,146.580787577127,no pobre,basal,0,6400.0,776.75,1.0,48.0,13,1,22197,3,1.0
97,1.0,0.0,9.0690002,1.0,1.0,5,124.8199662501181,146.580787577127,pobre,basal,3,6400.0,730.5,1.0,25.0,9,1,22198,1,1.0
98,1.0,0.0,9.0690002,,,5,124.8199662501181,146.580787577127,pobre,basal,3,6400.0,730.5,1.0,25.0,10,1,22198,1,1.0
97,0.0,0.0,9.0690002,1.0,0.0,5,124.8199662501181,146.580787577127,pobre,basal,3,6400.0,730.5,1.0,25.0,8,1,22199,0,1.0
98,0.0,0.0,9.0690002,,,5,124.8199662501181,146.580787577127,pobre,basal,3,6400.0,730.5,1.0,25.0,9,1,22199,0,1.0
97,1.0,0.0,9.0690002,1.0,1.0,5,124.8199662501181,146.580787577127,pobre,basal,3,6400.0,624.0,1.0,28.0,9,1,22200,1,1.0
98,1.0,0.0,9.0690002,1.0,2.0,5,124.8199662501181,146.580787577127,pobre,basal,3,6400.0,624.0,1.0,28.0,10,1,22200,1,1.0
97,1.0,0.0,9.0690002,1.0,1.0,5,124.8199662501181,146.580787577127,pobre,basal,3,6400.0,624.0,1.0,28.0,7,1,22201,1,1.0
98,1.0,0.0,9.0690002,1.0,1.0,5,124.8199662501181,146.580787577127,pobre,basal,3,6400.0,624.0,1.0,28.0,8,1,22201,1,1.0
97,1.0,0.0,9.0690002,1.0,3.0,8,124.8199662501181,146.580787577127,pobre,basal,5,0.0,652.0,1.0,32.0,15,1,22202,3,1.0
98,1.0,0.0,9.0690002,1.0,4.0,8,124.8199662501181,146.580787577127,pobre,basal,5,0.0,652.0,1.0,32.0,16,1,22202,3,1.0
97,1.0,0.0,9.0690002,1.0,3.0,8,124.8199662501181,146.580787577127,pobre,basal,5,0.0,652.0,1.0,32.0,12,1,22203,3,1.0
98,1.0,0.0,9.0690002,1.0,4.0,8,124.8199662501181,146.580787577127,pobre,basal,5,0.0,652.0,1.0,32.0,13,1,22203,3,1.0
97,0.0,0.0,9.0690002,1.0,2.0,8,124.8199662501181,146.580787577127,pobre,basal,5,0.0,652.0,1.0,32.0,8,1,22204,2,1.0
98,0.0,0.0,9.0690002,1.0,3.0,8,124.8199662501181,146.580787577127,pobre,basal,5,0.0,652.0,1.0,32.0,9,1,22204,2,1.0
97,1.0,0.0,9.0690002,1.0,0.0,8,124.8199662501181,146.580787577127,pobre,basal,5,0.0,652.0,1.0,32.0,6,1,22205,0,1.0
98,1.0,0.0,9.0690002,1.0,1.0,8,124.8199662501181,146.580787577127,pobre,basal,5,0.0,652.0,1.0,32.0,7,1,22205,0,1.0
97,1.0,0.0,9.0690002,0.0,6.0,4,124.8199662501181,146.580787577127,pobre,basal,0,0.0,781.0,1.0,47.0,16,1,22206,6,0.0
98,1.0,0.0,9.0690002,,,4,124.8199662501181,146.580787577127,pobre,basal,0,0.0,781.0,1.0,47.0,17,1,22206,6,0.0
97,1.0,0.0,9.0690002,0.0,6.0,4,124.8199662501181,146.580787577127,pobre,basal,0,0.0,781.0,1.0,47.0,10,1,22207,6,0.0
98,1.0,0.0,9.0690002,1.0,6.0,4,124.8199662501181,146.580787577127,pobre,basal,0,0.0,781.0,1.0,47.0,11,1,22207,6,0.0
97,1.0,0.0,9.0690002,0.0,4.0,10,124.8199662501181,146.580787577127,pobre,basal,2,0.0,713.33002,1.0,36.0,16,1,22208,4,0.0
98,1.0,0.0,9.0690002,,,10,124.8199662501181,146.580787577127,pobre,basal,2,0.0,713.33002,1.0,36.0,17,1,22208,4,0.0
97,0.0,0.0,9.0690002,0.0,6.0,10,124.8199662501181,146.580787577127,pobre,basal,2,0.0,713.33002,1.0,36.0,15,1,22209,6,0.0
98,0.0,0.0,9.0690002,0.0,6.0,10,124.8199662501181,146.580787577127,pobre,basal,2,0.0,713.33002,1.0,36.0,16,1,22209,6,0.0
97,1.0,0.0,9.0690002,1.0,2.0,10,124.8199662501181,146.580787577127,pobre,basal,2,0.0,713.33002,1.0,36.0,13,1,22210,2,1.0
98,1.0,0.0,9.0690002,1.0,3.0,10,124.8199662501181,146.580787577127,pobre,basal,2,0.0,713.33002,1.0,36.0,14,1,22210,2,1.0
97,1.0,0.0,9.0690002,1.0,2.0,10,124.8199662501181,146.580787577127,pobre,basal,2,0.0,713.33002,1.0,36.0,11,1,22211,2,1.0
98,1.0,0.0,9.0690002,1.0,3.0,10,124.8199662501181,146.580787577127,pobre,basal,2,0.0,713.33002,1.0,36.0,12,1,22211,2,1.0
97,1.0,0.0,9.0690002,1.0,1.0,10,124.8199662501181,146.580787577127,pobre,basal,2,0.0,713.33002,1.0,36.0,8,1,22212,1,1.0
98,1.0,0.0,9.0690002,1.0,2.0,10,124.8199662501181,146.580787577127,pobre,basal,2,0.0,713.33002,1.0,36.0,9,1,22212,1,1.0
97,1.0,0.0,9.0690002,0.0,3.0,7,124.8199662501181,146.580787577127,pobre,basal,0,150.0,682.20001,1.0,48.0,15,1,22213,3,0.0
98,1.0,0.0,9.0690002,0.0,4.0,7,124.8199662501181,146.580787577127,pobre,basal,0,150.0,682.20001,1.0,48.0,16,1,22213,3,0.0
97,1.0,0.0,9.0690002,1.0,2.0,7,124.8199662501181,146.580787577127,pobre,basal,0,150.0,682.20001,1.0,48.0,12,1,22214,2,1.0
98,1.0,0.0,9.0690002,1.0,3.0,7,124.8199662501181,146.580787577127,pobre,basal,0,150.0,682.20001,1.0,48.0,13,1,22214,2,1.0
97,1.0,0.0,9.0690002,1.0,1.0,7,124.8199662501181,146.580787577127,pobre,basal,0,150.0,682.20001,1.0,48.0,9,1,22215,1,1.0
98,1.0,0.0,9.0690002,1.0,2.0,7,124.8199662501181,146.580787577127,pobre,basal,0,150.0,682.20001,1.0,48.0,10,1,22215,1,1.0
97,1.0,0.0,9.0690002,1.0,3.0,11,124.8199662501181,146.580787577127,pobre,basal,0,150.0,695.59998,1.0,54.0,13,1,22216,3,1.0
98,1.0,0.0,9.0690002,1.0,4.0,11,124.8199662501181,146.580787577127,pobre,basal,0,150.0,695.59998,1.0,54.0,14,1,22216,3,1.0
97,1.0,0.0,9.0690002,1.0,4.0,11,124.8199662501181,146.580787577127,pobre,basal,0,150.0,695.59998,1.0,54.0,11,1,22217,4,1.0
98,1.0,0.0,9.0690002,1.0,6.0,11,124.8199662501181,146.580787577127,pobre,basal,0,150.0,695.59998,1.0,54.0,12,1,22217,4,1.0
97,0.0,0.0,9.0690002,1.0,2.0,11,124.8199662501181,146.580787577127,pobre,basal,0,150.0,695.59998,1.0,54.0,9,1,22218,2,1.0
98,0.0,0.0,9.0690002,1.0,3.0,11,124.8199662501181,146.580787577127,pobre,basal,0,150.0,695.59998,1.0,54.0,10,1,22218,2,1.0
97,1.0,0.0,9.0690002,,0.0,7,124.8199662501181,146.580787577127,pobre,basal,0,29.166666,707.5,1.0,49.0,14,1,22219,0,
98,1.0,0.0,9.0690002,1.0,3.0,7,124.8199662501181,146.580787577127,pobre,basal,0,29.166666,707.5,1.0,49.0,15,1,22219,0,
97,1.0,0.0,9.0690002,1.0,4.0,7,124.8199662501181,146.580787577127,pobre,basal,0,29.166666,707.5,1.0,49.0,12,1,22220,4,1.0
98,1.0,0.0,9.0690002,1.0,5.0,7,124.8199662501181,146.580787577127,pobre,basal,0,29.166666,707.5,1.0,49.0,13,1,22220,4,1.0
97,0.0,0.0,9.0690002,1.0,1.0,7,124.8199662501181,146.580787577127,pobre,basal,0,29.166666,707.5,1.0,49.0,9,1,22221,1,1.0
98,0.0,0.0,9.0690002,1.0,1.0,7,124.8199662501181,146.580787577127,pobre,basal,0,29.166666,707.5,1.0,49.0,10,1,22221,1,1.0
97,0.0,0.0,9.0690002,1.0,0.0,7,124.8199662501181,146.580787577127,pobre,basal,0,29.166666,707.5,1.0,49.0,6,1,22222,0,1.0
98,0.0,0.0,9.0690002,1.0,1.0,7,124.8199662501181,146.580787577127,pobre,basal,0,29.166666,707.5,1.0,49.0,7,1,22222,0,1.0
97,0.0,0.0,9.0690002,1.0,4.0,7,124.8199662501181,146.580787577127,pobre,basal,0,6400.0,671.25,1.0,25.0,14,1,22223,4,1.0
98,0.0,0.0,9.0690002,1.0,5.0,7,124.8199662501181,146.580787577127,pobre,basal,0,6400.0,671.25,1.0,25.0,15,1,22223,4,1.0
97,0.0,0.0,9.0690002,1.0,4.0,7,124.8199662501181,146.580787577127,pobre,basal,0,6400.0,671.25,1.0,25.0,12,1,22224,4,1.0
98,0.0,0.0,9.0690002,1.0,5.0,7,124.8199662501181,146.580787577127,pobre,basal,0,6400.0,671.25,1.0,25.0,13,1,22224,4,1.0
97,1.0,0.0,9.0690002,1.0,1.0,7,124.8199662501181,146.580787577127,pobre,basal,0,6400.0,671.25,1.0,25.0,8,1,22225,1,1.0
98,1.0,0.0,9.0690002,1.0,0.0,7,124.8199662501181,146.580787577127,pobre,basal,0,6400.0,671.25,1.0,25.0,9,1,22225,1,1.0
97,1.0,0.0,9.0690002,1.0,0.0,5,124.8199662501181,146.580787577127,pobre,basal,2,41.666668,738.5,1.0,30.0,6,1,22226,0,1.0
98,1.0,0.0,9.0690002,1.0,1.0,5,124.8199662501181,146.580787577127,pobre,basal,2,41.666668,738.5,1.0,30.0,7,1,22226,0,1.0
97,0.0,0.0,9.0690002,1.0,3.0,8,124.8199662501181,146.580787577127,pobre,basal,5,6400.0,725.0,1.0,32.0,8,1,22227,3,1.0
98,0.0,0.0,9.0690002,1.0,3.0,8,124.8199662501181,146.580787577127,pobre,basal,5,6400.0,725.0,1.0,32.0,9,1,22227,3,1.0
97,0.0,0.0,9.0690002,1.0,0.0,8,124.8199662501181,146.580787577127,pobre,basal,5,6400.0,725.0,1.0,32.0,6,1,22228,0,1.0
98,0.0,0.0,9.0690002,1.0,1.0,8,124.8199662501181,146.580787577127,pobre,basal,5,6400.0,725.0,1.0,32.0,7,1,22228,0,1.0
97,1.0,0.0,9.0690002,1.0,1.0,6,124.8199662501181,146.580787577127,pobre,basal,4,250.0,596.0,1.0,30.0,9,1,22229,1,1.0
98,1.0,0.0,9.0690002,1.0,2.0,6,124.8199662501181,146.580787577127,pobre,basal,4,250.0,596.0,1.0,30.0,10,1,22229,1,1.0
97,0.0,0.0,9.0690002,1.0,0.0,6,124.8199662501181,146.580787577127,pobre,basal,4,250.0,596.0,1.0,30.0,7,1,22230,0,1.0
98,0.0,0.0,9.0690002,1.0,1.0,6,124.8199662501181,146.580787577127,pobre,basal,4,250.0,596.0,1.0,30.0,8,1,22230,0,1.0
97,1.0,0.0,9.0690002,0.0,2.0,6,124.8199662501181,146.580787577127,pobre,basal,0,0.0,700.0,1.0,58.0,16,1,22231,2,0.0
98,1.0,0.0,9.0690002,0.0,3.0,6,124.8199662501181,146.580787577127,pobre,basal,0,0.0,700.0,1.0,58.0,17,1,22231,2,0.0
97,0.0,0.0,9.0690002,0.0,3.0,6,124.8199662501181,146.580787577127,pobre,basal,0,0.0,700.0,1.0,58.0,14,1,22232,3,0.0
98,0.0,0.0,9.0690002,0.0,3.0,6,124.8199662501181,146.580787577127,pobre,basal,0,0.0,700.0,1.0,58.0,15,1,22232,3,0.0
97,1.0,0.0,9.0690002,1.0,1.0,6,124.8199662501181,146.580787577127,pobre,basal,0,0.0,700.0,1.0,58.0,12,1,22233,1,1.0
98,1.0,0.0,9.0690002,1.0,1.0,6,124.8199662501181,146.580787577127,pobre,basal,0,0.0,700.0,1.0,58.0,13,1,22233,1,1.0
97,0.0,0.0,9.0690002,1.0,1.0,5,124.8199662501181,146.580787577127,pobre,basal,6,0.0,710.0,1.0,26.0,7,1,22234,1,1.0
98,0.0,0.0,9.0690002,1.0,2.0,5,124.8199662501181,146.580787577127,pobre,basal,6,0.0,710.0,1.0,26.0,8,1,22234,1,1.0
97,1.0,0.0,9.0690002,0.0,4.0,10,124.8199662501181,146.580787577127,pobre,basal,3,0.0,690.5,1.0,49.0,16,1,22235,4,0.0
98,1.0,0.0,9.0690002,,,10,124.8199662501181,146.580787577127,pobre,basal,3,0.0,690.5,1.0,49.0,17,1,22235,4,0.0
97,1.0,0.0,9.0690002,0.0,2.0,10,124.8199662501181,146.580787577127,pobre,basal,3,0.0,690.5,1.0,49.0,13,1,22236,2,0.0
98,1.0,0.0,9.0690002,,,10,124.8199662501181,146.580787577127,pobre,basal,3,0.0,690.5,1.0,49.0,14,1,22236,2,0.0
97,1.0,0.0,9.0690002,1.0,1.0,10,124.8199662501181,146.580787577127,pobre,basal,3,0.0,690.5,1.0,49.0,10,1,22237,1,1.0
98,1.0,0.0,9.0690002,1.0,2.0,10,124.8199662501181,146.580787577127,pobre,basal,3,0.0,690.5,1.0,49.0,11,1,22237,1,1.0
97,0.0,0.0,9.0690002,1.0,1.0,10,124.8199662501181,146.580787577127,pobre,basal,3,0.0,690.5,1.0,49.0,8,1,22238,1,1.0
98,0.0,0.0,9.0690002,1.0,2.0,10,124.8199662501181,146.580787577127,pobre,basal,3,0.0,690.5,1.0,49.0,9,1,22238,1,1.0
97,0.0,0.0,9.0690002,1.0,0.0,10,124.8199662501181,146.580787577127,pobre,basal,3,0.0,690.5,1.0,49.0,6,1,22239,0,1.0
98,0.0,0.0,9.0690002,1.0,0.0,10,124.8199662501181,146.580787577127,pobre,basal,3,0.0,690.5,1.0,49.0,7,1,22239,0,1.0
97,1.0,0.0,9.0690002,1.0,2.0,7,124.8199662501181,146.580787577127,pobre,basal,3,250.0,736.33002,1.0,35.0,10,1,22240,2,1.0
98,1.0,0.0,9.0690002,1.0,2.0,7,124.8199662501181,146.580787577127,pobre,basal,3,250.0,736.33002,1.0,35.0,11,1,22240,2,1.0
97,1.0,0.0,9.0690002,1.0,1.0,7,124.8199662501181,146.580787577127,pobre,basal,3,250.0,736.33002,1.0,35.0,8,1,22241,1,1.0
98,1.0,0.0,9.0690002,1.0,2.0,7,124.8199662501181,146.580787577127,pobre,basal,3,250.0,736.33002,1.0,35.0,9,1,22241,1,1.0
97,0.0,0.0,9.0690002,0.0,6.0,9,124.8199662501181,146.580787577127,pobre,basal,5,0.0,658.5,1.0,33.0,12,1,22242,6,0.0
98,0.0,0.0,9.0690002,1.0,6.0,9,124.8199662501181,146.580787577127,pobre,basal,5,0.0,658.5,1.0,33.0,13,1,22242,6,0.0
97,1.0,0.0,9.0690002,1.0,4.0,9,124.8199662501181,146.580787577127,pobre,basal,5,0.0,658.5,1.0,33.0,11,1,22243,4,1.0
98,1.0,0.0,9.0690002,1.0,5.0,9,124.8199662501181,146.580787577127,pobre,basal,5,0.0,658.5,1.0,33.0,12,1,22243,4,1.0
97,0.0,0.0,9.0690002,1.0,3.0,9,124.8199662501181,146.580787577127,pobre,basal,5,0.0,658.5,1.0,33.0,9,1,22244,3,1.0
98,0.0,0.0,9.0690002,1.0,4.0,9,124.8199662501181,146.580787577127,pobre,basal,5,0.0,658.5,1.0,33.0,10,1,22244,3,1.0
97,0.0,0.0,9.0690002,1.0,1.0,9,124.8199662501181,146.580787577127,pobre,basal,5,0.0,658.5,1.0,33.0,7,1,22245,1,1.0
98,0.0,0.0,9.0690002,1.0,2.0,9,124.8199662501181,146.580787577127,pobre,basal,5,0.0,658.5,1.0,33.0,8,1,22245,1,1.0
97,0.0,0.0,9.0690002,0.0,4.0,11,124.8199662501181,146.580787577127,pobre,basal,0,0.0,634.28998,1.0,49.0,16,1,22246,4,0.0
98,0.0,0.0,9.0690002,,,11,124.8199662501181,146.580787577127,pobre,basal,0,0.0,634.28998,1.0,49.0,17,1,22246,4,0.0
97,0.0,0.0,9.0690002,,0.0,11,124.8199662501181,146.580787577127,pobre,basal,0,0.0,634.28998,1.0,49.0,12,1,22247,0,
98,0.0,0.0,9.0690002,0.0,3.0,11,124.8199662501181,146.580787577127,pobre,basal,0,0.0,634.28998,1.0,49.0,13,1,22247,0,
97,1.0,0.0,9.0690002,1.0,2.0,11,124.8199662501181,146.580787577127,pobre,basal,0,0.0,634.28998,1.0,49.0,14,1,22248,2,1.0
98,1.0,0.0,9.0690002,1.0,3.0,11,124.8199662501181,146.580787577127,pobre,basal,0,0.0,634.28998,1.0,49.0,15,1,22248,2,1.0
97,1.0,0.0,9.0690002,1.0,1.0,11,124.8199662501181,146.580787577127,pobre,basal,0,0.0,634.28998,1.0,49.0,12,1,22249,1,1.0
98,1.0,0.0,9.0690002,1.0,2.0,11,124.8199662501181,146.580787577127,pobre,basal,0,0.0,634.28998,1.0,49.0,13,1,22249,1,1.0
97,0.0,0.0,9.0690002,1.0,0.0,11,124.8199662501181,146.580787577127,pobre,basal,0,0.0,634.28998,1.0,49.0,9,1,22250,0,1.0
98,0.0,0.0,9.0690002,1.0,1.0,11,124.8199662501181,146.580787577127,pobre,basal,0,0.0,634.28998,1.0,49.0,10,1,22250,0,1.0
97,1.0,0.0,9.0690002,1.0,0.0,11,124.8199662501181,146.580787577127,pobre,basal,0,0.0,634.28998,1.0,49.0,7,1,22251,0,1.0
98,1.0,0.0,9.0690002,1.0,1.0,11,124.8199662501181,146.580787577127,pobre,basal,0,0.0,634.28998,1.0,49.0,8,1,22251,0,1.0
97,1.0,0.0,9.0690002,1.0,0.0,11,124.8199662501181,146.580787577127,pobre,basal,0,0.0,634.28998,1.0,49.0,6,1,22252,0,1.0
98,1.0,0.0,9.0690002,1.0,1.0,11,124.8199662501181,146.580787577127,pobre,basal,0,0.0,634.28998,1.0,49.0,7,1,22252,0,1.0
97,1.0,0.0,9.0690002,1.0,2.0,5,124.8199662501181,146.580787577127,pobre,basal,3,0.0,742.0,1.0,33.0,9,1,22253,2,1.0
98,1.0,0.0,9.0690002,1.0,3.0,5,124.8199662501181,146.580787577127,pobre,basal,3,0.0,742.0,1.0,33.0,10,1,22253,2,1.0
97,0.0,0.0,9.0690002,0.0,5.0,5,124.8199662501181,146.580787577127,pobre,basal,0,0.0,754.75,0.0,56.0,15,1,22254,5,0.0
98,0.0,0.0,9.0690002,0.0,8.0,5,124.8199662501181,146.580787577127,pobre,basal,0,0.0,754.75,0.0,56.0,16,1,22254,5,0.0
97,1.0,0.0,9.0690002,0.0,2.0,6,124.8199662501181,146.580787577127,no pobre,basal,2,0.0,802.0,1.0,45.0,14,1,22255,2,0.0
98,1.0,0.0,9.0690002,1.0,3.0,6,124.8199662501181,146.580787577127,no pobre,basal,2,0.0,802.0,1.0,45.0,15,1,22255,2,0.0
97,0.0,0.0,9.0690002,,0.0,6,124.8199662501181,146.580787577127,no pobre,basal,2,0.0,802.0,1.0,45.0,15,1,22256,0,
98,0.0,0.0,9.0690002,,,6,124.8199662501181,146.580787577127,no pobre,basal,2,0.0,802.0,1.0,45.0,16,1,22256,0,
97,1.0,0.0,9.0690002,0.0,1.0,7,124.8199662501181,146.580787577127,pobre,basal,0,0.0,607.0,1.0,37.0,13,1,22257,1,0.0
98,1.0,0.0,9.0690002,1.0,2.0,7,124.8199662501181,146.580787577127,pobre,basal,0,0.0,607.0,1.0,37.0,14,1,22257,1,0.0
97,1.0,0.0,9.0690002,0.0,1.0,7,124.8199662501181,146.580787577127,pobre,basal,0,0.0,607.0,1.0,37.0,11,1,22258,1,0.0
98,1.0,0.0,9.0690002,1.0,1.0,7,124.8199662501181,146.580787577127,pobre,basal,0,0.0,607.0,1.0,37.0,12,1,22258,1,0.0
97,1.0,0.0,9.0690002,1.0,0.0,7,124.8199662501181,146.580787577127,pobre,basal,0,0.0,607.0,1.0,37.0,8,1,22259,0,1.0
98,1.0,0.0,9.0690002,1.0,1.0,7,124.8199662501181,146.580787577127,pobre,basal,0,0.0,607.0,1.0,37.0,9,1,22259,0,1.0
97,0.0,0.0,9.0690002,0.0,2.0,9,124.8199662501181,146.580787577127,pobre,basal,0,0.0,623.5,0.0,34.0,14,1,22260,2,0.0
98,0.0,0.0,9.0690002,0.0,2.0,9,124.8199662501181,146.580787577127,pobre,basal,0,0.0,623.5,0.0,34.0,15,1,22260,2,0.0
97,0.0,0.0,9.0690002,1.0,0.0,9,124.8199662501181,146.580787577127,pobre,basal,0,0.0,623.5,0.0,34.0,12,1,22261,0,1.0
98,0.0,0.0,9.0690002,1.0,2.0,9,124.8199662501181,146.580787577127,pobre,basal,0,0.0,623.5,0.0,34.0,13,1,22261,0,1.0
97,0.0,0.0,9.0690002,1.0,0.0,9,124.8199662501181,146.580787577127,pobre,basal,0,0.0,623.5,0.0,34.0,10,1,22262,0,1.0
98,0.0,0.0,9.0690002,1.0,1.0,9,124.8199662501181,146.580787577127,pobre,basal,0,0.0,623.5,0.0,34.0,11,1,22262,0,1.0
97,0.0,0.0,9.0690002,1.0,0.0,9,124.8199662501181,146.580787577127,pobre,basal,0,0.0,623.5,0.0,34.0,9,1,22263,0,1.0
98,0.0,0.0,9.0690002,1.0,0.0,9,124.8199662501181,146.580787577127,pobre,basal,0,0.0,623.5,0.0,34.0,10,1,22263,0,1.0
97,0.0,0.0,9.0690002,1.0,0.0,9,124.8199662501181,146.580787577127,pobre,basal,0,0.0,623.5,0.0,34.0,7,1,22264,0,1.0
98,0.0,0.0,9.0690002,1.0,0.0,9,124.8199662501181,146.580787577127,pobre,basal,0,0.0,623.5,0.0,34.0,8,1,22264,0,1.0
97,1.0,0.0,9.0690002,1.0,2.0,7,124.8199662501181,146.580787577127,pobre,basal,0,0.0,643.0,1.0,30.0,11,1,22265,2,1.0
98,1.0,0.0,9.0690002,0.0,3.0,7,124.8199662501181,146.580787577127,pobre,basal,0,0.0,643.0,1.0,30.0,12,1,22265,2,1.0
97,1.0,0.0,9.0690002,1.0,1.0,7,124.8199662501181,146.580787577127,pobre,basal,0,0.0,643.0,1.0,30.0,9,1,22266,1,1.0
98,1.0,0.0,9.0690002,0.0,2.0,7,124.8199662501181,146.580787577127,pobre,basal,0,0.0,643.0,1.0,30.0,10,1,22266,1,1.0
97,1.0,0.0,9.0690002,0.0,6.0,7,124.8199662501181,146.580787577127,pobre,basal,3,0.0,780.33002,1.0,39.0,15,1,22267,6,0.0
98,1.0,0.0,9.0690002,0.0,6.0,7,124.8199662501181,146.580787577127,pobre,basal,3,0.0,780.33002,1.0,39.0,16,1,22267,6,0.0
97,1.0,0.0,9.0690002,1.0,2.0,7,124.8199662501181,146.580787577127,pobre,basal,3,0.0,780.33002,1.0,39.0,9,1,22268,2,1.0
98,1.0,0.0,9.0690002,1.0,3.0,7,124.8199662501181,146.580787577127,pobre,basal,3,0.0,780.33002,1.0,39.0,10,1,22268,2,1.0
97,1.0,0.0,9.0690002,0.0,5.0,9,124.8199662501181,146.580787577127,pobre,basal,3,125.0,739.0,1.0,57.0,14,1,22269,5,0.0
98,1.0,0.0,9.0690002,0.0,5.0,9,124.8199662501181,146.580787577127,pobre,basal,3,125.0,739.0,1.0,57.0,15,1,22269,5,0.0
97,0.0,0.0,9.0690002,1.0,2.0,9,124.8199662501181,146.580787577127,pobre,basal,3,125.0,739.0,1.0,57.0,8,1,22270,2,1.0
98,0.0,0.0,9.0690002,1.0,2.0,9,124.8199662501181,146.580787577127,pobre,basal,3,125.0,739.0,1.0,57.0,9,1,22270,2,1.0
97,1.0,0.0,9.0690002,1.0,0.0,9,124.8199662501181,146.580787577127,pobre,basal,3,125.0,739.0,1.0,57.0,6,1,22271,0,1.0
98,1.0,0.0,9.0690002,1.0,0.0,9,124.8199662501181,146.580787577127,pobre,basal,3,125.0,739.0,1.0,57.0,7,1,22271,0,1.0
97,1.0,0.0,9.0690002,,0.0,6,124.8199662501181,146.580787577127,pobre,basal,0,58.333332,559.0,1.0,37.0,14,1,22272,0,
98,1.0,0.0,9.0690002,,,6,124.8199662501181,146.580787577127,pobre,basal,0,58.333332,559.0,1.0,37.0,15,1,22272,0,
97,1.0,0.0,9.0690002,0.0,2.0,6,124.8199662501181,146.580787577127,pobre,basal,0,58.333332,559.0,1.0,37.0,12,1,22273,2,0.0
98,1.0,0.0,9.0690002,,,6,124.8199662501181,146.580787577127,pobre,basal,0,58.333332,559.0,1.0,37.0,13,1,22273,2,0.0
97,0.0,0.0,9.0690002,1.0,0.0,6,124.8199662501181,146.580787577127,pobre,basal,0,58.333332,559.0,1.0,37.0,10,1,22274,0,1.0
98,0.0,0.0,9.0690002,,,6,124.8199662501181,146.580787577127,pobre,basal,0,58.333332,559.0,1.0,37.0,11,1,22274,0,1.0
97,1.0,0.0,9.0690002,0.0,6.0,9,124.8199662501181,146.580787577127,pobre,basal,0,0.0,681.0,1.0,40.0,16,1,22275,6,0.0
98,1.0,0.0,9.0690002,,,9,124.8199662501181,146.580787577127,pobre,basal,0,0.0,681.0,1.0,40.0,17,1,22275,6,0.0
97,0.0,0.0,9.0690002,0.0,3.0,9,124.8199662501181,146.580787577127,pobre,basal,0,0.0,681.0,1.0,40.0,14,1,22276,3,0.0
98,0.0,0.0,9.0690002,0.0,4.0,9,124.8199662501181,146.580787577127,pobre,basal,0,0.0,681.0,1.0,40.0,15,1,22276,3,0.0
97,0.0,0.0,9.0690002,1.0,1.0,9,124.8199662501181,146.580787577127,pobre,basal,0,0.0,681.0,1.0,40.0,7,1,22277,1,1.0
98,0.0,0.0,9.0690002,1.0,1.0,9,124.8199662501181,146.580787577127,pobre,basal,0,0.0,681.0,1.0,40.0,8,1,22277,1,1.0
97,0.0,0.0,9.0690002,1.0,1.0,5,124.8199662501181,146.580787577127,pobre,basal,0,0.0,663.0,1.0,28.0,7,1,22278,1,1.0
98,0.0,0.0,9.0690002,1.0,2.0,5,124.8199662501181,146.580787577127,pobre,basal,0,0.0,663.0,1.0,28.0,8,1,22278,1,1.0
97,1.0,0.0,9.0690002,0.0,6.0,8,124.8199662501181,146.580787577127,pobre,basal,0,0.0,740.66998,1.0,54.0,15,1,22279,6,0.0
98,1.0,0.0,9.0690002,,,8,124.8199662501181,146.580787577127,pobre,basal,0,0.0,740.66998,1.0,54.0,16,1,22279,6,0.0
97,1.0,0.0,9.0690002,1.0,4.0,8,124.8199662501181,146.580787577127,pobre,basal,0,0.0,740.66998,1.0,54.0,13,1,22280,4,1.0
98,1.0,0.0,9.0690002,,5.0,8,124.8199662501181,146.580787577127,pobre,basal,0,0.0,740.66998,1.0,54.0,14,1,22280,4,1.0
97,1.0,0.0,9.0690002,1.0,3.0,8,124.8199662501181,146.580787577127,pobre,basal,0,0.0,740.66998,1.0,54.0,11,1,22281,3,1.0
98,1.0,0.0,9.0690002,1.0,4.0,8,124.8199662501181,146.580787577127,pobre,basal,0,0.0,740.66998,1.0,54.0,12,1,22281,3,1.0
97,1.0,0.0,9.0690002,0.0,6.0,9,124.8199662501181,146.580787577127,pobre,basal,2,0.0,649.40002,1.0,40.0,14,1,22282,6,0.0
98,1.0,0.0,9.0690002,0.0,6.0,9,124.8199662501181,146.580787577127,pobre,basal,2,0.0,649.40002,1.0,40.0,15,1,22282,6,0.0
97,0.0,0.0,9.0690002,0.0,3.0,9,124.8199662501181,146.580787577127,pobre,basal,2,0.0,649.40002,1.0,40.0,13,1,22283,3,0.0
98,0.0,0.0,9.0690002,0.0,3.0,9,124.8199662501181,146.580787577127,pobre,basal,2,0.0,649.40002,1.0,40.0,14,1,22283,3,0.0
97,1.0,0.0,9.0690002,1.0,2.0,9,124.8199662501181,146.580787577127,pobre,basal,2,0.0,649.40002,1.0,40.0,12,1,22284,2,1.0
98,1.0,0.0,9.0690002,1.0,3.0,9,124.8199662501181,146.580787577127,pobre,basal,2,0.0,649.40002,1.0,40.0,13,1,22284,2,1.0
97,0.0,0.0,9.0690002,1.0,1.0,9,124.8199662501181,146.580787577127,pobre,basal,2,0.0,649.40002,1.0,40.0,7,1,22285,1,1.0
98,0.0,0.0,9.0690002,1.0,1.0,9,124.8199662501181,146.580787577127,pobre,basal,2,0.0,649.40002,1.0,40.0,8,1,22285,1,1.0
97,0.0,0.0,9.0690002,,0.0,5,124.8199662501181,146.580787577127,pobre,basal,3,0.0,653.75,1.0,30.0,10,1,22286,0,
98,0.0,0.0,9.0690002,1.0,2.0,5,124.8199662501181,146.580787577127,pobre,basal,3,0.0,653.75,1.0,30.0,11,1,22286,0,
97,1.0,0.0,9.0690002,1.0,2.0,5,124.8199662501181,146.580787577127,pobre,basal,3,0.0,653.75,1.0,30.0,8,1,22287,2,1.0
98,1.0,0.0,9.0690002,1.0,2.0,5,124.8199662501181,146.580787577127,pobre,basal,3,0.0,653.75,1.0,30.0,9,1,22287,2,1.0
97,0.0,0.0,9.0690002,1.0,1.0,5,124.8199662501181,146.580787577127,pobre,basal,3,0.0,682.66998,1.0,27.0,8,1,22288,1,1.0
98,0.0,0.0,9.0690002,1.0,2.0,5,124.8199662501181,146.580787577127,pobre,basal,3,0.0,682.66998,1.0,27.0,9,1,22288,1,1.0
97,0.0,0.0,9.0690002,1.0,1.0,5,124.8199662501181,146.580787577127,pobre,basal,3,0.0,682.66998,1.0,27.0,7,1,22289,1,1.0
98,0.0,0.0,9.0690002,1.0,2.0,5,124.8199662501181,146.580787577127,pobre,basal,3,0.0,682.66998,1.0,27.0,8,1,22289,1,1.0
97,1.0,0.0,9.0690002,1.0,5.0,9,124.8199662501181,146.580787577127,pobre,basal,1,66.666664,682.75,1.0,33.0,13,1,22290,5,1.0
98,1.0,0.0,9.0690002,,6.0,9,124.8199662501181,146.580787577127,pobre,basal,1,66.666664,682.75,1.0,33.0,14,1,22290,5,1.0
97,1.0,0.0,9.0690002,1.0,2.0,9,124.8199662501181,146.580787577127,pobre,basal,1,66.666664,682.75,1.0,33.0,12,1,22291,2,1.0
98,1.0,0.0,9.0690002,1.0,3.0,9,124.8199662501181,146.580787577127,pobre,basal,1,66.666664,682.75,1.0,33.0,13,1,22291,2,1.0
97,1.0,0.0,9.0690002,1.0,1.0,9,124.8199662501181,146.580787577127,pobre,basal,1,66.666664,682.75,1.0,33.0,9,1,22292,1,1.0
98,1.0,0.0,9.0690002,1.0,2.0,9,124.8199662501181,146.580787577127,pobre,basal,1,66.666664,682.75,1.0,33.0,10,1,22292,1,1.0
97,1.0,0.0,9.0690002,1.0,5.0,10,124.8199662501181,146.580787577127,pobre,basal,4,33.333332,660.5,1.0,44.0,12,1,22293,5,1.0
98,1.0,0.0,9.0690002,0.0,6.0,10,124.8199662501181,146.580787577127,pobre,basal,4,33.333332,660.5,1.0,44.0,13,1,22293,5,1.0
97,0.0,0.0,9.0690002,1.0,5.0,10,124.8199662501181,146.580787577127,pobre,basal,4,33.333332,660.5,1.0,44.0,9,1,22294,5,1.0
98,0.0,0.0,9.0690002,0.0,6.0,10,124.8199662501181,146.580787577127,pobre,basal,4,33.333332,660.5,1.0,44.0,10,1,22294,5,1.0
97,0.0,0.0,9.0690002,1.0,3.0,10,124.8199662501181,146.580787577127,pobre,basal,4,33.333332,660.5,1.0,44.0,7,1,22295,3,1.0
98,0.0,0.0,9.0690002,1.0,4.0,10,124.8199662501181,146.580787577127,pobre,basal,4,33.333332,660.5,1.0,44.0,8,1,22295,3,1.0
97,0.0,0.0,9.0690002,1.0,1.0,6,124.8199662501181,146.580787577127,pobre,basal,2,66.666664,676.0,1.0,28.0,10,1,22296,1,1.0
98,0.0,0.0,9.0690002,1.0,1.0,6,124.8199662501181,146.580787577127,pobre,basal,2,66.666664,676.0,1.0,28.0,11,1,22296,1,1.0
97,1.0,0.0,9.0690002,1.0,1.0,6,124.8199662501181,146.580787577127,pobre,basal,2,66.666664,676.0,1.0,28.0,7,1,22297,1,1.0
98,1.0,0.0,9.0690002,1.0,2.0,6,124.8199662501181,146.580787577127,pobre,basal,2,66.666664,676.0,1.0,28.0,8,1,22297,1,1.0
97,1.0,0.0,9.0690002,1.0,2.0,5,124.8199662501181,146.580787577127,pobre,basal,2,8.333333,624.66998,1.0,50.0,13,1,22298,2,1.0
98,1.0,0.0,9.0690002,1.0,2.0,5,124.8199662501181,146.580787577127,pobre,basal,2,8.333333,624.66998,1.0,50.0,14,1,22298,2,1.0
97,1.0,0.0,9.0690002,0.0,6.0,4,124.8199662501181,146.580787577127,pobre,basal,1,0.0,749.0,1.0,44.0,11,1,22299,6,0.0
98,1.0,0.0,9.0690002,1.0,6.0,4,124.8199662501181,146.580787577127,pobre,basal,1,0.0,749.0,1.0,44.0,12,1,22299,6,0.0
97,1.0,0.0,9.0690002,0.0,6.0,4,124.8199662501181,146.580787577127,pobre,basal,1,0.0,749.0,1.0,44.0,14,1,22300,6,0.0
98,1.0,0.0,9.0690002,0.0,4.0,4,124.8199662501181,146.580787577127,pobre,basal,1,0.0,749.0,1.0,44.0,15,1,22300,6,0.0
97,1.0,0.0,9.0690002,,0.0,7,124.8199662501181,146.580787577127,pobre,basal,0,0.0,690.33002,1.0,46.0,15,1,22301,0,
98,1.0,0.0,9.0690002,0.0,0.0,7,124.8199662501181,146.580787577127,pobre,basal,0,0.0,690.33002,1.0,46.0,16,1,22301,0,
97,1.0,0.0,9.0690002,1.0,2.0,7,124.8199662501181,146.580787577127,pobre,basal,0,0.0,690.33002,1.0,46.0,13,1,22302,2,1.0
98,1.0,0.0,9.0690002,1.0,3.0,7,124.8199662501181,146.580787577127,pobre,basal,0,0.0,690.33002,1.0,46.0,14,1,22302,2,1.0
97,1.0,0.0,9.0690002,1.0,1.0,7,124.8199662501181,146.580787577127,pobre,basal,0,0.0,690.33002,1.0,46.0,11,1,22303,1,1.0
98,1.0,0.0,9.0690002,1.0,4.0,7,124.8199662501181,146.580787577127,pobre,basal,0,0.0,690.33002,1.0,46.0,12,1,22303,1,1.0
97,1.0,0.0,9.0690002,1.0,0.0,7,124.8199662501181,146.580787577127,pobre,basal,0,0.0,690.33002,1.0,46.0,7,1,22304,0,1.0
98,1.0,0.0,9.0690002,1.0,0.0,7,124.8199662501181,146.580787577127,pobre,basal,0,0.0,690.33002,1.0,46.0,8,1,22304,0,1.0
97,1.0,0.0,9.0690002,1.0,5.0,10,124.8199662501181,146.580787577127,pobre,basal,0,233.33333,700.71002,1.0,57.0,16,1,22305,5,1.0
98,1.0,0.0,9.0690002,,,10,124.8199662501181,146.580787577127,pobre,basal,0,233.33333,700.71002,1.0,57.0,17,1,22305,5,1.0
97,0.0,0.0,9.0690002,0.0,4.0,10,124.8199662501181,146.580787577127,pobre,basal,0,233.33333,700.71002,1.0,57.0,13,1,22306,4,0.0
98,0.0,0.0,9.0690002,0.0,4.0,10,124.8199662501181,146.580787577127,pobre,basal,0,233.33333,700.71002,1.0,57.0,14,1,22306,4,0.0
97,0.0,0.0,9.0690002,1.0,2.0,10,124.8199662501181,146.580787577127,pobre,basal,0,233.33333,700.71002,1.0,57.0,11,1,22307,2,1.0
98,0.0,0.0,9.0690002,1.0,3.0,10,124.8199662501181,146.580787577127,pobre,basal,0,233.33333,700.71002,1.0,57.0,12,1,22307,2,1.0
97,0.0,0.0,9.0690002,1.0,1.0,10,124.8199662501181,146.580787577127,pobre,basal,0,233.33333,700.71002,1.0,57.0,8,1,22308,1,1.0
98,0.0,0.0,9.0690002,1.0,1.0,10,124.8199662501181,146.580787577127,pobre,basal,0,233.33333,700.71002,1.0,57.0,9,1,22308,1,1.0
97,1.0,0.0,9.0690002,1.0,3.0,7,124.8199662501181,146.580787577127,pobre,basal,0,0.0,694.66998,0.0,48.0,16,1,22309,3,1.0
98,1.0,0.0,9.0690002,,,7,124.8199662501181,146.580787577127,pobre,basal,0,0.0,694.66998,0.0,48.0,17,1,22309,3,1.0
97,1.0,0.0,9.0690002,,0.0,7,124.8199662501181,146.580787577127,pobre,basal,0,0.0,694.66998,0.0,48.0,8,1,22310,0,
98,1.0,0.0,9.0690002,1.0,1.0,7,124.8199662501181,146.580787577127,pobre,basal,0,0.0,694.66998,0.0,48.0,9,1,22310,0,
97,0.0,0.0,9.0690002,,0.0,7,124.8199662501181,146.580787577127,pobre,basal,0,0.0,694.66998,0.0,48.0,6,1,22311,0,
98,0.0,0.0,9.0690002,1.0,1.0,7,124.8199662501181,146.580787577127,pobre,basal,0,0.0,694.66998,0.0,48.0,7,1,22311,0,
97,0.0,0.0,9.0690002,,0.0,7,124.8199662501181,146.580787577127,pobre,basal,0,0.0,648.33002,0.0,24.0,13,1,22312,0,
98,0.0,0.0,9.0690002,0.0,1.0,7,124.8199662501181,146.580787577127,pobre,basal,0,0.0,648.33002,0.0,24.0,14,1,22312,0,
97,1.0,0.0,9.0690002,,0.0,7,124.8199662501181,146.580787577127,pobre,basal,0,0.0,648.33002,0.0,24.0,11,1,22313,0,
98,1.0,0.0,9.0690002,1.0,2.0,7,124.8199662501181,146.580787577127,pobre,basal,0,0.0,648.33002,0.0,24.0,12,1,22313,0,
97,1.0,0.0,9.0690002,,0.0,7,124.8199662501181,146.580787577127,pobre,basal,0,0.0,648.33002,0.0,24.0,10,1,22314,0,
98,1.0,0.0,9.0690002,1.0,1.0,7,124.8199662501181,146.580787577127,pobre,basal,0,0.0,648.33002,0.0,24.0,11,1,22314,0,
97,0.0,0.0,9.0690002,0.0,3.0,7,124.8199662501181,146.580787577127,no pobre,basal,3,216.66667,755.16998,1.0,45.0,16,1,22315,3,0.0
98,0.0,0.0,9.0690002,,,7,124.8199662501181,146.580787577127,no pobre,basal,3,216.66667,755.16998,1.0,45.0,17,1,22315,3,0.0
97,1.0,0.0,9.0690002,1.0,4.0,7,124.8199662501181,146.580787577127,no pobre,basal,3,216.66667,755.16998,1.0,45.0,14,1,22316,4,1.0
98,1.0,0.0,9.0690002,1.0,4.0,7,124.8199662501181,146.580787577127,no pobre,basal,3,216.66667,755.16998,1.0,45.0,15,1,22316,4,1.0
97,1.0,0.0,9.0690002,1.0,3.0,7,124.8199662501181,146.580787577127,no pobre,basal,3,216.66667,755.16998,1.0,45.0,12,1,22317,3,1.0
98,1.0,0.0,9.0690002,1.0,4.0,7,124.8199662501181,146.580787577127,no pobre,basal,3,216.66667,755.16998,1.0,45.0,13,1,22317,3,1.0
97,0.0,0.0,9.0690002,0.0,4.0,8,124.8199662501181,146.580787577127,pobre,basal,4,0.0,704.33002,1.0,40.0,15,1,22318,4,0.0
98,0.0,0.0,9.0690002,0.0,5.0,8,124.8199662501181,146.580787577127,pobre,basal,4,0.0,704.33002,1.0,40.0,16,1,22318,4,0.0
97,0.0,0.0,9.0690002,1.0,4.0,8,124.8199662501181,146.580787577127,pobre,basal,4,0.0,704.33002,1.0,40.0,12,1,22319,4,1.0
98,0.0,0.0,9.0690002,1.0,5.0,8,124.8199662501181,146.580787577127,pobre,basal,4,0.0,704.33002,1.0,40.0,13,1,22319,4,1.0
97,0.0,0.0,9.0690002,1.0,2.0,8,124.8199662501181,146.580787577127,pobre,basal,4,0.0,704.33002,1.0,40.0,10,1,22320,2,1.0
98,0.0,0.0,9.0690002,1.0,2.0,8,124.8199662501181,146.580787577127,pobre,basal,4,0.0,704.33002,1.0,40.0,11,1,22320,2,1.0
97,0.0,0.0,9.0690002,1.0,1.0,8,124.8199662501181,146.580787577127,pobre,basal,4,0.0,704.33002,1.0,40.0,8,1,22321,1,1.0
98,0.0,0.0,9.0690002,1.0,1.0,8,124.8199662501181,146.580787577127,pobre,basal,4,0.0,704.33002,1.0,40.0,9,1,22321,1,1.0
97,0.0,0.0,9.0690002,0.0,6.0,6,124.8199662501181,146.580787577127,pobre,basal,3,0.0,711.0,1.0,47.0,16,1,22322,6,0.0
98,0.0,0.0,9.0690002,,,6,124.8199662501181,146.580787577127,pobre,basal,3,0.0,711.0,1.0,47.0,17,1,22322,6,0.0
97,0.0,0.0,9.0690002,1.0,3.0,6,124.8199662501181,146.580787577127,pobre,basal,3,0.0,711.0,1.0,47.0,13,1,22323,3,1.0
98,0.0,0.0,9.0690002,1.0,7.0,6,124.8199662501181,146.580787577127,pobre,basal,3,0.0,711.0,1.0,47.0,14,1,22323,3,1.0
97,1.0,0.0,9.0690002,1.0,1.0,6,124.8199662501181,146.580787577127,pobre,basal,3,0.0,711.0,1.0,47.0,10,1,22324,1,1.0
98,1.0,0.0,9.0690002,1.0,2.0,6,124.8199662501181,146.580787577127,pobre,basal,3,0.0,711.0,1.0,47.0,11,1,22324,1,1.0
97,0.0,0.0,9.0690002,1.0,0.0,6,124.8199662501181,146.580787577127,pobre,basal,3,0.0,711.0,1.0,47.0,8,1,22325,0,1.0
98,0.0,0.0,9.0690002,1.0,1.0,6,124.8199662501181,146.580787577127,pobre,basal,3,0.0,711.0,1.0,47.0,9,1,22325,0,1.0
97,1.0,0.0,9.0690002,1.0,0.0,5,124.8199662501181,146.580787577127,pobre,basal,0,625.0,688.0,0.0,25.0,8,1,22326,0,1.0
98,1.0,0.0,9.0690002,1.0,1.0,5,124.8199662501181,146.580787577127,pobre,basal,0,625.0,688.0,0.0,25.0,9,1,22326,0,1.0
97,1.0,0.0,9.0690002,1.0,0.0,5,124.8199662501181,146.580787577127,pobre,basal,3,58.333332,674.5,1.0,28.0,7,1,22327,0,1.0
98,1.0,0.0,9.0690002,1.0,1.0,5,124.8199662501181,146.580787577127,pobre,basal,3,58.333332,674.5,1.0,28.0,8,1,22327,0,1.0
97,1.0,0.0,9.0690002,0.0,6.0,7,124.8199662501181,146.580787577127,pobre,basal,0,233.33333,686.0,1.0,60.0,16,1,22328,6,0.0
98,1.0,0.0,9.0690002,,,7,124.8199662501181,146.580787577127,pobre,basal,0,233.33333,686.0,1.0,60.0,17,1,22328,6,0.0
97,0.0,0.0,9.0690002,0.0,6.0,7,124.8199662501181,146.580787577127,pobre,basal,0,233.33333,686.0,1.0,60.0,14,1,22329,6,0.0
98,0.0,0.0,9.0690002,0.0,6.0,7,124.8199662501181,146.580787577127,pobre,basal,0,233.33333,686.0,1.0,60.0,15,1,22329,6,0.0
97,1.0,0.0,9.0690002,0.0,6.0,7,124.8199662501181,146.580787577127,pobre,basal,0,233.33333,686.0,1.0,60.0,12,1,22330,6,0.0
98,1.0,0.0,9.0690002,0.0,6.0,7,124.8199662501181,146.580787577127,pobre,basal,0,233.33333,686.0,1.0,60.0,13,1,22330,6,0.0
97,1.0,0.0,9.0690002,1.0,4.0,5,124.8199662501181,146.580787577127,no pobre,basal,3,33.333332,753.66998,1.0,43.0,13,1,22331,4,1.0
98,1.0,0.0,9.0690002,1.0,5.0,5,124.8199662501181,146.580787577127,no pobre,basal,3,33.333332,753.66998,1.0,43.0,14,1,22331,4,1.0
97,1.0,0.0,9.0690002,1.0,4.0,5,124.8199662501181,146.580787577127,no pobre,basal,3,33.333332,753.66998,1.0,43.0,10,1,22332,4,1.0
98,1.0,0.0,9.0690002,1.0,5.0,5,124.8199662501181,146.580787577127,no pobre,basal,3,33.333332,753.66998,1.0,43.0,11,1,22332,4,1.0
97,0.0,0.0,9.0690002,1.0,1.0,5,124.8199662501181,146.580787577127,no pobre,basal,3,33.333332,753.66998,1.0,43.0,15,1,22333,1,1.0
98,0.0,0.0,9.0690002,,,5,124.8199662501181,146.580787577127,no pobre,basal,3,33.333332,753.66998,1.0,43.0,16,1,22333,1,1.0
97,1.0,0.0,9.0690002,1.0,5.0,5,124.8199662501181,146.580787577127,pobre,basal,0,0.0,705.0,0.0,34.0,12,1,22334,5,1.0
98,1.0,0.0,9.0690002,1.0,6.0,5,124.8199662501181,146.580787577127,pobre,basal,0,0.0,705.0,0.0,34.0,13,1,22334,5,1.0
97,0.0,0.0,9.0690002,1.0,1.0,5,124.8199662501181,146.580787577127,pobre,basal,0,0.0,705.0,0.0,34.0,10,1,22335,1,1.0
98,0.0,0.0,9.0690002,1.0,2.0,5,124.8199662501181,146.580787577127,pobre,basal,0,0.0,705.0,0.0,34.0,11,1,22335,1,1.0
97,0.0,0.0,9.0690002,1.0,3.0,5,124.8199662501181,146.580787577127,pobre,basal,0,0.0,705.0,0.0,34.0,7,1,22336,3,1.0
98,0.0,0.0,9.0690002,1.0,1.0,5,124.8199662501181,146.580787577127,pobre,basal,0,0.0,705.0,0.0,34.0,8,1,22336,3,1.0
97,1.0,0.0,9.0690002,1.0,5.0,10,124.8199662501181,146.580787577127,pobre,basal,3,0.0,639.0,1.0,40.0,15,1,22337,5,1.0
98,1.0,0.0,9.0690002,1.0,6.0,10,124.8199662501181,146.580787577127,pobre,basal,3,0.0,639.0,1.0,40.0,16,1,22337,5,1.0
97,1.0,0.0,9.0690002,1.0,1.0,10,124.8199662501181,146.580787577127,pobre,basal,3,0.0,639.0,1.0,40.0,12,1,22338,1,1.0
98,1.0,0.0,9.0690002,1.0,2.0,10,124.8199662501181,146.580787577127,pobre,basal,3,0.0,639.0,1.0,40.0,13,1,22338,1,1.0
97,1.0,0.0,9.0690002,1.0,1.0,10,124.8199662501181,146.580787577127,pobre,basal,3,0.0,639.0,1.0,40.0,10,1,22339,1,1.0
98,1.0,0.0,9.0690002,1.0,2.0,10,124.8199662501181,146.580787577127,pobre,basal,3,0.0,639.0,1.0,40.0,11,1,22339,1,1.0
97,1.0,0.0,9.0690002,1.0,0.0,10,124.8199662501181,146.580787577127,pobre,basal,3,0.0,639.0,1.0,40.0,7,1,22340,0,1.0
98,1.0,0.0,9.0690002,1.0,1.0,10,124.8199662501181,146.580787577127,pobre,basal,3,0.0,639.0,1.0,40.0,8,1,22340,0,1.0
97,0.0,0.0,9.0690002,0.0,6.0,9,124.8199662501181,146.580787577127,no pobre,basal,3,0.0,767.0,1.0,39.0,15,1,22341,6,0.0
98,0.0,0.0,9.0690002,,,9,124.8199662501181,146.580787577127,no pobre,basal,3,0.0,767.0,1.0,39.0,16,1,22341,6,0.0
97,1.0,0.0,9.0690002,0.0,6.0,9,124.8199662501181,146.580787577127,no pobre,basal,3,0.0,767.0,1.0,39.0,16,1,22342,6,0.0
98,1.0,0.0,9.0690002,,,9,124.8199662501181,146.580787577127,no pobre,basal,3,0.0,767.0,1.0,39.0,17,1,22342,6,0.0
97,0.0,0.0,9.0690002,1.0,2.0,9,124.8199662501181,146.580787577127,no pobre,basal,3,0.0,767.0,1.0,39.0,11,1,22343,2,1.0
98,0.0,0.0,9.0690002,1.0,3.0,9,124.8199662501181,146.580787577127,no pobre,basal,3,0.0,767.0,1.0,39.0,12,1,22343,2,1.0
97,1.0,0.0,9.0690002,1.0,2.0,9,124.8199662501181,146.580787577127,no pobre,basal,3,0.0,767.0,1.0,39.0,9,1,22344,2,1.0
98,1.0,0.0,9.0690002,1.0,3.0,9,124.8199662501181,146.580787577127,no pobre,basal,3,0.0,767.0,1.0,39.0,10,1,22344,2,1.0
97,1.0,0.0,9.0690002,1.0,2.0,9,124.8199662501181,146.580787577127,no pobre,basal,3,0.0,767.0,1.0,39.0,12,1,22345,2,1.0
98,1.0,0.0,9.0690002,,,9,124.8199662501181,146.580787577127,no pobre,basal,3,0.0,767.0,1.0,39.0,13,1,22345,2,1.0
97,0.0,0.0,9.0690002,0.0,3.0,8,124.8199662501181,146.580787577127,pobre,basal,0,0.0,596.0,1.0,36.0,16,1,22346,3,0.0
98,0.0,0.0,9.0690002,,,8,124.8199662501181,146.580787577127,pobre,basal,0,0.0,596.0,1.0,36.0,17,1,22346,3,0.0
97,0.0,0.0,9.0690002,1.0,2.0,8,124.8199662501181,146.580787577127,pobre,basal,0,0.0,596.0,1.0,36.0,15,1,22347,2,1.0
98,0.0,0.0,9.0690002,0.0,2.0,8,124.8199662501181,146.580787577127,pobre,basal,0,0.0,596.0,1.0,36.0,16,1,22347,2,1.0
97,0.0,0.0,9.0690002,1.0,2.0,8,124.8199662501181,146.580787577127,pobre,basal,0,0.0,596.0,1.0,36.0,12,1,22348,2,1.0
98,0.0,0.0,9.0690002,1.0,3.0,8,124.8199662501181,146.580787577127,pobre,basal,0,0.0,596.0,1.0,36.0,13,1,22348,2,1.0
97,0.0,0.0,9.0690002,1.0,1.0,8,124.8199662501181,146.580787577127,pobre,basal,0,0.0,596.0,1.0,36.0,9,1,22349,1,1.0
98,0.0,0.0,9.0690002,1.0,1.0,8,124.8199662501181,146.580787577127,pobre,basal,0,0.0,596.0,1.0,36.0,10,1,22349,1,1.0
97,0.0,0.0,9.0690002,1.0,0.0,8,124.8199662501181,146.580787577127,pobre,basal,0,0.0,596.0,1.0,36.0,6,1,22350,0,1.0
98,0.0,0.0,9.0690002,,,8,124.8199662501181,146.580787577127,pobre,basal,0,0.0,596.0,1.0,36.0,7,1,22350,0,1.0
97,0.0,0.0,9.0690002,1.0,3.0,9,124.8199662501181,146.580787577127,pobre,basal,0,0.0,629.5,1.0,48.0,11,1,22351,3,1.0
98,0.0,0.0,9.0690002,1.0,4.0,9,124.8199662501181,146.580787577127,pobre,basal,0,0.0,629.5,1.0,48.0,12,1,22351,3,1.0
97,1.0,0.0,9.0690002,1.0,2.0,9,124.8199662501181,146.580787577127,pobre,basal,0,0.0,629.5,1.0,48.0,10,1,22352,2,1.0
98,1.0,0.0,9.0690002,1.0,3.0,9,124.8199662501181,146.580787577127,pobre,basal,0,0.0,629.5,1.0,48.0,11,1,22352,2,1.0
97,1.0,0.0,9.0690002,1.0,1.0,9,124.8199662501181,146.580787577127,pobre,basal,0,0.0,629.5,1.0,48.0,8,1,22353,1,1.0
98,1.0,0.0,9.0690002,1.0,1.0,9,124.8199662501181,146.580787577127,pobre,basal,0,0.0,629.5,1.0,48.0,9,1,22353,1,1.0
97,1.0,0.0,9.0690002,0.0,6.0,11,124.8199662501181,146.580787577127,pobre,basal,1,0.0,737.21997,1.0,53.0,16,1,22354,6,0.0
98,1.0,0.0,9.0690002,,,11,124.8199662501181,146.580787577127,pobre,basal,1,0.0,737.21997,1.0,53.0,17,1,22354,6,0.0
97,1.0,0.0,9.0690002,0.0,6.0,11,124.8199662501181,146.580787577127,pobre,basal,1,0.0,737.21997,1.0,53.0,14,1,22355,6,0.0
98,1.0,0.0,9.0690002,0.0,6.0,11,124.8199662501181,146.580787577127,pobre,basal,1,0.0,737.21997,1.0,53.0,15,1,22355,6,0.0
97,0.0,0.0,9.0690002,1.0,5.0,11,124.8199662501181,146.580787577127,pobre,basal,1,0.0,737.21997,1.0,53.0,12,1,22356,5,1.0
98,0.0,0.0,9.0690002,0.0,6.0,11,124.8199662501181,146.580787577127,pobre,basal,1,0.0,737.21997,1.0,53.0,13,1,22356,5,1.0
97,0.0,0.0,9.0690002,0.0,2.0,11,124.8199662501181,146.580787577127,pobre,basal,1,0.0,737.21997,1.0,53.0,11,1,22357,2,0.0
98,0.0,0.0,9.0690002,1.0,3.0,11,124.8199662501181,146.580787577127,pobre,basal,1,0.0,737.21997,1.0,53.0,12,1,22357,2,0.0
97,0.0,0.0,9.0690002,1.0,1.0,7,124.8199662501181,146.580787577127,pobre,basal,5,225.0,668.25,1.0,35.0,9,1,22358,1,1.0
98,0.0,0.0,9.0690002,1.0,2.0,7,124.8199662501181,146.580787577127,pobre,basal,5,225.0,668.25,1.0,35.0,10,1,22358,1,1.0
97,1.0,0.0,9.0690002,1.0,1.0,7,124.8199662501181,146.580787577127,pobre,basal,5,225.0,668.25,1.0,35.0,8,1,22359,1,1.0
98,1.0,0.0,9.0690002,1.0,2.0,7,124.8199662501181,146.580787577127,pobre,basal,5,225.0,668.25,1.0,35.0,9,1,22359,1,1.0
97,1.0,0.0,9.0690002,1.0,3.0,6,124.8199662501181,146.580787577127,pobre,basal,9,1200.0,714.0,1.0,30.0,11,1,22360,3,1.0
98,1.0,0.0,9.0690002,1.0,4.0,6,124.8199662501181,146.580787577127,pobre,basal,9,1200.0,714.0,1.0,30.0,12,1,22360,3,1.0
97,1.0,0.0,9.0690002,1.0,1.0,6,124.8199662501181,146.580787577127,pobre,basal,9,1200.0,714.0,1.0,30.0,10,1,22361,1,1.0
98,1.0,0.0,9.0690002,1.0,2.0,6,124.8199662501181,146.580787577127,pobre,basal,9,1200.0,714.0,1.0,30.0,11,1,22361,1,1.0
97,1.0,0.0,0.574,1.0,8.0,6,143.9082694682103,143.9082694682103,pobre,basal,3,0.0,703.0,1.0,53.0,14,119,22362,8,1.0
98,1.0,0.0,0.574,1.0,8.0,6,143.9082694682103,143.9082694682103,pobre,basal,3,0.0,703.0,1.0,53.0,15,119,22362,8,1.0
97,1.0,0.0,0.574,1.0,9.0,4,143.9082694682103,143.9082694682103,pobre,basal,0,0.0,756.0,0.0,47.0,15,119,22363,9,1.0
98,1.0,0.0,0.574,0.0,9.0,4,143.9082694682103,143.9082694682103,pobre,basal,0,0.0,756.0,0.0,47.0,16,119,22363,9,1.0
97,1.0,0.0,0.574,1.0,5.0,4,143.9082694682103,143.9082694682103,pobre,basal,0,0.0,756.0,0.0,47.0,14,119,22364,5,1.0
98,1.0,0.0,0.574,1.0,4.0,4,143.9082694682103,143.9082694682103,pobre,basal,0,0.0,756.0,0.0,47.0,15,119,22364,5,1.0
97,1.0,0.0,0.574,1.0,6.0,4,143.9082694682103,143.9082694682103,pobre,basal,0,0.0,756.0,0.0,47.0,11,119,22365,6,1.0
98,1.0,0.0,0.574,1.0,6.0,4,143.9082694682103,143.9082694682103,pobre,basal,0,0.0,756.0,0.0,47.0,12,119,22365,6,1.0
97,1.0,0.0,0.574,1.0,10.0,2,143.9082694682103,143.9082694682103,pobre,basal,3,400.0,870.0,0.0,48.0,14,119,22366,10,1.0
98,1.0,0.0,0.574,1.0,10.0,2,143.9082694682103,143.9082694682103,pobre,basal,3,400.0,870.0,0.0,48.0,15,119,22366,10,1.0
97,1.0,0.0,0.574,1.0,6.0,8,143.9082694682103,143.9082694682103,pobre,basal,6,1100.0,764.0,1.0,36.0,14,119,22367,6,1.0
98,1.0,0.0,0.574,0.0,7.0,8,143.9082694682103,143.9082694682103,pobre,basal,6,1100.0,764.0,1.0,36.0,15,119,22367,6,1.0
97,0.0,0.0,0.574,1.0,3.0,8,143.9082694682103,143.9082694682103,pobre,basal,6,1100.0,764.0,1.0,36.0,8,119,22368,3,1.0
98,0.0,0.0,0.574,0.0,3.0,8,143.9082694682103,143.9082694682103,pobre,basal,6,1100.0,764.0,1.0,36.0,9,119,22368,3,1.0
97,0.0,0.0,0.574,1.0,1.0,8,143.9082694682103,143.9082694682103,pobre,basal,6,1100.0,764.0,1.0,36.0,7,119,22369,1,1.0
98,0.0,0.0,0.574,0.0,2.0,8,143.9082694682103,143.9082694682103,pobre,basal,6,1100.0,764.0,1.0,36.0,8,119,22369,1,1.0
97,0.0,0.0,0.574,1.0,9.0,5,143.9082694682103,143.9082694682103,pobre,basal,9,720.0,833.0,1.0,34.0,15,119,22370,9,1.0
98,0.0,0.0,0.574,1.0,11.0,5,143.9082694682103,143.9082694682103,pobre,basal,9,720.0,833.0,1.0,34.0,16,119,22370,9,1.0
97,0.0,0.0,0.574,1.0,1.0,5,143.9082694682103,143.9082694682103,pobre,basal,9,720.0,833.0,1.0,34.0,7,119,22371,1,1.0
98,0.0,0.0,0.574,1.0,2.0,5,143.9082694682103,143.9082694682103,pobre,basal,9,720.0,833.0,1.0,34.0,8,119,22371,1,1.0
97,1.0,0.0,0.574,1.0,2.0,6,143.9082694682103,143.9082694682103,pobre,basal,1,4000.0,775.0,1.0,53.0,10,119,22372,2,1.0
98,1.0,0.0,0.574,1.0,3.0,6,143.9082694682103,143.9082694682103,pobre,basal,1,4000.0,775.0,1.0,53.0,11,119,22372,2,1.0
97,1.0,0.0,0.574,1.0,0.0,6,143.9082694682103,143.9082694682103,pobre,basal,1,4000.0,775.0,1.0,53.0,6,119,22373,0,1.0
98,1.0,0.0,0.574,1.0,1.0,6,143.9082694682103,143.9082694682103,pobre,basal,1,4000.0,775.0,1.0,53.0,7,119,22373,0,1.0
97,1.0,0.0,0.574,1.0,6.0,3,143.9082694682103,143.9082694682103,pobre,basal,0,0.0,767.0,1.0,58.0,11,119,22374,6,1.0
98,1.0,0.0,0.574,1.0,0.0,3,143.9082694682103,143.9082694682103,pobre,basal,0,0.0,767.0,1.0,58.0,12,119,22374,6,1.0
97,0.0,,0.574,1.0,7.0,6,143.9082694682103,143.9082694682103,pobre,basal,0,750.0,688.0,1.0,39.0,13,119,22375,7,1.0
98,0.0,,0.574,,,6,143.9082694682103,143.9082694682103,pobre,basal,0,750.0,688.0,1.0,39.0,14,119,22375,7,1.0
97,0.0,0.0,0.574,0.0,9.0,3,143.9082694682103,143.9082694682103,pobre,basal,6,720.0,832.5,0.0,33.0,15,119,22376,9,0.0
98,0.0,0.0,0.574,,,3,143.9082694682103,143.9082694682103,pobre,basal,6,720.0,832.5,0.0,33.0,16,119,22376,9,0.0
97,0.0,0.0,0.574,1.0,4.0,3,143.9082694682103,143.9082694682103,pobre,basal,6,720.0,832.5,0.0,33.0,11,119,22377,4,1.0
98,0.0,0.0,0.574,,,3,143.9082694682103,143.9082694682103,pobre,basal,6,720.0,832.5,0.0,33.0,12,119,22377,4,1.0
97,1.0,0.0,0.574,1.0,3.0,6,143.9082694682103,143.9082694682103,pobre,basal,6,2600.0,848.0,1.0,55.0,10,119,22378,3,1.0
98,1.0,0.0,0.574,1.0,3.0,6,143.9082694682103,143.9082694682103,pobre,basal,6,2600.0,848.0,1.0,55.0,11,119,22378,3,1.0
97,0.0,0.0,0.574,1.0,8.0,6,143.9082694682103,143.9082694682103,pobre,basal,6,625.0,772.0,1.0,40.0,16,119,22379,8,1.0
98,0.0,0.0,0.574,,,6,143.9082694682103,143.9082694682103,pobre,basal,6,625.0,772.0,1.0,40.0,17,119,22379,8,1.0
97,0.0,0.0,0.574,1.0,7.0,6,143.9082694682103,143.9082694682103,pobre,basal,6,625.0,772.0,1.0,40.0,14,119,22380,7,1.0
98,0.0,0.0,0.574,1.0,7.0,6,143.9082694682103,143.9082694682103,pobre,basal,6,625.0,772.0,1.0,40.0,15,119,22380,7,1.0
97,1.0,0.0,0.574,1.0,3.0,6,143.9082694682103,143.9082694682103,pobre,basal,6,625.0,772.0,1.0,40.0,7,119,22381,3,1.0
98,1.0,0.0,0.574,1.0,4.0,6,143.9082694682103,143.9082694682103,pobre,basal,6,625.0,772.0,1.0,40.0,8,119,22381,3,1.0
97,1.0,0.0,2.7709999,1.0,9.0,4,162.3551720465836,177.3929067697574,pobre,basal,2,500.0,807.0,1.0,51.0,15,41,22382,9,1.0
98,1.0,0.0,2.7709999,1.0,10.0,4,162.3551720465836,177.3929067697574,pobre,basal,2,500.0,807.0,1.0,51.0,16,41,22382,9,1.0
97,0.0,0.0,2.7709999,1.0,7.0,4,162.3551720465836,177.3929067697574,pobre,basal,2,500.0,807.0,1.0,51.0,13,41,22383,7,1.0
98,0.0,0.0,2.7709999,1.0,8.0,4,162.3551720465836,177.3929067697574,pobre,basal,2,500.0,807.0,1.0,51.0,14,41,22383,7,1.0
97,1.0,0.0,0.574,1.0,4.0,3,143.9082694682103,143.9082694682103,no pobre,basal,3,0.0,1052.0,1.0,63.0,10,119,22384,4,1.0
98,1.0,0.0,0.574,1.0,5.0,3,143.9082694682103,143.9082694682103,no pobre,basal,3,0.0,1052.0,1.0,63.0,11,119,22384,4,1.0
97,1.0,0.0,0.574,1.0,6.0,4,143.9082694682103,143.9082694682103,pobre,basal,2,625.0,725.0,1.0,53.0,12,119,22385,6,1.0
98,1.0,0.0,0.574,1.0,7.0,4,143.9082694682103,143.9082694682103,pobre,basal,2,625.0,725.0,1.0,53.0,13,119,22385,6,1.0
97,0.0,0.0,0.574,1.0,5.0,4,143.9082694682103,143.9082694682103,pobre,basal,2,625.0,725.0,1.0,53.0,11,119,22386,5,1.0
98,0.0,0.0,0.574,1.0,6.0,4,143.9082694682103,143.9082694682103,pobre,basal,2,625.0,725.0,1.0,53.0,12,119,22386,5,1.0
97,1.0,0.0,2.7709999,0.0,9.0,7,162.3551720465836,177.3929067697574,pobre,basal,0,625.0,827.25,1.0,48.0,16,41,22387,9,0.0
98,1.0,0.0,2.7709999,,,7,162.3551720465836,177.3929067697574,pobre,basal,0,625.0,827.25,1.0,48.0,17,41,22387,9,0.0
97,0.0,0.0,2.7709999,1.0,5.0,7,162.3551720465836,177.3929067697574,pobre,basal,0,625.0,827.25,1.0,48.0,14,41,22388,5,1.0
98,0.0,0.0,2.7709999,1.0,9.0,7,162.3551720465836,177.3929067697574,pobre,basal,0,625.0,827.25,1.0,48.0,15,41,22388,5,1.0
97,1.0,0.0,2.7709999,1.0,4.0,7,162.3551720465836,177.3929067697574,pobre,basal,0,625.0,827.25,1.0,48.0,10,41,22389,4,1.0
98,1.0,0.0,2.7709999,1.0,5.0,7,162.3551720465836,177.3929067697574,pobre,basal,0,625.0,827.25,1.0,48.0,11,41,22389,4,1.0
97,0.0,0.0,2.7709999,0.0,6.0,5,162.3551720465836,177.3929067697574,pobre,basal,0,500.0,885.5,1.0,55.0,16,41,22390,6,0.0
98,0.0,0.0,2.7709999,,,5,162.3551720465836,177.3929067697574,pobre,basal,0,500.0,885.5,1.0,55.0,17,41,22390,6,0.0
97,0.0,0.0,2.7709999,1.0,5.0,5,162.3551720465836,177.3929067697574,pobre,basal,0,500.0,885.5,1.0,55.0,11,41,22391,5,1.0
98,0.0,0.0,2.7709999,,,5,162.3551720465836,177.3929067697574,pobre,basal,0,500.0,885.5,1.0,55.0,12,41,22391,5,1.0
97,1.0,0.0,2.7709999,1.0,3.0,8,162.3551720465836,177.3929067697574,pobre,basal,3,625.0,560.0,1.0,29.0,9,41,22392,3,1.0
98,1.0,0.0,2.7709999,1.0,4.0,8,162.3551720465836,177.3929067697574,pobre,basal,3,625.0,560.0,1.0,29.0,10,41,22392,3,1.0
97,0.0,0.0,2.7709999,1.0,1.0,8,162.3551720465836,177.3929067697574,pobre,basal,3,625.0,560.0,1.0,29.0,7,41,22393,1,1.0
98,0.0,0.0,2.7709999,1.0,2.0,8,162.3551720465836,177.3929067697574,pobre,basal,3,625.0,560.0,1.0,29.0,8,41,22393,1,1.0
97,0.0,0.0,2.7709999,1.0,5.0,5,162.3551720465836,177.3929067697574,pobre,basal,6,500.0,733.0,1.0,37.0,11,41,22394,5,1.0
98,0.0,0.0,2.7709999,1.0,6.0,5,162.3551720465836,177.3929067697574,pobre,basal,6,500.0,733.0,1.0,37.0,12,41,22394,5,1.0
97,0.0,0.0,2.7709999,1.0,1.0,5,162.3551720465836,177.3929067697574,pobre,basal,6,500.0,733.0,1.0,37.0,7,41,22395,1,1.0
98,0.0,0.0,2.7709999,1.0,1.0,5,162.3551720465836,177.3929067697574,pobre,basal,6,500.0,733.0,1.0,37.0,8,41,22395,1,1.0
97,1.0,0.0,2.7709999,1.0,0.0,5,162.3551720465836,177.3929067697574,pobre,basal,2,625.0,851.0,1.0,52.0,6,41,22396,0,1.0
98,1.0,0.0,2.7709999,1.0,3.0,5,162.3551720465836,177.3929067697574,pobre,basal,2,625.0,851.0,1.0,52.0,7,41,22396,0,1.0
97,0.0,0.0,2.7709999,1.0,5.0,7,162.3551720465836,177.3929067697574,pobre,basal,0,500.0,846.0,1.0,56.0,14,41,22397,5,1.0
98,0.0,0.0,2.7709999,1.0,6.0,7,162.3551720465836,177.3929067697574,pobre,basal,0,500.0,846.0,1.0,56.0,15,41,22397,5,1.0
97,1.0,0.0,1.673,1.0,9.0,6,145.8867838990138,173.8639127060253,pobre,basal,0,625.0,770.0,1.0,45.0,16,75,22398,9,1.0
98,1.0,0.0,1.673,,,6,145.8867838990138,173.8639127060253,pobre,basal,0,625.0,770.0,1.0,45.0,17,75,22398,9,1.0
97,1.0,0.0,1.673,1.0,6.0,6,145.8867838990138,173.8639127060253,pobre,basal,0,625.0,770.0,1.0,45.0,11,75,22399,6,1.0
98,1.0,0.0,1.673,1.0,6.0,6,145.8867838990138,173.8639127060253,pobre,basal,0,625.0,770.0,1.0,45.0,12,75,22399,6,1.0
97,0.0,0.0,1.673,1.0,2.0,6,145.8867838990138,173.8639127060253,pobre,basal,0,625.0,770.0,1.0,45.0,7,75,22400,2,1.0
98,0.0,0.0,1.673,1.0,3.0,6,145.8867838990138,173.8639127060253,pobre,basal,0,625.0,770.0,1.0,45.0,8,75,22400,2,1.0
97,0.0,0.0,1.673,1.0,3.0,5,145.8867838990138,173.8639127060253,pobre,basal,4,625.0,693.0,1.0,40.0,8,75,22401,3,1.0
98,0.0,0.0,1.673,1.0,3.0,5,145.8867838990138,173.8639127060253,pobre,basal,4,625.0,693.0,1.0,40.0,9,75,22401,3,1.0
97,1.0,0.0,1.673,1.0,1.0,5,145.8867838990138,173.8639127060253,pobre,basal,4,625.0,693.0,1.0,40.0,6,75,22402,1,1.0
98,1.0,0.0,1.673,1.0,1.0,5,145.8867838990138,173.8639127060253,pobre,basal,4,625.0,693.0,1.0,40.0,7,75,22402,1,1.0
97,1.0,0.0,1.673,1.0,4.0,7,145.8867838990138,173.8639127060253,pobre,basal,0,0.0,756.5,1.0,39.0,11,75,22403,4,1.0
98,1.0,0.0,1.673,1.0,5.0,7,145.8867838990138,173.8639127060253,pobre,basal,0,0.0,756.5,1.0,39.0,12,75,22403,4,1.0
97,1.0,0.0,1.673,1.0,3.0,7,145.8867838990138,173.8639127060253,pobre,basal,0,0.0,756.5,1.0,39.0,8,75,22404,3,1.0
98,1.0,0.0,1.673,1.0,3.0,7,145.8867838990138,173.8639127060253,pobre,basal,0,0.0,756.5,1.0,39.0,9,75,22404,3,1.0
97,0.0,0.0,1.673,1.0,1.0,7,145.8867838990138,173.8639127060253,pobre,basal,0,0.0,756.5,1.0,39.0,7,75,22405,1,1.0
98,0.0,0.0,1.673,1.0,2.0,7,145.8867838990138,173.8639127060253,pobre,basal,0,0.0,756.5,1.0,39.0,8,75,22405,1,1.0
97,1.0,0.0,1.673,1.0,7.0,8,145.8867838990138,173.8639127060253,pobre,basal,0,0.0,787.70099,1.0,57.0,13,75,22406,7,1.0
98,1.0,0.0,1.673,1.0,7.0,8,145.8867838990138,173.8639127060253,pobre,basal,0,0.0,787.70099,1.0,57.0,14,75,22406,7,1.0
97,1.0,0.0,1.673,1.0,6.0,8,145.8867838990138,173.8639127060253,pobre,basal,0,0.0,787.70099,1.0,57.0,11,75,22407,6,1.0
98,1.0,0.0,1.673,1.0,6.0,8,145.8867838990138,173.8639127060253,pobre,basal,0,0.0,787.70099,1.0,57.0,12,75,22407,6,1.0
97,1.0,0.0,1.673,0.0,9.0,6,145.8867838990138,173.8639127060253,pobre,basal,2,625.0,740.0,1.0,40.0,16,75,22408,9,0.0
98,1.0,0.0,1.673,,,6,145.8867838990138,173.8639127060253,pobre,basal,2,625.0,740.0,1.0,40.0,17,75,22408,9,0.0
97,1.0,0.0,1.673,1.0,8.0,6,145.8867838990138,173.8639127060253,pobre,basal,2,625.0,740.0,1.0,40.0,14,75,22409,8,1.0
98,1.0,0.0,1.673,0.0,9.0,6,145.8867838990138,173.8639127060253,pobre,basal,2,625.0,740.0,1.0,40.0,15,75,22409,8,1.0
97,0.0,0.0,1.673,1.0,6.0,6,145.8867838990138,173.8639127060253,pobre,basal,2,625.0,740.0,1.0,40.0,12,75,22410,6,1.0
98,0.0,0.0,1.673,1.0,7.0,6,145.8867838990138,173.8639127060253,pobre,basal,2,625.0,740.0,1.0,40.0,13,75,22410,6,1.0
97,1.0,0.0,1.673,1.0,5.0,6,145.8867838990138,173.8639127060253,pobre,basal,2,625.0,740.0,1.0,40.0,11,75,22411,5,1.0
98,1.0,0.0,1.673,0.0,6.0,6,145.8867838990138,173.8639127060253,pobre,basal,2,625.0,740.0,1.0,40.0,12,75,22411,5,1.0
97,0.0,0.0,1.673,0.0,3.0,5,145.8867838990138,173.8639127060253,pobre,basal,0,525.0,716.0,1.0,47.0,9,75,22412,3,0.0
98,0.0,0.0,1.673,1.0,4.0,5,145.8867838990138,173.8639127060253,pobre,basal,0,525.0,716.0,1.0,47.0,10,75,22412,3,0.0
97,0.0,0.0,1.673,0.0,0.0,5,145.8867838990138,173.8639127060253,pobre,basal,0,525.0,716.0,1.0,47.0,6,75,22413,0,0.0
98,0.0,0.0,1.673,1.0,1.0,5,145.8867838990138,173.8639127060253,pobre,basal,0,525.0,716.0,1.0,47.0,7,75,22413,0,0.0
97,1.0,0.0,1.673,1.0,1.0,4,145.8867838990138,173.8639127060253,pobre,basal,0,500.0,793.0,1.0,59.0,7,75,22414,1,1.0
98,1.0,0.0,1.673,1.0,2.0,4,145.8867838990138,173.8639127060253,pobre,basal,0,500.0,793.0,1.0,59.0,8,75,22414,1,1.0
97,0.0,0.0,1.673,0.0,9.0,6,145.8867838990138,173.8639127060253,pobre,basal,0,0.0,662.70099,1.0,42.0,15,75,22415,9,0.0
98,0.0,0.0,1.673,0.0,9.0,6,145.8867838990138,173.8639127060253,pobre,basal,0,0.0,662.70099,1.0,42.0,16,75,22415,9,0.0
97,1.0,0.0,1.673,1.0,6.0,6,145.8867838990138,173.8639127060253,pobre,basal,0,0.0,662.70099,1.0,42.0,13,75,22416,6,1.0
98,1.0,0.0,1.673,1.0,7.0,6,145.8867838990138,173.8639127060253,pobre,basal,0,0.0,662.70099,1.0,42.0,14,75,22416,6,1.0
97,0.0,0.0,1.673,1.0,5.0,6,145.8867838990138,173.8639127060253,pobre,basal,0,0.0,662.70099,1.0,42.0,11,75,22417,5,1.0
98,0.0,0.0,1.673,1.0,6.0,6,145.8867838990138,173.8639127060253,pobre,basal,0,0.0,662.70099,1.0,42.0,12,75,22417,5,1.0
97,0.0,0.0,1.673,1.0,3.0,6,145.8867838990138,173.8639127060253,pobre,basal,4,750.0,703.0,1.0,39.0,8,75,22418,3,1.0
98,0.0,0.0,1.673,1.0,4.0,6,145.8867838990138,173.8639127060253,pobre,basal,4,750.0,703.0,1.0,39.0,9,75,22418,3,1.0
97,0.0,0.0,1.673,1.0,1.0,6,145.8867838990138,173.8639127060253,pobre,basal,4,750.0,703.0,1.0,39.0,7,75,22419,1,1.0
98,0.0,0.0,1.673,1.0,3.0,6,145.8867838990138,173.8639127060253,pobre,basal,4,750.0,703.0,1.0,39.0,8,75,22419,1,1.0
97,1.0,0.0,1.673,1.0,1.0,6,145.8867838990138,173.8639127060253,pobre,basal,4,750.0,703.0,1.0,39.0,6,75,22420,1,1.0
98,1.0,0.0,1.673,1.0,1.0,6,145.8867838990138,173.8639127060253,pobre,basal,4,750.0,703.0,1.0,39.0,7,75,22420,1,1.0
97,1.0,0.0,1.673,0.0,9.0,8,145.8867838990138,173.8639127060253,pobre,basal,1,625.0,821.0,1.0,71.0,16,75,22421,9,0.0
98,1.0,0.0,1.673,,,8,145.8867838990138,173.8639127060253,pobre,basal,1,625.0,821.0,1.0,71.0,17,75,22421,9,0.0
97,1.0,0.0,1.673,1.0,4.0,8,145.8867838990138,173.8639127060253,pobre,basal,1,625.0,821.0,1.0,71.0,10,75,22422,4,1.0
98,1.0,0.0,1.673,1.0,4.0,8,145.8867838990138,173.8639127060253,pobre,basal,1,625.0,821.0,1.0,71.0,11,75,22422,4,1.0
97,1.0,0.0,1.673,1.0,2.0,8,145.8867838990138,173.8639127060253,pobre,basal,1,625.0,821.0,1.0,71.0,8,75,22423,2,1.0
98,1.0,0.0,1.673,1.0,3.0,8,145.8867838990138,173.8639127060253,pobre,basal,1,625.0,821.0,1.0,71.0,9,75,22423,2,1.0
97,1.0,0.0,3.8150001,0.0,6.0,10,114.347728174424,123.6686556731134,pobre,basal,2,600.0,732.0,1.0,44.0,16,35,22424,6,0.0
98,1.0,0.0,3.8150001,,,10,114.347728174424,123.6686556731134,pobre,basal,2,600.0,732.0,1.0,44.0,17,35,22424,6,0.0
97,1.0,0.0,3.8150001,0.0,6.0,10,114.347728174424,123.6686556731134,pobre,basal,2,600.0,732.0,1.0,44.0,14,35,22425,6,0.0
98,1.0,0.0,3.8150001,0.0,6.0,10,114.347728174424,123.6686556731134,pobre,basal,2,600.0,732.0,1.0,44.0,15,35,22425,6,0.0
97,1.0,0.0,3.8150001,1.0,5.0,10,114.347728174424,123.6686556731134,pobre,basal,2,600.0,732.0,1.0,44.0,13,35,22426,5,1.0
98,1.0,0.0,3.8150001,1.0,5.0,10,114.347728174424,123.6686556731134,pobre,basal,2,600.0,732.0,1.0,44.0,14,35,22426,5,1.0
97,0.0,0.0,3.8150001,1.0,4.0,10,114.347728174424,123.6686556731134,pobre,basal,2,600.0,732.0,1.0,44.0,11,35,22427,4,1.0
98,0.0,0.0,3.8150001,1.0,5.0,10,114.347728174424,123.6686556731134,pobre,basal,2,600.0,732.0,1.0,44.0,12,35,22427,4,1.0
97,1.0,0.0,3.8150001,1.0,3.0,10,114.347728174424,123.6686556731134,pobre,basal,2,600.0,732.0,1.0,44.0,10,35,22428,3,1.0
98,1.0,0.0,3.8150001,1.0,3.0,10,114.347728174424,123.6686556731134,pobre,basal,2,600.0,732.0,1.0,44.0,11,35,22428,3,1.0
97,1.0,0.0,3.8150001,1.0,1.0,10,114.347728174424,123.6686556731134,pobre,basal,2,600.0,732.0,1.0,44.0,7,35,22429,1,1.0
98,1.0,0.0,3.8150001,1.0,2.0,10,114.347728174424,123.6686556731134,pobre,basal,2,600.0,732.0,1.0,44.0,8,35,22429,1,1.0
97,0.0,0.0,3.8150001,1.0,0.0,10,114.347728174424,123.6686556731134,pobre,basal,2,600.0,732.0,1.0,44.0,6,35,22430,0,1.0
98,0.0,0.0,3.8150001,1.0,1.0,10,114.347728174424,123.6686556731134,pobre,basal,2,600.0,732.0,1.0,44.0,7,35,22430,0,1.0
97,1.0,0.0,3.8150001,1.0,2.0,8,114.347728174424,123.6686556731134,pobre,basal,0,480.0,505.0,1.0,37.0,10,35,22431,2,1.0
98,1.0,0.0,3.8150001,1.0,3.0,8,114.347728174424,123.6686556731134,pobre,basal,0,480.0,505.0,1.0,37.0,11,35,22431,2,1.0
97,0.0,0.0,3.8150001,1.0,0.0,8,114.347728174424,123.6686556731134,pobre,basal,0,480.0,505.0,1.0,37.0,7,35,22432,0,1.0
98,0.0,0.0,3.8150001,1.0,1.0,8,114.347728174424,123.6686556731134,pobre,basal,0,480.0,505.0,1.0,37.0,8,35,22432,0,1.0
97,1.0,0.0,3.8150001,1.0,2.0,6,114.347728174424,123.6686556731134,pobre,basal,3,500.0,695.0,1.0,34.0,8,35,22433,2,1.0
98,1.0,0.0,3.8150001,1.0,3.0,6,114.347728174424,123.6686556731134,pobre,basal,3,500.0,695.0,1.0,34.0,9,35,22433,2,1.0
97,1.0,0.0,3.8150001,1.0,1.0,6,114.347728174424,123.6686556731134,pobre,basal,3,500.0,695.0,1.0,34.0,7,35,22434,1,1.0
98,1.0,0.0,3.8150001,1.0,2.0,6,114.347728174424,123.6686556731134,pobre,basal,3,500.0,695.0,1.0,34.0,8,35,22434,1,1.0
97,0.0,0.0,3.8150001,1.0,4.0,11,114.347728174424,123.6686556731134,pobre,basal,2,750.0,582.5,1.0,60.0,14,35,22435,4,1.0
98,0.0,0.0,3.8150001,1.0,9.0,11,114.347728174424,123.6686556731134,pobre,basal,2,750.0,582.5,1.0,60.0,15,35,22435,4,1.0
97,0.0,0.0,3.8150001,1.0,4.0,11,114.347728174424,123.6686556731134,pobre,basal,2,750.0,582.5,1.0,60.0,11,35,22436,4,1.0
98,0.0,0.0,3.8150001,1.0,5.0,11,114.347728174424,123.6686556731134,pobre,basal,2,750.0,582.5,1.0,60.0,12,35,22436,4,1.0
97,0.0,0.0,3.8150001,1.0,5.0,11,114.347728174424,123.6686556731134,pobre,basal,2,750.0,582.5,1.0,60.0,11,35,22437,5,1.0
98,0.0,0.0,3.8150001,1.0,6.0,11,114.347728174424,123.6686556731134,pobre,basal,2,750.0,582.5,1.0,60.0,12,35,22437,5,1.0
97,0.0,0.0,3.8150001,1.0,1.0,11,114.347728174424,123.6686556731134,pobre,basal,2,750.0,582.5,1.0,60.0,7,35,22438,1,1.0
98,0.0,0.0,3.8150001,1.0,2.0,11,114.347728174424,123.6686556731134,pobre,basal,2,750.0,582.5,1.0,60.0,8,35,22438,1,1.0
97,1.0,0.0,3.8150001,1.0,1.0,11,114.347728174424,123.6686556731134,pobre,basal,2,750.0,582.5,1.0,60.0,6,35,22439,1,1.0
98,1.0,0.0,3.8150001,1.0,1.0,11,114.347728174424,123.6686556731134,pobre,basal,2,750.0,582.5,1.0,60.0,7,35,22439,1,1.0
97,0.0,0.0,3.8150001,1.0,6.0,3,114.347728174424,123.6686556731134,pobre,basal,1,625.0,664.29999,1.0,43.0,12,35,22440,6,1.0
98,0.0,0.0,3.8150001,1.0,7.0,3,114.347728174424,123.6686556731134,pobre,basal,1,625.0,664.29999,1.0,43.0,13,35,22440,6,1.0
97,1.0,0.0,3.8150001,1.0,1.0,10,114.347728174424,123.6686556731134,pobre,basal,3,500.0,820.0,1.0,52.0,15,35,22441,1,1.0
98,1.0,0.0,3.8150001,1.0,9.0,10,114.347728174424,123.6686556731134,pobre,basal,3,500.0,820.0,1.0,52.0,16,35,22441,1,1.0
97,0.0,0.0,3.8150001,1.0,5.0,10,114.347728174424,123.6686556731134,pobre,basal,3,500.0,820.0,1.0,52.0,14,35,22442,5,1.0
98,0.0,0.0,3.8150001,,,10,114.347728174424,123.6686556731134,pobre,basal,3,500.0,820.0,1.0,52.0,15,35,22442,5,1.0
97,1.0,0.0,3.8150001,1.0,4.0,10,114.347728174424,123.6686556731134,pobre,basal,3,500.0,820.0,1.0,52.0,12,35,22443,4,1.0
98,1.0,0.0,3.8150001,1.0,6.0,10,114.347728174424,123.6686556731134,pobre,basal,3,500.0,820.0,1.0,52.0,13,35,22443,4,1.0
97,0.0,0.0,3.8150001,1.0,5.0,10,114.347728174424,123.6686556731134,pobre,basal,3,500.0,820.0,1.0,52.0,10,35,22444,5,1.0
98,0.0,0.0,3.8150001,1.0,6.0,10,114.347728174424,123.6686556731134,pobre,basal,3,500.0,820.0,1.0,52.0,11,35,22444,5,1.0
97,0.0,0.0,3.8150001,0.0,2.0,7,114.347728174424,123.6686556731134,pobre,basal,0,750.0,760.33331,1.0,57.0,11,35,22445,2,0.0
98,0.0,0.0,3.8150001,1.0,3.0,7,114.347728174424,123.6686556731134,pobre,basal,0,750.0,760.33331,1.0,57.0,12,35,22445,2,0.0
97,0.0,0.0,3.8150001,1.0,4.0,8,114.347728174424,123.6686556731134,pobre,basal,0,500.0,734.0,0.0,64.0,11,35,22446,4,1.0
98,0.0,0.0,3.8150001,1.0,5.0,8,114.347728174424,123.6686556731134,pobre,basal,0,500.0,734.0,0.0,64.0,12,35,22446,4,1.0
97,0.0,0.0,3.8150001,1.0,3.0,8,114.347728174424,123.6686556731134,pobre,basal,0,500.0,734.0,0.0,64.0,10,35,22447,3,1.0
98,0.0,0.0,3.8150001,1.0,4.0,8,114.347728174424,123.6686556731134,pobre,basal,0,500.0,734.0,0.0,64.0,11,35,22447,3,1.0
97,1.0,0.0,3.8150001,1.0,2.0,8,114.347728174424,123.6686556731134,pobre,basal,0,500.0,734.0,0.0,64.0,9,35,22448,2,1.0
98,1.0,0.0,3.8150001,1.0,3.0,8,114.347728174424,123.6686556731134,pobre,basal,0,500.0,734.0,0.0,64.0,10,35,22448,2,1.0
97,1.0,0.0,3.8150001,1.0,1.0,4,114.347728174424,123.6686556731134,pobre,basal,2,500.0,699.0,1.0,31.0,7,35,22449,1,1.0
98,1.0,0.0,3.8150001,1.0,2.0,4,114.347728174424,123.6686556731134,pobre,basal,2,500.0,699.0,1.0,31.0,8,35,22449,1,1.0
97,1.0,0.0,3.8150001,1.0,1.0,6,114.347728174424,123.6686556731134,pobre,basal,0,500.0,735.0,1.0,41.0,10,35,22450,1,1.0
98,1.0,0.0,3.8150001,1.0,2.0,6,114.347728174424,123.6686556731134,pobre,basal,0,500.0,735.0,1.0,41.0,11,35,22450,1,1.0
97,1.0,0.0,3.8150001,1.0,1.0,6,114.347728174424,123.6686556731134,pobre,basal,0,500.0,735.0,1.0,41.0,9,35,22451,1,1.0
98,1.0,0.0,3.8150001,1.0,2.0,6,114.347728174424,123.6686556731134,pobre,basal,0,500.0,735.0,1.0,41.0,10,35,22451,1,1.0
97,1.0,0.0,3.8150001,1.0,0.0,4,114.347728174424,123.6686556731134,pobre,basal,1,625.0,755.0,1.0,70.0,7,35,22452,0,1.0
98,1.0,0.0,3.8150001,1.0,1.0,4,114.347728174424,123.6686556731134,pobre,basal,1,625.0,755.0,1.0,70.0,8,35,22452,0,1.0
97,0.0,0.0,3.8150001,1.0,2.0,5,114.347728174424,123.6686556731134,pobre,basal,0,500.0,595.0,1.0,53.0,13,35,22453,2,1.0
98,0.0,0.0,3.8150001,1.0,5.0,5,114.347728174424,123.6686556731134,pobre,basal,0,500.0,595.0,1.0,53.0,14,35,22453,2,1.0
97,1.0,0.0,3.8150001,1.0,1.0,5,114.347728174424,123.6686556731134,pobre,basal,0,500.0,595.0,1.0,53.0,9,35,22454,1,1.0
98,1.0,0.0,3.8150001,1.0,3.0,5,114.347728174424,123.6686556731134,pobre,basal,0,500.0,595.0,1.0,53.0,10,35,22454,1,1.0
97,0.0,0.0,3.8150001,0.0,6.0,3,114.347728174424,123.6686556731134,pobre,basal,0,500.0,861.0,0.0,55.0,14,35,22455,6,0.0
98,0.0,0.0,3.8150001,,,3,114.347728174424,123.6686556731134,pobre,basal,0,500.0,861.0,0.0,55.0,15,35,22455,6,0.0
97,0.0,0.0,3.8150001,1.0,6.0,6,114.347728174424,123.6686556731134,pobre,basal,1,500.0,877.0,1.0,41.0,13,35,22456,6,1.0
98,0.0,0.0,3.8150001,0.0,6.0,6,114.347728174424,123.6686556731134,pobre,basal,1,500.0,877.0,1.0,41.0,14,35,22456,6,1.0
97,1.0,0.0,0.574,1.0,8.0,5,143.9082694682103,143.9082694682103,no pobre,basal,9,1600.0,1023.5,1.0,42.0,14,119,22457,8,1.0
98,1.0,0.0,0.574,0.0,9.0,5,143.9082694682103,143.9082694682103,no pobre,basal,9,1600.0,1023.5,1.0,42.0,15,119,22457,8,1.0
97,1.0,0.0,0.574,1.0,7.0,5,143.9082694682103,143.9082694682103,no pobre,basal,9,1600.0,1023.5,1.0,42.0,13,119,22458,7,1.0
98,1.0,0.0,0.574,1.0,8.0,5,143.9082694682103,143.9082694682103,no pobre,basal,9,1600.0,1023.5,1.0,42.0,14,119,22458,7,1.0
97,1.0,0.0,0.574,1.0,5.0,5,143.9082694682103,143.9082694682103,no pobre,basal,9,1600.0,1023.5,1.0,42.0,12,119,22459,5,1.0
98,1.0,0.0,0.574,1.0,6.0,5,143.9082694682103,143.9082694682103,no pobre,basal,9,1600.0,1023.5,1.0,42.0,13,119,22459,5,1.0
97,1.0,0.0,3.8150001,0.0,6.0,3,114.347728174424,123.6686556731134,pobre,basal,0,0.0,655.0,1.0,64.0,16,35,22460,6,0.0
98,1.0,0.0,3.8150001,,,3,114.347728174424,123.6686556731134,pobre,basal,0,0.0,655.0,1.0,64.0,17,35,22460,6,0.0
97,0.0,0.0,3.8150001,0.0,7.0,3,114.347728174424,123.6686556731134,pobre,basal,0,500.0,756.0,1.0,53.0,14,35,22461,7,0.0
98,0.0,0.0,3.8150001,,,3,114.347728174424,123.6686556731134,pobre,basal,0,500.0,756.0,1.0,53.0,15,35,22461,7,0.0
97,0.0,0.0,3.8150001,1.0,2.0,5,114.347728174424,123.6686556731134,pobre,basal,1,500.0,641.0,1.0,37.0,9,35,22462,2,1.0
98,0.0,0.0,3.8150001,1.0,3.0,5,114.347728174424,123.6686556731134,pobre,basal,1,500.0,641.0,1.0,37.0,10,35,22462,2,1.0
97,0.0,0.0,3.8150001,1.0,1.0,5,114.347728174424,123.6686556731134,pobre,basal,1,500.0,641.0,1.0,37.0,8,35,22463,1,1.0
98,0.0,0.0,3.8150001,1.0,2.0,5,114.347728174424,123.6686556731134,pobre,basal,1,500.0,641.0,1.0,37.0,9,35,22463,1,1.0
97,0.0,0.0,3.8150001,1.0,1.0,5,114.347728174424,123.6686556731134,pobre,basal,1,500.0,641.0,1.0,37.0,7,35,22464,1,1.0
98,0.0,0.0,3.8150001,1.0,1.0,5,114.347728174424,123.6686556731134,pobre,basal,1,500.0,641.0,1.0,37.0,8,35,22464,1,1.0
97,0.0,0.0,3.8150001,1.0,3.0,5,114.347728174424,123.6686556731134,pobre,basal,0,500.0,657.0,1.0,56.0,8,35,22465,3,1.0
98,0.0,0.0,3.8150001,1.0,4.0,5,114.347728174424,123.6686556731134,pobre,basal,0,500.0,657.0,1.0,56.0,9,35,22465,3,1.0
97,1.0,0.0,1.673,1.0,8.0,7,145.8867838990138,173.8639127060253,pobre,basal,0,750.0,617.0,1.0,41.0,16,75,22466,8,1.0
98,1.0,0.0,1.673,,,7,145.8867838990138,173.8639127060253,pobre,basal,0,750.0,617.0,1.0,41.0,17,75,22466,8,1.0
97,1.0,0.0,1.673,1.0,6.0,7,145.8867838990138,173.8639127060253,pobre,basal,0,750.0,617.0,1.0,41.0,14,75,22467,6,1.0
98,1.0,0.0,1.673,0.0,6.0,7,145.8867838990138,173.8639127060253,pobre,basal,0,750.0,617.0,1.0,41.0,15,75,22467,6,1.0
97,1.0,0.0,1.673,1.0,6.0,7,145.8867838990138,173.8639127060253,pobre,basal,0,750.0,617.0,1.0,41.0,13,75,22468,6,1.0
98,1.0,0.0,1.673,0.0,6.0,7,145.8867838990138,173.8639127060253,pobre,basal,0,750.0,617.0,1.0,41.0,14,75,22468,6,1.0
97,1.0,0.0,1.673,1.0,4.0,7,145.8867838990138,173.8639127060253,pobre,basal,0,750.0,617.0,1.0,41.0,10,75,22469,4,1.0
98,1.0,0.0,1.673,1.0,5.0,7,145.8867838990138,173.8639127060253,pobre,basal,0,750.0,617.0,1.0,41.0,11,75,22469,4,1.0
97,0.0,0.0,1.673,1.0,4.0,5,145.8867838990138,173.8639127060253,pobre,basal,3,625.0,683.0,1.0,33.0,10,75,22470,4,1.0
98,0.0,0.0,1.673,1.0,5.0,5,145.8867838990138,173.8639127060253,pobre,basal,3,625.0,683.0,1.0,33.0,11,75,22470,4,1.0
97,1.0,0.0,1.673,1.0,2.0,5,145.8867838990138,173.8639127060253,pobre,basal,3,625.0,683.0,1.0,33.0,8,75,22471,2,1.0
98,1.0,0.0,1.673,1.0,3.0,5,145.8867838990138,173.8639127060253,pobre,basal,3,625.0,683.0,1.0,33.0,9,75,22471,2,1.0
97,1.0,0.0,1.673,0.0,6.0,6,145.8867838990138,173.8639127060253,pobre,basal,0,625.0,680.0,1.0,44.0,15,75,22472,6,0.0
98,1.0,0.0,1.673,0.0,6.0,6,145.8867838990138,173.8639127060253,pobre,basal,0,625.0,680.0,1.0,44.0,16,75,22472,6,0.0
97,0.0,0.0,1.673,1.0,6.0,6,145.8867838990138,173.8639127060253,pobre,basal,0,625.0,680.0,1.0,44.0,13,75,22473,6,1.0
98,0.0,0.0,1.673,0.0,7.0,6,145.8867838990138,173.8639127060253,pobre,basal,0,625.0,680.0,1.0,44.0,14,75,22473,6,1.0
97,0.0,0.0,1.673,1.0,5.0,6,145.8867838990138,173.8639127060253,pobre,basal,0,625.0,680.0,1.0,44.0,10,75,22474,5,1.0
98,0.0,0.0,1.673,1.0,6.0,6,145.8867838990138,173.8639127060253,pobre,basal,0,625.0,680.0,1.0,44.0,11,75,22474,5,1.0
97,0.0,0.0,1.673,1.0,5.0,6,145.8867838990138,173.8639127060253,pobre,basal,0,625.0,702.0,1.0,45.0,16,75,22475,5,1.0
98,0.0,0.0,1.673,,,6,145.8867838990138,173.8639127060253,pobre,basal,0,625.0,702.0,1.0,45.0,17,75,22475,5,1.0
97,1.0,0.0,1.673,1.0,5.0,6,145.8867838990138,173.8639127060253,pobre,basal,0,625.0,702.0,1.0,45.0,11,75,22476,5,1.0
98,1.0,0.0,1.673,,,6,145.8867838990138,173.8639127060253,pobre,basal,0,625.0,702.0,1.0,45.0,12,75,22476,5,1.0
97,1.0,0.0,1.673,1.0,4.0,6,145.8867838990138,173.8639127060253,pobre,basal,0,625.0,702.0,1.0,45.0,9,75,22477,4,1.0
98,1.0,0.0,1.673,1.0,5.0,6,145.8867838990138,173.8639127060253,pobre,basal,0,625.0,702.0,1.0,45.0,10,75,22477,4,1.0
97,1.0,0.0,0.574,1.0,8.0,4,143.9082694682103,143.9082694682103,no pobre,basal,12,750.0,1036.0,1.0,35.0,14,119,22478,8,1.0
98,1.0,0.0,0.574,,,4,143.9082694682103,143.9082694682103,no pobre,basal,12,750.0,1036.0,1.0,35.0,15,119,22478,8,1.0
97,0.0,0.0,0.574,1.0,7.0,4,143.9082694682103,143.9082694682103,pobre,basal,12,750.0,973.0,1.0,35.0,12,119,22479,7,1.0
98,0.0,0.0,0.574,1.0,7.0,4,143.9082694682103,143.9082694682103,pobre,basal,12,750.0,973.0,1.0,35.0,13,119,22479,7,1.0
97,1.0,0.0,0.574,1.0,4.0,4,143.9082694682103,143.9082694682103,pobre,basal,12,750.0,973.0,1.0,35.0,9,119,22480,4,1.0
98,1.0,0.0,0.574,1.0,4.0,4,143.9082694682103,143.9082694682103,pobre,basal,12,750.0,973.0,1.0,35.0,10,119,22480,4,1.0
97,1.0,0.0,0.574,1.0,8.0,5,143.9082694682103,143.9082694682103,no pobre,basal,6,800.0,1221.5,1.0,40.0,13,119,22481,8,1.0
98,1.0,0.0,0.574,,,5,143.9082694682103,143.9082694682103,no pobre,basal,6,800.0,1221.5,1.0,40.0,14,119,22481,8,1.0
97,1.0,0.0,0.574,1.0,4.0,5,143.9082694682103,143.9082694682103,no pobre,basal,6,800.0,1221.5,1.0,40.0,10,119,22482,4,1.0
98,1.0,0.0,0.574,,,5,143.9082694682103,143.9082694682103,no pobre,basal,6,800.0,1221.5,1.0,40.0,11,119,22482,4,1.0
97,1.0,0.0,0.574,1.0,0.0,5,143.9082694682103,143.9082694682103,no pobre,basal,6,800.0,1221.5,1.0,40.0,6,119,22483,0,1.0
98,1.0,0.0,0.574,,,5,143.9082694682103,143.9082694682103,no pobre,basal,6,800.0,1221.5,1.0,40.0,7,119,22483,0,1.0
97,1.0,0.0,0.574,1.0,3.0,5,143.9082694682103,143.9082694682103,pobre,basal,3,600.0,759.5,1.0,32.0,10,119,22484,3,1.0
98,1.0,0.0,0.574,1.0,4.0,5,143.9082694682103,143.9082694682103,pobre,basal,3,600.0,759.5,1.0,32.0,11,119,22484,3,1.0
97,0.0,0.0,0.574,1.0,3.0,5,143.9082694682103,143.9082694682103,pobre,basal,3,600.0,759.5,1.0,32.0,9,119,22485,3,1.0
98,0.0,0.0,0.574,1.0,4.0,5,143.9082694682103,143.9082694682103,pobre,basal,3,600.0,759.5,1.0,32.0,10,119,22485,3,1.0
97,0.0,0.0,0.574,1.0,9.0,6,143.9082694682103,143.9082694682103,no pobre,basal,3,625.0,943.0,1.0,52.0,16,119,22486,9,1.0
98,0.0,0.0,0.574,1.0,10.0,6,143.9082694682103,143.9082694682103,no pobre,basal,3,625.0,943.0,1.0,52.0,17,119,22486,9,1.0
97,1.0,0.0,0.574,0.0,8.0,7,143.9082694682103,143.9082694682103,pobre,basal,0,750.0,880.79999,1.0,50.0,13,119,22487,8,0.0
98,1.0,0.0,0.574,1.0,8.0,7,143.9082694682103,143.9082694682103,pobre,basal,0,750.0,880.79999,1.0,50.0,14,119,22487,8,0.0
97,1.0,0.0,0.0,1.0,8.0,11,72.80421840935115,72.80421840935115,pobre,0,3,0.0,852.0,1.0,45.0,14,283,22488,8,1.0
98,1.0,0.0,0.0,0.0,9.0,11,72.80421840935115,72.80421840935115,pobre,0,3,0.0,852.0,1.0,45.0,15,283,22488,8,1.0
97,1.0,0.0,0.0,1.0,7.0,11,72.80421840935115,72.80421840935115,pobre,0,3,0.0,852.0,1.0,45.0,13,283,22489,7,1.0
98,1.0,0.0,0.0,1.0,8.0,11,72.80421840935115,72.80421840935115,pobre,0,3,0.0,852.0,1.0,45.0,14,283,22489,7,1.0
97,1.0,0.0,0.0,1.0,4.0,11,72.80421840935115,72.80421840935115,pobre,0,3,0.0,852.0,1.0,45.0,10,283,22490,4,1.0
98,1.0,0.0,0.0,1.0,5.0,11,72.80421840935115,72.80421840935115,pobre,0,3,0.0,852.0,1.0,45.0,11,283,22490,4,1.0
97,1.0,0.0,0.0,1.0,1.0,11,72.80421840935115,72.80421840935115,pobre,0,3,0.0,852.0,1.0,45.0,7,283,22491,1,1.0
98,1.0,0.0,0.0,,,11,72.80421840935115,72.80421840935115,pobre,0,3,0.0,852.0,1.0,45.0,8,283,22491,1,1.0
97,1.0,0.0,0.0,0.0,5.0,7,72.80421840935115,72.80421840935115,pobre,0,3,1000.0,512.0,1.0,49.0,13,283,22492,5,0.0
98,1.0,0.0,0.0,0.0,5.0,7,72.80421840935115,72.80421840935115,pobre,0,3,1000.0,512.0,1.0,49.0,14,283,22492,5,0.0
97,0.0,0.0,0.0,1.0,2.0,7,72.80421840935115,72.80421840935115,pobre,0,3,1000.0,512.0,1.0,49.0,9,283,22493,2,1.0
98,0.0,0.0,0.0,0.0,2.0,7,72.80421840935115,72.80421840935115,pobre,0,3,1000.0,512.0,1.0,49.0,10,283,22493,2,1.0
97,0.0,0.0,0.0,0.0,6.0,7,72.80421840935115,72.80421840935115,pobre,0,3,1000.0,512.0,1.0,49.0,15,283,22494,6,0.0
98,0.0,0.0,0.0,,,7,72.80421840935115,72.80421840935115,pobre,0,3,1000.0,512.0,1.0,49.0,16,283,22494,6,0.0
97,1.0,0.0,0.0,0.0,6.0,7,72.80421840935115,72.80421840935115,no pobre,0,2,0.0,1054.25,1.0,59.0,13,283,22495,6,0.0
98,1.0,0.0,0.0,0.0,6.0,7,72.80421840935115,72.80421840935115,no pobre,0,2,0.0,1054.25,1.0,59.0,14,283,22495,6,0.0
97,1.0,0.0,0.0,1.0,3.0,7,72.80421840935115,72.80421840935115,no pobre,0,2,0.0,1054.25,1.0,59.0,8,283,22496,3,1.0
98,1.0,0.0,0.0,1.0,3.0,7,72.80421840935115,72.80421840935115,no pobre,0,2,0.0,1054.25,1.0,59.0,9,283,22496,3,1.0
97,0.0,0.0,0.0,1.0,8.0,10,72.80421840935115,72.80421840935115,no pobre,0,3,1400.0,963.0,1.0,45.0,14,283,22497,8,1.0
98,0.0,0.0,0.0,0.0,9.0,10,72.80421840935115,72.80421840935115,no pobre,0,3,1400.0,963.0,1.0,45.0,15,283,22497,8,1.0
97,0.0,0.0,0.0,1.0,7.0,10,72.80421840935115,72.80421840935115,no pobre,0,3,1400.0,963.0,1.0,45.0,13,283,22498,7,1.0
98,0.0,0.0,0.0,1.0,8.0,10,72.80421840935115,72.80421840935115,no pobre,0,3,1400.0,963.0,1.0,45.0,14,283,22498,7,1.0
97,0.0,0.0,0.0,1.0,4.0,10,72.80421840935115,72.80421840935115,no pobre,0,3,1400.0,963.0,1.0,45.0,9,283,22499,4,1.0
98,0.0,0.0,0.0,1.0,5.0,10,72.80421840935115,72.80421840935115,no pobre,0,3,1400.0,963.0,1.0,45.0,10,283,22499,4,1.0
97,0.0,0.0,0.0,1.0,2.0,10,72.80421840935115,72.80421840935115,no pobre,0,3,1400.0,963.0,1.0,45.0,7,283,22500,2,1.0
98,0.0,0.0,0.0,1.0,3.0,10,72.80421840935115,72.80421840935115,no pobre,0,3,1400.0,963.0,1.0,45.0,8,283,22500,2,1.0
97,0.0,0.0,0.0,1.0,6.0,9,72.80421840935115,72.80421840935115,no pobre,0,2,0.0,1061.5,1.0,67.0,12,283,22501,6,1.0
98,0.0,0.0,0.0,1.0,7.0,9,72.80421840935115,72.80421840935115,no pobre,0,2,0.0,1061.5,1.0,67.0,13,283,22501,6,1.0
97,0.0,0.0,0.0,1.0,1.0,9,72.80421840935115,72.80421840935115,no pobre,0,2,0.0,1061.5,1.0,67.0,7,283,22502,1,1.0
98,0.0,0.0,0.0,1.0,3.0,9,72.80421840935115,72.80421840935115,no pobre,0,2,0.0,1061.5,1.0,67.0,8,283,22502,1,1.0
97,1.0,0.0,0.0,0.0,9.0,5,72.80421840935115,72.80421840935115,no pobre,0,3,1875.0,809.0,1.0,39.0,15,283,22503,9,0.0
98,1.0,0.0,0.0,,,5,72.80421840935115,72.80421840935115,no pobre,0,3,1875.0,809.0,1.0,39.0,16,283,22503,9,0.0
97,0.0,0.0,0.0,1.0,6.0,5,72.80421840935115,72.80421840935115,no pobre,0,3,1875.0,809.0,1.0,39.0,12,283,22504,6,1.0
98,0.0,0.0,0.0,,,5,72.80421840935115,72.80421840935115,no pobre,0,3,1875.0,809.0,1.0,39.0,13,283,22504,6,1.0
97,1.0,0.0,0.574,0.0,9.0,6,143.9082694682103,143.9082694682103,pobre,basal,1,0.0,750.0,0.0,56.0,15,119,22505,9,0.0
98,1.0,0.0,0.574,0.0,9.0,6,143.9082694682103,143.9082694682103,pobre,basal,1,0.0,750.0,0.0,56.0,16,119,22505,9,0.0
97,1.0,0.0,0.574,1.0,3.0,6,143.9082694682103,143.9082694682103,pobre,basal,1,0.0,750.0,0.0,56.0,9,119,22506,3,1.0
98,1.0,0.0,0.574,1.0,4.0,6,143.9082694682103,143.9082694682103,pobre,basal,1,0.0,750.0,0.0,56.0,10,119,22506,3,1.0
97,1.0,0.0,0.574,1.0,2.0,6,143.9082694682103,143.9082694682103,pobre,basal,2,625.0,850.0,1.0,65.0,7,119,22507,2,1.0
98,1.0,0.0,0.574,1.0,3.0,6,143.9082694682103,143.9082694682103,pobre,basal,2,625.0,850.0,1.0,65.0,8,119,22507,2,1.0
97,0.0,0.0,0.0,0.0,9.0,8,72.80421840935115,72.80421840935115,pobre,0,4,1200.0,696.0,1.0,40.0,16,283,22508,9,0.0
98,0.0,0.0,0.0,,,8,72.80421840935115,72.80421840935115,pobre,0,4,1200.0,696.0,1.0,40.0,17,283,22508,9,0.0
97,1.0,0.0,0.0,1.0,8.0,8,72.80421840935115,72.80421840935115,pobre,0,4,1200.0,696.0,1.0,40.0,14,283,22509,8,1.0
98,1.0,0.0,0.0,0.0,9.0,8,72.80421840935115,72.80421840935115,pobre,0,4,1200.0,696.0,1.0,40.0,15,283,22509,8,1.0
97,0.0,0.0,0.0,1.0,6.0,8,72.80421840935115,72.80421840935115,pobre,0,4,1200.0,696.0,1.0,40.0,13,283,22510,6,1.0
98,0.0,0.0,0.0,1.0,7.0,8,72.80421840935115,72.80421840935115,pobre,0,4,1200.0,696.0,1.0,40.0,14,283,22510,6,1.0
97,1.0,0.0,0.0,1.0,3.0,8,72.80421840935115,72.80421840935115,pobre,0,4,1200.0,696.0,1.0,40.0,8,283,22511,3,1.0
98,1.0,0.0,0.0,1.0,6.0,8,72.80421840935115,72.80421840935115,pobre,0,4,1200.0,696.0,1.0,40.0,9,283,22511,3,1.0
97,1.0,0.0,2.7709999,1.0,10.0,6,162.3551720465836,177.3929067697574,no pobre,basal,6,625.0,1052.0,1.0,40.0,15,41,22512,10,1.0
98,1.0,0.0,2.7709999,1.0,7.0,6,162.3551720465836,177.3929067697574,no pobre,basal,6,625.0,1052.0,1.0,40.0,16,41,22512,10,1.0
97,0.0,0.0,2.7709999,1.0,7.0,6,162.3551720465836,177.3929067697574,no pobre,basal,6,625.0,1052.0,1.0,40.0,12,41,22513,7,1.0
98,0.0,0.0,2.7709999,1.0,8.0,6,162.3551720465836,177.3929067697574,no pobre,basal,6,625.0,1052.0,1.0,40.0,13,41,22513,7,1.0
97,1.0,0.0,2.7709999,1.0,3.0,6,162.3551720465836,177.3929067697574,no pobre,basal,6,625.0,1052.0,1.0,40.0,8,41,22514,3,1.0
98,1.0,0.0,2.7709999,1.0,3.0,6,162.3551720465836,177.3929067697574,no pobre,basal,6,625.0,1052.0,1.0,40.0,9,41,22514,3,1.0
97,1.0,0.0,0.0,1.0,7.0,8,72.80421840935115,72.80421840935115,pobre,0,1,720.0,850.0,1.0,46.0,15,283,22515,7,1.0
98,1.0,0.0,0.0,0.0,6.0,8,72.80421840935115,72.80421840935115,pobre,0,1,720.0,850.0,1.0,46.0,16,283,22515,7,1.0
97,0.0,0.0,0.0,1.0,3.0,8,72.80421840935115,72.80421840935115,pobre,0,1,720.0,850.0,1.0,46.0,10,283,22516,3,1.0
98,0.0,0.0,0.0,1.0,3.0,8,72.80421840935115,72.80421840935115,pobre,0,1,720.0,850.0,1.0,46.0,11,283,22516,3,1.0
97,1.0,0.0,3.8150001,1.0,1.0,5,114.347728174424,123.6686556731134,pobre,basal,6,0.0,881.5,0.0,25.0,6,35,22517,1,1.0
98,1.0,0.0,3.8150001,,,5,114.347728174424,123.6686556731134,pobre,basal,6,0.0,881.5,0.0,25.0,7,35,22517,1,1.0
97,1.0,0.0,3.8150001,1.0,4.0,6,114.347728174424,123.6686556731134,pobre,basal,0,0.0,592.17499,1.0,70.0,12,35,22518,4,1.0
98,1.0,0.0,3.8150001,1.0,5.0,6,114.347728174424,123.6686556731134,pobre,basal,0,0.0,592.17499,1.0,70.0,13,35,22518,4,1.0
97,0.0,0.0,3.8150001,1.0,3.0,6,114.347728174424,123.6686556731134,pobre,basal,0,0.0,592.17499,1.0,70.0,9,35,22519,3,1.0
98,0.0,0.0,3.8150001,1.0,4.0,6,114.347728174424,123.6686556731134,pobre,basal,0,0.0,592.17499,1.0,70.0,10,35,22519,3,1.0
97,1.0,0.0,3.8150001,1.0,2.0,6,114.347728174424,123.6686556731134,pobre,basal,0,0.0,592.17499,1.0,70.0,8,35,22520,2,1.0
98,1.0,0.0,3.8150001,1.0,2.0,6,114.347728174424,123.6686556731134,pobre,basal,0,0.0,592.17499,1.0,70.0,9,35,22520,2,1.0
97,0.0,0.0,3.8150001,0.0,6.0,5,114.347728174424,123.6686556731134,no pobre,basal,1,1000.0,1053.6666,1.0,51.0,16,35,22521,6,0.0
98,0.0,0.0,3.8150001,,,5,114.347728174424,123.6686556731134,no pobre,basal,1,1000.0,1053.6666,1.0,51.0,17,35,22521,6,0.0
97,1.0,0.0,3.8150001,1.0,6.0,5,114.347728174424,123.6686556731134,no pobre,basal,1,1000.0,1053.6666,1.0,51.0,14,35,22522,6,1.0
98,1.0,0.0,3.8150001,1.0,7.0,5,114.347728174424,123.6686556731134,no pobre,basal,1,1000.0,1053.6666,1.0,51.0,15,35,22522,6,1.0
97,1.0,0.0,0.0,1.0,1.0,7,72.80421840935115,72.80421840935115,pobre,0,0,0.0,695.5,1.0,73.0,8,283,22523,1,1.0
98,1.0,0.0,0.0,,,7,72.80421840935115,72.80421840935115,pobre,0,0,0.0,695.5,1.0,73.0,9,283,22523,1,1.0
97,0.0,0.0,0.0,1.0,6.0,8,72.80421840935115,72.80421840935115,no pobre,0,3,0.0,1138.0,1.0,48.0,13,283,22524,6,1.0
98,0.0,0.0,0.0,1.0,7.0,8,72.80421840935115,72.80421840935115,no pobre,0,3,0.0,1138.0,1.0,48.0,14,283,22524,6,1.0
97,0.0,0.0,0.0,1.0,5.0,8,72.80421840935115,72.80421840935115,no pobre,0,3,0.0,1138.0,1.0,48.0,11,283,22525,5,1.0
98,0.0,0.0,0.0,1.0,6.0,8,72.80421840935115,72.80421840935115,no pobre,0,3,0.0,1138.0,1.0,48.0,12,283,22525,5,1.0
97,0.0,0.0,0.0,1.0,8.0,8,72.80421840935115,72.80421840935115,pobre,0,6,1520.0,626.0,1.0,31.0,14,283,22526,8,1.0
98,0.0,0.0,0.0,0.0,9.0,8,72.80421840935115,72.80421840935115,pobre,0,6,1520.0,626.0,1.0,31.0,15,283,22526,8,1.0
97,0.0,0.0,0.0,1.0,3.0,8,72.80421840935115,72.80421840935115,pobre,0,6,1520.0,626.0,1.0,31.0,9,283,22527,3,1.0
98,0.0,0.0,0.0,1.0,4.0,8,72.80421840935115,72.80421840935115,pobre,0,6,1520.0,626.0,1.0,31.0,10,283,22527,3,1.0
97,0.0,0.0,0.0,1.0,8.0,10,72.80421840935115,72.80421840935115,pobre,0,2,1000.0,792.5,1.0,52.0,16,283,22528,8,1.0
98,0.0,0.0,0.0,,,10,72.80421840935115,72.80421840935115,pobre,0,2,1000.0,792.5,1.0,52.0,17,283,22528,8,1.0
97,0.0,0.0,0.0,0.0,6.0,10,72.80421840935115,72.80421840935115,pobre,0,2,1000.0,792.5,1.0,52.0,14,283,22529,6,0.0
98,0.0,0.0,0.0,0.0,6.0,10,72.80421840935115,72.80421840935115,pobre,0,2,1000.0,792.5,1.0,52.0,15,283,22529,6,0.0
97,0.0,0.0,0.0,1.0,5.0,10,72.80421840935115,72.80421840935115,pobre,0,2,1000.0,792.5,1.0,52.0,12,283,22530,5,1.0
98,0.0,0.0,0.0,1.0,6.0,10,72.80421840935115,72.80421840935115,pobre,0,2,1000.0,792.5,1.0,52.0,13,283,22530,5,1.0
97,0.0,0.0,0.0,1.0,4.0,10,72.80421840935115,72.80421840935115,pobre,0,2,1000.0,792.5,1.0,52.0,10,283,22531,4,1.0
98,0.0,0.0,0.0,1.0,4.0,10,72.80421840935115,72.80421840935115,pobre,0,2,1000.0,792.5,1.0,52.0,11,283,22531,4,1.0
97,0.0,0.0,3.8150001,1.0,5.0,6,114.347728174424,123.6686556731134,pobre,basal,0,500.0,755.31598,1.0,49.0,15,35,22532,5,1.0
98,0.0,0.0,3.8150001,1.0,6.0,6,114.347728174424,123.6686556731134,pobre,basal,0,500.0,755.31598,1.0,49.0,16,35,22532,5,1.0
97,1.0,0.0,3.8150001,1.0,3.0,6,114.347728174424,123.6686556731134,pobre,basal,0,500.0,755.31598,1.0,49.0,12,35,22533,3,1.0
98,1.0,0.0,3.8150001,1.0,4.0,6,114.347728174424,123.6686556731134,pobre,basal,0,500.0,755.31598,1.0,49.0,13,35,22533,3,1.0
97,0.0,0.0,3.8150001,1.0,2.0,6,114.347728174424,123.6686556731134,pobre,basal,0,500.0,755.31598,1.0,49.0,8,35,22534,2,1.0
98,0.0,0.0,3.8150001,1.0,3.0,6,114.347728174424,123.6686556731134,pobre,basal,0,500.0,755.31598,1.0,49.0,9,35,22534,2,1.0
97,1.0,0.0,0.0,1.0,4.0,7,72.80421840935115,72.80421840935115,pobre,0,4,1200.0,625.0,1.0,28.0,9,283,22535,4,1.0
98,1.0,0.0,0.0,1.0,4.0,7,72.80421840935115,72.80421840935115,pobre,0,4,1200.0,625.0,1.0,28.0,10,283,22535,4,1.0
97,1.0,0.0,0.0,1.0,2.0,7,72.80421840935115,72.80421840935115,pobre,0,4,1200.0,625.0,1.0,28.0,8,283,22536,2,1.0
98,1.0,0.0,0.0,1.0,2.0,7,72.80421840935115,72.80421840935115,pobre,0,4,1200.0,625.0,1.0,28.0,9,283,22536,2,1.0
97,0.0,0.0,0.0,1.0,1.0,7,72.80421840935115,72.80421840935115,pobre,0,4,1200.0,625.0,1.0,28.0,6,283,22537,1,1.0
98,0.0,0.0,0.0,1.0,1.0,7,72.80421840935115,72.80421840935115,pobre,0,4,1200.0,625.0,1.0,28.0,7,283,22537,1,1.0
97,1.0,0.0,0.0,0.0,5.0,7,72.80421840935115,72.80421840935115,pobre,0,4,800.0,737.5,1.0,43.0,15,283,22538,5,0.0
98,1.0,0.0,0.0,,,7,72.80421840935115,72.80421840935115,pobre,0,4,800.0,737.5,1.0,43.0,16,283,22538,5,0.0
97,0.0,0.0,0.0,1.0,2.0,7,72.80421840935115,72.80421840935115,pobre,0,4,800.0,737.5,1.0,43.0,8,283,22539,2,1.0
98,0.0,0.0,0.0,1.0,2.0,7,72.80421840935115,72.80421840935115,pobre,0,4,800.0,737.5,1.0,43.0,9,283,22539,2,1.0
97,0.0,0.0,0.0,1.0,4.0,7,72.80421840935115,72.80421840935115,pobre,0,6,8000.0,719.0,1.0,28.0,10,283,22540,4,1.0
98,0.0,0.0,0.0,1.0,5.0,7,72.80421840935115,72.80421840935115,pobre,0,6,8000.0,719.0,1.0,28.0,11,283,22540,4,1.0
97,0.0,0.0,0.0,1.0,2.0,7,72.80421840935115,72.80421840935115,pobre,0,6,8000.0,719.0,1.0,28.0,8,283,22541,2,1.0
98,0.0,0.0,0.0,1.0,3.0,7,72.80421840935115,72.80421840935115,pobre,0,6,8000.0,719.0,1.0,28.0,9,283,22541,2,1.0
97,1.0,0.0,0.0,1.0,0.0,7,72.80421840935115,72.80421840935115,pobre,0,6,8000.0,719.0,1.0,28.0,6,283,22542,0,1.0
98,1.0,0.0,0.0,1.0,1.0,7,72.80421840935115,72.80421840935115,pobre,0,6,8000.0,719.0,1.0,28.0,7,283,22542,0,1.0
97,1.0,0.0,0.0,0.0,4.0,9,72.80421840935115,72.80421840935115,pobre,0,3,1200.0,744.0,1.0,50.0,14,283,22543,4,0.0
98,1.0,0.0,0.0,,,9,72.80421840935115,72.80421840935115,pobre,0,3,1200.0,744.0,1.0,50.0,15,283,22543,4,0.0
97,1.0,0.0,0.0,1.0,8.0,9,72.80421840935115,72.80421840935115,pobre,0,3,1200.0,744.0,1.0,50.0,15,283,22544,8,1.0
98,1.0,0.0,0.0,0.0,9.0,9,72.80421840935115,72.80421840935115,pobre,0,3,1200.0,744.0,1.0,50.0,16,283,22544,8,1.0
97,1.0,0.0,0.0,1.0,8.0,9,72.80421840935115,72.80421840935115,pobre,0,3,1200.0,744.0,1.0,50.0,13,283,22545,8,1.0
98,1.0,0.0,0.0,1.0,8.0,9,72.80421840935115,72.80421840935115,pobre,0,3,1200.0,744.0,1.0,50.0,14,283,22545,8,1.0
97,0.0,0.0,0.0,1.0,6.0,3,72.80421840935115,72.80421840935115,pobre,0,6,1600.0,912.0,1.0,32.0,12,283,22546,6,1.0
98,0.0,0.0,0.0,1.0,7.0,3,72.80421840935115,72.80421840935115,pobre,0,6,1600.0,912.0,1.0,32.0,13,283,22546,6,1.0
97,1.0,0.0,0.0,1.0,4.0,4,72.80421840935115,72.80421840935115,pobre,0,2,0.0,777.0,0.0,65.0,10,283,22547,4,1.0
98,1.0,0.0,0.0,1.0,5.0,4,72.80421840935115,72.80421840935115,pobre,0,2,0.0,777.0,0.0,65.0,11,283,22547,4,1.0
97,1.0,0.0,0.0,0.0,2.0,6,72.80421840935115,72.80421840935115,pobre,0,1,1800.0,804.0,1.0,53.0,15,283,22548,2,0.0
98,1.0,0.0,0.0,0.0,6.0,6,72.80421840935115,72.80421840935115,pobre,0,1,1800.0,804.0,1.0,53.0,16,283,22548,2,0.0
97,0.0,0.0,0.0,1.0,5.0,6,72.80421840935115,72.80421840935115,pobre,0,1,1800.0,804.0,1.0,53.0,11,283,22549,5,1.0
98,0.0,0.0,0.0,1.0,6.0,6,72.80421840935115,72.80421840935115,pobre,0,1,1800.0,804.0,1.0,53.0,12,283,22549,5,1.0
97,0.0,0.0,0.0,1.0,1.0,8,72.80421840935115,72.80421840935115,pobre,0,4,0.0,771.0,1.0,55.0,7,283,22550,1,1.0
98,0.0,0.0,0.0,1.0,2.0,8,72.80421840935115,72.80421840935115,pobre,0,4,0.0,771.0,1.0,55.0,8,283,22550,1,1.0
97,1.0,0.0,0.0,1.0,2.0,8,72.80421840935115,72.80421840935115,pobre,0,4,0.0,771.0,1.0,55.0,6,283,22551,2,1.0
98,1.0,0.0,0.0,1.0,0.0,8,72.80421840935115,72.80421840935115,pobre,0,4,0.0,771.0,1.0,55.0,7,283,22551,2,1.0
97,1.0,0.0,0.574,1.0,7.0,6,143.9082694682103,143.9082694682103,no pobre,basal,6,0.0,842.5,1.0,49.0,13,119,22552,7,1.0
98,1.0,0.0,0.574,,,6,143.9082694682103,143.9082694682103,no pobre,basal,6,0.0,842.5,1.0,49.0,14,119,22552,7,1.0
97,0.0,0.0,0.574,0.0,4.0,4,143.9082694682103,143.9082694682103,pobre,basal,0,0.0,757.0,1.0,75.0,9,119,22553,4,0.0
98,0.0,0.0,0.574,1.0,4.0,4,143.9082694682103,143.9082694682103,pobre,basal,0,0.0,757.0,1.0,75.0,10,119,22553,4,0.0
97,0.0,0.0,2.7709999,1.0,8.0,8,162.3551720465836,177.3929067697574,pobre,basal,1,500.0,724.0,1.0,54.0,16,41,22554,8,1.0
98,0.0,0.0,2.7709999,,,8,162.3551720465836,177.3929067697574,pobre,basal,1,500.0,724.0,1.0,54.0,17,41,22554,8,1.0
97,1.0,0.0,2.7709999,1.0,6.0,8,162.3551720465836,177.3929067697574,pobre,basal,1,500.0,724.0,1.0,54.0,13,41,22555,6,1.0
98,1.0,0.0,2.7709999,1.0,7.0,8,162.3551720465836,177.3929067697574,pobre,basal,1,500.0,724.0,1.0,54.0,14,41,22555,6,1.0
97,0.0,0.0,2.7709999,1.0,4.0,8,162.3551720465836,177.3929067697574,pobre,basal,1,500.0,724.0,1.0,54.0,11,41,22556,4,1.0
98,0.0,0.0,2.7709999,1.0,5.0,8,162.3551720465836,177.3929067697574,pobre,basal,1,500.0,724.0,1.0,54.0,12,41,22556,4,1.0
97,0.0,0.0,2.7709999,1.0,3.0,8,162.3551720465836,177.3929067697574,pobre,basal,1,500.0,724.0,1.0,54.0,9,41,22557,3,1.0
98,0.0,0.0,2.7709999,1.0,4.0,8,162.3551720465836,177.3929067697574,pobre,basal,1,500.0,724.0,1.0,54.0,10,41,22557,3,1.0
97,1.0,0.0,2.7709999,1.0,1.0,8,162.3551720465836,177.3929067697574,pobre,basal,1,500.0,724.0,1.0,54.0,7,41,22558,1,1.0
98,1.0,0.0,2.7709999,1.0,2.0,8,162.3551720465836,177.3929067697574,pobre,basal,1,500.0,724.0,1.0,54.0,8,41,22558,1,1.0
97,1.0,0.0,2.7709999,0.0,9.0,7,162.3551720465836,177.3929067697574,pobre,basal,2,500.0,724.0,1.0,40.0,16,41,22559,9,0.0
98,1.0,0.0,2.7709999,,,7,162.3551720465836,177.3929067697574,pobre,basal,2,500.0,724.0,1.0,40.0,17,41,22559,9,0.0
97,1.0,0.0,2.7709999,0.0,6.0,7,162.3551720465836,177.3929067697574,pobre,basal,2,500.0,724.0,1.0,40.0,14,41,22560,6,0.0
98,1.0,0.0,2.7709999,0.0,6.0,7,162.3551720465836,177.3929067697574,pobre,basal,2,500.0,724.0,1.0,40.0,15,41,22560,6,0.0
97,0.0,0.0,2.7709999,1.0,5.0,7,162.3551720465836,177.3929067697574,pobre,basal,2,500.0,724.0,1.0,40.0,11,41,22561,5,1.0
98,0.0,0.0,2.7709999,1.0,6.0,7,162.3551720465836,177.3929067697574,pobre,basal,2,500.0,724.0,1.0,40.0,12,41,22561,5,1.0
97,0.0,0.0,2.7709999,1.0,3.0,7,162.3551720465836,177.3929067697574,pobre,basal,2,500.0,724.0,1.0,40.0,9,41,22562,3,1.0
98,0.0,0.0,2.7709999,1.0,4.0,7,162.3551720465836,177.3929067697574,pobre,basal,2,500.0,724.0,1.0,40.0,10,41,22562,3,1.0
97,1.0,0.0,2.7709999,1.0,5.0,3,162.3551720465836,177.3929067697574,pobre,basal,3,400.0,1057.0,1.0,61.0,11,41,22563,5,1.0
98,1.0,0.0,2.7709999,1.0,6.0,3,162.3551720465836,177.3929067697574,pobre,basal,3,400.0,1057.0,1.0,61.0,12,41,22563,5,1.0
97,0.0,0.0,2.7709999,0.0,6.0,4,162.3551720465836,177.3929067697574,pobre,basal,0,500.0,783.0,1.0,60.0,15,41,22564,6,0.0
98,0.0,0.0,2.7709999,0.0,6.0,4,162.3551720465836,177.3929067697574,pobre,basal,0,500.0,783.0,1.0,60.0,16,41,22564,6,0.0
97,0.0,0.0,2.7709999,1.0,6.0,4,162.3551720465836,177.3929067697574,pobre,basal,0,500.0,783.0,1.0,60.0,13,41,22565,6,1.0
98,0.0,0.0,2.7709999,0.0,6.0,4,162.3551720465836,177.3929067697574,pobre,basal,0,500.0,783.0,1.0,60.0,14,41,22565,6,1.0
97,0.0,0.0,2.7709999,0.0,3.0,2,162.3551720465836,177.3929067697574,pobre,basal,6,500.0,760.0,1.0,19.0,16,41,22566,3,0.0
98,0.0,0.0,2.7709999,,,2,162.3551720465836,177.3929067697574,pobre,basal,6,500.0,760.0,1.0,19.0,17,41,22566,3,0.0
97,0.0,0.0,2.7709999,1.0,5.0,6,162.3551720465836,177.3929067697574,pobre,basal,6,500.0,670.0,1.0,30.0,12,41,22567,5,1.0
98,0.0,0.0,2.7709999,1.0,6.0,6,162.3551720465836,177.3929067697574,pobre,basal,6,500.0,670.0,1.0,30.0,13,41,22567,5,1.0
97,1.0,0.0,2.7709999,1.0,2.0,6,162.3551720465836,177.3929067697574,pobre,basal,6,500.0,670.0,1.0,30.0,10,41,22568,2,1.0
98,1.0,0.0,2.7709999,1.0,3.0,6,162.3551720465836,177.3929067697574,pobre,basal,6,500.0,670.0,1.0,30.0,11,41,22568,2,1.0
97,1.0,0.0,2.7709999,1.0,1.0,6,162.3551720465836,177.3929067697574,pobre,basal,6,500.0,670.0,1.0,30.0,7,41,22569,1,1.0
98,1.0,0.0,2.7709999,1.0,2.0,6,162.3551720465836,177.3929067697574,pobre,basal,6,500.0,670.0,1.0,30.0,8,41,22569,1,1.0
97,0.0,0.0,2.7709999,1.0,7.0,9,162.3551720465836,177.3929067697574,pobre,basal,2,500.0,793.0,1.0,41.0,14,41,22570,7,1.0
98,0.0,0.0,2.7709999,1.0,9.0,9,162.3551720465836,177.3929067697574,pobre,basal,2,500.0,793.0,1.0,41.0,15,41,22570,7,1.0
97,0.0,0.0,2.7709999,1.0,5.0,9,162.3551720465836,177.3929067697574,pobre,basal,2,500.0,793.0,1.0,41.0,11,41,22571,5,1.0
98,0.0,0.0,2.7709999,1.0,6.0,9,162.3551720465836,177.3929067697574,pobre,basal,2,500.0,793.0,1.0,41.0,12,41,22571,5,1.0
97,1.0,0.0,2.7709999,1.0,0.0,9,162.3551720465836,177.3929067697574,pobre,basal,2,500.0,793.0,1.0,41.0,6,41,22572,0,1.0
98,1.0,0.0,2.7709999,1.0,1.0,9,162.3551720465836,177.3929067697574,pobre,basal,2,500.0,793.0,1.0,41.0,7,41,22572,0,1.0
97,0.0,0.0,2.7709999,1.0,0.0,9,162.3551720465836,177.3929067697574,pobre,basal,2,500.0,793.0,1.0,41.0,6,41,22573,0,1.0
98,0.0,0.0,2.7709999,1.0,1.0,9,162.3551720465836,177.3929067697574,pobre,basal,2,500.0,793.0,1.0,41.0,7,41,22573,0,1.0
97,0.0,0.0,2.7709999,1.0,7.0,4,162.3551720465836,177.3929067697574,pobre,basal,6,100.0,842.0,1.0,38.0,12,41,22574,7,1.0
98,0.0,0.0,2.7709999,1.0,7.0,4,162.3551720465836,177.3929067697574,pobre,basal,6,100.0,842.0,1.0,38.0,13,41,22574,7,1.0
97,0.0,0.0,2.7709999,1.0,1.0,4,162.3551720465836,177.3929067697574,pobre,basal,6,100.0,842.0,1.0,38.0,7,41,22575,1,1.0
98,0.0,0.0,2.7709999,1.0,2.0,4,162.3551720465836,177.3929067697574,pobre,basal,6,100.0,842.0,1.0,38.0,8,41,22575,1,1.0
97,1.0,0.0,2.7709999,1.0,7.0,7,162.3551720465836,177.3929067697574,pobre,basal,14,500.0,721.5,1.0,45.0,13,41,22576,7,1.0
98,1.0,0.0,2.7709999,1.0,9.0,7,162.3551720465836,177.3929067697574,pobre,basal,14,500.0,721.5,1.0,45.0,14,41,22576,7,1.0
97,0.0,0.0,2.7709999,1.0,3.0,7,162.3551720465836,177.3929067697574,pobre,basal,14,500.0,721.5,1.0,45.0,12,41,22577,3,1.0
98,0.0,0.0,2.7709999,1.0,8.0,7,162.3551720465836,177.3929067697574,pobre,basal,14,500.0,721.5,1.0,45.0,13,41,22577,3,1.0
97,0.0,0.0,2.7709999,0.0,9.0,7,162.3551720465836,177.3929067697574,pobre,basal,14,500.0,721.5,1.0,45.0,15,41,22578,9,0.0
98,0.0,0.0,2.7709999,,,7,162.3551720465836,177.3929067697574,pobre,basal,14,500.0,721.5,1.0,45.0,16,41,22578,9,0.0
97,0.0,0.0,2.7709999,1.0,0.0,7,162.3551720465836,177.3929067697574,pobre,basal,14,500.0,721.5,1.0,45.0,9,41,22579,0,1.0
98,0.0,0.0,2.7709999,1.0,4.0,7,162.3551720465836,177.3929067697574,pobre,basal,14,500.0,721.5,1.0,45.0,10,41,22579,0,1.0
97,0.0,0.0,2.7709999,0.0,9.0,7,162.3551720465836,177.3929067697574,pobre,basal,2,500.0,856.0,1.0,49.0,16,41,22580,9,0.0
98,0.0,0.0,2.7709999,,,7,162.3551720465836,177.3929067697574,pobre,basal,2,500.0,856.0,1.0,49.0,17,41,22580,9,0.0
97,1.0,0.0,2.7709999,1.0,9.0,7,162.3551720465836,177.3929067697574,pobre,basal,2,500.0,856.0,1.0,49.0,14,41,22581,9,1.0
98,1.0,0.0,2.7709999,0.0,9.0,7,162.3551720465836,177.3929067697574,pobre,basal,2,500.0,856.0,1.0,49.0,15,41,22581,9,1.0
97,0.0,0.0,2.7709999,1.0,5.0,7,162.3551720465836,177.3929067697574,pobre,basal,2,500.0,856.0,1.0,49.0,11,41,22582,5,1.0
98,0.0,0.0,2.7709999,1.0,6.0,7,162.3551720465836,177.3929067697574,pobre,basal,2,500.0,856.0,1.0,49.0,12,41,22582,5,1.0
97,0.0,0.0,2.7709999,1.0,9.0,6,162.3551720465836,177.3929067697574,pobre,basal,1,500.0,645.0,1.0,40.0,16,41,22583,9,1.0
98,0.0,0.0,2.7709999,,,6,162.3551720465836,177.3929067697574,pobre,basal,1,500.0,645.0,1.0,40.0,17,41,22583,9,1.0
97,1.0,0.0,2.7709999,1.0,6.0,6,162.3551720465836,177.3929067697574,pobre,basal,1,500.0,645.0,1.0,40.0,14,41,22584,6,1.0
98,1.0,0.0,2.7709999,1.0,7.0,6,162.3551720465836,177.3929067697574,pobre,basal,1,500.0,645.0,1.0,40.0,15,41,22584,6,1.0
97,1.0,0.0,2.7709999,1.0,1.0,6,162.3551720465836,177.3929067697574,pobre,basal,1,500.0,645.0,1.0,40.0,6,41,22585,1,1.0
98,1.0,0.0,2.7709999,1.0,1.0,6,162.3551720465836,177.3929067697574,pobre,basal,1,500.0,645.0,1.0,40.0,7,41,22585,1,1.0
97,1.0,0.0,2.7709999,1.0,7.0,4,162.3551720465836,177.3929067697574,pobre,basal,6,0.0,768.0,0.0,21.0,14,41,22586,7,1.0
98,1.0,0.0,2.7709999,1.0,8.0,4,162.3551720465836,177.3929067697574,pobre,basal,6,0.0,768.0,0.0,21.0,15,41,22586,7,1.0
97,0.0,0.0,2.7709999,1.0,3.0,4,162.3551720465836,177.3929067697574,pobre,basal,6,0.0,768.0,0.0,21.0,11,41,22587,3,1.0
98,0.0,0.0,2.7709999,1.0,6.0,4,162.3551720465836,177.3929067697574,pobre,basal,6,0.0,768.0,0.0,21.0,12,41,22587,3,1.0
97,0.0,0.0,2.404,1.0,10.0,14,38.771272631569,81.57272490935685,pobre,0,9,750.0,700.0,1.0,34.0,15,476,22588,10,1.0
98,0.0,0.0,2.404,1.0,11.0,14,38.771272631569,81.57272490935685,pobre,0,9,750.0,700.0,1.0,34.0,16,476,22588,10,1.0
97,0.0,0.0,2.404,1.0,5.0,14,38.771272631569,81.57272490935685,pobre,0,9,750.0,700.0,1.0,34.0,11,476,22589,5,1.0
98,0.0,0.0,2.404,1.0,6.0,14,38.771272631569,81.57272490935685,pobre,0,9,750.0,700.0,1.0,34.0,12,476,22589,5,1.0
97,1.0,0.0,2.404,1.0,2.0,14,38.771272631569,81.57272490935685,pobre,0,9,750.0,700.0,1.0,34.0,8,476,22590,2,1.0
98,1.0,0.0,2.404,1.0,3.0,14,38.771272631569,81.57272490935685,pobre,0,9,750.0,700.0,1.0,34.0,9,476,22590,2,1.0
97,0.0,0.0,2.404,1.0,0.0,14,38.771272631569,81.57272490935685,pobre,0,9,750.0,700.0,1.0,34.0,6,476,22591,0,1.0
98,0.0,0.0,2.404,1.0,1.0,14,38.771272631569,81.57272490935685,pobre,0,9,750.0,700.0,1.0,34.0,7,476,22591,0,1.0
97,0.0,0.0,2.404,1.0,1.0,14,38.771272631569,81.57272490935685,pobre,0,9,750.0,700.0,1.0,34.0,7,476,22592,1,1.0
98,0.0,0.0,2.404,1.0,2.0,14,38.771272631569,81.57272490935685,pobre,0,9,750.0,700.0,1.0,34.0,8,476,22592,1,1.0
97,1.0,1.0,4.7709999,1.0,5.0,7,160.0704471144301,181.1241535717625,pobre,0,0,500.0,600.5,1.0,45.0,16,30,22593,5,1.0
98,1.0,1.0,4.7709999,1.0,6.0,7,160.0704471144301,181.1241535717625,pobre,0,0,500.0,600.5,1.0,45.0,17,30,22593,5,1.0
97,0.0,1.0,4.7709999,1.0,4.0,7,160.0704471144301,181.1241535717625,pobre,0,0,500.0,600.5,1.0,45.0,13,30,22594,4,1.0
98,0.0,1.0,4.7709999,,,7,160.0704471144301,181.1241535717625,pobre,0,0,500.0,600.5,1.0,45.0,14,30,22594,4,1.0
97,1.0,1.0,4.7709999,,0.0,7,160.0704471144301,181.1241535717625,pobre,0,0,500.0,600.5,1.0,45.0,9,30,22595,0,
98,1.0,1.0,4.7709999,1.0,4.0,7,160.0704471144301,181.1241535717625,pobre,0,0,500.0,600.5,1.0,45.0,10,30,22595,0,
97,1.0,1.0,4.7709999,1.0,3.0,7,160.0704471144301,181.1241535717625,pobre,0,0,500.0,600.5,1.0,45.0,10,30,22596,3,1.0
98,1.0,1.0,4.7709999,1.0,4.0,7,160.0704471144301,181.1241535717625,pobre,0,0,500.0,600.5,1.0,45.0,11,30,22596,3,1.0
97,0.0,1.0,4.7709999,,0.0,4,160.0704471144301,181.1241535717625,pobre,0,0,200.0,646.46997,0.0,51.0,13,30,22597,0,
98,0.0,1.0,4.7709999,0.0,8.0,4,160.0704471144301,181.1241535717625,pobre,0,0,200.0,646.46997,0.0,51.0,14,30,22597,0,
97,1.0,1.0,4.7709999,,0.0,4,160.0704471144301,181.1241535717625,pobre,0,0,200.0,646.46997,0.0,51.0,12,30,22598,0,
98,1.0,1.0,4.7709999,0.0,2.0,4,160.0704471144301,181.1241535717625,pobre,0,0,200.0,646.46997,0.0,51.0,13,30,22598,0,
97,0.0,1.0,4.7709999,,0.0,4,160.0704471144301,181.1241535717625,pobre,0,0,200.0,646.46997,0.0,51.0,8,30,22599,0,
98,0.0,1.0,4.7709999,1.0,2.0,4,160.0704471144301,181.1241535717625,pobre,0,0,200.0,646.46997,0.0,51.0,9,30,22599,0,
97,1.0,1.0,4.7709999,1.0,1.0,9,160.0704471144301,181.1241535717625,pobre,0,0,480.0,506.5,1.0,35.0,10,30,22600,1,1.0
98,1.0,1.0,4.7709999,1.0,2.0,9,160.0704471144301,181.1241535717625,pobre,0,0,480.0,506.5,1.0,35.0,11,30,22600,1,1.0
97,0.0,1.0,4.7709999,1.0,0.0,9,160.0704471144301,181.1241535717625,pobre,0,0,480.0,506.5,1.0,35.0,7,30,22601,0,1.0
98,0.0,1.0,4.7709999,1.0,1.0,9,160.0704471144301,181.1241535717625,pobre,0,0,480.0,506.5,1.0,35.0,8,30,22601,0,1.0
97,0.0,1.0,4.7709999,,0.0,9,160.0704471144301,181.1241535717625,pobre,0,0,480.0,506.5,1.0,35.0,6,30,22602,0,
98,0.0,1.0,4.7709999,1.0,1.0,9,160.0704471144301,181.1241535717625,pobre,0,0,480.0,506.5,1.0,35.0,7,30,22602,0,
97,1.0,1.0,4.7709999,1.0,0.0,4,160.0704471144301,181.1241535717625,pobre,0,0,625.0,636.33002,1.0,44.0,7,30,22603,0,1.0
98,1.0,1.0,4.7709999,1.0,1.0,4,160.0704471144301,181.1241535717625,pobre,0,0,625.0,636.33002,1.0,44.0,8,30,22603,0,1.0
97,0.0,1.0,4.7709999,1.0,0.0,4,160.0704471144301,181.1241535717625,pobre,0,0,600.0,604.0,1.0,29.0,7,30,22604,0,1.0
98,0.0,1.0,4.7709999,1.0,1.0,4,160.0704471144301,181.1241535717625,pobre,0,0,600.0,604.0,1.0,29.0,8,30,22604,0,1.0
97,0.0,1.0,1.553,0.0,9.0,6,142.6004863159566,295.8812465320617,pobre,basal,3,375.0,663.0,1.0,39.0,15,432,22605,9,0.0
98,0.0,1.0,1.553,0.0,9.0,6,142.6004863159566,295.8812465320617,pobre,basal,3,375.0,663.0,1.0,39.0,16,432,22605,9,0.0
97,0.0,1.0,1.553,1.0,6.0,6,142.6004863159566,295.8812465320617,pobre,basal,3,375.0,663.0,1.0,39.0,12,432,22606,6,1.0
98,0.0,1.0,1.553,1.0,7.0,6,142.6004863159566,295.8812465320617,pobre,basal,3,375.0,663.0,1.0,39.0,13,432,22606,6,1.0
97,0.0,1.0,1.553,1.0,2.0,6,142.6004863159566,295.8812465320617,pobre,basal,3,375.0,663.0,1.0,39.0,9,432,22607,2,1.0
98,0.0,1.0,1.553,1.0,3.0,6,142.6004863159566,295.8812465320617,pobre,basal,3,375.0,663.0,1.0,39.0,10,432,22607,2,1.0
97,0.0,1.0,1.9400001,1.0,6.0,6,153.0301579331661,277.4332576270081,pobre,basal,6,375.0,631.0,1.0,48.0,13,428,22608,6,1.0
98,0.0,1.0,1.9400001,1.0,7.0,6,153.0301579331661,277.4332576270081,pobre,basal,6,375.0,631.0,1.0,48.0,14,428,22608,6,1.0
97,1.0,1.0,1.9400001,1.0,4.0,6,153.0301579331661,277.4332576270081,pobre,basal,6,375.0,631.0,1.0,48.0,11,428,22609,4,1.0
98,1.0,1.0,1.9400001,1.0,5.0,6,153.0301579331661,277.4332576270081,pobre,basal,6,375.0,631.0,1.0,48.0,12,428,22609,4,1.0
97,1.0,1.0,1.9400001,1.0,3.0,6,153.0301579331661,277.4332576270081,pobre,basal,6,375.0,631.0,1.0,48.0,9,428,22610,3,1.0
98,1.0,1.0,1.9400001,1.0,4.0,6,153.0301579331661,277.4332576270081,pobre,basal,6,375.0,631.0,1.0,48.0,10,428,22610,3,1.0
97,0.0,1.0,1.9400001,1.0,1.0,6,153.0301579331661,277.4332576270081,pobre,basal,6,375.0,631.0,1.0,48.0,7,428,22611,1,1.0
98,0.0,1.0,1.9400001,1.0,2.0,6,153.0301579331661,277.4332576270081,pobre,basal,6,375.0,631.0,1.0,48.0,8,428,22611,1,1.0
97,1.0,1.0,1.9400001,1.0,6.0,8,153.0301579331661,277.4332576270081,pobre,basal,6,375.0,718.0,1.0,37.0,12,428,22612,6,1.0
98,1.0,1.0,1.9400001,1.0,7.0,8,153.0301579331661,277.4332576270081,pobre,basal,6,375.0,718.0,1.0,37.0,13,428,22612,6,1.0
97,0.0,1.0,1.9400001,1.0,2.0,8,153.0301579331661,277.4332576270081,pobre,basal,6,375.0,718.0,1.0,37.0,9,428,22613,2,1.0
98,0.0,1.0,1.9400001,1.0,2.0,8,153.0301579331661,277.4332576270081,pobre,basal,6,375.0,718.0,1.0,37.0,10,428,22613,2,1.0
97,1.0,1.0,1.9400001,1.0,9.0,6,153.0301579331661,277.4332576270081,pobre,basal,6,375.0,795.0,1.0,35.0,16,428,22614,9,1.0
98,1.0,1.0,1.9400001,,,6,153.0301579331661,277.4332576270081,pobre,basal,6,375.0,795.0,1.0,35.0,17,428,22614,9,1.0
97,1.0,1.0,1.9400001,1.0,5.0,6,153.0301579331661,277.4332576270081,pobre,basal,6,375.0,795.0,1.0,35.0,11,428,22615,5,1.0
98,1.0,1.0,1.9400001,1.0,6.0,6,153.0301579331661,277.4332576270081,pobre,basal,6,375.0,795.0,1.0,35.0,12,428,22615,5,1.0
97,1.0,1.0,1.9400001,1.0,2.0,6,153.0301579331661,277.4332576270081,pobre,basal,6,375.0,795.0,1.0,35.0,8,428,22616,2,1.0
98,1.0,1.0,1.9400001,1.0,3.0,6,153.0301579331661,277.4332576270081,pobre,basal,6,375.0,795.0,1.0,35.0,9,428,22616,2,1.0
97,0.0,1.0,4.302,0.0,6.0,5,141.8934480113655,284.1669175236383,pobre,basal,4,625.0,654.0,1.0,42.0,13,434,22617,6,0.0
98,0.0,1.0,4.302,,,5,141.8934480113655,284.1669175236383,pobre,basal,4,625.0,654.0,1.0,42.0,14,434,22617,6,0.0
97,1.0,1.0,4.302,1.0,3.0,5,141.8934480113655,284.1669175236383,pobre,basal,4,625.0,654.0,1.0,42.0,10,434,22618,3,1.0
98,1.0,1.0,4.302,1.0,4.0,5,141.8934480113655,284.1669175236383,pobre,basal,4,625.0,654.0,1.0,42.0,11,434,22618,3,1.0
97,1.0,1.0,4.302,1.0,0.0,5,141.8934480113655,284.1669175236383,pobre,basal,4,625.0,654.0,1.0,42.0,6,434,22619,0,1.0
98,1.0,1.0,4.302,1.0,1.0,5,141.8934480113655,284.1669175236383,pobre,basal,4,625.0,654.0,1.0,42.0,7,434,22619,0,1.0
97,1.0,1.0,4.302,0.0,9.0,3,141.8934480113655,284.1669175236383,pobre,basal,20,0.0,797.0,0.0,49.0,16,434,22620,9,0.0
98,1.0,1.0,4.302,,,3,141.8934480113655,284.1669175236383,pobre,basal,20,0.0,797.0,0.0,49.0,17,434,22620,9,0.0
97,1.0,1.0,4.302,1.0,7.0,3,141.8934480113655,284.1669175236383,pobre,basal,20,0.0,797.0,0.0,49.0,14,434,22621,7,1.0
98,1.0,1.0,4.302,,,3,141.8934480113655,284.1669175236383,pobre,basal,20,0.0,797.0,0.0,49.0,15,434,22621,7,1.0
97,0.0,1.0,4.302,1.0,4.0,3,141.8934480113655,284.1669175236383,pobre,basal,5,625.0,750.0,1.0,32.0,12,434,22622,4,1.0
98,0.0,1.0,4.302,1.0,5.0,3,141.8934480113655,284.1669175236383,pobre,basal,5,625.0,750.0,1.0,32.0,13,434,22622,4,1.0
97,1.0,1.0,4.302,1.0,8.0,10,141.8934480113655,284.1669175236383,pobre,basal,4,625.0,525.0,1.0,37.0,15,434,22623,8,1.0
98,1.0,1.0,4.302,1.0,9.0,10,141.8934480113655,284.1669175236383,pobre,basal,4,625.0,525.0,1.0,37.0,16,434,22623,8,1.0
97,1.0,1.0,4.302,1.0,6.0,10,141.8934480113655,284.1669175236383,pobre,basal,4,625.0,525.0,1.0,37.0,12,434,22624,6,1.0
98,1.0,1.0,4.302,1.0,7.0,10,141.8934480113655,284.1669175236383,pobre,basal,4,625.0,525.0,1.0,37.0,13,434,22624,6,1.0
97,1.0,1.0,4.302,1.0,3.0,10,141.8934480113655,284.1669175236383,pobre,basal,4,625.0,525.0,1.0,37.0,10,434,22625,3,1.0
98,1.0,1.0,4.302,1.0,4.0,10,141.8934480113655,284.1669175236383,pobre,basal,4,625.0,525.0,1.0,37.0,11,434,22625,3,1.0
97,1.0,1.0,4.302,1.0,1.0,10,141.8934480113655,284.1669175236383,pobre,basal,4,625.0,525.0,1.0,37.0,8,434,22626,1,1.0
98,1.0,1.0,4.302,1.0,2.0,10,141.8934480113655,284.1669175236383,pobre,basal,4,625.0,525.0,1.0,37.0,9,434,22626,1,1.0
97,1.0,1.0,4.302,1.0,8.0,10,141.8934480113655,284.1669175236383,pobre,basal,4,625.0,722.0,1.0,47.0,15,434,22627,8,1.0
98,1.0,1.0,4.302,,,10,141.8934480113655,284.1669175236383,pobre,basal,4,625.0,722.0,1.0,47.0,16,434,22627,8,1.0
97,1.0,1.0,4.302,0.0,6.0,10,141.8934480113655,284.1669175236383,pobre,basal,4,625.0,722.0,1.0,47.0,13,434,22628,6,0.0
98,1.0,1.0,4.302,,,10,141.8934480113655,284.1669175236383,pobre,basal,4,625.0,722.0,1.0,47.0,14,434,22628,6,0.0
97,1.0,1.0,4.302,1.0,1.0,10,141.8934480113655,284.1669175236383,pobre,basal,4,625.0,722.0,1.0,47.0,7,434,22629,1,1.0
98,1.0,1.0,4.302,1.0,2.0,10,141.8934480113655,284.1669175236383,pobre,basal,4,625.0,722.0,1.0,47.0,8,434,22629,1,1.0
97,1.0,1.0,11.294,,0.0,7,114.7017582525125,114.7017582525125,pobre,basal,0,0.0,469.0,1.0,27.0,8,5,22630,0,
98,1.0,1.0,11.294,1.0,1.0,7,114.7017582525125,114.7017582525125,pobre,basal,0,0.0,469.0,1.0,27.0,9,5,22630,0,
97,0.0,1.0,11.294,,0.0,7,114.7017582525125,114.7017582525125,pobre,basal,0,0.0,469.0,1.0,27.0,7,5,22631,0,
98,0.0,1.0,11.294,,,7,114.7017582525125,114.7017582525125,pobre,basal,0,0.0,469.0,1.0,27.0,8,5,22631,0,
97,1.0,1.0,11.294,,0.0,7,114.7017582525125,114.7017582525125,pobre,basal,0,0.0,485.0,1.0,34.0,13,5,22632,0,
98,1.0,1.0,11.294,1.0,7.0,7,114.7017582525125,114.7017582525125,pobre,basal,0,0.0,485.0,1.0,34.0,14,5,22632,0,
97,0.0,1.0,11.294,,0.0,7,114.7017582525125,114.7017582525125,pobre,basal,0,0.0,485.0,1.0,34.0,11,5,22633,0,
98,0.0,1.0,11.294,1.0,4.0,7,114.7017582525125,114.7017582525125,pobre,basal,0,0.0,485.0,1.0,34.0,12,5,22633,0,
97,1.0,1.0,11.294,,0.0,7,114.7017582525125,114.7017582525125,pobre,basal,0,0.0,485.0,1.0,34.0,7,5,22634,0,
98,1.0,1.0,11.294,1.0,1.0,7,114.7017582525125,114.7017582525125,pobre,basal,0,0.0,485.0,1.0,34.0,8,5,22634,0,
97,0.0,1.0,11.294,,0.0,3,114.7017582525125,114.7017582525125,pobre,basal,0,0.0,660.5,0.0,48.0,16,5,22635,0,
98,0.0,1.0,11.294,,,3,114.7017582525125,114.7017582525125,pobre,basal,0,0.0,660.5,0.0,48.0,17,5,22635,0,
97,1.0,1.0,11.294,,0.0,7,114.7017582525125,114.7017582525125,pobre,basal,0,0.0,584.20001,1.0,49.0,16,5,22636,0,
98,1.0,1.0,11.294,,,7,114.7017582525125,114.7017582525125,pobre,basal,0,0.0,584.20001,1.0,49.0,17,5,22636,0,
97,1.0,1.0,11.294,,0.0,7,114.7017582525125,114.7017582525125,pobre,basal,0,0.0,584.20001,1.0,49.0,14,5,22637,0,
98,1.0,1.0,11.294,,,7,114.7017582525125,114.7017582525125,pobre,basal,0,0.0,584.20001,1.0,49.0,15,5,22637,0,
97,1.0,1.0,11.294,,0.0,7,114.7017582525125,114.7017582525125,pobre,basal,0,0.0,584.20001,1.0,49.0,12,5,22638,0,
98,1.0,1.0,11.294,,,7,114.7017582525125,114.7017582525125,pobre,basal,0,0.0,584.20001,1.0,49.0,13,5,22638,0,
97,1.0,1.0,11.294,,0.0,3,114.7017582525125,114.7017582525125,pobre,basal,0,0.0,622.46997,1.0,60.0,15,5,22639,0,
98,1.0,1.0,11.294,,,3,114.7017582525125,114.7017582525125,pobre,basal,0,0.0,622.46997,1.0,60.0,16,5,22639,0,
97,1.0,1.0,11.294,,0.0,7,114.7017582525125,114.7017582525125,pobre,basal,0,0.0,609.20001,1.0,41.0,7,5,22640,0,
98,1.0,1.0,11.294,,,7,114.7017582525125,114.7017582525125,pobre,basal,0,0.0,609.20001,1.0,41.0,8,5,22640,0,
97,0.0,1.0,11.294,,0.0,8,114.7017582525125,114.7017582525125,pobre,basal,0,0.0,572.66998,1.0,45.0,16,5,22641,0,
98,0.0,1.0,11.294,,,8,114.7017582525125,114.7017582525125,pobre,basal,0,0.0,572.66998,1.0,45.0,17,5,22641,0,
97,0.0,1.0,11.294,,0.0,8,114.7017582525125,114.7017582525125,pobre,basal,0,0.0,572.66998,1.0,45.0,13,5,22642,0,
98,0.0,1.0,11.294,,,8,114.7017582525125,114.7017582525125,pobre,basal,0,0.0,572.66998,1.0,45.0,14,5,22642,0,
97,1.0,1.0,11.294,,0.0,8,114.7017582525125,114.7017582525125,pobre,basal,0,0.0,572.66998,1.0,45.0,11,5,22643,0,
98,1.0,1.0,11.294,1.0,6.0,8,114.7017582525125,114.7017582525125,pobre,basal,0,0.0,572.66998,1.0,45.0,12,5,22643,0,
97,0.0,1.0,11.294,,0.0,4,114.7017582525125,114.7017582525125,pobre,basal,0,0.0,618.46997,0.0,60.0,15,5,22644,0,
98,0.0,1.0,11.294,0.0,3.0,4,114.7017582525125,114.7017582525125,pobre,basal,0,0.0,618.46997,0.0,60.0,16,5,22644,0,
97,1.0,1.0,11.294,,0.0,2,114.7017582525125,114.7017582525125,pobre,basal,0,0.0,630.46997,1.0,40.0,11,5,22645,0,
98,1.0,1.0,11.294,,,2,114.7017582525125,114.7017582525125,pobre,basal,0,0.0,630.46997,1.0,40.0,12,5,22645,0,
97,1.0,1.0,11.294,,0.0,10,114.7017582525125,114.7017582525125,pobre,basal,0,0.0,497.0,1.0,45.0,12,5,22646,0,
98,1.0,1.0,11.294,0.0,3.0,10,114.7017582525125,114.7017582525125,pobre,basal,0,0.0,497.0,1.0,45.0,13,5,22646,0,
97,1.0,1.0,11.294,,0.0,10,114.7017582525125,114.7017582525125,pobre,basal,0,0.0,497.0,1.0,45.0,10,5,22647,0,
98,1.0,1.0,11.294,1.0,8.0,10,114.7017582525125,114.7017582525125,pobre,basal,0,0.0,497.0,1.0,45.0,11,5,22647,0,
97,0.0,1.0,11.294,,0.0,10,114.7017582525125,114.7017582525125,pobre,basal,0,0.0,497.0,1.0,45.0,7,5,22648,0,
98,0.0,1.0,11.294,1.0,5.0,10,114.7017582525125,114.7017582525125,pobre,basal,0,0.0,497.0,1.0,45.0,8,5,22648,0,
97,0.0,1.0,11.294,,0.0,10,114.7017582525125,114.7017582525125,pobre,basal,0,0.0,497.0,1.0,45.0,6,5,22649,0,
98,0.0,1.0,11.294,1.0,4.0,10,114.7017582525125,114.7017582525125,pobre,basal,0,0.0,497.0,1.0,45.0,7,5,22649,0,
97,1.0,1.0,11.294,,0.0,5,114.7017582525125,114.7017582525125,pobre,basal,0,0.0,591.96997,1.0,40.0,12,5,22650,0,
98,1.0,1.0,11.294,1.0,4.0,5,114.7017582525125,114.7017582525125,pobre,basal,0,0.0,591.96997,1.0,40.0,13,5,22650,0,
97,1.0,1.0,11.294,,0.0,5,114.7017582525125,114.7017582525125,pobre,basal,0,0.0,591.96997,1.0,40.0,10,5,22651,0,
98,1.0,1.0,11.294,1.0,2.0,5,114.7017582525125,114.7017582525125,pobre,basal,0,0.0,591.96997,1.0,40.0,11,5,22651,0,
97,1.0,1.0,11.294,,0.0,5,114.7017582525125,114.7017582525125,pobre,basal,0,0.0,591.96997,1.0,40.0,7,5,22652,0,
98,1.0,1.0,11.294,1.0,1.0,5,114.7017582525125,114.7017582525125,pobre,basal,0,0.0,591.96997,1.0,40.0,8,5,22652,0,
97,0.0,1.0,11.294,1.0,0.0,5,114.7017582525125,114.7017582525125,pobre,basal,0,0.0,541.0,1.0,40.0,6,5,22653,0,1.0
98,0.0,1.0,11.294,,,5,114.7017582525125,114.7017582525125,pobre,basal,0,0.0,541.0,1.0,40.0,7,5,22653,0,1.0
97,0.0,1.0,11.294,1.0,0.0,6,114.7017582525125,114.7017582525125,pobre,basal,0,0.0,502.0,1.0,30.0,7,5,22654,0,1.0
98,0.0,1.0,11.294,1.0,1.0,6,114.7017582525125,114.7017582525125,pobre,basal,0,0.0,502.0,1.0,30.0,8,5,22654,0,1.0
97,1.0,1.0,11.294,1.0,0.0,6,114.7017582525125,114.7017582525125,pobre,basal,0,0.0,502.0,1.0,30.0,6,5,22655,0,1.0
98,1.0,1.0,11.294,1.0,1.0,6,114.7017582525125,114.7017582525125,pobre,basal,0,0.0,502.0,1.0,30.0,7,5,22655,0,1.0
97,1.0,1.0,11.294,,0.0,4,114.7017582525125,114.7017582525125,pobre,basal,0,0.0,601.0,1.0,72.0,7,5,22656,0,
98,1.0,1.0,11.294,0.0,3.0,4,114.7017582525125,114.7017582525125,pobre,basal,0,0.0,601.0,1.0,72.0,8,5,22656,0,
97,1.0,1.0,11.294,,0.0,9,114.7017582525125,114.7017582525125,pobre,basal,0,0.0,523.0,0.0,35.0,15,5,22657,0,
98,1.0,1.0,11.294,,,9,114.7017582525125,114.7017582525125,pobre,basal,0,0.0,523.0,0.0,35.0,16,5,22657,0,
97,1.0,1.0,11.294,,0.0,9,114.7017582525125,114.7017582525125,pobre,basal,0,0.0,523.0,0.0,35.0,12,5,22658,0,
98,1.0,1.0,11.294,1.0,7.0,9,114.7017582525125,114.7017582525125,pobre,basal,0,0.0,523.0,0.0,35.0,13,5,22658,0,
97,1.0,1.0,11.294,,0.0,9,114.7017582525125,114.7017582525125,pobre,basal,0,0.0,523.0,0.0,35.0,10,5,22659,0,
98,1.0,1.0,11.294,1.0,4.0,9,114.7017582525125,114.7017582525125,pobre,basal,0,0.0,523.0,0.0,35.0,11,5,22659,0,
97,0.0,1.0,11.294,,0.0,9,114.7017582525125,114.7017582525125,pobre,basal,0,0.0,523.0,0.0,35.0,7,5,22660,0,
98,0.0,1.0,11.294,1.0,1.0,9,114.7017582525125,114.7017582525125,pobre,basal,0,0.0,523.0,0.0,35.0,8,5,22660,0,
97,0.0,1.0,11.294,,0.0,7,114.7017582525125,114.7017582525125,pobre,basal,0,0.0,594.66998,0.0,45.0,14,5,22661,0,
98,0.0,1.0,11.294,,,7,114.7017582525125,114.7017582525125,pobre,basal,0,0.0,594.66998,0.0,45.0,15,5,22661,0,
97,1.0,1.0,11.294,,0.0,7,114.7017582525125,114.7017582525125,pobre,basal,0,0.0,594.66998,0.0,45.0,11,5,22662,0,
98,1.0,1.0,11.294,1.0,3.0,7,114.7017582525125,114.7017582525125,pobre,basal,0,0.0,594.66998,0.0,45.0,12,5,22662,0,
97,1.0,1.0,11.294,,0.0,7,114.7017582525125,114.7017582525125,pobre,basal,0,0.0,594.66998,0.0,45.0,7,5,22663,0,
98,1.0,1.0,11.294,,,7,114.7017582525125,114.7017582525125,pobre,basal,0,0.0,594.66998,0.0,45.0,8,5,22663,0,
97,1.0,1.0,11.294,,0.0,6,114.7017582525125,114.7017582525125,pobre,basal,0,0.0,564.0,1.0,40.0,13,5,22664,0,
98,1.0,1.0,11.294,0.0,2.0,6,114.7017582525125,114.7017582525125,pobre,basal,0,0.0,564.0,1.0,40.0,14,5,22664,0,
97,0.0,1.0,11.294,,0.0,6,114.7017582525125,114.7017582525125,pobre,basal,0,0.0,564.0,1.0,40.0,7,5,22665,0,
98,0.0,1.0,11.294,,,6,114.7017582525125,114.7017582525125,pobre,basal,0,0.0,564.0,1.0,40.0,8,5,22665,0,
97,0.0,1.0,11.294,,0.0,10,114.7017582525125,114.7017582525125,pobre,basal,0,0.0,550.0,1.0,49.0,15,5,22666,0,
98,0.0,1.0,11.294,0.0,6.0,10,114.7017582525125,114.7017582525125,pobre,basal,0,0.0,550.0,1.0,49.0,16,5,22666,0,
97,1.0,1.0,11.294,,0.0,10,114.7017582525125,114.7017582525125,pobre,basal,0,0.0,550.0,1.0,49.0,12,5,22667,0,
98,1.0,1.0,11.294,1.0,4.0,10,114.7017582525125,114.7017582525125,pobre,basal,0,0.0,550.0,1.0,49.0,13,5,22667,0,
97,0.0,1.0,11.294,,0.0,10,114.7017582525125,114.7017582525125,pobre,basal,0,0.0,550.0,1.0,49.0,7,5,22668,0,
98,0.0,1.0,11.294,1.0,1.0,10,114.7017582525125,114.7017582525125,pobre,basal,0,0.0,550.0,1.0,49.0,8,5,22668,0,
97,0.0,1.0,11.294,1.0,2.0,5,114.7017582525125,114.7017582525125,pobre,basal,0,0.0,590.5,1.0,60.0,10,5,22669,2,1.0
98,0.0,1.0,11.294,,,5,114.7017582525125,114.7017582525125,pobre,basal,0,0.0,590.5,1.0,60.0,11,5,22669,2,1.0
97,1.0,1.0,11.294,1.0,1.0,5,114.7017582525125,114.7017582525125,pobre,basal,0,0.0,590.5,1.0,60.0,8,5,22670,1,1.0
98,1.0,1.0,11.294,1.0,1.0,5,114.7017582525125,114.7017582525125,pobre,basal,0,0.0,590.5,1.0,60.0,9,5,22670,1,1.0
97,1.0,1.0,11.294,,0.0,10,114.7017582525125,114.7017582525125,pobre,basal,0,0.0,458.22,1.0,60.0,13,5,22671,0,
98,1.0,1.0,11.294,0.0,6.0,10,114.7017582525125,114.7017582525125,pobre,basal,0,0.0,458.22,1.0,60.0,14,5,22671,0,
97,0.0,1.0,11.294,,0.0,10,114.7017582525125,114.7017582525125,pobre,basal,0,0.0,458.22,1.0,60.0,11,5,22672,0,
98,0.0,1.0,11.294,1.0,3.0,10,114.7017582525125,114.7017582525125,pobre,basal,0,0.0,458.22,1.0,60.0,12,5,22672,0,
97,0.0,1.0,11.294,,0.0,10,114.7017582525125,114.7017582525125,pobre,basal,0,0.0,458.22,1.0,60.0,9,5,22673,0,
98,0.0,1.0,11.294,1.0,1.0,10,114.7017582525125,114.7017582525125,pobre,basal,0,0.0,458.22,1.0,60.0,10,5,22673,0,
97,0.0,1.0,11.294,,0.0,10,114.7017582525125,114.7017582525125,pobre,basal,0,0.0,458.22,1.0,60.0,8,5,22674,0,
98,0.0,1.0,11.294,1.0,1.0,10,114.7017582525125,114.7017582525125,pobre,basal,0,0.0,458.22,1.0,60.0,9,5,22674,0,
97,0.0,1.0,11.294,,0.0,10,114.7017582525125,114.7017582525125,pobre,basal,0,0.0,458.22,1.0,60.0,14,5,22675,0,
98,0.0,1.0,11.294,,,10,114.7017582525125,114.7017582525125,pobre,basal,0,0.0,458.22,1.0,60.0,15,5,22675,0,
97,0.0,1.0,11.294,,0.0,7,114.7017582525125,114.7017582525125,pobre,basal,0,0.0,499.0,1.0,52.0,13,5,22676,0,
98,0.0,1.0,11.294,1.0,4.0,7,114.7017582525125,114.7017582525125,pobre,basal,0,0.0,499.0,1.0,52.0,14,5,22676,0,
97,1.0,1.0,11.294,1.0,3.0,7,114.7017582525125,114.7017582525125,pobre,basal,0,0.0,499.0,1.0,52.0,11,5,22677,3,1.0
98,1.0,1.0,11.294,1.0,4.0,7,114.7017582525125,114.7017582525125,pobre,basal,0,0.0,499.0,1.0,52.0,12,5,22677,3,1.0
97,0.0,1.0,11.294,1.0,0.0,7,114.7017582525125,114.7017582525125,pobre,basal,0,0.0,499.0,1.0,52.0,7,5,22678,0,1.0
98,0.0,1.0,11.294,1.0,0.0,7,114.7017582525125,114.7017582525125,pobre,basal,0,0.0,499.0,1.0,52.0,8,5,22678,0,1.0
97,1.0,1.0,11.294,0.0,4.0,6,114.7017582525125,114.7017582525125,pobre,basal,0,0.0,617.5,1.0,61.0,16,5,22679,4,0.0
98,1.0,1.0,11.294,,,6,114.7017582525125,114.7017582525125,pobre,basal,0,0.0,617.5,1.0,61.0,17,5,22679,4,0.0
97,1.0,1.0,11.294,1.0,2.0,6,114.7017582525125,114.7017582525125,pobre,basal,0,0.0,558.0,1.0,41.0,10,5,22680,2,1.0
98,1.0,1.0,11.294,1.0,2.0,6,114.7017582525125,114.7017582525125,pobre,basal,0,0.0,558.0,1.0,41.0,11,5,22680,2,1.0
97,0.0,1.0,11.294,,0.0,14,114.7017582525125,114.7017582525125,pobre,basal,0,0.0,323.0,1.0,41.0,11,5,22681,0,
98,0.0,1.0,11.294,,,14,114.7017582525125,114.7017582525125,pobre,basal,0,0.0,323.0,1.0,41.0,12,5,22681,0,
97,1.0,1.0,11.294,,0.0,14,114.7017582525125,114.7017582525125,pobre,basal,0,0.0,323.0,1.0,41.0,9,5,22682,0,
98,1.0,1.0,11.294,,,14,114.7017582525125,114.7017582525125,pobre,basal,0,0.0,323.0,1.0,41.0,10,5,22682,0,
97,0.0,1.0,11.294,,0.0,14,114.7017582525125,114.7017582525125,pobre,basal,0,0.0,323.0,1.0,41.0,7,5,22683,0,
98,0.0,1.0,11.294,,,14,114.7017582525125,114.7017582525125,pobre,basal,0,0.0,323.0,1.0,41.0,8,5,22683,0,
97,0.0,1.0,11.294,,0.0,14,114.7017582525125,114.7017582525125,pobre,basal,0,0.0,323.0,1.0,41.0,15,5,22684,0,
98,0.0,1.0,11.294,,,14,114.7017582525125,114.7017582525125,pobre,basal,0,0.0,323.0,1.0,41.0,16,5,22684,0,
97,0.0,1.0,11.294,,0.0,14,114.7017582525125,114.7017582525125,pobre,basal,0,0.0,323.0,1.0,41.0,14,5,22685,0,
98,0.0,1.0,11.294,,,14,114.7017582525125,114.7017582525125,pobre,basal,0,0.0,323.0,1.0,41.0,15,5,22685,0,
97,0.0,1.0,11.294,,0.0,14,114.7017582525125,114.7017582525125,pobre,basal,0,0.0,323.0,1.0,41.0,13,5,22686,0,
98,0.0,1.0,11.294,,,14,114.7017582525125,114.7017582525125,pobre,basal,0,0.0,323.0,1.0,41.0,14,5,22686,0,
97,0.0,1.0,11.294,,0.0,14,114.7017582525125,114.7017582525125,pobre,basal,0,0.0,323.0,1.0,41.0,10,5,22687,0,
98,0.0,1.0,11.294,,,14,114.7017582525125,114.7017582525125,pobre,basal,0,0.0,323.0,1.0,41.0,11,5,22687,0,
97,1.0,1.0,11.294,,0.0,14,114.7017582525125,114.7017582525125,pobre,basal,0,0.0,323.0,1.0,41.0,8,5,22688,0,
98,1.0,1.0,11.294,,,14,114.7017582525125,114.7017582525125,pobre,basal,0,0.0,323.0,1.0,41.0,9,5,22688,0,
97,0.0,1.0,11.294,,0.0,2,114.7017582525125,114.7017582525125,pobre,basal,0,250.0,654.0,1.0,18.0,16,5,22689,0,
98,0.0,1.0,11.294,,,2,114.7017582525125,114.7017582525125,pobre,basal,0,250.0,654.0,1.0,18.0,17,5,22689,0,
97,0.0,1.0,11.294,1.0,2.0,9,114.7017582525125,114.7017582525125,pobre,basal,0,0.0,528.0,1.0,28.0,11,5,22690,2,1.0
98,0.0,1.0,11.294,,,9,114.7017582525125,114.7017582525125,pobre,basal,0,0.0,528.0,1.0,28.0,12,5,22690,2,1.0
97,0.0,1.0,11.294,1.0,2.0,9,114.7017582525125,114.7017582525125,pobre,basal,0,0.0,528.0,1.0,28.0,10,5,22691,2,1.0
98,0.0,1.0,11.294,1.0,2.0,9,114.7017582525125,114.7017582525125,pobre,basal,0,0.0,528.0,1.0,28.0,11,5,22691,2,1.0
97,0.0,1.0,11.294,1.0,1.0,9,114.7017582525125,114.7017582525125,pobre,basal,0,0.0,528.0,1.0,28.0,8,5,22692,1,1.0
98,0.0,1.0,11.294,1.0,1.0,9,114.7017582525125,114.7017582525125,pobre,basal,0,0.0,528.0,1.0,28.0,9,5,22692,1,1.0
97,0.0,1.0,11.294,1.0,0.0,9,114.7017582525125,114.7017582525125,pobre,basal,0,0.0,528.0,1.0,28.0,6,5,22693,0,1.0
98,0.0,1.0,11.294,1.0,0.0,9,114.7017582525125,114.7017582525125,pobre,basal,0,0.0,528.0,1.0,28.0,7,5,22693,0,1.0
97,0.0,1.0,11.294,1.0,4.0,3,114.7017582525125,114.7017582525125,pobre,basal,0,0.0,625.5,1.0,58.0,11,5,22694,4,1.0
98,0.0,1.0,11.294,,,3,114.7017582525125,114.7017582525125,pobre,basal,0,0.0,625.5,1.0,58.0,12,5,22694,4,1.0
97,0.0,1.0,11.294,1.0,2.0,7,114.7017582525125,114.7017582525125,pobre,basal,0,0.0,506.0,1.0,43.0,12,5,22695,2,1.0
98,0.0,1.0,11.294,1.0,3.0,7,114.7017582525125,114.7017582525125,pobre,basal,0,0.0,506.0,1.0,43.0,13,5,22695,2,1.0
97,0.0,1.0,11.294,1.0,1.0,7,114.7017582525125,114.7017582525125,pobre,basal,0,0.0,506.0,1.0,43.0,10,5,22696,1,1.0
98,0.0,1.0,11.294,1.0,2.0,7,114.7017582525125,114.7017582525125,pobre,basal,0,0.0,506.0,1.0,43.0,11,5,22696,1,1.0
97,0.0,1.0,11.294,,0.0,7,114.7017582525125,114.7017582525125,pobre,basal,0,0.0,506.0,1.0,43.0,8,5,22697,0,
98,0.0,1.0,11.294,0.0,1.0,7,114.7017582525125,114.7017582525125,pobre,basal,0,0.0,506.0,1.0,43.0,9,5,22697,0,
97,1.0,1.0,11.294,1.0,0.0,7,114.7017582525125,114.7017582525125,pobre,basal,0,0.0,506.0,1.0,43.0,6,5,22698,0,1.0
98,1.0,1.0,11.294,,,7,114.7017582525125,114.7017582525125,pobre,basal,0,0.0,506.0,1.0,43.0,7,5,22698,0,1.0
97,0.0,1.0,11.294,,0.0,6,114.7017582525125,114.7017582525125,pobre,basal,0,0.0,498.0,1.0,29.0,7,5,22699,0,
98,0.0,1.0,11.294,1.0,1.0,6,114.7017582525125,114.7017582525125,pobre,basal,0,0.0,498.0,1.0,29.0,8,5,22699,0,
97,1.0,1.0,11.294,,0.0,6,114.7017582525125,114.7017582525125,pobre,basal,0,0.0,498.0,1.0,29.0,6,5,22700,0,
98,1.0,1.0,11.294,1.0,0.0,6,114.7017582525125,114.7017582525125,pobre,basal,0,0.0,498.0,1.0,29.0,7,5,22700,0,
97,1.0,1.0,11.294,1.0,4.0,9,114.7017582525125,114.7017582525125,pobre,basal,0,0.0,457.0,1.0,38.0,13,5,22701,4,1.0
98,1.0,1.0,11.294,1.0,5.0,9,114.7017582525125,114.7017582525125,pobre,basal,0,0.0,457.0,1.0,38.0,14,5,22701,4,1.0
97,1.0,1.0,11.294,1.0,2.0,9,114.7017582525125,114.7017582525125,pobre,basal,0,0.0,457.0,1.0,38.0,9,5,22702,2,1.0
98,1.0,1.0,11.294,1.0,3.0,9,114.7017582525125,114.7017582525125,pobre,basal,0,0.0,457.0,1.0,38.0,10,5,22702,2,1.0
97,1.0,1.0,11.294,1.0,1.0,9,114.7017582525125,114.7017582525125,pobre,basal,0,0.0,457.0,1.0,38.0,8,5,22703,1,1.0
98,1.0,1.0,11.294,1.0,1.0,9,114.7017582525125,114.7017582525125,pobre,basal,0,0.0,457.0,1.0,38.0,9,5,22703,1,1.0
97,0.0,1.0,11.294,1.0,4.0,2,114.7017582525125,114.7017582525125,pobre,basal,0,0.0,652.0,0.0,53.0,12,5,22704,4,1.0
98,0.0,1.0,11.294,1.0,4.0,2,114.7017582525125,114.7017582525125,pobre,basal,0,0.0,652.0,0.0,53.0,13,5,22704,4,1.0
97,1.0,1.0,11.294,1.0,2.0,9,114.7017582525125,114.7017582525125,pobre,basal,0,0.0,436.0,1.0,29.0,10,5,22705,2,1.0
98,1.0,1.0,11.294,1.0,2.0,9,114.7017582525125,114.7017582525125,pobre,basal,0,0.0,436.0,1.0,29.0,11,5,22705,2,1.0
97,0.0,1.0,11.294,1.0,1.0,9,114.7017582525125,114.7017582525125,pobre,basal,0,0.0,436.0,1.0,29.0,8,5,22706,1,1.0
98,0.0,1.0,11.294,1.0,1.0,9,114.7017582525125,114.7017582525125,pobre,basal,0,0.0,436.0,1.0,29.0,9,5,22706,1,1.0
97,1.0,1.0,11.294,1.0,4.0,12,114.7017582525125,114.7017582525125,pobre,basal,0,0.0,394.0,1.0,29.0,11,5,22707,4,1.0
98,1.0,1.0,11.294,1.0,5.0,12,114.7017582525125,114.7017582525125,pobre,basal,0,0.0,394.0,1.0,29.0,12,5,22707,4,1.0
97,1.0,1.0,11.294,1.0,3.0,12,114.7017582525125,114.7017582525125,pobre,basal,0,0.0,394.0,1.0,29.0,9,5,22708,3,1.0
98,1.0,1.0,11.294,1.0,4.0,12,114.7017582525125,114.7017582525125,pobre,basal,0,0.0,394.0,1.0,29.0,10,5,22708,3,1.0
97,1.0,1.0,11.294,1.0,3.0,12,114.7017582525125,114.7017582525125,pobre,basal,0,0.0,394.0,1.0,29.0,8,5,22709,3,1.0
98,1.0,1.0,11.294,1.0,1.0,12,114.7017582525125,114.7017582525125,pobre,basal,0,0.0,394.0,1.0,29.0,9,5,22709,3,1.0
97,0.0,1.0,11.294,,0.0,12,114.7017582525125,114.7017582525125,pobre,basal,0,0.0,394.0,1.0,29.0,6,5,22710,0,
98,0.0,1.0,11.294,1.0,0.0,12,114.7017582525125,114.7017582525125,pobre,basal,0,0.0,394.0,1.0,29.0,7,5,22710,0,
97,1.0,1.0,11.294,,0.0,4,114.7017582525125,114.7017582525125,pobre,basal,0,0.0,564.0,1.0,30.0,8,5,22711,0,
98,1.0,1.0,11.294,1.0,2.0,4,114.7017582525125,114.7017582525125,pobre,basal,0,0.0,564.0,1.0,30.0,9,5,22711,0,
97,0.0,1.0,11.294,,0.0,7,114.7017582525125,114.7017582525125,pobre,basal,0,750.0,552.25,1.0,48.0,12,5,22712,0,
98,0.0,1.0,11.294,0.0,5.0,7,114.7017582525125,114.7017582525125,pobre,basal,0,750.0,552.25,1.0,48.0,13,5,22712,0,
97,0.0,1.0,11.294,,0.0,7,114.7017582525125,114.7017582525125,pobre,basal,0,750.0,552.25,1.0,48.0,11,5,22713,0,
98,0.0,1.0,11.294,0.0,5.0,7,114.7017582525125,114.7017582525125,pobre,basal,0,750.0,552.25,1.0,48.0,12,5,22713,0,
97,0.0,1.0,11.294,,0.0,7,114.7017582525125,114.7017582525125,pobre,basal,0,750.0,552.25,1.0,48.0,9,5,22714,0,
98,0.0,1.0,11.294,1.0,2.0,7,114.7017582525125,114.7017582525125,pobre,basal,0,750.0,552.25,1.0,48.0,10,5,22714,0,
97,1.0,1.0,11.294,,0.0,7,114.7017582525125,114.7017582525125,pobre,basal,0,750.0,552.25,1.0,48.0,7,5,22715,0,
98,1.0,1.0,11.294,1.0,1.0,7,114.7017582525125,114.7017582525125,pobre,basal,0,750.0,552.25,1.0,48.0,8,5,22715,0,
97,0.0,1.0,11.294,,0.0,7,114.7017582525125,114.7017582525125,pobre,basal,0,0.0,550.66998,1.0,41.0,12,5,22716,0,
98,0.0,1.0,11.294,0.0,1.0,7,114.7017582525125,114.7017582525125,pobre,basal,0,0.0,550.66998,1.0,41.0,13,5,22716,0,
97,1.0,1.0,11.294,,0.0,7,114.7017582525125,114.7017582525125,pobre,basal,0,0.0,550.66998,1.0,41.0,8,5,22717,0,
98,1.0,1.0,11.294,0.0,1.0,7,114.7017582525125,114.7017582525125,pobre,basal,0,0.0,550.66998,1.0,41.0,9,5,22717,0,
97,0.0,1.0,11.294,,0.0,7,114.7017582525125,114.7017582525125,pobre,basal,0,0.0,550.66998,1.0,41.0,6,5,22718,0,
98,0.0,1.0,11.294,1.0,1.0,7,114.7017582525125,114.7017582525125,pobre,basal,0,0.0,550.66998,1.0,41.0,7,5,22718,0,
97,1.0,1.0,11.294,,0.0,9,114.7017582525125,114.7017582525125,pobre,basal,0,0.0,532.14001,1.0,56.0,14,5,22719,0,
98,1.0,1.0,11.294,0.0,7.0,9,114.7017582525125,114.7017582525125,pobre,basal,0,0.0,532.14001,1.0,56.0,15,5,22719,0,
97,0.0,1.0,11.294,,0.0,9,114.7017582525125,114.7017582525125,pobre,basal,0,0.0,532.14001,1.0,56.0,12,5,22720,0,
98,0.0,1.0,11.294,,,9,114.7017582525125,114.7017582525125,pobre,basal,0,0.0,532.14001,1.0,56.0,13,5,22720,0,
97,0.0,1.0,11.294,,0.0,9,114.7017582525125,114.7017582525125,pobre,basal,0,0.0,532.14001,1.0,56.0,9,5,22721,0,
98,0.0,1.0,11.294,,,9,114.7017582525125,114.7017582525125,pobre,basal,0,0.0,532.14001,1.0,56.0,10,5,22721,0,
97,1.0,1.0,11.294,1.0,1.0,9,114.7017582525125,114.7017582525125,pobre,basal,0,0.0,545.0,1.0,39.0,11,5,22722,1,1.0
98,1.0,1.0,11.294,1.0,2.0,9,114.7017582525125,114.7017582525125,pobre,basal,0,0.0,545.0,1.0,39.0,12,5,22722,1,1.0
97,1.0,1.0,11.294,1.0,1.0,9,114.7017582525125,114.7017582525125,pobre,basal,0,0.0,545.0,1.0,39.0,9,5,22723,1,1.0
98,1.0,1.0,11.294,1.0,2.0,9,114.7017582525125,114.7017582525125,pobre,basal,0,0.0,545.0,1.0,39.0,10,5,22723,1,1.0
97,1.0,1.0,11.294,1.0,1.0,9,114.7017582525125,114.7017582525125,pobre,basal,0,0.0,545.0,1.0,39.0,6,5,22724,1,1.0
98,1.0,1.0,11.294,1.0,1.0,9,114.7017582525125,114.7017582525125,pobre,basal,0,0.0,545.0,1.0,39.0,7,5,22724,1,1.0
97,0.0,1.0,11.294,,0.0,5,114.7017582525125,114.7017582525125,pobre,basal,0,0.0,583.46997,1.0,41.0,12,5,22725,0,
98,0.0,1.0,11.294,,,5,114.7017582525125,114.7017582525125,pobre,basal,0,0.0,583.46997,1.0,41.0,13,5,22725,0,
97,1.0,1.0,11.294,,0.0,5,114.7017582525125,114.7017582525125,pobre,basal,0,0.0,583.46997,1.0,41.0,8,5,22726,0,
98,1.0,1.0,11.294,1.0,1.0,5,114.7017582525125,114.7017582525125,pobre,basal,0,0.0,583.46997,1.0,41.0,9,5,22726,0,
97,1.0,0.0,4.152,1.0,1.0,8,52.27688165081197,75.3069717543874,pobre,0,3,750.0,723.0,1.0,41.0,15,477,22727,1,1.0
98,1.0,0.0,4.152,0.0,2.0,8,52.27688165081197,75.3069717543874,pobre,0,3,750.0,723.0,1.0,41.0,16,477,22727,1,1.0
97,0.0,0.0,4.152,1.0,2.0,8,52.27688165081197,75.3069717543874,pobre,0,3,750.0,723.0,1.0,41.0,13,477,22728,2,1.0
98,0.0,0.0,4.152,1.0,2.0,8,52.27688165081197,75.3069717543874,pobre,0,3,750.0,723.0,1.0,41.0,14,477,22728,2,1.0
97,0.0,0.0,4.152,1.0,2.0,8,52.27688165081197,75.3069717543874,pobre,0,3,750.0,723.0,1.0,41.0,13,477,22729,2,1.0
98,0.0,0.0,4.152,0.0,2.0,8,52.27688165081197,75.3069717543874,pobre,0,3,750.0,723.0,1.0,41.0,14,477,22729,2,1.0
97,1.0,0.0,4.152,1.0,4.0,8,52.27688165081197,75.3069717543874,pobre,0,3,750.0,723.0,1.0,41.0,10,477,22730,4,1.0
98,1.0,0.0,4.152,1.0,5.0,8,52.27688165081197,75.3069717543874,pobre,0,3,750.0,723.0,1.0,41.0,11,477,22730,4,1.0
97,0.0,0.0,4.152,1.0,4.0,4,52.27688165081197,75.3069717543874,pobre,0,0,750.0,734.0,1.0,62.0,15,477,22731,4,1.0
98,0.0,0.0,4.152,,,4,52.27688165081197,75.3069717543874,pobre,0,0,750.0,734.0,1.0,62.0,16,477,22731,4,1.0
97,0.0,0.0,4.152,1.0,8.0,6,52.27688165081197,75.3069717543874,pobre,0,6,750.0,711.0,1.0,38.0,14,477,22732,8,1.0
98,0.0,0.0,4.152,1.0,9.0,6,52.27688165081197,75.3069717543874,pobre,0,6,750.0,711.0,1.0,38.0,15,477,22732,8,1.0
97,0.0,0.0,4.152,1.0,4.0,6,52.27688165081197,75.3069717543874,pobre,0,6,750.0,711.0,1.0,38.0,11,477,22733,4,1.0
98,0.0,0.0,4.152,1.0,5.0,6,52.27688165081197,75.3069717543874,pobre,0,6,750.0,711.0,1.0,38.0,12,477,22733,4,1.0
97,0.0,0.0,4.152,1.0,0.0,6,52.27688165081197,75.3069717543874,pobre,0,6,750.0,711.0,1.0,38.0,6,477,22734,0,1.0
98,0.0,0.0,4.152,1.0,1.0,6,52.27688165081197,75.3069717543874,pobre,0,6,750.0,711.0,1.0,38.0,7,477,22734,0,1.0
97,1.0,0.0,2.7909999,1.0,5.0,8,53.41877129062152,99.6799415496748,pobre,basal,3,25.0,600.0,1.0,46.0,14,455,22735,5,1.0
98,1.0,0.0,2.7909999,1.0,6.0,8,53.41877129062152,99.6799415496748,pobre,basal,3,25.0,600.0,1.0,46.0,15,455,22735,5,1.0
97,0.0,0.0,2.7909999,1.0,4.0,8,53.41877129062152,99.6799415496748,pobre,basal,3,25.0,600.0,1.0,46.0,13,455,22736,4,1.0
98,0.0,0.0,2.7909999,1.0,5.0,8,53.41877129062152,99.6799415496748,pobre,basal,3,25.0,600.0,1.0,46.0,14,455,22736,4,1.0
97,1.0,0.0,2.7909999,1.0,4.0,8,53.41877129062152,99.6799415496748,pobre,basal,3,25.0,600.0,1.0,46.0,12,455,22737,4,1.0
98,1.0,0.0,2.7909999,1.0,5.0,8,53.41877129062152,99.6799415496748,pobre,basal,3,25.0,600.0,1.0,46.0,13,455,22737,4,1.0
97,1.0,0.0,2.7909999,1.0,3.0,8,53.41877129062152,99.6799415496748,pobre,basal,3,25.0,600.0,1.0,46.0,10,455,22738,3,1.0
98,1.0,0.0,2.7909999,1.0,4.0,8,53.41877129062152,99.6799415496748,pobre,basal,3,25.0,600.0,1.0,46.0,11,455,22738,3,1.0
97,0.0,0.0,2.7909999,1.0,1.0,8,53.41877129062152,99.6799415496748,pobre,basal,3,25.0,600.0,1.0,46.0,8,455,22739,1,1.0
98,0.0,0.0,2.7909999,1.0,1.0,8,53.41877129062152,99.6799415496748,pobre,basal,3,25.0,600.0,1.0,46.0,9,455,22739,1,1.0
97,1.0,0.0,2.7909999,1.0,1.0,8,53.41877129062152,99.6799415496748,pobre,basal,3,25.0,600.0,1.0,46.0,6,455,22740,1,1.0
98,1.0,0.0,2.7909999,1.0,1.0,8,53.41877129062152,99.6799415496748,pobre,basal,3,25.0,600.0,1.0,46.0,7,455,22740,1,1.0
97,1.0,0.0,1.801,0.0,5.0,6,96.29018455336102,134.8272406294017,pobre,0,3,625.0,771.0,1.0,79.0,16,470,22741,5,0.0
98,1.0,0.0,1.801,,,6,96.29018455336102,134.8272406294017,pobre,0,3,625.0,771.0,1.0,79.0,17,470,22741,5,0.0
97,1.0,0.0,1.801,1.0,4.0,6,96.29018455336102,134.8272406294017,pobre,0,3,625.0,771.0,1.0,79.0,13,470,22742,4,1.0
98,1.0,0.0,1.801,1.0,5.0,6,96.29018455336102,134.8272406294017,pobre,0,3,625.0,771.0,1.0,79.0,14,470,22742,4,1.0
97,1.0,0.0,1.801,1.0,3.0,6,96.29018455336102,134.8272406294017,pobre,0,3,625.0,771.0,1.0,79.0,10,470,22743,3,1.0
98,1.0,0.0,1.801,1.0,4.0,6,96.29018455336102,134.8272406294017,pobre,0,3,625.0,771.0,1.0,79.0,11,470,22743,3,1.0
97,0.0,0.0,1.801,1.0,1.0,6,96.29018455336102,134.8272406294017,pobre,0,3,625.0,771.0,1.0,79.0,7,470,22744,1,1.0
98,0.0,0.0,1.801,1.0,2.0,6,96.29018455336102,134.8272406294017,pobre,0,3,625.0,771.0,1.0,79.0,8,470,22744,1,1.0
97,0.0,0.0,1.801,0.0,9.0,8,96.29018455336102,134.8272406294017,pobre,0,0,500.0,721.0,1.0,35.0,16,470,22745,9,0.0
98,0.0,0.0,1.801,,,8,96.29018455336102,134.8272406294017,pobre,0,0,500.0,721.0,1.0,35.0,17,470,22745,9,0.0
97,0.0,0.0,1.801,1.0,3.0,8,96.29018455336102,134.8272406294017,pobre,0,0,500.0,721.0,1.0,35.0,11,470,22746,3,1.0
98,0.0,0.0,1.801,1.0,4.0,8,96.29018455336102,134.8272406294017,pobre,0,0,500.0,721.0,1.0,35.0,12,470,22746,3,1.0
97,0.0,0.0,1.801,1.0,0.0,8,96.29018455336102,134.8272406294017,pobre,0,0,500.0,721.0,1.0,35.0,6,470,22747,0,1.0
98,0.0,0.0,1.801,1.0,1.0,8,96.29018455336102,134.8272406294017,pobre,0,0,500.0,721.0,1.0,35.0,7,470,22747,0,1.0
97,0.0,0.0,1.801,0.0,5.0,8,96.29018455336102,134.8272406294017,pobre,0,0,500.0,721.0,1.0,35.0,15,470,22748,5,0.0
98,0.0,0.0,1.801,,,8,96.29018455336102,134.8272406294017,pobre,0,0,500.0,721.0,1.0,35.0,16,470,22748,5,0.0
97,1.0,0.0,1.801,0.0,5.0,8,96.29018455336102,134.8272406294017,no pobre,0,0,400.0,1022.6667,1.0,41.0,16,470,22749,5,0.0
98,1.0,0.0,1.801,,,8,96.29018455336102,134.8272406294017,no pobre,0,0,400.0,1022.6667,1.0,41.0,17,470,22749,5,0.0
97,0.0,0.0,1.801,1.0,5.0,8,96.29018455336102,134.8272406294017,no pobre,0,0,400.0,1022.6667,1.0,41.0,14,470,22750,5,1.0
98,0.0,0.0,1.801,,,8,96.29018455336102,134.8272406294017,no pobre,0,0,400.0,1022.6667,1.0,41.0,15,470,22750,5,1.0
97,0.0,0.0,1.801,1.0,4.0,8,96.29018455336102,134.8272406294017,no pobre,0,0,400.0,1022.6667,1.0,41.0,12,470,22751,4,1.0
98,0.0,0.0,1.801,1.0,5.0,8,96.29018455336102,134.8272406294017,no pobre,0,0,400.0,1022.6667,1.0,41.0,13,470,22751,4,1.0
97,0.0,0.0,1.801,1.0,2.0,8,96.29018455336102,134.8272406294017,no pobre,0,0,400.0,1022.6667,1.0,41.0,8,470,22752,2,1.0
98,0.0,0.0,1.801,1.0,3.0,8,96.29018455336102,134.8272406294017,no pobre,0,0,400.0,1022.6667,1.0,41.0,9,470,22752,2,1.0
97,0.0,0.0,1.801,1.0,6.0,8,96.29018455336102,134.8272406294017,no pobre,0,0,400.0,1022.6667,1.0,41.0,15,470,22753,6,1.0
98,0.0,0.0,1.801,,,8,96.29018455336102,134.8272406294017,no pobre,0,0,400.0,1022.6667,1.0,41.0,16,470,22753,6,1.0
97,0.0,0.0,2.7379999,1.0,0.0,5,115.9450788670059,140.0621186260371,no pobre,0,7,625.0,815.5,1.0,32.0,7,392,22754,0,1.0
98,0.0,0.0,2.7379999,,,5,115.9450788670059,140.0621186260371,no pobre,0,7,625.0,815.5,1.0,32.0,8,392,22754,0,1.0
97,1.0,0.0,2.7379999,1.0,5.0,8,115.9450788670059,140.0621186260371,pobre,0,3,500.0,588.0,1.0,35.0,15,392,22755,5,1.0
98,1.0,0.0,2.7379999,,,8,115.9450788670059,140.0621186260371,pobre,0,3,500.0,588.0,1.0,35.0,16,392,22755,5,1.0
97,0.0,0.0,2.7379999,1.0,3.0,8,115.9450788670059,140.0621186260371,pobre,0,3,500.0,588.0,1.0,35.0,13,392,22756,3,1.0
98,0.0,0.0,2.7379999,,,8,115.9450788670059,140.0621186260371,pobre,0,3,500.0,588.0,1.0,35.0,14,392,22756,3,1.0
97,1.0,0.0,2.7379999,1.0,3.0,8,115.9450788670059,140.0621186260371,pobre,0,3,500.0,588.0,1.0,35.0,12,392,22757,3,1.0
98,1.0,0.0,2.7379999,,,8,115.9450788670059,140.0621186260371,pobre,0,3,500.0,588.0,1.0,35.0,13,392,22757,3,1.0
97,0.0,0.0,2.7379999,1.0,2.0,8,115.9450788670059,140.0621186260371,pobre,0,3,500.0,588.0,1.0,35.0,7,392,22758,2,1.0
98,0.0,0.0,2.7379999,,,8,115.9450788670059,140.0621186260371,pobre,0,3,500.0,588.0,1.0,35.0,8,392,22758,2,1.0
97,1.0,0.0,2.7379999,1.0,9.0,7,115.9450788670059,140.0621186260371,pobre,0,6,625.0,752.0,1.0,39.0,16,392,22759,9,1.0
98,1.0,0.0,2.7379999,,,7,115.9450788670059,140.0621186260371,pobre,0,6,625.0,752.0,1.0,39.0,17,392,22759,9,1.0
97,1.0,0.0,2.7379999,1.0,8.0,7,115.9450788670059,140.0621186260371,pobre,0,6,625.0,752.0,1.0,39.0,14,392,22760,8,1.0
98,1.0,0.0,2.7379999,1.0,9.0,7,115.9450788670059,140.0621186260371,pobre,0,6,625.0,752.0,1.0,39.0,15,392,22760,8,1.0
97,1.0,0.0,2.7379999,1.0,3.0,7,115.9450788670059,140.0621186260371,pobre,0,6,625.0,752.0,1.0,39.0,10,392,22761,3,1.0
98,1.0,0.0,2.7379999,1.0,4.0,7,115.9450788670059,140.0621186260371,pobre,0,6,625.0,752.0,1.0,39.0,11,392,22761,3,1.0
97,0.0,0.0,2.7379999,1.0,1.0,7,115.9450788670059,140.0621186260371,pobre,0,6,625.0,752.0,1.0,39.0,8,392,22762,1,1.0
98,0.0,0.0,2.7379999,1.0,2.0,7,115.9450788670059,140.0621186260371,pobre,0,6,625.0,752.0,1.0,39.0,9,392,22762,1,1.0
97,0.0,0.0,2.7379999,1.0,3.0,7,115.9450788670059,140.0621186260371,pobre,0,6,625.0,542.0,1.0,32.0,8,392,22763,3,1.0
98,0.0,0.0,2.7379999,1.0,1.0,7,115.9450788670059,140.0621186260371,pobre,0,6,625.0,542.0,1.0,32.0,9,392,22763,3,1.0
97,1.0,0.0,2.7379999,,0.0,7,115.9450788670059,140.0621186260371,pobre,0,6,625.0,542.0,1.0,32.0,7,392,22764,0,
98,1.0,0.0,2.7379999,,,7,115.9450788670059,140.0621186260371,pobre,0,6,625.0,542.0,1.0,32.0,8,392,22764,0,
97,0.0,0.0,2.7379999,,0.0,7,115.9450788670059,140.0621186260371,pobre,0,6,625.0,542.0,1.0,32.0,6,392,22765,0,
98,0.0,0.0,2.7379999,1.0,1.0,7,115.9450788670059,140.0621186260371,pobre,0,6,625.0,542.0,1.0,32.0,7,392,22765,0,
97,0.0,0.0,2.404,0.0,6.0,3,38.771272631569,81.57272490935685,pobre,0,6,800.0,741.0,1.0,21.0,16,476,22766,6,0.0
98,0.0,0.0,2.404,,,3,38.771272631569,81.57272490935685,pobre,0,6,800.0,741.0,1.0,21.0,17,476,22766,6,0.0
97,0.0,0.0,2.404,,2.0,6,38.771272631569,81.57272490935685,no pobre,0,2,1400.0,911.45398,1.0,53.0,15,476,22767,2,
98,0.0,0.0,2.404,,,6,38.771272631569,81.57272490935685,no pobre,0,2,1400.0,911.45398,1.0,53.0,16,476,22767,2,
97,0.0,0.0,2.404,1.0,3.0,5,38.771272631569,81.57272490935685,pobre,0,1,400.0,716.06299,1.0,52.0,9,476,22768,3,1.0
98,0.0,0.0,2.404,1.0,4.0,5,38.771272631569,81.57272490935685,pobre,0,1,400.0,716.06299,1.0,52.0,10,476,22768,3,1.0
97,0.0,0.0,2.404,1.0,1.0,5,38.771272631569,81.57272490935685,pobre,0,1,400.0,716.06299,1.0,52.0,8,476,22769,1,1.0
98,0.0,0.0,2.404,1.0,2.0,5,38.771272631569,81.57272490935685,pobre,0,1,400.0,716.06299,1.0,52.0,9,476,22769,1,1.0
97,0.0,0.0,2.404,,0.0,7,38.771272631569,81.57272490935685,pobre,0,0,0.0,767.45398,1.0,83.0,7,476,22770,0,
98,0.0,0.0,2.404,1.0,1.0,7,38.771272631569,81.57272490935685,pobre,0,0,0.0,767.45398,1.0,83.0,8,476,22770,0,
97,1.0,0.0,2.404,,0.0,5,38.771272631569,81.57272490935685,no pobre,0,3,2000.0,882.0,1.0,49.0,16,476,22771,0,
98,1.0,0.0,2.404,,,5,38.771272631569,81.57272490935685,no pobre,0,3,2000.0,882.0,1.0,49.0,17,476,22771,0,
97,1.0,0.0,2.404,1.0,8.0,5,38.771272631569,81.57272490935685,no pobre,0,3,2000.0,882.0,1.0,49.0,14,476,22772,8,1.0
98,1.0,0.0,2.404,1.0,9.0,5,38.771272631569,81.57272490935685,no pobre,0,3,2000.0,882.0,1.0,49.0,15,476,22772,8,1.0
97,1.0,1.0,0.0,1.0,2.0,7,134.7560732061176,285.4250077588848,pobre,basal,9,500.0,604.0,1.0,32.0,9,431,22773,2,1.0
98,1.0,1.0,0.0,1.0,3.0,7,134.7560732061176,285.4250077588848,pobre,basal,9,500.0,604.0,1.0,32.0,10,431,22773,2,1.0
97,1.0,1.0,0.0,1.0,1.0,7,134.7560732061176,285.4250077588848,pobre,basal,9,500.0,604.0,1.0,32.0,7,431,22774,1,1.0
98,1.0,1.0,0.0,1.0,2.0,7,134.7560732061176,285.4250077588848,pobre,basal,9,500.0,604.0,1.0,32.0,8,431,22774,1,1.0
97,0.0,1.0,0.0,1.0,5.0,8,134.7560732061176,285.4250077588848,pobre,basal,5,500.0,544.0,1.0,38.0,13,431,22775,5,1.0
98,0.0,1.0,0.0,0.0,6.0,8,134.7560732061176,285.4250077588848,pobre,basal,5,500.0,544.0,1.0,38.0,14,431,22775,5,1.0
97,1.0,1.0,0.0,1.0,4.0,8,134.7560732061176,285.4250077588848,pobre,basal,5,500.0,544.0,1.0,38.0,11,431,22776,4,1.0
98,1.0,1.0,0.0,1.0,5.0,8,134.7560732061176,285.4250077588848,pobre,basal,5,500.0,544.0,1.0,38.0,12,431,22776,4,1.0
97,1.0,1.0,0.0,1.0,2.0,8,134.7560732061176,285.4250077588848,pobre,basal,5,500.0,544.0,1.0,38.0,9,431,22777,2,1.0
98,1.0,1.0,0.0,1.0,3.0,8,134.7560732061176,285.4250077588848,pobre,basal,5,500.0,544.0,1.0,38.0,10,431,22777,2,1.0
97,0.0,1.0,0.0,1.0,1.0,8,134.7560732061176,285.4250077588848,pobre,basal,5,500.0,544.0,1.0,38.0,7,431,22778,1,1.0
98,0.0,1.0,0.0,1.0,1.0,8,134.7560732061176,285.4250077588848,pobre,basal,5,500.0,544.0,1.0,38.0,8,431,22778,1,1.0
97,0.0,1.0,0.0,1.0,5.0,4,134.7560732061176,285.4250077588848,pobre,basal,6,500.0,739.0,1.0,37.0,12,431,22779,5,1.0
98,0.0,1.0,0.0,1.0,6.0,4,134.7560732061176,285.4250077588848,pobre,basal,6,500.0,739.0,1.0,37.0,13,431,22779,5,1.0
97,1.0,1.0,0.0,1.0,6.0,4,134.7560732061176,285.4250077588848,pobre,basal,0,240.0,615.0,0.0,45.0,14,431,22780,6,1.0
98,1.0,1.0,0.0,1.0,6.0,4,134.7560732061176,285.4250077588848,pobre,basal,0,240.0,615.0,0.0,45.0,15,431,22780,6,1.0
97,0.0,1.0,0.0,1.0,3.0,4,134.7560732061176,285.4250077588848,pobre,basal,0,240.0,615.0,0.0,45.0,12,431,22781,3,1.0
98,0.0,1.0,0.0,0.0,3.0,4,134.7560732061176,285.4250077588848,pobre,basal,0,240.0,615.0,0.0,45.0,13,431,22781,3,1.0
97,0.0,1.0,0.0,1.0,1.0,4,134.7560732061176,285.4250077588848,pobre,basal,0,240.0,615.0,0.0,45.0,8,431,22782,1,1.0
98,0.0,1.0,0.0,1.0,0.0,4,134.7560732061176,285.4250077588848,pobre,basal,0,240.0,615.0,0.0,45.0,9,431,22782,1,1.0
97,0.0,1.0,0.0,1.0,2.0,7,134.7560732061176,285.4250077588848,pobre,basal,2,400.0,790.5,1.0,59.0,8,431,22783,2,1.0
98,0.0,1.0,0.0,1.0,3.0,7,134.7560732061176,285.4250077588848,pobre,basal,2,400.0,790.5,1.0,59.0,9,431,22783,2,1.0
97,0.0,1.0,0.0,1.0,0.0,7,134.7560732061176,285.4250077588848,pobre,basal,2,400.0,790.5,1.0,59.0,7,431,22784,0,1.0
98,0.0,1.0,0.0,1.0,1.0,7,134.7560732061176,285.4250077588848,pobre,basal,2,400.0,790.5,1.0,59.0,8,431,22784,0,1.0
97,1.0,1.0,0.0,1.0,1.0,10,134.7560732061176,285.4250077588848,pobre,basal,0,320.0,895.0,1.0,60.0,7,431,22785,1,1.0
98,1.0,1.0,0.0,1.0,2.0,10,134.7560732061176,285.4250077588848,pobre,basal,0,320.0,895.0,1.0,60.0,8,431,22785,1,1.0
97,1.0,1.0,0.0,1.0,7.0,10,134.7560732061176,285.4250077588848,pobre,basal,0,320.0,895.0,1.0,60.0,16,431,22786,7,1.0
98,1.0,1.0,0.0,,,10,134.7560732061176,285.4250077588848,pobre,basal,0,320.0,895.0,1.0,60.0,17,431,22786,7,1.0
97,1.0,0.0,2.7379999,0.0,6.0,8,115.9450788670059,140.0621186260371,pobre,0,0,625.0,777.66669,1.0,49.0,16,392,22787,6,0.0
98,1.0,0.0,2.7379999,,,8,115.9450788670059,140.0621186260371,pobre,0,0,625.0,777.66669,1.0,49.0,17,392,22787,6,0.0
97,0.0,0.0,2.7379999,1.0,4.0,8,115.9450788670059,140.0621186260371,pobre,0,0,625.0,777.66669,1.0,49.0,12,392,22788,4,1.0
98,0.0,0.0,2.7379999,1.0,5.0,8,115.9450788670059,140.0621186260371,pobre,0,0,625.0,777.66669,1.0,49.0,13,392,22788,4,1.0
97,1.0,0.0,2.7379999,1.0,1.0,8,115.9450788670059,140.0621186260371,pobre,0,0,625.0,777.66669,1.0,49.0,9,392,22789,1,1.0
98,1.0,0.0,2.7379999,1.0,2.0,8,115.9450788670059,140.0621186260371,pobre,0,0,625.0,777.66669,1.0,49.0,10,392,22789,1,1.0
97,0.0,0.0,2.404,0.0,5.0,9,38.771272631569,81.57272490935685,pobre,0,0,750.0,694.0,1.0,67.0,16,476,22790,5,0.0
98,0.0,0.0,2.404,,,9,38.771272631569,81.57272490935685,pobre,0,0,750.0,694.0,1.0,67.0,17,476,22790,5,0.0
97,1.0,0.0,2.404,,0.0,7,38.771272631569,81.57272490935685,pobre,0,6,800.0,580.0,1.0,25.0,7,476,22791,0,
98,1.0,0.0,2.404,,,7,38.771272631569,81.57272490935685,pobre,0,6,800.0,580.0,1.0,25.0,8,476,22791,0,
97,1.0,0.0,2.404,,0.0,7,38.771272631569,81.57272490935685,pobre,0,6,800.0,580.0,1.0,25.0,7,476,22792,0,
98,1.0,0.0,2.404,,,7,38.771272631569,81.57272490935685,pobre,0,6,800.0,580.0,1.0,25.0,8,476,22792,0,
97,0.0,0.0,2.404,,0.0,7,38.771272631569,81.57272490935685,pobre,0,6,800.0,580.0,1.0,25.0,6,476,22793,0,
98,0.0,0.0,2.404,,,7,38.771272631569,81.57272490935685,pobre,0,6,800.0,580.0,1.0,25.0,7,476,22793,0,
97,0.0,0.0,2.404,1.0,6.0,6,38.771272631569,81.57272490935685,no pobre,0,9,750.0,952.0,1.0,20.0,15,476,22794,6,1.0
98,0.0,0.0,2.404,1.0,7.0,6,38.771272631569,81.57272490935685,no pobre,0,9,750.0,952.0,1.0,20.0,16,476,22794,6,1.0
97,1.0,0.0,2.404,1.0,5.0,6,38.771272631569,81.57272490935685,no pobre,0,9,750.0,952.0,1.0,20.0,13,476,22795,5,1.0
98,1.0,0.0,2.404,1.0,6.0,6,38.771272631569,81.57272490935685,no pobre,0,9,750.0,952.0,1.0,20.0,14,476,22795,5,1.0
97,1.0,0.0,2.404,1.0,3.0,6,38.771272631569,81.57272490935685,no pobre,0,9,750.0,952.0,1.0,20.0,11,476,22796,3,1.0
98,1.0,0.0,2.404,1.0,3.0,6,38.771272631569,81.57272490935685,no pobre,0,9,750.0,952.0,1.0,20.0,12,476,22796,3,1.0
97,1.0,1.0,0.597,1.0,6.0,12,154.6553372513015,266.2291890044938,pobre,0,6,500.0,708.0,1.0,34.0,12,430,22797,6,1.0
98,1.0,1.0,0.597,1.0,7.0,12,154.6553372513015,266.2291890044938,pobre,0,6,500.0,708.0,1.0,34.0,13,430,22797,6,1.0
97,0.0,1.0,0.597,1.0,2.0,12,154.6553372513015,266.2291890044938,pobre,0,6,500.0,708.0,1.0,34.0,8,430,22798,2,1.0
98,0.0,1.0,0.597,1.0,3.0,12,154.6553372513015,266.2291890044938,pobre,0,6,500.0,708.0,1.0,34.0,9,430,22798,2,1.0
97,0.0,1.0,0.597,1.0,0.0,12,154.6553372513015,266.2291890044938,pobre,0,6,500.0,708.0,1.0,34.0,6,430,22799,0,1.0
98,0.0,1.0,0.597,1.0,1.0,12,154.6553372513015,266.2291890044938,pobre,0,6,500.0,708.0,1.0,34.0,7,430,22799,0,1.0
97,1.0,1.0,0.597,1.0,6.0,8,154.6553372513015,266.2291890044938,pobre,0,6,200.0,773.0,1.0,67.0,14,430,22800,6,1.0
98,1.0,1.0,0.597,1.0,7.0,8,154.6553372513015,266.2291890044938,pobre,0,6,200.0,773.0,1.0,67.0,15,430,22800,6,1.0
97,0.0,1.0,0.597,1.0,3.0,8,154.6553372513015,266.2291890044938,pobre,0,6,200.0,773.0,1.0,67.0,10,430,22801,3,1.0
98,0.0,1.0,0.597,1.0,4.0,8,154.6553372513015,266.2291890044938,pobre,0,6,200.0,773.0,1.0,67.0,11,430,22801,3,1.0
97,1.0,1.0,0.597,1.0,1.0,8,154.6553372513015,266.2291890044938,pobre,0,6,200.0,773.0,1.0,67.0,8,430,22802,1,1.0
98,1.0,1.0,0.597,1.0,2.0,8,154.6553372513015,266.2291890044938,pobre,0,6,200.0,773.0,1.0,67.0,9,430,22802,1,1.0
97,0.0,1.0,0.597,1.0,4.0,4,154.6553372513015,266.2291890044938,pobre,0,4,500.0,776.0,1.0,47.0,14,430,22803,4,1.0
98,0.0,1.0,0.597,1.0,5.0,4,154.6553372513015,266.2291890044938,pobre,0,4,500.0,776.0,1.0,47.0,15,430,22803,4,1.0
97,1.0,1.0,0.597,1.0,8.0,7,154.6553372513015,266.2291890044938,pobre,0,12,1600.0,735.0,1.0,36.0,15,430,22804,8,1.0
98,1.0,1.0,0.597,1.0,9.0,7,154.6553372513015,266.2291890044938,pobre,0,12,1600.0,735.0,1.0,36.0,16,430,22804,8,1.0
97,0.0,1.0,0.597,1.0,5.0,7,154.6553372513015,266.2291890044938,pobre,0,12,1600.0,735.0,1.0,36.0,13,430,22805,5,1.0
98,0.0,1.0,0.597,1.0,6.0,7,154.6553372513015,266.2291890044938,pobre,0,12,1600.0,735.0,1.0,36.0,14,430,22805,5,1.0
97,1.0,1.0,0.597,1.0,4.0,7,154.6553372513015,266.2291890044938,pobre,0,12,1600.0,735.0,1.0,36.0,10,430,22806,4,1.0
98,1.0,1.0,0.597,1.0,5.0,7,154.6553372513015,266.2291890044938,pobre,0,12,1600.0,735.0,1.0,36.0,11,430,22806,4,1.0
97,0.0,1.0,0.597,1.0,0.0,7,154.6553372513015,266.2291890044938,pobre,0,12,1600.0,735.0,1.0,36.0,7,430,22807,0,1.0
98,0.0,1.0,0.597,1.0,1.0,7,154.6553372513015,266.2291890044938,pobre,0,12,1600.0,735.0,1.0,36.0,8,430,22807,0,1.0
97,0.0,1.0,0.0,1.0,2.0,5,134.7560732061176,285.4250077588848,pobre,basal,9,500.0,725.0,1.0,44.0,14,431,22808,2,1.0
98,0.0,1.0,0.0,1.0,3.0,5,134.7560732061176,285.4250077588848,pobre,basal,9,500.0,725.0,1.0,44.0,15,431,22808,2,1.0
97,1.0,1.0,0.0,1.0,5.0,5,134.7560732061176,285.4250077588848,pobre,basal,9,500.0,725.0,1.0,44.0,12,431,22809,5,1.0
98,1.0,1.0,0.0,1.0,5.0,5,134.7560732061176,285.4250077588848,pobre,basal,9,500.0,725.0,1.0,44.0,13,431,22809,5,1.0
97,1.0,1.0,0.0,1.0,3.0,5,134.7560732061176,285.4250077588848,pobre,basal,9,500.0,725.0,1.0,44.0,11,431,22810,3,1.0
98,1.0,1.0,0.0,1.0,3.0,5,134.7560732061176,285.4250077588848,pobre,basal,9,500.0,725.0,1.0,44.0,12,431,22810,3,1.0
97,0.0,1.0,0.0,0.0,9.0,8,134.7560732061176,285.4250077588848,pobre,basal,9,500.0,593.0,1.0,33.0,15,431,22811,9,0.0
98,0.0,1.0,0.0,0.0,9.0,8,134.7560732061176,285.4250077588848,pobre,basal,9,500.0,593.0,1.0,33.0,16,431,22811,9,0.0
97,0.0,1.0,0.0,1.0,6.0,8,134.7560732061176,285.4250077588848,pobre,basal,9,500.0,593.0,1.0,33.0,12,431,22812,6,1.0
98,0.0,1.0,0.0,1.0,7.0,8,134.7560732061176,285.4250077588848,pobre,basal,9,500.0,593.0,1.0,33.0,13,431,22812,6,1.0
97,0.0,1.0,0.0,1.0,4.0,8,134.7560732061176,285.4250077588848,pobre,basal,9,500.0,593.0,1.0,33.0,11,431,22813,4,1.0
98,0.0,1.0,0.0,1.0,5.0,8,134.7560732061176,285.4250077588848,pobre,basal,9,500.0,593.0,1.0,33.0,12,431,22813,4,1.0
97,0.0,1.0,0.0,1.0,5.0,8,134.7560732061176,285.4250077588848,pobre,basal,9,500.0,593.0,1.0,33.0,11,431,22814,5,1.0
98,0.0,1.0,0.0,1.0,6.0,8,134.7560732061176,285.4250077588848,pobre,basal,9,500.0,593.0,1.0,33.0,12,431,22814,5,1.0
97,0.0,1.0,0.0,1.0,3.0,8,134.7560732061176,285.4250077588848,pobre,basal,9,500.0,593.0,1.0,33.0,10,431,22815,3,1.0
98,0.0,1.0,0.0,1.0,4.0,8,134.7560732061176,285.4250077588848,pobre,basal,9,500.0,593.0,1.0,33.0,11,431,22815,3,1.0
97,0.0,1.0,0.0,1.0,2.0,8,134.7560732061176,285.4250077588848,pobre,basal,9,500.0,593.0,1.0,33.0,9,431,22816,2,1.0
98,0.0,1.0,0.0,1.0,3.0,8,134.7560732061176,285.4250077588848,pobre,basal,9,500.0,593.0,1.0,33.0,10,431,22816,2,1.0
97,0.0,1.0,2.848,0.0,4.0,8,156.9623114120321,265.9135776509436,pobre,0,5,500.0,611.0,1.0,38.0,15,423,22817,4,0.0
98,0.0,1.0,2.848,0.0,7.0,8,156.9623114120321,265.9135776509436,pobre,0,5,500.0,611.0,1.0,38.0,16,423,22817,4,0.0
97,0.0,1.0,2.848,1.0,5.0,8,156.9623114120321,265.9135776509436,pobre,0,5,500.0,611.0,1.0,38.0,10,423,22818,5,1.0
98,0.0,1.0,2.848,1.0,6.0,8,156.9623114120321,265.9135776509436,pobre,0,5,500.0,611.0,1.0,38.0,11,423,22818,5,1.0
97,1.0,1.0,2.848,1.0,1.0,8,156.9623114120321,265.9135776509436,pobre,0,5,500.0,611.0,1.0,38.0,7,423,22819,1,1.0
98,1.0,1.0,2.848,1.0,2.0,8,156.9623114120321,265.9135776509436,pobre,0,5,500.0,611.0,1.0,38.0,8,423,22819,1,1.0
97,1.0,1.0,2.848,1.0,5.0,11,156.9623114120321,265.9135776509436,pobre,0,3,500.0,868.5,1.0,54.0,12,423,22820,5,1.0
98,1.0,1.0,2.848,1.0,6.0,11,156.9623114120321,265.9135776509436,pobre,0,3,500.0,868.5,1.0,54.0,13,423,22820,5,1.0
97,1.0,1.0,2.848,1.0,3.0,11,156.9623114120321,265.9135776509436,pobre,0,3,500.0,868.5,1.0,54.0,9,423,22821,3,1.0
98,1.0,1.0,2.848,1.0,4.0,11,156.9623114120321,265.9135776509436,pobre,0,3,500.0,868.5,1.0,54.0,10,423,22821,3,1.0
97,1.0,1.0,2.848,1.0,2.0,11,156.9623114120321,265.9135776509436,pobre,0,3,500.0,868.5,1.0,54.0,7,423,22822,2,1.0
98,1.0,1.0,2.848,1.0,2.0,11,156.9623114120321,265.9135776509436,pobre,0,3,500.0,868.5,1.0,54.0,8,423,22822,2,1.0
97,1.0,1.0,4.4390001,1.0,8.0,9,141.0977350861535,286.0098668459468,pobre,basal,3,500.0,738.5,1.0,67.0,13,437,22823,8,1.0
98,1.0,1.0,4.4390001,1.0,7.0,9,141.0977350861535,286.0098668459468,pobre,basal,3,500.0,738.5,1.0,67.0,14,437,22823,8,1.0
97,0.0,1.0,4.4390001,1.0,4.0,9,141.0977350861535,286.0098668459468,pobre,basal,3,500.0,738.5,1.0,67.0,10,437,22824,4,1.0
98,0.0,1.0,4.4390001,1.0,4.0,9,141.0977350861535,286.0098668459468,pobre,basal,3,500.0,738.5,1.0,67.0,11,437,22824,4,1.0
97,1.0,1.0,4.4390001,1.0,3.0,9,141.0977350861535,286.0098668459468,pobre,basal,3,500.0,738.5,1.0,67.0,9,437,22825,3,1.0
98,1.0,1.0,4.4390001,1.0,4.0,9,141.0977350861535,286.0098668459468,pobre,basal,3,500.0,738.5,1.0,67.0,10,437,22825,3,1.0
97,1.0,1.0,4.4390001,1.0,1.0,9,141.0977350861535,286.0098668459468,pobre,basal,3,500.0,738.5,1.0,67.0,8,437,22826,1,1.0
98,1.0,1.0,4.4390001,1.0,2.0,9,141.0977350861535,286.0098668459468,pobre,basal,3,500.0,738.5,1.0,67.0,9,437,22826,1,1.0
97,0.0,1.0,0.0,1.0,4.0,5,134.7560732061176,285.4250077588848,pobre,basal,4,500.0,672.0,1.0,55.0,12,431,22827,4,1.0
98,0.0,1.0,0.0,1.0,5.0,5,134.7560732061176,285.4250077588848,pobre,basal,4,500.0,672.0,1.0,55.0,13,431,22827,4,1.0
97,1.0,1.0,0.0,1.0,0.0,5,134.7560732061176,285.4250077588848,pobre,basal,4,500.0,672.0,1.0,55.0,6,431,22828,0,1.0
98,1.0,1.0,0.0,1.0,1.0,5,134.7560732061176,285.4250077588848,pobre,basal,4,500.0,672.0,1.0,55.0,7,431,22828,0,1.0
97,0.0,1.0,0.0,1.0,8.0,10,134.7560732061176,285.4250077588848,pobre,basal,6,625.0,760.0,1.0,43.0,15,431,22829,8,1.0
98,0.0,1.0,0.0,1.0,9.0,10,134.7560732061176,285.4250077588848,pobre,basal,6,625.0,760.0,1.0,43.0,16,431,22829,8,1.0
97,0.0,1.0,0.0,1.0,5.0,10,134.7560732061176,285.4250077588848,pobre,basal,6,625.0,760.0,1.0,43.0,13,431,22830,5,1.0
98,0.0,1.0,0.0,1.0,6.0,10,134.7560732061176,285.4250077588848,pobre,basal,6,625.0,760.0,1.0,43.0,14,431,22830,5,1.0
97,0.0,1.0,0.0,1.0,0.0,10,134.7560732061176,285.4250077588848,pobre,basal,6,625.0,760.0,1.0,43.0,8,431,22831,0,1.0
98,0.0,1.0,0.0,1.0,1.0,10,134.7560732061176,285.4250077588848,pobre,basal,6,625.0,760.0,1.0,43.0,9,431,22831,0,1.0
97,0.0,1.0,0.0,1.0,9.0,10,134.7560732061176,285.4250077588848,pobre,basal,6,625.0,760.0,1.0,43.0,16,431,22832,9,1.0
98,0.0,1.0,0.0,,,10,134.7560732061176,285.4250077588848,pobre,basal,6,625.0,760.0,1.0,43.0,17,431,22832,9,1.0
97,0.0,1.0,0.0,1.0,8.0,5,134.7560732061176,285.4250077588848,pobre,basal,1,500.0,704.0,1.0,56.0,16,431,22833,8,1.0
98,0.0,1.0,0.0,0.0,5.0,5,134.7560732061176,285.4250077588848,pobre,basal,1,500.0,704.0,1.0,56.0,17,431,22833,8,1.0
97,1.0,1.0,0.0,1.0,4.0,5,134.7560732061176,285.4250077588848,pobre,basal,1,500.0,704.0,1.0,56.0,13,431,22834,4,1.0
98,1.0,1.0,0.0,1.0,7.0,5,134.7560732061176,285.4250077588848,pobre,basal,1,500.0,704.0,1.0,56.0,14,431,22834,4,1.0
97,0.0,1.0,9.8219995,1.0,0.0,6,139.8365600527414,139.8365600527414,pobre,0,6,145.83333,570.0,1.0,29.0,6,20,22835,0,1.0
98,0.0,1.0,9.8219995,1.0,1.0,6,139.8365600527414,139.8365600527414,pobre,0,6,145.83333,570.0,1.0,29.0,7,20,22835,0,1.0
97,1.0,1.0,9.8219995,1.0,3.0,7,139.8365600527414,139.8365600527414,pobre,0,4,0.0,519.25,1.0,31.0,9,20,22836,3,1.0
98,1.0,1.0,9.8219995,1.0,4.0,7,139.8365600527414,139.8365600527414,pobre,0,4,0.0,519.25,1.0,31.0,10,20,22836,3,1.0
97,1.0,1.0,9.8219995,1.0,2.0,7,139.8365600527414,139.8365600527414,pobre,0,4,0.0,519.25,1.0,31.0,8,20,22837,2,1.0
98,1.0,1.0,9.8219995,1.0,3.0,7,139.8365600527414,139.8365600527414,pobre,0,4,0.0,519.25,1.0,31.0,9,20,22837,2,1.0
97,0.0,1.0,9.8219995,1.0,0.0,7,139.8365600527414,139.8365600527414,pobre,0,4,0.0,519.25,1.0,31.0,6,20,22838,0,1.0
98,0.0,1.0,9.8219995,1.0,1.0,7,139.8365600527414,139.8365600527414,pobre,0,4,0.0,519.25,1.0,31.0,7,20,22838,0,1.0
97,1.0,1.0,9.8219995,1.0,5.0,8,139.8365600527414,139.8365600527414,pobre,0,3,123.33334,532.0,1.0,36.0,15,20,22839,5,1.0
98,1.0,1.0,9.8219995,0.0,6.0,8,139.8365600527414,139.8365600527414,pobre,0,3,123.33334,532.0,1.0,36.0,16,20,22839,5,1.0
97,1.0,1.0,9.8219995,1.0,4.0,8,139.8365600527414,139.8365600527414,pobre,0,3,123.33334,532.0,1.0,36.0,12,20,22840,4,1.0
98,1.0,1.0,9.8219995,1.0,5.0,8,139.8365600527414,139.8365600527414,pobre,0,3,123.33334,532.0,1.0,36.0,13,20,22840,4,1.0
97,1.0,1.0,9.8219995,1.0,1.0,8,139.8365600527414,139.8365600527414,pobre,0,3,123.33334,532.0,1.0,36.0,7,20,22841,1,1.0
98,1.0,1.0,9.8219995,1.0,1.0,8,139.8365600527414,139.8365600527414,pobre,0,3,123.33334,532.0,1.0,36.0,8,20,22841,1,1.0
97,0.0,1.0,9.8219995,1.0,1.0,8,139.8365600527414,139.8365600527414,pobre,0,0,133.33333,573.0,1.0,57.0,10,20,22842,1,1.0
98,0.0,1.0,9.8219995,1.0,2.0,8,139.8365600527414,139.8365600527414,pobre,0,0,133.33333,573.0,1.0,57.0,11,20,22842,1,1.0
97,0.0,1.0,9.8219995,1.0,0.0,8,139.8365600527414,139.8365600527414,pobre,0,0,133.33333,573.0,1.0,57.0,7,20,22843,0,1.0
98,0.0,1.0,9.8219995,1.0,1.0,8,139.8365600527414,139.8365600527414,pobre,0,0,133.33333,573.0,1.0,57.0,8,20,22843,0,1.0
97,1.0,0.0,0.0,1.0,3.0,4,134.7560732061176,285.4250077588848,no pobre,basal,12,1000.0,1141.0,1.0,54.0,9,431,22844,3,1.0
98,1.0,0.0,0.0,1.0,4.0,4,134.7560732061176,285.4250077588848,no pobre,basal,12,1000.0,1141.0,1.0,54.0,10,431,22844,3,1.0
97,0.0,1.0,0.0,1.0,10.0,7,134.7560732061176,285.4250077588848,pobre,basal,6,500.0,668.0,1.0,50.0,16,431,22845,10,1.0
98,0.0,1.0,0.0,,,7,134.7560732061176,285.4250077588848,pobre,basal,6,500.0,668.0,1.0,50.0,17,431,22845,10,1.0
97,1.0,1.0,0.0,1.0,6.0,7,134.7560732061176,285.4250077588848,pobre,basal,6,500.0,668.0,1.0,50.0,13,431,22846,6,1.0
98,1.0,1.0,0.0,1.0,7.0,7,134.7560732061176,285.4250077588848,pobre,basal,6,500.0,668.0,1.0,50.0,14,431,22846,6,1.0
97,1.0,1.0,0.0,1.0,4.0,7,134.7560732061176,285.4250077588848,pobre,basal,6,500.0,668.0,1.0,50.0,11,431,22847,4,1.0
98,1.0,1.0,0.0,1.0,5.0,7,134.7560732061176,285.4250077588848,pobre,basal,6,500.0,668.0,1.0,50.0,12,431,22847,4,1.0
97,0.0,1.0,0.0,1.0,3.0,6,134.7560732061176,285.4250077588848,pobre,basal,2,500.0,590.0,1.0,32.0,10,431,22848,3,1.0
98,0.0,1.0,0.0,1.0,3.0,6,134.7560732061176,285.4250077588848,pobre,basal,2,500.0,590.0,1.0,32.0,11,431,22848,3,1.0
97,0.0,1.0,0.0,1.0,1.0,6,134.7560732061176,285.4250077588848,pobre,basal,2,500.0,590.0,1.0,32.0,7,431,22849,1,1.0
98,0.0,1.0,0.0,1.0,1.0,6,134.7560732061176,285.4250077588848,pobre,basal,2,500.0,590.0,1.0,32.0,8,431,22849,1,1.0
97,0.0,1.0,0.0,1.0,2.0,6,134.7560732061176,285.4250077588848,pobre,basal,6,500.0,605.0,1.0,26.0,8,431,22850,2,1.0
98,0.0,1.0,0.0,1.0,3.0,6,134.7560732061176,285.4250077588848,pobre,basal,6,500.0,605.0,1.0,26.0,9,431,22850,2,1.0
97,0.0,1.0,0.0,1.0,0.0,6,134.7560732061176,285.4250077588848,pobre,basal,6,500.0,605.0,1.0,26.0,6,431,22851,0,1.0
98,0.0,1.0,0.0,1.0,0.0,6,134.7560732061176,285.4250077588848,pobre,basal,6,500.0,605.0,1.0,26.0,7,431,22851,0,1.0
97,1.0,1.0,0.0,1.0,8.0,9,134.7560732061176,285.4250077588848,pobre,basal,6,500.0,592.0,1.0,42.0,15,431,22852,8,1.0
98,1.0,1.0,0.0,0.0,9.0,9,134.7560732061176,285.4250077588848,pobre,basal,6,500.0,592.0,1.0,42.0,16,431,22852,8,1.0
97,1.0,1.0,0.0,1.0,6.0,9,134.7560732061176,285.4250077588848,pobre,basal,6,500.0,592.0,1.0,42.0,13,431,22853,6,1.0
98,1.0,1.0,0.0,1.0,7.0,9,134.7560732061176,285.4250077588848,pobre,basal,6,500.0,592.0,1.0,42.0,14,431,22853,6,1.0
97,1.0,1.0,0.0,1.0,4.0,9,134.7560732061176,285.4250077588848,pobre,basal,6,500.0,592.0,1.0,42.0,11,431,22854,4,1.0
98,1.0,1.0,0.0,1.0,5.0,9,134.7560732061176,285.4250077588848,pobre,basal,6,500.0,592.0,1.0,42.0,12,431,22854,4,1.0
97,0.0,1.0,0.0,1.0,3.0,9,134.7560732061176,285.4250077588848,pobre,basal,6,500.0,592.0,1.0,42.0,9,431,22855,3,1.0
98,0.0,1.0,0.0,1.0,4.0,9,134.7560732061176,285.4250077588848,pobre,basal,6,500.0,592.0,1.0,42.0,10,431,22855,3,1.0
97,0.0,1.0,0.0,1.0,1.0,9,134.7560732061176,285.4250077588848,pobre,basal,6,500.0,592.0,1.0,42.0,7,431,22856,1,1.0
98,0.0,1.0,0.0,1.0,2.0,9,134.7560732061176,285.4250077588848,pobre,basal,6,500.0,592.0,1.0,42.0,8,431,22856,1,1.0
97,0.0,1.0,0.0,1.0,5.0,5,134.7560732061176,285.4250077588848,pobre,basal,8,500.0,686.0,1.0,27.0,11,431,22857,5,1.0
98,0.0,1.0,0.0,1.0,6.0,5,134.7560732061176,285.4250077588848,pobre,basal,8,500.0,686.0,1.0,27.0,12,431,22857,5,1.0
97,1.0,1.0,0.0,1.0,3.0,5,134.7560732061176,285.4250077588848,pobre,basal,8,500.0,686.0,1.0,27.0,9,431,22858,3,1.0
98,1.0,1.0,0.0,1.0,4.0,5,134.7560732061176,285.4250077588848,pobre,basal,8,500.0,686.0,1.0,27.0,10,431,22858,3,1.0
97,1.0,1.0,0.0,1.0,7.0,8,134.7560732061176,285.4250077588848,pobre,basal,0,500.0,733.0,1.0,55.0,14,431,22859,7,1.0
98,1.0,1.0,0.0,1.0,8.0,8,134.7560732061176,285.4250077588848,pobre,basal,0,500.0,733.0,1.0,55.0,15,431,22859,7,1.0
97,1.0,1.0,0.0,1.0,1.0,8,134.7560732061176,285.4250077588848,pobre,basal,0,500.0,733.0,1.0,55.0,10,431,22860,1,1.0
98,1.0,1.0,0.0,1.0,2.0,8,134.7560732061176,285.4250077588848,pobre,basal,0,500.0,733.0,1.0,55.0,11,431,22860,1,1.0
97,1.0,1.0,0.0,1.0,2.0,8,134.7560732061176,285.4250077588848,pobre,basal,0,500.0,733.0,1.0,55.0,7,431,22861,2,1.0
98,1.0,1.0,0.0,1.0,3.0,8,134.7560732061176,285.4250077588848,pobre,basal,0,500.0,733.0,1.0,55.0,8,431,22861,2,1.0
97,1.0,1.0,1.553,1.0,9.0,7,142.6004863159566,295.8812465320617,pobre,basal,6,375.0,670.5,1.0,43.0,15,432,22862,9,1.0
98,1.0,1.0,1.553,1.0,10.0,7,142.6004863159566,295.8812465320617,pobre,basal,6,375.0,670.5,1.0,43.0,16,432,22862,9,1.0
97,1.0,1.0,1.553,1.0,6.0,7,142.6004863159566,295.8812465320617,pobre,basal,6,375.0,670.5,1.0,43.0,13,432,22863,6,1.0
98,1.0,1.0,1.553,1.0,7.0,7,142.6004863159566,295.8812465320617,pobre,basal,6,375.0,670.5,1.0,43.0,14,432,22863,6,1.0
97,1.0,1.0,1.553,1.0,4.0,7,142.6004863159566,295.8812465320617,pobre,basal,6,375.0,670.5,1.0,43.0,11,432,22864,4,1.0
98,1.0,1.0,1.553,1.0,5.0,7,142.6004863159566,295.8812465320617,pobre,basal,6,375.0,670.5,1.0,43.0,12,432,22864,4,1.0
97,1.0,1.0,1.553,1.0,3.0,7,142.6004863159566,295.8812465320617,pobre,basal,6,375.0,670.5,1.0,43.0,9,432,22865,3,1.0
98,1.0,1.0,1.553,1.0,3.0,7,142.6004863159566,295.8812465320617,pobre,basal,6,375.0,670.5,1.0,43.0,10,432,22865,3,1.0
97,0.0,1.0,1.553,1.0,1.0,7,142.6004863159566,295.8812465320617,pobre,basal,6,375.0,670.5,1.0,43.0,7,432,22866,1,1.0
98,0.0,1.0,1.553,1.0,2.0,7,142.6004863159566,295.8812465320617,pobre,basal,6,375.0,670.5,1.0,43.0,8,432,22866,1,1.0
97,1.0,1.0,2.119,1.0,5.0,6,153.0118503700081,287.475370239123,pobre,basal,6,25.0,661.0,1.0,35.0,15,422,22867,5,1.0
98,1.0,1.0,2.119,1.0,5.0,6,153.0118503700081,287.475370239123,pobre,basal,6,25.0,661.0,1.0,35.0,16,422,22867,5,1.0
97,0.0,1.0,2.119,1.0,3.0,6,153.0118503700081,287.475370239123,pobre,basal,6,25.0,661.0,1.0,35.0,11,422,22868,3,1.0
98,0.0,1.0,2.119,1.0,4.0,6,153.0118503700081,287.475370239123,pobre,basal,6,25.0,661.0,1.0,35.0,12,422,22868,3,1.0
97,1.0,1.0,2.119,1.0,7.0,6,153.0118503700081,287.475370239123,pobre,basal,0,16.666666,801.0,1.0,60.0,13,422,22869,7,1.0
98,1.0,1.0,2.119,1.0,8.0,6,153.0118503700081,287.475370239123,pobre,basal,0,16.666666,801.0,1.0,60.0,14,422,22869,7,1.0
97,1.0,0.0,0.0,1.0,9.0,6,134.7560732061176,285.4250077588848,pobre,basal,12,500.0,911.0,1.0,36.0,15,431,22870,9,1.0
98,1.0,0.0,0.0,1.0,10.0,6,134.7560732061176,285.4250077588848,pobre,basal,12,500.0,911.0,1.0,36.0,16,431,22870,9,1.0
97,1.0,0.0,0.0,1.0,5.0,6,134.7560732061176,285.4250077588848,pobre,basal,12,500.0,911.0,1.0,36.0,11,431,22871,5,1.0
98,1.0,0.0,0.0,1.0,6.0,6,134.7560732061176,285.4250077588848,pobre,basal,12,500.0,911.0,1.0,36.0,12,431,22871,5,1.0
97,1.0,1.0,0.0,0.0,3.0,8,134.7560732061176,285.4250077588848,pobre,basal,4,500.0,415.0,1.0,34.0,13,431,22872,3,0.0
98,1.0,1.0,0.0,1.0,4.0,8,134.7560732061176,285.4250077588848,pobre,basal,4,500.0,415.0,1.0,34.0,14,431,22872,3,0.0
97,0.0,1.0,0.0,0.0,3.0,8,134.7560732061176,285.4250077588848,pobre,basal,4,500.0,415.0,1.0,34.0,11,431,22873,3,0.0
98,0.0,1.0,0.0,1.0,4.0,8,134.7560732061176,285.4250077588848,pobre,basal,4,500.0,415.0,1.0,34.0,12,431,22873,3,0.0
97,1.0,1.0,0.0,1.0,0.0,8,134.7560732061176,285.4250077588848,pobre,basal,4,500.0,415.0,1.0,34.0,8,431,22874,0,1.0
98,1.0,1.0,0.0,1.0,1.0,8,134.7560732061176,285.4250077588848,pobre,basal,4,500.0,415.0,1.0,34.0,9,431,22874,0,1.0
97,1.0,1.0,0.0,1.0,8.0,10,134.7560732061176,285.4250077588848,pobre,basal,6,500.0,451.0,1.0,29.0,15,431,22875,8,1.0
98,1.0,1.0,0.0,1.0,9.0,10,134.7560732061176,285.4250077588848,pobre,basal,6,500.0,451.0,1.0,29.0,16,431,22875,8,1.0
97,1.0,1.0,0.0,1.0,6.0,10,134.7560732061176,285.4250077588848,pobre,basal,6,500.0,451.0,1.0,29.0,13,431,22876,6,1.0
98,1.0,1.0,0.0,1.0,7.0,10,134.7560732061176,285.4250077588848,pobre,basal,6,500.0,451.0,1.0,29.0,14,431,22876,6,1.0
97,1.0,1.0,0.0,1.0,4.0,10,134.7560732061176,285.4250077588848,pobre,basal,6,500.0,451.0,1.0,29.0,11,431,22877,4,1.0
98,1.0,1.0,0.0,1.0,5.0,10,134.7560732061176,285.4250077588848,pobre,basal,6,500.0,451.0,1.0,29.0,12,431,22877,4,1.0
97,0.0,1.0,0.0,1.0,1.0,10,134.7560732061176,285.4250077588848,pobre,basal,6,500.0,451.0,1.0,29.0,8,431,22878,1,1.0
98,0.0,1.0,0.0,1.0,2.0,10,134.7560732061176,285.4250077588848,pobre,basal,6,500.0,451.0,1.0,29.0,9,431,22878,1,1.0
97,1.0,1.0,0.0,1.0,0.0,10,134.7560732061176,285.4250077588848,pobre,basal,6,500.0,451.0,1.0,29.0,6,431,22879,0,1.0
98,1.0,1.0,0.0,1.0,1.0,10,134.7560732061176,285.4250077588848,pobre,basal,6,500.0,451.0,1.0,29.0,7,431,22879,0,1.0
97,0.0,1.0,0.0,0.0,9.0,6,134.7560732061176,285.4250077588848,pobre,basal,5,500.0,702.0,1.0,40.0,16,431,22880,9,0.0
98,0.0,1.0,0.0,,,6,134.7560732061176,285.4250077588848,pobre,basal,5,500.0,702.0,1.0,40.0,17,431,22880,9,0.0
97,0.0,1.0,0.0,1.0,2.0,6,134.7560732061176,285.4250077588848,pobre,basal,5,500.0,702.0,1.0,40.0,9,431,22881,2,1.0
98,0.0,1.0,0.0,1.0,2.0,6,134.7560732061176,285.4250077588848,pobre,basal,5,500.0,702.0,1.0,40.0,10,431,22881,2,1.0
97,0.0,1.0,0.0,,0.0,6,134.7560732061176,285.4250077588848,pobre,basal,5,500.0,702.0,1.0,40.0,13,431,22882,0,
98,0.0,1.0,0.0,,,6,134.7560732061176,285.4250077588848,pobre,basal,5,500.0,702.0,1.0,40.0,14,431,22882,0,
97,1.0,0.0,2.063,1.0,8.0,7,104.7451295027394,132.7696398832534,pobre,basal,4,625.0,712.5,1.0,41.0,16,391,22883,8,1.0
98,1.0,0.0,2.063,,,7,104.7451295027394,132.7696398832534,pobre,basal,4,625.0,712.5,1.0,41.0,17,391,22883,8,1.0
97,1.0,0.0,2.063,0.0,5.0,7,104.7451295027394,132.7696398832534,pobre,basal,4,625.0,712.5,1.0,41.0,14,391,22884,5,0.0
98,1.0,0.0,2.063,0.0,6.0,7,104.7451295027394,132.7696398832534,pobre,basal,4,625.0,712.5,1.0,41.0,15,391,22884,5,0.0
97,1.0,0.0,2.063,1.0,3.0,7,104.7451295027394,132.7696398832534,pobre,basal,4,625.0,712.5,1.0,41.0,10,391,22885,3,1.0
98,1.0,0.0,2.063,1.0,4.0,7,104.7451295027394,132.7696398832534,pobre,basal,4,625.0,712.5,1.0,41.0,11,391,22885,3,1.0
97,0.0,0.0,2.063,1.0,2.0,7,104.7451295027394,132.7696398832534,pobre,basal,4,625.0,712.5,1.0,41.0,8,391,22886,2,1.0
98,0.0,0.0,2.063,1.0,3.0,7,104.7451295027394,132.7696398832534,pobre,basal,4,625.0,712.5,1.0,41.0,9,391,22886,2,1.0
97,0.0,0.0,2.063,1.0,8.0,13,104.7451295027394,132.7696398832534,pobre,basal,2,1500.0,706.63336,1.0,47.0,15,391,22887,8,1.0
98,0.0,0.0,2.063,1.0,9.0,13,104.7451295027394,132.7696398832534,pobre,basal,2,1500.0,706.63336,1.0,47.0,16,391,22887,8,1.0
97,1.0,0.0,2.063,1.0,8.0,13,104.7451295027394,132.7696398832534,pobre,basal,2,1500.0,706.63336,1.0,47.0,14,391,22888,8,1.0
98,1.0,0.0,2.063,1.0,8.0,13,104.7451295027394,132.7696398832534,pobre,basal,2,1500.0,706.63336,1.0,47.0,15,391,22888,8,1.0
97,0.0,0.0,2.063,1.0,4.0,13,104.7451295027394,132.7696398832534,pobre,basal,2,1500.0,706.63336,1.0,47.0,12,391,22889,4,1.0
98,0.0,0.0,2.063,1.0,5.0,13,104.7451295027394,132.7696398832534,pobre,basal,2,1500.0,706.63336,1.0,47.0,13,391,22889,4,1.0
97,0.0,0.0,2.063,1.0,3.0,13,104.7451295027394,132.7696398832534,pobre,basal,2,1500.0,706.63336,1.0,47.0,10,391,22890,3,1.0
98,0.0,0.0,2.063,1.0,4.0,13,104.7451295027394,132.7696398832534,pobre,basal,2,1500.0,706.63336,1.0,47.0,11,391,22890,3,1.0
97,0.0,0.0,2.063,1.0,1.0,13,104.7451295027394,132.7696398832534,pobre,basal,2,1500.0,706.63336,1.0,47.0,8,391,22891,1,1.0
98,0.0,0.0,2.063,1.0,2.0,13,104.7451295027394,132.7696398832534,pobre,basal,2,1500.0,706.63336,1.0,47.0,9,391,22891,1,1.0
97,0.0,0.0,2.063,1.0,0.0,13,104.7451295027394,132.7696398832534,pobre,basal,2,1500.0,706.63336,1.0,47.0,7,391,22892,0,1.0
98,0.0,0.0,2.063,,,13,104.7451295027394,132.7696398832534,pobre,basal,2,1500.0,706.63336,1.0,47.0,8,391,22892,0,1.0
97,1.0,1.0,4.302,1.0,8.0,6,141.8934480113655,284.1669175236383,pobre,basal,6,625.0,742.0,1.0,37.0,15,434,22893,8,1.0
98,1.0,1.0,4.302,1.0,9.0,6,141.8934480113655,284.1669175236383,pobre,basal,6,625.0,742.0,1.0,37.0,16,434,22893,8,1.0
97,1.0,1.0,4.302,1.0,5.0,6,141.8934480113655,284.1669175236383,pobre,basal,6,625.0,742.0,1.0,37.0,13,434,22894,5,1.0
98,1.0,1.0,4.302,1.0,6.0,6,141.8934480113655,284.1669175236383,pobre,basal,6,625.0,742.0,1.0,37.0,14,434,22894,5,1.0
97,0.0,1.0,4.302,1.0,4.0,6,141.8934480113655,284.1669175236383,pobre,basal,6,625.0,742.0,1.0,37.0,11,434,22895,4,1.0
98,0.0,1.0,4.302,1.0,5.0,6,141.8934480113655,284.1669175236383,pobre,basal,6,625.0,742.0,1.0,37.0,12,434,22895,4,1.0
97,1.0,1.0,4.302,1.0,3.0,6,141.8934480113655,284.1669175236383,pobre,basal,6,625.0,742.0,1.0,37.0,9,434,22896,3,1.0
98,1.0,1.0,4.302,1.0,4.0,6,141.8934480113655,284.1669175236383,pobre,basal,6,625.0,742.0,1.0,37.0,10,434,22896,3,1.0
97,0.0,1.0,4.302,1.0,7.0,7,141.8934480113655,284.1669175236383,pobre,basal,6,500.0,732.5,1.0,41.0,14,434,22897,7,1.0
98,0.0,1.0,4.302,1.0,8.0,7,141.8934480113655,284.1669175236383,pobre,basal,6,500.0,732.5,1.0,41.0,15,434,22897,7,1.0
97,0.0,1.0,4.302,1.0,2.0,7,141.8934480113655,284.1669175236383,pobre,basal,6,500.0,732.5,1.0,41.0,9,434,22898,2,1.0
98,0.0,1.0,4.302,1.0,3.0,7,141.8934480113655,284.1669175236383,pobre,basal,6,500.0,732.5,1.0,41.0,10,434,22898,2,1.0
97,0.0,1.0,4.302,1.0,1.0,7,141.8934480113655,284.1669175236383,pobre,basal,6,500.0,732.5,1.0,41.0,7,434,22899,1,1.0
98,0.0,1.0,4.302,1.0,1.0,7,141.8934480113655,284.1669175236383,pobre,basal,6,500.0,732.5,1.0,41.0,8,434,22899,1,1.0
97,1.0,1.0,4.302,1.0,9.0,9,141.8934480113655,284.1669175236383,pobre,basal,6,500.0,563.0,1.0,35.0,16,434,22900,9,1.0
98,1.0,1.0,4.302,,,9,141.8934480113655,284.1669175236383,pobre,basal,6,500.0,563.0,1.0,35.0,17,434,22900,9,1.0
97,0.0,1.0,4.302,1.0,7.0,9,141.8934480113655,284.1669175236383,pobre,basal,6,500.0,563.0,1.0,35.0,14,434,22901,7,1.0
98,0.0,1.0,4.302,1.0,8.0,9,141.8934480113655,284.1669175236383,pobre,basal,6,500.0,563.0,1.0,35.0,15,434,22901,7,1.0
97,1.0,1.0,4.302,1.0,6.0,9,141.8934480113655,284.1669175236383,pobre,basal,6,500.0,563.0,1.0,35.0,12,434,22902,6,1.0
98,1.0,1.0,4.302,1.0,7.0,9,141.8934480113655,284.1669175236383,pobre,basal,6,500.0,563.0,1.0,35.0,13,434,22902,6,1.0
97,0.0,1.0,4.302,1.0,2.0,9,141.8934480113655,284.1669175236383,pobre,basal,6,500.0,563.0,1.0,35.0,8,434,22903,2,1.0
98,0.0,1.0,4.302,1.0,3.0,9,141.8934480113655,284.1669175236383,pobre,basal,6,500.0,563.0,1.0,35.0,9,434,22903,2,1.0
97,0.0,1.0,4.302,1.0,10.0,6,141.8934480113655,284.1669175236383,pobre,basal,4,625.0,693.0,1.0,44.0,16,434,22904,10,1.0
98,0.0,1.0,4.302,,,6,141.8934480113655,284.1669175236383,pobre,basal,4,625.0,693.0,1.0,44.0,17,434,22904,10,1.0
97,0.0,1.0,4.302,1.0,5.0,6,141.8934480113655,284.1669175236383,pobre,basal,4,625.0,693.0,1.0,44.0,10,434,22905,5,1.0
98,0.0,1.0,4.302,1.0,6.0,6,141.8934480113655,284.1669175236383,pobre,basal,4,625.0,693.0,1.0,44.0,11,434,22905,5,1.0
97,0.0,1.0,4.302,1.0,2.0,8,141.8934480113655,284.1669175236383,pobre,basal,6,625.0,578.0,1.0,31.0,9,434,22906,2,1.0
98,0.0,1.0,4.302,1.0,1.0,8,141.8934480113655,284.1669175236383,pobre,basal,6,625.0,578.0,1.0,31.0,10,434,22906,2,1.0
97,1.0,1.0,4.302,0.0,6.0,6,141.8934480113655,284.1669175236383,pobre,basal,5,500.0,758.0,1.0,43.0,16,434,22907,6,0.0
98,1.0,1.0,4.302,,,6,141.8934480113655,284.1669175236383,pobre,basal,5,500.0,758.0,1.0,43.0,17,434,22907,6,0.0
97,0.0,1.0,4.302,1.0,5.0,6,141.8934480113655,284.1669175236383,pobre,basal,5,500.0,758.0,1.0,43.0,13,434,22908,5,1.0
98,0.0,1.0,4.302,1.0,6.0,6,141.8934480113655,284.1669175236383,pobre,basal,5,500.0,758.0,1.0,43.0,14,434,22908,5,1.0
97,1.0,,4.302,,0.0,6,141.8934480113655,284.1669175236383,pobre,basal,5,500.0,758.0,1.0,43.0,6,434,22909,0,
98,1.0,,4.302,1.0,1.0,6,141.8934480113655,284.1669175236383,pobre,basal,5,500.0,758.0,1.0,43.0,7,434,22909,0,
97,1.0,1.0,1.9400001,1.0,8.0,7,153.0301579331661,277.4332576270081,pobre,basal,1,375.0,569.0,1.0,67.0,15,428,22910,8,1.0
98,1.0,1.0,1.9400001,1.0,9.0,7,153.0301579331661,277.4332576270081,pobre,basal,1,375.0,569.0,1.0,67.0,16,428,22910,8,1.0
97,0.0,1.0,1.9400001,1.0,6.0,7,153.0301579331661,277.4332576270081,pobre,basal,1,375.0,569.0,1.0,67.0,13,428,22911,6,1.0
98,0.0,1.0,1.9400001,0.0,6.0,7,153.0301579331661,277.4332576270081,pobre,basal,1,375.0,569.0,1.0,67.0,14,428,22911,6,1.0
97,1.0,1.0,1.9400001,1.0,2.0,7,153.0301579331661,277.4332576270081,pobre,basal,1,375.0,569.0,1.0,67.0,10,428,22912,2,1.0
98,1.0,1.0,1.9400001,1.0,3.0,7,153.0301579331661,277.4332576270081,pobre,basal,1,375.0,569.0,1.0,67.0,11,428,22912,2,1.0
97,1.0,1.0,1.9400001,1.0,0.0,7,153.0301579331661,277.4332576270081,pobre,basal,1,375.0,569.0,1.0,67.0,8,428,22913,0,1.0
98,1.0,1.0,1.9400001,1.0,1.0,7,153.0301579331661,277.4332576270081,pobre,basal,1,375.0,569.0,1.0,67.0,9,428,22913,0,1.0
97,1.0,1.0,0.0,1.0,4.0,5,134.7560732061176,285.4250077588848,pobre,basal,6,500.0,641.0,1.0,27.0,10,431,22914,4,1.0
98,1.0,1.0,0.0,1.0,5.0,5,134.7560732061176,285.4250077588848,pobre,basal,6,500.0,641.0,1.0,27.0,11,431,22914,4,1.0
97,0.0,1.0,0.0,1.0,1.0,5,134.7560732061176,285.4250077588848,pobre,basal,6,500.0,641.0,1.0,27.0,7,431,22915,1,1.0
98,0.0,1.0,0.0,1.0,2.0,5,134.7560732061176,285.4250077588848,pobre,basal,6,500.0,641.0,1.0,27.0,8,431,22915,1,1.0
97,0.0,1.0,0.0,1.0,4.0,6,134.7560732061176,285.4250077588848,pobre,basal,3,500.0,519.0,1.0,49.0,11,431,22916,4,1.0
98,0.0,1.0,0.0,0.0,3.0,6,134.7560732061176,285.4250077588848,pobre,basal,3,500.0,519.0,1.0,49.0,12,431,22916,4,1.0
97,0.0,1.0,0.0,1.0,4.0,6,134.7560732061176,285.4250077588848,pobre,basal,3,500.0,519.0,1.0,49.0,11,431,22917,4,1.0
98,0.0,1.0,0.0,1.0,5.0,6,134.7560732061176,285.4250077588848,pobre,basal,3,500.0,519.0,1.0,49.0,12,431,22917,4,1.0
97,1.0,1.0,0.0,1.0,0.0,6,134.7560732061176,285.4250077588848,pobre,basal,3,500.0,519.0,1.0,49.0,6,431,22918,0,1.0
98,1.0,1.0,0.0,1.0,1.0,6,134.7560732061176,285.4250077588848,pobre,basal,3,500.0,519.0,1.0,49.0,7,431,22918,0,1.0
97,1.0,1.0,0.0,1.0,7.0,9,134.7560732061176,285.4250077588848,pobre,basal,4,500.0,541.0,1.0,36.0,15,431,22919,7,1.0
98,1.0,1.0,0.0,1.0,8.0,9,134.7560732061176,285.4250077588848,pobre,basal,4,500.0,541.0,1.0,36.0,16,431,22919,7,1.0
97,1.0,1.0,0.0,1.0,4.0,9,134.7560732061176,285.4250077588848,pobre,basal,4,500.0,541.0,1.0,36.0,12,431,22920,4,1.0
98,1.0,1.0,0.0,1.0,5.0,9,134.7560732061176,285.4250077588848,pobre,basal,4,500.0,541.0,1.0,36.0,13,431,22920,4,1.0
97,0.0,1.0,0.0,1.0,1.0,9,134.7560732061176,285.4250077588848,pobre,basal,4,500.0,541.0,1.0,36.0,9,431,22921,1,1.0
98,0.0,1.0,0.0,1.0,2.0,9,134.7560732061176,285.4250077588848,pobre,basal,4,500.0,541.0,1.0,36.0,10,431,22921,1,1.0
97,1.0,1.0,0.0,1.0,0.0,9,134.7560732061176,285.4250077588848,pobre,basal,4,500.0,541.0,1.0,36.0,7,431,22922,0,1.0
98,1.0,1.0,0.0,1.0,1.0,9,134.7560732061176,285.4250077588848,pobre,basal,4,500.0,541.0,1.0,36.0,8,431,22922,0,1.0
97,0.0,1.0,0.0,1.0,4.0,9,134.7560732061176,285.4250077588848,pobre,basal,4,500.0,528.0,1.0,32.0,13,431,22923,4,1.0
98,0.0,1.0,0.0,1.0,5.0,9,134.7560732061176,285.4250077588848,pobre,basal,4,500.0,528.0,1.0,32.0,14,431,22923,4,1.0
97,1.0,1.0,0.0,1.0,4.0,9,134.7560732061176,285.4250077588848,pobre,basal,4,500.0,528.0,1.0,32.0,10,431,22924,4,1.0
98,1.0,1.0,0.0,1.0,5.0,9,134.7560732061176,285.4250077588848,pobre,basal,4,500.0,528.0,1.0,32.0,11,431,22924,4,1.0
97,1.0,1.0,0.0,1.0,3.0,9,134.7560732061176,285.4250077588848,pobre,basal,4,500.0,528.0,1.0,32.0,9,431,22925,3,1.0
98,1.0,1.0,0.0,1.0,3.0,9,134.7560732061176,285.4250077588848,pobre,basal,4,500.0,528.0,1.0,32.0,10,431,22925,3,1.0
97,0.0,1.0,0.0,1.0,1.0,9,134.7560732061176,285.4250077588848,pobre,basal,4,500.0,528.0,1.0,32.0,7,431,22926,1,1.0
98,0.0,1.0,0.0,1.0,2.0,9,134.7560732061176,285.4250077588848,pobre,basal,4,500.0,528.0,1.0,32.0,8,431,22926,1,1.0
97,0.0,1.0,4.302,0.0,6.0,8,141.8934480113655,284.1669175236383,pobre,basal,4,625.0,591.0,1.0,44.0,15,434,22927,6,0.0
98,0.0,1.0,4.302,,,8,141.8934480113655,284.1669175236383,pobre,basal,4,625.0,591.0,1.0,44.0,16,434,22927,6,0.0
97,0.0,1.0,4.302,1.0,4.0,8,141.8934480113655,284.1669175236383,pobre,basal,4,625.0,591.0,1.0,44.0,11,434,22928,4,1.0
98,0.0,1.0,4.302,,,8,141.8934480113655,284.1669175236383,pobre,basal,4,625.0,591.0,1.0,44.0,12,434,22928,4,1.0
97,0.0,1.0,4.302,1.0,2.0,8,141.8934480113655,284.1669175236383,pobre,basal,4,625.0,591.0,1.0,44.0,8,434,22929,2,1.0
98,0.0,1.0,4.302,1.0,3.0,8,141.8934480113655,284.1669175236383,pobre,basal,4,625.0,591.0,1.0,44.0,9,434,22929,2,1.0
97,1.0,1.0,4.302,1.0,0.0,8,141.8934480113655,284.1669175236383,pobre,basal,4,625.0,591.0,1.0,44.0,7,434,22930,0,1.0
98,1.0,1.0,4.302,1.0,0.0,8,141.8934480113655,284.1669175236383,pobre,basal,4,625.0,591.0,1.0,44.0,8,434,22930,0,1.0
97,1.0,1.0,4.302,1.0,6.0,7,141.8934480113655,284.1669175236383,pobre,basal,3,625.0,619.0,1.0,48.0,15,434,22931,6,1.0
98,1.0,1.0,4.302,1.0,7.0,7,141.8934480113655,284.1669175236383,pobre,basal,3,625.0,619.0,1.0,48.0,16,434,22931,6,1.0
97,0.0,1.0,4.302,1.0,1.0,7,141.8934480113655,284.1669175236383,pobre,basal,3,625.0,619.0,1.0,48.0,9,434,22932,1,1.0
98,0.0,1.0,4.302,1.0,2.0,7,141.8934480113655,284.1669175236383,pobre,basal,3,625.0,619.0,1.0,48.0,10,434,22932,1,1.0
97,0.0,1.0,4.302,1.0,0.0,7,141.8934480113655,284.1669175236383,pobre,basal,3,625.0,619.0,1.0,48.0,7,434,22933,0,1.0
98,0.0,1.0,4.302,1.0,1.0,7,141.8934480113655,284.1669175236383,pobre,basal,3,625.0,619.0,1.0,48.0,8,434,22933,0,1.0
97,0.0,1.0,4.302,1.0,2.0,6,141.8934480113655,284.1669175236383,pobre,basal,6,625.0,614.0,1.0,26.0,8,434,22934,2,1.0
98,0.0,1.0,4.302,1.0,3.0,6,141.8934480113655,284.1669175236383,pobre,basal,6,625.0,614.0,1.0,26.0,9,434,22934,2,1.0
97,0.0,1.0,4.302,1.0,0.0,6,141.8934480113655,284.1669175236383,pobre,basal,6,625.0,614.0,1.0,26.0,6,434,22935,0,1.0
98,0.0,1.0,4.302,1.0,1.0,6,141.8934480113655,284.1669175236383,pobre,basal,6,625.0,614.0,1.0,26.0,7,434,22935,0,1.0
97,1.0,1.0,4.302,1.0,7.0,7,141.8934480113655,284.1669175236383,pobre,basal,3,1000.0,763.0,1.0,52.0,14,434,22936,7,1.0
98,1.0,1.0,4.302,1.0,8.0,7,141.8934480113655,284.1669175236383,pobre,basal,3,1000.0,763.0,1.0,52.0,15,434,22936,7,1.0
97,0.0,1.0,4.302,1.0,4.0,7,141.8934480113655,284.1669175236383,pobre,basal,3,1000.0,763.0,1.0,52.0,11,434,22937,4,1.0
98,0.0,1.0,4.302,1.0,5.0,7,141.8934480113655,284.1669175236383,pobre,basal,3,1000.0,763.0,1.0,52.0,12,434,22937,4,1.0
97,0.0,1.0,4.302,1.0,3.0,7,141.8934480113655,284.1669175236383,pobre,basal,3,1000.0,763.0,1.0,52.0,9,434,22938,3,1.0
98,0.0,1.0,4.302,1.0,4.0,7,141.8934480113655,284.1669175236383,pobre,basal,3,1000.0,763.0,1.0,52.0,10,434,22938,3,1.0
97,1.0,1.0,4.302,1.0,0.0,7,141.8934480113655,284.1669175236383,pobre,basal,3,1000.0,763.0,1.0,52.0,6,434,22939,0,1.0
98,1.0,1.0,4.302,1.0,1.0,7,141.8934480113655,284.1669175236383,pobre,basal,3,1000.0,763.0,1.0,52.0,7,434,22939,0,1.0
97,0.0,1.0,4.302,1.0,5.0,7,141.8934480113655,284.1669175236383,pobre,basal,6,625.0,594.0,1.0,28.0,11,434,22940,5,1.0
98,0.0,1.0,4.302,1.0,6.0,7,141.8934480113655,284.1669175236383,pobre,basal,6,625.0,594.0,1.0,28.0,12,434,22940,5,1.0
97,0.0,1.0,4.302,1.0,3.0,7,141.8934480113655,284.1669175236383,pobre,basal,6,625.0,594.0,1.0,28.0,9,434,22941,3,1.0
98,0.0,1.0,4.302,1.0,4.0,7,141.8934480113655,284.1669175236383,pobre,basal,6,625.0,594.0,1.0,28.0,10,434,22941,3,1.0
97,1.0,1.0,4.302,,0.0,7,141.8934480113655,284.1669175236383,pobre,basal,6,625.0,594.0,1.0,28.0,7,434,22942,0,
98,1.0,1.0,4.302,1.0,1.0,7,141.8934480113655,284.1669175236383,pobre,basal,6,625.0,594.0,1.0,28.0,8,434,22942,0,
97,1.0,1.0,4.302,1.0,10.0,7,141.8934480113655,284.1669175236383,pobre,basal,6,0.0,648.0,1.0,36.0,16,434,22943,10,1.0
98,1.0,1.0,4.302,,,7,141.8934480113655,284.1669175236383,pobre,basal,6,0.0,648.0,1.0,36.0,17,434,22943,10,1.0
97,0.0,1.0,4.302,1.0,4.0,7,141.8934480113655,284.1669175236383,pobre,basal,6,0.0,648.0,1.0,36.0,10,434,22944,4,1.0
98,0.0,1.0,4.302,1.0,5.0,7,141.8934480113655,284.1669175236383,pobre,basal,6,0.0,648.0,1.0,36.0,11,434,22944,4,1.0
97,1.0,1.0,4.302,1.0,0.0,7,141.8934480113655,284.1669175236383,pobre,basal,6,0.0,648.0,1.0,36.0,7,434,22945,0,1.0
98,1.0,1.0,4.302,1.0,1.0,7,141.8934480113655,284.1669175236383,pobre,basal,6,0.0,648.0,1.0,36.0,8,434,22945,0,1.0
97,0.0,1.0,4.302,1.0,4.0,7,141.8934480113655,284.1669175236383,pobre,basal,6,1000.0,592.0,1.0,32.0,10,434,22946,4,1.0
98,0.0,1.0,4.302,1.0,5.0,7,141.8934480113655,284.1669175236383,pobre,basal,6,1000.0,592.0,1.0,32.0,11,434,22946,4,1.0
97,0.0,1.0,4.302,1.0,2.0,7,141.8934480113655,284.1669175236383,pobre,basal,6,1000.0,592.0,1.0,32.0,8,434,22947,2,1.0
98,0.0,1.0,4.302,1.0,3.0,7,141.8934480113655,284.1669175236383,pobre,basal,6,1000.0,592.0,1.0,32.0,9,434,22947,2,1.0
97,0.0,1.0,4.302,1.0,0.0,7,141.8934480113655,284.1669175236383,pobre,basal,6,1000.0,592.0,1.0,32.0,6,434,22948,0,1.0
98,0.0,1.0,4.302,1.0,1.0,7,141.8934480113655,284.1669175236383,pobre,basal,6,1000.0,592.0,1.0,32.0,7,434,22948,0,1.0
97,0.0,1.0,4.302,1.0,7.0,4,141.8934480113655,284.1669175236383,pobre,basal,4,625.0,707.0,1.0,39.0,14,434,22949,7,1.0
98,0.0,1.0,4.302,,,4,141.8934480113655,284.1669175236383,pobre,basal,4,625.0,707.0,1.0,39.0,15,434,22949,7,1.0
97,1.0,1.0,4.302,1.0,5.0,4,141.8934480113655,284.1669175236383,pobre,basal,4,625.0,707.0,1.0,39.0,11,434,22950,5,1.0
98,1.0,1.0,4.302,,,4,141.8934480113655,284.1669175236383,pobre,basal,4,625.0,707.0,1.0,39.0,12,434,22950,5,1.0
97,0.0,1.0,4.302,1.0,3.0,6,141.8934480113655,284.1669175236383,pobre,basal,0,0.0,632.0,1.0,82.0,13,434,22951,3,1.0
98,0.0,1.0,4.302,1.0,4.0,6,141.8934480113655,284.1669175236383,pobre,basal,0,0.0,632.0,1.0,82.0,14,434,22951,3,1.0
97,1.0,1.0,4.302,1.0,2.0,6,141.8934480113655,284.1669175236383,pobre,basal,0,0.0,632.0,1.0,82.0,10,434,22952,2,1.0
98,1.0,1.0,4.302,1.0,3.0,6,141.8934480113655,284.1669175236383,pobre,basal,0,0.0,632.0,1.0,82.0,11,434,22952,2,1.0
97,0.0,1.0,4.302,1.0,8.0,6,141.8934480113655,284.1669175236383,pobre,basal,2,625.0,797.0,1.0,57.0,16,434,22953,8,1.0
98,0.0,1.0,4.302,0.0,9.0,6,141.8934480113655,284.1669175236383,pobre,basal,2,625.0,797.0,1.0,57.0,17,434,22953,8,1.0
97,0.0,1.0,4.302,1.0,0.0,6,141.8934480113655,284.1669175236383,pobre,basal,2,625.0,797.0,1.0,57.0,7,434,22954,0,1.0
98,0.0,1.0,4.302,1.0,1.0,6,141.8934480113655,284.1669175236383,pobre,basal,2,625.0,797.0,1.0,57.0,8,434,22954,0,1.0
97,1.0,0.0,4.152,0.0,9.0,5,52.27688165081197,75.3069717543874,no pobre,0,3,750.0,1092.0,1.0,54.0,16,477,22955,9,0.0
98,1.0,0.0,4.152,,,5,52.27688165081197,75.3069717543874,no pobre,0,3,750.0,1092.0,1.0,54.0,17,477,22955,9,0.0
97,1.0,0.0,4.152,0.0,6.0,5,52.27688165081197,75.3069717543874,no pobre,0,3,750.0,1092.0,1.0,54.0,14,477,22956,6,0.0
98,1.0,0.0,4.152,0.0,6.0,5,52.27688165081197,75.3069717543874,no pobre,0,3,750.0,1092.0,1.0,54.0,15,477,22956,6,0.0
97,0.0,0.0,4.152,1.0,1.0,5,52.27688165081197,75.3069717543874,no pobre,0,3,750.0,1092.0,1.0,54.0,9,477,22957,1,1.0
98,0.0,0.0,4.152,1.0,2.0,5,52.27688165081197,75.3069717543874,no pobre,0,3,750.0,1092.0,1.0,54.0,10,477,22957,1,1.0
97,0.0,1.0,0.73799998,0.0,6.0,8,142.1629291311248,296.7033680456113,pobre,basal,0,500.0,640.0,1.0,52.0,15,433,22958,6,0.0
98,0.0,1.0,0.73799998,,,8,142.1629291311248,296.7033680456113,pobre,basal,0,500.0,640.0,1.0,52.0,16,433,22958,6,0.0
97,1.0,1.0,0.73799998,1.0,8.0,8,142.1629291311248,296.7033680456113,pobre,basal,0,500.0,640.0,1.0,52.0,15,433,22959,8,1.0
98,1.0,1.0,0.73799998,0.0,9.0,8,142.1629291311248,296.7033680456113,pobre,basal,0,500.0,640.0,1.0,52.0,16,433,22959,8,1.0
97,0.0,1.0,0.73799998,0.0,6.0,8,142.1629291311248,296.7033680456113,pobre,basal,0,500.0,640.0,1.0,52.0,12,433,22960,6,0.0
98,0.0,1.0,0.73799998,0.0,6.0,8,142.1629291311248,296.7033680456113,pobre,basal,0,500.0,640.0,1.0,52.0,13,433,22960,6,0.0
97,1.0,1.0,0.73799998,1.0,4.0,8,142.1629291311248,296.7033680456113,pobre,basal,0,500.0,640.0,1.0,52.0,10,433,22961,4,1.0
98,1.0,1.0,0.73799998,1.0,5.0,8,142.1629291311248,296.7033680456113,pobre,basal,0,500.0,640.0,1.0,52.0,11,433,22961,4,1.0
97,1.0,1.0,0.73799998,1.0,2.0,8,142.1629291311248,296.7033680456113,pobre,basal,0,500.0,640.0,1.0,52.0,8,433,22962,2,1.0
98,1.0,1.0,0.73799998,1.0,2.0,8,142.1629291311248,296.7033680456113,pobre,basal,0,500.0,640.0,1.0,52.0,9,433,22962,2,1.0
97,0.0,1.0,9.8219995,1.0,1.0,9,139.8365600527414,139.8365600527414,pobre,0,0,416.66666,580.40002,1.0,66.0,10,20,22963,1,1.0
98,0.0,1.0,9.8219995,1.0,2.0,9,139.8365600527414,139.8365600527414,pobre,0,0,416.66666,580.40002,1.0,66.0,11,20,22963,1,1.0
97,0.0,1.0,9.8219995,1.0,0.0,9,139.8365600527414,139.8365600527414,pobre,0,0,416.66666,580.40002,1.0,66.0,7,20,22964,0,1.0
98,0.0,1.0,9.8219995,1.0,1.0,9,139.8365600527414,139.8365600527414,pobre,0,0,416.66666,580.40002,1.0,66.0,8,20,22964,0,1.0
97,0.0,0.0,9.8219995,1.0,4.0,6,139.8365600527414,139.8365600527414,pobre,0,3,291.66666,545.59998,1.0,39.0,12,20,22965,4,1.0
98,0.0,0.0,9.8219995,1.0,5.0,6,139.8365600527414,139.8365600527414,pobre,0,3,291.66666,545.59998,1.0,39.0,13,20,22965,4,1.0
97,0.0,0.0,9.8219995,1.0,3.0,6,139.8365600527414,139.8365600527414,pobre,0,3,291.66666,545.59998,1.0,39.0,10,20,22966,3,1.0
98,0.0,0.0,9.8219995,1.0,4.0,6,139.8365600527414,139.8365600527414,pobre,0,3,291.66666,545.59998,1.0,39.0,11,20,22966,3,1.0
97,1.0,0.0,9.8219995,1.0,1.0,6,139.8365600527414,139.8365600527414,pobre,0,3,291.66666,545.59998,1.0,39.0,8,20,22967,1,1.0
98,1.0,0.0,9.8219995,1.0,1.0,6,139.8365600527414,139.8365600527414,pobre,0,3,291.66666,545.59998,1.0,39.0,9,20,22967,1,1.0
97,0.0,1.0,9.8219995,1.0,3.0,7,139.8365600527414,139.8365600527414,pobre,0,0,250.0,546.33002,1.0,53.0,10,20,22968,3,1.0
98,0.0,1.0,9.8219995,1.0,4.0,7,139.8365600527414,139.8365600527414,pobre,0,0,250.0,546.33002,1.0,53.0,11,20,22968,3,1.0
97,0.0,1.0,9.8219995,1.0,2.0,7,139.8365600527414,139.8365600527414,pobre,0,0,250.0,546.33002,1.0,53.0,8,20,22969,2,1.0
98,0.0,1.0,9.8219995,1.0,3.0,7,139.8365600527414,139.8365600527414,pobre,0,0,250.0,546.33002,1.0,53.0,9,20,22969,2,1.0
97,1.0,1.0,9.8219995,0.0,6.0,4,139.8365600527414,139.8365600527414,pobre,0,0,125.0,616.0,1.0,62.0,16,20,22970,6,0.0
98,1.0,1.0,9.8219995,,,4,139.8365600527414,139.8365600527414,pobre,0,0,125.0,616.0,1.0,62.0,17,20,22970,6,0.0
97,0.0,1.0,9.8219995,0.0,6.0,4,139.8365600527414,139.8365600527414,pobre,0,0,125.0,616.0,1.0,62.0,15,20,22971,6,0.0
98,0.0,1.0,9.8219995,0.0,6.0,4,139.8365600527414,139.8365600527414,pobre,0,0,125.0,616.0,1.0,62.0,16,20,22971,6,0.0
97,1.0,1.0,9.8219995,1.0,4.0,6,139.8365600527414,139.8365600527414,pobre,0,0,175.0,575.0,1.0,64.0,15,20,22972,4,1.0
98,1.0,1.0,9.8219995,1.0,5.0,6,139.8365600527414,139.8365600527414,pobre,0,0,175.0,575.0,1.0,64.0,16,20,22972,4,1.0
97,0.0,1.0,9.8219995,1.0,1.0,6,139.8365600527414,139.8365600527414,pobre,0,0,175.0,575.0,1.0,64.0,10,20,22973,1,1.0
98,0.0,1.0,9.8219995,1.0,2.0,6,139.8365600527414,139.8365600527414,pobre,0,0,175.0,575.0,1.0,64.0,11,20,22973,1,1.0
97,0.0,1.0,9.8219995,1.0,4.0,6,139.8365600527414,139.8365600527414,pobre,0,0,175.0,575.0,1.0,64.0,9,20,22974,4,1.0
98,0.0,1.0,9.8219995,1.0,5.0,6,139.8365600527414,139.8365600527414,pobre,0,0,175.0,575.0,1.0,64.0,10,20,22974,4,1.0
97,1.0,1.0,9.8219995,1.0,4.0,11,139.8365600527414,139.8365600527414,pobre,0,0,500.0,500.67001,1.0,48.0,15,20,22975,4,1.0
98,1.0,1.0,9.8219995,,,11,139.8365600527414,139.8365600527414,pobre,0,0,500.0,500.67001,1.0,48.0,16,20,22975,4,1.0
97,1.0,1.0,9.8219995,1.0,2.0,11,139.8365600527414,139.8365600527414,pobre,0,0,500.0,500.67001,1.0,48.0,12,20,22976,2,1.0
98,1.0,1.0,9.8219995,1.0,3.0,11,139.8365600527414,139.8365600527414,pobre,0,0,500.0,500.67001,1.0,48.0,13,20,22976,2,1.0
97,1.0,1.0,9.8219995,1.0,3.0,11,139.8365600527414,139.8365600527414,pobre,0,0,500.0,500.67001,1.0,48.0,10,20,22977,3,1.0
98,1.0,1.0,9.8219995,1.0,4.0,11,139.8365600527414,139.8365600527414,pobre,0,0,500.0,500.67001,1.0,48.0,11,20,22977,3,1.0
97,0.0,1.0,9.8219995,1.0,1.0,11,139.8365600527414,139.8365600527414,pobre,0,0,500.0,500.67001,1.0,48.0,8,20,22978,1,1.0
98,0.0,1.0,9.8219995,1.0,2.0,11,139.8365600527414,139.8365600527414,pobre,0,0,500.0,500.67001,1.0,48.0,9,20,22978,1,1.0
97,0.0,1.0,9.8219995,1.0,8.0,11,139.8365600527414,139.8365600527414,pobre,0,0,500.0,500.67001,1.0,48.0,13,20,22979,8,1.0
98,0.0,1.0,9.8219995,,,11,139.8365600527414,139.8365600527414,pobre,0,0,500.0,500.67001,1.0,48.0,14,20,22979,8,1.0
97,1.0,1.0,9.8219995,1.0,0.0,11,139.8365600527414,139.8365600527414,pobre,0,0,500.0,500.67001,1.0,48.0,8,20,22980,0,1.0
98,1.0,1.0,9.8219995,,,11,139.8365600527414,139.8365600527414,pobre,0,0,500.0,500.67001,1.0,48.0,9,20,22980,0,1.0
97,1.0,1.0,9.8219995,1.0,6.0,9,139.8365600527414,139.8365600527414,pobre,0,0,175.0,547.14001,1.0,51.0,14,20,22981,6,1.0
98,1.0,1.0,9.8219995,0.0,6.0,9,139.8365600527414,139.8365600527414,pobre,0,0,175.0,547.14001,1.0,51.0,15,20,22981,6,1.0
97,0.0,1.0,9.8219995,1.0,5.0,9,139.8365600527414,139.8365600527414,pobre,0,0,175.0,547.14001,1.0,51.0,12,20,22982,5,1.0
98,0.0,1.0,9.8219995,0.0,6.0,9,139.8365600527414,139.8365600527414,pobre,0,0,175.0,547.14001,1.0,51.0,13,20,22982,5,1.0
97,0.0,1.0,9.8219995,1.0,3.0,9,139.8365600527414,139.8365600527414,pobre,0,0,175.0,547.14001,1.0,51.0,11,20,22983,3,1.0
98,0.0,1.0,9.8219995,1.0,3.0,9,139.8365600527414,139.8365600527414,pobre,0,0,175.0,547.14001,1.0,51.0,12,20,22983,3,1.0
97,1.0,1.0,9.8219995,1.0,8.0,6,139.8365600527414,139.8365600527414,pobre,0,4,466.66666,603.0,0.0,66.0,16,20,22984,8,1.0
98,1.0,1.0,9.8219995,,,6,139.8365600527414,139.8365600527414,pobre,0,4,466.66666,603.0,0.0,66.0,17,20,22984,8,1.0
97,1.0,1.0,9.8219995,1.0,6.0,6,139.8365600527414,139.8365600527414,pobre,0,4,466.66666,603.0,0.0,66.0,14,20,22985,6,1.0
98,1.0,1.0,9.8219995,1.0,7.0,6,139.8365600527414,139.8365600527414,pobre,0,4,466.66666,603.0,0.0,66.0,15,20,22985,6,1.0
97,1.0,1.0,9.8219995,1.0,6.0,6,139.8365600527414,139.8365600527414,pobre,0,4,466.66666,603.0,0.0,66.0,11,20,22986,6,1.0
98,1.0,1.0,9.8219995,1.0,7.0,6,139.8365600527414,139.8365600527414,pobre,0,4,466.66666,603.0,0.0,66.0,12,20,22986,6,1.0
97,1.0,1.0,9.8219995,1.0,4.0,8,139.8365600527414,139.8365600527414,pobre,0,0,500.0,576.0,1.0,59.0,14,20,22987,4,1.0
98,1.0,1.0,9.8219995,1.0,,8,139.8365600527414,139.8365600527414,pobre,0,0,500.0,576.0,1.0,59.0,15,20,22987,4,1.0
97,0.0,1.0,9.8219995,1.0,0.0,8,139.8365600527414,139.8365600527414,pobre,0,0,500.0,576.0,1.0,59.0,7,20,22988,0,1.0
98,0.0,1.0,9.8219995,1.0,1.0,8,139.8365600527414,139.8365600527414,pobre,0,0,500.0,576.0,1.0,59.0,8,20,22988,0,1.0
97,1.0,1.0,9.8219995,1.0,0.0,8,139.8365600527414,139.8365600527414,pobre,0,0,500.0,576.0,1.0,59.0,6,20,22989,0,1.0
98,1.0,1.0,9.8219995,1.0,1.0,8,139.8365600527414,139.8365600527414,pobre,0,0,500.0,576.0,1.0,59.0,7,20,22989,0,1.0
97,1.0,1.0,9.8219995,1.0,3.0,9,139.8365600527414,139.8365600527414,pobre,0,5,500.0,580.75,1.0,22.0,11,20,22990,3,1.0
98,1.0,1.0,9.8219995,1.0,4.0,9,139.8365600527414,139.8365600527414,pobre,0,5,500.0,580.75,1.0,22.0,12,20,22990,3,1.0
97,1.0,1.0,9.8219995,1.0,1.0,9,139.8365600527414,139.8365600527414,pobre,0,5,500.0,580.75,1.0,22.0,10,20,22991,1,1.0
98,1.0,1.0,9.8219995,1.0,1.0,9,139.8365600527414,139.8365600527414,pobre,0,5,500.0,580.75,1.0,22.0,11,20,22991,1,1.0
97,0.0,1.0,9.8219995,,0.0,9,139.8365600527414,139.8365600527414,pobre,0,5,500.0,580.75,1.0,22.0,8,20,22992,0,
98,0.0,1.0,9.8219995,1.0,1.0,9,139.8365600527414,139.8365600527414,pobre,0,5,500.0,580.75,1.0,22.0,9,20,22992,0,
97,1.0,1.0,9.8219995,1.0,5.0,9,139.8365600527414,139.8365600527414,pobre,0,5,500.0,580.75,1.0,22.0,15,20,22993,5,1.0
98,1.0,1.0,9.8219995,1.0,6.0,9,139.8365600527414,139.8365600527414,pobre,0,5,500.0,580.75,1.0,22.0,16,20,22993,5,1.0
97,1.0,1.0,9.8219995,1.0,1.0,9,139.8365600527414,139.8365600527414,pobre,0,5,500.0,580.75,1.0,22.0,8,20,22994,1,1.0
98,1.0,1.0,9.8219995,1.0,1.0,9,139.8365600527414,139.8365600527414,pobre,0,5,500.0,580.75,1.0,22.0,9,20,22994,1,1.0
97,1.0,1.0,9.8219995,1.0,10.0,6,139.8365600527414,139.8365600527414,pobre,0,0,500.0,699.01001,1.0,42.0,16,20,22995,10,1.0
98,1.0,1.0,9.8219995,,,6,139.8365600527414,139.8365600527414,pobre,0,0,500.0,699.01001,1.0,42.0,17,20,22995,10,1.0
97,1.0,1.0,9.8219995,1.0,8.0,6,139.8365600527414,139.8365600527414,pobre,0,0,500.0,699.01001,1.0,42.0,13,20,22996,8,1.0
98,1.0,1.0,9.8219995,1.0,9.0,6,139.8365600527414,139.8365600527414,pobre,0,0,500.0,699.01001,1.0,42.0,14,20,22996,8,1.0
97,1.0,1.0,9.8219995,1.0,6.0,6,139.8365600527414,139.8365600527414,pobre,0,0,500.0,699.01001,1.0,42.0,11,20,22997,6,1.0
98,1.0,1.0,9.8219995,1.0,7.0,6,139.8365600527414,139.8365600527414,pobre,0,0,500.0,699.01001,1.0,42.0,12,20,22997,6,1.0
97,1.0,1.0,9.8219995,,6.0,7,139.8365600527414,139.8365600527414,pobre,0,7,500.0,605.20001,1.0,38.0,15,20,22998,6,
98,1.0,1.0,9.8219995,0.0,6.0,7,139.8365600527414,139.8365600527414,pobre,0,7,500.0,605.20001,1.0,38.0,16,20,22998,6,
97,1.0,1.0,9.8219995,,4.0,7,139.8365600527414,139.8365600527414,pobre,0,7,500.0,605.20001,1.0,38.0,14,20,22999,4,
98,1.0,1.0,9.8219995,1.0,5.0,7,139.8365600527414,139.8365600527414,pobre,0,7,500.0,605.20001,1.0,38.0,15,20,22999,4,
97,0.0,1.0,9.8219995,,4.0,7,139.8365600527414,139.8365600527414,pobre,0,7,500.0,605.20001,1.0,38.0,12,20,23000,4,
98,0.0,1.0,9.8219995,1.0,5.0,7,139.8365600527414,139.8365600527414,pobre,0,7,500.0,605.20001,1.0,38.0,13,20,23000,4,
97,0.0,1.0,9.8219995,1.0,1.0,5,139.8365600527414,139.8365600527414,pobre,0,0,500.0,608.5,1.0,39.0,12,20,23001,1,1.0
98,0.0,1.0,9.8219995,1.0,1.0,5,139.8365600527414,139.8365600527414,pobre,0,0,500.0,608.5,1.0,39.0,13,20,23001,1,1.0
97,0.0,1.0,9.8219995,1.0,5.0,9,139.8365600527414,139.8365600527414,pobre,0,6,500.0,520.75,1.0,37.0,12,20,23002,5,1.0
98,0.0,1.0,9.8219995,1.0,6.0,9,139.8365600527414,139.8365600527414,pobre,0,6,500.0,520.75,1.0,37.0,13,20,23002,5,1.0
97,0.0,1.0,9.8219995,1.0,4.0,9,139.8365600527414,139.8365600527414,pobre,0,6,500.0,520.75,1.0,37.0,10,20,23003,4,1.0
98,0.0,1.0,9.8219995,1.0,4.0,9,139.8365600527414,139.8365600527414,pobre,0,6,500.0,520.75,1.0,37.0,11,20,23003,4,1.0
97,0.0,1.0,9.8219995,1.0,1.0,9,139.8365600527414,139.8365600527414,pobre,0,6,500.0,520.75,1.0,37.0,8,20,23004,1,1.0
98,0.0,1.0,9.8219995,1.0,2.0,9,139.8365600527414,139.8365600527414,pobre,0,6,500.0,520.75,1.0,37.0,9,20,23004,1,1.0
97,1.0,1.0,9.8219995,1.0,1.0,9,139.8365600527414,139.8365600527414,pobre,0,6,500.0,520.75,1.0,37.0,7,20,23005,1,1.0
98,1.0,1.0,9.8219995,1.0,2.0,9,139.8365600527414,139.8365600527414,pobre,0,6,500.0,520.75,1.0,37.0,8,20,23005,1,1.0
97,1.0,1.0,9.8219995,1.0,0.0,9,139.8365600527414,139.8365600527414,pobre,0,6,500.0,520.75,1.0,37.0,6,20,23006,0,1.0
98,1.0,1.0,9.8219995,1.0,0.0,9,139.8365600527414,139.8365600527414,pobre,0,6,500.0,520.75,1.0,37.0,7,20,23006,0,1.0
97,1.0,1.0,9.8219995,1.0,5.0,8,139.8365600527414,139.8365600527414,pobre,0,6,166.66667,487.0,1.0,41.0,12,20,23007,5,1.0
98,1.0,1.0,9.8219995,1.0,6.0,8,139.8365600527414,139.8365600527414,pobre,0,6,166.66667,487.0,1.0,41.0,13,20,23007,5,1.0
97,1.0,1.0,9.8219995,1.0,3.0,8,139.8365600527414,139.8365600527414,pobre,0,6,166.66667,487.0,1.0,41.0,9,20,23008,3,1.0
98,1.0,1.0,9.8219995,1.0,4.0,8,139.8365600527414,139.8365600527414,pobre,0,6,166.66667,487.0,1.0,41.0,10,20,23008,3,1.0
97,1.0,1.0,9.8219995,1.0,0.0,8,139.8365600527414,139.8365600527414,pobre,0,6,166.66667,487.0,1.0,41.0,6,20,23009,0,1.0
98,1.0,1.0,9.8219995,1.0,0.0,8,139.8365600527414,139.8365600527414,pobre,0,6,166.66667,487.0,1.0,41.0,7,20,23009,0,1.0
97,0.0,1.0,9.8219995,0.0,6.0,9,139.8365600527414,139.8365600527414,pobre,0,0,416.66666,544.5,1.0,40.0,14,20,23010,6,0.0
98,0.0,1.0,9.8219995,0.0,6.0,9,139.8365600527414,139.8365600527414,pobre,0,0,416.66666,544.5,1.0,40.0,15,20,23010,6,0.0
97,0.0,1.0,9.8219995,1.0,4.0,9,139.8365600527414,139.8365600527414,pobre,0,0,416.66666,544.5,1.0,40.0,11,20,23011,4,1.0
98,0.0,1.0,9.8219995,1.0,5.0,9,139.8365600527414,139.8365600527414,pobre,0,0,416.66666,544.5,1.0,40.0,12,20,23011,4,1.0
97,1.0,1.0,9.8219995,1.0,3.0,9,139.8365600527414,139.8365600527414,pobre,0,0,416.66666,544.5,1.0,40.0,9,20,23012,3,1.0
98,1.0,1.0,9.8219995,1.0,4.0,9,139.8365600527414,139.8365600527414,pobre,0,0,416.66666,544.5,1.0,40.0,10,20,23012,3,1.0
97,0.0,1.0,9.8219995,1.0,2.0,9,139.8365600527414,139.8365600527414,pobre,0,0,416.66666,544.5,1.0,40.0,7,20,23013,2,1.0
98,0.0,1.0,9.8219995,1.0,1.0,9,139.8365600527414,139.8365600527414,pobre,0,0,416.66666,544.5,1.0,40.0,8,20,23013,2,1.0
97,1.0,1.0,9.8219995,,0.0,9,139.8365600527414,139.8365600527414,pobre,0,0,416.66666,544.5,1.0,40.0,12,20,23014,0,
98,1.0,1.0,9.8219995,1.0,1.0,9,139.8365600527414,139.8365600527414,pobre,0,0,416.66666,544.5,1.0,40.0,13,20,23014,0,
97,1.0,1.0,9.8219995,1.0,8.0,10,139.8365600527414,139.8365600527414,pobre,0,0,0.0,446.0,1.0,46.0,15,20,23015,8,1.0
98,1.0,1.0,9.8219995,1.0,8.0,10,139.8365600527414,139.8365600527414,pobre,0,0,0.0,446.0,1.0,46.0,16,20,23015,8,1.0
97,1.0,1.0,9.8219995,1.0,6.0,10,139.8365600527414,139.8365600527414,pobre,0,0,0.0,446.0,1.0,46.0,13,20,23016,6,1.0
98,1.0,1.0,9.8219995,,,10,139.8365600527414,139.8365600527414,pobre,0,0,0.0,446.0,1.0,46.0,14,20,23016,6,1.0
97,1.0,1.0,9.8219995,1.0,4.0,10,139.8365600527414,139.8365600527414,pobre,0,0,0.0,446.0,1.0,46.0,11,20,23017,4,1.0
98,1.0,1.0,9.8219995,1.0,5.0,10,139.8365600527414,139.8365600527414,pobre,0,0,0.0,446.0,1.0,46.0,12,20,23017,4,1.0
97,1.0,1.0,9.8219995,1.0,3.0,10,139.8365600527414,139.8365600527414,pobre,0,0,0.0,446.0,1.0,46.0,11,20,23018,3,1.0
98,1.0,1.0,9.8219995,1.0,3.0,10,139.8365600527414,139.8365600527414,pobre,0,0,0.0,446.0,1.0,46.0,12,20,23018,3,1.0
97,0.0,1.0,9.8219995,1.0,1.0,10,139.8365600527414,139.8365600527414,pobre,0,0,0.0,446.0,1.0,46.0,9,20,23019,1,1.0
98,0.0,1.0,9.8219995,1.0,2.0,10,139.8365600527414,139.8365600527414,pobre,0,0,0.0,446.0,1.0,46.0,10,20,23019,1,1.0
97,1.0,1.0,9.8219995,1.0,6.0,11,139.8365600527414,139.8365600527414,pobre,0,6,83.333336,396.0,1.0,36.0,16,20,23020,6,1.0
98,1.0,1.0,9.8219995,1.0,3.0,11,139.8365600527414,139.8365600527414,pobre,0,6,83.333336,396.0,1.0,36.0,17,20,23020,6,1.0
97,1.0,1.0,9.8219995,1.0,2.0,11,139.8365600527414,139.8365600527414,pobre,0,6,83.333336,396.0,1.0,36.0,12,20,23021,2,1.0
98,1.0,1.0,9.8219995,1.0,3.0,11,139.8365600527414,139.8365600527414,pobre,0,6,83.333336,396.0,1.0,36.0,13,20,23021,2,1.0
97,1.0,1.0,9.8219995,1.0,4.0,11,139.8365600527414,139.8365600527414,pobre,0,6,83.333336,396.0,1.0,36.0,11,20,23022,4,1.0
98,1.0,1.0,9.8219995,1.0,5.0,11,139.8365600527414,139.8365600527414,pobre,0,6,83.333336,396.0,1.0,36.0,12,20,23022,4,1.0
97,0.0,1.0,9.8219995,1.0,3.0,11,139.8365600527414,139.8365600527414,pobre,0,6,83.333336,396.0,1.0,36.0,9,20,23023,3,1.0
98,0.0,1.0,9.8219995,1.0,3.0,11,139.8365600527414,139.8365600527414,pobre,0,6,83.333336,396.0,1.0,36.0,10,20,23023,3,1.0
97,0.0,1.0,9.8219995,1.0,1.0,11,139.8365600527414,139.8365600527414,pobre,0,6,83.333336,396.0,1.0,36.0,7,20,23024,1,1.0
98,0.0,1.0,9.8219995,1.0,2.0,11,139.8365600527414,139.8365600527414,pobre,0,6,83.333336,396.0,1.0,36.0,8,20,23024,1,1.0
97,1.0,1.0,9.8219995,1.0,0.0,11,139.8365600527414,139.8365600527414,pobre,0,6,83.333336,396.0,1.0,36.0,6,20,23025,0,1.0
98,1.0,1.0,9.8219995,1.0,0.0,11,139.8365600527414,139.8365600527414,pobre,0,6,83.333336,396.0,1.0,36.0,7,20,23025,0,1.0
97,1.0,1.0,9.8219995,1.0,2.0,8,139.8365600527414,139.8365600527414,pobre,0,8,241.66667,578.66998,1.0,30.0,9,20,23026,2,1.0
98,1.0,1.0,9.8219995,1.0,3.0,8,139.8365600527414,139.8365600527414,pobre,0,8,241.66667,578.66998,1.0,30.0,10,20,23026,2,1.0
97,0.0,1.0,9.8219995,1.0,2.0,8,139.8365600527414,139.8365600527414,pobre,0,8,241.66667,578.66998,1.0,30.0,8,20,23027,2,1.0
98,0.0,1.0,9.8219995,1.0,3.0,8,139.8365600527414,139.8365600527414,pobre,0,8,241.66667,578.66998,1.0,30.0,9,20,23027,2,1.0
97,1.0,1.0,9.8219995,1.0,0.0,8,139.8365600527414,139.8365600527414,pobre,0,8,241.66667,578.66998,1.0,30.0,6,20,23028,0,1.0
98,1.0,1.0,9.8219995,1.0,0.0,8,139.8365600527414,139.8365600527414,pobre,0,8,241.66667,578.66998,1.0,30.0,7,20,23028,0,1.0
97,0.0,1.0,9.8219995,1.0,5.0,6,139.8365600527414,139.8365600527414,pobre,0,4,270.83334,535.5,1.0,32.0,11,20,23029,5,1.0
98,0.0,1.0,9.8219995,1.0,5.0,6,139.8365600527414,139.8365600527414,pobre,0,4,270.83334,535.5,1.0,32.0,12,20,23029,5,1.0
97,0.0,1.0,9.8219995,1.0,2.0,6,139.8365600527414,139.8365600527414,pobre,0,4,270.83334,535.5,1.0,32.0,9,20,23030,2,1.0
98,0.0,1.0,9.8219995,1.0,3.0,6,139.8365600527414,139.8365600527414,pobre,0,4,270.83334,535.5,1.0,32.0,10,20,23030,2,1.0
97,1.0,1.0,9.8219995,1.0,0.0,6,139.8365600527414,139.8365600527414,pobre,0,4,270.83334,535.5,1.0,32.0,6,20,23031,0,1.0
98,1.0,1.0,9.8219995,1.0,0.0,6,139.8365600527414,139.8365600527414,pobre,0,4,270.83334,535.5,1.0,32.0,7,20,23031,0,1.0
97,0.0,1.0,9.8219995,1.0,3.0,5,139.8365600527414,139.8365600527414,pobre,0,6,225.0,576.66998,1.0,30.0,10,20,23032,3,1.0
98,0.0,1.0,9.8219995,1.0,4.0,5,139.8365600527414,139.8365600527414,pobre,0,6,225.0,576.66998,1.0,30.0,11,20,23032,3,1.0
97,1.0,1.0,0.0,1.0,7.0,6,134.7560732061176,285.4250077588848,pobre,basal,5,500.0,735.0,1.0,42.0,13,431,23033,7,1.0
98,1.0,1.0,0.0,1.0,8.0,6,134.7560732061176,285.4250077588848,pobre,basal,5,500.0,735.0,1.0,42.0,14,431,23033,7,1.0
97,1.0,1.0,0.0,1.0,4.0,6,134.7560732061176,285.4250077588848,pobre,basal,5,500.0,735.0,1.0,42.0,12,431,23034,4,1.0
98,1.0,1.0,0.0,1.0,5.0,6,134.7560732061176,285.4250077588848,pobre,basal,5,500.0,735.0,1.0,42.0,13,431,23034,4,1.0
97,0.0,1.0,0.0,1.0,1.0,6,134.7560732061176,285.4250077588848,pobre,basal,5,500.0,735.0,1.0,42.0,8,431,23035,1,1.0
98,0.0,1.0,0.0,1.0,2.0,6,134.7560732061176,285.4250077588848,pobre,basal,5,500.0,735.0,1.0,42.0,9,431,23035,1,1.0
97,0.0,1.0,0.0,1.0,8.0,5,134.7560732061176,285.4250077588848,pobre,basal,4,500.0,712.0,1.0,51.0,15,431,23036,8,1.0
98,0.0,1.0,0.0,1.0,9.0,5,134.7560732061176,285.4250077588848,pobre,basal,4,500.0,712.0,1.0,51.0,16,431,23036,8,1.0
97,1.0,1.0,4.302,1.0,6.0,5,141.8934480113655,284.1669175236383,pobre,basal,3,625.0,705.0,1.0,46.0,14,434,23037,6,1.0
98,1.0,1.0,4.302,1.0,7.0,5,141.8934480113655,284.1669175236383,pobre,basal,3,625.0,705.0,1.0,46.0,15,434,23037,6,1.0
97,0.0,1.0,4.302,1.0,4.0,5,141.8934480113655,284.1669175236383,pobre,basal,3,625.0,705.0,1.0,46.0,10,434,23038,4,1.0
98,0.0,1.0,4.302,1.0,5.0,5,141.8934480113655,284.1669175236383,pobre,basal,3,625.0,705.0,1.0,46.0,11,434,23038,4,1.0
97,0.0,1.0,4.302,1.0,6.0,6,141.8934480113655,284.1669175236383,pobre,basal,5,625.0,616.0,1.0,38.0,14,434,23039,6,1.0
98,0.0,1.0,4.302,1.0,7.0,6,141.8934480113655,284.1669175236383,pobre,basal,5,625.0,616.0,1.0,38.0,15,434,23039,6,1.0
97,0.0,1.0,4.302,1.0,5.0,6,141.8934480113655,284.1669175236383,pobre,basal,5,625.0,616.0,1.0,38.0,14,434,23040,5,1.0
98,0.0,1.0,4.302,1.0,6.0,6,141.8934480113655,284.1669175236383,pobre,basal,5,625.0,616.0,1.0,38.0,15,434,23040,5,1.0
97,1.0,1.0,4.302,1.0,2.0,6,141.8934480113655,284.1669175236383,pobre,basal,5,625.0,616.0,1.0,38.0,8,434,23041,2,1.0
98,1.0,1.0,4.302,1.0,3.0,6,141.8934480113655,284.1669175236383,pobre,basal,5,625.0,616.0,1.0,38.0,9,434,23041,2,1.0
97,0.0,1.0,4.302,0.0,6.0,9,141.8934480113655,284.1669175236383,pobre,basal,4,625.0,408.0,1.0,40.0,14,434,23042,6,0.0
98,0.0,1.0,4.302,,,9,141.8934480113655,284.1669175236383,pobre,basal,4,625.0,408.0,1.0,40.0,15,434,23042,6,0.0
97,0.0,1.0,4.302,1.0,5.0,9,141.8934480113655,284.1669175236383,pobre,basal,4,625.0,408.0,1.0,40.0,12,434,23043,5,1.0
98,0.0,1.0,4.302,1.0,6.0,9,141.8934480113655,284.1669175236383,pobre,basal,4,625.0,408.0,1.0,40.0,13,434,23043,5,1.0
97,1.0,1.0,4.302,1.0,1.0,9,141.8934480113655,284.1669175236383,pobre,basal,4,625.0,408.0,1.0,40.0,9,434,23044,1,1.0
98,1.0,1.0,4.302,1.0,2.0,9,141.8934480113655,284.1669175236383,pobre,basal,4,625.0,408.0,1.0,40.0,10,434,23044,1,1.0
97,0.0,1.0,4.302,1.0,2.0,9,141.8934480113655,284.1669175236383,pobre,basal,4,625.0,408.0,1.0,40.0,9,434,23045,2,1.0
98,0.0,1.0,4.302,1.0,3.0,9,141.8934480113655,284.1669175236383,pobre,basal,4,625.0,408.0,1.0,40.0,10,434,23045,2,1.0
97,1.0,1.0,4.302,1.0,0.0,9,141.8934480113655,284.1669175236383,pobre,basal,4,625.0,408.0,1.0,40.0,7,434,23046,0,1.0
98,1.0,1.0,4.302,1.0,0.0,9,141.8934480113655,284.1669175236383,pobre,basal,4,625.0,408.0,1.0,40.0,8,434,23046,0,1.0
97,1.0,1.0,4.302,1.0,5.0,9,141.8934480113655,284.1669175236383,pobre,basal,5,625.0,559.0,1.0,32.0,13,434,23047,5,1.0
98,1.0,1.0,4.302,1.0,6.0,9,141.8934480113655,284.1669175236383,pobre,basal,5,625.0,559.0,1.0,32.0,14,434,23047,5,1.0
97,0.0,1.0,4.302,1.0,4.0,9,141.8934480113655,284.1669175236383,pobre,basal,5,625.0,559.0,1.0,32.0,11,434,23048,4,1.0
98,0.0,1.0,4.302,1.0,5.0,9,141.8934480113655,284.1669175236383,pobre,basal,5,625.0,559.0,1.0,32.0,12,434,23048,4,1.0
97,0.0,1.0,4.302,1.0,2.0,9,141.8934480113655,284.1669175236383,pobre,basal,5,625.0,559.0,1.0,32.0,9,434,23049,2,1.0
98,0.0,1.0,4.302,1.0,3.0,9,141.8934480113655,284.1669175236383,pobre,basal,5,625.0,559.0,1.0,32.0,10,434,23049,2,1.0
97,1.0,1.0,4.302,1.0,0.0,9,141.8934480113655,284.1669175236383,pobre,basal,5,625.0,559.0,1.0,32.0,6,434,23050,0,1.0
98,1.0,1.0,4.302,1.0,1.0,9,141.8934480113655,284.1669175236383,pobre,basal,5,625.0,559.0,1.0,32.0,7,434,23050,0,1.0
97,1.0,1.0,4.302,1.0,6.0,8,141.8934480113655,284.1669175236383,pobre,basal,3,500.0,751.0,1.0,59.0,15,434,23051,6,1.0
98,1.0,1.0,4.302,1.0,7.0,8,141.8934480113655,284.1669175236383,pobre,basal,3,500.0,751.0,1.0,59.0,16,434,23051,6,1.0
97,1.0,1.0,4.302,1.0,2.0,8,141.8934480113655,284.1669175236383,pobre,basal,3,500.0,751.0,1.0,59.0,6,434,23052,2,1.0
98,1.0,1.0,4.302,1.0,1.0,8,141.8934480113655,284.1669175236383,pobre,basal,3,500.0,751.0,1.0,59.0,7,434,23052,2,1.0
97,1.0,1.0,1.553,1.0,8.0,3,142.6004863159566,295.8812465320617,pobre,basal,3,375.0,849.5,1.0,57.0,16,432,23053,8,1.0
98,1.0,1.0,1.553,,,3,142.6004863159566,295.8812465320617,pobre,basal,3,375.0,849.5,1.0,57.0,17,432,23053,8,1.0
97,0.0,1.0,0.0,1.0,5.0,8,134.7560732061176,285.4250077588848,pobre,basal,6,500.0,610.0,1.0,45.0,14,431,23054,5,1.0
98,0.0,1.0,0.0,1.0,6.0,8,134.7560732061176,285.4250077588848,pobre,basal,6,500.0,610.0,1.0,45.0,15,431,23054,5,1.0
97,1.0,1.0,0.0,1.0,4.0,8,134.7560732061176,285.4250077588848,pobre,basal,6,500.0,610.0,1.0,45.0,13,431,23055,4,1.0
98,1.0,1.0,0.0,1.0,5.0,8,134.7560732061176,285.4250077588848,pobre,basal,6,500.0,610.0,1.0,45.0,14,431,23055,4,1.0
97,1.0,1.0,0.0,1.0,3.0,8,134.7560732061176,285.4250077588848,pobre,basal,6,500.0,610.0,1.0,45.0,11,431,23056,3,1.0
98,1.0,1.0,0.0,1.0,3.0,8,134.7560732061176,285.4250077588848,pobre,basal,6,500.0,610.0,1.0,45.0,12,431,23056,3,1.0
97,0.0,1.0,0.0,1.0,2.0,8,134.7560732061176,285.4250077588848,pobre,basal,6,500.0,610.0,1.0,45.0,9,431,23057,2,1.0
98,0.0,1.0,0.0,1.0,3.0,8,134.7560732061176,285.4250077588848,pobre,basal,6,500.0,610.0,1.0,45.0,10,431,23057,2,1.0
97,1.0,1.0,0.0,1.0,3.0,5,134.7560732061176,285.4250077588848,no pobre,basal,5,500.0,912.0,1.0,53.0,10,431,23058,3,1.0
98,1.0,1.0,0.0,1.0,4.0,5,134.7560732061176,285.4250077588848,no pobre,basal,5,500.0,912.0,1.0,53.0,11,431,23058,3,1.0
97,1.0,1.0,0.0,1.0,6.0,6,134.7560732061176,285.4250077588848,pobre,basal,6,500.0,775.0,1.0,33.0,12,431,23059,6,1.0
98,1.0,1.0,0.0,1.0,7.0,6,134.7560732061176,285.4250077588848,pobre,basal,6,500.0,775.0,1.0,33.0,13,431,23059,6,1.0
97,0.0,1.0,0.0,1.0,4.0,6,134.7560732061176,285.4250077588848,pobre,basal,6,500.0,775.0,1.0,33.0,10,431,23060,4,1.0
98,0.0,1.0,0.0,1.0,5.0,6,134.7560732061176,285.4250077588848,pobre,basal,6,500.0,775.0,1.0,33.0,11,431,23060,4,1.0
97,0.0,1.0,0.0,1.0,2.0,6,134.7560732061176,285.4250077588848,pobre,basal,6,500.0,775.0,1.0,33.0,8,431,23061,2,1.0
98,0.0,1.0,0.0,1.0,3.0,6,134.7560732061176,285.4250077588848,pobre,basal,6,500.0,775.0,1.0,33.0,9,431,23061,2,1.0
97,0.0,1.0,0.0,0.0,9.0,9,134.7560732061176,285.4250077588848,pobre,basal,6,500.0,566.0,1.0,39.0,16,431,23062,9,0.0
98,0.0,1.0,0.0,,,9,134.7560732061176,285.4250077588848,pobre,basal,6,500.0,566.0,1.0,39.0,17,431,23062,9,0.0
97,0.0,1.0,0.0,1.0,7.0,9,134.7560732061176,285.4250077588848,pobre,basal,6,500.0,566.0,1.0,39.0,14,431,23063,7,1.0
98,0.0,1.0,0.0,1.0,8.0,9,134.7560732061176,285.4250077588848,pobre,basal,6,500.0,566.0,1.0,39.0,15,431,23063,7,1.0
97,1.0,1.0,0.0,1.0,4.0,9,134.7560732061176,285.4250077588848,pobre,basal,6,500.0,566.0,1.0,39.0,11,431,23064,4,1.0
98,1.0,1.0,0.0,1.0,5.0,9,134.7560732061176,285.4250077588848,pobre,basal,6,500.0,566.0,1.0,39.0,12,431,23064,4,1.0
97,1.0,1.0,0.0,1.0,1.0,9,134.7560732061176,285.4250077588848,pobre,basal,6,500.0,566.0,1.0,39.0,8,431,23065,1,1.0
98,1.0,1.0,0.0,1.0,2.0,9,134.7560732061176,285.4250077588848,pobre,basal,6,500.0,566.0,1.0,39.0,9,431,23065,1,1.0
97,0.0,1.0,0.0,1.0,0.0,9,134.7560732061176,285.4250077588848,pobre,basal,6,500.0,566.0,1.0,39.0,6,431,23066,0,1.0
98,0.0,1.0,0.0,1.0,1.0,9,134.7560732061176,285.4250077588848,pobre,basal,6,500.0,566.0,1.0,39.0,7,431,23066,0,1.0
97,0.0,1.0,0.0,1.0,4.0,10,134.7560732061176,285.4250077588848,pobre,basal,0,500.0,659.0,1.0,54.0,13,431,23067,4,1.0
98,0.0,1.0,0.0,1.0,5.0,10,134.7560732061176,285.4250077588848,pobre,basal,0,500.0,659.0,1.0,54.0,14,431,23067,4,1.0
97,0.0,1.0,0.0,1.0,3.0,10,134.7560732061176,285.4250077588848,pobre,basal,0,500.0,659.0,1.0,54.0,11,431,23068,3,1.0
98,0.0,1.0,0.0,1.0,4.0,10,134.7560732061176,285.4250077588848,pobre,basal,0,500.0,659.0,1.0,54.0,12,431,23068,3,1.0
97,0.0,1.0,0.0,1.0,2.0,10,134.7560732061176,285.4250077588848,pobre,basal,0,500.0,659.0,1.0,54.0,8,431,23069,2,1.0
98,0.0,1.0,0.0,1.0,2.0,10,134.7560732061176,285.4250077588848,pobre,basal,0,500.0,659.0,1.0,54.0,9,431,23069,2,1.0
97,0.0,0.0,3.3399999,0.0,6.0,6,134.8632117453186,294.006768656868,pobre,basal,6,625.0,770.0,1.0,37.0,14,424,23070,6,0.0
98,0.0,0.0,3.3399999,0.0,7.0,6,134.8632117453186,294.006768656868,pobre,basal,6,625.0,770.0,1.0,37.0,15,424,23070,6,0.0
97,1.0,0.0,3.3399999,0.0,6.0,6,134.8632117453186,294.006768656868,pobre,basal,6,625.0,770.0,1.0,37.0,12,424,23071,6,0.0
98,1.0,0.0,3.3399999,1.0,6.0,6,134.8632117453186,294.006768656868,pobre,basal,6,625.0,770.0,1.0,37.0,13,424,23071,6,0.0
97,0.0,0.0,3.3399999,1.0,1.0,5,134.8632117453186,294.006768656868,pobre,basal,8,500.0,693.0,1.0,35.0,8,424,23072,1,1.0
98,0.0,0.0,3.3399999,1.0,2.0,5,134.8632117453186,294.006768656868,pobre,basal,8,500.0,693.0,1.0,35.0,9,424,23072,1,1.0
97,1.0,1.0,14.282,0.0,1.0,11,162.9390694830085,162.9390694830085,pobre,basal,0,0.0,583.83002,1.0,49.0,13,23,23073,1,0.0
98,1.0,1.0,14.282,1.0,2.0,11,162.9390694830085,162.9390694830085,pobre,basal,0,0.0,583.83002,1.0,49.0,14,23,23073,1,0.0
97,1.0,1.0,14.282,1.0,1.0,11,162.9390694830085,162.9390694830085,pobre,basal,0,0.0,583.83002,1.0,49.0,11,23,23074,1,1.0
98,1.0,1.0,14.282,1.0,2.0,11,162.9390694830085,162.9390694830085,pobre,basal,0,0.0,583.83002,1.0,49.0,12,23,23074,1,1.0
97,0.0,1.0,14.282,1.0,1.0,11,162.9390694830085,162.9390694830085,pobre,basal,0,0.0,583.83002,1.0,49.0,9,23,23075,1,1.0
98,0.0,1.0,14.282,1.0,1.0,11,162.9390694830085,162.9390694830085,pobre,basal,0,0.0,583.83002,1.0,49.0,10,23,23075,1,1.0
97,1.0,1.0,14.282,1.0,0.0,11,162.9390694830085,162.9390694830085,pobre,basal,0,0.0,583.83002,1.0,49.0,7,23,23076,0,1.0
98,1.0,1.0,14.282,1.0,1.0,11,162.9390694830085,162.9390694830085,pobre,basal,0,0.0,583.83002,1.0,49.0,8,23,23076,0,1.0
97,0.0,1.0,14.282,1.0,0.0,5,162.9390694830085,162.9390694830085,pobre,basal,0,500.0,592.5,1.0,29.0,7,23,23077,0,1.0
98,0.0,1.0,14.282,1.0,1.0,5,162.9390694830085,162.9390694830085,pobre,basal,0,500.0,592.5,1.0,29.0,8,23,23077,0,1.0
97,1.0,1.0,14.282,1.0,1.0,6,162.9390694830085,162.9390694830085,pobre,basal,0,0.0,586.46997,1.0,35.0,10,23,23078,1,1.0
98,1.0,1.0,14.282,1.0,1.0,6,162.9390694830085,162.9390694830085,pobre,basal,0,0.0,586.46997,1.0,35.0,11,23,23078,1,1.0
97,1.0,1.0,14.282,1.0,1.0,6,162.9390694830085,162.9390694830085,pobre,basal,0,0.0,586.46997,1.0,35.0,8,23,23079,1,1.0
98,1.0,1.0,14.282,1.0,1.0,6,162.9390694830085,162.9390694830085,pobre,basal,0,0.0,586.46997,1.0,35.0,9,23,23079,1,1.0
97,0.0,1.0,14.282,,0.0,6,162.9390694830085,162.9390694830085,pobre,basal,0,0.0,586.46997,1.0,35.0,6,23,23080,0,
98,0.0,1.0,14.282,,,6,162.9390694830085,162.9390694830085,pobre,basal,0,0.0,586.46997,1.0,35.0,7,23,23080,0,
97,0.0,1.0,14.282,,0.0,7,162.9390694830085,162.9390694830085,pobre,basal,0,0.0,546.33002,0.0,40.0,14,23,23081,0,
98,0.0,1.0,14.282,1.0,2.0,7,162.9390694830085,162.9390694830085,pobre,basal,0,0.0,546.33002,0.0,40.0,15,23,23081,0,
97,1.0,1.0,14.282,,0.0,8,162.9390694830085,162.9390694830085,pobre,basal,0,0.0,579.79999,1.0,47.0,16,23,23082,0,
98,1.0,1.0,14.282,,,8,162.9390694830085,162.9390694830085,pobre,basal,0,0.0,579.79999,1.0,47.0,17,23,23082,0,
97,1.0,1.0,14.282,,0.0,8,162.9390694830085,162.9390694830085,pobre,basal,0,0.0,579.79999,1.0,47.0,13,23,23083,0,
98,1.0,1.0,14.282,1.0,3.0,8,162.9390694830085,162.9390694830085,pobre,basal,0,0.0,579.79999,1.0,47.0,14,23,23083,0,
97,0.0,1.0,14.282,,0.0,8,162.9390694830085,162.9390694830085,pobre,basal,0,0.0,579.79999,1.0,47.0,7,23,23084,0,
98,0.0,1.0,14.282,1.0,3.0,8,162.9390694830085,162.9390694830085,pobre,basal,0,0.0,579.79999,1.0,47.0,8,23,23084,0,
97,0.0,1.0,14.282,,0.0,3,162.9390694830085,162.9390694830085,pobre,basal,0,0.0,648.0,1.0,40.0,16,23,23085,0,
98,0.0,1.0,14.282,,,3,162.9390694830085,162.9390694830085,pobre,basal,0,0.0,648.0,1.0,40.0,17,23,23085,0,
97,1.0,1.0,14.282,,0.0,4,162.9390694830085,162.9390694830085,pobre,basal,0,750.0,608.0,1.0,33.0,6,23,23086,0,
98,1.0,1.0,14.282,1.0,1.0,4,162.9390694830085,162.9390694830085,pobre,basal,0,750.0,608.0,1.0,33.0,7,23,23086,0,
97,0.0,1.0,14.282,,0.0,4,162.9390694830085,162.9390694830085,pobre,basal,0,500.0,592.33002,1.0,25.0,11,23,23087,0,
98,0.0,1.0,14.282,,,4,162.9390694830085,162.9390694830085,pobre,basal,0,500.0,592.33002,1.0,25.0,12,23,23087,0,
97,1.0,0.0,3.3399999,1.0,4.0,7,134.8632117453186,294.006768656868,pobre,basal,1,500.0,512.0,1.0,47.0,11,424,23088,4,1.0
98,1.0,0.0,3.3399999,1.0,5.0,7,134.8632117453186,294.006768656868,pobre,basal,1,500.0,512.0,1.0,47.0,12,424,23088,4,1.0
97,0.0,0.0,3.3399999,1.0,1.0,7,134.8632117453186,294.006768656868,pobre,basal,1,500.0,512.0,1.0,47.0,8,424,23089,1,1.0
98,0.0,0.0,3.3399999,1.0,2.0,7,134.8632117453186,294.006768656868,pobre,basal,1,500.0,512.0,1.0,47.0,9,424,23089,1,1.0
97,0.0,0.0,3.3399999,1.0,1.0,7,134.8632117453186,294.006768656868,pobre,basal,1,500.0,512.0,1.0,47.0,7,424,23090,1,1.0
98,0.0,0.0,3.3399999,1.0,1.0,7,134.8632117453186,294.006768656868,pobre,basal,1,500.0,512.0,1.0,47.0,8,424,23090,1,1.0
97,0.0,0.0,3.3399999,1.0,0.0,7,134.8632117453186,294.006768656868,pobre,basal,1,500.0,512.0,1.0,47.0,6,424,23091,0,1.0
98,0.0,0.0,3.3399999,1.0,0.0,7,134.8632117453186,294.006768656868,pobre,basal,1,500.0,512.0,1.0,47.0,7,424,23091,0,1.0
97,1.0,1.0,14.282,1.0,1.0,5,162.9390694830085,162.9390694830085,pobre,basal,0,0.0,553.0,1.0,52.0,16,23,23092,1,1.0
98,1.0,1.0,14.282,,,5,162.9390694830085,162.9390694830085,pobre,basal,0,0.0,553.0,1.0,52.0,17,23,23092,1,1.0
97,0.0,1.0,14.282,1.0,1.0,5,162.9390694830085,162.9390694830085,pobre,basal,0,0.0,553.0,1.0,52.0,11,23,23093,1,1.0
98,0.0,1.0,14.282,1.0,2.0,5,162.9390694830085,162.9390694830085,pobre,basal,0,0.0,553.0,1.0,52.0,12,23,23093,1,1.0
97,1.0,1.0,14.282,,0.0,6,162.9390694830085,162.9390694830085,pobre,basal,0,0.0,564.0,1.0,42.0,10,23,23094,0,
98,1.0,1.0,14.282,1.0,1.0,6,162.9390694830085,162.9390694830085,pobre,basal,0,0.0,564.0,1.0,42.0,11,23,23094,0,
97,1.0,1.0,14.282,,0.0,6,162.9390694830085,162.9390694830085,pobre,basal,0,0.0,564.0,1.0,42.0,6,23,23095,0,
98,1.0,1.0,14.282,1.0,1.0,6,162.9390694830085,162.9390694830085,pobre,basal,0,0.0,564.0,1.0,42.0,7,23,23095,0,
97,1.0,1.0,14.282,1.0,7.0,13,162.9390694830085,162.9390694830085,pobre,basal,0,0.0,494.79999,1.0,35.0,12,23,23096,7,1.0
98,1.0,1.0,14.282,,,13,162.9390694830085,162.9390694830085,pobre,basal,0,0.0,494.79999,1.0,35.0,13,23,23096,7,1.0
97,1.0,1.0,14.282,1.0,4.0,13,162.9390694830085,162.9390694830085,pobre,basal,0,0.0,494.79999,1.0,35.0,9,23,23097,4,1.0
98,1.0,1.0,14.282,,,13,162.9390694830085,162.9390694830085,pobre,basal,0,0.0,494.79999,1.0,35.0,10,23,23097,4,1.0
97,0.0,1.0,14.282,,0.0,13,162.9390694830085,162.9390694830085,pobre,basal,0,0.0,494.79999,1.0,35.0,16,23,23098,0,
98,0.0,1.0,14.282,,,13,162.9390694830085,162.9390694830085,pobre,basal,0,0.0,494.79999,1.0,35.0,17,23,23098,0,
97,0.0,1.0,14.282,0.0,1.0,7,162.9390694830085,162.9390694830085,pobre,basal,0,0.0,569.96997,1.0,50.0,16,23,23099,1,0.0
98,0.0,1.0,14.282,,,7,162.9390694830085,162.9390694830085,pobre,basal,0,0.0,569.96997,1.0,50.0,17,23,23099,1,0.0
97,0.0,0.0,14.282,,0.0,7,162.9390694830085,162.9390694830085,pobre,basal,0,0.0,569.96997,1.0,50.0,10,23,23100,0,
98,0.0,0.0,14.282,1.0,2.0,7,162.9390694830085,162.9390694830085,pobre,basal,0,0.0,569.96997,1.0,50.0,11,23,23100,0,
97,1.0,1.0,14.282,,0.0,7,162.9390694830085,162.9390694830085,pobre,basal,0,0.0,569.96997,1.0,50.0,7,23,23101,0,
98,1.0,1.0,14.282,1.0,1.0,7,162.9390694830085,162.9390694830085,pobre,basal,0,0.0,569.96997,1.0,50.0,8,23,23101,0,
97,0.0,1.0,14.282,,0.0,7,162.9390694830085,162.9390694830085,pobre,basal,0,0.0,569.96997,1.0,50.0,6,23,23102,0,
98,0.0,1.0,14.282,,,7,162.9390694830085,162.9390694830085,pobre,basal,0,0.0,569.96997,1.0,50.0,7,23,23102,0,
97,0.0,0.0,3.3399999,1.0,7.0,6,134.8632117453186,294.006768656868,pobre,basal,3,625.0,793.0,1.0,43.0,14,424,23103,7,1.0
98,0.0,0.0,3.3399999,1.0,7.0,6,134.8632117453186,294.006768656868,pobre,basal,3,625.0,793.0,1.0,43.0,15,424,23103,7,1.0
97,0.0,0.0,3.3399999,1.0,6.0,6,134.8632117453186,294.006768656868,pobre,basal,3,625.0,793.0,1.0,43.0,13,424,23104,6,1.0
98,0.0,0.0,3.3399999,1.0,6.0,6,134.8632117453186,294.006768656868,pobre,basal,3,625.0,793.0,1.0,43.0,14,424,23104,6,1.0
97,1.0,0.0,3.3399999,1.0,2.0,6,134.8632117453186,294.006768656868,pobre,basal,3,625.0,793.0,1.0,43.0,10,424,23105,2,1.0
98,1.0,0.0,3.3399999,1.0,3.0,6,134.8632117453186,294.006768656868,pobre,basal,3,625.0,793.0,1.0,43.0,11,424,23105,2,1.0
97,0.0,0.0,3.3399999,1.0,2.0,6,134.8632117453186,294.006768656868,pobre,basal,3,625.0,793.0,1.0,43.0,8,424,23106,2,1.0
98,0.0,0.0,3.3399999,1.0,2.0,6,134.8632117453186,294.006768656868,pobre,basal,3,625.0,793.0,1.0,43.0,9,424,23106,2,1.0
97,0.0,1.0,14.282,,0.0,8,162.9390694830085,162.9390694830085,pobre,basal,1,0.0,548.0,1.0,35.0,7,23,23107,0,
98,0.0,1.0,14.282,1.0,1.0,8,162.9390694830085,162.9390694830085,pobre,basal,1,0.0,548.0,1.0,35.0,8,23,23107,0,
97,0.0,1.0,14.282,,0.0,8,162.9390694830085,162.9390694830085,pobre,basal,1,0.0,548.0,1.0,35.0,6,23,23108,0,
98,0.0,1.0,14.282,1.0,1.0,8,162.9390694830085,162.9390694830085,pobre,basal,1,0.0,548.0,1.0,35.0,7,23,23108,0,
97,0.0,1.0,3.3399999,1.0,6.0,7,134.8632117453186,294.006768656868,pobre,basal,6,625.0,679.0,1.0,43.0,12,424,23109,6,1.0
98,0.0,1.0,3.3399999,1.0,7.0,7,134.8632117453186,294.006768656868,pobre,basal,6,625.0,679.0,1.0,43.0,13,424,23109,6,1.0
97,1.0,1.0,3.3399999,1.0,3.0,7,134.8632117453186,294.006768656868,pobre,basal,6,625.0,679.0,1.0,43.0,10,424,23110,3,1.0
98,1.0,1.0,3.3399999,1.0,4.0,7,134.8632117453186,294.006768656868,pobre,basal,6,625.0,679.0,1.0,43.0,11,424,23110,3,1.0
97,0.0,1.0,3.3399999,1.0,0.0,7,134.8632117453186,294.006768656868,pobre,basal,6,625.0,679.0,1.0,43.0,6,424,23111,0,1.0
98,0.0,1.0,3.3399999,1.0,1.0,7,134.8632117453186,294.006768656868,pobre,basal,6,625.0,679.0,1.0,43.0,7,424,23111,0,1.0
97,0.0,1.0,14.282,,0.0,5,162.9390694830085,162.9390694830085,pobre,basal,0,0.0,562.46997,1.0,30.0,14,23,23112,0,
98,0.0,1.0,14.282,,,5,162.9390694830085,162.9390694830085,pobre,basal,0,0.0,562.46997,1.0,30.0,15,23,23112,0,
97,1.0,1.0,14.282,,0.0,8,162.9390694830085,162.9390694830085,pobre,basal,0,0.0,557.79999,1.0,58.0,16,23,23113,0,
98,1.0,1.0,14.282,,,8,162.9390694830085,162.9390694830085,pobre,basal,0,0.0,557.79999,1.0,58.0,17,23,23113,0,
97,1.0,1.0,14.282,,0.0,8,162.9390694830085,162.9390694830085,pobre,basal,0,0.0,557.79999,1.0,58.0,13,23,23114,0,
98,1.0,1.0,14.282,,,8,162.9390694830085,162.9390694830085,pobre,basal,0,0.0,557.79999,1.0,58.0,14,23,23114,0,
97,1.0,1.0,14.282,,0.0,8,162.9390694830085,162.9390694830085,pobre,basal,0,0.0,557.79999,1.0,58.0,11,23,23115,0,
98,1.0,1.0,14.282,1.0,1.0,8,162.9390694830085,162.9390694830085,pobre,basal,0,0.0,557.79999,1.0,58.0,12,23,23115,0,
97,1.0,1.0,14.282,,0.0,6,162.9390694830085,162.9390694830085,pobre,basal,0,0.0,602.0,1.0,31.0,8,23,23116,0,
98,1.0,1.0,14.282,1.0,1.0,6,162.9390694830085,162.9390694830085,pobre,basal,0,0.0,602.0,1.0,31.0,9,23,23116,0,
97,0.0,1.0,14.282,1.0,1.0,6,162.9390694830085,162.9390694830085,pobre,basal,0,0.0,543.0,1.0,44.0,12,23,23117,1,1.0
98,0.0,1.0,14.282,0.0,2.0,6,162.9390694830085,162.9390694830085,pobre,basal,0,0.0,543.0,1.0,44.0,13,23,23117,1,1.0
97,1.0,1.0,14.282,1.0,1.0,6,162.9390694830085,162.9390694830085,pobre,basal,0,0.0,543.0,1.0,44.0,10,23,23118,1,1.0
98,1.0,1.0,14.282,1.0,2.0,6,162.9390694830085,162.9390694830085,pobre,basal,0,0.0,543.0,1.0,44.0,11,23,23118,1,1.0
97,1.0,0.0,3.3399999,1.0,3.0,6,134.8632117453186,294.006768656868,pobre,basal,4,1000.0,683.0,1.0,52.0,10,424,23119,3,1.0
98,1.0,0.0,3.3399999,1.0,4.0,6,134.8632117453186,294.006768656868,pobre,basal,4,1000.0,683.0,1.0,52.0,11,424,23119,3,1.0
97,0.0,1.0,14.282,1.0,1.0,5,162.9390694830085,162.9390694830085,pobre,basal,0,0.0,630.5,1.0,56.0,10,23,23120,1,1.0
98,0.0,1.0,14.282,1.0,2.0,5,162.9390694830085,162.9390694830085,pobre,basal,0,0.0,630.5,1.0,56.0,11,23,23120,1,1.0
97,1.0,1.0,14.282,1.0,1.0,5,162.9390694830085,162.9390694830085,pobre,basal,0,0.0,630.5,1.0,56.0,8,23,23121,1,1.0
98,1.0,1.0,14.282,1.0,2.0,5,162.9390694830085,162.9390694830085,pobre,basal,0,0.0,630.5,1.0,56.0,9,23,23121,1,1.0
97,0.0,1.0,14.282,1.0,5.0,8,162.9390694830085,162.9390694830085,pobre,basal,0,0.0,539.0,1.0,98.0,10,23,23122,5,1.0
98,0.0,1.0,14.282,1.0,1.0,8,162.9390694830085,162.9390694830085,pobre,basal,0,0.0,539.0,1.0,98.0,11,23,23122,5,1.0
97,0.0,0.0,3.3399999,1.0,4.0,3,134.8632117453186,294.006768656868,pobre,basal,2,625.0,950.5,1.0,76.0,11,424,23123,4,1.0
98,0.0,0.0,3.3399999,1.0,5.0,3,134.8632117453186,294.006768656868,pobre,basal,2,625.0,950.5,1.0,76.0,12,424,23123,4,1.0
97,0.0,0.0,4.152,1.0,5.0,4,52.27688165081197,75.3069717543874,pobre,0,0,280.0,775.0,1.0,45.0,14,477,23124,5,1.0
98,0.0,0.0,4.152,0.0,6.0,4,52.27688165081197,75.3069717543874,pobre,0,0,280.0,775.0,1.0,45.0,15,477,23124,5,1.0
97,0.0,0.0,4.152,1.0,1.0,8,52.27688165081197,75.3069717543874,pobre,0,0,750.0,868.0,1.0,64.0,9,477,23125,1,1.0
98,0.0,0.0,4.152,1.0,2.0,8,52.27688165081197,75.3069717543874,pobre,0,0,750.0,868.0,1.0,64.0,10,477,23125,1,1.0
97,1.0,0.0,4.152,1.0,3.0,8,52.27688165081197,75.3069717543874,pobre,0,0,750.0,868.0,1.0,64.0,8,477,23126,3,1.0
98,1.0,0.0,4.152,,,8,52.27688165081197,75.3069717543874,pobre,0,0,750.0,868.0,1.0,64.0,9,477,23126,3,1.0
97,0.0,1.0,4.302,0.0,6.0,7,141.8934480113655,284.1669175236383,pobre,basal,6,625.0,626.0,1.0,39.0,13,434,23127,6,0.0
98,0.0,1.0,4.302,1.0,6.0,7,141.8934480113655,284.1669175236383,pobre,basal,6,625.0,626.0,1.0,39.0,14,434,23127,6,0.0
97,1.0,1.0,4.302,1.0,4.0,7,141.8934480113655,284.1669175236383,pobre,basal,6,625.0,626.0,1.0,39.0,10,434,23128,4,1.0
98,1.0,1.0,4.302,1.0,5.0,7,141.8934480113655,284.1669175236383,pobre,basal,6,625.0,626.0,1.0,39.0,11,434,23128,4,1.0
97,1.0,1.0,4.302,1.0,3.0,6,141.8934480113655,284.1669175236383,pobre,basal,0,0.0,654.0,1.0,85.0,10,434,23129,3,1.0
98,1.0,1.0,4.302,1.0,4.0,6,141.8934480113655,284.1669175236383,pobre,basal,0,0.0,654.0,1.0,85.0,11,434,23129,3,1.0
97,0.0,1.0,4.302,1.0,2.0,6,141.8934480113655,284.1669175236383,pobre,basal,0,0.0,654.0,1.0,85.0,8,434,23130,2,1.0
98,0.0,1.0,4.302,1.0,2.0,6,141.8934480113655,284.1669175236383,pobre,basal,0,0.0,654.0,1.0,85.0,9,434,23130,2,1.0
97,1.0,1.0,4.302,1.0,6.0,6,141.8934480113655,284.1669175236383,pobre,basal,4,625.0,645.0,1.0,47.0,12,434,23131,6,1.0
98,1.0,1.0,4.302,1.0,6.0,6,141.8934480113655,284.1669175236383,pobre,basal,4,625.0,645.0,1.0,47.0,13,434,23131,6,1.0
97,0.0,1.0,4.302,1.0,5.0,6,141.8934480113655,284.1669175236383,pobre,basal,4,625.0,645.0,1.0,47.0,11,434,23132,5,1.0
98,0.0,1.0,4.302,1.0,6.0,6,141.8934480113655,284.1669175236383,pobre,basal,4,625.0,645.0,1.0,47.0,12,434,23132,5,1.0
97,1.0,1.0,4.302,1.0,1.0,6,141.8934480113655,284.1669175236383,pobre,basal,4,625.0,645.0,1.0,47.0,7,434,23133,1,1.0
98,1.0,1.0,4.302,1.0,2.0,6,141.8934480113655,284.1669175236383,pobre,basal,4,625.0,645.0,1.0,47.0,8,434,23133,1,1.0
97,0.0,1.0,4.302,1.0,4.0,3,141.8934480113655,284.1669175236383,pobre,basal,4,240.0,975.0,1.0,48.0,10,434,23134,4,1.0
98,0.0,1.0,4.302,1.0,5.0,3,141.8934480113655,284.1669175236383,pobre,basal,4,240.0,975.0,1.0,48.0,11,434,23134,4,1.0
97,0.0,1.0,4.302,,0.0,9,141.8934480113655,284.1669175236383,pobre,basal,0,625.0,662.5,1.0,48.0,8,434,23135,0,
98,0.0,1.0,4.302,1.0,3.0,9,141.8934480113655,284.1669175236383,pobre,basal,0,625.0,662.5,1.0,48.0,9,434,23135,0,
97,0.0,1.0,4.302,,0.0,9,141.8934480113655,284.1669175236383,pobre,basal,0,625.0,662.5,1.0,48.0,6,434,23136,0,
98,0.0,1.0,4.302,1.0,0.0,9,141.8934480113655,284.1669175236383,pobre,basal,0,625.0,662.5,1.0,48.0,7,434,23136,0,
97,0.0,1.0,4.302,0.0,6.0,8,141.8934480113655,284.1669175236383,pobre,basal,9,625.0,602.0,1.0,57.0,14,434,23137,6,0.0
98,0.0,1.0,4.302,0.0,6.0,8,141.8934480113655,284.1669175236383,pobre,basal,9,625.0,602.0,1.0,57.0,15,434,23137,6,0.0
97,0.0,1.0,4.302,0.0,2.0,8,141.8934480113655,284.1669175236383,pobre,basal,9,625.0,602.0,1.0,57.0,9,434,23138,2,0.0
98,0.0,1.0,4.302,1.0,3.0,8,141.8934480113655,284.1669175236383,pobre,basal,9,625.0,602.0,1.0,57.0,10,434,23138,2,0.0
97,1.0,1.0,4.302,1.0,1.0,6,141.8934480113655,284.1669175236383,pobre,basal,6,625.0,588.0,1.0,28.0,8,434,23139,1,1.0
98,1.0,1.0,4.302,1.0,2.0,6,141.8934480113655,284.1669175236383,pobre,basal,6,625.0,588.0,1.0,28.0,9,434,23139,1,1.0
97,1.0,1.0,4.302,1.0,0.0,6,141.8934480113655,284.1669175236383,pobre,basal,6,625.0,588.0,1.0,28.0,6,434,23140,0,1.0
98,1.0,1.0,4.302,1.0,0.0,6,141.8934480113655,284.1669175236383,pobre,basal,6,625.0,588.0,1.0,28.0,7,434,23140,0,1.0
97,1.0,1.0,4.302,1.0,2.0,5,141.8934480113655,284.1669175236383,pobre,basal,6,625.0,652.0,1.0,31.0,8,434,23141,2,1.0
98,1.0,1.0,4.302,1.0,2.0,5,141.8934480113655,284.1669175236383,pobre,basal,6,625.0,652.0,1.0,31.0,9,434,23141,2,1.0
97,1.0,1.0,4.302,1.0,0.0,5,141.8934480113655,284.1669175236383,pobre,basal,3,625.0,764.0,1.0,56.0,6,434,23142,0,1.0
98,1.0,1.0,4.302,,,5,141.8934480113655,284.1669175236383,pobre,basal,3,625.0,764.0,1.0,56.0,7,434,23142,0,1.0
97,0.0,1.0,4.302,1.0,7.0,8,141.8934480113655,284.1669175236383,pobre,basal,6,625.0,546.0,1.0,31.0,14,434,23143,7,1.0
98,0.0,1.0,4.302,,,8,141.8934480113655,284.1669175236383,pobre,basal,6,625.0,546.0,1.0,31.0,15,434,23143,7,1.0
97,1.0,1.0,4.302,1.0,3.0,8,141.8934480113655,284.1669175236383,pobre,basal,6,625.0,546.0,1.0,31.0,11,434,23144,3,1.0
98,1.0,1.0,4.302,,,8,141.8934480113655,284.1669175236383,pobre,basal,6,625.0,546.0,1.0,31.0,12,434,23144,3,1.0
97,1.0,1.0,4.302,1.0,2.0,8,141.8934480113655,284.1669175236383,pobre,basal,6,625.0,546.0,1.0,31.0,8,434,23145,2,1.0
98,1.0,1.0,4.302,,,8,141.8934480113655,284.1669175236383,pobre,basal,6,625.0,546.0,1.0,31.0,9,434,23145,2,1.0
97,1.0,0.0,4.7199998,1.0,1.0,4,132.772322188135,132.772322188135,no pobre,basal,6,1200.0,813.0,1.0,23.0,7,7,23146,1,1.0
98,1.0,0.0,4.7199998,1.0,1.0,4,132.772322188135,132.772322188135,no pobre,basal,6,1200.0,813.0,1.0,23.0,8,7,23146,1,1.0
97,1.0,0.0,4.7199998,1.0,7.0,9,132.772322188135,132.772322188135,pobre,basal,2,0.0,665.0,1.0,34.0,13,7,23147,7,1.0
98,1.0,0.0,4.7199998,1.0,8.0,9,132.772322188135,132.772322188135,pobre,basal,2,0.0,665.0,1.0,34.0,14,7,23147,7,1.0
97,1.0,0.0,4.7199998,1.0,4.0,9,132.772322188135,132.772322188135,pobre,basal,2,0.0,665.0,1.0,34.0,11,7,23148,4,1.0
98,1.0,0.0,4.7199998,1.0,5.0,9,132.772322188135,132.772322188135,pobre,basal,2,0.0,665.0,1.0,34.0,12,7,23148,4,1.0
97,1.0,0.0,4.7199998,1.0,2.0,9,132.772322188135,132.772322188135,pobre,basal,2,0.0,665.0,1.0,34.0,9,7,23149,2,1.0
98,1.0,0.0,4.7199998,1.0,2.0,9,132.772322188135,132.772322188135,pobre,basal,2,0.0,665.0,1.0,34.0,10,7,23149,2,1.0
97,1.0,0.0,4.7199998,1.0,1.0,9,132.772322188135,132.772322188135,pobre,basal,2,0.0,665.0,1.0,34.0,7,7,23150,1,1.0
98,1.0,0.0,4.7199998,1.0,2.0,9,132.772322188135,132.772322188135,pobre,basal,2,0.0,665.0,1.0,34.0,8,7,23150,1,1.0
97,1.0,0.0,4.7199998,1.0,2.0,7,132.772322188135,132.772322188135,pobre,basal,1,0.0,791.0,1.0,33.0,10,7,23151,2,1.0
98,1.0,0.0,4.7199998,1.0,3.0,7,132.772322188135,132.772322188135,pobre,basal,1,0.0,791.0,1.0,33.0,11,7,23151,2,1.0
97,0.0,0.0,4.7199998,1.0,3.0,7,132.772322188135,132.772322188135,pobre,basal,1,0.0,791.0,1.0,33.0,8,7,23152,3,1.0
98,0.0,0.0,4.7199998,1.0,4.0,7,132.772322188135,132.772322188135,pobre,basal,1,0.0,791.0,1.0,33.0,9,7,23152,3,1.0
97,1.0,0.0,4.7199998,1.0,0.0,7,132.772322188135,132.772322188135,pobre,basal,1,0.0,791.0,1.0,33.0,6,7,23153,0,1.0
98,1.0,0.0,4.7199998,1.0,1.0,7,132.772322188135,132.772322188135,pobre,basal,1,0.0,791.0,1.0,33.0,7,7,23153,0,1.0
97,1.0,0.0,4.7199998,1.0,5.0,9,132.772322188135,132.772322188135,pobre,basal,1,0.0,685.0,1.0,43.0,15,7,23154,5,1.0
98,1.0,0.0,4.7199998,1.0,5.0,9,132.772322188135,132.772322188135,pobre,basal,1,0.0,685.0,1.0,43.0,16,7,23154,5,1.0
97,0.0,0.0,4.7199998,1.0,4.0,9,132.772322188135,132.772322188135,pobre,basal,1,0.0,685.0,1.0,43.0,13,7,23155,4,1.0
98,0.0,0.0,4.7199998,1.0,5.0,9,132.772322188135,132.772322188135,pobre,basal,1,0.0,685.0,1.0,43.0,14,7,23155,4,1.0
97,0.0,0.0,4.7199998,1.0,2.0,9,132.772322188135,132.772322188135,pobre,basal,1,0.0,685.0,1.0,43.0,11,7,23156,2,1.0
98,0.0,0.0,4.7199998,1.0,3.0,9,132.772322188135,132.772322188135,pobre,basal,1,0.0,685.0,1.0,43.0,12,7,23156,2,1.0
97,1.0,0.0,4.7199998,0.0,6.0,4,132.772322188135,132.772322188135,pobre,basal,0,0.0,680.0,0.0,57.0,14,7,23157,6,0.0
98,1.0,0.0,4.7199998,0.0,6.0,4,132.772322188135,132.772322188135,pobre,basal,0,0.0,680.0,0.0,57.0,15,7,23157,6,0.0
97,1.0,0.0,4.7199998,1.0,4.0,4,132.772322188135,132.772322188135,pobre,basal,0,0.0,680.0,0.0,57.0,11,7,23158,4,1.0
98,1.0,0.0,4.7199998,1.0,4.0,4,132.772322188135,132.772322188135,pobre,basal,0,0.0,680.0,0.0,57.0,12,7,23158,4,1.0
97,0.0,0.0,4.7199998,1.0,0.0,4,132.772322188135,132.772322188135,pobre,basal,0,0.0,680.0,0.0,57.0,6,7,23159,0,1.0
98,0.0,0.0,4.7199998,1.0,1.0,4,132.772322188135,132.772322188135,pobre,basal,0,0.0,680.0,0.0,57.0,7,7,23159,0,1.0
97,1.0,0.0,4.7199998,1.0,2.0,7,132.772322188135,132.772322188135,pobre,basal,0,750.0,737.0,1.0,52.0,10,7,23160,2,1.0
98,1.0,0.0,4.7199998,1.0,2.0,7,132.772322188135,132.772322188135,pobre,basal,0,750.0,737.0,1.0,52.0,11,7,23160,2,1.0
97,0.0,0.0,4.7199998,,0.0,7,132.772322188135,132.772322188135,pobre,basal,0,750.0,737.0,1.0,52.0,6,7,23161,0,
98,0.0,0.0,4.7199998,1.0,1.0,7,132.772322188135,132.772322188135,pobre,basal,0,750.0,737.0,1.0,52.0,7,7,23161,0,
97,0.0,1.0,4.302,1.0,8.0,9,141.8934480113655,284.1669175236383,pobre,basal,4,625.0,534.0,1.0,44.0,15,434,23162,8,1.0
98,0.0,1.0,4.302,1.0,9.0,9,141.8934480113655,284.1669175236383,pobre,basal,4,625.0,534.0,1.0,44.0,16,434,23162,8,1.0
97,0.0,1.0,4.302,1.0,7.0,9,141.8934480113655,284.1669175236383,pobre,basal,4,625.0,534.0,1.0,44.0,13,434,23163,7,1.0
98,0.0,1.0,4.302,1.0,8.0,9,141.8934480113655,284.1669175236383,pobre,basal,4,625.0,534.0,1.0,44.0,14,434,23163,7,1.0
97,1.0,1.0,4.302,1.0,4.0,9,141.8934480113655,284.1669175236383,pobre,basal,4,625.0,534.0,1.0,44.0,10,434,23164,4,1.0
98,1.0,1.0,4.302,1.0,5.0,9,141.8934480113655,284.1669175236383,pobre,basal,4,625.0,534.0,1.0,44.0,11,434,23164,4,1.0
97,0.0,1.0,4.302,1.0,2.0,9,141.8934480113655,284.1669175236383,pobre,basal,4,625.0,534.0,1.0,44.0,8,434,23165,2,1.0
98,0.0,1.0,4.302,1.0,3.0,9,141.8934480113655,284.1669175236383,pobre,basal,4,625.0,534.0,1.0,44.0,9,434,23165,2,1.0
97,1.0,1.0,4.302,1.0,5.0,5,141.8934480113655,284.1669175236383,pobre,basal,6,625.0,672.0,1.0,39.0,11,434,23166,5,1.0
98,1.0,1.0,4.302,,6.0,5,141.8934480113655,284.1669175236383,pobre,basal,6,625.0,672.0,1.0,39.0,12,434,23166,5,1.0
97,0.0,1.0,4.302,1.0,0.0,5,141.8934480113655,284.1669175236383,pobre,basal,6,625.0,672.0,1.0,39.0,7,434,23167,0,1.0
98,0.0,1.0,4.302,1.0,0.0,5,141.8934480113655,284.1669175236383,pobre,basal,6,625.0,672.0,1.0,39.0,8,434,23167,0,1.0
97,0.0,1.0,4.302,1.0,5.0,6,141.8934480113655,284.1669175236383,pobre,basal,6,625.0,712.0,1.0,40.0,11,434,23168,5,1.0
98,0.0,1.0,4.302,1.0,6.0,6,141.8934480113655,284.1669175236383,pobre,basal,6,625.0,712.0,1.0,40.0,12,434,23168,5,1.0
97,0.0,1.0,4.302,1.0,2.0,6,141.8934480113655,284.1669175236383,pobre,basal,6,625.0,712.0,1.0,40.0,8,434,23169,2,1.0
98,0.0,1.0,4.302,1.0,3.0,6,141.8934480113655,284.1669175236383,pobre,basal,6,625.0,712.0,1.0,40.0,9,434,23169,2,1.0
97,0.0,1.0,4.302,1.0,0.0,6,141.8934480113655,284.1669175236383,pobre,basal,6,625.0,712.0,1.0,40.0,6,434,23170,0,1.0
98,0.0,1.0,4.302,1.0,0.0,6,141.8934480113655,284.1669175236383,pobre,basal,6,625.0,712.0,1.0,40.0,7,434,23170,0,1.0
97,1.0,1.0,4.302,0.0,4.0,4,141.8934480113655,284.1669175236383,pobre,basal,6,625.0,551.0,1.0,23.0,10,434,23171,4,0.0
98,1.0,1.0,4.302,1.0,5.0,4,141.8934480113655,284.1669175236383,pobre,basal,6,625.0,551.0,1.0,23.0,11,434,23171,4,0.0
97,1.0,1.0,4.302,1.0,5.0,7,141.8934480113655,284.1669175236383,pobre,basal,8,625.0,509.0,1.0,39.0,13,434,23172,5,1.0
98,1.0,1.0,4.302,1.0,6.0,7,141.8934480113655,284.1669175236383,pobre,basal,8,625.0,509.0,1.0,39.0,14,434,23172,5,1.0
97,1.0,1.0,4.302,1.0,4.0,7,141.8934480113655,284.1669175236383,pobre,basal,8,625.0,509.0,1.0,39.0,11,434,23173,4,1.0
98,1.0,1.0,4.302,1.0,5.0,7,141.8934480113655,284.1669175236383,pobre,basal,8,625.0,509.0,1.0,39.0,12,434,23173,4,1.0
97,1.0,1.0,4.302,1.0,1.0,7,141.8934480113655,284.1669175236383,pobre,basal,8,625.0,509.0,1.0,39.0,9,434,23174,1,1.0
98,1.0,1.0,4.302,1.0,2.0,7,141.8934480113655,284.1669175236383,pobre,basal,8,625.0,509.0,1.0,39.0,10,434,23174,1,1.0
97,1.0,1.0,4.302,1.0,4.0,7,141.8934480113655,284.1669175236383,pobre,basal,8,625.0,509.0,1.0,39.0,10,434,23175,4,1.0
98,1.0,1.0,4.302,1.0,5.0,7,141.8934480113655,284.1669175236383,pobre,basal,8,625.0,509.0,1.0,39.0,11,434,23175,4,1.0
97,0.0,1.0,4.302,1.0,3.0,7,141.8934480113655,284.1669175236383,pobre,basal,9,625.0,651.0,1.0,30.0,10,434,23176,3,1.0
98,0.0,1.0,4.302,1.0,4.0,7,141.8934480113655,284.1669175236383,pobre,basal,9,625.0,651.0,1.0,30.0,11,434,23176,3,1.0
97,1.0,1.0,4.302,1.0,1.0,7,141.8934480113655,284.1669175236383,pobre,basal,9,625.0,651.0,1.0,30.0,8,434,23177,1,1.0
98,1.0,1.0,4.302,1.0,2.0,7,141.8934480113655,284.1669175236383,pobre,basal,9,625.0,651.0,1.0,30.0,9,434,23177,1,1.0
97,1.0,1.0,4.302,1.0,0.0,9,141.8934480113655,284.1669175236383,pobre,basal,4,625.0,679.5,1.0,56.0,6,434,23178,0,1.0
98,1.0,1.0,4.302,1.0,1.0,9,141.8934480113655,284.1669175236383,pobre,basal,4,625.0,679.5,1.0,56.0,7,434,23178,0,1.0
97,1.0,1.0,4.302,1.0,7.0,9,141.8934480113655,284.1669175236383,pobre,basal,3,625.0,529.0,1.0,40.0,14,434,23179,7,1.0
98,1.0,1.0,4.302,1.0,8.0,9,141.8934480113655,284.1669175236383,pobre,basal,3,625.0,529.0,1.0,40.0,15,434,23179,7,1.0
97,0.0,1.0,4.302,1.0,5.0,9,141.8934480113655,284.1669175236383,pobre,basal,3,625.0,529.0,1.0,40.0,12,434,23180,5,1.0
98,0.0,1.0,4.302,1.0,6.0,9,141.8934480113655,284.1669175236383,pobre,basal,3,625.0,529.0,1.0,40.0,13,434,23180,5,1.0
97,0.0,1.0,4.302,1.0,3.0,9,141.8934480113655,284.1669175236383,pobre,basal,3,625.0,529.0,1.0,40.0,10,434,23181,3,1.0
98,0.0,1.0,4.302,1.0,4.0,9,141.8934480113655,284.1669175236383,pobre,basal,3,625.0,529.0,1.0,40.0,11,434,23181,3,1.0
97,0.0,1.0,4.302,1.0,1.0,9,141.8934480113655,284.1669175236383,pobre,basal,3,625.0,529.0,1.0,40.0,8,434,23182,1,1.0
98,0.0,1.0,4.302,1.0,2.0,9,141.8934480113655,284.1669175236383,pobre,basal,3,625.0,529.0,1.0,40.0,9,434,23182,1,1.0
97,0.0,1.0,4.302,1.0,0.0,9,141.8934480113655,284.1669175236383,pobre,basal,3,625.0,529.0,1.0,40.0,6,434,23183,0,1.0
98,0.0,1.0,4.302,1.0,1.0,9,141.8934480113655,284.1669175236383,pobre,basal,3,625.0,529.0,1.0,40.0,7,434,23183,0,1.0
97,1.0,1.0,4.302,0.0,6.0,6,141.8934480113655,284.1669175236383,pobre,basal,3,625.0,708.0,1.0,50.0,14,434,23184,6,0.0
98,1.0,1.0,4.302,1.0,6.0,6,141.8934480113655,284.1669175236383,pobre,basal,3,625.0,708.0,1.0,50.0,15,434,23184,6,0.0
97,0.0,1.0,4.302,1.0,4.0,7,141.8934480113655,284.1669175236383,pobre,basal,6,625.0,578.0,1.0,28.0,10,434,23185,4,1.0
98,0.0,1.0,4.302,1.0,5.0,7,141.8934480113655,284.1669175236383,pobre,basal,6,625.0,578.0,1.0,28.0,11,434,23185,4,1.0
97,0.0,1.0,4.302,1.0,2.0,7,141.8934480113655,284.1669175236383,pobre,basal,6,625.0,578.0,1.0,28.0,7,434,23186,2,1.0
98,0.0,1.0,4.302,1.0,3.0,7,141.8934480113655,284.1669175236383,pobre,basal,6,625.0,578.0,1.0,28.0,8,434,23186,2,1.0
97,0.0,1.0,4.302,,0.0,7,141.8934480113655,284.1669175236383,pobre,basal,6,625.0,578.0,1.0,28.0,6,434,23187,0,
98,0.0,1.0,4.302,1.0,1.0,7,141.8934480113655,284.1669175236383,pobre,basal,6,625.0,578.0,1.0,28.0,7,434,23187,0,
97,0.0,1.0,4.302,1.0,1.0,8,141.8934480113655,284.1669175236383,pobre,basal,0,0.0,579.0,1.0,73.0,8,434,23188,1,1.0
98,0.0,1.0,4.302,1.0,2.0,8,141.8934480113655,284.1669175236383,pobre,basal,0,0.0,579.0,1.0,73.0,9,434,23188,1,1.0
97,1.0,1.0,0.0,1.0,5.0,7,134.7560732061176,285.4250077588848,pobre,basal,6,500.0,580.0,1.0,40.0,14,431,23189,5,1.0
98,1.0,1.0,0.0,1.0,6.0,7,134.7560732061176,285.4250077588848,pobre,basal,6,500.0,580.0,1.0,40.0,15,431,23189,5,1.0
97,0.0,1.0,0.0,1.0,3.0,7,134.7560732061176,285.4250077588848,pobre,basal,6,500.0,580.0,1.0,40.0,11,431,23190,3,1.0
98,0.0,1.0,0.0,1.0,3.0,7,134.7560732061176,285.4250077588848,pobre,basal,6,500.0,580.0,1.0,40.0,12,431,23190,3,1.0
97,1.0,1.0,0.0,1.0,1.0,7,134.7560732061176,285.4250077588848,pobre,basal,6,500.0,580.0,1.0,40.0,8,431,23191,1,1.0
98,1.0,1.0,0.0,1.0,2.0,7,134.7560732061176,285.4250077588848,pobre,basal,6,500.0,580.0,1.0,40.0,9,431,23191,1,1.0
97,0.0,1.0,0.0,1.0,0.0,7,134.7560732061176,285.4250077588848,pobre,basal,6,500.0,580.0,1.0,40.0,6,431,23192,0,1.0
98,0.0,1.0,0.0,1.0,1.0,7,134.7560732061176,285.4250077588848,pobre,basal,6,500.0,580.0,1.0,40.0,7,431,23192,0,1.0
97,0.0,1.0,0.0,1.0,7.0,7,134.7560732061176,285.4250077588848,pobre,basal,3,500.0,729.5,1.0,43.0,15,431,23193,7,1.0
98,0.0,1.0,0.0,,,7,134.7560732061176,285.4250077588848,pobre,basal,3,500.0,729.5,1.0,43.0,16,431,23193,7,1.0
97,0.0,1.0,0.0,1.0,2.0,7,134.7560732061176,285.4250077588848,pobre,basal,3,500.0,729.5,1.0,43.0,13,431,23194,2,1.0
98,0.0,1.0,0.0,1.0,3.0,7,134.7560732061176,285.4250077588848,pobre,basal,3,500.0,729.5,1.0,43.0,14,431,23194,2,1.0
97,0.0,1.0,0.0,1.0,1.0,7,134.7560732061176,285.4250077588848,pobre,basal,3,500.0,729.5,1.0,43.0,9,431,23195,1,1.0
98,0.0,1.0,0.0,1.0,2.0,7,134.7560732061176,285.4250077588848,pobre,basal,3,500.0,729.5,1.0,43.0,10,431,23195,1,1.0
97,1.0,1.0,0.0,1.0,8.0,10,134.7560732061176,285.4250077588848,pobre,basal,6,500.0,499.0,1.0,39.0,15,431,23196,8,1.0
98,1.0,1.0,0.0,1.0,9.0,10,134.7560732061176,285.4250077588848,pobre,basal,6,500.0,499.0,1.0,39.0,16,431,23196,8,1.0
97,1.0,1.0,0.0,1.0,5.0,10,134.7560732061176,285.4250077588848,pobre,basal,6,500.0,499.0,1.0,39.0,13,431,23197,5,1.0
98,1.0,1.0,0.0,1.0,6.0,10,134.7560732061176,285.4250077588848,pobre,basal,6,500.0,499.0,1.0,39.0,14,431,23197,5,1.0
97,1.0,1.0,0.0,1.0,4.0,10,134.7560732061176,285.4250077588848,pobre,basal,6,500.0,499.0,1.0,39.0,11,431,23198,4,1.0
98,1.0,1.0,0.0,1.0,5.0,10,134.7560732061176,285.4250077588848,pobre,basal,6,500.0,499.0,1.0,39.0,12,431,23198,4,1.0
97,0.0,1.0,0.0,1.0,2.0,10,134.7560732061176,285.4250077588848,pobre,basal,6,500.0,499.0,1.0,39.0,8,431,23199,2,1.0
98,0.0,1.0,0.0,1.0,3.0,10,134.7560732061176,285.4250077588848,pobre,basal,6,500.0,499.0,1.0,39.0,9,431,23199,2,1.0
97,0.0,1.0,0.0,1.0,0.0,10,134.7560732061176,285.4250077588848,pobre,basal,6,500.0,499.0,1.0,39.0,6,431,23200,0,1.0
98,0.0,1.0,0.0,1.0,1.0,10,134.7560732061176,285.4250077588848,pobre,basal,6,500.0,499.0,1.0,39.0,7,431,23200,0,1.0
97,0.0,0.0,4.152,1.0,7.0,6,52.27688165081197,75.3069717543874,no pobre,0,6,875.0,1037.0,1.0,26.0,16,477,23201,7,1.0
98,0.0,0.0,4.152,,,6,52.27688165081197,75.3069717543874,no pobre,0,6,875.0,1037.0,1.0,26.0,17,477,23201,7,1.0
97,1.0,0.0,4.152,0.0,4.0,6,52.27688165081197,75.3069717543874,no pobre,0,6,875.0,1037.0,1.0,26.0,15,477,23202,4,0.0
98,1.0,0.0,4.152,0.0,4.0,6,52.27688165081197,75.3069717543874,no pobre,0,6,875.0,1037.0,1.0,26.0,16,477,23202,4,0.0
97,1.0,0.0,4.152,1.0,2.0,5,52.27688165081197,75.3069717543874,no pobre,0,9,4000.0,1074.0,1.0,29.0,8,477,23203,2,1.0
98,1.0,0.0,4.152,1.0,3.0,5,52.27688165081197,75.3069717543874,no pobre,0,9,4000.0,1074.0,1.0,29.0,9,477,23203,2,1.0
97,1.0,0.0,4.152,1.0,3.0,5,52.27688165081197,75.3069717543874,pobre,0,0,750.0,676.0,1.0,39.0,8,477,23204,3,1.0
98,1.0,0.0,4.152,1.0,3.0,5,52.27688165081197,75.3069717543874,pobre,0,0,750.0,676.0,1.0,39.0,9,477,23204,3,1.0
97,0.0,0.0,4.152,0.0,3.0,6,52.27688165081197,75.3069717543874,pobre,0,6,375.0,769.0,0.0,38.0,14,477,23205,3,0.0
98,0.0,0.0,4.152,0.0,2.0,6,52.27688165081197,75.3069717543874,pobre,0,6,375.0,769.0,0.0,38.0,15,477,23205,3,0.0
97,0.0,0.0,4.152,1.0,2.0,6,52.27688165081197,75.3069717543874,pobre,0,6,375.0,769.0,0.0,38.0,12,477,23206,2,1.0
98,0.0,0.0,4.152,0.0,2.0,6,52.27688165081197,75.3069717543874,pobre,0,6,375.0,769.0,0.0,38.0,13,477,23206,2,1.0
97,0.0,0.0,4.152,1.0,0.0,6,52.27688165081197,75.3069717543874,pobre,0,6,375.0,769.0,0.0,38.0,6,477,23207,0,1.0
98,0.0,0.0,4.152,1.0,1.0,6,52.27688165081197,75.3069717543874,pobre,0,6,375.0,769.0,0.0,38.0,7,477,23207,0,1.0
97,0.0,0.0,4.152,,0.0,4,52.27688165081197,75.3069717543874,no pobre,0,9,1666.6666,1124.0,1.0,31.0,9,477,23208,0,
98,0.0,0.0,4.152,,,4,52.27688165081197,75.3069717543874,no pobre,0,9,1666.6666,1124.0,1.0,31.0,10,477,23208,0,
97,1.0,0.0,4.152,0.0,8.0,7,52.27688165081197,75.3069717543874,no pobre,0,2,0.0,898.0,1.0,55.0,16,477,23209,8,0.0
98,1.0,0.0,4.152,,,7,52.27688165081197,75.3069717543874,no pobre,0,2,0.0,898.0,1.0,55.0,17,477,23209,8,0.0
97,0.0,0.0,4.152,0.0,6.0,7,52.27688165081197,75.3069717543874,no pobre,0,2,0.0,898.0,1.0,55.0,13,477,23210,6,0.0
98,0.0,0.0,4.152,1.0,7.0,7,52.27688165081197,75.3069717543874,no pobre,0,2,0.0,898.0,1.0,55.0,14,477,23210,6,0.0
97,0.0,0.0,4.152,1.0,5.0,7,52.27688165081197,75.3069717543874,no pobre,0,2,0.0,898.0,1.0,55.0,12,477,23211,5,1.0
98,0.0,0.0,4.152,,,7,52.27688165081197,75.3069717543874,no pobre,0,2,0.0,898.0,1.0,55.0,13,477,23211,5,1.0
97,0.0,0.0,4.152,1.0,7.0,8,52.27688165081197,75.3069717543874,no pobre,0,0,0.0,1169.0,1.0,59.0,13,477,23212,7,1.0
98,0.0,0.0,4.152,1.0,8.0,8,52.27688165081197,75.3069717543874,no pobre,0,0,0.0,1169.0,1.0,59.0,14,477,23212,7,1.0
97,0.0,1.0,1.885,0.0,6.0,7,136.7355205021436,280.0194905896589,pobre,basal,2,625.0,791.0,1.0,52.0,15,425,23213,6,0.0
98,0.0,1.0,1.885,,,7,136.7355205021436,280.0194905896589,pobre,basal,2,625.0,791.0,1.0,52.0,16,425,23213,6,0.0
97,0.0,1.0,1.885,1.0,4.0,7,136.7355205021436,280.0194905896589,pobre,basal,2,625.0,791.0,1.0,52.0,11,425,23214,4,1.0
98,0.0,1.0,1.885,1.0,5.0,7,136.7355205021436,280.0194905896589,pobre,basal,2,625.0,791.0,1.0,52.0,12,425,23214,4,1.0
97,1.0,1.0,1.885,1.0,1.0,7,136.7355205021436,280.0194905896589,pobre,basal,2,625.0,791.0,1.0,52.0,10,425,23215,1,1.0
98,1.0,1.0,1.885,1.0,2.0,7,136.7355205021436,280.0194905896589,pobre,basal,2,625.0,791.0,1.0,52.0,11,425,23215,1,1.0
97,1.0,1.0,1.885,1.0,7.0,10,136.7355205021436,280.0194905896589,pobre,basal,3,750.0,862.0,1.0,49.0,14,425,23216,7,1.0
98,1.0,1.0,1.885,1.0,8.0,10,136.7355205021436,280.0194905896589,pobre,basal,3,750.0,862.0,1.0,49.0,15,425,23216,7,1.0
97,1.0,1.0,1.885,1.0,9.0,10,136.7355205021436,280.0194905896589,pobre,basal,3,750.0,862.0,1.0,49.0,15,425,23217,9,1.0
98,1.0,1.0,1.885,1.0,10.0,10,136.7355205021436,280.0194905896589,pobre,basal,3,750.0,862.0,1.0,49.0,16,425,23217,9,1.0
97,1.0,1.0,1.885,1.0,6.0,10,136.7355205021436,280.0194905896589,pobre,basal,3,750.0,862.0,1.0,49.0,12,425,23218,6,1.0
98,1.0,1.0,1.885,1.0,7.0,10,136.7355205021436,280.0194905896589,pobre,basal,3,750.0,862.0,1.0,49.0,13,425,23218,6,1.0
97,1.0,1.0,1.885,1.0,4.0,10,136.7355205021436,280.0194905896589,pobre,basal,3,750.0,862.0,1.0,49.0,10,425,23219,4,1.0
98,1.0,1.0,1.885,1.0,5.0,10,136.7355205021436,280.0194905896589,pobre,basal,3,750.0,862.0,1.0,49.0,11,425,23219,4,1.0
97,0.0,1.0,1.885,1.0,3.0,4,136.7355205021436,280.0194905896589,pobre,basal,3,625.0,683.0,1.0,59.0,8,425,23220,3,1.0
98,0.0,1.0,1.885,1.0,3.0,4,136.7355205021436,280.0194905896589,pobre,basal,3,625.0,683.0,1.0,59.0,9,425,23220,3,1.0
97,0.0,1.0,1.885,1.0,9.0,15,136.7355205021436,280.0194905896589,pobre,basal,3,500.0,783.5,1.0,57.0,15,425,23221,9,1.0
98,0.0,1.0,1.885,1.0,10.0,15,136.7355205021436,280.0194905896589,pobre,basal,3,500.0,783.5,1.0,57.0,16,425,23221,9,1.0
97,0.0,1.0,1.885,1.0,8.0,15,136.7355205021436,280.0194905896589,pobre,basal,3,500.0,783.5,1.0,57.0,14,425,23222,8,1.0
98,0.0,1.0,1.885,,,15,136.7355205021436,280.0194905896589,pobre,basal,3,500.0,783.5,1.0,57.0,15,425,23222,8,1.0
97,1.0,1.0,1.885,1.0,7.0,15,136.7355205021436,280.0194905896589,pobre,basal,3,500.0,783.5,1.0,57.0,13,425,23223,7,1.0
98,1.0,1.0,1.885,,,15,136.7355205021436,280.0194905896589,pobre,basal,3,500.0,783.5,1.0,57.0,14,425,23223,7,1.0
97,1.0,1.0,1.885,1.0,5.0,15,136.7355205021436,280.0194905896589,pobre,basal,3,500.0,783.5,1.0,57.0,12,425,23224,5,1.0
98,1.0,1.0,1.885,1.0,6.0,15,136.7355205021436,280.0194905896589,pobre,basal,3,500.0,783.5,1.0,57.0,13,425,23224,5,1.0
97,0.0,1.0,1.885,1.0,5.0,15,136.7355205021436,280.0194905896589,pobre,basal,3,500.0,783.5,1.0,57.0,10,425,23225,5,1.0
98,0.0,1.0,1.885,1.0,5.0,15,136.7355205021436,280.0194905896589,pobre,basal,3,500.0,783.5,1.0,57.0,11,425,23225,5,1.0
97,1.0,1.0,1.885,1.0,2.0,15,136.7355205021436,280.0194905896589,pobre,basal,3,500.0,783.5,1.0,57.0,8,425,23226,2,1.0
98,1.0,1.0,1.885,1.0,3.0,15,136.7355205021436,280.0194905896589,pobre,basal,3,500.0,783.5,1.0,57.0,9,425,23226,2,1.0
97,1.0,1.0,1.885,1.0,5.0,7,136.7355205021436,280.0194905896589,pobre,basal,3,625.0,770.5,1.0,80.0,13,425,23227,5,1.0
98,1.0,1.0,1.885,1.0,6.0,7,136.7355205021436,280.0194905896589,pobre,basal,3,625.0,770.5,1.0,80.0,14,425,23227,5,1.0
97,0.0,1.0,1.885,1.0,4.0,7,136.7355205021436,280.0194905896589,pobre,basal,3,625.0,770.5,1.0,80.0,10,425,23228,4,1.0
98,0.0,1.0,1.885,1.0,5.0,7,136.7355205021436,280.0194905896589,pobre,basal,3,625.0,770.5,1.0,80.0,11,425,23228,4,1.0
97,1.0,1.0,1.885,1.0,0.0,7,136.7355205021436,280.0194905896589,pobre,basal,3,625.0,770.5,1.0,80.0,6,425,23229,0,1.0
98,1.0,1.0,1.885,1.0,1.0,7,136.7355205021436,280.0194905896589,pobre,basal,3,625.0,770.5,1.0,80.0,7,425,23229,0,1.0
97,0.0,1.0,1.885,1.0,7.0,4,136.7355205021436,280.0194905896589,pobre,basal,3,625.0,789.0,1.0,43.0,12,425,23230,7,1.0
98,0.0,1.0,1.885,1.0,8.0,4,136.7355205021436,280.0194905896589,pobre,basal,3,625.0,789.0,1.0,43.0,13,425,23230,7,1.0
97,1.0,1.0,1.885,1.0,3.0,6,136.7355205021436,280.0194905896589,pobre,basal,9,625.0,814.0,1.0,30.0,9,425,23231,3,1.0
98,1.0,1.0,1.885,1.0,4.0,6,136.7355205021436,280.0194905896589,pobre,basal,9,625.0,814.0,1.0,30.0,10,425,23231,3,1.0
97,0.0,1.0,1.885,1.0,1.0,6,136.7355205021436,280.0194905896589,pobre,basal,9,625.0,814.0,1.0,30.0,7,425,23232,1,1.0
98,0.0,1.0,1.885,1.0,2.0,6,136.7355205021436,280.0194905896589,pobre,basal,9,625.0,814.0,1.0,30.0,8,425,23232,1,1.0
97,0.0,1.0,1.885,1.0,0.0,6,136.7355205021436,280.0194905896589,pobre,basal,9,625.0,814.0,1.0,30.0,6,425,23233,0,1.0
98,0.0,1.0,1.885,1.0,1.0,6,136.7355205021436,280.0194905896589,pobre,basal,9,625.0,814.0,1.0,30.0,7,425,23233,0,1.0
97,1.0,1.0,1.885,1.0,9.0,3,136.7355205021436,280.0194905896589,pobre,basal,6,750.0,881.0,1.0,50.0,16,425,23234,9,1.0
98,1.0,1.0,1.885,,,3,136.7355205021436,280.0194905896589,pobre,basal,6,750.0,881.0,1.0,50.0,17,425,23234,9,1.0
97,0.0,1.0,1.885,1.0,3.0,4,136.7355205021436,280.0194905896589,pobre,basal,6,500.0,673.0,1.0,30.0,9,425,23235,3,1.0
98,0.0,1.0,1.885,1.0,4.0,4,136.7355205021436,280.0194905896589,pobre,basal,6,500.0,673.0,1.0,30.0,10,425,23235,3,1.0
97,0.0,1.0,1.885,1.0,0.0,4,136.7355205021436,280.0194905896589,pobre,basal,6,500.0,673.0,1.0,30.0,6,425,23236,0,1.0
98,0.0,1.0,1.885,1.0,0.0,4,136.7355205021436,280.0194905896589,pobre,basal,6,500.0,673.0,1.0,30.0,7,425,23236,0,1.0
97,1.0,1.0,1.885,1.0,10.0,5,136.7355205021436,280.0194905896589,pobre,basal,6,500.0,731.0,1.0,40.0,16,425,23237,10,1.0
98,1.0,1.0,1.885,,,5,136.7355205021436,280.0194905896589,pobre,basal,6,500.0,731.0,1.0,40.0,17,425,23237,10,1.0
97,1.0,1.0,1.885,1.0,7.0,5,136.7355205021436,280.0194905896589,pobre,basal,6,500.0,731.0,1.0,40.0,13,425,23238,7,1.0
98,1.0,1.0,1.885,1.0,8.0,5,136.7355205021436,280.0194905896589,pobre,basal,6,500.0,731.0,1.0,40.0,14,425,23238,7,1.0
97,0.0,1.0,4.4390001,1.0,2.0,6,141.0977350861535,286.0098668459468,pobre,basal,6,500.0,623.76099,1.0,35.0,8,437,23239,2,1.0
98,0.0,1.0,4.4390001,1.0,3.0,6,141.0977350861535,286.0098668459468,pobre,basal,6,500.0,623.76099,1.0,35.0,9,437,23239,2,1.0
97,1.0,1.0,4.4390001,1.0,0.0,6,141.0977350861535,286.0098668459468,pobre,basal,6,500.0,623.76099,1.0,35.0,6,437,23240,0,1.0
98,1.0,1.0,4.4390001,1.0,1.0,6,141.0977350861535,286.0098668459468,pobre,basal,6,500.0,623.76099,1.0,35.0,7,437,23240,0,1.0
97,1.0,0.0,2.404,0.0,9.0,5,38.771272631569,81.57272490935685,no pobre,0,2,750.0,1013.547,1.0,36.0,16,476,23241,9,0.0
98,1.0,0.0,2.404,,,5,38.771272631569,81.57272490935685,no pobre,0,2,750.0,1013.547,1.0,36.0,17,476,23241,9,0.0
97,0.0,0.0,2.404,1.0,9.0,5,38.771272631569,81.57272490935685,no pobre,0,2,750.0,1013.547,1.0,36.0,14,476,23242,9,1.0
98,0.0,0.0,2.404,1.0,10.0,5,38.771272631569,81.57272490935685,no pobre,0,2,750.0,1013.547,1.0,36.0,15,476,23242,9,1.0
97,1.0,0.0,2.404,1.0,5.0,5,38.771272631569,81.57272490935685,no pobre,0,2,750.0,1013.547,1.0,36.0,13,476,23243,5,1.0
98,1.0,0.0,2.404,0.0,6.0,5,38.771272631569,81.57272490935685,no pobre,0,2,750.0,1013.547,1.0,36.0,14,476,23243,5,1.0
97,0.0,1.0,2.404,,0.0,6,38.771272631569,81.57272490935685,pobre,0,2,750.0,653.0,1.0,48.0,16,476,23244,0,
98,0.0,1.0,2.404,,,6,38.771272631569,81.57272490935685,pobre,0,2,750.0,653.0,1.0,48.0,17,476,23244,0,
97,1.0,1.0,2.404,,0.0,6,38.771272631569,81.57272490935685,pobre,0,2,750.0,653.0,1.0,48.0,11,476,23245,0,
98,1.0,1.0,2.404,,,6,38.771272631569,81.57272490935685,pobre,0,2,750.0,653.0,1.0,48.0,12,476,23245,0,
97,0.0,1.0,2.404,,0.0,6,38.771272631569,81.57272490935685,pobre,0,2,750.0,653.0,1.0,48.0,7,476,23246,0,
98,0.0,1.0,2.404,,,6,38.771272631569,81.57272490935685,pobre,0,2,750.0,653.0,1.0,48.0,8,476,23246,0,
97,1.0,0.0,2.404,1.0,9.0,6,38.771272631569,81.57272490935685,no pobre,0,2,625.0,885.0,1.0,66.0,15,476,23247,9,1.0
98,1.0,0.0,2.404,0.0,9.0,6,38.771272631569,81.57272490935685,no pobre,0,2,625.0,885.0,1.0,66.0,16,476,23247,9,1.0
97,1.0,0.0,2.404,1.0,4.0,6,38.771272631569,81.57272490935685,no pobre,0,2,625.0,885.0,1.0,66.0,10,476,23248,4,1.0
98,1.0,0.0,2.404,1.0,5.0,6,38.771272631569,81.57272490935685,no pobre,0,2,625.0,885.0,1.0,66.0,11,476,23248,4,1.0
97,0.0,0.0,1.801,1.0,5.0,3,96.29018455336102,134.8272406294017,pobre,0,1,625.0,780.0,0.0,48.0,13,470,23249,5,1.0
98,0.0,0.0,1.801,,,3,96.29018455336102,134.8272406294017,pobre,0,1,625.0,780.0,0.0,48.0,14,470,23249,5,1.0
97,1.0,1.0,4.4390001,1.0,2.0,6,141.0977350861535,286.0098668459468,pobre,basal,6,500.0,586.0,1.0,26.0,8,437,23250,2,1.0
98,1.0,1.0,4.4390001,1.0,3.0,6,141.0977350861535,286.0098668459468,pobre,basal,6,500.0,586.0,1.0,26.0,9,437,23250,2,1.0
97,1.0,1.0,4.4390001,1.0,1.0,6,141.0977350861535,286.0098668459468,pobre,basal,6,500.0,586.0,1.0,26.0,7,437,23251,1,1.0
98,1.0,1.0,4.4390001,1.0,2.0,6,141.0977350861535,286.0098668459468,pobre,basal,6,500.0,586.0,1.0,26.0,8,437,23251,1,1.0
97,0.0,1.0,4.4390001,1.0,6.0,6,141.0977350861535,286.0098668459468,pobre,basal,3,500.0,663.0,1.0,41.0,12,437,23252,6,1.0
98,0.0,1.0,4.4390001,1.0,6.0,6,141.0977350861535,286.0098668459468,pobre,basal,3,500.0,663.0,1.0,41.0,13,437,23252,6,1.0
97,0.0,1.0,4.4390001,1.0,2.0,6,141.0977350861535,286.0098668459468,pobre,basal,3,500.0,663.0,1.0,41.0,8,437,23253,2,1.0
98,0.0,1.0,4.4390001,1.0,3.0,6,141.0977350861535,286.0098668459468,pobre,basal,3,500.0,663.0,1.0,41.0,9,437,23253,2,1.0
97,0.0,1.0,1.9400001,1.0,8.0,5,153.0301579331661,277.4332576270081,pobre,basal,6,375.0,740.0,1.0,47.0,13,428,23254,8,1.0
98,0.0,1.0,1.9400001,,,5,153.0301579331661,277.4332576270081,pobre,basal,6,375.0,740.0,1.0,47.0,14,428,23254,8,1.0
97,0.0,1.0,1.9400001,1.0,5.0,5,153.0301579331661,277.4332576270081,pobre,basal,6,375.0,740.0,1.0,47.0,11,428,23255,5,1.0
98,0.0,1.0,1.9400001,0.0,6.0,5,153.0301579331661,277.4332576270081,pobre,basal,6,375.0,740.0,1.0,47.0,12,428,23255,5,1.0
97,1.0,1.0,1.9400001,1.0,1.0,5,153.0301579331661,277.4332576270081,pobre,basal,6,375.0,740.0,1.0,47.0,7,428,23256,1,1.0
98,1.0,1.0,1.9400001,1.0,2.0,5,153.0301579331661,277.4332576270081,pobre,basal,6,375.0,740.0,1.0,47.0,8,428,23256,1,1.0
97,0.0,1.0,1.9400001,1.0,7.0,4,153.0301579331661,277.4332576270081,pobre,basal,6,375.0,767.0,1.0,43.0,13,428,23257,7,1.0
98,0.0,1.0,1.9400001,1.0,8.0,4,153.0301579331661,277.4332576270081,pobre,basal,6,375.0,767.0,1.0,43.0,14,428,23257,7,1.0
97,1.0,1.0,1.9400001,1.0,0.0,4,153.0301579331661,277.4332576270081,pobre,basal,6,375.0,767.0,1.0,43.0,6,428,23258,0,1.0
98,1.0,1.0,1.9400001,1.0,1.0,4,153.0301579331661,277.4332576270081,pobre,basal,6,375.0,767.0,1.0,43.0,7,428,23258,0,1.0
97,0.0,1.0,1.9400001,1.0,8.0,6,153.0301579331661,277.4332576270081,pobre,basal,6,375.0,689.0,1.0,44.0,15,428,23259,8,1.0
98,0.0,1.0,1.9400001,0.0,6.0,6,153.0301579331661,277.4332576270081,pobre,basal,6,375.0,689.0,1.0,44.0,16,428,23259,8,1.0
97,0.0,1.0,1.9400001,1.0,4.0,6,153.0301579331661,277.4332576270081,pobre,basal,6,375.0,689.0,1.0,44.0,11,428,23260,4,1.0
98,0.0,1.0,1.9400001,1.0,5.0,6,153.0301579331661,277.4332576270081,pobre,basal,6,375.0,689.0,1.0,44.0,12,428,23260,4,1.0
97,1.0,1.0,1.9400001,1.0,1.0,6,153.0301579331661,277.4332576270081,pobre,basal,6,375.0,689.0,1.0,44.0,7,428,23261,1,1.0
98,1.0,1.0,1.9400001,1.0,2.0,6,153.0301579331661,277.4332576270081,pobre,basal,6,375.0,689.0,1.0,44.0,8,428,23261,1,1.0
97,1.0,1.0,1.9400001,1.0,9.0,7,153.0301579331661,277.4332576270081,pobre,basal,6,375.0,659.0,1.0,39.0,15,428,23262,9,1.0
98,1.0,1.0,1.9400001,1.0,10.0,7,153.0301579331661,277.4332576270081,pobre,basal,6,375.0,659.0,1.0,39.0,16,428,23262,9,1.0
97,1.0,1.0,1.9400001,1.0,2.0,7,153.0301579331661,277.4332576270081,pobre,basal,6,375.0,659.0,1.0,39.0,9,428,23263,2,1.0
98,1.0,1.0,1.9400001,1.0,3.0,7,153.0301579331661,277.4332576270081,pobre,basal,6,375.0,659.0,1.0,39.0,10,428,23263,2,1.0
97,1.0,1.0,1.9400001,1.0,1.0,7,153.0301579331661,277.4332576270081,pobre,basal,6,375.0,659.0,1.0,39.0,7,428,23264,1,1.0
98,1.0,1.0,1.9400001,1.0,2.0,7,153.0301579331661,277.4332576270081,pobre,basal,6,375.0,659.0,1.0,39.0,8,428,23264,1,1.0
97,1.0,1.0,1.9400001,1.0,8.0,3,153.0301579331661,277.4332576270081,pobre,basal,16,2400.0,802.0,1.0,25.0,15,428,23265,8,1.0
98,1.0,1.0,1.9400001,0.0,6.0,3,153.0301579331661,277.4332576270081,pobre,basal,16,2400.0,802.0,1.0,25.0,16,428,23265,8,1.0
97,1.0,1.0,1.9400001,1.0,2.0,7,153.0301579331661,277.4332576270081,pobre,basal,2,0.0,737.0,0.0,53.0,8,428,23266,2,1.0
98,1.0,1.0,1.9400001,1.0,2.0,7,153.0301579331661,277.4332576270081,pobre,basal,2,0.0,737.0,0.0,53.0,9,428,23266,2,1.0
97,1.0,1.0,1.9400001,1.0,9.0,6,153.0301579331661,277.4332576270081,pobre,basal,6,375.0,696.0,1.0,37.0,16,428,23267,9,1.0
98,1.0,1.0,1.9400001,,,6,153.0301579331661,277.4332576270081,pobre,basal,6,375.0,696.0,1.0,37.0,17,428,23267,9,1.0
97,1.0,1.0,1.9400001,1.0,1.0,6,153.0301579331661,277.4332576270081,pobre,basal,6,375.0,696.0,1.0,37.0,14,428,23268,1,1.0
98,1.0,1.0,1.9400001,0.0,9.0,6,153.0301579331661,277.4332576270081,pobre,basal,6,375.0,696.0,1.0,37.0,15,428,23268,1,1.0
97,0.0,1.0,1.9400001,1.0,3.0,6,153.0301579331661,277.4332576270081,pobre,basal,6,375.0,696.0,1.0,37.0,10,428,23269,3,1.0
98,0.0,1.0,1.9400001,1.0,4.0,6,153.0301579331661,277.4332576270081,pobre,basal,6,375.0,696.0,1.0,37.0,11,428,23269,3,1.0
97,1.0,1.0,1.9400001,1.0,0.0,6,153.0301579331661,277.4332576270081,pobre,basal,6,375.0,696.0,1.0,37.0,6,428,23270,0,1.0
98,1.0,1.0,1.9400001,1.0,1.0,6,153.0301579331661,277.4332576270081,pobre,basal,6,375.0,696.0,1.0,37.0,7,428,23270,0,1.0
97,0.0,1.0,1.9400001,1.0,3.0,3,153.0301579331661,277.4332576270081,pobre,basal,6,375.0,764.0,1.0,21.0,9,428,23271,3,1.0
98,0.0,1.0,1.9400001,1.0,3.0,3,153.0301579331661,277.4332576270081,pobre,basal,6,375.0,764.0,1.0,21.0,10,428,23271,3,1.0
97,1.0,1.0,1.9400001,1.0,5.0,4,153.0301579331661,277.4332576270081,pobre,basal,4,375.0,795.0,1.0,46.0,13,428,23272,5,1.0
98,1.0,1.0,1.9400001,1.0,6.0,4,153.0301579331661,277.4332576270081,pobre,basal,4,375.0,795.0,1.0,46.0,14,428,23272,5,1.0
97,1.0,1.0,1.9400001,1.0,4.0,4,153.0301579331661,277.4332576270081,pobre,basal,4,375.0,795.0,1.0,46.0,11,428,23273,4,1.0
98,1.0,1.0,1.9400001,1.0,5.0,4,153.0301579331661,277.4332576270081,pobre,basal,4,375.0,795.0,1.0,46.0,12,428,23273,4,1.0
97,1.0,1.0,1.9400001,1.0,7.0,6,153.0301579331661,277.4332576270081,pobre,basal,3,375.0,651.0,1.0,39.0,13,428,23274,7,1.0
98,1.0,1.0,1.9400001,1.0,8.0,6,153.0301579331661,277.4332576270081,pobre,basal,3,375.0,651.0,1.0,39.0,14,428,23274,7,1.0
97,1.0,1.0,1.9400001,1.0,0.0,6,153.0301579331661,277.4332576270081,pobre,basal,3,375.0,651.0,1.0,39.0,6,428,23275,0,1.0
98,1.0,1.0,1.9400001,1.0,0.0,6,153.0301579331661,277.4332576270081,pobre,basal,3,375.0,651.0,1.0,39.0,7,428,23275,0,1.0
97,0.0,1.0,1.9400001,1.0,5.0,6,153.0301579331661,277.4332576270081,pobre,basal,6,500.0,675.0,1.0,34.0,11,428,23276,5,1.0
98,0.0,1.0,1.9400001,1.0,6.0,6,153.0301579331661,277.4332576270081,pobre,basal,6,500.0,675.0,1.0,34.0,12,428,23276,5,1.0
97,0.0,1.0,1.9400001,1.0,2.0,6,153.0301579331661,277.4332576270081,pobre,basal,6,500.0,675.0,1.0,34.0,8,428,23277,2,1.0
98,0.0,1.0,1.9400001,1.0,3.0,6,153.0301579331661,277.4332576270081,pobre,basal,6,500.0,675.0,1.0,34.0,9,428,23277,2,1.0
97,0.0,1.0,1.9400001,1.0,2.0,4,153.0301579331661,277.4332576270081,pobre,basal,16,2400.0,899.97699,1.0,36.0,8,428,23278,2,1.0
98,0.0,1.0,1.9400001,1.0,3.0,4,153.0301579331661,277.4332576270081,pobre,basal,16,2400.0,899.97699,1.0,36.0,9,428,23278,2,1.0
97,1.0,1.0,1.9400001,1.0,0.0,4,153.0301579331661,277.4332576270081,pobre,basal,16,2400.0,899.97699,1.0,36.0,6,428,23279,0,1.0
98,1.0,1.0,1.9400001,1.0,0.0,4,153.0301579331661,277.4332576270081,pobre,basal,16,2400.0,899.97699,1.0,36.0,7,428,23279,0,1.0
97,0.0,1.0,4.302,1.0,6.0,5,141.8934480113655,284.1669175236383,pobre,basal,5,500.0,850.0,1.0,38.0,13,434,23280,6,1.0
98,0.0,1.0,4.302,1.0,7.0,5,141.8934480113655,284.1669175236383,pobre,basal,5,500.0,850.0,1.0,38.0,14,434,23280,6,1.0
97,1.0,1.0,4.302,1.0,4.0,5,141.8934480113655,284.1669175236383,pobre,basal,5,500.0,850.0,1.0,38.0,10,434,23281,4,1.0
98,1.0,1.0,4.302,1.0,5.0,5,141.8934480113655,284.1669175236383,pobre,basal,5,500.0,850.0,1.0,38.0,11,434,23281,4,1.0
97,0.0,1.0,4.302,1.0,2.0,5,141.8934480113655,284.1669175236383,pobre,basal,5,500.0,850.0,1.0,38.0,8,434,23282,2,1.0
98,0.0,1.0,4.302,1.0,3.0,5,141.8934480113655,284.1669175236383,pobre,basal,5,500.0,850.0,1.0,38.0,9,434,23282,2,1.0
97,1.0,1.0,4.302,1.0,0.0,4,141.8934480113655,284.1669175236383,pobre,basal,9,625.0,723.0,1.0,28.0,7,434,23283,0,1.0
98,1.0,1.0,4.302,1.0,1.0,4,141.8934480113655,284.1669175236383,pobre,basal,9,625.0,723.0,1.0,28.0,8,434,23283,0,1.0
97,0.0,1.0,2.119,1.0,4.0,4,153.0118503700081,287.475370239123,pobre,basal,3,375.0,607.0,1.0,42.0,11,422,23284,4,1.0
98,0.0,1.0,2.119,,,4,153.0118503700081,287.475370239123,pobre,basal,3,375.0,607.0,1.0,42.0,12,422,23284,4,1.0
97,0.0,1.0,2.119,1.0,0.0,6,153.0118503700081,287.475370239123,pobre,basal,2,360.0,769.0,1.0,55.0,6,422,23285,0,1.0
98,0.0,1.0,2.119,1.0,0.0,6,153.0118503700081,287.475370239123,pobre,basal,2,360.0,769.0,1.0,55.0,7,422,23285,0,1.0
97,1.0,1.0,4.4390001,1.0,5.0,9,141.0977350861535,286.0098668459468,pobre,basal,3,500.0,617.0,1.0,46.0,13,437,23286,5,1.0
98,1.0,1.0,4.4390001,1.0,6.0,9,141.0977350861535,286.0098668459468,pobre,basal,3,500.0,617.0,1.0,46.0,14,437,23286,5,1.0
97,0.0,1.0,4.4390001,1.0,2.0,9,141.0977350861535,286.0098668459468,pobre,basal,3,500.0,617.0,1.0,46.0,9,437,23287,2,1.0
98,0.0,1.0,4.4390001,1.0,3.0,9,141.0977350861535,286.0098668459468,pobre,basal,3,500.0,617.0,1.0,46.0,10,437,23287,2,1.0
97,0.0,1.0,4.4390001,1.0,1.0,9,141.0977350861535,286.0098668459468,pobre,basal,3,500.0,617.0,1.0,46.0,7,437,23288,1,1.0
98,0.0,1.0,4.4390001,1.0,2.0,9,141.0977350861535,286.0098668459468,pobre,basal,3,500.0,617.0,1.0,46.0,8,437,23288,1,1.0
97,0.0,1.0,4.4390001,1.0,0.0,9,141.0977350861535,286.0098668459468,pobre,basal,3,500.0,617.0,1.0,46.0,6,437,23289,0,1.0
98,0.0,1.0,4.4390001,1.0,1.0,9,141.0977350861535,286.0098668459468,pobre,basal,3,500.0,617.0,1.0,46.0,7,437,23289,0,1.0
97,1.0,1.0,2.848,1.0,6.0,7,156.9623114120321,265.9135776509436,pobre,0,0,500.0,520.5,1.0,34.0,13,423,23290,6,1.0
98,1.0,1.0,2.848,1.0,7.0,7,156.9623114120321,265.9135776509436,pobre,0,0,500.0,520.5,1.0,34.0,14,423,23290,6,1.0
97,0.0,1.0,2.848,1.0,2.0,7,156.9623114120321,265.9135776509436,pobre,0,0,500.0,520.5,1.0,34.0,7,423,23291,2,1.0
98,0.0,1.0,2.848,1.0,3.0,7,156.9623114120321,265.9135776509436,pobre,0,0,500.0,520.5,1.0,34.0,8,423,23291,2,1.0
97,1.0,1.0,2.848,1.0,8.0,7,156.9623114120321,265.9135776509436,pobre,0,6,500.0,609.0,1.0,35.0,15,423,23292,8,1.0
98,1.0,1.0,2.848,1.0,9.0,7,156.9623114120321,265.9135776509436,pobre,0,6,500.0,609.0,1.0,35.0,16,423,23292,8,1.0
97,0.0,1.0,2.848,1.0,4.0,7,156.9623114120321,265.9135776509436,pobre,0,6,500.0,609.0,1.0,35.0,12,423,23293,4,1.0
98,0.0,1.0,2.848,1.0,6.0,7,156.9623114120321,265.9135776509436,pobre,0,6,500.0,609.0,1.0,35.0,13,423,23293,4,1.0
97,1.0,1.0,2.848,1.0,1.0,7,156.9623114120321,265.9135776509436,pobre,0,6,500.0,609.0,1.0,35.0,7,423,23294,1,1.0
98,1.0,1.0,2.848,1.0,2.0,7,156.9623114120321,265.9135776509436,pobre,0,6,500.0,609.0,1.0,35.0,8,423,23294,1,1.0
97,0.0,1.0,2.848,1.0,8.0,6,156.9623114120321,265.9135776509436,pobre,0,6,500.0,665.0,1.0,39.0,13,423,23295,8,1.0
98,0.0,1.0,2.848,0.0,9.0,6,156.9623114120321,265.9135776509436,pobre,0,6,500.0,665.0,1.0,39.0,14,423,23295,8,1.0
97,0.0,1.0,2.848,1.0,1.0,6,156.9623114120321,265.9135776509436,pobre,0,6,500.0,665.0,1.0,39.0,6,423,23296,1,1.0
98,0.0,1.0,2.848,1.0,2.0,6,156.9623114120321,265.9135776509436,pobre,0,6,500.0,665.0,1.0,39.0,7,423,23296,1,1.0
97,1.0,1.0,2.848,0.0,9.0,9,156.9623114120321,265.9135776509436,pobre,0,3,500.0,649.0,1.0,54.0,15,423,23297,9,0.0
98,1.0,1.0,2.848,1.0,9.0,9,156.9623114120321,265.9135776509436,pobre,0,3,500.0,649.0,1.0,54.0,16,423,23297,9,0.0
97,0.0,1.0,2.848,0.0,8.0,9,156.9623114120321,265.9135776509436,pobre,0,3,500.0,649.0,1.0,54.0,14,423,23298,8,0.0
98,0.0,1.0,2.848,1.0,8.0,9,156.9623114120321,265.9135776509436,pobre,0,3,500.0,649.0,1.0,54.0,15,423,23298,8,0.0
97,1.0,1.0,2.848,1.0,5.0,9,156.9623114120321,265.9135776509436,pobre,0,3,500.0,649.0,1.0,54.0,12,423,23299,5,1.0
98,1.0,1.0,2.848,1.0,5.0,9,156.9623114120321,265.9135776509436,pobre,0,3,500.0,649.0,1.0,54.0,13,423,23299,5,1.0
97,1.0,1.0,2.848,1.0,3.0,9,156.9623114120321,265.9135776509436,pobre,0,3,500.0,649.0,1.0,54.0,10,423,23300,3,1.0
98,1.0,1.0,2.848,1.0,3.0,9,156.9623114120321,265.9135776509436,pobre,0,3,500.0,649.0,1.0,54.0,11,423,23300,3,1.0
97,0.0,1.0,2.848,1.0,2.0,9,156.9623114120321,265.9135776509436,pobre,0,3,500.0,649.0,1.0,54.0,8,423,23301,2,1.0
98,0.0,1.0,2.848,1.0,2.0,9,156.9623114120321,265.9135776509436,pobre,0,3,500.0,649.0,1.0,54.0,9,423,23301,2,1.0
97,0.0,1.0,2.848,0.0,9.0,4,156.9623114120321,265.9135776509436,pobre,0,3,500.0,769.0,1.0,50.0,16,423,23302,9,0.0
98,0.0,1.0,2.848,,,4,156.9623114120321,265.9135776509436,pobre,0,3,500.0,769.0,1.0,50.0,17,423,23302,9,0.0
97,1.0,1.0,2.848,1.0,4.0,4,156.9623114120321,265.9135776509436,pobre,0,3,500.0,769.0,1.0,50.0,10,423,23303,4,1.0
98,1.0,1.0,2.848,1.0,5.0,4,156.9623114120321,265.9135776509436,pobre,0,3,500.0,769.0,1.0,50.0,11,423,23303,4,1.0
97,1.0,1.0,2.119,1.0,7.0,4,153.0118503700081,287.475370239123,pobre,basal,3,375.0,733.0,1.0,43.0,14,422,23304,7,1.0
98,1.0,1.0,2.119,1.0,7.0,4,153.0118503700081,287.475370239123,pobre,basal,3,375.0,733.0,1.0,43.0,15,422,23304,7,1.0
97,0.0,1.0,2.119,1.0,2.0,4,153.0118503700081,287.475370239123,pobre,basal,3,375.0,733.0,1.0,43.0,11,422,23305,2,1.0
98,0.0,1.0,2.119,1.0,2.0,4,153.0118503700081,287.475370239123,pobre,basal,3,375.0,733.0,1.0,43.0,12,422,23305,2,1.0
97,0.0,1.0,0.0,1.0,3.0,6,132.2986472840597,194.1487926636843,pobre,0,4,625.0,616.0,1.0,34.0,10,320,23306,3,1.0
98,0.0,1.0,0.0,1.0,3.0,6,132.2986472840597,194.1487926636843,pobre,0,4,625.0,616.0,1.0,34.0,11,320,23306,3,1.0
97,1.0,1.0,0.0,1.0,0.0,6,132.2986472840597,194.1487926636843,pobre,0,4,625.0,616.0,1.0,34.0,6,320,23307,0,1.0
98,1.0,1.0,0.0,1.0,0.0,6,132.2986472840597,194.1487926636843,pobre,0,4,625.0,616.0,1.0,34.0,7,320,23307,0,1.0
97,1.0,1.0,0.0,1.0,7.0,7,132.2986472840597,194.1487926636843,pobre,0,4,625.0,626.0,1.0,36.0,14,320,23308,7,1.0
98,1.0,1.0,0.0,0.0,8.0,7,132.2986472840597,194.1487926636843,pobre,0,4,625.0,626.0,1.0,36.0,15,320,23308,7,1.0
97,1.0,1.0,0.0,1.0,5.0,7,132.2986472840597,194.1487926636843,pobre,0,4,625.0,626.0,1.0,36.0,12,320,23309,5,1.0
98,1.0,1.0,0.0,1.0,6.0,7,132.2986472840597,194.1487926636843,pobre,0,4,625.0,626.0,1.0,36.0,13,320,23309,5,1.0
97,1.0,1.0,0.0,1.0,0.0,7,132.2986472840597,194.1487926636843,pobre,0,4,625.0,626.0,1.0,36.0,8,320,23310,0,1.0
98,1.0,1.0,0.0,1.0,1.0,7,132.2986472840597,194.1487926636843,pobre,0,4,625.0,626.0,1.0,36.0,9,320,23310,0,1.0
97,0.0,1.0,0.0,1.0,8.0,8,132.2986472840597,194.1487926636843,no pobre,0,16,3200.0,1094.0,1.0,37.0,14,320,23311,8,1.0
98,0.0,1.0,0.0,1.0,9.0,8,132.2986472840597,194.1487926636843,no pobre,0,16,3200.0,1094.0,1.0,37.0,15,320,23311,8,1.0
97,1.0,1.0,0.0,1.0,7.0,8,132.2986472840597,194.1487926636843,no pobre,0,16,3200.0,1094.0,1.0,37.0,13,320,23312,7,1.0
98,1.0,1.0,0.0,1.0,8.0,8,132.2986472840597,194.1487926636843,no pobre,0,16,3200.0,1094.0,1.0,37.0,14,320,23312,7,1.0
97,0.0,1.0,0.0,1.0,4.0,8,132.2986472840597,194.1487926636843,no pobre,0,16,3200.0,1094.0,1.0,37.0,10,320,23313,4,1.0
98,0.0,1.0,0.0,1.0,5.0,8,132.2986472840597,194.1487926636843,no pobre,0,16,3200.0,1094.0,1.0,37.0,11,320,23313,4,1.0
97,0.0,1.0,0.0,,0.0,8,132.2986472840597,194.1487926636843,no pobre,0,16,3200.0,1094.0,1.0,37.0,6,320,23314,0,
98,0.0,1.0,0.0,,,8,132.2986472840597,194.1487926636843,no pobre,0,16,3200.0,1094.0,1.0,37.0,7,320,23314,0,
97,0.0,1.0,0.0,1.0,5.0,7,132.2986472840597,194.1487926636843,pobre,0,1,625.0,628.0,1.0,54.0,12,320,23315,5,1.0
98,0.0,1.0,0.0,1.0,6.0,7,132.2986472840597,194.1487926636843,pobre,0,1,625.0,628.0,1.0,54.0,13,320,23315,5,1.0
97,0.0,1.0,0.0,1.0,4.0,7,132.2986472840597,194.1487926636843,pobre,0,1,625.0,628.0,1.0,54.0,11,320,23316,4,1.0
98,0.0,1.0,0.0,1.0,5.0,7,132.2986472840597,194.1487926636843,pobre,0,1,625.0,628.0,1.0,54.0,12,320,23316,4,1.0
97,0.0,1.0,0.0,1.0,0.0,7,132.2986472840597,194.1487926636843,pobre,0,1,625.0,628.0,1.0,54.0,7,320,23317,0,1.0
98,0.0,1.0,0.0,1.0,1.0,7,132.2986472840597,194.1487926636843,pobre,0,1,625.0,628.0,1.0,54.0,8,320,23317,0,1.0
97,0.0,1.0,0.0,1.0,5.0,7,132.2986472840597,194.1487926636843,pobre,0,6,480.0,663.0,1.0,30.0,11,320,23318,5,1.0
98,0.0,1.0,0.0,1.0,6.0,7,132.2986472840597,194.1487926636843,pobre,0,6,480.0,663.0,1.0,30.0,12,320,23318,5,1.0
97,0.0,1.0,0.0,1.0,3.0,7,132.2986472840597,194.1487926636843,pobre,0,6,480.0,663.0,1.0,30.0,9,320,23319,3,1.0
98,0.0,1.0,0.0,1.0,4.0,7,132.2986472840597,194.1487926636843,pobre,0,6,480.0,663.0,1.0,30.0,10,320,23319,3,1.0
97,1.0,1.0,0.0,1.0,1.0,3,132.2986472840597,194.1487926636843,pobre,0,9,625.0,785.0,1.0,42.0,9,320,23320,1,1.0
98,1.0,1.0,0.0,1.0,2.0,3,132.2986472840597,194.1487926636843,pobre,0,9,625.0,785.0,1.0,42.0,10,320,23320,1,1.0
97,1.0,1.0,0.0,1.0,8.0,6,132.2986472840597,194.1487926636843,no pobre,0,3,500.0,829.0,1.0,58.0,15,320,23321,8,1.0
98,1.0,1.0,0.0,0.0,9.0,6,132.2986472840597,194.1487926636843,no pobre,0,3,500.0,829.0,1.0,58.0,16,320,23321,8,1.0
97,0.0,1.0,0.0,1.0,3.0,6,132.2986472840597,194.1487926636843,no pobre,0,3,500.0,829.0,1.0,58.0,11,320,23322,3,1.0
98,0.0,1.0,0.0,1.0,4.0,6,132.2986472840597,194.1487926636843,no pobre,0,3,500.0,829.0,1.0,58.0,12,320,23322,3,1.0
97,1.0,1.0,0.0,1.0,8.0,10,132.2986472840597,194.1487926636843,no pobre,0,4,240.0,854.0,0.0,58.0,15,320,23323,8,1.0
98,1.0,1.0,0.0,1.0,9.0,10,132.2986472840597,194.1487926636843,no pobre,0,4,240.0,854.0,0.0,58.0,16,320,23323,8,1.0
97,0.0,1.0,0.0,1.0,5.0,10,132.2986472840597,194.1487926636843,no pobre,0,4,240.0,854.0,0.0,58.0,11,320,23324,5,1.0
98,0.0,1.0,0.0,1.0,6.0,10,132.2986472840597,194.1487926636843,no pobre,0,4,240.0,854.0,0.0,58.0,12,320,23324,5,1.0
97,0.0,1.0,0.0,1.0,1.0,10,132.2986472840597,194.1487926636843,no pobre,0,4,240.0,854.0,0.0,58.0,7,320,23325,1,1.0
98,0.0,1.0,0.0,1.0,2.0,10,132.2986472840597,194.1487926636843,no pobre,0,4,240.0,854.0,0.0,58.0,8,320,23325,1,1.0
97,0.0,1.0,0.0,0.0,9.0,6,132.2986472840597,194.1487926636843,pobre,0,0,0.0,737.0,1.0,86.0,16,320,23326,9,0.0
98,0.0,1.0,0.0,,,6,132.2986472840597,194.1487926636843,pobre,0,0,0.0,737.0,1.0,86.0,17,320,23326,9,0.0
97,0.0,1.0,0.0,1.0,6.0,6,132.2986472840597,194.1487926636843,pobre,0,0,0.0,737.0,1.0,86.0,12,320,23327,6,1.0
98,0.0,1.0,0.0,1.0,7.0,6,132.2986472840597,194.1487926636843,pobre,0,0,0.0,737.0,1.0,86.0,13,320,23327,6,1.0
97,0.0,1.0,0.0,1.0,2.0,6,132.2986472840597,194.1487926636843,pobre,0,0,0.0,737.0,1.0,86.0,8,320,23328,2,1.0
98,0.0,1.0,0.0,1.0,3.0,6,132.2986472840597,194.1487926636843,pobre,0,0,0.0,737.0,1.0,86.0,9,320,23328,2,1.0
97,1.0,1.0,0.0,1.0,3.0,4,132.2986472840597,194.1487926636843,pobre,0,6,500.0,587.0,1.0,34.0,9,320,23329,3,1.0
98,1.0,1.0,0.0,1.0,4.0,4,132.2986472840597,194.1487926636843,pobre,0,6,500.0,587.0,1.0,34.0,10,320,23329,3,1.0
97,0.0,1.0,0.0,1.0,6.0,4,132.2986472840597,194.1487926636843,pobre,0,6,625.0,716.0,1.0,34.0,12,320,23330,6,1.0
98,0.0,1.0,0.0,1.0,7.0,4,132.2986472840597,194.1487926636843,pobre,0,6,625.0,716.0,1.0,34.0,13,320,23330,6,1.0
97,0.0,1.0,0.0,1.0,3.0,4,132.2986472840597,194.1487926636843,pobre,0,6,625.0,716.0,1.0,34.0,9,320,23331,3,1.0
98,0.0,1.0,0.0,1.0,4.0,4,132.2986472840597,194.1487926636843,pobre,0,6,625.0,716.0,1.0,34.0,10,320,23331,3,1.0
97,1.0,1.0,0.0,1.0,3.0,4,132.2986472840597,194.1487926636843,pobre,0,6,500.0,713.0,1.0,34.0,11,320,23332,3,1.0
98,1.0,1.0,0.0,1.0,4.0,4,132.2986472840597,194.1487926636843,pobre,0,6,500.0,713.0,1.0,34.0,12,320,23332,3,1.0
97,0.0,1.0,0.0,1.0,0.0,4,132.2986472840597,194.1487926636843,pobre,0,6,500.0,713.0,1.0,34.0,6,320,23333,0,1.0
98,0.0,1.0,0.0,1.0,1.0,4,132.2986472840597,194.1487926636843,pobre,0,6,500.0,713.0,1.0,34.0,7,320,23333,0,1.0
97,1.0,1.0,0.0,1.0,0.0,9,132.2986472840597,194.1487926636843,pobre,0,2,0.0,727.5,1.0,69.0,7,320,23334,0,1.0
98,1.0,1.0,0.0,1.0,1.0,9,132.2986472840597,194.1487926636843,pobre,0,2,0.0,727.5,1.0,69.0,8,320,23334,0,1.0
97,0.0,1.0,0.0,1.0,0.0,9,132.2986472840597,194.1487926636843,pobre,0,2,0.0,727.5,1.0,69.0,6,320,23335,0,1.0
98,0.0,1.0,0.0,1.0,1.0,9,132.2986472840597,194.1487926636843,pobre,0,2,0.0,727.5,1.0,69.0,7,320,23335,0,1.0
97,1.0,1.0,0.0,1.0,4.0,9,132.2986472840597,194.1487926636843,pobre,0,2,0.0,727.5,1.0,69.0,16,320,23336,4,1.0
98,1.0,1.0,0.0,,,9,132.2986472840597,194.1487926636843,pobre,0,2,0.0,727.5,1.0,69.0,17,320,23336,4,1.0
97,1.0,1.0,0.0,1.0,1.0,9,132.2986472840597,194.1487926636843,pobre,0,2,0.0,727.5,1.0,69.0,9,320,23337,1,1.0
98,1.0,1.0,0.0,1.0,2.0,9,132.2986472840597,194.1487926636843,pobre,0,2,0.0,727.5,1.0,69.0,10,320,23337,1,1.0
97,0.0,1.0,0.0,1.0,9.0,9,132.2986472840597,194.1487926636843,pobre,0,4,0.0,811.5,1.0,73.0,16,320,23338,9,1.0
98,0.0,1.0,0.0,,,9,132.2986472840597,194.1487926636843,pobre,0,4,0.0,811.5,1.0,73.0,17,320,23338,9,1.0
97,0.0,1.0,0.0,1.0,7.0,9,132.2986472840597,194.1487926636843,pobre,0,4,0.0,811.5,1.0,73.0,13,320,23339,7,1.0
98,0.0,1.0,0.0,1.0,8.0,9,132.2986472840597,194.1487926636843,pobre,0,4,0.0,811.5,1.0,73.0,14,320,23339,7,1.0
97,1.0,1.0,0.0,0.0,9.0,11,132.2986472840597,194.1487926636843,no pobre,0,2,125.0,958.14001,1.0,57.0,15,320,23340,9,0.0
98,1.0,1.0,0.0,0.0,9.0,11,132.2986472840597,194.1487926636843,no pobre,0,2,125.0,958.14001,1.0,57.0,16,320,23340,9,0.0
97,1.0,1.0,0.0,1.0,6.0,11,132.2986472840597,194.1487926636843,no pobre,0,2,125.0,958.14001,1.0,57.0,14,320,23341,6,1.0
98,1.0,1.0,0.0,1.0,7.0,11,132.2986472840597,194.1487926636843,no pobre,0,2,125.0,958.14001,1.0,57.0,15,320,23341,6,1.0
97,1.0,1.0,0.0,1.0,2.0,4,132.2986472840597,194.1487926636843,pobre,0,6,625.0,687.0,1.0,32.0,9,320,23342,2,1.0
98,1.0,1.0,0.0,1.0,3.0,4,132.2986472840597,194.1487926636843,pobre,0,6,625.0,687.0,1.0,32.0,10,320,23342,2,1.0
97,1.0,1.0,0.0,1.0,0.0,8,132.2986472840597,194.1487926636843,no pobre,0,0,0.0,799.0,0.0,84.0,6,320,23343,0,1.0
98,1.0,1.0,0.0,1.0,1.0,8,132.2986472840597,194.1487926636843,no pobre,0,0,0.0,799.0,0.0,84.0,7,320,23343,0,1.0
97,0.0,1.0,0.0,1.0,10.0,5,132.2986472840597,194.1487926636843,no pobre,0,13,2800.0,1073.5,1.0,40.0,16,320,23344,10,1.0
98,0.0,1.0,0.0,,,5,132.2986472840597,194.1487926636843,no pobre,0,13,2800.0,1073.5,1.0,40.0,17,320,23344,10,1.0
97,1.0,1.0,0.0,1.0,9.0,5,132.2986472840597,194.1487926636843,no pobre,0,13,2800.0,1073.5,1.0,40.0,15,320,23345,9,1.0
98,1.0,1.0,0.0,,,5,132.2986472840597,194.1487926636843,no pobre,0,13,2800.0,1073.5,1.0,40.0,16,320,23345,9,1.0
97,1.0,1.0,0.0,1.0,3.0,5,132.2986472840597,194.1487926636843,no pobre,0,13,2800.0,1073.5,1.0,40.0,9,320,23346,3,1.0
98,1.0,1.0,0.0,1.0,4.0,5,132.2986472840597,194.1487926636843,no pobre,0,13,2800.0,1073.5,1.0,40.0,10,320,23346,3,1.0
97,0.0,1.0,0.0,1.0,4.0,6,132.2986472840597,194.1487926636843,pobre,0,3,500.0,716.0,1.0,31.0,11,320,23347,4,1.0
98,0.0,1.0,0.0,1.0,5.0,6,132.2986472840597,194.1487926636843,pobre,0,3,500.0,716.0,1.0,31.0,12,320,23347,4,1.0
97,0.0,1.0,0.0,1.0,1.0,6,132.2986472840597,194.1487926636843,pobre,0,3,500.0,716.0,1.0,31.0,8,320,23348,1,1.0
98,0.0,1.0,0.0,1.0,2.0,6,132.2986472840597,194.1487926636843,pobre,0,3,500.0,716.0,1.0,31.0,9,320,23348,1,1.0
97,1.0,1.0,0.0,0.0,9.0,8,132.2986472840597,194.1487926636843,no pobre,0,2,0.0,864.0,1.0,64.0,15,320,23349,9,0.0
98,1.0,1.0,0.0,0.0,9.0,8,132.2986472840597,194.1487926636843,no pobre,0,2,0.0,864.0,1.0,64.0,16,320,23349,9,0.0
97,1.0,1.0,0.0,1.0,8.0,10,132.2986472840597,194.1487926636843,pobre,0,2,125.0,809.5,1.0,59.0,14,320,23350,8,1.0
98,1.0,1.0,0.0,0.0,9.0,10,132.2986472840597,194.1487926636843,pobre,0,2,125.0,809.5,1.0,59.0,15,320,23350,8,1.0
97,1.0,1.0,0.0,1.0,5.0,10,132.2986472840597,194.1487926636843,pobre,0,2,125.0,809.5,1.0,59.0,11,320,23351,5,1.0
98,1.0,1.0,0.0,1.0,6.0,10,132.2986472840597,194.1487926636843,pobre,0,2,125.0,809.5,1.0,59.0,12,320,23351,5,1.0
97,1.0,1.0,0.0,1.0,5.0,3,132.2986472840597,194.1487926636843,pobre,0,2,625.0,785.0,1.0,46.0,11,320,23352,5,1.0
98,1.0,1.0,0.0,1.0,6.0,3,132.2986472840597,194.1487926636843,pobre,0,2,625.0,785.0,1.0,46.0,12,320,23352,5,1.0
97,1.0,1.0,0.0,0.0,9.0,9,132.2986472840597,194.1487926636843,pobre,0,2,250.0,742.0,1.0,52.0,15,320,23353,9,0.0
98,1.0,1.0,0.0,0.0,9.0,9,132.2986472840597,194.1487926636843,pobre,0,2,250.0,742.0,1.0,52.0,16,320,23353,9,0.0
97,1.0,1.0,0.0,1.0,3.0,9,132.2986472840597,194.1487926636843,pobre,0,2,250.0,742.0,1.0,52.0,11,320,23354,3,1.0
98,1.0,1.0,0.0,1.0,4.0,9,132.2986472840597,194.1487926636843,pobre,0,2,250.0,742.0,1.0,52.0,12,320,23354,3,1.0
97,0.0,1.0,0.0,1.0,4.0,6,132.2986472840597,194.1487926636843,pobre,0,3,500.0,735.0,1.0,37.0,11,320,23355,4,1.0
98,0.0,1.0,0.0,1.0,5.0,6,132.2986472840597,194.1487926636843,pobre,0,3,500.0,735.0,1.0,37.0,12,320,23355,4,1.0
97,1.0,1.0,0.0,1.0,1.0,6,132.2986472840597,194.1487926636843,pobre,0,3,500.0,735.0,1.0,37.0,7,320,23356,1,1.0
98,1.0,1.0,0.0,1.0,2.0,6,132.2986472840597,194.1487926636843,pobre,0,3,500.0,735.0,1.0,37.0,8,320,23356,1,1.0
97,0.0,1.0,0.0,1.0,6.0,13,132.2986472840597,194.1487926636843,pobre,0,0,0.0,623.5,1.0,75.0,15,320,23357,6,1.0
98,0.0,1.0,0.0,1.0,7.0,13,132.2986472840597,194.1487926636843,pobre,0,0,0.0,623.5,1.0,75.0,16,320,23357,6,1.0
97,0.0,1.0,0.0,1.0,3.0,13,132.2986472840597,194.1487926636843,pobre,0,0,0.0,623.5,1.0,75.0,10,320,23358,3,1.0
98,0.0,1.0,0.0,1.0,4.0,13,132.2986472840597,194.1487926636843,pobre,0,0,0.0,623.5,1.0,75.0,11,320,23358,3,1.0
97,0.0,1.0,0.0,1.0,1.0,13,132.2986472840597,194.1487926636843,pobre,0,0,0.0,623.5,1.0,75.0,7,320,23359,1,1.0
98,0.0,1.0,0.0,1.0,2.0,13,132.2986472840597,194.1487926636843,pobre,0,0,0.0,623.5,1.0,75.0,8,320,23359,1,1.0
97,0.0,0.0,0.0,1.0,4.0,5,132.2986472840597,194.1487926636843,pobre,0,4,600.0,806.5,1.0,33.0,11,320,23360,4,1.0
98,0.0,0.0,0.0,1.0,5.0,5,132.2986472840597,194.1487926636843,pobre,0,4,600.0,806.5,1.0,33.0,12,320,23360,4,1.0
97,1.0,0.0,0.0,1.0,3.0,5,132.2986472840597,194.1487926636843,pobre,0,4,600.0,806.5,1.0,33.0,9,320,23361,3,1.0
98,1.0,0.0,0.0,1.0,4.0,5,132.2986472840597,194.1487926636843,pobre,0,4,600.0,806.5,1.0,33.0,10,320,23361,3,1.0
97,0.0,1.0,0.0,1.0,6.0,4,132.2986472840597,194.1487926636843,pobre,0,6,680.0,819.0,1.0,36.0,12,320,23362,6,1.0
98,0.0,1.0,0.0,1.0,7.0,4,132.2986472840597,194.1487926636843,pobre,0,6,680.0,819.0,1.0,36.0,13,320,23362,6,1.0
97,1.0,1.0,0.0,1.0,3.0,4,132.2986472840597,194.1487926636843,pobre,0,6,680.0,819.0,1.0,36.0,10,320,23363,3,1.0
98,1.0,1.0,0.0,1.0,3.0,4,132.2986472840597,194.1487926636843,pobre,0,6,680.0,819.0,1.0,36.0,11,320,23363,3,1.0
97,1.0,1.0,0.0,1.0,4.0,4,132.2986472840597,194.1487926636843,pobre,0,9,600.0,717.0,1.0,30.0,9,320,23364,4,1.0
98,1.0,1.0,0.0,1.0,4.0,4,132.2986472840597,194.1487926636843,pobre,0,9,600.0,717.0,1.0,30.0,10,320,23364,4,1.0
97,1.0,1.0,0.0,1.0,1.0,4,132.2986472840597,194.1487926636843,pobre,0,9,600.0,717.0,1.0,30.0,7,320,23365,1,1.0
98,1.0,1.0,0.0,1.0,1.0,4,132.2986472840597,194.1487926636843,pobre,0,9,600.0,717.0,1.0,30.0,8,320,23365,1,1.0
97,1.0,1.0,0.0,0.0,4.0,4,132.2986472840597,194.1487926636843,pobre,0,3,1500.0,811.0,1.0,59.0,15,320,23366,4,0.0
98,1.0,1.0,0.0,0.0,4.0,4,132.2986472840597,194.1487926636843,pobre,0,3,1500.0,811.0,1.0,59.0,16,320,23366,4,0.0
97,1.0,1.0,0.0,1.0,0.0,5,132.2986472840597,194.1487926636843,pobre,0,3,500.0,685.0,1.0,49.0,7,320,23367,0,1.0
98,1.0,1.0,0.0,1.0,1.0,5,132.2986472840597,194.1487926636843,pobre,0,3,500.0,685.0,1.0,49.0,8,320,23367,0,1.0
97,0.0,1.0,0.0,1.0,7.0,6,132.2986472840597,194.1487926636843,no pobre,0,6,500.0,938.0,1.0,35.0,12,320,23368,7,1.0
98,0.0,1.0,0.0,1.0,7.0,6,132.2986472840597,194.1487926636843,no pobre,0,6,500.0,938.0,1.0,35.0,13,320,23368,7,1.0
97,0.0,1.0,0.0,1.0,3.0,6,132.2986472840597,194.1487926636843,no pobre,0,6,500.0,938.0,1.0,35.0,9,320,23369,3,1.0
98,0.0,1.0,0.0,1.0,4.0,6,132.2986472840597,194.1487926636843,no pobre,0,6,500.0,938.0,1.0,35.0,10,320,23369,3,1.0
97,1.0,1.0,0.0,1.0,2.0,6,132.2986472840597,194.1487926636843,no pobre,0,6,500.0,938.0,1.0,35.0,8,320,23370,2,1.0
98,1.0,1.0,0.0,1.0,3.0,6,132.2986472840597,194.1487926636843,no pobre,0,6,500.0,938.0,1.0,35.0,9,320,23370,2,1.0
97,0.0,1.0,0.0,0.0,9.0,9,132.2986472840597,194.1487926636843,pobre,0,2,750.0,828.0,1.0,52.0,15,320,23371,9,0.0
98,0.0,1.0,0.0,0.0,2.0,9,132.2986472840597,194.1487926636843,pobre,0,2,750.0,828.0,1.0,52.0,16,320,23371,9,0.0
97,0.0,1.0,0.0,1.0,5.0,4,132.2986472840597,194.1487926636843,no pobre,0,6,600.0,919.0,1.0,46.0,11,320,23372,5,1.0
98,0.0,1.0,0.0,1.0,6.0,4,132.2986472840597,194.1487926636843,no pobre,0,6,600.0,919.0,1.0,46.0,12,320,23372,5,1.0
97,0.0,1.0,0.0,1.0,2.0,4,132.2986472840597,194.1487926636843,no pobre,0,6,600.0,919.0,1.0,46.0,8,320,23373,2,1.0
98,0.0,1.0,0.0,1.0,3.0,4,132.2986472840597,194.1487926636843,no pobre,0,6,600.0,919.0,1.0,46.0,9,320,23373,2,1.0
97,0.0,0.0,0.0,1.0,9.0,8,94.96737126586416,245.3629684136424,pobre,basal,6,500.0,561.0,1.0,34.0,15,357,23374,9,1.0
98,0.0,0.0,0.0,0.0,9.0,8,94.96737126586416,245.3629684136424,pobre,basal,6,500.0,561.0,1.0,34.0,16,357,23374,9,1.0
97,0.0,0.0,0.0,1.0,6.0,8,94.96737126586416,245.3629684136424,pobre,basal,6,500.0,561.0,1.0,34.0,14,357,23375,6,1.0
98,0.0,0.0,0.0,1.0,7.0,8,94.96737126586416,245.3629684136424,pobre,basal,6,500.0,561.0,1.0,34.0,15,357,23375,6,1.0
97,0.0,0.0,0.0,1.0,6.0,8,94.96737126586416,245.3629684136424,pobre,basal,6,500.0,561.0,1.0,34.0,13,357,23376,6,1.0
98,0.0,0.0,0.0,1.0,7.0,8,94.96737126586416,245.3629684136424,pobre,basal,6,500.0,561.0,1.0,34.0,14,357,23376,6,1.0
97,0.0,0.0,0.0,1.0,1.0,8,94.96737126586416,245.3629684136424,pobre,basal,6,500.0,561.0,1.0,34.0,7,357,23377,1,1.0
98,0.0,0.0,0.0,1.0,2.0,8,94.96737126586416,245.3629684136424,pobre,basal,6,500.0,561.0,1.0,34.0,8,357,23377,1,1.0
97,0.0,0.0,0.0,1.0,0.0,6,94.96737126586416,245.3629684136424,pobre,basal,8,500.0,624.0,1.0,24.0,6,357,23378,0,1.0
98,0.0,0.0,0.0,1.0,1.0,6,94.96737126586416,245.3629684136424,pobre,basal,8,500.0,624.0,1.0,24.0,7,357,23378,0,1.0
97,0.0,0.0,0.0,1.0,3.0,3,94.96737126586416,245.3629684136424,pobre,basal,1,500.0,732.0,1.0,55.0,9,357,23379,3,1.0
98,0.0,0.0,0.0,0.0,4.0,3,94.96737126586416,245.3629684136424,pobre,basal,1,500.0,732.0,1.0,55.0,10,357,23379,3,1.0
97,0.0,0.0,0.0,1.0,3.0,4,94.96737126586416,245.3629684136424,pobre,basal,6,500.0,716.0,1.0,29.0,12,357,23380,3,1.0
98,0.0,0.0,0.0,1.0,4.0,4,94.96737126586416,245.3629684136424,pobre,basal,6,500.0,716.0,1.0,29.0,13,357,23380,3,1.0
97,1.0,1.0,0.0,1.0,5.0,5,132.2986472840597,194.1487926636843,pobre,0,2,413.33334,710.0,1.0,53.0,14,320,23381,5,1.0
98,1.0,1.0,0.0,0.0,6.0,5,132.2986472840597,194.1487926636843,pobre,0,2,413.33334,710.0,1.0,53.0,15,320,23381,5,1.0
97,0.0,1.0,0.0,0.0,6.0,5,132.2986472840597,194.1487926636843,pobre,0,2,413.33334,710.0,1.0,53.0,12,320,23382,6,0.0
98,0.0,1.0,0.0,0.0,6.0,5,132.2986472840597,194.1487926636843,pobre,0,2,413.33334,710.0,1.0,53.0,13,320,23382,6,0.0
97,0.0,1.0,0.0,1.0,3.0,5,132.2986472840597,194.1487926636843,pobre,0,2,413.33334,710.0,1.0,53.0,9,320,23383,3,1.0
98,0.0,1.0,0.0,1.0,4.0,5,132.2986472840597,194.1487926636843,pobre,0,2,413.33334,710.0,1.0,53.0,10,320,23383,3,1.0
97,0.0,1.0,0.0,1.0,7.0,4,132.2986472840597,194.1487926636843,no pobre,0,4,600.0,932.0,1.0,55.0,13,320,23384,7,1.0
98,0.0,1.0,0.0,1.0,8.0,4,132.2986472840597,194.1487926636843,no pobre,0,4,600.0,932.0,1.0,55.0,14,320,23384,7,1.0
97,1.0,1.0,0.0,1.0,3.0,4,132.2986472840597,194.1487926636843,no pobre,0,4,600.0,932.0,1.0,55.0,10,320,23385,3,1.0
98,1.0,1.0,0.0,1.0,3.0,4,132.2986472840597,194.1487926636843,no pobre,0,4,600.0,932.0,1.0,55.0,11,320,23385,3,1.0
97,1.0,1.0,0.0,1.0,1.0,3,132.2986472840597,194.1487926636843,pobre,0,3,1120.0,759.0,1.0,30.0,6,320,23386,1,1.0
98,1.0,1.0,0.0,1.0,1.0,3,132.2986472840597,194.1487926636843,pobre,0,3,1120.0,759.0,1.0,30.0,7,320,23386,1,1.0
97,1.0,1.0,0.0,1.0,1.0,5,132.2986472840597,194.1487926636843,pobre,0,3,480.0,676.0,1.0,33.0,7,320,23387,1,1.0
98,1.0,1.0,0.0,1.0,0.0,5,132.2986472840597,194.1487926636843,pobre,0,3,480.0,676.0,1.0,33.0,8,320,23387,1,1.0
97,0.0,1.0,0.0,1.0,0.0,5,132.2986472840597,194.1487926636843,pobre,0,3,480.0,676.0,1.0,33.0,6,320,23388,0,1.0
98,0.0,1.0,0.0,1.0,0.0,5,132.2986472840597,194.1487926636843,pobre,0,3,480.0,676.0,1.0,33.0,7,320,23388,0,1.0
97,0.0,1.0,0.0,0.0,9.0,5,132.2986472840597,194.1487926636843,pobre,0,5,1200.0,693.0,0.0,30.0,15,320,23389,9,0.0
98,0.0,1.0,0.0,0.0,9.0,5,132.2986472840597,194.1487926636843,pobre,0,5,1200.0,693.0,0.0,30.0,16,320,23389,9,0.0
97,0.0,1.0,0.0,1.0,5.0,5,132.2986472840597,194.1487926636843,pobre,0,5,1200.0,693.0,0.0,30.0,12,320,23390,5,1.0
98,0.0,1.0,0.0,0.0,6.0,5,132.2986472840597,194.1487926636843,pobre,0,5,1200.0,693.0,0.0,30.0,13,320,23390,5,1.0
97,0.0,0.0,0.0,1.0,0.0,8,132.2986472840597,194.1487926636843,no pobre,0,3,519.5,889.0,1.0,57.0,6,320,23391,0,1.0
98,0.0,0.0,0.0,1.0,1.0,8,132.2986472840597,194.1487926636843,no pobre,0,3,519.5,889.0,1.0,57.0,7,320,23391,0,1.0
97,0.0,1.0,0.0,0.0,9.0,9,132.2986472840597,194.1487926636843,pobre,0,5,625.0,605.0,1.0,37.0,15,320,23392,9,0.0
98,0.0,1.0,0.0,0.0,9.0,9,132.2986472840597,194.1487926636843,pobre,0,5,625.0,605.0,1.0,37.0,16,320,23392,9,0.0
97,1.0,1.0,0.0,1.0,5.0,9,132.2986472840597,194.1487926636843,pobre,0,5,625.0,605.0,1.0,37.0,11,320,23393,5,1.0
98,1.0,1.0,0.0,1.0,6.0,9,132.2986472840597,194.1487926636843,pobre,0,5,625.0,605.0,1.0,37.0,12,320,23393,5,1.0
97,1.0,1.0,0.0,1.0,2.0,9,132.2986472840597,194.1487926636843,pobre,0,5,625.0,605.0,1.0,37.0,8,320,23394,2,1.0
98,1.0,1.0,0.0,1.0,3.0,9,132.2986472840597,194.1487926636843,pobre,0,5,625.0,605.0,1.0,37.0,9,320,23394,2,1.0
97,1.0,1.0,0.0,1.0,6.0,5,132.2986472840597,194.1487926636843,pobre,0,0,0.0,723.0,0.0,65.0,12,320,23395,6,1.0
98,1.0,1.0,0.0,1.0,7.0,5,132.2986472840597,194.1487926636843,pobre,0,0,0.0,723.0,0.0,65.0,13,320,23395,6,1.0
97,1.0,1.0,0.0,0.0,8.0,8,132.2986472840597,194.1487926636843,pobre,0,0,0.0,730.0,0.0,51.0,16,320,23396,8,0.0
98,1.0,1.0,0.0,,,8,132.2986472840597,194.1487926636843,pobre,0,0,0.0,730.0,0.0,51.0,17,320,23396,8,0.0
97,1.0,1.0,0.0,0.0,9.0,8,132.2986472840597,194.1487926636843,pobre,0,0,0.0,730.0,0.0,51.0,15,320,23397,9,0.0
98,1.0,1.0,0.0,0.0,9.0,8,132.2986472840597,194.1487926636843,pobre,0,0,0.0,730.0,0.0,51.0,16,320,23397,9,0.0
97,1.0,1.0,0.0,1.0,5.0,8,132.2986472840597,194.1487926636843,pobre,0,0,0.0,730.0,0.0,51.0,13,320,23398,5,1.0
98,1.0,1.0,0.0,0.0,6.0,8,132.2986472840597,194.1487926636843,pobre,0,0,0.0,730.0,0.0,51.0,14,320,23398,5,1.0
97,1.0,1.0,0.0,1.0,2.0,8,132.2986472840597,194.1487926636843,pobre,0,0,0.0,730.0,0.0,51.0,8,320,23399,2,1.0
98,1.0,1.0,0.0,1.0,3.0,8,132.2986472840597,194.1487926636843,pobre,0,0,0.0,730.0,0.0,51.0,9,320,23399,2,1.0
97,1.0,1.0,0.0,1.0,4.0,8,132.2986472840597,194.1487926636843,pobre,0,0,0.0,730.0,0.0,51.0,10,320,23400,4,1.0
98,1.0,1.0,0.0,1.0,5.0,8,132.2986472840597,194.1487926636843,pobre,0,0,0.0,730.0,0.0,51.0,11,320,23400,4,1.0
97,1.0,1.0,0.0,1.0,0.0,4,132.2986472840597,194.1487926636843,pobre,0,9,800.0,769.0,1.0,28.0,6,320,23401,0,1.0
98,1.0,1.0,0.0,1.0,1.0,4,132.2986472840597,194.1487926636843,pobre,0,9,800.0,769.0,1.0,28.0,7,320,23401,0,1.0
97,1.0,1.0,0.0,0.0,6.0,5,132.2986472840597,194.1487926636843,no pobre,0,2,840.0,832.0,1.0,47.0,16,320,23402,6,0.0
98,1.0,1.0,0.0,,,5,132.2986472840597,194.1487926636843,no pobre,0,2,840.0,832.0,1.0,47.0,17,320,23402,6,0.0
97,1.0,0.0,0.0,1.0,0.0,10,132.2986472840597,194.1487926636843,no pobre,0,2,333.33334,920.5,1.0,54.0,6,320,23403,0,1.0
98,1.0,0.0,0.0,,,10,132.2986472840597,194.1487926636843,no pobre,0,2,333.33334,920.5,1.0,54.0,7,320,23403,0,1.0
97,0.0,1.0,0.0,0.0,9.0,7,132.2986472840597,194.1487926636843,pobre,0,6,500.0,731.0,1.0,37.0,15,320,23404,9,0.0
98,0.0,1.0,0.0,0.0,9.0,7,132.2986472840597,194.1487926636843,pobre,0,6,500.0,731.0,1.0,37.0,16,320,23404,9,0.0
97,0.0,1.0,0.0,1.0,5.0,7,132.2986472840597,194.1487926636843,pobre,0,6,500.0,731.0,1.0,37.0,11,320,23405,5,1.0
98,0.0,1.0,0.0,1.0,6.0,7,132.2986472840597,194.1487926636843,pobre,0,6,500.0,731.0,1.0,37.0,12,320,23405,5,1.0
97,0.0,1.0,0.0,1.0,3.0,7,132.2986472840597,194.1487926636843,pobre,0,6,500.0,731.0,1.0,37.0,9,320,23406,3,1.0
98,0.0,1.0,0.0,1.0,4.0,7,132.2986472840597,194.1487926636843,pobre,0,6,500.0,731.0,1.0,37.0,10,320,23406,3,1.0
97,1.0,1.0,0.0,1.0,1.0,7,132.2986472840597,194.1487926636843,pobre,0,6,500.0,731.0,1.0,37.0,7,320,23407,1,1.0
98,1.0,1.0,0.0,1.0,2.0,7,132.2986472840597,194.1487926636843,pobre,0,6,500.0,731.0,1.0,37.0,8,320,23407,1,1.0
97,0.0,1.0,0.0,0.0,9.0,6,132.2986472840597,194.1487926636843,pobre,0,6,720.0,736.0,1.0,36.0,15,320,23408,9,0.0
98,0.0,1.0,0.0,0.0,9.0,6,132.2986472840597,194.1487926636843,pobre,0,6,720.0,736.0,1.0,36.0,16,320,23408,9,0.0
97,0.0,1.0,0.0,1.0,7.0,6,132.2986472840597,194.1487926636843,pobre,0,6,720.0,736.0,1.0,36.0,13,320,23409,7,1.0
98,0.0,1.0,0.0,1.0,8.0,6,132.2986472840597,194.1487926636843,pobre,0,6,720.0,736.0,1.0,36.0,14,320,23409,7,1.0
97,1.0,1.0,0.0,1.0,3.0,6,132.2986472840597,194.1487926636843,pobre,0,6,720.0,736.0,1.0,36.0,9,320,23410,3,1.0
98,1.0,1.0,0.0,1.0,4.0,6,132.2986472840597,194.1487926636843,pobre,0,6,720.0,736.0,1.0,36.0,10,320,23410,3,1.0
97,1.0,1.0,0.0,0.0,5.0,7,132.2986472840597,194.1487926636843,pobre,0,4,625.0,591.0,1.0,35.0,15,320,23411,5,0.0
98,1.0,1.0,0.0,0.0,6.0,7,132.2986472840597,194.1487926636843,pobre,0,4,625.0,591.0,1.0,35.0,16,320,23411,5,0.0
97,1.0,1.0,0.0,1.0,4.0,7,132.2986472840597,194.1487926636843,pobre,0,4,625.0,591.0,1.0,35.0,12,320,23412,4,1.0
98,1.0,1.0,0.0,1.0,5.0,7,132.2986472840597,194.1487926636843,pobre,0,4,625.0,591.0,1.0,35.0,13,320,23412,4,1.0
97,0.0,1.0,0.0,0.0,9.0,5,132.2986472840597,194.1487926636843,pobre,0,2,500.0,707.0,1.0,42.0,15,320,23413,9,0.0
98,0.0,1.0,0.0,0.0,9.0,5,132.2986472840597,194.1487926636843,pobre,0,2,500.0,707.0,1.0,42.0,16,320,23413,9,0.0
97,1.0,1.0,0.0,1.0,6.0,5,132.2986472840597,194.1487926636843,pobre,0,2,500.0,707.0,1.0,42.0,12,320,23414,6,1.0
98,1.0,1.0,0.0,1.0,7.0,5,132.2986472840597,194.1487926636843,pobre,0,2,500.0,707.0,1.0,42.0,13,320,23414,6,1.0
97,1.0,1.0,0.0,1.0,5.0,5,132.2986472840597,194.1487926636843,pobre,0,2,500.0,707.0,1.0,42.0,10,320,23415,5,1.0
98,1.0,1.0,0.0,1.0,6.0,5,132.2986472840597,194.1487926636843,pobre,0,2,500.0,707.0,1.0,42.0,11,320,23415,5,1.0
97,1.0,1.0,0.0,0.0,9.0,7,132.2986472840597,194.1487926636843,no pobre,0,4,500.0,886.5,1.0,40.0,15,320,23416,9,0.0
98,1.0,1.0,0.0,0.0,9.0,7,132.2986472840597,194.1487926636843,no pobre,0,4,500.0,886.5,1.0,40.0,16,320,23416,9,0.0
97,0.0,1.0,0.0,1.0,7.0,7,132.2986472840597,194.1487926636843,no pobre,0,4,500.0,886.5,1.0,40.0,13,320,23417,7,1.0
98,0.0,1.0,0.0,1.0,8.0,7,132.2986472840597,194.1487926636843,no pobre,0,4,500.0,886.5,1.0,40.0,14,320,23417,7,1.0
97,1.0,1.0,0.0,0.0,6.0,10,132.2986472840597,194.1487926636843,pobre,0,3,625.0,670.0,1.0,40.0,15,320,23418,6,0.0
98,1.0,1.0,0.0,0.0,8.0,10,132.2986472840597,194.1487926636843,pobre,0,3,625.0,670.0,1.0,40.0,16,320,23418,6,0.0
97,0.0,1.0,0.0,1.0,7.0,10,132.2986472840597,194.1487926636843,pobre,0,3,625.0,670.0,1.0,40.0,13,320,23419,7,1.0
98,0.0,1.0,0.0,0.0,8.0,10,132.2986472840597,194.1487926636843,pobre,0,3,625.0,670.0,1.0,40.0,14,320,23419,7,1.0
97,1.0,1.0,0.0,1.0,5.0,10,132.2986472840597,194.1487926636843,pobre,0,3,625.0,670.0,1.0,40.0,12,320,23420,5,1.0
98,1.0,1.0,0.0,1.0,6.0,10,132.2986472840597,194.1487926636843,pobre,0,3,625.0,670.0,1.0,40.0,13,320,23420,5,1.0
97,1.0,1.0,0.0,1.0,3.0,10,132.2986472840597,194.1487926636843,pobre,0,3,625.0,670.0,1.0,40.0,10,320,23421,3,1.0
98,1.0,1.0,0.0,1.0,3.0,10,132.2986472840597,194.1487926636843,pobre,0,3,625.0,670.0,1.0,40.0,11,320,23421,3,1.0
97,0.0,1.0,0.0,1.0,0.0,10,132.2986472840597,194.1487926636843,pobre,0,3,625.0,670.0,1.0,40.0,8,320,23422,0,1.0
98,0.0,1.0,0.0,1.0,1.0,10,132.2986472840597,194.1487926636843,pobre,0,3,625.0,670.0,1.0,40.0,9,320,23422,0,1.0
97,0.0,1.0,0.0,1.0,0.0,10,132.2986472840597,194.1487926636843,pobre,0,3,625.0,670.0,1.0,40.0,6,320,23423,0,1.0
98,0.0,1.0,0.0,1.0,0.0,10,132.2986472840597,194.1487926636843,pobre,0,3,625.0,670.0,1.0,40.0,7,320,23423,0,1.0
97,0.0,0.0,3.3169999,0.0,4.0,9,52.33219608529456,52.33219608529456,pobre,basal,3,0.0,770.5,0.0,33.0,16,350,23424,4,0.0
98,0.0,0.0,3.3169999,,,9,52.33219608529456,52.33219608529456,pobre,basal,3,0.0,770.5,0.0,33.0,17,350,23424,4,0.0
97,0.0,0.0,3.3169999,1.0,5.0,9,52.33219608529456,52.33219608529456,pobre,basal,3,0.0,770.5,0.0,33.0,11,350,23425,5,1.0
98,0.0,0.0,3.3169999,0.0,6.0,9,52.33219608529456,52.33219608529456,pobre,basal,3,0.0,770.5,0.0,33.0,12,350,23425,5,1.0
97,1.0,0.0,3.3169999,1.0,2.0,9,52.33219608529456,52.33219608529456,pobre,basal,3,0.0,770.5,0.0,33.0,9,350,23426,2,1.0
98,1.0,0.0,3.3169999,1.0,3.0,9,52.33219608529456,52.33219608529456,pobre,basal,3,0.0,770.5,0.0,33.0,10,350,23426,2,1.0
97,0.0,0.0,3.3169999,0.0,6.0,8,52.33219608529456,52.33219608529456,no pobre,basal,3,0.0,844.20001,1.0,56.0,15,350,23427,6,0.0
98,0.0,0.0,3.3169999,,,8,52.33219608529456,52.33219608529456,no pobre,basal,3,0.0,844.20001,1.0,56.0,16,350,23427,6,0.0
97,1.0,0.0,3.3169999,1.0,5.0,8,52.33219608529456,52.33219608529456,no pobre,basal,3,0.0,844.20001,1.0,56.0,12,350,23428,5,1.0
98,1.0,0.0,3.3169999,,,8,52.33219608529456,52.33219608529456,no pobre,basal,3,0.0,844.20001,1.0,56.0,13,350,23428,5,1.0
97,0.0,0.0,3.3169999,1.0,4.0,8,52.33219608529456,52.33219608529456,no pobre,basal,3,0.0,844.20001,1.0,56.0,11,350,23429,4,1.0
98,0.0,0.0,3.3169999,,,8,52.33219608529456,52.33219608529456,no pobre,basal,3,0.0,844.20001,1.0,56.0,12,350,23429,4,1.0
97,0.0,0.0,3.3169999,1.0,2.0,8,52.33219608529456,52.33219608529456,no pobre,basal,3,0.0,844.20001,1.0,56.0,9,350,23430,2,1.0
98,0.0,0.0,3.3169999,,,8,52.33219608529456,52.33219608529456,no pobre,basal,3,0.0,844.20001,1.0,56.0,10,350,23430,2,1.0
97,0.0,0.0,0.0,1.0,7.0,6,72.64153863846997,72.64153863846997,no pobre,basal,3,41.666668,833.0,1.0,55.0,15,343,23431,7,1.0
98,0.0,0.0,0.0,1.0,8.0,6,72.64153863846997,72.64153863846997,no pobre,basal,3,41.666668,833.0,1.0,55.0,16,343,23431,7,1.0
97,1.0,0.0,0.0,1.0,4.0,6,72.64153863846997,72.64153863846997,no pobre,basal,3,41.666668,833.0,1.0,55.0,11,343,23432,4,1.0
98,1.0,0.0,0.0,1.0,5.0,6,72.64153863846997,72.64153863846997,no pobre,basal,3,41.666668,833.0,1.0,55.0,12,343,23432,4,1.0
97,1.0,0.0,0.0,1.0,0.0,4,72.64153863846997,72.64153863846997,no pobre,basal,6,500.0,799.0,1.0,27.0,6,343,23433,0,1.0
98,1.0,0.0,0.0,1.0,1.0,4,72.64153863846997,72.64153863846997,no pobre,basal,6,500.0,799.0,1.0,27.0,7,343,23433,0,1.0
97,1.0,0.0,0.0,1.0,2.0,8,72.64153863846997,72.64153863846997,pobre,basal,1,0.0,734.0,0.0,67.0,8,343,23434,2,1.0
98,1.0,0.0,0.0,1.0,3.0,8,72.64153863846997,72.64153863846997,pobre,basal,1,0.0,734.0,0.0,67.0,9,343,23434,2,1.0
97,0.0,0.0,0.0,1.0,1.0,8,72.64153863846997,72.64153863846997,pobre,basal,1,0.0,734.0,0.0,67.0,7,343,23435,1,1.0
98,0.0,0.0,0.0,1.0,2.0,8,72.64153863846997,72.64153863846997,pobre,basal,1,0.0,734.0,0.0,67.0,8,343,23435,1,1.0
97,1.0,0.0,0.0,1.0,0.0,8,72.64153863846997,72.64153863846997,pobre,basal,1,0.0,734.0,0.0,67.0,6,343,23436,0,1.0
98,1.0,0.0,0.0,1.0,1.0,8,72.64153863846997,72.64153863846997,pobre,basal,1,0.0,734.0,0.0,67.0,7,343,23436,0,1.0
97,1.0,0.0,0.0,0.0,6.0,8,72.64153863846997,72.64153863846997,pobre,basal,2,0.0,720.0,1.0,41.0,16,343,23437,6,0.0
98,1.0,0.0,0.0,,,8,72.64153863846997,72.64153863846997,pobre,basal,2,0.0,720.0,1.0,41.0,17,343,23437,6,0.0
97,1.0,0.0,0.0,1.0,5.0,8,72.64153863846997,72.64153863846997,pobre,basal,2,0.0,720.0,1.0,41.0,13,343,23438,5,1.0
98,1.0,0.0,0.0,1.0,6.0,8,72.64153863846997,72.64153863846997,pobre,basal,2,0.0,720.0,1.0,41.0,14,343,23438,5,1.0
97,1.0,0.0,0.0,1.0,4.0,8,72.64153863846997,72.64153863846997,pobre,basal,2,0.0,720.0,1.0,41.0,14,343,23439,4,1.0
98,1.0,0.0,0.0,1.0,5.0,8,72.64153863846997,72.64153863846997,pobre,basal,2,0.0,720.0,1.0,41.0,15,343,23439,4,1.0
97,1.0,0.0,0.0,1.0,1.0,8,72.64153863846997,72.64153863846997,pobre,basal,2,0.0,720.0,1.0,41.0,10,343,23440,1,1.0
98,1.0,0.0,0.0,1.0,2.0,8,72.64153863846997,72.64153863846997,pobre,basal,2,0.0,720.0,1.0,41.0,11,343,23440,1,1.0
97,1.0,0.0,0.0,1.0,1.0,8,72.64153863846997,72.64153863846997,pobre,basal,2,0.0,720.0,1.0,41.0,10,343,23441,1,1.0
98,1.0,0.0,0.0,1.0,2.0,8,72.64153863846997,72.64153863846997,pobre,basal,2,0.0,720.0,1.0,41.0,11,343,23441,1,1.0
97,0.0,0.0,0.0,1.0,1.0,8,72.64153863846997,72.64153863846997,pobre,basal,2,0.0,720.0,1.0,41.0,9,343,23442,1,1.0
98,0.0,0.0,0.0,1.0,2.0,8,72.64153863846997,72.64153863846997,pobre,basal,2,0.0,720.0,1.0,41.0,10,343,23442,1,1.0
97,0.0,0.0,0.0,1.0,4.0,3,72.64153863846997,72.64153863846997,no pobre,basal,0,83.333336,765.0,1.0,55.0,13,343,23443,4,1.0
98,0.0,0.0,0.0,0.0,4.0,3,72.64153863846997,72.64153863846997,no pobre,basal,0,83.333336,765.0,1.0,55.0,14,343,23443,4,1.0
97,1.0,0.0,0.0,1.0,6.0,9,72.64153863846997,72.64153863846997,pobre,basal,2,25.0,721.0,1.0,46.0,13,343,23444,6,1.0
98,1.0,0.0,0.0,1.0,7.0,9,72.64153863846997,72.64153863846997,pobre,basal,2,25.0,721.0,1.0,46.0,14,343,23444,6,1.0
97,1.0,0.0,0.0,1.0,3.0,9,72.64153863846997,72.64153863846997,pobre,basal,2,25.0,721.0,1.0,46.0,10,343,23445,3,1.0
98,1.0,0.0,0.0,1.0,4.0,9,72.64153863846997,72.64153863846997,pobre,basal,2,25.0,721.0,1.0,46.0,11,343,23445,3,1.0
97,0.0,0.0,0.0,0.0,3.0,3,72.64153863846997,72.64153863846997,no pobre,basal,3,0.0,1017.0,0.0,50.0,10,343,23446,3,0.0
98,0.0,0.0,0.0,1.0,3.0,3,72.64153863846997,72.64153863846997,no pobre,basal,3,0.0,1017.0,0.0,50.0,11,343,23446,3,0.0
97,1.0,0.0,0.0,1.0,7.0,8,72.64153863846997,72.64153863846997,pobre,basal,0,0.0,738.0,1.0,71.0,15,343,23447,7,1.0
98,1.0,0.0,0.0,1.0,9.0,8,72.64153863846997,72.64153863846997,pobre,basal,0,0.0,738.0,1.0,71.0,16,343,23447,7,1.0
97,1.0,0.0,0.0,1.0,2.0,8,72.64153863846997,72.64153863846997,pobre,basal,0,0.0,738.0,1.0,71.0,8,343,23448,2,1.0
98,1.0,0.0,0.0,1.0,3.0,8,72.64153863846997,72.64153863846997,pobre,basal,0,0.0,738.0,1.0,71.0,9,343,23448,2,1.0
97,1.0,0.0,0.0,0.0,7.0,5,72.64153863846997,72.64153863846997,pobre,basal,2,0.0,712.0,1.0,87.0,14,343,23449,7,0.0
98,1.0,0.0,0.0,0.0,7.0,5,72.64153863846997,72.64153863846997,pobre,basal,2,0.0,712.0,1.0,87.0,15,343,23449,7,0.0
97,0.0,0.0,0.0,1.0,7.0,8,72.64153863846997,72.64153863846997,no pobre,basal,0,0.0,972.0,1.0,70.0,14,343,23450,7,1.0
98,0.0,0.0,0.0,1.0,8.0,8,72.64153863846997,72.64153863846997,no pobre,basal,0,0.0,972.0,1.0,70.0,15,343,23450,7,1.0
97,1.0,0.0,0.0,1.0,3.0,8,72.64153863846997,72.64153863846997,no pobre,basal,0,0.0,972.0,1.0,70.0,10,343,23451,3,1.0
98,1.0,0.0,0.0,1.0,4.0,8,72.64153863846997,72.64153863846997,no pobre,basal,0,0.0,972.0,1.0,70.0,11,343,23451,3,1.0
97,0.0,0.0,0.0,1.0,3.0,4,72.64153863846997,72.64153863846997,no pobre,basal,6,1200.0,875.0,1.0,60.0,9,343,23452,3,1.0
98,0.0,0.0,0.0,,,4,72.64153863846997,72.64153863846997,no pobre,basal,6,1200.0,875.0,1.0,60.0,10,343,23452,3,1.0
97,1.0,0.0,0.0,1.0,0.0,4,72.64153863846997,72.64153863846997,no pobre,basal,6,1200.0,875.0,1.0,60.0,7,343,23453,0,1.0
98,1.0,0.0,0.0,,,4,72.64153863846997,72.64153863846997,no pobre,basal,6,1200.0,875.0,1.0,60.0,8,343,23453,0,1.0
97,0.0,0.0,0.0,1.0,8.0,6,72.64153863846997,72.64153863846997,pobre,basal,0,625.0,972.0,1.0,45.0,14,343,23454,8,1.0
98,0.0,0.0,0.0,0.0,9.0,6,72.64153863846997,72.64153863846997,pobre,basal,0,625.0,972.0,1.0,45.0,15,343,23454,8,1.0
97,0.0,0.0,0.0,1.0,5.0,6,72.64153863846997,72.64153863846997,pobre,basal,0,625.0,972.0,1.0,45.0,11,343,23455,5,1.0
98,0.0,0.0,0.0,1.0,6.0,6,72.64153863846997,72.64153863846997,pobre,basal,0,625.0,972.0,1.0,45.0,12,343,23455,5,1.0
97,1.0,0.0,0.0,1.0,7.0,5,72.64153863846997,72.64153863846997,no pobre,basal,14,0.0,881.5,1.0,56.0,15,343,23456,7,1.0
98,1.0,0.0,0.0,1.0,8.0,5,72.64153863846997,72.64153863846997,no pobre,basal,14,0.0,881.5,1.0,56.0,16,343,23456,7,1.0
97,0.0,0.0,0.0,1.0,5.0,5,72.64153863846997,72.64153863846997,no pobre,basal,14,0.0,881.5,1.0,56.0,11,343,23457,5,1.0
98,0.0,0.0,0.0,1.0,6.0,5,72.64153863846997,72.64153863846997,no pobre,basal,14,0.0,881.5,1.0,56.0,12,343,23457,5,1.0
97,0.0,0.0,0.0,1.0,6.0,8,72.64153863846997,72.64153863846997,no pobre,basal,3,0.0,799.0,1.0,40.0,15,343,23458,6,1.0
98,0.0,0.0,0.0,1.0,7.0,8,72.64153863846997,72.64153863846997,no pobre,basal,3,0.0,799.0,1.0,40.0,16,343,23458,6,1.0
97,1.0,0.0,0.0,1.0,7.0,8,72.64153863846997,72.64153863846997,no pobre,basal,3,0.0,799.0,1.0,40.0,14,343,23459,7,1.0
98,1.0,0.0,0.0,0.0,8.0,8,72.64153863846997,72.64153863846997,no pobre,basal,3,0.0,799.0,1.0,40.0,15,343,23459,7,1.0
97,0.0,0.0,0.0,1.0,5.0,8,72.64153863846997,72.64153863846997,no pobre,basal,3,0.0,799.0,1.0,40.0,12,343,23460,5,1.0
98,0.0,0.0,0.0,1.0,6.0,8,72.64153863846997,72.64153863846997,no pobre,basal,3,0.0,799.0,1.0,40.0,13,343,23460,5,1.0
97,0.0,0.0,0.0,1.0,5.0,8,72.64153863846997,72.64153863846997,no pobre,basal,3,0.0,799.0,1.0,40.0,9,343,23461,5,1.0
98,0.0,0.0,0.0,1.0,4.0,8,72.64153863846997,72.64153863846997,no pobre,basal,3,0.0,799.0,1.0,40.0,10,343,23461,5,1.0
97,1.0,0.0,0.0,1.0,0.0,8,72.64153863846997,72.64153863846997,no pobre,basal,3,0.0,799.0,1.0,40.0,7,343,23462,0,1.0
98,1.0,0.0,0.0,1.0,1.0,8,72.64153863846997,72.64153863846997,no pobre,basal,3,0.0,799.0,1.0,40.0,8,343,23462,0,1.0
97,1.0,0.0,0.0,0.0,9.0,4,72.64153863846997,72.64153863846997,no pobre,basal,3,0.0,800.0,0.0,32.0,15,343,23463,9,0.0
98,1.0,0.0,0.0,0.0,9.0,4,72.64153863846997,72.64153863846997,no pobre,basal,3,0.0,800.0,0.0,32.0,16,343,23463,9,0.0
97,0.0,0.0,0.0,1.0,8.0,4,72.64153863846997,72.64153863846997,no pobre,basal,3,0.0,800.0,0.0,32.0,14,343,23464,8,1.0
98,0.0,0.0,0.0,0.0,8.0,4,72.64153863846997,72.64153863846997,no pobre,basal,3,0.0,800.0,0.0,32.0,15,343,23464,8,1.0
97,1.0,0.0,0.0,1.0,5.0,4,72.64153863846997,72.64153863846997,no pobre,basal,3,0.0,800.0,0.0,32.0,11,343,23465,5,1.0
98,1.0,0.0,0.0,1.0,5.0,4,72.64153863846997,72.64153863846997,no pobre,basal,3,0.0,800.0,0.0,32.0,12,343,23465,5,1.0
97,1.0,0.0,0.0,0.0,6.0,3,72.64153863846997,72.64153863846997,no pobre,basal,0,0.0,1113.5,1.0,60.0,16,343,23466,6,0.0
98,1.0,0.0,0.0,,,3,72.64153863846997,72.64153863846997,no pobre,basal,0,0.0,1113.5,1.0,60.0,17,343,23466,6,0.0
97,1.0,0.0,0.0,1.0,6.0,10,72.64153863846997,72.64153863846997,pobre,basal,2,0.0,814.0,1.0,46.0,15,343,23467,6,1.0
98,1.0,0.0,0.0,0.0,7.0,10,72.64153863846997,72.64153863846997,pobre,basal,2,0.0,814.0,1.0,46.0,16,343,23467,6,1.0
97,1.0,0.0,0.0,1.0,5.0,10,72.64153863846997,72.64153863846997,pobre,basal,2,0.0,814.0,1.0,46.0,13,343,23468,5,1.0
98,1.0,0.0,0.0,1.0,6.0,10,72.64153863846997,72.64153863846997,pobre,basal,2,0.0,814.0,1.0,46.0,14,343,23468,5,1.0
97,0.0,0.0,0.0,1.0,5.0,10,72.64153863846997,72.64153863846997,pobre,basal,2,0.0,814.0,1.0,46.0,11,343,23469,5,1.0
98,0.0,0.0,0.0,1.0,6.0,10,72.64153863846997,72.64153863846997,pobre,basal,2,0.0,814.0,1.0,46.0,12,343,23469,5,1.0
97,1.0,0.0,0.0,1.0,2.0,10,72.64153863846997,72.64153863846997,pobre,basal,2,0.0,814.0,1.0,46.0,9,343,23470,2,1.0
98,1.0,0.0,0.0,1.0,3.0,10,72.64153863846997,72.64153863846997,pobre,basal,2,0.0,814.0,1.0,46.0,10,343,23470,2,1.0
97,0.0,0.0,0.0,1.0,1.0,10,72.64153863846997,72.64153863846997,pobre,basal,2,0.0,814.0,1.0,46.0,8,343,23471,1,1.0
98,0.0,0.0,0.0,1.0,2.0,10,72.64153863846997,72.64153863846997,pobre,basal,2,0.0,814.0,1.0,46.0,9,343,23471,1,1.0
97,0.0,0.0,0.0,1.0,2.0,5,72.64153863846997,72.64153863846997,no pobre,basal,4,500.0,930.5,1.0,35.0,10,343,23472,2,1.0
98,0.0,0.0,0.0,1.0,4.0,5,72.64153863846997,72.64153863846997,no pobre,basal,4,500.0,930.5,1.0,35.0,11,343,23472,2,1.0
97,1.0,0.0,0.0,1.0,2.0,5,72.64153863846997,72.64153863846997,no pobre,basal,4,500.0,930.5,1.0,35.0,8,343,23473,2,1.0
98,1.0,0.0,0.0,1.0,3.0,5,72.64153863846997,72.64153863846997,no pobre,basal,4,500.0,930.5,1.0,35.0,9,343,23473,2,1.0
97,1.0,0.0,0.0,1.0,7.0,7,72.64153863846997,72.64153863846997,pobre,basal,4,625.0,769.5,1.0,50.0,16,343,23474,7,1.0
98,1.0,0.0,0.0,,,7,72.64153863846997,72.64153863846997,pobre,basal,4,625.0,769.5,1.0,50.0,17,343,23474,7,1.0
97,1.0,0.0,0.0,1.0,7.0,7,72.64153863846997,72.64153863846997,pobre,basal,4,625.0,769.5,1.0,50.0,14,343,23475,7,1.0
98,1.0,0.0,0.0,1.0,8.0,7,72.64153863846997,72.64153863846997,pobre,basal,4,625.0,769.5,1.0,50.0,15,343,23475,7,1.0
97,0.0,0.0,0.0,1.0,4.0,7,72.64153863846997,72.64153863846997,pobre,basal,4,625.0,769.5,1.0,50.0,11,343,23476,4,1.0
98,0.0,0.0,0.0,1.0,5.0,7,72.64153863846997,72.64153863846997,pobre,basal,4,625.0,769.5,1.0,50.0,12,343,23476,4,1.0
97,1.0,0.0,0.0,1.0,3.0,3,72.64153863846997,72.64153863846997,pobre,basal,0,500.0,785.0,1.0,74.0,10,343,23477,3,1.0
98,1.0,0.0,0.0,0.0,3.0,3,72.64153863846997,72.64153863846997,pobre,basal,0,500.0,785.0,1.0,74.0,11,343,23477,3,1.0
97,0.0,0.0,0.0,1.0,8.0,7,72.64153863846997,72.64153863846997,pobre,basal,0,625.0,748.5,1.0,55.0,16,343,23478,8,1.0
98,0.0,0.0,0.0,,,7,72.64153863846997,72.64153863846997,pobre,basal,0,625.0,748.5,1.0,55.0,17,343,23478,8,1.0
97,1.0,0.0,0.0,1.0,4.0,7,72.64153863846997,72.64153863846997,pobre,basal,0,625.0,748.5,1.0,55.0,10,343,23479,4,1.0
98,1.0,0.0,0.0,1.0,5.0,7,72.64153863846997,72.64153863846997,pobre,basal,0,625.0,748.5,1.0,55.0,11,343,23479,4,1.0
97,1.0,0.0,0.0,1.0,4.0,6,72.64153863846997,72.64153863846997,pobre,basal,6,750.0,800.0,1.0,31.0,11,343,23480,4,1.0
98,1.0,0.0,0.0,1.0,5.0,6,72.64153863846997,72.64153863846997,pobre,basal,6,750.0,800.0,1.0,31.0,12,343,23480,4,1.0
97,1.0,0.0,0.0,1.0,6.0,8,72.64153863846997,72.64153863846997,pobre,basal,0,1200.0,624.0,1.0,41.0,15,343,23481,6,1.0
98,1.0,0.0,0.0,0.0,6.0,8,72.64153863846997,72.64153863846997,pobre,basal,0,1200.0,624.0,1.0,41.0,16,343,23481,6,1.0
97,1.0,0.0,0.0,1.0,3.0,8,72.64153863846997,72.64153863846997,pobre,basal,0,1200.0,624.0,1.0,41.0,12,343,23482,3,1.0
98,1.0,0.0,0.0,1.0,4.0,8,72.64153863846997,72.64153863846997,pobre,basal,0,1200.0,624.0,1.0,41.0,13,343,23482,3,1.0
97,0.0,0.0,0.0,1.0,2.0,8,72.64153863846997,72.64153863846997,pobre,basal,0,1200.0,624.0,1.0,41.0,9,343,23483,2,1.0
98,0.0,0.0,0.0,1.0,3.0,8,72.64153863846997,72.64153863846997,pobre,basal,0,1200.0,624.0,1.0,41.0,10,343,23483,2,1.0
97,1.0,0.0,0.0,1.0,0.0,8,72.64153863846997,72.64153863846997,pobre,basal,0,1200.0,624.0,1.0,41.0,7,343,23484,0,1.0
98,1.0,0.0,0.0,1.0,1.0,8,72.64153863846997,72.64153863846997,pobre,basal,0,1200.0,624.0,1.0,41.0,8,343,23484,0,1.0
97,1.0,0.0,0.0,1.0,0.0,8,72.64153863846997,72.64153863846997,pobre,basal,0,1200.0,624.0,1.0,41.0,6,343,23485,0,1.0
98,1.0,0.0,0.0,1.0,1.0,8,72.64153863846997,72.64153863846997,pobre,basal,0,1200.0,624.0,1.0,41.0,7,343,23485,0,1.0
97,1.0,0.0,0.0,1.0,6.0,4,72.64153863846997,72.64153863846997,no pobre,basal,1,250.0,837.0,1.0,49.0,14,343,23486,6,1.0
98,1.0,0.0,0.0,1.0,7.0,4,72.64153863846997,72.64153863846997,no pobre,basal,1,250.0,837.0,1.0,49.0,15,343,23486,6,1.0
97,1.0,0.0,0.0,1.0,5.0,4,72.64153863846997,72.64153863846997,no pobre,basal,1,250.0,837.0,1.0,49.0,11,343,23487,5,1.0
98,1.0,0.0,0.0,1.0,6.0,4,72.64153863846997,72.64153863846997,no pobre,basal,1,250.0,837.0,1.0,49.0,12,343,23487,5,1.0
97,0.0,0.0,0.0,1.0,7.0,4,72.64153863846997,72.64153863846997,no pobre,basal,1,0.0,862.0,1.0,50.0,14,343,23488,7,1.0
98,0.0,0.0,0.0,1.0,8.0,4,72.64153863846997,72.64153863846997,no pobre,basal,1,0.0,862.0,1.0,50.0,15,343,23488,7,1.0
97,1.0,0.0,0.0,0.0,5.0,6,72.64153863846997,72.64153863846997,no pobre,basal,0,41.666668,1001.0,1.0,51.0,16,343,23489,5,0.0
98,1.0,0.0,0.0,0.0,5.0,6,72.64153863846997,72.64153863846997,no pobre,basal,0,41.666668,1001.0,1.0,51.0,17,343,23489,5,0.0
97,0.0,0.0,0.0,1.0,2.0,6,72.64153863846997,72.64153863846997,no pobre,basal,0,41.666668,1001.0,1.0,51.0,10,343,23490,2,1.0
98,0.0,0.0,0.0,1.0,3.0,6,72.64153863846997,72.64153863846997,no pobre,basal,0,41.666668,1001.0,1.0,51.0,11,343,23490,2,1.0
97,1.0,0.0,0.0,1.0,6.0,8,72.64153863846997,72.64153863846997,pobre,basal,2,625.0,587.0,1.0,43.0,15,343,23491,6,1.0
98,1.0,0.0,0.0,1.0,7.0,8,72.64153863846997,72.64153863846997,pobre,basal,2,625.0,587.0,1.0,43.0,16,343,23491,6,1.0
97,1.0,0.0,0.0,1.0,6.0,8,72.64153863846997,72.64153863846997,pobre,basal,2,625.0,587.0,1.0,43.0,13,343,23492,6,1.0
98,1.0,0.0,0.0,1.0,7.0,8,72.64153863846997,72.64153863846997,pobre,basal,2,625.0,587.0,1.0,43.0,14,343,23492,6,1.0
97,1.0,0.0,0.0,1.0,4.0,8,72.64153863846997,72.64153863846997,pobre,basal,2,625.0,587.0,1.0,43.0,11,343,23493,4,1.0
98,1.0,0.0,0.0,1.0,5.0,8,72.64153863846997,72.64153863846997,pobre,basal,2,625.0,587.0,1.0,43.0,12,343,23493,4,1.0
97,1.0,0.0,0.0,1.0,2.0,8,72.64153863846997,72.64153863846997,pobre,basal,2,625.0,587.0,1.0,43.0,9,343,23494,2,1.0
98,1.0,0.0,0.0,1.0,3.0,8,72.64153863846997,72.64153863846997,pobre,basal,2,625.0,587.0,1.0,43.0,10,343,23494,2,1.0
97,0.0,0.0,0.0,1.0,1.0,8,72.64153863846997,72.64153863846997,pobre,basal,2,625.0,587.0,1.0,43.0,7,343,23495,1,1.0
98,0.0,0.0,0.0,1.0,2.0,8,72.64153863846997,72.64153863846997,pobre,basal,2,625.0,587.0,1.0,43.0,8,343,23495,1,1.0
97,0.0,0.0,0.0,1.0,8.0,4,72.64153863846997,72.64153863846997,no pobre,basal,2,800.0,1088.0,1.0,68.0,14,343,23496,8,1.0
98,0.0,0.0,0.0,1.0,9.0,4,72.64153863846997,72.64153863846997,no pobre,basal,2,800.0,1088.0,1.0,68.0,15,343,23496,8,1.0
97,1.0,0.0,0.0,1.0,3.0,3,72.64153863846997,72.64153863846997,no pobre,basal,0,0.0,858.5,1.0,78.0,10,343,23497,3,1.0
98,1.0,0.0,0.0,1.0,6.0,3,72.64153863846997,72.64153863846997,no pobre,basal,0,0.0,858.5,1.0,78.0,11,343,23497,3,1.0
97,0.0,0.0,0.0,1.0,7.0,5,72.64153863846997,72.64153863846997,no pobre,basal,1,0.0,1009.5,1.0,56.0,15,343,23498,7,1.0
98,0.0,0.0,0.0,1.0,8.0,5,72.64153863846997,72.64153863846997,no pobre,basal,1,0.0,1009.5,1.0,56.0,16,343,23498,7,1.0
97,0.0,0.0,0.0,1.0,5.0,5,72.64153863846997,72.64153863846997,no pobre,basal,1,0.0,1009.5,1.0,56.0,12,343,23499,5,1.0
98,0.0,0.0,0.0,1.0,6.0,5,72.64153863846997,72.64153863846997,no pobre,basal,1,0.0,1009.5,1.0,56.0,13,343,23499,5,1.0
97,0.0,0.0,0.0,1.0,1.0,5,72.64153863846997,72.64153863846997,no pobre,basal,1,0.0,1009.5,1.0,56.0,7,343,23500,1,1.0
98,0.0,0.0,0.0,1.0,1.0,5,72.64153863846997,72.64153863846997,no pobre,basal,1,0.0,1009.5,1.0,56.0,8,343,23500,1,1.0
97,1.0,0.0,0.0,1.0,6.0,7,72.64153863846997,72.64153863846997,no pobre,basal,0,41.666668,826.0,0.0,58.0,13,343,23501,6,1.0
98,1.0,0.0,0.0,1.0,7.0,7,72.64153863846997,72.64153863846997,no pobre,basal,0,41.666668,826.0,0.0,58.0,14,343,23501,6,1.0
97,0.0,0.0,0.0,1.0,5.0,7,72.64153863846997,72.64153863846997,no pobre,basal,0,41.666668,826.0,0.0,58.0,11,343,23502,5,1.0
98,0.0,0.0,0.0,1.0,6.0,7,72.64153863846997,72.64153863846997,no pobre,basal,0,41.666668,826.0,0.0,58.0,12,343,23502,5,1.0
97,0.0,0.0,0.0,1.0,4.0,7,72.64153863846997,72.64153863846997,no pobre,basal,0,41.666668,826.0,0.0,58.0,10,343,23503,4,1.0
98,0.0,0.0,0.0,1.0,5.0,7,72.64153863846997,72.64153863846997,no pobre,basal,0,41.666668,826.0,0.0,58.0,11,343,23503,4,1.0
97,1.0,0.0,0.0,1.0,4.0,8,72.64153863846997,72.64153863846997,pobre,basal,6,0.0,700.0,1.0,34.0,11,343,23504,4,1.0
98,1.0,0.0,0.0,1.0,5.0,8,72.64153863846997,72.64153863846997,pobre,basal,6,0.0,700.0,1.0,34.0,12,343,23504,4,1.0
97,0.0,0.0,0.0,1.0,4.0,8,72.64153863846997,72.64153863846997,pobre,basal,6,0.0,700.0,1.0,34.0,10,343,23505,4,1.0
98,0.0,0.0,0.0,1.0,5.0,8,72.64153863846997,72.64153863846997,pobre,basal,6,0.0,700.0,1.0,34.0,11,343,23505,4,1.0
97,0.0,0.0,0.0,1.0,1.0,8,72.64153863846997,72.64153863846997,pobre,basal,6,0.0,700.0,1.0,34.0,8,343,23506,1,1.0
98,0.0,0.0,0.0,1.0,2.0,8,72.64153863846997,72.64153863846997,pobre,basal,6,0.0,700.0,1.0,34.0,9,343,23506,1,1.0
97,1.0,0.0,0.0,1.0,0.0,8,72.64153863846997,72.64153863846997,pobre,basal,6,0.0,700.0,1.0,34.0,6,343,23507,0,1.0
98,1.0,0.0,0.0,1.0,1.0,8,72.64153863846997,72.64153863846997,pobre,basal,6,0.0,700.0,1.0,34.0,7,343,23507,0,1.0
97,0.0,0.0,0.0,1.0,8.0,3,72.64153863846997,72.64153863846997,no pobre,basal,0,500.0,837.5,1.0,55.0,14,343,23508,8,1.0
98,0.0,0.0,0.0,0.0,9.0,3,72.64153863846997,72.64153863846997,no pobre,basal,0,500.0,837.5,1.0,55.0,15,343,23508,8,1.0
97,0.0,0.0,0.0,0.0,9.0,6,72.64153863846997,72.64153863846997,no pobre,basal,1,0.0,953.0,0.0,51.0,16,343,23509,9,0.0
98,0.0,0.0,0.0,,,6,72.64153863846997,72.64153863846997,no pobre,basal,1,0.0,953.0,0.0,51.0,17,343,23509,9,0.0
97,0.0,0.0,0.0,1.0,1.0,6,72.64153863846997,72.64153863846997,no pobre,basal,1,0.0,953.0,0.0,51.0,7,343,23510,1,1.0
98,0.0,0.0,0.0,,,6,72.64153863846997,72.64153863846997,no pobre,basal,1,0.0,953.0,0.0,51.0,8,343,23510,1,1.0
97,1.0,0.0,0.0,1.0,0.0,6,72.64153863846997,72.64153863846997,no pobre,basal,1,0.0,953.0,0.0,51.0,6,343,23511,0,1.0
98,1.0,0.0,0.0,,,6,72.64153863846997,72.64153863846997,no pobre,basal,1,0.0,953.0,0.0,51.0,7,343,23511,0,1.0
97,1.0,0.0,0.0,1.0,1.0,4,72.64153863846997,72.64153863846997,pobre,basal,0,600.0,735.0,1.0,65.0,10,343,23512,1,1.0
98,1.0,0.0,0.0,1.0,2.0,4,72.64153863846997,72.64153863846997,pobre,basal,0,600.0,735.0,1.0,65.0,11,343,23512,1,1.0
97,1.0,0.0,0.0,1.0,0.0,4,72.64153863846997,72.64153863846997,pobre,basal,0,600.0,735.0,1.0,65.0,8,343,23513,0,1.0
98,1.0,0.0,0.0,1.0,1.0,4,72.64153863846997,72.64153863846997,pobre,basal,0,600.0,735.0,1.0,65.0,9,343,23513,0,1.0
97,0.0,0.0,0.0,1.0,1.0,6,72.64153863846997,72.64153863846997,pobre,basal,0,625.0,635.0,1.0,32.0,7,343,23514,1,1.0
98,0.0,0.0,0.0,1.0,2.0,6,72.64153863846997,72.64153863846997,pobre,basal,0,625.0,635.0,1.0,32.0,8,343,23514,1,1.0
97,0.0,0.0,0.0,1.0,0.0,5,72.64153863846997,72.64153863846997,pobre,basal,6,500.0,670.0,1.0,26.0,6,343,23515,0,1.0
98,0.0,0.0,0.0,1.0,1.0,5,72.64153863846997,72.64153863846997,pobre,basal,6,500.0,670.0,1.0,26.0,7,343,23515,0,1.0
97,1.0,0.0,0.0,1.0,3.0,3,72.64153863846997,72.64153863846997,no pobre,basal,0,0.0,794.0,1.0,55.0,13,343,23516,3,1.0
98,1.0,0.0,0.0,1.0,4.0,3,72.64153863846997,72.64153863846997,no pobre,basal,0,0.0,794.0,1.0,55.0,14,343,23516,3,1.0
97,1.0,0.0,0.0,1.0,5.0,7,72.64153863846997,72.64153863846997,pobre,basal,3,1000.0,639.0,1.0,33.0,11,343,23517,5,1.0
98,1.0,0.0,0.0,1.0,6.0,7,72.64153863846997,72.64153863846997,pobre,basal,3,1000.0,639.0,1.0,33.0,12,343,23517,5,1.0
97,0.0,0.0,0.0,1.0,3.0,7,72.64153863846997,72.64153863846997,pobre,basal,3,1000.0,639.0,1.0,33.0,9,343,23518,3,1.0
98,0.0,0.0,0.0,1.0,4.0,7,72.64153863846997,72.64153863846997,pobre,basal,3,1000.0,639.0,1.0,33.0,10,343,23518,3,1.0
97,1.0,0.0,0.0,1.0,1.0,7,72.64153863846997,72.64153863846997,pobre,basal,3,1000.0,639.0,1.0,33.0,7,343,23519,1,1.0
98,1.0,0.0,0.0,1.0,2.0,7,72.64153863846997,72.64153863846997,pobre,basal,3,1000.0,639.0,1.0,33.0,8,343,23519,1,1.0
97,0.0,0.0,0.0,0.0,3.0,7,72.64153863846997,72.64153863846997,pobre,basal,0,0.0,694.5,1.0,47.0,15,343,23520,3,0.0
98,0.0,0.0,0.0,1.0,,7,72.64153863846997,72.64153863846997,pobre,basal,0,0.0,694.5,1.0,47.0,16,343,23520,3,0.0
97,0.0,0.0,0.0,1.0,4.0,7,72.64153863846997,72.64153863846997,pobre,basal,0,0.0,694.5,1.0,47.0,13,343,23521,4,1.0
98,0.0,0.0,0.0,1.0,5.0,7,72.64153863846997,72.64153863846997,pobre,basal,0,0.0,694.5,1.0,47.0,14,343,23521,4,1.0
97,0.0,0.0,0.0,1.0,3.0,7,72.64153863846997,72.64153863846997,pobre,basal,0,0.0,694.5,1.0,47.0,11,343,23522,3,1.0
98,0.0,0.0,0.0,1.0,4.0,7,72.64153863846997,72.64153863846997,pobre,basal,0,0.0,694.5,1.0,47.0,12,343,23522,3,1.0
97,1.0,0.0,0.0,0.0,9.0,5,72.64153863846997,72.64153863846997,no pobre,basal,0,0.0,1061.0,1.0,57.0,15,343,23523,9,0.0
98,1.0,0.0,0.0,0.0,9.0,5,72.64153863846997,72.64153863846997,no pobre,basal,0,0.0,1061.0,1.0,57.0,16,343,23523,9,0.0
97,0.0,0.0,0.0,1.0,6.0,5,72.64153863846997,72.64153863846997,no pobre,basal,3,0.0,1082.5,0.0,57.0,13,343,23524,6,1.0
98,0.0,0.0,0.0,1.0,7.0,5,72.64153863846997,72.64153863846997,no pobre,basal,3,0.0,1082.5,0.0,57.0,14,343,23524,6,1.0
97,1.0,0.0,0.0,1.0,5.0,4,72.64153863846997,72.64153863846997,pobre,basal,0,0.0,807.0,0.0,52.0,13,343,23525,5,1.0
98,1.0,0.0,0.0,0.0,4.0,4,72.64153863846997,72.64153863846997,pobre,basal,0,0.0,807.0,0.0,52.0,14,343,23525,5,1.0
97,1.0,0.0,0.0,1.0,4.0,4,72.64153863846997,72.64153863846997,pobre,basal,0,0.0,807.0,0.0,52.0,12,343,23526,4,1.0
98,1.0,0.0,0.0,1.0,5.0,4,72.64153863846997,72.64153863846997,pobre,basal,0,0.0,807.0,0.0,52.0,13,343,23526,4,1.0
97,0.0,0.0,0.0,1.0,3.0,4,72.64153863846997,72.64153863846997,pobre,basal,0,0.0,807.0,0.0,52.0,8,343,23527,3,1.0
98,0.0,0.0,0.0,1.0,4.0,4,72.64153863846997,72.64153863846997,pobre,basal,0,0.0,807.0,0.0,52.0,9,343,23527,3,1.0
97,0.0,0.0,0.0,0.0,9.0,4,72.64153863846997,72.64153863846997,pobre,basal,3,200.0,772.0,1.0,77.0,16,343,23528,9,0.0
98,0.0,0.0,0.0,,,4,72.64153863846997,72.64153863846997,pobre,basal,3,200.0,772.0,1.0,77.0,17,343,23528,9,0.0
97,1.0,0.0,0.0,1.0,3.0,4,72.64153863846997,72.64153863846997,pobre,basal,3,200.0,772.0,1.0,77.0,11,343,23529,3,1.0
98,1.0,0.0,0.0,,,4,72.64153863846997,72.64153863846997,pobre,basal,3,200.0,772.0,1.0,77.0,12,343,23529,3,1.0
97,1.0,0.0,0.0,0.0,4.0,5,72.64153863846997,72.64153863846997,pobre,basal,3,250.0,709.5,0.0,34.0,15,343,23530,4,0.0
98,1.0,0.0,0.0,0.0,4.0,5,72.64153863846997,72.64153863846997,pobre,basal,3,250.0,709.5,0.0,34.0,16,343,23530,4,0.0
97,0.0,0.0,0.0,1.0,8.0,5,72.64153863846997,72.64153863846997,pobre,basal,3,250.0,709.5,0.0,34.0,14,343,23531,8,1.0
98,0.0,0.0,0.0,0.0,9.0,5,72.64153863846997,72.64153863846997,pobre,basal,3,250.0,709.5,0.0,34.0,15,343,23531,8,1.0
97,0.0,0.0,0.0,1.0,5.0,5,72.64153863846997,72.64153863846997,pobre,basal,3,250.0,709.5,0.0,34.0,12,343,23532,5,1.0
98,0.0,0.0,0.0,1.0,6.0,5,72.64153863846997,72.64153863846997,pobre,basal,3,250.0,709.5,0.0,34.0,13,343,23532,5,1.0
97,1.0,0.0,0.0,0.0,5.0,5,72.64153863846997,72.64153863846997,pobre,basal,0,25.0,880.5,1.0,60.0,14,343,23533,5,0.0
98,1.0,0.0,0.0,0.0,5.0,5,72.64153863846997,72.64153863846997,pobre,basal,0,25.0,880.5,1.0,60.0,15,343,23533,5,0.0
97,0.0,0.0,0.0,1.0,4.0,7,72.64153863846997,72.64153863846997,pobre,basal,3,25.0,622.0,1.0,33.0,10,343,23534,4,1.0
98,0.0,0.0,0.0,1.0,5.0,7,72.64153863846997,72.64153863846997,pobre,basal,3,25.0,622.0,1.0,33.0,11,343,23534,4,1.0
97,0.0,0.0,0.0,1.0,3.0,7,72.64153863846997,72.64153863846997,pobre,basal,3,25.0,622.0,1.0,33.0,9,343,23535,3,1.0
98,0.0,0.0,0.0,1.0,4.0,7,72.64153863846997,72.64153863846997,pobre,basal,3,25.0,622.0,1.0,33.0,10,343,23535,3,1.0
97,1.0,0.0,0.0,1.0,1.0,7,72.64153863846997,72.64153863846997,pobre,basal,3,25.0,622.0,1.0,33.0,8,343,23536,1,1.0
98,1.0,0.0,0.0,1.0,2.0,7,72.64153863846997,72.64153863846997,pobre,basal,3,25.0,622.0,1.0,33.0,9,343,23536,1,1.0
97,1.0,0.0,0.0,,0.0,5,72.64153863846997,72.64153863846997,pobre,basal,0,500.0,726.0,1.0,49.0,13,343,23537,0,
98,1.0,0.0,0.0,0.0,1.0,5,72.64153863846997,72.64153863846997,pobre,basal,0,500.0,726.0,1.0,49.0,14,343,23537,0,
97,1.0,0.0,0.0,1.0,0.0,5,72.64153863846997,72.64153863846997,pobre,basal,0,500.0,726.0,1.0,49.0,8,343,23538,0,1.0
98,1.0,0.0,0.0,1.0,1.0,5,72.64153863846997,72.64153863846997,pobre,basal,0,500.0,726.0,1.0,49.0,9,343,23538,0,1.0
97,1.0,0.0,0.0,1.0,0.0,4,72.64153863846997,72.64153863846997,pobre,basal,6,500.0,713.0,1.0,30.0,6,343,23539,0,1.0
98,1.0,0.0,0.0,1.0,1.0,4,72.64153863846997,72.64153863846997,pobre,basal,6,500.0,713.0,1.0,30.0,7,343,23539,0,1.0
97,0.0,0.0,0.0,1.0,7.0,7,72.64153863846997,72.64153863846997,pobre,basal,0,500.0,494.0,1.0,63.0,13,343,23540,7,1.0
98,0.0,0.0,0.0,1.0,8.0,7,72.64153863846997,72.64153863846997,pobre,basal,0,500.0,494.0,1.0,63.0,14,343,23540,7,1.0
97,1.0,0.0,0.0,1.0,4.0,7,72.64153863846997,72.64153863846997,pobre,basal,0,500.0,494.0,1.0,63.0,10,343,23541,4,1.0
98,1.0,0.0,0.0,1.0,5.0,7,72.64153863846997,72.64153863846997,pobre,basal,0,500.0,494.0,1.0,63.0,11,343,23541,4,1.0
97,1.0,0.0,0.0,1.0,3.0,7,72.64153863846997,72.64153863846997,pobre,basal,0,500.0,494.0,1.0,63.0,9,343,23542,3,1.0
98,1.0,0.0,0.0,1.0,4.0,7,72.64153863846997,72.64153863846997,pobre,basal,0,500.0,494.0,1.0,63.0,10,343,23542,3,1.0
97,1.0,0.0,0.0,1.0,1.0,7,72.64153863846997,72.64153863846997,pobre,basal,0,500.0,494.0,1.0,63.0,8,343,23543,1,1.0
98,1.0,0.0,0.0,1.0,1.0,7,72.64153863846997,72.64153863846997,pobre,basal,0,500.0,494.0,1.0,63.0,9,343,23543,1,1.0
97,1.0,0.0,0.0,,0.0,5,72.64153863846997,72.64153863846997,pobre,basal,0,500.0,752.5,1.0,65.0,16,343,23544,0,
98,1.0,0.0,0.0,,,5,72.64153863846997,72.64153863846997,pobre,basal,0,500.0,752.5,1.0,65.0,17,343,23544,0,
97,1.0,0.0,0.0,,0.0,5,72.64153863846997,72.64153863846997,pobre,basal,0,500.0,752.5,1.0,65.0,9,343,23545,0,
98,1.0,0.0,0.0,0.0,1.0,5,72.64153863846997,72.64153863846997,pobre,basal,0,500.0,752.5,1.0,65.0,10,343,23545,0,
97,1.0,0.0,0.0,1.0,4.0,8,72.64153863846997,72.64153863846997,pobre,basal,3,4000.0,643.0,1.0,40.0,10,343,23546,4,1.0
98,1.0,0.0,0.0,1.0,5.0,8,72.64153863846997,72.64153863846997,pobre,basal,3,4000.0,643.0,1.0,40.0,11,343,23546,4,1.0
97,0.0,0.0,0.0,1.0,2.0,8,72.64153863846997,72.64153863846997,pobre,basal,3,4000.0,643.0,1.0,40.0,8,343,23547,2,1.0
98,0.0,0.0,0.0,1.0,3.0,8,72.64153863846997,72.64153863846997,pobre,basal,3,4000.0,643.0,1.0,40.0,9,343,23547,2,1.0
97,0.0,0.0,0.0,1.0,3.0,6,72.64153863846997,72.64153863846997,pobre,basal,1,750.0,650.0,1.0,53.0,12,343,23548,3,1.0
98,0.0,0.0,0.0,1.0,4.0,6,72.64153863846997,72.64153863846997,pobre,basal,1,750.0,650.0,1.0,53.0,13,343,23548,3,1.0
97,1.0,0.0,0.0,1.0,4.0,6,72.64153863846997,72.64153863846997,pobre,basal,1,750.0,650.0,1.0,53.0,11,343,23549,4,1.0
98,1.0,0.0,0.0,1.0,5.0,6,72.64153863846997,72.64153863846997,pobre,basal,1,750.0,650.0,1.0,53.0,12,343,23549,4,1.0
97,1.0,0.0,0.0,1.0,0.0,6,72.64153863846997,72.64153863846997,pobre,basal,1,750.0,650.0,1.0,53.0,6,343,23550,0,1.0
98,1.0,0.0,0.0,1.0,0.0,6,72.64153863846997,72.64153863846997,pobre,basal,1,750.0,650.0,1.0,53.0,7,343,23550,0,1.0
97,0.0,0.0,0.0,1.0,8.0,7,72.64153863846997,72.64153863846997,no pobre,basal,0,1250.0,781.0,1.0,57.0,15,343,23551,8,1.0
98,0.0,0.0,0.0,0.0,9.0,7,72.64153863846997,72.64153863846997,no pobre,basal,0,1250.0,781.0,1.0,57.0,16,343,23551,8,1.0
97,0.0,0.0,0.0,1.0,6.0,7,72.64153863846997,72.64153863846997,no pobre,basal,0,1250.0,781.0,1.0,57.0,12,343,23552,6,1.0
98,0.0,0.0,0.0,1.0,7.0,7,72.64153863846997,72.64153863846997,no pobre,basal,0,1250.0,781.0,1.0,57.0,13,343,23552,6,1.0
97,0.0,0.0,0.0,1.0,2.0,7,72.64153863846997,72.64153863846997,no pobre,basal,0,1250.0,781.0,1.0,57.0,8,343,23553,2,1.0
98,0.0,0.0,0.0,1.0,3.0,7,72.64153863846997,72.64153863846997,no pobre,basal,0,1250.0,781.0,1.0,57.0,9,343,23553,2,1.0
97,0.0,0.0,0.0,1.0,1.0,7,72.64153863846997,72.64153863846997,no pobre,basal,0,1250.0,781.0,1.0,57.0,7,343,23554,1,1.0
98,0.0,0.0,0.0,1.0,2.0,7,72.64153863846997,72.64153863846997,no pobre,basal,0,1250.0,781.0,1.0,57.0,8,343,23554,1,1.0
97,0.0,0.0,0.0,0.0,3.0,9,72.64153863846997,72.64153863846997,pobre,basal,0,1125.0,425.0,0.0,42.0,15,343,23555,3,0.0
98,0.0,0.0,0.0,0.0,3.0,9,72.64153863846997,72.64153863846997,pobre,basal,0,1125.0,425.0,0.0,42.0,16,343,23555,3,0.0
97,0.0,0.0,0.0,0.0,2.0,9,72.64153863846997,72.64153863846997,pobre,basal,0,1125.0,425.0,0.0,42.0,12,343,23556,2,0.0
98,0.0,0.0,0.0,0.0,3.0,9,72.64153863846997,72.64153863846997,pobre,basal,0,1125.0,425.0,0.0,42.0,13,343,23556,2,0.0
97,1.0,0.0,0.0,1.0,2.0,9,72.64153863846997,72.64153863846997,pobre,basal,0,1125.0,425.0,0.0,42.0,10,343,23557,2,1.0
98,1.0,0.0,0.0,0.0,3.0,9,72.64153863846997,72.64153863846997,pobre,basal,0,1125.0,425.0,0.0,42.0,11,343,23557,2,1.0
97,0.0,0.0,0.0,1.0,1.0,9,72.64153863846997,72.64153863846997,pobre,basal,0,1125.0,425.0,0.0,42.0,7,343,23558,1,1.0
98,0.0,0.0,0.0,1.0,2.0,9,72.64153863846997,72.64153863846997,pobre,basal,0,1125.0,425.0,0.0,42.0,8,343,23558,1,1.0
97,1.0,0.0,0.0,0.0,6.0,6,72.64153863846997,72.64153863846997,pobre,basal,1,0.0,822.0,1.0,59.0,14,343,23559,6,0.0
98,1.0,0.0,0.0,0.0,6.0,6,72.64153863846997,72.64153863846997,pobre,basal,1,0.0,822.0,1.0,59.0,15,343,23559,6,0.0
97,1.0,0.0,0.0,1.0,3.0,6,72.64153863846997,72.64153863846997,pobre,basal,1,0.0,822.0,1.0,59.0,12,343,23560,3,1.0
98,1.0,0.0,0.0,1.0,3.0,6,72.64153863846997,72.64153863846997,pobre,basal,1,0.0,822.0,1.0,59.0,13,343,23560,3,1.0
97,1.0,0.0,0.0,1.0,5.0,6,72.64153863846997,72.64153863846997,no pobre,basal,6,750.0,795.0,1.0,34.0,12,343,23561,5,1.0
98,1.0,0.0,0.0,1.0,6.0,6,72.64153863846997,72.64153863846997,no pobre,basal,6,750.0,795.0,1.0,34.0,13,343,23561,5,1.0
97,0.0,0.0,0.0,1.0,4.0,6,72.64153863846997,72.64153863846997,no pobre,basal,6,750.0,795.0,1.0,34.0,10,343,23562,4,1.0
98,0.0,0.0,0.0,1.0,5.0,6,72.64153863846997,72.64153863846997,no pobre,basal,6,750.0,795.0,1.0,34.0,11,343,23562,4,1.0
97,1.0,0.0,0.0,1.0,2.0,6,72.64153863846997,72.64153863846997,no pobre,basal,6,750.0,795.0,1.0,34.0,9,343,23563,2,1.0
98,1.0,0.0,0.0,1.0,3.0,6,72.64153863846997,72.64153863846997,no pobre,basal,6,750.0,795.0,1.0,34.0,10,343,23563,2,1.0
97,0.0,0.0,0.0,1.0,1.0,6,72.64153863846997,72.64153863846997,no pobre,basal,6,750.0,795.0,1.0,34.0,7,343,23564,1,1.0
98,0.0,0.0,0.0,1.0,2.0,6,72.64153863846997,72.64153863846997,no pobre,basal,6,750.0,795.0,1.0,34.0,8,343,23564,1,1.0
97,1.0,0.0,0.0,0.0,6.0,6,72.64153863846997,72.64153863846997,pobre,basal,0,500.0,792.0,1.0,59.0,16,343,23565,6,0.0
98,1.0,0.0,0.0,,,6,72.64153863846997,72.64153863846997,pobre,basal,0,500.0,792.0,1.0,59.0,17,343,23565,6,0.0
97,0.0,0.0,0.0,1.0,6.0,6,72.64153863846997,72.64153863846997,pobre,basal,0,500.0,792.0,1.0,59.0,14,343,23566,6,1.0
98,0.0,0.0,0.0,0.0,6.0,6,72.64153863846997,72.64153863846997,pobre,basal,0,500.0,792.0,1.0,59.0,15,343,23566,6,1.0
97,1.0,0.0,0.0,1.0,4.0,6,72.64153863846997,72.64153863846997,pobre,basal,0,500.0,792.0,1.0,59.0,11,343,23567,4,1.0
98,1.0,0.0,0.0,1.0,4.0,6,72.64153863846997,72.64153863846997,pobre,basal,0,500.0,792.0,1.0,59.0,12,343,23567,4,1.0
97,0.0,0.0,0.0,1.0,1.0,6,72.64153863846997,72.64153863846997,pobre,basal,5,625.0,665.0,1.0,27.0,7,343,23568,1,1.0
98,0.0,0.0,0.0,1.0,2.0,6,72.64153863846997,72.64153863846997,pobre,basal,5,625.0,665.0,1.0,27.0,8,343,23568,1,1.0
97,1.0,0.0,0.0,1.0,6.0,7,72.64153863846997,72.64153863846997,pobre,basal,0,0.0,633.0,1.0,49.0,15,343,23569,6,1.0
98,1.0,0.0,0.0,0.0,6.0,7,72.64153863846997,72.64153863846997,pobre,basal,0,0.0,633.0,1.0,49.0,16,343,23569,6,1.0
97,0.0,0.0,0.0,1.0,3.0,7,72.64153863846997,72.64153863846997,pobre,basal,0,0.0,633.0,1.0,49.0,12,343,23570,3,1.0
98,0.0,0.0,0.0,1.0,4.0,7,72.64153863846997,72.64153863846997,pobre,basal,0,0.0,633.0,1.0,49.0,13,343,23570,3,1.0
97,0.0,0.0,0.0,1.0,1.0,7,72.64153863846997,72.64153863846997,pobre,basal,0,0.0,633.0,1.0,49.0,9,343,23571,1,1.0
98,0.0,0.0,0.0,1.0,2.0,7,72.64153863846997,72.64153863846997,pobre,basal,0,0.0,633.0,1.0,49.0,10,343,23571,1,1.0
97,1.0,0.0,0.0,1.0,0.0,7,72.64153863846997,72.64153863846997,pobre,basal,0,0.0,633.0,1.0,49.0,6,343,23572,0,1.0
98,1.0,0.0,0.0,1.0,1.0,7,72.64153863846997,72.64153863846997,pobre,basal,0,0.0,633.0,1.0,49.0,7,343,23572,0,1.0
97,0.0,0.0,0.0,1.0,3.0,6,72.64153863846997,72.64153863846997,pobre,basal,6,500.0,790.0,1.0,36.0,11,343,23573,3,1.0
98,0.0,0.0,0.0,1.0,4.0,6,72.64153863846997,72.64153863846997,pobre,basal,6,500.0,790.0,1.0,36.0,12,343,23573,3,1.0
97,0.0,0.0,0.0,1.0,3.0,6,72.64153863846997,72.64153863846997,pobre,basal,6,500.0,790.0,1.0,36.0,9,343,23574,3,1.0
98,0.0,0.0,0.0,1.0,1.0,6,72.64153863846997,72.64153863846997,pobre,basal,6,500.0,790.0,1.0,36.0,10,343,23574,3,1.0
97,0.0,0.0,0.0,1.0,0.0,6,72.64153863846997,72.64153863846997,pobre,basal,6,500.0,790.0,1.0,36.0,7,343,23575,0,1.0
98,0.0,0.0,0.0,1.0,0.0,6,72.64153863846997,72.64153863846997,pobre,basal,6,500.0,790.0,1.0,36.0,8,343,23575,0,1.0
97,1.0,0.0,0.0,1.0,0.0,7,72.64153863846997,72.64153863846997,pobre,basal,0,500.0,613.5,1.0,82.0,6,343,23576,0,1.0
98,1.0,0.0,0.0,1.0,1.0,7,72.64153863846997,72.64153863846997,pobre,basal,0,500.0,613.5,1.0,82.0,7,343,23576,0,1.0
97,1.0,0.0,0.0,1.0,0.0,7,72.64153863846997,72.64153863846997,pobre,basal,0,500.0,613.5,1.0,82.0,6,343,23577,0,1.0
98,1.0,0.0,0.0,1.0,1.0,7,72.64153863846997,72.64153863846997,pobre,basal,0,500.0,613.5,1.0,82.0,7,343,23577,0,1.0
97,1.0,0.0,0.0,1.0,6.0,8,72.64153863846997,72.64153863846997,no pobre,basal,8,200.0,975.0,1.0,62.0,15,343,23578,6,1.0
98,1.0,0.0,0.0,1.0,7.0,8,72.64153863846997,72.64153863846997,no pobre,basal,8,200.0,975.0,1.0,62.0,16,343,23578,6,1.0
97,1.0,0.0,0.0,1.0,2.0,8,72.64153863846997,72.64153863846997,no pobre,basal,8,200.0,975.0,1.0,62.0,11,343,23579,2,1.0
98,1.0,0.0,0.0,1.0,3.0,8,72.64153863846997,72.64153863846997,no pobre,basal,8,200.0,975.0,1.0,62.0,12,343,23579,2,1.0
97,1.0,0.0,0.0,1.0,4.0,8,72.64153863846997,72.64153863846997,no pobre,basal,8,200.0,975.0,1.0,62.0,11,343,23580,4,1.0
98,1.0,0.0,0.0,1.0,5.0,8,72.64153863846997,72.64153863846997,no pobre,basal,8,200.0,975.0,1.0,62.0,12,343,23580,4,1.0
97,1.0,0.0,0.0,1.0,2.0,8,72.64153863846997,72.64153863846997,no pobre,basal,8,200.0,975.0,1.0,62.0,10,343,23581,2,1.0
98,1.0,0.0,0.0,1.0,3.0,8,72.64153863846997,72.64153863846997,no pobre,basal,8,200.0,975.0,1.0,62.0,11,343,23581,2,1.0
97,1.0,0.0,0.0,1.0,2.0,8,72.64153863846997,72.64153863846997,no pobre,basal,8,200.0,975.0,1.0,62.0,10,343,23582,2,1.0
98,1.0,0.0,0.0,1.0,2.0,8,72.64153863846997,72.64153863846997,no pobre,basal,8,200.0,975.0,1.0,62.0,11,343,23582,2,1.0
97,1.0,0.0,0.0,0.0,6.0,7,72.64153863846997,72.64153863846997,pobre,basal,2,625.0,716.5,1.0,36.0,14,343,23583,6,0.0
98,1.0,0.0,0.0,0.0,6.0,7,72.64153863846997,72.64153863846997,pobre,basal,2,625.0,716.5,1.0,36.0,15,343,23583,6,0.0
97,1.0,0.0,0.0,1.0,4.0,7,72.64153863846997,72.64153863846997,pobre,basal,2,625.0,716.5,1.0,36.0,12,343,23584,4,1.0
98,1.0,0.0,0.0,,,7,72.64153863846997,72.64153863846997,pobre,basal,2,625.0,716.5,1.0,36.0,13,343,23584,4,1.0
97,1.0,0.0,0.0,1.0,1.0,7,72.64153863846997,72.64153863846997,pobre,basal,2,625.0,716.5,1.0,36.0,12,343,23585,1,1.0
98,1.0,0.0,0.0,1.0,1.0,7,72.64153863846997,72.64153863846997,pobre,basal,2,625.0,716.5,1.0,36.0,13,343,23585,1,1.0
97,0.0,0.0,0.0,1.0,7.0,5,72.64153863846997,72.64153863846997,no pobre,basal,0,8000.0,871.0,1.0,45.0,14,343,23586,7,1.0
98,0.0,0.0,0.0,1.0,8.0,5,72.64153863846997,72.64153863846997,no pobre,basal,0,8000.0,871.0,1.0,45.0,15,343,23586,7,1.0
97,1.0,0.0,0.0,1.0,1.0,5,72.64153863846997,72.64153863846997,no pobre,basal,0,8000.0,871.0,1.0,45.0,7,343,23587,1,1.0
98,1.0,0.0,0.0,1.0,2.0,5,72.64153863846997,72.64153863846997,no pobre,basal,0,8000.0,871.0,1.0,45.0,8,343,23587,1,1.0
97,0.0,0.0,0.0,0.0,4.0,9,72.64153863846997,72.64153863846997,pobre,basal,0,250.0,761.0,1.0,53.0,14,343,23588,4,0.0
98,0.0,0.0,0.0,0.0,4.0,9,72.64153863846997,72.64153863846997,pobre,basal,0,250.0,761.0,1.0,53.0,15,343,23588,4,0.0
97,1.0,0.0,0.0,1.0,3.0,9,72.64153863846997,72.64153863846997,pobre,basal,0,250.0,761.0,1.0,53.0,12,343,23589,3,1.0
98,1.0,0.0,0.0,1.0,4.0,9,72.64153863846997,72.64153863846997,pobre,basal,0,250.0,761.0,1.0,53.0,13,343,23589,3,1.0
97,1.0,0.0,0.0,1.0,1.0,9,72.64153863846997,72.64153863846997,pobre,basal,0,250.0,761.0,1.0,53.0,11,343,23590,1,1.0
98,1.0,0.0,0.0,1.0,2.0,9,72.64153863846997,72.64153863846997,pobre,basal,0,250.0,761.0,1.0,53.0,12,343,23590,1,1.0
97,1.0,0.0,0.0,1.0,1.0,9,72.64153863846997,72.64153863846997,pobre,basal,0,250.0,761.0,1.0,53.0,8,343,23591,1,1.0
98,1.0,0.0,0.0,1.0,2.0,9,72.64153863846997,72.64153863846997,pobre,basal,0,250.0,761.0,1.0,53.0,9,343,23591,1,1.0
97,1.0,1.0,1.308,,0.0,6,164.4642940505127,165.572195948472,pobre,basal,0,500.0,614.33002,1.0,47.0,15,360,23592,0,
98,1.0,1.0,1.308,0.0,6.0,6,164.4642940505127,165.572195948472,pobre,basal,0,500.0,614.33002,1.0,47.0,16,360,23592,0,
97,1.0,1.0,1.308,,0.0,6,164.4642940505127,165.572195948472,pobre,basal,0,500.0,614.33002,1.0,47.0,13,360,23593,0,
98,1.0,1.0,1.308,0.0,6.0,6,164.4642940505127,165.572195948472,pobre,basal,0,500.0,614.33002,1.0,47.0,14,360,23593,0,
97,1.0,1.0,1.308,,0.0,6,164.4642940505127,165.572195948472,pobre,basal,0,500.0,614.33002,1.0,47.0,10,360,23594,0,
98,1.0,1.0,1.308,1.0,3.0,6,164.4642940505127,165.572195948472,pobre,basal,0,500.0,614.33002,1.0,47.0,11,360,23594,0,
97,1.0,0.0,1.308,1.0,5.0,6,164.4642940505127,165.572195948472,pobre,basal,3,0.0,634.0,1.0,31.0,12,360,23595,5,1.0
98,1.0,0.0,1.308,1.0,6.0,6,164.4642940505127,165.572195948472,pobre,basal,3,0.0,634.0,1.0,31.0,13,360,23595,5,1.0
97,1.0,0.0,1.308,1.0,3.0,6,164.4642940505127,165.572195948472,pobre,basal,3,0.0,634.0,1.0,31.0,9,360,23596,3,1.0
98,1.0,0.0,1.308,1.0,4.0,6,164.4642940505127,165.572195948472,pobre,basal,3,0.0,634.0,1.0,31.0,10,360,23596,3,1.0
97,0.0,0.0,1.308,1.0,0.0,6,164.4642940505127,165.572195948472,pobre,basal,3,0.0,634.0,1.0,31.0,6,360,23597,0,1.0
98,0.0,0.0,1.308,1.0,0.0,6,164.4642940505127,165.572195948472,pobre,basal,3,0.0,634.0,1.0,31.0,7,360,23597,0,1.0
97,0.0,0.0,1.308,0.0,6.0,6,164.4642940505127,165.572195948472,pobre,basal,0,0.0,670.0,1.0,60.0,16,360,23598,6,0.0
98,0.0,0.0,1.308,,,6,164.4642940505127,165.572195948472,pobre,basal,0,0.0,670.0,1.0,60.0,17,360,23598,6,0.0
97,1.0,0.0,1.308,1.0,5.0,3,164.4642940505127,165.572195948472,pobre,basal,4,0.0,698.0,1.0,55.0,12,360,23599,5,1.0
98,1.0,0.0,1.308,1.0,6.0,3,164.4642940505127,165.572195948472,pobre,basal,4,0.0,698.0,1.0,55.0,13,360,23599,5,1.0
97,1.0,0.0,1.308,0.0,5.0,4,164.4642940505127,165.572195948472,pobre,basal,0,625.0,636.0,1.0,46.0,14,360,23600,5,0.0
98,1.0,0.0,1.308,0.0,5.0,4,164.4642940505127,165.572195948472,pobre,basal,0,625.0,636.0,1.0,46.0,15,360,23600,5,0.0
97,0.0,0.0,1.308,1.0,1.0,3,164.4642940505127,165.572195948472,pobre,basal,2,0.0,697.5,1.0,56.0,7,360,23601,1,1.0
98,0.0,0.0,1.308,1.0,2.0,3,164.4642940505127,165.572195948472,pobre,basal,2,0.0,697.5,1.0,56.0,8,360,23601,1,1.0
97,0.0,1.0,1.308,1.0,3.0,7,164.4642940505127,165.572195948472,pobre,basal,0,750.0,450.0,1.0,31.0,13,360,23602,3,1.0
98,0.0,1.0,1.308,1.0,4.0,7,164.4642940505127,165.572195948472,pobre,basal,0,750.0,450.0,1.0,31.0,14,360,23602,3,1.0
97,1.0,1.0,1.308,1.0,2.0,7,164.4642940505127,165.572195948472,pobre,basal,0,750.0,450.0,1.0,31.0,10,360,23603,2,1.0
98,1.0,1.0,1.308,1.0,3.0,7,164.4642940505127,165.572195948472,pobre,basal,0,750.0,450.0,1.0,31.0,11,360,23603,2,1.0
97,1.0,1.0,1.308,,0.0,7,164.4642940505127,165.572195948472,pobre,basal,0,750.0,450.0,1.0,31.0,7,360,23604,0,
98,1.0,1.0,1.308,1.0,0.0,7,164.4642940505127,165.572195948472,pobre,basal,0,750.0,450.0,1.0,31.0,8,360,23604,0,
97,1.0,1.0,1.308,1.0,1.0,7,164.4642940505127,165.572195948472,pobre,basal,0,500.0,667.25,1.0,50.0,10,360,23605,1,1.0
98,1.0,1.0,1.308,1.0,2.0,7,164.4642940505127,165.572195948472,pobre,basal,0,500.0,667.25,1.0,50.0,11,360,23605,1,1.0
97,0.0,1.0,1.308,0.0,6.0,7,164.4642940505127,165.572195948472,pobre,basal,0,500.0,667.25,1.0,50.0,16,360,23606,6,0.0
98,0.0,1.0,1.308,,,7,164.4642940505127,165.572195948472,pobre,basal,0,500.0,667.25,1.0,50.0,17,360,23606,6,0.0
97,0.0,1.0,1.308,1.0,4.0,7,164.4642940505127,165.572195948472,pobre,basal,0,750.0,588.5,1.0,40.0,13,360,23607,4,1.0
98,0.0,1.0,1.308,1.0,5.0,7,164.4642940505127,165.572195948472,pobre,basal,0,750.0,588.5,1.0,40.0,14,360,23607,4,1.0
97,1.0,1.0,1.308,1.0,1.0,7,164.4642940505127,165.572195948472,pobre,basal,0,750.0,588.5,1.0,40.0,8,360,23608,1,1.0
98,1.0,1.0,1.308,1.0,2.0,7,164.4642940505127,165.572195948472,pobre,basal,0,750.0,588.5,1.0,40.0,9,360,23608,1,1.0
97,1.0,1.0,1.308,1.0,0.0,7,164.4642940505127,165.572195948472,pobre,basal,0,750.0,588.5,1.0,40.0,6,360,23609,0,1.0
98,1.0,1.0,1.308,1.0,0.0,7,164.4642940505127,165.572195948472,pobre,basal,0,750.0,588.5,1.0,40.0,7,360,23609,0,1.0
97,0.0,1.0,1.308,,0.0,3,164.4642940505127,165.572195948472,pobre,basal,0,625.0,618.33002,1.0,60.0,7,360,23610,0,
98,0.0,1.0,1.308,1.0,3.0,3,164.4642940505127,165.572195948472,pobre,basal,0,625.0,618.33002,1.0,60.0,8,360,23610,0,
97,1.0,1.0,1.308,,0.0,7,164.4642940505127,165.572195948472,pobre,basal,0,625.0,436.0,1.0,26.0,9,360,23611,0,
98,1.0,1.0,1.308,1.0,3.0,7,164.4642940505127,165.572195948472,pobre,basal,0,625.0,436.0,1.0,26.0,10,360,23611,0,
97,0.0,1.0,1.308,,0.0,7,164.4642940505127,165.572195948472,pobre,basal,0,625.0,436.0,1.0,26.0,7,360,23612,0,
98,0.0,1.0,1.308,1.0,3.0,7,164.4642940505127,165.572195948472,pobre,basal,0,625.0,436.0,1.0,26.0,8,360,23612,0,
97,1.0,1.0,1.308,,0.0,7,164.4642940505127,165.572195948472,pobre,basal,0,625.0,436.0,1.0,26.0,6,360,23613,0,
98,1.0,1.0,1.308,,,7,164.4642940505127,165.572195948472,pobre,basal,0,625.0,436.0,1.0,26.0,7,360,23613,0,
97,0.0,1.0,1.308,1.0,5.0,7,164.4642940505127,165.572195948472,pobre,basal,3,750.0,474.0,1.0,43.0,11,360,23614,5,1.0
98,0.0,1.0,1.308,1.0,5.0,7,164.4642940505127,165.572195948472,pobre,basal,3,750.0,474.0,1.0,43.0,12,360,23614,5,1.0
97,1.0,1.0,1.308,1.0,3.0,7,164.4642940505127,165.572195948472,pobre,basal,3,750.0,474.0,1.0,43.0,9,360,23615,3,1.0
98,1.0,1.0,1.308,1.0,4.0,7,164.4642940505127,165.572195948472,pobre,basal,3,750.0,474.0,1.0,43.0,10,360,23615,3,1.0
97,0.0,1.0,1.308,1.0,1.0,7,164.4642940505127,165.572195948472,pobre,basal,3,750.0,474.0,1.0,43.0,6,360,23616,1,1.0
98,0.0,1.0,1.308,1.0,2.0,7,164.4642940505127,165.572195948472,pobre,basal,3,750.0,474.0,1.0,43.0,7,360,23616,1,1.0
97,0.0,0.0,1.308,0.0,6.0,6,164.4642940505127,165.572195948472,pobre,basal,3,0.0,511.0,1.0,40.0,15,360,23617,6,0.0
98,0.0,0.0,1.308,1.0,6.0,6,164.4642940505127,165.572195948472,pobre,basal,3,0.0,511.0,1.0,40.0,16,360,23617,6,0.0
97,0.0,0.0,1.308,1.0,5.0,6,164.4642940505127,165.572195948472,pobre,basal,3,0.0,511.0,1.0,40.0,12,360,23618,5,1.0
98,0.0,0.0,1.308,1.0,6.0,6,164.4642940505127,165.572195948472,pobre,basal,3,0.0,511.0,1.0,40.0,13,360,23618,5,1.0
97,1.0,0.0,1.308,1.0,2.0,6,164.4642940505127,165.572195948472,pobre,basal,3,0.0,511.0,1.0,40.0,8,360,23619,2,1.0
98,1.0,0.0,1.308,1.0,3.0,6,164.4642940505127,165.572195948472,pobre,basal,3,0.0,511.0,1.0,40.0,9,360,23619,2,1.0
97,1.0,0.0,1.308,1.0,4.0,7,164.4642940505127,165.572195948472,pobre,basal,2,500.0,474.0,1.0,42.0,11,360,23620,4,1.0
98,1.0,0.0,1.308,1.0,5.0,7,164.4642940505127,165.572195948472,pobre,basal,2,500.0,474.0,1.0,42.0,12,360,23620,4,1.0
97,1.0,0.0,1.308,1.0,2.0,7,164.4642940505127,165.572195948472,pobre,basal,2,500.0,474.0,1.0,42.0,8,360,23621,2,1.0
98,1.0,0.0,1.308,1.0,3.0,7,164.4642940505127,165.572195948472,pobre,basal,2,500.0,474.0,1.0,42.0,9,360,23621,2,1.0
97,0.0,0.0,1.308,1.0,0.0,7,164.4642940505127,165.572195948472,pobre,basal,2,500.0,474.0,1.0,42.0,6,360,23622,0,1.0
98,0.0,0.0,1.308,1.0,1.0,7,164.4642940505127,165.572195948472,pobre,basal,2,500.0,474.0,1.0,42.0,7,360,23622,0,1.0
97,0.0,1.0,1.308,0.0,6.0,7,164.4642940505127,165.572195948472,pobre,basal,0,625.0,479.0,1.0,48.0,15,360,23623,6,0.0
98,0.0,1.0,1.308,0.0,6.0,7,164.4642940505127,165.572195948472,pobre,basal,0,625.0,479.0,1.0,48.0,16,360,23623,6,0.0
97,0.0,1.0,1.308,1.0,5.0,7,164.4642940505127,165.572195948472,pobre,basal,0,625.0,479.0,1.0,48.0,12,360,23624,5,1.0
98,0.0,1.0,1.308,1.0,6.0,7,164.4642940505127,165.572195948472,pobre,basal,0,625.0,479.0,1.0,48.0,13,360,23624,5,1.0
97,1.0,0.0,1.308,1.0,3.0,7,164.4642940505127,165.572195948472,pobre,basal,0,625.0,479.0,1.0,48.0,8,360,23625,3,1.0
98,1.0,0.0,1.308,1.0,4.0,7,164.4642940505127,165.572195948472,pobre,basal,0,625.0,479.0,1.0,48.0,9,360,23625,3,1.0
97,0.0,0.0,1.308,1.0,0.0,7,164.4642940505127,165.572195948472,pobre,basal,0,625.0,479.0,1.0,48.0,7,360,23626,0,1.0
98,0.0,0.0,1.308,1.0,1.0,7,164.4642940505127,165.572195948472,pobre,basal,0,625.0,479.0,1.0,48.0,8,360,23626,0,1.0
97,0.0,0.0,1.308,0.0,6.0,9,164.4642940505127,165.572195948472,pobre,basal,4,750.0,475.5,1.0,33.0,13,360,23627,6,0.0
98,0.0,0.0,1.308,0.0,6.0,9,164.4642940505127,165.572195948472,pobre,basal,4,750.0,475.5,1.0,33.0,14,360,23627,6,0.0
97,1.0,0.0,1.308,0.0,6.0,9,164.4642940505127,165.572195948472,pobre,basal,4,750.0,475.5,1.0,33.0,12,360,23628,6,0.0
98,1.0,0.0,1.308,0.0,6.0,9,164.4642940505127,165.572195948472,pobre,basal,4,750.0,475.5,1.0,33.0,13,360,23628,6,0.0
97,0.0,0.0,1.308,1.0,4.0,9,164.4642940505127,165.572195948472,pobre,basal,4,750.0,475.5,1.0,33.0,10,360,23629,4,1.0
98,0.0,0.0,1.308,1.0,5.0,9,164.4642940505127,165.572195948472,pobre,basal,4,750.0,475.5,1.0,33.0,11,360,23629,4,1.0
97,0.0,0.0,1.308,1.0,2.0,9,164.4642940505127,165.572195948472,pobre,basal,4,750.0,475.5,1.0,33.0,8,360,23630,2,1.0
98,0.0,0.0,1.308,1.0,3.0,9,164.4642940505127,165.572195948472,pobre,basal,4,750.0,475.5,1.0,33.0,9,360,23630,2,1.0
97,1.0,0.0,1.308,1.0,1.0,9,164.4642940505127,165.572195948472,pobre,basal,4,750.0,475.5,1.0,33.0,6,360,23631,1,1.0
98,1.0,0.0,1.308,1.0,2.0,9,164.4642940505127,165.572195948472,pobre,basal,4,750.0,475.5,1.0,33.0,7,360,23631,1,1.0
97,1.0,0.0,1.308,1.0,1.0,5,164.4642940505127,165.572195948472,pobre,basal,3,750.0,550.0,1.0,42.0,7,360,23632,1,1.0
98,1.0,0.0,1.308,1.0,2.0,5,164.4642940505127,165.572195948472,pobre,basal,3,750.0,550.0,1.0,42.0,8,360,23632,1,1.0
97,0.0,0.0,1.308,1.0,3.0,7,164.4642940505127,165.572195948472,pobre,basal,4,750.0,597.0,1.0,30.0,9,360,23633,3,1.0
98,0.0,0.0,1.308,1.0,4.0,7,164.4642940505127,165.572195948472,pobre,basal,4,750.0,597.0,1.0,30.0,10,360,23633,3,1.0
97,0.0,0.0,1.308,1.0,1.0,7,164.4642940505127,165.572195948472,pobre,basal,4,750.0,597.0,1.0,30.0,7,360,23634,1,1.0
98,0.0,0.0,1.308,1.0,2.0,7,164.4642940505127,165.572195948472,pobre,basal,4,750.0,597.0,1.0,30.0,8,360,23634,1,1.0
97,0.0,0.0,1.308,0.0,6.0,9,164.4642940505127,165.572195948472,pobre,basal,3,750.0,732.0,1.0,44.0,14,360,23635,6,0.0
98,0.0,0.0,1.308,1.0,6.0,9,164.4642940505127,165.572195948472,pobre,basal,3,750.0,732.0,1.0,44.0,15,360,23635,6,0.0
97,1.0,0.0,1.308,1.0,3.0,9,164.4642940505127,165.572195948472,pobre,basal,3,750.0,732.0,1.0,44.0,10,360,23636,3,1.0
98,1.0,0.0,1.308,1.0,4.0,9,164.4642940505127,165.572195948472,pobre,basal,3,750.0,732.0,1.0,44.0,11,360,23636,3,1.0
97,0.0,0.0,1.308,1.0,0.0,9,164.4642940505127,165.572195948472,pobre,basal,3,750.0,732.0,1.0,44.0,7,360,23637,0,1.0
98,0.0,0.0,1.308,1.0,1.0,9,164.4642940505127,165.572195948472,pobre,basal,3,750.0,732.0,1.0,44.0,8,360,23637,0,1.0
97,1.0,0.0,1.308,1.0,1.0,9,164.4642940505127,165.572195948472,pobre,basal,0,500.0,611.0,1.0,60.0,12,360,23638,1,1.0
98,1.0,0.0,1.308,1.0,2.0,9,164.4642940505127,165.572195948472,pobre,basal,0,500.0,611.0,1.0,60.0,13,360,23638,1,1.0
97,1.0,0.0,1.308,1.0,1.0,9,164.4642940505127,165.572195948472,pobre,basal,0,500.0,611.0,1.0,60.0,8,360,23639,1,1.0
98,1.0,0.0,1.308,1.0,1.0,9,164.4642940505127,165.572195948472,pobre,basal,0,500.0,611.0,1.0,60.0,9,360,23639,1,1.0
97,1.0,0.0,6.1830001,0.0,6.0,9,121.8868637786967,167.609174685897,pobre,basal,3,500.0,639.0,1.0,76.0,16,25,23640,6,0.0
98,1.0,0.0,6.1830001,0.0,6.0,9,121.8868637786967,167.609174685897,pobre,basal,3,500.0,639.0,1.0,76.0,17,25,23640,6,0.0
97,1.0,0.0,6.1830001,1.0,4.0,9,121.8868637786967,167.609174685897,pobre,basal,3,500.0,639.0,1.0,76.0,14,25,23641,4,1.0
98,1.0,0.0,6.1830001,,,9,121.8868637786967,167.609174685897,pobre,basal,3,500.0,639.0,1.0,76.0,15,25,23641,4,1.0
97,1.0,0.0,6.1830001,1.0,1.0,9,121.8868637786967,167.609174685897,pobre,basal,3,500.0,639.0,1.0,76.0,7,25,23642,1,1.0
98,1.0,0.0,6.1830001,1.0,2.0,9,121.8868637786967,167.609174685897,pobre,basal,3,500.0,639.0,1.0,76.0,8,25,23642,1,1.0
97,1.0,0.0,6.1830001,1.0,0.0,9,121.8868637786967,167.609174685897,pobre,basal,3,500.0,639.0,1.0,76.0,7,25,23643,0,1.0
98,1.0,0.0,6.1830001,,,9,121.8868637786967,167.609174685897,pobre,basal,3,500.0,639.0,1.0,76.0,8,25,23643,0,1.0
97,0.0,0.0,6.1830001,0.0,6.0,10,121.8868637786967,167.609174685897,pobre,basal,0,0.0,605.0,1.0,56.0,15,25,23644,6,0.0
98,0.0,0.0,6.1830001,,,10,121.8868637786967,167.609174685897,pobre,basal,0,0.0,605.0,1.0,56.0,16,25,23644,6,0.0
97,1.0,0.0,6.1830001,1.0,7.0,10,121.8868637786967,167.609174685897,pobre,basal,0,0.0,605.0,1.0,56.0,14,25,23645,7,1.0
98,1.0,0.0,6.1830001,,,10,121.8868637786967,167.609174685897,pobre,basal,0,0.0,605.0,1.0,56.0,15,25,23645,7,1.0
97,0.0,0.0,6.1830001,1.0,6.0,10,121.8868637786967,167.609174685897,pobre,basal,0,0.0,605.0,1.0,56.0,12,25,23646,6,1.0
98,0.0,0.0,6.1830001,,,10,121.8868637786967,167.609174685897,pobre,basal,0,0.0,605.0,1.0,56.0,13,25,23646,6,1.0
97,0.0,0.0,6.1830001,1.0,4.0,10,121.8868637786967,167.609174685897,pobre,basal,0,0.0,605.0,1.0,56.0,9,25,23647,4,1.0
98,0.0,0.0,6.1830001,1.0,5.0,10,121.8868637786967,167.609174685897,pobre,basal,0,0.0,605.0,1.0,56.0,10,25,23647,4,1.0
97,1.0,0.0,6.1830001,1.0,2.0,10,121.8868637786967,167.609174685897,pobre,basal,0,0.0,605.0,1.0,56.0,8,25,23648,2,1.0
98,1.0,0.0,6.1830001,1.0,4.0,10,121.8868637786967,167.609174685897,pobre,basal,0,0.0,605.0,1.0,56.0,9,25,23648,2,1.0
97,1.0,0.0,6.1830001,0.0,9.0,7,121.8868637786967,167.609174685897,no pobre,basal,0,0.0,770.33002,1.0,62.0,16,25,23649,9,0.0
98,1.0,0.0,6.1830001,,,7,121.8868637786967,167.609174685897,no pobre,basal,0,0.0,770.33002,1.0,62.0,17,25,23649,9,0.0
97,0.0,0.0,6.1830001,0.0,6.0,7,121.8868637786967,167.609174685897,no pobre,basal,0,0.0,770.33002,1.0,62.0,14,25,23650,6,0.0
98,0.0,0.0,6.1830001,0.0,6.0,7,121.8868637786967,167.609174685897,no pobre,basal,0,0.0,770.33002,1.0,62.0,15,25,23650,6,0.0
97,1.0,0.0,6.1830001,1.0,5.0,7,121.8868637786967,167.609174685897,no pobre,basal,0,0.0,770.33002,1.0,62.0,11,25,23651,5,1.0
98,1.0,0.0,6.1830001,1.0,6.0,7,121.8868637786967,167.609174685897,no pobre,basal,0,0.0,770.33002,1.0,62.0,12,25,23651,5,1.0
97,0.0,0.0,6.1830001,1.0,0.0,7,121.8868637786967,167.609174685897,no pobre,basal,0,0.0,770.33002,1.0,62.0,6,25,23652,0,1.0
98,0.0,0.0,6.1830001,1.0,0.0,7,121.8868637786967,167.609174685897,no pobre,basal,0,0.0,770.33002,1.0,62.0,7,25,23652,0,1.0
97,1.0,0.0,6.1830001,1.0,7.0,11,121.8868637786967,167.609174685897,pobre,basal,0,750.0,701.66998,1.0,56.0,16,25,23653,7,1.0
98,1.0,0.0,6.1830001,,,11,121.8868637786967,167.609174685897,pobre,basal,0,750.0,701.66998,1.0,56.0,17,25,23653,7,1.0
97,1.0,0.0,6.1830001,1.0,7.0,11,121.8868637786967,167.609174685897,pobre,basal,0,750.0,701.66998,1.0,56.0,12,25,23654,7,1.0
98,1.0,0.0,6.1830001,1.0,8.0,11,121.8868637786967,167.609174685897,pobre,basal,0,750.0,701.66998,1.0,56.0,13,25,23654,7,1.0
97,0.0,0.0,6.1830001,1.0,4.0,11,121.8868637786967,167.609174685897,pobre,basal,0,750.0,701.66998,1.0,56.0,11,25,23655,4,1.0
98,0.0,0.0,6.1830001,1.0,5.0,11,121.8868637786967,167.609174685897,pobre,basal,0,750.0,701.66998,1.0,56.0,12,25,23655,4,1.0
97,0.0,0.0,6.1830001,1.0,0.0,11,121.8868637786967,167.609174685897,pobre,basal,0,750.0,701.66998,1.0,56.0,7,25,23656,0,1.0
98,0.0,0.0,6.1830001,1.0,1.0,11,121.8868637786967,167.609174685897,pobre,basal,0,750.0,701.66998,1.0,56.0,8,25,23656,0,1.0
97,0.0,0.0,6.1830001,1.0,0.0,5,121.8868637786967,167.609174685897,pobre,basal,6,750.0,694.0,1.0,27.0,6,25,23657,0,1.0
98,0.0,0.0,6.1830001,1.0,1.0,5,121.8868637786967,167.609174685897,pobre,basal,6,750.0,694.0,1.0,27.0,7,25,23657,0,1.0
97,1.0,0.0,6.1830001,1.0,6.0,8,121.8868637786967,167.609174685897,pobre,basal,6,0.0,644.0,1.0,30.0,14,25,23658,6,1.0
98,1.0,0.0,6.1830001,1.0,7.0,8,121.8868637786967,167.609174685897,pobre,basal,6,0.0,644.0,1.0,30.0,15,25,23658,6,1.0
97,1.0,0.0,6.1830001,1.0,4.0,8,121.8868637786967,167.609174685897,pobre,basal,6,0.0,644.0,1.0,30.0,12,25,23659,4,1.0
98,1.0,0.0,6.1830001,1.0,5.0,8,121.8868637786967,167.609174685897,pobre,basal,6,0.0,644.0,1.0,30.0,13,25,23659,4,1.0
97,1.0,0.0,6.1830001,1.0,3.0,8,121.8868637786967,167.609174685897,pobre,basal,6,0.0,644.0,1.0,30.0,10,25,23660,3,1.0
98,1.0,0.0,6.1830001,1.0,4.0,8,121.8868637786967,167.609174685897,pobre,basal,6,0.0,644.0,1.0,30.0,11,25,23660,3,1.0
97,0.0,0.0,6.1830001,1.0,1.0,8,121.8868637786967,167.609174685897,pobre,basal,6,0.0,644.0,1.0,30.0,8,25,23661,1,1.0
98,0.0,0.0,6.1830001,1.0,2.0,8,121.8868637786967,167.609174685897,pobre,basal,6,0.0,644.0,1.0,30.0,9,25,23661,1,1.0
97,1.0,0.0,6.1830001,0.0,6.0,6,121.8868637786967,167.609174685897,pobre,basal,0,0.0,710.0,1.0,57.0,14,25,23662,6,0.0
98,1.0,0.0,6.1830001,1.0,7.0,6,121.8868637786967,167.609174685897,pobre,basal,0,0.0,710.0,1.0,57.0,15,25,23662,6,0.0
97,1.0,0.0,6.1830001,1.0,3.0,4,121.8868637786967,167.609174685897,pobre,basal,0,0.0,606.0,1.0,96.0,12,25,23663,3,1.0
98,1.0,0.0,6.1830001,1.0,,4,121.8868637786967,167.609174685897,pobre,basal,0,0.0,606.0,1.0,96.0,13,25,23663,3,1.0
97,0.0,0.0,6.1830001,1.0,5.0,6,121.8868637786967,167.609174685897,pobre,basal,0,0.0,527.0,0.0,52.0,10,25,23664,5,1.0
98,0.0,0.0,6.1830001,1.0,6.0,6,121.8868637786967,167.609174685897,pobre,basal,0,0.0,527.0,0.0,52.0,11,25,23664,5,1.0
97,1.0,0.0,6.1830001,1.0,3.0,6,121.8868637786967,167.609174685897,pobre,basal,0,0.0,527.0,0.0,52.0,9,25,23665,3,1.0
98,1.0,0.0,6.1830001,1.0,4.0,6,121.8868637786967,167.609174685897,pobre,basal,0,0.0,527.0,0.0,52.0,10,25,23665,3,1.0
97,0.0,0.0,6.1830001,1.0,1.0,6,121.8868637786967,167.609174685897,pobre,basal,0,0.0,527.0,0.0,52.0,6,25,23666,1,1.0
98,0.0,0.0,6.1830001,1.0,2.0,6,121.8868637786967,167.609174685897,pobre,basal,0,0.0,527.0,0.0,52.0,7,25,23666,1,1.0
97,1.0,0.0,6.1830001,0.0,4.0,8,121.8868637786967,167.609174685897,pobre,basal,6,500.0,658.0,1.0,30.0,13,25,23667,4,0.0
98,1.0,0.0,6.1830001,,,8,121.8868637786967,167.609174685897,pobre,basal,6,500.0,658.0,1.0,30.0,14,25,23667,4,0.0
97,1.0,0.0,6.1830001,1.0,3.0,8,121.8868637786967,167.609174685897,pobre,basal,6,500.0,658.0,1.0,30.0,11,25,23668,3,1.0
98,1.0,0.0,6.1830001,,,8,121.8868637786967,167.609174685897,pobre,basal,6,500.0,658.0,1.0,30.0,12,25,23668,3,1.0
97,1.0,0.0,6.1830001,1.0,1.0,8,121.8868637786967,167.609174685897,pobre,basal,6,500.0,658.0,1.0,30.0,7,25,23669,1,1.0
98,1.0,0.0,6.1830001,,,8,121.8868637786967,167.609174685897,pobre,basal,6,500.0,658.0,1.0,30.0,8,25,23669,1,1.0
97,1.0,0.0,6.1830001,1.0,0.0,8,121.8868637786967,167.609174685897,pobre,basal,6,500.0,658.0,1.0,30.0,6,25,23670,0,1.0
98,1.0,0.0,6.1830001,1.0,0.0,8,121.8868637786967,167.609174685897,pobre,basal,6,500.0,658.0,1.0,30.0,7,25,23670,0,1.0
97,1.0,0.0,6.1830001,1.0,6.0,7,121.8868637786967,167.609174685897,pobre,basal,0,500.0,600.0,1.0,35.0,13,25,23671,6,1.0
98,1.0,0.0,6.1830001,1.0,7.0,7,121.8868637786967,167.609174685897,pobre,basal,0,500.0,600.0,1.0,35.0,14,25,23671,6,1.0
97,1.0,0.0,6.1830001,1.0,4.0,7,121.8868637786967,167.609174685897,pobre,basal,0,500.0,600.0,1.0,35.0,11,25,23672,4,1.0
98,1.0,0.0,6.1830001,1.0,5.0,7,121.8868637786967,167.609174685897,pobre,basal,0,500.0,600.0,1.0,35.0,12,25,23672,4,1.0
97,0.0,0.0,6.1830001,1.0,2.0,7,121.8868637786967,167.609174685897,pobre,basal,0,500.0,600.0,1.0,35.0,9,25,23673,2,1.0
98,0.0,0.0,6.1830001,1.0,3.0,7,121.8868637786967,167.609174685897,pobre,basal,0,500.0,600.0,1.0,35.0,10,25,23673,2,1.0
97,0.0,0.0,6.1830001,1.0,0.0,7,121.8868637786967,167.609174685897,pobre,basal,0,500.0,600.0,1.0,35.0,6,25,23674,0,1.0
98,0.0,0.0,6.1830001,1.0,1.0,7,121.8868637786967,167.609174685897,pobre,basal,0,500.0,600.0,1.0,35.0,7,25,23674,0,1.0
97,1.0,0.0,6.1830001,1.0,1.0,7,121.8868637786967,167.609174685897,no pobre,basal,3,500.0,771.5,1.0,48.0,16,25,23675,1,1.0
98,1.0,0.0,6.1830001,,,7,121.8868637786967,167.609174685897,no pobre,basal,3,500.0,771.5,1.0,48.0,17,25,23675,1,1.0
97,0.0,0.0,6.1830001,1.0,5.0,7,121.8868637786967,167.609174685897,pobre,basal,3,750.0,614.0,0.0,44.0,13,25,23676,5,1.0
98,0.0,0.0,6.1830001,1.0,5.0,7,121.8868637786967,167.609174685897,pobre,basal,3,750.0,614.0,0.0,44.0,14,25,23676,5,1.0
97,0.0,0.0,6.1830001,1.0,2.0,7,121.8868637786967,167.609174685897,pobre,basal,3,750.0,614.0,0.0,44.0,11,25,23677,2,1.0
98,0.0,0.0,6.1830001,1.0,3.0,7,121.8868637786967,167.609174685897,pobre,basal,3,750.0,614.0,0.0,44.0,12,25,23677,2,1.0
97,0.0,0.0,6.1830001,1.0,2.0,7,121.8868637786967,167.609174685897,pobre,basal,3,750.0,614.0,0.0,44.0,8,25,23678,2,1.0
98,0.0,0.0,6.1830001,1.0,3.0,7,121.8868637786967,167.609174685897,pobre,basal,3,750.0,614.0,0.0,44.0,9,25,23678,2,1.0
97,1.0,0.0,6.1830001,1.0,1.0,5,121.8868637786967,167.609174685897,pobre,basal,3,625.0,731.0,1.0,48.0,15,25,23679,1,1.0
98,1.0,0.0,6.1830001,1.0,8.0,5,121.8868637786967,167.609174685897,pobre,basal,3,625.0,731.0,1.0,48.0,16,25,23679,1,1.0
97,1.0,0.0,6.1830001,1.0,4.0,5,121.8868637786967,167.609174685897,pobre,basal,3,625.0,731.0,1.0,48.0,12,25,23680,4,1.0
98,1.0,0.0,6.1830001,1.0,2.0,5,121.8868637786967,167.609174685897,pobre,basal,3,625.0,731.0,1.0,48.0,13,25,23680,4,1.0
97,1.0,0.0,6.1830001,1.0,1.0,5,121.8868637786967,167.609174685897,pobre,basal,3,625.0,731.0,1.0,48.0,8,25,23681,1,1.0
98,1.0,0.0,6.1830001,1.0,1.0,5,121.8868637786967,167.609174685897,pobre,basal,3,625.0,731.0,1.0,48.0,9,25,23681,1,1.0
97,0.0,0.0,6.1830001,1.0,2.0,6,121.8868637786967,167.609174685897,pobre,basal,0,750.0,515.0,1.0,67.0,6,25,23682,2,1.0
98,0.0,0.0,6.1830001,1.0,3.0,6,121.8868637786967,167.609174685897,pobre,basal,0,750.0,515.0,1.0,67.0,7,25,23682,2,1.0
97,1.0,0.0,6.1830001,1.0,1.0,6,121.8868637786967,167.609174685897,pobre,basal,0,750.0,515.0,1.0,67.0,6,25,23683,1,1.0
98,1.0,0.0,6.1830001,1.0,0.0,6,121.8868637786967,167.609174685897,pobre,basal,0,750.0,515.0,1.0,67.0,7,25,23683,1,1.0
97,0.0,0.0,6.1830001,1.0,6.0,3,121.8868637786967,167.609174685897,pobre,basal,0,750.0,721.0,0.0,50.0,13,25,23684,6,1.0
98,0.0,0.0,6.1830001,1.0,5.0,3,121.8868637786967,167.609174685897,pobre,basal,0,750.0,721.0,0.0,50.0,14,25,23684,6,1.0
97,0.0,0.0,6.1830001,1.0,5.0,3,121.8868637786967,167.609174685897,pobre,basal,0,750.0,721.0,0.0,50.0,10,25,23685,5,1.0
98,0.0,0.0,6.1830001,1.0,5.0,3,121.8868637786967,167.609174685897,pobre,basal,0,750.0,721.0,0.0,50.0,11,25,23685,5,1.0
97,0.0,0.0,6.1830001,1.0,7.0,3,121.8868637786967,167.609174685897,no pobre,basal,2,750.0,762.0,0.0,38.0,15,25,23686,7,1.0
98,0.0,0.0,6.1830001,1.0,7.0,3,121.8868637786967,167.609174685897,no pobre,basal,2,750.0,762.0,0.0,38.0,16,25,23686,7,1.0
97,0.0,0.0,6.1830001,1.0,4.0,3,121.8868637786967,167.609174685897,no pobre,basal,2,750.0,762.0,0.0,38.0,8,25,23687,4,1.0
98,0.0,0.0,6.1830001,1.0,5.0,3,121.8868637786967,167.609174685897,no pobre,basal,2,750.0,762.0,0.0,38.0,9,25,23687,4,1.0
97,1.0,0.0,6.1830001,0.0,6.0,5,121.8868637786967,167.609174685897,pobre,basal,3,500.0,706.5,1.0,34.0,12,25,23688,6,0.0
98,1.0,0.0,6.1830001,1.0,5.0,5,121.8868637786967,167.609174685897,pobre,basal,3,500.0,706.5,1.0,34.0,13,25,23688,6,0.0
97,0.0,0.0,6.1830001,0.0,6.0,5,121.8868637786967,167.609174685897,pobre,basal,3,500.0,706.5,1.0,34.0,11,25,23689,6,0.0
98,0.0,0.0,6.1830001,0.0,0.0,5,121.8868637786967,167.609174685897,pobre,basal,3,500.0,706.5,1.0,34.0,12,25,23689,6,0.0
97,0.0,0.0,6.1830001,1.0,0.0,5,121.8868637786967,167.609174685897,pobre,basal,3,500.0,706.5,1.0,34.0,7,25,23690,0,1.0
98,0.0,0.0,6.1830001,1.0,0.0,5,121.8868637786967,167.609174685897,pobre,basal,3,500.0,706.5,1.0,34.0,8,25,23690,0,1.0
97,0.0,0.0,6.1830001,1.0,6.0,7,121.8868637786967,167.609174685897,pobre,basal,6,750.0,510.0,1.0,42.0,13,25,23691,6,1.0
98,0.0,0.0,6.1830001,1.0,7.0,7,121.8868637786967,167.609174685897,pobre,basal,6,750.0,510.0,1.0,42.0,14,25,23691,6,1.0
97,0.0,0.0,6.1830001,1.0,3.0,7,121.8868637786967,167.609174685897,pobre,basal,6,750.0,510.0,1.0,42.0,8,25,23692,3,1.0
98,0.0,0.0,6.1830001,1.0,3.0,7,121.8868637786967,167.609174685897,pobre,basal,6,750.0,510.0,1.0,42.0,9,25,23692,3,1.0
97,0.0,0.0,6.1830001,1.0,0.0,7,121.8868637786967,167.609174685897,pobre,basal,6,750.0,510.0,1.0,42.0,6,25,23693,0,1.0
98,0.0,0.0,6.1830001,1.0,1.0,7,121.8868637786967,167.609174685897,pobre,basal,6,750.0,510.0,1.0,42.0,7,25,23693,0,1.0
97,0.0,0.0,6.1830001,0.0,6.0,9,121.8868637786967,167.609174685897,pobre,basal,3,750.0,650.5,1.0,46.0,14,25,23694,6,0.0
98,0.0,0.0,6.1830001,1.0,6.0,9,121.8868637786967,167.609174685897,pobre,basal,3,750.0,650.5,1.0,46.0,15,25,23694,6,0.0
97,0.0,0.0,6.1830001,1.0,5.0,9,121.8868637786967,167.609174685897,pobre,basal,3,750.0,650.5,1.0,46.0,10,25,23695,5,1.0
98,0.0,0.0,6.1830001,1.0,5.0,9,121.8868637786967,167.609174685897,pobre,basal,3,750.0,650.5,1.0,46.0,11,25,23695,5,1.0
97,0.0,0.0,6.1830001,1.0,2.0,9,121.8868637786967,167.609174685897,pobre,basal,3,750.0,650.5,1.0,46.0,8,25,23696,2,1.0
98,0.0,0.0,6.1830001,1.0,2.0,9,121.8868637786967,167.609174685897,pobre,basal,3,750.0,650.5,1.0,46.0,9,25,23696,2,1.0
97,0.0,0.0,6.1830001,1.0,2.0,5,121.8868637786967,167.609174685897,pobre,basal,0,200.0,730.0,1.0,61.0,9,25,23697,2,1.0
98,0.0,0.0,6.1830001,1.0,2.0,5,121.8868637786967,167.609174685897,pobre,basal,0,200.0,730.0,1.0,61.0,10,25,23697,2,1.0
97,1.0,0.0,6.1830001,0.0,5.0,8,121.8868637786967,167.609174685897,pobre,basal,0,800.0,733.0,0.0,36.0,16,25,23698,5,0.0
98,1.0,0.0,6.1830001,,,8,121.8868637786967,167.609174685897,pobre,basal,0,800.0,733.0,0.0,36.0,17,25,23698,5,0.0
97,0.0,0.0,6.1830001,1.0,5.0,8,121.8868637786967,167.609174685897,pobre,basal,0,800.0,733.0,0.0,36.0,13,25,23699,5,1.0
98,0.0,0.0,6.1830001,1.0,5.0,8,121.8868637786967,167.609174685897,pobre,basal,0,800.0,733.0,0.0,36.0,14,25,23699,5,1.0
97,0.0,0.0,6.1830001,1.0,5.0,8,121.8868637786967,167.609174685897,pobre,basal,0,800.0,733.0,0.0,36.0,10,25,23700,5,1.0
98,0.0,0.0,6.1830001,1.0,3.0,8,121.8868637786967,167.609174685897,pobre,basal,0,800.0,733.0,0.0,36.0,11,25,23700,5,1.0
97,1.0,0.0,6.1830001,1.0,2.0,8,121.8868637786967,167.609174685897,pobre,basal,0,800.0,733.0,0.0,36.0,8,25,23701,2,1.0
98,1.0,0.0,6.1830001,1.0,1.0,8,121.8868637786967,167.609174685897,pobre,basal,0,800.0,733.0,0.0,36.0,9,25,23701,2,1.0
97,0.0,0.0,6.1830001,0.0,6.0,4,121.8868637786967,167.609174685897,pobre,basal,0,0.0,722.0,0.0,74.0,15,25,23702,6,0.0
98,0.0,0.0,6.1830001,0.0,6.0,4,121.8868637786967,167.609174685897,pobre,basal,0,0.0,722.0,0.0,74.0,16,25,23702,6,0.0
97,1.0,0.0,6.1830001,1.0,1.0,7,121.8868637786967,167.609174685897,pobre,basal,3,750.0,683.33002,1.0,40.0,15,25,23703,1,1.0
98,1.0,0.0,6.1830001,,,7,121.8868637786967,167.609174685897,pobre,basal,3,750.0,683.33002,1.0,40.0,16,25,23703,1,1.0
97,1.0,0.0,6.1830001,1.0,6.0,7,121.8868637786967,167.609174685897,pobre,basal,3,750.0,683.33002,1.0,40.0,14,25,23704,6,1.0
98,1.0,0.0,6.1830001,1.0,7.0,7,121.8868637786967,167.609174685897,pobre,basal,3,750.0,683.33002,1.0,40.0,15,25,23704,6,1.0
97,1.0,0.0,6.1830001,1.0,4.0,7,121.8868637786967,167.609174685897,pobre,basal,3,750.0,683.33002,1.0,40.0,11,25,23705,4,1.0
98,1.0,0.0,6.1830001,1.0,5.0,7,121.8868637786967,167.609174685897,pobre,basal,3,750.0,683.33002,1.0,40.0,12,25,23705,4,1.0
97,0.0,0.0,6.1830001,1.0,3.0,7,121.8868637786967,167.609174685897,pobre,basal,3,750.0,683.33002,1.0,40.0,10,25,23706,3,1.0
98,0.0,0.0,6.1830001,1.0,4.0,7,121.8868637786967,167.609174685897,pobre,basal,3,750.0,683.33002,1.0,40.0,11,25,23706,3,1.0
97,1.0,0.0,6.1830001,1.0,0.0,7,121.8868637786967,167.609174685897,pobre,basal,3,750.0,683.33002,1.0,40.0,6,25,23707,0,1.0
98,1.0,0.0,6.1830001,1.0,1.0,7,121.8868637786967,167.609174685897,pobre,basal,3,750.0,683.33002,1.0,40.0,7,25,23707,0,1.0
97,0.0,0.0,6.1830001,1.0,6.0,3,121.8868637786967,167.609174685897,no pobre,basal,1,750.0,761.0,1.0,87.0,12,25,23708,6,1.0
98,0.0,0.0,6.1830001,1.0,7.0,3,121.8868637786967,167.609174685897,no pobre,basal,1,750.0,761.0,1.0,87.0,13,25,23708,6,1.0
97,0.0,0.0,6.1830001,1.0,2.0,5,121.8868637786967,167.609174685897,pobre,basal,0,1000.0,712.0,1.0,29.0,9,25,23709,2,1.0
98,0.0,0.0,6.1830001,1.0,3.0,5,121.8868637786967,167.609174685897,pobre,basal,0,1000.0,712.0,1.0,29.0,10,25,23709,2,1.0
97,1.0,0.0,6.1830001,1.0,0.0,5,121.8868637786967,167.609174685897,pobre,basal,0,1000.0,712.0,1.0,29.0,7,25,23710,0,1.0
98,1.0,0.0,6.1830001,1.0,1.0,5,121.8868637786967,167.609174685897,pobre,basal,0,1000.0,712.0,1.0,29.0,8,25,23710,0,1.0
97,1.0,0.0,6.1830001,1.0,8.0,4,121.8868637786967,167.609174685897,no pobre,basal,2,750.0,969.0,1.0,53.0,14,25,23711,8,1.0
98,1.0,0.0,6.1830001,,,4,121.8868637786967,167.609174685897,no pobre,basal,2,750.0,969.0,1.0,53.0,15,25,23711,8,1.0
97,1.0,0.0,6.1830001,1.0,7.0,3,121.8868637786967,167.609174685897,no pobre,basal,0,2500.0,853.0,0.0,46.0,15,25,23712,7,1.0
98,1.0,0.0,6.1830001,1.0,8.0,3,121.8868637786967,167.609174685897,no pobre,basal,0,2500.0,853.0,0.0,46.0,16,25,23712,7,1.0
97,0.0,0.0,6.1830001,1.0,3.0,6,121.8868637786967,167.609174685897,pobre,basal,6,750.0,522.0,1.0,33.0,9,25,23713,3,1.0
98,0.0,0.0,6.1830001,1.0,,6,121.8868637786967,167.609174685897,pobre,basal,6,750.0,522.0,1.0,33.0,10,25,23713,3,1.0
97,1.0,0.0,6.1830001,1.0,0.0,6,121.8868637786967,167.609174685897,pobre,basal,6,750.0,522.0,1.0,33.0,7,25,23714,0,1.0
98,1.0,0.0,6.1830001,1.0,,6,121.8868637786967,167.609174685897,pobre,basal,6,750.0,522.0,1.0,33.0,8,25,23714,0,1.0
97,1.0,0.0,6.1830001,1.0,0.0,4,121.8868637786967,167.609174685897,pobre,basal,6,750.0,695.0,1.0,30.0,7,25,23715,0,1.0
98,1.0,0.0,6.1830001,1.0,1.0,4,121.8868637786967,167.609174685897,pobre,basal,6,750.0,695.0,1.0,30.0,8,25,23715,0,1.0
97,0.0,0.0,6.1830001,0.0,6.0,7,121.8868637786967,167.609174685897,pobre,basal,0,750.0,600.0,1.0,41.0,16,25,23716,6,0.0
98,0.0,0.0,6.1830001,,,7,121.8868637786967,167.609174685897,pobre,basal,0,750.0,600.0,1.0,41.0,17,25,23716,6,0.0
97,1.0,0.0,6.1830001,1.0,4.0,7,121.8868637786967,167.609174685897,pobre,basal,0,750.0,600.0,1.0,41.0,10,25,23717,4,1.0
98,1.0,0.0,6.1830001,1.0,5.0,7,121.8868637786967,167.609174685897,pobre,basal,0,750.0,600.0,1.0,41.0,11,25,23717,4,1.0
97,1.0,0.0,6.1830001,1.0,3.0,7,121.8868637786967,167.609174685897,pobre,basal,0,750.0,600.0,1.0,41.0,9,25,23718,3,1.0
98,1.0,0.0,6.1830001,1.0,4.0,7,121.8868637786967,167.609174685897,pobre,basal,0,750.0,600.0,1.0,41.0,10,25,23718,3,1.0
97,1.0,0.0,6.1830001,1.0,3.0,7,121.8868637786967,167.609174685897,pobre,basal,0,750.0,600.0,1.0,41.0,6,25,23719,3,1.0
98,1.0,0.0,6.1830001,1.0,1.0,7,121.8868637786967,167.609174685897,pobre,basal,0,750.0,600.0,1.0,41.0,7,25,23719,3,1.0
97,1.0,0.0,6.1830001,1.0,0.0,6,121.8868637786967,167.609174685897,pobre,basal,5,800.0,709.0,1.0,24.0,6,25,23720,0,1.0
98,1.0,0.0,6.1830001,1.0,1.0,6,121.8868637786967,167.609174685897,pobre,basal,5,800.0,709.0,1.0,24.0,7,25,23720,0,1.0
97,1.0,0.0,6.1830001,1.0,4.0,9,121.8868637786967,167.609174685897,pobre,basal,3,750.0,627.0,1.0,61.0,12,25,23721,4,1.0
98,1.0,0.0,6.1830001,0.0,5.0,9,121.8868637786967,167.609174685897,pobre,basal,3,750.0,627.0,1.0,61.0,13,25,23721,4,1.0
97,0.0,0.0,6.1830001,1.0,3.0,9,121.8868637786967,167.609174685897,pobre,basal,3,750.0,627.0,1.0,61.0,8,25,23722,3,1.0
98,0.0,0.0,6.1830001,1.0,4.0,9,121.8868637786967,167.609174685897,pobre,basal,3,750.0,627.0,1.0,61.0,9,25,23722,3,1.0
97,0.0,0.0,6.1830001,1.0,1.0,9,121.8868637786967,167.609174685897,pobre,basal,3,750.0,627.0,1.0,61.0,7,25,23723,1,1.0
98,0.0,0.0,6.1830001,1.0,2.0,9,121.8868637786967,167.609174685897,pobre,basal,3,750.0,627.0,1.0,61.0,8,25,23723,1,1.0
97,1.0,0.0,6.1830001,1.0,7.0,6,121.8868637786967,167.609174685897,pobre,basal,3,750.0,640.0,0.0,44.0,15,25,23724,7,1.0
98,1.0,0.0,6.1830001,1.0,8.0,6,121.8868637786967,167.609174685897,pobre,basal,3,750.0,640.0,0.0,44.0,16,25,23724,7,1.0
97,0.0,0.0,6.1830001,1.0,5.0,6,121.8868637786967,167.609174685897,pobre,basal,3,750.0,640.0,0.0,44.0,13,25,23725,5,1.0
98,0.0,0.0,6.1830001,1.0,6.0,6,121.8868637786967,167.609174685897,pobre,basal,3,750.0,640.0,0.0,44.0,14,25,23725,5,1.0
97,1.0,0.0,6.1830001,1.0,3.0,6,121.8868637786967,167.609174685897,pobre,basal,3,750.0,640.0,0.0,44.0,11,25,23726,3,1.0
98,1.0,0.0,6.1830001,1.0,4.0,6,121.8868637786967,167.609174685897,pobre,basal,3,750.0,640.0,0.0,44.0,12,25,23726,3,1.0
97,1.0,0.0,6.1830001,1.0,3.0,6,121.8868637786967,167.609174685897,pobre,basal,3,750.0,640.0,0.0,44.0,10,25,23727,3,1.0
98,1.0,0.0,6.1830001,1.0,4.0,6,121.8868637786967,167.609174685897,pobre,basal,3,750.0,640.0,0.0,44.0,11,25,23727,3,1.0
97,1.0,0.0,6.1830001,1.0,1.0,6,121.8868637786967,167.609174685897,pobre,basal,3,750.0,640.0,0.0,44.0,8,25,23728,1,1.0
98,1.0,0.0,6.1830001,1.0,2.0,6,121.8868637786967,167.609174685897,pobre,basal,3,750.0,640.0,0.0,44.0,9,25,23728,1,1.0
97,1.0,0.0,6.1830001,1.0,3.0,5,121.8868637786967,167.609174685897,pobre,basal,4,750.0,649.0,1.0,98.0,9,25,23729,3,1.0
98,1.0,0.0,6.1830001,,,5,121.8868637786967,167.609174685897,pobre,basal,4,750.0,649.0,1.0,98.0,10,25,23729,3,1.0
97,1.0,0.0,6.1830001,1.0,1.0,5,121.8868637786967,167.609174685897,pobre,basal,4,750.0,649.0,1.0,98.0,7,25,23730,1,1.0
98,1.0,0.0,6.1830001,,,5,121.8868637786967,167.609174685897,pobre,basal,4,750.0,649.0,1.0,98.0,8,25,23730,1,1.0
97,1.0,0.0,6.1830001,0.0,6.0,4,121.8868637786967,167.609174685897,pobre,basal,3,0.0,723.0,1.0,47.0,15,25,23731,6,0.0
98,1.0,0.0,6.1830001,,,4,121.8868637786967,167.609174685897,pobre,basal,3,0.0,723.0,1.0,47.0,16,25,23731,6,0.0
97,1.0,0.0,6.1830001,1.0,5.0,5,121.8868637786967,167.609174685897,no pobre,basal,0,750.0,776.5,1.0,54.0,13,25,23732,5,1.0
98,1.0,0.0,6.1830001,1.0,6.0,5,121.8868637786967,167.609174685897,no pobre,basal,0,750.0,776.5,1.0,54.0,14,25,23732,5,1.0
97,1.0,0.0,6.1830001,1.0,1.0,7,121.8868637786967,167.609174685897,pobre,basal,6,0.0,617.0,1.0,27.0,6,25,23733,1,1.0
98,1.0,0.0,6.1830001,1.0,2.0,7,121.8868637786967,167.609174685897,pobre,basal,6,0.0,617.0,1.0,27.0,7,25,23733,1,1.0
97,0.0,0.0,6.1830001,1.0,1.0,6,121.8868637786967,167.609174685897,pobre,basal,5,250.0,629.0,1.0,27.0,7,25,23734,1,1.0
98,0.0,0.0,6.1830001,1.0,1.0,6,121.8868637786967,167.609174685897,pobre,basal,5,250.0,629.0,1.0,27.0,8,25,23734,1,1.0
97,0.0,0.0,6.1830001,1.0,3.0,8,121.8868637786967,167.609174685897,pobre,basal,4,0.0,604.0,1.0,31.0,12,25,23735,3,1.0
98,0.0,0.0,6.1830001,1.0,4.0,8,121.8868637786967,167.609174685897,pobre,basal,4,0.0,604.0,1.0,31.0,13,25,23735,3,1.0
97,1.0,0.0,6.1830001,1.0,4.0,8,121.8868637786967,167.609174685897,pobre,basal,4,0.0,604.0,1.0,31.0,9,25,23736,4,1.0
98,1.0,0.0,6.1830001,1.0,4.0,8,121.8868637786967,167.609174685897,pobre,basal,4,0.0,604.0,1.0,31.0,10,25,23736,4,1.0
97,0.0,0.0,6.1830001,1.0,1.0,8,121.8868637786967,167.609174685897,pobre,basal,4,0.0,604.0,1.0,31.0,8,25,23737,1,1.0
98,0.0,0.0,6.1830001,1.0,2.0,8,121.8868637786967,167.609174685897,pobre,basal,4,0.0,604.0,1.0,31.0,9,25,23737,1,1.0
97,0.0,0.0,6.1830001,1.0,0.0,8,121.8868637786967,167.609174685897,pobre,basal,4,0.0,604.0,1.0,31.0,6,25,23738,0,1.0
98,0.0,0.0,6.1830001,1.0,0.0,8,121.8868637786967,167.609174685897,pobre,basal,4,0.0,604.0,1.0,31.0,7,25,23738,0,1.0
97,1.0,0.0,6.1830001,1.0,5.0,7,121.8868637786967,167.609174685897,pobre,basal,0,750.0,594.0,1.0,30.0,10,25,23739,5,1.0
98,1.0,0.0,6.1830001,1.0,6.0,7,121.8868637786967,167.609174685897,pobre,basal,0,750.0,594.0,1.0,30.0,11,25,23739,5,1.0
97,0.0,0.0,6.1830001,1.0,3.0,7,121.8868637786967,167.609174685897,pobre,basal,0,750.0,594.0,1.0,30.0,8,25,23740,3,1.0
98,0.0,0.0,6.1830001,1.0,3.0,7,121.8868637786967,167.609174685897,pobre,basal,0,750.0,594.0,1.0,30.0,9,25,23740,3,1.0
97,0.0,0.0,6.1830001,1.0,1.0,7,121.8868637786967,167.609174685897,pobre,basal,0,750.0,594.0,1.0,30.0,6,25,23741,1,1.0
98,0.0,0.0,6.1830001,1.0,2.0,7,121.8868637786967,167.609174685897,pobre,basal,0,750.0,594.0,1.0,30.0,7,25,23741,1,1.0
97,1.0,0.0,6.1830001,1.0,1.0,8,121.8868637786967,167.609174685897,pobre,basal,3,0.0,574.0,1.0,35.0,12,25,23742,1,1.0
98,1.0,0.0,6.1830001,1.0,2.0,8,121.8868637786967,167.609174685897,pobre,basal,3,0.0,574.0,1.0,35.0,13,25,23742,1,1.0
97,1.0,0.0,6.1830001,1.0,2.0,8,121.8868637786967,167.609174685897,pobre,basal,3,0.0,574.0,1.0,35.0,11,25,23743,2,1.0
98,1.0,0.0,6.1830001,1.0,2.0,8,121.8868637786967,167.609174685897,pobre,basal,3,0.0,574.0,1.0,35.0,12,25,23743,2,1.0
97,0.0,0.0,6.1830001,1.0,1.0,8,121.8868637786967,167.609174685897,pobre,basal,3,0.0,574.0,1.0,35.0,8,25,23744,1,1.0
98,0.0,0.0,6.1830001,1.0,1.0,8,121.8868637786967,167.609174685897,pobre,basal,3,0.0,574.0,1.0,35.0,9,25,23744,1,1.0
97,1.0,0.0,6.1830001,1.0,7.0,9,121.8868637786967,167.609174685897,pobre,basal,0,0.0,606.5,1.0,38.0,16,25,23745,7,1.0
98,1.0,0.0,6.1830001,,,9,121.8868637786967,167.609174685897,pobre,basal,0,0.0,606.5,1.0,38.0,17,25,23745,7,1.0
97,1.0,0.0,6.1830001,0.0,6.0,9,121.8868637786967,167.609174685897,pobre,basal,0,0.0,606.5,1.0,38.0,13,25,23746,6,0.0
98,1.0,0.0,6.1830001,1.0,6.0,9,121.8868637786967,167.609174685897,pobre,basal,0,0.0,606.5,1.0,38.0,14,25,23746,6,0.0
97,1.0,0.0,6.1830001,1.0,4.0,9,121.8868637786967,167.609174685897,pobre,basal,0,0.0,606.5,1.0,38.0,11,25,23747,4,1.0
98,1.0,0.0,6.1830001,1.0,4.0,9,121.8868637786967,167.609174685897,pobre,basal,0,0.0,606.5,1.0,38.0,12,25,23747,4,1.0
97,0.0,0.0,6.1830001,1.0,1.0,9,121.8868637786967,167.609174685897,pobre,basal,0,0.0,606.5,1.0,38.0,8,25,23748,1,1.0
98,0.0,0.0,6.1830001,1.0,2.0,9,121.8868637786967,167.609174685897,pobre,basal,0,0.0,606.5,1.0,38.0,9,25,23748,1,1.0
97,0.0,0.0,6.1830001,0.0,3.0,8,121.8868637786967,167.609174685897,pobre,basal,3,0.0,582.0,1.0,38.0,14,25,23749,3,0.0
98,0.0,0.0,6.1830001,,,8,121.8868637786967,167.609174685897,pobre,basal,3,0.0,582.0,1.0,38.0,15,25,23749,3,0.0
97,0.0,0.0,6.1830001,1.0,2.0,8,121.8868637786967,167.609174685897,pobre,basal,3,0.0,582.0,1.0,38.0,11,25,23750,2,1.0
98,0.0,0.0,6.1830001,1.0,3.0,8,121.8868637786967,167.609174685897,pobre,basal,3,0.0,582.0,1.0,38.0,12,25,23750,2,1.0
97,0.0,0.0,6.1830001,1.0,3.0,8,121.8868637786967,167.609174685897,pobre,basal,3,0.0,582.0,1.0,38.0,9,25,23751,3,1.0
98,0.0,0.0,6.1830001,1.0,4.0,8,121.8868637786967,167.609174685897,pobre,basal,3,0.0,582.0,1.0,38.0,10,25,23751,3,1.0
97,0.0,0.0,6.1830001,0.0,6.0,7,121.8868637786967,167.609174685897,pobre,basal,0,500.0,629.0,1.0,36.0,16,25,23752,6,0.0
98,0.0,0.0,6.1830001,,,7,121.8868637786967,167.609174685897,pobre,basal,0,500.0,629.0,1.0,36.0,17,25,23752,6,0.0
97,1.0,0.0,6.1830001,0.0,6.0,7,121.8868637786967,167.609174685897,pobre,basal,0,500.0,629.0,1.0,36.0,14,25,23753,6,0.0
98,1.0,0.0,6.1830001,0.0,6.0,7,121.8868637786967,167.609174685897,pobre,basal,0,500.0,629.0,1.0,36.0,15,25,23753,6,0.0
97,0.0,0.0,6.1830001,0.0,6.0,7,121.8868637786967,167.609174685897,pobre,basal,0,500.0,629.0,1.0,36.0,12,25,23754,6,0.0
98,0.0,0.0,6.1830001,1.0,6.0,7,121.8868637786967,167.609174685897,pobre,basal,0,500.0,629.0,1.0,36.0,13,25,23754,6,0.0
97,0.0,0.0,6.1830001,1.0,2.0,7,121.8868637786967,167.609174685897,pobre,basal,0,500.0,629.0,1.0,36.0,8,25,23755,2,1.0
98,0.0,0.0,6.1830001,1.0,3.0,7,121.8868637786967,167.609174685897,pobre,basal,0,500.0,629.0,1.0,36.0,9,25,23755,2,1.0
97,0.0,0.0,6.1830001,0.0,6.0,12,121.8868637786967,167.609174685897,pobre,basal,2,250.0,648.0,1.0,58.0,16,25,23756,6,0.0
98,0.0,0.0,6.1830001,,,12,121.8868637786967,167.609174685897,pobre,basal,2,250.0,648.0,1.0,58.0,17,25,23756,6,0.0
97,1.0,0.0,6.1830001,0.0,6.0,12,121.8868637786967,167.609174685897,pobre,basal,2,250.0,648.0,1.0,58.0,14,25,23757,6,0.0
98,1.0,0.0,6.1830001,0.0,6.0,12,121.8868637786967,167.609174685897,pobre,basal,2,250.0,648.0,1.0,58.0,15,25,23757,6,0.0
97,1.0,0.0,6.1830001,1.0,4.0,12,121.8868637786967,167.609174685897,pobre,basal,2,250.0,648.0,1.0,58.0,12,25,23758,4,1.0
98,1.0,0.0,6.1830001,1.0,5.0,12,121.8868637786967,167.609174685897,pobre,basal,2,250.0,648.0,1.0,58.0,13,25,23758,4,1.0
97,1.0,0.0,6.1830001,1.0,4.0,12,121.8868637786967,167.609174685897,pobre,basal,2,250.0,648.0,1.0,58.0,10,25,23759,4,1.0
98,1.0,0.0,6.1830001,1.0,4.0,12,121.8868637786967,167.609174685897,pobre,basal,2,250.0,648.0,1.0,58.0,11,25,23759,4,1.0
97,0.0,0.0,6.1830001,1.0,2.0,12,121.8868637786967,167.609174685897,pobre,basal,2,250.0,648.0,1.0,58.0,8,25,23760,2,1.0
98,0.0,0.0,6.1830001,1.0,3.0,12,121.8868637786967,167.609174685897,pobre,basal,2,250.0,648.0,1.0,58.0,9,25,23760,2,1.0
97,1.0,0.0,6.1830001,0.0,6.0,3,121.8868637786967,167.609174685897,pobre,basal,6,0.0,723.0,1.0,16.0,16,25,23761,6,0.0
98,1.0,0.0,6.1830001,,,3,121.8868637786967,167.609174685897,pobre,basal,6,0.0,723.0,1.0,16.0,17,25,23761,6,0.0
97,0.0,0.0,6.1830001,0.0,5.0,3,121.8868637786967,167.609174685897,pobre,basal,6,0.0,723.0,1.0,16.0,16,25,23762,5,0.0
98,0.0,0.0,6.1830001,,,3,121.8868637786967,167.609174685897,pobre,basal,6,0.0,723.0,1.0,16.0,17,25,23762,5,0.0
97,1.0,0.0,6.1830001,1.0,3.0,9,121.8868637786967,167.609174685897,pobre,basal,0,500.0,694.51001,1.0,54.0,12,25,23763,3,1.0
98,1.0,0.0,6.1830001,1.0,4.0,9,121.8868637786967,167.609174685897,pobre,basal,0,500.0,694.51001,1.0,54.0,13,25,23763,3,1.0
97,1.0,0.0,6.1830001,1.0,3.0,9,121.8868637786967,167.609174685897,pobre,basal,0,500.0,694.51001,1.0,54.0,11,25,23764,3,1.0
98,1.0,0.0,6.1830001,1.0,4.0,9,121.8868637786967,167.609174685897,pobre,basal,0,500.0,694.51001,1.0,54.0,12,25,23764,3,1.0
97,0.0,0.0,6.1830001,1.0,0.0,9,121.8868637786967,167.609174685897,pobre,basal,0,500.0,694.51001,1.0,54.0,6,25,23765,0,1.0
98,0.0,0.0,6.1830001,1.0,1.0,9,121.8868637786967,167.609174685897,pobre,basal,0,500.0,694.51001,1.0,54.0,7,25,23765,0,1.0
97,1.0,0.0,6.1830001,0.0,5.0,10,121.8868637786967,167.609174685897,pobre,basal,3,625.0,694.0,1.0,42.0,15,25,23766,5,0.0
98,1.0,0.0,6.1830001,1.0,5.0,10,121.8868637786967,167.609174685897,pobre,basal,3,625.0,694.0,1.0,42.0,16,25,23766,5,0.0
97,1.0,0.0,6.1830001,0.0,2.0,10,121.8868637786967,167.609174685897,pobre,basal,3,625.0,694.0,1.0,42.0,10,25,23767,2,0.0
98,1.0,0.0,6.1830001,,,10,121.8868637786967,167.609174685897,pobre,basal,3,625.0,694.0,1.0,42.0,11,25,23767,2,0.0
97,0.0,0.0,6.1830001,1.0,0.0,10,121.8868637786967,167.609174685897,pobre,basal,3,625.0,694.0,1.0,42.0,7,25,23768,0,1.0
98,0.0,0.0,6.1830001,1.0,1.0,10,121.8868637786967,167.609174685897,pobre,basal,3,625.0,694.0,1.0,42.0,8,25,23768,0,1.0
97,0.0,0.0,6.1830001,1.0,4.0,3,121.8868637786967,167.609174685897,pobre,basal,0,0.0,722.0,0.0,98.0,11,25,23769,4,1.0
98,0.0,0.0,6.1830001,1.0,5.0,3,121.8868637786967,167.609174685897,pobre,basal,0,0.0,722.0,0.0,98.0,12,25,23769,4,1.0
97,0.0,0.0,6.1830001,0.0,6.0,10,121.8868637786967,167.609174685897,pobre,basal,3,500.0,668.5,1.0,47.0,15,25,23770,6,0.0
98,0.0,0.0,6.1830001,0.0,6.0,10,121.8868637786967,167.609174685897,pobre,basal,3,500.0,668.5,1.0,47.0,16,25,23770,6,0.0
97,1.0,0.0,6.1830001,0.0,6.0,10,121.8868637786967,167.609174685897,pobre,basal,3,500.0,668.5,1.0,47.0,14,25,23771,6,0.0
98,1.0,0.0,6.1830001,0.0,6.0,10,121.8868637786967,167.609174685897,pobre,basal,3,500.0,668.5,1.0,47.0,15,25,23771,6,0.0
97,1.0,0.0,6.1830001,0.0,6.0,10,121.8868637786967,167.609174685897,pobre,basal,3,500.0,668.5,1.0,47.0,13,25,23772,6,0.0
98,1.0,0.0,6.1830001,0.0,6.0,10,121.8868637786967,167.609174685897,pobre,basal,3,500.0,668.5,1.0,47.0,14,25,23772,6,0.0
97,1.0,0.0,6.1830001,1.0,5.0,10,121.8868637786967,167.609174685897,pobre,basal,3,500.0,668.5,1.0,47.0,11,25,23773,5,1.0
98,1.0,0.0,6.1830001,0.0,6.0,10,121.8868637786967,167.609174685897,pobre,basal,3,500.0,668.5,1.0,47.0,12,25,23773,5,1.0
97,1.0,0.0,6.1830001,1.0,3.0,10,121.8868637786967,167.609174685897,pobre,basal,3,500.0,668.5,1.0,47.0,10,25,23774,3,1.0
98,1.0,0.0,6.1830001,1.0,3.0,10,121.8868637786967,167.609174685897,pobre,basal,3,500.0,668.5,1.0,47.0,11,25,23774,3,1.0
97,1.0,0.0,6.1830001,1.0,0.0,10,121.8868637786967,167.609174685897,pobre,basal,3,500.0,668.5,1.0,47.0,7,25,23775,0,1.0
98,1.0,0.0,6.1830001,1.0,1.0,10,121.8868637786967,167.609174685897,pobre,basal,3,500.0,668.5,1.0,47.0,8,25,23775,0,1.0
97,0.0,0.0,6.1830001,1.0,8.0,10,121.8868637786967,167.609174685897,pobre,basal,0,500.0,662.33002,1.0,43.0,14,25,23776,8,1.0
98,0.0,0.0,6.1830001,1.0,8.0,10,121.8868637786967,167.609174685897,pobre,basal,0,500.0,662.33002,1.0,43.0,15,25,23776,8,1.0
97,0.0,0.0,6.1830001,1.0,5.0,10,121.8868637786967,167.609174685897,pobre,basal,0,500.0,662.33002,1.0,43.0,11,25,23777,5,1.0
98,0.0,0.0,6.1830001,1.0,6.0,10,121.8868637786967,167.609174685897,pobre,basal,0,500.0,662.33002,1.0,43.0,12,25,23777,5,1.0
97,1.0,0.0,6.1830001,1.0,2.0,10,121.8868637786967,167.609174685897,pobre,basal,0,500.0,662.33002,1.0,43.0,9,25,23778,2,1.0
98,1.0,0.0,6.1830001,1.0,3.0,10,121.8868637786967,167.609174685897,pobre,basal,0,500.0,662.33002,1.0,43.0,10,25,23778,2,1.0
97,0.0,0.0,6.1830001,1.0,0.0,10,121.8868637786967,167.609174685897,pobre,basal,0,500.0,662.33002,1.0,43.0,6,25,23779,0,1.0
98,0.0,0.0,6.1830001,,,10,121.8868637786967,167.609174685897,pobre,basal,0,500.0,662.33002,1.0,43.0,7,25,23779,0,1.0
97,0.0,0.0,6.1830001,1.0,7.0,9,121.8868637786967,167.609174685897,pobre,basal,6,500.0,587.0,1.0,36.0,13,25,23780,7,1.0
98,0.0,0.0,6.1830001,1.0,8.0,9,121.8868637786967,167.609174685897,pobre,basal,6,500.0,587.0,1.0,36.0,14,25,23780,7,1.0
97,0.0,0.0,6.1830001,1.0,5.0,9,121.8868637786967,167.609174685897,pobre,basal,6,500.0,587.0,1.0,36.0,11,25,23781,5,1.0
98,0.0,0.0,6.1830001,1.0,6.0,9,121.8868637786967,167.609174685897,pobre,basal,6,500.0,587.0,1.0,36.0,12,25,23781,5,1.0
97,0.0,0.0,6.1830001,1.0,3.0,9,121.8868637786967,167.609174685897,pobre,basal,6,500.0,587.0,1.0,36.0,9,25,23782,3,1.0
98,0.0,0.0,6.1830001,1.0,4.0,9,121.8868637786967,167.609174685897,pobre,basal,6,500.0,587.0,1.0,36.0,10,25,23782,3,1.0
97,1.0,0.0,6.1830001,1.0,1.0,9,121.8868637786967,167.609174685897,pobre,basal,6,500.0,587.0,1.0,36.0,8,25,23783,1,1.0
98,1.0,0.0,6.1830001,1.0,2.0,9,121.8868637786967,167.609174685897,pobre,basal,6,500.0,587.0,1.0,36.0,9,25,23783,1,1.0
97,0.0,0.0,6.1830001,1.0,0.0,9,121.8868637786967,167.609174685897,pobre,basal,6,500.0,587.0,1.0,36.0,6,25,23784,0,1.0
98,0.0,0.0,6.1830001,1.0,1.0,9,121.8868637786967,167.609174685897,pobre,basal,6,500.0,587.0,1.0,36.0,7,25,23784,0,1.0
97,0.0,0.0,6.1830001,1.0,6.0,8,121.8868637786967,167.609174685897,pobre,basal,6,750.0,604.0,1.0,31.0,13,25,23785,6,1.0
98,0.0,0.0,6.1830001,1.0,6.0,8,121.8868637786967,167.609174685897,pobre,basal,6,750.0,604.0,1.0,31.0,14,25,23785,6,1.0
97,0.0,0.0,6.1830001,,0.0,8,121.8868637786967,167.609174685897,pobre,basal,6,750.0,604.0,1.0,31.0,11,25,23786,0,
98,0.0,0.0,6.1830001,,,8,121.8868637786967,167.609174685897,pobre,basal,6,750.0,604.0,1.0,31.0,12,25,23786,0,
97,1.0,0.0,6.1830001,1.0,4.0,8,121.8868637786967,167.609174685897,pobre,basal,6,750.0,604.0,1.0,31.0,9,25,23787,4,1.0
98,1.0,0.0,6.1830001,1.0,4.0,8,121.8868637786967,167.609174685897,pobre,basal,6,750.0,604.0,1.0,31.0,10,25,23787,4,1.0
97,1.0,0.0,6.1830001,1.0,2.0,8,121.8868637786967,167.609174685897,pobre,basal,6,750.0,604.0,1.0,31.0,7,25,23788,2,1.0
98,1.0,0.0,6.1830001,1.0,1.0,8,121.8868637786967,167.609174685897,pobre,basal,6,750.0,604.0,1.0,31.0,8,25,23788,2,1.0
97,1.0,0.0,6.1830001,0.0,6.0,9,121.8868637786967,167.609174685897,pobre,basal,3,750.0,724.5,1.0,50.0,15,25,23789,6,0.0
98,1.0,0.0,6.1830001,,,9,121.8868637786967,167.609174685897,pobre,basal,3,750.0,724.5,1.0,50.0,16,25,23789,6,0.0
97,0.0,0.0,6.1830001,1.0,4.0,9,121.8868637786967,167.609174685897,pobre,basal,3,750.0,724.5,1.0,50.0,13,25,23790,4,1.0
98,0.0,0.0,6.1830001,1.0,5.0,9,121.8868637786967,167.609174685897,pobre,basal,3,750.0,724.5,1.0,50.0,14,25,23790,4,1.0
97,0.0,0.0,6.1830001,1.0,3.0,9,121.8868637786967,167.609174685897,pobre,basal,3,750.0,724.5,1.0,50.0,11,25,23791,3,1.0
98,0.0,0.0,6.1830001,1.0,4.0,9,121.8868637786967,167.609174685897,pobre,basal,3,750.0,724.5,1.0,50.0,12,25,23791,3,1.0
97,1.0,0.0,6.1830001,1.0,2.0,9,121.8868637786967,167.609174685897,pobre,basal,3,750.0,724.5,1.0,50.0,9,25,23792,2,1.0
98,1.0,0.0,6.1830001,1.0,3.0,9,121.8868637786967,167.609174685897,pobre,basal,3,750.0,724.5,1.0,50.0,10,25,23792,2,1.0
97,0.0,0.0,6.1830001,1.0,2.0,9,121.8868637786967,167.609174685897,pobre,basal,3,750.0,724.5,1.0,50.0,7,25,23793,2,1.0
98,0.0,0.0,6.1830001,1.0,1.0,9,121.8868637786967,167.609174685897,pobre,basal,3,750.0,724.5,1.0,50.0,8,25,23793,2,1.0
97,0.0,0.0,6.1830001,0.0,6.0,11,121.8868637786967,167.609174685897,pobre,basal,3,750.0,601.5,1.0,37.0,16,25,23794,6,0.0
98,0.0,0.0,6.1830001,,,11,121.8868637786967,167.609174685897,pobre,basal,3,750.0,601.5,1.0,37.0,17,25,23794,6,0.0
97,0.0,0.0,6.1830001,0.0,6.0,11,121.8868637786967,167.609174685897,pobre,basal,3,750.0,601.5,1.0,37.0,15,25,23795,6,0.0
98,0.0,0.0,6.1830001,0.0,6.0,11,121.8868637786967,167.609174685897,pobre,basal,3,750.0,601.5,1.0,37.0,16,25,23795,6,0.0
97,0.0,0.0,6.1830001,1.0,5.0,11,121.8868637786967,167.609174685897,pobre,basal,3,750.0,601.5,1.0,37.0,13,25,23796,5,1.0
98,0.0,0.0,6.1830001,1.0,6.0,11,121.8868637786967,167.609174685897,pobre,basal,3,750.0,601.5,1.0,37.0,14,25,23796,5,1.0
97,0.0,0.0,6.1830001,1.0,4.0,11,121.8868637786967,167.609174685897,pobre,basal,3,750.0,601.5,1.0,37.0,10,25,23797,4,1.0
98,0.0,0.0,6.1830001,1.0,5.0,11,121.8868637786967,167.609174685897,pobre,basal,3,750.0,601.5,1.0,37.0,11,25,23797,4,1.0
97,1.0,0.0,6.1830001,1.0,2.0,11,121.8868637786967,167.609174685897,pobre,basal,3,750.0,601.5,1.0,37.0,8,25,23798,2,1.0
98,1.0,0.0,6.1830001,1.0,2.0,11,121.8868637786967,167.609174685897,pobre,basal,3,750.0,601.5,1.0,37.0,9,25,23798,2,1.0
97,0.0,0.0,6.1830001,1.0,0.0,11,121.8868637786967,167.609174685897,pobre,basal,3,750.0,601.5,1.0,37.0,6,25,23799,0,1.0
98,0.0,0.0,6.1830001,1.0,0.0,11,121.8868637786967,167.609174685897,pobre,basal,3,750.0,601.5,1.0,37.0,7,25,23799,0,1.0
97,1.0,0.0,6.1830001,1.0,2.0,5,121.8868637786967,167.609174685897,pobre,basal,0,750.0,543.0,1.0,31.0,8,25,23800,2,1.0
98,1.0,0.0,6.1830001,1.0,1.0,5,121.8868637786967,167.609174685897,pobre,basal,0,750.0,543.0,1.0,31.0,9,25,23800,2,1.0
97,0.0,0.0,6.1830001,0.0,6.0,2,121.8868637786967,167.609174685897,no pobre,basal,0,500.0,808.0,0.0,54.0,13,25,23801,6,0.0
98,0.0,0.0,6.1830001,0.0,6.0,2,121.8868637786967,167.609174685897,no pobre,basal,0,500.0,808.0,0.0,54.0,14,25,23801,6,0.0
97,0.0,0.0,6.1830001,1.0,5.0,4,121.8868637786967,167.609174685897,pobre,basal,0,500.0,724.0,1.0,70.0,13,25,23802,5,1.0
98,0.0,0.0,6.1830001,1.0,6.0,4,121.8868637786967,167.609174685897,pobre,basal,0,500.0,724.0,1.0,70.0,14,25,23802,5,1.0
97,0.0,0.0,6.1830001,1.0,1.0,5,121.8868637786967,167.609174685897,pobre,basal,2,500.0,710.0,1.0,69.0,7,25,23803,1,1.0
98,0.0,0.0,6.1830001,1.0,1.0,5,121.8868637786967,167.609174685897,pobre,basal,2,500.0,710.0,1.0,69.0,8,25,23803,1,1.0
97,1.0,0.0,6.1830001,0.0,4.0,7,121.8868637786967,167.609174685897,pobre,basal,3,0.0,685.5,1.0,40.0,16,25,23804,4,0.0
98,1.0,0.0,6.1830001,,,7,121.8868637786967,167.609174685897,pobre,basal,3,0.0,685.5,1.0,40.0,17,25,23804,4,0.0
97,1.0,0.0,6.1830001,1.0,5.0,7,121.8868637786967,167.609174685897,pobre,basal,3,0.0,685.5,1.0,40.0,12,25,23805,5,1.0
98,1.0,0.0,6.1830001,1.0,6.0,7,121.8868637786967,167.609174685897,pobre,basal,3,0.0,685.5,1.0,40.0,13,25,23805,5,1.0
97,0.0,0.0,6.1830001,1.0,2.0,7,121.8868637786967,167.609174685897,pobre,basal,3,0.0,685.5,1.0,40.0,9,25,23806,2,1.0
98,0.0,0.0,6.1830001,1.0,3.0,7,121.8868637786967,167.609174685897,pobre,basal,3,0.0,685.5,1.0,40.0,10,25,23806,2,1.0
97,1.0,0.0,6.1830001,1.0,1.0,7,121.8868637786967,167.609174685897,pobre,basal,3,0.0,685.5,1.0,40.0,8,25,23807,1,1.0
98,1.0,0.0,6.1830001,1.0,2.0,7,121.8868637786967,167.609174685897,pobre,basal,3,0.0,685.5,1.0,40.0,9,25,23807,1,1.0
97,1.0,0.0,6.1830001,1.0,4.0,7,121.8868637786967,167.609174685897,pobre,basal,4,750.0,658.0,1.0,30.0,11,25,23808,4,1.0
98,1.0,0.0,6.1830001,1.0,5.0,7,121.8868637786967,167.609174685897,pobre,basal,4,750.0,658.0,1.0,30.0,12,25,23808,4,1.0
97,1.0,0.0,6.1830001,1.0,2.0,7,121.8868637786967,167.609174685897,pobre,basal,4,750.0,658.0,1.0,30.0,9,25,23809,2,1.0
98,1.0,0.0,6.1830001,1.0,3.0,7,121.8868637786967,167.609174685897,pobre,basal,4,750.0,658.0,1.0,30.0,10,25,23809,2,1.0
97,1.0,0.0,6.1830001,1.0,1.0,7,121.8868637786967,167.609174685897,pobre,basal,4,750.0,658.0,1.0,30.0,8,25,23810,1,1.0
98,1.0,0.0,6.1830001,1.0,2.0,7,121.8868637786967,167.609174685897,pobre,basal,4,750.0,658.0,1.0,30.0,9,25,23810,1,1.0
97,1.0,0.0,6.1830001,1.0,2.0,7,121.8868637786967,167.609174685897,pobre,basal,4,750.0,658.0,1.0,30.0,6,25,23811,2,1.0
98,1.0,0.0,6.1830001,1.0,0.0,7,121.8868637786967,167.609174685897,pobre,basal,4,750.0,658.0,1.0,30.0,7,25,23811,2,1.0
97,1.0,0.0,6.1830001,1.0,1.0,3,121.8868637786967,167.609174685897,no pobre,basal,5,750.0,797.0,1.0,57.0,7,25,23812,1,1.0
98,1.0,0.0,6.1830001,1.0,2.0,3,121.8868637786967,167.609174685897,no pobre,basal,5,750.0,797.0,1.0,57.0,8,25,23812,1,1.0
97,1.0,0.0,6.1830001,1.0,1.0,5,121.8868637786967,167.609174685897,pobre,basal,6,0.0,560.0,1.0,26.0,7,25,23813,1,1.0
98,1.0,0.0,6.1830001,1.0,2.0,5,121.8868637786967,167.609174685897,pobre,basal,6,0.0,560.0,1.0,26.0,8,25,23813,1,1.0
97,1.0,0.0,6.1830001,1.0,1.0,5,121.8868637786967,167.609174685897,no pobre,basal,6,750.0,765.0,1.0,30.0,7,25,23814,1,1.0
98,1.0,0.0,6.1830001,1.0,2.0,5,121.8868637786967,167.609174685897,no pobre,basal,6,750.0,765.0,1.0,30.0,8,25,23814,1,1.0
97,0.0,0.0,6.1830001,1.0,8.0,5,121.8868637786967,167.609174685897,no pobre,basal,3,750.0,781.5,1.0,58.0,14,25,23815,8,1.0
98,0.0,0.0,6.1830001,1.0,8.0,5,121.8868637786967,167.609174685897,no pobre,basal,3,750.0,781.5,1.0,58.0,15,25,23815,8,1.0
97,0.0,0.0,6.1830001,1.0,5.0,5,121.8868637786967,167.609174685897,no pobre,basal,3,750.0,781.5,1.0,58.0,11,25,23816,5,1.0
98,0.0,0.0,6.1830001,1.0,6.0,5,121.8868637786967,167.609174685897,no pobre,basal,3,750.0,781.5,1.0,58.0,12,25,23816,5,1.0
97,1.0,0.0,6.1830001,0.0,6.0,6,121.8868637786967,167.609174685897,pobre,basal,0,0.0,665.0,1.0,37.0,12,25,23817,6,0.0
98,1.0,0.0,6.1830001,0.0,6.0,6,121.8868637786967,167.609174685897,pobre,basal,0,0.0,665.0,1.0,37.0,13,25,23817,6,0.0
97,1.0,0.0,6.1830001,1.0,4.0,6,121.8868637786967,167.609174685897,pobre,basal,0,0.0,665.0,1.0,37.0,10,25,23818,4,1.0
98,1.0,0.0,6.1830001,1.0,5.0,6,121.8868637786967,167.609174685897,pobre,basal,0,0.0,665.0,1.0,37.0,11,25,23818,4,1.0
97,1.0,1.0,3.5320001,1.0,6.0,7,160.3103982884805,160.3103982884805,no pobre,0,6,0.0,747.0,1.0,35.0,13,27,23819,6,1.0
98,1.0,1.0,3.5320001,1.0,7.0,7,160.3103982884805,160.3103982884805,no pobre,0,6,0.0,747.0,1.0,35.0,14,27,23819,6,1.0
97,1.0,1.0,3.5320001,1.0,5.0,7,160.3103982884805,160.3103982884805,no pobre,0,6,0.0,747.0,1.0,35.0,10,27,23820,5,1.0
98,1.0,1.0,3.5320001,1.0,6.0,7,160.3103982884805,160.3103982884805,no pobre,0,6,0.0,747.0,1.0,35.0,11,27,23820,5,1.0
97,0.0,1.0,3.5320001,1.0,2.0,7,160.3103982884805,160.3103982884805,no pobre,0,6,0.0,747.0,1.0,35.0,7,27,23821,2,1.0
98,0.0,1.0,3.5320001,1.0,3.0,7,160.3103982884805,160.3103982884805,no pobre,0,6,0.0,747.0,1.0,35.0,8,27,23821,2,1.0
97,0.0,1.0,3.5320001,0.0,3.0,10,160.3103982884805,160.3103982884805,pobre,0,0,0.0,697.66998,1.0,47.0,15,27,23822,3,0.0
98,0.0,1.0,3.5320001,,,10,160.3103982884805,160.3103982884805,pobre,0,0,0.0,697.66998,1.0,47.0,16,27,23822,3,0.0
97,0.0,1.0,3.5320001,1.0,2.0,10,160.3103982884805,160.3103982884805,pobre,0,0,0.0,697.66998,1.0,47.0,12,27,23823,2,1.0
98,0.0,1.0,3.5320001,1.0,3.0,10,160.3103982884805,160.3103982884805,pobre,0,0,0.0,697.66998,1.0,47.0,13,27,23823,2,1.0
97,0.0,1.0,3.5320001,1.0,3.0,10,160.3103982884805,160.3103982884805,pobre,0,0,0.0,697.66998,1.0,47.0,11,27,23824,3,1.0
98,0.0,1.0,3.5320001,1.0,0.0,10,160.3103982884805,160.3103982884805,pobre,0,0,0.0,697.66998,1.0,47.0,12,27,23824,3,1.0
97,0.0,1.0,3.5320001,1.0,0.0,10,160.3103982884805,160.3103982884805,pobre,0,0,0.0,697.66998,1.0,47.0,6,27,23825,0,1.0
98,0.0,1.0,3.5320001,,,10,160.3103982884805,160.3103982884805,pobre,0,0,0.0,697.66998,1.0,47.0,7,27,23825,0,1.0
97,1.0,1.0,3.5320001,0.0,1.0,6,160.3103982884805,160.3103982884805,pobre,0,1,0.0,686.0,1.0,39.0,12,27,23826,1,0.0
98,1.0,1.0,3.5320001,,,6,160.3103982884805,160.3103982884805,pobre,0,1,0.0,686.0,1.0,39.0,13,27,23826,1,0.0
97,1.0,1.0,3.5320001,1.0,2.0,6,160.3103982884805,160.3103982884805,pobre,0,1,0.0,686.0,1.0,39.0,8,27,23827,2,1.0
98,1.0,1.0,3.5320001,,,6,160.3103982884805,160.3103982884805,pobre,0,1,0.0,686.0,1.0,39.0,9,27,23827,2,1.0
97,0.0,1.0,3.5320001,1.0,0.0,6,160.3103982884805,160.3103982884805,pobre,0,1,0.0,686.0,1.0,39.0,6,27,23828,0,1.0
98,0.0,1.0,3.5320001,,,6,160.3103982884805,160.3103982884805,pobre,0,1,0.0,686.0,1.0,39.0,7,27,23828,0,1.0
97,1.0,1.0,3.5320001,,0.0,5,160.3103982884805,160.3103982884805,pobre,0,0,0.0,672.0,1.0,35.0,8,27,23829,0,
98,1.0,1.0,3.5320001,,,5,160.3103982884805,160.3103982884805,pobre,0,0,0.0,672.0,1.0,35.0,9,27,23829,0,
97,1.0,1.0,3.5320001,0.0,4.0,11,160.3103982884805,160.3103982884805,pobre,0,0,375.0,700.28998,1.0,38.0,16,27,23830,4,0.0
98,1.0,1.0,3.5320001,,,11,160.3103982884805,160.3103982884805,pobre,0,0,375.0,700.28998,1.0,38.0,17,27,23830,4,0.0
97,1.0,1.0,3.5320001,1.0,2.0,11,160.3103982884805,160.3103982884805,pobre,0,0,375.0,700.28998,1.0,38.0,13,27,23831,2,1.0
98,1.0,1.0,3.5320001,1.0,3.0,11,160.3103982884805,160.3103982884805,pobre,0,0,375.0,700.28998,1.0,38.0,14,27,23831,2,1.0
97,1.0,1.0,3.5320001,1.0,2.0,11,160.3103982884805,160.3103982884805,pobre,0,0,375.0,700.28998,1.0,38.0,9,27,23832,2,1.0
98,1.0,1.0,3.5320001,1.0,3.0,11,160.3103982884805,160.3103982884805,pobre,0,0,375.0,700.28998,1.0,38.0,10,27,23832,2,1.0
97,1.0,1.0,3.5320001,1.0,2.0,11,160.3103982884805,160.3103982884805,pobre,0,0,375.0,700.28998,1.0,38.0,7,27,23833,2,1.0
98,1.0,1.0,3.5320001,1.0,3.0,11,160.3103982884805,160.3103982884805,pobre,0,0,375.0,700.28998,1.0,38.0,8,27,23833,2,1.0
97,0.0,1.0,3.5320001,0.0,6.0,11,160.3103982884805,160.3103982884805,pobre,0,0,375.0,700.28998,1.0,38.0,15,27,23834,6,0.0
98,0.0,1.0,3.5320001,,,11,160.3103982884805,160.3103982884805,pobre,0,0,375.0,700.28998,1.0,38.0,16,27,23834,6,0.0
97,0.0,1.0,3.5320001,,0.0,8,160.3103982884805,160.3103982884805,pobre,0,0,0.0,752.33002,1.0,47.0,12,27,23835,0,
98,0.0,1.0,3.5320001,1.0,3.0,8,160.3103982884805,160.3103982884805,pobre,0,0,0.0,752.33002,1.0,47.0,13,27,23835,0,
97,0.0,1.0,3.5320001,,0.0,8,160.3103982884805,160.3103982884805,pobre,0,0,0.0,752.33002,1.0,47.0,7,27,23836,0,
98,0.0,1.0,3.5320001,1.0,2.0,8,160.3103982884805,160.3103982884805,pobre,0,0,0.0,752.33002,1.0,47.0,8,27,23836,0,
97,1.0,1.0,3.5320001,,0.0,7,160.3103982884805,160.3103982884805,pobre,0,0,1200.0,692.25,1.0,40.0,14,27,23837,0,
98,1.0,1.0,3.5320001,1.0,3.0,7,160.3103982884805,160.3103982884805,pobre,0,0,1200.0,692.25,1.0,40.0,15,27,23837,0,
97,0.0,1.0,3.5320001,1.0,4.0,5,160.3103982884805,160.3103982884805,pobre,0,0,800.0,731.21997,1.0,50.0,16,27,23838,4,1.0
98,0.0,1.0,3.5320001,1.0,5.0,5,160.3103982884805,160.3103982884805,pobre,0,0,800.0,731.21997,1.0,50.0,17,27,23838,4,1.0
97,0.0,1.0,3.5320001,1.0,2.0,5,160.3103982884805,160.3103982884805,pobre,0,0,800.0,731.21997,1.0,50.0,14,27,23839,2,1.0
98,0.0,1.0,3.5320001,1.0,3.0,5,160.3103982884805,160.3103982884805,pobre,0,0,800.0,731.21997,1.0,50.0,15,27,23839,2,1.0
97,0.0,1.0,3.5320001,,0.0,5,160.3103982884805,160.3103982884805,pobre,0,0,800.0,731.21997,1.0,50.0,6,27,23840,0,
98,0.0,1.0,3.5320001,1.0,0.0,5,160.3103982884805,160.3103982884805,pobre,0,0,800.0,731.21997,1.0,50.0,7,27,23840,0,
97,0.0,1.0,3.5320001,,0.0,6,160.3103982884805,160.3103982884805,no pobre,0,0,800.0,766.0,1.0,60.0,16,27,23841,0,
98,0.0,1.0,3.5320001,,,6,160.3103982884805,160.3103982884805,no pobre,0,0,800.0,766.0,1.0,60.0,17,27,23841,0,
97,1.0,1.0,3.5320001,,0.0,10,160.3103982884805,160.3103982884805,pobre,0,5,800.0,504.32999,1.0,36.0,11,27,23842,0,
98,1.0,1.0,3.5320001,1.0,3.0,10,160.3103982884805,160.3103982884805,pobre,0,5,800.0,504.32999,1.0,36.0,12,27,23842,0,
97,0.0,1.0,3.5320001,,0.0,10,160.3103982884805,160.3103982884805,pobre,0,5,800.0,504.32999,1.0,36.0,10,27,23843,0,
98,0.0,1.0,3.5320001,1.0,2.0,10,160.3103982884805,160.3103982884805,pobre,0,5,800.0,504.32999,1.0,36.0,11,27,23843,0,
97,1.0,1.0,3.5320001,1.0,2.0,10,160.3103982884805,160.3103982884805,pobre,0,5,800.0,504.32999,1.0,36.0,8,27,23844,2,1.0
98,1.0,1.0,3.5320001,1.0,2.0,10,160.3103982884805,160.3103982884805,pobre,0,5,800.0,504.32999,1.0,36.0,9,27,23844,2,1.0
97,1.0,1.0,3.5320001,1.0,6.0,8,160.3103982884805,160.3103982884805,pobre,0,0,0.0,660.47998,1.0,60.0,14,27,23845,6,1.0
98,1.0,1.0,3.5320001,,,8,160.3103982884805,160.3103982884805,pobre,0,0,0.0,660.47998,1.0,60.0,15,27,23845,6,1.0
97,1.0,1.0,3.5320001,1.0,5.0,8,160.3103982884805,160.3103982884805,pobre,0,0,0.0,660.47998,1.0,60.0,13,27,23846,5,1.0
98,1.0,1.0,3.5320001,,,8,160.3103982884805,160.3103982884805,pobre,0,0,0.0,660.47998,1.0,60.0,14,27,23846,5,1.0
97,1.0,1.0,3.5320001,1.0,1.0,8,160.3103982884805,160.3103982884805,pobre,0,0,0.0,660.47998,1.0,60.0,8,27,23847,1,1.0
98,1.0,1.0,3.5320001,1.0,2.0,8,160.3103982884805,160.3103982884805,pobre,0,0,0.0,660.47998,1.0,60.0,9,27,23847,1,1.0
97,1.0,1.0,3.5320001,1.0,1.0,8,160.3103982884805,160.3103982884805,pobre,0,0,0.0,660.47998,1.0,60.0,6,27,23848,1,1.0
98,1.0,1.0,3.5320001,1.0,2.0,8,160.3103982884805,160.3103982884805,pobre,0,0,0.0,660.47998,1.0,60.0,7,27,23848,1,1.0
97,0.0,1.0,3.5320001,0.0,3.0,14,160.3103982884805,160.3103982884805,pobre,0,0,600.0,709.25,1.0,48.0,16,27,23849,3,0.0
98,0.0,1.0,3.5320001,,,14,160.3103982884805,160.3103982884805,pobre,0,0,600.0,709.25,1.0,48.0,17,27,23849,3,0.0
97,0.0,1.0,3.5320001,,0.0,14,160.3103982884805,160.3103982884805,pobre,0,0,600.0,709.25,1.0,48.0,14,27,23850,0,
98,0.0,1.0,3.5320001,,,14,160.3103982884805,160.3103982884805,pobre,0,0,600.0,709.25,1.0,48.0,15,27,23850,0,
97,1.0,1.0,3.5320001,1.0,3.0,14,160.3103982884805,160.3103982884805,pobre,0,0,600.0,709.25,1.0,48.0,11,27,23851,3,1.0
98,1.0,1.0,3.5320001,1.0,4.0,14,160.3103982884805,160.3103982884805,pobre,0,0,600.0,709.25,1.0,48.0,12,27,23851,3,1.0
97,0.0,1.0,3.5320001,1.0,0.0,14,160.3103982884805,160.3103982884805,pobre,0,0,600.0,709.25,1.0,48.0,8,27,23852,0,1.0
98,0.0,1.0,3.5320001,1.0,0.0,14,160.3103982884805,160.3103982884805,pobre,0,0,600.0,709.25,1.0,48.0,9,27,23852,0,1.0
97,1.0,1.0,3.5320001,,0.0,14,160.3103982884805,160.3103982884805,pobre,0,0,600.0,709.25,1.0,48.0,6,27,23853,0,
98,1.0,1.0,3.5320001,1.0,2.0,14,160.3103982884805,160.3103982884805,pobre,0,0,600.0,709.25,1.0,48.0,7,27,23853,0,
97,0.0,1.0,3.5320001,0.0,6.0,14,160.3103982884805,160.3103982884805,pobre,0,0,600.0,709.25,1.0,48.0,16,27,23854,6,0.0
98,0.0,1.0,3.5320001,,,14,160.3103982884805,160.3103982884805,pobre,0,0,600.0,709.25,1.0,48.0,17,27,23854,6,0.0
97,0.0,1.0,3.8740001,1.0,9.0,9,139.7042883536797,139.7042883536797,pobre,basal,12,2800.0,556.0,1.0,43.0,14,19,23855,9,1.0
98,0.0,1.0,3.8740001,1.0,9.0,9,139.7042883536797,139.7042883536797,pobre,basal,12,2800.0,556.0,1.0,43.0,15,19,23855,9,1.0
97,1.0,1.0,3.8740001,1.0,6.0,9,139.7042883536797,139.7042883536797,pobre,basal,12,2800.0,556.0,1.0,43.0,12,19,23856,6,1.0
98,1.0,1.0,3.8740001,1.0,7.0,9,139.7042883536797,139.7042883536797,pobre,basal,12,2800.0,556.0,1.0,43.0,13,19,23856,6,1.0
97,1.0,1.0,3.8740001,1.0,5.0,9,139.7042883536797,139.7042883536797,pobre,basal,12,2800.0,556.0,1.0,43.0,11,19,23857,5,1.0
98,1.0,1.0,3.8740001,1.0,6.0,9,139.7042883536797,139.7042883536797,pobre,basal,12,2800.0,556.0,1.0,43.0,12,19,23857,5,1.0
97,0.0,1.0,3.8740001,1.0,5.0,8,139.7042883536797,139.7042883536797,pobre,basal,12,2400.0,632.0,1.0,35.0,15,19,23858,5,1.0
98,0.0,1.0,3.8740001,1.0,6.0,8,139.7042883536797,139.7042883536797,pobre,basal,12,2400.0,632.0,1.0,35.0,16,19,23858,5,1.0
97,0.0,1.0,3.8740001,1.0,5.0,8,139.7042883536797,139.7042883536797,pobre,basal,12,2400.0,632.0,1.0,35.0,15,19,23859,5,1.0
98,0.0,1.0,3.8740001,1.0,6.0,8,139.7042883536797,139.7042883536797,pobre,basal,12,2400.0,632.0,1.0,35.0,16,19,23859,5,1.0
97,0.0,1.0,3.8740001,1.0,1.0,8,139.7042883536797,139.7042883536797,pobre,basal,12,2400.0,632.0,1.0,35.0,7,19,23860,1,1.0
98,0.0,1.0,3.8740001,1.0,2.0,8,139.7042883536797,139.7042883536797,pobre,basal,12,2400.0,632.0,1.0,35.0,8,19,23860,1,1.0
97,1.0,1.0,3.8740001,1.0,5.0,6,139.7042883536797,139.7042883536797,no pobre,basal,17,3000.0,693.0,1.0,35.0,11,19,23861,5,1.0
98,1.0,1.0,3.8740001,1.0,6.0,6,139.7042883536797,139.7042883536797,no pobre,basal,17,3000.0,693.0,1.0,35.0,12,19,23861,5,1.0
97,0.0,1.0,3.8740001,1.0,2.0,6,139.7042883536797,139.7042883536797,no pobre,basal,17,3000.0,693.0,1.0,35.0,7,19,23862,2,1.0
98,0.0,1.0,3.8740001,1.0,3.0,6,139.7042883536797,139.7042883536797,no pobre,basal,17,3000.0,693.0,1.0,35.0,8,19,23862,2,1.0
97,1.0,1.0,3.8740001,1.0,0.0,6,139.7042883536797,139.7042883536797,no pobre,basal,17,3000.0,693.0,1.0,35.0,6,19,23863,0,1.0
98,1.0,1.0,3.8740001,1.0,1.0,6,139.7042883536797,139.7042883536797,no pobre,basal,17,3000.0,693.0,1.0,35.0,7,19,23863,0,1.0
97,0.0,1.0,3.8740001,1.0,6.0,9,139.7042883536797,139.7042883536797,pobre,basal,9,0.0,688.0,1.0,41.0,11,19,23864,6,1.0
98,0.0,1.0,3.8740001,1.0,6.0,9,139.7042883536797,139.7042883536797,pobre,basal,9,0.0,688.0,1.0,41.0,12,19,23864,6,1.0
97,1.0,1.0,3.8740001,1.0,3.0,9,139.7042883536797,139.7042883536797,pobre,basal,9,0.0,688.0,1.0,41.0,8,19,23865,3,1.0
98,1.0,1.0,3.8740001,1.0,4.0,9,139.7042883536797,139.7042883536797,pobre,basal,9,0.0,688.0,1.0,41.0,9,19,23865,3,1.0
97,0.0,1.0,3.8740001,1.0,1.0,9,139.7042883536797,139.7042883536797,pobre,basal,9,0.0,688.0,1.0,41.0,7,19,23866,1,1.0
98,0.0,1.0,3.8740001,1.0,2.0,9,139.7042883536797,139.7042883536797,pobre,basal,9,0.0,688.0,1.0,41.0,8,19,23866,1,1.0
97,0.0,1.0,3.8740001,1.0,8.0,7,139.7042883536797,139.7042883536797,no pobre,basal,12,3200.0,776.20001,1.0,39.0,16,19,23867,8,1.0
98,0.0,1.0,3.8740001,,,7,139.7042883536797,139.7042883536797,no pobre,basal,12,3200.0,776.20001,1.0,39.0,17,19,23867,8,1.0
97,0.0,1.0,3.8740001,1.0,7.0,7,139.7042883536797,139.7042883536797,no pobre,basal,12,3200.0,776.20001,1.0,39.0,14,19,23868,7,1.0
98,0.0,1.0,3.8740001,1.0,8.0,7,139.7042883536797,139.7042883536797,no pobre,basal,12,3200.0,776.20001,1.0,39.0,15,19,23868,7,1.0
97,0.0,1.0,3.8740001,1.0,2.0,7,139.7042883536797,139.7042883536797,no pobre,basal,12,3200.0,776.20001,1.0,39.0,10,19,23869,2,1.0
98,0.0,1.0,3.8740001,1.0,2.0,7,139.7042883536797,139.7042883536797,no pobre,basal,12,3200.0,776.20001,1.0,39.0,11,19,23869,2,1.0
97,0.0,1.0,3.8740001,1.0,3.0,7,139.7042883536797,139.7042883536797,no pobre,basal,12,3200.0,776.20001,1.0,39.0,8,19,23870,3,1.0
98,0.0,1.0,3.8740001,1.0,4.0,7,139.7042883536797,139.7042883536797,no pobre,basal,12,3200.0,776.20001,1.0,39.0,9,19,23870,3,1.0
97,1.0,1.0,3.8740001,0.0,6.0,12,139.7042883536797,139.7042883536797,pobre,basal,3,83.333336,676.0,1.0,54.0,14,19,23871,6,0.0
98,1.0,1.0,3.8740001,0.0,6.0,12,139.7042883536797,139.7042883536797,pobre,basal,3,83.333336,676.0,1.0,54.0,15,19,23871,6,0.0
97,0.0,1.0,3.8740001,1.0,7.0,12,139.7042883536797,139.7042883536797,pobre,basal,3,83.333336,676.0,1.0,54.0,13,19,23872,7,1.0
98,0.0,1.0,3.8740001,0.0,6.0,12,139.7042883536797,139.7042883536797,pobre,basal,3,83.333336,676.0,1.0,54.0,14,19,23872,7,1.0
97,0.0,1.0,3.8740001,1.0,2.0,12,139.7042883536797,139.7042883536797,pobre,basal,3,83.333336,676.0,1.0,54.0,11,19,23873,2,1.0
98,0.0,1.0,3.8740001,0.0,3.0,12,139.7042883536797,139.7042883536797,pobre,basal,3,83.333336,676.0,1.0,54.0,12,19,23873,2,1.0
97,1.0,1.0,3.8740001,1.0,1.0,12,139.7042883536797,139.7042883536797,pobre,basal,3,83.333336,676.0,1.0,54.0,9,19,23874,1,1.0
98,1.0,1.0,3.8740001,0.0,3.0,12,139.7042883536797,139.7042883536797,pobre,basal,3,83.333336,676.0,1.0,54.0,10,19,23874,1,1.0
97,1.0,1.0,3.8740001,1.0,0.0,12,139.7042883536797,139.7042883536797,pobre,basal,3,83.333336,676.0,1.0,54.0,8,19,23875,0,1.0
98,1.0,1.0,3.8740001,0.0,2.0,12,139.7042883536797,139.7042883536797,pobre,basal,3,83.333336,676.0,1.0,54.0,9,19,23875,0,1.0
97,0.0,,3.8740001,,0.0,12,139.7042883536797,139.7042883536797,pobre,basal,3,83.333336,676.0,1.0,54.0,6,19,23876,0,
98,0.0,,3.8740001,,,12,139.7042883536797,139.7042883536797,pobre,basal,3,83.333336,676.0,1.0,54.0,7,19,23876,0,
97,0.0,1.0,3.8740001,0.0,6.0,3,139.7042883536797,139.7042883536797,pobre,basal,0,333.33334,742.0,1.0,67.0,14,19,23877,6,0.0
98,0.0,1.0,3.8740001,0.0,6.0,3,139.7042883536797,139.7042883536797,pobre,basal,0,333.33334,742.0,1.0,67.0,15,19,23877,6,0.0
97,0.0,1.0,3.8740001,1.0,3.0,10,139.7042883536797,139.7042883536797,pobre,basal,2,166.66667,534.0,1.0,52.0,14,19,23878,3,1.0
98,0.0,1.0,3.8740001,1.0,8.0,10,139.7042883536797,139.7042883536797,pobre,basal,2,166.66667,534.0,1.0,52.0,15,19,23878,3,1.0
97,0.0,1.0,3.8740001,1.0,4.0,10,139.7042883536797,139.7042883536797,pobre,basal,2,166.66667,534.0,1.0,52.0,10,19,23879,4,1.0
98,0.0,1.0,3.8740001,1.0,4.0,10,139.7042883536797,139.7042883536797,pobre,basal,2,166.66667,534.0,1.0,52.0,11,19,23879,4,1.0
97,1.0,1.0,3.8740001,1.0,5.0,10,139.7042883536797,139.7042883536797,pobre,basal,2,166.66667,534.0,1.0,52.0,13,19,23880,5,1.0
98,1.0,1.0,3.8740001,1.0,6.0,10,139.7042883536797,139.7042883536797,pobre,basal,2,166.66667,534.0,1.0,52.0,14,19,23880,5,1.0
97,0.0,1.0,3.8740001,1.0,2.0,10,139.7042883536797,139.7042883536797,pobre,basal,2,166.66667,534.0,1.0,52.0,8,19,23881,2,1.0
98,0.0,1.0,3.8740001,1.0,3.0,10,139.7042883536797,139.7042883536797,pobre,basal,2,166.66667,534.0,1.0,52.0,9,19,23881,2,1.0
97,1.0,1.0,3.8740001,1.0,0.0,10,139.7042883536797,139.7042883536797,pobre,basal,2,166.66667,534.0,1.0,52.0,6,19,23882,0,1.0
98,1.0,1.0,3.8740001,1.0,1.0,10,139.7042883536797,139.7042883536797,pobre,basal,2,166.66667,534.0,1.0,52.0,7,19,23882,0,1.0
97,0.0,1.0,3.8740001,1.0,6.0,3,139.7042883536797,139.7042883536797,no pobre,basal,9,2160.0,832.0,1.0,53.0,12,19,23883,6,1.0
98,0.0,1.0,3.8740001,1.0,6.0,3,139.7042883536797,139.7042883536797,no pobre,basal,9,2160.0,832.0,1.0,53.0,13,19,23883,6,1.0
97,0.0,1.0,3.8740001,1.0,2.0,7,139.7042883536797,139.7042883536797,pobre,basal,6,0.0,525.0,1.0,28.0,10,19,23884,2,1.0
98,0.0,1.0,3.8740001,1.0,3.0,7,139.7042883536797,139.7042883536797,pobre,basal,6,0.0,525.0,1.0,28.0,11,19,23884,2,1.0
97,1.0,1.0,3.8740001,1.0,1.0,7,139.7042883536797,139.7042883536797,pobre,basal,6,0.0,525.0,1.0,28.0,8,19,23885,1,1.0
98,1.0,1.0,3.8740001,1.0,1.0,7,139.7042883536797,139.7042883536797,pobre,basal,6,0.0,525.0,1.0,28.0,9,19,23885,1,1.0
97,1.0,1.0,3.8740001,1.0,5.0,7,139.7042883536797,139.7042883536797,pobre,basal,3,0.0,518.0,1.0,85.0,13,19,23886,5,1.0
98,1.0,1.0,3.8740001,1.0,6.0,7,139.7042883536797,139.7042883536797,pobre,basal,3,0.0,518.0,1.0,85.0,14,19,23886,5,1.0
97,0.0,1.0,3.8740001,1.0,2.0,7,139.7042883536797,139.7042883536797,pobre,basal,3,0.0,518.0,1.0,85.0,8,19,23887,2,1.0
98,0.0,1.0,3.8740001,1.0,2.0,7,139.7042883536797,139.7042883536797,pobre,basal,3,0.0,518.0,1.0,85.0,9,19,23887,2,1.0
97,1.0,1.0,3.8740001,1.0,0.0,7,139.7042883536797,139.7042883536797,pobre,basal,3,0.0,518.0,1.0,85.0,6,19,23888,0,1.0
98,1.0,1.0,3.8740001,1.0,0.0,7,139.7042883536797,139.7042883536797,pobre,basal,3,0.0,518.0,1.0,85.0,7,19,23888,0,1.0
97,1.0,1.0,3.8740001,1.0,4.0,8,139.7042883536797,139.7042883536797,pobre,basal,5,750.0,496.0,0.0,36.0,14,19,23889,4,1.0
98,1.0,1.0,3.8740001,1.0,5.0,8,139.7042883536797,139.7042883536797,pobre,basal,5,750.0,496.0,0.0,36.0,15,19,23889,4,1.0
97,1.0,1.0,3.8740001,1.0,3.0,8,139.7042883536797,139.7042883536797,pobre,basal,5,750.0,496.0,0.0,36.0,12,19,23890,3,1.0
98,1.0,1.0,3.8740001,1.0,4.0,8,139.7042883536797,139.7042883536797,pobre,basal,5,750.0,496.0,0.0,36.0,13,19,23890,3,1.0
97,0.0,1.0,3.8740001,1.0,2.0,8,139.7042883536797,139.7042883536797,pobre,basal,5,750.0,496.0,0.0,36.0,9,19,23891,2,1.0
98,0.0,1.0,3.8740001,1.0,3.0,8,139.7042883536797,139.7042883536797,pobre,basal,5,750.0,496.0,0.0,36.0,10,19,23891,2,1.0
97,1.0,1.0,3.8740001,,0.0,8,139.7042883536797,139.7042883536797,pobre,basal,5,750.0,496.0,0.0,36.0,6,19,23892,0,
98,1.0,1.0,3.8740001,1.0,3.0,8,139.7042883536797,139.7042883536797,pobre,basal,5,750.0,496.0,0.0,36.0,7,19,23892,0,
97,1.0,1.0,3.8740001,1.0,8.0,9,139.7042883536797,139.7042883536797,pobre,basal,9,0.0,557.0,1.0,43.0,14,19,23893,8,1.0
98,1.0,1.0,3.8740001,1.0,9.0,9,139.7042883536797,139.7042883536797,pobre,basal,9,0.0,557.0,1.0,43.0,15,19,23893,8,1.0
97,1.0,1.0,3.8740001,1.0,5.0,9,139.7042883536797,139.7042883536797,pobre,basal,9,0.0,557.0,1.0,43.0,12,19,23894,5,1.0
98,1.0,1.0,3.8740001,1.0,6.0,9,139.7042883536797,139.7042883536797,pobre,basal,9,0.0,557.0,1.0,43.0,13,19,23894,5,1.0
97,1.0,1.0,3.8740001,1.0,4.0,9,139.7042883536797,139.7042883536797,pobre,basal,9,0.0,557.0,1.0,43.0,11,19,23895,4,1.0
98,1.0,1.0,3.8740001,1.0,4.0,9,139.7042883536797,139.7042883536797,pobre,basal,9,0.0,557.0,1.0,43.0,12,19,23895,4,1.0
97,1.0,1.0,3.8740001,1.0,2.0,9,139.7042883536797,139.7042883536797,pobre,basal,9,0.0,557.0,1.0,43.0,8,19,23896,2,1.0
98,1.0,1.0,3.8740001,1.0,2.0,9,139.7042883536797,139.7042883536797,pobre,basal,9,0.0,557.0,1.0,43.0,9,19,23896,2,1.0
97,0.0,1.0,3.8740001,1.0,0.0,9,139.7042883536797,139.7042883536797,pobre,basal,9,0.0,557.0,1.0,43.0,6,19,23897,0,1.0
98,0.0,1.0,3.8740001,1.0,1.0,9,139.7042883536797,139.7042883536797,pobre,basal,9,0.0,557.0,1.0,43.0,7,19,23897,0,1.0
97,1.0,1.0,3.8740001,1.0,8.0,9,139.7042883536797,139.7042883536797,pobre,basal,9,0.0,557.0,1.0,43.0,14,19,23898,8,1.0
98,1.0,1.0,3.8740001,,,9,139.7042883536797,139.7042883536797,pobre,basal,9,0.0,557.0,1.0,43.0,15,19,23898,8,1.0
97,1.0,1.0,3.8740001,1.0,9.0,9,139.7042883536797,139.7042883536797,pobre,basal,4,0.0,573.5,1.0,46.0,15,19,23899,9,1.0
98,1.0,1.0,3.8740001,,,9,139.7042883536797,139.7042883536797,pobre,basal,4,0.0,573.5,1.0,46.0,16,19,23899,9,1.0
97,0.0,1.0,3.8740001,1.0,9.0,9,139.7042883536797,139.7042883536797,pobre,basal,4,0.0,573.5,1.0,46.0,13,19,23900,9,1.0
98,0.0,1.0,3.8740001,1.0,8.0,9,139.7042883536797,139.7042883536797,pobre,basal,4,0.0,573.5,1.0,46.0,14,19,23900,9,1.0
97,0.0,1.0,3.8740001,1.0,3.0,9,139.7042883536797,139.7042883536797,pobre,basal,4,0.0,573.5,1.0,46.0,11,19,23901,3,1.0
98,0.0,1.0,3.8740001,1.0,4.0,9,139.7042883536797,139.7042883536797,pobre,basal,4,0.0,573.5,1.0,46.0,12,19,23901,3,1.0
97,0.0,1.0,3.8740001,1.0,5.0,9,139.7042883536797,139.7042883536797,pobre,basal,4,0.0,573.5,1.0,46.0,9,19,23902,5,1.0
98,0.0,1.0,3.8740001,1.0,5.0,9,139.7042883536797,139.7042883536797,pobre,basal,4,0.0,573.5,1.0,46.0,10,19,23902,5,1.0
97,1.0,1.0,3.8740001,1.0,2.0,9,139.7042883536797,139.7042883536797,pobre,basal,4,0.0,573.5,1.0,46.0,7,19,23903,2,1.0
98,1.0,1.0,3.8740001,1.0,3.0,9,139.7042883536797,139.7042883536797,pobre,basal,4,0.0,573.5,1.0,46.0,8,19,23903,2,1.0
97,0.0,1.0,3.8740001,1.0,6.0,3,139.7042883536797,139.7042883536797,pobre,basal,3,0.0,745.0,1.0,60.0,14,19,23904,6,1.0
98,0.0,1.0,3.8740001,1.0,6.0,3,139.7042883536797,139.7042883536797,pobre,basal,3,0.0,745.0,1.0,60.0,15,19,23904,6,1.0
97,1.0,1.0,3.8740001,0.0,3.0,7,139.7042883536797,139.7042883536797,pobre,basal,0,166.66667,624.79999,1.0,60.0,16,19,23905,3,0.0
98,1.0,1.0,3.8740001,,,7,139.7042883536797,139.7042883536797,pobre,basal,0,166.66667,624.79999,1.0,60.0,17,19,23905,3,0.0
97,1.0,1.0,3.8740001,1.0,1.0,7,139.7042883536797,139.7042883536797,pobre,basal,0,166.66667,624.79999,1.0,60.0,9,19,23906,1,1.0
98,1.0,1.0,3.8740001,1.0,1.0,7,139.7042883536797,139.7042883536797,pobre,basal,0,166.66667,624.79999,1.0,60.0,10,19,23906,1,1.0
97,0.0,1.0,3.8740001,1.0,0.0,7,139.7042883536797,139.7042883536797,pobre,basal,0,166.66667,624.79999,1.0,60.0,7,19,23907,0,1.0
98,0.0,1.0,3.8740001,1.0,0.0,7,139.7042883536797,139.7042883536797,pobre,basal,0,166.66667,624.79999,1.0,60.0,8,19,23907,0,1.0
97,1.0,1.0,3.8740001,1.0,6.0,6,139.7042883536797,139.7042883536797,pobre,basal,2,0.0,588.03998,1.0,60.0,14,19,23908,6,1.0
98,1.0,1.0,3.8740001,1.0,7.0,6,139.7042883536797,139.7042883536797,pobre,basal,2,0.0,588.03998,1.0,60.0,15,19,23908,6,1.0
97,1.0,1.0,3.8740001,1.0,4.0,6,139.7042883536797,139.7042883536797,pobre,basal,2,0.0,588.03998,1.0,60.0,13,19,23909,4,1.0
98,1.0,1.0,3.8740001,1.0,5.0,6,139.7042883536797,139.7042883536797,pobre,basal,2,0.0,588.03998,1.0,60.0,14,19,23909,4,1.0
97,0.0,1.0,3.8740001,1.0,1.0,6,139.7042883536797,139.7042883536797,pobre,basal,2,0.0,588.03998,1.0,60.0,8,19,23910,1,1.0
98,0.0,1.0,3.8740001,1.0,1.0,6,139.7042883536797,139.7042883536797,pobre,basal,2,0.0,588.03998,1.0,60.0,9,19,23910,1,1.0
97,1.0,1.0,3.8740001,1.0,9.0,7,139.7042883536797,139.7042883536797,pobre,basal,12,2600.0,588.0,1.0,43.0,15,19,23911,9,1.0
98,1.0,1.0,3.8740001,1.0,10.0,7,139.7042883536797,139.7042883536797,pobre,basal,12,2600.0,588.0,1.0,43.0,16,19,23911,9,1.0
97,1.0,1.0,3.8740001,1.0,6.0,7,139.7042883536797,139.7042883536797,pobre,basal,12,2600.0,588.0,1.0,43.0,12,19,23912,6,1.0
98,1.0,1.0,3.8740001,1.0,6.0,7,139.7042883536797,139.7042883536797,pobre,basal,12,2600.0,588.0,1.0,43.0,13,19,23912,6,1.0
97,1.0,1.0,3.8740001,1.0,5.0,7,139.7042883536797,139.7042883536797,pobre,basal,12,2600.0,588.0,1.0,43.0,10,19,23913,5,1.0
98,1.0,1.0,3.8740001,1.0,6.0,7,139.7042883536797,139.7042883536797,pobre,basal,12,2600.0,588.0,1.0,43.0,11,19,23913,5,1.0
97,1.0,1.0,3.8740001,1.0,1.0,7,139.7042883536797,139.7042883536797,pobre,basal,12,2600.0,588.0,1.0,43.0,7,19,23914,1,1.0
98,1.0,1.0,3.8740001,1.0,2.0,7,139.7042883536797,139.7042883536797,pobre,basal,12,2600.0,588.0,1.0,43.0,8,19,23914,1,1.0
97,1.0,1.0,3.8740001,,0.0,6,139.7042883536797,139.7042883536797,pobre,basal,6,83.333336,523.03003,1.0,28.0,8,19,23915,0,
98,1.0,1.0,3.8740001,1.0,2.0,6,139.7042883536797,139.7042883536797,pobre,basal,6,83.333336,523.03003,1.0,28.0,9,19,23915,0,
97,1.0,1.0,3.8740001,,0.0,6,139.7042883536797,139.7042883536797,pobre,basal,6,83.333336,523.03003,1.0,28.0,6,19,23916,0,
98,1.0,1.0,3.8740001,1.0,0.0,6,139.7042883536797,139.7042883536797,pobre,basal,6,83.333336,523.03003,1.0,28.0,7,19,23916,0,
97,1.0,1.0,3.8740001,1.0,7.0,5,139.7042883536797,139.7042883536797,pobre,basal,0,0.0,538.0,0.0,38.0,13,19,23917,7,1.0
98,1.0,1.0,3.8740001,1.0,8.0,5,139.7042883536797,139.7042883536797,pobre,basal,0,0.0,538.0,0.0,38.0,14,19,23917,7,1.0
97,1.0,1.0,3.8740001,1.0,0.0,5,139.7042883536797,139.7042883536797,pobre,basal,0,0.0,538.0,0.0,38.0,6,19,23918,0,1.0
98,1.0,1.0,3.8740001,1.0,0.0,5,139.7042883536797,139.7042883536797,pobre,basal,0,0.0,538.0,0.0,38.0,7,19,23918,0,1.0
97,0.0,1.0,3.8740001,1.0,1.0,9,139.7042883536797,139.7042883536797,pobre,basal,0,0.0,637.75,1.0,78.0,7,19,23919,1,1.0
98,0.0,1.0,3.8740001,1.0,2.0,9,139.7042883536797,139.7042883536797,pobre,basal,0,0.0,637.75,1.0,78.0,8,19,23919,1,1.0
97,1.0,1.0,3.8740001,1.0,3.0,2,139.7042883536797,139.7042883536797,pobre,basal,0,0.0,634.03998,0.0,57.0,13,19,23920,3,1.0
98,1.0,1.0,3.8740001,1.0,4.0,2,139.7042883536797,139.7042883536797,pobre,basal,0,0.0,634.03998,0.0,57.0,14,19,23920,3,1.0
97,0.0,1.0,3.8740001,1.0,7.0,10,139.7042883536797,139.7042883536797,pobre,basal,9,416.66666,632.0,1.0,34.0,16,19,23921,7,1.0
98,0.0,1.0,3.8740001,,,10,139.7042883536797,139.7042883536797,pobre,basal,9,416.66666,632.0,1.0,34.0,17,19,23921,7,1.0
97,0.0,1.0,3.8740001,1.0,5.0,10,139.7042883536797,139.7042883536797,pobre,basal,9,416.66666,632.0,1.0,34.0,14,19,23922,5,1.0
98,0.0,1.0,3.8740001,1.0,6.0,10,139.7042883536797,139.7042883536797,pobre,basal,9,416.66666,632.0,1.0,34.0,15,19,23922,5,1.0
97,1.0,1.0,3.8740001,1.0,4.0,10,139.7042883536797,139.7042883536797,pobre,basal,9,416.66666,632.0,1.0,34.0,12,19,23923,4,1.0
98,1.0,1.0,3.8740001,1.0,5.0,10,139.7042883536797,139.7042883536797,pobre,basal,9,416.66666,632.0,1.0,34.0,13,19,23923,4,1.0
97,1.0,1.0,3.8740001,1.0,3.0,10,139.7042883536797,139.7042883536797,pobre,basal,9,416.66666,632.0,1.0,34.0,10,19,23924,3,1.0
98,1.0,1.0,3.8740001,1.0,4.0,10,139.7042883536797,139.7042883536797,pobre,basal,9,416.66666,632.0,1.0,34.0,11,19,23924,3,1.0
97,0.0,1.0,3.582,1.0,0.0,7,134.2010367669851,134.2010367669851,pobre,basal,9,0.0,651.0,1.0,32.0,7,18,23925,0,1.0
98,0.0,1.0,3.582,1.0,1.0,7,134.2010367669851,134.2010367669851,pobre,basal,9,0.0,651.0,1.0,32.0,8,18,23925,0,1.0
97,1.0,1.0,3.582,1.0,11.0,11,134.2010367669851,134.2010367669851,pobre,basal,9,2600.0,617.0,1.0,54.0,15,18,23926,11,1.0
98,1.0,1.0,3.582,1.0,6.0,11,134.2010367669851,134.2010367669851,pobre,basal,9,2600.0,617.0,1.0,54.0,16,18,23926,11,1.0
97,1.0,1.0,3.582,1.0,2.0,11,134.2010367669851,134.2010367669851,pobre,basal,9,2600.0,617.0,1.0,54.0,8,18,23927,2,1.0
98,1.0,1.0,3.582,1.0,3.0,11,134.2010367669851,134.2010367669851,pobre,basal,9,2600.0,617.0,1.0,54.0,9,18,23927,2,1.0
97,0.0,1.0,3.582,1.0,0.0,11,134.2010367669851,134.2010367669851,pobre,basal,9,2600.0,617.0,1.0,54.0,6,18,23928,0,1.0
98,0.0,1.0,3.582,1.0,1.0,11,134.2010367669851,134.2010367669851,pobre,basal,9,2600.0,617.0,1.0,54.0,7,18,23928,0,1.0
97,1.0,1.0,3.582,1.0,7.0,10,134.2010367669851,134.2010367669851,pobre,basal,0,0.0,591.0,1.0,64.0,14,18,23929,7,1.0
98,1.0,1.0,3.582,1.0,7.0,10,134.2010367669851,134.2010367669851,pobre,basal,0,0.0,591.0,1.0,64.0,15,18,23929,7,1.0
97,1.0,1.0,3.582,1.0,5.0,8,134.2010367669851,134.2010367669851,pobre,basal,6,0.0,466.0,1.0,34.0,13,18,23930,5,1.0
98,1.0,1.0,3.582,1.0,6.0,8,134.2010367669851,134.2010367669851,pobre,basal,6,0.0,466.0,1.0,34.0,14,18,23930,5,1.0
97,1.0,1.0,3.582,1.0,2.0,8,134.2010367669851,134.2010367669851,pobre,basal,6,0.0,466.0,1.0,34.0,9,18,23931,2,1.0
98,1.0,1.0,3.582,1.0,3.0,8,134.2010367669851,134.2010367669851,pobre,basal,6,0.0,466.0,1.0,34.0,10,18,23931,2,1.0
97,1.0,1.0,3.582,1.0,2.0,8,134.2010367669851,134.2010367669851,pobre,basal,6,0.0,466.0,1.0,34.0,7,18,23932,2,1.0
98,1.0,1.0,3.582,1.0,3.0,8,134.2010367669851,134.2010367669851,pobre,basal,6,0.0,466.0,1.0,34.0,8,18,23932,2,1.0
97,0.0,1.0,3.582,1.0,0.0,8,134.2010367669851,134.2010367669851,pobre,basal,6,0.0,466.0,1.0,34.0,6,18,23933,0,1.0
98,0.0,1.0,3.582,1.0,1.0,8,134.2010367669851,134.2010367669851,pobre,basal,6,0.0,466.0,1.0,34.0,7,18,23933,0,1.0
97,1.0,1.0,3.582,1.0,6.0,6,134.2010367669851,134.2010367669851,pobre,basal,0,0.0,617.5,0.0,67.0,13,18,23934,6,1.0
98,1.0,1.0,3.582,1.0,6.0,6,134.2010367669851,134.2010367669851,pobre,basal,0,0.0,617.5,0.0,67.0,14,18,23934,6,1.0
97,1.0,1.0,3.582,1.0,3.0,6,134.2010367669851,134.2010367669851,pobre,basal,0,0.0,617.5,0.0,67.0,11,18,23935,3,1.0
98,1.0,1.0,3.582,1.0,3.0,6,134.2010367669851,134.2010367669851,pobre,basal,0,0.0,617.5,0.0,67.0,12,18,23935,3,1.0
97,1.0,1.0,3.582,1.0,8.0,5,134.2010367669851,134.2010367669851,pobre,basal,4,0.0,704.0,1.0,61.0,14,18,23936,8,1.0
98,1.0,1.0,3.582,1.0,9.0,5,134.2010367669851,134.2010367669851,pobre,basal,4,0.0,704.0,1.0,61.0,15,18,23936,8,1.0
97,1.0,1.0,3.582,1.0,1.0,6,134.2010367669851,134.2010367669851,pobre,basal,0,0.0,676.01001,1.0,35.0,7,18,23937,1,1.0
98,1.0,1.0,3.582,1.0,2.0,6,134.2010367669851,134.2010367669851,pobre,basal,0,0.0,676.01001,1.0,35.0,8,18,23937,1,1.0
97,1.0,1.0,3.582,1.0,0.0,6,134.2010367669851,134.2010367669851,pobre,basal,0,0.0,676.01001,1.0,35.0,6,18,23938,0,1.0
98,1.0,1.0,3.582,1.0,1.0,6,134.2010367669851,134.2010367669851,pobre,basal,0,0.0,676.01001,1.0,35.0,7,18,23938,0,1.0
97,1.0,1.0,3.582,1.0,4.0,4,134.2010367669851,134.2010367669851,pobre,basal,14,0.0,713.0,0.0,29.0,8,18,23939,4,1.0
98,1.0,1.0,3.582,1.0,5.0,4,134.2010367669851,134.2010367669851,pobre,basal,14,0.0,713.0,0.0,29.0,9,18,23939,4,1.0
97,1.0,1.0,3.582,1.0,0.0,4,134.2010367669851,134.2010367669851,pobre,basal,14,0.0,713.0,0.0,29.0,7,18,23940,0,1.0
98,1.0,1.0,3.582,1.0,1.0,4,134.2010367669851,134.2010367669851,pobre,basal,14,0.0,713.0,0.0,29.0,8,18,23940,0,1.0
97,1.0,1.0,3.582,1.0,7.0,6,134.2010367669851,134.2010367669851,pobre,basal,12,1780.0,742.0,1.0,50.0,15,18,23941,7,1.0
98,1.0,1.0,3.582,,,6,134.2010367669851,134.2010367669851,pobre,basal,12,1780.0,742.0,1.0,50.0,16,18,23941,7,1.0
97,0.0,1.0,3.582,1.0,5.0,6,134.2010367669851,134.2010367669851,pobre,basal,12,1780.0,742.0,1.0,50.0,11,18,23942,5,1.0
98,0.0,1.0,3.582,1.0,6.0,6,134.2010367669851,134.2010367669851,pobre,basal,12,1780.0,742.0,1.0,50.0,12,18,23942,5,1.0
97,0.0,1.0,3.582,1.0,2.0,6,134.2010367669851,134.2010367669851,pobre,basal,12,1780.0,742.0,1.0,50.0,10,18,23943,2,1.0
98,0.0,1.0,3.582,1.0,3.0,6,134.2010367669851,134.2010367669851,pobre,basal,12,1780.0,742.0,1.0,50.0,11,18,23943,2,1.0
97,0.0,1.0,3.582,1.0,1.0,6,134.2010367669851,134.2010367669851,pobre,basal,12,1780.0,742.0,1.0,50.0,8,18,23944,1,1.0
98,0.0,1.0,3.582,1.0,2.0,6,134.2010367669851,134.2010367669851,pobre,basal,12,1780.0,742.0,1.0,50.0,9,18,23944,1,1.0
97,0.0,1.0,3.582,1.0,6.0,10,134.2010367669851,134.2010367669851,pobre,basal,7,400.0,652.71002,1.0,32.0,14,18,23945,6,1.0
98,0.0,1.0,3.582,1.0,7.0,10,134.2010367669851,134.2010367669851,pobre,basal,7,400.0,652.71002,1.0,32.0,15,18,23945,6,1.0
97,1.0,1.0,3.582,1.0,3.0,10,134.2010367669851,134.2010367669851,pobre,basal,7,400.0,652.71002,1.0,32.0,12,18,23946,3,1.0
98,1.0,1.0,3.582,1.0,4.0,10,134.2010367669851,134.2010367669851,pobre,basal,7,400.0,652.71002,1.0,32.0,13,18,23946,3,1.0
97,0.0,1.0,3.582,1.0,3.0,10,134.2010367669851,134.2010367669851,pobre,basal,7,400.0,652.71002,1.0,32.0,10,18,23947,3,1.0
98,0.0,1.0,3.582,1.0,4.0,10,134.2010367669851,134.2010367669851,pobre,basal,7,400.0,652.71002,1.0,32.0,11,18,23947,3,1.0
97,0.0,1.0,3.582,1.0,1.0,10,134.2010367669851,134.2010367669851,pobre,basal,7,400.0,652.71002,1.0,32.0,8,18,23948,1,1.0
98,0.0,1.0,3.582,1.0,2.0,10,134.2010367669851,134.2010367669851,pobre,basal,7,400.0,652.71002,1.0,32.0,9,18,23948,1,1.0
97,1.0,1.0,3.582,1.0,0.0,10,134.2010367669851,134.2010367669851,pobre,basal,7,400.0,652.71002,1.0,32.0,6,18,23949,0,1.0
98,1.0,1.0,3.582,1.0,1.0,10,134.2010367669851,134.2010367669851,pobre,basal,7,400.0,652.71002,1.0,32.0,7,18,23949,0,1.0
97,1.0,1.0,3.582,1.0,6.0,6,134.2010367669851,134.2010367669851,pobre,basal,4,25.0,735.96997,1.0,45.0,14,18,23950,6,1.0
98,1.0,1.0,3.582,1.0,7.0,6,134.2010367669851,134.2010367669851,pobre,basal,4,25.0,735.96997,1.0,45.0,15,18,23950,6,1.0
97,1.0,1.0,3.582,1.0,1.0,6,134.2010367669851,134.2010367669851,pobre,basal,4,25.0,735.96997,1.0,45.0,8,18,23951,1,1.0
98,1.0,1.0,3.582,1.0,2.0,6,134.2010367669851,134.2010367669851,pobre,basal,4,25.0,735.96997,1.0,45.0,9,18,23951,1,1.0
97,1.0,1.0,3.582,1.0,1.0,6,134.2010367669851,134.2010367669851,pobre,basal,4,25.0,735.96997,1.0,45.0,7,18,23952,1,1.0
98,1.0,1.0,3.582,1.0,2.0,6,134.2010367669851,134.2010367669851,pobre,basal,4,25.0,735.96997,1.0,45.0,8,18,23952,1,1.0
97,0.0,1.0,3.582,,0.0,6,134.2010367669851,134.2010367669851,pobre,basal,4,25.0,735.96997,1.0,45.0,6,18,23953,0,
98,0.0,1.0,3.582,1.0,0.0,6,134.2010367669851,134.2010367669851,pobre,basal,4,25.0,735.96997,1.0,45.0,7,18,23953,0,
97,0.0,1.0,3.582,1.0,6.0,9,134.2010367669851,134.2010367669851,pobre,basal,8,0.0,657.40002,1.0,34.0,13,18,23954,6,1.0
98,0.0,1.0,3.582,1.0,7.0,9,134.2010367669851,134.2010367669851,pobre,basal,8,0.0,657.40002,1.0,34.0,14,18,23954,6,1.0
97,0.0,1.0,3.582,1.0,4.0,9,134.2010367669851,134.2010367669851,pobre,basal,8,0.0,657.40002,1.0,34.0,11,18,23955,4,1.0
98,0.0,1.0,3.582,1.0,5.0,9,134.2010367669851,134.2010367669851,pobre,basal,8,0.0,657.40002,1.0,34.0,12,18,23955,4,1.0
97,1.0,1.0,3.582,1.0,2.0,9,134.2010367669851,134.2010367669851,pobre,basal,8,0.0,657.40002,1.0,34.0,9,18,23956,2,1.0
98,1.0,1.0,3.582,1.0,3.0,9,134.2010367669851,134.2010367669851,pobre,basal,8,0.0,657.40002,1.0,34.0,10,18,23956,2,1.0
97,0.0,1.0,3.582,1.0,0.0,9,134.2010367669851,134.2010367669851,pobre,basal,8,0.0,657.40002,1.0,34.0,7,18,23957,0,1.0
98,0.0,1.0,3.582,1.0,1.0,9,134.2010367669851,134.2010367669851,pobre,basal,8,0.0,657.40002,1.0,34.0,8,18,23957,0,1.0
97,0.0,1.0,3.582,1.0,6.0,8,134.2010367669851,134.2010367669851,pobre,basal,4,0.0,660.79999,1.0,37.0,16,18,23958,6,1.0
98,0.0,1.0,3.582,,,8,134.2010367669851,134.2010367669851,pobre,basal,4,0.0,660.79999,1.0,37.0,17,18,23958,6,1.0
97,0.0,1.0,3.582,1.0,3.0,8,134.2010367669851,134.2010367669851,pobre,basal,4,0.0,660.79999,1.0,37.0,13,18,23959,3,1.0
98,0.0,1.0,3.582,1.0,3.0,8,134.2010367669851,134.2010367669851,pobre,basal,4,0.0,660.79999,1.0,37.0,14,18,23959,3,1.0
97,1.0,1.0,3.582,1.0,2.0,8,134.2010367669851,134.2010367669851,pobre,basal,4,0.0,660.79999,1.0,37.0,8,18,23960,2,1.0
98,1.0,1.0,3.582,1.0,2.0,8,134.2010367669851,134.2010367669851,pobre,basal,4,0.0,660.79999,1.0,37.0,9,18,23960,2,1.0
97,1.0,1.0,3.582,1.0,1.0,8,134.2010367669851,134.2010367669851,pobre,basal,4,0.0,660.79999,1.0,37.0,6,18,23961,1,1.0
98,1.0,1.0,3.582,1.0,0.0,8,134.2010367669851,134.2010367669851,pobre,basal,4,0.0,660.79999,1.0,37.0,7,18,23961,1,1.0
97,1.0,1.0,3.582,1.0,5.0,3,134.2010367669851,134.2010367669851,pobre,basal,5,0.0,726.0,1.0,68.0,12,18,23962,5,1.0
98,1.0,1.0,3.582,1.0,6.0,3,134.2010367669851,134.2010367669851,pobre,basal,5,0.0,726.0,1.0,68.0,13,18,23962,5,1.0
97,0.0,1.0,3.5320001,0.0,3.0,3,160.3103982884805,160.3103982884805,pobre,0,0,250.0,752.0,1.0,68.0,14,27,23963,3,0.0
98,0.0,1.0,3.5320001,,,3,160.3103982884805,160.3103982884805,pobre,0,0,250.0,752.0,1.0,68.0,15,27,23963,3,0.0
97,0.0,1.0,3.5320001,0.0,6.0,6,160.3103982884805,160.3103982884805,pobre,0,4,0.0,712.0,1.0,42.0,16,27,23964,6,0.0
98,0.0,1.0,3.5320001,,,6,160.3103982884805,160.3103982884805,pobre,0,4,0.0,712.0,1.0,42.0,17,27,23964,6,0.0
97,0.0,1.0,3.5320001,1.0,1.0,6,160.3103982884805,160.3103982884805,pobre,0,4,0.0,712.0,1.0,42.0,8,27,23965,1,1.0
98,0.0,1.0,3.5320001,1.0,0.0,6,160.3103982884805,160.3103982884805,pobre,0,4,0.0,712.0,1.0,42.0,9,27,23965,1,1.0
97,1.0,1.0,3.5320001,1.0,2.0,6,160.3103982884805,160.3103982884805,pobre,0,4,0.0,712.0,1.0,42.0,11,27,23966,2,1.0
98,1.0,1.0,3.5320001,1.0,2.0,6,160.3103982884805,160.3103982884805,pobre,0,4,0.0,712.0,1.0,42.0,12,27,23966,2,1.0
97,1.0,1.0,3.5320001,1.0,5.0,6,160.3103982884805,160.3103982884805,pobre,0,0,0.0,726.5,1.0,63.0,11,27,23967,5,1.0
98,1.0,1.0,3.5320001,1.0,5.0,6,160.3103982884805,160.3103982884805,pobre,0,0,0.0,726.5,1.0,63.0,12,27,23967,5,1.0
97,0.0,1.0,3.5320001,1.0,1.0,6,160.3103982884805,160.3103982884805,pobre,0,0,0.0,726.5,1.0,63.0,6,27,23968,1,1.0
98,0.0,1.0,3.5320001,1.0,1.0,6,160.3103982884805,160.3103982884805,pobre,0,0,0.0,726.5,1.0,63.0,7,27,23968,1,1.0
97,1.0,0.0,3.5320001,1.0,9.0,10,160.3103982884805,160.3103982884805,pobre,0,9,500.0,598.82001,1.0,40.0,16,27,23969,9,1.0
98,1.0,0.0,3.5320001,,,10,160.3103982884805,160.3103982884805,pobre,0,9,500.0,598.82001,1.0,40.0,17,27,23969,9,1.0
97,0.0,0.0,3.5320001,1.0,7.0,10,160.3103982884805,160.3103982884805,pobre,0,9,500.0,598.82001,1.0,40.0,13,27,23970,7,1.0
98,0.0,0.0,3.5320001,,,10,160.3103982884805,160.3103982884805,pobre,0,9,500.0,598.82001,1.0,40.0,14,27,23970,7,1.0
97,0.0,0.0,3.5320001,1.0,5.0,10,160.3103982884805,160.3103982884805,pobre,0,9,500.0,598.82001,1.0,40.0,11,27,23971,5,1.0
98,0.0,0.0,3.5320001,1.0,5.0,10,160.3103982884805,160.3103982884805,pobre,0,9,500.0,598.82001,1.0,40.0,12,27,23971,5,1.0
97,1.0,0.0,3.5320001,1.0,3.0,10,160.3103982884805,160.3103982884805,pobre,0,9,500.0,598.82001,1.0,40.0,8,27,23972,3,1.0
98,1.0,0.0,3.5320001,1.0,3.0,10,160.3103982884805,160.3103982884805,pobre,0,9,500.0,598.82001,1.0,40.0,9,27,23972,3,1.0
97,0.0,,3.5320001,1.0,2.0,10,160.3103982884805,160.3103982884805,pobre,0,9,500.0,598.82001,1.0,40.0,6,27,23973,2,1.0
98,0.0,,3.5320001,1.0,2.0,10,160.3103982884805,160.3103982884805,pobre,0,9,500.0,598.82001,1.0,40.0,7,27,23973,2,1.0
97,1.0,1.0,3.5320001,,0.0,5,160.3103982884805,160.3103982884805,pobre,0,0,300.0,738.0,1.0,65.0,15,27,23974,0,
98,1.0,1.0,3.5320001,,,5,160.3103982884805,160.3103982884805,pobre,0,0,300.0,738.0,1.0,65.0,16,27,23974,0,
97,0.0,1.0,3.5320001,1.0,0.0,5,160.3103982884805,160.3103982884805,pobre,0,4,1125.0,706.5,1.0,27.0,6,27,23975,0,1.0
98,0.0,1.0,3.5320001,1.0,1.0,5,160.3103982884805,160.3103982884805,pobre,0,4,1125.0,706.5,1.0,27.0,7,27,23975,0,1.0
97,1.0,1.0,3.5320001,0.0,6.0,5,160.3103982884805,160.3103982884805,pobre,0,0,375.0,746.75,1.0,45.0,16,27,23976,6,0.0
98,1.0,1.0,3.5320001,,,5,160.3103982884805,160.3103982884805,pobre,0,0,375.0,746.75,1.0,45.0,17,27,23976,6,0.0
97,0.0,1.0,3.5320001,0.0,6.0,5,160.3103982884805,160.3103982884805,pobre,0,0,375.0,746.75,1.0,45.0,14,27,23977,6,0.0
98,0.0,1.0,3.5320001,0.0,6.0,5,160.3103982884805,160.3103982884805,pobre,0,0,375.0,746.75,1.0,45.0,15,27,23977,6,0.0
97,1.0,1.0,3.5320001,1.0,8.0,7,160.3103982884805,160.3103982884805,pobre,0,2,300.0,682.25,1.0,45.0,15,27,23978,8,1.0
98,1.0,1.0,3.5320001,,,7,160.3103982884805,160.3103982884805,pobre,0,2,300.0,682.25,1.0,45.0,16,27,23978,8,1.0
97,0.0,1.0,3.5320001,1.0,5.0,7,160.3103982884805,160.3103982884805,pobre,0,2,300.0,682.25,1.0,45.0,12,27,23979,5,1.0
98,0.0,1.0,3.5320001,1.0,6.0,7,160.3103982884805,160.3103982884805,pobre,0,2,300.0,682.25,1.0,45.0,13,27,23979,5,1.0
97,1.0,1.0,3.5320001,1.0,1.0,7,160.3103982884805,160.3103982884805,pobre,0,2,300.0,682.25,1.0,45.0,7,27,23980,1,1.0
98,1.0,1.0,3.5320001,1.0,2.0,7,160.3103982884805,160.3103982884805,pobre,0,2,300.0,682.25,1.0,45.0,8,27,23980,1,1.0
97,0.0,1.0,3.5320001,1.0,0.0,7,160.3103982884805,160.3103982884805,pobre,0,2,300.0,682.25,1.0,45.0,6,27,23981,0,1.0
98,0.0,1.0,3.5320001,1.0,1.0,7,160.3103982884805,160.3103982884805,pobre,0,2,300.0,682.25,1.0,45.0,7,27,23981,0,1.0
97,0.0,1.0,3.5320001,1.0,0.0,5,160.3103982884805,160.3103982884805,pobre,0,0,375.0,711.5,1.0,36.0,6,27,23982,0,1.0
98,0.0,1.0,3.5320001,1.0,0.0,5,160.3103982884805,160.3103982884805,pobre,0,0,375.0,711.5,1.0,36.0,7,27,23982,0,1.0
97,0.0,1.0,3.5320001,0.0,2.0,7,160.3103982884805,160.3103982884805,pobre,0,4,375.0,670.20001,1.0,47.0,15,27,23983,2,0.0
98,0.0,1.0,3.5320001,,,7,160.3103982884805,160.3103982884805,pobre,0,4,375.0,670.20001,1.0,47.0,16,27,23983,2,0.0
97,1.0,1.0,3.5320001,,0.0,7,160.3103982884805,160.3103982884805,pobre,0,4,375.0,670.20001,1.0,47.0,14,27,23984,0,
98,1.0,1.0,3.5320001,0.0,2.0,7,160.3103982884805,160.3103982884805,pobre,0,4,375.0,670.20001,1.0,47.0,15,27,23984,0,
97,1.0,1.0,3.5320001,1.0,3.0,7,160.3103982884805,160.3103982884805,pobre,0,4,375.0,670.20001,1.0,47.0,12,27,23985,3,1.0
98,1.0,1.0,3.5320001,1.0,4.0,7,160.3103982884805,160.3103982884805,pobre,0,4,375.0,670.20001,1.0,47.0,13,27,23985,3,1.0
97,1.0,1.0,3.5320001,1.0,5.0,3,160.3103982884805,160.3103982884805,pobre,0,0,125.0,755.0,0.0,48.0,15,27,23986,5,1.0
98,1.0,1.0,3.5320001,1.0,6.0,3,160.3103982884805,160.3103982884805,pobre,0,0,125.0,755.0,0.0,48.0,16,27,23986,5,1.0
97,1.0,1.0,3.5320001,1.0,4.0,4,160.3103982884805,160.3103982884805,pobre,0,0,375.0,742.0,1.0,32.0,13,27,23987,4,1.0
98,1.0,1.0,3.5320001,1.0,5.0,4,160.3103982884805,160.3103982884805,pobre,0,0,375.0,742.0,1.0,32.0,14,27,23987,4,1.0
97,1.0,1.0,3.5320001,1.0,0.0,4,160.3103982884805,160.3103982884805,pobre,0,0,375.0,742.0,1.0,32.0,8,27,23988,0,1.0
98,1.0,1.0,3.5320001,1.0,1.0,4,160.3103982884805,160.3103982884805,pobre,0,0,375.0,742.0,1.0,32.0,9,27,23988,0,1.0
97,0.0,0.0,6.1830001,1.0,7.0,9,121.8868637786967,167.609174685897,pobre,basal,6,500.0,611.0,1.0,36.0,14,25,23989,7,1.0
98,0.0,0.0,6.1830001,1.0,8.0,9,121.8868637786967,167.609174685897,pobre,basal,6,500.0,611.0,1.0,36.0,15,25,23989,7,1.0
97,1.0,0.0,6.1830001,1.0,4.0,9,121.8868637786967,167.609174685897,pobre,basal,6,500.0,611.0,1.0,36.0,12,25,23990,4,1.0
98,1.0,0.0,6.1830001,1.0,5.0,9,121.8868637786967,167.609174685897,pobre,basal,6,500.0,611.0,1.0,36.0,13,25,23990,4,1.0
97,0.0,0.0,6.1830001,1.0,4.0,9,121.8868637786967,167.609174685897,pobre,basal,6,500.0,611.0,1.0,36.0,11,25,23991,4,1.0
98,0.0,0.0,6.1830001,1.0,5.0,9,121.8868637786967,167.609174685897,pobre,basal,6,500.0,611.0,1.0,36.0,12,25,23991,4,1.0
97,0.0,0.0,6.1830001,1.0,1.0,9,121.8868637786967,167.609174685897,pobre,basal,6,500.0,611.0,1.0,36.0,7,25,23992,1,1.0
98,0.0,0.0,6.1830001,1.0,2.0,9,121.8868637786967,167.609174685897,pobre,basal,6,500.0,611.0,1.0,36.0,8,25,23992,1,1.0
97,0.0,0.0,6.1830001,0.0,9.0,5,121.8868637786967,167.609174685897,pobre,basal,2,875.0,669.0,1.0,48.0,15,25,23993,9,0.0
98,0.0,0.0,6.1830001,1.0,9.0,5,121.8868637786967,167.609174685897,pobre,basal,2,875.0,669.0,1.0,48.0,16,25,23993,9,0.0
97,0.0,0.0,6.1830001,1.0,6.0,5,121.8868637786967,167.609174685897,pobre,basal,2,875.0,669.0,1.0,48.0,11,25,23994,6,1.0
98,0.0,0.0,6.1830001,1.0,7.0,5,121.8868637786967,167.609174685897,pobre,basal,2,875.0,669.0,1.0,48.0,12,25,23994,6,1.0
97,1.0,0.0,6.1830001,,0.0,8,121.8868637786967,167.609174685897,pobre,basal,0,750.0,708.0,1.0,41.0,14,25,23995,0,
98,1.0,0.0,6.1830001,,,8,121.8868637786967,167.609174685897,pobre,basal,0,750.0,708.0,1.0,41.0,15,25,23995,0,
97,1.0,0.0,6.1830001,1.0,1.0,8,121.8868637786967,167.609174685897,pobre,basal,0,750.0,708.0,1.0,41.0,11,25,23996,1,1.0
98,1.0,0.0,6.1830001,1.0,2.0,8,121.8868637786967,167.609174685897,pobre,basal,0,750.0,708.0,1.0,41.0,12,25,23996,1,1.0
97,0.0,0.0,6.1830001,1.0,7.0,5,121.8868637786967,167.609174685897,no pobre,basal,3,750.0,767.5,1.0,45.0,12,25,23997,7,1.0
98,0.0,0.0,6.1830001,1.0,8.0,5,121.8868637786967,167.609174685897,no pobre,basal,3,750.0,767.5,1.0,45.0,13,25,23997,7,1.0
97,0.0,0.0,6.1830001,1.0,5.0,5,121.8868637786967,167.609174685897,no pobre,basal,3,750.0,767.5,1.0,45.0,10,25,23998,5,1.0
98,0.0,0.0,6.1830001,1.0,6.0,5,121.8868637786967,167.609174685897,no pobre,basal,3,750.0,767.5,1.0,45.0,11,25,23998,5,1.0
97,0.0,1.0,3.2690001,1.0,0.0,5,155.430342853524,155.430342853524,pobre,0,2,0.0,685.5,1.0,27.0,7,28,23999,0,1.0
98,0.0,1.0,3.2690001,,,5,155.430342853524,155.430342853524,pobre,0,2,0.0,685.5,1.0,27.0,8,28,23999,0,1.0
97,0.0,1.0,3.2690001,1.0,5.0,4,155.430342853524,155.430342853524,no pobre,0,6,0.0,775.0,1.0,70.0,13,28,24000,5,1.0
98,0.0,1.0,3.2690001,0.0,6.0,4,155.430342853524,155.430342853524,no pobre,0,6,0.0,775.0,1.0,70.0,14,28,24000,5,1.0
97,0.0,1.0,3.2690001,1.0,4.0,4,155.430342853524,155.430342853524,no pobre,0,6,0.0,775.0,1.0,70.0,11,28,24001,4,1.0
98,0.0,1.0,3.2690001,1.0,4.0,4,155.430342853524,155.430342853524,no pobre,0,6,0.0,775.0,1.0,70.0,12,28,24001,4,1.0
97,1.0,1.0,3.2690001,0.0,6.0,6,155.430342853524,155.430342853524,pobre,0,0,0.0,715.5,1.0,66.0,15,28,24002,6,0.0
98,1.0,1.0,3.2690001,,,6,155.430342853524,155.430342853524,pobre,0,0,0.0,715.5,1.0,66.0,16,28,24002,6,0.0
97,1.0,1.0,3.2690001,1.0,5.0,8,155.430342853524,155.430342853524,pobre,0,3,0.0,654.0,1.0,48.0,13,28,24003,5,1.0
98,1.0,1.0,3.2690001,,,8,155.430342853524,155.430342853524,pobre,0,3,0.0,654.0,1.0,48.0,14,28,24003,5,1.0
97,1.0,1.0,3.2690001,1.0,3.0,8,155.430342853524,155.430342853524,pobre,0,3,0.0,654.0,1.0,48.0,10,28,24004,3,1.0
98,1.0,1.0,3.2690001,,,8,155.430342853524,155.430342853524,pobre,0,3,0.0,654.0,1.0,48.0,11,28,24004,3,1.0
97,0.0,1.0,3.2690001,1.0,1.0,8,155.430342853524,155.430342853524,pobre,0,3,0.0,654.0,1.0,48.0,8,28,24005,1,1.0
98,0.0,1.0,3.2690001,,,8,155.430342853524,155.430342853524,pobre,0,3,0.0,654.0,1.0,48.0,9,28,24005,1,1.0
97,0.0,1.0,3.2690001,1.0,0.0,8,155.430342853524,155.430342853524,pobre,0,3,0.0,654.0,1.0,48.0,7,28,24006,0,1.0
98,0.0,1.0,3.2690001,,,8,155.430342853524,155.430342853524,pobre,0,3,0.0,654.0,1.0,48.0,8,28,24006,0,1.0
97,1.0,1.0,3.2690001,1.0,0.0,9,155.430342853524,155.430342853524,pobre,0,0,0.0,739.75,1.0,64.0,7,28,24007,0,1.0
98,1.0,1.0,3.2690001,1.0,1.0,9,155.430342853524,155.430342853524,pobre,0,0,0.0,739.75,1.0,64.0,8,28,24007,0,1.0
97,1.0,1.0,3.2690001,1.0,6.0,12,155.430342853524,155.430342853524,pobre,0,3,500.0,686.0,1.0,38.0,15,28,24008,6,1.0
98,1.0,1.0,3.2690001,0.0,6.0,12,155.430342853524,155.430342853524,pobre,0,3,500.0,686.0,1.0,38.0,16,28,24008,6,1.0
97,0.0,1.0,3.2690001,0.0,2.0,12,155.430342853524,155.430342853524,pobre,0,3,500.0,686.0,1.0,38.0,12,28,24009,2,0.0
98,0.0,1.0,3.2690001,0.0,6.0,12,155.430342853524,155.430342853524,pobre,0,3,500.0,686.0,1.0,38.0,13,28,24009,2,0.0
97,1.0,1.0,3.2690001,1.0,0.0,12,155.430342853524,155.430342853524,pobre,0,3,500.0,686.0,1.0,38.0,8,28,24010,0,1.0
98,1.0,1.0,3.2690001,1.0,1.0,12,155.430342853524,155.430342853524,pobre,0,3,500.0,686.0,1.0,38.0,9,28,24010,0,1.0
97,1.0,1.0,3.2690001,,0.0,9,155.430342853524,155.430342853524,pobre,0,2,0.0,569.0,1.0,42.0,11,28,24011,0,
98,1.0,1.0,3.2690001,,,9,155.430342853524,155.430342853524,pobre,0,2,0.0,569.0,1.0,42.0,12,28,24011,0,
97,1.0,1.0,3.2690001,1.0,1.0,9,155.430342853524,155.430342853524,pobre,0,2,0.0,569.0,1.0,42.0,11,28,24012,1,1.0
98,1.0,1.0,3.2690001,,,9,155.430342853524,155.430342853524,pobre,0,2,0.0,569.0,1.0,42.0,12,28,24012,1,1.0
97,0.0,1.0,3.2690001,0.0,4.0,7,155.430342853524,155.430342853524,pobre,0,0,0.0,770.35999,1.0,40.0,16,28,24013,4,0.0
98,0.0,1.0,3.2690001,0.0,4.0,7,155.430342853524,155.430342853524,pobre,0,0,0.0,770.35999,1.0,40.0,17,28,24013,4,0.0
97,1.0,1.0,3.2690001,0.0,6.0,13,155.430342853524,155.430342853524,pobre,0,2,120.0,627.33002,1.0,37.0,15,28,24014,6,0.0
98,1.0,1.0,3.2690001,0.0,6.0,13,155.430342853524,155.430342853524,pobre,0,2,120.0,627.33002,1.0,37.0,16,28,24014,6,0.0
97,0.0,1.0,3.2690001,0.0,4.0,13,155.430342853524,155.430342853524,pobre,0,2,120.0,627.33002,1.0,37.0,13,28,24015,4,0.0
98,0.0,1.0,3.2690001,0.0,6.0,13,155.430342853524,155.430342853524,pobre,0,2,120.0,627.33002,1.0,37.0,14,28,24015,4,0.0
97,0.0,1.0,3.2690001,0.0,6.0,13,155.430342853524,155.430342853524,pobre,0,2,120.0,627.33002,1.0,37.0,11,28,24016,6,0.0
98,0.0,1.0,3.2690001,0.0,4.0,13,155.430342853524,155.430342853524,pobre,0,2,120.0,627.33002,1.0,37.0,12,28,24016,6,0.0
97,1.0,1.0,3.2690001,1.0,1.0,13,155.430342853524,155.430342853524,pobre,0,2,120.0,627.33002,1.0,37.0,10,28,24017,1,1.0
98,1.0,1.0,3.2690001,1.0,2.0,13,155.430342853524,155.430342853524,pobre,0,2,120.0,627.33002,1.0,37.0,11,28,24017,1,1.0
97,0.0,1.0,3.2690001,1.0,1.0,13,155.430342853524,155.430342853524,pobre,0,2,120.0,627.33002,1.0,37.0,7,28,24018,1,1.0
98,0.0,1.0,3.2690001,1.0,1.0,13,155.430342853524,155.430342853524,pobre,0,2,120.0,627.33002,1.0,37.0,8,28,24018,1,1.0
97,1.0,1.0,3.582,1.0,7.0,9,134.2010367669851,134.2010367669851,pobre,basal,6,200.0,439.0,1.0,33.0,14,18,24019,7,1.0
98,1.0,1.0,3.582,1.0,7.0,9,134.2010367669851,134.2010367669851,pobre,basal,6,200.0,439.0,1.0,33.0,15,18,24019,7,1.0
97,1.0,1.0,3.582,1.0,3.0,9,134.2010367669851,134.2010367669851,pobre,basal,6,200.0,439.0,1.0,33.0,11,18,24020,3,1.0
98,1.0,1.0,3.582,1.0,3.0,9,134.2010367669851,134.2010367669851,pobre,basal,6,200.0,439.0,1.0,33.0,12,18,24020,3,1.0
97,0.0,1.0,3.582,1.0,2.0,9,134.2010367669851,134.2010367669851,pobre,basal,6,200.0,439.0,1.0,33.0,9,18,24021,2,1.0
98,0.0,1.0,3.582,1.0,3.0,9,134.2010367669851,134.2010367669851,pobre,basal,6,200.0,439.0,1.0,33.0,10,18,24021,2,1.0
97,0.0,1.0,3.582,1.0,1.0,9,134.2010367669851,134.2010367669851,pobre,basal,6,200.0,439.0,1.0,33.0,7,18,24022,1,1.0
98,0.0,1.0,3.582,1.0,2.0,9,134.2010367669851,134.2010367669851,pobre,basal,6,200.0,439.0,1.0,33.0,8,18,24022,1,1.0
97,1.0,1.0,3.582,1.0,5.0,8,134.2010367669851,134.2010367669851,pobre,basal,2,952.0,733.66998,1.0,57.0,15,18,24023,5,1.0
98,1.0,1.0,3.582,,,8,134.2010367669851,134.2010367669851,pobre,basal,2,952.0,733.66998,1.0,57.0,16,18,24023,5,1.0
97,1.0,1.0,3.582,1.0,1.0,8,134.2010367669851,134.2010367669851,pobre,basal,2,952.0,733.66998,1.0,57.0,12,18,24024,1,1.0
98,1.0,1.0,3.582,1.0,1.0,8,134.2010367669851,134.2010367669851,pobre,basal,2,952.0,733.66998,1.0,57.0,13,18,24024,1,1.0
97,1.0,1.0,3.582,1.0,1.0,8,134.2010367669851,134.2010367669851,pobre,basal,2,952.0,733.66998,1.0,57.0,8,18,24025,1,1.0
98,1.0,1.0,3.582,1.0,2.0,8,134.2010367669851,134.2010367669851,pobre,basal,2,952.0,733.66998,1.0,57.0,9,18,24025,1,1.0
97,0.0,1.0,3.582,,0.0,8,134.2010367669851,134.2010367669851,pobre,basal,2,952.0,733.66998,1.0,57.0,6,18,24026,0,
98,0.0,1.0,3.582,,,8,134.2010367669851,134.2010367669851,pobre,basal,2,952.0,733.66998,1.0,57.0,7,18,24026,0,
97,1.0,1.0,3.582,1.0,8.0,10,134.2010367669851,134.2010367669851,pobre,basal,6,1166.6666,788.33002,1.0,54.0,14,18,24027,8,1.0
98,1.0,1.0,3.582,1.0,9.0,10,134.2010367669851,134.2010367669851,pobre,basal,6,1166.6666,788.33002,1.0,54.0,15,18,24027,8,1.0
97,1.0,1.0,3.582,1.0,5.0,10,134.2010367669851,134.2010367669851,pobre,basal,6,1166.6666,788.33002,1.0,54.0,11,18,24028,5,1.0
98,1.0,1.0,3.582,1.0,6.0,10,134.2010367669851,134.2010367669851,pobre,basal,6,1166.6666,788.33002,1.0,54.0,12,18,24028,5,1.0
97,1.0,1.0,3.582,1.0,3.0,10,134.2010367669851,134.2010367669851,pobre,basal,6,1166.6666,788.33002,1.0,54.0,10,18,24029,3,1.0
98,1.0,1.0,3.582,1.0,4.0,10,134.2010367669851,134.2010367669851,pobre,basal,6,1166.6666,788.33002,1.0,54.0,11,18,24029,3,1.0
97,0.0,1.0,3.582,1.0,3.0,10,134.2010367669851,134.2010367669851,pobre,basal,6,1166.6666,788.33002,1.0,54.0,9,18,24030,3,1.0
98,0.0,1.0,3.582,1.0,4.0,10,134.2010367669851,134.2010367669851,pobre,basal,6,1166.6666,788.33002,1.0,54.0,10,18,24030,3,1.0
97,0.0,1.0,3.582,1.0,0.0,10,134.2010367669851,134.2010367669851,pobre,basal,6,1166.6666,788.33002,1.0,54.0,7,18,24031,0,1.0
98,0.0,1.0,3.582,1.0,1.0,10,134.2010367669851,134.2010367669851,pobre,basal,6,1166.6666,788.33002,1.0,54.0,8,18,24031,0,1.0
97,0.0,1.0,3.582,1.0,6.0,7,134.2010367669851,134.2010367669851,pobre,basal,0,833.33331,731.5,0.0,63.0,12,18,24032,6,1.0
98,0.0,1.0,3.582,1.0,7.0,7,134.2010367669851,134.2010367669851,pobre,basal,0,833.33331,731.5,0.0,63.0,13,18,24032,6,1.0
97,1.0,1.0,3.582,1.0,1.0,7,134.2010367669851,134.2010367669851,pobre,basal,0,833.33331,731.5,0.0,63.0,8,18,24033,1,1.0
98,1.0,1.0,3.582,1.0,2.0,7,134.2010367669851,134.2010367669851,pobre,basal,0,833.33331,731.5,0.0,63.0,9,18,24033,1,1.0
97,1.0,1.0,3.582,1.0,0.0,7,134.2010367669851,134.2010367669851,pobre,basal,0,833.33331,731.5,0.0,63.0,6,18,24034,0,1.0
98,1.0,1.0,3.582,1.0,0.0,7,134.2010367669851,134.2010367669851,pobre,basal,0,833.33331,731.5,0.0,63.0,7,18,24034,0,1.0
97,1.0,1.0,3.582,0.0,6.0,5,134.2010367669851,134.2010367669851,pobre,basal,4,208.33333,721.66998,1.0,72.0,15,18,24035,6,0.0
98,1.0,1.0,3.582,0.0,6.0,5,134.2010367669851,134.2010367669851,pobre,basal,4,208.33333,721.66998,1.0,72.0,16,18,24035,6,0.0
97,0.0,1.0,3.582,1.0,7.0,9,134.2010367669851,134.2010367669851,pobre,basal,6,0.0,591.0,0.0,41.0,15,18,24036,7,1.0
98,0.0,1.0,3.582,1.0,8.0,9,134.2010367669851,134.2010367669851,pobre,basal,6,0.0,591.0,0.0,41.0,16,18,24036,7,1.0
97,1.0,1.0,3.582,1.0,4.0,9,134.2010367669851,134.2010367669851,pobre,basal,6,0.0,591.0,0.0,41.0,13,18,24037,4,1.0
98,1.0,1.0,3.582,1.0,5.0,9,134.2010367669851,134.2010367669851,pobre,basal,6,0.0,591.0,0.0,41.0,14,18,24037,4,1.0
97,0.0,1.0,3.582,1.0,3.0,9,134.2010367669851,134.2010367669851,pobre,basal,6,0.0,591.0,0.0,41.0,11,18,24038,3,1.0
98,0.0,1.0,3.582,1.0,4.0,9,134.2010367669851,134.2010367669851,pobre,basal,6,0.0,591.0,0.0,41.0,12,18,24038,3,1.0
97,0.0,1.0,3.582,1.0,2.0,9,134.2010367669851,134.2010367669851,pobre,basal,6,0.0,591.0,0.0,41.0,8,18,24039,2,1.0
98,0.0,1.0,3.582,1.0,3.0,9,134.2010367669851,134.2010367669851,pobre,basal,6,0.0,591.0,0.0,41.0,9,18,24039,2,1.0
97,1.0,1.0,3.582,1.0,5.0,5,134.2010367669851,134.2010367669851,no pobre,basal,9,0.0,817.5,1.0,20.0,12,18,24040,5,1.0
98,1.0,1.0,3.582,,,5,134.2010367669851,134.2010367669851,no pobre,basal,9,0.0,817.5,1.0,20.0,13,18,24040,5,1.0
97,0.0,1.0,3.582,1.0,0.0,4,134.2010367669851,134.2010367669851,no pobre,basal,12,3490.0,877.0,1.0,39.0,6,18,24041,0,1.0
98,0.0,1.0,3.582,1.0,0.0,4,134.2010367669851,134.2010367669851,no pobre,basal,12,3490.0,877.0,1.0,39.0,7,18,24041,0,1.0
97,0.0,1.0,3.582,1.0,4.0,7,134.2010367669851,134.2010367669851,pobre,basal,4,0.0,691.25,1.0,47.0,13,18,24042,4,1.0
98,0.0,1.0,3.582,1.0,5.0,7,134.2010367669851,134.2010367669851,pobre,basal,4,0.0,691.25,1.0,47.0,14,18,24042,4,1.0
97,0.0,1.0,3.582,1.0,3.0,7,134.2010367669851,134.2010367669851,pobre,basal,4,0.0,691.25,1.0,47.0,11,18,24043,3,1.0
98,0.0,1.0,3.582,1.0,4.0,7,134.2010367669851,134.2010367669851,pobre,basal,4,0.0,691.25,1.0,47.0,12,18,24043,3,1.0
97,0.0,1.0,3.582,1.0,1.0,7,134.2010367669851,134.2010367669851,pobre,basal,4,0.0,691.25,1.0,47.0,7,18,24044,1,1.0
98,0.0,1.0,3.582,1.0,2.0,7,134.2010367669851,134.2010367669851,pobre,basal,4,0.0,691.25,1.0,47.0,8,18,24044,1,1.0
97,0.0,1.0,3.582,1.0,5.0,5,134.2010367669851,134.2010367669851,pobre,basal,0,0.0,705.51001,1.0,33.0,14,18,24045,5,1.0
98,0.0,1.0,3.582,1.0,6.0,5,134.2010367669851,134.2010367669851,pobre,basal,0,0.0,705.51001,1.0,33.0,15,18,24045,5,1.0
97,1.0,1.0,3.582,1.0,0.0,5,134.2010367669851,134.2010367669851,pobre,basal,0,0.0,705.51001,1.0,33.0,8,18,24046,0,1.0
98,1.0,1.0,3.582,1.0,1.0,5,134.2010367669851,134.2010367669851,pobre,basal,0,0.0,705.51001,1.0,33.0,9,18,24046,0,1.0
97,1.0,1.0,3.582,1.0,2.0,6,134.2010367669851,134.2010367669851,pobre,basal,7,0.0,560.03003,1.0,35.0,9,18,24047,2,1.0
98,1.0,1.0,3.582,,,6,134.2010367669851,134.2010367669851,pobre,basal,7,0.0,560.03003,1.0,35.0,10,18,24047,2,1.0
97,1.0,1.0,3.582,1.0,1.0,6,134.2010367669851,134.2010367669851,pobre,basal,7,0.0,560.03003,1.0,35.0,8,18,24048,1,1.0
98,1.0,1.0,3.582,,,6,134.2010367669851,134.2010367669851,pobre,basal,7,0.0,560.03003,1.0,35.0,9,18,24048,1,1.0
97,0.0,1.0,3.582,1.0,0.0,6,134.2010367669851,134.2010367669851,pobre,basal,7,0.0,560.03003,1.0,35.0,6,18,24049,0,1.0
98,0.0,1.0,3.582,1.0,1.0,6,134.2010367669851,134.2010367669851,pobre,basal,7,0.0,560.03003,1.0,35.0,7,18,24049,0,1.0
97,1.0,1.0,3.582,1.0,8.0,6,134.2010367669851,134.2010367669851,pobre,basal,0,0.0,580.0,0.0,65.0,16,18,24050,8,1.0
98,1.0,1.0,3.582,,,6,134.2010367669851,134.2010367669851,pobre,basal,0,0.0,580.0,0.0,65.0,17,18,24050,8,1.0
97,0.0,1.0,3.582,1.0,5.0,6,134.2010367669851,134.2010367669851,pobre,basal,0,0.0,580.0,0.0,65.0,13,18,24051,5,1.0
98,0.0,1.0,3.582,1.0,6.0,6,134.2010367669851,134.2010367669851,pobre,basal,0,0.0,580.0,0.0,65.0,14,18,24051,5,1.0
97,1.0,1.0,3.582,1.0,2.0,3,134.2010367669851,134.2010367669851,pobre,basal,0,0.0,613.0,0.0,39.0,11,18,24052,2,1.0
98,1.0,1.0,3.582,1.0,3.0,3,134.2010367669851,134.2010367669851,pobre,basal,0,0.0,613.0,0.0,39.0,12,18,24052,2,1.0
97,0.0,1.0,3.582,1.0,5.0,8,134.2010367669851,134.2010367669851,pobre,basal,9,1250.0,704.0,1.0,38.0,14,18,24053,5,1.0
98,0.0,1.0,3.582,1.0,6.0,8,134.2010367669851,134.2010367669851,pobre,basal,9,1250.0,704.0,1.0,38.0,15,18,24053,5,1.0
97,1.0,1.0,3.582,1.0,6.0,8,134.2010367669851,134.2010367669851,pobre,basal,9,1250.0,704.0,1.0,38.0,13,18,24054,6,1.0
98,1.0,1.0,3.582,1.0,7.0,8,134.2010367669851,134.2010367669851,pobre,basal,9,1250.0,704.0,1.0,38.0,14,18,24054,6,1.0
97,1.0,1.0,3.582,1.0,4.0,8,134.2010367669851,134.2010367669851,pobre,basal,9,1250.0,704.0,1.0,38.0,11,18,24055,4,1.0
98,1.0,1.0,3.582,1.0,5.0,8,134.2010367669851,134.2010367669851,pobre,basal,9,1250.0,704.0,1.0,38.0,12,18,24055,4,1.0
97,1.0,1.0,3.582,1.0,2.0,8,134.2010367669851,134.2010367669851,pobre,basal,9,1250.0,704.0,1.0,38.0,9,18,24056,2,1.0
98,1.0,1.0,3.582,1.0,3.0,8,134.2010367669851,134.2010367669851,pobre,basal,9,1250.0,704.0,1.0,38.0,10,18,24056,2,1.0
97,0.0,1.0,3.582,1.0,6.0,9,134.2010367669851,134.2010367669851,pobre,basal,4,316.66666,660.40002,1.0,42.0,16,18,24057,6,1.0
98,0.0,1.0,3.582,,,9,134.2010367669851,134.2010367669851,pobre,basal,4,316.66666,660.40002,1.0,42.0,17,18,24057,6,1.0
97,1.0,1.0,3.582,1.0,5.0,9,134.2010367669851,134.2010367669851,pobre,basal,4,316.66666,660.40002,1.0,42.0,14,18,24058,5,1.0
98,1.0,1.0,3.582,1.0,5.0,9,134.2010367669851,134.2010367669851,pobre,basal,4,316.66666,660.40002,1.0,42.0,15,18,24058,5,1.0
97,1.0,1.0,3.582,1.0,3.0,9,134.2010367669851,134.2010367669851,pobre,basal,4,316.66666,660.40002,1.0,42.0,13,18,24059,3,1.0
98,1.0,1.0,3.582,1.0,3.0,9,134.2010367669851,134.2010367669851,pobre,basal,4,316.66666,660.40002,1.0,42.0,14,18,24059,3,1.0
97,1.0,1.0,3.582,1.0,2.0,9,134.2010367669851,134.2010367669851,pobre,basal,4,316.66666,660.40002,1.0,42.0,11,18,24060,2,1.0
98,1.0,1.0,3.582,1.0,3.0,9,134.2010367669851,134.2010367669851,pobre,basal,4,316.66666,660.40002,1.0,42.0,12,18,24060,2,1.0
97,0.0,1.0,3.582,1.0,1.0,9,134.2010367669851,134.2010367669851,pobre,basal,4,316.66666,660.40002,1.0,42.0,8,18,24061,1,1.0
98,0.0,1.0,3.582,1.0,2.0,9,134.2010367669851,134.2010367669851,pobre,basal,4,316.66666,660.40002,1.0,42.0,9,18,24061,1,1.0
97,1.0,1.0,3.582,1.0,0.0,9,134.2010367669851,134.2010367669851,pobre,basal,4,316.66666,660.40002,1.0,42.0,6,18,24062,0,1.0
98,1.0,1.0,3.582,1.0,0.0,9,134.2010367669851,134.2010367669851,pobre,basal,4,316.66666,660.40002,1.0,42.0,7,18,24062,0,1.0
97,1.0,1.0,3.582,1.0,8.0,7,134.2010367669851,134.2010367669851,pobre,basal,4,1000.0,689.0,1.0,37.0,16,18,24063,8,1.0
98,1.0,1.0,3.582,,,7,134.2010367669851,134.2010367669851,pobre,basal,4,1000.0,689.0,1.0,37.0,17,18,24063,8,1.0
97,1.0,1.0,3.582,1.0,4.0,7,134.2010367669851,134.2010367669851,pobre,basal,4,1000.0,689.0,1.0,37.0,14,18,24064,4,1.0
98,1.0,1.0,3.582,1.0,5.0,7,134.2010367669851,134.2010367669851,pobre,basal,4,1000.0,689.0,1.0,37.0,15,18,24064,4,1.0
97,0.0,1.0,3.582,1.0,1.0,7,134.2010367669851,134.2010367669851,pobre,basal,4,1000.0,689.0,1.0,37.0,7,18,24065,1,1.0
98,0.0,1.0,3.582,1.0,2.0,7,134.2010367669851,134.2010367669851,pobre,basal,4,1000.0,689.0,1.0,37.0,8,18,24065,1,1.0
97,1.0,1.0,3.582,1.0,4.0,6,134.2010367669851,134.2010367669851,pobre,basal,3,0.0,643.0,1.0,54.0,16,18,24066,4,1.0
98,1.0,1.0,3.582,,,6,134.2010367669851,134.2010367669851,pobre,basal,3,0.0,643.0,1.0,54.0,17,18,24066,4,1.0
97,1.0,1.0,3.582,1.0,4.0,6,134.2010367669851,134.2010367669851,pobre,basal,3,0.0,643.0,1.0,54.0,14,18,24067,4,1.0
98,1.0,1.0,3.582,1.0,5.0,6,134.2010367669851,134.2010367669851,pobre,basal,3,0.0,643.0,1.0,54.0,15,18,24067,4,1.0
97,1.0,1.0,3.582,1.0,3.0,6,134.2010367669851,134.2010367669851,pobre,basal,3,0.0,643.0,1.0,54.0,11,18,24068,3,1.0
98,1.0,1.0,3.582,1.0,4.0,6,134.2010367669851,134.2010367669851,pobre,basal,3,0.0,643.0,1.0,54.0,12,18,24068,3,1.0
97,1.0,1.0,3.582,1.0,2.0,6,134.2010367669851,134.2010367669851,pobre,basal,3,0.0,643.0,1.0,54.0,8,18,24069,2,1.0
98,1.0,1.0,3.582,1.0,2.0,6,134.2010367669851,134.2010367669851,pobre,basal,3,0.0,643.0,1.0,54.0,9,18,24069,2,1.0
97,1.0,1.0,3.582,1.0,7.0,7,134.2010367669851,134.2010367669851,pobre,basal,0,0.0,612.0,0.0,65.0,13,18,24070,7,1.0
98,1.0,1.0,3.582,,,7,134.2010367669851,134.2010367669851,pobre,basal,0,0.0,612.0,0.0,65.0,14,18,24070,7,1.0
97,1.0,1.0,3.582,1.0,3.0,7,134.2010367669851,134.2010367669851,pobre,basal,0,0.0,612.0,0.0,65.0,8,18,24071,3,1.0
98,1.0,1.0,3.582,,,7,134.2010367669851,134.2010367669851,pobre,basal,0,0.0,612.0,0.0,65.0,9,18,24071,3,1.0
97,1.0,1.0,3.582,1.0,8.0,7,134.2010367669851,134.2010367669851,pobre,basal,0,0.0,612.0,0.0,65.0,15,18,24072,8,1.0
98,1.0,1.0,3.582,,,7,134.2010367669851,134.2010367669851,pobre,basal,0,0.0,612.0,0.0,65.0,16,18,24072,8,1.0
97,1.0,1.0,3.582,1.0,5.0,7,134.2010367669851,134.2010367669851,pobre,basal,0,0.0,612.0,0.0,65.0,12,18,24073,5,1.0
98,1.0,1.0,3.582,,,7,134.2010367669851,134.2010367669851,pobre,basal,0,0.0,612.0,0.0,65.0,13,18,24073,5,1.0
97,1.0,1.0,3.582,1.0,1.0,7,134.2010367669851,134.2010367669851,pobre,basal,0,0.0,612.0,0.0,65.0,8,18,24074,1,1.0
98,1.0,1.0,3.582,,,7,134.2010367669851,134.2010367669851,pobre,basal,0,0.0,612.0,0.0,65.0,9,18,24074,1,1.0
97,0.0,1.0,3.582,1.0,4.0,6,134.2010367669851,134.2010367669851,pobre,basal,7,216.66667,556.46997,1.0,30.0,11,18,24075,4,1.0
98,0.0,1.0,3.582,1.0,5.0,6,134.2010367669851,134.2010367669851,pobre,basal,7,216.66667,556.46997,1.0,30.0,12,18,24075,4,1.0
97,0.0,1.0,3.582,1.0,3.0,6,134.2010367669851,134.2010367669851,pobre,basal,7,216.66667,556.46997,1.0,30.0,9,18,24076,3,1.0
98,0.0,1.0,3.582,1.0,3.0,6,134.2010367669851,134.2010367669851,pobre,basal,7,216.66667,556.46997,1.0,30.0,10,18,24076,3,1.0
97,1.0,1.0,3.582,1.0,1.0,6,134.2010367669851,134.2010367669851,pobre,basal,7,216.66667,556.46997,1.0,30.0,7,18,24077,1,1.0
98,1.0,1.0,3.582,1.0,2.0,6,134.2010367669851,134.2010367669851,pobre,basal,7,216.66667,556.46997,1.0,30.0,8,18,24077,1,1.0
97,0.0,1.0,0.73199999,1.0,3.0,5,107.6778666838725,107.6778666838725,pobre,basal,3,500.0,670.0,1.0,33.0,9,10,24078,3,1.0
98,0.0,1.0,0.73199999,1.0,4.0,5,107.6778666838725,107.6778666838725,pobre,basal,3,500.0,670.0,1.0,33.0,10,10,24078,3,1.0
97,1.0,1.0,0.73199999,1.0,1.0,5,107.6778666838725,107.6778666838725,pobre,basal,3,500.0,670.0,1.0,33.0,7,10,24079,1,1.0
98,1.0,1.0,0.73199999,1.0,2.0,5,107.6778666838725,107.6778666838725,pobre,basal,3,500.0,670.0,1.0,33.0,8,10,24079,1,1.0
97,1.0,0.0,0.73199999,1.0,5.0,7,107.6778666838725,107.6778666838725,pobre,basal,0,400.0,717.25,1.0,43.0,12,10,24080,5,1.0
98,1.0,0.0,0.73199999,1.0,6.0,7,107.6778666838725,107.6778666838725,pobre,basal,0,400.0,717.25,1.0,43.0,13,10,24080,5,1.0
97,1.0,1.0,0.73199999,1.0,5.0,8,107.6778666838725,107.6778666838725,pobre,basal,0,500.0,719.0,1.0,34.0,16,10,24081,5,1.0
98,1.0,1.0,0.73199999,0.0,6.0,8,107.6778666838725,107.6778666838725,pobre,basal,0,500.0,719.0,1.0,34.0,17,10,24081,5,1.0
97,1.0,1.0,0.73199999,1.0,5.0,8,107.6778666838725,107.6778666838725,pobre,basal,0,500.0,719.0,1.0,34.0,12,10,24082,5,1.0
98,1.0,1.0,0.73199999,1.0,6.0,8,107.6778666838725,107.6778666838725,pobre,basal,0,500.0,719.0,1.0,34.0,13,10,24082,5,1.0
97,0.0,1.0,0.73199999,1.0,3.0,8,107.6778666838725,107.6778666838725,pobre,basal,0,500.0,719.0,1.0,34.0,11,10,24083,3,1.0
98,0.0,1.0,0.73199999,1.0,3.0,8,107.6778666838725,107.6778666838725,pobre,basal,0,500.0,719.0,1.0,34.0,12,10,24083,3,1.0
97,0.0,1.0,0.73199999,1.0,1.0,8,107.6778666838725,107.6778666838725,pobre,basal,0,500.0,719.0,1.0,34.0,8,10,24084,1,1.0
98,0.0,1.0,0.73199999,1.0,2.0,8,107.6778666838725,107.6778666838725,pobre,basal,0,500.0,719.0,1.0,34.0,9,10,24084,1,1.0
97,1.0,1.0,0.73199999,0.0,6.0,7,107.6778666838725,107.6778666838725,pobre,basal,0,500.0,648.5,1.0,40.0,14,10,24085,6,0.0
98,1.0,1.0,0.73199999,,,7,107.6778666838725,107.6778666838725,pobre,basal,0,500.0,648.5,1.0,40.0,15,10,24085,6,0.0
97,1.0,0.0,0.73199999,1.0,2.0,7,107.6778666838725,107.6778666838725,pobre,basal,0,500.0,648.5,1.0,40.0,8,10,24086,2,1.0
98,1.0,0.0,0.73199999,1.0,2.0,7,107.6778666838725,107.6778666838725,pobre,basal,0,500.0,648.5,1.0,40.0,9,10,24086,2,1.0
97,0.0,0.0,0.73199999,1.0,2.0,7,107.6778666838725,107.6778666838725,pobre,basal,0,500.0,648.5,1.0,40.0,6,10,24087,2,1.0
98,0.0,0.0,0.73199999,1.0,3.0,7,107.6778666838725,107.6778666838725,pobre,basal,0,500.0,648.5,1.0,40.0,7,10,24087,2,1.0
97,0.0,1.0,0.73199999,0.0,6.0,8,107.6778666838725,107.6778666838725,pobre,basal,0,500.0,581.0,1.0,38.0,15,10,24088,6,0.0
98,0.0,1.0,0.73199999,0.0,7.0,8,107.6778666838725,107.6778666838725,pobre,basal,0,500.0,581.0,1.0,38.0,16,10,24088,6,0.0
97,0.0,1.0,0.73199999,1.0,5.0,8,107.6778666838725,107.6778666838725,pobre,basal,0,500.0,581.0,1.0,38.0,12,10,24089,5,1.0
98,0.0,1.0,0.73199999,0.0,6.0,8,107.6778666838725,107.6778666838725,pobre,basal,0,500.0,581.0,1.0,38.0,13,10,24089,5,1.0
97,0.0,0.0,0.73199999,1.0,2.0,8,107.6778666838725,107.6778666838725,pobre,basal,0,500.0,581.0,1.0,38.0,9,10,24090,2,1.0
98,0.0,0.0,0.73199999,1.0,3.0,8,107.6778666838725,107.6778666838725,pobre,basal,0,500.0,581.0,1.0,38.0,10,10,24090,2,1.0
97,0.0,1.0,0.73199999,1.0,8.0,6,107.6778666838725,107.6778666838725,pobre,basal,0,500.0,632.0,1.0,34.0,13,10,24091,8,1.0
98,0.0,1.0,0.73199999,1.0,8.0,6,107.6778666838725,107.6778666838725,pobre,basal,0,500.0,632.0,1.0,34.0,14,10,24091,8,1.0
97,1.0,1.0,0.73199999,1.0,2.0,6,107.6778666838725,107.6778666838725,pobre,basal,0,500.0,632.0,1.0,34.0,8,10,24092,2,1.0
98,1.0,1.0,0.73199999,1.0,3.0,6,107.6778666838725,107.6778666838725,pobre,basal,0,500.0,632.0,1.0,34.0,9,10,24092,2,1.0
97,1.0,1.0,0.73199999,0.0,6.0,5,107.6778666838725,107.6778666838725,pobre,basal,0,375.0,707.5,1.0,43.0,16,10,24093,6,0.0
98,1.0,1.0,0.73199999,,,5,107.6778666838725,107.6778666838725,pobre,basal,0,375.0,707.5,1.0,43.0,17,10,24093,6,0.0
97,0.0,1.0,0.73199999,0.0,6.0,5,107.6778666838725,107.6778666838725,pobre,basal,0,375.0,707.5,1.0,43.0,12,10,24094,6,0.0
98,0.0,1.0,0.73199999,0.0,6.0,5,107.6778666838725,107.6778666838725,pobre,basal,0,375.0,707.5,1.0,43.0,13,10,24094,6,0.0
97,0.0,1.0,0.73199999,1.0,4.0,5,107.6778666838725,107.6778666838725,pobre,basal,0,375.0,707.5,1.0,43.0,10,10,24095,4,1.0
98,0.0,1.0,0.73199999,1.0,7.0,5,107.6778666838725,107.6778666838725,pobre,basal,0,375.0,707.5,1.0,43.0,11,10,24095,4,1.0
97,0.0,1.0,0.73199999,1.0,1.0,7,107.6778666838725,107.6778666838725,pobre,basal,6,500.0,611.0,1.0,28.0,7,10,24096,1,1.0
98,0.0,1.0,0.73199999,,,7,107.6778666838725,107.6778666838725,pobre,basal,6,500.0,611.0,1.0,28.0,8,10,24096,1,1.0
97,1.0,1.0,0.73199999,1.0,6.0,6,107.6778666838725,107.6778666838725,pobre,basal,0,0.0,692.0,1.0,46.0,14,10,24097,6,1.0
98,1.0,1.0,0.73199999,1.0,7.0,6,107.6778666838725,107.6778666838725,pobre,basal,0,0.0,692.0,1.0,46.0,15,10,24097,6,1.0
97,1.0,1.0,0.73199999,1.0,4.0,6,107.6778666838725,107.6778666838725,pobre,basal,0,0.0,692.0,1.0,46.0,10,10,24098,4,1.0
98,1.0,1.0,0.73199999,1.0,4.0,6,107.6778666838725,107.6778666838725,pobre,basal,0,0.0,692.0,1.0,46.0,11,10,24098,4,1.0
97,1.0,1.0,0.73199999,1.0,1.0,6,107.6778666838725,107.6778666838725,pobre,basal,0,0.0,692.0,1.0,46.0,7,10,24099,1,1.0
98,1.0,1.0,0.73199999,1.0,2.0,6,107.6778666838725,107.6778666838725,pobre,basal,0,0.0,692.0,1.0,46.0,8,10,24099,1,1.0
97,1.0,1.0,0.73199999,1.0,5.0,6,107.6778666838725,107.6778666838725,pobre,basal,0,625.0,768.0,1.0,38.0,15,10,24100,5,1.0
98,1.0,1.0,0.73199999,0.0,6.0,6,107.6778666838725,107.6778666838725,pobre,basal,0,625.0,768.0,1.0,38.0,16,10,24100,5,1.0
97,0.0,1.0,0.73199999,1.0,4.0,6,107.6778666838725,107.6778666838725,pobre,basal,0,625.0,768.0,1.0,38.0,10,10,24101,4,1.0
98,0.0,1.0,0.73199999,0.0,5.0,6,107.6778666838725,107.6778666838725,pobre,basal,0,625.0,768.0,1.0,38.0,11,10,24101,4,1.0
97,1.0,1.0,0.73199999,1.0,1.0,8,107.6778666838725,107.6778666838725,pobre,basal,0,0.0,683.66998,0.0,56.0,7,10,24102,1,1.0
98,1.0,1.0,0.73199999,1.0,1.0,8,107.6778666838725,107.6778666838725,pobre,basal,0,0.0,683.66998,0.0,56.0,8,10,24102,1,1.0
97,1.0,1.0,0.73199999,0.0,6.0,8,107.6778666838725,107.6778666838725,pobre,basal,0,0.0,677.66998,1.0,98.0,15,10,24103,6,0.0
98,1.0,1.0,0.73199999,,,8,107.6778666838725,107.6778666838725,pobre,basal,0,0.0,677.66998,1.0,98.0,16,10,24103,6,0.0
97,0.0,1.0,0.73199999,0.0,6.0,8,107.6778666838725,107.6778666838725,pobre,basal,0,0.0,677.66998,1.0,98.0,13,10,24104,6,0.0
98,0.0,1.0,0.73199999,0.0,6.0,8,107.6778666838725,107.6778666838725,pobre,basal,0,0.0,677.66998,1.0,98.0,14,10,24104,6,0.0
97,1.0,1.0,0.73199999,1.0,3.0,8,107.6778666838725,107.6778666838725,pobre,basal,0,0.0,677.66998,1.0,98.0,9,10,24105,3,1.0
98,1.0,1.0,0.73199999,1.0,4.0,8,107.6778666838725,107.6778666838725,pobre,basal,0,0.0,677.66998,1.0,98.0,10,10,24105,3,1.0
97,1.0,1.0,0.73199999,1.0,2.0,8,107.6778666838725,107.6778666838725,pobre,basal,0,0.0,677.66998,1.0,98.0,8,10,24106,2,1.0
98,1.0,1.0,0.73199999,1.0,2.0,8,107.6778666838725,107.6778666838725,pobre,basal,0,0.0,677.66998,1.0,98.0,9,10,24106,2,1.0
97,0.0,1.0,0.73199999,0.0,6.0,9,107.6778666838725,107.6778666838725,pobre,basal,0,500.0,622.75,1.0,38.0,16,10,24107,6,0.0
98,0.0,1.0,0.73199999,,,9,107.6778666838725,107.6778666838725,pobre,basal,0,500.0,622.75,1.0,38.0,17,10,24107,6,0.0
97,0.0,1.0,0.73199999,1.0,5.0,9,107.6778666838725,107.6778666838725,pobre,basal,0,500.0,622.75,1.0,38.0,14,10,24108,5,1.0
98,0.0,1.0,0.73199999,0.0,6.0,9,107.6778666838725,107.6778666838725,pobre,basal,0,500.0,622.75,1.0,38.0,15,10,24108,5,1.0
97,1.0,1.0,0.73199999,1.0,4.0,9,107.6778666838725,107.6778666838725,pobre,basal,0,500.0,622.75,1.0,38.0,11,10,24109,4,1.0
98,1.0,1.0,0.73199999,1.0,5.0,9,107.6778666838725,107.6778666838725,pobre,basal,0,500.0,622.75,1.0,38.0,12,10,24109,4,1.0
97,0.0,1.0,0.73199999,1.0,0.0,9,107.6778666838725,107.6778666838725,pobre,basal,0,500.0,622.75,1.0,38.0,6,10,24110,0,1.0
98,0.0,1.0,0.73199999,1.0,1.0,9,107.6778666838725,107.6778666838725,pobre,basal,0,500.0,622.75,1.0,38.0,7,10,24110,0,1.0
97,1.0,1.0,0.73199999,0.0,6.0,7,107.6778666838725,107.6778666838725,pobre,basal,0,0.0,639.33002,1.0,39.0,15,10,24111,6,0.0
98,1.0,1.0,0.73199999,,,7,107.6778666838725,107.6778666838725,pobre,basal,0,0.0,639.33002,1.0,39.0,16,10,24111,6,0.0
97,1.0,1.0,0.73199999,0.0,6.0,7,107.6778666838725,107.6778666838725,pobre,basal,0,0.0,639.33002,1.0,39.0,12,10,24112,6,0.0
98,1.0,1.0,0.73199999,0.0,6.0,7,107.6778666838725,107.6778666838725,pobre,basal,0,0.0,639.33002,1.0,39.0,13,10,24112,6,0.0
97,0.0,1.0,0.73199999,1.0,1.0,7,107.6778666838725,107.6778666838725,pobre,basal,0,0.0,639.33002,1.0,39.0,6,10,24113,1,1.0
98,0.0,1.0,0.73199999,1.0,2.0,7,107.6778666838725,107.6778666838725,pobre,basal,0,0.0,639.33002,1.0,39.0,7,10,24113,1,1.0
97,1.0,1.0,0.73199999,0.0,6.0,7,107.6778666838725,107.6778666838725,no pobre,basal,0,0.0,841.25,1.0,46.0,16,10,24114,6,0.0
98,1.0,1.0,0.73199999,,,7,107.6778666838725,107.6778666838725,no pobre,basal,0,0.0,841.25,1.0,46.0,17,10,24114,6,0.0
97,0.0,1.0,0.73199999,1.0,9.0,7,107.6778666838725,107.6778666838725,no pobre,basal,0,0.0,841.25,1.0,46.0,15,10,24115,9,1.0
98,0.0,1.0,0.73199999,,,7,107.6778666838725,107.6778666838725,no pobre,basal,0,0.0,841.25,1.0,46.0,16,10,24115,9,1.0
97,0.0,1.0,0.73199999,1.0,5.0,7,107.6778666838725,107.6778666838725,no pobre,basal,0,0.0,841.25,1.0,46.0,10,10,24116,5,1.0
98,0.0,1.0,0.73199999,1.0,6.0,7,107.6778666838725,107.6778666838725,no pobre,basal,0,0.0,841.25,1.0,46.0,11,10,24116,5,1.0
97,1.0,1.0,0.73199999,1.0,0.0,3,107.6778666838725,107.6778666838725,pobre,basal,0,0.0,773.51001,1.0,26.0,6,10,24117,0,1.0
98,1.0,1.0,0.73199999,1.0,1.0,3,107.6778666838725,107.6778666838725,pobre,basal,0,0.0,773.51001,1.0,26.0,7,10,24117,0,1.0
97,1.0,1.0,0.73199999,1.0,1.0,4,107.6778666838725,107.6778666838725,pobre,basal,8,0.0,765.0,1.0,25.0,7,10,24118,1,1.0
98,1.0,1.0,0.73199999,1.0,1.0,4,107.6778666838725,107.6778666838725,pobre,basal,8,0.0,765.0,1.0,25.0,8,10,24118,1,1.0
97,0.0,1.0,0.73199999,1.0,8.0,8,107.6778666838725,107.6778666838725,pobre,basal,0,0.0,698.79999,1.0,38.0,15,10,24119,8,1.0
98,0.0,1.0,0.73199999,,,8,107.6778666838725,107.6778666838725,pobre,basal,0,0.0,698.79999,1.0,38.0,16,10,24119,8,1.0
97,0.0,1.0,0.73199999,1.0,5.0,8,107.6778666838725,107.6778666838725,pobre,basal,0,0.0,698.79999,1.0,38.0,13,10,24120,5,1.0
98,0.0,1.0,0.73199999,1.0,6.0,8,107.6778666838725,107.6778666838725,pobre,basal,0,0.0,698.79999,1.0,38.0,14,10,24120,5,1.0
97,0.0,1.0,0.73199999,1.0,2.0,8,107.6778666838725,107.6778666838725,pobre,basal,0,0.0,698.79999,1.0,38.0,10,10,24121,2,1.0
98,0.0,1.0,0.73199999,1.0,2.0,8,107.6778666838725,107.6778666838725,pobre,basal,0,0.0,698.79999,1.0,38.0,11,10,24121,2,1.0
97,0.0,1.0,0.73199999,1.0,1.0,8,107.6778666838725,107.6778666838725,pobre,basal,0,0.0,698.79999,1.0,38.0,7,10,24122,1,1.0
98,0.0,1.0,0.73199999,1.0,1.0,8,107.6778666838725,107.6778666838725,pobre,basal,0,0.0,698.79999,1.0,38.0,8,10,24122,1,1.0
97,0.0,1.0,0.73199999,1.0,6.0,3,107.6778666838725,107.6778666838725,pobre,basal,0,0.0,622.0,1.0,65.0,16,10,24123,6,1.0
98,0.0,1.0,0.73199999,,,3,107.6778666838725,107.6778666838725,pobre,basal,0,0.0,622.0,1.0,65.0,17,10,24123,6,1.0
97,1.0,1.0,0.73199999,0.0,6.0,5,107.6778666838725,107.6778666838725,pobre,basal,0,0.0,724.66998,1.0,37.0,15,10,24124,6,0.0
98,1.0,1.0,0.73199999,,,5,107.6778666838725,107.6778666838725,pobre,basal,0,0.0,724.66998,1.0,37.0,16,10,24124,6,0.0
97,0.0,1.0,0.73199999,0.0,6.0,5,107.6778666838725,107.6778666838725,pobre,basal,0,0.0,724.66998,1.0,37.0,12,10,24125,6,0.0
98,0.0,1.0,0.73199999,0.0,6.0,5,107.6778666838725,107.6778666838725,pobre,basal,0,0.0,724.66998,1.0,37.0,13,10,24125,6,0.0
97,1.0,1.0,0.73199999,1.0,1.0,5,107.6778666838725,107.6778666838725,pobre,basal,0,0.0,724.66998,1.0,37.0,8,10,24126,1,1.0
98,1.0,1.0,0.73199999,1.0,2.0,5,107.6778666838725,107.6778666838725,pobre,basal,0,0.0,724.66998,1.0,37.0,9,10,24126,1,1.0
97,1.0,1.0,0.73199999,1.0,7.0,9,107.6778666838725,107.6778666838725,pobre,basal,0,0.0,647.5,1.0,43.0,14,10,24127,7,1.0
98,1.0,1.0,0.73199999,1.0,8.0,9,107.6778666838725,107.6778666838725,pobre,basal,0,0.0,647.5,1.0,43.0,15,10,24127,7,1.0
97,0.0,1.0,0.73199999,1.0,7.0,9,107.6778666838725,107.6778666838725,pobre,basal,0,0.0,647.5,1.0,43.0,12,10,24128,7,1.0
98,0.0,1.0,0.73199999,1.0,8.0,9,107.6778666838725,107.6778666838725,pobre,basal,0,0.0,647.5,1.0,43.0,13,10,24128,7,1.0
97,1.0,1.0,0.73199999,1.0,4.0,9,107.6778666838725,107.6778666838725,pobre,basal,0,0.0,647.5,1.0,43.0,9,10,24129,4,1.0
98,1.0,1.0,0.73199999,1.0,5.0,9,107.6778666838725,107.6778666838725,pobre,basal,0,0.0,647.5,1.0,43.0,10,10,24129,4,1.0
97,1.0,1.0,0.73199999,1.0,3.0,6,107.6778666838725,107.6778666838725,pobre,basal,5,720.0,551.0,1.0,31.0,8,10,24130,3,1.0
98,1.0,1.0,0.73199999,1.0,4.0,6,107.6778666838725,107.6778666838725,pobre,basal,5,720.0,551.0,1.0,31.0,9,10,24130,3,1.0
97,1.0,1.0,0.73199999,1.0,1.0,6,107.6778666838725,107.6778666838725,pobre,basal,5,720.0,551.0,1.0,31.0,7,10,24131,1,1.0
98,1.0,1.0,0.73199999,1.0,2.0,6,107.6778666838725,107.6778666838725,pobre,basal,5,720.0,551.0,1.0,31.0,8,10,24131,1,1.0
97,0.0,1.0,7.0760002,1.0,3.0,6,119.0224308233175,119.0224308233175,pobre,0,1,0.0,658.0,1.0,38.0,9,16,24132,3,1.0
98,0.0,1.0,7.0760002,1.0,3.0,6,119.0224308233175,119.0224308233175,pobre,0,1,0.0,658.0,1.0,38.0,10,16,24132,3,1.0
97,0.0,1.0,7.0760002,1.0,1.0,6,119.0224308233175,119.0224308233175,pobre,0,1,0.0,658.0,1.0,38.0,7,16,24133,1,1.0
98,0.0,1.0,7.0760002,1.0,2.0,6,119.0224308233175,119.0224308233175,pobre,0,1,0.0,658.0,1.0,38.0,8,16,24133,1,1.0
97,0.0,1.0,7.0760002,0.0,6.0,9,119.0224308233175,119.0224308233175,pobre,0,2,0.0,624.5,1.0,28.0,12,16,24134,6,0.0
98,0.0,1.0,7.0760002,0.0,6.0,9,119.0224308233175,119.0224308233175,pobre,0,2,0.0,624.5,1.0,28.0,13,16,24134,6,0.0
97,0.0,1.0,7.0760002,1.0,3.0,9,119.0224308233175,119.0224308233175,pobre,0,2,0.0,624.5,1.0,28.0,9,16,24135,3,1.0
98,0.0,1.0,7.0760002,,,9,119.0224308233175,119.0224308233175,pobre,0,2,0.0,624.5,1.0,28.0,10,16,24135,3,1.0
97,1.0,1.0,7.0760002,1.0,1.0,9,119.0224308233175,119.0224308233175,pobre,0,2,0.0,624.5,1.0,28.0,6,16,24136,1,1.0
98,1.0,1.0,7.0760002,1.0,2.0,9,119.0224308233175,119.0224308233175,pobre,0,2,0.0,624.5,1.0,28.0,7,16,24136,1,1.0
97,0.0,1.0,7.0760002,,0.0,6,119.0224308233175,119.0224308233175,pobre,0,4,0.0,597.0,1.0,39.0,15,16,24137,0,
98,0.0,1.0,7.0760002,0.0,4.0,6,119.0224308233175,119.0224308233175,pobre,0,4,0.0,597.0,1.0,39.0,16,16,24137,0,
97,1.0,1.0,7.0760002,1.0,2.0,6,119.0224308233175,119.0224308233175,pobre,0,4,0.0,597.0,1.0,39.0,12,16,24138,2,1.0
98,1.0,1.0,7.0760002,1.0,3.0,6,119.0224308233175,119.0224308233175,pobre,0,4,0.0,597.0,1.0,39.0,13,16,24138,2,1.0
97,1.0,1.0,7.0760002,,0.0,5,119.0224308233175,119.0224308233175,pobre,0,0,0.0,668.46997,1.0,19.0,12,16,24139,0,
98,1.0,1.0,7.0760002,1.0,4.0,5,119.0224308233175,119.0224308233175,pobre,0,0,0.0,668.46997,1.0,19.0,13,16,24139,0,
97,1.0,1.0,7.0760002,0.0,6.0,10,119.0224308233175,119.0224308233175,pobre,0,0,0.0,506.0,1.0,47.0,15,16,24140,6,0.0
98,1.0,1.0,7.0760002,0.0,6.0,10,119.0224308233175,119.0224308233175,pobre,0,0,0.0,506.0,1.0,47.0,16,16,24140,6,0.0
97,1.0,1.0,7.0760002,1.0,5.0,10,119.0224308233175,119.0224308233175,pobre,0,0,0.0,506.0,1.0,47.0,13,16,24141,5,1.0
98,1.0,1.0,7.0760002,0.0,6.0,10,119.0224308233175,119.0224308233175,pobre,0,0,0.0,506.0,1.0,47.0,14,16,24141,5,1.0
97,0.0,1.0,7.0760002,1.0,4.0,10,119.0224308233175,119.0224308233175,pobre,0,0,0.0,506.0,1.0,47.0,10,16,24142,4,1.0
98,0.0,1.0,7.0760002,1.0,5.0,10,119.0224308233175,119.0224308233175,pobre,0,0,0.0,506.0,1.0,47.0,11,16,24142,4,1.0
97,0.0,1.0,7.0760002,1.0,2.0,10,119.0224308233175,119.0224308233175,pobre,0,0,0.0,506.0,1.0,47.0,8,16,24143,2,1.0
98,0.0,1.0,7.0760002,1.0,3.0,10,119.0224308233175,119.0224308233175,pobre,0,0,0.0,506.0,1.0,47.0,9,16,24143,2,1.0
97,1.0,1.0,7.0760002,0.0,6.0,4,119.0224308233175,119.0224308233175,pobre,0,0,0.0,731.0,1.0,39.0,16,16,24144,6,0.0
98,1.0,1.0,7.0760002,,,4,119.0224308233175,119.0224308233175,pobre,0,0,0.0,731.0,1.0,39.0,17,16,24144,6,0.0
97,0.0,1.0,7.0760002,1.0,4.0,4,119.0224308233175,119.0224308233175,pobre,0,0,0.0,731.0,1.0,39.0,9,16,24145,4,1.0
98,0.0,1.0,7.0760002,1.0,4.0,4,119.0224308233175,119.0224308233175,pobre,0,0,0.0,731.0,1.0,39.0,10,16,24145,4,1.0
97,1.0,1.0,7.0760002,,0.0,5,119.0224308233175,119.0224308233175,pobre,0,5,250.0,652.0,1.0,24.0,6,16,24146,0,
98,1.0,1.0,7.0760002,1.0,2.0,5,119.0224308233175,119.0224308233175,pobre,0,5,250.0,652.0,1.0,24.0,7,16,24146,0,
97,0.0,1.0,7.0760002,1.0,3.0,8,119.0224308233175,119.0224308233175,pobre,0,1,0.0,603.0,1.0,31.0,9,16,24147,3,1.0
98,0.0,1.0,7.0760002,1.0,3.0,8,119.0224308233175,119.0224308233175,pobre,0,1,0.0,603.0,1.0,31.0,10,16,24147,3,1.0
97,0.0,0.0,7.0760002,1.0,0.0,8,119.0224308233175,119.0224308233175,pobre,0,1,0.0,603.0,1.0,31.0,6,16,24148,0,1.0
98,0.0,0.0,7.0760002,1.0,1.0,8,119.0224308233175,119.0224308233175,pobre,0,1,0.0,603.0,1.0,31.0,7,16,24148,0,1.0
97,0.0,1.0,7.0760002,0.0,6.0,8,119.0224308233175,119.0224308233175,pobre,0,2,800.0,644.0,1.0,37.0,14,16,24149,6,0.0
98,0.0,1.0,7.0760002,0.0,6.0,8,119.0224308233175,119.0224308233175,pobre,0,2,800.0,644.0,1.0,37.0,15,16,24149,6,0.0
97,0.0,1.0,7.0760002,1.0,4.0,8,119.0224308233175,119.0224308233175,pobre,0,2,800.0,644.0,1.0,37.0,12,16,24150,4,1.0
98,0.0,1.0,7.0760002,1.0,5.0,8,119.0224308233175,119.0224308233175,pobre,0,2,800.0,644.0,1.0,37.0,13,16,24150,4,1.0
97,0.0,1.0,7.0760002,1.0,3.0,8,119.0224308233175,119.0224308233175,pobre,0,2,800.0,644.0,1.0,37.0,8,16,24151,3,1.0
98,0.0,1.0,7.0760002,1.0,3.0,8,119.0224308233175,119.0224308233175,pobre,0,2,800.0,644.0,1.0,37.0,9,16,24151,3,1.0
97,0.0,1.0,7.0760002,1.0,1.0,8,119.0224308233175,119.0224308233175,pobre,0,2,800.0,644.0,1.0,37.0,7,16,24152,1,1.0
98,0.0,1.0,7.0760002,1.0,2.0,8,119.0224308233175,119.0224308233175,pobre,0,2,800.0,644.0,1.0,37.0,8,16,24152,1,1.0
97,1.0,1.0,7.0760002,0.0,6.0,5,119.0224308233175,119.0224308233175,pobre,0,0,500.0,715.66998,1.0,40.0,14,16,24153,6,0.0
98,1.0,1.0,7.0760002,,,5,119.0224308233175,119.0224308233175,pobre,0,0,500.0,715.66998,1.0,40.0,15,16,24153,6,0.0
97,1.0,1.0,7.0760002,1.0,2.0,5,119.0224308233175,119.0224308233175,pobre,0,0,500.0,715.66998,1.0,40.0,8,16,24154,2,1.0
98,1.0,1.0,7.0760002,1.0,3.0,5,119.0224308233175,119.0224308233175,pobre,0,0,500.0,715.66998,1.0,40.0,9,16,24154,2,1.0
97,1.0,0.0,7.0760002,0.0,6.0,8,119.0224308233175,119.0224308233175,pobre,0,2,0.0,686.66998,1.0,49.0,16,16,24155,6,0.0
98,1.0,0.0,7.0760002,,,8,119.0224308233175,119.0224308233175,pobre,0,2,0.0,686.66998,1.0,49.0,17,16,24155,6,0.0
97,1.0,0.0,7.0760002,0.0,6.0,8,119.0224308233175,119.0224308233175,pobre,0,2,0.0,686.66998,1.0,49.0,14,16,24156,6,0.0
98,1.0,0.0,7.0760002,0.0,6.0,8,119.0224308233175,119.0224308233175,pobre,0,2,0.0,686.66998,1.0,49.0,15,16,24156,6,0.0
97,0.0,0.0,7.0760002,1.0,3.0,8,119.0224308233175,119.0224308233175,pobre,0,2,0.0,686.66998,1.0,49.0,11,16,24157,3,1.0
98,0.0,0.0,7.0760002,1.0,3.0,8,119.0224308233175,119.0224308233175,pobre,0,2,0.0,686.66998,1.0,49.0,12,16,24157,3,1.0
97,1.0,0.0,7.0760002,1.0,0.0,8,119.0224308233175,119.0224308233175,pobre,0,2,0.0,686.66998,1.0,49.0,6,16,24158,0,1.0
98,1.0,0.0,7.0760002,1.0,1.0,8,119.0224308233175,119.0224308233175,pobre,0,2,0.0,686.66998,1.0,49.0,7,16,24158,0,1.0
97,1.0,1.0,7.0760002,1.0,2.0,6,119.0224308233175,119.0224308233175,no pobre,0,3,750.0,736.0,1.0,29.0,8,16,24159,2,1.0
98,1.0,1.0,7.0760002,1.0,3.0,6,119.0224308233175,119.0224308233175,no pobre,0,3,750.0,736.0,1.0,29.0,9,16,24159,2,1.0
97,1.0,0.0,7.0760002,1.0,0.0,4,119.0224308233175,119.0224308233175,pobre,0,2,625.0,731.0,1.0,23.0,6,16,24160,0,1.0
98,1.0,0.0,7.0760002,1.0,0.0,4,119.0224308233175,119.0224308233175,pobre,0,2,625.0,731.0,1.0,23.0,7,16,24160,0,1.0
97,0.0,1.0,6.1220002,1.0,7.0,10,127.7556732129318,127.7556732129318,pobre,0,0,250.0,564.0,1.0,50.0,15,31,24161,7,1.0
98,0.0,1.0,6.1220002,1.0,9.0,10,127.7556732129318,127.7556732129318,pobre,0,0,250.0,564.0,1.0,50.0,16,31,24161,7,1.0
97,0.0,1.0,6.1220002,1.0,1.0,10,127.7556732129318,127.7556732129318,pobre,0,0,250.0,564.0,1.0,50.0,13,31,24162,1,1.0
98,0.0,1.0,6.1220002,0.0,2.0,10,127.7556732129318,127.7556732129318,pobre,0,0,250.0,564.0,1.0,50.0,14,31,24162,1,1.0
97,0.0,1.0,6.1220002,1.0,2.0,10,127.7556732129318,127.7556732129318,pobre,0,0,250.0,564.0,1.0,50.0,11,31,24163,2,1.0
98,0.0,1.0,6.1220002,0.0,2.0,10,127.7556732129318,127.7556732129318,pobre,0,0,250.0,564.0,1.0,50.0,12,31,24163,2,1.0
97,0.0,1.0,6.1220002,1.0,2.0,10,127.7556732129318,127.7556732129318,pobre,0,0,250.0,564.0,1.0,50.0,9,31,24164,2,1.0
98,0.0,1.0,6.1220002,1.0,2.0,10,127.7556732129318,127.7556732129318,pobre,0,0,250.0,564.0,1.0,50.0,10,31,24164,2,1.0
97,0.0,1.0,6.1220002,1.0,2.0,10,127.7556732129318,127.7556732129318,pobre,0,0,250.0,564.0,1.0,50.0,7,31,24165,2,1.0
98,0.0,1.0,6.1220002,1.0,1.0,10,127.7556732129318,127.7556732129318,pobre,0,0,250.0,564.0,1.0,50.0,8,31,24165,2,1.0
97,1.0,1.0,6.1220002,1.0,1.0,10,127.7556732129318,127.7556732129318,pobre,0,0,250.0,564.0,1.0,50.0,6,31,24166,1,1.0
98,1.0,1.0,6.1220002,1.0,1.0,10,127.7556732129318,127.7556732129318,pobre,0,0,250.0,564.0,1.0,50.0,7,31,24166,1,1.0
97,0.0,1.0,6.1220002,1.0,4.0,13,127.7556732129318,127.7556732129318,pobre,0,0,250.0,659.75,1.0,47.0,13,31,24167,4,1.0
98,0.0,1.0,6.1220002,,,13,127.7556732129318,127.7556732129318,pobre,0,0,250.0,659.75,1.0,47.0,14,31,24167,4,1.0
97,1.0,1.0,6.1220002,1.0,4.0,13,127.7556732129318,127.7556732129318,pobre,0,0,250.0,659.75,1.0,47.0,11,31,24168,4,1.0
98,1.0,1.0,6.1220002,1.0,4.0,13,127.7556732129318,127.7556732129318,pobre,0,0,250.0,659.75,1.0,47.0,12,31,24168,4,1.0
97,1.0,1.0,6.1220002,1.0,3.0,13,127.7556732129318,127.7556732129318,pobre,0,0,250.0,659.75,1.0,47.0,9,31,24169,3,1.0
98,1.0,1.0,6.1220002,1.0,4.0,13,127.7556732129318,127.7556732129318,pobre,0,0,250.0,659.75,1.0,47.0,10,31,24169,3,1.0
97,1.0,1.0,6.1220002,1.0,1.0,13,127.7556732129318,127.7556732129318,pobre,0,0,250.0,659.75,1.0,47.0,6,31,24170,1,1.0
98,1.0,1.0,6.1220002,1.0,1.0,13,127.7556732129318,127.7556732129318,pobre,0,0,250.0,659.75,1.0,47.0,7,31,24170,1,1.0
97,0.0,1.0,6.1220002,1.0,5.0,6,127.7556732129318,127.7556732129318,pobre,0,0,500.0,730.0,1.0,60.0,16,31,24171,5,1.0
98,0.0,1.0,6.1220002,,,6,127.7556732129318,127.7556732129318,pobre,0,0,500.0,730.0,1.0,60.0,17,31,24171,5,1.0
97,0.0,1.0,6.1220002,1.0,4.0,6,127.7556732129318,127.7556732129318,pobre,0,0,500.0,730.0,1.0,60.0,11,31,24172,4,1.0
98,0.0,1.0,6.1220002,1.0,4.0,6,127.7556732129318,127.7556732129318,pobre,0,0,500.0,730.0,1.0,60.0,12,31,24172,4,1.0
97,1.0,1.0,6.1220002,1.0,4.0,8,127.7556732129318,127.7556732129318,pobre,0,0,375.0,490.0,1.0,32.0,15,31,24173,4,1.0
98,1.0,1.0,6.1220002,0.0,4.0,8,127.7556732129318,127.7556732129318,pobre,0,0,375.0,490.0,1.0,32.0,16,31,24173,4,1.0
97,0.0,1.0,6.1220002,1.0,3.0,8,127.7556732129318,127.7556732129318,pobre,0,0,375.0,490.0,1.0,32.0,12,31,24174,3,1.0
98,0.0,1.0,6.1220002,1.0,3.0,8,127.7556732129318,127.7556732129318,pobre,0,0,375.0,490.0,1.0,32.0,13,31,24174,3,1.0
97,0.0,1.0,6.1220002,1.0,2.0,8,127.7556732129318,127.7556732129318,pobre,0,0,375.0,490.0,1.0,32.0,10,31,24175,2,1.0
98,0.0,1.0,6.1220002,1.0,3.0,8,127.7556732129318,127.7556732129318,pobre,0,0,375.0,490.0,1.0,32.0,11,31,24175,2,1.0
97,0.0,1.0,6.1220002,1.0,2.0,8,127.7556732129318,127.7556732129318,pobre,0,0,375.0,490.0,1.0,32.0,7,31,24176,2,1.0
98,0.0,1.0,6.1220002,1.0,2.0,8,127.7556732129318,127.7556732129318,pobre,0,0,375.0,490.0,1.0,32.0,8,31,24176,2,1.0
97,1.0,1.0,6.1220002,1.0,3.0,9,127.7556732129318,127.7556732129318,pobre,0,1,240.0,539.5,1.0,66.0,10,31,24177,3,1.0
98,1.0,1.0,6.1220002,1.0,3.0,9,127.7556732129318,127.7556732129318,pobre,0,1,240.0,539.5,1.0,66.0,11,31,24177,3,1.0
97,0.0,1.0,6.1220002,1.0,2.0,9,127.7556732129318,127.7556732129318,pobre,0,1,240.0,539.5,1.0,66.0,8,31,24178,2,1.0
98,0.0,1.0,6.1220002,1.0,2.0,9,127.7556732129318,127.7556732129318,pobre,0,1,240.0,539.5,1.0,66.0,9,31,24178,2,1.0
97,1.0,1.0,6.1220002,1.0,5.0,6,127.7556732129318,127.7556732129318,pobre,0,6,240.0,527.0,1.0,36.0,10,31,24179,5,1.0
98,1.0,1.0,6.1220002,1.0,5.0,6,127.7556732129318,127.7556732129318,pobre,0,6,240.0,527.0,1.0,36.0,11,31,24179,5,1.0
97,0.0,1.0,6.1220002,1.0,1.0,6,127.7556732129318,127.7556732129318,pobre,0,6,240.0,527.0,1.0,36.0,8,31,24180,1,1.0
98,0.0,1.0,6.1220002,1.0,2.0,6,127.7556732129318,127.7556732129318,pobre,0,6,240.0,527.0,1.0,36.0,9,31,24180,1,1.0
97,0.0,1.0,6.1220002,0.0,6.0,2,127.7556732129318,127.7556732129318,pobre,0,6,240.0,650.0,1.0,18.0,15,31,24181,6,0.0
98,0.0,1.0,6.1220002,0.0,6.0,2,127.7556732129318,127.7556732129318,pobre,0,6,240.0,650.0,1.0,18.0,16,31,24181,6,0.0
97,1.0,1.0,6.1220002,1.0,6.0,7,127.7556732129318,127.7556732129318,pobre,0,4,0.0,504.0,0.0,44.0,16,31,24182,6,1.0
98,1.0,1.0,6.1220002,,,7,127.7556732129318,127.7556732129318,pobre,0,4,0.0,504.0,0.0,44.0,17,31,24182,6,1.0
97,0.0,1.0,6.1220002,1.0,3.0,7,127.7556732129318,127.7556732129318,pobre,0,4,0.0,504.0,0.0,44.0,10,31,24183,3,1.0
98,0.0,1.0,6.1220002,1.0,4.0,7,127.7556732129318,127.7556732129318,pobre,0,4,0.0,504.0,0.0,44.0,11,31,24183,3,1.0
97,0.0,1.0,6.1220002,1.0,2.0,7,127.7556732129318,127.7556732129318,pobre,0,4,0.0,504.0,0.0,44.0,8,31,24184,2,1.0
98,0.0,1.0,6.1220002,1.0,3.0,7,127.7556732129318,127.7556732129318,pobre,0,4,0.0,504.0,0.0,44.0,9,31,24184,2,1.0
97,0.0,1.0,6.1220002,1.0,1.0,7,127.7556732129318,127.7556732129318,pobre,0,4,0.0,504.0,0.0,44.0,7,31,24185,1,1.0
98,0.0,1.0,6.1220002,1.0,0.0,7,127.7556732129318,127.7556732129318,pobre,0,4,0.0,504.0,0.0,44.0,8,31,24185,1,1.0
97,1.0,1.0,6.1220002,1.0,5.0,8,127.7556732129318,127.7556732129318,pobre,0,3,0.0,613.0,1.0,45.0,15,31,24186,5,1.0
98,1.0,1.0,6.1220002,1.0,6.0,8,127.7556732129318,127.7556732129318,pobre,0,3,0.0,613.0,1.0,45.0,16,31,24186,5,1.0
97,1.0,1.0,6.1220002,1.0,5.0,8,127.7556732129318,127.7556732129318,pobre,0,3,0.0,613.0,1.0,45.0,13,31,24187,5,1.0
98,1.0,1.0,6.1220002,1.0,6.0,8,127.7556732129318,127.7556732129318,pobre,0,3,0.0,613.0,1.0,45.0,14,31,24187,5,1.0
97,0.0,1.0,6.1220002,1.0,2.0,8,127.7556732129318,127.7556732129318,pobre,0,3,0.0,613.0,1.0,45.0,10,31,24188,2,1.0
98,0.0,1.0,6.1220002,1.0,3.0,8,127.7556732129318,127.7556732129318,pobre,0,3,0.0,613.0,1.0,45.0,11,31,24188,2,1.0
97,0.0,1.0,6.1220002,1.0,1.0,8,127.7556732129318,127.7556732129318,pobre,0,3,0.0,613.0,1.0,45.0,8,31,24189,1,1.0
98,0.0,1.0,6.1220002,1.0,2.0,8,127.7556732129318,127.7556732129318,pobre,0,3,0.0,613.0,1.0,45.0,9,31,24189,1,1.0
97,0.0,1.0,6.1220002,1.0,1.0,8,127.7556732129318,127.7556732129318,pobre,0,0,0.0,488.0,1.0,50.0,6,31,24190,1,1.0
98,0.0,1.0,6.1220002,1.0,2.0,8,127.7556732129318,127.7556732129318,pobre,0,0,0.0,488.0,1.0,50.0,7,31,24190,1,1.0
97,1.0,1.0,6.1220002,1.0,7.0,17,127.7556732129318,127.7556732129318,pobre,0,3,0.0,254.0,1.0,49.0,16,31,24191,7,1.0
98,1.0,1.0,6.1220002,,,17,127.7556732129318,127.7556732129318,pobre,0,3,0.0,254.0,1.0,49.0,17,31,24191,7,1.0
97,1.0,1.0,6.1220002,1.0,5.0,17,127.7556732129318,127.7556732129318,pobre,0,3,0.0,254.0,1.0,49.0,14,31,24192,5,1.0
98,1.0,1.0,6.1220002,1.0,6.0,17,127.7556732129318,127.7556732129318,pobre,0,3,0.0,254.0,1.0,49.0,15,31,24192,5,1.0
97,0.0,1.0,6.1220002,1.0,4.0,17,127.7556732129318,127.7556732129318,pobre,0,3,0.0,254.0,1.0,49.0,12,31,24193,4,1.0
98,0.0,1.0,6.1220002,1.0,4.0,17,127.7556732129318,127.7556732129318,pobre,0,3,0.0,254.0,1.0,49.0,13,31,24193,4,1.0
97,0.0,1.0,6.1220002,1.0,2.0,17,127.7556732129318,127.7556732129318,pobre,0,3,0.0,254.0,1.0,49.0,10,31,24194,2,1.0
98,0.0,1.0,6.1220002,1.0,3.0,17,127.7556732129318,127.7556732129318,pobre,0,3,0.0,254.0,1.0,49.0,11,31,24194,2,1.0
97,1.0,1.0,6.1220002,1.0,2.0,17,127.7556732129318,127.7556732129318,pobre,0,3,0.0,254.0,1.0,49.0,8,31,24195,2,1.0
98,1.0,1.0,6.1220002,1.0,2.0,17,127.7556732129318,127.7556732129318,pobre,0,3,0.0,254.0,1.0,49.0,9,31,24195,2,1.0
97,0.0,1.0,6.1220002,1.0,0.0,17,127.7556732129318,127.7556732129318,pobre,0,3,0.0,254.0,1.0,49.0,6,31,24196,0,1.0
98,0.0,1.0,6.1220002,1.0,0.0,17,127.7556732129318,127.7556732129318,pobre,0,3,0.0,254.0,1.0,49.0,7,31,24196,0,1.0
97,1.0,1.0,6.1220002,1.0,3.0,17,127.7556732129318,127.7556732129318,pobre,0,3,0.0,254.0,1.0,49.0,13,31,24197,3,1.0
98,1.0,1.0,6.1220002,1.0,4.0,17,127.7556732129318,127.7556732129318,pobre,0,3,0.0,254.0,1.0,49.0,14,31,24197,3,1.0
97,0.0,1.0,6.1220002,1.0,2.0,17,127.7556732129318,127.7556732129318,pobre,0,3,0.0,254.0,1.0,49.0,9,31,24198,2,1.0
98,0.0,1.0,6.1220002,1.0,3.0,17,127.7556732129318,127.7556732129318,pobre,0,3,0.0,254.0,1.0,49.0,10,31,24198,2,1.0
97,0.0,1.0,6.1220002,1.0,1.0,17,127.7556732129318,127.7556732129318,pobre,0,3,0.0,254.0,1.0,49.0,6,31,24199,1,1.0
98,0.0,1.0,6.1220002,1.0,2.0,17,127.7556732129318,127.7556732129318,pobre,0,3,0.0,254.0,1.0,49.0,7,31,24199,1,1.0
97,0.0,1.0,6.1220002,0.0,3.0,8,127.7556732129318,127.7556732129318,pobre,0,0,500.0,508.0,1.0,54.0,16,31,24200,3,0.0
98,0.0,1.0,6.1220002,,,8,127.7556732129318,127.7556732129318,pobre,0,0,500.0,508.0,1.0,54.0,17,31,24200,3,0.0
97,0.0,1.0,6.1220002,0.0,3.0,8,127.7556732129318,127.7556732129318,pobre,0,0,500.0,508.0,1.0,54.0,10,31,24201,3,0.0
98,0.0,1.0,6.1220002,0.0,4.0,8,127.7556732129318,127.7556732129318,pobre,0,0,500.0,508.0,1.0,54.0,11,31,24201,3,0.0
97,0.0,1.0,6.1220002,1.0,2.0,8,127.7556732129318,127.7556732129318,pobre,0,0,500.0,508.0,1.0,54.0,8,31,24202,2,1.0
98,0.0,1.0,6.1220002,1.0,3.0,8,127.7556732129318,127.7556732129318,pobre,0,0,500.0,508.0,1.0,54.0,9,31,24202,2,1.0
97,1.0,1.0,6.1220002,0.0,4.0,3,127.7556732129318,127.7556732129318,pobre,0,0,0.0,620.0,0.0,66.0,15,31,24203,4,0.0
98,1.0,1.0,6.1220002,,,3,127.7556732129318,127.7556732129318,pobre,0,0,0.0,620.0,0.0,66.0,16,31,24203,4,0.0
97,0.0,1.0,6.1220002,1.0,3.0,3,127.7556732129318,127.7556732129318,pobre,0,0,0.0,620.0,0.0,66.0,13,31,24204,3,1.0
98,0.0,1.0,6.1220002,,,3,127.7556732129318,127.7556732129318,pobre,0,0,0.0,620.0,0.0,66.0,14,31,24204,3,1.0
97,0.0,1.0,6.1220002,1.0,2.0,5,127.7556732129318,127.7556732129318,pobre,0,2,375.0,561.0,1.0,44.0,8,31,24205,2,1.0
98,0.0,1.0,6.1220002,1.0,3.0,5,127.7556732129318,127.7556732129318,pobre,0,2,375.0,561.0,1.0,44.0,9,31,24205,2,1.0
97,0.0,1.0,6.1220002,1.0,1.0,5,127.7556732129318,127.7556732129318,pobre,0,2,375.0,561.0,1.0,44.0,6,31,24206,1,1.0
98,0.0,1.0,6.1220002,1.0,0.0,5,127.7556732129318,127.7556732129318,pobre,0,2,375.0,561.0,1.0,44.0,7,31,24206,1,1.0
97,1.0,1.0,6.1220002,0.0,4.0,6,127.7556732129318,127.7556732129318,pobre,0,2,0.0,725.0,1.0,43.0,16,31,24207,4,0.0
98,1.0,1.0,6.1220002,,,6,127.7556732129318,127.7556732129318,pobre,0,2,0.0,725.0,1.0,43.0,17,31,24207,4,0.0
97,1.0,1.0,6.1220002,1.0,8.0,6,127.7556732129318,127.7556732129318,pobre,0,2,0.0,725.0,1.0,43.0,14,31,24208,8,1.0
98,1.0,1.0,6.1220002,1.0,9.0,6,127.7556732129318,127.7556732129318,pobre,0,2,0.0,725.0,1.0,43.0,15,31,24208,8,1.0
97,1.0,1.0,6.1220002,1.0,2.0,6,127.7556732129318,127.7556732129318,pobre,0,2,0.0,725.0,1.0,43.0,10,31,24209,2,1.0
98,1.0,1.0,6.1220002,1.0,3.0,6,127.7556732129318,127.7556732129318,pobre,0,2,0.0,725.0,1.0,43.0,11,31,24209,2,1.0
97,0.0,1.0,6.1220002,0.0,3.0,8,127.7556732129318,127.7556732129318,pobre,0,0,0.0,487.0,1.0,43.0,12,31,24210,3,0.0
98,0.0,1.0,6.1220002,0.0,4.0,8,127.7556732129318,127.7556732129318,pobre,0,0,0.0,487.0,1.0,43.0,13,31,24210,3,0.0
97,0.0,1.0,6.1220002,1.0,4.0,8,127.7556732129318,127.7556732129318,pobre,0,0,0.0,487.0,1.0,43.0,11,31,24211,4,1.0
98,0.0,1.0,6.1220002,1.0,4.0,8,127.7556732129318,127.7556732129318,pobre,0,0,0.0,487.0,1.0,43.0,12,31,24211,4,1.0
97,1.0,1.0,6.1220002,1.0,1.0,8,127.7556732129318,127.7556732129318,pobre,0,0,0.0,487.0,1.0,43.0,9,31,24212,1,1.0
98,1.0,1.0,6.1220002,1.0,2.0,8,127.7556732129318,127.7556732129318,pobre,0,0,0.0,487.0,1.0,43.0,10,31,24212,1,1.0
97,1.0,1.0,6.1220002,1.0,3.0,3,127.7556732129318,127.7556732129318,pobre,0,4,0.0,607.0,1.0,20.0,14,31,24213,3,1.0
98,1.0,1.0,6.1220002,0.0,4.0,3,127.7556732129318,127.7556732129318,pobre,0,4,0.0,607.0,1.0,20.0,15,31,24213,3,1.0
97,0.0,1.0,6.1220002,1.0,5.0,7,127.7556732129318,127.7556732129318,pobre,0,1,360.0,503.0,1.0,42.0,12,31,24214,5,1.0
98,0.0,1.0,6.1220002,0.0,4.0,7,127.7556732129318,127.7556732129318,pobre,0,1,360.0,503.0,1.0,42.0,13,31,24214,5,1.0
97,1.0,1.0,6.1220002,1.0,3.0,7,127.7556732129318,127.7556732129318,pobre,0,1,360.0,503.0,1.0,42.0,10,31,24215,3,1.0
98,1.0,1.0,6.1220002,1.0,4.0,7,127.7556732129318,127.7556732129318,pobre,0,1,360.0,503.0,1.0,42.0,11,31,24215,3,1.0
97,0.0,1.0,6.1220002,1.0,2.0,7,127.7556732129318,127.7556732129318,pobre,0,1,360.0,503.0,1.0,42.0,8,31,24216,2,1.0
98,0.0,1.0,6.1220002,1.0,3.0,7,127.7556732129318,127.7556732129318,pobre,0,1,360.0,503.0,1.0,42.0,9,31,24216,2,1.0
97,1.0,1.0,6.1220002,1.0,1.0,7,127.7556732129318,127.7556732129318,pobre,0,1,360.0,503.0,1.0,42.0,6,31,24217,1,1.0
98,1.0,1.0,6.1220002,1.0,0.0,7,127.7556732129318,127.7556732129318,pobre,0,1,360.0,503.0,1.0,42.0,7,31,24217,1,1.0
97,0.0,1.0,6.1220002,1.0,2.0,3,127.7556732129318,127.7556732129318,pobre,0,1,360.0,646.0,0.0,50.0,13,31,24218,2,1.0
98,0.0,1.0,6.1220002,0.0,3.0,3,127.7556732129318,127.7556732129318,pobre,0,1,360.0,646.0,0.0,50.0,14,31,24218,2,1.0
97,1.0,1.0,9.448,1.0,3.0,9,119.1140711102056,119.1140711102056,pobre,basal,0,0.0,540.5,1.0,49.0,11,15,24219,3,1.0
98,1.0,1.0,9.448,1.0,4.0,9,119.1140711102056,119.1140711102056,pobre,basal,0,0.0,540.5,1.0,49.0,12,15,24219,3,1.0
97,1.0,1.0,9.448,1.0,1.0,9,119.1140711102056,119.1140711102056,pobre,basal,0,0.0,540.5,1.0,49.0,9,15,24220,1,1.0
98,1.0,1.0,9.448,1.0,2.0,9,119.1140711102056,119.1140711102056,pobre,basal,0,0.0,540.5,1.0,49.0,10,15,24220,1,1.0
97,1.0,1.0,9.448,1.0,2.0,9,119.1140711102056,119.1140711102056,pobre,basal,0,0.0,540.5,1.0,49.0,8,15,24221,2,1.0
98,1.0,1.0,9.448,1.0,3.0,9,119.1140711102056,119.1140711102056,pobre,basal,0,0.0,540.5,1.0,49.0,9,15,24221,2,1.0
97,1.0,1.0,9.448,1.0,1.0,6,119.1140711102056,119.1140711102056,pobre,basal,0,0.0,608.0,0.0,53.0,13,15,24222,1,1.0
98,1.0,1.0,9.448,1.0,2.0,6,119.1140711102056,119.1140711102056,pobre,basal,0,0.0,608.0,0.0,53.0,14,15,24222,1,1.0
97,1.0,1.0,9.448,1.0,1.0,6,119.1140711102056,119.1140711102056,pobre,basal,0,0.0,608.0,0.0,53.0,10,15,24223,1,1.0
98,1.0,1.0,9.448,1.0,1.0,6,119.1140711102056,119.1140711102056,pobre,basal,0,0.0,608.0,0.0,53.0,11,15,24223,1,1.0
97,1.0,1.0,9.448,0.0,6.0,8,119.1140711102056,119.1140711102056,pobre,basal,0,0.0,529.0,1.0,42.0,16,15,24224,6,0.0
98,1.0,1.0,9.448,,,8,119.1140711102056,119.1140711102056,pobre,basal,0,0.0,529.0,1.0,42.0,17,15,24224,6,0.0
97,0.0,1.0,9.448,1.0,2.0,8,119.1140711102056,119.1140711102056,pobre,basal,0,0.0,529.0,1.0,42.0,11,15,24225,2,1.0
98,0.0,1.0,9.448,0.0,3.0,8,119.1140711102056,119.1140711102056,pobre,basal,0,0.0,529.0,1.0,42.0,12,15,24225,2,1.0
97,0.0,1.0,9.448,1.0,2.0,4,119.1140711102056,119.1140711102056,pobre,basal,0,0.0,644.0,1.0,32.0,9,15,24226,2,1.0
98,0.0,1.0,9.448,1.0,3.0,4,119.1140711102056,119.1140711102056,pobre,basal,0,0.0,644.0,1.0,32.0,10,15,24226,2,1.0
97,0.0,1.0,9.448,1.0,2.0,6,119.1140711102056,119.1140711102056,pobre,basal,0,0.0,549.0,1.0,27.0,8,15,24227,2,1.0
98,0.0,1.0,9.448,1.0,4.0,6,119.1140711102056,119.1140711102056,pobre,basal,0,0.0,549.0,1.0,27.0,9,15,24227,2,1.0
97,1.0,1.0,9.448,1.0,1.0,6,119.1140711102056,119.1140711102056,pobre,basal,0,0.0,549.0,1.0,27.0,7,15,24228,1,1.0
98,1.0,1.0,9.448,1.0,3.0,6,119.1140711102056,119.1140711102056,pobre,basal,0,0.0,549.0,1.0,27.0,8,15,24228,1,1.0
97,1.0,1.0,9.448,1.0,0.0,6,119.1140711102056,119.1140711102056,pobre,basal,0,0.0,549.0,1.0,27.0,6,15,24229,0,1.0
98,1.0,1.0,9.448,,,6,119.1140711102056,119.1140711102056,pobre,basal,0,0.0,549.0,1.0,27.0,7,15,24229,0,1.0
97,0.0,1.0,9.448,0.0,6.0,6,119.1140711102056,119.1140711102056,pobre,basal,0,0.0,605.0,1.0,45.0,14,15,24230,6,0.0
98,0.0,1.0,9.448,1.0,4.0,6,119.1140711102056,119.1140711102056,pobre,basal,0,0.0,605.0,1.0,45.0,15,15,24230,6,0.0
97,0.0,1.0,9.448,1.0,5.0,6,119.1140711102056,119.1140711102056,pobre,basal,0,0.0,605.0,1.0,45.0,11,15,24231,5,1.0
98,0.0,1.0,9.448,1.0,3.0,6,119.1140711102056,119.1140711102056,pobre,basal,0,0.0,605.0,1.0,45.0,12,15,24231,5,1.0
97,1.0,1.0,9.448,,0.0,6,119.1140711102056,119.1140711102056,pobre,basal,0,0.0,605.0,1.0,45.0,7,15,24232,0,
98,1.0,1.0,9.448,1.0,2.0,6,119.1140711102056,119.1140711102056,pobre,basal,0,0.0,605.0,1.0,45.0,8,15,24232,0,
97,1.0,1.0,9.448,1.0,4.0,7,119.1140711102056,119.1140711102056,pobre,basal,0,0.0,558.5,1.0,47.0,16,15,24233,4,1.0
98,1.0,1.0,9.448,,,7,119.1140711102056,119.1140711102056,pobre,basal,0,0.0,558.5,1.0,47.0,17,15,24233,4,1.0
97,1.0,1.0,9.448,1.0,2.0,7,119.1140711102056,119.1140711102056,pobre,basal,0,0.0,558.5,1.0,47.0,7,15,24234,2,1.0
98,1.0,1.0,9.448,1.0,3.0,7,119.1140711102056,119.1140711102056,pobre,basal,0,0.0,558.5,1.0,47.0,8,15,24234,2,1.0
97,0.0,1.0,9.448,,0.0,7,119.1140711102056,119.1140711102056,pobre,basal,0,0.0,558.5,1.0,47.0,6,15,24235,0,
98,0.0,1.0,9.448,1.0,2.0,7,119.1140711102056,119.1140711102056,pobre,basal,0,0.0,558.5,1.0,47.0,7,15,24235,0,
97,0.0,1.0,9.448,,0.0,7,119.1140711102056,119.1140711102056,pobre,basal,0,0.0,528.5,1.0,27.0,8,15,24236,0,
98,0.0,1.0,9.448,,,7,119.1140711102056,119.1140711102056,pobre,basal,0,0.0,528.5,1.0,27.0,9,15,24236,0,
97,0.0,1.0,9.448,1.0,1.0,7,119.1140711102056,119.1140711102056,pobre,basal,0,0.0,528.5,1.0,27.0,7,15,24237,1,1.0
98,0.0,1.0,9.448,1.0,1.0,7,119.1140711102056,119.1140711102056,pobre,basal,0,0.0,528.5,1.0,27.0,8,15,24237,1,1.0
97,0.0,1.0,9.448,1.0,0.0,7,119.1140711102056,119.1140711102056,pobre,basal,0,0.0,528.5,1.0,27.0,6,15,24238,0,1.0
98,0.0,1.0,9.448,1.0,0.0,7,119.1140711102056,119.1140711102056,pobre,basal,0,0.0,528.5,1.0,27.0,7,15,24238,0,1.0
97,1.0,1.0,9.448,1.0,4.0,10,119.1140711102056,119.1140711102056,pobre,basal,0,0.0,540.33002,1.0,40.0,14,15,24239,4,1.0
98,1.0,1.0,9.448,1.0,9.0,10,119.1140711102056,119.1140711102056,pobre,basal,0,0.0,540.33002,1.0,40.0,15,15,24239,4,1.0
97,1.0,1.0,9.448,1.0,4.0,10,119.1140711102056,119.1140711102056,pobre,basal,0,0.0,540.33002,1.0,40.0,12,15,24240,4,1.0
98,1.0,1.0,9.448,1.0,8.0,10,119.1140711102056,119.1140711102056,pobre,basal,0,0.0,540.33002,1.0,40.0,13,15,24240,4,1.0
97,1.0,1.0,9.448,1.0,0.0,10,119.1140711102056,119.1140711102056,pobre,basal,0,0.0,540.33002,1.0,40.0,8,15,24241,0,1.0
98,1.0,1.0,9.448,1.0,5.0,10,119.1140711102056,119.1140711102056,pobre,basal,0,0.0,540.33002,1.0,40.0,9,15,24241,0,1.0
97,1.0,1.0,9.448,,0.0,10,119.1140711102056,119.1140711102056,pobre,basal,0,0.0,540.33002,1.0,40.0,7,15,24242,0,
98,1.0,1.0,9.448,1.0,3.0,10,119.1140711102056,119.1140711102056,pobre,basal,0,0.0,540.33002,1.0,40.0,8,15,24242,0,
97,1.0,1.0,9.448,1.0,0.0,10,119.1140711102056,119.1140711102056,pobre,basal,0,0.0,540.33002,1.0,40.0,10,15,24243,0,1.0
98,1.0,1.0,9.448,1.0,5.0,10,119.1140711102056,119.1140711102056,pobre,basal,0,0.0,540.33002,1.0,40.0,11,15,24243,0,1.0
97,0.0,1.0,9.448,1.0,1.0,8,119.1140711102056,119.1140711102056,pobre,basal,0,0.0,571.79999,0.0,61.0,9,15,24244,1,1.0
98,0.0,1.0,9.448,1.0,2.0,8,119.1140711102056,119.1140711102056,pobre,basal,0,0.0,571.79999,0.0,61.0,10,15,24244,1,1.0
97,0.0,1.0,9.448,1.0,1.0,8,119.1140711102056,119.1140711102056,pobre,basal,0,0.0,571.79999,0.0,61.0,7,15,24245,1,1.0
98,0.0,1.0,9.448,1.0,1.0,8,119.1140711102056,119.1140711102056,pobre,basal,0,0.0,571.79999,0.0,61.0,8,15,24245,1,1.0
97,0.0,1.0,9.448,,0.0,16,119.1140711102056,119.1140711102056,pobre,basal,0,0.0,496.78,1.0,42.0,15,15,24246,0,
98,0.0,1.0,9.448,0.0,2.0,16,119.1140711102056,119.1140711102056,pobre,basal,0,0.0,496.78,1.0,42.0,16,15,24246,0,
97,1.0,1.0,9.448,1.0,3.0,16,119.1140711102056,119.1140711102056,pobre,basal,0,0.0,496.78,1.0,42.0,11,15,24247,3,1.0
98,1.0,1.0,9.448,1.0,4.0,16,119.1140711102056,119.1140711102056,pobre,basal,0,0.0,496.78,1.0,42.0,12,15,24247,3,1.0
97,1.0,1.0,9.448,1.0,1.0,16,119.1140711102056,119.1140711102056,pobre,basal,0,0.0,496.78,1.0,42.0,8,15,24248,1,1.0
98,1.0,1.0,9.448,1.0,2.0,16,119.1140711102056,119.1140711102056,pobre,basal,0,0.0,496.78,1.0,42.0,9,15,24248,1,1.0
97,1.0,0.0,9.448,1.0,2.0,16,119.1140711102056,119.1140711102056,pobre,basal,0,0.0,496.78,1.0,42.0,6,15,24249,2,1.0
98,1.0,0.0,9.448,1.0,0.0,16,119.1140711102056,119.1140711102056,pobre,basal,0,0.0,496.78,1.0,42.0,7,15,24249,2,1.0
97,0.0,1.0,9.448,1.0,1.0,7,119.1140711102056,119.1140711102056,pobre,basal,0,0.0,533.25,1.0,43.0,12,15,24250,1,1.0
98,0.0,1.0,9.448,,,7,119.1140711102056,119.1140711102056,pobre,basal,0,0.0,533.25,1.0,43.0,13,15,24250,1,1.0
97,1.0,1.0,9.448,1.0,3.0,7,119.1140711102056,119.1140711102056,pobre,basal,0,0.0,533.25,1.0,43.0,10,15,24251,3,1.0
98,1.0,1.0,9.448,1.0,4.0,7,119.1140711102056,119.1140711102056,pobre,basal,0,0.0,533.25,1.0,43.0,11,15,24251,3,1.0
97,1.0,1.0,9.448,0.0,3.0,5,119.1140711102056,119.1140711102056,pobre,basal,0,0.0,614.0,1.0,38.0,16,15,24252,3,0.0
98,1.0,1.0,9.448,,,5,119.1140711102056,119.1140711102056,pobre,basal,0,0.0,614.0,1.0,38.0,17,15,24252,3,0.0
97,1.0,1.0,9.448,1.0,4.0,5,119.1140711102056,119.1140711102056,pobre,basal,0,0.0,614.0,1.0,38.0,14,15,24253,4,1.0
98,1.0,1.0,9.448,1.0,9.0,5,119.1140711102056,119.1140711102056,pobre,basal,0,0.0,614.0,1.0,38.0,15,15,24253,4,1.0
97,1.0,1.0,9.448,1.0,3.0,5,119.1140711102056,119.1140711102056,pobre,basal,0,0.0,614.0,1.0,38.0,13,15,24254,3,1.0
98,1.0,1.0,9.448,1.0,8.0,5,119.1140711102056,119.1140711102056,pobre,basal,0,0.0,614.0,1.0,38.0,14,15,24254,3,1.0
97,0.0,1.0,9.448,1.0,4.0,2,119.1140711102056,119.1140711102056,pobre,basal,0,250.0,640.0,1.0,19.0,15,15,24255,4,1.0
98,0.0,1.0,9.448,,,2,119.1140711102056,119.1140711102056,pobre,basal,0,250.0,640.0,1.0,19.0,16,15,24255,4,1.0
97,1.0,1.0,9.448,,0.0,10,119.1140711102056,119.1140711102056,pobre,basal,0,0.0,524.66998,0.0,40.0,14,15,24256,0,
98,1.0,1.0,9.448,0.0,5.0,10,119.1140711102056,119.1140711102056,pobre,basal,0,0.0,524.66998,0.0,40.0,15,15,24256,0,
97,1.0,1.0,9.448,,0.0,10,119.1140711102056,119.1140711102056,pobre,basal,0,0.0,524.66998,0.0,40.0,10,15,24257,0,
98,1.0,1.0,9.448,1.0,2.0,10,119.1140711102056,119.1140711102056,pobre,basal,0,0.0,524.66998,0.0,40.0,11,15,24257,0,
97,0.0,1.0,9.448,,0.0,7,119.1140711102056,119.1140711102056,pobre,basal,3,0.0,520.20001,1.0,38.0,12,15,24258,0,
98,0.0,1.0,9.448,0.0,5.0,7,119.1140711102056,119.1140711102056,pobre,basal,3,0.0,520.20001,1.0,38.0,13,15,24258,0,
97,0.0,1.0,9.448,0.0,3.0,7,119.1140711102056,119.1140711102056,pobre,basal,3,0.0,520.20001,1.0,38.0,10,15,24259,3,0.0
98,0.0,1.0,9.448,1.0,4.0,7,119.1140711102056,119.1140711102056,pobre,basal,3,0.0,520.20001,1.0,38.0,11,15,24259,3,0.0
97,0.0,1.0,9.448,1.0,1.0,7,119.1140711102056,119.1140711102056,pobre,basal,3,0.0,520.20001,1.0,38.0,8,15,24260,1,1.0
98,0.0,1.0,9.448,1.0,2.0,7,119.1140711102056,119.1140711102056,pobre,basal,3,0.0,520.20001,1.0,38.0,9,15,24260,1,1.0
97,0.0,1.0,9.448,,0.0,5,119.1140711102056,119.1140711102056,pobre,basal,0,0.0,583.66998,1.0,42.0,12,15,24261,0,
98,0.0,1.0,9.448,1.0,6.0,5,119.1140711102056,119.1140711102056,pobre,basal,0,0.0,583.66998,1.0,42.0,13,15,24261,0,
97,0.0,1.0,9.448,1.0,0.0,7,119.1140711102056,119.1140711102056,pobre,basal,6,0.0,522.25,1.0,27.0,9,15,24262,0,1.0
98,0.0,1.0,9.448,,,7,119.1140711102056,119.1140711102056,pobre,basal,6,0.0,522.25,1.0,27.0,10,15,24262,0,1.0
97,0.0,1.0,9.448,1.0,1.0,7,119.1140711102056,119.1140711102056,pobre,basal,6,0.0,522.25,1.0,27.0,8,15,24263,1,1.0
98,0.0,1.0,9.448,,,7,119.1140711102056,119.1140711102056,pobre,basal,6,0.0,522.25,1.0,27.0,9,15,24263,1,1.0
97,1.0,1.0,9.448,0.0,5.0,8,119.1140711102056,119.1140711102056,pobre,basal,0,0.0,570.79999,1.0,44.0,16,15,24264,5,0.0
98,1.0,1.0,9.448,0.0,3.0,8,119.1140711102056,119.1140711102056,pobre,basal,0,0.0,570.79999,1.0,44.0,17,15,24264,5,0.0
97,1.0,1.0,9.448,1.0,3.0,8,119.1140711102056,119.1140711102056,pobre,basal,0,0.0,570.79999,1.0,44.0,13,15,24265,3,1.0
98,1.0,1.0,9.448,1.0,6.0,8,119.1140711102056,119.1140711102056,pobre,basal,0,0.0,570.79999,1.0,44.0,14,15,24265,3,1.0
97,0.0,1.0,9.448,,0.0,8,119.1140711102056,119.1140711102056,pobre,basal,0,0.0,570.79999,1.0,44.0,10,15,24266,0,
98,0.0,1.0,9.448,1.0,4.0,8,119.1140711102056,119.1140711102056,pobre,basal,0,0.0,570.79999,1.0,44.0,11,15,24266,0,
97,1.0,1.0,9.448,0.0,5.0,2,119.1140711102056,119.1140711102056,pobre,basal,0,0.0,658.0,0.0,63.0,16,15,24267,5,0.0
98,1.0,1.0,9.448,,,2,119.1140711102056,119.1140711102056,pobre,basal,0,0.0,658.0,0.0,63.0,17,15,24267,5,0.0
97,1.0,1.0,9.448,1.0,4.0,3,119.1140711102056,119.1140711102056,pobre,basal,0,0.0,611.0,0.0,50.0,14,15,24268,4,1.0
98,1.0,1.0,9.448,,,3,119.1140711102056,119.1140711102056,pobre,basal,0,0.0,611.0,0.0,50.0,15,15,24268,4,1.0
97,1.0,1.0,9.448,1.0,3.0,3,119.1140711102056,119.1140711102056,pobre,basal,0,0.0,611.0,0.0,50.0,12,15,24269,3,1.0
98,1.0,1.0,9.448,0.0,6.0,3,119.1140711102056,119.1140711102056,pobre,basal,0,0.0,611.0,0.0,50.0,13,15,24269,3,1.0
97,0.0,1.0,9.448,1.0,0.0,6,119.1140711102056,119.1140711102056,pobre,basal,0,0.0,582.0,1.0,33.0,7,15,24270,0,1.0
98,0.0,1.0,9.448,,,6,119.1140711102056,119.1140711102056,pobre,basal,0,0.0,582.0,1.0,33.0,8,15,24270,0,1.0
97,1.0,1.0,9.448,1.0,3.0,7,119.1140711102056,119.1140711102056,pobre,basal,0,0.0,580.0,1.0,59.0,12,15,24271,3,1.0
98,1.0,1.0,9.448,0.0,2.0,7,119.1140711102056,119.1140711102056,pobre,basal,0,0.0,580.0,1.0,59.0,13,15,24271,3,1.0
97,1.0,1.0,9.448,1.0,2.0,7,119.1140711102056,119.1140711102056,pobre,basal,0,0.0,580.0,1.0,59.0,10,15,24272,2,1.0
98,1.0,1.0,9.448,1.0,2.0,7,119.1140711102056,119.1140711102056,pobre,basal,0,0.0,580.0,1.0,59.0,11,15,24272,2,1.0
97,0.0,1.0,9.448,1.0,0.0,5,119.1140711102056,119.1140711102056,pobre,basal,0,0.0,571.5,1.0,28.0,6,15,24273,0,1.0
98,0.0,1.0,9.448,1.0,1.0,5,119.1140711102056,119.1140711102056,pobre,basal,0,0.0,571.5,1.0,28.0,7,15,24273,0,1.0
97,1.0,0.0,7.0760002,1.0,4.0,8,119.0224308233175,119.0224308233175,pobre,0,3,250.0,585.0,1.0,35.0,13,16,24274,4,1.0
98,1.0,0.0,7.0760002,1.0,5.0,8,119.0224308233175,119.0224308233175,pobre,0,3,250.0,585.0,1.0,35.0,14,16,24274,4,1.0
97,1.0,0.0,7.0760002,1.0,4.0,8,119.0224308233175,119.0224308233175,pobre,0,3,250.0,585.0,1.0,35.0,10,16,24275,4,1.0
98,1.0,0.0,7.0760002,1.0,5.0,8,119.0224308233175,119.0224308233175,pobre,0,3,250.0,585.0,1.0,35.0,11,16,24275,4,1.0
97,0.0,0.0,7.0760002,1.0,3.0,8,119.0224308233175,119.0224308233175,pobre,0,3,250.0,585.0,1.0,35.0,9,16,24276,3,1.0
98,0.0,0.0,7.0760002,1.0,4.0,8,119.0224308233175,119.0224308233175,pobre,0,3,250.0,585.0,1.0,35.0,10,16,24276,3,1.0
97,0.0,0.0,7.0760002,1.0,2.0,8,119.0224308233175,119.0224308233175,pobre,0,3,250.0,585.0,1.0,35.0,7,16,24277,2,1.0
98,0.0,0.0,7.0760002,1.0,3.0,8,119.0224308233175,119.0224308233175,pobre,0,3,250.0,585.0,1.0,35.0,8,16,24277,2,1.0
97,1.0,1.0,7.0760002,1.0,3.0,5,119.0224308233175,119.0224308233175,pobre,0,3,250.0,642.0,1.0,29.0,8,16,24278,3,1.0
98,1.0,1.0,7.0760002,,,5,119.0224308233175,119.0224308233175,pobre,0,3,250.0,642.0,1.0,29.0,9,16,24278,3,1.0
97,1.0,1.0,7.0760002,1.0,0.0,5,119.0224308233175,119.0224308233175,pobre,0,3,250.0,642.0,1.0,29.0,6,16,24279,0,1.0
98,1.0,1.0,7.0760002,,,5,119.0224308233175,119.0224308233175,pobre,0,3,250.0,642.0,1.0,29.0,7,16,24279,0,1.0
97,0.0,1.0,7.0760002,1.0,4.0,8,119.0224308233175,119.0224308233175,pobre,0,1,250.0,689.66998,1.0,36.0,11,16,24280,4,1.0
98,0.0,1.0,7.0760002,1.0,5.0,8,119.0224308233175,119.0224308233175,pobre,0,1,250.0,689.66998,1.0,36.0,12,16,24280,4,1.0
97,1.0,1.0,7.0760002,1.0,3.0,8,119.0224308233175,119.0224308233175,pobre,0,1,250.0,689.66998,1.0,36.0,10,16,24281,3,1.0
98,1.0,1.0,7.0760002,1.0,4.0,8,119.0224308233175,119.0224308233175,pobre,0,1,250.0,689.66998,1.0,36.0,11,16,24281,3,1.0
97,1.0,1.0,7.0760002,1.0,1.0,8,119.0224308233175,119.0224308233175,pobre,0,1,250.0,689.66998,1.0,36.0,7,16,24282,1,1.0
98,1.0,1.0,7.0760002,1.0,2.0,8,119.0224308233175,119.0224308233175,pobre,0,1,250.0,689.66998,1.0,36.0,8,16,24282,1,1.0
97,0.0,1.0,4.7709999,1.0,0.0,4,160.0704471144301,181.1241535717625,pobre,0,0,625.0,749.0,1.0,55.0,6,30,24283,0,1.0
98,0.0,1.0,4.7709999,1.0,0.0,4,160.0704471144301,181.1241535717625,pobre,0,0,625.0,749.0,1.0,55.0,7,30,24283,0,1.0
97,1.0,1.0,4.7709999,1.0,1.0,5,160.0704471144301,181.1241535717625,pobre,0,7,600.0,758.5,1.0,28.0,7,30,24284,1,1.0
98,1.0,1.0,4.7709999,1.0,1.0,5,160.0704471144301,181.1241535717625,pobre,0,7,600.0,758.5,1.0,28.0,8,30,24284,1,1.0
97,1.0,1.0,4.7709999,0.0,6.0,5,160.0704471144301,181.1241535717625,pobre,0,2,480.0,743.75,1.0,45.0,13,30,24285,6,0.0
98,1.0,1.0,4.7709999,0.0,6.0,5,160.0704471144301,181.1241535717625,pobre,0,2,480.0,743.75,1.0,45.0,14,30,24285,6,0.0
97,0.0,1.0,4.7709999,1.0,4.0,5,160.0704471144301,181.1241535717625,pobre,0,2,480.0,743.75,1.0,45.0,10,30,24286,4,1.0
98,0.0,1.0,4.7709999,1.0,5.0,5,160.0704471144301,181.1241535717625,pobre,0,2,480.0,743.75,1.0,45.0,11,30,24286,4,1.0
97,0.0,1.0,4.7709999,1.0,2.0,4,160.0704471144301,181.1241535717625,pobre,0,1,480.0,652.0,1.0,44.0,8,30,24287,2,1.0
98,0.0,1.0,4.7709999,1.0,3.0,4,160.0704471144301,181.1241535717625,pobre,0,1,480.0,652.0,1.0,44.0,9,30,24287,2,1.0
97,1.0,1.0,4.7709999,1.0,1.0,4,160.0704471144301,181.1241535717625,pobre,0,1,480.0,652.0,1.0,44.0,7,30,24288,1,1.0
98,1.0,1.0,4.7709999,1.0,1.0,4,160.0704471144301,181.1241535717625,pobre,0,1,480.0,652.0,1.0,44.0,8,30,24288,1,1.0
97,1.0,1.0,4.7709999,0.0,6.0,7,160.0704471144301,181.1241535717625,pobre,0,0,500.0,727.0,1.0,57.0,14,30,24289,6,0.0
98,1.0,1.0,4.7709999,0.0,6.0,7,160.0704471144301,181.1241535717625,pobre,0,0,500.0,727.0,1.0,57.0,15,30,24289,6,0.0
97,0.0,1.0,4.7709999,1.0,1.0,7,160.0704471144301,181.1241535717625,pobre,0,0,500.0,727.0,1.0,57.0,8,30,24290,1,1.0
98,0.0,1.0,4.7709999,1.0,2.0,7,160.0704471144301,181.1241535717625,pobre,0,0,500.0,727.0,1.0,57.0,9,30,24290,1,1.0
97,0.0,1.0,4.7709999,0.0,6.0,5,160.0704471144301,181.1241535717625,pobre,0,0,1250.0,730.75,1.0,53.0,13,30,24291,6,0.0
98,0.0,1.0,4.7709999,0.0,6.0,5,160.0704471144301,181.1241535717625,pobre,0,0,1250.0,730.75,1.0,53.0,14,30,24291,6,0.0
97,0.0,1.0,4.7709999,1.0,2.0,5,160.0704471144301,181.1241535717625,pobre,0,0,1250.0,730.75,1.0,53.0,8,30,24292,2,1.0
98,0.0,1.0,4.7709999,1.0,3.0,5,160.0704471144301,181.1241535717625,pobre,0,0,1250.0,730.75,1.0,53.0,9,30,24292,2,1.0
97,0.0,1.0,4.7709999,1.0,5.0,4,160.0704471144301,181.1241535717625,pobre,0,5,500.0,792.0,1.0,35.0,16,30,24293,5,1.0
98,0.0,1.0,4.7709999,,,4,160.0704471144301,181.1241535717625,pobre,0,5,500.0,792.0,1.0,35.0,17,30,24293,5,1.0
97,1.0,1.0,4.7709999,1.0,4.0,4,160.0704471144301,181.1241535717625,pobre,0,5,500.0,792.0,1.0,35.0,12,30,24294,4,1.0
98,1.0,1.0,4.7709999,1.0,5.0,4,160.0704471144301,181.1241535717625,pobre,0,5,500.0,792.0,1.0,35.0,13,30,24294,4,1.0
97,1.0,1.0,4.7709999,1.0,3.0,5,160.0704471144301,181.1241535717625,pobre,0,2,500.0,744.75,1.0,40.0,12,30,24295,3,1.0
98,1.0,1.0,4.7709999,1.0,3.0,5,160.0704471144301,181.1241535717625,pobre,0,2,500.0,744.75,1.0,40.0,13,30,24295,3,1.0
97,0.0,1.0,4.7709999,1.0,3.0,5,160.0704471144301,181.1241535717625,pobre,0,2,500.0,744.75,1.0,40.0,9,30,24296,3,1.0
98,0.0,1.0,4.7709999,1.0,3.0,5,160.0704471144301,181.1241535717625,pobre,0,2,500.0,744.75,1.0,40.0,10,30,24296,3,1.0
97,0.0,1.0,4.7709999,1.0,2.0,5,160.0704471144301,181.1241535717625,pobre,0,2,500.0,744.75,1.0,40.0,7,30,24297,2,1.0
98,0.0,1.0,4.7709999,1.0,2.0,5,160.0704471144301,181.1241535717625,pobre,0,2,500.0,744.75,1.0,40.0,8,30,24297,2,1.0
97,0.0,1.0,4.7709999,1.0,5.0,5,160.0704471144301,181.1241535717625,pobre,0,0,480.0,593.66998,1.0,44.0,12,30,24298,5,1.0
98,0.0,1.0,4.7709999,0.0,6.0,5,160.0704471144301,181.1241535717625,pobre,0,0,480.0,593.66998,1.0,44.0,13,30,24298,5,1.0
97,0.0,1.0,4.7709999,1.0,3.0,5,160.0704471144301,181.1241535717625,pobre,0,0,480.0,593.66998,1.0,44.0,10,30,24299,3,1.0
98,0.0,1.0,4.7709999,1.0,4.0,5,160.0704471144301,181.1241535717625,pobre,0,0,480.0,593.66998,1.0,44.0,11,30,24299,3,1.0
97,1.0,1.0,4.7709999,1.0,5.0,11,160.0704471144301,181.1241535717625,pobre,0,0,480.0,596.83002,1.0,53.0,13,30,24300,5,1.0
98,1.0,1.0,4.7709999,0.0,6.0,11,160.0704471144301,181.1241535717625,pobre,0,0,480.0,596.83002,1.0,53.0,14,30,24300,5,1.0
97,1.0,1.0,4.7709999,1.0,3.0,11,160.0704471144301,181.1241535717625,pobre,0,0,480.0,596.83002,1.0,53.0,11,30,24301,3,1.0
98,1.0,1.0,4.7709999,1.0,3.0,11,160.0704471144301,181.1241535717625,pobre,0,0,480.0,596.83002,1.0,53.0,12,30,24301,3,1.0
97,1.0,1.0,4.7709999,1.0,2.0,11,160.0704471144301,181.1241535717625,pobre,0,0,480.0,596.83002,1.0,53.0,8,30,24302,2,1.0
98,1.0,1.0,4.7709999,1.0,2.0,11,160.0704471144301,181.1241535717625,pobre,0,0,480.0,596.83002,1.0,53.0,9,30,24302,2,1.0
97,1.0,1.0,4.7709999,1.0,3.0,5,160.0704471144301,181.1241535717625,pobre,0,0,480.0,651.75,1.0,57.0,14,30,24303,3,1.0
98,1.0,1.0,4.7709999,0.0,4.0,5,160.0704471144301,181.1241535717625,pobre,0,0,480.0,651.75,1.0,57.0,15,30,24303,3,1.0
97,0.0,1.0,4.7709999,0.0,2.0,8,160.0704471144301,181.1241535717625,pobre,0,2,600.0,589.66998,1.0,35.0,13,30,24304,2,0.0
98,0.0,1.0,4.7709999,0.0,3.0,8,160.0704471144301,181.1241535717625,pobre,0,2,600.0,589.66998,1.0,35.0,14,30,24304,2,0.0
97,1.0,1.0,4.7709999,,0.0,8,160.0704471144301,181.1241535717625,pobre,0,2,600.0,589.66998,1.0,35.0,7,30,24305,0,
98,1.0,1.0,4.7709999,1.0,1.0,8,160.0704471144301,181.1241535717625,pobre,0,2,600.0,589.66998,1.0,35.0,8,30,24305,0,
97,0.0,1.0,4.7709999,0.0,9.0,9,160.0704471144301,181.1241535717625,pobre,0,2,0.0,584.75,1.0,41.0,16,30,24306,9,0.0
98,0.0,1.0,4.7709999,,,9,160.0704471144301,181.1241535717625,pobre,0,2,0.0,584.75,1.0,41.0,17,30,24306,9,0.0
97,0.0,1.0,4.7709999,1.0,7.0,9,160.0704471144301,181.1241535717625,pobre,0,2,0.0,584.75,1.0,41.0,15,30,24307,7,1.0
98,0.0,1.0,4.7709999,1.0,8.0,9,160.0704471144301,181.1241535717625,pobre,0,2,0.0,584.75,1.0,41.0,16,30,24307,7,1.0
97,0.0,1.0,4.7709999,1.0,2.0,9,160.0704471144301,181.1241535717625,pobre,0,2,0.0,584.75,1.0,41.0,9,30,24308,2,1.0
98,0.0,1.0,4.7709999,1.0,3.0,9,160.0704471144301,181.1241535717625,pobre,0,2,0.0,584.75,1.0,41.0,10,30,24308,2,1.0
97,0.0,1.0,4.7709999,1.0,1.0,9,160.0704471144301,181.1241535717625,pobre,0,2,0.0,584.75,1.0,41.0,8,30,24309,1,1.0
98,0.0,1.0,4.7709999,1.0,2.0,9,160.0704471144301,181.1241535717625,pobre,0,2,0.0,584.75,1.0,41.0,9,30,24309,1,1.0
97,1.0,1.0,4.7709999,1.0,1.0,3,160.0704471144301,181.1241535717625,pobre,0,0,0.0,657.0,1.0,68.0,8,30,24310,1,1.0
98,1.0,1.0,4.7709999,1.0,2.0,3,160.0704471144301,181.1241535717625,pobre,0,0,0.0,657.0,1.0,68.0,9,30,24310,1,1.0
97,1.0,1.0,4.7709999,1.0,2.0,6,160.0704471144301,181.1241535717625,pobre,0,0,0.0,645.0,1.0,42.0,12,30,24311,2,1.0
98,1.0,1.0,4.7709999,1.0,3.0,6,160.0704471144301,181.1241535717625,pobre,0,0,0.0,645.0,1.0,42.0,13,30,24311,2,1.0
97,1.0,1.0,4.7709999,0.0,2.0,4,160.0704471144301,181.1241535717625,pobre,0,1,625.0,772.33002,1.0,41.0,15,30,24312,2,0.0
98,1.0,1.0,4.7709999,0.0,3.0,4,160.0704471144301,181.1241535717625,pobre,0,1,625.0,772.33002,1.0,41.0,16,30,24312,2,0.0
97,1.0,1.0,4.7709999,1.0,5.0,4,160.0704471144301,181.1241535717625,pobre,0,1,625.0,772.33002,1.0,41.0,13,30,24313,5,1.0
98,1.0,1.0,4.7709999,1.0,6.0,4,160.0704471144301,181.1241535717625,pobre,0,1,625.0,772.33002,1.0,41.0,14,30,24313,5,1.0
97,1.0,1.0,4.7709999,,0.0,6,160.0704471144301,181.1241535717625,pobre,0,0,625.0,568.46997,1.0,34.0,13,30,24314,0,
98,1.0,1.0,4.7709999,0.0,6.0,6,160.0704471144301,181.1241535717625,pobre,0,0,625.0,568.46997,1.0,34.0,14,30,24314,0,
97,0.0,1.0,4.7709999,,0.0,6,160.0704471144301,181.1241535717625,pobre,0,0,625.0,568.46997,1.0,34.0,11,30,24315,0,
98,0.0,1.0,4.7709999,1.0,5.0,6,160.0704471144301,181.1241535717625,pobre,0,0,625.0,568.46997,1.0,34.0,12,30,24315,0,
97,0.0,1.0,4.7709999,,0.0,6,160.0704471144301,181.1241535717625,pobre,0,0,625.0,568.46997,1.0,34.0,7,30,24316,0,
98,0.0,1.0,4.7709999,1.0,0.0,6,160.0704471144301,181.1241535717625,pobre,0,0,625.0,568.46997,1.0,34.0,8,30,24316,0,
97,0.0,1.0,4.7709999,1.0,3.0,5,160.0704471144301,181.1241535717625,pobre,0,0,500.0,683.5,1.0,24.0,6,30,24317,3,1.0
98,0.0,1.0,4.7709999,1.0,1.0,5,160.0704471144301,181.1241535717625,pobre,0,0,500.0,683.5,1.0,24.0,7,30,24317,3,1.0
97,0.0,1.0,4.7709999,0.0,2.0,8,160.0704471144301,181.1241535717625,pobre,0,2,0.0,583.66998,1.0,37.0,14,30,24318,2,0.0
98,0.0,1.0,4.7709999,0.0,3.0,8,160.0704471144301,181.1241535717625,pobre,0,2,0.0,583.66998,1.0,37.0,15,30,24318,2,0.0
97,1.0,1.0,4.7709999,0.0,1.0,8,160.0704471144301,181.1241535717625,pobre,0,2,0.0,583.66998,1.0,37.0,12,30,24319,1,0.0
98,1.0,1.0,4.7709999,1.0,2.0,8,160.0704471144301,181.1241535717625,pobre,0,2,0.0,583.66998,1.0,37.0,13,30,24319,1,0.0
97,0.0,1.0,4.7709999,1.0,1.0,8,160.0704471144301,181.1241535717625,pobre,0,2,0.0,583.66998,1.0,37.0,7,30,24320,1,1.0
98,0.0,1.0,4.7709999,1.0,2.0,8,160.0704471144301,181.1241535717625,pobre,0,2,0.0,583.66998,1.0,37.0,8,30,24320,1,1.0
97,0.0,1.0,4.7709999,0.0,6.0,5,160.0704471144301,181.1241535717625,pobre,0,2,0.0,674.0,1.0,64.0,15,30,24321,6,0.0
98,0.0,1.0,4.7709999,0.0,6.0,5,160.0704471144301,181.1241535717625,pobre,0,2,0.0,674.0,1.0,64.0,16,30,24321,6,0.0
97,1.0,1.0,4.7709999,,0.0,5,160.0704471144301,181.1241535717625,pobre,0,6,625.0,595.5,1.0,32.0,7,30,24322,0,
98,1.0,1.0,4.7709999,1.0,2.0,5,160.0704471144301,181.1241535717625,pobre,0,6,625.0,595.5,1.0,32.0,8,30,24322,0,
97,1.0,1.0,4.7709999,,0.0,5,160.0704471144301,181.1241535717625,no pobre,0,0,375.0,756.21997,1.0,56.0,15,30,24323,0,
98,1.0,1.0,4.7709999,,,5,160.0704471144301,181.1241535717625,no pobre,0,0,375.0,756.21997,1.0,56.0,16,30,24323,0,
97,0.0,1.0,4.7709999,1.0,3.0,8,160.0704471144301,181.1241535717625,pobre,0,0,500.0,706.0,1.0,56.0,10,30,24324,3,1.0
98,0.0,1.0,4.7709999,1.0,4.0,8,160.0704471144301,181.1241535717625,pobre,0,0,500.0,706.0,1.0,56.0,11,30,24324,3,1.0
97,0.0,1.0,4.7709999,,0.0,8,160.0704471144301,181.1241535717625,pobre,0,0,500.0,706.0,1.0,56.0,9,30,24325,0,
98,0.0,1.0,4.7709999,1.0,2.0,8,160.0704471144301,181.1241535717625,pobre,0,0,500.0,706.0,1.0,56.0,10,30,24325,0,
97,0.0,1.0,4.7709999,1.0,0.0,8,160.0704471144301,181.1241535717625,pobre,0,0,500.0,706.0,1.0,56.0,6,30,24326,0,1.0
98,0.0,1.0,4.7709999,,,8,160.0704471144301,181.1241535717625,pobre,0,0,500.0,706.0,1.0,56.0,7,30,24326,0,1.0
97,1.0,1.0,4.7709999,1.0,3.0,8,160.0704471144301,181.1241535717625,pobre,0,0,500.0,706.0,1.0,56.0,15,30,24327,3,1.0
98,1.0,1.0,4.7709999,,,8,160.0704471144301,181.1241535717625,pobre,0,0,500.0,706.0,1.0,56.0,16,30,24327,3,1.0
97,0.0,1.0,4.7709999,0.0,2.0,8,160.0704471144301,181.1241535717625,pobre,0,0,625.0,630.0,1.0,32.0,12,30,24328,2,0.0
98,0.0,1.0,4.7709999,1.0,2.0,8,160.0704471144301,181.1241535717625,pobre,0,0,625.0,630.0,1.0,32.0,13,30,24328,2,0.0
97,1.0,1.0,4.7709999,,0.0,8,160.0704471144301,181.1241535717625,pobre,0,0,625.0,630.0,1.0,32.0,9,30,24329,0,
98,1.0,1.0,4.7709999,1.0,2.0,8,160.0704471144301,181.1241535717625,pobre,0,0,625.0,630.0,1.0,32.0,10,30,24329,0,
97,1.0,1.0,4.7709999,,0.0,8,160.0704471144301,181.1241535717625,pobre,0,0,625.0,630.0,1.0,32.0,7,30,24330,0,
98,1.0,1.0,4.7709999,1.0,1.0,8,160.0704471144301,181.1241535717625,pobre,0,0,625.0,630.0,1.0,32.0,8,30,24330,0,
97,0.0,1.0,4.7709999,,0.0,5,160.0704471144301,181.1241535717625,pobre,0,0,625.0,581.5,1.0,26.0,8,30,24331,0,
98,0.0,1.0,4.7709999,1.0,3.0,5,160.0704471144301,181.1241535717625,pobre,0,0,625.0,581.5,1.0,26.0,9,30,24331,0,
97,1.0,1.0,4.7709999,,0.0,5,160.0704471144301,181.1241535717625,pobre,0,0,625.0,581.5,1.0,26.0,6,30,24332,0,
98,1.0,1.0,4.7709999,1.0,2.0,5,160.0704471144301,181.1241535717625,pobre,0,0,625.0,581.5,1.0,26.0,7,30,24332,0,
97,1.0,1.0,4.7709999,1.0,2.0,5,160.0704471144301,181.1241535717625,pobre,0,0,500.0,590.5,1.0,43.0,9,30,24333,2,1.0
98,1.0,1.0,4.7709999,1.0,3.0,5,160.0704471144301,181.1241535717625,pobre,0,0,500.0,590.5,1.0,43.0,10,30,24333,2,1.0
97,0.0,1.0,4.7709999,0.0,6.0,10,160.0704471144301,181.1241535717625,pobre,0,2,0.0,596.10999,1.0,40.0,16,30,24334,6,0.0
98,0.0,1.0,4.7709999,,,10,160.0704471144301,181.1241535717625,pobre,0,2,0.0,596.10999,1.0,40.0,17,30,24334,6,0.0
97,0.0,1.0,4.7709999,1.0,5.0,10,160.0704471144301,181.1241535717625,pobre,0,2,0.0,596.10999,1.0,40.0,13,30,24335,5,1.0
98,0.0,1.0,4.7709999,1.0,6.0,10,160.0704471144301,181.1241535717625,pobre,0,2,0.0,596.10999,1.0,40.0,14,30,24335,5,1.0
97,1.0,1.0,4.7709999,1.0,5.0,10,160.0704471144301,181.1241535717625,pobre,0,2,0.0,596.10999,1.0,40.0,12,30,24336,5,1.0
98,1.0,1.0,4.7709999,1.0,5.0,10,160.0704471144301,181.1241535717625,pobre,0,2,0.0,596.10999,1.0,40.0,13,30,24336,5,1.0
97,1.0,1.0,4.7709999,1.0,2.0,10,160.0704471144301,181.1241535717625,pobre,0,2,0.0,596.10999,1.0,40.0,11,30,24337,2,1.0
98,1.0,1.0,4.7709999,1.0,3.0,10,160.0704471144301,181.1241535717625,pobre,0,2,0.0,596.10999,1.0,40.0,12,30,24337,2,1.0
97,0.0,1.0,4.7709999,1.0,2.0,6,160.0704471144301,181.1241535717625,pobre,0,6,30.0,678.0,0.0,27.0,11,30,24338,2,1.0
98,0.0,1.0,4.7709999,1.0,1.0,6,160.0704471144301,181.1241535717625,pobre,0,6,30.0,678.0,0.0,27.0,12,30,24338,2,1.0
97,0.0,1.0,4.7709999,1.0,2.0,6,160.0704471144301,181.1241535717625,pobre,0,6,30.0,678.0,0.0,27.0,8,30,24339,2,1.0
98,0.0,1.0,4.7709999,1.0,1.0,6,160.0704471144301,181.1241535717625,pobre,0,6,30.0,678.0,0.0,27.0,9,30,24339,2,1.0
97,0.0,1.0,4.7709999,0.0,5.0,4,160.0704471144301,181.1241535717625,pobre,0,2,625.0,750.33002,1.0,42.0,16,30,24340,5,0.0
98,0.0,1.0,4.7709999,,,4,160.0704471144301,181.1241535717625,pobre,0,2,625.0,750.33002,1.0,42.0,17,30,24340,5,0.0
97,1.0,1.0,4.7709999,1.0,1.0,4,160.0704471144301,181.1241535717625,pobre,0,2,625.0,750.33002,1.0,42.0,6,30,24341,1,1.0
98,1.0,1.0,4.7709999,1.0,1.0,4,160.0704471144301,181.1241535717625,pobre,0,2,625.0,750.33002,1.0,42.0,7,30,24341,1,1.0
97,1.0,1.0,4.7709999,1.0,0.0,4,160.0704471144301,181.1241535717625,pobre,0,2,625.0,749.0,1.0,25.0,6,30,24342,0,1.0
98,1.0,1.0,4.7709999,1.0,0.0,4,160.0704471144301,181.1241535717625,pobre,0,2,625.0,749.0,1.0,25.0,7,30,24342,0,1.0
97,0.0,1.0,4.7709999,1.0,2.0,5,160.0704471144301,181.1241535717625,pobre,0,1,625.0,706.5,1.0,28.0,9,30,24343,2,1.0
98,0.0,1.0,4.7709999,1.0,2.0,5,160.0704471144301,181.1241535717625,pobre,0,1,625.0,706.5,1.0,28.0,10,30,24343,2,1.0
97,1.0,1.0,4.7709999,1.0,0.0,5,160.0704471144301,181.1241535717625,pobre,0,1,625.0,706.5,1.0,28.0,6,30,24344,0,1.0
98,1.0,1.0,4.7709999,1.0,0.0,5,160.0704471144301,181.1241535717625,pobre,0,1,625.0,706.5,1.0,28.0,7,30,24344,0,1.0
97,0.0,1.0,4.7709999,0.0,2.0,3,160.0704471144301,181.1241535717625,no pobre,0,0,625.0,769.0,1.0,41.0,16,30,24345,2,0.0
98,0.0,1.0,4.7709999,,,3,160.0704471144301,181.1241535717625,no pobre,0,0,625.0,769.0,1.0,41.0,17,30,24345,2,0.0
97,1.0,1.0,11.294,1.0,5.0,10,114.7017582525125,114.7017582525125,pobre,basal,3,0.0,528.33002,1.0,51.0,12,5,24346,5,1.0
98,1.0,1.0,11.294,1.0,6.0,10,114.7017582525125,114.7017582525125,pobre,basal,3,0.0,528.33002,1.0,51.0,13,5,24346,5,1.0
97,1.0,1.0,11.294,1.0,4.0,10,114.7017582525125,114.7017582525125,pobre,basal,3,0.0,528.33002,1.0,51.0,10,5,24347,4,1.0
98,1.0,1.0,11.294,1.0,5.0,10,114.7017582525125,114.7017582525125,pobre,basal,3,0.0,528.33002,1.0,51.0,11,5,24347,4,1.0
97,0.0,0.0,11.294,,0.0,10,114.7017582525125,114.7017582525125,pobre,basal,3,0.0,528.33002,1.0,51.0,11,5,24348,0,
98,0.0,0.0,11.294,0.0,2.0,10,114.7017582525125,114.7017582525125,pobre,basal,3,0.0,528.33002,1.0,51.0,12,5,24348,0,
97,0.0,0.0,11.294,1.0,1.0,10,114.7017582525125,114.7017582525125,pobre,basal,3,0.0,528.33002,1.0,51.0,8,5,24349,1,1.0
98,0.0,0.0,11.294,1.0,2.0,10,114.7017582525125,114.7017582525125,pobre,basal,3,0.0,528.33002,1.0,51.0,9,5,24349,1,1.0
97,1.0,0.0,11.294,1.0,1.0,10,114.7017582525125,114.7017582525125,pobre,basal,3,0.0,528.33002,1.0,51.0,7,5,24350,1,1.0
98,1.0,0.0,11.294,1.0,2.0,10,114.7017582525125,114.7017582525125,pobre,basal,3,0.0,528.33002,1.0,51.0,8,5,24350,1,1.0
97,1.0,0.0,11.294,1.0,0.0,10,114.7017582525125,114.7017582525125,pobre,basal,3,0.0,528.33002,1.0,51.0,6,5,24351,0,1.0
98,1.0,0.0,11.294,,,10,114.7017582525125,114.7017582525125,pobre,basal,3,0.0,528.33002,1.0,51.0,7,5,24351,0,1.0
97,1.0,1.0,11.294,,0.0,3,114.7017582525125,114.7017582525125,pobre,basal,0,0.0,599.46997,1.0,60.0,8,5,24352,0,
98,1.0,1.0,11.294,1.0,2.0,3,114.7017582525125,114.7017582525125,pobre,basal,0,0.0,599.46997,1.0,60.0,9,5,24352,0,
97,0.0,1.0,11.294,,0.0,8,114.7017582525125,114.7017582525125,pobre,basal,0,0.0,585.0,1.0,65.0,14,5,24353,0,
98,0.0,1.0,11.294,,,8,114.7017582525125,114.7017582525125,pobre,basal,0,0.0,585.0,1.0,65.0,15,5,24353,0,
97,0.0,1.0,11.294,,0.0,8,114.7017582525125,114.7017582525125,pobre,basal,0,0.0,585.0,1.0,65.0,7,5,24354,0,
98,0.0,1.0,11.294,1.0,1.0,8,114.7017582525125,114.7017582525125,pobre,basal,0,0.0,585.0,1.0,65.0,8,5,24354,0,
97,0.0,1.0,11.294,,0.0,6,114.7017582525125,114.7017582525125,pobre,basal,3,0.0,516.0,1.0,31.0,6,5,24355,0,
98,0.0,1.0,11.294,1.0,1.0,6,114.7017582525125,114.7017582525125,pobre,basal,3,0.0,516.0,1.0,31.0,7,5,24355,0,
97,0.0,1.0,11.294,0.0,3.0,8,114.7017582525125,114.7017582525125,pobre,basal,5,0.0,463.0,1.0,28.0,9,5,24356,3,0.0
98,0.0,1.0,11.294,1.0,4.0,8,114.7017582525125,114.7017582525125,pobre,basal,5,0.0,463.0,1.0,28.0,10,5,24356,3,0.0
97,0.0,1.0,11.294,1.0,3.0,8,114.7017582525125,114.7017582525125,pobre,basal,0,0.0,438.0,1.0,32.0,11,5,24357,3,1.0
98,0.0,1.0,11.294,1.0,3.0,8,114.7017582525125,114.7017582525125,pobre,basal,0,0.0,438.0,1.0,32.0,12,5,24357,3,1.0
97,0.0,1.0,11.294,1.0,1.0,8,114.7017582525125,114.7017582525125,pobre,basal,0,0.0,438.0,1.0,32.0,8,5,24358,1,1.0
98,0.0,1.0,11.294,1.0,2.0,8,114.7017582525125,114.7017582525125,pobre,basal,0,0.0,438.0,1.0,32.0,9,5,24358,1,1.0
97,1.0,1.0,11.294,1.0,0.0,8,114.7017582525125,114.7017582525125,pobre,basal,0,0.0,438.0,1.0,32.0,6,5,24359,0,1.0
98,1.0,1.0,11.294,1.0,1.0,8,114.7017582525125,114.7017582525125,pobre,basal,0,0.0,438.0,1.0,32.0,7,5,24359,0,1.0
97,0.0,1.0,11.294,1.0,5.0,8,114.7017582525125,114.7017582525125,pobre,basal,0,0.0,472.0,1.0,34.0,15,5,24360,5,1.0
98,0.0,1.0,11.294,1.0,6.0,8,114.7017582525125,114.7017582525125,pobre,basal,0,0.0,472.0,1.0,34.0,16,5,24360,5,1.0
97,1.0,1.0,11.294,1.0,3.0,8,114.7017582525125,114.7017582525125,pobre,basal,0,0.0,472.0,1.0,34.0,12,5,24361,3,1.0
98,1.0,1.0,11.294,1.0,4.0,8,114.7017582525125,114.7017582525125,pobre,basal,0,0.0,472.0,1.0,34.0,13,5,24361,3,1.0
97,1.0,1.0,11.294,1.0,2.0,8,114.7017582525125,114.7017582525125,pobre,basal,0,0.0,472.0,1.0,34.0,8,5,24362,2,1.0
98,1.0,1.0,11.294,1.0,3.0,8,114.7017582525125,114.7017582525125,pobre,basal,0,0.0,472.0,1.0,34.0,9,5,24362,2,1.0
97,0.0,1.0,11.294,1.0,0.0,8,114.7017582525125,114.7017582525125,pobre,basal,0,0.0,472.0,1.0,34.0,6,5,24363,0,1.0
98,0.0,1.0,11.294,1.0,1.0,8,114.7017582525125,114.7017582525125,pobre,basal,0,0.0,472.0,1.0,34.0,7,5,24363,0,1.0
97,1.0,1.0,11.294,1.0,5.0,5,114.7017582525125,114.7017582525125,pobre,basal,2,0.0,627.5,1.0,53.0,14,5,24364,5,1.0
98,1.0,1.0,11.294,1.0,6.0,5,114.7017582525125,114.7017582525125,pobre,basal,2,0.0,627.5,1.0,53.0,15,5,24364,5,1.0
97,1.0,1.0,11.294,1.0,3.0,5,114.7017582525125,114.7017582525125,pobre,basal,2,0.0,627.5,1.0,53.0,8,5,24365,3,1.0
98,1.0,1.0,11.294,1.0,4.0,5,114.7017582525125,114.7017582525125,pobre,basal,2,0.0,627.5,1.0,53.0,9,5,24365,3,1.0
97,1.0,0.0,4.7199998,1.0,2.0,6,132.772322188135,132.772322188135,pobre,basal,3,500.0,664.0,1.0,26.0,9,7,24366,2,1.0
98,1.0,0.0,4.7199998,1.0,3.0,6,132.772322188135,132.772322188135,pobre,basal,3,500.0,664.0,1.0,26.0,10,7,24366,2,1.0
97,0.0,0.0,4.7199998,1.0,5.0,7,132.772322188135,132.772322188135,pobre,basal,1,0.0,685.0,1.0,36.0,15,7,24367,5,1.0
98,0.0,0.0,4.7199998,1.0,5.0,7,132.772322188135,132.772322188135,pobre,basal,1,0.0,685.0,1.0,36.0,16,7,24367,5,1.0
97,0.0,0.0,4.7199998,1.0,1.0,7,132.772322188135,132.772322188135,pobre,basal,1,0.0,685.0,1.0,36.0,10,7,24368,1,1.0
98,0.0,0.0,4.7199998,1.0,2.0,7,132.772322188135,132.772322188135,pobre,basal,1,0.0,685.0,1.0,36.0,11,7,24368,1,1.0
97,1.0,0.0,4.7199998,1.0,2.0,7,132.772322188135,132.772322188135,pobre,basal,1,0.0,685.0,1.0,36.0,8,7,24369,2,1.0
98,1.0,0.0,4.7199998,1.0,0.0,7,132.772322188135,132.772322188135,pobre,basal,1,0.0,685.0,1.0,36.0,9,7,24369,2,1.0
97,0.0,0.0,4.7199998,1.0,1.0,4,132.772322188135,132.772322188135,pobre,basal,0,0.0,682.0,1.0,42.0,10,7,24370,1,1.0
98,0.0,0.0,4.7199998,1.0,1.0,4,132.772322188135,132.772322188135,pobre,basal,0,0.0,682.0,1.0,42.0,11,7,24370,1,1.0
97,0.0,0.0,4.7199998,0.0,6.0,3,132.772322188135,132.772322188135,pobre,basal,0,500.0,632.0,0.0,44.0,14,7,24371,6,0.0
98,0.0,0.0,4.7199998,0.0,6.0,3,132.772322188135,132.772322188135,pobre,basal,0,500.0,632.0,0.0,44.0,15,7,24371,6,0.0
97,0.0,0.0,4.7199998,1.0,5.0,9,132.772322188135,132.772322188135,pobre,basal,6,0.0,624.0,1.0,38.0,13,7,24372,5,1.0
98,0.0,0.0,4.7199998,0.0,6.0,9,132.772322188135,132.772322188135,pobre,basal,6,0.0,624.0,1.0,38.0,14,7,24372,5,1.0
97,0.0,0.0,4.7199998,1.0,3.0,9,132.772322188135,132.772322188135,pobre,basal,6,0.0,624.0,1.0,38.0,10,7,24373,3,1.0
98,0.0,0.0,4.7199998,1.0,4.0,9,132.772322188135,132.772322188135,pobre,basal,6,0.0,624.0,1.0,38.0,11,7,24373,3,1.0
97,0.0,0.0,4.7199998,1.0,2.0,9,132.772322188135,132.772322188135,pobre,basal,6,0.0,624.0,1.0,38.0,8,7,24374,2,1.0
98,0.0,0.0,4.7199998,1.0,3.0,9,132.772322188135,132.772322188135,pobre,basal,6,0.0,624.0,1.0,38.0,9,7,24374,2,1.0
97,1.0,0.0,4.7199998,1.0,0.0,9,132.772322188135,132.772322188135,pobre,basal,6,0.0,624.0,1.0,38.0,6,7,24375,0,1.0
98,1.0,0.0,4.7199998,1.0,1.0,9,132.772322188135,132.772322188135,pobre,basal,6,0.0,624.0,1.0,38.0,7,7,24375,0,1.0
97,1.0,1.0,9.448,0.0,6.0,6,119.1140711102056,119.1140711102056,pobre,basal,0,0.0,593.0,1.0,52.0,15,15,24376,6,0.0
98,1.0,1.0,9.448,0.0,6.0,6,119.1140711102056,119.1140711102056,pobre,basal,0,0.0,593.0,1.0,52.0,16,15,24376,6,0.0
97,0.0,1.0,9.448,1.0,5.0,6,119.1140711102056,119.1140711102056,pobre,basal,0,0.0,593.0,1.0,52.0,12,15,24377,5,1.0
98,0.0,1.0,9.448,0.0,6.0,6,119.1140711102056,119.1140711102056,pobre,basal,0,0.0,593.0,1.0,52.0,13,15,24377,5,1.0
97,1.0,1.0,9.448,1.0,4.0,6,119.1140711102056,119.1140711102056,pobre,basal,0,0.0,593.0,1.0,52.0,10,15,24378,4,1.0
98,1.0,1.0,9.448,1.0,5.0,6,119.1140711102056,119.1140711102056,pobre,basal,0,0.0,593.0,1.0,52.0,11,15,24378,4,1.0
97,0.0,1.0,9.448,1.0,2.0,5,119.1140711102056,119.1140711102056,pobre,basal,0,0.0,658.0,1.0,30.0,8,15,24379,2,1.0
98,0.0,1.0,9.448,1.0,3.0,5,119.1140711102056,119.1140711102056,pobre,basal,0,0.0,658.0,1.0,30.0,9,15,24379,2,1.0
97,0.0,1.0,9.448,1.0,1.0,5,119.1140711102056,119.1140711102056,pobre,basal,0,0.0,658.0,1.0,30.0,7,15,24380,1,1.0
98,0.0,1.0,9.448,1.0,1.0,5,119.1140711102056,119.1140711102056,pobre,basal,0,0.0,658.0,1.0,30.0,8,15,24380,1,1.0
97,1.0,1.0,9.448,,0.0,8,119.1140711102056,119.1140711102056,pobre,basal,0,0.0,516.79999,1.0,41.0,16,15,24381,0,
98,1.0,1.0,9.448,,,8,119.1140711102056,119.1140711102056,pobre,basal,0,0.0,516.79999,1.0,41.0,17,15,24381,0,
97,0.0,1.0,9.448,,0.0,8,119.1140711102056,119.1140711102056,pobre,basal,0,0.0,516.79999,1.0,41.0,13,15,24382,0,
98,0.0,1.0,9.448,0.0,3.0,8,119.1140711102056,119.1140711102056,pobre,basal,0,0.0,516.79999,1.0,41.0,14,15,24382,0,
97,0.0,1.0,9.448,,0.0,8,119.1140711102056,119.1140711102056,pobre,basal,0,0.0,516.79999,1.0,41.0,11,15,24383,0,
98,0.0,1.0,9.448,1.0,6.0,8,119.1140711102056,119.1140711102056,pobre,basal,0,0.0,516.79999,1.0,41.0,12,15,24383,0,
97,0.0,1.0,9.448,,0.0,8,119.1140711102056,119.1140711102056,pobre,basal,0,0.0,516.79999,1.0,41.0,9,15,24384,0,
98,0.0,1.0,9.448,1.0,4.0,8,119.1140711102056,119.1140711102056,pobre,basal,0,0.0,516.79999,1.0,41.0,10,15,24384,0,
97,1.0,1.0,9.448,,0.0,8,119.1140711102056,119.1140711102056,pobre,basal,0,0.0,516.79999,1.0,41.0,7,15,24385,0,
98,1.0,1.0,9.448,,,8,119.1140711102056,119.1140711102056,pobre,basal,0,0.0,516.79999,1.0,41.0,8,15,24385,0,
97,1.0,1.0,9.448,1.0,1.0,6,119.1140711102056,119.1140711102056,pobre,basal,0,0.0,498.0,1.0,26.0,10,15,24386,1,1.0
98,1.0,1.0,9.448,1.0,5.0,6,119.1140711102056,119.1140711102056,pobre,basal,0,0.0,498.0,1.0,26.0,11,15,24386,1,1.0
97,1.0,1.0,9.448,1.0,1.0,6,119.1140711102056,119.1140711102056,pobre,basal,0,0.0,498.0,1.0,26.0,7,15,24387,1,1.0
98,1.0,1.0,9.448,1.0,3.0,6,119.1140711102056,119.1140711102056,pobre,basal,0,0.0,498.0,1.0,26.0,8,15,24387,1,1.0
97,0.0,1.0,9.448,1.0,0.0,6,119.1140711102056,119.1140711102056,pobre,basal,0,0.0,498.0,1.0,26.0,6,15,24388,0,1.0
98,0.0,1.0,9.448,,,6,119.1140711102056,119.1140711102056,pobre,basal,0,0.0,498.0,1.0,26.0,7,15,24388,0,1.0
97,1.0,1.0,9.448,1.0,0.0,5,119.1140711102056,119.1140711102056,pobre,basal,0,0.0,529.0,1.0,27.0,6,15,24389,0,1.0
98,1.0,1.0,9.448,1.0,0.0,5,119.1140711102056,119.1140711102056,pobre,basal,0,0.0,529.0,1.0,27.0,7,15,24389,0,1.0
97,1.0,1.0,9.448,1.0,0.0,5,119.1140711102056,119.1140711102056,pobre,basal,0,0.0,544.0,1.0,34.0,7,15,24390,0,1.0
98,1.0,1.0,9.448,1.0,1.0,5,119.1140711102056,119.1140711102056,pobre,basal,0,0.0,544.0,1.0,34.0,8,15,24390,0,1.0
97,0.0,1.0,9.448,1.0,4.0,5,119.1140711102056,119.1140711102056,pobre,basal,0,0.0,613.5,1.0,52.0,13,15,24391,4,1.0
98,0.0,1.0,9.448,,,5,119.1140711102056,119.1140711102056,pobre,basal,0,0.0,613.5,1.0,52.0,14,15,24391,4,1.0
97,1.0,1.0,9.448,1.0,2.0,5,119.1140711102056,119.1140711102056,pobre,basal,0,0.0,613.5,1.0,52.0,11,15,24392,2,1.0
98,1.0,1.0,9.448,1.0,6.0,5,119.1140711102056,119.1140711102056,pobre,basal,0,0.0,613.5,1.0,52.0,12,15,24392,2,1.0
97,1.0,1.0,9.448,0.0,6.0,7,119.1140711102056,119.1140711102056,pobre,basal,0,0.0,616.0,1.0,33.0,14,15,24393,6,0.0
98,1.0,1.0,9.448,,3.0,7,119.1140711102056,119.1140711102056,pobre,basal,0,0.0,616.0,1.0,33.0,15,15,24393,6,0.0
97,0.0,1.0,9.448,0.0,6.0,7,119.1140711102056,119.1140711102056,pobre,basal,0,0.0,616.0,1.0,33.0,13,15,24394,6,0.0
98,0.0,1.0,9.448,,,7,119.1140711102056,119.1140711102056,pobre,basal,0,0.0,616.0,1.0,33.0,14,15,24394,6,0.0
97,0.0,1.0,9.448,1.0,1.0,7,119.1140711102056,119.1140711102056,pobre,basal,0,0.0,616.0,1.0,33.0,7,15,24395,1,1.0
98,0.0,1.0,9.448,1.0,2.0,7,119.1140711102056,119.1140711102056,pobre,basal,0,0.0,616.0,1.0,33.0,8,15,24395,1,1.0
97,0.0,1.0,9.448,1.0,0.0,7,119.1140711102056,119.1140711102056,pobre,basal,0,0.0,616.0,1.0,33.0,6,15,24396,0,1.0
98,0.0,1.0,9.448,0.0,1.0,7,119.1140711102056,119.1140711102056,pobre,basal,0,0.0,616.0,1.0,33.0,7,15,24396,0,1.0
97,0.0,0.0,6.2010002,0.0,5.0,8,130.4784009835297,130.4784009835297,pobre,basal,2,0.0,622.66998,1.0,42.0,14,8,24397,5,0.0
98,0.0,0.0,6.2010002,,,8,130.4784009835297,130.4784009835297,pobre,basal,2,0.0,622.66998,1.0,42.0,15,8,24397,5,0.0
97,1.0,0.0,6.2010002,1.0,4.0,8,130.4784009835297,130.4784009835297,pobre,basal,2,0.0,622.66998,1.0,42.0,12,8,24398,4,1.0
98,1.0,0.0,6.2010002,1.0,5.0,8,130.4784009835297,130.4784009835297,pobre,basal,2,0.0,622.66998,1.0,42.0,13,8,24398,4,1.0
97,1.0,0.0,6.2010002,1.0,1.0,8,130.4784009835297,130.4784009835297,pobre,basal,2,0.0,622.66998,1.0,42.0,8,8,24399,1,1.0
98,1.0,0.0,6.2010002,1.0,2.0,8,130.4784009835297,130.4784009835297,pobre,basal,2,0.0,622.66998,1.0,42.0,9,8,24399,1,1.0
97,1.0,0.0,6.2010002,1.0,8.0,5,130.4784009835297,130.4784009835297,pobre,basal,2,500.0,626.66998,1.0,60.0,16,8,24400,8,1.0
98,1.0,0.0,6.2010002,,,5,130.4784009835297,130.4784009835297,pobre,basal,2,500.0,626.66998,1.0,60.0,17,8,24400,8,1.0
97,1.0,0.0,6.2010002,0.0,6.0,5,130.4784009835297,130.4784009835297,pobre,basal,2,500.0,626.66998,1.0,60.0,15,8,24401,6,0.0
98,1.0,0.0,6.2010002,0.0,6.0,5,130.4784009835297,130.4784009835297,pobre,basal,2,500.0,626.66998,1.0,60.0,16,8,24401,6,0.0
97,1.0,0.0,6.2010002,0.0,1.0,12,130.4784009835297,130.4784009835297,pobre,basal,0,0.0,591.0,1.0,62.0,16,8,24402,1,0.0
98,1.0,0.0,6.2010002,,,12,130.4784009835297,130.4784009835297,pobre,basal,0,0.0,591.0,1.0,62.0,17,8,24402,1,0.0
97,0.0,0.0,6.2010002,,0.0,6,130.4784009835297,130.4784009835297,pobre,basal,0,0.0,616.5,1.0,47.0,13,8,24403,0,
98,0.0,0.0,6.2010002,1.0,5.0,6,130.4784009835297,130.4784009835297,pobre,basal,0,0.0,616.5,1.0,47.0,14,8,24403,0,
97,0.0,0.0,6.2010002,0.0,2.0,11,130.4784009835297,130.4784009835297,pobre,basal,3,0.0,526.25,1.0,40.0,16,8,24404,2,0.0
98,0.0,0.0,6.2010002,,,11,130.4784009835297,130.4784009835297,pobre,basal,3,0.0,526.25,1.0,40.0,17,8,24404,2,0.0
97,0.0,0.0,6.2010002,0.0,2.0,11,130.4784009835297,130.4784009835297,pobre,basal,3,0.0,526.25,1.0,40.0,14,8,24405,2,0.0
98,0.0,0.0,6.2010002,,,11,130.4784009835297,130.4784009835297,pobre,basal,3,0.0,526.25,1.0,40.0,15,8,24405,2,0.0
97,0.0,0.0,6.2010002,1.0,3.0,11,130.4784009835297,130.4784009835297,pobre,basal,3,0.0,526.25,1.0,40.0,9,8,24406,3,1.0
98,0.0,0.0,6.2010002,,,11,130.4784009835297,130.4784009835297,pobre,basal,3,0.0,526.25,1.0,40.0,10,8,24406,3,1.0
97,0.0,0.0,6.2010002,1.0,2.0,11,130.4784009835297,130.4784009835297,pobre,basal,3,0.0,526.25,1.0,40.0,6,8,24407,2,1.0
98,0.0,0.0,6.2010002,1.0,3.0,11,130.4784009835297,130.4784009835297,pobre,basal,3,0.0,526.25,1.0,40.0,7,8,24407,2,1.0
97,0.0,0.0,6.2010002,0.0,2.0,11,130.4784009835297,130.4784009835297,pobre,basal,0,500.0,570.83002,1.0,52.0,16,8,24408,2,0.0
98,0.0,0.0,6.2010002,,,11,130.4784009835297,130.4784009835297,pobre,basal,0,500.0,570.83002,1.0,52.0,17,8,24408,2,0.0
97,0.0,0.0,6.2010002,0.0,2.0,11,130.4784009835297,130.4784009835297,pobre,basal,0,500.0,570.83002,1.0,52.0,13,8,24409,2,0.0
98,0.0,0.0,6.2010002,0.0,2.0,11,130.4784009835297,130.4784009835297,pobre,basal,0,500.0,570.83002,1.0,52.0,14,8,24409,2,0.0
97,0.0,0.0,6.2010002,1.0,2.0,11,130.4784009835297,130.4784009835297,pobre,basal,0,500.0,570.83002,1.0,52.0,11,8,24410,2,1.0
98,0.0,0.0,6.2010002,1.0,3.0,11,130.4784009835297,130.4784009835297,pobre,basal,0,500.0,570.83002,1.0,52.0,12,8,24410,2,1.0
97,1.0,0.0,6.2010002,1.0,1.0,11,130.4784009835297,130.4784009835297,pobre,basal,0,500.0,570.83002,1.0,52.0,7,8,24411,1,1.0
98,1.0,0.0,6.2010002,1.0,2.0,11,130.4784009835297,130.4784009835297,pobre,basal,0,500.0,570.83002,1.0,52.0,8,8,24411,1,1.0
97,1.0,0.0,6.2010002,,0.0,11,130.4784009835297,130.4784009835297,pobre,basal,0,500.0,570.83002,1.0,52.0,6,8,24412,0,
98,1.0,0.0,6.2010002,1.0,0.0,11,130.4784009835297,130.4784009835297,pobre,basal,0,500.0,570.83002,1.0,52.0,7,8,24412,0,
97,1.0,0.0,6.2010002,1.0,2.0,10,130.4784009835297,130.4784009835297,pobre,basal,0,1000.0,578.01001,1.0,49.0,14,8,24413,2,1.0
98,1.0,0.0,6.2010002,1.0,3.0,10,130.4784009835297,130.4784009835297,pobre,basal,0,1000.0,578.01001,1.0,49.0,15,8,24413,2,1.0
97,0.0,0.0,6.2010002,1.0,5.0,10,130.4784009835297,130.4784009835297,pobre,basal,0,1000.0,578.01001,1.0,49.0,12,8,24414,5,1.0
98,0.0,0.0,6.2010002,0.0,6.0,10,130.4784009835297,130.4784009835297,pobre,basal,0,1000.0,578.01001,1.0,49.0,13,8,24414,5,1.0
97,0.0,0.0,6.2010002,1.0,4.0,10,130.4784009835297,130.4784009835297,pobre,basal,0,1000.0,578.01001,1.0,49.0,11,8,24415,4,1.0
98,0.0,0.0,6.2010002,1.0,3.0,10,130.4784009835297,130.4784009835297,pobre,basal,0,1000.0,578.01001,1.0,49.0,12,8,24415,4,1.0
97,1.0,0.0,6.2010002,1.0,1.0,10,130.4784009835297,130.4784009835297,pobre,basal,0,1000.0,578.01001,1.0,49.0,8,8,24416,1,1.0
98,1.0,0.0,6.2010002,1.0,2.0,10,130.4784009835297,130.4784009835297,pobre,basal,0,1000.0,578.01001,1.0,49.0,9,8,24416,1,1.0
97,0.0,0.0,6.2010002,1.0,1.0,10,130.4784009835297,130.4784009835297,pobre,basal,0,1000.0,578.01001,1.0,49.0,6,8,24417,1,1.0
98,0.0,0.0,6.2010002,1.0,1.0,10,130.4784009835297,130.4784009835297,pobre,basal,0,1000.0,578.01001,1.0,49.0,7,8,24417,1,1.0
97,1.0,0.0,6.2010002,0.0,10.0,9,130.4784009835297,130.4784009835297,pobre,basal,11,0.0,659.75,1.0,45.0,16,8,24418,10,0.0
98,1.0,0.0,6.2010002,,,9,130.4784009835297,130.4784009835297,pobre,basal,11,0.0,659.75,1.0,45.0,17,8,24418,10,0.0
97,0.0,0.0,6.2010002,1.0,7.0,9,130.4784009835297,130.4784009835297,pobre,basal,11,0.0,659.75,1.0,45.0,14,8,24419,7,1.0
98,0.0,0.0,6.2010002,1.0,8.0,9,130.4784009835297,130.4784009835297,pobre,basal,11,0.0,659.75,1.0,45.0,15,8,24419,7,1.0
97,1.0,0.0,6.2010002,1.0,5.0,9,130.4784009835297,130.4784009835297,pobre,basal,11,0.0,659.75,1.0,45.0,12,8,24420,5,1.0
98,1.0,0.0,6.2010002,1.0,6.0,9,130.4784009835297,130.4784009835297,pobre,basal,11,0.0,659.75,1.0,45.0,13,8,24420,5,1.0
97,0.0,0.0,6.2010002,1.0,3.0,9,130.4784009835297,130.4784009835297,pobre,basal,11,0.0,659.75,1.0,45.0,10,8,24421,3,1.0
98,0.0,0.0,6.2010002,1.0,5.0,9,130.4784009835297,130.4784009835297,pobre,basal,11,0.0,659.75,1.0,45.0,11,8,24421,3,1.0
97,0.0,0.0,6.2010002,1.0,2.0,9,130.4784009835297,130.4784009835297,pobre,basal,11,0.0,659.75,1.0,45.0,8,8,24422,2,1.0
98,0.0,0.0,6.2010002,1.0,3.0,9,130.4784009835297,130.4784009835297,pobre,basal,11,0.0,659.75,1.0,45.0,9,8,24422,2,1.0
97,1.0,0.0,6.2010002,1.0,1.0,6,130.4784009835297,130.4784009835297,pobre,basal,11,0.0,616.0,1.0,32.0,8,8,24423,1,1.0
98,1.0,0.0,6.2010002,,,6,130.4784009835297,130.4784009835297,pobre,basal,11,0.0,616.0,1.0,32.0,9,8,24423,1,1.0
97,1.0,0.0,6.2010002,1.0,1.0,6,130.4784009835297,130.4784009835297,pobre,basal,11,0.0,616.0,1.0,32.0,7,8,24424,1,1.0
98,1.0,0.0,6.2010002,,,6,130.4784009835297,130.4784009835297,pobre,basal,11,0.0,616.0,1.0,32.0,8,8,24424,1,1.0
97,1.0,0.0,6.2010002,0.0,3.0,6,130.4784009835297,130.4784009835297,pobre,basal,0,0.0,617.0,1.0,53.0,16,8,24425,3,0.0
98,1.0,0.0,6.2010002,,,6,130.4784009835297,130.4784009835297,pobre,basal,0,0.0,617.0,1.0,53.0,17,8,24425,3,0.0
97,0.0,0.0,6.2010002,1.0,4.0,6,130.4784009835297,130.4784009835297,pobre,basal,0,0.0,617.0,1.0,53.0,12,8,24426,4,1.0
98,0.0,0.0,6.2010002,1.0,5.0,6,130.4784009835297,130.4784009835297,pobre,basal,0,0.0,617.0,1.0,53.0,13,8,24426,4,1.0
97,1.0,0.0,6.2010002,0.0,2.0,6,130.4784009835297,130.4784009835297,pobre,basal,0,0.0,617.0,1.0,53.0,14,8,24427,2,0.0
98,1.0,0.0,6.2010002,0.0,3.0,6,130.4784009835297,130.4784009835297,pobre,basal,0,0.0,617.0,1.0,53.0,15,8,24427,2,0.0
97,1.0,0.0,6.2010002,0.0,2.0,2,130.4784009835297,130.4784009835297,pobre,basal,0,0.0,638.0,0.0,86.0,14,8,24428,2,0.0
98,1.0,0.0,6.2010002,1.0,3.0,2,130.4784009835297,130.4784009835297,pobre,basal,0,0.0,638.0,0.0,86.0,15,8,24428,2,0.0
97,0.0,0.0,6.2010002,1.0,5.0,6,130.4784009835297,130.4784009835297,pobre,basal,2,0.0,533.0,1.0,39.0,13,8,24429,5,1.0
98,0.0,0.0,6.2010002,1.0,6.0,6,130.4784009835297,130.4784009835297,pobre,basal,2,0.0,533.0,1.0,39.0,14,8,24429,5,1.0
97,1.0,0.0,6.2010002,1.0,4.0,6,130.4784009835297,130.4784009835297,pobre,basal,2,0.0,533.0,1.0,39.0,11,8,24430,4,1.0
98,1.0,0.0,6.2010002,1.0,5.0,6,130.4784009835297,130.4784009835297,pobre,basal,2,0.0,533.0,1.0,39.0,12,8,24430,4,1.0
97,1.0,0.0,6.2010002,1.0,1.0,6,130.4784009835297,130.4784009835297,pobre,basal,2,0.0,533.0,1.0,39.0,7,8,24431,1,1.0
98,1.0,0.0,6.2010002,1.0,2.0,6,130.4784009835297,130.4784009835297,pobre,basal,2,0.0,533.0,1.0,39.0,8,8,24431,1,1.0
97,0.0,0.0,6.2010002,,0.0,5,130.4784009835297,130.4784009835297,pobre,basal,0,500.0,548.0,1.0,37.0,7,8,24432,0,
98,0.0,0.0,6.2010002,1.0,1.0,5,130.4784009835297,130.4784009835297,pobre,basal,0,500.0,548.0,1.0,37.0,8,8,24432,0,
97,0.0,0.0,6.2010002,,0.0,5,130.4784009835297,130.4784009835297,pobre,basal,0,500.0,543.0,1.0,30.0,6,8,24433,0,
98,0.0,0.0,6.2010002,,,5,130.4784009835297,130.4784009835297,pobre,basal,0,500.0,543.0,1.0,30.0,7,8,24433,0,
97,1.0,0.0,6.2010002,1.0,0.0,5,130.4784009835297,130.4784009835297,pobre,basal,2,625.0,558.0,1.0,35.0,7,8,24434,0,1.0
98,1.0,0.0,6.2010002,1.0,0.0,5,130.4784009835297,130.4784009835297,pobre,basal,2,625.0,558.0,1.0,35.0,8,8,24434,0,1.0
97,0.0,1.0,2.2060001,0.0,6.0,5,157.1837273580726,184.4452253448833,pobre,0,0,375.0,637.5,1.0,54.0,15,117,24435,6,0.0
98,0.0,1.0,2.2060001,0.0,6.0,5,157.1837273580726,184.4452253448833,pobre,0,0,375.0,637.5,1.0,54.0,16,117,24435,6,0.0
97,0.0,1.0,2.2060001,1.0,4.0,5,157.1837273580726,184.4452253448833,pobre,0,0,375.0,637.5,1.0,54.0,10,117,24436,4,1.0
98,0.0,1.0,2.2060001,1.0,5.0,5,157.1837273580726,184.4452253448833,pobre,0,0,375.0,637.5,1.0,54.0,11,117,24436,4,1.0
97,1.0,1.0,2.2060001,1.0,1.0,4,157.1837273580726,184.4452253448833,pobre,0,6,375.0,554.0,1.0,24.0,7,117,24437,1,1.0
98,1.0,1.0,2.2060001,1.0,2.0,4,157.1837273580726,184.4452253448833,pobre,0,6,375.0,554.0,1.0,24.0,8,117,24437,1,1.0
97,1.0,1.0,2.2060001,1.0,7.0,7,157.1837273580726,184.4452253448833,pobre,0,0,375.0,598.0,1.0,57.0,16,117,24438,7,1.0
98,1.0,1.0,2.2060001,,,7,157.1837273580726,184.4452253448833,pobre,0,0,375.0,598.0,1.0,57.0,17,117,24438,7,1.0
97,1.0,1.0,2.2060001,1.0,5.0,7,157.1837273580726,184.4452253448833,pobre,0,0,375.0,598.0,1.0,57.0,13,117,24439,5,1.0
98,1.0,1.0,2.2060001,,,7,157.1837273580726,184.4452253448833,pobre,0,0,375.0,598.0,1.0,57.0,14,117,24439,5,1.0
97,0.0,1.0,2.2060001,1.0,4.0,7,157.1837273580726,184.4452253448833,pobre,0,0,375.0,598.0,1.0,57.0,11,117,24440,4,1.0
98,0.0,1.0,2.2060001,1.0,5.0,7,157.1837273580726,184.4452253448833,pobre,0,0,375.0,598.0,1.0,57.0,12,117,24440,4,1.0
97,1.0,1.0,2.2060001,0.0,2.0,7,157.1837273580726,184.4452253448833,pobre,0,0,375.0,598.0,1.0,57.0,8,117,24441,2,0.0
98,1.0,1.0,2.2060001,1.0,3.0,7,157.1837273580726,184.4452253448833,pobre,0,0,375.0,598.0,1.0,57.0,9,117,24441,2,0.0
97,1.0,1.0,2.2060001,1.0,2.0,5,157.1837273580726,184.4452253448833,pobre,0,6,375.0,639.0,1.0,29.0,8,117,24442,2,1.0
98,1.0,1.0,2.2060001,1.0,3.0,5,157.1837273580726,184.4452253448833,pobre,0,6,375.0,639.0,1.0,29.0,9,117,24442,2,1.0
97,1.0,1.0,2.2060001,1.0,0.0,5,157.1837273580726,184.4452253448833,pobre,0,6,375.0,639.0,1.0,29.0,6,117,24443,0,1.0
98,1.0,1.0,2.2060001,1.0,1.0,5,157.1837273580726,184.4452253448833,pobre,0,6,375.0,639.0,1.0,29.0,7,117,24443,0,1.0
97,1.0,1.0,2.2060001,1.0,4.0,6,157.1837273580726,184.4452253448833,pobre,0,6,375.0,593.0,1.0,30.0,10,117,24444,4,1.0
98,1.0,1.0,2.2060001,1.0,5.0,6,157.1837273580726,184.4452253448833,pobre,0,6,375.0,593.0,1.0,30.0,11,117,24444,4,1.0
97,0.0,1.0,2.2060001,1.0,0.0,6,157.1837273580726,184.4452253448833,pobre,0,6,375.0,593.0,1.0,30.0,6,117,24445,0,1.0
98,0.0,1.0,2.2060001,1.0,1.0,6,157.1837273580726,184.4452253448833,pobre,0,6,375.0,593.0,1.0,30.0,7,117,24445,0,1.0
97,1.0,1.0,2.2060001,1.0,6.0,8,157.1837273580726,184.4452253448833,pobre,0,4,500.0,559.0,1.0,34.0,15,117,24446,6,1.0
98,1.0,1.0,2.2060001,1.0,7.0,8,157.1837273580726,184.4452253448833,pobre,0,4,500.0,559.0,1.0,34.0,16,117,24446,6,1.0
97,1.0,1.0,2.2060001,,0.0,8,157.1837273580726,184.4452253448833,pobre,0,4,500.0,559.0,1.0,34.0,13,117,24447,0,
98,1.0,1.0,2.2060001,1.0,5.0,8,157.1837273580726,184.4452253448833,pobre,0,4,500.0,559.0,1.0,34.0,14,117,24447,0,
97,1.0,1.0,2.2060001,1.0,3.0,8,157.1837273580726,184.4452253448833,pobre,0,4,500.0,559.0,1.0,34.0,11,117,24448,3,1.0
98,1.0,1.0,2.2060001,1.0,4.0,8,157.1837273580726,184.4452253448833,pobre,0,4,500.0,559.0,1.0,34.0,12,117,24448,3,1.0
97,1.0,1.0,2.2060001,1.0,1.0,8,157.1837273580726,184.4452253448833,pobre,0,4,500.0,559.0,1.0,34.0,8,117,24449,1,1.0
98,1.0,1.0,2.2060001,1.0,2.0,8,157.1837273580726,184.4452253448833,pobre,0,4,500.0,559.0,1.0,34.0,9,117,24449,1,1.0
97,1.0,1.0,2.2060001,0.0,6.0,10,157.1837273580726,184.4452253448833,pobre,0,0,375.0,607.5,1.0,75.0,16,117,24450,6,0.0
98,1.0,1.0,2.2060001,,,10,157.1837273580726,184.4452253448833,pobre,0,0,375.0,607.5,1.0,75.0,17,117,24450,6,0.0
97,1.0,1.0,2.2060001,0.0,6.0,10,157.1837273580726,184.4452253448833,pobre,0,0,375.0,607.5,1.0,75.0,15,117,24451,6,0.0
98,1.0,1.0,2.2060001,,,10,157.1837273580726,184.4452253448833,pobre,0,0,375.0,607.5,1.0,75.0,16,117,24451,6,0.0
97,1.0,0.0,2.2060001,,0.0,10,157.1837273580726,184.4452253448833,pobre,0,0,375.0,607.5,1.0,75.0,10,117,24452,0,
98,1.0,0.0,2.2060001,,,10,157.1837273580726,184.4452253448833,pobre,0,0,375.0,607.5,1.0,75.0,11,117,24452,0,
97,0.0,1.0,2.2060001,1.0,1.0,10,157.1837273580726,184.4452253448833,pobre,0,0,375.0,607.5,1.0,75.0,8,117,24453,1,1.0
98,0.0,1.0,2.2060001,1.0,2.0,10,157.1837273580726,184.4452253448833,pobre,0,0,375.0,607.5,1.0,75.0,9,117,24453,1,1.0
97,1.0,1.0,2.2060001,1.0,0.0,4,157.1837273580726,184.4452253448833,pobre,0,0,375.0,560.0,1.0,30.0,8,117,24454,0,1.0
98,1.0,1.0,2.2060001,1.0,2.0,4,157.1837273580726,184.4452253448833,pobre,0,0,375.0,560.0,1.0,30.0,9,117,24454,0,1.0
97,1.0,1.0,2.2060001,0.0,7.0,7,157.1837273580726,184.4452253448833,pobre,0,0,0.0,512.0,0.0,46.0,15,117,24455,7,0.0
98,1.0,1.0,2.2060001,,,7,157.1837273580726,184.4452253448833,pobre,0,0,0.0,512.0,0.0,46.0,16,117,24455,7,0.0
97,1.0,1.0,2.2060001,0.0,7.0,7,157.1837273580726,184.4452253448833,pobre,0,0,0.0,512.0,0.0,46.0,15,117,24456,7,0.0
98,1.0,1.0,2.2060001,,,7,157.1837273580726,184.4452253448833,pobre,0,0,0.0,512.0,0.0,46.0,16,117,24456,7,0.0
97,0.0,1.0,2.2060001,0.0,6.0,7,157.1837273580726,184.4452253448833,pobre,0,0,0.0,512.0,0.0,46.0,12,117,24457,6,0.0
98,0.0,1.0,2.2060001,,,7,157.1837273580726,184.4452253448833,pobre,0,0,0.0,512.0,0.0,46.0,13,117,24457,6,0.0
97,0.0,1.0,2.2060001,1.0,2.0,7,157.1837273580726,184.4452253448833,pobre,0,0,0.0,512.0,0.0,46.0,10,117,24458,2,1.0
98,0.0,1.0,2.2060001,,,7,157.1837273580726,184.4452253448833,pobre,0,0,0.0,512.0,0.0,46.0,11,117,24458,2,1.0
97,1.0,1.0,2.2060001,1.0,0.0,7,157.1837273580726,184.4452253448833,pobre,0,0,0.0,512.0,0.0,46.0,7,117,24459,0,1.0
98,1.0,1.0,2.2060001,,,7,157.1837273580726,184.4452253448833,pobre,0,0,0.0,512.0,0.0,46.0,8,117,24459,0,1.0
97,1.0,1.0,2.2060001,1.0,3.0,6,157.1837273580726,184.4452253448833,pobre,0,2,375.0,607.0,1.0,30.0,9,117,24460,3,1.0
98,1.0,1.0,2.2060001,1.0,4.0,6,157.1837273580726,184.4452253448833,pobre,0,2,375.0,607.0,1.0,30.0,10,117,24460,3,1.0
97,1.0,1.0,2.2060001,1.0,0.0,6,157.1837273580726,184.4452253448833,pobre,0,2,375.0,607.0,1.0,30.0,7,117,24461,0,1.0
98,1.0,1.0,2.2060001,1.0,1.0,6,157.1837273580726,184.4452253448833,pobre,0,2,375.0,607.0,1.0,30.0,8,117,24461,0,1.0
97,0.0,1.0,2.2060001,1.0,6.0,10,157.1837273580726,184.4452253448833,pobre,0,0,375.0,681.0,1.0,57.0,15,117,24462,6,1.0
98,0.0,1.0,2.2060001,,,10,157.1837273580726,184.4452253448833,pobre,0,0,375.0,681.0,1.0,57.0,16,117,24462,6,1.0
97,0.0,1.0,2.2060001,1.0,5.0,10,157.1837273580726,184.4452253448833,pobre,0,0,375.0,681.0,1.0,57.0,11,117,24463,5,1.0
98,0.0,1.0,2.2060001,0.0,5.0,10,157.1837273580726,184.4452253448833,pobre,0,0,375.0,681.0,1.0,57.0,12,117,24463,5,1.0
97,1.0,1.0,2.2060001,1.0,6.0,7,157.1837273580726,184.4452253448833,pobre,0,6,375.0,560.62,1.0,20.0,15,117,24464,6,1.0
98,1.0,1.0,2.2060001,1.0,7.0,7,157.1837273580726,184.4452253448833,pobre,0,6,375.0,560.62,1.0,20.0,16,117,24464,6,1.0
97,0.0,1.0,2.2060001,1.0,6.0,7,157.1837273580726,184.4452253448833,pobre,0,6,375.0,560.62,1.0,20.0,13,117,24465,6,1.0
98,0.0,1.0,2.2060001,1.0,7.0,7,157.1837273580726,184.4452253448833,pobre,0,6,375.0,560.62,1.0,20.0,14,117,24465,6,1.0
97,0.0,1.0,2.2060001,1.0,3.0,7,157.1837273580726,184.4452253448833,pobre,0,6,375.0,560.62,1.0,20.0,11,117,24466,3,1.0
98,0.0,1.0,2.2060001,1.0,4.0,7,157.1837273580726,184.4452253448833,pobre,0,6,375.0,560.62,1.0,20.0,12,117,24466,3,1.0
97,0.0,1.0,2.2060001,1.0,1.0,7,157.1837273580726,184.4452253448833,pobre,0,6,375.0,560.62,1.0,20.0,8,117,24467,1,1.0
98,0.0,1.0,2.2060001,1.0,2.0,7,157.1837273580726,184.4452253448833,pobre,0,6,375.0,560.62,1.0,20.0,9,117,24467,1,1.0
97,0.0,1.0,2.2060001,0.0,6.0,3,157.1837273580726,184.4452253448833,pobre,0,0,375.0,691.0,1.0,18.0,16,117,24468,6,0.0
98,0.0,1.0,2.2060001,,,3,157.1837273580726,184.4452253448833,pobre,0,0,375.0,691.0,1.0,18.0,17,117,24468,6,0.0
97,1.0,1.0,2.2060001,1.0,8.0,5,157.1837273580726,184.4452253448833,pobre,0,3,375.0,661.0,1.0,55.0,16,117,24469,8,1.0
98,1.0,1.0,2.2060001,,,5,157.1837273580726,184.4452253448833,pobre,0,3,375.0,661.0,1.0,55.0,17,117,24469,8,1.0
97,0.0,1.0,2.2060001,1.0,6.0,5,157.1837273580726,184.4452253448833,pobre,0,3,375.0,661.0,1.0,55.0,13,117,24470,6,1.0
98,0.0,1.0,2.2060001,,,5,157.1837273580726,184.4452253448833,pobre,0,3,375.0,661.0,1.0,55.0,14,117,24470,6,1.0
97,0.0,1.0,2.2060001,1.0,8.0,7,157.1837273580726,184.4452253448833,pobre,0,6,375.0,580.0,1.0,33.0,16,117,24471,8,1.0
98,0.0,1.0,2.2060001,,,7,157.1837273580726,184.4452253448833,pobre,0,6,375.0,580.0,1.0,33.0,17,117,24471,8,1.0
97,0.0,1.0,2.2060001,0.0,4.0,7,157.1837273580726,184.4452253448833,pobre,0,6,375.0,580.0,1.0,33.0,14,117,24472,4,0.0
98,0.0,1.0,2.2060001,,,7,157.1837273580726,184.4452253448833,pobre,0,6,375.0,580.0,1.0,33.0,15,117,24472,4,0.0
97,1.0,1.0,2.2060001,1.0,6.0,7,157.1837273580726,184.4452253448833,pobre,0,6,375.0,580.0,1.0,33.0,12,117,24473,6,1.0
98,1.0,1.0,2.2060001,1.0,7.0,7,157.1837273580726,184.4452253448833,pobre,0,6,375.0,580.0,1.0,33.0,13,117,24473,6,1.0
97,1.0,1.0,2.2060001,1.0,3.0,7,157.1837273580726,184.4452253448833,pobre,0,6,375.0,580.0,1.0,33.0,10,117,24474,3,1.0
98,1.0,1.0,2.2060001,1.0,4.0,7,157.1837273580726,184.4452253448833,pobre,0,6,375.0,580.0,1.0,33.0,11,117,24474,3,1.0
97,0.0,1.0,2.2060001,1.0,0.0,7,157.1837273580726,184.4452253448833,pobre,0,6,375.0,580.0,1.0,33.0,6,117,24475,0,1.0
98,0.0,1.0,2.2060001,1.0,1.0,7,157.1837273580726,184.4452253448833,pobre,0,6,375.0,580.0,1.0,33.0,7,117,24475,0,1.0
97,0.0,1.0,2.2060001,1.0,5.0,3,157.1837273580726,184.4452253448833,pobre,0,0,375.0,775.0,1.0,57.0,13,117,24476,5,1.0
98,0.0,1.0,2.2060001,0.0,6.0,3,157.1837273580726,184.4452253448833,pobre,0,0,375.0,775.0,1.0,57.0,14,117,24476,5,1.0
97,0.0,1.0,2.2060001,1.0,6.0,6,157.1837273580726,184.4452253448833,pobre,0,0,1120.0,590.0,1.0,29.0,13,117,24477,6,1.0
98,0.0,1.0,2.2060001,1.0,7.0,6,157.1837273580726,184.4452253448833,pobre,0,0,1120.0,590.0,1.0,29.0,14,117,24477,6,1.0
97,0.0,1.0,2.2060001,1.0,4.0,6,157.1837273580726,184.4452253448833,pobre,0,0,1120.0,590.0,1.0,29.0,10,117,24478,4,1.0
98,0.0,1.0,2.2060001,1.0,5.0,6,157.1837273580726,184.4452253448833,pobre,0,0,1120.0,590.0,1.0,29.0,11,117,24478,4,1.0
97,0.0,1.0,2.2060001,1.0,1.0,6,157.1837273580726,184.4452253448833,pobre,0,0,1120.0,590.0,1.0,29.0,6,117,24479,1,1.0
98,0.0,1.0,2.2060001,1.0,1.0,6,157.1837273580726,184.4452253448833,pobre,0,0,1120.0,590.0,1.0,29.0,7,117,24479,1,1.0
97,0.0,1.0,2.2060001,1.0,5.0,6,157.1837273580726,184.4452253448833,pobre,0,1,500.0,633.0,1.0,40.0,15,117,24480,5,1.0
98,0.0,1.0,2.2060001,0.0,6.0,6,157.1837273580726,184.4452253448833,pobre,0,1,500.0,633.0,1.0,40.0,16,117,24480,5,1.0
97,1.0,1.0,2.2060001,1.0,4.0,6,157.1837273580726,184.4452253448833,pobre,0,1,500.0,633.0,1.0,40.0,12,117,24481,4,1.0
98,1.0,1.0,2.2060001,1.0,5.0,6,157.1837273580726,184.4452253448833,pobre,0,1,500.0,633.0,1.0,40.0,13,117,24481,4,1.0
97,0.0,1.0,2.2060001,1.0,0.0,6,157.1837273580726,184.4452253448833,pobre,0,1,500.0,633.0,1.0,40.0,8,117,24482,0,1.0
98,0.0,1.0,2.2060001,1.0,1.0,6,157.1837273580726,184.4452253448833,pobre,0,1,500.0,633.0,1.0,40.0,9,117,24482,0,1.0
97,0.0,1.0,2.2060001,1.0,5.0,7,157.1837273580726,184.4452253448833,pobre,0,0,375.0,447.0,1.0,32.0,15,117,24483,5,1.0
98,0.0,1.0,2.2060001,0.0,6.0,7,157.1837273580726,184.4452253448833,pobre,0,0,375.0,447.0,1.0,32.0,16,117,24483,5,1.0
97,1.0,1.0,2.2060001,0.0,2.0,7,157.1837273580726,184.4452253448833,pobre,0,0,375.0,447.0,1.0,32.0,10,117,24484,2,0.0
98,1.0,1.0,2.2060001,1.0,2.0,7,157.1837273580726,184.4452253448833,pobre,0,0,375.0,447.0,1.0,32.0,11,117,24484,2,0.0
97,1.0,1.0,2.2060001,1.0,4.0,6,157.1837273580726,184.4452253448833,pobre,0,5,375.0,625.0,1.0,28.0,10,117,24485,4,1.0
98,1.0,1.0,2.2060001,1.0,5.0,6,157.1837273580726,184.4452253448833,pobre,0,5,375.0,625.0,1.0,28.0,11,117,24485,4,1.0
97,0.0,1.0,2.2060001,1.0,1.0,6,157.1837273580726,184.4452253448833,pobre,0,5,375.0,625.0,1.0,28.0,8,117,24486,1,1.0
98,0.0,1.0,2.2060001,1.0,2.0,6,157.1837273580726,184.4452253448833,pobre,0,5,375.0,625.0,1.0,28.0,9,117,24486,1,1.0
97,1.0,1.0,2.2060001,1.0,8.0,8,157.1837273580726,184.4452253448833,pobre,0,5,375.0,561.0,1.0,40.0,16,117,24487,8,1.0
98,1.0,1.0,2.2060001,,,8,157.1837273580726,184.4452253448833,pobre,0,5,375.0,561.0,1.0,40.0,17,117,24487,8,1.0
97,0.0,1.0,2.2060001,1.0,5.0,8,157.1837273580726,184.4452253448833,pobre,0,5,375.0,561.0,1.0,40.0,13,117,24488,5,1.0
98,0.0,1.0,2.2060001,0.0,6.0,8,157.1837273580726,184.4452253448833,pobre,0,5,375.0,561.0,1.0,40.0,14,117,24488,5,1.0
97,1.0,1.0,2.2060001,1.0,3.0,8,157.1837273580726,184.4452253448833,pobre,0,5,375.0,561.0,1.0,40.0,10,117,24489,3,1.0
98,1.0,1.0,2.2060001,1.0,4.0,8,157.1837273580726,184.4452253448833,pobre,0,5,375.0,561.0,1.0,40.0,11,117,24489,3,1.0
97,1.0,1.0,2.2060001,1.0,1.0,8,157.1837273580726,184.4452253448833,pobre,0,5,375.0,561.0,1.0,40.0,8,117,24490,1,1.0
98,1.0,1.0,2.2060001,1.0,2.0,8,157.1837273580726,184.4452253448833,pobre,0,5,375.0,561.0,1.0,40.0,9,117,24490,1,1.0
97,1.0,1.0,2.2060001,1.0,4.0,6,157.1837273580726,184.4452253448833,pobre,0,3,375.0,599.0,1.0,29.0,10,117,24491,4,1.0
98,1.0,1.0,2.2060001,1.0,5.0,6,157.1837273580726,184.4452253448833,pobre,0,3,375.0,599.0,1.0,29.0,11,117,24491,4,1.0
97,0.0,1.0,2.2060001,0.0,2.0,6,157.1837273580726,184.4452253448833,pobre,0,3,375.0,599.0,1.0,29.0,8,117,24492,2,0.0
98,0.0,1.0,2.2060001,1.0,3.0,6,157.1837273580726,184.4452253448833,pobre,0,3,375.0,599.0,1.0,29.0,9,117,24492,2,0.0
97,0.0,1.0,2.2060001,1.0,5.0,7,157.1837273580726,184.4452253448833,pobre,0,0,375.0,607.0,1.0,45.0,16,117,24493,5,1.0
98,0.0,1.0,2.2060001,,,7,157.1837273580726,184.4452253448833,pobre,0,0,375.0,607.0,1.0,45.0,17,117,24493,5,1.0
97,1.0,1.0,2.2060001,1.0,4.0,7,157.1837273580726,184.4452253448833,pobre,0,0,375.0,607.0,1.0,45.0,13,117,24494,4,1.0
98,1.0,1.0,2.2060001,1.0,5.0,7,157.1837273580726,184.4452253448833,pobre,0,0,375.0,607.0,1.0,45.0,14,117,24494,4,1.0
97,1.0,1.0,2.2060001,1.0,2.0,7,157.1837273580726,184.4452253448833,pobre,0,0,375.0,607.0,1.0,45.0,10,117,24495,2,1.0
98,1.0,1.0,2.2060001,1.0,2.0,7,157.1837273580726,184.4452253448833,pobre,0,0,375.0,607.0,1.0,45.0,11,117,24495,2,1.0
97,0.0,1.0,2.2060001,1.0,1.0,7,157.1837273580726,184.4452253448833,pobre,0,0,375.0,607.0,1.0,45.0,7,117,24496,1,1.0
98,0.0,1.0,2.2060001,1.0,2.0,7,157.1837273580726,184.4452253448833,pobre,0,0,375.0,607.0,1.0,45.0,8,117,24496,1,1.0
97,1.0,1.0,2.2060001,1.0,8.0,10,157.1837273580726,184.4452253448833,pobre,0,5,375.0,599.0,1.0,42.0,15,117,24497,8,1.0
98,1.0,1.0,2.2060001,1.0,9.0,10,157.1837273580726,184.4452253448833,pobre,0,5,375.0,599.0,1.0,42.0,16,117,24497,8,1.0
97,1.0,1.0,2.2060001,1.0,5.0,10,157.1837273580726,184.4452253448833,pobre,0,5,375.0,599.0,1.0,42.0,12,117,24498,5,1.0
98,1.0,1.0,2.2060001,1.0,6.0,10,157.1837273580726,184.4452253448833,pobre,0,5,375.0,599.0,1.0,42.0,13,117,24498,5,1.0
97,0.0,1.0,2.2060001,1.0,2.0,10,157.1837273580726,184.4452253448833,pobre,0,5,375.0,599.0,1.0,42.0,10,117,24499,2,1.0
98,0.0,1.0,2.2060001,1.0,3.0,10,157.1837273580726,184.4452253448833,pobre,0,5,375.0,599.0,1.0,42.0,11,117,24499,2,1.0
97,1.0,1.0,2.2060001,1.0,1.0,10,157.1837273580726,184.4452253448833,pobre,0,5,375.0,599.0,1.0,42.0,8,117,24500,1,1.0
98,1.0,1.0,2.2060001,1.0,2.0,10,157.1837273580726,184.4452253448833,pobre,0,5,375.0,599.0,1.0,42.0,9,117,24500,1,1.0
97,0.0,1.0,2.2060001,1.0,5.0,5,157.1837273580726,184.4452253448833,pobre,0,4,375.0,533.0,1.0,30.0,12,117,24501,5,1.0
98,0.0,1.0,2.2060001,1.0,6.0,5,157.1837273580726,184.4452253448833,pobre,0,4,375.0,533.0,1.0,30.0,13,117,24501,5,1.0
97,1.0,1.0,2.2060001,1.0,1.0,5,157.1837273580726,184.4452253448833,pobre,0,4,375.0,533.0,1.0,30.0,9,117,24502,1,1.0
98,1.0,1.0,2.2060001,1.0,2.0,5,157.1837273580726,184.4452253448833,pobre,0,4,375.0,533.0,1.0,30.0,10,117,24502,1,1.0
97,1.0,0.0,4.132,1.0,9.0,5,138.5988165489844,143.5941077465998,no pobre,basal,0,500.0,788.5,1.0,56.0,14,46,24503,9,1.0
98,1.0,0.0,4.132,0.0,9.0,5,138.5988165489844,143.5941077465998,no pobre,basal,0,500.0,788.5,1.0,56.0,15,46,24503,9,1.0
97,1.0,0.0,4.132,1.0,7.0,5,138.5988165489844,143.5941077465998,no pobre,basal,0,500.0,788.5,1.0,56.0,11,46,24504,7,1.0
98,1.0,0.0,4.132,1.0,8.0,5,138.5988165489844,143.5941077465998,no pobre,basal,0,500.0,788.5,1.0,56.0,12,46,24504,7,1.0
97,0.0,0.0,3.3510001,0.0,6.0,6,166.5017261920161,166.5017261920161,pobre,basal,6,0.0,623.0,1.0,40.0,14,108,24505,6,0.0
98,0.0,0.0,3.3510001,1.0,6.0,6,166.5017261920161,166.5017261920161,pobre,basal,6,0.0,623.0,1.0,40.0,15,108,24505,6,0.0
97,1.0,0.0,3.3510001,1.0,5.0,6,166.5017261920161,166.5017261920161,pobre,basal,6,0.0,623.0,1.0,40.0,12,108,24506,5,1.0
98,1.0,0.0,3.3510001,1.0,6.0,6,166.5017261920161,166.5017261920161,pobre,basal,6,0.0,623.0,1.0,40.0,13,108,24506,5,1.0
97,1.0,0.0,3.3510001,1.0,2.0,6,166.5017261920161,166.5017261920161,pobre,basal,6,0.0,623.0,1.0,40.0,10,108,24507,2,1.0
98,1.0,0.0,3.3510001,1.0,3.0,6,166.5017261920161,166.5017261920161,pobre,basal,6,0.0,623.0,1.0,40.0,11,108,24507,2,1.0
97,0.0,0.0,3.3510001,1.0,2.0,6,166.5017261920161,166.5017261920161,pobre,basal,6,0.0,623.0,1.0,40.0,8,108,24508,2,1.0
98,0.0,0.0,3.3510001,1.0,3.0,6,166.5017261920161,166.5017261920161,pobre,basal,6,0.0,623.0,1.0,40.0,9,108,24508,2,1.0
97,0.0,0.0,3.3510001,0.0,6.0,6,166.5017261920161,166.5017261920161,no pobre,basal,3,10000.0,760.0,1.0,59.0,16,108,24509,6,0.0
98,0.0,0.0,3.3510001,,,6,166.5017261920161,166.5017261920161,no pobre,basal,3,10000.0,760.0,1.0,59.0,17,108,24509,6,0.0
97,0.0,0.0,3.3510001,0.0,6.0,6,166.5017261920161,166.5017261920161,no pobre,basal,3,10000.0,760.0,1.0,59.0,13,108,24510,6,0.0
98,0.0,0.0,3.3510001,0.0,6.0,6,166.5017261920161,166.5017261920161,no pobre,basal,3,10000.0,760.0,1.0,59.0,14,108,24510,6,0.0
97,0.0,0.0,3.3510001,0.0,6.0,3,166.5017261920161,166.5017261920161,pobre,basal,0,0.0,759.03998,1.0,67.0,13,108,24511,6,0.0
98,0.0,0.0,3.3510001,1.0,6.0,3,166.5017261920161,166.5017261920161,pobre,basal,0,0.0,759.03998,1.0,67.0,14,108,24511,6,0.0
97,1.0,0.0,3.3510001,1.0,5.0,3,166.5017261920161,166.5017261920161,pobre,basal,0,0.0,784.0,1.0,47.0,11,108,24512,5,1.0
98,1.0,0.0,3.3510001,1.0,6.0,3,166.5017261920161,166.5017261920161,pobre,basal,0,0.0,784.0,1.0,47.0,12,108,24512,5,1.0
97,1.0,0.0,3.3510001,1.0,1.0,3,166.5017261920161,166.5017261920161,no pobre,basal,2,0.0,806.0,1.0,72.0,7,108,24513,1,1.0
98,1.0,0.0,3.3510001,1.0,2.0,3,166.5017261920161,166.5017261920161,no pobre,basal,2,0.0,806.0,1.0,72.0,8,108,24513,1,1.0
97,1.0,0.0,3.3510001,0.0,9.0,7,166.5017261920161,166.5017261920161,pobre,basal,2,333.33334,581.0,1.0,44.0,10,108,24514,9,0.0
98,1.0,0.0,3.3510001,0.0,9.0,7,166.5017261920161,166.5017261920161,pobre,basal,2,333.33334,581.0,1.0,44.0,11,108,24514,9,0.0
97,0.0,0.0,3.3510001,1.0,4.0,7,166.5017261920161,166.5017261920161,pobre,basal,2,333.33334,581.0,1.0,44.0,10,108,24515,4,1.0
98,0.0,0.0,3.3510001,1.0,5.0,7,166.5017261920161,166.5017261920161,pobre,basal,2,333.33334,581.0,1.0,44.0,11,108,24515,4,1.0
97,1.0,0.0,3.3510001,1.0,0.0,7,166.5017261920161,166.5017261920161,pobre,basal,2,333.33334,581.0,1.0,44.0,6,108,24516,0,1.0
98,1.0,0.0,3.3510001,1.0,1.0,7,166.5017261920161,166.5017261920161,pobre,basal,2,333.33334,581.0,1.0,44.0,7,108,24516,0,1.0
97,1.0,0.0,3.3510001,1.0,1.0,5,166.5017261920161,166.5017261920161,pobre,basal,6,0.0,676.0,1.0,29.0,8,108,24517,1,1.0
98,1.0,0.0,3.3510001,,,5,166.5017261920161,166.5017261920161,pobre,basal,6,0.0,676.0,1.0,29.0,9,108,24517,1,1.0
97,0.0,0.0,3.3510001,0.0,6.0,8,166.5017261920161,166.5017261920161,pobre,basal,2,4750.5,761.0,1.0,44.0,13,108,24518,6,0.0
98,0.0,0.0,3.3510001,0.0,6.0,8,166.5017261920161,166.5017261920161,pobre,basal,2,4750.5,761.0,1.0,44.0,14,108,24518,6,0.0
97,0.0,0.0,3.3510001,1.0,4.0,8,166.5017261920161,166.5017261920161,pobre,basal,2,4750.5,761.0,1.0,44.0,11,108,24519,4,1.0
98,0.0,0.0,3.3510001,1.0,5.0,8,166.5017261920161,166.5017261920161,pobre,basal,2,4750.5,761.0,1.0,44.0,12,108,24519,4,1.0
97,0.0,0.0,3.3510001,1.0,3.0,8,166.5017261920161,166.5017261920161,pobre,basal,2,4750.5,761.0,1.0,44.0,9,108,24520,3,1.0
98,0.0,0.0,3.3510001,1.0,4.0,8,166.5017261920161,166.5017261920161,pobre,basal,2,4750.5,761.0,1.0,44.0,10,108,24520,3,1.0
97,0.0,0.0,3.3510001,1.0,3.0,8,166.5017261920161,166.5017261920161,pobre,basal,2,4750.5,761.0,1.0,44.0,7,108,24521,3,1.0
98,0.0,0.0,3.3510001,1.0,1.0,8,166.5017261920161,166.5017261920161,pobre,basal,2,4750.5,761.0,1.0,44.0,8,108,24521,3,1.0
97,0.0,0.0,3.3510001,0.0,6.0,6,166.5017261920161,166.5017261920161,pobre,basal,6,220.83333,620.0,1.0,37.0,13,108,24522,6,0.0
98,0.0,0.0,3.3510001,1.0,6.0,6,166.5017261920161,166.5017261920161,pobre,basal,6,220.83333,620.0,1.0,37.0,14,108,24522,6,0.0
97,1.0,0.0,3.3510001,1.0,4.0,6,166.5017261920161,166.5017261920161,pobre,basal,6,220.83333,620.0,1.0,37.0,11,108,24523,4,1.0
98,1.0,0.0,3.3510001,1.0,5.0,6,166.5017261920161,166.5017261920161,pobre,basal,6,220.83333,620.0,1.0,37.0,12,108,24523,4,1.0
97,1.0,0.0,3.3510001,1.0,1.0,6,166.5017261920161,166.5017261920161,pobre,basal,6,220.83333,620.0,1.0,37.0,7,108,24524,1,1.0
98,1.0,0.0,3.3510001,1.0,2.0,6,166.5017261920161,166.5017261920161,pobre,basal,6,220.83333,620.0,1.0,37.0,8,108,24524,1,1.0
97,1.0,0.0,3.3510001,0.0,9.0,8,166.5017261920161,166.5017261920161,pobre,basal,3,658.33331,766.0,1.0,41.0,16,108,24525,9,0.0
98,1.0,0.0,3.3510001,0.0,9.0,8,166.5017261920161,166.5017261920161,pobre,basal,3,658.33331,766.0,1.0,41.0,17,108,24525,9,0.0
97,0.0,0.0,3.3510001,0.0,6.0,8,166.5017261920161,166.5017261920161,pobre,basal,3,658.33331,766.0,1.0,41.0,13,108,24526,6,0.0
98,0.0,0.0,3.3510001,0.0,6.0,8,166.5017261920161,166.5017261920161,pobre,basal,3,658.33331,766.0,1.0,41.0,14,108,24526,6,0.0
97,0.0,0.0,3.3510001,1.0,5.0,8,166.5017261920161,166.5017261920161,pobre,basal,3,658.33331,766.0,1.0,41.0,11,108,24527,5,1.0
98,0.0,0.0,3.3510001,1.0,6.0,8,166.5017261920161,166.5017261920161,pobre,basal,3,658.33331,766.0,1.0,41.0,12,108,24527,5,1.0
97,1.0,0.0,3.3510001,1.0,2.0,8,166.5017261920161,166.5017261920161,pobre,basal,3,658.33331,766.0,1.0,41.0,6,108,24528,2,1.0
98,1.0,0.0,3.3510001,0.0,0.0,8,166.5017261920161,166.5017261920161,pobre,basal,3,658.33331,766.0,1.0,41.0,7,108,24528,2,1.0
97,1.0,0.0,3.3510001,1.0,1.0,5,166.5017261920161,166.5017261920161,pobre,basal,3,195.83333,548.0,1.0,40.0,6,108,24529,1,1.0
98,1.0,0.0,3.3510001,1.0,1.0,5,166.5017261920161,166.5017261920161,pobre,basal,3,195.83333,548.0,1.0,40.0,7,108,24529,1,1.0
97,1.0,0.0,3.3510001,0.0,7.0,7,166.5017261920161,166.5017261920161,pobre,basal,0,800.0,714.5,1.0,55.0,16,108,24530,7,0.0
98,1.0,0.0,3.3510001,,,7,166.5017261920161,166.5017261920161,pobre,basal,0,800.0,714.5,1.0,55.0,17,108,24530,7,0.0
97,0.0,0.0,3.3510001,0.0,6.0,7,166.5017261920161,166.5017261920161,pobre,basal,0,800.0,714.5,1.0,55.0,14,108,24531,6,0.0
98,0.0,0.0,3.3510001,0.0,6.0,7,166.5017261920161,166.5017261920161,pobre,basal,0,800.0,714.5,1.0,55.0,15,108,24531,6,0.0
97,0.0,0.0,3.3510001,1.0,4.0,7,166.5017261920161,166.5017261920161,pobre,basal,0,800.0,714.5,1.0,55.0,12,108,24532,4,1.0
98,0.0,0.0,3.3510001,1.0,5.0,7,166.5017261920161,166.5017261920161,pobre,basal,0,800.0,714.5,1.0,55.0,13,108,24532,4,1.0
97,1.0,0.0,3.3510001,1.0,1.0,7,166.5017261920161,166.5017261920161,pobre,basal,0,800.0,714.5,1.0,55.0,8,108,24533,1,1.0
98,1.0,0.0,3.3510001,1.0,1.0,7,166.5017261920161,166.5017261920161,pobre,basal,0,800.0,714.5,1.0,55.0,9,108,24533,1,1.0
97,1.0,0.0,3.3510001,0.0,6.0,11,166.5017261920161,166.5017261920161,pobre,basal,0,525.0,710.25,1.0,45.0,16,108,24534,6,0.0
98,1.0,0.0,3.3510001,,,11,166.5017261920161,166.5017261920161,pobre,basal,0,525.0,710.25,1.0,45.0,17,108,24534,6,0.0
97,1.0,0.0,3.3510001,1.0,5.0,11,166.5017261920161,166.5017261920161,pobre,basal,0,525.0,710.25,1.0,45.0,14,108,24535,5,1.0
98,1.0,0.0,3.3510001,1.0,6.0,11,166.5017261920161,166.5017261920161,pobre,basal,0,525.0,710.25,1.0,45.0,15,108,24535,5,1.0
97,0.0,0.0,3.3510001,1.0,2.0,11,166.5017261920161,166.5017261920161,pobre,basal,0,525.0,710.25,1.0,45.0,11,108,24536,2,1.0
98,0.0,0.0,3.3510001,1.0,3.0,11,166.5017261920161,166.5017261920161,pobre,basal,0,525.0,710.25,1.0,45.0,12,108,24536,2,1.0
97,0.0,0.0,3.3510001,1.0,1.0,11,166.5017261920161,166.5017261920161,pobre,basal,0,525.0,710.25,1.0,45.0,8,108,24537,1,1.0
98,0.0,0.0,3.3510001,1.0,2.0,11,166.5017261920161,166.5017261920161,pobre,basal,0,525.0,710.25,1.0,45.0,9,108,24537,1,1.0
97,0.0,0.0,3.3510001,,0.0,11,166.5017261920161,166.5017261920161,pobre,basal,0,525.0,710.25,1.0,45.0,6,108,24538,0,
98,0.0,0.0,3.3510001,,,11,166.5017261920161,166.5017261920161,pobre,basal,0,525.0,710.25,1.0,45.0,7,108,24538,0,
97,1.0,0.0,3.3510001,0.0,6.0,5,166.5017261920161,166.5017261920161,no pobre,basal,0,520.0,820.0,1.0,71.0,16,108,24539,6,0.0
98,1.0,0.0,3.3510001,,,5,166.5017261920161,166.5017261920161,no pobre,basal,0,520.0,820.0,1.0,71.0,17,108,24539,6,0.0
97,1.0,0.0,3.3510001,1.0,6.0,5,166.5017261920161,166.5017261920161,no pobre,basal,0,520.0,820.0,1.0,71.0,12,108,24540,6,1.0
98,1.0,0.0,3.3510001,1.0,7.0,5,166.5017261920161,166.5017261920161,no pobre,basal,0,520.0,820.0,1.0,71.0,13,108,24540,6,1.0
97,1.0,0.0,3.3510001,1.0,3.0,9,166.5017261920161,166.5017261920161,pobre,basal,3,1200.0,715.5,1.0,42.0,7,108,24541,3,1.0
98,1.0,0.0,3.3510001,1.0,1.0,9,166.5017261920161,166.5017261920161,pobre,basal,3,1200.0,715.5,1.0,42.0,8,108,24541,3,1.0
97,0.0,0.0,3.3510001,1.0,1.0,9,166.5017261920161,166.5017261920161,pobre,basal,3,1200.0,715.5,1.0,42.0,7,108,24542,1,1.0
98,0.0,0.0,3.3510001,1.0,2.0,9,166.5017261920161,166.5017261920161,pobre,basal,3,1200.0,715.5,1.0,42.0,8,108,24542,1,1.0
97,0.0,0.0,3.3510001,1.0,3.0,9,166.5017261920161,166.5017261920161,pobre,basal,3,1200.0,715.5,1.0,42.0,6,108,24543,3,1.0
98,0.0,0.0,3.3510001,1.0,1.0,9,166.5017261920161,166.5017261920161,pobre,basal,3,1200.0,715.5,1.0,42.0,7,108,24543,3,1.0
97,0.0,0.0,3.3510001,0.0,6.0,6,166.5017261920161,166.5017261920161,pobre,basal,0,500.0,776.0,1.0,55.0,14,108,24544,6,0.0
98,0.0,0.0,3.3510001,1.0,,6,166.5017261920161,166.5017261920161,pobre,basal,0,500.0,776.0,1.0,55.0,15,108,24544,6,0.0
97,0.0,0.0,3.3510001,1.0,1.0,6,166.5017261920161,166.5017261920161,pobre,basal,0,500.0,776.0,1.0,55.0,8,108,24545,1,1.0
98,0.0,0.0,3.3510001,1.0,2.0,6,166.5017261920161,166.5017261920161,pobre,basal,0,500.0,776.0,1.0,55.0,9,108,24545,1,1.0
97,0.0,0.0,3.3510001,0.0,6.0,9,166.5017261920161,166.5017261920161,pobre,basal,0,500.0,619.0,1.0,52.0,13,108,24546,6,0.0
98,0.0,0.0,3.3510001,0.0,6.0,9,166.5017261920161,166.5017261920161,pobre,basal,0,500.0,619.0,1.0,52.0,14,108,24546,6,0.0
97,1.0,0.0,3.3510001,1.0,1.0,9,166.5017261920161,166.5017261920161,pobre,basal,0,500.0,619.0,1.0,52.0,7,108,24547,1,1.0
98,1.0,0.0,3.3510001,1.0,1.0,9,166.5017261920161,166.5017261920161,pobre,basal,0,500.0,619.0,1.0,52.0,8,108,24547,1,1.0
97,0.0,0.0,3.3510001,1.0,1.0,9,166.5017261920161,166.5017261920161,pobre,basal,0,500.0,619.0,1.0,52.0,7,108,24548,1,1.0
98,0.0,0.0,3.3510001,1.0,2.0,9,166.5017261920161,166.5017261920161,pobre,basal,0,500.0,619.0,1.0,52.0,8,108,24548,1,1.0
97,1.0,0.0,3.3510001,1.0,3.0,9,166.5017261920161,166.5017261920161,pobre,basal,0,500.0,619.0,1.0,52.0,13,108,24549,3,1.0
98,1.0,0.0,3.3510001,1.0,3.0,9,166.5017261920161,166.5017261920161,pobre,basal,0,500.0,619.0,1.0,52.0,14,108,24549,3,1.0
97,0.0,0.0,3.3510001,1.0,3.0,9,166.5017261920161,166.5017261920161,pobre,basal,0,500.0,619.0,1.0,52.0,10,108,24550,3,1.0
98,0.0,0.0,3.3510001,1.0,4.0,9,166.5017261920161,166.5017261920161,pobre,basal,0,500.0,619.0,1.0,52.0,11,108,24550,3,1.0
97,1.0,0.0,3.3510001,1.0,3.0,4,166.5017261920161,166.5017261920161,pobre,basal,2,375.0,682.0,1.0,33.0,9,108,24551,3,1.0
98,1.0,0.0,3.3510001,1.0,4.0,4,166.5017261920161,166.5017261920161,pobre,basal,2,375.0,682.0,1.0,33.0,10,108,24551,3,1.0
97,0.0,0.0,3.3510001,0.0,6.0,7,166.5017261920161,166.5017261920161,pobre,basal,6,500.0,595.0,1.0,39.0,16,108,24552,6,0.0
98,0.0,0.0,3.3510001,,,7,166.5017261920161,166.5017261920161,pobre,basal,6,500.0,595.0,1.0,39.0,17,108,24552,6,0.0
97,1.0,0.0,3.3510001,1.0,7.0,7,166.5017261920161,166.5017261920161,pobre,basal,6,500.0,595.0,1.0,39.0,14,108,24553,7,1.0
98,1.0,0.0,3.3510001,1.0,8.0,7,166.5017261920161,166.5017261920161,pobre,basal,6,500.0,595.0,1.0,39.0,15,108,24553,7,1.0
97,1.0,0.0,3.3510001,1.0,5.0,7,166.5017261920161,166.5017261920161,pobre,basal,6,500.0,595.0,1.0,39.0,12,108,24554,5,1.0
98,1.0,0.0,3.3510001,1.0,6.0,7,166.5017261920161,166.5017261920161,pobre,basal,6,500.0,595.0,1.0,39.0,13,108,24554,5,1.0
97,0.0,0.0,3.3510001,1.0,3.0,7,166.5017261920161,166.5017261920161,pobre,basal,6,500.0,595.0,1.0,39.0,9,108,24555,3,1.0
98,0.0,0.0,3.3510001,1.0,4.0,7,166.5017261920161,166.5017261920161,pobre,basal,6,500.0,595.0,1.0,39.0,10,108,24555,3,1.0
97,1.0,0.0,3.3510001,1.0,3.0,5,166.5017261920161,166.5017261920161,pobre,basal,6,500.0,659.0,1.0,33.0,6,108,24556,3,1.0
98,1.0,0.0,3.3510001,1.0,1.0,5,166.5017261920161,166.5017261920161,pobre,basal,6,500.0,659.0,1.0,33.0,7,108,24556,3,1.0
97,0.0,0.0,3.3510001,1.0,3.0,6,166.5017261920161,166.5017261920161,pobre,basal,0,375.0,749.0,1.0,45.0,9,108,24557,3,1.0
98,0.0,0.0,3.3510001,1.0,4.0,6,166.5017261920161,166.5017261920161,pobre,basal,0,375.0,749.0,1.0,45.0,10,108,24557,3,1.0
97,0.0,0.0,3.3510001,1.0,7.0,6,166.5017261920161,166.5017261920161,pobre,basal,6,440.0,670.0,1.0,37.0,13,108,24558,7,1.0
98,0.0,0.0,3.3510001,1.0,8.0,6,166.5017261920161,166.5017261920161,pobre,basal,6,440.0,670.0,1.0,37.0,14,108,24558,7,1.0
97,0.0,0.0,3.3510001,1.0,5.0,6,166.5017261920161,166.5017261920161,pobre,basal,6,440.0,670.0,1.0,37.0,11,108,24559,5,1.0
98,0.0,0.0,3.3510001,1.0,6.0,6,166.5017261920161,166.5017261920161,pobre,basal,6,440.0,670.0,1.0,37.0,12,108,24559,5,1.0
97,0.0,0.0,3.3510001,1.0,2.0,6,166.5017261920161,166.5017261920161,pobre,basal,6,440.0,670.0,1.0,37.0,8,108,24560,2,1.0
98,0.0,0.0,3.3510001,1.0,3.0,6,166.5017261920161,166.5017261920161,pobre,basal,6,440.0,670.0,1.0,37.0,9,108,24560,2,1.0
97,1.0,0.0,3.3510001,0.0,9.0,3,166.5017261920161,166.5017261920161,pobre,basal,0,400.0,678.5,0.0,42.0,16,108,24561,9,0.0
98,1.0,0.0,3.3510001,,,3,166.5017261920161,166.5017261920161,pobre,basal,0,400.0,678.5,0.0,42.0,17,108,24561,9,0.0
97,0.0,0.0,3.8199999,0.0,6.0,6,135.5750098453973,135.5750098453973,no pobre,basal,2,0.0,774.0,1.0,57.0,16,70,24562,6,0.0
98,0.0,0.0,3.8199999,0.0,6.0,6,135.5750098453973,135.5750098453973,no pobre,basal,2,0.0,774.0,1.0,57.0,17,70,24562,6,0.0
97,0.0,0.0,3.8199999,0.0,6.0,10,135.5750098453973,135.5750098453973,pobre,basal,0,0.0,605.0,1.0,33.0,15,70,24563,6,0.0
98,0.0,0.0,3.8199999,0.0,6.0,10,135.5750098453973,135.5750098453973,pobre,basal,0,0.0,605.0,1.0,33.0,16,70,24563,6,0.0
97,1.0,0.0,3.8199999,0.0,6.0,10,135.5750098453973,135.5750098453973,pobre,basal,0,0.0,605.0,1.0,33.0,14,70,24564,6,0.0
98,1.0,0.0,3.8199999,0.0,6.0,10,135.5750098453973,135.5750098453973,pobre,basal,0,0.0,605.0,1.0,33.0,15,70,24564,6,0.0
97,1.0,0.0,3.8199999,0.0,6.0,10,135.5750098453973,135.5750098453973,pobre,basal,0,0.0,605.0,1.0,33.0,12,70,24565,6,0.0
98,1.0,0.0,3.8199999,0.0,6.0,10,135.5750098453973,135.5750098453973,pobre,basal,0,0.0,605.0,1.0,33.0,13,70,24565,6,0.0
97,1.0,0.0,3.8199999,1.0,3.0,10,135.5750098453973,135.5750098453973,pobre,basal,0,0.0,605.0,1.0,33.0,9,70,24566,3,1.0
98,1.0,0.0,3.8199999,1.0,4.0,10,135.5750098453973,135.5750098453973,pobre,basal,0,0.0,605.0,1.0,33.0,10,70,24566,3,1.0
97,1.0,0.0,3.8199999,1.0,2.0,10,135.5750098453973,135.5750098453973,pobre,basal,0,0.0,605.0,1.0,33.0,7,70,24567,2,1.0
98,1.0,0.0,3.8199999,1.0,3.0,10,135.5750098453973,135.5750098453973,pobre,basal,0,0.0,605.0,1.0,33.0,8,70,24567,2,1.0
97,0.0,0.0,3.8199999,0.0,6.0,8,135.5750098453973,135.5750098453973,pobre,basal,2,1000.0,496.0,1.0,46.0,15,70,24568,6,0.0
98,0.0,0.0,3.8199999,0.0,6.0,8,135.5750098453973,135.5750098453973,pobre,basal,2,1000.0,496.0,1.0,46.0,16,70,24568,6,0.0
97,0.0,0.0,3.8199999,1.0,3.0,8,135.5750098453973,135.5750098453973,pobre,basal,2,1000.0,496.0,1.0,46.0,12,70,24569,3,1.0
98,0.0,0.0,3.8199999,1.0,3.0,8,135.5750098453973,135.5750098453973,pobre,basal,2,1000.0,496.0,1.0,46.0,13,70,24569,3,1.0
97,0.0,0.0,3.8199999,1.0,1.0,8,135.5750098453973,135.5750098453973,pobre,basal,2,1000.0,496.0,1.0,46.0,8,70,24570,1,1.0
98,0.0,0.0,3.8199999,1.0,2.0,8,135.5750098453973,135.5750098453973,pobre,basal,2,1000.0,496.0,1.0,46.0,9,70,24570,1,1.0
97,0.0,0.0,3.8199999,1.0,1.0,7,135.5750098453973,135.5750098453973,pobre,basal,0,0.0,593.0,1.0,77.0,7,70,24571,1,1.0
98,0.0,0.0,3.8199999,1.0,3.0,7,135.5750098453973,135.5750098453973,pobre,basal,0,0.0,593.0,1.0,77.0,8,70,24571,1,1.0
97,0.0,0.0,3.8199999,1.0,5.0,8,135.5750098453973,135.5750098453973,pobre,basal,1,0.0,439.0,1.0,38.0,12,70,24572,5,1.0
98,0.0,0.0,3.8199999,0.0,6.0,8,135.5750098453973,135.5750098453973,pobre,basal,1,0.0,439.0,1.0,38.0,13,70,24572,5,1.0
97,1.0,0.0,3.8199999,1.0,2.0,8,135.5750098453973,135.5750098453973,pobre,basal,1,0.0,439.0,1.0,38.0,10,70,24573,2,1.0
98,1.0,0.0,3.8199999,1.0,3.0,8,135.5750098453973,135.5750098453973,pobre,basal,1,0.0,439.0,1.0,38.0,11,70,24573,2,1.0
97,0.0,0.0,3.8199999,1.0,1.0,8,135.5750098453973,135.5750098453973,pobre,basal,1,0.0,439.0,1.0,38.0,7,70,24574,1,1.0
98,0.0,0.0,3.8199999,1.0,3.0,8,135.5750098453973,135.5750098453973,pobre,basal,1,0.0,439.0,1.0,38.0,8,70,24574,1,1.0
97,1.0,0.0,3.8199999,1.0,0.0,8,135.5750098453973,135.5750098453973,pobre,basal,1,0.0,439.0,1.0,38.0,6,70,24575,0,1.0
98,1.0,0.0,3.8199999,1.0,2.0,8,135.5750098453973,135.5750098453973,pobre,basal,1,0.0,439.0,1.0,38.0,7,70,24575,0,1.0
97,1.0,0.0,3.8199999,1.0,5.0,6,135.5750098453973,135.5750098453973,pobre,basal,2,875.0,639.0,1.0,41.0,13,70,24576,5,1.0
98,1.0,0.0,3.8199999,0.0,6.0,6,135.5750098453973,135.5750098453973,pobre,basal,2,875.0,639.0,1.0,41.0,14,70,24576,5,1.0
97,1.0,0.0,3.8199999,1.0,4.0,6,135.5750098453973,135.5750098453973,pobre,basal,2,875.0,639.0,1.0,41.0,11,70,24577,4,1.0
98,1.0,0.0,3.8199999,1.0,5.0,6,135.5750098453973,135.5750098453973,pobre,basal,2,875.0,639.0,1.0,41.0,12,70,24577,4,1.0
97,0.0,0.0,3.8199999,1.0,1.0,6,135.5750098453973,135.5750098453973,pobre,basal,2,875.0,639.0,1.0,41.0,7,70,24578,1,1.0
98,0.0,0.0,3.8199999,1.0,2.0,6,135.5750098453973,135.5750098453973,pobre,basal,2,875.0,639.0,1.0,41.0,8,70,24578,1,1.0
97,1.0,0.0,4.132,0.0,6.0,9,138.5988165489844,143.5941077465998,pobre,basal,0,500.0,621.5,0.0,42.0,15,46,24579,6,0.0
98,1.0,0.0,4.132,0.0,6.0,9,138.5988165489844,143.5941077465998,pobre,basal,0,500.0,621.5,0.0,42.0,16,46,24579,6,0.0
97,1.0,0.0,4.132,1.0,6.0,9,138.5988165489844,143.5941077465998,pobre,basal,0,500.0,621.5,0.0,42.0,12,46,24580,6,1.0
98,1.0,0.0,4.132,1.0,7.0,9,138.5988165489844,143.5941077465998,pobre,basal,0,500.0,621.5,0.0,42.0,13,46,24580,6,1.0
97,1.0,0.0,4.132,1.0,4.0,9,138.5988165489844,143.5941077465998,pobre,basal,0,500.0,621.5,0.0,42.0,10,46,24581,4,1.0
98,1.0,0.0,4.132,1.0,5.0,9,138.5988165489844,143.5941077465998,pobre,basal,0,500.0,621.5,0.0,42.0,11,46,24581,4,1.0
97,1.0,0.0,4.132,1.0,2.0,9,138.5988165489844,143.5941077465998,pobre,basal,0,500.0,621.5,0.0,42.0,8,46,24582,2,1.0
98,1.0,0.0,4.132,,,9,138.5988165489844,143.5941077465998,pobre,basal,0,500.0,621.5,0.0,42.0,9,46,24582,2,1.0
97,1.0,0.0,4.132,1.0,1.0,9,138.5988165489844,143.5941077465998,pobre,basal,0,500.0,621.5,0.0,42.0,6,46,24583,1,1.0
98,1.0,0.0,4.132,1.0,1.0,9,138.5988165489844,143.5941077465998,pobre,basal,0,500.0,621.5,0.0,42.0,7,46,24583,1,1.0
97,0.0,0.0,4.132,1.0,7.0,2,138.5988165489844,143.5941077465998,pobre,basal,0,0.0,733.0,1.0,63.0,12,46,24584,7,1.0
98,0.0,0.0,4.132,1.0,7.0,2,138.5988165489844,143.5941077465998,pobre,basal,0,0.0,733.0,1.0,63.0,13,46,24584,7,1.0
97,1.0,0.0,4.132,1.0,4.0,4,138.5988165489844,143.5941077465998,no pobre,basal,9,1250.0,877.0,1.0,58.0,9,46,24585,4,1.0
98,1.0,0.0,4.132,,,4,138.5988165489844,143.5941077465998,no pobre,basal,9,1250.0,877.0,1.0,58.0,10,46,24585,4,1.0
97,1.0,0.0,4.132,1.0,2.0,4,138.5988165489844,143.5941077465998,no pobre,basal,9,1250.0,877.0,1.0,58.0,7,46,24586,2,1.0
98,1.0,0.0,4.132,,,4,138.5988165489844,143.5941077465998,no pobre,basal,9,1250.0,877.0,1.0,58.0,8,46,24586,2,1.0
97,0.0,0.0,4.132,1.0,6.0,4,138.5988165489844,143.5941077465998,pobre,basal,6,500.0,749.0,1.0,33.0,11,46,24587,6,1.0
98,0.0,0.0,4.132,1.0,6.0,4,138.5988165489844,143.5941077465998,pobre,basal,6,500.0,749.0,1.0,33.0,12,46,24587,6,1.0
97,1.0,0.0,4.132,1.0,2.0,4,138.5988165489844,143.5941077465998,pobre,basal,6,500.0,749.0,1.0,33.0,7,46,24588,2,1.0
98,1.0,0.0,4.132,1.0,2.0,4,138.5988165489844,143.5941077465998,pobre,basal,6,500.0,749.0,1.0,33.0,8,46,24588,2,1.0
97,1.0,0.0,4.132,1.0,11.0,3,138.5988165489844,143.5941077465998,no pobre,basal,1,250.0,859.5,0.0,48.0,16,46,24589,11,1.0
98,1.0,0.0,4.132,,,3,138.5988165489844,143.5941077465998,no pobre,basal,1,250.0,859.5,0.0,48.0,17,46,24589,11,1.0
97,1.0,0.0,4.132,0.0,9.0,5,138.5988165489844,143.5941077465998,pobre,basal,0,500.0,687.0,1.0,67.0,16,46,24590,9,0.0
98,1.0,0.0,4.132,,,5,138.5988165489844,143.5941077465998,pobre,basal,0,500.0,687.0,1.0,67.0,17,46,24590,9,0.0
97,1.0,0.0,4.132,1.0,10.0,5,138.5988165489844,143.5941077465998,pobre,basal,0,500.0,687.0,1.0,67.0,16,46,24591,10,1.0
98,1.0,0.0,4.132,,,5,138.5988165489844,143.5941077465998,pobre,basal,0,500.0,687.0,1.0,67.0,17,46,24591,10,1.0
97,1.0,0.0,4.132,0.0,9.0,8,138.5988165489844,143.5941077465998,pobre,basal,0,500.0,808.0,1.0,50.0,16,46,24592,9,0.0
98,1.0,0.0,4.132,,,8,138.5988165489844,143.5941077465998,pobre,basal,0,500.0,808.0,1.0,50.0,17,46,24592,9,0.0
97,0.0,0.0,4.132,1.0,8.0,8,138.5988165489844,143.5941077465998,pobre,basal,0,500.0,808.0,1.0,50.0,14,46,24593,8,1.0
98,0.0,0.0,4.132,0.0,9.0,8,138.5988165489844,143.5941077465998,pobre,basal,0,500.0,808.0,1.0,50.0,15,46,24593,8,1.0
97,1.0,0.0,4.132,1.0,2.0,8,138.5988165489844,143.5941077465998,pobre,basal,0,500.0,808.0,1.0,50.0,7,46,24594,2,1.0
98,1.0,0.0,4.132,1.0,3.0,8,138.5988165489844,143.5941077465998,pobre,basal,0,500.0,808.0,1.0,50.0,8,46,24594,2,1.0
97,1.0,0.0,4.132,1.0,5.0,3,138.5988165489844,143.5941077465998,pobre,basal,2,500.0,752.0,1.0,58.0,10,46,24595,5,1.0
98,1.0,0.0,4.132,0.0,6.0,3,138.5988165489844,143.5941077465998,pobre,basal,2,500.0,752.0,1.0,58.0,11,46,24595,5,1.0
97,1.0,0.0,4.132,1.0,3.0,5,138.5988165489844,143.5941077465998,pobre,basal,2,500.0,767.5,1.0,66.0,10,46,24596,3,1.0
98,1.0,0.0,4.132,1.0,4.0,5,138.5988165489844,143.5941077465998,pobre,basal,2,500.0,767.5,1.0,66.0,11,46,24596,3,1.0
97,1.0,0.0,4.132,1.0,2.0,5,138.5988165489844,143.5941077465998,pobre,basal,2,500.0,767.5,1.0,66.0,8,46,24597,2,1.0
98,1.0,0.0,4.132,1.0,3.0,5,138.5988165489844,143.5941077465998,pobre,basal,2,500.0,767.5,1.0,66.0,9,46,24597,2,1.0
97,0.0,0.0,4.132,1.0,2.0,4,138.5988165489844,143.5941077465998,pobre,basal,6,0.0,720.0,0.0,25.0,9,46,24598,2,1.0
98,0.0,0.0,4.132,1.0,3.0,4,138.5988165489844,143.5941077465998,pobre,basal,6,0.0,720.0,0.0,25.0,10,46,24598,2,1.0
97,1.0,0.0,4.132,1.0,1.0,4,138.5988165489844,143.5941077465998,pobre,basal,6,0.0,720.0,0.0,25.0,8,46,24599,1,1.0
98,1.0,0.0,4.132,1.0,2.0,4,138.5988165489844,143.5941077465998,pobre,basal,6,0.0,720.0,0.0,25.0,9,46,24599,1,1.0
97,1.0,0.0,4.132,1.0,4.0,3,138.5988165489844,143.5941077465998,pobre,basal,3,0.0,706.0,0.0,39.0,10,46,24600,4,1.0
98,1.0,0.0,4.132,1.0,5.0,3,138.5988165489844,143.5941077465998,pobre,basal,3,0.0,706.0,0.0,39.0,11,46,24600,4,1.0
97,0.0,0.0,4.132,1.0,3.0,3,138.5988165489844,143.5941077465998,pobre,basal,3,0.0,706.0,0.0,39.0,9,46,24601,3,1.0
98,0.0,0.0,4.132,1.0,4.0,3,138.5988165489844,143.5941077465998,pobre,basal,3,0.0,706.0,0.0,39.0,10,46,24601,3,1.0
97,1.0,0.0,4.132,1.0,3.0,3,138.5988165489844,143.5941077465998,no pobre,basal,5,500.0,848.0,1.0,53.0,10,46,24602,3,1.0
98,1.0,0.0,4.132,1.0,4.0,3,138.5988165489844,143.5941077465998,no pobre,basal,5,500.0,848.0,1.0,53.0,11,46,24602,3,1.0
97,0.0,0.0,4.132,0.0,6.0,4,138.5988165489844,143.5941077465998,no pobre,basal,1,500.0,841.0,1.0,59.0,15,46,24603,6,0.0
98,0.0,0.0,4.132,0.0,6.0,4,138.5988165489844,143.5941077465998,no pobre,basal,1,500.0,841.0,1.0,59.0,16,46,24603,6,0.0
97,0.0,0.0,4.132,1.0,1.0,5,138.5988165489844,143.5941077465998,pobre,basal,4,500.0,723.0,1.0,29.0,7,46,24604,1,1.0
98,0.0,0.0,4.132,1.0,2.0,5,138.5988165489844,143.5941077465998,pobre,basal,4,500.0,723.0,1.0,29.0,8,46,24604,1,1.0
97,1.0,0.0,4.132,1.0,3.0,5,138.5988165489844,143.5941077465998,no pobre,basal,0,500.0,796.70001,1.0,58.0,10,46,24605,3,1.0
98,1.0,0.0,4.132,1.0,4.0,5,138.5988165489844,143.5941077465998,no pobre,basal,0,500.0,796.70001,1.0,58.0,11,46,24605,3,1.0
97,0.0,0.0,4.132,1.0,8.0,6,138.5988165489844,143.5941077465998,no pobre,basal,3,0.0,833.0,1.0,57.0,13,46,24606,8,1.0
98,0.0,0.0,4.132,0.0,9.0,6,138.5988165489844,143.5941077465998,no pobre,basal,3,0.0,833.0,1.0,57.0,14,46,24606,8,1.0
97,1.0,0.0,4.132,1.0,5.0,6,138.5988165489844,143.5941077465998,no pobre,basal,3,0.0,833.0,1.0,57.0,10,46,24607,5,1.0
98,1.0,0.0,4.132,0.0,6.0,6,138.5988165489844,143.5941077465998,no pobre,basal,3,0.0,833.0,1.0,57.0,11,46,24607,5,1.0
97,0.0,0.0,4.132,,0.0,5,138.5988165489844,143.5941077465998,pobre,basal,3,500.0,675.0,1.0,45.0,12,46,24608,0,
98,0.0,0.0,4.132,,,5,138.5988165489844,143.5941077465998,pobre,basal,3,500.0,675.0,1.0,45.0,13,46,24608,0,
97,1.0,0.0,4.132,1.0,4.0,5,138.5988165489844,143.5941077465998,pobre,basal,3,500.0,675.0,1.0,45.0,10,46,24609,4,1.0
98,1.0,0.0,4.132,1.0,5.0,5,138.5988165489844,143.5941077465998,pobre,basal,3,500.0,675.0,1.0,45.0,11,46,24609,4,1.0
97,0.0,0.0,4.132,1.0,2.0,5,138.5988165489844,143.5941077465998,pobre,basal,3,500.0,675.0,1.0,45.0,8,46,24610,2,1.0
98,0.0,0.0,4.132,1.0,3.0,5,138.5988165489844,143.5941077465998,pobre,basal,3,500.0,675.0,1.0,45.0,9,46,24610,2,1.0
97,1.0,0.0,4.132,1.0,7.0,8,138.5988165489844,143.5941077465998,no pobre,basal,3,500.0,811.0,1.0,44.0,13,46,24611,7,1.0
98,1.0,0.0,4.132,1.0,8.0,8,138.5988165489844,143.5941077465998,no pobre,basal,3,500.0,811.0,1.0,44.0,14,46,24611,7,1.0
97,0.0,0.0,4.132,1.0,5.0,8,138.5988165489844,143.5941077465998,no pobre,basal,3,500.0,811.0,1.0,44.0,11,46,24612,5,1.0
98,0.0,0.0,4.132,1.0,6.0,8,138.5988165489844,143.5941077465998,no pobre,basal,3,500.0,811.0,1.0,44.0,12,46,24612,5,1.0
97,0.0,0.0,4.132,0.0,6.0,5,138.5988165489844,143.5941077465998,no pobre,basal,3,500.0,831.0,1.0,53.0,15,46,24613,6,0.0
98,0.0,0.0,4.132,1.0,6.0,5,138.5988165489844,143.5941077465998,no pobre,basal,3,500.0,831.0,1.0,53.0,16,46,24613,6,0.0
97,1.0,0.0,1.762,0.0,6.0,8,164.0445753807902,180.2955432451342,pobre,basal,3,400.0,621.0,1.0,63.0,16,105,24614,6,0.0
98,1.0,0.0,1.762,,,8,164.0445753807902,180.2955432451342,pobre,basal,3,400.0,621.0,1.0,63.0,17,105,24614,6,0.0
97,0.0,0.0,1.762,1.0,8.0,8,164.0445753807902,180.2955432451342,pobre,basal,3,400.0,621.0,1.0,63.0,14,105,24615,8,1.0
98,0.0,0.0,1.762,1.0,9.0,8,164.0445753807902,180.2955432451342,pobre,basal,3,400.0,621.0,1.0,63.0,15,105,24615,8,1.0
97,1.0,0.0,1.762,1.0,3.0,8,164.0445753807902,180.2955432451342,pobre,basal,3,400.0,621.0,1.0,63.0,8,105,24616,3,1.0
98,1.0,0.0,1.762,1.0,4.0,8,164.0445753807902,180.2955432451342,pobre,basal,3,400.0,621.0,1.0,63.0,9,105,24616,3,1.0
97,0.0,0.0,1.762,1.0,5.0,8,164.0445753807902,180.2955432451342,pobre,basal,3,400.0,621.0,1.0,63.0,11,105,24617,5,1.0
98,0.0,0.0,1.762,1.0,6.0,8,164.0445753807902,180.2955432451342,pobre,basal,3,400.0,621.0,1.0,63.0,12,105,24617,5,1.0
97,1.0,0.0,1.762,0.0,3.0,10,164.0445753807902,180.2955432451342,pobre,basal,4,375.0,552.0,1.0,46.0,16,105,24618,3,0.0
98,1.0,0.0,1.762,,,10,164.0445753807902,180.2955432451342,pobre,basal,4,375.0,552.0,1.0,46.0,17,105,24618,3,0.0
97,1.0,0.0,1.762,,3.0,10,164.0445753807902,180.2955432451342,pobre,basal,4,375.0,552.0,1.0,46.0,14,105,24619,3,
98,1.0,0.0,1.762,0.0,2.0,10,164.0445753807902,180.2955432451342,pobre,basal,4,375.0,552.0,1.0,46.0,15,105,24619,3,
97,1.0,0.0,1.762,1.0,5.0,10,164.0445753807902,180.2955432451342,pobre,basal,4,375.0,552.0,1.0,46.0,13,105,24620,5,1.0
98,1.0,0.0,1.762,0.0,5.0,10,164.0445753807902,180.2955432451342,pobre,basal,4,375.0,552.0,1.0,46.0,14,105,24620,5,1.0
97,0.0,0.0,1.762,1.0,3.0,10,164.0445753807902,180.2955432451342,pobre,basal,4,375.0,552.0,1.0,46.0,12,105,24621,3,1.0
98,0.0,0.0,1.762,1.0,4.0,10,164.0445753807902,180.2955432451342,pobre,basal,4,375.0,552.0,1.0,46.0,13,105,24621,3,1.0
97,1.0,0.0,1.762,1.0,3.0,10,164.0445753807902,180.2955432451342,pobre,basal,4,375.0,552.0,1.0,46.0,10,105,24622,3,1.0
98,1.0,0.0,1.762,1.0,4.0,10,164.0445753807902,180.2955432451342,pobre,basal,4,375.0,552.0,1.0,46.0,11,105,24622,3,1.0
97,1.0,0.0,1.762,1.0,2.0,10,164.0445753807902,180.2955432451342,pobre,basal,4,375.0,552.0,1.0,46.0,8,105,24623,2,1.0
98,1.0,0.0,1.762,1.0,3.0,10,164.0445753807902,180.2955432451342,pobre,basal,4,375.0,552.0,1.0,46.0,9,105,24623,2,1.0
97,1.0,0.0,1.762,1.0,4.0,7,164.0445753807902,180.2955432451342,pobre,basal,0,960.0,479.0,1.0,36.0,11,105,24624,4,1.0
98,1.0,0.0,1.762,1.0,5.0,7,164.0445753807902,180.2955432451342,pobre,basal,0,960.0,479.0,1.0,36.0,12,105,24624,4,1.0
97,1.0,0.0,1.762,0.0,4.0,3,164.0445753807902,180.2955432451342,pobre,basal,4,375.0,622.5,1.0,64.0,13,105,24625,4,0.0
98,1.0,0.0,1.762,0.0,4.0,3,164.0445753807902,180.2955432451342,pobre,basal,4,375.0,622.5,1.0,64.0,14,105,24625,4,0.0
97,1.0,0.0,1.762,0.0,4.0,9,164.0445753807902,180.2955432451342,pobre,basal,3,375.0,462.0,1.0,27.0,13,105,24626,4,0.0
98,1.0,0.0,1.762,0.0,4.0,9,164.0445753807902,180.2955432451342,pobre,basal,3,375.0,462.0,1.0,27.0,14,105,24626,4,0.0
97,1.0,0.0,1.762,0.0,3.0,9,164.0445753807902,180.2955432451342,pobre,basal,3,375.0,462.0,1.0,27.0,11,105,24627,3,0.0
98,1.0,0.0,1.762,0.0,4.0,9,164.0445753807902,180.2955432451342,pobre,basal,3,375.0,462.0,1.0,27.0,12,105,24627,3,0.0
97,1.0,0.0,1.762,1.0,2.0,9,164.0445753807902,180.2955432451342,pobre,basal,3,375.0,462.0,1.0,27.0,10,105,24628,2,1.0
98,1.0,0.0,1.762,1.0,3.0,9,164.0445753807902,180.2955432451342,pobre,basal,3,375.0,462.0,1.0,27.0,11,105,24628,2,1.0
97,1.0,0.0,1.762,1.0,1.0,9,164.0445753807902,180.2955432451342,pobre,basal,3,375.0,462.0,1.0,27.0,6,105,24629,1,1.0
98,1.0,0.0,1.762,1.0,2.0,9,164.0445753807902,180.2955432451342,pobre,basal,3,375.0,462.0,1.0,27.0,7,105,24629,1,1.0
97,0.0,1.0,3.54,1.0,0.0,4,163.996466610046,186.4603918120463,pobre,0,0,0.0,587.0,1.0,50.0,6,106,24630,0,1.0
98,0.0,1.0,3.54,1.0,0.0,4,163.996466610046,186.4603918120463,pobre,0,0,0.0,587.0,1.0,50.0,7,106,24630,0,1.0
97,1.0,1.0,3.54,1.0,7.0,6,163.996466610046,186.4603918120463,pobre,0,0,333.33334,665.70001,1.0,47.0,15,106,24631,7,1.0
98,1.0,1.0,3.54,1.0,8.0,6,163.996466610046,186.4603918120463,pobre,0,0,333.33334,665.70001,1.0,47.0,16,106,24631,7,1.0
97,1.0,1.0,3.54,1.0,7.0,6,163.996466610046,186.4603918120463,pobre,0,0,333.33334,665.70001,1.0,47.0,12,106,24632,7,1.0
98,1.0,1.0,3.54,1.0,7.0,6,163.996466610046,186.4603918120463,pobre,0,0,333.33334,665.70001,1.0,47.0,13,106,24632,7,1.0
97,1.0,1.0,3.54,1.0,1.0,6,163.996466610046,186.4603918120463,pobre,0,0,333.33334,665.70001,1.0,47.0,7,106,24633,1,1.0
98,1.0,1.0,3.54,1.0,1.0,6,163.996466610046,186.4603918120463,pobre,0,0,333.33334,665.70001,1.0,47.0,8,106,24633,1,1.0
97,1.0,1.0,3.54,1.0,1.0,6,163.996466610046,186.4603918120463,pobre,0,0,333.33334,665.70001,1.0,47.0,7,106,24634,1,1.0
98,1.0,1.0,3.54,1.0,1.0,6,163.996466610046,186.4603918120463,pobre,0,0,333.33334,665.70001,1.0,47.0,8,106,24634,1,1.0
97,1.0,1.0,3.54,,0.0,4,163.996466610046,186.4603918120463,pobre,0,0,50.0,879.0,1.0,44.0,7,106,24635,0,
98,1.0,1.0,3.54,1.0,3.0,4,163.996466610046,186.4603918120463,pobre,0,0,50.0,879.0,1.0,44.0,8,106,24635,0,
97,0.0,1.0,3.54,,0.0,5,163.996466610046,186.4603918120463,pobre,0,0,79.166664,650.5,1.0,60.0,11,106,24636,0,
98,0.0,1.0,3.54,1.0,6.0,5,163.996466610046,186.4603918120463,pobre,0,0,79.166664,650.5,1.0,60.0,12,106,24636,0,
97,1.0,1.0,3.54,,0.0,5,163.996466610046,186.4603918120463,pobre,0,0,79.166664,650.5,1.0,60.0,8,106,24637,0,
98,1.0,1.0,3.54,1.0,4.0,5,163.996466610046,186.4603918120463,pobre,0,0,79.166664,650.5,1.0,60.0,9,106,24637,0,
97,0.0,1.0,3.54,1.0,1.0,5,163.996466610046,186.4603918120463,pobre,0,0,375.0,623.0,1.0,31.0,9,106,24638,1,1.0
98,0.0,1.0,3.54,1.0,1.0,5,163.996466610046,186.4603918120463,pobre,0,0,375.0,623.0,1.0,31.0,10,106,24638,1,1.0
97,0.0,1.0,3.54,,0.0,5,163.996466610046,186.4603918120463,pobre,0,0,375.0,623.0,1.0,31.0,7,106,24639,0,
98,0.0,1.0,3.54,1.0,2.0,5,163.996466610046,186.4603918120463,pobre,0,0,375.0,623.0,1.0,31.0,8,106,24639,0,
97,0.0,1.0,3.54,,0.0,5,163.996466610046,186.4603918120463,pobre,0,0,375.0,612.0,1.0,27.0,6,106,24640,0,
98,0.0,1.0,3.54,,,5,163.996466610046,186.4603918120463,pobre,0,0,375.0,612.0,1.0,27.0,7,106,24640,0,
97,1.0,,3.54,1.0,1.0,5,163.996466610046,186.4603918120463,no pobre,0,0,375.0,774.5,1.0,61.0,8,106,24641,1,1.0
98,1.0,,3.54,1.0,2.0,5,163.996466610046,186.4603918120463,no pobre,0,0,375.0,774.5,1.0,61.0,9,106,24641,1,1.0
97,0.0,1.0,3.54,,0.0,6,163.996466610046,186.4603918120463,pobre,0,0,375.0,635.0,1.0,46.0,16,106,24642,0,
98,0.0,1.0,3.54,,,6,163.996466610046,186.4603918120463,pobre,0,0,375.0,635.0,1.0,46.0,17,106,24642,0,
97,0.0,1.0,3.54,1.0,1.0,6,163.996466610046,186.4603918120463,pobre,0,0,375.0,635.0,1.0,46.0,12,106,24643,1,1.0
98,0.0,1.0,3.54,1.0,2.0,6,163.996466610046,186.4603918120463,pobre,0,0,375.0,635.0,1.0,46.0,13,106,24643,1,1.0
97,0.0,1.0,3.54,1.0,2.0,6,163.996466610046,186.4603918120463,pobre,0,0,375.0,635.0,1.0,46.0,10,106,24644,2,1.0
98,0.0,1.0,3.54,1.0,3.0,6,163.996466610046,186.4603918120463,pobre,0,0,375.0,635.0,1.0,46.0,11,106,24644,2,1.0
97,1.0,1.0,3.54,1.0,1.0,6,163.996466610046,186.4603918120463,pobre,0,0,375.0,635.0,1.0,46.0,7,106,24645,1,1.0
98,1.0,1.0,3.54,1.0,1.0,6,163.996466610046,186.4603918120463,pobre,0,0,375.0,635.0,1.0,46.0,8,106,24645,1,1.0
97,1.0,1.0,3.54,,0.0,5,163.996466610046,186.4603918120463,pobre,0,0,375.0,548.0,1.0,58.0,12,106,24646,0,
98,1.0,1.0,3.54,1.0,7.0,5,163.996466610046,186.4603918120463,pobre,0,0,375.0,548.0,1.0,58.0,13,106,24646,0,
97,0.0,1.0,3.54,1.0,0.0,5,163.996466610046,186.4603918120463,pobre,0,0,375.0,548.0,1.0,58.0,10,106,24647,0,1.0
98,0.0,1.0,3.54,1.0,1.0,5,163.996466610046,186.4603918120463,pobre,0,0,375.0,548.0,1.0,58.0,11,106,24647,0,1.0
97,1.0,1.0,3.54,1.0,0.0,5,163.996466610046,186.4603918120463,pobre,0,0,375.0,548.0,1.0,58.0,8,106,24648,0,1.0
98,1.0,1.0,3.54,1.0,1.0,5,163.996466610046,186.4603918120463,pobre,0,0,375.0,548.0,1.0,58.0,9,106,24648,0,1.0
97,1.0,0.0,3.8199999,0.0,6.0,7,135.5750098453973,135.5750098453973,pobre,basal,0,750.0,643.5,1.0,39.0,14,70,24649,6,0.0
98,1.0,0.0,3.8199999,1.0,6.0,7,135.5750098453973,135.5750098453973,pobre,basal,0,750.0,643.5,1.0,39.0,15,70,24649,6,0.0
97,0.0,0.0,3.8199999,0.0,6.0,7,135.5750098453973,135.5750098453973,pobre,basal,0,750.0,643.5,1.0,39.0,13,70,24650,6,0.0
98,0.0,0.0,3.8199999,0.0,6.0,7,135.5750098453973,135.5750098453973,pobre,basal,0,750.0,643.5,1.0,39.0,14,70,24650,6,0.0
97,0.0,0.0,3.8199999,1.0,3.0,7,135.5750098453973,135.5750098453973,pobre,basal,0,750.0,643.5,1.0,39.0,9,70,24651,3,1.0
98,0.0,0.0,3.8199999,1.0,5.0,7,135.5750098453973,135.5750098453973,pobre,basal,0,750.0,643.5,1.0,39.0,10,70,24651,3,1.0
97,1.0,0.0,3.8199999,1.0,8.0,5,135.5750098453973,135.5750098453973,no pobre,basal,3,750.0,917.5,1.0,40.0,14,70,24652,8,1.0
98,1.0,0.0,3.8199999,1.0,3.0,5,135.5750098453973,135.5750098453973,no pobre,basal,3,750.0,917.5,1.0,40.0,15,70,24652,8,1.0
97,1.0,0.0,3.8199999,1.0,5.0,5,135.5750098453973,135.5750098453973,no pobre,basal,3,750.0,917.5,1.0,40.0,12,70,24653,5,1.0
98,1.0,0.0,3.8199999,1.0,6.0,5,135.5750098453973,135.5750098453973,no pobre,basal,3,750.0,917.5,1.0,40.0,13,70,24653,5,1.0
97,0.0,0.0,3.54,1.0,0.0,5,163.996466610046,186.4603918120463,pobre,0,1,191.66667,675.0,1.0,31.0,7,106,24654,0,1.0
98,0.0,0.0,3.54,1.0,1.0,5,163.996466610046,186.4603918120463,pobre,0,1,191.66667,675.0,1.0,31.0,8,106,24654,0,1.0
97,0.0,1.0,3.54,,0.0,7,163.996466610046,186.4603918120463,pobre,0,0,375.0,687.83002,1.0,41.0,7,106,24655,0,
98,0.0,1.0,3.54,,,7,163.996466610046,186.4603918120463,pobre,0,0,375.0,687.83002,1.0,41.0,8,106,24655,0,
97,0.0,1.0,3.54,,0.0,7,163.996466610046,186.4603918120463,pobre,0,0,375.0,687.83002,1.0,41.0,15,106,24656,0,
98,0.0,1.0,3.54,,,7,163.996466610046,186.4603918120463,pobre,0,0,375.0,687.83002,1.0,41.0,16,106,24656,0,
97,1.0,1.0,3.54,1.0,5.0,6,163.996466610046,186.4603918120463,pobre,0,0,375.0,623.0,1.0,37.0,13,106,24657,5,1.0
98,1.0,1.0,3.54,1.0,8.0,6,163.996466610046,186.4603918120463,pobre,0,0,375.0,623.0,1.0,37.0,14,106,24657,5,1.0
97,0.0,1.0,3.54,1.0,4.0,6,163.996466610046,186.4603918120463,pobre,0,0,375.0,623.0,1.0,37.0,10,106,24658,4,1.0
98,0.0,1.0,3.54,1.0,5.0,6,163.996466610046,186.4603918120463,pobre,0,0,375.0,623.0,1.0,37.0,11,106,24658,4,1.0
97,1.0,0.0,3.54,1.0,5.0,8,163.996466610046,186.4603918120463,pobre,0,2,500.0,543.0,1.0,32.0,14,106,24659,5,1.0
98,1.0,0.0,3.54,0.0,6.0,8,163.996466610046,186.4603918120463,pobre,0,2,500.0,543.0,1.0,32.0,15,106,24659,5,1.0
97,0.0,0.0,3.54,1.0,3.0,8,163.996466610046,186.4603918120463,pobre,0,2,500.0,543.0,1.0,32.0,10,106,24660,3,1.0
98,0.0,0.0,3.54,1.0,3.0,8,163.996466610046,186.4603918120463,pobre,0,2,500.0,543.0,1.0,32.0,11,106,24660,3,1.0
97,1.0,0.0,3.54,1.0,1.0,8,163.996466610046,186.4603918120463,pobre,0,2,500.0,543.0,1.0,32.0,7,106,24661,1,1.0
98,1.0,0.0,3.54,1.0,2.0,8,163.996466610046,186.4603918120463,pobre,0,2,500.0,543.0,1.0,32.0,8,106,24661,1,1.0
97,1.0,0.0,3.54,1.0,0.0,8,163.996466610046,186.4603918120463,pobre,0,2,500.0,543.0,1.0,32.0,6,106,24662,0,1.0
98,1.0,0.0,3.54,1.0,1.0,8,163.996466610046,186.4603918120463,pobre,0,2,500.0,543.0,1.0,32.0,7,106,24662,0,1.0
97,1.0,1.0,3.54,1.0,6.0,9,163.996466610046,186.4603918120463,pobre,0,0,0.0,502.0,1.0,38.0,15,106,24663,6,1.0
98,1.0,1.0,3.54,1.0,7.0,9,163.996466610046,186.4603918120463,pobre,0,0,0.0,502.0,1.0,38.0,16,106,24663,6,1.0
97,0.0,0.0,3.54,1.0,1.0,9,163.996466610046,186.4603918120463,pobre,0,0,0.0,502.0,1.0,38.0,12,106,24664,1,1.0
98,0.0,0.0,3.54,1.0,6.0,9,163.996466610046,186.4603918120463,pobre,0,0,0.0,502.0,1.0,38.0,13,106,24664,1,1.0
97,0.0,0.0,3.54,1.0,3.0,9,163.996466610046,186.4603918120463,pobre,0,0,0.0,502.0,1.0,38.0,10,106,24665,3,1.0
98,0.0,0.0,3.54,1.0,4.0,9,163.996466610046,186.4603918120463,pobre,0,0,0.0,502.0,1.0,38.0,11,106,24665,3,1.0
97,1.0,0.0,3.54,1.0,0.0,9,163.996466610046,186.4603918120463,pobre,0,0,0.0,502.0,1.0,38.0,6,106,24666,0,1.0
98,1.0,0.0,3.54,1.0,3.0,9,163.996466610046,186.4603918120463,pobre,0,0,0.0,502.0,1.0,38.0,7,106,24666,0,1.0
97,1.0,0.0,3.8199999,1.0,5.0,9,135.5750098453973,135.5750098453973,pobre,basal,6,875.0,491.0,1.0,24.0,12,70,24667,5,1.0
98,1.0,0.0,3.8199999,1.0,2.0,9,135.5750098453973,135.5750098453973,pobre,basal,6,875.0,491.0,1.0,24.0,13,70,24667,5,1.0
97,1.0,0.0,3.8199999,1.0,3.0,9,135.5750098453973,135.5750098453973,pobre,basal,6,875.0,491.0,1.0,24.0,9,70,24668,3,1.0
98,1.0,0.0,3.8199999,1.0,5.0,9,135.5750098453973,135.5750098453973,pobre,basal,6,875.0,491.0,1.0,24.0,10,70,24668,3,1.0
97,0.0,0.0,3.8199999,1.0,2.0,9,135.5750098453973,135.5750098453973,pobre,basal,6,875.0,491.0,1.0,24.0,8,70,24669,2,1.0
98,0.0,0.0,3.8199999,1.0,4.0,9,135.5750098453973,135.5750098453973,pobre,basal,6,875.0,491.0,1.0,24.0,9,70,24669,2,1.0
97,1.0,0.0,3.8199999,0.0,6.0,5,135.5750098453973,135.5750098453973,pobre,basal,3,875.0,576.5,1.0,33.0,14,70,24670,6,0.0
98,1.0,0.0,3.8199999,0.0,6.0,5,135.5750098453973,135.5750098453973,pobre,basal,3,875.0,576.5,1.0,33.0,15,70,24670,6,0.0
97,0.0,0.0,3.8199999,1.0,5.0,5,135.5750098453973,135.5750098453973,pobre,basal,3,875.0,576.5,1.0,33.0,11,70,24671,5,1.0
98,0.0,0.0,3.8199999,0.0,6.0,5,135.5750098453973,135.5750098453973,pobre,basal,3,875.0,576.5,1.0,33.0,12,70,24671,5,1.0
97,1.0,0.0,3.8199999,1.0,3.0,5,135.5750098453973,135.5750098453973,pobre,basal,3,875.0,576.5,1.0,33.0,9,70,24672,3,1.0
98,1.0,0.0,3.8199999,1.0,4.0,5,135.5750098453973,135.5750098453973,pobre,basal,3,875.0,576.5,1.0,33.0,10,70,24672,3,1.0
97,0.0,0.0,3.8199999,0.0,6.0,6,135.5750098453973,135.5750098453973,pobre,basal,2,0.0,908.5,1.0,68.0,14,70,24673,6,0.0
98,0.0,0.0,3.8199999,0.0,6.0,6,135.5750098453973,135.5750098453973,pobre,basal,2,0.0,908.5,1.0,68.0,15,70,24673,6,0.0
97,1.0,0.0,3.8199999,0.0,6.0,9,135.5750098453973,135.5750098453973,pobre,basal,4,875.0,509.0,1.0,39.0,15,70,24674,6,0.0
98,1.0,0.0,3.8199999,0.0,6.0,9,135.5750098453973,135.5750098453973,pobre,basal,4,875.0,509.0,1.0,39.0,16,70,24674,6,0.0
97,1.0,0.0,3.8199999,0.0,6.0,9,135.5750098453973,135.5750098453973,pobre,basal,4,875.0,509.0,1.0,39.0,13,70,24675,6,0.0
98,1.0,0.0,3.8199999,0.0,6.0,9,135.5750098453973,135.5750098453973,pobre,basal,4,875.0,509.0,1.0,39.0,14,70,24675,6,0.0
97,0.0,0.0,3.8199999,0.0,6.0,9,135.5750098453973,135.5750098453973,pobre,basal,4,875.0,509.0,1.0,39.0,11,70,24676,6,0.0
98,0.0,0.0,3.8199999,0.0,6.0,9,135.5750098453973,135.5750098453973,pobre,basal,4,875.0,509.0,1.0,39.0,12,70,24676,6,0.0
97,1.0,0.0,3.8199999,1.0,3.0,9,135.5750098453973,135.5750098453973,pobre,basal,4,875.0,509.0,1.0,39.0,9,70,24677,3,1.0
98,1.0,0.0,3.8199999,1.0,4.0,9,135.5750098453973,135.5750098453973,pobre,basal,4,875.0,509.0,1.0,39.0,10,70,24677,3,1.0
97,0.0,0.0,3.8199999,1.0,1.0,9,135.5750098453973,135.5750098453973,pobre,basal,4,875.0,509.0,1.0,39.0,8,70,24678,1,1.0
98,0.0,0.0,3.8199999,1.0,2.0,9,135.5750098453973,135.5750098453973,pobre,basal,4,875.0,509.0,1.0,39.0,9,70,24678,1,1.0
97,0.0,0.0,3.8199999,1.0,2.0,4,135.5750098453973,135.5750098453973,pobre,basal,6,875.0,610.0,1.0,42.0,8,70,24679,2,1.0
98,0.0,0.0,3.8199999,1.0,3.0,4,135.5750098453973,135.5750098453973,pobre,basal,6,875.0,610.0,1.0,42.0,9,70,24679,2,1.0
97,0.0,0.0,3.8199999,1.0,4.0,5,135.5750098453973,135.5750098453973,pobre,basal,3,875.0,653.5,1.0,32.0,10,70,24680,4,1.0
98,0.0,0.0,3.8199999,1.0,5.0,5,135.5750098453973,135.5750098453973,pobre,basal,3,875.0,653.5,1.0,32.0,11,70,24680,4,1.0
97,0.0,0.0,3.8199999,1.0,2.0,5,135.5750098453973,135.5750098453973,pobre,basal,3,875.0,653.5,1.0,32.0,8,70,24681,2,1.0
98,0.0,0.0,3.8199999,1.0,3.0,5,135.5750098453973,135.5750098453973,pobre,basal,3,875.0,653.5,1.0,32.0,9,70,24681,2,1.0
97,0.0,0.0,3.8199999,1.0,1.0,5,135.5750098453973,135.5750098453973,pobre,basal,3,875.0,653.5,1.0,32.0,7,70,24682,1,1.0
98,0.0,0.0,3.8199999,1.0,2.0,5,135.5750098453973,135.5750098453973,pobre,basal,3,875.0,653.5,1.0,32.0,8,70,24682,1,1.0
97,0.0,0.0,3.8199999,1.0,6.0,8,135.5750098453973,135.5750098453973,pobre,basal,3,875.0,549.0,1.0,41.0,14,70,24683,6,1.0
98,0.0,0.0,3.8199999,1.0,6.0,8,135.5750098453973,135.5750098453973,pobre,basal,3,875.0,549.0,1.0,41.0,15,70,24683,6,1.0
97,1.0,0.0,3.8199999,0.0,6.0,8,135.5750098453973,135.5750098453973,pobre,basal,3,875.0,549.0,1.0,41.0,13,70,24684,6,0.0
98,1.0,0.0,3.8199999,0.0,6.0,8,135.5750098453973,135.5750098453973,pobre,basal,3,875.0,549.0,1.0,41.0,14,70,24684,6,0.0
97,1.0,0.0,3.8199999,1.0,2.0,8,135.5750098453973,135.5750098453973,pobre,basal,3,875.0,549.0,1.0,41.0,9,70,24685,2,1.0
98,1.0,0.0,3.8199999,1.0,3.0,8,135.5750098453973,135.5750098453973,pobre,basal,3,875.0,549.0,1.0,41.0,10,70,24685,2,1.0
97,1.0,0.0,3.8199999,1.0,0.0,8,135.5750098453973,135.5750098453973,pobre,basal,3,875.0,549.0,1.0,41.0,6,70,24686,0,1.0
98,1.0,0.0,3.8199999,1.0,2.0,8,135.5750098453973,135.5750098453973,pobre,basal,3,875.0,549.0,1.0,41.0,7,70,24686,0,1.0
97,0.0,0.0,3.8199999,0.0,6.0,9,135.5750098453973,135.5750098453973,pobre,basal,4,875.0,748.0,1.0,50.0,15,70,24687,6,0.0
98,0.0,0.0,3.8199999,1.0,7.0,9,135.5750098453973,135.5750098453973,pobre,basal,4,875.0,748.0,1.0,50.0,16,70,24687,6,0.0
97,0.0,0.0,3.8199999,0.0,6.0,9,135.5750098453973,135.5750098453973,pobre,basal,4,875.0,748.0,1.0,50.0,12,70,24688,6,0.0
98,0.0,0.0,3.8199999,1.0,8.0,9,135.5750098453973,135.5750098453973,pobre,basal,4,875.0,748.0,1.0,50.0,13,70,24688,6,0.0
97,1.0,0.0,3.8199999,1.0,4.0,9,135.5750098453973,135.5750098453973,pobre,basal,4,875.0,748.0,1.0,50.0,9,70,24689,4,1.0
98,1.0,0.0,3.8199999,1.0,5.0,9,135.5750098453973,135.5750098453973,pobre,basal,4,875.0,748.0,1.0,50.0,10,70,24689,4,1.0
97,0.0,0.0,3.8199999,,0.0,9,135.5750098453973,135.5750098453973,pobre,basal,4,875.0,748.0,1.0,50.0,6,70,24690,0,
98,0.0,0.0,3.8199999,,,9,135.5750098453973,135.5750098453973,pobre,basal,4,875.0,748.0,1.0,50.0,7,70,24690,0,
97,1.0,0.0,3.8199999,0.0,6.0,10,135.5750098453973,135.5750098453973,pobre,basal,3,0.0,523.0,1.0,47.0,14,70,24691,6,0.0
98,1.0,0.0,3.8199999,1.0,9.0,10,135.5750098453973,135.5750098453973,pobre,basal,3,0.0,523.0,1.0,47.0,15,70,24691,6,0.0
97,0.0,0.0,3.8199999,1.0,5.0,10,135.5750098453973,135.5750098453973,pobre,basal,3,0.0,523.0,1.0,47.0,12,70,24692,5,1.0
98,0.0,0.0,3.8199999,1.0,8.0,10,135.5750098453973,135.5750098453973,pobre,basal,3,0.0,523.0,1.0,47.0,13,70,24692,5,1.0
97,1.0,0.0,3.8199999,1.0,4.0,10,135.5750098453973,135.5750098453973,pobre,basal,3,0.0,523.0,1.0,47.0,10,70,24693,4,1.0
98,1.0,0.0,3.8199999,1.0,6.0,10,135.5750098453973,135.5750098453973,pobre,basal,3,0.0,523.0,1.0,47.0,11,70,24693,4,1.0
97,0.0,0.0,3.8199999,1.0,2.0,10,135.5750098453973,135.5750098453973,pobre,basal,3,0.0,523.0,1.0,47.0,7,70,24694,2,1.0
98,0.0,0.0,3.8199999,1.0,2.0,10,135.5750098453973,135.5750098453973,pobre,basal,3,0.0,523.0,1.0,47.0,8,70,24694,2,1.0
97,1.0,1.0,0.0,1.0,8.0,7,114.4284377129468,122.1636435138548,no pobre,basal,6,2000.0,1136.5,1.0,63.0,15,98,24695,8,1.0
98,1.0,1.0,0.0,1.0,9.0,7,114.4284377129468,122.1636435138548,no pobre,basal,6,2000.0,1136.5,1.0,63.0,16,98,24695,8,1.0
97,1.0,1.0,0.0,1.0,8.0,8,114.4284377129468,122.1636435138548,no pobre,basal,9,300.0,997.0,1.0,34.0,14,98,24696,8,1.0
98,1.0,1.0,0.0,1.0,9.0,8,114.4284377129468,122.1636435138548,no pobre,basal,9,300.0,997.0,1.0,34.0,15,98,24696,8,1.0
97,1.0,1.0,0.0,1.0,6.0,8,114.4284377129468,122.1636435138548,no pobre,basal,9,300.0,997.0,1.0,34.0,12,98,24697,6,1.0
98,1.0,1.0,0.0,1.0,7.0,8,114.4284377129468,122.1636435138548,no pobre,basal,9,300.0,997.0,1.0,34.0,13,98,24697,6,1.0
97,1.0,0.0,0.0,1.0,9.0,7,114.4284377129468,122.1636435138548,pobre,basal,10,200.0,736.33099,1.0,36.0,16,98,24698,9,1.0
98,1.0,0.0,0.0,,,7,114.4284377129468,122.1636435138548,pobre,basal,10,200.0,736.33099,1.0,36.0,17,98,24698,9,1.0
97,0.0,0.0,0.0,1.0,8.0,7,114.4284377129468,122.1636435138548,pobre,basal,10,200.0,736.33099,1.0,36.0,15,98,24699,8,1.0
98,0.0,0.0,0.0,0.0,9.0,7,114.4284377129468,122.1636435138548,pobre,basal,10,200.0,736.33099,1.0,36.0,16,98,24699,8,1.0
97,0.0,0.0,0.0,1.0,6.0,7,114.4284377129468,122.1636435138548,pobre,basal,10,200.0,736.33099,1.0,36.0,11,98,24700,6,1.0
98,0.0,0.0,0.0,1.0,7.0,7,114.4284377129468,122.1636435138548,pobre,basal,10,200.0,736.33099,1.0,36.0,12,98,24700,6,1.0
97,0.0,0.0,0.0,1.0,4.0,7,114.4284377129468,122.1636435138548,pobre,basal,10,200.0,736.33099,1.0,36.0,10,98,24701,4,1.0
98,0.0,0.0,0.0,1.0,5.0,7,114.4284377129468,122.1636435138548,pobre,basal,10,200.0,736.33099,1.0,36.0,11,98,24701,4,1.0
97,1.0,1.0,0.0,1.0,8.0,8,114.4284377129468,122.1636435138548,pobre,basal,0,0.0,830.0,0.0,53.0,14,98,24702,8,1.0
98,1.0,1.0,0.0,0.0,9.0,8,114.4284377129468,122.1636435138548,pobre,basal,0,0.0,830.0,0.0,53.0,15,98,24702,8,1.0
97,1.0,0.0,0.0,0.0,9.0,7,114.4284377129468,122.1636435138548,pobre,basal,6,625.0,821.0,1.0,40.0,15,98,24703,9,0.0
98,1.0,0.0,0.0,0.0,9.0,7,114.4284377129468,122.1636435138548,pobre,basal,6,625.0,821.0,1.0,40.0,16,98,24703,9,0.0
97,0.0,0.0,0.0,1.0,8.0,7,114.4284377129468,122.1636435138548,pobre,basal,6,625.0,821.0,1.0,40.0,14,98,24704,8,1.0
98,0.0,0.0,0.0,1.0,8.0,7,114.4284377129468,122.1636435138548,pobre,basal,6,625.0,821.0,1.0,40.0,15,98,24704,8,1.0
97,0.0,0.0,0.0,1.0,6.0,7,114.4284377129468,122.1636435138548,pobre,basal,6,625.0,821.0,1.0,40.0,12,98,24705,6,1.0
98,0.0,0.0,0.0,1.0,7.0,7,114.4284377129468,122.1636435138548,pobre,basal,6,625.0,821.0,1.0,40.0,13,98,24705,6,1.0
97,0.0,0.0,0.0,1.0,5.0,7,114.4284377129468,122.1636435138548,pobre,basal,6,625.0,821.0,1.0,40.0,10,98,24706,5,1.0
98,0.0,0.0,0.0,1.0,5.0,7,114.4284377129468,122.1636435138548,pobre,basal,6,625.0,821.0,1.0,40.0,11,98,24706,5,1.0
97,1.0,0.0,0.0,1.0,8.0,3,114.4284377129468,122.1636435138548,pobre,basal,6,750.0,861.0,0.0,37.0,15,98,24707,8,1.0
98,1.0,0.0,0.0,0.0,8.0,3,114.4284377129468,122.1636435138548,pobre,basal,6,750.0,861.0,0.0,37.0,16,98,24707,8,1.0
97,0.0,1.0,0.0,1.0,2.0,8,114.4284377129468,122.1636435138548,pobre,basal,9,0.0,839.20001,1.0,35.0,7,98,24708,2,1.0
98,0.0,1.0,0.0,1.0,3.0,8,114.4284377129468,122.1636435138548,pobre,basal,9,0.0,839.20001,1.0,35.0,8,98,24708,2,1.0
97,0.0,1.0,0.0,1.0,9.0,7,114.4284377129468,122.1636435138548,pobre,basal,9,625.0,741.0,1.0,39.0,16,98,24709,9,1.0
98,0.0,1.0,0.0,1.0,10.0,7,114.4284377129468,122.1636435138548,pobre,basal,9,625.0,741.0,1.0,39.0,17,98,24709,9,1.0
97,1.0,1.0,0.0,1.0,8.0,7,114.4284377129468,122.1636435138548,pobre,basal,9,625.0,741.0,1.0,39.0,14,98,24710,8,1.0
98,1.0,1.0,0.0,1.0,9.0,7,114.4284377129468,122.1636435138548,pobre,basal,9,625.0,741.0,1.0,39.0,15,98,24710,8,1.0
97,1.0,1.0,0.0,1.0,6.0,7,114.4284377129468,122.1636435138548,pobre,basal,9,625.0,741.0,1.0,39.0,11,98,24711,6,1.0
98,1.0,1.0,0.0,1.0,7.0,7,114.4284377129468,122.1636435138548,pobre,basal,9,625.0,741.0,1.0,39.0,12,98,24711,6,1.0
97,1.0,1.0,0.0,1.0,4.0,7,114.4284377129468,122.1636435138548,pobre,basal,9,625.0,741.0,1.0,39.0,9,98,24712,4,1.0
98,1.0,1.0,0.0,1.0,5.0,7,114.4284377129468,122.1636435138548,pobre,basal,9,625.0,741.0,1.0,39.0,10,98,24712,4,1.0
97,0.0,0.0,0.0,1.0,9.0,3,114.4284377129468,122.1636435138548,pobre,basal,0,100.0,947.0,1.0,40.0,15,98,24713,9,1.0
98,0.0,0.0,0.0,,,3,114.4284377129468,122.1636435138548,pobre,basal,0,100.0,947.0,1.0,40.0,16,98,24713,9,1.0
97,0.0,0.0,0.0,1.0,5.0,3,114.4284377129468,122.1636435138548,pobre,basal,0,100.0,947.0,1.0,40.0,12,98,24714,5,1.0
98,0.0,0.0,0.0,1.0,6.0,3,114.4284377129468,122.1636435138548,pobre,basal,0,100.0,947.0,1.0,40.0,13,98,24714,5,1.0
97,1.0,0.0,0.0,1.0,9.0,9,114.4284377129468,122.1636435138548,pobre,basal,0,0.0,857.5,0.0,77.0,15,98,24715,9,1.0
98,1.0,0.0,0.0,,,9,114.4284377129468,122.1636435138548,pobre,basal,0,0.0,857.5,0.0,77.0,16,98,24715,9,1.0
97,0.0,0.0,0.0,1.0,7.0,9,114.4284377129468,122.1636435138548,pobre,basal,0,0.0,857.5,0.0,77.0,14,98,24716,7,1.0
98,0.0,0.0,0.0,1.0,8.0,9,114.4284377129468,122.1636435138548,pobre,basal,0,0.0,857.5,0.0,77.0,15,98,24716,7,1.0
97,1.0,0.0,0.0,1.0,1.0,9,114.4284377129468,122.1636435138548,pobre,basal,0,0.0,857.5,0.0,77.0,10,98,24717,1,1.0
98,1.0,0.0,0.0,1.0,2.0,9,114.4284377129468,122.1636435138548,pobre,basal,0,0.0,857.5,0.0,77.0,11,98,24717,1,1.0
97,0.0,0.0,0.0,1.0,1.0,9,114.4284377129468,122.1636435138548,pobre,basal,0,0.0,857.5,0.0,77.0,8,98,24718,1,1.0
98,0.0,0.0,0.0,1.0,2.0,9,114.4284377129468,122.1636435138548,pobre,basal,0,0.0,857.5,0.0,77.0,9,98,24718,1,1.0
97,1.0,1.0,0.0,1.0,6.0,7,114.4284377129468,122.1636435138548,pobre,basal,3,750.0,806.5,1.0,42.0,13,98,24719,6,1.0
98,1.0,1.0,0.0,1.0,7.0,7,114.4284377129468,122.1636435138548,pobre,basal,3,750.0,806.5,1.0,42.0,14,98,24719,6,1.0
97,1.0,1.0,0.0,1.0,2.0,7,114.4284377129468,122.1636435138548,pobre,basal,3,750.0,806.5,1.0,42.0,9,98,24720,2,1.0
98,1.0,1.0,0.0,,,7,114.4284377129468,122.1636435138548,pobre,basal,3,750.0,806.5,1.0,42.0,10,98,24720,2,1.0
97,1.0,1.0,0.0,1.0,1.0,7,114.4284377129468,122.1636435138548,pobre,basal,3,750.0,806.5,1.0,42.0,8,98,24721,1,1.0
98,1.0,1.0,0.0,1.0,2.0,7,114.4284377129468,122.1636435138548,pobre,basal,3,750.0,806.5,1.0,42.0,9,98,24721,1,1.0
97,1.0,0.0,0.0,1.0,1.0,3,114.4284377129468,122.1636435138548,pobre,basal,1,750.0,833.0,1.0,54.0,13,98,24722,1,1.0
98,1.0,0.0,0.0,1.0,2.0,3,114.4284377129468,122.1636435138548,pobre,basal,1,750.0,833.0,1.0,54.0,14,98,24722,1,1.0
97,0.0,0.0,0.0,1.0,8.0,5,114.4284377129468,122.1636435138548,pobre,basal,0,200.0,845.5,1.0,38.0,14,98,24723,8,1.0
98,0.0,0.0,0.0,0.0,9.0,5,114.4284377129468,122.1636435138548,pobre,basal,0,200.0,845.5,1.0,38.0,15,98,24723,8,1.0
97,0.0,0.0,0.0,1.0,6.0,5,114.4284377129468,122.1636435138548,pobre,basal,0,200.0,845.5,1.0,38.0,12,98,24724,6,1.0
98,0.0,0.0,0.0,1.0,7.0,5,114.4284377129468,122.1636435138548,pobre,basal,0,200.0,845.5,1.0,38.0,13,98,24724,6,1.0
97,0.0,0.0,0.0,1.0,9.0,5,114.4284377129468,122.1636435138548,pobre,basal,6,750.0,836.0,1.0,36.0,15,98,24725,9,1.0
98,0.0,0.0,0.0,,,5,114.4284377129468,122.1636435138548,pobre,basal,6,750.0,836.0,1.0,36.0,16,98,24725,9,1.0
97,0.0,0.0,0.0,1.0,5.0,5,114.4284377129468,122.1636435138548,pobre,basal,6,750.0,836.0,1.0,36.0,11,98,24726,5,1.0
98,0.0,0.0,0.0,1.0,6.0,5,114.4284377129468,122.1636435138548,pobre,basal,6,750.0,836.0,1.0,36.0,12,98,24726,5,1.0
97,1.0,0.0,0.0,1.0,1.0,5,114.4284377129468,122.1636435138548,pobre,basal,6,750.0,836.0,1.0,36.0,7,98,24727,1,1.0
98,1.0,0.0,0.0,1.0,2.0,5,114.4284377129468,122.1636435138548,pobre,basal,6,750.0,836.0,1.0,36.0,8,98,24727,1,1.0
97,1.0,1.0,0.0,1.0,7.0,7,114.4284377129468,122.1636435138548,pobre,basal,0,0.0,764.5,0.0,56.0,15,98,24728,7,1.0
98,1.0,1.0,0.0,1.0,8.0,7,114.4284377129468,122.1636435138548,pobre,basal,0,0.0,764.5,0.0,56.0,16,98,24728,7,1.0
97,1.0,1.0,0.0,1.0,4.0,7,114.4284377129468,122.1636435138548,pobre,basal,0,0.0,764.5,0.0,56.0,14,98,24729,4,1.0
98,1.0,1.0,0.0,0.0,6.0,7,114.4284377129468,122.1636435138548,pobre,basal,0,0.0,764.5,0.0,56.0,15,98,24729,4,1.0
97,0.0,1.0,0.0,0.0,9.0,6,114.4284377129468,122.1636435138548,pobre,basal,3,750.0,616.0,1.0,40.0,15,98,24730,9,0.0
98,0.0,1.0,0.0,0.0,9.0,6,114.4284377129468,122.1636435138548,pobre,basal,3,750.0,616.0,1.0,40.0,16,98,24730,9,0.0
97,0.0,1.0,0.0,1.0,4.0,6,114.4284377129468,122.1636435138548,pobre,basal,3,750.0,616.0,1.0,40.0,12,98,24731,4,1.0
98,0.0,1.0,0.0,1.0,4.0,6,114.4284377129468,122.1636435138548,pobre,basal,3,750.0,616.0,1.0,40.0,13,98,24731,4,1.0
97,0.0,1.0,0.0,1.0,6.0,6,114.4284377129468,122.1636435138548,pobre,basal,3,750.0,616.0,1.0,40.0,11,98,24732,6,1.0
98,0.0,1.0,0.0,1.0,6.0,6,114.4284377129468,122.1636435138548,pobre,basal,3,750.0,616.0,1.0,40.0,12,98,24732,6,1.0
97,0.0,1.0,0.0,1.0,8.0,5,114.4284377129468,122.1636435138548,no pobre,basal,2,750.0,958.0,1.0,39.0,13,98,24733,8,1.0
98,0.0,1.0,0.0,1.0,8.0,5,114.4284377129468,122.1636435138548,no pobre,basal,2,750.0,958.0,1.0,39.0,14,98,24733,8,1.0
97,0.0,1.0,0.0,1.0,5.0,5,114.4284377129468,122.1636435138548,no pobre,basal,2,750.0,958.0,1.0,39.0,12,98,24734,5,1.0
98,0.0,1.0,0.0,1.0,5.0,5,114.4284377129468,122.1636435138548,no pobre,basal,2,750.0,958.0,1.0,39.0,13,98,24734,5,1.0
97,1.0,1.0,0.0,1.0,1.0,5,114.4284377129468,122.1636435138548,no pobre,basal,2,750.0,958.0,1.0,39.0,6,98,24735,1,1.0
98,1.0,1.0,0.0,1.0,0.0,5,114.4284377129468,122.1636435138548,no pobre,basal,2,750.0,958.0,1.0,39.0,7,98,24735,1,1.0
97,1.0,1.0,0.0,1.0,7.0,6,114.4284377129468,122.1636435138548,pobre,basal,9,750.0,876.0,1.0,36.0,12,98,24736,7,1.0
98,1.0,1.0,0.0,1.0,7.0,6,114.4284377129468,122.1636435138548,pobre,basal,9,750.0,876.0,1.0,36.0,13,98,24736,7,1.0
97,1.0,1.0,0.0,1.0,6.0,6,114.4284377129468,122.1636435138548,pobre,basal,9,750.0,876.0,1.0,36.0,11,98,24737,6,1.0
98,1.0,1.0,0.0,1.0,6.0,6,114.4284377129468,122.1636435138548,pobre,basal,9,750.0,876.0,1.0,36.0,12,98,24737,6,1.0
97,0.0,1.0,0.0,1.0,3.0,6,114.4284377129468,122.1636435138548,pobre,basal,9,750.0,876.0,1.0,36.0,8,98,24738,3,1.0
98,0.0,1.0,0.0,1.0,3.0,6,114.4284377129468,122.1636435138548,pobre,basal,9,750.0,876.0,1.0,36.0,9,98,24738,3,1.0
97,0.0,0.0,0.0,1.0,0.0,6,114.4284377129468,122.1636435138548,pobre,basal,9,750.0,876.0,1.0,36.0,6,98,24739,0,1.0
98,0.0,0.0,0.0,1.0,0.0,6,114.4284377129468,122.1636435138548,pobre,basal,9,750.0,876.0,1.0,36.0,7,98,24739,0,1.0
97,0.0,1.0,0.0,0.0,9.0,8,114.4284377129468,122.1636435138548,pobre,basal,3,750.0,875.0,1.0,47.0,16,98,24740,9,0.0
98,0.0,1.0,0.0,0.0,9.0,8,114.4284377129468,122.1636435138548,pobre,basal,3,750.0,875.0,1.0,47.0,17,98,24740,9,0.0
97,1.0,1.0,0.0,1.0,6.0,8,114.4284377129468,122.1636435138548,pobre,basal,3,750.0,875.0,1.0,47.0,14,98,24741,6,1.0
98,1.0,1.0,0.0,1.0,6.0,8,114.4284377129468,122.1636435138548,pobre,basal,3,750.0,875.0,1.0,47.0,15,98,24741,6,1.0
97,1.0,1.0,0.0,1.0,3.0,6,114.4284377129468,122.1636435138548,pobre,basal,2,625.0,747.0,1.0,43.0,9,98,24742,3,1.0
98,1.0,1.0,0.0,1.0,3.0,6,114.4284377129468,122.1636435138548,pobre,basal,2,625.0,747.0,1.0,43.0,10,98,24742,3,1.0
97,0.0,1.0,0.0,1.0,1.0,6,114.4284377129468,122.1636435138548,pobre,basal,2,625.0,747.0,1.0,43.0,7,98,24743,1,1.0
98,0.0,1.0,0.0,1.0,1.0,6,114.4284377129468,122.1636435138548,pobre,basal,2,625.0,747.0,1.0,43.0,8,98,24743,1,1.0
97,1.0,0.0,0.0,1.0,0.0,6,114.4284377129468,122.1636435138548,pobre,basal,2,625.0,747.0,1.0,43.0,6,98,24744,0,1.0
98,1.0,0.0,0.0,1.0,0.0,6,114.4284377129468,122.1636435138548,pobre,basal,2,625.0,747.0,1.0,43.0,7,98,24744,0,1.0
97,0.0,1.0,0.0,1.0,8.0,7,114.4284377129468,122.1636435138548,pobre,basal,3,625.0,589.0,1.0,43.0,13,98,24745,8,1.0
98,0.0,1.0,0.0,0.0,7.0,7,114.4284377129468,122.1636435138548,pobre,basal,3,625.0,589.0,1.0,43.0,14,98,24745,8,1.0
97,1.0,1.0,0.0,1.0,4.0,7,114.4284377129468,122.1636435138548,pobre,basal,3,625.0,589.0,1.0,43.0,9,98,24746,4,1.0
98,1.0,1.0,0.0,1.0,4.0,7,114.4284377129468,122.1636435138548,pobre,basal,3,625.0,589.0,1.0,43.0,10,98,24746,4,1.0
97,1.0,0.0,0.0,1.0,2.0,7,114.4284377129468,122.1636435138548,pobre,basal,3,625.0,589.0,1.0,43.0,8,98,24747,2,1.0
98,1.0,0.0,0.0,1.0,3.0,7,114.4284377129468,122.1636435138548,pobre,basal,3,625.0,589.0,1.0,43.0,9,98,24747,2,1.0
97,1.0,0.0,0.0,1.0,0.0,7,114.4284377129468,122.1636435138548,pobre,basal,3,625.0,589.0,1.0,43.0,6,98,24748,0,1.0
98,1.0,0.0,0.0,1.0,1.0,7,114.4284377129468,122.1636435138548,pobre,basal,3,625.0,589.0,1.0,43.0,7,98,24748,0,1.0
97,1.0,0.0,0.0,1.0,8.0,5,114.4284377129468,122.1636435138548,pobre,basal,4,1000.0,872.5,0.0,30.0,14,98,24749,8,1.0
98,1.0,0.0,0.0,,,5,114.4284377129468,122.1636435138548,pobre,basal,4,1000.0,872.5,0.0,30.0,15,98,24749,8,1.0
97,1.0,0.0,0.0,1.0,1.0,5,114.4284377129468,122.1636435138548,pobre,basal,4,1000.0,872.5,0.0,30.0,6,98,24750,1,1.0
98,1.0,0.0,0.0,,,5,114.4284377129468,122.1636435138548,pobre,basal,4,1000.0,872.5,0.0,30.0,7,98,24750,1,1.0
97,0.0,1.0,0.0,1.0,9.0,7,114.4284377129468,122.1636435138548,pobre,basal,3,750.0,872.0,1.0,50.0,16,98,24751,9,1.0
98,0.0,1.0,0.0,,,7,114.4284377129468,122.1636435138548,pobre,basal,3,750.0,872.0,1.0,50.0,17,98,24751,9,1.0
97,1.0,1.0,0.0,1.0,7.0,7,114.4284377129468,122.1636435138548,pobre,basal,3,750.0,872.0,1.0,50.0,14,98,24752,7,1.0
98,1.0,1.0,0.0,1.0,8.0,7,114.4284377129468,122.1636435138548,pobre,basal,3,750.0,872.0,1.0,50.0,15,98,24752,7,1.0
97,1.0,1.0,0.0,1.0,4.0,7,114.4284377129468,122.1636435138548,pobre,basal,3,750.0,872.0,1.0,50.0,12,98,24753,4,1.0
98,1.0,1.0,0.0,1.0,5.0,7,114.4284377129468,122.1636435138548,pobre,basal,3,750.0,872.0,1.0,50.0,13,98,24753,4,1.0
97,0.0,1.0,0.0,1.0,2.0,7,114.4284377129468,122.1636435138548,pobre,basal,3,750.0,872.0,1.0,50.0,8,98,24754,2,1.0
98,0.0,1.0,0.0,1.0,3.0,7,114.4284377129468,122.1636435138548,pobre,basal,3,750.0,872.0,1.0,50.0,9,98,24754,2,1.0
97,0.0,0.0,0.0,1.0,1.0,5,114.4284377129468,122.1636435138548,no pobre,basal,9,625.0,940.0,1.0,27.0,7,98,24755,1,1.0
98,0.0,0.0,0.0,1.0,2.0,5,114.4284377129468,122.1636435138548,no pobre,basal,9,625.0,940.0,1.0,27.0,8,98,24755,1,1.0
97,1.0,0.0,0.0,1.0,5.0,7,114.4284377129468,122.1636435138548,pobre,basal,3,625.0,627.0,1.0,31.0,11,98,24756,5,1.0
98,1.0,0.0,0.0,1.0,7.0,7,114.4284377129468,122.1636435138548,pobre,basal,3,625.0,627.0,1.0,31.0,12,98,24756,5,1.0
97,0.0,0.0,0.0,1.0,3.0,7,114.4284377129468,122.1636435138548,pobre,basal,3,625.0,627.0,1.0,31.0,9,98,24757,3,1.0
98,0.0,0.0,0.0,1.0,5.0,7,114.4284377129468,122.1636435138548,pobre,basal,3,625.0,627.0,1.0,31.0,10,98,24757,3,1.0
97,0.0,0.0,0.0,1.0,2.0,7,114.4284377129468,122.1636435138548,pobre,basal,3,625.0,627.0,1.0,31.0,7,98,24758,2,1.0
98,0.0,0.0,0.0,1.0,3.0,7,114.4284377129468,122.1636435138548,pobre,basal,3,625.0,627.0,1.0,31.0,8,98,24758,2,1.0
97,1.0,0.0,0.0,1.0,7.0,5,114.4284377129468,122.1636435138548,no pobre,basal,4,750.0,965.0,1.0,40.0,14,98,24759,7,1.0
98,1.0,0.0,0.0,1.0,8.0,5,114.4284377129468,122.1636435138548,no pobre,basal,4,750.0,965.0,1.0,40.0,15,98,24759,7,1.0
97,0.0,0.0,0.0,1.0,7.0,5,114.4284377129468,122.1636435138548,no pobre,basal,4,750.0,965.0,1.0,40.0,13,98,24760,7,1.0
98,0.0,0.0,0.0,1.0,8.0,5,114.4284377129468,122.1636435138548,no pobre,basal,4,750.0,965.0,1.0,40.0,14,98,24760,7,1.0
97,1.0,0.0,0.0,1.0,3.0,5,114.4284377129468,122.1636435138548,no pobre,basal,4,750.0,965.0,1.0,40.0,10,98,24761,3,1.0
98,1.0,0.0,0.0,,,5,114.4284377129468,122.1636435138548,no pobre,basal,4,750.0,965.0,1.0,40.0,11,98,24761,3,1.0
97,1.0,0.0,0.0,1.0,0.0,5,114.4284377129468,122.1636435138548,pobre,basal,9,625.0,699.0,1.0,25.0,6,98,24762,0,1.0
98,1.0,0.0,0.0,1.0,1.0,5,114.4284377129468,122.1636435138548,pobre,basal,9,625.0,699.0,1.0,25.0,7,98,24762,0,1.0
97,0.0,0.0,0.0,1.0,4.0,5,114.4284377129468,122.1636435138548,no pobre,basal,6,750.0,1019.5,1.0,31.0,9,98,24763,4,1.0
98,0.0,0.0,0.0,1.0,4.0,5,114.4284377129468,122.1636435138548,no pobre,basal,6,750.0,1019.5,1.0,31.0,10,98,24763,4,1.0
97,1.0,0.0,0.0,1.0,2.0,5,114.4284377129468,122.1636435138548,no pobre,basal,6,750.0,1019.5,1.0,31.0,8,98,24764,2,1.0
98,1.0,0.0,0.0,1.0,2.0,5,114.4284377129468,122.1636435138548,no pobre,basal,6,750.0,1019.5,1.0,31.0,9,98,24764,2,1.0
97,0.0,0.0,0.0,1.0,1.0,5,114.4284377129468,122.1636435138548,no pobre,basal,6,750.0,1019.5,1.0,31.0,7,98,24765,1,1.0
98,0.0,0.0,0.0,1.0,2.0,5,114.4284377129468,122.1636435138548,no pobre,basal,6,750.0,1019.5,1.0,31.0,8,98,24765,1,1.0
97,0.0,0.0,0.0,1.0,4.0,6,114.4284377129468,122.1636435138548,no pobre,basal,8,600.0,924.0,1.0,31.0,10,98,24766,4,1.0
98,0.0,0.0,0.0,1.0,5.0,6,114.4284377129468,122.1636435138548,no pobre,basal,8,600.0,924.0,1.0,31.0,11,98,24766,4,1.0
97,0.0,0.0,0.0,1.0,0.0,6,114.4284377129468,122.1636435138548,no pobre,basal,8,600.0,924.0,1.0,31.0,6,98,24767,0,1.0
98,0.0,0.0,0.0,1.0,1.0,6,114.4284377129468,122.1636435138548,no pobre,basal,8,600.0,924.0,1.0,31.0,7,98,24767,0,1.0
97,0.0,0.0,4.6750002,1.0,1.0,9,107.2294981532787,132.5457555070723,pobre,basal,2,0.0,827.5,1.0,72.0,7,126,24768,1,1.0
98,0.0,0.0,4.6750002,1.0,2.0,9,107.2294981532787,132.5457555070723,pobre,basal,2,0.0,827.5,1.0,72.0,8,126,24768,1,1.0
97,1.0,0.0,4.6750002,1.0,3.0,9,107.2294981532787,132.5457555070723,pobre,basal,2,0.0,827.5,1.0,72.0,6,126,24769,3,1.0
98,1.0,0.0,4.6750002,1.0,1.0,9,107.2294981532787,132.5457555070723,pobre,basal,2,0.0,827.5,1.0,72.0,7,126,24769,3,1.0
97,0.0,0.0,4.6750002,0.0,6.0,4,107.2294981532787,132.5457555070723,pobre,basal,0,80.0,844.0,1.0,54.0,15,126,24770,6,0.0
98,0.0,0.0,4.6750002,,,4,107.2294981532787,132.5457555070723,pobre,basal,0,80.0,844.0,1.0,54.0,16,126,24770,6,0.0
97,1.0,0.0,4.6750002,1.0,1.0,4,107.2294981532787,132.5457555070723,pobre,basal,0,80.0,844.0,1.0,54.0,13,126,24771,1,1.0
98,1.0,0.0,4.6750002,1.0,1.0,4,107.2294981532787,132.5457555070723,pobre,basal,0,80.0,844.0,1.0,54.0,14,126,24771,1,1.0
97,1.0,0.0,0.0,0.0,9.0,5,114.4284377129468,122.1636435138548,pobre,basal,6,750.0,854.0,1.0,52.0,15,98,24772,9,0.0
98,1.0,0.0,0.0,0.0,9.0,5,114.4284377129468,122.1636435138548,pobre,basal,6,750.0,854.0,1.0,52.0,16,98,24772,9,0.0
97,0.0,0.0,0.0,1.0,3.0,6,114.4284377129468,122.1636435138548,pobre,basal,6,750.0,644.0,1.0,39.0,9,98,24773,3,1.0
98,0.0,0.0,0.0,1.0,4.0,6,114.4284377129468,122.1636435138548,pobre,basal,6,750.0,644.0,1.0,39.0,10,98,24773,3,1.0
97,1.0,0.0,0.0,1.0,1.0,6,114.4284377129468,122.1636435138548,pobre,basal,6,750.0,644.0,1.0,39.0,7,98,24774,1,1.0
98,1.0,0.0,0.0,1.0,2.0,6,114.4284377129468,122.1636435138548,pobre,basal,6,750.0,644.0,1.0,39.0,8,98,24774,1,1.0
97,0.0,0.0,0.0,1.0,6.0,6,114.4284377129468,122.1636435138548,pobre,basal,3,750.0,911.0,1.0,50.0,16,98,24775,6,1.0
98,0.0,0.0,0.0,0.0,5.0,6,114.4284377129468,122.1636435138548,pobre,basal,3,750.0,911.0,1.0,50.0,17,98,24775,6,1.0
97,0.0,0.0,0.0,1.0,4.0,6,114.4284377129468,122.1636435138548,pobre,basal,3,750.0,911.0,1.0,50.0,13,98,24776,4,1.0
98,0.0,0.0,0.0,1.0,5.0,6,114.4284377129468,122.1636435138548,pobre,basal,3,750.0,911.0,1.0,50.0,14,98,24776,4,1.0
97,0.0,1.0,0.0,1.0,3.0,6,114.4284377129468,122.1636435138548,pobre,basal,9,625.0,694.0,1.0,30.0,8,98,24777,3,1.0
98,0.0,1.0,0.0,1.0,4.0,6,114.4284377129468,122.1636435138548,pobre,basal,9,625.0,694.0,1.0,30.0,9,98,24777,3,1.0
97,0.0,0.0,0.0,1.0,9.0,6,114.4284377129468,122.1636435138548,no pobre,basal,0,0.0,952.0,0.0,40.0,15,98,24778,9,1.0
98,0.0,0.0,0.0,0.0,10.0,6,114.4284377129468,122.1636435138548,no pobre,basal,0,0.0,952.0,0.0,40.0,16,98,24778,9,1.0
97,0.0,0.0,0.0,1.0,6.0,5,114.4284377129468,122.1636435138548,no pobre,basal,12,625.0,865.0,1.0,32.0,12,98,24779,6,1.0
98,0.0,0.0,0.0,1.0,7.0,5,114.4284377129468,122.1636435138548,no pobre,basal,12,625.0,865.0,1.0,32.0,13,98,24779,6,1.0
97,0.0,0.0,0.0,1.0,4.0,5,114.4284377129468,122.1636435138548,no pobre,basal,12,625.0,865.0,1.0,32.0,10,98,24780,4,1.0
98,0.0,0.0,0.0,1.0,5.0,5,114.4284377129468,122.1636435138548,no pobre,basal,12,625.0,865.0,1.0,32.0,11,98,24780,4,1.0
97,1.0,0.0,0.0,1.0,8.0,3,114.4284377129468,122.1636435138548,pobre,basal,6,625.0,775.0,1.0,42.0,14,98,24781,8,1.0
98,1.0,0.0,0.0,,,3,114.4284377129468,122.1636435138548,pobre,basal,6,625.0,775.0,1.0,42.0,15,98,24781,8,1.0
97,0.0,0.0,0.0,1.0,1.0,4,114.4284377129468,122.1636435138548,no pobre,basal,9,750.0,885.0,1.0,29.0,7,98,24782,1,1.0
98,0.0,0.0,0.0,1.0,2.0,4,114.4284377129468,122.1636435138548,no pobre,basal,9,750.0,885.0,1.0,29.0,8,98,24782,1,1.0
97,1.0,0.0,0.0,1.0,4.0,5,114.4284377129468,122.1636435138548,pobre,basal,7,750.0,978.0,1.0,43.0,9,98,24783,4,1.0
98,1.0,0.0,0.0,1.0,5.0,5,114.4284377129468,122.1636435138548,pobre,basal,7,750.0,978.0,1.0,43.0,10,98,24783,4,1.0
97,1.0,0.0,0.0,1.0,3.0,5,114.4284377129468,122.1636435138548,pobre,basal,7,750.0,978.0,1.0,43.0,8,98,24784,3,1.0
98,1.0,0.0,0.0,1.0,4.0,5,114.4284377129468,122.1636435138548,pobre,basal,7,750.0,978.0,1.0,43.0,9,98,24784,3,1.0
97,1.0,0.0,0.0,1.0,0.0,5,114.4284377129468,122.1636435138548,pobre,basal,7,750.0,978.0,1.0,43.0,6,98,24785,0,1.0
98,1.0,0.0,0.0,1.0,1.0,5,114.4284377129468,122.1636435138548,pobre,basal,7,750.0,978.0,1.0,43.0,7,98,24785,0,1.0
97,1.0,0.0,0.0,1.0,7.0,6,114.4284377129468,122.1636435138548,pobre,basal,2,750.0,673.0,1.0,50.0,14,98,24786,7,1.0
98,1.0,0.0,0.0,1.0,7.0,6,114.4284377129468,122.1636435138548,pobre,basal,2,750.0,673.0,1.0,50.0,15,98,24786,7,1.0
97,0.0,0.0,0.0,1.0,4.0,6,114.4284377129468,122.1636435138548,pobre,basal,2,750.0,673.0,1.0,50.0,11,98,24787,4,1.0
98,0.0,0.0,0.0,1.0,5.0,6,114.4284377129468,122.1636435138548,pobre,basal,2,750.0,673.0,1.0,50.0,12,98,24787,4,1.0
97,0.0,0.0,0.0,1.0,3.0,6,114.4284377129468,122.1636435138548,pobre,basal,2,750.0,673.0,1.0,50.0,9,98,24788,3,1.0
98,0.0,0.0,0.0,1.0,4.0,6,114.4284377129468,122.1636435138548,pobre,basal,2,750.0,673.0,1.0,50.0,10,98,24788,3,1.0
97,0.0,0.0,0.0,0.0,6.0,6,114.4284377129468,122.1636435138548,pobre,basal,4,750.0,825.0,1.0,38.0,16,98,24789,6,0.0
98,0.0,0.0,0.0,0.0,6.0,6,114.4284377129468,122.1636435138548,pobre,basal,4,750.0,825.0,1.0,38.0,17,98,24789,6,0.0
97,1.0,0.0,0.0,1.0,6.0,6,114.4284377129468,122.1636435138548,pobre,basal,4,750.0,825.0,1.0,38.0,14,98,24790,6,1.0
98,1.0,0.0,0.0,1.0,7.0,6,114.4284377129468,122.1636435138548,pobre,basal,4,750.0,825.0,1.0,38.0,15,98,24790,6,1.0
97,1.0,0.0,0.0,1.0,5.0,6,114.4284377129468,122.1636435138548,pobre,basal,2,1000.0,833.0,1.0,38.0,11,98,24791,5,1.0
98,1.0,0.0,0.0,1.0,6.0,6,114.4284377129468,122.1636435138548,pobre,basal,2,1000.0,833.0,1.0,38.0,12,98,24791,5,1.0
97,0.0,0.0,0.0,1.0,0.0,6,114.4284377129468,122.1636435138548,pobre,basal,2,1000.0,833.0,1.0,38.0,6,98,24792,0,1.0
98,0.0,0.0,0.0,1.0,1.0,6,114.4284377129468,122.1636435138548,pobre,basal,2,1000.0,833.0,1.0,38.0,7,98,24792,0,1.0
97,1.0,0.0,0.0,1.0,4.0,5,114.4284377129468,122.1636435138548,pobre,basal,6,750.0,649.76099,1.0,29.0,10,98,24793,4,1.0
98,1.0,0.0,0.0,1.0,5.0,5,114.4284377129468,122.1636435138548,pobre,basal,6,750.0,649.76099,1.0,29.0,11,98,24793,4,1.0
97,1.0,0.0,0.0,1.0,0.0,5,114.4284377129468,122.1636435138548,pobre,basal,6,750.0,649.76099,1.0,29.0,6,98,24794,0,1.0
98,1.0,0.0,0.0,1.0,1.0,5,114.4284377129468,122.1636435138548,pobre,basal,6,750.0,649.76099,1.0,29.0,7,98,24794,0,1.0
97,0.0,0.0,0.0,1.0,6.0,3,114.4284377129468,122.1636435138548,pobre,basal,3,400.0,798.0,0.0,47.0,13,98,24795,6,1.0
98,0.0,0.0,0.0,0.0,3.0,3,114.4284377129468,122.1636435138548,pobre,basal,3,400.0,798.0,0.0,47.0,14,98,24795,6,1.0
97,1.0,0.0,0.0,0.0,2.0,4,114.4284377129468,122.1636435138548,pobre,basal,9,750.0,706.0,1.0,25.0,7,98,24796,2,0.0
98,1.0,0.0,0.0,1.0,2.0,4,114.4284377129468,122.1636435138548,pobre,basal,9,750.0,706.0,1.0,25.0,8,98,24796,2,0.0
97,1.0,0.0,0.0,1.0,0.0,7,114.4284377129468,122.1636435138548,no pobre,basal,9,750.0,868.0,1.0,28.0,6,98,24797,0,1.0
98,1.0,0.0,0.0,1.0,1.0,7,114.4284377129468,122.1636435138548,no pobre,basal,9,750.0,868.0,1.0,28.0,7,98,24797,0,1.0
97,0.0,0.0,0.0,1.0,7.0,6,114.4284377129468,122.1636435138548,pobre,basal,4,0.0,776.0,1.0,44.0,14,98,24798,7,1.0
98,0.0,0.0,0.0,1.0,8.0,6,114.4284377129468,122.1636435138548,pobre,basal,4,0.0,776.0,1.0,44.0,15,98,24798,7,1.0
97,1.0,0.0,0.0,1.0,4.0,6,114.4284377129468,122.1636435138548,pobre,basal,4,0.0,776.0,1.0,44.0,11,98,24799,4,1.0
98,1.0,0.0,0.0,1.0,5.0,6,114.4284377129468,122.1636435138548,pobre,basal,4,0.0,776.0,1.0,44.0,12,98,24799,4,1.0
97,0.0,0.0,0.0,1.0,3.0,6,114.4284377129468,122.1636435138548,pobre,basal,4,0.0,776.0,1.0,44.0,8,98,24800,3,1.0
98,0.0,0.0,0.0,1.0,4.0,6,114.4284377129468,122.1636435138548,pobre,basal,4,0.0,776.0,1.0,44.0,9,98,24800,3,1.0
97,1.0,0.0,0.0,1.0,6.0,7,114.4284377129468,122.1636435138548,pobre,basal,4,0.0,862.76099,1.0,40.0,13,98,24801,6,1.0
98,1.0,0.0,0.0,1.0,7.0,7,114.4284377129468,122.1636435138548,pobre,basal,4,0.0,862.76099,1.0,40.0,14,98,24801,6,1.0
97,1.0,0.0,0.0,1.0,4.0,7,114.4284377129468,122.1636435138548,pobre,basal,4,0.0,862.76099,1.0,40.0,11,98,24802,4,1.0
98,1.0,0.0,0.0,1.0,5.0,7,114.4284377129468,122.1636435138548,pobre,basal,4,0.0,862.76099,1.0,40.0,12,98,24802,4,1.0
97,1.0,0.0,0.0,1.0,1.0,7,114.4284377129468,122.1636435138548,pobre,basal,4,0.0,862.76099,1.0,40.0,7,98,24803,1,1.0
98,1.0,0.0,0.0,1.0,2.0,7,114.4284377129468,122.1636435138548,pobre,basal,4,0.0,862.76099,1.0,40.0,8,98,24803,1,1.0
97,1.0,0.0,0.0,0.0,9.0,6,114.4284377129468,122.1636435138548,no pobre,basal,9,1200.0,970.0,1.0,29.0,14,98,24804,9,0.0
98,1.0,0.0,0.0,,,6,114.4284377129468,122.1636435138548,no pobre,basal,9,1200.0,970.0,1.0,29.0,15,98,24804,9,0.0
97,1.0,0.0,0.0,1.0,8.0,6,114.4284377129468,122.1636435138548,no pobre,basal,9,1200.0,970.0,1.0,29.0,13,98,24805,8,1.0
98,1.0,0.0,0.0,0.0,9.0,6,114.4284377129468,122.1636435138548,no pobre,basal,9,1200.0,970.0,1.0,29.0,14,98,24805,8,1.0
97,1.0,0.0,0.0,1.0,5.0,6,114.4284377129468,122.1636435138548,no pobre,basal,9,1200.0,970.0,1.0,29.0,12,98,24806,5,1.0
98,1.0,0.0,0.0,1.0,6.0,6,114.4284377129468,122.1636435138548,no pobre,basal,9,1200.0,970.0,1.0,29.0,13,98,24806,5,1.0
97,1.0,0.0,0.0,1.0,4.0,6,114.4284377129468,122.1636435138548,no pobre,basal,9,1200.0,970.0,1.0,29.0,10,98,24807,4,1.0
98,1.0,0.0,0.0,1.0,5.0,6,114.4284377129468,122.1636435138548,no pobre,basal,9,1200.0,970.0,1.0,29.0,11,98,24807,4,1.0
97,0.0,0.0,0.0,1.0,2.0,8,114.4284377129468,122.1636435138548,no pobre,basal,1,0.0,774.0,1.0,70.0,9,98,24808,2,1.0
98,0.0,0.0,0.0,,,8,114.4284377129468,122.1636435138548,no pobre,basal,1,0.0,774.0,1.0,70.0,10,98,24808,2,1.0
97,0.0,0.0,0.0,1.0,2.0,8,114.4284377129468,122.1636435138548,no pobre,basal,1,0.0,774.0,1.0,70.0,8,98,24809,2,1.0
98,0.0,0.0,0.0,1.0,3.0,8,114.4284377129468,122.1636435138548,no pobre,basal,1,0.0,774.0,1.0,70.0,9,98,24809,2,1.0
97,0.0,0.0,0.0,1.0,1.0,8,114.4284377129468,122.1636435138548,no pobre,basal,1,0.0,774.0,1.0,70.0,7,98,24810,1,1.0
98,0.0,0.0,0.0,,,8,114.4284377129468,122.1636435138548,no pobre,basal,1,0.0,774.0,1.0,70.0,8,98,24810,1,1.0
97,0.0,0.0,0.0,1.0,7.0,8,114.4284377129468,122.1636435138548,pobre,basal,2,1250.0,615.0,1.0,43.0,13,98,24811,7,1.0
98,0.0,0.0,0.0,1.0,8.0,8,114.4284377129468,122.1636435138548,pobre,basal,2,1250.0,615.0,1.0,43.0,14,98,24811,7,1.0
97,0.0,0.0,0.0,1.0,5.0,8,114.4284377129468,122.1636435138548,pobre,basal,2,1250.0,615.0,1.0,43.0,11,98,24812,5,1.0
98,0.0,0.0,0.0,1.0,6.0,8,114.4284377129468,122.1636435138548,pobre,basal,2,1250.0,615.0,1.0,43.0,12,98,24812,5,1.0
97,1.0,0.0,0.0,1.0,1.0,8,114.4284377129468,122.1636435138548,pobre,basal,2,1250.0,615.0,1.0,43.0,8,98,24813,1,1.0
98,1.0,0.0,0.0,1.0,2.0,8,114.4284377129468,122.1636435138548,pobre,basal,2,1250.0,615.0,1.0,43.0,9,98,24813,1,1.0
97,0.0,0.0,0.0,1.0,6.0,6,114.4284377129468,122.1636435138548,pobre,basal,6,750.0,748.0,1.0,34.0,12,98,24814,6,1.0
98,0.0,0.0,0.0,1.0,7.0,6,114.4284377129468,122.1636435138548,pobre,basal,6,750.0,748.0,1.0,34.0,13,98,24814,6,1.0
97,1.0,0.0,0.0,1.0,4.0,6,114.4284377129468,122.1636435138548,pobre,basal,6,750.0,748.0,1.0,34.0,10,98,24815,4,1.0
98,1.0,0.0,0.0,1.0,5.0,6,114.4284377129468,122.1636435138548,pobre,basal,6,750.0,748.0,1.0,34.0,11,98,24815,4,1.0
97,1.0,0.0,0.0,1.0,2.0,6,114.4284377129468,122.1636435138548,pobre,basal,6,750.0,748.0,1.0,34.0,7,98,24816,2,1.0
98,1.0,0.0,0.0,1.0,3.0,6,114.4284377129468,122.1636435138548,pobre,basal,6,750.0,748.0,1.0,34.0,8,98,24816,2,1.0
97,1.0,0.0,0.0,0.0,9.0,8,114.4284377129468,122.1636435138548,pobre,basal,4,750.0,820.0,1.0,45.0,16,98,24817,9,0.0
98,1.0,0.0,0.0,,,8,114.4284377129468,122.1636435138548,pobre,basal,4,750.0,820.0,1.0,45.0,17,98,24817,9,0.0
97,1.0,0.0,0.0,1.0,8.0,8,114.4284377129468,122.1636435138548,pobre,basal,4,750.0,820.0,1.0,45.0,14,98,24818,8,1.0
98,1.0,0.0,0.0,,,8,114.4284377129468,122.1636435138548,pobre,basal,4,750.0,820.0,1.0,45.0,15,98,24818,8,1.0
97,0.0,0.0,0.0,1.0,6.0,8,114.4284377129468,122.1636435138548,pobre,basal,4,750.0,820.0,1.0,45.0,12,98,24819,6,1.0
98,0.0,0.0,0.0,1.0,7.0,8,114.4284377129468,122.1636435138548,pobre,basal,4,750.0,820.0,1.0,45.0,13,98,24819,6,1.0
97,0.0,0.0,0.0,1.0,4.0,8,114.4284377129468,122.1636435138548,pobre,basal,4,750.0,820.0,1.0,45.0,10,98,24820,4,1.0
98,0.0,0.0,0.0,1.0,5.0,8,114.4284377129468,122.1636435138548,pobre,basal,4,750.0,820.0,1.0,45.0,11,98,24820,4,1.0
97,0.0,0.0,0.0,1.0,2.0,8,114.4284377129468,122.1636435138548,pobre,basal,4,750.0,820.0,1.0,45.0,8,98,24821,2,1.0
98,0.0,0.0,0.0,1.0,3.0,8,114.4284377129468,122.1636435138548,pobre,basal,4,750.0,820.0,1.0,45.0,9,98,24821,2,1.0
97,1.0,0.0,0.0,1.0,1.0,6,114.4284377129468,122.1636435138548,pobre,basal,6,750.0,659.0,1.0,55.0,7,98,24822,1,1.0
98,1.0,0.0,0.0,1.0,2.0,6,114.4284377129468,122.1636435138548,pobre,basal,6,750.0,659.0,1.0,55.0,8,98,24822,1,1.0
97,1.0,1.0,0.0,1.0,7.0,7,114.4284377129468,122.1636435138548,pobre,basal,2,1250.0,820.0,1.0,36.0,12,98,24823,7,1.0
98,1.0,1.0,0.0,1.0,7.0,7,114.4284377129468,122.1636435138548,pobre,basal,2,1250.0,820.0,1.0,36.0,13,98,24823,7,1.0
97,1.0,1.0,0.0,1.0,5.0,7,114.4284377129468,122.1636435138548,pobre,basal,2,1250.0,820.0,1.0,36.0,16,98,24824,5,1.0
98,1.0,1.0,0.0,1.0,5.0,7,114.4284377129468,122.1636435138548,pobre,basal,2,1250.0,820.0,1.0,36.0,17,98,24824,5,1.0
97,0.0,0.0,0.0,1.0,10.0,6,114.4284377129468,122.1636435138548,pobre,basal,6,1000.0,1034.0,1.0,43.0,16,98,24825,10,1.0
98,0.0,0.0,0.0,,,6,114.4284377129468,122.1636435138548,pobre,basal,6,1000.0,1034.0,1.0,43.0,17,98,24825,10,1.0
97,0.0,0.0,0.0,1.0,9.0,5,114.4284377129468,122.1636435138548,no pobre,basal,9,1250.0,1021.0,1.0,48.0,15,98,24826,9,1.0
98,0.0,0.0,0.0,1.0,9.0,5,114.4284377129468,122.1636435138548,no pobre,basal,9,1250.0,1021.0,1.0,48.0,16,98,24826,9,1.0
97,0.0,0.0,0.0,0.0,9.0,8,114.4284377129468,122.1636435138548,no pobre,basal,3,875.0,1118.0,1.0,54.0,16,98,24827,9,0.0
98,0.0,0.0,0.0,,,8,114.4284377129468,122.1636435138548,no pobre,basal,3,875.0,1118.0,1.0,54.0,17,98,24827,9,0.0
97,0.0,0.0,0.0,1.0,6.0,8,114.4284377129468,122.1636435138548,no pobre,basal,3,875.0,1118.0,1.0,54.0,13,98,24828,6,1.0
98,0.0,0.0,0.0,1.0,7.0,8,114.4284377129468,122.1636435138548,no pobre,basal,3,875.0,1118.0,1.0,54.0,14,98,24828,6,1.0
97,1.0,0.0,0.0,1.0,3.0,8,114.4284377129468,122.1636435138548,no pobre,basal,3,875.0,1118.0,1.0,54.0,11,98,24829,3,1.0
98,1.0,0.0,0.0,1.0,4.0,8,114.4284377129468,122.1636435138548,no pobre,basal,3,875.0,1118.0,1.0,54.0,12,98,24829,3,1.0
97,1.0,0.0,0.0,1.0,1.0,8,114.4284377129468,122.1636435138548,no pobre,basal,3,875.0,1118.0,1.0,54.0,8,98,24830,1,1.0
98,1.0,0.0,0.0,1.0,2.0,8,114.4284377129468,122.1636435138548,no pobre,basal,3,875.0,1118.0,1.0,54.0,9,98,24830,1,1.0
97,0.0,0.0,0.0,1.0,1.0,8,114.4284377129468,122.1636435138548,no pobre,basal,3,875.0,1118.0,1.0,54.0,7,98,24831,1,1.0
98,0.0,0.0,0.0,1.0,1.0,8,114.4284377129468,122.1636435138548,no pobre,basal,3,875.0,1118.0,1.0,54.0,8,98,24831,1,1.0
97,1.0,0.0,0.0,1.0,6.0,7,114.4284377129468,122.1636435138548,no pobre,basal,4,750.0,775.0,1.0,39.0,12,98,24832,6,1.0
98,1.0,0.0,0.0,1.0,7.0,7,114.4284377129468,122.1636435138548,no pobre,basal,4,750.0,775.0,1.0,39.0,13,98,24832,6,1.0
97,1.0,0.0,0.0,1.0,5.0,7,114.4284377129468,122.1636435138548,no pobre,basal,4,750.0,775.0,1.0,39.0,11,98,24833,5,1.0
98,1.0,0.0,0.0,1.0,6.0,7,114.4284377129468,122.1636435138548,no pobre,basal,4,750.0,775.0,1.0,39.0,12,98,24833,5,1.0
97,1.0,0.0,0.0,0.0,3.0,7,114.4284377129468,122.1636435138548,no pobre,basal,4,750.0,775.0,1.0,39.0,9,98,24834,3,0.0
98,1.0,0.0,0.0,1.0,4.0,7,114.4284377129468,122.1636435138548,no pobre,basal,4,750.0,775.0,1.0,39.0,10,98,24834,3,0.0
97,1.0,0.0,0.0,1.0,0.0,7,114.4284377129468,122.1636435138548,no pobre,basal,4,750.0,775.0,1.0,39.0,7,98,24835,0,1.0
98,1.0,0.0,0.0,1.0,1.0,7,114.4284377129468,122.1636435138548,no pobre,basal,4,750.0,775.0,1.0,39.0,8,98,24835,0,1.0
97,0.0,1.0,0.0,0.0,6.0,13,114.4284377129468,122.1636435138548,pobre,basal,2,240.0,746.75,1.0,47.0,16,98,24836,6,0.0
98,0.0,1.0,0.0,,,13,114.4284377129468,122.1636435138548,pobre,basal,2,240.0,746.75,1.0,47.0,17,98,24836,6,0.0
97,1.0,1.0,0.0,1.0,2.0,13,114.4284377129468,122.1636435138548,pobre,basal,2,240.0,746.75,1.0,47.0,14,98,24837,2,1.0
98,1.0,1.0,0.0,1.0,3.0,13,114.4284377129468,122.1636435138548,pobre,basal,2,240.0,746.75,1.0,47.0,15,98,24837,2,1.0
97,1.0,1.0,0.0,1.0,4.0,13,114.4284377129468,122.1636435138548,pobre,basal,2,240.0,746.75,1.0,47.0,10,98,24838,4,1.0
98,1.0,1.0,0.0,1.0,5.0,13,114.4284377129468,122.1636435138548,pobre,basal,2,240.0,746.75,1.0,47.0,11,98,24838,4,1.0
97,1.0,1.0,0.0,1.0,0.0,13,114.4284377129468,122.1636435138548,pobre,basal,2,240.0,746.75,1.0,47.0,9,98,24839,0,1.0
98,1.0,1.0,0.0,1.0,4.0,13,114.4284377129468,122.1636435138548,pobre,basal,2,240.0,746.75,1.0,47.0,10,98,24839,0,1.0
97,1.0,1.0,0.0,1.0,0.0,13,114.4284377129468,122.1636435138548,pobre,basal,2,240.0,746.75,1.0,47.0,8,98,24840,0,1.0
98,1.0,1.0,0.0,1.0,1.0,13,114.4284377129468,122.1636435138548,pobre,basal,2,240.0,746.75,1.0,47.0,9,98,24840,0,1.0
97,1.0,1.0,0.0,1.0,12.0,8,114.4284377129468,122.1636435138548,pobre,basal,2,625.0,765.0,1.0,50.0,16,98,24841,12,1.0
98,1.0,1.0,0.0,,,8,114.4284377129468,122.1636435138548,pobre,basal,2,625.0,765.0,1.0,50.0,17,98,24841,12,1.0
97,0.0,0.0,0.0,1.0,0.0,5,114.4284377129468,122.1636435138548,pobre,basal,5,750.0,694.0,1.0,29.0,8,98,24842,0,1.0
98,0.0,0.0,0.0,1.0,1.0,5,114.4284377129468,122.1636435138548,pobre,basal,5,750.0,694.0,1.0,29.0,9,98,24842,0,1.0
97,0.0,0.0,0.0,1.0,0.0,5,114.4284377129468,122.1636435138548,pobre,basal,5,750.0,694.0,1.0,29.0,6,98,24843,0,1.0
98,0.0,0.0,0.0,1.0,0.0,5,114.4284377129468,122.1636435138548,pobre,basal,5,750.0,694.0,1.0,29.0,7,98,24843,0,1.0
97,1.0,1.0,0.0,1.0,3.0,5,114.4284377129468,122.1636435138548,pobre,basal,1,750.0,790.0,1.0,72.0,12,98,24844,3,1.0
98,1.0,1.0,0.0,1.0,4.0,5,114.4284377129468,122.1636435138548,pobre,basal,1,750.0,790.0,1.0,72.0,13,98,24844,3,1.0
97,1.0,0.0,0.0,0.0,6.0,3,114.4284377129468,122.1636435138548,pobre,basal,3,25.0,804.5,1.0,64.0,16,98,24845,6,0.0
98,1.0,0.0,0.0,,,3,114.4284377129468,122.1636435138548,pobre,basal,3,25.0,804.5,1.0,64.0,17,98,24845,6,0.0
97,0.0,0.0,0.0,0.0,6.0,11,114.4284377129468,122.1636435138548,pobre,basal,2,625.0,921.14288,1.0,65.0,15,98,24846,6,0.0
98,0.0,0.0,0.0,,,11,114.4284377129468,122.1636435138548,pobre,basal,2,625.0,921.14288,1.0,65.0,16,98,24846,6,0.0
97,0.0,1.0,0.0,1.0,6.0,10,114.4284377129468,122.1636435138548,no pobre,basal,0,1250.0,990.0,1.0,50.0,14,98,24847,6,1.0
98,0.0,1.0,0.0,1.0,7.0,10,114.4284377129468,122.1636435138548,no pobre,basal,0,1250.0,990.0,1.0,50.0,15,98,24847,6,1.0
97,0.0,1.0,0.0,1.0,4.0,10,114.4284377129468,122.1636435138548,no pobre,basal,0,1250.0,990.0,1.0,50.0,12,98,24848,4,1.0
98,0.0,1.0,0.0,1.0,5.0,10,114.4284377129468,122.1636435138548,no pobre,basal,0,1250.0,990.0,1.0,50.0,13,98,24848,4,1.0
97,1.0,1.0,0.0,1.0,2.0,10,114.4284377129468,122.1636435138548,no pobre,basal,0,1250.0,990.0,1.0,50.0,10,98,24849,2,1.0
98,1.0,1.0,0.0,1.0,3.0,10,114.4284377129468,122.1636435138548,no pobre,basal,0,1250.0,990.0,1.0,50.0,11,98,24849,2,1.0
97,1.0,1.0,0.0,1.0,0.0,10,114.4284377129468,122.1636435138548,no pobre,basal,0,1250.0,990.0,1.0,50.0,6,98,24850,0,1.0
98,1.0,1.0,0.0,1.0,1.0,10,114.4284377129468,122.1636435138548,no pobre,basal,0,1250.0,990.0,1.0,50.0,7,98,24850,0,1.0
97,0.0,1.0,0.0,0.0,1.0,10,114.4284377129468,122.1636435138548,no pobre,basal,0,1250.0,990.0,1.0,50.0,16,98,24851,1,0.0
98,0.0,1.0,0.0,,,10,114.4284377129468,122.1636435138548,no pobre,basal,0,1250.0,990.0,1.0,50.0,17,98,24851,1,0.0
97,1.0,1.0,0.0,1.0,0.0,10,114.4284377129468,122.1636435138548,no pobre,basal,0,1250.0,990.0,1.0,50.0,6,98,24852,0,1.0
98,1.0,1.0,0.0,1.0,1.0,10,114.4284377129468,122.1636435138548,no pobre,basal,0,1250.0,990.0,1.0,50.0,7,98,24852,0,1.0
97,1.0,1.0,0.0,0.0,9.0,8,114.4284377129468,122.1636435138548,no pobre,basal,0,208.33333,819.0,1.0,43.0,16,98,24853,9,0.0
98,1.0,1.0,0.0,,,8,114.4284377129468,122.1636435138548,no pobre,basal,0,208.33333,819.0,1.0,43.0,17,98,24853,9,0.0
97,0.0,1.0,0.0,1.0,7.0,8,114.4284377129468,122.1636435138548,no pobre,basal,0,208.33333,819.0,1.0,43.0,14,98,24854,7,1.0
98,0.0,1.0,0.0,1.0,8.0,8,114.4284377129468,122.1636435138548,no pobre,basal,0,208.33333,819.0,1.0,43.0,15,98,24854,7,1.0
97,1.0,1.0,0.0,1.0,5.0,8,114.4284377129468,122.1636435138548,no pobre,basal,0,208.33333,819.0,1.0,43.0,11,98,24855,5,1.0
98,1.0,1.0,0.0,1.0,6.0,8,114.4284377129468,122.1636435138548,no pobre,basal,0,208.33333,819.0,1.0,43.0,12,98,24855,5,1.0
97,1.0,0.0,2.4949999,0.0,6.0,8,114.5440196251351,152.7561625283715,pobre,basal,0,2800.0,551.0,1.0,46.0,16,121,24856,6,0.0
98,1.0,0.0,2.4949999,0.0,6.0,8,114.5440196251351,152.7561625283715,pobre,basal,0,2800.0,551.0,1.0,46.0,17,121,24856,6,0.0
97,0.0,0.0,2.4949999,0.0,6.0,8,114.5440196251351,152.7561625283715,pobre,basal,0,2800.0,551.0,1.0,46.0,13,121,24857,6,0.0
98,0.0,0.0,2.4949999,0.0,6.0,8,114.5440196251351,152.7561625283715,pobre,basal,0,2800.0,551.0,1.0,46.0,14,121,24857,6,0.0
97,1.0,0.0,2.4949999,1.0,2.0,8,114.5440196251351,152.7561625283715,pobre,basal,0,2800.0,551.0,1.0,46.0,9,121,24858,2,1.0
98,1.0,0.0,2.4949999,1.0,4.0,8,114.5440196251351,152.7561625283715,pobre,basal,0,2800.0,551.0,1.0,46.0,10,121,24858,2,1.0
97,0.0,0.0,2.4949999,1.0,0.0,8,114.5440196251351,152.7561625283715,pobre,basal,0,2800.0,551.0,1.0,46.0,6,121,24859,0,1.0
98,0.0,0.0,2.4949999,1.0,1.0,8,114.5440196251351,152.7561625283715,pobre,basal,0,2800.0,551.0,1.0,46.0,7,121,24859,0,1.0
97,1.0,0.0,0.0,0.0,8.0,6,114.4284377129468,122.1636435138548,no pobre,basal,5,750.0,1087.5,1.0,51.0,16,98,24860,8,0.0
98,1.0,0.0,0.0,,,6,114.4284377129468,122.1636435138548,no pobre,basal,5,750.0,1087.5,1.0,51.0,17,98,24860,8,0.0
97,1.0,0.0,0.0,1.0,7.0,6,114.4284377129468,122.1636435138548,no pobre,basal,5,750.0,1087.5,1.0,51.0,13,98,24861,7,1.0
98,1.0,0.0,0.0,1.0,8.0,6,114.4284377129468,122.1636435138548,no pobre,basal,5,750.0,1087.5,1.0,51.0,14,98,24861,7,1.0
97,1.0,0.0,0.0,1.0,8.0,7,114.4284377129468,122.1636435138548,no pobre,basal,12,1500.0,1053.5,1.0,46.0,14,98,24862,8,1.0
98,1.0,0.0,0.0,1.0,9.0,7,114.4284377129468,122.1636435138548,no pobre,basal,12,1500.0,1053.5,1.0,46.0,15,98,24862,8,1.0
97,1.0,0.0,0.0,1.0,6.0,7,114.4284377129468,122.1636435138548,no pobre,basal,12,1500.0,1053.5,1.0,46.0,12,98,24863,6,1.0
98,1.0,0.0,0.0,1.0,7.0,7,114.4284377129468,122.1636435138548,no pobre,basal,12,1500.0,1053.5,1.0,46.0,13,98,24863,6,1.0
97,0.0,0.0,0.0,1.0,4.0,7,114.4284377129468,122.1636435138548,no pobre,basal,12,1500.0,1053.5,1.0,46.0,9,98,24864,4,1.0
98,0.0,0.0,0.0,1.0,5.0,7,114.4284377129468,122.1636435138548,no pobre,basal,12,1500.0,1053.5,1.0,46.0,10,98,24864,4,1.0
97,1.0,0.0,0.0,1.0,5.0,5,114.4284377129468,122.1636435138548,pobre,basal,4,1250.0,711.0,1.0,35.0,11,98,24865,5,1.0
98,1.0,0.0,0.0,1.0,6.0,5,114.4284377129468,122.1636435138548,pobre,basal,4,1250.0,711.0,1.0,35.0,12,98,24865,5,1.0
97,1.0,0.0,0.0,1.0,3.0,5,114.4284377129468,122.1636435138548,pobre,basal,4,1250.0,711.0,1.0,35.0,9,98,24866,3,1.0
98,1.0,0.0,0.0,1.0,4.0,5,114.4284377129468,122.1636435138548,pobre,basal,4,1250.0,711.0,1.0,35.0,10,98,24866,3,1.0
97,1.0,0.0,4.6750002,1.0,5.0,7,107.2294981532787,132.5457555070723,pobre,basal,3,0.0,695.40802,1.0,56.0,15,126,24867,5,1.0
98,1.0,0.0,4.6750002,0.0,6.0,7,107.2294981532787,132.5457555070723,pobre,basal,3,0.0,695.40802,1.0,56.0,16,126,24867,5,1.0
97,1.0,0.0,4.6750002,1.0,1.0,7,107.2294981532787,132.5457555070723,pobre,basal,3,0.0,695.40802,1.0,56.0,13,126,24868,1,1.0
98,1.0,0.0,4.6750002,1.0,1.0,7,107.2294981532787,132.5457555070723,pobre,basal,3,0.0,695.40802,1.0,56.0,14,126,24868,1,1.0
97,1.0,0.0,4.6750002,1.0,1.0,7,107.2294981532787,132.5457555070723,pobre,basal,3,0.0,695.40802,1.0,56.0,9,126,24869,1,1.0
98,1.0,0.0,4.6750002,1.0,3.0,7,107.2294981532787,132.5457555070723,pobre,basal,3,0.0,695.40802,1.0,56.0,10,126,24869,1,1.0
97,1.0,0.0,4.6750002,1.0,1.0,7,107.2294981532787,132.5457555070723,pobre,basal,3,0.0,695.40802,1.0,56.0,6,126,24870,1,1.0
98,1.0,0.0,4.6750002,1.0,2.0,7,107.2294981532787,132.5457555070723,pobre,basal,3,0.0,695.40802,1.0,56.0,7,126,24870,1,1.0
97,0.0,0.0,3.8150001,1.0,3.0,6,114.347728174424,123.6686556731134,pobre,basal,0,625.0,594.0,1.0,31.0,9,35,24871,3,1.0
98,0.0,0.0,3.8150001,1.0,4.0,6,114.347728174424,123.6686556731134,pobre,basal,0,625.0,594.0,1.0,31.0,10,35,24871,3,1.0
97,0.0,0.0,3.8150001,1.0,1.0,6,114.347728174424,123.6686556731134,pobre,basal,0,625.0,594.0,1.0,31.0,7,35,24872,1,1.0
98,0.0,0.0,3.8150001,1.0,2.0,6,114.347728174424,123.6686556731134,pobre,basal,0,625.0,594.0,1.0,31.0,8,35,24872,1,1.0
97,0.0,0.0,3.8150001,1.0,6.0,2,114.347728174424,123.6686556731134,pobre,basal,0,625.0,871.0,0.0,54.0,13,35,24873,6,1.0
98,0.0,0.0,3.8150001,0.0,6.0,2,114.347728174424,123.6686556731134,pobre,basal,0,625.0,871.0,0.0,54.0,14,35,24873,6,1.0
97,1.0,0.0,2.7980001,0.0,6.0,8,105.4602118382967,123.6206126885586,pobre,basal,0,750.0,527.66669,0.0,36.0,14,67,24874,6,0.0
98,1.0,0.0,2.7980001,0.0,6.0,8,105.4602118382967,123.6206126885586,pobre,basal,0,750.0,527.66669,0.0,36.0,15,67,24874,6,0.0
97,1.0,0.0,2.7980001,0.0,6.0,8,105.4602118382967,123.6206126885586,pobre,basal,0,750.0,527.66669,0.0,36.0,13,67,24875,6,0.0
98,1.0,0.0,2.7980001,0.0,6.0,8,105.4602118382967,123.6206126885586,pobre,basal,0,750.0,527.66669,0.0,36.0,14,67,24875,6,0.0
97,0.0,0.0,2.7980001,1.0,5.0,8,105.4602118382967,123.6206126885586,pobre,basal,0,750.0,527.66669,0.0,36.0,10,67,24876,5,1.0
98,0.0,0.0,2.7980001,1.0,6.0,8,105.4602118382967,123.6206126885586,pobre,basal,0,750.0,527.66669,0.0,36.0,11,67,24876,5,1.0
97,0.0,0.0,2.7980001,1.0,3.0,8,105.4602118382967,123.6206126885586,pobre,basal,0,750.0,527.66669,0.0,36.0,9,67,24877,3,1.0
98,0.0,0.0,2.7980001,1.0,4.0,8,105.4602118382967,123.6206126885586,pobre,basal,0,750.0,527.66669,0.0,36.0,10,67,24877,3,1.0
97,0.0,0.0,2.7980001,0.0,8.0,7,105.4602118382967,123.6206126885586,pobre,basal,3,0.0,567.0,1.0,40.0,13,67,24878,8,0.0
98,0.0,0.0,2.7980001,1.0,8.0,7,105.4602118382967,123.6206126885586,pobre,basal,3,0.0,567.0,1.0,40.0,14,67,24878,8,0.0
97,1.0,0.0,2.7980001,1.0,6.0,7,105.4602118382967,123.6206126885586,pobre,basal,3,0.0,567.0,1.0,40.0,12,67,24879,6,1.0
98,1.0,0.0,2.7980001,0.0,7.0,7,105.4602118382967,123.6206126885586,pobre,basal,3,0.0,567.0,1.0,40.0,13,67,24879,6,1.0
97,0.0,0.0,2.7980001,1.0,2.0,7,105.4602118382967,123.6206126885586,pobre,basal,3,0.0,567.0,1.0,40.0,8,67,24880,2,1.0
98,0.0,0.0,2.7980001,1.0,3.0,7,105.4602118382967,123.6206126885586,pobre,basal,3,0.0,567.0,1.0,40.0,9,67,24880,2,1.0
97,0.0,0.0,2.7980001,1.0,2.0,3,105.4602118382967,123.6206126885586,pobre,basal,6,800.0,820.0,1.0,43.0,14,67,24881,2,1.0
98,0.0,0.0,2.7980001,0.0,3.0,3,105.4602118382967,123.6206126885586,pobre,basal,6,800.0,820.0,1.0,43.0,15,67,24881,2,1.0
97,0.0,0.0,2.7980001,1.0,3.0,6,105.4602118382967,123.6206126885586,pobre,basal,2,625.0,618.14099,1.0,40.0,11,67,24882,3,1.0
98,0.0,0.0,2.7980001,1.0,4.0,6,105.4602118382967,123.6206126885586,pobre,basal,2,625.0,618.14099,1.0,40.0,12,67,24882,3,1.0
97,0.0,0.0,2.7980001,1.0,3.0,6,105.4602118382967,123.6206126885586,pobre,basal,2,625.0,618.14099,1.0,40.0,9,67,24883,3,1.0
98,0.0,0.0,2.7980001,1.0,4.0,6,105.4602118382967,123.6206126885586,pobre,basal,2,625.0,618.14099,1.0,40.0,10,67,24883,3,1.0
97,1.0,0.0,2.7980001,,0.0,6,105.4602118382967,123.6206126885586,pobre,basal,2,625.0,618.14099,1.0,40.0,6,67,24884,0,
98,1.0,0.0,2.7980001,1.0,1.0,6,105.4602118382967,123.6206126885586,pobre,basal,2,625.0,618.14099,1.0,40.0,7,67,24884,0,
97,1.0,0.0,2.7980001,1.0,3.0,5,105.4602118382967,123.6206126885586,no pobre,basal,7,2000.0,866.0,1.0,33.0,9,67,24885,3,1.0
98,1.0,0.0,2.7980001,1.0,4.0,5,105.4602118382967,123.6206126885586,no pobre,basal,7,2000.0,866.0,1.0,33.0,10,67,24885,3,1.0
97,0.0,0.0,2.7980001,1.0,2.0,5,105.4602118382967,123.6206126885586,no pobre,basal,7,2000.0,866.0,1.0,33.0,8,67,24886,2,1.0
98,0.0,0.0,2.7980001,1.0,3.0,5,105.4602118382967,123.6206126885586,no pobre,basal,7,2000.0,866.0,1.0,33.0,9,67,24886,2,1.0
97,0.0,0.0,2.7980001,1.0,1.0,5,105.4602118382967,123.6206126885586,no pobre,basal,7,2000.0,866.0,1.0,33.0,7,67,24887,1,1.0
98,0.0,0.0,2.7980001,1.0,2.0,5,105.4602118382967,123.6206126885586,no pobre,basal,7,2000.0,866.0,1.0,33.0,8,67,24887,1,1.0
97,0.0,0.0,2.7980001,1.0,1.0,4,105.4602118382967,123.6206126885586,no pobre,basal,6,625.0,894.0,1.0,29.0,7,67,24888,1,1.0
98,0.0,0.0,2.7980001,1.0,2.0,4,105.4602118382967,123.6206126885586,no pobre,basal,6,625.0,894.0,1.0,29.0,8,67,24888,1,1.0
97,0.0,0.0,2.7980001,1.0,9.0,5,105.4602118382967,123.6206126885586,pobre,basal,0,1000.0,705.45898,0.0,49.0,16,67,24889,9,1.0
98,0.0,0.0,2.7980001,0.0,9.0,5,105.4602118382967,123.6206126885586,pobre,basal,0,1000.0,705.45898,0.0,49.0,17,67,24889,9,1.0
97,0.0,0.0,2.7980001,1.0,8.0,5,105.4602118382967,123.6206126885586,pobre,basal,0,1000.0,705.45898,0.0,49.0,14,67,24890,8,1.0
98,0.0,0.0,2.7980001,0.0,9.0,5,105.4602118382967,123.6206126885586,pobre,basal,0,1000.0,705.45898,0.0,49.0,15,67,24890,8,1.0
97,1.0,0.0,2.7980001,1.0,7.0,5,105.4602118382967,123.6206126885586,pobre,basal,0,1000.0,705.45898,0.0,49.0,13,67,24891,7,1.0
98,1.0,0.0,2.7980001,0.0,8.0,5,105.4602118382967,123.6206126885586,pobre,basal,0,1000.0,705.45898,0.0,49.0,14,67,24891,7,1.0
97,0.0,0.0,2.7980001,1.0,0.0,5,105.4602118382967,123.6206126885586,pobre,basal,0,1000.0,705.45898,0.0,49.0,6,67,24892,0,1.0
98,0.0,0.0,2.7980001,1.0,1.0,5,105.4602118382967,123.6206126885586,pobre,basal,0,1000.0,705.45898,0.0,49.0,7,67,24892,0,1.0
97,0.0,0.0,2.7980001,1.0,6.0,4,105.4602118382967,123.6206126885586,pobre,basal,1,800.0,775.0,1.0,37.0,12,67,24893,6,1.0
98,0.0,0.0,2.7980001,1.0,7.0,4,105.4602118382967,123.6206126885586,pobre,basal,1,800.0,775.0,1.0,37.0,13,67,24893,6,1.0
97,1.0,0.0,2.7980001,1.0,4.0,4,105.4602118382967,123.6206126885586,pobre,basal,1,800.0,775.0,1.0,37.0,10,67,24894,4,1.0
98,1.0,0.0,2.7980001,1.0,5.0,4,105.4602118382967,123.6206126885586,pobre,basal,1,800.0,775.0,1.0,37.0,11,67,24894,4,1.0
97,0.0,0.0,3.8150001,0.0,6.0,5,114.347728174424,123.6686556731134,pobre,basal,0,625.0,763.5,1.0,63.0,16,35,24895,6,0.0
98,0.0,0.0,3.8150001,,,5,114.347728174424,123.6686556731134,pobre,basal,0,625.0,763.5,1.0,63.0,17,35,24895,6,0.0
97,1.0,0.0,3.8150001,1.0,5.0,4,114.347728174424,123.6686556731134,pobre,basal,0,480.0,796.0,1.0,55.0,13,35,24896,5,1.0
98,1.0,0.0,3.8150001,1.0,5.0,4,114.347728174424,123.6686556731134,pobre,basal,0,480.0,796.0,1.0,55.0,14,35,24896,5,1.0
97,1.0,0.0,3.8150001,1.0,1.0,4,114.347728174424,123.6686556731134,pobre,basal,0,480.0,796.0,1.0,55.0,10,35,24897,1,1.0
98,1.0,0.0,3.8150001,1.0,2.0,4,114.347728174424,123.6686556731134,pobre,basal,0,480.0,796.0,1.0,55.0,11,35,24897,1,1.0
97,1.0,0.0,2.721,1.0,1.0,4,104.0754478016443,104.0754478016443,pobre,basal,0,625.0,811.0,1.0,44.0,7,39,24898,1,1.0
98,1.0,0.0,2.721,1.0,2.0,4,104.0754478016443,104.0754478016443,pobre,basal,0,625.0,811.0,1.0,44.0,8,39,24898,1,1.0
97,1.0,0.0,2.721,1.0,6.0,4,104.0754478016443,104.0754478016443,pobre,basal,1,0.0,837.0,1.0,83.0,14,39,24899,6,1.0
98,1.0,0.0,2.721,1.0,9.0,4,104.0754478016443,104.0754478016443,pobre,basal,1,0.0,837.0,1.0,83.0,15,39,24899,6,1.0
97,0.0,0.0,2.721,0.0,6.0,7,104.0754478016443,104.0754478016443,pobre,basal,6,500.0,771.0,1.0,44.0,16,39,24900,6,0.0
98,0.0,0.0,2.721,,,7,104.0754478016443,104.0754478016443,pobre,basal,6,500.0,771.0,1.0,44.0,17,39,24900,6,0.0
97,1.0,0.0,2.721,1.0,2.0,7,104.0754478016443,104.0754478016443,pobre,basal,6,500.0,771.0,1.0,44.0,8,39,24901,2,1.0
98,1.0,0.0,2.721,1.0,3.0,7,104.0754478016443,104.0754478016443,pobre,basal,6,500.0,771.0,1.0,44.0,9,39,24901,2,1.0
97,0.0,0.0,2.721,1.0,5.0,4,104.0754478016443,104.0754478016443,pobre,basal,2,750.0,790.0,1.0,47.0,11,39,24902,5,1.0
98,0.0,0.0,2.721,1.0,6.0,4,104.0754478016443,104.0754478016443,pobre,basal,2,750.0,790.0,1.0,47.0,12,39,24902,5,1.0
97,1.0,0.0,2.721,1.0,2.0,5,104.0754478016443,104.0754478016443,pobre,basal,2,0.0,836.5,1.0,75.0,8,39,24903,2,1.0
98,1.0,0.0,2.721,1.0,3.0,5,104.0754478016443,104.0754478016443,pobre,basal,2,0.0,836.5,1.0,75.0,9,39,24903,2,1.0
97,1.0,0.0,2.721,1.0,3.0,7,104.0754478016443,104.0754478016443,pobre,basal,2,0.0,678.79999,1.0,56.0,9,39,24904,3,1.0
98,1.0,0.0,2.721,1.0,4.0,7,104.0754478016443,104.0754478016443,pobre,basal,2,0.0,678.79999,1.0,56.0,10,39,24904,3,1.0
97,0.0,0.0,2.721,0.0,6.0,5,104.0754478016443,104.0754478016443,pobre,basal,6,750.0,923.5,1.0,43.0,16,39,24905,6,0.0
98,0.0,0.0,2.721,,,5,104.0754478016443,104.0754478016443,pobre,basal,6,750.0,923.5,1.0,43.0,17,39,24905,6,0.0
97,1.0,0.0,2.721,1.0,7.0,7,104.0754478016443,104.0754478016443,pobre,basal,0,0.0,685.0,1.0,78.0,12,39,24906,7,1.0
98,1.0,0.0,2.721,1.0,8.0,7,104.0754478016443,104.0754478016443,pobre,basal,0,0.0,685.0,1.0,78.0,13,39,24906,7,1.0
97,1.0,0.0,2.721,1.0,4.0,7,104.0754478016443,104.0754478016443,pobre,basal,0,0.0,685.0,1.0,78.0,9,39,24907,4,1.0
98,1.0,0.0,2.721,1.0,5.0,7,104.0754478016443,104.0754478016443,pobre,basal,0,0.0,685.0,1.0,78.0,10,39,24907,4,1.0
97,0.0,0.0,2.721,1.0,2.0,7,104.0754478016443,104.0754478016443,pobre,basal,0,0.0,685.0,1.0,78.0,6,39,24908,2,1.0
98,0.0,0.0,2.721,1.0,3.0,7,104.0754478016443,104.0754478016443,pobre,basal,0,0.0,685.0,1.0,78.0,7,39,24908,2,1.0
97,1.0,0.0,2.721,1.0,6.0,5,104.0754478016443,104.0754478016443,pobre,basal,6,800.0,853.0,1.0,37.0,12,39,24909,6,1.0
98,1.0,0.0,2.721,1.0,7.0,5,104.0754478016443,104.0754478016443,pobre,basal,6,800.0,853.0,1.0,37.0,13,39,24909,6,1.0
97,1.0,0.0,2.721,1.0,7.0,6,104.0754478016443,104.0754478016443,pobre,basal,3,0.0,833.0,1.0,47.0,12,39,24910,7,1.0
98,1.0,0.0,2.721,1.0,8.0,6,104.0754478016443,104.0754478016443,pobre,basal,3,0.0,833.0,1.0,47.0,13,39,24910,7,1.0
97,0.0,0.0,2.721,1.0,5.0,6,104.0754478016443,104.0754478016443,pobre,basal,3,0.0,833.0,1.0,47.0,9,39,24911,5,1.0
98,0.0,0.0,2.721,1.0,6.0,6,104.0754478016443,104.0754478016443,pobre,basal,3,0.0,833.0,1.0,47.0,10,39,24911,5,1.0
97,0.0,0.0,2.721,0.0,6.0,4,104.0754478016443,104.0754478016443,no pobre,basal,6,920.0,948.0,1.0,46.0,16,39,24912,6,0.0
98,0.0,0.0,2.721,,,4,104.0754478016443,104.0754478016443,no pobre,basal,6,920.0,948.0,1.0,46.0,17,39,24912,6,0.0
97,1.0,0.0,3.7160001,1.0,6.0,7,102.7805832077234,113.3573030710348,pobre,0,6,83.333336,867.5,1.0,37.0,13,37,24913,6,1.0
98,1.0,0.0,3.7160001,1.0,7.0,7,102.7805832077234,113.3573030710348,pobre,0,6,83.333336,867.5,1.0,37.0,14,37,24913,6,1.0
97,0.0,0.0,3.7160001,1.0,6.0,7,102.7805832077234,113.3573030710348,pobre,0,6,83.333336,867.5,1.0,37.0,11,37,24914,6,1.0
98,0.0,0.0,3.7160001,1.0,7.0,7,102.7805832077234,113.3573030710348,pobre,0,6,83.333336,867.5,1.0,37.0,12,37,24914,6,1.0
97,1.0,0.0,3.7160001,1.0,3.0,7,102.7805832077234,113.3573030710348,pobre,0,6,83.333336,867.5,1.0,37.0,9,37,24915,3,1.0
98,1.0,0.0,3.7160001,1.0,4.0,7,102.7805832077234,113.3573030710348,pobre,0,6,83.333336,867.5,1.0,37.0,10,37,24915,3,1.0
97,1.0,0.0,3.7160001,1.0,0.0,7,102.7805832077234,113.3573030710348,pobre,0,6,83.333336,867.5,1.0,37.0,6,37,24916,0,1.0
98,1.0,0.0,3.7160001,1.0,1.0,7,102.7805832077234,113.3573030710348,pobre,0,6,83.333336,867.5,1.0,37.0,7,37,24916,0,1.0
97,0.0,0.0,3.7160001,1.0,0.0,4,102.7805832077234,113.3573030710348,pobre,0,6,0.0,774.33099,1.0,32.0,6,37,24917,0,1.0
98,0.0,0.0,3.7160001,1.0,1.0,4,102.7805832077234,113.3573030710348,pobre,0,6,0.0,774.33099,1.0,32.0,7,37,24917,0,1.0
97,0.0,0.0,3.7160001,1.0,8.0,6,102.7805832077234,113.3573030710348,pobre,0,6,625.0,772.0,1.0,33.0,13,37,24918,8,1.0
98,0.0,0.0,3.7160001,1.0,9.0,6,102.7805832077234,113.3573030710348,pobre,0,6,625.0,772.0,1.0,33.0,14,37,24918,8,1.0
97,0.0,0.0,3.7160001,1.0,6.0,6,102.7805832077234,113.3573030710348,pobre,0,6,625.0,772.0,1.0,33.0,11,37,24919,6,1.0
98,0.0,0.0,3.7160001,1.0,7.0,6,102.7805832077234,113.3573030710348,pobre,0,6,625.0,772.0,1.0,33.0,12,37,24919,6,1.0
97,1.0,0.0,3.7160001,1.0,5.0,6,102.7805832077234,113.3573030710348,pobre,0,6,625.0,772.0,1.0,33.0,10,37,24920,5,1.0
98,1.0,0.0,3.7160001,1.0,5.0,6,102.7805832077234,113.3573030710348,pobre,0,6,625.0,772.0,1.0,33.0,11,37,24920,5,1.0
97,1.0,0.0,3.7160001,1.0,3.0,6,102.7805832077234,113.3573030710348,pobre,0,6,625.0,772.0,1.0,33.0,9,37,24921,3,1.0
98,1.0,0.0,3.7160001,1.0,4.0,6,102.7805832077234,113.3573030710348,pobre,0,6,625.0,772.0,1.0,33.0,10,37,24921,3,1.0
97,1.0,0.0,3.7160001,1.0,0.0,5,102.7805832077234,113.3573030710348,pobre,0,3,1080.0,902.5,1.0,28.0,6,37,24922,0,1.0
98,1.0,0.0,3.7160001,1.0,1.0,5,102.7805832077234,113.3573030710348,pobre,0,3,1080.0,902.5,1.0,28.0,7,37,24922,0,1.0
97,0.0,0.0,3.7160001,1.0,7.0,7,102.7805832077234,113.3573030710348,no pobre,0,0,500.0,1163.25,1.0,63.0,13,37,24923,7,1.0
98,0.0,0.0,3.7160001,1.0,8.0,7,102.7805832077234,113.3573030710348,no pobre,0,0,500.0,1163.25,1.0,63.0,14,37,24923,7,1.0
97,1.0,0.0,3.7160001,1.0,6.0,5,102.7805832077234,113.3573030710348,pobre,0,1,625.0,781.0,1.0,44.0,12,37,24924,6,1.0
98,1.0,0.0,3.7160001,1.0,7.0,5,102.7805832077234,113.3573030710348,pobre,0,1,625.0,781.0,1.0,44.0,13,37,24924,6,1.0
97,0.0,0.0,3.7160001,1.0,3.0,5,102.7805832077234,113.3573030710348,pobre,0,1,625.0,781.0,1.0,44.0,8,37,24925,3,1.0
98,0.0,0.0,3.7160001,1.0,3.0,5,102.7805832077234,113.3573030710348,pobre,0,1,625.0,781.0,1.0,44.0,9,37,24925,3,1.0
97,0.0,0.0,3.7160001,1.0,4.0,5,102.7805832077234,113.3573030710348,pobre,0,4,41.666668,795.0,1.0,36.0,10,37,24926,4,1.0
98,0.0,0.0,3.7160001,1.0,5.0,5,102.7805832077234,113.3573030710348,pobre,0,4,41.666668,795.0,1.0,36.0,11,37,24926,4,1.0
97,0.0,0.0,3.7160001,1.0,0.0,5,102.7805832077234,113.3573030710348,pobre,0,4,41.666668,795.0,1.0,36.0,6,37,24927,0,1.0
98,0.0,0.0,3.7160001,1.0,1.0,5,102.7805832077234,113.3573030710348,pobre,0,4,41.666668,795.0,1.0,36.0,7,37,24927,0,1.0
97,1.0,0.0,3.7160001,1.0,8.0,5,102.7805832077234,113.3573030710348,pobre,0,6,83.333336,1054.0,1.0,39.0,14,37,24928,8,1.0
98,1.0,0.0,3.7160001,1.0,9.0,5,102.7805832077234,113.3573030710348,pobre,0,6,83.333336,1054.0,1.0,39.0,15,37,24928,8,1.0
97,1.0,0.0,3.7160001,1.0,6.0,5,102.7805832077234,113.3573030710348,pobre,0,6,83.333336,1054.0,1.0,39.0,12,37,24929,6,1.0
98,1.0,0.0,3.7160001,1.0,7.0,5,102.7805832077234,113.3573030710348,pobre,0,6,83.333336,1054.0,1.0,39.0,13,37,24929,6,1.0
97,0.0,0.0,3.7160001,1.0,4.0,5,102.7805832077234,113.3573030710348,pobre,0,6,83.333336,1054.0,1.0,39.0,10,37,24930,4,1.0
98,0.0,0.0,3.7160001,1.0,5.0,5,102.7805832077234,113.3573030710348,pobre,0,6,83.333336,1054.0,1.0,39.0,11,37,24930,4,1.0
97,1.0,0.0,3.7160001,1.0,8.0,10,102.7805832077234,113.3573030710348,pobre,0,3,58.333332,831.0,1.0,58.0,15,37,24931,8,1.0
98,1.0,0.0,3.7160001,1.0,8.0,10,102.7805832077234,113.3573030710348,pobre,0,3,58.333332,831.0,1.0,58.0,16,37,24931,8,1.0
97,1.0,0.0,3.7160001,1.0,5.0,10,102.7805832077234,113.3573030710348,pobre,0,3,58.333332,831.0,1.0,58.0,13,37,24932,5,1.0
98,1.0,0.0,3.7160001,0.0,6.0,10,102.7805832077234,113.3573030710348,pobre,0,3,58.333332,831.0,1.0,58.0,14,37,24932,5,1.0
97,0.0,0.0,3.7160001,0.0,3.0,10,102.7805832077234,113.3573030710348,pobre,0,3,58.333332,831.0,1.0,58.0,12,37,24933,3,0.0
98,0.0,0.0,3.7160001,0.0,3.0,10,102.7805832077234,113.3573030710348,pobre,0,3,58.333332,831.0,1.0,58.0,13,37,24933,3,0.0
97,0.0,0.0,3.7160001,1.0,2.0,10,102.7805832077234,113.3573030710348,pobre,0,3,58.333332,831.0,1.0,58.0,8,37,24934,2,1.0
98,0.0,0.0,3.7160001,1.0,3.0,10,102.7805832077234,113.3573030710348,pobre,0,3,58.333332,831.0,1.0,58.0,9,37,24934,2,1.0
97,1.0,0.0,2.882,1.0,7.0,5,101.8478032414612,101.8478032414612,pobre,0,1,0.0,964.0,0.0,61.0,16,54,24935,7,1.0
98,1.0,0.0,2.882,,,5,101.8478032414612,101.8478032414612,pobre,0,1,0.0,964.0,0.0,61.0,17,54,24935,7,1.0
97,0.0,0.0,2.882,1.0,3.0,6,101.8478032414612,101.8478032414612,pobre,0,6,625.0,658.0,1.0,37.0,8,54,24936,3,1.0
98,0.0,0.0,2.882,1.0,4.0,6,101.8478032414612,101.8478032414612,pobre,0,6,625.0,658.0,1.0,37.0,9,54,24936,3,1.0
97,0.0,0.0,2.882,1.0,0.0,6,101.8478032414612,101.8478032414612,pobre,0,6,625.0,658.0,1.0,37.0,6,54,24937,0,1.0
98,0.0,0.0,2.882,1.0,1.0,6,101.8478032414612,101.8478032414612,pobre,0,6,625.0,658.0,1.0,37.0,7,54,24937,0,1.0
97,1.0,0.0,2.882,0.0,6.0,2,101.8478032414612,101.8478032414612,pobre,0,3,0.0,919.0,0.0,62.0,15,54,24938,6,0.0
98,1.0,0.0,2.882,,,2,101.8478032414612,101.8478032414612,pobre,0,3,0.0,919.0,0.0,62.0,16,54,24938,6,0.0
97,1.0,0.0,2.882,1.0,10.0,7,101.8478032414612,101.8478032414612,no pobre,0,5,416.66666,990.5,1.0,59.0,16,54,24939,10,1.0
98,1.0,0.0,2.882,1.0,11.0,7,101.8478032414612,101.8478032414612,no pobre,0,5,416.66666,990.5,1.0,59.0,17,54,24939,10,1.0
97,0.0,0.0,2.882,1.0,7.0,7,101.8478032414612,101.8478032414612,no pobre,0,5,416.66666,990.5,1.0,59.0,13,54,24940,7,1.0
98,0.0,0.0,2.882,1.0,8.0,7,101.8478032414612,101.8478032414612,no pobre,0,5,416.66666,990.5,1.0,59.0,14,54,24940,7,1.0
97,1.0,0.0,2.882,1.0,7.0,6,101.8478032414612,101.8478032414612,pobre,0,8,625.0,750.0,1.0,35.0,14,54,24941,7,1.0
98,1.0,0.0,2.882,1.0,8.0,6,101.8478032414612,101.8478032414612,pobre,0,8,625.0,750.0,1.0,35.0,15,54,24941,7,1.0
97,0.0,0.0,2.882,1.0,4.0,6,101.8478032414612,101.8478032414612,pobre,0,8,625.0,750.0,1.0,35.0,10,54,24942,4,1.0
98,0.0,0.0,2.882,1.0,5.0,6,101.8478032414612,101.8478032414612,pobre,0,8,625.0,750.0,1.0,35.0,11,54,24942,4,1.0
97,1.0,0.0,2.882,1.0,11.0,8,101.8478032414612,101.8478032414612,no pobre,0,9,1800.0,1031.0,1.0,39.0,16,54,24943,11,1.0
98,1.0,0.0,2.882,,,8,101.8478032414612,101.8478032414612,no pobre,0,9,1800.0,1031.0,1.0,39.0,17,54,24943,11,1.0
97,0.0,0.0,2.882,1.0,7.0,8,101.8478032414612,101.8478032414612,no pobre,0,9,1800.0,1031.0,1.0,39.0,13,54,24944,7,1.0
98,0.0,0.0,2.882,1.0,8.0,8,101.8478032414612,101.8478032414612,no pobre,0,9,1800.0,1031.0,1.0,39.0,14,54,24944,7,1.0
97,0.0,0.0,2.882,1.0,7.0,8,101.8478032414612,101.8478032414612,no pobre,0,9,1800.0,1031.0,1.0,39.0,13,54,24945,7,1.0
98,0.0,0.0,2.882,1.0,8.0,8,101.8478032414612,101.8478032414612,no pobre,0,9,1800.0,1031.0,1.0,39.0,14,54,24945,7,1.0
97,1.0,0.0,3.447,0.0,9.0,7,74.70753122063374,89.80539303984018,no pobre,basal,2,800.0,834.75,1.0,60.0,16,96,24946,9,0.0
98,1.0,0.0,3.447,,,7,74.70753122063374,89.80539303984018,no pobre,basal,2,800.0,834.75,1.0,60.0,17,96,24946,9,0.0
97,0.0,0.0,3.447,0.0,6.0,7,74.70753122063374,89.80539303984018,no pobre,basal,2,800.0,834.75,1.0,60.0,14,96,24947,6,0.0
98,0.0,0.0,3.447,0.0,6.0,7,74.70753122063374,89.80539303984018,no pobre,basal,2,800.0,834.75,1.0,60.0,15,96,24947,6,0.0
97,1.0,0.0,3.447,1.0,6.0,7,74.70753122063374,89.80539303984018,pobre,basal,0,0.0,750.5,0.0,55.0,12,96,24948,6,1.0
98,1.0,0.0,3.447,,,7,74.70753122063374,89.80539303984018,pobre,basal,0,0.0,750.5,0.0,55.0,13,96,24948,6,1.0
97,1.0,0.0,3.447,0.0,6.0,8,74.70753122063374,89.80539303984018,pobre,basal,1,500.0,617.0,1.0,41.0,15,96,24949,6,0.0
98,1.0,0.0,3.447,0.0,6.0,8,74.70753122063374,89.80539303984018,pobre,basal,1,500.0,617.0,1.0,41.0,16,96,24949,6,0.0
97,0.0,0.0,3.447,0.0,6.0,8,74.70753122063374,89.80539303984018,pobre,basal,1,500.0,617.0,1.0,41.0,14,96,24950,6,0.0
98,0.0,0.0,3.447,1.0,6.0,8,74.70753122063374,89.80539303984018,pobre,basal,1,500.0,617.0,1.0,41.0,15,96,24950,6,0.0
97,1.0,0.0,3.447,1.0,6.0,8,74.70753122063374,89.80539303984018,pobre,basal,1,500.0,617.0,1.0,41.0,12,96,24951,6,1.0
98,1.0,0.0,3.447,1.0,6.0,8,74.70753122063374,89.80539303984018,pobre,basal,1,500.0,617.0,1.0,41.0,13,96,24951,6,1.0
97,0.0,0.0,3.447,1.0,5.0,8,74.70753122063374,89.80539303984018,pobre,basal,1,500.0,617.0,1.0,41.0,10,96,24952,5,1.0
98,0.0,0.0,3.447,1.0,6.0,8,74.70753122063374,89.80539303984018,pobre,basal,1,500.0,617.0,1.0,41.0,11,96,24952,5,1.0
97,1.0,0.0,3.447,1.0,3.0,6,74.70753122063374,89.80539303984018,pobre,basal,3,800.0,632.0,1.0,32.0,9,96,24953,3,1.0
98,1.0,0.0,3.447,1.0,4.0,6,74.70753122063374,89.80539303984018,pobre,basal,3,800.0,632.0,1.0,32.0,10,96,24953,3,1.0
97,0.0,0.0,3.447,1.0,3.0,6,74.70753122063374,89.80539303984018,pobre,basal,3,800.0,632.0,1.0,32.0,8,96,24954,3,1.0
98,0.0,0.0,3.447,1.0,4.0,6,74.70753122063374,89.80539303984018,pobre,basal,3,800.0,632.0,1.0,32.0,9,96,24954,3,1.0
97,1.0,0.0,3.447,1.0,2.0,6,74.70753122063374,89.80539303984018,pobre,basal,3,800.0,632.0,1.0,32.0,7,96,24955,2,1.0
98,1.0,0.0,3.447,1.0,3.0,6,74.70753122063374,89.80539303984018,pobre,basal,3,800.0,632.0,1.0,32.0,8,96,24955,2,1.0
97,0.0,0.0,3.447,0.0,6.0,7,74.70753122063374,89.80539303984018,pobre,basal,0,600.0,615.0,1.0,54.0,15,96,24956,6,0.0
98,0.0,0.0,3.447,0.0,6.0,7,74.70753122063374,89.80539303984018,pobre,basal,0,600.0,615.0,1.0,54.0,16,96,24956,6,0.0
97,1.0,0.0,3.447,1.0,5.0,7,74.70753122063374,89.80539303984018,pobre,basal,0,600.0,615.0,1.0,54.0,14,96,24957,5,1.0
98,1.0,0.0,3.447,,,7,74.70753122063374,89.80539303984018,pobre,basal,0,600.0,615.0,1.0,54.0,15,96,24957,5,1.0
97,0.0,0.0,3.447,0.0,6.0,7,74.70753122063374,89.80539303984018,pobre,basal,0,600.0,615.0,1.0,54.0,13,96,24958,6,0.0
98,0.0,0.0,3.447,0.0,6.0,7,74.70753122063374,89.80539303984018,pobre,basal,0,600.0,615.0,1.0,54.0,14,96,24958,6,0.0
97,0.0,0.0,3.447,1.0,4.0,7,74.70753122063374,89.80539303984018,pobre,basal,0,600.0,615.0,1.0,54.0,10,96,24959,4,1.0
98,0.0,0.0,3.447,1.0,5.0,7,74.70753122063374,89.80539303984018,pobre,basal,0,600.0,615.0,1.0,54.0,11,96,24959,4,1.0
97,1.0,0.0,3.447,1.0,2.0,4,74.70753122063374,89.80539303984018,pobre,basal,2,480.0,749.0,1.0,31.0,7,96,24960,2,1.0
98,1.0,0.0,3.447,1.0,3.0,4,74.70753122063374,89.80539303984018,pobre,basal,2,480.0,749.0,1.0,31.0,8,96,24960,2,1.0
97,0.0,0.0,3.447,0.0,6.0,8,74.70753122063374,89.80539303984018,no pobre,basal,4,800.0,1003.0,1.0,52.0,16,96,24961,6,0.0
98,0.0,0.0,3.447,,,8,74.70753122063374,89.80539303984018,no pobre,basal,4,800.0,1003.0,1.0,52.0,17,96,24961,6,0.0
97,1.0,0.0,3.447,0.0,6.0,9,74.70753122063374,89.80539303984018,pobre,basal,2,280.0,736.25,1.0,41.0,15,96,24962,6,0.0
98,1.0,0.0,3.447,0.0,6.0,9,74.70753122063374,89.80539303984018,pobre,basal,2,280.0,736.25,1.0,41.0,16,96,24962,6,0.0
97,1.0,0.0,3.447,,0.0,9,74.70753122063374,89.80539303984018,pobre,basal,2,280.0,736.25,1.0,41.0,13,96,24963,0,
98,1.0,0.0,3.447,,,9,74.70753122063374,89.80539303984018,pobre,basal,2,280.0,736.25,1.0,41.0,14,96,24963,0,
97,0.0,0.0,3.447,0.0,9.0,6,74.70753122063374,89.80539303984018,no pobre,basal,3,600.0,811.5,1.0,52.0,16,96,24964,9,0.0
98,0.0,0.0,3.447,0.0,9.0,6,74.70753122063374,89.80539303984018,no pobre,basal,3,600.0,811.5,1.0,52.0,17,96,24964,9,0.0
97,0.0,0.0,3.447,1.0,8.0,6,74.70753122063374,89.80539303984018,no pobre,basal,3,600.0,811.5,1.0,52.0,14,96,24965,8,1.0
98,0.0,0.0,3.447,0.0,9.0,6,74.70753122063374,89.80539303984018,no pobre,basal,3,600.0,811.5,1.0,52.0,15,96,24965,8,1.0
97,1.0,0.0,3.447,1.0,3.0,3,74.70753122063374,89.80539303984018,pobre,basal,2,500.0,791.0,1.0,57.0,8,96,24966,3,1.0
98,1.0,0.0,3.447,1.0,4.0,3,74.70753122063374,89.80539303984018,pobre,basal,2,500.0,791.0,1.0,57.0,9,96,24966,3,1.0
97,1.0,0.0,3.447,1.0,3.0,7,74.70753122063374,89.80539303984018,pobre,basal,2,0.0,560.0,1.0,60.0,11,96,24967,3,1.0
98,1.0,0.0,3.447,1.0,3.0,7,74.70753122063374,89.80539303984018,pobre,basal,2,0.0,560.0,1.0,60.0,12,96,24967,3,1.0
97,1.0,0.0,3.447,1.0,5.0,7,74.70753122063374,89.80539303984018,pobre,basal,2,0.0,560.0,1.0,60.0,13,96,24968,5,1.0
98,1.0,0.0,3.447,1.0,6.0,7,74.70753122063374,89.80539303984018,pobre,basal,2,0.0,560.0,1.0,60.0,14,96,24968,5,1.0
97,1.0,0.0,3.447,1.0,6.0,7,74.70753122063374,89.80539303984018,pobre,basal,2,0.0,560.0,1.0,60.0,12,96,24969,6,1.0
98,1.0,0.0,3.447,1.0,7.0,7,74.70753122063374,89.80539303984018,pobre,basal,2,0.0,560.0,1.0,60.0,13,96,24969,6,1.0
97,1.0,0.0,3.447,1.0,5.0,3,74.70753122063374,89.80539303984018,pobre,basal,9,220.0,824.0,0.0,34.0,11,96,24970,5,1.0
98,1.0,0.0,3.447,1.0,6.0,3,74.70753122063374,89.80539303984018,pobre,basal,9,220.0,824.0,0.0,34.0,12,96,24970,5,1.0
97,1.0,0.0,3.447,1.0,4.0,3,74.70753122063374,89.80539303984018,pobre,basal,9,220.0,824.0,0.0,34.0,9,96,24971,4,1.0
98,1.0,0.0,3.447,1.0,5.0,3,74.70753122063374,89.80539303984018,pobre,basal,9,220.0,824.0,0.0,34.0,10,96,24971,4,1.0
97,1.0,0.0,3.447,0.0,6.0,3,74.70753122063374,89.80539303984018,no pobre,basal,4,1125.0,944.0,1.0,43.0,15,96,24972,6,0.0
98,1.0,0.0,3.447,1.0,7.0,3,74.70753122063374,89.80539303984018,no pobre,basal,4,1125.0,944.0,1.0,43.0,16,96,24972,6,0.0
97,0.0,0.0,2.7980001,1.0,4.0,5,105.4602118382967,123.6206126885586,pobre,basal,1,0.0,853.0,1.0,35.0,10,67,24973,4,1.0
98,0.0,0.0,2.7980001,1.0,5.0,5,105.4602118382967,123.6206126885586,pobre,basal,1,0.0,853.0,1.0,35.0,11,67,24973,4,1.0
97,1.0,0.0,2.7980001,1.0,2.0,5,105.4602118382967,123.6206126885586,pobre,basal,1,0.0,853.0,1.0,35.0,8,67,24974,2,1.0
98,1.0,0.0,2.7980001,1.0,3.0,5,105.4602118382967,123.6206126885586,pobre,basal,1,0.0,853.0,1.0,35.0,9,67,24974,2,1.0
97,1.0,0.0,2.7980001,1.0,6.0,5,105.4602118382967,123.6206126885586,pobre,basal,0,625.0,705.0,1.0,36.0,13,67,24975,6,1.0
98,1.0,0.0,2.7980001,1.0,7.0,5,105.4602118382967,123.6206126885586,pobre,basal,0,625.0,705.0,1.0,36.0,14,67,24975,6,1.0
97,1.0,0.0,2.7980001,1.0,3.0,5,105.4602118382967,123.6206126885586,pobre,basal,0,625.0,705.0,1.0,36.0,9,67,24976,3,1.0
98,1.0,0.0,2.7980001,1.0,4.0,5,105.4602118382967,123.6206126885586,pobre,basal,0,625.0,705.0,1.0,36.0,10,67,24976,3,1.0
97,0.0,0.0,2.7980001,1.0,6.0,5,105.4602118382967,123.6206126885586,no pobre,basal,6,800.0,784.0,1.0,33.0,12,67,24977,6,1.0
98,0.0,0.0,2.7980001,1.0,7.0,5,105.4602118382967,123.6206126885586,no pobre,basal,6,800.0,784.0,1.0,33.0,13,67,24977,6,1.0
97,1.0,0.0,2.7980001,1.0,3.0,5,105.4602118382967,123.6206126885586,no pobre,basal,6,800.0,784.0,1.0,33.0,11,67,24978,3,1.0
98,1.0,0.0,2.7980001,1.0,4.0,5,105.4602118382967,123.6206126885586,no pobre,basal,6,800.0,784.0,1.0,33.0,12,67,24978,3,1.0
97,0.0,0.0,2.7980001,0.0,9.0,8,105.4602118382967,123.6206126885586,no pobre,basal,2,500.0,870.33331,1.0,49.0,15,67,24979,9,0.0
98,0.0,0.0,2.7980001,0.0,9.0,8,105.4602118382967,123.6206126885586,no pobre,basal,2,500.0,870.33331,1.0,49.0,16,67,24979,9,0.0
97,0.0,0.0,2.7980001,1.0,1.0,8,105.4602118382967,123.6206126885586,no pobre,basal,2,500.0,870.33331,1.0,49.0,13,67,24980,1,1.0
98,0.0,0.0,2.7980001,1.0,8.0,8,105.4602118382967,123.6206126885586,no pobre,basal,2,500.0,870.33331,1.0,49.0,14,67,24980,1,1.0
97,0.0,0.0,2.7980001,1.0,8.0,3,105.4602118382967,123.6206126885586,pobre,basal,6,800.0,897.0,1.0,52.0,14,67,24981,8,1.0
98,0.0,0.0,2.7980001,0.0,9.0,3,105.4602118382967,123.6206126885586,pobre,basal,6,800.0,897.0,1.0,52.0,15,67,24981,8,1.0
97,1.0,,2.7980001,1.0,5.0,5,105.4602118382967,123.6206126885586,no pobre,basal,0,625.0,799.5,1.0,47.0,14,67,24982,5,1.0
98,1.0,,2.7980001,1.0,6.0,5,105.4602118382967,123.6206126885586,no pobre,basal,0,625.0,799.5,1.0,47.0,15,67,24982,5,1.0
97,1.0,,2.7980001,1.0,2.0,5,105.4602118382967,123.6206126885586,no pobre,basal,0,625.0,799.5,1.0,47.0,8,67,24983,2,1.0
98,1.0,,2.7980001,1.0,3.0,5,105.4602118382967,123.6206126885586,no pobre,basal,0,625.0,799.5,1.0,47.0,9,67,24983,2,1.0
97,1.0,0.0,3.8150001,0.0,6.0,8,114.347728174424,123.6686556731134,pobre,basal,2,625.0,678.66669,1.0,36.0,15,35,24984,6,0.0
98,1.0,0.0,3.8150001,0.0,6.0,8,114.347728174424,123.6686556731134,pobre,basal,2,625.0,678.66669,1.0,36.0,16,35,24984,6,0.0
97,1.0,0.0,3.8150001,1.0,5.0,8,114.347728174424,123.6686556731134,pobre,basal,2,625.0,678.66669,1.0,36.0,13,35,24985,5,1.0
98,1.0,0.0,3.8150001,1.0,6.0,8,114.347728174424,123.6686556731134,pobre,basal,2,625.0,678.66669,1.0,36.0,14,35,24985,5,1.0
97,0.0,0.0,3.8150001,1.0,2.0,8,114.347728174424,123.6686556731134,pobre,basal,2,625.0,678.66669,1.0,36.0,8,35,24986,2,1.0
98,0.0,0.0,3.8150001,1.0,3.0,8,114.347728174424,123.6686556731134,pobre,basal,2,625.0,678.66669,1.0,36.0,9,35,24986,2,1.0
97,0.0,0.0,3.8150001,1.0,3.0,5,114.347728174424,123.6686556731134,pobre,basal,3,500.0,526.0,1.0,32.0,9,35,24987,3,1.0
98,0.0,0.0,3.8150001,1.0,4.0,5,114.347728174424,123.6686556731134,pobre,basal,3,500.0,526.0,1.0,32.0,10,35,24987,3,1.0
97,0.0,0.0,3.8150001,1.0,2.0,5,114.347728174424,123.6686556731134,pobre,basal,3,500.0,526.0,1.0,32.0,8,35,24988,2,1.0
98,0.0,0.0,3.8150001,1.0,3.0,5,114.347728174424,123.6686556731134,pobre,basal,3,500.0,526.0,1.0,32.0,9,35,24988,2,1.0
97,1.0,0.0,3.8150001,1.0,0.0,5,114.347728174424,123.6686556731134,pobre,basal,3,500.0,526.0,1.0,32.0,7,35,24989,0,1.0
98,1.0,0.0,3.8150001,1.0,1.0,5,114.347728174424,123.6686556731134,pobre,basal,3,500.0,526.0,1.0,32.0,8,35,24989,0,1.0
97,1.0,0.0,2.7980001,1.0,8.0,7,105.4602118382967,123.6206126885586,no pobre,basal,2,300.0,864.33331,1.0,57.0,14,67,24990,8,1.0
98,1.0,0.0,2.7980001,1.0,9.0,7,105.4602118382967,123.6206126885586,no pobre,basal,2,300.0,864.33331,1.0,57.0,15,67,24990,8,1.0
97,1.0,0.0,2.7980001,1.0,9.0,7,105.4602118382967,123.6206126885586,no pobre,basal,2,300.0,864.33331,1.0,57.0,14,67,24991,9,1.0
98,1.0,0.0,2.7980001,1.0,9.0,7,105.4602118382967,123.6206126885586,no pobre,basal,2,300.0,864.33331,1.0,57.0,15,67,24991,9,1.0
97,1.0,0.0,2.7980001,1.0,8.0,6,105.4602118382967,123.6206126885586,pobre,basal,4,1000.0,717.0,1.0,37.0,14,67,24992,8,1.0
98,1.0,0.0,2.7980001,0.0,9.0,6,105.4602118382967,123.6206126885586,pobre,basal,4,1000.0,717.0,1.0,37.0,15,67,24992,8,1.0
97,1.0,0.0,2.7980001,1.0,7.0,6,105.4602118382967,123.6206126885586,pobre,basal,4,1000.0,717.0,1.0,37.0,13,67,24993,7,1.0
98,1.0,0.0,2.7980001,1.0,8.0,6,105.4602118382967,123.6206126885586,pobre,basal,4,1000.0,717.0,1.0,37.0,14,67,24993,7,1.0
97,1.0,0.0,2.7980001,1.0,1.0,6,105.4602118382967,123.6206126885586,pobre,basal,4,1000.0,717.0,1.0,37.0,9,67,24994,1,1.0
98,1.0,0.0,2.7980001,1.0,1.0,6,105.4602118382967,123.6206126885586,pobre,basal,4,1000.0,717.0,1.0,37.0,10,67,24994,1,1.0
97,0.0,0.0,2.7980001,1.0,0.0,4,105.4602118382967,123.6206126885586,pobre,basal,6,1200.0,704.0,1.0,29.0,6,67,24995,0,1.0
98,0.0,0.0,2.7980001,1.0,1.0,4,105.4602118382967,123.6206126885586,pobre,basal,6,1200.0,704.0,1.0,29.0,7,67,24995,0,1.0
97,0.0,0.0,2.7980001,1.0,1.0,4,105.4602118382967,123.6206126885586,pobre,basal,1,1200.0,847.0,1.0,33.0,7,67,24996,1,1.0
98,0.0,0.0,2.7980001,1.0,2.0,4,105.4602118382967,123.6206126885586,pobre,basal,1,1200.0,847.0,1.0,33.0,8,67,24996,1,1.0
97,0.0,0.0,2.7980001,1.0,9.0,5,105.4602118382967,123.6206126885586,no pobre,basal,6,2400.0,1070.0,1.0,42.0,16,67,24997,9,1.0
98,0.0,0.0,2.7980001,,,5,105.4602118382967,123.6206126885586,no pobre,basal,6,2400.0,1070.0,1.0,42.0,17,67,24997,9,1.0
97,1.0,0.0,2.7980001,1.0,7.0,5,105.4602118382967,123.6206126885586,no pobre,basal,6,2400.0,1070.0,1.0,42.0,13,67,24998,7,1.0
98,1.0,0.0,2.7980001,1.0,8.0,5,105.4602118382967,123.6206126885586,no pobre,basal,6,2400.0,1070.0,1.0,42.0,14,67,24998,7,1.0
97,0.0,0.0,2.7980001,1.0,1.0,5,105.4602118382967,123.6206126885586,no pobre,basal,6,2400.0,1070.0,1.0,42.0,6,67,24999,1,1.0
98,0.0,0.0,2.7980001,1.0,2.0,5,105.4602118382967,123.6206126885586,no pobre,basal,6,2400.0,1070.0,1.0,42.0,7,67,24999,1,1.0
97,1.0,0.0,2.7980001,1.0,8.0,10,105.4602118382967,123.6206126885586,pobre,basal,6,1000.0,807.0,1.0,38.0,15,67,25000,8,1.0
98,1.0,0.0,2.7980001,,,10,105.4602118382967,123.6206126885586,pobre,basal,6,1000.0,807.0,1.0,38.0,16,67,25000,8,1.0
97,1.0,0.0,2.7980001,1.0,6.0,10,105.4602118382967,123.6206126885586,pobre,basal,6,1000.0,807.0,1.0,38.0,13,67,25001,6,1.0
98,1.0,0.0,2.7980001,1.0,7.0,10,105.4602118382967,123.6206126885586,pobre,basal,6,1000.0,807.0,1.0,38.0,14,67,25001,6,1.0
97,1.0,0.0,2.7980001,1.0,4.0,10,105.4602118382967,123.6206126885586,pobre,basal,6,1000.0,807.0,1.0,38.0,11,67,25002,4,1.0
98,1.0,0.0,2.7980001,1.0,5.0,10,105.4602118382967,123.6206126885586,pobre,basal,6,1000.0,807.0,1.0,38.0,12,67,25002,4,1.0
97,0.0,0.0,2.7980001,1.0,2.0,10,105.4602118382967,123.6206126885586,pobre,basal,6,1000.0,807.0,1.0,38.0,8,67,25003,2,1.0
98,0.0,0.0,2.7980001,1.0,3.0,10,105.4602118382967,123.6206126885586,pobre,basal,6,1000.0,807.0,1.0,38.0,9,67,25003,2,1.0
97,1.0,0.0,2.7980001,1.0,1.0,10,105.4602118382967,123.6206126885586,pobre,basal,6,1000.0,807.0,1.0,38.0,7,67,25004,1,1.0
98,1.0,0.0,2.7980001,1.0,2.0,10,105.4602118382967,123.6206126885586,pobre,basal,6,1000.0,807.0,1.0,38.0,8,67,25004,1,1.0
97,0.0,0.0,2.7980001,1.0,5.0,10,105.4602118382967,123.6206126885586,pobre,basal,2,1000.0,801.0,1.0,34.0,12,67,25005,5,1.0
98,0.0,0.0,2.7980001,0.0,6.0,10,105.4602118382967,123.6206126885586,pobre,basal,2,1000.0,801.0,1.0,34.0,13,67,25005,5,1.0
97,0.0,0.0,2.7980001,1.0,4.0,10,105.4602118382967,123.6206126885586,pobre,basal,2,1000.0,801.0,1.0,34.0,10,67,25006,4,1.0
98,0.0,0.0,2.7980001,1.0,5.0,10,105.4602118382967,123.6206126885586,pobre,basal,2,1000.0,801.0,1.0,34.0,11,67,25006,4,1.0
97,0.0,0.0,2.7980001,1.0,2.0,10,105.4602118382967,123.6206126885586,pobre,basal,2,1000.0,801.0,1.0,34.0,8,67,25007,2,1.0
98,0.0,0.0,2.7980001,1.0,3.0,10,105.4602118382967,123.6206126885586,pobre,basal,2,1000.0,801.0,1.0,34.0,9,67,25007,2,1.0
97,0.0,0.0,2.7980001,1.0,1.0,10,105.4602118382967,123.6206126885586,pobre,basal,2,1000.0,801.0,1.0,34.0,6,67,25008,1,1.0
98,0.0,0.0,2.7980001,1.0,1.0,10,105.4602118382967,123.6206126885586,pobre,basal,2,1000.0,801.0,1.0,34.0,7,67,25008,1,1.0
97,1.0,0.0,2.7980001,0.0,5.0,10,105.4602118382967,123.6206126885586,pobre,basal,2,1000.0,801.0,1.0,34.0,16,67,25009,5,0.0
98,1.0,0.0,2.7980001,0.0,5.0,10,105.4602118382967,123.6206126885586,pobre,basal,2,1000.0,801.0,1.0,34.0,17,67,25009,5,0.0
97,0.0,0.0,3.8150001,1.0,4.0,8,114.347728174424,123.6686556731134,pobre,basal,0,400.0,543.0,1.0,39.0,11,35,25010,4,1.0
98,0.0,0.0,3.8150001,1.0,5.0,8,114.347728174424,123.6686556731134,pobre,basal,0,400.0,543.0,1.0,39.0,12,35,25010,4,1.0
97,1.0,0.0,3.8150001,1.0,1.0,8,114.347728174424,123.6686556731134,pobre,basal,0,400.0,543.0,1.0,39.0,9,35,25011,1,1.0
98,1.0,0.0,3.8150001,1.0,2.0,8,114.347728174424,123.6686556731134,pobre,basal,0,400.0,543.0,1.0,39.0,10,35,25011,1,1.0
97,0.0,0.0,3.8150001,1.0,3.0,8,114.347728174424,123.6686556731134,pobre,basal,0,400.0,543.0,1.0,39.0,8,35,25012,3,1.0
98,0.0,0.0,3.8150001,1.0,1.0,8,114.347728174424,123.6686556731134,pobre,basal,0,400.0,543.0,1.0,39.0,9,35,25012,3,1.0
97,0.0,0.0,3.8150001,1.0,0.0,8,114.347728174424,123.6686556731134,pobre,basal,0,400.0,543.0,1.0,39.0,6,35,25013,0,1.0
98,0.0,0.0,3.8150001,1.0,0.0,8,114.347728174424,123.6686556731134,pobre,basal,0,400.0,543.0,1.0,39.0,7,35,25013,0,1.0
97,0.0,0.0,3.8150001,0.0,6.0,8,114.347728174424,123.6686556731134,pobre,basal,0,750.0,744.0,1.0,41.0,16,35,25014,6,0.0
98,0.0,0.0,3.8150001,,,8,114.347728174424,123.6686556731134,pobre,basal,0,750.0,744.0,1.0,41.0,17,35,25014,6,0.0
97,0.0,0.0,3.8150001,1.0,5.0,8,114.347728174424,123.6686556731134,pobre,basal,0,750.0,744.0,1.0,41.0,14,35,25015,5,1.0
98,0.0,0.0,3.8150001,0.0,6.0,8,114.347728174424,123.6686556731134,pobre,basal,0,750.0,744.0,1.0,41.0,15,35,25015,5,1.0
97,0.0,0.0,3.8150001,1.0,4.0,8,114.347728174424,123.6686556731134,pobre,basal,0,750.0,744.0,1.0,41.0,11,35,25016,4,1.0
98,0.0,0.0,3.8150001,1.0,5.0,8,114.347728174424,123.6686556731134,pobre,basal,0,750.0,744.0,1.0,41.0,12,35,25016,4,1.0
97,0.0,0.0,3.8150001,1.0,3.0,8,114.347728174424,123.6686556731134,pobre,basal,0,750.0,744.0,1.0,41.0,10,35,25017,3,1.0
98,0.0,0.0,3.8150001,1.0,4.0,8,114.347728174424,123.6686556731134,pobre,basal,0,750.0,744.0,1.0,41.0,11,35,25017,3,1.0
97,1.0,0.0,3.8150001,1.0,0.0,8,114.347728174424,123.6686556731134,pobre,basal,0,750.0,744.0,1.0,41.0,6,35,25018,0,1.0
98,1.0,0.0,3.8150001,1.0,1.0,8,114.347728174424,123.6686556731134,pobre,basal,0,750.0,744.0,1.0,41.0,7,35,25018,0,1.0
97,1.0,0.0,3.8150001,1.0,3.0,4,114.347728174424,123.6686556731134,pobre,basal,1,550.0,608.0,1.0,34.0,9,35,25019,3,1.0
98,1.0,0.0,3.8150001,1.0,4.0,4,114.347728174424,123.6686556731134,pobre,basal,1,550.0,608.0,1.0,34.0,10,35,25019,3,1.0
97,0.0,0.0,3.8150001,1.0,0.0,4,114.347728174424,123.6686556731134,pobre,basal,1,550.0,608.0,1.0,34.0,6,35,25020,0,1.0
98,0.0,0.0,3.8150001,1.0,1.0,4,114.347728174424,123.6686556731134,pobre,basal,1,550.0,608.0,1.0,34.0,7,35,25020,0,1.0
97,0.0,0.0,3.8150001,0.0,6.0,5,114.347728174424,123.6686556731134,pobre,basal,1,625.0,777.5,1.0,48.0,13,35,25021,6,0.0
98,0.0,0.0,3.8150001,0.0,6.0,5,114.347728174424,123.6686556731134,pobre,basal,1,625.0,777.5,1.0,48.0,14,35,25021,6,0.0
97,1.0,0.0,3.8150001,,2.0,6,114.347728174424,123.6686556731134,pobre,basal,0,625.0,741.14099,1.0,40.0,14,35,25022,2,
98,1.0,0.0,3.8150001,1.0,8.0,6,114.347728174424,123.6686556731134,pobre,basal,0,625.0,741.14099,1.0,40.0,15,35,25022,2,
97,1.0,0.0,3.8150001,,5.0,6,114.347728174424,123.6686556731134,pobre,basal,0,625.0,741.14099,1.0,40.0,12,35,25023,5,
98,1.0,0.0,3.8150001,1.0,6.0,6,114.347728174424,123.6686556731134,pobre,basal,0,625.0,741.14099,1.0,40.0,13,35,25023,5,
97,0.0,0.0,3.8150001,,0.0,6,114.347728174424,123.6686556731134,pobre,basal,0,625.0,741.14099,1.0,40.0,8,35,25024,0,
98,0.0,0.0,3.8150001,1.0,2.0,6,114.347728174424,123.6686556731134,pobre,basal,0,625.0,741.14099,1.0,40.0,9,35,25024,0,
97,0.0,0.0,2.7980001,1.0,3.0,5,105.4602118382967,123.6206126885586,pobre,basal,2,800.0,858.0,1.0,40.0,8,67,25025,3,1.0
98,0.0,0.0,2.7980001,1.0,4.0,5,105.4602118382967,123.6206126885586,pobre,basal,2,800.0,858.0,1.0,40.0,9,67,25025,3,1.0
97,1.0,0.0,2.7980001,0.0,6.0,7,105.4602118382967,123.6206126885586,pobre,basal,2,875.0,695.5,1.0,43.0,15,67,25026,6,0.0
98,1.0,0.0,2.7980001,0.0,6.0,7,105.4602118382967,123.6206126885586,pobre,basal,2,875.0,695.5,1.0,43.0,16,67,25026,6,0.0
97,1.0,0.0,2.7980001,1.0,5.0,7,105.4602118382967,123.6206126885586,pobre,basal,2,875.0,695.5,1.0,43.0,10,67,25027,5,1.0
98,1.0,0.0,2.7980001,1.0,5.0,7,105.4602118382967,123.6206126885586,pobre,basal,2,875.0,695.5,1.0,43.0,11,67,25027,5,1.0
97,0.0,0.0,2.7980001,1.0,3.0,7,105.4602118382967,123.6206126885586,pobre,basal,2,875.0,695.5,1.0,43.0,8,67,25028,3,1.0
98,0.0,0.0,2.7980001,1.0,3.0,7,105.4602118382967,123.6206126885586,pobre,basal,2,875.0,695.5,1.0,43.0,9,67,25028,3,1.0
97,0.0,0.0,2.7980001,1.0,2.0,7,105.4602118382967,123.6206126885586,pobre,basal,2,875.0,695.5,1.0,43.0,7,67,25029,2,1.0
98,0.0,0.0,2.7980001,1.0,2.0,7,105.4602118382967,123.6206126885586,pobre,basal,2,875.0,695.5,1.0,43.0,8,67,25029,2,1.0
97,1.0,0.0,2.7980001,1.0,8.0,8,105.4602118382967,123.6206126885586,no pobre,basal,3,1250.0,850.0,1.0,47.0,16,67,25030,8,1.0
98,1.0,0.0,2.7980001,,,8,105.4602118382967,123.6206126885586,no pobre,basal,3,1250.0,850.0,1.0,47.0,17,67,25030,8,1.0
97,0.0,0.0,2.7980001,0.0,6.0,8,105.4602118382967,123.6206126885586,no pobre,basal,3,1250.0,850.0,1.0,47.0,14,67,25031,6,0.0
98,0.0,0.0,2.7980001,1.0,7.0,8,105.4602118382967,123.6206126885586,no pobre,basal,3,1250.0,850.0,1.0,47.0,15,67,25031,6,0.0
97,0.0,0.0,2.7980001,1.0,6.0,8,105.4602118382967,123.6206126885586,no pobre,basal,3,1250.0,850.0,1.0,47.0,11,67,25032,6,1.0
98,0.0,0.0,2.7980001,1.0,6.0,8,105.4602118382967,123.6206126885586,no pobre,basal,3,1250.0,850.0,1.0,47.0,12,67,25032,6,1.0
97,1.0,0.0,2.7980001,1.0,4.0,8,105.4602118382967,123.6206126885586,no pobre,basal,3,1250.0,850.0,1.0,47.0,10,67,25033,4,1.0
98,1.0,0.0,2.7980001,1.0,4.0,8,105.4602118382967,123.6206126885586,no pobre,basal,3,1250.0,850.0,1.0,47.0,11,67,25033,4,1.0
97,0.0,0.0,3.8150001,1.0,9.0,11,114.347728174424,123.6686556731134,pobre,basal,1,1250.0,431.0,1.0,49.0,15,35,25034,9,1.0
98,0.0,0.0,3.8150001,1.0,9.0,11,114.347728174424,123.6686556731134,pobre,basal,1,1250.0,431.0,1.0,49.0,16,35,25034,9,1.0
97,1.0,0.0,3.8150001,1.0,5.0,11,114.347728174424,123.6686556731134,pobre,basal,1,1250.0,431.0,1.0,49.0,11,35,25035,5,1.0
98,1.0,0.0,3.8150001,1.0,5.0,11,114.347728174424,123.6686556731134,pobre,basal,1,1250.0,431.0,1.0,49.0,12,35,25035,5,1.0
97,0.0,0.0,3.8150001,1.0,4.0,11,114.347728174424,123.6686556731134,pobre,basal,1,1250.0,431.0,1.0,49.0,10,35,25036,4,1.0
98,0.0,0.0,3.8150001,1.0,4.0,11,114.347728174424,123.6686556731134,pobre,basal,1,1250.0,431.0,1.0,49.0,11,35,25036,4,1.0
97,0.0,0.0,3.8150001,1.0,1.0,11,114.347728174424,123.6686556731134,pobre,basal,1,1250.0,431.0,1.0,49.0,8,35,25037,1,1.0
98,0.0,0.0,3.8150001,1.0,2.0,11,114.347728174424,123.6686556731134,pobre,basal,1,1250.0,431.0,1.0,49.0,9,35,25037,1,1.0
97,0.0,0.0,2.7980001,1.0,2.0,5,105.4602118382967,123.6206126885586,pobre,basal,2,625.0,650.33899,1.0,32.0,8,67,25038,2,1.0
98,0.0,0.0,2.7980001,1.0,3.0,5,105.4602118382967,123.6206126885586,pobre,basal,2,625.0,650.33899,1.0,32.0,9,67,25038,2,1.0
97,1.0,0.0,2.7980001,1.0,0.0,5,105.4602118382967,123.6206126885586,pobre,basal,2,625.0,650.33899,1.0,32.0,7,67,25039,0,1.0
98,1.0,0.0,2.7980001,1.0,2.0,5,105.4602118382967,123.6206126885586,pobre,basal,2,625.0,650.33899,1.0,32.0,8,67,25039,0,1.0
97,1.0,0.0,2.882,1.0,0.0,6,101.8478032414612,101.8478032414612,pobre,0,6,0.0,997.0,0.0,48.0,6,54,25040,0,1.0
98,1.0,0.0,2.882,1.0,1.0,6,101.8478032414612,101.8478032414612,pobre,0,6,0.0,997.0,0.0,48.0,7,54,25040,0,1.0
97,1.0,0.0,2.882,1.0,3.0,3,101.8478032414612,101.8478032414612,pobre,0,3,66.666664,1107.0,1.0,52.0,9,54,25041,3,1.0
98,1.0,0.0,2.882,1.0,4.0,3,101.8478032414612,101.8478032414612,pobre,0,3,66.666664,1107.0,1.0,52.0,10,54,25041,3,1.0
97,0.0,0.0,2.882,1.0,8.0,3,101.8478032414612,101.8478032414612,pobre,0,7,80.0,961.0,1.0,63.0,15,54,25042,8,1.0
98,0.0,0.0,2.882,1.0,8.0,3,101.8478032414612,101.8478032414612,pobre,0,7,80.0,961.0,1.0,63.0,16,54,25042,8,1.0
97,0.0,0.0,2.882,1.0,0.0,5,101.8478032414612,101.8478032414612,pobre,0,6,200.0,669.0,1.0,27.0,6,54,25043,0,1.0
98,0.0,0.0,2.882,,,5,101.8478032414612,101.8478032414612,pobre,0,6,200.0,669.0,1.0,27.0,7,54,25043,0,1.0
97,1.0,0.0,2.882,0.0,9.0,8,101.8478032414612,101.8478032414612,pobre,0,1,1500.0,885.0,1.0,35.0,15,54,25044,9,0.0
98,1.0,0.0,2.882,0.0,9.0,8,101.8478032414612,101.8478032414612,pobre,0,1,1500.0,885.0,1.0,35.0,16,54,25044,9,0.0
97,1.0,0.0,2.882,1.0,5.0,8,101.8478032414612,101.8478032414612,pobre,0,1,1500.0,885.0,1.0,35.0,13,54,25045,5,1.0
98,1.0,0.0,2.882,1.0,6.0,8,101.8478032414612,101.8478032414612,pobre,0,1,1500.0,885.0,1.0,35.0,14,54,25045,5,1.0
97,0.0,0.0,2.882,1.0,5.0,8,101.8478032414612,101.8478032414612,pobre,0,1,1500.0,885.0,1.0,35.0,11,54,25046,5,1.0
98,0.0,0.0,2.882,1.0,6.0,8,101.8478032414612,101.8478032414612,pobre,0,1,1500.0,885.0,1.0,35.0,12,54,25046,5,1.0
97,0.0,0.0,2.882,1.0,3.0,8,101.8478032414612,101.8478032414612,pobre,0,1,1500.0,885.0,1.0,35.0,7,54,25047,3,1.0
98,0.0,0.0,2.882,1.0,3.0,8,101.8478032414612,101.8478032414612,pobre,0,1,1500.0,885.0,1.0,35.0,8,54,25047,3,1.0
97,0.0,1.0,2.882,0.0,6.0,10,101.8478032414612,101.8478032414612,no pobre,0,3,625.0,968.5,1.0,38.0,14,54,25048,6,0.0
98,0.0,1.0,2.882,0.0,6.0,10,101.8478032414612,101.8478032414612,no pobre,0,3,625.0,968.5,1.0,38.0,15,54,25048,6,0.0
97,1.0,1.0,2.882,1.0,6.0,10,101.8478032414612,101.8478032414612,no pobre,0,3,625.0,968.5,1.0,38.0,13,54,25049,6,1.0
98,1.0,1.0,2.882,1.0,7.0,10,101.8478032414612,101.8478032414612,no pobre,0,3,625.0,968.5,1.0,38.0,14,54,25049,6,1.0
97,1.0,1.0,2.882,1.0,4.0,10,101.8478032414612,101.8478032414612,no pobre,0,3,625.0,968.5,1.0,38.0,9,54,25050,4,1.0
98,1.0,1.0,2.882,1.0,5.0,10,101.8478032414612,101.8478032414612,no pobre,0,3,625.0,968.5,1.0,38.0,10,54,25050,4,1.0
97,1.0,1.0,2.882,1.0,2.0,10,101.8478032414612,101.8478032414612,no pobre,0,3,625.0,968.5,1.0,38.0,7,54,25051,2,1.0
98,1.0,1.0,2.882,1.0,3.0,10,101.8478032414612,101.8478032414612,no pobre,0,3,625.0,968.5,1.0,38.0,8,54,25051,2,1.0
97,0.0,0.0,2.882,1.0,9.0,6,101.8478032414612,101.8478032414612,no pobre,0,3,625.0,1118.0,1.0,62.0,15,54,25052,9,1.0
98,0.0,0.0,2.882,1.0,11.0,6,101.8478032414612,101.8478032414612,no pobre,0,3,625.0,1118.0,1.0,62.0,16,54,25052,9,1.0
97,0.0,0.0,2.882,1.0,3.0,6,101.8478032414612,101.8478032414612,no pobre,0,3,625.0,1118.0,1.0,62.0,9,54,25053,3,1.0
98,0.0,0.0,2.882,1.0,4.0,6,101.8478032414612,101.8478032414612,no pobre,0,3,625.0,1118.0,1.0,62.0,10,54,25053,3,1.0
97,0.0,0.0,2.882,1.0,0.0,6,101.8478032414612,101.8478032414612,no pobre,0,3,625.0,1118.0,1.0,62.0,6,54,25054,0,1.0
98,0.0,0.0,2.882,1.0,1.0,6,101.8478032414612,101.8478032414612,no pobre,0,3,625.0,1118.0,1.0,62.0,7,54,25054,0,1.0
97,1.0,1.0,2.882,1.0,6.0,8,101.8478032414612,101.8478032414612,pobre,0,3,625.0,724.0,1.0,48.0,15,54,25055,6,1.0
98,1.0,1.0,2.882,,,8,101.8478032414612,101.8478032414612,pobre,0,3,625.0,724.0,1.0,48.0,16,54,25055,6,1.0
97,1.0,1.0,2.882,1.0,2.0,8,101.8478032414612,101.8478032414612,pobre,0,3,625.0,724.0,1.0,48.0,10,54,25056,2,1.0
98,1.0,1.0,2.882,,,8,101.8478032414612,101.8478032414612,pobre,0,3,625.0,724.0,1.0,48.0,11,54,25056,2,1.0
97,0.0,1.0,2.882,1.0,1.0,8,101.8478032414612,101.8478032414612,pobre,0,3,625.0,724.0,1.0,48.0,8,54,25057,1,1.0
98,0.0,1.0,2.882,,,8,101.8478032414612,101.8478032414612,pobre,0,3,625.0,724.0,1.0,48.0,9,54,25057,1,1.0
97,0.0,0.0,2.882,0.0,6.0,3,101.8478032414612,101.8478032414612,pobre,0,1,500.0,839.0,1.0,57.0,15,54,25058,6,0.0
98,0.0,0.0,2.882,0.0,6.0,3,101.8478032414612,101.8478032414612,pobre,0,1,500.0,839.0,1.0,57.0,16,54,25058,6,0.0
97,0.0,1.0,2.882,0.0,4.0,7,101.8478032414612,101.8478032414612,pobre,0,1,0.0,469.0,0.0,40.0,14,54,25059,4,0.0
98,0.0,1.0,2.882,,,7,101.8478032414612,101.8478032414612,pobre,0,1,0.0,469.0,0.0,40.0,15,54,25059,4,0.0
97,1.0,1.0,2.882,1.0,1.0,7,101.8478032414612,101.8478032414612,pobre,0,1,0.0,469.0,0.0,40.0,8,54,25060,1,1.0
98,1.0,1.0,2.882,,,7,101.8478032414612,101.8478032414612,pobre,0,1,0.0,469.0,0.0,40.0,9,54,25060,1,1.0
97,0.0,1.0,2.882,1.0,0.0,7,101.8478032414612,101.8478032414612,pobre,0,1,0.0,469.0,0.0,40.0,6,54,25061,0,1.0
98,0.0,1.0,2.882,,,7,101.8478032414612,101.8478032414612,pobre,0,1,0.0,469.0,0.0,40.0,7,54,25061,0,1.0
97,1.0,0.0,2.882,1.0,10.0,9,101.8478032414612,101.8478032414612,pobre,0,5,0.0,1001.0,1.0,51.0,16,54,25062,10,1.0
98,1.0,0.0,2.882,,,9,101.8478032414612,101.8478032414612,pobre,0,5,0.0,1001.0,1.0,51.0,17,54,25062,10,1.0
97,0.0,0.0,2.882,1.0,7.0,9,101.8478032414612,101.8478032414612,pobre,0,5,0.0,1001.0,1.0,51.0,14,54,25063,7,1.0
98,0.0,0.0,2.882,1.0,,9,101.8478032414612,101.8478032414612,pobre,0,5,0.0,1001.0,1.0,51.0,15,54,25063,7,1.0
97,0.0,0.0,2.882,1.0,8.0,9,101.8478032414612,101.8478032414612,pobre,0,5,0.0,1001.0,1.0,51.0,9,54,25064,8,1.0
98,0.0,0.0,2.882,1.0,,9,101.8478032414612,101.8478032414612,pobre,0,5,0.0,1001.0,1.0,51.0,10,54,25064,8,1.0
97,1.0,0.0,2.882,1.0,4.0,9,101.8478032414612,101.8478032414612,pobre,0,5,0.0,1001.0,1.0,51.0,9,54,25065,4,1.0
98,1.0,0.0,2.882,1.0,,9,101.8478032414612,101.8478032414612,pobre,0,5,0.0,1001.0,1.0,51.0,10,54,25065,4,1.0
97,1.0,0.0,2.882,1.0,3.0,9,101.8478032414612,101.8478032414612,pobre,0,5,0.0,1001.0,1.0,51.0,6,54,25066,3,1.0
98,1.0,0.0,2.882,1.0,3.0,9,101.8478032414612,101.8478032414612,pobre,0,5,0.0,1001.0,1.0,51.0,7,54,25066,3,1.0
97,0.0,0.0,2.882,1.0,2.0,5,101.8478032414612,101.8478032414612,pobre,0,6,625.0,706.0,1.0,30.0,8,54,25067,2,1.0
98,0.0,0.0,2.882,1.0,3.0,5,101.8478032414612,101.8478032414612,pobre,0,6,625.0,706.0,1.0,30.0,9,54,25067,2,1.0
97,0.0,0.0,2.882,0.0,6.0,6,101.8478032414612,101.8478032414612,pobre,0,7,1000.0,806.0,1.0,42.0,16,54,25068,6,0.0
98,0.0,0.0,2.882,,,6,101.8478032414612,101.8478032414612,pobre,0,7,1000.0,806.0,1.0,42.0,17,54,25068,6,0.0
97,1.0,0.0,2.882,1.0,4.0,6,101.8478032414612,101.8478032414612,pobre,0,7,1000.0,806.0,1.0,42.0,11,54,25069,4,1.0
98,1.0,0.0,2.882,1.0,5.0,6,101.8478032414612,101.8478032414612,pobre,0,7,1000.0,806.0,1.0,42.0,12,54,25069,4,1.0
97,1.0,1.0,2.882,1.0,8.0,7,101.8478032414612,101.8478032414612,pobre,0,0,750.0,879.5,1.0,51.0,14,54,25070,8,1.0
98,1.0,1.0,2.882,0.0,9.0,7,101.8478032414612,101.8478032414612,pobre,0,0,750.0,879.5,1.0,51.0,15,54,25070,8,1.0
97,1.0,1.0,2.882,1.0,8.0,7,101.8478032414612,101.8478032414612,pobre,0,0,750.0,879.5,1.0,51.0,13,54,25071,8,1.0
98,1.0,1.0,2.882,1.0,9.0,7,101.8478032414612,101.8478032414612,pobre,0,0,750.0,879.5,1.0,51.0,14,54,25071,8,1.0
97,1.0,0.0,2.882,0.0,6.0,8,101.8478032414612,101.8478032414612,pobre,0,10,625.0,579.0,1.0,37.0,14,54,25072,6,0.0
98,1.0,0.0,2.882,0.0,6.0,8,101.8478032414612,101.8478032414612,pobre,0,10,625.0,579.0,1.0,37.0,15,54,25072,6,0.0
97,1.0,0.0,2.882,0.0,6.0,8,101.8478032414612,101.8478032414612,pobre,0,10,625.0,579.0,1.0,37.0,13,54,25073,6,0.0
98,1.0,0.0,2.882,1.0,6.0,8,101.8478032414612,101.8478032414612,pobre,0,10,625.0,579.0,1.0,37.0,14,54,25073,6,0.0
97,1.0,0.0,2.882,1.0,4.0,8,101.8478032414612,101.8478032414612,pobre,0,10,625.0,579.0,1.0,37.0,11,54,25074,4,1.0
98,1.0,0.0,2.882,1.0,5.0,8,101.8478032414612,101.8478032414612,pobre,0,10,625.0,579.0,1.0,37.0,12,54,25074,4,1.0
97,1.0,0.0,2.882,1.0,2.0,8,101.8478032414612,101.8478032414612,pobre,0,10,625.0,579.0,1.0,37.0,9,54,25075,2,1.0
98,1.0,0.0,2.882,1.0,0.0,8,101.8478032414612,101.8478032414612,pobre,0,10,625.0,579.0,1.0,37.0,10,54,25075,2,1.0
97,1.0,0.0,2.882,1.0,0.0,8,101.8478032414612,101.8478032414612,pobre,0,10,625.0,579.0,1.0,37.0,6,54,25076,0,1.0
98,1.0,0.0,2.882,1.0,0.0,8,101.8478032414612,101.8478032414612,pobre,0,10,625.0,579.0,1.0,37.0,7,54,25076,0,1.0
97,0.0,0.0,2.882,1.0,8.0,6,101.8478032414612,101.8478032414612,pobre,0,9,2000.0,850.0,1.0,39.0,14,54,25077,8,1.0
98,0.0,0.0,2.882,1.0,9.0,6,101.8478032414612,101.8478032414612,pobre,0,9,2000.0,850.0,1.0,39.0,15,54,25077,8,1.0
97,0.0,0.0,2.882,1.0,7.0,6,101.8478032414612,101.8478032414612,no pobre,0,6,625.0,830.0,1.0,35.0,13,54,25078,7,1.0
98,0.0,0.0,2.882,1.0,8.0,6,101.8478032414612,101.8478032414612,no pobre,0,6,625.0,830.0,1.0,35.0,14,54,25078,7,1.0
97,1.0,0.0,2.882,1.0,5.0,6,101.8478032414612,101.8478032414612,no pobre,0,6,625.0,830.0,1.0,35.0,10,54,25079,5,1.0
98,1.0,0.0,2.882,1.0,6.0,6,101.8478032414612,101.8478032414612,no pobre,0,6,625.0,830.0,1.0,35.0,11,54,25079,5,1.0
97,1.0,0.0,2.882,1.0,1.0,6,101.8478032414612,101.8478032414612,no pobre,0,6,625.0,830.0,1.0,35.0,7,54,25080,1,1.0
98,1.0,0.0,2.882,1.0,2.0,6,101.8478032414612,101.8478032414612,no pobre,0,6,625.0,830.0,1.0,35.0,8,54,25080,1,1.0
97,0.0,0.0,2.882,1.0,4.0,4,101.8478032414612,101.8478032414612,no pobre,0,6,750.0,1072.3311,1.0,37.0,10,54,25081,4,1.0
98,0.0,0.0,2.882,1.0,5.0,4,101.8478032414612,101.8478032414612,no pobre,0,6,750.0,1072.3311,1.0,37.0,11,54,25081,4,1.0
97,1.0,0.0,2.882,,0.0,4,101.8478032414612,101.8478032414612,no pobre,0,6,750.0,1072.3311,1.0,37.0,9,54,25082,0,
98,1.0,0.0,2.882,1.0,4.0,4,101.8478032414612,101.8478032414612,no pobre,0,6,750.0,1072.3311,1.0,37.0,10,54,25082,0,
97,0.0,0.0,2.882,0.0,6.0,4,101.8478032414612,101.8478032414612,pobre,0,5,250.0,998.0,1.0,64.0,16,54,25083,6,0.0
98,0.0,0.0,2.882,0.0,6.0,4,101.8478032414612,101.8478032414612,pobre,0,5,250.0,998.0,1.0,64.0,17,54,25083,6,0.0
97,0.0,1.0,2.882,1.0,10.0,3,101.8478032414612,101.8478032414612,pobre,0,4,0.0,968.0,1.0,76.0,16,54,25084,10,1.0
98,0.0,1.0,2.882,,,3,101.8478032414612,101.8478032414612,pobre,0,4,0.0,968.0,1.0,76.0,17,54,25084,10,1.0
97,0.0,0.0,2.882,1.0,7.0,6,101.8478032414612,101.8478032414612,no pobre,0,15,600.0,1245.0,1.0,40.0,13,54,25085,7,1.0
98,0.0,0.0,2.882,1.0,8.0,6,101.8478032414612,101.8478032414612,no pobre,0,15,600.0,1245.0,1.0,40.0,14,54,25085,7,1.0
97,1.0,0.0,2.882,1.0,5.0,6,101.8478032414612,101.8478032414612,no pobre,0,15,600.0,1245.0,1.0,40.0,11,54,25086,5,1.0
98,1.0,0.0,2.882,1.0,6.0,6,101.8478032414612,101.8478032414612,no pobre,0,15,600.0,1245.0,1.0,40.0,12,54,25086,5,1.0
97,0.0,0.0,2.882,1.0,0.0,6,101.8478032414612,101.8478032414612,no pobre,0,15,600.0,1245.0,1.0,40.0,6,54,25087,0,1.0
98,0.0,0.0,2.882,1.0,1.0,6,101.8478032414612,101.8478032414612,no pobre,0,15,600.0,1245.0,1.0,40.0,7,54,25087,0,1.0
97,1.0,0.0,1.877,1.0,3.0,6,89.98478835512265,107.744819998622,pobre,basal,6,1080.0,758.0,1.0,39.0,10,115,25088,3,1.0
98,1.0,0.0,1.877,,,6,89.98478835512265,107.744819998622,pobre,basal,6,1080.0,758.0,1.0,39.0,11,115,25088,3,1.0
97,0.0,0.0,1.877,1.0,3.0,6,89.98478835512265,107.744819998622,pobre,basal,6,1080.0,758.0,1.0,39.0,9,115,25089,3,1.0
98,0.0,0.0,1.877,1.0,4.0,6,89.98478835512265,107.744819998622,pobre,basal,6,1080.0,758.0,1.0,39.0,10,115,25089,3,1.0
97,1.0,0.0,1.877,1.0,2.0,6,89.98478835512265,107.744819998622,pobre,basal,6,1080.0,758.0,1.0,39.0,8,115,25090,2,1.0
98,1.0,0.0,1.877,1.0,3.0,6,89.98478835512265,107.744819998622,pobre,basal,6,1080.0,758.0,1.0,39.0,9,115,25090,2,1.0
97,1.0,0.0,1.877,1.0,1.0,6,89.98478835512265,107.744819998622,pobre,basal,6,1080.0,758.0,1.0,39.0,7,115,25091,1,1.0
98,1.0,0.0,1.877,1.0,2.0,6,89.98478835512265,107.744819998622,pobre,basal,6,1080.0,758.0,1.0,39.0,8,115,25091,1,1.0
97,0.0,0.0,1.877,1.0,0.0,6,89.98478835512265,107.744819998622,pobre,basal,0,1000.0,823.0,0.0,50.0,6,115,25092,0,1.0
98,0.0,0.0,1.877,1.0,1.0,6,89.98478835512265,107.744819998622,pobre,basal,0,1000.0,823.0,0.0,50.0,7,115,25092,0,1.0
97,1.0,0.0,1.877,0.0,9.0,8,89.98478835512265,107.744819998622,pobre,basal,0,625.0,988.0,1.0,42.0,15,115,25093,9,0.0
98,1.0,0.0,1.877,0.0,9.0,8,89.98478835512265,107.744819998622,pobre,basal,0,625.0,988.0,1.0,42.0,16,115,25093,9,0.0
97,0.0,0.0,1.877,1.0,5.0,8,89.98478835512265,107.744819998622,pobre,basal,0,625.0,988.0,1.0,42.0,11,115,25094,5,1.0
98,0.0,0.0,1.877,1.0,6.0,8,89.98478835512265,107.744819998622,pobre,basal,0,625.0,988.0,1.0,42.0,12,115,25094,5,1.0
97,1.0,0.0,1.877,0.0,6.0,10,89.98478835512265,107.744819998622,no pobre,basal,0,800.0,1068.0,0.0,35.0,15,115,25095,6,0.0
98,1.0,0.0,1.877,0.0,6.0,10,89.98478835512265,107.744819998622,no pobre,basal,0,800.0,1068.0,0.0,35.0,16,115,25095,6,0.0
97,0.0,0.0,1.877,1.0,4.0,5,89.98478835512265,107.744819998622,no pobre,basal,6,1200.0,992.5,1.0,29.0,10,115,25096,4,1.0
98,0.0,0.0,1.877,1.0,5.0,5,89.98478835512265,107.744819998622,no pobre,basal,6,1200.0,992.5,1.0,29.0,11,115,25096,4,1.0
97,0.0,0.0,1.877,1.0,3.0,5,89.98478835512265,107.744819998622,no pobre,basal,6,1200.0,992.5,1.0,29.0,9,115,25097,3,1.0
98,0.0,0.0,1.877,1.0,4.0,5,89.98478835512265,107.744819998622,no pobre,basal,6,1200.0,992.5,1.0,29.0,10,115,25097,3,1.0
97,1.0,0.0,1.877,1.0,1.0,5,89.98478835512265,107.744819998622,no pobre,basal,6,1200.0,992.5,1.0,29.0,6,115,25098,1,1.0
98,1.0,0.0,1.877,1.0,1.0,5,89.98478835512265,107.744819998622,no pobre,basal,6,1200.0,992.5,1.0,29.0,7,115,25098,1,1.0
97,1.0,0.0,1.877,0.0,6.0,10,89.98478835512265,107.744819998622,pobre,basal,0,0.0,664.0,1.0,52.0,16,115,25099,6,0.0
98,1.0,0.0,1.877,,,10,89.98478835512265,107.744819998622,pobre,basal,0,0.0,664.0,1.0,52.0,17,115,25099,6,0.0
97,1.0,0.0,1.877,0.0,6.0,10,89.98478835512265,107.744819998622,pobre,basal,0,0.0,664.0,1.0,52.0,15,115,25100,6,0.0
98,1.0,0.0,1.877,,,10,89.98478835512265,107.744819998622,pobre,basal,0,0.0,664.0,1.0,52.0,16,115,25100,6,0.0
97,1.0,0.0,1.877,0.0,6.0,10,89.98478835512265,107.744819998622,pobre,basal,0,0.0,664.0,1.0,52.0,13,115,25101,6,0.0
98,1.0,0.0,1.877,,,10,89.98478835512265,107.744819998622,pobre,basal,0,0.0,664.0,1.0,52.0,14,115,25101,6,0.0
97,0.0,0.0,1.877,1.0,5.0,10,89.98478835512265,107.744819998622,pobre,basal,0,0.0,664.0,1.0,52.0,11,115,25102,5,1.0
98,0.0,0.0,1.877,1.0,5.0,10,89.98478835512265,107.744819998622,pobre,basal,0,0.0,664.0,1.0,52.0,12,115,25102,5,1.0
97,1.0,0.0,1.877,1.0,2.0,10,89.98478835512265,107.744819998622,pobre,basal,0,0.0,664.0,1.0,52.0,7,115,25103,2,1.0
98,1.0,0.0,1.877,1.0,3.0,10,89.98478835512265,107.744819998622,pobre,basal,0,0.0,664.0,1.0,52.0,8,115,25103,2,1.0
97,0.0,0.0,1.877,1.0,8.0,11,89.98478835512265,107.744819998622,no pobre,basal,2,1200.0,818.83331,1.0,51.0,15,115,25104,8,1.0
98,0.0,0.0,1.877,0.0,9.0,11,89.98478835512265,107.744819998622,no pobre,basal,2,1200.0,818.83331,1.0,51.0,16,115,25104,8,1.0
97,0.0,0.0,1.877,1.0,5.0,11,89.98478835512265,107.744819998622,no pobre,basal,2,1200.0,818.83331,1.0,51.0,12,115,25105,5,1.0
98,0.0,0.0,1.877,1.0,6.0,11,89.98478835512265,107.744819998622,no pobre,basal,2,1200.0,818.83331,1.0,51.0,13,115,25105,5,1.0
97,1.0,0.0,1.877,1.0,2.0,8,89.98478835512265,107.744819998622,pobre,basal,0,0.0,754.0,0.0,50.0,8,115,25106,2,1.0
98,1.0,0.0,1.877,1.0,3.0,8,89.98478835512265,107.744819998622,pobre,basal,0,0.0,754.0,0.0,50.0,9,115,25106,2,1.0
97,0.0,0.0,1.877,1.0,0.0,8,89.98478835512265,107.744819998622,pobre,basal,0,0.0,754.0,0.0,50.0,6,115,25107,0,1.0
98,0.0,0.0,1.877,1.0,1.0,8,89.98478835512265,107.744819998622,pobre,basal,0,0.0,754.0,0.0,50.0,7,115,25107,0,1.0
97,0.0,0.0,1.877,,0.0,6,89.98478835512265,107.744819998622,pobre,basal,3,1250.0,859.5,1.0,33.0,9,115,25108,0,
98,0.0,0.0,1.877,,,6,89.98478835512265,107.744819998622,pobre,basal,3,1250.0,859.5,1.0,33.0,10,115,25108,0,
97,1.0,0.0,1.877,1.0,1.0,6,89.98478835512265,107.744819998622,pobre,basal,3,1250.0,859.5,1.0,33.0,7,115,25109,1,1.0
98,1.0,0.0,1.877,1.0,2.0,6,89.98478835512265,107.744819998622,pobre,basal,3,1250.0,859.5,1.0,33.0,8,115,25109,1,1.0
97,1.0,0.0,1.877,1.0,10.0,3,89.98478835512265,107.744819998622,pobre,basal,0,750.0,788.5,0.0,52.0,15,115,25110,10,1.0
98,1.0,0.0,1.877,1.0,10.0,3,89.98478835512265,107.744819998622,pobre,basal,0,750.0,788.5,0.0,52.0,16,115,25110,10,1.0
97,1.0,0.0,1.877,1.0,6.0,3,89.98478835512265,107.744819998622,pobre,basal,6,3750.0,789.0,0.0,29.0,13,115,25111,6,1.0
98,1.0,0.0,1.877,1.0,9.0,3,89.98478835512265,107.744819998622,pobre,basal,6,3750.0,789.0,0.0,29.0,14,115,25111,6,1.0
97,0.0,0.0,1.877,1.0,5.0,3,89.98478835512265,107.744819998622,pobre,basal,6,3750.0,789.0,0.0,29.0,11,115,25112,5,1.0
98,0.0,0.0,1.877,1.0,1.0,3,89.98478835512265,107.744819998622,pobre,basal,6,3750.0,789.0,0.0,29.0,12,115,25112,5,1.0
97,0.0,0.0,1.877,1.0,8.0,10,89.98478835512265,107.744819998622,pobre,basal,4,960.0,766.5,1.0,40.0,15,115,25113,8,1.0
98,0.0,0.0,1.877,0.0,8.0,10,89.98478835512265,107.744819998622,pobre,basal,4,960.0,766.5,1.0,40.0,16,115,25113,8,1.0
97,1.0,0.0,1.877,1.0,5.0,10,89.98478835512265,107.744819998622,pobre,basal,4,960.0,766.5,1.0,40.0,12,115,25114,5,1.0
98,1.0,0.0,1.877,1.0,7.0,10,89.98478835512265,107.744819998622,pobre,basal,4,960.0,766.5,1.0,40.0,13,115,25114,5,1.0
97,0.0,0.0,1.877,1.0,4.0,10,89.98478835512265,107.744819998622,pobre,basal,4,960.0,766.5,1.0,40.0,10,115,25115,4,1.0
98,0.0,0.0,1.877,1.0,5.0,10,89.98478835512265,107.744819998622,pobre,basal,4,960.0,766.5,1.0,40.0,11,115,25115,4,1.0
97,0.0,0.0,1.877,1.0,1.0,10,89.98478835512265,107.744819998622,pobre,basal,4,960.0,766.5,1.0,40.0,7,115,25116,1,1.0
98,0.0,0.0,1.877,1.0,2.0,10,89.98478835512265,107.744819998622,pobre,basal,4,960.0,766.5,1.0,40.0,8,115,25116,1,1.0
97,0.0,0.0,1.877,0.0,9.0,3,89.98478835512265,107.744819998622,pobre,basal,9,1400.0,783.0,1.0,22.0,16,115,25117,9,0.0
98,0.0,0.0,1.877,,,3,89.98478835512265,107.744819998622,pobre,basal,9,1400.0,783.0,1.0,22.0,17,115,25117,9,0.0
97,1.0,0.0,1.877,1.0,3.0,9,89.98478835512265,107.744819998622,pobre,basal,0,6250.0,831.5,1.0,54.0,8,115,25118,3,1.0
98,1.0,0.0,1.877,1.0,3.0,9,89.98478835512265,107.744819998622,pobre,basal,0,6250.0,831.5,1.0,54.0,9,115,25118,3,1.0
97,1.0,0.0,3.858,0.0,5.0,9,71.60027213558406,102.8760889191138,pobre,0,3,2000.0,775.0,1.0,37.0,16,50,25119,5,0.0
98,1.0,0.0,3.858,,,9,71.60027213558406,102.8760889191138,pobre,0,3,2000.0,775.0,1.0,37.0,17,50,25119,5,0.0
97,0.0,0.0,3.858,1.0,6.0,9,71.60027213558406,102.8760889191138,pobre,0,3,2000.0,775.0,1.0,37.0,15,50,25120,6,1.0
98,0.0,0.0,3.858,1.0,7.0,9,71.60027213558406,102.8760889191138,pobre,0,3,2000.0,775.0,1.0,37.0,16,50,25120,6,1.0
97,1.0,0.0,3.858,1.0,5.0,9,71.60027213558406,102.8760889191138,pobre,0,3,2000.0,775.0,1.0,37.0,13,50,25121,5,1.0
98,1.0,0.0,3.858,1.0,6.0,9,71.60027213558406,102.8760889191138,pobre,0,3,2000.0,775.0,1.0,37.0,14,50,25121,5,1.0
97,1.0,0.0,3.858,1.0,3.0,9,71.60027213558406,102.8760889191138,pobre,0,3,2000.0,775.0,1.0,37.0,10,50,25122,3,1.0
98,1.0,0.0,3.858,1.0,4.0,9,71.60027213558406,102.8760889191138,pobre,0,3,2000.0,775.0,1.0,37.0,11,50,25122,3,1.0
97,1.0,0.0,3.858,1.0,2.0,9,71.60027213558406,102.8760889191138,pobre,0,3,2000.0,775.0,1.0,37.0,8,50,25123,2,1.0
98,1.0,0.0,3.858,1.0,3.0,9,71.60027213558406,102.8760889191138,pobre,0,3,2000.0,775.0,1.0,37.0,9,50,25123,2,1.0
97,1.0,0.0,3.858,1.0,2.0,8,71.60027213558406,102.8760889191138,pobre,0,3,200.0,711.66669,1.0,22.0,13,50,25124,2,1.0
98,1.0,0.0,3.858,,,8,71.60027213558406,102.8760889191138,pobre,0,3,200.0,711.66669,1.0,22.0,14,50,25124,2,1.0
97,0.0,0.0,3.858,0.0,6.0,10,71.60027213558406,102.8760889191138,pobre,0,3,625.0,532.0,1.0,35.0,15,50,25125,6,0.0
98,0.0,0.0,3.858,,,10,71.60027213558406,102.8760889191138,pobre,0,3,625.0,532.0,1.0,35.0,16,50,25125,6,0.0
97,1.0,0.0,3.858,0.0,1.0,10,71.60027213558406,102.8760889191138,pobre,0,3,625.0,532.0,1.0,35.0,13,50,25126,1,0.0
98,1.0,0.0,3.858,0.0,1.0,10,71.60027213558406,102.8760889191138,pobre,0,3,625.0,532.0,1.0,35.0,14,50,25126,1,0.0
97,0.0,0.0,3.858,1.0,4.0,10,71.60027213558406,102.8760889191138,pobre,0,3,625.0,532.0,1.0,35.0,11,50,25127,4,1.0
98,0.0,0.0,3.858,1.0,5.0,10,71.60027213558406,102.8760889191138,pobre,0,3,625.0,532.0,1.0,35.0,12,50,25127,4,1.0
97,1.0,0.0,3.858,1.0,2.0,10,71.60027213558406,102.8760889191138,pobre,0,3,625.0,532.0,1.0,35.0,9,50,25128,2,1.0
98,1.0,0.0,3.858,1.0,3.0,10,71.60027213558406,102.8760889191138,pobre,0,3,625.0,532.0,1.0,35.0,10,50,25128,2,1.0
97,1.0,0.0,3.858,1.0,0.0,10,71.60027213558406,102.8760889191138,pobre,0,3,625.0,532.0,1.0,35.0,7,50,25129,0,1.0
98,1.0,0.0,3.858,1.0,1.0,10,71.60027213558406,102.8760889191138,pobre,0,3,625.0,532.0,1.0,35.0,8,50,25129,0,1.0
97,0.0,0.0,3.858,0.0,9.0,6,71.60027213558406,102.8760889191138,pobre,0,6,1200.0,794.0,1.0,42.0,16,50,25130,9,0.0
98,0.0,0.0,3.858,,,6,71.60027213558406,102.8760889191138,pobre,0,6,1200.0,794.0,1.0,42.0,17,50,25130,9,0.0
97,0.0,0.0,3.858,0.0,6.0,6,71.60027213558406,102.8760889191138,pobre,0,6,1200.0,794.0,1.0,42.0,13,50,25131,6,0.0
98,0.0,0.0,3.858,1.0,7.0,6,71.60027213558406,102.8760889191138,pobre,0,6,1200.0,794.0,1.0,42.0,14,50,25131,6,0.0
97,1.0,0.0,3.858,0.0,6.0,6,71.60027213558406,102.8760889191138,pobre,0,6,1200.0,794.0,1.0,42.0,12,50,25132,6,0.0
98,1.0,0.0,3.858,1.0,7.0,6,71.60027213558406,102.8760889191138,pobre,0,6,1200.0,794.0,1.0,42.0,13,50,25132,6,0.0
97,0.0,0.0,3.858,1.0,2.0,6,71.60027213558406,102.8760889191138,pobre,0,6,1200.0,794.0,1.0,42.0,8,50,25133,2,1.0
98,0.0,0.0,3.858,1.0,3.0,6,71.60027213558406,102.8760889191138,pobre,0,6,1200.0,794.0,1.0,42.0,9,50,25133,2,1.0
97,1.0,0.0,3.858,1.0,1.0,4,71.60027213558406,102.8760889191138,pobre,0,1,0.0,698.0,1.0,24.0,7,50,25134,1,1.0
98,1.0,0.0,3.858,1.0,2.0,4,71.60027213558406,102.8760889191138,pobre,0,1,0.0,698.0,1.0,24.0,8,50,25134,1,1.0
97,0.0,0.0,3.858,1.0,0.0,3,71.60027213558406,102.8760889191138,pobre,0,3,750.0,1062.5,0.0,56.0,6,50,25135,0,1.0
98,0.0,0.0,3.858,1.0,1.0,3,71.60027213558406,102.8760889191138,pobre,0,3,750.0,1062.5,0.0,56.0,7,50,25135,0,1.0
97,1.0,0.0,3.858,1.0,1.0,5,71.60027213558406,102.8760889191138,no pobre,0,6,1200.0,932.0,1.0,30.0,7,50,25136,1,1.0
98,1.0,0.0,3.858,1.0,2.0,5,71.60027213558406,102.8760889191138,no pobre,0,6,1200.0,932.0,1.0,30.0,8,50,25136,1,1.0
97,1.0,0.0,3.858,0.0,9.0,8,71.60027213558406,102.8760889191138,pobre,0,6,1200.0,832.0,1.0,38.0,16,50,25137,9,0.0
98,1.0,0.0,3.858,,,8,71.60027213558406,102.8760889191138,pobre,0,6,1200.0,832.0,1.0,38.0,17,50,25137,9,0.0
97,0.0,0.0,3.858,1.0,9.0,8,71.60027213558406,102.8760889191138,pobre,0,6,1200.0,832.0,1.0,38.0,14,50,25138,9,1.0
98,0.0,0.0,3.858,1.0,9.0,8,71.60027213558406,102.8760889191138,pobre,0,6,1200.0,832.0,1.0,38.0,15,50,25138,9,1.0
97,1.0,0.0,3.858,1.0,4.0,8,71.60027213558406,102.8760889191138,pobre,0,6,1200.0,832.0,1.0,38.0,10,50,25139,4,1.0
98,1.0,0.0,3.858,1.0,5.0,8,71.60027213558406,102.8760889191138,pobre,0,6,1200.0,832.0,1.0,38.0,11,50,25139,4,1.0
97,1.0,0.0,3.858,1.0,3.0,8,71.60027213558406,102.8760889191138,pobre,0,6,1200.0,832.0,1.0,38.0,9,50,25140,3,1.0
98,1.0,0.0,3.858,1.0,4.0,8,71.60027213558406,102.8760889191138,pobre,0,6,1200.0,832.0,1.0,38.0,10,50,25140,3,1.0
97,0.0,0.0,3.858,0.0,5.0,7,71.60027213558406,102.8760889191138,no pobre,0,6,800.0,964.5,1.0,36.0,14,50,25141,5,0.0
98,0.0,0.0,3.858,0.0,5.0,7,71.60027213558406,102.8760889191138,no pobre,0,6,800.0,964.5,1.0,36.0,15,50,25141,5,0.0
97,0.0,0.0,3.858,0.0,6.0,7,71.60027213558406,102.8760889191138,no pobre,0,6,800.0,964.5,1.0,36.0,12,50,25142,6,0.0
98,0.0,0.0,3.858,0.0,6.0,7,71.60027213558406,102.8760889191138,no pobre,0,6,800.0,964.5,1.0,36.0,13,50,25142,6,0.0
97,1.0,0.0,3.858,1.0,2.0,7,71.60027213558406,102.8760889191138,no pobre,0,6,800.0,964.5,1.0,36.0,8,50,25143,2,1.0
98,1.0,0.0,3.858,1.0,2.0,7,71.60027213558406,102.8760889191138,no pobre,0,6,800.0,964.5,1.0,36.0,9,50,25143,2,1.0
97,0.0,0.0,3.858,1.0,1.0,7,71.60027213558406,102.8760889191138,no pobre,0,6,800.0,964.5,1.0,36.0,6,50,25144,1,1.0
98,0.0,0.0,3.858,1.0,1.0,7,71.60027213558406,102.8760889191138,no pobre,0,6,800.0,964.5,1.0,36.0,7,50,25144,1,1.0
97,1.0,0.0,3.858,1.0,8.0,8,71.60027213558406,102.8760889191138,pobre,0,9,625.0,587.0,1.0,28.0,14,50,25145,8,1.0
98,1.0,0.0,3.858,1.0,8.0,8,71.60027213558406,102.8760889191138,pobre,0,9,625.0,587.0,1.0,28.0,15,50,25145,8,1.0
97,1.0,0.0,3.858,1.0,1.0,8,71.60027213558406,102.8760889191138,pobre,0,9,625.0,587.0,1.0,28.0,7,50,25146,1,1.0
98,1.0,0.0,3.858,1.0,2.0,8,71.60027213558406,102.8760889191138,pobre,0,9,625.0,587.0,1.0,28.0,8,50,25146,1,1.0
97,1.0,0.0,3.858,1.0,9.0,6,71.60027213558406,102.8760889191138,pobre,0,0,1000.0,716.0,1.0,47.0,16,50,25147,9,1.0
98,1.0,0.0,3.858,,,6,71.60027213558406,102.8760889191138,pobre,0,0,1000.0,716.0,1.0,47.0,17,50,25147,9,1.0
97,0.0,0.0,3.858,1.0,8.0,6,71.60027213558406,102.8760889191138,pobre,0,0,1000.0,716.0,1.0,47.0,14,50,25148,8,1.0
98,0.0,0.0,3.858,1.0,9.0,6,71.60027213558406,102.8760889191138,pobre,0,0,1000.0,716.0,1.0,47.0,15,50,25148,8,1.0
97,0.0,0.0,3.858,1.0,5.0,6,71.60027213558406,102.8760889191138,pobre,0,0,1000.0,716.0,1.0,47.0,11,50,25149,5,1.0
98,0.0,0.0,3.858,1.0,6.0,6,71.60027213558406,102.8760889191138,pobre,0,0,1000.0,716.0,1.0,47.0,12,50,25149,5,1.0
97,0.0,0.0,3.858,1.0,2.0,5,71.60027213558406,102.8760889191138,pobre,0,9,0.0,723.0,0.0,28.0,7,50,25150,2,1.0
98,0.0,0.0,3.858,,,5,71.60027213558406,102.8760889191138,pobre,0,9,0.0,723.0,0.0,28.0,8,50,25150,2,1.0
97,1.0,0.0,3.858,1.0,6.0,5,71.60027213558406,102.8760889191138,no pobre,0,2,500.0,810.25,1.0,33.0,12,50,25151,6,1.0
98,1.0,0.0,3.858,1.0,7.0,5,71.60027213558406,102.8760889191138,no pobre,0,2,500.0,810.25,1.0,33.0,13,50,25151,6,1.0
97,0.0,0.0,3.858,1.0,4.0,5,71.60027213558406,102.8760889191138,no pobre,0,2,500.0,810.25,1.0,33.0,10,50,25152,4,1.0
98,0.0,0.0,3.858,1.0,5.0,5,71.60027213558406,102.8760889191138,no pobre,0,2,500.0,810.25,1.0,33.0,11,50,25152,4,1.0
97,0.0,0.0,3.858,1.0,1.0,5,71.60027213558406,102.8760889191138,no pobre,0,2,500.0,810.25,1.0,33.0,8,50,25153,1,1.0
98,0.0,0.0,3.858,1.0,2.0,5,71.60027213558406,102.8760889191138,no pobre,0,2,500.0,810.25,1.0,33.0,9,50,25153,1,1.0
97,1.0,0.0,3.858,1.0,5.0,9,71.60027213558406,102.8760889191138,pobre,0,3,600.0,462.0,1.0,35.0,11,50,25154,5,1.0
98,1.0,0.0,3.858,1.0,6.0,9,71.60027213558406,102.8760889191138,pobre,0,3,600.0,462.0,1.0,35.0,12,50,25154,5,1.0
97,0.0,0.0,3.858,1.0,4.0,9,71.60027213558406,102.8760889191138,pobre,0,3,600.0,462.0,1.0,35.0,10,50,25155,4,1.0
98,0.0,0.0,3.858,1.0,5.0,9,71.60027213558406,102.8760889191138,pobre,0,3,600.0,462.0,1.0,35.0,11,50,25155,4,1.0
97,0.0,0.0,3.858,1.0,2.0,9,71.60027213558406,102.8760889191138,pobre,0,3,600.0,462.0,1.0,35.0,8,50,25156,2,1.0
98,0.0,0.0,3.858,1.0,3.0,9,71.60027213558406,102.8760889191138,pobre,0,3,600.0,462.0,1.0,35.0,9,50,25156,2,1.0
97,0.0,0.0,3.858,1.0,1.0,9,71.60027213558406,102.8760889191138,pobre,0,3,600.0,462.0,1.0,35.0,6,50,25157,1,1.0
98,0.0,0.0,3.858,1.0,1.0,9,71.60027213558406,102.8760889191138,pobre,0,3,600.0,462.0,1.0,35.0,7,50,25157,1,1.0
97,0.0,0.0,3.858,1.0,3.0,3,71.60027213558406,102.8760889191138,pobre,0,3,750.0,812.0,1.0,45.0,9,50,25158,3,1.0
98,0.0,0.0,3.858,1.0,4.0,3,71.60027213558406,102.8760889191138,pobre,0,3,750.0,812.0,1.0,45.0,10,50,25158,3,1.0
97,1.0,0.0,3.858,0.0,6.0,8,71.60027213558406,102.8760889191138,pobre,0,0,625.0,685.0,1.0,35.0,15,50,25159,6,0.0
98,1.0,0.0,3.858,,,8,71.60027213558406,102.8760889191138,pobre,0,0,625.0,685.0,1.0,35.0,16,50,25159,6,0.0
97,1.0,0.0,3.858,0.0,2.0,8,71.60027213558406,102.8760889191138,pobre,0,0,625.0,685.0,1.0,35.0,14,50,25160,2,0.0
98,1.0,0.0,3.858,0.0,3.0,8,71.60027213558406,102.8760889191138,pobre,0,0,625.0,685.0,1.0,35.0,15,50,25160,2,0.0
97,0.0,0.0,3.858,1.0,4.0,8,71.60027213558406,102.8760889191138,pobre,0,0,625.0,685.0,1.0,35.0,11,50,25161,4,1.0
98,0.0,0.0,3.858,1.0,5.0,8,71.60027213558406,102.8760889191138,pobre,0,0,625.0,685.0,1.0,35.0,12,50,25161,4,1.0
97,1.0,0.0,3.858,1.0,1.0,8,71.60027213558406,102.8760889191138,pobre,0,0,625.0,685.0,1.0,35.0,7,50,25162,1,1.0
98,1.0,0.0,3.858,1.0,2.0,8,71.60027213558406,102.8760889191138,pobre,0,0,625.0,685.0,1.0,35.0,8,50,25162,1,1.0
97,0.0,0.0,3.858,1.0,6.0,7,71.60027213558406,102.8760889191138,pobre,0,3,0.0,603.64001,1.0,59.0,14,50,25163,6,1.0
98,0.0,0.0,3.858,1.0,7.0,7,71.60027213558406,102.8760889191138,pobre,0,3,0.0,603.64001,1.0,59.0,15,50,25163,6,1.0
97,0.0,0.0,3.858,1.0,1.0,6,71.60027213558406,102.8760889191138,pobre,0,6,1000.0,649.0,1.0,26.0,7,50,25164,1,1.0
98,0.0,0.0,3.858,1.0,2.0,6,71.60027213558406,102.8760889191138,pobre,0,6,1000.0,649.0,1.0,26.0,8,50,25164,1,1.0
97,0.0,0.0,3.858,1.0,0.0,6,71.60027213558406,102.8760889191138,pobre,0,6,1000.0,649.0,1.0,26.0,6,50,25165,0,1.0
98,0.0,0.0,3.858,1.0,0.0,6,71.60027213558406,102.8760889191138,pobre,0,6,1000.0,649.0,1.0,26.0,7,50,25165,0,1.0
97,0.0,0.0,3.858,1.0,0.0,4,71.60027213558406,102.8760889191138,pobre,0,4,1200.0,714.0,1.0,23.0,6,50,25166,0,1.0
98,0.0,0.0,3.858,1.0,1.0,4,71.60027213558406,102.8760889191138,pobre,0,4,1200.0,714.0,1.0,23.0,7,50,25166,0,1.0
97,1.0,0.0,3.858,0.0,6.0,7,71.60027213558406,102.8760889191138,no pobre,0,3,1600.0,907.75,1.0,46.0,15,50,25167,6,0.0
98,1.0,0.0,3.858,0.0,6.0,7,71.60027213558406,102.8760889191138,no pobre,0,3,1600.0,907.75,1.0,46.0,16,50,25167,6,0.0
97,1.0,0.0,3.858,1.0,5.0,7,71.60027213558406,102.8760889191138,no pobre,0,3,1600.0,907.75,1.0,46.0,12,50,25168,5,1.0
98,1.0,0.0,3.858,1.0,6.0,7,71.60027213558406,102.8760889191138,no pobre,0,3,1600.0,907.75,1.0,46.0,13,50,25168,5,1.0
97,0.0,0.0,3.858,0.0,9.0,8,71.60027213558406,102.8760889191138,no pobre,0,2,0.0,828.0,0.0,60.0,15,50,25169,9,0.0
98,0.0,0.0,3.858,,,8,71.60027213558406,102.8760889191138,no pobre,0,2,0.0,828.0,0.0,60.0,16,50,25169,9,0.0
97,1.0,0.0,3.858,1.0,0.0,8,71.60027213558406,102.8760889191138,no pobre,0,2,0.0,828.0,0.0,60.0,13,50,25170,0,1.0
98,1.0,0.0,3.858,,,8,71.60027213558406,102.8760889191138,no pobre,0,2,0.0,828.0,0.0,60.0,14,50,25170,0,1.0
97,0.0,0.0,3.858,0.0,6.0,5,71.60027213558406,102.8760889191138,pobre,0,2,1200.0,712.25,1.0,41.0,14,50,25171,6,0.0
98,0.0,0.0,3.858,,,5,71.60027213558406,102.8760889191138,pobre,0,2,1200.0,712.25,1.0,41.0,15,50,25171,6,0.0
97,0.0,0.0,3.858,1.0,3.0,5,71.60027213558406,102.8760889191138,pobre,0,2,1200.0,712.25,1.0,41.0,11,50,25172,3,1.0
98,0.0,0.0,3.858,,,5,71.60027213558406,102.8760889191138,pobre,0,2,1200.0,712.25,1.0,41.0,12,50,25172,3,1.0
97,0.0,0.0,3.858,1.0,5.0,7,71.60027213558406,102.8760889191138,pobre,0,6,600.0,679.5,1.0,28.0,11,50,25173,5,1.0
98,0.0,0.0,3.858,1.0,5.0,7,71.60027213558406,102.8760889191138,pobre,0,6,600.0,679.5,1.0,28.0,12,50,25173,5,1.0
97,0.0,0.0,3.858,1.0,1.0,7,71.60027213558406,102.8760889191138,pobre,0,6,600.0,679.5,1.0,28.0,8,50,25174,1,1.0
98,0.0,0.0,3.858,1.0,2.0,7,71.60027213558406,102.8760889191138,pobre,0,6,600.0,679.5,1.0,28.0,9,50,25174,1,1.0
97,0.0,0.0,3.858,1.0,0.0,7,71.60027213558406,102.8760889191138,pobre,0,6,600.0,679.5,1.0,28.0,6,50,25175,0,1.0
98,0.0,0.0,3.858,1.0,1.0,7,71.60027213558406,102.8760889191138,pobre,0,6,600.0,679.5,1.0,28.0,7,50,25175,0,1.0
97,1.0,0.0,3.858,1.0,0.0,9,71.60027213558406,102.8760889191138,no pobre,0,6,1000.0,966.0,1.0,50.0,7,50,25176,0,1.0
98,1.0,0.0,3.858,1.0,1.0,9,71.60027213558406,102.8760889191138,no pobre,0,6,1000.0,966.0,1.0,50.0,8,50,25176,0,1.0
97,1.0,0.0,3.858,0.0,6.0,3,71.60027213558406,102.8760889191138,pobre,0,2,83.333336,844.5,1.0,57.0,16,50,25177,6,0.0
98,1.0,0.0,3.858,0.0,6.0,3,71.60027213558406,102.8760889191138,pobre,0,2,83.333336,844.5,1.0,57.0,17,50,25177,6,0.0
97,1.0,0.0,3.858,0.0,2.0,5,71.60027213558406,102.8760889191138,no pobre,0,6,1800.0,792.0,1.0,30.0,13,50,25178,2,0.0
98,1.0,0.0,3.858,,,5,71.60027213558406,102.8760889191138,no pobre,0,6,1800.0,792.0,1.0,30.0,14,50,25178,2,0.0
97,0.0,0.0,3.858,1.0,5.0,6,71.60027213558406,102.8760889191138,pobre,0,4,0.0,796.0,1.0,37.0,11,50,25179,5,1.0
98,0.0,0.0,3.858,1.0,5.0,6,71.60027213558406,102.8760889191138,pobre,0,4,0.0,796.0,1.0,37.0,12,50,25179,5,1.0
97,0.0,0.0,3.858,1.0,1.0,6,71.60027213558406,102.8760889191138,pobre,0,4,0.0,796.0,1.0,37.0,7,50,25180,1,1.0
98,0.0,0.0,3.858,1.0,2.0,6,71.60027213558406,102.8760889191138,pobre,0,4,0.0,796.0,1.0,37.0,8,50,25180,1,1.0
97,0.0,0.0,3.858,0.0,6.0,8,71.60027213558406,102.8760889191138,pobre,0,2,720.0,546.0,1.0,52.0,15,50,25181,6,0.0
98,0.0,0.0,3.858,0.0,6.0,8,71.60027213558406,102.8760889191138,pobre,0,2,720.0,546.0,1.0,52.0,16,50,25181,6,0.0
97,1.0,0.0,3.858,1.0,5.0,8,71.60027213558406,102.8760889191138,pobre,0,2,720.0,546.0,1.0,52.0,12,50,25182,5,1.0
98,1.0,0.0,3.858,1.0,6.0,8,71.60027213558406,102.8760889191138,pobre,0,2,720.0,546.0,1.0,52.0,13,50,25182,5,1.0
97,0.0,0.0,3.858,1.0,4.0,8,71.60027213558406,102.8760889191138,pobre,0,2,720.0,546.0,1.0,52.0,10,50,25183,4,1.0
98,0.0,0.0,3.858,1.0,5.0,8,71.60027213558406,102.8760889191138,pobre,0,2,720.0,546.0,1.0,52.0,11,50,25183,4,1.0
97,0.0,0.0,3.858,1.0,2.0,8,71.60027213558406,102.8760889191138,pobre,0,2,720.0,546.0,1.0,52.0,8,50,25184,2,1.0
98,0.0,0.0,3.858,1.0,3.0,8,71.60027213558406,102.8760889191138,pobre,0,2,720.0,546.0,1.0,52.0,9,50,25184,2,1.0
97,1.0,0.0,3.858,1.0,1.0,5,71.60027213558406,102.8760889191138,no pobre,0,6,600.0,797.0,1.0,26.0,8,50,25185,1,1.0
98,1.0,0.0,3.858,,,5,71.60027213558406,102.8760889191138,no pobre,0,6,600.0,797.0,1.0,26.0,9,50,25185,1,1.0
97,1.0,0.0,3.858,1.0,0.0,5,71.60027213558406,102.8760889191138,no pobre,0,6,600.0,797.0,1.0,26.0,7,50,25186,0,1.0
98,1.0,0.0,3.858,,,5,71.60027213558406,102.8760889191138,no pobre,0,6,600.0,797.0,1.0,26.0,8,50,25186,0,1.0
97,1.0,0.0,3.858,1.0,1.0,9,71.60027213558406,102.8760889191138,no pobre,0,0,0.0,1056.0,1.0,59.0,7,50,25187,1,1.0
98,1.0,0.0,3.858,1.0,2.0,9,71.60027213558406,102.8760889191138,no pobre,0,0,0.0,1056.0,1.0,59.0,8,50,25187,1,1.0
97,0.0,0.0,3.858,1.0,6.0,8,71.60027213558406,102.8760889191138,no pobre,0,0,0.0,670.0,0.0,68.0,12,50,25188,6,1.0
98,0.0,0.0,3.858,1.0,7.0,8,71.60027213558406,102.8760889191138,no pobre,0,0,0.0,670.0,0.0,68.0,13,50,25188,6,1.0
97,0.0,0.0,3.858,1.0,4.0,8,71.60027213558406,102.8760889191138,no pobre,0,0,0.0,670.0,0.0,68.0,9,50,25189,4,1.0
98,0.0,0.0,3.858,1.0,5.0,8,71.60027213558406,102.8760889191138,no pobre,0,0,0.0,670.0,0.0,68.0,10,50,25189,4,1.0
97,0.0,0.0,3.858,1.0,2.0,8,71.60027213558406,102.8760889191138,no pobre,0,0,0.0,670.0,0.0,68.0,7,50,25190,2,1.0
98,0.0,0.0,3.858,1.0,3.0,8,71.60027213558406,102.8760889191138,no pobre,0,0,0.0,670.0,0.0,68.0,8,50,25190,2,1.0
97,0.0,0.0,3.858,0.0,6.0,7,71.60027213558406,102.8760889191138,pobre,0,3,41.666668,760.75,1.0,41.0,13,50,25191,6,0.0
98,0.0,0.0,3.858,,,7,71.60027213558406,102.8760889191138,pobre,0,3,41.666668,760.75,1.0,41.0,14,50,25191,6,0.0
97,1.0,0.0,3.858,1.0,4.0,7,71.60027213558406,102.8760889191138,pobre,0,3,41.666668,760.75,1.0,41.0,10,50,25192,4,1.0
98,1.0,0.0,3.858,1.0,5.0,7,71.60027213558406,102.8760889191138,pobre,0,3,41.666668,760.75,1.0,41.0,11,50,25192,4,1.0
97,1.0,0.0,3.858,0.0,0.0,7,71.60027213558406,102.8760889191138,pobre,0,3,41.666668,760.75,1.0,41.0,8,50,25193,0,0.0
98,1.0,0.0,3.858,,,7,71.60027213558406,102.8760889191138,pobre,0,3,41.666668,760.75,1.0,41.0,9,50,25193,0,0.0
97,1.0,0.0,3.858,1.0,1.0,7,71.60027213558406,102.8760889191138,pobre,0,3,41.666668,760.75,1.0,41.0,6,50,25194,1,1.0
98,1.0,0.0,3.858,1.0,2.0,7,71.60027213558406,102.8760889191138,pobre,0,3,41.666668,760.75,1.0,41.0,7,50,25194,1,1.0
97,0.0,0.0,3.858,1.0,1.0,6,71.60027213558406,102.8760889191138,pobre,0,5,1280.0,635.0,1.0,32.0,7,50,25195,1,1.0
98,0.0,0.0,3.858,1.0,2.0,6,71.60027213558406,102.8760889191138,pobre,0,5,1280.0,635.0,1.0,32.0,8,50,25195,1,1.0
97,1.0,0.0,3.858,1.0,0.0,3,71.60027213558406,102.8760889191138,pobre,0,6,800.0,762.0,1.0,28.0,6,50,25196,0,1.0
98,1.0,0.0,3.858,,,3,71.60027213558406,102.8760889191138,pobre,0,6,800.0,762.0,1.0,28.0,7,50,25196,0,1.0
97,0.0,0.0,3.858,0.0,6.0,14,71.60027213558406,102.8760889191138,pobre,0,4,333.33334,635.5,1.0,57.0,15,50,25197,6,0.0
98,0.0,0.0,3.858,0.0,6.0,14,71.60027213558406,102.8760889191138,pobre,0,4,333.33334,635.5,1.0,57.0,16,50,25197,6,0.0
97,0.0,0.0,3.858,0.0,6.0,14,71.60027213558406,102.8760889191138,pobre,0,4,333.33334,635.5,1.0,57.0,13,50,25198,6,0.0
98,0.0,0.0,3.858,0.0,6.0,14,71.60027213558406,102.8760889191138,pobre,0,4,333.33334,635.5,1.0,57.0,14,50,25198,6,0.0
97,0.0,0.0,3.858,1.0,4.0,14,71.60027213558406,102.8760889191138,pobre,0,4,333.33334,635.5,1.0,57.0,11,50,25199,4,1.0
98,0.0,0.0,3.858,1.0,5.0,14,71.60027213558406,102.8760889191138,pobre,0,4,333.33334,635.5,1.0,57.0,12,50,25199,4,1.0
97,0.0,0.0,3.858,1.0,3.0,14,71.60027213558406,102.8760889191138,pobre,0,4,333.33334,635.5,1.0,57.0,9,50,25200,3,1.0
98,0.0,0.0,3.858,1.0,4.0,14,71.60027213558406,102.8760889191138,pobre,0,4,333.33334,635.5,1.0,57.0,10,50,25200,3,1.0
97,1.0,0.0,3.858,1.0,1.0,14,71.60027213558406,102.8760889191138,pobre,0,4,333.33334,635.5,1.0,57.0,7,50,25201,1,1.0
98,1.0,0.0,3.858,1.0,2.0,14,71.60027213558406,102.8760889191138,pobre,0,4,333.33334,635.5,1.0,57.0,8,50,25201,1,1.0
97,0.0,0.0,3.858,0.0,9.0,7,71.60027213558406,102.8760889191138,pobre,0,3,520.0,590.0,1.0,39.0,15,50,25202,9,0.0
98,0.0,0.0,3.858,1.0,9.0,7,71.60027213558406,102.8760889191138,pobre,0,3,520.0,590.0,1.0,39.0,16,50,25202,9,0.0
97,0.0,0.0,3.858,0.0,6.0,7,71.60027213558406,102.8760889191138,pobre,0,3,520.0,590.0,1.0,39.0,13,50,25203,6,0.0
98,0.0,0.0,3.858,1.0,7.0,7,71.60027213558406,102.8760889191138,pobre,0,3,520.0,590.0,1.0,39.0,14,50,25203,6,0.0
97,0.0,0.0,3.858,1.0,5.0,7,71.60027213558406,102.8760889191138,pobre,0,3,520.0,590.0,1.0,39.0,11,50,25204,5,1.0
98,0.0,0.0,3.858,1.0,6.0,7,71.60027213558406,102.8760889191138,pobre,0,3,520.0,590.0,1.0,39.0,12,50,25204,5,1.0
97,1.0,0.0,3.858,1.0,1.0,7,71.60027213558406,102.8760889191138,pobre,0,3,520.0,590.0,1.0,39.0,7,50,25205,1,1.0
98,1.0,0.0,3.858,1.0,2.0,7,71.60027213558406,102.8760889191138,pobre,0,3,520.0,590.0,1.0,39.0,8,50,25205,1,1.0
97,0.0,0.0,3.858,1.0,2.0,5,71.60027213558406,102.8760889191138,pobre,0,6,1000.0,715.0,1.0,26.0,8,50,25206,2,1.0
98,0.0,0.0,3.858,,,5,71.60027213558406,102.8760889191138,pobre,0,6,1000.0,715.0,1.0,26.0,9,50,25206,2,1.0
97,0.0,0.0,3.858,1.0,3.0,6,71.60027213558406,102.8760889191138,pobre,0,6,2000.0,683.0,1.0,35.0,9,50,25207,3,1.0
98,0.0,0.0,3.858,1.0,3.0,6,71.60027213558406,102.8760889191138,pobre,0,6,2000.0,683.0,1.0,35.0,10,50,25207,3,1.0
97,1.0,0.0,3.858,1.0,1.0,6,71.60027213558406,102.8760889191138,pobre,0,6,2000.0,683.0,1.0,35.0,7,50,25208,1,1.0
98,1.0,0.0,3.858,1.0,2.0,6,71.60027213558406,102.8760889191138,pobre,0,6,2000.0,683.0,1.0,35.0,8,50,25208,1,1.0
97,0.0,0.0,3.858,1.0,0.0,6,71.60027213558406,102.8760889191138,pobre,0,6,2000.0,683.0,1.0,35.0,6,50,25209,0,1.0
98,0.0,0.0,3.858,1.0,1.0,6,71.60027213558406,102.8760889191138,pobre,0,6,2000.0,683.0,1.0,35.0,7,50,25209,0,1.0
97,0.0,0.0,3.858,0.0,6.0,4,71.60027213558406,102.8760889191138,pobre,0,0,0.0,716.0,1.0,78.0,14,50,25210,6,0.0
98,0.0,0.0,3.858,,,4,71.60027213558406,102.8760889191138,pobre,0,0,0.0,716.0,1.0,78.0,15,50,25210,6,0.0
97,1.0,0.0,3.858,1.0,4.0,4,71.60027213558406,102.8760889191138,pobre,0,0,0.0,716.0,1.0,78.0,11,50,25211,4,1.0
98,1.0,0.0,3.858,1.0,5.0,4,71.60027213558406,102.8760889191138,pobre,0,0,0.0,716.0,1.0,78.0,12,50,25211,4,1.0
97,1.0,0.0,3.858,1.0,8.0,7,71.60027213558406,102.8760889191138,pobre,0,2,1200.0,741.5,1.0,43.0,16,50,25212,8,1.0
98,1.0,0.0,3.858,,,7,71.60027213558406,102.8760889191138,pobre,0,2,1200.0,741.5,1.0,43.0,17,50,25212,8,1.0
97,0.0,0.0,3.858,0.0,7.0,7,71.60027213558406,102.8760889191138,pobre,0,2,1200.0,741.5,1.0,43.0,15,50,25213,7,0.0
98,0.0,0.0,3.858,,,7,71.60027213558406,102.8760889191138,pobre,0,2,1200.0,741.5,1.0,43.0,16,50,25213,7,0.0
97,1.0,0.0,3.858,1.0,6.0,7,71.60027213558406,102.8760889191138,pobre,0,2,1200.0,741.5,1.0,43.0,12,50,25214,6,1.0
98,1.0,0.0,3.858,1.0,7.0,7,71.60027213558406,102.8760889191138,pobre,0,2,1200.0,741.5,1.0,43.0,13,50,25214,6,1.0
97,1.0,0.0,3.858,1.0,3.0,4,71.60027213558406,102.8760889191138,no pobre,0,0,0.0,1011.0,1.0,65.0,9,50,25215,3,1.0
98,1.0,0.0,3.858,1.0,4.0,4,71.60027213558406,102.8760889191138,no pobre,0,0,0.0,1011.0,1.0,65.0,10,50,25215,3,1.0
97,0.0,0.0,3.858,1.0,3.0,4,71.60027213558406,102.8760889191138,pobre,0,1,600.0,752.0,1.0,34.0,11,50,25216,3,1.0
98,0.0,0.0,3.858,,,4,71.60027213558406,102.8760889191138,pobre,0,1,600.0,752.0,1.0,34.0,12,50,25216,3,1.0
97,0.0,0.0,3.858,1.0,2.0,6,71.60027213558406,102.8760889191138,no pobre,0,6,625.0,751.0,1.0,29.0,8,50,25217,2,1.0
98,0.0,0.0,3.858,,,6,71.60027213558406,102.8760889191138,no pobre,0,6,625.0,751.0,1.0,29.0,9,50,25217,2,1.0
97,1.0,0.0,3.858,1.0,5.0,7,71.60027213558406,102.8760889191138,pobre,0,6,800.0,706.0,1.0,31.0,10,50,25218,5,1.0
98,1.0,0.0,3.858,1.0,6.0,7,71.60027213558406,102.8760889191138,pobre,0,6,800.0,706.0,1.0,31.0,11,50,25218,5,1.0
97,0.0,0.0,3.858,1.0,3.0,7,71.60027213558406,102.8760889191138,pobre,0,6,800.0,706.0,1.0,31.0,9,50,25219,3,1.0
98,0.0,0.0,3.858,1.0,4.0,7,71.60027213558406,102.8760889191138,pobre,0,6,800.0,706.0,1.0,31.0,10,50,25219,3,1.0
97,0.0,0.0,3.858,1.0,1.0,7,71.60027213558406,102.8760889191138,pobre,0,6,800.0,706.0,1.0,31.0,7,50,25220,1,1.0
98,0.0,0.0,3.858,1.0,2.0,7,71.60027213558406,102.8760889191138,pobre,0,6,800.0,706.0,1.0,31.0,8,50,25220,1,1.0
97,0.0,0.0,3.858,1.0,1.0,7,71.60027213558406,102.8760889191138,pobre,0,6,800.0,706.0,1.0,31.0,7,50,25221,1,1.0
98,0.0,0.0,3.858,1.0,2.0,7,71.60027213558406,102.8760889191138,pobre,0,6,800.0,706.0,1.0,31.0,8,50,25221,1,1.0
97,0.0,0.0,3.858,1.0,4.0,5,71.60027213558406,102.8760889191138,pobre,0,6,1200.0,794.0,1.0,32.0,10,50,25222,4,1.0
98,0.0,0.0,3.858,1.0,5.0,5,71.60027213558406,102.8760889191138,pobre,0,6,1200.0,794.0,1.0,32.0,11,50,25222,4,1.0
97,1.0,0.0,3.858,1.0,1.0,5,71.60027213558406,102.8760889191138,pobre,0,6,1200.0,794.0,1.0,32.0,7,50,25223,1,1.0
98,1.0,0.0,3.858,1.0,2.0,5,71.60027213558406,102.8760889191138,pobre,0,6,1200.0,794.0,1.0,32.0,8,50,25223,1,1.0
97,1.0,0.0,3.858,1.0,0.0,5,71.60027213558406,102.8760889191138,pobre,0,6,1200.0,794.0,1.0,32.0,6,50,25224,0,1.0
98,1.0,0.0,3.858,1.0,1.0,5,71.60027213558406,102.8760889191138,pobre,0,6,1200.0,794.0,1.0,32.0,7,50,25224,0,1.0
97,1.0,0.0,3.858,1.0,6.0,9,71.60027213558406,102.8760889191138,no pobre,0,14,3200.0,824.0,1.0,49.0,15,50,25225,6,1.0
98,1.0,0.0,3.858,1.0,7.0,9,71.60027213558406,102.8760889191138,no pobre,0,14,3200.0,824.0,1.0,49.0,16,50,25225,6,1.0
97,0.0,0.0,3.858,1.0,3.0,9,71.60027213558406,102.8760889191138,no pobre,0,14,3200.0,824.0,1.0,49.0,13,50,25226,3,1.0
98,0.0,0.0,3.858,1.0,4.0,9,71.60027213558406,102.8760889191138,no pobre,0,14,3200.0,824.0,1.0,49.0,14,50,25226,3,1.0
97,0.0,0.0,3.858,1.0,1.0,9,71.60027213558406,102.8760889191138,no pobre,0,14,3200.0,824.0,1.0,49.0,9,50,25227,1,1.0
98,0.0,0.0,3.858,1.0,2.0,9,71.60027213558406,102.8760889191138,no pobre,0,14,3200.0,824.0,1.0,49.0,10,50,25227,1,1.0
97,0.0,0.0,3.858,1.0,0.0,9,71.60027213558406,102.8760889191138,no pobre,0,14,3200.0,824.0,1.0,49.0,7,50,25228,0,1.0
98,0.0,0.0,3.858,1.0,1.0,9,71.60027213558406,102.8760889191138,no pobre,0,14,3200.0,824.0,1.0,49.0,8,50,25228,0,1.0
97,1.0,0.0,2.819,1.0,0.0,6,77.66020817117493,115.0862915179164,pobre,0,1,625.0,646.0,1.0,24.0,6,48,25229,0,1.0
98,1.0,0.0,2.819,1.0,1.0,6,77.66020817117493,115.0862915179164,pobre,0,1,625.0,646.0,1.0,24.0,7,48,25229,0,1.0
97,0.0,0.0,2.819,0.0,6.0,8,77.66020817117493,115.0862915179164,pobre,0,9,0.0,757.66669,1.0,37.0,16,48,25230,6,0.0
98,0.0,0.0,2.819,,,8,77.66020817117493,115.0862915179164,pobre,0,9,0.0,757.66669,1.0,37.0,17,48,25230,6,0.0
97,1.0,0.0,2.819,1.0,5.0,8,77.66020817117493,115.0862915179164,pobre,0,9,0.0,757.66669,1.0,37.0,13,48,25231,5,1.0
98,1.0,0.0,2.819,1.0,6.0,8,77.66020817117493,115.0862915179164,pobre,0,9,0.0,757.66669,1.0,37.0,14,48,25231,5,1.0
97,0.0,0.0,2.819,1.0,4.0,8,77.66020817117493,115.0862915179164,pobre,0,9,0.0,757.66669,1.0,37.0,11,48,25232,4,1.0
98,0.0,0.0,2.819,1.0,5.0,8,77.66020817117493,115.0862915179164,pobre,0,9,0.0,757.66669,1.0,37.0,12,48,25232,4,1.0
97,1.0,0.0,2.819,1.0,2.0,8,77.66020817117493,115.0862915179164,pobre,0,9,0.0,757.66669,1.0,37.0,9,48,25233,2,1.0
98,1.0,0.0,2.819,1.0,3.0,8,77.66020817117493,115.0862915179164,pobre,0,9,0.0,757.66669,1.0,37.0,10,48,25233,2,1.0
97,1.0,0.0,2.819,1.0,1.0,8,77.66020817117493,115.0862915179164,pobre,0,9,0.0,757.66669,1.0,37.0,7,48,25234,1,1.0
98,1.0,0.0,2.819,1.0,2.0,8,77.66020817117493,115.0862915179164,pobre,0,9,0.0,757.66669,1.0,37.0,8,48,25234,1,1.0
97,0.0,0.0,2.819,1.0,0.0,7,77.66020817117493,115.0862915179164,pobre,0,5,750.0,711.0,1.0,28.0,7,48,25235,0,1.0
98,0.0,0.0,2.819,1.0,1.0,7,77.66020817117493,115.0862915179164,pobre,0,5,750.0,711.0,1.0,28.0,8,48,25235,0,1.0
97,1.0,0.0,2.819,1.0,0.0,5,77.66020817117493,115.0862915179164,pobre,0,6,625.0,695.0,1.0,32.0,6,48,25236,0,1.0
98,1.0,0.0,2.819,1.0,1.0,5,77.66020817117493,115.0862915179164,pobre,0,6,625.0,695.0,1.0,32.0,7,48,25236,0,1.0
97,1.0,0.0,2.819,1.0,5.0,6,77.66020817117493,115.0862915179164,no pobre,0,3,100.0,844.0,1.0,50.0,14,48,25237,5,1.0
98,1.0,0.0,2.819,1.0,6.0,6,77.66020817117493,115.0862915179164,no pobre,0,3,100.0,844.0,1.0,50.0,15,48,25237,5,1.0
97,1.0,0.0,2.819,0.0,5.0,6,77.66020817117493,115.0862915179164,no pobre,0,3,100.0,844.0,1.0,50.0,12,48,25238,5,0.0
98,1.0,0.0,2.819,1.0,6.0,6,77.66020817117493,115.0862915179164,no pobre,0,3,100.0,844.0,1.0,50.0,13,48,25238,5,0.0
97,1.0,0.0,2.819,1.0,6.0,4,77.66020817117493,115.0862915179164,pobre,0,1,625.0,834.0,1.0,62.0,12,48,25239,6,1.0
98,1.0,0.0,2.819,1.0,7.0,4,77.66020817117493,115.0862915179164,pobre,0,1,625.0,834.0,1.0,62.0,13,48,25239,6,1.0
97,0.0,0.0,2.819,0.0,6.0,7,77.66020817117493,115.0862915179164,pobre,0,3,625.0,667.0,1.0,41.0,14,48,25240,6,0.0
98,0.0,0.0,2.819,0.0,6.0,7,77.66020817117493,115.0862915179164,pobre,0,3,625.0,667.0,1.0,41.0,15,48,25240,6,0.0
97,1.0,0.0,2.819,1.0,5.0,7,77.66020817117493,115.0862915179164,pobre,0,3,625.0,667.0,1.0,41.0,11,48,25241,5,1.0
98,1.0,0.0,2.819,1.0,6.0,7,77.66020817117493,115.0862915179164,pobre,0,3,625.0,667.0,1.0,41.0,12,48,25241,5,1.0
97,0.0,0.0,2.819,1.0,5.0,6,77.66020817117493,115.0862915179164,pobre,0,3,500.0,791.0,1.0,41.0,12,48,25242,5,1.0
98,0.0,0.0,2.819,,,6,77.66020817117493,115.0862915179164,pobre,0,3,500.0,791.0,1.0,41.0,13,48,25242,5,1.0
97,1.0,0.0,2.819,1.0,0.0,6,77.66020817117493,115.0862915179164,pobre,0,3,500.0,791.0,1.0,41.0,7,48,25243,0,1.0
98,1.0,0.0,2.819,1.0,1.0,6,77.66020817117493,115.0862915179164,pobre,0,3,500.0,791.0,1.0,41.0,8,48,25243,0,1.0
97,0.0,0.0,2.819,0.0,6.0,11,77.66020817117493,115.0862915179164,pobre,0,1,625.0,893.0,1.0,50.0,16,48,25244,6,0.0
98,0.0,0.0,2.819,,,11,77.66020817117493,115.0862915179164,pobre,0,1,625.0,893.0,1.0,50.0,17,48,25244,6,0.0
97,1.0,0.0,2.819,1.0,6.0,11,77.66020817117493,115.0862915179164,pobre,0,1,625.0,893.0,1.0,50.0,13,48,25245,6,1.0
98,1.0,0.0,2.819,0.0,6.0,11,77.66020817117493,115.0862915179164,pobre,0,1,625.0,893.0,1.0,50.0,14,48,25245,6,1.0
97,1.0,0.0,2.819,1.0,4.0,11,77.66020817117493,115.0862915179164,pobre,0,1,625.0,893.0,1.0,50.0,11,48,25246,4,1.0
98,1.0,0.0,2.819,1.0,5.0,11,77.66020817117493,115.0862915179164,pobre,0,1,625.0,893.0,1.0,50.0,12,48,25246,4,1.0
97,1.0,0.0,2.819,1.0,3.0,11,77.66020817117493,115.0862915179164,pobre,0,1,625.0,893.0,1.0,50.0,10,48,25247,3,1.0
98,1.0,0.0,2.819,1.0,4.0,11,77.66020817117493,115.0862915179164,pobre,0,1,625.0,893.0,1.0,50.0,11,48,25247,3,1.0
97,0.0,0.0,2.819,1.0,4.0,11,77.66020817117493,115.0862915179164,pobre,0,1,625.0,893.0,1.0,50.0,9,48,25248,4,1.0
98,0.0,0.0,2.819,1.0,5.0,11,77.66020817117493,115.0862915179164,pobre,0,1,625.0,893.0,1.0,50.0,10,48,25248,4,1.0
97,1.0,0.0,2.819,1.0,5.0,6,77.66020817117493,115.0862915179164,no pobre,0,9,100.0,828.0,1.0,37.0,12,48,25249,5,1.0
98,1.0,0.0,2.819,1.0,6.0,6,77.66020817117493,115.0862915179164,no pobre,0,9,100.0,828.0,1.0,37.0,13,48,25249,5,1.0
97,0.0,0.0,2.819,1.0,1.0,6,77.66020817117493,115.0862915179164,no pobre,0,9,100.0,828.0,1.0,37.0,7,48,25250,1,1.0
98,0.0,0.0,2.819,1.0,1.0,6,77.66020817117493,115.0862915179164,no pobre,0,9,100.0,828.0,1.0,37.0,8,48,25250,1,1.0
97,0.0,0.0,2.819,1.0,0.0,7,77.66020817117493,115.0862915179164,pobre,0,0,625.0,790.33331,1.0,39.0,6,48,25251,0,1.0
98,0.0,0.0,2.819,1.0,0.0,7,77.66020817117493,115.0862915179164,pobre,0,0,625.0,790.33331,1.0,39.0,7,48,25251,0,1.0
97,1.0,0.0,2.819,1.0,5.0,9,77.66020817117493,115.0862915179164,pobre,0,1,0.0,516.0,1.0,56.0,14,48,25252,5,1.0
98,1.0,0.0,2.819,,,9,77.66020817117493,115.0862915179164,pobre,0,1,0.0,516.0,1.0,56.0,15,48,25252,5,1.0
97,0.0,0.0,2.819,1.0,5.0,9,77.66020817117493,115.0862915179164,pobre,0,1,0.0,516.0,1.0,56.0,11,48,25253,5,1.0
98,0.0,0.0,2.819,,,9,77.66020817117493,115.0862915179164,pobre,0,1,0.0,516.0,1.0,56.0,12,48,25253,5,1.0
97,1.0,0.0,2.819,1.0,0.0,9,77.66020817117493,115.0862915179164,pobre,0,1,0.0,516.0,1.0,56.0,7,48,25254,0,1.0
98,1.0,0.0,2.819,,,9,77.66020817117493,115.0862915179164,pobre,0,1,0.0,516.0,1.0,56.0,8,48,25254,0,1.0
97,1.0,0.0,2.819,0.0,1.0,8,77.66020817117493,115.0862915179164,pobre,0,2,108.33334,563.0,1.0,48.0,15,48,25255,1,0.0
98,1.0,0.0,2.819,0.0,1.0,8,77.66020817117493,115.0862915179164,pobre,0,2,108.33334,563.0,1.0,48.0,16,48,25255,1,0.0
97,1.0,0.0,2.819,1.0,5.0,8,77.66020817117493,115.0862915179164,pobre,0,2,108.33334,563.0,1.0,48.0,13,48,25256,5,1.0
98,1.0,0.0,2.819,1.0,6.0,8,77.66020817117493,115.0862915179164,pobre,0,2,108.33334,563.0,1.0,48.0,14,48,25256,5,1.0
97,0.0,0.0,2.819,1.0,5.0,8,77.66020817117493,115.0862915179164,pobre,0,2,108.33334,563.0,1.0,48.0,12,48,25257,5,1.0
98,0.0,0.0,2.819,1.0,6.0,8,77.66020817117493,115.0862915179164,pobre,0,2,108.33334,563.0,1.0,48.0,13,48,25257,5,1.0
97,1.0,0.0,2.819,1.0,2.0,8,77.66020817117493,115.0862915179164,pobre,0,2,108.33334,563.0,1.0,48.0,9,48,25258,2,1.0
98,1.0,0.0,2.819,1.0,3.0,8,77.66020817117493,115.0862915179164,pobre,0,2,108.33334,563.0,1.0,48.0,10,48,25258,2,1.0
97,0.0,0.0,2.819,1.0,1.0,8,77.66020817117493,115.0862915179164,pobre,0,2,108.33334,563.0,1.0,48.0,7,48,25259,1,1.0
98,0.0,0.0,2.819,1.0,2.0,8,77.66020817117493,115.0862915179164,pobre,0,2,108.33334,563.0,1.0,48.0,8,48,25259,1,1.0
97,0.0,0.0,2.819,1.0,0.0,8,77.66020817117493,115.0862915179164,pobre,0,2,108.33334,563.0,1.0,48.0,6,48,25260,0,1.0
98,0.0,0.0,2.819,1.0,1.0,8,77.66020817117493,115.0862915179164,pobre,0,2,108.33334,563.0,1.0,48.0,7,48,25260,0,1.0
97,1.0,0.0,2.819,0.0,9.0,5,77.66020817117493,115.0862915179164,no pobre,0,3,125.0,926.66669,1.0,59.0,15,48,25261,9,0.0
98,1.0,0.0,2.819,0.0,9.0,5,77.66020817117493,115.0862915179164,no pobre,0,3,125.0,926.66669,1.0,59.0,16,48,25261,9,0.0
97,1.0,0.0,2.819,1.0,8.0,9,77.66020817117493,115.0862915179164,no pobre,0,0,750.0,1017.5,1.0,51.0,15,48,25262,8,1.0
98,1.0,0.0,2.819,0.0,9.0,9,77.66020817117493,115.0862915179164,no pobre,0,0,750.0,1017.5,1.0,51.0,16,48,25262,8,1.0
97,1.0,0.0,2.819,1.0,7.0,9,77.66020817117493,115.0862915179164,no pobre,0,0,750.0,1017.5,1.0,51.0,13,48,25263,7,1.0
98,1.0,0.0,2.819,1.0,8.0,9,77.66020817117493,115.0862915179164,no pobre,0,0,750.0,1017.5,1.0,51.0,14,48,25263,7,1.0
97,0.0,0.0,2.819,1.0,6.0,9,77.66020817117493,115.0862915179164,no pobre,0,0,750.0,1017.5,1.0,51.0,11,48,25264,6,1.0
98,0.0,0.0,2.819,1.0,7.0,9,77.66020817117493,115.0862915179164,no pobre,0,0,750.0,1017.5,1.0,51.0,12,48,25264,6,1.0
97,1.0,0.0,2.819,1.0,4.0,9,77.66020817117493,115.0862915179164,no pobre,0,0,750.0,1017.5,1.0,51.0,9,48,25265,4,1.0
98,1.0,0.0,2.819,1.0,5.0,9,77.66020817117493,115.0862915179164,no pobre,0,0,750.0,1017.5,1.0,51.0,10,48,25265,4,1.0
97,0.0,0.0,2.819,1.0,2.0,9,77.66020817117493,115.0862915179164,no pobre,0,0,750.0,1017.5,1.0,51.0,8,48,25266,2,1.0
98,0.0,0.0,2.819,1.0,3.0,9,77.66020817117493,115.0862915179164,no pobre,0,0,750.0,1017.5,1.0,51.0,9,48,25266,2,1.0
97,0.0,0.0,2.819,1.0,0.0,9,77.66020817117493,115.0862915179164,no pobre,0,0,750.0,1017.5,1.0,51.0,6,48,25267,0,1.0
98,0.0,0.0,2.819,1.0,1.0,9,77.66020817117493,115.0862915179164,no pobre,0,0,750.0,1017.5,1.0,51.0,7,48,25267,0,1.0
97,0.0,0.0,2.819,0.0,9.0,7,77.66020817117493,115.0862915179164,pobre,0,7,1750.0,605.0,1.0,35.0,15,48,25268,9,0.0
98,0.0,0.0,2.819,0.0,9.0,7,77.66020817117493,115.0862915179164,pobre,0,7,1750.0,605.0,1.0,35.0,16,48,25268,9,0.0
97,1.0,0.0,2.819,1.0,6.0,7,77.66020817117493,115.0862915179164,pobre,0,7,1750.0,605.0,1.0,35.0,13,48,25269,6,1.0
98,1.0,0.0,2.819,1.0,7.0,7,77.66020817117493,115.0862915179164,pobre,0,7,1750.0,605.0,1.0,35.0,14,48,25269,6,1.0
97,0.0,0.0,2.819,1.0,5.0,7,77.66020817117493,115.0862915179164,pobre,0,7,1750.0,605.0,1.0,35.0,10,48,25270,5,1.0
98,0.0,0.0,2.819,1.0,6.0,7,77.66020817117493,115.0862915179164,pobre,0,7,1750.0,605.0,1.0,35.0,11,48,25270,5,1.0
97,0.0,0.0,2.819,1.0,2.0,7,77.66020817117493,115.0862915179164,pobre,0,7,1750.0,605.0,1.0,35.0,8,48,25271,2,1.0
98,0.0,0.0,2.819,1.0,3.0,7,77.66020817117493,115.0862915179164,pobre,0,7,1750.0,605.0,1.0,35.0,9,48,25271,2,1.0
97,0.0,0.0,2.819,1.0,1.0,5,77.66020817117493,115.0862915179164,pobre,0,6,2000.0,651.0,1.0,32.0,7,48,25272,1,1.0
98,0.0,0.0,2.819,1.0,3.0,5,77.66020817117493,115.0862915179164,pobre,0,6,2000.0,651.0,1.0,32.0,8,48,25272,1,1.0
97,1.0,0.0,2.819,1.0,0.0,5,77.66020817117493,115.0862915179164,pobre,0,6,2000.0,651.0,1.0,32.0,6,48,25273,0,1.0
98,1.0,0.0,2.819,1.0,2.0,5,77.66020817117493,115.0862915179164,pobre,0,6,2000.0,651.0,1.0,32.0,7,48,25273,0,1.0
97,0.0,0.0,2.819,1.0,7.0,6,77.66020817117493,115.0862915179164,pobre,0,4,625.0,642.0,1.0,39.0,13,48,25274,7,1.0
98,0.0,0.0,2.819,1.0,8.0,6,77.66020817117493,115.0862915179164,pobre,0,4,625.0,642.0,1.0,39.0,14,48,25274,7,1.0
97,0.0,0.0,2.819,1.0,6.0,6,77.66020817117493,115.0862915179164,pobre,0,4,625.0,642.0,1.0,39.0,11,48,25275,6,1.0
98,0.0,0.0,2.819,1.0,7.0,6,77.66020817117493,115.0862915179164,pobre,0,4,625.0,642.0,1.0,39.0,12,48,25275,6,1.0
97,0.0,0.0,2.819,1.0,3.0,6,77.66020817117493,115.0862915179164,pobre,0,4,625.0,642.0,1.0,39.0,9,48,25276,3,1.0
98,0.0,0.0,2.819,1.0,4.0,6,77.66020817117493,115.0862915179164,pobre,0,4,625.0,642.0,1.0,39.0,10,48,25276,3,1.0
97,1.0,0.0,2.819,1.0,2.0,6,77.66020817117493,115.0862915179164,pobre,0,4,625.0,642.0,1.0,39.0,7,48,25277,2,1.0
98,1.0,0.0,2.819,1.0,3.0,6,77.66020817117493,115.0862915179164,pobre,0,4,625.0,642.0,1.0,39.0,8,48,25277,2,1.0
97,0.0,0.0,2.819,0.0,3.0,7,77.66020817117493,115.0862915179164,no pobre,0,4,625.0,889.75,1.0,29.0,16,48,25278,3,0.0
98,0.0,0.0,2.819,,,7,77.66020817117493,115.0862915179164,no pobre,0,4,625.0,889.75,1.0,29.0,17,48,25278,3,0.0
97,0.0,0.0,2.819,0.0,6.0,9,77.66020817117493,115.0862915179164,pobre,0,3,625.0,537.0,1.0,44.0,15,48,25279,6,0.0
98,0.0,0.0,2.819,0.0,6.0,9,77.66020817117493,115.0862915179164,pobre,0,3,625.0,537.0,1.0,44.0,16,48,25279,6,0.0
97,0.0,0.0,2.819,0.0,6.0,9,77.66020817117493,115.0862915179164,pobre,0,3,625.0,537.0,1.0,44.0,14,48,25280,6,0.0
98,0.0,0.0,2.819,0.0,6.0,9,77.66020817117493,115.0862915179164,pobre,0,3,625.0,537.0,1.0,44.0,15,48,25280,6,0.0
97,0.0,0.0,2.819,1.0,5.0,9,77.66020817117493,115.0862915179164,pobre,0,3,625.0,537.0,1.0,44.0,12,48,25281,5,1.0
98,0.0,0.0,2.819,0.0,6.0,9,77.66020817117493,115.0862915179164,pobre,0,3,625.0,537.0,1.0,44.0,13,48,25281,5,1.0
97,1.0,0.0,2.819,1.0,5.0,9,77.66020817117493,115.0862915179164,pobre,0,3,625.0,537.0,1.0,44.0,10,48,25282,5,1.0
98,1.0,0.0,2.819,0.0,6.0,9,77.66020817117493,115.0862915179164,pobre,0,3,625.0,537.0,1.0,44.0,11,48,25282,5,1.0
97,0.0,0.0,2.819,1.0,2.0,9,77.66020817117493,115.0862915179164,pobre,0,3,625.0,537.0,1.0,44.0,8,48,25283,2,1.0
98,0.0,0.0,2.819,0.0,2.0,9,77.66020817117493,115.0862915179164,pobre,0,3,625.0,537.0,1.0,44.0,9,48,25283,2,1.0
97,0.0,0.0,2.819,1.0,1.0,9,77.66020817117493,115.0862915179164,pobre,0,3,625.0,537.0,1.0,44.0,7,48,25284,1,1.0
98,0.0,0.0,2.819,0.0,2.0,9,77.66020817117493,115.0862915179164,pobre,0,3,625.0,537.0,1.0,44.0,8,48,25284,1,1.0
97,0.0,0.0,2.819,0.0,6.0,4,77.66020817117493,115.0862915179164,pobre,0,3,750.0,767.0,1.0,58.0,15,48,25285,6,0.0
98,0.0,0.0,2.819,0.0,9.0,4,77.66020817117493,115.0862915179164,pobre,0,3,750.0,767.0,1.0,58.0,16,48,25285,6,0.0
97,1.0,0.0,2.819,1.0,1.0,4,77.66020817117493,115.0862915179164,pobre,0,9,750.0,769.0,1.0,28.0,7,48,25286,1,1.0
98,1.0,0.0,2.819,,,4,77.66020817117493,115.0862915179164,pobre,0,9,750.0,769.0,1.0,28.0,8,48,25286,1,1.0
97,1.0,0.0,2.819,0.0,9.0,4,77.66020817117493,115.0862915179164,pobre,0,4,625.0,763.0,1.0,48.0,16,48,25287,9,0.0
98,1.0,0.0,2.819,,,4,77.66020817117493,115.0862915179164,pobre,0,4,625.0,763.0,1.0,48.0,17,48,25287,9,0.0
97,0.0,0.0,2.819,1.0,8.0,4,77.66020817117493,115.0862915179164,pobre,0,4,625.0,763.0,1.0,48.0,15,48,25288,8,1.0
98,0.0,0.0,2.819,1.0,9.0,4,77.66020817117493,115.0862915179164,pobre,0,4,625.0,763.0,1.0,48.0,16,48,25288,8,1.0
97,0.0,0.0,2.819,0.0,9.0,8,77.66020817117493,115.0862915179164,pobre,0,2,0.0,689.66669,1.0,63.0,15,48,25289,9,0.0
98,0.0,0.0,2.819,0.0,9.0,8,77.66020817117493,115.0862915179164,pobre,0,2,0.0,689.66669,1.0,63.0,16,48,25289,9,0.0
97,1.0,0.0,2.819,1.0,5.0,8,77.66020817117493,115.0862915179164,pobre,0,2,0.0,689.66669,1.0,63.0,12,48,25290,5,1.0
98,1.0,0.0,2.819,1.0,6.0,8,77.66020817117493,115.0862915179164,pobre,0,2,0.0,689.66669,1.0,63.0,13,48,25290,5,1.0
97,0.0,0.0,2.819,1.0,3.0,8,77.66020817117493,115.0862915179164,pobre,0,2,0.0,689.66669,1.0,63.0,9,48,25291,3,1.0
98,0.0,0.0,2.819,1.0,4.0,8,77.66020817117493,115.0862915179164,pobre,0,2,0.0,689.66669,1.0,63.0,10,48,25291,3,1.0
97,0.0,0.0,2.819,0.0,6.0,10,77.66020817117493,115.0862915179164,pobre,0,3,625.0,683.33331,1.0,46.0,15,48,25292,6,0.0
98,0.0,0.0,2.819,0.0,6.0,10,77.66020817117493,115.0862915179164,pobre,0,3,625.0,683.33331,1.0,46.0,16,48,25292,6,0.0
97,0.0,0.0,2.819,1.0,5.0,10,77.66020817117493,115.0862915179164,pobre,0,3,625.0,683.33331,1.0,46.0,11,48,25293,5,1.0
98,0.0,0.0,2.819,0.0,6.0,10,77.66020817117493,115.0862915179164,pobre,0,3,625.0,683.33331,1.0,46.0,12,48,25293,5,1.0
97,1.0,0.0,2.819,1.0,3.0,10,77.66020817117493,115.0862915179164,pobre,0,3,625.0,683.33331,1.0,46.0,10,48,25294,3,1.0
98,1.0,0.0,2.819,1.0,3.0,10,77.66020817117493,115.0862915179164,pobre,0,3,625.0,683.33331,1.0,46.0,11,48,25294,3,1.0
97,0.0,0.0,2.819,1.0,8.0,7,77.66020817117493,115.0862915179164,pobre,0,1,625.0,771.0,1.0,51.0,16,48,25295,8,1.0
98,0.0,0.0,2.819,,,7,77.66020817117493,115.0862915179164,pobre,0,1,625.0,771.0,1.0,51.0,17,48,25295,8,1.0
97,0.0,0.0,2.819,1.0,8.0,7,77.66020817117493,115.0862915179164,pobre,0,1,625.0,771.0,1.0,51.0,14,48,25296,8,1.0
98,0.0,0.0,2.819,1.0,9.0,7,77.66020817117493,115.0862915179164,pobre,0,1,625.0,771.0,1.0,51.0,15,48,25296,8,1.0
97,1.0,0.0,2.819,1.0,7.0,2,77.66020817117493,115.0862915179164,pobre,0,3,0.0,797.0,1.0,84.0,15,48,25297,7,1.0
98,1.0,0.0,2.819,1.0,8.0,2,77.66020817117493,115.0862915179164,pobre,0,3,0.0,797.0,1.0,84.0,16,48,25297,7,1.0
97,0.0,0.0,2.819,0.0,6.0,4,77.66020817117493,115.0862915179164,pobre,0,1,625.0,732.0,1.0,66.0,13,48,25298,6,0.0
98,0.0,0.0,2.819,0.0,6.0,4,77.66020817117493,115.0862915179164,pobre,0,1,625.0,732.0,1.0,66.0,14,48,25298,6,0.0
97,1.0,0.0,2.819,1.0,5.0,4,77.66020817117493,115.0862915179164,pobre,0,1,625.0,732.0,1.0,66.0,11,48,25299,5,1.0
98,1.0,0.0,2.819,1.0,6.0,4,77.66020817117493,115.0862915179164,pobre,0,1,625.0,732.0,1.0,66.0,12,48,25299,5,1.0
97,1.0,0.0,2.819,1.0,3.0,4,77.66020817117493,115.0862915179164,pobre,0,1,625.0,732.0,1.0,66.0,9,48,25300,3,1.0
98,1.0,0.0,2.819,1.0,4.0,4,77.66020817117493,115.0862915179164,pobre,0,1,625.0,732.0,1.0,66.0,10,48,25300,3,1.0
97,1.0,0.0,2.819,1.0,5.0,4,77.66020817117493,115.0862915179164,pobre,0,0,500.0,786.33331,1.0,84.0,13,48,25301,5,1.0
98,1.0,0.0,2.819,0.0,6.0,4,77.66020817117493,115.0862915179164,pobre,0,0,500.0,786.33331,1.0,84.0,14,48,25301,5,1.0
97,1.0,0.0,2.819,1.0,1.0,5,77.66020817117493,115.0862915179164,pobre,0,5,625.0,650.0,1.0,31.0,8,48,25302,1,1.0
98,1.0,0.0,2.819,,,5,77.66020817117493,115.0862915179164,pobre,0,5,625.0,650.0,1.0,31.0,9,48,25302,1,1.0
97,0.0,0.0,2.819,1.0,4.0,5,77.66020817117493,115.0862915179164,pobre,0,0,500.0,723.5,1.0,60.0,10,48,25303,4,1.0
98,0.0,0.0,2.819,0.0,5.0,5,77.66020817117493,115.0862915179164,pobre,0,0,500.0,723.5,1.0,60.0,11,48,25303,4,1.0
97,0.0,0.0,2.819,0.0,6.0,5,77.66020817117493,115.0862915179164,pobre,0,0,500.0,723.5,1.0,60.0,15,48,25304,6,0.0
98,0.0,0.0,2.819,0.0,6.0,5,77.66020817117493,115.0862915179164,pobre,0,0,500.0,723.5,1.0,60.0,16,48,25304,6,0.0
97,1.0,0.0,2.819,1.0,7.0,9,77.66020817117493,115.0862915179164,pobre,0,0,400.0,739.0,1.0,59.0,16,48,25305,7,1.0
98,1.0,0.0,2.819,,,9,77.66020817117493,115.0862915179164,pobre,0,0,400.0,739.0,1.0,59.0,17,48,25305,7,1.0
97,0.0,0.0,2.819,0.0,6.0,9,77.66020817117493,115.0862915179164,pobre,0,0,400.0,739.0,1.0,59.0,15,48,25306,6,0.0
98,0.0,0.0,2.819,1.0,7.0,9,77.66020817117493,115.0862915179164,pobre,0,0,400.0,739.0,1.0,59.0,16,48,25306,6,0.0
97,1.0,0.0,2.819,1.0,6.0,9,77.66020817117493,115.0862915179164,pobre,0,0,400.0,739.0,1.0,59.0,13,48,25307,6,1.0
98,1.0,0.0,2.819,1.0,7.0,9,77.66020817117493,115.0862915179164,pobre,0,0,400.0,739.0,1.0,59.0,14,48,25307,6,1.0
97,1.0,0.0,2.819,0.0,6.0,7,77.66020817117493,115.0862915179164,pobre,0,6,400.0,636.0,1.0,33.0,15,48,25308,6,0.0
98,1.0,0.0,2.819,,,7,77.66020817117493,115.0862915179164,pobre,0,6,400.0,636.0,1.0,33.0,16,48,25308,6,0.0
97,1.0,0.0,2.819,1.0,7.0,7,77.66020817117493,115.0862915179164,pobre,0,6,400.0,636.0,1.0,33.0,14,48,25309,7,1.0
98,1.0,0.0,2.819,1.0,8.0,7,77.66020817117493,115.0862915179164,pobre,0,6,400.0,636.0,1.0,33.0,15,48,25309,7,1.0
97,1.0,0.0,2.819,1.0,4.0,7,77.66020817117493,115.0862915179164,pobre,0,6,400.0,636.0,1.0,33.0,10,48,25310,4,1.0
98,1.0,0.0,2.819,1.0,5.0,7,77.66020817117493,115.0862915179164,pobre,0,6,400.0,636.0,1.0,33.0,11,48,25310,4,1.0
97,1.0,0.0,2.819,1.0,7.0,5,77.66020817117493,115.0862915179164,pobre,0,0,0.0,746.0,0.0,60.0,14,48,25311,7,1.0
98,1.0,0.0,2.819,1.0,8.0,5,77.66020817117493,115.0862915179164,pobre,0,0,0.0,746.0,0.0,60.0,15,48,25311,7,1.0
97,1.0,0.0,2.819,1.0,0.0,5,77.66020817117493,115.0862915179164,pobre,0,0,0.0,746.0,0.0,60.0,6,48,25312,0,1.0
98,1.0,0.0,2.819,1.0,1.0,5,77.66020817117493,115.0862915179164,pobre,0,0,0.0,746.0,0.0,60.0,7,48,25312,0,1.0
97,1.0,0.0,2.819,1.0,0.0,6,77.66020817117493,115.0862915179164,no pobre,0,6,600.0,1077.0,1.0,50.0,6,48,25313,0,1.0
98,1.0,0.0,2.819,1.0,1.0,6,77.66020817117493,115.0862915179164,no pobre,0,6,600.0,1077.0,1.0,50.0,7,48,25313,0,1.0
97,1.0,0.0,2.819,1.0,5.0,4,77.66020817117493,115.0862915179164,pobre,0,3,600.0,820.0,1.0,72.0,11,48,25314,5,1.0
98,1.0,0.0,2.819,1.0,6.0,4,77.66020817117493,115.0862915179164,pobre,0,3,600.0,820.0,1.0,72.0,12,48,25314,5,1.0
97,1.0,0.0,2.819,1.0,0.0,4,77.66020817117493,115.0862915179164,pobre,0,3,600.0,820.0,1.0,72.0,6,48,25315,0,1.0
98,1.0,0.0,2.819,1.0,1.0,4,77.66020817117493,115.0862915179164,pobre,0,3,600.0,820.0,1.0,72.0,7,48,25315,0,1.0
97,0.0,0.0,2.819,1.0,0.0,5,77.66020817117493,115.0862915179164,pobre,0,6,1200.0,667.0,1.0,32.0,6,48,25316,0,1.0
98,0.0,0.0,2.819,1.0,1.0,5,77.66020817117493,115.0862915179164,pobre,0,6,1200.0,667.0,1.0,32.0,7,48,25316,0,1.0
97,0.0,0.0,2.819,0.0,6.0,6,77.66020817117493,115.0862915179164,pobre,0,0,0.0,916.0,0.0,45.0,16,48,25317,6,0.0
98,0.0,0.0,2.819,,,6,77.66020817117493,115.0862915179164,pobre,0,0,0.0,916.0,0.0,45.0,17,48,25317,6,0.0
97,0.0,0.0,2.819,1.0,6.0,6,77.66020817117493,115.0862915179164,pobre,0,0,0.0,916.0,0.0,45.0,13,48,25318,6,1.0
98,0.0,0.0,2.819,1.0,7.0,6,77.66020817117493,115.0862915179164,pobre,0,0,0.0,916.0,0.0,45.0,14,48,25318,6,1.0
97,0.0,0.0,2.819,1.0,3.0,6,77.66020817117493,115.0862915179164,pobre,0,0,0.0,916.0,0.0,45.0,10,48,25319,3,1.0
98,0.0,0.0,2.819,1.0,4.0,6,77.66020817117493,115.0862915179164,pobre,0,0,0.0,916.0,0.0,45.0,11,48,25319,3,1.0
97,1.0,0.0,2.819,1.0,8.0,8,77.66020817117493,115.0862915179164,no pobre,0,2,0.0,787.66669,0.0,58.0,14,48,25320,8,1.0
98,1.0,0.0,2.819,1.0,9.0,8,77.66020817117493,115.0862915179164,no pobre,0,2,0.0,787.66669,0.0,58.0,15,48,25320,8,1.0
97,1.0,0.0,2.819,1.0,7.0,8,77.66020817117493,115.0862915179164,no pobre,0,2,0.0,787.66669,0.0,58.0,13,48,25321,7,1.0
98,1.0,0.0,2.819,1.0,8.0,8,77.66020817117493,115.0862915179164,no pobre,0,2,0.0,787.66669,0.0,58.0,14,48,25321,7,1.0
97,0.0,0.0,2.819,1.0,5.0,8,77.66020817117493,115.0862915179164,no pobre,0,2,0.0,787.66669,0.0,58.0,11,48,25322,5,1.0
98,0.0,0.0,2.819,1.0,6.0,8,77.66020817117493,115.0862915179164,no pobre,0,2,0.0,787.66669,0.0,58.0,12,48,25322,5,1.0
97,1.0,0.0,2.819,1.0,3.0,8,77.66020817117493,115.0862915179164,no pobre,0,2,0.0,787.66669,0.0,58.0,9,48,25323,3,1.0
98,1.0,0.0,2.819,1.0,4.0,8,77.66020817117493,115.0862915179164,no pobre,0,2,0.0,787.66669,0.0,58.0,10,48,25323,3,1.0
97,0.0,0.0,2.819,1.0,0.0,6,77.66020817117493,115.0862915179164,pobre,0,9,1200.0,683.0,1.0,27.0,6,48,25324,0,1.0
98,0.0,0.0,2.819,,,6,77.66020817117493,115.0862915179164,pobre,0,9,1200.0,683.0,1.0,27.0,7,48,25324,0,1.0
97,0.0,0.0,2.819,0.0,9.0,6,77.66020817117493,115.0862915179164,no pobre,0,0,400.0,974.0,1.0,74.0,14,48,25325,9,0.0
98,0.0,0.0,2.819,1.0,9.0,6,77.66020817117493,115.0862915179164,no pobre,0,0,400.0,974.0,1.0,74.0,15,48,25325,9,0.0
97,0.0,0.0,2.819,1.0,3.0,6,77.66020817117493,115.0862915179164,no pobre,0,0,400.0,974.0,1.0,74.0,8,48,25326,3,1.0
98,0.0,0.0,2.819,1.0,4.0,6,77.66020817117493,115.0862915179164,no pobre,0,0,400.0,974.0,1.0,74.0,9,48,25326,3,1.0
97,0.0,0.0,2.819,0.0,6.0,7,77.66020817117493,115.0862915179164,pobre,0,0,0.0,550.0,1.0,54.0,16,48,25327,6,0.0
98,0.0,0.0,2.819,,,7,77.66020817117493,115.0862915179164,pobre,0,0,0.0,550.0,1.0,54.0,17,48,25327,6,0.0
97,1.0,0.0,2.819,1.0,7.0,7,77.66020817117493,115.0862915179164,pobre,0,0,0.0,550.0,1.0,54.0,14,48,25328,7,1.0
98,1.0,0.0,2.819,1.0,8.0,7,77.66020817117493,115.0862915179164,pobre,0,0,0.0,550.0,1.0,54.0,15,48,25328,7,1.0
97,0.0,0.0,2.819,1.0,4.0,7,77.66020817117493,115.0862915179164,pobre,0,0,0.0,550.0,1.0,54.0,10,48,25329,4,1.0
98,0.0,0.0,2.819,1.0,5.0,7,77.66020817117493,115.0862915179164,pobre,0,0,0.0,550.0,1.0,54.0,11,48,25329,4,1.0
97,0.0,0.0,2.819,1.0,2.0,7,77.66020817117493,115.0862915179164,pobre,0,0,0.0,550.0,1.0,54.0,8,48,25330,2,1.0
98,0.0,0.0,2.819,1.0,3.0,7,77.66020817117493,115.0862915179164,pobre,0,0,0.0,550.0,1.0,54.0,9,48,25330,2,1.0
97,1.0,0.0,2.819,1.0,0.0,7,77.66020817117493,115.0862915179164,pobre,0,0,0.0,550.0,1.0,54.0,6,48,25331,0,1.0
98,1.0,0.0,2.819,1.0,1.0,7,77.66020817117493,115.0862915179164,pobre,0,0,0.0,550.0,1.0,54.0,7,48,25331,0,1.0
97,1.0,0.0,2.819,1.0,4.0,8,77.66020817117493,115.0862915179164,no pobre,0,3,0.0,852.66669,0.0,55.0,12,48,25332,4,1.0
98,1.0,0.0,2.819,,,8,77.66020817117493,115.0862915179164,no pobre,0,3,0.0,852.66669,0.0,55.0,13,48,25332,4,1.0
97,1.0,0.0,2.819,1.0,4.0,8,77.66020817117493,115.0862915179164,no pobre,0,3,0.0,852.66669,0.0,55.0,10,48,25333,4,1.0
98,1.0,0.0,2.819,1.0,5.0,8,77.66020817117493,115.0862915179164,no pobre,0,3,0.0,852.66669,0.0,55.0,11,48,25333,4,1.0
97,1.0,0.0,2.819,1.0,5.0,7,77.66020817117493,115.0862915179164,pobre,0,5,625.0,554.0,1.0,40.0,11,48,25334,5,1.0
98,1.0,0.0,2.819,1.0,6.0,7,77.66020817117493,115.0862915179164,pobre,0,5,625.0,554.0,1.0,40.0,12,48,25334,5,1.0
97,1.0,0.0,2.819,1.0,2.0,7,77.66020817117493,115.0862915179164,pobre,0,5,625.0,554.0,1.0,40.0,8,48,25335,2,1.0
98,1.0,0.0,2.819,1.0,3.0,7,77.66020817117493,115.0862915179164,pobre,0,5,625.0,554.0,1.0,40.0,9,48,25335,2,1.0
97,0.0,0.0,2.819,0.0,6.0,4,77.66020817117493,115.0862915179164,pobre,0,0,0.0,759.0,1.0,95.0,14,48,25336,6,0.0
98,0.0,0.0,2.819,0.0,6.0,4,77.66020817117493,115.0862915179164,pobre,0,0,0.0,759.0,1.0,95.0,15,48,25336,6,0.0
97,1.0,0.0,2.819,0.0,6.0,8,77.66020817117493,115.0862915179164,pobre,0,2,625.0,716.0,1.0,37.0,16,48,25337,6,0.0
98,1.0,0.0,2.819,,,8,77.66020817117493,115.0862915179164,pobre,0,2,625.0,716.0,1.0,37.0,17,48,25337,6,0.0
97,1.0,0.0,2.819,1.0,6.0,8,77.66020817117493,115.0862915179164,pobre,0,2,625.0,716.0,1.0,37.0,13,48,25338,6,1.0
98,1.0,0.0,2.819,1.0,7.0,8,77.66020817117493,115.0862915179164,pobre,0,2,625.0,716.0,1.0,37.0,14,48,25338,6,1.0
97,0.0,0.0,2.819,1.0,5.0,8,77.66020817117493,115.0862915179164,pobre,0,2,625.0,716.0,1.0,37.0,12,48,25339,5,1.0
98,0.0,0.0,2.819,1.0,6.0,8,77.66020817117493,115.0862915179164,pobre,0,2,625.0,716.0,1.0,37.0,13,48,25339,5,1.0
97,0.0,0.0,2.819,1.0,3.0,8,77.66020817117493,115.0862915179164,pobre,0,2,625.0,716.0,1.0,37.0,9,48,25340,3,1.0
98,0.0,0.0,2.819,1.0,4.0,8,77.66020817117493,115.0862915179164,pobre,0,2,625.0,716.0,1.0,37.0,10,48,25340,3,1.0
97,1.0,0.0,2.819,1.0,6.0,4,77.66020817117493,115.0862915179164,pobre,0,1,625.0,723.0,1.0,64.0,12,48,25341,6,1.0
98,1.0,0.0,2.819,1.0,7.0,4,77.66020817117493,115.0862915179164,pobre,0,1,625.0,723.0,1.0,64.0,13,48,25341,6,1.0
97,0.0,0.0,2.819,1.0,2.0,5,77.66020817117493,115.0862915179164,no pobre,0,4,400.0,795.0,1.0,37.0,9,48,25342,2,1.0
98,0.0,0.0,2.819,1.0,3.0,5,77.66020817117493,115.0862915179164,no pobre,0,4,400.0,795.0,1.0,37.0,10,48,25342,2,1.0
97,1.0,0.0,2.819,1.0,0.0,5,77.66020817117493,115.0862915179164,no pobre,0,4,400.0,795.0,1.0,37.0,7,48,25343,0,1.0
98,1.0,0.0,2.819,1.0,1.0,5,77.66020817117493,115.0862915179164,no pobre,0,4,400.0,795.0,1.0,37.0,8,48,25343,0,1.0
97,0.0,0.0,2.819,1.0,8.0,5,77.66020817117493,115.0862915179164,no pobre,0,6,625.0,945.66669,1.0,46.0,16,48,25344,8,1.0
98,0.0,0.0,2.819,,,5,77.66020817117493,115.0862915179164,no pobre,0,6,625.0,945.66669,1.0,46.0,17,48,25344,8,1.0
97,0.0,0.0,2.819,0.0,6.0,5,77.66020817117493,115.0862915179164,no pobre,0,6,625.0,945.66669,1.0,46.0,13,48,25345,6,0.0
98,0.0,0.0,2.819,1.0,6.0,5,77.66020817117493,115.0862915179164,no pobre,0,6,625.0,945.66669,1.0,46.0,14,48,25345,6,0.0
97,1.0,0.0,2.7980001,0.0,9.0,6,105.4602118382967,123.6206126885586,no pobre,basal,4,0.0,751.0,1.0,45.0,16,67,25346,9,0.0
98,1.0,0.0,2.7980001,,,6,105.4602118382967,123.6206126885586,no pobre,basal,4,0.0,751.0,1.0,45.0,17,67,25346,9,0.0
97,0.0,0.0,2.7980001,1.0,8.0,6,105.4602118382967,123.6206126885586,no pobre,basal,4,0.0,751.0,1.0,45.0,14,67,25347,8,1.0
98,0.0,0.0,2.7980001,0.0,9.0,6,105.4602118382967,123.6206126885586,no pobre,basal,4,0.0,751.0,1.0,45.0,15,67,25347,8,1.0
97,1.0,0.0,2.7980001,1.0,5.0,6,105.4602118382967,123.6206126885586,no pobre,basal,4,0.0,751.0,1.0,45.0,12,67,25348,5,1.0
98,1.0,0.0,2.7980001,1.0,6.0,6,105.4602118382967,123.6206126885586,no pobre,basal,4,0.0,751.0,1.0,45.0,13,67,25348,5,1.0
97,0.0,0.0,2.7980001,1.0,4.0,6,105.4602118382967,123.6206126885586,no pobre,basal,4,0.0,751.0,1.0,45.0,10,67,25349,4,1.0
98,0.0,0.0,2.7980001,1.0,5.0,6,105.4602118382967,123.6206126885586,no pobre,basal,4,0.0,751.0,1.0,45.0,11,67,25349,4,1.0
97,0.0,0.0,2.7980001,1.0,1.0,6,105.4602118382967,123.6206126885586,pobre,basal,0,0.0,464.0,1.0,27.0,6,67,25350,1,1.0
98,0.0,0.0,2.7980001,1.0,1.0,6,105.4602118382967,123.6206126885586,pobre,basal,0,0.0,464.0,1.0,27.0,7,67,25350,1,1.0
97,1.0,0.0,2.882,1.0,4.0,5,101.8478032414612,101.8478032414612,pobre,0,2,1000.0,866.0,1.0,35.0,12,54,25351,4,1.0
98,1.0,0.0,2.882,1.0,5.0,5,101.8478032414612,101.8478032414612,pobre,0,2,1000.0,866.0,1.0,35.0,13,54,25351,4,1.0
97,0.0,0.0,2.882,1.0,4.0,5,101.8478032414612,101.8478032414612,pobre,0,2,1000.0,866.0,1.0,35.0,10,54,25352,4,1.0
98,0.0,0.0,2.882,1.0,5.0,5,101.8478032414612,101.8478032414612,pobre,0,2,1000.0,866.0,1.0,35.0,11,54,25352,4,1.0
97,1.0,0.0,2.882,1.0,6.0,9,101.8478032414612,101.8478032414612,pobre,0,0,625.0,539.0,1.0,55.0,13,54,25353,6,1.0
98,1.0,0.0,2.882,,,9,101.8478032414612,101.8478032414612,pobre,0,0,625.0,539.0,1.0,55.0,14,54,25353,6,1.0
97,0.0,0.0,2.882,1.0,4.0,9,101.8478032414612,101.8478032414612,pobre,0,0,625.0,539.0,1.0,55.0,11,54,25354,4,1.0
98,0.0,0.0,2.882,,,9,101.8478032414612,101.8478032414612,pobre,0,0,625.0,539.0,1.0,55.0,12,54,25354,4,1.0
97,0.0,0.0,2.882,1.0,3.0,9,101.8478032414612,101.8478032414612,pobre,0,0,625.0,539.0,1.0,55.0,9,54,25355,3,1.0
98,0.0,0.0,2.882,,,9,101.8478032414612,101.8478032414612,pobre,0,0,625.0,539.0,1.0,55.0,10,54,25355,3,1.0
97,0.0,0.0,2.882,1.0,2.0,9,101.8478032414612,101.8478032414612,pobre,0,0,625.0,539.0,1.0,55.0,7,54,25356,2,1.0
98,0.0,0.0,2.882,,,9,101.8478032414612,101.8478032414612,pobre,0,0,625.0,539.0,1.0,55.0,8,54,25356,2,1.0
97,1.0,0.0,3.1199999,1.0,1.0,3,92.16307694227676,113.793887855494,pobre,basal,6,0.0,842.0,0.0,29.0,7,114,25357,1,1.0
98,1.0,0.0,3.1199999,1.0,2.0,3,92.16307694227676,113.793887855494,pobre,basal,6,0.0,842.0,0.0,29.0,8,114,25357,1,1.0
97,1.0,0.0,3.1199999,1.0,7.0,4,92.16307694227676,113.793887855494,no pobre,basal,0,3000.0,1255.0,1.0,41.0,14,114,25358,7,1.0
98,1.0,0.0,3.1199999,,,4,92.16307694227676,113.793887855494,no pobre,basal,0,3000.0,1255.0,1.0,41.0,15,114,25358,7,1.0
97,1.0,0.0,3.1199999,1.0,2.0,4,92.16307694227676,113.793887855494,no pobre,basal,0,3000.0,1255.0,1.0,41.0,8,114,25359,2,1.0
98,1.0,0.0,3.1199999,1.0,3.0,4,92.16307694227676,113.793887855494,no pobre,basal,0,3000.0,1255.0,1.0,41.0,9,114,25359,2,1.0
97,0.0,0.0,3.1199999,1.0,5.0,6,92.16307694227676,113.793887855494,no pobre,basal,2,800.0,949.0,1.0,46.0,12,114,25360,5,1.0
98,0.0,0.0,3.1199999,1.0,6.0,6,92.16307694227676,113.793887855494,no pobre,basal,2,800.0,949.0,1.0,46.0,13,114,25360,5,1.0
97,1.0,0.0,3.1199999,1.0,2.0,6,92.16307694227676,113.793887855494,pobre,basal,0,0.0,744.0,1.0,57.0,9,114,25361,2,1.0
98,1.0,0.0,3.1199999,1.0,3.0,6,92.16307694227676,113.793887855494,pobre,basal,0,0.0,744.0,1.0,57.0,10,114,25361,2,1.0
97,1.0,0.0,3.1199999,1.0,2.0,6,92.16307694227676,113.793887855494,pobre,basal,0,0.0,744.0,1.0,57.0,8,114,25362,2,1.0
98,1.0,0.0,3.1199999,1.0,3.0,6,92.16307694227676,113.793887855494,pobre,basal,0,0.0,744.0,1.0,57.0,9,114,25362,2,1.0
97,0.0,0.0,3.1199999,1.0,6.0,10,92.16307694227676,113.793887855494,pobre,basal,3,1200.0,679.5,1.0,61.0,15,114,25363,6,1.0
98,0.0,0.0,3.1199999,0.0,7.0,10,92.16307694227676,113.793887855494,pobre,basal,3,1200.0,679.5,1.0,61.0,16,114,25363,6,1.0
97,1.0,0.0,3.1199999,1.0,6.0,10,92.16307694227676,113.793887855494,pobre,basal,3,1200.0,679.5,1.0,61.0,14,114,25364,6,1.0
98,1.0,0.0,3.1199999,1.0,7.0,10,92.16307694227676,113.793887855494,pobre,basal,3,1200.0,679.5,1.0,61.0,15,114,25364,6,1.0
97,1.0,0.0,3.1199999,1.0,5.0,10,92.16307694227676,113.793887855494,pobre,basal,3,1200.0,679.5,1.0,61.0,11,114,25365,5,1.0
98,1.0,0.0,3.1199999,1.0,6.0,10,92.16307694227676,113.793887855494,pobre,basal,3,1200.0,679.5,1.0,61.0,12,114,25365,5,1.0
97,1.0,0.0,3.1199999,1.0,2.0,10,92.16307694227676,113.793887855494,pobre,basal,3,1200.0,679.5,1.0,61.0,8,114,25366,2,1.0
98,1.0,0.0,3.1199999,1.0,3.0,10,92.16307694227676,113.793887855494,pobre,basal,3,1200.0,679.5,1.0,61.0,9,114,25366,2,1.0
97,0.0,0.0,3.1199999,1.0,6.0,8,92.16307694227676,113.793887855494,pobre,basal,3,300.0,704.0,0.0,49.0,16,114,25367,6,1.0
98,0.0,0.0,3.1199999,,,8,92.16307694227676,113.793887855494,pobre,basal,3,300.0,704.0,0.0,49.0,17,114,25367,6,1.0
97,1.0,0.0,3.1199999,1.0,8.0,8,92.16307694227676,113.793887855494,pobre,basal,3,300.0,704.0,0.0,49.0,14,114,25368,8,1.0
98,1.0,0.0,3.1199999,1.0,9.0,8,92.16307694227676,113.793887855494,pobre,basal,3,300.0,704.0,0.0,49.0,15,114,25368,8,1.0
97,1.0,0.0,3.1199999,1.0,5.0,8,92.16307694227676,113.793887855494,pobre,basal,3,300.0,704.0,0.0,49.0,11,114,25369,5,1.0
98,1.0,0.0,3.1199999,1.0,6.0,8,92.16307694227676,113.793887855494,pobre,basal,3,300.0,704.0,0.0,49.0,12,114,25369,5,1.0
97,1.0,0.0,3.1199999,1.0,2.0,8,92.16307694227676,113.793887855494,pobre,basal,3,300.0,704.0,0.0,49.0,9,114,25370,2,1.0
98,1.0,0.0,3.1199999,1.0,3.0,8,92.16307694227676,113.793887855494,pobre,basal,3,300.0,704.0,0.0,49.0,10,114,25370,2,1.0
97,1.0,0.0,3.1199999,1.0,4.0,8,92.16307694227676,113.793887855494,pobre,basal,3,300.0,704.0,0.0,49.0,10,114,25371,4,1.0
98,1.0,0.0,3.1199999,1.0,5.0,8,92.16307694227676,113.793887855494,pobre,basal,3,300.0,704.0,0.0,49.0,11,114,25371,4,1.0
97,1.0,0.0,3.1199999,1.0,7.0,4,92.16307694227676,113.793887855494,pobre,basal,2,800.0,734.0,1.0,47.0,15,114,25372,7,1.0
98,1.0,0.0,3.1199999,1.0,8.0,4,92.16307694227676,113.793887855494,pobre,basal,2,800.0,734.0,1.0,47.0,16,114,25372,7,1.0
97,0.0,0.0,3.1199999,1.0,3.0,6,92.16307694227676,113.793887855494,pobre,basal,0,1250.0,776.0,0.0,46.0,9,114,25373,3,1.0
98,0.0,0.0,3.1199999,1.0,4.0,6,92.16307694227676,113.793887855494,pobre,basal,0,1250.0,776.0,0.0,46.0,10,114,25373,3,1.0
97,1.0,0.0,3.1199999,1.0,7.0,6,92.16307694227676,113.793887855494,pobre,basal,2,625.0,682.0,1.0,56.0,16,114,25374,7,1.0
98,1.0,0.0,3.1199999,,,6,92.16307694227676,113.793887855494,pobre,basal,2,625.0,682.0,1.0,56.0,17,114,25374,7,1.0
97,1.0,0.0,3.1199999,1.0,5.0,6,92.16307694227676,113.793887855494,pobre,basal,2,625.0,682.0,1.0,56.0,14,114,25375,5,1.0
98,1.0,0.0,3.1199999,1.0,6.0,6,92.16307694227676,113.793887855494,pobre,basal,2,625.0,682.0,1.0,56.0,15,114,25375,5,1.0
97,1.0,0.0,3.1199999,1.0,9.0,6,92.16307694227676,113.793887855494,no pobre,basal,5,1000.0,832.0,1.0,36.0,15,114,25376,9,1.0
98,1.0,0.0,3.1199999,1.0,9.0,6,92.16307694227676,113.793887855494,no pobre,basal,5,1000.0,832.0,1.0,36.0,16,114,25376,9,1.0
97,0.0,0.0,3.1199999,1.0,7.0,6,92.16307694227676,113.793887855494,no pobre,basal,5,1000.0,832.0,1.0,36.0,12,114,25377,7,1.0
98,0.0,0.0,3.1199999,1.0,8.0,6,92.16307694227676,113.793887855494,no pobre,basal,5,1000.0,832.0,1.0,36.0,13,114,25377,7,1.0
97,0.0,0.0,3.1199999,1.0,6.0,6,92.16307694227676,113.793887855494,no pobre,basal,5,1000.0,832.0,1.0,36.0,10,114,25378,6,1.0
98,0.0,0.0,3.1199999,1.0,5.0,6,92.16307694227676,113.793887855494,no pobre,basal,5,1000.0,832.0,1.0,36.0,11,114,25378,6,1.0
97,1.0,0.0,3.1199999,1.0,2.0,6,92.16307694227676,113.793887855494,no pobre,basal,5,1000.0,832.0,1.0,36.0,8,114,25379,2,1.0
98,1.0,0.0,3.1199999,1.0,3.0,6,92.16307694227676,113.793887855494,no pobre,basal,5,1000.0,832.0,1.0,36.0,9,114,25379,2,1.0
97,1.0,0.0,3.1199999,0.0,4.0,3,92.16307694227676,113.793887855494,pobre,basal,4,1000.0,747.5,1.0,38.0,15,114,25380,4,0.0
98,1.0,0.0,3.1199999,0.0,5.0,3,92.16307694227676,113.793887855494,pobre,basal,4,1000.0,747.5,1.0,38.0,16,114,25380,4,0.0
97,1.0,0.0,3.1199999,0.0,5.0,3,92.16307694227676,113.793887855494,pobre,basal,4,1000.0,747.5,1.0,38.0,15,114,25381,5,0.0
98,1.0,0.0,3.1199999,0.0,5.0,3,92.16307694227676,113.793887855494,pobre,basal,4,1000.0,747.5,1.0,38.0,16,114,25381,5,0.0
97,1.0,0.0,3.1199999,1.0,0.0,5,92.16307694227676,113.793887855494,pobre,basal,2,750.0,726.0,1.0,28.0,6,114,25382,0,1.0
98,1.0,0.0,3.1199999,1.0,1.0,5,92.16307694227676,113.793887855494,pobre,basal,2,750.0,726.0,1.0,28.0,7,114,25382,0,1.0
97,1.0,0.0,3.1199999,1.0,7.0,5,92.16307694227676,113.793887855494,pobre,basal,4,1250.0,828.62598,1.0,32.0,15,114,25383,7,1.0
98,1.0,0.0,3.1199999,1.0,8.0,5,92.16307694227676,113.793887855494,pobre,basal,4,1250.0,828.62598,1.0,32.0,16,114,25383,7,1.0
97,0.0,0.0,3.1199999,1.0,4.0,5,92.16307694227676,113.793887855494,pobre,basal,4,1250.0,828.62598,1.0,32.0,10,114,25384,4,1.0
98,0.0,0.0,3.1199999,1.0,5.0,5,92.16307694227676,113.793887855494,pobre,basal,4,1250.0,828.62598,1.0,32.0,11,114,25384,4,1.0
97,1.0,0.0,3.1199999,1.0,3.0,5,92.16307694227676,113.793887855494,pobre,basal,4,1250.0,828.62598,1.0,32.0,9,114,25385,3,1.0
98,1.0,0.0,3.1199999,1.0,4.0,5,92.16307694227676,113.793887855494,pobre,basal,4,1250.0,828.62598,1.0,32.0,10,114,25385,3,1.0
97,0.0,0.0,3.1199999,1.0,3.0,5,92.16307694227676,113.793887855494,no pobre,basal,2,1200.0,912.5,1.0,59.0,10,114,25386,3,1.0
98,0.0,0.0,3.1199999,1.0,5.0,5,92.16307694227676,113.793887855494,no pobre,basal,2,1200.0,912.5,1.0,59.0,11,114,25386,3,1.0
97,1.0,0.0,3.1199999,1.0,5.0,6,92.16307694227676,113.793887855494,pobre,basal,6,1000.0,666.0,1.0,31.0,11,114,25387,5,1.0
98,1.0,0.0,3.1199999,1.0,6.0,6,92.16307694227676,113.793887855494,pobre,basal,6,1000.0,666.0,1.0,31.0,12,114,25387,5,1.0
97,0.0,0.0,3.1199999,1.0,4.0,6,92.16307694227676,113.793887855494,pobre,basal,6,1000.0,666.0,1.0,31.0,12,114,25388,4,1.0
98,0.0,0.0,3.1199999,1.0,7.0,6,92.16307694227676,113.793887855494,pobre,basal,6,1000.0,666.0,1.0,31.0,13,114,25388,4,1.0
97,0.0,0.0,3.1199999,1.0,3.0,6,92.16307694227676,113.793887855494,pobre,basal,6,1000.0,666.0,1.0,31.0,9,114,25389,3,1.0
98,0.0,0.0,3.1199999,1.0,4.0,6,92.16307694227676,113.793887855494,pobre,basal,6,1000.0,666.0,1.0,31.0,10,114,25389,3,1.0
97,1.0,0.0,3.1199999,1.0,1.0,6,92.16307694227676,113.793887855494,pobre,basal,6,1000.0,666.0,1.0,31.0,6,114,25390,1,1.0
98,1.0,0.0,3.1199999,1.0,1.0,6,92.16307694227676,113.793887855494,pobre,basal,6,1000.0,666.0,1.0,31.0,7,114,25390,1,1.0
97,1.0,0.0,3.1199999,1.0,3.0,10,92.16307694227676,113.793887855494,pobre,basal,0,280.0,737.33331,1.0,64.0,9,114,25391,3,1.0
98,1.0,0.0,3.1199999,1.0,4.0,10,92.16307694227676,113.793887855494,pobre,basal,0,280.0,737.33331,1.0,64.0,10,114,25391,3,1.0
97,0.0,0.0,3.1199999,1.0,4.0,6,92.16307694227676,113.793887855494,pobre,basal,6,800.0,638.0,1.0,37.0,12,114,25392,4,1.0
98,0.0,0.0,3.1199999,1.0,5.0,6,92.16307694227676,113.793887855494,pobre,basal,6,800.0,638.0,1.0,37.0,13,114,25392,4,1.0
97,1.0,0.0,3.1199999,1.0,2.0,6,92.16307694227676,113.793887855494,pobre,basal,6,800.0,638.0,1.0,37.0,8,114,25393,2,1.0
98,1.0,0.0,3.1199999,1.0,3.0,6,92.16307694227676,113.793887855494,pobre,basal,6,800.0,638.0,1.0,37.0,9,114,25393,2,1.0
97,1.0,0.0,3.1199999,1.0,2.0,3,92.16307694227676,113.793887855494,pobre,basal,3,1000.0,915.0,1.0,36.0,8,114,25394,2,1.0
98,1.0,0.0,3.1199999,1.0,3.0,3,92.16307694227676,113.793887855494,pobre,basal,3,1000.0,915.0,1.0,36.0,9,114,25394,2,1.0
97,0.0,0.0,3.1199999,1.0,6.0,4,92.16307694227676,113.793887855494,pobre,basal,0,1000.0,809.0,1.0,39.0,13,114,25395,6,1.0
98,0.0,0.0,3.1199999,,,4,92.16307694227676,113.793887855494,pobre,basal,0,1000.0,809.0,1.0,39.0,14,114,25395,6,1.0
97,1.0,0.0,3.1199999,1.0,3.0,4,92.16307694227676,113.793887855494,pobre,basal,0,1000.0,809.0,1.0,39.0,12,114,25396,3,1.0
98,1.0,0.0,3.1199999,,,4,92.16307694227676,113.793887855494,pobre,basal,0,1000.0,809.0,1.0,39.0,13,114,25396,3,1.0
97,0.0,0.0,3.1199999,1.0,1.0,5,92.16307694227676,113.793887855494,pobre,basal,6,1000.0,708.0,1.0,30.0,7,114,25397,1,1.0
98,0.0,0.0,3.1199999,1.0,2.0,5,92.16307694227676,113.793887855494,pobre,basal,6,1000.0,708.0,1.0,30.0,8,114,25397,1,1.0
97,1.0,0.0,0.0,1.0,2.0,4,67.86805879969322,100.4187209717012,no pobre,0,9,500.0,996.0,1.0,31.0,8,49,25398,2,1.0
98,1.0,0.0,0.0,1.0,3.0,4,67.86805879969322,100.4187209717012,no pobre,0,9,500.0,996.0,1.0,31.0,9,49,25398,2,1.0
97,0.0,0.0,0.0,1.0,2.0,6,67.86805879969322,100.4187209717012,pobre,0,0,280.0,880.0,1.0,79.0,8,49,25399,2,1.0
98,0.0,0.0,0.0,1.0,3.0,6,67.86805879969322,100.4187209717012,pobre,0,0,280.0,880.0,1.0,79.0,9,49,25399,2,1.0
97,0.0,0.0,0.0,0.0,9.0,3,67.86805879969322,100.4187209717012,pobre,0,0,0.0,905.0,0.0,44.0,16,49,25400,9,0.0
98,0.0,0.0,0.0,,,3,67.86805879969322,100.4187209717012,pobre,0,0,0.0,905.0,0.0,44.0,17,49,25400,9,0.0
97,0.0,0.0,0.0,0.0,9.0,6,67.86805879969322,100.4187209717012,pobre,0,1,600.0,705.0,1.0,64.0,15,49,25401,9,0.0
98,0.0,0.0,0.0,0.0,9.0,6,67.86805879969322,100.4187209717012,pobre,0,1,600.0,705.0,1.0,64.0,16,49,25401,9,0.0
97,1.0,0.0,0.0,1.0,5.0,6,67.86805879969322,100.4187209717012,pobre,0,1,600.0,705.0,1.0,64.0,11,49,25402,5,1.0
98,1.0,0.0,0.0,1.0,6.0,6,67.86805879969322,100.4187209717012,pobre,0,1,600.0,705.0,1.0,64.0,12,49,25402,5,1.0
97,0.0,0.0,0.0,1.0,3.0,4,67.86805879969322,100.4187209717012,pobre,0,6,400.0,683.0,1.0,29.0,9,49,25403,3,1.0
98,0.0,0.0,0.0,1.0,4.0,4,67.86805879969322,100.4187209717012,pobre,0,6,400.0,683.0,1.0,29.0,10,49,25403,3,1.0
97,0.0,0.0,0.0,1.0,0.0,4,67.86805879969322,100.4187209717012,pobre,0,6,400.0,683.0,1.0,29.0,6,49,25404,0,1.0
98,0.0,0.0,0.0,1.0,1.0,4,67.86805879969322,100.4187209717012,pobre,0,6,400.0,683.0,1.0,29.0,7,49,25404,0,1.0
97,0.0,0.0,0.0,1.0,4.0,6,67.86805879969322,100.4187209717012,no pobre,0,9,2000.0,891.0,1.0,31.0,8,49,25405,4,1.0
98,0.0,0.0,0.0,1.0,5.0,6,67.86805879969322,100.4187209717012,no pobre,0,9,2000.0,891.0,1.0,31.0,9,49,25405,4,1.0
97,0.0,0.0,0.0,1.0,2.0,6,67.86805879969322,100.4187209717012,no pobre,0,9,2000.0,891.0,1.0,31.0,8,49,25406,2,1.0
98,0.0,0.0,0.0,1.0,3.0,6,67.86805879969322,100.4187209717012,no pobre,0,9,2000.0,891.0,1.0,31.0,9,49,25406,2,1.0
97,1.0,0.0,0.0,1.0,8.0,3,67.86805879969322,100.4187209717012,pobre,0,0,500.0,949.0,1.0,59.0,14,49,25407,8,1.0
98,1.0,0.0,0.0,0.0,9.0,3,67.86805879969322,100.4187209717012,pobre,0,0,500.0,949.0,1.0,59.0,15,49,25407,8,1.0
97,0.0,0.0,0.0,1.0,1.0,5,67.86805879969322,100.4187209717012,pobre,0,6,625.0,848.0,1.0,38.0,7,49,25408,1,1.0
98,0.0,0.0,0.0,1.0,2.0,5,67.86805879969322,100.4187209717012,pobre,0,6,625.0,848.0,1.0,38.0,8,49,25408,1,1.0
97,1.0,0.0,0.0,1.0,7.0,10,67.86805879969322,100.4187209717012,no pobre,0,3,1400.0,1087.3334,1.0,58.0,13,49,25409,7,1.0
98,1.0,0.0,0.0,1.0,8.0,10,67.86805879969322,100.4187209717012,no pobre,0,3,1400.0,1087.3334,1.0,58.0,14,49,25409,7,1.0
97,0.0,0.0,0.0,1.0,4.0,10,67.86805879969322,100.4187209717012,no pobre,0,3,1400.0,1087.3334,1.0,58.0,10,49,25410,4,1.0
98,0.0,0.0,0.0,1.0,5.0,10,67.86805879969322,100.4187209717012,no pobre,0,3,1400.0,1087.3334,1.0,58.0,11,49,25410,4,1.0
97,1.0,0.0,0.0,1.0,3.0,3,67.86805879969322,100.4187209717012,pobre,0,2,480.0,759.0,1.0,27.0,10,49,25411,3,1.0
98,1.0,0.0,0.0,1.0,0.0,3,67.86805879969322,100.4187209717012,pobre,0,2,480.0,759.0,1.0,27.0,11,49,25411,3,1.0
97,1.0,0.0,0.0,0.0,6.0,4,67.86805879969322,100.4187209717012,pobre,0,7,4000.0,813.0,1.0,25.0,16,49,25412,6,0.0
98,1.0,0.0,0.0,,,4,67.86805879969322,100.4187209717012,pobre,0,7,4000.0,813.0,1.0,25.0,17,49,25412,6,0.0
97,0.0,0.0,0.0,0.0,6.0,4,67.86805879969322,100.4187209717012,pobre,0,7,4000.0,813.0,1.0,25.0,15,49,25413,6,0.0
98,0.0,0.0,0.0,0.0,6.0,4,67.86805879969322,100.4187209717012,pobre,0,7,4000.0,813.0,1.0,25.0,16,49,25413,6,0.0
97,1.0,0.0,0.0,0.0,9.0,3,67.86805879969322,100.4187209717012,pobre,0,0,0.0,781.5,0.0,70.0,16,49,25414,9,0.0
98,1.0,0.0,0.0,0.0,9.0,3,67.86805879969322,100.4187209717012,pobre,0,0,0.0,781.5,0.0,70.0,17,49,25414,9,0.0
97,0.0,0.0,0.0,1.0,7.0,2,67.86805879969322,100.4187209717012,pobre,0,0,250.0,866.0,0.0,78.0,12,49,25415,7,1.0
98,0.0,0.0,0.0,1.0,8.0,2,67.86805879969322,100.4187209717012,pobre,0,0,250.0,866.0,0.0,78.0,13,49,25415,7,1.0
97,1.0,0.0,0.0,1.0,3.0,4,67.86805879969322,100.4187209717012,pobre,0,0,800.0,722.0,1.0,58.0,9,49,25416,3,1.0
98,1.0,0.0,0.0,1.0,4.0,4,67.86805879969322,100.4187209717012,pobre,0,0,800.0,722.0,1.0,58.0,10,49,25416,3,1.0
97,1.0,0.0,0.0,1.0,0.0,4,67.86805879969322,100.4187209717012,pobre,0,0,800.0,722.0,1.0,58.0,6,49,25417,0,1.0
98,1.0,0.0,0.0,1.0,1.0,4,67.86805879969322,100.4187209717012,pobre,0,0,800.0,722.0,1.0,58.0,7,49,25417,0,1.0
97,0.0,0.0,0.0,1.0,7.0,5,67.86805879969322,100.4187209717012,no pobre,0,6,500.0,1142.6666,1.0,51.0,13,49,25418,7,1.0
98,0.0,0.0,0.0,1.0,7.0,5,67.86805879969322,100.4187209717012,no pobre,0,6,500.0,1142.6666,1.0,51.0,14,49,25418,7,1.0
97,0.0,0.0,0.0,1.0,7.0,8,67.86805879969322,100.4187209717012,pobre,0,2,500.0,604.0,1.0,49.0,16,49,25419,7,1.0
98,0.0,0.0,0.0,,,8,67.86805879969322,100.4187209717012,pobre,0,2,500.0,604.0,1.0,49.0,17,49,25419,7,1.0
97,1.0,0.0,0.0,1.0,3.0,8,67.86805879969322,100.4187209717012,pobre,0,2,500.0,604.0,1.0,49.0,12,49,25420,3,1.0
98,1.0,0.0,0.0,,,8,67.86805879969322,100.4187209717012,pobre,0,2,500.0,604.0,1.0,49.0,13,49,25420,3,1.0
97,1.0,0.0,0.0,1.0,4.0,8,67.86805879969322,100.4187209717012,pobre,0,2,500.0,604.0,1.0,49.0,10,49,25421,4,1.0
98,1.0,0.0,0.0,,,8,67.86805879969322,100.4187209717012,pobre,0,2,500.0,604.0,1.0,49.0,11,49,25421,4,1.0
97,1.0,0.0,0.0,1.0,0.0,8,67.86805879969322,100.4187209717012,pobre,0,2,500.0,604.0,1.0,49.0,7,49,25422,0,1.0
98,1.0,0.0,0.0,,,8,67.86805879969322,100.4187209717012,pobre,0,2,500.0,604.0,1.0,49.0,8,49,25422,0,1.0
97,1.0,,0.0,1.0,2.0,5,67.86805879969322,100.4187209717012,pobre,0,3,500.0,651.0,1.0,35.0,12,49,25423,2,1.0
98,1.0,,0.0,1.0,4.0,5,67.86805879969322,100.4187209717012,pobre,0,3,500.0,651.0,1.0,35.0,13,49,25423,2,1.0
97,1.0,,0.0,1.0,1.0,5,67.86805879969322,100.4187209717012,pobre,0,3,500.0,651.0,1.0,35.0,9,49,25424,1,1.0
98,1.0,,0.0,1.0,3.0,5,67.86805879969322,100.4187209717012,pobre,0,3,500.0,651.0,1.0,35.0,10,49,25424,1,1.0
97,1.0,,0.0,1.0,0.0,5,67.86805879969322,100.4187209717012,pobre,0,3,500.0,651.0,1.0,35.0,7,49,25425,0,1.0
98,1.0,,0.0,1.0,2.0,5,67.86805879969322,100.4187209717012,pobre,0,3,500.0,651.0,1.0,35.0,8,49,25425,0,1.0
97,1.0,0.0,0.0,1.0,2.0,6,67.86805879969322,100.4187209717012,pobre,0,6,625.0,669.0,1.0,39.0,10,49,25426,2,1.0
98,1.0,0.0,0.0,,,6,67.86805879969322,100.4187209717012,pobre,0,6,625.0,669.0,1.0,39.0,11,49,25426,2,1.0
97,0.0,0.0,0.0,1.0,2.0,6,67.86805879969322,100.4187209717012,pobre,0,6,625.0,669.0,1.0,39.0,8,49,25427,2,1.0
98,0.0,0.0,0.0,,,6,67.86805879969322,100.4187209717012,pobre,0,6,625.0,669.0,1.0,39.0,9,49,25427,2,1.0
97,0.0,0.0,0.0,1.0,5.0,6,67.86805879969322,100.4187209717012,pobre,0,0,400.0,641.0,1.0,37.0,11,49,25428,5,1.0
98,0.0,0.0,0.0,,,6,67.86805879969322,100.4187209717012,pobre,0,0,400.0,641.0,1.0,37.0,12,49,25428,5,1.0
97,1.0,0.0,0.0,1.0,4.0,6,67.86805879969322,100.4187209717012,pobre,0,0,400.0,641.0,1.0,37.0,8,49,25429,4,1.0
98,1.0,0.0,0.0,,,6,67.86805879969322,100.4187209717012,pobre,0,0,400.0,641.0,1.0,37.0,9,49,25429,4,1.0
97,1.0,0.0,0.0,1.0,0.0,6,67.86805879969322,100.4187209717012,pobre,0,0,400.0,641.0,1.0,37.0,7,49,25430,0,1.0
98,1.0,0.0,0.0,,,6,67.86805879969322,100.4187209717012,pobre,0,0,400.0,641.0,1.0,37.0,8,49,25430,0,1.0
97,0.0,0.0,0.0,1.0,8.0,7,67.86805879969322,100.4187209717012,pobre,0,0,500.0,894.75,1.0,61.0,14,49,25431,8,1.0
98,0.0,0.0,0.0,0.0,9.0,7,67.86805879969322,100.4187209717012,pobre,0,0,500.0,894.75,1.0,61.0,15,49,25431,8,1.0
97,1.0,0.0,0.0,1.0,4.0,7,67.86805879969322,100.4187209717012,pobre,0,0,500.0,894.75,1.0,61.0,10,49,25432,4,1.0
98,1.0,0.0,0.0,1.0,5.0,7,67.86805879969322,100.4187209717012,pobre,0,0,500.0,894.75,1.0,61.0,11,49,25432,4,1.0
97,1.0,0.0,0.0,1.0,3.0,7,67.86805879969322,100.4187209717012,pobre,0,0,500.0,894.75,1.0,61.0,8,49,25433,3,1.0
98,1.0,0.0,0.0,1.0,4.0,7,67.86805879969322,100.4187209717012,pobre,0,0,500.0,894.75,1.0,61.0,9,49,25433,3,1.0
97,1.0,0.0,0.0,1.0,7.0,6,67.86805879969322,100.4187209717012,no pobre,0,12,1800.0,1066.0,1.0,70.0,13,49,25434,7,1.0
98,1.0,0.0,0.0,1.0,8.0,6,67.86805879969322,100.4187209717012,no pobre,0,12,1800.0,1066.0,1.0,70.0,14,49,25434,7,1.0
97,1.0,0.0,0.0,1.0,8.0,3,67.86805879969322,100.4187209717012,no pobre,0,3,750.0,943.5,1.0,50.0,12,49,25435,8,1.0
98,1.0,0.0,0.0,1.0,8.0,3,67.86805879969322,100.4187209717012,no pobre,0,3,750.0,943.5,1.0,50.0,13,49,25435,8,1.0
97,0.0,0.0,0.0,1.0,3.0,5,67.86805879969322,100.4187209717012,pobre,0,6,0.0,626.0,1.0,24.0,9,49,25436,3,1.0
98,0.0,0.0,0.0,,,5,67.86805879969322,100.4187209717012,pobre,0,6,0.0,626.0,1.0,24.0,10,49,25436,3,1.0
97,1.0,0.0,0.0,1.0,3.0,5,67.86805879969322,100.4187209717012,pobre,0,6,0.0,626.0,1.0,24.0,7,49,25437,3,1.0
98,1.0,0.0,0.0,,,5,67.86805879969322,100.4187209717012,pobre,0,6,0.0,626.0,1.0,24.0,8,49,25437,3,1.0
97,1.0,0.0,0.0,1.0,5.0,5,67.86805879969322,100.4187209717012,pobre,0,6,672.0,931.0,1.0,39.0,11,49,25438,5,1.0
98,1.0,0.0,0.0,1.0,6.0,5,67.86805879969322,100.4187209717012,pobre,0,6,672.0,931.0,1.0,39.0,12,49,25438,5,1.0
97,1.0,0.0,0.0,1.0,4.0,5,67.86805879969322,100.4187209717012,pobre,0,6,672.0,931.0,1.0,39.0,10,49,25439,4,1.0
98,1.0,0.0,0.0,1.0,5.0,5,67.86805879969322,100.4187209717012,pobre,0,6,672.0,931.0,1.0,39.0,11,49,25439,4,1.0
97,0.0,0.0,0.0,1.0,1.0,5,67.86805879969322,100.4187209717012,pobre,0,6,672.0,931.0,1.0,39.0,7,49,25440,1,1.0
98,0.0,0.0,0.0,1.0,2.0,5,67.86805879969322,100.4187209717012,pobre,0,6,672.0,931.0,1.0,39.0,8,49,25440,1,1.0
97,0.0,0.0,0.0,1.0,7.0,10,67.86805879969322,100.4187209717012,pobre,0,0,750.0,779.50836,1.0,45.0,13,49,25441,7,1.0
98,0.0,0.0,0.0,1.0,8.0,10,67.86805879969322,100.4187209717012,pobre,0,0,750.0,779.50836,1.0,45.0,14,49,25441,7,1.0
97,1.0,0.0,0.0,1.0,4.0,10,67.86805879969322,100.4187209717012,pobre,0,0,750.0,779.50836,1.0,45.0,10,49,25442,4,1.0
98,1.0,0.0,0.0,1.0,5.0,10,67.86805879969322,100.4187209717012,pobre,0,0,750.0,779.50836,1.0,45.0,11,49,25442,4,1.0
97,0.0,0.0,0.0,1.0,6.0,7,67.86805879969322,100.4187209717012,no pobre,0,1,625.0,857.0,1.0,52.0,12,49,25443,6,1.0
98,0.0,0.0,0.0,1.0,8.0,7,67.86805879969322,100.4187209717012,no pobre,0,1,625.0,857.0,1.0,52.0,13,49,25443,6,1.0
97,0.0,0.0,0.0,0.0,9.0,6,67.86805879969322,100.4187209717012,no pobre,0,0,83.333336,985.0,1.0,56.0,16,49,25444,9,0.0
98,0.0,0.0,0.0,,,6,67.86805879969322,100.4187209717012,no pobre,0,0,83.333336,985.0,1.0,56.0,17,49,25444,9,0.0
97,0.0,0.0,0.0,0.0,6.0,9,67.86805879969322,100.4187209717012,pobre,0,0,625.0,904.5,1.0,58.0,16,49,25445,6,0.0
98,0.0,0.0,0.0,,,9,67.86805879969322,100.4187209717012,pobre,0,0,625.0,904.5,1.0,58.0,17,49,25445,6,0.0
97,1.0,0.0,0.0,0.0,4.0,9,67.86805879969322,100.4187209717012,pobre,0,0,625.0,904.5,1.0,58.0,13,49,25446,4,0.0
98,1.0,0.0,0.0,,,9,67.86805879969322,100.4187209717012,pobre,0,0,625.0,904.5,1.0,58.0,14,49,25446,4,0.0
97,0.0,0.0,0.0,1.0,3.0,9,67.86805879969322,100.4187209717012,pobre,0,0,625.0,904.5,1.0,58.0,9,49,25447,3,1.0
98,0.0,0.0,0.0,1.0,4.0,9,67.86805879969322,100.4187209717012,pobre,0,0,625.0,904.5,1.0,58.0,10,49,25447,3,1.0
97,1.0,0.0,0.0,1.0,8.0,5,67.86805879969322,100.4187209717012,pobre,0,1,160.0,898.5,1.0,74.0,15,49,25448,8,1.0
98,1.0,0.0,0.0,0.0,9.0,5,67.86805879969322,100.4187209717012,pobre,0,1,160.0,898.5,1.0,74.0,16,49,25448,8,1.0
97,1.0,0.0,0.0,1.0,8.0,5,67.86805879969322,100.4187209717012,pobre,0,1,160.0,898.5,1.0,74.0,15,49,25449,8,1.0
98,1.0,0.0,0.0,0.0,9.0,5,67.86805879969322,100.4187209717012,pobre,0,1,160.0,898.5,1.0,74.0,16,49,25449,8,1.0
97,1.0,0.0,0.0,1.0,9.0,7,67.86805879969322,100.4187209717012,no pobre,0,9,2500.0,1002.5,1.0,31.0,16,49,25450,9,1.0
98,1.0,0.0,0.0,,,7,67.86805879969322,100.4187209717012,no pobre,0,9,2500.0,1002.5,1.0,31.0,17,49,25450,9,1.0
97,0.0,0.0,0.0,1.0,7.0,7,67.86805879969322,100.4187209717012,no pobre,0,9,2500.0,1002.5,1.0,31.0,14,49,25451,7,1.0
98,0.0,0.0,0.0,1.0,8.0,7,67.86805879969322,100.4187209717012,no pobre,0,9,2500.0,1002.5,1.0,31.0,15,49,25451,7,1.0
97,0.0,0.0,0.0,1.0,7.0,7,67.86805879969322,100.4187209717012,no pobre,0,9,2500.0,1002.5,1.0,31.0,14,49,25452,7,1.0
98,0.0,0.0,0.0,1.0,8.0,7,67.86805879969322,100.4187209717012,no pobre,0,9,2500.0,1002.5,1.0,31.0,15,49,25452,7,1.0
97,1.0,0.0,0.0,1.0,7.0,7,67.86805879969322,100.4187209717012,no pobre,0,9,2500.0,1002.5,1.0,31.0,12,49,25453,7,1.0
98,1.0,0.0,0.0,1.0,8.0,7,67.86805879969322,100.4187209717012,no pobre,0,9,2500.0,1002.5,1.0,31.0,13,49,25453,7,1.0
97,1.0,0.0,0.0,1.0,4.0,7,67.86805879969322,100.4187209717012,no pobre,0,9,2500.0,1002.5,1.0,31.0,10,49,25454,4,1.0
98,1.0,0.0,0.0,1.0,5.0,7,67.86805879969322,100.4187209717012,no pobre,0,9,2500.0,1002.5,1.0,31.0,11,49,25454,4,1.0
97,0.0,0.0,0.0,1.0,4.0,7,67.86805879969322,100.4187209717012,no pobre,0,0,0.0,877.0,1.0,69.0,9,49,25455,4,1.0
98,0.0,0.0,0.0,,,7,67.86805879969322,100.4187209717012,no pobre,0,0,0.0,877.0,1.0,69.0,10,49,25455,4,1.0
97,1.0,0.0,0.0,1.0,8.0,8,67.86805879969322,100.4187209717012,pobre,0,0,625.0,711.0,1.0,40.0,15,49,25456,8,1.0
98,1.0,0.0,0.0,0.0,9.0,8,67.86805879969322,100.4187209717012,pobre,0,0,625.0,711.0,1.0,40.0,16,49,25456,8,1.0
97,0.0,0.0,0.0,1.0,7.0,8,67.86805879969322,100.4187209717012,pobre,0,0,625.0,711.0,1.0,40.0,13,49,25457,7,1.0
98,0.0,0.0,0.0,1.0,8.0,8,67.86805879969322,100.4187209717012,pobre,0,0,625.0,711.0,1.0,40.0,14,49,25457,7,1.0
97,0.0,0.0,0.0,1.0,3.0,8,67.86805879969322,100.4187209717012,pobre,0,0,625.0,711.0,1.0,40.0,10,49,25458,3,1.0
98,0.0,0.0,0.0,1.0,4.0,8,67.86805879969322,100.4187209717012,pobre,0,0,625.0,711.0,1.0,40.0,11,49,25458,3,1.0
97,0.0,0.0,0.0,1.0,8.0,5,67.86805879969322,100.4187209717012,pobre,0,0,625.0,771.25,1.0,77.0,15,49,25459,8,1.0
98,0.0,0.0,0.0,,,5,67.86805879969322,100.4187209717012,pobre,0,0,625.0,771.25,1.0,77.0,16,49,25459,8,1.0
97,0.0,0.0,0.0,0.0,6.0,5,67.86805879969322,100.4187209717012,pobre,0,0,625.0,771.25,1.0,77.0,14,49,25460,6,0.0
98,0.0,0.0,0.0,0.0,7.0,5,67.86805879969322,100.4187209717012,pobre,0,0,625.0,771.25,1.0,77.0,15,49,25460,6,0.0
97,1.0,0.0,0.0,1.0,6.0,7,67.86805879969322,100.4187209717012,pobre,0,6,1800.0,781.0,1.0,32.0,14,49,25461,6,1.0
98,1.0,0.0,0.0,1.0,7.0,7,67.86805879969322,100.4187209717012,pobre,0,6,1800.0,781.0,1.0,32.0,15,49,25461,6,1.0
97,0.0,0.0,0.0,1.0,4.0,7,67.86805879969322,100.4187209717012,pobre,0,6,1800.0,781.0,1.0,32.0,10,49,25462,4,1.0
98,0.0,0.0,0.0,1.0,5.0,7,67.86805879969322,100.4187209717012,pobre,0,6,1800.0,781.0,1.0,32.0,11,49,25462,4,1.0
97,1.0,0.0,0.0,1.0,2.0,7,67.86805879969322,100.4187209717012,pobre,0,6,1800.0,781.0,1.0,32.0,8,49,25463,2,1.0
98,1.0,0.0,0.0,1.0,3.0,7,67.86805879969322,100.4187209717012,pobre,0,6,1800.0,781.0,1.0,32.0,9,49,25463,2,1.0
97,1.0,0.0,0.0,1.0,3.0,4,67.86805879969322,100.4187209717012,pobre,0,0,1600.0,738.0,1.0,47.0,9,49,25464,3,1.0
98,1.0,0.0,0.0,,,4,67.86805879969322,100.4187209717012,pobre,0,0,1600.0,738.0,1.0,47.0,10,49,25464,3,1.0
97,1.0,0.0,0.0,1.0,7.0,3,67.86805879969322,100.4187209717012,pobre,0,0,800.0,817.0,1.0,48.0,15,49,25465,7,1.0
98,1.0,0.0,0.0,1.0,9.0,3,67.86805879969322,100.4187209717012,pobre,0,0,800.0,817.0,1.0,48.0,16,49,25465,7,1.0
97,0.0,0.0,0.0,0.0,6.0,9,67.86805879969322,100.4187209717012,no pobre,0,2,625.0,843.5,1.0,45.0,16,49,25466,6,0.0
98,0.0,0.0,0.0,,,9,67.86805879969322,100.4187209717012,no pobre,0,2,625.0,843.5,1.0,45.0,17,49,25466,6,0.0
97,1.0,0.0,0.0,1.0,6.0,9,67.86805879969322,100.4187209717012,no pobre,0,2,625.0,843.5,1.0,45.0,15,49,25467,6,1.0
98,1.0,0.0,0.0,1.0,7.0,9,67.86805879969322,100.4187209717012,no pobre,0,2,625.0,843.5,1.0,45.0,16,49,25467,6,1.0
97,0.0,0.0,0.0,1.0,6.0,9,67.86805879969322,100.4187209717012,no pobre,0,2,625.0,843.5,1.0,45.0,13,49,25468,6,1.0
98,0.0,0.0,0.0,0.0,6.0,9,67.86805879969322,100.4187209717012,no pobre,0,2,625.0,843.5,1.0,45.0,14,49,25468,6,1.0
97,0.0,0.0,1.872,1.0,4.0,6,78.51462406567467,109.7866260543764,pobre,basal,9,1200.0,802.0,1.0,30.0,10,52,25469,4,1.0
98,0.0,0.0,1.872,1.0,5.0,6,78.51462406567467,109.7866260543764,pobre,basal,9,1200.0,802.0,1.0,30.0,11,52,25469,4,1.0
97,0.0,0.0,1.872,1.0,0.0,6,78.51462406567467,109.7866260543764,pobre,basal,9,1200.0,802.0,1.0,30.0,6,52,25470,0,1.0
98,0.0,0.0,1.872,1.0,1.0,6,78.51462406567467,109.7866260543764,pobre,basal,9,1200.0,802.0,1.0,30.0,7,52,25470,0,1.0
97,1.0,0.0,1.872,1.0,3.0,6,78.51462406567467,109.7866260543764,pobre,basal,0,750.0,690.0,1.0,51.0,13,52,25471,3,1.0
98,1.0,0.0,1.872,1.0,9.0,6,78.51462406567467,109.7866260543764,pobre,basal,0,750.0,690.0,1.0,51.0,14,52,25471,3,1.0
97,1.0,0.0,1.872,1.0,2.0,6,78.51462406567467,109.7866260543764,pobre,basal,0,750.0,690.0,1.0,51.0,10,52,25472,2,1.0
98,1.0,0.0,1.872,1.0,4.0,6,78.51462406567467,109.7866260543764,pobre,basal,0,750.0,690.0,1.0,51.0,11,52,25472,2,1.0
97,0.0,0.0,1.872,1.0,0.0,6,78.51462406567467,109.7866260543764,pobre,basal,0,750.0,690.0,1.0,51.0,6,52,25473,0,1.0
98,0.0,0.0,1.872,1.0,0.0,6,78.51462406567467,109.7866260543764,pobre,basal,0,750.0,690.0,1.0,51.0,7,52,25473,0,1.0
97,0.0,0.0,1.872,0.0,6.0,9,78.51462406567467,109.7866260543764,pobre,basal,0,480.0,774.0,1.0,60.0,12,52,25474,6,0.0
98,0.0,0.0,1.872,0.0,6.0,9,78.51462406567467,109.7866260543764,pobre,basal,0,480.0,774.0,1.0,60.0,13,52,25474,6,0.0
97,1.0,0.0,1.872,1.0,2.0,9,78.51462406567467,109.7866260543764,pobre,basal,0,480.0,774.0,1.0,60.0,8,52,25475,2,1.0
98,1.0,0.0,1.872,1.0,3.0,9,78.51462406567467,109.7866260543764,pobre,basal,0,480.0,774.0,1.0,60.0,9,52,25475,2,1.0
97,0.0,0.0,1.872,,0.0,9,78.51462406567467,109.7866260543764,pobre,basal,0,480.0,774.0,1.0,60.0,6,52,25476,0,
98,0.0,0.0,1.872,1.0,1.0,9,78.51462406567467,109.7866260543764,pobre,basal,0,480.0,774.0,1.0,60.0,7,52,25476,0,
97,0.0,0.0,1.872,1.0,1.0,9,78.51462406567467,109.7866260543764,pobre,basal,0,480.0,774.0,1.0,60.0,10,52,25477,1,1.0
98,0.0,0.0,1.872,1.0,2.0,9,78.51462406567467,109.7866260543764,pobre,basal,0,480.0,774.0,1.0,60.0,11,52,25477,1,1.0
97,0.0,0.0,1.872,1.0,5.0,9,78.51462406567467,109.7866260543764,pobre,basal,0,480.0,774.0,1.0,60.0,11,52,25478,5,1.0
98,0.0,0.0,1.872,0.0,6.0,9,78.51462406567467,109.7866260543764,pobre,basal,0,480.0,774.0,1.0,60.0,12,52,25478,5,1.0
97,1.0,0.0,1.872,1.0,1.0,6,78.51462406567467,109.7866260543764,pobre,basal,6,0.0,642.0,1.0,24.0,7,52,25479,1,1.0
98,1.0,0.0,1.872,1.0,2.0,6,78.51462406567467,109.7866260543764,pobre,basal,6,0.0,642.0,1.0,24.0,8,52,25479,1,1.0
97,0.0,0.0,1.872,1.0,0.0,6,78.51462406567467,109.7866260543764,pobre,basal,6,0.0,642.0,1.0,24.0,6,52,25480,0,1.0
98,0.0,0.0,1.872,1.0,1.0,6,78.51462406567467,109.7866260543764,pobre,basal,6,0.0,642.0,1.0,24.0,7,52,25480,0,1.0
97,1.0,0.0,1.872,1.0,2.0,4,78.51462406567467,109.7866260543764,pobre,basal,4,0.0,708.0,1.0,29.0,8,52,25481,2,1.0
98,1.0,0.0,1.872,1.0,3.0,4,78.51462406567467,109.7866260543764,pobre,basal,4,0.0,708.0,1.0,29.0,9,52,25481,2,1.0
97,1.0,0.0,1.872,1.0,1.0,4,78.51462406567467,109.7866260543764,pobre,basal,4,0.0,708.0,1.0,29.0,7,52,25482,1,1.0
98,1.0,0.0,1.872,1.0,2.0,4,78.51462406567467,109.7866260543764,pobre,basal,4,0.0,708.0,1.0,29.0,8,52,25482,1,1.0
97,0.0,0.0,1.872,1.0,2.0,5,78.51462406567467,109.7866260543764,pobre,basal,3,680.0,830.0,1.0,34.0,8,52,25483,2,1.0
98,0.0,0.0,1.872,1.0,3.0,5,78.51462406567467,109.7866260543764,pobre,basal,3,680.0,830.0,1.0,34.0,9,52,25483,2,1.0
97,0.0,0.0,1.872,1.0,1.0,5,78.51462406567467,109.7866260543764,pobre,basal,3,680.0,830.0,1.0,34.0,7,52,25484,1,1.0
98,0.0,0.0,1.872,1.0,2.0,5,78.51462406567467,109.7866260543764,pobre,basal,3,680.0,830.0,1.0,34.0,8,52,25484,1,1.0
97,1.0,0.0,1.872,1.0,14.0,6,78.51462406567467,109.7866260543764,no pobre,basal,0,2000.0,812.0,1.0,43.0,14,52,25485,14,1.0
98,1.0,0.0,1.872,1.0,7.0,6,78.51462406567467,109.7866260543764,no pobre,basal,0,2000.0,812.0,1.0,43.0,15,52,25485,14,1.0
97,1.0,0.0,1.872,1.0,3.0,6,78.51462406567467,109.7866260543764,no pobre,basal,0,2000.0,812.0,1.0,43.0,12,52,25486,3,1.0
98,1.0,0.0,1.872,1.0,4.0,6,78.51462406567467,109.7866260543764,no pobre,basal,0,2000.0,812.0,1.0,43.0,13,52,25486,3,1.0
97,1.0,0.0,1.872,1.0,3.0,6,78.51462406567467,109.7866260543764,no pobre,basal,0,2000.0,812.0,1.0,43.0,11,52,25487,3,1.0
98,1.0,0.0,1.872,1.0,4.0,6,78.51462406567467,109.7866260543764,no pobre,basal,0,2000.0,812.0,1.0,43.0,12,52,25487,3,1.0
97,1.0,0.0,1.872,1.0,2.0,4,78.51462406567467,109.7866260543764,pobre,basal,6,750.0,970.0,1.0,35.0,8,52,25488,2,1.0
98,1.0,0.0,1.872,1.0,3.0,4,78.51462406567467,109.7866260543764,pobre,basal,6,750.0,970.0,1.0,35.0,9,52,25488,2,1.0
97,1.0,0.0,1.872,1.0,4.0,4,78.51462406567467,109.7866260543764,pobre,basal,0,720.0,785.0,1.0,32.0,11,52,25489,4,1.0
98,1.0,0.0,1.872,0.0,5.0,4,78.51462406567467,109.7866260543764,pobre,basal,0,720.0,785.0,1.0,32.0,12,52,25489,4,1.0
97,1.0,0.0,1.872,1.0,3.0,4,78.51462406567467,109.7866260543764,pobre,basal,0,720.0,785.0,1.0,32.0,9,52,25490,3,1.0
98,1.0,0.0,1.872,1.0,4.0,4,78.51462406567467,109.7866260543764,pobre,basal,0,720.0,785.0,1.0,32.0,10,52,25490,3,1.0
97,0.0,0.0,1.872,0.0,9.0,3,78.51462406567467,109.7866260543764,no pobre,basal,0,0.0,991.5,1.0,57.0,16,52,25491,9,0.0
98,0.0,0.0,1.872,,,3,78.51462406567467,109.7866260543764,no pobre,basal,0,0.0,991.5,1.0,57.0,17,52,25491,9,0.0
97,1.0,0.0,1.872,1.0,2.0,4,78.51462406567467,109.7866260543764,pobre,basal,0,1600.0,745.0,1.0,27.0,8,52,25492,2,1.0
98,1.0,0.0,1.872,1.0,2.0,4,78.51462406567467,109.7866260543764,pobre,basal,0,1600.0,745.0,1.0,27.0,9,52,25492,2,1.0
97,0.0,0.0,1.872,1.0,4.0,4,78.51462406567467,109.7866260543764,pobre,basal,0,1600.0,745.0,1.0,27.0,9,52,25493,4,1.0
98,0.0,0.0,1.872,1.0,5.0,4,78.51462406567467,109.7866260543764,pobre,basal,0,1600.0,745.0,1.0,27.0,10,52,25493,4,1.0
97,0.0,0.0,1.872,1.0,6.0,7,78.51462406567467,109.7866260543764,no pobre,basal,0,0.0,1086.675,1.0,40.0,11,52,25494,6,1.0
98,0.0,0.0,1.872,1.0,3.0,7,78.51462406567467,109.7866260543764,no pobre,basal,0,0.0,1086.675,1.0,40.0,12,52,25494,6,1.0
97,1.0,0.0,1.872,1.0,4.0,7,78.51462406567467,109.7866260543764,no pobre,basal,0,0.0,1086.675,1.0,40.0,10,52,25495,4,1.0
98,1.0,0.0,1.872,1.0,4.0,7,78.51462406567467,109.7866260543764,no pobre,basal,0,0.0,1086.675,1.0,40.0,11,52,25495,4,1.0
97,1.0,0.0,1.872,1.0,2.0,7,78.51462406567467,109.7866260543764,no pobre,basal,0,0.0,1086.675,1.0,40.0,9,52,25496,2,1.0
98,1.0,0.0,1.872,1.0,3.0,7,78.51462406567467,109.7866260543764,no pobre,basal,0,0.0,1086.675,1.0,40.0,10,52,25496,2,1.0
97,0.0,0.0,1.872,1.0,0.0,7,78.51462406567467,109.7866260543764,no pobre,basal,0,0.0,1086.675,1.0,40.0,8,52,25497,0,1.0
98,0.0,0.0,1.872,1.0,1.0,7,78.51462406567467,109.7866260543764,no pobre,basal,0,0.0,1086.675,1.0,40.0,9,52,25497,0,1.0
97,0.0,0.0,1.872,1.0,2.0,5,78.51462406567467,109.7866260543764,pobre,basal,1,500.0,726.0,0.0,50.0,16,52,25498,2,1.0
98,0.0,0.0,1.872,,,5,78.51462406567467,109.7866260543764,pobre,basal,1,500.0,726.0,0.0,50.0,17,52,25498,2,1.0
97,0.0,0.0,1.872,1.0,5.0,5,78.51462406567467,109.7866260543764,pobre,basal,1,500.0,726.0,0.0,50.0,12,52,25499,5,1.0
98,0.0,0.0,1.872,1.0,6.0,5,78.51462406567467,109.7866260543764,pobre,basal,1,500.0,726.0,0.0,50.0,13,52,25499,5,1.0
97,1.0,0.0,1.872,1.0,4.0,5,78.51462406567467,109.7866260543764,pobre,basal,1,500.0,726.0,0.0,50.0,10,52,25500,4,1.0
98,1.0,0.0,1.872,1.0,5.0,5,78.51462406567467,109.7866260543764,pobre,basal,1,500.0,726.0,0.0,50.0,11,52,25500,4,1.0
97,0.0,0.0,1.872,1.0,10.0,5,78.51462406567467,109.7866260543764,no pobre,basal,3,720.0,829.5,1.0,45.0,16,52,25501,10,1.0
98,0.0,0.0,1.872,,,5,78.51462406567467,109.7866260543764,no pobre,basal,3,720.0,829.5,1.0,45.0,17,52,25501,10,1.0
97,1.0,0.0,1.872,1.0,6.0,5,78.51462406567467,109.7866260543764,no pobre,basal,3,720.0,829.5,1.0,45.0,12,52,25502,6,1.0
98,1.0,0.0,1.872,1.0,7.0,5,78.51462406567467,109.7866260543764,no pobre,basal,3,720.0,829.5,1.0,45.0,13,52,25502,6,1.0
97,1.0,0.0,1.872,1.0,2.0,5,78.51462406567467,109.7866260543764,no pobre,basal,3,720.0,829.5,1.0,45.0,7,52,25503,2,1.0
98,1.0,0.0,1.872,1.0,3.0,5,78.51462406567467,109.7866260543764,no pobre,basal,3,720.0,829.5,1.0,45.0,8,52,25503,2,1.0
97,0.0,0.0,1.872,0.0,5.0,7,78.51462406567467,109.7866260543764,pobre,basal,0,0.0,749.33331,1.0,47.0,15,52,25504,5,0.0
98,0.0,0.0,1.872,,,7,78.51462406567467,109.7866260543764,pobre,basal,0,0.0,749.33331,1.0,47.0,16,52,25504,5,0.0
97,1.0,0.0,1.872,1.0,6.0,7,78.51462406567467,109.7866260543764,pobre,basal,0,0.0,749.33331,1.0,47.0,12,52,25505,6,1.0
98,1.0,0.0,1.872,1.0,7.0,7,78.51462406567467,109.7866260543764,pobre,basal,0,0.0,749.33331,1.0,47.0,13,52,25505,6,1.0
97,0.0,0.0,1.872,1.0,2.0,7,78.51462406567467,109.7866260543764,pobre,basal,0,0.0,749.33331,1.0,47.0,9,52,25506,2,1.0
98,0.0,0.0,1.872,1.0,4.0,7,78.51462406567467,109.7866260543764,pobre,basal,0,0.0,749.33331,1.0,47.0,10,52,25506,2,1.0
97,0.0,0.0,1.872,1.0,1.0,7,78.51462406567467,109.7866260543764,pobre,basal,0,0.0,749.33331,1.0,47.0,7,52,25507,1,1.0
98,0.0,0.0,1.872,1.0,3.0,7,78.51462406567467,109.7866260543764,pobre,basal,0,0.0,749.33331,1.0,47.0,8,52,25507,1,1.0
97,0.0,0.0,1.872,1.0,4.0,5,78.51462406567467,109.7866260543764,pobre,basal,3,0.0,768.66669,1.0,37.0,10,52,25508,4,1.0
98,0.0,0.0,1.872,1.0,5.0,5,78.51462406567467,109.7866260543764,pobre,basal,3,0.0,768.66669,1.0,37.0,11,52,25508,4,1.0
97,0.0,0.0,1.872,1.0,2.0,5,78.51462406567467,109.7866260543764,pobre,basal,3,0.0,768.66669,1.0,37.0,7,52,25509,2,1.0
98,0.0,0.0,1.872,1.0,2.0,5,78.51462406567467,109.7866260543764,pobre,basal,3,0.0,768.66669,1.0,37.0,8,52,25509,2,1.0
97,1.0,0.0,1.872,1.0,8.0,8,78.51462406567467,109.7866260543764,no pobre,basal,3,1000.0,904.66669,1.0,36.0,16,52,25510,8,1.0
98,1.0,0.0,1.872,,,8,78.51462406567467,109.7866260543764,no pobre,basal,3,1000.0,904.66669,1.0,36.0,17,52,25510,8,1.0
97,0.0,0.0,1.872,1.0,5.0,8,78.51462406567467,109.7866260543764,no pobre,basal,3,1000.0,904.66669,1.0,36.0,11,52,25511,5,1.0
98,0.0,0.0,1.872,1.0,6.0,8,78.51462406567467,109.7866260543764,no pobre,basal,3,1000.0,904.66669,1.0,36.0,12,52,25511,5,1.0
97,1.0,0.0,1.872,1.0,2.0,8,78.51462406567467,109.7866260543764,no pobre,basal,3,1000.0,904.66669,1.0,36.0,8,52,25512,2,1.0
98,1.0,0.0,1.872,1.0,3.0,8,78.51462406567467,109.7866260543764,no pobre,basal,3,1000.0,904.66669,1.0,36.0,9,52,25512,2,1.0
97,1.0,0.0,1.872,1.0,2.0,8,78.51462406567467,109.7866260543764,no pobre,basal,3,1000.0,904.66669,1.0,36.0,7,52,25513,2,1.0
98,1.0,0.0,1.872,1.0,2.0,8,78.51462406567467,109.7866260543764,no pobre,basal,3,1000.0,904.66669,1.0,36.0,8,52,25513,2,1.0
97,1.0,0.0,1.872,0.0,5.0,5,78.51462406567467,109.7866260543764,pobre,basal,0,1000.0,779.66669,1.0,45.0,12,52,25514,5,0.0
98,1.0,0.0,1.872,1.0,6.0,5,78.51462406567467,109.7866260543764,pobre,basal,0,1000.0,779.66669,1.0,45.0,13,52,25514,5,0.0
97,0.0,,1.872,1.0,0.0,5,78.51462406567467,109.7866260543764,pobre,basal,0,1000.0,779.66669,1.0,45.0,7,52,25515,0,1.0
98,0.0,,1.872,1.0,0.0,5,78.51462406567467,109.7866260543764,pobre,basal,0,1000.0,779.66669,1.0,45.0,8,52,25515,0,1.0
97,0.0,0.0,1.872,1.0,9.0,6,78.51462406567467,109.7866260543764,no pobre,basal,4,0.0,1020.0,1.0,39.0,15,52,25516,9,1.0
98,0.0,0.0,1.872,0.0,9.0,6,78.51462406567467,109.7866260543764,no pobre,basal,4,0.0,1020.0,1.0,39.0,16,52,25516,9,1.0
97,1.0,0.0,1.872,1.0,5.0,6,78.51462406567467,109.7866260543764,no pobre,basal,4,0.0,1020.0,1.0,39.0,13,52,25517,5,1.0
98,1.0,0.0,1.872,1.0,6.0,6,78.51462406567467,109.7866260543764,no pobre,basal,4,0.0,1020.0,1.0,39.0,14,52,25517,5,1.0
97,1.0,0.0,1.872,1.0,5.0,6,78.51462406567467,109.7866260543764,no pobre,basal,4,0.0,1020.0,1.0,39.0,11,52,25518,5,1.0
98,1.0,0.0,1.872,1.0,6.0,6,78.51462406567467,109.7866260543764,no pobre,basal,4,0.0,1020.0,1.0,39.0,12,52,25518,5,1.0
97,1.0,0.0,1.872,1.0,1.0,4,78.51462406567467,109.7866260543764,pobre,basal,6,1600.0,775.0,1.0,35.0,7,52,25519,1,1.0
98,1.0,0.0,1.872,,,4,78.51462406567467,109.7866260543764,pobre,basal,6,1600.0,775.0,1.0,35.0,8,52,25519,1,1.0
97,0.0,0.0,1.872,1.0,3.0,4,78.51462406567467,109.7866260543764,pobre,basal,9,4500.0,789.0,1.0,28.0,8,52,25520,3,1.0
98,0.0,0.0,1.872,1.0,3.0,4,78.51462406567467,109.7866260543764,pobre,basal,9,4500.0,789.0,1.0,28.0,9,52,25520,3,1.0
97,1.0,0.0,1.872,1.0,5.0,6,78.51462406567467,109.7866260543764,no pobre,basal,9,0.0,1064.0,1.0,42.0,13,52,25521,5,1.0
98,1.0,0.0,1.872,0.0,6.0,6,78.51462406567467,109.7866260543764,no pobre,basal,9,0.0,1064.0,1.0,42.0,14,52,25521,5,1.0
97,1.0,0.0,1.872,1.0,3.0,6,78.51462406567467,109.7866260543764,no pobre,basal,9,0.0,1064.0,1.0,42.0,9,52,25522,3,1.0
98,1.0,0.0,1.872,1.0,4.0,6,78.51462406567467,109.7866260543764,no pobre,basal,9,0.0,1064.0,1.0,42.0,10,52,25522,3,1.0
97,1.0,0.0,1.872,1.0,1.0,6,78.51462406567467,109.7866260543764,no pobre,basal,9,0.0,1064.0,1.0,42.0,7,52,25523,1,1.0
98,1.0,0.0,1.872,1.0,2.0,6,78.51462406567467,109.7866260543764,no pobre,basal,9,0.0,1064.0,1.0,42.0,8,52,25523,1,1.0
97,0.0,0.0,1.872,1.0,5.0,5,78.51462406567467,109.7866260543764,pobre,basal,6,1040.0,693.0,1.0,27.0,10,52,25524,5,1.0
98,0.0,0.0,1.872,1.0,6.0,5,78.51462406567467,109.7866260543764,pobre,basal,6,1040.0,693.0,1.0,27.0,11,52,25524,5,1.0
97,1.0,0.0,1.872,1.0,2.0,5,78.51462406567467,109.7866260543764,pobre,basal,6,1040.0,693.0,1.0,27.0,7,52,25525,2,1.0
98,1.0,0.0,1.872,1.0,3.0,5,78.51462406567467,109.7866260543764,pobre,basal,6,1040.0,693.0,1.0,27.0,8,52,25525,2,1.0
97,1.0,0.0,1.872,1.0,1.0,7,78.51462406567467,109.7866260543764,pobre,basal,3,720.0,760.5,1.0,45.0,7,52,25526,1,1.0
98,1.0,0.0,1.872,1.0,2.0,7,78.51462406567467,109.7866260543764,pobre,basal,3,720.0,760.5,1.0,45.0,8,52,25526,1,1.0
97,1.0,0.0,1.872,0.0,9.0,8,78.51462406567467,109.7866260543764,no pobre,basal,17,3200.0,943.0,1.0,29.0,15,52,25527,9,0.0
98,1.0,0.0,1.872,,,8,78.51462406567467,109.7866260543764,no pobre,basal,17,3200.0,943.0,1.0,29.0,16,52,25527,9,0.0
97,1.0,0.0,1.872,1.0,0.0,4,78.51462406567467,109.7866260543764,pobre,basal,6,1000.0,818.0,1.0,32.0,6,52,25528,0,1.0
98,1.0,0.0,1.872,1.0,1.0,4,78.51462406567467,109.7866260543764,pobre,basal,6,1000.0,818.0,1.0,32.0,7,52,25528,0,1.0
97,1.0,0.0,1.872,1.0,8.0,7,78.51462406567467,109.7866260543764,pobre,basal,3,360.0,742.5,1.0,59.0,15,52,25529,8,1.0
98,1.0,0.0,1.872,0.0,9.0,7,78.51462406567467,109.7866260543764,pobre,basal,3,360.0,742.5,1.0,59.0,16,52,25529,8,1.0
97,1.0,0.0,1.872,0.0,6.0,9,78.51462406567467,109.7866260543764,pobre,basal,0,1000.0,711.5,1.0,40.0,16,52,25530,6,0.0
98,1.0,0.0,1.872,,,9,78.51462406567467,109.7866260543764,pobre,basal,0,1000.0,711.5,1.0,40.0,17,52,25530,6,0.0
97,1.0,0.0,1.872,0.0,6.0,9,78.51462406567467,109.7866260543764,pobre,basal,0,1000.0,711.5,1.0,40.0,12,52,25531,6,0.0
98,1.0,0.0,1.872,0.0,6.0,9,78.51462406567467,109.7866260543764,pobre,basal,0,1000.0,711.5,1.0,40.0,13,52,25531,6,0.0
97,0.0,0.0,1.872,1.0,5.0,9,78.51462406567467,109.7866260543764,pobre,basal,0,1000.0,711.5,1.0,40.0,10,52,25532,5,1.0
98,0.0,0.0,1.872,0.0,6.0,9,78.51462406567467,109.7866260543764,pobre,basal,0,1000.0,711.5,1.0,40.0,11,52,25532,5,1.0
97,0.0,0.0,1.872,1.0,2.0,9,78.51462406567467,109.7866260543764,pobre,basal,0,1000.0,711.5,1.0,40.0,7,52,25533,2,1.0
98,0.0,0.0,1.872,1.0,3.0,9,78.51462406567467,109.7866260543764,pobre,basal,0,1000.0,711.5,1.0,40.0,8,52,25533,2,1.0
97,1.0,0.0,1.872,,0.0,9,78.51462406567467,109.7866260543764,pobre,basal,0,1000.0,711.5,1.0,40.0,6,52,25534,0,
98,1.0,0.0,1.872,1.0,0.0,9,78.51462406567467,109.7866260543764,pobre,basal,0,1000.0,711.5,1.0,40.0,7,52,25534,0,
97,1.0,0.0,1.872,1.0,6.0,6,78.51462406567467,109.7866260543764,pobre,basal,6,1200.0,802.0,1.0,34.0,12,52,25535,6,1.0
98,1.0,0.0,1.872,1.0,7.0,6,78.51462406567467,109.7866260543764,pobre,basal,6,1200.0,802.0,1.0,34.0,13,52,25535,6,1.0
97,0.0,0.0,1.872,1.0,3.0,6,78.51462406567467,109.7866260543764,pobre,basal,6,1200.0,802.0,1.0,34.0,9,52,25536,3,1.0
98,0.0,0.0,1.872,1.0,4.0,6,78.51462406567467,109.7866260543764,pobre,basal,6,1200.0,802.0,1.0,34.0,10,52,25536,3,1.0
97,0.0,0.0,1.872,1.0,2.0,6,78.51462406567467,109.7866260543764,pobre,basal,6,1200.0,802.0,1.0,34.0,8,52,25537,2,1.0
98,0.0,0.0,1.872,1.0,3.0,6,78.51462406567467,109.7866260543764,pobre,basal,6,1200.0,802.0,1.0,34.0,9,52,25537,2,1.0
97,0.0,0.0,1.872,1.0,0.0,6,78.51462406567467,109.7866260543764,pobre,basal,6,1200.0,802.0,1.0,34.0,6,52,25538,0,1.0
98,0.0,0.0,1.872,1.0,1.0,6,78.51462406567467,109.7866260543764,pobre,basal,6,1200.0,802.0,1.0,34.0,7,52,25538,0,1.0
97,0.0,0.0,1.872,1.0,4.0,4,78.51462406567467,109.7866260543764,no pobre,basal,6,3000.0,1122.0,1.0,40.0,10,52,25539,4,1.0
98,0.0,0.0,1.872,,,4,78.51462406567467,109.7866260543764,no pobre,basal,6,3000.0,1122.0,1.0,40.0,11,52,25539,4,1.0
97,1.0,0.0,1.872,,0.0,5,78.51462406567467,109.7866260543764,pobre,basal,9,800.0,745.14099,1.0,27.0,10,52,25540,0,
98,1.0,0.0,1.872,1.0,6.0,5,78.51462406567467,109.7866260543764,pobre,basal,9,800.0,745.14099,1.0,27.0,11,52,25540,0,
97,0.0,0.0,1.872,1.0,1.0,5,78.51462406567467,109.7866260543764,pobre,basal,9,1000.0,724.0,1.0,28.0,8,52,25541,1,1.0
98,0.0,0.0,1.872,1.0,2.0,5,78.51462406567467,109.7866260543764,pobre,basal,9,1000.0,724.0,1.0,28.0,9,52,25541,1,1.0
97,0.0,0.0,1.872,,0.0,7,78.51462406567467,109.7866260543764,pobre,basal,0,300.0,813.0,0.0,40.0,8,52,25542,0,
98,0.0,0.0,1.872,1.0,2.0,7,78.51462406567467,109.7866260543764,pobre,basal,0,300.0,813.0,0.0,40.0,9,52,25542,0,
97,1.0,0.0,1.872,0.0,2.0,7,78.51462406567467,109.7866260543764,pobre,basal,0,300.0,813.0,0.0,40.0,16,52,25543,2,0.0
98,1.0,0.0,1.872,,,7,78.51462406567467,109.7866260543764,pobre,basal,0,300.0,813.0,0.0,40.0,17,52,25543,2,0.0
97,1.0,0.0,1.872,1.0,2.0,5,78.51462406567467,109.7866260543764,no pobre,basal,1,720.0,944.66669,0.0,47.0,8,52,25544,2,1.0
98,1.0,0.0,1.872,1.0,3.0,5,78.51462406567467,109.7866260543764,no pobre,basal,1,720.0,944.66669,0.0,47.0,9,52,25544,2,1.0
97,0.0,0.0,1.872,1.0,1.0,5,78.51462406567467,109.7866260543764,no pobre,basal,9,2400.0,816.5,1.0,27.0,6,52,25545,1,1.0
98,0.0,0.0,1.872,1.0,2.0,5,78.51462406567467,109.7866260543764,no pobre,basal,9,2400.0,816.5,1.0,27.0,7,52,25545,1,1.0
97,1.0,0.0,1.872,1.0,6.0,9,78.51462406567467,109.7866260543764,pobre,basal,3,875.0,565.0,1.0,83.0,12,52,25546,6,1.0
98,1.0,0.0,1.872,,,9,78.51462406567467,109.7866260543764,pobre,basal,3,875.0,565.0,1.0,83.0,13,52,25546,6,1.0
97,1.0,0.0,1.872,1.0,3.0,9,78.51462406567467,109.7866260543764,pobre,basal,3,875.0,565.0,1.0,83.0,10,52,25547,3,1.0
98,1.0,0.0,1.872,,,9,78.51462406567467,109.7866260543764,pobre,basal,3,875.0,565.0,1.0,83.0,11,52,25547,3,1.0
97,0.0,0.0,1.872,1.0,2.0,9,78.51462406567467,109.7866260543764,pobre,basal,3,875.0,565.0,1.0,83.0,9,52,25548,2,1.0
98,0.0,0.0,1.872,,,9,78.51462406567467,109.7866260543764,pobre,basal,3,875.0,565.0,1.0,83.0,10,52,25548,2,1.0
97,0.0,0.0,1.872,1.0,0.0,9,78.51462406567467,109.7866260543764,pobre,basal,3,875.0,565.0,1.0,83.0,6,52,25549,0,1.0
98,0.0,0.0,1.872,,,9,78.51462406567467,109.7866260543764,pobre,basal,3,875.0,565.0,1.0,83.0,7,52,25549,0,1.0
97,1.0,0.0,1.872,0.0,6.0,10,78.51462406567467,109.7866260543764,pobre,basal,6,0.0,699.5,1.0,58.0,15,52,25550,6,0.0
98,1.0,0.0,1.872,,,10,78.51462406567467,109.7866260543764,pobre,basal,6,0.0,699.5,1.0,58.0,16,52,25550,6,0.0
97,1.0,0.0,1.872,1.0,5.0,10,78.51462406567467,109.7866260543764,pobre,basal,6,0.0,699.5,1.0,58.0,12,52,25551,5,1.0
98,1.0,0.0,1.872,1.0,5.0,10,78.51462406567467,109.7866260543764,pobre,basal,6,0.0,699.5,1.0,58.0,13,52,25551,5,1.0
97,0.0,0.0,1.872,1.0,4.0,10,78.51462406567467,109.7866260543764,pobre,basal,6,0.0,699.5,1.0,58.0,11,52,25552,4,1.0
98,0.0,0.0,1.872,1.0,5.0,10,78.51462406567467,109.7866260543764,pobre,basal,6,0.0,699.5,1.0,58.0,12,52,25552,4,1.0
97,0.0,0.0,1.872,1.0,1.0,10,78.51462406567467,109.7866260543764,pobre,basal,6,0.0,699.5,1.0,58.0,8,52,25553,1,1.0
98,0.0,0.0,1.872,1.0,2.0,10,78.51462406567467,109.7866260543764,pobre,basal,6,0.0,699.5,1.0,58.0,9,52,25553,1,1.0
97,1.0,0.0,1.872,1.0,7.0,8,78.51462406567467,109.7866260543764,pobre,basal,2,1200.0,579.0,1.0,34.0,14,52,25554,7,1.0
98,1.0,0.0,1.872,1.0,8.0,8,78.51462406567467,109.7866260543764,pobre,basal,2,1200.0,579.0,1.0,34.0,15,52,25554,7,1.0
97,1.0,0.0,1.872,1.0,2.0,8,78.51462406567467,109.7866260543764,pobre,basal,2,1200.0,579.0,1.0,34.0,8,52,25555,2,1.0
98,1.0,0.0,1.872,1.0,3.0,8,78.51462406567467,109.7866260543764,pobre,basal,2,1200.0,579.0,1.0,34.0,9,52,25555,2,1.0
97,0.0,0.0,1.872,1.0,0.0,8,78.51462406567467,109.7866260543764,pobre,basal,2,1200.0,579.0,1.0,34.0,6,52,25556,0,1.0
98,0.0,0.0,1.872,1.0,1.0,8,78.51462406567467,109.7866260543764,pobre,basal,2,1200.0,579.0,1.0,34.0,7,52,25556,0,1.0
97,0.0,0.0,1.872,1.0,0.0,4,78.51462406567467,109.7866260543764,pobre,basal,3,1040.0,742.0,1.0,26.0,6,52,25557,0,1.0
98,0.0,0.0,1.872,1.0,1.0,4,78.51462406567467,109.7866260543764,pobre,basal,3,1040.0,742.0,1.0,26.0,7,52,25557,0,1.0
97,0.0,0.0,3.526,0.0,4.0,8,71.54576253652513,105.6310915433873,pobre,basal,2,0.0,721.0,1.0,38.0,16,51,25558,4,0.0
98,0.0,0.0,3.526,,,8,71.54576253652513,105.6310915433873,pobre,basal,2,0.0,721.0,1.0,38.0,17,51,25558,4,0.0
97,1.0,0.0,3.526,0.0,6.0,8,71.54576253652513,105.6310915433873,pobre,basal,2,0.0,721.0,1.0,38.0,13,51,25559,6,0.0
98,1.0,0.0,3.526,0.0,6.0,8,71.54576253652513,105.6310915433873,pobre,basal,2,0.0,721.0,1.0,38.0,14,51,25559,6,0.0
97,0.0,0.0,3.526,1.0,5.0,8,71.54576253652513,105.6310915433873,pobre,basal,2,0.0,721.0,1.0,38.0,12,51,25560,5,1.0
98,0.0,0.0,3.526,1.0,6.0,8,71.54576253652513,105.6310915433873,pobre,basal,2,0.0,721.0,1.0,38.0,13,51,25560,5,1.0
97,1.0,0.0,3.526,1.0,1.0,8,71.54576253652513,105.6310915433873,pobre,basal,2,0.0,721.0,1.0,38.0,8,51,25561,1,1.0
98,1.0,0.0,3.526,1.0,2.0,8,71.54576253652513,105.6310915433873,pobre,basal,2,0.0,721.0,1.0,38.0,9,51,25561,1,1.0
97,1.0,0.0,3.526,1.0,0.0,8,71.54576253652513,105.6310915433873,pobre,basal,2,0.0,721.0,1.0,38.0,6,51,25562,0,1.0
98,1.0,0.0,3.526,1.0,1.0,8,71.54576253652513,105.6310915433873,pobre,basal,2,0.0,721.0,1.0,38.0,7,51,25562,0,1.0
97,1.0,0.0,3.526,0.0,6.0,5,71.54576253652513,105.6310915433873,no pobre,basal,0,625.0,828.5,1.0,57.0,16,51,25563,6,0.0
98,1.0,0.0,3.526,,,5,71.54576253652513,105.6310915433873,no pobre,basal,0,625.0,828.5,1.0,57.0,17,51,25563,6,0.0
97,0.0,0.0,3.526,0.0,6.0,5,71.54576253652513,105.6310915433873,no pobre,basal,0,625.0,828.5,1.0,57.0,14,51,25564,6,0.0
98,0.0,0.0,3.526,0.0,6.0,5,71.54576253652513,105.6310915433873,no pobre,basal,0,625.0,828.5,1.0,57.0,15,51,25564,6,0.0
97,0.0,0.0,3.526,1.0,6.0,8,71.54576253652513,105.6310915433873,no pobre,basal,0,0.0,885.0,1.0,76.0,16,51,25565,6,1.0
98,0.0,0.0,3.526,,,8,71.54576253652513,105.6310915433873,no pobre,basal,0,0.0,885.0,1.0,76.0,17,51,25565,6,1.0
97,0.0,0.0,3.526,1.0,6.0,8,71.54576253652513,105.6310915433873,no pobre,basal,0,0.0,885.0,1.0,76.0,12,51,25566,6,1.0
98,0.0,0.0,3.526,0.0,6.0,8,71.54576253652513,105.6310915433873,no pobre,basal,0,0.0,885.0,1.0,76.0,13,51,25566,6,1.0
97,1.0,0.0,3.526,1.0,2.0,8,71.54576253652513,105.6310915433873,no pobre,basal,0,0.0,885.0,1.0,76.0,8,51,25567,2,1.0
98,1.0,0.0,3.526,1.0,3.0,8,71.54576253652513,105.6310915433873,no pobre,basal,0,0.0,885.0,1.0,76.0,9,51,25567,2,1.0
97,0.0,0.0,3.526,0.0,6.0,12,71.54576253652513,105.6310915433873,pobre,basal,0,600.0,751.0,1.0,65.0,16,51,25568,6,0.0
98,0.0,0.0,3.526,,,12,71.54576253652513,105.6310915433873,pobre,basal,0,600.0,751.0,1.0,65.0,17,51,25568,6,0.0
97,1.0,0.0,3.526,1.0,4.0,12,71.54576253652513,105.6310915433873,pobre,basal,0,600.0,751.0,1.0,65.0,10,51,25569,4,1.0
98,1.0,0.0,3.526,1.0,5.0,12,71.54576253652513,105.6310915433873,pobre,basal,0,600.0,751.0,1.0,65.0,11,51,25569,4,1.0
97,0.0,0.0,3.526,1.0,2.0,7,71.54576253652513,105.6310915433873,no pobre,basal,6,800.0,1007.3333,0.0,33.0,8,51,25570,2,1.0
98,0.0,0.0,3.526,1.0,3.0,7,71.54576253652513,105.6310915433873,no pobre,basal,6,800.0,1007.3333,0.0,33.0,9,51,25570,2,1.0
97,0.0,0.0,3.526,0.0,6.0,5,71.54576253652513,105.6310915433873,pobre,basal,0,208.33333,851.5,1.0,75.0,15,51,25571,6,0.0
98,0.0,0.0,3.526,0.0,6.0,5,71.54576253652513,105.6310915433873,pobre,basal,0,208.33333,851.5,1.0,75.0,16,51,25571,6,0.0
97,0.0,0.0,3.526,1.0,8.0,7,71.54576253652513,105.6310915433873,no pobre,basal,4,1120.0,714.14099,1.0,35.0,14,51,25572,8,1.0
98,0.0,0.0,3.526,1.0,9.0,7,71.54576253652513,105.6310915433873,no pobre,basal,4,1120.0,714.14099,1.0,35.0,15,51,25572,8,1.0
97,0.0,0.0,3.526,1.0,6.0,7,71.54576253652513,105.6310915433873,no pobre,basal,4,1120.0,714.14099,1.0,35.0,12,51,25573,6,1.0
98,0.0,0.0,3.526,1.0,7.0,7,71.54576253652513,105.6310915433873,no pobre,basal,4,1120.0,714.14099,1.0,35.0,13,51,25573,6,1.0
97,0.0,0.0,3.526,1.0,4.0,7,71.54576253652513,105.6310915433873,no pobre,basal,4,1120.0,714.14099,1.0,35.0,10,51,25574,4,1.0
98,0.0,0.0,3.526,1.0,5.0,7,71.54576253652513,105.6310915433873,no pobre,basal,4,1120.0,714.14099,1.0,35.0,11,51,25574,4,1.0
97,0.0,0.0,3.526,1.0,2.0,7,71.54576253652513,105.6310915433873,no pobre,basal,4,1120.0,714.14099,1.0,35.0,8,51,25575,2,1.0
98,0.0,0.0,3.526,1.0,3.0,7,71.54576253652513,105.6310915433873,no pobre,basal,4,1120.0,714.14099,1.0,35.0,9,51,25575,2,1.0
97,1.0,0.0,3.526,1.0,6.0,5,71.54576253652513,105.6310915433873,no pobre,basal,3,500.0,825.5,1.0,54.0,14,51,25576,6,1.0
98,1.0,0.0,3.526,1.0,9.0,5,71.54576253652513,105.6310915433873,no pobre,basal,3,500.0,825.5,1.0,54.0,15,51,25576,6,1.0
97,1.0,0.0,3.526,1.0,3.0,5,71.54576253652513,105.6310915433873,no pobre,basal,3,500.0,825.5,1.0,54.0,9,51,25577,3,1.0
98,1.0,0.0,3.526,1.0,4.0,5,71.54576253652513,105.6310915433873,no pobre,basal,3,500.0,825.5,1.0,54.0,10,51,25577,3,1.0
97,0.0,0.0,3.526,0.0,6.0,7,71.54576253652513,105.6310915433873,pobre,basal,3,1000.0,782.33331,1.0,48.0,16,51,25578,6,0.0
98,0.0,0.0,3.526,,,7,71.54576253652513,105.6310915433873,pobre,basal,3,1000.0,782.33331,1.0,48.0,17,51,25578,6,0.0
97,0.0,0.0,3.526,0.0,6.0,7,71.54576253652513,105.6310915433873,pobre,basal,3,1000.0,782.33331,1.0,48.0,14,51,25579,6,0.0
98,0.0,0.0,3.526,0.0,6.0,7,71.54576253652513,105.6310915433873,pobre,basal,3,1000.0,782.33331,1.0,48.0,15,51,25579,6,0.0
97,1.0,0.0,3.526,1.0,2.0,7,71.54576253652513,105.6310915433873,pobre,basal,3,1000.0,782.33331,1.0,48.0,8,51,25580,2,1.0
98,1.0,0.0,3.526,1.0,3.0,7,71.54576253652513,105.6310915433873,pobre,basal,3,1000.0,782.33331,1.0,48.0,9,51,25580,2,1.0
97,1.0,0.0,3.526,0.0,6.0,7,71.54576253652513,105.6310915433873,pobre,basal,6,750.0,585.0,1.0,53.0,13,51,25581,6,0.0
98,1.0,0.0,3.526,0.0,6.0,7,71.54576253652513,105.6310915433873,pobre,basal,6,750.0,585.0,1.0,53.0,14,51,25581,6,0.0
97,0.0,0.0,3.526,1.0,2.0,7,71.54576253652513,105.6310915433873,pobre,basal,6,750.0,585.0,1.0,53.0,8,51,25582,2,1.0
98,0.0,0.0,3.526,1.0,3.0,7,71.54576253652513,105.6310915433873,pobre,basal,6,750.0,585.0,1.0,53.0,9,51,25582,2,1.0
97,0.0,0.0,3.526,1.0,3.0,6,71.54576253652513,105.6310915433873,pobre,basal,2,720.0,661.0,1.0,41.0,9,51,25583,3,1.0
98,0.0,0.0,3.526,1.0,4.0,6,71.54576253652513,105.6310915433873,pobre,basal,2,720.0,661.0,1.0,41.0,10,51,25583,3,1.0
97,1.0,0.0,3.526,1.0,0.0,6,71.54576253652513,105.6310915433873,pobre,basal,2,720.0,661.0,1.0,41.0,7,51,25584,0,1.0
98,1.0,0.0,3.526,1.0,1.0,6,71.54576253652513,105.6310915433873,pobre,basal,2,720.0,661.0,1.0,41.0,8,51,25584,0,1.0
97,1.0,0.0,3.526,1.0,8.0,6,71.54576253652513,105.6310915433873,no pobre,basal,15,1060.0,984.0,1.0,41.0,14,51,25585,8,1.0
98,1.0,0.0,3.526,0.0,9.0,6,71.54576253652513,105.6310915433873,no pobre,basal,15,1060.0,984.0,1.0,41.0,15,51,25585,8,1.0
97,0.0,0.0,3.526,0.0,6.0,6,71.54576253652513,105.6310915433873,no pobre,basal,15,1060.0,984.0,1.0,41.0,12,51,25586,6,0.0
98,0.0,0.0,3.526,0.0,6.0,6,71.54576253652513,105.6310915433873,no pobre,basal,15,1060.0,984.0,1.0,41.0,13,51,25586,6,0.0
97,1.0,0.0,3.526,1.0,3.0,5,71.54576253652513,105.6310915433873,pobre,basal,3,625.0,774.466,1.0,42.0,9,51,25587,3,1.0
98,1.0,0.0,3.526,1.0,4.0,5,71.54576253652513,105.6310915433873,pobre,basal,3,625.0,774.466,1.0,42.0,10,51,25587,3,1.0
97,1.0,0.0,3.526,1.0,1.0,5,71.54576253652513,105.6310915433873,pobre,basal,3,625.0,774.466,1.0,42.0,7,51,25588,1,1.0
98,1.0,0.0,3.526,1.0,2.0,5,71.54576253652513,105.6310915433873,pobre,basal,3,625.0,774.466,1.0,42.0,8,51,25588,1,1.0
97,0.0,0.0,3.526,1.0,7.0,4,71.54576253652513,105.6310915433873,pobre,basal,2,750.0,741.0,1.0,60.0,14,51,25589,7,1.0
98,0.0,0.0,3.526,1.0,8.0,4,71.54576253652513,105.6310915433873,pobre,basal,2,750.0,741.0,1.0,60.0,15,51,25589,7,1.0
97,0.0,0.0,3.526,1.0,5.0,4,71.54576253652513,105.6310915433873,pobre,basal,2,750.0,741.0,1.0,60.0,11,51,25590,5,1.0
98,0.0,0.0,3.526,1.0,6.0,4,71.54576253652513,105.6310915433873,pobre,basal,2,750.0,741.0,1.0,60.0,12,51,25590,5,1.0
97,1.0,0.0,3.526,0.0,8.0,9,71.54576253652513,105.6310915433873,pobre,basal,5,875.0,557.0,1.0,45.0,13,51,25591,8,0.0
98,1.0,0.0,3.526,0.0,9.0,9,71.54576253652513,105.6310915433873,pobre,basal,5,875.0,557.0,1.0,45.0,14,51,25591,8,0.0
97,0.0,0.0,3.526,0.0,4.0,9,71.54576253652513,105.6310915433873,pobre,basal,5,875.0,557.0,1.0,45.0,10,51,25592,4,0.0
98,0.0,0.0,3.526,1.0,5.0,9,71.54576253652513,105.6310915433873,pobre,basal,5,875.0,557.0,1.0,45.0,11,51,25592,4,0.0
97,1.0,0.0,3.526,0.0,4.0,9,71.54576253652513,105.6310915433873,pobre,basal,5,875.0,557.0,1.0,45.0,9,51,25593,4,0.0
98,1.0,0.0,3.526,1.0,4.0,9,71.54576253652513,105.6310915433873,pobre,basal,5,875.0,557.0,1.0,45.0,10,51,25593,4,0.0
97,0.0,0.0,3.526,0.0,0.0,9,71.54576253652513,105.6310915433873,pobre,basal,5,875.0,557.0,1.0,45.0,6,51,25594,0,0.0
98,0.0,0.0,3.526,1.0,1.0,9,71.54576253652513,105.6310915433873,pobre,basal,5,875.0,557.0,1.0,45.0,7,51,25594,0,0.0
97,0.0,0.0,3.526,1.0,4.0,10,71.54576253652513,105.6310915433873,pobre,basal,0,0.0,780.0,1.0,66.0,11,51,25595,4,1.0
98,0.0,0.0,3.526,1.0,5.0,10,71.54576253652513,105.6310915433873,pobre,basal,0,0.0,780.0,1.0,66.0,12,51,25595,4,1.0
97,1.0,0.0,3.526,1.0,3.0,10,71.54576253652513,105.6310915433873,pobre,basal,0,0.0,780.0,1.0,66.0,9,51,25596,3,1.0
98,1.0,0.0,3.526,1.0,4.0,10,71.54576253652513,105.6310915433873,pobre,basal,0,0.0,780.0,1.0,66.0,10,51,25596,3,1.0
97,1.0,0.0,3.526,1.0,2.0,10,71.54576253652513,105.6310915433873,pobre,basal,0,0.0,780.0,1.0,66.0,7,51,25597,2,1.0
98,1.0,0.0,3.526,1.0,3.0,10,71.54576253652513,105.6310915433873,pobre,basal,0,0.0,780.0,1.0,66.0,8,51,25597,2,1.0
97,1.0,0.0,3.526,1.0,0.0,10,71.54576253652513,105.6310915433873,pobre,basal,0,0.0,780.0,1.0,66.0,6,51,25598,0,1.0
98,1.0,0.0,3.526,1.0,1.0,10,71.54576253652513,105.6310915433873,pobre,basal,0,0.0,780.0,1.0,66.0,7,51,25598,0,1.0
97,1.0,0.0,3.526,1.0,3.0,5,71.54576253652513,105.6310915433873,pobre,basal,9,875.0,715.0,1.0,33.0,10,51,25599,3,1.0
98,1.0,0.0,3.526,1.0,4.0,5,71.54576253652513,105.6310915433873,pobre,basal,9,875.0,715.0,1.0,33.0,11,51,25599,3,1.0
97,1.0,0.0,3.526,1.0,3.0,5,71.54576253652513,105.6310915433873,pobre,basal,9,875.0,715.0,1.0,33.0,9,51,25600,3,1.0
98,1.0,0.0,3.526,1.0,4.0,5,71.54576253652513,105.6310915433873,pobre,basal,9,875.0,715.0,1.0,33.0,10,51,25600,3,1.0
97,1.0,0.0,3.526,1.0,0.0,4,71.54576253652513,105.6310915433873,pobre,basal,0,140.0,834.0,1.0,54.0,6,51,25601,0,1.0
98,1.0,0.0,3.526,1.0,1.0,4,71.54576253652513,105.6310915433873,pobre,basal,0,140.0,834.0,1.0,54.0,7,51,25601,0,1.0
97,1.0,0.0,3.526,1.0,5.0,7,71.54576253652513,105.6310915433873,no pobre,basal,3,978.0,836.5,1.0,35.0,12,51,25602,5,1.0
98,1.0,0.0,3.526,1.0,6.0,7,71.54576253652513,105.6310915433873,no pobre,basal,3,978.0,836.5,1.0,35.0,13,51,25602,5,1.0
97,0.0,0.0,3.526,1.0,4.0,7,71.54576253652513,105.6310915433873,no pobre,basal,3,978.0,836.5,1.0,35.0,10,51,25603,4,1.0
98,0.0,0.0,3.526,1.0,5.0,7,71.54576253652513,105.6310915433873,no pobre,basal,3,978.0,836.5,1.0,35.0,11,51,25603,4,1.0
97,0.0,0.0,3.526,1.0,2.0,7,71.54576253652513,105.6310915433873,no pobre,basal,3,978.0,836.5,1.0,35.0,9,51,25604,2,1.0
98,0.0,0.0,3.526,1.0,3.0,7,71.54576253652513,105.6310915433873,no pobre,basal,3,978.0,836.5,1.0,35.0,10,51,25604,2,1.0
97,0.0,0.0,3.526,1.0,4.0,5,71.54576253652513,105.6310915433873,no pobre,basal,6,0.0,878.0,1.0,31.0,11,51,25605,4,1.0
98,0.0,0.0,3.526,1.0,5.0,5,71.54576253652513,105.6310915433873,no pobre,basal,6,0.0,878.0,1.0,31.0,12,51,25605,4,1.0
97,0.0,0.0,3.526,1.0,2.0,5,71.54576253652513,105.6310915433873,no pobre,basal,6,0.0,878.0,1.0,31.0,10,51,25606,2,1.0
98,0.0,0.0,3.526,1.0,3.0,5,71.54576253652513,105.6310915433873,no pobre,basal,6,0.0,878.0,1.0,31.0,11,51,25606,2,1.0
97,0.0,0.0,3.526,1.0,0.0,5,71.54576253652513,105.6310915433873,no pobre,basal,6,0.0,878.0,1.0,31.0,6,51,25607,0,1.0
98,0.0,0.0,3.526,1.0,1.0,5,71.54576253652513,105.6310915433873,no pobre,basal,6,0.0,878.0,1.0,31.0,7,51,25607,0,1.0
97,1.0,0.0,3.526,0.0,6.0,10,71.54576253652513,105.6310915433873,pobre,basal,4,625.0,677.5,1.0,28.0,15,51,25608,6,0.0
98,1.0,0.0,3.526,0.0,6.0,10,71.54576253652513,105.6310915433873,pobre,basal,4,625.0,677.5,1.0,28.0,16,51,25608,6,0.0
97,0.0,0.0,3.526,0.0,6.0,10,71.54576253652513,105.6310915433873,pobre,basal,4,625.0,677.5,1.0,28.0,12,51,25609,6,0.0
98,0.0,0.0,3.526,0.0,6.0,10,71.54576253652513,105.6310915433873,pobre,basal,4,625.0,677.5,1.0,28.0,13,51,25609,6,0.0
97,1.0,0.0,3.526,0.0,9.0,7,71.54576253652513,105.6310915433873,no pobre,basal,2,750.0,822.33331,1.0,44.0,16,51,25610,9,0.0
98,1.0,0.0,3.526,,,7,71.54576253652513,105.6310915433873,no pobre,basal,2,750.0,822.33331,1.0,44.0,17,51,25610,9,0.0
97,1.0,0.0,3.526,1.0,8.0,7,71.54576253652513,105.6310915433873,no pobre,basal,2,750.0,822.33331,1.0,44.0,15,51,25611,8,1.0
98,1.0,0.0,3.526,0.0,9.0,7,71.54576253652513,105.6310915433873,no pobre,basal,2,750.0,822.33331,1.0,44.0,16,51,25611,8,1.0
97,1.0,0.0,3.526,1.0,5.0,7,71.54576253652513,105.6310915433873,no pobre,basal,2,750.0,822.33331,1.0,44.0,11,51,25612,5,1.0
98,1.0,0.0,3.526,1.0,6.0,7,71.54576253652513,105.6310915433873,no pobre,basal,2,750.0,822.33331,1.0,44.0,12,51,25612,5,1.0
97,0.0,0.0,3.526,1.0,1.0,7,71.54576253652513,105.6310915433873,no pobre,basal,2,750.0,822.33331,1.0,44.0,7,51,25613,1,1.0
98,0.0,0.0,3.526,1.0,2.0,7,71.54576253652513,105.6310915433873,no pobre,basal,2,750.0,822.33331,1.0,44.0,8,51,25613,1,1.0
97,1.0,0.0,3.526,0.0,9.0,9,71.54576253652513,105.6310915433873,pobre,basal,3,1560.0,684.5,1.0,41.0,15,51,25614,9,0.0
98,1.0,0.0,3.526,0.0,9.0,9,71.54576253652513,105.6310915433873,pobre,basal,3,1560.0,684.5,1.0,41.0,16,51,25614,9,0.0
97,0.0,0.0,3.526,1.0,4.0,9,71.54576253652513,105.6310915433873,pobre,basal,3,1560.0,684.5,1.0,41.0,10,51,25615,4,1.0
98,0.0,0.0,3.526,1.0,5.0,9,71.54576253652513,105.6310915433873,pobre,basal,3,1560.0,684.5,1.0,41.0,11,51,25615,4,1.0
97,1.0,0.0,2.7980001,1.0,1.0,7,105.4602118382967,123.6206126885586,pobre,basal,6,800.0,683.0,1.0,52.0,7,67,25616,1,1.0
98,1.0,0.0,2.7980001,,,7,105.4602118382967,123.6206126885586,pobre,basal,6,800.0,683.0,1.0,52.0,8,67,25616,1,1.0
97,1.0,0.0,2.7980001,1.0,0.0,7,105.4602118382967,123.6206126885586,pobre,basal,6,800.0,683.0,1.0,52.0,6,67,25617,0,1.0
98,1.0,0.0,2.7980001,,,7,105.4602118382967,123.6206126885586,pobre,basal,6,800.0,683.0,1.0,52.0,7,67,25617,0,1.0
97,1.0,0.0,2.7980001,1.0,8.0,6,105.4602118382967,123.6206126885586,no pobre,basal,6,1600.0,782.0,1.0,43.0,13,67,25618,8,1.0
98,1.0,0.0,2.7980001,1.0,9.0,6,105.4602118382967,123.6206126885586,no pobre,basal,6,1600.0,782.0,1.0,43.0,14,67,25618,8,1.0
97,1.0,0.0,2.7980001,1.0,3.0,4,105.4602118382967,123.6206126885586,pobre,basal,6,625.0,685.0,1.0,42.0,9,67,25619,3,1.0
98,1.0,0.0,2.7980001,1.0,4.0,4,105.4602118382967,123.6206126885586,pobre,basal,6,625.0,685.0,1.0,42.0,10,67,25619,3,1.0
97,0.0,0.0,2.7980001,1.0,0.0,4,105.4602118382967,123.6206126885586,no pobre,basal,9,6000.0,866.0,1.0,33.0,6,67,25620,0,1.0
98,0.0,0.0,2.7980001,,,4,105.4602118382967,123.6206126885586,no pobre,basal,9,6000.0,866.0,1.0,33.0,7,67,25620,0,1.0
97,0.0,0.0,2.7980001,1.0,6.0,6,105.4602118382967,123.6206126885586,pobre,basal,4,600.0,607.0,1.0,31.0,11,67,25621,6,1.0
98,0.0,0.0,2.7980001,1.0,6.0,6,105.4602118382967,123.6206126885586,pobre,basal,4,600.0,607.0,1.0,31.0,12,67,25621,6,1.0
97,0.0,0.0,2.7980001,1.0,2.0,6,105.4602118382967,123.6206126885586,pobre,basal,4,600.0,607.0,1.0,31.0,7,67,25622,2,1.0
98,0.0,0.0,2.7980001,1.0,3.0,6,105.4602118382967,123.6206126885586,pobre,basal,4,600.0,607.0,1.0,31.0,8,67,25622,2,1.0
97,1.0,0.0,2.7980001,1.0,6.0,4,105.4602118382967,123.6206126885586,pobre,basal,0,0.0,559.0,1.0,37.0,11,67,25623,6,1.0
98,1.0,0.0,2.7980001,1.0,7.0,4,105.4602118382967,123.6206126885586,pobre,basal,0,0.0,559.0,1.0,37.0,12,67,25623,6,1.0
97,0.0,0.0,2.7980001,1.0,6.0,10,105.4602118382967,123.6206126885586,pobre,basal,0,1250.0,484.0,1.0,41.0,15,67,25624,6,1.0
98,0.0,0.0,2.7980001,,,10,105.4602118382967,123.6206126885586,pobre,basal,0,1250.0,484.0,1.0,41.0,16,67,25624,6,1.0
97,0.0,0.0,2.7980001,1.0,6.0,10,105.4602118382967,123.6206126885586,pobre,basal,0,1250.0,484.0,1.0,41.0,14,67,25625,6,1.0
98,0.0,0.0,2.7980001,1.0,7.0,10,105.4602118382967,123.6206126885586,pobre,basal,0,1250.0,484.0,1.0,41.0,15,67,25625,6,1.0
97,0.0,0.0,2.7980001,1.0,4.0,10,105.4602118382967,123.6206126885586,pobre,basal,0,1250.0,484.0,1.0,41.0,12,67,25626,4,1.0
98,0.0,0.0,2.7980001,1.0,5.0,10,105.4602118382967,123.6206126885586,pobre,basal,0,1250.0,484.0,1.0,41.0,13,67,25626,4,1.0
97,1.0,0.0,2.7980001,1.0,2.0,10,105.4602118382967,123.6206126885586,pobre,basal,0,1250.0,484.0,1.0,41.0,8,67,25627,2,1.0
98,1.0,0.0,2.7980001,1.0,3.0,10,105.4602118382967,123.6206126885586,pobre,basal,0,1250.0,484.0,1.0,41.0,9,67,25627,2,1.0
97,1.0,0.0,2.7980001,1.0,3.0,5,105.4602118382967,123.6206126885586,pobre,basal,6,1200.0,687.0,1.0,26.0,11,67,25628,3,1.0
98,1.0,0.0,2.7980001,1.0,4.0,5,105.4602118382967,123.6206126885586,pobre,basal,6,1200.0,687.0,1.0,26.0,12,67,25628,3,1.0
97,0.0,0.0,2.7980001,0.0,6.0,6,105.4602118382967,123.6206126885586,pobre,basal,6,800.0,611.0,1.0,36.0,14,67,25629,6,0.0
98,0.0,0.0,2.7980001,0.0,6.0,6,105.4602118382967,123.6206126885586,pobre,basal,6,800.0,611.0,1.0,36.0,15,67,25629,6,0.0
97,0.0,0.0,2.7980001,1.0,5.0,6,105.4602118382967,123.6206126885586,pobre,basal,6,800.0,611.0,1.0,36.0,10,67,25630,5,1.0
98,0.0,0.0,2.7980001,1.0,5.0,6,105.4602118382967,123.6206126885586,pobre,basal,6,800.0,611.0,1.0,36.0,11,67,25630,5,1.0
97,1.0,0.0,2.7980001,1.0,3.0,6,105.4602118382967,123.6206126885586,pobre,basal,6,800.0,611.0,1.0,36.0,8,67,25631,3,1.0
98,1.0,0.0,2.7980001,1.0,4.0,6,105.4602118382967,123.6206126885586,pobre,basal,6,800.0,611.0,1.0,36.0,9,67,25631,3,1.0
97,1.0,0.0,2.7980001,1.0,1.0,6,105.4602118382967,123.6206126885586,pobre,basal,6,800.0,611.0,1.0,36.0,6,67,25632,1,1.0
98,1.0,0.0,2.7980001,1.0,1.0,6,105.4602118382967,123.6206126885586,pobre,basal,6,800.0,611.0,1.0,36.0,7,67,25632,1,1.0
97,1.0,0.0,2.7980001,1.0,8.0,6,105.4602118382967,123.6206126885586,no pobre,basal,14,500.0,940.0,1.0,46.0,13,67,25633,8,1.0
98,1.0,0.0,2.7980001,1.0,9.0,6,105.4602118382967,123.6206126885586,no pobre,basal,14,500.0,940.0,1.0,46.0,14,67,25633,8,1.0
97,1.0,0.0,2.7980001,1.0,3.0,4,105.4602118382967,123.6206126885586,pobre,basal,6,1600.0,714.0,1.0,21.0,9,67,25634,3,1.0
98,1.0,0.0,2.7980001,1.0,4.0,4,105.4602118382967,123.6206126885586,pobre,basal,6,1600.0,714.0,1.0,21.0,10,67,25634,3,1.0
97,0.0,0.0,2.7980001,1.0,0.0,4,105.4602118382967,123.6206126885586,pobre,basal,6,1600.0,714.0,1.0,21.0,6,67,25635,0,1.0
98,0.0,0.0,2.7980001,1.0,1.0,4,105.4602118382967,123.6206126885586,pobre,basal,6,1600.0,714.0,1.0,21.0,7,67,25635,0,1.0
97,1.0,0.0,2.7980001,1.0,6.0,5,105.4602118382967,123.6206126885586,no pobre,basal,6,0.0,861.5,1.0,50.0,12,67,25636,6,1.0
98,1.0,0.0,2.7980001,1.0,7.0,5,105.4602118382967,123.6206126885586,no pobre,basal,6,0.0,861.5,1.0,50.0,13,67,25636,6,1.0
97,1.0,0.0,2.7980001,0.0,9.0,8,105.4602118382967,123.6206126885586,pobre,basal,2,625.0,678.0,1.0,38.0,16,67,25637,9,0.0
98,1.0,0.0,2.7980001,,,8,105.4602118382967,123.6206126885586,pobre,basal,2,625.0,678.0,1.0,38.0,17,67,25637,9,0.0
97,0.0,0.0,2.7980001,1.0,6.0,8,105.4602118382967,123.6206126885586,pobre,basal,2,625.0,678.0,1.0,38.0,13,67,25638,6,1.0
98,0.0,0.0,2.7980001,1.0,7.0,8,105.4602118382967,123.6206126885586,pobre,basal,2,625.0,678.0,1.0,38.0,14,67,25638,6,1.0
97,1.0,0.0,2.7980001,1.0,4.0,8,105.4602118382967,123.6206126885586,pobre,basal,2,625.0,678.0,1.0,38.0,12,67,25639,4,1.0
98,1.0,0.0,2.7980001,1.0,5.0,8,105.4602118382967,123.6206126885586,pobre,basal,2,625.0,678.0,1.0,38.0,13,67,25639,4,1.0
97,1.0,0.0,2.7980001,1.0,3.0,8,105.4602118382967,123.6206126885586,pobre,basal,2,625.0,678.0,1.0,38.0,8,67,25640,3,1.0
98,1.0,0.0,2.7980001,1.0,3.0,8,105.4602118382967,123.6206126885586,pobre,basal,2,625.0,678.0,1.0,38.0,9,67,25640,3,1.0
97,1.0,0.0,2.7980001,1.0,7.0,6,105.4602118382967,123.6206126885586,no pobre,basal,9,0.0,922.0,1.0,41.0,13,67,25641,7,1.0
98,1.0,0.0,2.7980001,1.0,8.0,6,105.4602118382967,123.6206126885586,no pobre,basal,9,0.0,922.0,1.0,41.0,14,67,25641,7,1.0
97,1.0,0.0,2.7980001,0.0,5.0,6,105.4602118382967,123.6206126885586,pobre,basal,5,0.0,829.5,1.0,63.0,15,67,25642,5,0.0
98,1.0,0.0,2.7980001,0.0,5.0,6,105.4602118382967,123.6206126885586,pobre,basal,5,0.0,829.5,1.0,63.0,16,67,25642,5,0.0
97,0.0,0.0,2.7980001,1.0,10.0,5,105.4602118382967,123.6206126885586,no pobre,basal,2,800.0,915.0,1.0,61.0,16,67,25643,10,1.0
98,0.0,0.0,2.7980001,,,5,105.4602118382967,123.6206126885586,no pobre,basal,2,800.0,915.0,1.0,61.0,17,67,25643,10,1.0
97,0.0,0.0,2.7980001,1.0,6.0,8,105.4602118382967,123.6206126885586,no pobre,basal,2,2500.0,835.66669,1.0,59.0,16,67,25644,6,1.0
98,0.0,0.0,2.7980001,,,8,105.4602118382967,123.6206126885586,no pobre,basal,2,2500.0,835.66669,1.0,59.0,17,67,25644,6,1.0
97,0.0,0.0,2.7980001,1.0,6.0,8,105.4602118382967,123.6206126885586,no pobre,basal,2,2500.0,835.66669,1.0,59.0,14,67,25645,6,1.0
98,0.0,0.0,2.7980001,0.0,6.0,8,105.4602118382967,123.6206126885586,no pobre,basal,2,2500.0,835.66669,1.0,59.0,15,67,25645,6,1.0
97,1.0,0.0,2.7980001,1.0,3.0,8,105.4602118382967,123.6206126885586,no pobre,basal,2,2500.0,835.66669,1.0,59.0,7,67,25646,3,1.0
98,1.0,0.0,2.7980001,1.0,3.0,8,105.4602118382967,123.6206126885586,no pobre,basal,2,2500.0,835.66669,1.0,59.0,8,67,25646,3,1.0
97,0.0,0.0,4.1420002,0.0,3.0,7,71.44306807981016,96.4302054665998,pobre,0,0,625.0,728.5,1.0,44.0,16,94,25647,3,0.0
98,0.0,0.0,4.1420002,,,7,71.44306807981016,96.4302054665998,pobre,0,0,625.0,728.5,1.0,44.0,17,94,25647,3,0.0
97,0.0,0.0,4.1420002,1.0,4.0,7,71.44306807981016,96.4302054665998,pobre,0,0,625.0,728.5,1.0,44.0,12,94,25648,4,1.0
98,0.0,0.0,4.1420002,0.0,5.0,7,71.44306807981016,96.4302054665998,pobre,0,0,625.0,728.5,1.0,44.0,13,94,25648,4,1.0
97,0.0,0.0,4.1420002,1.0,1.0,7,71.44306807981016,96.4302054665998,pobre,0,0,625.0,728.5,1.0,44.0,10,94,25649,1,1.0
98,0.0,0.0,4.1420002,1.0,2.0,7,71.44306807981016,96.4302054665998,pobre,0,0,625.0,728.5,1.0,44.0,11,94,25649,1,1.0
97,0.0,0.0,4.1420002,1.0,1.0,7,71.44306807981016,96.4302054665998,pobre,0,0,625.0,728.5,1.0,44.0,7,94,25650,1,1.0
98,0.0,0.0,4.1420002,1.0,2.0,7,71.44306807981016,96.4302054665998,pobre,0,0,625.0,728.5,1.0,44.0,8,94,25650,1,1.0
97,0.0,0.0,4.1420002,,5.0,10,71.44306807981016,96.4302054665998,no pobre,0,0,280.0,857.5,1.0,66.0,13,94,25651,5,
98,0.0,0.0,4.1420002,1.0,4.0,10,71.44306807981016,96.4302054665998,no pobre,0,0,280.0,857.5,1.0,66.0,14,94,25651,5,
97,1.0,0.0,4.1420002,,2.0,10,71.44306807981016,96.4302054665998,no pobre,0,0,280.0,857.5,1.0,66.0,9,94,25652,2,
98,1.0,0.0,4.1420002,1.0,1.0,10,71.44306807981016,96.4302054665998,no pobre,0,0,280.0,857.5,1.0,66.0,10,94,25652,2,
97,1.0,0.0,4.1420002,,3.0,10,71.44306807981016,96.4302054665998,no pobre,0,0,280.0,857.5,1.0,66.0,10,94,25653,3,
98,1.0,0.0,4.1420002,1.0,3.0,10,71.44306807981016,96.4302054665998,no pobre,0,0,280.0,857.5,1.0,66.0,11,94,25653,3,
97,1.0,0.0,4.1420002,1.0,1.0,5,71.44306807981016,96.4302054665998,pobre,0,0,800.0,675.0,1.0,32.0,6,94,25654,1,1.0
98,1.0,0.0,4.1420002,,,5,71.44306807981016,96.4302054665998,pobre,0,0,800.0,675.0,1.0,32.0,7,94,25654,1,1.0
97,0.0,0.0,4.1420002,1.0,4.0,5,71.44306807981016,96.4302054665998,pobre,0,0,800.0,675.0,1.0,32.0,13,94,25655,4,1.0
98,0.0,0.0,4.1420002,1.0,5.0,5,71.44306807981016,96.4302054665998,pobre,0,0,800.0,675.0,1.0,32.0,14,94,25655,4,1.0
97,1.0,0.0,4.1420002,1.0,8.0,6,71.44306807981016,96.4302054665998,pobre,0,2,500.0,687.0,1.0,42.0,14,94,25656,8,1.0
98,1.0,0.0,4.1420002,1.0,9.0,6,71.44306807981016,96.4302054665998,pobre,0,2,500.0,687.0,1.0,42.0,15,94,25656,8,1.0
97,1.0,0.0,4.1420002,1.0,3.0,6,71.44306807981016,96.4302054665998,pobre,0,2,500.0,687.0,1.0,42.0,12,94,25657,3,1.0
98,1.0,0.0,4.1420002,1.0,4.0,6,71.44306807981016,96.4302054665998,pobre,0,2,500.0,687.0,1.0,42.0,13,94,25657,3,1.0
97,0.0,0.0,4.1420002,1.0,2.0,6,71.44306807981016,96.4302054665998,pobre,0,2,500.0,687.0,1.0,42.0,8,94,25658,2,1.0
98,0.0,0.0,4.1420002,1.0,3.0,6,71.44306807981016,96.4302054665998,pobre,0,2,500.0,687.0,1.0,42.0,9,94,25658,2,1.0
97,0.0,0.0,4.1420002,1.0,3.0,6,71.44306807981016,96.4302054665998,pobre,0,2,500.0,687.0,1.0,42.0,6,94,25659,3,1.0
98,0.0,0.0,4.1420002,1.0,1.0,6,71.44306807981016,96.4302054665998,pobre,0,2,500.0,687.0,1.0,42.0,7,94,25659,3,1.0
97,0.0,0.0,4.1420002,0.0,6.0,3,71.44306807981016,96.4302054665998,pobre,0,3,83.333336,760.0,1.0,77.0,14,94,25660,6,0.0
98,0.0,0.0,4.1420002,,,3,71.44306807981016,96.4302054665998,pobre,0,3,83.333336,760.0,1.0,77.0,15,94,25660,6,0.0
97,0.0,0.0,4.1420002,1.0,5.0,9,71.44306807981016,96.4302054665998,pobre,0,0,41.666668,705.5,1.0,57.0,13,94,25661,5,1.0
98,0.0,0.0,4.1420002,1.0,6.0,9,71.44306807981016,96.4302054665998,pobre,0,0,41.666668,705.5,1.0,57.0,14,94,25661,5,1.0
97,1.0,0.0,4.1420002,1.0,2.0,9,71.44306807981016,96.4302054665998,pobre,0,0,41.666668,705.5,1.0,57.0,11,94,25662,2,1.0
98,1.0,0.0,4.1420002,1.0,3.0,9,71.44306807981016,96.4302054665998,pobre,0,0,41.666668,705.5,1.0,57.0,12,94,25662,2,1.0
97,1.0,0.0,4.1420002,1.0,0.0,9,71.44306807981016,96.4302054665998,pobre,0,0,41.666668,705.5,1.0,57.0,6,94,25663,0,1.0
98,1.0,0.0,4.1420002,,,9,71.44306807981016,96.4302054665998,pobre,0,0,41.666668,705.5,1.0,57.0,7,94,25663,0,1.0
97,0.0,0.0,4.1420002,0.0,6.0,6,71.44306807981016,96.4302054665998,pobre,0,4,50.0,669.0,1.0,38.0,13,94,25664,6,0.0
98,0.0,0.0,4.1420002,0.0,6.0,6,71.44306807981016,96.4302054665998,pobre,0,4,50.0,669.0,1.0,38.0,14,94,25664,6,0.0
97,1.0,0.0,4.1420002,1.0,4.0,6,71.44306807981016,96.4302054665998,pobre,0,4,50.0,669.0,1.0,38.0,11,94,25665,4,1.0
98,1.0,0.0,4.1420002,1.0,5.0,6,71.44306807981016,96.4302054665998,pobre,0,4,50.0,669.0,1.0,38.0,12,94,25665,4,1.0
97,1.0,0.0,4.1420002,1.0,1.0,7,71.44306807981016,96.4302054665998,pobre,0,0,400.0,744.33331,1.0,52.0,6,94,25666,1,1.0
98,1.0,0.0,4.1420002,1.0,2.0,7,71.44306807981016,96.4302054665998,pobre,0,0,400.0,744.33331,1.0,52.0,7,94,25666,1,1.0
97,1.0,0.0,4.1420002,1.0,5.0,5,71.44306807981016,96.4302054665998,pobre,0,0,750.0,653.0,1.0,51.0,11,94,25667,5,1.0
98,1.0,0.0,4.1420002,1.0,6.0,5,71.44306807981016,96.4302054665998,pobre,0,0,750.0,653.0,1.0,51.0,12,94,25667,5,1.0
97,0.0,0.0,4.1420002,1.0,3.0,5,71.44306807981016,96.4302054665998,pobre,0,0,750.0,653.0,1.0,51.0,9,94,25668,3,1.0
98,0.0,0.0,4.1420002,1.0,4.0,5,71.44306807981016,96.4302054665998,pobre,0,0,750.0,653.0,1.0,51.0,10,94,25668,3,1.0
97,0.0,0.0,4.1420002,1.0,0.0,5,71.44306807981016,96.4302054665998,pobre,0,0,750.0,653.0,1.0,51.0,6,94,25669,0,1.0
98,0.0,0.0,4.1420002,1.0,1.0,5,71.44306807981016,96.4302054665998,pobre,0,0,750.0,653.0,1.0,51.0,7,94,25669,0,1.0
97,1.0,0.0,4.1420002,1.0,6.0,4,71.44306807981016,96.4302054665998,pobre,0,1,500.0,691.0,1.0,33.0,12,94,25670,6,1.0
98,1.0,0.0,4.1420002,1.0,7.0,4,71.44306807981016,96.4302054665998,pobre,0,1,500.0,691.0,1.0,33.0,13,94,25670,6,1.0
97,1.0,0.0,4.1420002,0.0,6.0,10,71.44306807981016,96.4302054665998,no pobre,0,0,0.0,1086.6666,1.0,54.0,14,94,25671,6,0.0
98,1.0,0.0,4.1420002,,,10,71.44306807981016,96.4302054665998,no pobre,0,0,0.0,1086.6666,1.0,54.0,15,94,25671,6,0.0
97,0.0,0.0,4.1420002,1.0,0.0,5,71.44306807981016,96.4302054665998,pobre,0,9,1200.0,730.0,1.0,27.0,6,94,25672,0,1.0
98,0.0,0.0,4.1420002,1.0,1.0,5,71.44306807981016,96.4302054665998,pobre,0,9,1200.0,730.0,1.0,27.0,7,94,25672,0,1.0
97,1.0,0.0,4.1420002,1.0,5.0,5,71.44306807981016,96.4302054665998,pobre,0,0,0.0,653.0,1.0,79.0,13,94,25673,5,1.0
98,1.0,0.0,4.1420002,1.0,6.0,5,71.44306807981016,96.4302054665998,pobre,0,0,0.0,653.0,1.0,79.0,14,94,25673,5,1.0
97,0.0,0.0,4.1420002,1.0,7.0,5,71.44306807981016,96.4302054665998,pobre,0,0,0.0,653.0,1.0,79.0,14,94,25674,7,1.0
98,0.0,0.0,4.1420002,1.0,6.0,5,71.44306807981016,96.4302054665998,pobre,0,0,0.0,653.0,1.0,79.0,15,94,25674,7,1.0
97,1.0,0.0,4.1420002,0.0,9.0,5,71.44306807981016,96.4302054665998,no pobre,0,6,1250.0,963.5,1.0,42.0,15,94,25675,9,0.0
98,1.0,0.0,4.1420002,,,5,71.44306807981016,96.4302054665998,no pobre,0,6,1250.0,963.5,1.0,42.0,16,94,25675,9,0.0
97,1.0,0.0,4.1420002,1.0,8.0,4,71.44306807981016,96.4302054665998,pobre,0,6,1000.0,894.0,1.0,50.0,14,94,25676,8,1.0
98,1.0,0.0,4.1420002,1.0,8.0,4,71.44306807981016,96.4302054665998,pobre,0,6,1000.0,894.0,1.0,50.0,15,94,25676,8,1.0
97,0.0,0.0,4.1420002,0.0,7.0,11,71.44306807981016,96.4302054665998,no pobre,0,0,400.0,854.75,1.0,65.0,16,94,25677,7,0.0
98,0.0,0.0,4.1420002,,,11,71.44306807981016,96.4302054665998,no pobre,0,0,400.0,854.75,1.0,65.0,17,94,25677,7,0.0
97,0.0,0.0,4.1420002,1.0,8.0,11,71.44306807981016,96.4302054665998,no pobre,0,0,400.0,854.75,1.0,65.0,15,94,25678,8,1.0
98,0.0,0.0,4.1420002,0.0,9.0,11,71.44306807981016,96.4302054665998,no pobre,0,0,400.0,854.75,1.0,65.0,16,94,25678,8,1.0
97,1.0,0.0,4.1420002,1.0,6.0,11,71.44306807981016,96.4302054665998,no pobre,0,0,400.0,854.75,1.0,65.0,12,94,25679,6,1.0
98,1.0,0.0,4.1420002,1.0,7.0,11,71.44306807981016,96.4302054665998,no pobre,0,0,400.0,854.75,1.0,65.0,13,94,25679,6,1.0
97,1.0,0.0,4.1420002,1.0,3.0,11,71.44306807981016,96.4302054665998,no pobre,0,0,400.0,854.75,1.0,65.0,9,94,25680,3,1.0
98,1.0,0.0,4.1420002,1.0,3.0,11,71.44306807981016,96.4302054665998,no pobre,0,0,400.0,854.75,1.0,65.0,10,94,25680,3,1.0
97,1.0,,4.1420002,1.0,3.0,6,71.44306807981016,96.4302054665998,pobre,0,2,800.0,650.0,1.0,30.0,6,94,25681,3,1.0
98,1.0,,4.1420002,,,6,71.44306807981016,96.4302054665998,pobre,0,2,800.0,650.0,1.0,30.0,7,94,25681,3,1.0
97,1.0,0.0,4.1420002,1.0,5.0,2,71.44306807981016,96.4302054665998,pobre,0,1,750.0,842.0,0.0,44.0,12,94,25682,5,1.0
98,1.0,0.0,4.1420002,1.0,6.0,2,71.44306807981016,96.4302054665998,pobre,0,1,750.0,842.0,0.0,44.0,13,94,25682,5,1.0
97,0.0,0.0,4.1420002,1.0,2.0,5,71.44306807981016,96.4302054665998,pobre,0,3,800.0,637.0,1.0,32.0,9,94,25683,2,1.0
98,0.0,0.0,4.1420002,1.0,3.0,5,71.44306807981016,96.4302054665998,pobre,0,3,800.0,637.0,1.0,32.0,10,94,25683,2,1.0
97,1.0,0.0,4.1420002,1.0,7.0,9,71.44306807981016,96.4302054665998,no pobre,0,2,1520.0,845.25,1.0,47.0,16,94,25684,7,1.0
98,1.0,0.0,4.1420002,,,9,71.44306807981016,96.4302054665998,no pobre,0,2,1520.0,845.25,1.0,47.0,17,94,25684,7,1.0
97,1.0,0.0,4.1420002,1.0,7.0,9,71.44306807981016,96.4302054665998,no pobre,0,2,1520.0,845.25,1.0,47.0,14,94,25685,7,1.0
98,1.0,0.0,4.1420002,1.0,8.0,9,71.44306807981016,96.4302054665998,no pobre,0,2,1520.0,845.25,1.0,47.0,15,94,25685,7,1.0
97,1.0,0.0,4.1420002,1.0,7.0,9,71.44306807981016,96.4302054665998,no pobre,0,2,1520.0,845.25,1.0,47.0,13,94,25686,7,1.0
98,1.0,0.0,4.1420002,1.0,8.0,9,71.44306807981016,96.4302054665998,no pobre,0,2,1520.0,845.25,1.0,47.0,14,94,25686,7,1.0
97,0.0,0.0,4.1420002,1.0,3.0,4,71.44306807981016,96.4302054665998,no pobre,0,6,1000.0,1096.0,1.0,49.0,10,94,25687,3,1.0
98,0.0,0.0,4.1420002,1.0,6.0,4,71.44306807981016,96.4302054665998,no pobre,0,6,1000.0,1096.0,1.0,49.0,11,94,25687,3,1.0
97,1.0,0.0,4.1420002,0.0,3.0,4,71.44306807981016,96.4302054665998,no pobre,0,6,1000.0,1096.0,1.0,49.0,13,94,25688,3,0.0
98,1.0,0.0,4.1420002,,,4,71.44306807981016,96.4302054665998,no pobre,0,6,1000.0,1096.0,1.0,49.0,14,94,25688,3,0.0
97,1.0,0.0,2.7839999,1.0,1.0,6,129.2997246825789,152.3692940125547,pobre,basal,0,0.0,633.0,0.0,52.0,7,78,25689,1,1.0
98,1.0,0.0,2.7839999,1.0,8.0,6,129.2997246825789,152.3692940125547,pobre,basal,0,0.0,633.0,0.0,52.0,8,78,25689,1,1.0
97,1.0,0.0,2.7839999,1.0,0.0,6,129.2997246825789,152.3692940125547,pobre,basal,0,0.0,633.0,0.0,52.0,6,78,25690,0,1.0
98,1.0,0.0,2.7839999,,,6,129.2997246825789,152.3692940125547,pobre,basal,0,0.0,633.0,0.0,52.0,7,78,25690,0,1.0
97,1.0,0.0,2.7839999,1.0,4.0,5,129.2997246825789,152.3692940125547,pobre,basal,0,0.0,699.0,0.0,48.0,12,78,25691,4,1.0
98,1.0,0.0,2.7839999,0.0,5.0,5,129.2997246825789,152.3692940125547,pobre,basal,0,0.0,699.0,0.0,48.0,13,78,25691,4,1.0
97,0.0,0.0,2.7839999,1.0,2.0,5,129.2997246825789,152.3692940125547,pobre,basal,0,0.0,699.0,0.0,48.0,8,78,25692,2,1.0
98,0.0,0.0,2.7839999,1.0,2.0,5,129.2997246825789,152.3692940125547,pobre,basal,0,0.0,699.0,0.0,48.0,9,78,25692,2,1.0
97,0.0,0.0,2.7839999,1.0,9.0,3,129.2997246825789,152.3692940125547,pobre,basal,3,625.0,803.0,1.0,56.0,15,78,25693,9,1.0
98,0.0,0.0,2.7839999,0.0,6.0,3,129.2997246825789,152.3692940125547,pobre,basal,3,625.0,803.0,1.0,56.0,16,78,25693,9,1.0
97,1.0,0.0,3.8150001,1.0,2.0,3,114.347728174424,123.6686556731134,pobre,basal,3,700.0,729.0,1.0,31.0,7,35,25694,2,1.0
98,1.0,0.0,3.8150001,1.0,2.0,3,114.347728174424,123.6686556731134,pobre,basal,3,700.0,729.0,1.0,31.0,8,35,25694,2,1.0
97,1.0,0.0,3.8150001,1.0,3.0,6,114.347728174424,123.6686556731134,pobre,basal,3,625.0,853.0,1.0,54.0,9,35,25695,3,1.0
98,1.0,0.0,3.8150001,1.0,3.0,6,114.347728174424,123.6686556731134,pobre,basal,3,625.0,853.0,1.0,54.0,10,35,25695,3,1.0
97,1.0,0.0,2.882,1.0,9.0,4,101.8478032414612,101.8478032414612,pobre,0,9,625.0,728.0,1.0,33.0,16,54,25696,9,1.0
98,1.0,0.0,2.882,1.0,11.0,4,101.8478032414612,101.8478032414612,pobre,0,9,625.0,728.0,1.0,33.0,17,54,25696,9,1.0
97,1.0,0.0,2.882,1.0,2.0,4,101.8478032414612,101.8478032414612,pobre,0,9,625.0,728.0,1.0,33.0,8,54,25697,2,1.0
98,1.0,0.0,2.882,1.0,3.0,4,101.8478032414612,101.8478032414612,pobre,0,9,625.0,728.0,1.0,33.0,9,54,25697,2,1.0
97,1.0,0.0,2.882,0.0,6.0,8,101.8478032414612,101.8478032414612,pobre,0,6,625.0,488.0,1.0,43.0,11,54,25698,6,0.0
98,1.0,0.0,2.882,1.0,6.0,8,101.8478032414612,101.8478032414612,pobre,0,6,625.0,488.0,1.0,43.0,12,54,25698,6,0.0
97,0.0,0.0,2.882,1.0,4.0,8,101.8478032414612,101.8478032414612,pobre,0,6,625.0,488.0,1.0,43.0,10,54,25699,4,1.0
98,0.0,0.0,2.882,1.0,5.0,8,101.8478032414612,101.8478032414612,pobre,0,6,625.0,488.0,1.0,43.0,11,54,25699,4,1.0
97,0.0,0.0,2.882,1.0,2.0,8,101.8478032414612,101.8478032414612,pobre,0,6,625.0,488.0,1.0,43.0,8,54,25700,2,1.0
98,0.0,0.0,2.882,1.0,3.0,8,101.8478032414612,101.8478032414612,pobre,0,6,625.0,488.0,1.0,43.0,9,54,25700,2,1.0
97,1.0,0.0,2.882,1.0,7.0,9,101.8478032414612,101.8478032414612,pobre,0,2,625.0,434.0,1.0,39.0,14,54,25701,7,1.0
98,1.0,0.0,2.882,1.0,8.0,9,101.8478032414612,101.8478032414612,pobre,0,2,625.0,434.0,1.0,39.0,15,54,25701,7,1.0
97,1.0,0.0,2.882,0.0,6.0,9,101.8478032414612,101.8478032414612,pobre,0,2,625.0,434.0,1.0,39.0,12,54,25702,6,0.0
98,1.0,0.0,2.882,0.0,6.0,9,101.8478032414612,101.8478032414612,pobre,0,2,625.0,434.0,1.0,39.0,13,54,25702,6,0.0
97,0.0,0.0,2.882,0.0,3.0,9,101.8478032414612,101.8478032414612,pobre,0,2,625.0,434.0,1.0,39.0,9,54,25703,3,0.0
98,0.0,0.0,2.882,1.0,4.0,9,101.8478032414612,101.8478032414612,pobre,0,2,625.0,434.0,1.0,39.0,10,54,25703,3,0.0
97,1.0,0.0,2.882,1.0,1.0,9,101.8478032414612,101.8478032414612,pobre,0,2,625.0,434.0,1.0,39.0,7,54,25704,1,1.0
98,1.0,0.0,2.882,1.0,2.0,9,101.8478032414612,101.8478032414612,pobre,0,2,625.0,434.0,1.0,39.0,8,54,25704,1,1.0
97,1.0,0.0,2.882,1.0,6.0,7,101.8478032414612,101.8478032414612,pobre,0,6,1000.0,710.0,1.0,36.0,12,54,25705,6,1.0
98,1.0,0.0,2.882,1.0,7.0,7,101.8478032414612,101.8478032414612,pobre,0,6,1000.0,710.0,1.0,36.0,13,54,25705,6,1.0
97,1.0,0.0,2.882,1.0,5.0,7,101.8478032414612,101.8478032414612,pobre,0,6,1000.0,710.0,1.0,36.0,10,54,25706,5,1.0
98,1.0,0.0,2.882,1.0,6.0,7,101.8478032414612,101.8478032414612,pobre,0,6,1000.0,710.0,1.0,36.0,11,54,25706,5,1.0
97,1.0,0.0,2.882,1.0,0.0,7,101.8478032414612,101.8478032414612,pobre,0,6,1000.0,710.0,1.0,36.0,6,54,25707,0,1.0
98,1.0,0.0,2.882,1.0,1.0,7,101.8478032414612,101.8478032414612,pobre,0,6,1000.0,710.0,1.0,36.0,7,54,25707,0,1.0
97,1.0,0.0,2.882,1.0,4.0,5,101.8478032414612,101.8478032414612,pobre,0,9,1500.0,847.0,1.0,29.0,10,54,25708,4,1.0
98,1.0,0.0,2.882,,,5,101.8478032414612,101.8478032414612,pobre,0,9,1500.0,847.0,1.0,29.0,11,54,25708,4,1.0
97,0.0,0.0,2.882,1.0,8.0,7,101.8478032414612,101.8478032414612,pobre,0,2,500.0,601.0,1.0,37.0,15,54,25709,8,1.0
98,0.0,0.0,2.882,1.0,5.0,7,101.8478032414612,101.8478032414612,pobre,0,2,500.0,601.0,1.0,37.0,16,54,25709,8,1.0
97,1.0,0.0,2.882,1.0,7.0,7,101.8478032414612,101.8478032414612,pobre,0,2,500.0,601.0,1.0,37.0,13,54,25710,7,1.0
98,1.0,0.0,2.882,1.0,5.0,7,101.8478032414612,101.8478032414612,pobre,0,2,500.0,601.0,1.0,37.0,14,54,25710,7,1.0
97,1.0,0.0,2.882,1.0,3.0,7,101.8478032414612,101.8478032414612,pobre,0,2,500.0,601.0,1.0,37.0,10,54,25711,3,1.0
98,1.0,0.0,2.882,1.0,5.0,7,101.8478032414612,101.8478032414612,pobre,0,2,500.0,601.0,1.0,37.0,11,54,25711,3,1.0
97,0.0,0.0,2.882,0.0,9.0,6,101.8478032414612,101.8478032414612,pobre,0,2,500.0,715.0,0.0,33.0,15,54,25712,9,0.0
98,0.0,0.0,2.882,0.0,6.0,6,101.8478032414612,101.8478032414612,pobre,0,2,500.0,715.0,0.0,33.0,16,54,25712,9,0.0
97,0.0,0.0,2.882,1.0,5.0,6,101.8478032414612,101.8478032414612,pobre,0,2,500.0,715.0,0.0,33.0,11,54,25713,5,1.0
98,0.0,0.0,2.882,1.0,7.0,6,101.8478032414612,101.8478032414612,pobre,0,2,500.0,715.0,0.0,33.0,12,54,25713,5,1.0
97,1.0,0.0,2.882,1.0,1.0,6,101.8478032414612,101.8478032414612,pobre,0,2,500.0,715.0,0.0,33.0,7,54,25714,1,1.0
98,1.0,0.0,2.882,1.0,3.0,6,101.8478032414612,101.8478032414612,pobre,0,2,500.0,715.0,0.0,33.0,8,54,25714,1,1.0
97,0.0,0.0,2.882,1.0,1.0,6,101.8478032414612,101.8478032414612,pobre,0,2,500.0,715.0,0.0,33.0,6,54,25715,1,1.0
98,0.0,0.0,2.882,1.0,2.0,6,101.8478032414612,101.8478032414612,pobre,0,2,500.0,715.0,0.0,33.0,7,54,25715,1,1.0
97,0.0,0.0,2.882,1.0,2.0,6,101.8478032414612,101.8478032414612,pobre,0,5,625.0,810.0,1.0,48.0,11,54,25716,2,1.0
98,0.0,0.0,2.882,1.0,4.0,6,101.8478032414612,101.8478032414612,pobre,0,5,625.0,810.0,1.0,48.0,12,54,25716,2,1.0
97,1.0,0.0,2.882,1.0,1.0,6,101.8478032414612,101.8478032414612,pobre,0,5,625.0,810.0,1.0,48.0,10,54,25717,1,1.0
98,1.0,0.0,2.882,1.0,2.0,6,101.8478032414612,101.8478032414612,pobre,0,5,625.0,810.0,1.0,48.0,11,54,25717,1,1.0
97,1.0,0.0,2.882,1.0,0.0,6,101.8478032414612,101.8478032414612,pobre,0,5,625.0,810.0,1.0,48.0,6,54,25718,0,1.0
98,1.0,0.0,2.882,1.0,2.0,6,101.8478032414612,101.8478032414612,pobre,0,5,625.0,810.0,1.0,48.0,7,54,25718,0,1.0
97,0.0,0.0,2.882,1.0,1.0,6,101.8478032414612,101.8478032414612,pobre,0,5,625.0,810.0,1.0,48.0,7,54,25719,1,1.0
98,0.0,0.0,2.882,1.0,1.0,6,101.8478032414612,101.8478032414612,pobre,0,5,625.0,810.0,1.0,48.0,8,54,25719,1,1.0
97,1.0,0.0,2.882,1.0,3.0,5,101.8478032414612,101.8478032414612,pobre,0,12,2000.0,767.0,1.0,32.0,9,54,25720,3,1.0
98,1.0,0.0,2.882,1.0,5.0,5,101.8478032414612,101.8478032414612,pobre,0,12,2000.0,767.0,1.0,32.0,10,54,25720,3,1.0
97,1.0,0.0,2.882,1.0,2.0,5,101.8478032414612,101.8478032414612,pobre,0,12,2000.0,767.0,1.0,32.0,8,54,25721,2,1.0
98,1.0,0.0,2.882,1.0,4.0,5,101.8478032414612,101.8478032414612,pobre,0,12,2000.0,767.0,1.0,32.0,9,54,25721,2,1.0
97,0.0,0.0,2.882,1.0,1.0,5,101.8478032414612,101.8478032414612,pobre,0,12,2000.0,767.0,1.0,32.0,6,54,25722,1,1.0
98,0.0,0.0,2.882,1.0,2.0,5,101.8478032414612,101.8478032414612,pobre,0,12,2000.0,767.0,1.0,32.0,7,54,25722,1,1.0
97,0.0,0.0,2.882,1.0,1.0,6,101.8478032414612,101.8478032414612,pobre,0,3,500.0,658.0,1.0,37.0,7,54,25723,1,1.0
98,0.0,0.0,2.882,1.0,2.0,6,101.8478032414612,101.8478032414612,pobre,0,3,500.0,658.0,1.0,37.0,8,54,25723,1,1.0
97,0.0,0.0,2.882,,0.0,4,101.8478032414612,101.8478032414612,pobre,0,0,500.0,673.33099,0.0,28.0,13,54,25724,0,
98,0.0,0.0,2.882,1.0,6.0,4,101.8478032414612,101.8478032414612,pobre,0,0,500.0,673.33099,0.0,28.0,14,54,25724,0,
97,0.0,0.0,2.882,,3.0,4,101.8478032414612,101.8478032414612,pobre,0,0,500.0,673.33099,0.0,28.0,11,54,25725,3,
98,0.0,0.0,2.882,1.0,4.0,4,101.8478032414612,101.8478032414612,pobre,0,0,500.0,673.33099,0.0,28.0,12,54,25725,3,
97,0.0,0.0,2.882,,1.0,4,101.8478032414612,101.8478032414612,pobre,0,0,500.0,673.33099,0.0,28.0,7,54,25726,1,
98,0.0,0.0,2.882,1.0,2.0,4,101.8478032414612,101.8478032414612,pobre,0,0,500.0,673.33099,0.0,28.0,8,54,25726,1,
97,1.0,0.0,2.882,1.0,10.0,7,101.8478032414612,101.8478032414612,no pobre,0,3,600.0,982.0,1.0,43.0,16,54,25727,10,1.0
98,1.0,0.0,2.882,,,7,101.8478032414612,101.8478032414612,no pobre,0,3,600.0,982.0,1.0,43.0,17,54,25727,10,1.0
97,0.0,0.0,2.882,1.0,9.0,7,101.8478032414612,101.8478032414612,no pobre,0,3,600.0,982.0,1.0,43.0,15,54,25728,9,1.0
98,0.0,0.0,2.882,1.0,10.0,7,101.8478032414612,101.8478032414612,no pobre,0,3,600.0,982.0,1.0,43.0,16,54,25728,9,1.0
97,0.0,0.0,2.882,1.0,7.0,7,101.8478032414612,101.8478032414612,no pobre,0,3,600.0,982.0,1.0,43.0,13,54,25729,7,1.0
98,0.0,0.0,2.882,1.0,8.0,7,101.8478032414612,101.8478032414612,no pobre,0,3,600.0,982.0,1.0,43.0,14,54,25729,7,1.0
97,0.0,0.0,2.882,1.0,0.0,7,101.8478032414612,101.8478032414612,no pobre,0,3,600.0,982.0,1.0,43.0,6,54,25730,0,1.0
98,0.0,0.0,2.882,,,7,101.8478032414612,101.8478032414612,no pobre,0,3,600.0,982.0,1.0,43.0,7,54,25730,0,1.0
97,1.0,0.0,2.882,1.0,8.0,8,101.8478032414612,101.8478032414612,pobre,0,6,720.0,796.0,1.0,39.0,15,54,25731,8,1.0
98,1.0,0.0,2.882,1.0,9.0,8,101.8478032414612,101.8478032414612,pobre,0,6,720.0,796.0,1.0,39.0,16,54,25731,8,1.0
97,0.0,0.0,2.882,1.0,7.0,8,101.8478032414612,101.8478032414612,pobre,0,6,720.0,796.0,1.0,39.0,13,54,25732,7,1.0
98,0.0,0.0,2.882,1.0,8.0,8,101.8478032414612,101.8478032414612,pobre,0,6,720.0,796.0,1.0,39.0,14,54,25732,7,1.0
97,1.0,0.0,2.882,1.0,5.0,8,101.8478032414612,101.8478032414612,pobre,0,6,720.0,796.0,1.0,39.0,11,54,25733,5,1.0
98,1.0,0.0,2.882,1.0,6.0,8,101.8478032414612,101.8478032414612,pobre,0,6,720.0,796.0,1.0,39.0,12,54,25733,5,1.0
97,1.0,0.0,2.882,1.0,3.0,8,101.8478032414612,101.8478032414612,pobre,0,6,720.0,796.0,1.0,39.0,9,54,25734,3,1.0
98,1.0,0.0,2.882,1.0,4.0,8,101.8478032414612,101.8478032414612,pobre,0,6,720.0,796.0,1.0,39.0,10,54,25734,3,1.0
97,1.0,0.0,2.882,1.0,1.0,8,101.8478032414612,101.8478032414612,pobre,0,6,720.0,796.0,1.0,39.0,7,54,25735,1,1.0
98,1.0,0.0,2.882,1.0,2.0,8,101.8478032414612,101.8478032414612,pobre,0,6,720.0,796.0,1.0,39.0,8,54,25735,1,1.0
97,0.0,0.0,2.882,1.0,0.0,4,101.8478032414612,101.8478032414612,pobre,0,4,600.0,606.0,1.0,27.0,6,54,25736,0,1.0
98,0.0,0.0,2.882,1.0,1.0,4,101.8478032414612,101.8478032414612,pobre,0,4,600.0,606.0,1.0,27.0,7,54,25736,0,1.0
97,0.0,0.0,2.882,1.0,6.0,13,101.8478032414612,101.8478032414612,pobre,0,6,25.0,404.0,1.0,37.0,15,54,25737,6,1.0
98,0.0,0.0,2.882,1.0,7.0,13,101.8478032414612,101.8478032414612,pobre,0,6,25.0,404.0,1.0,37.0,16,54,25737,6,1.0
97,1.0,0.0,2.882,1.0,6.0,13,101.8478032414612,101.8478032414612,pobre,0,6,25.0,404.0,1.0,37.0,14,54,25738,6,1.0
98,1.0,0.0,2.882,1.0,7.0,13,101.8478032414612,101.8478032414612,pobre,0,6,25.0,404.0,1.0,37.0,15,54,25738,6,1.0
97,1.0,0.0,2.882,1.0,5.0,13,101.8478032414612,101.8478032414612,pobre,0,6,25.0,404.0,1.0,37.0,12,54,25739,5,1.0
98,1.0,0.0,2.882,1.0,6.0,13,101.8478032414612,101.8478032414612,pobre,0,6,25.0,404.0,1.0,37.0,13,54,25739,5,1.0
97,1.0,0.0,2.882,1.0,4.0,13,101.8478032414612,101.8478032414612,pobre,0,6,25.0,404.0,1.0,37.0,10,54,25740,4,1.0
98,1.0,0.0,2.882,1.0,5.0,13,101.8478032414612,101.8478032414612,pobre,0,6,25.0,404.0,1.0,37.0,11,54,25740,4,1.0
97,0.0,0.0,2.882,1.0,2.0,13,101.8478032414612,101.8478032414612,pobre,0,6,25.0,404.0,1.0,37.0,8,54,25741,2,1.0
98,0.0,0.0,2.882,1.0,3.0,13,101.8478032414612,101.8478032414612,pobre,0,6,25.0,404.0,1.0,37.0,9,54,25741,2,1.0
97,1.0,0.0,2.882,1.0,1.0,13,101.8478032414612,101.8478032414612,pobre,0,6,25.0,404.0,1.0,37.0,7,54,25742,1,1.0
98,1.0,0.0,2.882,1.0,2.0,13,101.8478032414612,101.8478032414612,pobre,0,6,25.0,404.0,1.0,37.0,8,54,25742,1,1.0
97,0.0,0.0,2.882,1.0,0.0,13,101.8478032414612,101.8478032414612,pobre,0,6,25.0,404.0,1.0,37.0,6,54,25743,0,1.0
98,0.0,0.0,2.882,1.0,0.0,13,101.8478032414612,101.8478032414612,pobre,0,6,25.0,404.0,1.0,37.0,7,54,25743,0,1.0
97,1.0,0.0,2.882,1.0,9.0,5,101.8478032414612,101.8478032414612,pobre,0,1,0.0,859.0,1.0,39.0,16,54,25744,9,1.0
98,1.0,0.0,2.882,,,5,101.8478032414612,101.8478032414612,pobre,0,1,0.0,859.0,1.0,39.0,17,54,25744,9,1.0
97,0.0,0.0,2.882,1.0,8.0,5,101.8478032414612,101.8478032414612,pobre,0,1,0.0,859.0,1.0,39.0,14,54,25745,8,1.0
98,0.0,0.0,2.882,1.0,9.0,5,101.8478032414612,101.8478032414612,pobre,0,1,0.0,859.0,1.0,39.0,15,54,25745,8,1.0
97,1.0,0.0,2.882,1.0,2.0,5,101.8478032414612,101.8478032414612,pobre,0,1,0.0,859.0,1.0,39.0,8,54,25746,2,1.0
98,1.0,0.0,2.882,1.0,3.0,5,101.8478032414612,101.8478032414612,pobre,0,1,0.0,859.0,1.0,39.0,9,54,25746,2,1.0
97,1.0,1.0,0.82200003,0.0,9.0,2,107.0905385753526,107.0905385753526,pobre,basal,0,0.0,935.0,0.0,43.0,16,64,25747,9,0.0
98,1.0,1.0,0.82200003,,,2,107.0905385753526,107.0905385753526,pobre,basal,0,0.0,935.0,0.0,43.0,17,64,25747,9,0.0
97,0.0,1.0,0.82200003,1.0,1.0,7,107.0905385753526,107.0905385753526,no pobre,basal,9,1000.0,1131.5,1.0,57.0,8,64,25748,1,1.0
98,0.0,1.0,0.82200003,1.0,2.0,7,107.0905385753526,107.0905385753526,no pobre,basal,9,1000.0,1131.5,1.0,57.0,9,64,25748,1,1.0
97,1.0,1.0,0.82200003,1.0,6.0,5,107.0905385753526,107.0905385753526,no pobre,basal,6,750.0,884.0,1.0,39.0,11,64,25749,6,1.0
98,1.0,1.0,0.82200003,1.0,7.0,5,107.0905385753526,107.0905385753526,no pobre,basal,6,750.0,884.0,1.0,39.0,12,64,25749,6,1.0
97,1.0,0.0,0.82200003,1.0,8.0,6,107.0905385753526,107.0905385753526,no pobre,basal,14,1200.0,1164.0,1.0,38.0,15,64,25750,8,1.0
98,1.0,0.0,0.82200003,1.0,10.0,6,107.0905385753526,107.0905385753526,no pobre,basal,14,1200.0,1164.0,1.0,38.0,16,64,25750,8,1.0
97,0.0,1.0,0.82200003,1.0,6.0,6,107.0905385753526,107.0905385753526,no pobre,basal,14,1200.0,1164.0,1.0,38.0,12,64,25751,6,1.0
98,0.0,1.0,0.82200003,1.0,7.0,6,107.0905385753526,107.0905385753526,no pobre,basal,14,1200.0,1164.0,1.0,38.0,13,64,25751,6,1.0
97,0.0,0.0,0.82200003,1.0,6.0,2,107.0905385753526,107.0905385753526,pobre,basal,6,0.0,853.0,0.0,33.0,12,64,25752,6,1.0
98,0.0,0.0,0.82200003,1.0,8.0,2,107.0905385753526,107.0905385753526,pobre,basal,6,0.0,853.0,0.0,33.0,13,64,25752,6,1.0
97,1.0,1.0,0.82200003,0.0,7.0,7,107.0905385753526,107.0905385753526,no pobre,basal,6,1000.0,816.5,1.0,36.0,15,64,25753,7,0.0
98,1.0,1.0,0.82200003,0.0,,7,107.0905385753526,107.0905385753526,no pobre,basal,6,1000.0,816.5,1.0,36.0,16,64,25753,7,0.0
97,0.0,0.0,0.82200003,1.0,4.0,7,107.0905385753526,107.0905385753526,no pobre,basal,6,1000.0,816.5,1.0,36.0,9,64,25754,4,1.0
98,0.0,0.0,0.82200003,1.0,,7,107.0905385753526,107.0905385753526,no pobre,basal,6,1000.0,816.5,1.0,36.0,10,64,25754,4,1.0
97,0.0,0.0,0.82200003,1.0,2.0,7,107.0905385753526,107.0905385753526,no pobre,basal,6,1000.0,816.5,1.0,36.0,8,64,25755,2,1.0
98,0.0,0.0,0.82200003,1.0,,7,107.0905385753526,107.0905385753526,no pobre,basal,6,1000.0,816.5,1.0,36.0,9,64,25755,2,1.0
97,0.0,0.0,0.82200003,1.0,0.0,7,107.0905385753526,107.0905385753526,no pobre,basal,6,1000.0,816.5,1.0,36.0,6,64,25756,0,1.0
98,0.0,0.0,0.82200003,1.0,,7,107.0905385753526,107.0905385753526,no pobre,basal,6,1000.0,816.5,1.0,36.0,7,64,25756,0,1.0
97,0.0,0.0,0.82200003,1.0,8.0,5,107.0905385753526,107.0905385753526,pobre,basal,2,1000.0,704.0,1.0,55.0,15,64,25757,8,1.0
98,0.0,0.0,0.82200003,0.0,9.0,5,107.0905385753526,107.0905385753526,pobre,basal,2,1000.0,704.0,1.0,55.0,16,64,25757,8,1.0
97,0.0,0.0,0.82200003,1.0,5.0,5,107.0905385753526,107.0905385753526,pobre,basal,2,1000.0,704.0,1.0,55.0,12,64,25758,5,1.0
98,0.0,0.0,0.82200003,1.0,6.0,5,107.0905385753526,107.0905385753526,pobre,basal,2,1000.0,704.0,1.0,55.0,13,64,25758,5,1.0
97,1.0,1.0,0.82200003,0.0,9.0,8,107.0905385753526,107.0905385753526,no pobre,basal,3,0.0,798.0,1.0,49.0,15,64,25759,9,0.0
98,1.0,1.0,0.82200003,0.0,9.0,8,107.0905385753526,107.0905385753526,no pobre,basal,3,0.0,798.0,1.0,49.0,16,64,25759,9,0.0
97,0.0,1.0,0.82200003,1.0,3.0,8,107.0905385753526,107.0905385753526,no pobre,basal,3,0.0,798.0,1.0,49.0,10,64,25760,3,1.0
98,0.0,1.0,0.82200003,1.0,4.0,8,107.0905385753526,107.0905385753526,no pobre,basal,3,0.0,798.0,1.0,49.0,11,64,25760,3,1.0
97,1.0,1.0,0.82200003,1.0,5.0,8,107.0905385753526,107.0905385753526,no pobre,basal,3,0.0,798.0,1.0,49.0,9,64,25761,5,1.0
98,1.0,1.0,0.82200003,1.0,6.0,8,107.0905385753526,107.0905385753526,no pobre,basal,3,0.0,798.0,1.0,49.0,10,64,25761,5,1.0
97,1.0,1.0,0.82200003,1.0,2.0,8,107.0905385753526,107.0905385753526,no pobre,basal,3,0.0,798.0,1.0,49.0,8,64,25762,2,1.0
98,1.0,1.0,0.82200003,1.0,3.0,8,107.0905385753526,107.0905385753526,no pobre,basal,3,0.0,798.0,1.0,49.0,9,64,25762,2,1.0
97,0.0,1.0,0.82200003,1.0,1.0,8,107.0905385753526,107.0905385753526,no pobre,basal,3,0.0,798.0,1.0,49.0,6,64,25763,1,1.0
98,0.0,1.0,0.82200003,1.0,1.0,8,107.0905385753526,107.0905385753526,no pobre,basal,3,0.0,798.0,1.0,49.0,7,64,25763,1,1.0
97,0.0,0.0,0.82200003,1.0,0.0,7,107.0905385753526,107.0905385753526,no pobre,basal,0,0.0,993.5,1.0,80.0,6,64,25764,0,1.0
98,0.0,0.0,0.82200003,,,7,107.0905385753526,107.0905385753526,no pobre,basal,0,0.0,993.5,1.0,80.0,7,64,25764,0,1.0
97,1.0,1.0,0.82200003,1.0,9.0,6,107.0905385753526,107.0905385753526,pobre,basal,3,1750.0,932.0,1.0,60.0,16,64,25765,9,1.0
98,1.0,1.0,0.82200003,,,6,107.0905385753526,107.0905385753526,pobre,basal,3,1750.0,932.0,1.0,60.0,17,64,25765,9,1.0
97,0.0,1.0,0.82200003,1.0,8.0,6,107.0905385753526,107.0905385753526,pobre,basal,3,1750.0,932.0,1.0,60.0,14,64,25766,8,1.0
98,0.0,1.0,0.82200003,1.0,10.0,6,107.0905385753526,107.0905385753526,pobre,basal,3,1750.0,932.0,1.0,60.0,15,64,25766,8,1.0
97,0.0,1.0,0.82200003,1.0,9.0,9,107.0905385753526,107.0905385753526,pobre,basal,9,1000.0,741.5,1.0,41.0,15,64,25767,9,1.0
98,0.0,1.0,0.82200003,1.0,10.0,9,107.0905385753526,107.0905385753526,pobre,basal,9,1000.0,741.5,1.0,41.0,16,64,25767,9,1.0
97,0.0,0.0,0.82200003,1.0,8.0,9,107.0905385753526,107.0905385753526,pobre,basal,9,1000.0,741.5,1.0,41.0,14,64,25768,8,1.0
98,0.0,0.0,0.82200003,1.0,9.0,9,107.0905385753526,107.0905385753526,pobre,basal,9,1000.0,741.5,1.0,41.0,15,64,25768,8,1.0
97,1.0,0.0,0.82200003,1.0,5.0,9,107.0905385753526,107.0905385753526,pobre,basal,9,1000.0,741.5,1.0,41.0,11,64,25769,5,1.0
98,1.0,0.0,0.82200003,1.0,6.0,9,107.0905385753526,107.0905385753526,pobre,basal,9,1000.0,741.5,1.0,41.0,12,64,25769,5,1.0
97,1.0,0.0,0.82200003,1.0,1.0,4,107.0905385753526,107.0905385753526,pobre,basal,9,750.0,768.0,1.0,27.0,7,64,25770,1,1.0
98,1.0,0.0,0.82200003,1.0,2.0,4,107.0905385753526,107.0905385753526,pobre,basal,9,750.0,768.0,1.0,27.0,8,64,25770,1,1.0
97,0.0,0.0,0.82200003,1.0,0.0,4,107.0905385753526,107.0905385753526,pobre,basal,9,750.0,768.0,1.0,27.0,6,64,25771,0,1.0
98,0.0,0.0,0.82200003,,,4,107.0905385753526,107.0905385753526,pobre,basal,9,750.0,768.0,1.0,27.0,7,64,25771,0,1.0
97,1.0,1.0,0.82200003,0.0,9.0,7,107.0905385753526,107.0905385753526,no pobre,basal,0,750.0,993.0,1.0,54.0,15,64,25772,9,0.0
98,1.0,1.0,0.82200003,0.0,9.0,7,107.0905385753526,107.0905385753526,no pobre,basal,0,750.0,993.0,1.0,54.0,16,64,25772,9,0.0
97,0.0,1.0,0.82200003,1.0,8.0,7,107.0905385753526,107.0905385753526,no pobre,basal,0,750.0,993.0,1.0,54.0,14,64,25773,8,1.0
98,0.0,1.0,0.82200003,0.0,9.0,7,107.0905385753526,107.0905385753526,no pobre,basal,0,750.0,993.0,1.0,54.0,15,64,25773,8,1.0
97,0.0,1.0,0.82200003,1.0,1.0,7,107.0905385753526,107.0905385753526,no pobre,basal,0,750.0,993.0,1.0,54.0,7,64,25774,1,1.0
98,0.0,1.0,0.82200003,1.0,2.0,7,107.0905385753526,107.0905385753526,no pobre,basal,0,750.0,993.0,1.0,54.0,8,64,25774,1,1.0
97,1.0,0.0,0.82200003,1.0,0.0,5,107.0905385753526,107.0905385753526,pobre,basal,6,1000.0,702.0,1.0,24.0,6,64,25775,0,1.0
98,1.0,0.0,0.82200003,1.0,1.0,5,107.0905385753526,107.0905385753526,pobre,basal,6,1000.0,702.0,1.0,24.0,7,64,25775,0,1.0
97,1.0,0.0,0.82200003,1.0,8.0,6,107.0905385753526,107.0905385753526,pobre,basal,3,800.0,867.0,1.0,46.0,14,64,25776,8,1.0
98,1.0,0.0,0.82200003,1.0,9.0,6,107.0905385753526,107.0905385753526,pobre,basal,3,800.0,867.0,1.0,46.0,15,64,25776,8,1.0
97,0.0,0.0,0.82200003,0.0,9.0,6,107.0905385753526,107.0905385753526,pobre,basal,3,800.0,867.0,1.0,46.0,16,64,25777,9,0.0
98,0.0,0.0,0.82200003,1.0,10.0,6,107.0905385753526,107.0905385753526,pobre,basal,3,800.0,867.0,1.0,46.0,17,64,25777,9,0.0
97,0.0,0.0,0.82200003,1.0,6.0,6,107.0905385753526,107.0905385753526,pobre,basal,3,800.0,867.0,1.0,46.0,13,64,25778,6,1.0
98,0.0,0.0,0.82200003,1.0,7.0,6,107.0905385753526,107.0905385753526,pobre,basal,3,800.0,867.0,1.0,46.0,14,64,25778,6,1.0
97,1.0,0.0,0.82200003,1.0,1.0,4,107.0905385753526,107.0905385753526,no pobre,basal,9,1000.0,919.0,1.0,33.0,7,64,25779,1,1.0
98,1.0,0.0,0.82200003,1.0,2.0,4,107.0905385753526,107.0905385753526,no pobre,basal,9,1000.0,919.0,1.0,33.0,8,64,25779,1,1.0
97,1.0,1.0,0.82200003,1.0,8.0,10,107.0905385753526,107.0905385753526,no pobre,basal,5,750.0,912.5,1.0,42.0,15,64,25780,8,1.0
98,1.0,1.0,0.82200003,,,10,107.0905385753526,107.0905385753526,no pobre,basal,5,750.0,912.5,1.0,42.0,16,64,25780,8,1.0
97,0.0,1.0,0.82200003,1.0,8.0,10,107.0905385753526,107.0905385753526,no pobre,basal,5,750.0,912.5,1.0,42.0,13,64,25781,8,1.0
98,0.0,1.0,0.82200003,1.0,9.0,10,107.0905385753526,107.0905385753526,no pobre,basal,5,750.0,912.5,1.0,42.0,14,64,25781,8,1.0
97,1.0,0.0,0.82200003,1.0,4.0,7,107.0905385753526,107.0905385753526,pobre,basal,9,750.0,646.0,1.0,29.0,10,64,25782,4,1.0
98,1.0,0.0,0.82200003,1.0,5.0,7,107.0905385753526,107.0905385753526,pobre,basal,9,750.0,646.0,1.0,29.0,11,64,25782,4,1.0
97,0.0,0.0,0.82200003,1.0,1.0,7,107.0905385753526,107.0905385753526,pobre,basal,9,750.0,646.0,1.0,29.0,7,64,25783,1,1.0
98,0.0,0.0,0.82200003,1.0,2.0,7,107.0905385753526,107.0905385753526,pobre,basal,9,750.0,646.0,1.0,29.0,8,64,25783,1,1.0
97,0.0,0.0,0.82200003,0.0,9.0,7,107.0905385753526,107.0905385753526,pobre,basal,6,875.0,783.5,1.0,42.0,15,64,25784,9,0.0
98,0.0,0.0,0.82200003,,9.0,7,107.0905385753526,107.0905385753526,pobre,basal,6,875.0,783.5,1.0,42.0,16,64,25784,9,0.0
97,0.0,0.0,0.82200003,1.0,5.0,7,107.0905385753526,107.0905385753526,pobre,basal,6,875.0,783.5,1.0,42.0,12,64,25785,5,1.0
98,0.0,0.0,0.82200003,1.0,6.0,7,107.0905385753526,107.0905385753526,pobre,basal,6,875.0,783.5,1.0,42.0,13,64,25785,5,1.0
97,1.0,0.0,0.82200003,1.0,5.0,7,107.0905385753526,107.0905385753526,pobre,basal,6,875.0,783.5,1.0,42.0,12,64,25786,5,1.0
98,1.0,0.0,0.82200003,1.0,6.0,7,107.0905385753526,107.0905385753526,pobre,basal,6,875.0,783.5,1.0,42.0,13,64,25786,5,1.0
97,0.0,0.0,0.82200003,0.0,6.0,8,107.0905385753526,107.0905385753526,pobre,basal,0,1200.0,847.0,1.0,60.0,15,64,25787,6,0.0
98,0.0,0.0,0.82200003,,,8,107.0905385753526,107.0905385753526,pobre,basal,0,1200.0,847.0,1.0,60.0,16,64,25787,6,0.0
97,0.0,0.0,0.82200003,1.0,5.0,8,107.0905385753526,107.0905385753526,pobre,basal,0,1200.0,847.0,1.0,60.0,11,64,25788,5,1.0
98,0.0,0.0,0.82200003,1.0,6.0,8,107.0905385753526,107.0905385753526,pobre,basal,0,1200.0,847.0,1.0,60.0,12,64,25788,5,1.0
97,0.0,0.0,0.82200003,1.0,6.0,8,107.0905385753526,107.0905385753526,no pobre,basal,6,1000.0,752.0,1.0,39.0,12,64,25789,6,1.0
98,0.0,0.0,0.82200003,1.0,7.0,8,107.0905385753526,107.0905385753526,no pobre,basal,6,1000.0,752.0,1.0,39.0,13,64,25789,6,1.0
97,1.0,0.0,0.82200003,1.0,4.0,8,107.0905385753526,107.0905385753526,no pobre,basal,6,1000.0,752.0,1.0,39.0,10,64,25790,4,1.0
98,1.0,0.0,0.82200003,1.0,5.0,8,107.0905385753526,107.0905385753526,no pobre,basal,6,1000.0,752.0,1.0,39.0,11,64,25790,4,1.0
97,1.0,0.0,0.82200003,1.0,1.0,8,107.0905385753526,107.0905385753526,no pobre,basal,6,1000.0,752.0,1.0,39.0,8,64,25791,1,1.0
98,1.0,0.0,0.82200003,1.0,2.0,8,107.0905385753526,107.0905385753526,no pobre,basal,6,1000.0,752.0,1.0,39.0,9,64,25791,1,1.0
97,0.0,1.0,0.82200003,0.0,9.0,5,107.0905385753526,107.0905385753526,pobre,basal,6,875.0,732.0,1.0,35.0,15,64,25792,9,0.0
98,0.0,1.0,0.82200003,0.0,9.0,5,107.0905385753526,107.0905385753526,pobre,basal,6,875.0,732.0,1.0,35.0,16,64,25792,9,0.0
97,1.0,1.0,0.82200003,1.0,6.0,5,107.0905385753526,107.0905385753526,pobre,basal,6,875.0,732.0,1.0,35.0,12,64,25793,6,1.0
98,1.0,1.0,0.82200003,1.0,7.0,5,107.0905385753526,107.0905385753526,pobre,basal,6,875.0,732.0,1.0,35.0,13,64,25793,6,1.0
97,1.0,1.0,0.82200003,1.0,9.0,8,107.0905385753526,107.0905385753526,pobre,basal,6,875.0,658.0,1.0,38.0,14,64,25794,9,1.0
98,1.0,1.0,0.82200003,0.0,9.0,8,107.0905385753526,107.0905385753526,pobre,basal,6,875.0,658.0,1.0,38.0,15,64,25794,9,1.0
97,1.0,0.0,0.82200003,1.0,3.0,8,107.0905385753526,107.0905385753526,pobre,basal,6,875.0,658.0,1.0,38.0,9,64,25795,3,1.0
98,1.0,0.0,0.82200003,1.0,4.0,8,107.0905385753526,107.0905385753526,pobre,basal,6,875.0,658.0,1.0,38.0,10,64,25795,3,1.0
97,1.0,1.0,0.82200003,1.0,3.0,6,107.0905385753526,107.0905385753526,no pobre,basal,6,875.0,1028.0,1.0,40.0,9,64,25796,3,1.0
98,1.0,1.0,0.82200003,1.0,4.0,6,107.0905385753526,107.0905385753526,no pobre,basal,6,875.0,1028.0,1.0,40.0,10,64,25796,3,1.0
97,1.0,1.0,0.82200003,1.0,3.0,6,107.0905385753526,107.0905385753526,no pobre,basal,6,875.0,1028.0,1.0,40.0,8,64,25797,3,1.0
98,1.0,1.0,0.82200003,1.0,3.0,6,107.0905385753526,107.0905385753526,no pobre,basal,6,875.0,1028.0,1.0,40.0,9,64,25797,3,1.0
97,1.0,1.0,0.82200003,1.0,4.0,4,107.0905385753526,107.0905385753526,pobre,basal,9,750.0,819.0,1.0,40.0,12,64,25798,4,1.0
98,1.0,1.0,0.82200003,,,4,107.0905385753526,107.0905385753526,pobre,basal,9,750.0,819.0,1.0,40.0,13,64,25798,4,1.0
97,0.0,1.0,0.82200003,1.0,4.0,4,107.0905385753526,107.0905385753526,pobre,basal,9,750.0,819.0,1.0,40.0,10,64,25799,4,1.0
98,0.0,1.0,0.82200003,,,4,107.0905385753526,107.0905385753526,pobre,basal,9,750.0,819.0,1.0,40.0,11,64,25799,4,1.0
97,0.0,1.0,0.82200003,1.0,7.0,6,107.0905385753526,107.0905385753526,no pobre,basal,7,750.0,891.0,1.0,36.0,13,64,25800,7,1.0
98,0.0,1.0,0.82200003,1.0,8.0,6,107.0905385753526,107.0905385753526,no pobre,basal,7,750.0,891.0,1.0,36.0,14,64,25800,7,1.0
97,1.0,1.0,0.82200003,1.0,5.0,6,107.0905385753526,107.0905385753526,no pobre,basal,7,750.0,891.0,1.0,36.0,10,64,25801,5,1.0
98,1.0,1.0,0.82200003,1.0,5.0,6,107.0905385753526,107.0905385753526,no pobre,basal,7,750.0,891.0,1.0,36.0,11,64,25801,5,1.0
97,1.0,1.0,0.82200003,1.0,2.0,6,107.0905385753526,107.0905385753526,no pobre,basal,7,750.0,891.0,1.0,36.0,7,64,25802,2,1.0
98,1.0,1.0,0.82200003,1.0,2.0,6,107.0905385753526,107.0905385753526,no pobre,basal,7,750.0,891.0,1.0,36.0,8,64,25802,2,1.0
97,1.0,1.0,0.82200003,1.0,3.0,6,107.0905385753526,107.0905385753526,no pobre,basal,7,750.0,891.0,1.0,36.0,6,64,25803,3,1.0
98,1.0,1.0,0.82200003,1.0,1.0,6,107.0905385753526,107.0905385753526,no pobre,basal,7,750.0,891.0,1.0,36.0,7,64,25803,3,1.0
97,0.0,1.0,0.82200003,1.0,8.0,7,107.0905385753526,107.0905385753526,pobre,basal,6,0.0,558.0,1.0,33.0,14,64,25804,8,1.0
98,0.0,1.0,0.82200003,0.0,9.0,7,107.0905385753526,107.0905385753526,pobre,basal,6,0.0,558.0,1.0,33.0,15,64,25804,8,1.0
97,1.0,1.0,0.82200003,1.0,5.0,7,107.0905385753526,107.0905385753526,pobre,basal,6,0.0,558.0,1.0,33.0,12,64,25805,5,1.0
98,1.0,1.0,0.82200003,1.0,6.0,7,107.0905385753526,107.0905385753526,pobre,basal,6,0.0,558.0,1.0,33.0,13,64,25805,5,1.0
97,1.0,1.0,0.82200003,1.0,2.0,7,107.0905385753526,107.0905385753526,pobre,basal,6,0.0,558.0,1.0,33.0,9,64,25806,2,1.0
98,1.0,1.0,0.82200003,1.0,3.0,7,107.0905385753526,107.0905385753526,pobre,basal,6,0.0,558.0,1.0,33.0,10,64,25806,2,1.0
97,1.0,1.0,0.82200003,1.0,1.0,7,107.0905385753526,107.0905385753526,pobre,basal,6,0.0,558.0,1.0,33.0,7,64,25807,1,1.0
98,1.0,1.0,0.82200003,1.0,2.0,7,107.0905385753526,107.0905385753526,pobre,basal,6,0.0,558.0,1.0,33.0,8,64,25807,1,1.0
97,1.0,1.0,0.82200003,1.0,8.0,7,107.0905385753526,107.0905385753526,no pobre,basal,9,750.0,769.0,1.0,36.0,13,64,25808,8,1.0
98,1.0,1.0,0.82200003,0.0,9.0,7,107.0905385753526,107.0905385753526,no pobre,basal,9,750.0,769.0,1.0,36.0,14,64,25808,8,1.0
97,0.0,1.0,0.82200003,1.0,2.0,7,107.0905385753526,107.0905385753526,no pobre,basal,9,750.0,769.0,1.0,36.0,7,64,25809,2,1.0
98,0.0,1.0,0.82200003,1.0,3.0,7,107.0905385753526,107.0905385753526,no pobre,basal,9,750.0,769.0,1.0,36.0,8,64,25809,2,1.0
97,0.0,1.0,0.82200003,1.0,6.0,5,107.0905385753526,107.0905385753526,pobre,basal,6,1000.0,738.0,1.0,32.0,16,64,25810,6,1.0
98,0.0,1.0,0.82200003,,,5,107.0905385753526,107.0905385753526,pobre,basal,6,1000.0,738.0,1.0,32.0,17,64,25810,6,1.0
97,0.0,0.0,0.82200003,1.0,1.0,5,107.0905385753526,107.0905385753526,pobre,basal,6,1000.0,738.0,1.0,32.0,7,64,25811,1,1.0
98,0.0,0.0,0.82200003,1.0,2.0,5,107.0905385753526,107.0905385753526,pobre,basal,6,1000.0,738.0,1.0,32.0,8,64,25811,1,1.0
97,1.0,0.0,0.82200003,1.0,2.0,5,107.0905385753526,107.0905385753526,pobre,basal,9,750.0,715.0,1.0,33.0,8,64,25812,2,1.0
98,1.0,0.0,0.82200003,1.0,3.0,5,107.0905385753526,107.0905385753526,pobre,basal,9,750.0,715.0,1.0,33.0,9,64,25812,2,1.0
97,0.0,0.0,0.82200003,0.0,9.0,6,107.0905385753526,107.0905385753526,no pobre,basal,6,400.0,807.0,1.0,37.0,15,64,25813,9,0.0
98,0.0,0.0,0.82200003,,,6,107.0905385753526,107.0905385753526,no pobre,basal,6,400.0,807.0,1.0,37.0,16,64,25813,9,0.0
97,1.0,0.0,0.82200003,1.0,7.0,6,107.0905385753526,107.0905385753526,no pobre,basal,6,400.0,807.0,1.0,37.0,12,64,25814,7,1.0
98,1.0,0.0,0.82200003,,,6,107.0905385753526,107.0905385753526,no pobre,basal,6,400.0,807.0,1.0,37.0,13,64,25814,7,1.0
97,1.0,0.0,0.82200003,1.0,3.0,6,107.0905385753526,107.0905385753526,no pobre,basal,6,400.0,807.0,1.0,37.0,10,64,25815,3,1.0
98,1.0,0.0,0.82200003,,,6,107.0905385753526,107.0905385753526,no pobre,basal,6,400.0,807.0,1.0,37.0,11,64,25815,3,1.0
97,1.0,0.0,0.82200003,1.0,1.0,6,107.0905385753526,107.0905385753526,no pobre,basal,6,400.0,807.0,1.0,37.0,7,64,25816,1,1.0
98,1.0,0.0,0.82200003,,,6,107.0905385753526,107.0905385753526,no pobre,basal,6,400.0,807.0,1.0,37.0,8,64,25816,1,1.0
97,1.0,1.0,0.82200003,0.0,6.0,6,107.0905385753526,107.0905385753526,no pobre,basal,6,2400.0,958.0,1.0,25.0,16,64,25817,6,0.0
98,1.0,1.0,0.82200003,,,6,107.0905385753526,107.0905385753526,no pobre,basal,6,2400.0,958.0,1.0,25.0,17,64,25817,6,0.0
97,1.0,1.0,0.82200003,1.0,2.0,3,107.0905385753526,107.0905385753526,pobre,basal,5,1200.0,1102.0,1.0,28.0,8,64,25818,2,1.0
98,1.0,1.0,0.82200003,1.0,1.0,3,107.0905385753526,107.0905385753526,pobre,basal,5,1200.0,1102.0,1.0,28.0,9,64,25818,2,1.0
97,0.0,0.0,0.82200003,0.0,6.0,2,107.0905385753526,107.0905385753526,pobre,basal,6,875.0,757.0,1.0,22.0,15,64,25819,6,0.0
98,0.0,0.0,0.82200003,0.0,6.0,2,107.0905385753526,107.0905385753526,pobre,basal,6,875.0,757.0,1.0,22.0,16,64,25819,6,0.0
97,0.0,1.0,0.82200003,0.0,6.0,11,107.0905385753526,107.0905385753526,no pobre,basal,2,875.0,610.0,1.0,48.0,15,64,25820,6,0.0
98,0.0,1.0,0.82200003,0.0,6.0,11,107.0905385753526,107.0905385753526,no pobre,basal,2,875.0,610.0,1.0,48.0,16,64,25820,6,0.0
97,0.0,0.0,0.82200003,0.0,6.0,11,107.0905385753526,107.0905385753526,no pobre,basal,2,875.0,610.0,1.0,48.0,13,64,25821,6,0.0
98,0.0,0.0,0.82200003,0.0,6.0,11,107.0905385753526,107.0905385753526,no pobre,basal,2,875.0,610.0,1.0,48.0,14,64,25821,6,0.0
97,0.0,0.0,0.82200003,1.0,3.0,11,107.0905385753526,107.0905385753526,no pobre,basal,2,875.0,610.0,1.0,48.0,9,64,25822,3,1.0
98,0.0,0.0,0.82200003,1.0,4.0,11,107.0905385753526,107.0905385753526,no pobre,basal,2,875.0,610.0,1.0,48.0,10,64,25822,3,1.0
97,1.0,0.0,0.82200003,1.0,1.0,11,107.0905385753526,107.0905385753526,no pobre,basal,2,875.0,610.0,1.0,48.0,8,64,25823,1,1.0
98,1.0,0.0,0.82200003,1.0,2.0,11,107.0905385753526,107.0905385753526,no pobre,basal,2,875.0,610.0,1.0,48.0,9,64,25823,1,1.0
97,0.0,0.0,0.82200003,1.0,0.0,11,107.0905385753526,107.0905385753526,no pobre,basal,2,875.0,610.0,1.0,48.0,6,64,25824,0,1.0
98,0.0,0.0,0.82200003,1.0,1.0,11,107.0905385753526,107.0905385753526,no pobre,basal,2,875.0,610.0,1.0,48.0,7,64,25824,0,1.0
97,0.0,0.0,0.82200003,1.0,0.0,11,107.0905385753526,107.0905385753526,no pobre,basal,2,875.0,610.0,1.0,48.0,6,64,25825,0,1.0
98,0.0,0.0,0.82200003,1.0,1.0,11,107.0905385753526,107.0905385753526,no pobre,basal,2,875.0,610.0,1.0,48.0,7,64,25825,0,1.0
97,0.0,1.0,0.82200003,0.0,6.0,7,107.0905385753526,107.0905385753526,pobre,basal,1,0.0,842.5,1.0,77.0,15,64,25826,6,0.0
98,0.0,1.0,0.82200003,0.0,6.0,7,107.0905385753526,107.0905385753526,pobre,basal,1,0.0,842.5,1.0,77.0,16,64,25826,6,0.0
97,0.0,1.0,0.82200003,1.0,0.0,7,107.0905385753526,107.0905385753526,pobre,basal,1,0.0,842.5,1.0,77.0,6,64,25827,0,1.0
98,0.0,1.0,0.82200003,1.0,1.0,7,107.0905385753526,107.0905385753526,pobre,basal,1,0.0,842.5,1.0,77.0,7,64,25827,0,1.0
97,0.0,0.0,0.82200003,1.0,2.0,6,107.0905385753526,107.0905385753526,pobre,basal,0,1000.0,812.0,1.0,47.0,10,64,25828,2,1.0
98,0.0,0.0,0.82200003,1.0,3.0,6,107.0905385753526,107.0905385753526,pobre,basal,0,1000.0,812.0,1.0,47.0,11,64,25828,2,1.0
97,0.0,0.0,0.82200003,1.0,2.0,6,107.0905385753526,107.0905385753526,pobre,basal,0,1000.0,812.0,1.0,47.0,11,64,25829,2,1.0
98,0.0,0.0,0.82200003,1.0,4.0,6,107.0905385753526,107.0905385753526,pobre,basal,0,1000.0,812.0,1.0,47.0,12,64,25829,2,1.0
97,1.0,0.0,0.82200003,1.0,3.0,6,107.0905385753526,107.0905385753526,pobre,basal,0,1000.0,812.0,1.0,47.0,6,64,25830,3,1.0
98,1.0,0.0,0.82200003,1.0,2.0,6,107.0905385753526,107.0905385753526,pobre,basal,0,1000.0,812.0,1.0,47.0,7,64,25830,3,1.0
97,1.0,1.0,0.82200003,1.0,1.0,4,107.0905385753526,107.0905385753526,pobre,basal,9,750.0,759.0,1.0,37.0,7,64,25831,1,1.0
98,1.0,1.0,0.82200003,1.0,2.0,4,107.0905385753526,107.0905385753526,pobre,basal,9,750.0,759.0,1.0,37.0,8,64,25831,1,1.0
97,1.0,1.0,0.82200003,0.0,9.0,7,107.0905385753526,107.0905385753526,pobre,basal,3,480.0,748.5,1.0,38.0,16,64,25832,9,0.0
98,1.0,1.0,0.82200003,0.0,9.0,7,107.0905385753526,107.0905385753526,pobre,basal,3,480.0,748.5,1.0,38.0,17,64,25832,9,0.0
97,1.0,1.0,0.82200003,1.0,8.0,7,107.0905385753526,107.0905385753526,pobre,basal,3,480.0,748.5,1.0,38.0,14,64,25833,8,1.0
98,1.0,1.0,0.82200003,1.0,2.0,7,107.0905385753526,107.0905385753526,pobre,basal,3,480.0,748.5,1.0,38.0,15,64,25833,8,1.0
97,0.0,1.0,0.82200003,1.0,5.0,7,107.0905385753526,107.0905385753526,pobre,basal,3,480.0,748.5,1.0,38.0,11,64,25834,5,1.0
98,0.0,1.0,0.82200003,1.0,5.0,7,107.0905385753526,107.0905385753526,pobre,basal,3,480.0,748.5,1.0,38.0,12,64,25834,5,1.0
97,0.0,1.0,0.82200003,1.0,4.0,7,107.0905385753526,107.0905385753526,pobre,basal,3,480.0,748.5,1.0,38.0,9,64,25835,4,1.0
98,0.0,1.0,0.82200003,1.0,4.0,7,107.0905385753526,107.0905385753526,pobre,basal,3,480.0,748.5,1.0,38.0,10,64,25835,4,1.0
97,1.0,1.0,0.82200003,1.0,1.0,7,107.0905385753526,107.0905385753526,pobre,basal,3,480.0,748.5,1.0,38.0,7,64,25836,1,1.0
98,1.0,1.0,0.82200003,1.0,0.0,7,107.0905385753526,107.0905385753526,pobre,basal,3,480.0,748.5,1.0,38.0,8,64,25836,1,1.0
97,0.0,1.0,0.82200003,1.0,1.0,4,107.0905385753526,107.0905385753526,pobre,basal,9,800.0,777.0,1.0,29.0,8,64,25837,1,1.0
98,0.0,1.0,0.82200003,,,4,107.0905385753526,107.0905385753526,pobre,basal,9,800.0,777.0,1.0,29.0,9,64,25837,1,1.0
97,1.0,1.0,0.82200003,1.0,3.0,5,107.0905385753526,107.0905385753526,pobre,basal,9,800.0,856.0,1.0,31.0,9,64,25838,3,1.0
98,1.0,1.0,0.82200003,1.0,4.0,5,107.0905385753526,107.0905385753526,pobre,basal,9,800.0,856.0,1.0,31.0,10,64,25838,3,1.0
97,0.0,1.0,0.82200003,1.0,3.0,7,107.0905385753526,107.0905385753526,pobre,basal,6,1000.0,727.0,1.0,22.0,9,64,25839,3,1.0
98,0.0,1.0,0.82200003,0.0,4.0,7,107.0905385753526,107.0905385753526,pobre,basal,6,1000.0,727.0,1.0,22.0,10,64,25839,3,1.0
97,1.0,1.0,0.82200003,0.0,6.0,7,107.0905385753526,107.0905385753526,pobre,basal,6,1000.0,727.0,1.0,22.0,15,64,25840,6,0.0
98,1.0,1.0,0.82200003,0.0,6.0,7,107.0905385753526,107.0905385753526,pobre,basal,6,1000.0,727.0,1.0,22.0,16,64,25840,6,0.0
97,1.0,1.0,0.82200003,1.0,6.0,7,107.0905385753526,107.0905385753526,pobre,basal,6,1000.0,727.0,1.0,22.0,14,64,25841,6,1.0
98,1.0,1.0,0.82200003,0.0,6.0,7,107.0905385753526,107.0905385753526,pobre,basal,6,1000.0,727.0,1.0,22.0,15,64,25841,6,1.0
97,0.0,1.0,0.82200003,1.0,1.0,7,107.0905385753526,107.0905385753526,pobre,basal,6,1000.0,727.0,1.0,22.0,14,64,25842,1,1.0
98,0.0,1.0,0.82200003,1.0,2.0,7,107.0905385753526,107.0905385753526,pobre,basal,6,1000.0,727.0,1.0,22.0,15,64,25842,1,1.0
97,0.0,1.0,0.82200003,1.0,5.0,7,107.0905385753526,107.0905385753526,pobre,basal,6,1000.0,727.0,1.0,22.0,11,64,25843,5,1.0
98,0.0,1.0,0.82200003,0.0,6.0,7,107.0905385753526,107.0905385753526,pobre,basal,6,1000.0,727.0,1.0,22.0,12,64,25843,5,1.0
97,0.0,1.0,0.82200003,1.0,3.0,6,107.0905385753526,107.0905385753526,pobre,basal,9,1000.0,707.0,1.0,23.0,13,64,25844,3,1.0
98,0.0,1.0,0.82200003,1.0,3.0,6,107.0905385753526,107.0905385753526,pobre,basal,9,1000.0,707.0,1.0,23.0,14,64,25844,3,1.0
97,0.0,1.0,0.82200003,1.0,3.0,6,107.0905385753526,107.0905385753526,pobre,basal,9,1000.0,707.0,1.0,23.0,9,64,25845,3,1.0
98,0.0,1.0,0.82200003,1.0,4.0,6,107.0905385753526,107.0905385753526,pobre,basal,9,1000.0,707.0,1.0,23.0,10,64,25845,3,1.0
97,1.0,1.0,0.82200003,1.0,3.0,6,107.0905385753526,107.0905385753526,pobre,basal,9,1000.0,707.0,1.0,23.0,6,64,25846,3,1.0
98,1.0,1.0,0.82200003,1.0,0.0,6,107.0905385753526,107.0905385753526,pobre,basal,9,1000.0,707.0,1.0,23.0,7,64,25846,3,1.0
97,1.0,1.0,0.82200003,0.0,6.0,3,107.0905385753526,107.0905385753526,pobre,basal,3,1000.0,828.5,1.0,58.0,16,64,25847,6,0.0
98,1.0,1.0,0.82200003,,,3,107.0905385753526,107.0905385753526,pobre,basal,3,1000.0,828.5,1.0,58.0,17,64,25847,6,0.0
97,1.0,1.0,0.82200003,1.0,8.0,7,107.0905385753526,107.0905385753526,no pobre,basal,5,750.0,896.0,1.0,42.0,13,64,25848,8,1.0
98,1.0,1.0,0.82200003,1.0,9.0,7,107.0905385753526,107.0905385753526,no pobre,basal,5,750.0,896.0,1.0,42.0,14,64,25848,8,1.0
97,0.0,1.0,0.82200003,1.0,6.0,8,107.0905385753526,107.0905385753526,pobre,basal,3,1000.0,971.0,1.0,54.0,13,64,25849,6,1.0
98,0.0,1.0,0.82200003,1.0,7.0,8,107.0905385753526,107.0905385753526,pobre,basal,3,1000.0,971.0,1.0,54.0,14,64,25849,6,1.0
97,0.0,1.0,0.82200003,1.0,6.0,8,107.0905385753526,107.0905385753526,pobre,basal,3,1000.0,971.0,1.0,54.0,12,64,25850,6,1.0
98,0.0,1.0,0.82200003,1.0,7.0,8,107.0905385753526,107.0905385753526,pobre,basal,3,1000.0,971.0,1.0,54.0,13,64,25850,6,1.0
97,1.0,1.0,0.82200003,0.0,6.0,8,107.0905385753526,107.0905385753526,pobre,basal,4,750.0,803.0,1.0,44.0,16,64,25851,6,0.0
98,1.0,1.0,0.82200003,,,8,107.0905385753526,107.0905385753526,pobre,basal,4,750.0,803.0,1.0,44.0,17,64,25851,6,0.0
97,0.0,1.0,0.82200003,0.0,6.0,8,107.0905385753526,107.0905385753526,pobre,basal,4,750.0,803.0,1.0,44.0,14,64,25852,6,0.0
98,0.0,1.0,0.82200003,,,8,107.0905385753526,107.0905385753526,pobre,basal,4,750.0,803.0,1.0,44.0,15,64,25852,6,0.0
97,1.0,1.0,0.82200003,1.0,3.0,8,107.0905385753526,107.0905385753526,pobre,basal,4,750.0,803.0,1.0,44.0,11,64,25853,3,1.0
98,1.0,1.0,0.82200003,1.0,4.0,8,107.0905385753526,107.0905385753526,pobre,basal,4,750.0,803.0,1.0,44.0,12,64,25853,3,1.0
97,1.0,1.0,0.82200003,1.0,0.0,8,107.0905385753526,107.0905385753526,pobre,basal,4,750.0,803.0,1.0,44.0,7,64,25854,0,1.0
98,1.0,1.0,0.82200003,1.0,2.0,8,107.0905385753526,107.0905385753526,pobre,basal,4,750.0,803.0,1.0,44.0,8,64,25854,0,1.0
97,1.0,1.0,0.82200003,1.0,9.0,4,107.0905385753526,107.0905385753526,pobre,basal,6,960.0,1001.0,1.0,38.0,16,64,25855,9,1.0
98,1.0,1.0,0.82200003,,,4,107.0905385753526,107.0905385753526,pobre,basal,6,960.0,1001.0,1.0,38.0,17,64,25855,9,1.0
97,1.0,1.0,0.82200003,1.0,8.0,4,107.0905385753526,107.0905385753526,pobre,basal,6,960.0,1001.0,1.0,38.0,14,64,25856,8,1.0
98,1.0,1.0,0.82200003,1.0,9.0,4,107.0905385753526,107.0905385753526,pobre,basal,6,960.0,1001.0,1.0,38.0,15,64,25856,8,1.0
97,1.0,1.0,0.82200003,1.0,3.0,5,107.0905385753526,107.0905385753526,pobre,basal,6,600.0,664.0,1.0,33.0,9,64,25857,3,1.0
98,1.0,1.0,0.82200003,1.0,4.0,5,107.0905385753526,107.0905385753526,pobre,basal,6,600.0,664.0,1.0,33.0,10,64,25857,3,1.0
97,0.0,1.0,0.82200003,1.0,2.0,5,107.0905385753526,107.0905385753526,pobre,basal,6,600.0,664.0,1.0,33.0,8,64,25858,2,1.0
98,0.0,1.0,0.82200003,1.0,3.0,5,107.0905385753526,107.0905385753526,pobre,basal,6,600.0,664.0,1.0,33.0,9,64,25858,2,1.0
97,0.0,1.0,0.82200003,1.0,9.0,7,107.0905385753526,107.0905385753526,no pobre,basal,3,1250.0,1008.5,1.0,48.0,15,64,25859,9,1.0
98,0.0,1.0,0.82200003,1.0,10.0,7,107.0905385753526,107.0905385753526,no pobre,basal,3,1250.0,1008.5,1.0,48.0,16,64,25859,9,1.0
97,0.0,1.0,0.82200003,1.0,6.0,7,107.0905385753526,107.0905385753526,no pobre,basal,3,1250.0,1008.5,1.0,48.0,12,64,25860,6,1.0
98,0.0,1.0,0.82200003,1.0,7.0,7,107.0905385753526,107.0905385753526,no pobre,basal,3,1250.0,1008.5,1.0,48.0,13,64,25860,6,1.0
97,0.0,1.0,0.82200003,0.0,6.0,6,107.0905385753526,107.0905385753526,pobre,basal,6,875.0,701.0,1.0,32.0,13,64,25861,6,0.0
98,0.0,1.0,0.82200003,0.0,6.0,6,107.0905385753526,107.0905385753526,pobre,basal,6,875.0,701.0,1.0,32.0,14,64,25861,6,0.0
97,1.0,1.0,0.82200003,1.0,4.0,6,107.0905385753526,107.0905385753526,pobre,basal,6,875.0,701.0,1.0,32.0,10,64,25862,4,1.0
98,1.0,1.0,0.82200003,1.0,5.0,6,107.0905385753526,107.0905385753526,pobre,basal,6,875.0,701.0,1.0,32.0,11,64,25862,4,1.0
97,0.0,1.0,0.82200003,1.0,1.0,6,107.0905385753526,107.0905385753526,pobre,basal,6,875.0,701.0,1.0,32.0,8,64,25863,1,1.0
98,0.0,1.0,0.82200003,1.0,2.0,6,107.0905385753526,107.0905385753526,pobre,basal,6,875.0,701.0,1.0,32.0,9,64,25863,1,1.0
97,1.0,1.0,0.82200003,1.0,1.0,5,107.0905385753526,107.0905385753526,pobre,basal,2,1000.0,951.0,1.0,48.0,6,64,25864,1,1.0
98,1.0,1.0,0.82200003,1.0,1.0,5,107.0905385753526,107.0905385753526,pobre,basal,2,1000.0,951.0,1.0,48.0,7,64,25864,1,1.0
97,1.0,1.0,0.82200003,1.0,4.0,6,107.0905385753526,107.0905385753526,no pobre,basal,3,1200.0,1058.0,1.0,38.0,10,64,25865,4,1.0
98,1.0,1.0,0.82200003,1.0,5.0,6,107.0905385753526,107.0905385753526,no pobre,basal,3,1200.0,1058.0,1.0,38.0,11,64,25865,4,1.0
97,1.0,1.0,0.82200003,1.0,1.0,6,107.0905385753526,107.0905385753526,no pobre,basal,3,1200.0,1058.0,1.0,38.0,7,64,25866,1,1.0
98,1.0,1.0,0.82200003,1.0,2.0,6,107.0905385753526,107.0905385753526,no pobre,basal,3,1200.0,1058.0,1.0,38.0,8,64,25866,1,1.0
97,0.0,1.0,0.82200003,0.0,6.0,5,107.0905385753526,107.0905385753526,pobre,basal,0,0.0,776.0,1.0,71.0,14,64,25867,6,0.0
98,0.0,1.0,0.82200003,0.0,6.0,5,107.0905385753526,107.0905385753526,pobre,basal,0,0.0,776.0,1.0,71.0,15,64,25867,6,0.0
97,1.0,1.0,0.82200003,0.0,6.0,5,107.0905385753526,107.0905385753526,pobre,basal,0,0.0,776.0,1.0,71.0,16,64,25868,6,0.0
98,1.0,1.0,0.82200003,,,5,107.0905385753526,107.0905385753526,pobre,basal,0,0.0,776.0,1.0,71.0,17,64,25868,6,0.0
97,0.0,1.0,0.82200003,1.0,3.0,6,107.0905385753526,107.0905385753526,pobre,basal,6,1000.0,747.0,1.0,30.0,9,64,25869,3,1.0
98,0.0,1.0,0.82200003,1.0,4.0,6,107.0905385753526,107.0905385753526,pobre,basal,6,1000.0,747.0,1.0,30.0,10,64,25869,3,1.0
97,0.0,1.0,0.82200003,1.0,1.0,6,107.0905385753526,107.0905385753526,pobre,basal,6,1000.0,747.0,1.0,30.0,7,64,25870,1,1.0
98,0.0,1.0,0.82200003,1.0,2.0,6,107.0905385753526,107.0905385753526,pobre,basal,6,1000.0,747.0,1.0,30.0,8,64,25870,1,1.0
97,0.0,1.0,0.82200003,1.0,1.0,6,107.0905385753526,107.0905385753526,pobre,basal,6,1000.0,747.0,1.0,30.0,7,64,25871,1,1.0
98,0.0,1.0,0.82200003,1.0,1.0,6,107.0905385753526,107.0905385753526,pobre,basal,6,1000.0,747.0,1.0,30.0,8,64,25871,1,1.0
97,0.0,1.0,0.82200003,1.0,8.0,8,107.0905385753526,107.0905385753526,pobre,basal,2,960.0,948.0,1.0,54.0,13,64,25872,8,1.0
98,0.0,1.0,0.82200003,0.0,9.0,8,107.0905385753526,107.0905385753526,pobre,basal,2,960.0,948.0,1.0,54.0,14,64,25872,8,1.0
97,0.0,1.0,0.82200003,0.0,6.0,6,107.0905385753526,107.0905385753526,no pobre,basal,9,1500.0,928.0,1.0,34.0,16,64,25873,6,0.0
98,0.0,1.0,0.82200003,,,6,107.0905385753526,107.0905385753526,no pobre,basal,9,1500.0,928.0,1.0,34.0,17,64,25873,6,0.0
97,1.0,1.0,0.82200003,1.0,7.0,6,107.0905385753526,107.0905385753526,no pobre,basal,9,1500.0,928.0,1.0,34.0,13,64,25874,7,1.0
98,1.0,1.0,0.82200003,1.0,8.0,6,107.0905385753526,107.0905385753526,no pobre,basal,9,1500.0,928.0,1.0,34.0,14,64,25874,7,1.0
97,0.0,1.0,0.82200003,1.0,5.0,6,107.0905385753526,107.0905385753526,no pobre,basal,9,1500.0,928.0,1.0,34.0,11,64,25875,5,1.0
98,0.0,1.0,0.82200003,1.0,6.0,6,107.0905385753526,107.0905385753526,no pobre,basal,9,1500.0,928.0,1.0,34.0,12,64,25875,5,1.0
97,1.0,1.0,0.82200003,1.0,3.0,6,107.0905385753526,107.0905385753526,no pobre,basal,9,1500.0,928.0,1.0,34.0,8,64,25876,3,1.0
98,1.0,1.0,0.82200003,1.0,3.0,6,107.0905385753526,107.0905385753526,no pobre,basal,9,1500.0,928.0,1.0,34.0,9,64,25876,3,1.0
97,1.0,1.0,0.82200003,1.0,7.0,9,107.0905385753526,107.0905385753526,pobre,basal,0,0.0,776.5,0.0,67.0,13,64,25877,7,1.0
98,1.0,1.0,0.82200003,1.0,8.0,9,107.0905385753526,107.0905385753526,pobre,basal,0,0.0,776.5,0.0,67.0,14,64,25877,7,1.0
97,1.0,1.0,0.82200003,1.0,5.0,9,107.0905385753526,107.0905385753526,pobre,basal,0,0.0,776.5,0.0,67.0,10,64,25878,5,1.0
98,1.0,1.0,0.82200003,1.0,6.0,9,107.0905385753526,107.0905385753526,pobre,basal,0,0.0,776.5,0.0,67.0,11,64,25878,5,1.0
97,1.0,1.0,0.82200003,1.0,3.0,9,107.0905385753526,107.0905385753526,pobre,basal,0,0.0,776.5,0.0,67.0,8,64,25879,3,1.0
98,1.0,1.0,0.82200003,1.0,4.0,9,107.0905385753526,107.0905385753526,pobre,basal,0,0.0,776.5,0.0,67.0,9,64,25879,3,1.0
97,0.0,1.0,0.82200003,1.0,0.0,9,107.0905385753526,107.0905385753526,pobre,basal,0,0.0,776.5,0.0,67.0,7,64,25880,0,1.0
98,0.0,1.0,0.82200003,1.0,1.0,9,107.0905385753526,107.0905385753526,pobre,basal,0,0.0,776.5,0.0,67.0,8,64,25880,0,1.0
97,0.0,0.0,0.82200003,0.0,6.0,6,107.0905385753526,107.0905385753526,no pobre,basal,6,625.0,1137.0,1.0,55.0,16,64,25881,6,0.0
98,0.0,0.0,0.82200003,,,6,107.0905385753526,107.0905385753526,no pobre,basal,6,625.0,1137.0,1.0,55.0,17,64,25881,6,0.0
97,1.0,0.0,0.82200003,1.0,6.0,6,107.0905385753526,107.0905385753526,no pobre,basal,6,625.0,1137.0,1.0,55.0,14,64,25882,6,1.0
98,1.0,0.0,0.82200003,1.0,9.0,6,107.0905385753526,107.0905385753526,no pobre,basal,6,625.0,1137.0,1.0,55.0,15,64,25882,6,1.0
97,1.0,0.0,0.82200003,1.0,6.0,5,107.0905385753526,107.0905385753526,no pobre,basal,6,875.0,941.0,1.0,36.0,12,64,25883,6,1.0
98,1.0,0.0,0.82200003,1.0,7.0,5,107.0905385753526,107.0905385753526,no pobre,basal,6,875.0,941.0,1.0,36.0,13,64,25883,6,1.0
97,0.0,0.0,0.82200003,1.0,4.0,5,107.0905385753526,107.0905385753526,no pobre,basal,6,875.0,941.0,1.0,36.0,11,64,25884,4,1.0
98,0.0,0.0,0.82200003,1.0,6.0,5,107.0905385753526,107.0905385753526,no pobre,basal,6,875.0,941.0,1.0,36.0,12,64,25884,4,1.0
97,1.0,0.0,0.82200003,1.0,2.0,5,107.0905385753526,107.0905385753526,no pobre,basal,6,875.0,941.0,1.0,36.0,8,64,25885,2,1.0
98,1.0,0.0,0.82200003,1.0,3.0,5,107.0905385753526,107.0905385753526,no pobre,basal,6,875.0,941.0,1.0,36.0,9,64,25885,2,1.0
97,1.0,1.0,0.82200003,1.0,6.0,6,107.0905385753526,107.0905385753526,pobre,basal,11,600.0,985.0,1.0,42.0,16,64,25886,6,1.0
98,1.0,1.0,0.82200003,,,6,107.0905385753526,107.0905385753526,pobre,basal,11,600.0,985.0,1.0,42.0,17,64,25886,6,1.0
97,0.0,0.0,0.82200003,1.0,6.0,6,107.0905385753526,107.0905385753526,pobre,basal,11,600.0,985.0,1.0,42.0,12,64,25887,6,1.0
98,0.0,0.0,0.82200003,1.0,7.0,6,107.0905385753526,107.0905385753526,pobre,basal,11,600.0,985.0,1.0,42.0,13,64,25887,6,1.0
97,0.0,0.0,0.82200003,1.0,3.0,6,107.0905385753526,107.0905385753526,pobre,basal,11,600.0,985.0,1.0,42.0,10,64,25888,3,1.0
98,0.0,0.0,0.82200003,1.0,4.0,6,107.0905385753526,107.0905385753526,pobre,basal,11,600.0,985.0,1.0,42.0,11,64,25888,3,1.0
97,1.0,1.0,0.82200003,1.0,6.0,6,107.0905385753526,107.0905385753526,no pobre,basal,3,83.333336,1028.0,1.0,67.0,12,64,25889,6,1.0
98,1.0,1.0,0.82200003,1.0,7.0,6,107.0905385753526,107.0905385753526,no pobre,basal,3,83.333336,1028.0,1.0,67.0,13,64,25889,6,1.0
97,0.0,1.0,0.82200003,1.0,4.0,6,107.0905385753526,107.0905385753526,no pobre,basal,3,83.333336,1028.0,1.0,67.0,10,64,25890,4,1.0
98,0.0,1.0,0.82200003,1.0,5.0,6,107.0905385753526,107.0905385753526,no pobre,basal,3,83.333336,1028.0,1.0,67.0,11,64,25890,4,1.0
97,0.0,1.0,0.82200003,0.0,6.0,6,107.0905385753526,107.0905385753526,pobre,basal,0,0.0,754.0,1.0,80.0,13,64,25891,6,0.0
98,0.0,1.0,0.82200003,0.0,6.0,6,107.0905385753526,107.0905385753526,pobre,basal,0,0.0,754.0,1.0,80.0,14,64,25891,6,0.0
97,0.0,1.0,0.82200003,1.0,6.0,4,107.0905385753526,107.0905385753526,no pobre,basal,6,750.0,1025.0,1.0,32.0,12,64,25892,6,1.0
98,0.0,1.0,0.82200003,1.0,7.0,4,107.0905385753526,107.0905385753526,no pobre,basal,6,750.0,1025.0,1.0,32.0,13,64,25892,6,1.0
97,0.0,1.0,0.82200003,1.0,5.0,4,107.0905385753526,107.0905385753526,no pobre,basal,6,750.0,1025.0,1.0,32.0,10,64,25893,5,1.0
98,0.0,1.0,0.82200003,1.0,5.0,4,107.0905385753526,107.0905385753526,no pobre,basal,6,750.0,1025.0,1.0,32.0,11,64,25893,5,1.0
97,0.0,1.0,0.82200003,1.0,0.0,6,107.0905385753526,107.0905385753526,pobre,basal,6,2500.0,637.0,1.0,23.0,6,64,25894,0,1.0
98,0.0,1.0,0.82200003,1.0,1.0,6,107.0905385753526,107.0905385753526,pobre,basal,6,2500.0,637.0,1.0,23.0,7,64,25894,0,1.0
97,1.0,1.0,0.82200003,1.0,8.0,9,107.0905385753526,107.0905385753526,pobre,basal,6,41.666668,979.75,1.0,47.0,15,64,25895,8,1.0
98,1.0,1.0,0.82200003,1.0,9.0,9,107.0905385753526,107.0905385753526,pobre,basal,6,41.666668,979.75,1.0,47.0,16,64,25895,8,1.0
97,1.0,1.0,0.82200003,1.0,6.0,9,107.0905385753526,107.0905385753526,pobre,basal,6,41.666668,979.75,1.0,47.0,12,64,25896,6,1.0
98,1.0,1.0,0.82200003,1.0,0.0,9,107.0905385753526,107.0905385753526,pobre,basal,6,41.666668,979.75,1.0,47.0,13,64,25896,6,1.0
97,0.0,1.0,0.82200003,1.0,7.0,7,107.0905385753526,107.0905385753526,pobre,basal,6,83.333336,639.0,1.0,42.0,14,64,25897,7,1.0
98,0.0,1.0,0.82200003,,,7,107.0905385753526,107.0905385753526,pobre,basal,6,83.333336,639.0,1.0,42.0,15,64,25897,7,1.0
97,0.0,1.0,0.82200003,1.0,6.0,7,107.0905385753526,107.0905385753526,pobre,basal,6,83.333336,639.0,1.0,42.0,11,64,25898,6,1.0
98,0.0,1.0,0.82200003,1.0,7.0,7,107.0905385753526,107.0905385753526,pobre,basal,6,83.333336,639.0,1.0,42.0,12,64,25898,6,1.0
97,0.0,1.0,0.82200003,1.0,3.0,7,107.0905385753526,107.0905385753526,pobre,basal,6,83.333336,639.0,1.0,42.0,10,64,25899,3,1.0
98,0.0,1.0,0.82200003,1.0,4.0,7,107.0905385753526,107.0905385753526,pobre,basal,6,83.333336,639.0,1.0,42.0,11,64,25899,3,1.0
97,0.0,1.0,0.82200003,1.0,2.0,7,107.0905385753526,107.0905385753526,pobre,basal,6,83.333336,639.0,1.0,42.0,7,64,25900,2,1.0
98,0.0,1.0,0.82200003,1.0,3.0,7,107.0905385753526,107.0905385753526,pobre,basal,6,83.333336,639.0,1.0,42.0,8,64,25900,2,1.0
97,1.0,1.0,0.82200003,1.0,3.0,5,107.0905385753526,107.0905385753526,pobre,basal,6,1000.0,774.0,1.0,33.0,7,64,25901,3,1.0
98,1.0,1.0,0.82200003,1.0,1.0,5,107.0905385753526,107.0905385753526,pobre,basal,6,1000.0,774.0,1.0,33.0,8,64,25901,3,1.0
97,1.0,1.0,0.82200003,0.0,9.0,7,107.0905385753526,107.0905385753526,no pobre,basal,6,1600.0,986.5,1.0,44.0,16,64,25902,9,0.0
98,1.0,1.0,0.82200003,,,7,107.0905385753526,107.0905385753526,no pobre,basal,6,1600.0,986.5,1.0,44.0,17,64,25902,9,0.0
97,0.0,1.0,0.82200003,0.0,9.0,9,107.0905385753526,107.0905385753526,pobre,basal,3,1200.0,936.0,1.0,52.0,16,64,25903,9,0.0
98,0.0,1.0,0.82200003,0.0,9.0,9,107.0905385753526,107.0905385753526,pobre,basal,3,1200.0,936.0,1.0,52.0,17,64,25903,9,0.0
97,1.0,1.0,0.82200003,1.0,7.0,9,107.0905385753526,107.0905385753526,pobre,basal,3,1200.0,936.0,1.0,52.0,14,64,25904,7,1.0
98,1.0,1.0,0.82200003,1.0,8.0,9,107.0905385753526,107.0905385753526,pobre,basal,3,1200.0,936.0,1.0,52.0,15,64,25904,7,1.0
97,0.0,1.0,0.82200003,1.0,6.0,9,107.0905385753526,107.0905385753526,pobre,basal,3,1200.0,936.0,1.0,52.0,12,64,25905,6,1.0
98,0.0,1.0,0.82200003,1.0,7.0,9,107.0905385753526,107.0905385753526,pobre,basal,3,1200.0,936.0,1.0,52.0,13,64,25905,6,1.0
97,0.0,1.0,0.82200003,0.0,9.0,9,107.0905385753526,107.0905385753526,no pobre,basal,6,50.0,798.0,1.0,38.0,16,64,25906,9,0.0
98,0.0,1.0,0.82200003,,,9,107.0905385753526,107.0905385753526,no pobre,basal,6,50.0,798.0,1.0,38.0,17,64,25906,9,0.0
97,1.0,1.0,0.82200003,1.0,8.0,9,107.0905385753526,107.0905385753526,no pobre,basal,6,50.0,798.0,1.0,38.0,15,64,25907,8,1.0
98,1.0,1.0,0.82200003,,,9,107.0905385753526,107.0905385753526,no pobre,basal,6,50.0,798.0,1.0,38.0,16,64,25907,8,1.0
97,1.0,1.0,0.82200003,1.0,7.0,9,107.0905385753526,107.0905385753526,no pobre,basal,6,50.0,798.0,1.0,38.0,13,64,25908,7,1.0
98,1.0,1.0,0.82200003,1.0,8.0,9,107.0905385753526,107.0905385753526,no pobre,basal,6,50.0,798.0,1.0,38.0,14,64,25908,7,1.0
97,1.0,1.0,0.82200003,1.0,0.0,9,107.0905385753526,107.0905385753526,no pobre,basal,6,50.0,798.0,1.0,38.0,6,64,25909,0,1.0
98,1.0,1.0,0.82200003,,,9,107.0905385753526,107.0905385753526,no pobre,basal,6,50.0,798.0,1.0,38.0,7,64,25909,0,1.0
97,1.0,1.0,0.82200003,1.0,7.0,8,107.0905385753526,107.0905385753526,no pobre,basal,6,83.333336,945.0,1.0,36.0,13,64,25910,7,1.0
98,1.0,1.0,0.82200003,1.0,8.0,8,107.0905385753526,107.0905385753526,no pobre,basal,6,83.333336,945.0,1.0,36.0,14,64,25910,7,1.0
97,0.0,1.0,0.82200003,1.0,5.0,8,107.0905385753526,107.0905385753526,no pobre,basal,6,83.333336,945.0,1.0,36.0,11,64,25911,5,1.0
98,0.0,1.0,0.82200003,1.0,6.0,8,107.0905385753526,107.0905385753526,no pobre,basal,6,83.333336,945.0,1.0,36.0,12,64,25911,5,1.0
97,1.0,1.0,0.82200003,1.0,2.0,8,107.0905385753526,107.0905385753526,no pobre,basal,6,83.333336,945.0,1.0,36.0,8,64,25912,2,1.0
98,1.0,1.0,0.82200003,1.0,3.0,8,107.0905385753526,107.0905385753526,no pobre,basal,6,83.333336,945.0,1.0,36.0,9,64,25912,2,1.0
97,0.0,1.0,0.82200003,1.0,0.0,8,107.0905385753526,107.0905385753526,no pobre,basal,6,83.333336,945.0,1.0,36.0,6,64,25913,0,1.0
98,0.0,1.0,0.82200003,1.0,1.0,8,107.0905385753526,107.0905385753526,no pobre,basal,6,83.333336,945.0,1.0,36.0,7,64,25913,0,1.0
97,0.0,1.0,0.82200003,1.0,8.0,9,107.0905385753526,107.0905385753526,pobre,basal,4,83.333336,980.5,1.0,53.0,15,64,25914,8,1.0
98,0.0,1.0,0.82200003,0.0,9.0,9,107.0905385753526,107.0905385753526,pobre,basal,4,83.333336,980.5,1.0,53.0,16,64,25914,8,1.0
97,1.0,1.0,0.82200003,1.0,6.0,11,107.0905385753526,107.0905385753526,pobre,basal,0,750.0,947.0,1.0,65.0,13,64,25915,6,1.0
98,1.0,1.0,0.82200003,1.0,7.0,11,107.0905385753526,107.0905385753526,pobre,basal,0,750.0,947.0,1.0,65.0,14,64,25915,6,1.0
97,0.0,1.0,0.82200003,1.0,5.0,11,107.0905385753526,107.0905385753526,pobre,basal,0,750.0,947.0,1.0,65.0,11,64,25916,5,1.0
98,0.0,1.0,0.82200003,1.0,6.0,11,107.0905385753526,107.0905385753526,pobre,basal,0,750.0,947.0,1.0,65.0,12,64,25916,5,1.0
97,0.0,1.0,0.82200003,1.0,2.0,11,107.0905385753526,107.0905385753526,pobre,basal,0,750.0,947.0,1.0,65.0,9,64,25917,2,1.0
98,0.0,1.0,0.82200003,1.0,2.0,11,107.0905385753526,107.0905385753526,pobre,basal,0,750.0,947.0,1.0,65.0,10,64,25917,2,1.0
97,1.0,1.0,0.82200003,1.0,1.0,11,107.0905385753526,107.0905385753526,pobre,basal,0,750.0,947.0,1.0,65.0,8,64,25918,1,1.0
98,1.0,1.0,0.82200003,1.0,2.0,11,107.0905385753526,107.0905385753526,pobre,basal,0,750.0,947.0,1.0,65.0,9,64,25918,1,1.0
97,0.0,1.0,0.82200003,1.0,8.0,11,107.0905385753526,107.0905385753526,pobre,basal,0,750.0,947.0,1.0,65.0,14,64,25919,8,1.0
98,0.0,1.0,0.82200003,,,11,107.0905385753526,107.0905385753526,pobre,basal,0,750.0,947.0,1.0,65.0,15,64,25919,8,1.0
97,0.0,1.0,0.82200003,1.0,9.0,5,107.0905385753526,107.0905385753526,no pobre,basal,0,3600.0,995.0,1.0,53.0,15,64,25920,9,1.0
98,0.0,1.0,0.82200003,0.0,9.0,5,107.0905385753526,107.0905385753526,no pobre,basal,0,3600.0,995.0,1.0,53.0,16,64,25920,9,1.0
97,1.0,1.0,0.82200003,1.0,7.0,5,107.0905385753526,107.0905385753526,no pobre,basal,0,3600.0,995.0,1.0,53.0,13,64,25921,7,1.0
98,1.0,1.0,0.82200003,1.0,8.0,5,107.0905385753526,107.0905385753526,no pobre,basal,0,3600.0,995.0,1.0,53.0,14,64,25921,7,1.0
97,0.0,1.0,0.82200003,1.0,6.0,7,107.0905385753526,107.0905385753526,no pobre,basal,6,1400.0,897.0,1.0,37.0,14,64,25922,6,1.0
98,0.0,1.0,0.82200003,0.0,8.0,7,107.0905385753526,107.0905385753526,no pobre,basal,6,1400.0,897.0,1.0,37.0,15,64,25922,6,1.0
97,0.0,1.0,0.82200003,1.0,6.0,7,107.0905385753526,107.0905385753526,no pobre,basal,6,1400.0,897.0,1.0,37.0,12,64,25923,6,1.0
98,0.0,1.0,0.82200003,1.0,7.0,7,107.0905385753526,107.0905385753526,no pobre,basal,6,1400.0,897.0,1.0,37.0,13,64,25923,6,1.0
97,0.0,1.0,0.82200003,1.0,4.0,7,107.0905385753526,107.0905385753526,no pobre,basal,6,1400.0,897.0,1.0,37.0,10,64,25924,4,1.0
98,0.0,1.0,0.82200003,1.0,3.0,7,107.0905385753526,107.0905385753526,no pobre,basal,6,1400.0,897.0,1.0,37.0,11,64,25924,4,1.0
97,0.0,1.0,0.82200003,1.0,2.0,7,107.0905385753526,107.0905385753526,no pobre,basal,6,1400.0,897.0,1.0,37.0,8,64,25925,2,1.0
98,0.0,1.0,0.82200003,1.0,2.0,7,107.0905385753526,107.0905385753526,no pobre,basal,6,1400.0,897.0,1.0,37.0,9,64,25925,2,1.0
97,1.0,1.0,0.82200003,0.0,9.0,4,107.0905385753526,107.0905385753526,pobre,basal,2,750.0,937.0,1.0,66.0,15,64,25926,9,0.0
98,1.0,1.0,0.82200003,0.0,7.0,4,107.0905385753526,107.0905385753526,pobre,basal,2,750.0,937.0,1.0,66.0,16,64,25926,9,0.0
97,1.0,1.0,0.82200003,1.0,9.0,6,107.0905385753526,107.0905385753526,pobre,basal,6,50.0,924.0,1.0,35.0,15,64,25927,9,1.0
98,1.0,1.0,0.82200003,0.0,9.0,6,107.0905385753526,107.0905385753526,pobre,basal,6,50.0,924.0,1.0,35.0,16,64,25927,9,1.0
97,1.0,1.0,0.82200003,1.0,6.0,6,107.0905385753526,107.0905385753526,pobre,basal,6,50.0,924.0,1.0,35.0,11,64,25928,6,1.0
98,1.0,1.0,0.82200003,1.0,6.0,6,107.0905385753526,107.0905385753526,pobre,basal,6,50.0,924.0,1.0,35.0,12,64,25928,6,1.0
97,0.0,1.0,0.82200003,1.0,2.0,6,107.0905385753526,107.0905385753526,pobre,basal,6,50.0,924.0,1.0,35.0,8,64,25929,2,1.0
98,0.0,1.0,0.82200003,1.0,3.0,6,107.0905385753526,107.0905385753526,pobre,basal,6,50.0,924.0,1.0,35.0,9,64,25929,2,1.0
97,1.0,1.0,0.82200003,1.0,9.0,6,107.0905385753526,107.0905385753526,no pobre,basal,0,33.333332,995.0,1.0,38.0,15,64,25930,9,1.0
98,1.0,1.0,0.82200003,0.0,9.0,6,107.0905385753526,107.0905385753526,no pobre,basal,0,33.333332,995.0,1.0,38.0,16,64,25930,9,1.0
97,0.0,1.0,0.82200003,1.0,4.0,6,107.0905385753526,107.0905385753526,no pobre,basal,0,33.333332,995.0,1.0,38.0,10,64,25931,4,1.0
98,0.0,1.0,0.82200003,1.0,5.0,6,107.0905385753526,107.0905385753526,no pobre,basal,0,33.333332,995.0,1.0,38.0,11,64,25931,4,1.0
97,0.0,1.0,0.82200003,1.0,2.0,6,107.0905385753526,107.0905385753526,no pobre,basal,0,33.333332,995.0,1.0,38.0,8,64,25932,2,1.0
98,0.0,1.0,0.82200003,1.0,3.0,6,107.0905385753526,107.0905385753526,no pobre,basal,0,33.333332,995.0,1.0,38.0,9,64,25932,2,1.0
97,0.0,1.0,0.82200003,1.0,7.0,6,107.0905385753526,107.0905385753526,pobre,basal,9,800.0,1013.0,1.0,30.0,13,64,25933,7,1.0
98,0.0,1.0,0.82200003,1.0,8.0,6,107.0905385753526,107.0905385753526,pobre,basal,9,800.0,1013.0,1.0,30.0,14,64,25933,7,1.0
97,1.0,1.0,0.82200003,1.0,4.0,6,107.0905385753526,107.0905385753526,pobre,basal,9,800.0,1013.0,1.0,30.0,10,64,25934,4,1.0
98,1.0,1.0,0.82200003,1.0,5.0,6,107.0905385753526,107.0905385753526,pobre,basal,9,800.0,1013.0,1.0,30.0,11,64,25934,4,1.0
97,1.0,0.0,0.82200003,1.0,7.0,5,107.0905385753526,107.0905385753526,no pobre,basal,12,1200.0,1063.0,1.0,36.0,13,64,25935,7,1.0
98,1.0,0.0,0.82200003,1.0,9.0,5,107.0905385753526,107.0905385753526,no pobre,basal,12,1200.0,1063.0,1.0,36.0,14,64,25935,7,1.0
97,0.0,0.0,0.82200003,1.0,5.0,5,107.0905385753526,107.0905385753526,no pobre,basal,12,1200.0,1063.0,1.0,36.0,11,64,25936,5,1.0
98,0.0,0.0,0.82200003,1.0,7.0,5,107.0905385753526,107.0905385753526,no pobre,basal,12,1200.0,1063.0,1.0,36.0,12,64,25936,5,1.0
97,1.0,0.0,0.82200003,1.0,3.0,5,107.0905385753526,107.0905385753526,no pobre,basal,12,1200.0,1063.0,1.0,36.0,9,64,25937,3,1.0
98,1.0,0.0,0.82200003,1.0,5.0,5,107.0905385753526,107.0905385753526,no pobre,basal,12,1200.0,1063.0,1.0,36.0,10,64,25937,3,1.0
97,0.0,1.0,0.82200003,1.0,3.0,4,107.0905385753526,107.0905385753526,pobre,basal,6,1000.0,830.0,1.0,40.0,11,64,25938,3,1.0
98,0.0,1.0,0.82200003,1.0,3.0,4,107.0905385753526,107.0905385753526,pobre,basal,6,1000.0,830.0,1.0,40.0,12,64,25938,3,1.0
97,0.0,1.0,0.82200003,1.0,8.0,6,107.0905385753526,107.0905385753526,no pobre,basal,9,1000.0,988.0,1.0,40.0,15,64,25939,8,1.0
98,0.0,1.0,0.82200003,0.0,9.0,6,107.0905385753526,107.0905385753526,no pobre,basal,9,1000.0,988.0,1.0,40.0,16,64,25939,8,1.0
97,1.0,1.0,0.82200003,1.0,6.0,6,107.0905385753526,107.0905385753526,no pobre,basal,9,1000.0,988.0,1.0,40.0,12,64,25940,6,1.0
98,1.0,1.0,0.82200003,1.0,7.0,6,107.0905385753526,107.0905385753526,no pobre,basal,9,1000.0,988.0,1.0,40.0,13,64,25940,6,1.0
97,1.0,0.0,0.82200003,0.0,9.0,13,107.0905385753526,107.0905385753526,no pobre,basal,2,0.0,961.75,1.0,50.0,16,64,25941,9,0.0
98,1.0,0.0,0.82200003,,,13,107.0905385753526,107.0905385753526,no pobre,basal,2,0.0,961.75,1.0,50.0,17,64,25941,9,0.0
97,1.0,0.0,0.82200003,1.0,7.0,13,107.0905385753526,107.0905385753526,no pobre,basal,2,0.0,961.75,1.0,50.0,14,64,25942,7,1.0
98,1.0,0.0,0.82200003,1.0,9.0,13,107.0905385753526,107.0905385753526,no pobre,basal,2,0.0,961.75,1.0,50.0,15,64,25942,7,1.0
97,1.0,0.0,0.82200003,0.0,6.0,13,107.0905385753526,107.0905385753526,no pobre,basal,2,0.0,961.75,1.0,50.0,13,64,25943,6,0.0
98,1.0,0.0,0.82200003,0.0,6.0,13,107.0905385753526,107.0905385753526,no pobre,basal,2,0.0,961.75,1.0,50.0,14,64,25943,6,0.0
97,0.0,0.0,0.82200003,1.0,4.0,13,107.0905385753526,107.0905385753526,no pobre,basal,2,0.0,961.75,1.0,50.0,12,64,25944,4,1.0
98,0.0,0.0,0.82200003,1.0,6.0,13,107.0905385753526,107.0905385753526,no pobre,basal,2,0.0,961.75,1.0,50.0,13,64,25944,4,1.0
97,0.0,0.0,0.82200003,1.0,2.0,13,107.0905385753526,107.0905385753526,no pobre,basal,2,0.0,961.75,1.0,50.0,9,64,25945,2,1.0
98,0.0,0.0,0.82200003,1.0,4.0,13,107.0905385753526,107.0905385753526,no pobre,basal,2,0.0,961.75,1.0,50.0,10,64,25945,2,1.0
97,0.0,0.0,0.82200003,1.0,1.0,13,107.0905385753526,107.0905385753526,no pobre,basal,2,0.0,961.75,1.0,50.0,7,64,25946,1,1.0
98,0.0,0.0,0.82200003,1.0,3.0,13,107.0905385753526,107.0905385753526,no pobre,basal,2,0.0,961.75,1.0,50.0,8,64,25946,1,1.0
97,0.0,0.0,0.82200003,1.0,3.0,13,107.0905385753526,107.0905385753526,no pobre,basal,2,0.0,961.75,1.0,50.0,9,64,25947,3,1.0
98,0.0,0.0,0.82200003,1.0,5.0,13,107.0905385753526,107.0905385753526,no pobre,basal,2,0.0,961.75,1.0,50.0,10,64,25947,3,1.0
97,1.0,1.0,0.82200003,1.0,6.0,8,107.0905385753526,107.0905385753526,no pobre,basal,6,625.0,1095.0,1.0,40.0,15,64,25948,6,1.0
98,1.0,1.0,0.82200003,0.0,7.0,8,107.0905385753526,107.0905385753526,no pobre,basal,6,625.0,1095.0,1.0,40.0,16,64,25948,6,1.0
97,1.0,1.0,0.82200003,1.0,6.0,8,107.0905385753526,107.0905385753526,no pobre,basal,6,625.0,1095.0,1.0,40.0,14,64,25949,6,1.0
98,1.0,1.0,0.82200003,0.0,6.0,8,107.0905385753526,107.0905385753526,no pobre,basal,6,625.0,1095.0,1.0,40.0,15,64,25949,6,1.0
97,1.0,1.0,0.82200003,1.0,3.0,8,107.0905385753526,107.0905385753526,no pobre,basal,6,625.0,1095.0,1.0,40.0,10,64,25950,3,1.0
98,1.0,1.0,0.82200003,1.0,3.0,8,107.0905385753526,107.0905385753526,no pobre,basal,6,625.0,1095.0,1.0,40.0,11,64,25950,3,1.0
97,1.0,1.0,0.82200003,1.0,4.0,6,107.0905385753526,107.0905385753526,no pobre,basal,8,750.0,816.0,1.0,30.0,11,64,25951,4,1.0
98,1.0,1.0,0.82200003,1.0,5.0,6,107.0905385753526,107.0905385753526,no pobre,basal,8,750.0,816.0,1.0,30.0,12,64,25951,4,1.0
97,1.0,1.0,0.82200003,1.0,3.0,6,107.0905385753526,107.0905385753526,no pobre,basal,8,750.0,816.0,1.0,30.0,9,64,25952,3,1.0
98,1.0,1.0,0.82200003,1.0,4.0,6,107.0905385753526,107.0905385753526,no pobre,basal,8,750.0,816.0,1.0,30.0,10,64,25952,3,1.0
97,1.0,1.0,0.82200003,1.0,0.0,6,107.0905385753526,107.0905385753526,no pobre,basal,8,750.0,816.0,1.0,30.0,7,64,25953,0,1.0
98,1.0,1.0,0.82200003,1.0,1.0,6,107.0905385753526,107.0905385753526,no pobre,basal,8,750.0,816.0,1.0,30.0,8,64,25953,0,1.0
97,0.0,1.0,0.82200003,1.0,1.0,5,107.0905385753526,107.0905385753526,no pobre,basal,6,250.0,851.0,1.0,30.0,7,64,25954,1,1.0
98,0.0,1.0,0.82200003,1.0,2.0,5,107.0905385753526,107.0905385753526,no pobre,basal,6,250.0,851.0,1.0,30.0,8,64,25954,1,1.0
97,0.0,1.0,0.82200003,0.0,9.0,7,107.0905385753526,107.0905385753526,pobre,basal,6,750.0,724.0,1.0,48.0,15,64,25955,9,0.0
98,0.0,1.0,0.82200003,0.0,9.0,7,107.0905385753526,107.0905385753526,pobre,basal,6,750.0,724.0,1.0,48.0,16,64,25955,9,0.0
97,1.0,1.0,0.82200003,1.0,6.0,7,107.0905385753526,107.0905385753526,pobre,basal,6,750.0,724.0,1.0,48.0,13,64,25956,6,1.0
98,1.0,1.0,0.82200003,1.0,9.0,7,107.0905385753526,107.0905385753526,pobre,basal,6,750.0,724.0,1.0,48.0,14,64,25956,6,1.0
97,1.0,0.0,0.82200003,1.0,10.0,8,107.0905385753526,107.0905385753526,no pobre,basal,6,0.0,987.0,1.0,44.0,16,64,25957,10,1.0
98,1.0,0.0,0.82200003,0.0,9.0,8,107.0905385753526,107.0905385753526,no pobre,basal,6,0.0,987.0,1.0,44.0,17,64,25957,10,1.0
97,1.0,0.0,0.82200003,1.0,6.0,8,107.0905385753526,107.0905385753526,no pobre,basal,6,0.0,987.0,1.0,44.0,11,64,25958,6,1.0
98,1.0,0.0,0.82200003,1.0,7.0,8,107.0905385753526,107.0905385753526,no pobre,basal,6,0.0,987.0,1.0,44.0,12,64,25958,6,1.0
97,0.0,0.0,0.82200003,1.0,3.0,6,107.0905385753526,107.0905385753526,pobre,basal,12,750.0,1024.0,1.0,30.0,9,64,25959,3,1.0
98,0.0,0.0,0.82200003,1.0,4.0,6,107.0905385753526,107.0905385753526,pobre,basal,12,750.0,1024.0,1.0,30.0,10,64,25959,3,1.0
97,1.0,0.0,0.82200003,1.0,2.0,6,107.0905385753526,107.0905385753526,pobre,basal,12,750.0,1024.0,1.0,30.0,8,64,25960,2,1.0
98,1.0,0.0,0.82200003,1.0,3.0,6,107.0905385753526,107.0905385753526,pobre,basal,12,750.0,1024.0,1.0,30.0,9,64,25960,2,1.0
97,1.0,0.0,0.82200003,1.0,4.0,4,107.0905385753526,107.0905385753526,no pobre,basal,6,875.0,1075.0,1.0,30.0,9,64,25961,4,1.0
98,1.0,0.0,0.82200003,1.0,4.0,4,107.0905385753526,107.0905385753526,no pobre,basal,6,875.0,1075.0,1.0,30.0,10,64,25961,4,1.0
97,0.0,0.0,0.82200003,1.0,1.0,4,107.0905385753526,107.0905385753526,no pobre,basal,6,875.0,1075.0,1.0,30.0,6,64,25962,1,1.0
98,0.0,0.0,0.82200003,1.0,2.0,4,107.0905385753526,107.0905385753526,no pobre,basal,6,875.0,1075.0,1.0,30.0,7,64,25962,1,1.0
97,1.0,1.0,0.82200003,1.0,3.0,5,107.0905385753526,107.0905385753526,pobre,basal,6,750.0,653.0,1.0,38.0,9,64,25963,3,1.0
98,1.0,1.0,0.82200003,1.0,4.0,5,107.0905385753526,107.0905385753526,pobre,basal,6,750.0,653.0,1.0,38.0,10,64,25963,3,1.0
97,1.0,1.0,0.82200003,,0.0,5,107.0905385753526,107.0905385753526,pobre,basal,6,750.0,653.0,1.0,38.0,6,64,25964,0,
98,1.0,1.0,0.82200003,1.0,1.0,5,107.0905385753526,107.0905385753526,pobre,basal,6,750.0,653.0,1.0,38.0,7,64,25964,0,
97,1.0,1.0,0.82200003,0.0,9.0,7,107.0905385753526,107.0905385753526,pobre,basal,3,875.0,857.5,1.0,52.0,16,64,25965,9,0.0
98,1.0,1.0,0.82200003,,,7,107.0905385753526,107.0905385753526,pobre,basal,3,875.0,857.5,1.0,52.0,17,64,25965,9,0.0
97,1.0,1.0,0.82200003,0.0,8.0,7,107.0905385753526,107.0905385753526,pobre,basal,3,875.0,857.5,1.0,52.0,15,64,25966,8,0.0
98,1.0,1.0,0.82200003,0.0,8.0,7,107.0905385753526,107.0905385753526,pobre,basal,3,875.0,857.5,1.0,52.0,16,64,25966,8,0.0
97,1.0,0.0,0.82200003,1.0,7.0,7,107.0905385753526,107.0905385753526,pobre,basal,3,875.0,857.5,1.0,52.0,13,64,25967,7,1.0
98,1.0,0.0,0.82200003,1.0,8.0,7,107.0905385753526,107.0905385753526,pobre,basal,3,875.0,857.5,1.0,52.0,14,64,25967,7,1.0
97,0.0,0.0,0.82200003,1.0,3.0,7,107.0905385753526,107.0905385753526,pobre,basal,3,875.0,857.5,1.0,52.0,9,64,25968,3,1.0
98,0.0,0.0,0.82200003,1.0,4.0,7,107.0905385753526,107.0905385753526,pobre,basal,3,875.0,857.5,1.0,52.0,10,64,25968,3,1.0
97,1.0,0.0,0.82200003,1.0,2.0,7,107.0905385753526,107.0905385753526,pobre,basal,3,875.0,857.5,1.0,52.0,8,64,25969,2,1.0
98,1.0,0.0,0.82200003,1.0,3.0,7,107.0905385753526,107.0905385753526,pobre,basal,3,875.0,857.5,1.0,52.0,9,64,25969,2,1.0
97,1.0,1.0,0.82200003,1.0,2.0,5,107.0905385753526,107.0905385753526,pobre,basal,6,0.0,863.5,0.0,40.0,10,64,25970,2,1.0
98,1.0,1.0,0.82200003,1.0,3.0,5,107.0905385753526,107.0905385753526,pobre,basal,6,0.0,863.5,0.0,40.0,11,64,25970,2,1.0
97,0.0,0.0,0.82200003,1.0,4.0,6,107.0905385753526,107.0905385753526,pobre,basal,12,600.0,826.0,1.0,31.0,10,64,25971,4,1.0
98,0.0,0.0,0.82200003,1.0,5.0,6,107.0905385753526,107.0905385753526,pobre,basal,12,600.0,826.0,1.0,31.0,11,64,25971,4,1.0
97,1.0,0.0,0.82200003,1.0,1.0,6,107.0905385753526,107.0905385753526,pobre,basal,12,600.0,826.0,1.0,31.0,7,64,25972,1,1.0
98,1.0,0.0,0.82200003,1.0,2.0,6,107.0905385753526,107.0905385753526,pobre,basal,12,600.0,826.0,1.0,31.0,8,64,25972,1,1.0
97,1.0,0.0,0.82200003,1.0,1.0,6,107.0905385753526,107.0905385753526,pobre,basal,12,600.0,826.0,1.0,31.0,6,64,25973,1,1.0
98,1.0,0.0,0.82200003,1.0,1.0,6,107.0905385753526,107.0905385753526,pobre,basal,12,600.0,826.0,1.0,31.0,7,64,25973,1,1.0
97,0.0,1.0,0.82200003,1.0,6.0,6,107.0905385753526,107.0905385753526,pobre,basal,6,750.0,778.0,1.0,31.0,12,64,25974,6,1.0
98,0.0,1.0,0.82200003,,,6,107.0905385753526,107.0905385753526,pobre,basal,6,750.0,778.0,1.0,31.0,13,64,25974,6,1.0
97,1.0,1.0,0.82200003,1.0,5.0,6,107.0905385753526,107.0905385753526,pobre,basal,6,750.0,778.0,1.0,31.0,10,64,25975,5,1.0
98,1.0,1.0,0.82200003,,,6,107.0905385753526,107.0905385753526,pobre,basal,6,750.0,778.0,1.0,31.0,11,64,25975,5,1.0
97,0.0,1.0,0.82200003,1.0,3.0,6,107.0905385753526,107.0905385753526,pobre,basal,6,750.0,778.0,1.0,31.0,8,64,25976,3,1.0
98,0.0,1.0,0.82200003,,,6,107.0905385753526,107.0905385753526,pobre,basal,6,750.0,778.0,1.0,31.0,9,64,25976,3,1.0
97,1.0,1.0,0.82200003,1.0,1.0,6,107.0905385753526,107.0905385753526,pobre,basal,6,750.0,778.0,1.0,31.0,6,64,25977,1,1.0
98,1.0,1.0,0.82200003,,,6,107.0905385753526,107.0905385753526,pobre,basal,6,750.0,778.0,1.0,31.0,7,64,25977,1,1.0
97,1.0,1.0,0.82200003,1.0,9.0,5,107.0905385753526,107.0905385753526,no pobre,basal,0,41.666668,1034.0,1.0,53.0,15,64,25978,9,1.0
98,1.0,1.0,0.82200003,1.0,9.0,5,107.0905385753526,107.0905385753526,no pobre,basal,0,41.666668,1034.0,1.0,53.0,16,64,25978,9,1.0
97,1.0,1.0,0.82200003,1.0,6.0,5,107.0905385753526,107.0905385753526,no pobre,basal,0,41.666668,1034.0,1.0,53.0,11,64,25979,6,1.0
98,1.0,1.0,0.82200003,1.0,7.0,5,107.0905385753526,107.0905385753526,no pobre,basal,0,41.666668,1034.0,1.0,53.0,12,64,25979,6,1.0
97,0.0,1.0,0.82200003,1.0,6.0,12,107.0905385753526,107.0905385753526,no pobre,basal,0,750.0,1004.0,1.0,57.0,15,64,25980,6,1.0
98,0.0,1.0,0.82200003,1.0,7.0,12,107.0905385753526,107.0905385753526,no pobre,basal,0,750.0,1004.0,1.0,57.0,16,64,25980,6,1.0
97,1.0,1.0,0.82200003,1.0,6.0,12,107.0905385753526,107.0905385753526,no pobre,basal,0,750.0,1004.0,1.0,57.0,11,64,25981,6,1.0
98,1.0,1.0,0.82200003,1.0,7.0,12,107.0905385753526,107.0905385753526,no pobre,basal,0,750.0,1004.0,1.0,57.0,12,64,25981,6,1.0
97,1.0,1.0,0.82200003,1.0,2.0,12,107.0905385753526,107.0905385753526,no pobre,basal,0,750.0,1004.0,1.0,57.0,9,64,25982,2,1.0
98,1.0,1.0,0.82200003,1.0,3.0,12,107.0905385753526,107.0905385753526,no pobre,basal,0,750.0,1004.0,1.0,57.0,10,64,25982,2,1.0
97,1.0,1.0,0.82200003,1.0,0.0,12,107.0905385753526,107.0905385753526,no pobre,basal,0,750.0,1004.0,1.0,57.0,9,64,25983,0,1.0
98,1.0,1.0,0.82200003,1.0,1.0,12,107.0905385753526,107.0905385753526,no pobre,basal,0,750.0,1004.0,1.0,57.0,10,64,25983,0,1.0
97,0.0,0.0,0.0,0.0,6.0,7,141.8355032680557,141.8355032680557,pobre,basal,6,500.0,760.5,1.0,40.0,15,44,25984,6,0.0
98,0.0,0.0,0.0,,,7,141.8355032680557,141.8355032680557,pobre,basal,6,500.0,760.5,1.0,40.0,16,44,25984,6,0.0
97,0.0,0.0,0.0,1.0,6.0,7,141.8355032680557,141.8355032680557,pobre,basal,6,500.0,760.5,1.0,40.0,15,44,25985,6,1.0
98,0.0,0.0,0.0,,,7,141.8355032680557,141.8355032680557,pobre,basal,6,500.0,760.5,1.0,40.0,16,44,25985,6,1.0
97,1.0,0.0,0.0,0.0,6.0,7,141.8355032680557,141.8355032680557,pobre,basal,6,500.0,760.5,1.0,40.0,14,44,25986,6,0.0
98,1.0,0.0,0.0,0.0,7.0,7,141.8355032680557,141.8355032680557,pobre,basal,6,500.0,760.5,1.0,40.0,15,44,25986,6,0.0
97,1.0,0.0,0.0,0.0,6.0,7,141.8355032680557,141.8355032680557,pobre,basal,2,0.0,675.5,1.0,54.0,13,44,25987,6,0.0
98,1.0,0.0,0.0,0.0,6.0,7,141.8355032680557,141.8355032680557,pobre,basal,2,0.0,675.5,1.0,54.0,14,44,25987,6,0.0
97,1.0,0.0,0.0,1.0,8.0,5,141.8355032680557,141.8355032680557,pobre,basal,3,375.0,684.0,1.0,60.0,16,44,25988,8,1.0
98,1.0,0.0,0.0,,,5,141.8355032680557,141.8355032680557,pobre,basal,3,375.0,684.0,1.0,60.0,17,44,25988,8,1.0
97,1.0,0.0,0.0,1.0,8.0,5,141.8355032680557,141.8355032680557,pobre,basal,3,375.0,684.0,1.0,60.0,14,44,25989,8,1.0
98,1.0,0.0,0.0,1.0,9.0,5,141.8355032680557,141.8355032680557,pobre,basal,3,375.0,684.0,1.0,60.0,15,44,25989,8,1.0
97,0.0,0.0,0.0,1.0,2.0,5,141.8355032680557,141.8355032680557,pobre,basal,3,375.0,684.0,1.0,60.0,8,44,25990,2,1.0
98,0.0,0.0,0.0,1.0,3.0,5,141.8355032680557,141.8355032680557,pobre,basal,3,375.0,684.0,1.0,60.0,9,44,25990,2,1.0
97,1.0,0.0,0.0,,4.0,7,141.8355032680557,141.8355032680557,pobre,basal,0,500.0,816.33099,1.0,55.0,10,44,25991,4,
98,1.0,0.0,0.0,,,7,141.8355032680557,141.8355032680557,pobre,basal,0,500.0,816.33099,1.0,55.0,11,44,25991,4,
97,0.0,0.0,0.0,,1.0,7,141.8355032680557,141.8355032680557,pobre,basal,0,500.0,816.33099,1.0,55.0,7,44,25992,1,
98,0.0,0.0,0.0,1.0,2.0,7,141.8355032680557,141.8355032680557,pobre,basal,0,500.0,816.33099,1.0,55.0,8,44,25992,1,
97,1.0,0.0,0.0,1.0,10.0,7,141.8355032680557,141.8355032680557,pobre,basal,0,1800.0,793.5,1.0,43.0,16,44,25993,10,1.0
98,1.0,0.0,0.0,,,7,141.8355032680557,141.8355032680557,pobre,basal,0,1800.0,793.5,1.0,43.0,17,44,25993,10,1.0
97,1.0,0.0,0.0,1.0,6.0,7,141.8355032680557,141.8355032680557,pobre,basal,0,1800.0,793.5,1.0,43.0,12,44,25994,6,1.0
98,1.0,0.0,0.0,,,7,141.8355032680557,141.8355032680557,pobre,basal,0,1800.0,793.5,1.0,43.0,13,44,25994,6,1.0
97,1.0,0.0,0.0,1.0,5.0,7,141.8355032680557,141.8355032680557,pobre,basal,0,1800.0,793.5,1.0,43.0,11,44,25995,5,1.0
98,1.0,0.0,0.0,,,7,141.8355032680557,141.8355032680557,pobre,basal,0,1800.0,793.5,1.0,43.0,12,44,25995,5,1.0
97,1.0,0.0,0.0,1.0,3.0,7,141.8355032680557,141.8355032680557,pobre,basal,0,1800.0,793.5,1.0,43.0,9,44,25996,3,1.0
98,1.0,0.0,0.0,,,7,141.8355032680557,141.8355032680557,pobre,basal,0,1800.0,793.5,1.0,43.0,10,44,25996,3,1.0
97,1.0,0.0,0.0,1.0,1.0,7,141.8355032680557,141.8355032680557,pobre,basal,0,1800.0,793.5,1.0,43.0,7,44,25997,1,1.0
98,1.0,0.0,0.0,,,7,141.8355032680557,141.8355032680557,pobre,basal,0,1800.0,793.5,1.0,43.0,8,44,25997,1,1.0
97,1.0,0.0,0.0,1.0,4.0,7,141.8355032680557,141.8355032680557,pobre,basal,3,625.0,646.5,1.0,36.0,11,44,25998,4,1.0
98,1.0,0.0,0.0,1.0,5.0,7,141.8355032680557,141.8355032680557,pobre,basal,3,625.0,646.5,1.0,36.0,12,44,25998,4,1.0
97,1.0,0.0,0.0,1.0,3.0,7,141.8355032680557,141.8355032680557,pobre,basal,3,625.0,646.5,1.0,36.0,9,44,25999,3,1.0
98,1.0,0.0,0.0,1.0,4.0,7,141.8355032680557,141.8355032680557,pobre,basal,3,625.0,646.5,1.0,36.0,10,44,25999,3,1.0
97,1.0,0.0,0.0,1.0,1.0,7,141.8355032680557,141.8355032680557,pobre,basal,3,625.0,646.5,1.0,36.0,7,44,26000,1,1.0
98,1.0,0.0,0.0,1.0,2.0,7,141.8355032680557,141.8355032680557,pobre,basal,3,625.0,646.5,1.0,36.0,8,44,26000,1,1.0
97,0.0,0.0,0.0,1.0,1.0,4,141.8355032680557,141.8355032680557,pobre,basal,5,625.0,756.0,1.0,38.0,7,44,26001,1,1.0
98,0.0,0.0,0.0,1.0,2.0,4,141.8355032680557,141.8355032680557,pobre,basal,5,625.0,756.0,1.0,38.0,8,44,26001,1,1.0
97,1.0,0.0,0.0,0.0,9.0,4,141.8355032680557,141.8355032680557,pobre,basal,0,500.0,717.0,1.0,65.0,16,44,26002,9,0.0
98,1.0,0.0,0.0,,,4,141.8355032680557,141.8355032680557,pobre,basal,0,500.0,717.0,1.0,65.0,17,44,26002,9,0.0
97,0.0,0.0,0.0,1.0,7.0,6,141.8355032680557,141.8355032680557,no pobre,basal,6,2500.0,1022.0,1.0,55.0,13,44,26003,7,1.0
98,0.0,0.0,0.0,1.0,8.0,6,141.8355032680557,141.8355032680557,no pobre,basal,6,2500.0,1022.0,1.0,55.0,14,44,26003,7,1.0
97,1.0,0.0,0.0,1.0,6.0,6,141.8355032680557,141.8355032680557,no pobre,basal,6,2500.0,1022.0,1.0,55.0,12,44,26004,6,1.0
98,1.0,0.0,0.0,1.0,7.0,6,141.8355032680557,141.8355032680557,no pobre,basal,6,2500.0,1022.0,1.0,55.0,13,44,26004,6,1.0
97,1.0,0.0,0.0,1.0,3.0,6,141.8355032680557,141.8355032680557,no pobre,basal,6,2500.0,1022.0,1.0,55.0,6,44,26005,3,1.0
98,1.0,0.0,0.0,1.0,1.0,6,141.8355032680557,141.8355032680557,no pobre,basal,6,2500.0,1022.0,1.0,55.0,7,44,26005,3,1.0
97,1.0,0.0,0.0,1.0,3.0,4,141.8355032680557,141.8355032680557,pobre,basal,6,625.0,744.0,1.0,24.0,6,44,26006,3,1.0
98,1.0,0.0,0.0,1.0,0.0,4,141.8355032680557,141.8355032680557,pobre,basal,6,625.0,744.0,1.0,24.0,7,44,26006,3,1.0
97,0.0,0.0,0.0,,0.0,4,141.8355032680557,141.8355032680557,pobre,basal,1,500.0,776.0,1.0,45.0,6,44,26007,0,
98,0.0,0.0,0.0,1.0,1.0,4,141.8355032680557,141.8355032680557,pobre,basal,1,500.0,776.0,1.0,45.0,7,44,26007,0,
97,0.0,0.0,0.0,,8.0,9,141.8355032680557,141.8355032680557,pobre,basal,3,0.0,817.57141,1.0,55.0,15,44,26008,8,
98,0.0,0.0,0.0,,,9,141.8355032680557,141.8355032680557,pobre,basal,3,0.0,817.57141,1.0,55.0,16,44,26008,8,
97,1.0,0.0,0.0,,8.0,9,141.8355032680557,141.8355032680557,pobre,basal,3,0.0,817.57141,1.0,55.0,14,44,26009,8,
98,1.0,0.0,0.0,0.0,7.0,9,141.8355032680557,141.8355032680557,pobre,basal,3,0.0,817.57141,1.0,55.0,15,44,26009,8,
97,0.0,0.0,0.0,1.0,5.0,9,141.8355032680557,141.8355032680557,pobre,basal,3,0.0,817.57141,1.0,55.0,13,44,26010,5,1.0
98,0.0,0.0,0.0,1.0,6.0,9,141.8355032680557,141.8355032680557,pobre,basal,3,0.0,817.57141,1.0,55.0,14,44,26010,5,1.0
97,0.0,0.0,0.0,1.0,7.0,5,141.8355032680557,141.8355032680557,no pobre,basal,9,800.0,964.0,1.0,33.0,13,44,26011,7,1.0
98,0.0,0.0,0.0,1.0,8.0,5,141.8355032680557,141.8355032680557,no pobre,basal,9,800.0,964.0,1.0,33.0,14,44,26011,7,1.0
97,0.0,0.0,0.0,1.0,5.0,5,141.8355032680557,141.8355032680557,no pobre,basal,9,800.0,964.0,1.0,33.0,12,44,26012,5,1.0
98,0.0,0.0,0.0,1.0,6.0,5,141.8355032680557,141.8355032680557,no pobre,basal,9,800.0,964.0,1.0,33.0,13,44,26012,5,1.0
97,1.0,0.0,0.0,1.0,2.0,5,141.8355032680557,141.8355032680557,no pobre,basal,9,800.0,964.0,1.0,33.0,7,44,26013,2,1.0
98,1.0,0.0,0.0,1.0,3.0,5,141.8355032680557,141.8355032680557,no pobre,basal,9,800.0,964.0,1.0,33.0,8,44,26013,2,1.0
97,1.0,0.0,0.0,1.0,5.0,4,141.8355032680557,141.8355032680557,pobre,basal,0,375.0,796.0,1.0,51.0,12,44,26014,5,1.0
98,1.0,0.0,0.0,1.0,6.0,4,141.8355032680557,141.8355032680557,pobre,basal,0,375.0,796.0,1.0,51.0,13,44,26014,5,1.0
97,1.0,0.0,0.0,1.0,8.0,4,141.8355032680557,141.8355032680557,pobre,basal,3,750.0,1118.0,1.0,40.0,14,44,26015,8,1.0
98,1.0,0.0,0.0,1.0,9.0,4,141.8355032680557,141.8355032680557,pobre,basal,3,750.0,1118.0,1.0,40.0,15,44,26015,8,1.0
97,1.0,0.0,0.0,1.0,3.0,4,141.8355032680557,141.8355032680557,pobre,basal,3,750.0,1118.0,1.0,40.0,9,44,26016,3,1.0
98,1.0,0.0,0.0,1.0,4.0,4,141.8355032680557,141.8355032680557,pobre,basal,3,750.0,1118.0,1.0,40.0,10,44,26016,3,1.0
97,1.0,0.0,0.0,1.0,7.0,6,141.8355032680557,141.8355032680557,pobre,basal,5,625.0,813.0,0.0,31.0,12,44,26017,7,1.0
98,1.0,0.0,0.0,1.0,8.0,6,141.8355032680557,141.8355032680557,pobre,basal,5,625.0,813.0,0.0,31.0,13,44,26017,7,1.0
97,0.0,0.0,0.0,1.0,3.0,6,141.8355032680557,141.8355032680557,pobre,basal,5,625.0,813.0,0.0,31.0,11,44,26018,3,1.0
98,0.0,0.0,0.0,1.0,4.0,6,141.8355032680557,141.8355032680557,pobre,basal,5,625.0,813.0,0.0,31.0,12,44,26018,3,1.0
97,0.0,0.0,0.0,1.0,3.0,6,141.8355032680557,141.8355032680557,pobre,basal,5,625.0,813.0,0.0,31.0,10,44,26019,3,1.0
98,0.0,0.0,0.0,1.0,4.0,6,141.8355032680557,141.8355032680557,pobre,basal,5,625.0,813.0,0.0,31.0,11,44,26019,3,1.0
97,1.0,0.0,0.0,1.0,2.0,6,141.8355032680557,141.8355032680557,pobre,basal,5,625.0,813.0,0.0,31.0,8,44,26020,2,1.0
98,1.0,0.0,0.0,1.0,3.0,6,141.8355032680557,141.8355032680557,pobre,basal,5,625.0,813.0,0.0,31.0,9,44,26020,2,1.0
97,1.0,0.0,0.0,1.0,8.0,3,141.8355032680557,141.8355032680557,pobre,basal,0,500.0,778.0,1.0,62.0,14,44,26021,8,1.0
98,1.0,0.0,0.0,,,3,141.8355032680557,141.8355032680557,pobre,basal,0,500.0,778.0,1.0,62.0,15,44,26021,8,1.0
97,0.0,0.0,0.0,1.0,10.0,5,141.8355032680557,141.8355032680557,pobre,basal,3,625.0,706.0,1.0,39.0,16,44,26022,10,1.0
98,0.0,0.0,0.0,,,5,141.8355032680557,141.8355032680557,pobre,basal,3,625.0,706.0,1.0,39.0,17,44,26022,10,1.0
97,1.0,0.0,0.0,1.0,2.0,5,141.8355032680557,141.8355032680557,pobre,basal,3,625.0,706.0,1.0,39.0,8,44,26023,2,1.0
98,1.0,0.0,0.0,1.0,3.0,5,141.8355032680557,141.8355032680557,pobre,basal,3,625.0,706.0,1.0,39.0,9,44,26023,2,1.0
97,1.0,0.0,0.0,1.0,5.0,4,141.8355032680557,141.8355032680557,pobre,basal,0,0.0,776.0,1.0,82.0,11,44,26024,5,1.0
98,1.0,0.0,0.0,1.0,6.0,4,141.8355032680557,141.8355032680557,pobre,basal,0,0.0,776.0,1.0,82.0,12,44,26024,5,1.0
97,0.0,0.0,0.0,1.0,8.0,6,141.8355032680557,141.8355032680557,pobre,basal,0,800.0,939.0,1.0,52.0,15,44,26025,8,1.0
98,0.0,0.0,0.0,,,6,141.8355032680557,141.8355032680557,pobre,basal,0,800.0,939.0,1.0,52.0,16,44,26025,8,1.0
97,0.0,0.0,0.0,1.0,5.0,6,141.8355032680557,141.8355032680557,pobre,basal,0,800.0,939.0,1.0,52.0,12,44,26026,5,1.0
98,0.0,0.0,0.0,1.0,6.0,6,141.8355032680557,141.8355032680557,pobre,basal,0,800.0,939.0,1.0,52.0,13,44,26026,5,1.0
97,1.0,0.0,0.0,1.0,1.0,6,141.8355032680557,141.8355032680557,pobre,basal,0,800.0,939.0,1.0,52.0,7,44,26027,1,1.0
98,1.0,0.0,0.0,1.0,2.0,6,141.8355032680557,141.8355032680557,pobre,basal,0,800.0,939.0,1.0,52.0,8,44,26027,1,1.0
97,0.0,0.0,0.0,1.0,8.0,6,141.8355032680557,141.8355032680557,pobre,basal,6,700.0,941.0,1.0,40.0,15,44,26028,8,1.0
98,0.0,0.0,0.0,1.0,8.0,6,141.8355032680557,141.8355032680557,pobre,basal,6,700.0,941.0,1.0,40.0,16,44,26028,8,1.0
97,0.0,0.0,0.0,1.0,5.0,6,141.8355032680557,141.8355032680557,pobre,basal,6,700.0,941.0,1.0,40.0,14,44,26029,5,1.0
98,0.0,0.0,0.0,1.0,6.0,6,141.8355032680557,141.8355032680557,pobre,basal,6,700.0,941.0,1.0,40.0,15,44,26029,5,1.0
97,1.0,0.0,0.0,1.0,5.0,6,141.8355032680557,141.8355032680557,pobre,basal,6,700.0,941.0,1.0,40.0,12,44,26030,5,1.0
98,1.0,0.0,0.0,1.0,6.0,6,141.8355032680557,141.8355032680557,pobre,basal,6,700.0,941.0,1.0,40.0,13,44,26030,5,1.0
97,0.0,0.0,0.0,1.0,3.0,6,141.8355032680557,141.8355032680557,pobre,basal,6,700.0,941.0,1.0,40.0,9,44,26031,3,1.0
98,0.0,0.0,0.0,1.0,4.0,6,141.8355032680557,141.8355032680557,pobre,basal,6,700.0,941.0,1.0,40.0,10,44,26031,3,1.0
97,1.0,0.0,0.0,1.0,4.0,8,141.8355032680557,141.8355032680557,pobre,basal,3,375.0,776.33099,1.0,50.0,12,44,26032,4,1.0
98,1.0,0.0,0.0,1.0,5.0,8,141.8355032680557,141.8355032680557,pobre,basal,3,375.0,776.33099,1.0,50.0,13,44,26032,4,1.0
97,1.0,0.0,0.0,1.0,1.0,8,141.8355032680557,141.8355032680557,pobre,basal,3,375.0,776.33099,1.0,50.0,7,44,26033,1,1.0
98,1.0,0.0,0.0,1.0,2.0,8,141.8355032680557,141.8355032680557,pobre,basal,3,375.0,776.33099,1.0,50.0,8,44,26033,1,1.0
97,0.0,0.0,0.0,1.0,0.0,8,141.8355032680557,141.8355032680557,pobre,basal,3,375.0,776.33099,1.0,50.0,6,44,26034,0,1.0
98,0.0,0.0,0.0,1.0,2.0,8,141.8355032680557,141.8355032680557,pobre,basal,3,375.0,776.33099,1.0,50.0,7,44,26034,0,1.0
97,1.0,0.0,0.0,,3.0,8,141.8355032680557,141.8355032680557,pobre,basal,3,375.0,776.33099,1.0,50.0,10,44,26035,3,
98,1.0,0.0,0.0,1.0,2.0,8,141.8355032680557,141.8355032680557,pobre,basal,3,375.0,776.33099,1.0,50.0,11,44,26035,3,
97,1.0,0.0,0.0,1.0,7.0,5,141.8355032680557,141.8355032680557,pobre,basal,0,0.0,716.0,1.0,74.0,14,44,26036,7,1.0
98,1.0,0.0,0.0,1.0,8.0,5,141.8355032680557,141.8355032680557,pobre,basal,0,0.0,716.0,1.0,74.0,15,44,26036,7,1.0
97,1.0,0.0,0.0,1.0,3.0,5,141.8355032680557,141.8355032680557,pobre,basal,0,0.0,716.0,1.0,74.0,11,44,26037,3,1.0
98,1.0,0.0,0.0,1.0,4.0,5,141.8355032680557,141.8355032680557,pobre,basal,0,0.0,716.0,1.0,74.0,12,44,26037,3,1.0
97,0.0,0.0,0.0,1.0,8.0,7,141.8355032680557,141.8355032680557,pobre,basal,0,400.0,665.0,1.0,61.0,14,44,26038,8,1.0
98,0.0,0.0,0.0,0.0,9.0,7,141.8355032680557,141.8355032680557,pobre,basal,0,400.0,665.0,1.0,61.0,15,44,26038,8,1.0
97,1.0,0.0,0.0,1.0,7.0,7,141.8355032680557,141.8355032680557,pobre,basal,0,400.0,665.0,1.0,61.0,13,44,26039,7,1.0
98,1.0,0.0,0.0,1.0,8.0,7,141.8355032680557,141.8355032680557,pobre,basal,0,400.0,665.0,1.0,61.0,14,44,26039,7,1.0
97,1.0,0.0,0.0,1.0,6.0,7,141.8355032680557,141.8355032680557,pobre,basal,6,0.0,699.0,1.0,43.0,12,44,26040,6,1.0
98,1.0,0.0,0.0,,,7,141.8355032680557,141.8355032680557,pobre,basal,6,0.0,699.0,1.0,43.0,13,44,26040,6,1.0
97,1.0,0.0,0.0,1.0,5.0,7,141.8355032680557,141.8355032680557,pobre,basal,6,0.0,699.0,1.0,43.0,11,44,26041,5,1.0
98,1.0,0.0,0.0,,,7,141.8355032680557,141.8355032680557,pobre,basal,6,0.0,699.0,1.0,43.0,12,44,26041,5,1.0
97,1.0,0.0,0.0,1.0,3.0,7,141.8355032680557,141.8355032680557,pobre,basal,6,0.0,699.0,1.0,43.0,9,44,26042,3,1.0
98,1.0,0.0,0.0,,,7,141.8355032680557,141.8355032680557,pobre,basal,6,0.0,699.0,1.0,43.0,10,44,26042,3,1.0
97,1.0,0.0,0.0,1.0,1.0,7,141.8355032680557,141.8355032680557,pobre,basal,6,0.0,699.0,1.0,43.0,7,44,26043,1,1.0
98,1.0,0.0,0.0,,,7,141.8355032680557,141.8355032680557,pobre,basal,6,0.0,699.0,1.0,43.0,8,44,26043,1,1.0
97,1.0,0.0,0.0,0.0,9.0,6,141.8355032680557,141.8355032680557,pobre,basal,2,625.0,1037.0,1.0,48.0,16,44,26044,9,0.0
98,1.0,0.0,0.0,,,6,141.8355032680557,141.8355032680557,pobre,basal,2,625.0,1037.0,1.0,48.0,17,44,26044,9,0.0
97,0.0,0.0,0.0,1.0,4.0,7,141.8355032680557,141.8355032680557,pobre,basal,0,500.0,631.33099,1.0,68.0,15,44,26045,4,1.0
98,0.0,0.0,0.0,1.0,5.0,7,141.8355032680557,141.8355032680557,pobre,basal,0,500.0,631.33099,1.0,68.0,16,44,26045,4,1.0
97,0.0,0.0,0.0,1.0,3.0,7,141.8355032680557,141.8355032680557,pobre,basal,0,500.0,631.33099,1.0,68.0,13,44,26046,3,1.0
98,0.0,0.0,0.0,1.0,4.0,7,141.8355032680557,141.8355032680557,pobre,basal,0,500.0,631.33099,1.0,68.0,14,44,26046,3,1.0
97,1.0,0.0,0.0,1.0,5.0,7,141.8355032680557,141.8355032680557,pobre,basal,0,500.0,631.33099,1.0,68.0,11,44,26047,5,1.0
98,1.0,0.0,0.0,1.0,6.0,7,141.8355032680557,141.8355032680557,pobre,basal,0,500.0,631.33099,1.0,68.0,12,44,26047,5,1.0
97,0.0,0.0,0.0,,0.0,7,141.8355032680557,141.8355032680557,pobre,basal,0,500.0,631.33099,1.0,68.0,9,44,26048,0,
98,0.0,0.0,0.0,1.0,4.0,7,141.8355032680557,141.8355032680557,pobre,basal,0,500.0,631.33099,1.0,68.0,10,44,26048,0,
97,1.0,0.0,0.0,1.0,8.0,5,141.8355032680557,141.8355032680557,no pobre,basal,6,720.0,874.0,1.0,37.0,14,44,26049,8,1.0
98,1.0,0.0,0.0,1.0,9.0,5,141.8355032680557,141.8355032680557,no pobre,basal,6,720.0,874.0,1.0,37.0,15,44,26049,8,1.0
97,1.0,0.0,0.0,1.0,4.0,5,141.8355032680557,141.8355032680557,no pobre,basal,6,720.0,874.0,1.0,37.0,10,44,26050,4,1.0
98,1.0,0.0,0.0,1.0,5.0,5,141.8355032680557,141.8355032680557,no pobre,basal,6,720.0,874.0,1.0,37.0,11,44,26050,4,1.0
97,1.0,0.0,0.0,1.0,7.0,7,141.8355032680557,141.8355032680557,pobre,basal,6,1000.0,815.0,1.0,38.0,15,44,26051,7,1.0
98,1.0,0.0,0.0,1.0,8.0,7,141.8355032680557,141.8355032680557,pobre,basal,6,1000.0,815.0,1.0,38.0,16,44,26051,7,1.0
97,0.0,0.0,0.0,1.0,7.0,7,141.8355032680557,141.8355032680557,pobre,basal,6,1000.0,815.0,1.0,38.0,15,44,26052,7,1.0
98,0.0,0.0,0.0,1.0,8.0,7,141.8355032680557,141.8355032680557,pobre,basal,6,1000.0,815.0,1.0,38.0,16,44,26052,7,1.0
97,1.0,0.0,0.0,1.0,4.0,7,141.8355032680557,141.8355032680557,pobre,basal,6,1000.0,815.0,1.0,38.0,14,44,26053,4,1.0
98,1.0,0.0,0.0,1.0,5.0,7,141.8355032680557,141.8355032680557,pobre,basal,6,1000.0,815.0,1.0,38.0,15,44,26053,4,1.0
97,1.0,0.0,0.0,1.0,1.0,7,141.8355032680557,141.8355032680557,pobre,basal,6,1000.0,815.0,1.0,38.0,11,44,26054,1,1.0
98,1.0,0.0,0.0,1.0,2.0,7,141.8355032680557,141.8355032680557,pobre,basal,6,1000.0,815.0,1.0,38.0,12,44,26054,1,1.0
97,0.0,0.0,0.0,1.0,1.0,7,141.8355032680557,141.8355032680557,pobre,basal,6,1000.0,815.0,1.0,38.0,9,44,26055,1,1.0
98,0.0,0.0,0.0,1.0,2.0,7,141.8355032680557,141.8355032680557,pobre,basal,6,1000.0,815.0,1.0,38.0,10,44,26055,1,1.0
97,1.0,0.0,0.0,0.0,9.0,6,141.8355032680557,141.8355032680557,pobre,basal,0,0.0,890.0,0.0,84.0,16,44,26056,9,0.0
98,1.0,0.0,0.0,1.0,9.0,6,141.8355032680557,141.8355032680557,pobre,basal,0,0.0,890.0,0.0,84.0,17,44,26056,9,0.0
97,0.0,0.0,0.0,1.0,8.0,6,141.8355032680557,141.8355032680557,pobre,basal,0,0.0,890.0,0.0,84.0,14,44,26057,8,1.0
98,0.0,0.0,0.0,0.0,9.0,6,141.8355032680557,141.8355032680557,pobre,basal,0,0.0,890.0,0.0,84.0,15,44,26057,8,1.0
97,1.0,0.0,0.0,1.0,2.0,4,141.8355032680557,141.8355032680557,no pobre,basal,6,600.0,1017.0,1.0,50.0,9,44,26058,2,1.0
98,1.0,0.0,0.0,1.0,4.0,4,141.8355032680557,141.8355032680557,no pobre,basal,6,600.0,1017.0,1.0,50.0,10,44,26058,2,1.0
97,1.0,0.0,1.971,1.0,9.0,5,132.6849855727436,139.7854288018355,pobre,basal,2,375.0,678.0,1.0,48.0,16,45,26059,9,1.0
98,1.0,0.0,1.971,1.0,11.0,5,132.6849855727436,139.7854288018355,pobre,basal,2,375.0,678.0,1.0,48.0,17,45,26059,9,1.0
97,0.0,0.0,1.971,1.0,8.0,5,132.6849855727436,139.7854288018355,pobre,basal,2,375.0,678.0,1.0,48.0,14,45,26060,8,1.0
98,0.0,0.0,1.971,1.0,9.0,5,132.6849855727436,139.7854288018355,pobre,basal,2,375.0,678.0,1.0,48.0,15,45,26060,8,1.0
97,0.0,0.0,1.971,1.0,5.0,5,132.6849855727436,139.7854288018355,pobre,basal,2,375.0,678.0,1.0,48.0,10,45,26061,5,1.0
98,0.0,0.0,1.971,1.0,6.0,5,132.6849855727436,139.7854288018355,pobre,basal,2,375.0,678.0,1.0,48.0,11,45,26061,5,1.0
97,0.0,0.0,1.971,1.0,6.0,8,132.6849855727436,139.7854288018355,pobre,basal,6,0.0,646.0,1.0,40.0,12,45,26062,6,1.0
98,0.0,0.0,1.971,1.0,7.0,8,132.6849855727436,139.7854288018355,pobre,basal,6,0.0,646.0,1.0,40.0,13,45,26062,6,1.0
97,0.0,0.0,1.971,1.0,4.0,8,132.6849855727436,139.7854288018355,pobre,basal,6,0.0,646.0,1.0,40.0,10,45,26063,4,1.0
98,0.0,0.0,1.971,1.0,5.0,8,132.6849855727436,139.7854288018355,pobre,basal,6,0.0,646.0,1.0,40.0,11,45,26063,4,1.0
97,0.0,0.0,1.971,1.0,1.0,8,132.6849855727436,139.7854288018355,pobre,basal,6,0.0,646.0,1.0,40.0,7,45,26064,1,1.0
98,0.0,0.0,1.971,1.0,2.0,8,132.6849855727436,139.7854288018355,pobre,basal,6,0.0,646.0,1.0,40.0,8,45,26064,1,1.0
97,0.0,0.0,1.971,1.0,2.0,6,132.6849855727436,139.7854288018355,pobre,basal,4,500.0,611.0,1.0,32.0,12,45,26065,2,1.0
98,0.0,0.0,1.971,1.0,4.0,6,132.6849855727436,139.7854288018355,pobre,basal,4,500.0,611.0,1.0,32.0,13,45,26065,2,1.0
97,0.0,0.0,1.971,1.0,3.0,6,132.6849855727436,139.7854288018355,pobre,basal,4,500.0,611.0,1.0,32.0,10,45,26066,3,1.0
98,0.0,0.0,1.971,1.0,4.0,6,132.6849855727436,139.7854288018355,pobre,basal,4,500.0,611.0,1.0,32.0,11,45,26066,3,1.0
97,1.0,0.0,1.971,1.0,1.0,6,132.6849855727436,139.7854288018355,pobre,basal,4,500.0,611.0,1.0,32.0,8,45,26067,1,1.0
98,1.0,0.0,1.971,1.0,2.0,6,132.6849855727436,139.7854288018355,pobre,basal,4,500.0,611.0,1.0,32.0,9,45,26067,1,1.0
97,0.0,0.0,1.971,1.0,0.0,5,132.6849855727436,139.7854288018355,pobre,basal,7,200.0,832.5,1.0,57.0,7,45,26068,0,1.0
98,0.0,0.0,1.971,1.0,3.0,5,132.6849855727436,139.7854288018355,pobre,basal,7,200.0,832.5,1.0,57.0,8,45,26068,0,1.0
97,1.0,0.0,1.971,1.0,8.0,8,132.6849855727436,139.7854288018355,no pobre,basal,6,500.0,965.0,1.0,44.0,16,45,26069,8,1.0
98,1.0,0.0,1.971,1.0,9.0,8,132.6849855727436,139.7854288018355,no pobre,basal,6,500.0,965.0,1.0,44.0,17,45,26069,8,1.0
97,1.0,0.0,1.971,1.0,8.0,8,132.6849855727436,139.7854288018355,no pobre,basal,6,500.0,965.0,1.0,44.0,15,45,26070,8,1.0
98,1.0,0.0,1.971,1.0,9.0,8,132.6849855727436,139.7854288018355,no pobre,basal,6,500.0,965.0,1.0,44.0,16,45,26070,8,1.0
97,1.0,0.0,1.971,1.0,4.0,7,132.6849855727436,139.7854288018355,pobre,basal,6,800.0,776.0,1.0,35.0,10,45,26071,4,1.0
98,1.0,0.0,1.971,,,7,132.6849855727436,139.7854288018355,pobre,basal,6,800.0,776.0,1.0,35.0,11,45,26071,4,1.0
97,0.0,0.0,1.971,1.0,2.0,7,132.6849855727436,139.7854288018355,pobre,basal,6,800.0,776.0,1.0,35.0,9,45,26072,2,1.0
98,0.0,0.0,1.971,,,7,132.6849855727436,139.7854288018355,pobre,basal,6,800.0,776.0,1.0,35.0,10,45,26072,2,1.0
97,0.0,0.0,1.971,1.0,1.0,7,132.6849855727436,139.7854288018355,pobre,basal,6,800.0,776.0,1.0,35.0,7,45,26073,1,1.0
98,0.0,0.0,1.971,,,7,132.6849855727436,139.7854288018355,pobre,basal,6,800.0,776.0,1.0,35.0,8,45,26073,1,1.0
97,1.0,0.0,1.971,1.0,1.0,7,132.6849855727436,139.7854288018355,pobre,basal,6,800.0,776.0,1.0,35.0,7,45,26074,1,1.0
98,1.0,0.0,1.971,,,7,132.6849855727436,139.7854288018355,pobre,basal,6,800.0,776.0,1.0,35.0,8,45,26074,1,1.0
97,0.0,0.0,1.971,1.0,5.0,4,132.6849855727436,139.7854288018355,pobre,basal,0,0.0,570.0,1.0,68.0,14,45,26075,5,1.0
98,0.0,0.0,1.971,1.0,6.0,4,132.6849855727436,139.7854288018355,pobre,basal,0,0.0,570.0,1.0,68.0,15,45,26075,5,1.0
97,1.0,1.0,1.971,1.0,8.0,9,132.6849855727436,139.7854288018355,pobre,basal,3,400.0,728.0,1.0,37.0,15,45,26076,8,1.0
98,1.0,1.0,1.971,0.0,9.0,9,132.6849855727436,139.7854288018355,pobre,basal,3,400.0,728.0,1.0,37.0,16,45,26076,8,1.0
97,1.0,1.0,1.971,1.0,7.0,9,132.6849855727436,139.7854288018355,pobre,basal,3,400.0,728.0,1.0,37.0,13,45,26077,7,1.0
98,1.0,1.0,1.971,1.0,8.0,9,132.6849855727436,139.7854288018355,pobre,basal,3,400.0,728.0,1.0,37.0,14,45,26077,7,1.0
97,1.0,1.0,1.971,1.0,4.0,9,132.6849855727436,139.7854288018355,pobre,basal,3,400.0,728.0,1.0,37.0,12,45,26078,4,1.0
98,1.0,1.0,1.971,1.0,5.0,9,132.6849855727436,139.7854288018355,pobre,basal,3,400.0,728.0,1.0,37.0,13,45,26078,4,1.0
97,0.0,1.0,1.971,1.0,1.0,9,132.6849855727436,139.7854288018355,pobre,basal,3,400.0,728.0,1.0,37.0,7,45,26079,1,1.0
98,0.0,1.0,1.971,1.0,2.0,9,132.6849855727436,139.7854288018355,pobre,basal,3,400.0,728.0,1.0,37.0,8,45,26079,1,1.0
97,1.0,1.0,1.971,1.0,1.0,9,132.6849855727436,139.7854288018355,pobre,basal,3,400.0,728.0,1.0,37.0,7,45,26080,1,1.0
98,1.0,1.0,1.971,1.0,2.0,9,132.6849855727436,139.7854288018355,pobre,basal,3,400.0,728.0,1.0,37.0,8,45,26080,1,1.0
97,0.0,0.0,1.971,1.0,2.0,5,132.6849855727436,139.7854288018355,pobre,basal,6,1600.0,766.0,1.0,36.0,8,45,26081,2,1.0
98,0.0,0.0,1.971,1.0,2.0,5,132.6849855727436,139.7854288018355,pobre,basal,6,1600.0,766.0,1.0,36.0,9,45,26081,2,1.0
97,1.0,0.0,1.971,1.0,0.0,5,132.6849855727436,139.7854288018355,pobre,basal,6,1600.0,766.0,1.0,36.0,6,45,26082,0,1.0
98,1.0,0.0,1.971,1.0,1.0,5,132.6849855727436,139.7854288018355,pobre,basal,6,1600.0,766.0,1.0,36.0,7,45,26082,0,1.0
97,1.0,0.0,1.971,1.0,7.0,5,132.6849855727436,139.7854288018355,pobre,basal,0,0.0,842.5,0.0,46.0,14,45,26083,7,1.0
98,1.0,0.0,1.971,1.0,8.0,5,132.6849855727436,139.7854288018355,pobre,basal,0,0.0,842.5,0.0,46.0,15,45,26083,7,1.0
97,1.0,0.0,1.971,1.0,5.0,5,132.6849855727436,139.7854288018355,pobre,basal,0,0.0,842.5,0.0,46.0,13,45,26084,5,1.0
98,1.0,0.0,1.971,1.0,6.0,5,132.6849855727436,139.7854288018355,pobre,basal,0,0.0,842.5,0.0,46.0,14,45,26084,5,1.0
97,1.0,0.0,1.971,1.0,4.0,5,132.6849855727436,139.7854288018355,pobre,basal,0,0.0,842.5,0.0,46.0,11,45,26085,4,1.0
98,1.0,0.0,1.971,1.0,5.0,5,132.6849855727436,139.7854288018355,pobre,basal,0,0.0,842.5,0.0,46.0,12,45,26085,4,1.0
97,0.0,1.0,1.971,1.0,9.0,9,132.6849855727436,139.7854288018355,pobre,basal,2,375.0,821.0,1.0,44.0,16,45,26086,9,1.0
98,0.0,1.0,1.971,,,9,132.6849855727436,139.7854288018355,pobre,basal,2,375.0,821.0,1.0,44.0,17,45,26086,9,1.0
97,0.0,1.0,1.971,1.0,9.0,9,132.6849855727436,139.7854288018355,pobre,basal,2,375.0,821.0,1.0,44.0,15,45,26087,9,1.0
98,0.0,1.0,1.971,1.0,9.0,9,132.6849855727436,139.7854288018355,pobre,basal,2,375.0,821.0,1.0,44.0,16,45,26087,9,1.0
97,1.0,1.0,1.971,1.0,6.0,9,132.6849855727436,139.7854288018355,pobre,basal,2,375.0,821.0,1.0,44.0,12,45,26088,6,1.0
98,1.0,1.0,1.971,1.0,7.0,9,132.6849855727436,139.7854288018355,pobre,basal,2,375.0,821.0,1.0,44.0,13,45,26088,6,1.0
97,1.0,0.0,1.971,1.0,4.0,9,132.6849855727436,139.7854288018355,pobre,basal,2,375.0,821.0,1.0,44.0,11,45,26089,4,1.0
98,1.0,0.0,1.971,1.0,5.0,9,132.6849855727436,139.7854288018355,pobre,basal,2,375.0,821.0,1.0,44.0,12,45,26089,4,1.0
97,0.0,0.0,1.971,1.0,4.0,9,132.6849855727436,139.7854288018355,pobre,basal,2,375.0,821.0,1.0,44.0,10,45,26090,4,1.0
98,0.0,0.0,1.971,1.0,5.0,9,132.6849855727436,139.7854288018355,pobre,basal,2,375.0,821.0,1.0,44.0,11,45,26090,4,1.0
97,0.0,1.0,1.971,1.0,6.0,6,132.6849855727436,139.7854288018355,pobre,basal,0,0.0,923.0,1.0,57.0,16,45,26091,6,1.0
98,0.0,1.0,1.971,1.0,8.0,6,132.6849855727436,139.7854288018355,pobre,basal,0,0.0,923.0,1.0,57.0,17,45,26091,6,1.0
97,1.0,1.0,1.971,1.0,7.0,6,132.6849855727436,139.7854288018355,pobre,basal,0,0.0,923.0,1.0,57.0,14,45,26092,7,1.0
98,1.0,1.0,1.971,1.0,8.0,6,132.6849855727436,139.7854288018355,pobre,basal,0,0.0,923.0,1.0,57.0,15,45,26092,7,1.0
97,0.0,1.0,1.971,1.0,5.0,6,132.6849855727436,139.7854288018355,pobre,basal,0,0.0,923.0,1.0,57.0,11,45,26093,5,1.0
98,0.0,1.0,1.971,1.0,6.0,6,132.6849855727436,139.7854288018355,pobre,basal,0,0.0,923.0,1.0,57.0,12,45,26093,5,1.0
97,1.0,0.0,1.971,1.0,3.0,8,132.6849855727436,139.7854288018355,pobre,basal,0,375.0,851.40802,1.0,65.0,10,45,26094,3,1.0
98,1.0,0.0,1.971,1.0,4.0,8,132.6849855727436,139.7854288018355,pobre,basal,0,375.0,851.40802,1.0,65.0,11,45,26094,3,1.0
97,1.0,0.0,1.971,1.0,0.0,8,132.6849855727436,139.7854288018355,pobre,basal,0,375.0,851.40802,1.0,65.0,7,45,26095,0,1.0
98,1.0,0.0,1.971,1.0,1.0,8,132.6849855727436,139.7854288018355,pobre,basal,0,375.0,851.40802,1.0,65.0,8,45,26095,0,1.0
97,0.0,0.0,1.971,1.0,6.0,5,132.6849855727436,139.7854288018355,pobre,basal,6,375.0,710.0,1.0,43.0,14,45,26096,6,1.0
98,0.0,0.0,1.971,0.0,3.0,5,132.6849855727436,139.7854288018355,pobre,basal,6,375.0,710.0,1.0,43.0,15,45,26096,6,1.0
97,1.0,0.0,1.971,1.0,5.0,5,132.6849855727436,139.7854288018355,pobre,basal,6,375.0,710.0,1.0,43.0,11,45,26097,5,1.0
98,1.0,0.0,1.971,1.0,6.0,5,132.6849855727436,139.7854288018355,pobre,basal,6,375.0,710.0,1.0,43.0,12,45,26097,5,1.0
97,0.0,0.0,1.971,1.0,7.0,8,132.6849855727436,139.7854288018355,pobre,basal,1,0.0,587.0,1.0,36.0,15,45,26098,7,1.0
98,0.0,0.0,1.971,1.0,8.0,8,132.6849855727436,139.7854288018355,pobre,basal,1,0.0,587.0,1.0,36.0,16,45,26098,7,1.0
97,1.0,0.0,1.971,1.0,5.0,8,132.6849855727436,139.7854288018355,pobre,basal,1,0.0,587.0,1.0,36.0,12,45,26099,5,1.0
98,1.0,0.0,1.971,1.0,6.0,8,132.6849855727436,139.7854288018355,pobre,basal,1,0.0,587.0,1.0,36.0,13,45,26099,5,1.0
97,0.0,0.0,1.971,1.0,1.0,8,132.6849855727436,139.7854288018355,pobre,basal,1,0.0,587.0,1.0,36.0,8,45,26100,1,1.0
98,0.0,0.0,1.971,1.0,1.0,8,132.6849855727436,139.7854288018355,pobre,basal,1,0.0,587.0,1.0,36.0,9,45,26100,1,1.0
97,0.0,0.0,1.971,1.0,1.0,8,132.6849855727436,139.7854288018355,pobre,basal,1,0.0,587.0,1.0,36.0,7,45,26101,1,1.0
98,0.0,0.0,1.971,1.0,2.0,8,132.6849855727436,139.7854288018355,pobre,basal,1,0.0,587.0,1.0,36.0,8,45,26101,1,1.0
97,1.0,1.0,1.971,1.0,6.0,3,132.6849855727436,139.7854288018355,pobre,basal,0,375.0,738.0,1.0,41.0,14,45,26102,6,1.0
98,1.0,1.0,1.971,1.0,9.0,3,132.6849855727436,139.7854288018355,pobre,basal,0,375.0,738.0,1.0,41.0,15,45,26102,6,1.0
97,1.0,0.0,2.875,0.0,6.0,8,90.6439505230508,129.2311478765618,no pobre,basal,0,166.66667,854.0,1.0,66.0,14,99,26103,6,0.0
98,1.0,0.0,2.875,0.0,6.0,8,90.6439505230508,129.2311478765618,no pobre,basal,0,166.66667,854.0,1.0,66.0,15,99,26103,6,0.0
97,1.0,0.0,2.875,1.0,5.0,8,90.6439505230508,129.2311478765618,no pobre,basal,0,166.66667,854.0,1.0,66.0,13,99,26104,5,1.0
98,1.0,0.0,2.875,0.0,6.0,8,90.6439505230508,129.2311478765618,no pobre,basal,0,166.66667,854.0,1.0,66.0,14,99,26104,5,1.0
97,0.0,0.0,2.875,1.0,4.0,8,90.6439505230508,129.2311478765618,no pobre,basal,0,166.66667,854.0,1.0,66.0,10,99,26105,4,1.0
98,0.0,0.0,2.875,1.0,5.0,8,90.6439505230508,129.2311478765618,no pobre,basal,0,166.66667,854.0,1.0,66.0,11,99,26105,4,1.0
97,0.0,0.0,2.875,1.0,2.0,5,90.6439505230508,129.2311478765618,pobre,basal,0,300.0,726.0,1.0,38.0,8,99,26106,2,1.0
98,0.0,0.0,2.875,1.0,3.0,5,90.6439505230508,129.2311478765618,pobre,basal,0,300.0,726.0,1.0,38.0,9,99,26106,2,1.0
97,0.0,0.0,2.875,1.0,1.0,5,90.6439505230508,129.2311478765618,pobre,basal,0,300.0,726.0,1.0,38.0,7,99,26107,1,1.0
98,0.0,0.0,2.875,1.0,2.0,5,90.6439505230508,129.2311478765618,pobre,basal,0,300.0,726.0,1.0,38.0,8,99,26107,1,1.0
97,0.0,0.0,2.875,0.0,6.0,10,90.6439505230508,129.2311478765618,pobre,basal,0,0.0,660.0,1.0,78.0,15,99,26108,6,0.0
98,0.0,0.0,2.875,0.0,6.0,10,90.6439505230508,129.2311478765618,pobre,basal,0,0.0,660.0,1.0,78.0,16,99,26108,6,0.0
97,1.0,0.0,2.875,0.0,6.0,10,90.6439505230508,129.2311478765618,pobre,basal,0,0.0,660.0,1.0,78.0,13,99,26109,6,0.0
98,1.0,0.0,2.875,0.0,6.0,10,90.6439505230508,129.2311478765618,pobre,basal,0,0.0,660.0,1.0,78.0,14,99,26109,6,0.0
97,0.0,0.0,2.875,0.0,6.0,10,90.6439505230508,129.2311478765618,pobre,basal,0,0.0,660.0,1.0,78.0,12,99,26110,6,0.0
98,0.0,0.0,2.875,0.0,6.0,10,90.6439505230508,129.2311478765618,pobre,basal,0,0.0,660.0,1.0,78.0,13,99,26110,6,0.0
97,1.0,0.0,2.875,1.0,3.0,10,90.6439505230508,129.2311478765618,pobre,basal,0,0.0,660.0,1.0,78.0,9,99,26111,3,1.0
98,1.0,0.0,2.875,1.0,4.0,10,90.6439505230508,129.2311478765618,pobre,basal,0,0.0,660.0,1.0,78.0,10,99,26111,3,1.0
97,1.0,0.0,2.875,0.0,6.0,10,90.6439505230508,129.2311478765618,pobre,basal,0,166.66667,848.5,1.0,76.0,15,99,26112,6,0.0
98,1.0,0.0,2.875,0.0,6.0,10,90.6439505230508,129.2311478765618,pobre,basal,0,166.66667,848.5,1.0,76.0,16,99,26112,6,0.0
97,1.0,,2.875,0.0,6.0,9,90.6439505230508,129.2311478765618,no pobre,basal,0,500.0,1156.931,1.0,66.0,16,99,26113,6,0.0
98,1.0,,2.875,,,9,90.6439505230508,129.2311478765618,no pobre,basal,0,500.0,1156.931,1.0,66.0,17,99,26113,6,0.0
97,1.0,,2.875,,0.0,9,90.6439505230508,129.2311478765618,no pobre,basal,0,500.0,1156.931,1.0,66.0,12,99,26114,0,
98,1.0,,2.875,,,9,90.6439505230508,129.2311478765618,no pobre,basal,0,500.0,1156.931,1.0,66.0,13,99,26114,0,
97,0.0,0.0,2.875,0.0,6.0,4,90.6439505230508,129.2311478765618,no pobre,basal,1,750.0,941.0,1.0,60.0,15,99,26115,6,0.0
98,0.0,0.0,2.875,,,4,90.6439505230508,129.2311478765618,no pobre,basal,1,750.0,941.0,1.0,60.0,16,99,26115,6,0.0
97,0.0,0.0,2.875,1.0,10.0,5,90.6439505230508,129.2311478765618,no pobre,basal,4,0.0,919.0,1.0,39.0,16,99,26116,10,1.0
98,0.0,0.0,2.875,1.0,11.0,5,90.6439505230508,129.2311478765618,no pobre,basal,4,0.0,919.0,1.0,39.0,17,99,26116,10,1.0
97,0.0,0.0,2.875,1.0,4.0,5,90.6439505230508,129.2311478765618,no pobre,basal,4,0.0,919.0,1.0,39.0,10,99,26117,4,1.0
98,0.0,0.0,2.875,1.0,5.0,5,90.6439505230508,129.2311478765618,no pobre,basal,4,0.0,919.0,1.0,39.0,11,99,26117,4,1.0
97,1.0,0.0,2.875,1.0,1.0,5,90.6439505230508,129.2311478765618,no pobre,basal,4,0.0,919.0,1.0,39.0,7,99,26118,1,1.0
98,1.0,0.0,2.875,1.0,2.0,5,90.6439505230508,129.2311478765618,no pobre,basal,4,0.0,919.0,1.0,39.0,8,99,26118,1,1.0
97,0.0,0.0,2.875,,0.0,5,90.6439505230508,129.2311478765618,no pobre,basal,0,625.0,1053.532,1.0,45.0,15,99,26119,0,
98,0.0,0.0,2.875,1.0,9.0,5,90.6439505230508,129.2311478765618,no pobre,basal,0,625.0,1053.532,1.0,45.0,16,99,26119,0,
97,1.0,0.0,2.875,0.0,6.0,7,90.6439505230508,129.2311478765618,no pobre,basal,5,2000.0,1088.8,1.0,38.0,12,99,26120,6,0.0
98,1.0,0.0,2.875,0.0,6.0,7,90.6439505230508,129.2311478765618,no pobre,basal,5,2000.0,1088.8,1.0,38.0,13,99,26120,6,0.0
97,1.0,0.0,2.875,0.0,6.0,7,90.6439505230508,129.2311478765618,no pobre,basal,5,2000.0,1088.8,1.0,38.0,14,99,26121,6,0.0
98,1.0,0.0,2.875,0.0,6.0,7,90.6439505230508,129.2311478765618,no pobre,basal,5,2000.0,1088.8,1.0,38.0,15,99,26121,6,0.0
97,1.0,0.0,2.875,0.0,6.0,4,90.6439505230508,129.2311478765618,no pobre,basal,0,750.0,1069.0,1.0,48.0,16,99,26122,6,0.0
98,1.0,0.0,2.875,,,4,90.6439505230508,129.2311478765618,no pobre,basal,0,750.0,1069.0,1.0,48.0,17,99,26122,6,0.0
97,0.0,0.0,2.875,0.0,6.0,8,90.6439505230508,129.2311478765618,pobre,basal,0,0.0,1040.0,1.0,58.0,15,99,26123,6,0.0
98,0.0,0.0,2.875,1.0,6.0,8,90.6439505230508,129.2311478765618,pobre,basal,0,0.0,1040.0,1.0,58.0,16,99,26123,6,0.0
97,0.0,0.0,2.875,0.0,6.0,8,90.6439505230508,129.2311478765618,pobre,basal,0,0.0,1040.0,1.0,58.0,15,99,26124,6,0.0
98,0.0,0.0,2.875,0.0,6.0,8,90.6439505230508,129.2311478765618,pobre,basal,0,0.0,1040.0,1.0,58.0,16,99,26124,6,0.0
97,1.0,0.0,2.875,1.0,5.0,8,90.6439505230508,129.2311478765618,pobre,basal,0,0.0,1040.0,1.0,58.0,11,99,26125,5,1.0
98,1.0,0.0,2.875,0.0,6.0,8,90.6439505230508,129.2311478765618,pobre,basal,0,0.0,1040.0,1.0,58.0,12,99,26125,5,1.0
97,1.0,0.0,2.875,0.0,6.0,5,90.6439505230508,129.2311478765618,no pobre,basal,1,750.0,973.0,1.0,42.0,16,99,26126,6,0.0
98,1.0,0.0,2.875,,,5,90.6439505230508,129.2311478765618,no pobre,basal,1,750.0,973.0,1.0,42.0,17,99,26126,6,0.0
97,1.0,0.0,2.875,1.0,0.0,4,90.6439505230508,129.2311478765618,pobre,basal,6,500.0,775.0,1.0,34.0,6,99,26127,0,1.0
98,1.0,0.0,2.875,1.0,1.0,4,90.6439505230508,129.2311478765618,pobre,basal,6,500.0,775.0,1.0,34.0,7,99,26127,0,1.0
97,1.0,0.0,2.875,1.0,1.0,6,90.6439505230508,129.2311478765618,no pobre,basal,9,75.0,948.0,1.0,37.0,7,99,26128,1,1.0
98,1.0,0.0,2.875,1.0,2.0,6,90.6439505230508,129.2311478765618,no pobre,basal,9,75.0,948.0,1.0,37.0,8,99,26128,1,1.0
97,1.0,0.0,2.875,1.0,0.0,6,90.6439505230508,129.2311478765618,no pobre,basal,9,75.0,948.0,1.0,37.0,6,99,26129,0,1.0
98,1.0,0.0,2.875,1.0,1.0,6,90.6439505230508,129.2311478765618,no pobre,basal,9,75.0,948.0,1.0,37.0,7,99,26129,0,1.0
97,1.0,0.0,2.875,0.0,6.0,8,90.6439505230508,129.2311478765618,pobre,basal,3,83.333336,643.0,1.0,51.0,12,99,26130,6,0.0
98,1.0,0.0,2.875,0.0,6.0,8,90.6439505230508,129.2311478765618,pobre,basal,3,83.333336,643.0,1.0,51.0,13,99,26130,6,0.0
97,0.0,0.0,2.875,1.0,5.0,8,90.6439505230508,129.2311478765618,pobre,basal,3,83.333336,643.0,1.0,51.0,10,99,26131,5,1.0
98,0.0,0.0,2.875,0.0,6.0,8,90.6439505230508,129.2311478765618,pobre,basal,3,83.333336,643.0,1.0,51.0,11,99,26131,5,1.0
97,1.0,0.0,2.875,0.0,6.0,9,90.6439505230508,129.2311478765618,pobre,basal,3,500.0,745.59998,1.0,41.0,13,99,26132,6,0.0
98,1.0,0.0,2.875,1.0,6.0,9,90.6439505230508,129.2311478765618,pobre,basal,3,500.0,745.59998,1.0,41.0,14,99,26132,6,0.0
97,1.0,0.0,2.875,1.0,5.0,9,90.6439505230508,129.2311478765618,pobre,basal,3,500.0,745.59998,1.0,41.0,11,99,26133,5,1.0
98,1.0,0.0,2.875,0.0,6.0,9,90.6439505230508,129.2311478765618,pobre,basal,3,500.0,745.59998,1.0,41.0,12,99,26133,5,1.0
97,1.0,0.0,2.875,1.0,1.0,9,90.6439505230508,129.2311478765618,pobre,basal,3,500.0,745.59998,1.0,41.0,7,99,26134,1,1.0
98,1.0,0.0,2.875,1.0,2.0,9,90.6439505230508,129.2311478765618,pobre,basal,3,500.0,745.59998,1.0,41.0,8,99,26134,1,1.0
97,0.0,0.0,2.875,1.0,6.0,9,90.6439505230508,129.2311478765618,pobre,basal,3,500.0,745.59998,1.0,41.0,16,99,26135,6,1.0
98,0.0,0.0,2.875,0.0,6.0,9,90.6439505230508,129.2311478765618,pobre,basal,3,500.0,745.59998,1.0,41.0,17,99,26135,6,1.0
97,1.0,0.0,2.875,0.0,6.0,10,90.6439505230508,129.2311478765618,no pobre,basal,0,166.66667,879.0,1.0,49.0,16,99,26136,6,0.0
98,1.0,0.0,2.875,,,10,90.6439505230508,129.2311478765618,no pobre,basal,0,166.66667,879.0,1.0,49.0,17,99,26136,6,0.0
97,0.0,0.0,2.875,0.0,6.0,10,90.6439505230508,129.2311478765618,no pobre,basal,0,166.66667,879.0,1.0,49.0,15,99,26137,6,0.0
98,0.0,0.0,2.875,1.0,6.0,10,90.6439505230508,129.2311478765618,no pobre,basal,0,166.66667,879.0,1.0,49.0,16,99,26137,6,0.0
97,0.0,0.0,2.875,0.0,6.0,10,90.6439505230508,129.2311478765618,no pobre,basal,0,166.66667,879.0,1.0,49.0,14,99,26138,6,0.0
98,0.0,0.0,2.875,0.0,6.0,10,90.6439505230508,129.2311478765618,no pobre,basal,0,166.66667,879.0,1.0,49.0,15,99,26138,6,0.0
97,1.0,0.0,2.875,0.0,6.0,10,90.6439505230508,129.2311478765618,no pobre,basal,0,166.66667,879.0,1.0,49.0,12,99,26139,6,0.0
98,1.0,0.0,2.875,0.0,6.0,10,90.6439505230508,129.2311478765618,no pobre,basal,0,166.66667,879.0,1.0,49.0,13,99,26139,6,0.0
97,0.0,0.0,2.875,0.0,6.0,9,90.6439505230508,129.2311478765618,pobre,basal,0,58.333332,715.5,1.0,50.0,15,99,26140,6,0.0
98,0.0,0.0,2.875,,,9,90.6439505230508,129.2311478765618,pobre,basal,0,58.333332,715.5,1.0,50.0,16,99,26140,6,0.0
97,0.0,0.0,2.875,1.0,3.0,9,90.6439505230508,129.2311478765618,pobre,basal,0,58.333332,715.5,1.0,50.0,10,99,26141,3,1.0
98,0.0,0.0,2.875,,,9,90.6439505230508,129.2311478765618,pobre,basal,0,58.333332,715.5,1.0,50.0,11,99,26141,3,1.0
97,0.0,0.0,2.875,1.0,1.0,9,90.6439505230508,129.2311478765618,pobre,basal,0,58.333332,715.5,1.0,50.0,7,99,26142,1,1.0
98,0.0,0.0,2.875,,,9,90.6439505230508,129.2311478765618,pobre,basal,0,58.333332,715.5,1.0,50.0,8,99,26142,1,1.0
97,0.0,0.0,2.875,0.0,6.0,7,90.6439505230508,129.2311478765618,pobre,basal,0,83.333336,750.5,1.0,61.0,12,99,26143,6,0.0
98,0.0,0.0,2.875,0.0,6.0,7,90.6439505230508,129.2311478765618,pobre,basal,0,83.333336,750.5,1.0,61.0,13,99,26143,6,0.0
97,1.0,0.0,2.875,1.0,0.0,7,90.6439505230508,129.2311478765618,no pobre,basal,0,166.66667,1038.0,1.0,72.0,6,99,26144,0,1.0
98,1.0,0.0,2.875,1.0,1.0,7,90.6439505230508,129.2311478765618,no pobre,basal,0,166.66667,1038.0,1.0,72.0,7,99,26144,0,1.0
97,0.0,0.0,2.875,1.0,6.0,8,90.6439505230508,129.2311478765618,no pobre,basal,1,625.0,994.0,1.0,46.0,12,99,26145,6,1.0
98,0.0,0.0,2.875,1.0,6.0,8,90.6439505230508,129.2311478765618,no pobre,basal,1,625.0,994.0,1.0,46.0,13,99,26145,6,1.0
97,0.0,0.0,2.875,1.0,1.0,8,90.6439505230508,129.2311478765618,no pobre,basal,1,625.0,994.0,1.0,46.0,6,99,26146,1,1.0
98,0.0,0.0,2.875,1.0,1.0,8,90.6439505230508,129.2311478765618,no pobre,basal,1,625.0,994.0,1.0,46.0,7,99,26146,1,1.0
97,0.0,0.0,2.875,0.0,6.0,8,90.6439505230508,129.2311478765618,no pobre,basal,1,750.0,935.0,1.0,43.0,15,99,26147,6,0.0
98,0.0,0.0,2.875,0.0,6.0,8,90.6439505230508,129.2311478765618,no pobre,basal,1,750.0,935.0,1.0,43.0,16,99,26147,6,0.0
97,0.0,0.0,2.875,0.0,6.0,8,90.6439505230508,129.2311478765618,no pobre,basal,1,750.0,935.0,1.0,43.0,13,99,26148,6,0.0
98,0.0,0.0,2.875,0.0,6.0,8,90.6439505230508,129.2311478765618,no pobre,basal,1,750.0,935.0,1.0,43.0,14,99,26148,6,0.0
97,1.0,0.0,2.875,1.0,1.0,8,90.6439505230508,129.2311478765618,no pobre,basal,1,750.0,935.0,1.0,43.0,8,99,26149,1,1.0
98,1.0,0.0,2.875,1.0,2.0,8,90.6439505230508,129.2311478765618,no pobre,basal,1,750.0,935.0,1.0,43.0,9,99,26149,1,1.0
97,1.0,0.0,2.875,0.0,9.0,7,90.6439505230508,129.2311478765618,no pobre,basal,2,750.0,1112.5,1.0,49.0,15,99,26150,9,0.0
98,1.0,0.0,2.875,,,7,90.6439505230508,129.2311478765618,no pobre,basal,2,750.0,1112.5,1.0,49.0,16,99,26150,9,0.0
97,0.0,0.0,2.875,0.0,6.0,7,90.6439505230508,129.2311478765618,no pobre,basal,2,750.0,1112.5,1.0,49.0,13,99,26151,6,0.0
98,0.0,0.0,2.875,0.0,6.0,7,90.6439505230508,129.2311478765618,no pobre,basal,2,750.0,1112.5,1.0,49.0,14,99,26151,6,0.0
97,1.0,0.0,2.875,1.0,5.0,6,90.6439505230508,129.2311478765618,no pobre,basal,3,750.0,921.0,1.0,35.0,11,99,26152,5,1.0
98,1.0,0.0,2.875,0.0,6.0,6,90.6439505230508,129.2311478765618,no pobre,basal,3,750.0,921.0,1.0,35.0,12,99,26152,5,1.0
97,0.0,0.0,2.875,,0.0,6,90.6439505230508,129.2311478765618,no pobre,basal,3,750.0,921.0,1.0,35.0,10,99,26153,0,
98,0.0,0.0,2.875,1.0,5.0,6,90.6439505230508,129.2311478765618,no pobre,basal,3,750.0,921.0,1.0,35.0,11,99,26153,0,
97,0.0,0.0,2.875,0.0,6.0,8,90.6439505230508,129.2311478765618,no pobre,basal,1,750.0,940.0,1.0,45.0,13,99,26154,6,0.0
98,0.0,0.0,2.875,0.0,6.0,8,90.6439505230508,129.2311478765618,no pobre,basal,1,750.0,940.0,1.0,45.0,14,99,26154,6,0.0
97,1.0,0.0,2.875,1.0,3.0,8,90.6439505230508,129.2311478765618,no pobre,basal,1,750.0,940.0,1.0,45.0,9,99,26155,3,1.0
98,1.0,0.0,2.875,1.0,4.0,8,90.6439505230508,129.2311478765618,no pobre,basal,1,750.0,940.0,1.0,45.0,10,99,26155,3,1.0
97,0.0,0.0,2.875,1.0,1.0,8,90.6439505230508,129.2311478765618,no pobre,basal,1,750.0,940.0,1.0,45.0,6,99,26156,1,1.0
98,0.0,0.0,2.875,1.0,1.0,8,90.6439505230508,129.2311478765618,no pobre,basal,1,750.0,940.0,1.0,45.0,7,99,26156,1,1.0
97,,0.0,2.875,1.0,6.0,4,90.6439505230508,129.2311478765618,pobre,basal,6,625.0,776.0,1.0,35.0,12,99,26157,6,1.0
98,,0.0,2.875,0.0,6.0,4,90.6439505230508,129.2311478765618,pobre,basal,6,625.0,776.0,1.0,35.0,13,99,26157,6,1.0
97,1.0,0.0,2.875,1.0,3.0,4,90.6439505230508,129.2311478765618,pobre,basal,6,625.0,776.0,1.0,35.0,9,99,26158,3,1.0
98,1.0,0.0,2.875,1.0,4.0,4,90.6439505230508,129.2311478765618,pobre,basal,6,625.0,776.0,1.0,35.0,10,99,26158,3,1.0
97,0.0,0.0,2.875,1.0,9.0,4,90.6439505230508,129.2311478765618,no pobre,basal,5,2000.0,1096.0,1.0,39.0,15,99,26159,9,1.0
98,0.0,0.0,2.875,0.0,9.0,4,90.6439505230508,129.2311478765618,no pobre,basal,5,2000.0,1096.0,1.0,39.0,16,99,26159,9,1.0
97,1.0,0.0,2.875,1.0,8.0,4,90.6439505230508,129.2311478765618,no pobre,basal,5,2000.0,1096.0,1.0,39.0,14,99,26160,8,1.0
98,1.0,0.0,2.875,1.0,9.0,4,90.6439505230508,129.2311478765618,no pobre,basal,5,2000.0,1096.0,1.0,39.0,15,99,26160,8,1.0
97,0.0,0.0,2.875,0.0,6.0,7,90.6439505230508,129.2311478765618,no pobre,basal,0,166.66667,1039.0,1.0,38.0,16,99,26161,6,0.0
98,0.0,0.0,2.875,,,7,90.6439505230508,129.2311478765618,no pobre,basal,0,166.66667,1039.0,1.0,38.0,17,99,26161,6,0.0
97,1.0,0.0,2.875,1.0,5.0,7,90.6439505230508,129.2311478765618,no pobre,basal,0,166.66667,1039.0,1.0,38.0,11,99,26162,5,1.0
98,1.0,0.0,2.875,0.0,6.0,7,90.6439505230508,129.2311478765618,no pobre,basal,0,166.66667,1039.0,1.0,38.0,12,99,26162,5,1.0
97,0.0,0.0,2.875,1.0,6.0,7,90.6439505230508,129.2311478765618,pobre,basal,0,750.0,694.0,1.0,50.0,15,99,26163,6,1.0
98,0.0,0.0,2.875,0.0,6.0,7,90.6439505230508,129.2311478765618,pobre,basal,0,750.0,694.0,1.0,50.0,16,99,26163,6,1.0
97,1.0,0.0,2.875,1.0,5.0,7,90.6439505230508,129.2311478765618,pobre,basal,0,750.0,694.0,1.0,50.0,13,99,26164,5,1.0
98,1.0,0.0,2.875,0.0,6.0,7,90.6439505230508,129.2311478765618,pobre,basal,0,750.0,694.0,1.0,50.0,14,99,26164,5,1.0
97,1.0,0.0,2.875,1.0,5.0,7,90.6439505230508,129.2311478765618,pobre,basal,0,750.0,694.0,1.0,50.0,11,99,26165,5,1.0
98,1.0,0.0,2.875,0.0,6.0,7,90.6439505230508,129.2311478765618,pobre,basal,0,750.0,694.0,1.0,50.0,12,99,26165,5,1.0
97,0.0,0.0,2.875,1.0,4.0,7,90.6439505230508,129.2311478765618,pobre,basal,0,750.0,694.0,1.0,50.0,10,99,26166,4,1.0
98,0.0,0.0,2.875,1.0,5.0,7,90.6439505230508,129.2311478765618,pobre,basal,0,750.0,694.0,1.0,50.0,11,99,26166,4,1.0
97,1.0,0.0,2.875,1.0,1.0,7,90.6439505230508,129.2311478765618,pobre,basal,0,750.0,694.0,1.0,50.0,7,99,26167,1,1.0
98,1.0,0.0,2.875,1.0,2.0,7,90.6439505230508,129.2311478765618,pobre,basal,0,750.0,694.0,1.0,50.0,8,99,26167,1,1.0
97,0.0,0.0,2.875,1.0,2.0,4,90.6439505230508,129.2311478765618,pobre,basal,9,750.0,785.0,1.0,25.0,9,99,26168,2,1.0
98,0.0,0.0,2.875,1.0,3.0,4,90.6439505230508,129.2311478765618,pobre,basal,9,750.0,785.0,1.0,25.0,10,99,26168,2,1.0
97,1.0,0.0,2.875,1.0,5.0,8,90.6439505230508,129.2311478765618,no pobre,basal,0,750.0,1007.0,1.0,52.0,14,99,26169,5,1.0
98,1.0,0.0,2.875,0.0,6.0,8,90.6439505230508,129.2311478765618,no pobre,basal,0,750.0,1007.0,1.0,52.0,15,99,26169,5,1.0
97,1.0,0.0,2.875,1.0,5.0,8,90.6439505230508,129.2311478765618,no pobre,basal,0,750.0,1007.0,1.0,52.0,12,99,26170,5,1.0
98,1.0,0.0,2.875,0.0,6.0,8,90.6439505230508,129.2311478765618,no pobre,basal,0,750.0,1007.0,1.0,52.0,13,99,26170,5,1.0
97,1.0,0.0,2.875,0.0,6.0,11,90.6439505230508,129.2311478765618,pobre,basal,0,0.0,673.5,0.0,41.0,15,99,26171,6,0.0
98,1.0,0.0,2.875,,,11,90.6439505230508,129.2311478765618,pobre,basal,0,0.0,673.5,0.0,41.0,16,99,26171,6,0.0
97,1.0,0.0,2.875,0.0,6.0,11,90.6439505230508,129.2311478765618,pobre,basal,0,0.0,673.5,0.0,41.0,12,99,26172,6,0.0
98,1.0,0.0,2.875,,,11,90.6439505230508,129.2311478765618,pobre,basal,0,0.0,673.5,0.0,41.0,13,99,26172,6,0.0
97,1.0,0.0,2.875,1.0,5.0,11,90.6439505230508,129.2311478765618,pobre,basal,0,0.0,673.5,0.0,41.0,11,99,26173,5,1.0
98,1.0,0.0,2.875,,,11,90.6439505230508,129.2311478765618,pobre,basal,0,0.0,673.5,0.0,41.0,12,99,26173,5,1.0
97,0.0,0.0,2.875,1.0,2.0,11,90.6439505230508,129.2311478765618,pobre,basal,0,0.0,673.5,0.0,41.0,9,99,26174,2,1.0
98,0.0,0.0,2.875,,,11,90.6439505230508,129.2311478765618,pobre,basal,0,0.0,673.5,0.0,41.0,10,99,26174,2,1.0
97,0.0,0.0,2.875,1.0,2.0,11,90.6439505230508,129.2311478765618,pobre,basal,0,0.0,673.5,0.0,41.0,9,99,26175,2,1.0
98,0.0,0.0,2.875,,,11,90.6439505230508,129.2311478765618,pobre,basal,0,0.0,673.5,0.0,41.0,10,99,26175,2,1.0
97,0.0,0.0,2.875,1.0,0.0,11,90.6439505230508,129.2311478765618,pobre,basal,0,0.0,673.5,0.0,41.0,6,99,26176,0,1.0
98,0.0,0.0,2.875,,,11,90.6439505230508,129.2311478765618,pobre,basal,0,0.0,673.5,0.0,41.0,7,99,26176,0,1.0
97,1.0,0.0,2.875,1.0,6.0,7,90.6439505230508,129.2311478765618,pobre,basal,0,750.0,830.0,1.0,48.0,13,99,26177,6,1.0
98,1.0,0.0,2.875,0.0,6.0,7,90.6439505230508,129.2311478765618,pobre,basal,0,750.0,830.0,1.0,48.0,14,99,26177,6,1.0
97,1.0,0.0,2.875,1.0,4.0,7,90.6439505230508,129.2311478765618,pobre,basal,0,750.0,830.0,1.0,48.0,11,99,26178,4,1.0
98,1.0,0.0,2.875,1.0,5.0,7,90.6439505230508,129.2311478765618,pobre,basal,0,750.0,830.0,1.0,48.0,12,99,26178,4,1.0
97,1.0,0.0,2.875,1.0,3.0,7,90.6439505230508,129.2311478765618,pobre,basal,0,750.0,830.0,1.0,48.0,9,99,26179,3,1.0
98,1.0,0.0,2.875,1.0,4.0,7,90.6439505230508,129.2311478765618,pobre,basal,0,750.0,830.0,1.0,48.0,10,99,26179,3,1.0
97,0.0,0.0,2.875,0.0,6.0,7,90.6439505230508,129.2311478765618,pobre,basal,0,750.0,830.0,1.0,48.0,16,99,26180,6,0.0
98,0.0,0.0,2.875,,,7,90.6439505230508,129.2311478765618,pobre,basal,0,750.0,830.0,1.0,48.0,17,99,26180,6,0.0
97,1.0,0.0,2.875,1.0,4.0,10,90.6439505230508,129.2311478765618,pobre,basal,0,750.0,834.5,1.0,51.0,10,99,26181,4,1.0
98,1.0,0.0,2.875,1.0,5.0,10,90.6439505230508,129.2311478765618,pobre,basal,0,750.0,834.5,1.0,51.0,11,99,26181,4,1.0
97,1.0,0.0,2.875,0.0,6.0,5,90.6439505230508,129.2311478765618,pobre,basal,0,625.0,773.5,0.0,37.0,16,99,26182,6,0.0
98,1.0,0.0,2.875,,,5,90.6439505230508,129.2311478765618,pobre,basal,0,625.0,773.5,0.0,37.0,17,99,26182,6,0.0
97,1.0,0.0,2.875,0.0,6.0,5,90.6439505230508,129.2311478765618,pobre,basal,0,625.0,773.5,0.0,37.0,12,99,26183,6,0.0
98,1.0,0.0,2.875,0.0,6.0,5,90.6439505230508,129.2311478765618,pobre,basal,0,625.0,773.5,0.0,37.0,13,99,26183,6,0.0
97,0.0,0.0,2.875,1.0,4.0,5,90.6439505230508,129.2311478765618,pobre,basal,0,625.0,773.5,0.0,37.0,10,99,26184,4,1.0
98,0.0,0.0,2.875,1.0,5.0,5,90.6439505230508,129.2311478765618,pobre,basal,0,625.0,773.5,0.0,37.0,11,99,26184,4,1.0
97,0.0,0.0,2.875,1.0,1.0,5,90.6439505230508,129.2311478765618,pobre,basal,0,625.0,773.5,0.0,37.0,7,99,26185,1,1.0
98,0.0,0.0,2.875,1.0,2.0,5,90.6439505230508,129.2311478765618,pobre,basal,0,625.0,773.5,0.0,37.0,8,99,26185,1,1.0
97,1.0,0.0,2.875,1.0,1.0,4,90.6439505230508,129.2311478765618,no pobre,basal,1,750.0,916.0,1.0,39.0,7,99,26186,1,1.0
98,1.0,0.0,2.875,1.0,2.0,4,90.6439505230508,129.2311478765618,no pobre,basal,1,750.0,916.0,1.0,39.0,8,99,26186,1,1.0
97,0.0,0.0,1.668,1.0,1.0,4,91.10788447491724,135.3768409743641,pobre,basal,1,500.0,663.0,1.0,22.0,7,102,26187,1,1.0
98,0.0,0.0,1.668,1.0,2.0,4,91.10788447491724,135.3768409743641,pobre,basal,1,500.0,663.0,1.0,22.0,8,102,26187,1,1.0
97,1.0,0.0,1.668,0.0,6.0,5,91.10788447491724,135.3768409743641,pobre,basal,1,1625.0,882.0,1.0,49.0,16,102,26188,6,0.0
98,1.0,0.0,1.668,,,5,91.10788447491724,135.3768409743641,pobre,basal,1,1625.0,882.0,1.0,49.0,17,102,26188,6,0.0
97,0.0,0.0,1.668,1.0,4.0,5,91.10788447491724,135.3768409743641,pobre,basal,1,1625.0,882.0,1.0,49.0,13,102,26189,4,1.0
98,0.0,0.0,1.668,0.0,5.0,5,91.10788447491724,135.3768409743641,pobre,basal,1,1625.0,882.0,1.0,49.0,14,102,26189,4,1.0
97,0.0,0.0,1.668,1.0,1.0,6,91.10788447491724,135.3768409743641,no pobre,basal,1,0.0,825.0,1.0,52.0,6,102,26190,1,1.0
98,0.0,0.0,1.668,1.0,2.0,6,91.10788447491724,135.3768409743641,no pobre,basal,1,0.0,825.0,1.0,52.0,7,102,26190,1,1.0
97,1.0,0.0,1.668,0.0,6.0,4,91.10788447491724,135.3768409743641,pobre,basal,0,500.0,935.0,1.0,57.0,13,102,26191,6,0.0
98,1.0,0.0,1.668,0.0,6.0,4,91.10788447491724,135.3768409743641,pobre,basal,0,500.0,935.0,1.0,57.0,14,102,26191,6,0.0
97,1.0,0.0,1.668,0.0,6.0,12,91.10788447491724,135.3768409743641,pobre,basal,1,500.0,608.79999,1.0,40.0,15,102,26192,6,0.0
98,1.0,0.0,1.668,0.0,6.0,12,91.10788447491724,135.3768409743641,pobre,basal,1,500.0,608.79999,1.0,40.0,16,102,26192,6,0.0
97,1.0,0.0,1.668,0.0,6.0,12,91.10788447491724,135.3768409743641,pobre,basal,1,500.0,608.79999,1.0,40.0,14,102,26193,6,0.0
98,1.0,0.0,1.668,0.0,6.0,12,91.10788447491724,135.3768409743641,pobre,basal,1,500.0,608.79999,1.0,40.0,15,102,26193,6,0.0
97,1.0,0.0,1.668,0.0,6.0,12,91.10788447491724,135.3768409743641,pobre,basal,1,500.0,608.79999,1.0,40.0,12,102,26194,6,0.0
98,1.0,0.0,1.668,0.0,6.0,12,91.10788447491724,135.3768409743641,pobre,basal,1,500.0,608.79999,1.0,40.0,13,102,26194,6,0.0
97,1.0,0.0,1.668,0.0,4.0,12,91.10788447491724,135.3768409743641,pobre,basal,1,500.0,608.79999,1.0,40.0,10,102,26195,4,0.0
98,1.0,0.0,1.668,1.0,5.0,12,91.10788447491724,135.3768409743641,pobre,basal,1,500.0,608.79999,1.0,40.0,11,102,26195,4,0.0
97,1.0,0.0,1.668,0.0,0.0,12,91.10788447491724,135.3768409743641,pobre,basal,1,500.0,608.79999,1.0,40.0,6,102,26196,0,0.0
98,1.0,0.0,1.668,1.0,1.0,12,91.10788447491724,135.3768409743641,pobre,basal,1,500.0,608.79999,1.0,40.0,7,102,26196,0,0.0
97,1.0,0.0,1.668,0.0,9.0,3,91.10788447491724,135.3768409743641,pobre,basal,0,500.0,787.70099,1.0,52.0,15,102,26197,9,0.0
98,1.0,0.0,1.668,1.0,9.0,3,91.10788447491724,135.3768409743641,pobre,basal,0,500.0,787.70099,1.0,52.0,16,102,26197,9,0.0
97,,0.0,1.668,0.0,6.0,7,91.10788447491724,135.3768409743641,pobre,basal,1,500.0,721.5,,50.0,16,102,26198,6,0.0
98,,0.0,1.668,,,7,91.10788447491724,135.3768409743641,pobre,basal,1,500.0,721.5,,50.0,17,102,26198,6,0.0
97,,0.0,1.668,1.0,5.0,7,91.10788447491724,135.3768409743641,pobre,basal,1,500.0,721.5,,50.0,15,102,26199,5,1.0
98,,0.0,1.668,1.0,6.0,7,91.10788447491724,135.3768409743641,pobre,basal,1,500.0,721.5,,50.0,16,102,26199,5,1.0
97,,0.0,1.668,1.0,3.0,7,91.10788447491724,135.3768409743641,pobre,basal,1,500.0,721.5,,50.0,10,102,26200,3,1.0
98,,0.0,1.668,1.0,4.0,7,91.10788447491724,135.3768409743641,pobre,basal,1,500.0,721.5,,50.0,11,102,26200,3,1.0
97,,0.0,1.668,1.0,1.0,7,91.10788447491724,135.3768409743641,pobre,basal,1,500.0,721.5,,50.0,8,102,26201,1,1.0
98,,0.0,1.668,1.0,2.0,7,91.10788447491724,135.3768409743641,pobre,basal,1,500.0,721.5,,50.0,9,102,26201,1,1.0
97,0.0,0.0,1.668,0.0,9.0,7,91.10788447491724,135.3768409743641,pobre,basal,2,0.0,580.0,1.0,41.0,15,102,26202,9,0.0
98,0.0,0.0,1.668,1.0,11.0,7,91.10788447491724,135.3768409743641,pobre,basal,2,0.0,580.0,1.0,41.0,16,102,26202,9,0.0
97,0.0,0.0,1.668,0.0,6.0,7,91.10788447491724,135.3768409743641,pobre,basal,2,0.0,580.0,1.0,41.0,13,102,26203,6,0.0
98,0.0,0.0,1.668,1.0,7.0,7,91.10788447491724,135.3768409743641,pobre,basal,2,0.0,580.0,1.0,41.0,14,102,26203,6,0.0
97,0.0,0.0,1.668,0.0,5.0,7,91.10788447491724,135.3768409743641,pobre,basal,2,0.0,580.0,1.0,41.0,11,102,26204,5,0.0
98,0.0,0.0,1.668,1.0,6.0,7,91.10788447491724,135.3768409743641,pobre,basal,2,0.0,580.0,1.0,41.0,12,102,26204,5,0.0
97,1.0,0.0,1.668,0.0,3.0,7,91.10788447491724,135.3768409743641,pobre,basal,2,0.0,580.0,1.0,41.0,9,102,26205,3,0.0
98,1.0,0.0,1.668,,,7,91.10788447491724,135.3768409743641,pobre,basal,2,0.0,580.0,1.0,41.0,10,102,26205,3,0.0
97,0.0,0.0,1.668,1.0,1.0,6,91.10788447491724,135.3768409743641,pobre,basal,0,0.0,778.0,1.0,70.0,8,102,26206,1,1.0
98,0.0,0.0,1.668,1.0,2.0,6,91.10788447491724,135.3768409743641,pobre,basal,0,0.0,778.0,1.0,70.0,9,102,26206,1,1.0
97,1.0,0.0,1.668,0.0,6.0,5,91.10788447491724,135.3768409743641,pobre,basal,0,1560.0,845.5,1.0,39.0,14,102,26207,6,0.0
98,1.0,0.0,1.668,0.0,6.0,5,91.10788447491724,135.3768409743641,pobre,basal,0,1560.0,845.5,1.0,39.0,15,102,26207,6,0.0
97,1.0,0.0,1.668,0.0,5.0,5,91.10788447491724,135.3768409743641,pobre,basal,0,1560.0,845.5,1.0,39.0,10,102,26208,5,0.0
98,1.0,0.0,1.668,0.0,6.0,5,91.10788447491724,135.3768409743641,pobre,basal,0,1560.0,845.5,1.0,39.0,11,102,26208,5,0.0
97,1.0,0.0,1.668,0.0,6.0,6,91.10788447491724,135.3768409743641,pobre,basal,2,720.0,778.0,1.0,51.0,16,102,26209,6,0.0
98,1.0,0.0,1.668,,,6,91.10788447491724,135.3768409743641,pobre,basal,2,720.0,778.0,1.0,51.0,17,102,26209,6,0.0
97,0.0,0.0,1.668,0.0,6.0,6,91.10788447491724,135.3768409743641,pobre,basal,2,720.0,778.0,1.0,51.0,14,102,26210,6,0.0
98,0.0,0.0,1.668,0.0,6.0,6,91.10788447491724,135.3768409743641,pobre,basal,2,720.0,778.0,1.0,51.0,15,102,26210,6,0.0
97,0.0,0.0,1.668,1.0,4.0,6,91.10788447491724,135.3768409743641,pobre,basal,2,720.0,778.0,1.0,51.0,10,102,26211,4,1.0
98,0.0,0.0,1.668,1.0,5.0,6,91.10788447491724,135.3768409743641,pobre,basal,2,720.0,778.0,1.0,51.0,11,102,26211,4,1.0
97,1.0,0.0,1.668,1.0,1.0,6,91.10788447491724,135.3768409743641,pobre,basal,2,720.0,778.0,1.0,51.0,7,102,26212,1,1.0
98,1.0,0.0,1.668,1.0,1.0,6,91.10788447491724,135.3768409743641,pobre,basal,2,720.0,778.0,1.0,51.0,8,102,26212,1,1.0
97,0.0,0.0,1.668,0.0,6.0,10,91.10788447491724,135.3768409743641,pobre,basal,0,3200.0,507.0,1.0,42.0,16,102,26213,6,0.0
98,0.0,0.0,1.668,,,10,91.10788447491724,135.3768409743641,pobre,basal,0,3200.0,507.0,1.0,42.0,17,102,26213,6,0.0
97,1.0,0.0,1.668,0.0,6.0,10,91.10788447491724,135.3768409743641,pobre,basal,0,3200.0,507.0,1.0,42.0,14,102,26214,6,0.0
98,1.0,0.0,1.668,1.0,6.0,10,91.10788447491724,135.3768409743641,pobre,basal,0,3200.0,507.0,1.0,42.0,15,102,26214,6,0.0
97,1.0,0.0,1.668,1.0,3.0,10,91.10788447491724,135.3768409743641,pobre,basal,0,3200.0,507.0,1.0,42.0,12,102,26215,3,1.0
98,1.0,0.0,1.668,1.0,3.0,10,91.10788447491724,135.3768409743641,pobre,basal,0,3200.0,507.0,1.0,42.0,13,102,26215,3,1.0
97,0.0,0.0,1.668,1.0,2.0,10,91.10788447491724,135.3768409743641,pobre,basal,0,3200.0,507.0,1.0,42.0,10,102,26216,2,1.0
98,0.0,0.0,1.668,1.0,3.0,10,91.10788447491724,135.3768409743641,pobre,basal,0,3200.0,507.0,1.0,42.0,11,102,26216,2,1.0
97,1.0,0.0,1.668,1.0,1.0,10,91.10788447491724,135.3768409743641,pobre,basal,0,3200.0,507.0,1.0,42.0,8,102,26217,1,1.0
98,1.0,0.0,1.668,1.0,2.0,10,91.10788447491724,135.3768409743641,pobre,basal,0,3200.0,507.0,1.0,42.0,9,102,26217,1,1.0
97,1.0,0.0,1.668,0.0,6.0,7,91.10788447491724,135.3768409743641,pobre,basal,3,750.0,787.0,1.0,42.0,15,102,26218,6,0.0
98,1.0,0.0,1.668,0.0,6.0,7,91.10788447491724,135.3768409743641,pobre,basal,3,750.0,787.0,1.0,42.0,16,102,26218,6,0.0
97,1.0,0.0,1.668,1.0,7.0,7,91.10788447491724,135.3768409743641,pobre,basal,3,750.0,787.0,1.0,42.0,13,102,26219,7,1.0
98,1.0,0.0,1.668,1.0,8.0,7,91.10788447491724,135.3768409743641,pobre,basal,3,750.0,787.0,1.0,42.0,14,102,26219,7,1.0
97,1.0,0.0,1.668,1.0,2.0,7,91.10788447491724,135.3768409743641,pobre,basal,3,750.0,787.0,1.0,42.0,9,102,26220,2,1.0
98,1.0,0.0,1.668,1.0,3.0,7,91.10788447491724,135.3768409743641,pobre,basal,3,750.0,787.0,1.0,42.0,10,102,26220,2,1.0
97,1.0,0.0,1.668,1.0,0.0,7,91.10788447491724,135.3768409743641,pobre,basal,3,750.0,787.0,1.0,42.0,6,102,26221,0,1.0
98,1.0,0.0,1.668,1.0,1.0,7,91.10788447491724,135.3768409743641,pobre,basal,3,750.0,787.0,1.0,42.0,7,102,26221,0,1.0
97,0.0,0.0,1.668,0.0,6.0,5,91.10788447491724,135.3768409743641,pobre,basal,2,750.0,681.0,1.0,37.0,14,102,26222,6,0.0
98,0.0,0.0,1.668,0.0,6.0,5,91.10788447491724,135.3768409743641,pobre,basal,2,750.0,681.0,1.0,37.0,15,102,26222,6,0.0
97,0.0,0.0,1.668,1.0,4.0,5,91.10788447491724,135.3768409743641,pobre,basal,2,750.0,681.0,1.0,37.0,12,102,26223,4,1.0
98,0.0,0.0,1.668,1.0,5.0,5,91.10788447491724,135.3768409743641,pobre,basal,2,750.0,681.0,1.0,37.0,13,102,26223,4,1.0
97,0.0,0.0,1.668,1.0,2.0,5,91.10788447491724,135.3768409743641,pobre,basal,2,750.0,681.0,1.0,37.0,8,102,26224,2,1.0
98,0.0,0.0,1.668,1.0,3.0,5,91.10788447491724,135.3768409743641,pobre,basal,2,750.0,681.0,1.0,37.0,9,102,26224,2,1.0
97,0.0,0.0,1.668,0.0,6.0,7,91.10788447491724,135.3768409743641,pobre,basal,1,750.0,637.0,1.0,45.0,16,102,26225,6,0.0
98,0.0,0.0,1.668,,,7,91.10788447491724,135.3768409743641,pobre,basal,1,750.0,637.0,1.0,45.0,17,102,26225,6,0.0
97,1.0,0.0,1.668,0.0,6.0,7,91.10788447491724,135.3768409743641,pobre,basal,1,750.0,637.0,1.0,45.0,14,102,26226,6,0.0
98,1.0,0.0,1.668,0.0,6.0,7,91.10788447491724,135.3768409743641,pobre,basal,1,750.0,637.0,1.0,45.0,15,102,26226,6,0.0
97,1.0,0.0,1.668,1.0,5.0,7,91.10788447491724,135.3768409743641,pobre,basal,1,750.0,637.0,1.0,45.0,12,102,26227,5,1.0
98,1.0,0.0,1.668,0.0,6.0,7,91.10788447491724,135.3768409743641,pobre,basal,1,750.0,637.0,1.0,45.0,13,102,26227,5,1.0
97,0.0,0.0,1.668,1.0,2.0,7,91.10788447491724,135.3768409743641,pobre,basal,1,750.0,637.0,1.0,45.0,8,102,26228,2,1.0
98,0.0,0.0,1.668,1.0,3.0,7,91.10788447491724,135.3768409743641,pobre,basal,1,750.0,637.0,1.0,45.0,9,102,26228,2,1.0
97,0.0,0.0,1.668,1.0,2.0,7,91.10788447491724,135.3768409743641,pobre,basal,1,750.0,637.0,1.0,45.0,7,102,26229,2,1.0
98,0.0,0.0,1.668,1.0,2.0,7,91.10788447491724,135.3768409743641,pobre,basal,1,750.0,637.0,1.0,45.0,8,102,26229,2,1.0
97,1.0,0.0,1.668,1.0,3.0,6,91.10788447491724,135.3768409743641,pobre,basal,2,625.0,747.0,1.0,42.0,10,102,26230,3,1.0
98,1.0,0.0,1.668,1.0,4.0,6,91.10788447491724,135.3768409743641,pobre,basal,2,625.0,747.0,1.0,42.0,11,102,26230,3,1.0
97,1.0,0.0,1.668,1.0,1.0,6,91.10788447491724,135.3768409743641,pobre,basal,2,625.0,747.0,1.0,42.0,8,102,26231,1,1.0
98,1.0,0.0,1.668,1.0,2.0,6,91.10788447491724,135.3768409743641,pobre,basal,2,625.0,747.0,1.0,42.0,9,102,26231,1,1.0
97,1.0,0.0,1.668,0.0,6.0,5,91.10788447491724,135.3768409743641,pobre,basal,1,750.0,719.0,1.0,56.0,15,102,26232,6,0.0
98,1.0,0.0,1.668,1.0,6.0,5,91.10788447491724,135.3768409743641,pobre,basal,1,750.0,719.0,1.0,56.0,16,102,26232,6,0.0
97,1.0,0.0,1.668,1.0,3.0,5,91.10788447491724,135.3768409743641,pobre,basal,1,750.0,719.0,1.0,56.0,10,102,26233,3,1.0
98,1.0,0.0,1.668,1.0,4.0,5,91.10788447491724,135.3768409743641,pobre,basal,1,750.0,719.0,1.0,56.0,11,102,26233,3,1.0
97,0.0,0.0,1.668,1.0,4.0,4,91.10788447491724,135.3768409743641,pobre,basal,5,625.0,822.0,1.0,34.0,10,102,26234,4,1.0
98,0.0,0.0,1.668,1.0,5.0,4,91.10788447491724,135.3768409743641,pobre,basal,5,625.0,822.0,1.0,34.0,11,102,26234,4,1.0
97,0.0,0.0,1.668,1.0,7.0,8,91.10788447491724,135.3768409743641,pobre,basal,0,500.0,797.0,1.0,57.0,14,102,26235,7,1.0
98,0.0,0.0,1.668,1.0,8.0,8,91.10788447491724,135.3768409743641,pobre,basal,0,500.0,797.0,1.0,57.0,15,102,26235,7,1.0
97,0.0,0.0,1.668,1.0,5.0,8,91.10788447491724,135.3768409743641,pobre,basal,6,750.0,589.0,1.0,32.0,11,102,26236,5,1.0
98,0.0,0.0,1.668,1.0,6.0,8,91.10788447491724,135.3768409743641,pobre,basal,6,750.0,589.0,1.0,32.0,12,102,26236,5,1.0
97,0.0,0.0,1.668,1.0,3.0,8,91.10788447491724,135.3768409743641,pobre,basal,6,750.0,589.0,1.0,32.0,9,102,26237,3,1.0
98,0.0,0.0,1.668,1.0,4.0,8,91.10788447491724,135.3768409743641,pobre,basal,6,750.0,589.0,1.0,32.0,10,102,26237,3,1.0
97,0.0,0.0,1.668,1.0,1.0,8,91.10788447491724,135.3768409743641,pobre,basal,6,750.0,589.0,1.0,32.0,7,102,26238,1,1.0
98,0.0,0.0,1.668,1.0,2.0,8,91.10788447491724,135.3768409743641,pobre,basal,6,750.0,589.0,1.0,32.0,8,102,26238,1,1.0
97,1.0,0.0,1.668,0.0,6.0,7,91.10788447491724,135.3768409743641,pobre,basal,6,0.0,598.0,1.0,35.0,15,102,26239,6,0.0
98,1.0,0.0,1.668,1.0,6.0,7,91.10788447491724,135.3768409743641,pobre,basal,6,0.0,598.0,1.0,35.0,16,102,26239,6,0.0
97,0.0,0.0,1.668,0.0,6.0,7,91.10788447491724,135.3768409743641,pobre,basal,6,0.0,598.0,1.0,35.0,12,102,26240,6,0.0
98,0.0,0.0,1.668,0.0,6.0,7,91.10788447491724,135.3768409743641,pobre,basal,6,0.0,598.0,1.0,35.0,13,102,26240,6,0.0
97,1.0,0.0,1.668,1.0,3.0,7,91.10788447491724,135.3768409743641,pobre,basal,6,0.0,598.0,1.0,35.0,10,102,26241,3,1.0
98,1.0,0.0,1.668,1.0,4.0,7,91.10788447491724,135.3768409743641,pobre,basal,6,0.0,598.0,1.0,35.0,11,102,26241,3,1.0
97,0.0,0.0,1.668,1.0,2.0,7,91.10788447491724,135.3768409743641,pobre,basal,6,0.0,598.0,1.0,35.0,7,102,26242,2,1.0
98,0.0,0.0,1.668,1.0,2.0,7,91.10788447491724,135.3768409743641,pobre,basal,6,0.0,598.0,1.0,35.0,8,102,26242,2,1.0
97,1.0,0.0,1.668,1.0,0.0,7,91.10788447491724,135.3768409743641,pobre,basal,6,0.0,598.0,1.0,35.0,6,102,26243,0,1.0
98,1.0,0.0,1.668,1.0,1.0,7,91.10788447491724,135.3768409743641,pobre,basal,6,0.0,598.0,1.0,35.0,7,102,26243,0,1.0
97,0.0,0.0,1.668,0.0,6.0,4,91.10788447491724,135.3768409743641,pobre,basal,0,166.66667,775.70697,1.0,56.0,15,102,26244,6,0.0
98,0.0,0.0,1.668,1.0,10.0,4,91.10788447491724,135.3768409743641,pobre,basal,0,166.66667,775.70697,1.0,56.0,16,102,26244,6,0.0
97,0.0,0.0,1.668,0.0,6.0,4,91.10788447491724,135.3768409743641,pobre,basal,6,400.0,867.0,1.0,28.0,15,102,26245,6,0.0
98,0.0,0.0,1.668,,,4,91.10788447491724,135.3768409743641,pobre,basal,6,400.0,867.0,1.0,28.0,16,102,26245,6,0.0
97,0.0,0.0,1.668,1.0,0.0,6,91.10788447491724,135.3768409743641,pobre,basal,6,416.66666,660.0,1.0,23.0,6,102,26246,0,1.0
98,0.0,0.0,1.668,1.0,1.0,6,91.10788447491724,135.3768409743641,pobre,basal,6,416.66666,660.0,1.0,23.0,7,102,26246,0,1.0
97,0.0,0.0,1.668,0.0,6.0,7,91.10788447491724,135.3768409743641,pobre,basal,6,0.0,593.0,1.0,37.0,15,102,26247,6,0.0
98,0.0,0.0,1.668,0.0,6.0,7,91.10788447491724,135.3768409743641,pobre,basal,6,0.0,593.0,1.0,37.0,16,102,26247,6,0.0
97,0.0,0.0,1.668,0.0,6.0,7,91.10788447491724,135.3768409743641,pobre,basal,6,0.0,593.0,1.0,37.0,14,102,26248,6,0.0
98,0.0,0.0,1.668,1.0,6.0,7,91.10788447491724,135.3768409743641,pobre,basal,6,0.0,593.0,1.0,37.0,15,102,26248,6,0.0
97,1.0,0.0,1.668,1.0,0.0,7,91.10788447491724,135.3768409743641,pobre,basal,6,0.0,593.0,1.0,37.0,6,102,26249,0,1.0
98,1.0,0.0,1.668,1.0,1.0,7,91.10788447491724,135.3768409743641,pobre,basal,6,0.0,593.0,1.0,37.0,7,102,26249,0,1.0
97,1.0,0.0,1.668,1.0,3.0,9,91.10788447491724,135.3768409743641,pobre,basal,6,166.66667,562.0,1.0,36.0,9,102,26250,3,1.0
98,1.0,0.0,1.668,1.0,4.0,9,91.10788447491724,135.3768409743641,pobre,basal,6,166.66667,562.0,1.0,36.0,10,102,26250,3,1.0
97,1.0,0.0,1.668,1.0,1.0,9,91.10788447491724,135.3768409743641,pobre,basal,6,166.66667,562.0,1.0,36.0,7,102,26251,1,1.0
98,1.0,0.0,1.668,1.0,2.0,9,91.10788447491724,135.3768409743641,pobre,basal,6,166.66667,562.0,1.0,36.0,8,102,26251,1,1.0
97,1.0,0.0,1.668,1.0,2.0,6,91.10788447491724,135.3768409743641,pobre,basal,2,600.0,766.0,1.0,32.0,8,102,26252,2,1.0
98,1.0,0.0,1.668,1.0,3.0,6,91.10788447491724,135.3768409743641,pobre,basal,2,600.0,766.0,1.0,32.0,9,102,26252,2,1.0
97,1.0,0.0,1.668,1.0,0.0,6,91.10788447491724,135.3768409743641,pobre,basal,2,600.0,766.0,1.0,32.0,6,102,26253,0,1.0
98,1.0,0.0,1.668,1.0,1.0,6,91.10788447491724,135.3768409743641,pobre,basal,2,600.0,766.0,1.0,32.0,7,102,26253,0,1.0
97,0.0,0.0,1.668,0.0,6.0,6,91.10788447491724,135.3768409743641,pobre,basal,3,625.0,841.0,1.0,44.0,15,102,26254,6,0.0
98,0.0,0.0,1.668,,,6,91.10788447491724,135.3768409743641,pobre,basal,3,625.0,841.0,1.0,44.0,16,102,26254,6,0.0
97,0.0,0.0,1.668,0.0,5.0,6,91.10788447491724,135.3768409743641,pobre,basal,3,625.0,841.0,1.0,44.0,12,102,26255,5,0.0
98,0.0,0.0,1.668,1.0,5.0,6,91.10788447491724,135.3768409743641,pobre,basal,3,625.0,841.0,1.0,44.0,13,102,26255,5,0.0
97,0.0,0.0,1.668,1.0,4.0,6,91.10788447491724,135.3768409743641,pobre,basal,3,625.0,841.0,1.0,44.0,10,102,26256,4,1.0
98,0.0,0.0,1.668,1.0,5.0,6,91.10788447491724,135.3768409743641,pobre,basal,3,625.0,841.0,1.0,44.0,11,102,26256,4,1.0
97,0.0,0.0,1.668,0.0,5.0,2,91.10788447491724,135.3768409743641,pobre,basal,1,500.0,863.0,1.0,49.0,14,102,26257,5,0.0
98,0.0,0.0,1.668,,,2,91.10788447491724,135.3768409743641,pobre,basal,1,500.0,863.0,1.0,49.0,15,102,26257,5,0.0
97,0.0,0.0,1.668,0.0,6.0,4,91.10788447491724,135.3768409743641,pobre,basal,0,500.0,702.0,1.0,42.0,15,102,26258,6,0.0
98,0.0,0.0,1.668,,,4,91.10788447491724,135.3768409743641,pobre,basal,0,500.0,702.0,1.0,42.0,16,102,26258,6,0.0
97,1.0,0.0,1.668,1.0,3.0,4,91.10788447491724,135.3768409743641,pobre,basal,0,500.0,702.0,1.0,42.0,12,102,26259,3,1.0
98,1.0,0.0,1.668,,,4,91.10788447491724,135.3768409743641,pobre,basal,0,500.0,702.0,1.0,42.0,13,102,26259,3,1.0
97,1.0,0.0,1.668,1.0,7.0,4,91.10788447491724,135.3768409743641,no pobre,basal,4,300.0,1004.0,1.0,45.0,13,102,26260,7,1.0
98,1.0,0.0,1.668,1.0,2.0,4,91.10788447491724,135.3768409743641,no pobre,basal,4,300.0,1004.0,1.0,45.0,14,102,26260,7,1.0
97,1.0,0.0,1.668,1.0,5.0,4,91.10788447491724,135.3768409743641,no pobre,basal,4,300.0,1004.0,1.0,45.0,11,102,26261,5,1.0
98,1.0,0.0,1.668,1.0,0.0,4,91.10788447491724,135.3768409743641,no pobre,basal,4,300.0,1004.0,1.0,45.0,12,102,26261,5,1.0
97,1.0,0.0,1.668,1.0,7.0,5,91.10788447491724,135.3768409743641,pobre,basal,6,440.0,713.0,0.0,41.0,14,102,26262,7,1.0
98,1.0,0.0,1.668,1.0,8.0,5,91.10788447491724,135.3768409743641,pobre,basal,6,440.0,713.0,0.0,41.0,15,102,26262,7,1.0
97,1.0,0.0,1.668,1.0,8.0,5,91.10788447491724,135.3768409743641,pobre,basal,6,440.0,713.0,0.0,41.0,12,102,26263,8,1.0
98,1.0,0.0,1.668,1.0,9.0,5,91.10788447491724,135.3768409743641,pobre,basal,6,440.0,713.0,0.0,41.0,13,102,26263,8,1.0
97,0.0,0.0,1.668,1.0,3.0,5,91.10788447491724,135.3768409743641,pobre,basal,6,440.0,713.0,0.0,41.0,6,102,26264,3,1.0
98,0.0,0.0,1.668,1.0,1.0,5,91.10788447491724,135.3768409743641,pobre,basal,6,440.0,713.0,0.0,41.0,7,102,26264,3,1.0
97,1.0,0.0,1.668,1.0,10.0,6,91.10788447491724,135.3768409743641,pobre,basal,9,1600.0,832.0,1.0,41.0,16,102,26265,10,1.0
98,1.0,0.0,1.668,,,6,91.10788447491724,135.3768409743641,pobre,basal,9,1600.0,832.0,1.0,41.0,17,102,26265,10,1.0
97,1.0,0.0,1.668,1.0,1.0,5,91.10788447491724,135.3768409743641,pobre,basal,6,500.0,840.0,1.0,32.0,7,102,26266,1,1.0
98,1.0,0.0,1.668,1.0,2.0,5,91.10788447491724,135.3768409743641,pobre,basal,6,500.0,840.0,1.0,32.0,8,102,26266,1,1.0
97,1.0,0.0,1.668,1.0,5.0,5,91.10788447491724,135.3768409743641,pobre,basal,1,750.0,752.0,1.0,35.0,11,102,26267,5,1.0
98,1.0,0.0,1.668,0.0,6.0,5,91.10788447491724,135.3768409743641,pobre,basal,1,750.0,752.0,1.0,35.0,12,102,26267,5,1.0
97,0.0,0.0,1.668,1.0,2.0,5,91.10788447491724,135.3768409743641,pobre,basal,1,750.0,752.0,1.0,35.0,7,102,26268,2,1.0
98,0.0,0.0,1.668,1.0,3.0,5,91.10788447491724,135.3768409743641,pobre,basal,1,750.0,752.0,1.0,35.0,8,102,26268,2,1.0
97,1.0,0.0,1.668,1.0,0.0,5,91.10788447491724,135.3768409743641,pobre,basal,1,750.0,752.0,1.0,35.0,6,102,26269,0,1.0
98,1.0,0.0,1.668,1.0,1.0,5,91.10788447491724,135.3768409743641,pobre,basal,1,750.0,752.0,1.0,35.0,7,102,26269,0,1.0
97,0.0,0.0,1.668,1.0,1.0,5,91.10788447491724,135.3768409743641,pobre,basal,0,750.0,552.0,1.0,50.0,8,102,26270,1,1.0
98,0.0,0.0,1.668,1.0,3.0,5,91.10788447491724,135.3768409743641,pobre,basal,0,750.0,552.0,1.0,50.0,9,102,26270,1,1.0
97,1.0,0.0,1.668,0.0,6.0,7,91.10788447491724,135.3768409743641,no pobre,basal,2,750.0,859.0,1.0,40.0,13,102,26271,6,0.0
98,1.0,0.0,1.668,0.0,6.0,7,91.10788447491724,135.3768409743641,no pobre,basal,2,750.0,859.0,1.0,40.0,14,102,26271,6,0.0
97,1.0,0.0,1.668,1.0,3.0,7,91.10788447491724,135.3768409743641,no pobre,basal,2,750.0,859.0,1.0,40.0,6,102,26272,3,1.0
98,1.0,0.0,1.668,1.0,1.0,7,91.10788447491724,135.3768409743641,no pobre,basal,2,750.0,859.0,1.0,40.0,7,102,26272,3,1.0
97,0.0,0.0,1.668,1.0,1.0,7,91.10788447491724,135.3768409743641,no pobre,basal,2,750.0,859.0,1.0,40.0,9,102,26273,1,1.0
98,0.0,0.0,1.668,1.0,4.0,7,91.10788447491724,135.3768409743641,no pobre,basal,2,750.0,859.0,1.0,40.0,10,102,26273,1,1.0
97,0.0,0.0,1.668,1.0,4.0,6,91.10788447491724,135.3768409743641,pobre,basal,6,750.0,701.0,1.0,30.0,10,102,26274,4,1.0
98,0.0,0.0,1.668,1.0,5.0,6,91.10788447491724,135.3768409743641,pobre,basal,6,750.0,701.0,1.0,30.0,11,102,26274,4,1.0
97,1.0,0.0,1.668,1.0,2.0,6,91.10788447491724,135.3768409743641,pobre,basal,6,750.0,701.0,1.0,30.0,8,102,26275,2,1.0
98,1.0,0.0,1.668,1.0,3.0,6,91.10788447491724,135.3768409743641,pobre,basal,6,750.0,701.0,1.0,30.0,9,102,26275,2,1.0
97,1.0,0.0,1.668,1.0,10.0,6,91.10788447491724,135.3768409743641,no pobre,basal,6,750.0,810.0,1.0,36.0,15,102,26276,10,1.0
98,1.0,0.0,1.668,1.0,8.0,6,91.10788447491724,135.3768409743641,no pobre,basal,6,750.0,810.0,1.0,36.0,16,102,26276,10,1.0
97,0.0,0.0,1.668,1.0,7.0,6,91.10788447491724,135.3768409743641,no pobre,basal,6,750.0,810.0,1.0,36.0,13,102,26277,7,1.0
98,0.0,0.0,1.668,1.0,8.0,6,91.10788447491724,135.3768409743641,no pobre,basal,6,750.0,810.0,1.0,36.0,14,102,26277,7,1.0
97,0.0,0.0,1.668,1.0,4.0,6,91.10788447491724,135.3768409743641,no pobre,basal,6,750.0,810.0,1.0,36.0,11,102,26278,4,1.0
98,0.0,0.0,1.668,1.0,5.0,6,91.10788447491724,135.3768409743641,no pobre,basal,6,750.0,810.0,1.0,36.0,12,102,26278,4,1.0
97,0.0,0.0,1.668,1.0,3.0,6,91.10788447491724,135.3768409743641,no pobre,basal,6,750.0,810.0,1.0,36.0,6,102,26279,3,1.0
98,0.0,0.0,1.668,1.0,1.0,6,91.10788447491724,135.3768409743641,no pobre,basal,6,750.0,810.0,1.0,36.0,7,102,26279,3,1.0
97,1.0,0.0,1.668,0.0,6.0,7,91.10788447491724,135.3768409743641,pobre,basal,0,750.0,660.5,1.0,61.0,15,102,26280,6,0.0
98,1.0,0.0,1.668,,,7,91.10788447491724,135.3768409743641,pobre,basal,0,750.0,660.5,1.0,61.0,16,102,26280,6,0.0
97,1.0,0.0,1.668,0.0,6.0,7,91.10788447491724,135.3768409743641,pobre,basal,0,750.0,660.5,1.0,61.0,14,102,26281,6,0.0
98,1.0,0.0,1.668,0.0,6.0,7,91.10788447491724,135.3768409743641,pobre,basal,0,750.0,660.5,1.0,61.0,15,102,26281,6,0.0
97,1.0,0.0,1.668,0.0,6.0,7,91.10788447491724,135.3768409743641,pobre,basal,0,750.0,660.5,1.0,61.0,12,102,26282,6,0.0
98,1.0,0.0,1.668,0.0,6.0,7,91.10788447491724,135.3768409743641,pobre,basal,0,750.0,660.5,1.0,61.0,13,102,26282,6,0.0
97,1.0,0.0,1.668,1.0,1.0,4,91.10788447491724,135.3768409743641,pobre,basal,2,750.0,716.0,1.0,40.0,6,102,26283,1,1.0
98,1.0,0.0,1.668,1.0,2.0,4,91.10788447491724,135.3768409743641,pobre,basal,2,750.0,716.0,1.0,40.0,7,102,26283,1,1.0
97,0.0,0.0,1.668,0.0,6.0,7,91.10788447491724,135.3768409743641,pobre,basal,1,625.0,838.0,1.0,54.0,14,102,26284,6,0.0
98,0.0,0.0,1.668,0.0,6.0,7,91.10788447491724,135.3768409743641,pobre,basal,1,625.0,838.0,1.0,54.0,15,102,26284,6,0.0
97,0.0,0.0,1.668,1.0,2.0,7,91.10788447491724,135.3768409743641,pobre,basal,1,625.0,838.0,1.0,54.0,13,102,26285,2,1.0
98,0.0,0.0,1.668,1.0,5.0,7,91.10788447491724,135.3768409743641,pobre,basal,1,625.0,838.0,1.0,54.0,14,102,26285,2,1.0
97,1.0,0.0,1.668,1.0,7.0,5,91.10788447491724,135.3768409743641,pobre,basal,3,1250.0,882.0,1.0,37.0,13,102,26286,7,1.0
98,1.0,0.0,1.668,1.0,8.0,5,91.10788447491724,135.3768409743641,pobre,basal,3,1250.0,882.0,1.0,37.0,14,102,26286,7,1.0
97,1.0,0.0,1.668,1.0,5.0,5,91.10788447491724,135.3768409743641,pobre,basal,3,1250.0,882.0,1.0,37.0,11,102,26287,5,1.0
98,1.0,0.0,1.668,,,5,91.10788447491724,135.3768409743641,pobre,basal,3,1250.0,882.0,1.0,37.0,12,102,26287,5,1.0
97,0.0,0.0,1.668,1.0,1.0,5,91.10788447491724,135.3768409743641,pobre,basal,3,1250.0,882.0,1.0,37.0,7,102,26288,1,1.0
98,0.0,0.0,1.668,1.0,2.0,5,91.10788447491724,135.3768409743641,pobre,basal,3,1250.0,882.0,1.0,37.0,8,102,26288,1,1.0
97,1.0,0.0,1.668,0.0,6.0,8,91.10788447491724,135.3768409743641,pobre,basal,3,0.0,696.20001,1.0,40.0,14,102,26289,6,0.0
98,1.0,0.0,1.668,1.0,6.0,8,91.10788447491724,135.3768409743641,pobre,basal,3,0.0,696.20001,1.0,40.0,15,102,26289,6,0.0
97,0.0,0.0,1.668,1.0,3.0,8,91.10788447491724,135.3768409743641,pobre,basal,3,0.0,696.20001,1.0,40.0,11,102,26290,3,1.0
98,0.0,0.0,1.668,1.0,3.0,8,91.10788447491724,135.3768409743641,pobre,basal,3,0.0,696.20001,1.0,40.0,12,102,26290,3,1.0
97,0.0,0.0,1.668,1.0,2.0,8,91.10788447491724,135.3768409743641,pobre,basal,3,0.0,696.20001,1.0,40.0,8,102,26291,2,1.0
98,0.0,0.0,1.668,1.0,3.0,8,91.10788447491724,135.3768409743641,pobre,basal,3,0.0,696.20001,1.0,40.0,9,102,26291,2,1.0
97,1.0,0.0,1.668,0.0,6.0,5,91.10788447491724,135.3768409743641,pobre,basal,0,0.0,685.0,1.0,60.0,15,102,26292,6,0.0
98,1.0,0.0,1.668,0.0,6.0,5,91.10788447491724,135.3768409743641,pobre,basal,0,0.0,685.0,1.0,60.0,16,102,26292,6,0.0
97,0.0,0.0,1.668,0.0,6.0,7,91.10788447491724,135.3768409743641,pobre,basal,0,625.0,883.5,1.0,72.0,16,102,26293,6,0.0
98,0.0,0.0,1.668,0.0,6.0,7,91.10788447491724,135.3768409743641,pobre,basal,0,625.0,883.5,1.0,72.0,17,102,26293,6,0.0
97,0.0,0.0,1.668,0.0,5.0,5,91.10788447491724,135.3768409743641,pobre,basal,6,750.0,941.5,1.0,35.0,13,102,26294,5,0.0
98,0.0,0.0,1.668,0.0,5.0,5,91.10788447491724,135.3768409743641,pobre,basal,6,750.0,941.5,1.0,35.0,14,102,26294,5,0.0
97,1.0,0.0,1.668,1.0,5.0,5,91.10788447491724,135.3768409743641,pobre,basal,6,750.0,941.5,1.0,35.0,11,102,26295,5,1.0
98,1.0,0.0,1.668,1.0,6.0,5,91.10788447491724,135.3768409743641,pobre,basal,6,750.0,941.5,1.0,35.0,12,102,26295,5,1.0
97,1.0,0.0,1.668,1.0,1.0,5,91.10788447491724,135.3768409743641,pobre,basal,6,750.0,941.5,1.0,35.0,7,102,26296,1,1.0
98,1.0,0.0,1.668,1.0,2.0,5,91.10788447491724,135.3768409743641,pobre,basal,6,750.0,941.5,1.0,35.0,8,102,26296,1,1.0
97,1.0,0.0,1.668,0.0,8.0,5,91.10788447491724,135.3768409743641,pobre,basal,3,1250.0,823.5,1.0,43.0,16,102,26297,8,0.0
98,1.0,0.0,1.668,,,5,91.10788447491724,135.3768409743641,pobre,basal,3,1250.0,823.5,1.0,43.0,17,102,26297,8,0.0
97,0.0,0.0,1.668,0.0,6.0,5,91.10788447491724,135.3768409743641,pobre,basal,3,1250.0,823.5,1.0,43.0,15,102,26298,6,0.0
98,0.0,0.0,1.668,0.0,6.0,5,91.10788447491724,135.3768409743641,pobre,basal,3,1250.0,823.5,1.0,43.0,16,102,26298,6,0.0
97,0.0,0.0,1.668,1.0,5.0,5,91.10788447491724,135.3768409743641,pobre,basal,3,1250.0,823.5,1.0,43.0,12,102,26299,5,1.0
98,0.0,0.0,1.668,0.0,6.0,5,91.10788447491724,135.3768409743641,pobre,basal,3,1250.0,823.5,1.0,43.0,13,102,26299,5,1.0
97,1.0,0.0,1.668,1.0,0.0,9,91.10788447491724,135.3768409743641,pobre,basal,0,0.0,905.0,0.0,66.0,6,102,26300,0,1.0
98,1.0,0.0,1.668,1.0,1.0,9,91.10788447491724,135.3768409743641,pobre,basal,0,0.0,905.0,0.0,66.0,7,102,26300,0,1.0
97,1.0,1.0,0.0,0.0,6.0,7,115.4150665899189,134.5240077679932,no pobre,0,6,83.333336,1148.0,1.0,50.0,14,124,26301,6,0.0
98,1.0,1.0,0.0,,,7,115.4150665899189,134.5240077679932,no pobre,0,6,83.333336,1148.0,1.0,50.0,15,124,26301,6,0.0
97,1.0,1.0,0.0,1.0,5.0,7,115.4150665899189,134.5240077679932,no pobre,0,6,83.333336,1148.0,1.0,50.0,11,124,26302,5,1.0
98,1.0,1.0,0.0,1.0,6.0,7,115.4150665899189,134.5240077679932,no pobre,0,6,83.333336,1148.0,1.0,50.0,12,124,26302,5,1.0
97,1.0,1.0,0.0,0.0,9.0,6,115.4150665899189,134.5240077679932,no pobre,0,6,750.0,1024.0,1.0,39.0,15,124,26303,9,0.0
98,1.0,1.0,0.0,0.0,9.0,6,115.4150665899189,134.5240077679932,no pobre,0,6,750.0,1024.0,1.0,39.0,16,124,26303,9,0.0
97,1.0,1.0,0.0,1.0,7.0,6,115.4150665899189,134.5240077679932,no pobre,0,6,750.0,1024.0,1.0,39.0,12,124,26304,7,1.0
98,1.0,1.0,0.0,1.0,8.0,6,115.4150665899189,134.5240077679932,no pobre,0,6,750.0,1024.0,1.0,39.0,13,124,26304,7,1.0
97,0.0,1.0,0.0,1.0,1.0,6,115.4150665899189,134.5240077679932,no pobre,0,6,750.0,1024.0,1.0,39.0,7,124,26305,1,1.0
98,0.0,1.0,0.0,1.0,2.0,6,115.4150665899189,134.5240077679932,no pobre,0,6,750.0,1024.0,1.0,39.0,8,124,26305,1,1.0
97,1.0,0.0,0.0,0.0,6.0,6,115.4150665899189,134.5240077679932,pobre,0,6,750.0,733.0,1.0,40.0,14,124,26306,6,0.0
98,1.0,0.0,0.0,,,6,115.4150665899189,134.5240077679932,pobre,0,6,750.0,733.0,1.0,40.0,15,124,26306,6,0.0
97,1.0,0.0,0.0,1.0,5.0,6,115.4150665899189,134.5240077679932,pobre,0,6,750.0,733.0,1.0,40.0,13,124,26307,5,1.0
98,1.0,0.0,0.0,,,6,115.4150665899189,134.5240077679932,pobre,0,6,750.0,733.0,1.0,40.0,14,124,26307,5,1.0
97,1.0,0.0,0.0,1.0,3.0,6,115.4150665899189,134.5240077679932,pobre,0,6,750.0,733.0,1.0,40.0,11,124,26308,3,1.0
98,1.0,0.0,0.0,,,6,115.4150665899189,134.5240077679932,pobre,0,6,750.0,733.0,1.0,40.0,12,124,26308,3,1.0
97,1.0,0.0,0.0,1.0,1.0,6,115.4150665899189,134.5240077679932,pobre,0,6,750.0,733.0,1.0,40.0,9,124,26309,1,1.0
98,1.0,0.0,0.0,,,6,115.4150665899189,134.5240077679932,pobre,0,6,750.0,733.0,1.0,40.0,10,124,26309,1,1.0
97,0.0,0.0,0.0,0.0,9.0,7,115.4150665899189,134.5240077679932,no pobre,0,6,1125.0,1064.0,1.0,42.0,16,124,26310,9,0.0
98,0.0,0.0,0.0,,,7,115.4150665899189,134.5240077679932,no pobre,0,6,1125.0,1064.0,1.0,42.0,17,124,26310,9,0.0
97,1.0,0.0,0.0,1.0,6.0,7,115.4150665899189,134.5240077679932,no pobre,0,6,1125.0,1064.0,1.0,42.0,13,124,26311,6,1.0
98,1.0,0.0,0.0,1.0,8.0,7,115.4150665899189,134.5240077679932,no pobre,0,6,1125.0,1064.0,1.0,42.0,14,124,26311,6,1.0
97,0.0,0.0,0.0,1.0,5.0,7,115.4150665899189,134.5240077679932,no pobre,0,6,1125.0,1064.0,1.0,42.0,11,124,26312,5,1.0
98,0.0,0.0,0.0,1.0,6.0,7,115.4150665899189,134.5240077679932,no pobre,0,6,1125.0,1064.0,1.0,42.0,12,124,26312,5,1.0
97,0.0,0.0,0.0,1.0,6.0,5,115.4150665899189,134.5240077679932,pobre,0,1,960.0,828.0,1.0,62.0,12,124,26313,6,1.0
98,0.0,0.0,0.0,1.0,7.0,5,115.4150665899189,134.5240077679932,pobre,0,1,960.0,828.0,1.0,62.0,13,124,26313,6,1.0
97,1.0,0.0,0.0,1.0,1.0,5,115.4150665899189,134.5240077679932,pobre,0,10,0.0,669.0,1.0,29.0,7,124,26314,1,1.0
98,1.0,0.0,0.0,1.0,3.0,5,115.4150665899189,134.5240077679932,pobre,0,10,0.0,669.0,1.0,29.0,8,124,26314,1,1.0
97,0.0,0.0,0.0,0.0,6.0,12,115.4150665899189,134.5240077679932,pobre,0,0,625.0,509.0,1.0,66.0,14,124,26315,6,0.0
98,0.0,0.0,0.0,,,12,115.4150665899189,134.5240077679932,pobre,0,0,625.0,509.0,1.0,66.0,15,124,26315,6,0.0
97,1.0,0.0,0.0,1.0,7.0,12,115.4150665899189,134.5240077679932,pobre,0,0,625.0,509.0,1.0,66.0,12,124,26316,7,1.0
98,1.0,0.0,0.0,1.0,8.0,12,115.4150665899189,134.5240077679932,pobre,0,0,625.0,509.0,1.0,66.0,13,124,26316,7,1.0
97,0.0,0.0,0.0,1.0,6.0,12,115.4150665899189,134.5240077679932,pobre,0,0,625.0,509.0,1.0,66.0,13,124,26317,6,1.0
98,0.0,0.0,0.0,1.0,7.0,12,115.4150665899189,134.5240077679932,pobre,0,0,625.0,509.0,1.0,66.0,14,124,26317,6,1.0
97,0.0,0.0,0.0,1.0,6.0,12,115.4150665899189,134.5240077679932,pobre,0,0,625.0,509.0,1.0,66.0,13,124,26318,6,1.0
98,0.0,0.0,0.0,,,12,115.4150665899189,134.5240077679932,pobre,0,0,625.0,509.0,1.0,66.0,14,124,26318,6,1.0
97,1.0,0.0,0.0,1.0,4.0,12,115.4150665899189,134.5240077679932,pobre,0,0,625.0,509.0,1.0,66.0,12,124,26319,4,1.0
98,1.0,0.0,0.0,,,12,115.4150665899189,134.5240077679932,pobre,0,0,625.0,509.0,1.0,66.0,13,124,26319,4,1.0
97,1.0,0.0,0.0,1.0,5.0,12,115.4150665899189,134.5240077679932,pobre,0,0,625.0,509.0,1.0,66.0,11,124,26320,5,1.0
98,1.0,0.0,0.0,1.0,6.0,12,115.4150665899189,134.5240077679932,pobre,0,0,625.0,509.0,1.0,66.0,12,124,26320,5,1.0
97,0.0,0.0,0.0,1.0,3.0,12,115.4150665899189,134.5240077679932,pobre,0,0,625.0,509.0,1.0,66.0,10,124,26321,3,1.0
98,0.0,0.0,0.0,,,12,115.4150665899189,134.5240077679932,pobre,0,0,625.0,509.0,1.0,66.0,11,124,26321,3,1.0
97,0.0,0.0,0.0,1.0,3.0,12,115.4150665899189,134.5240077679932,pobre,0,0,625.0,509.0,1.0,66.0,9,124,26322,3,1.0
98,0.0,0.0,0.0,1.0,4.0,12,115.4150665899189,134.5240077679932,pobre,0,0,625.0,509.0,1.0,66.0,10,124,26322,3,1.0
97,1.0,1.0,0.0,1.0,4.0,5,115.4150665899189,134.5240077679932,pobre,0,0,625.0,732.33099,1.0,57.0,12,124,26323,4,1.0
98,1.0,1.0,0.0,1.0,5.0,5,115.4150665899189,134.5240077679932,pobre,0,0,625.0,732.33099,1.0,57.0,13,124,26323,4,1.0
97,0.0,0.0,0.0,,0.0,5,115.4150665899189,134.5240077679932,pobre,0,0,625.0,732.33099,1.0,57.0,11,124,26324,0,
98,0.0,0.0,0.0,,,5,115.4150665899189,134.5240077679932,pobre,0,0,625.0,732.33099,1.0,57.0,12,124,26324,0,
97,1.0,1.0,0.0,1.0,5.0,5,115.4150665899189,134.5240077679932,pobre,0,6,625.0,828.5,0.0,37.0,14,124,26325,5,1.0
98,1.0,1.0,0.0,1.0,7.0,5,115.4150665899189,134.5240077679932,pobre,0,6,625.0,828.5,0.0,37.0,15,124,26325,5,1.0
97,1.0,1.0,0.0,1.0,2.0,5,115.4150665899189,134.5240077679932,pobre,0,6,625.0,828.5,0.0,37.0,12,124,26326,2,1.0
98,1.0,1.0,0.0,1.0,4.0,5,115.4150665899189,134.5240077679932,pobre,0,6,625.0,828.5,0.0,37.0,13,124,26326,2,1.0
97,1.0,1.0,0.0,0.0,9.0,8,115.4150665899189,134.5240077679932,pobre,0,1,0.0,646.0,0.0,45.0,16,124,26327,9,0.0
98,1.0,1.0,0.0,,,8,115.4150665899189,134.5240077679932,pobre,0,1,0.0,646.0,0.0,45.0,17,124,26327,9,0.0
97,1.0,1.0,0.0,1.0,5.0,8,115.4150665899189,134.5240077679932,pobre,0,1,0.0,646.0,0.0,45.0,12,124,26328,5,1.0
98,1.0,1.0,0.0,1.0,6.0,8,115.4150665899189,134.5240077679932,pobre,0,1,0.0,646.0,0.0,45.0,13,124,26328,5,1.0
97,0.0,1.0,0.0,1.0,2.0,8,115.4150665899189,134.5240077679932,pobre,0,1,0.0,646.0,0.0,45.0,8,124,26329,2,1.0
98,0.0,1.0,0.0,1.0,3.0,8,115.4150665899189,134.5240077679932,pobre,0,1,0.0,646.0,0.0,45.0,9,124,26329,2,1.0
97,1.0,1.0,0.0,1.0,1.0,8,115.4150665899189,134.5240077679932,pobre,0,1,0.0,646.0,0.0,45.0,7,124,26330,1,1.0
98,1.0,1.0,0.0,1.0,2.0,8,115.4150665899189,134.5240077679932,pobre,0,1,0.0,646.0,0.0,45.0,8,124,26330,1,1.0
97,1.0,1.0,0.0,1.0,0.0,8,115.4150665899189,134.5240077679932,pobre,0,1,0.0,646.0,0.0,45.0,6,124,26331,0,1.0
98,1.0,1.0,0.0,1.0,0.0,8,115.4150665899189,134.5240077679932,pobre,0,1,0.0,646.0,0.0,45.0,7,124,26331,0,1.0
97,1.0,0.0,0.0,1.0,5.0,5,115.4150665899189,134.5240077679932,pobre,0,9,750.0,939.0,1.0,36.0,11,124,26332,5,1.0
98,1.0,0.0,0.0,1.0,6.0,5,115.4150665899189,134.5240077679932,pobre,0,9,750.0,939.0,1.0,36.0,12,124,26332,5,1.0
97,0.0,0.0,0.0,1.0,2.0,10,115.4150665899189,134.5240077679932,pobre,0,6,50.0,550.0,1.0,56.0,8,124,26333,2,1.0
98,0.0,0.0,0.0,1.0,,10,115.4150665899189,134.5240077679932,pobre,0,6,50.0,550.0,1.0,56.0,9,124,26333,2,1.0
97,0.0,0.0,0.0,1.0,0.0,10,115.4150665899189,134.5240077679932,pobre,0,6,50.0,550.0,1.0,56.0,6,124,26334,0,1.0
98,0.0,0.0,0.0,1.0,,10,115.4150665899189,134.5240077679932,pobre,0,6,50.0,550.0,1.0,56.0,7,124,26334,0,1.0
97,1.0,0.0,0.0,1.0,12.0,6,115.4150665899189,134.5240077679932,no pobre,0,12,0.0,1096.0,1.0,59.0,16,124,26335,12,1.0
98,1.0,0.0,0.0,,,6,115.4150665899189,134.5240077679932,no pobre,0,12,0.0,1096.0,1.0,59.0,17,124,26335,12,1.0
97,1.0,1.0,0.0,1.0,8.0,5,115.4150665899189,134.5240077679932,pobre,0,6,0.0,739.0,1.0,75.0,14,124,26336,8,1.0
98,1.0,1.0,0.0,,,5,115.4150665899189,134.5240077679932,pobre,0,6,0.0,739.0,1.0,75.0,15,124,26336,8,1.0
97,1.0,1.0,0.0,0.0,9.0,4,115.4150665899189,134.5240077679932,pobre,0,3,625.0,847.0,1.0,57.0,16,124,26337,9,0.0
98,1.0,1.0,0.0,,,4,115.4150665899189,134.5240077679932,pobre,0,3,625.0,847.0,1.0,57.0,17,124,26337,9,0.0
97,1.0,1.0,0.0,1.0,8.0,4,115.4150665899189,134.5240077679932,pobre,0,3,625.0,847.0,1.0,57.0,13,124,26338,8,1.0
98,1.0,1.0,0.0,1.0,8.0,4,115.4150665899189,134.5240077679932,pobre,0,3,625.0,847.0,1.0,57.0,14,124,26338,8,1.0
97,1.0,1.0,0.0,1.0,6.0,6,115.4150665899189,134.5240077679932,no pobre,0,6,1333.0,935.0,1.0,36.0,12,124,26339,6,1.0
98,1.0,1.0,0.0,1.0,7.0,6,115.4150665899189,134.5240077679932,no pobre,0,6,1333.0,935.0,1.0,36.0,13,124,26339,6,1.0
97,0.0,1.0,0.0,1.0,5.0,6,115.4150665899189,134.5240077679932,no pobre,0,6,1333.0,935.0,1.0,36.0,11,124,26340,5,1.0
98,0.0,1.0,0.0,1.0,6.0,6,115.4150665899189,134.5240077679932,no pobre,0,6,1333.0,935.0,1.0,36.0,12,124,26340,5,1.0
97,0.0,1.0,0.0,1.0,3.0,6,115.4150665899189,134.5240077679932,no pobre,0,6,1333.0,935.0,1.0,36.0,9,124,26341,3,1.0
98,0.0,1.0,0.0,1.0,4.0,6,115.4150665899189,134.5240077679932,no pobre,0,6,1333.0,935.0,1.0,36.0,10,124,26341,3,1.0
97,1.0,1.0,0.0,1.0,3.0,3,115.4150665899189,134.5240077679932,no pobre,0,6,500.0,989.76099,1.0,31.0,9,124,26342,3,1.0
98,1.0,1.0,0.0,1.0,4.0,3,115.4150665899189,134.5240077679932,no pobre,0,6,500.0,989.76099,1.0,31.0,10,124,26342,3,1.0
97,0.0,1.0,0.0,1.0,7.0,8,115.4150665899189,134.5240077679932,pobre,0,0,0.0,764.0,1.0,49.0,14,124,26343,7,1.0
98,0.0,1.0,0.0,1.0,8.0,8,115.4150665899189,134.5240077679932,pobre,0,0,0.0,764.0,1.0,49.0,15,124,26343,7,1.0
97,1.0,1.0,0.0,1.0,8.0,9,115.4150665899189,134.5240077679932,no pobre,0,4,1600.0,914.0,1.0,43.0,15,124,26344,8,1.0
98,1.0,1.0,0.0,,,9,115.4150665899189,134.5240077679932,no pobre,0,4,1600.0,914.0,1.0,43.0,16,124,26344,8,1.0
97,1.0,1.0,0.0,1.0,5.0,9,115.4150665899189,134.5240077679932,no pobre,0,4,1600.0,914.0,1.0,43.0,14,124,26345,5,1.0
98,1.0,1.0,0.0,,,9,115.4150665899189,134.5240077679932,no pobre,0,4,1600.0,914.0,1.0,43.0,15,124,26345,5,1.0
97,0.0,1.0,0.0,1.0,4.0,9,115.4150665899189,134.5240077679932,no pobre,0,4,1600.0,914.0,1.0,43.0,11,124,26346,4,1.0
98,0.0,1.0,0.0,,,9,115.4150665899189,134.5240077679932,no pobre,0,4,1600.0,914.0,1.0,43.0,12,124,26346,4,1.0
97,1.0,1.0,0.0,1.0,3.0,9,115.4150665899189,134.5240077679932,no pobre,0,4,1600.0,914.0,1.0,43.0,9,124,26347,3,1.0
98,1.0,1.0,0.0,,,9,115.4150665899189,134.5240077679932,no pobre,0,4,1600.0,914.0,1.0,43.0,10,124,26347,3,1.0
97,1.0,1.0,0.0,1.0,2.0,9,115.4150665899189,134.5240077679932,no pobre,0,4,1600.0,914.0,1.0,43.0,8,124,26348,2,1.0
98,1.0,1.0,0.0,,,9,115.4150665899189,134.5240077679932,no pobre,0,4,1600.0,914.0,1.0,43.0,9,124,26348,2,1.0
97,0.0,0.0,0.0,0.0,9.0,6,115.4150665899189,134.5240077679932,pobre,0,2,625.0,783.0,1.0,52.0,16,124,26349,9,0.0
98,0.0,0.0,0.0,,,6,115.4150665899189,134.5240077679932,pobre,0,2,625.0,783.0,1.0,52.0,17,124,26349,9,0.0
97,0.0,0.0,0.0,1.0,5.0,6,115.4150665899189,134.5240077679932,pobre,0,2,625.0,783.0,1.0,52.0,12,124,26350,5,1.0
98,0.0,0.0,0.0,1.0,6.0,6,115.4150665899189,134.5240077679932,pobre,0,2,625.0,783.0,1.0,52.0,13,124,26350,5,1.0
97,1.0,0.0,0.0,1.0,2.0,6,115.4150665899189,134.5240077679932,pobre,0,2,625.0,783.0,1.0,52.0,8,124,26351,2,1.0
98,1.0,0.0,0.0,1.0,3.0,6,115.4150665899189,134.5240077679932,pobre,0,2,625.0,783.0,1.0,52.0,9,124,26351,2,1.0
97,1.0,1.0,0.0,1.0,3.0,10,115.4150665899189,134.5240077679932,no pobre,0,6,724.0,960.0,1.0,39.0,9,124,26352,3,1.0
98,1.0,1.0,0.0,1.0,4.0,10,115.4150665899189,134.5240077679932,no pobre,0,6,724.0,960.0,1.0,39.0,10,124,26352,3,1.0
97,0.0,1.0,0.0,1.0,2.0,10,115.4150665899189,134.5240077679932,no pobre,0,6,724.0,960.0,1.0,39.0,8,124,26353,2,1.0
98,0.0,1.0,0.0,1.0,3.0,10,115.4150665899189,134.5240077679932,no pobre,0,6,724.0,960.0,1.0,39.0,9,124,26353,2,1.0
97,1.0,1.0,0.0,1.0,3.0,10,115.4150665899189,134.5240077679932,no pobre,0,6,724.0,960.0,1.0,39.0,6,124,26354,3,1.0
98,1.0,1.0,0.0,1.0,1.0,10,115.4150665899189,134.5240077679932,no pobre,0,6,724.0,960.0,1.0,39.0,7,124,26354,3,1.0
97,0.0,1.0,0.0,1.0,8.0,3,115.4150665899189,134.5240077679932,pobre,0,6,1000.0,792.0,0.0,30.0,14,124,26355,8,1.0
98,0.0,1.0,0.0,,,3,115.4150665899189,134.5240077679932,pobre,0,6,1000.0,792.0,0.0,30.0,15,124,26355,8,1.0
97,1.0,1.0,0.0,1.0,1.0,3,115.4150665899189,134.5240077679932,pobre,0,6,1000.0,792.0,0.0,30.0,8,124,26356,1,1.0
98,1.0,1.0,0.0,,,3,115.4150665899189,134.5240077679932,pobre,0,6,1000.0,792.0,0.0,30.0,9,124,26356,1,1.0
97,1.0,1.0,0.0,1.0,3.0,4,115.4150665899189,134.5240077679932,pobre,0,6,4000.0,805.0,1.0,32.0,9,124,26357,3,1.0
98,1.0,1.0,0.0,1.0,3.0,4,115.4150665899189,134.5240077679932,pobre,0,6,4000.0,805.0,1.0,32.0,10,124,26357,3,1.0
97,0.0,1.0,0.0,0.0,6.0,5,115.4150665899189,134.5240077679932,no pobre,0,6,0.0,896.0,1.0,35.0,15,124,26358,6,0.0
98,0.0,1.0,0.0,0.0,6.0,5,115.4150665899189,134.5240077679932,no pobre,0,6,0.0,896.0,1.0,35.0,16,124,26358,6,0.0
97,0.0,1.0,0.0,1.0,6.0,5,115.4150665899189,134.5240077679932,no pobre,0,6,0.0,896.0,1.0,35.0,11,124,26359,6,1.0
98,0.0,1.0,0.0,1.0,6.0,5,115.4150665899189,134.5240077679932,no pobre,0,6,0.0,896.0,1.0,35.0,12,124,26359,6,1.0
97,0.0,1.0,0.0,1.0,3.0,5,115.4150665899189,134.5240077679932,no pobre,0,6,0.0,896.0,1.0,35.0,9,124,26360,3,1.0
98,0.0,1.0,0.0,1.0,4.0,5,115.4150665899189,134.5240077679932,no pobre,0,6,0.0,896.0,1.0,35.0,10,124,26360,3,1.0
97,0.0,1.0,0.0,1.0,8.0,5,115.4150665899189,134.5240077679932,no pobre,0,6,250.0,968.5,1.0,37.0,14,124,26361,8,1.0
98,0.0,1.0,0.0,1.0,9.0,5,115.4150665899189,134.5240077679932,no pobre,0,6,250.0,968.5,1.0,37.0,15,124,26361,8,1.0
97,0.0,1.0,0.0,1.0,6.0,5,115.4150665899189,134.5240077679932,no pobre,0,6,250.0,968.5,1.0,37.0,12,124,26362,6,1.0
98,0.0,1.0,0.0,1.0,7.0,5,115.4150665899189,134.5240077679932,no pobre,0,6,250.0,968.5,1.0,37.0,13,124,26362,6,1.0
97,0.0,1.0,0.0,1.0,3.0,5,115.4150665899189,134.5240077679932,no pobre,0,6,250.0,968.5,1.0,37.0,9,124,26363,3,1.0
98,0.0,1.0,0.0,1.0,4.0,5,115.4150665899189,134.5240077679932,no pobre,0,6,250.0,968.5,1.0,37.0,10,124,26363,3,1.0
97,0.0,0.0,0.0,1.0,10.0,6,115.4150665899189,134.5240077679932,no pobre,0,6,720.0,974.0,1.0,48.0,16,124,26364,10,1.0
98,0.0,0.0,0.0,,,6,115.4150665899189,134.5240077679932,no pobre,0,6,720.0,974.0,1.0,48.0,17,124,26364,10,1.0
97,0.0,0.0,0.0,1.0,7.0,6,115.4150665899189,134.5240077679932,no pobre,0,6,720.0,974.0,1.0,48.0,13,124,26365,7,1.0
98,0.0,0.0,0.0,,,6,115.4150665899189,134.5240077679932,no pobre,0,6,720.0,974.0,1.0,48.0,14,124,26365,7,1.0
97,1.0,0.0,0.0,1.0,8.0,6,115.4150665899189,134.5240077679932,no pobre,0,6,720.0,974.0,1.0,48.0,12,124,26366,8,1.0
98,1.0,0.0,0.0,,,6,115.4150665899189,134.5240077679932,no pobre,0,6,720.0,974.0,1.0,48.0,13,124,26366,8,1.0
97,1.0,1.0,0.0,1.0,10.0,5,115.4150665899189,134.5240077679932,no pobre,0,3,1000.0,948.0,1.0,48.0,16,124,26367,10,1.0
98,1.0,1.0,0.0,,,5,115.4150665899189,134.5240077679932,no pobre,0,3,1000.0,948.0,1.0,48.0,17,124,26367,10,1.0
97,0.0,1.0,0.0,1.0,8.0,5,115.4150665899189,134.5240077679932,no pobre,0,3,1000.0,948.0,1.0,48.0,14,124,26368,8,1.0
98,0.0,1.0,0.0,,,5,115.4150665899189,134.5240077679932,no pobre,0,3,1000.0,948.0,1.0,48.0,15,124,26368,8,1.0
97,0.0,0.0,0.0,1.0,10.0,5,115.4150665899189,134.5240077679932,pobre,0,3,625.0,844.0,1.0,45.0,16,124,26369,10,1.0
98,0.0,0.0,0.0,,,5,115.4150665899189,134.5240077679932,pobre,0,3,625.0,844.0,1.0,45.0,17,124,26369,10,1.0
97,0.0,0.0,0.0,1.0,7.0,5,115.4150665899189,134.5240077679932,pobre,0,3,625.0,844.0,1.0,45.0,13,124,26370,7,1.0
98,0.0,0.0,0.0,1.0,8.0,5,115.4150665899189,134.5240077679932,pobre,0,3,625.0,844.0,1.0,45.0,14,124,26370,7,1.0
97,1.0,0.0,0.0,1.0,5.0,5,115.4150665899189,134.5240077679932,pobre,0,3,625.0,844.0,1.0,45.0,11,124,26371,5,1.0
98,1.0,0.0,0.0,1.0,6.0,5,115.4150665899189,134.5240077679932,pobre,0,3,625.0,844.0,1.0,45.0,12,124,26371,5,1.0
97,1.0,0.0,0.0,1.0,1.0,5,115.4150665899189,134.5240077679932,pobre,0,6,625.0,706.0,1.0,34.0,7,124,26372,1,1.0
98,1.0,0.0,0.0,1.0,2.0,5,115.4150665899189,134.5240077679932,pobre,0,6,625.0,706.0,1.0,34.0,8,124,26372,1,1.0
97,1.0,1.0,0.0,1.0,8.0,3,115.4150665899189,134.5240077679932,pobre,0,0,0.0,805.0,1.0,77.0,14,124,26373,8,1.0
98,1.0,1.0,0.0,1.0,9.0,3,115.4150665899189,134.5240077679932,pobre,0,0,0.0,805.0,1.0,77.0,15,124,26373,8,1.0
97,0.0,1.0,0.0,1.0,5.0,7,115.4150665899189,134.5240077679932,pobre,0,2,0.0,829.0,1.0,75.0,11,124,26374,5,1.0
98,0.0,1.0,0.0,1.0,6.0,7,115.4150665899189,134.5240077679932,pobre,0,2,0.0,829.0,1.0,75.0,12,124,26374,5,1.0
97,0.0,0.0,0.0,1.0,8.0,6,115.4150665899189,134.5240077679932,pobre,0,2,625.0,772.0,1.0,64.0,15,124,26375,8,1.0
98,0.0,0.0,0.0,1.0,9.0,6,115.4150665899189,134.5240077679932,pobre,0,2,625.0,772.0,1.0,64.0,16,124,26375,8,1.0
97,1.0,1.0,0.0,1.0,1.0,9,115.4150665899189,134.5240077679932,pobre,0,0,0.0,814.0,1.0,66.0,7,124,26376,1,1.0
98,1.0,1.0,0.0,,,9,115.4150665899189,134.5240077679932,pobre,0,0,0.0,814.0,1.0,66.0,8,124,26376,1,1.0
97,1.0,1.0,0.0,1.0,4.0,5,115.4150665899189,134.5240077679932,pobre,0,5,750.0,678.5,1.0,35.0,12,124,26377,4,1.0
98,1.0,1.0,0.0,1.0,5.0,5,115.4150665899189,134.5240077679932,pobre,0,5,750.0,678.5,1.0,35.0,13,124,26377,4,1.0
97,0.0,1.0,0.0,1.0,2.0,5,115.4150665899189,134.5240077679932,pobre,0,5,750.0,678.5,1.0,35.0,8,124,26378,2,1.0
98,0.0,1.0,0.0,1.0,3.0,5,115.4150665899189,134.5240077679932,pobre,0,5,750.0,678.5,1.0,35.0,9,124,26378,2,1.0
97,0.0,1.0,0.0,1.0,1.0,5,115.4150665899189,134.5240077679932,pobre,0,5,750.0,678.5,1.0,35.0,7,124,26379,1,1.0
98,0.0,1.0,0.0,1.0,2.0,5,115.4150665899189,134.5240077679932,pobre,0,5,750.0,678.5,1.0,35.0,8,124,26379,1,1.0
97,1.0,1.0,0.0,1.0,8.0,5,115.4150665899189,134.5240077679932,pobre,0,6,750.0,760.0,1.0,37.0,14,124,26380,8,1.0
98,1.0,1.0,0.0,0.0,9.0,5,115.4150665899189,134.5240077679932,pobre,0,6,750.0,760.0,1.0,37.0,15,124,26380,8,1.0
97,1.0,1.0,0.0,1.0,2.0,5,115.4150665899189,134.5240077679932,pobre,0,6,750.0,760.0,1.0,37.0,10,124,26381,2,1.0
98,1.0,1.0,0.0,1.0,3.0,5,115.4150665899189,134.5240077679932,pobre,0,6,750.0,760.0,1.0,37.0,11,124,26381,2,1.0
97,1.0,1.0,0.0,1.0,0.0,5,115.4150665899189,134.5240077679932,pobre,0,6,750.0,760.0,1.0,37.0,7,124,26382,0,1.0
98,1.0,1.0,0.0,1.0,1.0,5,115.4150665899189,134.5240077679932,pobre,0,6,750.0,760.0,1.0,37.0,8,124,26382,0,1.0
97,1.0,1.0,0.0,1.0,2.0,6,115.4150665899189,134.5240077679932,pobre,0,6,0.0,705.0,1.0,29.0,9,124,26383,2,1.0
98,1.0,1.0,0.0,1.0,3.0,6,115.4150665899189,134.5240077679932,pobre,0,6,0.0,705.0,1.0,29.0,10,124,26383,2,1.0
97,0.0,1.0,0.0,1.0,2.0,5,115.4150665899189,134.5240077679932,pobre,0,9,750.0,728.0,1.0,28.0,8,124,26384,2,1.0
98,0.0,1.0,0.0,1.0,3.0,5,115.4150665899189,134.5240077679932,pobre,0,9,750.0,728.0,1.0,28.0,9,124,26384,2,1.0
97,0.0,1.0,0.0,1.0,1.0,5,115.4150665899189,134.5240077679932,pobre,0,9,750.0,728.0,1.0,28.0,7,124,26385,1,1.0
98,0.0,1.0,0.0,1.0,2.0,5,115.4150665899189,134.5240077679932,pobre,0,9,750.0,728.0,1.0,28.0,8,124,26385,1,1.0
97,0.0,1.0,0.0,1.0,8.0,7,115.4150665899189,134.5240077679932,no pobre,0,9,1500.0,1038.0,1.0,36.0,14,124,26386,8,1.0
98,0.0,1.0,0.0,1.0,9.0,7,115.4150665899189,134.5240077679932,no pobre,0,9,1500.0,1038.0,1.0,36.0,15,124,26386,8,1.0
97,1.0,1.0,0.0,1.0,6.0,7,115.4150665899189,134.5240077679932,no pobre,0,9,1500.0,1038.0,1.0,36.0,12,124,26387,6,1.0
98,1.0,1.0,0.0,1.0,7.0,7,115.4150665899189,134.5240077679932,no pobre,0,9,1500.0,1038.0,1.0,36.0,13,124,26387,6,1.0
97,1.0,1.0,0.0,1.0,3.0,7,115.4150665899189,134.5240077679932,no pobre,0,9,1500.0,1038.0,1.0,36.0,10,124,26388,3,1.0
98,1.0,1.0,0.0,1.0,4.0,7,115.4150665899189,134.5240077679932,no pobre,0,9,1500.0,1038.0,1.0,36.0,11,124,26388,3,1.0
97,1.0,1.0,0.0,1.0,0.0,7,115.4150665899189,134.5240077679932,no pobre,0,9,1500.0,1038.0,1.0,36.0,7,124,26389,0,1.0
98,1.0,1.0,0.0,1.0,1.0,7,115.4150665899189,134.5240077679932,no pobre,0,9,1500.0,1038.0,1.0,36.0,8,124,26389,0,1.0
97,1.0,0.0,0.0,1.0,5.0,5,115.4150665899189,134.5240077679932,pobre,0,9,625.0,699.0,1.0,30.0,11,124,26390,5,1.0
98,1.0,0.0,0.0,1.0,6.0,5,115.4150665899189,134.5240077679932,pobre,0,9,625.0,699.0,1.0,30.0,12,124,26390,5,1.0
97,1.0,0.0,0.0,1.0,4.0,5,115.4150665899189,134.5240077679932,pobre,0,9,625.0,699.0,1.0,30.0,9,124,26391,4,1.0
98,1.0,0.0,0.0,1.0,4.0,5,115.4150665899189,134.5240077679932,pobre,0,9,625.0,699.0,1.0,30.0,10,124,26391,4,1.0
97,0.0,1.0,0.0,1.0,4.0,5,115.4150665899189,134.5240077679932,pobre,0,6,750.0,669.0,1.0,27.0,11,124,26392,4,1.0
98,0.0,1.0,0.0,1.0,6.0,5,115.4150665899189,134.5240077679932,pobre,0,6,750.0,669.0,1.0,27.0,12,124,26392,4,1.0
97,1.0,1.0,0.0,1.0,4.0,8,115.4150665899189,134.5240077679932,pobre,0,6,625.0,549.0,1.0,39.0,14,124,26393,4,1.0
98,1.0,1.0,0.0,1.0,5.0,8,115.4150665899189,134.5240077679932,pobre,0,6,625.0,549.0,1.0,39.0,15,124,26393,4,1.0
97,0.0,1.0,0.0,0.0,6.0,8,115.4150665899189,134.5240077679932,pobre,0,6,625.0,549.0,1.0,39.0,13,124,26394,6,0.0
98,0.0,1.0,0.0,1.0,6.0,8,115.4150665899189,134.5240077679932,pobre,0,6,625.0,549.0,1.0,39.0,14,124,26394,6,0.0
97,0.0,1.0,0.0,1.0,3.0,8,115.4150665899189,134.5240077679932,pobre,0,6,625.0,549.0,1.0,39.0,11,124,26395,3,1.0
98,0.0,1.0,0.0,1.0,4.0,8,115.4150665899189,134.5240077679932,pobre,0,6,625.0,549.0,1.0,39.0,12,124,26395,3,1.0
97,0.0,1.0,0.0,1.0,2.0,8,115.4150665899189,134.5240077679932,pobre,0,6,625.0,549.0,1.0,39.0,9,124,26396,2,1.0
98,0.0,1.0,0.0,1.0,1.0,8,115.4150665899189,134.5240077679932,pobre,0,6,625.0,549.0,1.0,39.0,10,124,26396,2,1.0
97,0.0,1.0,0.0,1.0,0.0,8,115.4150665899189,134.5240077679932,pobre,0,6,625.0,549.0,1.0,39.0,6,124,26397,0,1.0
98,0.0,1.0,0.0,1.0,1.0,8,115.4150665899189,134.5240077679932,pobre,0,6,625.0,549.0,1.0,39.0,7,124,26397,0,1.0
97,1.0,0.0,0.0,1.0,9.0,5,115.4150665899189,134.5240077679932,no pobre,0,0,0.0,978.5,0.0,55.0,15,124,26398,9,1.0
98,1.0,0.0,0.0,1.0,9.0,5,115.4150665899189,134.5240077679932,no pobre,0,0,0.0,978.5,0.0,55.0,16,124,26398,9,1.0
97,1.0,0.0,0.0,1.0,4.0,5,115.4150665899189,134.5240077679932,no pobre,0,0,0.0,978.5,0.0,55.0,10,124,26399,4,1.0
98,1.0,0.0,0.0,1.0,5.0,5,115.4150665899189,134.5240077679932,no pobre,0,0,0.0,978.5,0.0,55.0,11,124,26399,4,1.0
97,1.0,0.0,0.0,1.0,7.0,5,115.4150665899189,134.5240077679932,pobre,0,5,625.0,732.0,1.0,37.0,14,124,26400,7,1.0
98,1.0,0.0,0.0,1.0,8.0,5,115.4150665899189,134.5240077679932,pobre,0,5,625.0,732.0,1.0,37.0,15,124,26400,7,1.0
97,0.0,0.0,0.0,1.0,6.0,5,115.4150665899189,134.5240077679932,pobre,0,5,625.0,732.0,1.0,37.0,12,124,26401,6,1.0
98,0.0,0.0,0.0,1.0,7.0,5,115.4150665899189,134.5240077679932,pobre,0,5,625.0,732.0,1.0,37.0,13,124,26401,6,1.0
97,1.0,0.0,0.0,1.0,4.0,5,115.4150665899189,134.5240077679932,pobre,0,5,625.0,732.0,1.0,37.0,10,124,26402,4,1.0
98,1.0,0.0,0.0,1.0,4.0,5,115.4150665899189,134.5240077679932,pobre,0,5,625.0,732.0,1.0,37.0,11,124,26402,4,1.0
97,0.0,1.0,1.698,1.0,4.0,6,116.8289978972795,135.3956517886392,pobre,0,9,3750.0,836.0,1.0,31.0,9,63,26403,4,1.0
98,0.0,1.0,1.698,1.0,5.0,6,116.8289978972795,135.3956517886392,pobre,0,9,3750.0,836.0,1.0,31.0,10,63,26403,4,1.0
97,1.0,1.0,1.698,1.0,1.0,6,116.8289978972795,135.3956517886392,pobre,0,2,1600.0,922.0,1.0,25.0,7,63,26404,1,1.0
98,1.0,1.0,1.698,1.0,2.0,6,116.8289978972795,135.3956517886392,pobre,0,2,1600.0,922.0,1.0,25.0,8,63,26404,1,1.0
97,0.0,1.0,1.698,1.0,4.0,8,116.8289978972795,135.3956517886392,pobre,0,4,3000.0,743.0,1.0,48.0,11,63,26405,4,1.0
98,0.0,1.0,1.698,1.0,5.0,8,116.8289978972795,135.3956517886392,pobre,0,4,3000.0,743.0,1.0,48.0,12,63,26405,4,1.0
97,0.0,1.0,1.698,1.0,3.0,8,116.8289978972795,135.3956517886392,pobre,0,4,3000.0,743.0,1.0,48.0,10,63,26406,3,1.0
98,0.0,1.0,1.698,1.0,4.0,8,116.8289978972795,135.3956517886392,pobre,0,4,3000.0,743.0,1.0,48.0,11,63,26406,3,1.0
97,1.0,1.0,1.698,1.0,1.0,8,116.8289978972795,135.3956517886392,pobre,0,4,3000.0,743.0,1.0,48.0,7,63,26407,1,1.0
98,1.0,1.0,1.698,1.0,0.0,8,116.8289978972795,135.3956517886392,pobre,0,4,3000.0,743.0,1.0,48.0,8,63,26407,1,1.0
97,1.0,1.0,1.698,1.0,5.0,7,116.8289978972795,135.3956517886392,pobre,0,0,600.0,608.0,1.0,47.0,11,63,26408,5,1.0
98,1.0,1.0,1.698,1.0,6.0,7,116.8289978972795,135.3956517886392,pobre,0,0,600.0,608.0,1.0,47.0,12,63,26408,5,1.0
97,0.0,1.0,1.698,1.0,0.0,7,116.8289978972795,135.3956517886392,pobre,0,0,600.0,608.0,1.0,47.0,6,63,26409,0,1.0
98,0.0,1.0,1.698,1.0,1.0,7,116.8289978972795,135.3956517886392,pobre,0,0,600.0,608.0,1.0,47.0,7,63,26409,0,1.0
97,0.0,0.0,1.698,1.0,2.0,6,116.8289978972795,135.3956517886392,no pobre,0,6,250.0,888.0,1.0,30.0,8,63,26410,2,1.0
98,0.0,0.0,1.698,1.0,3.0,6,116.8289978972795,135.3956517886392,no pobre,0,6,250.0,888.0,1.0,30.0,9,63,26410,2,1.0
97,1.0,0.0,1.698,1.0,1.0,6,116.8289978972795,135.3956517886392,no pobre,0,6,250.0,888.0,1.0,30.0,6,63,26411,1,1.0
98,1.0,0.0,1.698,1.0,2.0,6,116.8289978972795,135.3956517886392,no pobre,0,6,250.0,888.0,1.0,30.0,7,63,26411,1,1.0
97,0.0,1.0,1.698,0.0,6.0,3,116.8289978972795,135.3956517886392,pobre,0,8,500.0,777.0,1.0,23.0,16,63,26412,6,0.0
98,0.0,1.0,1.698,,,3,116.8289978972795,135.3956517886392,pobre,0,8,500.0,777.0,1.0,23.0,17,63,26412,6,0.0
97,0.0,1.0,1.698,1.0,3.0,4,116.8289978972795,135.3956517886392,no pobre,0,3,625.0,1078.0,1.0,40.0,8,63,26413,3,1.0
98,0.0,1.0,1.698,1.0,4.0,4,116.8289978972795,135.3956517886392,no pobre,0,3,625.0,1078.0,1.0,40.0,9,63,26413,3,1.0
97,0.0,1.0,1.698,0.0,6.0,7,116.8289978972795,135.3956517886392,pobre,0,2,750.0,712.0,1.0,37.0,13,63,26414,6,0.0
98,0.0,1.0,1.698,0.0,6.0,7,116.8289978972795,135.3956517886392,pobre,0,2,750.0,712.0,1.0,37.0,14,63,26414,6,0.0
97,1.0,1.0,1.698,1.0,4.0,7,116.8289978972795,135.3956517886392,pobre,0,2,750.0,712.0,1.0,37.0,11,63,26415,4,1.0
98,1.0,1.0,1.698,1.0,5.0,7,116.8289978972795,135.3956517886392,pobre,0,2,750.0,712.0,1.0,37.0,12,63,26415,4,1.0
97,0.0,1.0,1.698,1.0,3.0,7,116.8289978972795,135.3956517886392,pobre,0,2,750.0,712.0,1.0,37.0,8,63,26416,3,1.0
98,0.0,1.0,1.698,1.0,4.0,7,116.8289978972795,135.3956517886392,pobre,0,2,750.0,712.0,1.0,37.0,9,63,26416,3,1.0
97,0.0,1.0,1.698,1.0,2.0,7,116.8289978972795,135.3956517886392,pobre,0,2,750.0,712.0,1.0,37.0,6,63,26417,2,1.0
98,0.0,1.0,1.698,1.0,2.0,7,116.8289978972795,135.3956517886392,pobre,0,2,750.0,712.0,1.0,37.0,7,63,26417,2,1.0
97,0.0,1.0,1.698,0.0,9.0,11,116.8289978972795,135.3956517886392,pobre,0,3,875.0,821.0,1.0,40.0,16,63,26418,9,0.0
98,0.0,1.0,1.698,,,11,116.8289978972795,135.3956517886392,pobre,0,3,875.0,821.0,1.0,40.0,17,63,26418,9,0.0
97,1.0,1.0,1.698,1.0,7.0,11,116.8289978972795,135.3956517886392,pobre,0,3,875.0,821.0,1.0,40.0,13,63,26419,7,1.0
98,1.0,1.0,1.698,1.0,8.0,11,116.8289978972795,135.3956517886392,pobre,0,3,875.0,821.0,1.0,40.0,14,63,26419,7,1.0
97,1.0,1.0,1.698,1.0,5.0,11,116.8289978972795,135.3956517886392,pobre,0,3,875.0,821.0,1.0,40.0,11,63,26420,5,1.0
98,1.0,1.0,1.698,1.0,6.0,11,116.8289978972795,135.3956517886392,pobre,0,3,875.0,821.0,1.0,40.0,12,63,26420,5,1.0
97,1.0,1.0,1.698,1.0,1.0,11,116.8289978972795,135.3956517886392,pobre,0,3,875.0,821.0,1.0,40.0,8,63,26421,1,1.0
98,1.0,1.0,1.698,,,11,116.8289978972795,135.3956517886392,pobre,0,3,875.0,821.0,1.0,40.0,9,63,26421,1,1.0
97,1.0,1.0,1.698,0.0,6.0,9,116.8289978972795,135.3956517886392,pobre,0,2,500.0,554.0,1.0,41.0,12,63,26422,6,0.0
98,1.0,1.0,1.698,0.0,6.0,9,116.8289978972795,135.3956517886392,pobre,0,2,500.0,554.0,1.0,41.0,13,63,26422,6,0.0
97,1.0,1.0,1.698,0.0,4.0,9,116.8289978972795,135.3956517886392,pobre,0,2,500.0,554.0,1.0,41.0,10,63,26423,4,0.0
98,1.0,1.0,1.698,1.0,5.0,9,116.8289978972795,135.3956517886392,pobre,0,2,500.0,554.0,1.0,41.0,11,63,26423,4,0.0
97,0.0,1.0,1.698,1.0,2.0,9,116.8289978972795,135.3956517886392,pobre,0,2,500.0,554.0,1.0,41.0,8,63,26424,2,1.0
98,0.0,1.0,1.698,1.0,3.0,9,116.8289978972795,135.3956517886392,pobre,0,2,500.0,554.0,1.0,41.0,9,63,26424,2,1.0
97,1.0,1.0,1.698,1.0,0.0,9,116.8289978972795,135.3956517886392,pobre,0,2,500.0,554.0,1.0,41.0,6,63,26425,0,1.0
98,1.0,1.0,1.698,1.0,1.0,9,116.8289978972795,135.3956517886392,pobre,0,2,500.0,554.0,1.0,41.0,7,63,26425,0,1.0
97,1.0,1.0,1.698,1.0,3.0,5,116.8289978972795,135.3956517886392,no pobre,0,12,3000.0,987.0,1.0,40.0,9,63,26426,3,1.0
98,1.0,1.0,1.698,1.0,4.0,5,116.8289978972795,135.3956517886392,no pobre,0,12,3000.0,987.0,1.0,40.0,10,63,26426,3,1.0
97,1.0,1.0,1.698,1.0,0.0,5,116.8289978972795,135.3956517886392,no pobre,0,12,3000.0,987.0,1.0,40.0,6,63,26427,0,1.0
98,1.0,1.0,1.698,1.0,1.0,5,116.8289978972795,135.3956517886392,no pobre,0,12,3000.0,987.0,1.0,40.0,7,63,26427,0,1.0
97,1.0,1.0,1.698,1.0,4.0,6,116.8289978972795,135.3956517886392,pobre,0,6,500.0,636.0,1.0,29.0,10,63,26428,4,1.0
98,1.0,1.0,1.698,1.0,5.0,6,116.8289978972795,135.3956517886392,pobre,0,6,500.0,636.0,1.0,29.0,11,63,26428,4,1.0
97,0.0,1.0,1.698,1.0,0.0,6,116.8289978972795,135.3956517886392,pobre,0,6,500.0,636.0,1.0,29.0,6,63,26429,0,1.0
98,0.0,1.0,1.698,1.0,1.0,6,116.8289978972795,135.3956517886392,pobre,0,6,500.0,636.0,1.0,29.0,7,63,26429,0,1.0
97,1.0,1.0,1.698,1.0,6.0,6,116.8289978972795,135.3956517886392,pobre,0,1,750.0,695.0,1.0,38.0,13,63,26430,6,1.0
98,1.0,1.0,1.698,0.0,6.0,6,116.8289978972795,135.3956517886392,pobre,0,1,750.0,695.0,1.0,38.0,14,63,26430,6,1.0
97,1.0,0.0,1.698,1.0,3.0,6,116.8289978972795,135.3956517886392,pobre,0,1,750.0,695.0,1.0,38.0,11,63,26431,3,1.0
98,1.0,0.0,1.698,1.0,4.0,6,116.8289978972795,135.3956517886392,pobre,0,1,750.0,695.0,1.0,38.0,12,63,26431,3,1.0
97,1.0,0.0,1.698,1.0,1.0,6,116.8289978972795,135.3956517886392,pobre,0,1,750.0,695.0,1.0,38.0,7,63,26432,1,1.0
98,1.0,0.0,1.698,1.0,2.0,6,116.8289978972795,135.3956517886392,pobre,0,1,750.0,695.0,1.0,38.0,8,63,26432,1,1.0
97,0.0,1.0,1.698,0.0,6.0,9,116.8289978972795,135.3956517886392,pobre,0,3,625.0,832.75,1.0,47.0,15,63,26433,6,0.0
98,0.0,1.0,1.698,0.0,6.0,9,116.8289978972795,135.3956517886392,pobre,0,3,625.0,832.75,1.0,47.0,16,63,26433,6,0.0
97,0.0,1.0,1.698,1.0,5.0,9,116.8289978972795,135.3956517886392,pobre,0,3,625.0,832.75,1.0,47.0,12,63,26434,5,1.0
98,0.0,1.0,1.698,1.0,6.0,9,116.8289978972795,135.3956517886392,pobre,0,3,625.0,832.75,1.0,47.0,13,63,26434,5,1.0
97,0.0,1.0,1.698,1.0,3.0,9,116.8289978972795,135.3956517886392,pobre,0,3,625.0,832.75,1.0,47.0,10,63,26435,3,1.0
98,0.0,1.0,1.698,1.0,4.0,9,116.8289978972795,135.3956517886392,pobre,0,3,625.0,832.75,1.0,47.0,11,63,26435,3,1.0
97,1.0,0.0,1.698,1.0,0.0,4,116.8289978972795,135.3956517886392,pobre,0,3,625.0,775.0,1.0,30.0,6,63,26436,0,1.0
98,1.0,0.0,1.698,,,4,116.8289978972795,135.3956517886392,pobre,0,3,625.0,775.0,1.0,30.0,7,63,26436,0,1.0
97,0.0,1.0,1.698,1.0,7.0,6,116.8289978972795,135.3956517886392,pobre,0,6,625.0,687.0,1.0,34.0,13,63,26437,7,1.0
98,0.0,1.0,1.698,1.0,8.0,6,116.8289978972795,135.3956517886392,pobre,0,6,625.0,687.0,1.0,34.0,14,63,26437,7,1.0
97,1.0,1.0,1.698,1.0,7.0,6,116.8289978972795,135.3956517886392,pobre,0,6,625.0,687.0,1.0,34.0,13,63,26438,7,1.0
98,1.0,1.0,1.698,1.0,8.0,6,116.8289978972795,135.3956517886392,pobre,0,6,625.0,687.0,1.0,34.0,14,63,26438,7,1.0
97,0.0,1.0,1.698,1.0,4.0,6,116.8289978972795,135.3956517886392,pobre,0,6,625.0,687.0,1.0,34.0,11,63,26439,4,1.0
98,0.0,1.0,1.698,1.0,5.0,6,116.8289978972795,135.3956517886392,pobre,0,6,625.0,687.0,1.0,34.0,12,63,26439,4,1.0
97,0.0,1.0,1.698,1.0,3.0,6,116.8289978972795,135.3956517886392,pobre,0,6,625.0,687.0,1.0,34.0,9,63,26440,3,1.0
98,0.0,1.0,1.698,1.0,4.0,6,116.8289978972795,135.3956517886392,pobre,0,6,625.0,687.0,1.0,34.0,10,63,26440,3,1.0
97,1.0,1.0,1.698,1.0,0.0,5,116.8289978972795,135.3956517886392,no pobre,0,2,750.0,928.0,1.0,26.0,6,63,26441,0,1.0
98,1.0,1.0,1.698,1.0,1.0,5,116.8289978972795,135.3956517886392,no pobre,0,2,750.0,928.0,1.0,26.0,7,63,26441,0,1.0
97,1.0,1.0,1.698,1.0,5.0,5,116.8289978972795,135.3956517886392,pobre,0,2,500.0,688.0,1.0,49.0,14,63,26442,5,1.0
98,1.0,1.0,1.698,0.0,6.0,5,116.8289978972795,135.3956517886392,pobre,0,2,500.0,688.0,1.0,49.0,15,63,26442,5,1.0
97,0.0,1.0,1.698,1.0,3.0,5,116.8289978972795,135.3956517886392,pobre,0,2,500.0,688.0,1.0,49.0,11,63,26443,3,1.0
98,0.0,1.0,1.698,1.0,4.0,5,116.8289978972795,135.3956517886392,pobre,0,2,500.0,688.0,1.0,49.0,12,63,26443,3,1.0
97,1.0,1.0,1.698,1.0,2.0,5,116.8289978972795,135.3956517886392,pobre,0,2,500.0,688.0,1.0,49.0,9,63,26444,2,1.0
98,1.0,1.0,1.698,1.0,3.0,5,116.8289978972795,135.3956517886392,pobre,0,2,500.0,688.0,1.0,49.0,10,63,26444,2,1.0
97,1.0,1.0,1.698,1.0,4.0,4,116.8289978972795,135.3956517886392,pobre,0,0,0.0,764.0,0.0,51.0,15,63,26445,4,1.0
98,1.0,1.0,1.698,0.0,4.0,4,116.8289978972795,135.3956517886392,pobre,0,0,0.0,764.0,0.0,51.0,16,63,26445,4,1.0
97,1.0,1.0,1.698,1.0,4.0,4,116.8289978972795,135.3956517886392,pobre,0,0,0.0,764.0,0.0,51.0,16,63,26446,4,1.0
98,1.0,1.0,1.698,,,4,116.8289978972795,135.3956517886392,pobre,0,0,0.0,764.0,0.0,51.0,17,63,26446,4,1.0
97,0.0,0.0,1.698,1.0,8.0,5,116.8289978972795,135.3956517886392,no pobre,0,2,625.0,1124.0,1.0,62.0,13,63,26447,8,1.0
98,0.0,0.0,1.698,1.0,9.0,5,116.8289978972795,135.3956517886392,no pobre,0,2,625.0,1124.0,1.0,62.0,14,63,26447,8,1.0
97,0.0,1.0,1.698,0.0,6.0,7,116.8289978972795,135.3956517886392,no pobre,0,6,1000.0,873.0,1.0,32.0,14,63,26448,6,0.0
98,0.0,1.0,1.698,0.0,6.0,7,116.8289978972795,135.3956517886392,no pobre,0,6,1000.0,873.0,1.0,32.0,15,63,26448,6,0.0
97,0.0,0.0,1.698,1.0,5.0,7,116.8289978972795,135.3956517886392,no pobre,0,6,1000.0,873.0,1.0,32.0,11,63,26449,5,1.0
98,0.0,0.0,1.698,0.0,5.0,7,116.8289978972795,135.3956517886392,no pobre,0,6,1000.0,873.0,1.0,32.0,12,63,26449,5,1.0
97,1.0,0.0,1.698,1.0,2.0,7,116.8289978972795,135.3956517886392,no pobre,0,6,1000.0,873.0,1.0,32.0,9,63,26450,2,1.0
98,1.0,0.0,1.698,1.0,3.0,7,116.8289978972795,135.3956517886392,no pobre,0,6,1000.0,873.0,1.0,32.0,10,63,26450,2,1.0
97,0.0,0.0,1.698,1.0,1.0,7,116.8289978972795,135.3956517886392,no pobre,0,6,1000.0,873.0,1.0,32.0,7,63,26451,1,1.0
98,0.0,0.0,1.698,1.0,2.0,7,116.8289978972795,135.3956517886392,no pobre,0,6,1000.0,873.0,1.0,32.0,8,63,26451,1,1.0
97,1.0,1.0,1.698,1.0,6.0,7,116.8289978972795,135.3956517886392,pobre,0,3,625.0,693.33099,1.0,51.0,13,63,26452,6,1.0
98,1.0,1.0,1.698,0.0,6.0,7,116.8289978972795,135.3956517886392,pobre,0,3,625.0,693.33099,1.0,51.0,14,63,26452,6,1.0
97,0.0,1.0,1.698,1.0,6.0,7,116.8289978972795,135.3956517886392,pobre,0,3,625.0,693.33099,1.0,51.0,12,63,26453,6,1.0
98,0.0,1.0,1.698,1.0,7.0,7,116.8289978972795,135.3956517886392,pobre,0,3,625.0,693.33099,1.0,51.0,13,63,26453,6,1.0
97,0.0,1.0,1.698,1.0,2.0,7,116.8289978972795,135.3956517886392,pobre,0,3,625.0,693.33099,1.0,51.0,8,63,26454,2,1.0
98,0.0,1.0,1.698,1.0,4.0,7,116.8289978972795,135.3956517886392,pobre,0,3,625.0,693.33099,1.0,51.0,9,63,26454,2,1.0
97,1.0,0.0,1.698,,0.0,7,116.8289978972795,135.3956517886392,pobre,0,3,625.0,693.33099,1.0,51.0,6,63,26455,0,
98,1.0,0.0,1.698,1.0,0.0,7,116.8289978972795,135.3956517886392,pobre,0,3,625.0,693.33099,1.0,51.0,7,63,26455,0,
97,1.0,0.0,3.5969999,1.0,10.0,7,112.5923689798327,138.9453934294877,no pobre,basal,2,750.0,1010.5,1.0,48.0,16,128,26456,10,1.0
98,1.0,0.0,3.5969999,1.0,10.0,7,112.5923689798327,138.9453934294877,no pobre,basal,2,750.0,1010.5,1.0,48.0,17,128,26456,10,1.0
97,1.0,0.0,3.5969999,1.0,6.0,7,112.5923689798327,138.9453934294877,no pobre,basal,2,750.0,1010.5,1.0,48.0,12,128,26457,6,1.0
98,1.0,0.0,3.5969999,1.0,7.0,7,112.5923689798327,138.9453934294877,no pobre,basal,2,750.0,1010.5,1.0,48.0,13,128,26457,6,1.0
97,0.0,0.0,3.5969999,1.0,7.0,6,112.5923689798327,138.9453934294877,pobre,basal,4,300.0,961.0,1.0,44.0,15,128,26458,7,1.0
98,0.0,0.0,3.5969999,1.0,8.0,6,112.5923689798327,138.9453934294877,pobre,basal,4,300.0,961.0,1.0,44.0,16,128,26458,7,1.0
97,0.0,0.0,3.5969999,1.0,2.0,6,112.5923689798327,138.9453934294877,pobre,basal,4,300.0,961.0,1.0,44.0,8,128,26459,2,1.0
98,0.0,0.0,3.5969999,1.0,3.0,6,112.5923689798327,138.9453934294877,pobre,basal,4,300.0,961.0,1.0,44.0,9,128,26459,2,1.0
97,0.0,0.0,3.5969999,1.0,5.0,6,112.5923689798327,138.9453934294877,pobre,basal,4,3750.0,770.0,1.0,31.0,11,128,26460,5,1.0
98,0.0,0.0,3.5969999,,,6,112.5923689798327,138.9453934294877,pobre,basal,4,3750.0,770.0,1.0,31.0,12,128,26460,5,1.0
97,0.0,0.0,3.5969999,1.0,1.0,6,112.5923689798327,138.9453934294877,pobre,basal,4,3750.0,770.0,1.0,31.0,7,128,26461,1,1.0
98,0.0,0.0,3.5969999,,,6,112.5923689798327,138.9453934294877,pobre,basal,4,3750.0,770.0,1.0,31.0,8,128,26461,1,1.0
97,1.0,0.0,3.5969999,1.0,0.0,6,112.5923689798327,138.9453934294877,pobre,basal,4,3750.0,770.0,1.0,31.0,6,128,26462,0,1.0
98,1.0,0.0,3.5969999,,,6,112.5923689798327,138.9453934294877,pobre,basal,4,3750.0,770.0,1.0,31.0,7,128,26462,0,1.0
97,1.0,0.0,3.5969999,1.0,7.0,7,112.5923689798327,138.9453934294877,no pobre,basal,6,700.0,1115.5,1.0,42.0,13,128,26463,7,1.0
98,1.0,0.0,3.5969999,1.0,8.0,7,112.5923689798327,138.9453934294877,no pobre,basal,6,700.0,1115.5,1.0,42.0,14,128,26463,7,1.0
97,1.0,0.0,3.5969999,1.0,6.0,7,112.5923689798327,138.9453934294877,no pobre,basal,6,700.0,1115.5,1.0,42.0,12,128,26464,6,1.0
98,1.0,0.0,3.5969999,1.0,7.0,7,112.5923689798327,138.9453934294877,no pobre,basal,6,700.0,1115.5,1.0,42.0,13,128,26464,6,1.0
97,1.0,0.0,3.5969999,0.0,6.0,5,112.5923689798327,138.9453934294877,pobre,basal,3,0.0,677.0,1.0,56.0,13,128,26465,6,0.0
98,1.0,0.0,3.5969999,0.0,6.0,5,112.5923689798327,138.9453934294877,pobre,basal,3,0.0,677.0,1.0,56.0,14,128,26465,6,0.0
97,0.0,0.0,3.5969999,1.0,4.0,5,112.5923689798327,138.9453934294877,pobre,basal,3,0.0,677.0,1.0,56.0,10,128,26466,4,1.0
98,0.0,0.0,3.5969999,1.0,5.0,5,112.5923689798327,138.9453934294877,pobre,basal,3,0.0,677.0,1.0,56.0,11,128,26466,4,1.0
97,0.0,0.0,3.5969999,0.0,6.0,7,112.5923689798327,138.9453934294877,pobre,basal,1,750.0,874.5,1.0,49.0,16,128,26467,6,0.0
98,0.0,0.0,3.5969999,,,7,112.5923689798327,138.9453934294877,pobre,basal,1,750.0,874.5,1.0,49.0,17,128,26467,6,0.0
97,0.0,0.0,3.5969999,0.0,8.0,7,112.5923689798327,138.9453934294877,pobre,basal,1,750.0,874.5,1.0,49.0,14,128,26468,8,0.0
98,0.0,0.0,3.5969999,1.0,8.0,7,112.5923689798327,138.9453934294877,pobre,basal,1,750.0,874.5,1.0,49.0,15,128,26468,8,0.0
97,0.0,0.0,3.5969999,0.0,6.0,7,112.5923689798327,138.9453934294877,pobre,basal,1,750.0,874.5,1.0,49.0,13,128,26469,6,0.0
98,0.0,0.0,3.5969999,1.0,6.0,7,112.5923689798327,138.9453934294877,pobre,basal,1,750.0,874.5,1.0,49.0,14,128,26469,6,0.0
97,1.0,0.0,3.5969999,1.0,4.0,7,112.5923689798327,138.9453934294877,pobre,basal,1,750.0,874.5,1.0,49.0,10,128,26470,4,1.0
98,1.0,0.0,3.5969999,1.0,5.0,7,112.5923689798327,138.9453934294877,pobre,basal,1,750.0,874.5,1.0,49.0,11,128,26470,4,1.0
97,1.0,1.0,3.5969999,1.0,7.0,8,112.5923689798327,138.9453934294877,pobre,basal,0,0.0,876.0,0.0,58.0,14,128,26471,7,1.0
98,1.0,1.0,3.5969999,1.0,8.0,8,112.5923689798327,138.9453934294877,pobre,basal,0,0.0,876.0,0.0,58.0,15,128,26471,7,1.0
97,0.0,1.0,3.5969999,0.0,6.0,8,112.5923689798327,138.9453934294877,pobre,basal,0,0.0,876.0,0.0,58.0,16,128,26472,6,0.0
98,0.0,1.0,3.5969999,,,8,112.5923689798327,138.9453934294877,pobre,basal,0,0.0,876.0,0.0,58.0,17,128,26472,6,0.0
97,0.0,1.0,3.5969999,1.0,3.0,8,112.5923689798327,138.9453934294877,pobre,basal,0,0.0,876.0,0.0,58.0,12,128,26473,3,1.0
98,0.0,1.0,3.5969999,1.0,7.0,8,112.5923689798327,138.9453934294877,pobre,basal,0,0.0,876.0,0.0,58.0,13,128,26473,3,1.0
97,0.0,0.0,3.5969999,1.0,2.0,4,112.5923689798327,138.9453934294877,pobre,basal,9,625.0,902.0,1.0,33.0,8,128,26474,2,1.0
98,0.0,0.0,3.5969999,1.0,3.0,4,112.5923689798327,138.9453934294877,pobre,basal,9,625.0,902.0,1.0,33.0,9,128,26474,2,1.0
97,1.0,1.0,3.5969999,1.0,6.0,6,112.5923689798327,138.9453934294877,pobre,basal,6,750.0,672.0,1.0,37.0,13,128,26475,6,1.0
98,1.0,1.0,3.5969999,1.0,7.0,6,112.5923689798327,138.9453934294877,pobre,basal,6,750.0,672.0,1.0,37.0,14,128,26475,6,1.0
97,0.0,1.0,3.5969999,1.0,4.0,6,112.5923689798327,138.9453934294877,pobre,basal,6,750.0,672.0,1.0,37.0,11,128,26476,4,1.0
98,0.0,1.0,3.5969999,1.0,5.0,6,112.5923689798327,138.9453934294877,pobre,basal,6,750.0,672.0,1.0,37.0,12,128,26476,4,1.0
97,0.0,1.0,3.5969999,1.0,2.0,6,112.5923689798327,138.9453934294877,pobre,basal,6,750.0,672.0,1.0,37.0,9,128,26477,2,1.0
98,0.0,1.0,3.5969999,1.0,3.0,6,112.5923689798327,138.9453934294877,pobre,basal,6,750.0,672.0,1.0,37.0,10,128,26477,2,1.0
97,1.0,0.0,3.5969999,1.0,2.0,12,112.5923689798327,138.9453934294877,no pobre,basal,3,0.0,1042.0,0.0,51.0,8,128,26478,2,1.0
98,1.0,0.0,3.5969999,1.0,3.0,12,112.5923689798327,138.9453934294877,no pobre,basal,3,0.0,1042.0,0.0,51.0,9,128,26478,2,1.0
97,0.0,0.0,3.5969999,0.0,9.0,8,112.5923689798327,138.9453934294877,pobre,basal,1,750.0,986.0,1.0,62.0,16,128,26479,9,0.0
98,0.0,0.0,3.5969999,,,8,112.5923689798327,138.9453934294877,pobre,basal,1,750.0,986.0,1.0,62.0,17,128,26479,9,0.0
97,0.0,0.0,3.5969999,1.0,3.0,5,112.5923689798327,138.9453934294877,pobre,basal,2,750.0,944.5,1.0,40.0,9,128,26480,3,1.0
98,0.0,0.0,3.5969999,1.0,4.0,5,112.5923689798327,138.9453934294877,pobre,basal,2,750.0,944.5,1.0,40.0,10,128,26480,3,1.0
97,1.0,0.0,3.5969999,1.0,1.0,5,112.5923689798327,138.9453934294877,pobre,basal,2,750.0,944.5,1.0,40.0,7,128,26481,1,1.0
98,1.0,0.0,3.5969999,1.0,2.0,5,112.5923689798327,138.9453934294877,pobre,basal,2,750.0,944.5,1.0,40.0,8,128,26481,1,1.0
97,1.0,0.0,3.5969999,0.0,6.0,6,112.5923689798327,138.9453934294877,pobre,basal,6,750.0,821.0,1.0,38.0,13,128,26482,6,0.0
98,1.0,0.0,3.5969999,1.0,7.0,6,112.5923689798327,138.9453934294877,pobre,basal,6,750.0,821.0,1.0,38.0,14,128,26482,6,0.0
97,1.0,0.0,3.5969999,1.0,1.0,6,112.5923689798327,138.9453934294877,pobre,basal,6,750.0,821.0,1.0,38.0,7,128,26483,1,1.0
98,1.0,0.0,3.5969999,1.0,2.0,6,112.5923689798327,138.9453934294877,pobre,basal,6,750.0,821.0,1.0,38.0,8,128,26483,1,1.0
97,0.0,0.0,3.5969999,1.0,0.0,6,112.5923689798327,138.9453934294877,pobre,basal,6,750.0,821.0,1.0,38.0,6,128,26484,0,1.0
98,0.0,0.0,3.5969999,1.0,1.0,6,112.5923689798327,138.9453934294877,pobre,basal,6,750.0,821.0,1.0,38.0,7,128,26484,0,1.0
97,0.0,0.0,3.5969999,1.0,1.0,7,112.5923689798327,138.9453934294877,pobre,basal,0,0.0,727.5,0.0,65.0,7,128,26485,1,1.0
98,0.0,0.0,3.5969999,1.0,2.0,7,112.5923689798327,138.9453934294877,pobre,basal,0,0.0,727.5,0.0,65.0,8,128,26485,1,1.0
97,1.0,0.0,4.724,0.0,6.0,10,78.57722048239162,136.0817825298843,pobre,basal,4,41.666668,890.0,1.0,50.0,16,100,26486,6,0.0
98,1.0,0.0,4.724,0.0,6.0,10,78.57722048239162,136.0817825298843,pobre,basal,4,41.666668,890.0,1.0,50.0,17,100,26486,6,0.0
97,1.0,0.0,4.724,1.0,4.0,10,78.57722048239162,136.0817825298843,pobre,basal,4,41.666668,890.0,1.0,50.0,11,100,26487,4,1.0
98,1.0,0.0,4.724,1.0,5.0,10,78.57722048239162,136.0817825298843,pobre,basal,4,41.666668,890.0,1.0,50.0,12,100,26487,4,1.0
97,0.0,0.0,4.724,1.0,4.0,10,78.57722048239162,136.0817825298843,pobre,basal,4,41.666668,890.0,1.0,50.0,10,100,26488,4,1.0
98,0.0,0.0,4.724,1.0,5.0,10,78.57722048239162,136.0817825298843,pobre,basal,4,41.666668,890.0,1.0,50.0,11,100,26488,4,1.0
97,1.0,0.0,4.724,1.0,0.0,10,78.57722048239162,136.0817825298843,pobre,basal,4,41.666668,890.0,1.0,50.0,6,100,26489,0,1.0
98,1.0,0.0,4.724,,,10,78.57722048239162,136.0817825298843,pobre,basal,4,41.666668,890.0,1.0,50.0,7,100,26489,0,1.0
97,0.0,0.0,4.724,1.0,5.0,8,78.57722048239162,136.0817825298843,pobre,basal,3,50.0,888.0,1.0,43.0,15,100,26490,5,1.0
98,0.0,0.0,4.724,1.0,6.0,8,78.57722048239162,136.0817825298843,pobre,basal,3,50.0,888.0,1.0,43.0,16,100,26490,5,1.0
97,0.0,0.0,4.724,1.0,5.0,8,78.57722048239162,136.0817825298843,pobre,basal,3,50.0,888.0,1.0,43.0,11,100,26491,5,1.0
98,0.0,0.0,4.724,1.0,6.0,8,78.57722048239162,136.0817825298843,pobre,basal,3,50.0,888.0,1.0,43.0,12,100,26491,5,1.0
97,0.0,0.0,4.724,1.0,6.0,6,78.57722048239162,136.0817825298843,pobre,basal,3,2500.0,706.0,0.0,40.0,16,100,26492,6,1.0
98,0.0,0.0,4.724,,,6,78.57722048239162,136.0817825298843,pobre,basal,3,2500.0,706.0,0.0,40.0,17,100,26492,6,1.0
97,1.0,0.0,4.724,0.0,6.0,6,78.57722048239162,136.0817825298843,pobre,basal,3,2500.0,706.0,0.0,40.0,12,100,26493,6,0.0
98,1.0,0.0,4.724,,,6,78.57722048239162,136.0817825298843,pobre,basal,3,2500.0,706.0,0.0,40.0,13,100,26493,6,0.0
97,0.0,0.0,4.724,1.0,4.0,6,78.57722048239162,136.0817825298843,pobre,basal,3,2500.0,706.0,0.0,40.0,11,100,26494,4,1.0
98,0.0,0.0,4.724,1.0,5.0,6,78.57722048239162,136.0817825298843,pobre,basal,3,2500.0,706.0,0.0,40.0,12,100,26494,4,1.0
97,1.0,0.0,4.724,1.0,3.0,6,78.57722048239162,136.0817825298843,pobre,basal,3,2500.0,706.0,0.0,40.0,8,100,26495,3,1.0
98,1.0,0.0,4.724,1.0,4.0,6,78.57722048239162,136.0817825298843,pobre,basal,3,2500.0,706.0,0.0,40.0,9,100,26495,3,1.0
97,1.0,0.0,4.724,1.0,0.0,6,78.57722048239162,136.0817825298843,pobre,basal,3,2500.0,706.0,0.0,40.0,7,100,26496,0,1.0
98,1.0,0.0,4.724,1.0,1.0,6,78.57722048239162,136.0817825298843,pobre,basal,3,2500.0,706.0,0.0,40.0,8,100,26496,0,1.0
97,1.0,1.0,4.724,1.0,1.0,3,78.57722048239162,136.0817825298843,pobre,basal,2,200.0,917.0,1.0,62.0,7,100,26497,1,1.0
98,1.0,1.0,4.724,1.0,2.0,3,78.57722048239162,136.0817825298843,pobre,basal,2,200.0,917.0,1.0,62.0,8,100,26497,1,1.0
97,1.0,0.0,4.724,1.0,4.0,6,78.57722048239162,136.0817825298843,pobre,basal,2,37.5,866.0,1.0,69.0,9,100,26498,4,1.0
98,1.0,0.0,4.724,1.0,5.0,6,78.57722048239162,136.0817825298843,pobre,basal,2,37.5,866.0,1.0,69.0,10,100,26498,4,1.0
97,0.0,0.0,4.724,1.0,1.0,6,78.57722048239162,136.0817825298843,pobre,basal,2,37.5,866.0,1.0,69.0,6,100,26499,1,1.0
98,0.0,0.0,4.724,1.0,2.0,6,78.57722048239162,136.0817825298843,pobre,basal,2,37.5,866.0,1.0,69.0,7,100,26499,1,1.0
97,1.0,0.0,4.724,1.0,3.0,4,78.57722048239162,136.0817825298843,pobre,basal,4,625.0,862.0,1.0,39.0,11,100,26500,3,1.0
98,1.0,0.0,4.724,1.0,4.0,4,78.57722048239162,136.0817825298843,pobre,basal,4,625.0,862.0,1.0,39.0,12,100,26500,3,1.0
97,1.0,0.0,4.724,0.0,6.0,7,78.57722048239162,136.0817825298843,pobre,basal,4,625.0,859.5,1.0,47.0,16,100,26501,6,0.0
98,1.0,0.0,4.724,,,7,78.57722048239162,136.0817825298843,pobre,basal,4,625.0,859.5,1.0,47.0,17,100,26501,6,0.0
97,0.0,0.0,4.724,0.0,6.0,7,78.57722048239162,136.0817825298843,pobre,basal,4,625.0,859.5,1.0,47.0,13,100,26502,6,0.0
98,0.0,0.0,4.724,,,7,78.57722048239162,136.0817825298843,pobre,basal,4,625.0,859.5,1.0,47.0,14,100,26502,6,0.0
97,1.0,0.0,4.724,1.0,4.0,7,78.57722048239162,136.0817825298843,pobre,basal,4,625.0,859.5,1.0,47.0,11,100,26503,4,1.0
98,1.0,0.0,4.724,1.0,5.0,7,78.57722048239162,136.0817825298843,pobre,basal,4,625.0,859.5,1.0,47.0,12,100,26503,4,1.0
97,0.0,0.0,4.724,1.0,4.0,7,78.57722048239162,136.0817825298843,pobre,basal,4,625.0,859.5,1.0,47.0,9,100,26504,4,1.0
98,0.0,0.0,4.724,1.0,5.0,7,78.57722048239162,136.0817825298843,pobre,basal,4,625.0,859.5,1.0,47.0,10,100,26504,4,1.0
97,0.0,0.0,4.724,1.0,3.0,6,78.57722048239162,136.0817825298843,pobre,basal,6,625.0,701.0,1.0,31.0,9,100,26505,3,1.0
98,0.0,0.0,4.724,1.0,4.0,6,78.57722048239162,136.0817825298843,pobre,basal,6,625.0,701.0,1.0,31.0,10,100,26505,3,1.0
97,1.0,0.0,4.724,1.0,2.0,6,78.57722048239162,136.0817825298843,pobre,basal,6,625.0,701.0,1.0,31.0,8,100,26506,2,1.0
98,1.0,0.0,4.724,1.0,3.0,6,78.57722048239162,136.0817825298843,pobre,basal,6,625.0,701.0,1.0,31.0,9,100,26506,2,1.0
97,0.0,0.0,4.724,0.0,6.0,3,78.57722048239162,136.0817825298843,pobre,basal,8,1000.0,878.0,1.0,20.0,16,100,26507,6,0.0
98,0.0,0.0,4.724,,,3,78.57722048239162,136.0817825298843,pobre,basal,8,1000.0,878.0,1.0,20.0,17,100,26507,6,0.0
97,0.0,0.0,4.724,0.0,6.0,9,78.57722048239162,136.0817825298843,pobre,basal,3,750.0,542.0,1.0,42.0,15,100,26508,6,0.0
98,0.0,0.0,4.724,,,9,78.57722048239162,136.0817825298843,pobre,basal,3,750.0,542.0,1.0,42.0,16,100,26508,6,0.0
97,0.0,0.0,4.724,0.0,6.0,9,78.57722048239162,136.0817825298843,pobre,basal,3,750.0,542.0,1.0,42.0,14,100,26509,6,0.0
98,0.0,0.0,4.724,0.0,6.0,9,78.57722048239162,136.0817825298843,pobre,basal,3,750.0,542.0,1.0,42.0,15,100,26509,6,0.0
97,1.0,0.0,4.724,1.0,5.0,9,78.57722048239162,136.0817825298843,pobre,basal,3,750.0,542.0,1.0,42.0,13,100,26510,5,1.0
98,1.0,0.0,4.724,0.0,6.0,9,78.57722048239162,136.0817825298843,pobre,basal,3,750.0,542.0,1.0,42.0,14,100,26510,5,1.0
97,1.0,0.0,4.724,1.0,4.0,9,78.57722048239162,136.0817825298843,pobre,basal,3,750.0,542.0,1.0,42.0,12,100,26511,4,1.0
98,1.0,0.0,4.724,1.0,5.0,9,78.57722048239162,136.0817825298843,pobre,basal,3,750.0,542.0,1.0,42.0,13,100,26511,4,1.0
97,0.0,0.0,4.724,1.0,3.0,9,78.57722048239162,136.0817825298843,pobre,basal,3,750.0,542.0,1.0,42.0,11,100,26512,3,1.0
98,0.0,0.0,4.724,1.0,3.0,9,78.57722048239162,136.0817825298843,pobre,basal,3,750.0,542.0,1.0,42.0,12,100,26512,3,1.0
97,0.0,0.0,4.724,1.0,0.0,5,78.57722048239162,136.0817825298843,pobre,basal,6,750.0,704.20599,1.0,25.0,7,100,26513,0,1.0
98,0.0,0.0,4.724,,,5,78.57722048239162,136.0817825298843,pobre,basal,6,750.0,704.20599,1.0,25.0,8,100,26513,0,1.0
97,0.0,0.0,4.724,1.0,0.0,5,78.57722048239162,136.0817825298843,pobre,basal,6,750.0,704.20599,1.0,25.0,6,100,26514,0,1.0
98,0.0,0.0,4.724,1.0,1.0,5,78.57722048239162,136.0817825298843,pobre,basal,6,750.0,704.20599,1.0,25.0,7,100,26514,0,1.0
97,1.0,0.0,4.724,1.0,0.0,5,78.57722048239162,136.0817825298843,pobre,basal,6,3125.0,665.0,1.0,22.0,6,100,26515,0,1.0
98,1.0,0.0,4.724,1.0,0.0,5,78.57722048239162,136.0817825298843,pobre,basal,6,3125.0,665.0,1.0,22.0,7,100,26515,0,1.0
97,0.0,0.0,4.724,1.0,5.0,4,78.57722048239162,136.0817825298843,no pobre,basal,7,1000.0,897.0,1.0,31.0,11,100,26516,5,1.0
98,0.0,0.0,4.724,,,4,78.57722048239162,136.0817825298843,no pobre,basal,7,1000.0,897.0,1.0,31.0,12,100,26516,5,1.0
97,1.0,0.0,4.724,1.0,4.0,4,78.57722048239162,136.0817825298843,no pobre,basal,7,1000.0,897.0,1.0,31.0,10,100,26517,4,1.0
98,1.0,0.0,4.724,1.0,5.0,4,78.57722048239162,136.0817825298843,no pobre,basal,7,1000.0,897.0,1.0,31.0,11,100,26517,4,1.0
97,1.0,0.0,4.724,1.0,9.0,4,78.57722048239162,136.0817825298843,no pobre,basal,2,1000.0,1007.0,1.0,39.0,15,100,26518,9,1.0
98,1.0,0.0,4.724,1.0,10.0,4,78.57722048239162,136.0817825298843,no pobre,basal,2,1000.0,1007.0,1.0,39.0,16,100,26518,9,1.0
97,1.0,0.0,4.724,0.0,6.0,5,78.57722048239162,136.0817825298843,pobre,basal,6,625.0,710.0,1.0,38.0,15,100,26519,6,0.0
98,1.0,0.0,4.724,0.0,6.0,5,78.57722048239162,136.0817825298843,pobre,basal,6,625.0,710.0,1.0,38.0,16,100,26519,6,0.0
97,0.0,0.0,4.724,1.0,5.0,5,78.57722048239162,136.0817825298843,pobre,basal,6,625.0,710.0,1.0,38.0,11,100,26520,5,1.0
98,0.0,0.0,4.724,1.0,6.0,5,78.57722048239162,136.0817825298843,pobre,basal,6,625.0,710.0,1.0,38.0,12,100,26520,5,1.0
97,1.0,0.0,4.724,1.0,4.0,5,78.57722048239162,136.0817825298843,pobre,basal,6,625.0,710.0,1.0,38.0,10,100,26521,4,1.0
98,1.0,0.0,4.724,1.0,5.0,5,78.57722048239162,136.0817825298843,pobre,basal,6,625.0,710.0,1.0,38.0,11,100,26521,4,1.0
97,0.0,0.0,4.724,1.0,2.0,5,78.57722048239162,136.0817825298843,pobre,basal,6,625.0,696.0,1.0,29.0,8,100,26522,2,1.0
98,0.0,0.0,4.724,1.0,3.0,5,78.57722048239162,136.0817825298843,pobre,basal,6,625.0,696.0,1.0,29.0,9,100,26522,2,1.0
97,1.0,0.0,4.724,1.0,1.0,5,78.57722048239162,136.0817825298843,pobre,basal,6,625.0,696.0,1.0,29.0,7,100,26523,1,1.0
98,1.0,0.0,4.724,1.0,2.0,5,78.57722048239162,136.0817825298843,pobre,basal,6,625.0,696.0,1.0,29.0,8,100,26523,1,1.0
97,1.0,0.0,4.724,1.0,0.0,5,78.57722048239162,136.0817825298843,pobre,basal,6,625.0,696.0,1.0,29.0,6,100,26524,0,1.0
98,1.0,0.0,4.724,1.0,1.0,5,78.57722048239162,136.0817825298843,pobre,basal,6,625.0,696.0,1.0,29.0,7,100,26524,0,1.0
97,1.0,0.0,4.724,1.0,8.0,6,78.57722048239162,136.0817825298843,pobre,basal,6,1000.0,660.0,1.0,33.0,13,100,26525,8,1.0
98,1.0,0.0,4.724,1.0,9.0,6,78.57722048239162,136.0817825298843,pobre,basal,6,1000.0,660.0,1.0,33.0,14,100,26525,8,1.0
97,1.0,0.0,4.724,1.0,7.0,6,78.57722048239162,136.0817825298843,pobre,basal,6,1000.0,660.0,1.0,33.0,13,100,26526,7,1.0
98,1.0,0.0,4.724,1.0,8.0,6,78.57722048239162,136.0817825298843,pobre,basal,6,1000.0,660.0,1.0,33.0,14,100,26526,7,1.0
97,1.0,0.0,4.724,1.0,7.0,6,78.57722048239162,136.0817825298843,pobre,basal,6,1000.0,660.0,1.0,33.0,13,100,26527,7,1.0
98,1.0,0.0,4.724,1.0,8.0,6,78.57722048239162,136.0817825298843,pobre,basal,6,1000.0,660.0,1.0,33.0,14,100,26527,7,1.0
97,1.0,0.0,4.724,1.0,3.0,6,78.57722048239162,136.0817825298843,pobre,basal,6,1000.0,660.0,1.0,33.0,8,100,26528,3,1.0
98,1.0,0.0,4.724,1.0,4.0,6,78.57722048239162,136.0817825298843,pobre,basal,6,1000.0,660.0,1.0,33.0,9,100,26528,3,1.0
97,1.0,0.0,4.724,0.0,9.0,7,78.57722048239162,136.0817825298843,no pobre,basal,6,1000.0,1062.0,1.0,45.0,16,100,26529,9,0.0
98,1.0,0.0,4.724,,,7,78.57722048239162,136.0817825298843,no pobre,basal,6,1000.0,1062.0,1.0,45.0,17,100,26529,9,0.0
97,1.0,0.0,4.724,0.0,6.0,7,78.57722048239162,136.0817825298843,no pobre,basal,6,1000.0,1062.0,1.0,45.0,12,100,26530,6,0.0
98,1.0,0.0,4.724,0.0,6.0,7,78.57722048239162,136.0817825298843,no pobre,basal,6,1000.0,1062.0,1.0,45.0,13,100,26530,6,0.0
97,1.0,0.0,4.724,1.0,5.0,7,78.57722048239162,136.0817825298843,no pobre,basal,6,1000.0,1062.0,1.0,45.0,10,100,26531,5,1.0
98,1.0,0.0,4.724,1.0,6.0,7,78.57722048239162,136.0817825298843,no pobre,basal,6,1000.0,1062.0,1.0,45.0,11,100,26531,5,1.0
97,1.0,0.0,4.724,1.0,4.0,5,78.57722048239162,136.0817825298843,pobre,basal,6,1000.0,848.0,1.0,35.0,10,100,26532,4,1.0
98,1.0,0.0,4.724,1.0,5.0,5,78.57722048239162,136.0817825298843,pobre,basal,6,1000.0,848.0,1.0,35.0,11,100,26532,4,1.0
97,0.0,0.0,4.724,1.0,2.0,5,78.57722048239162,136.0817825298843,pobre,basal,6,1000.0,848.0,1.0,35.0,8,100,26533,2,1.0
98,0.0,0.0,4.724,1.0,3.0,5,78.57722048239162,136.0817825298843,pobre,basal,6,1000.0,848.0,1.0,35.0,9,100,26533,2,1.0
97,0.0,0.0,4.724,1.0,1.0,5,78.57722048239162,136.0817825298843,pobre,basal,6,1000.0,848.0,1.0,35.0,7,100,26534,1,1.0
98,0.0,0.0,4.724,1.0,2.0,5,78.57722048239162,136.0817825298843,pobre,basal,6,1000.0,848.0,1.0,35.0,8,100,26534,1,1.0
97,1.0,0.0,4.724,0.0,6.0,8,78.57722048239162,136.0817825298843,pobre,basal,2,1500.0,845.0,1.0,32.0,15,100,26535,6,0.0
98,1.0,0.0,4.724,,,8,78.57722048239162,136.0817825298843,pobre,basal,2,1500.0,845.0,1.0,32.0,16,100,26535,6,0.0
97,1.0,0.0,4.724,1.0,1.0,8,78.57722048239162,136.0817825298843,pobre,basal,2,1500.0,845.0,1.0,32.0,8,100,26536,1,1.0
98,1.0,0.0,4.724,0.0,2.0,8,78.57722048239162,136.0817825298843,pobre,basal,2,1500.0,845.0,1.0,32.0,9,100,26536,1,1.0
97,1.0,0.0,4.724,0.0,6.0,8,78.57722048239162,136.0817825298843,pobre,basal,2,1500.0,845.0,1.0,32.0,15,100,26537,6,0.0
98,1.0,0.0,4.724,1.0,3.0,8,78.57722048239162,136.0817825298843,pobre,basal,2,1500.0,845.0,1.0,32.0,16,100,26537,6,0.0
97,1.0,0.0,4.724,1.0,4.0,6,78.57722048239162,136.0817825298843,pobre,basal,2,625.0,842.0,1.0,53.0,12,100,26538,4,1.0
98,1.0,0.0,4.724,1.0,6.0,6,78.57722048239162,136.0817825298843,pobre,basal,2,625.0,842.0,1.0,53.0,13,100,26538,4,1.0
97,1.0,0.0,4.724,1.0,0.0,6,78.57722048239162,136.0817825298843,pobre,basal,2,625.0,842.0,1.0,53.0,6,100,26539,0,1.0
98,1.0,0.0,4.724,1.0,1.0,6,78.57722048239162,136.0817825298843,pobre,basal,2,625.0,842.0,1.0,53.0,7,100,26539,0,1.0
97,1.0,0.0,4.724,0.0,6.0,7,78.57722048239162,136.0817825298843,pobre,basal,3,750.0,674.25,1.0,39.0,15,100,26540,6,0.0
98,1.0,0.0,4.724,0.0,6.0,7,78.57722048239162,136.0817825298843,pobre,basal,3,750.0,674.25,1.0,39.0,16,100,26540,6,0.0
97,1.0,0.0,4.724,0.0,6.0,7,78.57722048239162,136.0817825298843,pobre,basal,3,750.0,674.25,1.0,39.0,13,100,26541,6,0.0
98,1.0,0.0,4.724,0.0,6.0,7,78.57722048239162,136.0817825298843,pobre,basal,3,750.0,674.25,1.0,39.0,14,100,26541,6,0.0
97,1.0,0.0,4.724,1.0,5.0,7,78.57722048239162,136.0817825298843,pobre,basal,3,750.0,674.25,1.0,39.0,12,100,26542,5,1.0
98,1.0,0.0,4.724,1.0,6.0,7,78.57722048239162,136.0817825298843,pobre,basal,3,750.0,674.25,1.0,39.0,13,100,26542,5,1.0
97,1.0,0.0,4.724,1.0,1.0,7,78.57722048239162,136.0817825298843,pobre,basal,3,750.0,674.25,1.0,39.0,7,100,26543,1,1.0
98,1.0,0.0,4.724,1.0,2.0,7,78.57722048239162,136.0817825298843,pobre,basal,3,750.0,674.25,1.0,39.0,8,100,26543,1,1.0
97,1.0,0.0,4.724,1.0,1.0,5,78.57722048239162,136.0817825298843,no pobre,basal,9,625.0,1056.5,1.0,38.0,6,100,26544,1,1.0
98,1.0,0.0,4.724,1.0,1.0,5,78.57722048239162,136.0817825298843,no pobre,basal,9,625.0,1056.5,1.0,38.0,7,100,26544,1,1.0
97,1.0,0.0,4.724,1.0,2.0,4,78.57722048239162,136.0817825298843,no pobre,basal,6,750.0,990.0,1.0,37.0,8,100,26545,2,1.0
98,1.0,0.0,4.724,1.0,3.0,4,78.57722048239162,136.0817825298843,no pobre,basal,6,750.0,990.0,1.0,37.0,9,100,26545,2,1.0
97,0.0,0.0,4.724,1.0,1.0,4,78.57722048239162,136.0817825298843,no pobre,basal,6,750.0,990.0,1.0,37.0,6,100,26546,1,1.0
98,0.0,0.0,4.724,1.0,2.0,4,78.57722048239162,136.0817825298843,no pobre,basal,6,750.0,990.0,1.0,37.0,7,100,26546,1,1.0
97,0.0,0.0,4.724,0.0,7.0,8,78.57722048239162,136.0817825298843,pobre,basal,0,0.0,739.0,1.0,70.0,13,100,26547,7,0.0
98,0.0,0.0,4.724,0.0,7.0,8,78.57722048239162,136.0817825298843,pobre,basal,0,0.0,739.0,1.0,70.0,14,100,26547,7,0.0
97,1.0,0.0,4.724,1.0,5.0,8,78.57722048239162,136.0817825298843,pobre,basal,0,0.0,739.0,1.0,70.0,11,100,26548,5,1.0
98,1.0,0.0,4.724,1.0,6.0,8,78.57722048239162,136.0817825298843,pobre,basal,0,0.0,739.0,1.0,70.0,12,100,26548,5,1.0
97,1.0,0.0,4.724,1.0,4.0,8,78.57722048239162,136.0817825298843,pobre,basal,0,0.0,739.0,1.0,70.0,10,100,26549,4,1.0
98,1.0,0.0,4.724,1.0,5.0,8,78.57722048239162,136.0817825298843,pobre,basal,0,0.0,739.0,1.0,70.0,11,100,26549,4,1.0
97,0.0,0.0,4.724,1.0,1.0,8,78.57722048239162,136.0817825298843,pobre,basal,0,0.0,739.0,1.0,70.0,7,100,26550,1,1.0
98,0.0,0.0,4.724,1.0,2.0,8,78.57722048239162,136.0817825298843,pobre,basal,0,0.0,739.0,1.0,70.0,8,100,26550,1,1.0
97,0.0,0.0,4.724,1.0,7.0,7,78.57722048239162,136.0817825298843,no pobre,basal,2,200.0,1007.5,1.0,65.0,13,100,26551,7,1.0
98,0.0,0.0,4.724,1.0,6.0,7,78.57722048239162,136.0817825298843,no pobre,basal,2,200.0,1007.5,1.0,65.0,14,100,26551,7,1.0
97,1.0,0.0,4.724,1.0,6.0,7,78.57722048239162,136.0817825298843,pobre,basal,6,166.66667,791.25,1.0,39.0,13,100,26552,6,1.0
98,1.0,0.0,4.724,1.0,7.0,7,78.57722048239162,136.0817825298843,pobre,basal,6,166.66667,791.25,1.0,39.0,14,100,26552,6,1.0
97,0.0,0.0,4.724,1.0,6.0,7,78.57722048239162,136.0817825298843,pobre,basal,6,166.66667,791.25,1.0,39.0,11,100,26553,6,1.0
98,0.0,0.0,4.724,1.0,6.0,7,78.57722048239162,136.0817825298843,pobre,basal,6,166.66667,791.25,1.0,39.0,12,100,26553,6,1.0
97,1.0,0.0,4.724,0.0,3.0,11,78.57722048239162,136.0817825298843,pobre,basal,5,1500.0,801.5,1.0,47.0,15,100,26554,3,0.0
98,1.0,0.0,4.724,0.0,3.0,11,78.57722048239162,136.0817825298843,pobre,basal,5,1500.0,801.5,1.0,47.0,16,100,26554,3,0.0
97,0.0,0.0,4.724,1.0,1.0,11,78.57722048239162,136.0817825298843,pobre,basal,5,1500.0,801.5,1.0,47.0,12,100,26555,1,1.0
98,0.0,0.0,4.724,0.0,2.0,11,78.57722048239162,136.0817825298843,pobre,basal,5,1500.0,801.5,1.0,47.0,13,100,26555,1,1.0
97,1.0,0.0,4.724,1.0,1.0,11,78.57722048239162,136.0817825298843,pobre,basal,5,1500.0,801.5,1.0,47.0,11,100,26556,1,1.0
98,1.0,0.0,4.724,0.0,1.0,11,78.57722048239162,136.0817825298843,pobre,basal,5,1500.0,801.5,1.0,47.0,12,100,26556,1,1.0
97,0.0,0.0,4.724,1.0,1.0,11,78.57722048239162,136.0817825298843,pobre,basal,5,1500.0,801.5,1.0,47.0,8,100,26557,1,1.0
98,0.0,0.0,4.724,0.0,1.0,11,78.57722048239162,136.0817825298843,pobre,basal,5,1500.0,801.5,1.0,47.0,9,100,26557,1,1.0
97,1.0,0.0,4.724,1.0,3.0,5,78.57722048239162,136.0817825298843,pobre,basal,2,625.0,764.0,1.0,45.0,9,100,26558,3,1.0
98,1.0,0.0,4.724,1.0,4.0,5,78.57722048239162,136.0817825298843,pobre,basal,2,625.0,764.0,1.0,45.0,10,100,26558,3,1.0
97,1.0,0.0,4.724,1.0,1.0,5,78.57722048239162,136.0817825298843,pobre,basal,2,625.0,764.0,1.0,45.0,7,100,26559,1,1.0
98,1.0,0.0,4.724,1.0,2.0,5,78.57722048239162,136.0817825298843,pobre,basal,2,625.0,764.0,1.0,45.0,8,100,26559,1,1.0
97,0.0,0.0,4.724,1.0,2.0,4,78.57722048239162,136.0817825298843,pobre,basal,9,2000.0,919.0,1.0,34.0,8,100,26560,2,1.0
98,0.0,0.0,4.724,1.0,3.0,4,78.57722048239162,136.0817825298843,pobre,basal,9,2000.0,919.0,1.0,34.0,9,100,26560,2,1.0
97,0.0,0.0,4.724,1.0,6.0,6,78.57722048239162,136.0817825298843,pobre,basal,3,600.0,827.0,1.0,43.0,12,100,26561,6,1.0
98,0.0,0.0,4.724,1.0,7.0,6,78.57722048239162,136.0817825298843,pobre,basal,3,600.0,827.0,1.0,43.0,13,100,26561,6,1.0
97,1.0,0.0,4.724,,0.0,8,78.57722048239162,136.0817825298843,pobre,basal,4,0.0,713.0,1.0,30.0,9,100,26562,0,
98,1.0,0.0,4.724,1.0,2.0,8,78.57722048239162,136.0817825298843,pobre,basal,4,0.0,713.0,1.0,30.0,10,100,26562,0,
97,0.0,0.0,4.724,1.0,1.0,8,78.57722048239162,136.0817825298843,pobre,basal,4,0.0,713.0,1.0,30.0,8,100,26563,1,1.0
98,0.0,0.0,4.724,1.0,2.0,8,78.57722048239162,136.0817825298843,pobre,basal,4,0.0,713.0,1.0,30.0,9,100,26563,1,1.0
97,1.0,1.0,4.724,1.0,0.0,8,78.57722048239162,136.0817825298843,pobre,basal,4,0.0,713.0,1.0,30.0,6,100,26564,0,1.0
98,1.0,1.0,4.724,1.0,1.0,8,78.57722048239162,136.0817825298843,pobre,basal,4,0.0,713.0,1.0,30.0,7,100,26564,0,1.0
97,1.0,1.0,4.724,1.0,1.0,8,78.57722048239162,136.0817825298843,no pobre,basal,4,600.0,726.0,1.0,49.0,16,100,26565,1,1.0
98,1.0,1.0,4.724,,,8,78.57722048239162,136.0817825298843,no pobre,basal,4,600.0,726.0,1.0,49.0,17,100,26565,1,1.0
97,1.0,1.0,4.724,1.0,6.0,8,78.57722048239162,136.0817825298843,no pobre,basal,4,600.0,726.0,1.0,49.0,14,100,26566,6,1.0
98,1.0,1.0,4.724,0.0,6.0,8,78.57722048239162,136.0817825298843,no pobre,basal,4,600.0,726.0,1.0,49.0,15,100,26566,6,1.0
97,0.0,1.0,4.724,1.0,4.0,8,78.57722048239162,136.0817825298843,no pobre,basal,4,600.0,726.0,1.0,49.0,9,100,26567,4,1.0
98,0.0,1.0,4.724,1.0,5.0,8,78.57722048239162,136.0817825298843,no pobre,basal,4,600.0,726.0,1.0,49.0,10,100,26567,4,1.0
97,1.0,1.0,4.724,1.0,2.0,8,78.57722048239162,136.0817825298843,no pobre,basal,4,600.0,726.0,1.0,49.0,9,100,26568,2,1.0
98,1.0,1.0,4.724,1.0,3.0,8,78.57722048239162,136.0817825298843,no pobre,basal,4,600.0,726.0,1.0,49.0,10,100,26568,2,1.0
97,1.0,0.0,4.724,0.0,0.0,5,78.57722048239162,136.0817825298843,pobre,basal,0,600.0,776.5,0.0,56.0,14,100,26569,0,0.0
98,1.0,0.0,4.724,,,5,78.57722048239162,136.0817825298843,pobre,basal,0,600.0,776.5,0.0,56.0,15,100,26569,0,0.0
97,0.0,0.0,4.724,1.0,1.0,4,78.57722048239162,136.0817825298843,pobre,basal,9,400.0,848.0,1.0,32.0,7,100,26570,1,1.0
98,0.0,0.0,4.724,1.0,2.0,4,78.57722048239162,136.0817825298843,pobre,basal,9,400.0,848.0,1.0,32.0,8,100,26570,1,1.0
97,0.0,0.0,4.724,1.0,0.0,4,78.57722048239162,136.0817825298843,pobre,basal,9,400.0,848.0,1.0,32.0,6,100,26571,0,1.0
98,0.0,0.0,4.724,1.0,1.0,4,78.57722048239162,136.0817825298843,pobre,basal,9,400.0,848.0,1.0,32.0,7,100,26571,0,1.0
97,1.0,0.0,4.724,0.0,8.0,8,78.57722048239162,136.0817825298843,no pobre,basal,6,750.0,1181.2,1.0,45.0,16,100,26572,8,0.0
98,1.0,0.0,4.724,,,8,78.57722048239162,136.0817825298843,no pobre,basal,6,750.0,1181.2,1.0,45.0,17,100,26572,8,0.0
97,1.0,0.0,4.724,0.0,9.0,8,78.57722048239162,136.0817825298843,no pobre,basal,6,750.0,1181.2,1.0,45.0,16,100,26573,9,0.0
98,1.0,0.0,4.724,,,8,78.57722048239162,136.0817825298843,no pobre,basal,6,750.0,1181.2,1.0,45.0,17,100,26573,9,0.0
97,0.0,0.0,4.724,1.0,4.0,8,78.57722048239162,136.0817825298843,no pobre,basal,6,750.0,1181.2,1.0,45.0,10,100,26574,4,1.0
98,0.0,0.0,4.724,1.0,5.0,8,78.57722048239162,136.0817825298843,no pobre,basal,6,750.0,1181.2,1.0,45.0,11,100,26574,4,1.0
97,0.0,0.0,4.724,1.0,1.0,8,78.57722048239162,136.0817825298843,no pobre,basal,6,750.0,1181.2,1.0,45.0,7,100,26575,1,1.0
98,0.0,0.0,4.724,1.0,2.0,8,78.57722048239162,136.0817825298843,no pobre,basal,6,750.0,1181.2,1.0,45.0,8,100,26575,1,1.0
97,1.0,0.0,4.724,1.0,8.0,8,78.57722048239162,136.0817825298843,pobre,basal,6,0.0,996.0,1.0,38.0,15,100,26576,8,1.0
98,1.0,0.0,4.724,1.0,9.0,8,78.57722048239162,136.0817825298843,pobre,basal,6,0.0,996.0,1.0,38.0,16,100,26576,8,1.0
97,0.0,0.0,4.724,1.0,4.0,8,78.57722048239162,136.0817825298843,pobre,basal,6,0.0,996.0,1.0,38.0,10,100,26577,4,1.0
98,0.0,0.0,4.724,1.0,5.0,8,78.57722048239162,136.0817825298843,pobre,basal,6,0.0,996.0,1.0,38.0,11,100,26577,4,1.0
97,0.0,0.0,4.724,1.0,3.0,8,78.57722048239162,136.0817825298843,pobre,basal,6,0.0,996.0,1.0,38.0,9,100,26578,3,1.0
98,0.0,0.0,4.724,1.0,4.0,8,78.57722048239162,136.0817825298843,pobre,basal,6,0.0,996.0,1.0,38.0,10,100,26578,3,1.0
97,0.0,0.0,4.724,1.0,0.0,8,78.57722048239162,136.0817825298843,pobre,basal,6,0.0,996.0,1.0,38.0,6,100,26579,0,1.0
98,0.0,0.0,4.724,,,8,78.57722048239162,136.0817825298843,pobre,basal,6,0.0,996.0,1.0,38.0,7,100,26579,0,1.0
97,0.0,0.0,4.724,1.0,5.0,6,78.57722048239162,136.0817825298843,pobre,basal,3,384.0,798.0,0.0,46.0,11,100,26580,5,1.0
98,0.0,0.0,4.724,0.0,6.0,6,78.57722048239162,136.0817825298843,pobre,basal,3,384.0,798.0,0.0,46.0,12,100,26580,5,1.0
97,1.0,0.0,4.724,1.0,1.0,6,78.57722048239162,136.0817825298843,pobre,basal,3,384.0,798.0,0.0,46.0,7,100,26581,1,1.0
98,1.0,0.0,4.724,1.0,2.0,6,78.57722048239162,136.0817825298843,pobre,basal,3,384.0,798.0,0.0,46.0,8,100,26581,1,1.0
97,1.0,1.0,4.724,1.0,5.0,6,78.57722048239162,136.0817825298843,no pobre,basal,12,600.0,1163.5,1.0,38.0,11,100,26582,5,1.0
98,1.0,1.0,4.724,1.0,6.0,6,78.57722048239162,136.0817825298843,no pobre,basal,12,600.0,1163.5,1.0,38.0,12,100,26582,5,1.0
97,0.0,1.0,4.724,1.0,1.0,6,78.57722048239162,136.0817825298843,no pobre,basal,12,600.0,1163.5,1.0,38.0,7,100,26583,1,1.0
98,0.0,1.0,4.724,1.0,2.0,6,78.57722048239162,136.0817825298843,no pobre,basal,12,600.0,1163.5,1.0,38.0,8,100,26583,1,1.0
97,0.0,0.0,4.724,1.0,6.0,7,78.57722048239162,136.0817825298843,no pobre,basal,3,750.0,1279.25,1.0,50.0,15,100,26584,6,1.0
98,0.0,0.0,4.724,0.0,6.0,7,78.57722048239162,136.0817825298843,no pobre,basal,3,750.0,1279.25,1.0,50.0,16,100,26584,6,1.0
97,1.0,0.0,4.724,0.0,9.0,7,78.57722048239162,136.0817825298843,pobre,basal,2,625.0,705.0,1.0,39.0,16,100,26585,9,0.0
98,1.0,0.0,4.724,0.0,9.0,7,78.57722048239162,136.0817825298843,pobre,basal,2,625.0,705.0,1.0,39.0,17,100,26585,9,0.0
97,0.0,0.0,4.724,0.0,6.0,7,78.57722048239162,136.0817825298843,pobre,basal,2,625.0,705.0,1.0,39.0,14,100,26586,6,0.0
98,0.0,0.0,4.724,0.0,6.0,7,78.57722048239162,136.0817825298843,pobre,basal,2,625.0,705.0,1.0,39.0,15,100,26586,6,0.0
97,1.0,0.0,4.724,1.0,5.0,7,78.57722048239162,136.0817825298843,pobre,basal,2,625.0,705.0,1.0,39.0,12,100,26587,5,1.0
98,1.0,0.0,4.724,1.0,6.0,7,78.57722048239162,136.0817825298843,pobre,basal,2,625.0,705.0,1.0,39.0,13,100,26587,5,1.0
97,1.0,0.0,4.724,1.0,3.0,7,78.57722048239162,136.0817825298843,pobre,basal,2,625.0,705.0,1.0,39.0,9,100,26588,3,1.0
98,1.0,0.0,4.724,1.0,4.0,7,78.57722048239162,136.0817825298843,pobre,basal,2,625.0,705.0,1.0,39.0,10,100,26588,3,1.0
97,1.0,0.0,4.724,1.0,1.0,7,78.57722048239162,136.0817825298843,pobre,basal,2,625.0,705.0,1.0,39.0,7,100,26589,1,1.0
98,1.0,0.0,4.724,1.0,2.0,7,78.57722048239162,136.0817825298843,pobre,basal,2,625.0,705.0,1.0,39.0,8,100,26589,1,1.0
97,0.0,0.0,4.724,1.0,5.0,7,78.57722048239162,136.0817825298843,no pobre,basal,6,2000.0,1020.5,1.0,47.0,12,100,26590,5,1.0
98,0.0,0.0,4.724,,,7,78.57722048239162,136.0817825298843,no pobre,basal,6,2000.0,1020.5,1.0,47.0,13,100,26590,5,1.0
97,1.0,0.0,4.724,1.0,5.0,7,78.57722048239162,136.0817825298843,no pobre,basal,6,2000.0,1020.5,1.0,47.0,11,100,26591,5,1.0
98,1.0,0.0,4.724,,,7,78.57722048239162,136.0817825298843,no pobre,basal,6,2000.0,1020.5,1.0,47.0,12,100,26591,5,1.0
97,0.0,0.0,4.724,1.0,4.0,7,78.57722048239162,136.0817825298843,no pobre,basal,6,2000.0,1020.5,1.0,47.0,10,100,26592,4,1.0
98,0.0,0.0,4.724,,,7,78.57722048239162,136.0817825298843,no pobre,basal,6,2000.0,1020.5,1.0,47.0,11,100,26592,4,1.0
97,1.0,0.0,4.724,1.0,2.0,7,78.57722048239162,136.0817825298843,no pobre,basal,6,2000.0,1020.5,1.0,47.0,8,100,26593,2,1.0
98,1.0,0.0,4.724,,,7,78.57722048239162,136.0817825298843,no pobre,basal,6,2000.0,1020.5,1.0,47.0,9,100,26593,2,1.0
97,0.0,0.0,4.724,1.0,4.0,6,78.57722048239162,136.0817825298843,pobre,basal,6,50.0,645.0,1.0,31.0,10,100,26594,4,1.0
98,0.0,0.0,4.724,1.0,5.0,6,78.57722048239162,136.0817825298843,pobre,basal,6,50.0,645.0,1.0,31.0,11,100,26594,4,1.0
97,0.0,0.0,4.724,1.0,4.0,6,78.57722048239162,136.0817825298843,pobre,basal,6,50.0,645.0,1.0,31.0,9,100,26595,4,1.0
98,0.0,0.0,4.724,1.0,3.0,6,78.57722048239162,136.0817825298843,pobre,basal,6,50.0,645.0,1.0,31.0,10,100,26595,4,1.0
97,1.0,0.0,4.724,1.0,1.0,6,78.57722048239162,136.0817825298843,pobre,basal,6,50.0,675.0,1.0,33.0,7,100,26596,1,1.0
98,1.0,0.0,4.724,1.0,2.0,6,78.57722048239162,136.0817825298843,pobre,basal,6,50.0,675.0,1.0,33.0,8,100,26596,1,1.0
97,0.0,0.0,2.536,0.0,3.0,5,109.3165498947401,117.6600202838974,pobre,basal,3,58.333332,639.5,1.0,35.0,15,33,26597,3,0.0
98,0.0,0.0,2.536,,,5,109.3165498947401,117.6600202838974,pobre,basal,3,58.333332,639.5,1.0,35.0,16,33,26597,3,0.0
97,1.0,0.0,2.536,1.0,2.0,5,109.3165498947401,117.6600202838974,pobre,basal,3,58.333332,639.5,1.0,35.0,12,33,26598,2,1.0
98,1.0,0.0,2.536,1.0,3.0,5,109.3165498947401,117.6600202838974,pobre,basal,3,58.333332,639.5,1.0,35.0,13,33,26598,2,1.0
97,1.0,0.0,2.536,1.0,5.0,8,109.3165498947401,117.6600202838974,pobre,basal,0,625.0,430.0,1.0,40.0,14,33,26599,5,1.0
98,1.0,0.0,2.536,0.0,6.0,8,109.3165498947401,117.6600202838974,pobre,basal,0,625.0,430.0,1.0,40.0,15,33,26599,5,1.0
97,0.0,0.0,2.536,1.0,3.0,8,109.3165498947401,117.6600202838974,pobre,basal,0,625.0,430.0,1.0,40.0,12,33,26600,3,1.0
98,0.0,0.0,2.536,1.0,4.0,8,109.3165498947401,117.6600202838974,pobre,basal,0,625.0,430.0,1.0,40.0,13,33,26600,3,1.0
97,0.0,0.0,2.536,1.0,1.0,8,109.3165498947401,117.6600202838974,pobre,basal,0,625.0,430.0,1.0,40.0,9,33,26601,1,1.0
98,0.0,0.0,2.536,1.0,2.0,8,109.3165498947401,117.6600202838974,pobre,basal,0,625.0,430.0,1.0,40.0,10,33,26601,1,1.0
97,0.0,0.0,2.536,1.0,0.0,8,109.3165498947401,117.6600202838974,pobre,basal,0,625.0,430.0,1.0,40.0,7,33,26602,0,1.0
98,0.0,0.0,2.536,1.0,1.0,8,109.3165498947401,117.6600202838974,pobre,basal,0,625.0,430.0,1.0,40.0,8,33,26602,0,1.0
97,1.0,0.0,2.536,1.0,5.0,2,109.3165498947401,117.6600202838974,pobre,basal,0,0.0,650.0,0.0,48.0,14,33,26603,5,1.0
98,1.0,0.0,2.536,1.0,6.0,2,109.3165498947401,117.6600202838974,pobre,basal,0,0.0,650.0,0.0,48.0,15,33,26603,5,1.0
97,0.0,0.0,2.536,1.0,4.0,6,109.3165498947401,117.6600202838974,pobre,basal,0,625.0,468.14099,1.0,29.0,11,33,26604,4,1.0
98,0.0,0.0,2.536,1.0,5.0,6,109.3165498947401,117.6600202838974,pobre,basal,0,625.0,468.14099,1.0,29.0,12,33,26604,4,1.0
97,0.0,0.0,2.536,1.0,3.0,6,109.3165498947401,117.6600202838974,pobre,basal,0,625.0,468.14099,1.0,29.0,9,33,26605,3,1.0
98,0.0,0.0,2.536,1.0,4.0,6,109.3165498947401,117.6600202838974,pobre,basal,0,625.0,468.14099,1.0,29.0,10,33,26605,3,1.0
97,0.0,0.0,2.536,1.0,0.0,6,109.3165498947401,117.6600202838974,pobre,basal,0,625.0,468.14099,1.0,29.0,7,33,26606,0,1.0
98,0.0,0.0,2.536,1.0,1.0,6,109.3165498947401,117.6600202838974,pobre,basal,0,625.0,468.14099,1.0,29.0,8,33,26606,0,1.0
97,1.0,0.0,2.536,0.0,6.0,5,109.3165498947401,117.6600202838974,pobre,basal,0,33.333332,847.5,1.0,31.0,12,33,26607,6,0.0
98,1.0,0.0,2.536,1.0,6.0,5,109.3165498947401,117.6600202838974,pobre,basal,0,33.333332,847.5,1.0,31.0,13,33,26607,6,0.0
97,0.0,0.0,2.536,1.0,4.0,5,109.3165498947401,117.6600202838974,pobre,basal,0,33.333332,847.5,1.0,31.0,11,33,26608,4,1.0
98,0.0,0.0,2.536,1.0,5.0,5,109.3165498947401,117.6600202838974,pobre,basal,0,33.333332,847.5,1.0,31.0,12,33,26608,4,1.0
97,0.0,0.0,2.536,1.0,0.0,5,109.3165498947401,117.6600202838974,pobre,basal,0,33.333332,847.5,1.0,31.0,8,33,26609,0,1.0
98,0.0,0.0,2.536,1.0,1.0,5,109.3165498947401,117.6600202838974,pobre,basal,0,33.333332,847.5,1.0,31.0,9,33,26609,0,1.0
97,0.0,0.0,2.536,,0.0,5,109.3165498947401,117.6600202838974,pobre,basal,0,625.0,791.66669,1.0,50.0,16,33,26610,0,
98,0.0,0.0,2.536,,,5,109.3165498947401,117.6600202838974,pobre,basal,0,625.0,791.66669,1.0,50.0,17,33,26610,0,
97,1.0,0.0,2.536,,0.0,4,109.3165498947401,117.6600202838974,pobre,basal,0,625.0,660.14099,1.0,25.0,8,33,26611,0,
98,1.0,0.0,2.536,1.0,1.0,4,109.3165498947401,117.6600202838974,pobre,basal,0,625.0,660.14099,1.0,25.0,9,33,26611,0,
97,1.0,0.0,2.536,,0.0,4,109.3165498947401,117.6600202838974,pobre,basal,0,625.0,660.14099,1.0,25.0,6,33,26612,0,
98,1.0,0.0,2.536,1.0,1.0,4,109.3165498947401,117.6600202838974,pobre,basal,0,625.0,660.14099,1.0,25.0,7,33,26612,0,
97,1.0,0.0,2.536,1.0,5.0,4,109.3165498947401,117.6600202838974,pobre,basal,0,625.0,698.0,1.0,49.0,12,33,26613,5,1.0
98,1.0,0.0,2.536,0.0,6.0,4,109.3165498947401,117.6600202838974,pobre,basal,0,625.0,698.0,1.0,49.0,13,33,26613,5,1.0
97,1.0,0.0,2.536,1.0,2.0,4,109.3165498947401,117.6600202838974,pobre,basal,0,625.0,698.0,1.0,49.0,10,33,26614,2,1.0
98,1.0,0.0,2.536,1.0,3.0,4,109.3165498947401,117.6600202838974,pobre,basal,0,625.0,698.0,1.0,49.0,11,33,26614,2,1.0
97,1.0,0.0,2.536,0.0,6.0,8,109.3165498947401,117.6600202838974,pobre,basal,0,625.0,620.0,1.0,35.0,15,33,26615,6,0.0
98,1.0,0.0,2.536,,,8,109.3165498947401,117.6600202838974,pobre,basal,0,625.0,620.0,1.0,35.0,16,33,26615,6,0.0
97,1.0,0.0,2.536,1.0,5.0,8,109.3165498947401,117.6600202838974,pobre,basal,0,625.0,620.0,1.0,35.0,14,33,26616,5,1.0
98,1.0,0.0,2.536,0.0,6.0,8,109.3165498947401,117.6600202838974,pobre,basal,0,625.0,620.0,1.0,35.0,15,33,26616,5,1.0
97,1.0,0.0,2.536,1.0,5.0,8,109.3165498947401,117.6600202838974,pobre,basal,0,625.0,620.0,1.0,35.0,12,33,26617,5,1.0
98,1.0,0.0,2.536,1.0,6.0,8,109.3165498947401,117.6600202838974,pobre,basal,0,625.0,620.0,1.0,35.0,13,33,26617,5,1.0
97,0.0,0.0,2.536,1.0,2.0,8,109.3165498947401,117.6600202838974,pobre,basal,0,625.0,620.0,1.0,35.0,10,33,26618,2,1.0
98,0.0,0.0,2.536,1.0,3.0,8,109.3165498947401,117.6600202838974,pobre,basal,0,625.0,620.0,1.0,35.0,11,33,26618,2,1.0
97,0.0,0.0,2.536,1.0,1.0,8,109.3165498947401,117.6600202838974,pobre,basal,0,625.0,620.0,1.0,35.0,7,33,26619,1,1.0
98,0.0,0.0,2.536,1.0,2.0,8,109.3165498947401,117.6600202838974,pobre,basal,0,625.0,620.0,1.0,35.0,8,33,26619,1,1.0
97,1.0,0.0,2.536,1.0,1.0,8,109.3165498947401,117.6600202838974,pobre,basal,0,625.0,620.0,1.0,35.0,7,33,26620,1,1.0
98,1.0,0.0,2.536,1.0,2.0,8,109.3165498947401,117.6600202838974,pobre,basal,0,625.0,620.0,1.0,35.0,8,33,26620,1,1.0
97,1.0,0.0,2.536,0.0,4.0,7,109.3165498947401,117.6600202838974,pobre,basal,0,600.0,671.0,1.0,43.0,16,33,26621,4,0.0
98,1.0,0.0,2.536,,,7,109.3165498947401,117.6600202838974,pobre,basal,0,600.0,671.0,1.0,43.0,17,33,26621,4,0.0
97,1.0,0.0,2.536,0.0,4.0,7,109.3165498947401,117.6600202838974,pobre,basal,0,600.0,671.0,1.0,43.0,15,33,26622,4,0.0
98,1.0,0.0,2.536,,,7,109.3165498947401,117.6600202838974,pobre,basal,0,600.0,671.0,1.0,43.0,16,33,26622,4,0.0
97,0.0,0.0,2.536,0.0,6.0,7,109.3165498947401,117.6600202838974,pobre,basal,0,600.0,671.0,1.0,43.0,13,33,26623,6,0.0
98,0.0,0.0,2.536,0.0,6.0,7,109.3165498947401,117.6600202838974,pobre,basal,0,600.0,671.0,1.0,43.0,14,33,26623,6,0.0
97,0.0,0.0,2.536,0.0,5.0,3,109.3165498947401,117.6600202838974,pobre,basal,4,1000.0,611.0,1.0,18.0,15,33,26624,5,0.0
98,0.0,0.0,2.536,1.0,5.0,3,109.3165498947401,117.6600202838974,pobre,basal,4,1000.0,611.0,1.0,18.0,16,33,26624,5,0.0
97,0.0,0.0,2.536,1.0,5.0,7,109.3165498947401,117.6600202838974,pobre,basal,6,1000.0,562.0,1.0,33.0,11,33,26625,5,1.0
98,0.0,0.0,2.536,0.0,6.0,7,109.3165498947401,117.6600202838974,pobre,basal,6,1000.0,562.0,1.0,33.0,12,33,26625,5,1.0
97,1.0,0.0,2.536,1.0,2.0,7,109.3165498947401,117.6600202838974,pobre,basal,6,1000.0,562.0,1.0,33.0,9,33,26626,2,1.0
98,1.0,0.0,2.536,1.0,3.0,7,109.3165498947401,117.6600202838974,pobre,basal,6,1000.0,562.0,1.0,33.0,10,33,26626,2,1.0
97,1.0,0.0,2.536,1.0,1.0,7,109.3165498947401,117.6600202838974,pobre,basal,6,1000.0,562.0,1.0,33.0,8,33,26627,1,1.0
98,1.0,0.0,2.536,1.0,0.0,7,109.3165498947401,117.6600202838974,pobre,basal,6,1000.0,562.0,1.0,33.0,9,33,26627,1,1.0
97,1.0,0.0,2.536,1.0,2.0,4,109.3165498947401,117.6600202838974,pobre,basal,0,1600.0,757.0,1.0,31.0,8,33,26628,2,1.0
98,1.0,0.0,2.536,1.0,3.0,4,109.3165498947401,117.6600202838974,pobre,basal,0,1600.0,757.0,1.0,31.0,9,33,26628,2,1.0
97,0.0,0.0,2.536,1.0,2.0,9,109.3165498947401,117.6600202838974,pobre,basal,0,800.0,794.25,1.0,46.0,13,33,26629,2,1.0
98,0.0,0.0,2.536,0.0,3.0,9,109.3165498947401,117.6600202838974,pobre,basal,0,800.0,794.25,1.0,46.0,14,33,26629,2,1.0
97,0.0,0.0,2.536,1.0,3.0,9,109.3165498947401,117.6600202838974,pobre,basal,0,800.0,794.25,1.0,46.0,10,33,26630,3,1.0
98,0.0,0.0,2.536,1.0,4.0,9,109.3165498947401,117.6600202838974,pobre,basal,0,800.0,794.25,1.0,46.0,11,33,26630,3,1.0
97,0.0,0.0,2.536,1.0,1.0,9,109.3165498947401,117.6600202838974,pobre,basal,0,800.0,794.25,1.0,46.0,7,33,26631,1,1.0
98,0.0,0.0,2.536,1.0,0.0,9,109.3165498947401,117.6600202838974,pobre,basal,0,800.0,794.25,1.0,46.0,8,33,26631,1,1.0
97,1.0,0.0,2.536,1.0,5.0,3,109.3165498947401,117.6600202838974,pobre,basal,0,625.0,778.17499,1.0,54.0,13,33,26632,5,1.0
98,1.0,0.0,2.536,0.0,6.0,3,109.3165498947401,117.6600202838974,pobre,basal,0,625.0,778.17499,1.0,54.0,14,33,26632,5,1.0
97,0.0,0.0,2.536,1.0,2.0,3,109.3165498947401,117.6600202838974,pobre,basal,0,625.0,778.17499,1.0,54.0,11,33,26633,2,1.0
98,0.0,0.0,2.536,1.0,3.0,3,109.3165498947401,117.6600202838974,pobre,basal,0,625.0,778.17499,1.0,54.0,12,33,26633,2,1.0
97,1.0,0.0,2.536,1.0,4.0,4,109.3165498947401,117.6600202838974,pobre,basal,1,1200.0,716.0,1.0,35.0,10,33,26634,4,1.0
98,1.0,0.0,2.536,1.0,5.0,4,109.3165498947401,117.6600202838974,pobre,basal,1,1200.0,716.0,1.0,35.0,11,33,26634,4,1.0
97,1.0,0.0,2.536,1.0,1.0,4,109.3165498947401,117.6600202838974,pobre,basal,1,1200.0,716.0,1.0,35.0,7,33,26635,1,1.0
98,1.0,0.0,2.536,1.0,0.0,4,109.3165498947401,117.6600202838974,pobre,basal,1,1200.0,716.0,1.0,35.0,8,33,26635,1,1.0
97,1.0,0.0,2.536,1.0,3.0,4,109.3165498947401,117.6600202838974,pobre,basal,6,600.0,687.0,0.0,30.0,11,33,26636,3,1.0
98,1.0,0.0,2.536,1.0,4.0,4,109.3165498947401,117.6600202838974,pobre,basal,6,600.0,687.0,0.0,30.0,12,33,26636,3,1.0
97,1.0,0.0,2.536,1.0,1.0,4,109.3165498947401,117.6600202838974,pobre,basal,6,600.0,687.0,0.0,30.0,8,33,26637,1,1.0
98,1.0,0.0,2.536,1.0,1.0,4,109.3165498947401,117.6600202838974,pobre,basal,6,600.0,687.0,0.0,30.0,9,33,26637,1,1.0
97,1.0,0.0,2.536,1.0,2.0,5,109.3165498947401,117.6600202838974,pobre,basal,2,625.0,647.0,1.0,29.0,8,33,26638,2,1.0
98,1.0,0.0,2.536,1.0,3.0,5,109.3165498947401,117.6600202838974,pobre,basal,2,625.0,647.0,1.0,29.0,9,33,26638,2,1.0
97,1.0,0.0,2.536,1.0,2.0,5,109.3165498947401,117.6600202838974,pobre,basal,2,625.0,647.0,1.0,29.0,7,33,26639,2,1.0
98,1.0,0.0,2.536,1.0,2.0,5,109.3165498947401,117.6600202838974,pobre,basal,2,625.0,647.0,1.0,29.0,8,33,26639,2,1.0
97,1.0,0.0,2.536,1.0,3.0,7,109.3165498947401,117.6600202838974,pobre,basal,3,625.0,620.5,1.0,31.0,13,33,26640,3,1.0
98,1.0,0.0,2.536,0.0,3.0,7,109.3165498947401,117.6600202838974,pobre,basal,3,625.0,620.5,1.0,31.0,14,33,26640,3,1.0
97,0.0,0.0,2.536,1.0,2.0,7,109.3165498947401,117.6600202838974,pobre,basal,3,625.0,620.5,1.0,31.0,12,33,26641,2,1.0
98,0.0,0.0,2.536,0.0,3.0,7,109.3165498947401,117.6600202838974,pobre,basal,3,625.0,620.5,1.0,31.0,13,33,26641,2,1.0
97,0.0,0.0,2.536,1.0,1.0,7,109.3165498947401,117.6600202838974,pobre,basal,3,625.0,620.5,1.0,31.0,10,33,26642,1,1.0
98,0.0,0.0,2.536,1.0,2.0,7,109.3165498947401,117.6600202838974,pobre,basal,3,625.0,620.5,1.0,31.0,11,33,26642,1,1.0
97,0.0,0.0,2.536,1.0,0.0,7,109.3165498947401,117.6600202838974,pobre,basal,3,625.0,620.5,1.0,31.0,6,33,26643,0,1.0
98,0.0,0.0,2.536,1.0,1.0,7,109.3165498947401,117.6600202838974,pobre,basal,3,625.0,620.5,1.0,31.0,7,33,26643,0,1.0
97,1.0,0.0,2.536,1.0,3.0,5,109.3165498947401,117.6600202838974,pobre,basal,3,1000.0,758.64099,1.0,45.0,11,33,26644,3,1.0
98,1.0,0.0,2.536,,,5,109.3165498947401,117.6600202838974,pobre,basal,3,1000.0,758.64099,1.0,45.0,12,33,26644,3,1.0
97,1.0,0.0,2.536,1.0,1.0,5,109.3165498947401,117.6600202838974,pobre,basal,3,1000.0,758.64099,1.0,45.0,8,33,26645,1,1.0
98,1.0,0.0,2.536,,,5,109.3165498947401,117.6600202838974,pobre,basal,3,1000.0,758.64099,1.0,45.0,9,33,26645,1,1.0
97,0.0,0.0,2.536,1.0,1.0,6,109.3165498947401,117.6600202838974,pobre,basal,0,0.0,623.0,1.0,31.0,7,33,26646,1,1.0
98,0.0,0.0,2.536,1.0,2.0,6,109.3165498947401,117.6600202838974,pobre,basal,0,0.0,623.0,1.0,31.0,8,33,26646,1,1.0
97,1.0,0.0,2.536,1.0,0.0,6,109.3165498947401,117.6600202838974,pobre,basal,0,0.0,623.0,1.0,31.0,6,33,26647,0,1.0
98,1.0,0.0,2.536,1.0,1.0,6,109.3165498947401,117.6600202838974,pobre,basal,0,0.0,623.0,1.0,31.0,7,33,26647,0,1.0
97,1.0,0.0,2.536,0.0,3.0,5,109.3165498947401,117.6600202838974,pobre,basal,1,625.0,760.66669,1.0,55.0,16,33,26648,3,0.0
98,1.0,0.0,2.536,,,5,109.3165498947401,117.6600202838974,pobre,basal,1,625.0,760.66669,1.0,55.0,17,33,26648,3,0.0
97,0.0,0.0,2.536,0.0,2.0,5,109.3165498947401,117.6600202838974,pobre,basal,1,625.0,760.66669,1.0,55.0,14,33,26649,2,0.0
98,0.0,0.0,2.536,0.0,2.0,5,109.3165498947401,117.6600202838974,pobre,basal,1,625.0,760.66669,1.0,55.0,15,33,26649,2,0.0
97,1.0,0.0,2.536,1.0,4.0,4,109.3165498947401,117.6600202838974,pobre,basal,2,1000.0,844.0,1.0,36.0,10,33,26650,4,1.0
98,1.0,0.0,2.536,1.0,5.0,4,109.3165498947401,117.6600202838974,pobre,basal,2,1000.0,844.0,1.0,36.0,11,33,26650,4,1.0
97,0.0,0.0,2.536,0.0,5.0,5,109.3165498947401,117.6600202838974,pobre,basal,0,375.0,692.0,0.0,53.0,16,33,26651,5,0.0
98,0.0,0.0,2.536,,,5,109.3165498947401,117.6600202838974,pobre,basal,0,375.0,692.0,0.0,53.0,17,33,26651,5,0.0
97,0.0,0.0,2.536,1.0,8.0,7,109.3165498947401,117.6600202838974,pobre,basal,6,625.0,707.5,1.0,19.0,15,33,26652,8,1.0
98,0.0,0.0,2.536,0.0,3.0,7,109.3165498947401,117.6600202838974,pobre,basal,6,625.0,707.5,1.0,19.0,16,33,26652,8,1.0
97,0.0,0.0,2.536,1.0,6.0,7,109.3165498947401,117.6600202838974,pobre,basal,6,625.0,707.5,1.0,19.0,13,33,26653,6,1.0
98,0.0,0.0,2.536,1.0,7.0,7,109.3165498947401,117.6600202838974,pobre,basal,6,625.0,707.5,1.0,19.0,14,33,26653,6,1.0
97,0.0,0.0,2.536,1.0,5.0,7,109.3165498947401,117.6600202838974,pobre,basal,6,625.0,707.5,1.0,19.0,11,33,26654,5,1.0
98,0.0,0.0,2.536,1.0,6.0,7,109.3165498947401,117.6600202838974,pobre,basal,6,625.0,707.5,1.0,19.0,12,33,26654,5,1.0
97,0.0,0.0,2.536,1.0,2.0,7,109.3165498947401,117.6600202838974,pobre,basal,6,625.0,707.5,1.0,19.0,8,33,26655,2,1.0
98,0.0,0.0,2.536,1.0,3.0,7,109.3165498947401,117.6600202838974,pobre,basal,6,625.0,707.5,1.0,19.0,9,33,26655,2,1.0
97,0.0,0.0,2.536,1.0,0.0,7,109.3165498947401,117.6600202838974,pobre,basal,6,625.0,707.5,1.0,19.0,6,33,26656,0,1.0
98,0.0,0.0,2.536,1.0,1.0,7,109.3165498947401,117.6600202838974,pobre,basal,6,625.0,707.5,1.0,19.0,7,33,26656,0,1.0
97,1.0,0.0,2.536,,0.0,9,109.3165498947401,117.6600202838974,pobre,basal,0,500.0,478.0,1.0,45.0,15,33,26657,0,
98,1.0,0.0,2.536,,,9,109.3165498947401,117.6600202838974,pobre,basal,0,500.0,478.0,1.0,45.0,16,33,26657,0,
97,1.0,0.0,2.536,1.0,3.0,9,109.3165498947401,117.6600202838974,pobre,basal,0,500.0,478.0,1.0,45.0,11,33,26658,3,1.0
98,1.0,0.0,2.536,1.0,4.0,9,109.3165498947401,117.6600202838974,pobre,basal,0,500.0,478.0,1.0,45.0,12,33,26658,3,1.0
97,0.0,0.0,2.536,1.0,2.0,9,109.3165498947401,117.6600202838974,pobre,basal,0,500.0,478.0,1.0,45.0,10,33,26659,2,1.0
98,0.0,0.0,2.536,1.0,3.0,9,109.3165498947401,117.6600202838974,pobre,basal,0,500.0,478.0,1.0,45.0,11,33,26659,2,1.0
97,1.0,0.0,2.536,1.0,0.0,9,109.3165498947401,117.6600202838974,pobre,basal,0,500.0,478.0,1.0,45.0,7,33,26660,0,1.0
98,1.0,0.0,2.536,1.0,1.0,9,109.3165498947401,117.6600202838974,pobre,basal,0,500.0,478.0,1.0,45.0,8,33,26660,0,1.0
97,1.0,0.0,2.536,0.0,6.0,6,109.3165498947401,117.6600202838974,pobre,basal,1,750.0,747.0,1.0,53.0,15,33,26661,6,0.0
98,1.0,0.0,2.536,,,6,109.3165498947401,117.6600202838974,pobre,basal,1,750.0,747.0,1.0,53.0,16,33,26661,6,0.0
97,1.0,0.0,2.536,1.0,5.0,6,109.3165498947401,117.6600202838974,pobre,basal,1,750.0,747.0,1.0,53.0,12,33,26662,5,1.0
98,1.0,0.0,2.536,0.0,6.0,6,109.3165498947401,117.6600202838974,pobre,basal,1,750.0,747.0,1.0,53.0,13,33,26662,5,1.0
97,0.0,0.0,2.536,1.0,0.0,6,109.3165498947401,117.6600202838974,pobre,basal,1,750.0,747.0,1.0,53.0,6,33,26663,0,1.0
98,0.0,0.0,2.536,1.0,1.0,6,109.3165498947401,117.6600202838974,pobre,basal,1,750.0,747.0,1.0,53.0,7,33,26663,0,1.0
97,0.0,0.0,2.536,1.0,4.0,5,109.3165498947401,117.6600202838974,pobre,basal,3,0.0,655.0,1.0,30.0,10,33,26664,4,1.0
98,0.0,0.0,2.536,1.0,5.0,5,109.3165498947401,117.6600202838974,pobre,basal,3,0.0,655.0,1.0,30.0,11,33,26664,4,1.0
97,0.0,0.0,2.536,1.0,3.0,5,109.3165498947401,117.6600202838974,pobre,basal,3,0.0,655.0,1.0,30.0,8,33,26665,3,1.0
98,0.0,0.0,2.536,1.0,4.0,5,109.3165498947401,117.6600202838974,pobre,basal,3,0.0,655.0,1.0,30.0,9,33,26665,3,1.0
97,0.0,0.0,2.536,1.0,0.0,5,109.3165498947401,117.6600202838974,pobre,basal,3,0.0,655.0,1.0,30.0,6,33,26666,0,1.0
98,0.0,0.0,2.536,1.0,1.0,5,109.3165498947401,117.6600202838974,pobre,basal,3,0.0,655.0,1.0,30.0,7,33,26666,0,1.0
97,1.0,0.0,2.536,1.0,3.0,6,109.3165498947401,117.6600202838974,pobre,basal,0,750.0,627.0,1.0,27.0,9,33,26667,3,1.0
98,1.0,0.0,2.536,1.0,4.0,6,109.3165498947401,117.6600202838974,pobre,basal,0,750.0,627.0,1.0,27.0,10,33,26667,3,1.0
97,0.0,0.0,2.536,1.0,2.0,6,109.3165498947401,117.6600202838974,pobre,basal,0,750.0,627.0,1.0,27.0,8,33,26668,2,1.0
98,0.0,0.0,2.536,1.0,3.0,6,109.3165498947401,117.6600202838974,pobre,basal,0,750.0,627.0,1.0,27.0,9,33,26668,2,1.0
97,0.0,0.0,2.536,0.0,6.0,5,109.3165498947401,117.6600202838974,pobre,basal,2,625.0,665.5,1.0,59.0,15,33,26669,6,0.0
98,0.0,0.0,2.536,1.0,6.0,5,109.3165498947401,117.6600202838974,pobre,basal,2,625.0,665.5,1.0,59.0,16,33,26669,6,0.0
97,1.0,0.0,2.536,0.0,6.0,5,109.3165498947401,117.6600202838974,pobre,basal,2,625.0,665.5,1.0,59.0,13,33,26670,6,0.0
98,1.0,0.0,2.536,0.0,6.0,5,109.3165498947401,117.6600202838974,pobre,basal,2,625.0,665.5,1.0,59.0,14,33,26670,6,0.0
97,0.0,0.0,2.536,1.0,3.0,5,109.3165498947401,117.6600202838974,pobre,basal,2,625.0,665.5,1.0,59.0,11,33,26671,3,1.0
98,0.0,0.0,2.536,1.0,4.0,5,109.3165498947401,117.6600202838974,pobre,basal,2,625.0,665.5,1.0,59.0,12,33,26671,3,1.0
97,1.0,0.0,2.536,1.0,4.0,5,109.3165498947401,117.6600202838974,no pobre,basal,3,800.0,807.0,1.0,33.0,10,33,26672,4,1.0
98,1.0,0.0,2.536,1.0,5.0,5,109.3165498947401,117.6600202838974,no pobre,basal,3,800.0,807.0,1.0,33.0,11,33,26672,4,1.0
97,0.0,0.0,2.536,1.0,2.0,5,109.3165498947401,117.6600202838974,no pobre,basal,3,800.0,807.0,1.0,33.0,8,33,26673,2,1.0
98,0.0,0.0,2.536,1.0,3.0,5,109.3165498947401,117.6600202838974,no pobre,basal,3,800.0,807.0,1.0,33.0,9,33,26673,2,1.0
97,1.0,1.0,3.1329999,1.0,10.0,4,122.1542438391424,129.9658503478246,pobre,basal,1,500.0,846.0,1.0,60.0,16,62,26674,10,1.0
98,1.0,1.0,3.1329999,,,4,122.1542438391424,129.9658503478246,pobre,basal,1,500.0,846.0,1.0,60.0,17,62,26674,10,1.0
97,0.0,1.0,3.1329999,1.0,4.0,4,122.1542438391424,129.9658503478246,pobre,basal,1,500.0,846.0,1.0,60.0,14,62,26675,4,1.0
98,0.0,1.0,3.1329999,1.0,5.0,4,122.1542438391424,129.9658503478246,pobre,basal,1,500.0,846.0,1.0,60.0,15,62,26675,4,1.0
97,0.0,1.0,3.1329999,1.0,4.0,4,122.1542438391424,129.9658503478246,pobre,basal,6,500.0,721.0,1.0,30.0,10,62,26676,4,1.0
98,0.0,1.0,3.1329999,1.0,5.0,4,122.1542438391424,129.9658503478246,pobre,basal,6,500.0,721.0,1.0,30.0,11,62,26676,4,1.0
97,0.0,1.0,3.1329999,,9.0,5,122.1542438391424,129.9658503478246,pobre,basal,0,0.0,622.0,1.0,50.0,16,62,26677,9,
98,0.0,1.0,3.1329999,0.0,9.0,5,122.1542438391424,129.9658503478246,pobre,basal,0,0.0,622.0,1.0,50.0,17,62,26677,9,
97,1.0,1.0,3.1329999,1.0,6.0,5,122.1542438391424,129.9658503478246,pobre,basal,0,0.0,622.0,1.0,50.0,14,62,26678,6,1.0
98,1.0,1.0,3.1329999,1.0,7.0,5,122.1542438391424,129.9658503478246,pobre,basal,0,0.0,622.0,1.0,50.0,15,62,26678,6,1.0
97,0.0,0.0,3.1329999,1.0,0.0,5,122.1542438391424,129.9658503478246,pobre,basal,0,500.0,682.0,1.0,26.0,6,62,26679,0,1.0
98,0.0,0.0,3.1329999,1.0,1.0,5,122.1542438391424,129.9658503478246,pobre,basal,0,500.0,682.0,1.0,26.0,7,62,26679,0,1.0
97,1.0,1.0,3.1329999,1.0,3.0,7,122.1542438391424,129.9658503478246,pobre,basal,5,0.0,607.0,1.0,48.0,16,62,26680,3,1.0
98,1.0,1.0,3.1329999,0.0,5.0,7,122.1542438391424,129.9658503478246,pobre,basal,5,0.0,607.0,1.0,48.0,17,62,26680,3,1.0
97,1.0,1.0,3.1329999,1.0,8.0,7,122.1542438391424,129.9658503478246,pobre,basal,5,0.0,607.0,1.0,48.0,14,62,26681,8,1.0
98,1.0,1.0,3.1329999,0.0,9.0,7,122.1542438391424,129.9658503478246,pobre,basal,5,0.0,607.0,1.0,48.0,15,62,26681,8,1.0
97,0.0,1.0,3.1329999,1.0,6.0,7,122.1542438391424,129.9658503478246,pobre,basal,5,0.0,607.0,1.0,48.0,12,62,26682,6,1.0
98,0.0,1.0,3.1329999,1.0,7.0,7,122.1542438391424,129.9658503478246,pobre,basal,5,0.0,607.0,1.0,48.0,13,62,26682,6,1.0
97,1.0,1.0,3.1329999,1.0,5.0,7,122.1542438391424,129.9658503478246,pobre,basal,5,0.0,607.0,1.0,48.0,11,62,26683,5,1.0
98,1.0,1.0,3.1329999,1.0,6.0,7,122.1542438391424,129.9658503478246,pobre,basal,5,0.0,607.0,1.0,48.0,12,62,26683,5,1.0
97,1.0,1.0,3.1329999,0.0,6.0,9,122.1542438391424,129.9658503478246,pobre,basal,6,500.0,850.0,1.0,42.0,16,62,26684,6,0.0
98,1.0,1.0,3.1329999,,,9,122.1542438391424,129.9658503478246,pobre,basal,6,500.0,850.0,1.0,42.0,17,62,26684,6,0.0
97,0.0,1.0,3.1329999,1.0,6.0,9,122.1542438391424,129.9658503478246,pobre,basal,6,500.0,850.0,1.0,42.0,15,62,26685,6,1.0
98,0.0,1.0,3.1329999,,,9,122.1542438391424,129.9658503478246,pobre,basal,6,500.0,850.0,1.0,42.0,16,62,26685,6,1.0
97,0.0,1.0,3.1329999,1.0,5.0,9,122.1542438391424,129.9658503478246,pobre,basal,6,500.0,850.0,1.0,42.0,12,62,26686,5,1.0
98,0.0,1.0,3.1329999,,,9,122.1542438391424,129.9658503478246,pobre,basal,6,500.0,850.0,1.0,42.0,13,62,26686,5,1.0
97,1.0,1.0,3.1329999,1.0,3.0,9,122.1542438391424,129.9658503478246,pobre,basal,6,500.0,850.0,1.0,42.0,10,62,26687,3,1.0
98,1.0,1.0,3.1329999,,,9,122.1542438391424,129.9658503478246,pobre,basal,6,500.0,850.0,1.0,42.0,11,62,26687,3,1.0
97,1.0,1.0,3.1329999,1.0,7.0,7,122.1542438391424,129.9658503478246,pobre,basal,12,1250.0,644.0,1.0,35.0,15,62,26688,7,1.0
98,1.0,1.0,3.1329999,0.0,8.0,7,122.1542438391424,129.9658503478246,pobre,basal,12,1250.0,644.0,1.0,35.0,16,62,26688,7,1.0
97,1.0,0.0,3.1329999,1.0,7.0,7,122.1542438391424,129.9658503478246,pobre,basal,12,1250.0,644.0,1.0,35.0,13,62,26689,7,1.0
98,1.0,0.0,3.1329999,0.0,8.0,7,122.1542438391424,129.9658503478246,pobre,basal,12,1250.0,644.0,1.0,35.0,14,62,26689,7,1.0
97,0.0,0.0,3.1329999,1.0,0.0,7,122.1542438391424,129.9658503478246,pobre,basal,12,1250.0,644.0,1.0,35.0,6,62,26690,0,1.0
98,0.0,0.0,3.1329999,1.0,0.0,7,122.1542438391424,129.9658503478246,pobre,basal,12,1250.0,644.0,1.0,35.0,7,62,26690,0,1.0
97,1.0,1.0,3.1329999,1.0,7.0,5,122.1542438391424,129.9658503478246,pobre,basal,2,1400.0,735.0,1.0,44.0,13,62,26691,7,1.0
98,1.0,1.0,3.1329999,1.0,8.0,5,122.1542438391424,129.9658503478246,pobre,basal,2,1400.0,735.0,1.0,44.0,14,62,26691,7,1.0
97,1.0,1.0,3.1329999,1.0,8.0,5,122.1542438391424,129.9658503478246,pobre,basal,8,500.0,883.0,1.0,37.0,14,62,26692,8,1.0
98,1.0,1.0,3.1329999,1.0,9.0,5,122.1542438391424,129.9658503478246,pobre,basal,8,500.0,883.0,1.0,37.0,15,62,26692,8,1.0
97,1.0,1.0,3.1329999,1.0,3.0,5,122.1542438391424,129.9658503478246,pobre,basal,8,500.0,883.0,1.0,37.0,9,62,26693,3,1.0
98,1.0,1.0,3.1329999,1.0,3.0,5,122.1542438391424,129.9658503478246,pobre,basal,8,500.0,883.0,1.0,37.0,10,62,26693,3,1.0
97,1.0,1.0,3.1329999,1.0,7.0,9,122.1542438391424,129.9658503478246,pobre,basal,3,500.0,780.0,1.0,57.0,14,62,26694,7,1.0
98,1.0,1.0,3.1329999,1.0,8.0,9,122.1542438391424,129.9658503478246,pobre,basal,3,500.0,780.0,1.0,57.0,15,62,26694,7,1.0
97,0.0,1.0,3.1329999,1.0,4.0,9,122.1542438391424,129.9658503478246,pobre,basal,3,500.0,780.0,1.0,57.0,11,62,26695,4,1.0
98,0.0,1.0,3.1329999,1.0,6.0,9,122.1542438391424,129.9658503478246,pobre,basal,3,500.0,780.0,1.0,57.0,12,62,26695,4,1.0
97,0.0,1.0,3.1329999,1.0,5.0,6,122.1542438391424,129.9658503478246,pobre,basal,2,1000.0,851.0,1.0,60.0,13,62,26696,5,1.0
98,0.0,1.0,3.1329999,,,6,122.1542438391424,129.9658503478246,pobre,basal,2,1000.0,851.0,1.0,60.0,14,62,26696,5,1.0
97,0.0,0.0,3.1329999,1.0,1.0,6,122.1542438391424,129.9658503478246,pobre,basal,2,1000.0,851.0,1.0,60.0,7,62,26697,1,1.0
98,0.0,0.0,3.1329999,1.0,2.0,6,122.1542438391424,129.9658503478246,pobre,basal,2,1000.0,851.0,1.0,60.0,8,62,26697,1,1.0
97,1.0,1.0,3.1329999,0.0,6.0,9,122.1542438391424,129.9658503478246,pobre,basal,0,500.0,815.5,1.0,56.0,15,62,26698,6,0.0
98,1.0,1.0,3.1329999,0.0,6.0,9,122.1542438391424,129.9658503478246,pobre,basal,0,500.0,815.5,1.0,56.0,16,62,26698,6,0.0
97,1.0,1.0,3.1329999,1.0,5.0,9,122.1542438391424,129.9658503478246,pobre,basal,0,500.0,815.5,1.0,56.0,12,62,26699,5,1.0
98,1.0,1.0,3.1329999,1.0,6.0,9,122.1542438391424,129.9658503478246,pobre,basal,0,500.0,815.5,1.0,56.0,13,62,26699,5,1.0
97,0.0,1.0,3.1329999,1.0,5.0,6,122.1542438391424,129.9658503478246,pobre,basal,6,750.0,751.0,1.0,37.0,11,62,26700,5,1.0
98,0.0,1.0,3.1329999,0.0,5.0,6,122.1542438391424,129.9658503478246,pobre,basal,6,750.0,751.0,1.0,37.0,12,62,26700,5,1.0
97,1.0,1.0,3.1329999,1.0,1.0,6,122.1542438391424,129.9658503478246,pobre,basal,6,750.0,751.0,1.0,37.0,10,62,26701,1,1.0
98,1.0,1.0,3.1329999,1.0,2.0,6,122.1542438391424,129.9658503478246,pobre,basal,6,750.0,751.0,1.0,37.0,11,62,26701,1,1.0
97,0.0,1.0,3.1329999,1.0,1.0,6,122.1542438391424,129.9658503478246,pobre,basal,6,750.0,751.0,1.0,37.0,8,62,26702,1,1.0
98,0.0,1.0,3.1329999,1.0,2.0,6,122.1542438391424,129.9658503478246,pobre,basal,6,750.0,751.0,1.0,37.0,9,62,26702,1,1.0
97,1.0,1.0,3.1329999,1.0,8.0,4,122.1542438391424,129.9658503478246,pobre,basal,9,625.0,790.0,1.0,33.0,16,62,26703,8,1.0
98,1.0,1.0,3.1329999,,,4,122.1542438391424,129.9658503478246,pobre,basal,9,625.0,790.0,1.0,33.0,17,62,26703,8,1.0
97,0.0,0.0,3.1329999,0.0,8.0,3,122.1542438391424,129.9658503478246,pobre,basal,9,0.0,854.0,1.0,25.0,16,62,26704,8,0.0
98,0.0,0.0,3.1329999,,,3,122.1542438391424,129.9658503478246,pobre,basal,9,0.0,854.0,1.0,25.0,17,62,26704,8,0.0
97,0.0,0.0,3.1329999,1.0,1.0,5,122.1542438391424,129.9658503478246,pobre,basal,8,625.0,782.33099,1.0,56.0,6,62,26705,1,1.0
98,0.0,0.0,3.1329999,1.0,1.0,5,122.1542438391424,129.9658503478246,pobre,basal,8,625.0,782.33099,1.0,56.0,7,62,26705,1,1.0
97,0.0,0.0,3.1329999,1.0,2.0,5,122.1542438391424,129.9658503478246,no pobre,basal,9,800.0,960.0,1.0,33.0,8,62,26706,2,1.0
98,0.0,0.0,3.1329999,1.0,3.0,5,122.1542438391424,129.9658503478246,no pobre,basal,9,800.0,960.0,1.0,33.0,9,62,26706,2,1.0
97,1.0,0.0,3.1329999,1.0,3.0,4,122.1542438391424,129.9658503478246,pobre,basal,2,750.0,715.0,1.0,28.0,9,62,26707,3,1.0
98,1.0,0.0,3.1329999,1.0,4.0,4,122.1542438391424,129.9658503478246,pobre,basal,2,750.0,715.0,1.0,28.0,10,62,26707,3,1.0
97,0.0,1.0,3.1329999,0.0,6.0,9,122.1542438391424,129.9658503478246,pobre,basal,0,1250.0,565.0,1.0,48.0,15,62,26708,6,0.0
98,0.0,1.0,3.1329999,0.0,6.0,9,122.1542438391424,129.9658503478246,pobre,basal,0,1250.0,565.0,1.0,48.0,16,62,26708,6,0.0
97,1.0,1.0,3.1329999,1.0,6.0,9,122.1542438391424,129.9658503478246,pobre,basal,0,1250.0,565.0,1.0,48.0,13,62,26709,6,1.0
98,1.0,1.0,3.1329999,1.0,7.0,9,122.1542438391424,129.9658503478246,pobre,basal,0,1250.0,565.0,1.0,48.0,14,62,26709,6,1.0
97,0.0,1.0,3.1329999,1.0,3.0,9,122.1542438391424,129.9658503478246,pobre,basal,0,1250.0,565.0,1.0,48.0,10,62,26710,3,1.0
98,0.0,1.0,3.1329999,1.0,4.0,9,122.1542438391424,129.9658503478246,pobre,basal,0,1250.0,565.0,1.0,48.0,11,62,26710,3,1.0
97,1.0,1.0,3.1329999,1.0,1.0,9,122.1542438391424,129.9658503478246,pobre,basal,0,1250.0,565.0,1.0,48.0,9,62,26711,1,1.0
98,1.0,1.0,3.1329999,1.0,2.0,9,122.1542438391424,129.9658503478246,pobre,basal,0,1250.0,565.0,1.0,48.0,10,62,26711,1,1.0
97,1.0,1.0,3.1329999,1.0,7.0,4,122.1542438391424,129.9658503478246,pobre,basal,3,0.0,782.0,0.0,47.0,15,62,26712,7,1.0
98,1.0,1.0,3.1329999,1.0,8.0,4,122.1542438391424,129.9658503478246,pobre,basal,3,0.0,782.0,0.0,47.0,16,62,26712,7,1.0
97,0.0,1.0,3.1329999,1.0,4.0,6,122.1542438391424,129.9658503478246,pobre,basal,6,875.0,642.0,1.0,33.0,9,62,26713,4,1.0
98,0.0,1.0,3.1329999,1.0,5.0,6,122.1542438391424,129.9658503478246,pobre,basal,6,875.0,642.0,1.0,33.0,10,62,26713,4,1.0
97,1.0,1.0,3.1329999,1.0,2.0,6,122.1542438391424,129.9658503478246,pobre,basal,6,875.0,642.0,1.0,33.0,7,62,26714,2,1.0
98,1.0,1.0,3.1329999,1.0,3.0,6,122.1542438391424,129.9658503478246,pobre,basal,6,875.0,642.0,1.0,33.0,8,62,26714,2,1.0
97,0.0,1.0,3.1329999,1.0,0.0,6,122.1542438391424,129.9658503478246,pobre,basal,6,875.0,642.0,1.0,33.0,6,62,26715,0,1.0
98,0.0,1.0,3.1329999,1.0,1.0,6,122.1542438391424,129.9658503478246,pobre,basal,6,875.0,642.0,1.0,33.0,7,62,26715,0,1.0
97,1.0,1.0,3.1329999,1.0,1.0,4,122.1542438391424,129.9658503478246,no pobre,basal,9,600.0,882.0,1.0,29.0,7,62,26716,1,1.0
98,1.0,1.0,3.1329999,1.0,2.0,4,122.1542438391424,129.9658503478246,no pobre,basal,9,600.0,882.0,1.0,29.0,8,62,26716,1,1.0
97,0.0,1.0,3.1329999,1.0,5.0,6,122.1542438391424,129.9658503478246,pobre,basal,3,625.0,789.0,1.0,46.0,15,62,26717,5,1.0
98,0.0,1.0,3.1329999,1.0,6.0,6,122.1542438391424,129.9658503478246,pobre,basal,3,625.0,789.0,1.0,46.0,16,62,26717,5,1.0
97,1.0,1.0,3.1329999,1.0,4.0,6,122.1542438391424,129.9658503478246,pobre,basal,3,625.0,789.0,1.0,46.0,11,62,26718,4,1.0
98,1.0,1.0,3.1329999,1.0,5.0,6,122.1542438391424,129.9658503478246,pobre,basal,3,625.0,789.0,1.0,46.0,12,62,26718,4,1.0
97,1.0,1.0,3.1329999,1.0,2.0,6,122.1542438391424,129.9658503478246,pobre,basal,3,625.0,789.0,1.0,46.0,10,62,26719,2,1.0
98,1.0,1.0,3.1329999,1.0,3.0,6,122.1542438391424,129.9658503478246,pobre,basal,3,625.0,789.0,1.0,46.0,11,62,26719,2,1.0
97,1.0,1.0,3.1329999,0.0,6.0,3,122.1542438391424,129.9658503478246,pobre,basal,4,625.0,835.5,1.0,45.0,14,62,26720,6,0.0
98,1.0,1.0,3.1329999,,,3,122.1542438391424,129.9658503478246,pobre,basal,4,625.0,835.5,1.0,45.0,15,62,26720,6,0.0
97,0.0,1.0,3.1329999,0.0,8.0,9,122.1542438391424,129.9658503478246,pobre,basal,4,625.0,757.5,1.0,56.0,15,62,26721,8,0.0
98,0.0,1.0,3.1329999,0.0,8.0,9,122.1542438391424,129.9658503478246,pobre,basal,4,625.0,757.5,1.0,56.0,16,62,26721,8,0.0
97,1.0,1.0,3.1329999,1.0,7.0,9,122.1542438391424,129.9658503478246,pobre,basal,4,625.0,757.5,1.0,56.0,13,62,26722,7,1.0
98,1.0,1.0,3.1329999,1.0,8.0,9,122.1542438391424,129.9658503478246,pobre,basal,4,625.0,757.5,1.0,56.0,14,62,26722,7,1.0
97,1.0,1.0,3.1329999,1.0,2.0,9,122.1542438391424,129.9658503478246,pobre,basal,4,625.0,757.5,1.0,56.0,8,62,26723,2,1.0
98,1.0,1.0,3.1329999,1.0,3.0,9,122.1542438391424,129.9658503478246,pobre,basal,4,625.0,757.5,1.0,56.0,9,62,26723,2,1.0
97,0.0,1.0,3.1329999,1.0,3.0,9,122.1542438391424,129.9658503478246,pobre,basal,4,625.0,757.5,1.0,56.0,10,62,26724,3,1.0
98,0.0,1.0,3.1329999,1.0,4.0,9,122.1542438391424,129.9658503478246,pobre,basal,4,625.0,757.5,1.0,56.0,11,62,26724,3,1.0
97,0.0,1.0,3.1329999,1.0,0.0,9,122.1542438391424,129.9658503478246,pobre,basal,4,625.0,757.5,1.0,56.0,7,62,26725,0,1.0
98,0.0,1.0,3.1329999,1.0,1.0,9,122.1542438391424,129.9658503478246,pobre,basal,4,625.0,757.5,1.0,56.0,8,62,26725,0,1.0
97,0.0,1.0,3.1329999,0.0,9.0,4,122.1542438391424,129.9658503478246,pobre,basal,9,0.0,738.0,0.0,33.0,14,62,26726,9,0.0
98,0.0,1.0,3.1329999,1.0,8.0,4,122.1542438391424,129.9658503478246,pobre,basal,9,0.0,738.0,0.0,33.0,15,62,26726,9,0.0
97,0.0,1.0,3.1329999,1.0,6.0,4,122.1542438391424,129.9658503478246,pobre,basal,9,0.0,738.0,0.0,33.0,12,62,26727,6,1.0
98,0.0,1.0,3.1329999,1.0,7.0,4,122.1542438391424,129.9658503478246,pobre,basal,9,0.0,738.0,0.0,33.0,13,62,26727,6,1.0
97,1.0,1.0,3.1329999,1.0,5.0,4,122.1542438391424,129.9658503478246,pobre,basal,9,0.0,738.0,0.0,33.0,11,62,26728,5,1.0
98,1.0,1.0,3.1329999,1.0,6.0,4,122.1542438391424,129.9658503478246,pobre,basal,9,0.0,738.0,0.0,33.0,12,62,26728,5,1.0
97,1.0,1.0,3.1329999,0.0,6.0,10,122.1542438391424,129.9658503478246,no pobre,basal,4,500.0,912.0,1.0,42.0,16,62,26729,6,0.0
98,1.0,1.0,3.1329999,,,10,122.1542438391424,129.9658503478246,no pobre,basal,4,500.0,912.0,1.0,42.0,17,62,26729,6,0.0
97,0.0,1.0,3.1329999,0.0,6.0,10,122.1542438391424,129.9658503478246,no pobre,basal,4,500.0,912.0,1.0,42.0,15,62,26730,6,0.0
98,0.0,1.0,3.1329999,0.0,6.0,10,122.1542438391424,129.9658503478246,no pobre,basal,4,500.0,912.0,1.0,42.0,16,62,26730,6,0.0
97,0.0,1.0,3.1329999,1.0,5.0,10,122.1542438391424,129.9658503478246,no pobre,basal,4,500.0,912.0,1.0,42.0,12,62,26731,5,1.0
98,0.0,1.0,3.1329999,1.0,6.0,10,122.1542438391424,129.9658503478246,no pobre,basal,4,500.0,912.0,1.0,42.0,13,62,26731,5,1.0
97,0.0,1.0,3.1329999,1.0,1.0,10,122.1542438391424,129.9658503478246,no pobre,basal,4,500.0,912.0,1.0,42.0,9,62,26732,1,1.0
98,0.0,1.0,3.1329999,1.0,2.0,10,122.1542438391424,129.9658503478246,no pobre,basal,4,500.0,912.0,1.0,42.0,10,62,26732,1,1.0
97,0.0,1.0,3.1329999,0.0,5.0,6,122.1542438391424,129.9658503478246,pobre,basal,6,500.0,645.0,1.0,40.0,13,62,26733,5,0.0
98,0.0,1.0,3.1329999,1.0,5.0,6,122.1542438391424,129.9658503478246,pobre,basal,6,500.0,645.0,1.0,40.0,14,62,26733,5,0.0
97,1.0,1.0,3.1329999,1.0,4.0,6,122.1542438391424,129.9658503478246,pobre,basal,6,500.0,645.0,1.0,40.0,11,62,26734,4,1.0
98,1.0,1.0,3.1329999,1.0,5.0,6,122.1542438391424,129.9658503478246,pobre,basal,6,500.0,645.0,1.0,40.0,12,62,26734,4,1.0
97,0.0,1.0,3.1329999,1.0,1.0,6,122.1542438391424,129.9658503478246,pobre,basal,6,500.0,645.0,1.0,40.0,9,62,26735,1,1.0
98,0.0,1.0,3.1329999,1.0,2.0,6,122.1542438391424,129.9658503478246,pobre,basal,6,500.0,645.0,1.0,40.0,10,62,26735,1,1.0
97,0.0,1.0,3.1329999,0.0,9.0,10,122.1542438391424,129.9658503478246,no pobre,basal,2,625.0,634.0,1.0,43.0,16,62,26736,9,0.0
98,0.0,1.0,3.1329999,,,10,122.1542438391424,129.9658503478246,no pobre,basal,2,625.0,634.0,1.0,43.0,17,62,26736,9,0.0
97,0.0,1.0,3.1329999,1.0,7.0,10,122.1542438391424,129.9658503478246,no pobre,basal,2,625.0,634.0,1.0,43.0,15,62,26737,7,1.0
98,0.0,1.0,3.1329999,1.0,8.0,10,122.1542438391424,129.9658503478246,no pobre,basal,2,625.0,634.0,1.0,43.0,16,62,26737,7,1.0
97,1.0,1.0,3.1329999,1.0,4.0,10,122.1542438391424,129.9658503478246,no pobre,basal,2,625.0,634.0,1.0,43.0,13,62,26738,4,1.0
98,1.0,1.0,3.1329999,1.0,5.0,10,122.1542438391424,129.9658503478246,no pobre,basal,2,625.0,634.0,1.0,43.0,14,62,26738,4,1.0
97,0.0,1.0,3.1329999,1.0,4.0,10,122.1542438391424,129.9658503478246,no pobre,basal,2,625.0,634.0,1.0,43.0,11,62,26739,4,1.0
98,0.0,1.0,3.1329999,1.0,5.0,10,122.1542438391424,129.9658503478246,no pobre,basal,2,625.0,634.0,1.0,43.0,12,62,26739,4,1.0
97,1.0,1.0,3.1329999,1.0,2.0,10,122.1542438391424,129.9658503478246,no pobre,basal,2,625.0,634.0,1.0,43.0,9,62,26740,2,1.0
98,1.0,1.0,3.1329999,1.0,3.0,10,122.1542438391424,129.9658503478246,no pobre,basal,2,625.0,634.0,1.0,43.0,10,62,26740,2,1.0
97,1.0,1.0,3.1329999,1.0,4.0,4,122.1542438391424,129.9658503478246,pobre,basal,0,750.0,728.70099,1.0,54.0,13,62,26741,4,1.0
98,1.0,1.0,3.1329999,1.0,5.0,4,122.1542438391424,129.9658503478246,pobre,basal,0,750.0,728.70099,1.0,54.0,14,62,26741,4,1.0
97,1.0,1.0,3.1329999,1.0,4.0,6,122.1542438391424,129.9658503478246,pobre,basal,6,0.0,692.0,1.0,40.0,14,62,26742,4,1.0
98,1.0,1.0,3.1329999,1.0,4.0,6,122.1542438391424,129.9658503478246,pobre,basal,6,0.0,692.0,1.0,40.0,15,62,26742,4,1.0
97,1.0,1.0,3.1329999,1.0,5.0,6,122.1542438391424,129.9658503478246,pobre,basal,6,0.0,692.0,1.0,40.0,14,62,26743,5,1.0
98,1.0,1.0,3.1329999,1.0,6.0,6,122.1542438391424,129.9658503478246,pobre,basal,6,0.0,692.0,1.0,40.0,15,62,26743,5,1.0
97,1.0,1.0,3.1329999,1.0,5.0,6,122.1542438391424,129.9658503478246,pobre,basal,6,0.0,692.0,1.0,40.0,13,62,26744,5,1.0
98,1.0,1.0,3.1329999,1.0,6.0,6,122.1542438391424,129.9658503478246,pobre,basal,6,0.0,692.0,1.0,40.0,14,62,26744,5,1.0
97,1.0,1.0,3.1329999,1.0,6.0,5,122.1542438391424,129.9658503478246,no pobre,basal,6,1250.0,962.0,1.0,35.0,12,62,26745,6,1.0
98,1.0,1.0,3.1329999,1.0,8.0,5,122.1542438391424,129.9658503478246,no pobre,basal,6,1250.0,962.0,1.0,35.0,13,62,26745,6,1.0
97,1.0,1.0,3.1329999,1.0,3.0,5,122.1542438391424,129.9658503478246,no pobre,basal,6,1250.0,962.0,1.0,35.0,9,62,26746,3,1.0
98,1.0,1.0,3.1329999,1.0,4.0,5,122.1542438391424,129.9658503478246,no pobre,basal,6,1250.0,962.0,1.0,35.0,10,62,26746,3,1.0
97,0.0,1.0,3.1329999,0.0,6.0,8,122.1542438391424,129.9658503478246,pobre,basal,2,500.0,819.20001,1.0,60.0,16,62,26747,6,0.0
98,0.0,1.0,3.1329999,0.0,9.0,8,122.1542438391424,129.9658503478246,pobre,basal,2,500.0,819.20001,1.0,60.0,17,62,26747,6,0.0
97,0.0,1.0,3.1329999,0.0,6.0,8,122.1542438391424,129.9658503478246,pobre,basal,2,500.0,819.20001,1.0,60.0,13,62,26748,6,0.0
98,0.0,1.0,3.1329999,0.0,7.0,8,122.1542438391424,129.9658503478246,pobre,basal,2,500.0,819.20001,1.0,60.0,14,62,26748,6,0.0
97,1.0,1.0,3.1329999,1.0,11.0,4,122.1542438391424,129.9658503478246,no pobre,basal,15,2400.0,888.0,1.0,41.0,16,62,26749,11,1.0
98,1.0,1.0,3.1329999,,,4,122.1542438391424,129.9658503478246,no pobre,basal,15,2400.0,888.0,1.0,41.0,17,62,26749,11,1.0
97,0.0,1.0,3.1329999,1.0,0.0,5,122.1542438391424,129.9658503478246,pobre,basal,9,750.0,728.0,1.0,32.0,6,62,26750,0,1.0
98,0.0,1.0,3.1329999,1.0,1.0,5,122.1542438391424,129.9658503478246,pobre,basal,9,750.0,728.0,1.0,32.0,7,62,26750,0,1.0
97,1.0,1.0,3.1329999,1.0,6.0,8,122.1542438391424,129.9658503478246,pobre,basal,6,750.0,535.0,1.0,29.0,12,62,26751,6,1.0
98,1.0,1.0,3.1329999,1.0,7.0,8,122.1542438391424,129.9658503478246,pobre,basal,6,750.0,535.0,1.0,29.0,13,62,26751,6,1.0
97,0.0,1.0,3.1329999,1.0,0.0,8,122.1542438391424,129.9658503478246,pobre,basal,6,750.0,535.0,1.0,29.0,6,62,26752,0,1.0
98,0.0,1.0,3.1329999,1.0,1.0,8,122.1542438391424,129.9658503478246,pobre,basal,6,750.0,535.0,1.0,29.0,7,62,26752,0,1.0
97,1.0,1.0,3.1329999,1.0,0.0,5,122.1542438391424,129.9658503478246,pobre,basal,6,625.0,639.0,1.0,24.0,6,62,26753,0,1.0
98,1.0,1.0,3.1329999,1.0,1.0,5,122.1542438391424,129.9658503478246,pobre,basal,6,625.0,639.0,1.0,24.0,7,62,26753,0,1.0
97,0.0,1.0,3.1329999,1.0,3.0,6,122.1542438391424,129.9658503478246,pobre,basal,0,1250.0,691.0,1.0,40.0,9,62,26754,3,1.0
98,0.0,1.0,3.1329999,1.0,4.0,6,122.1542438391424,129.9658503478246,pobre,basal,0,1250.0,691.0,1.0,40.0,10,62,26754,3,1.0
97,0.0,1.0,3.1329999,1.0,2.0,6,122.1542438391424,129.9658503478246,pobre,basal,0,1250.0,691.0,1.0,40.0,8,62,26755,2,1.0
98,0.0,1.0,3.1329999,1.0,3.0,6,122.1542438391424,129.9658503478246,pobre,basal,0,1250.0,691.0,1.0,40.0,9,62,26755,2,1.0
97,1.0,1.0,3.1329999,1.0,1.0,6,122.1542438391424,129.9658503478246,pobre,basal,0,1250.0,691.0,1.0,40.0,6,62,26756,1,1.0
98,1.0,1.0,3.1329999,1.0,2.0,6,122.1542438391424,129.9658503478246,pobre,basal,0,1250.0,691.0,1.0,40.0,7,62,26756,1,1.0
97,1.0,0.0,2.335,1.0,6.0,5,104.0538266401068,117.8086362346058,no pobre,0,4,1600.0,1069.0,1.0,38.0,14,32,26757,6,1.0
98,1.0,0.0,2.335,0.0,7.0,5,104.0538266401068,117.8086362346058,no pobre,0,4,1600.0,1069.0,1.0,38.0,15,32,26757,6,1.0
97,1.0,0.0,2.335,1.0,0.0,5,104.0538266401068,117.8086362346058,no pobre,0,4,1600.0,1069.0,1.0,38.0,6,32,26758,0,1.0
98,1.0,0.0,2.335,1.0,1.0,5,104.0538266401068,117.8086362346058,no pobre,0,4,1600.0,1069.0,1.0,38.0,7,32,26758,0,1.0
97,1.0,0.0,2.335,0.0,3.0,5,104.0538266401068,117.8086362346058,no pobre,0,3,320.0,926.25,1.0,50.0,15,32,26759,3,0.0
98,1.0,0.0,2.335,0.0,9.0,5,104.0538266401068,117.8086362346058,no pobre,0,3,320.0,926.25,1.0,50.0,16,32,26759,3,0.0
97,0.0,0.0,2.335,1.0,6.0,8,104.0538266401068,117.8086362346058,pobre,0,0,875.0,608.0,1.0,54.0,13,32,26760,6,1.0
98,0.0,0.0,2.335,1.0,7.0,8,104.0538266401068,117.8086362346058,pobre,0,0,875.0,608.0,1.0,54.0,14,32,26760,6,1.0
97,0.0,0.0,2.335,1.0,5.0,8,104.0538266401068,117.8086362346058,pobre,0,0,875.0,608.0,1.0,54.0,11,32,26761,5,1.0
98,0.0,0.0,2.335,1.0,6.0,8,104.0538266401068,117.8086362346058,pobre,0,0,875.0,608.0,1.0,54.0,12,32,26761,5,1.0
97,0.0,0.0,2.335,1.0,4.0,8,104.0538266401068,117.8086362346058,pobre,0,0,875.0,608.0,1.0,54.0,11,32,26762,4,1.0
98,0.0,0.0,2.335,1.0,5.0,8,104.0538266401068,117.8086362346058,pobre,0,0,875.0,608.0,1.0,54.0,12,32,26762,4,1.0
97,1.0,0.0,2.335,1.0,1.0,4,104.0538266401068,117.8086362346058,no pobre,0,9,600.0,1144.0,1.0,28.0,7,32,26763,1,1.0
98,1.0,0.0,2.335,1.0,2.0,4,104.0538266401068,117.8086362346058,no pobre,0,9,600.0,1144.0,1.0,28.0,8,32,26763,1,1.0
97,0.0,0.0,2.335,1.0,8.0,4,104.0538266401068,117.8086362346058,no pobre,0,3,560.0,1093.0,1.0,44.0,15,32,26764,8,1.0
98,0.0,0.0,2.335,,,4,104.0538266401068,117.8086362346058,no pobre,0,3,560.0,1093.0,1.0,44.0,16,32,26764,8,1.0
97,0.0,0.0,2.335,0.0,9.0,10,104.0538266401068,117.8086362346058,pobre,0,0,625.0,463.0,1.0,55.0,15,32,26765,9,0.0
98,0.0,0.0,2.335,0.0,9.0,10,104.0538266401068,117.8086362346058,pobre,0,0,625.0,463.0,1.0,55.0,16,32,26765,9,0.0
97,1.0,0.0,2.335,1.0,7.0,10,104.0538266401068,117.8086362346058,pobre,0,0,625.0,463.0,1.0,55.0,14,32,26766,7,1.0
98,1.0,0.0,2.335,1.0,8.0,10,104.0538266401068,117.8086362346058,pobre,0,0,625.0,463.0,1.0,55.0,15,32,26766,7,1.0
97,0.0,0.0,2.335,1.0,5.0,10,104.0538266401068,117.8086362346058,pobre,0,0,625.0,463.0,1.0,55.0,12,32,26767,5,1.0
98,0.0,0.0,2.335,1.0,6.0,10,104.0538266401068,117.8086362346058,pobre,0,0,625.0,463.0,1.0,55.0,13,32,26767,5,1.0
97,0.0,0.0,2.335,1.0,3.0,10,104.0538266401068,117.8086362346058,pobre,0,0,625.0,463.0,1.0,55.0,9,32,26768,3,1.0
98,0.0,0.0,2.335,1.0,4.0,10,104.0538266401068,117.8086362346058,pobre,0,0,625.0,463.0,1.0,55.0,10,32,26768,3,1.0
97,0.0,0.0,2.335,1.0,1.0,10,104.0538266401068,117.8086362346058,pobre,0,0,625.0,463.0,1.0,55.0,7,32,26769,1,1.0
98,0.0,0.0,2.335,1.0,2.0,10,104.0538266401068,117.8086362346058,pobre,0,0,625.0,463.0,1.0,55.0,8,32,26769,1,1.0
97,0.0,0.0,2.335,1.0,0.0,4,104.0538266401068,117.8086362346058,pobre,0,3,480.0,703.0,1.0,31.0,6,32,26770,0,1.0
98,0.0,0.0,2.335,1.0,1.0,4,104.0538266401068,117.8086362346058,pobre,0,3,480.0,703.0,1.0,31.0,7,32,26770,0,1.0
97,1.0,0.0,2.335,1.0,2.0,7,104.0538266401068,117.8086362346058,no pobre,0,0,720.0,901.33331,1.0,58.0,8,32,26771,2,1.0
98,1.0,0.0,2.335,1.0,3.0,7,104.0538266401068,117.8086362346058,no pobre,0,0,720.0,901.33331,1.0,58.0,9,32,26771,2,1.0
97,1.0,0.0,2.335,0.0,6.0,9,104.0538266401068,117.8086362346058,pobre,0,0,500.0,661.0,1.0,66.0,16,32,26772,6,0.0
98,1.0,0.0,2.335,,,9,104.0538266401068,117.8086362346058,pobre,0,0,500.0,661.0,1.0,66.0,17,32,26772,6,0.0
97,0.0,0.0,2.335,1.0,4.0,9,104.0538266401068,117.8086362346058,pobre,0,0,500.0,661.0,1.0,66.0,11,32,26773,4,1.0
98,0.0,0.0,2.335,1.0,5.0,9,104.0538266401068,117.8086362346058,pobre,0,0,500.0,661.0,1.0,66.0,12,32,26773,4,1.0
97,0.0,0.0,2.335,1.0,1.0,11,104.0538266401068,117.8086362346058,pobre,0,0,500.0,759.75,1.0,54.0,15,32,26774,1,1.0
98,0.0,0.0,2.335,0.0,9.0,11,104.0538266401068,117.8086362346058,pobre,0,0,500.0,759.75,1.0,54.0,16,32,26774,1,1.0
97,0.0,0.0,2.335,0.0,6.0,11,104.0538266401068,117.8086362346058,pobre,0,0,500.0,759.75,1.0,54.0,13,32,26775,6,0.0
98,0.0,0.0,2.335,1.0,6.0,11,104.0538266401068,117.8086362346058,pobre,0,0,500.0,759.75,1.0,54.0,14,32,26775,6,0.0
97,1.0,0.0,2.335,1.0,4.0,11,104.0538266401068,117.8086362346058,pobre,0,0,500.0,759.75,1.0,54.0,10,32,26776,4,1.0
98,1.0,0.0,2.335,1.0,4.0,11,104.0538266401068,117.8086362346058,pobre,0,0,500.0,759.75,1.0,54.0,11,32,26776,4,1.0
97,1.0,0.0,2.335,0.0,6.0,7,104.0538266401068,117.8086362346058,no pobre,0,0,0.0,872.75,1.0,57.0,16,32,26777,6,0.0
98,1.0,0.0,2.335,,,7,104.0538266401068,117.8086362346058,no pobre,0,0,0.0,872.75,1.0,57.0,17,32,26777,6,0.0
97,0.0,0.0,2.335,0.0,6.0,7,104.0538266401068,117.8086362346058,no pobre,0,0,0.0,872.75,1.0,57.0,14,32,26778,6,0.0
98,0.0,0.0,2.335,0.0,6.0,7,104.0538266401068,117.8086362346058,no pobre,0,0,0.0,872.75,1.0,57.0,15,32,26778,6,0.0
97,1.0,0.0,2.335,1.0,4.0,7,104.0538266401068,117.8086362346058,no pobre,0,0,0.0,872.75,1.0,57.0,11,32,26779,4,1.0
98,1.0,0.0,2.335,1.0,5.0,7,104.0538266401068,117.8086362346058,no pobre,0,0,0.0,872.75,1.0,57.0,12,32,26779,4,1.0
97,0.0,0.0,2.335,1.0,10.0,5,104.0538266401068,117.8086362346058,pobre,0,2,750.0,818.0,1.0,50.0,15,32,26780,10,1.0
98,0.0,0.0,2.335,1.0,9.0,5,104.0538266401068,117.8086362346058,pobre,0,2,750.0,818.0,1.0,50.0,16,32,26780,10,1.0
97,1.0,0.0,2.335,1.0,2.0,5,104.0538266401068,117.8086362346058,pobre,0,2,750.0,818.0,1.0,50.0,8,32,26781,2,1.0
98,1.0,0.0,2.335,1.0,3.0,5,104.0538266401068,117.8086362346058,pobre,0,2,750.0,818.0,1.0,50.0,9,32,26781,2,1.0
97,1.0,0.0,2.335,1.0,1.0,5,104.0538266401068,117.8086362346058,pobre,0,3,1000.0,651.0,1.0,29.0,7,32,26782,1,1.0
98,1.0,0.0,2.335,1.0,2.0,5,104.0538266401068,117.8086362346058,pobre,0,3,1000.0,651.0,1.0,29.0,8,32,26782,1,1.0
97,0.0,0.0,2.335,1.0,0.0,5,104.0538266401068,117.8086362346058,pobre,0,3,1000.0,651.0,1.0,29.0,6,32,26783,0,1.0
98,0.0,0.0,2.335,1.0,1.0,5,104.0538266401068,117.8086362346058,pobre,0,3,1000.0,651.0,1.0,29.0,7,32,26783,0,1.0
97,1.0,0.0,2.335,0.0,9.0,6,104.0538266401068,117.8086362346058,pobre,0,0,625.0,785.0,1.0,54.0,16,32,26784,9,0.0
98,1.0,0.0,2.335,,,6,104.0538266401068,117.8086362346058,pobre,0,0,625.0,785.0,1.0,54.0,17,32,26784,9,0.0
97,0.0,0.0,2.335,1.0,6.0,6,104.0538266401068,117.8086362346058,pobre,0,0,625.0,785.0,1.0,54.0,12,32,26785,6,1.0
98,0.0,0.0,2.335,1.0,7.0,6,104.0538266401068,117.8086362346058,pobre,0,0,625.0,785.0,1.0,54.0,13,32,26785,6,1.0
97,1.0,0.0,2.335,1.0,4.0,6,104.0538266401068,117.8086362346058,pobre,0,0,625.0,785.0,1.0,54.0,10,32,26786,4,1.0
98,1.0,0.0,2.335,1.0,5.0,6,104.0538266401068,117.8086362346058,pobre,0,0,625.0,785.0,1.0,54.0,11,32,26786,4,1.0
97,0.0,1.0,2.766,0.0,5.0,9,67.57285414602369,67.57285414602369,no pobre,basal,0,0.0,952.88,1.0,55.0,16,274,26787,5,0.0
98,0.0,1.0,2.766,,,9,67.57285414602369,67.57285414602369,no pobre,basal,0,0.0,952.88,1.0,55.0,17,274,26787,5,0.0
97,0.0,1.0,2.766,,0.0,9,67.57285414602369,67.57285414602369,no pobre,basal,0,0.0,952.88,1.0,55.0,16,274,26788,0,
98,0.0,1.0,2.766,,,9,67.57285414602369,67.57285414602369,no pobre,basal,0,0.0,952.88,1.0,55.0,17,274,26788,0,
97,1.0,1.0,2.766,1.0,2.0,9,67.57285414602369,67.57285414602369,no pobre,basal,0,0.0,938.5,1.0,61.0,7,274,26789,2,1.0
98,1.0,1.0,2.766,1.0,2.0,9,67.57285414602369,67.57285414602369,no pobre,basal,0,0.0,938.5,1.0,61.0,8,274,26789,2,1.0
97,0.0,1.0,2.766,0.0,3.0,10,67.57285414602369,67.57285414602369,no pobre,basal,9,0.0,856.85999,1.0,34.0,16,274,26790,3,0.0
98,0.0,1.0,2.766,,,10,67.57285414602369,67.57285414602369,no pobre,basal,9,0.0,856.85999,1.0,34.0,17,274,26790,3,0.0
97,0.0,1.0,2.766,0.0,6.0,10,67.57285414602369,67.57285414602369,no pobre,basal,9,0.0,856.85999,1.0,34.0,15,274,26791,6,0.0
98,0.0,1.0,2.766,,,10,67.57285414602369,67.57285414602369,no pobre,basal,9,0.0,856.85999,1.0,34.0,16,274,26791,6,0.0
97,1.0,1.0,2.766,0.0,4.0,10,67.57285414602369,67.57285414602369,no pobre,basal,9,0.0,856.85999,1.0,34.0,12,274,26792,4,0.0
98,1.0,1.0,2.766,,,10,67.57285414602369,67.57285414602369,no pobre,basal,9,0.0,856.85999,1.0,34.0,13,274,26792,4,0.0
97,0.0,1.0,2.766,0.0,4.0,10,67.57285414602369,67.57285414602369,no pobre,basal,9,0.0,856.85999,1.0,34.0,11,274,26793,4,0.0
98,0.0,1.0,2.766,,,10,67.57285414602369,67.57285414602369,no pobre,basal,9,0.0,856.85999,1.0,34.0,12,274,26793,4,0.0
97,1.0,1.0,2.766,0.0,1.0,10,67.57285414602369,67.57285414602369,pobre,basal,4,1000.0,811.0,1.0,37.0,16,274,26794,1,0.0
98,1.0,1.0,2.766,,,10,67.57285414602369,67.57285414602369,pobre,basal,4,1000.0,811.0,1.0,37.0,17,274,26794,1,0.0
97,1.0,1.0,2.766,0.0,2.0,10,67.57285414602369,67.57285414602369,pobre,basal,4,1000.0,811.0,1.0,37.0,16,274,26795,2,0.0
98,1.0,1.0,2.766,0.0,3.0,10,67.57285414602369,67.57285414602369,pobre,basal,4,1000.0,811.0,1.0,37.0,17,274,26795,2,0.0
97,1.0,1.0,2.766,0.0,6.0,10,67.57285414602369,67.57285414602369,pobre,basal,4,1000.0,811.0,1.0,37.0,12,274,26796,6,0.0
98,1.0,1.0,2.766,0.0,6.0,10,67.57285414602369,67.57285414602369,pobre,basal,4,1000.0,811.0,1.0,37.0,13,274,26796,6,0.0
97,1.0,1.0,2.766,1.0,4.0,10,67.57285414602369,67.57285414602369,pobre,basal,4,1000.0,811.0,1.0,37.0,10,274,26797,4,1.0
98,1.0,1.0,2.766,1.0,5.0,10,67.57285414602369,67.57285414602369,pobre,basal,4,1000.0,811.0,1.0,37.0,11,274,26797,4,1.0
97,0.0,1.0,2.766,1.0,1.0,10,67.57285414602369,67.57285414602369,pobre,basal,4,1000.0,811.0,1.0,37.0,8,274,26798,1,1.0
98,0.0,1.0,2.766,1.0,2.0,10,67.57285414602369,67.57285414602369,pobre,basal,4,1000.0,811.0,1.0,37.0,9,274,26798,1,1.0
97,0.0,1.0,2.766,1.0,0.0,10,67.57285414602369,67.57285414602369,pobre,basal,4,1000.0,811.0,1.0,37.0,6,274,26799,0,1.0
98,0.0,1.0,2.766,1.0,1.0,10,67.57285414602369,67.57285414602369,pobre,basal,4,1000.0,811.0,1.0,37.0,7,274,26799,0,1.0
97,1.0,1.0,2.766,1.0,8.0,2,67.57285414602369,67.57285414602369,no pobre,basal,12,3000.0,999.0,0.0,40.0,13,274,26800,8,1.0
98,1.0,1.0,2.766,,,2,67.57285414602369,67.57285414602369,no pobre,basal,12,3000.0,999.0,0.0,40.0,14,274,26800,8,1.0
97,1.0,0.0,2.766,0.0,8.0,5,67.57285414602369,67.57285414602369,pobre,basal,7,0.0,730.0,1.0,38.0,15,274,26801,8,0.0
98,1.0,0.0,2.766,0.0,8.0,5,67.57285414602369,67.57285414602369,pobre,basal,7,0.0,730.0,1.0,38.0,16,274,26801,8,0.0
97,0.0,0.0,2.766,1.0,7.0,5,67.57285414602369,67.57285414602369,pobre,basal,7,0.0,730.0,1.0,38.0,13,274,26802,7,1.0
98,0.0,0.0,2.766,1.0,8.0,5,67.57285414602369,67.57285414602369,pobre,basal,7,0.0,730.0,1.0,38.0,14,274,26802,7,1.0
97,1.0,0.0,2.766,1.0,1.0,5,67.57285414602369,67.57285414602369,pobre,basal,7,0.0,730.0,1.0,38.0,6,274,26803,1,1.0
98,1.0,0.0,2.766,1.0,1.0,5,67.57285414602369,67.57285414602369,pobre,basal,7,0.0,730.0,1.0,38.0,7,274,26803,1,1.0
97,1.0,1.0,2.766,1.0,3.0,5,67.57285414602369,67.57285414602369,pobre,basal,0,0.0,686.0,0.0,52.0,14,274,26804,3,1.0
98,1.0,1.0,2.766,1.0,4.0,5,67.57285414602369,67.57285414602369,pobre,basal,0,0.0,686.0,0.0,52.0,15,274,26804,3,1.0
97,0.0,1.0,2.766,1.0,2.0,5,67.57285414602369,67.57285414602369,pobre,basal,0,0.0,686.0,0.0,52.0,12,274,26805,2,1.0
98,0.0,1.0,2.766,1.0,3.0,5,67.57285414602369,67.57285414602369,pobre,basal,0,0.0,686.0,0.0,52.0,13,274,26805,2,1.0
97,0.0,1.0,2.766,1.0,3.0,5,67.57285414602369,67.57285414602369,pobre,basal,0,0.0,686.0,0.0,52.0,10,274,26806,3,1.0
98,0.0,1.0,2.766,1.0,4.0,5,67.57285414602369,67.57285414602369,pobre,basal,0,0.0,686.0,0.0,52.0,11,274,26806,3,1.0
97,0.0,1.0,2.766,0.0,4.0,9,67.57285414602369,67.57285414602369,pobre,basal,0,0.0,644.59998,0.0,33.0,16,274,26807,4,0.0
98,0.0,1.0,2.766,,,9,67.57285414602369,67.57285414602369,pobre,basal,0,0.0,644.59998,0.0,33.0,17,274,26807,4,0.0
97,0.0,1.0,2.766,0.0,3.0,9,67.57285414602369,67.57285414602369,pobre,basal,0,0.0,644.59998,0.0,33.0,13,274,26808,3,0.0
98,0.0,1.0,2.766,0.0,3.0,9,67.57285414602369,67.57285414602369,pobre,basal,0,0.0,644.59998,0.0,33.0,14,274,26808,3,0.0
97,1.0,1.0,2.766,0.0,3.0,9,67.57285414602369,67.57285414602369,pobre,basal,0,0.0,644.59998,0.0,33.0,11,274,26809,3,0.0
98,1.0,1.0,2.766,0.0,3.0,9,67.57285414602369,67.57285414602369,pobre,basal,0,0.0,644.59998,0.0,33.0,12,274,26809,3,0.0
97,1.0,1.0,2.766,1.0,3.0,9,67.57285414602369,67.57285414602369,pobre,basal,0,0.0,644.59998,0.0,33.0,9,274,26810,3,1.0
98,1.0,1.0,2.766,0.0,4.0,9,67.57285414602369,67.57285414602369,pobre,basal,0,0.0,644.59998,0.0,33.0,10,274,26810,3,1.0
97,0.0,1.0,2.766,,0.0,9,67.57285414602369,67.57285414602369,pobre,basal,0,0.0,644.59998,0.0,33.0,7,274,26811,0,
98,0.0,1.0,2.766,0.0,3.0,9,67.57285414602369,67.57285414602369,pobre,basal,0,0.0,644.59998,0.0,33.0,8,274,26811,0,
97,0.0,1.0,2.766,1.0,0.0,8,67.57285414602369,67.57285414602369,pobre,basal,0,0.0,763.0,1.0,48.0,6,274,26812,0,1.0
98,0.0,1.0,2.766,1.0,0.0,8,67.57285414602369,67.57285414602369,pobre,basal,0,0.0,763.0,1.0,48.0,7,274,26812,0,1.0
97,0.0,1.0,2.766,0.0,3.0,6,67.57285414602369,67.57285414602369,pobre,basal,4,0.0,700.0,1.0,47.0,10,274,26813,3,0.0
98,0.0,1.0,2.766,0.0,3.0,6,67.57285414602369,67.57285414602369,pobre,basal,4,0.0,700.0,1.0,47.0,11,274,26813,3,0.0
97,1.0,1.0,2.766,1.0,2.0,6,67.57285414602369,67.57285414602369,pobre,basal,4,0.0,700.0,1.0,47.0,9,274,26814,2,1.0
98,1.0,1.0,2.766,1.0,3.0,6,67.57285414602369,67.57285414602369,pobre,basal,4,0.0,700.0,1.0,47.0,10,274,26814,2,1.0
97,1.0,1.0,2.766,0.0,4.0,6,67.57285414602369,67.57285414602369,pobre,basal,4,0.0,700.0,1.0,47.0,14,274,26815,4,0.0
98,1.0,1.0,2.766,,,6,67.57285414602369,67.57285414602369,pobre,basal,4,0.0,700.0,1.0,47.0,15,274,26815,4,0.0
97,1.0,1.0,2.766,1.0,0.0,8,67.57285414602369,67.57285414602369,pobre,basal,2,0.0,693.0,1.0,30.0,9,274,26816,0,1.0
98,1.0,1.0,2.766,,,8,67.57285414602369,67.57285414602369,pobre,basal,2,0.0,693.0,1.0,30.0,10,274,26816,0,1.0
97,0.0,1.0,2.766,1.0,0.0,8,67.57285414602369,67.57285414602369,pobre,basal,2,0.0,693.0,1.0,30.0,6,274,26817,0,1.0
98,0.0,1.0,2.766,,,8,67.57285414602369,67.57285414602369,pobre,basal,2,0.0,693.0,1.0,30.0,7,274,26817,0,1.0
97,0.0,1.0,2.766,1.0,2.0,4,67.57285414602369,67.57285414602369,pobre,basal,0,0.0,783.0,1.0,69.0,10,274,26818,2,1.0
98,0.0,1.0,2.766,1.0,2.0,4,67.57285414602369,67.57285414602369,pobre,basal,0,0.0,783.0,1.0,69.0,11,274,26818,2,1.0
97,1.0,1.0,2.766,1.0,7.0,5,67.57285414602369,67.57285414602369,pobre,basal,0,0.0,763.0,1.0,47.0,15,274,26819,7,1.0
98,1.0,1.0,2.766,1.0,8.0,5,67.57285414602369,67.57285414602369,pobre,basal,0,0.0,763.0,1.0,47.0,16,274,26819,7,1.0
97,1.0,1.0,2.766,1.0,8.0,5,67.57285414602369,67.57285414602369,pobre,basal,0,0.0,763.0,1.0,47.0,13,274,26820,8,1.0
98,1.0,1.0,2.766,1.0,4.0,5,67.57285414602369,67.57285414602369,pobre,basal,0,0.0,763.0,1.0,47.0,14,274,26820,8,1.0
97,1.0,1.0,2.766,1.0,5.0,6,67.57285414602369,67.57285414602369,pobre,basal,2,0.0,736.0,1.0,35.0,14,274,26821,5,1.0
98,1.0,1.0,2.766,0.0,6.0,6,67.57285414602369,67.57285414602369,pobre,basal,2,0.0,736.0,1.0,35.0,15,274,26821,5,1.0
97,0.0,1.0,2.766,,0.0,6,67.57285414602369,67.57285414602369,pobre,basal,2,0.0,736.0,1.0,35.0,11,274,26822,0,
98,0.0,1.0,2.766,0.0,4.0,6,67.57285414602369,67.57285414602369,pobre,basal,2,0.0,736.0,1.0,35.0,12,274,26822,0,
97,0.0,1.0,2.766,1.0,3.0,6,67.57285414602369,67.57285414602369,pobre,basal,2,0.0,736.0,1.0,35.0,9,274,26823,3,1.0
98,0.0,1.0,2.766,1.0,4.0,6,67.57285414602369,67.57285414602369,pobre,basal,2,0.0,736.0,1.0,35.0,10,274,26823,3,1.0
97,1.0,1.0,2.766,1.0,6.0,8,67.57285414602369,67.57285414602369,pobre,basal,0,0.0,637.33002,1.0,35.0,12,274,26824,6,1.0
98,1.0,1.0,2.766,1.0,6.0,8,67.57285414602369,67.57285414602369,pobre,basal,0,0.0,637.33002,1.0,35.0,13,274,26824,6,1.0
97,1.0,1.0,2.766,1.0,3.0,8,67.57285414602369,67.57285414602369,pobre,basal,0,0.0,637.33002,1.0,35.0,10,274,26825,3,1.0
98,1.0,1.0,2.766,1.0,3.0,8,67.57285414602369,67.57285414602369,pobre,basal,0,0.0,637.33002,1.0,35.0,11,274,26825,3,1.0
97,0.0,1.0,2.766,1.0,2.0,8,67.57285414602369,67.57285414602369,pobre,basal,0,0.0,637.33002,1.0,35.0,8,274,26826,2,1.0
98,0.0,1.0,2.766,1.0,1.0,8,67.57285414602369,67.57285414602369,pobre,basal,0,0.0,637.33002,1.0,35.0,9,274,26826,2,1.0
97,0.0,1.0,2.766,,0.0,8,67.57285414602369,67.57285414602369,pobre,basal,0,0.0,637.33002,1.0,35.0,6,274,26827,0,
98,0.0,1.0,2.766,,,8,67.57285414602369,67.57285414602369,pobre,basal,0,0.0,637.33002,1.0,35.0,7,274,26827,0,
97,0.0,0.0,2.766,1.0,6.0,5,67.57285414602369,67.57285414602369,no pobre,basal,6,0.0,763.0,1.0,41.0,12,274,26828,6,1.0
98,0.0,0.0,2.766,1.0,7.0,5,67.57285414602369,67.57285414602369,no pobre,basal,6,0.0,763.0,1.0,41.0,13,274,26828,6,1.0
97,0.0,0.0,2.766,1.0,6.0,5,67.57285414602369,67.57285414602369,no pobre,basal,6,0.0,763.0,1.0,41.0,12,274,26829,6,1.0
98,0.0,0.0,2.766,1.0,7.0,5,67.57285414602369,67.57285414602369,no pobre,basal,6,0.0,763.0,1.0,41.0,13,274,26829,6,1.0
97,1.0,0.0,2.766,1.0,3.0,5,67.57285414602369,67.57285414602369,no pobre,basal,6,0.0,763.0,1.0,41.0,9,274,26830,3,1.0
98,1.0,0.0,2.766,1.0,4.0,5,67.57285414602369,67.57285414602369,no pobre,basal,6,0.0,763.0,1.0,41.0,10,274,26830,3,1.0
97,0.0,0.0,2.766,1.0,5.0,6,67.57285414602369,67.57285414602369,no pobre,basal,2,500.0,937.0,1.0,43.0,11,274,26831,5,1.0
98,0.0,0.0,2.766,1.0,6.0,6,67.57285414602369,67.57285414602369,no pobre,basal,2,500.0,937.0,1.0,43.0,12,274,26831,5,1.0
97,1.0,1.0,2.766,0.0,6.0,9,67.57285414602369,67.57285414602369,pobre,basal,1,625.0,677.5,1.0,50.0,15,274,26832,6,0.0
98,1.0,1.0,2.766,0.0,6.0,9,67.57285414602369,67.57285414602369,pobre,basal,1,625.0,677.5,1.0,50.0,16,274,26832,6,0.0
97,1.0,1.0,2.766,1.0,0.0,9,67.57285414602369,67.57285414602369,pobre,basal,1,625.0,677.5,1.0,50.0,6,274,26833,0,1.0
98,1.0,1.0,2.766,1.0,1.0,9,67.57285414602369,67.57285414602369,pobre,basal,1,625.0,677.5,1.0,50.0,7,274,26833,0,1.0
97,0.0,1.0,2.766,1.0,5.0,9,67.57285414602369,67.57285414602369,pobre,basal,1,625.0,677.5,1.0,50.0,12,274,26834,5,1.0
98,0.0,1.0,2.766,0.0,6.0,9,67.57285414602369,67.57285414602369,pobre,basal,1,625.0,677.5,1.0,50.0,13,274,26834,5,1.0
97,0.0,1.0,2.766,1.0,3.0,9,67.57285414602369,67.57285414602369,pobre,basal,1,625.0,677.5,1.0,50.0,9,274,26835,3,1.0
98,0.0,1.0,2.766,1.0,4.0,9,67.57285414602369,67.57285414602369,pobre,basal,1,625.0,677.5,1.0,50.0,10,274,26835,3,1.0
97,1.0,0.0,1.206,1.0,8.0,8,151.4852115745657,151.4852115745657,no pobre,basal,3,0.0,831.0,1.0,45.0,14,292,26836,8,1.0
98,1.0,0.0,1.206,1.0,8.0,8,151.4852115745657,151.4852115745657,no pobre,basal,3,0.0,831.0,1.0,45.0,15,292,26836,8,1.0
97,0.0,0.0,1.206,1.0,3.0,8,151.4852115745657,151.4852115745657,no pobre,basal,3,0.0,831.0,1.0,45.0,8,292,26837,3,1.0
98,0.0,0.0,1.206,1.0,3.0,8,151.4852115745657,151.4852115745657,no pobre,basal,3,0.0,831.0,1.0,45.0,9,292,26837,3,1.0
97,0.0,0.0,1.206,1.0,3.0,8,151.4852115745657,151.4852115745657,no pobre,basal,3,0.0,831.0,1.0,45.0,8,292,26838,3,1.0
98,0.0,0.0,1.206,1.0,3.0,8,151.4852115745657,151.4852115745657,no pobre,basal,3,0.0,831.0,1.0,45.0,9,292,26838,3,1.0
97,0.0,0.0,1.206,0.0,6.0,10,151.4852115745657,151.4852115745657,pobre,basal,4,0.0,565.0,1.0,47.0,16,292,26839,6,0.0
98,0.0,0.0,1.206,0.0,6.0,10,151.4852115745657,151.4852115745657,pobre,basal,4,0.0,565.0,1.0,47.0,17,292,26839,6,0.0
97,1.0,0.0,1.206,1.0,5.0,10,151.4852115745657,151.4852115745657,pobre,basal,4,0.0,565.0,1.0,47.0,11,292,26840,5,1.0
98,1.0,0.0,1.206,1.0,6.0,10,151.4852115745657,151.4852115745657,pobre,basal,4,0.0,565.0,1.0,47.0,12,292,26840,5,1.0
97,0.0,0.0,1.206,1.0,2.0,10,151.4852115745657,151.4852115745657,pobre,basal,4,0.0,565.0,1.0,47.0,9,292,26841,2,1.0
98,0.0,0.0,1.206,1.0,3.0,10,151.4852115745657,151.4852115745657,pobre,basal,4,0.0,565.0,1.0,47.0,10,292,26841,2,1.0
97,0.0,0.0,1.206,1.0,1.0,10,151.4852115745657,151.4852115745657,pobre,basal,4,0.0,565.0,1.0,47.0,7,292,26842,1,1.0
98,0.0,0.0,1.206,1.0,2.0,10,151.4852115745657,151.4852115745657,pobre,basal,4,0.0,565.0,1.0,47.0,8,292,26842,1,1.0
97,0.0,0.0,1.206,1.0,4.0,4,151.4852115745657,151.4852115745657,pobre,basal,1,625.0,628.0,1.0,61.0,10,292,26843,4,1.0
98,0.0,0.0,1.206,1.0,5.0,4,151.4852115745657,151.4852115745657,pobre,basal,1,625.0,628.0,1.0,61.0,11,292,26843,4,1.0
97,1.0,0.0,1.206,1.0,2.0,4,151.4852115745657,151.4852115745657,pobre,basal,1,625.0,628.0,1.0,61.0,8,292,26844,2,1.0
98,1.0,0.0,1.206,1.0,3.0,4,151.4852115745657,151.4852115745657,pobre,basal,1,625.0,628.0,1.0,61.0,9,292,26844,2,1.0
97,0.0,0.0,1.206,0.0,1.0,6,151.4852115745657,151.4852115745657,pobre,basal,6,8000.0,539.0,1.0,37.0,15,292,26845,1,0.0
98,0.0,0.0,1.206,0.0,1.0,6,151.4852115745657,151.4852115745657,pobre,basal,6,8000.0,539.0,1.0,37.0,16,292,26845,1,0.0
97,0.0,0.0,1.206,0.0,6.0,6,151.4852115745657,151.4852115745657,pobre,basal,2,0.0,511.0,0.0,42.0,12,292,26846,6,0.0
98,0.0,0.0,1.206,1.0,6.0,6,151.4852115745657,151.4852115745657,pobre,basal,2,0.0,511.0,0.0,42.0,13,292,26846,6,0.0
97,0.0,0.0,1.206,1.0,3.0,5,151.4852115745657,151.4852115745657,pobre,basal,2,6400.0,587.0,1.0,54.0,9,292,26847,3,1.0
98,0.0,0.0,1.206,1.0,4.0,5,151.4852115745657,151.4852115745657,pobre,basal,2,6400.0,587.0,1.0,54.0,10,292,26847,3,1.0
97,0.0,0.0,1.206,1.0,0.0,5,151.4852115745657,151.4852115745657,pobre,basal,0,1200.0,598.0,1.0,36.0,6,292,26848,0,1.0
98,0.0,0.0,1.206,1.0,1.0,5,151.4852115745657,151.4852115745657,pobre,basal,0,1200.0,598.0,1.0,36.0,7,292,26848,0,1.0
97,0.0,0.0,1.206,1.0,1.0,7,151.4852115745657,151.4852115745657,pobre,basal,3,0.0,595.5,1.0,64.0,7,292,26849,1,1.0
98,0.0,0.0,1.206,1.0,2.0,7,151.4852115745657,151.4852115745657,pobre,basal,3,0.0,595.5,1.0,64.0,8,292,26849,1,1.0
97,1.0,0.0,1.206,,0.0,8,151.4852115745657,151.4852115745657,pobre,basal,4,1200.0,602.0,1.0,44.0,15,292,26850,0,
98,1.0,0.0,1.206,0.0,1.0,8,151.4852115745657,151.4852115745657,pobre,basal,4,1200.0,602.0,1.0,44.0,16,292,26850,0,
97,0.0,0.0,1.206,0.0,7.0,8,151.4852115745657,151.4852115745657,pobre,basal,4,1200.0,602.0,1.0,44.0,13,292,26851,7,0.0
98,0.0,0.0,1.206,0.0,4.0,8,151.4852115745657,151.4852115745657,pobre,basal,4,1200.0,602.0,1.0,44.0,14,292,26851,7,0.0
97,0.0,0.0,1.206,1.0,4.0,8,151.4852115745657,151.4852115745657,pobre,basal,4,1200.0,602.0,1.0,44.0,11,292,26852,4,1.0
98,0.0,0.0,1.206,1.0,5.0,8,151.4852115745657,151.4852115745657,pobre,basal,4,1200.0,602.0,1.0,44.0,12,292,26852,4,1.0
97,1.0,0.0,1.206,1.0,1.0,8,151.4852115745657,151.4852115745657,pobre,basal,4,1200.0,602.0,1.0,44.0,10,292,26853,1,1.0
98,1.0,0.0,1.206,1.0,2.0,8,151.4852115745657,151.4852115745657,pobre,basal,4,1200.0,602.0,1.0,44.0,11,292,26853,1,1.0
97,1.0,0.0,1.206,,0.0,8,151.4852115745657,151.4852115745657,pobre,basal,4,1200.0,602.0,1.0,44.0,9,292,26854,0,
98,1.0,0.0,1.206,1.0,0.0,8,151.4852115745657,151.4852115745657,pobre,basal,4,1200.0,602.0,1.0,44.0,10,292,26854,0,
97,0.0,0.0,2.8099999,,0.0,5,153.0927140291788,153.0927140291788,no pobre,basal,6,1000.0,772.0,1.0,28.0,6,290,26855,0,
98,0.0,0.0,2.8099999,1.0,2.0,5,153.0927140291788,153.0927140291788,no pobre,basal,6,1000.0,772.0,1.0,28.0,7,290,26855,0,
97,1.0,0.0,1.206,0.0,4.0,13,151.4852115745657,151.4852115745657,pobre,basal,2,625.0,591.75,1.0,44.0,13,292,26856,4,0.0
98,1.0,0.0,1.206,0.0,5.0,13,151.4852115745657,151.4852115745657,pobre,basal,2,625.0,591.75,1.0,44.0,14,292,26856,4,0.0
97,0.0,0.0,1.206,1.0,4.0,13,151.4852115745657,151.4852115745657,pobre,basal,2,625.0,591.75,1.0,44.0,12,292,26857,4,1.0
98,0.0,0.0,1.206,1.0,4.0,13,151.4852115745657,151.4852115745657,pobre,basal,2,625.0,591.75,1.0,44.0,13,292,26857,4,1.0
97,0.0,0.0,1.206,1.0,3.0,13,151.4852115745657,151.4852115745657,pobre,basal,2,625.0,591.75,1.0,44.0,11,292,26858,3,1.0
98,0.0,0.0,1.206,1.0,3.0,13,151.4852115745657,151.4852115745657,pobre,basal,2,625.0,591.75,1.0,44.0,12,292,26858,3,1.0
97,0.0,0.0,1.206,1.0,2.0,13,151.4852115745657,151.4852115745657,pobre,basal,2,625.0,591.75,1.0,44.0,8,292,26859,2,1.0
98,0.0,0.0,1.206,1.0,2.0,13,151.4852115745657,151.4852115745657,pobre,basal,2,625.0,591.75,1.0,44.0,9,292,26859,2,1.0
97,0.0,0.0,1.206,1.0,0.0,13,151.4852115745657,151.4852115745657,pobre,basal,2,625.0,591.75,1.0,44.0,7,292,26860,0,1.0
98,0.0,0.0,1.206,1.0,1.0,13,151.4852115745657,151.4852115745657,pobre,basal,2,625.0,591.75,1.0,44.0,8,292,26860,0,1.0
97,0.0,0.0,1.206,1.0,5.0,5,151.4852115745657,151.4852115745657,no pobre,basal,2,0.0,877.5,0.0,52.0,12,292,26861,5,1.0
98,0.0,0.0,1.206,1.0,6.0,5,151.4852115745657,151.4852115745657,no pobre,basal,2,0.0,877.5,0.0,52.0,13,292,26861,5,1.0
97,1.0,0.0,1.206,1.0,5.0,2,151.4852115745657,151.4852115745657,pobre,basal,3,0.0,798.0,0.0,70.0,11,292,26862,5,1.0
98,1.0,0.0,1.206,1.0,6.0,2,151.4852115745657,151.4852115745657,pobre,basal,3,0.0,798.0,0.0,70.0,12,292,26862,5,1.0
97,0.0,0.0,2.3,0.0,6.0,5,152.2078599393765,152.2078599393765,no pobre,0,0,625.0,923.5,1.0,59.0,16,293,26863,6,0.0
98,0.0,0.0,2.3,,,5,152.2078599393765,152.2078599393765,no pobre,0,0,625.0,923.5,1.0,59.0,17,293,26863,6,0.0
97,0.0,0.0,2.3,1.0,1.0,6,152.2078599393765,152.2078599393765,pobre,0,6,1750.0,684.0,1.0,26.0,7,293,26864,1,1.0
98,0.0,0.0,2.3,1.0,2.0,6,152.2078599393765,152.2078599393765,pobre,0,6,1750.0,684.0,1.0,26.0,8,293,26864,1,1.0
97,0.0,0.0,2.8099999,0.0,6.0,8,153.0927140291788,153.0927140291788,pobre,basal,0,0.0,464.0,1.0,49.0,15,290,26865,6,0.0
98,0.0,0.0,2.8099999,0.0,6.0,8,153.0927140291788,153.0927140291788,pobre,basal,0,0.0,464.0,1.0,49.0,16,290,26865,6,0.0
97,0.0,0.0,2.8099999,1.0,5.0,8,153.0927140291788,153.0927140291788,pobre,basal,0,0.0,464.0,1.0,49.0,12,290,26866,5,1.0
98,0.0,0.0,2.8099999,1.0,5.0,8,153.0927140291788,153.0927140291788,pobre,basal,0,0.0,464.0,1.0,49.0,13,290,26866,5,1.0
97,0.0,0.0,2.8099999,1.0,2.0,8,153.0927140291788,153.0927140291788,pobre,basal,0,0.0,464.0,1.0,49.0,9,290,26867,2,1.0
98,0.0,0.0,2.8099999,1.0,2.0,8,153.0927140291788,153.0927140291788,pobre,basal,0,0.0,464.0,1.0,49.0,10,290,26867,2,1.0
97,1.0,0.0,2.8099999,1.0,0.0,8,153.0927140291788,153.0927140291788,pobre,basal,0,0.0,464.0,1.0,49.0,6,290,26868,0,1.0
98,1.0,0.0,2.8099999,1.0,1.0,8,153.0927140291788,153.0927140291788,pobre,basal,0,0.0,464.0,1.0,49.0,7,290,26868,0,1.0
97,0.0,0.0,2.8099999,0.0,4.0,7,153.0927140291788,153.0927140291788,pobre,basal,0,0.0,683.0,1.0,47.0,16,290,26869,4,0.0
98,0.0,0.0,2.8099999,,,7,153.0927140291788,153.0927140291788,pobre,basal,0,0.0,683.0,1.0,47.0,17,290,26869,4,0.0
97,1.0,0.0,2.8099999,1.0,5.0,7,153.0927140291788,153.0927140291788,pobre,basal,0,0.0,683.0,1.0,47.0,12,290,26870,5,1.0
98,1.0,0.0,2.8099999,1.0,6.0,7,153.0927140291788,153.0927140291788,pobre,basal,0,0.0,683.0,1.0,47.0,13,290,26870,5,1.0
97,1.0,0.0,2.8099999,1.0,2.0,7,153.0927140291788,153.0927140291788,pobre,basal,0,0.0,683.0,1.0,47.0,8,290,26871,2,1.0
98,1.0,0.0,2.8099999,1.0,3.0,7,153.0927140291788,153.0927140291788,pobre,basal,0,0.0,683.0,1.0,47.0,9,290,26871,2,1.0
97,1.0,0.0,2.3,1.0,8.0,7,152.2078599393765,152.2078599393765,pobre,0,3,0.0,695.5,1.0,37.0,15,293,26872,8,1.0
98,1.0,0.0,2.3,0.0,9.0,7,152.2078599393765,152.2078599393765,pobre,0,3,0.0,695.5,1.0,37.0,16,293,26872,8,1.0
97,1.0,0.0,2.3,1.0,4.0,7,152.2078599393765,152.2078599393765,pobre,0,3,0.0,695.5,1.0,37.0,13,293,26873,4,1.0
98,1.0,0.0,2.3,0.0,5.0,7,152.2078599393765,152.2078599393765,pobre,0,3,0.0,695.5,1.0,37.0,14,293,26873,4,1.0
97,0.0,0.0,2.3,1.0,5.0,7,152.2078599393765,152.2078599393765,pobre,0,3,0.0,695.5,1.0,37.0,12,293,26874,5,1.0
98,0.0,0.0,2.3,0.0,6.0,7,152.2078599393765,152.2078599393765,pobre,0,3,0.0,695.5,1.0,37.0,13,293,26874,5,1.0
97,1.0,0.0,2.3,1.0,4.0,7,152.2078599393765,152.2078599393765,pobre,0,3,0.0,695.5,1.0,37.0,10,293,26875,4,1.0
98,1.0,0.0,2.3,1.0,5.0,7,152.2078599393765,152.2078599393765,pobre,0,3,0.0,695.5,1.0,37.0,11,293,26875,4,1.0
97,0.0,0.0,2.3,1.0,0.0,5,152.2078599393765,152.2078599393765,no pobre,0,0,800.0,820.5,1.0,56.0,6,293,26876,0,1.0
98,0.0,0.0,2.3,1.0,1.0,5,152.2078599393765,152.2078599393765,no pobre,0,0,800.0,820.5,1.0,56.0,7,293,26876,0,1.0
97,1.0,0.0,2.3,0.0,6.0,6,152.2078599393765,152.2078599393765,no pobre,0,2,0.0,775.0,0.0,40.0,16,293,26877,6,0.0
98,1.0,0.0,2.3,,,6,152.2078599393765,152.2078599393765,no pobre,0,2,0.0,775.0,0.0,40.0,17,293,26877,6,0.0
97,1.0,0.0,2.3,1.0,5.0,6,152.2078599393765,152.2078599393765,no pobre,0,2,0.0,775.0,0.0,40.0,13,293,26878,5,1.0
98,1.0,0.0,2.3,0.0,6.0,6,152.2078599393765,152.2078599393765,no pobre,0,2,0.0,775.0,0.0,40.0,14,293,26878,5,1.0
97,0.0,0.0,2.3,1.0,1.0,6,152.2078599393765,152.2078599393765,no pobre,0,2,0.0,775.0,0.0,40.0,8,293,26879,1,1.0
98,0.0,0.0,2.3,1.0,2.0,6,152.2078599393765,152.2078599393765,no pobre,0,2,0.0,775.0,0.0,40.0,9,293,26879,1,1.0
97,1.0,0.0,2.3,0.0,6.0,10,152.2078599393765,152.2078599393765,pobre,0,4,750.0,726.0,1.0,39.0,16,293,26880,6,0.0
98,1.0,0.0,2.3,,,10,152.2078599393765,152.2078599393765,pobre,0,4,750.0,726.0,1.0,39.0,17,293,26880,6,0.0
97,0.0,0.0,2.3,0.0,3.0,10,152.2078599393765,152.2078599393765,pobre,0,4,750.0,726.0,1.0,39.0,14,293,26881,3,0.0
98,0.0,0.0,2.3,0.0,3.0,10,152.2078599393765,152.2078599393765,pobre,0,4,750.0,726.0,1.0,39.0,15,293,26881,3,0.0
97,0.0,0.0,2.3,1.0,4.0,10,152.2078599393765,152.2078599393765,pobre,0,4,750.0,726.0,1.0,39.0,12,293,26882,4,1.0
98,0.0,0.0,2.3,1.0,5.0,10,152.2078599393765,152.2078599393765,pobre,0,4,750.0,726.0,1.0,39.0,13,293,26882,4,1.0
97,0.0,0.0,2.3,1.0,4.0,10,152.2078599393765,152.2078599393765,pobre,0,4,750.0,726.0,1.0,39.0,10,293,26883,4,1.0
98,0.0,0.0,2.3,1.0,5.0,10,152.2078599393765,152.2078599393765,pobre,0,4,750.0,726.0,1.0,39.0,11,293,26883,4,1.0
97,1.0,0.0,2.3,1.0,2.0,10,152.2078599393765,152.2078599393765,pobre,0,4,750.0,726.0,1.0,39.0,8,293,26884,2,1.0
98,1.0,0.0,2.3,1.0,2.0,10,152.2078599393765,152.2078599393765,pobre,0,4,750.0,726.0,1.0,39.0,9,293,26884,2,1.0
97,1.0,0.0,2.3,0.0,5.0,4,152.2078599393765,152.2078599393765,no pobre,0,0,750.0,802.0,1.0,76.0,13,293,26885,5,0.0
98,1.0,0.0,2.3,0.0,5.0,4,152.2078599393765,152.2078599393765,no pobre,0,0,750.0,802.0,1.0,76.0,14,293,26885,5,0.0
97,0.0,0.0,2.3,1.0,1.0,11,152.2078599393765,152.2078599393765,no pobre,0,0,0.0,787.25,1.0,72.0,7,293,26886,1,1.0
98,0.0,0.0,2.3,,,11,152.2078599393765,152.2078599393765,no pobre,0,0,0.0,787.25,1.0,72.0,8,293,26886,1,1.0
97,1.0,0.0,2.3,1.0,1.0,6,152.2078599393765,152.2078599393765,pobre,0,6,1400.0,784.0,1.0,30.0,7,293,26887,1,1.0
98,1.0,0.0,2.3,1.0,2.0,6,152.2078599393765,152.2078599393765,pobre,0,6,1400.0,784.0,1.0,30.0,8,293,26887,1,1.0
97,0.0,0.0,2.3,1.0,5.0,5,152.2078599393765,152.2078599393765,pobre,0,6,0.0,663.0,1.0,38.0,12,293,26888,5,1.0
98,0.0,0.0,2.3,1.0,6.0,5,152.2078599393765,152.2078599393765,pobre,0,6,0.0,663.0,1.0,38.0,13,293,26888,5,1.0
97,1.0,0.0,2.3,1.0,2.0,5,152.2078599393765,152.2078599393765,pobre,0,6,0.0,663.0,1.0,38.0,8,293,26889,2,1.0
98,1.0,0.0,2.3,1.0,3.0,5,152.2078599393765,152.2078599393765,pobre,0,6,0.0,663.0,1.0,38.0,9,293,26889,2,1.0
97,1.0,0.0,2.3,1.0,2.0,7,152.2078599393765,152.2078599393765,pobre,0,6,0.0,570.0,1.0,28.0,7,293,26890,2,1.0
98,1.0,0.0,2.3,1.0,2.0,7,152.2078599393765,152.2078599393765,pobre,0,6,0.0,570.0,1.0,28.0,8,293,26890,2,1.0
97,0.0,0.0,2.3,1.0,0.0,7,152.2078599393765,152.2078599393765,pobre,0,6,0.0,570.0,1.0,28.0,6,293,26891,0,1.0
98,0.0,0.0,2.3,1.0,1.0,7,152.2078599393765,152.2078599393765,pobre,0,6,0.0,570.0,1.0,28.0,7,293,26891,0,1.0
97,1.0,0.0,1.206,0.0,6.0,5,151.4852115745657,151.4852115745657,pobre,basal,0,625.0,739.5,1.0,34.0,16,292,26892,6,0.0
98,1.0,0.0,1.206,,,5,151.4852115745657,151.4852115745657,pobre,basal,0,625.0,739.5,1.0,34.0,17,292,26892,6,0.0
97,1.0,0.0,1.206,1.0,7.0,7,151.4852115745657,151.4852115745657,pobre,basal,6,1500.0,666.0,1.0,39.0,14,292,26893,7,1.0
98,1.0,0.0,1.206,1.0,8.0,7,151.4852115745657,151.4852115745657,pobre,basal,6,1500.0,666.0,1.0,39.0,15,292,26893,7,1.0
97,0.0,0.0,1.206,1.0,3.0,7,151.4852115745657,151.4852115745657,pobre,basal,6,1500.0,666.0,1.0,39.0,12,292,26894,3,1.0
98,0.0,0.0,1.206,0.0,4.0,7,151.4852115745657,151.4852115745657,pobre,basal,6,1500.0,666.0,1.0,39.0,13,292,26894,3,1.0
97,0.0,0.0,1.206,1.0,2.0,7,151.4852115745657,151.4852115745657,pobre,basal,6,1500.0,666.0,1.0,39.0,8,292,26895,2,1.0
98,0.0,0.0,1.206,1.0,3.0,7,151.4852115745657,151.4852115745657,pobre,basal,6,1500.0,666.0,1.0,39.0,9,292,26895,2,1.0
97,1.0,0.0,1.206,1.0,0.0,7,151.4852115745657,151.4852115745657,pobre,basal,6,1500.0,666.0,1.0,39.0,6,292,26896,0,1.0
98,1.0,0.0,1.206,1.0,1.0,7,151.4852115745657,151.4852115745657,pobre,basal,6,1500.0,666.0,1.0,39.0,7,292,26896,0,1.0
97,1.0,0.0,1.206,1.0,7.0,7,151.4852115745657,151.4852115745657,pobre,basal,4,0.0,662.0,1.0,46.0,15,292,26897,7,1.0
98,1.0,0.0,1.206,1.0,8.0,7,151.4852115745657,151.4852115745657,pobre,basal,4,0.0,662.0,1.0,46.0,16,292,26897,7,1.0
97,0.0,0.0,1.206,1.0,4.0,7,151.4852115745657,151.4852115745657,pobre,basal,4,0.0,662.0,1.0,46.0,10,292,26898,4,1.0
98,0.0,0.0,1.206,1.0,5.0,7,151.4852115745657,151.4852115745657,pobre,basal,4,0.0,662.0,1.0,46.0,11,292,26898,4,1.0
97,1.0,0.0,1.206,1.0,0.0,7,151.4852115745657,151.4852115745657,pobre,basal,4,0.0,662.0,1.0,46.0,7,292,26899,0,1.0
98,1.0,0.0,1.206,,,7,151.4852115745657,151.4852115745657,pobre,basal,4,0.0,662.0,1.0,46.0,8,292,26899,0,1.0
97,0.0,0.0,1.206,1.0,1.0,5,151.4852115745657,151.4852115745657,pobre,basal,1,0.0,649.0,1.0,60.0,6,292,26900,1,1.0
98,0.0,0.0,1.206,1.0,2.0,5,151.4852115745657,151.4852115745657,pobre,basal,1,0.0,649.0,1.0,60.0,7,292,26900,1,1.0
97,0.0,0.0,1.206,1.0,9.0,5,151.4852115745657,151.4852115745657,no pobre,basal,4,800.0,1078.0,1.0,35.0,16,292,26901,9,1.0
98,0.0,0.0,1.206,,,5,151.4852115745657,151.4852115745657,no pobre,basal,4,800.0,1078.0,1.0,35.0,17,292,26901,9,1.0
97,1.0,0.0,1.206,0.0,6.0,5,151.4852115745657,151.4852115745657,no pobre,basal,4,800.0,1078.0,1.0,35.0,14,292,26902,6,0.0
98,1.0,0.0,1.206,0.0,6.0,5,151.4852115745657,151.4852115745657,no pobre,basal,4,800.0,1078.0,1.0,35.0,15,292,26902,6,0.0
97,1.0,0.0,1.206,0.0,6.0,5,151.4852115745657,151.4852115745657,no pobre,basal,4,800.0,1078.0,1.0,35.0,13,292,26903,6,0.0
98,1.0,0.0,1.206,0.0,6.0,5,151.4852115745657,151.4852115745657,no pobre,basal,4,800.0,1078.0,1.0,35.0,14,292,26903,6,0.0
97,0.0,0.0,1.206,1.0,0.0,5,151.4852115745657,151.4852115745657,pobre,basal,0,375.0,767.0,0.0,62.0,7,292,26904,0,1.0
98,0.0,0.0,1.206,,1.0,5,151.4852115745657,151.4852115745657,pobre,basal,0,375.0,767.0,0.0,62.0,8,292,26904,0,1.0
97,0.0,0.0,1.206,1.0,0.0,5,151.4852115745657,151.4852115745657,pobre,basal,0,375.0,767.0,0.0,62.0,6,292,26905,0,1.0
98,0.0,0.0,1.206,,0.0,5,151.4852115745657,151.4852115745657,pobre,basal,0,375.0,767.0,0.0,62.0,7,292,26905,0,1.0
97,1.0,0.0,1.206,1.0,5.0,3,151.4852115745657,151.4852115745657,pobre,basal,1,0.0,592.0,1.0,48.0,11,292,26906,5,1.0
98,1.0,0.0,1.206,0.0,6.0,3,151.4852115745657,151.4852115745657,pobre,basal,1,0.0,592.0,1.0,48.0,12,292,26906,5,1.0
97,1.0,0.0,1.206,0.0,5.0,5,151.4852115745657,151.4852115745657,pobre,basal,0,625.0,548.0,1.0,69.0,16,292,26907,5,0.0
98,1.0,0.0,1.206,,,5,151.4852115745657,151.4852115745657,pobre,basal,0,625.0,548.0,1.0,69.0,17,292,26907,5,0.0
97,1.0,0.0,1.206,0.0,4.0,5,151.4852115745657,151.4852115745657,pobre,basal,0,625.0,548.0,1.0,69.0,14,292,26908,4,0.0
98,1.0,0.0,1.206,1.0,4.0,5,151.4852115745657,151.4852115745657,pobre,basal,0,625.0,548.0,1.0,69.0,15,292,26908,4,0.0
97,0.0,0.0,1.206,0.0,6.0,7,151.4852115745657,151.4852115745657,pobre,basal,3,625.0,505.0,1.0,49.0,13,292,26909,6,0.0
98,0.0,0.0,1.206,1.0,6.0,7,151.4852115745657,151.4852115745657,pobre,basal,3,625.0,505.0,1.0,49.0,14,292,26909,6,0.0
97,0.0,0.0,1.206,1.0,4.0,7,151.4852115745657,151.4852115745657,pobre,basal,3,625.0,505.0,1.0,49.0,11,292,26910,4,1.0
98,0.0,0.0,1.206,1.0,5.0,7,151.4852115745657,151.4852115745657,pobre,basal,3,625.0,505.0,1.0,49.0,12,292,26910,4,1.0
97,1.0,0.0,1.206,1.0,2.0,7,151.4852115745657,151.4852115745657,pobre,basal,3,625.0,505.0,1.0,49.0,8,292,26911,2,1.0
98,1.0,0.0,1.206,1.0,3.0,7,151.4852115745657,151.4852115745657,pobre,basal,3,625.0,505.0,1.0,49.0,9,292,26911,2,1.0
97,1.0,0.0,1.206,1.0,0.0,7,151.4852115745657,151.4852115745657,pobre,basal,3,625.0,505.0,1.0,49.0,6,292,26912,0,1.0
98,1.0,0.0,1.206,1.0,1.0,7,151.4852115745657,151.4852115745657,pobre,basal,3,625.0,505.0,1.0,49.0,7,292,26912,0,1.0
97,0.0,0.0,1.206,1.0,3.0,6,151.4852115745657,151.4852115745657,no pobre,basal,6,0.0,806.0,1.0,59.0,8,292,26913,3,1.0
98,0.0,0.0,1.206,1.0,4.0,6,151.4852115745657,151.4852115745657,no pobre,basal,6,0.0,806.0,1.0,59.0,9,292,26913,3,1.0
97,1.0,0.0,1.206,1.0,1.0,6,151.4852115745657,151.4852115745657,no pobre,basal,6,0.0,806.0,1.0,59.0,7,292,26914,1,1.0
98,1.0,0.0,1.206,1.0,2.0,6,151.4852115745657,151.4852115745657,no pobre,basal,6,0.0,806.0,1.0,59.0,8,292,26914,1,1.0
97,0.0,0.0,2.8099999,1.0,1.0,5,153.0927140291788,153.0927140291788,pobre,basal,2,1200.0,553.0,1.0,28.0,7,290,26915,1,1.0
98,0.0,0.0,2.8099999,1.0,2.0,5,153.0927140291788,153.0927140291788,pobre,basal,2,1200.0,553.0,1.0,28.0,8,290,26915,1,1.0
97,1.0,0.0,2.8099999,1.0,4.0,13,153.0927140291788,153.0927140291788,pobre,basal,4,625.0,258.0,1.0,32.0,12,290,26916,4,1.0
98,1.0,0.0,2.8099999,1.0,8.0,13,153.0927140291788,153.0927140291788,pobre,basal,4,625.0,258.0,1.0,32.0,13,290,26916,4,1.0
97,1.0,0.0,2.8099999,1.0,4.0,13,153.0927140291788,153.0927140291788,pobre,basal,4,625.0,258.0,1.0,32.0,11,290,26917,4,1.0
98,1.0,0.0,2.8099999,1.0,6.0,13,153.0927140291788,153.0927140291788,pobre,basal,4,625.0,258.0,1.0,32.0,12,290,26917,4,1.0
97,0.0,0.0,2.8099999,1.0,4.0,13,153.0927140291788,153.0927140291788,pobre,basal,4,625.0,258.0,1.0,32.0,10,290,26918,4,1.0
98,0.0,0.0,2.8099999,1.0,5.0,13,153.0927140291788,153.0927140291788,pobre,basal,4,625.0,258.0,1.0,32.0,11,290,26918,4,1.0
97,0.0,0.0,2.8099999,1.0,2.0,13,153.0927140291788,153.0927140291788,pobre,basal,4,625.0,258.0,1.0,32.0,8,290,26919,2,1.0
98,0.0,0.0,2.8099999,1.0,3.0,13,153.0927140291788,153.0927140291788,pobre,basal,4,625.0,258.0,1.0,32.0,9,290,26919,2,1.0
97,1.0,0.0,2.8099999,1.0,1.0,13,153.0927140291788,153.0927140291788,pobre,basal,4,625.0,258.0,1.0,32.0,7,290,26920,1,1.0
98,1.0,0.0,2.8099999,1.0,2.0,13,153.0927140291788,153.0927140291788,pobre,basal,4,625.0,258.0,1.0,32.0,8,290,26920,1,1.0
97,0.0,0.0,2.8099999,0.0,6.0,7,153.0927140291788,153.0927140291788,pobre,basal,3,800.0,483.0,1.0,38.0,14,290,26921,6,0.0
98,0.0,0.0,2.8099999,0.0,6.0,7,153.0927140291788,153.0927140291788,pobre,basal,3,800.0,483.0,1.0,38.0,15,290,26921,6,0.0
97,0.0,0.0,2.8099999,0.0,6.0,7,153.0927140291788,153.0927140291788,pobre,basal,3,800.0,483.0,1.0,38.0,12,290,26922,6,0.0
98,0.0,0.0,2.8099999,0.0,6.0,7,153.0927140291788,153.0927140291788,pobre,basal,3,800.0,483.0,1.0,38.0,13,290,26922,6,0.0
97,1.0,0.0,2.8099999,1.0,3.0,7,153.0927140291788,153.0927140291788,pobre,basal,3,800.0,483.0,1.0,38.0,10,290,26923,3,1.0
98,1.0,0.0,2.8099999,1.0,5.0,7,153.0927140291788,153.0927140291788,pobre,basal,3,800.0,483.0,1.0,38.0,11,290,26923,3,1.0
97,1.0,0.0,2.8099999,1.0,2.0,7,153.0927140291788,153.0927140291788,pobre,basal,3,800.0,483.0,1.0,38.0,9,290,26924,2,1.0
98,1.0,0.0,2.8099999,1.0,3.0,7,153.0927140291788,153.0927140291788,pobre,basal,3,800.0,483.0,1.0,38.0,10,290,26924,2,1.0
97,1.0,0.0,2.8099999,1.0,6.0,7,153.0927140291788,153.0927140291788,no pobre,basal,6,1200.0,753.0,1.0,37.0,12,290,26925,6,1.0
98,1.0,0.0,2.8099999,1.0,6.0,7,153.0927140291788,153.0927140291788,no pobre,basal,6,1200.0,753.0,1.0,37.0,13,290,26925,6,1.0
97,1.0,0.0,2.8099999,1.0,4.0,7,153.0927140291788,153.0927140291788,no pobre,basal,6,1200.0,753.0,1.0,37.0,11,290,26926,4,1.0
98,1.0,0.0,2.8099999,1.0,5.0,7,153.0927140291788,153.0927140291788,no pobre,basal,6,1200.0,753.0,1.0,37.0,12,290,26926,4,1.0
97,1.0,0.0,2.8099999,1.0,4.0,7,153.0927140291788,153.0927140291788,no pobre,basal,6,1200.0,753.0,1.0,37.0,10,290,26927,4,1.0
98,1.0,0.0,2.8099999,1.0,5.0,7,153.0927140291788,153.0927140291788,no pobre,basal,6,1200.0,753.0,1.0,37.0,11,290,26927,4,1.0
97,1.0,0.0,2.8099999,1.0,0.0,7,153.0927140291788,153.0927140291788,no pobre,basal,6,1200.0,753.0,1.0,37.0,6,290,26928,0,1.0
98,1.0,0.0,2.8099999,1.0,1.0,7,153.0927140291788,153.0927140291788,no pobre,basal,6,1200.0,753.0,1.0,37.0,7,290,26928,0,1.0
97,1.0,0.0,2.8099999,0.0,5.0,6,153.0927140291788,153.0927140291788,pobre,basal,0,0.0,644.62,1.0,54.0,15,290,26929,5,0.0
98,1.0,0.0,2.8099999,,,6,153.0927140291788,153.0927140291788,pobre,basal,0,0.0,644.62,1.0,54.0,16,290,26929,5,0.0
97,0.0,0.0,2.8099999,1.0,2.0,4,153.0927140291788,153.0927140291788,pobre,basal,0,0.0,746.0,1.0,43.0,11,290,26930,2,1.0
98,0.0,0.0,2.8099999,1.0,3.0,4,153.0927140291788,153.0927140291788,pobre,basal,0,0.0,746.0,1.0,43.0,12,290,26930,2,1.0
97,0.0,0.0,2.8099999,1.0,5.0,4,153.0927140291788,153.0927140291788,pobre,basal,0,0.0,746.0,1.0,43.0,8,290,26931,5,1.0
98,0.0,0.0,2.8099999,0.0,6.0,4,153.0927140291788,153.0927140291788,pobre,basal,0,0.0,746.0,1.0,43.0,9,290,26931,5,1.0
97,1.0,0.0,2.8099999,0.0,5.0,11,153.0927140291788,153.0927140291788,pobre,basal,0,500.0,520.0,1.0,38.0,15,290,26932,5,0.0
98,1.0,0.0,2.8099999,,,11,153.0927140291788,153.0927140291788,pobre,basal,0,500.0,520.0,1.0,38.0,16,290,26932,5,0.0
97,0.0,0.0,2.8099999,0.0,6.0,11,153.0927140291788,153.0927140291788,pobre,basal,0,500.0,520.0,1.0,38.0,13,290,26933,6,0.0
98,0.0,0.0,2.8099999,0.0,6.0,11,153.0927140291788,153.0927140291788,pobre,basal,0,500.0,520.0,1.0,38.0,14,290,26933,6,0.0
97,1.0,0.0,2.8099999,1.0,4.0,11,153.0927140291788,153.0927140291788,pobre,basal,0,500.0,520.0,1.0,38.0,11,290,26934,4,1.0
98,1.0,0.0,2.8099999,1.0,5.0,11,153.0927140291788,153.0927140291788,pobre,basal,0,500.0,520.0,1.0,38.0,12,290,26934,4,1.0
97,0.0,0.0,2.8099999,1.0,2.0,11,153.0927140291788,153.0927140291788,pobre,basal,0,500.0,520.0,1.0,38.0,9,290,26935,2,1.0
98,0.0,0.0,2.8099999,1.0,3.0,11,153.0927140291788,153.0927140291788,pobre,basal,0,500.0,520.0,1.0,38.0,10,290,26935,2,1.0
97,1.0,0.0,2.8099999,1.0,0.0,11,153.0927140291788,153.0927140291788,pobre,basal,0,500.0,520.0,1.0,38.0,6,290,26936,0,1.0
98,1.0,0.0,2.8099999,1.0,1.0,11,153.0927140291788,153.0927140291788,pobre,basal,0,500.0,520.0,1.0,38.0,7,290,26936,0,1.0
97,1.0,0.0,2.8099999,1.0,2.0,7,153.0927140291788,153.0927140291788,pobre,basal,5,700.0,574.0,1.0,29.0,11,290,26937,2,1.0
98,1.0,0.0,2.8099999,1.0,3.0,7,153.0927140291788,153.0927140291788,pobre,basal,5,700.0,574.0,1.0,29.0,12,290,26937,2,1.0
97,1.0,0.0,2.8099999,1.0,3.0,7,153.0927140291788,153.0927140291788,pobre,basal,5,700.0,574.0,1.0,29.0,10,290,26938,3,1.0
98,1.0,0.0,2.8099999,1.0,3.0,7,153.0927140291788,153.0927140291788,pobre,basal,5,700.0,574.0,1.0,29.0,11,290,26938,3,1.0
97,1.0,0.0,2.8099999,1.0,1.0,7,153.0927140291788,153.0927140291788,pobre,basal,5,700.0,574.0,1.0,29.0,8,290,26939,1,1.0
98,1.0,0.0,2.8099999,1.0,2.0,7,153.0927140291788,153.0927140291788,pobre,basal,5,700.0,574.0,1.0,29.0,9,290,26939,1,1.0
97,1.0,0.0,1.206,0.0,6.0,5,151.4852115745657,151.4852115745657,pobre,basal,1,625.0,659.5,1.0,40.0,15,292,26940,6,0.0
98,1.0,0.0,1.206,,,5,151.4852115745657,151.4852115745657,pobre,basal,1,625.0,659.5,1.0,40.0,16,292,26940,6,0.0
97,0.0,0.0,1.206,1.0,3.0,5,151.4852115745657,151.4852115745657,pobre,basal,1,625.0,659.5,1.0,40.0,11,292,26941,3,1.0
98,0.0,0.0,1.206,1.0,3.0,5,151.4852115745657,151.4852115745657,pobre,basal,1,625.0,659.5,1.0,40.0,12,292,26941,3,1.0
97,1.0,0.0,2.8099999,1.0,5.0,9,153.0927140291788,153.0927140291788,pobre,basal,0,0.0,520.0,1.0,46.0,13,290,26942,5,1.0
98,1.0,0.0,2.8099999,0.0,5.0,9,153.0927140291788,153.0927140291788,pobre,basal,0,0.0,520.0,1.0,46.0,14,290,26942,5,1.0
97,1.0,0.0,2.8099999,1.0,5.0,9,153.0927140291788,153.0927140291788,pobre,basal,0,0.0,520.0,1.0,46.0,11,290,26943,5,1.0
98,1.0,0.0,2.8099999,1.0,6.0,9,153.0927140291788,153.0927140291788,pobre,basal,0,0.0,520.0,1.0,46.0,12,290,26943,5,1.0
97,0.0,0.0,2.8099999,1.0,2.0,9,153.0927140291788,153.0927140291788,pobre,basal,0,0.0,520.0,1.0,46.0,9,290,26944,2,1.0
98,0.0,0.0,2.8099999,1.0,3.0,9,153.0927140291788,153.0927140291788,pobre,basal,0,0.0,520.0,1.0,46.0,10,290,26944,2,1.0
97,1.0,0.0,2.8099999,1.0,0.0,9,153.0927140291788,153.0927140291788,pobre,basal,0,0.0,520.0,1.0,46.0,6,290,26945,0,1.0
98,1.0,0.0,2.8099999,1.0,1.0,9,153.0927140291788,153.0927140291788,pobre,basal,0,0.0,520.0,1.0,46.0,7,290,26945,0,1.0
97,0.0,0.0,2.8099999,1.0,2.0,6,153.0927140291788,153.0927140291788,pobre,basal,0,0.0,510.0,1.0,39.0,9,290,26946,2,1.0
98,0.0,0.0,2.8099999,1.0,3.0,6,153.0927140291788,153.0927140291788,pobre,basal,0,0.0,510.0,1.0,39.0,10,290,26946,2,1.0
97,0.0,0.0,2.8099999,1.0,1.0,6,153.0927140291788,153.0927140291788,pobre,basal,0,0.0,510.0,1.0,39.0,7,290,26947,1,1.0
98,0.0,0.0,2.8099999,1.0,2.0,6,153.0927140291788,153.0927140291788,pobre,basal,0,0.0,510.0,1.0,39.0,8,290,26947,1,1.0
97,0.0,0.0,2.8099999,0.0,6.0,9,153.0927140291788,153.0927140291788,pobre,basal,0,625.0,784.59998,1.0,52.0,15,290,26948,6,0.0
98,0.0,0.0,2.8099999,,,9,153.0927140291788,153.0927140291788,pobre,basal,0,625.0,784.59998,1.0,52.0,16,290,26948,6,0.0
97,0.0,0.0,2.8099999,1.0,5.0,9,153.0927140291788,153.0927140291788,pobre,basal,0,625.0,784.59998,1.0,52.0,11,290,26949,5,1.0
98,0.0,0.0,2.8099999,0.0,6.0,9,153.0927140291788,153.0927140291788,pobre,basal,0,625.0,784.59998,1.0,52.0,12,290,26949,5,1.0
97,0.0,0.0,2.8099999,0.0,4.0,9,153.0927140291788,153.0927140291788,pobre,basal,0,625.0,784.59998,1.0,52.0,16,290,26950,4,0.0
98,0.0,0.0,2.8099999,,,9,153.0927140291788,153.0927140291788,pobre,basal,0,625.0,784.59998,1.0,52.0,17,290,26950,4,0.0
97,0.0,0.0,2.8099999,0.0,6.0,8,153.0927140291788,153.0927140291788,pobre,basal,0,625.0,441.0,1.0,40.0,15,290,26951,6,0.0
98,0.0,0.0,2.8099999,0.0,6.0,8,153.0927140291788,153.0927140291788,pobre,basal,0,625.0,441.0,1.0,40.0,16,290,26951,6,0.0
97,1.0,0.0,2.8099999,1.0,6.0,8,153.0927140291788,153.0927140291788,pobre,basal,0,625.0,441.0,1.0,40.0,12,290,26952,6,1.0
98,1.0,0.0,2.8099999,1.0,6.0,8,153.0927140291788,153.0927140291788,pobre,basal,0,625.0,441.0,1.0,40.0,13,290,26952,6,1.0
97,0.0,0.0,2.8099999,1.0,3.0,8,153.0927140291788,153.0927140291788,pobre,basal,0,625.0,441.0,1.0,40.0,10,290,26953,3,1.0
98,0.0,0.0,2.8099999,1.0,4.0,8,153.0927140291788,153.0927140291788,pobre,basal,0,625.0,441.0,1.0,40.0,11,290,26953,3,1.0
97,1.0,0.0,2.8099999,1.0,0.0,8,153.0927140291788,153.0927140291788,pobre,basal,0,625.0,441.0,1.0,40.0,6,290,26954,0,1.0
98,1.0,0.0,2.8099999,1.0,1.0,8,153.0927140291788,153.0927140291788,pobre,basal,0,625.0,441.0,1.0,40.0,7,290,26954,0,1.0
97,1.0,0.0,2.8099999,0.0,6.0,10,153.0927140291788,153.0927140291788,pobre,basal,0,500.0,579.5,1.0,45.0,14,290,26955,6,0.0
98,1.0,0.0,2.8099999,0.0,6.0,10,153.0927140291788,153.0927140291788,pobre,basal,0,500.0,579.5,1.0,45.0,15,290,26955,6,0.0
97,0.0,0.0,2.8099999,1.0,5.0,10,153.0927140291788,153.0927140291788,pobre,basal,0,500.0,579.5,1.0,45.0,12,290,26956,5,1.0
98,0.0,0.0,2.8099999,0.0,5.0,10,153.0927140291788,153.0927140291788,pobre,basal,0,500.0,579.5,1.0,45.0,13,290,26956,5,1.0
97,1.0,0.0,2.8099999,1.0,3.0,10,153.0927140291788,153.0927140291788,pobre,basal,0,500.0,579.5,1.0,45.0,10,290,26957,3,1.0
98,1.0,0.0,2.8099999,1.0,4.0,10,153.0927140291788,153.0927140291788,pobre,basal,0,500.0,579.5,1.0,45.0,11,290,26957,3,1.0
97,1.0,0.0,2.8099999,1.0,5.0,7,153.0927140291788,153.0927140291788,pobre,basal,6,500.0,613.0,1.0,33.0,12,290,26958,5,1.0
98,1.0,0.0,2.8099999,0.0,6.0,7,153.0927140291788,153.0927140291788,pobre,basal,6,500.0,613.0,1.0,33.0,13,290,26958,5,1.0
97,0.0,0.0,2.8099999,1.0,4.0,7,153.0927140291788,153.0927140291788,pobre,basal,6,500.0,613.0,1.0,33.0,11,290,26959,4,1.0
98,0.0,0.0,2.8099999,1.0,5.0,7,153.0927140291788,153.0927140291788,pobre,basal,6,500.0,613.0,1.0,33.0,12,290,26959,4,1.0
97,1.0,0.0,2.8099999,1.0,1.0,7,153.0927140291788,153.0927140291788,pobre,basal,6,500.0,613.0,1.0,33.0,8,290,26960,1,1.0
98,1.0,0.0,2.8099999,1.0,2.0,7,153.0927140291788,153.0927140291788,pobre,basal,6,500.0,613.0,1.0,33.0,9,290,26960,1,1.0
97,0.0,0.0,2.8099999,1.0,0.0,7,153.0927140291788,153.0927140291788,pobre,basal,6,500.0,613.0,1.0,33.0,6,290,26961,0,1.0
98,0.0,0.0,2.8099999,1.0,1.0,7,153.0927140291788,153.0927140291788,pobre,basal,6,500.0,613.0,1.0,33.0,7,290,26961,0,1.0
97,1.0,0.0,2.8099999,1.0,3.0,5,153.0927140291788,153.0927140291788,pobre,basal,6,1400.0,555.0,1.0,35.0,9,290,26962,3,1.0
98,1.0,0.0,2.8099999,1.0,4.0,5,153.0927140291788,153.0927140291788,pobre,basal,6,1400.0,555.0,1.0,35.0,10,290,26962,3,1.0
97,1.0,0.0,2.8099999,1.0,1.0,5,153.0927140291788,153.0927140291788,pobre,basal,6,1400.0,555.0,1.0,35.0,6,290,26963,1,1.0
98,1.0,0.0,2.8099999,1.0,2.0,5,153.0927140291788,153.0927140291788,pobre,basal,6,1400.0,555.0,1.0,35.0,7,290,26963,1,1.0
97,0.0,0.0,2.8099999,0.0,6.0,9,153.0927140291788,153.0927140291788,pobre,basal,0,625.0,663.5,1.0,78.0,14,290,26964,6,0.0
98,0.0,0.0,2.8099999,,,9,153.0927140291788,153.0927140291788,pobre,basal,0,625.0,663.5,1.0,78.0,15,290,26964,6,0.0
97,0.0,0.0,2.8099999,0.0,3.0,9,153.0927140291788,153.0927140291788,pobre,basal,0,625.0,663.5,1.0,78.0,13,290,26965,3,0.0
98,0.0,0.0,2.8099999,,,9,153.0927140291788,153.0927140291788,pobre,basal,0,625.0,663.5,1.0,78.0,14,290,26965,3,0.0
97,1.0,0.0,2.8099999,1.0,0.0,4,153.0927140291788,153.0927140291788,pobre,basal,0,625.0,651.0,1.0,58.0,6,290,26966,0,1.0
98,1.0,0.0,2.8099999,1.0,1.0,4,153.0927140291788,153.0927140291788,pobre,basal,0,625.0,651.0,1.0,58.0,7,290,26966,0,1.0
97,1.0,0.0,2.8099999,1.0,1.0,6,153.0927140291788,153.0927140291788,pobre,basal,0,0.0,537.0,1.0,64.0,9,290,26967,1,1.0
98,1.0,0.0,2.8099999,1.0,2.0,6,153.0927140291788,153.0927140291788,pobre,basal,0,0.0,537.0,1.0,64.0,10,290,26967,1,1.0
97,0.0,0.0,2.8099999,1.0,6.0,2,153.0927140291788,153.0927140291788,no pobre,basal,4,0.0,799.0,1.0,31.0,16,290,26968,6,1.0
98,0.0,0.0,2.8099999,,,2,153.0927140291788,153.0927140291788,no pobre,basal,4,0.0,799.0,1.0,31.0,17,290,26968,6,1.0
97,0.0,0.0,2.8099999,1.0,5.0,7,153.0927140291788,153.0927140291788,pobre,basal,0,625.0,503.0,1.0,45.0,11,290,26969,5,1.0
98,0.0,0.0,2.8099999,0.0,6.0,7,153.0927140291788,153.0927140291788,pobre,basal,0,625.0,503.0,1.0,45.0,12,290,26969,5,1.0
97,0.0,0.0,2.8099999,1.0,2.0,7,153.0927140291788,153.0927140291788,pobre,basal,0,625.0,503.0,1.0,45.0,9,290,26970,2,1.0
98,0.0,0.0,2.8099999,1.0,3.0,7,153.0927140291788,153.0927140291788,pobre,basal,0,625.0,503.0,1.0,45.0,10,290,26970,2,1.0
97,1.0,0.0,2.8099999,1.0,0.0,7,153.0927140291788,153.0927140291788,pobre,basal,0,625.0,503.0,1.0,45.0,6,290,26971,0,1.0
98,1.0,0.0,2.8099999,1.0,0.0,7,153.0927140291788,153.0927140291788,pobre,basal,0,625.0,503.0,1.0,45.0,7,290,26971,0,1.0
97,1.0,0.0,2.8099999,1.0,4.0,5,153.0927140291788,153.0927140291788,pobre,basal,6,625.0,572.0,1.0,33.0,10,290,26972,4,1.0
98,1.0,0.0,2.8099999,1.0,5.0,5,153.0927140291788,153.0927140291788,pobre,basal,6,625.0,572.0,1.0,33.0,11,290,26972,4,1.0
97,0.0,0.0,2.8099999,1.0,2.0,5,153.0927140291788,153.0927140291788,pobre,basal,6,625.0,572.0,1.0,33.0,8,290,26973,2,1.0
98,0.0,0.0,2.8099999,1.0,3.0,5,153.0927140291788,153.0927140291788,pobre,basal,6,625.0,572.0,1.0,33.0,9,290,26973,2,1.0
97,0.0,0.0,2.8099999,,0.0,12,153.0927140291788,153.0927140291788,pobre,basal,0,625.0,455.0,1.0,40.0,15,290,26974,0,
98,0.0,0.0,2.8099999,,,12,153.0927140291788,153.0927140291788,pobre,basal,0,625.0,455.0,1.0,40.0,16,290,26974,0,
97,1.0,0.0,2.8099999,0.0,6.0,12,153.0927140291788,153.0927140291788,pobre,basal,0,625.0,455.0,1.0,40.0,14,290,26975,6,0.0
98,1.0,0.0,2.8099999,0.0,6.0,12,153.0927140291788,153.0927140291788,pobre,basal,0,625.0,455.0,1.0,40.0,15,290,26975,6,0.0
97,1.0,0.0,2.8099999,1.0,4.0,12,153.0927140291788,153.0927140291788,pobre,basal,0,625.0,455.0,1.0,40.0,12,290,26976,4,1.0
98,1.0,0.0,2.8099999,1.0,5.0,12,153.0927140291788,153.0927140291788,pobre,basal,0,625.0,455.0,1.0,40.0,13,290,26976,4,1.0
97,0.0,0.0,2.8099999,1.0,3.0,12,153.0927140291788,153.0927140291788,pobre,basal,0,625.0,455.0,1.0,40.0,10,290,26977,3,1.0
98,0.0,0.0,2.8099999,1.0,4.0,12,153.0927140291788,153.0927140291788,pobre,basal,0,625.0,455.0,1.0,40.0,11,290,26977,3,1.0
97,1.0,0.0,2.8099999,1.0,1.0,12,153.0927140291788,153.0927140291788,pobre,basal,0,625.0,455.0,1.0,40.0,8,290,26978,1,1.0
98,1.0,0.0,2.8099999,1.0,2.0,12,153.0927140291788,153.0927140291788,pobre,basal,0,625.0,455.0,1.0,40.0,9,290,26978,1,1.0
97,1.0,0.0,2.8099999,1.0,0.0,12,153.0927140291788,153.0927140291788,pobre,basal,0,625.0,455.0,1.0,40.0,6,290,26979,0,1.0
98,1.0,0.0,2.8099999,1.0,1.0,12,153.0927140291788,153.0927140291788,pobre,basal,0,625.0,455.0,1.0,40.0,7,290,26979,0,1.0
97,0.0,0.0,2.8099999,1.0,4.0,8,153.0927140291788,153.0927140291788,pobre,basal,0,625.0,437.0,1.0,42.0,13,290,26980,4,1.0
98,0.0,0.0,2.8099999,0.0,4.0,8,153.0927140291788,153.0927140291788,pobre,basal,0,625.0,437.0,1.0,42.0,14,290,26980,4,1.0
97,0.0,0.0,2.8099999,1.0,3.0,8,153.0927140291788,153.0927140291788,pobre,basal,0,625.0,437.0,1.0,42.0,13,290,26981,3,1.0
98,0.0,0.0,2.8099999,1.0,4.0,8,153.0927140291788,153.0927140291788,pobre,basal,0,625.0,437.0,1.0,42.0,14,290,26981,3,1.0
97,0.0,0.0,2.8099999,1.0,3.0,8,153.0927140291788,153.0927140291788,pobre,basal,0,625.0,437.0,1.0,42.0,11,290,26982,3,1.0
98,0.0,0.0,2.8099999,1.0,4.0,8,153.0927140291788,153.0927140291788,pobre,basal,0,625.0,437.0,1.0,42.0,12,290,26982,3,1.0
97,1.0,0.0,2.8099999,1.0,1.0,8,153.0927140291788,153.0927140291788,pobre,basal,0,625.0,437.0,1.0,42.0,8,290,26983,1,1.0
98,1.0,0.0,2.8099999,1.0,1.0,8,153.0927140291788,153.0927140291788,pobre,basal,0,625.0,437.0,1.0,42.0,9,290,26983,1,1.0
97,0.0,0.0,2.8099999,1.0,0.0,8,153.0927140291788,153.0927140291788,pobre,basal,0,625.0,437.0,1.0,42.0,7,290,26984,0,1.0
98,0.0,0.0,2.8099999,1.0,1.0,8,153.0927140291788,153.0927140291788,pobre,basal,0,625.0,437.0,1.0,42.0,8,290,26984,0,1.0
97,0.0,0.0,2.3,1.0,3.0,7,152.2078599393765,152.2078599393765,no pobre,0,4,0.0,816.0,1.0,29.0,9,293,26985,3,1.0
98,0.0,0.0,2.3,,,7,152.2078599393765,152.2078599393765,no pobre,0,4,0.0,816.0,1.0,29.0,10,293,26985,3,1.0
97,0.0,0.0,2.3,1.0,2.0,7,152.2078599393765,152.2078599393765,no pobre,0,4,0.0,816.0,1.0,29.0,8,293,26986,2,1.0
98,0.0,0.0,2.3,,,7,152.2078599393765,152.2078599393765,no pobre,0,4,0.0,816.0,1.0,29.0,9,293,26986,2,1.0
97,1.0,0.0,2.3,1.0,0.0,6,152.2078599393765,152.2078599393765,pobre,0,0,400.0,784.0,1.0,70.0,6,293,26987,0,1.0
98,1.0,0.0,2.3,1.0,1.0,6,152.2078599393765,152.2078599393765,pobre,0,0,400.0,784.0,1.0,70.0,7,293,26987,0,1.0
97,0.0,0.0,2.3,0.0,6.0,11,152.2078599393765,152.2078599393765,pobre,0,1,2800.0,786.5,1.0,51.0,15,293,26988,6,0.0
98,0.0,0.0,2.3,0.0,6.0,11,152.2078599393765,152.2078599393765,pobre,0,1,2800.0,786.5,1.0,51.0,16,293,26988,6,0.0
97,0.0,0.0,2.3,0.0,6.0,11,152.2078599393765,152.2078599393765,pobre,0,1,2800.0,786.5,1.0,51.0,14,293,26989,6,0.0
98,0.0,0.0,2.3,0.0,6.0,11,152.2078599393765,152.2078599393765,pobre,0,1,2800.0,786.5,1.0,51.0,15,293,26989,6,0.0
97,0.0,0.0,2.3,0.0,6.0,11,152.2078599393765,152.2078599393765,pobre,0,1,2800.0,786.5,1.0,51.0,13,293,26990,6,0.0
98,0.0,0.0,2.3,0.0,6.0,11,152.2078599393765,152.2078599393765,pobre,0,1,2800.0,786.5,1.0,51.0,14,293,26990,6,0.0
97,1.0,0.0,2.3,1.0,2.0,11,152.2078599393765,152.2078599393765,pobre,0,1,2800.0,786.5,1.0,51.0,7,293,26991,2,1.0
98,1.0,0.0,2.3,1.0,3.0,11,152.2078599393765,152.2078599393765,pobre,0,1,2800.0,786.5,1.0,51.0,8,293,26991,2,1.0
97,1.0,0.0,2.3,0.0,8.0,7,152.2078599393765,152.2078599393765,pobre,0,0,500.0,611.0,1.0,55.0,14,293,26992,8,0.0
98,1.0,0.0,2.3,0.0,8.0,7,152.2078599393765,152.2078599393765,pobre,0,0,500.0,611.0,1.0,55.0,15,293,26992,8,0.0
97,1.0,0.0,2.3,1.0,5.0,7,152.2078599393765,152.2078599393765,pobre,0,0,500.0,611.0,1.0,55.0,12,293,26993,5,1.0
98,1.0,0.0,2.3,1.0,5.0,7,152.2078599393765,152.2078599393765,pobre,0,0,500.0,611.0,1.0,55.0,13,293,26993,5,1.0
97,1.0,0.0,2.8099999,1.0,5.0,7,153.0927140291788,153.0927140291788,pobre,basal,6,0.0,853.0,1.0,40.0,14,290,26994,5,1.0
98,1.0,0.0,2.8099999,1.0,6.0,7,153.0927140291788,153.0927140291788,pobre,basal,6,0.0,853.0,1.0,40.0,15,290,26994,5,1.0
97,1.0,0.0,2.8099999,1.0,5.0,7,153.0927140291788,153.0927140291788,pobre,basal,6,0.0,853.0,1.0,40.0,13,290,26995,5,1.0
98,1.0,0.0,2.8099999,1.0,6.0,7,153.0927140291788,153.0927140291788,pobre,basal,6,0.0,853.0,1.0,40.0,14,290,26995,5,1.0
97,0.0,0.0,2.8099999,1.0,3.0,7,153.0927140291788,153.0927140291788,pobre,basal,6,0.0,853.0,1.0,40.0,10,290,26996,3,1.0
98,0.0,0.0,2.8099999,1.0,4.0,7,153.0927140291788,153.0927140291788,pobre,basal,6,0.0,853.0,1.0,40.0,11,290,26996,3,1.0
97,1.0,0.0,2.8099999,1.0,1.0,7,153.0927140291788,153.0927140291788,pobre,basal,6,0.0,853.0,1.0,40.0,7,290,26997,1,1.0
98,1.0,0.0,2.8099999,1.0,1.0,7,153.0927140291788,153.0927140291788,pobre,basal,6,0.0,853.0,1.0,40.0,8,290,26997,1,1.0
97,1.0,0.0,2.8099999,1.0,6.0,6,153.0927140291788,153.0927140291788,pobre,basal,0,625.0,570.0,1.0,51.0,14,290,26998,6,1.0
98,1.0,0.0,2.8099999,1.0,7.0,6,153.0927140291788,153.0927140291788,pobre,basal,0,625.0,570.0,1.0,51.0,15,290,26998,6,1.0
97,0.0,0.0,2.8099999,0.0,6.0,6,153.0927140291788,153.0927140291788,pobre,basal,0,625.0,570.0,1.0,51.0,12,290,26999,6,0.0
98,0.0,0.0,2.8099999,1.0,6.0,6,153.0927140291788,153.0927140291788,pobre,basal,0,625.0,570.0,1.0,51.0,13,290,26999,6,0.0
97,0.0,0.0,2.8099999,1.0,2.0,6,153.0927140291788,153.0927140291788,pobre,basal,0,625.0,570.0,1.0,51.0,8,290,27000,2,1.0
98,0.0,0.0,2.8099999,1.0,3.0,6,153.0927140291788,153.0927140291788,pobre,basal,0,625.0,570.0,1.0,51.0,9,290,27000,2,1.0
97,0.0,0.0,2.8099999,0.0,6.0,9,153.0927140291788,153.0927140291788,pobre,basal,0,625.0,605.5,1.0,46.0,14,290,27001,6,0.0
98,0.0,0.0,2.8099999,0.0,6.0,9,153.0927140291788,153.0927140291788,pobre,basal,0,625.0,605.5,1.0,46.0,15,290,27001,6,0.0
97,0.0,0.0,2.8099999,1.0,4.0,9,153.0927140291788,153.0927140291788,pobre,basal,0,625.0,605.5,1.0,46.0,11,290,27002,4,1.0
98,0.0,0.0,2.8099999,1.0,5.0,9,153.0927140291788,153.0927140291788,pobre,basal,0,625.0,605.5,1.0,46.0,12,290,27002,4,1.0
97,1.0,0.0,2.8099999,1.0,2.0,9,153.0927140291788,153.0927140291788,pobre,basal,0,625.0,605.5,1.0,46.0,9,290,27003,2,1.0
98,1.0,0.0,2.8099999,1.0,3.0,9,153.0927140291788,153.0927140291788,pobre,basal,0,625.0,605.5,1.0,46.0,10,290,27003,2,1.0
97,0.0,0.0,2.8099999,0.0,0.0,9,153.0927140291788,153.0927140291788,pobre,basal,0,625.0,605.5,1.0,46.0,6,290,27004,0,0.0
98,0.0,0.0,2.8099999,1.0,1.0,9,153.0927140291788,153.0927140291788,pobre,basal,0,625.0,605.5,1.0,46.0,7,290,27004,0,0.0
97,1.0,0.0,2.8099999,1.0,7.0,8,153.0927140291788,153.0927140291788,no pobre,basal,0,0.0,811.20001,1.0,53.0,16,290,27005,7,1.0
98,1.0,0.0,2.8099999,,,8,153.0927140291788,153.0927140291788,no pobre,basal,0,0.0,811.20001,1.0,53.0,17,290,27005,7,1.0
97,1.0,0.0,2.8099999,1.0,5.0,3,153.0927140291788,153.0927140291788,pobre,basal,0,0.0,708.0,1.0,70.0,12,290,27006,5,1.0
98,1.0,0.0,2.8099999,1.0,6.0,3,153.0927140291788,153.0927140291788,pobre,basal,0,0.0,708.0,1.0,70.0,13,290,27006,5,1.0
97,1.0,0.0,2.8099999,1.0,6.0,5,153.0927140291788,153.0927140291788,pobre,basal,0,0.0,648.5,1.0,40.0,15,290,27007,6,1.0
98,1.0,0.0,2.8099999,,,5,153.0927140291788,153.0927140291788,pobre,basal,0,0.0,648.5,1.0,40.0,16,290,27007,6,1.0
97,0.0,0.0,2.8099999,1.0,3.0,5,153.0927140291788,153.0927140291788,pobre,basal,0,0.0,648.5,1.0,40.0,10,290,27008,3,1.0
98,0.0,0.0,2.8099999,1.0,4.0,5,153.0927140291788,153.0927140291788,pobre,basal,0,0.0,648.5,1.0,40.0,11,290,27008,3,1.0
97,0.0,0.0,2.8099999,1.0,2.0,7,153.0927140291788,153.0927140291788,pobre,basal,3,0.0,458.0,1.0,29.0,9,290,27009,2,1.0
98,0.0,0.0,2.8099999,,,7,153.0927140291788,153.0927140291788,pobre,basal,3,0.0,458.0,1.0,29.0,10,290,27009,2,1.0
97,1.0,0.0,2.8099999,1.0,1.0,7,153.0927140291788,153.0927140291788,pobre,basal,3,0.0,458.0,1.0,29.0,8,290,27010,1,1.0
98,1.0,0.0,2.8099999,,,7,153.0927140291788,153.0927140291788,pobre,basal,3,0.0,458.0,1.0,29.0,9,290,27010,1,1.0
97,0.0,0.0,2.8099999,1.0,0.0,7,153.0927140291788,153.0927140291788,pobre,basal,3,0.0,458.0,1.0,29.0,6,290,27011,0,1.0
98,0.0,0.0,2.8099999,,,7,153.0927140291788,153.0927140291788,pobre,basal,3,0.0,458.0,1.0,29.0,7,290,27011,0,1.0
97,1.0,0.0,2.8099999,0.0,6.0,5,153.0927140291788,153.0927140291788,pobre,basal,0,625.0,745.75,1.0,57.0,15,290,27012,6,0.0
98,1.0,0.0,2.8099999,,,5,153.0927140291788,153.0927140291788,pobre,basal,0,625.0,745.75,1.0,57.0,16,290,27012,6,0.0
97,0.0,0.0,2.8099999,1.0,4.0,7,153.0927140291788,153.0927140291788,pobre,basal,6,700.0,574.0,1.0,30.0,10,290,27013,4,1.0
98,0.0,0.0,2.8099999,1.0,5.0,7,153.0927140291788,153.0927140291788,pobre,basal,6,700.0,574.0,1.0,30.0,11,290,27013,4,1.0
97,1.0,0.0,2.8099999,1.0,3.0,7,153.0927140291788,153.0927140291788,pobre,basal,6,700.0,574.0,1.0,30.0,9,290,27014,3,1.0
98,1.0,0.0,2.8099999,1.0,4.0,7,153.0927140291788,153.0927140291788,pobre,basal,6,700.0,574.0,1.0,30.0,10,290,27014,3,1.0
97,0.0,0.0,2.8099999,1.0,1.0,7,153.0927140291788,153.0927140291788,pobre,basal,6,700.0,574.0,1.0,30.0,7,290,27015,1,1.0
98,0.0,0.0,2.8099999,1.0,2.0,7,153.0927140291788,153.0927140291788,pobre,basal,6,700.0,574.0,1.0,30.0,8,290,27015,1,1.0
97,0.0,0.0,2.8099999,1.0,5.0,5,153.0927140291788,153.0927140291788,no pobre,basal,0,320.0,806.5,1.0,52.0,12,290,27016,5,1.0
98,0.0,0.0,2.8099999,1.0,6.0,5,153.0927140291788,153.0927140291788,no pobre,basal,0,320.0,806.5,1.0,52.0,13,290,27016,5,1.0
97,1.0,0.0,2.8099999,1.0,2.0,5,153.0927140291788,153.0927140291788,no pobre,basal,0,320.0,806.5,1.0,52.0,8,290,27017,2,1.0
98,1.0,0.0,2.8099999,1.0,5.0,5,153.0927140291788,153.0927140291788,no pobre,basal,0,320.0,806.5,1.0,52.0,9,290,27017,2,1.0
97,1.0,0.0,2.8099999,1.0,1.0,6,153.0927140291788,153.0927140291788,pobre,basal,1,800.0,498.0,1.0,32.0,8,290,27018,1,1.0
98,1.0,0.0,2.8099999,1.0,2.0,6,153.0927140291788,153.0927140291788,pobre,basal,1,800.0,498.0,1.0,32.0,9,290,27018,1,1.0
97,0.0,0.0,4.494,1.0,6.0,8,120.5898702794141,171.016762368425,pobre,basal,3,0.0,743.0,1.0,55.0,13,24,27019,6,1.0
98,0.0,0.0,4.494,1.0,7.0,8,120.5898702794141,171.016762368425,pobre,basal,3,0.0,743.0,1.0,55.0,14,24,27019,6,1.0
97,0.0,0.0,4.494,1.0,9.0,8,120.5898702794141,171.016762368425,pobre,basal,3,0.0,743.0,1.0,55.0,15,24,27020,9,1.0
98,0.0,0.0,4.494,1.0,10.0,8,120.5898702794141,171.016762368425,pobre,basal,3,0.0,743.0,1.0,55.0,16,24,27020,9,1.0
97,1.0,0.0,4.494,1.0,3.0,3,120.5898702794141,171.016762368425,no pobre,basal,6,0.0,876.0,1.0,57.0,10,24,27021,3,1.0
98,1.0,0.0,4.494,1.0,4.0,3,120.5898702794141,171.016762368425,no pobre,basal,6,0.0,876.0,1.0,57.0,11,24,27021,3,1.0
97,1.0,0.0,4.494,1.0,5.0,5,120.5898702794141,171.016762368425,pobre,basal,1,750.0,710.0,1.0,40.0,15,24,27022,5,1.0
98,1.0,0.0,4.494,1.0,4.0,5,120.5898702794141,171.016762368425,pobre,basal,1,750.0,710.0,1.0,40.0,16,24,27022,5,1.0
97,0.0,0.0,4.494,1.0,4.0,5,120.5898702794141,171.016762368425,pobre,basal,1,750.0,710.0,1.0,40.0,11,24,27023,4,1.0
98,0.0,0.0,4.494,1.0,4.0,5,120.5898702794141,171.016762368425,pobre,basal,1,750.0,710.0,1.0,40.0,12,24,27023,4,1.0
97,1.0,0.0,4.494,0.0,9.0,5,120.5898702794141,171.016762368425,no pobre,basal,3,400.0,842.0,1.0,59.0,16,24,27024,9,0.0
98,1.0,0.0,4.494,,,5,120.5898702794141,171.016762368425,no pobre,basal,3,400.0,842.0,1.0,59.0,17,24,27024,9,0.0
97,1.0,0.0,4.494,1.0,6.0,5,120.5898702794141,171.016762368425,no pobre,basal,3,400.0,842.0,1.0,59.0,15,24,27025,6,1.0
98,1.0,0.0,4.494,1.0,7.0,5,120.5898702794141,171.016762368425,no pobre,basal,3,400.0,842.0,1.0,59.0,16,24,27025,6,1.0
97,1.0,0.0,4.494,1.0,2.0,5,120.5898702794141,171.016762368425,no pobre,basal,3,400.0,842.0,1.0,59.0,10,24,27026,2,1.0
98,1.0,0.0,4.494,1.0,3.0,5,120.5898702794141,171.016762368425,no pobre,basal,3,400.0,842.0,1.0,59.0,11,24,27026,2,1.0
97,0.0,0.0,4.494,1.0,6.0,5,120.5898702794141,171.016762368425,pobre,basal,6,2500.0,820.0,1.0,35.0,15,24,27027,6,1.0
98,0.0,0.0,4.494,1.0,7.0,5,120.5898702794141,171.016762368425,pobre,basal,6,2500.0,820.0,1.0,35.0,16,24,27027,6,1.0
97,0.0,0.0,4.494,1.0,6.0,5,120.5898702794141,171.016762368425,pobre,basal,6,2500.0,820.0,1.0,35.0,12,24,27028,6,1.0
98,0.0,0.0,4.494,1.0,7.0,5,120.5898702794141,171.016762368425,pobre,basal,6,2500.0,820.0,1.0,35.0,13,24,27028,6,1.0
97,1.0,0.0,4.494,1.0,6.0,6,120.5898702794141,171.016762368425,pobre,basal,1,0.0,725.0,1.0,36.0,14,24,27029,6,1.0
98,1.0,0.0,4.494,1.0,7.0,6,120.5898702794141,171.016762368425,pobre,basal,1,0.0,725.0,1.0,36.0,15,24,27029,6,1.0
97,0.0,0.0,4.494,1.0,3.0,6,120.5898702794141,171.016762368425,pobre,basal,1,0.0,725.0,1.0,36.0,11,24,27030,3,1.0
98,0.0,0.0,4.494,1.0,4.0,6,120.5898702794141,171.016762368425,pobre,basal,1,0.0,725.0,1.0,36.0,12,24,27030,3,1.0
97,0.0,0.0,4.494,1.0,1.0,6,120.5898702794141,171.016762368425,pobre,basal,1,0.0,725.0,1.0,36.0,7,24,27031,1,1.0
98,0.0,0.0,4.494,1.0,1.0,6,120.5898702794141,171.016762368425,pobre,basal,1,0.0,725.0,1.0,36.0,8,24,27031,1,1.0
97,0.0,0.0,4.494,1.0,4.0,4,120.5898702794141,171.016762368425,no pobre,basal,7,0.0,894.0,1.0,38.0,11,24,27032,4,1.0
98,0.0,0.0,4.494,1.0,5.0,4,120.5898702794141,171.016762368425,no pobre,basal,7,0.0,894.0,1.0,38.0,12,24,27032,4,1.0
97,1.0,0.0,4.494,1.0,1.0,4,120.5898702794141,171.016762368425,no pobre,basal,7,0.0,894.0,1.0,38.0,8,24,27033,1,1.0
98,1.0,0.0,4.494,1.0,2.0,4,120.5898702794141,171.016762368425,no pobre,basal,7,0.0,894.0,1.0,38.0,9,24,27033,1,1.0
97,0.0,0.0,4.494,0.0,6.0,11,120.5898702794141,171.016762368425,no pobre,basal,2,0.0,783.5,1.0,45.0,16,24,27034,6,0.0
98,0.0,0.0,4.494,,,11,120.5898702794141,171.016762368425,no pobre,basal,2,0.0,783.5,1.0,45.0,17,24,27034,6,0.0
97,0.0,0.0,4.494,0.0,2.0,11,120.5898702794141,171.016762368425,no pobre,basal,2,0.0,783.5,1.0,45.0,14,24,27035,2,0.0
98,0.0,0.0,4.494,,,11,120.5898702794141,171.016762368425,no pobre,basal,2,0.0,783.5,1.0,45.0,15,24,27035,2,0.0
97,1.0,0.0,4.494,1.0,5.0,11,120.5898702794141,171.016762368425,no pobre,basal,2,0.0,783.5,1.0,45.0,12,24,27036,5,1.0
98,1.0,0.0,4.494,1.0,6.0,11,120.5898702794141,171.016762368425,no pobre,basal,2,0.0,783.5,1.0,45.0,13,24,27036,5,1.0
97,1.0,0.0,4.494,1.0,3.0,11,120.5898702794141,171.016762368425,no pobre,basal,2,0.0,783.5,1.0,45.0,10,24,27037,3,1.0
98,1.0,0.0,4.494,1.0,4.0,11,120.5898702794141,171.016762368425,no pobre,basal,2,0.0,783.5,1.0,45.0,11,24,27037,3,1.0
97,0.0,0.0,4.494,1.0,1.0,11,120.5898702794141,171.016762368425,no pobre,basal,2,0.0,783.5,1.0,45.0,8,24,27038,1,1.0
98,0.0,0.0,4.494,1.0,1.0,11,120.5898702794141,171.016762368425,no pobre,basal,2,0.0,783.5,1.0,45.0,9,24,27038,1,1.0
97,0.0,0.0,4.494,1.0,4.0,2,120.5898702794141,171.016762368425,pobre,basal,0,200.0,905.0,0.0,56.0,11,24,27039,4,1.0
98,0.0,0.0,4.494,1.0,5.0,2,120.5898702794141,171.016762368425,pobre,basal,0,200.0,905.0,0.0,56.0,12,24,27039,4,1.0
97,1.0,0.0,4.494,1.0,5.0,6,120.5898702794141,171.016762368425,no pobre,basal,6,0.0,780.0,1.0,35.0,12,24,27040,5,1.0
98,1.0,0.0,4.494,1.0,6.0,6,120.5898702794141,171.016762368425,no pobre,basal,6,0.0,780.0,1.0,35.0,13,24,27040,5,1.0
97,1.0,0.0,4.494,1.0,5.0,6,120.5898702794141,171.016762368425,no pobre,basal,6,0.0,780.0,1.0,35.0,11,24,27041,5,1.0
98,1.0,0.0,4.494,1.0,6.0,6,120.5898702794141,171.016762368425,no pobre,basal,6,0.0,780.0,1.0,35.0,12,24,27041,5,1.0
97,0.0,0.0,4.494,1.0,3.0,4,120.5898702794141,171.016762368425,no pobre,basal,9,800.0,809.0,1.0,29.0,9,24,27042,3,1.0
98,0.0,0.0,4.494,,,4,120.5898702794141,171.016762368425,no pobre,basal,9,800.0,809.0,1.0,29.0,10,24,27042,3,1.0
97,0.0,0.0,4.494,0.0,6.0,5,120.5898702794141,171.016762368425,no pobre,basal,0,0.0,834.5,1.0,53.0,15,24,27043,6,0.0
98,0.0,0.0,4.494,0.0,6.0,5,120.5898702794141,171.016762368425,no pobre,basal,0,0.0,834.5,1.0,53.0,16,24,27043,6,0.0
97,0.0,0.0,4.494,1.0,3.0,5,120.5898702794141,171.016762368425,no pobre,basal,0,0.0,834.5,1.0,53.0,9,24,27044,3,1.0
98,0.0,0.0,4.494,1.0,4.0,5,120.5898702794141,171.016762368425,no pobre,basal,0,0.0,834.5,1.0,53.0,10,24,27044,3,1.0
97,1.0,0.0,4.494,1.0,6.0,4,120.5898702794141,171.016762368425,no pobre,basal,6,0.0,825.0,1.0,40.0,14,24,27045,6,1.0
98,1.0,0.0,4.494,1.0,7.0,4,120.5898702794141,171.016762368425,no pobre,basal,6,0.0,825.0,1.0,40.0,15,24,27045,6,1.0
97,1.0,0.0,4.494,1.0,1.0,4,120.5898702794141,171.016762368425,no pobre,basal,6,0.0,825.0,1.0,40.0,8,24,27046,1,1.0
98,1.0,0.0,4.494,1.0,2.0,4,120.5898702794141,171.016762368425,no pobre,basal,6,0.0,825.0,1.0,40.0,9,24,27046,1,1.0
97,1.0,0.0,4.494,1.0,7.0,5,120.5898702794141,171.016762368425,no pobre,basal,6,750.0,856.0,1.0,40.0,15,24,27047,7,1.0
98,1.0,0.0,4.494,1.0,8.0,5,120.5898702794141,171.016762368425,no pobre,basal,6,750.0,856.0,1.0,40.0,16,24,27047,7,1.0
97,0.0,0.0,4.494,1.0,7.0,5,120.5898702794141,171.016762368425,no pobre,basal,6,750.0,856.0,1.0,40.0,14,24,27048,7,1.0
98,0.0,0.0,4.494,1.0,8.0,5,120.5898702794141,171.016762368425,no pobre,basal,6,750.0,856.0,1.0,40.0,15,24,27048,7,1.0
97,0.0,0.0,4.494,1.0,6.0,5,120.5898702794141,171.016762368425,no pobre,basal,6,750.0,856.0,1.0,40.0,13,24,27049,6,1.0
98,0.0,0.0,4.494,1.0,7.0,5,120.5898702794141,171.016762368425,no pobre,basal,6,750.0,856.0,1.0,40.0,14,24,27049,6,1.0
97,1.0,0.0,4.494,0.0,9.0,4,120.5898702794141,171.016762368425,pobre,basal,3,0.0,812.0,1.0,48.0,16,24,27050,9,0.0
98,1.0,0.0,4.494,,,4,120.5898702794141,171.016762368425,pobre,basal,3,0.0,812.0,1.0,48.0,17,24,27050,9,0.0
97,0.0,0.0,4.494,0.0,8.0,7,120.5898702794141,171.016762368425,pobre,basal,0,0.0,765.5,1.0,48.0,16,24,27051,8,0.0
98,0.0,0.0,4.494,,,7,120.5898702794141,171.016762368425,pobre,basal,0,0.0,765.5,1.0,48.0,17,24,27051,8,0.0
97,1.0,0.0,4.494,0.0,2.0,7,120.5898702794141,171.016762368425,pobre,basal,0,0.0,765.5,1.0,48.0,15,24,27052,2,0.0
98,1.0,0.0,4.494,,,7,120.5898702794141,171.016762368425,pobre,basal,0,0.0,765.5,1.0,48.0,16,24,27052,2,0.0
97,1.0,0.0,4.494,1.0,2.0,7,120.5898702794141,171.016762368425,pobre,basal,0,0.0,765.5,1.0,48.0,12,24,27053,2,1.0
98,1.0,0.0,4.494,1.0,4.0,7,120.5898702794141,171.016762368425,pobre,basal,0,0.0,765.5,1.0,48.0,13,24,27053,2,1.0
97,0.0,0.0,4.494,1.0,1.0,7,120.5898702794141,171.016762368425,pobre,basal,0,0.0,765.5,1.0,48.0,8,24,27054,1,1.0
98,0.0,0.0,4.494,1.0,2.0,7,120.5898702794141,171.016762368425,pobre,basal,0,0.0,765.5,1.0,48.0,9,24,27054,1,1.0
97,0.0,0.0,4.494,1.0,6.0,9,120.5898702794141,171.016762368425,pobre,basal,0,0.0,639.0,1.0,44.0,15,24,27055,6,1.0
98,0.0,0.0,4.494,1.0,6.0,9,120.5898702794141,171.016762368425,pobre,basal,0,0.0,639.0,1.0,44.0,16,24,27055,6,1.0
97,0.0,0.0,4.494,1.0,3.0,9,120.5898702794141,171.016762368425,pobre,basal,0,0.0,639.0,1.0,44.0,14,24,27056,3,1.0
98,0.0,0.0,4.494,1.0,4.0,9,120.5898702794141,171.016762368425,pobre,basal,0,0.0,639.0,1.0,44.0,15,24,27056,3,1.0
97,0.0,0.0,4.494,1.0,2.0,9,120.5898702794141,171.016762368425,pobre,basal,0,0.0,639.0,1.0,44.0,9,24,27057,2,1.0
98,0.0,0.0,4.494,1.0,2.0,9,120.5898702794141,171.016762368425,pobre,basal,0,0.0,639.0,1.0,44.0,10,24,27057,2,1.0
97,0.0,0.0,4.494,1.0,0.0,9,120.5898702794141,171.016762368425,pobre,basal,0,0.0,639.0,1.0,44.0,6,24,27058,0,1.0
98,0.0,0.0,4.494,,,9,120.5898702794141,171.016762368425,pobre,basal,0,0.0,639.0,1.0,44.0,7,24,27058,0,1.0
97,1.0,0.0,4.494,1.0,8.0,6,120.5898702794141,171.016762368425,pobre,basal,0,750.0,709.0,1.0,50.0,15,24,27059,8,1.0
98,1.0,0.0,4.494,,,6,120.5898702794141,171.016762368425,pobre,basal,0,750.0,709.0,1.0,50.0,16,24,27059,8,1.0
97,1.0,1.0,4.494,1.0,5.0,6,120.5898702794141,171.016762368425,pobre,basal,0,750.0,709.0,1.0,50.0,11,24,27060,5,1.0
98,1.0,1.0,4.494,1.0,6.0,6,120.5898702794141,171.016762368425,pobre,basal,0,750.0,709.0,1.0,50.0,12,24,27060,5,1.0
97,1.0,0.0,4.494,1.0,9.0,7,120.5898702794141,171.016762368425,pobre,basal,6,0.0,702.0,1.0,40.0,15,24,27061,9,1.0
98,1.0,0.0,4.494,0.0,9.0,7,120.5898702794141,171.016762368425,pobre,basal,6,0.0,702.0,1.0,40.0,16,24,27061,9,1.0
97,1.0,0.0,4.494,1.0,6.0,7,120.5898702794141,171.016762368425,pobre,basal,6,0.0,702.0,1.0,40.0,13,24,27062,6,1.0
98,1.0,0.0,4.494,1.0,7.0,7,120.5898702794141,171.016762368425,pobre,basal,6,0.0,702.0,1.0,40.0,14,24,27062,6,1.0
97,1.0,0.0,4.494,1.0,4.0,7,120.5898702794141,171.016762368425,pobre,basal,6,0.0,702.0,1.0,40.0,11,24,27063,4,1.0
98,1.0,0.0,4.494,1.0,5.0,7,120.5898702794141,171.016762368425,pobre,basal,6,0.0,702.0,1.0,40.0,12,24,27063,4,1.0
97,1.0,0.0,4.494,1.0,1.0,7,120.5898702794141,171.016762368425,pobre,basal,6,0.0,702.0,1.0,40.0,8,24,27064,1,1.0
98,1.0,0.0,4.494,1.0,2.0,7,120.5898702794141,171.016762368425,pobre,basal,6,0.0,702.0,1.0,40.0,9,24,27064,1,1.0
97,0.0,0.0,4.494,1.0,0.0,7,120.5898702794141,171.016762368425,pobre,basal,6,0.0,702.0,1.0,40.0,6,24,27065,0,1.0
98,0.0,0.0,4.494,1.0,0.0,7,120.5898702794141,171.016762368425,pobre,basal,6,0.0,702.0,1.0,40.0,7,24,27065,0,1.0
97,1.0,0.0,4.494,1.0,4.0,5,120.5898702794141,171.016762368425,no pobre,basal,9,1000.0,905.5,1.0,49.0,10,24,27066,4,1.0
98,1.0,0.0,4.494,1.0,5.0,5,120.5898702794141,171.016762368425,no pobre,basal,9,1000.0,905.5,1.0,49.0,11,24,27066,4,1.0
97,0.0,0.0,4.494,1.0,3.0,5,120.5898702794141,171.016762368425,no pobre,basal,9,1000.0,905.5,1.0,49.0,9,24,27067,3,1.0
98,0.0,0.0,4.494,1.0,4.0,5,120.5898702794141,171.016762368425,no pobre,basal,9,1000.0,905.5,1.0,49.0,10,24,27067,3,1.0
97,1.0,0.0,4.494,1.0,1.0,5,120.5898702794141,171.016762368425,no pobre,basal,9,1000.0,905.5,1.0,49.0,7,24,27068,1,1.0
98,1.0,0.0,4.494,1.0,2.0,5,120.5898702794141,171.016762368425,no pobre,basal,9,1000.0,905.5,1.0,49.0,8,24,27068,1,1.0
97,0.0,0.0,4.494,1.0,5.0,4,120.5898702794141,171.016762368425,pobre,basal,4,0.0,729.0,0.0,25.0,15,24,27069,5,1.0
98,0.0,0.0,4.494,1.0,6.0,4,120.5898702794141,171.016762368425,pobre,basal,4,0.0,729.0,0.0,25.0,16,24,27069,5,1.0
97,1.0,0.0,4.494,1.0,6.0,5,120.5898702794141,171.016762368425,no pobre,basal,4,0.0,883.0,1.0,45.0,16,24,27070,6,1.0
98,1.0,0.0,4.494,0.0,7.0,5,120.5898702794141,171.016762368425,no pobre,basal,4,0.0,883.0,1.0,45.0,17,24,27070,6,1.0
97,0.0,0.0,4.494,1.0,5.0,5,120.5898702794141,171.016762368425,no pobre,basal,4,0.0,883.0,1.0,45.0,11,24,27071,5,1.0
98,0.0,0.0,4.494,1.0,6.0,5,120.5898702794141,171.016762368425,no pobre,basal,4,0.0,883.0,1.0,45.0,12,24,27071,5,1.0
97,0.0,0.0,4.494,1.0,4.0,5,120.5898702794141,171.016762368425,no pobre,basal,4,0.0,883.0,1.0,45.0,10,24,27072,4,1.0
98,0.0,0.0,4.494,1.0,5.0,5,120.5898702794141,171.016762368425,no pobre,basal,4,0.0,883.0,1.0,45.0,11,24,27072,4,1.0
97,1.0,0.0,4.494,1.0,1.0,4,120.5898702794141,171.016762368425,pobre,basal,0,750.0,722.0,1.0,61.0,6,24,27073,1,1.0
98,1.0,0.0,4.494,1.0,1.0,4,120.5898702794141,171.016762368425,pobre,basal,0,750.0,722.0,1.0,61.0,7,24,27073,1,1.0
97,1.0,0.0,4.494,1.0,6.0,4,120.5898702794141,171.016762368425,pobre,basal,4,500.0,741.0,0.0,35.0,14,24,27074,6,1.0
98,1.0,0.0,4.494,,,4,120.5898702794141,171.016762368425,pobre,basal,4,500.0,741.0,0.0,35.0,15,24,27074,6,1.0
97,1.0,0.0,4.494,1.0,6.0,4,120.5898702794141,171.016762368425,pobre,basal,4,500.0,741.0,0.0,35.0,14,24,27075,6,1.0
98,1.0,0.0,4.494,,,4,120.5898702794141,171.016762368425,pobre,basal,4,500.0,741.0,0.0,35.0,15,24,27075,6,1.0
97,0.0,0.0,4.494,1.0,6.0,4,120.5898702794141,171.016762368425,pobre,basal,4,500.0,741.0,0.0,35.0,13,24,27076,6,1.0
98,0.0,0.0,4.494,,,4,120.5898702794141,171.016762368425,pobre,basal,4,500.0,741.0,0.0,35.0,14,24,27076,6,1.0
97,1.0,0.0,4.494,1.0,4.0,6,120.5898702794141,171.016762368425,pobre,basal,6,0.0,719.0,1.0,30.0,10,24,27077,4,1.0
98,1.0,0.0,4.494,1.0,5.0,6,120.5898702794141,171.016762368425,pobre,basal,6,0.0,719.0,1.0,30.0,11,24,27077,4,1.0
97,1.0,0.0,4.494,1.0,3.0,6,120.5898702794141,171.016762368425,pobre,basal,6,0.0,719.0,1.0,30.0,8,24,27078,3,1.0
98,1.0,0.0,4.494,1.0,3.0,6,120.5898702794141,171.016762368425,pobre,basal,6,0.0,719.0,1.0,30.0,9,24,27078,3,1.0
97,0.0,0.0,4.494,1.0,0.0,6,120.5898702794141,171.016762368425,pobre,basal,6,0.0,719.0,1.0,30.0,6,24,27079,0,1.0
98,0.0,0.0,4.494,1.0,0.0,6,120.5898702794141,171.016762368425,pobre,basal,6,0.0,719.0,1.0,30.0,7,24,27079,0,1.0
97,1.0,0.0,4.494,0.0,6.0,5,120.5898702794141,171.016762368425,no pobre,basal,4,500.0,941.66669,1.0,52.0,15,24,27080,6,0.0
98,1.0,0.0,4.494,,,5,120.5898702794141,171.016762368425,no pobre,basal,4,500.0,941.66669,1.0,52.0,16,24,27080,6,0.0
97,0.0,0.0,4.494,1.0,0.0,5,120.5898702794141,171.016762368425,pobre,basal,6,0.0,750.0,1.0,34.0,6,24,27081,0,1.0
98,0.0,0.0,4.494,1.0,1.0,5,120.5898702794141,171.016762368425,pobre,basal,6,0.0,750.0,1.0,34.0,7,24,27081,0,1.0
97,0.0,0.0,4.494,1.0,1.0,8,120.5898702794141,171.016762368425,pobre,basal,6,0.0,646.0,1.0,38.0,13,24,27082,1,1.0
98,0.0,0.0,4.494,1.0,8.0,8,120.5898702794141,171.016762368425,pobre,basal,6,0.0,646.0,1.0,38.0,14,24,27082,1,1.0
97,1.0,0.0,4.494,1.0,5.0,8,120.5898702794141,171.016762368425,pobre,basal,6,0.0,646.0,1.0,38.0,12,24,27083,5,1.0
98,1.0,0.0,4.494,1.0,6.0,8,120.5898702794141,171.016762368425,pobre,basal,6,0.0,646.0,1.0,38.0,13,24,27083,5,1.0
97,0.0,0.0,4.494,1.0,2.0,8,120.5898702794141,171.016762368425,pobre,basal,6,0.0,646.0,1.0,38.0,8,24,27084,2,1.0
98,0.0,0.0,4.494,1.0,3.0,8,120.5898702794141,171.016762368425,pobre,basal,6,0.0,646.0,1.0,38.0,9,24,27084,2,1.0
97,0.0,0.0,4.494,1.0,0.0,8,120.5898702794141,171.016762368425,pobre,basal,6,0.0,646.0,1.0,38.0,6,24,27085,0,1.0
98,0.0,0.0,4.494,1.0,1.0,8,120.5898702794141,171.016762368425,pobre,basal,6,0.0,646.0,1.0,38.0,7,24,27085,0,1.0
97,0.0,0.0,4.494,1.0,3.0,5,120.5898702794141,171.016762368425,pobre,basal,1,0.0,788.0,0.0,47.0,10,24,27086,3,1.0
98,0.0,0.0,4.494,1.0,5.0,5,120.5898702794141,171.016762368425,pobre,basal,1,0.0,788.0,0.0,47.0,11,24,27086,3,1.0
97,0.0,0.0,4.494,1.0,4.0,7,120.5898702794141,171.016762368425,pobre,basal,0,750.0,657.0,1.0,57.0,11,24,27087,4,1.0
98,0.0,0.0,4.494,1.0,5.0,7,120.5898702794141,171.016762368425,pobre,basal,0,750.0,657.0,1.0,57.0,12,24,27087,4,1.0
97,1.0,0.0,4.494,1.0,3.0,7,120.5898702794141,171.016762368425,pobre,basal,0,750.0,657.0,1.0,57.0,10,24,27088,3,1.0
98,1.0,0.0,4.494,1.0,4.0,7,120.5898702794141,171.016762368425,pobre,basal,0,750.0,657.0,1.0,57.0,11,24,27088,3,1.0
97,0.0,0.0,4.494,1.0,1.0,7,120.5898702794141,171.016762368425,pobre,basal,0,750.0,657.0,1.0,57.0,8,24,27089,1,1.0
98,0.0,0.0,4.494,1.0,2.0,7,120.5898702794141,171.016762368425,pobre,basal,0,750.0,657.0,1.0,57.0,9,24,27089,1,1.0
97,1.0,0.0,4.494,1.0,0.0,7,120.5898702794141,171.016762368425,pobre,basal,0,750.0,657.0,1.0,57.0,7,24,27090,0,1.0
98,1.0,0.0,4.494,1.0,1.0,7,120.5898702794141,171.016762368425,pobre,basal,0,750.0,657.0,1.0,57.0,8,24,27090,0,1.0
97,1.0,0.0,4.494,1.0,4.0,5,120.5898702794141,171.016762368425,pobre,basal,2,1250.0,691.0,1.0,35.0,12,24,27091,4,1.0
98,1.0,0.0,4.494,1.0,5.0,5,120.5898702794141,171.016762368425,pobre,basal,2,1250.0,691.0,1.0,35.0,13,24,27091,4,1.0
97,1.0,0.0,4.494,1.0,3.0,5,120.5898702794141,171.016762368425,pobre,basal,2,1250.0,691.0,1.0,35.0,10,24,27092,3,1.0
98,1.0,0.0,4.494,1.0,4.0,5,120.5898702794141,171.016762368425,pobre,basal,2,1250.0,691.0,1.0,35.0,11,24,27092,3,1.0
97,0.0,0.0,4.494,1.0,0.0,5,120.5898702794141,171.016762368425,pobre,basal,2,1250.0,691.0,1.0,35.0,7,24,27093,0,1.0
98,0.0,0.0,4.494,1.0,1.0,5,120.5898702794141,171.016762368425,pobre,basal,2,1250.0,691.0,1.0,35.0,8,24,27093,0,1.0
97,0.0,0.0,4.494,1.0,3.0,6,120.5898702794141,171.016762368425,no pobre,basal,1,0.0,861.0,1.0,66.0,11,24,27094,3,1.0
98,0.0,0.0,4.494,1.0,4.0,6,120.5898702794141,171.016762368425,no pobre,basal,1,0.0,861.0,1.0,66.0,12,24,27094,3,1.0
97,1.0,0.0,4.494,1.0,3.0,6,120.5898702794141,171.016762368425,no pobre,basal,1,0.0,861.0,1.0,66.0,8,24,27095,3,1.0
98,1.0,0.0,4.494,1.0,4.0,6,120.5898702794141,171.016762368425,no pobre,basal,1,0.0,861.0,1.0,66.0,9,24,27095,3,1.0
97,0.0,0.0,4.494,1.0,2.0,4,120.5898702794141,171.016762368425,pobre,basal,6,0.0,749.0,0.0,27.0,9,24,27096,2,1.0
98,0.0,0.0,4.494,,,4,120.5898702794141,171.016762368425,pobre,basal,6,0.0,749.0,0.0,27.0,10,24,27096,2,1.0
97,1.0,0.0,4.494,1.0,2.0,4,120.5898702794141,171.016762368425,pobre,basal,6,0.0,749.0,0.0,27.0,8,24,27097,2,1.0
98,1.0,0.0,4.494,,,4,120.5898702794141,171.016762368425,pobre,basal,6,0.0,749.0,0.0,27.0,9,24,27097,2,1.0
97,1.0,0.0,4.494,1.0,1.0,4,120.5898702794141,171.016762368425,pobre,basal,6,0.0,749.0,0.0,27.0,7,24,27098,1,1.0
98,1.0,0.0,4.494,,,4,120.5898702794141,171.016762368425,pobre,basal,6,0.0,749.0,0.0,27.0,8,24,27098,1,1.0
97,1.0,0.0,4.494,0.0,9.0,6,120.5898702794141,171.016762368425,no pobre,basal,3,500.0,804.0,1.0,67.0,15,24,27099,9,0.0
98,1.0,0.0,4.494,0.0,9.0,6,120.5898702794141,171.016762368425,no pobre,basal,3,500.0,804.0,1.0,67.0,16,24,27099,9,0.0
97,1.0,0.0,4.494,1.0,8.0,6,120.5898702794141,171.016762368425,no pobre,basal,3,500.0,804.0,1.0,67.0,13,24,27100,8,1.0
98,1.0,0.0,4.494,1.0,8.0,6,120.5898702794141,171.016762368425,no pobre,basal,3,500.0,804.0,1.0,67.0,14,24,27100,8,1.0
97,1.0,0.0,4.494,1.0,7.0,6,120.5898702794141,171.016762368425,no pobre,basal,3,500.0,804.0,1.0,67.0,12,24,27101,7,1.0
98,1.0,0.0,4.494,1.0,7.0,6,120.5898702794141,171.016762368425,no pobre,basal,3,500.0,804.0,1.0,67.0,13,24,27101,7,1.0
97,1.0,0.0,4.494,1.0,3.0,6,120.5898702794141,171.016762368425,pobre,basal,2,750.0,747.0,1.0,56.0,11,24,27102,3,1.0
98,1.0,0.0,4.494,1.0,4.0,6,120.5898702794141,171.016762368425,pobre,basal,2,750.0,747.0,1.0,56.0,12,24,27102,3,1.0
97,0.0,0.0,3.8080001,,0.0,8,147.6587297491093,160.7265708412826,pobre,basal,0,500.0,611.0,1.0,32.0,15,9,27103,0,
98,0.0,0.0,3.8080001,0.0,2.0,8,147.6587297491093,160.7265708412826,pobre,basal,0,500.0,611.0,1.0,32.0,16,9,27103,0,
97,0.0,0.0,3.8080001,1.0,3.0,8,147.6587297491093,160.7265708412826,pobre,basal,0,500.0,611.0,1.0,32.0,11,9,27104,3,1.0
98,0.0,0.0,3.8080001,1.0,3.0,8,147.6587297491093,160.7265708412826,pobre,basal,0,500.0,611.0,1.0,32.0,12,9,27104,3,1.0
97,1.0,0.0,3.8080001,,0.0,8,147.6587297491093,160.7265708412826,pobre,basal,0,500.0,611.0,1.0,32.0,7,9,27105,0,
98,1.0,0.0,3.8080001,,,8,147.6587297491093,160.7265708412826,pobre,basal,0,500.0,611.0,1.0,32.0,8,9,27105,0,
97,1.0,0.0,4.494,1.0,4.0,10,120.5898702794141,171.016762368425,pobre,basal,1,0.0,655.0,1.0,70.0,12,24,27106,4,1.0
98,1.0,0.0,4.494,1.0,5.0,10,120.5898702794141,171.016762368425,pobre,basal,1,0.0,655.0,1.0,70.0,13,24,27106,4,1.0
97,0.0,0.0,4.494,1.0,9.0,9,120.5898702794141,171.016762368425,pobre,basal,0,625.0,724.75,1.0,63.0,16,24,27107,9,1.0
98,0.0,0.0,4.494,,,9,120.5898702794141,171.016762368425,pobre,basal,0,625.0,724.75,1.0,63.0,17,24,27107,9,1.0
97,0.0,0.0,4.494,1.0,6.0,9,120.5898702794141,171.016762368425,pobre,basal,0,625.0,724.75,1.0,63.0,15,24,27108,6,1.0
98,0.0,0.0,4.494,1.0,6.0,9,120.5898702794141,171.016762368425,pobre,basal,0,625.0,724.75,1.0,63.0,16,24,27108,6,1.0
97,0.0,0.0,4.494,1.0,5.0,9,120.5898702794141,171.016762368425,pobre,basal,0,625.0,724.75,1.0,63.0,13,24,27109,5,1.0
98,0.0,0.0,4.494,1.0,6.0,9,120.5898702794141,171.016762368425,pobre,basal,0,625.0,724.75,1.0,63.0,14,24,27109,5,1.0
97,1.0,0.0,4.494,1.0,2.0,9,120.5898702794141,171.016762368425,pobre,basal,0,625.0,724.75,1.0,63.0,11,24,27110,2,1.0
98,1.0,0.0,4.494,1.0,3.0,9,120.5898702794141,171.016762368425,pobre,basal,0,625.0,724.75,1.0,63.0,12,24,27110,2,1.0
97,0.0,0.0,4.494,1.0,1.0,9,120.5898702794141,171.016762368425,pobre,basal,0,625.0,724.75,1.0,63.0,7,24,27111,1,1.0
98,0.0,0.0,4.494,1.0,1.0,9,120.5898702794141,171.016762368425,pobre,basal,0,625.0,724.75,1.0,63.0,8,24,27111,1,1.0
97,0.0,0.0,4.494,1.0,8.0,6,120.5898702794141,171.016762368425,no pobre,basal,6,1000.0,768.0,1.0,47.0,16,24,27112,8,1.0
98,0.0,0.0,4.494,,,6,120.5898702794141,171.016762368425,no pobre,basal,6,1000.0,768.0,1.0,47.0,17,24,27112,8,1.0
97,0.0,0.0,4.494,1.0,6.0,6,120.5898702794141,171.016762368425,no pobre,basal,6,1000.0,768.0,1.0,47.0,14,24,27113,6,1.0
98,0.0,0.0,4.494,1.0,8.0,6,120.5898702794141,171.016762368425,no pobre,basal,6,1000.0,768.0,1.0,47.0,15,24,27113,6,1.0
97,0.0,0.0,4.494,1.0,3.0,6,120.5898702794141,171.016762368425,no pobre,basal,6,1000.0,768.0,1.0,47.0,11,24,27114,3,1.0
98,0.0,0.0,4.494,1.0,4.0,6,120.5898702794141,171.016762368425,no pobre,basal,6,1000.0,768.0,1.0,47.0,12,24,27114,3,1.0
97,1.0,0.0,4.494,1.0,0.0,6,120.5898702794141,171.016762368425,no pobre,basal,6,1000.0,768.0,1.0,47.0,6,24,27115,0,1.0
98,1.0,0.0,4.494,1.0,1.0,6,120.5898702794141,171.016762368425,no pobre,basal,6,1000.0,768.0,1.0,47.0,7,24,27115,0,1.0
97,1.0,0.0,4.494,1.0,1.0,7,120.5898702794141,171.016762368425,pobre,basal,0,0.0,674.0,0.0,49.0,8,24,27116,1,1.0
98,1.0,0.0,4.494,1.0,3.0,7,120.5898702794141,171.016762368425,pobre,basal,0,0.0,674.0,0.0,49.0,9,24,27116,1,1.0
97,0.0,0.0,4.494,1.0,0.0,7,120.5898702794141,171.016762368425,pobre,basal,0,0.0,674.0,0.0,49.0,6,24,27117,0,1.0
98,0.0,0.0,4.494,1.0,1.0,7,120.5898702794141,171.016762368425,pobre,basal,0,0.0,674.0,0.0,49.0,7,24,27117,0,1.0
97,0.0,0.0,4.494,1.0,1.0,6,120.5898702794141,171.016762368425,pobre,basal,6,1250.0,665.0,1.0,30.0,7,24,27118,1,1.0
98,0.0,0.0,4.494,1.0,1.0,6,120.5898702794141,171.016762368425,pobre,basal,6,1250.0,665.0,1.0,30.0,8,24,27118,1,1.0
97,0.0,0.0,4.494,1.0,0.0,6,120.5898702794141,171.016762368425,pobre,basal,6,1250.0,665.0,1.0,30.0,6,24,27119,0,1.0
98,0.0,0.0,4.494,1.0,0.0,6,120.5898702794141,171.016762368425,pobre,basal,6,1250.0,665.0,1.0,30.0,7,24,27119,0,1.0
97,1.0,0.0,3.8080001,1.0,3.0,10,147.6587297491093,160.7265708412826,pobre,basal,3,0.0,663.0,1.0,39.0,14,9,27120,3,1.0
98,1.0,0.0,3.8080001,0.0,4.0,10,147.6587297491093,160.7265708412826,pobre,basal,3,0.0,663.0,1.0,39.0,15,9,27120,3,1.0
97,1.0,0.0,3.8080001,,0.0,10,147.6587297491093,160.7265708412826,pobre,basal,3,0.0,663.0,1.0,39.0,10,9,27121,0,
98,1.0,0.0,3.8080001,1.0,2.0,10,147.6587297491093,160.7265708412826,pobre,basal,3,0.0,663.0,1.0,39.0,11,9,27121,0,
97,1.0,0.0,3.8080001,,0.0,10,147.6587297491093,160.7265708412826,pobre,basal,3,0.0,663.0,1.0,39.0,7,9,27122,0,
98,1.0,0.0,3.8080001,1.0,2.0,10,147.6587297491093,160.7265708412826,pobre,basal,3,0.0,663.0,1.0,39.0,8,9,27122,0,
97,0.0,0.0,3.8080001,0.0,6.0,10,147.6587297491093,160.7265708412826,pobre,basal,6,0.0,682.0,1.0,36.0,16,9,27123,6,0.0
98,0.0,0.0,3.8080001,0.0,6.0,10,147.6587297491093,160.7265708412826,pobre,basal,6,0.0,682.0,1.0,36.0,17,9,27123,6,0.0
97,1.0,0.0,3.8080001,,6.0,10,147.6587297491093,160.7265708412826,pobre,basal,6,0.0,682.0,1.0,36.0,15,9,27124,6,
98,1.0,0.0,3.8080001,0.0,6.0,10,147.6587297491093,160.7265708412826,pobre,basal,6,0.0,682.0,1.0,36.0,16,9,27124,6,
97,0.0,0.0,3.8080001,1.0,3.0,10,147.6587297491093,160.7265708412826,pobre,basal,6,0.0,682.0,1.0,36.0,13,9,27125,3,1.0
98,0.0,0.0,3.8080001,1.0,4.0,10,147.6587297491093,160.7265708412826,pobre,basal,6,0.0,682.0,1.0,36.0,14,9,27125,3,1.0
97,1.0,0.0,3.8080001,1.0,3.0,10,147.6587297491093,160.7265708412826,pobre,basal,6,0.0,682.0,1.0,36.0,11,9,27126,3,1.0
98,1.0,0.0,3.8080001,1.0,4.0,10,147.6587297491093,160.7265708412826,pobre,basal,6,0.0,682.0,1.0,36.0,12,9,27126,3,1.0
97,0.0,0.0,3.8080001,1.0,0.0,10,147.6587297491093,160.7265708412826,pobre,basal,6,0.0,682.0,1.0,36.0,9,9,27127,0,1.0
98,0.0,0.0,3.8080001,1.0,0.0,10,147.6587297491093,160.7265708412826,pobre,basal,6,0.0,682.0,1.0,36.0,10,9,27127,0,1.0
97,1.0,0.0,3.8080001,1.0,0.0,10,147.6587297491093,160.7265708412826,pobre,basal,6,0.0,682.0,1.0,36.0,7,9,27128,0,1.0
98,1.0,0.0,3.8080001,,,10,147.6587297491093,160.7265708412826,pobre,basal,6,0.0,682.0,1.0,36.0,8,9,27128,0,1.0
97,1.0,0.0,3.8080001,1.0,3.0,4,147.6587297491093,160.7265708412826,pobre,basal,0,0.0,775.0,1.0,54.0,12,9,27129,3,1.0
98,1.0,0.0,3.8080001,1.0,4.0,4,147.6587297491093,160.7265708412826,pobre,basal,0,0.0,775.0,1.0,54.0,13,9,27129,3,1.0
97,0.0,0.0,3.8080001,1.0,1.0,4,147.6587297491093,160.7265708412826,pobre,basal,0,0.0,775.0,1.0,54.0,7,9,27130,1,1.0
98,0.0,0.0,3.8080001,1.0,1.0,4,147.6587297491093,160.7265708412826,pobre,basal,0,0.0,775.0,1.0,54.0,8,9,27130,1,1.0
97,0.0,0.0,3.8080001,0.0,6.0,8,147.6587297491093,160.7265708412826,pobre,basal,0,0.0,668.0,1.0,49.0,16,9,27131,6,0.0
98,0.0,0.0,3.8080001,,,8,147.6587297491093,160.7265708412826,pobre,basal,0,0.0,668.0,1.0,49.0,17,9,27131,6,0.0
97,0.0,0.0,3.8080001,,0.0,8,147.6587297491093,160.7265708412826,pobre,basal,0,0.0,668.0,1.0,49.0,14,9,27132,0,
98,0.0,0.0,3.8080001,,,8,147.6587297491093,160.7265708412826,pobre,basal,0,0.0,668.0,1.0,49.0,15,9,27132,0,
97,1.0,0.0,3.8080001,1.0,3.0,8,147.6587297491093,160.7265708412826,pobre,basal,0,0.0,668.0,1.0,49.0,10,9,27133,3,1.0
98,1.0,0.0,3.8080001,,,8,147.6587297491093,160.7265708412826,pobre,basal,0,0.0,668.0,1.0,49.0,11,9,27133,3,1.0
97,0.0,0.0,3.8080001,1.0,1.0,8,147.6587297491093,160.7265708412826,pobre,basal,0,0.0,668.0,1.0,49.0,7,9,27134,1,1.0
98,0.0,0.0,3.8080001,,,8,147.6587297491093,160.7265708412826,pobre,basal,0,0.0,668.0,1.0,49.0,8,9,27134,1,1.0
97,0.0,0.0,3.8080001,1.0,0.0,8,147.6587297491093,160.7265708412826,pobre,basal,0,0.0,668.0,1.0,49.0,6,9,27135,0,1.0
98,0.0,0.0,3.8080001,,,8,147.6587297491093,160.7265708412826,pobre,basal,0,0.0,668.0,1.0,49.0,7,9,27135,0,1.0
97,0.0,0.0,3.8080001,1.0,0.0,5,147.6587297491093,160.7265708412826,pobre,basal,6,750.0,673.0,1.0,24.0,7,9,27136,0,1.0
98,0.0,0.0,3.8080001,1.0,1.0,5,147.6587297491093,160.7265708412826,pobre,basal,6,750.0,673.0,1.0,24.0,8,9,27136,0,1.0
97,1.0,0.0,7.4530001,1.0,1.0,4,125.9602791843295,125.9602791843295,no pobre,0,8,0.0,820.0,1.0,29.0,7,286,27137,1,1.0
98,1.0,0.0,7.4530001,1.0,2.0,4,125.9602791843295,125.9602791843295,no pobre,0,8,0.0,820.0,1.0,29.0,8,286,27137,1,1.0
97,0.0,0.0,7.4530001,,0.0,8,125.9602791843295,125.9602791843295,no pobre,0,0,0.0,858.33002,1.0,70.0,15,286,27138,0,
98,0.0,0.0,7.4530001,0.0,9.0,8,125.9602791843295,125.9602791843295,no pobre,0,0,0.0,858.33002,1.0,70.0,16,286,27138,0,
97,0.0,0.0,7.4530001,0.0,6.0,6,125.9602791843295,125.9602791843295,no pobre,0,6,1250.0,790.0,1.0,58.0,14,286,27139,6,0.0
98,0.0,0.0,7.4530001,,,6,125.9602791843295,125.9602791843295,no pobre,0,6,1250.0,790.0,1.0,58.0,15,286,27139,6,0.0
97,1.0,0.0,7.4530001,0.0,6.0,13,125.9602791843295,125.9602791843295,no pobre,0,3,2000.0,973.0,1.0,51.0,16,286,27140,6,0.0
98,1.0,0.0,7.4530001,,,13,125.9602791843295,125.9602791843295,no pobre,0,3,2000.0,973.0,1.0,51.0,17,286,27140,6,0.0
97,0.0,0.0,7.4530001,0.0,6.0,13,125.9602791843295,125.9602791843295,no pobre,0,3,2000.0,973.0,1.0,51.0,14,286,27141,6,0.0
98,0.0,0.0,7.4530001,0.0,6.0,13,125.9602791843295,125.9602791843295,no pobre,0,3,2000.0,973.0,1.0,51.0,15,286,27141,6,0.0
97,1.0,0.0,7.4530001,1.0,5.0,13,125.9602791843295,125.9602791843295,no pobre,0,3,2000.0,973.0,1.0,51.0,12,286,27142,5,1.0
98,1.0,0.0,7.4530001,0.0,6.0,13,125.9602791843295,125.9602791843295,no pobre,0,3,2000.0,973.0,1.0,51.0,13,286,27142,5,1.0
97,1.0,0.0,7.4530001,1.0,4.0,13,125.9602791843295,125.9602791843295,no pobre,0,3,2000.0,973.0,1.0,51.0,10,286,27143,4,1.0
98,1.0,0.0,7.4530001,1.0,5.0,13,125.9602791843295,125.9602791843295,no pobre,0,3,2000.0,973.0,1.0,51.0,11,286,27143,4,1.0
97,1.0,0.0,7.4530001,1.0,2.0,13,125.9602791843295,125.9602791843295,no pobre,0,3,2000.0,973.0,1.0,51.0,8,286,27144,2,1.0
98,1.0,0.0,7.4530001,1.0,3.0,13,125.9602791843295,125.9602791843295,no pobre,0,3,2000.0,973.0,1.0,51.0,9,286,27144,2,1.0
97,1.0,0.0,7.4530001,1.0,0.0,13,125.9602791843295,125.9602791843295,no pobre,0,3,2000.0,973.0,1.0,51.0,6,286,27145,0,1.0
98,1.0,0.0,7.4530001,1.0,0.0,13,125.9602791843295,125.9602791843295,no pobre,0,3,2000.0,973.0,1.0,51.0,7,286,27145,0,1.0
97,1.0,0.0,7.4530001,0.0,6.0,10,125.9602791843295,125.9602791843295,pobre,0,1,0.0,759.0,1.0,58.0,16,286,27146,6,0.0
98,1.0,0.0,7.4530001,,,10,125.9602791843295,125.9602791843295,pobre,0,1,0.0,759.0,1.0,58.0,17,286,27146,6,0.0
97,0.0,0.0,7.4530001,1.0,4.0,10,125.9602791843295,125.9602791843295,pobre,0,1,0.0,759.0,1.0,58.0,10,286,27147,4,1.0
98,0.0,0.0,7.4530001,1.0,5.0,10,125.9602791843295,125.9602791843295,pobre,0,1,0.0,759.0,1.0,58.0,11,286,27147,4,1.0
97,0.0,0.0,7.4530001,1.0,2.0,10,125.9602791843295,125.9602791843295,pobre,0,1,0.0,759.0,1.0,58.0,8,286,27148,2,1.0
98,0.0,0.0,7.4530001,1.0,3.0,10,125.9602791843295,125.9602791843295,pobre,0,1,0.0,759.0,1.0,58.0,9,286,27148,2,1.0
97,0.0,0.0,7.4530001,1.0,0.0,10,125.9602791843295,125.9602791843295,pobre,0,1,0.0,759.0,1.0,58.0,6,286,27149,0,1.0
98,0.0,0.0,7.4530001,1.0,1.0,10,125.9602791843295,125.9602791843295,pobre,0,1,0.0,759.0,1.0,58.0,7,286,27149,0,1.0
97,1.0,0.0,7.4530001,0.0,6.0,9,125.9602791843295,125.9602791843295,pobre,0,0,0.0,582.0,1.0,59.0,16,286,27150,6,0.0
98,1.0,0.0,7.4530001,,,9,125.9602791843295,125.9602791843295,pobre,0,0,0.0,582.0,1.0,59.0,17,286,27150,6,0.0
97,1.0,0.0,7.4530001,1.0,4.0,9,125.9602791843295,125.9602791843295,pobre,0,0,0.0,582.0,1.0,59.0,13,286,27151,4,1.0
98,1.0,0.0,7.4530001,1.0,5.0,9,125.9602791843295,125.9602791843295,pobre,0,0,0.0,582.0,1.0,59.0,14,286,27151,4,1.0
97,0.0,0.0,7.4530001,1.0,4.0,9,125.9602791843295,125.9602791843295,pobre,0,0,0.0,582.0,1.0,59.0,12,286,27152,4,1.0
98,0.0,0.0,7.4530001,1.0,5.0,9,125.9602791843295,125.9602791843295,pobre,0,0,0.0,582.0,1.0,59.0,13,286,27152,4,1.0
97,1.0,0.0,7.4530001,1.0,4.0,9,125.9602791843295,125.9602791843295,pobre,0,0,0.0,582.0,1.0,59.0,11,286,27153,4,1.0
98,1.0,0.0,7.4530001,1.0,5.0,9,125.9602791843295,125.9602791843295,pobre,0,0,0.0,582.0,1.0,59.0,12,286,27153,4,1.0
97,0.0,0.0,7.4530001,1.0,2.0,9,125.9602791843295,125.9602791843295,pobre,0,0,0.0,582.0,1.0,59.0,9,286,27154,2,1.0
98,0.0,0.0,7.4530001,1.0,3.0,9,125.9602791843295,125.9602791843295,pobre,0,0,0.0,582.0,1.0,59.0,10,286,27154,2,1.0
97,0.0,0.0,7.4530001,0.0,6.0,9,125.9602791843295,125.9602791843295,pobre,0,3,0.0,760.5,1.0,46.0,15,286,27155,6,0.0
98,0.0,0.0,7.4530001,0.0,6.0,9,125.9602791843295,125.9602791843295,pobre,0,3,0.0,760.5,1.0,46.0,16,286,27155,6,0.0
97,1.0,0.0,7.4530001,1.0,5.0,9,125.9602791843295,125.9602791843295,pobre,0,3,0.0,760.5,1.0,46.0,13,286,27156,5,1.0
98,1.0,0.0,7.4530001,0.0,6.0,9,125.9602791843295,125.9602791843295,pobre,0,3,0.0,760.5,1.0,46.0,14,286,27156,5,1.0
97,0.0,0.0,7.4530001,1.0,5.0,9,125.9602791843295,125.9602791843295,pobre,0,3,0.0,760.5,1.0,46.0,11,286,27157,5,1.0
98,0.0,0.0,7.4530001,1.0,6.0,9,125.9602791843295,125.9602791843295,pobre,0,3,0.0,760.5,1.0,46.0,12,286,27157,5,1.0
97,0.0,0.0,7.4530001,1.0,3.0,9,125.9602791843295,125.9602791843295,pobre,0,3,0.0,760.5,1.0,46.0,9,286,27158,3,1.0
98,0.0,0.0,7.4530001,1.0,4.0,9,125.9602791843295,125.9602791843295,pobre,0,3,0.0,760.5,1.0,46.0,10,286,27158,3,1.0
97,1.0,0.0,7.4530001,1.0,5.0,10,125.9602791843295,125.9602791843295,pobre,0,3,7200.0,716.0,1.0,55.0,15,286,27159,5,1.0
98,1.0,0.0,7.4530001,0.0,6.0,10,125.9602791843295,125.9602791843295,pobre,0,3,7200.0,716.0,1.0,55.0,16,286,27159,5,1.0
97,1.0,0.0,7.4530001,1.0,3.0,10,125.9602791843295,125.9602791843295,pobre,0,3,7200.0,716.0,1.0,55.0,13,286,27160,3,1.0
98,1.0,0.0,7.4530001,0.0,6.0,10,125.9602791843295,125.9602791843295,pobre,0,3,7200.0,716.0,1.0,55.0,14,286,27160,3,1.0
97,0.0,0.0,7.4530001,1.0,2.0,10,125.9602791843295,125.9602791843295,pobre,0,3,7200.0,716.0,1.0,55.0,9,286,27161,2,1.0
98,0.0,0.0,7.4530001,1.0,3.0,10,125.9602791843295,125.9602791843295,pobre,0,3,7200.0,716.0,1.0,55.0,10,286,27161,2,1.0
97,1.0,0.0,7.4530001,1.0,1.0,10,125.9602791843295,125.9602791843295,pobre,0,3,7200.0,716.0,1.0,55.0,8,286,27162,1,1.0
98,1.0,0.0,7.4530001,1.0,2.0,10,125.9602791843295,125.9602791843295,pobre,0,3,7200.0,716.0,1.0,55.0,9,286,27162,1,1.0
97,1.0,0.0,5.7140002,0.0,9.0,5,60.07141688655243,60.07141688655243,no pobre,basal,2,0.0,771.0,1.0,42.0,14,282,27163,9,0.0
98,1.0,0.0,5.7140002,0.0,9.0,5,60.07141688655243,60.07141688655243,no pobre,basal,2,0.0,771.0,1.0,42.0,15,282,27163,9,0.0
97,0.0,0.0,5.7140002,1.0,5.0,5,60.07141688655243,60.07141688655243,no pobre,basal,2,0.0,771.0,1.0,42.0,10,282,27164,5,1.0
98,0.0,0.0,5.7140002,0.0,6.0,5,60.07141688655243,60.07141688655243,no pobre,basal,2,0.0,771.0,1.0,42.0,11,282,27164,5,1.0
97,1.0,0.0,5.7140002,1.0,3.0,6,60.07141688655243,60.07141688655243,pobre,basal,2,600.0,622.0,1.0,37.0,9,282,27165,3,1.0
98,1.0,0.0,5.7140002,1.0,4.0,6,60.07141688655243,60.07141688655243,pobre,basal,2,600.0,622.0,1.0,37.0,10,282,27165,3,1.0
97,1.0,0.0,5.7140002,1.0,2.0,6,60.07141688655243,60.07141688655243,pobre,basal,2,600.0,622.0,1.0,37.0,8,282,27166,2,1.0
98,1.0,0.0,5.7140002,1.0,3.0,6,60.07141688655243,60.07141688655243,pobre,basal,2,600.0,622.0,1.0,37.0,9,282,27166,2,1.0
97,1.0,0.0,5.7140002,0.0,9.0,11,60.07141688655243,60.07141688655243,pobre,basal,1,1200.0,482.0,1.0,45.0,16,282,27167,9,0.0
98,1.0,0.0,5.7140002,1.0,9.0,11,60.07141688655243,60.07141688655243,pobre,basal,1,1200.0,482.0,1.0,45.0,17,282,27167,9,0.0
97,0.0,0.0,5.7140002,1.0,6.0,11,60.07141688655243,60.07141688655243,pobre,basal,1,1200.0,482.0,1.0,45.0,13,282,27168,6,1.0
98,0.0,0.0,5.7140002,1.0,7.0,11,60.07141688655243,60.07141688655243,pobre,basal,1,1200.0,482.0,1.0,45.0,14,282,27168,6,1.0
97,1.0,0.0,5.7140002,1.0,5.0,11,60.07141688655243,60.07141688655243,pobre,basal,1,1200.0,482.0,1.0,45.0,11,282,27169,5,1.0
98,1.0,0.0,5.7140002,1.0,6.0,11,60.07141688655243,60.07141688655243,pobre,basal,1,1200.0,482.0,1.0,45.0,12,282,27169,5,1.0
97,1.0,0.0,5.7140002,1.0,3.0,11,60.07141688655243,60.07141688655243,pobre,basal,1,1200.0,482.0,1.0,45.0,9,282,27170,3,1.0
98,1.0,0.0,5.7140002,1.0,4.0,11,60.07141688655243,60.07141688655243,pobre,basal,1,1200.0,482.0,1.0,45.0,10,282,27170,3,1.0
97,0.0,0.0,5.7140002,1.0,2.0,11,60.07141688655243,60.07141688655243,pobre,basal,1,1200.0,482.0,1.0,45.0,7,282,27171,2,1.0
98,0.0,0.0,5.7140002,1.0,3.0,11,60.07141688655243,60.07141688655243,pobre,basal,1,1200.0,482.0,1.0,45.0,8,282,27171,2,1.0
97,0.0,0.0,5.7140002,0.0,6.0,10,60.07141688655243,60.07141688655243,no pobre,basal,4,1600.0,811.0,1.0,38.0,16,282,27172,6,0.0
98,0.0,0.0,5.7140002,0.0,6.0,10,60.07141688655243,60.07141688655243,no pobre,basal,4,1600.0,811.0,1.0,38.0,17,282,27172,6,0.0
97,1.0,0.0,5.7140002,0.0,6.0,10,60.07141688655243,60.07141688655243,no pobre,basal,4,1600.0,811.0,1.0,38.0,14,282,27173,6,0.0
98,1.0,0.0,5.7140002,0.0,6.0,10,60.07141688655243,60.07141688655243,no pobre,basal,4,1600.0,811.0,1.0,38.0,15,282,27173,6,0.0
97,0.0,0.0,5.7140002,0.0,6.0,10,60.07141688655243,60.07141688655243,no pobre,basal,4,1600.0,811.0,1.0,38.0,13,282,27174,6,0.0
98,0.0,0.0,5.7140002,0.0,6.0,10,60.07141688655243,60.07141688655243,no pobre,basal,4,1600.0,811.0,1.0,38.0,14,282,27174,6,0.0
97,1.0,0.0,5.7140002,1.0,5.0,10,60.07141688655243,60.07141688655243,no pobre,basal,4,1600.0,811.0,1.0,38.0,11,282,27175,5,1.0
98,1.0,0.0,5.7140002,1.0,5.0,10,60.07141688655243,60.07141688655243,no pobre,basal,4,1600.0,811.0,1.0,38.0,12,282,27175,5,1.0
97,1.0,0.0,5.7140002,1.0,2.0,10,60.07141688655243,60.07141688655243,no pobre,basal,4,1600.0,811.0,1.0,38.0,8,282,27176,2,1.0
98,1.0,0.0,5.7140002,1.0,3.0,10,60.07141688655243,60.07141688655243,no pobre,basal,4,1600.0,811.0,1.0,38.0,9,282,27176,2,1.0
97,0.0,0.0,5.7140002,1.0,1.0,10,60.07141688655243,60.07141688655243,no pobre,basal,4,1600.0,811.0,1.0,38.0,7,282,27177,1,1.0
98,0.0,0.0,5.7140002,1.0,2.0,10,60.07141688655243,60.07141688655243,no pobre,basal,4,1600.0,811.0,1.0,38.0,8,282,27177,1,1.0
97,1.0,0.0,5.7140002,1.0,1.0,9,60.07141688655243,60.07141688655243,pobre,basal,1,620.0,669.75,1.0,56.0,7,282,27178,1,1.0
98,1.0,0.0,5.7140002,1.0,1.0,9,60.07141688655243,60.07141688655243,pobre,basal,1,620.0,669.75,1.0,56.0,8,282,27178,1,1.0
97,0.0,0.0,5.7140002,1.0,2.0,5,60.07141688655243,60.07141688655243,pobre,basal,6,848.0,653.0,1.0,28.0,8,282,27179,2,1.0
98,0.0,0.0,5.7140002,1.0,3.0,5,60.07141688655243,60.07141688655243,pobre,basal,6,848.0,653.0,1.0,28.0,9,282,27179,2,1.0
97,0.0,0.0,5.7140002,1.0,1.0,5,60.07141688655243,60.07141688655243,pobre,basal,6,848.0,653.0,1.0,28.0,7,282,27180,1,1.0
98,0.0,0.0,5.7140002,1.0,2.0,5,60.07141688655243,60.07141688655243,pobre,basal,6,848.0,653.0,1.0,28.0,8,282,27180,1,1.0
97,1.0,0.0,5.7140002,1.0,0.0,5,60.07141688655243,60.07141688655243,pobre,basal,6,848.0,653.0,1.0,28.0,6,282,27181,0,1.0
98,1.0,0.0,5.7140002,1.0,1.0,5,60.07141688655243,60.07141688655243,pobre,basal,6,848.0,653.0,1.0,28.0,7,282,27181,0,1.0
97,0.0,0.0,5.7140002,0.0,6.0,13,60.07141688655243,60.07141688655243,no pobre,basal,1,0.0,815.71002,1.0,55.0,15,282,27182,6,0.0
98,0.0,0.0,5.7140002,0.0,6.0,13,60.07141688655243,60.07141688655243,no pobre,basal,1,0.0,815.71002,1.0,55.0,16,282,27182,6,0.0
97,1.0,0.0,5.7140002,1.0,6.0,13,60.07141688655243,60.07141688655243,no pobre,basal,1,0.0,815.71002,1.0,55.0,14,282,27183,6,1.0
98,1.0,0.0,5.7140002,0.0,6.0,13,60.07141688655243,60.07141688655243,no pobre,basal,1,0.0,815.71002,1.0,55.0,15,282,27183,6,1.0
97,0.0,0.0,5.7140002,0.0,6.0,8,60.07141688655243,60.07141688655243,pobre,basal,3,600.0,733.0,1.0,42.0,15,282,27184,6,0.0
98,0.0,0.0,5.7140002,0.0,6.0,8,60.07141688655243,60.07141688655243,pobre,basal,3,600.0,733.0,1.0,42.0,16,282,27184,6,0.0
97,1.0,0.0,5.7140002,1.0,5.0,8,60.07141688655243,60.07141688655243,pobre,basal,3,600.0,733.0,1.0,42.0,11,282,27185,5,1.0
98,1.0,0.0,5.7140002,0.0,6.0,8,60.07141688655243,60.07141688655243,pobre,basal,3,600.0,733.0,1.0,42.0,12,282,27185,5,1.0
97,0.0,0.0,5.7140002,1.0,1.0,8,60.07141688655243,60.07141688655243,pobre,basal,3,600.0,733.0,1.0,42.0,6,282,27186,1,1.0
98,0.0,0.0,5.7140002,1.0,1.0,8,60.07141688655243,60.07141688655243,pobre,basal,3,600.0,733.0,1.0,42.0,7,282,27186,1,1.0
97,1.0,0.0,5.7140002,0.0,6.0,8,60.07141688655243,60.07141688655243,pobre,basal,0,600.0,588.0,1.0,37.0,14,282,27187,6,0.0
98,1.0,0.0,5.7140002,0.0,6.0,8,60.07141688655243,60.07141688655243,pobre,basal,0,600.0,588.0,1.0,37.0,15,282,27187,6,0.0
97,1.0,0.0,5.7140002,1.0,4.0,8,60.07141688655243,60.07141688655243,pobre,basal,0,600.0,588.0,1.0,37.0,10,282,27188,4,1.0
98,1.0,0.0,5.7140002,1.0,5.0,8,60.07141688655243,60.07141688655243,pobre,basal,0,600.0,588.0,1.0,37.0,11,282,27188,4,1.0
97,0.0,0.0,5.7140002,1.0,3.0,8,60.07141688655243,60.07141688655243,pobre,basal,0,600.0,588.0,1.0,37.0,9,282,27189,3,1.0
98,0.0,0.0,5.7140002,1.0,4.0,8,60.07141688655243,60.07141688655243,pobre,basal,0,600.0,588.0,1.0,37.0,10,282,27189,3,1.0
97,1.0,0.0,5.7140002,1.0,1.0,8,60.07141688655243,60.07141688655243,pobre,basal,0,600.0,588.0,1.0,37.0,7,282,27190,1,1.0
98,1.0,0.0,5.7140002,1.0,2.0,8,60.07141688655243,60.07141688655243,pobre,basal,0,600.0,588.0,1.0,37.0,8,282,27190,1,1.0
97,1.0,0.0,5.7140002,0.0,9.0,7,60.07141688655243,60.07141688655243,no pobre,basal,2,0.0,865.25,1.0,46.0,16,282,27191,9,0.0
98,1.0,0.0,5.7140002,0.0,9.0,7,60.07141688655243,60.07141688655243,no pobre,basal,2,0.0,865.25,1.0,46.0,17,282,27191,9,0.0
97,0.0,0.0,5.7140002,0.0,6.0,7,60.07141688655243,60.07141688655243,no pobre,basal,2,0.0,865.25,1.0,46.0,13,282,27192,6,0.0
98,0.0,0.0,5.7140002,0.0,6.0,7,60.07141688655243,60.07141688655243,no pobre,basal,2,0.0,865.25,1.0,46.0,14,282,27192,6,0.0
97,1.0,0.0,5.7140002,0.0,6.0,7,60.07141688655243,60.07141688655243,pobre,basal,2,0.0,722.5,1.0,74.0,14,282,27193,6,0.0
98,1.0,0.0,5.7140002,0.0,6.0,7,60.07141688655243,60.07141688655243,pobre,basal,2,0.0,722.5,1.0,74.0,15,282,27193,6,0.0
97,0.0,0.0,5.7140002,1.0,1.0,7,60.07141688655243,60.07141688655243,pobre,basal,2,0.0,722.5,1.0,74.0,7,282,27194,1,1.0
98,0.0,0.0,5.7140002,1.0,2.0,7,60.07141688655243,60.07141688655243,pobre,basal,2,0.0,722.5,1.0,74.0,8,282,27194,1,1.0
97,1.0,0.0,5.7140002,0.0,6.0,7,60.07141688655243,60.07141688655243,pobre,basal,0,0.0,650.5,0.0,47.0,15,282,27195,6,0.0
98,1.0,0.0,5.7140002,,,7,60.07141688655243,60.07141688655243,pobre,basal,0,0.0,650.5,0.0,47.0,16,282,27195,6,0.0
97,0.0,0.0,5.7140002,0.0,6.0,7,60.07141688655243,60.07141688655243,pobre,basal,0,0.0,650.5,0.0,47.0,13,282,27196,6,0.0
98,0.0,0.0,5.7140002,0.0,6.0,7,60.07141688655243,60.07141688655243,pobre,basal,0,0.0,650.5,0.0,47.0,14,282,27196,6,0.0
97,1.0,0.0,5.7140002,1.0,5.0,7,60.07141688655243,60.07141688655243,pobre,basal,0,0.0,650.5,0.0,47.0,11,282,27197,5,1.0
98,1.0,0.0,5.7140002,0.0,6.0,7,60.07141688655243,60.07141688655243,pobre,basal,0,0.0,650.5,0.0,47.0,12,282,27197,5,1.0
97,1.0,0.0,5.7140002,1.0,3.0,7,60.07141688655243,60.07141688655243,pobre,basal,0,0.0,650.5,0.0,47.0,9,282,27198,3,1.0
98,1.0,0.0,5.7140002,1.0,4.0,7,60.07141688655243,60.07141688655243,pobre,basal,0,0.0,650.5,0.0,47.0,10,282,27198,3,1.0
97,0.0,0.0,5.7140002,1.0,1.0,7,60.07141688655243,60.07141688655243,pobre,basal,0,0.0,650.5,0.0,47.0,6,282,27199,1,1.0
98,0.0,0.0,5.7140002,1.0,2.0,7,60.07141688655243,60.07141688655243,pobre,basal,0,0.0,650.5,0.0,47.0,7,282,27199,1,1.0
97,1.0,0.0,5.7140002,1.0,5.0,4,60.07141688655243,60.07141688655243,pobre,basal,6,800.0,718.0,1.0,30.0,11,282,27200,5,1.0
98,1.0,0.0,5.7140002,0.0,6.0,4,60.07141688655243,60.07141688655243,pobre,basal,6,800.0,718.0,1.0,30.0,12,282,27200,5,1.0
97,1.0,0.0,5.7140002,1.0,3.0,4,60.07141688655243,60.07141688655243,pobre,basal,6,800.0,718.0,1.0,30.0,9,282,27201,3,1.0
98,1.0,0.0,5.7140002,1.0,4.0,4,60.07141688655243,60.07141688655243,pobre,basal,6,800.0,718.0,1.0,30.0,10,282,27201,3,1.0
97,1.0,0.0,5.7140002,0.0,6.0,4,60.07141688655243,60.07141688655243,pobre,basal,0,0.0,717.0,0.0,54.0,15,282,27202,6,0.0
98,1.0,0.0,5.7140002,0.0,6.0,4,60.07141688655243,60.07141688655243,pobre,basal,0,0.0,717.0,0.0,54.0,16,282,27202,6,0.0
97,1.0,0.0,5.7140002,0.0,9.0,5,60.07141688655243,60.07141688655243,pobre,basal,3,800.0,731.0,1.0,37.0,15,282,27203,9,0.0
98,1.0,0.0,5.7140002,0.0,9.0,5,60.07141688655243,60.07141688655243,pobre,basal,3,800.0,731.0,1.0,37.0,16,282,27203,9,0.0
97,0.0,0.0,5.7140002,0.0,8.0,5,60.07141688655243,60.07141688655243,pobre,basal,3,800.0,731.0,1.0,37.0,13,282,27204,8,0.0
98,0.0,0.0,5.7140002,0.0,8.0,5,60.07141688655243,60.07141688655243,pobre,basal,3,800.0,731.0,1.0,37.0,14,282,27204,8,0.0
97,0.0,0.0,5.7140002,1.0,4.0,5,60.07141688655243,60.07141688655243,pobre,basal,3,800.0,731.0,1.0,37.0,10,282,27205,4,1.0
98,0.0,0.0,5.7140002,1.0,5.0,5,60.07141688655243,60.07141688655243,pobre,basal,3,800.0,731.0,1.0,37.0,11,282,27205,4,1.0
97,1.0,0.0,5.7140002,0.0,6.0,10,60.07141688655243,60.07141688655243,no pobre,basal,0,720.0,805.5,1.0,47.0,16,282,27206,6,0.0
98,1.0,0.0,5.7140002,,,10,60.07141688655243,60.07141688655243,no pobre,basal,0,720.0,805.5,1.0,47.0,17,282,27206,6,0.0
97,1.0,0.0,5.7140002,0.0,6.0,10,60.07141688655243,60.07141688655243,no pobre,basal,0,720.0,805.5,1.0,47.0,14,282,27207,6,0.0
98,1.0,0.0,5.7140002,1.0,7.0,10,60.07141688655243,60.07141688655243,no pobre,basal,0,720.0,805.5,1.0,47.0,15,282,27207,6,0.0
97,0.0,0.0,5.7140002,0.0,6.0,10,60.07141688655243,60.07141688655243,no pobre,basal,0,720.0,805.5,1.0,47.0,13,282,27208,6,0.0
98,0.0,0.0,5.7140002,0.0,6.0,10,60.07141688655243,60.07141688655243,no pobre,basal,0,720.0,805.5,1.0,47.0,14,282,27208,6,0.0
97,1.0,0.0,5.7140002,1.0,2.0,10,60.07141688655243,60.07141688655243,no pobre,basal,0,720.0,805.5,1.0,47.0,8,282,27209,2,1.0
98,1.0,0.0,5.7140002,0.0,3.0,10,60.07141688655243,60.07141688655243,no pobre,basal,0,720.0,805.5,1.0,47.0,9,282,27209,2,1.0
97,1.0,0.0,5.7140002,1.0,0.0,10,60.07141688655243,60.07141688655243,no pobre,basal,0,720.0,805.5,1.0,47.0,6,282,27210,0,1.0
98,1.0,0.0,5.7140002,1.0,1.0,10,60.07141688655243,60.07141688655243,no pobre,basal,0,720.0,805.5,1.0,47.0,7,282,27210,0,1.0
97,1.0,0.0,5.7140002,1.0,2.0,6,60.07141688655243,60.07141688655243,pobre,basal,6,1600.0,673.0,1.0,28.0,9,282,27211,2,1.0
98,1.0,0.0,5.7140002,1.0,3.0,6,60.07141688655243,60.07141688655243,pobre,basal,6,1600.0,673.0,1.0,28.0,10,282,27211,2,1.0
97,0.0,0.0,5.7140002,1.0,0.0,6,60.07141688655243,60.07141688655243,pobre,basal,6,1600.0,673.0,1.0,28.0,6,282,27212,0,1.0
98,0.0,0.0,5.7140002,1.0,1.0,6,60.07141688655243,60.07141688655243,pobre,basal,6,1600.0,673.0,1.0,28.0,7,282,27212,0,1.0
97,1.0,0.0,5.7140002,0.0,6.0,4,60.07141688655243,60.07141688655243,pobre,basal,0,0.0,679.0,0.0,35.0,14,282,27213,6,0.0
98,1.0,0.0,5.7140002,,,4,60.07141688655243,60.07141688655243,pobre,basal,0,0.0,679.0,0.0,35.0,15,282,27213,6,0.0
97,0.0,0.0,5.7140002,1.0,3.0,4,60.07141688655243,60.07141688655243,pobre,basal,0,0.0,679.0,0.0,35.0,10,282,27214,3,1.0
98,0.0,0.0,5.7140002,1.0,4.0,4,60.07141688655243,60.07141688655243,pobre,basal,0,0.0,679.0,0.0,35.0,11,282,27214,3,1.0
97,0.0,0.0,5.7140002,0.0,6.0,8,60.07141688655243,60.07141688655243,pobre,basal,3,750.0,541.0,1.0,37.0,15,282,27215,6,0.0
98,0.0,0.0,5.7140002,0.0,6.0,8,60.07141688655243,60.07141688655243,pobre,basal,3,750.0,541.0,1.0,37.0,16,282,27215,6,0.0
97,1.0,0.0,5.7140002,1.0,4.0,8,60.07141688655243,60.07141688655243,pobre,basal,3,750.0,541.0,1.0,37.0,13,282,27216,4,1.0
98,1.0,0.0,5.7140002,1.0,5.0,8,60.07141688655243,60.07141688655243,pobre,basal,3,750.0,541.0,1.0,37.0,14,282,27216,4,1.0
97,1.0,0.0,5.7140002,1.0,4.0,8,60.07141688655243,60.07141688655243,pobre,basal,3,750.0,541.0,1.0,37.0,11,282,27217,4,1.0
98,1.0,0.0,5.7140002,1.0,5.0,8,60.07141688655243,60.07141688655243,pobre,basal,3,750.0,541.0,1.0,37.0,12,282,27217,4,1.0
97,0.0,0.0,5.7140002,1.0,1.0,8,60.07141688655243,60.07141688655243,pobre,basal,3,750.0,541.0,1.0,37.0,9,282,27218,1,1.0
98,0.0,0.0,5.7140002,1.0,2.0,8,60.07141688655243,60.07141688655243,pobre,basal,3,750.0,541.0,1.0,37.0,10,282,27218,1,1.0
97,0.0,0.0,5.7140002,1.0,0.0,8,60.07141688655243,60.07141688655243,pobre,basal,3,750.0,541.0,1.0,37.0,6,282,27219,0,1.0
98,0.0,0.0,5.7140002,1.0,1.0,8,60.07141688655243,60.07141688655243,pobre,basal,3,750.0,541.0,1.0,37.0,7,282,27219,0,1.0
97,0.0,0.0,5.7140002,1.0,4.0,6,60.07141688655243,60.07141688655243,pobre,basal,0,0.0,649.0,1.0,41.0,12,282,27220,4,1.0
98,0.0,0.0,5.7140002,1.0,4.0,6,60.07141688655243,60.07141688655243,pobre,basal,0,0.0,649.0,1.0,41.0,13,282,27220,4,1.0
97,1.0,0.0,5.7140002,1.0,2.0,6,60.07141688655243,60.07141688655243,pobre,basal,0,0.0,649.0,1.0,41.0,7,282,27221,2,1.0
98,1.0,0.0,5.7140002,1.0,3.0,6,60.07141688655243,60.07141688655243,pobre,basal,0,0.0,649.0,1.0,41.0,8,282,27221,2,1.0
97,0.0,0.0,5.7140002,1.0,3.0,9,60.07141688655243,60.07141688655243,no pobre,basal,5,1000.0,911.0,1.0,40.0,9,282,27222,3,1.0
98,0.0,0.0,5.7140002,1.0,4.0,9,60.07141688655243,60.07141688655243,no pobre,basal,5,1000.0,911.0,1.0,40.0,10,282,27222,3,1.0
97,0.0,0.0,5.7140002,1.0,2.0,9,60.07141688655243,60.07141688655243,no pobre,basal,5,1000.0,911.0,1.0,40.0,7,282,27223,2,1.0
98,0.0,0.0,5.7140002,1.0,3.0,9,60.07141688655243,60.07141688655243,no pobre,basal,5,1000.0,911.0,1.0,40.0,8,282,27223,2,1.0
97,0.0,0.0,5.7140002,1.0,0.0,9,60.07141688655243,60.07141688655243,no pobre,basal,5,1000.0,911.0,1.0,40.0,6,282,27224,0,1.0
98,0.0,0.0,5.7140002,1.0,1.0,9,60.07141688655243,60.07141688655243,no pobre,basal,5,1000.0,911.0,1.0,40.0,7,282,27224,0,1.0
97,1.0,0.0,4.2950001,0.0,9.0,8,66.12474893949977,66.12474893949977,pobre,0,0,800.0,441.70001,1.0,41.0,15,296,27225,9,0.0
98,1.0,0.0,4.2950001,0.0,9.0,8,66.12474893949977,66.12474893949977,pobre,0,0,800.0,441.70001,1.0,41.0,16,296,27225,9,0.0
97,1.0,0.0,4.2950001,0.0,5.0,8,66.12474893949977,66.12474893949977,pobre,0,0,800.0,441.70001,1.0,41.0,13,296,27226,5,0.0
98,1.0,0.0,4.2950001,0.0,6.0,8,66.12474893949977,66.12474893949977,pobre,0,0,800.0,441.70001,1.0,41.0,14,296,27226,5,0.0
97,0.0,0.0,4.2950001,1.0,4.0,8,66.12474893949977,66.12474893949977,pobre,0,0,800.0,441.70001,1.0,41.0,9,296,27227,4,1.0
98,0.0,0.0,4.2950001,1.0,5.0,8,66.12474893949977,66.12474893949977,pobre,0,0,800.0,441.70001,1.0,41.0,10,296,27227,4,1.0
97,0.0,0.0,4.2950001,1.0,2.0,8,66.12474893949977,66.12474893949977,pobre,0,0,800.0,441.70001,1.0,41.0,8,296,27228,2,1.0
98,0.0,0.0,4.2950001,1.0,3.0,8,66.12474893949977,66.12474893949977,pobre,0,0,800.0,441.70001,1.0,41.0,9,296,27228,2,1.0
97,0.0,0.0,4.2950001,1.0,1.0,8,66.12474893949977,66.12474893949977,pobre,0,0,800.0,441.70001,1.0,41.0,6,296,27229,1,1.0
98,0.0,0.0,4.2950001,1.0,1.0,8,66.12474893949977,66.12474893949977,pobre,0,0,800.0,441.70001,1.0,41.0,7,296,27229,1,1.0
97,1.0,0.0,4.6149998,1.0,4.0,5,103.5107444795229,103.5107444795229,pobre,basal,2,625.0,532.0,1.0,34.0,10,278,27230,4,1.0
98,1.0,0.0,4.6149998,1.0,2.0,5,103.5107444795229,103.5107444795229,pobre,basal,2,625.0,532.0,1.0,34.0,11,278,27230,4,1.0
97,0.0,0.0,4.6149998,1.0,1.0,5,103.5107444795229,103.5107444795229,pobre,basal,2,625.0,532.0,1.0,34.0,7,278,27231,1,1.0
98,0.0,0.0,4.6149998,1.0,2.0,5,103.5107444795229,103.5107444795229,pobre,basal,2,625.0,532.0,1.0,34.0,8,278,27231,1,1.0
97,1.0,0.0,4.6149998,1.0,3.0,6,103.5107444795229,103.5107444795229,pobre,basal,0,500.0,483.0,1.0,33.0,10,278,27232,3,1.0
98,1.0,0.0,4.6149998,1.0,3.0,6,103.5107444795229,103.5107444795229,pobre,basal,0,500.0,483.0,1.0,33.0,11,278,27232,3,1.0
97,1.0,0.0,4.6149998,1.0,0.0,6,103.5107444795229,103.5107444795229,pobre,basal,0,500.0,483.0,1.0,33.0,6,278,27233,0,1.0
98,1.0,0.0,4.6149998,1.0,0.0,6,103.5107444795229,103.5107444795229,pobre,basal,0,500.0,483.0,1.0,33.0,7,278,27233,0,1.0
97,0.0,0.0,4.6149998,1.0,5.0,3,103.5107444795229,103.5107444795229,pobre,basal,0,500.0,617.0,1.0,36.0,11,278,27234,5,1.0
98,0.0,0.0,4.6149998,0.0,6.0,3,103.5107444795229,103.5107444795229,pobre,basal,0,500.0,617.0,1.0,36.0,12,278,27234,5,1.0
97,0.0,0.0,4.6149998,0.0,6.0,8,103.5107444795229,103.5107444795229,pobre,basal,2,625.0,460.0,1.0,40.0,15,278,27235,6,0.0
98,0.0,0.0,4.6149998,0.0,6.0,8,103.5107444795229,103.5107444795229,pobre,basal,2,625.0,460.0,1.0,40.0,16,278,27235,6,0.0
97,0.0,0.0,4.6149998,0.0,5.0,8,103.5107444795229,103.5107444795229,pobre,basal,2,625.0,460.0,1.0,40.0,12,278,27236,5,0.0
98,0.0,0.0,4.6149998,,,8,103.5107444795229,103.5107444795229,pobre,basal,2,625.0,460.0,1.0,40.0,13,278,27236,5,0.0
97,0.0,0.0,4.6149998,1.0,4.0,8,103.5107444795229,103.5107444795229,pobre,basal,2,625.0,460.0,1.0,40.0,10,278,27237,4,1.0
98,0.0,0.0,4.6149998,1.0,4.0,8,103.5107444795229,103.5107444795229,pobre,basal,2,625.0,460.0,1.0,40.0,11,278,27237,4,1.0
97,0.0,0.0,4.6149998,1.0,1.0,8,103.5107444795229,103.5107444795229,pobre,basal,2,625.0,460.0,1.0,40.0,7,278,27238,1,1.0
98,0.0,0.0,4.6149998,1.0,2.0,8,103.5107444795229,103.5107444795229,pobre,basal,2,625.0,460.0,1.0,40.0,8,278,27238,1,1.0
97,1.0,0.0,4.6149998,1.0,4.0,3,103.5107444795229,103.5107444795229,pobre,basal,0,625.0,622.0,1.0,36.0,13,278,27239,4,1.0
98,1.0,0.0,4.6149998,,,3,103.5107444795229,103.5107444795229,pobre,basal,0,625.0,622.0,1.0,36.0,14,278,27239,4,1.0
97,1.0,0.0,4.6149998,0.0,6.0,7,103.5107444795229,103.5107444795229,pobre,basal,6,750.0,514.0,1.0,48.0,14,278,27240,6,0.0
98,1.0,0.0,4.6149998,1.0,6.0,7,103.5107444795229,103.5107444795229,pobre,basal,6,750.0,514.0,1.0,48.0,15,278,27240,6,0.0
97,0.0,0.0,4.6149998,1.0,1.0,7,103.5107444795229,103.5107444795229,pobre,basal,6,750.0,514.0,1.0,48.0,7,278,27241,1,1.0
98,0.0,0.0,4.6149998,1.0,2.0,7,103.5107444795229,103.5107444795229,pobre,basal,6,750.0,514.0,1.0,48.0,8,278,27241,1,1.0
97,1.0,0.0,4.6149998,1.0,1.0,3,103.5107444795229,103.5107444795229,pobre,basal,0,0.0,578.0,1.0,62.0,7,278,27242,1,1.0
98,1.0,0.0,4.6149998,,,3,103.5107444795229,103.5107444795229,pobre,basal,0,0.0,578.0,1.0,62.0,8,278,27242,1,1.0
97,0.0,0.0,4.6149998,0.0,6.0,6,103.5107444795229,103.5107444795229,pobre,basal,0,625.0,524.0,1.0,52.0,13,278,27243,6,0.0
98,0.0,0.0,4.6149998,0.0,6.0,6,103.5107444795229,103.5107444795229,pobre,basal,0,625.0,524.0,1.0,52.0,14,278,27243,6,0.0
97,0.0,0.0,4.6149998,1.0,5.0,6,103.5107444795229,103.5107444795229,pobre,basal,0,625.0,524.0,1.0,52.0,12,278,27244,5,1.0
98,0.0,0.0,4.6149998,1.0,6.0,6,103.5107444795229,103.5107444795229,pobre,basal,0,625.0,524.0,1.0,52.0,13,278,27244,5,1.0
97,1.0,0.0,4.6149998,1.0,3.0,6,103.5107444795229,103.5107444795229,pobre,basal,0,625.0,524.0,1.0,52.0,9,278,27245,3,1.0
98,1.0,0.0,4.6149998,1.0,4.0,6,103.5107444795229,103.5107444795229,pobre,basal,0,625.0,524.0,1.0,52.0,10,278,27245,3,1.0
97,1.0,0.0,4.6149998,,0.0,3,103.5107444795229,103.5107444795229,pobre,basal,5,500.0,592.33002,1.0,28.0,6,278,27246,0,
98,1.0,0.0,4.6149998,0.0,0.0,3,103.5107444795229,103.5107444795229,pobre,basal,5,500.0,592.33002,1.0,28.0,7,278,27246,0,
97,0.0,0.0,4.6149998,1.0,5.0,6,103.5107444795229,103.5107444795229,pobre,basal,0,500.0,534.0,1.0,51.0,13,278,27247,5,1.0
98,0.0,0.0,4.6149998,1.0,6.0,6,103.5107444795229,103.5107444795229,pobre,basal,0,500.0,534.0,1.0,51.0,14,278,27247,5,1.0
97,0.0,0.0,4.6149998,1.0,4.0,6,103.5107444795229,103.5107444795229,pobre,basal,0,500.0,534.0,1.0,51.0,11,278,27248,4,1.0
98,0.0,0.0,4.6149998,1.0,5.0,6,103.5107444795229,103.5107444795229,pobre,basal,0,500.0,534.0,1.0,51.0,12,278,27248,4,1.0
97,1.0,0.0,4.6149998,,0.0,3,103.5107444795229,103.5107444795229,pobre,basal,9,0.0,636.33002,1.0,27.0,6,278,27249,0,
98,1.0,0.0,4.6149998,1.0,1.0,3,103.5107444795229,103.5107444795229,pobre,basal,9,0.0,636.33002,1.0,27.0,7,278,27249,0,
97,1.0,0.0,4.6149998,1.0,5.0,8,103.5107444795229,103.5107444795229,pobre,basal,3,625.0,429.0,1.0,34.0,15,278,27250,5,1.0
98,1.0,0.0,4.6149998,,,8,103.5107444795229,103.5107444795229,pobre,basal,3,625.0,429.0,1.0,34.0,16,278,27250,5,1.0
97,0.0,0.0,4.6149998,1.0,5.0,8,103.5107444795229,103.5107444795229,pobre,basal,3,625.0,429.0,1.0,34.0,14,278,27251,5,1.0
98,0.0,0.0,4.6149998,,,8,103.5107444795229,103.5107444795229,pobre,basal,3,625.0,429.0,1.0,34.0,15,278,27251,5,1.0
97,0.0,0.0,4.6149998,1.0,2.0,8,103.5107444795229,103.5107444795229,pobre,basal,3,625.0,429.0,1.0,34.0,10,278,27252,2,1.0
98,0.0,0.0,4.6149998,,,8,103.5107444795229,103.5107444795229,pobre,basal,3,625.0,429.0,1.0,34.0,11,278,27252,2,1.0
97,1.0,0.0,4.6149998,1.0,1.0,8,103.5107444795229,103.5107444795229,pobre,basal,3,625.0,429.0,1.0,34.0,7,278,27253,1,1.0
98,1.0,0.0,4.6149998,,,8,103.5107444795229,103.5107444795229,pobre,basal,3,625.0,429.0,1.0,34.0,8,278,27253,1,1.0
97,0.0,0.0,4.6149998,1.0,5.0,10,103.5107444795229,103.5107444795229,pobre,basal,0,625.0,597.33002,1.0,44.0,14,278,27254,5,1.0
98,0.0,0.0,4.6149998,,,10,103.5107444795229,103.5107444795229,pobre,basal,0,625.0,597.33002,1.0,44.0,15,278,27254,5,1.0
97,0.0,0.0,4.6149998,1.0,4.0,10,103.5107444795229,103.5107444795229,pobre,basal,0,625.0,597.33002,1.0,44.0,11,278,27255,4,1.0
98,0.0,0.0,4.6149998,1.0,5.0,10,103.5107444795229,103.5107444795229,pobre,basal,0,625.0,597.33002,1.0,44.0,12,278,27255,4,1.0
97,0.0,0.0,4.6149998,1.0,1.0,10,103.5107444795229,103.5107444795229,pobre,basal,0,625.0,597.33002,1.0,44.0,7,278,27256,1,1.0
98,0.0,0.0,4.6149998,1.0,2.0,10,103.5107444795229,103.5107444795229,pobre,basal,0,625.0,597.33002,1.0,44.0,8,278,27256,1,1.0
97,1.0,0.0,4.6149998,1.0,2.0,10,103.5107444795229,103.5107444795229,pobre,basal,0,625.0,597.33002,1.0,44.0,8,278,27257,2,1.0
98,1.0,0.0,4.6149998,1.0,2.0,10,103.5107444795229,103.5107444795229,pobre,basal,0,625.0,597.33002,1.0,44.0,9,278,27257,2,1.0
97,0.0,0.0,4.6149998,1.0,5.0,7,103.5107444795229,103.5107444795229,pobre,basal,0,500.0,473.0,1.0,40.0,13,278,27258,5,1.0
98,0.0,0.0,4.6149998,1.0,5.0,7,103.5107444795229,103.5107444795229,pobre,basal,0,500.0,473.0,1.0,40.0,14,278,27258,5,1.0
97,0.0,0.0,4.6149998,1.0,4.0,7,103.5107444795229,103.5107444795229,pobre,basal,0,500.0,473.0,1.0,40.0,10,278,27259,4,1.0
98,0.0,0.0,4.6149998,1.0,4.0,7,103.5107444795229,103.5107444795229,pobre,basal,0,500.0,473.0,1.0,40.0,11,278,27259,4,1.0
97,0.0,0.0,4.6149998,1.0,2.0,7,103.5107444795229,103.5107444795229,pobre,basal,0,500.0,473.0,1.0,40.0,8,278,27260,2,1.0
98,0.0,0.0,4.6149998,1.0,4.0,7,103.5107444795229,103.5107444795229,pobre,basal,0,500.0,473.0,1.0,40.0,9,278,27260,2,1.0
97,0.0,0.0,4.6149998,0.0,6.0,2,103.5107444795229,103.5107444795229,pobre,basal,0,625.0,657.0,1.0,65.0,16,278,27261,6,0.0
98,0.0,0.0,4.6149998,1.0,6.0,2,103.5107444795229,103.5107444795229,pobre,basal,0,625.0,657.0,1.0,65.0,17,278,27261,6,0.0
97,1.0,0.0,4.6149998,1.0,5.0,10,103.5107444795229,103.5107444795229,pobre,basal,3,1600.0,758.0,1.0,40.0,14,278,27262,5,1.0
98,1.0,0.0,4.6149998,0.0,6.0,10,103.5107444795229,103.5107444795229,pobre,basal,3,1600.0,758.0,1.0,40.0,15,278,27262,5,1.0
97,0.0,0.0,4.6149998,0.0,6.0,10,103.5107444795229,103.5107444795229,pobre,basal,3,1600.0,758.0,1.0,40.0,16,278,27263,6,0.0
98,0.0,0.0,4.6149998,,,10,103.5107444795229,103.5107444795229,pobre,basal,3,1600.0,758.0,1.0,40.0,17,278,27263,6,0.0
97,0.0,0.0,4.6149998,1.0,3.0,10,103.5107444795229,103.5107444795229,pobre,basal,3,1600.0,758.0,1.0,40.0,12,278,27264,3,1.0
98,0.0,0.0,4.6149998,1.0,3.0,10,103.5107444795229,103.5107444795229,pobre,basal,3,1600.0,758.0,1.0,40.0,13,278,27264,3,1.0
97,0.0,0.0,4.6149998,1.0,1.0,10,103.5107444795229,103.5107444795229,pobre,basal,3,1600.0,758.0,1.0,40.0,8,278,27265,1,1.0
98,0.0,0.0,4.6149998,1.0,2.0,10,103.5107444795229,103.5107444795229,pobre,basal,3,1600.0,758.0,1.0,40.0,9,278,27265,1,1.0
97,1.0,0.0,4.6149998,1.0,2.0,4,103.5107444795229,103.5107444795229,pobre,basal,2,0.0,666.0,1.0,22.0,10,278,27266,2,1.0
98,1.0,0.0,4.6149998,,,4,103.5107444795229,103.5107444795229,pobre,basal,2,0.0,666.0,1.0,22.0,11,278,27266,2,1.0
97,1.0,0.0,4.6149998,0.0,6.0,6,103.5107444795229,103.5107444795229,pobre,basal,0,0.0,697.70001,1.0,54.0,16,278,27267,6,0.0
98,1.0,0.0,4.6149998,,,6,103.5107444795229,103.5107444795229,pobre,basal,0,0.0,697.70001,1.0,54.0,17,278,27267,6,0.0
97,1.0,0.0,4.6149998,0.0,6.0,6,103.5107444795229,103.5107444795229,pobre,basal,0,0.0,697.70001,1.0,54.0,14,278,27268,6,0.0
98,1.0,0.0,4.6149998,0.0,6.0,6,103.5107444795229,103.5107444795229,pobre,basal,0,0.0,697.70001,1.0,54.0,15,278,27268,6,0.0
97,0.0,0.0,4.6149998,1.0,5.0,6,103.5107444795229,103.5107444795229,pobre,basal,0,0.0,697.70001,1.0,54.0,12,278,27269,5,1.0
98,0.0,0.0,4.6149998,0.0,6.0,6,103.5107444795229,103.5107444795229,pobre,basal,0,0.0,697.70001,1.0,54.0,13,278,27269,5,1.0
97,0.0,0.0,4.6149998,1.0,4.0,2,103.5107444795229,103.5107444795229,pobre,basal,0,0.0,652.0,0.0,65.0,10,278,27270,4,1.0
98,0.0,0.0,4.6149998,0.0,5.0,2,103.5107444795229,103.5107444795229,pobre,basal,0,0.0,652.0,0.0,65.0,11,278,27270,4,1.0
97,0.0,0.0,4.6149998,0.0,6.0,6,103.5107444795229,103.5107444795229,pobre,basal,3,0.0,561.0,1.0,37.0,16,278,27271,6,0.0
98,0.0,0.0,4.6149998,,,6,103.5107444795229,103.5107444795229,pobre,basal,3,0.0,561.0,1.0,37.0,17,278,27271,6,0.0
97,1.0,0.0,4.6149998,0.0,6.0,6,103.5107444795229,103.5107444795229,pobre,basal,3,0.0,561.0,1.0,37.0,15,278,27272,6,0.0
98,1.0,0.0,4.6149998,,,6,103.5107444795229,103.5107444795229,pobre,basal,3,0.0,561.0,1.0,37.0,16,278,27272,6,0.0
97,1.0,0.0,4.6149998,1.0,2.0,6,103.5107444795229,103.5107444795229,pobre,basal,3,0.0,561.0,1.0,37.0,8,278,27273,2,1.0
98,1.0,0.0,4.6149998,,,6,103.5107444795229,103.5107444795229,pobre,basal,3,0.0,561.0,1.0,37.0,9,278,27273,2,1.0
97,1.0,0.0,2.2060001,1.0,3.0,7,74.64178136816749,96.61311455025414,pobre,basal,5,750.0,544.0,1.0,35.0,10,180,27274,3,1.0
98,1.0,0.0,2.2060001,1.0,4.0,7,74.64178136816749,96.61311455025414,pobre,basal,5,750.0,544.0,1.0,35.0,11,180,27274,3,1.0
97,1.0,0.0,2.2060001,1.0,1.0,7,74.64178136816749,96.61311455025414,pobre,basal,5,750.0,544.0,1.0,35.0,8,180,27275,1,1.0
98,1.0,0.0,2.2060001,1.0,2.0,7,74.64178136816749,96.61311455025414,pobre,basal,5,750.0,544.0,1.0,35.0,9,180,27275,1,1.0
97,1.0,0.0,2.2060001,1.0,0.0,7,74.64178136816749,96.61311455025414,pobre,basal,5,750.0,544.0,1.0,35.0,6,180,27276,0,1.0
98,1.0,0.0,2.2060001,1.0,1.0,7,74.64178136816749,96.61311455025414,pobre,basal,5,750.0,544.0,1.0,35.0,7,180,27276,0,1.0
97,0.0,0.0,2.2060001,0.0,6.0,3,74.64178136816749,96.61311455025414,pobre,basal,6,2500.0,718.0,0.0,36.0,12,180,27277,6,0.0
98,0.0,0.0,2.2060001,0.0,4.0,3,74.64178136816749,96.61311455025414,pobre,basal,6,2500.0,718.0,0.0,36.0,13,180,27277,6,0.0
97,0.0,0.0,2.2060001,0.0,6.0,3,74.64178136816749,96.61311455025414,pobre,basal,6,2500.0,718.0,0.0,36.0,11,180,27278,6,0.0
98,0.0,0.0,2.2060001,0.0,3.0,3,74.64178136816749,96.61311455025414,pobre,basal,6,2500.0,718.0,0.0,36.0,12,180,27278,6,0.0
97,1.0,0.0,0.97299999,0.0,4.0,7,73.11396693220289,95.08391936905932,pobre,0,0,600.0,572.0,1.0,49.0,14,195,27279,4,0.0
98,1.0,0.0,0.97299999,,,7,73.11396693220289,95.08391936905932,pobre,0,0,600.0,572.0,1.0,49.0,15,195,27279,4,0.0
97,1.0,0.0,0.97299999,1.0,6.0,7,73.11396693220289,95.08391936905932,pobre,0,0,600.0,572.0,1.0,49.0,12,195,27280,6,1.0
98,1.0,0.0,0.97299999,1.0,7.0,7,73.11396693220289,95.08391936905932,pobre,0,0,600.0,572.0,1.0,49.0,13,195,27280,6,1.0
97,1.0,0.0,0.97299999,1.0,2.0,7,73.11396693220289,95.08391936905932,pobre,0,0,600.0,572.0,1.0,49.0,9,195,27281,2,1.0
98,1.0,0.0,0.97299999,1.0,3.0,7,73.11396693220289,95.08391936905932,pobre,0,0,600.0,572.0,1.0,49.0,10,195,27281,2,1.0
97,0.0,1.0,1.325,0.0,5.0,2,104.29006269286,130.7958678301766,pobre,0,0,500.0,683.0,0.0,65.0,15,257,27282,5,0.0
98,0.0,1.0,1.325,,,2,104.29006269286,130.7958678301766,pobre,0,0,500.0,683.0,0.0,65.0,16,257,27282,5,0.0
97,0.0,0.0,2.26,1.0,6.0,13,80.86236430001196,80.86236430001196,pobre,0,3,625.0,635.0,1.0,50.0,14,190,27283,6,1.0
98,0.0,0.0,2.26,1.0,7.0,13,80.86236430001196,80.86236430001196,pobre,0,3,625.0,635.0,1.0,50.0,15,190,27283,6,1.0
97,0.0,0.0,2.26,1.0,2.0,13,80.86236430001196,80.86236430001196,pobre,0,3,625.0,635.0,1.0,50.0,10,190,27284,2,1.0
98,0.0,0.0,2.26,1.0,4.0,13,80.86236430001196,80.86236430001196,pobre,0,3,625.0,635.0,1.0,50.0,11,190,27284,2,1.0
97,1.0,0.0,2.26,0.0,6.0,10,80.86236430001196,80.86236430001196,pobre,0,3,600.0,631.0,1.0,41.0,16,190,27285,6,0.0
98,1.0,0.0,2.26,,,10,80.86236430001196,80.86236430001196,pobre,0,3,600.0,631.0,1.0,41.0,17,190,27285,6,0.0
97,0.0,0.0,2.26,1.0,8.0,10,80.86236430001196,80.86236430001196,pobre,0,3,600.0,631.0,1.0,41.0,15,190,27286,8,1.0
98,0.0,0.0,2.26,0.0,9.0,10,80.86236430001196,80.86236430001196,pobre,0,3,600.0,631.0,1.0,41.0,16,190,27286,8,1.0
97,1.0,0.0,2.26,1.0,5.0,10,80.86236430001196,80.86236430001196,pobre,0,3,600.0,631.0,1.0,41.0,11,190,27287,5,1.0
98,1.0,0.0,2.26,1.0,4.0,10,80.86236430001196,80.86236430001196,pobre,0,3,600.0,631.0,1.0,41.0,12,190,27287,5,1.0
97,0.0,0.0,2.26,0.0,4.0,10,80.86236430001196,80.86236430001196,pobre,0,3,600.0,631.0,1.0,41.0,8,190,27288,4,0.0
98,0.0,0.0,2.26,0.0,4.0,10,80.86236430001196,80.86236430001196,pobre,0,3,600.0,631.0,1.0,41.0,9,190,27288,4,0.0
97,0.0,0.0,2.26,1.0,7.0,10,80.86236430001196,80.86236430001196,pobre,0,2,720.0,597.0,1.0,39.0,13,190,27289,7,1.0
98,0.0,0.0,2.26,1.0,8.0,10,80.86236430001196,80.86236430001196,pobre,0,2,720.0,597.0,1.0,39.0,14,190,27289,7,1.0
97,1.0,0.0,2.26,1.0,5.0,10,80.86236430001196,80.86236430001196,pobre,0,2,720.0,597.0,1.0,39.0,12,190,27290,5,1.0
98,1.0,0.0,2.26,0.0,6.0,10,80.86236430001196,80.86236430001196,pobre,0,2,720.0,597.0,1.0,39.0,13,190,27290,5,1.0
97,1.0,0.0,2.26,1.0,2.0,10,80.86236430001196,80.86236430001196,pobre,0,2,720.0,597.0,1.0,39.0,7,190,27291,2,1.0
98,1.0,0.0,2.26,1.0,3.0,10,80.86236430001196,80.86236430001196,pobre,0,2,720.0,597.0,1.0,39.0,8,190,27291,2,1.0
97,1.0,0.0,2.26,0.0,9.0,4,80.86236430001196,80.86236430001196,pobre,0,3,750.0,785.0,1.0,54.0,15,190,27292,9,0.0
98,1.0,0.0,2.26,0.0,9.0,4,80.86236430001196,80.86236430001196,pobre,0,3,750.0,785.0,1.0,54.0,16,190,27292,9,0.0
97,0.0,0.0,2.26,0.0,9.0,8,80.86236430001196,80.86236430001196,pobre,0,2,750.0,688.0,1.0,45.0,16,190,27293,9,0.0
98,0.0,0.0,2.26,,,8,80.86236430001196,80.86236430001196,pobre,0,2,750.0,688.0,1.0,45.0,17,190,27293,9,0.0
97,1.0,0.0,2.26,1.0,5.0,8,80.86236430001196,80.86236430001196,pobre,0,2,750.0,688.0,1.0,45.0,12,190,27294,5,1.0
98,1.0,0.0,2.26,1.0,6.0,8,80.86236430001196,80.86236430001196,pobre,0,2,750.0,688.0,1.0,45.0,13,190,27294,5,1.0
97,1.0,0.0,2.26,1.0,3.0,8,80.86236430001196,80.86236430001196,pobre,0,2,750.0,688.0,1.0,45.0,9,190,27295,3,1.0
98,1.0,0.0,2.26,1.0,4.0,8,80.86236430001196,80.86236430001196,pobre,0,2,750.0,688.0,1.0,45.0,10,190,27295,3,1.0
97,1.0,0.0,2.26,1.0,0.0,8,80.86236430001196,80.86236430001196,pobre,0,2,750.0,688.0,1.0,45.0,6,190,27296,0,1.0
98,1.0,0.0,2.26,1.0,1.0,8,80.86236430001196,80.86236430001196,pobre,0,2,750.0,688.0,1.0,45.0,7,190,27296,0,1.0
97,1.0,0.0,2.26,1.0,3.0,4,80.86236430001196,80.86236430001196,pobre,0,2,41.666668,636.0,1.0,54.0,10,190,27297,3,1.0
98,1.0,0.0,2.26,,,4,80.86236430001196,80.86236430001196,pobre,0,2,41.666668,636.0,1.0,54.0,11,190,27297,3,1.0
97,1.0,0.0,2.26,1.0,0.0,4,80.86236430001196,80.86236430001196,pobre,0,2,41.666668,636.0,1.0,54.0,7,190,27298,0,1.0
98,1.0,0.0,2.26,,,4,80.86236430001196,80.86236430001196,pobre,0,2,41.666668,636.0,1.0,54.0,8,190,27298,0,1.0
97,0.0,0.0,2.26,0.0,6.0,7,80.86236430001196,80.86236430001196,pobre,0,3,750.0,552.0,1.0,51.0,14,190,27299,6,0.0
98,0.0,0.0,2.26,0.0,6.0,7,80.86236430001196,80.86236430001196,pobre,0,3,750.0,552.0,1.0,51.0,15,190,27299,6,0.0
97,1.0,0.0,2.26,1.0,5.0,7,80.86236430001196,80.86236430001196,pobre,0,3,750.0,552.0,1.0,51.0,12,190,27300,5,1.0
98,1.0,0.0,2.26,0.0,6.0,7,80.86236430001196,80.86236430001196,pobre,0,3,750.0,552.0,1.0,51.0,13,190,27300,5,1.0
97,1.0,0.0,2.26,1.0,1.0,7,80.86236430001196,80.86236430001196,pobre,0,3,750.0,552.0,1.0,51.0,9,190,27301,1,1.0
98,1.0,0.0,2.26,1.0,2.0,7,80.86236430001196,80.86236430001196,pobre,0,3,750.0,552.0,1.0,51.0,10,190,27301,1,1.0
97,0.0,0.0,2.26,1.0,0.0,7,80.86236430001196,80.86236430001196,pobre,0,3,750.0,552.0,1.0,51.0,6,190,27302,0,1.0
98,0.0,0.0,2.26,1.0,1.0,7,80.86236430001196,80.86236430001196,pobre,0,3,750.0,552.0,1.0,51.0,7,190,27302,0,1.0
97,1.0,0.0,2.26,0.0,6.0,5,80.86236430001196,80.86236430001196,no pobre,0,2,750.0,768.75,1.0,60.0,16,190,27303,6,0.0
98,1.0,0.0,2.26,,,5,80.86236430001196,80.86236430001196,no pobre,0,2,750.0,768.75,1.0,60.0,17,190,27303,6,0.0
97,0.0,0.0,2.26,1.0,1.0,9,80.86236430001196,80.86236430001196,pobre,0,0,750.0,624.5,0.0,70.0,7,190,27304,1,1.0
98,0.0,0.0,2.26,1.0,2.0,9,80.86236430001196,80.86236430001196,pobre,0,0,750.0,624.5,0.0,70.0,8,190,27304,1,1.0
97,1.0,0.0,2.26,0.0,5.0,9,80.86236430001196,80.86236430001196,pobre,0,0,750.0,624.5,0.0,70.0,15,190,27305,5,0.0
98,1.0,0.0,2.26,0.0,6.0,9,80.86236430001196,80.86236430001196,pobre,0,0,750.0,624.5,0.0,70.0,16,190,27305,5,0.0
97,0.0,0.0,2.26,0.0,5.0,9,80.86236430001196,80.86236430001196,pobre,0,0,750.0,624.5,0.0,70.0,13,190,27306,5,0.0
98,0.0,0.0,2.26,1.0,5.0,9,80.86236430001196,80.86236430001196,pobre,0,0,750.0,624.5,0.0,70.0,14,190,27306,5,0.0
97,1.0,0.0,2.26,1.0,0.0,9,80.86236430001196,80.86236430001196,pobre,0,0,750.0,624.5,0.0,70.0,6,190,27307,0,1.0
98,1.0,0.0,2.26,1.0,0.0,9,80.86236430001196,80.86236430001196,pobre,0,0,750.0,624.5,0.0,70.0,7,190,27307,0,1.0
97,0.0,0.0,2.26,0.0,6.0,4,80.86236430001196,80.86236430001196,pobre,0,0,83.333336,732.0,1.0,74.0,14,190,27308,6,0.0
98,0.0,0.0,2.26,1.0,7.0,4,80.86236430001196,80.86236430001196,pobre,0,0,83.333336,732.0,1.0,74.0,15,190,27308,6,0.0
97,1.0,0.0,2.26,1.0,8.0,5,80.86236430001196,80.86236430001196,pobre,0,3,83.333336,668.75,1.0,48.0,15,190,27309,8,1.0
98,1.0,0.0,2.26,,,5,80.86236430001196,80.86236430001196,pobre,0,3,83.333336,668.75,1.0,48.0,16,190,27309,8,1.0
97,1.0,0.0,2.26,1.0,6.0,5,80.86236430001196,80.86236430001196,pobre,0,3,83.333336,668.75,1.0,48.0,13,190,27310,6,1.0
98,1.0,0.0,2.26,,,5,80.86236430001196,80.86236430001196,pobre,0,3,83.333336,668.75,1.0,48.0,14,190,27310,6,1.0
97,1.0,0.0,2.26,1.0,5.0,5,80.86236430001196,80.86236430001196,pobre,0,3,83.333336,668.75,1.0,48.0,11,190,27311,5,1.0
98,1.0,0.0,2.26,,,5,80.86236430001196,80.86236430001196,pobre,0,3,83.333336,668.75,1.0,48.0,12,190,27311,5,1.0
97,1.0,0.0,2.26,0.0,5.0,2,80.86236430001196,80.86236430001196,pobre,0,0,0.0,752.0,0.0,89.0,16,190,27312,5,0.0
98,1.0,0.0,2.26,,,2,80.86236430001196,80.86236430001196,pobre,0,0,0.0,752.0,0.0,89.0,17,190,27312,5,0.0
97,1.0,0.0,2.26,1.0,1.0,7,80.86236430001196,80.86236430001196,pobre,0,2,750.0,556.5,1.0,30.0,8,190,27313,1,1.0
98,1.0,0.0,2.26,1.0,2.0,7,80.86236430001196,80.86236430001196,pobre,0,2,750.0,556.5,1.0,30.0,9,190,27313,1,1.0
97,0.0,0.0,2.26,,0.0,7,80.86236430001196,80.86236430001196,pobre,0,2,750.0,556.5,1.0,30.0,7,190,27314,0,
98,0.0,0.0,2.26,1.0,1.0,7,80.86236430001196,80.86236430001196,pobre,0,2,750.0,556.5,1.0,30.0,8,190,27314,0,
97,1.0,0.0,2.26,1.0,1.0,7,80.86236430001196,80.86236430001196,pobre,0,2,750.0,556.5,1.0,30.0,6,190,27315,1,1.0
98,1.0,0.0,2.26,1.0,2.0,7,80.86236430001196,80.86236430001196,pobre,0,2,750.0,556.5,1.0,30.0,7,190,27315,1,1.0
97,1.0,0.0,2.26,1.0,5.0,6,80.86236430001196,80.86236430001196,pobre,0,6,750.0,607.0,1.0,39.0,12,190,27316,5,1.0
98,1.0,0.0,2.26,,,6,80.86236430001196,80.86236430001196,pobre,0,6,750.0,607.0,1.0,39.0,13,190,27316,5,1.0
97,0.0,0.0,2.26,1.0,1.0,6,80.86236430001196,80.86236430001196,pobre,0,6,750.0,607.0,1.0,39.0,7,190,27317,1,1.0
98,0.0,0.0,2.26,,,6,80.86236430001196,80.86236430001196,pobre,0,6,750.0,607.0,1.0,39.0,8,190,27317,1,1.0
97,0.0,0.0,2.303,0.0,9.0,13,131.2267672554581,159.1624789367596,pobre,basal,1,600.0,657.5,1.0,43.0,16,230,27318,9,0.0
98,0.0,0.0,2.303,,,13,131.2267672554581,159.1624789367596,pobre,basal,1,600.0,657.5,1.0,43.0,17,230,27318,9,0.0
97,0.0,0.0,2.303,1.0,8.0,13,131.2267672554581,159.1624789367596,pobre,basal,1,600.0,657.5,1.0,43.0,15,230,27319,8,1.0
98,0.0,0.0,2.303,,,13,131.2267672554581,159.1624789367596,pobre,basal,1,600.0,657.5,1.0,43.0,16,230,27319,8,1.0
97,0.0,0.0,2.303,0.0,6.0,13,131.2267672554581,159.1624789367596,pobre,basal,1,600.0,657.5,1.0,43.0,12,230,27320,6,0.0
98,0.0,0.0,2.303,1.0,7.0,13,131.2267672554581,159.1624789367596,pobre,basal,1,600.0,657.5,1.0,43.0,13,230,27320,6,0.0
97,0.0,0.0,2.303,1.0,5.0,13,131.2267672554581,159.1624789367596,pobre,basal,1,600.0,657.5,1.0,43.0,11,230,27321,5,1.0
98,0.0,0.0,2.303,1.0,6.0,13,131.2267672554581,159.1624789367596,pobre,basal,1,600.0,657.5,1.0,43.0,12,230,27321,5,1.0
97,0.0,0.0,2.303,1.0,1.0,13,131.2267672554581,159.1624789367596,pobre,basal,1,600.0,657.5,1.0,43.0,9,230,27322,1,1.0
98,0.0,0.0,2.303,1.0,3.0,13,131.2267672554581,159.1624789367596,pobre,basal,1,600.0,657.5,1.0,43.0,10,230,27322,1,1.0
97,0.0,0.0,2.303,1.0,0.0,13,131.2267672554581,159.1624789367596,pobre,basal,1,600.0,657.5,1.0,43.0,7,230,27323,0,1.0
98,0.0,0.0,2.303,1.0,1.0,13,131.2267672554581,159.1624789367596,pobre,basal,1,600.0,657.5,1.0,43.0,8,230,27323,0,1.0
97,0.0,0.0,2.26,1.0,6.0,7,80.86236430001196,80.86236430001196,pobre,0,2,750.0,725.0,1.0,48.0,12,190,27324,6,1.0
98,0.0,0.0,2.26,1.0,6.0,7,80.86236430001196,80.86236430001196,pobre,0,2,750.0,725.0,1.0,48.0,13,190,27324,6,1.0
97,0.0,0.0,2.26,1.0,0.0,7,80.86236430001196,80.86236430001196,pobre,0,2,750.0,725.0,1.0,48.0,7,190,27325,0,1.0
98,0.0,0.0,2.26,1.0,1.0,7,80.86236430001196,80.86236430001196,pobre,0,2,750.0,725.0,1.0,48.0,8,190,27325,0,1.0
97,1.0,0.0,2.26,1.0,3.0,7,80.86236430001196,80.86236430001196,pobre,0,2,750.0,725.0,1.0,48.0,9,190,27326,3,1.0
98,1.0,0.0,2.26,1.0,4.0,7,80.86236430001196,80.86236430001196,pobre,0,2,750.0,725.0,1.0,48.0,10,190,27326,3,1.0
97,0.0,0.0,2.26,0.0,6.0,14,80.86236430001196,80.86236430001196,pobre,0,2,83.333336,530.0,1.0,44.0,15,190,27327,6,0.0
98,0.0,0.0,2.26,0.0,6.0,14,80.86236430001196,80.86236430001196,pobre,0,2,83.333336,530.0,1.0,44.0,16,190,27327,6,0.0
97,0.0,0.0,2.26,1.0,6.0,14,80.86236430001196,80.86236430001196,pobre,0,2,83.333336,530.0,1.0,44.0,13,190,27328,6,1.0
98,0.0,0.0,2.26,0.0,6.0,14,80.86236430001196,80.86236430001196,pobre,0,2,83.333336,530.0,1.0,44.0,14,190,27328,6,1.0
97,1.0,0.0,2.26,1.0,2.0,14,80.86236430001196,80.86236430001196,pobre,0,2,83.333336,530.0,1.0,44.0,10,190,27329,2,1.0
98,1.0,0.0,2.26,1.0,5.0,14,80.86236430001196,80.86236430001196,pobre,0,2,83.333336,530.0,1.0,44.0,11,190,27329,2,1.0
97,1.0,0.0,2.26,1.0,1.0,14,80.86236430001196,80.86236430001196,pobre,0,2,83.333336,530.0,1.0,44.0,7,190,27330,1,1.0
98,1.0,0.0,2.26,1.0,2.0,14,80.86236430001196,80.86236430001196,pobre,0,2,83.333336,530.0,1.0,44.0,8,190,27330,1,1.0
97,1.0,0.0,2.26,,0.0,14,80.86236430001196,80.86236430001196,pobre,0,2,83.333336,530.0,1.0,44.0,6,190,27331,0,
98,1.0,0.0,2.26,1.0,0.0,14,80.86236430001196,80.86236430001196,pobre,0,2,83.333336,530.0,1.0,44.0,7,190,27331,0,
97,0.0,0.0,2.26,0.0,6.0,10,80.86236430001196,80.86236430001196,pobre,0,0,50.0,600.5,1.0,39.0,15,190,27332,6,0.0
98,0.0,0.0,2.26,0.0,6.0,10,80.86236430001196,80.86236430001196,pobre,0,0,50.0,600.5,1.0,39.0,16,190,27332,6,0.0
97,0.0,0.0,2.26,1.0,6.0,10,80.86236430001196,80.86236430001196,pobre,0,0,50.0,600.5,1.0,39.0,13,190,27333,6,1.0
98,0.0,0.0,2.26,0.0,6.0,10,80.86236430001196,80.86236430001196,pobre,0,0,50.0,600.5,1.0,39.0,14,190,27333,6,1.0
97,0.0,0.0,2.26,1.0,5.0,10,80.86236430001196,80.86236430001196,pobre,0,0,50.0,600.5,1.0,39.0,11,190,27334,5,1.0
98,0.0,0.0,2.26,0.0,6.0,10,80.86236430001196,80.86236430001196,pobre,0,0,50.0,600.5,1.0,39.0,12,190,27334,5,1.0
97,0.0,0.0,2.26,1.0,2.0,10,80.86236430001196,80.86236430001196,pobre,0,0,50.0,600.5,1.0,39.0,8,190,27335,2,1.0
98,0.0,0.0,2.26,1.0,3.0,10,80.86236430001196,80.86236430001196,pobre,0,0,50.0,600.5,1.0,39.0,9,190,27335,2,1.0
97,0.0,0.0,2.26,,0.0,10,80.86236430001196,80.86236430001196,pobre,0,0,50.0,600.5,1.0,39.0,6,190,27336,0,
98,0.0,0.0,2.26,1.0,2.0,10,80.86236430001196,80.86236430001196,pobre,0,0,50.0,600.5,1.0,39.0,7,190,27336,0,
97,1.0,0.0,2.26,1.0,6.0,4,80.86236430001196,80.86236430001196,pobre,0,2,16.666666,652.0,1.0,33.0,12,190,27337,6,1.0
98,1.0,0.0,2.26,1.0,7.0,4,80.86236430001196,80.86236430001196,pobre,0,2,16.666666,652.0,1.0,33.0,13,190,27337,6,1.0
97,0.0,0.0,2.26,1.0,2.0,4,80.86236430001196,80.86236430001196,pobre,0,2,16.666666,652.0,1.0,33.0,8,190,27338,2,1.0
98,0.0,0.0,2.26,1.0,3.0,4,80.86236430001196,80.86236430001196,pobre,0,2,16.666666,652.0,1.0,33.0,9,190,27338,2,1.0
97,0.0,0.0,2.26,1.0,5.0,8,80.86236430001196,80.86236430001196,pobre,0,5,0.0,458.0,1.0,33.0,11,190,27339,5,1.0
98,0.0,0.0,2.26,1.0,6.0,8,80.86236430001196,80.86236430001196,pobre,0,5,0.0,458.0,1.0,33.0,12,190,27339,5,1.0
97,0.0,0.0,2.26,1.0,3.0,8,80.86236430001196,80.86236430001196,pobre,0,5,0.0,458.0,1.0,33.0,9,190,27340,3,1.0
98,0.0,0.0,2.26,1.0,4.0,8,80.86236430001196,80.86236430001196,pobre,0,5,0.0,458.0,1.0,33.0,10,190,27340,3,1.0
97,1.0,0.0,2.26,1.0,2.0,8,80.86236430001196,80.86236430001196,pobre,0,5,0.0,458.0,1.0,33.0,8,190,27341,2,1.0
98,1.0,0.0,2.26,1.0,3.0,8,80.86236430001196,80.86236430001196,pobre,0,5,0.0,458.0,1.0,33.0,9,190,27341,2,1.0
97,1.0,0.0,2.26,1.0,0.0,8,80.86236430001196,80.86236430001196,pobre,0,5,0.0,458.0,1.0,33.0,6,190,27342,0,1.0
98,1.0,0.0,2.26,1.0,1.0,8,80.86236430001196,80.86236430001196,pobre,0,5,0.0,458.0,1.0,33.0,7,190,27342,0,1.0
97,0.0,0.0,2.303,0.0,6.0,8,131.2267672554581,159.1624789367596,pobre,basal,0,600.0,768.0,1.0,53.0,16,230,27343,6,0.0
98,0.0,0.0,2.303,1.0,6.0,8,131.2267672554581,159.1624789367596,pobre,basal,0,600.0,768.0,1.0,53.0,17,230,27343,6,0.0
97,1.0,0.0,2.303,1.0,3.0,8,131.2267672554581,159.1624789367596,pobre,basal,0,600.0,768.0,1.0,53.0,11,230,27344,3,1.0
98,1.0,0.0,2.303,1.0,5.0,8,131.2267672554581,159.1624789367596,pobre,basal,0,600.0,768.0,1.0,53.0,12,230,27344,3,1.0
97,1.0,0.0,2.303,1.0,1.0,8,131.2267672554581,159.1624789367596,pobre,basal,0,600.0,768.0,1.0,53.0,9,230,27345,1,1.0
98,1.0,0.0,2.303,1.0,3.0,8,131.2267672554581,159.1624789367596,pobre,basal,0,600.0,768.0,1.0,53.0,10,230,27345,1,1.0
97,0.0,1.0,2.303,1.0,8.0,8,131.2267672554581,159.1624789367596,pobre,basal,0,750.0,556.0,1.0,31.0,16,230,27346,8,1.0
98,0.0,1.0,2.303,,,8,131.2267672554581,159.1624789367596,pobre,basal,0,750.0,556.0,1.0,31.0,17,230,27346,8,1.0
97,1.0,1.0,2.303,1.0,8.0,8,131.2267672554581,159.1624789367596,pobre,basal,0,750.0,556.0,1.0,31.0,14,230,27347,8,1.0
98,1.0,1.0,2.303,0.0,9.0,8,131.2267672554581,159.1624789367596,pobre,basal,0,750.0,556.0,1.0,31.0,15,230,27347,8,1.0
97,0.0,0.0,2.303,1.0,6.0,8,131.2267672554581,159.1624789367596,pobre,basal,0,750.0,556.0,1.0,31.0,13,230,27348,6,1.0
98,0.0,0.0,2.303,1.0,7.0,8,131.2267672554581,159.1624789367596,pobre,basal,0,750.0,556.0,1.0,31.0,14,230,27348,6,1.0
97,0.0,0.0,2.303,1.0,1.0,8,131.2267672554581,159.1624789367596,pobre,basal,0,750.0,556.0,1.0,31.0,7,230,27349,1,1.0
98,0.0,0.0,2.303,1.0,1.0,8,131.2267672554581,159.1624789367596,pobre,basal,0,750.0,556.0,1.0,31.0,8,230,27349,1,1.0
97,0.0,0.0,2.303,1.0,1.0,8,131.2267672554581,159.1624789367596,pobre,basal,0,750.0,556.0,1.0,31.0,6,230,27350,1,1.0
98,0.0,0.0,2.303,1.0,1.0,8,131.2267672554581,159.1624789367596,pobre,basal,0,750.0,556.0,1.0,31.0,7,230,27350,1,1.0
97,1.0,0.0,2.303,1.0,0.0,4,131.2267672554581,159.1624789367596,pobre,basal,0,750.0,617.0,1.0,28.0,6,230,27351,0,1.0
98,1.0,0.0,2.303,1.0,1.0,4,131.2267672554581,159.1624789367596,pobre,basal,0,750.0,617.0,1.0,28.0,7,230,27351,0,1.0
97,1.0,0.0,2.303,,0.0,8,131.2267672554581,159.1624789367596,pobre,basal,6,750.0,552.66998,1.0,48.0,13,230,27352,0,
98,1.0,0.0,2.303,,,8,131.2267672554581,159.1624789367596,pobre,basal,6,750.0,552.66998,1.0,48.0,14,230,27352,0,
97,1.0,0.0,2.303,,0.0,8,131.2267672554581,159.1624789367596,pobre,basal,6,750.0,552.66998,1.0,48.0,6,230,27353,0,
98,1.0,0.0,2.303,,,8,131.2267672554581,159.1624789367596,pobre,basal,6,750.0,552.66998,1.0,48.0,7,230,27353,0,
97,1.0,0.0,2.26,1.0,8.0,3,80.86236430001196,80.86236430001196,pobre,0,3,720.0,766.5,1.0,55.0,13,190,27354,8,1.0
98,1.0,0.0,2.26,1.0,8.0,3,80.86236430001196,80.86236430001196,pobre,0,3,720.0,766.5,1.0,55.0,14,190,27354,8,1.0
97,1.0,0.0,2.26,0.0,5.0,7,80.86236430001196,80.86236430001196,pobre,0,3,720.0,510.0,1.0,36.0,15,190,27355,5,0.0
98,1.0,0.0,2.26,,,7,80.86236430001196,80.86236430001196,pobre,0,3,720.0,510.0,1.0,36.0,16,190,27355,5,0.0
97,1.0,0.0,2.26,0.0,3.0,7,80.86236430001196,80.86236430001196,pobre,0,3,720.0,510.0,1.0,36.0,11,190,27356,3,0.0
98,1.0,0.0,2.26,1.0,4.0,7,80.86236430001196,80.86236430001196,pobre,0,3,720.0,510.0,1.0,36.0,12,190,27356,3,0.0
97,0.0,0.0,2.26,1.0,3.0,7,80.86236430001196,80.86236430001196,pobre,0,3,720.0,510.0,1.0,36.0,10,190,27357,3,1.0
98,0.0,0.0,2.26,1.0,3.0,7,80.86236430001196,80.86236430001196,pobre,0,3,720.0,510.0,1.0,36.0,11,190,27357,3,1.0
97,0.0,0.0,2.26,1.0,3.0,8,80.86236430001196,80.86236430001196,pobre,0,3,2125.0,685.0,1.0,20.0,12,190,27358,3,1.0
98,0.0,0.0,2.26,,,8,80.86236430001196,80.86236430001196,pobre,0,3,2125.0,685.0,1.0,20.0,13,190,27358,3,1.0
97,0.0,0.0,2.26,1.0,2.0,8,80.86236430001196,80.86236430001196,pobre,0,3,2125.0,685.0,1.0,20.0,11,190,27359,2,1.0
98,0.0,0.0,2.26,,,8,80.86236430001196,80.86236430001196,pobre,0,3,2125.0,685.0,1.0,20.0,12,190,27359,2,1.0
97,0.0,0.0,2.26,1.0,3.0,7,80.86236430001196,80.86236430001196,pobre,0,0,720.0,706.0,1.0,43.0,8,190,27360,3,1.0
98,0.0,0.0,2.26,1.0,3.0,7,80.86236430001196,80.86236430001196,pobre,0,0,720.0,706.0,1.0,43.0,9,190,27360,3,1.0
97,1.0,0.0,2.26,1.0,1.0,7,80.86236430001196,80.86236430001196,pobre,0,0,720.0,706.0,1.0,43.0,7,190,27361,1,1.0
98,1.0,0.0,2.26,1.0,2.0,7,80.86236430001196,80.86236430001196,pobre,0,0,720.0,706.0,1.0,43.0,8,190,27361,1,1.0
97,1.0,0.0,2.26,1.0,8.0,8,80.86236430001196,80.86236430001196,pobre,0,2,83.333336,520.0,1.0,49.0,16,190,27362,8,1.0
98,1.0,0.0,2.26,,,8,80.86236430001196,80.86236430001196,pobre,0,2,83.333336,520.0,1.0,49.0,17,190,27362,8,1.0
97,0.0,0.0,2.26,1.0,8.0,8,80.86236430001196,80.86236430001196,pobre,0,2,83.333336,520.0,1.0,49.0,14,190,27363,8,1.0
98,0.0,0.0,2.26,,,8,80.86236430001196,80.86236430001196,pobre,0,2,83.333336,520.0,1.0,49.0,15,190,27363,8,1.0
97,1.0,0.0,2.26,1.0,1.0,8,80.86236430001196,80.86236430001196,pobre,0,2,83.333336,520.0,1.0,49.0,9,190,27364,1,1.0
98,1.0,0.0,2.26,1.0,2.0,8,80.86236430001196,80.86236430001196,pobre,0,2,83.333336,520.0,1.0,49.0,10,190,27364,1,1.0
97,1.0,0.0,2.26,1.0,4.0,8,80.86236430001196,80.86236430001196,pobre,0,2,83.333336,520.0,1.0,49.0,12,190,27365,4,1.0
98,1.0,0.0,2.26,1.0,5.0,8,80.86236430001196,80.86236430001196,pobre,0,2,83.333336,520.0,1.0,49.0,13,190,27365,4,1.0
97,1.0,0.0,2.26,1.0,0.0,8,80.86236430001196,80.86236430001196,pobre,0,2,83.333336,520.0,1.0,49.0,7,190,27366,0,1.0
98,1.0,0.0,2.26,1.0,1.0,8,80.86236430001196,80.86236430001196,pobre,0,2,83.333336,520.0,1.0,49.0,8,190,27366,0,1.0
97,1.0,0.0,0.97299999,1.0,6.0,4,73.11396693220289,95.08391936905932,pobre,0,12,0.0,635.0,1.0,56.0,10,195,27367,6,1.0
98,1.0,0.0,0.97299999,1.0,7.0,4,73.11396693220289,95.08391936905932,pobre,0,12,0.0,635.0,1.0,56.0,11,195,27367,6,1.0
97,1.0,0.0,0.97299999,1.0,5.0,4,73.11396693220289,95.08391936905932,pobre,0,12,0.0,635.0,1.0,56.0,9,195,27368,5,1.0
98,1.0,0.0,0.97299999,1.0,6.0,4,73.11396693220289,95.08391936905932,pobre,0,12,0.0,635.0,1.0,56.0,10,195,27368,5,1.0
97,0.0,0.0,1.2029999,1.0,8.0,7,119.4435617739502,149.0682452891162,no pobre,basal,6,1000.0,870.5,1.0,44.0,15,259,27369,8,1.0
98,0.0,0.0,1.2029999,0.0,9.0,7,119.4435617739502,149.0682452891162,no pobre,basal,6,1000.0,870.5,1.0,44.0,16,259,27369,8,1.0
97,0.0,0.0,1.2029999,1.0,6.0,7,119.4435617739502,149.0682452891162,no pobre,basal,6,1000.0,870.5,1.0,44.0,13,259,27370,6,1.0
98,0.0,0.0,1.2029999,1.0,7.0,7,119.4435617739502,149.0682452891162,no pobre,basal,6,1000.0,870.5,1.0,44.0,14,259,27370,6,1.0
97,0.0,0.0,1.2029999,1.0,5.0,7,119.4435617739502,149.0682452891162,no pobre,basal,6,1000.0,870.5,1.0,44.0,11,259,27371,5,1.0
98,0.0,0.0,1.2029999,1.0,6.0,7,119.4435617739502,149.0682452891162,no pobre,basal,6,1000.0,870.5,1.0,44.0,12,259,27371,5,1.0
97,1.0,0.0,1.2029999,1.0,3.0,7,119.4435617739502,149.0682452891162,no pobre,basal,6,1000.0,870.5,1.0,44.0,10,259,27372,3,1.0
98,1.0,0.0,1.2029999,1.0,4.0,7,119.4435617739502,149.0682452891162,no pobre,basal,6,1000.0,870.5,1.0,44.0,11,259,27372,3,1.0
97,1.0,0.0,1.2029999,0.0,9.0,5,119.4435617739502,149.0682452891162,pobre,basal,6,750.0,723.0,1.0,47.0,15,259,27373,9,0.0
98,1.0,0.0,1.2029999,1.0,8.0,5,119.4435617739502,149.0682452891162,pobre,basal,6,750.0,723.0,1.0,47.0,16,259,27373,9,0.0
97,0.0,0.0,1.2029999,0.0,3.0,5,119.4435617739502,149.0682452891162,pobre,basal,6,750.0,723.0,1.0,47.0,12,259,27374,3,0.0
98,0.0,0.0,1.2029999,1.0,3.0,5,119.4435617739502,149.0682452891162,pobre,basal,6,750.0,723.0,1.0,47.0,13,259,27374,3,0.0
97,0.0,0.0,3.8269999,1.0,7.0,6,130.9127790892084,160.195299738786,pobre,0,4,800.0,641.0,1.0,40.0,15,229,27375,7,1.0
98,0.0,0.0,3.8269999,1.0,8.0,6,130.9127790892084,160.195299738786,pobre,0,4,800.0,641.0,1.0,40.0,16,229,27375,7,1.0
97,0.0,0.0,3.8269999,1.0,7.0,6,130.9127790892084,160.195299738786,pobre,0,4,800.0,641.0,1.0,40.0,13,229,27376,7,1.0
98,0.0,0.0,3.8269999,1.0,8.0,6,130.9127790892084,160.195299738786,pobre,0,4,800.0,641.0,1.0,40.0,14,229,27376,7,1.0
97,1.0,0.0,3.8269999,1.0,3.0,6,130.9127790892084,160.195299738786,pobre,0,4,800.0,641.0,1.0,40.0,8,229,27377,3,1.0
98,1.0,0.0,3.8269999,1.0,4.0,6,130.9127790892084,160.195299738786,pobre,0,4,800.0,641.0,1.0,40.0,9,229,27377,3,1.0
97,1.0,0.0,3.8269999,0.0,6.0,5,130.9127790892084,160.195299738786,pobre,0,4,600.0,709.66998,1.0,36.0,16,229,27378,6,0.0
98,1.0,0.0,3.8269999,,,5,130.9127790892084,160.195299738786,pobre,0,4,600.0,709.66998,1.0,36.0,17,229,27378,6,0.0
97,0.0,0.0,3.8269999,1.0,1.0,5,130.9127790892084,160.195299738786,pobre,0,4,600.0,709.66998,1.0,36.0,6,229,27379,1,1.0
98,0.0,0.0,3.8269999,1.0,1.0,5,130.9127790892084,160.195299738786,pobre,0,4,600.0,709.66998,1.0,36.0,7,229,27379,1,1.0
97,0.0,0.0,3.8269999,1.0,7.0,5,130.9127790892084,160.195299738786,pobre,0,2,800.0,869.5,1.0,40.0,16,229,27380,7,1.0
98,0.0,0.0,3.8269999,,,5,130.9127790892084,160.195299738786,pobre,0,2,800.0,869.5,1.0,40.0,17,229,27380,7,1.0
97,0.0,0.0,3.8269999,1.0,7.0,5,130.9127790892084,160.195299738786,pobre,0,2,800.0,869.5,1.0,40.0,14,229,27381,7,1.0
98,0.0,0.0,3.8269999,1.0,8.0,5,130.9127790892084,160.195299738786,pobre,0,2,800.0,869.5,1.0,40.0,15,229,27381,7,1.0
97,1.0,0.0,3.8269999,1.0,7.0,6,130.9127790892084,160.195299738786,pobre,0,3,1200.0,680.5,1.0,45.0,13,229,27382,7,1.0
98,1.0,0.0,3.8269999,1.0,8.0,6,130.9127790892084,160.195299738786,pobre,0,3,1200.0,680.5,1.0,45.0,14,229,27382,7,1.0
97,0.0,0.0,3.8269999,1.0,5.0,6,130.9127790892084,160.195299738786,pobre,0,3,1200.0,680.5,1.0,45.0,11,229,27383,5,1.0
98,0.0,0.0,3.8269999,1.0,6.0,6,130.9127790892084,160.195299738786,pobre,0,3,1200.0,680.5,1.0,45.0,12,229,27383,5,1.0
97,1.0,0.0,3.8269999,0.0,6.0,5,130.9127790892084,160.195299738786,no pobre,0,6,600.0,869.5,1.0,24.0,16,229,27384,6,0.0
98,1.0,0.0,3.8269999,,,5,130.9127790892084,160.195299738786,no pobre,0,6,600.0,869.5,1.0,24.0,17,229,27384,6,0.0
97,0.0,0.0,0.97299999,1.0,3.0,6,73.11396693220289,95.08391936905932,pobre,0,3,600.0,607.0,1.0,47.0,9,195,27385,3,1.0
98,0.0,0.0,0.97299999,1.0,4.0,6,73.11396693220289,95.08391936905932,pobre,0,3,600.0,607.0,1.0,47.0,10,195,27385,3,1.0
97,1.0,0.0,0.97299999,1.0,1.0,6,73.11396693220289,95.08391936905932,pobre,0,3,600.0,607.0,1.0,47.0,7,195,27386,1,1.0
98,1.0,0.0,0.97299999,1.0,2.0,6,73.11396693220289,95.08391936905932,pobre,0,3,600.0,607.0,1.0,47.0,8,195,27386,1,1.0
97,1.0,0.0,3.8269999,0.0,9.0,9,130.9127790892084,160.195299738786,pobre,0,4,416.66666,742.25,1.0,44.0,16,229,27387,9,0.0
98,1.0,0.0,3.8269999,,,9,130.9127790892084,160.195299738786,pobre,0,4,416.66666,742.25,1.0,44.0,17,229,27387,9,0.0
97,1.0,0.0,3.8269999,1.0,7.0,9,130.9127790892084,160.195299738786,pobre,0,4,416.66666,742.25,1.0,44.0,14,229,27388,7,1.0
98,1.0,0.0,3.8269999,1.0,8.0,9,130.9127790892084,160.195299738786,pobre,0,4,416.66666,742.25,1.0,44.0,15,229,27388,7,1.0
97,0.0,0.0,3.8269999,0.0,6.0,9,130.9127790892084,160.195299738786,pobre,0,4,416.66666,742.25,1.0,44.0,12,229,27389,6,0.0
98,0.0,0.0,3.8269999,1.0,6.0,9,130.9127790892084,160.195299738786,pobre,0,4,416.66666,742.25,1.0,44.0,13,229,27389,6,0.0
97,1.0,0.0,3.8269999,1.0,1.0,9,130.9127790892084,160.195299738786,pobre,0,4,416.66666,742.25,1.0,44.0,7,229,27390,1,1.0
98,1.0,0.0,3.8269999,1.0,2.0,9,130.9127790892084,160.195299738786,pobre,0,4,416.66666,742.25,1.0,44.0,8,229,27390,1,1.0
97,1.0,0.0,3.8269999,1.0,2.0,5,130.9127790892084,160.195299738786,pobre,0,4,250.0,583.0,1.0,36.0,8,229,27391,2,1.0
98,1.0,0.0,3.8269999,1.0,3.0,5,130.9127790892084,160.195299738786,pobre,0,4,250.0,583.0,1.0,36.0,9,229,27391,2,1.0
97,0.0,0.0,3.8269999,0.0,5.0,4,130.9127790892084,160.195299738786,pobre,0,4,250.0,819.0,1.0,64.0,16,229,27392,5,0.0
98,0.0,0.0,3.8269999,,,4,130.9127790892084,160.195299738786,pobre,0,4,250.0,819.0,1.0,64.0,17,229,27392,5,0.0
97,0.0,0.0,3.8269999,1.0,4.0,4,130.9127790892084,160.195299738786,pobre,0,4,250.0,819.0,1.0,64.0,13,229,27393,4,1.0
98,0.0,0.0,3.8269999,1.0,5.0,4,130.9127790892084,160.195299738786,pobre,0,4,250.0,819.0,1.0,64.0,14,229,27393,4,1.0
97,1.0,0.0,3.8269999,1.0,4.0,7,130.9127790892084,160.195299738786,pobre,0,0,1250.0,761.33002,1.0,48.0,14,229,27394,4,1.0
98,1.0,0.0,3.8269999,1.0,5.0,7,130.9127790892084,160.195299738786,pobre,0,0,1250.0,761.33002,1.0,48.0,15,229,27394,4,1.0
97,0.0,0.0,3.8269999,1.0,3.0,7,130.9127790892084,160.195299738786,pobre,0,0,1250.0,761.33002,1.0,48.0,10,229,27395,3,1.0
98,0.0,0.0,3.8269999,1.0,4.0,7,130.9127790892084,160.195299738786,pobre,0,0,1250.0,761.33002,1.0,48.0,11,229,27395,3,1.0
97,0.0,0.0,3.8269999,1.0,1.0,7,130.9127790892084,160.195299738786,pobre,0,0,1250.0,761.33002,1.0,48.0,7,229,27396,1,1.0
98,0.0,0.0,3.8269999,1.0,2.0,7,130.9127790892084,160.195299738786,pobre,0,0,1250.0,761.33002,1.0,48.0,8,229,27396,1,1.0
97,0.0,0.0,3.8269999,0.0,3.0,8,130.9127790892084,160.195299738786,pobre,0,3,83.333336,716.0,1.0,39.0,16,229,27397,3,0.0
98,0.0,0.0,3.8269999,,,8,130.9127790892084,160.195299738786,pobre,0,3,83.333336,716.0,1.0,39.0,17,229,27397,3,0.0
97,1.0,0.0,3.8269999,1.0,5.0,8,130.9127790892084,160.195299738786,pobre,0,3,83.333336,716.0,1.0,39.0,14,229,27398,5,1.0
98,1.0,0.0,3.8269999,0.0,6.0,8,130.9127790892084,160.195299738786,pobre,0,3,83.333336,716.0,1.0,39.0,15,229,27398,5,1.0
97,1.0,0.0,3.8269999,1.0,0.0,8,130.9127790892084,160.195299738786,pobre,0,3,83.333336,716.0,1.0,39.0,11,229,27399,0,1.0
98,1.0,0.0,3.8269999,1.0,5.0,8,130.9127790892084,160.195299738786,pobre,0,3,83.333336,716.0,1.0,39.0,12,229,27399,0,1.0
97,0.0,0.0,3.8269999,1.0,3.0,3,130.9127790892084,160.195299738786,pobre,0,1,0.0,663.0,0.0,65.0,15,229,27400,3,1.0
98,0.0,0.0,3.8269999,0.0,3.0,3,130.9127790892084,160.195299738786,pobre,0,1,0.0,663.0,0.0,65.0,16,229,27400,3,1.0
97,0.0,0.0,3.8269999,1.0,6.0,5,130.9127790892084,160.195299738786,pobre,0,9,3333.3333,720.66998,1.0,45.0,12,229,27401,6,1.0
98,0.0,0.0,3.8269999,,,5,130.9127790892084,160.195299738786,pobre,0,9,3333.3333,720.66998,1.0,45.0,13,229,27401,6,1.0
97,1.0,0.0,3.8269999,1.0,2.0,5,130.9127790892084,160.195299738786,pobre,0,9,3333.3333,720.66998,1.0,45.0,8,229,27402,2,1.0
98,1.0,0.0,3.8269999,1.0,3.0,5,130.9127790892084,160.195299738786,pobre,0,9,3333.3333,720.66998,1.0,45.0,9,229,27402,2,1.0
97,1.0,0.0,3.8269999,1.0,3.0,7,130.9127790892084,160.195299738786,pobre,0,1,625.0,603.75,1.0,54.0,16,229,27403,3,1.0
98,1.0,0.0,3.8269999,,,7,130.9127790892084,160.195299738786,pobre,0,1,625.0,603.75,1.0,54.0,17,229,27403,3,1.0
97,0.0,0.0,3.8269999,1.0,3.0,7,130.9127790892084,160.195299738786,pobre,0,1,625.0,603.75,1.0,54.0,12,229,27404,3,1.0
98,0.0,0.0,3.8269999,,,7,130.9127790892084,160.195299738786,pobre,0,1,625.0,603.75,1.0,54.0,13,229,27404,3,1.0
97,0.0,0.0,3.8269999,1.0,1.0,7,130.9127790892084,160.195299738786,pobre,0,1,625.0,603.75,1.0,54.0,8,229,27405,1,1.0
98,0.0,0.0,3.8269999,,,7,130.9127790892084,160.195299738786,pobre,0,1,625.0,603.75,1.0,54.0,9,229,27405,1,1.0
97,0.0,0.0,3.8269999,1.0,0.0,4,130.9127790892084,160.195299738786,pobre,0,4,666.66669,794.0,1.0,24.0,6,229,27406,0,1.0
98,0.0,0.0,3.8269999,1.0,0.0,4,130.9127790892084,160.195299738786,pobre,0,4,666.66669,794.0,1.0,24.0,7,229,27406,0,1.0
97,0.0,0.0,2.2060001,0.0,6.0,3,74.64178136816749,96.61311455025414,pobre,basal,4,120.0,733.0,1.0,41.0,14,180,27407,6,0.0
98,0.0,0.0,2.2060001,1.0,6.0,3,74.64178136816749,96.61311455025414,pobre,basal,4,120.0,733.0,1.0,41.0,15,180,27407,6,0.0
97,1.0,0.0,3.8269999,1.0,5.0,8,130.9127790892084,160.195299738786,pobre,0,4,333.33334,549.0,1.0,37.0,13,229,27408,5,1.0
98,1.0,0.0,3.8269999,1.0,6.0,8,130.9127790892084,160.195299738786,pobre,0,4,333.33334,549.0,1.0,37.0,14,229,27408,5,1.0
97,0.0,0.0,3.8269999,1.0,4.0,8,130.9127790892084,160.195299738786,pobre,0,4,333.33334,549.0,1.0,37.0,11,229,27409,4,1.0
98,0.0,0.0,3.8269999,1.0,5.0,8,130.9127790892084,160.195299738786,pobre,0,4,333.33334,549.0,1.0,37.0,12,229,27409,4,1.0
97,0.0,0.0,3.8269999,1.0,2.0,8,130.9127790892084,160.195299738786,pobre,0,4,333.33334,549.0,1.0,37.0,9,229,27410,2,1.0
98,0.0,0.0,3.8269999,,,8,130.9127790892084,160.195299738786,pobre,0,4,333.33334,549.0,1.0,37.0,10,229,27410,2,1.0
97,0.0,0.0,3.8269999,1.0,1.0,8,130.9127790892084,160.195299738786,pobre,0,4,333.33334,549.0,1.0,37.0,7,229,27411,1,1.0
98,0.0,0.0,3.8269999,1.0,2.0,8,130.9127790892084,160.195299738786,pobre,0,4,333.33334,549.0,1.0,37.0,8,229,27411,1,1.0
97,0.0,0.0,0.97299999,0.0,5.0,8,73.11396693220289,95.08391936905932,pobre,0,0,83.333336,319.0,1.0,34.0,14,195,27412,5,0.0
98,0.0,0.0,0.97299999,0.0,6.0,8,73.11396693220289,95.08391936905932,pobre,0,0,83.333336,319.0,1.0,34.0,15,195,27412,5,0.0
97,1.0,0.0,0.97299999,1.0,2.0,8,73.11396693220289,95.08391936905932,pobre,0,0,83.333336,319.0,1.0,34.0,13,195,27413,2,1.0
98,1.0,0.0,0.97299999,1.0,3.0,8,73.11396693220289,95.08391936905932,pobre,0,0,83.333336,319.0,1.0,34.0,14,195,27413,2,1.0
97,0.0,0.0,0.97299999,1.0,1.0,8,73.11396693220289,95.08391936905932,pobre,0,0,83.333336,319.0,1.0,34.0,11,195,27414,1,1.0
98,0.0,0.0,0.97299999,1.0,2.0,8,73.11396693220289,95.08391936905932,pobre,0,0,83.333336,319.0,1.0,34.0,12,195,27414,1,1.0
97,0.0,0.0,0.97299999,1.0,3.0,8,73.11396693220289,95.08391936905932,pobre,0,0,83.333336,319.0,1.0,34.0,9,195,27415,3,1.0
98,0.0,0.0,0.97299999,1.0,3.0,8,73.11396693220289,95.08391936905932,pobre,0,0,83.333336,319.0,1.0,34.0,10,195,27415,3,1.0
97,0.0,0.0,0.97299999,1.0,1.0,8,73.11396693220289,95.08391936905932,pobre,0,0,83.333336,319.0,1.0,34.0,6,195,27416,1,1.0
98,0.0,0.0,0.97299999,1.0,1.0,8,73.11396693220289,95.08391936905932,pobre,0,0,83.333336,319.0,1.0,34.0,7,195,27416,1,1.0
97,1.0,0.0,0.97299999,1.0,3.0,4,73.11396693220289,95.08391936905932,pobre,0,6,50.0,508.0,1.0,37.0,9,195,27417,3,1.0
98,1.0,0.0,0.97299999,1.0,3.0,4,73.11396693220289,95.08391936905932,pobre,0,6,50.0,508.0,1.0,37.0,10,195,27417,3,1.0
97,0.0,0.0,2.2160001,0.0,6.0,6,128.7705160845048,158.037222685239,pobre,basal,3,750.0,730.0,1.0,41.0,15,231,27418,6,0.0
98,0.0,0.0,2.2160001,0.0,6.0,6,128.7705160845048,158.037222685239,pobre,basal,3,750.0,730.0,1.0,41.0,16,231,27418,6,0.0
97,1.0,0.0,2.2160001,1.0,5.0,6,128.7705160845048,158.037222685239,pobre,basal,3,750.0,730.0,1.0,41.0,11,231,27419,5,1.0
98,1.0,0.0,2.2160001,1.0,6.0,6,128.7705160845048,158.037222685239,pobre,basal,3,750.0,730.0,1.0,41.0,12,231,27419,5,1.0
97,1.0,,0.97299999,1.0,0.0,5,73.11396693220289,95.08391936905932,pobre,0,0,1120.0,631.0,1.0,26.0,6,195,27420,0,1.0
98,1.0,,0.97299999,1.0,0.0,5,73.11396693220289,95.08391936905932,pobre,0,0,1120.0,631.0,1.0,26.0,7,195,27420,0,1.0
97,1.0,0.0,2.2160001,1.0,6.0,5,128.7705160845048,158.037222685239,no pobre,basal,0,333.33334,918.66998,1.0,55.0,13,231,27421,6,1.0
98,1.0,0.0,2.2160001,1.0,7.0,5,128.7705160845048,158.037222685239,no pobre,basal,0,333.33334,918.66998,1.0,55.0,14,231,27421,6,1.0
97,1.0,0.0,2.2160001,1.0,5.0,4,128.7705160845048,158.037222685239,pobre,basal,5,83.333336,718.14001,1.0,45.0,10,231,27422,5,1.0
98,1.0,0.0,2.2160001,1.0,6.0,4,128.7705160845048,158.037222685239,pobre,basal,5,83.333336,718.14001,1.0,45.0,11,231,27422,5,1.0
97,1.0,0.0,2.2160001,0.0,6.0,10,128.7705160845048,158.037222685239,pobre,basal,0,750.0,446.5,1.0,40.0,15,231,27423,6,0.0
98,1.0,0.0,2.2160001,,,10,128.7705160845048,158.037222685239,pobre,basal,0,750.0,446.5,1.0,40.0,16,231,27423,6,0.0
97,1.0,0.0,2.2160001,0.0,2.0,10,128.7705160845048,158.037222685239,pobre,basal,0,750.0,446.5,1.0,40.0,14,231,27424,2,0.0
98,1.0,0.0,2.2160001,0.0,2.0,10,128.7705160845048,158.037222685239,pobre,basal,0,750.0,446.5,1.0,40.0,15,231,27424,2,0.0
97,1.0,0.0,2.2160001,1.0,6.0,10,128.7705160845048,158.037222685239,pobre,basal,0,750.0,446.5,1.0,40.0,12,231,27425,6,1.0
98,1.0,0.0,2.2160001,1.0,1.0,10,128.7705160845048,158.037222685239,pobre,basal,0,750.0,446.5,1.0,40.0,13,231,27425,6,1.0
97,1.0,0.0,2.2160001,1.0,1.0,10,128.7705160845048,158.037222685239,pobre,basal,0,750.0,446.5,1.0,40.0,7,231,27426,1,1.0
98,1.0,0.0,2.2160001,1.0,2.0,10,128.7705160845048,158.037222685239,pobre,basal,0,750.0,446.5,1.0,40.0,8,231,27426,1,1.0
97,1.0,0.0,2.2160001,0.0,9.0,8,128.7705160845048,158.037222685239,pobre,basal,0,250.0,651.66998,1.0,49.0,16,231,27427,9,0.0
98,1.0,0.0,2.2160001,,,8,128.7705160845048,158.037222685239,pobre,basal,0,250.0,651.66998,1.0,49.0,17,231,27427,9,0.0
97,1.0,0.0,2.2160001,1.0,8.0,8,128.7705160845048,158.037222685239,pobre,basal,0,250.0,651.66998,1.0,49.0,13,231,27428,8,1.0
98,1.0,0.0,2.2160001,1.0,8.0,8,128.7705160845048,158.037222685239,pobre,basal,0,250.0,651.66998,1.0,49.0,14,231,27428,8,1.0
97,0.0,0.0,2.2160001,1.0,2.0,8,128.7705160845048,158.037222685239,pobre,basal,0,250.0,651.66998,1.0,49.0,9,231,27429,2,1.0
98,0.0,0.0,2.2160001,1.0,3.0,8,128.7705160845048,158.037222685239,pobre,basal,0,250.0,651.66998,1.0,49.0,10,231,27429,2,1.0
97,0.0,0.0,2.2160001,0.0,9.0,7,128.7705160845048,158.037222685239,pobre,basal,0,500.0,737.5,1.0,41.0,15,231,27430,9,0.0
98,0.0,0.0,2.2160001,,,7,128.7705160845048,158.037222685239,pobre,basal,0,500.0,737.5,1.0,41.0,16,231,27430,9,0.0
97,1.0,0.0,2.2160001,1.0,8.0,7,128.7705160845048,158.037222685239,pobre,basal,0,500.0,737.5,1.0,41.0,12,231,27431,8,1.0
98,1.0,0.0,2.2160001,1.0,8.0,7,128.7705160845048,158.037222685239,pobre,basal,0,500.0,737.5,1.0,41.0,13,231,27431,8,1.0
97,1.0,0.0,2.2160001,1.0,6.0,7,128.7705160845048,158.037222685239,pobre,basal,0,500.0,737.5,1.0,41.0,10,231,27432,6,1.0
98,1.0,0.0,2.2160001,1.0,6.0,7,128.7705160845048,158.037222685239,pobre,basal,0,500.0,737.5,1.0,41.0,11,231,27432,6,1.0
97,0.0,0.0,2.2160001,1.0,1.0,7,128.7705160845048,158.037222685239,pobre,basal,0,500.0,737.5,1.0,41.0,6,231,27433,1,1.0
98,0.0,0.0,2.2160001,1.0,1.0,7,128.7705160845048,158.037222685239,pobre,basal,0,500.0,737.5,1.0,41.0,7,231,27433,1,1.0
97,1.0,0.0,2.2160001,1.0,1.0,3,128.7705160845048,158.037222685239,pobre,basal,0,750.0,614.0,1.0,56.0,7,231,27434,1,1.0
98,1.0,0.0,2.2160001,,,3,128.7705160845048,158.037222685239,pobre,basal,0,750.0,614.0,1.0,56.0,8,231,27434,1,1.0
97,0.0,0.0,2.2160001,1.0,6.0,9,128.7705160845048,158.037222685239,pobre,basal,3,750.0,747.5,1.0,46.0,10,231,27435,6,1.0
98,0.0,0.0,2.2160001,1.0,1.0,9,128.7705160845048,158.037222685239,pobre,basal,3,750.0,747.5,1.0,46.0,11,231,27435,6,1.0
97,1.0,0.0,0.97299999,1.0,6.0,6,73.11396693220289,95.08391936905932,pobre,0,4,166.66667,602.0,1.0,52.0,16,195,27436,6,1.0
98,1.0,0.0,0.97299999,1.0,7.0,6,73.11396693220289,95.08391936905932,pobre,0,4,166.66667,602.0,1.0,52.0,17,195,27436,6,1.0
97,1.0,0.0,0.97299999,1.0,5.0,6,73.11396693220289,95.08391936905932,pobre,0,4,166.66667,602.0,1.0,52.0,14,195,27437,5,1.0
98,1.0,0.0,0.97299999,1.0,6.0,6,73.11396693220289,95.08391936905932,pobre,0,4,166.66667,602.0,1.0,52.0,15,195,27437,5,1.0
97,1.0,0.0,0.97299999,1.0,4.0,6,73.11396693220289,95.08391936905932,pobre,0,4,166.66667,602.0,1.0,52.0,12,195,27438,4,1.0
98,1.0,0.0,0.97299999,1.0,5.0,6,73.11396693220289,95.08391936905932,pobre,0,4,166.66667,602.0,1.0,52.0,13,195,27438,4,1.0
97,0.0,0.0,0.97299999,1.0,2.0,6,73.11396693220289,95.08391936905932,pobre,0,4,166.66667,602.0,1.0,52.0,9,195,27439,2,1.0
98,0.0,0.0,0.97299999,1.0,3.0,6,73.11396693220289,95.08391936905932,pobre,0,4,166.66667,602.0,1.0,52.0,10,195,27439,2,1.0
97,1.0,0.0,0.97299999,1.0,1.0,7,73.11396693220289,95.08391936905932,pobre,0,0,100.0,697.0,1.0,63.0,12,195,27440,1,1.0
98,1.0,0.0,0.97299999,1.0,7.0,7,73.11396693220289,95.08391936905932,pobre,0,0,100.0,697.0,1.0,63.0,13,195,27440,1,1.0
97,1.0,0.0,0.97299999,1.0,3.0,7,73.11396693220289,95.08391936905932,pobre,0,0,100.0,697.0,1.0,63.0,10,195,27441,3,1.0
98,1.0,0.0,0.97299999,1.0,4.0,7,73.11396693220289,95.08391936905932,pobre,0,0,100.0,697.0,1.0,63.0,11,195,27441,3,1.0
97,0.0,0.0,1.2029999,1.0,0.0,8,119.4435617739502,149.0682452891162,no pobre,basal,5,833.33331,854.0,1.0,76.0,6,259,27442,0,1.0
98,0.0,0.0,1.2029999,1.0,1.0,8,119.4435617739502,149.0682452891162,no pobre,basal,5,833.33331,854.0,1.0,76.0,7,259,27442,0,1.0
97,1.0,1.0,1.2029999,1.0,4.0,4,119.4435617739502,149.0682452891162,no pobre,basal,0,640.0,842.0,1.0,38.0,10,259,27443,4,1.0
98,1.0,1.0,1.2029999,1.0,,4,119.4435617739502,149.0682452891162,no pobre,basal,0,640.0,842.0,1.0,38.0,11,259,27443,4,1.0
97,1.0,1.0,1.2029999,1.0,3.0,4,119.4435617739502,149.0682452891162,no pobre,basal,0,640.0,842.0,1.0,38.0,9,259,27444,3,1.0
98,1.0,1.0,1.2029999,1.0,4.0,4,119.4435617739502,149.0682452891162,no pobre,basal,0,640.0,842.0,1.0,38.0,10,259,27444,3,1.0
97,1.0,0.0,1.2029999,0.0,6.0,7,119.4435617739502,149.0682452891162,pobre,basal,0,3000.0,927.0,0.0,71.0,15,259,27445,6,0.0
98,1.0,0.0,1.2029999,0.0,6.0,7,119.4435617739502,149.0682452891162,pobre,basal,0,3000.0,927.0,0.0,71.0,16,259,27445,6,0.0
97,1.0,0.0,1.2029999,0.0,4.0,7,119.4435617739502,149.0682452891162,pobre,basal,1,875.0,698.5,1.0,35.0,15,259,27446,4,0.0
98,1.0,0.0,1.2029999,0.0,4.0,7,119.4435617739502,149.0682452891162,pobre,basal,1,875.0,698.5,1.0,35.0,16,259,27446,4,0.0
97,0.0,0.0,1.2029999,1.0,2.0,7,119.4435617739502,149.0682452891162,pobre,basal,1,875.0,698.5,1.0,35.0,9,259,27447,2,1.0
98,0.0,0.0,1.2029999,1.0,2.0,7,119.4435617739502,149.0682452891162,pobre,basal,1,875.0,698.5,1.0,35.0,10,259,27447,2,1.0
97,0.0,0.0,1.2029999,1.0,1.0,7,119.4435617739502,149.0682452891162,pobre,basal,1,875.0,698.5,1.0,35.0,7,259,27448,1,1.0
98,0.0,0.0,1.2029999,1.0,2.0,7,119.4435617739502,149.0682452891162,pobre,basal,1,875.0,698.5,1.0,35.0,8,259,27448,1,1.0
97,1.0,0.0,1.928,0.0,6.0,10,76.99809901854817,90.47790318524248,pobre,basal,1,875.0,656.0,1.0,42.0,15,194,27449,6,0.0
98,1.0,0.0,1.928,0.0,6.0,10,76.99809901854817,90.47790318524248,pobre,basal,1,875.0,656.0,1.0,42.0,16,194,27449,6,0.0
97,0.0,0.0,1.928,1.0,6.0,10,76.99809901854817,90.47790318524248,pobre,basal,1,875.0,656.0,1.0,42.0,11,194,27450,6,1.0
98,0.0,0.0,1.928,1.0,6.0,10,76.99809901854817,90.47790318524248,pobre,basal,1,875.0,656.0,1.0,42.0,12,194,27450,6,1.0
97,1.0,0.0,1.928,1.0,2.0,10,76.99809901854817,90.47790318524248,pobre,basal,1,875.0,656.0,1.0,42.0,9,194,27451,2,1.0
98,1.0,0.0,1.928,1.0,2.0,10,76.99809901854817,90.47790318524248,pobre,basal,1,875.0,656.0,1.0,42.0,10,194,27451,2,1.0
97,0.0,0.0,1.928,1.0,1.0,10,76.99809901854817,90.47790318524248,pobre,basal,1,875.0,656.0,1.0,42.0,7,194,27452,1,1.0
98,0.0,0.0,1.928,1.0,2.0,10,76.99809901854817,90.47790318524248,pobre,basal,1,875.0,656.0,1.0,42.0,8,194,27452,1,1.0
97,0.0,0.0,1.928,0.0,3.0,13,76.99809901854817,90.47790318524248,pobre,basal,2,0.0,529.5,1.0,50.0,15,194,27453,3,0.0
98,0.0,0.0,1.928,,,13,76.99809901854817,90.47790318524248,pobre,basal,2,0.0,529.5,1.0,50.0,16,194,27453,3,0.0
97,1.0,0.0,1.928,1.0,6.0,13,76.99809901854817,90.47790318524248,pobre,basal,2,0.0,529.5,1.0,50.0,13,194,27454,6,1.0
98,1.0,0.0,1.928,1.0,6.0,13,76.99809901854817,90.47790318524248,pobre,basal,2,0.0,529.5,1.0,50.0,14,194,27454,6,1.0
97,1.0,0.0,1.928,1.0,5.0,13,76.99809901854817,90.47790318524248,pobre,basal,2,0.0,529.5,1.0,50.0,12,194,27455,5,1.0
98,1.0,0.0,1.928,1.0,5.0,13,76.99809901854817,90.47790318524248,pobre,basal,2,0.0,529.5,1.0,50.0,13,194,27455,5,1.0
97,1.0,0.0,1.928,1.0,4.0,13,76.99809901854817,90.47790318524248,pobre,basal,2,0.0,529.5,1.0,50.0,10,194,27456,4,1.0
98,1.0,0.0,1.928,1.0,4.0,13,76.99809901854817,90.47790318524248,pobre,basal,2,0.0,529.5,1.0,50.0,11,194,27456,4,1.0
97,0.0,0.0,1.928,1.0,3.0,13,76.99809901854817,90.47790318524248,pobre,basal,2,0.0,529.5,1.0,50.0,9,194,27457,3,1.0
98,0.0,0.0,1.928,1.0,3.0,13,76.99809901854817,90.47790318524248,pobre,basal,2,0.0,529.5,1.0,50.0,10,194,27457,3,1.0
97,0.0,0.0,1.928,1.0,2.0,13,76.99809901854817,90.47790318524248,pobre,basal,2,0.0,529.5,1.0,50.0,8,194,27458,2,1.0
98,0.0,0.0,1.928,1.0,3.0,13,76.99809901854817,90.47790318524248,pobre,basal,2,0.0,529.5,1.0,50.0,9,194,27458,2,1.0
97,1.0,0.0,1.928,1.0,1.0,13,76.99809901854817,90.47790318524248,pobre,basal,2,0.0,529.5,1.0,50.0,7,194,27459,1,1.0
98,1.0,0.0,1.928,1.0,1.0,13,76.99809901854817,90.47790318524248,pobre,basal,2,0.0,529.5,1.0,50.0,8,194,27459,1,1.0
97,1.0,0.0,1.928,1.0,1.0,5,76.99809901854817,90.47790318524248,pobre,basal,6,625.0,620.0,1.0,29.0,7,194,27460,1,1.0
98,1.0,0.0,1.928,1.0,2.0,5,76.99809901854817,90.47790318524248,pobre,basal,6,625.0,620.0,1.0,29.0,8,194,27460,1,1.0
97,1.0,,1.928,,0.0,4,76.99809901854817,90.47790318524248,pobre,basal,9,800.0,694.0,1.0,28.0,6,194,27461,0,
98,1.0,,1.928,1.0,1.0,4,76.99809901854817,90.47790318524248,pobre,basal,9,800.0,694.0,1.0,28.0,7,194,27461,0,
97,1.0,0.0,1.928,1.0,8.0,8,76.99809901854817,90.47790318524248,pobre,basal,3,0.0,690.6767,1.0,46.0,14,194,27462,8,1.0
98,1.0,0.0,1.928,1.0,9.0,8,76.99809901854817,90.47790318524248,pobre,basal,3,0.0,690.6767,1.0,46.0,15,194,27462,8,1.0
97,0.0,0.0,1.928,1.0,4.0,8,76.99809901854817,90.47790318524248,pobre,basal,3,0.0,690.6767,1.0,46.0,11,194,27463,4,1.0
98,0.0,0.0,1.928,1.0,5.0,8,76.99809901854817,90.47790318524248,pobre,basal,3,0.0,690.6767,1.0,46.0,12,194,27463,4,1.0
97,0.0,0.0,1.928,1.0,3.0,5,76.99809901854817,90.47790318524248,pobre,basal,4,800.0,592.0,1.0,30.0,9,194,27464,3,1.0
98,0.0,0.0,1.928,1.0,4.0,5,76.99809901854817,90.47790318524248,pobre,basal,4,800.0,592.0,1.0,30.0,10,194,27464,3,1.0
97,1.0,0.0,1.928,1.0,7.0,9,76.99809901854817,90.47790318524248,no pobre,basal,3,625.0,698.0,1.0,58.0,14,194,27465,7,1.0
98,1.0,0.0,1.928,0.0,8.0,9,76.99809901854817,90.47790318524248,no pobre,basal,3,625.0,698.0,1.0,58.0,15,194,27465,7,1.0
97,1.0,0.0,1.928,0.0,5.0,9,76.99809901854817,90.47790318524248,pobre,basal,0,1000.0,618.0,1.0,39.0,10,194,27466,5,0.0
98,1.0,0.0,1.928,1.0,6.0,9,76.99809901854817,90.47790318524248,pobre,basal,0,1000.0,618.0,1.0,39.0,11,194,27466,5,0.0
97,0.0,0.0,1.928,0.0,6.0,9,76.99809901854817,90.47790318524248,pobre,basal,0,1000.0,618.0,1.0,39.0,15,194,27467,6,0.0
98,0.0,0.0,1.928,,,9,76.99809901854817,90.47790318524248,pobre,basal,0,1000.0,618.0,1.0,39.0,16,194,27467,6,0.0
97,0.0,0.0,1.928,0.0,6.0,9,76.99809901854817,90.47790318524248,pobre,basal,0,1000.0,618.0,1.0,39.0,14,194,27468,6,0.0
98,0.0,0.0,1.928,0.0,6.0,9,76.99809901854817,90.47790318524248,pobre,basal,0,1000.0,618.0,1.0,39.0,15,194,27468,6,0.0
97,0.0,0.0,1.928,1.0,5.0,9,76.99809901854817,90.47790318524248,pobre,basal,0,1000.0,618.0,1.0,39.0,10,194,27469,5,1.0
98,0.0,0.0,1.928,1.0,4.0,9,76.99809901854817,90.47790318524248,pobre,basal,0,1000.0,618.0,1.0,39.0,11,194,27469,5,1.0
97,1.0,0.0,1.928,1.0,0.0,9,76.99809901854817,90.47790318524248,pobre,basal,0,1000.0,618.0,1.0,39.0,6,194,27470,0,1.0
98,1.0,0.0,1.928,1.0,1.0,9,76.99809901854817,90.47790318524248,pobre,basal,0,1000.0,618.0,1.0,39.0,7,194,27470,0,1.0
97,1.0,0.0,1.928,1.0,4.0,6,76.99809901854817,90.47790318524248,pobre,basal,4,600.0,519.0,1.0,30.0,10,194,27471,4,1.0
98,1.0,0.0,1.928,1.0,5.0,6,76.99809901854817,90.47790318524248,pobre,basal,4,600.0,519.0,1.0,30.0,11,194,27471,4,1.0
97,0.0,0.0,1.928,1.0,3.0,6,76.99809901854817,90.47790318524248,pobre,basal,4,600.0,519.0,1.0,30.0,9,194,27472,3,1.0
98,0.0,0.0,1.928,1.0,4.0,6,76.99809901854817,90.47790318524248,pobre,basal,4,600.0,519.0,1.0,30.0,10,194,27472,3,1.0
97,0.0,0.0,1.928,1.0,0.0,6,76.99809901854817,90.47790318524248,pobre,basal,4,600.0,519.0,1.0,30.0,6,194,27473,0,1.0
98,0.0,0.0,1.928,1.0,1.0,6,76.99809901854817,90.47790318524248,pobre,basal,4,600.0,519.0,1.0,30.0,7,194,27473,0,1.0
97,1.0,0.0,1.928,0.0,9.0,8,76.99809901854817,90.47790318524248,no pobre,basal,2,400.0,726.0,1.0,39.0,16,194,27474,9,0.0
98,1.0,0.0,1.928,,,8,76.99809901854817,90.47790318524248,no pobre,basal,2,400.0,726.0,1.0,39.0,17,194,27474,9,0.0
97,1.0,0.0,1.928,1.0,8.0,8,76.99809901854817,90.47790318524248,no pobre,basal,2,400.0,726.0,1.0,39.0,14,194,27475,8,1.0
98,1.0,0.0,1.928,0.0,9.0,8,76.99809901854817,90.47790318524248,no pobre,basal,2,400.0,726.0,1.0,39.0,15,194,27475,8,1.0
97,1.0,0.0,1.928,1.0,4.0,8,76.99809901854817,90.47790318524248,no pobre,basal,2,400.0,726.0,1.0,39.0,10,194,27476,4,1.0
98,1.0,0.0,1.928,1.0,5.0,8,76.99809901854817,90.47790318524248,no pobre,basal,2,400.0,726.0,1.0,39.0,11,194,27476,4,1.0
97,0.0,0.0,1.928,,0.0,8,76.99809901854817,90.47790318524248,no pobre,basal,2,400.0,726.0,1.0,39.0,6,194,27477,0,
98,0.0,0.0,1.928,1.0,2.0,8,76.99809901854817,90.47790318524248,no pobre,basal,2,400.0,726.0,1.0,39.0,7,194,27477,0,
97,1.0,0.0,1.928,0.0,3.0,4,76.99809901854817,90.47790318524248,pobre,basal,0,120.0,647.0,1.0,57.0,13,194,27478,3,0.0
98,1.0,0.0,1.928,0.0,3.0,4,76.99809901854817,90.47790318524248,pobre,basal,0,120.0,647.0,1.0,57.0,14,194,27478,3,0.0
97,0.0,0.0,1.928,1.0,2.0,4,76.99809901854817,90.47790318524248,pobre,basal,0,120.0,647.0,1.0,57.0,8,194,27479,2,1.0
98,0.0,0.0,1.928,1.0,3.0,4,76.99809901854817,90.47790318524248,pobre,basal,0,120.0,647.0,1.0,57.0,9,194,27479,2,1.0
97,0.0,0.0,1.928,1.0,9.0,7,76.99809901854817,90.47790318524248,pobre,basal,2,800.0,566.0,1.0,54.0,15,194,27480,9,1.0
98,0.0,0.0,1.928,1.0,10.0,7,76.99809901854817,90.47790318524248,pobre,basal,2,800.0,566.0,1.0,54.0,16,194,27480,9,1.0
97,0.0,0.0,1.928,1.0,8.0,7,76.99809901854817,90.47790318524248,pobre,basal,2,800.0,566.0,1.0,54.0,14,194,27481,8,1.0
98,0.0,0.0,1.928,1.0,8.0,7,76.99809901854817,90.47790318524248,pobre,basal,2,800.0,566.0,1.0,54.0,15,194,27481,8,1.0
97,0.0,0.0,1.928,1.0,2.0,7,76.99809901854817,90.47790318524248,pobre,basal,2,800.0,566.0,1.0,54.0,8,194,27482,2,1.0
98,0.0,0.0,1.928,1.0,3.0,7,76.99809901854817,90.47790318524248,pobre,basal,2,800.0,566.0,1.0,54.0,9,194,27482,2,1.0
97,1.0,0.0,1.928,1.0,3.0,5,76.99809901854817,90.47790318524248,pobre,basal,12,1700.0,690.0,1.0,31.0,9,194,27483,3,1.0
98,1.0,0.0,1.928,1.0,5.0,5,76.99809901854817,90.47790318524248,pobre,basal,12,1700.0,690.0,1.0,31.0,10,194,27483,3,1.0
97,0.0,0.0,1.928,1.0,0.0,5,76.99809901854817,90.47790318524248,pobre,basal,12,1700.0,690.0,1.0,31.0,6,194,27484,0,1.0
98,0.0,0.0,1.928,1.0,1.0,5,76.99809901854817,90.47790318524248,pobre,basal,12,1700.0,690.0,1.0,31.0,7,194,27484,0,1.0
97,0.0,0.0,1.928,0.0,8.0,10,76.99809901854817,90.47790318524248,no pobre,basal,3,600.0,740.0,1.0,50.0,14,194,27485,8,0.0
98,0.0,0.0,1.928,0.0,9.0,10,76.99809901854817,90.47790318524248,no pobre,basal,3,600.0,740.0,1.0,50.0,15,194,27485,8,0.0
97,0.0,0.0,1.928,1.0,7.0,10,76.99809901854817,90.47790318524248,no pobre,basal,3,600.0,740.0,1.0,50.0,13,194,27486,7,1.0
98,0.0,0.0,1.928,1.0,8.0,10,76.99809901854817,90.47790318524248,no pobre,basal,3,600.0,740.0,1.0,50.0,14,194,27486,7,1.0
97,0.0,0.0,1.928,1.0,4.0,10,76.99809901854817,90.47790318524248,no pobre,basal,3,600.0,740.0,1.0,50.0,11,194,27487,4,1.0
98,0.0,0.0,1.928,1.0,5.0,10,76.99809901854817,90.47790318524248,no pobre,basal,3,600.0,740.0,1.0,50.0,12,194,27487,4,1.0
97,1.0,0.0,1.928,1.0,4.0,10,76.99809901854817,90.47790318524248,no pobre,basal,3,600.0,740.0,1.0,50.0,10,194,27488,4,1.0
98,1.0,0.0,1.928,1.0,5.0,10,76.99809901854817,90.47790318524248,no pobre,basal,3,600.0,740.0,1.0,50.0,11,194,27488,4,1.0
97,1.0,0.0,1.928,1.0,2.0,10,76.99809901854817,90.47790318524248,no pobre,basal,3,600.0,740.0,1.0,50.0,8,194,27489,2,1.0
98,1.0,0.0,1.928,1.0,3.0,10,76.99809901854817,90.47790318524248,no pobre,basal,3,600.0,740.0,1.0,50.0,9,194,27489,2,1.0
97,1.0,0.0,1.928,0.0,8.0,8,76.99809901854817,90.47790318524248,no pobre,basal,4,0.0,753.20001,0.0,69.0,15,194,27490,8,0.0
98,1.0,0.0,1.928,,,8,76.99809901854817,90.47790318524248,no pobre,basal,4,0.0,753.20001,0.0,69.0,16,194,27490,8,0.0
97,1.0,0.0,1.928,0.0,9.0,8,76.99809901854817,90.47790318524248,no pobre,basal,4,0.0,753.20001,0.0,69.0,16,194,27491,9,0.0
98,1.0,0.0,1.928,,,8,76.99809901854817,90.47790318524248,no pobre,basal,4,0.0,753.20001,0.0,69.0,17,194,27491,9,0.0
97,1.0,0.0,1.928,1.0,4.0,10,76.99809901854817,90.47790318524248,pobre,basal,2,0.0,635.0,0.0,64.0,11,194,27492,4,1.0
98,1.0,0.0,1.928,1.0,5.0,10,76.99809901854817,90.47790318524248,pobre,basal,2,0.0,635.0,0.0,64.0,12,194,27492,4,1.0
97,1.0,0.0,1.928,,0.0,5,76.99809901854817,90.47790318524248,pobre,basal,4,1000.0,653.0,1.0,41.0,6,194,27493,0,
98,1.0,0.0,1.928,1.0,1.0,5,76.99809901854817,90.47790318524248,pobre,basal,4,1000.0,653.0,1.0,41.0,7,194,27493,0,
97,0.0,0.0,1.928,1.0,3.0,3,76.99809901854817,90.47790318524248,pobre,basal,9,2400.0,739.0,1.0,29.0,9,194,27494,3,1.0
98,0.0,0.0,1.928,1.0,3.0,3,76.99809901854817,90.47790318524248,pobre,basal,9,2400.0,739.0,1.0,29.0,10,194,27494,3,1.0
97,0.0,0.0,1.928,0.0,6.0,8,76.99809901854817,90.47790318524248,pobre,basal,4,2500.0,697.0,1.0,56.0,13,194,27495,6,0.0
98,0.0,0.0,1.928,1.0,7.0,8,76.99809901854817,90.47790318524248,pobre,basal,4,2500.0,697.0,1.0,56.0,14,194,27495,6,0.0
97,1.0,0.0,1.928,0.0,9.0,8,76.99809901854817,90.47790318524248,pobre,basal,4,2500.0,697.0,1.0,56.0,15,194,27496,9,0.0
98,1.0,0.0,1.928,0.0,9.0,8,76.99809901854817,90.47790318524248,pobre,basal,4,2500.0,697.0,1.0,56.0,16,194,27496,9,0.0
97,0.0,0.0,1.801,1.0,4.0,5,61.25950625258808,106.4008608145989,pobre,basal,3,400.0,634.5,1.0,31.0,11,193,27497,4,1.0
98,0.0,0.0,1.801,1.0,5.0,5,61.25950625258808,106.4008608145989,pobre,basal,3,400.0,634.5,1.0,31.0,12,193,27497,4,1.0
97,0.0,0.0,1.801,1.0,4.0,5,61.25950625258808,106.4008608145989,pobre,basal,3,400.0,634.5,1.0,31.0,10,193,27498,4,1.0
98,0.0,0.0,1.801,1.0,5.0,5,61.25950625258808,106.4008608145989,pobre,basal,3,400.0,634.5,1.0,31.0,11,193,27498,4,1.0
97,1.0,0.0,1.801,1.0,2.0,5,61.25950625258808,106.4008608145989,pobre,basal,3,400.0,634.5,1.0,31.0,9,193,27499,2,1.0
98,1.0,0.0,1.801,1.0,3.0,5,61.25950625258808,106.4008608145989,pobre,basal,3,400.0,634.5,1.0,31.0,10,193,27499,2,1.0
97,0.0,0.0,1.801,1.0,2.0,3,61.25950625258808,106.4008608145989,pobre,basal,0,750.0,701.0,1.0,35.0,10,193,27500,2,1.0
98,0.0,0.0,1.801,1.0,3.0,3,61.25950625258808,106.4008608145989,pobre,basal,0,750.0,701.0,1.0,35.0,11,193,27500,2,1.0
97,1.0,0.0,1.801,1.0,0.0,4,61.25950625258808,106.4008608145989,pobre,basal,0,400.0,533.34399,1.0,43.0,10,193,27501,0,1.0
98,1.0,0.0,1.801,1.0,1.0,4,61.25950625258808,106.4008608145989,pobre,basal,0,400.0,533.34399,1.0,43.0,11,193,27501,0,1.0
97,1.0,0.0,1.801,,0.0,4,61.25950625258808,106.4008608145989,pobre,basal,0,400.0,533.34399,1.0,43.0,7,193,27502,0,
98,1.0,0.0,1.801,1.0,1.0,4,61.25950625258808,106.4008608145989,pobre,basal,0,400.0,533.34399,1.0,43.0,8,193,27502,0,
97,1.0,0.0,1.801,0.0,7.0,7,61.25950625258808,106.4008608145989,pobre,basal,3,900.0,623.5,1.0,40.0,14,193,27503,7,0.0
98,1.0,0.0,1.801,1.0,8.0,7,61.25950625258808,106.4008608145989,pobre,basal,3,900.0,623.5,1.0,40.0,15,193,27503,7,0.0
97,1.0,0.0,1.801,1.0,5.0,7,61.25950625258808,106.4008608145989,pobre,basal,3,900.0,623.5,1.0,40.0,12,193,27504,5,1.0
98,1.0,0.0,1.801,1.0,6.0,7,61.25950625258808,106.4008608145989,pobre,basal,3,900.0,623.5,1.0,40.0,13,193,27504,5,1.0
97,0.0,0.0,1.801,1.0,5.0,7,61.25950625258808,106.4008608145989,pobre,basal,3,900.0,623.5,1.0,40.0,11,193,27505,5,1.0
98,0.0,0.0,1.801,1.0,6.0,7,61.25950625258808,106.4008608145989,pobre,basal,3,900.0,623.5,1.0,40.0,12,193,27505,5,1.0
97,1.0,0.0,1.801,1.0,3.0,7,61.25950625258808,106.4008608145989,pobre,basal,3,900.0,623.5,1.0,40.0,10,193,27506,3,1.0
98,1.0,0.0,1.801,1.0,4.0,7,61.25950625258808,106.4008608145989,pobre,basal,3,900.0,623.5,1.0,40.0,11,193,27506,3,1.0
97,1.0,0.0,1.801,1.0,2.0,7,61.25950625258808,106.4008608145989,pobre,basal,3,900.0,623.5,1.0,40.0,8,193,27507,2,1.0
98,1.0,0.0,1.801,1.0,2.0,7,61.25950625258808,106.4008608145989,pobre,basal,3,900.0,623.5,1.0,40.0,9,193,27507,2,1.0
97,1.0,0.0,1.801,1.0,6.0,6,61.25950625258808,106.4008608145989,pobre,basal,6,900.0,552.0,0.0,35.0,12,193,27508,6,1.0
98,1.0,0.0,1.801,1.0,7.0,6,61.25950625258808,106.4008608145989,pobre,basal,6,900.0,552.0,0.0,35.0,13,193,27508,6,1.0
97,1.0,0.0,1.801,1.0,3.0,6,61.25950625258808,106.4008608145989,pobre,basal,6,900.0,552.0,0.0,35.0,10,193,27509,3,1.0
98,1.0,0.0,1.801,1.0,4.0,6,61.25950625258808,106.4008608145989,pobre,basal,6,900.0,552.0,0.0,35.0,11,193,27509,3,1.0
97,0.0,0.0,1.801,0.0,4.0,11,61.25950625258808,106.4008608145989,pobre,basal,1,83.333336,690.25,1.0,73.0,16,193,27510,4,0.0
98,0.0,0.0,1.801,0.0,4.0,11,61.25950625258808,106.4008608145989,pobre,basal,1,83.333336,690.25,1.0,73.0,17,193,27510,4,0.0
97,0.0,0.0,1.801,0.0,3.0,11,61.25950625258808,106.4008608145989,pobre,basal,1,83.333336,690.25,1.0,73.0,14,193,27511,3,0.0
98,0.0,0.0,1.801,,,11,61.25950625258808,106.4008608145989,pobre,basal,1,83.333336,690.25,1.0,73.0,15,193,27511,3,0.0
97,1.0,0.0,1.801,1.0,6.0,11,61.25950625258808,106.4008608145989,pobre,basal,1,83.333336,690.25,1.0,73.0,12,193,27512,6,1.0
98,1.0,0.0,1.801,1.0,7.0,11,61.25950625258808,106.4008608145989,pobre,basal,1,83.333336,690.25,1.0,73.0,13,193,27512,6,1.0
97,1.0,0.0,1.801,1.0,3.0,11,61.25950625258808,106.4008608145989,pobre,basal,1,83.333336,690.25,1.0,73.0,9,193,27513,3,1.0
98,1.0,0.0,1.801,1.0,3.0,11,61.25950625258808,106.4008608145989,pobre,basal,1,83.333336,690.25,1.0,73.0,10,193,27513,3,1.0
97,1.0,0.0,1.801,1.0,2.0,11,61.25950625258808,106.4008608145989,pobre,basal,1,83.333336,690.25,1.0,73.0,8,193,27514,2,1.0
98,1.0,0.0,1.801,1.0,2.0,11,61.25950625258808,106.4008608145989,pobre,basal,1,83.333336,690.25,1.0,73.0,9,193,27514,2,1.0
97,0.0,0.0,1.801,1.0,0.0,11,61.25950625258808,106.4008608145989,pobre,basal,1,83.333336,690.25,1.0,73.0,6,193,27515,0,1.0
98,0.0,0.0,1.801,1.0,1.0,11,61.25950625258808,106.4008608145989,pobre,basal,1,83.333336,690.25,1.0,73.0,7,193,27515,0,1.0
97,1.0,0.0,1.801,1.0,4.0,6,61.25950625258808,106.4008608145989,pobre,basal,0,100.0,645.0,1.0,71.0,11,193,27516,4,1.0
98,1.0,0.0,1.801,1.0,5.0,6,61.25950625258808,106.4008608145989,pobre,basal,0,100.0,645.0,1.0,71.0,12,193,27516,4,1.0
97,1.0,0.0,1.801,1.0,3.0,6,61.25950625258808,106.4008608145989,pobre,basal,0,100.0,645.0,1.0,71.0,9,193,27517,3,1.0
98,1.0,0.0,1.801,1.0,4.0,6,61.25950625258808,106.4008608145989,pobre,basal,0,100.0,645.0,1.0,71.0,10,193,27517,3,1.0
97,1.0,0.0,1.801,1.0,1.0,6,61.25950625258808,106.4008608145989,pobre,basal,0,100.0,645.0,1.0,71.0,7,193,27518,1,1.0
98,1.0,0.0,1.801,1.0,2.0,6,61.25950625258808,106.4008608145989,pobre,basal,0,100.0,645.0,1.0,71.0,8,193,27518,1,1.0
97,1.0,0.0,1.928,1.0,4.0,4,76.99809901854817,90.47790318524248,pobre,basal,8,720.0,708.0,1.0,42.0,9,194,27519,4,1.0
98,1.0,0.0,1.928,,,4,76.99809901854817,90.47790318524248,pobre,basal,8,720.0,708.0,1.0,42.0,10,194,27519,4,1.0
97,1.0,0.0,0.0,0.0,6.0,6,75.23676528477016,75.23676528477016,pobre,basal,0,0.0,534.0,1.0,72.0,16,151,27520,6,0.0
98,1.0,0.0,0.0,,,6,75.23676528477016,75.23676528477016,pobre,basal,0,0.0,534.0,1.0,72.0,17,151,27520,6,0.0
97,1.0,0.0,0.0,0.0,6.0,6,75.23676528477016,75.23676528477016,pobre,basal,0,0.0,534.0,1.0,72.0,14,151,27521,6,0.0
98,1.0,0.0,0.0,1.0,9.0,6,75.23676528477016,75.23676528477016,pobre,basal,0,0.0,534.0,1.0,72.0,15,151,27521,6,0.0
97,1.0,0.0,0.0,1.0,3.0,6,75.23676528477016,75.23676528477016,pobre,basal,0,0.0,534.0,1.0,72.0,10,151,27522,3,1.0
98,1.0,0.0,0.0,1.0,4.0,6,75.23676528477016,75.23676528477016,pobre,basal,0,0.0,534.0,1.0,72.0,11,151,27522,3,1.0
97,1.0,0.0,1.928,0.0,6.0,12,76.99809901854817,90.47790318524248,pobre,basal,6,720.0,525.0,1.0,42.0,16,194,27523,6,0.0
98,1.0,0.0,1.928,0.0,6.0,12,76.99809901854817,90.47790318524248,pobre,basal,6,720.0,525.0,1.0,42.0,17,194,27523,6,0.0
97,1.0,0.0,1.928,1.0,8.0,12,76.99809901854817,90.47790318524248,pobre,basal,6,720.0,525.0,1.0,42.0,14,194,27524,8,1.0
98,1.0,0.0,1.928,1.0,8.0,12,76.99809901854817,90.47790318524248,pobre,basal,6,720.0,525.0,1.0,42.0,15,194,27524,8,1.0
97,1.0,0.0,1.928,1.0,7.0,12,76.99809901854817,90.47790318524248,pobre,basal,6,720.0,525.0,1.0,42.0,12,194,27525,7,1.0
98,1.0,0.0,1.928,1.0,7.0,12,76.99809901854817,90.47790318524248,pobre,basal,6,720.0,525.0,1.0,42.0,13,194,27525,7,1.0
97,1.0,0.0,1.928,1.0,6.0,12,76.99809901854817,90.47790318524248,pobre,basal,6,720.0,525.0,1.0,42.0,11,194,27526,6,1.0
98,1.0,0.0,1.928,1.0,6.0,12,76.99809901854817,90.47790318524248,pobre,basal,6,720.0,525.0,1.0,42.0,12,194,27526,6,1.0
97,0.0,0.0,1.928,1.0,5.0,12,76.99809901854817,90.47790318524248,pobre,basal,6,720.0,525.0,1.0,42.0,10,194,27527,5,1.0
98,0.0,0.0,1.928,1.0,5.0,12,76.99809901854817,90.47790318524248,pobre,basal,6,720.0,525.0,1.0,42.0,11,194,27527,5,1.0
97,0.0,0.0,1.928,1.0,1.0,12,76.99809901854817,90.47790318524248,pobre,basal,6,720.0,525.0,1.0,42.0,9,194,27528,1,1.0
98,0.0,0.0,1.928,0.0,1.0,12,76.99809901854817,90.47790318524248,pobre,basal,6,720.0,525.0,1.0,42.0,10,194,27528,1,1.0
97,1.0,0.0,1.928,1.0,1.0,12,76.99809901854817,90.47790318524248,pobre,basal,6,720.0,525.0,1.0,42.0,6,194,27529,1,1.0
98,1.0,0.0,1.928,1.0,1.0,12,76.99809901854817,90.47790318524248,pobre,basal,6,720.0,525.0,1.0,42.0,7,194,27529,1,1.0
97,1.0,0.0,1.928,1.0,7.0,4,76.99809901854817,90.47790318524248,pobre,basal,12,875.0,726.0,1.0,35.0,12,194,27530,7,1.0
98,1.0,0.0,1.928,1.0,7.0,4,76.99809901854817,90.47790318524248,pobre,basal,12,875.0,726.0,1.0,35.0,13,194,27530,7,1.0
97,1.0,0.0,1.928,1.0,4.0,4,76.99809901854817,90.47790318524248,pobre,basal,12,875.0,726.0,1.0,35.0,9,194,27531,4,1.0
98,1.0,0.0,1.928,1.0,4.0,4,76.99809901854817,90.47790318524248,pobre,basal,12,875.0,726.0,1.0,35.0,10,194,27531,4,1.0
97,1.0,0.0,1.928,1.0,5.0,9,76.99809901854817,90.47790318524248,pobre,basal,8,1000.0,475.0,1.0,30.0,12,194,27532,5,1.0
98,1.0,0.0,1.928,1.0,6.0,9,76.99809901854817,90.47790318524248,pobre,basal,8,1000.0,475.0,1.0,30.0,13,194,27532,5,1.0
97,1.0,0.0,1.928,1.0,4.0,9,76.99809901854817,90.47790318524248,pobre,basal,8,1000.0,475.0,1.0,30.0,10,194,27533,4,1.0
98,1.0,0.0,1.928,1.0,5.0,9,76.99809901854817,90.47790318524248,pobre,basal,8,1000.0,475.0,1.0,30.0,11,194,27533,4,1.0
97,0.0,0.0,1.928,1.0,3.0,9,76.99809901854817,90.47790318524248,pobre,basal,8,1000.0,475.0,1.0,30.0,8,194,27534,3,1.0
98,0.0,0.0,1.928,1.0,4.0,9,76.99809901854817,90.47790318524248,pobre,basal,8,1000.0,475.0,1.0,30.0,9,194,27534,3,1.0
97,0.0,0.0,1.928,1.0,1.0,9,76.99809901854817,90.47790318524248,pobre,basal,8,1000.0,475.0,1.0,30.0,6,194,27535,1,1.0
98,0.0,0.0,1.928,1.0,2.0,9,76.99809901854817,90.47790318524248,pobre,basal,8,1000.0,475.0,1.0,30.0,7,194,27535,1,1.0
97,0.0,0.0,1.928,1.0,4.0,5,76.99809901854817,90.47790318524248,pobre,basal,9,1400.0,623.0,1.0,33.0,10,194,27536,4,1.0
98,0.0,0.0,1.928,1.0,5.0,5,76.99809901854817,90.47790318524248,pobre,basal,9,1400.0,623.0,1.0,33.0,11,194,27536,4,1.0
97,1.0,0.0,1.928,1.0,3.0,5,76.99809901854817,90.47790318524248,pobre,basal,9,1400.0,623.0,1.0,33.0,8,194,27537,3,1.0
98,1.0,0.0,1.928,1.0,4.0,5,76.99809901854817,90.47790318524248,pobre,basal,9,1400.0,623.0,1.0,33.0,9,194,27537,3,1.0
97,1.0,0.0,1.928,1.0,5.0,6,76.99809901854817,90.47790318524248,pobre,basal,3,1200.0,531.0,1.0,33.0,11,194,27538,5,1.0
98,1.0,0.0,1.928,1.0,6.0,6,76.99809901854817,90.47790318524248,pobre,basal,3,1200.0,531.0,1.0,33.0,12,194,27538,5,1.0
97,1.0,0.0,1.928,1.0,4.0,6,76.99809901854817,90.47790318524248,pobre,basal,3,1200.0,531.0,1.0,33.0,10,194,27539,4,1.0
98,1.0,0.0,1.928,1.0,5.0,6,76.99809901854817,90.47790318524248,pobre,basal,3,1200.0,531.0,1.0,33.0,11,194,27539,4,1.0
97,0.0,0.0,1.928,0.0,5.0,10,76.99809901854817,90.47790318524248,pobre,basal,3,750.0,653.0,1.0,45.0,15,194,27540,5,0.0
98,0.0,0.0,1.928,1.0,5.0,10,76.99809901854817,90.47790318524248,pobre,basal,3,750.0,653.0,1.0,45.0,16,194,27540,5,0.0
97,0.0,0.0,1.928,1.0,5.0,10,76.99809901854817,90.47790318524248,pobre,basal,3,750.0,653.0,1.0,45.0,13,194,27541,5,1.0
98,0.0,0.0,1.928,1.0,6.0,10,76.99809901854817,90.47790318524248,pobre,basal,3,750.0,653.0,1.0,45.0,14,194,27541,5,1.0
97,0.0,0.0,1.928,1.0,2.0,10,76.99809901854817,90.47790318524248,pobre,basal,3,750.0,653.0,1.0,45.0,11,194,27542,2,1.0
98,0.0,0.0,1.928,1.0,3.0,10,76.99809901854817,90.47790318524248,pobre,basal,3,750.0,653.0,1.0,45.0,12,194,27542,2,1.0
97,0.0,0.0,1.928,1.0,1.0,10,76.99809901854817,90.47790318524248,pobre,basal,3,750.0,653.0,1.0,45.0,7,194,27543,1,1.0
98,0.0,0.0,1.928,1.0,2.0,10,76.99809901854817,90.47790318524248,pobre,basal,3,750.0,653.0,1.0,45.0,8,194,27543,1,1.0
97,0.0,0.0,1.928,0.0,6.0,7,76.99809901854817,90.47790318524248,no pobre,basal,3,750.0,790.25,1.0,52.0,16,194,27544,6,0.0
98,0.0,0.0,1.928,,,7,76.99809901854817,90.47790318524248,no pobre,basal,3,750.0,790.25,1.0,52.0,17,194,27544,6,0.0
97,0.0,0.0,1.928,1.0,8.0,7,76.99809901854817,90.47790318524248,no pobre,basal,3,750.0,790.25,1.0,52.0,13,194,27545,8,1.0
98,0.0,0.0,1.928,1.0,9.0,7,76.99809901854817,90.47790318524248,no pobre,basal,3,750.0,790.25,1.0,52.0,14,194,27545,8,1.0
97,1.0,0.0,1.928,0.0,3.0,9,76.99809901854817,90.47790318524248,pobre,basal,2,83.333336,694.5,1.0,57.0,16,194,27546,3,0.0
98,1.0,0.0,1.928,,,9,76.99809901854817,90.47790318524248,pobre,basal,2,83.333336,694.5,1.0,57.0,17,194,27546,3,0.0
97,1.0,0.0,1.928,1.0,3.0,9,76.99809901854817,90.47790318524248,pobre,basal,2,83.333336,694.5,1.0,57.0,11,194,27547,3,1.0
98,1.0,0.0,1.928,1.0,3.0,9,76.99809901854817,90.47790318524248,pobre,basal,2,83.333336,694.5,1.0,57.0,12,194,27547,3,1.0
97,1.0,0.0,1.928,1.0,2.0,9,76.99809901854817,90.47790318524248,pobre,basal,2,83.333336,694.5,1.0,57.0,14,194,27548,2,1.0
98,1.0,0.0,1.928,0.0,2.0,9,76.99809901854817,90.47790318524248,pobre,basal,2,83.333336,694.5,1.0,57.0,15,194,27548,2,1.0
97,1.0,0.0,1.928,1.0,1.0,10,76.99809901854817,90.47790318524248,pobre,basal,2,0.0,620.34399,0.0,52.0,7,194,27549,1,1.0
98,1.0,0.0,1.928,1.0,2.0,10,76.99809901854817,90.47790318524248,pobre,basal,2,0.0,620.34399,0.0,52.0,8,194,27549,1,1.0
97,1.0,0.0,1.801,1.0,5.0,8,61.25950625258808,106.4008608145989,pobre,basal,5,1400.0,478.0,1.0,34.0,13,193,27550,5,1.0
98,1.0,0.0,1.801,1.0,6.0,8,61.25950625258808,106.4008608145989,pobre,basal,5,1400.0,478.0,1.0,34.0,14,193,27550,5,1.0
97,0.0,0.0,1.801,1.0,5.0,8,61.25950625258808,106.4008608145989,pobre,basal,5,1400.0,478.0,1.0,34.0,12,193,27551,5,1.0
98,0.0,0.0,1.801,1.0,1.0,8,61.25950625258808,106.4008608145989,pobre,basal,5,1400.0,478.0,1.0,34.0,13,193,27551,5,1.0
97,1.0,0.0,1.801,1.0,3.0,8,61.25950625258808,106.4008608145989,pobre,basal,5,1400.0,478.0,1.0,34.0,10,193,27552,3,1.0
98,1.0,0.0,1.801,1.0,4.0,8,61.25950625258808,106.4008608145989,pobre,basal,5,1400.0,478.0,1.0,34.0,11,193,27552,3,1.0
97,0.0,0.0,1.801,1.0,2.0,8,61.25950625258808,106.4008608145989,pobre,basal,5,1400.0,478.0,1.0,34.0,8,193,27553,2,1.0
98,0.0,0.0,1.801,1.0,3.0,8,61.25950625258808,106.4008608145989,pobre,basal,5,1400.0,478.0,1.0,34.0,9,193,27553,2,1.0
97,0.0,1.0,1.325,,0.0,7,104.29006269286,130.7958678301766,pobre,0,2,750.0,469.0,1.0,49.0,16,257,27554,0,
98,0.0,1.0,1.325,,,7,104.29006269286,130.7958678301766,pobre,0,2,750.0,469.0,1.0,49.0,17,257,27554,0,
97,1.0,1.0,1.325,1.0,2.0,7,104.29006269286,130.7958678301766,pobre,0,2,750.0,469.0,1.0,49.0,11,257,27555,2,1.0
98,1.0,1.0,1.325,1.0,3.0,7,104.29006269286,130.7958678301766,pobre,0,2,750.0,469.0,1.0,49.0,12,257,27555,2,1.0
97,1.0,1.0,1.325,1.0,1.0,7,104.29006269286,130.7958678301766,pobre,0,2,750.0,469.0,1.0,49.0,7,257,27556,1,1.0
98,1.0,1.0,1.325,1.0,2.0,7,104.29006269286,130.7958678301766,pobre,0,2,750.0,469.0,1.0,49.0,8,257,27556,1,1.0
97,1.0,1.0,1.325,0.0,1.0,6,104.29006269286,130.7958678301766,pobre,0,1,750.0,487.0,1.0,37.0,12,257,27557,1,0.0
98,1.0,1.0,1.325,1.0,,6,104.29006269286,130.7958678301766,pobre,0,1,750.0,487.0,1.0,37.0,13,257,27557,1,0.0
97,0.0,1.0,1.325,0.0,3.0,6,104.29006269286,130.7958678301766,pobre,0,1,750.0,487.0,1.0,37.0,10,257,27558,3,0.0
98,0.0,1.0,1.325,1.0,,6,104.29006269286,130.7958678301766,pobre,0,1,750.0,487.0,1.0,37.0,11,257,27558,3,0.0
97,0.0,0.0,1.801,1.0,8.0,12,61.25950625258808,106.4008608145989,pobre,basal,0,500.0,237.0,1.0,36.0,14,193,27559,8,1.0
98,0.0,0.0,1.801,1.0,8.0,12,61.25950625258808,106.4008608145989,pobre,basal,0,500.0,237.0,1.0,36.0,15,193,27559,8,1.0
97,1.0,0.0,1.801,1.0,3.0,12,61.25950625258808,106.4008608145989,pobre,basal,0,500.0,237.0,1.0,36.0,13,193,27560,3,1.0
98,1.0,0.0,1.801,1.0,4.0,12,61.25950625258808,106.4008608145989,pobre,basal,0,500.0,237.0,1.0,36.0,14,193,27560,3,1.0
97,0.0,0.0,1.801,1.0,4.0,12,61.25950625258808,106.4008608145989,pobre,basal,0,500.0,237.0,1.0,36.0,11,193,27561,4,1.0
98,0.0,0.0,1.801,1.0,5.0,12,61.25950625258808,106.4008608145989,pobre,basal,0,500.0,237.0,1.0,36.0,12,193,27561,4,1.0
97,1.0,0.0,1.801,1.0,2.0,12,61.25950625258808,106.4008608145989,pobre,basal,0,500.0,237.0,1.0,36.0,10,193,27562,2,1.0
98,1.0,0.0,1.801,1.0,3.0,12,61.25950625258808,106.4008608145989,pobre,basal,0,500.0,237.0,1.0,36.0,11,193,27562,2,1.0
97,0.0,0.0,1.801,1.0,2.0,12,61.25950625258808,106.4008608145989,pobre,basal,0,500.0,237.0,1.0,36.0,9,193,27563,2,1.0
98,0.0,0.0,1.801,1.0,3.0,12,61.25950625258808,106.4008608145989,pobre,basal,0,500.0,237.0,1.0,36.0,10,193,27563,2,1.0
97,1.0,0.0,1.801,1.0,1.0,12,61.25950625258808,106.4008608145989,pobre,basal,0,500.0,237.0,1.0,36.0,8,193,27564,1,1.0
98,1.0,0.0,1.801,1.0,2.0,12,61.25950625258808,106.4008608145989,pobre,basal,0,500.0,237.0,1.0,36.0,9,193,27564,1,1.0
97,1.0,0.0,1.801,1.0,0.0,12,61.25950625258808,106.4008608145989,pobre,basal,0,500.0,237.0,1.0,36.0,7,193,27565,0,1.0
98,1.0,0.0,1.801,1.0,1.0,12,61.25950625258808,106.4008608145989,pobre,basal,0,500.0,237.0,1.0,36.0,8,193,27565,0,1.0
97,0.0,0.0,1.801,0.0,6.0,9,61.25950625258808,106.4008608145989,pobre,basal,3,83.333336,442.34399,1.0,46.0,16,193,27566,6,0.0
98,0.0,0.0,1.801,,,9,61.25950625258808,106.4008608145989,pobre,basal,3,83.333336,442.34399,1.0,46.0,17,193,27566,6,0.0
97,0.0,0.0,1.801,1.0,6.0,9,61.25950625258808,106.4008608145989,pobre,basal,3,83.333336,442.34399,1.0,46.0,13,193,27567,6,1.0
98,0.0,0.0,1.801,1.0,7.0,9,61.25950625258808,106.4008608145989,pobre,basal,3,83.333336,442.34399,1.0,46.0,14,193,27567,6,1.0
97,1.0,0.0,1.801,1.0,2.0,9,61.25950625258808,106.4008608145989,pobre,basal,3,83.333336,442.34399,1.0,46.0,11,193,27568,2,1.0
98,1.0,0.0,1.801,1.0,3.0,9,61.25950625258808,106.4008608145989,pobre,basal,3,83.333336,442.34399,1.0,46.0,12,193,27568,2,1.0
97,1.0,0.0,1.801,1.0,1.0,9,61.25950625258808,106.4008608145989,pobre,basal,3,83.333336,442.34399,1.0,46.0,9,193,27569,1,1.0
98,1.0,0.0,1.801,1.0,2.0,9,61.25950625258808,106.4008608145989,pobre,basal,3,83.333336,442.34399,1.0,46.0,10,193,27569,1,1.0
97,1.0,0.0,1.801,,0.0,9,61.25950625258808,106.4008608145989,pobre,basal,3,83.333336,442.34399,1.0,46.0,7,193,27570,0,
98,1.0,0.0,1.801,1.0,2.0,9,61.25950625258808,106.4008608145989,pobre,basal,3,83.333336,442.34399,1.0,46.0,8,193,27570,0,
97,1.0,0.0,1.801,0.0,3.0,7,61.25950625258808,106.4008608145989,pobre,basal,3,600.0,621.5,1.0,33.0,9,193,27571,3,0.0
98,1.0,0.0,1.801,1.0,4.0,7,61.25950625258808,106.4008608145989,pobre,basal,3,600.0,621.5,1.0,33.0,10,193,27571,3,0.0
97,0.0,0.0,1.801,0.0,2.0,7,61.25950625258808,106.4008608145989,pobre,basal,3,600.0,621.5,1.0,33.0,8,193,27572,2,0.0
98,0.0,0.0,1.801,1.0,3.0,7,61.25950625258808,106.4008608145989,pobre,basal,3,600.0,621.5,1.0,33.0,9,193,27572,2,0.0
97,0.0,0.0,1.801,0.0,0.0,7,61.25950625258808,106.4008608145989,pobre,basal,3,600.0,621.5,1.0,33.0,6,193,27573,0,0.0
98,0.0,0.0,1.801,1.0,1.0,7,61.25950625258808,106.4008608145989,pobre,basal,3,600.0,621.5,1.0,33.0,7,193,27573,0,0.0
97,0.0,0.0,1.801,1.0,1.0,5,61.25950625258808,106.4008608145989,pobre,basal,5,1250.0,635.0,1.0,25.0,7,193,27574,1,1.0
98,0.0,0.0,1.801,,,5,61.25950625258808,106.4008608145989,pobre,basal,5,1250.0,635.0,1.0,25.0,8,193,27574,1,1.0
97,0.0,0.0,1.801,0.0,6.0,9,61.25950625258808,106.4008608145989,pobre,basal,6,1200.0,492.0,1.0,37.0,15,193,27575,6,0.0
98,0.0,0.0,1.801,1.0,6.0,9,61.25950625258808,106.4008608145989,pobre,basal,6,1200.0,492.0,1.0,37.0,16,193,27575,6,0.0
97,1.0,0.0,1.801,0.0,6.0,9,61.25950625258808,106.4008608145989,pobre,basal,6,1200.0,492.0,1.0,37.0,14,193,27576,6,0.0
98,1.0,0.0,1.801,1.0,6.0,9,61.25950625258808,106.4008608145989,pobre,basal,6,1200.0,492.0,1.0,37.0,15,193,27576,6,0.0
97,0.0,0.0,1.801,1.0,4.0,9,61.25950625258808,106.4008608145989,pobre,basal,6,1200.0,492.0,1.0,37.0,12,193,27577,4,1.0
98,0.0,0.0,1.801,1.0,5.0,9,61.25950625258808,106.4008608145989,pobre,basal,6,1200.0,492.0,1.0,37.0,13,193,27577,4,1.0
97,1.0,0.0,1.801,1.0,6.0,8,61.25950625258808,106.4008608145989,pobre,basal,2,1200.0,476.0,1.0,34.0,12,193,27578,6,1.0
98,1.0,0.0,1.801,1.0,7.0,8,61.25950625258808,106.4008608145989,pobre,basal,2,1200.0,476.0,1.0,34.0,13,193,27578,6,1.0
97,0.0,0.0,1.801,1.0,5.0,8,61.25950625258808,106.4008608145989,pobre,basal,2,1200.0,476.0,1.0,34.0,11,193,27579,5,1.0
98,0.0,0.0,1.801,1.0,6.0,8,61.25950625258808,106.4008608145989,pobre,basal,2,1200.0,476.0,1.0,34.0,12,193,27579,5,1.0
97,1.0,0.0,1.801,1.0,2.0,8,61.25950625258808,106.4008608145989,pobre,basal,2,1200.0,476.0,1.0,34.0,9,193,27580,2,1.0
98,1.0,0.0,1.801,1.0,3.0,8,61.25950625258808,106.4008608145989,pobre,basal,2,1200.0,476.0,1.0,34.0,10,193,27580,2,1.0
97,0.0,0.0,1.801,1.0,0.0,8,61.25950625258808,106.4008608145989,pobre,basal,2,1200.0,476.0,1.0,34.0,6,193,27581,0,1.0
98,0.0,0.0,1.801,1.0,1.0,8,61.25950625258808,106.4008608145989,pobre,basal,2,1200.0,476.0,1.0,34.0,7,193,27581,0,1.0
97,1.0,1.0,1.325,,0.0,4,104.29006269286,130.7958678301766,pobre,0,0,0.0,645.14001,0.0,67.0,10,257,27582,0,
98,1.0,1.0,1.325,,,4,104.29006269286,130.7958678301766,pobre,0,0,0.0,645.14001,0.0,67.0,11,257,27582,0,
97,0.0,1.0,1.325,1.0,6.0,6,104.29006269286,130.7958678301766,pobre,0,0,750.0,513.14001,1.0,52.0,13,257,27583,6,1.0
98,0.0,1.0,1.325,1.0,7.0,6,104.29006269286,130.7958678301766,pobre,0,0,750.0,513.14001,1.0,52.0,14,257,27583,6,1.0
97,1.0,1.0,1.325,1.0,4.0,6,104.29006269286,130.7958678301766,pobre,0,0,750.0,513.14001,1.0,52.0,12,257,27584,4,1.0
98,1.0,1.0,1.325,1.0,6.0,6,104.29006269286,130.7958678301766,pobre,0,0,750.0,513.14001,1.0,52.0,13,257,27584,4,1.0
97,0.0,1.0,1.325,1.0,2.0,6,104.29006269286,130.7958678301766,pobre,0,0,750.0,513.14001,1.0,52.0,9,257,27585,2,1.0
98,0.0,1.0,1.325,1.0,3.0,6,104.29006269286,130.7958678301766,pobre,0,0,750.0,513.14001,1.0,52.0,10,257,27585,2,1.0
97,0.0,1.0,1.325,,0.0,6,104.29006269286,130.7958678301766,pobre,0,0,750.0,513.14001,1.0,52.0,7,257,27586,0,
98,0.0,1.0,1.325,1.0,2.0,6,104.29006269286,130.7958678301766,pobre,0,0,750.0,513.14001,1.0,52.0,8,257,27586,0,
97,0.0,1.0,1.325,1.0,2.0,4,104.29006269286,130.7958678301766,no pobre,0,2,400.0,943.0,1.0,53.0,10,257,27587,2,1.0
98,0.0,1.0,1.325,1.0,3.0,4,104.29006269286,130.7958678301766,no pobre,0,2,400.0,943.0,1.0,53.0,11,257,27587,2,1.0
97,1.0,1.0,1.325,0.0,2.0,5,104.29006269286,130.7958678301766,pobre,0,2,750.0,627.5,1.0,16.0,16,257,27588,2,0.0
98,1.0,1.0,1.325,,,5,104.29006269286,130.7958678301766,pobre,0,2,750.0,627.5,1.0,16.0,17,257,27588,2,0.0
97,0.0,1.0,1.325,,0.0,5,104.29006269286,130.7958678301766,pobre,0,2,750.0,627.5,1.0,16.0,14,257,27589,0,
98,0.0,1.0,1.325,0.0,0.0,5,104.29006269286,130.7958678301766,pobre,0,2,750.0,627.5,1.0,16.0,15,257,27589,0,
97,0.0,1.0,1.325,1.0,5.0,4,104.29006269286,130.7958678301766,pobre,0,0,625.0,558.0,0.0,75.0,11,257,27590,5,1.0
98,0.0,1.0,1.325,1.0,6.0,4,104.29006269286,130.7958678301766,pobre,0,0,625.0,558.0,0.0,75.0,12,257,27590,5,1.0
97,0.0,1.0,1.325,1.0,0.0,4,104.29006269286,130.7958678301766,pobre,0,0,625.0,558.0,0.0,75.0,8,257,27591,0,1.0
98,0.0,1.0,1.325,1.0,4.0,4,104.29006269286,130.7958678301766,pobre,0,0,625.0,558.0,0.0,75.0,9,257,27591,0,1.0
97,1.0,1.0,1.325,1.0,1.0,4,104.29006269286,130.7958678301766,pobre,0,0,625.0,558.0,0.0,75.0,7,257,27592,1,1.0
98,1.0,1.0,1.325,1.0,2.0,4,104.29006269286,130.7958678301766,pobre,0,0,625.0,558.0,0.0,75.0,8,257,27592,1,1.0
97,0.0,0.0,1.801,1.0,7.0,5,61.25950625258808,106.4008608145989,no pobre,basal,3,400.0,761.5,1.0,43.0,14,193,27593,7,1.0
98,0.0,0.0,1.801,0.0,7.0,5,61.25950625258808,106.4008608145989,no pobre,basal,3,400.0,761.5,1.0,43.0,15,193,27593,7,1.0
97,1.0,0.0,1.801,1.0,6.0,5,61.25950625258808,106.4008608145989,no pobre,basal,3,400.0,761.5,1.0,43.0,12,193,27594,6,1.0
98,1.0,0.0,1.801,1.0,7.0,5,61.25950625258808,106.4008608145989,no pobre,basal,3,400.0,761.5,1.0,43.0,13,193,27594,6,1.0
97,1.0,1.0,1.325,1.0,7.0,6,104.29006269286,130.7958678301766,pobre,0,8,625.0,537.0,1.0,30.0,13,257,27595,7,1.0
98,1.0,1.0,1.325,0.0,8.0,6,104.29006269286,130.7958678301766,pobre,0,8,625.0,537.0,1.0,30.0,14,257,27595,7,1.0
97,1.0,1.0,1.325,1.0,4.0,6,104.29006269286,130.7958678301766,pobre,0,8,625.0,537.0,1.0,30.0,10,257,27596,4,1.0
98,1.0,1.0,1.325,1.0,5.0,6,104.29006269286,130.7958678301766,pobre,0,8,625.0,537.0,1.0,30.0,11,257,27596,4,1.0
97,0.0,1.0,1.325,1.0,2.0,6,104.29006269286,130.7958678301766,pobre,0,8,625.0,537.0,1.0,30.0,8,257,27597,2,1.0
98,0.0,1.0,1.325,1.0,3.0,6,104.29006269286,130.7958678301766,pobre,0,8,625.0,537.0,1.0,30.0,9,257,27597,2,1.0
97,0.0,1.0,1.325,1.0,0.0,6,104.29006269286,130.7958678301766,pobre,0,8,625.0,537.0,1.0,30.0,6,257,27598,0,1.0
98,0.0,1.0,1.325,1.0,1.0,6,104.29006269286,130.7958678301766,pobre,0,8,625.0,537.0,1.0,30.0,7,257,27598,0,1.0
97,1.0,1.0,1.325,0.0,5.0,6,104.29006269286,130.7958678301766,pobre,0,3,750.0,583.0,1.0,40.0,11,257,27599,5,0.0
98,1.0,1.0,1.325,1.0,5.0,6,104.29006269286,130.7958678301766,pobre,0,3,750.0,583.0,1.0,40.0,12,257,27599,5,0.0
97,0.0,1.0,1.325,0.0,5.0,6,104.29006269286,130.7958678301766,pobre,0,3,750.0,583.0,1.0,40.0,10,257,27600,5,0.0
98,0.0,1.0,1.325,1.0,5.0,6,104.29006269286,130.7958678301766,pobre,0,3,750.0,583.0,1.0,40.0,11,257,27600,5,0.0
97,0.0,1.0,1.325,,0.0,6,104.29006269286,130.7958678301766,pobre,0,3,750.0,583.0,1.0,40.0,6,257,27601,0,
98,0.0,1.0,1.325,,,6,104.29006269286,130.7958678301766,pobre,0,3,750.0,583.0,1.0,40.0,7,257,27601,0,
97,0.0,1.0,1.325,1.0,1.0,5,104.29006269286,130.7958678301766,pobre,0,0,750.0,629.5,1.0,34.0,9,257,27602,1,1.0
98,0.0,1.0,1.325,1.0,2.0,5,104.29006269286,130.7958678301766,pobre,0,0,750.0,629.5,1.0,34.0,10,257,27602,1,1.0
97,0.0,1.0,1.325,1.0,0.0,5,104.29006269286,130.7958678301766,pobre,0,0,750.0,629.5,1.0,34.0,6,257,27603,0,1.0
98,0.0,1.0,1.325,1.0,1.0,5,104.29006269286,130.7958678301766,pobre,0,0,750.0,629.5,1.0,34.0,7,257,27603,0,1.0
97,0.0,1.0,1.325,0.0,4.0,9,104.29006269286,130.7958678301766,pobre,0,0,400.0,404.0,1.0,42.0,15,257,27604,4,0.0
98,0.0,1.0,1.325,0.0,3.0,9,104.29006269286,130.7958678301766,pobre,0,0,400.0,404.0,1.0,42.0,16,257,27604,4,0.0
97,1.0,1.0,1.325,0.0,3.0,9,104.29006269286,130.7958678301766,pobre,0,0,400.0,404.0,1.0,42.0,12,257,27605,3,0.0
98,1.0,1.0,1.325,0.0,3.0,9,104.29006269286,130.7958678301766,pobre,0,0,400.0,404.0,1.0,42.0,13,257,27605,3,0.0
97,1.0,1.0,1.325,0.0,2.0,9,104.29006269286,130.7958678301766,pobre,0,0,400.0,404.0,1.0,42.0,9,257,27606,2,0.0
98,1.0,1.0,1.325,0.0,2.0,9,104.29006269286,130.7958678301766,pobre,0,0,400.0,404.0,1.0,42.0,10,257,27606,2,0.0
97,1.0,1.0,1.325,1.0,0.0,9,104.29006269286,130.7958678301766,pobre,0,0,400.0,404.0,1.0,42.0,7,257,27607,0,1.0
98,1.0,1.0,1.325,1.0,1.0,9,104.29006269286,130.7958678301766,pobre,0,0,400.0,404.0,1.0,42.0,8,257,27607,0,1.0
97,1.0,1.0,1.325,1.0,4.0,6,104.29006269286,130.7958678301766,pobre,0,4,500.0,587.0,0.0,23.0,13,257,27608,4,1.0
98,1.0,1.0,1.325,1.0,5.0,6,104.29006269286,130.7958678301766,pobre,0,4,500.0,587.0,0.0,23.0,14,257,27608,4,1.0
97,0.0,1.0,1.325,1.0,8.0,9,104.29006269286,130.7958678301766,pobre,0,3,750.0,380.0,1.0,39.0,14,257,27609,8,1.0
98,0.0,1.0,1.325,,7.0,9,104.29006269286,130.7958678301766,pobre,0,3,750.0,380.0,1.0,39.0,15,257,27609,8,1.0
97,1.0,1.0,1.325,1.0,7.0,9,104.29006269286,130.7958678301766,pobre,0,3,750.0,380.0,1.0,39.0,13,257,27610,7,1.0
98,1.0,1.0,1.325,1.0,8.0,9,104.29006269286,130.7958678301766,pobre,0,3,750.0,380.0,1.0,39.0,14,257,27610,7,1.0
97,1.0,1.0,1.325,1.0,1.0,9,104.29006269286,130.7958678301766,pobre,0,3,750.0,380.0,1.0,39.0,7,257,27611,1,1.0
98,1.0,1.0,1.325,1.0,2.0,9,104.29006269286,130.7958678301766,pobre,0,3,750.0,380.0,1.0,39.0,8,257,27611,1,1.0
97,1.0,1.0,1.325,1.0,1.0,9,104.29006269286,130.7958678301766,pobre,0,3,750.0,380.0,1.0,39.0,6,257,27612,1,1.0
98,1.0,1.0,1.325,1.0,2.0,9,104.29006269286,130.7958678301766,pobre,0,3,750.0,380.0,1.0,39.0,7,257,27612,1,1.0
97,1.0,1.0,1.325,1.0,7.0,5,104.29006269286,130.7958678301766,pobre,0,0,875.0,620.66998,0.0,36.0,16,257,27613,7,1.0
98,1.0,1.0,1.325,1.0,8.0,5,104.29006269286,130.7958678301766,pobre,0,0,875.0,620.66998,0.0,36.0,17,257,27613,7,1.0
97,1.0,1.0,1.325,0.0,4.0,5,104.29006269286,130.7958678301766,pobre,0,0,875.0,620.66998,0.0,36.0,14,257,27614,4,0.0
98,1.0,1.0,1.325,0.0,4.0,5,104.29006269286,130.7958678301766,pobre,0,0,875.0,620.66998,0.0,36.0,15,257,27614,4,0.0
97,1.0,1.0,1.325,1.0,5.0,5,104.29006269286,130.7958678301766,pobre,0,0,875.0,620.66998,0.0,36.0,12,257,27615,5,1.0
98,1.0,1.0,1.325,1.0,6.0,5,104.29006269286,130.7958678301766,pobre,0,0,875.0,620.66998,0.0,36.0,13,257,27615,5,1.0
97,0.0,1.0,1.325,1.0,1.0,5,104.29006269286,130.7958678301766,pobre,0,0,875.0,620.66998,0.0,36.0,8,257,27616,1,1.0
98,0.0,1.0,1.325,1.0,2.0,5,104.29006269286,130.7958678301766,pobre,0,0,875.0,620.66998,0.0,36.0,9,257,27616,1,1.0
97,0.0,1.0,1.325,1.0,1.0,6,104.29006269286,130.7958678301766,pobre,0,0,750.0,501.0,1.0,39.0,8,257,27617,1,1.0
98,0.0,1.0,1.325,1.0,2.0,6,104.29006269286,130.7958678301766,pobre,0,0,750.0,501.0,1.0,39.0,9,257,27617,1,1.0
97,1.0,1.0,1.325,1.0,4.0,8,104.29006269286,130.7958678301766,pobre,0,0,625.0,410.0,1.0,78.0,12,257,27618,4,1.0
98,1.0,1.0,1.325,1.0,5.0,8,104.29006269286,130.7958678301766,pobre,0,0,625.0,410.0,1.0,78.0,13,257,27618,4,1.0
97,0.0,1.0,1.325,1.0,3.0,8,104.29006269286,130.7958678301766,pobre,0,0,625.0,410.0,1.0,78.0,10,257,27619,3,1.0
98,0.0,1.0,1.325,1.0,4.0,8,104.29006269286,130.7958678301766,pobre,0,0,625.0,410.0,1.0,78.0,11,257,27619,3,1.0
97,1.0,1.0,1.325,1.0,2.0,8,104.29006269286,130.7958678301766,pobre,0,0,625.0,410.0,1.0,78.0,9,257,27620,2,1.0
98,1.0,1.0,1.325,1.0,3.0,8,104.29006269286,130.7958678301766,pobre,0,0,625.0,410.0,1.0,78.0,10,257,27620,2,1.0
97,0.0,1.0,1.325,1.0,1.0,8,104.29006269286,130.7958678301766,pobre,0,0,625.0,410.0,1.0,78.0,7,257,27621,1,1.0
98,0.0,1.0,1.325,1.0,2.0,8,104.29006269286,130.7958678301766,pobre,0,0,625.0,410.0,1.0,78.0,8,257,27621,1,1.0
97,0.0,1.0,1.325,,0.0,5,104.29006269286,130.7958678301766,pobre,0,1,500.0,573.0,1.0,38.0,11,257,27622,0,
98,0.0,1.0,1.325,1.0,6.0,5,104.29006269286,130.7958678301766,pobre,0,1,500.0,573.0,1.0,38.0,12,257,27622,0,
97,1.0,1.0,1.325,1.0,1.0,5,104.29006269286,130.7958678301766,pobre,0,1,500.0,573.0,1.0,38.0,7,257,27623,1,1.0
98,1.0,1.0,1.325,1.0,2.0,5,104.29006269286,130.7958678301766,pobre,0,1,500.0,573.0,1.0,38.0,8,257,27623,1,1.0
97,1.0,1.0,1.325,1.0,5.0,3,104.29006269286,130.7958678301766,pobre,0,0,750.0,644.0,0.0,57.0,11,257,27624,5,1.0
98,1.0,1.0,1.325,1.0,5.0,3,104.29006269286,130.7958678301766,pobre,0,0,750.0,644.0,0.0,57.0,12,257,27624,5,1.0
97,0.0,1.0,1.325,,0.0,6,104.29006269286,130.7958678301766,pobre,0,2,750.0,580.0,1.0,23.0,6,257,27625,0,
98,0.0,1.0,1.325,,,6,104.29006269286,130.7958678301766,pobre,0,2,750.0,580.0,1.0,23.0,7,257,27625,0,
97,0.0,1.0,1.325,1.0,4.0,7,104.29006269286,130.7958678301766,pobre,0,6,800.0,684.0,1.0,31.0,11,257,27626,4,1.0
98,0.0,1.0,1.325,1.0,4.0,7,104.29006269286,130.7958678301766,pobre,0,6,800.0,684.0,1.0,31.0,12,257,27626,4,1.0
97,0.0,1.0,1.325,1.0,3.0,7,104.29006269286,130.7958678301766,pobre,0,6,800.0,684.0,1.0,31.0,9,257,27627,3,1.0
98,0.0,1.0,1.325,1.0,3.0,7,104.29006269286,130.7958678301766,pobre,0,6,800.0,684.0,1.0,31.0,10,257,27627,3,1.0
97,0.0,1.0,1.325,1.0,2.0,7,104.29006269286,130.7958678301766,pobre,0,6,800.0,684.0,1.0,31.0,8,257,27628,2,1.0
98,0.0,1.0,1.325,1.0,1.0,7,104.29006269286,130.7958678301766,pobre,0,6,800.0,684.0,1.0,31.0,9,257,27628,2,1.0
97,1.0,1.0,1.325,1.0,5.0,9,104.29006269286,130.7958678301766,pobre,0,0,750.0,361.0,1.0,61.0,13,257,27629,5,1.0
98,1.0,1.0,1.325,0.0,5.0,9,104.29006269286,130.7958678301766,pobre,0,0,750.0,361.0,1.0,61.0,14,257,27629,5,1.0
97,0.0,1.0,1.325,1.0,3.0,9,104.29006269286,130.7958678301766,pobre,0,0,750.0,361.0,1.0,61.0,11,257,27630,3,1.0
98,0.0,1.0,1.325,1.0,3.0,9,104.29006269286,130.7958678301766,pobre,0,0,750.0,361.0,1.0,61.0,12,257,27630,3,1.0
97,0.0,1.0,1.325,1.0,1.0,9,104.29006269286,130.7958678301766,pobre,0,0,750.0,361.0,1.0,61.0,9,257,27631,1,1.0
98,0.0,1.0,1.325,1.0,2.0,9,104.29006269286,130.7958678301766,pobre,0,0,750.0,361.0,1.0,61.0,10,257,27631,1,1.0
97,1.0,1.0,1.325,0.0,2.0,2,104.29006269286,130.7958678301766,pobre,0,2,875.0,634.0,1.0,15.0,15,257,27632,2,0.0
98,1.0,1.0,1.325,0.0,2.0,2,104.29006269286,130.7958678301766,pobre,0,2,875.0,634.0,1.0,15.0,16,257,27632,2,0.0
97,0.0,1.0,1.325,0.0,6.0,2,104.29006269286,130.7958678301766,pobre,0,2,875.0,634.0,1.0,15.0,15,257,27633,6,0.0
98,0.0,1.0,1.325,0.0,6.0,2,104.29006269286,130.7958678301766,pobre,0,2,875.0,634.0,1.0,15.0,16,257,27633,6,0.0
97,0.0,1.0,1.325,1.0,1.0,4,104.29006269286,130.7958678301766,pobre,0,0,750.0,667.0,1.0,37.0,7,257,27634,1,1.0
98,0.0,1.0,1.325,1.0,2.0,4,104.29006269286,130.7958678301766,pobre,0,0,750.0,667.0,1.0,37.0,8,257,27634,1,1.0
97,0.0,0.0,1.801,1.0,1.0,6,61.25950625258808,106.4008608145989,pobre,basal,1,0.0,744.0,0.0,67.0,7,193,27635,1,1.0
98,0.0,0.0,1.801,,,6,61.25950625258808,106.4008608145989,pobre,basal,1,0.0,744.0,0.0,67.0,8,193,27635,1,1.0
97,1.0,1.0,1.325,0.0,3.0,5,104.29006269286,130.7958678301766,pobre,0,3,750.0,558.29999,1.0,38.0,16,257,27636,3,0.0
98,1.0,1.0,1.325,,,5,104.29006269286,130.7958678301766,pobre,0,3,750.0,558.29999,1.0,38.0,17,257,27636,3,0.0
97,1.0,1.0,1.325,1.0,1.0,5,104.29006269286,130.7958678301766,pobre,0,3,750.0,558.29999,1.0,38.0,6,257,27637,1,1.0
98,1.0,1.0,1.325,1.0,1.0,5,104.29006269286,130.7958678301766,pobre,0,3,750.0,558.29999,1.0,38.0,7,257,27637,1,1.0
97,0.0,1.0,1.325,0.0,3.0,4,104.29006269286,130.7958678301766,pobre,0,2,680.0,740.0,1.0,40.0,12,257,27638,3,0.0
98,0.0,1.0,1.325,0.0,4.0,4,104.29006269286,130.7958678301766,pobre,0,2,680.0,740.0,1.0,40.0,13,257,27638,3,0.0
97,1.0,1.0,1.325,1.0,1.0,4,104.29006269286,130.7958678301766,pobre,0,2,680.0,740.0,1.0,40.0,9,257,27639,1,1.0
98,1.0,1.0,1.325,1.0,2.0,4,104.29006269286,130.7958678301766,pobre,0,2,680.0,740.0,1.0,40.0,10,257,27639,1,1.0
97,1.0,1.0,1.325,1.0,1.0,5,104.29006269286,130.7958678301766,pobre,0,3,600.0,544.0,1.0,27.0,10,257,27640,1,1.0
98,1.0,1.0,1.325,0.0,1.0,5,104.29006269286,130.7958678301766,pobre,0,3,600.0,544.0,1.0,27.0,11,257,27640,1,1.0
97,1.0,1.0,1.325,,0.0,5,104.29006269286,130.7958678301766,pobre,0,3,600.0,544.0,1.0,27.0,6,257,27641,0,
98,1.0,1.0,1.325,,1.0,5,104.29006269286,130.7958678301766,pobre,0,3,600.0,544.0,1.0,27.0,7,257,27641,0,
97,1.0,1.0,1.325,1.0,1.0,5,104.29006269286,130.7958678301766,pobre,0,2,83.333336,568.14001,0.0,40.0,9,257,27642,1,1.0
98,1.0,1.0,1.325,1.0,3.0,5,104.29006269286,130.7958678301766,pobre,0,2,83.333336,568.14001,0.0,40.0,10,257,27642,1,1.0
97,0.0,1.0,1.325,1.0,1.0,5,104.29006269286,130.7958678301766,pobre,0,2,83.333336,568.14001,0.0,40.0,7,257,27643,1,1.0
98,0.0,1.0,1.325,,,5,104.29006269286,130.7958678301766,pobre,0,2,83.333336,568.14001,0.0,40.0,8,257,27643,1,1.0
97,0.0,1.0,1.325,,0.0,3,104.29006269286,130.7958678301766,pobre,0,6,400.0,675.0,1.0,40.0,16,257,27644,0,
98,0.0,1.0,1.325,,,3,104.29006269286,130.7958678301766,pobre,0,6,400.0,675.0,1.0,40.0,17,257,27644,0,
97,1.0,1.0,1.325,1.0,8.0,7,104.29006269286,130.7958678301766,pobre,0,0,600.0,514.0,1.0,45.0,15,257,27645,8,1.0
98,1.0,1.0,1.325,0.0,9.0,7,104.29006269286,130.7958678301766,pobre,0,0,600.0,514.0,1.0,45.0,16,257,27645,8,1.0
97,1.0,1.0,1.325,1.0,5.0,7,104.29006269286,130.7958678301766,pobre,0,0,600.0,514.0,1.0,45.0,12,257,27646,5,1.0
98,1.0,1.0,1.325,1.0,6.0,7,104.29006269286,130.7958678301766,pobre,0,0,600.0,514.0,1.0,45.0,13,257,27646,5,1.0
97,1.0,1.0,1.325,1.0,1.0,7,104.29006269286,130.7958678301766,pobre,0,0,600.0,514.0,1.0,45.0,9,257,27647,1,1.0
98,1.0,1.0,1.325,,,7,104.29006269286,130.7958678301766,pobre,0,0,600.0,514.0,1.0,45.0,10,257,27647,1,1.0
97,0.0,1.0,1.325,1.0,5.0,9,104.29006269286,130.7958678301766,pobre,0,3,83.333336,566.64001,1.0,67.0,14,257,27648,5,1.0
98,0.0,1.0,1.325,,,9,104.29006269286,130.7958678301766,pobre,0,3,83.333336,566.64001,1.0,67.0,15,257,27648,5,1.0
97,0.0,1.0,1.325,1.0,1.0,9,104.29006269286,130.7958678301766,pobre,0,3,83.333336,566.64001,1.0,67.0,10,257,27649,1,1.0
98,0.0,1.0,1.325,1.0,2.0,9,104.29006269286,130.7958678301766,pobre,0,3,83.333336,566.64001,1.0,67.0,11,257,27649,1,1.0
97,1.0,1.0,1.325,1.0,1.0,9,104.29006269286,130.7958678301766,pobre,0,3,83.333336,566.64001,1.0,67.0,9,257,27650,1,1.0
98,1.0,1.0,1.325,1.0,2.0,9,104.29006269286,130.7958678301766,pobre,0,3,83.333336,566.64001,1.0,67.0,10,257,27650,1,1.0
97,0.0,1.0,1.325,,0.0,9,104.29006269286,130.7958678301766,pobre,0,3,83.333336,566.64001,1.0,67.0,7,257,27651,0,
98,0.0,1.0,1.325,,,9,104.29006269286,130.7958678301766,pobre,0,3,83.333336,566.64001,1.0,67.0,8,257,27651,0,
97,1.0,1.0,1.325,,0.0,6,104.29006269286,130.7958678301766,pobre,0,0,875.0,582.0,1.0,30.0,11,257,27652,0,
98,1.0,1.0,1.325,1.0,6.0,6,104.29006269286,130.7958678301766,pobre,0,0,875.0,582.0,1.0,30.0,12,257,27652,0,
97,0.0,1.0,1.325,,0.0,6,104.29006269286,130.7958678301766,pobre,0,0,875.0,582.0,1.0,30.0,10,257,27653,0,
98,0.0,1.0,1.325,1.0,5.0,6,104.29006269286,130.7958678301766,pobre,0,0,875.0,582.0,1.0,30.0,11,257,27653,0,
97,1.0,1.0,1.325,,0.0,6,104.29006269286,130.7958678301766,pobre,0,0,875.0,582.0,1.0,30.0,7,257,27654,0,
98,1.0,1.0,1.325,1.0,2.0,6,104.29006269286,130.7958678301766,pobre,0,0,875.0,582.0,1.0,30.0,8,257,27654,0,
97,1.0,1.0,1.325,0.0,4.0,6,104.29006269286,130.7958678301766,pobre,0,4,0.0,545.0,0.0,41.0,14,257,27655,4,0.0
98,1.0,1.0,1.325,0.0,4.0,6,104.29006269286,130.7958678301766,pobre,0,4,0.0,545.0,0.0,41.0,15,257,27655,4,0.0
97,1.0,1.0,1.325,0.0,4.0,6,104.29006269286,130.7958678301766,pobre,0,4,0.0,545.0,0.0,41.0,12,257,27656,4,0.0
98,1.0,1.0,1.325,0.0,4.0,6,104.29006269286,130.7958678301766,pobre,0,4,0.0,545.0,0.0,41.0,13,257,27656,4,0.0
97,0.0,1.0,1.325,0.0,3.0,6,104.29006269286,130.7958678301766,pobre,0,4,0.0,545.0,0.0,41.0,9,257,27657,3,0.0
98,0.0,1.0,1.325,0.0,3.0,6,104.29006269286,130.7958678301766,pobre,0,4,0.0,545.0,0.0,41.0,10,257,27657,3,0.0
97,1.0,1.0,1.325,1.0,3.0,8,104.29006269286,130.7958678301766,pobre,0,4,750.0,535.0,1.0,33.0,10,257,27658,3,1.0
98,1.0,1.0,1.325,1.0,4.0,8,104.29006269286,130.7958678301766,pobre,0,4,750.0,535.0,1.0,33.0,11,257,27658,3,1.0
97,1.0,1.0,1.325,1.0,1.0,8,104.29006269286,130.7958678301766,pobre,0,4,750.0,535.0,1.0,33.0,8,257,27659,1,1.0
98,1.0,1.0,1.325,1.0,2.0,8,104.29006269286,130.7958678301766,pobre,0,4,750.0,535.0,1.0,33.0,9,257,27659,1,1.0
97,1.0,1.0,1.325,1.0,0.0,8,104.29006269286,130.7958678301766,pobre,0,4,750.0,535.0,1.0,33.0,6,257,27660,0,1.0
98,1.0,1.0,1.325,1.0,1.0,8,104.29006269286,130.7958678301766,pobre,0,4,750.0,535.0,1.0,33.0,7,257,27660,0,1.0
97,1.0,0.0,1.325,1.0,7.0,8,104.29006269286,130.7958678301766,pobre,0,6,750.0,571.14001,1.0,45.0,15,257,27661,7,1.0
98,1.0,0.0,1.325,,,8,104.29006269286,130.7958678301766,pobre,0,6,750.0,571.14001,1.0,45.0,16,257,27661,7,1.0
97,1.0,0.0,1.325,1.0,5.0,8,104.29006269286,130.7958678301766,pobre,0,6,750.0,571.14001,1.0,45.0,12,257,27662,5,1.0
98,1.0,0.0,1.325,1.0,6.0,8,104.29006269286,130.7958678301766,pobre,0,6,750.0,571.14001,1.0,45.0,13,257,27662,5,1.0
97,1.0,0.0,1.325,1.0,3.0,8,104.29006269286,130.7958678301766,pobre,0,6,750.0,571.14001,1.0,45.0,10,257,27663,3,1.0
98,1.0,0.0,1.325,1.0,4.0,8,104.29006269286,130.7958678301766,pobre,0,6,750.0,571.14001,1.0,45.0,11,257,27663,3,1.0
97,1.0,0.0,1.325,1.0,1.0,8,104.29006269286,130.7958678301766,pobre,0,6,750.0,571.14001,1.0,45.0,9,257,27664,1,1.0
98,1.0,0.0,1.325,1.0,2.0,8,104.29006269286,130.7958678301766,pobre,0,6,750.0,571.14001,1.0,45.0,10,257,27664,1,1.0
97,0.0,0.0,1.325,,0.0,8,104.29006269286,130.7958678301766,pobre,0,6,750.0,571.14001,1.0,45.0,6,257,27665,0,
98,0.0,0.0,1.325,,,8,104.29006269286,130.7958678301766,pobre,0,6,750.0,571.14001,1.0,45.0,7,257,27665,0,
97,0.0,1.0,1.325,0.0,6.0,6,104.29006269286,130.7958678301766,pobre,0,0,750.0,612.0,1.0,45.0,14,257,27666,6,0.0
98,0.0,1.0,1.325,0.0,6.0,6,104.29006269286,130.7958678301766,pobre,0,0,750.0,612.0,1.0,45.0,15,257,27666,6,0.0
97,0.0,1.0,1.325,1.0,4.0,6,104.29006269286,130.7958678301766,pobre,0,0,750.0,612.0,1.0,45.0,11,257,27667,4,1.0
98,0.0,1.0,1.325,1.0,5.0,6,104.29006269286,130.7958678301766,pobre,0,0,750.0,612.0,1.0,45.0,12,257,27667,4,1.0
97,0.0,1.0,1.325,1.0,2.0,6,104.29006269286,130.7958678301766,pobre,0,0,750.0,612.0,1.0,45.0,8,257,27668,2,1.0
98,0.0,1.0,1.325,,,6,104.29006269286,130.7958678301766,pobre,0,0,750.0,612.0,1.0,45.0,9,257,27668,2,1.0
97,1.0,1.0,1.325,0.0,6.0,9,104.29006269286,130.7958678301766,pobre,0,5,1000.0,415.0,1.0,37.0,14,257,27669,6,0.0
98,1.0,1.0,1.325,0.0,6.0,9,104.29006269286,130.7958678301766,pobre,0,5,1000.0,415.0,1.0,37.0,15,257,27669,6,0.0
97,1.0,1.0,1.325,1.0,5.0,9,104.29006269286,130.7958678301766,pobre,0,5,1000.0,415.0,1.0,37.0,12,257,27670,5,1.0
98,1.0,1.0,1.325,0.0,6.0,9,104.29006269286,130.7958678301766,pobre,0,5,1000.0,415.0,1.0,37.0,13,257,27670,5,1.0
97,0.0,1.0,1.325,1.0,2.0,9,104.29006269286,130.7958678301766,pobre,0,5,1000.0,415.0,1.0,37.0,9,257,27671,2,1.0
98,0.0,1.0,1.325,1.0,3.0,9,104.29006269286,130.7958678301766,pobre,0,5,1000.0,415.0,1.0,37.0,10,257,27671,2,1.0
97,0.0,1.0,1.325,1.0,2.0,9,104.29006269286,130.7958678301766,pobre,0,5,1000.0,415.0,1.0,37.0,7,257,27672,2,1.0
98,0.0,1.0,1.325,1.0,3.0,9,104.29006269286,130.7958678301766,pobre,0,5,1000.0,415.0,1.0,37.0,8,257,27672,2,1.0
97,0.0,0.0,2.8759999,1.0,5.0,7,76.66766710610354,93.367176627097,pobre,0,2,100.0,387.0,1.0,38.0,13,167,27673,5,1.0
98,0.0,0.0,2.8759999,0.0,6.0,7,76.66766710610354,93.367176627097,pobre,0,2,100.0,387.0,1.0,38.0,14,167,27673,5,1.0
97,1.0,0.0,2.8759999,1.0,5.0,7,76.66766710610354,93.367176627097,pobre,0,2,100.0,387.0,1.0,38.0,12,167,27674,5,1.0
98,1.0,0.0,2.8759999,0.0,6.0,7,76.66766710610354,93.367176627097,pobre,0,2,100.0,387.0,1.0,38.0,13,167,27674,5,1.0
97,1.0,0.0,2.8759999,1.0,4.0,7,76.66766710610354,93.367176627097,pobre,0,2,100.0,387.0,1.0,38.0,10,167,27675,4,1.0
98,1.0,0.0,2.8759999,1.0,4.0,7,76.66766710610354,93.367176627097,pobre,0,2,100.0,387.0,1.0,38.0,11,167,27675,4,1.0
97,1.0,0.0,2.8759999,,0.0,7,76.66766710610354,93.367176627097,pobre,0,2,100.0,387.0,1.0,38.0,7,167,27676,0,
98,1.0,0.0,2.8759999,,,7,76.66766710610354,93.367176627097,pobre,0,2,100.0,387.0,1.0,38.0,8,167,27676,0,
97,1.0,0.0,2.8759999,0.0,6.0,9,76.66766710610354,93.367176627097,pobre,0,2,2500.0,635.0,1.0,40.0,15,167,27677,6,0.0
98,1.0,0.0,2.8759999,,,9,76.66766710610354,93.367176627097,pobre,0,2,2500.0,635.0,1.0,40.0,16,167,27677,6,0.0
97,0.0,0.0,2.8759999,1.0,3.0,9,76.66766710610354,93.367176627097,pobre,0,2,2500.0,635.0,1.0,40.0,10,167,27678,3,1.0
98,0.0,0.0,2.8759999,0.0,4.0,9,76.66766710610354,93.367176627097,pobre,0,2,2500.0,635.0,1.0,40.0,11,167,27678,3,1.0
97,1.0,0.0,2.8759999,,0.0,9,76.66766710610354,93.367176627097,pobre,0,2,2500.0,635.0,1.0,40.0,7,167,27679,0,
98,1.0,0.0,2.8759999,1.0,1.0,9,76.66766710610354,93.367176627097,pobre,0,2,2500.0,635.0,1.0,40.0,8,167,27679,0,
97,1.0,0.0,2.8759999,0.0,6.0,6,76.66766710610354,93.367176627097,pobre,0,0,83.333336,667.0,1.0,56.0,16,167,27680,6,0.0
98,1.0,0.0,2.8759999,,,6,76.66766710610354,93.367176627097,pobre,0,0,83.333336,667.0,1.0,56.0,17,167,27680,6,0.0
97,1.0,0.0,2.8759999,0.0,6.0,6,76.66766710610354,93.367176627097,pobre,0,0,83.333336,667.0,1.0,56.0,14,167,27681,6,0.0
98,1.0,0.0,2.8759999,0.0,6.0,6,76.66766710610354,93.367176627097,pobre,0,0,83.333336,667.0,1.0,56.0,15,167,27681,6,0.0
97,1.0,0.0,2.8759999,1.0,3.0,6,76.66766710610354,93.367176627097,pobre,0,0,83.333336,667.0,1.0,56.0,11,167,27682,3,1.0
98,1.0,0.0,2.8759999,1.0,4.0,6,76.66766710610354,93.367176627097,pobre,0,0,83.333336,667.0,1.0,56.0,12,167,27682,3,1.0
97,1.0,0.0,2.8759999,1.0,3.0,6,76.66766710610354,93.367176627097,pobre,0,0,83.333336,667.0,1.0,56.0,9,167,27683,3,1.0
98,1.0,0.0,2.8759999,1.0,4.0,6,76.66766710610354,93.367176627097,pobre,0,0,83.333336,667.0,1.0,56.0,10,167,27683,3,1.0
97,1.0,0.0,2.2060001,1.0,4.0,6,74.64178136816749,96.61311455025414,pobre,basal,2,1250.0,706.0,1.0,34.0,11,180,27684,4,1.0
98,1.0,0.0,2.2060001,1.0,,6,74.64178136816749,96.61311455025414,pobre,basal,2,1250.0,706.0,1.0,34.0,12,180,27684,4,1.0
97,1.0,0.0,2.2060001,1.0,1.0,6,74.64178136816749,96.61311455025414,pobre,basal,2,1250.0,706.0,1.0,34.0,8,180,27685,1,1.0
98,1.0,0.0,2.2060001,1.0,2.0,6,74.64178136816749,96.61311455025414,pobre,basal,2,1250.0,706.0,1.0,34.0,9,180,27685,1,1.0
97,0.0,0.0,2.2060001,0.0,3.0,4,74.64178136816749,96.61311455025414,no pobre,basal,0,0.0,758.0,1.0,67.0,16,180,27686,3,0.0
98,0.0,0.0,2.2060001,,,4,74.64178136816749,96.61311455025414,no pobre,basal,0,0.0,758.0,1.0,67.0,17,180,27686,3,0.0
97,1.0,0.0,0.97299999,,0.0,7,73.11396693220289,95.08391936905932,pobre,0,8,400.0,668.0,1.0,39.0,16,195,27687,0,
98,1.0,0.0,0.97299999,0.0,4.0,7,73.11396693220289,95.08391936905932,pobre,0,8,400.0,668.0,1.0,39.0,17,195,27687,0,
97,1.0,0.0,0.97299999,1.0,5.0,7,73.11396693220289,95.08391936905932,pobre,0,8,400.0,668.0,1.0,39.0,11,195,27688,5,1.0
98,1.0,0.0,0.97299999,1.0,6.0,7,73.11396693220289,95.08391936905932,pobre,0,8,400.0,668.0,1.0,39.0,12,195,27688,5,1.0
97,0.0,0.0,0.97299999,1.0,1.0,7,73.11396693220289,95.08391936905932,pobre,0,8,400.0,668.0,1.0,39.0,10,195,27689,1,1.0
98,0.0,0.0,0.97299999,1.0,2.0,7,73.11396693220289,95.08391936905932,pobre,0,8,400.0,668.0,1.0,39.0,11,195,27689,1,1.0
97,1.0,0.0,0.97299999,1.0,0.0,7,73.11396693220289,95.08391936905932,pobre,0,8,400.0,668.0,1.0,39.0,6,195,27690,0,1.0
98,1.0,0.0,0.97299999,1.0,0.0,7,73.11396693220289,95.08391936905932,pobre,0,8,400.0,668.0,1.0,39.0,7,195,27690,0,1.0
97,0.0,0.0,2.8759999,0.0,3.0,17,76.66766710610354,93.367176627097,pobre,0,0,480.0,463.79999,1.0,50.0,15,167,27691,3,0.0
98,0.0,0.0,2.8759999,0.0,3.0,17,76.66766710610354,93.367176627097,pobre,0,0,480.0,463.79999,1.0,50.0,16,167,27691,3,0.0
97,0.0,0.0,2.8759999,1.0,4.0,17,76.66766710610354,93.367176627097,pobre,0,0,480.0,463.79999,1.0,50.0,12,167,27692,4,1.0
98,0.0,0.0,2.8759999,1.0,5.0,17,76.66766710610354,93.367176627097,pobre,0,0,480.0,463.79999,1.0,50.0,13,167,27692,4,1.0
97,1.0,0.0,2.8759999,1.0,1.0,17,76.66766710610354,93.367176627097,pobre,0,0,480.0,463.79999,1.0,50.0,8,167,27693,1,1.0
98,1.0,0.0,2.8759999,1.0,3.0,17,76.66766710610354,93.367176627097,pobre,0,0,480.0,463.79999,1.0,50.0,9,167,27693,1,1.0
97,0.0,0.0,2.8759999,1.0,0.0,6,76.66766710610354,93.367176627097,pobre,0,0,750.0,429.0,1.0,28.0,6,167,27694,0,1.0
98,0.0,0.0,2.8759999,1.0,1.0,6,76.66766710610354,93.367176627097,pobre,0,0,750.0,429.0,1.0,28.0,7,167,27694,0,1.0
97,0.0,0.0,2.8759999,,0.0,16,76.66766710610354,93.367176627097,pobre,0,0,0.0,360.0,0.0,52.0,15,167,27695,0,
98,0.0,0.0,2.8759999,0.0,2.0,16,76.66766710610354,93.367176627097,pobre,0,0,0.0,360.0,0.0,52.0,16,167,27695,0,
97,0.0,0.0,2.8759999,1.0,4.0,16,76.66766710610354,93.367176627097,pobre,0,0,0.0,360.0,0.0,52.0,13,167,27696,4,1.0
98,0.0,0.0,2.8759999,1.0,5.0,16,76.66766710610354,93.367176627097,pobre,0,0,0.0,360.0,0.0,52.0,14,167,27696,4,1.0
97,1.0,0.0,2.8759999,1.0,0.0,16,76.66766710610354,93.367176627097,pobre,0,0,0.0,360.0,0.0,52.0,9,167,27697,0,1.0
98,1.0,0.0,2.8759999,1.0,2.0,16,76.66766710610354,93.367176627097,pobre,0,0,0.0,360.0,0.0,52.0,10,167,27697,0,1.0
97,1.0,0.0,2.8759999,1.0,3.0,16,76.66766710610354,93.367176627097,pobre,0,0,0.0,360.0,0.0,52.0,12,167,27698,3,1.0
98,1.0,0.0,2.8759999,1.0,4.0,16,76.66766710610354,93.367176627097,pobre,0,0,0.0,360.0,0.0,52.0,13,167,27698,3,1.0
97,1.0,0.0,2.8759999,1.0,1.0,16,76.66766710610354,93.367176627097,pobre,0,0,0.0,360.0,0.0,52.0,10,167,27699,1,1.0
98,1.0,0.0,2.8759999,1.0,1.0,16,76.66766710610354,93.367176627097,pobre,0,0,0.0,360.0,0.0,52.0,11,167,27699,1,1.0
97,1.0,0.0,2.8759999,1.0,4.0,8,76.66766710610354,93.367176627097,pobre,0,0,400.0,344.0,1.0,32.0,13,167,27700,4,1.0
98,1.0,0.0,2.8759999,1.0,5.0,8,76.66766710610354,93.367176627097,pobre,0,0,400.0,344.0,1.0,32.0,14,167,27700,4,1.0
97,0.0,0.0,2.8759999,1.0,2.0,8,76.66766710610354,93.367176627097,pobre,0,0,400.0,344.0,1.0,32.0,11,167,27701,2,1.0
98,0.0,0.0,2.8759999,1.0,3.0,8,76.66766710610354,93.367176627097,pobre,0,0,400.0,344.0,1.0,32.0,12,167,27701,2,1.0
97,1.0,0.0,2.8759999,,0.0,8,76.66766710610354,93.367176627097,pobre,0,0,400.0,344.0,1.0,32.0,9,167,27702,0,
98,1.0,0.0,2.8759999,1.0,3.0,8,76.66766710610354,93.367176627097,pobre,0,0,400.0,344.0,1.0,32.0,10,167,27702,0,
97,0.0,0.0,2.8759999,1.0,0.0,8,76.66766710610354,93.367176627097,pobre,0,0,400.0,344.0,1.0,32.0,7,167,27703,0,1.0
98,0.0,0.0,2.8759999,1.0,1.0,8,76.66766710610354,93.367176627097,pobre,0,0,400.0,344.0,1.0,32.0,8,167,27703,0,1.0
97,0.0,0.0,2.5020001,0.0,6.0,3,142.608663919852,142.608663919852,pobre,basal,0,0.0,729.0,0.0,47.0,16,170,27704,6,0.0
98,0.0,0.0,2.5020001,,,3,142.608663919852,142.608663919852,pobre,basal,0,0.0,729.0,0.0,47.0,17,170,27704,6,0.0
97,1.0,0.0,2.5020001,1.0,1.0,3,142.608663919852,142.608663919852,pobre,basal,0,0.0,729.0,0.0,47.0,11,170,27705,1,1.0
98,1.0,0.0,2.5020001,1.0,4.0,3,142.608663919852,142.608663919852,pobre,basal,0,0.0,729.0,0.0,47.0,12,170,27705,1,1.0
97,0.0,0.0,0.97299999,1.0,8.0,8,73.11396693220289,95.08391936905932,no pobre,0,2,625.0,692.39099,1.0,45.0,16,195,27706,8,1.0
98,0.0,0.0,0.97299999,,,8,73.11396693220289,95.08391936905932,no pobre,0,2,625.0,692.39099,1.0,45.0,17,195,27706,8,1.0
97,1.0,0.0,0.97299999,1.0,8.0,8,73.11396693220289,95.08391936905932,no pobre,0,2,625.0,692.39099,1.0,45.0,15,195,27707,8,1.0
98,1.0,0.0,0.97299999,0.0,9.0,8,73.11396693220289,95.08391936905932,no pobre,0,2,625.0,692.39099,1.0,45.0,16,195,27707,8,1.0
97,0.0,0.0,0.97299999,1.0,7.0,8,73.11396693220289,95.08391936905932,no pobre,0,2,625.0,692.39099,1.0,45.0,14,195,27708,7,1.0
98,0.0,0.0,0.97299999,1.0,8.0,8,73.11396693220289,95.08391936905932,no pobre,0,2,625.0,692.39099,1.0,45.0,15,195,27708,7,1.0
97,0.0,0.0,0.97299999,1.0,3.0,8,73.11396693220289,95.08391936905932,no pobre,0,2,625.0,692.39099,1.0,45.0,10,195,27709,3,1.0
98,0.0,0.0,0.97299999,,,8,73.11396693220289,95.08391936905932,no pobre,0,2,625.0,692.39099,1.0,45.0,11,195,27709,3,1.0
97,0.0,0.0,0.97299999,1.0,0.0,6,73.11396693220289,95.08391936905932,pobre,0,0,800.0,469.0,1.0,30.0,9,195,27710,0,1.0
98,0.0,0.0,0.97299999,1.0,1.0,6,73.11396693220289,95.08391936905932,pobre,0,0,800.0,469.0,1.0,30.0,10,195,27710,0,1.0
97,1.0,0.0,0.97299999,1.0,0.0,6,73.11396693220289,95.08391936905932,pobre,0,0,800.0,469.0,1.0,30.0,6,195,27711,0,1.0
98,1.0,0.0,0.97299999,1.0,0.0,6,73.11396693220289,95.08391936905932,pobre,0,0,800.0,469.0,1.0,30.0,7,195,27711,0,1.0
97,0.0,0.0,0.97299999,1.0,0.0,5,73.11396693220289,95.08391936905932,pobre,0,3,1400.0,615.0,1.0,32.0,8,195,27712,0,1.0
98,0.0,0.0,0.97299999,1.0,1.0,5,73.11396693220289,95.08391936905932,pobre,0,3,1400.0,615.0,1.0,32.0,9,195,27712,0,1.0
97,0.0,0.0,0.97299999,1.0,0.0,5,73.11396693220289,95.08391936905932,pobre,0,3,1400.0,615.0,1.0,32.0,6,195,27713,0,1.0
98,0.0,0.0,0.97299999,1.0,0.0,5,73.11396693220289,95.08391936905932,pobre,0,3,1400.0,615.0,1.0,32.0,7,195,27713,0,1.0
97,0.0,0.0,0.97299999,0.0,6.0,8,73.11396693220289,95.08391936905932,pobre,0,6,250.0,727.20001,0.0,46.0,16,195,27714,6,0.0
98,0.0,0.0,0.97299999,,,8,73.11396693220289,95.08391936905932,pobre,0,6,250.0,727.20001,0.0,46.0,17,195,27714,6,0.0
97,0.0,0.0,0.97299999,1.0,6.0,8,73.11396693220289,95.08391936905932,pobre,0,6,250.0,727.20001,0.0,46.0,12,195,27715,6,1.0
98,0.0,0.0,0.97299999,,,8,73.11396693220289,95.08391936905932,pobre,0,6,250.0,727.20001,0.0,46.0,13,195,27715,6,1.0
97,0.0,0.0,2.8759999,0.0,6.0,6,76.66766710610354,93.367176627097,pobre,0,8,600.0,488.0,1.0,35.0,13,167,27716,6,0.0
98,0.0,0.0,2.8759999,1.0,6.0,6,76.66766710610354,93.367176627097,pobre,0,8,600.0,488.0,1.0,35.0,14,167,27716,6,0.0
97,0.0,0.0,2.8759999,1.0,4.0,6,76.66766710610354,93.367176627097,pobre,0,8,600.0,488.0,1.0,35.0,10,167,27717,4,1.0
98,0.0,0.0,2.8759999,1.0,5.0,6,76.66766710610354,93.367176627097,pobre,0,8,600.0,488.0,1.0,35.0,11,167,27717,4,1.0
97,1.0,0.0,2.8759999,1.0,2.0,6,76.66766710610354,93.367176627097,pobre,0,8,600.0,488.0,1.0,35.0,8,167,27718,2,1.0
98,1.0,0.0,2.8759999,1.0,3.0,6,76.66766710610354,93.367176627097,pobre,0,8,600.0,488.0,1.0,35.0,9,167,27718,2,1.0
97,1.0,0.0,2.8759999,1.0,0.0,6,76.66766710610354,93.367176627097,pobre,0,8,600.0,488.0,1.0,35.0,6,167,27719,0,1.0
98,1.0,0.0,2.8759999,1.0,1.0,6,76.66766710610354,93.367176627097,pobre,0,8,600.0,488.0,1.0,35.0,7,167,27719,0,1.0
97,0.0,0.0,2.5020001,0.0,9.0,6,142.608663919852,142.608663919852,pobre,basal,3,166.66667,650.0,1.0,49.0,16,170,27720,9,0.0
98,0.0,0.0,2.5020001,,,6,142.608663919852,142.608663919852,pobre,basal,3,166.66667,650.0,1.0,49.0,17,170,27720,9,0.0
97,1.0,0.0,2.5020001,1.0,7.0,6,142.608663919852,142.608663919852,pobre,basal,3,166.66667,650.0,1.0,49.0,13,170,27721,7,1.0
98,1.0,0.0,2.5020001,1.0,8.0,6,142.608663919852,142.608663919852,pobre,basal,3,166.66667,650.0,1.0,49.0,14,170,27721,7,1.0
97,0.0,0.0,2.5020001,1.0,4.0,6,142.608663919852,142.608663919852,pobre,basal,3,166.66667,650.0,1.0,49.0,10,170,27722,4,1.0
98,0.0,0.0,2.5020001,1.0,5.0,6,142.608663919852,142.608663919852,pobre,basal,3,166.66667,650.0,1.0,49.0,11,170,27722,4,1.0
97,1.0,0.0,2.8759999,0.0,6.0,5,76.66766710610354,93.367176627097,pobre,0,2,800.0,536.0,1.0,38.0,13,167,27723,6,0.0
98,1.0,0.0,2.8759999,0.0,6.0,5,76.66766710610354,93.367176627097,pobre,0,2,800.0,536.0,1.0,38.0,14,167,27723,6,0.0
97,1.0,0.0,2.8759999,1.0,2.0,5,76.66766710610354,93.367176627097,pobre,0,2,800.0,536.0,1.0,38.0,12,167,27724,2,1.0
98,1.0,0.0,2.8759999,0.0,1.0,5,76.66766710610354,93.367176627097,pobre,0,2,800.0,536.0,1.0,38.0,13,167,27724,2,1.0
97,0.0,0.0,2.8759999,0.0,6.0,8,76.66766710610354,93.367176627097,pobre,0,2,66.666664,616.0,1.0,54.0,16,167,27725,6,0.0
98,0.0,0.0,2.8759999,0.0,6.0,8,76.66766710610354,93.367176627097,pobre,0,2,66.666664,616.0,1.0,54.0,17,167,27725,6,0.0
97,0.0,0.0,2.8759999,0.0,6.0,8,76.66766710610354,93.367176627097,pobre,0,2,66.666664,616.0,1.0,54.0,14,167,27726,6,0.0
98,0.0,0.0,2.8759999,0.0,6.0,8,76.66766710610354,93.367176627097,pobre,0,2,66.666664,616.0,1.0,54.0,15,167,27726,6,0.0
97,1.0,0.0,2.8759999,1.0,4.0,8,76.66766710610354,93.367176627097,pobre,0,2,66.666664,616.0,1.0,54.0,12,167,27727,4,1.0
98,1.0,0.0,2.8759999,1.0,5.0,8,76.66766710610354,93.367176627097,pobre,0,2,66.666664,616.0,1.0,54.0,13,167,27727,4,1.0
97,0.0,0.0,2.8759999,1.0,1.0,8,76.66766710610354,93.367176627097,pobre,0,2,66.666664,616.0,1.0,54.0,10,167,27728,1,1.0
98,0.0,0.0,2.8759999,1.0,2.0,8,76.66766710610354,93.367176627097,pobre,0,2,66.666664,616.0,1.0,54.0,11,167,27728,1,1.0
97,0.0,0.0,2.8759999,0.0,5.0,8,76.66766710610354,93.367176627097,pobre,0,2,66.666664,616.0,1.0,54.0,16,167,27729,5,0.0
98,0.0,0.0,2.8759999,0.0,5.0,8,76.66766710610354,93.367176627097,pobre,0,2,66.666664,616.0,1.0,54.0,17,167,27729,5,0.0
97,0.0,0.0,3.8269999,1.0,7.0,6,130.9127790892084,160.195299738786,pobre,0,0,500.0,881.0,1.0,48.0,15,229,27730,7,1.0
98,0.0,0.0,3.8269999,1.0,8.0,6,130.9127790892084,160.195299738786,pobre,0,0,500.0,881.0,1.0,48.0,16,229,27730,7,1.0
97,0.0,0.0,3.8269999,1.0,5.0,6,130.9127790892084,160.195299738786,pobre,0,0,500.0,881.0,1.0,48.0,12,229,27731,5,1.0
98,0.0,0.0,3.8269999,1.0,6.0,6,130.9127790892084,160.195299738786,pobre,0,0,500.0,881.0,1.0,48.0,13,229,27731,5,1.0
97,1.0,0.0,3.8269999,1.0,5.0,7,130.9127790892084,160.195299738786,pobre,0,3,750.0,546.5,1.0,39.0,12,229,27732,5,1.0
98,1.0,0.0,3.8269999,1.0,6.0,7,130.9127790892084,160.195299738786,pobre,0,3,750.0,546.5,1.0,39.0,13,229,27732,5,1.0
97,0.0,0.0,3.8269999,1.0,3.0,7,130.9127790892084,160.195299738786,pobre,0,3,750.0,546.5,1.0,39.0,10,229,27733,3,1.0
98,0.0,0.0,3.8269999,1.0,4.0,7,130.9127790892084,160.195299738786,pobre,0,3,750.0,546.5,1.0,39.0,11,229,27733,3,1.0
97,0.0,0.0,3.8269999,1.0,0.0,7,130.9127790892084,160.195299738786,pobre,0,3,750.0,546.5,1.0,39.0,6,229,27734,0,1.0
98,0.0,0.0,3.8269999,1.0,1.0,7,130.9127790892084,160.195299738786,pobre,0,3,750.0,546.5,1.0,39.0,7,229,27734,0,1.0
97,1.0,0.0,3.8269999,0.0,6.0,9,130.9127790892084,160.195299738786,pobre,0,5,800.0,621.25,1.0,46.0,15,229,27735,6,0.0
98,1.0,0.0,3.8269999,0.0,6.0,9,130.9127790892084,160.195299738786,pobre,0,5,800.0,621.25,1.0,46.0,16,229,27735,6,0.0
97,1.0,0.0,3.8269999,1.0,6.0,9,130.9127790892084,160.195299738786,pobre,0,5,800.0,621.25,1.0,46.0,13,229,27736,6,1.0
98,1.0,0.0,3.8269999,0.0,6.0,9,130.9127790892084,160.195299738786,pobre,0,5,800.0,621.25,1.0,46.0,14,229,27736,6,1.0
97,1.0,0.0,3.8269999,1.0,4.0,9,130.9127790892084,160.195299738786,pobre,0,5,800.0,621.25,1.0,46.0,10,229,27737,4,1.0
98,1.0,0.0,3.8269999,1.0,5.0,9,130.9127790892084,160.195299738786,pobre,0,5,800.0,621.25,1.0,46.0,11,229,27737,4,1.0
97,1.0,0.0,3.8269999,1.0,2.0,9,130.9127790892084,160.195299738786,pobre,0,5,800.0,621.25,1.0,46.0,7,229,27738,2,1.0
98,1.0,0.0,3.8269999,1.0,3.0,9,130.9127790892084,160.195299738786,pobre,0,5,800.0,621.25,1.0,46.0,8,229,27738,2,1.0
97,1.0,0.0,3.8269999,0.0,2.0,5,130.9127790892084,160.195299738786,pobre,0,1,600.0,591.5,1.0,79.0,13,229,27739,2,0.0
98,1.0,0.0,3.8269999,,,5,130.9127790892084,160.195299738786,pobre,0,1,600.0,591.5,1.0,79.0,14,229,27739,2,0.0
97,1.0,0.0,3.8269999,1.0,5.0,6,130.9127790892084,160.195299738786,pobre,0,4,600.0,593.64001,1.0,30.0,11,229,27740,5,1.0
98,1.0,0.0,3.8269999,1.0,6.0,6,130.9127790892084,160.195299738786,pobre,0,4,600.0,593.64001,1.0,30.0,12,229,27740,5,1.0
97,1.0,0.0,3.8269999,1.0,3.0,6,130.9127790892084,160.195299738786,pobre,0,4,600.0,593.64001,1.0,30.0,9,229,27741,3,1.0
98,1.0,0.0,3.8269999,1.0,3.0,6,130.9127790892084,160.195299738786,pobre,0,4,600.0,593.64001,1.0,30.0,10,229,27741,3,1.0
97,1.0,0.0,3.8269999,1.0,1.0,6,130.9127790892084,160.195299738786,pobre,0,4,600.0,593.64001,1.0,30.0,7,229,27742,1,1.0
98,1.0,0.0,3.8269999,1.0,2.0,6,130.9127790892084,160.195299738786,pobre,0,4,600.0,593.64001,1.0,30.0,8,229,27742,1,1.0
97,1.0,0.0,3.8269999,,0.0,6,130.9127790892084,160.195299738786,pobre,0,4,600.0,593.64001,1.0,30.0,6,229,27743,0,
98,1.0,0.0,3.8269999,1.0,1.0,6,130.9127790892084,160.195299738786,pobre,0,4,600.0,593.64001,1.0,30.0,7,229,27743,0,
97,0.0,0.0,3.8269999,1.0,5.0,7,130.9127790892084,160.195299738786,pobre,0,2,800.0,582.75,1.0,47.0,14,229,27744,5,1.0
98,0.0,0.0,3.8269999,,,7,130.9127790892084,160.195299738786,pobre,0,2,800.0,582.75,1.0,47.0,15,229,27744,5,1.0
97,0.0,0.0,3.8269999,1.0,5.0,7,130.9127790892084,160.195299738786,pobre,0,2,800.0,582.75,1.0,47.0,12,229,27745,5,1.0
98,0.0,0.0,3.8269999,1.0,6.0,7,130.9127790892084,160.195299738786,pobre,0,2,800.0,582.75,1.0,47.0,13,229,27745,5,1.0
97,0.0,0.0,3.8269999,1.0,4.0,7,130.9127790892084,160.195299738786,pobre,0,2,800.0,582.75,1.0,47.0,10,229,27746,4,1.0
98,0.0,0.0,3.8269999,1.0,5.0,7,130.9127790892084,160.195299738786,pobre,0,2,800.0,582.75,1.0,47.0,11,229,27746,4,1.0
97,1.0,0.0,3.8269999,1.0,3.0,7,130.9127790892084,160.195299738786,pobre,0,2,800.0,582.75,1.0,47.0,8,229,27747,3,1.0
98,1.0,0.0,3.8269999,1.0,3.0,7,130.9127790892084,160.195299738786,pobre,0,2,800.0,582.75,1.0,47.0,9,229,27747,3,1.0
97,0.0,0.0,3.8269999,1.0,4.0,9,130.9127790892084,160.195299738786,pobre,0,3,1000.0,792.5,1.0,44.0,12,229,27748,4,1.0
98,0.0,0.0,3.8269999,1.0,5.0,9,130.9127790892084,160.195299738786,pobre,0,3,1000.0,792.5,1.0,44.0,13,229,27748,4,1.0
97,1.0,0.0,3.8269999,1.0,3.0,9,130.9127790892084,160.195299738786,pobre,0,3,1000.0,792.5,1.0,44.0,10,229,27749,3,1.0
98,1.0,0.0,3.8269999,1.0,4.0,9,130.9127790892084,160.195299738786,pobre,0,3,1000.0,792.5,1.0,44.0,11,229,27749,3,1.0
97,0.0,0.0,3.8269999,1.0,1.0,9,130.9127790892084,160.195299738786,pobre,0,3,1000.0,792.5,1.0,44.0,6,229,27750,1,1.0
98,0.0,0.0,3.8269999,1.0,0.0,9,130.9127790892084,160.195299738786,pobre,0,3,1000.0,792.5,1.0,44.0,7,229,27750,1,1.0
97,1.0,0.0,3.8269999,0.0,3.0,3,130.9127790892084,160.195299738786,pobre,0,0,175.0,637.0,1.0,39.0,14,229,27751,3,0.0
98,1.0,0.0,3.8269999,0.0,6.0,3,130.9127790892084,160.195299738786,pobre,0,0,175.0,637.0,1.0,39.0,15,229,27751,3,0.0
97,0.0,0.0,3.8269999,1.0,4.0,3,130.9127790892084,160.195299738786,pobre,0,0,175.0,637.0,1.0,39.0,12,229,27752,4,1.0
98,0.0,0.0,3.8269999,0.0,6.0,3,130.9127790892084,160.195299738786,pobre,0,0,175.0,637.0,1.0,39.0,13,229,27752,4,1.0
97,0.0,0.0,3.8269999,0.0,8.0,6,130.9127790892084,160.195299738786,pobre,0,2,800.0,582.0,1.0,55.0,15,229,27753,8,0.0
98,0.0,0.0,3.8269999,,,6,130.9127790892084,160.195299738786,pobre,0,2,800.0,582.0,1.0,55.0,16,229,27753,8,0.0
97,1.0,0.0,3.8269999,1.0,3.0,6,130.9127790892084,160.195299738786,pobre,0,2,800.0,582.0,1.0,55.0,10,229,27754,3,1.0
98,1.0,0.0,3.8269999,1.0,4.0,6,130.9127790892084,160.195299738786,pobre,0,2,800.0,582.0,1.0,55.0,11,229,27754,3,1.0
97,1.0,0.0,3.8269999,1.0,1.0,6,130.9127790892084,160.195299738786,pobre,0,2,800.0,582.0,1.0,55.0,7,229,27755,1,1.0
98,1.0,0.0,3.8269999,1.0,2.0,6,130.9127790892084,160.195299738786,pobre,0,2,800.0,582.0,1.0,55.0,8,229,27755,1,1.0
97,0.0,0.0,2.8759999,0.0,6.0,9,76.66766710610354,93.367176627097,pobre,0,3,2500.0,384.0,1.0,42.0,16,167,27756,6,0.0
98,0.0,0.0,2.8759999,,,9,76.66766710610354,93.367176627097,pobre,0,3,2500.0,384.0,1.0,42.0,17,167,27756,6,0.0
97,1.0,0.0,2.8759999,1.0,8.0,9,76.66766710610354,93.367176627097,pobre,0,3,2500.0,384.0,1.0,42.0,15,167,27757,8,1.0
98,1.0,0.0,2.8759999,1.0,9.0,9,76.66766710610354,93.367176627097,pobre,0,3,2500.0,384.0,1.0,42.0,16,167,27757,8,1.0
97,0.0,0.0,2.8759999,0.0,6.0,9,76.66766710610354,93.367176627097,pobre,0,3,2500.0,384.0,1.0,42.0,13,167,27758,6,0.0
98,0.0,0.0,2.8759999,0.0,6.0,9,76.66766710610354,93.367176627097,pobre,0,3,2500.0,384.0,1.0,42.0,14,167,27758,6,0.0
97,1.0,0.0,2.8759999,1.0,5.0,9,76.66766710610354,93.367176627097,pobre,0,3,2500.0,384.0,1.0,42.0,12,167,27759,5,1.0
98,1.0,0.0,2.8759999,0.0,6.0,9,76.66766710610354,93.367176627097,pobre,0,3,2500.0,384.0,1.0,42.0,13,167,27759,5,1.0
97,0.0,0.0,2.8759999,1.0,4.0,9,76.66766710610354,93.367176627097,pobre,0,3,2500.0,384.0,1.0,42.0,10,167,27760,4,1.0
98,0.0,0.0,2.8759999,1.0,5.0,9,76.66766710610354,93.367176627097,pobre,0,3,2500.0,384.0,1.0,42.0,11,167,27760,4,1.0
97,1.0,0.0,2.8759999,1.0,2.0,9,76.66766710610354,93.367176627097,pobre,0,3,2500.0,384.0,1.0,42.0,8,167,27761,2,1.0
98,1.0,0.0,2.8759999,1.0,3.0,9,76.66766710610354,93.367176627097,pobre,0,3,2500.0,384.0,1.0,42.0,9,167,27761,2,1.0
97,1.0,0.0,2.8759999,1.0,1.0,9,76.66766710610354,93.367176627097,pobre,0,3,2500.0,384.0,1.0,42.0,7,167,27762,1,1.0
98,1.0,0.0,2.8759999,1.0,2.0,9,76.66766710610354,93.367176627097,pobre,0,3,2500.0,384.0,1.0,42.0,8,167,27762,1,1.0
97,1.0,0.0,2.5020001,0.0,9.0,16,142.608663919852,142.608663919852,pobre,basal,0,250.0,512.11798,1.0,67.0,14,170,27763,9,0.0
98,1.0,0.0,2.5020001,0.0,9.0,16,142.608663919852,142.608663919852,pobre,basal,0,250.0,512.11798,1.0,67.0,15,170,27763,9,0.0
97,0.0,0.0,2.5020001,0.0,5.0,16,142.608663919852,142.608663919852,pobre,basal,0,250.0,512.11798,1.0,67.0,16,170,27764,5,0.0
98,0.0,0.0,2.5020001,,,16,142.608663919852,142.608663919852,pobre,basal,0,250.0,512.11798,1.0,67.0,17,170,27764,5,0.0
97,1.0,0.0,2.5020001,1.0,4.0,16,142.608663919852,142.608663919852,pobre,basal,0,250.0,512.11798,1.0,67.0,13,170,27765,4,1.0
98,1.0,0.0,2.5020001,1.0,4.0,16,142.608663919852,142.608663919852,pobre,basal,0,250.0,512.11798,1.0,67.0,14,170,27765,4,1.0
97,1.0,0.0,2.5020001,1.0,3.0,16,142.608663919852,142.608663919852,pobre,basal,0,250.0,512.11798,1.0,67.0,12,170,27766,3,1.0
98,1.0,0.0,2.5020001,1.0,4.0,16,142.608663919852,142.608663919852,pobre,basal,0,250.0,512.11798,1.0,67.0,13,170,27766,3,1.0
97,0.0,0.0,2.5020001,1.0,3.0,16,142.608663919852,142.608663919852,pobre,basal,0,250.0,512.11798,1.0,67.0,10,170,27767,3,1.0
98,0.0,0.0,2.5020001,1.0,4.0,16,142.608663919852,142.608663919852,pobre,basal,0,250.0,512.11798,1.0,67.0,11,170,27767,3,1.0
97,1.0,0.0,2.5020001,1.0,0.0,16,142.608663919852,142.608663919852,pobre,basal,0,250.0,512.11798,1.0,67.0,8,170,27768,0,1.0
98,1.0,0.0,2.5020001,1.0,2.0,16,142.608663919852,142.608663919852,pobre,basal,0,250.0,512.11798,1.0,67.0,9,170,27768,0,1.0
97,1.0,0.0,2.5020001,1.0,0.0,16,142.608663919852,142.608663919852,pobre,basal,0,250.0,512.11798,1.0,67.0,6,170,27769,0,1.0
98,1.0,0.0,2.5020001,1.0,2.0,16,142.608663919852,142.608663919852,pobre,basal,0,250.0,512.11798,1.0,67.0,7,170,27769,0,1.0
97,0.0,0.0,2.5020001,1.0,2.0,7,142.608663919852,142.608663919852,pobre,basal,2,166.66667,545.0,1.0,48.0,16,170,27770,2,1.0
98,0.0,0.0,2.5020001,,,7,142.608663919852,142.608663919852,pobre,basal,2,166.66667,545.0,1.0,48.0,17,170,27770,2,1.0
97,1.0,0.0,2.5020001,1.0,5.0,7,142.608663919852,142.608663919852,pobre,basal,2,166.66667,545.0,1.0,48.0,14,170,27771,5,1.0
98,1.0,0.0,2.5020001,0.0,6.0,7,142.608663919852,142.608663919852,pobre,basal,2,166.66667,545.0,1.0,48.0,15,170,27771,5,1.0
97,0.0,0.0,2.5020001,1.0,5.0,7,142.608663919852,142.608663919852,pobre,basal,2,166.66667,545.0,1.0,48.0,11,170,27772,5,1.0
98,0.0,0.0,2.5020001,0.0,6.0,7,142.608663919852,142.608663919852,pobre,basal,2,166.66667,545.0,1.0,48.0,12,170,27772,5,1.0
97,1.0,0.0,2.5020001,1.0,2.0,7,142.608663919852,142.608663919852,pobre,basal,2,166.66667,545.0,1.0,48.0,8,170,27773,2,1.0
98,1.0,0.0,2.5020001,1.0,3.0,7,142.608663919852,142.608663919852,pobre,basal,2,166.66667,545.0,1.0,48.0,9,170,27773,2,1.0
97,1.0,0.0,2.336,1.0,2.0,5,128.7302030177349,157.2221239421339,pobre,basal,1,750.0,536.0,1.0,34.0,10,254,27774,2,1.0
98,1.0,0.0,2.336,1.0,2.0,5,128.7302030177349,157.2221239421339,pobre,basal,1,750.0,536.0,1.0,34.0,11,254,27774,2,1.0
97,0.0,0.0,2.336,1.0,2.0,5,128.7302030177349,157.2221239421339,pobre,basal,1,750.0,536.0,1.0,34.0,9,254,27775,2,1.0
98,0.0,0.0,2.336,1.0,2.0,5,128.7302030177349,157.2221239421339,pobre,basal,1,750.0,536.0,1.0,34.0,10,254,27775,2,1.0
97,0.0,0.0,1.2029999,0.0,6.0,4,119.4435617739502,149.0682452891162,pobre,basal,2,1000.0,769.0,1.0,55.0,14,259,27776,6,0.0
98,0.0,0.0,1.2029999,1.0,6.0,4,119.4435617739502,149.0682452891162,pobre,basal,2,1000.0,769.0,1.0,55.0,15,259,27776,6,0.0
97,1.0,0.0,2.5020001,0.0,6.0,8,142.608663919852,142.608663919852,pobre,basal,0,166.66667,640.0,1.0,67.0,16,170,27777,6,0.0
98,1.0,0.0,2.5020001,,,8,142.608663919852,142.608663919852,pobre,basal,0,166.66667,640.0,1.0,67.0,17,170,27777,6,0.0
97,0.0,0.0,2.5020001,0.0,6.0,8,142.608663919852,142.608663919852,pobre,basal,0,166.66667,640.0,1.0,67.0,14,170,27778,6,0.0
98,0.0,0.0,2.5020001,1.0,6.0,8,142.608663919852,142.608663919852,pobre,basal,0,166.66667,640.0,1.0,67.0,15,170,27778,6,0.0
97,0.0,0.0,2.5020001,0.0,6.0,8,142.608663919852,142.608663919852,pobre,basal,0,166.66667,640.0,1.0,67.0,12,170,27779,6,0.0
98,0.0,0.0,2.5020001,1.0,6.0,8,142.608663919852,142.608663919852,pobre,basal,0,166.66667,640.0,1.0,67.0,13,170,27779,6,0.0
97,1.0,0.0,2.5020001,1.0,3.0,8,142.608663919852,142.608663919852,pobre,basal,0,166.66667,640.0,1.0,67.0,9,170,27780,3,1.0
98,1.0,0.0,2.5020001,1.0,4.0,8,142.608663919852,142.608663919852,pobre,basal,0,166.66667,640.0,1.0,67.0,10,170,27780,3,1.0
97,1.0,0.0,1.2029999,1.0,8.0,5,119.4435617739502,149.0682452891162,pobre,basal,0,750.0,676.0,1.0,39.0,16,259,27781,8,1.0
98,1.0,0.0,1.2029999,,,5,119.4435617739502,149.0682452891162,pobre,basal,0,750.0,676.0,1.0,39.0,17,259,27781,8,1.0
97,1.0,0.0,1.2029999,1.0,3.0,5,119.4435617739502,149.0682452891162,pobre,basal,0,750.0,676.0,1.0,39.0,10,259,27782,3,1.0
98,1.0,0.0,1.2029999,1.0,4.0,5,119.4435617739502,149.0682452891162,pobre,basal,0,750.0,676.0,1.0,39.0,11,259,27782,3,1.0
97,0.0,0.0,1.2029999,0.0,9.0,9,119.4435617739502,149.0682452891162,pobre,basal,3,750.0,627.5,1.0,55.0,14,259,27783,9,0.0
98,0.0,0.0,1.2029999,1.0,6.0,9,119.4435617739502,149.0682452891162,pobre,basal,3,750.0,627.5,1.0,55.0,15,259,27783,9,0.0
97,1.0,0.0,1.2029999,1.0,2.0,9,119.4435617739502,149.0682452891162,pobre,basal,3,750.0,627.5,1.0,55.0,8,259,27784,2,1.0
98,1.0,0.0,1.2029999,1.0,2.0,9,119.4435617739502,149.0682452891162,pobre,basal,3,750.0,627.5,1.0,55.0,9,259,27784,2,1.0
97,1.0,0.0,1.2029999,1.0,2.0,3,119.4435617739502,149.0682452891162,pobre,basal,0,750.0,636.0,1.0,54.0,9,259,27785,2,1.0
98,1.0,0.0,1.2029999,1.0,3.0,3,119.4435617739502,149.0682452891162,pobre,basal,0,750.0,636.0,1.0,54.0,10,259,27785,2,1.0
97,0.0,0.0,1.2029999,0.0,6.0,7,119.4435617739502,149.0682452891162,no pobre,basal,0,0.0,802.75,0.0,52.0,14,259,27786,6,0.0
98,0.0,0.0,1.2029999,0.0,6.0,7,119.4435617739502,149.0682452891162,no pobre,basal,0,0.0,802.75,0.0,52.0,15,259,27786,6,0.0
97,0.0,0.0,1.2029999,0.0,6.0,8,119.4435617739502,149.0682452891162,pobre,basal,5,1000.0,511.0,1.0,37.0,15,259,27787,6,0.0
98,0.0,0.0,1.2029999,1.0,6.0,8,119.4435617739502,149.0682452891162,pobre,basal,5,1000.0,511.0,1.0,37.0,16,259,27787,6,0.0
97,0.0,0.0,1.2029999,0.0,6.0,8,119.4435617739502,149.0682452891162,pobre,basal,5,1000.0,511.0,1.0,37.0,13,259,27788,6,0.0
98,0.0,0.0,1.2029999,1.0,6.0,8,119.4435617739502,149.0682452891162,pobre,basal,5,1000.0,511.0,1.0,37.0,14,259,27788,6,0.0
97,0.0,0.0,1.2029999,1.0,4.0,8,119.4435617739502,149.0682452891162,pobre,basal,5,1000.0,511.0,1.0,37.0,11,259,27789,4,1.0
98,0.0,0.0,1.2029999,1.0,5.0,8,119.4435617739502,149.0682452891162,pobre,basal,5,1000.0,511.0,1.0,37.0,12,259,27789,4,1.0
97,1.0,0.0,1.2029999,1.0,3.0,8,119.4435617739502,149.0682452891162,pobre,basal,5,1000.0,511.0,1.0,37.0,7,259,27790,3,1.0
98,1.0,0.0,1.2029999,1.0,1.0,8,119.4435617739502,149.0682452891162,pobre,basal,5,1000.0,511.0,1.0,37.0,8,259,27790,3,1.0
97,1.0,0.0,1.2029999,1.0,3.0,8,119.4435617739502,149.0682452891162,pobre,basal,5,1000.0,511.0,1.0,37.0,6,259,27791,3,1.0
98,1.0,0.0,1.2029999,1.0,0.0,8,119.4435617739502,149.0682452891162,pobre,basal,5,1000.0,511.0,1.0,37.0,7,259,27791,3,1.0
97,0.0,0.0,1.2029999,0.0,6.0,9,119.4435617739502,149.0682452891162,pobre,basal,6,625.0,674.5,1.0,43.0,15,259,27792,6,0.0
98,0.0,0.0,1.2029999,,,9,119.4435617739502,149.0682452891162,pobre,basal,6,625.0,674.5,1.0,43.0,16,259,27792,6,0.0
97,1.0,0.0,1.2029999,1.0,4.0,9,119.4435617739502,149.0682452891162,pobre,basal,6,625.0,674.5,1.0,43.0,10,259,27793,4,1.0
98,1.0,0.0,1.2029999,,,9,119.4435617739502,149.0682452891162,pobre,basal,6,625.0,674.5,1.0,43.0,11,259,27793,4,1.0
97,0.0,0.0,1.2029999,1.0,1.0,9,119.4435617739502,149.0682452891162,pobre,basal,6,625.0,674.5,1.0,43.0,7,259,27794,1,1.0
98,0.0,0.0,1.2029999,1.0,2.0,9,119.4435617739502,149.0682452891162,pobre,basal,6,625.0,674.5,1.0,43.0,8,259,27794,1,1.0
97,0.0,0.0,1.2029999,1.0,7.0,9,119.4435617739502,149.0682452891162,pobre,basal,6,625.0,674.5,1.0,43.0,16,259,27795,7,1.0
98,0.0,0.0,1.2029999,,,9,119.4435617739502,149.0682452891162,pobre,basal,6,625.0,674.5,1.0,43.0,17,259,27795,7,1.0
97,1.0,0.0,1.2029999,1.0,7.0,9,119.4435617739502,149.0682452891162,pobre,basal,6,625.0,674.5,1.0,43.0,14,259,27796,7,1.0
98,1.0,0.0,1.2029999,1.0,8.0,9,119.4435617739502,149.0682452891162,pobre,basal,6,625.0,674.5,1.0,43.0,15,259,27796,7,1.0
97,1.0,0.0,2.5020001,1.0,2.0,4,142.608663919852,142.608663919852,pobre,basal,6,166.66667,704.0,1.0,39.0,9,170,27797,2,1.0
98,1.0,0.0,2.5020001,1.0,3.0,4,142.608663919852,142.608663919852,pobre,basal,6,166.66667,704.0,1.0,39.0,10,170,27797,2,1.0
97,0.0,0.0,1.2029999,1.0,8.0,6,119.4435617739502,149.0682452891162,pobre,basal,0,625.0,702.0,1.0,57.0,15,259,27798,8,1.0
98,0.0,0.0,1.2029999,1.0,7.0,6,119.4435617739502,149.0682452891162,pobre,basal,0,625.0,702.0,1.0,57.0,16,259,27798,8,1.0
97,1.0,0.0,1.2029999,1.0,3.0,10,119.4435617739502,149.0682452891162,pobre,basal,2,750.0,541.0,1.0,42.0,7,259,27799,3,1.0
98,1.0,0.0,1.2029999,1.0,1.0,10,119.4435617739502,149.0682452891162,pobre,basal,2,750.0,541.0,1.0,42.0,8,259,27799,3,1.0
97,0.0,0.0,1.2029999,1.0,3.0,10,119.4435617739502,149.0682452891162,pobre,basal,2,750.0,541.0,1.0,42.0,10,259,27800,3,1.0
98,0.0,0.0,1.2029999,1.0,4.0,10,119.4435617739502,149.0682452891162,pobre,basal,2,750.0,541.0,1.0,42.0,11,259,27800,3,1.0
97,1.0,0.0,2.5020001,,0.0,5,142.608663919852,142.608663919852,pobre,basal,5,416.66666,608.0,1.0,38.0,6,170,27801,0,
98,1.0,0.0,2.5020001,1.0,0.0,5,142.608663919852,142.608663919852,pobre,basal,5,416.66666,608.0,1.0,38.0,7,170,27801,0,
97,1.0,0.0,2.5020001,1.0,1.0,5,142.608663919852,142.608663919852,pobre,basal,3,208.33333,696.5,1.0,48.0,8,170,27802,1,1.0
98,1.0,0.0,2.5020001,1.0,2.0,5,142.608663919852,142.608663919852,pobre,basal,3,208.33333,696.5,1.0,48.0,9,170,27802,1,1.0
97,0.0,0.0,2.665,1.0,2.0,6,125.0247496817782,154.2161304160682,pobre,basal,9,600.0,666.0,1.0,30.0,8,253,27803,2,1.0
98,0.0,0.0,2.665,1.0,3.0,6,125.0247496817782,154.2161304160682,pobre,basal,9,600.0,666.0,1.0,30.0,9,253,27803,2,1.0
97,0.0,0.0,2.665,1.0,0.0,6,125.0247496817782,154.2161304160682,pobre,basal,9,600.0,666.0,1.0,30.0,6,253,27804,0,1.0
98,0.0,0.0,2.665,1.0,1.0,6,125.0247496817782,154.2161304160682,pobre,basal,9,600.0,666.0,1.0,30.0,7,253,27804,0,1.0
97,0.0,0.0,1.506,,5.0,8,82.57785828051975,82.57785828051975,pobre,basal,6,0.0,488.0,1.0,37.0,11,196,27805,5,
98,0.0,0.0,1.506,0.0,6.0,8,82.57785828051975,82.57785828051975,pobre,basal,6,0.0,488.0,1.0,37.0,12,196,27805,5,
97,0.0,0.0,1.506,,4.0,8,82.57785828051975,82.57785828051975,pobre,basal,6,0.0,488.0,1.0,37.0,10,196,27806,4,
98,0.0,0.0,1.506,0.0,5.0,8,82.57785828051975,82.57785828051975,pobre,basal,6,0.0,488.0,1.0,37.0,11,196,27806,4,
97,1.0,0.0,1.506,1.0,1.0,8,82.57785828051975,82.57785828051975,pobre,basal,6,0.0,488.0,1.0,37.0,9,196,27807,1,1.0
98,1.0,0.0,1.506,0.0,2.0,8,82.57785828051975,82.57785828051975,pobre,basal,6,0.0,488.0,1.0,37.0,10,196,27807,1,1.0
97,0.0,0.0,1.506,1.0,0.0,8,82.57785828051975,82.57785828051975,pobre,basal,6,0.0,488.0,1.0,37.0,7,196,27808,0,1.0
98,0.0,0.0,1.506,0.0,1.0,8,82.57785828051975,82.57785828051975,pobre,basal,6,0.0,488.0,1.0,37.0,8,196,27808,0,1.0
97,0.0,0.0,1.506,1.0,0.0,8,82.57785828051975,82.57785828051975,pobre,basal,6,0.0,488.0,1.0,37.0,6,196,27809,0,1.0
98,0.0,0.0,1.506,0.0,1.0,8,82.57785828051975,82.57785828051975,pobre,basal,6,0.0,488.0,1.0,37.0,7,196,27809,0,1.0
97,0.0,0.0,1.506,1.0,5.0,6,82.57785828051975,82.57785828051975,pobre,basal,6,750.0,553.0,1.0,32.0,11,196,27810,5,1.0
98,0.0,0.0,1.506,1.0,6.0,6,82.57785828051975,82.57785828051975,pobre,basal,6,750.0,553.0,1.0,32.0,12,196,27810,5,1.0
97,0.0,0.0,1.506,1.0,0.0,6,82.57785828051975,82.57785828051975,pobre,basal,6,750.0,553.0,1.0,32.0,6,196,27811,0,1.0
98,0.0,0.0,1.506,1.0,1.0,6,82.57785828051975,82.57785828051975,pobre,basal,6,750.0,553.0,1.0,32.0,7,196,27811,0,1.0
97,0.0,0.0,1.506,1.0,10.0,9,82.57785828051975,82.57785828051975,no pobre,basal,3,1250.0,762.75,1.0,45.0,15,196,27812,10,1.0
98,0.0,0.0,1.506,1.0,9.0,9,82.57785828051975,82.57785828051975,no pobre,basal,3,1250.0,762.75,1.0,45.0,16,196,27812,10,1.0
97,1.0,0.0,1.506,1.0,6.0,9,82.57785828051975,82.57785828051975,no pobre,basal,3,1250.0,762.75,1.0,45.0,13,196,27813,6,1.0
98,1.0,0.0,1.506,,,9,82.57785828051975,82.57785828051975,no pobre,basal,3,1250.0,762.75,1.0,45.0,14,196,27813,6,1.0
97,1.0,0.0,2.7149999,1.0,3.0,8,77.78515805468946,89.68874110271462,no pobre,basal,0,0.0,737.0,1.0,53.0,16,197,27814,3,1.0
98,1.0,0.0,2.7149999,,,8,77.78515805468946,89.68874110271462,no pobre,basal,0,0.0,737.0,1.0,53.0,17,197,27814,3,1.0
97,0.0,0.0,2.7149999,1.0,3.0,8,77.78515805468946,89.68874110271462,no pobre,basal,0,0.0,737.0,1.0,53.0,13,197,27815,3,1.0
98,0.0,0.0,2.7149999,0.0,8.0,8,77.78515805468946,89.68874110271462,no pobre,basal,0,0.0,737.0,1.0,53.0,14,197,27815,3,1.0
97,1.0,0.0,2.7149999,1.0,3.0,8,77.78515805468946,89.68874110271462,no pobre,basal,0,0.0,737.0,1.0,53.0,8,197,27816,3,1.0
98,1.0,0.0,2.7149999,1.0,3.0,8,77.78515805468946,89.68874110271462,no pobre,basal,0,0.0,737.0,1.0,53.0,9,197,27816,3,1.0
97,1.0,0.0,2.7149999,1.0,2.0,8,77.78515805468946,89.68874110271462,no pobre,basal,0,0.0,737.0,1.0,53.0,7,197,27817,2,1.0
98,1.0,0.0,2.7149999,1.0,3.0,8,77.78515805468946,89.68874110271462,no pobre,basal,0,0.0,737.0,1.0,53.0,8,197,27817,2,1.0
97,0.0,0.0,1.2029999,1.0,8.0,3,119.4435617739502,149.0682452891162,no pobre,basal,0,1000.0,924.0,1.0,45.0,15,259,27818,8,1.0
98,0.0,0.0,1.2029999,1.0,9.0,3,119.4435617739502,149.0682452891162,no pobre,basal,0,1000.0,924.0,1.0,45.0,16,259,27818,8,1.0
97,0.0,0.0,1.2029999,1.0,1.0,5,119.4435617739502,149.0682452891162,pobre,basal,0,800.0,643.0,1.0,48.0,10,259,27819,1,1.0
98,0.0,0.0,1.2029999,1.0,1.0,5,119.4435617739502,149.0682452891162,pobre,basal,0,800.0,643.0,1.0,48.0,11,259,27819,1,1.0
97,1.0,0.0,1.2029999,1.0,6.0,7,119.4435617739502,149.0682452891162,pobre,basal,0,875.0,577.0,1.0,46.0,14,259,27820,6,1.0
98,1.0,0.0,1.2029999,1.0,7.0,7,119.4435617739502,149.0682452891162,pobre,basal,0,875.0,577.0,1.0,46.0,15,259,27820,6,1.0
97,1.0,0.0,1.2029999,1.0,4.0,7,119.4435617739502,149.0682452891162,pobre,basal,0,875.0,577.0,1.0,46.0,11,259,27821,4,1.0
98,1.0,0.0,1.2029999,1.0,5.0,7,119.4435617739502,149.0682452891162,pobre,basal,0,875.0,577.0,1.0,46.0,12,259,27821,4,1.0
97,1.0,0.0,1.2029999,1.0,2.0,7,119.4435617739502,149.0682452891162,pobre,basal,0,875.0,577.0,1.0,46.0,9,259,27822,2,1.0
98,1.0,0.0,1.2029999,1.0,3.0,7,119.4435617739502,149.0682452891162,pobre,basal,0,875.0,577.0,1.0,46.0,10,259,27822,2,1.0
97,0.0,0.0,1.2029999,1.0,0.0,7,119.4435617739502,149.0682452891162,pobre,basal,0,875.0,577.0,1.0,46.0,6,259,27823,0,1.0
98,0.0,0.0,1.2029999,1.0,1.0,7,119.4435617739502,149.0682452891162,pobre,basal,0,875.0,577.0,1.0,46.0,7,259,27823,0,1.0
97,0.0,0.0,1.2029999,1.0,8.0,8,119.4435617739502,149.0682452891162,no pobre,basal,3,416.66666,890.31,1.0,43.0,16,259,27824,8,1.0
98,0.0,0.0,1.2029999,,,8,119.4435617739502,149.0682452891162,no pobre,basal,3,416.66666,890.31,1.0,43.0,17,259,27824,8,1.0
97,1.0,0.0,1.2029999,1.0,7.0,8,119.4435617739502,149.0682452891162,no pobre,basal,3,416.66666,890.31,1.0,43.0,13,259,27825,7,1.0
98,1.0,0.0,1.2029999,1.0,7.0,8,119.4435617739502,149.0682452891162,no pobre,basal,3,416.66666,890.31,1.0,43.0,14,259,27825,7,1.0
97,1.0,0.0,1.2029999,1.0,5.0,8,119.4435617739502,149.0682452891162,no pobre,basal,3,416.66666,890.31,1.0,43.0,12,259,27826,5,1.0
98,1.0,0.0,1.2029999,1.0,6.0,8,119.4435617739502,149.0682452891162,no pobre,basal,3,416.66666,890.31,1.0,43.0,13,259,27826,5,1.0
97,1.0,0.0,1.2029999,1.0,4.0,8,119.4435617739502,149.0682452891162,no pobre,basal,3,416.66666,890.31,1.0,43.0,10,259,27827,4,1.0
98,1.0,0.0,1.2029999,1.0,5.0,8,119.4435617739502,149.0682452891162,no pobre,basal,3,416.66666,890.31,1.0,43.0,11,259,27827,4,1.0
97,1.0,0.0,1.2029999,1.0,7.0,5,119.4435617739502,149.0682452891162,pobre,basal,3,750.0,711.0,1.0,42.0,15,259,27828,7,1.0
98,1.0,0.0,1.2029999,1.0,8.0,5,119.4435617739502,149.0682452891162,pobre,basal,3,750.0,711.0,1.0,42.0,16,259,27828,7,1.0
97,0.0,0.0,1.2029999,1.0,7.0,5,119.4435617739502,149.0682452891162,pobre,basal,3,750.0,711.0,1.0,42.0,15,259,27829,7,1.0
98,0.0,0.0,1.2029999,1.0,8.0,5,119.4435617739502,149.0682452891162,pobre,basal,3,750.0,711.0,1.0,42.0,16,259,27829,7,1.0
97,0.0,0.0,1.2029999,1.0,4.0,5,119.4435617739502,149.0682452891162,pobre,basal,3,750.0,711.0,1.0,42.0,10,259,27830,4,1.0
98,0.0,0.0,1.2029999,1.0,5.0,5,119.4435617739502,149.0682452891162,pobre,basal,3,750.0,711.0,1.0,42.0,11,259,27830,4,1.0
97,1.0,0.0,1.2029999,1.0,8.0,8,119.4435617739502,149.0682452891162,no pobre,basal,9,1200.0,885.0,1.0,23.0,13,259,27831,8,1.0
98,1.0,0.0,1.2029999,1.0,9.0,8,119.4435617739502,149.0682452891162,no pobre,basal,9,1200.0,885.0,1.0,23.0,14,259,27831,8,1.0
97,1.0,0.0,1.2029999,1.0,6.0,8,119.4435617739502,149.0682452891162,no pobre,basal,9,1200.0,885.0,1.0,23.0,12,259,27832,6,1.0
98,1.0,0.0,1.2029999,1.0,7.0,8,119.4435617739502,149.0682452891162,no pobre,basal,9,1200.0,885.0,1.0,23.0,13,259,27832,6,1.0
97,0.0,0.0,1.2029999,1.0,6.0,8,119.4435617739502,149.0682452891162,no pobre,basal,9,1200.0,885.0,1.0,23.0,12,259,27833,6,1.0
98,0.0,0.0,1.2029999,1.0,7.0,8,119.4435617739502,149.0682452891162,no pobre,basal,9,1200.0,885.0,1.0,23.0,13,259,27833,6,1.0
97,0.0,0.0,1.2029999,1.0,3.0,8,119.4435617739502,149.0682452891162,no pobre,basal,9,1200.0,885.0,1.0,23.0,10,259,27834,3,1.0
98,0.0,0.0,1.2029999,1.0,3.0,8,119.4435617739502,149.0682452891162,no pobre,basal,9,1200.0,885.0,1.0,23.0,11,259,27834,3,1.0
97,0.0,0.0,1.2029999,1.0,0.0,8,119.4435617739502,149.0682452891162,no pobre,basal,9,1200.0,885.0,1.0,23.0,6,259,27835,0,1.0
98,0.0,0.0,1.2029999,1.0,0.0,8,119.4435617739502,149.0682452891162,no pobre,basal,9,1200.0,885.0,1.0,23.0,7,259,27835,0,1.0
97,0.0,0.0,1.2029999,1.0,1.0,8,119.4435617739502,149.0682452891162,pobre,basal,6,750.0,633.66998,1.0,48.0,7,259,27836,1,1.0
98,0.0,0.0,1.2029999,,,8,119.4435617739502,149.0682452891162,pobre,basal,6,750.0,633.66998,1.0,48.0,8,259,27836,1,1.0
97,1.0,0.0,2.7149999,0.0,9.0,10,77.78515805468946,89.68874110271462,pobre,basal,2,0.0,686.0,1.0,56.0,16,197,27837,9,0.0
98,1.0,0.0,2.7149999,,,10,77.78515805468946,89.68874110271462,pobre,basal,2,0.0,686.0,1.0,56.0,17,197,27837,9,0.0
97,0.0,0.0,2.7149999,1.0,1.0,10,77.78515805468946,89.68874110271462,pobre,basal,2,0.0,686.0,1.0,56.0,8,197,27838,1,1.0
98,0.0,0.0,2.7149999,1.0,2.0,10,77.78515805468946,89.68874110271462,pobre,basal,2,0.0,686.0,1.0,56.0,9,197,27838,1,1.0
97,0.0,0.0,2.7149999,1.0,0.0,10,77.78515805468946,89.68874110271462,pobre,basal,2,0.0,686.0,1.0,56.0,6,197,27839,0,1.0
98,0.0,0.0,2.7149999,1.0,1.0,10,77.78515805468946,89.68874110271462,pobre,basal,2,0.0,686.0,1.0,56.0,7,197,27839,0,1.0
97,0.0,0.0,1.2029999,1.0,7.0,8,119.4435617739502,149.0682452891162,pobre,basal,5,1000.0,520.0,1.0,34.0,13,259,27840,7,1.0
98,0.0,0.0,1.2029999,1.0,8.0,8,119.4435617739502,149.0682452891162,pobre,basal,5,1000.0,520.0,1.0,34.0,14,259,27840,7,1.0
97,0.0,0.0,1.2029999,1.0,3.0,8,119.4435617739502,149.0682452891162,pobre,basal,5,1000.0,520.0,1.0,34.0,9,259,27841,3,1.0
98,0.0,0.0,1.2029999,1.0,4.0,8,119.4435617739502,149.0682452891162,pobre,basal,5,1000.0,520.0,1.0,34.0,10,259,27841,3,1.0
97,1.0,0.0,1.2029999,1.0,0.0,8,119.4435617739502,149.0682452891162,pobre,basal,5,1000.0,520.0,1.0,34.0,6,259,27842,0,1.0
98,1.0,0.0,1.2029999,1.0,1.0,8,119.4435617739502,149.0682452891162,pobre,basal,5,1000.0,520.0,1.0,34.0,7,259,27842,0,1.0
97,1.0,0.0,2.336,0.0,2.0,10,128.7302030177349,157.2221239421339,pobre,basal,2,625.0,516.33002,1.0,40.0,16,254,27843,2,0.0
98,1.0,0.0,2.336,,,10,128.7302030177349,157.2221239421339,pobre,basal,2,625.0,516.33002,1.0,40.0,17,254,27843,2,0.0
97,1.0,0.0,2.336,0.0,3.0,10,128.7302030177349,157.2221239421339,pobre,basal,2,625.0,516.33002,1.0,40.0,15,254,27844,3,0.0
98,1.0,0.0,2.336,1.0,3.0,10,128.7302030177349,157.2221239421339,pobre,basal,2,625.0,516.33002,1.0,40.0,16,254,27844,3,0.0
97,0.0,0.0,2.336,0.0,2.0,10,128.7302030177349,157.2221239421339,pobre,basal,2,625.0,516.33002,1.0,40.0,12,254,27845,2,0.0
98,0.0,0.0,2.336,1.0,2.0,10,128.7302030177349,157.2221239421339,pobre,basal,2,625.0,516.33002,1.0,40.0,13,254,27845,2,0.0
97,1.0,0.0,2.336,0.0,1.0,10,128.7302030177349,157.2221239421339,pobre,basal,2,625.0,516.33002,1.0,40.0,10,254,27846,1,0.0
98,1.0,0.0,2.336,1.0,2.0,10,128.7302030177349,157.2221239421339,pobre,basal,2,625.0,516.33002,1.0,40.0,11,254,27846,1,0.0
97,0.0,0.0,2.336,0.0,1.0,10,128.7302030177349,157.2221239421339,pobre,basal,2,625.0,516.33002,1.0,40.0,8,254,27847,1,0.0
98,0.0,0.0,2.336,1.0,1.0,10,128.7302030177349,157.2221239421339,pobre,basal,2,625.0,516.33002,1.0,40.0,9,254,27847,1,0.0
97,0.0,0.0,2.336,1.0,1.0,4,128.7302030177349,157.2221239421339,pobre,basal,0,750.0,588.0,1.0,39.0,10,254,27848,1,1.0
98,0.0,0.0,2.336,,,4,128.7302030177349,157.2221239421339,pobre,basal,0,750.0,588.0,1.0,39.0,11,254,27848,1,1.0
97,1.0,0.0,2.336,1.0,3.0,7,128.7302030177349,157.2221239421339,pobre,basal,1,750.0,582.5,1.0,47.0,11,254,27849,3,1.0
98,1.0,0.0,2.336,1.0,5.0,7,128.7302030177349,157.2221239421339,pobre,basal,1,750.0,582.5,1.0,47.0,12,254,27849,3,1.0
97,0.0,0.0,2.336,1.0,3.0,7,128.7302030177349,157.2221239421339,pobre,basal,1,750.0,582.5,1.0,47.0,9,254,27850,3,1.0
98,0.0,0.0,2.336,1.0,5.0,7,128.7302030177349,157.2221239421339,pobre,basal,1,750.0,582.5,1.0,47.0,10,254,27850,3,1.0
97,1.0,0.0,2.336,1.0,1.0,7,128.7302030177349,157.2221239421339,pobre,basal,1,750.0,582.5,1.0,47.0,6,254,27851,1,1.0
98,1.0,0.0,2.336,1.0,0.0,7,128.7302030177349,157.2221239421339,pobre,basal,1,750.0,582.5,1.0,47.0,7,254,27851,1,1.0
97,1.0,0.0,2.7149999,1.0,7.0,5,77.78515805468946,89.68874110271462,no pobre,basal,3,266.66666,747.5,1.0,43.0,13,197,27852,7,1.0
98,1.0,0.0,2.7149999,1.0,8.0,5,77.78515805468946,89.68874110271462,no pobre,basal,3,266.66666,747.5,1.0,43.0,14,197,27852,7,1.0
97,1.0,0.0,2.7149999,1.0,3.0,5,77.78515805468946,89.68874110271462,no pobre,basal,3,266.66666,747.5,1.0,43.0,9,197,27853,3,1.0
98,1.0,0.0,2.7149999,1.0,3.0,5,77.78515805468946,89.68874110271462,no pobre,basal,3,266.66666,747.5,1.0,43.0,10,197,27853,3,1.0
97,1.0,0.0,2.336,,0.0,4,128.7302030177349,157.2221239421339,pobre,basal,5,750.0,615.14001,1.0,48.0,14,254,27854,0,
98,1.0,0.0,2.336,,,4,128.7302030177349,157.2221239421339,pobre,basal,5,750.0,615.14001,1.0,48.0,15,254,27854,0,
97,1.0,0.0,2.336,,0.0,4,128.7302030177349,157.2221239421339,pobre,basal,5,750.0,615.14001,1.0,48.0,6,254,27855,0,
98,1.0,0.0,2.336,,,4,128.7302030177349,157.2221239421339,pobre,basal,5,750.0,615.14001,1.0,48.0,7,254,27855,0,
97,1.0,1.0,2.336,1.0,6.0,3,128.7302030177349,157.2221239421339,pobre,basal,0,750.0,626.5,1.0,65.0,15,254,27856,6,1.0
98,1.0,1.0,2.336,0.0,9.0,3,128.7302030177349,157.2221239421339,pobre,basal,0,750.0,626.5,1.0,65.0,16,254,27856,6,1.0
97,1.0,0.0,2.336,0.0,6.0,8,128.7302030177349,157.2221239421339,pobre,basal,3,3750.0,851.19,1.0,65.0,16,254,27857,6,0.0
98,1.0,0.0,2.336,,,8,128.7302030177349,157.2221239421339,pobre,basal,3,3750.0,851.19,1.0,65.0,17,254,27857,6,0.0
97,0.0,0.0,2.336,0.0,5.0,8,128.7302030177349,157.2221239421339,pobre,basal,3,3750.0,851.19,1.0,65.0,12,254,27858,5,0.0
98,0.0,0.0,2.336,1.0,5.0,8,128.7302030177349,157.2221239421339,pobre,basal,3,3750.0,851.19,1.0,65.0,13,254,27858,5,0.0
97,1.0,0.0,2.336,0.0,5.0,8,128.7302030177349,157.2221239421339,pobre,basal,3,3750.0,851.19,1.0,65.0,11,254,27859,5,0.0
98,1.0,0.0,2.336,1.0,5.0,8,128.7302030177349,157.2221239421339,pobre,basal,3,3750.0,851.19,1.0,65.0,12,254,27859,5,0.0
97,0.0,0.0,2.336,0.0,3.0,8,128.7302030177349,157.2221239421339,pobre,basal,3,3750.0,851.19,1.0,65.0,10,254,27860,3,0.0
98,0.0,0.0,2.336,1.0,3.0,8,128.7302030177349,157.2221239421339,pobre,basal,3,3750.0,851.19,1.0,65.0,11,254,27860,3,0.0
97,0.0,0.0,2.336,0.0,2.0,8,128.7302030177349,157.2221239421339,pobre,basal,3,3750.0,851.19,1.0,65.0,7,254,27861,2,0.0
98,0.0,0.0,2.336,1.0,2.0,8,128.7302030177349,157.2221239421339,pobre,basal,3,3750.0,851.19,1.0,65.0,8,254,27861,2,0.0
97,1.0,0.0,2.7149999,0.0,4.0,10,77.78515805468946,89.68874110271462,pobre,basal,4,0.0,464.5,1.0,32.0,13,197,27862,4,0.0
98,1.0,0.0,2.7149999,0.0,5.0,10,77.78515805468946,89.68874110271462,pobre,basal,4,0.0,464.5,1.0,32.0,14,197,27862,4,0.0
97,1.0,0.0,2.7149999,1.0,4.0,10,77.78515805468946,89.68874110271462,pobre,basal,4,0.0,464.5,1.0,32.0,11,197,27863,4,1.0
98,1.0,0.0,2.7149999,1.0,5.0,10,77.78515805468946,89.68874110271462,pobre,basal,4,0.0,464.5,1.0,32.0,12,197,27863,4,1.0
97,0.0,0.0,2.7149999,1.0,2.0,10,77.78515805468946,89.68874110271462,pobre,basal,4,0.0,464.5,1.0,32.0,9,197,27864,2,1.0
98,0.0,0.0,2.7149999,1.0,3.0,10,77.78515805468946,89.68874110271462,pobre,basal,4,0.0,464.5,1.0,32.0,10,197,27864,2,1.0
97,0.0,0.0,2.7149999,1.0,1.0,10,77.78515805468946,89.68874110271462,pobre,basal,4,0.0,464.5,1.0,32.0,7,197,27865,1,1.0
98,0.0,0.0,2.7149999,1.0,2.0,10,77.78515805468946,89.68874110271462,pobre,basal,4,0.0,464.5,1.0,32.0,8,197,27865,1,1.0
97,0.0,0.0,2.7149999,,0.0,10,77.78515805468946,89.68874110271462,pobre,basal,4,0.0,464.5,1.0,32.0,6,197,27866,0,
98,0.0,0.0,2.7149999,1.0,1.0,10,77.78515805468946,89.68874110271462,pobre,basal,4,0.0,464.5,1.0,32.0,7,197,27866,0,
97,1.0,0.0,1.506,1.0,4.0,6,82.57785828051975,82.57785828051975,pobre,basal,6,0.0,544.0,1.0,34.0,10,196,27867,4,1.0
98,1.0,0.0,1.506,0.0,5.0,6,82.57785828051975,82.57785828051975,pobre,basal,6,0.0,544.0,1.0,34.0,11,196,27867,4,1.0
97,1.0,0.0,1.506,1.0,2.0,6,82.57785828051975,82.57785828051975,pobre,basal,6,0.0,544.0,1.0,34.0,8,196,27868,2,1.0
98,1.0,0.0,1.506,0.0,3.0,6,82.57785828051975,82.57785828051975,pobre,basal,6,0.0,544.0,1.0,34.0,9,196,27868,2,1.0
97,1.0,0.0,1.506,1.0,8.0,10,82.57785828051975,82.57785828051975,no pobre,basal,4,1000.0,752.5,1.0,47.0,16,196,27869,8,1.0
98,1.0,0.0,1.506,0.0,8.0,10,82.57785828051975,82.57785828051975,no pobre,basal,4,1000.0,752.5,1.0,47.0,17,196,27869,8,1.0
97,1.0,0.0,1.506,1.0,4.0,10,82.57785828051975,82.57785828051975,no pobre,basal,4,1000.0,752.5,1.0,47.0,13,196,27870,4,1.0
98,1.0,0.0,1.506,0.0,5.0,10,82.57785828051975,82.57785828051975,no pobre,basal,4,1000.0,752.5,1.0,47.0,14,196,27870,4,1.0
97,0.0,0.0,1.506,0.0,9.0,4,82.57785828051975,82.57785828051975,pobre,basal,3,1000.0,803.0,1.0,64.0,16,196,27871,9,0.0
98,0.0,0.0,1.506,,,4,82.57785828051975,82.57785828051975,pobre,basal,3,1000.0,803.0,1.0,64.0,17,196,27871,9,0.0
97,0.0,0.0,1.506,1.0,2.0,5,82.57785828051975,82.57785828051975,pobre,basal,3,0.0,512.34399,1.0,44.0,8,196,27872,2,1.0
98,0.0,0.0,1.506,0.0,3.0,5,82.57785828051975,82.57785828051975,pobre,basal,3,0.0,512.34399,1.0,44.0,9,196,27872,2,1.0
97,1.0,0.0,1.506,1.0,0.0,5,82.57785828051975,82.57785828051975,pobre,basal,3,0.0,512.34399,1.0,44.0,7,196,27873,0,1.0
98,1.0,0.0,1.506,0.0,1.0,5,82.57785828051975,82.57785828051975,pobre,basal,3,0.0,512.34399,1.0,44.0,8,196,27873,0,1.0
97,0.0,0.0,1.506,1.0,0.0,5,82.57785828051975,82.57785828051975,pobre,basal,6,750.0,649.0,1.0,31.0,6,196,27874,0,1.0
98,0.0,0.0,1.506,,,5,82.57785828051975,82.57785828051975,pobre,basal,6,750.0,649.0,1.0,31.0,7,196,27874,0,1.0
97,0.0,0.0,1.506,0.0,6.0,8,82.57785828051975,82.57785828051975,no pobre,basal,0,1000.0,704.0,1.0,35.0,16,196,27875,6,0.0
98,0.0,0.0,1.506,,,8,82.57785828051975,82.57785828051975,no pobre,basal,0,1000.0,704.0,1.0,35.0,17,196,27875,6,0.0
97,1.0,0.0,1.506,0.0,6.0,8,82.57785828051975,82.57785828051975,no pobre,basal,0,1000.0,704.0,1.0,35.0,12,196,27876,6,0.0
98,1.0,0.0,1.506,,,8,82.57785828051975,82.57785828051975,no pobre,basal,0,1000.0,704.0,1.0,35.0,13,196,27876,6,0.0
97,1.0,0.0,1.506,0.0,6.0,9,82.57785828051975,82.57785828051975,pobre,basal,0,1000.0,563.5,1.0,31.0,15,196,27877,6,0.0
98,1.0,0.0,1.506,0.0,6.0,9,82.57785828051975,82.57785828051975,pobre,basal,0,1000.0,563.5,1.0,31.0,16,196,27877,6,0.0
97,0.0,0.0,1.506,1.0,6.0,9,82.57785828051975,82.57785828051975,pobre,basal,0,1000.0,563.5,1.0,31.0,13,196,27878,6,1.0
98,0.0,0.0,1.506,1.0,7.0,9,82.57785828051975,82.57785828051975,pobre,basal,0,1000.0,563.5,1.0,31.0,14,196,27878,6,1.0
97,1.0,0.0,1.506,1.0,4.0,9,82.57785828051975,82.57785828051975,pobre,basal,0,1000.0,563.5,1.0,31.0,10,196,27879,4,1.0
98,1.0,0.0,1.506,0.0,5.0,9,82.57785828051975,82.57785828051975,pobre,basal,0,1000.0,563.5,1.0,31.0,11,196,27879,4,1.0
97,1.0,0.0,1.506,1.0,4.0,9,82.57785828051975,82.57785828051975,pobre,basal,0,1000.0,563.5,1.0,31.0,9,196,27880,4,1.0
98,1.0,0.0,1.506,0.0,5.0,9,82.57785828051975,82.57785828051975,pobre,basal,0,1000.0,563.5,1.0,31.0,10,196,27880,4,1.0
97,1.0,0.0,1.506,1.0,1.0,9,82.57785828051975,82.57785828051975,pobre,basal,0,1000.0,563.5,1.0,31.0,7,196,27881,1,1.0
98,1.0,0.0,1.506,0.0,2.0,9,82.57785828051975,82.57785828051975,pobre,basal,0,1000.0,563.5,1.0,31.0,8,196,27881,1,1.0
97,1.0,0.0,1.506,1.0,0.0,9,82.57785828051975,82.57785828051975,pobre,basal,0,1000.0,563.5,1.0,31.0,6,196,27882,0,1.0
98,1.0,0.0,1.506,0.0,1.0,9,82.57785828051975,82.57785828051975,pobre,basal,0,1000.0,563.5,1.0,31.0,7,196,27882,0,1.0
97,1.0,0.0,1.506,1.0,7.0,8,82.57785828051975,82.57785828051975,no pobre,basal,0,0.0,777.20001,1.0,59.0,14,196,27883,7,1.0
98,1.0,0.0,1.506,1.0,8.0,8,82.57785828051975,82.57785828051975,no pobre,basal,0,0.0,777.20001,1.0,59.0,15,196,27883,7,1.0
97,1.0,0.0,1.506,1.0,0.0,5,82.57785828051975,82.57785828051975,pobre,basal,6,0.0,644.0,1.0,29.0,6,196,27884,0,1.0
98,1.0,0.0,1.506,1.0,1.0,5,82.57785828051975,82.57785828051975,pobre,basal,6,0.0,644.0,1.0,29.0,7,196,27884,0,1.0
97,1.0,0.0,1.506,0.0,6.0,8,82.57785828051975,82.57785828051975,pobre,basal,2,0.0,593.0,1.0,56.0,14,196,27885,6,0.0
98,1.0,0.0,1.506,0.0,6.0,8,82.57785828051975,82.57785828051975,pobre,basal,2,0.0,593.0,1.0,56.0,15,196,27885,6,0.0
97,0.0,0.0,1.506,0.0,5.0,8,82.57785828051975,82.57785828051975,pobre,basal,2,0.0,593.0,1.0,56.0,12,196,27886,5,0.0
98,0.0,0.0,1.506,0.0,5.0,8,82.57785828051975,82.57785828051975,pobre,basal,2,0.0,593.0,1.0,56.0,13,196,27886,5,0.0
97,0.0,0.0,1.506,1.0,3.0,8,82.57785828051975,82.57785828051975,pobre,basal,2,0.0,593.0,1.0,56.0,10,196,27887,3,1.0
98,0.0,0.0,1.506,0.0,4.0,8,82.57785828051975,82.57785828051975,pobre,basal,2,0.0,593.0,1.0,56.0,11,196,27887,3,1.0
97,1.0,0.0,1.506,1.0,2.0,8,82.57785828051975,82.57785828051975,pobre,basal,2,0.0,593.0,1.0,56.0,8,196,27888,2,1.0
98,1.0,0.0,1.506,0.0,3.0,8,82.57785828051975,82.57785828051975,pobre,basal,2,0.0,593.0,1.0,56.0,9,196,27888,2,1.0
97,0.0,0.0,1.506,1.0,10.0,8,82.57785828051975,82.57785828051975,pobre,basal,4,750.0,540.0,1.0,38.0,16,196,27889,10,1.0
98,0.0,0.0,1.506,,,8,82.57785828051975,82.57785828051975,pobre,basal,4,750.0,540.0,1.0,38.0,17,196,27889,10,1.0
97,0.0,0.0,1.506,0.0,9.0,8,82.57785828051975,82.57785828051975,pobre,basal,4,750.0,540.0,1.0,38.0,15,196,27890,9,0.0
98,0.0,0.0,1.506,1.0,9.0,8,82.57785828051975,82.57785828051975,pobre,basal,4,750.0,540.0,1.0,38.0,16,196,27890,9,0.0
97,0.0,0.0,1.506,1.0,8.0,8,82.57785828051975,82.57785828051975,pobre,basal,4,750.0,540.0,1.0,38.0,14,196,27891,8,1.0
98,0.0,0.0,1.506,1.0,8.0,8,82.57785828051975,82.57785828051975,pobre,basal,4,750.0,540.0,1.0,38.0,15,196,27891,8,1.0
97,0.0,0.0,1.506,1.0,4.0,8,82.57785828051975,82.57785828051975,pobre,basal,4,750.0,540.0,1.0,38.0,10,196,27892,4,1.0
98,0.0,0.0,1.506,1.0,5.0,8,82.57785828051975,82.57785828051975,pobre,basal,4,750.0,540.0,1.0,38.0,11,196,27892,4,1.0
97,1.0,0.0,1.506,1.0,2.0,8,82.57785828051975,82.57785828051975,pobre,basal,4,750.0,540.0,1.0,38.0,8,196,27893,2,1.0
98,1.0,0.0,1.506,1.0,3.0,8,82.57785828051975,82.57785828051975,pobre,basal,4,750.0,540.0,1.0,38.0,9,196,27893,2,1.0
97,1.0,0.0,1.506,0.0,5.0,6,82.57785828051975,82.57785828051975,pobre,basal,5,0.0,683.0,1.0,43.0,16,196,27894,5,0.0
98,1.0,0.0,1.506,,,6,82.57785828051975,82.57785828051975,pobre,basal,5,0.0,683.0,1.0,43.0,17,196,27894,5,0.0
97,0.0,0.0,1.506,1.0,7.0,6,82.57785828051975,82.57785828051975,pobre,basal,5,0.0,683.0,1.0,43.0,15,196,27895,7,1.0
98,0.0,0.0,1.506,1.0,8.0,6,82.57785828051975,82.57785828051975,pobre,basal,5,0.0,683.0,1.0,43.0,16,196,27895,7,1.0
97,0.0,0.0,1.506,1.0,4.0,6,82.57785828051975,82.57785828051975,pobre,basal,5,0.0,683.0,1.0,43.0,10,196,27896,4,1.0
98,0.0,0.0,1.506,0.0,5.0,6,82.57785828051975,82.57785828051975,pobre,basal,5,0.0,683.0,1.0,43.0,11,196,27896,4,1.0
97,0.0,0.0,1.506,1.0,3.0,6,82.57785828051975,82.57785828051975,pobre,basal,5,0.0,683.0,1.0,43.0,9,196,27897,3,1.0
98,0.0,0.0,1.506,0.0,4.0,6,82.57785828051975,82.57785828051975,pobre,basal,5,0.0,683.0,1.0,43.0,10,196,27897,3,1.0
97,0.0,0.0,1.506,0.0,6.0,5,82.57785828051975,82.57785828051975,pobre,basal,1,0.0,684.0,1.0,51.0,15,196,27898,6,0.0
98,0.0,0.0,1.506,1.0,6.0,5,82.57785828051975,82.57785828051975,pobre,basal,1,0.0,684.0,1.0,51.0,16,196,27898,6,0.0
97,0.0,0.0,1.506,1.0,3.0,5,82.57785828051975,82.57785828051975,pobre,basal,1,0.0,684.0,1.0,51.0,10,196,27899,3,1.0
98,0.0,0.0,1.506,0.0,4.0,5,82.57785828051975,82.57785828051975,pobre,basal,1,0.0,684.0,1.0,51.0,11,196,27899,3,1.0
97,0.0,0.0,1.506,0.0,6.0,15,82.57785828051975,82.57785828051975,pobre,basal,3,0.0,605.28571,1.0,52.0,15,196,27900,6,0.0
98,0.0,0.0,1.506,1.0,7.0,15,82.57785828051975,82.57785828051975,pobre,basal,3,0.0,605.28571,1.0,52.0,16,196,27900,6,0.0
97,1.0,0.0,1.506,0.0,6.0,15,82.57785828051975,82.57785828051975,pobre,basal,3,0.0,605.28571,1.0,52.0,13,196,27901,6,0.0
98,1.0,0.0,1.506,1.0,7.0,15,82.57785828051975,82.57785828051975,pobre,basal,3,0.0,605.28571,1.0,52.0,14,196,27901,6,0.0
97,1.0,0.0,1.506,1.0,5.0,15,82.57785828051975,82.57785828051975,pobre,basal,3,0.0,605.28571,1.0,52.0,12,196,27902,5,1.0
98,1.0,0.0,1.506,1.0,6.0,15,82.57785828051975,82.57785828051975,pobre,basal,3,0.0,605.28571,1.0,52.0,13,196,27902,5,1.0
97,1.0,0.0,1.506,1.0,3.0,15,82.57785828051975,82.57785828051975,pobre,basal,3,0.0,605.28571,1.0,52.0,9,196,27903,3,1.0
98,1.0,0.0,1.506,1.0,4.0,15,82.57785828051975,82.57785828051975,pobre,basal,3,0.0,605.28571,1.0,52.0,10,196,27903,3,1.0
97,1.0,0.0,1.506,1.0,1.0,15,82.57785828051975,82.57785828051975,pobre,basal,3,0.0,605.28571,1.0,52.0,7,196,27904,1,1.0
98,1.0,0.0,1.506,,,15,82.57785828051975,82.57785828051975,pobre,basal,3,0.0,605.28571,1.0,52.0,8,196,27904,1,1.0
97,1.0,0.0,1.506,1.0,5.0,5,82.57785828051975,82.57785828051975,pobre,basal,10,1000.0,676.5,1.0,36.0,11,196,27905,5,1.0
98,1.0,0.0,1.506,,,5,82.57785828051975,82.57785828051975,pobre,basal,10,1000.0,676.5,1.0,36.0,12,196,27905,5,1.0
97,1.0,0.0,1.506,1.0,1.0,5,82.57785828051975,82.57785828051975,pobre,basal,10,1000.0,676.5,1.0,36.0,7,196,27906,1,1.0
98,1.0,0.0,1.506,0.0,2.0,5,82.57785828051975,82.57785828051975,pobre,basal,10,1000.0,676.5,1.0,36.0,8,196,27906,1,1.0
97,1.0,0.0,1.506,0.0,9.0,8,82.57785828051975,82.57785828051975,pobre,basal,3,0.0,539.20001,1.0,41.0,15,196,27907,9,0.0
98,1.0,0.0,1.506,,,8,82.57785828051975,82.57785828051975,pobre,basal,3,0.0,539.20001,1.0,41.0,16,196,27907,9,0.0
97,1.0,0.0,1.506,0.0,6.0,8,82.57785828051975,82.57785828051975,pobre,basal,3,0.0,539.20001,1.0,41.0,13,196,27908,6,0.0
98,1.0,0.0,1.506,1.0,7.0,8,82.57785828051975,82.57785828051975,pobre,basal,3,0.0,539.20001,1.0,41.0,14,196,27908,6,0.0
97,1.0,0.0,1.506,1.0,5.0,8,82.57785828051975,82.57785828051975,pobre,basal,3,0.0,539.20001,1.0,41.0,12,196,27909,5,1.0
98,1.0,0.0,1.506,1.0,6.0,8,82.57785828051975,82.57785828051975,pobre,basal,3,0.0,539.20001,1.0,41.0,13,196,27909,5,1.0
97,1.0,0.0,1.506,1.0,4.0,8,82.57785828051975,82.57785828051975,pobre,basal,3,0.0,539.20001,1.0,41.0,11,196,27910,4,1.0
98,1.0,0.0,1.506,1.0,5.0,8,82.57785828051975,82.57785828051975,pobre,basal,3,0.0,539.20001,1.0,41.0,12,196,27910,4,1.0
97,1.0,0.0,1.506,1.0,0.0,8,82.57785828051975,82.57785828051975,pobre,basal,3,0.0,539.20001,1.0,41.0,6,196,27911,0,1.0
98,1.0,0.0,1.506,1.0,1.0,8,82.57785828051975,82.57785828051975,pobre,basal,3,0.0,539.20001,1.0,41.0,7,196,27911,0,1.0
97,0.0,0.0,1.506,1.0,8.0,8,82.57785828051975,82.57785828051975,no pobre,basal,4,83.333336,754.0,1.0,45.0,14,196,27912,8,1.0
98,0.0,0.0,1.506,1.0,9.0,8,82.57785828051975,82.57785828051975,no pobre,basal,4,83.333336,754.0,1.0,45.0,15,196,27912,8,1.0
97,0.0,0.0,1.506,1.0,6.0,8,82.57785828051975,82.57785828051975,no pobre,basal,4,83.333336,754.0,1.0,45.0,12,196,27913,6,1.0
98,0.0,0.0,1.506,1.0,7.0,8,82.57785828051975,82.57785828051975,no pobre,basal,4,83.333336,754.0,1.0,45.0,13,196,27913,6,1.0
97,1.0,0.0,1.506,1.0,8.0,11,82.57785828051975,82.57785828051975,pobre,basal,6,0.0,606.25,1.0,40.0,15,196,27914,8,1.0
98,1.0,0.0,1.506,1.0,9.0,11,82.57785828051975,82.57785828051975,pobre,basal,6,0.0,606.25,1.0,40.0,16,196,27914,8,1.0
97,0.0,0.0,1.506,0.0,6.0,11,82.57785828051975,82.57785828051975,pobre,basal,6,0.0,606.25,1.0,40.0,12,196,27915,6,0.0
98,0.0,0.0,1.506,1.0,7.0,11,82.57785828051975,82.57785828051975,pobre,basal,6,0.0,606.25,1.0,40.0,13,196,27915,6,0.0
97,1.0,0.0,1.506,1.0,4.0,11,82.57785828051975,82.57785828051975,pobre,basal,6,0.0,606.25,1.0,40.0,9,196,27916,4,1.0
98,1.0,0.0,1.506,1.0,5.0,11,82.57785828051975,82.57785828051975,pobre,basal,6,0.0,606.25,1.0,40.0,10,196,27916,4,1.0
97,1.0,0.0,1.506,1.0,3.0,11,82.57785828051975,82.57785828051975,pobre,basal,6,0.0,606.25,1.0,40.0,8,196,27917,3,1.0
98,1.0,0.0,1.506,1.0,4.0,11,82.57785828051975,82.57785828051975,pobre,basal,6,0.0,606.25,1.0,40.0,9,196,27917,3,1.0
97,0.0,0.0,2.7149999,0.0,6.0,10,77.78515805468946,89.68874110271462,pobre,basal,6,640.0,665.5,1.0,38.0,12,197,27918,6,0.0
98,0.0,0.0,2.7149999,0.0,6.0,10,77.78515805468946,89.68874110271462,pobre,basal,6,640.0,665.5,1.0,38.0,13,197,27918,6,0.0
97,0.0,0.0,2.7149999,0.0,6.0,10,77.78515805468946,89.68874110271462,pobre,basal,6,640.0,665.5,1.0,38.0,12,197,27919,6,0.0
98,0.0,0.0,2.7149999,0.0,6.0,10,77.78515805468946,89.68874110271462,pobre,basal,6,640.0,665.5,1.0,38.0,13,197,27919,6,0.0
97,0.0,0.0,2.7149999,1.0,3.0,10,77.78515805468946,89.68874110271462,pobre,basal,6,640.0,665.5,1.0,38.0,9,197,27920,3,1.0
98,0.0,0.0,2.7149999,1.0,4.0,10,77.78515805468946,89.68874110271462,pobre,basal,6,640.0,665.5,1.0,38.0,10,197,27920,3,1.0
97,1.0,0.0,2.7149999,1.0,1.0,10,77.78515805468946,89.68874110271462,pobre,basal,6,640.0,665.5,1.0,38.0,7,197,27921,1,1.0
98,1.0,0.0,2.7149999,1.0,2.0,10,77.78515805468946,89.68874110271462,pobre,basal,6,640.0,665.5,1.0,38.0,8,197,27921,1,1.0
97,0.0,0.0,2.7149999,0.0,6.0,7,77.78515805468946,89.68874110271462,pobre,basal,2,0.0,637.5,1.0,47.0,16,197,27922,6,0.0
98,0.0,0.0,2.7149999,,,7,77.78515805468946,89.68874110271462,pobre,basal,2,0.0,637.5,1.0,47.0,17,197,27922,6,0.0
97,0.0,0.0,2.7149999,1.0,6.0,7,77.78515805468946,89.68874110271462,pobre,basal,2,0.0,637.5,1.0,47.0,12,197,27923,6,1.0
98,0.0,0.0,2.7149999,1.0,7.0,7,77.78515805468946,89.68874110271462,pobre,basal,2,0.0,637.5,1.0,47.0,13,197,27923,6,1.0
97,0.0,0.0,2.7149999,1.0,3.0,7,77.78515805468946,89.68874110271462,pobre,basal,2,0.0,637.5,1.0,47.0,10,197,27924,3,1.0
98,0.0,0.0,2.7149999,1.0,4.0,7,77.78515805468946,89.68874110271462,pobre,basal,2,0.0,637.5,1.0,47.0,11,197,27924,3,1.0
97,0.0,0.0,2.7149999,1.0,1.0,7,77.78515805468946,89.68874110271462,pobre,basal,2,0.0,637.5,1.0,47.0,6,197,27925,1,1.0
98,0.0,0.0,2.7149999,1.0,2.0,7,77.78515805468946,89.68874110271462,pobre,basal,2,0.0,637.5,1.0,47.0,7,197,27925,1,1.0
97,1.0,0.0,2.7149999,1.0,3.0,6,77.78515805468946,89.68874110271462,pobre,basal,3,116.66666,534.0,1.0,35.0,8,197,27926,3,1.0
98,1.0,0.0,2.7149999,1.0,4.0,6,77.78515805468946,89.68874110271462,pobre,basal,3,116.66666,534.0,1.0,35.0,9,197,27926,3,1.0
97,0.0,0.0,2.7149999,1.0,1.0,6,77.78515805468946,89.68874110271462,pobre,basal,3,116.66666,534.0,1.0,35.0,7,197,27927,1,1.0
98,0.0,0.0,2.7149999,1.0,2.0,6,77.78515805468946,89.68874110271462,pobre,basal,3,116.66666,534.0,1.0,35.0,8,197,27927,1,1.0
97,0.0,0.0,2.7149999,1.0,9.0,6,77.78515805468946,89.68874110271462,no pobre,basal,9,533.33331,731.0,1.0,38.0,15,197,27928,9,1.0
98,0.0,0.0,2.7149999,,,6,77.78515805468946,89.68874110271462,no pobre,basal,9,533.33331,731.0,1.0,38.0,16,197,27928,9,1.0
97,0.0,0.0,2.7149999,1.0,7.0,6,77.78515805468946,89.68874110271462,no pobre,basal,9,533.33331,731.0,1.0,38.0,13,197,27929,7,1.0
98,0.0,0.0,2.7149999,1.0,8.0,6,77.78515805468946,89.68874110271462,no pobre,basal,9,533.33331,731.0,1.0,38.0,14,197,27929,7,1.0
97,0.0,0.0,2.7149999,1.0,5.0,6,77.78515805468946,89.68874110271462,no pobre,basal,9,533.33331,731.0,1.0,38.0,11,197,27930,5,1.0
98,0.0,0.0,2.7149999,1.0,6.0,6,77.78515805468946,89.68874110271462,no pobre,basal,9,533.33331,731.0,1.0,38.0,12,197,27930,5,1.0
97,1.0,0.0,2.7149999,1.0,8.0,8,77.78515805468946,89.68874110271462,pobre,basal,6,1000.0,523.0,1.0,42.0,16,197,27931,8,1.0
98,1.0,0.0,2.7149999,1.0,9.0,8,77.78515805468946,89.68874110271462,pobre,basal,6,1000.0,523.0,1.0,42.0,17,197,27931,8,1.0
97,0.0,0.0,2.7149999,1.0,7.0,8,77.78515805468946,89.68874110271462,pobre,basal,6,1000.0,523.0,1.0,42.0,13,197,27932,7,1.0
98,0.0,0.0,2.7149999,1.0,8.0,8,77.78515805468946,89.68874110271462,pobre,basal,6,1000.0,523.0,1.0,42.0,14,197,27932,7,1.0
97,1.0,0.0,2.7149999,1.0,6.0,8,77.78515805468946,89.68874110271462,pobre,basal,6,1000.0,523.0,1.0,42.0,12,197,27933,6,1.0
98,1.0,0.0,2.7149999,1.0,7.0,8,77.78515805468946,89.68874110271462,pobre,basal,6,1000.0,523.0,1.0,42.0,13,197,27933,6,1.0
97,1.0,0.0,2.7149999,1.0,2.0,8,77.78515805468946,89.68874110271462,pobre,basal,6,1000.0,523.0,1.0,42.0,8,197,27934,2,1.0
98,1.0,0.0,2.7149999,1.0,3.0,8,77.78515805468946,89.68874110271462,pobre,basal,6,1000.0,523.0,1.0,42.0,9,197,27934,2,1.0
97,0.0,0.0,2.7149999,1.0,0.0,8,77.78515805468946,89.68874110271462,pobre,basal,6,1000.0,523.0,1.0,42.0,6,197,27935,0,1.0
98,0.0,0.0,2.7149999,1.0,1.0,8,77.78515805468946,89.68874110271462,pobre,basal,6,1000.0,523.0,1.0,42.0,7,197,27935,0,1.0
97,1.0,0.0,2.7149999,1.0,1.0,8,77.78515805468946,89.68874110271462,pobre,basal,2,100.0,704.34399,1.0,45.0,15,197,27936,1,1.0
98,1.0,0.0,2.7149999,,,8,77.78515805468946,89.68874110271462,pobre,basal,2,100.0,704.34399,1.0,45.0,16,197,27936,1,1.0
97,1.0,0.0,2.7149999,1.0,3.0,8,77.78515805468946,89.68874110271462,pobre,basal,2,100.0,704.34399,1.0,45.0,8,197,27937,3,1.0
98,1.0,0.0,2.7149999,,,8,77.78515805468946,89.68874110271462,pobre,basal,2,100.0,704.34399,1.0,45.0,9,197,27937,3,1.0
97,0.0,0.0,2.7149999,1.0,2.0,4,77.78515805468946,89.68874110271462,pobre,basal,3,0.0,691.0,1.0,32.0,8,197,27938,2,1.0
98,0.0,0.0,2.7149999,1.0,3.0,4,77.78515805468946,89.68874110271462,pobre,basal,3,0.0,691.0,1.0,32.0,9,197,27938,2,1.0
97,0.0,0.0,2.7149999,1.0,0.0,4,77.78515805468946,89.68874110271462,pobre,basal,3,0.0,691.0,1.0,32.0,6,197,27939,0,1.0
98,0.0,0.0,2.7149999,1.0,1.0,4,77.78515805468946,89.68874110271462,pobre,basal,3,0.0,691.0,1.0,32.0,7,197,27939,0,1.0
97,0.0,0.0,1.098,0.0,6.0,6,46.01824300609146,113.8021049251487,no pobre,0,3,875.0,971.0,1.0,47.0,15,242,27940,6,0.0
98,0.0,0.0,1.098,0.0,6.0,6,46.01824300609146,113.8021049251487,no pobre,0,3,875.0,971.0,1.0,47.0,16,242,27940,6,0.0
97,0.0,0.0,1.098,,0.0,8,46.01824300609146,113.8021049251487,pobre,0,6,480.0,758.0,1.0,45.0,16,242,27941,0,
98,0.0,0.0,1.098,,,8,46.01824300609146,113.8021049251487,pobre,0,6,480.0,758.0,1.0,45.0,17,242,27941,0,
97,0.0,0.0,1.098,1.0,4.0,8,46.01824300609146,113.8021049251487,pobre,0,6,480.0,758.0,1.0,45.0,13,242,27942,4,1.0
98,0.0,0.0,1.098,1.0,4.0,8,46.01824300609146,113.8021049251487,pobre,0,6,480.0,758.0,1.0,45.0,14,242,27942,4,1.0
97,0.0,0.0,1.098,1.0,3.0,8,46.01824300609146,113.8021049251487,pobre,0,6,480.0,758.0,1.0,45.0,10,242,27943,3,1.0
98,0.0,0.0,1.098,1.0,3.0,8,46.01824300609146,113.8021049251487,pobre,0,6,480.0,758.0,1.0,45.0,11,242,27943,3,1.0
97,1.0,0.0,1.098,1.0,0.0,8,46.01824300609146,113.8021049251487,pobre,0,6,480.0,758.0,1.0,45.0,6,242,27944,0,1.0
98,1.0,0.0,1.098,1.0,0.0,8,46.01824300609146,113.8021049251487,pobre,0,6,480.0,758.0,1.0,45.0,7,242,27944,0,1.0
97,0.0,0.0,1.098,0.0,6.0,16,46.01824300609146,113.8021049251487,pobre,0,0,375.0,668.0,1.0,77.0,15,242,27945,6,0.0
98,0.0,0.0,1.098,,,16,46.01824300609146,113.8021049251487,pobre,0,0,375.0,668.0,1.0,77.0,16,242,27945,6,0.0
97,0.0,0.0,1.098,0.0,6.0,16,46.01824300609146,113.8021049251487,pobre,0,0,375.0,668.0,1.0,77.0,13,242,27946,6,0.0
98,0.0,0.0,1.098,0.0,6.0,16,46.01824300609146,113.8021049251487,pobre,0,0,375.0,668.0,1.0,77.0,14,242,27946,6,0.0
97,0.0,0.0,1.098,0.0,6.0,16,46.01824300609146,113.8021049251487,pobre,0,0,375.0,668.0,1.0,77.0,16,242,27947,6,0.0
98,0.0,0.0,1.098,,,16,46.01824300609146,113.8021049251487,pobre,0,0,375.0,668.0,1.0,77.0,17,242,27947,6,0.0
97,0.0,0.0,1.098,0.0,5.0,16,46.01824300609146,113.8021049251487,pobre,0,0,375.0,668.0,1.0,77.0,10,242,27948,5,0.0
98,0.0,0.0,1.098,1.0,5.0,16,46.01824300609146,113.8021049251487,pobre,0,0,375.0,668.0,1.0,77.0,11,242,27948,5,0.0
97,0.0,0.0,1.098,1.0,2.0,16,46.01824300609146,113.8021049251487,pobre,0,0,375.0,668.0,1.0,77.0,6,242,27949,2,1.0
98,0.0,0.0,1.098,1.0,2.0,16,46.01824300609146,113.8021049251487,pobre,0,0,375.0,668.0,1.0,77.0,7,242,27949,2,1.0
97,0.0,0.0,1.831,0.0,9.0,7,66.19183664012624,93.71625882524584,no pobre,0,2,320.0,,0.0,56.0,16,269,27950,9,0.0
98,0.0,0.0,1.831,,,7,66.19183664012624,93.71625882524584,no pobre,0,2,320.0,,0.0,56.0,17,269,27950,9,0.0
97,1.0,0.0,1.831,1.0,2.0,5,66.19183664012624,93.71625882524584,pobre,0,9,0.0,,1.0,29.0,8,269,27951,2,1.0
98,1.0,0.0,1.831,1.0,3.0,5,66.19183664012624,93.71625882524584,pobre,0,9,0.0,,1.0,29.0,9,269,27951,2,1.0
97,1.0,0.0,1.831,1.0,0.0,5,66.19183664012624,93.71625882524584,pobre,0,9,0.0,,1.0,29.0,6,269,27952,0,1.0
98,1.0,0.0,1.831,1.0,0.0,5,66.19183664012624,93.71625882524584,pobre,0,9,0.0,,1.0,29.0,7,269,27952,0,1.0
97,0.0,0.0,1.831,0.0,6.0,7,66.19183664012624,93.71625882524584,pobre,0,6,480.0,,1.0,37.0,15,269,27953,6,0.0
98,0.0,0.0,1.831,0.0,6.0,7,66.19183664012624,93.71625882524584,pobre,0,6,480.0,,1.0,37.0,16,269,27953,6,0.0
97,0.0,0.0,1.831,0.0,6.0,7,66.19183664012624,93.71625882524584,pobre,0,6,480.0,,1.0,37.0,13,269,27954,6,0.0
98,0.0,0.0,1.831,0.0,6.0,7,66.19183664012624,93.71625882524584,pobre,0,6,480.0,,1.0,37.0,14,269,27954,6,0.0
97,1.0,0.0,1.831,1.0,3.0,7,66.19183664012624,93.71625882524584,pobre,0,6,480.0,,1.0,37.0,10,269,27955,3,1.0
98,1.0,0.0,1.831,1.0,4.0,7,66.19183664012624,93.71625882524584,pobre,0,6,480.0,,1.0,37.0,11,269,27955,3,1.0
97,0.0,0.0,1.831,1.0,2.0,7,66.19183664012624,93.71625882524584,pobre,0,6,480.0,,1.0,37.0,8,269,27956,2,1.0
98,0.0,0.0,1.831,1.0,3.0,7,66.19183664012624,93.71625882524584,pobre,0,6,480.0,,1.0,37.0,9,269,27956,2,1.0
97,1.0,0.0,0.42699999,0.0,6.0,6,61.68164891847273,73.27996859172299,pobre,0,6,0.0,777.0,1.0,39.0,13,232,27957,6,0.0
98,1.0,0.0,0.42699999,1.0,6.0,6,61.68164891847273,73.27996859172299,pobre,0,6,0.0,777.0,1.0,39.0,14,232,27957,6,0.0
97,0.0,0.0,0.42699999,1.0,5.0,6,61.68164891847273,73.27996859172299,pobre,0,6,0.0,777.0,1.0,39.0,11,232,27958,5,1.0
98,0.0,0.0,0.42699999,1.0,6.0,6,61.68164891847273,73.27996859172299,pobre,0,6,0.0,777.0,1.0,39.0,12,232,27958,5,1.0
97,1.0,0.0,0.42699999,1.0,2.0,6,61.68164891847273,73.27996859172299,pobre,0,6,0.0,777.0,1.0,39.0,8,232,27959,2,1.0
98,1.0,0.0,0.42699999,1.0,2.0,6,61.68164891847273,73.27996859172299,pobre,0,6,0.0,777.0,1.0,39.0,9,232,27959,2,1.0
97,1.0,0.0,0.42699999,1.0,2.0,7,61.68164891847273,73.27996859172299,no pobre,0,6,0.0,926.33331,1.0,61.0,8,232,27960,2,1.0
98,1.0,0.0,0.42699999,1.0,3.0,7,61.68164891847273,73.27996859172299,no pobre,0,6,0.0,926.33331,1.0,61.0,9,232,27960,2,1.0
97,1.0,0.0,0.42699999,1.0,0.0,5,61.68164891847273,73.27996859172299,pobre,0,9,625.0,684.0,1.0,29.0,7,232,27961,0,1.0
98,1.0,0.0,0.42699999,1.0,1.0,5,61.68164891847273,73.27996859172299,pobre,0,9,625.0,684.0,1.0,29.0,8,232,27961,0,1.0
97,0.0,0.0,0.42699999,1.0,0.0,5,61.68164891847273,73.27996859172299,pobre,0,9,625.0,684.0,1.0,29.0,6,232,27962,0,1.0
98,0.0,0.0,0.42699999,1.0,1.0,5,61.68164891847273,73.27996859172299,pobre,0,9,625.0,684.0,1.0,29.0,7,232,27962,0,1.0
97,1.0,0.0,0.42699999,1.0,11.0,8,61.68164891847273,73.27996859172299,pobre,0,0,625.0,782.66669,1.0,43.0,15,232,27963,11,1.0
98,1.0,0.0,0.42699999,1.0,11.0,8,61.68164891847273,73.27996859172299,pobre,0,0,625.0,782.66669,1.0,43.0,16,232,27963,11,1.0
97,0.0,0.0,0.42699999,1.0,7.0,8,61.68164891847273,73.27996859172299,pobre,0,0,625.0,782.66669,1.0,43.0,13,232,27964,7,1.0
98,0.0,0.0,0.42699999,1.0,8.0,8,61.68164891847273,73.27996859172299,pobre,0,0,625.0,782.66669,1.0,43.0,14,232,27964,7,1.0
97,1.0,0.0,0.42699999,1.0,4.0,8,61.68164891847273,73.27996859172299,pobre,0,0,625.0,782.66669,1.0,43.0,10,232,27965,4,1.0
98,1.0,0.0,0.42699999,1.0,5.0,8,61.68164891847273,73.27996859172299,pobre,0,0,625.0,782.66669,1.0,43.0,11,232,27965,4,1.0
97,1.0,0.0,0.42699999,1.0,0.0,8,61.68164891847273,73.27996859172299,pobre,0,0,625.0,782.66669,1.0,43.0,7,232,27966,0,1.0
98,1.0,0.0,0.42699999,,,8,61.68164891847273,73.27996859172299,pobre,0,0,625.0,782.66669,1.0,43.0,8,232,27966,0,1.0
97,1.0,0.0,0.42699999,0.0,5.0,10,61.68164891847273,73.27996859172299,no pobre,0,0,625.0,801.33331,1.0,40.0,14,232,27967,5,0.0
98,1.0,0.0,0.42699999,0.0,6.0,10,61.68164891847273,73.27996859172299,no pobre,0,0,625.0,801.33331,1.0,40.0,15,232,27967,5,0.0
97,0.0,0.0,0.42699999,1.0,5.0,10,61.68164891847273,73.27996859172299,no pobre,0,0,625.0,801.33331,1.0,40.0,12,232,27968,5,1.0
98,0.0,0.0,0.42699999,1.0,6.0,10,61.68164891847273,73.27996859172299,no pobre,0,0,625.0,801.33331,1.0,40.0,13,232,27968,5,1.0
97,0.0,0.0,0.42699999,1.0,4.0,10,61.68164891847273,73.27996859172299,no pobre,0,0,625.0,801.33331,1.0,40.0,10,232,27969,4,1.0
98,0.0,0.0,0.42699999,1.0,5.0,10,61.68164891847273,73.27996859172299,no pobre,0,0,625.0,801.33331,1.0,40.0,11,232,27969,4,1.0
97,0.0,0.0,0.42699999,1.0,1.0,10,61.68164891847273,73.27996859172299,no pobre,0,0,625.0,801.33331,1.0,40.0,8,232,27970,1,1.0
98,0.0,0.0,0.42699999,1.0,2.0,10,61.68164891847273,73.27996859172299,no pobre,0,0,625.0,801.33331,1.0,40.0,9,232,27970,1,1.0
97,1.0,0.0,0.42699999,1.0,7.0,6,61.68164891847273,73.27996859172299,pobre,0,0,500.0,637.0,1.0,43.0,14,232,27971,7,1.0
98,1.0,0.0,0.42699999,1.0,8.0,6,61.68164891847273,73.27996859172299,pobre,0,0,500.0,637.0,1.0,43.0,15,232,27971,7,1.0
97,0.0,0.0,0.42699999,1.0,6.0,6,61.68164891847273,73.27996859172299,pobre,0,0,500.0,637.0,1.0,43.0,12,232,27972,6,1.0
98,0.0,0.0,0.42699999,1.0,7.0,6,61.68164891847273,73.27996859172299,pobre,0,0,500.0,637.0,1.0,43.0,13,232,27972,6,1.0
97,0.0,0.0,0.42699999,1.0,3.0,6,61.68164891847273,73.27996859172299,pobre,0,0,500.0,637.0,1.0,43.0,11,232,27973,3,1.0
98,0.0,0.0,0.42699999,1.0,4.0,6,61.68164891847273,73.27996859172299,pobre,0,0,500.0,637.0,1.0,43.0,12,232,27973,3,1.0
97,0.0,0.0,0.42699999,1.0,1.0,6,61.68164891847273,73.27996859172299,pobre,0,0,500.0,637.0,1.0,43.0,9,232,27974,1,1.0
98,0.0,0.0,0.42699999,1.0,2.0,6,61.68164891847273,73.27996859172299,pobre,0,0,500.0,637.0,1.0,43.0,10,232,27974,1,1.0
97,0.0,0.0,0.42699999,1.0,5.0,7,61.68164891847273,73.27996859172299,pobre,0,0,750.0,670.75,1.0,38.0,11,232,27975,5,1.0
98,0.0,0.0,0.42699999,1.0,5.0,7,61.68164891847273,73.27996859172299,pobre,0,0,750.0,670.75,1.0,38.0,12,232,27975,5,1.0
97,0.0,0.0,0.42699999,1.0,2.0,7,61.68164891847273,73.27996859172299,pobre,0,0,750.0,670.75,1.0,38.0,9,232,27976,2,1.0
98,0.0,0.0,0.42699999,1.0,3.0,7,61.68164891847273,73.27996859172299,pobre,0,0,750.0,670.75,1.0,38.0,10,232,27976,2,1.0
97,1.0,0.0,0.42699999,1.0,1.0,7,61.68164891847273,73.27996859172299,pobre,0,0,750.0,670.75,1.0,38.0,7,232,27977,1,1.0
98,1.0,0.0,0.42699999,1.0,2.0,7,61.68164891847273,73.27996859172299,pobre,0,0,750.0,670.75,1.0,38.0,8,232,27977,1,1.0
97,0.0,0.0,0.42699999,1.0,3.0,7,61.68164891847273,73.27996859172299,pobre,0,6,625.0,577.0,1.0,33.0,13,232,27978,3,1.0
98,0.0,0.0,0.42699999,0.0,4.0,7,61.68164891847273,73.27996859172299,pobre,0,6,625.0,577.0,1.0,33.0,14,232,27978,3,1.0
97,0.0,0.0,0.42699999,1.0,2.0,7,61.68164891847273,73.27996859172299,pobre,0,6,625.0,577.0,1.0,33.0,12,232,27979,2,1.0
98,0.0,0.0,0.42699999,1.0,3.0,7,61.68164891847273,73.27996859172299,pobre,0,6,625.0,577.0,1.0,33.0,13,232,27979,2,1.0
97,1.0,0.0,0.42699999,1.0,1.0,7,61.68164891847273,73.27996859172299,pobre,0,6,625.0,577.0,1.0,33.0,7,232,27980,1,1.0
98,1.0,0.0,0.42699999,1.0,2.0,7,61.68164891847273,73.27996859172299,pobre,0,6,625.0,577.0,1.0,33.0,8,232,27980,1,1.0
97,1.0,0.0,0.42699999,0.0,6.0,11,61.68164891847273,73.27996859172299,pobre,0,1,750.0,701.0,1.0,45.0,15,232,27981,6,0.0
98,1.0,0.0,0.42699999,0.0,6.0,11,61.68164891847273,73.27996859172299,pobre,0,1,750.0,701.0,1.0,45.0,16,232,27981,6,0.0
97,0.0,0.0,0.42699999,0.0,6.0,11,61.68164891847273,73.27996859172299,pobre,0,1,750.0,701.0,1.0,45.0,12,232,27982,6,0.0
98,0.0,0.0,0.42699999,1.0,7.0,11,61.68164891847273,73.27996859172299,pobre,0,1,750.0,701.0,1.0,45.0,13,232,27982,6,0.0
97,1.0,0.0,0.42699999,1.0,2.0,11,61.68164891847273,73.27996859172299,pobre,0,1,750.0,701.0,1.0,45.0,10,232,27983,2,1.0
98,1.0,0.0,0.42699999,1.0,4.0,11,61.68164891847273,73.27996859172299,pobre,0,1,750.0,701.0,1.0,45.0,11,232,27983,2,1.0
97,1.0,0.0,0.42699999,1.0,1.0,11,61.68164891847273,73.27996859172299,pobre,0,1,750.0,701.0,1.0,45.0,8,232,27984,1,1.0
98,1.0,0.0,0.42699999,1.0,2.0,11,61.68164891847273,73.27996859172299,pobre,0,1,750.0,701.0,1.0,45.0,9,232,27984,1,1.0
97,0.0,0.0,0.42699999,0.0,9.0,3,61.68164891847273,73.27996859172299,pobre,0,3,0.0,819.0,1.0,55.0,15,232,27985,9,0.0
98,0.0,0.0,0.42699999,0.0,9.0,3,61.68164891847273,73.27996859172299,pobre,0,3,0.0,819.0,1.0,55.0,16,232,27985,9,0.0
97,0.0,0.0,0.42699999,1.0,6.0,4,61.68164891847273,73.27996859172299,pobre,0,6,1000.0,819.0,1.0,33.0,13,232,27986,6,1.0
98,0.0,0.0,0.42699999,1.0,6.0,4,61.68164891847273,73.27996859172299,pobre,0,6,1000.0,819.0,1.0,33.0,14,232,27986,6,1.0
97,1.0,0.0,0.42699999,1.0,1.0,4,61.68164891847273,73.27996859172299,pobre,0,6,1000.0,819.0,1.0,33.0,7,232,27987,1,1.0
98,1.0,0.0,0.42699999,1.0,2.0,4,61.68164891847273,73.27996859172299,pobre,0,6,1000.0,819.0,1.0,33.0,8,232,27987,1,1.0
97,0.0,0.0,4.0190001,1.0,1.0,12,112.9272507451659,132.1332581223022,pobre,basal,4,1000.0,834.0,1.0,60.0,7,258,27988,1,1.0
98,0.0,0.0,4.0190001,1.0,0.0,12,112.9272507451659,132.1332581223022,pobre,basal,4,1000.0,834.0,1.0,60.0,8,258,27988,1,1.0
97,1.0,0.0,4.0190001,1.0,0.0,12,112.9272507451659,132.1332581223022,pobre,basal,4,1000.0,834.0,1.0,60.0,6,258,27989,0,1.0
98,1.0,0.0,4.0190001,1.0,0.0,12,112.9272507451659,132.1332581223022,pobre,basal,4,1000.0,834.0,1.0,60.0,7,258,27989,0,1.0
97,1.0,0.0,4.0190001,1.0,3.0,12,112.9272507451659,132.1332581223022,pobre,basal,4,1000.0,834.0,1.0,60.0,11,258,27990,3,1.0
98,1.0,0.0,4.0190001,1.0,0.0,12,112.9272507451659,132.1332581223022,pobre,basal,4,1000.0,834.0,1.0,60.0,12,258,27990,3,1.0
97,1.0,0.0,4.0190001,1.0,1.0,12,112.9272507451659,132.1332581223022,pobre,basal,4,1000.0,834.0,1.0,60.0,8,258,27991,1,1.0
98,1.0,0.0,4.0190001,1.0,3.0,12,112.9272507451659,132.1332581223022,pobre,basal,4,1000.0,834.0,1.0,60.0,9,258,27991,1,1.0
97,1.0,0.0,4.0190001,1.0,11.0,12,112.9272507451659,132.1332581223022,pobre,basal,2,250.0,927.0,1.0,64.0,16,258,27992,11,1.0
98,1.0,0.0,4.0190001,,,12,112.9272507451659,132.1332581223022,pobre,basal,2,250.0,927.0,1.0,64.0,17,258,27992,11,1.0
97,1.0,0.0,4.0190001,1.0,8.0,12,112.9272507451659,132.1332581223022,pobre,basal,2,250.0,927.0,1.0,64.0,14,258,27993,8,1.0
98,1.0,0.0,4.0190001,1.0,9.0,12,112.9272507451659,132.1332581223022,pobre,basal,2,250.0,927.0,1.0,64.0,15,258,27993,8,1.0
97,0.0,0.0,4.0190001,1.0,5.0,12,112.9272507451659,132.1332581223022,pobre,basal,2,250.0,927.0,1.0,64.0,11,258,27994,5,1.0
98,0.0,0.0,4.0190001,1.0,6.0,12,112.9272507451659,132.1332581223022,pobre,basal,2,250.0,927.0,1.0,64.0,12,258,27994,5,1.0
97,0.0,0.0,4.0190001,1.0,1.0,7,112.9272507451659,132.1332581223022,pobre,basal,9,480.0,652.0,1.0,27.0,7,258,27995,1,1.0
98,0.0,0.0,4.0190001,1.0,2.0,7,112.9272507451659,132.1332581223022,pobre,basal,9,480.0,652.0,1.0,27.0,8,258,27995,1,1.0
97,1.0,0.0,4.0190001,1.0,3.0,5,112.9272507451659,132.1332581223022,pobre,basal,3,625.0,755.0,1.0,35.0,9,258,27996,3,1.0
98,1.0,0.0,4.0190001,1.0,4.0,5,112.9272507451659,132.1332581223022,pobre,basal,3,625.0,755.0,1.0,35.0,10,258,27996,3,1.0
97,1.0,0.0,4.0190001,1.0,1.0,5,112.9272507451659,132.1332581223022,pobre,basal,3,625.0,755.0,1.0,35.0,7,258,27997,1,1.0
98,1.0,0.0,4.0190001,1.0,2.0,5,112.9272507451659,132.1332581223022,pobre,basal,3,625.0,755.0,1.0,35.0,8,258,27997,1,1.0
97,0.0,0.0,2.622,1.0,1.0,4,126.3958884827117,144.1141805655118,pobre,0,1,1600.0,810.33331,0.0,54.0,7,224,27998,1,1.0
98,0.0,0.0,2.622,1.0,2.0,4,126.3958884827117,144.1141805655118,pobre,0,1,1600.0,810.33331,0.0,54.0,8,224,27998,1,1.0
97,0.0,,2.622,1.0,2.0,5,126.3958884827117,144.1141805655118,pobre,0,0,625.0,772.64099,0.0,43.0,13,224,27999,2,1.0
98,0.0,,2.622,,,5,126.3958884827117,144.1141805655118,pobre,0,0,625.0,772.64099,0.0,43.0,14,224,27999,2,1.0
97,1.0,,2.622,1.0,2.0,5,126.3958884827117,144.1141805655118,pobre,0,0,625.0,772.64099,0.0,43.0,11,224,28000,2,1.0
98,1.0,,2.622,,,5,126.3958884827117,144.1141805655118,pobre,0,0,625.0,772.64099,0.0,43.0,12,224,28000,2,1.0
97,0.0,,2.622,,0.0,5,126.3958884827117,144.1141805655118,pobre,0,0,625.0,772.64099,0.0,43.0,10,224,28001,0,
98,0.0,,2.622,,,5,126.3958884827117,144.1141805655118,pobre,0,0,625.0,772.64099,0.0,43.0,11,224,28001,0,
97,0.0,0.0,2.622,1.0,6.0,7,126.3958884827117,144.1141805655118,pobre,0,3,800.0,850.5,1.0,49.0,11,224,28002,6,1.0
98,0.0,0.0,2.622,,,7,126.3958884827117,144.1141805655118,pobre,0,3,800.0,850.5,1.0,49.0,12,224,28002,6,1.0
97,1.0,0.0,2.622,1.0,4.0,7,126.3958884827117,144.1141805655118,pobre,0,3,800.0,850.5,1.0,49.0,8,224,28003,4,1.0
98,1.0,0.0,2.622,,,7,126.3958884827117,144.1141805655118,pobre,0,3,800.0,850.5,1.0,49.0,9,224,28003,4,1.0
97,0.0,0.0,2.622,0.0,3.0,4,126.3958884827117,144.1141805655118,pobre,0,3,625.0,858.0,1.0,36.0,15,224,28004,3,0.0
98,0.0,0.0,2.622,0.0,3.0,4,126.3958884827117,144.1141805655118,pobre,0,3,625.0,858.0,1.0,36.0,16,224,28004,3,0.0
97,0.0,0.0,1.831,1.0,11.0,6,66.19183664012624,93.71625882524584,pobre,0,6,625.0,,1.0,41.0,16,269,28005,11,1.0
98,0.0,0.0,1.831,,,6,66.19183664012624,93.71625882524584,pobre,0,6,625.0,,1.0,41.0,17,269,28005,11,1.0
97,1.0,0.0,1.831,1.0,10.0,6,66.19183664012624,93.71625882524584,pobre,0,6,625.0,,1.0,41.0,16,269,28006,10,1.0
98,1.0,0.0,1.831,,,6,66.19183664012624,93.71625882524584,pobre,0,6,625.0,,1.0,41.0,17,269,28006,10,1.0
97,0.0,0.0,1.831,1.0,7.0,6,66.19183664012624,93.71625882524584,pobre,0,6,625.0,,1.0,41.0,12,269,28007,7,1.0
98,0.0,0.0,1.831,1.0,8.0,6,66.19183664012624,93.71625882524584,pobre,0,6,625.0,,1.0,41.0,13,269,28007,7,1.0
97,0.0,0.0,1.831,1.0,2.0,6,66.19183664012624,93.71625882524584,pobre,0,6,625.0,,1.0,41.0,7,269,28008,2,1.0
98,0.0,0.0,1.831,1.0,2.0,6,66.19183664012624,93.71625882524584,pobre,0,6,625.0,,1.0,41.0,8,269,28008,2,1.0
97,0.0,0.0,1.831,0.0,9.0,9,66.19183664012624,93.71625882524584,no pobre,0,6,1200.0,,1.0,57.0,16,269,28009,9,0.0
98,0.0,0.0,1.831,,,9,66.19183664012624,93.71625882524584,no pobre,0,6,1200.0,,1.0,57.0,17,269,28009,9,0.0
97,1.0,0.0,1.831,1.0,5.0,5,66.19183664012624,93.71625882524584,pobre,0,4,750.0,,1.0,31.0,10,269,28010,5,1.0
98,1.0,0.0,1.831,1.0,6.0,5,66.19183664012624,93.71625882524584,pobre,0,4,750.0,,1.0,31.0,11,269,28010,5,1.0
97,1.0,0.0,1.831,1.0,2.0,5,66.19183664012624,93.71625882524584,pobre,0,4,750.0,,1.0,31.0,7,269,28011,2,1.0
98,1.0,0.0,1.831,1.0,3.0,5,66.19183664012624,93.71625882524584,pobre,0,4,750.0,,1.0,31.0,8,269,28011,2,1.0
97,0.0,0.0,1.831,1.0,1.0,5,66.19183664012624,93.71625882524584,pobre,0,4,750.0,,1.0,31.0,6,269,28012,1,1.0
98,0.0,0.0,1.831,1.0,2.0,5,66.19183664012624,93.71625882524584,pobre,0,4,750.0,,1.0,31.0,7,269,28012,1,1.0
97,0.0,0.0,1.831,,0.0,2,66.19183664012624,93.71625882524584,pobre,0,0,375.0,,0.0,52.0,11,269,28013,0,
98,0.0,0.0,1.831,1.0,1.0,2,66.19183664012624,93.71625882524584,pobre,0,0,375.0,,0.0,52.0,12,269,28013,0,
97,1.0,1.0,4.0190001,1.0,4.0,7,112.9272507451659,132.1332581223022,pobre,basal,2,625.0,861.33331,1.0,70.0,9,258,28014,4,1.0
98,1.0,1.0,4.0190001,1.0,5.0,7,112.9272507451659,132.1332581223022,pobre,basal,2,625.0,861.33331,1.0,70.0,10,258,28014,4,1.0
97,1.0,,4.0190001,,6.0,8,112.9272507451659,132.1332581223022,no pobre,basal,0,0.0,821.0,0.0,52.0,16,258,28015,6,
98,1.0,,4.0190001,,,8,112.9272507451659,132.1332581223022,no pobre,basal,0,0.0,821.0,0.0,52.0,17,258,28015,6,
97,0.0,0.0,4.0190001,1.0,9.0,6,112.9272507451659,132.1332581223022,pobre,basal,5,625.0,754.0,1.0,42.0,16,258,28016,9,1.0
98,0.0,0.0,4.0190001,,,6,112.9272507451659,132.1332581223022,pobre,basal,5,625.0,754.0,1.0,42.0,17,258,28016,9,1.0
97,1.0,0.0,4.0190001,1.0,9.0,6,112.9272507451659,132.1332581223022,pobre,basal,5,625.0,754.0,1.0,42.0,14,258,28017,9,1.0
98,1.0,0.0,4.0190001,,,6,112.9272507451659,132.1332581223022,pobre,basal,5,625.0,754.0,1.0,42.0,15,258,28017,9,1.0
97,0.0,0.0,4.0190001,1.0,2.0,6,112.9272507451659,132.1332581223022,pobre,basal,5,625.0,754.0,1.0,42.0,7,258,28018,2,1.0
98,0.0,0.0,4.0190001,1.0,3.0,6,112.9272507451659,132.1332581223022,pobre,basal,5,625.0,754.0,1.0,42.0,8,258,28018,2,1.0
97,0.0,0.0,4.0190001,0.0,6.0,8,112.9272507451659,132.1332581223022,pobre,basal,3,320.0,727.66669,1.0,50.0,16,258,28019,6,0.0
98,0.0,0.0,4.0190001,1.0,6.0,8,112.9272507451659,132.1332581223022,pobre,basal,3,320.0,727.66669,1.0,50.0,17,258,28019,6,0.0
97,0.0,0.0,4.0190001,0.0,6.0,8,112.9272507451659,132.1332581223022,pobre,basal,3,320.0,727.66669,1.0,50.0,14,258,28020,6,0.0
98,0.0,0.0,4.0190001,1.0,7.0,8,112.9272507451659,132.1332581223022,pobre,basal,3,320.0,727.66669,1.0,50.0,15,258,28020,6,0.0
97,1.0,0.0,4.0190001,1.0,8.0,7,112.9272507451659,132.1332581223022,pobre,basal,2,800.0,808.5,1.0,44.0,16,258,28021,8,1.0
98,1.0,0.0,4.0190001,,,7,112.9272507451659,132.1332581223022,pobre,basal,2,800.0,808.5,1.0,44.0,17,258,28021,8,1.0
97,1.0,0.0,4.0190001,,0.0,7,112.9272507451659,132.1332581223022,pobre,basal,2,800.0,808.5,1.0,44.0,14,258,28022,0,
98,1.0,0.0,4.0190001,,,7,112.9272507451659,132.1332581223022,pobre,basal,2,800.0,808.5,1.0,44.0,15,258,28022,0,
97,1.0,0.0,4.0190001,1.0,6.0,7,112.9272507451659,132.1332581223022,pobre,basal,2,800.0,808.5,1.0,44.0,13,258,28023,6,1.0
98,1.0,0.0,4.0190001,1.0,6.0,7,112.9272507451659,132.1332581223022,pobre,basal,2,800.0,808.5,1.0,44.0,14,258,28023,6,1.0
97,1.0,0.0,4.0190001,1.0,6.0,7,112.9272507451659,132.1332581223022,pobre,basal,2,800.0,808.5,1.0,44.0,11,258,28024,6,1.0
98,1.0,0.0,4.0190001,1.0,7.0,7,112.9272507451659,132.1332581223022,pobre,basal,2,800.0,808.5,1.0,44.0,12,258,28024,6,1.0
97,1.0,0.0,4.0190001,0.0,6.0,9,112.9272507451659,132.1332581223022,pobre,basal,0,300.0,646.5,1.0,65.0,12,258,28025,6,0.0
98,1.0,0.0,4.0190001,1.0,7.0,9,112.9272507451659,132.1332581223022,pobre,basal,0,300.0,646.5,1.0,65.0,13,258,28025,6,0.0
97,0.0,0.0,4.0190001,1.0,3.0,9,112.9272507451659,132.1332581223022,pobre,basal,0,300.0,646.5,1.0,65.0,10,258,28026,3,1.0
98,0.0,0.0,4.0190001,1.0,4.0,9,112.9272507451659,132.1332581223022,pobre,basal,0,300.0,646.5,1.0,65.0,11,258,28026,3,1.0
97,0.0,0.0,4.0190001,1.0,3.0,9,112.9272507451659,132.1332581223022,pobre,basal,0,300.0,646.5,1.0,65.0,8,258,28027,3,1.0
98,0.0,0.0,4.0190001,1.0,3.0,9,112.9272507451659,132.1332581223022,pobre,basal,0,300.0,646.5,1.0,65.0,9,258,28027,3,1.0
97,0.0,0.0,4.0190001,1.0,2.0,9,112.9272507451659,132.1332581223022,pobre,basal,0,300.0,646.5,1.0,65.0,7,258,28028,2,1.0
98,0.0,0.0,4.0190001,1.0,2.0,9,112.9272507451659,132.1332581223022,pobre,basal,0,300.0,646.5,1.0,65.0,8,258,28028,2,1.0
97,1.0,0.0,4.0190001,1.0,6.0,4,112.9272507451659,132.1332581223022,pobre,basal,4,600.0,759.0,1.0,37.0,13,258,28029,6,1.0
98,1.0,0.0,4.0190001,,,4,112.9272507451659,132.1332581223022,pobre,basal,4,600.0,759.0,1.0,37.0,14,258,28029,6,1.0
97,1.0,0.0,4.0190001,1.0,5.0,4,112.9272507451659,132.1332581223022,pobre,basal,4,600.0,759.0,1.0,37.0,11,258,28030,5,1.0
98,1.0,0.0,4.0190001,,,4,112.9272507451659,132.1332581223022,pobre,basal,4,600.0,759.0,1.0,37.0,12,258,28030,5,1.0
97,0.0,0.0,4.0190001,1.0,4.0,4,112.9272507451659,132.1332581223022,pobre,basal,4,600.0,759.0,1.0,37.0,9,258,28031,4,1.0
98,0.0,0.0,4.0190001,,,4,112.9272507451659,132.1332581223022,pobre,basal,4,600.0,759.0,1.0,37.0,10,258,28031,4,1.0
97,0.0,0.0,4.0190001,0.0,6.0,5,112.9272507451659,132.1332581223022,pobre,basal,2,625.0,818.5,1.0,43.0,16,258,28032,6,0.0
98,0.0,0.0,4.0190001,,,5,112.9272507451659,132.1332581223022,pobre,basal,2,625.0,818.5,1.0,43.0,17,258,28032,6,0.0
97,1.0,0.0,4.0190001,0.0,9.0,6,112.9272507451659,132.1332581223022,pobre,basal,2,3750.0,750.0,1.0,63.0,15,258,28033,9,0.0
98,1.0,0.0,4.0190001,,,6,112.9272507451659,132.1332581223022,pobre,basal,2,3750.0,750.0,1.0,63.0,16,258,28033,9,0.0
97,0.0,0.0,4.0190001,1.0,3.0,6,112.9272507451659,132.1332581223022,pobre,basal,2,3750.0,750.0,1.0,63.0,9,258,28034,3,1.0
98,0.0,0.0,4.0190001,1.0,4.0,6,112.9272507451659,132.1332581223022,pobre,basal,2,3750.0,750.0,1.0,63.0,10,258,28034,3,1.0
97,0.0,0.0,4.4980001,0.0,2.0,7,44.27437117891451,74.27470274334199,no pobre,0,5,800.0,797.0,1.0,39.0,12,211,28035,2,0.0
98,0.0,0.0,4.4980001,0.0,2.0,7,44.27437117891451,74.27470274334199,no pobre,0,5,800.0,797.0,1.0,39.0,13,211,28035,2,0.0
97,0.0,0.0,4.4980001,0.0,5.0,7,44.27437117891451,74.27470274334199,no pobre,0,5,800.0,797.0,1.0,39.0,10,211,28036,5,0.0
98,0.0,0.0,4.4980001,1.0,5.0,7,44.27437117891451,74.27470274334199,no pobre,0,5,800.0,797.0,1.0,39.0,11,211,28036,5,0.0
97,1.0,0.0,4.4980001,1.0,4.0,4,44.27437117891451,74.27470274334199,pobre,0,0,600.0,726.0,1.0,31.0,11,211,28037,4,1.0
98,1.0,0.0,4.4980001,1.0,5.0,4,44.27437117891451,74.27470274334199,pobre,0,0,600.0,726.0,1.0,31.0,12,211,28037,4,1.0
97,1.0,0.0,4.4980001,1.0,2.0,4,44.27437117891451,74.27470274334199,pobre,0,0,600.0,726.0,1.0,31.0,8,211,28038,2,1.0
98,1.0,0.0,4.4980001,1.0,2.0,4,44.27437117891451,74.27470274334199,pobre,0,0,600.0,726.0,1.0,31.0,9,211,28038,2,1.0
97,1.0,0.0,4.4980001,1.0,6.0,4,44.27437117891451,74.27470274334199,pobre,0,0,625.0,762.0,1.0,58.0,12,211,28039,6,1.0
98,1.0,0.0,4.4980001,0.0,6.0,4,44.27437117891451,74.27470274334199,pobre,0,0,625.0,762.0,1.0,58.0,13,211,28039,6,1.0
97,1.0,0.0,4.4980001,1.0,6.0,5,44.27437117891451,74.27470274334199,pobre,0,9,1575.0,855.0,1.0,55.0,13,211,28040,6,1.0
98,1.0,0.0,4.4980001,1.0,6.0,5,44.27437117891451,74.27470274334199,pobre,0,9,1575.0,855.0,1.0,55.0,14,211,28040,6,1.0
97,0.0,0.0,4.4980001,1.0,4.0,5,44.27437117891451,74.27470274334199,pobre,0,9,1575.0,855.0,1.0,55.0,10,211,28041,4,1.0
98,0.0,0.0,4.4980001,1.0,4.0,5,44.27437117891451,74.27470274334199,pobre,0,9,1575.0,855.0,1.0,55.0,11,211,28041,4,1.0
97,1.0,0.0,4.4980001,1.0,1.0,5,44.27437117891451,74.27470274334199,pobre,0,9,1575.0,855.0,1.0,55.0,6,211,28042,1,1.0
98,1.0,0.0,4.4980001,1.0,1.0,5,44.27437117891451,74.27470274334199,pobre,0,9,1575.0,855.0,1.0,55.0,7,211,28042,1,1.0
97,0.0,0.0,4.4980001,1.0,6.0,4,44.27437117891451,74.27470274334199,pobre,0,9,1540.0,796.0,1.0,27.0,11,211,28043,6,1.0
98,0.0,0.0,4.4980001,1.0,6.0,4,44.27437117891451,74.27470274334199,pobre,0,9,1540.0,796.0,1.0,27.0,12,211,28043,6,1.0
97,1.0,0.0,4.4980001,1.0,2.0,4,44.27437117891451,74.27470274334199,pobre,0,9,1540.0,796.0,1.0,27.0,7,211,28044,2,1.0
98,1.0,0.0,4.4980001,1.0,1.0,4,44.27437117891451,74.27470274334199,pobre,0,9,1540.0,796.0,1.0,27.0,8,211,28044,2,1.0
97,0.0,0.0,1.831,1.0,7.0,7,66.19183664012624,93.71625882524584,pobre,0,1,625.0,,1.0,42.0,14,269,28045,7,1.0
98,0.0,0.0,1.831,,,7,66.19183664012624,93.71625882524584,pobre,0,1,625.0,,1.0,42.0,15,269,28045,7,1.0
97,1.0,0.0,1.831,1.0,7.0,7,66.19183664012624,93.71625882524584,pobre,0,1,625.0,,1.0,42.0,13,269,28046,7,1.0
98,1.0,0.0,1.831,0.0,7.0,7,66.19183664012624,93.71625882524584,pobre,0,1,625.0,,1.0,42.0,14,269,28046,7,1.0
97,0.0,0.0,1.831,1.0,6.0,7,66.19183664012624,93.71625882524584,pobre,0,1,625.0,,1.0,42.0,12,269,28047,6,1.0
98,0.0,0.0,1.831,0.0,7.0,7,66.19183664012624,93.71625882524584,pobre,0,1,625.0,,1.0,42.0,13,269,28047,6,1.0
97,0.0,0.0,1.831,1.0,3.0,7,66.19183664012624,93.71625882524584,pobre,0,1,625.0,,1.0,42.0,10,269,28048,3,1.0
98,0.0,0.0,1.831,1.0,4.0,7,66.19183664012624,93.71625882524584,pobre,0,1,625.0,,1.0,42.0,11,269,28048,3,1.0
97,1.0,0.0,1.831,1.0,2.0,7,66.19183664012624,93.71625882524584,pobre,0,1,625.0,,1.0,42.0,9,269,28049,2,1.0
98,1.0,0.0,1.831,1.0,3.0,7,66.19183664012624,93.71625882524584,pobre,0,1,625.0,,1.0,42.0,10,269,28049,2,1.0
97,1.0,0.0,1.831,0.0,6.0,5,66.19183664012624,93.71625882524584,pobre,0,1,0.0,,1.0,50.0,14,269,28050,6,0.0
98,1.0,0.0,1.831,,,5,66.19183664012624,93.71625882524584,pobre,0,1,0.0,,1.0,50.0,15,269,28050,6,0.0
97,1.0,0.0,4.4980001,1.0,3.0,6,44.27437117891451,74.27470274334199,pobre,0,6,2000.0,707.0,1.0,28.0,7,211,28051,3,1.0
98,1.0,0.0,4.4980001,1.0,3.0,6,44.27437117891451,74.27470274334199,pobre,0,6,2000.0,707.0,1.0,28.0,8,211,28051,3,1.0
97,1.0,0.0,4.4980001,1.0,8.0,9,44.27437117891451,74.27470274334199,no pobre,0,3,400.0,806.39502,0.0,45.0,16,211,28052,8,1.0
98,1.0,0.0,4.4980001,1.0,9.0,9,44.27437117891451,74.27470274334199,no pobre,0,3,400.0,806.39502,0.0,45.0,17,211,28052,8,1.0
97,0.0,0.0,4.4980001,1.0,1.0,9,44.27437117891451,74.27470274334199,no pobre,0,3,400.0,806.39502,0.0,45.0,14,211,28053,1,1.0
98,0.0,0.0,4.4980001,1.0,8.0,9,44.27437117891451,74.27470274334199,no pobre,0,3,400.0,806.39502,0.0,45.0,15,211,28053,1,1.0
97,0.0,0.0,4.4980001,1.0,6.0,9,44.27437117891451,74.27470274334199,no pobre,0,3,400.0,806.39502,0.0,45.0,11,211,28054,6,1.0
98,0.0,0.0,4.4980001,1.0,7.0,9,44.27437117891451,74.27470274334199,no pobre,0,3,400.0,806.39502,0.0,45.0,12,211,28054,6,1.0
97,0.0,0.0,4.4980001,1.0,2.0,9,44.27437117891451,74.27470274334199,no pobre,0,3,400.0,806.39502,0.0,45.0,7,211,28055,2,1.0
98,0.0,0.0,4.4980001,1.0,1.0,9,44.27437117891451,74.27470274334199,no pobre,0,3,400.0,806.39502,0.0,45.0,8,211,28055,2,1.0
97,1.0,0.0,4.4980001,0.0,5.0,4,44.27437117891451,74.27470274334199,pobre,0,1,500.0,753.0,1.0,48.0,15,211,28056,5,0.0
98,1.0,0.0,4.4980001,0.0,5.0,4,44.27437117891451,74.27470274334199,pobre,0,1,500.0,753.0,1.0,48.0,16,211,28056,5,0.0
97,1.0,0.0,4.4980001,1.0,3.0,4,44.27437117891451,74.27470274334199,pobre,0,1,500.0,753.0,1.0,48.0,12,211,28057,3,1.0
98,1.0,0.0,4.4980001,1.0,4.0,4,44.27437117891451,74.27470274334199,pobre,0,1,500.0,753.0,1.0,48.0,13,211,28057,3,1.0
97,0.0,0.0,4.4980001,0.0,5.0,8,44.27437117891451,74.27470274334199,pobre,0,5,625.0,743.0,1.0,48.0,15,211,28058,5,0.0
98,0.0,0.0,4.4980001,0.0,5.0,8,44.27437117891451,74.27470274334199,pobre,0,5,625.0,743.0,1.0,48.0,16,211,28058,5,0.0
97,0.0,0.0,4.4980001,0.0,6.0,8,44.27437117891451,74.27470274334199,pobre,0,5,625.0,743.0,1.0,48.0,14,211,28059,6,0.0
98,0.0,0.0,4.4980001,0.0,6.0,8,44.27437117891451,74.27470274334199,pobre,0,5,625.0,743.0,1.0,48.0,15,211,28059,6,0.0
97,0.0,0.0,4.4980001,1.0,4.0,8,44.27437117891451,74.27470274334199,pobre,0,5,625.0,743.0,1.0,48.0,12,211,28060,4,1.0
98,0.0,0.0,4.4980001,1.0,5.0,8,44.27437117891451,74.27470274334199,pobre,0,5,625.0,743.0,1.0,48.0,13,211,28060,4,1.0
97,0.0,0.0,4.4980001,0.0,6.0,6,44.27437117891451,74.27470274334199,no pobre,0,2,625.0,803.0,1.0,38.0,15,211,28061,6,0.0
98,0.0,0.0,4.4980001,0.0,6.0,6,44.27437117891451,74.27470274334199,no pobre,0,2,625.0,803.0,1.0,38.0,16,211,28061,6,0.0
97,1.0,0.0,4.4980001,1.0,4.0,6,44.27437117891451,74.27470274334199,no pobre,0,2,625.0,803.0,1.0,38.0,9,211,28062,4,1.0
98,1.0,0.0,4.4980001,1.0,5.0,6,44.27437117891451,74.27470274334199,no pobre,0,2,625.0,803.0,1.0,38.0,10,211,28062,4,1.0
97,0.0,0.0,4.4980001,,0.0,6,44.27437117891451,74.27470274334199,no pobre,0,2,625.0,803.0,1.0,38.0,6,211,28063,0,
98,0.0,0.0,4.4980001,,,6,44.27437117891451,74.27470274334199,no pobre,0,2,625.0,803.0,1.0,38.0,7,211,28063,0,
97,0.0,0.0,4.4980001,1.0,1.0,4,44.27437117891451,74.27470274334199,pobre,0,0,0.0,748.0,0.0,74.0,6,211,28064,1,1.0
98,0.0,0.0,4.4980001,1.0,1.0,4,44.27437117891451,74.27470274334199,pobre,0,0,0.0,748.0,0.0,74.0,7,211,28064,1,1.0
97,1.0,0.0,4.4980001,1.0,5.0,3,44.27437117891451,74.27470274334199,pobre,0,1,0.0,819.0,1.0,59.0,11,211,28065,5,1.0
98,1.0,0.0,4.4980001,1.0,5.0,3,44.27437117891451,74.27470274334199,pobre,0,1,0.0,819.0,1.0,59.0,12,211,28065,5,1.0
97,1.0,0.0,4.4980001,1.0,8.0,5,44.27437117891451,74.27470274334199,no pobre,0,0,500.0,820.0,1.0,40.0,15,211,28066,8,1.0
98,1.0,0.0,4.4980001,1.0,9.0,5,44.27437117891451,74.27470274334199,no pobre,0,0,500.0,820.0,1.0,40.0,16,211,28066,8,1.0
97,1.0,0.0,4.4980001,1.0,7.0,10,44.27437117891451,74.27470274334199,pobre,0,9,1500.0,623.0,1.0,33.0,16,211,28067,7,1.0
98,1.0,0.0,4.4980001,1.0,8.0,10,44.27437117891451,74.27470274334199,pobre,0,9,1500.0,623.0,1.0,33.0,17,211,28067,7,1.0
97,0.0,0.0,4.4980001,1.0,5.0,10,44.27437117891451,74.27470274334199,pobre,0,9,1500.0,623.0,1.0,33.0,13,211,28068,5,1.0
98,0.0,0.0,4.4980001,1.0,6.0,10,44.27437117891451,74.27470274334199,pobre,0,9,1500.0,623.0,1.0,33.0,14,211,28068,5,1.0
97,1.0,0.0,4.4980001,1.0,4.0,10,44.27437117891451,74.27470274334199,pobre,0,9,1500.0,623.0,1.0,33.0,11,211,28069,4,1.0
98,1.0,0.0,4.4980001,1.0,2.0,10,44.27437117891451,74.27470274334199,pobre,0,9,1500.0,623.0,1.0,33.0,12,211,28069,4,1.0
97,1.0,0.0,4.4980001,1.0,1.0,10,44.27437117891451,74.27470274334199,pobre,0,9,1500.0,623.0,1.0,33.0,8,211,28070,1,1.0
98,1.0,0.0,4.4980001,1.0,2.0,10,44.27437117891451,74.27470274334199,pobre,0,9,1500.0,623.0,1.0,33.0,9,211,28070,1,1.0
97,1.0,0.0,4.4980001,1.0,6.0,7,44.27437117891451,74.27470274334199,pobre,0,0,12.5,695.0,1.0,54.0,15,211,28071,6,1.0
98,1.0,0.0,4.4980001,0.0,6.0,7,44.27437117891451,74.27470274334199,pobre,0,0,12.5,695.0,1.0,54.0,16,211,28071,6,1.0
97,0.0,0.0,4.4980001,1.0,4.0,7,44.27437117891451,74.27470274334199,pobre,0,0,12.5,695.0,1.0,54.0,11,211,28072,4,1.0
98,0.0,0.0,4.4980001,1.0,5.0,7,44.27437117891451,74.27470274334199,pobre,0,0,12.5,695.0,1.0,54.0,12,211,28072,4,1.0
97,0.0,0.0,4.4980001,1.0,2.0,7,44.27437117891451,74.27470274334199,pobre,0,0,12.5,695.0,1.0,54.0,9,211,28073,2,1.0
98,0.0,0.0,4.4980001,1.0,3.0,7,44.27437117891451,74.27470274334199,pobre,0,0,12.5,695.0,1.0,54.0,10,211,28073,2,1.0
97,1.0,0.0,4.4980001,1.0,4.0,8,44.27437117891451,74.27470274334199,pobre,0,0,12.5,770.0,1.0,51.0,14,211,28074,4,1.0
98,1.0,0.0,4.4980001,0.0,5.0,8,44.27437117891451,74.27470274334199,pobre,0,0,12.5,770.0,1.0,51.0,15,211,28074,4,1.0
97,1.0,0.0,4.4980001,1.0,1.0,8,44.27437117891451,74.27470274334199,pobre,0,0,12.5,770.0,1.0,51.0,8,211,28075,1,1.0
98,1.0,0.0,4.4980001,1.0,3.0,8,44.27437117891451,74.27470274334199,pobre,0,0,12.5,770.0,1.0,51.0,9,211,28075,1,1.0
97,0.0,0.0,4.4980001,0.0,5.0,8,44.27437117891451,74.27470274334199,pobre,0,0,12.5,770.0,1.0,51.0,13,211,28076,5,0.0
98,0.0,0.0,4.4980001,0.0,5.0,8,44.27437117891451,74.27470274334199,pobre,0,0,12.5,770.0,1.0,51.0,14,211,28076,5,0.0
97,0.0,0.0,4.4980001,,0.0,8,44.27437117891451,74.27470274334199,pobre,0,0,12.5,770.0,1.0,51.0,6,211,28077,0,
98,0.0,0.0,4.4980001,1.0,0.0,8,44.27437117891451,74.27470274334199,pobre,0,0,12.5,770.0,1.0,51.0,7,211,28077,0,
97,0.0,0.0,4.4980001,0.0,6.0,4,44.27437117891451,74.27470274334199,pobre,0,0,625.0,801.0,1.0,53.0,15,211,28078,6,0.0
98,0.0,0.0,4.4980001,0.0,6.0,4,44.27437117891451,74.27470274334199,pobre,0,0,625.0,801.0,1.0,53.0,16,211,28078,6,0.0
97,0.0,0.0,4.4980001,0.0,4.0,5,44.27437117891451,74.27470274334199,no pobre,0,0,625.0,809.0,1.0,60.0,15,211,28079,4,0.0
98,0.0,0.0,4.4980001,,,5,44.27437117891451,74.27470274334199,no pobre,0,0,625.0,809.0,1.0,60.0,16,211,28079,4,0.0
97,1.0,0.0,4.4980001,1.0,5.0,5,44.27437117891451,74.27470274334199,no pobre,0,0,625.0,809.0,1.0,60.0,13,211,28080,5,1.0
98,1.0,0.0,4.4980001,1.0,6.0,5,44.27437117891451,74.27470274334199,no pobre,0,0,625.0,809.0,1.0,60.0,14,211,28080,5,1.0
97,0.0,0.0,4.4980001,1.0,4.0,3,44.27437117891451,74.27470274334199,pobre,0,2,625.0,801.0,1.0,73.0,11,211,28081,4,1.0
98,0.0,0.0,4.4980001,1.0,5.0,3,44.27437117891451,74.27470274334199,pobre,0,2,625.0,801.0,1.0,73.0,12,211,28081,4,1.0
97,1.0,0.0,4.4980001,0.0,5.0,9,44.27437117891451,74.27470274334199,pobre,0,1,625.0,782.5,1.0,47.0,15,211,28082,5,0.0
98,1.0,0.0,4.4980001,,,9,44.27437117891451,74.27470274334199,pobre,0,1,625.0,782.5,1.0,47.0,16,211,28082,5,0.0
97,0.0,0.0,4.4980001,0.0,3.0,9,44.27437117891451,74.27470274334199,pobre,0,1,625.0,782.5,1.0,47.0,13,211,28083,3,0.0
98,0.0,0.0,4.4980001,0.0,5.0,9,44.27437117891451,74.27470274334199,pobre,0,1,625.0,782.5,1.0,47.0,14,211,28083,3,0.0
97,1.0,0.0,4.4980001,1.0,2.0,9,44.27437117891451,74.27470274334199,pobre,0,1,625.0,782.5,1.0,47.0,8,211,28084,2,1.0
98,1.0,0.0,4.4980001,1.0,3.0,9,44.27437117891451,74.27470274334199,pobre,0,1,625.0,782.5,1.0,47.0,9,211,28084,2,1.0
97,1.0,0.0,4.4980001,1.0,8.0,7,44.27437117891451,74.27470274334199,no pobre,0,2,0.0,785.5,0.0,42.0,14,211,28085,8,1.0
98,1.0,0.0,4.4980001,0.0,9.0,7,44.27437117891451,74.27470274334199,no pobre,0,2,0.0,785.5,0.0,42.0,15,211,28085,8,1.0
97,0.0,0.0,4.4980001,1.0,5.0,7,44.27437117891451,74.27470274334199,no pobre,0,2,0.0,785.5,0.0,42.0,12,211,28086,5,1.0
98,0.0,0.0,4.4980001,1.0,6.0,7,44.27437117891451,74.27470274334199,no pobre,0,2,0.0,785.5,0.0,42.0,13,211,28086,5,1.0
97,1.0,0.0,4.4980001,0.0,1.0,7,44.27437117891451,74.27470274334199,no pobre,0,2,0.0,785.5,0.0,42.0,16,211,28087,1,0.0
98,1.0,0.0,4.4980001,,,7,44.27437117891451,74.27470274334199,no pobre,0,2,0.0,785.5,0.0,42.0,17,211,28087,1,0.0
97,0.0,0.0,4.4980001,1.0,1.0,6,44.27437117891451,74.27470274334199,pobre,0,8,625.0,733.0,1.0,29.0,7,211,28088,1,1.0
98,0.0,0.0,4.4980001,1.0,2.0,6,44.27437117891451,74.27470274334199,pobre,0,8,625.0,733.0,1.0,29.0,8,211,28088,1,1.0
97,0.0,0.0,4.4980001,1.0,0.0,6,44.27437117891451,74.27470274334199,pobre,0,8,625.0,733.0,1.0,29.0,6,211,28089,0,1.0
98,0.0,0.0,4.4980001,1.0,0.0,6,44.27437117891451,74.27470274334199,pobre,0,8,625.0,733.0,1.0,29.0,7,211,28089,0,1.0
97,1.0,0.0,4.4980001,1.0,6.0,7,44.27437117891451,74.27470274334199,no pobre,0,3,366.66666,786.0,1.0,33.0,12,211,28090,6,1.0
98,1.0,0.0,4.4980001,1.0,7.0,7,44.27437117891451,74.27470274334199,no pobre,0,3,366.66666,786.0,1.0,33.0,13,211,28090,6,1.0
97,1.0,0.0,4.4980001,1.0,3.0,7,44.27437117891451,74.27470274334199,no pobre,0,3,366.66666,786.0,1.0,33.0,9,211,28091,3,1.0
98,1.0,0.0,4.4980001,1.0,4.0,7,44.27437117891451,74.27470274334199,no pobre,0,3,366.66666,786.0,1.0,33.0,10,211,28091,3,1.0
97,1.0,0.0,4.4980001,1.0,2.0,7,44.27437117891451,74.27470274334199,no pobre,0,3,366.66666,786.0,1.0,33.0,8,211,28092,2,1.0
98,1.0,0.0,4.4980001,1.0,3.0,7,44.27437117891451,74.27470274334199,no pobre,0,3,366.66666,786.0,1.0,33.0,9,211,28092,2,1.0
97,0.0,0.0,4.4980001,1.0,3.0,3,44.27437117891451,74.27470274334199,pobre,0,3,600.0,748.0,0.0,27.0,6,211,28093,3,1.0
98,0.0,0.0,4.4980001,1.0,0.0,3,44.27437117891451,74.27470274334199,pobre,0,3,600.0,748.0,0.0,27.0,7,211,28093,3,1.0
97,0.0,0.0,4.4980001,0.0,5.0,9,44.27437117891451,74.27470274334199,pobre,0,0,520.0,699.0,1.0,39.0,15,211,28094,5,0.0
98,0.0,0.0,4.4980001,0.0,5.0,9,44.27437117891451,74.27470274334199,pobre,0,0,520.0,699.0,1.0,39.0,16,211,28094,5,0.0
97,0.0,0.0,4.4980001,0.0,4.0,9,44.27437117891451,74.27470274334199,pobre,0,0,520.0,699.0,1.0,39.0,12,211,28095,4,0.0
98,0.0,0.0,4.4980001,0.0,4.0,9,44.27437117891451,74.27470274334199,pobre,0,0,520.0,699.0,1.0,39.0,13,211,28095,4,0.0
97,1.0,0.0,4.4980001,1.0,1.0,9,44.27437117891451,74.27470274334199,pobre,0,0,520.0,699.0,1.0,39.0,10,211,28096,1,1.0
98,1.0,0.0,4.4980001,1.0,2.0,9,44.27437117891451,74.27470274334199,pobre,0,0,520.0,699.0,1.0,39.0,11,211,28096,1,1.0
97,0.0,0.0,4.4980001,1.0,3.0,9,44.27437117891451,74.27470274334199,pobre,0,0,520.0,699.0,1.0,39.0,7,211,28097,3,1.0
98,0.0,0.0,4.4980001,1.0,3.0,9,44.27437117891451,74.27470274334199,pobre,0,0,520.0,699.0,1.0,39.0,8,211,28097,3,1.0
97,1.0,0.0,4.4980001,0.0,5.0,6,44.27437117891451,74.27470274334199,pobre,0,0,0.0,661.0,0.0,53.0,12,211,28098,5,0.0
98,1.0,0.0,4.4980001,1.0,5.0,6,44.27437117891451,74.27470274334199,pobre,0,0,0.0,661.0,0.0,53.0,13,211,28098,5,0.0
97,1.0,0.0,4.4980001,0.0,3.0,6,44.27437117891451,74.27470274334199,pobre,0,0,0.0,661.0,0.0,53.0,10,211,28099,3,0.0
98,1.0,0.0,4.4980001,1.0,4.0,6,44.27437117891451,74.27470274334199,pobre,0,0,0.0,661.0,0.0,53.0,11,211,28099,3,0.0
97,1.0,0.0,4.4980001,1.0,6.0,5,44.27437117891451,74.27470274334199,pobre,0,6,0.0,721.0,0.0,36.0,11,211,28100,6,1.0
98,1.0,0.0,4.4980001,0.0,6.0,5,44.27437117891451,74.27470274334199,pobre,0,6,0.0,721.0,0.0,36.0,12,211,28100,6,1.0
97,0.0,0.0,4.4980001,1.0,3.0,5,44.27437117891451,74.27470274334199,pobre,0,6,0.0,721.0,0.0,36.0,8,211,28101,3,1.0
98,0.0,0.0,4.4980001,1.0,3.0,5,44.27437117891451,74.27470274334199,pobre,0,6,0.0,721.0,0.0,36.0,9,211,28101,3,1.0
97,0.0,0.0,4.4980001,1.0,1.0,5,44.27437117891451,74.27470274334199,pobre,0,6,0.0,721.0,0.0,36.0,6,211,28102,1,1.0
98,0.0,0.0,4.4980001,1.0,1.0,5,44.27437117891451,74.27470274334199,pobre,0,6,0.0,721.0,0.0,36.0,7,211,28102,1,1.0
97,1.0,0.0,4.4980001,0.0,6.0,4,44.27437117891451,74.27470274334199,pobre,0,6,500.0,783.0,1.0,44.0,16,211,28103,6,0.0
98,1.0,0.0,4.4980001,0.0,6.0,4,44.27437117891451,74.27470274334199,pobre,0,6,500.0,783.0,1.0,44.0,17,211,28103,6,0.0
97,1.0,0.0,4.4980001,0.0,6.0,7,44.27437117891451,74.27470274334199,no pobre,0,5,960.0,867.0,1.0,47.0,13,211,28104,6,0.0
98,1.0,0.0,4.4980001,1.0,7.0,7,44.27437117891451,74.27470274334199,no pobre,0,5,960.0,867.0,1.0,47.0,14,211,28104,6,0.0
97,1.0,0.0,4.4980001,1.0,5.0,5,44.27437117891451,74.27470274334199,no pobre,0,4,625.0,800.0,1.0,52.0,12,211,28105,5,1.0
98,1.0,0.0,4.4980001,1.0,6.0,5,44.27437117891451,74.27470274334199,no pobre,0,4,625.0,800.0,1.0,52.0,13,211,28105,5,1.0
97,0.0,0.0,4.4980001,1.0,0.0,5,44.27437117891451,74.27470274334199,no pobre,0,4,625.0,800.0,1.0,52.0,6,211,28106,0,1.0
98,0.0,0.0,4.4980001,1.0,0.0,5,44.27437117891451,74.27470274334199,no pobre,0,4,625.0,800.0,1.0,52.0,7,211,28106,0,1.0
97,0.0,0.0,4.4980001,0.0,5.0,7,44.27437117891451,74.27470274334199,pobre,0,3,960.0,727.0,1.0,50.0,14,211,28107,5,0.0
98,0.0,0.0,4.4980001,1.0,5.0,7,44.27437117891451,74.27470274334199,pobre,0,3,960.0,727.0,1.0,50.0,15,211,28107,5,0.0
97,1.0,0.0,4.4980001,1.0,6.0,7,44.27437117891451,74.27470274334199,pobre,0,3,960.0,727.0,1.0,50.0,10,211,28108,6,1.0
98,1.0,0.0,4.4980001,1.0,6.0,7,44.27437117891451,74.27470274334199,pobre,0,3,960.0,727.0,1.0,50.0,11,211,28108,6,1.0
97,0.0,0.0,4.4980001,1.0,2.0,7,44.27437117891451,74.27470274334199,pobre,0,3,960.0,727.0,1.0,50.0,8,211,28109,2,1.0
98,0.0,0.0,4.4980001,1.0,2.0,7,44.27437117891451,74.27470274334199,pobre,0,3,960.0,727.0,1.0,50.0,9,211,28109,2,1.0
97,0.0,0.0,4.4980001,0.0,6.0,5,44.27437117891451,74.27470274334199,no pobre,0,6,0.0,801.0,1.0,50.0,13,211,28110,6,0.0
98,0.0,0.0,4.4980001,1.0,6.0,5,44.27437117891451,74.27470274334199,no pobre,0,6,0.0,801.0,1.0,50.0,14,211,28110,6,0.0
97,1.0,0.0,4.4980001,1.0,2.0,6,44.27437117891451,74.27470274334199,pobre,0,6,840.0,753.0,1.0,44.0,8,211,28111,2,1.0
98,1.0,0.0,4.4980001,1.0,3.0,6,44.27437117891451,74.27470274334199,pobre,0,6,840.0,753.0,1.0,44.0,9,211,28111,2,1.0
97,0.0,0.0,4.4980001,1.0,9.0,6,44.27437117891451,74.27470274334199,pobre,0,6,840.0,753.0,1.0,44.0,15,211,28112,9,1.0
98,0.0,0.0,4.4980001,1.0,9.0,6,44.27437117891451,74.27470274334199,pobre,0,6,840.0,753.0,1.0,44.0,16,211,28112,9,1.0
97,1.0,0.0,4.4980001,1.0,6.0,6,44.27437117891451,74.27470274334199,no pobre,0,3,600.0,857.0,1.0,52.0,12,211,28113,6,1.0
98,1.0,0.0,4.4980001,1.0,7.0,6,44.27437117891451,74.27470274334199,no pobre,0,3,600.0,857.0,1.0,52.0,13,211,28113,6,1.0
97,1.0,0.0,4.4980001,1.0,2.0,6,44.27437117891451,74.27470274334199,no pobre,0,3,600.0,857.0,1.0,52.0,8,211,28114,2,1.0
98,1.0,0.0,4.4980001,1.0,3.0,6,44.27437117891451,74.27470274334199,no pobre,0,3,600.0,857.0,1.0,52.0,9,211,28114,2,1.0
97,1.0,0.0,4.4980001,1.0,9.0,9,44.27437117891451,74.27470274334199,no pobre,0,1,300.0,831.0,1.0,45.0,14,211,28115,9,1.0
98,1.0,0.0,4.4980001,0.0,9.0,9,44.27437117891451,74.27470274334199,no pobre,0,1,300.0,831.0,1.0,45.0,15,211,28115,9,1.0
97,0.0,0.0,4.4980001,1.0,5.0,5,44.27437117891451,74.27470274334199,no pobre,0,6,400.0,968.0,0.0,45.0,12,211,28116,5,1.0
98,0.0,0.0,4.4980001,0.0,6.0,5,44.27437117891451,74.27470274334199,no pobre,0,6,400.0,968.0,0.0,45.0,13,211,28116,5,1.0
97,1.0,0.0,4.4980001,1.0,1.0,5,44.27437117891451,74.27470274334199,pobre,0,5,400.0,724.0,1.0,24.0,6,211,28117,1,1.0
98,1.0,0.0,4.4980001,1.0,1.0,5,44.27437117891451,74.27470274334199,pobre,0,5,400.0,724.0,1.0,24.0,7,211,28117,1,1.0
97,0.0,,4.4980001,,0.0,7,44.27437117891451,74.27470274334199,pobre,0,2,600.0,777.96802,1.0,27.0,6,211,28118,0,
98,0.0,,4.4980001,1.0,1.0,7,44.27437117891451,74.27470274334199,pobre,0,2,600.0,777.96802,1.0,27.0,7,211,28118,0,
97,1.0,0.0,4.4980001,0.0,5.0,16,44.27437117891451,74.27470274334199,pobre,0,6,600.0,719.0,1.0,50.0,16,211,28119,5,0.0
98,1.0,0.0,4.4980001,0.0,6.0,16,44.27437117891451,74.27470274334199,pobre,0,6,600.0,719.0,1.0,50.0,17,211,28119,5,0.0
97,0.0,0.0,4.4980001,0.0,5.0,16,44.27437117891451,74.27470274334199,pobre,0,6,600.0,719.0,1.0,50.0,15,211,28120,5,0.0
98,0.0,0.0,4.4980001,0.0,5.0,16,44.27437117891451,74.27470274334199,pobre,0,6,600.0,719.0,1.0,50.0,16,211,28120,5,0.0
97,1.0,0.0,4.4980001,1.0,3.0,16,44.27437117891451,74.27470274334199,pobre,0,6,600.0,719.0,1.0,50.0,13,211,28121,3,1.0
98,1.0,0.0,4.4980001,0.0,3.0,16,44.27437117891451,74.27470274334199,pobre,0,6,600.0,719.0,1.0,50.0,14,211,28121,3,1.0
97,0.0,,4.4980001,1.0,4.0,16,44.27437117891451,74.27470274334199,pobre,0,6,600.0,719.0,1.0,50.0,12,211,28122,4,1.0
98,0.0,,4.4980001,1.0,5.0,16,44.27437117891451,74.27470274334199,pobre,0,6,600.0,719.0,1.0,50.0,13,211,28122,4,1.0
97,1.0,0.0,1.9579999,1.0,5.0,8,45.03346465223554,112.0531231946292,pobre,basal,3,120.0,567.0,0.0,36.0,13,240,28123,5,1.0
98,1.0,0.0,1.9579999,1.0,6.0,8,45.03346465223554,112.0531231946292,pobre,basal,3,120.0,567.0,0.0,36.0,14,240,28123,5,1.0
97,1.0,0.0,1.9579999,1.0,4.0,8,45.03346465223554,112.0531231946292,pobre,basal,3,120.0,567.0,0.0,36.0,12,240,28124,4,1.0
98,1.0,0.0,1.9579999,1.0,5.0,8,45.03346465223554,112.0531231946292,pobre,basal,3,120.0,567.0,0.0,36.0,13,240,28124,4,1.0
97,0.0,0.0,1.9579999,1.0,3.0,8,45.03346465223554,112.0531231946292,pobre,basal,3,120.0,567.0,0.0,36.0,8,240,28125,3,1.0
98,0.0,0.0,1.9579999,,,8,45.03346465223554,112.0531231946292,pobre,basal,3,120.0,567.0,0.0,36.0,9,240,28125,3,1.0
97,0.0,0.0,1.9579999,1.0,0.0,5,45.03346465223554,112.0531231946292,pobre,basal,2,2000.0,758.0,1.0,26.0,6,240,28126,0,1.0
98,0.0,0.0,1.9579999,1.0,1.0,5,45.03346465223554,112.0531231946292,pobre,basal,2,2000.0,758.0,1.0,26.0,7,240,28126,0,1.0
97,1.0,0.0,1.9579999,0.0,6.0,7,45.03346465223554,112.0531231946292,pobre,basal,5,375.0,735.0,1.0,37.0,15,240,28127,6,0.0
98,1.0,0.0,1.9579999,0.0,6.0,7,45.03346465223554,112.0531231946292,pobre,basal,5,375.0,735.0,1.0,37.0,16,240,28127,6,0.0
97,1.0,0.0,1.9579999,0.0,6.0,7,45.03346465223554,112.0531231946292,pobre,basal,5,375.0,735.0,1.0,37.0,14,240,28128,6,0.0
98,1.0,0.0,1.9579999,0.0,6.0,7,45.03346465223554,112.0531231946292,pobre,basal,5,375.0,735.0,1.0,37.0,15,240,28128,6,0.0
97,1.0,0.0,1.9579999,1.0,5.0,7,45.03346465223554,112.0531231946292,pobre,basal,5,375.0,735.0,1.0,37.0,12,240,28129,5,1.0
98,1.0,0.0,1.9579999,0.0,6.0,7,45.03346465223554,112.0531231946292,pobre,basal,5,375.0,735.0,1.0,37.0,13,240,28129,5,1.0
97,1.0,0.0,1.9579999,1.0,3.0,7,45.03346465223554,112.0531231946292,pobre,basal,5,375.0,735.0,1.0,37.0,9,240,28130,3,1.0
98,1.0,0.0,1.9579999,1.0,4.0,7,45.03346465223554,112.0531231946292,pobre,basal,5,375.0,735.0,1.0,37.0,10,240,28130,3,1.0
97,0.0,0.0,1.9579999,1.0,2.0,7,45.03346465223554,112.0531231946292,pobre,basal,5,375.0,735.0,1.0,37.0,8,240,28131,2,1.0
98,0.0,0.0,1.9579999,1.0,3.0,7,45.03346465223554,112.0531231946292,pobre,basal,5,375.0,735.0,1.0,37.0,9,240,28131,2,1.0
97,0.0,0.0,1.9579999,1.0,4.0,3,45.03346465223554,112.0531231946292,pobre,basal,2,375.0,804.0,1.0,26.0,11,240,28132,4,1.0
98,0.0,0.0,1.9579999,1.0,6.0,3,45.03346465223554,112.0531231946292,pobre,basal,2,375.0,804.0,1.0,26.0,12,240,28132,4,1.0
97,0.0,0.0,1.9579999,1.0,0.0,9,45.03346465223554,112.0531231946292,no pobre,basal,3,166.66667,799.0,1.0,67.0,6,240,28133,0,1.0
98,0.0,0.0,1.9579999,1.0,1.0,9,45.03346465223554,112.0531231946292,no pobre,basal,3,166.66667,799.0,1.0,67.0,7,240,28133,0,1.0
97,0.0,0.0,1.9579999,0.0,1.0,12,45.03346465223554,112.0531231946292,no pobre,basal,0,0.0,871.0,1.0,60.0,10,240,28134,1,0.0
98,0.0,0.0,1.9579999,0.0,1.0,12,45.03346465223554,112.0531231946292,no pobre,basal,0,0.0,871.0,1.0,60.0,11,240,28134,1,0.0
97,0.0,0.0,1.9579999,1.0,2.0,12,45.03346465223554,112.0531231946292,no pobre,basal,0,0.0,871.0,1.0,60.0,7,240,28135,2,1.0
98,0.0,0.0,1.9579999,1.0,3.0,12,45.03346465223554,112.0531231946292,no pobre,basal,0,0.0,871.0,1.0,60.0,8,240,28135,2,1.0
97,0.0,0.0,1.9579999,1.0,2.0,12,45.03346465223554,112.0531231946292,no pobre,basal,0,0.0,871.0,1.0,60.0,7,240,28136,2,1.0
98,0.0,0.0,1.9579999,1.0,3.0,12,45.03346465223554,112.0531231946292,no pobre,basal,0,0.0,871.0,1.0,60.0,8,240,28136,2,1.0
97,1.0,0.0,1.9579999,0.0,4.0,9,45.03346465223554,112.0531231946292,pobre,basal,0,500.0,757.0,1.0,47.0,16,240,28137,4,0.0
98,1.0,0.0,1.9579999,,,9,45.03346465223554,112.0531231946292,pobre,basal,0,500.0,757.0,1.0,47.0,17,240,28137,4,0.0
97,0.0,0.0,1.9579999,1.0,7.0,9,45.03346465223554,112.0531231946292,pobre,basal,0,500.0,757.0,1.0,47.0,13,240,28138,7,1.0
98,0.0,0.0,1.9579999,1.0,8.0,9,45.03346465223554,112.0531231946292,pobre,basal,0,500.0,757.0,1.0,47.0,14,240,28138,7,1.0
97,0.0,0.0,1.9579999,1.0,4.0,9,45.03346465223554,112.0531231946292,pobre,basal,0,500.0,757.0,1.0,47.0,10,240,28139,4,1.0
98,0.0,0.0,1.9579999,1.0,5.0,9,45.03346465223554,112.0531231946292,pobre,basal,0,500.0,757.0,1.0,47.0,11,240,28139,4,1.0
97,0.0,0.0,1.9579999,0.0,4.0,7,45.03346465223554,112.0531231946292,pobre,basal,0,0.0,680.0,0.0,38.0,15,240,28140,4,0.0
98,0.0,0.0,1.9579999,,,7,45.03346465223554,112.0531231946292,pobre,basal,0,0.0,680.0,0.0,38.0,16,240,28140,4,0.0
97,0.0,0.0,1.9579999,1.0,6.0,7,45.03346465223554,112.0531231946292,pobre,basal,0,0.0,680.0,0.0,38.0,14,240,28141,6,1.0
98,0.0,0.0,1.9579999,0.0,6.0,7,45.03346465223554,112.0531231946292,pobre,basal,0,0.0,680.0,0.0,38.0,15,240,28141,6,1.0
97,1.0,0.0,1.9579999,1.0,6.0,7,45.03346465223554,112.0531231946292,pobre,basal,0,0.0,680.0,0.0,38.0,11,240,28142,6,1.0
98,1.0,0.0,1.9579999,0.0,6.0,7,45.03346465223554,112.0531231946292,pobre,basal,0,0.0,680.0,0.0,38.0,12,240,28142,6,1.0
97,0.0,0.0,1.9579999,1.0,6.0,6,45.03346465223554,112.0531231946292,pobre,basal,5,625.0,734.91498,0.0,39.0,13,240,28143,6,1.0
98,0.0,0.0,1.9579999,0.0,6.0,6,45.03346465223554,112.0531231946292,pobre,basal,5,625.0,734.91498,0.0,39.0,14,240,28143,6,1.0
97,1.0,0.0,1.9579999,1.0,5.0,6,45.03346465223554,112.0531231946292,pobre,basal,5,625.0,734.91498,0.0,39.0,10,240,28144,5,1.0
98,1.0,0.0,1.9579999,1.0,6.0,6,45.03346465223554,112.0531231946292,pobre,basal,5,625.0,734.91498,0.0,39.0,11,240,28144,5,1.0
97,1.0,0.0,1.9579999,1.0,2.0,6,45.03346465223554,112.0531231946292,pobre,basal,5,625.0,734.91498,0.0,39.0,7,240,28145,2,1.0
98,1.0,0.0,1.9579999,1.0,3.0,6,45.03346465223554,112.0531231946292,pobre,basal,5,625.0,734.91498,0.0,39.0,8,240,28145,2,1.0
97,0.0,0.0,2.622,1.0,3.0,6,126.3958884827117,144.1141805655118,no pobre,0,6,625.0,892.0,1.0,32.0,8,224,28146,3,1.0
98,0.0,0.0,2.622,1.0,4.0,6,126.3958884827117,144.1141805655118,no pobre,0,6,625.0,892.0,1.0,32.0,9,224,28146,3,1.0
97,1.0,0.0,2.622,,0.0,6,126.3958884827117,144.1141805655118,pobre,0,0,625.0,698.31598,1.0,64.0,15,224,28147,0,
98,1.0,0.0,2.622,,,6,126.3958884827117,144.1141805655118,pobre,0,0,625.0,698.31598,1.0,64.0,16,224,28147,0,
97,1.0,0.0,2.622,,0.0,6,126.3958884827117,144.1141805655118,pobre,0,0,625.0,698.31598,1.0,64.0,10,224,28148,0,
98,1.0,0.0,2.622,1.0,3.0,6,126.3958884827117,144.1141805655118,pobre,0,0,625.0,698.31598,1.0,64.0,11,224,28148,0,
97,1.0,0.0,2.622,,0.0,6,126.3958884827117,144.1141805655118,pobre,0,0,625.0,698.31598,1.0,64.0,6,224,28149,0,
98,1.0,0.0,2.622,1.0,3.0,6,126.3958884827117,144.1141805655118,pobre,0,0,625.0,698.31598,1.0,64.0,7,224,28149,0,
97,0.0,0.0,2.622,1.0,6.0,3,126.3958884827117,144.1141805655118,pobre,0,6,625.0,755.0,1.0,35.0,12,224,28150,6,1.0
98,0.0,0.0,2.622,,,3,126.3958884827117,144.1141805655118,pobre,0,6,625.0,755.0,1.0,35.0,13,224,28150,6,1.0
97,1.0,0.0,2.622,1.0,2.0,6,126.3958884827117,144.1141805655118,pobre,0,6,400.0,683.0,1.0,37.0,8,224,28151,2,1.0
98,1.0,0.0,2.622,1.0,3.0,6,126.3958884827117,144.1141805655118,pobre,0,6,400.0,683.0,1.0,37.0,9,224,28151,2,1.0
97,0.0,0.0,2.622,1.0,0.0,6,126.3958884827117,144.1141805655118,pobre,0,6,400.0,683.0,1.0,37.0,6,224,28152,0,1.0
98,0.0,0.0,2.622,1.0,1.0,6,126.3958884827117,144.1141805655118,pobre,0,6,400.0,683.0,1.0,37.0,7,224,28152,0,1.0
97,0.0,0.0,2.622,1.0,4.0,6,126.3958884827117,144.1141805655118,pobre,0,6,400.0,683.0,1.0,37.0,13,224,28153,4,1.0
98,0.0,0.0,2.622,1.0,5.0,6,126.3958884827117,144.1141805655118,pobre,0,6,400.0,683.0,1.0,37.0,14,224,28153,4,1.0
97,0.0,0.0,2.622,1.0,5.0,6,126.3958884827117,144.1141805655118,pobre,0,6,400.0,683.0,1.0,37.0,11,224,28154,5,1.0
98,0.0,0.0,2.622,0.0,6.0,6,126.3958884827117,144.1141805655118,pobre,0,6,400.0,683.0,1.0,37.0,12,224,28154,5,1.0
97,0.0,0.0,4.0190001,0.0,6.0,8,112.9272507451659,132.1332581223022,pobre,basal,6,750.0,537.0,1.0,39.0,16,258,28155,6,0.0
98,0.0,0.0,4.0190001,0.0,6.0,8,112.9272507451659,132.1332581223022,pobre,basal,6,750.0,537.0,1.0,39.0,17,258,28155,6,0.0
97,1.0,0.0,4.0190001,1.0,8.0,8,112.9272507451659,132.1332581223022,pobre,basal,6,750.0,537.0,1.0,39.0,14,258,28156,8,1.0
98,1.0,0.0,4.0190001,1.0,9.0,8,112.9272507451659,132.1332581223022,pobre,basal,6,750.0,537.0,1.0,39.0,15,258,28156,8,1.0
97,0.0,0.0,4.0190001,1.0,2.0,8,112.9272507451659,132.1332581223022,pobre,basal,6,750.0,537.0,1.0,39.0,8,258,28157,2,1.0
98,0.0,0.0,4.0190001,1.0,3.0,8,112.9272507451659,132.1332581223022,pobre,basal,6,750.0,537.0,1.0,39.0,9,258,28157,2,1.0
97,1.0,0.0,0.0,1.0,7.0,3,132.9674129494344,138.5622921139745,pobre,0,0,0.0,883.0,1.0,80.0,14,335,28158,7,1.0
98,1.0,0.0,0.0,1.0,8.0,3,132.9674129494344,138.5622921139745,pobre,0,0,0.0,883.0,1.0,80.0,15,335,28158,7,1.0
97,0.0,0.0,0.0,1.0,3.0,4,132.9674129494344,138.5622921139745,pobre,0,6,416.66666,969.0,1.0,64.0,9,335,28159,3,1.0
98,0.0,0.0,0.0,1.0,4.0,4,132.9674129494344,138.5622921139745,pobre,0,6,416.66666,969.0,1.0,64.0,10,335,28159,3,1.0
97,0.0,0.0,0.0,1.0,1.0,4,132.9674129494344,138.5622921139745,pobre,0,6,416.66666,969.0,1.0,64.0,7,335,28160,1,1.0
98,0.0,0.0,0.0,1.0,2.0,4,132.9674129494344,138.5622921139745,pobre,0,6,416.66666,969.0,1.0,64.0,8,335,28160,1,1.0
97,0.0,0.0,0.0,1.0,4.0,5,132.9674129494344,138.5622921139745,pobre,0,6,0.0,632.0,0.0,32.0,11,335,28161,4,1.0
98,0.0,0.0,0.0,1.0,5.0,5,132.9674129494344,138.5622921139745,pobre,0,6,0.0,632.0,0.0,32.0,12,335,28161,4,1.0
97,1.0,0.0,0.0,1.0,1.0,5,132.9674129494344,138.5622921139745,pobre,0,6,0.0,632.0,0.0,32.0,10,335,28162,1,1.0
98,1.0,0.0,0.0,1.0,2.0,5,132.9674129494344,138.5622921139745,pobre,0,6,0.0,632.0,0.0,32.0,11,335,28162,1,1.0
97,0.0,0.0,0.0,1.0,2.0,5,132.9674129494344,138.5622921139745,pobre,0,6,0.0,632.0,0.0,32.0,8,335,28163,2,1.0
98,0.0,0.0,0.0,1.0,3.0,5,132.9674129494344,138.5622921139745,pobre,0,6,0.0,632.0,0.0,32.0,9,335,28163,2,1.0
97,0.0,0.0,0.0,0.0,9.0,5,132.9674129494344,138.5622921139745,pobre,0,2,116.66666,913.5,1.0,48.0,16,335,28164,9,0.0
98,0.0,0.0,0.0,,,5,132.9674129494344,138.5622921139745,pobre,0,2,116.66666,913.5,1.0,48.0,17,335,28164,9,0.0
97,1.0,0.0,0.0,1.0,5.0,6,132.9674129494344,138.5622921139745,pobre,0,0,35.0,922.0,1.0,68.0,12,335,28165,5,1.0
98,1.0,0.0,0.0,1.0,6.0,6,132.9674129494344,138.5622921139745,pobre,0,0,35.0,922.0,1.0,68.0,13,335,28165,5,1.0
97,1.0,0.0,0.0,1.0,8.0,9,132.9674129494344,138.5622921139745,pobre,0,0,1250.0,818.0,1.0,51.0,14,335,28166,8,1.0
98,1.0,0.0,0.0,0.0,9.0,9,132.9674129494344,138.5622921139745,pobre,0,0,1250.0,818.0,1.0,51.0,15,335,28166,8,1.0
97,1.0,0.0,0.0,1.0,7.0,9,132.9674129494344,138.5622921139745,pobre,0,0,1250.0,818.0,1.0,51.0,13,335,28167,7,1.0
98,1.0,0.0,0.0,1.0,8.0,9,132.9674129494344,138.5622921139745,pobre,0,0,1250.0,818.0,1.0,51.0,14,335,28167,7,1.0
97,0.0,0.0,0.0,1.0,5.0,9,132.9674129494344,138.5622921139745,pobre,0,0,1250.0,818.0,1.0,51.0,11,335,28168,5,1.0
98,0.0,0.0,0.0,1.0,6.0,9,132.9674129494344,138.5622921139745,pobre,0,0,1250.0,818.0,1.0,51.0,12,335,28168,5,1.0
97,0.0,0.0,0.0,1.0,2.0,9,132.9674129494344,138.5622921139745,pobre,0,0,1250.0,818.0,1.0,51.0,9,335,28169,2,1.0
98,0.0,0.0,0.0,1.0,3.0,9,132.9674129494344,138.5622921139745,pobre,0,0,1250.0,818.0,1.0,51.0,10,335,28169,2,1.0
97,0.0,0.0,0.0,1.0,1.0,9,132.9674129494344,138.5622921139745,pobre,0,0,1250.0,818.0,1.0,51.0,7,335,28170,1,1.0
98,0.0,0.0,0.0,1.0,2.0,9,132.9674129494344,138.5622921139745,pobre,0,0,1250.0,818.0,1.0,51.0,8,335,28170,1,1.0
97,1.0,0.0,0.0,,0.0,8,132.9674129494344,138.5622921139745,pobre,0,0,0.0,862.33099,1.0,61.0,16,335,28171,0,
98,1.0,0.0,0.0,,,8,132.9674129494344,138.5622921139745,pobre,0,0,0.0,862.33099,1.0,61.0,17,335,28171,0,
97,1.0,0.0,0.0,,8.0,8,132.9674129494344,138.5622921139745,pobre,0,0,0.0,862.33099,1.0,61.0,14,335,28172,8,
98,1.0,0.0,0.0,0.0,9.0,8,132.9674129494344,138.5622921139745,pobre,0,0,0.0,862.33099,1.0,61.0,15,335,28172,8,
97,0.0,0.0,0.0,,3.0,8,132.9674129494344,138.5622921139745,pobre,0,0,0.0,862.33099,1.0,61.0,10,335,28173,3,
98,0.0,0.0,0.0,1.0,4.0,8,132.9674129494344,138.5622921139745,pobre,0,0,0.0,862.33099,1.0,61.0,11,335,28173,3,
97,1.0,0.0,0.0,1.0,5.0,3,132.9674129494344,138.5622921139745,no pobre,0,3,0.0,1087.0,0.0,52.0,11,335,28174,5,1.0
98,1.0,0.0,0.0,1.0,6.0,3,132.9674129494344,138.5622921139745,no pobre,0,3,0.0,1087.0,0.0,52.0,12,335,28174,5,1.0
97,1.0,0.0,0.0,1.0,1.0,7,132.9674129494344,138.5622921139745,no pobre,0,6,300.0,919.0,1.0,32.0,9,335,28175,1,1.0
98,1.0,0.0,0.0,1.0,2.0,7,132.9674129494344,138.5622921139745,no pobre,0,6,300.0,919.0,1.0,32.0,10,335,28175,1,1.0
97,1.0,0.0,0.0,1.0,0.0,7,132.9674129494344,138.5622921139745,no pobre,0,6,300.0,919.0,1.0,32.0,7,335,28176,0,1.0
98,1.0,0.0,0.0,1.0,1.0,7,132.9674129494344,138.5622921139745,no pobre,0,6,300.0,919.0,1.0,32.0,8,335,28176,0,1.0
97,0.0,0.0,0.0,0.0,9.0,6,132.9674129494344,138.5622921139745,pobre,0,0,875.0,767.5,1.0,59.0,16,335,28177,9,0.0
98,0.0,0.0,0.0,,,6,132.9674129494344,138.5622921139745,pobre,0,0,875.0,767.5,1.0,59.0,17,335,28177,9,0.0
97,0.0,0.0,0.0,0.0,9.0,6,132.9674129494344,138.5622921139745,pobre,0,0,875.0,767.5,1.0,59.0,15,335,28178,9,0.0
98,0.0,0.0,0.0,0.0,9.0,6,132.9674129494344,138.5622921139745,pobre,0,0,875.0,767.5,1.0,59.0,16,335,28178,9,0.0
97,1.0,0.0,0.0,1.0,6.0,6,132.9674129494344,138.5622921139745,pobre,0,0,875.0,767.5,1.0,59.0,13,335,28179,6,1.0
98,1.0,0.0,0.0,0.0,7.0,6,132.9674129494344,138.5622921139745,pobre,0,0,875.0,767.5,1.0,59.0,14,335,28179,6,1.0
97,1.0,0.0,0.0,1.0,3.0,4,132.9674129494344,138.5622921139745,no pobre,0,6,4800.0,1085.0,1.0,33.0,10,335,28180,3,1.0
98,1.0,0.0,0.0,1.0,4.0,4,132.9674129494344,138.5622921139745,no pobre,0,6,4800.0,1085.0,1.0,33.0,11,335,28180,3,1.0
97,0.0,0.0,0.0,0.0,6.0,6,132.9674129494344,138.5622921139745,no pobre,0,0,0.0,1107.0,1.0,70.0,16,335,28181,6,0.0
98,0.0,0.0,0.0,,,6,132.9674129494344,138.5622921139745,no pobre,0,0,0.0,1107.0,1.0,70.0,17,335,28181,6,0.0
97,0.0,0.0,0.0,0.0,6.0,6,132.9674129494344,138.5622921139745,no pobre,0,0,0.0,1107.0,1.0,70.0,14,335,28182,6,0.0
98,0.0,0.0,0.0,0.0,6.0,6,132.9674129494344,138.5622921139745,no pobre,0,0,0.0,1107.0,1.0,70.0,15,335,28182,6,0.0
97,0.0,0.0,0.0,1.0,4.0,6,132.9674129494344,138.5622921139745,no pobre,0,0,0.0,1107.0,1.0,70.0,11,335,28183,4,1.0
98,0.0,0.0,0.0,1.0,5.0,6,132.9674129494344,138.5622921139745,no pobre,0,0,0.0,1107.0,1.0,70.0,12,335,28183,4,1.0
97,0.0,0.0,0.0,0.0,6.0,4,132.9674129494344,138.5622921139745,pobre,0,1,0.0,947.0,1.0,69.0,14,335,28184,6,0.0
98,0.0,0.0,0.0,0.0,6.0,4,132.9674129494344,138.5622921139745,pobre,0,1,0.0,947.0,1.0,69.0,15,335,28184,6,0.0
97,0.0,0.0,0.0,1.0,8.0,4,132.9674129494344,138.5622921139745,pobre,0,0,0.0,918.0,1.0,96.0,14,335,28185,8,1.0
98,0.0,0.0,0.0,1.0,9.0,4,132.9674129494344,138.5622921139745,pobre,0,0,0.0,918.0,1.0,96.0,15,335,28185,8,1.0
97,1.0,0.0,0.0,1.0,7.0,4,132.9674129494344,138.5622921139745,pobre,0,0,0.0,918.0,1.0,96.0,12,335,28186,7,1.0
98,1.0,0.0,0.0,1.0,8.0,4,132.9674129494344,138.5622921139745,pobre,0,0,0.0,918.0,1.0,96.0,13,335,28186,7,1.0
97,1.0,0.0,0.0,,8.0,7,132.9674129494344,138.5622921139745,pobre,0,3,0.0,692.0,1.0,43.0,15,335,28187,8,
98,1.0,0.0,0.0,0.0,2.0,7,132.9674129494344,138.5622921139745,pobre,0,3,0.0,692.0,1.0,43.0,16,335,28187,8,
97,1.0,0.0,0.0,0.0,4.0,7,132.9674129494344,138.5622921139745,pobre,0,3,0.0,692.0,1.0,43.0,10,335,28188,4,0.0
98,1.0,0.0,0.0,1.0,4.0,7,132.9674129494344,138.5622921139745,pobre,0,3,0.0,692.0,1.0,43.0,11,335,28188,4,0.0
97,1.0,0.0,0.0,0.0,2.0,7,132.9674129494344,138.5622921139745,pobre,0,3,0.0,692.0,1.0,43.0,8,335,28189,2,0.0
98,1.0,0.0,0.0,1.0,2.0,7,132.9674129494344,138.5622921139745,pobre,0,3,0.0,692.0,1.0,43.0,9,335,28189,2,0.0
97,1.0,0.0,0.0,0.0,1.0,7,132.9674129494344,138.5622921139745,pobre,0,3,0.0,692.0,1.0,43.0,6,335,28190,1,0.0
98,1.0,0.0,0.0,1.0,1.0,7,132.9674129494344,138.5622921139745,pobre,0,3,0.0,692.0,1.0,43.0,7,335,28190,1,0.0
97,0.0,0.0,0.0,1.0,4.0,4,132.9674129494344,138.5622921139745,pobre,0,0,0.0,558.0,1.0,59.0,10,335,28191,4,1.0
98,0.0,0.0,0.0,1.0,4.0,4,132.9674129494344,138.5622921139745,pobre,0,0,0.0,558.0,1.0,59.0,11,335,28191,4,1.0
97,1.0,0.0,0.0,1.0,3.0,4,132.9674129494344,138.5622921139745,pobre,0,0,0.0,558.0,1.0,59.0,8,335,28192,3,1.0
98,1.0,0.0,0.0,1.0,4.0,4,132.9674129494344,138.5622921139745,pobre,0,0,0.0,558.0,1.0,59.0,9,335,28192,3,1.0
97,1.0,0.0,0.0,0.0,9.0,3,132.9674129494344,138.5622921139745,no pobre,0,0,91.666664,1064.0,1.0,55.0,16,335,28193,9,0.0
98,1.0,0.0,0.0,,,3,132.9674129494344,138.5622921139745,no pobre,0,0,91.666664,1064.0,1.0,55.0,17,335,28193,9,0.0
97,0.0,0.0,0.0,1.0,4.0,6,132.9674129494344,138.5622921139745,no pobre,0,3,416.66666,1121.0,1.0,49.0,10,335,28194,4,1.0
98,0.0,0.0,0.0,1.0,5.0,6,132.9674129494344,138.5622921139745,no pobre,0,3,416.66666,1121.0,1.0,49.0,11,335,28194,4,1.0
97,1.0,0.0,0.0,1.0,9.0,8,132.9674129494344,138.5622921139745,pobre,0,3,333.33334,849.0,1.0,46.0,15,335,28195,9,1.0
98,1.0,0.0,0.0,,,8,132.9674129494344,138.5622921139745,pobre,0,3,333.33334,849.0,1.0,46.0,16,335,28195,9,1.0
97,1.0,0.0,0.0,1.0,6.0,8,132.9674129494344,138.5622921139745,pobre,0,3,333.33334,849.0,1.0,46.0,12,335,28196,6,1.0
98,1.0,0.0,0.0,,,8,132.9674129494344,138.5622921139745,pobre,0,3,333.33334,849.0,1.0,46.0,13,335,28196,6,1.0
97,1.0,0.0,0.0,1.0,4.0,8,132.9674129494344,138.5622921139745,pobre,0,3,333.33334,849.0,1.0,46.0,11,335,28197,4,1.0
98,1.0,0.0,0.0,,,8,132.9674129494344,138.5622921139745,pobre,0,3,333.33334,849.0,1.0,46.0,12,335,28197,4,1.0
97,1.0,0.0,0.0,1.0,1.0,8,132.9674129494344,138.5622921139745,pobre,0,3,333.33334,849.0,1.0,46.0,8,335,28198,1,1.0
98,1.0,0.0,0.0,,,8,132.9674129494344,138.5622921139745,pobre,0,3,333.33334,849.0,1.0,46.0,9,335,28198,1,1.0
97,0.0,0.0,0.0,1.0,0.0,8,132.9674129494344,138.5622921139745,pobre,0,3,333.33334,849.0,1.0,46.0,6,335,28199,0,1.0
98,0.0,0.0,0.0,,,8,132.9674129494344,138.5622921139745,pobre,0,3,333.33334,849.0,1.0,46.0,7,335,28199,0,1.0
97,0.0,0.0,0.0,1.0,9.0,6,132.9674129494344,138.5622921139745,no pobre,0,2,500.0,1219.0,1.0,56.0,16,335,28200,9,1.0
98,0.0,0.0,0.0,,,6,132.9674129494344,138.5622921139745,no pobre,0,2,500.0,1219.0,1.0,56.0,17,335,28200,9,1.0
97,0.0,0.0,0.0,1.0,7.0,6,132.9674129494344,138.5622921139745,no pobre,0,2,500.0,1219.0,1.0,56.0,13,335,28201,7,1.0
98,0.0,0.0,0.0,1.0,8.0,6,132.9674129494344,138.5622921139745,no pobre,0,2,500.0,1219.0,1.0,56.0,14,335,28201,7,1.0
97,0.0,0.0,0.0,1.0,4.0,6,132.9674129494344,138.5622921139745,no pobre,0,2,500.0,1219.0,1.0,56.0,10,335,28202,4,1.0
98,0.0,0.0,0.0,1.0,4.0,6,132.9674129494344,138.5622921139745,no pobre,0,2,500.0,1219.0,1.0,56.0,11,335,28202,4,1.0
97,0.0,0.0,0.0,1.0,7.0,7,132.9674129494344,138.5622921139745,pobre,0,0,208.33333,845.5,0.0,48.0,15,335,28203,7,1.0
98,0.0,0.0,0.0,1.0,8.0,7,132.9674129494344,138.5622921139745,pobre,0,0,208.33333,845.5,0.0,48.0,16,335,28203,7,1.0
97,1.0,0.0,0.0,1.0,7.0,7,132.9674129494344,138.5622921139745,pobre,0,0,208.33333,845.5,0.0,48.0,13,335,28204,7,1.0
98,1.0,0.0,0.0,0.0,8.0,7,132.9674129494344,138.5622921139745,pobre,0,0,208.33333,845.5,0.0,48.0,14,335,28204,7,1.0
97,0.0,0.0,0.0,0.0,6.0,7,132.9674129494344,138.5622921139745,pobre,0,0,208.33333,845.5,0.0,48.0,15,335,28205,6,0.0
98,0.0,0.0,0.0,0.0,6.0,7,132.9674129494344,138.5622921139745,pobre,0,0,208.33333,845.5,0.0,48.0,16,335,28205,6,0.0
97,1.0,0.0,0.0,0.0,9.0,4,132.9674129494344,138.5622921139745,no pobre,0,3,7200.0,1181.0,1.0,38.0,16,335,28206,9,0.0
98,1.0,0.0,0.0,,,4,132.9674129494344,138.5622921139745,no pobre,0,3,7200.0,1181.0,1.0,38.0,17,335,28206,9,0.0
97,0.0,0.0,0.0,1.0,8.0,4,132.9674129494344,138.5622921139745,no pobre,0,3,7200.0,1181.0,1.0,38.0,14,335,28207,8,1.0
98,0.0,0.0,0.0,1.0,8.0,4,132.9674129494344,138.5622921139745,no pobre,0,3,7200.0,1181.0,1.0,38.0,15,335,28207,8,1.0
97,0.0,0.0,0.0,1.0,1.0,5,132.9674129494344,138.5622921139745,no pobre,0,4,0.0,1028.0,1.0,39.0,6,335,28208,1,1.0
98,0.0,0.0,0.0,,,5,132.9674129494344,138.5622921139745,no pobre,0,4,0.0,1028.0,1.0,39.0,7,335,28208,1,1.0
97,0.0,0.0,0.0,1.0,10.0,8,132.9674129494344,138.5622921139745,no pobre,0,1,0.0,891.0,1.0,50.0,16,335,28209,10,1.0
98,0.0,0.0,0.0,,,8,132.9674129494344,138.5622921139745,no pobre,0,1,0.0,891.0,1.0,50.0,17,335,28209,10,1.0
97,1.0,0.0,0.0,1.0,8.0,8,132.9674129494344,138.5622921139745,no pobre,0,1,0.0,891.0,1.0,50.0,13,335,28210,8,1.0
98,1.0,0.0,0.0,1.0,8.0,8,132.9674129494344,138.5622921139745,no pobre,0,1,0.0,891.0,1.0,50.0,14,335,28210,8,1.0
97,0.0,0.0,0.0,1.0,5.0,8,132.9674129494344,138.5622921139745,no pobre,0,1,0.0,891.0,1.0,50.0,10,335,28211,5,1.0
98,0.0,0.0,0.0,1.0,5.0,8,132.9674129494344,138.5622921139745,no pobre,0,1,0.0,891.0,1.0,50.0,11,335,28211,5,1.0
97,0.0,0.0,0.0,1.0,2.0,8,132.9674129494344,138.5622921139745,no pobre,0,1,0.0,891.0,1.0,50.0,7,335,28212,2,1.0
98,0.0,0.0,0.0,1.0,2.0,8,132.9674129494344,138.5622921139745,no pobre,0,1,0.0,891.0,1.0,50.0,8,335,28212,2,1.0
97,0.0,0.0,0.0,1.0,1.0,9,132.9674129494344,138.5622921139745,pobre,0,6,1250.0,687.0,1.0,30.0,6,335,28213,1,1.0
98,0.0,0.0,0.0,1.0,1.0,9,132.9674129494344,138.5622921139745,pobre,0,6,1250.0,687.0,1.0,30.0,7,335,28213,1,1.0
97,0.0,0.0,0.0,1.0,4.0,9,132.9674129494344,138.5622921139745,pobre,0,6,6400.0,694.0,1.0,34.0,12,335,28214,4,1.0
98,0.0,0.0,0.0,1.0,5.0,9,132.9674129494344,138.5622921139745,pobre,0,6,6400.0,694.0,1.0,34.0,13,335,28214,4,1.0
97,1.0,0.0,0.0,1.0,4.0,9,132.9674129494344,138.5622921139745,pobre,0,6,6400.0,694.0,1.0,34.0,10,335,28215,4,1.0
98,1.0,0.0,0.0,1.0,4.0,9,132.9674129494344,138.5622921139745,pobre,0,6,6400.0,694.0,1.0,34.0,11,335,28215,4,1.0
97,1.0,0.0,0.0,1.0,3.0,9,132.9674129494344,138.5622921139745,pobre,0,6,6400.0,694.0,1.0,34.0,9,335,28216,3,1.0
98,1.0,0.0,0.0,1.0,4.0,9,132.9674129494344,138.5622921139745,pobre,0,6,6400.0,694.0,1.0,34.0,10,335,28216,3,1.0
97,1.0,0.0,0.0,1.0,2.0,9,132.9674129494344,138.5622921139745,pobre,0,6,6400.0,694.0,1.0,34.0,8,335,28217,2,1.0
98,1.0,0.0,0.0,1.0,3.0,9,132.9674129494344,138.5622921139745,pobre,0,6,6400.0,694.0,1.0,34.0,9,335,28217,2,1.0
97,0.0,0.0,0.0,1.0,1.0,9,132.9674129494344,138.5622921139745,pobre,0,6,6400.0,694.0,1.0,34.0,7,335,28218,1,1.0
98,0.0,0.0,0.0,1.0,2.0,9,132.9674129494344,138.5622921139745,pobre,0,6,6400.0,694.0,1.0,34.0,8,335,28218,1,1.0
97,0.0,0.0,0.0,1.0,4.0,3,132.9674129494344,138.5622921139745,pobre,0,3,0.0,887.0,0.0,52.0,11,335,28219,4,1.0
98,0.0,0.0,0.0,1.0,5.0,3,132.9674129494344,138.5622921139745,pobre,0,3,0.0,887.0,0.0,52.0,12,335,28219,4,1.0
97,0.0,0.0,0.0,1.0,5.0,9,132.9674129494344,138.5622921139745,pobre,0,3,1250.0,912.5,1.0,48.0,12,335,28220,5,1.0
98,0.0,0.0,0.0,0.0,6.0,9,132.9674129494344,138.5622921139745,pobre,0,3,1250.0,912.5,1.0,48.0,13,335,28220,5,1.0
97,0.0,0.0,0.0,1.0,3.0,9,132.9674129494344,138.5622921139745,pobre,0,3,1250.0,912.5,1.0,48.0,9,335,28221,3,1.0
98,0.0,0.0,0.0,1.0,4.0,9,132.9674129494344,138.5622921139745,pobre,0,3,1250.0,912.5,1.0,48.0,10,335,28221,3,1.0
97,1.0,0.0,0.0,1.0,1.0,9,132.9674129494344,138.5622921139745,pobre,0,3,1250.0,912.5,1.0,48.0,7,335,28222,1,1.0
98,1.0,0.0,0.0,1.0,2.0,9,132.9674129494344,138.5622921139745,pobre,0,3,1250.0,912.5,1.0,48.0,8,335,28222,1,1.0
97,0.0,0.0,0.0,0.0,3.0,6,135.0014846701755,185.9942662226078,pobre,basal,0,750.0,765.0,1.0,44.0,15,318,28223,3,0.0
98,0.0,0.0,0.0,1.0,3.0,6,135.0014846701755,185.9942662226078,pobre,basal,0,750.0,765.0,1.0,44.0,16,318,28223,3,0.0
97,0.0,0.0,0.0,1.0,0.0,6,135.0014846701755,185.9942662226078,pobre,basal,0,750.0,765.0,1.0,44.0,6,318,28224,0,1.0
98,0.0,0.0,0.0,1.0,0.0,6,135.0014846701755,185.9942662226078,pobre,basal,0,750.0,765.0,1.0,44.0,7,318,28224,0,1.0
97,0.0,0.0,0.0,0.0,6.0,7,135.0014846701755,185.9942662226078,pobre,basal,6,720.0,613.0,1.0,32.0,13,318,28225,6,0.0
98,0.0,0.0,0.0,,,7,135.0014846701755,185.9942662226078,pobre,basal,6,720.0,613.0,1.0,32.0,14,318,28225,6,0.0
97,1.0,0.0,0.0,1.0,5.0,7,135.0014846701755,185.9942662226078,pobre,basal,6,720.0,613.0,1.0,32.0,11,318,28226,5,1.0
98,1.0,0.0,0.0,,,7,135.0014846701755,185.9942662226078,pobre,basal,6,720.0,613.0,1.0,32.0,12,318,28226,5,1.0
97,1.0,0.0,0.0,1.0,2.0,7,135.0014846701755,185.9942662226078,pobre,basal,6,720.0,613.0,1.0,32.0,8,318,28227,2,1.0
98,1.0,0.0,0.0,,,7,135.0014846701755,185.9942662226078,pobre,basal,6,720.0,613.0,1.0,32.0,9,318,28227,2,1.0
97,0.0,0.0,0.0,1.0,9.0,6,135.0014846701755,185.9942662226078,no pobre,basal,3,1400.0,1036.0,1.0,44.0,16,318,28228,9,1.0
98,0.0,0.0,0.0,,,6,135.0014846701755,185.9942662226078,no pobre,basal,3,1400.0,1036.0,1.0,44.0,17,318,28228,9,1.0
97,0.0,0.0,0.0,1.0,6.0,6,135.0014846701755,185.9942662226078,no pobre,basal,3,1400.0,1036.0,1.0,44.0,13,318,28229,6,1.0
98,0.0,0.0,0.0,1.0,7.0,6,135.0014846701755,185.9942662226078,no pobre,basal,3,1400.0,1036.0,1.0,44.0,14,318,28229,6,1.0
97,0.0,0.0,0.0,1.0,3.0,6,135.0014846701755,185.9942662226078,no pobre,basal,3,1400.0,1036.0,1.0,44.0,9,318,28230,3,1.0
98,0.0,0.0,0.0,1.0,4.0,6,135.0014846701755,185.9942662226078,no pobre,basal,3,1400.0,1036.0,1.0,44.0,10,318,28230,3,1.0
97,0.0,0.0,0.0,1.0,0.0,6,135.0014846701755,185.9942662226078,no pobre,basal,3,1400.0,1036.0,1.0,44.0,6,318,28231,0,1.0
98,0.0,0.0,0.0,1.0,1.0,6,135.0014846701755,185.9942662226078,no pobre,basal,3,1400.0,1036.0,1.0,44.0,7,318,28231,0,1.0
97,1.0,0.0,0.0,1.0,6.0,6,135.0014846701755,185.9942662226078,pobre,basal,0,0.0,858.0,0.0,70.0,14,318,28232,6,1.0
98,1.0,0.0,0.0,1.0,6.0,6,135.0014846701755,185.9942662226078,pobre,basal,0,0.0,858.0,0.0,70.0,15,318,28232,6,1.0
97,1.0,0.0,0.0,1.0,6.0,6,135.0014846701755,185.9942662226078,pobre,basal,0,0.0,858.0,0.0,70.0,11,318,28233,6,1.0
98,1.0,0.0,0.0,1.0,6.0,6,135.0014846701755,185.9942662226078,pobre,basal,0,0.0,858.0,0.0,70.0,12,318,28233,6,1.0
97,1.0,0.0,0.0,1.0,8.0,6,135.0014846701755,185.9942662226078,pobre,basal,0,600.0,747.0,1.0,64.0,14,318,28234,8,1.0
98,1.0,0.0,0.0,0.0,8.0,6,135.0014846701755,185.9942662226078,pobre,basal,0,600.0,747.0,1.0,64.0,15,318,28234,8,1.0
97,0.0,0.0,0.0,1.0,2.0,6,135.0014846701755,185.9942662226078,pobre,basal,0,600.0,747.0,1.0,64.0,8,318,28235,2,1.0
98,0.0,0.0,0.0,1.0,3.0,6,135.0014846701755,185.9942662226078,pobre,basal,0,600.0,747.0,1.0,64.0,9,318,28235,2,1.0
97,0.0,0.0,0.0,1.0,9.0,4,135.0014846701755,185.9942662226078,pobre,basal,2,725.0,625.0,1.0,45.0,16,318,28236,9,1.0
98,0.0,0.0,0.0,,,4,135.0014846701755,185.9942662226078,pobre,basal,2,725.0,625.0,1.0,45.0,17,318,28236,9,1.0
97,1.0,0.0,0.0,1.0,4.0,5,135.0014846701755,185.9942662226078,pobre,basal,1,625.0,786.0,1.0,52.0,10,318,28237,4,1.0
98,1.0,0.0,0.0,1.0,4.0,5,135.0014846701755,185.9942662226078,pobre,basal,1,625.0,786.0,1.0,52.0,11,318,28237,4,1.0
97,0.0,0.0,0.0,0.0,6.0,7,149.5727212182313,149.5727212182313,pobre,0,1,83.333336,613.0,1.0,47.0,16,306,28238,6,0.0
98,0.0,0.0,0.0,,,7,149.5727212182313,149.5727212182313,pobre,0,1,83.333336,613.0,1.0,47.0,17,306,28238,6,0.0
97,1.0,0.0,0.0,0.0,4.0,7,149.5727212182313,149.5727212182313,pobre,0,1,83.333336,613.0,1.0,47.0,13,306,28239,4,0.0
98,1.0,0.0,0.0,,,7,149.5727212182313,149.5727212182313,pobre,0,1,83.333336,613.0,1.0,47.0,14,306,28239,4,0.0
97,0.0,0.0,0.0,1.0,3.0,7,149.5727212182313,149.5727212182313,pobre,0,1,83.333336,613.0,1.0,47.0,9,306,28240,3,1.0
98,0.0,0.0,0.0,1.0,4.0,7,149.5727212182313,149.5727212182313,pobre,0,1,83.333336,613.0,1.0,47.0,10,306,28240,3,1.0
97,1.0,0.0,0.0,1.0,9.0,5,149.5727212182313,149.5727212182313,pobre,0,6,250.0,546.0,1.0,45.0,15,306,28241,9,1.0
98,1.0,0.0,0.0,0.0,9.0,5,149.5727212182313,149.5727212182313,pobre,0,6,250.0,546.0,1.0,45.0,16,306,28241,9,1.0
97,0.0,0.0,0.0,1.0,5.0,5,149.5727212182313,149.5727212182313,pobre,0,6,250.0,546.0,1.0,45.0,11,306,28242,5,1.0
98,0.0,0.0,0.0,1.0,6.0,5,149.5727212182313,149.5727212182313,pobre,0,6,250.0,546.0,1.0,45.0,12,306,28242,5,1.0
97,1.0,0.0,0.0,1.0,8.0,5,135.0014846701755,185.9942662226078,pobre,basal,3,520.0,999.0,1.0,52.0,14,318,28243,8,1.0
98,1.0,0.0,0.0,1.0,9.0,5,135.0014846701755,185.9942662226078,pobre,basal,3,520.0,999.0,1.0,52.0,15,318,28243,8,1.0
97,0.0,0.0,0.0,1.0,5.0,5,135.0014846701755,185.9942662226078,pobre,basal,3,520.0,999.0,1.0,52.0,11,318,28244,5,1.0
98,0.0,0.0,0.0,,,5,135.0014846701755,185.9942662226078,pobre,basal,3,520.0,999.0,1.0,52.0,12,318,28244,5,1.0
97,1.0,0.0,0.0,1.0,6.0,5,135.0014846701755,185.9942662226078,pobre,basal,3,840.0,728.0,1.0,46.0,13,318,28245,6,1.0
98,1.0,0.0,0.0,1.0,6.0,5,135.0014846701755,185.9942662226078,pobre,basal,3,840.0,728.0,1.0,46.0,14,318,28245,6,1.0
97,1.0,0.0,0.0,1.0,3.0,5,135.0014846701755,185.9942662226078,pobre,basal,3,840.0,728.0,1.0,46.0,10,318,28246,3,1.0
98,1.0,0.0,0.0,1.0,3.0,5,135.0014846701755,185.9942662226078,pobre,basal,3,840.0,728.0,1.0,46.0,11,318,28246,3,1.0
97,0.0,0.0,0.0,1.0,5.0,5,135.0014846701755,185.9942662226078,pobre,basal,5,600.0,890.0,1.0,34.0,11,318,28247,5,1.0
98,0.0,0.0,0.0,1.0,6.0,5,135.0014846701755,185.9942662226078,pobre,basal,5,600.0,890.0,1.0,34.0,12,318,28247,5,1.0
97,1.0,0.0,0.0,1.0,3.0,5,135.0014846701755,185.9942662226078,pobre,basal,5,600.0,890.0,1.0,34.0,9,318,28248,3,1.0
98,1.0,0.0,0.0,1.0,4.0,5,135.0014846701755,185.9942662226078,pobre,basal,5,600.0,890.0,1.0,34.0,10,318,28248,3,1.0
97,0.0,0.0,0.0,1.0,1.0,4,135.0014846701755,185.9942662226078,pobre,basal,6,750.0,713.0,1.0,30.0,7,318,28249,1,1.0
98,0.0,0.0,0.0,1.0,2.0,4,135.0014846701755,185.9942662226078,pobre,basal,6,750.0,713.0,1.0,30.0,8,318,28249,1,1.0
97,1.0,0.0,0.0,1.0,5.0,6,135.0014846701755,185.9942662226078,pobre,basal,6,750.0,737.0,1.0,51.0,15,318,28250,5,1.0
98,1.0,0.0,0.0,1.0,6.0,6,135.0014846701755,185.9942662226078,pobre,basal,6,750.0,737.0,1.0,51.0,16,318,28250,5,1.0
97,0.0,0.0,0.0,1.0,4.0,6,135.0014846701755,185.9942662226078,pobre,basal,6,750.0,737.0,1.0,51.0,11,318,28251,4,1.0
98,0.0,0.0,0.0,1.0,5.0,6,135.0014846701755,185.9942662226078,pobre,basal,6,750.0,737.0,1.0,51.0,12,318,28251,4,1.0
97,1.0,0.0,0.0,1.0,2.0,6,135.0014846701755,185.9942662226078,pobre,basal,6,750.0,737.0,1.0,51.0,9,318,28252,2,1.0
98,1.0,0.0,0.0,1.0,3.0,6,135.0014846701755,185.9942662226078,pobre,basal,6,750.0,737.0,1.0,51.0,10,318,28252,2,1.0
97,0.0,0.0,0.0,1.0,5.0,3,135.0014846701755,185.9942662226078,pobre,basal,2,1200.0,1051.0,0.0,56.0,11,318,28253,5,1.0
98,0.0,0.0,0.0,1.0,6.0,3,135.0014846701755,185.9942662226078,pobre,basal,2,1200.0,1051.0,0.0,56.0,12,318,28253,5,1.0
97,0.0,0.0,0.0,1.0,5.0,5,135.0014846701755,185.9942662226078,pobre,basal,6,2400.0,969.0,1.0,35.0,11,318,28254,5,1.0
98,0.0,0.0,0.0,1.0,6.0,5,135.0014846701755,185.9942662226078,pobre,basal,6,2400.0,969.0,1.0,35.0,12,318,28254,5,1.0
97,0.0,0.0,0.0,1.0,6.0,5,135.0014846701755,185.9942662226078,pobre,basal,6,2400.0,969.0,1.0,35.0,13,318,28255,6,1.0
98,0.0,0.0,0.0,1.0,7.0,5,135.0014846701755,185.9942662226078,pobre,basal,6,2400.0,969.0,1.0,35.0,14,318,28255,6,1.0
97,1.0,0.0,0.0,1.0,6.0,9,135.0014846701755,185.9942662226078,no pobre,basal,9,3400.0,1061.0,1.0,61.0,12,318,28256,6,1.0
98,1.0,0.0,0.0,1.0,7.0,9,135.0014846701755,185.9942662226078,no pobre,basal,9,3400.0,1061.0,1.0,61.0,13,318,28256,6,1.0
97,0.0,0.0,0.0,1.0,3.0,6,135.0014846701755,185.9942662226078,pobre,basal,0,625.0,638.0,1.0,58.0,10,318,28257,3,1.0
98,0.0,0.0,0.0,1.0,4.0,6,135.0014846701755,185.9942662226078,pobre,basal,0,625.0,638.0,1.0,58.0,11,318,28257,3,1.0
97,1.0,0.0,0.0,1.0,4.0,6,135.0014846701755,185.9942662226078,pobre,basal,0,625.0,638.0,1.0,58.0,13,318,28258,4,1.0
98,1.0,0.0,0.0,1.0,5.0,6,135.0014846701755,185.9942662226078,pobre,basal,0,625.0,638.0,1.0,58.0,14,318,28258,4,1.0
97,1.0,0.0,0.0,1.0,8.0,6,135.0014846701755,185.9942662226078,no pobre,basal,11,625.0,1167.0,1.0,53.0,15,318,28259,8,1.0
98,1.0,0.0,0.0,1.0,9.0,6,135.0014846701755,185.9942662226078,no pobre,basal,11,625.0,1167.0,1.0,53.0,16,318,28259,8,1.0
97,0.0,0.0,0.0,0.0,5.0,3,135.0014846701755,185.9942662226078,pobre,basal,16,2000.0,1037.0,1.0,37.0,15,318,28260,5,0.0
98,0.0,0.0,0.0,0.0,5.0,3,135.0014846701755,185.9942662226078,pobre,basal,16,2000.0,1037.0,1.0,37.0,16,318,28260,5,0.0
97,0.0,0.0,0.0,0.0,6.0,6,135.0014846701755,185.9942662226078,pobre,basal,6,1000.0,984.0,1.0,39.0,15,318,28261,6,0.0
98,0.0,0.0,0.0,0.0,6.0,6,135.0014846701755,185.9942662226078,pobre,basal,6,1000.0,984.0,1.0,39.0,16,318,28261,6,0.0
97,1.0,0.0,0.0,1.0,4.0,6,135.0014846701755,185.9942662226078,pobre,basal,6,1000.0,984.0,1.0,39.0,11,318,28262,4,1.0
98,1.0,0.0,0.0,1.0,5.0,6,135.0014846701755,185.9942662226078,pobre,basal,6,1000.0,984.0,1.0,39.0,12,318,28262,4,1.0
97,0.0,0.0,0.0,1.0,9.0,7,135.0014846701755,185.9942662226078,pobre,basal,6,1000.0,914.0,1.0,54.0,15,318,28263,9,1.0
98,0.0,0.0,0.0,1.0,9.0,7,135.0014846701755,185.9942662226078,pobre,basal,6,1000.0,914.0,1.0,54.0,16,318,28263,9,1.0
97,0.0,0.0,0.0,1.0,6.0,7,135.0014846701755,185.9942662226078,pobre,basal,6,1000.0,914.0,1.0,54.0,12,318,28264,6,1.0
98,0.0,0.0,0.0,1.0,7.0,7,135.0014846701755,185.9942662226078,pobre,basal,6,1000.0,914.0,1.0,54.0,13,318,28264,6,1.0
97,0.0,0.0,0.0,1.0,3.0,7,135.0014846701755,185.9942662226078,pobre,basal,6,1000.0,914.0,1.0,54.0,10,318,28265,3,1.0
98,0.0,0.0,0.0,1.0,4.0,7,135.0014846701755,185.9942662226078,pobre,basal,6,1000.0,914.0,1.0,54.0,11,318,28265,3,1.0
97,1.0,0.0,0.0,1.0,5.0,4,135.0014846701755,185.9942662226078,pobre,basal,1,1500.0,1044.0,0.0,58.0,13,318,28266,5,1.0
98,1.0,0.0,0.0,1.0,5.0,4,135.0014846701755,185.9942662226078,pobre,basal,1,1500.0,1044.0,0.0,58.0,14,318,28266,5,1.0
97,0.0,0.0,3.484,1.0,7.0,3,147.3055192581566,147.3055192581566,pobre,basal,3,840.0,585.0,1.0,47.0,14,307,28267,7,1.0
98,0.0,0.0,3.484,1.0,8.0,3,147.3055192581566,147.3055192581566,pobre,basal,3,840.0,585.0,1.0,47.0,15,307,28267,7,1.0
97,1.0,0.0,3.484,0.0,6.0,6,147.3055192581566,147.3055192581566,pobre,basal,1,204.16667,509.0,1.0,55.0,14,307,28268,6,0.0
98,1.0,0.0,3.484,0.0,6.0,6,147.3055192581566,147.3055192581566,pobre,basal,1,204.16667,509.0,1.0,55.0,15,307,28268,6,0.0
97,0.0,0.0,3.484,0.0,6.0,6,147.3055192581566,147.3055192581566,pobre,basal,1,204.16667,509.0,1.0,55.0,13,307,28269,6,0.0
98,0.0,0.0,3.484,0.0,6.0,6,147.3055192581566,147.3055192581566,pobre,basal,1,204.16667,509.0,1.0,55.0,14,307,28269,6,0.0
97,0.0,0.0,3.484,0.0,3.0,6,147.3055192581566,147.3055192581566,pobre,basal,1,204.16667,509.0,1.0,55.0,10,307,28270,3,0.0
98,0.0,0.0,3.484,1.0,4.0,6,147.3055192581566,147.3055192581566,pobre,basal,1,204.16667,509.0,1.0,55.0,11,307,28270,3,0.0
97,0.0,0.0,3.484,0.0,6.0,7,147.3055192581566,147.3055192581566,no pobre,basal,0,233.33333,598.0,1.0,49.0,16,307,28271,6,0.0
98,0.0,0.0,3.484,,,7,147.3055192581566,147.3055192581566,no pobre,basal,0,233.33333,598.0,1.0,49.0,17,307,28271,6,0.0
97,1.0,0.0,3.484,1.0,3.0,7,147.3055192581566,147.3055192581566,no pobre,basal,0,233.33333,598.0,1.0,49.0,11,307,28272,3,1.0
98,1.0,0.0,3.484,1.0,3.0,7,147.3055192581566,147.3055192581566,no pobre,basal,0,233.33333,598.0,1.0,49.0,12,307,28272,3,1.0
97,0.0,0.0,3.484,0.0,6.0,10,147.3055192581566,147.3055192581566,pobre,basal,1,0.0,541.0,1.0,64.0,15,307,28273,6,0.0
98,0.0,0.0,3.484,1.0,6.0,10,147.3055192581566,147.3055192581566,pobre,basal,1,0.0,541.0,1.0,64.0,16,307,28273,6,0.0
97,0.0,0.0,3.484,1.0,1.0,5,147.3055192581566,147.3055192581566,no pobre,basal,2,300.0,650.0,1.0,42.0,7,307,28274,1,1.0
98,0.0,0.0,3.484,1.0,2.0,5,147.3055192581566,147.3055192581566,no pobre,basal,2,300.0,650.0,1.0,42.0,8,307,28274,1,1.0
97,0.0,0.0,3.484,1.0,0.0,5,147.3055192581566,147.3055192581566,no pobre,basal,2,300.0,650.0,1.0,42.0,6,307,28275,0,1.0
98,0.0,0.0,3.484,1.0,1.0,5,147.3055192581566,147.3055192581566,no pobre,basal,2,300.0,650.0,1.0,42.0,7,307,28275,0,1.0
97,1.0,0.0,3.484,0.0,6.0,9,147.3055192581566,147.3055192581566,pobre,basal,0,0.0,505.0,1.0,61.0,16,307,28276,6,0.0
98,1.0,0.0,3.484,,,9,147.3055192581566,147.3055192581566,pobre,basal,0,0.0,505.0,1.0,61.0,17,307,28276,6,0.0
97,0.0,0.0,3.484,1.0,5.0,9,147.3055192581566,147.3055192581566,pobre,basal,0,0.0,505.0,1.0,61.0,14,307,28277,5,1.0
98,0.0,0.0,3.484,0.0,6.0,9,147.3055192581566,147.3055192581566,pobre,basal,0,0.0,505.0,1.0,61.0,15,307,28277,5,1.0
97,0.0,0.0,3.484,1.0,4.0,9,147.3055192581566,147.3055192581566,pobre,basal,0,0.0,505.0,1.0,61.0,13,307,28278,4,1.0
98,0.0,0.0,3.484,1.0,5.0,9,147.3055192581566,147.3055192581566,pobre,basal,0,0.0,505.0,1.0,61.0,14,307,28278,4,1.0
97,0.0,0.0,3.484,1.0,3.0,6,147.3055192581566,147.3055192581566,pobre,basal,5,750.0,377.0,1.0,34.0,12,307,28279,3,1.0
98,0.0,0.0,3.484,1.0,4.0,6,147.3055192581566,147.3055192581566,pobre,basal,5,750.0,377.0,1.0,34.0,13,307,28279,3,1.0
97,0.0,0.0,3.484,1.0,1.0,6,147.3055192581566,147.3055192581566,pobre,basal,5,750.0,377.0,1.0,34.0,8,307,28280,1,1.0
98,0.0,0.0,3.484,1.0,2.0,6,147.3055192581566,147.3055192581566,pobre,basal,5,750.0,377.0,1.0,34.0,9,307,28280,1,1.0
97,0.0,0.0,3.484,1.0,0.0,6,147.3055192581566,147.3055192581566,pobre,basal,5,750.0,377.0,1.0,34.0,6,307,28281,0,1.0
98,0.0,0.0,3.484,1.0,0.0,6,147.3055192581566,147.3055192581566,pobre,basal,5,750.0,377.0,1.0,34.0,7,307,28281,0,1.0
97,0.0,0.0,3.484,1.0,3.0,10,147.3055192581566,147.3055192581566,pobre,basal,4,625.0,389.0,1.0,33.0,10,307,28282,3,1.0
98,0.0,0.0,3.484,1.0,3.0,10,147.3055192581566,147.3055192581566,pobre,basal,4,625.0,389.0,1.0,33.0,11,307,28282,3,1.0
97,1.0,0.0,3.484,1.0,2.0,10,147.3055192581566,147.3055192581566,pobre,basal,4,625.0,389.0,1.0,33.0,9,307,28283,2,1.0
98,1.0,0.0,3.484,1.0,1.0,10,147.3055192581566,147.3055192581566,pobre,basal,4,625.0,389.0,1.0,33.0,10,307,28283,2,1.0
97,1.0,0.0,3.484,1.0,1.0,10,147.3055192581566,147.3055192581566,pobre,basal,4,625.0,389.0,1.0,33.0,7,307,28284,1,1.0
98,1.0,0.0,3.484,1.0,1.0,10,147.3055192581566,147.3055192581566,pobre,basal,4,625.0,389.0,1.0,33.0,8,307,28284,1,1.0
97,0.0,0.0,3.484,1.0,4.0,5,147.3055192581566,147.3055192581566,no pobre,basal,3,250.0,619.0,1.0,40.0,10,307,28285,4,1.0
98,0.0,0.0,3.484,1.0,4.0,5,147.3055192581566,147.3055192581566,no pobre,basal,3,250.0,619.0,1.0,40.0,11,307,28285,4,1.0
97,0.0,0.0,0.0,1.0,4.0,6,130.3492088237129,130.3492088237129,pobre,basal,4,833.33331,763.0,1.0,37.0,10,304,28286,4,1.0
98,0.0,0.0,0.0,1.0,5.0,6,130.3492088237129,130.3492088237129,pobre,basal,4,833.33331,763.0,1.0,37.0,11,304,28286,4,1.0
97,1.0,0.0,0.0,1.0,1.0,6,130.3492088237129,130.3492088237129,pobre,basal,4,833.33331,763.0,1.0,37.0,7,304,28287,1,1.0
98,1.0,0.0,0.0,1.0,2.0,6,130.3492088237129,130.3492088237129,pobre,basal,4,833.33331,763.0,1.0,37.0,8,304,28287,1,1.0
97,1.0,0.0,0.0,0.0,8.0,5,130.3492088237129,130.3492088237129,no pobre,basal,4,833.33331,1038.0,1.0,37.0,14,304,28288,8,0.0
98,1.0,0.0,0.0,0.0,8.0,5,130.3492088237129,130.3492088237129,no pobre,basal,4,833.33331,1038.0,1.0,37.0,15,304,28288,8,0.0
97,0.0,0.0,0.0,1.0,3.0,5,130.3492088237129,130.3492088237129,no pobre,basal,4,833.33331,1038.0,1.0,37.0,10,304,28289,3,1.0
98,0.0,0.0,0.0,1.0,4.0,5,130.3492088237129,130.3492088237129,no pobre,basal,4,833.33331,1038.0,1.0,37.0,11,304,28289,3,1.0
97,1.0,0.0,0.0,1.0,6.0,8,130.3492088237129,130.3492088237129,pobre,basal,4,750.0,605.0,1.0,46.0,16,304,28290,6,1.0
98,1.0,0.0,0.0,,,8,130.3492088237129,130.3492088237129,pobre,basal,4,750.0,605.0,1.0,46.0,17,304,28290,6,1.0
97,0.0,0.0,0.0,1.0,2.0,8,130.3492088237129,130.3492088237129,pobre,basal,4,750.0,605.0,1.0,46.0,13,304,28291,2,1.0
98,0.0,0.0,0.0,1.0,3.0,8,130.3492088237129,130.3492088237129,pobre,basal,4,750.0,605.0,1.0,46.0,14,304,28291,2,1.0
97,0.0,0.0,0.0,1.0,2.0,8,130.3492088237129,130.3492088237129,pobre,basal,4,750.0,605.0,1.0,46.0,10,304,28292,2,1.0
98,0.0,0.0,0.0,1.0,3.0,8,130.3492088237129,130.3492088237129,pobre,basal,4,750.0,605.0,1.0,46.0,11,304,28292,2,1.0
97,1.0,0.0,0.0,1.0,1.0,8,130.3492088237129,130.3492088237129,pobre,basal,4,750.0,605.0,1.0,46.0,9,304,28293,1,1.0
98,1.0,0.0,0.0,1.0,2.0,8,130.3492088237129,130.3492088237129,pobre,basal,4,750.0,605.0,1.0,46.0,10,304,28293,1,1.0
97,0.0,0.0,0.0,1.0,0.0,8,130.3492088237129,130.3492088237129,pobre,basal,4,750.0,605.0,1.0,46.0,6,304,28294,0,1.0
98,0.0,0.0,0.0,1.0,1.0,8,130.3492088237129,130.3492088237129,pobre,basal,4,750.0,605.0,1.0,46.0,7,304,28294,0,1.0
97,0.0,0.0,0.0,1.0,7.0,7,130.3492088237129,130.3492088237129,pobre,basal,9,666.66669,659.0,1.0,37.0,14,304,28295,7,1.0
98,0.0,0.0,0.0,1.0,8.0,7,130.3492088237129,130.3492088237129,pobre,basal,9,666.66669,659.0,1.0,37.0,15,304,28295,7,1.0
97,0.0,0.0,0.0,1.0,5.0,7,130.3492088237129,130.3492088237129,pobre,basal,9,666.66669,659.0,1.0,37.0,12,304,28296,5,1.0
98,0.0,0.0,0.0,1.0,6.0,7,130.3492088237129,130.3492088237129,pobre,basal,9,666.66669,659.0,1.0,37.0,13,304,28296,5,1.0
97,1.0,0.0,0.0,1.0,3.0,7,130.3492088237129,130.3492088237129,pobre,basal,9,666.66669,659.0,1.0,37.0,10,304,28297,3,1.0
98,1.0,0.0,0.0,1.0,4.0,7,130.3492088237129,130.3492088237129,pobre,basal,9,666.66669,659.0,1.0,37.0,11,304,28297,3,1.0
97,1.0,0.0,0.0,1.0,0.0,7,130.3492088237129,130.3492088237129,pobre,basal,9,666.66669,659.0,1.0,37.0,6,304,28298,0,1.0
98,1.0,0.0,0.0,1.0,1.0,7,130.3492088237129,130.3492088237129,pobre,basal,9,666.66669,659.0,1.0,37.0,7,304,28298,0,1.0
97,1.0,0.0,0.0,0.0,6.0,3,130.3492088237129,130.3492088237129,pobre,basal,0,1000.0,811.0,1.0,50.0,15,304,28299,6,0.0
98,1.0,0.0,0.0,0.0,6.0,3,130.3492088237129,130.3492088237129,pobre,basal,0,1000.0,811.0,1.0,50.0,16,304,28299,6,0.0
97,0.0,0.0,0.0,1.0,1.0,5,130.3492088237129,130.3492088237129,pobre,basal,5,583.33331,682.0,1.0,29.0,7,304,28300,1,1.0
98,0.0,0.0,0.0,1.0,1.0,5,130.3492088237129,130.3492088237129,pobre,basal,5,583.33331,682.0,1.0,29.0,8,304,28300,1,1.0
97,1.0,1.0,0.0,1.0,7.0,6,130.3492088237129,130.3492088237129,no pobre,basal,0,833.33331,1170.0,1.0,44.0,14,304,28301,7,1.0
98,1.0,1.0,0.0,1.0,8.0,6,130.3492088237129,130.3492088237129,no pobre,basal,0,833.33331,1170.0,1.0,44.0,15,304,28301,7,1.0
97,0.0,0.0,0.0,1.0,3.0,6,130.3492088237129,130.3492088237129,no pobre,basal,0,833.33331,1170.0,1.0,44.0,10,304,28302,3,1.0
98,0.0,0.0,0.0,1.0,4.0,6,130.3492088237129,130.3492088237129,no pobre,basal,0,833.33331,1170.0,1.0,44.0,11,304,28302,3,1.0
97,0.0,0.0,0.0,1.0,3.0,5,63.70898410365656,63.70898410365656,pobre,0,8,800.0,742.0,1.0,37.0,10,341,28303,3,1.0
98,0.0,0.0,0.0,1.0,4.0,5,63.70898410365656,63.70898410365656,pobre,0,8,800.0,742.0,1.0,37.0,11,341,28303,3,1.0
97,1.0,0.0,0.0,1.0,3.0,5,63.70898410365656,63.70898410365656,pobre,0,8,800.0,742.0,1.0,37.0,9,341,28304,3,1.0
98,1.0,0.0,0.0,1.0,4.0,5,63.70898410365656,63.70898410365656,pobre,0,8,800.0,742.0,1.0,37.0,10,341,28304,3,1.0
97,1.0,0.0,0.0,0.0,6.0,3,63.70898410365656,63.70898410365656,pobre,0,2,0.0,939.0,0.0,55.0,16,341,28305,6,0.0
98,1.0,0.0,0.0,,,3,63.70898410365656,63.70898410365656,pobre,0,2,0.0,939.0,0.0,55.0,17,341,28305,6,0.0
97,1.0,0.0,0.0,0.0,9.0,3,63.70898410365656,63.70898410365656,pobre,0,0,166.66667,952.5,1.0,69.0,16,341,28306,9,0.0
98,1.0,0.0,0.0,,,3,63.70898410365656,63.70898410365656,pobre,0,0,166.66667,952.5,1.0,69.0,17,341,28306,9,0.0
97,0.0,0.0,0.0,0.0,9.0,4,63.70898410365656,63.70898410365656,pobre,0,0,158.33333,945.0,1.0,59.0,16,341,28307,9,0.0
98,0.0,0.0,0.0,,,4,63.70898410365656,63.70898410365656,pobre,0,0,158.33333,945.0,1.0,59.0,17,341,28307,9,0.0
97,1.0,0.0,0.0,1.0,5.0,4,63.70898410365656,63.70898410365656,pobre,0,6,0.0,820.0,1.0,86.0,12,341,28308,5,1.0
98,1.0,0.0,0.0,1.0,6.0,4,63.70898410365656,63.70898410365656,pobre,0,6,0.0,820.0,1.0,86.0,13,341,28308,5,1.0
97,0.0,0.0,0.0,0.0,9.0,3,63.70898410365656,63.70898410365656,no pobre,0,9,0.0,1181.0,0.0,15.0,15,341,28309,9,0.0
98,0.0,0.0,0.0,,,3,63.70898410365656,63.70898410365656,no pobre,0,9,0.0,1181.0,0.0,15.0,16,341,28309,9,0.0
97,0.0,0.0,0.0,1.0,1.0,3,63.70898410365656,63.70898410365656,no pobre,0,9,0.0,1181.0,0.0,15.0,7,341,28310,1,1.0
98,0.0,0.0,0.0,,,3,63.70898410365656,63.70898410365656,no pobre,0,9,0.0,1181.0,0.0,15.0,8,341,28310,1,1.0
97,0.0,0.0,0.0,1.0,3.0,3,63.70898410365656,63.70898410365656,no pobre,0,9,0.0,1181.0,0.0,15.0,10,341,28311,3,1.0
98,0.0,0.0,0.0,,,3,63.70898410365656,63.70898410365656,no pobre,0,9,0.0,1181.0,0.0,15.0,11,341,28311,3,1.0
97,0.0,0.0,0.0,1.0,5.0,7,63.70898410365656,63.70898410365656,pobre,0,4,1200.0,911.5,1.0,43.0,13,341,28312,5,1.0
98,0.0,0.0,0.0,1.0,6.0,7,63.70898410365656,63.70898410365656,pobre,0,4,1200.0,911.5,1.0,43.0,14,341,28312,5,1.0
97,0.0,0.0,0.0,1.0,4.0,7,63.70898410365656,63.70898410365656,pobre,0,4,1200.0,911.5,1.0,43.0,11,341,28313,4,1.0
98,0.0,0.0,0.0,1.0,5.0,7,63.70898410365656,63.70898410365656,pobre,0,4,1200.0,911.5,1.0,43.0,12,341,28313,4,1.0
97,0.0,0.0,0.0,1.0,0.0,7,63.70898410365656,63.70898410365656,pobre,0,4,1200.0,911.5,1.0,43.0,7,341,28314,0,1.0
98,0.0,0.0,0.0,1.0,1.0,7,63.70898410365656,63.70898410365656,pobre,0,4,1200.0,911.5,1.0,43.0,8,341,28314,0,1.0
97,0.0,0.0,0.0,1.0,2.0,7,63.70898410365656,63.70898410365656,pobre,0,9,600.0,635.0,1.0,28.0,8,341,28315,2,1.0
98,0.0,0.0,0.0,1.0,1.0,7,63.70898410365656,63.70898410365656,pobre,0,9,600.0,635.0,1.0,28.0,9,341,28315,2,1.0
97,0.0,0.0,0.0,1.0,0.0,7,63.70898410365656,63.70898410365656,pobre,0,9,600.0,635.0,1.0,28.0,6,341,28316,0,1.0
98,0.0,0.0,0.0,1.0,0.0,7,63.70898410365656,63.70898410365656,pobre,0,9,600.0,635.0,1.0,28.0,7,341,28316,0,1.0
97,0.0,0.0,0.0,1.0,0.0,5,63.70898410365656,63.70898410365656,pobre,0,3,500.0,759.0,1.0,32.0,6,341,28317,0,1.0
98,0.0,0.0,0.0,,,5,63.70898410365656,63.70898410365656,pobre,0,3,500.0,759.0,1.0,32.0,7,341,28317,0,1.0
97,1.0,0.0,0.0,0.0,6.0,6,63.70898410365656,63.70898410365656,pobre,0,0,625.0,705.0,1.0,48.0,15,341,28318,6,0.0
98,1.0,0.0,0.0,0.0,6.0,6,63.70898410365656,63.70898410365656,pobre,0,0,625.0,705.0,1.0,48.0,16,341,28318,6,0.0
97,1.0,0.0,0.0,1.0,3.0,6,63.70898410365656,63.70898410365656,pobre,0,0,625.0,705.0,1.0,48.0,13,341,28319,3,1.0
98,1.0,0.0,0.0,1.0,4.0,6,63.70898410365656,63.70898410365656,pobre,0,0,625.0,705.0,1.0,48.0,14,341,28319,3,1.0
97,0.0,0.0,0.0,1.0,4.0,6,63.70898410365656,63.70898410365656,pobre,0,0,625.0,705.0,1.0,48.0,11,341,28320,4,1.0
98,0.0,0.0,0.0,1.0,5.0,6,63.70898410365656,63.70898410365656,pobre,0,0,625.0,705.0,1.0,48.0,12,341,28320,4,1.0
97,0.0,0.0,0.0,0.0,9.0,9,63.70898410365656,63.70898410365656,no pobre,0,3,0.0,1171.5,1.0,51.0,15,341,28321,9,0.0
98,0.0,0.0,0.0,0.0,9.0,9,63.70898410365656,63.70898410365656,no pobre,0,3,0.0,1171.5,1.0,51.0,16,341,28321,9,0.0
97,1.0,0.0,0.0,1.0,5.0,9,63.70898410365656,63.70898410365656,no pobre,0,3,0.0,1171.5,1.0,51.0,13,341,28322,5,1.0
98,1.0,0.0,0.0,1.0,6.0,9,63.70898410365656,63.70898410365656,no pobre,0,3,0.0,1171.5,1.0,51.0,14,341,28322,5,1.0
97,1.0,0.0,0.0,1.0,4.0,9,63.70898410365656,63.70898410365656,no pobre,0,3,0.0,1171.5,1.0,51.0,12,341,28323,4,1.0
98,1.0,0.0,0.0,1.0,5.0,9,63.70898410365656,63.70898410365656,no pobre,0,3,0.0,1171.5,1.0,51.0,13,341,28323,4,1.0
97,0.0,0.0,0.0,1.0,2.0,9,63.70898410365656,63.70898410365656,no pobre,0,3,0.0,1171.5,1.0,51.0,10,341,28324,2,1.0
98,0.0,0.0,0.0,1.0,3.0,9,63.70898410365656,63.70898410365656,no pobre,0,3,0.0,1171.5,1.0,51.0,11,341,28324,2,1.0
97,1.0,0.0,0.0,1.0,5.0,8,63.70898410365656,63.70898410365656,no pobre,0,2,0.0,951.0,0.0,80.0,12,341,28325,5,1.0
98,1.0,0.0,0.0,1.0,6.0,8,63.70898410365656,63.70898410365656,no pobre,0,2,0.0,951.0,0.0,80.0,13,341,28325,5,1.0
97,1.0,0.0,0.0,1.0,5.0,8,63.70898410365656,63.70898410365656,no pobre,0,2,0.0,951.0,0.0,80.0,11,341,28326,5,1.0
98,1.0,0.0,0.0,1.0,6.0,8,63.70898410365656,63.70898410365656,no pobre,0,2,0.0,951.0,0.0,80.0,12,341,28326,5,1.0
97,1.0,0.0,0.0,1.0,3.0,8,63.70898410365656,63.70898410365656,no pobre,0,2,0.0,951.0,0.0,80.0,9,341,28327,3,1.0
98,1.0,0.0,0.0,1.0,4.0,8,63.70898410365656,63.70898410365656,no pobre,0,2,0.0,951.0,0.0,80.0,10,341,28327,3,1.0
97,1.0,0.0,0.0,1.0,0.0,8,63.70898410365656,63.70898410365656,no pobre,0,2,0.0,951.0,0.0,80.0,6,341,28328,0,1.0
98,1.0,0.0,0.0,1.0,1.0,8,63.70898410365656,63.70898410365656,no pobre,0,2,0.0,951.0,0.0,80.0,7,341,28328,0,1.0
97,0.0,0.0,0.0,1.0,7.0,4,63.70898410365656,63.70898410365656,no pobre,0,3,1250.0,960.0,1.0,55.0,12,341,28329,7,1.0
98,0.0,0.0,0.0,1.0,7.0,4,63.70898410365656,63.70898410365656,no pobre,0,3,1250.0,960.0,1.0,55.0,13,341,28329,7,1.0
97,0.0,0.0,0.0,1.0,5.0,4,63.70898410365656,63.70898410365656,no pobre,0,3,1250.0,960.0,1.0,55.0,10,341,28330,5,1.0
98,0.0,0.0,0.0,1.0,5.0,4,63.70898410365656,63.70898410365656,no pobre,0,3,1250.0,960.0,1.0,55.0,11,341,28330,5,1.0
97,1.0,0.0,0.0,1.0,9.0,2,63.70898410365656,63.70898410365656,pobre,0,6,375.0,862.0,0.0,42.0,16,341,28331,9,1.0
98,1.0,0.0,0.0,,,2,63.70898410365656,63.70898410365656,pobre,0,6,375.0,862.0,0.0,42.0,17,341,28331,9,1.0
97,0.0,0.0,0.0,0.0,9.0,7,63.70898410365656,63.70898410365656,no pobre,0,3,500.0,930.0,1.0,49.0,16,341,28332,9,0.0
98,0.0,0.0,0.0,,,7,63.70898410365656,63.70898410365656,no pobre,0,3,500.0,930.0,1.0,49.0,17,341,28332,9,0.0
97,0.0,0.0,0.0,1.0,6.0,7,63.70898410365656,63.70898410365656,no pobre,0,3,500.0,930.0,1.0,49.0,13,341,28333,6,1.0
98,0.0,0.0,0.0,1.0,6.0,7,63.70898410365656,63.70898410365656,no pobre,0,3,500.0,930.0,1.0,49.0,14,341,28333,6,1.0
97,0.0,0.0,0.0,1.0,5.0,7,63.70898410365656,63.70898410365656,no pobre,0,3,500.0,930.0,1.0,49.0,10,341,28334,5,1.0
98,0.0,0.0,0.0,1.0,5.0,7,63.70898410365656,63.70898410365656,no pobre,0,3,500.0,930.0,1.0,49.0,11,341,28334,5,1.0
97,0.0,0.0,0.0,1.0,2.0,7,63.70898410365656,63.70898410365656,no pobre,0,3,500.0,930.0,1.0,49.0,8,341,28335,2,1.0
98,0.0,0.0,0.0,1.0,2.0,7,63.70898410365656,63.70898410365656,no pobre,0,3,500.0,930.0,1.0,49.0,9,341,28335,2,1.0
97,0.0,0.0,0.0,1.0,1.0,7,63.70898410365656,63.70898410365656,no pobre,0,3,500.0,930.0,1.0,49.0,6,341,28336,1,1.0
98,0.0,0.0,0.0,1.0,1.0,7,63.70898410365656,63.70898410365656,no pobre,0,3,500.0,930.0,1.0,49.0,7,341,28336,1,1.0
97,1.0,0.0,0.0,1.0,5.0,5,63.70898410365656,63.70898410365656,pobre,0,3,750.0,764.0,1.0,46.0,11,341,28337,5,1.0
98,1.0,0.0,0.0,1.0,5.0,5,63.70898410365656,63.70898410365656,pobre,0,3,750.0,764.0,1.0,46.0,12,341,28337,5,1.0
97,0.0,0.0,0.0,1.0,4.0,5,63.70898410365656,63.70898410365656,pobre,0,3,750.0,764.0,1.0,46.0,10,341,28338,4,1.0
98,0.0,0.0,0.0,1.0,4.0,5,63.70898410365656,63.70898410365656,pobre,0,3,750.0,764.0,1.0,46.0,11,341,28338,4,1.0
97,0.0,0.0,0.0,1.0,6.0,7,63.70898410365656,63.70898410365656,pobre,0,0,0.0,625.0,1.0,84.0,14,341,28339,6,1.0
98,0.0,0.0,0.0,,,7,63.70898410365656,63.70898410365656,pobre,0,0,0.0,625.0,1.0,84.0,15,341,28339,6,1.0
97,0.0,0.0,0.0,1.0,3.0,5,63.70898410365656,63.70898410365656,pobre,0,6,625.0,687.0,1.0,30.0,8,341,28340,3,1.0
98,0.0,0.0,0.0,1.0,3.0,5,63.70898410365656,63.70898410365656,pobre,0,6,625.0,687.0,1.0,30.0,9,341,28340,3,1.0
97,0.0,0.0,0.0,1.0,1.0,5,63.70898410365656,63.70898410365656,pobre,0,6,625.0,687.0,1.0,30.0,6,341,28341,1,1.0
98,0.0,0.0,0.0,1.0,1.0,5,63.70898410365656,63.70898410365656,pobre,0,6,625.0,687.0,1.0,30.0,7,341,28341,1,1.0
97,1.0,0.0,0.0,1.0,7.0,9,63.70898410365656,63.70898410365656,pobre,0,0,0.0,526.33099,1.0,46.0,15,341,28342,7,1.0
98,1.0,0.0,0.0,1.0,8.0,9,63.70898410365656,63.70898410365656,pobre,0,0,0.0,526.33099,1.0,46.0,16,341,28342,7,1.0
97,0.0,0.0,0.0,1.0,6.0,9,63.70898410365656,63.70898410365656,pobre,0,0,0.0,526.33099,1.0,46.0,13,341,28343,6,1.0
98,0.0,0.0,0.0,,,9,63.70898410365656,63.70898410365656,pobre,0,0,0.0,526.33099,1.0,46.0,14,341,28343,6,1.0
97,1.0,0.0,0.0,1.0,6.0,9,63.70898410365656,63.70898410365656,pobre,0,0,0.0,526.33099,1.0,46.0,10,341,28344,6,1.0
98,1.0,0.0,0.0,1.0,2.0,9,63.70898410365656,63.70898410365656,pobre,0,0,0.0,526.33099,1.0,46.0,11,341,28344,6,1.0
97,0.0,0.0,0.0,1.0,3.0,9,63.70898410365656,63.70898410365656,pobre,0,0,0.0,526.33099,1.0,46.0,7,341,28345,3,1.0
98,0.0,0.0,0.0,1.0,3.0,9,63.70898410365656,63.70898410365656,pobre,0,0,0.0,526.33099,1.0,46.0,8,341,28345,3,1.0
97,1.0,0.0,0.0,1.0,3.0,7,63.70898410365656,63.70898410365656,pobre,0,3,750.0,733.5,1.0,45.0,9,341,28346,3,1.0
98,1.0,0.0,0.0,1.0,4.0,7,63.70898410365656,63.70898410365656,pobre,0,3,750.0,733.5,1.0,45.0,10,341,28346,3,1.0
97,0.0,0.0,0.0,1.0,0.0,7,63.70898410365656,63.70898410365656,pobre,0,3,750.0,733.5,1.0,45.0,8,341,28347,0,1.0
98,0.0,0.0,0.0,1.0,3.0,7,63.70898410365656,63.70898410365656,pobre,0,3,750.0,733.5,1.0,45.0,9,341,28347,0,1.0
97,0.0,0.0,0.0,1.0,4.0,7,63.70898410365656,63.70898410365656,pobre,0,3,750.0,642.0,1.0,36.0,13,341,28348,4,1.0
98,0.0,0.0,0.0,1.0,5.0,7,63.70898410365656,63.70898410365656,pobre,0,3,750.0,642.0,1.0,36.0,14,341,28348,4,1.0
97,1.0,0.0,0.0,1.0,2.0,7,63.70898410365656,63.70898410365656,pobre,0,3,750.0,642.0,1.0,36.0,11,341,28349,2,1.0
98,1.0,0.0,0.0,1.0,2.0,7,63.70898410365656,63.70898410365656,pobre,0,3,750.0,642.0,1.0,36.0,12,341,28349,2,1.0
97,1.0,0.0,0.0,1.0,1.0,7,63.70898410365656,63.70898410365656,pobre,0,3,750.0,642.0,1.0,36.0,11,341,28350,1,1.0
98,1.0,0.0,0.0,1.0,2.0,7,63.70898410365656,63.70898410365656,pobre,0,3,750.0,642.0,1.0,36.0,12,341,28350,1,1.0
97,1.0,0.0,0.0,1.0,2.0,7,63.70898410365656,63.70898410365656,pobre,0,3,750.0,642.0,1.0,36.0,9,341,28351,2,1.0
98,1.0,0.0,0.0,1.0,2.0,7,63.70898410365656,63.70898410365656,pobre,0,3,750.0,642.0,1.0,36.0,10,341,28351,2,1.0
97,1.0,0.0,0.0,1.0,0.0,7,63.70898410365656,63.70898410365656,pobre,0,3,750.0,642.0,1.0,36.0,6,341,28352,0,1.0
98,1.0,0.0,0.0,1.0,0.0,7,63.70898410365656,63.70898410365656,pobre,0,3,750.0,642.0,1.0,36.0,7,341,28352,0,1.0
97,1.0,0.0,0.0,0.0,9.0,3,63.70898410365656,63.70898410365656,pobre,0,9,1250.0,928.0,1.0,22.0,16,341,28353,9,0.0
98,1.0,0.0,0.0,,,3,63.70898410365656,63.70898410365656,pobre,0,9,1250.0,928.0,1.0,22.0,17,341,28353,9,0.0
97,0.0,0.0,0.0,1.0,8.0,8,63.70898410365656,63.70898410365656,pobre,0,9,500.0,779.0,0.0,31.0,14,341,28354,8,1.0
98,0.0,0.0,0.0,0.0,9.0,8,63.70898410365656,63.70898410365656,pobre,0,9,500.0,779.0,0.0,31.0,15,341,28354,8,1.0
97,0.0,0.0,0.0,1.0,8.0,8,63.70898410365656,63.70898410365656,pobre,0,9,500.0,779.0,0.0,31.0,13,341,28355,8,1.0
98,0.0,0.0,0.0,1.0,8.0,8,63.70898410365656,63.70898410365656,pobre,0,9,500.0,779.0,0.0,31.0,14,341,28355,8,1.0
97,0.0,0.0,0.0,1.0,5.0,8,63.70898410365656,63.70898410365656,pobre,0,9,500.0,779.0,0.0,31.0,11,341,28356,5,1.0
98,0.0,0.0,0.0,1.0,6.0,8,63.70898410365656,63.70898410365656,pobre,0,9,500.0,779.0,0.0,31.0,12,341,28356,5,1.0
97,1.0,0.0,0.0,1.0,2.0,8,63.70898410365656,63.70898410365656,pobre,0,9,500.0,779.0,0.0,31.0,9,341,28357,2,1.0
98,1.0,0.0,0.0,1.0,3.0,8,63.70898410365656,63.70898410365656,pobre,0,9,500.0,779.0,0.0,31.0,10,341,28357,2,1.0
97,0.0,0.0,0.0,0.0,9.0,9,63.70898410365656,63.70898410365656,pobre,0,4,500.0,762.0,1.0,50.0,16,341,28358,9,0.0
98,0.0,0.0,0.0,,,9,63.70898410365656,63.70898410365656,pobre,0,4,500.0,762.0,1.0,50.0,17,341,28358,9,0.0
97,1.0,0.0,0.0,1.0,4.0,9,63.70898410365656,63.70898410365656,pobre,0,4,500.0,762.0,1.0,50.0,12,341,28359,4,1.0
98,1.0,0.0,0.0,1.0,5.0,9,63.70898410365656,63.70898410365656,pobre,0,4,500.0,762.0,1.0,50.0,13,341,28359,4,1.0
97,0.0,0.0,0.0,1.0,2.0,9,63.70898410365656,63.70898410365656,pobre,0,4,500.0,762.0,1.0,50.0,9,341,28360,2,1.0
98,0.0,0.0,0.0,1.0,3.0,9,63.70898410365656,63.70898410365656,pobre,0,4,500.0,762.0,1.0,50.0,10,341,28360,2,1.0
97,0.0,0.0,0.0,1.0,1.0,9,63.70898410365656,63.70898410365656,pobre,0,4,500.0,762.0,1.0,50.0,7,341,28361,1,1.0
98,0.0,0.0,0.0,1.0,2.0,9,63.70898410365656,63.70898410365656,pobre,0,4,500.0,762.0,1.0,50.0,8,341,28361,1,1.0
97,0.0,0.0,0.0,1.0,2.0,6,63.70898410365656,63.70898410365656,pobre,0,0,583.33331,990.0,1.0,54.0,9,341,28362,2,1.0
98,0.0,0.0,0.0,1.0,3.0,6,63.70898410365656,63.70898410365656,pobre,0,0,583.33331,990.0,1.0,54.0,10,341,28362,2,1.0
97,0.0,0.0,0.0,1.0,0.0,6,63.70898410365656,63.70898410365656,pobre,0,0,583.33331,990.0,1.0,54.0,7,341,28363,0,1.0
98,0.0,0.0,0.0,1.0,1.0,6,63.70898410365656,63.70898410365656,pobre,0,0,583.33331,990.0,1.0,54.0,8,341,28363,0,1.0
97,1.0,0.0,0.0,1.0,3.0,6,63.70898410365656,63.70898410365656,pobre,0,0,0.0,816.0,1.0,88.0,11,341,28364,3,1.0
98,1.0,0.0,0.0,1.0,1.0,6,63.70898410365656,63.70898410365656,pobre,0,0,0.0,816.0,1.0,88.0,12,341,28364,3,1.0
97,0.0,0.0,0.0,1.0,4.0,6,63.70898410365656,63.70898410365656,pobre,0,0,750.0,800.0,1.0,52.0,10,341,28365,4,1.0
98,0.0,0.0,0.0,1.0,5.0,6,63.70898410365656,63.70898410365656,pobre,0,0,750.0,800.0,1.0,52.0,11,341,28365,4,1.0
97,0.0,0.0,0.0,1.0,1.0,6,63.70898410365656,63.70898410365656,pobre,0,0,750.0,800.0,1.0,52.0,7,341,28366,1,1.0
98,0.0,0.0,0.0,1.0,2.0,6,63.70898410365656,63.70898410365656,pobre,0,0,750.0,800.0,1.0,52.0,8,341,28366,1,1.0
97,1.0,0.0,0.0,1.0,0.0,6,63.70898410365656,63.70898410365656,pobre,0,0,750.0,800.0,1.0,52.0,6,341,28367,0,1.0
98,1.0,0.0,0.0,1.0,2.0,6,63.70898410365656,63.70898410365656,pobre,0,0,750.0,800.0,1.0,52.0,7,341,28367,0,1.0
97,0.0,0.0,0.0,1.0,3.0,4,63.70898410365656,63.70898410365656,pobre,0,6,800.0,1104.0,1.0,41.0,9,341,28368,3,1.0
98,0.0,0.0,0.0,1.0,4.0,4,63.70898410365656,63.70898410365656,pobre,0,6,800.0,1104.0,1.0,41.0,10,341,28368,3,1.0
97,0.0,0.0,0.0,1.0,0.0,4,63.70898410365656,63.70898410365656,pobre,0,6,800.0,1104.0,1.0,41.0,6,341,28369,0,1.0
98,0.0,0.0,0.0,1.0,1.0,4,63.70898410365656,63.70898410365656,pobre,0,6,800.0,1104.0,1.0,41.0,7,341,28369,0,1.0
97,0.0,0.0,0.0,1.0,2.0,4,63.70898410365656,63.70898410365656,pobre,0,0,800.0,1103.0,1.0,60.0,9,341,28370,2,1.0
98,0.0,0.0,0.0,1.0,3.0,4,63.70898410365656,63.70898410365656,pobre,0,0,800.0,1103.0,1.0,60.0,10,341,28370,2,1.0
97,1.0,0.0,0.0,1.0,1.0,4,63.70898410365656,63.70898410365656,pobre,0,0,800.0,1103.0,1.0,60.0,7,341,28371,1,1.0
98,1.0,0.0,0.0,1.0,2.0,4,63.70898410365656,63.70898410365656,pobre,0,0,800.0,1103.0,1.0,60.0,8,341,28371,1,1.0
97,0.0,0.0,0.0,0.0,9.0,3,63.70898410365656,63.70898410365656,no pobre,0,4,583.33331,1278.0,1.0,59.0,16,341,28372,9,0.0
98,0.0,0.0,0.0,,,3,63.70898410365656,63.70898410365656,no pobre,0,4,583.33331,1278.0,1.0,59.0,17,341,28372,9,0.0
97,0.0,0.0,0.0,1.0,7.0,4,63.70898410365656,63.70898410365656,no pobre,0,0,800.0,1156.0,1.0,56.0,13,341,28373,7,1.0
98,0.0,0.0,0.0,1.0,8.0,4,63.70898410365656,63.70898410365656,no pobre,0,0,800.0,1156.0,1.0,56.0,14,341,28373,7,1.0
97,1.0,0.0,0.0,1.0,6.0,6,63.70898410365656,63.70898410365656,pobre,0,6,750.0,825.0,1.0,33.0,12,341,28374,6,1.0
98,1.0,0.0,0.0,1.0,7.0,6,63.70898410365656,63.70898410365656,pobre,0,6,750.0,825.0,1.0,33.0,13,341,28374,6,1.0
97,1.0,0.0,0.0,1.0,5.0,6,63.70898410365656,63.70898410365656,pobre,0,6,750.0,825.0,1.0,33.0,10,341,28375,5,1.0
98,1.0,0.0,0.0,1.0,6.0,6,63.70898410365656,63.70898410365656,pobre,0,6,750.0,825.0,1.0,33.0,11,341,28375,5,1.0
97,1.0,0.0,0.0,0.0,9.0,4,63.70898410365656,63.70898410365656,no pobre,0,3,333.33334,1207.0,1.0,45.0,15,341,28376,9,0.0
98,1.0,0.0,0.0,0.0,9.0,4,63.70898410365656,63.70898410365656,no pobre,0,3,333.33334,1207.0,1.0,45.0,16,341,28376,9,0.0
97,0.0,0.0,0.0,0.0,8.0,7,63.70898410365656,63.70898410365656,no pobre,0,6,1500.0,913.0,1.0,47.0,15,341,28377,8,0.0
98,0.0,0.0,0.0,0.0,9.0,7,63.70898410365656,63.70898410365656,no pobre,0,6,1500.0,913.0,1.0,47.0,16,341,28377,8,0.0
97,0.0,0.0,0.0,1.0,7.0,7,63.70898410365656,63.70898410365656,no pobre,0,6,1500.0,913.0,1.0,47.0,13,341,28378,7,1.0
98,0.0,0.0,0.0,1.0,8.0,7,63.70898410365656,63.70898410365656,no pobre,0,6,1500.0,913.0,1.0,47.0,14,341,28378,7,1.0
97,1.0,0.0,0.0,1.0,5.0,7,63.70898410365656,63.70898410365656,no pobre,0,6,1500.0,913.0,1.0,47.0,12,341,28379,5,1.0
98,1.0,0.0,0.0,1.0,6.0,7,63.70898410365656,63.70898410365656,no pobre,0,6,1500.0,913.0,1.0,47.0,13,341,28379,5,1.0
97,1.0,0.0,0.0,1.0,9.0,3,63.70898410365656,63.70898410365656,no pobre,0,2,0.0,1172.0,0.0,57.0,15,341,28380,9,1.0
98,1.0,0.0,0.0,0.0,9.0,3,63.70898410365656,63.70898410365656,no pobre,0,2,0.0,1172.0,0.0,57.0,16,341,28380,9,1.0
97,1.0,0.0,0.0,1.0,8.0,4,63.70898410365656,63.70898410365656,no pobre,0,1,750.0,1094.0,1.0,48.0,14,341,28381,8,1.0
98,1.0,0.0,0.0,0.0,9.0,4,63.70898410365656,63.70898410365656,no pobre,0,1,750.0,1094.0,1.0,48.0,15,341,28381,8,1.0
97,0.0,0.0,0.0,1.0,1.0,4,63.70898410365656,63.70898410365656,no pobre,0,1,750.0,1094.0,1.0,48.0,8,341,28382,1,1.0
98,0.0,0.0,0.0,1.0,2.0,4,63.70898410365656,63.70898410365656,no pobre,0,1,750.0,1094.0,1.0,48.0,9,341,28382,1,1.0
97,0.0,0.0,0.0,1.0,2.0,13,63.70898410365656,63.70898410365656,pobre,0,0,625.0,787.75,1.0,52.0,8,341,28383,2,1.0
98,0.0,0.0,0.0,1.0,2.0,13,63.70898410365656,63.70898410365656,pobre,0,0,625.0,787.75,1.0,52.0,9,341,28383,2,1.0
97,0.0,0.0,0.0,1.0,4.0,13,63.70898410365656,63.70898410365656,pobre,0,0,625.0,787.75,1.0,52.0,11,341,28384,4,1.0
98,0.0,0.0,0.0,1.0,5.0,13,63.70898410365656,63.70898410365656,pobre,0,0,625.0,787.75,1.0,52.0,12,341,28384,4,1.0
97,1.0,0.0,0.0,1.0,6.0,13,63.70898410365656,63.70898410365656,pobre,0,0,625.0,787.75,1.0,52.0,15,341,28385,6,1.0
98,1.0,0.0,0.0,1.0,7.0,13,63.70898410365656,63.70898410365656,pobre,0,0,625.0,787.75,1.0,52.0,16,341,28385,6,1.0
97,1.0,0.0,0.0,1.0,6.0,13,63.70898410365656,63.70898410365656,pobre,0,0,625.0,787.75,1.0,52.0,14,341,28386,6,1.0
98,1.0,0.0,0.0,1.0,7.0,13,63.70898410365656,63.70898410365656,pobre,0,0,625.0,787.75,1.0,52.0,15,341,28386,6,1.0
97,1.0,0.0,0.0,1.0,8.0,4,63.70898410365656,63.70898410365656,no pobre,0,0,0.0,1201.0,1.0,60.0,15,341,28387,8,1.0
98,1.0,0.0,0.0,0.0,9.0,4,63.70898410365656,63.70898410365656,no pobre,0,0,0.0,1201.0,1.0,60.0,16,341,28387,8,1.0
97,0.0,0.0,0.0,1.0,9.0,5,63.70898410365656,63.70898410365656,pobre,0,3,750.0,763.0,1.0,38.0,16,341,28388,9,1.0
98,0.0,0.0,0.0,,,5,63.70898410365656,63.70898410365656,pobre,0,3,750.0,763.0,1.0,38.0,17,341,28388,9,1.0
97,1.0,0.0,0.0,1.0,7.0,5,63.70898410365656,63.70898410365656,pobre,0,3,750.0,763.0,1.0,38.0,13,341,28389,7,1.0
98,1.0,0.0,0.0,1.0,8.0,5,63.70898410365656,63.70898410365656,pobre,0,3,750.0,763.0,1.0,38.0,14,341,28389,7,1.0
97,1.0,0.0,0.0,1.0,5.0,5,63.70898410365656,63.70898410365656,pobre,0,3,750.0,763.0,1.0,38.0,11,341,28390,5,1.0
98,1.0,0.0,0.0,1.0,6.0,5,63.70898410365656,63.70898410365656,pobre,0,3,750.0,763.0,1.0,38.0,12,341,28390,5,1.0
97,0.0,0.0,0.0,0.0,9.0,6,63.70898410365656,63.70898410365656,no pobre,0,4,33.333332,1067.0,1.0,45.0,16,341,28391,9,0.0
98,0.0,0.0,0.0,,,6,63.70898410365656,63.70898410365656,no pobre,0,4,33.333332,1067.0,1.0,45.0,17,341,28391,9,0.0
97,0.0,0.0,0.0,1.0,7.0,6,63.70898410365656,63.70898410365656,no pobre,0,4,33.333332,1067.0,1.0,45.0,14,341,28392,7,1.0
98,0.0,0.0,0.0,1.0,8.0,6,63.70898410365656,63.70898410365656,no pobre,0,4,33.333332,1067.0,1.0,45.0,15,341,28392,7,1.0
97,0.0,0.0,0.0,1.0,6.0,6,63.70898410365656,63.70898410365656,no pobre,0,4,33.333332,1067.0,1.0,45.0,12,341,28393,6,1.0
98,0.0,0.0,0.0,1.0,7.0,6,63.70898410365656,63.70898410365656,no pobre,0,4,33.333332,1067.0,1.0,45.0,13,341,28393,6,1.0
97,0.0,0.0,0.0,1.0,2.0,3,63.70898410365656,63.70898410365656,pobre,0,3,0.0,896.0,0.0,51.0,8,341,28394,2,1.0
98,0.0,0.0,0.0,1.0,3.0,3,63.70898410365656,63.70898410365656,pobre,0,3,0.0,896.0,0.0,51.0,9,341,28394,2,1.0
97,0.0,0.0,0.0,1.0,8.0,7,63.70898410365656,63.70898410365656,pobre,0,3,625.0,769.0,1.0,43.0,14,341,28395,8,1.0
98,0.0,0.0,0.0,0.0,9.0,7,63.70898410365656,63.70898410365656,pobre,0,3,625.0,769.0,1.0,43.0,15,341,28395,8,1.0
97,1.0,0.0,0.0,1.0,5.0,7,63.70898410365656,63.70898410365656,pobre,0,3,625.0,769.0,1.0,43.0,12,341,28396,5,1.0
98,1.0,0.0,0.0,1.0,6.0,7,63.70898410365656,63.70898410365656,pobre,0,3,625.0,769.0,1.0,43.0,13,341,28396,5,1.0
97,0.0,0.0,0.0,1.0,2.0,7,63.70898410365656,63.70898410365656,pobre,0,3,625.0,769.0,1.0,43.0,8,341,28397,2,1.0
98,0.0,0.0,0.0,1.0,3.0,7,63.70898410365656,63.70898410365656,pobre,0,3,625.0,769.0,1.0,43.0,9,341,28397,2,1.0
97,0.0,0.0,0.0,1.0,4.0,4,63.70898410365656,63.70898410365656,no pobre,0,6,83.333336,1118.0,1.0,37.0,11,341,28398,4,1.0
98,0.0,0.0,0.0,1.0,5.0,4,63.70898410365656,63.70898410365656,no pobre,0,6,83.333336,1118.0,1.0,37.0,12,341,28398,4,1.0
97,1.0,0.0,0.0,1.0,0.0,4,63.70898410365656,63.70898410365656,no pobre,0,6,83.333336,1118.0,1.0,37.0,6,341,28399,0,1.0
98,1.0,0.0,0.0,1.0,1.0,4,63.70898410365656,63.70898410365656,no pobre,0,6,83.333336,1118.0,1.0,37.0,7,341,28399,0,1.0
97,0.0,0.0,0.0,0.0,1.0,8,63.70898410365656,63.70898410365656,pobre,0,0,600.0,728.0,1.0,44.0,14,341,28400,1,0.0
98,0.0,0.0,0.0,1.0,1.0,8,63.70898410365656,63.70898410365656,pobre,0,0,600.0,728.0,1.0,44.0,15,341,28400,1,0.0
97,0.0,0.0,0.0,0.0,2.0,8,63.70898410365656,63.70898410365656,pobre,0,0,600.0,728.0,1.0,44.0,13,341,28401,2,0.0
98,0.0,0.0,0.0,1.0,3.0,8,63.70898410365656,63.70898410365656,pobre,0,0,600.0,728.0,1.0,44.0,14,341,28401,2,0.0
97,0.0,0.0,0.0,,0.0,8,63.70898410365656,63.70898410365656,pobre,0,0,600.0,728.0,1.0,44.0,6,341,28402,0,
98,0.0,0.0,0.0,1.0,0.0,8,63.70898410365656,63.70898410365656,pobre,0,0,600.0,728.0,1.0,44.0,7,341,28402,0,
97,1.0,0.0,0.0,1.0,3.0,4,63.70898410365656,63.70898410365656,no pobre,0,6,750.0,1048.0,1.0,50.0,10,341,28403,3,1.0
98,1.0,0.0,0.0,1.0,4.0,4,63.70898410365656,63.70898410365656,no pobre,0,6,750.0,1048.0,1.0,50.0,11,341,28403,3,1.0
97,0.0,0.0,0.0,1.0,7.0,2,63.70898410365656,63.70898410365656,pobre,0,0,0.0,948.0,0.0,70.0,15,341,28404,7,1.0
98,0.0,0.0,0.0,,,2,63.70898410365656,63.70898410365656,pobre,0,0,0.0,948.0,0.0,70.0,16,341,28404,7,1.0
97,1.0,0.0,0.0,0.0,6.0,3,63.70898410365656,63.70898410365656,pobre,0,0,0.0,799.0,1.0,64.0,15,341,28405,6,0.0
98,1.0,0.0,0.0,0.0,6.0,3,63.70898410365656,63.70898410365656,pobre,0,0,0.0,799.0,1.0,64.0,16,341,28405,6,0.0
97,0.0,0.0,0.0,0.0,9.0,8,63.70898410365656,63.70898410365656,pobre,0,1,625.0,632.0,1.0,48.0,16,341,28406,9,0.0
98,0.0,0.0,0.0,,,8,63.70898410365656,63.70898410365656,pobre,0,1,625.0,632.0,1.0,48.0,17,341,28406,9,0.0
97,1.0,0.0,0.0,1.0,6.0,8,63.70898410365656,63.70898410365656,pobre,0,1,625.0,632.0,1.0,48.0,15,341,28407,6,1.0
98,1.0,0.0,0.0,1.0,7.0,8,63.70898410365656,63.70898410365656,pobre,0,1,625.0,632.0,1.0,48.0,16,341,28407,6,1.0
97,1.0,0.0,0.0,0.0,2.0,8,63.70898410365656,63.70898410365656,pobre,0,1,625.0,632.0,1.0,48.0,14,341,28408,2,0.0
98,1.0,0.0,0.0,0.0,2.0,8,63.70898410365656,63.70898410365656,pobre,0,1,625.0,632.0,1.0,48.0,15,341,28408,2,0.0
97,1.0,0.0,0.0,1.0,1.0,8,63.70898410365656,63.70898410365656,pobre,0,1,625.0,632.0,1.0,48.0,8,341,28409,1,1.0
98,1.0,0.0,0.0,1.0,2.0,8,63.70898410365656,63.70898410365656,pobre,0,1,625.0,632.0,1.0,48.0,9,341,28409,1,1.0
97,0.0,0.0,0.0,1.0,6.0,5,63.70898410365656,63.70898410365656,no pobre,0,1,333.33334,945.0,1.0,50.0,12,341,28410,6,1.0
98,0.0,0.0,0.0,1.0,7.0,5,63.70898410365656,63.70898410365656,no pobre,0,1,333.33334,945.0,1.0,50.0,13,341,28410,6,1.0
97,0.0,0.0,0.0,1.0,0.0,5,63.70898410365656,63.70898410365656,no pobre,0,1,333.33334,945.0,1.0,50.0,6,341,28411,0,1.0
98,0.0,0.0,0.0,1.0,1.0,5,63.70898410365656,63.70898410365656,no pobre,0,1,333.33334,945.0,1.0,50.0,7,341,28411,0,1.0
97,0.0,0.0,0.0,1.0,6.0,4,63.70898410365656,63.70898410365656,pobre,0,1,0.0,1050.0,0.0,56.0,16,341,28412,6,1.0
98,0.0,0.0,0.0,,,4,63.70898410365656,63.70898410365656,pobre,0,1,0.0,1050.0,0.0,56.0,17,341,28412,6,1.0
97,1.0,0.0,0.0,1.0,8.0,3,63.70898410365656,63.70898410365656,pobre,0,3,625.0,783.0,0.0,56.0,14,341,28413,8,1.0
98,1.0,0.0,0.0,0.0,9.0,3,63.70898410365656,63.70898410365656,pobre,0,3,625.0,783.0,0.0,56.0,15,341,28413,8,1.0
97,1.0,0.0,0.0,1.0,4.0,3,63.70898410365656,63.70898410365656,pobre,0,3,625.0,783.0,0.0,56.0,12,341,28414,4,1.0
98,1.0,0.0,0.0,1.0,4.0,3,63.70898410365656,63.70898410365656,pobre,0,3,625.0,783.0,0.0,56.0,13,341,28414,4,1.0
97,0.0,0.0,0.0,1.0,1.0,7,130.3492088237129,130.3492088237129,pobre,basal,8,875.0,657.0,1.0,30.0,7,304,28415,1,1.0
98,0.0,0.0,0.0,1.0,2.0,7,130.3492088237129,130.3492088237129,pobre,basal,8,875.0,657.0,1.0,30.0,8,304,28415,1,1.0
97,0.0,0.0,0.0,1.0,0.0,7,130.3492088237129,130.3492088237129,pobre,basal,8,875.0,657.0,1.0,30.0,6,304,28416,0,1.0
98,0.0,0.0,0.0,1.0,1.0,7,130.3492088237129,130.3492088237129,pobre,basal,8,875.0,657.0,1.0,30.0,7,304,28416,0,1.0
97,0.0,0.0,0.0,0.0,6.0,16,130.3492088237129,130.3492088237129,pobre,basal,0,875.0,839.0,1.0,74.0,15,304,28417,6,0.0
98,0.0,0.0,0.0,0.0,6.0,16,130.3492088237129,130.3492088237129,pobre,basal,0,875.0,839.0,1.0,74.0,16,304,28417,6,0.0
97,0.0,0.0,0.0,1.0,0.0,16,130.3492088237129,130.3492088237129,pobre,basal,0,875.0,839.0,1.0,74.0,8,304,28418,0,1.0
98,0.0,0.0,0.0,1.0,0.0,16,130.3492088237129,130.3492088237129,pobre,basal,0,875.0,839.0,1.0,74.0,9,304,28418,0,1.0
97,1.0,0.0,0.0,1.0,1.0,4,130.3492088237129,130.3492088237129,pobre,basal,3,750.0,719.0,1.0,30.0,9,304,28419,1,1.0
98,1.0,0.0,0.0,1.0,2.0,4,130.3492088237129,130.3492088237129,pobre,basal,3,750.0,719.0,1.0,30.0,10,304,28419,1,1.0
97,1.0,0.0,0.0,1.0,4.0,4,130.3492088237129,130.3492088237129,no pobre,basal,2,150.0,873.0,1.0,65.0,12,304,28420,4,1.0
98,1.0,0.0,0.0,1.0,4.0,4,130.3492088237129,130.3492088237129,no pobre,basal,2,150.0,873.0,1.0,65.0,13,304,28420,4,1.0
97,0.0,0.0,0.0,0.0,9.0,6,132.9674129494344,138.5622921139745,no pobre,0,0,0.0,1153.0,1.0,53.0,16,335,28421,9,0.0
98,0.0,0.0,0.0,0.0,3.0,6,132.9674129494344,138.5622921139745,no pobre,0,0,0.0,1153.0,1.0,53.0,17,335,28421,9,0.0
97,0.0,0.0,0.0,1.0,8.0,6,132.9674129494344,138.5622921139745,no pobre,0,0,0.0,1153.0,1.0,53.0,14,335,28422,8,1.0
98,0.0,0.0,0.0,0.0,9.0,6,132.9674129494344,138.5622921139745,no pobre,0,0,0.0,1153.0,1.0,53.0,15,335,28422,8,1.0
97,1.0,0.0,0.0,0.0,6.0,11,132.9674129494344,138.5622921139745,pobre,0,3,1250.0,850.25,1.0,44.0,16,335,28423,6,0.0
98,1.0,0.0,0.0,0.0,6.0,11,132.9674129494344,138.5622921139745,pobre,0,3,1250.0,850.25,1.0,44.0,17,335,28423,6,0.0
97,1.0,0.0,0.0,0.0,4.0,11,132.9674129494344,138.5622921139745,pobre,0,3,1250.0,850.25,1.0,44.0,15,335,28424,4,0.0
98,1.0,0.0,0.0,0.0,4.0,11,132.9674129494344,138.5622921139745,pobre,0,3,1250.0,850.25,1.0,44.0,16,335,28424,4,0.0
97,0.0,0.0,0.0,1.0,4.0,11,132.9674129494344,138.5622921139745,pobre,0,3,1250.0,850.25,1.0,44.0,10,335,28425,4,1.0
98,0.0,0.0,0.0,1.0,4.0,11,132.9674129494344,138.5622921139745,pobre,0,3,1250.0,850.25,1.0,44.0,11,335,28425,4,1.0
97,0.0,0.0,0.0,1.0,4.0,11,132.9674129494344,138.5622921139745,pobre,0,3,1250.0,850.25,1.0,44.0,9,335,28426,4,1.0
98,0.0,0.0,0.0,1.0,5.0,11,132.9674129494344,138.5622921139745,pobre,0,3,1250.0,850.25,1.0,44.0,10,335,28426,4,1.0
97,1.0,0.0,0.0,1.0,2.0,11,132.9674129494344,138.5622921139745,pobre,0,3,1250.0,850.25,1.0,44.0,7,335,28427,2,1.0
98,1.0,0.0,0.0,1.0,2.0,11,132.9674129494344,138.5622921139745,pobre,0,3,1250.0,850.25,1.0,44.0,8,335,28427,2,1.0
97,1.0,0.0,0.0,1.0,0.0,11,132.9674129494344,138.5622921139745,pobre,0,3,1250.0,850.25,1.0,44.0,6,335,28428,0,1.0
98,1.0,0.0,0.0,1.0,0.0,11,132.9674129494344,138.5622921139745,pobre,0,3,1250.0,850.25,1.0,44.0,7,335,28428,0,1.0
97,0.0,0.0,0.0,1.0,5.0,7,132.9674129494344,138.5622921139745,pobre,0,7,1000.0,760.0,1.0,27.0,11,335,28429,5,1.0
98,0.0,0.0,0.0,1.0,5.0,7,132.9674129494344,138.5622921139745,pobre,0,7,1000.0,760.0,1.0,27.0,12,335,28429,5,1.0
97,0.0,0.0,0.0,1.0,3.0,7,132.9674129494344,138.5622921139745,pobre,0,7,1000.0,760.0,1.0,27.0,10,335,28430,3,1.0
98,0.0,0.0,0.0,1.0,3.0,7,132.9674129494344,138.5622921139745,pobre,0,7,1000.0,760.0,1.0,27.0,11,335,28430,3,1.0
97,0.0,0.0,0.0,1.0,1.0,7,132.9674129494344,138.5622921139745,pobre,0,7,1000.0,760.0,1.0,27.0,8,335,28431,1,1.0
98,0.0,0.0,0.0,1.0,2.0,7,132.9674129494344,138.5622921139745,pobre,0,7,1000.0,760.0,1.0,27.0,9,335,28431,1,1.0
97,1.0,0.0,0.0,0.0,9.0,7,132.9674129494344,138.5622921139745,pobre,0,2,1000.0,733.0,1.0,46.0,15,335,28432,9,0.0
98,1.0,0.0,0.0,0.0,9.0,7,132.9674129494344,138.5622921139745,pobre,0,2,1000.0,733.0,1.0,46.0,16,335,28432,9,0.0
97,0.0,0.0,0.0,1.0,7.0,7,132.9674129494344,138.5622921139745,pobre,0,2,1000.0,733.0,1.0,46.0,12,335,28433,7,1.0
98,0.0,0.0,0.0,1.0,7.0,7,132.9674129494344,138.5622921139745,pobre,0,2,1000.0,733.0,1.0,46.0,13,335,28433,7,1.0
97,1.0,0.0,0.0,1.0,4.0,7,132.9674129494344,138.5622921139745,pobre,0,2,1000.0,733.0,1.0,46.0,10,335,28434,4,1.0
98,1.0,0.0,0.0,1.0,4.0,7,132.9674129494344,138.5622921139745,pobre,0,2,1000.0,733.0,1.0,46.0,11,335,28434,4,1.0
97,0.0,0.0,0.0,1.0,7.0,9,132.9674129494344,138.5622921139745,no pobre,0,5,1000.0,912.0,1.0,42.0,15,335,28435,7,1.0
98,0.0,0.0,0.0,0.0,7.0,9,132.9674129494344,138.5622921139745,no pobre,0,5,1000.0,912.0,1.0,42.0,16,335,28435,7,1.0
97,0.0,0.0,0.0,1.0,8.0,9,132.9674129494344,138.5622921139745,no pobre,0,5,1000.0,912.0,1.0,42.0,14,335,28436,8,1.0
98,0.0,0.0,0.0,0.0,9.0,9,132.9674129494344,138.5622921139745,no pobre,0,5,1000.0,912.0,1.0,42.0,15,335,28436,8,1.0
97,1.0,0.0,0.0,1.0,6.0,9,132.9674129494344,138.5622921139745,no pobre,0,5,1000.0,912.0,1.0,42.0,11,335,28437,6,1.0
98,1.0,0.0,0.0,1.0,6.0,9,132.9674129494344,138.5622921139745,no pobre,0,5,1000.0,912.0,1.0,42.0,12,335,28437,6,1.0
97,0.0,0.0,0.0,1.0,3.0,9,132.9674129494344,138.5622921139745,no pobre,0,5,1000.0,912.0,1.0,42.0,9,335,28438,3,1.0
98,0.0,0.0,0.0,1.0,3.0,9,132.9674129494344,138.5622921139745,no pobre,0,5,1000.0,912.0,1.0,42.0,10,335,28438,3,1.0
97,1.0,0.0,0.0,1.0,5.0,6,132.9674129494344,138.5622921139745,pobre,0,1,0.0,859.0,1.0,61.0,12,335,28439,5,1.0
98,1.0,0.0,0.0,0.0,5.0,6,132.9674129494344,138.5622921139745,pobre,0,1,0.0,859.0,1.0,61.0,13,335,28439,5,1.0
97,1.0,0.0,0.0,1.0,4.0,6,132.9674129494344,138.5622921139745,pobre,0,1,0.0,859.0,1.0,61.0,9,335,28440,4,1.0
98,1.0,0.0,0.0,1.0,4.0,6,132.9674129494344,138.5622921139745,pobre,0,1,0.0,859.0,1.0,61.0,10,335,28440,4,1.0
97,1.0,0.0,0.0,1.0,10.0,7,132.9674129494344,138.5622921139745,pobre,0,2,1250.0,972.5,1.0,47.0,15,335,28441,10,1.0
98,1.0,0.0,0.0,0.0,10.0,7,132.9674129494344,138.5622921139745,pobre,0,2,1250.0,972.5,1.0,47.0,16,335,28441,10,1.0
97,1.0,0.0,0.0,1.0,7.0,7,132.9674129494344,138.5622921139745,pobre,0,2,1250.0,972.5,1.0,47.0,12,335,28442,7,1.0
98,1.0,0.0,0.0,1.0,7.0,7,132.9674129494344,138.5622921139745,pobre,0,2,1250.0,972.5,1.0,47.0,13,335,28442,7,1.0
97,1.0,0.0,0.0,1.0,5.0,7,132.9674129494344,138.5622921139745,pobre,0,2,1250.0,972.5,1.0,47.0,10,335,28443,5,1.0
98,1.0,0.0,0.0,1.0,5.0,7,132.9674129494344,138.5622921139745,pobre,0,2,1250.0,972.5,1.0,47.0,11,335,28443,5,1.0
97,0.0,0.0,0.0,1.0,5.0,7,132.9674129494344,138.5622921139745,pobre,0,2,1250.0,972.5,1.0,47.0,10,335,28444,5,1.0
98,0.0,0.0,0.0,1.0,5.0,7,132.9674129494344,138.5622921139745,pobre,0,2,1250.0,972.5,1.0,47.0,11,335,28444,5,1.0
97,1.0,0.0,0.0,1.0,3.0,4,132.9674129494344,138.5622921139745,pobre,0,0,0.0,831.0,0.0,60.0,8,335,28445,3,1.0
98,1.0,0.0,0.0,1.0,3.0,4,132.9674129494344,138.5622921139745,pobre,0,0,0.0,831.0,0.0,60.0,9,335,28445,3,1.0
97,0.0,0.0,0.0,1.0,1.0,4,132.9674129494344,138.5622921139745,pobre,0,0,0.0,831.0,0.0,60.0,6,335,28446,1,1.0
98,0.0,0.0,0.0,1.0,1.0,4,132.9674129494344,138.5622921139745,pobre,0,0,0.0,831.0,0.0,60.0,7,335,28446,1,1.0
97,0.0,,0.0,1.0,10.0,5,126.6957562563117,136.9893753376227,no pobre,basal,3,625.0,1145.5,1.0,48.0,14,346,28447,10,1.0
98,0.0,,0.0,1.0,9.0,5,126.6957562563117,136.9893753376227,no pobre,basal,3,625.0,1145.5,1.0,48.0,15,346,28447,10,1.0
97,1.0,0.0,0.0,1.0,3.0,4,132.9674129494344,138.5622921139745,no pobre,0,13,4000.0,1110.0,1.0,32.0,8,335,28448,3,1.0
98,1.0,0.0,0.0,,,4,132.9674129494344,138.5622921139745,no pobre,0,13,4000.0,1110.0,1.0,32.0,9,335,28448,3,1.0
97,1.0,0.0,0.0,1.0,3.0,4,132.9674129494344,138.5622921139745,no pobre,0,13,4000.0,1110.0,1.0,32.0,8,335,28449,3,1.0
98,1.0,0.0,0.0,,,4,132.9674129494344,138.5622921139745,no pobre,0,13,4000.0,1110.0,1.0,32.0,9,335,28449,3,1.0
97,0.0,0.0,0.0,0.0,6.0,3,132.9674129494344,138.5622921139745,pobre,0,0,1000.0,1021.0,1.0,57.0,15,335,28450,6,0.0
98,0.0,0.0,0.0,0.0,6.0,3,132.9674129494344,138.5622921139745,pobre,0,0,1000.0,1021.0,1.0,57.0,16,335,28450,6,0.0
97,1.0,0.0,5.5580001,1.0,3.0,4,66.40399448891257,66.40399448891257,pobre,basal,7,875.0,721.46997,1.0,35.0,8,330,28451,3,1.0
98,1.0,0.0,5.5580001,1.0,3.0,4,66.40399448891257,66.40399448891257,pobre,basal,7,875.0,721.46997,1.0,35.0,9,330,28451,3,1.0
97,0.0,0.0,5.5580001,1.0,4.0,4,66.40399448891257,66.40399448891257,pobre,basal,6,800.0,751.0,1.0,29.0,9,330,28452,4,1.0
98,0.0,0.0,5.5580001,,,4,66.40399448891257,66.40399448891257,pobre,basal,6,800.0,751.0,1.0,29.0,10,330,28452,4,1.0
97,1.0,0.0,5.5580001,1.0,8.0,6,66.40399448891257,66.40399448891257,pobre,basal,3,333.33334,807.0,1.0,41.0,13,330,28453,8,1.0
98,1.0,0.0,5.5580001,1.0,8.0,6,66.40399448891257,66.40399448891257,pobre,basal,3,333.33334,807.0,1.0,41.0,14,330,28453,8,1.0
97,1.0,0.0,5.5580001,1.0,3.0,6,66.40399448891257,66.40399448891257,pobre,basal,3,333.33334,807.0,1.0,41.0,8,330,28454,3,1.0
98,1.0,0.0,5.5580001,1.0,3.0,6,66.40399448891257,66.40399448891257,pobre,basal,3,333.33334,807.0,1.0,41.0,9,330,28454,3,1.0
97,1.0,0.0,5.5580001,1.0,1.0,6,66.40399448891257,66.40399448891257,pobre,basal,3,333.33334,807.0,1.0,41.0,6,330,28455,1,1.0
98,1.0,0.0,5.5580001,1.0,1.0,6,66.40399448891257,66.40399448891257,pobre,basal,3,333.33334,807.0,1.0,41.0,7,330,28455,1,1.0
97,0.0,0.0,0.0,1.0,10.0,8,127.6217694661011,127.6217694661011,pobre,basal,3,0.0,701.0,1.0,52.0,15,342,28456,10,1.0
98,0.0,0.0,0.0,1.0,10.0,8,127.6217694661011,127.6217694661011,pobre,basal,3,0.0,701.0,1.0,52.0,16,342,28456,10,1.0
97,0.0,0.0,0.0,1.0,6.0,8,127.6217694661011,127.6217694661011,pobre,basal,3,0.0,701.0,1.0,52.0,12,342,28457,6,1.0
98,0.0,0.0,0.0,1.0,6.0,8,127.6217694661011,127.6217694661011,pobre,basal,3,0.0,701.0,1.0,52.0,13,342,28457,6,1.0
97,1.0,0.0,0.0,1.0,4.0,8,127.6217694661011,127.6217694661011,pobre,basal,3,0.0,701.0,1.0,52.0,10,342,28458,4,1.0
98,1.0,0.0,0.0,1.0,5.0,8,127.6217694661011,127.6217694661011,pobre,basal,3,0.0,701.0,1.0,52.0,11,342,28458,4,1.0
97,1.0,0.0,0.0,1.0,3.0,8,127.6217694661011,127.6217694661011,pobre,basal,3,0.0,701.0,1.0,52.0,9,342,28459,3,1.0
98,1.0,0.0,0.0,1.0,3.0,8,127.6217694661011,127.6217694661011,pobre,basal,3,0.0,701.0,1.0,52.0,10,342,28459,3,1.0
97,0.0,0.0,0.0,1.0,9.0,8,127.6217694661011,127.6217694661011,pobre,basal,3,1000.0,615.0,1.0,42.0,14,342,28460,9,1.0
98,0.0,0.0,0.0,0.0,9.0,8,127.6217694661011,127.6217694661011,pobre,basal,3,1000.0,615.0,1.0,42.0,15,342,28460,9,1.0
97,0.0,0.0,0.0,1.0,2.0,8,127.6217694661011,127.6217694661011,pobre,basal,3,1000.0,615.0,1.0,42.0,11,342,28461,2,1.0
98,0.0,0.0,0.0,1.0,3.0,8,127.6217694661011,127.6217694661011,pobre,basal,3,1000.0,615.0,1.0,42.0,12,342,28461,2,1.0
97,0.0,0.0,0.0,1.0,3.0,8,127.6217694661011,127.6217694661011,pobre,basal,3,1000.0,615.0,1.0,42.0,9,342,28462,3,1.0
98,0.0,0.0,0.0,1.0,3.0,8,127.6217694661011,127.6217694661011,pobre,basal,3,1000.0,615.0,1.0,42.0,10,342,28462,3,1.0
97,1.0,0.0,0.0,1.0,0.0,8,127.6217694661011,127.6217694661011,pobre,basal,3,1000.0,615.0,1.0,42.0,6,342,28463,0,1.0
98,1.0,0.0,0.0,1.0,0.0,8,127.6217694661011,127.6217694661011,pobre,basal,3,1000.0,615.0,1.0,42.0,7,342,28463,0,1.0
97,1.0,0.0,0.0,0.0,6.0,9,127.6217694661011,127.6217694661011,pobre,basal,0,0.0,805.5,1.0,58.0,14,342,28464,6,0.0
98,1.0,0.0,0.0,0.0,6.0,9,127.6217694661011,127.6217694661011,pobre,basal,0,0.0,805.5,1.0,58.0,15,342,28464,6,0.0
97,0.0,0.0,0.0,1.0,0.0,4,126.6957562563117,136.9893753376227,pobre,basal,3,0.0,687.0,0.0,66.0,6,346,28465,0,1.0
98,0.0,0.0,0.0,1.0,1.0,4,126.6957562563117,136.9893753376227,pobre,basal,3,0.0,687.0,0.0,66.0,7,346,28465,0,1.0
97,0.0,0.0,0.0,0.0,6.0,11,126.6957562563117,136.9893753376227,no pobre,basal,6,800.0,653.0,1.0,51.0,16,346,28466,6,0.0
98,0.0,0.0,0.0,,,11,126.6957562563117,136.9893753376227,no pobre,basal,6,800.0,653.0,1.0,51.0,17,346,28466,6,0.0
97,1.0,0.0,0.0,0.0,6.0,11,126.6957562563117,136.9893753376227,no pobre,basal,6,800.0,653.0,1.0,51.0,13,346,28467,6,0.0
98,1.0,0.0,0.0,0.0,6.0,11,126.6957562563117,136.9893753376227,no pobre,basal,6,800.0,653.0,1.0,51.0,14,346,28467,6,0.0
97,1.0,0.0,0.0,1.0,5.0,11,126.6957562563117,136.9893753376227,no pobre,basal,6,800.0,653.0,1.0,51.0,12,346,28468,5,1.0
98,1.0,0.0,0.0,0.0,6.0,11,126.6957562563117,136.9893753376227,no pobre,basal,6,800.0,653.0,1.0,51.0,13,346,28468,5,1.0
97,1.0,0.0,0.0,1.0,3.0,11,126.6957562563117,136.9893753376227,no pobre,basal,6,800.0,653.0,1.0,51.0,9,346,28469,3,1.0
98,1.0,0.0,0.0,1.0,4.0,11,126.6957562563117,136.9893753376227,no pobre,basal,6,800.0,653.0,1.0,51.0,10,346,28469,3,1.0
97,0.0,0.0,0.0,1.0,1.0,11,126.6957562563117,136.9893753376227,no pobre,basal,6,800.0,653.0,1.0,51.0,6,346,28470,1,1.0
98,0.0,0.0,0.0,1.0,2.0,11,126.6957562563117,136.9893753376227,no pobre,basal,6,800.0,653.0,1.0,51.0,7,346,28470,1,1.0
97,1.0,0.0,0.0,1.0,3.0,4,126.6957562563117,136.9893753376227,no pobre,basal,6,800.0,1230.0,1.0,36.0,9,346,28471,3,1.0
98,1.0,0.0,0.0,,,4,126.6957562563117,136.9893753376227,no pobre,basal,6,800.0,1230.0,1.0,36.0,10,346,28471,3,1.0
97,1.0,0.0,0.0,0.0,4.0,7,127.6217694661011,127.6217694661011,pobre,basal,2,750.0,758.5,1.0,63.0,16,342,28472,4,0.0
98,1.0,0.0,0.0,,,7,127.6217694661011,127.6217694661011,pobre,basal,2,750.0,758.5,1.0,63.0,17,342,28472,4,0.0
97,1.0,0.0,0.0,0.0,6.0,7,127.6217694661011,127.6217694661011,pobre,basal,2,750.0,758.5,1.0,63.0,13,342,28473,6,0.0
98,1.0,0.0,0.0,0.0,6.0,7,127.6217694661011,127.6217694661011,pobre,basal,2,750.0,758.5,1.0,63.0,14,342,28473,6,0.0
97,0.0,0.0,0.0,1.0,4.0,7,127.6217694661011,127.6217694661011,pobre,basal,2,750.0,758.5,1.0,63.0,11,342,28474,4,1.0
98,0.0,0.0,0.0,1.0,5.0,7,127.6217694661011,127.6217694661011,pobre,basal,2,750.0,758.5,1.0,63.0,12,342,28474,4,1.0
97,1.0,0.0,0.0,1.0,4.0,3,127.6217694661011,127.6217694661011,pobre,basal,0,0.0,920.0,0.0,50.0,11,342,28475,4,1.0
98,1.0,0.0,0.0,1.0,5.0,3,127.6217694661011,127.6217694661011,pobre,basal,0,0.0,920.0,0.0,50.0,12,342,28475,4,1.0
97,1.0,0.0,0.0,1.0,7.0,7,127.6217694661011,127.6217694661011,pobre,basal,6,400.0,849.0,1.0,33.0,14,342,28476,7,1.0
98,1.0,0.0,0.0,1.0,8.0,7,127.6217694661011,127.6217694661011,pobre,basal,6,400.0,849.0,1.0,33.0,15,342,28476,7,1.0
97,0.0,0.0,0.0,1.0,6.0,7,127.6217694661011,127.6217694661011,pobre,basal,6,400.0,849.0,1.0,33.0,11,342,28477,6,1.0
98,0.0,0.0,0.0,1.0,7.0,7,127.6217694661011,127.6217694661011,pobre,basal,6,400.0,849.0,1.0,33.0,12,342,28477,6,1.0
97,0.0,0.0,0.0,1.0,2.0,7,127.6217694661011,127.6217694661011,pobre,basal,6,400.0,849.0,1.0,33.0,9,342,28478,2,1.0
98,0.0,0.0,0.0,1.0,3.0,7,127.6217694661011,127.6217694661011,pobre,basal,6,400.0,849.0,1.0,33.0,10,342,28478,2,1.0
97,1.0,0.0,0.0,0.0,9.0,4,127.6217694661011,127.6217694661011,no pobre,basal,3,116.66666,1098.0,1.0,56.0,16,342,28479,9,0.0
98,1.0,0.0,0.0,,,4,127.6217694661011,127.6217694661011,no pobre,basal,3,116.66666,1098.0,1.0,56.0,17,342,28479,9,0.0
97,0.0,0.0,0.0,1.0,8.0,4,127.6217694661011,127.6217694661011,no pobre,basal,3,116.66666,1098.0,1.0,56.0,14,342,28480,8,1.0
98,0.0,0.0,0.0,0.0,9.0,4,127.6217694661011,127.6217694661011,no pobre,basal,3,116.66666,1098.0,1.0,56.0,15,342,28480,8,1.0
97,1.0,0.0,0.0,1.0,8.0,8,127.6217694661011,127.6217694661011,pobre,basal,3,750.0,742.0,1.0,42.0,16,342,28481,8,1.0
98,1.0,0.0,0.0,,,8,127.6217694661011,127.6217694661011,pobre,basal,3,750.0,742.0,1.0,42.0,17,342,28481,8,1.0
97,0.0,0.0,0.0,1.0,8.0,8,127.6217694661011,127.6217694661011,pobre,basal,3,750.0,742.0,1.0,42.0,14,342,28482,8,1.0
98,0.0,0.0,0.0,0.0,9.0,8,127.6217694661011,127.6217694661011,pobre,basal,3,750.0,742.0,1.0,42.0,15,342,28482,8,1.0
97,1.0,0.0,0.0,1.0,5.0,8,127.6217694661011,127.6217694661011,pobre,basal,3,750.0,742.0,1.0,42.0,12,342,28483,5,1.0
98,1.0,0.0,0.0,1.0,6.0,8,127.6217694661011,127.6217694661011,pobre,basal,3,750.0,742.0,1.0,42.0,13,342,28483,5,1.0
97,0.0,0.0,0.0,1.0,6.0,8,127.6217694661011,127.6217694661011,pobre,basal,3,750.0,742.0,1.0,42.0,12,342,28484,6,1.0
98,0.0,0.0,0.0,1.0,7.0,8,127.6217694661011,127.6217694661011,pobre,basal,3,750.0,742.0,1.0,42.0,13,342,28484,6,1.0
97,0.0,0.0,0.0,1.0,4.0,8,127.6217694661011,127.6217694661011,pobre,basal,3,750.0,742.0,1.0,42.0,10,342,28485,4,1.0
98,0.0,0.0,0.0,1.0,5.0,8,127.6217694661011,127.6217694661011,pobre,basal,3,750.0,742.0,1.0,42.0,11,342,28485,4,1.0
97,1.0,0.0,0.0,1.0,5.0,13,127.6217694661011,127.6217694661011,pobre,basal,2,750.0,882.75,1.0,62.0,14,342,28486,5,1.0
98,1.0,0.0,0.0,0.0,6.0,13,127.6217694661011,127.6217694661011,pobre,basal,2,750.0,882.75,1.0,62.0,15,342,28486,5,1.0
97,0.0,0.0,0.0,1.0,0.0,13,127.6217694661011,127.6217694661011,pobre,basal,2,750.0,882.75,1.0,62.0,8,342,28487,0,1.0
98,0.0,0.0,0.0,1.0,1.0,13,127.6217694661011,127.6217694661011,pobre,basal,2,750.0,882.75,1.0,62.0,9,342,28487,0,1.0
97,0.0,0.0,0.0,1.0,0.0,13,127.6217694661011,127.6217694661011,pobre,basal,2,750.0,882.75,1.0,62.0,7,342,28488,0,1.0
98,0.0,0.0,0.0,1.0,1.0,13,127.6217694661011,127.6217694661011,pobre,basal,2,750.0,882.75,1.0,62.0,8,342,28488,0,1.0
97,1.0,0.0,0.0,1.0,0.0,13,127.6217694661011,127.6217694661011,pobre,basal,2,750.0,882.75,1.0,62.0,7,342,28489,0,1.0
98,1.0,0.0,0.0,1.0,1.0,13,127.6217694661011,127.6217694661011,pobre,basal,2,750.0,882.75,1.0,62.0,8,342,28489,0,1.0
97,1.0,0.0,0.0,1.0,7.0,7,127.6217694661011,127.6217694661011,pobre,basal,2,750.0,863.0,1.0,40.0,13,342,28490,7,1.0
98,1.0,0.0,0.0,1.0,8.0,7,127.6217694661011,127.6217694661011,pobre,basal,2,750.0,863.0,1.0,40.0,14,342,28490,7,1.0
97,0.0,0.0,0.0,1.0,5.0,7,127.6217694661011,127.6217694661011,pobre,basal,2,750.0,863.0,1.0,40.0,11,342,28491,5,1.0
98,0.0,0.0,0.0,1.0,6.0,7,127.6217694661011,127.6217694661011,pobre,basal,2,750.0,863.0,1.0,40.0,12,342,28491,5,1.0
97,1.0,0.0,0.0,1.0,2.0,7,127.6217694661011,127.6217694661011,pobre,basal,2,750.0,863.0,1.0,40.0,9,342,28492,2,1.0
98,1.0,0.0,0.0,1.0,3.0,7,127.6217694661011,127.6217694661011,pobre,basal,2,750.0,863.0,1.0,40.0,10,342,28492,2,1.0
97,0.0,0.0,0.0,1.0,1.0,7,127.6217694661011,127.6217694661011,pobre,basal,2,750.0,863.0,1.0,40.0,8,342,28493,1,1.0
98,0.0,0.0,0.0,1.0,2.0,7,127.6217694661011,127.6217694661011,pobre,basal,2,750.0,863.0,1.0,40.0,9,342,28493,1,1.0
97,0.0,0.0,0.0,1.0,7.0,3,127.6217694661011,127.6217694661011,pobre,basal,9,750.0,767.0,1.0,18.0,14,342,28494,7,1.0
98,0.0,0.0,0.0,1.0,8.0,3,127.6217694661011,127.6217694661011,pobre,basal,9,750.0,767.0,1.0,18.0,15,342,28494,7,1.0
97,1.0,0.0,0.0,1.0,5.0,4,127.6217694661011,127.6217694661011,pobre,basal,2,1000.0,1101.9771,1.0,52.0,12,342,28495,5,1.0
98,1.0,0.0,0.0,1.0,6.0,4,127.6217694661011,127.6217694661011,pobre,basal,2,1000.0,1101.9771,1.0,52.0,13,342,28495,5,1.0
97,0.0,,0.0,1.0,1.0,5,127.6217694661011,127.6217694661011,pobre,basal,3,0.0,598.0,1.0,30.0,9,342,28496,1,1.0
98,0.0,,0.0,1.0,2.0,5,127.6217694661011,127.6217694661011,pobre,basal,3,0.0,598.0,1.0,30.0,10,342,28496,1,1.0
97,0.0,,0.0,1.0,3.0,5,127.6217694661011,127.6217694661011,pobre,basal,3,0.0,598.0,1.0,30.0,6,342,28497,3,1.0
98,0.0,,0.0,1.0,3.0,5,127.6217694661011,127.6217694661011,pobre,basal,3,0.0,598.0,1.0,30.0,7,342,28497,3,1.0
97,1.0,0.0,0.0,,0.0,8,127.6217694661011,127.6217694661011,pobre,basal,0,416.66666,790.0,1.0,50.0,16,342,28498,0,
98,1.0,0.0,0.0,,,8,127.6217694661011,127.6217694661011,pobre,basal,0,416.66666,790.0,1.0,50.0,17,342,28498,0,
97,1.0,0.0,0.0,0.0,5.0,8,127.6217694661011,127.6217694661011,pobre,basal,0,416.66666,790.0,1.0,50.0,12,342,28499,5,0.0
98,1.0,0.0,0.0,0.0,5.0,8,127.6217694661011,127.6217694661011,pobre,basal,0,416.66666,790.0,1.0,50.0,13,342,28499,5,0.0
97,0.0,0.0,0.0,1.0,4.0,8,127.6217694661011,127.6217694661011,pobre,basal,0,416.66666,790.0,1.0,50.0,10,342,28500,4,1.0
98,0.0,0.0,0.0,1.0,5.0,8,127.6217694661011,127.6217694661011,pobre,basal,0,416.66666,790.0,1.0,50.0,11,342,28500,4,1.0
97,0.0,0.0,0.0,1.0,4.0,8,127.6217694661011,127.6217694661011,pobre,basal,0,416.66666,790.0,1.0,50.0,9,342,28501,4,1.0
98,0.0,0.0,0.0,1.0,5.0,8,127.6217694661011,127.6217694661011,pobre,basal,0,416.66666,790.0,1.0,50.0,10,342,28501,4,1.0
97,1.0,0.0,0.0,1.0,1.0,8,127.6217694661011,127.6217694661011,pobre,basal,0,416.66666,790.0,1.0,50.0,6,342,28502,1,1.0
98,1.0,0.0,0.0,1.0,2.0,8,127.6217694661011,127.6217694661011,pobre,basal,0,416.66666,790.0,1.0,50.0,7,342,28502,1,1.0
97,1.0,0.0,0.0,,0.0,6,127.6217694661011,127.6217694661011,pobre,basal,3,750.0,677.0,1.0,60.0,15,342,28503,0,
98,1.0,0.0,0.0,0.0,3.0,6,127.6217694661011,127.6217694661011,pobre,basal,3,750.0,677.0,1.0,60.0,16,342,28503,0,
97,1.0,0.0,0.0,1.0,5.0,6,127.6217694661011,127.6217694661011,pobre,basal,3,750.0,677.0,1.0,60.0,12,342,28504,5,1.0
98,1.0,0.0,0.0,1.0,6.0,6,127.6217694661011,127.6217694661011,pobre,basal,3,750.0,677.0,1.0,60.0,13,342,28504,5,1.0
97,1.0,0.0,0.0,0.0,9.0,8,130.3492088237129,130.3492088237129,pobre,basal,0,833.33331,612.0,1.0,45.0,15,304,28505,9,0.0
98,1.0,0.0,0.0,,,8,130.3492088237129,130.3492088237129,pobre,basal,0,833.33331,612.0,1.0,45.0,16,304,28505,9,0.0
97,1.0,0.0,0.0,0.0,9.0,8,130.3492088237129,130.3492088237129,pobre,basal,0,833.33331,612.0,1.0,45.0,14,304,28506,9,0.0
98,1.0,0.0,0.0,,,8,130.3492088237129,130.3492088237129,pobre,basal,0,833.33331,612.0,1.0,45.0,15,304,28506,9,0.0
97,1.0,0.0,0.0,1.0,6.0,8,130.3492088237129,130.3492088237129,pobre,basal,0,833.33331,612.0,1.0,45.0,12,304,28507,6,1.0
98,1.0,0.0,0.0,1.0,7.0,8,130.3492088237129,130.3492088237129,pobre,basal,0,833.33331,612.0,1.0,45.0,13,304,28507,6,1.0
97,1.0,0.0,0.0,1.0,4.0,8,130.3492088237129,130.3492088237129,pobre,basal,0,833.33331,612.0,1.0,45.0,11,304,28508,4,1.0
98,1.0,0.0,0.0,1.0,4.0,8,130.3492088237129,130.3492088237129,pobre,basal,0,833.33331,612.0,1.0,45.0,12,304,28508,4,1.0
97,0.0,0.0,0.0,1.0,3.0,8,130.3492088237129,130.3492088237129,pobre,basal,0,833.33331,612.0,1.0,45.0,9,304,28509,3,1.0
98,0.0,0.0,0.0,1.0,4.0,8,130.3492088237129,130.3492088237129,pobre,basal,0,833.33331,612.0,1.0,45.0,10,304,28509,3,1.0
97,1.0,0.0,0.0,1.0,1.0,5,130.3492088237129,130.3492088237129,pobre,basal,2,500.0,812.5,1.0,28.0,8,304,28510,1,1.0
98,1.0,0.0,0.0,1.0,2.0,5,130.3492088237129,130.3492088237129,pobre,basal,2,500.0,812.5,1.0,28.0,9,304,28510,1,1.0
97,0.0,0.0,0.0,1.0,8.0,5,130.3492088237129,130.3492088237129,no pobre,basal,2,1250.0,965.0,1.0,44.0,14,304,28511,8,1.0
98,0.0,0.0,0.0,0.0,9.0,5,130.3492088237129,130.3492088237129,no pobre,basal,2,1250.0,965.0,1.0,44.0,15,304,28511,8,1.0
97,1.0,0.0,0.0,1.0,0.0,5,130.3492088237129,130.3492088237129,no pobre,basal,9,1666.6666,1045.0,1.0,29.0,6,304,28512,0,1.0
98,1.0,0.0,0.0,1.0,1.0,5,130.3492088237129,130.3492088237129,no pobre,basal,9,1666.6666,1045.0,1.0,29.0,7,304,28512,0,1.0
97,0.0,0.0,0.0,1.0,8.0,6,130.3492088237129,130.3492088237129,pobre,basal,6,800.0,1012.0,1.0,40.0,15,304,28513,8,1.0
98,0.0,0.0,0.0,0.0,9.0,6,130.3492088237129,130.3492088237129,pobre,basal,6,800.0,1012.0,1.0,40.0,16,304,28513,8,1.0
97,0.0,0.0,0.0,1.0,7.0,6,130.3492088237129,130.3492088237129,pobre,basal,6,800.0,1012.0,1.0,40.0,13,304,28514,7,1.0
98,0.0,0.0,0.0,1.0,8.0,6,130.3492088237129,130.3492088237129,pobre,basal,6,800.0,1012.0,1.0,40.0,14,304,28514,7,1.0
97,1.0,0.0,0.0,1.0,4.0,6,130.3492088237129,130.3492088237129,pobre,basal,6,800.0,1012.0,1.0,40.0,12,304,28515,4,1.0
98,1.0,0.0,0.0,1.0,5.0,6,130.3492088237129,130.3492088237129,pobre,basal,6,800.0,1012.0,1.0,40.0,13,304,28515,4,1.0
97,1.0,0.0,0.0,1.0,2.0,6,130.3492088237129,130.3492088237129,pobre,basal,6,800.0,1012.0,1.0,40.0,10,304,28516,2,1.0
98,1.0,0.0,0.0,1.0,3.0,6,130.3492088237129,130.3492088237129,pobre,basal,6,800.0,1012.0,1.0,40.0,11,304,28516,2,1.0
97,0.0,0.0,0.0,0.0,9.0,9,130.3492088237129,130.3492088237129,no pobre,basal,3,250.0,1222.75,1.0,57.0,16,304,28517,9,0.0
98,0.0,0.0,0.0,,,9,130.3492088237129,130.3492088237129,no pobre,basal,3,250.0,1222.75,1.0,57.0,17,304,28517,9,0.0
97,0.0,0.0,0.0,1.0,7.0,9,130.3492088237129,130.3492088237129,no pobre,basal,3,250.0,1222.75,1.0,57.0,13,304,28518,7,1.0
98,0.0,0.0,0.0,1.0,8.0,9,130.3492088237129,130.3492088237129,no pobre,basal,3,250.0,1222.75,1.0,57.0,14,304,28518,7,1.0
97,1.0,0.0,0.0,1.0,3.0,9,130.3492088237129,130.3492088237129,no pobre,basal,3,250.0,1222.75,1.0,57.0,11,304,28519,3,1.0
98,1.0,0.0,0.0,1.0,4.0,9,130.3492088237129,130.3492088237129,no pobre,basal,3,250.0,1222.75,1.0,57.0,12,304,28519,3,1.0
97,0.0,0.0,0.0,1.0,5.0,7,130.3492088237129,130.3492088237129,pobre,basal,3,0.0,590.0,1.0,22.0,12,304,28520,5,1.0
98,0.0,0.0,0.0,1.0,6.0,7,130.3492088237129,130.3492088237129,pobre,basal,3,0.0,590.0,1.0,22.0,13,304,28520,5,1.0
97,0.0,0.0,0.0,1.0,4.0,7,130.3492088237129,130.3492088237129,pobre,basal,3,0.0,590.0,1.0,22.0,10,304,28521,4,1.0
98,0.0,0.0,0.0,1.0,5.0,7,130.3492088237129,130.3492088237129,pobre,basal,3,0.0,590.0,1.0,22.0,11,304,28521,4,1.0
97,0.0,0.0,0.0,1.0,3.0,7,130.3492088237129,130.3492088237129,pobre,basal,3,0.0,590.0,1.0,22.0,9,304,28522,3,1.0
98,0.0,0.0,0.0,1.0,4.0,7,130.3492088237129,130.3492088237129,pobre,basal,3,0.0,590.0,1.0,22.0,10,304,28522,3,1.0
97,1.0,0.0,0.0,0.0,6.0,4,130.3492088237129,130.3492088237129,pobre,basal,0,0.0,893.0,1.0,48.0,16,304,28523,6,0.0
98,1.0,0.0,0.0,,,4,130.3492088237129,130.3492088237129,pobre,basal,0,0.0,893.0,1.0,48.0,17,304,28523,6,0.0
97,1.0,0.0,0.0,1.0,1.0,4,130.3492088237129,130.3492088237129,pobre,basal,4,875.0,722.0,1.0,33.0,7,304,28524,1,1.0
98,1.0,0.0,0.0,1.0,2.0,4,130.3492088237129,130.3492088237129,pobre,basal,4,875.0,722.0,1.0,33.0,8,304,28524,1,1.0
97,1.0,0.0,0.0,1.0,0.0,4,130.3492088237129,130.3492088237129,pobre,basal,4,875.0,722.0,1.0,33.0,6,304,28525,0,1.0
98,1.0,0.0,0.0,1.0,1.0,4,130.3492088237129,130.3492088237129,pobre,basal,4,875.0,722.0,1.0,33.0,7,304,28525,0,1.0
97,1.0,0.0,0.0,0.0,4.0,11,130.3492088237129,130.3492088237129,pobre,basal,2,0.0,759.25,1.0,43.0,15,304,28526,4,0.0
98,1.0,0.0,0.0,,,11,130.3492088237129,130.3492088237129,pobre,basal,2,0.0,759.25,1.0,43.0,16,304,28526,4,0.0
97,1.0,0.0,0.0,0.0,6.0,11,130.3492088237129,130.3492088237129,pobre,basal,2,0.0,759.25,1.0,43.0,13,304,28527,6,0.0
98,1.0,0.0,0.0,1.0,6.0,11,130.3492088237129,130.3492088237129,pobre,basal,2,0.0,759.25,1.0,43.0,14,304,28527,6,0.0
97,0.0,0.0,0.0,1.0,4.0,11,130.3492088237129,130.3492088237129,pobre,basal,2,0.0,759.25,1.0,43.0,11,304,28528,4,1.0
98,0.0,0.0,0.0,1.0,4.0,11,130.3492088237129,130.3492088237129,pobre,basal,2,0.0,759.25,1.0,43.0,12,304,28528,4,1.0
97,1.0,0.0,0.0,1.0,2.0,11,130.3492088237129,130.3492088237129,pobre,basal,2,0.0,759.25,1.0,43.0,9,304,28529,2,1.0
98,1.0,0.0,0.0,1.0,3.0,11,130.3492088237129,130.3492088237129,pobre,basal,2,0.0,759.25,1.0,43.0,10,304,28529,2,1.0
97,0.0,0.0,0.0,1.0,1.0,11,130.3492088237129,130.3492088237129,pobre,basal,2,0.0,759.25,1.0,43.0,7,304,28530,1,1.0
98,0.0,0.0,0.0,1.0,2.0,11,130.3492088237129,130.3492088237129,pobre,basal,2,0.0,759.25,1.0,43.0,8,304,28530,1,1.0
97,0.0,0.0,0.0,0.0,6.0,5,130.3492088237129,130.3492088237129,pobre,basal,3,0.0,768.5,1.0,36.0,16,304,28531,6,0.0
98,0.0,0.0,0.0,,,5,130.3492088237129,130.3492088237129,pobre,basal,3,0.0,768.5,1.0,36.0,17,304,28531,6,0.0
97,1.0,0.0,0.0,0.0,6.0,5,130.3492088237129,130.3492088237129,pobre,basal,3,0.0,768.5,1.0,36.0,14,304,28532,6,0.0
98,1.0,0.0,0.0,1.0,6.0,5,130.3492088237129,130.3492088237129,pobre,basal,3,0.0,768.5,1.0,36.0,15,304,28532,6,0.0
97,0.0,0.0,0.0,1.0,8.0,6,130.3492088237129,130.3492088237129,no pobre,basal,4,500.0,1141.0,1.0,48.0,15,304,28533,8,1.0
98,0.0,0.0,0.0,0.0,9.0,6,130.3492088237129,130.3492088237129,no pobre,basal,4,500.0,1141.0,1.0,48.0,16,304,28533,8,1.0
97,1.0,0.0,0.0,0.0,9.0,9,130.3492088237129,130.3492088237129,pobre,basal,0,0.0,793.0,1.0,93.0,15,304,28534,9,0.0
98,1.0,0.0,0.0,0.0,9.0,9,130.3492088237129,130.3492088237129,pobre,basal,0,0.0,793.0,1.0,93.0,16,304,28534,9,0.0
97,1.0,0.0,0.0,1.0,5.0,9,130.3492088237129,130.3492088237129,pobre,basal,0,0.0,793.0,1.0,93.0,12,304,28535,5,1.0
98,1.0,0.0,0.0,0.0,7.0,9,130.3492088237129,130.3492088237129,pobre,basal,0,0.0,793.0,1.0,93.0,13,304,28535,5,1.0
97,0.0,0.0,0.0,1.0,1.0,9,130.3492088237129,130.3492088237129,pobre,basal,0,0.0,793.0,1.0,93.0,7,304,28536,1,1.0
98,0.0,0.0,0.0,0.0,1.0,9,130.3492088237129,130.3492088237129,pobre,basal,0,0.0,793.0,1.0,93.0,8,304,28536,1,1.0
97,0.0,0.0,0.0,1.0,3.0,3,130.3492088237129,130.3492088237129,pobre,basal,1,83.333336,928.0,1.0,72.0,10,304,28537,3,1.0
98,0.0,0.0,0.0,1.0,2.0,3,130.3492088237129,130.3492088237129,pobre,basal,1,83.333336,928.0,1.0,72.0,11,304,28537,3,1.0
97,0.0,0.0,0.0,0.0,9.0,6,130.3492088237129,130.3492088237129,pobre,basal,2,375.0,897.0,1.0,55.0,16,304,28538,9,0.0
98,0.0,0.0,0.0,,,6,130.3492088237129,130.3492088237129,pobre,basal,2,375.0,897.0,1.0,55.0,17,304,28538,9,0.0
97,0.0,0.0,0.0,1.0,3.0,6,130.3492088237129,130.3492088237129,pobre,basal,2,375.0,897.0,1.0,55.0,9,304,28539,3,1.0
98,0.0,0.0,0.0,1.0,4.0,6,130.3492088237129,130.3492088237129,pobre,basal,2,375.0,897.0,1.0,55.0,10,304,28539,3,1.0
97,1.0,0.0,0.0,1.0,2.0,6,130.3492088237129,130.3492088237129,pobre,basal,2,375.0,897.0,1.0,55.0,8,304,28540,2,1.0
98,1.0,0.0,0.0,1.0,3.0,6,130.3492088237129,130.3492088237129,pobre,basal,2,375.0,897.0,1.0,55.0,9,304,28540,2,1.0
97,1.0,0.0,0.0,1.0,6.0,6,130.3492088237129,130.3492088237129,pobre,basal,3,0.0,895.0,1.0,53.0,14,304,28541,6,1.0
98,1.0,0.0,0.0,0.0,6.0,6,130.3492088237129,130.3492088237129,pobre,basal,3,0.0,895.0,1.0,53.0,15,304,28541,6,1.0
97,0.0,0.0,0.0,1.0,1.0,6,130.3492088237129,130.3492088237129,pobre,basal,3,0.0,895.0,1.0,53.0,7,304,28542,1,1.0
98,0.0,0.0,0.0,1.0,2.0,6,130.3492088237129,130.3492088237129,pobre,basal,3,0.0,895.0,1.0,53.0,8,304,28542,1,1.0
97,1.0,0.0,0.0,1.0,5.0,6,130.3492088237129,130.3492088237129,pobre,basal,2,1600.0,680.0,1.0,40.0,12,304,28543,5,1.0
98,1.0,0.0,0.0,1.0,6.0,6,130.3492088237129,130.3492088237129,pobre,basal,2,1600.0,680.0,1.0,40.0,13,304,28543,5,1.0
97,0.0,0.0,0.0,1.0,0.0,6,130.3492088237129,130.3492088237129,pobre,basal,2,1600.0,680.0,1.0,40.0,7,304,28544,0,1.0
98,0.0,0.0,0.0,1.0,1.0,6,130.3492088237129,130.3492088237129,pobre,basal,2,1600.0,680.0,1.0,40.0,8,304,28544,0,1.0
97,0.0,0.0,0.0,1.0,0.0,6,130.3492088237129,130.3492088237129,pobre,basal,2,1600.0,680.0,1.0,40.0,7,304,28545,0,1.0
98,0.0,0.0,0.0,1.0,0.0,6,130.3492088237129,130.3492088237129,pobre,basal,2,1600.0,680.0,1.0,40.0,8,304,28545,0,1.0
97,1.0,0.0,0.0,0.0,6.0,10,130.3492088237129,130.3492088237129,pobre,basal,0,416.66666,795.0,1.0,53.0,16,304,28546,6,0.0
98,1.0,0.0,0.0,,,10,130.3492088237129,130.3492088237129,pobre,basal,0,416.66666,795.0,1.0,53.0,17,304,28546,6,0.0
97,0.0,0.0,0.0,1.0,7.0,10,130.3492088237129,130.3492088237129,pobre,basal,0,416.66666,795.0,1.0,53.0,13,304,28547,7,1.0
98,0.0,0.0,0.0,1.0,8.0,10,130.3492088237129,130.3492088237129,pobre,basal,0,416.66666,795.0,1.0,53.0,14,304,28547,7,1.0
97,0.0,0.0,0.0,1.0,5.0,10,130.3492088237129,130.3492088237129,pobre,basal,0,416.66666,795.0,1.0,53.0,11,304,28548,5,1.0
98,0.0,0.0,0.0,1.0,6.0,10,130.3492088237129,130.3492088237129,pobre,basal,0,416.66666,795.0,1.0,53.0,12,304,28548,5,1.0
97,1.0,0.0,0.0,,0.0,10,130.3492088237129,130.3492088237129,pobre,basal,0,416.66666,795.0,1.0,53.0,7,304,28549,0,
98,1.0,0.0,0.0,1.0,2.0,10,130.3492088237129,130.3492088237129,pobre,basal,0,416.66666,795.0,1.0,53.0,8,304,28549,0,
97,0.0,0.0,0.0,0.0,6.0,7,130.3492088237129,130.3492088237129,pobre,basal,0,0.0,568.0,0.0,80.0,13,304,28550,6,0.0
98,0.0,0.0,0.0,,,7,130.3492088237129,130.3492088237129,pobre,basal,0,0.0,568.0,0.0,80.0,14,304,28550,6,0.0
97,1.0,0.0,0.0,1.0,4.0,7,130.3492088237129,130.3492088237129,pobre,basal,0,0.0,568.0,0.0,80.0,12,304,28551,4,1.0
98,1.0,0.0,0.0,,,7,130.3492088237129,130.3492088237129,pobre,basal,0,0.0,568.0,0.0,80.0,13,304,28551,4,1.0
97,1.0,0.0,0.0,1.0,2.0,7,130.3492088237129,130.3492088237129,pobre,basal,0,0.0,568.0,0.0,80.0,11,304,28552,2,1.0
98,1.0,0.0,0.0,,,7,130.3492088237129,130.3492088237129,pobre,basal,0,0.0,568.0,0.0,80.0,12,304,28552,2,1.0
97,1.0,0.0,0.0,1.0,6.0,6,130.3492088237129,130.3492088237129,pobre,basal,9,250.0,650.0,1.0,34.0,12,304,28553,6,1.0
98,1.0,0.0,0.0,1.0,7.0,6,130.3492088237129,130.3492088237129,pobre,basal,9,250.0,650.0,1.0,34.0,13,304,28553,6,1.0
97,0.0,0.0,0.0,1.0,4.0,6,130.3492088237129,130.3492088237129,pobre,basal,9,250.0,650.0,1.0,34.0,10,304,28554,4,1.0
98,0.0,0.0,0.0,1.0,4.0,6,130.3492088237129,130.3492088237129,pobre,basal,9,250.0,650.0,1.0,34.0,11,304,28554,4,1.0
97,0.0,0.0,0.0,1.0,1.0,6,130.3492088237129,130.3492088237129,pobre,basal,9,250.0,650.0,1.0,34.0,8,304,28555,1,1.0
98,0.0,0.0,0.0,1.0,2.0,6,130.3492088237129,130.3492088237129,pobre,basal,9,250.0,650.0,1.0,34.0,9,304,28555,1,1.0
97,0.0,0.0,0.0,1.0,8.0,10,130.3492088237129,130.3492088237129,pobre,basal,3,4400.0,649.0,1.0,47.0,16,304,28556,8,1.0
98,0.0,0.0,0.0,1.0,9.0,10,130.3492088237129,130.3492088237129,pobre,basal,3,4400.0,649.0,1.0,47.0,17,304,28556,8,1.0
97,1.0,0.0,0.0,1.0,6.0,10,130.3492088237129,130.3492088237129,pobre,basal,3,4400.0,649.0,1.0,47.0,14,304,28557,6,1.0
98,1.0,0.0,0.0,1.0,7.0,10,130.3492088237129,130.3492088237129,pobre,basal,3,4400.0,649.0,1.0,47.0,15,304,28557,6,1.0
97,1.0,0.0,0.0,1.0,4.0,10,130.3492088237129,130.3492088237129,pobre,basal,3,4400.0,649.0,1.0,47.0,13,304,28558,4,1.0
98,1.0,0.0,0.0,1.0,5.0,10,130.3492088237129,130.3492088237129,pobre,basal,3,4400.0,649.0,1.0,47.0,14,304,28558,4,1.0
97,0.0,0.0,0.0,1.0,5.0,10,130.3492088237129,130.3492088237129,pobre,basal,3,4400.0,649.0,1.0,47.0,11,304,28559,5,1.0
98,0.0,0.0,0.0,1.0,5.0,10,130.3492088237129,130.3492088237129,pobre,basal,3,4400.0,649.0,1.0,47.0,12,304,28559,5,1.0
97,1.0,0.0,0.0,1.0,2.0,10,130.3492088237129,130.3492088237129,pobre,basal,3,4400.0,649.0,1.0,47.0,10,304,28560,2,1.0
98,1.0,0.0,0.0,1.0,3.0,10,130.3492088237129,130.3492088237129,pobre,basal,3,4400.0,649.0,1.0,47.0,11,304,28560,2,1.0
97,0.0,0.0,0.0,1.0,1.0,10,130.3492088237129,130.3492088237129,pobre,basal,3,4400.0,649.0,1.0,47.0,7,304,28561,1,1.0
98,0.0,0.0,0.0,1.0,1.0,10,130.3492088237129,130.3492088237129,pobre,basal,3,4400.0,649.0,1.0,47.0,8,304,28561,1,1.0
97,0.0,0.0,0.0,0.0,9.0,3,130.3492088237129,130.3492088237129,no pobre,basal,0,250.0,1205.0,1.0,58.0,16,304,28562,9,0.0
98,0.0,0.0,0.0,,,3,130.3492088237129,130.3492088237129,no pobre,basal,0,250.0,1205.0,1.0,58.0,17,304,28562,9,0.0
97,0.0,0.0,0.0,1.0,2.0,5,130.3492088237129,130.3492088237129,no pobre,basal,4,500.0,1041.0,1.0,54.0,10,304,28563,2,1.0
98,0.0,0.0,0.0,1.0,3.0,5,130.3492088237129,130.3492088237129,no pobre,basal,4,500.0,1041.0,1.0,54.0,11,304,28563,2,1.0
97,0.0,0.0,0.0,1.0,4.0,11,130.3492088237129,130.3492088237129,pobre,basal,0,333.33334,575.5,1.0,54.0,11,304,28564,4,1.0
98,0.0,0.0,0.0,1.0,6.0,11,130.3492088237129,130.3492088237129,pobre,basal,0,333.33334,575.5,1.0,54.0,12,304,28564,4,1.0
97,0.0,0.0,0.0,1.0,0.0,11,130.3492088237129,130.3492088237129,pobre,basal,0,333.33334,575.5,1.0,54.0,6,304,28565,0,1.0
98,0.0,0.0,0.0,1.0,1.0,11,130.3492088237129,130.3492088237129,pobre,basal,0,333.33334,575.5,1.0,54.0,7,304,28565,0,1.0
97,1.0,0.0,0.0,0.0,2.0,11,130.3492088237129,130.3492088237129,pobre,basal,0,333.33334,575.5,1.0,54.0,14,304,28566,2,0.0
98,1.0,0.0,0.0,,,11,130.3492088237129,130.3492088237129,pobre,basal,0,333.33334,575.5,1.0,54.0,15,304,28566,2,0.0
97,1.0,0.0,0.0,1.0,7.0,5,130.3492088237129,130.3492088237129,pobre,basal,4,2800.0,820.0,1.0,44.0,15,304,28567,7,1.0
98,1.0,0.0,0.0,1.0,8.0,5,130.3492088237129,130.3492088237129,pobre,basal,4,2800.0,820.0,1.0,44.0,16,304,28567,7,1.0
97,1.0,0.0,0.0,1.0,4.0,5,130.3492088237129,130.3492088237129,pobre,basal,4,2800.0,820.0,1.0,44.0,13,304,28568,4,1.0
98,1.0,0.0,0.0,1.0,5.0,5,130.3492088237129,130.3492088237129,pobre,basal,4,2800.0,820.0,1.0,44.0,14,304,28568,4,1.0
97,1.0,0.0,0.0,1.0,5.0,5,130.3492088237129,130.3492088237129,pobre,basal,4,2800.0,820.0,1.0,44.0,12,304,28569,5,1.0
98,1.0,0.0,0.0,1.0,6.0,5,130.3492088237129,130.3492088237129,pobre,basal,4,2800.0,820.0,1.0,44.0,13,304,28569,5,1.0
97,0.0,0.0,0.0,1.0,6.0,6,132.6925304465425,189.5756633055016,pobre,0,6,1400.0,649.65698,1.0,34.0,12,315,28570,6,1.0
98,0.0,0.0,0.0,1.0,7.0,6,132.6925304465425,189.5756633055016,pobre,0,6,1400.0,649.65698,1.0,34.0,13,315,28570,6,1.0
97,0.0,0.0,0.0,1.0,4.0,6,132.6925304465425,189.5756633055016,pobre,0,6,1400.0,649.65698,1.0,34.0,10,315,28571,4,1.0
98,0.0,0.0,0.0,1.0,5.0,6,132.6925304465425,189.5756633055016,pobre,0,6,1400.0,649.65698,1.0,34.0,11,315,28571,4,1.0
97,0.0,0.0,0.0,1.0,1.0,6,132.6925304465425,189.5756633055016,pobre,0,6,1400.0,649.65698,1.0,34.0,8,315,28572,1,1.0
98,0.0,0.0,0.0,1.0,2.0,6,132.6925304465425,189.5756633055016,pobre,0,6,1400.0,649.65698,1.0,34.0,9,315,28572,1,1.0
97,1.0,0.0,0.0,0.0,8.0,9,132.6925304465425,189.5756633055016,pobre,0,6,1250.0,747.0,1.0,40.0,15,315,28573,8,0.0
98,1.0,0.0,0.0,,,9,132.6925304465425,189.5756633055016,pobre,0,6,1250.0,747.0,1.0,40.0,16,315,28573,8,0.0
97,1.0,0.0,0.0,1.0,8.0,9,132.6925304465425,189.5756633055016,pobre,0,6,1250.0,747.0,1.0,40.0,14,315,28574,8,1.0
98,1.0,0.0,0.0,,,9,132.6925304465425,189.5756633055016,pobre,0,6,1250.0,747.0,1.0,40.0,15,315,28574,8,1.0
97,1.0,0.0,0.0,1.0,5.0,9,132.6925304465425,189.5756633055016,pobre,0,6,1250.0,747.0,1.0,40.0,12,315,28575,5,1.0
98,1.0,0.0,0.0,,,9,132.6925304465425,189.5756633055016,pobre,0,6,1250.0,747.0,1.0,40.0,13,315,28575,5,1.0
97,1.0,0.0,0.0,1.0,4.0,9,132.6925304465425,189.5756633055016,pobre,0,6,1250.0,747.0,1.0,40.0,10,315,28576,4,1.0
98,1.0,0.0,0.0,,,9,132.6925304465425,189.5756633055016,pobre,0,6,1250.0,747.0,1.0,40.0,11,315,28576,4,1.0
97,1.0,0.0,0.0,0.0,9.0,10,132.6925304465425,189.5756633055016,pobre,0,6,600.0,804.0,1.0,47.0,16,315,28577,9,0.0
98,1.0,0.0,0.0,,,10,132.6925304465425,189.5756633055016,pobre,0,6,600.0,804.0,1.0,47.0,17,315,28577,9,0.0
97,0.0,0.0,0.0,0.0,9.0,10,132.6925304465425,189.5756633055016,pobre,0,6,600.0,804.0,1.0,47.0,14,315,28578,9,0.0
98,0.0,0.0,0.0,0.0,9.0,10,132.6925304465425,189.5756633055016,pobre,0,6,600.0,804.0,1.0,47.0,15,315,28578,9,0.0
97,1.0,0.0,0.0,1.0,4.0,10,132.6925304465425,189.5756633055016,pobre,0,6,600.0,804.0,1.0,47.0,11,315,28579,4,1.0
98,1.0,0.0,0.0,1.0,5.0,10,132.6925304465425,189.5756633055016,pobre,0,6,600.0,804.0,1.0,47.0,12,315,28579,4,1.0
97,0.0,0.0,0.0,1.0,3.0,10,132.6925304465425,189.5756633055016,pobre,0,6,600.0,804.0,1.0,47.0,9,315,28580,3,1.0
98,0.0,0.0,0.0,1.0,4.0,10,132.6925304465425,189.5756633055016,pobre,0,6,600.0,804.0,1.0,47.0,10,315,28580,3,1.0
97,1.0,0.0,0.0,1.0,3.0,5,132.6925304465425,189.5756633055016,pobre,0,4,1000.0,834.0,1.0,30.0,10,315,28581,3,1.0
98,1.0,0.0,0.0,1.0,4.0,5,132.6925304465425,189.5756633055016,pobre,0,4,1000.0,834.0,1.0,30.0,11,315,28581,3,1.0
97,1.0,0.0,0.0,1.0,1.0,5,132.6925304465425,189.5756633055016,pobre,0,4,1000.0,834.0,1.0,30.0,8,315,28582,1,1.0
98,1.0,0.0,0.0,1.0,2.0,5,132.6925304465425,189.5756633055016,pobre,0,4,1000.0,834.0,1.0,30.0,9,315,28582,1,1.0
97,0.0,0.0,0.0,1.0,4.0,8,132.6925304465425,189.5756633055016,pobre,0,0,0.0,568.0,0.0,63.0,10,315,28583,4,1.0
98,0.0,0.0,0.0,1.0,5.0,8,132.6925304465425,189.5756633055016,pobre,0,0,0.0,568.0,0.0,63.0,11,315,28583,4,1.0
97,1.0,0.0,0.0,1.0,3.0,8,132.6925304465425,189.5756633055016,pobre,0,0,0.0,568.0,0.0,63.0,9,315,28584,3,1.0
98,1.0,0.0,0.0,1.0,4.0,8,132.6925304465425,189.5756633055016,pobre,0,0,0.0,568.0,0.0,63.0,10,315,28584,3,1.0
97,1.0,0.0,0.0,1.0,1.0,3,132.6925304465425,189.5756633055016,pobre,0,6,1120.0,879.0,1.0,34.0,7,315,28585,1,1.0
98,1.0,0.0,0.0,1.0,2.0,3,132.6925304465425,189.5756633055016,pobre,0,6,1120.0,879.0,1.0,34.0,8,315,28585,1,1.0
97,0.0,0.0,0.0,1.0,9.0,4,135.0014846701755,185.9942662226078,pobre,basal,12,2000.0,1056.0,1.0,40.0,16,318,28586,9,1.0
98,0.0,0.0,0.0,,,4,135.0014846701755,185.9942662226078,pobre,basal,12,2000.0,1056.0,1.0,40.0,17,318,28586,9,1.0
97,1.0,0.0,0.0,1.0,7.0,4,135.0014846701755,185.9942662226078,pobre,basal,12,2000.0,1056.0,1.0,40.0,13,318,28587,7,1.0
98,1.0,0.0,0.0,1.0,7.0,4,135.0014846701755,185.9942662226078,pobre,basal,12,2000.0,1056.0,1.0,40.0,14,318,28587,7,1.0
97,0.0,0.0,0.0,1.0,7.0,5,135.0014846701755,185.9942662226078,no pobre,basal,3,0.0,989.5,0.0,57.0,15,318,28588,7,1.0
98,0.0,0.0,0.0,1.0,8.0,5,135.0014846701755,185.9942662226078,no pobre,basal,3,0.0,989.5,0.0,57.0,16,318,28588,7,1.0
97,0.0,0.0,0.0,1.0,9.0,4,135.0014846701755,185.9942662226078,pobre,basal,4,1200.0,1046.0,0.0,43.0,16,318,28589,9,1.0
98,0.0,0.0,0.0,,,4,135.0014846701755,185.9942662226078,pobre,basal,4,1200.0,1046.0,0.0,43.0,17,318,28589,9,1.0
97,0.0,0.0,0.0,1.0,8.0,4,135.0014846701755,185.9942662226078,pobre,basal,4,1200.0,1046.0,0.0,43.0,15,318,28590,8,1.0
98,0.0,0.0,0.0,1.0,9.0,4,135.0014846701755,185.9942662226078,pobre,basal,4,1200.0,1046.0,0.0,43.0,16,318,28590,8,1.0
97,0.0,0.0,0.0,1.0,7.0,4,135.0014846701755,185.9942662226078,pobre,basal,4,1200.0,1046.0,0.0,43.0,14,318,28591,7,1.0
98,0.0,0.0,0.0,1.0,8.0,4,135.0014846701755,185.9942662226078,pobre,basal,4,1200.0,1046.0,0.0,43.0,15,318,28591,7,1.0
97,0.0,0.0,0.0,1.0,6.0,6,135.0014846701755,185.9942662226078,pobre,basal,9,0.0,918.0,0.0,37.0,12,318,28592,6,1.0
98,0.0,0.0,0.0,1.0,7.0,6,135.0014846701755,185.9942662226078,pobre,basal,9,0.0,918.0,0.0,37.0,13,318,28592,6,1.0
97,1.0,0.0,0.0,1.0,2.0,6,135.0014846701755,185.9942662226078,pobre,basal,9,0.0,918.0,0.0,37.0,9,318,28593,2,1.0
98,1.0,0.0,0.0,1.0,3.0,6,135.0014846701755,185.9942662226078,pobre,basal,9,0.0,918.0,0.0,37.0,10,318,28593,2,1.0
97,1.0,0.0,0.0,1.0,1.0,6,135.0014846701755,185.9942662226078,pobre,basal,9,0.0,918.0,0.0,37.0,8,318,28594,1,1.0
98,1.0,0.0,0.0,1.0,2.0,6,135.0014846701755,185.9942662226078,pobre,basal,9,0.0,918.0,0.0,37.0,9,318,28594,1,1.0
97,0.0,0.0,5.5580001,1.0,7.0,7,66.40399448891257,66.40399448891257,no pobre,basal,2,2400.0,954.33331,1.0,50.0,13,330,28595,7,1.0
98,0.0,0.0,5.5580001,1.0,8.0,7,66.40399448891257,66.40399448891257,no pobre,basal,2,2400.0,954.33331,1.0,50.0,14,330,28595,7,1.0
97,1.0,0.0,5.5580001,1.0,2.0,7,66.40399448891257,66.40399448891257,no pobre,basal,2,2400.0,954.33331,1.0,50.0,8,330,28596,2,1.0
98,1.0,0.0,5.5580001,1.0,3.0,7,66.40399448891257,66.40399448891257,no pobre,basal,2,2400.0,954.33331,1.0,50.0,9,330,28596,2,1.0
97,1.0,0.0,5.5580001,0.0,9.0,8,66.40399448891257,66.40399448891257,pobre,basal,2,333.33334,734.20001,1.0,66.0,15,330,28597,9,0.0
98,1.0,0.0,5.5580001,0.0,9.0,8,66.40399448891257,66.40399448891257,pobre,basal,2,333.33334,734.20001,1.0,66.0,16,330,28597,9,0.0
97,0.0,0.0,5.5580001,1.0,5.0,5,66.40399448891257,66.40399448891257,no pobre,basal,3,0.0,930.0,1.0,51.0,10,330,28598,5,1.0
98,0.0,0.0,5.5580001,1.0,6.0,5,66.40399448891257,66.40399448891257,no pobre,basal,3,0.0,930.0,1.0,51.0,11,330,28598,5,1.0
97,0.0,0.0,5.5580001,0.0,6.0,8,66.40399448891257,66.40399448891257,pobre,basal,3,2000.0,856.0,1.0,50.0,15,330,28599,6,0.0
98,0.0,0.0,5.5580001,,,8,66.40399448891257,66.40399448891257,pobre,basal,3,2000.0,856.0,1.0,50.0,16,330,28599,6,0.0
97,1.0,0.0,5.5580001,1.0,6.0,8,66.40399448891257,66.40399448891257,pobre,basal,3,2000.0,856.0,1.0,50.0,12,330,28600,6,1.0
98,1.0,0.0,5.5580001,,,8,66.40399448891257,66.40399448891257,pobre,basal,3,2000.0,856.0,1.0,50.0,13,330,28600,6,1.0
97,1.0,0.0,5.5580001,1.0,4.0,5,66.40399448891257,66.40399448891257,pobre,basal,9,0.0,754.0,0.0,36.0,11,330,28601,4,1.0
98,1.0,0.0,5.5580001,1.0,6.0,5,66.40399448891257,66.40399448891257,pobre,basal,9,0.0,754.0,0.0,36.0,12,330,28601,4,1.0
97,0.0,0.0,5.5580001,1.0,1.0,5,66.40399448891257,66.40399448891257,pobre,basal,9,0.0,754.0,0.0,36.0,7,330,28602,1,1.0
98,0.0,0.0,5.5580001,1.0,1.0,5,66.40399448891257,66.40399448891257,pobre,basal,9,0.0,754.0,0.0,36.0,8,330,28602,1,1.0
97,0.0,0.0,5.5580001,1.0,9.0,5,66.40399448891257,66.40399448891257,no pobre,basal,9,1200.0,891.0,1.0,49.0,14,330,28603,9,1.0
98,0.0,0.0,5.5580001,1.0,9.0,5,66.40399448891257,66.40399448891257,no pobre,basal,9,1200.0,891.0,1.0,49.0,15,330,28603,9,1.0
97,1.0,0.0,5.5580001,1.0,3.0,5,66.40399448891257,66.40399448891257,no pobre,basal,9,1200.0,891.0,1.0,49.0,9,330,28604,3,1.0
98,1.0,0.0,5.5580001,1.0,4.0,5,66.40399448891257,66.40399448891257,no pobre,basal,9,1200.0,891.0,1.0,49.0,10,330,28604,3,1.0
97,0.0,0.0,5.5580001,1.0,0.0,6,66.40399448891257,66.40399448891257,pobre,basal,9,0.0,530.0,0.0,31.0,7,330,28605,0,1.0
98,0.0,0.0,5.5580001,1.0,1.0,6,66.40399448891257,66.40399448891257,pobre,basal,9,0.0,530.0,0.0,31.0,8,330,28605,0,1.0
97,1.0,0.0,5.5580001,1.0,8.0,7,66.40399448891257,66.40399448891257,pobre,basal,6,166.66667,750.0,1.0,41.0,14,330,28606,8,1.0
98,1.0,0.0,5.5580001,1.0,9.0,7,66.40399448891257,66.40399448891257,pobre,basal,6,166.66667,750.0,1.0,41.0,15,330,28606,8,1.0
97,0.0,0.0,5.5580001,1.0,0.0,7,66.40399448891257,66.40399448891257,pobre,basal,6,166.66667,750.0,1.0,41.0,6,330,28607,0,1.0
98,0.0,0.0,5.5580001,1.0,1.0,7,66.40399448891257,66.40399448891257,pobre,basal,6,166.66667,750.0,1.0,41.0,7,330,28607,0,1.0
97,1.0,0.0,5.5580001,1.0,6.0,6,66.40399448891257,66.40399448891257,pobre,basal,9,1600.0,796.0,1.0,38.0,16,330,28608,6,1.0
98,1.0,0.0,5.5580001,,,6,66.40399448891257,66.40399448891257,pobre,basal,9,1600.0,796.0,1.0,38.0,17,330,28608,6,1.0
97,1.0,0.0,5.5580001,1.0,6.0,6,66.40399448891257,66.40399448891257,pobre,basal,9,1600.0,796.0,1.0,38.0,13,330,28609,6,1.0
98,1.0,0.0,5.5580001,1.0,7.0,6,66.40399448891257,66.40399448891257,pobre,basal,9,1600.0,796.0,1.0,38.0,14,330,28609,6,1.0
97,1.0,0.0,5.5580001,1.0,4.0,6,66.40399448891257,66.40399448891257,pobre,basal,9,1600.0,796.0,1.0,38.0,11,330,28610,4,1.0
98,1.0,0.0,5.5580001,1.0,5.0,6,66.40399448891257,66.40399448891257,pobre,basal,9,1600.0,796.0,1.0,38.0,12,330,28610,4,1.0
97,1.0,0.0,5.5580001,1.0,1.0,6,66.40399448891257,66.40399448891257,pobre,basal,9,1600.0,796.0,1.0,38.0,8,330,28611,1,1.0
98,1.0,0.0,5.5580001,1.0,2.0,6,66.40399448891257,66.40399448891257,pobre,basal,9,1600.0,796.0,1.0,38.0,9,330,28611,1,1.0
97,0.0,0.0,0.0,0.0,3.0,8,85.39800473035423,85.39800473035423,pobre,basal,2,800.0,688.66669,1.0,45.0,15,329,28612,3,0.0
98,0.0,0.0,0.0,0.0,3.0,8,85.39800473035423,85.39800473035423,pobre,basal,2,800.0,688.66669,1.0,45.0,16,329,28612,3,0.0
97,0.0,0.0,0.0,0.0,3.0,8,85.39800473035423,85.39800473035423,pobre,basal,2,800.0,688.66669,1.0,45.0,12,329,28613,3,0.0
98,0.0,0.0,0.0,0.0,3.0,8,85.39800473035423,85.39800473035423,pobre,basal,2,800.0,688.66669,1.0,45.0,13,329,28613,3,0.0
97,0.0,0.0,0.0,0.0,2.0,8,85.39800473035423,85.39800473035423,pobre,basal,2,800.0,688.66669,1.0,45.0,14,329,28614,2,0.0
98,0.0,0.0,0.0,0.0,2.0,8,85.39800473035423,85.39800473035423,pobre,basal,2,800.0,688.66669,1.0,45.0,15,329,28614,2,0.0
97,0.0,0.0,0.0,1.0,2.0,8,85.39800473035423,85.39800473035423,pobre,basal,2,800.0,688.66669,1.0,45.0,8,329,28615,2,1.0
98,0.0,0.0,0.0,1.0,3.0,8,85.39800473035423,85.39800473035423,pobre,basal,2,800.0,688.66669,1.0,45.0,9,329,28615,2,1.0
97,1.0,0.0,0.0,0.0,2.0,8,85.39800473035423,85.39800473035423,pobre,basal,2,800.0,688.66669,1.0,45.0,16,329,28616,2,0.0
98,1.0,0.0,0.0,0.0,5.0,8,85.39800473035423,85.39800473035423,pobre,basal,2,800.0,688.66669,1.0,45.0,17,329,28616,2,0.0
97,1.0,0.0,0.0,1.0,8.0,10,149.5727212182313,149.5727212182313,pobre,0,2,1000.0,616.0,1.0,47.0,15,306,28617,8,1.0
98,1.0,0.0,0.0,0.0,9.0,10,149.5727212182313,149.5727212182313,pobre,0,2,1000.0,616.0,1.0,47.0,16,306,28617,8,1.0
97,1.0,0.0,0.0,1.0,7.0,10,149.5727212182313,149.5727212182313,pobre,0,2,1000.0,616.0,1.0,47.0,13,306,28618,7,1.0
98,1.0,0.0,0.0,1.0,8.0,10,149.5727212182313,149.5727212182313,pobre,0,2,1000.0,616.0,1.0,47.0,14,306,28618,7,1.0
97,0.0,0.0,0.0,1.0,4.0,6,149.5727212182313,149.5727212182313,pobre,0,5,750.0,532.0,1.0,31.0,11,306,28619,4,1.0
98,0.0,0.0,0.0,1.0,5.0,6,149.5727212182313,149.5727212182313,pobre,0,5,750.0,532.0,1.0,31.0,12,306,28619,4,1.0
97,1.0,0.0,0.0,0.0,2.0,6,149.5727212182313,149.5727212182313,pobre,0,5,750.0,532.0,1.0,31.0,9,306,28620,2,0.0
98,1.0,0.0,0.0,1.0,3.0,6,149.5727212182313,149.5727212182313,pobre,0,5,750.0,532.0,1.0,31.0,10,306,28620,2,0.0
97,1.0,0.0,0.0,1.0,0.0,6,149.5727212182313,149.5727212182313,pobre,0,5,750.0,532.0,1.0,31.0,6,306,28621,0,1.0
98,1.0,0.0,0.0,1.0,1.0,6,149.5727212182313,149.5727212182313,pobre,0,5,750.0,532.0,1.0,31.0,7,306,28621,0,1.0
97,1.0,0.0,0.0,1.0,1.0,9,149.5727212182313,149.5727212182313,pobre,0,0,750.0,540.0,1.0,66.0,8,306,28622,1,1.0
98,1.0,0.0,0.0,1.0,2.0,9,149.5727212182313,149.5727212182313,pobre,0,0,750.0,540.0,1.0,66.0,9,306,28622,1,1.0
97,1.0,0.0,0.0,1.0,0.0,9,149.5727212182313,149.5727212182313,pobre,0,0,750.0,540.0,1.0,66.0,7,306,28623,0,1.0
98,1.0,0.0,0.0,1.0,1.0,9,149.5727212182313,149.5727212182313,pobre,0,0,750.0,540.0,1.0,66.0,8,306,28623,0,1.0
97,0.0,0.0,0.0,1.0,2.0,9,149.5727212182313,149.5727212182313,pobre,0,0,750.0,540.0,1.0,66.0,11,306,28624,2,1.0
98,0.0,0.0,0.0,1.0,3.0,9,149.5727212182313,149.5727212182313,pobre,0,0,750.0,540.0,1.0,66.0,12,306,28624,2,1.0
97,0.0,,0.0,1.0,3.0,9,149.5727212182313,149.5727212182313,pobre,0,0,750.0,540.0,1.0,66.0,9,306,28625,3,1.0
98,0.0,,0.0,1.0,4.0,9,149.5727212182313,149.5727212182313,pobre,0,0,750.0,540.0,1.0,66.0,10,306,28625,3,1.0
97,0.0,0.0,0.0,0.0,6.0,3,149.5727212182313,149.5727212182313,pobre,0,5,0.0,568.0,0.0,39.0,13,306,28626,6,0.0
98,0.0,0.0,0.0,0.0,6.0,3,149.5727212182313,149.5727212182313,pobre,0,5,0.0,568.0,0.0,39.0,14,306,28626,6,0.0
97,0.0,0.0,0.0,1.0,5.0,3,149.5727212182313,149.5727212182313,pobre,0,5,0.0,568.0,0.0,39.0,11,306,28627,5,1.0
98,0.0,0.0,0.0,1.0,5.0,3,149.5727212182313,149.5727212182313,pobre,0,5,0.0,568.0,0.0,39.0,12,306,28627,5,1.0
97,1.0,0.0,0.0,1.0,6.0,8,149.5727212182313,149.5727212182313,pobre,0,0,750.0,534.0,1.0,52.0,11,306,28628,6,1.0
98,1.0,0.0,0.0,1.0,7.0,8,149.5727212182313,149.5727212182313,pobre,0,0,750.0,534.0,1.0,52.0,12,306,28628,6,1.0
97,0.0,0.0,0.0,1.0,0.0,8,149.5727212182313,149.5727212182313,pobre,0,0,750.0,534.0,1.0,52.0,7,306,28629,0,1.0
98,0.0,0.0,0.0,1.0,1.0,8,149.5727212182313,149.5727212182313,pobre,0,0,750.0,534.0,1.0,52.0,8,306,28629,0,1.0
97,1.0,0.0,0.0,1.0,2.0,4,149.5727212182313,149.5727212182313,pobre,0,2,750.0,629.0,1.0,63.0,10,306,28630,2,1.0
98,1.0,0.0,0.0,1.0,3.0,4,149.5727212182313,149.5727212182313,pobre,0,2,750.0,629.0,1.0,63.0,11,306,28630,2,1.0
97,1.0,0.0,0.0,0.0,9.0,7,149.5727212182313,149.5727212182313,pobre,0,6,625.0,588.0,1.0,64.0,15,306,28631,9,0.0
98,1.0,0.0,0.0,0.0,9.0,7,149.5727212182313,149.5727212182313,pobre,0,6,625.0,588.0,1.0,64.0,16,306,28631,9,0.0
97,0.0,0.0,0.0,0.0,9.0,7,149.5727212182313,149.5727212182313,pobre,0,6,625.0,588.0,1.0,64.0,15,306,28632,9,0.0
98,0.0,0.0,0.0,0.0,9.0,7,149.5727212182313,149.5727212182313,pobre,0,6,625.0,588.0,1.0,64.0,16,306,28632,9,0.0
97,0.0,0.0,0.0,0.0,9.0,6,149.5727212182313,149.5727212182313,no pobre,0,6,500.0,624.0,1.0,41.0,16,306,28633,9,0.0
98,0.0,0.0,0.0,,,6,149.5727212182313,149.5727212182313,no pobre,0,6,500.0,624.0,1.0,41.0,17,306,28633,9,0.0
97,1.0,0.0,0.0,1.0,7.0,6,149.5727212182313,149.5727212182313,no pobre,0,6,500.0,624.0,1.0,41.0,12,306,28634,7,1.0
98,1.0,0.0,0.0,1.0,8.0,6,149.5727212182313,149.5727212182313,no pobre,0,6,500.0,624.0,1.0,41.0,13,306,28634,7,1.0
97,0.0,0.0,0.0,1.0,0.0,6,149.5727212182313,149.5727212182313,no pobre,0,6,500.0,624.0,1.0,41.0,6,306,28635,0,1.0
98,0.0,0.0,0.0,1.0,1.0,6,149.5727212182313,149.5727212182313,no pobre,0,6,500.0,624.0,1.0,41.0,7,306,28635,0,1.0
97,1.0,0.0,0.0,0.0,9.0,5,149.5727212182313,149.5727212182313,no pobre,0,3,0.0,632.0,1.0,51.0,16,306,28636,9,0.0
98,1.0,0.0,0.0,,,5,149.5727212182313,149.5727212182313,no pobre,0,3,0.0,632.0,1.0,51.0,17,306,28636,9,0.0
97,1.0,0.0,0.0,1.0,6.0,5,149.5727212182313,149.5727212182313,no pobre,0,3,0.0,632.0,1.0,51.0,12,306,28637,6,1.0
98,1.0,0.0,0.0,1.0,7.0,5,149.5727212182313,149.5727212182313,no pobre,0,3,0.0,632.0,1.0,51.0,13,306,28637,6,1.0
97,0.0,0.0,0.0,1.0,5.0,6,149.5727212182313,149.5727212182313,pobre,0,4,1440.0,459.0,1.0,41.0,13,306,28638,5,1.0
98,0.0,0.0,0.0,0.0,6.0,6,149.5727212182313,149.5727212182313,pobre,0,4,1440.0,459.0,1.0,41.0,14,306,28638,5,1.0
97,1.0,0.0,0.0,1.0,7.0,10,149.5727212182313,149.5727212182313,no pobre,0,3,500.0,638.0,1.0,51.0,15,306,28639,7,1.0
98,1.0,0.0,0.0,1.0,8.0,10,149.5727212182313,149.5727212182313,no pobre,0,3,500.0,638.0,1.0,51.0,16,306,28639,7,1.0
97,0.0,0.0,0.0,0.0,6.0,10,149.5727212182313,149.5727212182313,no pobre,0,3,500.0,638.0,1.0,51.0,13,306,28640,6,0.0
98,0.0,0.0,0.0,0.0,6.0,10,149.5727212182313,149.5727212182313,no pobre,0,3,500.0,638.0,1.0,51.0,14,306,28640,6,0.0
97,0.0,0.0,0.0,1.0,2.0,10,149.5727212182313,149.5727212182313,no pobre,0,3,500.0,638.0,1.0,51.0,8,306,28641,2,1.0
98,0.0,0.0,0.0,1.0,3.0,10,149.5727212182313,149.5727212182313,no pobre,0,3,500.0,638.0,1.0,51.0,9,306,28641,2,1.0
97,0.0,0.0,0.0,1.0,9.0,5,149.5727212182313,149.5727212182313,pobre,0,0,0.0,515.0,0.0,82.0,15,306,28642,9,1.0
98,0.0,0.0,0.0,0.0,9.0,5,149.5727212182313,149.5727212182313,pobre,0,0,0.0,515.0,0.0,82.0,16,306,28642,9,1.0
97,1.0,0.0,0.0,1.0,6.0,5,149.5727212182313,149.5727212182313,pobre,0,0,0.0,515.0,0.0,82.0,14,306,28643,6,1.0
98,1.0,0.0,0.0,1.0,7.0,5,149.5727212182313,149.5727212182313,pobre,0,0,0.0,515.0,0.0,82.0,15,306,28643,6,1.0
97,0.0,0.0,0.0,0.0,6.0,9,149.5727212182313,149.5727212182313,no pobre,0,3,1050.0,614.0,1.0,48.0,16,306,28644,6,0.0
98,0.0,0.0,0.0,,,9,149.5727212182313,149.5727212182313,no pobre,0,3,1050.0,614.0,1.0,48.0,17,306,28644,6,0.0
97,1.0,0.0,0.0,1.0,6.0,9,149.5727212182313,149.5727212182313,no pobre,0,3,1050.0,614.0,1.0,48.0,15,306,28645,6,1.0
98,1.0,0.0,0.0,1.0,7.0,9,149.5727212182313,149.5727212182313,no pobre,0,3,1050.0,614.0,1.0,48.0,16,306,28645,6,1.0
97,0.0,0.0,0.0,1.0,3.0,9,149.5727212182313,149.5727212182313,no pobre,0,3,1050.0,614.0,1.0,48.0,10,306,28646,3,1.0
98,0.0,0.0,0.0,1.0,4.0,9,149.5727212182313,149.5727212182313,no pobre,0,3,1050.0,614.0,1.0,48.0,11,306,28646,3,1.0
97,0.0,0.0,0.0,0.0,9.0,5,149.5727212182313,149.5727212182313,pobre,0,3,961.66669,547.0,1.0,63.0,14,306,28647,9,0.0
98,0.0,0.0,0.0,0.0,9.0,5,149.5727212182313,149.5727212182313,pobre,0,3,961.66669,547.0,1.0,63.0,15,306,28647,9,0.0
97,0.0,0.0,0.0,1.0,8.0,5,149.5727212182313,149.5727212182313,no pobre,0,3,175.0,637.0,1.0,74.0,14,306,28648,8,1.0
98,0.0,0.0,0.0,0.0,9.0,5,149.5727212182313,149.5727212182313,no pobre,0,3,175.0,637.0,1.0,74.0,15,306,28648,8,1.0
97,0.0,0.0,0.0,1.0,6.0,7,149.5727212182313,149.5727212182313,no pobre,0,3,500.0,603.0,1.0,45.0,12,306,28649,6,1.0
98,0.0,0.0,0.0,1.0,7.0,7,149.5727212182313,149.5727212182313,no pobre,0,3,500.0,603.0,1.0,45.0,13,306,28649,6,1.0
97,1.0,0.0,0.0,1.0,4.0,7,149.5727212182313,149.5727212182313,no pobre,0,3,500.0,603.0,1.0,45.0,11,306,28650,4,1.0
98,1.0,0.0,0.0,1.0,5.0,7,149.5727212182313,149.5727212182313,no pobre,0,3,500.0,603.0,1.0,45.0,12,306,28650,4,1.0
97,1.0,0.0,5.5580001,1.0,6.0,6,66.40399448891257,66.40399448891257,pobre,basal,5,4300.0,639.0,1.0,32.0,13,330,28651,6,1.0
98,1.0,0.0,5.5580001,1.0,6.0,6,66.40399448891257,66.40399448891257,pobre,basal,5,4300.0,639.0,1.0,32.0,14,330,28651,6,1.0
97,1.0,0.0,5.5580001,1.0,1.0,6,66.40399448891257,66.40399448891257,pobre,basal,5,4300.0,639.0,1.0,32.0,11,330,28652,1,1.0
98,1.0,0.0,5.5580001,,,6,66.40399448891257,66.40399448891257,pobre,basal,5,4300.0,639.0,1.0,32.0,12,330,28652,1,1.0
97,0.0,0.0,0.0,1.0,8.0,6,149.5727212182313,149.5727212182313,no pobre,0,3,500.0,621.0,1.0,36.0,13,306,28653,8,1.0
98,0.0,0.0,0.0,1.0,8.0,6,149.5727212182313,149.5727212182313,no pobre,0,3,500.0,621.0,1.0,36.0,14,306,28653,8,1.0
97,1.0,0.0,0.0,1.0,5.0,6,149.5727212182313,149.5727212182313,no pobre,0,3,500.0,621.0,1.0,36.0,11,306,28654,5,1.0
98,1.0,0.0,0.0,1.0,6.0,6,149.5727212182313,149.5727212182313,no pobre,0,3,500.0,621.0,1.0,36.0,12,306,28654,5,1.0
97,0.0,0.0,0.0,1.0,4.0,6,149.5727212182313,149.5727212182313,no pobre,0,3,500.0,621.0,1.0,36.0,9,306,28655,4,1.0
98,0.0,0.0,0.0,1.0,5.0,6,149.5727212182313,149.5727212182313,no pobre,0,3,500.0,621.0,1.0,36.0,10,306,28655,4,1.0
97,0.0,0.0,0.0,1.0,0.0,6,149.5727212182313,149.5727212182313,no pobre,0,3,0.0,662.0,1.0,56.0,6,306,28656,0,1.0
98,0.0,0.0,0.0,1.0,1.0,6,149.5727212182313,149.5727212182313,no pobre,0,3,0.0,662.0,1.0,56.0,7,306,28656,0,1.0
97,0.0,0.0,0.0,1.0,6.0,8,149.5727212182313,149.5727212182313,pobre,0,2,333.33334,547.0,1.0,37.0,12,306,28657,6,1.0
98,0.0,0.0,0.0,1.0,7.0,8,149.5727212182313,149.5727212182313,pobre,0,2,333.33334,547.0,1.0,37.0,13,306,28657,6,1.0
97,1.0,0.0,0.0,1.0,5.0,8,149.5727212182313,149.5727212182313,pobre,0,2,333.33334,547.0,1.0,37.0,11,306,28658,5,1.0
98,1.0,0.0,0.0,1.0,6.0,8,149.5727212182313,149.5727212182313,pobre,0,2,333.33334,547.0,1.0,37.0,12,306,28658,5,1.0
97,1.0,0.0,0.0,1.0,3.0,8,149.5727212182313,149.5727212182313,pobre,0,2,333.33334,547.0,1.0,37.0,8,306,28659,3,1.0
98,1.0,0.0,0.0,1.0,4.0,8,149.5727212182313,149.5727212182313,pobre,0,2,333.33334,547.0,1.0,37.0,9,306,28659,3,1.0
97,0.0,0.0,0.0,1.0,5.0,6,149.5727212182313,149.5727212182313,no pobre,0,3,333.33334,617.0,1.0,64.0,10,306,28660,5,1.0
98,0.0,0.0,0.0,1.0,6.0,6,149.5727212182313,149.5727212182313,no pobre,0,3,333.33334,617.0,1.0,64.0,11,306,28660,5,1.0
97,1.0,0.0,0.0,1.0,2.0,6,149.5727212182313,149.5727212182313,no pobre,0,3,333.33334,617.0,1.0,64.0,7,306,28661,2,1.0
98,1.0,0.0,0.0,1.0,3.0,6,149.5727212182313,149.5727212182313,no pobre,0,3,333.33334,617.0,1.0,64.0,8,306,28661,2,1.0
97,1.0,0.0,0.0,1.0,8.0,4,149.5727212182313,149.5727212182313,pobre,0,6,750.0,578.0,0.0,40.0,15,306,28662,8,1.0
98,1.0,0.0,0.0,0.0,9.0,4,149.5727212182313,149.5727212182313,pobre,0,6,750.0,578.0,0.0,40.0,16,306,28662,8,1.0
97,0.0,0.0,0.0,1.0,8.0,3,149.5727212182313,149.5727212182313,pobre,0,3,0.0,625.0,0.0,55.0,14,306,28663,8,1.0
98,0.0,0.0,0.0,1.0,9.0,3,149.5727212182313,149.5727212182313,pobre,0,3,0.0,625.0,0.0,55.0,15,306,28663,8,1.0
97,0.0,0.0,0.0,1.0,4.0,3,149.5727212182313,149.5727212182313,pobre,0,3,0.0,625.0,0.0,55.0,10,306,28664,4,1.0
98,0.0,0.0,0.0,,,3,149.5727212182313,149.5727212182313,pobre,0,3,0.0,625.0,0.0,55.0,11,306,28664,4,1.0
97,0.0,0.0,0.0,1.0,2.0,5,149.5727212182313,149.5727212182313,pobre,0,6,750.0,503.0,1.0,30.0,8,306,28665,2,1.0
98,0.0,0.0,0.0,1.0,3.0,5,149.5727212182313,149.5727212182313,pobre,0,6,750.0,503.0,1.0,30.0,9,306,28665,2,1.0
97,1.0,0.0,0.0,1.0,4.0,11,149.5727212182313,149.5727212182313,no pobre,0,3,583.33331,659.0,1.0,57.0,11,306,28666,4,1.0
98,1.0,0.0,0.0,1.0,5.0,11,149.5727212182313,149.5727212182313,no pobre,0,3,583.33331,659.0,1.0,57.0,12,306,28666,4,1.0
97,0.0,0.0,0.0,1.0,8.0,5,149.5727212182313,149.5727212182313,pobre,0,3,333.33334,545.0,1.0,67.0,13,306,28667,8,1.0
98,0.0,0.0,0.0,1.0,9.0,5,149.5727212182313,149.5727212182313,pobre,0,3,333.33334,545.0,1.0,67.0,14,306,28667,8,1.0
97,1.0,0.0,0.0,1.0,4.0,5,149.5727212182313,149.5727212182313,pobre,0,3,333.33334,545.0,1.0,67.0,11,306,28668,4,1.0
98,1.0,0.0,0.0,1.0,5.0,5,149.5727212182313,149.5727212182313,pobre,0,3,333.33334,545.0,1.0,67.0,12,306,28668,4,1.0
97,0.0,0.0,0.0,1.0,1.0,5,149.5727212182313,149.5727212182313,pobre,0,3,333.33334,545.0,1.0,67.0,6,306,28669,1,1.0
98,0.0,0.0,0.0,1.0,2.0,5,149.5727212182313,149.5727212182313,pobre,0,3,333.33334,545.0,1.0,67.0,7,306,28669,1,1.0
97,0.0,0.0,0.0,,9.0,9,149.5727212182313,149.5727212182313,no pobre,0,0,583.33331,619.0,1.0,72.0,16,306,28670,9,
98,0.0,0.0,0.0,,,9,149.5727212182313,149.5727212182313,no pobre,0,0,583.33331,619.0,1.0,72.0,17,306,28670,9,
97,1.0,0.0,0.0,1.0,8.0,5,149.5727212182313,149.5727212182313,pobre,0,3,583.33331,545.0,1.0,47.0,13,306,28671,8,1.0
98,1.0,0.0,0.0,1.0,9.0,5,149.5727212182313,149.5727212182313,pobre,0,3,583.33331,545.0,1.0,47.0,14,306,28671,8,1.0
97,1.0,0.0,0.0,1.0,2.0,5,149.5727212182313,149.5727212182313,pobre,0,3,583.33331,545.0,1.0,47.0,7,306,28672,2,1.0
98,1.0,0.0,0.0,1.0,3.0,5,149.5727212182313,149.5727212182313,pobre,0,3,583.33331,545.0,1.0,47.0,8,306,28672,2,1.0
97,0.0,0.0,0.0,0.0,9.0,7,149.5727212182313,149.5727212182313,pobre,0,4,625.0,459.0,1.0,39.0,16,306,28673,9,0.0
98,0.0,0.0,0.0,,,7,149.5727212182313,149.5727212182313,pobre,0,4,625.0,459.0,1.0,39.0,17,306,28673,9,0.0
97,0.0,0.0,0.0,0.0,6.0,7,149.5727212182313,149.5727212182313,pobre,0,4,625.0,459.0,1.0,39.0,14,306,28674,6,0.0
98,0.0,0.0,0.0,0.0,6.0,7,149.5727212182313,149.5727212182313,pobre,0,4,625.0,459.0,1.0,39.0,15,306,28674,6,0.0
97,0.0,0.0,0.0,1.0,6.0,7,149.5727212182313,149.5727212182313,pobre,0,4,625.0,459.0,1.0,39.0,12,306,28675,6,1.0
98,0.0,0.0,0.0,0.0,6.0,7,149.5727212182313,149.5727212182313,pobre,0,4,625.0,459.0,1.0,39.0,13,306,28675,6,1.0
97,1.0,0.0,0.0,1.0,4.0,7,149.5727212182313,149.5727212182313,pobre,0,4,625.0,459.0,1.0,39.0,10,306,28676,4,1.0
98,1.0,0.0,0.0,1.0,5.0,7,149.5727212182313,149.5727212182313,pobre,0,4,625.0,459.0,1.0,39.0,11,306,28676,4,1.0
97,1.0,0.0,0.0,1.0,4.0,7,149.5727212182313,149.5727212182313,pobre,0,4,625.0,459.0,1.0,39.0,10,306,28677,4,1.0
98,1.0,0.0,0.0,,,7,149.5727212182313,149.5727212182313,pobre,0,4,625.0,459.0,1.0,39.0,11,306,28677,4,1.0
97,0.0,0.0,9.6990004,,0.0,13,116.2867993347519,116.2867993347519,pobre,basal,0,1250.0,551.33331,1.0,60.0,14,333,28678,0,
98,0.0,0.0,9.6990004,,,13,116.2867993347519,116.2867993347519,pobre,basal,0,1250.0,551.33331,1.0,60.0,15,333,28678,0,
97,1.0,0.0,9.6990004,1.0,2.0,13,116.2867993347519,116.2867993347519,pobre,basal,0,1250.0,551.33331,1.0,60.0,8,333,28679,2,1.0
98,1.0,0.0,9.6990004,1.0,3.0,13,116.2867993347519,116.2867993347519,pobre,basal,0,1250.0,551.33331,1.0,60.0,9,333,28679,2,1.0
97,0.0,0.0,9.6990004,1.0,1.0,13,116.2867993347519,116.2867993347519,pobre,basal,0,1250.0,551.33331,1.0,60.0,7,333,28680,1,1.0
98,0.0,0.0,9.6990004,1.0,2.0,13,116.2867993347519,116.2867993347519,pobre,basal,0,1250.0,551.33331,1.0,60.0,8,333,28680,1,1.0
97,1.0,0.0,5.9910002,0.0,3.0,6,151.2519753566532,151.2519753566532,no pobre,0,4,200.0,644.0,0.0,50.0,15,305,28681,3,0.0
98,1.0,0.0,5.9910002,0.0,3.0,6,151.2519753566532,151.2519753566532,no pobre,0,4,200.0,644.0,0.0,50.0,16,305,28681,3,0.0
97,1.0,0.0,5.9910002,1.0,1.0,3,151.2519753566532,151.2519753566532,pobre,0,9,0.0,610.0,0.0,25.0,6,305,28682,1,1.0
98,1.0,0.0,5.9910002,1.0,1.0,3,151.2519753566532,151.2519753566532,pobre,0,9,0.0,610.0,0.0,25.0,7,305,28682,1,1.0
97,0.0,0.0,5.9910002,1.0,3.0,5,151.2519753566532,151.2519753566532,no pobre,0,3,166.66667,677.0,1.0,52.0,8,305,28683,3,1.0
98,0.0,0.0,5.9910002,1.0,4.0,5,151.2519753566532,151.2519753566532,no pobre,0,3,166.66667,677.0,1.0,52.0,9,305,28683,3,1.0
97,0.0,0.0,5.9910002,1.0,4.0,5,151.2519753566532,151.2519753566532,pobre,0,3,250.0,553.0,1.0,49.0,10,305,28684,4,1.0
98,0.0,0.0,5.9910002,1.0,5.0,5,151.2519753566532,151.2519753566532,pobre,0,3,250.0,553.0,1.0,49.0,11,305,28684,4,1.0
97,1.0,0.0,5.9910002,1.0,2.0,5,151.2519753566532,151.2519753566532,pobre,0,3,250.0,553.0,1.0,49.0,7,305,28685,2,1.0
98,1.0,0.0,5.9910002,1.0,3.0,5,151.2519753566532,151.2519753566532,pobre,0,3,250.0,553.0,1.0,49.0,8,305,28685,2,1.0
97,0.0,0.0,5.9910002,1.0,0.0,5,151.2519753566532,151.2519753566532,pobre,0,3,250.0,553.0,1.0,49.0,6,305,28686,0,1.0
98,0.0,0.0,5.9910002,1.0,1.0,5,151.2519753566532,151.2519753566532,pobre,0,3,250.0,553.0,1.0,49.0,7,305,28686,0,1.0
97,1.0,0.0,5.9910002,1.0,6.0,3,151.2519753566532,151.2519753566532,no pobre,0,9,91.666664,717.0,1.0,34.0,13,305,28687,6,1.0
98,1.0,0.0,5.9910002,,,3,151.2519753566532,151.2519753566532,no pobre,0,9,91.666664,717.0,1.0,34.0,14,305,28687,6,1.0
97,1.0,0.0,5.9910002,1.0,10.0,11,151.2519753566532,151.2519753566532,pobre,0,2,0.0,691.0,1.0,58.0,16,305,28688,10,1.0
98,1.0,0.0,5.9910002,1.0,9.0,11,151.2519753566532,151.2519753566532,pobre,0,2,0.0,691.0,1.0,58.0,17,305,28688,10,1.0
97,0.0,0.0,5.9910002,1.0,7.0,11,151.2519753566532,151.2519753566532,pobre,0,2,0.0,691.0,1.0,58.0,12,305,28689,7,1.0
98,0.0,0.0,5.9910002,1.0,3.0,11,151.2519753566532,151.2519753566532,pobre,0,2,0.0,691.0,1.0,58.0,13,305,28689,7,1.0
97,1.0,0.0,5.9910002,1.0,2.0,4,151.2519753566532,151.2519753566532,pobre,0,2,83.333336,594.0,1.0,69.0,7,305,28690,2,1.0
98,1.0,0.0,5.9910002,1.0,3.0,4,151.2519753566532,151.2519753566532,pobre,0,2,83.333336,594.0,1.0,69.0,8,305,28690,2,1.0
97,1.0,0.0,5.9910002,0.0,6.0,5,151.2519753566532,151.2519753566532,pobre,0,3,250.0,526.0,1.0,41.0,12,305,28691,6,0.0
98,1.0,0.0,5.9910002,1.0,6.0,5,151.2519753566532,151.2519753566532,pobre,0,3,250.0,526.0,1.0,41.0,13,305,28691,6,0.0
97,1.0,0.0,5.9910002,1.0,4.0,5,151.2519753566532,151.2519753566532,pobre,0,3,250.0,526.0,1.0,41.0,9,305,28692,4,1.0
98,1.0,0.0,5.9910002,1.0,5.0,5,151.2519753566532,151.2519753566532,pobre,0,3,250.0,526.0,1.0,41.0,10,305,28692,4,1.0
97,1.0,0.0,5.9910002,0.0,6.0,4,151.2519753566532,151.2519753566532,pobre,0,3,500.0,654.0,1.0,54.0,14,305,28693,6,0.0
98,1.0,0.0,5.9910002,1.0,7.0,4,151.2519753566532,151.2519753566532,pobre,0,3,500.0,654.0,1.0,54.0,15,305,28693,6,0.0
97,1.0,0.0,5.9910002,1.0,3.0,5,151.2519753566532,151.2519753566532,pobre,0,3,166.66667,502.0,1.0,30.0,10,305,28694,3,1.0
98,1.0,0.0,5.9910002,1.0,4.0,5,151.2519753566532,151.2519753566532,pobre,0,3,166.66667,502.0,1.0,30.0,11,305,28694,3,1.0
97,1.0,0.0,5.9910002,1.0,1.0,5,151.2519753566532,151.2519753566532,pobre,0,3,166.66667,502.0,1.0,30.0,8,305,28695,1,1.0
98,1.0,0.0,5.9910002,1.0,2.0,5,151.2519753566532,151.2519753566532,pobre,0,3,166.66667,502.0,1.0,30.0,9,305,28695,1,1.0
97,1.0,0.0,5.9910002,1.0,7.0,5,151.2519753566532,151.2519753566532,pobre,0,2,166.66667,546.0,1.0,54.0,14,305,28696,7,1.0
98,1.0,0.0,5.9910002,1.0,3.0,5,151.2519753566532,151.2519753566532,pobre,0,2,166.66667,546.0,1.0,54.0,15,305,28696,7,1.0
97,1.0,0.0,5.9910002,1.0,6.0,5,151.2519753566532,151.2519753566532,pobre,0,2,166.66667,546.0,1.0,54.0,12,305,28697,6,1.0
98,1.0,0.0,5.9910002,1.0,7.0,5,151.2519753566532,151.2519753566532,pobre,0,2,166.66667,546.0,1.0,54.0,13,305,28697,6,1.0
97,0.0,0.0,5.9910002,1.0,4.0,6,151.2519753566532,151.2519753566532,no pobre,0,6,0.0,652.0,0.0,51.0,10,305,28698,4,1.0
98,0.0,0.0,5.9910002,1.0,5.0,6,151.2519753566532,151.2519753566532,no pobre,0,6,0.0,652.0,0.0,51.0,11,305,28698,4,1.0
97,1.0,0.0,5.9910002,1.0,5.0,7,151.2519753566532,151.2519753566532,pobre,0,3,500.0,441.0,1.0,50.0,11,305,28699,5,1.0
98,1.0,0.0,5.9910002,1.0,6.0,7,151.2519753566532,151.2519753566532,pobre,0,3,500.0,441.0,1.0,50.0,12,305,28699,5,1.0
97,0.0,0.0,5.9910002,1.0,4.0,7,151.2519753566532,151.2519753566532,pobre,0,3,500.0,441.0,1.0,50.0,9,305,28700,4,1.0
98,0.0,0.0,5.9910002,1.0,4.0,7,151.2519753566532,151.2519753566532,pobre,0,3,500.0,441.0,1.0,50.0,10,305,28700,4,1.0
97,1.0,0.0,5.9910002,0.0,6.0,5,151.2519753566532,151.2519753566532,no pobre,0,3,0.0,641.0,1.0,52.0,16,305,28701,6,0.0
98,1.0,0.0,5.9910002,0.0,6.0,5,151.2519753566532,151.2519753566532,no pobre,0,3,0.0,641.0,1.0,52.0,17,305,28701,6,0.0
97,1.0,0.0,5.9910002,0.0,6.0,5,151.2519753566532,151.2519753566532,no pobre,0,3,0.0,641.0,1.0,52.0,14,305,28702,6,0.0
98,1.0,0.0,5.9910002,0.0,6.0,5,151.2519753566532,151.2519753566532,no pobre,0,3,0.0,641.0,1.0,52.0,15,305,28702,6,0.0
97,1.0,0.0,5.9910002,1.0,3.0,5,151.2519753566532,151.2519753566532,pobre,0,5,300.0,575.0,1.0,27.0,8,305,28703,3,1.0
98,1.0,0.0,5.9910002,1.0,3.0,5,151.2519753566532,151.2519753566532,pobre,0,5,300.0,575.0,1.0,27.0,9,305,28703,3,1.0
97,0.0,0.0,5.9910002,1.0,2.0,5,151.2519753566532,151.2519753566532,pobre,0,5,300.0,575.0,1.0,27.0,7,305,28704,2,1.0
98,0.0,0.0,5.9910002,1.0,2.0,5,151.2519753566532,151.2519753566532,pobre,0,5,300.0,575.0,1.0,27.0,8,305,28704,2,1.0
97,0.0,0.0,5.9910002,0.0,6.0,9,151.2519753566532,151.2519753566532,pobre,0,3,320.0,374.0,1.0,54.0,13,305,28705,6,0.0
98,0.0,0.0,5.9910002,0.0,6.0,9,151.2519753566532,151.2519753566532,pobre,0,3,320.0,374.0,1.0,54.0,14,305,28705,6,0.0
97,1.0,0.0,5.9910002,1.0,4.0,9,151.2519753566532,151.2519753566532,pobre,0,3,320.0,374.0,1.0,54.0,10,305,28706,4,1.0
98,1.0,0.0,5.9910002,1.0,5.0,9,151.2519753566532,151.2519753566532,pobre,0,3,320.0,374.0,1.0,54.0,11,305,28706,4,1.0
97,0.0,0.0,5.9910002,1.0,1.0,9,151.2519753566532,151.2519753566532,pobre,0,3,320.0,374.0,1.0,54.0,7,305,28707,1,1.0
98,0.0,0.0,5.9910002,1.0,2.0,9,151.2519753566532,151.2519753566532,pobre,0,3,320.0,374.0,1.0,54.0,8,305,28707,1,1.0
97,1.0,0.0,5.9910002,1.0,0.0,9,151.2519753566532,151.2519753566532,pobre,0,3,320.0,374.0,1.0,54.0,6,305,28708,0,1.0
98,1.0,0.0,5.9910002,1.0,1.0,9,151.2519753566532,151.2519753566532,pobre,0,3,320.0,374.0,1.0,54.0,7,305,28708,0,1.0
97,0.0,0.0,0.0,1.0,2.0,6,85.39800473035423,85.39800473035423,pobre,basal,1,600.0,512.0,1.0,59.0,9,329,28709,2,1.0
98,0.0,0.0,0.0,,,6,85.39800473035423,85.39800473035423,pobre,basal,1,600.0,512.0,1.0,59.0,10,329,28709,2,1.0
97,0.0,0.0,0.0,0.0,6.0,6,85.39800473035423,85.39800473035423,pobre,basal,0,625.0,514.0,1.0,40.0,13,329,28710,6,0.0
98,0.0,0.0,0.0,,,6,85.39800473035423,85.39800473035423,pobre,basal,0,625.0,514.0,1.0,40.0,14,329,28710,6,0.0
97,1.0,0.0,0.0,1.0,2.0,6,85.39800473035423,85.39800473035423,pobre,basal,0,625.0,514.0,1.0,40.0,7,329,28711,2,1.0
98,1.0,0.0,0.0,,,6,85.39800473035423,85.39800473035423,pobre,basal,0,625.0,514.0,1.0,40.0,8,329,28711,2,1.0
97,1.0,0.0,0.0,1.0,1.0,6,85.39800473035423,85.39800473035423,pobre,basal,0,625.0,514.0,1.0,40.0,6,329,28712,1,1.0
98,1.0,0.0,0.0,,,6,85.39800473035423,85.39800473035423,pobre,basal,0,625.0,514.0,1.0,40.0,7,329,28712,1,1.0
97,1.0,0.0,0.0,1.0,1.0,3,85.39800473035423,85.39800473035423,pobre,basal,2,0.0,754.0,1.0,71.0,7,329,28713,1,1.0
98,1.0,0.0,0.0,1.0,2.0,3,85.39800473035423,85.39800473035423,pobre,basal,2,0.0,754.0,1.0,71.0,8,329,28713,1,1.0
97,0.0,0.0,0.0,1.0,7.0,6,85.39800473035423,85.39800473035423,pobre,basal,4,360.0,683.0,1.0,38.0,13,329,28714,7,1.0
98,0.0,0.0,0.0,1.0,8.0,6,85.39800473035423,85.39800473035423,pobre,basal,4,360.0,683.0,1.0,38.0,14,329,28714,7,1.0
97,1.0,0.0,0.0,1.0,4.0,6,85.39800473035423,85.39800473035423,pobre,basal,4,360.0,683.0,1.0,38.0,10,329,28715,4,1.0
98,1.0,0.0,0.0,1.0,5.0,6,85.39800473035423,85.39800473035423,pobre,basal,4,360.0,683.0,1.0,38.0,11,329,28715,4,1.0
97,0.0,0.0,0.0,1.0,0.0,6,85.39800473035423,85.39800473035423,pobre,basal,4,360.0,683.0,1.0,38.0,6,329,28716,0,1.0
98,0.0,0.0,0.0,1.0,0.0,6,85.39800473035423,85.39800473035423,pobre,basal,4,360.0,683.0,1.0,38.0,7,329,28716,0,1.0
97,0.0,0.0,0.0,1.0,4.0,9,85.39800473035423,85.39800473035423,no pobre,basal,4,333.33334,887.0,1.0,35.0,10,329,28717,4,1.0
98,0.0,0.0,0.0,1.0,4.0,9,85.39800473035423,85.39800473035423,no pobre,basal,4,333.33334,887.0,1.0,35.0,11,329,28717,4,1.0
97,0.0,0.0,0.0,1.0,2.0,9,85.39800473035423,85.39800473035423,no pobre,basal,4,333.33334,887.0,1.0,35.0,8,329,28718,2,1.0
98,0.0,0.0,0.0,1.0,3.0,9,85.39800473035423,85.39800473035423,no pobre,basal,4,333.33334,887.0,1.0,35.0,9,329,28718,2,1.0
97,0.0,0.0,0.0,1.0,1.0,9,85.39800473035423,85.39800473035423,no pobre,basal,4,333.33334,887.0,1.0,35.0,7,329,28719,1,1.0
98,0.0,0.0,0.0,1.0,2.0,9,85.39800473035423,85.39800473035423,no pobre,basal,4,333.33334,887.0,1.0,35.0,8,329,28719,1,1.0
97,0.0,0.0,0.0,1.0,0.0,9,85.39800473035423,85.39800473035423,no pobre,basal,4,333.33334,887.0,1.0,35.0,6,329,28720,0,1.0
98,0.0,0.0,0.0,1.0,0.0,9,85.39800473035423,85.39800473035423,no pobre,basal,4,333.33334,887.0,1.0,35.0,7,329,28720,0,1.0
97,1.0,0.0,0.0,1.0,1.0,4,85.39800473035423,85.39800473035423,pobre,basal,6,25.0,739.0,1.0,37.0,7,329,28721,1,1.0
98,1.0,0.0,0.0,1.0,2.0,4,85.39800473035423,85.39800473035423,pobre,basal,6,25.0,739.0,1.0,37.0,8,329,28721,1,1.0
97,0.0,0.0,0.0,0.0,9.0,10,85.39800473035423,85.39800473035423,pobre,basal,2,750.0,503.0,1.0,63.0,16,329,28722,9,0.0
98,0.0,0.0,0.0,,,10,85.39800473035423,85.39800473035423,pobre,basal,2,750.0,503.0,1.0,63.0,17,329,28722,9,0.0
97,1.0,0.0,0.0,1.0,7.0,10,85.39800473035423,85.39800473035423,pobre,basal,2,750.0,503.0,1.0,63.0,15,329,28723,7,1.0
98,1.0,0.0,0.0,1.0,8.0,10,85.39800473035423,85.39800473035423,pobre,basal,2,750.0,503.0,1.0,63.0,16,329,28723,7,1.0
97,1.0,0.0,0.0,1.0,6.0,10,85.39800473035423,85.39800473035423,pobre,basal,2,750.0,503.0,1.0,63.0,13,329,28724,6,1.0
98,1.0,0.0,0.0,1.0,7.0,10,85.39800473035423,85.39800473035423,pobre,basal,2,750.0,503.0,1.0,63.0,14,329,28724,6,1.0
97,0.0,0.0,0.0,1.0,2.0,10,85.39800473035423,85.39800473035423,pobre,basal,2,750.0,503.0,1.0,63.0,10,329,28725,2,1.0
98,0.0,0.0,0.0,1.0,3.0,10,85.39800473035423,85.39800473035423,pobre,basal,2,750.0,503.0,1.0,63.0,11,329,28725,2,1.0
97,1.0,0.0,0.0,1.0,0.0,10,85.39800473035423,85.39800473035423,pobre,basal,2,750.0,503.0,1.0,63.0,8,329,28726,0,1.0
98,1.0,0.0,0.0,1.0,1.0,10,85.39800473035423,85.39800473035423,pobre,basal,2,750.0,503.0,1.0,63.0,9,329,28726,0,1.0
97,1.0,0.0,0.0,1.0,0.0,10,85.39800473035423,85.39800473035423,pobre,basal,2,750.0,503.0,1.0,63.0,6,329,28727,0,1.0
98,1.0,0.0,0.0,1.0,1.0,10,85.39800473035423,85.39800473035423,pobre,basal,2,750.0,503.0,1.0,63.0,7,329,28727,0,1.0
97,1.0,0.0,0.0,1.0,3.0,10,85.39800473035423,85.39800473035423,pobre,basal,2,750.0,503.0,1.0,63.0,10,329,28728,3,1.0
98,1.0,0.0,0.0,,,10,85.39800473035423,85.39800473035423,pobre,basal,2,750.0,503.0,1.0,63.0,11,329,28728,3,1.0
97,1.0,0.0,0.0,0.0,6.0,7,85.39800473035423,85.39800473035423,pobre,basal,2,750.0,607.0,1.0,34.0,14,329,28729,6,0.0
98,1.0,0.0,0.0,0.0,6.0,7,85.39800473035423,85.39800473035423,pobre,basal,2,750.0,607.0,1.0,34.0,15,329,28729,6,0.0
97,0.0,0.0,0.0,1.0,5.0,7,85.39800473035423,85.39800473035423,pobre,basal,2,750.0,607.0,1.0,34.0,12,329,28730,5,1.0
98,0.0,0.0,0.0,0.0,6.0,7,85.39800473035423,85.39800473035423,pobre,basal,2,750.0,607.0,1.0,34.0,13,329,28730,5,1.0
97,1.0,0.0,0.0,1.0,5.0,7,85.39800473035423,85.39800473035423,pobre,basal,2,750.0,607.0,1.0,34.0,10,329,28731,5,1.0
98,1.0,0.0,0.0,1.0,2.0,7,85.39800473035423,85.39800473035423,pobre,basal,2,750.0,607.0,1.0,34.0,11,329,28731,5,1.0
97,1.0,0.0,0.0,0.0,9.0,3,85.39800473035423,85.39800473035423,no pobre,basal,3,500.0,912.0,1.0,41.0,15,329,28732,9,0.0
98,1.0,0.0,0.0,0.0,8.0,3,85.39800473035423,85.39800473035423,no pobre,basal,3,500.0,912.0,1.0,41.0,16,329,28732,9,0.0
97,1.0,0.0,0.0,1.0,5.0,7,85.39800473035423,85.39800473035423,pobre,basal,2,0.0,753.0,1.0,72.0,11,329,28733,5,1.0
98,1.0,0.0,0.0,1.0,6.0,7,85.39800473035423,85.39800473035423,pobre,basal,2,0.0,753.0,1.0,72.0,12,329,28733,5,1.0
97,1.0,0.0,0.0,1.0,3.0,7,85.39800473035423,85.39800473035423,pobre,basal,2,0.0,753.0,1.0,72.0,9,329,28734,3,1.0
98,1.0,0.0,0.0,1.0,4.0,7,85.39800473035423,85.39800473035423,pobre,basal,2,0.0,753.0,1.0,72.0,10,329,28734,3,1.0
97,1.0,0.0,0.0,1.0,7.0,7,85.39800473035423,85.39800473035423,pobre,basal,6,880.0,768.0,1.0,35.0,15,329,28735,7,1.0
98,1.0,0.0,0.0,1.0,8.0,7,85.39800473035423,85.39800473035423,pobre,basal,6,880.0,768.0,1.0,35.0,16,329,28735,7,1.0
97,1.0,0.0,0.0,1.0,6.0,7,85.39800473035423,85.39800473035423,pobre,basal,6,880.0,768.0,1.0,35.0,13,329,28736,6,1.0
98,1.0,0.0,0.0,1.0,7.0,7,85.39800473035423,85.39800473035423,pobre,basal,6,880.0,768.0,1.0,35.0,14,329,28736,6,1.0
97,0.0,0.0,0.0,1.0,4.0,7,85.39800473035423,85.39800473035423,pobre,basal,6,880.0,768.0,1.0,35.0,10,329,28737,4,1.0
98,0.0,0.0,0.0,1.0,5.0,7,85.39800473035423,85.39800473035423,pobre,basal,6,880.0,768.0,1.0,35.0,11,329,28737,4,1.0
97,1.0,0.0,0.0,0.0,8.0,10,85.39800473035423,85.39800473035423,pobre,basal,3,0.0,739.0,1.0,54.0,16,329,28738,8,0.0
98,1.0,0.0,0.0,1.0,8.0,10,85.39800473035423,85.39800473035423,pobre,basal,3,0.0,739.0,1.0,54.0,17,329,28738,8,0.0
97,0.0,0.0,0.0,0.0,9.0,10,85.39800473035423,85.39800473035423,pobre,basal,3,0.0,739.0,1.0,54.0,14,329,28739,9,0.0
98,0.0,0.0,0.0,0.0,9.0,10,85.39800473035423,85.39800473035423,pobre,basal,3,0.0,739.0,1.0,54.0,15,329,28739,9,0.0
97,1.0,0.0,0.0,0.0,6.0,10,85.39800473035423,85.39800473035423,pobre,basal,3,0.0,739.0,1.0,54.0,12,329,28740,6,0.0
98,1.0,0.0,0.0,1.0,7.0,10,85.39800473035423,85.39800473035423,pobre,basal,3,0.0,739.0,1.0,54.0,13,329,28740,6,0.0
97,1.0,0.0,0.0,0.0,5.0,10,85.39800473035423,85.39800473035423,pobre,basal,3,0.0,739.0,1.0,54.0,11,329,28741,5,0.0
98,1.0,0.0,0.0,1.0,6.0,10,85.39800473035423,85.39800473035423,pobre,basal,3,0.0,739.0,1.0,54.0,12,329,28741,5,0.0
97,0.0,0.0,0.0,0.0,4.0,10,85.39800473035423,85.39800473035423,pobre,basal,3,0.0,739.0,1.0,54.0,9,329,28742,4,0.0
98,0.0,0.0,0.0,1.0,5.0,10,85.39800473035423,85.39800473035423,pobre,basal,3,0.0,739.0,1.0,54.0,10,329,28742,4,0.0
97,0.0,0.0,0.0,1.0,2.0,3,85.39800473035423,85.39800473035423,pobre,basal,1,250.0,621.0,1.0,66.0,7,329,28743,2,1.0
98,0.0,0.0,0.0,1.0,2.0,3,85.39800473035423,85.39800473035423,pobre,basal,1,250.0,621.0,1.0,66.0,8,329,28743,2,1.0
97,0.0,0.0,0.0,1.0,7.0,4,85.39800473035423,85.39800473035423,pobre,basal,3,125.0,789.0,1.0,51.0,12,329,28744,7,1.0
98,0.0,0.0,0.0,1.0,8.0,4,85.39800473035423,85.39800473035423,pobre,basal,3,125.0,789.0,1.0,51.0,13,329,28744,7,1.0
97,1.0,0.0,0.0,0.0,5.0,4,85.39800473035423,85.39800473035423,pobre,basal,3,125.0,789.0,1.0,51.0,11,329,28745,5,0.0
98,1.0,0.0,0.0,1.0,6.0,4,85.39800473035423,85.39800473035423,pobre,basal,3,125.0,789.0,1.0,51.0,12,329,28745,5,0.0
97,1.0,0.0,0.0,,2.0,4,132.6925304465425,189.5756633055016,pobre,0,8,800.0,716.33099,1.0,32.0,9,315,28746,2,
98,1.0,0.0,0.0,1.0,2.0,4,132.6925304465425,189.5756633055016,pobre,0,8,800.0,716.33099,1.0,32.0,10,315,28746,2,
97,1.0,0.0,0.0,1.0,4.0,4,132.6925304465425,189.5756633055016,pobre,0,4,800.0,909.0,1.0,31.0,9,315,28747,4,1.0
98,1.0,0.0,0.0,1.0,4.0,4,132.6925304465425,189.5756633055016,pobre,0,4,800.0,909.0,1.0,31.0,10,315,28747,4,1.0
97,1.0,0.0,0.0,1.0,1.0,4,132.6925304465425,189.5756633055016,pobre,0,4,800.0,909.0,1.0,31.0,6,315,28748,1,1.0
98,1.0,0.0,0.0,1.0,1.0,4,132.6925304465425,189.5756633055016,pobre,0,4,800.0,909.0,1.0,31.0,7,315,28748,1,1.0
97,1.0,0.0,0.0,1.0,5.0,8,132.6925304465425,189.5756633055016,pobre,0,1,166.66667,626.03802,1.0,46.0,15,315,28749,5,1.0
98,1.0,0.0,0.0,,,8,132.6925304465425,189.5756633055016,pobre,0,1,166.66667,626.03802,1.0,46.0,16,315,28749,5,1.0
97,1.0,0.0,0.0,1.0,2.0,8,132.6925304465425,189.5756633055016,pobre,0,1,166.66667,626.03802,1.0,46.0,12,315,28750,2,1.0
98,1.0,0.0,0.0,,,8,132.6925304465425,189.5756633055016,pobre,0,1,166.66667,626.03802,1.0,46.0,13,315,28750,2,1.0
97,0.0,0.0,0.0,1.0,1.0,8,132.6925304465425,189.5756633055016,pobre,0,1,166.66667,626.03802,1.0,46.0,10,315,28751,1,1.0
98,0.0,0.0,0.0,,,8,132.6925304465425,189.5756633055016,pobre,0,1,166.66667,626.03802,1.0,46.0,11,315,28751,1,1.0
97,1.0,0.0,0.0,1.0,1.0,8,132.6925304465425,189.5756633055016,pobre,0,1,166.66667,626.03802,1.0,46.0,8,315,28752,1,1.0
98,1.0,0.0,0.0,,,8,132.6925304465425,189.5756633055016,pobre,0,1,166.66667,626.03802,1.0,46.0,9,315,28752,1,1.0
97,1.0,0.0,0.0,1.0,1.0,9,85.39800473035423,85.39800473035423,pobre,basal,3,1600.0,782.0,1.0,59.0,9,329,28753,1,1.0
98,1.0,0.0,0.0,1.0,2.0,9,85.39800473035423,85.39800473035423,pobre,basal,3,1600.0,782.0,1.0,59.0,10,329,28753,1,1.0
97,1.0,0.0,0.0,1.0,1.0,9,85.39800473035423,85.39800473035423,pobre,basal,3,1600.0,782.0,1.0,59.0,7,329,28754,1,1.0
98,1.0,0.0,0.0,1.0,2.0,9,85.39800473035423,85.39800473035423,pobre,basal,3,1600.0,782.0,1.0,59.0,8,329,28754,1,1.0
97,0.0,0.0,0.0,0.0,9.0,5,132.6925304465425,189.5756633055016,pobre,0,3,0.0,726.0,1.0,60.0,16,315,28755,9,0.0
98,0.0,0.0,0.0,,,5,132.6925304465425,189.5756633055016,pobre,0,3,0.0,726.0,1.0,60.0,17,315,28755,9,0.0
97,0.0,0.0,0.0,1.0,8.0,3,132.6925304465425,189.5756633055016,pobre,0,6,1200.0,782.0,1.0,35.0,15,315,28756,8,1.0
98,0.0,0.0,0.0,0.0,9.0,3,132.6925304465425,189.5756633055016,pobre,0,6,1200.0,782.0,1.0,35.0,16,315,28756,8,1.0
97,0.0,0.0,0.0,1.0,2.0,5,132.6925304465425,189.5756633055016,pobre,0,9,1000.0,826.0,1.0,29.0,8,315,28757,2,1.0
98,0.0,0.0,0.0,1.0,3.0,5,132.6925304465425,189.5756633055016,pobre,0,9,1000.0,826.0,1.0,29.0,9,315,28757,2,1.0
97,0.0,0.0,0.0,0.0,8.0,16,132.6925304465425,189.5756633055016,no pobre,0,3,1666.6666,1103.4,1.0,61.0,16,315,28758,8,0.0
98,0.0,0.0,0.0,,,16,132.6925304465425,189.5756633055016,no pobre,0,3,1666.6666,1103.4,1.0,61.0,17,315,28758,8,0.0
97,0.0,0.0,0.0,0.0,9.0,16,132.6925304465425,189.5756633055016,no pobre,0,3,1666.6666,1103.4,1.0,61.0,14,315,28759,9,0.0
98,0.0,0.0,0.0,0.0,9.0,16,132.6925304465425,189.5756633055016,no pobre,0,3,1666.6666,1103.4,1.0,61.0,15,315,28759,9,0.0
97,1.0,0.0,0.0,1.0,6.0,16,132.6925304465425,189.5756633055016,no pobre,0,3,1666.6666,1103.4,1.0,61.0,13,315,28760,6,1.0
98,1.0,0.0,0.0,1.0,6.0,16,132.6925304465425,189.5756633055016,no pobre,0,3,1666.6666,1103.4,1.0,61.0,14,315,28760,6,1.0
97,0.0,0.0,0.0,1.0,4.0,16,132.6925304465425,189.5756633055016,no pobre,0,3,1666.6666,1103.4,1.0,61.0,11,315,28761,4,1.0
98,0.0,0.0,0.0,1.0,5.0,16,132.6925304465425,189.5756633055016,no pobre,0,3,1666.6666,1103.4,1.0,61.0,12,315,28761,4,1.0
97,0.0,0.0,0.0,1.0,2.0,16,132.6925304465425,189.5756633055016,no pobre,0,3,1666.6666,1103.4,1.0,61.0,9,315,28762,2,1.0
98,0.0,0.0,0.0,1.0,3.0,16,132.6925304465425,189.5756633055016,no pobre,0,3,1666.6666,1103.4,1.0,61.0,10,315,28762,2,1.0
97,1.0,,0.0,,0.0,16,132.6925304465425,189.5756633055016,no pobre,0,3,1666.6666,1103.4,1.0,61.0,6,315,28763,0,
98,1.0,,0.0,1.0,1.0,16,132.6925304465425,189.5756633055016,no pobre,0,3,1666.6666,1103.4,1.0,61.0,7,315,28763,0,
97,0.0,0.0,0.0,1.0,8.0,5,132.6925304465425,189.5756633055016,pobre,0,9,750.0,706.0,1.0,38.0,14,315,28764,8,1.0
98,0.0,0.0,0.0,0.0,9.0,5,132.6925304465425,189.5756633055016,pobre,0,9,750.0,706.0,1.0,38.0,15,315,28764,8,1.0
97,1.0,0.0,0.0,1.0,6.0,5,132.6925304465425,189.5756633055016,pobre,0,9,750.0,706.0,1.0,38.0,13,315,28765,6,1.0
98,1.0,0.0,0.0,1.0,7.0,5,132.6925304465425,189.5756633055016,pobre,0,9,750.0,706.0,1.0,38.0,14,315,28765,6,1.0
97,1.0,0.0,0.0,1.0,4.0,5,132.6925304465425,189.5756633055016,pobre,0,9,750.0,706.0,1.0,38.0,10,315,28766,4,1.0
98,1.0,0.0,0.0,1.0,5.0,5,132.6925304465425,189.5756633055016,pobre,0,9,750.0,706.0,1.0,38.0,11,315,28766,4,1.0
97,0.0,0.0,0.0,0.0,9.0,5,132.6925304465425,189.5756633055016,no pobre,0,3,83.333336,1045.5,1.0,67.0,16,315,28767,9,0.0
98,0.0,0.0,0.0,,,5,132.6925304465425,189.5756633055016,no pobre,0,3,83.333336,1045.5,1.0,67.0,17,315,28767,9,0.0
97,1.0,0.0,0.0,1.0,3.0,5,132.6925304465425,189.5756633055016,no pobre,0,6,3750.0,1080.0,1.0,35.0,9,315,28768,3,1.0
98,1.0,0.0,0.0,1.0,4.0,5,132.6925304465425,189.5756633055016,no pobre,0,6,3750.0,1080.0,1.0,35.0,10,315,28768,3,1.0
97,1.0,0.0,5.9910002,0.0,6.0,8,151.2519753566532,151.2519753566532,pobre,0,6,166.66667,440.0,1.0,52.0,16,305,28769,6,0.0
98,1.0,0.0,5.9910002,,,8,151.2519753566532,151.2519753566532,pobre,0,6,166.66667,440.0,1.0,52.0,17,305,28769,6,0.0
97,1.0,0.0,5.9910002,0.0,6.0,8,151.2519753566532,151.2519753566532,pobre,0,6,166.66667,440.0,1.0,52.0,14,305,28770,6,0.0
98,1.0,0.0,5.9910002,,,8,151.2519753566532,151.2519753566532,pobre,0,6,166.66667,440.0,1.0,52.0,15,305,28770,6,0.0
97,1.0,0.0,5.9910002,0.0,6.0,8,151.2519753566532,151.2519753566532,pobre,0,6,166.66667,440.0,1.0,52.0,12,305,28771,6,0.0
98,1.0,0.0,5.9910002,,,8,151.2519753566532,151.2519753566532,pobre,0,6,166.66667,440.0,1.0,52.0,13,305,28771,6,0.0
97,0.0,0.0,5.9910002,1.0,5.0,8,151.2519753566532,151.2519753566532,pobre,0,6,166.66667,440.0,1.0,52.0,11,305,28772,5,1.0
98,0.0,0.0,5.9910002,,,8,151.2519753566532,151.2519753566532,pobre,0,6,166.66667,440.0,1.0,52.0,12,305,28772,5,1.0
97,1.0,0.0,5.9910002,1.0,0.0,8,151.2519753566532,151.2519753566532,pobre,0,6,166.66667,440.0,1.0,52.0,6,305,28773,0,1.0
98,1.0,0.0,5.9910002,1.0,1.0,8,151.2519753566532,151.2519753566532,pobre,0,6,166.66667,440.0,1.0,52.0,7,305,28773,0,1.0
97,0.0,0.0,0.0,0.0,9.0,4,133.0617751833358,189.5570573580524,pobre,basal,2,140.66667,749.0,1.0,63.0,15,322,28774,9,0.0
98,0.0,0.0,0.0,0.0,9.0,4,133.0617751833358,189.5570573580524,pobre,basal,2,140.66667,749.0,1.0,63.0,16,322,28774,9,0.0
97,1.0,0.0,0.0,1.0,1.0,7,133.0617751833358,189.5570573580524,no pobre,basal,1,416.66666,1007.0,1.0,58.0,7,322,28775,1,1.0
98,1.0,0.0,0.0,1.0,2.0,7,133.0617751833358,189.5570573580524,no pobre,basal,1,416.66666,1007.0,1.0,58.0,8,322,28775,1,1.0
97,0.0,0.0,0.0,1.0,0.0,7,133.0617751833358,189.5570573580524,no pobre,basal,1,416.66666,1007.0,1.0,58.0,6,322,28776,0,1.0
98,0.0,0.0,0.0,1.0,1.0,7,133.0617751833358,189.5570573580524,no pobre,basal,1,416.66666,1007.0,1.0,58.0,7,322,28776,0,1.0
97,0.0,0.0,0.0,0.0,9.0,8,133.0617751833358,189.5570573580524,pobre,basal,3,10000.0,614.0,1.0,48.0,16,322,28777,9,0.0
98,0.0,0.0,0.0,,,8,133.0617751833358,189.5570573580524,pobre,basal,3,10000.0,614.0,1.0,48.0,17,322,28777,9,0.0
97,1.0,0.0,0.0,1.0,6.0,8,133.0617751833358,189.5570573580524,pobre,basal,3,10000.0,614.0,1.0,48.0,13,322,28778,6,1.0
98,1.0,0.0,0.0,1.0,7.0,8,133.0617751833358,189.5570573580524,pobre,basal,3,10000.0,614.0,1.0,48.0,14,322,28778,6,1.0
97,1.0,0.0,0.0,1.0,4.0,8,133.0617751833358,189.5570573580524,pobre,basal,3,10000.0,614.0,1.0,48.0,11,322,28779,4,1.0
98,1.0,0.0,0.0,1.0,5.0,8,133.0617751833358,189.5570573580524,pobre,basal,3,10000.0,614.0,1.0,48.0,12,322,28779,4,1.0
97,0.0,0.0,0.0,1.0,2.0,8,133.0617751833358,189.5570573580524,pobre,basal,3,10000.0,614.0,1.0,48.0,8,322,28780,2,1.0
98,0.0,0.0,0.0,1.0,3.0,8,133.0617751833358,189.5570573580524,pobre,basal,3,10000.0,614.0,1.0,48.0,9,322,28780,2,1.0
97,1.0,0.0,0.0,1.0,0.0,8,133.0617751833358,189.5570573580524,pobre,basal,3,10000.0,614.0,1.0,48.0,6,322,28781,0,1.0
98,1.0,0.0,0.0,1.0,1.0,8,133.0617751833358,189.5570573580524,pobre,basal,3,10000.0,614.0,1.0,48.0,7,322,28781,0,1.0
97,0.0,0.0,0.0,1.0,2.0,6,133.0617751833358,189.5570573580524,pobre,basal,2,0.0,807.0,1.0,66.0,8,322,28782,2,1.0
98,0.0,0.0,0.0,1.0,3.0,6,133.0617751833358,189.5570573580524,pobre,basal,2,0.0,807.0,1.0,66.0,9,322,28782,2,1.0
97,0.0,0.0,0.0,0.0,3.0,4,132.6925304465425,189.5756633055016,pobre,0,0,720.0,842.0,1.0,35.0,16,315,28783,3,0.0
98,0.0,0.0,0.0,,,4,132.6925304465425,189.5756633055016,pobre,0,0,720.0,842.0,1.0,35.0,17,315,28783,3,0.0
97,0.0,0.0,0.0,1.0,8.0,4,132.6925304465425,189.5756633055016,pobre,0,0,720.0,842.0,1.0,35.0,14,315,28784,8,1.0
98,0.0,0.0,0.0,0.0,9.0,4,132.6925304465425,189.5756633055016,pobre,0,0,720.0,842.0,1.0,35.0,15,315,28784,8,1.0
97,0.0,0.0,0.0,1.0,6.0,4,132.6925304465425,189.5756633055016,pobre,0,4,720.0,742.0,1.0,36.0,13,315,28785,6,1.0
98,0.0,0.0,0.0,1.0,7.0,4,132.6925304465425,189.5756633055016,pobre,0,4,720.0,742.0,1.0,36.0,14,315,28785,6,1.0
97,0.0,0.0,0.0,1.0,2.0,7,132.6925304465425,189.5756633055016,pobre,0,5,1250.0,742.0,1.0,30.0,9,315,28786,2,1.0
98,0.0,0.0,0.0,1.0,3.0,7,132.6925304465425,189.5756633055016,pobre,0,5,1250.0,742.0,1.0,30.0,10,315,28786,2,1.0
97,0.0,0.0,0.0,1.0,5.0,6,132.6925304465425,189.5756633055016,pobre,0,6,0.0,645.0,1.0,33.0,11,315,28787,5,1.0
98,0.0,0.0,0.0,1.0,6.0,6,132.6925304465425,189.5756633055016,pobre,0,6,0.0,645.0,1.0,33.0,12,315,28787,5,1.0
97,0.0,0.0,0.0,1.0,3.0,6,132.6925304465425,189.5756633055016,pobre,0,6,0.0,645.0,1.0,33.0,8,315,28788,3,1.0
98,0.0,0.0,0.0,1.0,4.0,6,132.6925304465425,189.5756633055016,pobre,0,6,0.0,645.0,1.0,33.0,9,315,28788,3,1.0
97,1.0,0.0,0.0,1.0,0.0,6,132.6925304465425,189.5756633055016,pobre,0,6,0.0,645.0,1.0,33.0,7,315,28789,0,1.0
98,1.0,0.0,0.0,1.0,1.0,6,132.6925304465425,189.5756633055016,pobre,0,6,0.0,645.0,1.0,33.0,8,315,28789,0,1.0
97,0.0,0.0,0.0,1.0,1.0,16,133.0617751833358,189.5570573580524,pobre,basal,2,133.33333,844.0,1.0,64.0,6,322,28790,1,1.0
98,0.0,0.0,0.0,1.0,1.0,16,133.0617751833358,189.5570573580524,pobre,basal,2,133.33333,844.0,1.0,64.0,7,322,28790,1,1.0
97,0.0,0.0,0.0,1.0,8.0,16,133.0617751833358,189.5570573580524,pobre,basal,2,133.33333,844.0,1.0,64.0,13,322,28791,8,1.0
98,0.0,0.0,0.0,,,16,133.0617751833358,189.5570573580524,pobre,basal,2,133.33333,844.0,1.0,64.0,14,322,28791,8,1.0
97,0.0,0.0,0.0,1.0,4.0,16,133.0617751833358,189.5570573580524,pobre,basal,2,133.33333,844.0,1.0,64.0,10,322,28792,4,1.0
98,0.0,0.0,0.0,,,16,133.0617751833358,189.5570573580524,pobre,basal,2,133.33333,844.0,1.0,64.0,11,322,28792,4,1.0
97,1.0,0.0,0.0,1.0,2.0,16,133.0617751833358,189.5570573580524,pobre,basal,2,133.33333,844.0,1.0,64.0,7,322,28793,2,1.0
98,1.0,0.0,0.0,,,16,133.0617751833358,189.5570573580524,pobre,basal,2,133.33333,844.0,1.0,64.0,8,322,28793,2,1.0
97,1.0,0.0,0.0,0.0,6.0,4,133.0617751833358,189.5570573580524,pobre,basal,2,50.0,722.0,1.0,42.0,16,322,28794,6,0.0
98,1.0,0.0,0.0,0.0,6.0,4,133.0617751833358,189.5570573580524,pobre,basal,2,50.0,722.0,1.0,42.0,17,322,28794,6,0.0
97,0.0,0.0,0.0,0.0,6.0,4,133.0617751833358,189.5570573580524,pobre,basal,2,50.0,722.0,1.0,42.0,13,322,28795,6,0.0
98,0.0,0.0,0.0,1.0,6.0,4,133.0617751833358,189.5570573580524,pobre,basal,2,50.0,722.0,1.0,42.0,14,322,28795,6,0.0
97,0.0,0.0,0.0,1.0,3.0,7,133.0617751833358,189.5570573580524,pobre,basal,9,41.666668,599.0,1.0,28.0,8,322,28796,3,1.0
98,0.0,0.0,0.0,1.0,3.0,7,133.0617751833358,189.5570573580524,pobre,basal,9,41.666668,599.0,1.0,28.0,9,322,28796,3,1.0
97,0.0,0.0,0.0,1.0,2.0,7,133.0617751833358,189.5570573580524,pobre,basal,9,41.666668,599.0,1.0,28.0,7,322,28797,2,1.0
98,0.0,0.0,0.0,1.0,2.0,7,133.0617751833358,189.5570573580524,pobre,basal,9,41.666668,599.0,1.0,28.0,8,322,28797,2,1.0
97,1.0,0.0,0.0,0.0,8.0,6,133.0617751833358,189.5570573580524,pobre,basal,6,5360.0,834.0,1.0,38.0,14,322,28798,8,0.0
98,1.0,0.0,0.0,,,6,133.0617751833358,189.5570573580524,pobre,basal,6,5360.0,834.0,1.0,38.0,15,322,28798,8,0.0
97,0.0,0.0,0.0,0.0,4.0,6,133.0617751833358,189.5570573580524,pobre,basal,6,5360.0,834.0,1.0,38.0,10,322,28799,4,0.0
98,0.0,0.0,0.0,,,6,133.0617751833358,189.5570573580524,pobre,basal,6,5360.0,834.0,1.0,38.0,11,322,28799,4,0.0
97,1.0,0.0,0.0,0.0,3.0,6,133.0617751833358,189.5570573580524,pobre,basal,6,5360.0,834.0,1.0,38.0,8,322,28800,3,0.0
98,1.0,0.0,0.0,,,6,133.0617751833358,189.5570573580524,pobre,basal,6,5360.0,834.0,1.0,38.0,9,322,28800,3,0.0
97,0.0,0.0,0.0,1.0,8.0,4,133.0617751833358,189.5570573580524,pobre,basal,0,0.0,943.0,0.0,60.0,14,322,28801,8,1.0
98,0.0,0.0,0.0,1.0,9.0,4,133.0617751833358,189.5570573580524,pobre,basal,0,0.0,943.0,0.0,60.0,15,322,28801,8,1.0
97,1.0,0.0,0.0,1.0,5.0,4,133.0617751833358,189.5570573580524,pobre,basal,0,0.0,943.0,0.0,60.0,10,322,28802,5,1.0
98,1.0,0.0,0.0,1.0,5.0,4,133.0617751833358,189.5570573580524,pobre,basal,0,0.0,943.0,0.0,60.0,11,322,28802,5,1.0
97,0.0,0.0,0.0,1.0,5.0,4,132.6925304465425,189.5756633055016,pobre,0,6,300.0,866.0,1.0,34.0,11,315,28803,5,1.0
98,0.0,0.0,0.0,1.0,6.0,4,132.6925304465425,189.5756633055016,pobre,0,6,300.0,866.0,1.0,34.0,12,315,28803,5,1.0
97,1.0,0.0,0.0,1.0,4.0,4,132.6925304465425,189.5756633055016,pobre,0,6,300.0,866.0,1.0,34.0,10,315,28804,4,1.0
98,1.0,0.0,0.0,1.0,5.0,4,132.6925304465425,189.5756633055016,pobre,0,6,300.0,866.0,1.0,34.0,11,315,28804,4,1.0
97,1.0,0.0,0.0,1.0,2.0,4,132.6925304465425,189.5756633055016,pobre,0,1,0.0,944.0,1.0,69.0,8,315,28805,2,1.0
98,1.0,0.0,0.0,1.0,2.0,4,132.6925304465425,189.5756633055016,pobre,0,1,0.0,944.0,1.0,69.0,9,315,28805,2,1.0
97,1.0,0.0,0.0,1.0,3.0,7,133.0617751833358,189.5570573580524,no pobre,basal,0,0.0,1093.207,1.0,88.0,9,322,28806,3,1.0
98,1.0,0.0,0.0,1.0,4.0,7,133.0617751833358,189.5570573580524,no pobre,basal,0,0.0,1093.207,1.0,88.0,10,322,28806,3,1.0
97,0.0,0.0,0.0,1.0,0.0,7,133.0617751833358,189.5570573580524,no pobre,basal,0,0.0,1093.207,1.0,88.0,6,322,28807,0,1.0
98,0.0,0.0,0.0,1.0,0.0,7,133.0617751833358,189.5570573580524,no pobre,basal,0,0.0,1093.207,1.0,88.0,7,322,28807,0,1.0
97,1.0,0.0,0.0,1.0,7.0,7,133.0617751833358,189.5570573580524,pobre,basal,0,6250.0,897.5,1.0,58.0,13,322,28808,7,1.0
98,1.0,0.0,0.0,1.0,8.0,7,133.0617751833358,189.5570573580524,pobre,basal,0,6250.0,897.5,1.0,58.0,14,322,28808,7,1.0
97,0.0,0.0,0.0,0.0,10.0,7,133.0617751833358,189.5570573580524,pobre,basal,0,6250.0,897.5,1.0,58.0,16,322,28809,10,0.0
98,0.0,0.0,0.0,,,7,133.0617751833358,189.5570573580524,pobre,basal,0,6250.0,897.5,1.0,58.0,17,322,28809,10,0.0
97,0.0,0.0,0.0,0.0,8.0,5,133.0617751833358,189.5570573580524,pobre,basal,0,625.0,700.0,1.0,42.0,15,322,28810,8,0.0
98,0.0,0.0,0.0,,8.0,5,133.0617751833358,189.5570573580524,pobre,basal,0,625.0,700.0,1.0,42.0,16,322,28810,8,0.0
97,0.0,0.0,0.0,1.0,5.0,5,133.0617751833358,189.5570573580524,pobre,basal,0,625.0,700.0,1.0,42.0,11,322,28811,5,1.0
98,0.0,0.0,0.0,1.0,6.0,5,133.0617751833358,189.5570573580524,pobre,basal,0,625.0,700.0,1.0,42.0,12,322,28811,5,1.0
97,0.0,0.0,0.0,1.0,0.0,5,133.0617751833358,189.5570573580524,pobre,basal,0,625.0,700.0,1.0,42.0,7,322,28812,0,1.0
98,0.0,0.0,0.0,1.0,1.0,5,133.0617751833358,189.5570573580524,pobre,basal,0,625.0,700.0,1.0,42.0,8,322,28812,0,1.0
97,1.0,0.0,0.0,1.0,6.0,6,132.6925304465425,189.5756633055016,pobre,0,3,0.0,627.33099,1.0,60.0,13,315,28813,6,1.0
98,1.0,0.0,0.0,1.0,7.0,6,132.6925304465425,189.5756633055016,pobre,0,3,0.0,627.33099,1.0,60.0,14,315,28813,6,1.0
97,0.0,0.0,0.0,,0.0,6,132.6925304465425,189.5756633055016,pobre,0,3,0.0,627.33099,1.0,60.0,10,315,28814,0,
98,0.0,0.0,0.0,1.0,4.0,6,132.6925304465425,189.5756633055016,pobre,0,3,0.0,627.33099,1.0,60.0,11,315,28814,0,
97,1.0,0.0,0.0,1.0,7.0,3,132.6925304465425,189.5756633055016,pobre,0,0,0.0,856.5,1.0,53.0,13,315,28815,7,1.0
98,1.0,0.0,0.0,1.0,8.0,3,132.6925304465425,189.5756633055016,pobre,0,0,0.0,856.5,1.0,53.0,14,315,28815,7,1.0
97,0.0,0.0,0.0,0.0,6.0,7,132.6925304465425,189.5756633055016,pobre,0,2,0.0,896.5,1.0,58.0,16,315,28816,6,0.0
98,0.0,0.0,0.0,,,7,132.6925304465425,189.5756633055016,pobre,0,2,0.0,896.5,1.0,58.0,17,315,28816,6,0.0
97,1.0,0.0,0.0,1.0,4.0,4,132.6925304465425,189.5756633055016,pobre,0,3,1200.0,747.0,1.0,34.0,11,315,28817,4,1.0
98,1.0,0.0,0.0,1.0,5.0,4,132.6925304465425,189.5756633055016,pobre,0,3,1200.0,747.0,1.0,34.0,12,315,28817,4,1.0
97,0.0,0.0,0.0,1.0,2.0,4,132.6925304465425,189.5756633055016,pobre,0,3,1200.0,747.0,1.0,34.0,9,315,28818,2,1.0
98,0.0,0.0,0.0,,,4,132.6925304465425,189.5756633055016,pobre,0,3,1200.0,747.0,1.0,34.0,10,315,28818,2,1.0
97,0.0,0.0,0.0,1.0,5.0,3,132.6925304465425,189.5756633055016,pobre,0,6,33.333332,804.0,1.0,37.0,12,315,28819,5,1.0
98,0.0,0.0,0.0,1.0,6.0,3,132.6925304465425,189.5756633055016,pobre,0,6,33.333332,804.0,1.0,37.0,13,315,28819,5,1.0
97,1.0,0.0,0.0,0.0,9.0,7,132.6925304465425,189.5756633055016,pobre,0,0,416.66666,986.0,1.0,61.0,14,315,28820,9,0.0
98,1.0,0.0,0.0,0.0,6.0,7,132.6925304465425,189.5756633055016,pobre,0,0,416.66666,986.0,1.0,61.0,15,315,28820,9,0.0
97,0.0,0.0,0.0,1.0,5.0,7,132.6925304465425,189.5756633055016,pobre,0,0,416.66666,986.0,1.0,61.0,11,315,28821,5,1.0
98,0.0,0.0,0.0,1.0,0.0,7,132.6925304465425,189.5756633055016,pobre,0,0,416.66666,986.0,1.0,61.0,12,315,28821,5,1.0
97,0.0,0.0,4.9949999,0.0,6.0,11,127.6094293770071,127.6094293770071,pobre,basal,0,1250.0,504.66666,1.0,64.0,15,328,28822,6,0.0
98,0.0,0.0,4.9949999,0.0,6.0,11,127.6094293770071,127.6094293770071,pobre,basal,0,1250.0,504.66666,1.0,64.0,16,328,28822,6,0.0
97,1.0,0.0,4.9949999,1.0,8.0,11,127.6094293770071,127.6094293770071,pobre,basal,0,1250.0,504.66666,1.0,64.0,15,328,28823,8,1.0
98,1.0,0.0,4.9949999,0.0,9.0,11,127.6094293770071,127.6094293770071,pobre,basal,0,1250.0,504.66666,1.0,64.0,16,328,28823,8,1.0
97,1.0,0.0,4.9949999,1.0,6.0,11,127.6094293770071,127.6094293770071,pobre,basal,0,1250.0,504.66666,1.0,64.0,14,328,28824,6,1.0
98,1.0,0.0,4.9949999,1.0,7.0,11,127.6094293770071,127.6094293770071,pobre,basal,0,1250.0,504.66666,1.0,64.0,15,328,28824,6,1.0
97,0.0,0.0,4.9949999,1.0,6.0,11,127.6094293770071,127.6094293770071,pobre,basal,0,1250.0,504.66666,1.0,64.0,16,328,28825,6,1.0
98,0.0,0.0,4.9949999,0.0,7.0,11,127.6094293770071,127.6094293770071,pobre,basal,0,1250.0,504.66666,1.0,64.0,17,328,28825,6,1.0
97,0.0,0.0,4.9949999,1.0,5.0,11,127.6094293770071,127.6094293770071,pobre,basal,0,1250.0,504.66666,1.0,64.0,11,328,28826,5,1.0
98,0.0,0.0,4.9949999,0.0,6.0,11,127.6094293770071,127.6094293770071,pobre,basal,0,1250.0,504.66666,1.0,64.0,12,328,28826,5,1.0
97,1.0,0.0,4.9949999,1.0,6.0,11,127.6094293770071,127.6094293770071,pobre,basal,0,1250.0,504.66666,1.0,64.0,13,328,28827,6,1.0
98,1.0,0.0,4.9949999,0.0,7.0,11,127.6094293770071,127.6094293770071,pobre,basal,0,1250.0,504.66666,1.0,64.0,14,328,28827,6,1.0
97,1.0,0.0,4.9949999,1.0,9.0,7,127.6094293770071,127.6094293770071,pobre,basal,0,600.0,688.5,1.0,52.0,16,328,28828,9,1.0
98,1.0,0.0,4.9949999,,,7,127.6094293770071,127.6094293770071,pobre,basal,0,600.0,688.5,1.0,52.0,17,328,28828,9,1.0
97,0.0,0.0,4.9949999,1.0,5.0,7,127.6094293770071,127.6094293770071,pobre,basal,0,600.0,688.5,1.0,52.0,11,328,28829,5,1.0
98,0.0,0.0,4.9949999,1.0,6.0,7,127.6094293770071,127.6094293770071,pobre,basal,0,600.0,688.5,1.0,52.0,12,328,28829,5,1.0
97,0.0,0.0,4.9949999,1.0,0.0,7,127.6094293770071,127.6094293770071,pobre,basal,0,600.0,688.5,1.0,52.0,6,328,28830,0,1.0
98,0.0,0.0,4.9949999,1.0,1.0,7,127.6094293770071,127.6094293770071,pobre,basal,0,600.0,688.5,1.0,52.0,7,328,28830,0,1.0
97,0.0,0.0,4.9949999,0.0,6.0,3,127.6094293770071,127.6094293770071,pobre,basal,0,0.0,640.0,0.0,85.0,15,328,28831,6,0.0
98,0.0,0.0,4.9949999,0.0,6.0,3,127.6094293770071,127.6094293770071,pobre,basal,0,0.0,640.0,0.0,85.0,16,328,28831,6,0.0
97,0.0,0.0,4.9949999,0.0,6.0,12,127.6094293770071,127.6094293770071,pobre,basal,0,0.0,459.0,0.0,75.0,16,328,28832,6,0.0
98,0.0,0.0,4.9949999,,,12,127.6094293770071,127.6094293770071,pobre,basal,0,0.0,459.0,0.0,75.0,17,328,28832,6,0.0
97,0.0,0.0,4.9949999,0.0,6.0,12,127.6094293770071,127.6094293770071,pobre,basal,0,0.0,459.0,0.0,75.0,14,328,28833,6,0.0
98,0.0,0.0,4.9949999,0.0,6.0,12,127.6094293770071,127.6094293770071,pobre,basal,0,0.0,459.0,0.0,75.0,15,328,28833,6,0.0
97,0.0,0.0,4.9949999,0.0,6.0,12,127.6094293770071,127.6094293770071,pobre,basal,0,0.0,459.0,0.0,75.0,13,328,28834,6,0.0
98,0.0,0.0,4.9949999,0.0,6.0,12,127.6094293770071,127.6094293770071,pobre,basal,0,0.0,459.0,0.0,75.0,14,328,28834,6,0.0
97,1.0,0.0,4.9949999,1.0,3.0,12,127.6094293770071,127.6094293770071,pobre,basal,0,0.0,459.0,0.0,75.0,8,328,28835,3,1.0
98,1.0,0.0,4.9949999,1.0,4.0,12,127.6094293770071,127.6094293770071,pobre,basal,0,0.0,459.0,0.0,75.0,9,328,28835,3,1.0
97,0.0,0.0,4.9949999,1.0,0.0,12,127.6094293770071,127.6094293770071,pobre,basal,0,0.0,459.0,0.0,75.0,7,328,28836,0,1.0
98,0.0,0.0,4.9949999,1.0,1.0,12,127.6094293770071,127.6094293770071,pobre,basal,0,0.0,459.0,0.0,75.0,8,328,28836,0,1.0
97,0.0,0.0,4.9949999,1.0,5.0,6,127.6094293770071,127.6094293770071,pobre,basal,2,750.0,403.0,1.0,30.0,11,328,28837,5,1.0
98,0.0,0.0,4.9949999,1.0,6.0,6,127.6094293770071,127.6094293770071,pobre,basal,2,750.0,403.0,1.0,30.0,12,328,28837,5,1.0
97,0.0,0.0,4.9949999,1.0,4.0,6,127.6094293770071,127.6094293770071,pobre,basal,2,750.0,403.0,1.0,30.0,10,328,28838,4,1.0
98,0.0,0.0,4.9949999,1.0,5.0,6,127.6094293770071,127.6094293770071,pobre,basal,2,750.0,403.0,1.0,30.0,11,328,28838,4,1.0
97,0.0,0.0,4.9949999,1.0,1.0,6,127.6094293770071,127.6094293770071,pobre,basal,2,750.0,403.0,1.0,30.0,7,328,28839,1,1.0
98,0.0,0.0,4.9949999,1.0,2.0,6,127.6094293770071,127.6094293770071,pobre,basal,2,750.0,403.0,1.0,30.0,8,328,28839,1,1.0
97,1.0,0.0,4.9949999,1.0,6.0,6,127.6094293770071,127.6094293770071,pobre,basal,3,1000.0,404.0,1.0,32.0,14,328,28840,6,1.0
98,1.0,0.0,4.9949999,0.0,6.0,6,127.6094293770071,127.6094293770071,pobre,basal,3,1000.0,404.0,1.0,32.0,15,328,28840,6,1.0
97,0.0,0.0,4.9949999,1.0,6.0,6,127.6094293770071,127.6094293770071,pobre,basal,3,1000.0,404.0,1.0,32.0,13,328,28841,6,1.0
98,0.0,0.0,4.9949999,1.0,7.0,6,127.6094293770071,127.6094293770071,pobre,basal,3,1000.0,404.0,1.0,32.0,14,328,28841,6,1.0
97,0.0,0.0,4.9949999,1.0,3.0,6,127.6094293770071,127.6094293770071,pobre,basal,3,1000.0,404.0,1.0,32.0,8,328,28842,3,1.0
98,0.0,0.0,4.9949999,1.0,4.0,6,127.6094293770071,127.6094293770071,pobre,basal,3,1000.0,404.0,1.0,32.0,9,328,28842,3,1.0
97,0.0,0.0,4.9949999,1.0,2.0,6,127.6094293770071,127.6094293770071,pobre,basal,3,1000.0,404.0,1.0,32.0,8,328,28843,2,1.0
98,0.0,0.0,4.9949999,1.0,2.0,6,127.6094293770071,127.6094293770071,pobre,basal,3,1000.0,404.0,1.0,32.0,9,328,28843,2,1.0
97,0.0,0.0,4.9949999,1.0,4.0,7,127.6094293770071,127.6094293770071,pobre,basal,0,925.0,517.0,1.0,59.0,12,328,28844,4,1.0
98,0.0,0.0,4.9949999,1.0,5.0,7,127.6094293770071,127.6094293770071,pobre,basal,0,925.0,517.0,1.0,59.0,13,328,28844,4,1.0
97,0.0,0.0,4.9949999,1.0,3.0,7,127.6094293770071,127.6094293770071,pobre,basal,0,925.0,517.0,1.0,59.0,10,328,28845,3,1.0
98,0.0,0.0,4.9949999,1.0,4.0,7,127.6094293770071,127.6094293770071,pobre,basal,0,925.0,517.0,1.0,59.0,11,328,28845,3,1.0
97,1.0,0.0,4.9949999,1.0,2.0,7,127.6094293770071,127.6094293770071,pobre,basal,0,925.0,517.0,1.0,59.0,9,328,28846,2,1.0
98,1.0,0.0,4.9949999,1.0,3.0,7,127.6094293770071,127.6094293770071,pobre,basal,0,925.0,517.0,1.0,59.0,10,328,28846,2,1.0
97,1.0,0.0,4.9949999,1.0,1.0,7,127.6094293770071,127.6094293770071,pobre,basal,0,925.0,517.0,1.0,59.0,7,328,28847,1,1.0
98,1.0,0.0,4.9949999,1.0,2.0,7,127.6094293770071,127.6094293770071,pobre,basal,0,925.0,517.0,1.0,59.0,8,328,28847,1,1.0
97,0.0,0.0,4.9949999,0.0,6.0,8,127.6094293770071,127.6094293770071,pobre,basal,3,0.0,487.66666,1.0,39.0,14,328,28848,6,0.0
98,0.0,0.0,4.9949999,,,8,127.6094293770071,127.6094293770071,pobre,basal,3,0.0,487.66666,1.0,39.0,15,328,28848,6,0.0
97,1.0,0.0,4.9949999,1.0,4.0,8,127.6094293770071,127.6094293770071,pobre,basal,3,0.0,487.66666,1.0,39.0,12,328,28849,4,1.0
98,1.0,0.0,4.9949999,1.0,5.0,8,127.6094293770071,127.6094293770071,pobre,basal,3,0.0,487.66666,1.0,39.0,13,328,28849,4,1.0
97,1.0,0.0,4.9949999,1.0,3.0,8,127.6094293770071,127.6094293770071,pobre,basal,3,0.0,487.66666,1.0,39.0,10,328,28850,3,1.0
98,1.0,0.0,4.9949999,1.0,4.0,8,127.6094293770071,127.6094293770071,pobre,basal,3,0.0,487.66666,1.0,39.0,11,328,28850,3,1.0
97,1.0,0.0,4.9949999,1.0,0.0,8,127.6094293770071,127.6094293770071,pobre,basal,3,0.0,487.66666,1.0,39.0,7,328,28851,0,1.0
98,1.0,0.0,4.9949999,1.0,1.0,8,127.6094293770071,127.6094293770071,pobre,basal,3,0.0,487.66666,1.0,39.0,8,328,28851,0,1.0
97,0.0,0.0,4.9949999,0.0,6.0,6,127.6094293770071,127.6094293770071,pobre,basal,3,0.0,423.0,1.0,33.0,13,328,28852,6,0.0
98,0.0,0.0,4.9949999,1.0,6.0,6,127.6094293770071,127.6094293770071,pobre,basal,3,0.0,423.0,1.0,33.0,14,328,28852,6,0.0
97,1.0,0.0,4.9949999,1.0,5.0,6,127.6094293770071,127.6094293770071,pobre,basal,3,0.0,423.0,1.0,33.0,12,328,28853,5,1.0
98,1.0,0.0,4.9949999,1.0,6.0,6,127.6094293770071,127.6094293770071,pobre,basal,3,0.0,423.0,1.0,33.0,13,328,28853,5,1.0
97,0.0,0.0,4.9949999,1.0,3.0,6,127.6094293770071,127.6094293770071,pobre,basal,3,0.0,423.0,1.0,33.0,9,328,28854,3,1.0
98,0.0,0.0,4.9949999,1.0,4.0,6,127.6094293770071,127.6094293770071,pobre,basal,3,0.0,423.0,1.0,33.0,10,328,28854,3,1.0
97,0.0,0.0,0.0,0.0,6.0,8,72.80421840935115,72.80421840935115,pobre,0,5,1200.0,726.0,1.0,26.0,13,283,28855,6,0.0
98,0.0,0.0,0.0,0.0,6.0,8,72.80421840935115,72.80421840935115,pobre,0,5,1200.0,726.0,1.0,26.0,14,283,28855,6,0.0
97,0.0,0.0,0.0,1.0,10.0,5,72.80421840935115,72.80421840935115,pobre,0,6,1800.0,756.0,1.0,37.0,16,283,28856,10,1.0
98,0.0,0.0,0.0,,,5,72.80421840935115,72.80421840935115,pobre,0,6,1800.0,756.0,1.0,37.0,17,283,28856,10,1.0
97,1.0,0.0,0.0,1.0,7.0,5,72.80421840935115,72.80421840935115,pobre,0,6,1800.0,756.0,1.0,37.0,13,283,28857,7,1.0
98,1.0,0.0,0.0,,,5,72.80421840935115,72.80421840935115,pobre,0,6,1800.0,756.0,1.0,37.0,14,283,28857,7,1.0
97,1.0,0.0,0.0,1.0,0.0,5,72.80421840935115,72.80421840935115,pobre,0,6,1800.0,756.0,1.0,37.0,6,283,28858,0,1.0
98,1.0,0.0,0.0,,,5,72.80421840935115,72.80421840935115,pobre,0,6,1800.0,756.0,1.0,37.0,7,283,28858,0,1.0
97,0.0,0.0,0.0,1.0,7.0,6,72.80421840935115,72.80421840935115,pobre,0,2,750.0,957.0,1.0,60.0,12,283,28859,7,1.0
98,0.0,0.0,0.0,1.0,8.0,6,72.80421840935115,72.80421840935115,pobre,0,2,750.0,957.0,1.0,60.0,13,283,28859,7,1.0
97,1.0,0.0,0.0,1.0,6.0,5,72.80421840935115,72.80421840935115,pobre,0,4,1600.0,859.0,1.0,36.0,12,283,28860,6,1.0
98,1.0,0.0,0.0,1.0,7.0,5,72.80421840935115,72.80421840935115,pobre,0,4,1600.0,859.0,1.0,36.0,13,283,28860,6,1.0
97,1.0,0.0,0.0,1.0,4.0,5,72.80421840935115,72.80421840935115,pobre,0,4,1600.0,859.0,1.0,36.0,11,283,28861,4,1.0
98,1.0,0.0,0.0,1.0,6.0,5,72.80421840935115,72.80421840935115,pobre,0,4,1600.0,859.0,1.0,36.0,12,283,28861,4,1.0
97,0.0,0.0,0.0,1.0,5.0,5,72.80421840935115,72.80421840935115,pobre,0,4,1600.0,859.0,1.0,36.0,11,283,28862,5,1.0
98,0.0,0.0,0.0,1.0,6.0,5,72.80421840935115,72.80421840935115,pobre,0,4,1600.0,859.0,1.0,36.0,12,283,28862,5,1.0
97,0.0,0.0,0.0,0.0,8.0,4,72.80421840935115,72.80421840935115,pobre,0,0,800.0,775.0,1.0,48.0,15,283,28863,8,0.0
98,0.0,0.0,0.0,,,4,72.80421840935115,72.80421840935115,pobre,0,0,800.0,775.0,1.0,48.0,16,283,28863,8,0.0
97,1.0,0.0,0.0,0.0,6.0,10,72.80421840935115,72.80421840935115,pobre,0,3,0.0,771.83099,1.0,60.0,16,283,28864,6,0.0
98,1.0,0.0,0.0,,,10,72.80421840935115,72.80421840935115,pobre,0,3,0.0,771.83099,1.0,60.0,17,283,28864,6,0.0
97,0.0,0.0,0.0,0.0,3.0,13,72.80421840935115,72.80421840935115,pobre,0,0,625.0,980.71429,1.0,60.0,16,283,28865,3,0.0
98,0.0,0.0,0.0,,,13,72.80421840935115,72.80421840935115,pobre,0,0,625.0,980.71429,1.0,60.0,17,283,28865,3,0.0
97,0.0,0.0,0.0,1.0,8.0,13,72.80421840935115,72.80421840935115,pobre,0,0,625.0,980.71429,1.0,60.0,14,283,28866,8,1.0
98,0.0,0.0,0.0,,,13,72.80421840935115,72.80421840935115,pobre,0,0,625.0,980.71429,1.0,60.0,15,283,28866,8,1.0
97,0.0,0.0,0.0,1.0,5.0,13,72.80421840935115,72.80421840935115,pobre,0,0,625.0,980.71429,1.0,60.0,12,283,28867,5,1.0
98,0.0,0.0,0.0,,,13,72.80421840935115,72.80421840935115,pobre,0,0,625.0,980.71429,1.0,60.0,13,283,28867,5,1.0
97,1.0,0.0,0.0,0.0,6.0,13,72.80421840935115,72.80421840935115,pobre,0,0,625.0,980.71429,1.0,60.0,13,283,28868,6,0.0
98,1.0,0.0,0.0,,,13,72.80421840935115,72.80421840935115,pobre,0,0,625.0,980.71429,1.0,60.0,14,283,28868,6,0.0
97,0.0,0.0,0.0,1.0,4.0,5,72.80421840935115,72.80421840935115,pobre,0,6,750.0,738.0,1.0,38.0,10,283,28869,4,1.0
98,0.0,0.0,0.0,1.0,5.0,5,72.80421840935115,72.80421840935115,pobre,0,6,750.0,738.0,1.0,38.0,11,283,28869,4,1.0
97,0.0,0.0,0.0,1.0,1.0,5,72.80421840935115,72.80421840935115,pobre,0,6,750.0,738.0,1.0,38.0,8,283,28870,1,1.0
98,0.0,0.0,0.0,1.0,2.0,5,72.80421840935115,72.80421840935115,pobre,0,6,750.0,738.0,1.0,38.0,9,283,28870,1,1.0
97,0.0,0.0,0.0,0.0,6.0,14,42.16862207729481,42.16862207729481,no pobre,basal,3,0.0,789.0,1.0,54.0,16,202,28871,6,0.0
98,0.0,0.0,0.0,,,14,42.16862207729481,42.16862207729481,no pobre,basal,3,0.0,789.0,1.0,54.0,17,202,28871,6,0.0
97,0.0,0.0,0.0,0.0,6.0,14,42.16862207729481,42.16862207729481,no pobre,basal,3,0.0,789.0,1.0,54.0,14,202,28872,6,0.0
98,0.0,0.0,0.0,0.0,6.0,14,42.16862207729481,42.16862207729481,no pobre,basal,3,0.0,789.0,1.0,54.0,15,202,28872,6,0.0
97,0.0,0.0,0.0,1.0,5.0,14,42.16862207729481,42.16862207729481,no pobre,basal,3,0.0,789.0,1.0,54.0,12,202,28873,5,1.0
98,0.0,0.0,0.0,0.0,6.0,14,42.16862207729481,42.16862207729481,no pobre,basal,3,0.0,789.0,1.0,54.0,13,202,28873,5,1.0
97,0.0,0.0,0.0,1.0,4.0,14,42.16862207729481,42.16862207729481,no pobre,basal,3,0.0,789.0,1.0,54.0,10,202,28874,4,1.0
98,0.0,0.0,0.0,1.0,5.0,14,42.16862207729481,42.16862207729481,no pobre,basal,3,0.0,789.0,1.0,54.0,11,202,28874,4,1.0
97,0.0,0.0,0.0,1.0,2.0,14,42.16862207729481,42.16862207729481,no pobre,basal,3,0.0,789.0,1.0,54.0,8,202,28875,2,1.0
98,0.0,0.0,0.0,1.0,2.0,14,42.16862207729481,42.16862207729481,no pobre,basal,3,0.0,789.0,1.0,54.0,9,202,28875,2,1.0
97,1.0,0.0,2.675,0.0,6.0,10,43.88550107354883,43.88550107354883,no pobre,0,3,750.0,833.0,1.0,57.0,15,246,28876,6,0.0
98,1.0,0.0,2.675,0.0,6.0,10,43.88550107354883,43.88550107354883,no pobre,0,3,750.0,833.0,1.0,57.0,16,246,28876,6,0.0
97,0.0,0.0,2.675,1.0,0.0,10,43.88550107354883,43.88550107354883,no pobre,0,3,750.0,833.0,1.0,57.0,6,246,28877,0,1.0
98,0.0,0.0,2.675,1.0,0.0,10,43.88550107354883,43.88550107354883,no pobre,0,3,750.0,833.0,1.0,57.0,7,246,28877,0,1.0
97,0.0,0.0,3.6010001,0.0,4.0,7,89.38165253308725,89.38165253308725,pobre,basal,6,1200.0,645.0,1.0,34.0,12,295,28878,4,0.0
98,0.0,0.0,3.6010001,0.0,4.0,7,89.38165253308725,89.38165253308725,pobre,basal,6,1200.0,645.0,1.0,34.0,13,295,28878,4,0.0
97,0.0,0.0,3.6010001,1.0,3.0,7,89.38165253308725,89.38165253308725,pobre,basal,6,1200.0,645.0,1.0,34.0,11,295,28879,3,1.0
98,0.0,0.0,3.6010001,1.0,4.0,7,89.38165253308725,89.38165253308725,pobre,basal,6,1200.0,645.0,1.0,34.0,12,295,28879,3,1.0
97,1.0,0.0,3.6010001,,0.0,7,89.38165253308725,89.38165253308725,pobre,basal,6,1200.0,645.0,1.0,34.0,9,295,28880,0,
98,1.0,0.0,3.6010001,1.0,2.0,7,89.38165253308725,89.38165253308725,pobre,basal,6,1200.0,645.0,1.0,34.0,10,295,28880,0,
97,0.0,0.0,3.6010001,,0.0,7,89.38165253308725,89.38165253308725,pobre,basal,6,1200.0,645.0,1.0,34.0,6,295,28881,0,
98,0.0,0.0,3.6010001,,,7,89.38165253308725,89.38165253308725,pobre,basal,6,1200.0,645.0,1.0,34.0,7,295,28881,0,
97,1.0,0.0,3.6010001,1.0,1.0,3,89.38165253308725,89.38165253308725,pobre,basal,0,83.333336,836.0,1.0,70.0,8,295,28882,1,1.0
98,1.0,0.0,3.6010001,1.0,1.0,3,89.38165253308725,89.38165253308725,pobre,basal,0,83.333336,836.0,1.0,70.0,9,295,28882,1,1.0
97,1.0,0.0,3.6010001,0.0,6.0,6,89.38165253308725,89.38165253308725,no pobre,basal,6,416.66666,863.0,1.0,42.0,15,295,28883,6,0.0
98,1.0,0.0,3.6010001,0.0,6.0,6,89.38165253308725,89.38165253308725,no pobre,basal,6,416.66666,863.0,1.0,42.0,16,295,28883,6,0.0
97,0.0,0.0,3.6010001,1.0,4.0,6,89.38165253308725,89.38165253308725,no pobre,basal,6,416.66666,863.0,1.0,42.0,11,295,28884,4,1.0
98,0.0,0.0,3.6010001,1.0,6.0,6,89.38165253308725,89.38165253308725,no pobre,basal,6,416.66666,863.0,1.0,42.0,12,295,28884,4,1.0
97,1.0,0.0,3.6010001,1.0,0.0,6,89.38165253308725,89.38165253308725,no pobre,basal,6,416.66666,863.0,1.0,42.0,6,295,28885,0,1.0
98,1.0,0.0,3.6010001,1.0,1.0,6,89.38165253308725,89.38165253308725,no pobre,basal,6,416.66666,863.0,1.0,42.0,7,295,28885,0,1.0
97,0.0,0.0,3.6010001,1.0,4.0,4,89.38165253308725,89.38165253308725,pobre,basal,3,800.0,772.0,1.0,62.0,10,295,28886,4,1.0
98,0.0,0.0,3.6010001,1.0,4.0,4,89.38165253308725,89.38165253308725,pobre,basal,3,800.0,772.0,1.0,62.0,11,295,28886,4,1.0
97,1.0,0.0,3.6010001,1.0,1.0,4,89.38165253308725,89.38165253308725,pobre,basal,3,800.0,772.0,1.0,62.0,7,295,28887,1,1.0
98,1.0,0.0,3.6010001,1.0,2.0,4,89.38165253308725,89.38165253308725,pobre,basal,3,800.0,772.0,1.0,62.0,8,295,28887,1,1.0
97,1.0,0.0,4.5120001,1.0,8.0,9,60.22839731787766,60.22839731787766,no pobre,basal,3,83.333336,1073.6,1.0,50.0,15,275,28888,8,1.0
98,1.0,0.0,4.5120001,0.0,9.0,9,60.22839731787766,60.22839731787766,no pobre,basal,3,83.333336,1073.6,1.0,50.0,16,275,28888,8,1.0
97,0.0,0.0,4.5120001,1.0,7.0,9,60.22839731787766,60.22839731787766,no pobre,basal,3,83.333336,1073.6,1.0,50.0,13,275,28889,7,1.0
98,0.0,0.0,4.5120001,1.0,8.0,9,60.22839731787766,60.22839731787766,no pobre,basal,3,83.333336,1073.6,1.0,50.0,14,275,28889,7,1.0
97,1.0,0.0,4.5120001,1.0,5.0,9,60.22839731787766,60.22839731787766,no pobre,basal,3,83.333336,1073.6,1.0,50.0,11,275,28890,5,1.0
98,1.0,0.0,4.5120001,1.0,6.0,9,60.22839731787766,60.22839731787766,no pobre,basal,3,83.333336,1073.6,1.0,50.0,12,275,28890,5,1.0
97,0.0,0.0,0.0,0.0,6.0,11,42.16862207729481,42.16862207729481,no pobre,basal,1,0.0,823.85712,1.0,50.0,15,202,28891,6,0.0
98,0.0,0.0,0.0,0.0,6.0,11,42.16862207729481,42.16862207729481,no pobre,basal,1,0.0,823.85712,1.0,50.0,16,202,28891,6,0.0
97,1.0,0.0,0.0,0.0,6.0,11,42.16862207729481,42.16862207729481,no pobre,basal,1,0.0,823.85712,1.0,50.0,14,202,28892,6,0.0
98,1.0,0.0,0.0,0.0,6.0,11,42.16862207729481,42.16862207729481,no pobre,basal,1,0.0,823.85712,1.0,50.0,15,202,28892,6,0.0
97,1.0,0.0,0.0,1.0,5.0,11,42.16862207729481,42.16862207729481,no pobre,basal,1,0.0,823.85712,1.0,50.0,13,202,28893,5,1.0
98,1.0,0.0,0.0,0.0,6.0,11,42.16862207729481,42.16862207729481,no pobre,basal,1,0.0,823.85712,1.0,50.0,14,202,28893,5,1.0
97,1.0,0.0,0.0,1.0,2.0,11,42.16862207729481,42.16862207729481,no pobre,basal,1,0.0,823.85712,1.0,50.0,8,202,28894,2,1.0
98,1.0,0.0,0.0,1.0,2.0,11,42.16862207729481,42.16862207729481,no pobre,basal,1,0.0,823.85712,1.0,50.0,9,202,28894,2,1.0
97,0.0,0.0,0.0,0.0,6.0,9,42.16862207729481,42.16862207729481,pobre,basal,0,0.0,718.5,1.0,49.0,16,202,28895,6,0.0
98,0.0,0.0,0.0,,,9,42.16862207729481,42.16862207729481,pobre,basal,0,0.0,718.5,1.0,49.0,17,202,28895,6,0.0
97,1.0,0.0,0.0,0.0,6.0,9,42.16862207729481,42.16862207729481,pobre,basal,0,0.0,718.5,1.0,49.0,14,202,28896,6,0.0
98,1.0,0.0,0.0,1.0,7.0,9,42.16862207729481,42.16862207729481,pobre,basal,0,0.0,718.5,1.0,49.0,15,202,28896,6,0.0
97,1.0,0.0,0.0,1.0,7.0,9,42.16862207729481,42.16862207729481,pobre,basal,0,0.0,718.5,1.0,49.0,12,202,28897,7,1.0
98,1.0,0.0,0.0,1.0,8.0,9,42.16862207729481,42.16862207729481,pobre,basal,0,0.0,718.5,1.0,49.0,13,202,28897,7,1.0
97,1.0,0.0,0.0,1.0,1.0,9,42.16862207729481,42.16862207729481,pobre,basal,0,0.0,718.5,1.0,49.0,9,202,28898,1,1.0
98,1.0,0.0,0.0,1.0,2.0,9,42.16862207729481,42.16862207729481,pobre,basal,0,0.0,718.5,1.0,49.0,10,202,28898,1,1.0
97,0.0,0.0,0.0,1.0,1.0,9,42.16862207729481,42.16862207729481,pobre,basal,0,0.0,718.5,1.0,49.0,7,202,28899,1,1.0
98,0.0,0.0,0.0,1.0,2.0,9,42.16862207729481,42.16862207729481,pobre,basal,0,0.0,718.5,1.0,49.0,8,202,28899,1,1.0
97,0.0,0.0,0.0,0.0,6.0,13,42.16862207729481,42.16862207729481,no pobre,basal,2,0.0,836.25,0.0,61.0,15,202,28900,6,0.0
98,0.0,0.0,0.0,,,13,42.16862207729481,42.16862207729481,no pobre,basal,2,0.0,836.25,0.0,61.0,16,202,28900,6,0.0
97,1.0,0.0,0.0,0.0,2.0,13,42.16862207729481,42.16862207729481,no pobre,basal,2,0.0,836.25,0.0,61.0,14,202,28901,2,0.0
98,1.0,0.0,0.0,,,13,42.16862207729481,42.16862207729481,no pobre,basal,2,0.0,836.25,0.0,61.0,15,202,28901,2,0.0
97,0.0,0.0,0.0,1.0,5.0,13,42.16862207729481,42.16862207729481,no pobre,basal,2,0.0,836.25,0.0,61.0,11,202,28902,5,1.0
98,0.0,0.0,0.0,,,13,42.16862207729481,42.16862207729481,no pobre,basal,2,0.0,836.25,0.0,61.0,12,202,28902,5,1.0
97,1.0,0.0,0.0,1.0,1.0,13,42.16862207729481,42.16862207729481,no pobre,basal,2,0.0,836.25,0.0,61.0,7,202,28903,1,1.0
98,1.0,0.0,0.0,,,13,42.16862207729481,42.16862207729481,no pobre,basal,2,0.0,836.25,0.0,61.0,8,202,28903,1,1.0
97,0.0,0.0,0.0,1.0,2.0,8,42.16862207729481,42.16862207729481,pobre,basal,3,750.0,654.0,1.0,36.0,10,202,28904,2,1.0
98,0.0,0.0,0.0,1.0,3.0,8,42.16862207729481,42.16862207729481,pobre,basal,3,750.0,654.0,1.0,36.0,11,202,28904,2,1.0
97,1.0,0.0,0.0,1.0,2.0,8,42.16862207729481,42.16862207729481,pobre,basal,3,750.0,654.0,1.0,36.0,7,202,28905,2,1.0
98,1.0,0.0,0.0,1.0,3.0,8,42.16862207729481,42.16862207729481,pobre,basal,3,750.0,654.0,1.0,36.0,8,202,28905,2,1.0
97,0.0,0.0,0.0,1.0,1.0,8,42.16862207729481,42.16862207729481,no pobre,basal,2,0.0,1080.7142,1.0,52.0,7,202,28906,1,1.0
98,0.0,0.0,0.0,,,8,42.16862207729481,42.16862207729481,no pobre,basal,2,0.0,1080.7142,1.0,52.0,8,202,28906,1,1.0
97,1.0,0.0,0.0,1.0,5.0,6,42.16862207729481,42.16862207729481,no pobre,basal,6,625.0,1004.0,1.0,34.0,10,202,28907,5,1.0
98,1.0,0.0,0.0,1.0,5.0,6,42.16862207729481,42.16862207729481,no pobre,basal,6,625.0,1004.0,1.0,34.0,11,202,28907,5,1.0
97,0.0,0.0,0.0,1.0,2.0,6,42.16862207729481,42.16862207729481,no pobre,basal,6,625.0,1004.0,1.0,34.0,6,202,28908,2,1.0
98,0.0,0.0,0.0,1.0,3.0,6,42.16862207729481,42.16862207729481,no pobre,basal,6,625.0,1004.0,1.0,34.0,7,202,28908,2,1.0
97,0.0,0.0,0.0,0.0,6.0,10,42.16862207729481,42.16862207729481,pobre,basal,3,500.0,741.0,1.0,43.0,14,202,28909,6,0.0
98,0.0,0.0,0.0,0.0,6.0,10,42.16862207729481,42.16862207729481,pobre,basal,3,500.0,741.0,1.0,43.0,15,202,28909,6,0.0
97,1.0,0.0,0.0,0.0,6.0,10,42.16862207729481,42.16862207729481,pobre,basal,3,500.0,741.0,1.0,43.0,11,202,28910,6,0.0
98,1.0,0.0,0.0,1.0,6.0,10,42.16862207729481,42.16862207729481,pobre,basal,3,500.0,741.0,1.0,43.0,12,202,28910,6,0.0
97,0.0,0.0,0.0,1.0,3.0,10,42.16862207729481,42.16862207729481,pobre,basal,3,500.0,741.0,1.0,43.0,9,202,28911,3,1.0
98,0.0,0.0,0.0,1.0,3.0,10,42.16862207729481,42.16862207729481,pobre,basal,3,500.0,741.0,1.0,43.0,10,202,28911,3,1.0
97,1.0,0.0,0.0,1.0,1.0,10,42.16862207729481,42.16862207729481,pobre,basal,3,500.0,741.0,1.0,43.0,8,202,28912,1,1.0
98,1.0,0.0,0.0,1.0,1.0,10,42.16862207729481,42.16862207729481,pobre,basal,3,500.0,741.0,1.0,43.0,9,202,28912,1,1.0
97,1.0,0.0,0.0,0.0,6.0,5,42.16862207729481,42.16862207729481,pobre,basal,3,0.0,781.0,1.0,50.0,13,202,28913,6,0.0
98,1.0,0.0,0.0,0.0,6.0,5,42.16862207729481,42.16862207729481,pobre,basal,3,0.0,781.0,1.0,50.0,14,202,28913,6,0.0
97,0.0,0.0,1.794,1.0,5.0,5,32.92823013337043,86.32732810423596,pobre,basal,6,1200.0,763.0,1.0,29.0,11,236,28914,5,1.0
98,0.0,0.0,1.794,0.0,4.0,5,32.92823013337043,86.32732810423596,pobre,basal,6,1200.0,763.0,1.0,29.0,12,236,28914,5,1.0
97,1.0,0.0,1.794,1.0,4.0,5,32.92823013337043,86.32732810423596,no pobre,basal,9,750.0,949.0,1.0,28.0,8,236,28915,4,1.0
98,1.0,0.0,1.794,1.0,4.0,5,32.92823013337043,86.32732810423596,no pobre,basal,9,750.0,949.0,1.0,28.0,9,236,28915,4,1.0
97,1.0,0.0,1.794,1.0,2.0,5,32.92823013337043,86.32732810423596,no pobre,basal,9,750.0,949.0,1.0,28.0,6,236,28916,2,1.0
98,1.0,0.0,1.794,1.0,1.0,5,32.92823013337043,86.32732810423596,no pobre,basal,9,750.0,949.0,1.0,28.0,7,236,28916,2,1.0
97,0.0,0.0,1.794,1.0,6.0,6,32.92823013337043,86.32732810423596,no pobre,basal,1,750.0,1069.0,1.0,49.0,15,236,28917,6,1.0
98,0.0,0.0,1.794,1.0,8.0,6,32.92823013337043,86.32732810423596,no pobre,basal,1,750.0,1069.0,1.0,49.0,16,236,28917,6,1.0
97,1.0,0.0,1.794,1.0,5.0,6,32.92823013337043,86.32732810423596,no pobre,basal,1,750.0,1069.0,1.0,49.0,11,236,28918,5,1.0
98,1.0,0.0,1.794,1.0,6.0,6,32.92823013337043,86.32732810423596,no pobre,basal,1,750.0,1069.0,1.0,49.0,12,236,28918,5,1.0
97,0.0,0.0,0.0,0.0,4.0,7,42.16862207729481,42.16862207729481,pobre,basal,3,0.0,791.0,1.0,34.0,10,202,28919,4,0.0
98,0.0,0.0,0.0,1.0,5.0,7,42.16862207729481,42.16862207729481,pobre,basal,3,0.0,791.0,1.0,34.0,11,202,28919,4,0.0
97,0.0,0.0,0.0,0.0,2.0,7,42.16862207729481,42.16862207729481,pobre,basal,3,0.0,791.0,1.0,34.0,9,202,28920,2,0.0
98,0.0,0.0,0.0,1.0,3.0,7,42.16862207729481,42.16862207729481,pobre,basal,3,0.0,791.0,1.0,34.0,10,202,28920,2,0.0
97,0.0,0.0,0.0,1.0,3.0,17,42.16862207729481,42.16862207729481,no pobre,basal,2,333.33334,831.5,1.0,59.0,9,202,28921,3,1.0
98,0.0,0.0,0.0,1.0,4.0,17,42.16862207729481,42.16862207729481,no pobre,basal,2,333.33334,831.5,1.0,59.0,10,202,28921,3,1.0
97,0.0,0.0,0.0,1.0,3.0,17,42.16862207729481,42.16862207729481,no pobre,basal,2,333.33334,831.5,1.0,59.0,10,202,28922,3,1.0
98,0.0,0.0,0.0,1.0,5.0,17,42.16862207729481,42.16862207729481,no pobre,basal,2,333.33334,831.5,1.0,59.0,11,202,28922,3,1.0
97,0.0,0.0,0.0,1.0,1.0,17,42.16862207729481,42.16862207729481,no pobre,basal,2,333.33334,831.5,1.0,59.0,7,202,28923,1,1.0
98,0.0,0.0,0.0,1.0,2.0,17,42.16862207729481,42.16862207729481,no pobre,basal,2,333.33334,831.5,1.0,59.0,8,202,28923,1,1.0
97,0.0,0.0,0.0,1.0,8.0,10,42.16862207729481,42.16862207729481,pobre,basal,9,1600.0,758.0,1.0,32.0,13,202,28924,8,1.0
98,0.0,0.0,0.0,0.0,9.0,10,42.16862207729481,42.16862207729481,pobre,basal,9,1600.0,758.0,1.0,32.0,14,202,28924,8,1.0
97,0.0,0.0,0.0,1.0,3.0,10,42.16862207729481,42.16862207729481,pobre,basal,9,1600.0,758.0,1.0,32.0,10,202,28925,3,1.0
98,0.0,0.0,0.0,1.0,4.0,10,42.16862207729481,42.16862207729481,pobre,basal,9,1600.0,758.0,1.0,32.0,11,202,28925,3,1.0
97,0.0,0.0,0.0,1.0,2.0,10,42.16862207729481,42.16862207729481,pobre,basal,9,1600.0,758.0,1.0,32.0,9,202,28926,2,1.0
98,0.0,0.0,0.0,1.0,2.0,10,42.16862207729481,42.16862207729481,pobre,basal,9,1600.0,758.0,1.0,32.0,10,202,28926,2,1.0
97,0.0,0.0,0.0,1.0,2.0,10,42.16862207729481,42.16862207729481,pobre,basal,9,1600.0,758.0,1.0,32.0,9,202,28927,2,1.0
98,0.0,0.0,0.0,1.0,2.0,10,42.16862207729481,42.16862207729481,pobre,basal,9,1600.0,758.0,1.0,32.0,10,202,28927,2,1.0
97,0.0,0.0,0.0,1.0,1.0,10,42.16862207729481,42.16862207729481,pobre,basal,9,1600.0,758.0,1.0,32.0,6,202,28928,1,1.0
98,0.0,0.0,0.0,1.0,1.0,10,42.16862207729481,42.16862207729481,pobre,basal,9,1600.0,758.0,1.0,32.0,7,202,28928,1,1.0
97,1.0,0.0,2.71,1.0,3.0,8,52.63200016121546,52.63200016121546,no pobre,basal,3,500.0,1135.0,1.0,65.0,14,247,28929,3,1.0
98,1.0,0.0,2.71,0.0,4.0,8,52.63200016121546,52.63200016121546,no pobre,basal,3,500.0,1135.0,1.0,65.0,15,247,28929,3,1.0
97,1.0,0.0,2.71,1.0,3.0,8,52.63200016121546,52.63200016121546,no pobre,basal,3,0.0,999.0,1.0,46.0,11,247,28930,3,1.0
98,1.0,0.0,2.71,1.0,3.0,8,52.63200016121546,52.63200016121546,no pobre,basal,3,0.0,999.0,1.0,46.0,12,247,28930,3,1.0
97,1.0,0.0,3.362,1.0,9.0,8,143.9758536408446,158.7860954080451,pobre,basal,0,3200.0,647.0,1.0,48.0,16,334,28931,9,1.0
98,1.0,0.0,3.362,,,8,143.9758536408446,158.7860954080451,pobre,basal,0,3200.0,647.0,1.0,48.0,17,334,28931,9,1.0
97,0.0,0.0,3.362,1.0,4.0,8,143.9758536408446,158.7860954080451,pobre,basal,0,3200.0,647.0,1.0,48.0,11,334,28932,4,1.0
98,0.0,0.0,3.362,1.0,5.0,8,143.9758536408446,158.7860954080451,pobre,basal,0,3200.0,647.0,1.0,48.0,12,334,28932,4,1.0
97,0.0,0.0,3.362,1.0,1.0,8,143.9758536408446,158.7860954080451,pobre,basal,0,3200.0,647.0,1.0,48.0,7,334,28933,1,1.0
98,0.0,0.0,3.362,1.0,2.0,8,143.9758536408446,158.7860954080451,pobre,basal,0,3200.0,647.0,1.0,48.0,8,334,28933,1,1.0
97,1.0,0.0,3.3169999,0.0,7.0,11,52.33219608529456,52.33219608529456,pobre,basal,3,200.0,760.25,1.0,42.0,16,350,28934,7,0.0
98,1.0,0.0,3.3169999,,,11,52.33219608529456,52.33219608529456,pobre,basal,3,200.0,760.25,1.0,42.0,17,350,28934,7,0.0
97,0.0,0.0,3.3169999,0.0,9.0,11,52.33219608529456,52.33219608529456,pobre,basal,3,200.0,760.25,1.0,42.0,16,350,28935,9,0.0
98,0.0,0.0,3.3169999,,,11,52.33219608529456,52.33219608529456,pobre,basal,3,200.0,760.25,1.0,42.0,17,350,28935,9,0.0
97,0.0,0.0,3.3169999,0.0,6.0,11,52.33219608529456,52.33219608529456,pobre,basal,3,200.0,760.25,1.0,42.0,14,350,28936,6,0.0
98,0.0,0.0,3.3169999,0.0,6.0,11,52.33219608529456,52.33219608529456,pobre,basal,3,200.0,760.25,1.0,42.0,15,350,28936,6,0.0
97,1.0,0.0,3.3169999,0.0,6.0,11,52.33219608529456,52.33219608529456,pobre,basal,3,200.0,760.25,1.0,42.0,12,350,28937,6,0.0
98,1.0,0.0,3.3169999,0.0,6.0,11,52.33219608529456,52.33219608529456,pobre,basal,3,200.0,760.25,1.0,42.0,13,350,28937,6,0.0
97,1.0,0.0,3.3169999,1.0,1.0,11,52.33219608529456,52.33219608529456,pobre,basal,3,200.0,760.25,1.0,42.0,11,350,28938,1,1.0
98,1.0,0.0,3.3169999,1.0,1.0,11,52.33219608529456,52.33219608529456,pobre,basal,3,200.0,760.25,1.0,42.0,12,350,28938,1,1.0
97,1.0,0.0,3.3169999,1.0,2.0,11,52.33219608529456,52.33219608529456,pobre,basal,3,200.0,760.25,1.0,42.0,9,350,28939,2,1.0
98,1.0,0.0,3.3169999,1.0,3.0,11,52.33219608529456,52.33219608529456,pobre,basal,3,200.0,760.25,1.0,42.0,10,350,28939,2,1.0
97,0.0,0.0,3.3169999,1.0,1.0,11,52.33219608529456,52.33219608529456,pobre,basal,3,200.0,760.25,1.0,42.0,7,350,28940,1,1.0
98,0.0,0.0,3.3169999,1.0,2.0,11,52.33219608529456,52.33219608529456,pobre,basal,3,200.0,760.25,1.0,42.0,8,350,28940,1,1.0
97,0.0,0.0,3.3169999,0.0,6.0,9,52.33219608529456,52.33219608529456,pobre,basal,3,400.0,454.0,1.0,38.0,15,350,28941,6,0.0
98,0.0,0.0,3.3169999,0.0,6.0,9,52.33219608529456,52.33219608529456,pobre,basal,3,400.0,454.0,1.0,38.0,16,350,28941,6,0.0
97,1.0,0.0,3.3169999,0.0,6.0,9,52.33219608529456,52.33219608529456,pobre,basal,3,400.0,454.0,1.0,38.0,14,350,28942,6,0.0
98,1.0,0.0,3.3169999,0.0,6.0,9,52.33219608529456,52.33219608529456,pobre,basal,3,400.0,454.0,1.0,38.0,15,350,28942,6,0.0
97,0.0,0.0,3.3169999,1.0,4.0,9,52.33219608529456,52.33219608529456,pobre,basal,3,400.0,454.0,1.0,38.0,12,350,28943,4,1.0
98,0.0,0.0,3.3169999,1.0,5.0,9,52.33219608529456,52.33219608529456,pobre,basal,3,400.0,454.0,1.0,38.0,13,350,28943,4,1.0
97,0.0,0.0,3.3169999,1.0,3.0,9,52.33219608529456,52.33219608529456,pobre,basal,3,400.0,454.0,1.0,38.0,10,350,28944,3,1.0
98,0.0,0.0,3.3169999,1.0,4.0,9,52.33219608529456,52.33219608529456,pobre,basal,3,400.0,454.0,1.0,38.0,11,350,28944,3,1.0
97,0.0,0.0,3.3169999,1.0,2.0,9,52.33219608529456,52.33219608529456,pobre,basal,3,400.0,454.0,1.0,38.0,8,350,28945,2,1.0
98,0.0,0.0,3.3169999,1.0,2.0,9,52.33219608529456,52.33219608529456,pobre,basal,3,400.0,454.0,1.0,38.0,9,350,28945,2,1.0
97,1.0,0.0,3.3169999,1.0,4.0,6,52.33219608529456,52.33219608529456,no pobre,basal,3,300.0,784.0,1.0,40.0,11,350,28946,4,1.0
98,1.0,0.0,3.3169999,1.0,5.0,6,52.33219608529456,52.33219608529456,no pobre,basal,3,300.0,784.0,1.0,40.0,12,350,28946,4,1.0
97,0.0,0.0,3.3169999,1.0,3.0,6,52.33219608529456,52.33219608529456,no pobre,basal,3,300.0,784.0,1.0,40.0,10,350,28947,3,1.0
98,0.0,0.0,3.3169999,1.0,4.0,6,52.33219608529456,52.33219608529456,no pobre,basal,3,300.0,784.0,1.0,40.0,11,350,28947,3,1.0
97,1.0,0.0,3.3169999,1.0,1.0,6,52.33219608529456,52.33219608529456,no pobre,basal,3,300.0,784.0,1.0,40.0,8,350,28948,1,1.0
98,1.0,0.0,3.3169999,1.0,2.0,6,52.33219608529456,52.33219608529456,no pobre,basal,3,300.0,784.0,1.0,40.0,9,350,28948,1,1.0
97,1.0,0.0,3.3169999,0.0,6.0,6,52.33219608529456,52.33219608529456,pobre,basal,0,0.0,587.0,1.0,54.0,14,350,28949,6,0.0
98,1.0,0.0,3.3169999,0.0,6.0,6,52.33219608529456,52.33219608529456,pobre,basal,0,0.0,587.0,1.0,54.0,15,350,28949,6,0.0
97,0.0,0.0,3.3169999,1.0,3.0,6,52.33219608529456,52.33219608529456,pobre,basal,0,0.0,587.0,1.0,54.0,11,350,28950,3,1.0
98,0.0,0.0,3.3169999,1.0,4.0,6,52.33219608529456,52.33219608529456,pobre,basal,0,0.0,587.0,1.0,54.0,12,350,28950,3,1.0
97,1.0,0.0,3.3169999,1.0,2.0,7,52.33219608529456,52.33219608529456,pobre,basal,6,1250.0,611.95001,1.0,31.0,8,350,28951,2,1.0
98,1.0,0.0,3.3169999,1.0,3.0,7,52.33219608529456,52.33219608529456,pobre,basal,6,1250.0,611.95001,1.0,31.0,9,350,28951,2,1.0
97,1.0,0.0,3.3169999,1.0,0.0,7,52.33219608529456,52.33219608529456,pobre,basal,6,1250.0,611.95001,1.0,31.0,7,350,28952,0,1.0
98,1.0,0.0,3.3169999,1.0,1.0,7,52.33219608529456,52.33219608529456,pobre,basal,6,1250.0,611.95001,1.0,31.0,8,350,28952,0,1.0
97,1.0,,3.3169999,,0.0,7,52.33219608529456,52.33219608529456,pobre,basal,6,1250.0,611.95001,1.0,31.0,11,350,28953,0,
98,1.0,,3.3169999,,,7,52.33219608529456,52.33219608529456,pobre,basal,6,1250.0,611.95001,1.0,31.0,12,350,28953,0,
97,0.0,0.0,3.3169999,0.0,6.0,7,52.33219608529456,52.33219608529456,pobre,basal,0,625.0,619.5,1.0,36.0,12,350,28954,6,0.0
98,0.0,0.0,3.3169999,0.0,6.0,7,52.33219608529456,52.33219608529456,pobre,basal,0,625.0,619.5,1.0,36.0,13,350,28954,6,0.0
97,1.0,0.0,3.3169999,1.0,3.0,7,52.33219608529456,52.33219608529456,pobre,basal,0,625.0,619.5,1.0,36.0,10,350,28955,3,1.0
98,1.0,0.0,3.3169999,1.0,4.0,7,52.33219608529456,52.33219608529456,pobre,basal,0,625.0,619.5,1.0,36.0,11,350,28955,3,1.0
97,0.0,0.0,3.3169999,1.0,2.0,7,52.33219608529456,52.33219608529456,pobre,basal,0,625.0,619.5,1.0,36.0,8,350,28956,2,1.0
98,0.0,0.0,3.3169999,1.0,3.0,7,52.33219608529456,52.33219608529456,pobre,basal,0,625.0,619.5,1.0,36.0,9,350,28956,2,1.0
97,1.0,0.0,3.3169999,1.0,0.0,7,52.33219608529456,52.33219608529456,pobre,basal,0,625.0,619.5,1.0,36.0,6,350,28957,0,1.0
98,1.0,0.0,3.3169999,1.0,0.0,7,52.33219608529456,52.33219608529456,pobre,basal,0,625.0,619.5,1.0,36.0,7,350,28957,0,1.0
97,1.0,0.0,3.3169999,1.0,3.0,7,52.33219608529456,52.33219608529456,no pobre,basal,4,250.0,719.0,1.0,30.0,10,350,28958,3,1.0
98,1.0,0.0,3.3169999,,,7,52.33219608529456,52.33219608529456,no pobre,basal,4,250.0,719.0,1.0,30.0,11,350,28958,3,1.0
97,0.0,0.0,3.3169999,1.0,2.0,7,52.33219608529456,52.33219608529456,no pobre,basal,4,250.0,719.0,1.0,30.0,9,350,28959,2,1.0
98,0.0,0.0,3.3169999,,,7,52.33219608529456,52.33219608529456,no pobre,basal,4,250.0,719.0,1.0,30.0,10,350,28959,2,1.0
97,1.0,0.0,3.3169999,1.0,2.0,7,52.33219608529456,52.33219608529456,no pobre,basal,4,250.0,719.0,1.0,30.0,8,350,28960,2,1.0
98,1.0,0.0,3.3169999,,,7,52.33219608529456,52.33219608529456,no pobre,basal,4,250.0,719.0,1.0,30.0,9,350,28960,2,1.0
97,0.0,0.0,3.3169999,1.0,0.0,7,52.33219608529456,52.33219608529456,no pobre,basal,4,250.0,719.0,1.0,30.0,6,350,28961,0,1.0
98,0.0,0.0,3.3169999,,,7,52.33219608529456,52.33219608529456,no pobre,basal,4,250.0,719.0,1.0,30.0,7,350,28961,0,1.0
97,0.0,0.0,3.3169999,1.0,1.0,7,52.33219608529456,52.33219608529456,pobre,basal,0,625.0,479.0,1.0,31.0,7,350,28962,1,1.0
98,0.0,0.0,3.3169999,1.0,2.0,7,52.33219608529456,52.33219608529456,pobre,basal,0,625.0,479.0,1.0,31.0,8,350,28962,1,1.0
97,1.0,0.0,3.3169999,1.0,5.0,9,52.33219608529456,52.33219608529456,pobre,basal,6,0.0,463.0,1.0,35.0,12,350,28963,5,1.0
98,1.0,0.0,3.3169999,0.0,6.0,9,52.33219608529456,52.33219608529456,pobre,basal,6,0.0,463.0,1.0,35.0,13,350,28963,5,1.0
97,0.0,0.0,3.3169999,1.0,4.0,9,52.33219608529456,52.33219608529456,pobre,basal,6,0.0,463.0,1.0,35.0,12,350,28964,4,1.0
98,0.0,0.0,3.3169999,1.0,5.0,9,52.33219608529456,52.33219608529456,pobre,basal,6,0.0,463.0,1.0,35.0,13,350,28964,4,1.0
97,1.0,0.0,3.3169999,1.0,5.0,9,52.33219608529456,52.33219608529456,pobre,basal,6,0.0,463.0,1.0,35.0,11,350,28965,5,1.0
98,1.0,0.0,3.3169999,0.0,6.0,9,52.33219608529456,52.33219608529456,pobre,basal,6,0.0,463.0,1.0,35.0,12,350,28965,5,1.0
97,0.0,0.0,3.3169999,1.0,4.0,9,52.33219608529456,52.33219608529456,pobre,basal,6,0.0,463.0,1.0,35.0,10,350,28966,4,1.0
98,0.0,0.0,3.3169999,1.0,5.0,9,52.33219608529456,52.33219608529456,pobre,basal,6,0.0,463.0,1.0,35.0,11,350,28966,4,1.0
97,0.0,0.0,3.3169999,1.0,1.0,9,52.33219608529456,52.33219608529456,pobre,basal,6,0.0,463.0,1.0,35.0,8,350,28967,1,1.0
98,0.0,0.0,3.3169999,1.0,2.0,9,52.33219608529456,52.33219608529456,pobre,basal,6,0.0,463.0,1.0,35.0,9,350,28967,1,1.0
97,1.0,0.0,3.3169999,0.0,6.0,10,52.33219608529456,52.33219608529456,no pobre,basal,0,0.0,1006.5,1.0,56.0,16,350,28968,6,0.0
98,1.0,0.0,3.3169999,,,10,52.33219608529456,52.33219608529456,no pobre,basal,0,0.0,1006.5,1.0,56.0,17,350,28968,6,0.0
97,1.0,0.0,3.3169999,1.0,4.0,10,52.33219608529456,52.33219608529456,no pobre,basal,0,0.0,1006.5,1.0,56.0,11,350,28969,4,1.0
98,1.0,0.0,3.3169999,1.0,5.0,10,52.33219608529456,52.33219608529456,no pobre,basal,0,0.0,1006.5,1.0,56.0,12,350,28969,4,1.0
97,0.0,0.0,3.3169999,0.0,6.0,13,52.33219608529456,52.33219608529456,pobre,basal,3,0.0,657.5,1.0,51.0,16,350,28970,6,0.0
98,0.0,0.0,3.3169999,,,13,52.33219608529456,52.33219608529456,pobre,basal,3,0.0,657.5,1.0,51.0,17,350,28970,6,0.0
97,1.0,0.0,3.3169999,0.0,6.0,13,52.33219608529456,52.33219608529456,pobre,basal,3,0.0,657.5,1.0,51.0,15,350,28971,6,0.0
98,1.0,0.0,3.3169999,0.0,6.0,13,52.33219608529456,52.33219608529456,pobre,basal,3,0.0,657.5,1.0,51.0,16,350,28971,6,0.0
97,0.0,0.0,3.3169999,0.0,6.0,13,52.33219608529456,52.33219608529456,pobre,basal,3,0.0,657.5,1.0,51.0,13,350,28972,6,0.0
98,0.0,0.0,3.3169999,0.0,6.0,13,52.33219608529456,52.33219608529456,pobre,basal,3,0.0,657.5,1.0,51.0,14,350,28972,6,0.0
97,0.0,0.0,3.3169999,1.0,5.0,13,52.33219608529456,52.33219608529456,pobre,basal,3,0.0,657.5,1.0,51.0,11,350,28973,5,1.0
98,0.0,0.0,3.3169999,0.0,6.0,13,52.33219608529456,52.33219608529456,pobre,basal,3,0.0,657.5,1.0,51.0,12,350,28973,5,1.0
97,0.0,0.0,3.3169999,1.0,2.0,13,52.33219608529456,52.33219608529456,pobre,basal,3,0.0,657.5,1.0,51.0,9,350,28974,2,1.0
98,0.0,0.0,3.3169999,,,13,52.33219608529456,52.33219608529456,pobre,basal,3,0.0,657.5,1.0,51.0,10,350,28974,2,1.0
97,0.0,1.0,1.308,1.0,4.0,3,164.4642940505127,165.572195948472,pobre,basal,0,625.0,647.0,1.0,35.0,12,360,28975,4,1.0
98,0.0,1.0,1.308,1.0,4.0,3,164.4642940505127,165.572195948472,pobre,basal,0,625.0,647.0,1.0,35.0,13,360,28975,4,1.0
97,0.0,1.0,1.308,0.0,4.0,9,164.4642940505127,165.572195948472,pobre,basal,1,625.0,605.0,1.0,58.0,15,360,28976,4,0.0
98,0.0,1.0,1.308,0.0,6.0,9,164.4642940505127,165.572195948472,pobre,basal,1,625.0,605.0,1.0,58.0,16,360,28976,4,0.0
97,1.0,1.0,1.308,0.0,3.0,9,164.4642940505127,165.572195948472,pobre,basal,1,625.0,605.0,1.0,58.0,12,360,28977,3,0.0
98,1.0,1.0,1.308,1.0,5.0,9,164.4642940505127,165.572195948472,pobre,basal,1,625.0,605.0,1.0,58.0,13,360,28977,3,0.0
97,1.0,1.0,1.308,0.0,1.0,9,164.4642940505127,165.572195948472,pobre,basal,1,625.0,605.0,1.0,58.0,8,360,28978,1,0.0
98,1.0,1.0,1.308,1.0,1.0,9,164.4642940505127,165.572195948472,pobre,basal,1,625.0,605.0,1.0,58.0,9,360,28978,1,0.0
97,0.0,1.0,1.308,1.0,1.0,6,164.4642940505127,165.572195948472,pobre,basal,3,750.0,507.0,1.0,34.0,8,360,28979,1,1.0
98,0.0,1.0,1.308,1.0,1.0,6,164.4642940505127,165.572195948472,pobre,basal,3,750.0,507.0,1.0,34.0,9,360,28979,1,1.0
97,0.0,1.0,1.308,1.0,0.0,6,164.4642940505127,165.572195948472,pobre,basal,3,750.0,507.0,1.0,34.0,6,360,28980,0,1.0
98,0.0,1.0,1.308,1.0,1.0,6,164.4642940505127,165.572195948472,pobre,basal,3,750.0,507.0,1.0,34.0,7,360,28980,0,1.0
97,0.0,1.0,1.308,0.0,6.0,9,164.4642940505127,165.572195948472,pobre,basal,6,800.0,524.0,1.0,33.0,12,360,28981,6,0.0
98,0.0,1.0,1.308,1.0,6.0,9,164.4642940505127,165.572195948472,pobre,basal,6,800.0,524.0,1.0,33.0,13,360,28981,6,0.0
97,1.0,1.0,1.308,1.0,3.0,9,164.4642940505127,165.572195948472,pobre,basal,6,800.0,524.0,1.0,33.0,10,360,28982,3,1.0
98,1.0,1.0,1.308,1.0,4.0,9,164.4642940505127,165.572195948472,pobre,basal,6,800.0,524.0,1.0,33.0,11,360,28982,3,1.0
97,1.0,1.0,1.308,1.0,2.0,9,164.4642940505127,165.572195948472,pobre,basal,6,800.0,524.0,1.0,33.0,8,360,28983,2,1.0
98,1.0,1.0,1.308,1.0,3.0,9,164.4642940505127,165.572195948472,pobre,basal,6,800.0,524.0,1.0,33.0,9,360,28983,2,1.0
97,1.0,1.0,1.308,1.0,0.0,9,164.4642940505127,165.572195948472,pobre,basal,6,800.0,524.0,1.0,33.0,6,360,28984,0,1.0
98,1.0,1.0,1.308,1.0,0.0,9,164.4642940505127,165.572195948472,pobre,basal,6,800.0,524.0,1.0,33.0,7,360,28984,0,1.0
97,0.0,1.0,1.308,0.0,6.0,7,164.4642940505127,165.572195948472,pobre,basal,0,500.0,662.25,1.0,55.0,16,360,28985,6,0.0
98,0.0,1.0,1.308,,,7,164.4642940505127,165.572195948472,pobre,basal,0,500.0,662.25,1.0,55.0,17,360,28985,6,0.0
97,0.0,1.0,1.308,1.0,4.0,8,164.4642940505127,165.572195948472,pobre,basal,3,625.0,542.0,1.0,31.0,10,360,28986,4,1.0
98,0.0,1.0,1.308,1.0,5.0,8,164.4642940505127,165.572195948472,pobre,basal,3,625.0,542.0,1.0,31.0,11,360,28986,4,1.0
97,1.0,1.0,1.308,1.0,2.0,8,164.4642940505127,165.572195948472,pobre,basal,3,625.0,542.0,1.0,31.0,8,360,28987,2,1.0
98,1.0,1.0,1.308,1.0,3.0,8,164.4642940505127,165.572195948472,pobre,basal,3,625.0,542.0,1.0,31.0,9,360,28987,2,1.0
97,1.0,1.0,1.308,1.0,0.0,8,164.4642940505127,165.572195948472,pobre,basal,3,625.0,542.0,1.0,31.0,6,360,28988,0,1.0
98,1.0,1.0,1.308,1.0,1.0,8,164.4642940505127,165.572195948472,pobre,basal,3,625.0,542.0,1.0,31.0,7,360,28988,0,1.0
97,1.0,1.0,1.308,0.0,2.0,6,164.4642940505127,165.572195948472,pobre,basal,0,750.0,607.0,1.0,64.0,16,360,28989,2,0.0
98,1.0,1.0,1.308,,,6,164.4642940505127,165.572195948472,pobre,basal,0,750.0,607.0,1.0,64.0,17,360,28989,2,0.0
97,0.0,1.0,1.308,0.0,2.0,6,164.4642940505127,165.572195948472,pobre,basal,0,750.0,607.0,1.0,64.0,12,360,28990,2,0.0
98,0.0,1.0,1.308,0.0,2.0,6,164.4642940505127,165.572195948472,pobre,basal,0,750.0,607.0,1.0,64.0,13,360,28990,2,0.0
97,0.0,1.0,1.308,1.0,2.0,6,164.4642940505127,165.572195948472,pobre,basal,0,750.0,607.0,1.0,64.0,10,360,28991,2,1.0
98,0.0,1.0,1.308,1.0,2.0,6,164.4642940505127,165.572195948472,pobre,basal,0,750.0,607.0,1.0,64.0,11,360,28991,2,1.0
97,0.0,1.0,1.308,1.0,1.0,6,164.4642940505127,165.572195948472,pobre,basal,0,750.0,607.0,1.0,64.0,8,360,28992,1,1.0
98,0.0,1.0,1.308,1.0,1.0,6,164.4642940505127,165.572195948472,pobre,basal,0,750.0,607.0,1.0,64.0,9,360,28992,1,1.0
97,1.0,1.0,1.308,,0.0,8,164.4642940505127,165.572195948472,pobre,basal,0,625.0,528.0,1.0,40.0,12,360,28993,0,
98,1.0,1.0,1.308,1.0,3.0,8,164.4642940505127,165.572195948472,pobre,basal,0,625.0,528.0,1.0,40.0,13,360,28993,0,
97,1.0,1.0,1.308,0.0,5.0,8,164.4642940505127,165.572195948472,pobre,basal,0,625.0,528.0,1.0,40.0,15,360,28994,5,0.0
98,1.0,1.0,1.308,0.0,5.0,8,164.4642940505127,165.572195948472,pobre,basal,0,625.0,528.0,1.0,40.0,16,360,28994,5,0.0
97,0.0,1.0,1.308,1.0,2.0,8,164.4642940505127,165.572195948472,pobre,basal,0,625.0,528.0,1.0,40.0,7,360,28995,2,1.0
98,0.0,1.0,1.308,1.0,0.0,8,164.4642940505127,165.572195948472,pobre,basal,0,625.0,528.0,1.0,40.0,8,360,28995,2,1.0
97,0.0,1.0,1.308,,0.0,3,164.4642940505127,165.572195948472,pobre,basal,0,0.0,569.83002,0.0,15.0,15,360,28996,0,
98,0.0,1.0,1.308,,,3,164.4642940505127,165.572195948472,pobre,basal,0,0.0,569.83002,0.0,15.0,16,360,28996,0,
97,1.0,1.0,1.308,,0.0,3,164.4642940505127,165.572195948472,pobre,basal,0,0.0,569.83002,0.0,15.0,14,360,28997,0,
98,1.0,1.0,1.308,1.0,0.0,3,164.4642940505127,165.572195948472,pobre,basal,0,0.0,569.83002,0.0,15.0,15,360,28997,0,
97,0.0,0.0,1.308,1.0,5.0,5,164.4642940505127,165.572195948472,pobre,basal,0,625.0,546.0,1.0,43.0,11,360,28998,5,1.0
98,0.0,0.0,1.308,1.0,6.0,5,164.4642940505127,165.572195948472,pobre,basal,0,625.0,546.0,1.0,43.0,12,360,28998,5,1.0
97,0.0,0.0,1.308,1.0,5.0,8,164.4642940505127,165.572195948472,pobre,basal,1,625.0,449.0,1.0,37.0,15,360,28999,5,1.0
98,0.0,0.0,1.308,1.0,6.0,8,164.4642940505127,165.572195948472,pobre,basal,1,625.0,449.0,1.0,37.0,16,360,28999,5,1.0
97,1.0,0.0,1.308,1.0,5.0,8,164.4642940505127,165.572195948472,pobre,basal,1,625.0,449.0,1.0,37.0,12,360,29000,5,1.0
98,1.0,0.0,1.308,1.0,6.0,8,164.4642940505127,165.572195948472,pobre,basal,1,625.0,449.0,1.0,37.0,13,360,29000,5,1.0
97,0.0,0.0,1.308,1.0,3.0,8,164.4642940505127,165.572195948472,pobre,basal,1,625.0,449.0,1.0,37.0,9,360,29001,3,1.0
98,0.0,0.0,1.308,1.0,4.0,8,164.4642940505127,165.572195948472,pobre,basal,1,625.0,449.0,1.0,37.0,10,360,29001,3,1.0
97,1.0,0.0,1.308,1.0,0.0,8,164.4642940505127,165.572195948472,pobre,basal,1,625.0,449.0,1.0,37.0,6,360,29002,0,1.0
98,1.0,0.0,1.308,1.0,1.0,8,164.4642940505127,165.572195948472,pobre,basal,1,625.0,449.0,1.0,37.0,7,360,29002,0,1.0
97,0.0,0.0,1.308,0.0,6.0,9,164.4642940505127,165.572195948472,pobre,basal,2,625.0,424.0,1.0,36.0,14,360,29003,6,0.0
98,0.0,0.0,1.308,0.0,6.0,9,164.4642940505127,165.572195948472,pobre,basal,2,625.0,424.0,1.0,36.0,15,360,29003,6,0.0
97,0.0,0.0,1.308,0.0,2.0,9,164.4642940505127,165.572195948472,pobre,basal,2,625.0,424.0,1.0,36.0,12,360,29004,2,0.0
98,0.0,0.0,1.308,0.0,2.0,9,164.4642940505127,165.572195948472,pobre,basal,2,625.0,424.0,1.0,36.0,13,360,29004,2,0.0
97,1.0,0.0,1.308,,0.0,9,164.4642940505127,165.572195948472,pobre,basal,2,625.0,424.0,1.0,36.0,10,360,29005,0,
98,1.0,0.0,1.308,,,9,164.4642940505127,165.572195948472,pobre,basal,2,625.0,424.0,1.0,36.0,11,360,29005,0,
97,0.0,0.0,1.308,1.0,0.0,9,164.4642940505127,165.572195948472,pobre,basal,2,625.0,424.0,1.0,36.0,7,360,29006,0,1.0
98,0.0,0.0,1.308,1.0,1.0,9,164.4642940505127,165.572195948472,pobre,basal,2,625.0,424.0,1.0,36.0,8,360,29006,0,1.0
97,0.0,1.0,1.308,1.0,3.0,4,164.4642940505127,165.572195948472,pobre,basal,4,0.0,584.0,1.0,65.0,9,360,29007,3,1.0
98,0.0,1.0,1.308,1.0,5.0,4,164.4642940505127,165.572195948472,pobre,basal,4,0.0,584.0,1.0,65.0,10,360,29007,3,1.0
97,1.0,1.0,1.308,0.0,6.0,5,164.4642940505127,165.572195948472,pobre,basal,3,750.0,549.0,1.0,50.0,14,360,29008,6,0.0
98,1.0,1.0,1.308,1.0,6.0,5,164.4642940505127,165.572195948472,pobre,basal,3,750.0,549.0,1.0,50.0,15,360,29008,6,0.0
97,1.0,1.0,1.308,1.0,5.0,5,164.4642940505127,165.572195948472,pobre,basal,3,750.0,549.0,1.0,50.0,12,360,29009,5,1.0
98,1.0,1.0,1.308,1.0,6.0,5,164.4642940505127,165.572195948472,pobre,basal,3,750.0,549.0,1.0,50.0,13,360,29009,5,1.0
97,0.0,0.0,1.308,0.0,2.0,5,164.4642940505127,165.572195948472,pobre,basal,3,750.0,549.0,1.0,50.0,15,360,29010,2,0.0
98,0.0,0.0,1.308,0.0,2.0,5,164.4642940505127,165.572195948472,pobre,basal,3,750.0,549.0,1.0,50.0,16,360,29010,2,0.0
97,1.0,1.0,1.308,0.0,6.0,8,164.4642940505127,165.572195948472,pobre,basal,2,750.0,568.0,1.0,50.0,14,360,29011,6,0.0
98,1.0,1.0,1.308,0.0,6.0,8,164.4642940505127,165.572195948472,pobre,basal,2,750.0,568.0,1.0,50.0,15,360,29011,6,0.0
97,1.0,1.0,1.308,0.0,2.0,8,164.4642940505127,165.572195948472,pobre,basal,2,750.0,568.0,1.0,50.0,11,360,29012,2,0.0
98,1.0,1.0,1.308,0.0,2.0,8,164.4642940505127,165.572195948472,pobre,basal,2,750.0,568.0,1.0,50.0,12,360,29012,2,0.0
97,1.0,0.0,1.308,1.0,3.0,8,164.4642940505127,165.572195948472,pobre,basal,2,750.0,568.0,1.0,50.0,10,360,29013,3,1.0
98,1.0,0.0,1.308,1.0,4.0,8,164.4642940505127,165.572195948472,pobre,basal,2,750.0,568.0,1.0,50.0,11,360,29013,3,1.0
97,1.0,0.0,1.308,1.0,1.0,8,164.4642940505127,165.572195948472,pobre,basal,2,750.0,568.0,1.0,50.0,8,360,29014,1,1.0
98,1.0,0.0,1.308,1.0,2.0,8,164.4642940505127,165.572195948472,pobre,basal,2,750.0,568.0,1.0,50.0,9,360,29014,1,1.0
97,1.0,,1.308,1.0,0.0,4,164.4642940505127,165.572195948472,pobre,basal,0,0.0,550.76001,0.0,53.0,7,360,29015,0,1.0
98,1.0,,1.308,1.0,1.0,4,164.4642940505127,165.572195948472,pobre,basal,0,0.0,550.76001,0.0,53.0,8,360,29015,0,1.0
97,1.0,,1.308,1.0,0.0,4,164.4642940505127,165.572195948472,pobre,basal,0,0.0,550.76001,0.0,53.0,6,360,29016,0,1.0
98,1.0,,1.308,1.0,1.0,4,164.4642940505127,165.572195948472,pobre,basal,0,0.0,550.76001,0.0,53.0,7,360,29016,0,1.0
97,1.0,0.0,1.308,1.0,2.0,6,164.4642940505127,165.572195948472,no pobre,basal,3,625.0,918.0,1.0,35.0,8,360,29017,2,1.0
98,1.0,0.0,1.308,1.0,3.0,6,164.4642940505127,165.572195948472,no pobre,basal,3,625.0,918.0,1.0,35.0,9,360,29017,2,1.0
97,1.0,0.0,1.308,1.0,1.0,6,164.4642940505127,165.572195948472,no pobre,basal,3,625.0,918.0,1.0,35.0,7,360,29018,1,1.0
98,1.0,0.0,1.308,1.0,2.0,6,164.4642940505127,165.572195948472,no pobre,basal,3,625.0,918.0,1.0,35.0,8,360,29018,1,1.0
97,1.0,0.0,0.0,1.0,1.0,5,149.9579517275712,149.9579517275712,pobre,0,9,750.0,697.0,1.0,26.0,7,336,29019,1,1.0
98,1.0,0.0,0.0,1.0,1.0,5,149.9579517275712,149.9579517275712,pobre,0,9,750.0,697.0,1.0,26.0,8,336,29019,1,1.0
97,1.0,0.0,0.0,1.0,0.0,5,149.9579517275712,149.9579517275712,pobre,0,9,750.0,697.0,1.0,26.0,6,336,29020,0,1.0
98,1.0,0.0,0.0,1.0,1.0,5,149.9579517275712,149.9579517275712,pobre,0,9,750.0,697.0,1.0,26.0,7,336,29020,0,1.0
97,0.0,0.0,1.308,0.0,6.0,2,164.4642940505127,165.572195948472,pobre,basal,4,750.0,662.0,1.0,39.0,15,360,29021,6,0.0
98,0.0,0.0,1.308,0.0,6.0,2,164.4642940505127,165.572195948472,pobre,basal,4,750.0,662.0,1.0,39.0,16,360,29021,6,0.0
97,1.0,0.0,1.308,0.0,2.0,11,164.4642940505127,165.572195948472,pobre,basal,6,750.0,565.25,1.0,48.0,14,360,29022,2,0.0
98,1.0,0.0,1.308,,,11,164.4642940505127,165.572195948472,pobre,basal,6,750.0,565.25,1.0,48.0,15,360,29022,2,0.0
97,0.0,0.0,1.308,0.0,5.0,11,164.4642940505127,165.572195948472,pobre,basal,6,750.0,565.25,1.0,48.0,12,360,29023,5,0.0
98,0.0,0.0,1.308,,,11,164.4642940505127,165.572195948472,pobre,basal,6,750.0,565.25,1.0,48.0,13,360,29023,5,0.0
97,0.0,0.0,1.308,1.0,1.0,11,164.4642940505127,165.572195948472,pobre,basal,6,750.0,565.25,1.0,48.0,8,360,29024,1,1.0
98,0.0,0.0,1.308,,,11,164.4642940505127,165.572195948472,pobre,basal,6,750.0,565.25,1.0,48.0,9,360,29024,1,1.0
97,1.0,0.0,1.308,1.0,1.0,11,164.4642940505127,165.572195948472,pobre,basal,6,750.0,565.25,1.0,48.0,8,360,29025,1,1.0
98,1.0,0.0,1.308,,,11,164.4642940505127,165.572195948472,pobre,basal,6,750.0,565.25,1.0,48.0,9,360,29025,1,1.0
97,1.0,0.0,1.308,1.0,0.0,11,164.4642940505127,165.572195948472,pobre,basal,6,750.0,565.25,1.0,48.0,6,360,29026,0,1.0
98,1.0,0.0,1.308,,,11,164.4642940505127,165.572195948472,pobre,basal,6,750.0,565.25,1.0,48.0,7,360,29026,0,1.0
97,1.0,0.0,1.308,1.0,0.0,11,164.4642940505127,165.572195948472,pobre,basal,6,750.0,565.25,1.0,48.0,6,360,29027,0,1.0
98,1.0,0.0,1.308,,,11,164.4642940505127,165.572195948472,pobre,basal,6,750.0,565.25,1.0,48.0,7,360,29027,0,1.0
97,0.0,0.0,0.0,1.0,6.0,7,149.9579517275712,149.9579517275712,no pobre,0,2,0.0,791.5,1.0,43.0,16,336,29028,6,1.0
98,0.0,0.0,0.0,,,7,149.9579517275712,149.9579517275712,no pobre,0,2,0.0,791.5,1.0,43.0,17,336,29028,6,1.0
97,1.0,0.0,0.0,1.0,7.0,7,149.9579517275712,149.9579517275712,no pobre,0,2,0.0,791.5,1.0,43.0,14,336,29029,7,1.0
98,1.0,0.0,0.0,1.0,8.0,7,149.9579517275712,149.9579517275712,no pobre,0,2,0.0,791.5,1.0,43.0,15,336,29029,7,1.0
97,0.0,0.0,0.0,1.0,0.0,7,149.9579517275712,149.9579517275712,no pobre,0,2,0.0,791.5,1.0,43.0,7,336,29030,0,1.0
98,0.0,0.0,0.0,1.0,1.0,7,149.9579517275712,149.9579517275712,no pobre,0,2,0.0,791.5,1.0,43.0,8,336,29030,0,1.0
97,0.0,0.0,0.0,0.0,4.0,6,149.9579517275712,149.9579517275712,no pobre,0,0,0.0,828.0,1.0,72.0,14,336,29031,4,0.0
98,0.0,0.0,0.0,1.0,4.0,6,149.9579517275712,149.9579517275712,no pobre,0,0,0.0,828.0,1.0,72.0,15,336,29031,4,0.0
97,1.0,0.0,0.0,1.0,5.0,6,149.9579517275712,149.9579517275712,no pobre,0,0,0.0,828.0,1.0,72.0,13,336,29032,5,1.0
98,1.0,0.0,0.0,1.0,6.0,6,149.9579517275712,149.9579517275712,no pobre,0,0,0.0,828.0,1.0,72.0,14,336,29032,5,1.0
97,0.0,0.0,0.0,0.0,2.0,7,149.9579517275712,149.9579517275712,no pobre,0,6,0.0,1117.5,1.0,33.0,15,336,29033,2,0.0
98,0.0,0.0,0.0,,,7,149.9579517275712,149.9579517275712,no pobre,0,6,0.0,1117.5,1.0,33.0,16,336,29033,2,0.0
97,0.0,0.0,0.0,1.0,3.0,7,149.9579517275712,149.9579517275712,no pobre,0,6,0.0,1117.5,1.0,33.0,9,336,29034,3,1.0
98,0.0,0.0,0.0,1.0,4.0,7,149.9579517275712,149.9579517275712,no pobre,0,6,0.0,1117.5,1.0,33.0,10,336,29034,3,1.0
97,1.0,0.0,0.0,1.0,1.0,7,149.9579517275712,149.9579517275712,no pobre,0,6,0.0,1117.5,1.0,33.0,7,336,29035,1,1.0
98,1.0,0.0,0.0,1.0,2.0,7,149.9579517275712,149.9579517275712,no pobre,0,6,0.0,1117.5,1.0,33.0,8,336,29035,1,1.0
97,1.0,0.0,2.6670001,1.0,2.0,7,31.47260644828401,31.47260644828401,pobre,0,6,360.0,628.0,1.0,30.0,8,377,29036,2,1.0
98,1.0,0.0,2.6670001,1.0,2.0,7,31.47260644828401,31.47260644828401,pobre,0,6,360.0,628.0,1.0,30.0,9,377,29036,2,1.0
97,1.0,0.0,2.6670001,1.0,3.0,7,31.47260644828401,31.47260644828401,pobre,0,6,360.0,628.0,1.0,30.0,7,377,29037,3,1.0
98,1.0,0.0,2.6670001,1.0,1.0,7,31.47260644828401,31.47260644828401,pobre,0,6,360.0,628.0,1.0,30.0,8,377,29037,3,1.0
97,1.0,0.0,4.7639999,1.0,0.0,5,156.6966482462094,156.6966482462094,no pobre,0,3,0.0,790.5,1.0,26.0,6,297,29038,0,1.0
98,1.0,0.0,4.7639999,1.0,1.0,5,156.6966482462094,156.6966482462094,no pobre,0,3,0.0,790.5,1.0,26.0,7,297,29038,0,1.0
97,1.0,0.0,4.7639999,,0.0,9,156.6966482462094,156.6966482462094,pobre,0,0,375.0,424.0,1.0,45.0,12,297,29039,0,
98,1.0,0.0,4.7639999,1.0,3.0,9,156.6966482462094,156.6966482462094,pobre,0,0,375.0,424.0,1.0,45.0,13,297,29039,0,
97,1.0,0.0,4.7639999,1.0,4.0,9,156.6966482462094,156.6966482462094,pobre,0,0,375.0,424.0,1.0,45.0,11,297,29040,4,1.0
98,1.0,0.0,4.7639999,1.0,5.0,9,156.6966482462094,156.6966482462094,pobre,0,0,375.0,424.0,1.0,45.0,12,297,29040,4,1.0
97,1.0,0.0,4.7639999,1.0,2.0,9,156.6966482462094,156.6966482462094,pobre,0,0,375.0,424.0,1.0,45.0,9,297,29041,2,1.0
98,1.0,0.0,4.7639999,1.0,3.0,9,156.6966482462094,156.6966482462094,pobre,0,0,375.0,424.0,1.0,45.0,10,297,29041,2,1.0
97,0.0,0.0,4.7639999,1.0,2.0,9,156.6966482462094,156.6966482462094,pobre,0,0,375.0,424.0,1.0,45.0,7,297,29042,2,1.0
98,0.0,0.0,4.7639999,1.0,2.0,9,156.6966482462094,156.6966482462094,pobre,0,0,375.0,424.0,1.0,45.0,8,297,29042,2,1.0
97,1.0,0.0,4.7639999,1.0,0.0,9,156.6966482462094,156.6966482462094,pobre,0,0,375.0,424.0,1.0,45.0,6,297,29043,0,1.0
98,1.0,0.0,4.7639999,1.0,0.0,9,156.6966482462094,156.6966482462094,pobre,0,0,375.0,424.0,1.0,45.0,7,297,29043,0,1.0
97,0.0,0.0,4.7639999,0.0,6.0,8,156.6966482462094,156.6966482462094,pobre,0,2,750.0,573.0,1.0,38.0,15,297,29044,6,0.0
98,0.0,0.0,4.7639999,,,8,156.6966482462094,156.6966482462094,pobre,0,2,750.0,573.0,1.0,38.0,16,297,29044,6,0.0
97,1.0,0.0,4.7639999,1.0,4.0,8,156.6966482462094,156.6966482462094,pobre,0,2,750.0,573.0,1.0,38.0,10,297,29045,4,1.0
98,1.0,0.0,4.7639999,1.0,5.0,8,156.6966482462094,156.6966482462094,pobre,0,2,750.0,573.0,1.0,38.0,11,297,29045,4,1.0
97,1.0,0.0,4.7639999,1.0,2.0,8,156.6966482462094,156.6966482462094,pobre,0,2,750.0,573.0,1.0,38.0,8,297,29046,2,1.0
98,1.0,0.0,4.7639999,1.0,3.0,8,156.6966482462094,156.6966482462094,pobre,0,2,750.0,573.0,1.0,38.0,9,297,29046,2,1.0
97,0.0,0.0,4.7639999,1.0,2.0,8,156.6966482462094,156.6966482462094,pobre,0,2,750.0,573.0,1.0,38.0,6,297,29047,2,1.0
98,0.0,0.0,4.7639999,1.0,0.0,8,156.6966482462094,156.6966482462094,pobre,0,2,750.0,573.0,1.0,38.0,7,297,29047,2,1.0
97,0.0,0.0,4.7639999,0.0,6.0,4,156.6966482462094,156.6966482462094,pobre,0,2,500.0,613.0,1.0,52.0,15,297,29048,6,0.0
98,0.0,0.0,4.7639999,,,4,156.6966482462094,156.6966482462094,pobre,0,2,500.0,613.0,1.0,52.0,16,297,29048,6,0.0
97,0.0,0.0,4.7639999,1.0,4.0,4,156.6966482462094,156.6966482462094,pobre,0,2,500.0,613.0,1.0,52.0,10,297,29049,4,1.0
98,0.0,0.0,4.7639999,1.0,5.0,4,156.6966482462094,156.6966482462094,pobre,0,2,500.0,613.0,1.0,52.0,11,297,29049,4,1.0
97,1.0,0.0,4.7639999,1.0,6.0,9,156.6966482462094,156.6966482462094,pobre,0,0,500.0,550.5,1.0,40.0,16,297,29050,6,1.0
98,1.0,0.0,4.7639999,,,9,156.6966482462094,156.6966482462094,pobre,0,0,500.0,550.5,1.0,40.0,17,297,29050,6,1.0
97,0.0,0.0,4.7639999,0.0,6.0,9,156.6966482462094,156.6966482462094,pobre,0,0,500.0,550.5,1.0,40.0,13,297,29051,6,0.0
98,0.0,0.0,4.7639999,0.0,6.0,9,156.6966482462094,156.6966482462094,pobre,0,0,500.0,550.5,1.0,40.0,14,297,29051,6,0.0
97,0.0,0.0,4.7639999,1.0,5.0,9,156.6966482462094,156.6966482462094,pobre,0,0,500.0,550.5,1.0,40.0,11,297,29052,5,1.0
98,0.0,0.0,4.7639999,0.0,6.0,9,156.6966482462094,156.6966482462094,pobre,0,0,500.0,550.5,1.0,40.0,12,297,29052,5,1.0
97,1.0,0.0,4.7639999,1.0,1.0,9,156.6966482462094,156.6966482462094,pobre,0,0,500.0,550.5,1.0,40.0,8,297,29053,1,1.0
98,1.0,0.0,4.7639999,1.0,1.0,9,156.6966482462094,156.6966482462094,pobre,0,0,500.0,550.5,1.0,40.0,9,297,29053,1,1.0
97,0.0,0.0,4.7639999,1.0,0.0,9,156.6966482462094,156.6966482462094,pobre,0,0,500.0,550.5,1.0,40.0,6,297,29054,0,1.0
98,0.0,0.0,4.7639999,1.0,1.0,9,156.6966482462094,156.6966482462094,pobre,0,0,500.0,550.5,1.0,40.0,7,297,29054,0,1.0
97,0.0,0.0,4.7639999,0.0,6.0,6,156.6966482462094,156.6966482462094,pobre,0,6,750.0,529.0,1.0,50.0,15,297,29055,6,0.0
98,0.0,0.0,4.7639999,,,6,156.6966482462094,156.6966482462094,pobre,0,6,750.0,529.0,1.0,50.0,16,297,29055,6,0.0
97,0.0,0.0,4.7639999,0.0,6.0,6,156.6966482462094,156.6966482462094,pobre,0,6,750.0,529.0,1.0,50.0,13,297,29056,6,0.0
98,0.0,0.0,4.7639999,0.0,6.0,6,156.6966482462094,156.6966482462094,pobre,0,6,750.0,529.0,1.0,50.0,14,297,29056,6,0.0
97,0.0,0.0,4.7639999,1.0,5.0,6,156.6966482462094,156.6966482462094,pobre,0,6,750.0,529.0,1.0,50.0,12,297,29057,5,1.0
98,0.0,0.0,4.7639999,0.0,6.0,6,156.6966482462094,156.6966482462094,pobre,0,6,750.0,529.0,1.0,50.0,13,297,29057,5,1.0
97,1.0,0.0,4.7639999,1.0,2.0,6,156.6966482462094,156.6966482462094,pobre,0,6,750.0,529.0,1.0,50.0,8,297,29058,2,1.0
98,1.0,0.0,4.7639999,1.0,2.0,6,156.6966482462094,156.6966482462094,pobre,0,6,750.0,529.0,1.0,50.0,9,297,29058,2,1.0
97,0.0,0.0,4.7639999,0.0,6.0,6,156.6966482462094,156.6966482462094,pobre,0,0,750.0,512.0,1.0,46.0,14,297,29059,6,0.0
98,0.0,0.0,4.7639999,,,6,156.6966482462094,156.6966482462094,pobre,0,0,750.0,512.0,1.0,46.0,15,297,29059,6,0.0
97,0.0,0.0,4.7639999,0.0,6.0,6,156.6966482462094,156.6966482462094,pobre,0,0,750.0,512.0,1.0,46.0,13,297,29060,6,0.0
98,0.0,0.0,4.7639999,,,6,156.6966482462094,156.6966482462094,pobre,0,0,750.0,512.0,1.0,46.0,14,297,29060,6,0.0
97,1.0,0.0,4.7639999,1.0,3.0,6,156.6966482462094,156.6966482462094,pobre,0,0,750.0,512.0,1.0,46.0,8,297,29061,3,1.0
98,1.0,0.0,4.7639999,1.0,3.0,6,156.6966482462094,156.6966482462094,pobre,0,0,750.0,512.0,1.0,46.0,9,297,29061,3,1.0
97,0.0,0.0,4.7639999,1.0,1.0,6,156.6966482462094,156.6966482462094,pobre,0,0,750.0,512.0,1.0,46.0,7,297,29062,1,1.0
98,0.0,0.0,4.7639999,1.0,2.0,6,156.6966482462094,156.6966482462094,pobre,0,0,750.0,512.0,1.0,46.0,8,297,29062,1,1.0
97,0.0,0.0,4.7639999,1.0,1.0,4,156.6966482462094,156.6966482462094,pobre,0,3,750.0,601.0,1.0,23.0,7,297,29063,1,1.0
98,0.0,0.0,4.7639999,1.0,0.0,4,156.6966482462094,156.6966482462094,pobre,0,3,750.0,601.0,1.0,23.0,8,297,29063,1,1.0
97,0.0,0.0,4.7639999,1.0,1.0,6,156.6966482462094,156.6966482462094,pobre,0,1,750.0,490.0,1.0,31.0,7,297,29064,1,1.0
98,0.0,0.0,4.7639999,,,6,156.6966482462094,156.6966482462094,pobre,0,1,750.0,490.0,1.0,31.0,8,297,29064,1,1.0
97,1.0,0.0,4.7639999,1.0,4.0,4,156.6966482462094,156.6966482462094,pobre,0,3,500.0,567.0,1.0,31.0,10,297,29065,4,1.0
98,1.0,0.0,4.7639999,1.0,5.0,4,156.6966482462094,156.6966482462094,pobre,0,3,500.0,567.0,1.0,31.0,11,297,29065,4,1.0
97,0.0,1.0,4.7639999,0.0,3.0,7,156.6966482462094,156.6966482462094,pobre,0,0,0.0,625.0,1.0,35.0,15,297,29066,3,0.0
98,0.0,1.0,4.7639999,,,7,156.6966482462094,156.6966482462094,pobre,0,0,0.0,625.0,1.0,35.0,16,297,29066,3,0.0
97,1.0,1.0,4.7639999,,0.0,6,156.6966482462094,156.6966482462094,pobre,0,0,0.0,618.0,1.0,54.0,14,297,29067,0,
98,1.0,1.0,4.7639999,,,6,156.6966482462094,156.6966482462094,pobre,0,0,0.0,618.0,1.0,54.0,15,297,29067,0,
97,0.0,1.0,4.7639999,0.0,6.0,4,156.6966482462094,156.6966482462094,pobre,0,0,0.0,582.0,1.0,69.0,15,297,29068,6,0.0
98,0.0,1.0,4.7639999,0.0,8.0,4,156.6966482462094,156.6966482462094,pobre,0,0,0.0,582.0,1.0,69.0,16,297,29068,6,0.0
97,1.0,1.0,4.7639999,1.0,3.0,4,156.6966482462094,156.6966482462094,pobre,0,0,0.0,582.0,1.0,69.0,9,297,29069,3,1.0
98,1.0,1.0,4.7639999,1.0,4.0,4,156.6966482462094,156.6966482462094,pobre,0,0,0.0,582.0,1.0,69.0,10,297,29069,3,1.0
97,1.0,0.0,4.7639999,0.0,6.0,7,156.6966482462094,156.6966482462094,pobre,0,3,4000.0,551.5,1.0,38.0,15,297,29070,6,0.0
98,1.0,0.0,4.7639999,,,7,156.6966482462094,156.6966482462094,pobre,0,3,4000.0,551.5,1.0,38.0,16,297,29070,6,0.0
97,0.0,0.0,4.7639999,1.0,2.0,7,156.6966482462094,156.6966482462094,pobre,0,3,4000.0,551.5,1.0,38.0,13,297,29071,2,1.0
98,0.0,0.0,4.7639999,1.0,3.0,7,156.6966482462094,156.6966482462094,pobre,0,3,4000.0,551.5,1.0,38.0,14,297,29071,2,1.0
97,1.0,0.0,4.7639999,1.0,2.0,7,156.6966482462094,156.6966482462094,pobre,0,3,4000.0,551.5,1.0,38.0,10,297,29072,2,1.0
98,1.0,0.0,4.7639999,1.0,3.0,7,156.6966482462094,156.6966482462094,pobre,0,3,4000.0,551.5,1.0,38.0,11,297,29072,2,1.0
97,1.0,0.0,4.7639999,1.0,0.0,7,156.6966482462094,156.6966482462094,pobre,0,3,4000.0,551.5,1.0,38.0,6,297,29073,0,1.0
98,1.0,0.0,4.7639999,1.0,1.0,7,156.6966482462094,156.6966482462094,pobre,0,3,4000.0,551.5,1.0,38.0,7,297,29073,0,1.0
97,1.0,0.0,4.7639999,1.0,2.0,7,156.6966482462094,156.6966482462094,pobre,0,3,0.0,452.0,0.0,34.0,12,297,29074,2,1.0
98,1.0,0.0,4.7639999,1.0,3.0,7,156.6966482462094,156.6966482462094,pobre,0,3,0.0,452.0,0.0,34.0,13,297,29074,2,1.0
97,1.0,0.0,4.7639999,1.0,1.0,7,156.6966482462094,156.6966482462094,pobre,0,3,0.0,452.0,0.0,34.0,7,297,29075,1,1.0
98,1.0,0.0,4.7639999,1.0,1.0,7,156.6966482462094,156.6966482462094,pobre,0,3,0.0,452.0,0.0,34.0,8,297,29075,1,1.0
97,0.0,0.0,4.7639999,0.0,6.0,7,156.6966482462094,156.6966482462094,pobre,0,3,0.0,452.0,0.0,34.0,13,297,29076,6,0.0
98,0.0,0.0,4.7639999,0.0,6.0,7,156.6966482462094,156.6966482462094,pobre,0,3,0.0,452.0,0.0,34.0,14,297,29076,6,0.0
97,0.0,1.0,4.7639999,1.0,5.0,5,156.6966482462094,156.6966482462094,pobre,0,2,0.0,489.0,0.0,32.0,12,297,29077,5,1.0
98,0.0,1.0,4.7639999,0.0,6.0,5,156.6966482462094,156.6966482462094,pobre,0,2,0.0,489.0,0.0,32.0,13,297,29077,5,1.0
97,1.0,1.0,4.7639999,1.0,4.0,5,156.6966482462094,156.6966482462094,pobre,0,2,0.0,489.0,0.0,32.0,11,297,29078,4,1.0
98,1.0,1.0,4.7639999,1.0,5.0,5,156.6966482462094,156.6966482462094,pobre,0,2,0.0,489.0,0.0,32.0,12,297,29078,4,1.0
97,1.0,1.0,4.7639999,1.0,1.0,5,156.6966482462094,156.6966482462094,pobre,0,2,0.0,489.0,0.0,32.0,7,297,29079,1,1.0
98,1.0,1.0,4.7639999,1.0,1.0,5,156.6966482462094,156.6966482462094,pobre,0,2,0.0,489.0,0.0,32.0,8,297,29079,1,1.0
97,0.0,0.0,4.7639999,0.0,6.0,8,156.6966482462094,156.6966482462094,pobre,0,1,500.0,590.0,1.0,57.0,16,297,29080,6,0.0
98,0.0,0.0,4.7639999,,,8,156.6966482462094,156.6966482462094,pobre,0,1,500.0,590.0,1.0,57.0,17,297,29080,6,0.0
97,0.0,0.0,4.7639999,1.0,5.0,8,156.6966482462094,156.6966482462094,pobre,0,1,500.0,590.0,1.0,57.0,13,297,29081,5,1.0
98,0.0,0.0,4.7639999,0.0,6.0,8,156.6966482462094,156.6966482462094,pobre,0,1,500.0,590.0,1.0,57.0,14,297,29081,5,1.0
97,0.0,0.0,4.7639999,1.0,4.0,8,156.6966482462094,156.6966482462094,pobre,0,1,500.0,590.0,1.0,57.0,11,297,29082,4,1.0
98,0.0,0.0,4.7639999,1.0,5.0,8,156.6966482462094,156.6966482462094,pobre,0,1,500.0,590.0,1.0,57.0,12,297,29082,4,1.0
97,0.0,0.0,4.7639999,1.0,1.0,8,156.6966482462094,156.6966482462094,pobre,0,1,500.0,590.0,1.0,57.0,7,297,29083,1,1.0
98,0.0,0.0,4.7639999,1.0,2.0,8,156.6966482462094,156.6966482462094,pobre,0,1,500.0,590.0,1.0,57.0,8,297,29083,1,1.0
97,0.0,0.0,4.7639999,0.0,6.0,4,156.6966482462094,156.6966482462094,pobre,0,4,500.0,599.0,1.0,45.0,13,297,29084,6,0.0
98,0.0,0.0,4.7639999,0.0,6.0,4,156.6966482462094,156.6966482462094,pobre,0,4,500.0,599.0,1.0,45.0,14,297,29084,6,0.0
97,0.0,0.0,4.7639999,1.0,4.0,6,156.6966482462094,156.6966482462094,pobre,0,3,0.0,625.0,1.0,50.0,11,297,29085,4,1.0
98,0.0,0.0,4.7639999,,,6,156.6966482462094,156.6966482462094,pobre,0,3,0.0,625.0,1.0,50.0,12,297,29085,4,1.0
97,1.0,0.0,4.7639999,,0.0,6,156.6966482462094,156.6966482462094,pobre,0,3,0.0,625.0,1.0,50.0,10,297,29086,0,
98,1.0,0.0,4.7639999,,,6,156.6966482462094,156.6966482462094,pobre,0,3,0.0,625.0,1.0,50.0,11,297,29086,0,
97,0.0,0.0,4.7639999,1.0,2.0,6,156.6966482462094,156.6966482462094,pobre,0,3,0.0,625.0,1.0,50.0,8,297,29087,2,1.0
98,0.0,0.0,4.7639999,,,6,156.6966482462094,156.6966482462094,pobre,0,3,0.0,625.0,1.0,50.0,9,297,29087,2,1.0
97,1.0,0.0,4.7639999,0.0,6.0,9,156.6966482462094,156.6966482462094,pobre,0,0,625.0,785.75,1.0,39.0,16,297,29088,6,0.0
98,1.0,0.0,4.7639999,,,9,156.6966482462094,156.6966482462094,pobre,0,0,625.0,785.75,1.0,39.0,17,297,29088,6,0.0
97,1.0,0.0,4.7639999,0.0,6.0,9,156.6966482462094,156.6966482462094,pobre,0,0,625.0,785.75,1.0,39.0,14,297,29089,6,0.0
98,1.0,0.0,4.7639999,0.0,6.0,9,156.6966482462094,156.6966482462094,pobre,0,0,625.0,785.75,1.0,39.0,15,297,29089,6,0.0
97,0.0,0.0,4.7639999,1.0,5.0,9,156.6966482462094,156.6966482462094,pobre,0,0,625.0,785.75,1.0,39.0,11,297,29090,5,1.0
98,0.0,0.0,4.7639999,1.0,6.0,9,156.6966482462094,156.6966482462094,pobre,0,0,625.0,785.75,1.0,39.0,12,297,29090,5,1.0
97,1.0,0.0,4.7639999,1.0,2.0,9,156.6966482462094,156.6966482462094,pobre,0,0,625.0,785.75,1.0,39.0,9,297,29091,2,1.0
98,1.0,0.0,4.7639999,1.0,3.0,9,156.6966482462094,156.6966482462094,pobre,0,0,625.0,785.75,1.0,39.0,10,297,29091,2,1.0
97,0.0,0.0,4.7639999,0.0,6.0,8,156.6966482462094,156.6966482462094,pobre,0,0,500.0,570.0,1.0,50.0,15,297,29092,6,0.0
98,0.0,0.0,4.7639999,0.0,6.0,8,156.6966482462094,156.6966482462094,pobre,0,0,500.0,570.0,1.0,50.0,16,297,29092,6,0.0
97,0.0,0.0,4.7639999,1.0,5.0,8,156.6966482462094,156.6966482462094,pobre,0,0,500.0,570.0,1.0,50.0,12,297,29093,5,1.0
98,0.0,0.0,4.7639999,0.0,6.0,8,156.6966482462094,156.6966482462094,pobre,0,0,500.0,570.0,1.0,50.0,13,297,29093,5,1.0
97,1.0,0.0,4.7639999,0.0,6.0,8,156.6966482462094,156.6966482462094,pobre,0,0,500.0,570.0,1.0,50.0,14,297,29094,6,0.0
98,1.0,0.0,4.7639999,0.0,6.0,8,156.6966482462094,156.6966482462094,pobre,0,0,500.0,570.0,1.0,50.0,15,297,29094,6,0.0
97,1.0,0.0,4.7639999,1.0,3.0,8,156.6966482462094,156.6966482462094,pobre,0,0,500.0,570.0,1.0,50.0,8,297,29095,3,1.0
98,1.0,0.0,4.7639999,1.0,3.0,8,156.6966482462094,156.6966482462094,pobre,0,0,500.0,570.0,1.0,50.0,9,297,29095,3,1.0
97,1.0,0.0,4.7639999,0.0,6.0,8,156.6966482462094,156.6966482462094,pobre,0,0,500.0,570.0,1.0,50.0,16,297,29096,6,0.0
98,1.0,0.0,4.7639999,,,8,156.6966482462094,156.6966482462094,pobre,0,0,500.0,570.0,1.0,50.0,17,297,29096,6,0.0
97,1.0,0.0,4.7639999,0.0,5.0,7,156.6966482462094,156.6966482462094,pobre,0,0,500.0,588.5,1.0,44.0,16,297,29097,5,0.0
98,1.0,0.0,4.7639999,,,7,156.6966482462094,156.6966482462094,pobre,0,0,500.0,588.5,1.0,44.0,17,297,29097,5,0.0
97,0.0,0.0,4.7639999,1.0,2.0,7,156.6966482462094,156.6966482462094,pobre,0,0,500.0,588.5,1.0,44.0,8,297,29098,2,1.0
98,0.0,0.0,4.7639999,1.0,3.0,7,156.6966482462094,156.6966482462094,pobre,0,0,500.0,588.5,1.0,44.0,9,297,29098,2,1.0
97,1.0,0.0,4.7639999,1.0,3.0,3,156.6966482462094,156.6966482462094,pobre,0,2,500.0,630.0,1.0,31.0,10,297,29099,3,1.0
98,1.0,0.0,4.7639999,1.0,4.0,3,156.6966482462094,156.6966482462094,pobre,0,2,500.0,630.0,1.0,31.0,11,297,29099,3,1.0
97,0.0,0.0,4.7639999,0.0,3.0,2,156.6966482462094,156.6966482462094,pobre,0,0,0.0,610.0,0.0,75.0,11,297,29100,3,0.0
98,0.0,0.0,4.7639999,1.0,6.0,2,156.6966482462094,156.6966482462094,pobre,0,0,0.0,610.0,0.0,75.0,12,297,29100,3,0.0
97,1.0,0.0,0.0,0.0,6.0,13,149.9579517275712,149.9579517275712,no pobre,0,0,0.0,867.0,1.0,54.0,15,336,29101,6,0.0
98,1.0,0.0,0.0,0.0,6.0,13,149.9579517275712,149.9579517275712,no pobre,0,0,0.0,867.0,1.0,54.0,16,336,29101,6,0.0
97,0.0,0.0,0.0,1.0,5.0,13,149.9579517275712,149.9579517275712,no pobre,0,0,0.0,867.0,1.0,54.0,12,336,29102,5,1.0
98,0.0,0.0,0.0,1.0,6.0,13,149.9579517275712,149.9579517275712,no pobre,0,0,0.0,867.0,1.0,54.0,13,336,29102,5,1.0
97,1.0,0.0,0.0,1.0,4.0,13,149.9579517275712,149.9579517275712,no pobre,0,0,0.0,867.0,1.0,54.0,12,336,29103,4,1.0
98,1.0,0.0,0.0,1.0,5.0,13,149.9579517275712,149.9579517275712,no pobre,0,0,0.0,867.0,1.0,54.0,13,336,29103,4,1.0
97,1.0,0.0,0.0,1.0,4.0,13,149.9579517275712,149.9579517275712,no pobre,0,0,0.0,867.0,1.0,54.0,10,336,29104,4,1.0
98,1.0,0.0,0.0,1.0,5.0,13,149.9579517275712,149.9579517275712,no pobre,0,0,0.0,867.0,1.0,54.0,11,336,29104,4,1.0
97,1.0,0.0,0.0,1.0,2.0,13,149.9579517275712,149.9579517275712,no pobre,0,0,0.0,867.0,1.0,54.0,9,336,29105,2,1.0
98,1.0,0.0,0.0,1.0,3.0,13,149.9579517275712,149.9579517275712,no pobre,0,0,0.0,867.0,1.0,54.0,10,336,29105,2,1.0
97,0.0,0.0,0.0,1.0,1.0,13,149.9579517275712,149.9579517275712,no pobre,0,0,0.0,867.0,1.0,54.0,7,336,29106,1,1.0
98,0.0,0.0,0.0,1.0,2.0,13,149.9579517275712,149.9579517275712,no pobre,0,0,0.0,867.0,1.0,54.0,8,336,29106,1,1.0
97,1.0,0.0,0.0,0.0,6.0,7,149.9579517275712,149.9579517275712,pobre,0,2,0.0,730.5,1.0,38.0,14,336,29107,6,0.0
98,1.0,0.0,0.0,0.0,6.0,7,149.9579517275712,149.9579517275712,pobre,0,2,0.0,730.5,1.0,38.0,15,336,29107,6,0.0
97,1.0,0.0,0.0,1.0,4.0,7,149.9579517275712,149.9579517275712,pobre,0,2,0.0,730.5,1.0,38.0,12,336,29108,4,1.0
98,1.0,0.0,0.0,1.0,5.0,7,149.9579517275712,149.9579517275712,pobre,0,2,0.0,730.5,1.0,38.0,13,336,29108,4,1.0
97,1.0,0.0,0.0,1.0,3.0,7,149.9579517275712,149.9579517275712,pobre,0,2,0.0,730.5,1.0,38.0,10,336,29109,3,1.0
98,1.0,0.0,0.0,1.0,4.0,7,149.9579517275712,149.9579517275712,pobre,0,2,0.0,730.5,1.0,38.0,11,336,29109,3,1.0
97,0.0,0.0,0.0,1.0,1.0,7,149.9579517275712,149.9579517275712,pobre,0,2,0.0,730.5,1.0,38.0,8,336,29110,1,1.0
98,0.0,0.0,0.0,1.0,2.0,7,149.9579517275712,149.9579517275712,pobre,0,2,0.0,730.5,1.0,38.0,9,336,29110,1,1.0
97,0.0,0.0,1.281,1.0,4.0,6,137.9643212049559,229.9076549069365,pobre,0,9,500.0,623.0,1.0,34.0,10,376,29111,4,1.0
98,0.0,0.0,1.281,1.0,5.0,6,137.9643212049559,229.9076549069365,pobre,0,9,500.0,623.0,1.0,34.0,11,376,29111,4,1.0
97,1.0,0.0,1.281,1.0,2.0,6,137.9643212049559,229.9076549069365,pobre,0,9,500.0,623.0,1.0,34.0,8,376,29112,2,1.0
98,1.0,0.0,1.281,1.0,3.0,6,137.9643212049559,229.9076549069365,pobre,0,9,500.0,623.0,1.0,34.0,9,376,29112,2,1.0
97,1.0,0.0,1.281,1.0,1.0,6,137.9643212049559,229.9076549069365,pobre,0,9,500.0,623.0,1.0,34.0,7,376,29113,1,1.0
98,1.0,0.0,1.281,1.0,2.0,6,137.9643212049559,229.9076549069365,pobre,0,9,500.0,623.0,1.0,34.0,8,376,29113,1,1.0
97,0.0,0.0,1.281,1.0,0.0,6,137.9643212049559,229.9076549069365,pobre,0,9,500.0,623.0,1.0,34.0,6,376,29114,0,1.0
98,0.0,0.0,1.281,1.0,0.0,6,137.9643212049559,229.9076549069365,pobre,0,9,500.0,623.0,1.0,34.0,7,376,29114,0,1.0
97,0.0,0.0,1.281,1.0,4.0,2,137.9643212049559,229.9076549069365,pobre,0,2,160.0,699.0,0.0,43.0,10,376,29115,4,1.0
98,0.0,0.0,1.281,1.0,5.0,2,137.9643212049559,229.9076549069365,pobre,0,2,160.0,699.0,0.0,43.0,11,376,29115,4,1.0
97,0.0,0.0,1.281,0.0,6.0,9,137.9643212049559,229.9076549069365,pobre,0,5,640.0,776.75,1.0,54.0,16,376,29116,6,0.0
98,0.0,0.0,1.281,,,9,137.9643212049559,229.9076549069365,pobre,0,5,640.0,776.75,1.0,54.0,17,376,29116,6,0.0
97,1.0,0.0,1.281,1.0,7.0,9,137.9643212049559,229.9076549069365,pobre,0,5,640.0,776.75,1.0,54.0,14,376,29117,7,1.0
98,1.0,0.0,1.281,1.0,8.0,9,137.9643212049559,229.9076549069365,pobre,0,5,640.0,776.75,1.0,54.0,15,376,29117,7,1.0
97,0.0,0.0,1.281,1.0,5.0,9,137.9643212049559,229.9076549069365,pobre,0,5,640.0,776.75,1.0,54.0,12,376,29118,5,1.0
98,0.0,0.0,1.281,1.0,6.0,9,137.9643212049559,229.9076549069365,pobre,0,5,640.0,776.75,1.0,54.0,13,376,29118,5,1.0
97,1.0,0.0,1.281,1.0,1.0,5,137.9643212049559,229.9076549069365,pobre,0,7,400.0,783.83002,1.0,31.0,8,376,29119,1,1.0
98,1.0,0.0,1.281,1.0,2.0,5,137.9643212049559,229.9076549069365,pobre,0,7,400.0,783.83002,1.0,31.0,9,376,29119,1,1.0
97,1.0,0.0,1.281,1.0,1.0,5,137.9643212049559,229.9076549069365,pobre,0,5,0.0,513.0,1.0,38.0,8,376,29120,1,1.0
98,1.0,0.0,1.281,1.0,2.0,5,137.9643212049559,229.9076549069365,pobre,0,5,0.0,513.0,1.0,38.0,9,376,29120,1,1.0
97,0.0,0.0,1.281,1.0,0.0,5,137.9643212049559,229.9076549069365,pobre,0,5,0.0,513.0,1.0,38.0,6,376,29121,0,1.0
98,0.0,0.0,1.281,1.0,1.0,5,137.9643212049559,229.9076549069365,pobre,0,5,0.0,513.0,1.0,38.0,7,376,29121,0,1.0
97,0.0,0.0,1.281,1.0,6.0,8,137.9643212049559,229.9076549069365,pobre,0,3,375.0,848.0,1.0,48.0,13,376,29122,6,1.0
98,0.0,0.0,1.281,1.0,7.0,8,137.9643212049559,229.9076549069365,pobre,0,3,375.0,848.0,1.0,48.0,14,376,29122,6,1.0
97,0.0,0.0,1.281,1.0,2.0,8,137.9643212049559,229.9076549069365,pobre,0,3,375.0,848.0,1.0,48.0,8,376,29123,2,1.0
98,0.0,0.0,1.281,,,8,137.9643212049559,229.9076549069365,pobre,0,3,375.0,848.0,1.0,48.0,9,376,29123,2,1.0
97,1.0,0.0,1.281,1.0,5.0,6,137.9643212049559,229.9076549069365,no pobre,0,13,2300.0,851.0,1.0,39.0,11,376,29124,5,1.0
98,1.0,0.0,1.281,1.0,6.0,6,137.9643212049559,229.9076549069365,no pobre,0,13,2300.0,851.0,1.0,39.0,12,376,29124,5,1.0
97,0.0,0.0,1.281,1.0,4.0,6,137.9643212049559,229.9076549069365,no pobre,0,13,2300.0,851.0,1.0,39.0,10,376,29125,4,1.0
98,0.0,0.0,1.281,1.0,5.0,6,137.9643212049559,229.9076549069365,no pobre,0,13,2300.0,851.0,1.0,39.0,11,376,29125,4,1.0
97,1.0,0.0,1.281,1.0,2.0,6,137.9643212049559,229.9076549069365,no pobre,0,13,2300.0,851.0,1.0,39.0,8,376,29126,2,1.0
98,1.0,0.0,1.281,1.0,3.0,6,137.9643212049559,229.9076549069365,no pobre,0,13,2300.0,851.0,1.0,39.0,9,376,29126,2,1.0
97,1.0,0.0,1.281,1.0,2.0,4,137.9643212049559,229.9076549069365,pobre,0,4,375.0,705.0,1.0,53.0,8,376,29127,2,1.0
98,1.0,0.0,1.281,1.0,3.0,4,137.9643212049559,229.9076549069365,pobre,0,4,375.0,705.0,1.0,53.0,9,376,29127,2,1.0
97,1.0,0.0,1.281,1.0,0.0,4,137.9643212049559,229.9076549069365,pobre,0,4,375.0,705.0,1.0,53.0,6,376,29128,0,1.0
98,1.0,0.0,1.281,1.0,1.0,4,137.9643212049559,229.9076549069365,pobre,0,4,375.0,705.0,1.0,53.0,7,376,29128,0,1.0
97,1.0,0.0,1.281,1.0,4.0,5,137.9643212049559,229.9076549069365,pobre,0,0,250.0,767.5,1.0,38.0,15,376,29129,4,1.0
98,1.0,0.0,1.281,1.0,5.0,5,137.9643212049559,229.9076549069365,pobre,0,0,250.0,767.5,1.0,38.0,16,376,29129,4,1.0
97,1.0,0.0,1.281,1.0,3.0,5,137.9643212049559,229.9076549069365,pobre,0,0,250.0,767.5,1.0,38.0,10,376,29130,3,1.0
98,1.0,0.0,1.281,1.0,4.0,5,137.9643212049559,229.9076549069365,pobre,0,0,250.0,767.5,1.0,38.0,11,376,29130,3,1.0
97,0.0,0.0,1.281,0.0,9.0,7,137.9643212049559,229.9076549069365,no pobre,0,5,456.25,825.0,1.0,52.0,16,376,29131,9,0.0
98,0.0,0.0,1.281,,,7,137.9643212049559,229.9076549069365,no pobre,0,5,456.25,825.0,1.0,52.0,17,376,29131,9,0.0
97,0.0,0.0,1.281,1.0,8.0,7,137.9643212049559,229.9076549069365,no pobre,0,5,456.25,825.0,1.0,52.0,14,376,29132,8,1.0
98,0.0,0.0,1.281,1.0,9.0,7,137.9643212049559,229.9076549069365,no pobre,0,5,456.25,825.0,1.0,52.0,15,376,29132,8,1.0
97,1.0,0.0,1.281,1.0,5.0,7,137.9643212049559,229.9076549069365,no pobre,0,5,456.25,825.0,1.0,52.0,11,376,29133,5,1.0
98,1.0,0.0,1.281,1.0,6.0,7,137.9643212049559,229.9076549069365,no pobre,0,5,456.25,825.0,1.0,52.0,12,376,29133,5,1.0
97,1.0,1.0,1.281,0.0,6.0,8,137.9643212049559,229.9076549069365,pobre,0,5,1000.0,602.0,1.0,38.0,16,376,29134,6,0.0
98,1.0,1.0,1.281,,,8,137.9643212049559,229.9076549069365,pobre,0,5,1000.0,602.0,1.0,38.0,17,376,29134,6,0.0
97,1.0,1.0,1.281,1.0,7.0,8,137.9643212049559,229.9076549069365,pobre,0,5,1000.0,602.0,1.0,38.0,14,376,29135,7,1.0
98,1.0,1.0,1.281,1.0,8.0,8,137.9643212049559,229.9076549069365,pobre,0,5,1000.0,602.0,1.0,38.0,15,376,29135,7,1.0
97,0.0,1.0,1.281,1.0,6.0,8,137.9643212049559,229.9076549069365,pobre,0,5,1000.0,602.0,1.0,38.0,12,376,29136,6,1.0
98,0.0,1.0,1.281,1.0,7.0,8,137.9643212049559,229.9076549069365,pobre,0,5,1000.0,602.0,1.0,38.0,13,376,29136,6,1.0
97,0.0,1.0,1.281,1.0,2.0,8,137.9643212049559,229.9076549069365,pobre,0,5,1000.0,602.0,1.0,38.0,9,376,29137,2,1.0
98,0.0,1.0,1.281,1.0,3.0,8,137.9643212049559,229.9076549069365,pobre,0,5,1000.0,602.0,1.0,38.0,10,376,29137,2,1.0
97,0.0,1.0,1.281,1.0,3.0,8,137.9643212049559,229.9076549069365,pobre,0,5,1000.0,602.0,1.0,38.0,9,376,29138,3,1.0
98,0.0,1.0,1.281,1.0,4.0,8,137.9643212049559,229.9076549069365,pobre,0,5,1000.0,602.0,1.0,38.0,10,376,29138,3,1.0
97,0.0,1.0,1.281,0.0,6.0,8,137.9643212049559,229.9076549069365,pobre,0,5,1000.0,602.0,1.0,38.0,14,376,29139,6,0.0
98,0.0,1.0,1.281,,,8,137.9643212049559,229.9076549069365,pobre,0,5,1000.0,602.0,1.0,38.0,15,376,29139,6,0.0
97,1.0,1.0,1.281,0.0,9.0,4,137.9643212049559,229.9076549069365,no pobre,0,2,83.333336,880.0,1.0,62.0,16,376,29140,9,0.0
98,1.0,1.0,1.281,,,4,137.9643212049559,229.9076549069365,no pobre,0,2,83.333336,880.0,1.0,62.0,17,376,29140,9,0.0
97,0.0,0.0,1.281,1.0,1.0,4,137.9643212049559,229.9076549069365,pobre,0,6,500.0,587.0,1.0,32.0,7,376,29141,1,1.0
98,0.0,0.0,1.281,1.0,1.0,4,137.9643212049559,229.9076549069365,pobre,0,6,500.0,587.0,1.0,32.0,8,376,29141,1,1.0
97,1.0,0.0,1.281,1.0,6.0,9,137.9643212049559,229.9076549069365,pobre,0,2,125.0,678.75,1.0,59.0,12,376,29142,6,1.0
98,1.0,0.0,1.281,0.0,6.0,9,137.9643212049559,229.9076549069365,pobre,0,2,125.0,678.75,1.0,59.0,13,376,29142,6,1.0
97,0.0,0.0,1.281,1.0,3.0,9,137.9643212049559,229.9076549069365,pobre,0,2,125.0,678.75,1.0,59.0,10,376,29143,3,1.0
98,0.0,0.0,1.281,1.0,4.0,9,137.9643212049559,229.9076549069365,pobre,0,2,125.0,678.75,1.0,59.0,11,376,29143,3,1.0
97,0.0,0.0,1.281,1.0,3.0,9,137.9643212049559,229.9076549069365,pobre,0,2,125.0,678.75,1.0,59.0,9,376,29144,3,1.0
98,0.0,0.0,1.281,1.0,4.0,9,137.9643212049559,229.9076549069365,pobre,0,2,125.0,678.75,1.0,59.0,10,376,29144,3,1.0
97,1.0,0.0,1.281,1.0,1.0,9,137.9643212049559,229.9076549069365,pobre,0,2,125.0,678.75,1.0,59.0,7,376,29145,1,1.0
98,1.0,0.0,1.281,1.0,2.0,9,137.9643212049559,229.9076549069365,pobre,0,2,125.0,678.75,1.0,59.0,8,376,29145,1,1.0
97,0.0,1.0,1.281,0.0,6.0,7,137.9643212049559,229.9076549069365,no pobre,0,4,375.0,841.25,1.0,52.0,16,376,29146,6,0.0
98,0.0,1.0,1.281,,,7,137.9643212049559,229.9076549069365,no pobre,0,4,375.0,841.25,1.0,52.0,17,376,29146,6,0.0
97,0.0,1.0,1.281,1.0,4.0,7,137.9643212049559,229.9076549069365,no pobre,0,4,375.0,841.25,1.0,52.0,11,376,29147,4,1.0
98,0.0,1.0,1.281,1.0,5.0,7,137.9643212049559,229.9076549069365,no pobre,0,4,375.0,841.25,1.0,52.0,12,376,29147,4,1.0
97,1.0,1.0,1.281,1.0,2.0,7,137.9643212049559,229.9076549069365,no pobre,0,4,375.0,841.25,1.0,52.0,8,376,29148,2,1.0
98,1.0,1.0,1.281,1.0,2.0,7,137.9643212049559,229.9076549069365,no pobre,0,4,375.0,841.25,1.0,52.0,9,376,29148,2,1.0
97,1.0,0.0,1.281,1.0,8.0,6,137.9643212049559,229.9076549069365,pobre,0,6,500.0,681.0,1.0,34.0,14,376,29149,8,1.0
98,1.0,0.0,1.281,0.0,9.0,6,137.9643212049559,229.9076549069365,pobre,0,6,500.0,681.0,1.0,34.0,15,376,29149,8,1.0
97,0.0,0.0,1.281,1.0,3.0,6,137.9643212049559,229.9076549069365,pobre,0,6,500.0,681.0,1.0,34.0,8,376,29150,3,1.0
98,0.0,0.0,1.281,1.0,4.0,6,137.9643212049559,229.9076549069365,pobre,0,6,500.0,681.0,1.0,34.0,9,376,29150,3,1.0
97,1.0,1.0,1.281,1.0,6.0,6,137.9643212049559,229.9076549069365,pobre,0,1,500.0,629.0,1.0,39.0,16,376,29151,6,1.0
98,1.0,1.0,1.281,,,6,137.9643212049559,229.9076549069365,pobre,0,1,500.0,629.0,1.0,39.0,17,376,29151,6,1.0
97,1.0,1.0,1.281,1.0,5.0,6,137.9643212049559,229.9076549069365,pobre,0,1,500.0,629.0,1.0,39.0,10,376,29152,5,1.0
98,1.0,1.0,1.281,1.0,5.0,6,137.9643212049559,229.9076549069365,pobre,0,1,500.0,629.0,1.0,39.0,11,376,29152,5,1.0
97,0.0,1.0,1.281,1.0,1.0,6,137.9643212049559,229.9076549069365,pobre,0,1,500.0,629.0,1.0,39.0,7,376,29153,1,1.0
98,0.0,1.0,1.281,1.0,2.0,6,137.9643212049559,229.9076549069365,pobre,0,1,500.0,629.0,1.0,39.0,8,376,29153,1,1.0
97,1.0,1.0,1.281,1.0,2.0,6,137.9643212049559,229.9076549069365,pobre,0,3,375.0,530.0,1.0,35.0,11,376,29154,2,1.0
98,1.0,1.0,1.281,1.0,3.0,6,137.9643212049559,229.9076549069365,pobre,0,3,375.0,530.0,1.0,35.0,12,376,29154,2,1.0
97,1.0,1.0,1.281,1.0,3.0,6,137.9643212049559,229.9076549069365,pobre,0,3,375.0,530.0,1.0,35.0,9,376,29155,3,1.0
98,1.0,1.0,1.281,1.0,4.0,6,137.9643212049559,229.9076549069365,pobre,0,3,375.0,530.0,1.0,35.0,10,376,29155,3,1.0
97,0.0,0.0,1.281,1.0,6.0,7,137.9643212049559,229.9076549069365,pobre,0,3,0.0,583.0,0.0,43.0,14,376,29156,6,1.0
98,0.0,0.0,1.281,0.0,7.0,7,137.9643212049559,229.9076549069365,pobre,0,3,0.0,583.0,0.0,43.0,15,376,29156,6,1.0
97,0.0,0.0,1.281,0.0,6.0,7,137.9643212049559,229.9076549069365,pobre,0,3,0.0,583.0,0.0,43.0,12,376,29157,6,0.0
98,0.0,0.0,1.281,0.0,6.0,7,137.9643212049559,229.9076549069365,pobre,0,3,0.0,583.0,0.0,43.0,13,376,29157,6,0.0
97,0.0,0.0,1.281,1.0,3.0,7,137.9643212049559,229.9076549069365,pobre,0,3,0.0,583.0,0.0,43.0,10,376,29158,3,1.0
98,0.0,0.0,1.281,1.0,3.0,7,137.9643212049559,229.9076549069365,pobre,0,3,0.0,583.0,0.0,43.0,11,376,29158,3,1.0
97,0.0,0.0,1.281,1.0,2.0,7,137.9643212049559,229.9076549069365,pobre,0,3,0.0,583.0,0.0,43.0,8,376,29159,2,1.0
98,0.0,0.0,1.281,1.0,2.0,7,137.9643212049559,229.9076549069365,pobre,0,3,0.0,583.0,0.0,43.0,9,376,29159,2,1.0
97,1.0,1.0,1.281,1.0,1.0,4,137.9643212049559,229.9076549069365,no pobre,0,2,66.666664,819.0,1.0,67.0,7,376,29160,1,1.0
98,1.0,1.0,1.281,1.0,1.0,4,137.9643212049559,229.9076549069365,no pobre,0,2,66.666664,819.0,1.0,67.0,8,376,29160,1,1.0
97,1.0,1.0,1.281,1.0,3.0,6,137.9643212049559,229.9076549069365,pobre,0,6,600.0,611.0,1.0,32.0,9,376,29161,3,1.0
98,1.0,1.0,1.281,1.0,4.0,6,137.9643212049559,229.9076549069365,pobre,0,6,600.0,611.0,1.0,32.0,10,376,29161,3,1.0
97,1.0,1.0,1.281,1.0,1.0,6,137.9643212049559,229.9076549069365,pobre,0,6,600.0,611.0,1.0,32.0,8,376,29162,1,1.0
98,1.0,1.0,1.281,1.0,2.0,6,137.9643212049559,229.9076549069365,pobre,0,6,600.0,611.0,1.0,32.0,9,376,29162,1,1.0
97,0.0,0.0,1.281,1.0,2.0,6,137.9643212049559,229.9076549069365,pobre,0,6,0.0,768.0,1.0,74.0,15,376,29163,2,1.0
98,0.0,0.0,1.281,,,6,137.9643212049559,229.9076549069365,pobre,0,6,0.0,768.0,1.0,74.0,16,376,29163,2,1.0
97,1.0,0.0,1.281,1.0,8.0,6,137.9643212049559,229.9076549069365,pobre,0,6,0.0,768.0,1.0,74.0,14,376,29164,8,1.0
98,1.0,0.0,1.281,1.0,9.0,6,137.9643212049559,229.9076549069365,pobre,0,6,0.0,768.0,1.0,74.0,15,376,29164,8,1.0
97,0.0,0.0,1.281,1.0,7.0,6,137.9643212049559,229.9076549069365,pobre,0,6,0.0,768.0,1.0,74.0,13,376,29165,7,1.0
98,0.0,0.0,1.281,1.0,8.0,6,137.9643212049559,229.9076549069365,pobre,0,6,0.0,768.0,1.0,74.0,14,376,29165,7,1.0
97,0.0,0.0,1.281,0.0,9.0,7,137.9643212049559,229.9076549069365,no pobre,0,6,133.33333,845.25,1.0,51.0,16,376,29166,9,0.0
98,0.0,0.0,1.281,,,7,137.9643212049559,229.9076549069365,no pobre,0,6,133.33333,845.25,1.0,51.0,17,376,29166,9,0.0
97,1.0,0.0,1.281,1.0,4.0,7,137.9643212049559,229.9076549069365,no pobre,0,6,133.33333,845.25,1.0,51.0,10,376,29167,4,1.0
98,1.0,0.0,1.281,1.0,4.0,7,137.9643212049559,229.9076549069365,no pobre,0,6,133.33333,845.25,1.0,51.0,11,376,29167,4,1.0
97,0.0,0.0,1.281,1.0,9.0,7,137.9643212049559,229.9076549069365,no pobre,0,5,133.33333,822.0,1.0,50.0,16,376,29168,9,1.0
98,0.0,0.0,1.281,,,7,137.9643212049559,229.9076549069365,no pobre,0,5,133.33333,822.0,1.0,50.0,17,376,29168,9,1.0
97,0.0,0.0,1.281,1.0,5.0,7,137.9643212049559,229.9076549069365,no pobre,0,5,133.33333,822.0,1.0,50.0,11,376,29169,5,1.0
98,0.0,0.0,1.281,1.0,6.0,7,137.9643212049559,229.9076549069365,no pobre,0,5,133.33333,822.0,1.0,50.0,12,376,29169,5,1.0
97,1.0,0.0,1.281,1.0,3.0,7,137.9643212049559,229.9076549069365,no pobre,0,5,133.33333,822.0,1.0,50.0,9,376,29170,3,1.0
98,1.0,0.0,1.281,1.0,4.0,7,137.9643212049559,229.9076549069365,no pobre,0,5,133.33333,822.0,1.0,50.0,10,376,29170,3,1.0
97,1.0,0.0,1.281,1.0,8.0,10,137.9643212049559,229.9076549069365,no pobre,0,3,200.0,828.0,1.0,53.0,16,376,29171,8,1.0
98,1.0,0.0,1.281,,,10,137.9643212049559,229.9076549069365,no pobre,0,3,200.0,828.0,1.0,53.0,17,376,29171,8,1.0
97,1.0,0.0,1.281,1.0,8.0,10,137.9643212049559,229.9076549069365,no pobre,0,3,200.0,828.0,1.0,53.0,16,376,29172,8,1.0
98,1.0,0.0,1.281,,,10,137.9643212049559,229.9076549069365,no pobre,0,3,200.0,828.0,1.0,53.0,17,376,29172,8,1.0
97,1.0,0.0,1.281,1.0,5.0,10,137.9643212049559,229.9076549069365,no pobre,0,3,200.0,828.0,1.0,53.0,12,376,29173,5,1.0
98,1.0,0.0,1.281,,,10,137.9643212049559,229.9076549069365,no pobre,0,3,200.0,828.0,1.0,53.0,13,376,29173,5,1.0
97,1.0,0.0,1.281,1.0,3.0,10,137.9643212049559,229.9076549069365,no pobre,0,3,200.0,828.0,1.0,53.0,10,376,29174,3,1.0
98,1.0,0.0,1.281,1.0,4.0,10,137.9643212049559,229.9076549069365,no pobre,0,3,200.0,828.0,1.0,53.0,11,376,29174,3,1.0
97,1.0,0.0,1.281,1.0,0.0,10,137.9643212049559,229.9076549069365,no pobre,0,3,200.0,828.0,1.0,53.0,6,376,29175,0,1.0
98,1.0,0.0,1.281,1.0,1.0,10,137.9643212049559,229.9076549069365,no pobre,0,3,200.0,828.0,1.0,53.0,7,376,29175,0,1.0
97,0.0,0.0,1.281,0.0,9.0,6,137.9643212049559,229.9076549069365,no pobre,0,6,66.666664,963.0,1.0,47.0,16,376,29176,9,0.0
98,0.0,0.0,1.281,,,6,137.9643212049559,229.9076549069365,no pobre,0,6,66.666664,963.0,1.0,47.0,17,376,29176,9,0.0
97,0.0,0.0,1.281,1.0,7.0,6,137.9643212049559,229.9076549069365,pobre,0,5,500.0,670.0,1.0,50.0,14,376,29177,7,1.0
98,0.0,0.0,1.281,1.0,8.0,6,137.9643212049559,229.9076549069365,pobre,0,5,500.0,670.0,1.0,50.0,15,376,29177,7,1.0
97,1.0,0.0,1.281,1.0,4.0,6,137.9643212049559,229.9076549069365,pobre,0,5,500.0,670.0,1.0,50.0,10,376,29178,4,1.0
98,1.0,0.0,1.281,1.0,5.0,6,137.9643212049559,229.9076549069365,pobre,0,5,500.0,670.0,1.0,50.0,11,376,29178,4,1.0
97,0.0,0.0,1.281,1.0,2.0,6,137.9643212049559,229.9076549069365,pobre,0,5,500.0,670.0,1.0,50.0,8,376,29179,2,1.0
98,0.0,0.0,1.281,1.0,2.0,6,137.9643212049559,229.9076549069365,pobre,0,5,500.0,670.0,1.0,50.0,9,376,29179,2,1.0
97,1.0,0.0,1.281,1.0,1.0,6,137.9643212049559,229.9076549069365,pobre,0,5,500.0,670.0,1.0,50.0,7,376,29180,1,1.0
98,1.0,0.0,1.281,1.0,2.0,6,137.9643212049559,229.9076549069365,pobre,0,5,500.0,670.0,1.0,50.0,8,376,29180,1,1.0
97,0.0,0.0,1.281,1.0,9.0,3,137.9643212049559,229.9076549069365,no pobre,0,13,3200.0,1111.0,0.0,44.0,15,376,29181,9,1.0
98,0.0,0.0,1.281,1.0,10.0,3,137.9643212049559,229.9076549069365,no pobre,0,13,3200.0,1111.0,0.0,44.0,16,376,29181,9,1.0
97,1.0,1.0,1.281,1.0,10.0,5,137.9643212049559,229.9076549069365,pobre,0,8,375.0,734.0,1.0,38.0,16,376,29182,10,1.0
98,1.0,1.0,1.281,,,5,137.9643212049559,229.9076549069365,pobre,0,8,375.0,734.0,1.0,38.0,17,376,29182,10,1.0
97,0.0,1.0,1.281,1.0,7.0,5,137.9643212049559,229.9076549069365,pobre,0,8,375.0,734.0,1.0,38.0,13,376,29183,7,1.0
98,0.0,1.0,1.281,1.0,8.0,5,137.9643212049559,229.9076549069365,pobre,0,8,375.0,734.0,1.0,38.0,14,376,29183,7,1.0
97,1.0,1.0,1.281,1.0,2.0,5,137.9643212049559,229.9076549069365,pobre,0,8,375.0,734.0,1.0,38.0,8,376,29184,2,1.0
98,1.0,1.0,1.281,1.0,3.0,5,137.9643212049559,229.9076549069365,pobre,0,8,375.0,734.0,1.0,38.0,9,376,29184,2,1.0
97,1.0,1.0,1.281,0.0,6.0,2,137.9643212049559,229.9076549069365,pobre,0,6,375.0,845.0,1.0,16.0,16,376,29185,6,0.0
98,1.0,1.0,1.281,,,2,137.9643212049559,229.9076549069365,pobre,0,6,375.0,845.0,1.0,16.0,17,376,29185,6,0.0
97,0.0,0.0,1.281,0.0,8.0,2,137.9643212049559,229.9076549069365,pobre,0,6,375.0,845.0,1.0,16.0,16,376,29186,8,0.0
98,0.0,0.0,1.281,,,2,137.9643212049559,229.9076549069365,pobre,0,6,375.0,845.0,1.0,16.0,17,376,29186,8,0.0
97,0.0,0.0,1.281,0.0,9.0,4,137.9643212049559,229.9076549069365,no pobre,0,6,200.0,865.0,1.0,36.0,16,376,29187,9,0.0
98,0.0,0.0,1.281,,,4,137.9643212049559,229.9076549069365,no pobre,0,6,200.0,865.0,1.0,36.0,17,376,29187,9,0.0
97,1.0,0.0,1.281,1.0,5.0,7,137.9643212049559,229.9076549069365,pobre,0,9,120.0,749.0,1.0,32.0,11,376,29188,5,1.0
98,1.0,0.0,1.281,1.0,6.0,7,137.9643212049559,229.9076549069365,pobre,0,9,120.0,749.0,1.0,32.0,12,376,29188,5,1.0
97,0.0,0.0,1.281,1.0,4.0,7,137.9643212049559,229.9076549069365,pobre,0,9,120.0,749.0,1.0,32.0,10,376,29189,4,1.0
98,0.0,0.0,1.281,1.0,5.0,7,137.9643212049559,229.9076549069365,pobre,0,9,120.0,749.0,1.0,32.0,11,376,29189,4,1.0
97,0.0,0.0,1.281,1.0,1.0,7,137.9643212049559,229.9076549069365,pobre,0,9,120.0,749.0,1.0,32.0,7,376,29190,1,1.0
98,0.0,0.0,1.281,1.0,2.0,7,137.9643212049559,229.9076549069365,pobre,0,9,120.0,749.0,1.0,32.0,8,376,29190,1,1.0
97,0.0,0.0,1.281,1.0,6.0,7,137.9643212049559,229.9076549069365,pobre,0,6,375.0,606.0,1.0,28.0,13,376,29191,6,1.0
98,0.0,0.0,1.281,1.0,7.0,7,137.9643212049559,229.9076549069365,pobre,0,6,375.0,606.0,1.0,28.0,14,376,29191,6,1.0
97,0.0,0.0,1.281,1.0,4.0,7,137.9643212049559,229.9076549069365,pobre,0,6,375.0,606.0,1.0,28.0,11,376,29192,4,1.0
98,0.0,0.0,1.281,1.0,5.0,7,137.9643212049559,229.9076549069365,pobre,0,6,375.0,606.0,1.0,28.0,12,376,29192,4,1.0
97,0.0,0.0,1.281,1.0,3.0,7,137.9643212049559,229.9076549069365,pobre,0,6,375.0,606.0,1.0,28.0,9,376,29193,3,1.0
98,0.0,0.0,1.281,1.0,2.0,7,137.9643212049559,229.9076549069365,pobre,0,6,375.0,606.0,1.0,28.0,10,376,29193,3,1.0
97,1.0,0.0,1.281,1.0,1.0,7,137.9643212049559,229.9076549069365,pobre,0,6,375.0,606.0,1.0,28.0,7,376,29194,1,1.0
98,1.0,0.0,1.281,1.0,1.0,7,137.9643212049559,229.9076549069365,pobre,0,6,375.0,606.0,1.0,28.0,8,376,29194,1,1.0
97,1.0,1.0,1.281,1.0,9.0,13,137.9643212049559,229.9076549069365,pobre,0,4,375.0,831.75,1.0,51.0,15,376,29195,9,1.0
98,1.0,1.0,1.281,1.0,9.0,13,137.9643212049559,229.9076549069365,pobre,0,4,375.0,831.75,1.0,51.0,16,376,29195,9,1.0
97,1.0,1.0,1.281,1.0,6.0,13,137.9643212049559,229.9076549069365,pobre,0,4,375.0,831.75,1.0,51.0,13,376,29196,6,1.0
98,1.0,1.0,1.281,1.0,7.0,13,137.9643212049559,229.9076549069365,pobre,0,4,375.0,831.75,1.0,51.0,14,376,29196,6,1.0
97,0.0,1.0,1.281,1.0,3.0,13,137.9643212049559,229.9076549069365,pobre,0,4,375.0,831.75,1.0,51.0,10,376,29197,3,1.0
98,0.0,1.0,1.281,1.0,4.0,13,137.9643212049559,229.9076549069365,pobre,0,4,375.0,831.75,1.0,51.0,11,376,29197,3,1.0
97,1.0,0.0,1.281,1.0,1.0,13,137.9643212049559,229.9076549069365,pobre,0,4,375.0,831.75,1.0,51.0,7,376,29198,1,1.0
98,1.0,0.0,1.281,1.0,2.0,13,137.9643212049559,229.9076549069365,pobre,0,4,375.0,831.75,1.0,51.0,8,376,29198,1,1.0
97,1.0,1.0,1.281,0.0,6.0,6,137.9643212049559,229.9076549069365,pobre,0,2,375.0,641.0,1.0,54.0,16,376,29199,6,0.0
98,1.0,1.0,1.281,,,6,137.9643212049559,229.9076549069365,pobre,0,2,375.0,641.0,1.0,54.0,17,376,29199,6,0.0
97,0.0,1.0,1.281,1.0,2.0,6,137.9643212049559,229.9076549069365,pobre,0,2,375.0,641.0,1.0,54.0,13,376,29200,2,1.0
98,0.0,1.0,1.281,,,6,137.9643212049559,229.9076549069365,pobre,0,2,375.0,641.0,1.0,54.0,14,376,29200,2,1.0
97,0.0,0.0,1.281,1.0,1.0,6,137.9643212049559,229.9076549069365,pobre,0,2,375.0,641.0,1.0,54.0,8,376,29201,1,1.0
98,0.0,0.0,1.281,1.0,2.0,6,137.9643212049559,229.9076549069365,pobre,0,2,375.0,641.0,1.0,54.0,9,376,29201,1,1.0
97,0.0,0.0,1.281,1.0,0.0,6,137.9643212049559,229.9076549069365,pobre,0,2,375.0,641.0,1.0,54.0,6,376,29202,0,1.0
98,0.0,0.0,1.281,1.0,1.0,6,137.9643212049559,229.9076549069365,pobre,0,2,375.0,641.0,1.0,54.0,7,376,29202,0,1.0
97,0.0,1.0,1.281,1.0,8.0,7,137.9643212049559,229.9076549069365,pobre,0,4,375.0,618.5,1.0,40.0,14,376,29203,8,1.0
98,0.0,1.0,1.281,1.0,8.0,7,137.9643212049559,229.9076549069365,pobre,0,4,375.0,618.5,1.0,40.0,15,376,29203,8,1.0
97,1.0,1.0,1.281,1.0,6.0,7,137.9643212049559,229.9076549069365,pobre,0,4,375.0,618.5,1.0,40.0,12,376,29204,6,1.0
98,1.0,1.0,1.281,1.0,7.0,7,137.9643212049559,229.9076549069365,pobre,0,4,375.0,618.5,1.0,40.0,13,376,29204,6,1.0
97,0.0,1.0,1.281,1.0,2.0,7,137.9643212049559,229.9076549069365,pobre,0,4,375.0,618.5,1.0,40.0,9,376,29205,2,1.0
98,0.0,1.0,1.281,1.0,3.0,7,137.9643212049559,229.9076549069365,pobre,0,4,375.0,618.5,1.0,40.0,10,376,29205,2,1.0
97,0.0,1.0,1.281,1.0,0.0,7,137.9643212049559,229.9076549069365,pobre,0,4,375.0,618.5,1.0,40.0,7,376,29206,0,1.0
98,0.0,1.0,1.281,1.0,1.0,7,137.9643212049559,229.9076549069365,pobre,0,4,375.0,618.5,1.0,40.0,8,376,29206,0,1.0
97,1.0,0.0,1.281,1.0,1.0,6,137.9643212049559,229.9076549069365,pobre,0,3,375.0,516.0,1.0,41.0,8,376,29207,1,1.0
98,1.0,0.0,1.281,1.0,2.0,6,137.9643212049559,229.9076549069365,pobre,0,3,375.0,516.0,1.0,41.0,9,376,29207,1,1.0
97,0.0,0.0,1.281,1.0,0.0,6,137.9643212049559,229.9076549069365,pobre,0,3,375.0,516.0,1.0,41.0,6,376,29208,0,1.0
98,0.0,0.0,1.281,1.0,1.0,6,137.9643212049559,229.9076549069365,pobre,0,3,375.0,516.0,1.0,41.0,7,376,29208,0,1.0
97,0.0,1.0,1.281,1.0,10.0,10,137.9643212049559,229.9076549069365,pobre,0,3,375.0,625.0,1.0,55.0,16,376,29209,10,1.0
98,0.0,1.0,1.281,,,10,137.9643212049559,229.9076549069365,pobre,0,3,375.0,625.0,1.0,55.0,17,376,29209,10,1.0
97,1.0,1.0,1.281,1.0,6.0,10,137.9643212049559,229.9076549069365,pobre,0,3,375.0,625.0,1.0,55.0,14,376,29210,6,1.0
98,1.0,1.0,1.281,1.0,7.0,10,137.9643212049559,229.9076549069365,pobre,0,3,375.0,625.0,1.0,55.0,15,376,29210,6,1.0
97,1.0,0.0,1.281,1.0,2.0,10,137.9643212049559,229.9076549069365,pobre,0,3,375.0,625.0,1.0,55.0,8,376,29211,2,1.0
98,1.0,0.0,1.281,1.0,3.0,10,137.9643212049559,229.9076549069365,pobre,0,3,375.0,625.0,1.0,55.0,9,376,29211,2,1.0
97,0.0,1.0,1.281,1.0,4.0,3,137.9643212049559,229.9076549069365,pobre,0,0,375.0,643.0,1.0,43.0,10,376,29212,4,1.0
98,0.0,1.0,1.281,1.0,5.0,3,137.9643212049559,229.9076549069365,pobre,0,0,375.0,643.0,1.0,43.0,11,376,29212,4,1.0
97,0.0,1.0,1.281,0.0,6.0,7,137.9643212049559,229.9076549069365,pobre,0,2,375.0,658.0,1.0,56.0,15,376,29213,6,0.0
98,0.0,1.0,1.281,0.0,6.0,7,137.9643212049559,229.9076549069365,pobre,0,2,375.0,658.0,1.0,56.0,16,376,29213,6,0.0
97,1.0,0.0,1.281,1.0,2.0,7,137.9643212049559,229.9076549069365,pobre,0,2,375.0,658.0,1.0,56.0,9,376,29214,2,1.0
98,1.0,0.0,1.281,1.0,3.0,7,137.9643212049559,229.9076549069365,pobre,0,2,375.0,658.0,1.0,56.0,10,376,29214,2,1.0
97,1.0,1.0,1.281,1.0,6.0,8,137.9643212049559,229.9076549069365,pobre,0,3,375.0,610.0,1.0,48.0,15,376,29215,6,1.0
98,1.0,1.0,1.281,,,8,137.9643212049559,229.9076549069365,pobre,0,3,375.0,610.0,1.0,48.0,16,376,29215,6,1.0
97,0.0,1.0,1.281,1.0,3.0,8,137.9643212049559,229.9076549069365,pobre,0,3,375.0,610.0,1.0,48.0,10,376,29216,3,1.0
98,0.0,1.0,1.281,1.0,4.0,8,137.9643212049559,229.9076549069365,pobre,0,3,375.0,610.0,1.0,48.0,11,376,29216,3,1.0
97,1.0,1.0,1.281,1.0,0.0,8,137.9643212049559,229.9076549069365,pobre,0,3,375.0,610.0,1.0,48.0,6,376,29217,0,1.0
98,1.0,1.0,1.281,1.0,2.0,8,137.9643212049559,229.9076549069365,pobre,0,3,375.0,610.0,1.0,48.0,7,376,29217,0,1.0
97,0.0,0.0,1.281,1.0,8.0,6,137.9643212049559,229.9076549069365,pobre,0,3,375.0,519.0,1.0,42.0,15,376,29218,8,1.0
98,0.0,0.0,1.281,0.0,9.0,6,137.9643212049559,229.9076549069365,pobre,0,3,375.0,519.0,1.0,42.0,16,376,29218,8,1.0
97,1.0,0.0,1.281,1.0,4.0,6,137.9643212049559,229.9076549069365,pobre,0,3,375.0,519.0,1.0,42.0,11,376,29219,4,1.0
98,1.0,0.0,1.281,1.0,5.0,6,137.9643212049559,229.9076549069365,pobre,0,3,375.0,519.0,1.0,42.0,12,376,29219,4,1.0
97,0.0,0.0,1.281,1.0,3.0,6,137.9643212049559,229.9076549069365,pobre,0,3,375.0,519.0,1.0,42.0,9,376,29220,3,1.0
98,0.0,0.0,1.281,1.0,4.0,6,137.9643212049559,229.9076549069365,pobre,0,3,375.0,519.0,1.0,42.0,10,376,29220,3,1.0
97,1.0,0.0,1.281,1.0,0.0,8,137.9643212049559,229.9076549069365,pobre,0,2,375.0,673.0,1.0,57.0,6,376,29221,0,1.0
98,1.0,0.0,1.281,1.0,1.0,8,137.9643212049559,229.9076549069365,pobre,0,2,375.0,673.0,1.0,57.0,7,376,29221,0,1.0
97,0.0,1.0,1.281,1.0,4.0,7,137.9643212049559,229.9076549069365,pobre,0,8,375.0,498.0,1.0,38.0,11,376,29222,4,1.0
98,0.0,1.0,1.281,1.0,5.0,7,137.9643212049559,229.9076549069365,pobre,0,8,375.0,498.0,1.0,38.0,12,376,29222,4,1.0
97,0.0,1.0,1.281,1.0,3.0,7,137.9643212049559,229.9076549069365,pobre,0,8,375.0,498.0,1.0,38.0,10,376,29223,3,1.0
98,0.0,1.0,1.281,1.0,4.0,7,137.9643212049559,229.9076549069365,pobre,0,8,375.0,498.0,1.0,38.0,11,376,29223,3,1.0
97,1.0,1.0,1.281,1.0,1.0,7,137.9643212049559,229.9076549069365,pobre,0,8,375.0,498.0,1.0,38.0,8,376,29224,1,1.0
98,1.0,1.0,1.281,1.0,2.0,7,137.9643212049559,229.9076549069365,pobre,0,8,375.0,498.0,1.0,38.0,9,376,29224,1,1.0
97,1.0,0.0,1.281,1.0,0.0,7,137.9643212049559,229.9076549069365,pobre,0,8,375.0,498.0,1.0,38.0,6,376,29225,0,1.0
98,1.0,0.0,1.281,1.0,1.0,7,137.9643212049559,229.9076549069365,pobre,0,8,375.0,498.0,1.0,38.0,7,376,29225,0,1.0
97,1.0,0.0,1.281,1.0,5.0,7,137.9643212049559,229.9076549069365,pobre,0,2,280.0,815.5,1.0,52.0,10,376,29226,5,1.0
98,1.0,0.0,1.281,1.0,5.0,7,137.9643212049559,229.9076549069365,pobre,0,2,280.0,815.5,1.0,52.0,11,376,29226,5,1.0
97,0.0,0.0,1.281,1.0,1.0,7,137.9643212049559,229.9076549069365,pobre,0,2,280.0,815.5,1.0,52.0,6,376,29227,1,1.0
98,0.0,0.0,1.281,1.0,1.0,7,137.9643212049559,229.9076549069365,pobre,0,2,280.0,815.5,1.0,52.0,7,376,29227,1,1.0
97,1.0,0.0,1.281,1.0,0.0,4,137.9643212049559,229.9076549069365,pobre,0,6,500.0,704.0,1.0,28.0,6,376,29228,0,1.0
98,1.0,0.0,1.281,1.0,1.0,4,137.9643212049559,229.9076549069365,pobre,0,6,500.0,704.0,1.0,28.0,7,376,29228,0,1.0
97,1.0,1.0,1.281,1.0,0.0,5,137.9643212049559,229.9076549069365,pobre,0,3,375.0,555.0,1.0,31.0,6,376,29229,0,1.0
98,1.0,1.0,1.281,1.0,0.0,5,137.9643212049559,229.9076549069365,pobre,0,3,375.0,555.0,1.0,31.0,7,376,29229,0,1.0
97,1.0,0.0,1.124,0.0,6.0,8,138.7769189318179,188.5741768609114,no pobre,basal,3,1000.0,1083.0,1.0,35.0,16,299,29230,6,0.0
98,1.0,0.0,1.124,,,8,138.7769189318179,188.5741768609114,no pobre,basal,3,1000.0,1083.0,1.0,35.0,17,299,29230,6,0.0
97,1.0,0.0,1.124,1.0,5.0,8,138.7769189318179,188.5741768609114,no pobre,basal,3,1000.0,1083.0,1.0,35.0,11,299,29231,5,1.0
98,1.0,0.0,1.124,1.0,6.0,8,138.7769189318179,188.5741768609114,no pobre,basal,3,1000.0,1083.0,1.0,35.0,12,299,29231,5,1.0
97,1.0,0.0,1.124,1.0,1.0,8,138.7769189318179,188.5741768609114,no pobre,basal,3,1000.0,1083.0,1.0,35.0,7,299,29232,1,1.0
98,1.0,0.0,1.124,1.0,2.0,8,138.7769189318179,188.5741768609114,no pobre,basal,3,1000.0,1083.0,1.0,35.0,8,299,29232,1,1.0
97,0.0,0.0,1.124,1.0,1.0,4,138.7769189318179,188.5741768609114,pobre,basal,9,500.0,801.0,1.0,24.0,7,299,29233,1,1.0
98,0.0,0.0,1.124,1.0,1.0,4,138.7769189318179,188.5741768609114,pobre,basal,9,500.0,801.0,1.0,24.0,8,299,29233,1,1.0
97,1.0,0.0,1.124,1.0,0.0,6,138.7769189318179,188.5741768609114,pobre,basal,8,840.0,792.0,1.0,26.0,6,299,29234,0,1.0
98,1.0,0.0,1.124,1.0,1.0,6,138.7769189318179,188.5741768609114,pobre,basal,8,840.0,792.0,1.0,26.0,7,299,29234,0,1.0
97,0.0,0.0,1.124,1.0,5.0,6,138.7769189318179,188.5741768609114,pobre,basal,4,625.0,681.0,1.0,29.0,11,299,29235,5,1.0
98,0.0,0.0,1.124,0.0,6.0,6,138.7769189318179,188.5741768609114,pobre,basal,4,625.0,681.0,1.0,29.0,12,299,29235,5,1.0
97,0.0,0.0,1.124,1.0,3.0,6,138.7769189318179,188.5741768609114,pobre,basal,4,625.0,681.0,1.0,29.0,9,299,29236,3,1.0
98,0.0,0.0,1.124,1.0,4.0,6,138.7769189318179,188.5741768609114,pobre,basal,4,625.0,681.0,1.0,29.0,10,299,29236,3,1.0
97,1.0,0.0,1.124,1.0,1.0,6,138.7769189318179,188.5741768609114,pobre,basal,4,625.0,681.0,1.0,29.0,7,299,29237,1,1.0
98,1.0,0.0,1.124,1.0,2.0,6,138.7769189318179,188.5741768609114,pobre,basal,4,625.0,681.0,1.0,29.0,8,299,29237,1,1.0
97,0.0,0.0,1.124,1.0,0.0,5,138.7769189318179,188.5741768609114,pobre,basal,5,1600.0,665.0,1.0,26.0,6,299,29238,0,1.0
98,0.0,0.0,1.124,1.0,1.0,5,138.7769189318179,188.5741768609114,pobre,basal,5,1600.0,665.0,1.0,26.0,7,299,29238,0,1.0
97,0.0,0.0,1.124,1.0,0.0,3,138.7769189318179,188.5741768609114,no pobre,basal,2,750.0,951.0,1.0,54.0,6,299,29239,0,1.0
98,0.0,0.0,1.124,1.0,1.0,3,138.7769189318179,188.5741768609114,no pobre,basal,2,750.0,951.0,1.0,54.0,7,299,29239,0,1.0
97,0.0,0.0,1.124,0.0,6.0,2,138.7769189318179,188.5741768609114,pobre,basal,8,750.0,664.0,1.0,19.0,14,299,29240,6,0.0
98,0.0,0.0,1.124,0.0,6.0,2,138.7769189318179,188.5741768609114,pobre,basal,8,750.0,664.0,1.0,19.0,15,299,29240,6,0.0
97,1.0,0.0,1.124,1.0,0.0,5,138.7769189318179,188.5741768609114,no pobre,basal,9,600.0,942.0,1.0,25.0,7,299,29241,0,1.0
98,1.0,0.0,1.124,1.0,1.0,5,138.7769189318179,188.5741768609114,no pobre,basal,9,600.0,942.0,1.0,25.0,8,299,29241,0,1.0
97,0.0,0.0,1.124,1.0,1.0,6,138.7769189318179,188.5741768609114,pobre,basal,3,625.0,522.0,1.0,45.0,6,299,29242,1,1.0
98,0.0,0.0,1.124,1.0,1.0,6,138.7769189318179,188.5741768609114,pobre,basal,3,625.0,522.0,1.0,45.0,7,299,29242,1,1.0
97,1.0,0.0,1.124,1.0,1.0,4,138.7769189318179,188.5741768609114,pobre,basal,3,1400.0,615.0,1.0,32.0,8,299,29243,1,1.0
98,1.0,0.0,1.124,1.0,1.0,4,138.7769189318179,188.5741768609114,pobre,basal,3,1400.0,615.0,1.0,32.0,9,299,29243,1,1.0
97,1.0,0.0,1.124,1.0,5.0,7,138.7769189318179,188.5741768609114,pobre,basal,2,625.0,571.0,1.0,31.0,10,299,29244,5,1.0
98,1.0,0.0,1.124,1.0,6.0,7,138.7769189318179,188.5741768609114,pobre,basal,2,625.0,571.0,1.0,31.0,11,299,29244,5,1.0
97,1.0,0.0,1.124,1.0,1.0,7,138.7769189318179,188.5741768609114,pobre,basal,2,625.0,571.0,1.0,31.0,8,299,29245,1,1.0
98,1.0,0.0,1.124,1.0,2.0,7,138.7769189318179,188.5741768609114,pobre,basal,2,625.0,571.0,1.0,31.0,9,299,29245,1,1.0
97,1.0,0.0,1.124,0.0,6.0,6,138.7769189318179,188.5741768609114,pobre,basal,2,250.0,1015.0,1.0,66.0,15,299,29246,6,0.0
98,1.0,0.0,1.124,0.0,6.0,6,138.7769189318179,188.5741768609114,pobre,basal,2,250.0,1015.0,1.0,66.0,16,299,29246,6,0.0
97,1.0,0.0,1.124,1.0,0.0,6,138.7769189318179,188.5741768609114,pobre,basal,2,250.0,1015.0,1.0,66.0,6,299,29247,0,1.0
98,1.0,0.0,1.124,1.0,1.0,6,138.7769189318179,188.5741768609114,pobre,basal,2,250.0,1015.0,1.0,66.0,7,299,29247,0,1.0
97,1.0,0.0,1.124,1.0,5.0,6,138.7769189318179,188.5741768609114,pobre,basal,6,750.0,613.0,1.0,36.0,11,299,29248,5,1.0
98,1.0,0.0,1.124,1.0,6.0,6,138.7769189318179,188.5741768609114,pobre,basal,6,750.0,613.0,1.0,36.0,12,299,29248,5,1.0
97,0.0,0.0,1.124,1.0,1.0,6,138.7769189318179,188.5741768609114,pobre,basal,6,750.0,613.0,1.0,36.0,8,299,29249,1,1.0
98,0.0,0.0,1.124,1.0,2.0,6,138.7769189318179,188.5741768609114,pobre,basal,6,750.0,613.0,1.0,36.0,9,299,29249,1,1.0
97,1.0,0.0,1.124,1.0,1.0,6,138.7769189318179,188.5741768609114,pobre,basal,6,750.0,613.0,1.0,36.0,7,299,29250,1,1.0
98,1.0,0.0,1.124,1.0,2.0,6,138.7769189318179,188.5741768609114,pobre,basal,6,750.0,613.0,1.0,36.0,8,299,29250,1,1.0
97,1.0,0.0,1.124,1.0,5.0,3,138.7769189318179,188.5741768609114,pobre,basal,1,750.0,736.0,1.0,52.0,14,299,29251,5,1.0
98,1.0,0.0,1.124,,,3,138.7769189318179,188.5741768609114,pobre,basal,1,750.0,736.0,1.0,52.0,15,299,29251,5,1.0
97,1.0,0.0,1.124,1.0,5.0,3,138.7769189318179,188.5741768609114,pobre,basal,1,750.0,736.0,1.0,52.0,13,299,29252,5,1.0
98,1.0,0.0,1.124,,,3,138.7769189318179,188.5741768609114,pobre,basal,1,750.0,736.0,1.0,52.0,14,299,29252,5,1.0
97,1.0,1.0,1.124,0.0,9.0,14,138.7769189318179,188.5741768609114,pobre,basal,0,500.0,588.5,1.0,67.0,16,299,29253,9,0.0
98,1.0,1.0,1.124,,,14,138.7769189318179,188.5741768609114,pobre,basal,0,500.0,588.5,1.0,67.0,17,299,29253,9,0.0
97,0.0,1.0,1.124,1.0,7.0,14,138.7769189318179,188.5741768609114,pobre,basal,0,500.0,588.5,1.0,67.0,13,299,29254,7,1.0
98,0.0,1.0,1.124,1.0,8.0,14,138.7769189318179,188.5741768609114,pobre,basal,0,500.0,588.5,1.0,67.0,14,299,29254,7,1.0
97,0.0,1.0,1.124,1.0,4.0,14,138.7769189318179,188.5741768609114,pobre,basal,0,500.0,588.5,1.0,67.0,10,299,29255,4,1.0
98,0.0,1.0,1.124,1.0,5.0,14,138.7769189318179,188.5741768609114,pobre,basal,0,500.0,588.5,1.0,67.0,11,299,29255,4,1.0
97,0.0,1.0,1.124,0.0,6.0,14,138.7769189318179,188.5741768609114,pobre,basal,0,500.0,588.5,1.0,67.0,16,299,29256,6,0.0
98,0.0,1.0,1.124,,,14,138.7769189318179,188.5741768609114,pobre,basal,0,500.0,588.5,1.0,67.0,17,299,29256,6,0.0
97,1.0,1.0,1.124,1.0,4.0,14,138.7769189318179,188.5741768609114,pobre,basal,0,500.0,588.5,1.0,67.0,13,299,29257,4,1.0
98,1.0,1.0,1.124,1.0,5.0,14,138.7769189318179,188.5741768609114,pobre,basal,0,500.0,588.5,1.0,67.0,14,299,29257,4,1.0
97,0.0,1.0,1.124,1.0,5.0,14,138.7769189318179,188.5741768609114,pobre,basal,0,500.0,588.5,1.0,67.0,11,299,29258,5,1.0
98,0.0,1.0,1.124,1.0,6.0,14,138.7769189318179,188.5741768609114,pobre,basal,0,500.0,588.5,1.0,67.0,12,299,29258,5,1.0
97,0.0,0.0,1.124,1.0,1.0,14,138.7769189318179,188.5741768609114,pobre,basal,0,500.0,588.5,1.0,67.0,8,299,29259,1,1.0
98,0.0,0.0,1.124,1.0,2.0,14,138.7769189318179,188.5741768609114,pobre,basal,0,500.0,588.5,1.0,67.0,9,299,29259,1,1.0
97,0.0,0.0,1.124,1.0,2.0,14,138.7769189318179,188.5741768609114,pobre,basal,0,500.0,588.5,1.0,67.0,6,299,29260,2,1.0
98,0.0,0.0,1.124,1.0,3.0,14,138.7769189318179,188.5741768609114,pobre,basal,0,500.0,588.5,1.0,67.0,7,299,29260,2,1.0
97,1.0,0.0,1.124,1.0,4.0,6,138.7769189318179,188.5741768609114,pobre,basal,2,625.0,512.0,1.0,55.0,10,299,29261,4,1.0
98,1.0,0.0,1.124,1.0,5.0,6,138.7769189318179,188.5741768609114,pobre,basal,2,625.0,512.0,1.0,55.0,11,299,29261,4,1.0
97,0.0,0.0,1.124,1.0,1.0,6,138.7769189318179,188.5741768609114,pobre,basal,2,625.0,512.0,1.0,55.0,8,299,29262,1,1.0
98,0.0,0.0,1.124,1.0,2.0,6,138.7769189318179,188.5741768609114,pobre,basal,2,625.0,512.0,1.0,55.0,9,299,29262,1,1.0
97,1.0,0.0,1.124,0.0,6.0,3,138.7769189318179,188.5741768609114,pobre,basal,0,625.0,613.5,1.0,64.0,15,299,29263,6,0.0
98,1.0,0.0,1.124,0.0,6.0,3,138.7769189318179,188.5741768609114,pobre,basal,0,625.0,613.5,1.0,64.0,16,299,29263,6,0.0
97,0.0,0.0,1.124,1.0,2.0,9,138.7769189318179,188.5741768609114,pobre,basal,2,625.0,488.0,1.0,29.0,9,299,29264,2,1.0
98,0.0,0.0,1.124,1.0,3.0,9,138.7769189318179,188.5741768609114,pobre,basal,2,625.0,488.0,1.0,29.0,10,299,29264,2,1.0
97,0.0,0.0,1.124,1.0,2.0,9,138.7769189318179,188.5741768609114,pobre,basal,2,625.0,488.0,1.0,29.0,8,299,29265,2,1.0
98,0.0,0.0,1.124,1.0,3.0,9,138.7769189318179,188.5741768609114,pobre,basal,2,625.0,488.0,1.0,29.0,9,299,29265,2,1.0
97,0.0,0.0,1.124,1.0,1.0,9,138.7769189318179,188.5741768609114,pobre,basal,2,625.0,488.0,1.0,29.0,7,299,29266,1,1.0
98,0.0,0.0,1.124,1.0,2.0,9,138.7769189318179,188.5741768609114,pobre,basal,2,625.0,488.0,1.0,29.0,8,299,29266,1,1.0
97,1.0,0.0,1.124,1.0,0.0,9,138.7769189318179,188.5741768609114,pobre,basal,2,625.0,488.0,1.0,29.0,6,299,29267,0,1.0
98,1.0,0.0,1.124,1.0,1.0,9,138.7769189318179,188.5741768609114,pobre,basal,2,625.0,488.0,1.0,29.0,7,299,29267,0,1.0
97,1.0,0.0,1.124,1.0,1.0,6,138.7769189318179,188.5741768609114,pobre,basal,2,625.0,733.0,1.0,53.0,11,299,29268,1,1.0
98,1.0,0.0,1.124,1.0,2.0,6,138.7769189318179,188.5741768609114,pobre,basal,2,625.0,733.0,1.0,53.0,12,299,29268,1,1.0
97,0.0,0.0,1.124,1.0,1.0,6,138.7769189318179,188.5741768609114,pobre,basal,2,625.0,733.0,1.0,53.0,9,299,29269,1,1.0
98,0.0,0.0,1.124,1.0,2.0,6,138.7769189318179,188.5741768609114,pobre,basal,2,625.0,733.0,1.0,53.0,10,299,29269,1,1.0
97,0.0,0.0,1.124,1.0,0.0,6,138.7769189318179,188.5741768609114,pobre,basal,2,625.0,733.0,1.0,53.0,7,299,29270,0,1.0
98,0.0,0.0,1.124,1.0,1.0,6,138.7769189318179,188.5741768609114,pobre,basal,2,625.0,733.0,1.0,53.0,8,299,29270,0,1.0
97,1.0,0.0,1.124,0.0,4.0,5,138.7769189318179,188.5741768609114,pobre,basal,0,625.0,616.0,1.0,51.0,15,299,29271,4,0.0
98,1.0,0.0,1.124,0.0,4.0,5,138.7769189318179,188.5741768609114,pobre,basal,0,625.0,616.0,1.0,51.0,16,299,29271,4,0.0
97,0.0,0.0,1.124,1.0,3.0,5,138.7769189318179,188.5741768609114,pobre,basal,0,625.0,616.0,1.0,51.0,11,299,29272,3,1.0
98,0.0,0.0,1.124,1.0,4.0,5,138.7769189318179,188.5741768609114,pobre,basal,0,625.0,616.0,1.0,51.0,12,299,29272,3,1.0
97,1.0,0.0,1.124,1.0,3.0,5,138.7769189318179,188.5741768609114,pobre,basal,0,625.0,616.0,1.0,51.0,10,299,29273,3,1.0
98,1.0,0.0,1.124,1.0,4.0,5,138.7769189318179,188.5741768609114,pobre,basal,0,625.0,616.0,1.0,51.0,11,299,29273,3,1.0
97,1.0,0.0,1.124,0.0,6.0,14,138.7769189318179,188.5741768609114,pobre,basal,2,500.0,603.0,1.0,44.0,15,299,29274,6,0.0
98,1.0,0.0,1.124,0.0,6.0,14,138.7769189318179,188.5741768609114,pobre,basal,2,500.0,603.0,1.0,44.0,16,299,29274,6,0.0
97,1.0,0.0,1.124,1.0,5.0,14,138.7769189318179,188.5741768609114,pobre,basal,2,500.0,603.0,1.0,44.0,14,299,29275,5,1.0
98,1.0,0.0,1.124,0.0,6.0,14,138.7769189318179,188.5741768609114,pobre,basal,2,500.0,603.0,1.0,44.0,15,299,29275,5,1.0
97,1.0,0.0,1.124,0.0,6.0,14,138.7769189318179,188.5741768609114,pobre,basal,2,500.0,603.0,1.0,44.0,13,299,29276,6,0.0
98,1.0,0.0,1.124,0.0,6.0,14,138.7769189318179,188.5741768609114,pobre,basal,2,500.0,603.0,1.0,44.0,14,299,29276,6,0.0
97,0.0,0.0,1.124,1.0,4.0,14,138.7769189318179,188.5741768609114,pobre,basal,2,500.0,603.0,1.0,44.0,11,299,29277,4,1.0
98,0.0,0.0,1.124,1.0,5.0,14,138.7769189318179,188.5741768609114,pobre,basal,2,500.0,603.0,1.0,44.0,12,299,29277,4,1.0
97,1.0,0.0,1.124,1.0,2.0,14,138.7769189318179,188.5741768609114,pobre,basal,2,500.0,603.0,1.0,44.0,9,299,29278,2,1.0
98,1.0,0.0,1.124,1.0,3.0,14,138.7769189318179,188.5741768609114,pobre,basal,2,500.0,603.0,1.0,44.0,10,299,29278,2,1.0
97,1.0,0.0,1.124,1.0,0.0,14,138.7769189318179,188.5741768609114,pobre,basal,2,500.0,603.0,1.0,44.0,6,299,29279,0,1.0
98,1.0,0.0,1.124,1.0,1.0,14,138.7769189318179,188.5741768609114,pobre,basal,2,500.0,603.0,1.0,44.0,7,299,29279,0,1.0
97,1.0,0.0,1.124,1.0,0.0,14,138.7769189318179,188.5741768609114,pobre,basal,2,500.0,603.0,1.0,44.0,6,299,29280,0,1.0
98,1.0,0.0,1.124,1.0,1.0,14,138.7769189318179,188.5741768609114,pobre,basal,2,500.0,603.0,1.0,44.0,7,299,29280,0,1.0
97,0.0,0.0,3.7950001,0.0,6.0,3,150.4639603712726,209.6922290145897,no pobre,basal,0,1200.0,1021.0,1.0,60.0,13,300,29281,6,0.0
98,0.0,0.0,3.7950001,0.0,6.0,3,150.4639603712726,209.6922290145897,no pobre,basal,0,1200.0,1021.0,1.0,60.0,14,300,29281,6,0.0
97,1.0,0.0,3.7950001,0.0,5.0,5,150.4639603712726,209.6922290145897,pobre,basal,0,375.0,678.0,1.0,57.0,12,300,29282,5,0.0
98,1.0,0.0,3.7950001,1.0,5.0,5,150.4639603712726,209.6922290145897,pobre,basal,0,375.0,678.0,1.0,57.0,13,300,29282,5,0.0
97,0.0,0.0,3.7950001,1.0,2.0,5,150.4639603712726,209.6922290145897,pobre,basal,0,500.0,530.0,1.0,30.0,8,300,29283,2,1.0
98,0.0,0.0,3.7950001,1.0,3.0,5,150.4639603712726,209.6922290145897,pobre,basal,0,500.0,530.0,1.0,30.0,9,300,29283,2,1.0
97,0.0,0.0,3.7950001,1.0,1.0,7,150.4639603712726,209.6922290145897,pobre,basal,4,1200.0,491.0,1.0,25.0,7,300,29284,1,1.0
98,0.0,0.0,3.7950001,1.0,2.0,7,150.4639603712726,209.6922290145897,pobre,basal,4,1200.0,491.0,1.0,25.0,8,300,29284,1,1.0
97,0.0,0.0,3.7950001,1.0,0.0,7,150.4639603712726,209.6922290145897,pobre,basal,4,1200.0,491.0,1.0,25.0,6,300,29285,0,1.0
98,0.0,0.0,3.7950001,1.0,1.0,7,150.4639603712726,209.6922290145897,pobre,basal,4,1200.0,491.0,1.0,25.0,7,300,29285,0,1.0
97,0.0,0.0,3.7950001,0.0,2.0,10,150.4639603712726,209.6922290145897,pobre,basal,1,500.0,618.0,1.0,46.0,12,300,29286,2,0.0
98,0.0,0.0,3.7950001,0.0,1.0,10,150.4639603712726,209.6922290145897,pobre,basal,1,500.0,618.0,1.0,46.0,13,300,29286,2,0.0
97,0.0,0.0,3.7950001,1.0,2.0,10,150.4639603712726,209.6922290145897,pobre,basal,1,500.0,618.0,1.0,46.0,9,300,29287,2,1.0
98,0.0,0.0,3.7950001,1.0,3.0,10,150.4639603712726,209.6922290145897,pobre,basal,1,500.0,618.0,1.0,46.0,10,300,29287,2,1.0
97,0.0,0.0,3.7950001,1.0,1.0,10,150.4639603712726,209.6922290145897,pobre,basal,1,500.0,618.0,1.0,46.0,7,300,29288,1,1.0
98,0.0,0.0,3.7950001,1.0,2.0,10,150.4639603712726,209.6922290145897,pobre,basal,1,500.0,618.0,1.0,46.0,8,300,29288,1,1.0
97,1.0,0.0,3.7950001,1.0,4.0,7,150.4639603712726,209.6922290145897,pobre,basal,4,360.0,452.0,1.0,32.0,10,300,29289,4,1.0
98,1.0,0.0,3.7950001,1.0,5.0,7,150.4639603712726,209.6922290145897,pobre,basal,4,360.0,452.0,1.0,32.0,11,300,29289,4,1.0
97,1.0,0.0,3.7950001,1.0,1.0,7,150.4639603712726,209.6922290145897,pobre,basal,4,360.0,452.0,1.0,32.0,8,300,29290,1,1.0
98,1.0,0.0,3.7950001,1.0,2.0,7,150.4639603712726,209.6922290145897,pobre,basal,4,360.0,452.0,1.0,32.0,9,300,29290,1,1.0
97,0.0,0.0,3.7950001,1.0,0.0,6,150.4639603712726,209.6922290145897,pobre,basal,9,1200.0,531.0,1.0,30.0,6,300,29291,0,1.0
98,0.0,0.0,3.7950001,1.0,1.0,6,150.4639603712726,209.6922290145897,pobre,basal,9,1200.0,531.0,1.0,30.0,7,300,29291,0,1.0
97,0.0,0.0,3.7950001,0.0,8.0,10,150.4639603712726,209.6922290145897,pobre,basal,3,83.333336,629.0,1.0,49.0,16,300,29292,8,0.0
98,0.0,0.0,3.7950001,,,10,150.4639603712726,209.6922290145897,pobre,basal,3,83.333336,629.0,1.0,49.0,17,300,29292,8,0.0
97,0.0,0.0,3.7950001,1.0,8.0,10,150.4639603712726,209.6922290145897,pobre,basal,3,83.333336,629.0,1.0,49.0,14,300,29293,8,1.0
98,0.0,0.0,3.7950001,1.0,8.0,10,150.4639603712726,209.6922290145897,pobre,basal,3,83.333336,629.0,1.0,49.0,15,300,29293,8,1.0
97,0.0,0.0,3.7950001,0.0,6.0,10,150.4639603712726,209.6922290145897,pobre,basal,3,83.333336,629.0,1.0,49.0,12,300,29294,6,0.0
98,0.0,0.0,3.7950001,1.0,6.0,10,150.4639603712726,209.6922290145897,pobre,basal,3,83.333336,629.0,1.0,49.0,13,300,29294,6,0.0
97,0.0,0.0,3.7950001,1.0,4.0,10,150.4639603712726,209.6922290145897,pobre,basal,3,83.333336,629.0,1.0,49.0,10,300,29295,4,1.0
98,0.0,0.0,3.7950001,1.0,5.0,10,150.4639603712726,209.6922290145897,pobre,basal,3,83.333336,629.0,1.0,49.0,11,300,29295,4,1.0
97,1.0,0.0,3.7950001,1.0,1.0,10,150.4639603712726,209.6922290145897,pobre,basal,3,83.333336,629.0,1.0,49.0,7,300,29296,1,1.0
98,1.0,0.0,3.7950001,1.0,2.0,10,150.4639603712726,209.6922290145897,pobre,basal,3,83.333336,629.0,1.0,49.0,8,300,29296,1,1.0
97,1.0,0.0,3.7950001,0.0,6.0,9,150.4639603712726,209.6922290145897,pobre,basal,2,0.0,622.5,1.0,36.0,15,300,29297,6,0.0
98,1.0,0.0,3.7950001,0.0,6.0,9,150.4639603712726,209.6922290145897,pobre,basal,2,0.0,622.5,1.0,36.0,16,300,29297,6,0.0
97,1.0,0.0,3.7950001,1.0,4.0,9,150.4639603712726,209.6922290145897,pobre,basal,2,0.0,622.5,1.0,36.0,12,300,29298,4,1.0
98,1.0,0.0,3.7950001,1.0,5.0,9,150.4639603712726,209.6922290145897,pobre,basal,2,0.0,622.5,1.0,36.0,13,300,29298,4,1.0
97,0.0,0.0,3.7950001,1.0,4.0,9,150.4639603712726,209.6922290145897,pobre,basal,2,0.0,622.5,1.0,36.0,11,300,29299,4,1.0
98,0.0,0.0,3.7950001,1.0,5.0,9,150.4639603712726,209.6922290145897,pobre,basal,2,0.0,622.5,1.0,36.0,12,300,29299,4,1.0
97,1.0,0.0,3.7950001,1.0,2.0,9,150.4639603712726,209.6922290145897,pobre,basal,2,0.0,622.5,1.0,36.0,8,300,29300,2,1.0
98,1.0,0.0,3.7950001,1.0,2.0,9,150.4639603712726,209.6922290145897,pobre,basal,2,0.0,622.5,1.0,36.0,9,300,29300,2,1.0
97,1.0,0.0,3.7950001,1.0,0.0,9,150.4639603712726,209.6922290145897,pobre,basal,2,0.0,622.5,1.0,36.0,7,300,29301,0,1.0
98,1.0,0.0,3.7950001,1.0,1.0,9,150.4639603712726,209.6922290145897,pobre,basal,2,0.0,622.5,1.0,36.0,8,300,29301,0,1.0
97,0.0,0.0,3.7950001,0.0,6.0,5,150.4639603712726,209.6922290145897,pobre,basal,2,62.5,528.0,1.0,33.0,12,300,29302,6,0.0
98,0.0,0.0,3.7950001,1.0,6.0,5,150.4639603712726,209.6922290145897,pobre,basal,2,62.5,528.0,1.0,33.0,13,300,29302,6,0.0
97,1.0,0.0,3.7950001,1.0,2.0,5,150.4639603712726,209.6922290145897,pobre,basal,2,62.5,528.0,1.0,33.0,10,300,29303,2,1.0
98,1.0,0.0,3.7950001,1.0,3.0,5,150.4639603712726,209.6922290145897,pobre,basal,2,62.5,528.0,1.0,33.0,11,300,29303,2,1.0
97,0.0,1.0,3.7950001,0.0,5.0,9,150.4639603712726,209.6922290145897,pobre,basal,2,250.0,431.0,1.0,44.0,14,300,29304,5,0.0
98,0.0,1.0,3.7950001,0.0,6.0,9,150.4639603712726,209.6922290145897,pobre,basal,2,250.0,431.0,1.0,44.0,15,300,29304,5,0.0
97,0.0,1.0,3.7950001,1.0,4.0,9,150.4639603712726,209.6922290145897,pobre,basal,2,250.0,431.0,1.0,44.0,13,300,29305,4,1.0
98,0.0,1.0,3.7950001,1.0,4.0,9,150.4639603712726,209.6922290145897,pobre,basal,2,250.0,431.0,1.0,44.0,14,300,29305,4,1.0
97,1.0,1.0,3.7950001,1.0,3.0,9,150.4639603712726,209.6922290145897,pobre,basal,2,250.0,431.0,1.0,44.0,11,300,29306,3,1.0
98,1.0,1.0,3.7950001,1.0,4.0,9,150.4639603712726,209.6922290145897,pobre,basal,2,250.0,431.0,1.0,44.0,12,300,29306,3,1.0
97,0.0,1.0,3.7950001,1.0,3.0,9,150.4639603712726,209.6922290145897,pobre,basal,2,250.0,431.0,1.0,44.0,8,300,29307,3,1.0
98,0.0,1.0,3.7950001,1.0,3.0,9,150.4639603712726,209.6922290145897,pobre,basal,2,250.0,431.0,1.0,44.0,9,300,29307,3,1.0
97,1.0,1.0,3.7950001,1.0,0.0,9,150.4639603712726,209.6922290145897,pobre,basal,2,250.0,431.0,1.0,44.0,6,300,29308,0,1.0
98,1.0,1.0,3.7950001,1.0,1.0,9,150.4639603712726,209.6922290145897,pobre,basal,2,250.0,431.0,1.0,44.0,7,300,29308,0,1.0
97,0.0,0.0,3.7950001,1.0,1.0,6,150.4639603712726,209.6922290145897,pobre,basal,4,800.0,508.0,1.0,35.0,7,300,29309,1,1.0
98,0.0,0.0,3.7950001,1.0,2.0,6,150.4639603712726,209.6922290145897,pobre,basal,4,800.0,508.0,1.0,35.0,8,300,29309,1,1.0
97,0.0,0.0,3.7950001,,0.0,11,150.4639603712726,209.6922290145897,pobre,basal,4,250.0,572.5,1.0,43.0,9,300,29310,0,
98,0.0,0.0,3.7950001,1.0,1.0,11,150.4639603712726,209.6922290145897,pobre,basal,4,250.0,572.5,1.0,43.0,10,300,29310,0,
97,1.0,0.0,3.7950001,,0.0,11,150.4639603712726,209.6922290145897,pobre,basal,4,250.0,572.5,1.0,43.0,7,300,29311,0,
98,1.0,0.0,3.7950001,1.0,1.0,11,150.4639603712726,209.6922290145897,pobre,basal,4,250.0,572.5,1.0,43.0,8,300,29311,0,
97,0.0,0.0,3.7950001,1.0,4.0,11,150.4639603712726,209.6922290145897,pobre,basal,4,250.0,572.5,1.0,43.0,16,300,29312,4,1.0
98,0.0,0.0,3.7950001,,,11,150.4639603712726,209.6922290145897,pobre,basal,4,250.0,572.5,1.0,43.0,17,300,29312,4,1.0
97,1.0,0.0,3.7950001,1.0,1.0,11,150.4639603712726,209.6922290145897,pobre,basal,4,250.0,572.5,1.0,43.0,10,300,29313,1,1.0
98,1.0,0.0,3.7950001,1.0,2.0,11,150.4639603712726,209.6922290145897,pobre,basal,4,250.0,572.5,1.0,43.0,11,300,29313,1,1.0
97,1.0,0.0,3.7950001,1.0,0.0,11,150.4639603712726,209.6922290145897,pobre,basal,4,250.0,572.5,1.0,43.0,7,300,29314,0,1.0
98,1.0,0.0,3.7950001,,,11,150.4639603712726,209.6922290145897,pobre,basal,4,250.0,572.5,1.0,43.0,8,300,29314,0,1.0
97,1.0,0.0,3.7950001,1.0,3.0,11,150.4639603712726,209.6922290145897,pobre,basal,4,250.0,572.5,1.0,43.0,14,300,29315,3,1.0
98,1.0,0.0,3.7950001,1.0,1.0,11,150.4639603712726,209.6922290145897,pobre,basal,4,250.0,572.5,1.0,43.0,15,300,29315,3,1.0
97,1.0,0.0,3.7950001,1.0,7.0,8,150.4639603712726,209.6922290145897,pobre,basal,3,0.0,510.0,1.0,34.0,13,300,29316,7,1.0
98,1.0,0.0,3.7950001,1.0,8.0,8,150.4639603712726,209.6922290145897,pobre,basal,3,0.0,510.0,1.0,34.0,14,300,29316,7,1.0
97,1.0,0.0,3.7950001,1.0,6.0,8,150.4639603712726,209.6922290145897,pobre,basal,3,0.0,510.0,1.0,34.0,12,300,29317,6,1.0
98,1.0,0.0,3.7950001,1.0,8.0,8,150.4639603712726,209.6922290145897,pobre,basal,3,0.0,510.0,1.0,34.0,13,300,29317,6,1.0
97,1.0,0.0,3.7950001,1.0,5.0,8,150.4639603712726,209.6922290145897,pobre,basal,3,0.0,510.0,1.0,34.0,10,300,29318,5,1.0
98,1.0,0.0,3.7950001,1.0,6.0,8,150.4639603712726,209.6922290145897,pobre,basal,3,0.0,510.0,1.0,34.0,11,300,29318,5,1.0
97,1.0,0.0,3.7950001,1.0,2.0,8,150.4639603712726,209.6922290145897,pobre,basal,3,0.0,510.0,1.0,34.0,8,300,29319,2,1.0
98,1.0,0.0,3.7950001,1.0,3.0,8,150.4639603712726,209.6922290145897,pobre,basal,3,0.0,510.0,1.0,34.0,9,300,29319,2,1.0
97,0.0,0.0,3.7950001,1.0,6.0,7,150.4639603712726,209.6922290145897,no pobre,basal,0,166.66667,784.25,1.0,57.0,15,300,29320,6,1.0
98,0.0,0.0,3.7950001,1.0,9.0,7,150.4639603712726,209.6922290145897,no pobre,basal,0,166.66667,784.25,1.0,57.0,16,300,29320,6,1.0
97,0.0,0.0,3.7950001,1.0,5.0,7,150.4639603712726,209.6922290145897,no pobre,basal,0,166.66667,784.25,1.0,57.0,11,300,29321,5,1.0
98,0.0,0.0,3.7950001,1.0,6.0,7,150.4639603712726,209.6922290145897,no pobre,basal,0,166.66667,784.25,1.0,57.0,12,300,29321,5,1.0
97,0.0,1.0,3.7950001,0.0,1.0,2,150.4639603712726,209.6922290145897,pobre,basal,5,500.0,654.0,1.0,26.0,16,300,29322,1,0.0
98,0.0,1.0,3.7950001,,,2,150.4639603712726,209.6922290145897,pobre,basal,5,500.0,654.0,1.0,26.0,17,300,29322,1,0.0
97,0.0,0.0,3.7950001,1.0,1.0,7,150.4639603712726,209.6922290145897,pobre,basal,0,450.0,647.0,1.0,64.0,7,300,29323,1,1.0
98,0.0,0.0,3.7950001,1.0,2.0,7,150.4639603712726,209.6922290145897,pobre,basal,0,450.0,647.0,1.0,64.0,8,300,29323,1,1.0
97,0.0,1.0,3.7950001,1.0,3.0,5,150.4639603712726,209.6922290145897,pobre,basal,2,625.0,741.5,1.0,36.0,9,300,29324,3,1.0
98,0.0,1.0,3.7950001,1.0,4.0,5,150.4639603712726,209.6922290145897,pobre,basal,2,625.0,741.5,1.0,36.0,10,300,29324,3,1.0
97,1.0,0.0,3.7950001,1.0,0.0,5,150.4639603712726,209.6922290145897,pobre,basal,2,625.0,741.5,1.0,36.0,6,300,29325,0,1.0
98,1.0,0.0,3.7950001,1.0,1.0,5,150.4639603712726,209.6922290145897,pobre,basal,2,625.0,741.5,1.0,36.0,7,300,29325,0,1.0
97,0.0,0.0,3.7950001,1.0,5.0,5,150.4639603712726,209.6922290145897,pobre,basal,1,240.0,660.5,1.0,55.0,15,300,29326,5,1.0
98,0.0,0.0,3.7950001,1.0,6.0,5,150.4639603712726,209.6922290145897,pobre,basal,1,240.0,660.5,1.0,55.0,16,300,29326,5,1.0
97,1.0,0.0,3.7950001,1.0,5.0,5,150.4639603712726,209.6922290145897,pobre,basal,1,240.0,660.5,1.0,55.0,13,300,29327,5,1.0
98,1.0,0.0,3.7950001,1.0,6.0,5,150.4639603712726,209.6922290145897,pobre,basal,1,240.0,660.5,1.0,55.0,14,300,29327,5,1.0
97,0.0,0.0,3.7950001,0.0,6.0,7,150.4639603712726,209.6922290145897,pobre,basal,2,800.0,489.0,1.0,44.0,12,300,29328,6,0.0
98,0.0,0.0,3.7950001,1.0,6.0,7,150.4639603712726,209.6922290145897,pobre,basal,2,800.0,489.0,1.0,44.0,13,300,29328,6,0.0
97,0.0,0.0,3.7950001,1.0,3.0,7,150.4639603712726,209.6922290145897,pobre,basal,2,800.0,489.0,1.0,44.0,9,300,29329,3,1.0
98,0.0,0.0,3.7950001,1.0,4.0,7,150.4639603712726,209.6922290145897,pobre,basal,2,800.0,489.0,1.0,44.0,10,300,29329,3,1.0
97,1.0,0.0,3.7950001,1.0,1.0,7,150.4639603712726,209.6922290145897,pobre,basal,2,800.0,489.0,1.0,44.0,7,300,29330,1,1.0
98,1.0,0.0,3.7950001,1.0,1.0,7,150.4639603712726,209.6922290145897,pobre,basal,2,800.0,489.0,1.0,44.0,8,300,29330,1,1.0
97,1.0,0.0,3.7950001,1.0,0.0,7,150.4639603712726,209.6922290145897,pobre,basal,2,800.0,489.0,1.0,44.0,6,300,29331,0,1.0
98,1.0,0.0,3.7950001,1.0,1.0,7,150.4639603712726,209.6922290145897,pobre,basal,2,800.0,489.0,1.0,44.0,7,300,29331,0,1.0
97,1.0,0.0,3.7950001,0.0,6.0,7,150.4639603712726,209.6922290145897,pobre,basal,1,200.0,666.0,1.0,47.0,16,300,29332,6,0.0
98,1.0,0.0,3.7950001,,,7,150.4639603712726,209.6922290145897,pobre,basal,1,200.0,666.0,1.0,47.0,17,300,29332,6,0.0
97,0.0,0.0,3.7950001,1.0,3.0,7,150.4639603712726,209.6922290145897,pobre,basal,1,200.0,666.0,1.0,47.0,10,300,29333,3,1.0
98,0.0,0.0,3.7950001,1.0,4.0,7,150.4639603712726,209.6922290145897,pobre,basal,1,200.0,666.0,1.0,47.0,11,300,29333,3,1.0
97,0.0,0.0,3.7950001,1.0,2.0,5,150.4639603712726,209.6922290145897,pobre,basal,2,0.0,728.0,1.0,30.0,7,300,29334,2,1.0
98,0.0,0.0,3.7950001,1.0,2.0,5,150.4639603712726,209.6922290145897,pobre,basal,2,0.0,728.0,1.0,30.0,8,300,29334,2,1.0
97,1.0,0.0,3.7950001,0.0,3.0,5,150.4639603712726,209.6922290145897,pobre,basal,0,0.0,611.5,1.0,67.0,15,300,29335,3,0.0
98,1.0,0.0,3.7950001,0.0,4.0,5,150.4639603712726,209.6922290145897,pobre,basal,0,0.0,611.5,1.0,67.0,16,300,29335,3,0.0
97,0.0,0.0,3.7950001,1.0,5.0,5,150.4639603712726,209.6922290145897,pobre,basal,0,0.0,611.5,1.0,67.0,12,300,29336,5,1.0
98,0.0,0.0,3.7950001,1.0,6.0,5,150.4639603712726,209.6922290145897,pobre,basal,0,0.0,611.5,1.0,67.0,13,300,29336,5,1.0
97,0.0,1.0,3.7950001,1.0,3.0,3,150.4639603712726,209.6922290145897,pobre,basal,0,0.0,629.0,0.0,35.0,10,300,29337,3,1.0
98,0.0,1.0,3.7950001,1.0,4.0,3,150.4639603712726,209.6922290145897,pobre,basal,0,0.0,629.0,0.0,35.0,11,300,29337,3,1.0
97,1.0,0.0,3.7950001,1.0,1.0,7,150.4639603712726,209.6922290145897,pobre,basal,3,0.0,455.0,1.0,30.0,8,300,29338,1,1.0
98,1.0,0.0,3.7950001,1.0,2.0,7,150.4639603712726,209.6922290145897,pobre,basal,3,0.0,455.0,1.0,30.0,9,300,29338,1,1.0
97,1.0,0.0,3.7950001,1.0,0.0,7,150.4639603712726,209.6922290145897,pobre,basal,3,0.0,455.0,1.0,30.0,6,300,29339,0,1.0
98,1.0,0.0,3.7950001,1.0,1.0,7,150.4639603712726,209.6922290145897,pobre,basal,3,0.0,455.0,1.0,30.0,7,300,29339,0,1.0
97,1.0,0.0,3.7950001,1.0,4.0,8,150.4639603712726,209.6922290145897,pobre,basal,0,0.0,655.0,0.0,43.0,13,300,29340,4,1.0
98,1.0,0.0,3.7950001,1.0,5.0,8,150.4639603712726,209.6922290145897,pobre,basal,0,0.0,655.0,0.0,43.0,14,300,29340,4,1.0
97,0.0,0.0,3.7950001,1.0,3.0,8,150.4639603712726,209.6922290145897,pobre,basal,0,0.0,655.0,0.0,43.0,10,300,29341,3,1.0
98,0.0,0.0,3.7950001,1.0,4.0,8,150.4639603712726,209.6922290145897,pobre,basal,0,0.0,655.0,0.0,43.0,11,300,29341,3,1.0
97,1.0,0.0,3.7950001,1.0,1.0,8,150.4639603712726,209.6922290145897,pobre,basal,0,0.0,655.0,0.0,43.0,7,300,29342,1,1.0
98,1.0,0.0,3.7950001,1.0,2.0,8,150.4639603712726,209.6922290145897,pobre,basal,0,0.0,655.0,0.0,43.0,8,300,29342,1,1.0
97,1.0,0.0,3.7950001,1.0,6.0,7,150.4639603712726,209.6922290145897,pobre,basal,0,0.0,652.0,1.0,43.0,12,300,29343,6,1.0
98,1.0,0.0,3.7950001,1.0,7.0,7,150.4639603712726,209.6922290145897,pobre,basal,0,0.0,652.0,1.0,43.0,13,300,29343,6,1.0
97,0.0,0.0,3.7950001,1.0,5.0,7,150.4639603712726,209.6922290145897,pobre,basal,0,0.0,652.0,1.0,43.0,11,300,29344,5,1.0
98,0.0,0.0,3.7950001,1.0,6.0,7,150.4639603712726,209.6922290145897,pobre,basal,0,0.0,652.0,1.0,43.0,12,300,29344,5,1.0
97,1.0,0.0,3.7950001,1.0,7.0,7,150.4639603712726,209.6922290145897,pobre,basal,3,0.0,697.0,1.0,38.0,13,300,29345,7,1.0
98,1.0,0.0,3.7950001,1.0,8.0,7,150.4639603712726,209.6922290145897,pobre,basal,3,0.0,697.0,1.0,38.0,14,300,29345,7,1.0
97,0.0,0.0,3.7950001,1.0,5.0,7,150.4639603712726,209.6922290145897,pobre,basal,3,0.0,697.0,1.0,38.0,11,300,29346,5,1.0
98,0.0,0.0,3.7950001,1.0,6.0,7,150.4639603712726,209.6922290145897,pobre,basal,3,0.0,697.0,1.0,38.0,12,300,29346,5,1.0
97,0.0,0.0,3.7950001,1.0,3.0,7,150.4639603712726,209.6922290145897,pobre,basal,3,0.0,697.0,1.0,38.0,9,300,29347,3,1.0
98,0.0,0.0,3.7950001,1.0,4.0,7,150.4639603712726,209.6922290145897,pobre,basal,3,0.0,697.0,1.0,38.0,10,300,29347,3,1.0
97,1.0,0.0,3.7950001,1.0,1.0,7,150.4639603712726,209.6922290145897,pobre,basal,3,0.0,697.0,1.0,38.0,7,300,29348,1,1.0
98,1.0,0.0,3.7950001,1.0,2.0,7,150.4639603712726,209.6922290145897,pobre,basal,3,0.0,697.0,1.0,38.0,8,300,29348,1,1.0
97,0.0,0.0,3.7950001,1.0,3.0,8,150.4639603712726,209.6922290145897,pobre,basal,0,0.0,627.0,1.0,51.0,11,300,29349,3,1.0
98,0.0,0.0,3.7950001,1.0,4.0,8,150.4639603712726,209.6922290145897,pobre,basal,0,0.0,627.0,1.0,51.0,12,300,29349,3,1.0
97,1.0,0.0,3.7950001,1.0,1.0,8,150.4639603712726,209.6922290145897,pobre,basal,0,0.0,627.0,1.0,51.0,7,300,29350,1,1.0
98,1.0,0.0,3.7950001,1.0,2.0,8,150.4639603712726,209.6922290145897,pobre,basal,0,0.0,627.0,1.0,51.0,8,300,29350,1,1.0
97,0.0,0.0,3.7950001,0.0,8.0,11,150.4639603712726,209.6922290145897,pobre,basal,1,375.0,544.5,1.0,47.0,16,300,29351,8,0.0
98,0.0,0.0,3.7950001,0.0,8.0,11,150.4639603712726,209.6922290145897,pobre,basal,1,375.0,544.5,1.0,47.0,17,300,29351,8,0.0
97,1.0,0.0,3.7950001,1.0,8.0,11,150.4639603712726,209.6922290145897,pobre,basal,1,375.0,544.5,1.0,47.0,14,300,29352,8,1.0
98,1.0,0.0,3.7950001,1.0,9.0,11,150.4639603712726,209.6922290145897,pobre,basal,1,375.0,544.5,1.0,47.0,15,300,29352,8,1.0
97,1.0,0.0,3.7950001,1.0,4.0,11,150.4639603712726,209.6922290145897,pobre,basal,1,375.0,544.5,1.0,47.0,10,300,29353,4,1.0
98,1.0,0.0,3.7950001,1.0,5.0,11,150.4639603712726,209.6922290145897,pobre,basal,1,375.0,544.5,1.0,47.0,11,300,29353,4,1.0
97,1.0,0.0,3.7950001,1.0,2.0,11,150.4639603712726,209.6922290145897,pobre,basal,1,375.0,544.5,1.0,47.0,8,300,29354,2,1.0
98,1.0,0.0,3.7950001,1.0,3.0,11,150.4639603712726,209.6922290145897,pobre,basal,1,375.0,544.5,1.0,47.0,9,300,29354,2,1.0
97,0.0,0.0,3.7950001,1.0,0.0,11,150.4639603712726,209.6922290145897,pobre,basal,1,375.0,544.5,1.0,47.0,6,300,29355,0,1.0
98,0.0,0.0,3.7950001,1.0,1.0,11,150.4639603712726,209.6922290145897,pobre,basal,1,375.0,544.5,1.0,47.0,7,300,29355,0,1.0
97,1.0,0.0,3.7950001,1.0,7.0,7,150.4639603712726,209.6922290145897,pobre,basal,4,750.0,815.5,1.0,42.0,15,300,29356,7,1.0
98,1.0,0.0,3.7950001,0.0,7.0,7,150.4639603712726,209.6922290145897,pobre,basal,4,750.0,815.5,1.0,42.0,16,300,29356,7,1.0
97,1.0,0.0,3.7950001,1.0,3.0,7,150.4639603712726,209.6922290145897,pobre,basal,4,750.0,815.5,1.0,42.0,9,300,29357,3,1.0
98,1.0,0.0,3.7950001,1.0,4.0,7,150.4639603712726,209.6922290145897,pobre,basal,4,750.0,815.5,1.0,42.0,10,300,29357,3,1.0
97,1.0,0.0,3.7950001,1.0,0.0,7,150.4639603712726,209.6922290145897,pobre,basal,4,750.0,815.5,1.0,42.0,6,300,29358,0,1.0
98,1.0,0.0,3.7950001,1.0,1.0,7,150.4639603712726,209.6922290145897,pobre,basal,4,750.0,815.5,1.0,42.0,7,300,29358,0,1.0
97,0.0,1.0,3.7950001,1.0,2.0,5,150.4639603712726,209.6922290145897,pobre,basal,7,750.0,636.5,1.0,31.0,9,300,29359,2,1.0
98,0.0,1.0,3.7950001,1.0,3.0,5,150.4639603712726,209.6922290145897,pobre,basal,7,750.0,636.5,1.0,31.0,10,300,29359,2,1.0
97,1.0,1.0,3.7950001,1.0,0.0,5,150.4639603712726,209.6922290145897,pobre,basal,7,750.0,636.5,1.0,31.0,6,300,29360,0,1.0
98,1.0,1.0,3.7950001,1.0,1.0,5,150.4639603712726,209.6922290145897,pobre,basal,7,750.0,636.5,1.0,31.0,7,300,29360,0,1.0
97,0.0,1.0,3.7950001,1.0,8.0,15,150.4639603712726,209.6922290145897,pobre,basal,1,500.0,575.25,1.0,63.0,14,300,29361,8,1.0
98,0.0,1.0,3.7950001,0.0,9.0,15,150.4639603712726,209.6922290145897,pobre,basal,1,500.0,575.25,1.0,63.0,15,300,29361,8,1.0
97,1.0,1.0,3.7950001,1.0,5.0,15,150.4639603712726,209.6922290145897,pobre,basal,1,500.0,575.25,1.0,63.0,11,300,29362,5,1.0
98,1.0,1.0,3.7950001,1.0,6.0,15,150.4639603712726,209.6922290145897,pobre,basal,1,500.0,575.25,1.0,63.0,12,300,29362,5,1.0
97,1.0,1.0,3.7950001,1.0,1.0,15,150.4639603712726,209.6922290145897,pobre,basal,1,500.0,575.25,1.0,63.0,7,300,29363,1,1.0
98,1.0,1.0,3.7950001,1.0,2.0,15,150.4639603712726,209.6922290145897,pobre,basal,1,500.0,575.25,1.0,63.0,8,300,29363,1,1.0
97,1.0,0.0,3.7950001,0.0,1.0,5,150.4639603712726,209.6922290145897,pobre,basal,0,375.0,582.5,1.0,49.0,15,300,29364,1,0.0
98,1.0,0.0,3.7950001,0.0,2.0,5,150.4639603712726,209.6922290145897,pobre,basal,0,375.0,582.5,1.0,49.0,16,300,29364,1,0.0
97,0.0,0.0,3.7950001,0.0,2.0,5,150.4639603712726,209.6922290145897,pobre,basal,0,375.0,582.5,1.0,49.0,14,300,29365,2,0.0
98,0.0,0.0,3.7950001,0.0,2.0,5,150.4639603712726,209.6922290145897,pobre,basal,0,375.0,582.5,1.0,49.0,15,300,29365,2,0.0
97,1.0,0.0,0.0,1.0,0.0,7,94.96737126586416,245.3629684136424,no pobre,basal,0,500.0,981.5,1.0,67.0,6,357,29366,0,1.0
98,1.0,0.0,0.0,1.0,0.0,7,94.96737126586416,245.3629684136424,no pobre,basal,0,500.0,981.5,1.0,67.0,7,357,29366,0,1.0
97,1.0,0.0,0.0,1.0,1.0,4,94.96737126586416,245.3629684136424,no pobre,basal,9,280.0,796.0,1.0,31.0,7,357,29367,1,1.0
98,1.0,0.0,0.0,1.0,2.0,4,94.96737126586416,245.3629684136424,no pobre,basal,9,280.0,796.0,1.0,31.0,8,357,29367,1,1.0
97,1.0,0.0,0.0,1.0,1.0,4,94.96737126586416,245.3629684136424,no pobre,basal,9,280.0,796.0,1.0,31.0,7,357,29368,1,1.0
98,1.0,0.0,0.0,1.0,2.0,4,94.96737126586416,245.3629684136424,no pobre,basal,9,280.0,796.0,1.0,31.0,8,357,29368,1,1.0
97,0.0,1.0,0.0,1.0,7.0,4,94.96737126586416,245.3629684136424,pobre,basal,0,0.0,704.0,0.0,43.0,15,357,29369,7,1.0
98,0.0,1.0,0.0,1.0,8.0,4,94.96737126586416,245.3629684136424,pobre,basal,0,0.0,704.0,0.0,43.0,16,357,29369,7,1.0
97,1.0,1.0,0.0,0.0,1.0,6,94.96737126586416,245.3629684136424,no pobre,basal,0,1200.0,892.0,1.0,53.0,13,357,29370,1,0.0
98,1.0,1.0,0.0,1.0,0.0,6,94.96737126586416,245.3629684136424,no pobre,basal,0,1200.0,892.0,1.0,53.0,14,357,29370,1,0.0
97,0.0,1.0,0.0,1.0,7.0,7,94.96737126586416,245.3629684136424,no pobre,basal,0,500.0,796.25,1.0,50.0,15,357,29371,7,1.0
98,0.0,1.0,0.0,1.0,7.0,7,94.96737126586416,245.3629684136424,no pobre,basal,0,500.0,796.25,1.0,50.0,16,357,29371,7,1.0
97,0.0,0.0,0.0,1.0,10.0,6,94.96737126586416,245.3629684136424,pobre,basal,6,320.0,719.0,1.0,38.0,15,357,29372,10,1.0
98,0.0,0.0,0.0,1.0,9.0,6,94.96737126586416,245.3629684136424,pobre,basal,6,320.0,719.0,1.0,38.0,16,357,29372,10,1.0
97,0.0,0.0,0.0,1.0,8.0,6,94.96737126586416,245.3629684136424,pobre,basal,6,320.0,719.0,1.0,38.0,14,357,29373,8,1.0
98,0.0,0.0,0.0,0.0,9.0,6,94.96737126586416,245.3629684136424,pobre,basal,6,320.0,719.0,1.0,38.0,15,357,29373,8,1.0
97,1.0,0.0,0.0,1.0,0.0,6,94.96737126586416,245.3629684136424,pobre,basal,6,320.0,719.0,1.0,38.0,6,357,29374,0,1.0
98,1.0,0.0,0.0,1.0,0.0,6,94.96737126586416,245.3629684136424,pobre,basal,6,320.0,719.0,1.0,38.0,7,357,29374,0,1.0
97,1.0,0.0,0.0,1.0,5.0,5,94.96737126586416,245.3629684136424,no pobre,basal,7,520.0,819.5,1.0,31.0,12,357,29375,5,1.0
98,1.0,0.0,0.0,1.0,6.0,5,94.96737126586416,245.3629684136424,no pobre,basal,7,520.0,819.5,1.0,31.0,13,357,29375,5,1.0
97,0.0,0.0,0.0,1.0,4.0,5,94.96737126586416,245.3629684136424,no pobre,basal,7,520.0,819.5,1.0,31.0,10,357,29376,4,1.0
98,0.0,0.0,0.0,1.0,5.0,5,94.96737126586416,245.3629684136424,no pobre,basal,7,520.0,819.5,1.0,31.0,11,357,29376,4,1.0
97,1.0,0.0,0.0,1.0,3.0,5,94.96737126586416,245.3629684136424,no pobre,basal,7,520.0,819.5,1.0,31.0,9,357,29377,3,1.0
98,1.0,0.0,0.0,1.0,4.0,5,94.96737126586416,245.3629684136424,no pobre,basal,7,520.0,819.5,1.0,31.0,10,357,29377,3,1.0
97,0.0,0.0,0.0,1.0,2.0,6,94.96737126586416,245.3629684136424,pobre,basal,9,400.0,662.0,1.0,28.0,8,357,29378,2,1.0
98,0.0,0.0,0.0,1.0,3.0,6,94.96737126586416,245.3629684136424,pobre,basal,9,400.0,662.0,1.0,28.0,9,357,29378,2,1.0
97,0.0,0.0,0.0,1.0,0.0,6,94.96737126586416,245.3629684136424,pobre,basal,9,400.0,662.0,1.0,28.0,7,357,29379,0,1.0
98,0.0,0.0,0.0,1.0,1.0,6,94.96737126586416,245.3629684136424,pobre,basal,9,400.0,662.0,1.0,28.0,8,357,29379,0,1.0
97,0.0,0.0,0.0,1.0,3.0,3,94.96737126586416,245.3629684136424,no pobre,basal,15,2600.0,1061.0,1.0,39.0,9,357,29380,3,1.0
98,0.0,0.0,0.0,1.0,4.0,3,94.96737126586416,245.3629684136424,no pobre,basal,15,2600.0,1061.0,1.0,39.0,10,357,29380,3,1.0
97,0.0,0.0,0.0,1.0,5.0,4,79.3348151972757,252.4114961505544,no pobre,basal,0,640.0,995.0,1.0,54.0,12,355,29381,5,1.0
98,0.0,0.0,0.0,0.0,6.0,4,79.3348151972757,252.4114961505544,no pobre,basal,0,640.0,995.0,1.0,54.0,13,355,29381,5,1.0
97,1.0,0.0,0.0,1.0,8.0,4,79.3348151972757,252.4114961505544,no pobre,basal,0,640.0,995.0,1.0,54.0,15,355,29382,8,1.0
98,1.0,0.0,0.0,0.0,9.0,4,79.3348151972757,252.4114961505544,no pobre,basal,0,640.0,995.0,1.0,54.0,16,355,29382,8,1.0
97,0.0,0.0,0.0,0.0,6.0,7,79.3348151972757,252.4114961505544,pobre,basal,2,625.0,607.0,1.0,34.0,15,355,29383,6,0.0
98,0.0,0.0,0.0,0.0,6.0,7,79.3348151972757,252.4114961505544,pobre,basal,2,625.0,607.0,1.0,34.0,16,355,29383,6,0.0
97,1.0,0.0,0.0,1.0,5.0,7,79.3348151972757,252.4114961505544,pobre,basal,2,625.0,607.0,1.0,34.0,12,355,29384,5,1.0
98,1.0,0.0,0.0,1.0,6.0,7,79.3348151972757,252.4114961505544,pobre,basal,2,625.0,607.0,1.0,34.0,13,355,29384,5,1.0
97,0.0,0.0,0.0,1.0,5.0,7,79.3348151972757,252.4114961505544,pobre,basal,2,625.0,607.0,1.0,34.0,11,355,29385,5,1.0
98,0.0,0.0,0.0,1.0,6.0,7,79.3348151972757,252.4114961505544,pobre,basal,2,625.0,607.0,1.0,34.0,12,355,29385,5,1.0
97,1.0,0.0,0.0,1.0,4.0,7,79.3348151972757,252.4114961505544,pobre,basal,2,625.0,607.0,1.0,34.0,10,355,29386,4,1.0
98,1.0,0.0,0.0,1.0,5.0,7,79.3348151972757,252.4114961505544,pobre,basal,2,625.0,607.0,1.0,34.0,11,355,29386,4,1.0
97,1.0,0.0,0.0,1.0,0.0,7,79.3348151972757,252.4114961505544,pobre,basal,2,625.0,607.0,1.0,34.0,7,355,29387,0,1.0
98,1.0,0.0,0.0,1.0,1.0,7,79.3348151972757,252.4114961505544,pobre,basal,2,625.0,607.0,1.0,34.0,8,355,29387,0,1.0
97,1.0,0.0,0.0,1.0,8.0,2,79.3348151972757,252.4114961505544,no pobre,basal,3,720.0,883.0,1.0,47.0,14,355,29388,8,1.0
98,1.0,0.0,0.0,1.0,9.0,2,79.3348151972757,252.4114961505544,no pobre,basal,3,720.0,883.0,1.0,47.0,15,355,29388,8,1.0
97,1.0,0.0,0.0,0.0,6.0,4,94.96737126586416,245.3629684136424,pobre,basal,0,400.0,708.0,1.0,50.0,16,357,29389,6,0.0
98,1.0,0.0,0.0,,,4,94.96737126586416,245.3629684136424,pobre,basal,0,400.0,708.0,1.0,50.0,17,357,29389,6,0.0
97,1.0,0.0,0.0,1.0,1.0,4,94.96737126586416,245.3629684136424,pobre,basal,0,400.0,708.0,1.0,50.0,9,357,29390,1,1.0
98,1.0,0.0,0.0,1.0,2.0,4,94.96737126586416,245.3629684136424,pobre,basal,0,400.0,708.0,1.0,50.0,10,357,29390,1,1.0
97,1.0,0.0,0.0,1.0,3.0,3,94.96737126586416,245.3629684136424,pobre,basal,0,400.0,780.0,1.0,54.0,9,357,29391,3,1.0
98,1.0,0.0,0.0,,,3,94.96737126586416,245.3629684136424,pobre,basal,0,400.0,780.0,1.0,54.0,10,357,29391,3,1.0
97,0.0,0.0,0.0,1.0,6.0,6,94.96737126586416,245.3629684136424,pobre,basal,9,625.0,772.0,1.0,35.0,13,357,29392,6,1.0
98,0.0,0.0,0.0,,,6,94.96737126586416,245.3629684136424,pobre,basal,9,625.0,772.0,1.0,35.0,14,357,29392,6,1.0
97,1.0,0.0,0.0,1.0,4.0,6,94.96737126586416,245.3629684136424,pobre,basal,9,625.0,772.0,1.0,35.0,11,357,29393,4,1.0
98,1.0,0.0,0.0,,,6,94.96737126586416,245.3629684136424,pobre,basal,9,625.0,772.0,1.0,35.0,12,357,29393,4,1.0
97,1.0,0.0,0.0,1.0,6.0,5,94.96737126586416,245.3629684136424,pobre,basal,6,160.0,711.0,0.0,29.0,12,357,29394,6,1.0
98,1.0,0.0,0.0,1.0,7.0,5,94.96737126586416,245.3629684136424,pobre,basal,6,160.0,711.0,0.0,29.0,13,357,29394,6,1.0
97,1.0,0.0,0.0,1.0,3.0,5,94.96737126586416,245.3629684136424,pobre,basal,6,160.0,711.0,0.0,29.0,9,357,29395,3,1.0
98,1.0,0.0,0.0,1.0,3.0,5,94.96737126586416,245.3629684136424,pobre,basal,6,160.0,711.0,0.0,29.0,10,357,29395,3,1.0
97,1.0,0.0,0.0,1.0,1.0,5,94.96737126586416,245.3629684136424,pobre,basal,6,160.0,711.0,0.0,29.0,7,357,29396,1,1.0
98,1.0,0.0,0.0,1.0,2.0,5,94.96737126586416,245.3629684136424,pobre,basal,6,160.0,711.0,0.0,29.0,8,357,29396,1,1.0
97,1.0,0.0,0.0,1.0,0.0,5,94.96737126586416,245.3629684136424,pobre,basal,6,160.0,711.0,0.0,29.0,6,357,29397,0,1.0
98,1.0,0.0,0.0,1.0,0.0,5,94.96737126586416,245.3629684136424,pobre,basal,6,160.0,711.0,0.0,29.0,7,357,29397,0,1.0
97,1.0,0.0,0.0,1.0,0.0,3,94.96737126586416,245.3629684136424,no pobre,basal,9,1280.0,771.0,1.0,29.0,7,357,29398,0,1.0
98,1.0,0.0,0.0,,,3,94.96737126586416,245.3629684136424,no pobre,basal,9,1280.0,771.0,1.0,29.0,8,357,29398,0,1.0
97,0.0,0.0,0.0,1.0,7.0,7,94.96737126586416,245.3629684136424,no pobre,basal,11,1000.0,889.0,1.0,31.0,13,357,29399,7,1.0
98,0.0,0.0,0.0,1.0,8.0,7,94.96737126586416,245.3629684136424,no pobre,basal,11,1000.0,889.0,1.0,31.0,14,357,29399,7,1.0
97,1.0,0.0,0.0,1.0,4.0,7,94.96737126586416,245.3629684136424,no pobre,basal,11,1000.0,889.0,1.0,31.0,10,357,29400,4,1.0
98,1.0,0.0,0.0,1.0,5.0,7,94.96737126586416,245.3629684136424,no pobre,basal,11,1000.0,889.0,1.0,31.0,11,357,29400,4,1.0
97,1.0,0.0,0.0,1.0,3.0,7,94.96737126586416,245.3629684136424,no pobre,basal,11,1000.0,889.0,1.0,31.0,9,357,29401,3,1.0
98,1.0,0.0,0.0,1.0,4.0,7,94.96737126586416,245.3629684136424,no pobre,basal,11,1000.0,889.0,1.0,31.0,10,357,29401,3,1.0
97,0.0,0.0,0.0,1.0,1.0,7,94.96737126586416,245.3629684136424,no pobre,basal,11,1000.0,889.0,1.0,31.0,8,357,29402,1,1.0
98,0.0,0.0,0.0,1.0,2.0,7,94.96737126586416,245.3629684136424,no pobre,basal,11,1000.0,889.0,1.0,31.0,9,357,29402,1,1.0
97,1.0,0.0,0.0,1.0,6.0,6,94.96737126586416,245.3629684136424,pobre,basal,0,625.0,812.0,1.0,52.0,15,357,29403,6,1.0
98,1.0,0.0,0.0,1.0,7.0,6,94.96737126586416,245.3629684136424,pobre,basal,0,625.0,812.0,1.0,52.0,16,357,29403,6,1.0
97,0.0,0.0,0.0,1.0,3.0,6,94.96737126586416,245.3629684136424,pobre,basal,0,625.0,812.0,1.0,52.0,12,357,29404,3,1.0
98,0.0,0.0,0.0,1.0,4.0,6,94.96737126586416,245.3629684136424,pobre,basal,0,625.0,812.0,1.0,52.0,13,357,29404,3,1.0
97,1.0,0.0,7.4640002,1.0,8.0,4,122.1005821674109,200.2445114446812,pobre,basal,0,600.0,745.0,1.0,49.0,15,324,29405,8,1.0
98,1.0,0.0,7.4640002,1.0,9.0,4,122.1005821674109,200.2445114446812,pobre,basal,0,600.0,745.0,1.0,49.0,16,324,29405,8,1.0
97,1.0,0.0,7.4640002,1.0,5.0,4,122.1005821674109,200.2445114446812,pobre,basal,0,600.0,745.0,1.0,49.0,10,324,29406,5,1.0
98,1.0,0.0,7.4640002,1.0,6.0,4,122.1005821674109,200.2445114446812,pobre,basal,0,600.0,745.0,1.0,49.0,11,324,29406,5,1.0
97,0.0,1.0,0.0,1.0,7.0,9,94.96737126586416,245.3629684136424,pobre,basal,0,0.0,538.0,1.0,48.0,15,357,29407,7,1.0
98,0.0,1.0,0.0,1.0,8.0,9,94.96737126586416,245.3629684136424,pobre,basal,0,0.0,538.0,1.0,48.0,16,357,29407,7,1.0
97,0.0,1.0,0.0,1.0,7.0,9,94.96737126586416,245.3629684136424,pobre,basal,0,0.0,538.0,1.0,48.0,13,357,29408,7,1.0
98,0.0,1.0,0.0,1.0,8.0,9,94.96737126586416,245.3629684136424,pobre,basal,0,0.0,538.0,1.0,48.0,14,357,29408,7,1.0
97,1.0,1.0,0.0,1.0,4.0,9,94.96737126586416,245.3629684136424,pobre,basal,0,0.0,538.0,1.0,48.0,11,357,29409,4,1.0
98,1.0,1.0,0.0,1.0,5.0,9,94.96737126586416,245.3629684136424,pobre,basal,0,0.0,538.0,1.0,48.0,12,357,29409,4,1.0
97,1.0,1.0,0.0,1.0,2.0,9,94.96737126586416,245.3629684136424,pobre,basal,0,0.0,538.0,1.0,48.0,10,357,29410,2,1.0
98,1.0,1.0,0.0,1.0,3.0,9,94.96737126586416,245.3629684136424,pobre,basal,0,0.0,538.0,1.0,48.0,11,357,29410,2,1.0
97,1.0,1.0,0.0,1.0,1.0,9,94.96737126586416,245.3629684136424,pobre,basal,0,0.0,538.0,1.0,48.0,8,357,29411,1,1.0
98,1.0,1.0,0.0,1.0,1.0,9,94.96737126586416,245.3629684136424,pobre,basal,0,0.0,538.0,1.0,48.0,9,357,29411,1,1.0
97,0.0,1.0,0.0,1.0,0.0,9,94.96737126586416,245.3629684136424,pobre,basal,0,0.0,538.0,1.0,48.0,6,357,29412,0,1.0
98,0.0,1.0,0.0,1.0,1.0,9,94.96737126586416,245.3629684136424,pobre,basal,0,0.0,538.0,1.0,48.0,7,357,29412,0,1.0
97,1.0,1.0,0.0,1.0,5.0,8,94.96737126586416,245.3629684136424,pobre,basal,6,500.0,743.0,1.0,33.0,14,357,29413,5,1.0
98,1.0,1.0,0.0,1.0,6.0,8,94.96737126586416,245.3629684136424,pobre,basal,6,500.0,743.0,1.0,33.0,15,357,29413,5,1.0
97,0.0,1.0,0.0,,0.0,8,94.96737126586416,245.3629684136424,pobre,basal,6,500.0,743.0,1.0,33.0,14,357,29414,0,
98,0.0,1.0,0.0,,,8,94.96737126586416,245.3629684136424,pobre,basal,6,500.0,743.0,1.0,33.0,15,357,29414,0,
97,0.0,1.0,0.0,1.0,1.0,8,94.96737126586416,245.3629684136424,pobre,basal,6,500.0,743.0,1.0,33.0,7,357,29415,1,1.0
98,0.0,1.0,0.0,1.0,2.0,8,94.96737126586416,245.3629684136424,pobre,basal,6,500.0,743.0,1.0,33.0,8,357,29415,1,1.0
97,0.0,0.0,0.0,1.0,1.0,4,94.96737126586416,245.3629684136424,no pobre,basal,9,500.0,793.0,1.0,33.0,7,357,29416,1,1.0
98,0.0,0.0,0.0,1.0,2.0,4,94.96737126586416,245.3629684136424,no pobre,basal,9,500.0,793.0,1.0,33.0,8,357,29416,1,1.0
97,1.0,0.0,0.0,1.0,6.0,5,94.96737126586416,245.3629684136424,no pobre,basal,6,0.0,977.0,1.0,51.0,11,357,29417,6,1.0
98,1.0,0.0,0.0,,,5,94.96737126586416,245.3629684136424,no pobre,basal,6,0.0,977.0,1.0,51.0,12,357,29417,6,1.0
97,1.0,0.0,0.0,1.0,3.0,5,94.96737126586416,245.3629684136424,no pobre,basal,6,0.0,977.0,1.0,51.0,10,357,29418,3,1.0
98,1.0,0.0,0.0,,,5,94.96737126586416,245.3629684136424,no pobre,basal,6,0.0,977.0,1.0,51.0,11,357,29418,3,1.0
97,1.0,0.0,0.0,1.0,0.0,5,94.96737126586416,245.3629684136424,no pobre,basal,6,0.0,977.0,1.0,51.0,6,357,29419,0,1.0
98,1.0,0.0,0.0,,,5,94.96737126586416,245.3629684136424,no pobre,basal,6,0.0,977.0,1.0,51.0,7,357,29419,0,1.0
97,1.0,0.0,0.0,1.0,7.0,8,94.96737126586416,245.3629684136424,pobre,basal,1,500.0,606.0,1.0,65.0,14,357,29420,7,1.0
98,1.0,0.0,0.0,,,8,94.96737126586416,245.3629684136424,pobre,basal,1,500.0,606.0,1.0,65.0,15,357,29420,7,1.0
97,1.0,0.0,0.0,1.0,5.0,8,94.96737126586416,245.3629684136424,pobre,basal,1,500.0,606.0,1.0,65.0,12,357,29421,5,1.0
98,1.0,0.0,0.0,1.0,6.0,8,94.96737126586416,245.3629684136424,pobre,basal,1,500.0,606.0,1.0,65.0,13,357,29421,5,1.0
97,0.0,0.0,0.0,1.0,3.0,8,94.96737126586416,245.3629684136424,pobre,basal,1,500.0,606.0,1.0,65.0,10,357,29422,3,1.0
98,0.0,0.0,0.0,1.0,3.0,8,94.96737126586416,245.3629684136424,pobre,basal,1,500.0,606.0,1.0,65.0,11,357,29422,3,1.0
97,1.0,0.0,0.0,1.0,1.0,8,94.96737126586416,245.3629684136424,pobre,basal,1,500.0,606.0,1.0,65.0,7,357,29423,1,1.0
98,1.0,0.0,0.0,1.0,2.0,8,94.96737126586416,245.3629684136424,pobre,basal,1,500.0,606.0,1.0,65.0,8,357,29423,1,1.0
97,1.0,0.0,0.0,0.0,9.0,3,79.3348151972757,252.4114961505544,no pobre,basal,2,320.0,1017.5,1.0,74.0,16,355,29424,9,0.0
98,1.0,0.0,0.0,,,3,79.3348151972757,252.4114961505544,no pobre,basal,2,320.0,1017.5,1.0,74.0,17,355,29424,9,0.0
97,1.0,0.0,0.0,1.0,9.0,7,79.3348151972757,252.4114961505544,pobre,basal,3,750.0,705.0,1.0,47.0,15,355,29425,9,1.0
98,1.0,0.0,0.0,0.0,9.0,7,79.3348151972757,252.4114961505544,pobre,basal,3,750.0,705.0,1.0,47.0,16,355,29425,9,1.0
97,1.0,0.0,0.0,1.0,6.0,7,79.3348151972757,252.4114961505544,pobre,basal,3,750.0,705.0,1.0,47.0,12,355,29426,6,1.0
98,1.0,0.0,0.0,1.0,7.0,7,79.3348151972757,252.4114961505544,pobre,basal,3,750.0,705.0,1.0,47.0,13,355,29426,6,1.0
97,0.0,0.0,0.0,1.0,1.0,7,79.3348151972757,252.4114961505544,pobre,basal,3,750.0,705.0,1.0,47.0,7,355,29427,1,1.0
98,0.0,0.0,0.0,1.0,2.0,7,79.3348151972757,252.4114961505544,pobre,basal,3,750.0,705.0,1.0,47.0,8,355,29427,1,1.0
97,1.0,0.0,0.0,1.0,5.0,8,79.3348151972757,252.4114961505544,pobre,basal,2,750.0,441.0,1.0,42.0,14,355,29428,5,1.0
98,1.0,0.0,0.0,1.0,6.0,8,79.3348151972757,252.4114961505544,pobre,basal,2,750.0,441.0,1.0,42.0,15,355,29428,5,1.0
97,0.0,0.0,0.0,1.0,4.0,8,79.3348151972757,252.4114961505544,pobre,basal,2,750.0,441.0,1.0,42.0,11,355,29429,4,1.0
98,0.0,0.0,0.0,1.0,5.0,8,79.3348151972757,252.4114961505544,pobre,basal,2,750.0,441.0,1.0,42.0,12,355,29429,4,1.0
97,1.0,0.0,0.0,1.0,1.0,8,79.3348151972757,252.4114961505544,pobre,basal,2,750.0,441.0,1.0,42.0,9,355,29430,1,1.0
98,1.0,0.0,0.0,1.0,1.0,8,79.3348151972757,252.4114961505544,pobre,basal,2,750.0,441.0,1.0,42.0,10,355,29430,1,1.0
97,0.0,0.0,0.0,1.0,1.0,8,79.3348151972757,252.4114961505544,pobre,basal,2,750.0,441.0,1.0,42.0,7,355,29431,1,1.0
98,0.0,0.0,0.0,1.0,2.0,8,79.3348151972757,252.4114961505544,pobre,basal,2,750.0,441.0,1.0,42.0,8,355,29431,1,1.0
97,0.0,0.0,0.0,1.0,6.0,8,79.3348151972757,252.4114961505544,no pobre,basal,1,200.0,869.0,1.0,48.0,15,355,29432,6,1.0
98,0.0,0.0,0.0,1.0,7.0,8,79.3348151972757,252.4114961505544,no pobre,basal,1,200.0,869.0,1.0,48.0,16,355,29432,6,1.0
97,1.0,0.0,0.0,1.0,6.0,8,79.3348151972757,252.4114961505544,no pobre,basal,1,200.0,869.0,1.0,48.0,13,355,29433,6,1.0
98,1.0,0.0,0.0,1.0,7.0,8,79.3348151972757,252.4114961505544,no pobre,basal,1,200.0,869.0,1.0,48.0,14,355,29433,6,1.0
97,0.0,0.0,0.0,1.0,3.0,8,79.3348151972757,252.4114961505544,no pobre,basal,1,200.0,869.0,1.0,48.0,10,355,29434,3,1.0
98,0.0,0.0,0.0,1.0,4.0,8,79.3348151972757,252.4114961505544,no pobre,basal,1,200.0,869.0,1.0,48.0,11,355,29434,3,1.0
97,0.0,0.0,0.0,1.0,8.0,5,79.3348151972757,252.4114961505544,no pobre,basal,1,550.0,808.5,1.0,59.0,14,355,29435,8,1.0
98,0.0,0.0,0.0,0.0,9.0,5,79.3348151972757,252.4114961505544,no pobre,basal,1,550.0,808.5,1.0,59.0,15,355,29435,8,1.0
97,0.0,0.0,0.0,1.0,6.0,5,79.3348151972757,252.4114961505544,no pobre,basal,1,550.0,808.5,1.0,59.0,12,355,29436,6,1.0
98,0.0,0.0,0.0,1.0,7.0,5,79.3348151972757,252.4114961505544,no pobre,basal,1,550.0,808.5,1.0,59.0,13,355,29436,6,1.0
97,1.0,0.0,0.0,,0.0,7,79.3348151972757,252.4114961505544,pobre,basal,2,0.0,682.0,1.0,55.0,16,355,29437,0,
98,1.0,0.0,0.0,,,7,79.3348151972757,252.4114961505544,pobre,basal,2,0.0,682.0,1.0,55.0,17,355,29437,0,
97,0.0,0.0,0.0,0.0,9.0,7,79.3348151972757,252.4114961505544,pobre,basal,2,0.0,682.0,1.0,55.0,14,355,29438,9,0.0
98,0.0,0.0,0.0,0.0,9.0,7,79.3348151972757,252.4114961505544,pobre,basal,2,0.0,682.0,1.0,55.0,15,355,29438,9,0.0
97,0.0,0.0,0.0,1.0,6.0,7,79.3348151972757,252.4114961505544,pobre,basal,2,0.0,682.0,1.0,55.0,13,355,29439,6,1.0
98,0.0,0.0,0.0,1.0,7.0,7,79.3348151972757,252.4114961505544,pobre,basal,2,0.0,682.0,1.0,55.0,14,355,29439,6,1.0
97,1.0,0.0,0.0,1.0,9.0,6,79.3348151972757,252.4114961505544,no pobre,basal,5,700.0,805.0,1.0,43.0,15,355,29440,9,1.0
98,1.0,0.0,0.0,1.0,10.0,6,79.3348151972757,252.4114961505544,no pobre,basal,5,700.0,805.0,1.0,43.0,16,355,29440,9,1.0
97,1.0,0.0,0.0,1.0,6.0,6,79.3348151972757,252.4114961505544,pobre,basal,3,750.0,674.0,1.0,43.0,15,355,29441,6,1.0
98,1.0,0.0,0.0,1.0,7.0,6,79.3348151972757,252.4114961505544,pobre,basal,3,750.0,674.0,1.0,43.0,16,355,29441,6,1.0
97,1.0,0.0,0.0,1.0,7.0,6,79.3348151972757,252.4114961505544,pobre,basal,3,750.0,674.0,1.0,43.0,14,355,29442,7,1.0
98,1.0,0.0,0.0,1.0,8.0,6,79.3348151972757,252.4114961505544,pobre,basal,3,750.0,674.0,1.0,43.0,15,355,29442,7,1.0
97,0.0,0.0,0.0,1.0,7.0,6,79.3348151972757,252.4114961505544,pobre,basal,1,720.0,642.0,1.0,44.0,14,355,29443,7,1.0
98,0.0,0.0,0.0,1.0,8.0,6,79.3348151972757,252.4114961505544,pobre,basal,1,720.0,642.0,1.0,44.0,15,355,29443,7,1.0
97,1.0,0.0,0.0,1.0,6.0,6,79.3348151972757,252.4114961505544,pobre,basal,1,720.0,642.0,1.0,44.0,13,355,29444,6,1.0
98,1.0,0.0,0.0,1.0,7.0,6,79.3348151972757,252.4114961505544,pobre,basal,1,720.0,642.0,1.0,44.0,14,355,29444,6,1.0
97,0.0,0.0,0.0,1.0,3.0,6,79.3348151972757,252.4114961505544,pobre,basal,1,720.0,642.0,1.0,44.0,10,355,29445,3,1.0
98,0.0,0.0,0.0,1.0,4.0,6,79.3348151972757,252.4114961505544,pobre,basal,1,720.0,642.0,1.0,44.0,11,355,29445,3,1.0
97,1.0,0.0,0.0,1.0,2.0,6,79.3348151972757,252.4114961505544,pobre,basal,1,720.0,642.0,1.0,44.0,8,355,29446,2,1.0
98,1.0,0.0,0.0,1.0,3.0,6,79.3348151972757,252.4114961505544,pobre,basal,1,720.0,642.0,1.0,44.0,9,355,29446,2,1.0
97,1.0,0.0,0.0,1.0,5.0,6,79.3348151972757,252.4114961505544,pobre,basal,5,625.0,664.0,1.0,35.0,12,355,29447,5,1.0
98,1.0,0.0,0.0,1.0,6.0,6,79.3348151972757,252.4114961505544,pobre,basal,5,625.0,664.0,1.0,35.0,13,355,29447,5,1.0
97,1.0,0.0,0.0,1.0,5.0,6,79.3348151972757,252.4114961505544,pobre,basal,5,625.0,664.0,1.0,35.0,11,355,29448,5,1.0
98,1.0,0.0,0.0,1.0,6.0,6,79.3348151972757,252.4114961505544,pobre,basal,5,625.0,664.0,1.0,35.0,12,355,29448,5,1.0
97,1.0,0.0,0.0,1.0,0.0,6,79.3348151972757,252.4114961505544,pobre,basal,5,625.0,664.0,1.0,35.0,6,355,29449,0,1.0
98,1.0,0.0,0.0,1.0,1.0,6,79.3348151972757,252.4114961505544,pobre,basal,5,625.0,664.0,1.0,35.0,7,355,29449,0,1.0
97,1.0,0.0,0.0,1.0,7.0,5,79.3348151972757,252.4114961505544,pobre,basal,0,625.0,726.0,1.0,60.0,15,355,29450,7,1.0
98,1.0,0.0,0.0,1.0,8.0,5,79.3348151972757,252.4114961505544,pobre,basal,0,625.0,726.0,1.0,60.0,16,355,29450,7,1.0
97,0.0,0.0,0.0,1.0,5.0,5,79.3348151972757,252.4114961505544,pobre,basal,0,625.0,726.0,1.0,60.0,13,355,29451,5,1.0
98,0.0,0.0,0.0,1.0,6.0,5,79.3348151972757,252.4114961505544,pobre,basal,0,625.0,726.0,1.0,60.0,14,355,29451,5,1.0
97,0.0,0.0,0.0,1.0,7.0,8,79.3348151972757,252.4114961505544,pobre,basal,1,625.0,587.0,1.0,60.0,13,355,29452,7,1.0
98,0.0,0.0,0.0,1.0,8.0,8,79.3348151972757,252.4114961505544,pobre,basal,1,625.0,587.0,1.0,60.0,14,355,29452,7,1.0
97,0.0,0.0,0.0,1.0,5.0,8,79.3348151972757,252.4114961505544,pobre,basal,1,625.0,587.0,1.0,60.0,11,355,29453,5,1.0
98,0.0,0.0,0.0,1.0,6.0,8,79.3348151972757,252.4114961505544,pobre,basal,1,625.0,587.0,1.0,60.0,12,355,29453,5,1.0
97,1.0,0.0,0.0,1.0,5.0,6,79.3348151972757,252.4114961505544,pobre,basal,1,80.0,732.0,1.0,49.0,12,355,29454,5,1.0
98,1.0,0.0,0.0,1.0,6.0,6,79.3348151972757,252.4114961505544,pobre,basal,1,80.0,732.0,1.0,49.0,13,355,29454,5,1.0
97,0.0,0.0,0.0,1.0,11.0,5,79.3348151972757,252.4114961505544,pobre,basal,3,750.0,700.0,0.0,33.0,15,355,29455,11,1.0
98,0.0,0.0,0.0,1.0,11.0,5,79.3348151972757,252.4114961505544,pobre,basal,3,750.0,700.0,0.0,33.0,16,355,29455,11,1.0
97,1.0,0.0,0.0,1.0,6.0,5,79.3348151972757,252.4114961505544,pobre,basal,3,750.0,700.0,0.0,33.0,13,355,29456,6,1.0
98,1.0,0.0,0.0,1.0,7.0,5,79.3348151972757,252.4114961505544,pobre,basal,3,750.0,700.0,0.0,33.0,14,355,29456,6,1.0
97,1.0,0.0,0.0,1.0,1.0,5,79.3348151972757,252.4114961505544,pobre,basal,3,750.0,700.0,0.0,33.0,7,355,29457,1,1.0
98,1.0,0.0,0.0,1.0,2.0,5,79.3348151972757,252.4114961505544,pobre,basal,3,750.0,700.0,0.0,33.0,8,355,29457,1,1.0
97,0.0,0.0,0.0,1.0,0.0,4,79.3348151972757,252.4114961505544,pobre,basal,12,750.0,745.0,1.0,30.0,6,355,29458,0,1.0
98,0.0,0.0,0.0,1.0,0.0,4,79.3348151972757,252.4114961505544,pobre,basal,12,750.0,745.0,1.0,30.0,7,355,29458,0,1.0
97,1.0,0.0,0.0,1.0,0.0,6,79.3348151972757,252.4114961505544,no pobre,basal,3,625.0,819.0,1.0,73.0,6,355,29459,0,1.0
98,1.0,0.0,0.0,1.0,0.0,6,79.3348151972757,252.4114961505544,no pobre,basal,3,625.0,819.0,1.0,73.0,7,355,29459,0,1.0
97,1.0,0.0,0.0,1.0,3.0,9,79.3348151972757,252.4114961505544,no pobre,basal,2,750.0,935.0,1.0,65.0,10,355,29460,3,1.0
98,1.0,0.0,0.0,1.0,4.0,9,79.3348151972757,252.4114961505544,no pobre,basal,2,750.0,935.0,1.0,65.0,11,355,29460,3,1.0
97,1.0,0.0,0.0,1.0,2.0,9,79.3348151972757,252.4114961505544,no pobre,basal,2,750.0,935.0,1.0,65.0,8,355,29461,2,1.0
98,1.0,0.0,0.0,1.0,3.0,9,79.3348151972757,252.4114961505544,no pobre,basal,2,750.0,935.0,1.0,65.0,9,355,29461,2,1.0
97,1.0,0.0,0.0,1.0,3.0,5,79.3348151972757,252.4114961505544,pobre,basal,3,750.0,809.0,1.0,49.0,10,355,29462,3,1.0
98,1.0,0.0,0.0,1.0,4.0,5,79.3348151972757,252.4114961505544,pobre,basal,3,750.0,809.0,1.0,49.0,11,355,29462,3,1.0
97,0.0,0.0,0.0,1.0,2.0,5,79.3348151972757,252.4114961505544,pobre,basal,4,0.0,790.0,0.0,69.0,8,355,29463,2,1.0
98,0.0,0.0,0.0,1.0,3.0,5,79.3348151972757,252.4114961505544,pobre,basal,4,0.0,790.0,0.0,69.0,9,355,29463,2,1.0
97,0.0,0.0,0.0,1.0,0.0,5,79.3348151972757,252.4114961505544,pobre,basal,4,0.0,790.0,0.0,69.0,6,355,29464,0,1.0
98,0.0,0.0,0.0,1.0,1.0,5,79.3348151972757,252.4114961505544,pobre,basal,4,0.0,790.0,0.0,69.0,7,355,29464,0,1.0
97,0.0,0.0,0.0,1.0,8.0,5,79.3348151972757,252.4114961505544,pobre,basal,3,625.0,728.0,1.0,42.0,14,355,29465,8,1.0
98,0.0,0.0,0.0,0.0,9.0,5,79.3348151972757,252.4114961505544,pobre,basal,3,625.0,728.0,1.0,42.0,15,355,29465,8,1.0
97,1.0,0.0,0.0,1.0,2.0,5,79.3348151972757,252.4114961505544,pobre,basal,3,625.0,728.0,1.0,42.0,11,355,29466,2,1.0
98,1.0,0.0,0.0,1.0,2.0,5,79.3348151972757,252.4114961505544,pobre,basal,3,625.0,728.0,1.0,42.0,12,355,29466,2,1.0
97,0.0,0.0,0.0,1.0,0.0,5,79.3348151972757,252.4114961505544,pobre,basal,3,625.0,728.0,1.0,42.0,6,355,29467,0,1.0
98,0.0,0.0,0.0,1.0,0.0,5,79.3348151972757,252.4114961505544,pobre,basal,3,625.0,728.0,1.0,42.0,7,355,29467,0,1.0
97,1.0,0.0,0.0,0.0,6.0,6,79.3348151972757,252.4114961505544,pobre,basal,1,0.0,747.0,1.0,74.0,14,355,29468,6,0.0
98,1.0,0.0,0.0,0.0,6.0,6,79.3348151972757,252.4114961505544,pobre,basal,1,0.0,747.0,1.0,74.0,15,355,29468,6,0.0
97,0.0,0.0,0.0,1.0,7.0,4,79.3348151972757,252.4114961505544,no pobre,basal,4,750.0,853.0,1.0,47.0,13,355,29469,7,1.0
98,0.0,0.0,0.0,1.0,8.0,4,79.3348151972757,252.4114961505544,no pobre,basal,4,750.0,853.0,1.0,47.0,14,355,29469,7,1.0
97,1.0,0.0,0.0,1.0,3.0,6,79.3348151972757,252.4114961505544,pobre,basal,1,0.0,788.0,1.0,53.0,9,355,29470,3,1.0
98,1.0,0.0,0.0,1.0,4.0,6,79.3348151972757,252.4114961505544,pobre,basal,1,0.0,788.0,1.0,53.0,10,355,29470,3,1.0
97,1.0,0.0,0.0,,0.0,11,79.3348151972757,252.4114961505544,pobre,basal,0,625.0,532.5,1.0,65.0,15,355,29471,0,
98,1.0,0.0,0.0,0.0,2.0,11,79.3348151972757,252.4114961505544,pobre,basal,0,625.0,532.5,1.0,65.0,16,355,29471,0,
97,0.0,0.0,0.0,1.0,3.0,11,79.3348151972757,252.4114961505544,pobre,basal,0,625.0,532.5,1.0,65.0,12,355,29472,3,1.0
98,0.0,0.0,0.0,1.0,2.0,11,79.3348151972757,252.4114961505544,pobre,basal,0,625.0,532.5,1.0,65.0,13,355,29472,3,1.0
97,0.0,0.0,0.0,,0.0,11,79.3348151972757,252.4114961505544,pobre,basal,0,625.0,532.5,1.0,65.0,7,355,29473,0,
98,0.0,0.0,0.0,1.0,3.0,11,79.3348151972757,252.4114961505544,pobre,basal,0,625.0,532.5,1.0,65.0,8,355,29473,0,
97,1.0,0.0,0.0,1.0,1.0,11,79.3348151972757,252.4114961505544,pobre,basal,0,625.0,532.5,1.0,65.0,9,355,29474,1,1.0
98,1.0,0.0,0.0,1.0,1.0,11,79.3348151972757,252.4114961505544,pobre,basal,0,625.0,532.5,1.0,65.0,10,355,29474,1,1.0
97,1.0,0.0,0.0,1.0,1.0,11,79.3348151972757,252.4114961505544,pobre,basal,0,625.0,532.5,1.0,65.0,6,355,29475,1,1.0
98,1.0,0.0,0.0,1.0,1.0,11,79.3348151972757,252.4114961505544,pobre,basal,0,625.0,532.5,1.0,65.0,7,355,29475,1,1.0
97,0.0,0.0,0.0,1.0,8.0,5,79.3348151972757,252.4114961505544,pobre,basal,0,800.0,746.0,1.0,44.0,15,355,29476,8,1.0
98,0.0,0.0,0.0,0.0,9.0,5,79.3348151972757,252.4114961505544,pobre,basal,0,800.0,746.0,1.0,44.0,16,355,29476,8,1.0
97,1.0,0.0,0.0,1.0,7.0,5,79.3348151972757,252.4114961505544,pobre,basal,0,800.0,746.0,1.0,44.0,13,355,29477,7,1.0
98,1.0,0.0,0.0,1.0,8.0,5,79.3348151972757,252.4114961505544,pobre,basal,0,800.0,746.0,1.0,44.0,14,355,29477,7,1.0
97,0.0,0.0,0.0,1.0,3.0,5,79.3348151972757,252.4114961505544,pobre,basal,0,800.0,746.0,1.0,44.0,10,355,29478,3,1.0
98,0.0,0.0,0.0,1.0,4.0,5,79.3348151972757,252.4114961505544,pobre,basal,0,800.0,746.0,1.0,44.0,11,355,29478,3,1.0
97,1.0,0.0,0.0,1.0,10.0,7,79.3348151972757,252.4114961505544,no pobre,basal,2,625.0,788.0,1.0,42.0,16,355,29479,10,1.0
98,1.0,0.0,0.0,,,7,79.3348151972757,252.4114961505544,no pobre,basal,2,625.0,788.0,1.0,42.0,17,355,29479,10,1.0
97,0.0,0.0,0.0,1.0,8.0,7,79.3348151972757,252.4114961505544,no pobre,basal,2,625.0,788.0,1.0,42.0,13,355,29480,8,1.0
98,0.0,0.0,0.0,,,7,79.3348151972757,252.4114961505544,no pobre,basal,2,625.0,788.0,1.0,42.0,14,355,29480,8,1.0
97,1.0,0.0,0.0,1.0,6.0,7,79.3348151972757,252.4114961505544,no pobre,basal,2,625.0,788.0,1.0,42.0,12,355,29481,6,1.0
98,1.0,0.0,0.0,1.0,7.0,7,79.3348151972757,252.4114961505544,no pobre,basal,2,625.0,788.0,1.0,42.0,13,355,29481,6,1.0
97,0.0,0.0,0.0,1.0,3.0,6,94.96737126586416,245.3629684136424,pobre,basal,6,625.0,636.0,1.0,27.0,10,357,29482,3,1.0
98,0.0,0.0,0.0,1.0,4.0,6,94.96737126586416,245.3629684136424,pobre,basal,6,625.0,636.0,1.0,27.0,11,357,29482,3,1.0
97,0.0,0.0,0.0,1.0,1.0,6,94.96737126586416,245.3629684136424,pobre,basal,6,625.0,636.0,1.0,27.0,7,357,29483,1,1.0
98,0.0,0.0,0.0,1.0,2.0,6,94.96737126586416,245.3629684136424,pobre,basal,6,625.0,636.0,1.0,27.0,8,357,29483,1,1.0
97,1.0,0.0,3.7950001,1.0,3.0,8,150.4639603712726,209.6922290145897,pobre,basal,2,500.0,441.0,1.0,30.0,9,300,29484,3,1.0
98,1.0,0.0,3.7950001,1.0,4.0,8,150.4639603712726,209.6922290145897,pobre,basal,2,500.0,441.0,1.0,30.0,10,300,29484,3,1.0
97,1.0,0.0,3.7950001,1.0,1.0,8,150.4639603712726,209.6922290145897,pobre,basal,2,500.0,441.0,1.0,30.0,7,300,29485,1,1.0
98,1.0,0.0,3.7950001,1.0,2.0,8,150.4639603712726,209.6922290145897,pobre,basal,2,500.0,441.0,1.0,30.0,8,300,29485,1,1.0
97,1.0,1.0,0.0,1.0,8.0,11,94.96737126586416,245.3629684136424,pobre,basal,0,500.0,570.0,1.0,50.0,16,357,29486,8,1.0
98,1.0,1.0,0.0,,,11,94.96737126586416,245.3629684136424,pobre,basal,0,500.0,570.0,1.0,50.0,17,357,29486,8,1.0
97,1.0,1.0,0.0,1.0,8.0,11,94.96737126586416,245.3629684136424,pobre,basal,0,500.0,570.0,1.0,50.0,14,357,29487,8,1.0
98,1.0,1.0,0.0,1.0,9.0,11,94.96737126586416,245.3629684136424,pobre,basal,0,500.0,570.0,1.0,50.0,15,357,29487,8,1.0
97,1.0,1.0,0.0,1.0,5.0,11,94.96737126586416,245.3629684136424,pobre,basal,0,500.0,570.0,1.0,50.0,13,357,29488,5,1.0
98,1.0,1.0,0.0,1.0,6.0,11,94.96737126586416,245.3629684136424,pobre,basal,0,500.0,570.0,1.0,50.0,14,357,29488,5,1.0
97,0.0,1.0,0.0,1.0,3.0,11,94.96737126586416,245.3629684136424,pobre,basal,0,500.0,570.0,1.0,50.0,10,357,29489,3,1.0
98,0.0,1.0,0.0,1.0,4.0,11,94.96737126586416,245.3629684136424,pobre,basal,0,500.0,570.0,1.0,50.0,11,357,29489,3,1.0
97,1.0,0.0,0.0,1.0,1.0,11,94.96737126586416,245.3629684136424,pobre,basal,0,500.0,570.0,1.0,50.0,7,357,29490,1,1.0
98,1.0,0.0,0.0,1.0,2.0,11,94.96737126586416,245.3629684136424,pobre,basal,0,500.0,570.0,1.0,50.0,8,357,29490,1,1.0
97,1.0,1.0,0.0,1.0,4.0,7,94.96737126586416,245.3629684136424,pobre,basal,1,166.66667,620.0,1.0,77.0,12,357,29491,4,1.0
98,1.0,1.0,0.0,1.0,5.0,7,94.96737126586416,245.3629684136424,pobre,basal,1,166.66667,620.0,1.0,77.0,13,357,29491,4,1.0
97,1.0,1.0,0.0,1.0,1.0,7,94.96737126586416,245.3629684136424,pobre,basal,1,166.66667,620.0,1.0,77.0,10,357,29492,1,1.0
98,1.0,1.0,0.0,1.0,2.0,7,94.96737126586416,245.3629684136424,pobre,basal,1,166.66667,620.0,1.0,77.0,11,357,29492,1,1.0
97,1.0,1.0,0.0,1.0,0.0,7,94.96737126586416,245.3629684136424,pobre,basal,1,166.66667,620.0,1.0,77.0,7,357,29493,0,1.0
98,1.0,1.0,0.0,1.0,1.0,7,94.96737126586416,245.3629684136424,pobre,basal,1,166.66667,620.0,1.0,77.0,8,357,29493,0,1.0
97,1.0,0.0,7.4640002,1.0,7.0,7,122.1005821674109,200.2445114446812,no pobre,basal,2,500.0,882.0,1.0,47.0,16,324,29494,7,1.0
98,1.0,0.0,7.4640002,,,7,122.1005821674109,200.2445114446812,no pobre,basal,2,500.0,882.0,1.0,47.0,17,324,29494,7,1.0
97,1.0,0.0,7.4640002,1.0,4.0,7,122.1005821674109,200.2445114446812,no pobre,basal,2,500.0,882.0,1.0,47.0,13,324,29495,4,1.0
98,1.0,0.0,7.4640002,1.0,5.0,7,122.1005821674109,200.2445114446812,no pobre,basal,2,500.0,882.0,1.0,47.0,14,324,29495,4,1.0
97,0.0,0.0,0.0,1.0,5.0,6,79.3348151972757,252.4114961505544,no pobre,basal,5,800.0,816.0,1.0,33.0,11,355,29496,5,1.0
98,0.0,0.0,0.0,1.0,6.0,6,79.3348151972757,252.4114961505544,no pobre,basal,5,800.0,816.0,1.0,33.0,12,355,29496,5,1.0
97,1.0,0.0,0.0,1.0,2.0,6,79.3348151972757,252.4114961505544,no pobre,basal,5,800.0,816.0,1.0,33.0,9,355,29497,2,1.0
98,1.0,0.0,0.0,1.0,3.0,6,79.3348151972757,252.4114961505544,no pobre,basal,5,800.0,816.0,1.0,33.0,10,355,29497,2,1.0
97,0.0,0.0,0.0,1.0,6.0,8,79.3348151972757,252.4114961505544,pobre,basal,0,0.0,746.0,1.0,75.0,14,355,29498,6,1.0
98,0.0,0.0,0.0,1.0,7.0,8,79.3348151972757,252.4114961505544,pobre,basal,0,0.0,746.0,1.0,75.0,15,355,29498,6,1.0
97,0.0,0.0,0.0,1.0,6.0,8,79.3348151972757,252.4114961505544,pobre,basal,0,0.0,746.0,1.0,75.0,12,355,29499,6,1.0
98,0.0,0.0,0.0,1.0,7.0,8,79.3348151972757,252.4114961505544,pobre,basal,0,0.0,746.0,1.0,75.0,13,355,29499,6,1.0
97,0.0,0.0,0.0,1.0,0.0,8,79.3348151972757,252.4114961505544,pobre,basal,0,0.0,746.0,1.0,75.0,6,355,29500,0,1.0
98,0.0,0.0,0.0,1.0,1.0,8,79.3348151972757,252.4114961505544,pobre,basal,0,0.0,746.0,1.0,75.0,7,355,29500,0,1.0
97,0.0,0.0,0.0,1.0,3.0,5,79.3348151972757,252.4114961505544,pobre,basal,6,750.0,771.0,1.0,35.0,9,355,29501,3,1.0
98,0.0,0.0,0.0,1.0,4.0,5,79.3348151972757,252.4114961505544,pobre,basal,6,750.0,771.0,1.0,35.0,10,355,29501,3,1.0
97,1.0,0.0,0.0,1.0,1.0,5,79.3348151972757,252.4114961505544,pobre,basal,6,750.0,771.0,1.0,35.0,7,355,29502,1,1.0
98,1.0,0.0,0.0,1.0,2.0,5,79.3348151972757,252.4114961505544,pobre,basal,6,750.0,771.0,1.0,35.0,8,355,29502,1,1.0
97,1.0,1.0,0.0,1.0,7.0,7,94.96737126586416,245.3629684136424,no pobre,basal,0,800.0,1044.0,1.0,58.0,13,357,29503,7,1.0
98,1.0,1.0,0.0,,8.0,7,94.96737126586416,245.3629684136424,no pobre,basal,0,800.0,1044.0,1.0,58.0,14,357,29503,7,1.0
97,1.0,1.0,0.0,1.0,7.0,7,94.96737126586416,245.3629684136424,no pobre,basal,0,800.0,1044.0,1.0,58.0,13,357,29504,7,1.0
98,1.0,1.0,0.0,,,7,94.96737126586416,245.3629684136424,no pobre,basal,0,800.0,1044.0,1.0,58.0,14,357,29504,7,1.0
97,1.0,0.0,7.4640002,0.0,6.0,10,122.1005821674109,200.2445114446812,pobre,basal,3,1200.0,753.0,1.0,50.0,15,324,29505,6,0.0
98,1.0,0.0,7.4640002,0.0,6.0,10,122.1005821674109,200.2445114446812,pobre,basal,3,1200.0,753.0,1.0,50.0,16,324,29505,6,0.0
97,1.0,0.0,7.4640002,0.0,6.0,10,122.1005821674109,200.2445114446812,pobre,basal,3,1200.0,753.0,1.0,50.0,13,324,29506,6,0.0
98,1.0,0.0,7.4640002,0.0,6.0,10,122.1005821674109,200.2445114446812,pobre,basal,3,1200.0,753.0,1.0,50.0,14,324,29506,6,0.0
97,0.0,0.0,7.4640002,1.0,1.0,10,122.1005821674109,200.2445114446812,pobre,basal,3,1200.0,753.0,1.0,50.0,9,324,29507,1,1.0
98,0.0,0.0,7.4640002,1.0,4.0,10,122.1005821674109,200.2445114446812,pobre,basal,3,1200.0,753.0,1.0,50.0,10,324,29507,1,1.0
97,0.0,0.0,7.4640002,1.0,6.0,4,122.1005821674109,200.2445114446812,no pobre,basal,13,2400.0,869.0,1.0,41.0,12,324,29508,6,1.0
98,0.0,0.0,7.4640002,,,4,122.1005821674109,200.2445114446812,no pobre,basal,13,2400.0,869.0,1.0,41.0,13,324,29508,6,1.0
97,1.0,0.0,7.4640002,1.0,1.0,4,122.1005821674109,200.2445114446812,no pobre,basal,13,2400.0,869.0,1.0,41.0,8,324,29509,1,1.0
98,1.0,0.0,7.4640002,,,4,122.1005821674109,200.2445114446812,no pobre,basal,13,2400.0,869.0,1.0,41.0,9,324,29509,1,1.0
97,1.0,0.0,7.4640002,1.0,8.0,5,122.1005821674109,200.2445114446812,no pobre,basal,2,560.0,804.5,1.0,59.0,14,324,29510,8,1.0
98,1.0,0.0,7.4640002,0.0,9.0,5,122.1005821674109,200.2445114446812,no pobre,basal,2,560.0,804.5,1.0,59.0,15,324,29510,8,1.0
97,1.0,0.0,7.4640002,1.0,1.0,5,122.1005821674109,200.2445114446812,pobre,basal,10,750.0,769.0,1.0,36.0,7,324,29511,1,1.0
98,1.0,0.0,7.4640002,1.0,2.0,5,122.1005821674109,200.2445114446812,pobre,basal,10,750.0,769.0,1.0,36.0,8,324,29511,1,1.0
97,0.0,0.0,7.4640002,1.0,0.0,5,122.1005821674109,200.2445114446812,pobre,basal,10,750.0,769.0,1.0,36.0,6,324,29512,0,1.0
98,0.0,0.0,7.4640002,1.0,1.0,5,122.1005821674109,200.2445114446812,pobre,basal,10,750.0,769.0,1.0,36.0,7,324,29512,0,1.0
97,1.0,0.0,7.4640002,1.0,7.0,8,122.1005821674109,200.2445114446812,no pobre,basal,0,625.0,827.0,1.0,47.0,14,324,29513,7,1.0
98,1.0,0.0,7.4640002,1.0,8.0,8,122.1005821674109,200.2445114446812,no pobre,basal,0,625.0,827.0,1.0,47.0,15,324,29513,7,1.0
97,1.0,0.0,7.4640002,1.0,3.0,8,122.1005821674109,200.2445114446812,no pobre,basal,0,625.0,827.0,1.0,47.0,9,324,29514,3,1.0
98,1.0,0.0,7.4640002,1.0,3.0,8,122.1005821674109,200.2445114446812,no pobre,basal,0,625.0,827.0,1.0,47.0,10,324,29514,3,1.0
97,0.0,0.0,7.4640002,1.0,8.0,9,122.1005821674109,200.2445114446812,pobre,basal,2,0.0,545.0,0.0,45.0,16,324,29515,8,1.0
98,0.0,0.0,7.4640002,,,9,122.1005821674109,200.2445114446812,pobre,basal,2,0.0,545.0,0.0,45.0,17,324,29515,8,1.0
97,0.0,0.0,7.4640002,1.0,5.0,9,122.1005821674109,200.2445114446812,pobre,basal,2,0.0,545.0,0.0,45.0,15,324,29516,5,1.0
98,0.0,0.0,7.4640002,1.0,9.0,9,122.1005821674109,200.2445114446812,pobre,basal,2,0.0,545.0,0.0,45.0,16,324,29516,5,1.0
97,1.0,0.0,7.4640002,1.0,5.0,9,122.1005821674109,200.2445114446812,pobre,basal,2,0.0,545.0,0.0,45.0,14,324,29517,5,1.0
98,1.0,0.0,7.4640002,1.0,6.0,9,122.1005821674109,200.2445114446812,pobre,basal,2,0.0,545.0,0.0,45.0,15,324,29517,5,1.0
97,0.0,0.0,7.4640002,1.0,3.0,9,122.1005821674109,200.2445114446812,pobre,basal,2,0.0,545.0,0.0,45.0,13,324,29518,3,1.0
98,0.0,0.0,7.4640002,1.0,3.0,9,122.1005821674109,200.2445114446812,pobre,basal,2,0.0,545.0,0.0,45.0,14,324,29518,3,1.0
97,0.0,0.0,7.4640002,1.0,2.0,9,122.1005821674109,200.2445114446812,pobre,basal,2,0.0,545.0,0.0,45.0,10,324,29519,2,1.0
98,0.0,0.0,7.4640002,1.0,6.0,9,122.1005821674109,200.2445114446812,pobre,basal,2,0.0,545.0,0.0,45.0,11,324,29519,2,1.0
97,0.0,0.0,7.4640002,1.0,1.0,9,122.1005821674109,200.2445114446812,pobre,basal,2,0.0,545.0,0.0,45.0,8,324,29520,1,1.0
98,0.0,0.0,7.4640002,1.0,2.0,9,122.1005821674109,200.2445114446812,pobre,basal,2,0.0,545.0,0.0,45.0,9,324,29520,1,1.0
97,0.0,0.0,7.4640002,1.0,8.0,4,122.1005821674109,200.2445114446812,pobre,basal,0,625.0,748.0,1.0,51.0,16,324,29521,8,1.0
98,0.0,0.0,7.4640002,,,4,122.1005821674109,200.2445114446812,pobre,basal,0,625.0,748.0,1.0,51.0,17,324,29521,8,1.0
97,0.0,0.0,7.4640002,1.0,5.0,4,122.1005821674109,200.2445114446812,pobre,basal,0,625.0,748.0,1.0,51.0,14,324,29522,5,1.0
98,0.0,0.0,7.4640002,1.0,6.0,4,122.1005821674109,200.2445114446812,pobre,basal,0,625.0,748.0,1.0,51.0,15,324,29522,5,1.0
97,1.0,0.0,7.4640002,1.0,5.0,7,122.1005821674109,200.2445114446812,pobre,basal,0,1200.0,631.0,1.0,33.0,13,324,29523,5,1.0
98,1.0,0.0,7.4640002,0.0,6.0,7,122.1005821674109,200.2445114446812,pobre,basal,0,1200.0,631.0,1.0,33.0,14,324,29523,5,1.0
97,0.0,0.0,7.4640002,1.0,5.0,7,122.1005821674109,200.2445114446812,pobre,basal,0,1200.0,631.0,1.0,33.0,11,324,29524,5,1.0
98,0.0,0.0,7.4640002,0.0,6.0,7,122.1005821674109,200.2445114446812,pobre,basal,0,1200.0,631.0,1.0,33.0,12,324,29524,5,1.0
97,1.0,0.0,7.4640002,1.0,3.0,7,122.1005821674109,200.2445114446812,pobre,basal,0,1200.0,631.0,1.0,33.0,9,324,29525,3,1.0
98,1.0,0.0,7.4640002,1.0,4.0,7,122.1005821674109,200.2445114446812,pobre,basal,0,1200.0,631.0,1.0,33.0,10,324,29525,3,1.0
97,1.0,0.0,7.4640002,1.0,0.0,7,122.1005821674109,200.2445114446812,pobre,basal,0,1200.0,631.0,1.0,33.0,6,324,29526,0,1.0
98,1.0,0.0,7.4640002,1.0,1.0,7,122.1005821674109,200.2445114446812,pobre,basal,0,1200.0,631.0,1.0,33.0,7,324,29526,0,1.0
97,1.0,0.0,7.4640002,0.0,9.0,5,122.1005821674109,200.2445114446812,pobre,basal,3,500.0,785.5,1.0,62.0,15,324,29527,9,0.0
98,1.0,0.0,7.4640002,0.0,9.0,5,122.1005821674109,200.2445114446812,pobre,basal,3,500.0,785.5,1.0,62.0,16,324,29527,9,0.0
97,1.0,0.0,1.124,1.0,7.0,9,138.7769189318179,188.5741768609114,pobre,basal,2,500.0,611.0,1.0,46.0,13,299,29528,7,1.0
98,1.0,0.0,1.124,1.0,8.0,9,138.7769189318179,188.5741768609114,pobre,basal,2,500.0,611.0,1.0,46.0,14,299,29528,7,1.0
97,1.0,0.0,1.124,1.0,6.0,9,138.7769189318179,188.5741768609114,pobre,basal,2,500.0,611.0,1.0,46.0,12,299,29529,6,1.0
98,1.0,0.0,1.124,1.0,7.0,9,138.7769189318179,188.5741768609114,pobre,basal,2,500.0,611.0,1.0,46.0,13,299,29529,6,1.0
97,0.0,0.0,1.124,1.0,5.0,9,138.7769189318179,188.5741768609114,pobre,basal,2,500.0,611.0,1.0,46.0,11,299,29530,5,1.0
98,0.0,0.0,1.124,1.0,6.0,9,138.7769189318179,188.5741768609114,pobre,basal,2,500.0,611.0,1.0,46.0,12,299,29530,5,1.0
97,0.0,0.0,1.124,1.0,3.0,9,138.7769189318179,188.5741768609114,pobre,basal,2,500.0,611.0,1.0,46.0,9,299,29531,3,1.0
98,0.0,0.0,1.124,1.0,4.0,9,138.7769189318179,188.5741768609114,pobre,basal,2,500.0,611.0,1.0,46.0,10,299,29531,3,1.0
97,0.0,0.0,1.124,1.0,3.0,9,138.7769189318179,188.5741768609114,pobre,basal,2,500.0,611.0,1.0,46.0,9,299,29532,3,1.0
98,0.0,0.0,1.124,1.0,4.0,9,138.7769189318179,188.5741768609114,pobre,basal,2,500.0,611.0,1.0,46.0,10,299,29532,3,1.0
97,1.0,0.0,1.124,1.0,2.0,9,138.7769189318179,188.5741768609114,pobre,basal,2,500.0,611.0,1.0,46.0,8,299,29533,2,1.0
98,1.0,0.0,1.124,1.0,3.0,9,138.7769189318179,188.5741768609114,pobre,basal,2,500.0,611.0,1.0,46.0,9,299,29533,2,1.0
97,1.0,0.0,1.124,1.0,7.0,6,138.7769189318179,188.5741768609114,pobre,basal,6,750.0,687.0,1.0,36.0,13,299,29534,7,1.0
98,1.0,0.0,1.124,1.0,8.0,6,138.7769189318179,188.5741768609114,pobre,basal,6,750.0,687.0,1.0,36.0,14,299,29534,7,1.0
97,1.0,0.0,1.124,1.0,4.0,6,138.7769189318179,188.5741768609114,pobre,basal,6,750.0,687.0,1.0,36.0,10,299,29535,4,1.0
98,1.0,0.0,1.124,1.0,5.0,6,138.7769189318179,188.5741768609114,pobre,basal,6,750.0,687.0,1.0,36.0,11,299,29535,4,1.0
97,0.0,0.0,1.124,1.0,3.0,6,138.7769189318179,188.5741768609114,pobre,basal,6,750.0,687.0,1.0,36.0,9,299,29536,3,1.0
98,0.0,0.0,1.124,1.0,4.0,6,138.7769189318179,188.5741768609114,pobre,basal,6,750.0,687.0,1.0,36.0,10,299,29536,3,1.0
97,1.0,0.0,1.124,0.0,5.0,9,138.7769189318179,188.5741768609114,no pobre,basal,1,750.0,1034.0,1.0,65.0,14,299,29537,5,0.0
98,1.0,0.0,1.124,,,9,138.7769189318179,188.5741768609114,no pobre,basal,1,750.0,1034.0,1.0,65.0,15,299,29537,5,0.0
97,1.0,0.0,1.124,0.0,6.0,7,138.7769189318179,188.5741768609114,pobre,basal,0,625.0,950.25,1.0,48.0,15,299,29538,6,0.0
98,1.0,0.0,1.124,,,7,138.7769189318179,188.5741768609114,pobre,basal,0,625.0,950.25,1.0,48.0,16,299,29538,6,0.0
97,1.0,0.0,1.124,1.0,2.0,7,138.7769189318179,188.5741768609114,pobre,basal,0,625.0,950.25,1.0,48.0,8,299,29539,2,1.0
98,1.0,0.0,1.124,1.0,3.0,7,138.7769189318179,188.5741768609114,pobre,basal,0,625.0,950.25,1.0,48.0,9,299,29539,2,1.0
97,0.0,0.0,1.124,1.0,0.0,7,138.7769189318179,188.5741768609114,pobre,basal,0,625.0,950.25,1.0,48.0,6,299,29540,0,1.0
98,0.0,0.0,1.124,1.0,1.0,7,138.7769189318179,188.5741768609114,pobre,basal,0,625.0,950.25,1.0,48.0,7,299,29540,0,1.0
97,0.0,0.0,1.124,1.0,5.0,8,138.7769189318179,188.5741768609114,no pobre,basal,1,625.0,763.0,1.0,37.0,12,299,29541,5,1.0
98,0.0,0.0,1.124,1.0,6.0,8,138.7769189318179,188.5741768609114,no pobre,basal,1,625.0,763.0,1.0,37.0,13,299,29541,5,1.0
97,0.0,0.0,1.124,1.0,4.0,8,138.7769189318179,188.5741768609114,no pobre,basal,1,625.0,763.0,1.0,37.0,10,299,29542,4,1.0
98,0.0,0.0,1.124,1.0,5.0,8,138.7769189318179,188.5741768609114,no pobre,basal,1,625.0,763.0,1.0,37.0,11,299,29542,4,1.0
97,1.0,0.0,1.124,1.0,2.0,8,138.7769189318179,188.5741768609114,no pobre,basal,1,625.0,763.0,1.0,37.0,9,299,29543,2,1.0
98,1.0,0.0,1.124,1.0,3.0,8,138.7769189318179,188.5741768609114,no pobre,basal,1,625.0,763.0,1.0,37.0,10,299,29543,2,1.0
97,0.0,0.0,1.124,1.0,1.0,8,138.7769189318179,188.5741768609114,no pobre,basal,1,625.0,763.0,1.0,37.0,7,299,29544,1,1.0
98,0.0,0.0,1.124,1.0,2.0,8,138.7769189318179,188.5741768609114,no pobre,basal,1,625.0,763.0,1.0,37.0,8,299,29544,1,1.0
97,0.0,0.0,1.124,0.0,6.0,6,138.7769189318179,188.5741768609114,no pobre,basal,0,1200.0,918.0,1.0,54.0,12,299,29545,6,0.0
98,0.0,0.0,1.124,0.0,6.0,6,138.7769189318179,188.5741768609114,no pobre,basal,0,1200.0,918.0,1.0,54.0,13,299,29545,6,0.0
97,1.0,0.0,1.124,1.0,6.0,6,138.7769189318179,188.5741768609114,pobre,basal,6,550.0,718.0,1.0,34.0,12,299,29546,6,1.0
98,1.0,0.0,1.124,1.0,7.0,6,138.7769189318179,188.5741768609114,pobre,basal,6,550.0,718.0,1.0,34.0,13,299,29546,6,1.0
97,0.0,0.0,1.124,1.0,3.0,6,138.7769189318179,188.5741768609114,pobre,basal,6,550.0,718.0,1.0,34.0,9,299,29547,3,1.0
98,0.0,0.0,1.124,1.0,4.0,6,138.7769189318179,188.5741768609114,pobre,basal,6,550.0,718.0,1.0,34.0,10,299,29547,3,1.0
97,1.0,0.0,1.124,1.0,1.0,6,138.7769189318179,188.5741768609114,pobre,basal,6,550.0,718.0,1.0,34.0,7,299,29548,1,1.0
98,1.0,0.0,1.124,1.0,1.0,6,138.7769189318179,188.5741768609114,pobre,basal,6,550.0,718.0,1.0,34.0,8,299,29548,1,1.0
97,0.0,0.0,1.124,0.0,6.0,9,138.7769189318179,188.5741768609114,no pobre,basal,4,125.0,1077.5,1.0,38.0,15,299,29549,6,0.0
98,0.0,0.0,1.124,0.0,6.0,9,138.7769189318179,188.5741768609114,no pobre,basal,4,125.0,1077.5,1.0,38.0,16,299,29549,6,0.0
97,0.0,0.0,1.124,0.0,6.0,9,138.7769189318179,188.5741768609114,no pobre,basal,4,125.0,1077.5,1.0,38.0,14,299,29550,6,0.0
98,0.0,0.0,1.124,0.0,6.0,9,138.7769189318179,188.5741768609114,no pobre,basal,4,125.0,1077.5,1.0,38.0,15,299,29550,6,0.0
97,0.0,0.0,1.124,0.0,6.0,9,138.7769189318179,188.5741768609114,no pobre,basal,4,125.0,1077.5,1.0,38.0,12,299,29551,6,0.0
98,0.0,0.0,1.124,0.0,6.0,9,138.7769189318179,188.5741768609114,no pobre,basal,4,125.0,1077.5,1.0,38.0,13,299,29551,6,0.0
97,1.0,0.0,1.124,1.0,3.0,9,138.7769189318179,188.5741768609114,no pobre,basal,4,125.0,1077.5,1.0,38.0,11,299,29552,3,1.0
98,1.0,0.0,1.124,1.0,4.0,9,138.7769189318179,188.5741768609114,no pobre,basal,4,125.0,1077.5,1.0,38.0,12,299,29552,3,1.0
97,0.0,0.0,1.124,1.0,1.0,9,138.7769189318179,188.5741768609114,no pobre,basal,4,125.0,1077.5,1.0,38.0,7,299,29553,1,1.0
98,0.0,0.0,1.124,1.0,2.0,9,138.7769189318179,188.5741768609114,no pobre,basal,4,125.0,1077.5,1.0,38.0,8,299,29553,1,1.0
97,1.0,0.0,1.124,1.0,5.0,9,138.7769189318179,188.5741768609114,pobre,basal,1,720.0,680.0,1.0,43.0,12,299,29554,5,1.0
98,1.0,0.0,1.124,0.0,6.0,9,138.7769189318179,188.5741768609114,pobre,basal,1,720.0,680.0,1.0,43.0,13,299,29554,5,1.0
97,1.0,0.0,1.124,1.0,4.0,9,138.7769189318179,188.5741768609114,pobre,basal,1,720.0,680.0,1.0,43.0,10,299,29555,4,1.0
98,1.0,0.0,1.124,1.0,5.0,9,138.7769189318179,188.5741768609114,pobre,basal,1,720.0,680.0,1.0,43.0,11,299,29555,4,1.0
97,1.0,0.0,1.124,1.0,2.0,9,138.7769189318179,188.5741768609114,pobre,basal,1,720.0,680.0,1.0,43.0,8,299,29556,2,1.0
98,1.0,0.0,1.124,1.0,3.0,9,138.7769189318179,188.5741768609114,pobre,basal,1,720.0,680.0,1.0,43.0,9,299,29556,2,1.0
97,0.0,0.0,1.124,1.0,1.0,9,138.7769189318179,188.5741768609114,pobre,basal,1,720.0,680.0,1.0,43.0,7,299,29557,1,1.0
98,0.0,0.0,1.124,1.0,2.0,9,138.7769189318179,188.5741768609114,pobre,basal,1,720.0,680.0,1.0,43.0,8,299,29557,1,1.0
97,0.0,0.0,1.124,0.0,9.0,5,138.7769189318179,188.5741768609114,no pobre,basal,3,375.0,860.5,1.0,60.0,15,299,29558,9,0.0
98,0.0,0.0,1.124,,,5,138.7769189318179,188.5741768609114,no pobre,basal,3,375.0,860.5,1.0,60.0,16,299,29558,9,0.0
97,1.0,0.0,1.124,1.0,2.0,7,138.7769189318179,188.5741768609114,no pobre,basal,8,800.0,899.0,1.0,30.0,9,299,29559,2,1.0
98,1.0,0.0,1.124,1.0,3.0,7,138.7769189318179,188.5741768609114,no pobre,basal,8,800.0,899.0,1.0,30.0,10,299,29559,2,1.0
97,0.0,0.0,1.124,1.0,1.0,7,138.7769189318179,188.5741768609114,no pobre,basal,8,800.0,899.0,1.0,30.0,7,299,29560,1,1.0
98,0.0,0.0,1.124,1.0,2.0,7,138.7769189318179,188.5741768609114,no pobre,basal,8,800.0,899.0,1.0,30.0,8,299,29560,1,1.0
97,1.0,0.0,1.124,1.0,0.0,7,138.7769189318179,188.5741768609114,no pobre,basal,8,800.0,899.0,1.0,30.0,6,299,29561,0,1.0
98,1.0,0.0,1.124,1.0,1.0,7,138.7769189318179,188.5741768609114,no pobre,basal,8,800.0,899.0,1.0,30.0,7,299,29561,0,1.0
97,1.0,0.0,1.124,1.0,4.0,8,138.7769189318179,188.5741768609114,pobre,basal,3,625.0,565.0,1.0,58.0,13,299,29562,4,1.0
98,1.0,0.0,1.124,0.0,5.0,8,138.7769189318179,188.5741768609114,pobre,basal,3,625.0,565.0,1.0,58.0,14,299,29562,4,1.0
97,1.0,0.0,1.124,1.0,4.0,8,138.7769189318179,188.5741768609114,pobre,basal,3,625.0,565.0,1.0,58.0,10,299,29563,4,1.0
98,1.0,0.0,1.124,1.0,5.0,8,138.7769189318179,188.5741768609114,pobre,basal,3,625.0,565.0,1.0,58.0,11,299,29563,4,1.0
97,1.0,0.0,1.124,1.0,0.0,8,138.7769189318179,188.5741768609114,pobre,basal,3,625.0,565.0,1.0,58.0,6,299,29564,0,1.0
98,1.0,0.0,1.124,1.0,1.0,8,138.7769189318179,188.5741768609114,pobre,basal,3,625.0,565.0,1.0,58.0,7,299,29564,0,1.0
97,1.0,0.0,1.124,1.0,0.0,8,138.7769189318179,188.5741768609114,pobre,basal,3,625.0,565.0,1.0,58.0,6,299,29565,0,1.0
98,1.0,0.0,1.124,1.0,1.0,8,138.7769189318179,188.5741768609114,pobre,basal,3,625.0,565.0,1.0,58.0,7,299,29565,0,1.0
97,0.0,0.0,1.124,1.0,2.0,6,138.7769189318179,188.5741768609114,pobre,basal,0,600.0,679.0,1.0,42.0,9,299,29566,2,1.0
98,0.0,0.0,1.124,1.0,2.0,6,138.7769189318179,188.5741768609114,pobre,basal,0,600.0,679.0,1.0,42.0,10,299,29566,2,1.0
97,0.0,0.0,1.124,1.0,1.0,6,138.7769189318179,188.5741768609114,pobre,basal,0,600.0,679.0,1.0,42.0,7,299,29567,1,1.0
98,0.0,0.0,1.124,1.0,2.0,6,138.7769189318179,188.5741768609114,pobre,basal,0,600.0,679.0,1.0,42.0,8,299,29567,1,1.0
97,0.0,0.0,1.124,1.0,7.0,5,138.7769189318179,188.5741768609114,pobre,basal,2,0.0,790.0,1.0,83.0,16,299,29568,7,1.0
98,0.0,0.0,1.124,,,5,138.7769189318179,188.5741768609114,pobre,basal,2,0.0,790.0,1.0,83.0,17,299,29568,7,1.0
97,1.0,0.0,1.124,0.0,6.0,5,138.7769189318179,188.5741768609114,pobre,basal,2,0.0,790.0,1.0,83.0,15,299,29569,6,0.0
98,1.0,0.0,1.124,0.0,6.0,5,138.7769189318179,188.5741768609114,pobre,basal,2,0.0,790.0,1.0,83.0,16,299,29569,6,0.0
97,1.0,0.0,0.0,0.0,6.0,11,140.6304937410209,193.4830771234469,pobre,0,2,141.66667,727.40002,1.0,48.0,15,298,29570,6,0.0
98,1.0,0.0,0.0,,,11,140.6304937410209,193.4830771234469,pobre,0,2,141.66667,727.40002,1.0,48.0,16,298,29570,6,0.0
97,0.0,0.0,0.0,1.0,5.0,11,140.6304937410209,193.4830771234469,pobre,0,2,141.66667,727.40002,1.0,48.0,12,298,29571,5,1.0
98,0.0,0.0,0.0,1.0,6.0,11,140.6304937410209,193.4830771234469,pobre,0,2,141.66667,727.40002,1.0,48.0,13,298,29571,5,1.0
97,0.0,0.0,0.0,1.0,4.0,11,140.6304937410209,193.4830771234469,pobre,0,2,141.66667,727.40002,1.0,48.0,10,298,29572,4,1.0
98,0.0,0.0,0.0,1.0,5.0,11,140.6304937410209,193.4830771234469,pobre,0,2,141.66667,727.40002,1.0,48.0,11,298,29572,4,1.0
97,1.0,0.0,0.0,1.0,1.0,11,140.6304937410209,193.4830771234469,pobre,0,2,141.66667,727.40002,1.0,48.0,8,298,29573,1,1.0
98,1.0,0.0,0.0,1.0,2.0,11,140.6304937410209,193.4830771234469,pobre,0,2,141.66667,727.40002,1.0,48.0,9,298,29573,1,1.0
97,1.0,0.0,0.0,1.0,0.0,11,140.6304937410209,193.4830771234469,pobre,0,2,141.66667,727.40002,1.0,48.0,6,298,29574,0,1.0
98,1.0,0.0,0.0,1.0,1.0,11,140.6304937410209,193.4830771234469,pobre,0,2,141.66667,727.40002,1.0,48.0,7,298,29574,0,1.0
97,0.0,0.0,0.0,1.0,4.0,7,140.6304937410209,193.4830771234469,no pobre,0,3,1000.0,979.0,1.0,38.0,12,298,29575,4,1.0
98,0.0,0.0,0.0,1.0,5.0,7,140.6304937410209,193.4830771234469,no pobre,0,3,1000.0,979.0,1.0,38.0,13,298,29575,4,1.0
97,0.0,0.0,0.0,1.0,3.0,7,140.6304937410209,193.4830771234469,no pobre,0,3,1000.0,979.0,1.0,38.0,10,298,29576,3,1.0
98,0.0,0.0,0.0,1.0,4.0,7,140.6304937410209,193.4830771234469,no pobre,0,3,1000.0,979.0,1.0,38.0,11,298,29576,3,1.0
97,0.0,0.0,0.0,1.0,1.0,7,140.6304937410209,193.4830771234469,no pobre,0,3,1000.0,979.0,1.0,38.0,7,298,29577,1,1.0
98,0.0,0.0,0.0,1.0,2.0,7,140.6304937410209,193.4830771234469,no pobre,0,3,1000.0,979.0,1.0,38.0,8,298,29577,1,1.0
97,1.0,0.0,0.0,0.0,6.0,10,140.6304937410209,193.4830771234469,pobre,0,6,4800.0,837.0,1.0,42.0,12,298,29578,6,0.0
98,1.0,0.0,0.0,1.0,7.0,10,140.6304937410209,193.4830771234469,pobre,0,6,4800.0,837.0,1.0,42.0,13,298,29578,6,0.0
97,1.0,0.0,0.0,1.0,3.0,10,140.6304937410209,193.4830771234469,pobre,0,6,4800.0,837.0,1.0,42.0,9,298,29579,3,1.0
98,1.0,0.0,0.0,1.0,4.0,10,140.6304937410209,193.4830771234469,pobre,0,6,4800.0,837.0,1.0,42.0,10,298,29579,3,1.0
97,1.0,0.0,0.0,1.0,1.0,10,140.6304937410209,193.4830771234469,pobre,0,6,4800.0,837.0,1.0,42.0,7,298,29580,1,1.0
98,1.0,0.0,0.0,1.0,2.0,10,140.6304937410209,193.4830771234469,pobre,0,6,4800.0,837.0,1.0,42.0,8,298,29580,1,1.0
97,1.0,0.0,0.0,0.0,9.0,8,140.6304937410209,193.4830771234469,no pobre,0,2,625.0,1037.0,1.0,46.0,16,298,29581,9,0.0
98,1.0,0.0,0.0,,,8,140.6304937410209,193.4830771234469,no pobre,0,2,625.0,1037.0,1.0,46.0,17,298,29581,9,0.0
97,1.0,0.0,0.0,1.0,5.0,8,140.6304937410209,193.4830771234469,no pobre,0,2,625.0,1037.0,1.0,46.0,15,298,29582,5,1.0
98,1.0,0.0,0.0,0.0,6.0,8,140.6304937410209,193.4830771234469,no pobre,0,2,625.0,1037.0,1.0,46.0,16,298,29582,5,1.0
97,0.0,0.0,0.0,1.0,5.0,8,140.6304937410209,193.4830771234469,no pobre,0,2,625.0,1037.0,1.0,46.0,13,298,29583,5,1.0
98,0.0,0.0,0.0,1.0,6.0,8,140.6304937410209,193.4830771234469,no pobre,0,2,625.0,1037.0,1.0,46.0,14,298,29583,5,1.0
97,0.0,0.0,0.0,1.0,2.0,8,140.6304937410209,193.4830771234469,no pobre,0,2,625.0,1037.0,1.0,46.0,9,298,29584,2,1.0
98,0.0,0.0,0.0,1.0,3.0,8,140.6304937410209,193.4830771234469,no pobre,0,2,625.0,1037.0,1.0,46.0,10,298,29584,2,1.0
97,1.0,0.0,0.0,1.0,6.0,10,140.6304937410209,193.4830771234469,pobre,0,3,4800.0,658.0,1.0,42.0,15,298,29585,6,1.0
98,1.0,0.0,0.0,0.0,6.0,10,140.6304937410209,193.4830771234469,pobre,0,3,4800.0,658.0,1.0,42.0,16,298,29585,6,1.0
97,0.0,0.0,0.0,1.0,5.0,10,140.6304937410209,193.4830771234469,pobre,0,3,4800.0,658.0,1.0,42.0,14,298,29586,5,1.0
98,0.0,0.0,0.0,1.0,6.0,10,140.6304937410209,193.4830771234469,pobre,0,3,4800.0,658.0,1.0,42.0,15,298,29586,5,1.0
97,0.0,0.0,0.0,1.0,5.0,10,140.6304937410209,193.4830771234469,pobre,0,3,4800.0,658.0,1.0,42.0,12,298,29587,5,1.0
98,0.0,0.0,0.0,1.0,6.0,10,140.6304937410209,193.4830771234469,pobre,0,3,4800.0,658.0,1.0,42.0,13,298,29587,5,1.0
97,0.0,0.0,0.0,1.0,4.0,10,140.6304937410209,193.4830771234469,pobre,0,3,4800.0,658.0,1.0,42.0,11,298,29588,4,1.0
98,0.0,0.0,0.0,1.0,5.0,10,140.6304937410209,193.4830771234469,pobre,0,3,4800.0,658.0,1.0,42.0,12,298,29588,4,1.0
97,0.0,0.0,0.0,1.0,2.0,10,140.6304937410209,193.4830771234469,pobre,0,3,4800.0,658.0,1.0,42.0,8,298,29589,2,1.0
98,0.0,0.0,0.0,1.0,2.0,10,140.6304937410209,193.4830771234469,pobre,0,3,4800.0,658.0,1.0,42.0,9,298,29589,2,1.0
97,0.0,0.0,0.0,1.0,1.0,10,140.6304937410209,193.4830771234469,pobre,0,3,4800.0,658.0,1.0,42.0,7,298,29590,1,1.0
98,0.0,0.0,0.0,1.0,2.0,10,140.6304937410209,193.4830771234469,pobre,0,3,4800.0,658.0,1.0,42.0,8,298,29590,1,1.0
97,1.0,0.0,0.0,0.0,9.0,7,140.6304937410209,193.4830771234469,no pobre,0,3,2000.0,911.5,1.0,43.0,15,298,29591,9,0.0
98,1.0,0.0,0.0,,,7,140.6304937410209,193.4830771234469,no pobre,0,3,2000.0,911.5,1.0,43.0,16,298,29591,9,0.0
97,1.0,0.0,0.0,1.0,5.0,7,140.6304937410209,193.4830771234469,no pobre,0,3,2000.0,911.5,1.0,43.0,13,298,29592,5,1.0
98,1.0,0.0,0.0,1.0,6.0,7,140.6304937410209,193.4830771234469,no pobre,0,3,2000.0,911.5,1.0,43.0,14,298,29592,5,1.0
97,1.0,0.0,0.0,1.0,2.0,7,140.6304937410209,193.4830771234469,no pobre,0,3,2000.0,911.5,1.0,43.0,9,298,29593,2,1.0
98,1.0,0.0,0.0,1.0,3.0,7,140.6304937410209,193.4830771234469,no pobre,0,3,2000.0,911.5,1.0,43.0,10,298,29593,2,1.0
97,0.0,0.0,0.0,1.0,1.0,4,140.6304937410209,193.4830771234469,pobre,0,0,500.0,728.0,1.0,69.0,8,298,29594,1,1.0
98,0.0,0.0,0.0,,,4,140.6304937410209,193.4830771234469,pobre,0,0,500.0,728.0,1.0,69.0,9,298,29594,1,1.0
97,0.0,0.0,0.0,1.0,2.0,6,140.6304937410209,193.4830771234469,pobre,0,9,1250.0,805.0,1.0,32.0,9,298,29595,2,1.0
98,0.0,0.0,0.0,1.0,3.0,6,140.6304937410209,193.4830771234469,pobre,0,9,1250.0,805.0,1.0,32.0,10,298,29595,2,1.0
97,0.0,0.0,0.0,1.0,8.0,8,140.6304937410209,193.4830771234469,pobre,0,2,625.0,567.0,1.0,42.0,14,298,29596,8,1.0
98,0.0,0.0,0.0,0.0,9.0,8,140.6304937410209,193.4830771234469,pobre,0,2,625.0,567.0,1.0,42.0,15,298,29596,8,1.0
97,1.0,0.0,0.0,1.0,7.0,8,140.6304937410209,193.4830771234469,pobre,0,2,625.0,567.0,1.0,42.0,13,298,29597,7,1.0
98,1.0,0.0,0.0,1.0,8.0,8,140.6304937410209,193.4830771234469,pobre,0,2,625.0,567.0,1.0,42.0,14,298,29597,7,1.0
97,0.0,0.0,0.0,1.0,6.0,8,140.6304937410209,193.4830771234469,pobre,0,2,625.0,567.0,1.0,42.0,12,298,29598,6,1.0
98,0.0,0.0,0.0,1.0,7.0,8,140.6304937410209,193.4830771234469,pobre,0,2,625.0,567.0,1.0,42.0,13,298,29598,6,1.0
97,0.0,0.0,0.0,1.0,4.0,8,140.6304937410209,193.4830771234469,pobre,0,2,625.0,567.0,1.0,42.0,10,298,29599,4,1.0
98,0.0,0.0,0.0,1.0,5.0,8,140.6304937410209,193.4830771234469,pobre,0,2,625.0,567.0,1.0,42.0,11,298,29599,4,1.0
97,0.0,0.0,0.0,1.0,0.0,8,140.6304937410209,193.4830771234469,pobre,0,2,625.0,567.0,1.0,42.0,6,298,29600,0,1.0
98,0.0,0.0,0.0,1.0,1.0,8,140.6304937410209,193.4830771234469,pobre,0,2,625.0,567.0,1.0,42.0,7,298,29600,0,1.0
97,1.0,0.0,0.0,,0.0,10,140.6304937410209,193.4830771234469,no pobre,0,0,500.0,831.0,1.0,39.0,16,298,29601,0,
98,1.0,0.0,0.0,,,10,140.6304937410209,193.4830771234469,no pobre,0,0,500.0,831.0,1.0,39.0,17,298,29601,0,
97,0.0,0.0,0.0,0.0,6.0,10,140.6304937410209,193.4830771234469,no pobre,0,0,500.0,831.0,1.0,39.0,15,298,29602,6,0.0
98,0.0,0.0,0.0,,,10,140.6304937410209,193.4830771234469,no pobre,0,0,500.0,831.0,1.0,39.0,16,298,29602,6,0.0
97,1.0,0.0,0.0,1.0,4.0,10,140.6304937410209,193.4830771234469,no pobre,0,0,500.0,831.0,1.0,39.0,12,298,29603,4,1.0
98,1.0,0.0,0.0,1.0,5.0,10,140.6304937410209,193.4830771234469,no pobre,0,0,500.0,831.0,1.0,39.0,13,298,29603,4,1.0
97,1.0,0.0,0.0,1.0,3.0,10,140.6304937410209,193.4830771234469,no pobre,0,0,500.0,831.0,1.0,39.0,10,298,29604,3,1.0
98,1.0,0.0,0.0,1.0,3.0,10,140.6304937410209,193.4830771234469,no pobre,0,0,500.0,831.0,1.0,39.0,11,298,29604,3,1.0
97,1.0,0.0,0.0,1.0,1.0,10,140.6304937410209,193.4830771234469,no pobre,0,0,500.0,831.0,1.0,39.0,9,298,29605,1,1.0
98,1.0,0.0,0.0,1.0,2.0,10,140.6304937410209,193.4830771234469,no pobre,0,0,500.0,831.0,1.0,39.0,10,298,29605,1,1.0
97,0.0,0.0,0.0,1.0,1.0,10,140.6304937410209,193.4830771234469,no pobre,0,0,500.0,831.0,1.0,39.0,7,298,29606,1,1.0
98,0.0,0.0,0.0,1.0,2.0,10,140.6304937410209,193.4830771234469,no pobre,0,0,500.0,831.0,1.0,39.0,8,298,29606,1,1.0
97,0.0,0.0,0.0,1.0,4.0,5,140.6304937410209,193.4830771234469,no pobre,0,15,1250.0,1156.5,1.0,30.0,10,298,29607,4,1.0
98,0.0,0.0,0.0,1.0,5.0,5,140.6304937410209,193.4830771234469,no pobre,0,15,1250.0,1156.5,1.0,30.0,11,298,29607,4,1.0
97,0.0,0.0,0.0,1.0,3.0,5,140.6304937410209,193.4830771234469,no pobre,0,15,1250.0,1156.5,1.0,30.0,9,298,29608,3,1.0
98,0.0,0.0,0.0,1.0,4.0,5,140.6304937410209,193.4830771234469,no pobre,0,15,1250.0,1156.5,1.0,30.0,10,298,29608,3,1.0
97,1.0,0.0,0.0,1.0,5.0,7,140.6304937410209,193.4830771234469,no pobre,0,0,0.0,796.5,0.0,52.0,12,298,29609,5,1.0
98,1.0,0.0,0.0,1.0,1.0,7,140.6304937410209,193.4830771234469,no pobre,0,0,0.0,796.5,0.0,52.0,13,298,29609,5,1.0
97,0.0,0.0,0.0,1.0,7.0,7,140.6304937410209,193.4830771234469,no pobre,0,0,0.0,796.5,0.0,52.0,15,298,29610,7,1.0
98,0.0,0.0,0.0,1.0,3.0,7,140.6304937410209,193.4830771234469,no pobre,0,0,0.0,796.5,0.0,52.0,16,298,29610,7,1.0
97,1.0,0.0,0.0,1.0,2.0,7,140.6304937410209,193.4830771234469,no pobre,0,0,0.0,796.5,0.0,52.0,8,298,29611,2,1.0
98,1.0,0.0,0.0,1.0,2.0,7,140.6304937410209,193.4830771234469,no pobre,0,0,0.0,796.5,0.0,52.0,9,298,29611,2,1.0
97,0.0,0.0,0.0,0.0,6.0,8,140.6304937410209,193.4830771234469,pobre,0,6,750.0,939.0,1.0,38.0,15,298,29612,6,0.0
98,0.0,0.0,0.0,0.0,6.0,8,140.6304937410209,193.4830771234469,pobre,0,6,750.0,939.0,1.0,38.0,16,298,29612,6,0.0
97,0.0,0.0,0.0,0.0,6.0,8,140.6304937410209,193.4830771234469,pobre,0,6,750.0,939.0,1.0,38.0,14,298,29613,6,0.0
98,0.0,0.0,0.0,0.0,6.0,8,140.6304937410209,193.4830771234469,pobre,0,6,750.0,939.0,1.0,38.0,15,298,29613,6,0.0
97,1.0,0.0,0.0,1.0,4.0,8,140.6304937410209,193.4830771234469,pobre,0,6,750.0,939.0,1.0,38.0,11,298,29614,4,1.0
98,1.0,0.0,0.0,1.0,5.0,8,140.6304937410209,193.4830771234469,pobre,0,6,750.0,939.0,1.0,38.0,12,298,29614,4,1.0
97,1.0,0.0,0.0,1.0,3.0,8,140.6304937410209,193.4830771234469,pobre,0,6,750.0,939.0,1.0,38.0,9,298,29615,3,1.0
98,1.0,0.0,0.0,1.0,4.0,8,140.6304937410209,193.4830771234469,pobre,0,6,750.0,939.0,1.0,38.0,10,298,29615,3,1.0
97,0.0,0.0,0.0,1.0,4.0,10,140.6304937410209,193.4830771234469,pobre,0,2,500.0,670.0,1.0,34.0,11,298,29616,4,1.0
98,0.0,0.0,0.0,1.0,5.0,10,140.6304937410209,193.4830771234469,pobre,0,2,500.0,670.0,1.0,34.0,12,298,29616,4,1.0
97,1.0,0.0,0.0,1.0,3.0,10,140.6304937410209,193.4830771234469,pobre,0,2,500.0,670.0,1.0,34.0,9,298,29617,3,1.0
98,1.0,0.0,0.0,,,10,140.6304937410209,193.4830771234469,pobre,0,2,500.0,670.0,1.0,34.0,10,298,29617,3,1.0
97,1.0,0.0,0.0,1.0,2.0,10,140.6304937410209,193.4830771234469,pobre,0,2,500.0,670.0,1.0,34.0,8,298,29618,2,1.0
98,1.0,0.0,0.0,1.0,3.0,10,140.6304937410209,193.4830771234469,pobre,0,2,500.0,670.0,1.0,34.0,9,298,29618,2,1.0
97,1.0,0.0,0.0,1.0,1.0,10,140.6304937410209,193.4830771234469,pobre,0,2,500.0,670.0,1.0,34.0,7,298,29619,1,1.0
98,1.0,0.0,0.0,1.0,2.0,10,140.6304937410209,193.4830771234469,pobre,0,2,500.0,670.0,1.0,34.0,8,298,29619,1,1.0
97,1.0,0.0,0.0,1.0,2.0,5,140.6304937410209,193.4830771234469,pobre,0,6,625.0,707.0,1.0,40.0,8,298,29620,2,1.0
98,1.0,0.0,0.0,1.0,3.0,5,140.6304937410209,193.4830771234469,pobre,0,6,625.0,707.0,1.0,40.0,9,298,29620,2,1.0
97,1.0,0.0,0.0,1.0,0.0,5,140.6304937410209,193.4830771234469,pobre,0,6,625.0,707.0,1.0,40.0,6,298,29621,0,1.0
98,1.0,0.0,0.0,1.0,1.0,5,140.6304937410209,193.4830771234469,pobre,0,6,625.0,707.0,1.0,40.0,7,298,29621,0,1.0
97,0.0,0.0,0.0,1.0,3.0,7,140.6304937410209,193.4830771234469,pobre,0,3,750.0,664.0,1.0,45.0,9,298,29622,3,1.0
98,0.0,0.0,0.0,1.0,4.0,7,140.6304937410209,193.4830771234469,pobre,0,3,750.0,664.0,1.0,45.0,10,298,29622,3,1.0
97,1.0,0.0,0.0,1.0,1.0,7,140.6304937410209,193.4830771234469,pobre,0,3,750.0,664.0,1.0,45.0,7,298,29623,1,1.0
98,1.0,0.0,0.0,1.0,2.0,7,140.6304937410209,193.4830771234469,pobre,0,3,750.0,664.0,1.0,45.0,8,298,29623,1,1.0
97,0.0,0.0,0.0,1.0,6.0,9,140.6304937410209,193.4830771234469,no pobre,0,3,8000.0,958.75,1.0,49.0,12,298,29624,6,1.0
98,0.0,0.0,0.0,1.0,7.0,9,140.6304937410209,193.4830771234469,no pobre,0,3,8000.0,958.75,1.0,49.0,13,298,29624,6,1.0
97,0.0,0.0,0.0,0.0,6.0,9,140.6304937410209,193.4830771234469,no pobre,0,4,750.0,1011.0,1.0,44.0,14,298,29625,6,0.0
98,0.0,0.0,0.0,0.0,6.0,9,140.6304937410209,193.4830771234469,no pobre,0,4,750.0,1011.0,1.0,44.0,15,298,29625,6,0.0
97,0.0,0.0,0.0,0.0,4.0,9,140.6304937410209,193.4830771234469,no pobre,0,4,750.0,1011.0,1.0,44.0,11,298,29626,4,0.0
98,0.0,0.0,0.0,1.0,5.0,9,140.6304937410209,193.4830771234469,no pobre,0,4,750.0,1011.0,1.0,44.0,12,298,29626,4,0.0
97,0.0,0.0,0.0,1.0,0.0,9,140.6304937410209,193.4830771234469,no pobre,0,4,750.0,1011.0,1.0,44.0,6,298,29627,0,1.0
98,0.0,0.0,0.0,1.0,1.0,9,140.6304937410209,193.4830771234469,no pobre,0,4,750.0,1011.0,1.0,44.0,7,298,29627,0,1.0
97,1.0,0.0,0.0,1.0,5.0,6,140.6304937410209,193.4830771234469,no pobre,0,9,750.0,1056.0,1.0,35.0,11,298,29628,5,1.0
98,1.0,0.0,0.0,1.0,6.0,6,140.6304937410209,193.4830771234469,no pobre,0,9,750.0,1056.0,1.0,35.0,12,298,29628,5,1.0
97,0.0,0.0,0.0,1.0,2.0,6,140.6304937410209,193.4830771234469,no pobre,0,9,750.0,1056.0,1.0,35.0,9,298,29629,2,1.0
98,0.0,0.0,0.0,1.0,3.0,6,140.6304937410209,193.4830771234469,no pobre,0,9,750.0,1056.0,1.0,35.0,10,298,29629,2,1.0
97,0.0,0.0,0.0,1.0,1.0,6,140.6304937410209,193.4830771234469,no pobre,0,9,750.0,1056.0,1.0,35.0,7,298,29630,1,1.0
98,0.0,0.0,0.0,1.0,2.0,6,140.6304937410209,193.4830771234469,no pobre,0,9,750.0,1056.0,1.0,35.0,8,298,29630,1,1.0
97,1.0,0.0,0.0,0.0,9.0,6,140.6304937410209,193.4830771234469,no pobre,0,3,1000.0,1215.4,1.0,59.0,16,298,29631,9,0.0
98,1.0,0.0,0.0,,,6,140.6304937410209,193.4830771234469,no pobre,0,3,1000.0,1215.4,1.0,59.0,17,298,29631,9,0.0
97,1.0,0.0,0.0,0.0,6.0,7,140.6304937410209,193.4830771234469,pobre,0,3,500.0,743.5,1.0,42.0,16,298,29632,6,0.0
98,1.0,0.0,0.0,,,7,140.6304937410209,193.4830771234469,pobre,0,3,500.0,743.5,1.0,42.0,17,298,29632,6,0.0
97,1.0,0.0,0.0,1.0,3.0,7,140.6304937410209,193.4830771234469,pobre,0,3,500.0,743.5,1.0,42.0,14,298,29633,3,1.0
98,1.0,0.0,0.0,1.0,4.0,7,140.6304937410209,193.4830771234469,pobre,0,3,500.0,743.5,1.0,42.0,15,298,29633,3,1.0
97,0.0,0.0,0.0,1.0,4.0,7,140.6304937410209,193.4830771234469,pobre,0,3,500.0,743.5,1.0,42.0,11,298,29634,4,1.0
98,0.0,0.0,0.0,1.0,5.0,7,140.6304937410209,193.4830771234469,pobre,0,3,500.0,743.5,1.0,42.0,12,298,29634,4,1.0
97,0.0,0.0,0.0,1.0,2.0,7,140.6304937410209,193.4830771234469,pobre,0,3,500.0,743.5,1.0,42.0,8,298,29635,2,1.0
98,0.0,0.0,0.0,1.0,3.0,7,140.6304937410209,193.4830771234469,pobre,0,3,500.0,743.5,1.0,42.0,9,298,29635,2,1.0
97,0.0,0.0,0.0,1.0,0.0,7,140.6304937410209,193.4830771234469,pobre,0,3,500.0,743.5,1.0,42.0,6,298,29636,0,1.0
98,0.0,0.0,0.0,1.0,1.0,7,140.6304937410209,193.4830771234469,pobre,0,3,500.0,743.5,1.0,42.0,7,298,29636,0,1.0
97,0.0,0.0,0.0,0.0,9.0,8,140.6304937410209,193.4830771234469,no pobre,0,6,750.0,1089.0,1.0,39.0,16,298,29637,9,0.0
98,0.0,0.0,0.0,,,8,140.6304937410209,193.4830771234469,no pobre,0,6,750.0,1089.0,1.0,39.0,17,298,29637,9,0.0
97,1.0,0.0,0.0,0.0,9.0,8,140.6304937410209,193.4830771234469,no pobre,0,6,750.0,1089.0,1.0,39.0,15,298,29638,9,0.0
98,1.0,0.0,0.0,0.0,9.0,8,140.6304937410209,193.4830771234469,no pobre,0,6,750.0,1089.0,1.0,39.0,16,298,29638,9,0.0
97,1.0,0.0,0.0,1.0,6.0,8,140.6304937410209,193.4830771234469,no pobre,0,6,750.0,1089.0,1.0,39.0,13,298,29639,6,1.0
98,1.0,0.0,0.0,1.0,7.0,8,140.6304937410209,193.4830771234469,no pobre,0,6,750.0,1089.0,1.0,39.0,14,298,29639,6,1.0
97,1.0,0.0,0.0,1.0,5.0,8,140.6304937410209,193.4830771234469,no pobre,0,6,750.0,1089.0,1.0,39.0,11,298,29640,5,1.0
98,1.0,0.0,0.0,1.0,6.0,8,140.6304937410209,193.4830771234469,no pobre,0,6,750.0,1089.0,1.0,39.0,12,298,29640,5,1.0
97,1.0,0.0,0.0,1.0,2.0,8,140.6304937410209,193.4830771234469,no pobre,0,6,750.0,1089.0,1.0,39.0,9,298,29641,2,1.0
98,1.0,0.0,0.0,1.0,3.0,8,140.6304937410209,193.4830771234469,no pobre,0,6,750.0,1089.0,1.0,39.0,10,298,29641,2,1.0
97,0.0,0.0,0.0,1.0,1.0,8,140.6304937410209,193.4830771234469,no pobre,0,6,750.0,1089.0,1.0,39.0,7,298,29642,1,1.0
98,0.0,0.0,0.0,1.0,2.0,8,140.6304937410209,193.4830771234469,no pobre,0,6,750.0,1089.0,1.0,39.0,8,298,29642,1,1.0
97,1.0,0.0,0.0,0.0,6.0,3,140.6304937410209,193.4830771234469,pobre,0,2,625.0,900.5,1.0,48.0,15,298,29643,6,0.0
98,1.0,0.0,0.0,,,3,140.6304937410209,193.4830771234469,pobre,0,2,625.0,900.5,1.0,48.0,16,298,29643,6,0.0
97,1.0,0.0,0.0,1.0,7.0,7,140.6304937410209,193.4830771234469,no pobre,0,3,625.0,810.0,1.0,65.0,13,298,29644,7,1.0
98,1.0,0.0,0.0,1.0,8.0,7,140.6304937410209,193.4830771234469,no pobre,0,3,625.0,810.0,1.0,65.0,14,298,29644,7,1.0
97,1.0,0.0,0.0,1.0,4.0,7,140.6304937410209,193.4830771234469,no pobre,0,3,625.0,810.0,1.0,65.0,11,298,29645,4,1.0
98,1.0,0.0,0.0,1.0,5.0,7,140.6304937410209,193.4830771234469,no pobre,0,3,625.0,810.0,1.0,65.0,12,298,29645,4,1.0
97,0.0,0.0,0.0,1.0,4.0,7,140.6304937410209,193.4830771234469,no pobre,0,3,625.0,810.0,1.0,65.0,10,298,29646,4,1.0
98,0.0,0.0,0.0,1.0,5.0,7,140.6304937410209,193.4830771234469,no pobre,0,3,625.0,810.0,1.0,65.0,11,298,29646,4,1.0
97,0.0,0.0,0.0,1.0,7.0,5,140.6304937410209,193.4830771234469,no pobre,0,2,880.0,861.5,1.0,68.0,15,298,29647,7,1.0
98,0.0,0.0,0.0,,,5,140.6304937410209,193.4830771234469,no pobre,0,2,880.0,861.5,1.0,68.0,16,298,29647,7,1.0
97,0.0,0.0,0.0,1.0,0.0,6,140.6304937410209,193.4830771234469,no pobre,0,0,400.0,890.0,1.0,59.0,6,298,29648,0,1.0
98,0.0,0.0,0.0,,,6,140.6304937410209,193.4830771234469,no pobre,0,0,400.0,890.0,1.0,59.0,7,298,29648,0,1.0
97,0.0,0.0,0.0,,0.0,4,140.6304937410209,193.4830771234469,pobre,0,0,400.0,757.0,1.0,73.0,15,298,29649,0,
98,0.0,0.0,0.0,0.0,1.0,4,140.6304937410209,193.4830771234469,pobre,0,0,400.0,757.0,1.0,73.0,16,298,29649,0,
97,1.0,0.0,0.0,1.0,4.0,4,140.6304937410209,193.4830771234469,pobre,0,0,400.0,757.0,1.0,73.0,12,298,29650,4,1.0
98,1.0,0.0,0.0,1.0,4.0,4,140.6304937410209,193.4830771234469,pobre,0,0,400.0,757.0,1.0,73.0,13,298,29650,4,1.0
97,0.0,0.0,0.0,0.0,6.0,9,140.6304937410209,193.4830771234469,no pobre,0,3,625.0,817.75,1.0,47.0,16,298,29651,6,0.0
98,0.0,0.0,0.0,,,9,140.6304937410209,193.4830771234469,no pobre,0,3,625.0,817.75,1.0,47.0,17,298,29651,6,0.0
97,1.0,0.0,0.0,1.0,5.0,9,140.6304937410209,193.4830771234469,no pobre,0,3,625.0,817.75,1.0,47.0,12,298,29652,5,1.0
98,1.0,0.0,0.0,1.0,6.0,9,140.6304937410209,193.4830771234469,no pobre,0,3,625.0,817.75,1.0,47.0,13,298,29652,5,1.0
97,0.0,0.0,0.0,1.0,3.0,9,140.6304937410209,193.4830771234469,no pobre,0,3,625.0,817.75,1.0,47.0,9,298,29653,3,1.0
98,0.0,0.0,0.0,1.0,3.0,9,140.6304937410209,193.4830771234469,no pobre,0,3,625.0,817.75,1.0,47.0,10,298,29653,3,1.0
97,1.0,0.0,0.0,1.0,0.0,9,140.6304937410209,193.4830771234469,no pobre,0,3,625.0,817.75,1.0,47.0,6,298,29654,0,1.0
98,1.0,0.0,0.0,1.0,1.0,9,140.6304937410209,193.4830771234469,no pobre,0,3,625.0,817.75,1.0,47.0,7,298,29654,0,1.0
97,1.0,0.0,0.0,0.0,9.0,7,140.6304937410209,193.4830771234469,no pobre,0,2,7200.0,998.5,1.0,46.0,16,298,29655,9,0.0
98,1.0,0.0,0.0,,,7,140.6304937410209,193.4830771234469,no pobre,0,2,7200.0,998.5,1.0,46.0,17,298,29655,9,0.0
97,0.0,0.0,0.0,1.0,5.0,7,140.6304937410209,193.4830771234469,no pobre,0,2,7200.0,998.5,1.0,46.0,12,298,29656,5,1.0
98,0.0,0.0,0.0,1.0,6.0,7,140.6304937410209,193.4830771234469,no pobre,0,2,7200.0,998.5,1.0,46.0,13,298,29656,5,1.0
97,1.0,0.0,0.0,1.0,8.0,7,140.6304937410209,193.4830771234469,no pobre,0,0,560.0,812.0,1.0,58.0,16,298,29657,8,1.0
98,1.0,0.0,0.0,,,7,140.6304937410209,193.4830771234469,no pobre,0,0,560.0,812.0,1.0,58.0,17,298,29657,8,1.0
97,0.0,0.0,0.0,1.0,8.0,7,140.6304937410209,193.4830771234469,no pobre,0,0,560.0,812.0,1.0,58.0,16,298,29658,8,1.0
98,0.0,0.0,0.0,,,7,140.6304937410209,193.4830771234469,no pobre,0,0,560.0,812.0,1.0,58.0,17,298,29658,8,1.0
97,1.0,0.0,0.0,1.0,8.0,8,140.6304937410209,193.4830771234469,no pobre,0,1,320.0,962.0,1.0,59.0,14,298,29659,8,1.0
98,1.0,0.0,0.0,0.0,9.0,8,140.6304937410209,193.4830771234469,no pobre,0,1,320.0,962.0,1.0,59.0,15,298,29659,8,1.0
97,0.0,0.0,0.0,1.0,5.0,8,140.6304937410209,193.4830771234469,no pobre,0,1,320.0,962.0,1.0,59.0,11,298,29660,5,1.0
98,0.0,0.0,0.0,1.0,6.0,8,140.6304937410209,193.4830771234469,no pobre,0,1,320.0,962.0,1.0,59.0,12,298,29660,5,1.0
97,1.0,0.0,0.0,0.0,9.0,11,140.6304937410209,193.4830771234469,pobre,0,3,600.0,772.0,1.0,48.0,16,298,29661,9,0.0
98,1.0,0.0,0.0,,,11,140.6304937410209,193.4830771234469,pobre,0,3,600.0,772.0,1.0,48.0,17,298,29661,9,0.0
97,1.0,0.0,0.0,1.0,7.0,11,140.6304937410209,193.4830771234469,pobre,0,3,600.0,772.0,1.0,48.0,13,298,29662,7,1.0
98,1.0,0.0,0.0,1.0,8.0,11,140.6304937410209,193.4830771234469,pobre,0,3,600.0,772.0,1.0,48.0,14,298,29662,7,1.0
97,0.0,0.0,0.0,1.0,5.0,11,140.6304937410209,193.4830771234469,pobre,0,3,600.0,772.0,1.0,48.0,11,298,29663,5,1.0
98,0.0,0.0,0.0,1.0,6.0,11,140.6304937410209,193.4830771234469,pobre,0,3,600.0,772.0,1.0,48.0,12,298,29663,5,1.0
97,1.0,0.0,0.0,1.0,1.0,11,140.6304937410209,193.4830771234469,pobre,0,3,600.0,772.0,1.0,48.0,8,298,29664,1,1.0
98,1.0,0.0,0.0,1.0,2.0,11,140.6304937410209,193.4830771234469,pobre,0,3,600.0,772.0,1.0,48.0,9,298,29664,1,1.0
97,0.0,0.0,0.0,1.0,7.0,8,140.6304937410209,193.4830771234469,no pobre,0,1,0.0,855.0,1.0,56.0,16,298,29665,7,1.0
98,0.0,0.0,0.0,,,8,140.6304937410209,193.4830771234469,no pobre,0,1,0.0,855.0,1.0,56.0,17,298,29665,7,1.0
97,0.0,0.0,0.0,1.0,6.0,8,140.6304937410209,193.4830771234469,no pobre,0,1,0.0,855.0,1.0,56.0,12,298,29666,6,1.0
98,0.0,0.0,0.0,1.0,7.0,8,140.6304937410209,193.4830771234469,no pobre,0,1,0.0,855.0,1.0,56.0,13,298,29666,6,1.0
97,0.0,0.0,0.0,1.0,3.0,8,140.6304937410209,193.4830771234469,no pobre,0,1,0.0,855.0,1.0,56.0,8,298,29667,3,1.0
98,0.0,0.0,0.0,1.0,4.0,8,140.6304937410209,193.4830771234469,no pobre,0,1,0.0,855.0,1.0,56.0,9,298,29667,3,1.0
97,0.0,0.0,0.0,1.0,0.0,8,140.6304937410209,193.4830771234469,no pobre,0,1,0.0,855.0,1.0,56.0,6,298,29668,0,1.0
98,0.0,0.0,0.0,1.0,1.0,8,140.6304937410209,193.4830771234469,no pobre,0,1,0.0,855.0,1.0,56.0,7,298,29668,0,1.0
97,0.0,0.0,0.0,1.0,3.0,9,140.6304937410209,193.4830771234469,pobre,0,0,600.0,560.0,1.0,54.0,11,298,29669,3,1.0
98,0.0,0.0,0.0,1.0,4.0,9,140.6304937410209,193.4830771234469,pobre,0,0,600.0,560.0,1.0,54.0,12,298,29669,3,1.0
97,0.0,0.0,0.0,1.0,3.0,9,140.6304937410209,193.4830771234469,pobre,0,0,600.0,560.0,1.0,54.0,10,298,29670,3,1.0
98,0.0,0.0,0.0,1.0,4.0,9,140.6304937410209,193.4830771234469,pobre,0,0,600.0,560.0,1.0,54.0,11,298,29670,3,1.0
97,0.0,0.0,0.0,1.0,2.0,9,140.6304937410209,193.4830771234469,pobre,0,0,600.0,560.0,1.0,54.0,8,298,29671,2,1.0
98,0.0,0.0,0.0,1.0,3.0,9,140.6304937410209,193.4830771234469,pobre,0,0,600.0,560.0,1.0,54.0,9,298,29671,2,1.0
97,0.0,0.0,0.0,1.0,0.0,9,140.6304937410209,193.4830771234469,pobre,0,0,600.0,560.0,1.0,54.0,6,298,29672,0,1.0
98,0.0,0.0,0.0,1.0,0.0,9,140.6304937410209,193.4830771234469,pobre,0,0,600.0,560.0,1.0,54.0,7,298,29672,0,1.0
97,0.0,0.0,0.0,1.0,4.0,7,140.6304937410209,193.4830771234469,pobre,0,3,625.0,605.0,1.0,38.0,10,298,29673,4,1.0
98,0.0,0.0,0.0,1.0,5.0,7,140.6304937410209,193.4830771234469,pobre,0,3,625.0,605.0,1.0,38.0,11,298,29673,4,1.0
97,1.0,0.0,0.0,1.0,2.0,7,140.6304937410209,193.4830771234469,pobre,0,3,625.0,605.0,1.0,38.0,8,298,29674,2,1.0
98,1.0,0.0,0.0,1.0,3.0,7,140.6304937410209,193.4830771234469,pobre,0,3,625.0,605.0,1.0,38.0,9,298,29674,2,1.0
97,0.0,0.0,0.0,1.0,4.0,6,140.6304937410209,193.4830771234469,pobre,0,3,625.0,796.0,1.0,49.0,11,298,29675,4,1.0
98,0.0,0.0,0.0,1.0,5.0,6,140.6304937410209,193.4830771234469,pobre,0,3,625.0,796.0,1.0,49.0,12,298,29675,4,1.0
97,0.0,0.0,0.0,1.0,2.0,6,140.6304937410209,193.4830771234469,pobre,0,3,625.0,796.0,1.0,49.0,9,298,29676,2,1.0
98,0.0,0.0,0.0,1.0,3.0,6,140.6304937410209,193.4830771234469,pobre,0,3,625.0,796.0,1.0,49.0,10,298,29676,2,1.0
97,0.0,0.0,1.796,1.0,5.0,7,89.61675500278672,255.3790381929528,pobre,basal,6,750.0,642.0,1.0,28.0,12,356,29677,5,1.0
98,0.0,0.0,1.796,1.0,6.0,7,89.61675500278672,255.3790381929528,pobre,basal,6,750.0,642.0,1.0,28.0,13,356,29677,5,1.0
97,0.0,0.0,1.796,1.0,4.0,7,89.61675500278672,255.3790381929528,pobre,basal,6,750.0,642.0,1.0,28.0,11,356,29678,4,1.0
98,0.0,0.0,1.796,1.0,5.0,7,89.61675500278672,255.3790381929528,pobre,basal,6,750.0,642.0,1.0,28.0,12,356,29678,4,1.0
97,1.0,0.0,1.796,1.0,1.0,7,89.61675500278672,255.3790381929528,pobre,basal,6,750.0,642.0,1.0,28.0,7,356,29679,1,1.0
98,1.0,0.0,1.796,1.0,2.0,7,89.61675500278672,255.3790381929528,pobre,basal,6,750.0,642.0,1.0,28.0,8,356,29679,1,1.0
97,1.0,0.0,1.796,1.0,3.0,6,89.61675500278672,255.3790381929528,pobre,basal,3,500.0,510.0,1.0,35.0,9,356,29680,3,1.0
98,1.0,0.0,1.796,1.0,4.0,6,89.61675500278672,255.3790381929528,pobre,basal,3,500.0,510.0,1.0,35.0,10,356,29680,3,1.0
97,0.0,0.0,1.796,1.0,2.0,6,89.61675500278672,255.3790381929528,pobre,basal,3,500.0,510.0,1.0,35.0,8,356,29681,2,1.0
98,0.0,0.0,1.796,1.0,3.0,6,89.61675500278672,255.3790381929528,pobre,basal,3,500.0,510.0,1.0,35.0,9,356,29681,2,1.0
97,0.0,0.0,0.0,0.0,1.0,4,140.6304937410209,193.4830771234469,pobre,0,0,500.0,771.0,1.0,74.0,13,298,29682,1,0.0
98,0.0,0.0,0.0,0.0,3.0,4,140.6304937410209,193.4830771234469,pobre,0,0,500.0,771.0,1.0,74.0,14,298,29682,1,0.0
97,1.0,0.0,0.0,0.0,9.0,9,140.6304937410209,193.4830771234469,no pobre,0,0,625.0,1051.7,1.0,42.0,15,298,29683,9,0.0
98,1.0,0.0,0.0,0.0,9.0,9,140.6304937410209,193.4830771234469,no pobre,0,0,625.0,1051.7,1.0,42.0,16,298,29683,9,0.0
97,0.0,0.0,0.0,1.0,6.0,9,140.6304937410209,193.4830771234469,no pobre,0,0,625.0,1051.7,1.0,42.0,12,298,29684,6,1.0
98,0.0,0.0,0.0,1.0,7.0,9,140.6304937410209,193.4830771234469,no pobre,0,0,625.0,1051.7,1.0,42.0,13,298,29684,6,1.0
97,1.0,0.0,0.0,1.0,5.0,9,140.6304937410209,193.4830771234469,no pobre,0,0,625.0,1051.7,1.0,42.0,10,298,29685,5,1.0
98,1.0,0.0,0.0,1.0,5.0,9,140.6304937410209,193.4830771234469,no pobre,0,0,625.0,1051.7,1.0,42.0,11,298,29685,5,1.0
97,1.0,0.0,0.0,1.0,2.0,9,140.6304937410209,193.4830771234469,no pobre,0,0,625.0,1051.7,1.0,42.0,8,298,29686,2,1.0
98,1.0,0.0,0.0,1.0,3.0,9,140.6304937410209,193.4830771234469,no pobre,0,0,625.0,1051.7,1.0,42.0,9,298,29686,2,1.0
97,1.0,0.0,0.0,1.0,8.0,5,140.6304937410209,193.4830771234469,pobre,0,3,840.0,827.0,1.0,36.0,14,298,29687,8,1.0
98,1.0,0.0,0.0,0.0,9.0,5,140.6304937410209,193.4830771234469,pobre,0,3,840.0,827.0,1.0,36.0,15,298,29687,8,1.0
97,1.0,0.0,0.0,1.0,3.0,5,140.6304937410209,193.4830771234469,pobre,0,3,840.0,827.0,1.0,36.0,12,298,29688,3,1.0
98,1.0,0.0,0.0,1.0,4.0,5,140.6304937410209,193.4830771234469,pobre,0,3,840.0,827.0,1.0,36.0,13,298,29688,3,1.0
97,0.0,0.0,0.0,1.0,4.0,5,140.6304937410209,193.4830771234469,pobre,0,3,840.0,827.0,1.0,36.0,11,298,29689,4,1.0
98,0.0,0.0,0.0,1.0,5.0,5,140.6304937410209,193.4830771234469,pobre,0,3,840.0,827.0,1.0,36.0,12,298,29689,4,1.0
97,0.0,0.0,0.0,0.0,6.0,6,140.6304937410209,193.4830771234469,pobre,0,0,500.0,734.0,1.0,62.0,16,298,29690,6,0.0
98,0.0,0.0,0.0,,,6,140.6304937410209,193.4830771234469,pobre,0,0,500.0,734.0,1.0,62.0,17,298,29690,6,0.0
97,1.0,0.0,0.0,0.0,3.0,6,140.6304937410209,193.4830771234469,pobre,0,0,500.0,734.0,1.0,62.0,14,298,29691,3,0.0
98,1.0,0.0,0.0,0.0,4.0,6,140.6304937410209,193.4830771234469,pobre,0,0,500.0,734.0,1.0,62.0,15,298,29691,3,0.0
97,0.0,0.0,0.0,1.0,5.0,6,140.6304937410209,193.4830771234469,pobre,0,0,500.0,734.0,1.0,62.0,13,298,29692,5,1.0
98,0.0,0.0,0.0,0.0,6.0,6,140.6304937410209,193.4830771234469,pobre,0,0,500.0,734.0,1.0,62.0,14,298,29692,5,1.0
97,0.0,0.0,0.0,0.0,6.0,4,140.6304937410209,193.4830771234469,pobre,0,2,500.0,788.0,1.0,54.0,16,298,29693,6,0.0
98,0.0,0.0,0.0,,,4,140.6304937410209,193.4830771234469,pobre,0,2,500.0,788.0,1.0,54.0,17,298,29693,6,0.0
97,0.0,0.0,0.0,1.0,5.0,9,140.6304937410209,193.4830771234469,no pobre,0,0,750.0,1005.6,1.0,49.0,11,298,29694,5,1.0
98,0.0,0.0,0.0,1.0,6.0,9,140.6304937410209,193.4830771234469,no pobre,0,0,750.0,1005.6,1.0,49.0,12,298,29694,5,1.0
97,0.0,0.0,0.0,1.0,4.0,9,140.6304937410209,193.4830771234469,no pobre,0,0,750.0,1005.6,1.0,49.0,10,298,29695,4,1.0
98,0.0,0.0,0.0,1.0,5.0,9,140.6304937410209,193.4830771234469,no pobre,0,0,750.0,1005.6,1.0,49.0,11,298,29695,4,1.0
97,0.0,0.0,0.0,0.0,8.0,9,140.6304937410209,193.4830771234469,no pobre,0,0,750.0,1005.6,1.0,49.0,15,298,29696,8,0.0
98,0.0,0.0,0.0,,,9,140.6304937410209,193.4830771234469,no pobre,0,0,750.0,1005.6,1.0,49.0,16,298,29696,8,0.0
97,0.0,0.0,0.0,0.0,6.0,11,140.6304937410209,193.4830771234469,pobre,0,0,750.0,737.25,1.0,55.0,16,298,29697,6,0.0
98,0.0,0.0,0.0,,,11,140.6304937410209,193.4830771234469,pobre,0,0,750.0,737.25,1.0,55.0,17,298,29697,6,0.0
97,1.0,0.0,0.0,0.0,6.0,11,140.6304937410209,193.4830771234469,pobre,0,0,750.0,737.25,1.0,55.0,15,298,29698,6,0.0
98,1.0,0.0,0.0,0.0,6.0,11,140.6304937410209,193.4830771234469,pobre,0,0,750.0,737.25,1.0,55.0,16,298,29698,6,0.0
97,0.0,0.0,0.0,1.0,4.0,11,140.6304937410209,193.4830771234469,pobre,0,0,750.0,737.25,1.0,55.0,13,298,29699,4,1.0
98,0.0,0.0,0.0,0.0,5.0,11,140.6304937410209,193.4830771234469,pobre,0,0,750.0,737.25,1.0,55.0,14,298,29699,4,1.0
97,1.0,0.0,0.0,1.0,3.0,11,140.6304937410209,193.4830771234469,pobre,0,0,750.0,737.25,1.0,55.0,11,298,29700,3,1.0
98,1.0,0.0,0.0,1.0,4.0,11,140.6304937410209,193.4830771234469,pobre,0,0,750.0,737.25,1.0,55.0,12,298,29700,3,1.0
97,1.0,0.0,0.0,1.0,1.0,11,140.6304937410209,193.4830771234469,pobre,0,0,750.0,737.25,1.0,55.0,7,298,29701,1,1.0
98,1.0,0.0,0.0,1.0,2.0,11,140.6304937410209,193.4830771234469,pobre,0,0,750.0,737.25,1.0,55.0,8,298,29701,1,1.0
97,0.0,1.0,3.8900001,0.0,6.0,4,109.0662278663913,233.7972821451503,pobre,basal,2,375.0,607.0,1.0,44.0,15,370,29702,6,0.0
98,0.0,1.0,3.8900001,0.0,6.0,4,109.0662278663913,233.7972821451503,pobre,basal,2,375.0,607.0,1.0,44.0,16,370,29702,6,0.0
97,1.0,1.0,3.8900001,1.0,3.0,4,109.0662278663913,233.7972821451503,pobre,basal,2,375.0,607.0,1.0,44.0,9,370,29703,3,1.0
98,1.0,1.0,3.8900001,1.0,4.0,4,109.0662278663913,233.7972821451503,pobre,basal,2,375.0,607.0,1.0,44.0,10,370,29703,3,1.0
97,0.0,1.0,3.8900001,0.0,6.0,4,109.0662278663913,233.7972821451503,pobre,basal,0,500.0,684.0,1.0,67.0,16,370,29704,6,0.0
98,0.0,1.0,3.8900001,,,4,109.0662278663913,233.7972821451503,pobre,basal,0,500.0,684.0,1.0,67.0,17,370,29704,6,0.0
97,1.0,1.0,3.8900001,1.0,6.0,9,109.0662278663913,233.7972821451503,pobre,basal,1,375.0,605.5,1.0,64.0,12,370,29705,6,1.0
98,1.0,1.0,3.8900001,1.0,7.0,9,109.0662278663913,233.7972821451503,pobre,basal,1,375.0,605.5,1.0,64.0,13,370,29705,6,1.0
97,0.0,1.0,3.8900001,1.0,2.0,9,109.0662278663913,233.7972821451503,pobre,basal,1,375.0,605.5,1.0,64.0,10,370,29706,2,1.0
98,0.0,1.0,3.8900001,,,9,109.0662278663913,233.7972821451503,pobre,basal,1,375.0,605.5,1.0,64.0,11,370,29706,2,1.0
97,0.0,1.0,3.8900001,1.0,2.0,9,109.0662278663913,233.7972821451503,pobre,basal,1,375.0,605.5,1.0,64.0,8,370,29707,2,1.0
98,0.0,1.0,3.8900001,,,9,109.0662278663913,233.7972821451503,pobre,basal,1,375.0,605.5,1.0,64.0,9,370,29707,2,1.0
97,1.0,1.0,3.8900001,1.0,1.0,9,109.0662278663913,233.7972821451503,pobre,basal,1,375.0,605.5,1.0,64.0,7,370,29708,1,1.0
98,1.0,1.0,3.8900001,,,9,109.0662278663913,233.7972821451503,pobre,basal,1,375.0,605.5,1.0,64.0,8,370,29708,1,1.0
97,1.0,1.0,3.8900001,0.0,2.0,9,109.0662278663913,233.7972821451503,pobre,basal,4,375.0,594.75,1.0,65.0,8,370,29709,2,0.0
98,1.0,1.0,3.8900001,,,9,109.0662278663913,233.7972821451503,pobre,basal,4,375.0,594.75,1.0,65.0,9,370,29709,2,0.0
97,0.0,1.0,3.8900001,0.0,6.0,9,109.0662278663913,233.7972821451503,pobre,basal,4,375.0,594.75,1.0,65.0,14,370,29710,6,0.0
98,0.0,1.0,3.8900001,0.0,6.0,9,109.0662278663913,233.7972821451503,pobre,basal,4,375.0,594.75,1.0,65.0,15,370,29710,6,0.0
97,0.0,1.0,3.8900001,1.0,5.0,9,109.0662278663913,233.7972821451503,pobre,basal,4,375.0,594.75,1.0,65.0,13,370,29711,5,1.0
98,0.0,1.0,3.8900001,1.0,5.0,9,109.0662278663913,233.7972821451503,pobre,basal,4,375.0,594.75,1.0,65.0,14,370,29711,5,1.0
97,1.0,1.0,3.8900001,1.0,2.0,9,109.0662278663913,233.7972821451503,pobre,basal,4,375.0,594.75,1.0,65.0,10,370,29712,2,1.0
98,1.0,1.0,3.8900001,1.0,3.0,9,109.0662278663913,233.7972821451503,pobre,basal,4,375.0,594.75,1.0,65.0,11,370,29712,2,1.0
97,0.0,1.0,3.8900001,1.0,4.0,9,109.0662278663913,233.7972821451503,pobre,basal,4,375.0,594.75,1.0,65.0,10,370,29713,4,1.0
98,0.0,1.0,3.8900001,1.0,5.0,9,109.0662278663913,233.7972821451503,pobre,basal,4,375.0,594.75,1.0,65.0,11,370,29713,4,1.0
97,0.0,1.0,3.8900001,0.0,6.0,9,109.0662278663913,233.7972821451503,pobre,basal,4,500.0,431.0,1.0,40.0,16,370,29714,6,0.0
98,0.0,1.0,3.8900001,,,9,109.0662278663913,233.7972821451503,pobre,basal,4,500.0,431.0,1.0,40.0,17,370,29714,6,0.0
97,0.0,1.0,3.8900001,1.0,7.0,9,109.0662278663913,233.7972821451503,pobre,basal,4,500.0,431.0,1.0,40.0,14,370,29715,7,1.0
98,0.0,1.0,3.8900001,0.0,9.0,9,109.0662278663913,233.7972821451503,pobre,basal,4,500.0,431.0,1.0,40.0,15,370,29715,7,1.0
97,1.0,1.0,3.8900001,1.0,6.0,9,109.0662278663913,233.7972821451503,pobre,basal,4,500.0,431.0,1.0,40.0,12,370,29716,6,1.0
98,1.0,1.0,3.8900001,1.0,7.0,9,109.0662278663913,233.7972821451503,pobre,basal,4,500.0,431.0,1.0,40.0,13,370,29716,6,1.0
97,0.0,1.0,3.8900001,1.0,4.0,9,109.0662278663913,233.7972821451503,pobre,basal,4,500.0,431.0,1.0,40.0,9,370,29717,4,1.0
98,0.0,1.0,3.8900001,1.0,5.0,9,109.0662278663913,233.7972821451503,pobre,basal,4,500.0,431.0,1.0,40.0,10,370,29717,4,1.0
97,1.0,1.0,3.8900001,1.0,0.0,9,109.0662278663913,233.7972821451503,pobre,basal,4,500.0,431.0,1.0,40.0,6,370,29718,0,1.0
98,1.0,1.0,3.8900001,1.0,1.0,9,109.0662278663913,233.7972821451503,pobre,basal,4,500.0,431.0,1.0,40.0,7,370,29718,0,1.0
97,0.0,1.0,3.8900001,1.0,6.0,7,109.0662278663913,233.7972821451503,pobre,basal,5,375.0,457.0,1.0,34.0,12,370,29719,6,1.0
98,0.0,1.0,3.8900001,1.0,7.0,7,109.0662278663913,233.7972821451503,pobre,basal,5,375.0,457.0,1.0,34.0,13,370,29719,6,1.0
97,0.0,1.0,3.8900001,1.0,2.0,7,109.0662278663913,233.7972821451503,pobre,basal,5,375.0,457.0,1.0,34.0,10,370,29720,2,1.0
98,0.0,1.0,3.8900001,1.0,3.0,7,109.0662278663913,233.7972821451503,pobre,basal,5,375.0,457.0,1.0,34.0,11,370,29720,2,1.0
97,0.0,1.0,3.8900001,1.0,1.0,7,109.0662278663913,233.7972821451503,pobre,basal,5,375.0,457.0,1.0,34.0,7,370,29721,1,1.0
98,0.0,1.0,3.8900001,1.0,2.0,7,109.0662278663913,233.7972821451503,pobre,basal,5,375.0,457.0,1.0,34.0,8,370,29721,1,1.0
97,1.0,1.0,3.8900001,1.0,8.0,6,109.0662278663913,233.7972821451503,pobre,basal,2,720.0,683.0,1.0,51.0,15,370,29722,8,1.0
98,1.0,1.0,3.8900001,0.0,9.0,6,109.0662278663913,233.7972821451503,pobre,basal,2,720.0,683.0,1.0,51.0,16,370,29722,8,1.0
97,1.0,1.0,3.8900001,1.0,4.0,6,109.0662278663913,233.7972821451503,pobre,basal,2,720.0,683.0,1.0,51.0,11,370,29723,4,1.0
98,1.0,1.0,3.8900001,1.0,5.0,6,109.0662278663913,233.7972821451503,pobre,basal,2,720.0,683.0,1.0,51.0,12,370,29723,4,1.0
97,0.0,1.0,3.8900001,1.0,4.0,7,109.0662278663913,233.7972821451503,pobre,basal,2,375.0,454.0,1.0,32.0,10,370,29724,4,1.0
98,0.0,1.0,3.8900001,1.0,5.0,7,109.0662278663913,233.7972821451503,pobre,basal,2,375.0,454.0,1.0,32.0,11,370,29724,4,1.0
97,1.0,1.0,3.8900001,1.0,2.0,7,109.0662278663913,233.7972821451503,pobre,basal,2,375.0,454.0,1.0,32.0,9,370,29725,2,1.0
98,1.0,1.0,3.8900001,1.0,3.0,7,109.0662278663913,233.7972821451503,pobre,basal,2,375.0,454.0,1.0,32.0,10,370,29725,2,1.0
97,1.0,1.0,3.8900001,1.0,0.0,7,109.0662278663913,233.7972821451503,pobre,basal,2,375.0,454.0,1.0,32.0,7,370,29726,0,1.0
98,1.0,1.0,3.8900001,1.0,1.0,7,109.0662278663913,233.7972821451503,pobre,basal,2,375.0,454.0,1.0,32.0,8,370,29726,0,1.0
97,0.0,1.0,3.8900001,1.0,1.0,7,109.0662278663913,233.7972821451503,pobre,basal,3,375.0,592.5,1.0,42.0,9,370,29727,1,1.0
98,0.0,1.0,3.8900001,1.0,2.0,7,109.0662278663913,233.7972821451503,pobre,basal,3,375.0,592.5,1.0,42.0,10,370,29727,1,1.0
97,1.0,1.0,3.8900001,1.0,3.0,7,109.0662278663913,233.7972821451503,pobre,basal,6,480.0,497.0,1.0,30.0,10,370,29728,3,1.0
98,1.0,1.0,3.8900001,1.0,4.0,7,109.0662278663913,233.7972821451503,pobre,basal,6,480.0,497.0,1.0,30.0,11,370,29728,3,1.0
97,1.0,1.0,3.8900001,1.0,2.0,7,109.0662278663913,233.7972821451503,pobre,basal,6,480.0,497.0,1.0,30.0,8,370,29729,2,1.0
98,1.0,1.0,3.8900001,1.0,3.0,7,109.0662278663913,233.7972821451503,pobre,basal,6,480.0,497.0,1.0,30.0,9,370,29729,2,1.0
97,1.0,1.0,3.8900001,1.0,0.0,7,109.0662278663913,233.7972821451503,pobre,basal,6,480.0,497.0,1.0,30.0,6,370,29730,0,1.0
98,1.0,1.0,3.8900001,1.0,1.0,7,109.0662278663913,233.7972821451503,pobre,basal,6,480.0,497.0,1.0,30.0,7,370,29730,0,1.0
97,0.0,1.0,3.8900001,0.0,6.0,9,109.0662278663913,233.7972821451503,pobre,basal,3,800.0,436.0,1.0,47.0,15,370,29731,6,0.0
98,0.0,1.0,3.8900001,,,9,109.0662278663913,233.7972821451503,pobre,basal,3,800.0,436.0,1.0,47.0,16,370,29731,6,0.0
97,1.0,1.0,3.8900001,0.0,6.0,9,109.0662278663913,233.7972821451503,pobre,basal,3,800.0,436.0,1.0,47.0,13,370,29732,6,0.0
98,1.0,1.0,3.8900001,1.0,6.0,9,109.0662278663913,233.7972821451503,pobre,basal,3,800.0,436.0,1.0,47.0,14,370,29732,6,0.0
97,1.0,1.0,3.8900001,1.0,2.0,9,109.0662278663913,233.7972821451503,pobre,basal,3,800.0,436.0,1.0,47.0,8,370,29733,2,1.0
98,1.0,1.0,3.8900001,1.0,3.0,9,109.0662278663913,233.7972821451503,pobre,basal,3,800.0,436.0,1.0,47.0,9,370,29733,2,1.0
97,1.0,0.0,1.796,1.0,8.0,6,89.61675500278672,255.3790381929528,pobre,basal,0,1200.0,787.5,1.0,48.0,16,356,29734,8,1.0
98,1.0,0.0,1.796,,,6,89.61675500278672,255.3790381929528,pobre,basal,0,1200.0,787.5,1.0,48.0,17,356,29734,8,1.0
97,0.0,0.0,1.89,1.0,3.0,5,128.1955161670884,203.8889676220904,pobre,0,5,480.0,806.0,1.0,33.0,9,321,29735,3,1.0
98,0.0,0.0,1.89,1.0,4.0,5,128.1955161670884,203.8889676220904,pobre,0,5,480.0,806.0,1.0,33.0,10,321,29735,3,1.0
97,1.0,0.0,1.89,1.0,0.0,5,128.1955161670884,203.8889676220904,pobre,0,5,480.0,806.0,1.0,33.0,6,321,29736,0,1.0
98,1.0,0.0,1.89,1.0,1.0,5,128.1955161670884,203.8889676220904,pobre,0,5,480.0,806.0,1.0,33.0,7,321,29736,0,1.0
97,0.0,0.0,1.89,0.0,9.0,13,128.1955161670884,203.8889676220904,no pobre,0,8,480.0,938.5,1.0,65.0,15,321,29737,9,0.0
98,0.0,0.0,1.89,0.0,9.0,13,128.1955161670884,203.8889676220904,no pobre,0,8,480.0,938.5,1.0,65.0,16,321,29737,9,0.0
97,1.0,0.0,1.89,1.0,8.0,6,128.1955161670884,203.8889676220904,pobre,0,6,500.0,693.0,1.0,36.0,14,321,29738,8,1.0
98,1.0,0.0,1.89,0.0,9.0,6,128.1955161670884,203.8889676220904,pobre,0,6,500.0,693.0,1.0,36.0,15,321,29738,8,1.0
97,1.0,0.0,1.89,1.0,5.0,6,128.1955161670884,203.8889676220904,pobre,0,6,500.0,693.0,1.0,36.0,11,321,29739,5,1.0
98,1.0,0.0,1.89,1.0,6.0,6,128.1955161670884,203.8889676220904,pobre,0,6,500.0,693.0,1.0,36.0,12,321,29739,5,1.0
97,0.0,0.0,1.89,1.0,1.0,6,128.1955161670884,203.8889676220904,pobre,0,6,500.0,693.0,1.0,36.0,7,321,29740,1,1.0
98,0.0,0.0,1.89,1.0,2.0,6,128.1955161670884,203.8889676220904,pobre,0,6,500.0,693.0,1.0,36.0,8,321,29740,1,1.0
97,1.0,0.0,1.89,1.0,4.0,5,128.1955161670884,203.8889676220904,no pobre,0,8,800.0,885.75,1.0,32.0,10,321,29741,4,1.0
98,1.0,0.0,1.89,1.0,5.0,5,128.1955161670884,203.8889676220904,no pobre,0,8,800.0,885.75,1.0,32.0,11,321,29741,4,1.0
97,0.0,0.0,1.89,1.0,3.0,5,128.1955161670884,203.8889676220904,no pobre,0,8,800.0,885.75,1.0,32.0,9,321,29742,3,1.0
98,0.0,0.0,1.89,1.0,4.0,5,128.1955161670884,203.8889676220904,no pobre,0,8,800.0,885.75,1.0,32.0,10,321,29742,3,1.0
97,1.0,0.0,1.89,1.0,3.0,5,128.1955161670884,203.8889676220904,pobre,0,2,480.0,698.0,1.0,35.0,11,321,29743,3,1.0
98,1.0,0.0,1.89,1.0,4.0,5,128.1955161670884,203.8889676220904,pobre,0,2,480.0,698.0,1.0,35.0,12,321,29743,3,1.0
97,0.0,0.0,1.89,1.0,2.0,5,128.1955161670884,203.8889676220904,pobre,0,2,480.0,698.0,1.0,35.0,9,321,29744,2,1.0
98,0.0,0.0,1.89,1.0,3.0,5,128.1955161670884,203.8889676220904,pobre,0,2,480.0,698.0,1.0,35.0,10,321,29744,2,1.0
97,1.0,1.0,0.0,0.0,9.0,6,132.2986472840597,194.1487926636843,pobre,0,3,1200.0,808.0,1.0,42.0,15,320,29745,9,0.0
98,1.0,1.0,0.0,1.0,10.0,6,132.2986472840597,194.1487926636843,pobre,0,3,1200.0,808.0,1.0,42.0,16,320,29745,9,0.0
97,1.0,1.0,0.0,1.0,8.0,6,132.2986472840597,194.1487926636843,pobre,0,3,1200.0,808.0,1.0,42.0,13,320,29746,8,1.0
98,1.0,1.0,0.0,1.0,8.0,6,132.2986472840597,194.1487926636843,pobre,0,3,1200.0,808.0,1.0,42.0,14,320,29746,8,1.0
97,0.0,1.0,0.0,1.0,0.0,5,132.2986472840597,194.1487926636843,pobre,0,9,625.0,652.0,1.0,28.0,8,320,29747,0,1.0
98,0.0,1.0,0.0,1.0,1.0,5,132.2986472840597,194.1487926636843,pobre,0,9,625.0,652.0,1.0,28.0,9,320,29747,0,1.0
97,1.0,1.0,0.0,1.0,3.0,6,132.2986472840597,194.1487926636843,pobre,0,9,625.0,614.0,1.0,32.0,10,320,29748,3,1.0
98,1.0,1.0,0.0,1.0,4.0,6,132.2986472840597,194.1487926636843,pobre,0,9,625.0,614.0,1.0,32.0,11,320,29748,3,1.0
97,0.0,1.0,0.0,1.0,1.0,6,132.2986472840597,194.1487926636843,pobre,0,9,625.0,614.0,1.0,32.0,8,320,29749,1,1.0
98,0.0,1.0,0.0,1.0,2.0,6,132.2986472840597,194.1487926636843,pobre,0,9,625.0,614.0,1.0,32.0,9,320,29749,1,1.0
97,0.0,1.0,0.0,1.0,0.0,7,132.2986472840597,194.1487926636843,pobre,0,0,600.0,790.25,1.0,52.0,7,320,29750,0,1.0
98,0.0,1.0,0.0,1.0,0.0,7,132.2986472840597,194.1487926636843,pobre,0,0,600.0,790.25,1.0,52.0,8,320,29750,0,1.0
97,0.0,1.0,0.0,0.0,6.0,5,132.2986472840597,194.1487926636843,pobre,0,6,1000.0,689.5,1.0,33.0,15,320,29751,6,0.0
98,0.0,1.0,0.0,,,5,132.2986472840597,194.1487926636843,pobre,0,6,1000.0,689.5,1.0,33.0,16,320,29751,6,0.0
97,1.0,1.0,0.0,1.0,6.0,5,132.2986472840597,194.1487926636843,pobre,0,6,1000.0,689.5,1.0,33.0,12,320,29752,6,1.0
98,1.0,1.0,0.0,0.0,6.0,5,132.2986472840597,194.1487926636843,pobre,0,6,1000.0,689.5,1.0,33.0,13,320,29752,6,1.0
97,0.0,1.0,0.0,1.0,2.0,5,132.2986472840597,194.1487926636843,pobre,0,6,1000.0,689.5,1.0,33.0,8,320,29753,2,1.0
98,0.0,1.0,0.0,1.0,3.0,5,132.2986472840597,194.1487926636843,pobre,0,6,1000.0,689.5,1.0,33.0,9,320,29753,2,1.0
97,0.0,1.0,0.0,1.0,7.0,6,132.2986472840597,194.1487926636843,no pobre,0,1,400.0,879.0,1.0,55.0,13,320,29754,7,1.0
98,0.0,1.0,0.0,1.0,8.0,6,132.2986472840597,194.1487926636843,no pobre,0,1,400.0,879.0,1.0,55.0,14,320,29754,7,1.0
97,1.0,1.0,0.0,1.0,8.0,9,132.2986472840597,194.1487926636843,pobre,0,2,500.0,737.33002,1.0,60.0,16,320,29755,8,1.0
98,1.0,1.0,0.0,1.0,9.0,9,132.2986472840597,194.1487926636843,pobre,0,2,500.0,737.33002,1.0,60.0,17,320,29755,8,1.0
97,1.0,1.0,0.0,1.0,5.0,9,132.2986472840597,194.1487926636843,pobre,0,2,500.0,737.33002,1.0,60.0,10,320,29756,5,1.0
98,1.0,1.0,0.0,1.0,6.0,9,132.2986472840597,194.1487926636843,pobre,0,2,500.0,737.33002,1.0,60.0,11,320,29756,5,1.0
97,0.0,1.0,0.0,1.0,4.0,9,132.2986472840597,194.1487926636843,pobre,0,2,500.0,737.33002,1.0,60.0,9,320,29757,4,1.0
98,0.0,1.0,0.0,1.0,4.0,9,132.2986472840597,194.1487926636843,pobre,0,2,500.0,737.33002,1.0,60.0,10,320,29757,4,1.0
97,0.0,1.0,0.0,,0.0,9,132.2986472840597,194.1487926636843,pobre,0,2,500.0,737.33002,1.0,60.0,6,320,29758,0,
98,0.0,1.0,0.0,1.0,1.0,9,132.2986472840597,194.1487926636843,pobre,0,2,500.0,737.33002,1.0,60.0,7,320,29758,0,
97,1.0,1.0,0.0,0.0,9.0,8,132.2986472840597,194.1487926636843,no pobre,0,2,800.0,917.0,1.0,77.0,15,320,29759,9,0.0
98,1.0,1.0,0.0,0.0,9.0,8,132.2986472840597,194.1487926636843,no pobre,0,2,800.0,917.0,1.0,77.0,16,320,29759,9,0.0
97,0.0,0.0,1.89,1.0,8.0,6,128.1955161670884,203.8889676220904,pobre,0,0,800.0,765.0,1.0,58.0,15,321,29760,8,1.0
98,0.0,0.0,1.89,1.0,9.0,6,128.1955161670884,203.8889676220904,pobre,0,0,800.0,765.0,1.0,58.0,16,321,29760,8,1.0
97,1.0,0.0,1.89,1.0,8.0,6,128.1955161670884,203.8889676220904,pobre,0,0,800.0,765.0,1.0,58.0,14,321,29761,8,1.0
98,1.0,0.0,1.89,1.0,9.0,6,128.1955161670884,203.8889676220904,pobre,0,0,800.0,765.0,1.0,58.0,15,321,29761,8,1.0
97,1.0,1.0,0.0,1.0,10.0,7,132.2986472840597,194.1487926636843,no pobre,0,6,625.0,1015.0,1.0,47.0,16,320,29762,10,1.0
98,1.0,1.0,0.0,,,7,132.2986472840597,194.1487926636843,no pobre,0,6,625.0,1015.0,1.0,47.0,17,320,29762,10,1.0
97,1.0,0.0,1.89,1.0,3.0,7,128.1955161670884,203.8889676220904,pobre,0,6,600.0,555.0,1.0,27.0,9,321,29763,3,1.0
98,1.0,0.0,1.89,1.0,3.0,7,128.1955161670884,203.8889676220904,pobre,0,6,600.0,555.0,1.0,27.0,10,321,29763,3,1.0
97,1.0,0.0,1.89,1.0,1.0,7,128.1955161670884,203.8889676220904,pobre,0,6,600.0,555.0,1.0,27.0,7,321,29764,1,1.0
98,1.0,0.0,1.89,1.0,1.0,7,128.1955161670884,203.8889676220904,pobre,0,6,600.0,555.0,1.0,27.0,8,321,29764,1,1.0
97,0.0,1.0,0.0,1.0,8.0,6,132.2986472840597,194.1487926636843,pobre,0,6,0.0,755.0,1.0,35.0,14,320,29765,8,1.0
98,0.0,1.0,0.0,0.0,9.0,6,132.2986472840597,194.1487926636843,pobre,0,6,0.0,755.0,1.0,35.0,15,320,29765,8,1.0
97,1.0,0.0,0.0,1.0,5.0,6,132.2986472840597,194.1487926636843,pobre,0,6,0.0,755.0,1.0,35.0,11,320,29766,5,1.0
98,1.0,0.0,0.0,1.0,6.0,6,132.2986472840597,194.1487926636843,pobre,0,6,0.0,755.0,1.0,35.0,12,320,29766,5,1.0
97,0.0,0.0,0.0,1.0,3.0,6,132.2986472840597,194.1487926636843,pobre,0,6,0.0,755.0,1.0,35.0,9,320,29767,3,1.0
98,0.0,0.0,0.0,1.0,4.0,6,132.2986472840597,194.1487926636843,pobre,0,6,0.0,755.0,1.0,35.0,10,320,29767,3,1.0
97,0.0,1.0,0.0,1.0,1.0,4,132.2986472840597,194.1487926636843,pobre,0,3,600.0,604.0,1.0,36.0,8,320,29768,1,1.0
98,0.0,1.0,0.0,1.0,2.0,4,132.2986472840597,194.1487926636843,pobre,0,3,600.0,604.0,1.0,36.0,9,320,29768,1,1.0
97,0.0,1.0,0.0,1.0,7.0,4,132.2986472840597,194.1487926636843,pobre,0,9,1120.0,709.0,1.0,43.0,13,320,29769,7,1.0
98,0.0,1.0,0.0,1.0,8.0,4,132.2986472840597,194.1487926636843,pobre,0,9,1120.0,709.0,1.0,43.0,14,320,29769,7,1.0
97,0.0,1.0,0.0,1.0,8.0,7,132.2986472840597,194.1487926636843,pobre,0,4,800.0,727.5,1.0,37.0,15,320,29770,8,1.0
98,0.0,1.0,0.0,1.0,9.0,7,132.2986472840597,194.1487926636843,pobre,0,4,800.0,727.5,1.0,37.0,16,320,29770,8,1.0
97,0.0,1.0,0.0,1.0,6.0,7,132.2986472840597,194.1487926636843,pobre,0,4,800.0,727.5,1.0,37.0,13,320,29771,6,1.0
98,0.0,1.0,0.0,1.0,7.0,7,132.2986472840597,194.1487926636843,pobre,0,4,800.0,727.5,1.0,37.0,14,320,29771,6,1.0
97,0.0,1.0,0.0,1.0,3.0,7,132.2986472840597,194.1487926636843,pobre,0,4,800.0,727.5,1.0,37.0,9,320,29772,3,1.0
98,0.0,1.0,0.0,1.0,4.0,7,132.2986472840597,194.1487926636843,pobre,0,4,800.0,727.5,1.0,37.0,10,320,29772,3,1.0
97,1.0,1.0,0.0,0.0,9.0,6,132.2986472840597,194.1487926636843,no pobre,0,3,500.0,922.5,1.0,45.0,16,320,29773,9,0.0
98,1.0,1.0,0.0,,,6,132.2986472840597,194.1487926636843,no pobre,0,3,500.0,922.5,1.0,45.0,17,320,29773,9,0.0
97,1.0,1.0,0.0,1.0,5.0,6,132.2986472840597,194.1487926636843,pobre,0,0,0.0,658.0,0.0,87.0,11,320,29774,5,1.0
98,1.0,1.0,0.0,1.0,6.0,6,132.2986472840597,194.1487926636843,pobre,0,0,0.0,658.0,0.0,87.0,12,320,29774,5,1.0
97,0.0,1.0,0.0,1.0,0.0,6,132.2986472840597,194.1487926636843,pobre,0,0,0.0,658.0,0.0,87.0,6,320,29775,0,1.0
98,0.0,1.0,0.0,1.0,1.0,6,132.2986472840597,194.1487926636843,pobre,0,0,0.0,658.0,0.0,87.0,7,320,29775,0,1.0
97,0.0,1.0,0.0,1.0,8.0,11,132.2986472840597,194.1487926636843,pobre,0,1,0.0,843.25,0.0,72.0,14,320,29776,8,1.0
98,0.0,1.0,0.0,0.0,9.0,11,132.2986472840597,194.1487926636843,pobre,0,1,0.0,843.25,0.0,72.0,15,320,29776,8,1.0
97,1.0,1.0,0.0,1.0,2.0,11,132.2986472840597,194.1487926636843,pobre,0,1,0.0,843.25,0.0,72.0,8,320,29777,2,1.0
98,1.0,1.0,0.0,1.0,2.0,11,132.2986472840597,194.1487926636843,pobre,0,1,0.0,843.25,0.0,72.0,9,320,29777,2,1.0
97,0.0,1.0,0.0,1.0,2.0,6,132.2986472840597,194.1487926636843,no pobre,0,3,750.0,803.0,1.0,69.0,8,320,29778,2,1.0
98,0.0,1.0,0.0,1.0,3.0,6,132.2986472840597,194.1487926636843,no pobre,0,3,750.0,803.0,1.0,69.0,9,320,29778,2,1.0
97,1.0,1.0,0.0,1.0,1.0,6,132.2986472840597,194.1487926636843,no pobre,0,3,750.0,803.0,1.0,69.0,7,320,29779,1,1.0
98,1.0,1.0,0.0,1.0,2.0,6,132.2986472840597,194.1487926636843,no pobre,0,3,750.0,803.0,1.0,69.0,8,320,29779,1,1.0
97,1.0,1.0,0.0,1.0,1.0,4,132.2986472840597,194.1487926636843,no pobre,0,2,58.333332,782.0,1.0,55.0,7,320,29780,1,1.0
98,1.0,1.0,0.0,1.0,2.0,4,132.2986472840597,194.1487926636843,no pobre,0,2,58.333332,782.0,1.0,55.0,8,320,29780,1,1.0
97,1.0,1.0,0.0,1.0,4.0,7,132.2986472840597,194.1487926636843,pobre,0,3,625.0,758.5,1.0,51.0,11,320,29781,4,1.0
98,1.0,1.0,0.0,1.0,5.0,7,132.2986472840597,194.1487926636843,pobre,0,3,625.0,758.5,1.0,51.0,12,320,29781,4,1.0
97,0.0,1.0,0.0,1.0,1.0,7,132.2986472840597,194.1487926636843,pobre,0,3,625.0,758.5,1.0,51.0,7,320,29782,1,1.0
98,0.0,1.0,0.0,1.0,2.0,7,132.2986472840597,194.1487926636843,pobre,0,3,625.0,758.5,1.0,51.0,8,320,29782,1,1.0
97,1.0,1.0,0.0,1.0,9.0,13,132.2986472840597,194.1487926636843,pobre,0,2,416.66666,851.75,1.0,62.0,16,320,29783,9,1.0
98,1.0,1.0,0.0,,,13,132.2986472840597,194.1487926636843,pobre,0,2,416.66666,851.75,1.0,62.0,17,320,29783,9,1.0
97,1.0,1.0,0.0,1.0,1.0,13,132.2986472840597,194.1487926636843,pobre,0,2,416.66666,851.75,1.0,62.0,7,320,29784,1,1.0
98,1.0,1.0,0.0,1.0,2.0,13,132.2986472840597,194.1487926636843,pobre,0,2,416.66666,851.75,1.0,62.0,8,320,29784,1,1.0
97,1.0,1.0,0.0,1.0,3.0,13,132.2986472840597,194.1487926636843,pobre,0,2,416.66666,851.75,1.0,62.0,9,320,29785,3,1.0
98,1.0,1.0,0.0,1.0,4.0,13,132.2986472840597,194.1487926636843,pobre,0,2,416.66666,851.75,1.0,62.0,10,320,29785,3,1.0
97,1.0,1.0,0.0,0.0,9.0,6,132.2986472840597,194.1487926636843,no pobre,0,5,2600.0,961.0,1.0,42.0,16,320,29786,9,0.0
98,1.0,1.0,0.0,,,6,132.2986472840597,194.1487926636843,no pobre,0,5,2600.0,961.0,1.0,42.0,17,320,29786,9,0.0
97,1.0,1.0,0.0,1.0,6.0,6,132.2986472840597,194.1487926636843,no pobre,0,5,2600.0,961.0,1.0,42.0,12,320,29787,6,1.0
98,1.0,1.0,0.0,1.0,7.0,6,132.2986472840597,194.1487926636843,no pobre,0,5,2600.0,961.0,1.0,42.0,13,320,29787,6,1.0
97,1.0,1.0,0.0,1.0,8.0,8,132.2986472840597,194.1487926636843,pobre,0,3,166.66667,841.0,1.0,43.0,15,320,29788,8,1.0
98,1.0,1.0,0.0,0.0,9.0,8,132.2986472840597,194.1487926636843,pobre,0,3,166.66667,841.0,1.0,43.0,16,320,29788,8,1.0
97,1.0,1.0,0.0,1.0,8.0,6,132.2986472840597,194.1487926636843,pobre,0,2,750.0,805.0,1.0,54.0,16,320,29789,8,1.0
98,1.0,1.0,0.0,,,6,132.2986472840597,194.1487926636843,pobre,0,2,750.0,805.0,1.0,54.0,17,320,29789,8,1.0
97,0.0,1.0,0.0,1.0,7.0,6,132.2986472840597,194.1487926636843,pobre,0,2,750.0,805.0,1.0,54.0,14,320,29790,7,1.0
98,0.0,1.0,0.0,1.0,8.0,6,132.2986472840597,194.1487926636843,pobre,0,2,750.0,805.0,1.0,54.0,15,320,29790,7,1.0
97,1.0,1.0,0.0,1.0,2.0,6,132.2986472840597,194.1487926636843,pobre,0,2,750.0,805.0,1.0,54.0,10,320,29791,2,1.0
98,1.0,1.0,0.0,1.0,3.0,6,132.2986472840597,194.1487926636843,pobre,0,2,750.0,805.0,1.0,54.0,11,320,29791,2,1.0
97,0.0,1.0,0.0,1.0,2.0,4,132.2986472840597,194.1487926636843,pobre,0,5,750.0,819.0,1.0,30.0,8,320,29792,2,1.0
98,0.0,1.0,0.0,1.0,3.0,4,132.2986472840597,194.1487926636843,pobre,0,5,750.0,819.0,1.0,30.0,9,320,29792,2,1.0
97,0.0,1.0,0.0,0.0,9.0,7,132.2986472840597,194.1487926636843,no pobre,0,2,500.0,858.25,1.0,46.0,15,320,29793,9,0.0
98,0.0,1.0,0.0,0.0,9.0,7,132.2986472840597,194.1487926636843,no pobre,0,2,500.0,858.25,1.0,46.0,16,320,29793,9,0.0
97,0.0,1.0,0.0,0.0,8.0,7,132.2986472840597,194.1487926636843,no pobre,0,2,500.0,858.25,1.0,46.0,14,320,29794,8,0.0
98,0.0,1.0,0.0,1.0,8.0,7,132.2986472840597,194.1487926636843,no pobre,0,2,500.0,858.25,1.0,46.0,15,320,29794,8,0.0
97,0.0,1.0,0.0,1.0,5.0,7,132.2986472840597,194.1487926636843,no pobre,0,2,500.0,858.25,1.0,46.0,12,320,29795,5,1.0
98,0.0,1.0,0.0,1.0,6.0,7,132.2986472840597,194.1487926636843,no pobre,0,2,500.0,858.25,1.0,46.0,13,320,29795,5,1.0
97,1.0,1.0,0.0,1.0,9.0,3,132.2986472840597,194.1487926636843,no pobre,0,3,166.66667,988.0,1.0,51.0,16,320,29796,9,1.0
98,1.0,1.0,0.0,,,3,132.2986472840597,194.1487926636843,no pobre,0,3,166.66667,988.0,1.0,51.0,17,320,29796,9,1.0
97,0.0,1.0,0.0,0.0,9.0,8,132.2986472840597,194.1487926636843,no pobre,0,6,166.66667,846.0,1.0,46.0,16,320,29797,9,0.0
98,0.0,1.0,0.0,,,8,132.2986472840597,194.1487926636843,no pobre,0,6,166.66667,846.0,1.0,46.0,17,320,29797,9,0.0
97,0.0,1.0,0.0,1.0,5.0,8,132.2986472840597,194.1487926636843,no pobre,0,6,166.66667,846.0,1.0,46.0,12,320,29798,5,1.0
98,0.0,1.0,0.0,1.0,6.0,8,132.2986472840597,194.1487926636843,no pobre,0,6,166.66667,846.0,1.0,46.0,13,320,29798,5,1.0
97,1.0,1.0,0.0,1.0,3.0,8,132.2986472840597,194.1487926636843,no pobre,0,6,166.66667,846.0,1.0,46.0,10,320,29799,3,1.0
98,1.0,1.0,0.0,1.0,4.0,8,132.2986472840597,194.1487926636843,no pobre,0,6,166.66667,846.0,1.0,46.0,11,320,29799,3,1.0
97,1.0,0.0,0.0,1.0,1.0,7,116.7135899961054,116.7135899961054,pobre,0,2,0.0,715.0,1.0,35.0,7,340,29800,1,1.0
98,1.0,0.0,0.0,1.0,1.0,7,116.7135899961054,116.7135899961054,pobre,0,2,0.0,715.0,1.0,35.0,8,340,29800,1,1.0
97,0.0,0.0,0.0,0.0,9.0,14,116.7135899961054,116.7135899961054,no pobre,0,0,0.0,903.0,1.0,52.0,16,340,29801,9,0.0
98,0.0,0.0,0.0,,,14,116.7135899961054,116.7135899961054,no pobre,0,0,0.0,903.0,1.0,52.0,17,340,29801,9,0.0
97,0.0,0.0,0.0,0.0,6.0,14,116.7135899961054,116.7135899961054,no pobre,0,0,0.0,903.0,1.0,52.0,14,340,29802,6,0.0
98,0.0,0.0,0.0,0.0,6.0,14,116.7135899961054,116.7135899961054,no pobre,0,0,0.0,903.0,1.0,52.0,15,340,29802,6,0.0
97,0.0,0.0,0.0,1.0,4.0,14,116.7135899961054,116.7135899961054,no pobre,0,0,0.0,903.0,1.0,52.0,12,340,29803,4,1.0
98,0.0,0.0,0.0,1.0,5.0,14,116.7135899961054,116.7135899961054,no pobre,0,0,0.0,903.0,1.0,52.0,13,340,29803,4,1.0
97,0.0,0.0,0.0,1.0,2.0,14,116.7135899961054,116.7135899961054,no pobre,0,0,0.0,903.0,1.0,52.0,11,340,29804,2,1.0
98,0.0,0.0,0.0,1.0,3.0,14,116.7135899961054,116.7135899961054,no pobre,0,0,0.0,903.0,1.0,52.0,12,340,29804,2,1.0
97,0.0,0.0,0.0,0.0,6.0,14,116.7135899961054,116.7135899961054,no pobre,0,0,0.0,903.0,1.0,52.0,16,340,29805,6,0.0
98,0.0,0.0,0.0,,,14,116.7135899961054,116.7135899961054,no pobre,0,0,0.0,903.0,1.0,52.0,17,340,29805,6,0.0
97,0.0,0.0,0.0,1.0,3.0,8,116.7135899961054,116.7135899961054,pobre,0,0,0.0,951.0,1.0,63.0,8,340,29806,3,1.0
98,0.0,0.0,0.0,1.0,3.0,8,116.7135899961054,116.7135899961054,pobre,0,0,0.0,951.0,1.0,63.0,9,340,29806,3,1.0
97,1.0,0.0,0.0,1.0,4.0,8,116.7135899961054,116.7135899961054,pobre,0,0,0.0,951.0,1.0,63.0,9,340,29807,4,1.0
98,1.0,0.0,0.0,1.0,4.0,8,116.7135899961054,116.7135899961054,pobre,0,0,0.0,951.0,1.0,63.0,10,340,29807,4,1.0
97,1.0,0.0,0.0,1.0,1.0,8,116.7135899961054,116.7135899961054,no pobre,0,3,0.0,844.20001,0.0,45.0,7,340,29808,1,1.0
98,1.0,0.0,0.0,1.0,2.0,8,116.7135899961054,116.7135899961054,no pobre,0,3,0.0,844.20001,0.0,45.0,8,340,29808,1,1.0
97,0.0,0.0,0.0,0.0,5.0,7,116.7135899961054,116.7135899961054,pobre,0,3,0.0,613.0,1.0,37.0,15,340,29809,5,0.0
98,0.0,0.0,0.0,0.0,6.0,7,116.7135899961054,116.7135899961054,pobre,0,3,0.0,613.0,1.0,37.0,16,340,29809,5,0.0
97,0.0,0.0,0.0,1.0,4.0,7,116.7135899961054,116.7135899961054,pobre,0,3,0.0,613.0,1.0,37.0,12,340,29810,4,1.0
98,0.0,0.0,0.0,1.0,5.0,7,116.7135899961054,116.7135899961054,pobre,0,3,0.0,613.0,1.0,37.0,13,340,29810,4,1.0
97,1.0,0.0,0.0,1.0,3.0,7,116.7135899961054,116.7135899961054,pobre,0,3,0.0,613.0,1.0,37.0,10,340,29811,3,1.0
98,1.0,0.0,0.0,1.0,4.0,7,116.7135899961054,116.7135899961054,pobre,0,3,0.0,613.0,1.0,37.0,11,340,29811,3,1.0
97,0.0,0.0,0.0,1.0,1.0,7,116.7135899961054,116.7135899961054,pobre,0,3,0.0,613.0,1.0,37.0,7,340,29812,1,1.0
98,0.0,0.0,0.0,1.0,2.0,7,116.7135899961054,116.7135899961054,pobre,0,3,0.0,613.0,1.0,37.0,8,340,29812,1,1.0
97,1.0,0.0,0.0,1.0,6.0,2,116.7135899961054,116.7135899961054,no pobre,0,3,0.0,851.0,0.0,54.0,13,340,29813,6,1.0
98,1.0,0.0,0.0,1.0,7.0,2,116.7135899961054,116.7135899961054,no pobre,0,3,0.0,851.0,0.0,54.0,14,340,29813,6,1.0
97,1.0,0.0,0.0,1.0,8.0,5,116.7135899961054,116.7135899961054,no pobre,0,3,600.0,851.0,0.0,35.0,14,340,29814,8,1.0
98,1.0,0.0,0.0,0.0,9.0,5,116.7135899961054,116.7135899961054,no pobre,0,3,600.0,851.0,0.0,35.0,15,340,29814,8,1.0
97,1.0,0.0,0.0,0.0,5.0,7,116.7135899961054,116.7135899961054,no pobre,0,3,300.0,895.0,1.0,56.0,15,340,29815,5,0.0
98,1.0,0.0,0.0,0.0,5.0,7,116.7135899961054,116.7135899961054,no pobre,0,3,300.0,895.0,1.0,56.0,16,340,29815,5,0.0
97,1.0,0.0,0.0,0.0,6.0,6,116.7135899961054,116.7135899961054,pobre,0,1,0.0,640.0,1.0,33.0,14,340,29816,6,0.0
98,1.0,0.0,0.0,0.0,6.0,6,116.7135899961054,116.7135899961054,pobre,0,1,0.0,640.0,1.0,33.0,15,340,29816,6,0.0
97,1.0,0.0,0.0,1.0,2.0,6,116.7135899961054,116.7135899961054,pobre,0,1,0.0,640.0,1.0,33.0,9,340,29817,2,1.0
98,1.0,0.0,0.0,1.0,2.0,6,116.7135899961054,116.7135899961054,pobre,0,1,0.0,640.0,1.0,33.0,10,340,29817,2,1.0
97,1.0,0.0,0.0,1.0,8.0,4,116.7135899961054,116.7135899961054,no pobre,0,0,0.0,800.0,1.0,73.0,15,340,29818,8,1.0
98,1.0,0.0,0.0,0.0,9.0,4,116.7135899961054,116.7135899961054,no pobre,0,0,0.0,800.0,1.0,73.0,16,340,29818,8,1.0
97,1.0,0.0,0.0,1.0,1.0,4,116.7135899961054,116.7135899961054,no pobre,0,6,0.0,865.33002,1.0,33.0,7,340,29819,1,1.0
98,1.0,0.0,0.0,1.0,2.0,4,116.7135899961054,116.7135899961054,no pobre,0,6,0.0,865.33002,1.0,33.0,8,340,29819,1,1.0
97,0.0,0.0,0.0,1.0,6.0,6,116.7135899961054,116.7135899961054,pobre,0,9,0.0,717.0,1.0,36.0,12,340,29820,6,1.0
98,0.0,0.0,0.0,1.0,7.0,6,116.7135899961054,116.7135899961054,pobre,0,9,0.0,717.0,1.0,36.0,13,340,29820,6,1.0
97,0.0,0.0,0.0,1.0,4.0,6,116.7135899961054,116.7135899961054,pobre,0,9,0.0,717.0,1.0,36.0,10,340,29821,4,1.0
98,0.0,0.0,0.0,1.0,5.0,6,116.7135899961054,116.7135899961054,pobre,0,9,0.0,717.0,1.0,36.0,11,340,29821,4,1.0
97,1.0,0.0,0.0,1.0,1.0,6,116.7135899961054,116.7135899961054,pobre,0,9,0.0,717.0,1.0,36.0,7,340,29822,1,1.0
98,1.0,0.0,0.0,1.0,2.0,6,116.7135899961054,116.7135899961054,pobre,0,9,0.0,717.0,1.0,36.0,8,340,29822,1,1.0
97,1.0,0.0,0.0,1.0,4.0,8,116.7135899961054,116.7135899961054,pobre,0,6,0.0,768.0,1.0,36.0,10,340,29823,4,1.0
98,1.0,0.0,0.0,1.0,5.0,8,116.7135899961054,116.7135899961054,pobre,0,6,0.0,768.0,1.0,36.0,11,340,29823,4,1.0
97,0.0,0.0,0.0,1.0,7.0,6,116.7135899961054,116.7135899961054,no pobre,0,3,0.0,786.0,1.0,39.0,13,340,29824,7,1.0
98,0.0,0.0,0.0,,,6,116.7135899961054,116.7135899961054,no pobre,0,3,0.0,786.0,1.0,39.0,14,340,29824,7,1.0
97,1.0,0.0,0.0,1.0,4.0,6,116.7135899961054,116.7135899961054,no pobre,0,3,0.0,786.0,1.0,39.0,12,340,29825,4,1.0
98,1.0,0.0,0.0,1.0,5.0,6,116.7135899961054,116.7135899961054,no pobre,0,3,0.0,786.0,1.0,39.0,13,340,29825,4,1.0
97,1.0,0.0,0.0,0.0,9.0,7,116.7135899961054,116.7135899961054,no pobre,0,2,0.0,873.5,1.0,43.0,16,340,29826,9,0.0
98,1.0,0.0,0.0,,,7,116.7135899961054,116.7135899961054,no pobre,0,2,0.0,873.5,1.0,43.0,17,340,29826,9,0.0
97,1.0,0.0,0.0,1.0,5.0,7,116.7135899961054,116.7135899961054,no pobre,0,2,0.0,873.5,1.0,43.0,15,340,29827,5,1.0
98,1.0,0.0,0.0,0.0,6.0,7,116.7135899961054,116.7135899961054,no pobre,0,2,0.0,873.5,1.0,43.0,16,340,29827,5,1.0
97,0.0,0.0,0.0,1.0,8.0,7,116.7135899961054,116.7135899961054,no pobre,0,2,0.0,873.5,1.0,43.0,14,340,29828,8,1.0
98,0.0,0.0,0.0,0.0,9.0,7,116.7135899961054,116.7135899961054,no pobre,0,2,0.0,873.5,1.0,43.0,15,340,29828,8,1.0
97,0.0,0.0,0.0,1.0,3.0,7,116.7135899961054,116.7135899961054,no pobre,0,2,0.0,873.5,1.0,43.0,9,340,29829,3,1.0
98,0.0,0.0,0.0,1.0,4.0,7,116.7135899961054,116.7135899961054,no pobre,0,2,0.0,873.5,1.0,43.0,10,340,29829,3,1.0
97,1.0,0.0,0.0,1.0,7.0,10,116.7135899961054,116.7135899961054,pobre,0,2,400.0,787.0,1.0,51.0,15,340,29830,7,1.0
98,1.0,0.0,0.0,,,10,116.7135899961054,116.7135899961054,pobre,0,2,400.0,787.0,1.0,51.0,16,340,29830,7,1.0
97,0.0,0.0,0.0,1.0,3.0,10,116.7135899961054,116.7135899961054,pobre,0,2,400.0,787.0,1.0,51.0,11,340,29831,3,1.0
98,0.0,0.0,0.0,1.0,4.0,10,116.7135899961054,116.7135899961054,pobre,0,2,400.0,787.0,1.0,51.0,12,340,29831,3,1.0
97,1.0,0.0,0.0,1.0,1.0,10,116.7135899961054,116.7135899961054,pobre,0,2,400.0,787.0,1.0,51.0,10,340,29832,1,1.0
98,1.0,0.0,0.0,1.0,2.0,10,116.7135899961054,116.7135899961054,pobre,0,2,400.0,787.0,1.0,51.0,11,340,29832,1,1.0
97,1.0,0.0,0.0,1.0,1.0,10,116.7135899961054,116.7135899961054,pobre,0,2,400.0,787.0,1.0,51.0,8,340,29833,1,1.0
98,1.0,0.0,0.0,1.0,2.0,10,116.7135899961054,116.7135899961054,pobre,0,2,400.0,787.0,1.0,51.0,9,340,29833,1,1.0
97,1.0,1.0,0.0,1.0,5.0,6,132.2986472840597,194.1487926636843,pobre,0,4,480.0,645.0,1.0,34.0,12,320,29834,5,1.0
98,1.0,1.0,0.0,1.0,6.0,6,132.2986472840597,194.1487926636843,pobre,0,4,480.0,645.0,1.0,34.0,13,320,29834,5,1.0
97,0.0,1.0,0.0,1.0,4.0,6,132.2986472840597,194.1487926636843,pobre,0,4,480.0,645.0,1.0,34.0,10,320,29835,4,1.0
98,0.0,1.0,0.0,1.0,4.0,6,132.2986472840597,194.1487926636843,pobre,0,4,480.0,645.0,1.0,34.0,11,320,29835,4,1.0
97,0.0,1.0,0.0,1.0,1.0,6,132.2986472840597,194.1487926636843,pobre,0,4,480.0,645.0,1.0,34.0,7,320,29836,1,1.0
98,0.0,1.0,0.0,1.0,2.0,6,132.2986472840597,194.1487926636843,pobre,0,4,480.0,645.0,1.0,34.0,8,320,29836,1,1.0
97,0.0,1.0,0.0,1.0,2.0,5,132.2986472840597,194.1487926636843,no pobre,0,7,480.0,796.5,1.0,26.0,8,320,29837,2,1.0
98,0.0,1.0,0.0,1.0,3.0,5,132.2986472840597,194.1487926636843,no pobre,0,7,480.0,796.5,1.0,26.0,9,320,29837,2,1.0
97,1.0,1.0,0.0,1.0,0.0,5,132.2986472840597,194.1487926636843,no pobre,0,7,480.0,796.5,1.0,26.0,6,320,29838,0,1.0
98,1.0,1.0,0.0,1.0,1.0,5,132.2986472840597,194.1487926636843,no pobre,0,7,480.0,796.5,1.0,26.0,7,320,29838,0,1.0
97,1.0,1.0,0.0,1.0,0.0,5,132.2986472840597,194.1487926636843,no pobre,0,7,480.0,796.5,1.0,26.0,6,320,29839,0,1.0
98,1.0,1.0,0.0,1.0,1.0,5,132.2986472840597,194.1487926636843,no pobre,0,7,480.0,796.5,1.0,26.0,7,320,29839,0,1.0
97,0.0,1.0,0.0,0.0,4.0,6,132.2986472840597,194.1487926636843,no pobre,0,3,0.0,768.0,1.0,46.0,16,320,29840,4,0.0
98,0.0,1.0,0.0,,,6,132.2986472840597,194.1487926636843,no pobre,0,3,0.0,768.0,1.0,46.0,17,320,29840,4,0.0
97,0.0,1.0,0.0,1.0,2.0,6,132.2986472840597,194.1487926636843,no pobre,0,3,0.0,768.0,1.0,46.0,8,320,29841,2,1.0
98,0.0,1.0,0.0,1.0,3.0,6,132.2986472840597,194.1487926636843,no pobre,0,3,0.0,768.0,1.0,46.0,9,320,29841,2,1.0
97,1.0,1.0,0.0,1.0,8.0,5,132.2986472840597,194.1487926636843,pobre,0,5,625.0,716.0,1.0,33.0,14,320,29842,8,1.0
98,1.0,1.0,0.0,0.0,9.0,5,132.2986472840597,194.1487926636843,pobre,0,5,625.0,716.0,1.0,33.0,15,320,29842,8,1.0
97,1.0,1.0,0.0,1.0,6.0,5,132.2986472840597,194.1487926636843,pobre,0,5,625.0,716.0,1.0,33.0,12,320,29843,6,1.0
98,1.0,1.0,0.0,1.0,7.0,5,132.2986472840597,194.1487926636843,pobre,0,5,625.0,716.0,1.0,33.0,13,320,29843,6,1.0
97,0.0,1.0,0.0,1.0,4.0,5,132.2986472840597,194.1487926636843,pobre,0,5,625.0,716.0,1.0,33.0,11,320,29844,4,1.0
98,0.0,1.0,0.0,1.0,5.0,5,132.2986472840597,194.1487926636843,pobre,0,5,625.0,716.0,1.0,33.0,12,320,29844,4,1.0
97,0.0,1.0,0.0,1.0,2.0,6,132.2986472840597,194.1487926636843,pobre,0,3,0.0,690.0,1.0,61.0,8,320,29845,2,1.0
98,0.0,1.0,0.0,1.0,3.0,6,132.2986472840597,194.1487926636843,pobre,0,3,0.0,690.0,1.0,61.0,9,320,29845,2,1.0
97,0.0,1.0,0.0,1.0,7.0,5,132.2986472840597,194.1487926636843,no pobre,0,2,625.0,959.0,0.0,48.0,15,320,29846,7,1.0
98,0.0,1.0,0.0,1.0,8.0,5,132.2986472840597,194.1487926636843,no pobre,0,2,625.0,959.0,0.0,48.0,16,320,29846,7,1.0
97,0.0,1.0,0.0,1.0,7.0,6,132.2986472840597,194.1487926636843,pobre,0,3,600.0,648.0,1.0,33.0,13,320,29847,7,1.0
98,0.0,1.0,0.0,1.0,8.0,6,132.2986472840597,194.1487926636843,pobre,0,3,600.0,648.0,1.0,33.0,14,320,29847,7,1.0
97,0.0,1.0,0.0,1.0,5.0,6,132.2986472840597,194.1487926636843,pobre,0,3,600.0,648.0,1.0,33.0,11,320,29848,5,1.0
98,0.0,1.0,0.0,1.0,6.0,6,132.2986472840597,194.1487926636843,pobre,0,3,600.0,648.0,1.0,33.0,12,320,29848,5,1.0
97,0.0,1.0,0.0,1.0,1.0,6,132.2986472840597,194.1487926636843,pobre,0,3,600.0,648.0,1.0,33.0,7,320,29849,1,1.0
98,0.0,1.0,0.0,1.0,2.0,6,132.2986472840597,194.1487926636843,pobre,0,3,600.0,648.0,1.0,33.0,8,320,29849,1,1.0
97,1.0,1.0,0.0,1.0,8.0,10,132.2986472840597,194.1487926636843,no pobre,0,3,750.0,879.0,1.0,46.0,16,320,29850,8,1.0
98,1.0,1.0,0.0,,,10,132.2986472840597,194.1487926636843,no pobre,0,3,750.0,879.0,1.0,46.0,17,320,29850,8,1.0
97,0.0,1.0,0.0,1.0,7.0,10,132.2986472840597,194.1487926636843,no pobre,0,3,750.0,879.0,1.0,46.0,13,320,29851,7,1.0
98,0.0,1.0,0.0,1.0,8.0,10,132.2986472840597,194.1487926636843,no pobre,0,3,750.0,879.0,1.0,46.0,14,320,29851,7,1.0
97,0.0,1.0,0.0,1.0,1.0,7,149.4942086436585,271.1014163128838,pobre,basal,3,500.0,615.0,1.0,49.0,7,436,29852,1,1.0
98,0.0,1.0,0.0,1.0,2.0,7,149.4942086436585,271.1014163128838,pobre,basal,3,500.0,615.0,1.0,49.0,8,436,29852,1,1.0
97,0.0,1.0,0.0,1.0,6.0,5,149.4942086436585,271.1014163128838,pobre,basal,6,0.0,776.0,0.0,37.0,14,436,29853,6,1.0
98,0.0,1.0,0.0,1.0,7.0,5,149.4942086436585,271.1014163128838,pobre,basal,6,0.0,776.0,0.0,37.0,15,436,29853,6,1.0
97,0.0,1.0,0.0,1.0,3.0,5,149.4942086436585,271.1014163128838,pobre,basal,6,0.0,776.0,0.0,37.0,11,436,29854,3,1.0
98,0.0,1.0,0.0,1.0,4.0,5,149.4942086436585,271.1014163128838,pobre,basal,6,0.0,776.0,0.0,37.0,12,436,29854,3,1.0
97,1.0,1.0,0.0,1.0,1.0,5,149.4942086436585,271.1014163128838,pobre,basal,6,0.0,776.0,0.0,37.0,7,436,29855,1,1.0
98,1.0,1.0,0.0,1.0,2.0,5,149.4942086436585,271.1014163128838,pobre,basal,6,0.0,776.0,0.0,37.0,8,436,29855,1,1.0
97,1.0,1.0,0.0,1.0,10.0,9,149.4942086436585,271.1014163128838,pobre,basal,6,625.0,563.0,1.0,43.0,15,436,29856,10,1.0
98,1.0,1.0,0.0,1.0,11.0,9,149.4942086436585,271.1014163128838,pobre,basal,6,625.0,563.0,1.0,43.0,16,436,29856,10,1.0
97,0.0,1.0,0.0,1.0,7.0,9,149.4942086436585,271.1014163128838,pobre,basal,6,625.0,563.0,1.0,43.0,13,436,29857,7,1.0
98,0.0,1.0,0.0,1.0,8.0,9,149.4942086436585,271.1014163128838,pobre,basal,6,625.0,563.0,1.0,43.0,14,436,29857,7,1.0
97,1.0,1.0,0.0,1.0,5.0,9,149.4942086436585,271.1014163128838,pobre,basal,6,625.0,563.0,1.0,43.0,10,436,29858,5,1.0
98,1.0,1.0,0.0,1.0,6.0,9,149.4942086436585,271.1014163128838,pobre,basal,6,625.0,563.0,1.0,43.0,11,436,29858,5,1.0
97,1.0,1.0,0.0,1.0,1.0,9,149.4942086436585,271.1014163128838,pobre,basal,6,625.0,563.0,1.0,43.0,7,436,29859,1,1.0
98,1.0,1.0,0.0,1.0,2.0,9,149.4942086436585,271.1014163128838,pobre,basal,6,625.0,563.0,1.0,43.0,8,436,29859,1,1.0
97,1.0,1.0,0.0,1.0,1.0,10,149.4942086436585,271.1014163128838,pobre,basal,0,500.0,782.0,1.0,75.0,7,436,29860,1,1.0
98,1.0,1.0,0.0,1.0,2.0,10,149.4942086436585,271.1014163128838,pobre,basal,0,500.0,782.0,1.0,75.0,8,436,29860,1,1.0
97,1.0,1.0,0.0,1.0,0.0,10,149.4942086436585,271.1014163128838,pobre,basal,0,500.0,782.0,1.0,75.0,7,436,29861,0,1.0
98,1.0,1.0,0.0,,,10,149.4942086436585,271.1014163128838,pobre,basal,0,500.0,782.0,1.0,75.0,8,436,29861,0,1.0
97,0.0,1.0,0.0,1.0,0.0,10,149.4942086436585,271.1014163128838,pobre,basal,0,500.0,782.0,1.0,75.0,6,436,29862,0,1.0
98,0.0,1.0,0.0,1.0,0.0,10,149.4942086436585,271.1014163128838,pobre,basal,0,500.0,782.0,1.0,75.0,7,436,29862,0,1.0
97,1.0,1.0,0.0,1.0,7.0,3,149.4942086436585,271.1014163128838,pobre,basal,2,0.0,931.0,0.0,48.0,15,436,29863,7,1.0
98,1.0,1.0,0.0,1.0,8.0,3,149.4942086436585,271.1014163128838,pobre,basal,2,0.0,931.0,0.0,48.0,16,436,29863,7,1.0
97,1.0,1.0,0.0,1.0,8.0,6,149.4942086436585,271.1014163128838,pobre,basal,6,500.0,691.0,1.0,46.0,16,436,29864,8,1.0
98,1.0,1.0,0.0,1.0,9.0,6,149.4942086436585,271.1014163128838,pobre,basal,6,500.0,691.0,1.0,46.0,17,436,29864,8,1.0
97,1.0,1.0,0.0,1.0,7.0,6,149.4942086436585,271.1014163128838,pobre,basal,6,500.0,691.0,1.0,46.0,14,436,29865,7,1.0
98,1.0,1.0,0.0,1.0,8.0,6,149.4942086436585,271.1014163128838,pobre,basal,6,500.0,691.0,1.0,46.0,15,436,29865,7,1.0
97,0.0,1.0,0.0,1.0,4.0,6,149.4942086436585,271.1014163128838,pobre,basal,6,500.0,691.0,1.0,46.0,12,436,29866,4,1.0
98,0.0,1.0,0.0,1.0,5.0,6,149.4942086436585,271.1014163128838,pobre,basal,6,500.0,691.0,1.0,46.0,13,436,29866,4,1.0
97,0.0,1.0,0.0,1.0,1.0,6,149.4942086436585,271.1014163128838,pobre,basal,6,500.0,691.0,1.0,46.0,7,436,29867,1,1.0
98,0.0,1.0,0.0,1.0,2.0,6,149.4942086436585,271.1014163128838,pobre,basal,6,500.0,691.0,1.0,46.0,8,436,29867,1,1.0
97,0.0,0.0,0.0,1.0,2.0,8,149.4942086436585,271.1014163128838,pobre,basal,2,500.0,880.0,1.0,61.0,8,436,29868,2,1.0
98,0.0,0.0,0.0,,,8,149.4942086436585,271.1014163128838,pobre,basal,2,500.0,880.0,1.0,61.0,9,436,29868,2,1.0
97,1.0,0.0,0.0,1.0,1.0,8,149.4942086436585,271.1014163128838,pobre,basal,2,500.0,880.0,1.0,61.0,7,436,29869,1,1.0
98,1.0,0.0,0.0,1.0,1.0,8,149.4942086436585,271.1014163128838,pobre,basal,2,500.0,880.0,1.0,61.0,8,436,29869,1,1.0
97,1.0,1.0,0.0,1.0,7.0,6,149.4942086436585,271.1014163128838,pobre,basal,6,0.0,791.0,1.0,40.0,14,436,29870,7,1.0
98,1.0,1.0,0.0,1.0,8.0,6,149.4942086436585,271.1014163128838,pobre,basal,6,0.0,791.0,1.0,40.0,15,436,29870,7,1.0
97,1.0,1.0,0.0,1.0,2.0,6,149.4942086436585,271.1014163128838,pobre,basal,6,0.0,791.0,1.0,40.0,8,436,29871,2,1.0
98,1.0,1.0,0.0,1.0,3.0,6,149.4942086436585,271.1014163128838,pobre,basal,6,0.0,791.0,1.0,40.0,9,436,29871,2,1.0
97,1.0,1.0,0.0,1.0,7.0,14,149.4942086436585,271.1014163128838,no pobre,basal,0,0.0,856.0,1.0,90.0,14,436,29872,7,1.0
98,1.0,1.0,0.0,,,14,149.4942086436585,271.1014163128838,no pobre,basal,0,0.0,856.0,1.0,90.0,15,436,29872,7,1.0
97,0.0,1.0,0.0,1.0,0.0,14,149.4942086436585,271.1014163128838,no pobre,basal,0,0.0,856.0,1.0,90.0,6,436,29873,0,1.0
98,0.0,1.0,0.0,,,14,149.4942086436585,271.1014163128838,no pobre,basal,0,0.0,856.0,1.0,90.0,7,436,29873,0,1.0
97,0.0,1.0,0.0,1.0,2.0,14,149.4942086436585,271.1014163128838,no pobre,basal,0,0.0,856.0,1.0,90.0,8,436,29874,2,1.0
98,0.0,1.0,0.0,,,14,149.4942086436585,271.1014163128838,no pobre,basal,0,0.0,856.0,1.0,90.0,9,436,29874,2,1.0
97,0.0,1.0,0.0,1.0,0.0,14,149.4942086436585,271.1014163128838,no pobre,basal,0,0.0,856.0,1.0,90.0,6,436,29875,0,1.0
98,0.0,1.0,0.0,,,14,149.4942086436585,271.1014163128838,no pobre,basal,0,0.0,856.0,1.0,90.0,7,436,29875,0,1.0
97,0.0,1.0,0.0,0.0,9.0,9,149.4942086436585,271.1014163128838,pobre,basal,6,625.0,654.5,1.0,38.0,16,436,29876,9,0.0
98,0.0,1.0,0.0,,,9,149.4942086436585,271.1014163128838,pobre,basal,6,625.0,654.5,1.0,38.0,17,436,29876,9,0.0
97,1.0,1.0,0.0,1.0,6.0,9,149.4942086436585,271.1014163128838,pobre,basal,6,625.0,654.5,1.0,38.0,14,436,29877,6,1.0
98,1.0,1.0,0.0,1.0,7.0,9,149.4942086436585,271.1014163128838,pobre,basal,6,625.0,654.5,1.0,38.0,15,436,29877,6,1.0
97,0.0,1.0,0.0,1.0,5.0,9,149.4942086436585,271.1014163128838,pobre,basal,6,625.0,654.5,1.0,38.0,12,436,29878,5,1.0
98,0.0,1.0,0.0,1.0,6.0,9,149.4942086436585,271.1014163128838,pobre,basal,6,625.0,654.5,1.0,38.0,13,436,29878,5,1.0
97,1.0,1.0,0.0,1.0,4.0,9,149.4942086436585,271.1014163128838,pobre,basal,6,625.0,654.5,1.0,38.0,10,436,29879,4,1.0
98,1.0,1.0,0.0,1.0,5.0,9,149.4942086436585,271.1014163128838,pobre,basal,6,625.0,654.5,1.0,38.0,11,436,29879,4,1.0
97,1.0,1.0,0.0,1.0,1.0,9,149.4942086436585,271.1014163128838,pobre,basal,6,625.0,654.5,1.0,38.0,8,436,29880,1,1.0
98,1.0,1.0,0.0,1.0,3.0,9,149.4942086436585,271.1014163128838,pobre,basal,6,625.0,654.5,1.0,38.0,9,436,29880,1,1.0
97,0.0,1.0,0.0,0.0,9.0,6,149.4942086436585,271.1014163128838,pobre,basal,3,250.0,726.0,1.0,69.0,16,436,29881,9,0.0
98,0.0,1.0,0.0,,,6,149.4942086436585,271.1014163128838,pobre,basal,3,250.0,726.0,1.0,69.0,17,436,29881,9,0.0
97,1.0,1.0,0.0,1.0,7.0,8,149.4942086436585,271.1014163128838,pobre,basal,3,500.0,760.0,1.0,55.0,15,436,29882,7,1.0
98,1.0,1.0,0.0,1.0,8.0,8,149.4942086436585,271.1014163128838,pobre,basal,3,500.0,760.0,1.0,55.0,16,436,29882,7,1.0
97,1.0,1.0,0.0,0.0,7.0,11,149.4942086436585,271.1014163128838,pobre,basal,6,500.0,698.0,1.0,44.0,16,436,29883,7,0.0
98,1.0,1.0,0.0,,,11,149.4942086436585,271.1014163128838,pobre,basal,6,500.0,698.0,1.0,44.0,17,436,29883,7,0.0
97,0.0,1.0,0.0,1.0,7.0,11,149.4942086436585,271.1014163128838,pobre,basal,6,500.0,698.0,1.0,44.0,14,436,29884,7,1.0
98,0.0,1.0,0.0,1.0,7.0,11,149.4942086436585,271.1014163128838,pobre,basal,6,500.0,698.0,1.0,44.0,15,436,29884,7,1.0
97,0.0,1.0,0.0,1.0,6.0,11,149.4942086436585,271.1014163128838,pobre,basal,6,500.0,698.0,1.0,44.0,12,436,29885,6,1.0
98,0.0,1.0,0.0,1.0,7.0,11,149.4942086436585,271.1014163128838,pobre,basal,6,500.0,698.0,1.0,44.0,13,436,29885,6,1.0
97,0.0,1.0,0.0,1.0,3.0,11,149.4942086436585,271.1014163128838,pobre,basal,6,500.0,698.0,1.0,44.0,10,436,29886,3,1.0
98,0.0,1.0,0.0,1.0,4.0,11,149.4942086436585,271.1014163128838,pobre,basal,6,500.0,698.0,1.0,44.0,11,436,29886,3,1.0
97,0.0,1.0,0.0,1.0,10.0,9,149.4942086436585,271.1014163128838,pobre,basal,4,500.0,693.5,1.0,55.0,16,436,29887,10,1.0
98,0.0,1.0,0.0,,,9,149.4942086436585,271.1014163128838,pobre,basal,4,500.0,693.5,1.0,55.0,17,436,29887,10,1.0
97,1.0,1.0,0.0,1.0,7.0,9,149.4942086436585,271.1014163128838,pobre,basal,4,500.0,693.5,1.0,55.0,14,436,29888,7,1.0
98,1.0,1.0,0.0,1.0,8.0,9,149.4942086436585,271.1014163128838,pobre,basal,4,500.0,693.5,1.0,55.0,15,436,29888,7,1.0
97,0.0,1.0,0.0,1.0,5.0,9,149.4942086436585,271.1014163128838,pobre,basal,4,500.0,693.5,1.0,55.0,12,436,29889,5,1.0
98,0.0,1.0,0.0,1.0,6.0,9,149.4942086436585,271.1014163128838,pobre,basal,4,500.0,693.5,1.0,55.0,13,436,29889,5,1.0
97,1.0,1.0,0.0,1.0,6.0,7,149.4942086436585,271.1014163128838,pobre,basal,6,500.0,666.5,1.0,34.0,14,436,29890,6,1.0
98,1.0,1.0,0.0,1.0,7.0,7,149.4942086436585,271.1014163128838,pobre,basal,6,500.0,666.5,1.0,34.0,15,436,29890,6,1.0
97,0.0,1.0,0.0,1.0,4.0,7,149.4942086436585,271.1014163128838,pobre,basal,6,500.0,666.5,1.0,34.0,13,436,29891,4,1.0
98,0.0,1.0,0.0,1.0,5.0,7,149.4942086436585,271.1014163128838,pobre,basal,6,500.0,666.5,1.0,34.0,14,436,29891,4,1.0
97,0.0,1.0,0.0,1.0,3.0,7,149.4942086436585,271.1014163128838,pobre,basal,6,500.0,666.5,1.0,34.0,10,436,29892,3,1.0
98,0.0,1.0,0.0,1.0,3.0,7,149.4942086436585,271.1014163128838,pobre,basal,6,500.0,666.5,1.0,34.0,11,436,29892,3,1.0
97,0.0,1.0,0.0,1.0,0.0,7,149.4942086436585,271.1014163128838,pobre,basal,6,500.0,666.5,1.0,34.0,6,436,29893,0,1.0
98,0.0,1.0,0.0,1.0,0.0,7,149.4942086436585,271.1014163128838,pobre,basal,6,500.0,666.5,1.0,34.0,7,436,29893,0,1.0
97,1.0,0.0,2.1600001,0.0,6.0,12,66.08297521249372,66.08297521249372,no pobre,basal,9,1250.0,737.0,1.0,45.0,16,185,29894,6,0.0
98,1.0,0.0,2.1600001,,,12,66.08297521249372,66.08297521249372,no pobre,basal,9,1250.0,737.0,1.0,45.0,17,185,29894,6,0.0
97,1.0,0.0,2.1600001,1.0,6.0,12,66.08297521249372,66.08297521249372,no pobre,basal,9,1250.0,737.0,1.0,45.0,14,185,29895,6,1.0
98,1.0,0.0,2.1600001,,,12,66.08297521249372,66.08297521249372,no pobre,basal,9,1250.0,737.0,1.0,45.0,15,185,29895,6,1.0
97,0.0,0.0,2.1600001,1.0,4.0,12,66.08297521249372,66.08297521249372,no pobre,basal,9,1250.0,737.0,1.0,45.0,12,185,29896,4,1.0
98,0.0,0.0,2.1600001,,,12,66.08297521249372,66.08297521249372,no pobre,basal,9,1250.0,737.0,1.0,45.0,13,185,29896,4,1.0
97,0.0,0.0,2.1600001,1.0,2.0,12,66.08297521249372,66.08297521249372,no pobre,basal,9,1250.0,737.0,1.0,45.0,7,185,29897,2,1.0
98,0.0,0.0,2.1600001,,,12,66.08297521249372,66.08297521249372,no pobre,basal,9,1250.0,737.0,1.0,45.0,8,185,29897,2,1.0
97,0.0,0.0,2.1600001,1.0,0.0,12,66.08297521249372,66.08297521249372,no pobre,basal,9,1250.0,737.0,1.0,45.0,6,185,29898,0,1.0
98,0.0,0.0,2.1600001,,,12,66.08297521249372,66.08297521249372,no pobre,basal,9,1250.0,737.0,1.0,45.0,7,185,29898,0,1.0
97,1.0,1.0,0.0,0.0,8.0,8,149.4942086436585,271.1014163128838,pobre,basal,6,625.0,705.0,1.0,44.0,16,436,29899,8,0.0
98,1.0,1.0,0.0,,,8,149.4942086436585,271.1014163128838,pobre,basal,6,625.0,705.0,1.0,44.0,17,436,29899,8,0.0
97,0.0,1.0,0.0,1.0,6.0,8,149.4942086436585,271.1014163128838,pobre,basal,6,625.0,705.0,1.0,44.0,13,436,29900,6,1.0
98,0.0,1.0,0.0,1.0,7.0,8,149.4942086436585,271.1014163128838,pobre,basal,6,625.0,705.0,1.0,44.0,14,436,29900,6,1.0
97,0.0,1.0,0.0,1.0,3.0,8,149.4942086436585,271.1014163128838,pobre,basal,6,625.0,705.0,1.0,44.0,10,436,29901,3,1.0
98,0.0,1.0,0.0,1.0,4.0,8,149.4942086436585,271.1014163128838,pobre,basal,6,625.0,705.0,1.0,44.0,11,436,29901,3,1.0
97,1.0,1.0,0.0,1.0,1.0,8,149.4942086436585,271.1014163128838,pobre,basal,6,625.0,705.0,1.0,44.0,7,436,29902,1,1.0
98,1.0,1.0,0.0,1.0,2.0,8,149.4942086436585,271.1014163128838,pobre,basal,6,625.0,705.0,1.0,44.0,8,436,29902,1,1.0
97,1.0,0.0,2.1600001,0.0,6.0,10,66.08297521249372,66.08297521249372,pobre,basal,0,1000.0,713.5,1.0,53.0,16,185,29903,6,0.0
98,1.0,0.0,2.1600001,0.0,6.0,10,66.08297521249372,66.08297521249372,pobre,basal,0,1000.0,713.5,1.0,53.0,17,185,29903,6,0.0
97,1.0,0.0,2.1600001,1.0,6.0,10,66.08297521249372,66.08297521249372,pobre,basal,0,1000.0,713.5,1.0,53.0,14,185,29904,6,1.0
98,1.0,0.0,2.1600001,1.0,7.0,10,66.08297521249372,66.08297521249372,pobre,basal,0,1000.0,713.5,1.0,53.0,15,185,29904,6,1.0
97,1.0,0.0,2.1600001,1.0,3.0,10,66.08297521249372,66.08297521249372,pobre,basal,0,1000.0,713.5,1.0,53.0,12,185,29905,3,1.0
98,1.0,0.0,2.1600001,1.0,4.0,10,66.08297521249372,66.08297521249372,pobre,basal,0,1000.0,713.5,1.0,53.0,13,185,29905,3,1.0
97,0.0,0.0,2.1600001,1.0,1.0,10,66.08297521249372,66.08297521249372,pobre,basal,0,1000.0,713.5,1.0,53.0,9,185,29906,1,1.0
98,0.0,0.0,2.1600001,1.0,2.0,10,66.08297521249372,66.08297521249372,pobre,basal,0,1000.0,713.5,1.0,53.0,10,185,29906,1,1.0
97,1.0,0.0,2.1600001,1.0,6.0,5,66.08297521249372,66.08297521249372,pobre,basal,1,0.0,528.0,0.0,81.0,15,185,29907,6,1.0
98,1.0,0.0,2.1600001,1.0,7.0,5,66.08297521249372,66.08297521249372,pobre,basal,1,0.0,528.0,0.0,81.0,16,185,29907,6,1.0
97,1.0,0.0,2.1600001,1.0,1.0,5,66.08297521249372,66.08297521249372,pobre,basal,1,0.0,528.0,0.0,81.0,13,185,29908,1,1.0
98,1.0,0.0,2.1600001,0.0,2.0,5,66.08297521249372,66.08297521249372,pobre,basal,1,0.0,528.0,0.0,81.0,14,185,29908,1,1.0
97,1.0,0.0,2.1600001,1.0,4.0,5,66.08297521249372,66.08297521249372,pobre,basal,1,0.0,528.0,0.0,81.0,11,185,29909,4,1.0
98,1.0,0.0,2.1600001,1.0,5.0,5,66.08297521249372,66.08297521249372,pobre,basal,1,0.0,528.0,0.0,81.0,12,185,29909,4,1.0
97,0.0,0.0,2.1600001,0.0,2.0,11,66.08297521249372,66.08297521249372,pobre,basal,0,900.0,656.25,1.0,44.0,16,185,29910,2,0.0
98,0.0,0.0,2.1600001,,,11,66.08297521249372,66.08297521249372,pobre,basal,0,900.0,656.25,1.0,44.0,17,185,29910,2,0.0
97,1.0,0.0,2.1600001,1.0,4.0,11,66.08297521249372,66.08297521249372,pobre,basal,0,900.0,656.25,1.0,44.0,15,185,29911,4,1.0
98,1.0,0.0,2.1600001,1.0,5.0,11,66.08297521249372,66.08297521249372,pobre,basal,0,900.0,656.25,1.0,44.0,16,185,29911,4,1.0
97,1.0,0.0,2.1600001,0.0,3.0,11,66.08297521249372,66.08297521249372,pobre,basal,0,900.0,656.25,1.0,44.0,13,185,29912,3,0.0
98,1.0,0.0,2.1600001,1.0,4.0,11,66.08297521249372,66.08297521249372,pobre,basal,0,900.0,656.25,1.0,44.0,14,185,29912,3,0.0
97,1.0,0.0,2.1600001,1.0,2.0,11,66.08297521249372,66.08297521249372,pobre,basal,0,900.0,656.25,1.0,44.0,11,185,29913,2,1.0
98,1.0,0.0,2.1600001,1.0,3.0,11,66.08297521249372,66.08297521249372,pobre,basal,0,900.0,656.25,1.0,44.0,12,185,29913,2,1.0
97,1.0,0.0,2.1600001,1.0,3.0,11,66.08297521249372,66.08297521249372,pobre,basal,0,900.0,656.25,1.0,44.0,10,185,29914,3,1.0
98,1.0,0.0,2.1600001,1.0,4.0,11,66.08297521249372,66.08297521249372,pobre,basal,0,900.0,656.25,1.0,44.0,11,185,29914,3,1.0
97,0.0,0.0,2.1600001,1.0,0.0,11,66.08297521249372,66.08297521249372,pobre,basal,0,900.0,656.25,1.0,44.0,8,185,29915,0,1.0
98,0.0,0.0,2.1600001,1.0,1.0,11,66.08297521249372,66.08297521249372,pobre,basal,0,900.0,656.25,1.0,44.0,9,185,29915,0,1.0
97,1.0,1.0,0.0,1.0,10.0,2,149.4942086436585,271.1014163128838,pobre,basal,4,160.0,882.0,0.0,37.0,16,436,29916,10,1.0
98,1.0,1.0,0.0,,,2,149.4942086436585,271.1014163128838,pobre,basal,4,160.0,882.0,0.0,37.0,17,436,29916,10,1.0
97,0.0,0.0,2.1600001,1.0,1.0,6,66.08297521249372,66.08297521249372,pobre,basal,3,750.0,425.0,1.0,30.0,7,185,29917,1,1.0
98,0.0,0.0,2.1600001,1.0,2.0,6,66.08297521249372,66.08297521249372,pobre,basal,3,750.0,425.0,1.0,30.0,8,185,29917,1,1.0
97,0.0,0.0,2.1600001,1.0,0.0,6,66.08297521249372,66.08297521249372,pobre,basal,3,750.0,425.0,1.0,30.0,6,185,29918,0,1.0
98,0.0,0.0,2.1600001,1.0,0.0,6,66.08297521249372,66.08297521249372,pobre,basal,3,750.0,425.0,1.0,30.0,7,185,29918,0,1.0
97,1.0,0.0,2.1600001,1.0,1.0,4,66.08297521249372,66.08297521249372,pobre,basal,3,875.0,552.0,1.0,32.0,7,185,29919,1,1.0
98,1.0,0.0,2.1600001,1.0,1.0,4,66.08297521249372,66.08297521249372,pobre,basal,3,875.0,552.0,1.0,32.0,8,185,29919,1,1.0
97,1.0,0.0,2.1600001,1.0,6.0,8,66.08297521249372,66.08297521249372,pobre,basal,0,1500.0,709.0,1.0,39.0,14,185,29920,6,1.0
98,1.0,0.0,2.1600001,1.0,6.0,8,66.08297521249372,66.08297521249372,pobre,basal,0,1500.0,709.0,1.0,39.0,15,185,29920,6,1.0
97,0.0,0.0,2.1600001,1.0,5.0,8,66.08297521249372,66.08297521249372,pobre,basal,0,1500.0,709.0,1.0,39.0,13,185,29921,5,1.0
98,0.0,0.0,2.1600001,1.0,6.0,8,66.08297521249372,66.08297521249372,pobre,basal,0,1500.0,709.0,1.0,39.0,14,185,29921,5,1.0
97,0.0,0.0,2.1600001,1.0,3.0,8,66.08297521249372,66.08297521249372,pobre,basal,0,1500.0,709.0,1.0,39.0,10,185,29922,3,1.0
98,0.0,0.0,2.1600001,1.0,4.0,8,66.08297521249372,66.08297521249372,pobre,basal,0,1500.0,709.0,1.0,39.0,11,185,29922,3,1.0
97,1.0,0.0,2.1600001,1.0,0.0,8,66.08297521249372,66.08297521249372,pobre,basal,0,1500.0,709.0,1.0,39.0,8,185,29923,0,1.0
98,1.0,0.0,2.1600001,1.0,2.0,8,66.08297521249372,66.08297521249372,pobre,basal,0,1500.0,709.0,1.0,39.0,9,185,29923,0,1.0
97,1.0,0.0,2.1600001,1.0,6.0,8,66.08297521249372,66.08297521249372,no pobre,basal,0,1000.0,758.0,1.0,55.0,16,185,29924,6,1.0
98,1.0,0.0,2.1600001,,,8,66.08297521249372,66.08297521249372,no pobre,basal,0,1000.0,758.0,1.0,55.0,17,185,29924,6,1.0
97,0.0,0.0,2.1600001,1.0,5.0,8,66.08297521249372,66.08297521249372,no pobre,basal,0,1000.0,758.0,1.0,55.0,14,185,29925,5,1.0
98,0.0,0.0,2.1600001,1.0,6.0,8,66.08297521249372,66.08297521249372,no pobre,basal,0,1000.0,758.0,1.0,55.0,15,185,29925,5,1.0
97,1.0,0.0,2.1600001,1.0,3.0,8,66.08297521249372,66.08297521249372,no pobre,basal,0,1000.0,758.0,1.0,55.0,11,185,29926,3,1.0
98,1.0,0.0,2.1600001,1.0,4.0,8,66.08297521249372,66.08297521249372,no pobre,basal,0,1000.0,758.0,1.0,55.0,12,185,29926,3,1.0
97,0.0,0.0,2.1600001,1.0,3.0,8,66.08297521249372,66.08297521249372,no pobre,basal,0,1000.0,758.0,1.0,55.0,10,185,29927,3,1.0
98,0.0,0.0,2.1600001,1.0,4.0,8,66.08297521249372,66.08297521249372,no pobre,basal,0,1000.0,758.0,1.0,55.0,11,185,29927,3,1.0
97,0.0,0.0,2.1600001,0.0,8.0,9,66.08297521249372,66.08297521249372,pobre,basal,0,1340.0,559.5,1.0,39.0,16,185,29928,8,0.0
98,0.0,0.0,2.1600001,,,9,66.08297521249372,66.08297521249372,pobre,basal,0,1340.0,559.5,1.0,39.0,17,185,29928,8,0.0
97,1.0,0.0,2.1600001,0.0,6.0,9,66.08297521249372,66.08297521249372,pobre,basal,0,1340.0,559.5,1.0,39.0,15,185,29929,6,0.0
98,1.0,0.0,2.1600001,1.0,6.0,9,66.08297521249372,66.08297521249372,pobre,basal,0,1340.0,559.5,1.0,39.0,16,185,29929,6,0.0
97,0.0,0.0,2.1600001,0.0,6.0,9,66.08297521249372,66.08297521249372,pobre,basal,0,1340.0,559.5,1.0,39.0,13,185,29930,6,0.0
98,0.0,0.0,2.1600001,1.0,6.0,9,66.08297521249372,66.08297521249372,pobre,basal,0,1340.0,559.5,1.0,39.0,14,185,29930,6,0.0
97,1.0,0.0,2.1600001,1.0,2.0,9,66.08297521249372,66.08297521249372,pobre,basal,0,1340.0,559.5,1.0,39.0,12,185,29931,2,1.0
98,1.0,0.0,2.1600001,1.0,3.0,9,66.08297521249372,66.08297521249372,pobre,basal,0,1340.0,559.5,1.0,39.0,13,185,29931,2,1.0
97,1.0,0.0,2.1600001,1.0,2.0,9,66.08297521249372,66.08297521249372,pobre,basal,0,1340.0,559.5,1.0,39.0,10,185,29932,2,1.0
98,1.0,0.0,2.1600001,1.0,3.0,9,66.08297521249372,66.08297521249372,pobre,basal,0,1340.0,559.5,1.0,39.0,11,185,29932,2,1.0
97,1.0,1.0,0.0,1.0,3.0,7,149.4942086436585,271.1014163128838,pobre,basal,4,500.0,1047.5,1.0,75.0,9,436,29933,3,1.0
98,1.0,1.0,0.0,1.0,3.0,7,149.4942086436585,271.1014163128838,pobre,basal,4,500.0,1047.5,1.0,75.0,10,436,29933,3,1.0
97,1.0,0.0,2.1600001,1.0,1.0,5,66.08297521249372,66.08297521249372,pobre,basal,2,1000.0,630.0,1.0,27.0,6,185,29934,1,1.0
98,1.0,0.0,2.1600001,1.0,2.0,5,66.08297521249372,66.08297521249372,pobre,basal,2,1000.0,630.0,1.0,27.0,7,185,29934,1,1.0
97,0.0,0.0,2.1600001,0.0,6.0,10,66.08297521249372,66.08297521249372,pobre,basal,0,800.0,553.0,1.0,51.0,15,185,29935,6,0.0
98,0.0,0.0,2.1600001,,,10,66.08297521249372,66.08297521249372,pobre,basal,0,800.0,553.0,1.0,51.0,16,185,29935,6,0.0
97,1.0,0.0,2.1600001,0.0,6.0,10,66.08297521249372,66.08297521249372,pobre,basal,0,800.0,553.0,1.0,51.0,14,185,29936,6,0.0
98,1.0,0.0,2.1600001,0.0,6.0,10,66.08297521249372,66.08297521249372,pobre,basal,0,800.0,553.0,1.0,51.0,15,185,29936,6,0.0
97,0.0,0.0,2.1600001,1.0,5.0,10,66.08297521249372,66.08297521249372,pobre,basal,0,800.0,553.0,1.0,51.0,12,185,29937,5,1.0
98,0.0,0.0,2.1600001,1.0,5.0,10,66.08297521249372,66.08297521249372,pobre,basal,0,800.0,553.0,1.0,51.0,13,185,29937,5,1.0
97,0.0,0.0,2.1600001,1.0,5.0,10,66.08297521249372,66.08297521249372,pobre,basal,0,800.0,553.0,1.0,51.0,10,185,29938,5,1.0
98,0.0,0.0,2.1600001,1.0,5.0,10,66.08297521249372,66.08297521249372,pobre,basal,0,800.0,553.0,1.0,51.0,11,185,29938,5,1.0
97,1.0,0.0,2.1600001,1.0,3.0,10,66.08297521249372,66.08297521249372,pobre,basal,0,800.0,553.0,1.0,51.0,8,185,29939,3,1.0
98,1.0,0.0,2.1600001,1.0,4.0,10,66.08297521249372,66.08297521249372,pobre,basal,0,800.0,553.0,1.0,51.0,9,185,29939,3,1.0
97,0.0,0.0,2.1600001,1.0,1.0,5,66.08297521249372,66.08297521249372,pobre,basal,3,750.0,626.0,1.0,29.0,6,185,29940,1,1.0
98,0.0,0.0,2.1600001,1.0,1.0,5,66.08297521249372,66.08297521249372,pobre,basal,3,750.0,626.0,1.0,29.0,7,185,29940,1,1.0
97,0.0,0.0,2.5220001,0.0,6.0,6,60.31640461252391,60.31640461252391,pobre,0,3,750.0,591.0,1.0,40.0,12,184,29941,6,0.0
98,0.0,0.0,2.5220001,0.0,6.0,6,60.31640461252391,60.31640461252391,pobre,0,3,750.0,591.0,1.0,40.0,13,184,29941,6,0.0
97,1.0,0.0,2.5220001,1.0,3.0,6,60.31640461252391,60.31640461252391,pobre,0,3,750.0,591.0,1.0,40.0,10,184,29942,3,1.0
98,1.0,0.0,2.5220001,1.0,3.0,6,60.31640461252391,60.31640461252391,pobre,0,3,750.0,591.0,1.0,40.0,11,184,29942,3,1.0
97,0.0,0.0,2.5220001,0.0,3.0,6,60.31640461252391,60.31640461252391,pobre,0,2,625.0,707.5,0.0,40.0,15,184,29943,3,0.0
98,0.0,0.0,2.5220001,1.0,4.0,6,60.31640461252391,60.31640461252391,pobre,0,2,625.0,707.5,0.0,40.0,16,184,29943,3,0.0
97,0.0,0.0,2.5220001,1.0,3.0,6,60.31640461252391,60.31640461252391,pobre,0,2,625.0,707.5,0.0,40.0,12,184,29944,3,1.0
98,0.0,0.0,2.5220001,1.0,4.0,6,60.31640461252391,60.31640461252391,pobre,0,2,625.0,707.5,0.0,40.0,13,184,29944,3,1.0
97,1.0,0.0,2.5220001,1.0,2.0,6,60.31640461252391,60.31640461252391,pobre,0,2,625.0,707.5,0.0,40.0,9,184,29945,2,1.0
98,1.0,0.0,2.5220001,,,6,60.31640461252391,60.31640461252391,pobre,0,2,625.0,707.5,0.0,40.0,10,184,29945,2,1.0
97,1.0,0.0,2.1600001,1.0,3.0,10,66.08297521249372,66.08297521249372,pobre,basal,0,750.0,698.0,1.0,44.0,14,185,29946,3,1.0
98,1.0,0.0,2.1600001,1.0,4.0,10,66.08297521249372,66.08297521249372,pobre,basal,0,750.0,698.0,1.0,44.0,15,185,29946,3,1.0
97,1.0,0.0,2.1600001,1.0,3.0,10,66.08297521249372,66.08297521249372,pobre,basal,0,750.0,698.0,1.0,44.0,14,185,29947,3,1.0
98,1.0,0.0,2.1600001,1.0,4.0,10,66.08297521249372,66.08297521249372,pobre,basal,0,750.0,698.0,1.0,44.0,15,185,29947,3,1.0
97,0.0,0.0,2.1600001,1.0,3.0,10,66.08297521249372,66.08297521249372,pobre,basal,0,750.0,698.0,1.0,44.0,11,185,29948,3,1.0
98,0.0,0.0,2.1600001,1.0,4.0,10,66.08297521249372,66.08297521249372,pobre,basal,0,750.0,698.0,1.0,44.0,12,185,29948,3,1.0
97,0.0,0.0,2.1600001,1.0,1.0,10,66.08297521249372,66.08297521249372,pobre,basal,0,750.0,698.0,1.0,44.0,10,185,29949,1,1.0
98,0.0,0.0,2.1600001,1.0,2.0,10,66.08297521249372,66.08297521249372,pobre,basal,0,750.0,698.0,1.0,44.0,11,185,29949,1,1.0
97,1.0,0.0,2.1600001,1.0,1.0,10,66.08297521249372,66.08297521249372,pobre,basal,0,750.0,698.0,1.0,44.0,8,185,29950,1,1.0
98,1.0,0.0,2.1600001,1.0,2.0,10,66.08297521249372,66.08297521249372,pobre,basal,0,750.0,698.0,1.0,44.0,9,185,29950,1,1.0
97,1.0,0.0,2.5220001,1.0,1.0,9,60.31640461252391,60.31640461252391,pobre,0,0,750.0,645.5,1.0,72.0,7,184,29951,1,1.0
98,1.0,0.0,2.5220001,1.0,1.0,9,60.31640461252391,60.31640461252391,pobre,0,0,750.0,645.5,1.0,72.0,8,184,29951,1,1.0
97,1.0,0.0,2.5220001,1.0,3.0,9,60.31640461252391,60.31640461252391,pobre,0,0,750.0,645.5,1.0,72.0,12,184,29952,3,1.0
98,1.0,0.0,2.5220001,1.0,3.0,9,60.31640461252391,60.31640461252391,pobre,0,0,750.0,645.5,1.0,72.0,13,184,29952,3,1.0
97,1.0,0.0,2.5220001,0.0,4.0,6,60.31640461252391,60.31640461252391,pobre,0,0,750.0,711.0,1.0,44.0,16,184,29953,4,0.0
98,1.0,0.0,2.5220001,,,6,60.31640461252391,60.31640461252391,pobre,0,0,750.0,711.0,1.0,44.0,17,184,29953,4,0.0
97,1.0,0.0,2.5220001,1.0,5.0,6,60.31640461252391,60.31640461252391,pobre,0,0,750.0,711.0,1.0,44.0,13,184,29954,5,1.0
98,1.0,0.0,2.5220001,0.0,6.0,6,60.31640461252391,60.31640461252391,pobre,0,0,750.0,711.0,1.0,44.0,14,184,29954,5,1.0
97,0.0,0.0,2.5220001,1.0,5.0,6,60.31640461252391,60.31640461252391,pobre,0,0,750.0,711.0,1.0,44.0,11,184,29955,5,1.0
98,0.0,0.0,2.5220001,0.0,5.0,6,60.31640461252391,60.31640461252391,pobre,0,0,750.0,711.0,1.0,44.0,12,184,29955,5,1.0
97,1.0,0.0,2.5220001,0.0,3.0,5,60.31640461252391,60.31640461252391,no pobre,0,0,750.0,782.5,1.0,40.0,16,184,29956,3,0.0
98,1.0,0.0,2.5220001,,,5,60.31640461252391,60.31640461252391,no pobre,0,0,750.0,782.5,1.0,40.0,17,184,29956,3,0.0
97,1.0,0.0,2.5220001,1.0,5.0,5,60.31640461252391,60.31640461252391,no pobre,0,0,750.0,782.5,1.0,40.0,13,184,29957,5,1.0
98,1.0,0.0,2.5220001,0.0,6.0,5,60.31640461252391,60.31640461252391,no pobre,0,0,750.0,782.5,1.0,40.0,14,184,29957,5,1.0
97,0.0,1.0,0.0,1.0,6.0,5,149.4942086436585,271.1014163128838,pobre,basal,4,625.0,834.617,1.0,52.0,16,436,29958,6,1.0
98,0.0,1.0,0.0,,,5,149.4942086436585,271.1014163128838,pobre,basal,4,625.0,834.617,1.0,52.0,17,436,29958,6,1.0
97,1.0,1.0,0.0,1.0,7.0,5,149.4942086436585,271.1014163128838,pobre,basal,4,625.0,834.617,1.0,52.0,15,436,29959,7,1.0
98,1.0,1.0,0.0,1.0,7.0,5,149.4942086436585,271.1014163128838,pobre,basal,4,625.0,834.617,1.0,52.0,16,436,29959,7,1.0
97,0.0,1.0,0.0,1.0,3.0,5,149.4942086436585,271.1014163128838,pobre,basal,4,625.0,834.617,1.0,52.0,12,436,29960,3,1.0
98,0.0,1.0,0.0,1.0,4.0,5,149.4942086436585,271.1014163128838,pobre,basal,4,625.0,834.617,1.0,52.0,13,436,29960,3,1.0
97,1.0,0.0,2.5220001,1.0,5.0,8,60.31640461252391,60.31640461252391,pobre,0,6,166.66667,683.0,1.0,36.0,14,184,29961,5,1.0
98,1.0,0.0,2.5220001,0.0,6.0,8,60.31640461252391,60.31640461252391,pobre,0,6,166.66667,683.0,1.0,36.0,15,184,29961,5,1.0
97,1.0,0.0,2.5220001,1.0,0.0,8,60.31640461252391,60.31640461252391,pobre,0,6,166.66667,683.0,1.0,36.0,9,184,29962,0,1.0
98,1.0,0.0,2.5220001,1.0,1.0,8,60.31640461252391,60.31640461252391,pobre,0,6,166.66667,683.0,1.0,36.0,10,184,29962,0,1.0
97,0.0,0.0,2.5220001,1.0,0.0,8,60.31640461252391,60.31640461252391,pobre,0,6,166.66667,683.0,1.0,36.0,7,184,29963,0,1.0
98,0.0,0.0,2.5220001,1.0,1.0,8,60.31640461252391,60.31640461252391,pobre,0,6,166.66667,683.0,1.0,36.0,8,184,29963,0,1.0
97,1.0,0.0,2.5220001,,0.0,5,60.31640461252391,60.31640461252391,pobre,0,0,840.0,465.0,1.0,29.0,6,184,29964,0,
98,1.0,0.0,2.5220001,1.0,3.0,5,60.31640461252391,60.31640461252391,pobre,0,0,840.0,465.0,1.0,29.0,7,184,29964,0,
97,1.0,0.0,2.5220001,1.0,5.0,6,60.31640461252391,60.31640461252391,no pobre,0,3,1000.0,781.0,1.0,52.0,11,184,29965,5,1.0
98,1.0,0.0,2.5220001,0.0,4.0,6,60.31640461252391,60.31640461252391,no pobre,0,3,1000.0,781.0,1.0,52.0,12,184,29965,5,1.0
97,0.0,0.0,2.5220001,0.0,5.0,8,60.31640461252391,60.31640461252391,pobre,0,0,875.0,622.0,1.0,39.0,16,184,29966,5,0.0
98,0.0,0.0,2.5220001,,,8,60.31640461252391,60.31640461252391,pobre,0,0,875.0,622.0,1.0,39.0,17,184,29966,5,0.0
97,1.0,0.0,2.5220001,0.0,3.0,8,60.31640461252391,60.31640461252391,pobre,0,0,875.0,622.0,1.0,39.0,14,184,29967,3,0.0
98,1.0,0.0,2.5220001,0.0,4.0,8,60.31640461252391,60.31640461252391,pobre,0,0,875.0,622.0,1.0,39.0,15,184,29967,3,0.0
97,1.0,0.0,2.5220001,1.0,5.0,8,60.31640461252391,60.31640461252391,pobre,0,0,875.0,622.0,1.0,39.0,12,184,29968,5,1.0
98,1.0,0.0,2.5220001,1.0,5.0,8,60.31640461252391,60.31640461252391,pobre,0,0,875.0,622.0,1.0,39.0,13,184,29968,5,1.0
97,1.0,0.0,2.5220001,1.0,3.0,8,60.31640461252391,60.31640461252391,pobre,0,0,875.0,622.0,1.0,39.0,10,184,29969,3,1.0
98,1.0,0.0,2.5220001,1.0,3.0,8,60.31640461252391,60.31640461252391,pobre,0,0,875.0,622.0,1.0,39.0,11,184,29969,3,1.0
97,0.0,0.0,2.5220001,1.0,5.0,7,60.31640461252391,60.31640461252391,pobre,0,3,1000.0,557.0,1.0,34.0,12,184,29970,5,1.0
98,0.0,0.0,2.5220001,0.0,6.0,7,60.31640461252391,60.31640461252391,pobre,0,3,1000.0,557.0,1.0,34.0,13,184,29970,5,1.0
97,0.0,0.0,2.5220001,1.0,4.0,7,60.31640461252391,60.31640461252391,pobre,0,3,1000.0,557.0,1.0,34.0,11,184,29971,4,1.0
98,0.0,0.0,2.5220001,1.0,5.0,7,60.31640461252391,60.31640461252391,pobre,0,3,1000.0,557.0,1.0,34.0,12,184,29971,4,1.0
97,0.0,0.0,2.5220001,1.0,2.0,7,60.31640461252391,60.31640461252391,pobre,0,3,1000.0,557.0,1.0,34.0,8,184,29972,2,1.0
98,0.0,0.0,2.5220001,1.0,3.0,7,60.31640461252391,60.31640461252391,pobre,0,3,1000.0,557.0,1.0,34.0,9,184,29972,2,1.0
97,1.0,0.0,2.5220001,1.0,8.0,5,60.31640461252391,60.31640461252391,pobre,0,0,1000.0,699.0,1.0,59.0,14,184,29973,8,1.0
98,1.0,0.0,2.5220001,1.0,8.0,5,60.31640461252391,60.31640461252391,pobre,0,0,1000.0,699.0,1.0,59.0,15,184,29973,8,1.0
97,0.0,0.0,2.5220001,1.0,1.0,5,60.31640461252391,60.31640461252391,pobre,0,0,1000.0,699.0,1.0,59.0,6,184,29974,1,1.0
98,0.0,0.0,2.5220001,,,5,60.31640461252391,60.31640461252391,pobre,0,0,1000.0,699.0,1.0,59.0,7,184,29974,1,1.0
97,1.0,0.0,5.3990002,1.0,6.0,8,126.8546743241916,126.8546743241916,pobre,0,0,0.0,594.0,1.0,83.0,14,287,29975,6,1.0
98,1.0,0.0,5.3990002,0.0,7.0,8,126.8546743241916,126.8546743241916,pobre,0,0,0.0,594.0,1.0,83.0,15,287,29975,6,1.0
97,0.0,0.0,5.3990002,1.0,4.0,8,126.8546743241916,126.8546743241916,pobre,0,0,0.0,594.0,1.0,83.0,11,287,29976,4,1.0
98,0.0,0.0,5.3990002,0.0,4.0,8,126.8546743241916,126.8546743241916,pobre,0,0,0.0,594.0,1.0,83.0,12,287,29976,4,1.0
97,0.0,0.0,5.3990002,1.0,0.0,8,126.8546743241916,126.8546743241916,pobre,0,0,0.0,594.0,1.0,83.0,6,287,29977,0,1.0
98,0.0,0.0,5.3990002,1.0,1.0,8,126.8546743241916,126.8546743241916,pobre,0,0,0.0,594.0,1.0,83.0,7,287,29977,0,1.0
97,0.0,0.0,5.3990002,0.0,6.0,7,126.8546743241916,126.8546743241916,pobre,0,2,750.0,650.0,1.0,61.0,16,287,29978,6,0.0
98,0.0,0.0,5.3990002,,,7,126.8546743241916,126.8546743241916,pobre,0,2,750.0,650.0,1.0,61.0,17,287,29978,6,0.0
97,1.0,0.0,5.3990002,1.0,7.0,7,126.8546743241916,126.8546743241916,pobre,0,2,750.0,650.0,1.0,61.0,12,287,29979,7,1.0
98,1.0,0.0,5.3990002,,,7,126.8546743241916,126.8546743241916,pobre,0,2,750.0,650.0,1.0,61.0,13,287,29979,7,1.0
97,0.0,0.0,5.3990002,1.0,6.0,6,126.8546743241916,126.8546743241916,no pobre,0,3,6400.0,914.0,1.0,38.0,14,287,29980,6,1.0
98,0.0,0.0,5.3990002,0.0,6.0,6,126.8546743241916,126.8546743241916,no pobre,0,3,6400.0,914.0,1.0,38.0,15,287,29980,6,1.0
97,1.0,0.0,5.3990002,0.0,6.0,6,126.8546743241916,126.8546743241916,no pobre,0,3,6400.0,914.0,1.0,38.0,13,287,29981,6,0.0
98,1.0,0.0,5.3990002,0.0,6.0,6,126.8546743241916,126.8546743241916,no pobre,0,3,6400.0,914.0,1.0,38.0,14,287,29981,6,0.0
97,0.0,0.0,5.3990002,1.0,4.0,6,126.8546743241916,126.8546743241916,no pobre,0,3,6400.0,914.0,1.0,38.0,10,287,29982,4,1.0
98,0.0,0.0,5.3990002,1.0,5.0,6,126.8546743241916,126.8546743241916,no pobre,0,3,6400.0,914.0,1.0,38.0,11,287,29982,4,1.0
97,1.0,0.0,0.0,0.0,6.0,8,72.80421840935115,72.80421840935115,pobre,0,0,0.0,669.0,1.0,60.0,16,283,29983,6,0.0
98,1.0,0.0,0.0,,,8,72.80421840935115,72.80421840935115,pobre,0,0,0.0,669.0,1.0,60.0,17,283,29983,6,0.0
97,1.0,0.0,0.0,0.0,6.0,8,72.80421840935115,72.80421840935115,pobre,0,0,0.0,669.0,1.0,60.0,15,283,29984,6,0.0
98,1.0,0.0,0.0,0.0,6.0,8,72.80421840935115,72.80421840935115,pobre,0,0,0.0,669.0,1.0,60.0,16,283,29984,6,0.0
97,0.0,0.0,0.0,0.0,6.0,8,72.80421840935115,72.80421840935115,pobre,0,0,0.0,669.0,1.0,60.0,13,283,29985,6,0.0
98,0.0,0.0,0.0,0.0,6.0,8,72.80421840935115,72.80421840935115,pobre,0,0,0.0,669.0,1.0,60.0,14,283,29985,6,0.0
97,0.0,0.0,0.0,1.0,1.0,6,72.80421840935115,72.80421840935115,pobre,0,1,8.333333,768.0,1.0,79.0,7,283,29986,1,1.0
98,0.0,0.0,0.0,1.0,2.0,6,72.80421840935115,72.80421840935115,pobre,0,1,8.333333,768.0,1.0,79.0,8,283,29986,1,1.0
97,0.0,0.0,0.0,0.0,6.0,8,72.80421840935115,72.80421840935115,pobre,0,0,800.0,557.0,1.0,35.0,12,283,29987,6,0.0
98,0.0,0.0,0.0,0.0,6.0,8,72.80421840935115,72.80421840935115,pobre,0,0,800.0,557.0,1.0,35.0,13,283,29987,6,0.0
97,0.0,0.0,0.0,1.0,5.0,8,72.80421840935115,72.80421840935115,pobre,0,0,800.0,557.0,1.0,35.0,11,283,29988,5,1.0
98,0.0,0.0,0.0,0.0,6.0,8,72.80421840935115,72.80421840935115,pobre,0,0,800.0,557.0,1.0,35.0,12,283,29988,5,1.0
97,0.0,0.0,0.0,1.0,3.0,8,72.80421840935115,72.80421840935115,pobre,0,0,800.0,557.0,1.0,35.0,9,283,29989,3,1.0
98,0.0,0.0,0.0,1.0,4.0,8,72.80421840935115,72.80421840935115,pobre,0,0,800.0,557.0,1.0,35.0,10,283,29989,3,1.0
97,0.0,0.0,0.0,1.0,0.0,8,72.80421840935115,72.80421840935115,pobre,0,0,800.0,557.0,1.0,35.0,6,283,29990,0,1.0
98,0.0,0.0,0.0,1.0,1.0,8,72.80421840935115,72.80421840935115,pobre,0,0,800.0,557.0,1.0,35.0,7,283,29990,0,1.0
97,1.0,0.0,0.0,1.0,6.0,5,72.80421840935115,72.80421840935115,pobre,0,4,0.0,723.0,1.0,38.0,12,283,29991,6,1.0
98,1.0,0.0,0.0,1.0,7.0,5,72.80421840935115,72.80421840935115,pobre,0,4,0.0,723.0,1.0,38.0,13,283,29991,6,1.0
97,0.0,0.0,0.0,1.0,2.0,5,72.80421840935115,72.80421840935115,pobre,0,4,0.0,723.0,1.0,38.0,9,283,29992,2,1.0
98,0.0,0.0,0.0,1.0,3.0,5,72.80421840935115,72.80421840935115,pobre,0,4,0.0,723.0,1.0,38.0,10,283,29992,2,1.0
97,1.0,0.0,0.0,1.0,1.0,5,72.80421840935115,72.80421840935115,pobre,0,4,0.0,723.0,1.0,38.0,7,283,29993,1,1.0
98,1.0,0.0,0.0,1.0,2.0,5,72.80421840935115,72.80421840935115,pobre,0,4,0.0,723.0,1.0,38.0,8,283,29993,1,1.0
97,0.0,0.0,0.0,0.0,4.0,8,72.80421840935115,72.80421840935115,pobre,0,1,600.0,552.0,1.0,60.0,16,283,29994,4,0.0
98,0.0,0.0,0.0,,,8,72.80421840935115,72.80421840935115,pobre,0,1,600.0,552.0,1.0,60.0,17,283,29994,4,0.0
97,1.0,0.0,0.0,0.0,6.0,8,72.80421840935115,72.80421840935115,pobre,0,1,600.0,552.0,1.0,60.0,15,283,29995,6,0.0
98,1.0,0.0,0.0,0.0,6.0,8,72.80421840935115,72.80421840935115,pobre,0,1,600.0,552.0,1.0,60.0,16,283,29995,6,0.0
97,1.0,0.0,0.0,0.0,2.0,8,72.80421840935115,72.80421840935115,pobre,0,1,600.0,552.0,1.0,60.0,14,283,29996,2,0.0
98,1.0,0.0,0.0,0.0,4.0,8,72.80421840935115,72.80421840935115,pobre,0,1,600.0,552.0,1.0,60.0,15,283,29996,2,0.0
97,0.0,0.0,0.0,0.0,6.0,12,72.80421840935115,72.80421840935115,pobre,0,1,1060.0,533.0,1.0,41.0,16,283,29997,6,0.0
98,0.0,0.0,0.0,,,12,72.80421840935115,72.80421840935115,pobre,0,1,1060.0,533.0,1.0,41.0,17,283,29997,6,0.0
97,0.0,0.0,0.0,0.0,6.0,12,72.80421840935115,72.80421840935115,pobre,0,1,1060.0,533.0,1.0,41.0,15,283,29998,6,0.0
98,0.0,0.0,0.0,0.0,6.0,12,72.80421840935115,72.80421840935115,pobre,0,1,1060.0,533.0,1.0,41.0,16,283,29998,6,0.0
97,0.0,0.0,0.0,1.0,5.0,12,72.80421840935115,72.80421840935115,pobre,0,1,1060.0,533.0,1.0,41.0,12,283,29999,5,1.0
98,0.0,0.0,0.0,1.0,4.0,12,72.80421840935115,72.80421840935115,pobre,0,1,1060.0,533.0,1.0,41.0,13,283,29999,5,1.0
97,1.0,0.0,0.0,1.0,4.0,12,72.80421840935115,72.80421840935115,pobre,0,1,1060.0,533.0,1.0,41.0,10,283,30000,4,1.0
98,1.0,0.0,0.0,1.0,5.0,12,72.80421840935115,72.80421840935115,pobre,0,1,1060.0,533.0,1.0,41.0,11,283,30000,4,1.0
97,1.0,0.0,0.0,1.0,2.0,12,72.80421840935115,72.80421840935115,pobre,0,1,1060.0,533.0,1.0,41.0,8,283,30001,2,1.0
98,1.0,0.0,0.0,1.0,2.0,12,72.80421840935115,72.80421840935115,pobre,0,1,1060.0,533.0,1.0,41.0,9,283,30001,2,1.0
97,0.0,0.0,5.3990002,1.0,6.0,4,126.8546743241916,126.8546743241916,pobre,0,0,0.0,681.0,0.0,88.0,14,287,30002,6,1.0
98,0.0,0.0,5.3990002,0.0,6.0,4,126.8546743241916,126.8546743241916,pobre,0,0,0.0,681.0,0.0,88.0,15,287,30002,6,1.0
97,1.0,0.0,5.3990002,1.0,1.0,4,126.8546743241916,126.8546743241916,pobre,0,0,0.0,681.0,0.0,88.0,7,287,30003,1,1.0
98,1.0,0.0,5.3990002,1.0,2.0,4,126.8546743241916,126.8546743241916,pobre,0,0,0.0,681.0,0.0,88.0,8,287,30003,1,1.0
97,1.0,0.0,2.145,1.0,4.0,7,21.85207949618637,21.85207949618637,pobre,0,2,0.0,606.5,1.0,45.0,14,165,30004,4,1.0
98,1.0,0.0,2.145,1.0,5.0,7,21.85207949618637,21.85207949618637,pobre,0,2,0.0,606.5,1.0,45.0,15,165,30004,4,1.0
97,0.0,0.0,2.145,1.0,3.0,7,21.85207949618637,21.85207949618637,pobre,0,2,0.0,606.5,1.0,45.0,10,165,30005,3,1.0
98,0.0,0.0,2.145,1.0,3.0,7,21.85207949618637,21.85207949618637,pobre,0,2,0.0,606.5,1.0,45.0,11,165,30005,3,1.0
97,0.0,0.0,0.0,0.0,9.0,10,72.80421840935115,72.80421840935115,pobre,0,2,7500.0,481.0,1.0,39.0,16,283,30006,9,0.0
98,0.0,0.0,0.0,0.0,9.0,10,72.80421840935115,72.80421840935115,pobre,0,2,7500.0,481.0,1.0,39.0,17,283,30006,9,0.0
97,0.0,0.0,0.0,0.0,6.0,10,72.80421840935115,72.80421840935115,pobre,0,2,7500.0,481.0,1.0,39.0,14,283,30007,6,0.0
98,0.0,0.0,0.0,0.0,6.0,10,72.80421840935115,72.80421840935115,pobre,0,2,7500.0,481.0,1.0,39.0,15,283,30007,6,0.0
97,1.0,0.0,0.0,1.0,6.0,10,72.80421840935115,72.80421840935115,pobre,0,2,7500.0,481.0,1.0,39.0,12,283,30008,6,1.0
98,1.0,0.0,0.0,1.0,7.0,10,72.80421840935115,72.80421840935115,pobre,0,2,7500.0,481.0,1.0,39.0,13,283,30008,6,1.0
97,0.0,0.0,0.0,1.0,4.0,10,72.80421840935115,72.80421840935115,pobre,0,2,7500.0,481.0,1.0,39.0,11,283,30009,4,1.0
98,0.0,0.0,0.0,1.0,5.0,10,72.80421840935115,72.80421840935115,pobre,0,2,7500.0,481.0,1.0,39.0,12,283,30009,4,1.0
97,1.0,0.0,0.0,1.0,2.0,10,72.80421840935115,72.80421840935115,pobre,0,2,7500.0,481.0,1.0,39.0,9,283,30010,2,1.0
98,1.0,0.0,0.0,1.0,1.0,10,72.80421840935115,72.80421840935115,pobre,0,2,7500.0,481.0,1.0,39.0,10,283,30010,2,1.0
97,1.0,0.0,0.0,,0.0,10,72.80421840935115,72.80421840935115,pobre,0,2,7500.0,481.0,1.0,39.0,7,283,30011,0,
98,1.0,0.0,0.0,,,10,72.80421840935115,72.80421840935115,pobre,0,2,7500.0,481.0,1.0,39.0,8,283,30011,0,
97,0.0,0.0,0.0,1.0,2.0,4,72.80421840935115,72.80421840935115,pobre,0,6,1400.0,795.0,1.0,40.0,8,283,30012,2,1.0
98,0.0,0.0,0.0,1.0,3.0,4,72.80421840935115,72.80421840935115,pobre,0,6,1400.0,795.0,1.0,40.0,9,283,30012,2,1.0
97,0.0,0.0,0.0,1.0,1.0,4,72.80421840935115,72.80421840935115,pobre,0,6,1400.0,795.0,1.0,40.0,7,283,30013,1,1.0
98,0.0,0.0,0.0,1.0,2.0,4,72.80421840935115,72.80421840935115,pobre,0,6,1400.0,795.0,1.0,40.0,8,283,30013,1,1.0
97,0.0,0.0,0.0,1.0,6.0,8,72.80421840935115,72.80421840935115,pobre,0,6,1200.0,634.0,1.0,34.0,13,283,30014,6,1.0
98,0.0,0.0,0.0,0.0,7.0,8,72.80421840935115,72.80421840935115,pobre,0,6,1200.0,634.0,1.0,34.0,14,283,30014,6,1.0
97,1.0,0.0,0.0,1.0,5.0,8,72.80421840935115,72.80421840935115,pobre,0,6,1200.0,634.0,1.0,34.0,11,283,30015,5,1.0
98,1.0,0.0,0.0,1.0,6.0,8,72.80421840935115,72.80421840935115,pobre,0,6,1200.0,634.0,1.0,34.0,12,283,30015,5,1.0
97,1.0,0.0,0.0,1.0,3.0,8,72.80421840935115,72.80421840935115,pobre,0,6,1200.0,634.0,1.0,34.0,9,283,30016,3,1.0
98,1.0,0.0,0.0,1.0,4.0,8,72.80421840935115,72.80421840935115,pobre,0,6,1200.0,634.0,1.0,34.0,10,283,30016,3,1.0
97,1.0,0.0,0.0,1.0,1.0,8,72.80421840935115,72.80421840935115,pobre,0,6,1200.0,634.0,1.0,34.0,7,283,30017,1,1.0
98,1.0,0.0,0.0,1.0,2.0,8,72.80421840935115,72.80421840935115,pobre,0,6,1200.0,634.0,1.0,34.0,8,283,30017,1,1.0
97,1.0,0.0,0.0,1.0,2.0,4,72.80421840935115,72.80421840935115,pobre,0,6,1400.0,688.0,1.0,26.0,8,283,30018,2,1.0
98,1.0,0.0,0.0,1.0,3.0,4,72.80421840935115,72.80421840935115,pobre,0,6,1400.0,688.0,1.0,26.0,9,283,30018,2,1.0
97,0.0,0.0,0.0,1.0,0.0,4,72.80421840935115,72.80421840935115,pobre,0,6,1400.0,688.0,1.0,26.0,6,283,30019,0,1.0
98,0.0,0.0,0.0,1.0,0.0,4,72.80421840935115,72.80421840935115,pobre,0,6,1400.0,688.0,1.0,26.0,7,283,30019,0,1.0
97,1.0,0.0,0.0,1.0,8.0,7,72.80421840935115,72.80421840935115,no pobre,0,0,50.0,896.20099,1.0,60.0,14,283,30020,8,1.0
98,1.0,0.0,0.0,0.0,9.0,7,72.80421840935115,72.80421840935115,no pobre,0,0,50.0,896.20099,1.0,60.0,15,283,30020,8,1.0
97,0.0,0.0,0.0,0.0,9.0,7,72.80421840935115,72.80421840935115,no pobre,0,0,50.0,896.20099,1.0,60.0,15,283,30021,9,0.0
98,0.0,0.0,0.0,,,7,72.80421840935115,72.80421840935115,no pobre,0,0,50.0,896.20099,1.0,60.0,16,283,30021,9,0.0
97,0.0,0.0,0.0,1.0,2.0,7,72.80421840935115,72.80421840935115,no pobre,0,0,50.0,896.20099,1.0,60.0,8,283,30022,2,1.0
98,0.0,0.0,0.0,1.0,3.0,7,72.80421840935115,72.80421840935115,no pobre,0,0,50.0,896.20099,1.0,60.0,9,283,30022,2,1.0
97,1.0,0.0,0.0,1.0,6.0,5,72.80421840935115,72.80421840935115,pobre,0,4,800.0,645.0,1.0,34.0,13,283,30023,6,1.0
98,1.0,0.0,0.0,0.0,6.0,5,72.80421840935115,72.80421840935115,pobre,0,4,800.0,645.0,1.0,34.0,14,283,30023,6,1.0
97,0.0,0.0,0.0,1.0,5.0,5,72.80421840935115,72.80421840935115,pobre,0,4,800.0,645.0,1.0,34.0,12,283,30024,5,1.0
98,0.0,0.0,0.0,0.0,5.0,5,72.80421840935115,72.80421840935115,pobre,0,4,800.0,645.0,1.0,34.0,13,283,30024,5,1.0
97,1.0,0.0,0.0,1.0,2.0,5,72.80421840935115,72.80421840935115,pobre,0,4,800.0,645.0,1.0,34.0,9,283,30025,2,1.0
98,1.0,0.0,0.0,1.0,3.0,5,72.80421840935115,72.80421840935115,pobre,0,4,800.0,645.0,1.0,34.0,10,283,30025,2,1.0
97,1.0,0.0,2.145,0.0,6.0,6,21.85207949618637,21.85207949618637,pobre,0,3,0.0,539.0,1.0,42.0,16,165,30026,6,0.0
98,1.0,0.0,2.145,,,6,21.85207949618637,21.85207949618637,pobre,0,3,0.0,539.0,1.0,42.0,17,165,30026,6,0.0
97,1.0,0.0,2.145,1.0,7.0,6,21.85207949618637,21.85207949618637,pobre,0,3,0.0,539.0,1.0,42.0,14,165,30027,7,1.0
98,1.0,0.0,2.145,1.0,8.0,6,21.85207949618637,21.85207949618637,pobre,0,3,0.0,539.0,1.0,42.0,15,165,30027,7,1.0
97,1.0,0.0,2.145,1.0,6.0,6,21.85207949618637,21.85207949618637,pobre,0,3,0.0,539.0,1.0,42.0,12,165,30028,6,1.0
98,1.0,0.0,2.145,1.0,7.0,6,21.85207949618637,21.85207949618637,pobre,0,3,0.0,539.0,1.0,42.0,13,165,30028,6,1.0
97,0.0,0.0,2.145,1.0,2.0,6,21.85207949618637,21.85207949618637,pobre,0,3,0.0,539.0,1.0,42.0,8,165,30029,2,1.0
98,0.0,0.0,2.145,1.0,3.0,6,21.85207949618637,21.85207949618637,pobre,0,3,0.0,539.0,1.0,42.0,9,165,30029,2,1.0
97,0.0,0.0,2.145,0.0,6.0,10,21.85207949618637,21.85207949618637,pobre,0,0,0.0,445.0,1.0,38.0,16,165,30030,6,0.0
98,0.0,0.0,2.145,,,10,21.85207949618637,21.85207949618637,pobre,0,0,0.0,445.0,1.0,38.0,17,165,30030,6,0.0
97,1.0,0.0,2.145,0.0,4.0,10,21.85207949618637,21.85207949618637,pobre,0,0,0.0,445.0,1.0,38.0,14,165,30031,4,0.0
98,1.0,0.0,2.145,0.0,4.0,10,21.85207949618637,21.85207949618637,pobre,0,0,0.0,445.0,1.0,38.0,15,165,30031,4,0.0
97,1.0,0.0,2.145,1.0,3.0,10,21.85207949618637,21.85207949618637,pobre,0,0,0.0,445.0,1.0,38.0,12,165,30032,3,1.0
98,1.0,0.0,2.145,1.0,3.0,10,21.85207949618637,21.85207949618637,pobre,0,0,0.0,445.0,1.0,38.0,13,165,30032,3,1.0
97,1.0,0.0,2.145,1.0,1.0,10,21.85207949618637,21.85207949618637,pobre,0,0,0.0,445.0,1.0,38.0,10,165,30033,1,1.0
98,1.0,0.0,2.145,1.0,1.0,10,21.85207949618637,21.85207949618637,pobre,0,0,0.0,445.0,1.0,38.0,11,165,30033,1,1.0
97,0.0,0.0,2.145,1.0,1.0,10,21.85207949618637,21.85207949618637,pobre,0,0,0.0,445.0,1.0,38.0,8,165,30034,1,1.0
98,0.0,0.0,2.145,1.0,1.0,10,21.85207949618637,21.85207949618637,pobre,0,0,0.0,445.0,1.0,38.0,9,165,30034,1,1.0
97,1.0,0.0,2.145,1.0,1.0,10,21.85207949618637,21.85207949618637,pobre,0,0,0.0,445.0,1.0,38.0,6,165,30035,1,1.0
98,1.0,0.0,2.145,1.0,1.0,10,21.85207949618637,21.85207949618637,pobre,0,0,0.0,445.0,1.0,38.0,7,165,30035,1,1.0
97,1.0,0.0,2.145,1.0,3.0,10,21.85207949618637,21.85207949618637,pobre,0,0,0.0,324.0,1.0,43.0,15,165,30036,3,1.0
98,1.0,0.0,2.145,,,10,21.85207949618637,21.85207949618637,pobre,0,0,0.0,324.0,1.0,43.0,16,165,30036,3,1.0
97,1.0,0.0,2.145,,0.0,10,21.85207949618637,21.85207949618637,pobre,0,0,0.0,324.0,1.0,43.0,13,165,30037,0,
98,1.0,0.0,2.145,,,10,21.85207949618637,21.85207949618637,pobre,0,0,0.0,324.0,1.0,43.0,14,165,30037,0,
97,1.0,0.0,2.145,0.0,1.0,10,21.85207949618637,21.85207949618637,pobre,0,0,0.0,324.0,1.0,43.0,12,165,30038,1,0.0
98,1.0,0.0,2.145,1.0,1.0,10,21.85207949618637,21.85207949618637,pobre,0,0,0.0,324.0,1.0,43.0,13,165,30038,1,0.0
97,0.0,0.0,2.145,1.0,1.0,10,21.85207949618637,21.85207949618637,pobre,0,0,0.0,324.0,1.0,43.0,10,165,30039,1,1.0
98,0.0,0.0,2.145,1.0,2.0,10,21.85207949618637,21.85207949618637,pobre,0,0,0.0,324.0,1.0,43.0,11,165,30039,1,1.0
97,0.0,0.0,2.145,1.0,2.0,10,21.85207949618637,21.85207949618637,pobre,0,0,0.0,324.0,1.0,43.0,7,165,30040,2,1.0
98,0.0,0.0,2.145,1.0,2.0,10,21.85207949618637,21.85207949618637,pobre,0,0,0.0,324.0,1.0,43.0,8,165,30040,2,1.0
97,0.0,0.0,2.145,1.0,3.0,10,21.85207949618637,21.85207949618637,pobre,0,0,0.0,324.0,1.0,43.0,6,165,30041,3,1.0
98,0.0,0.0,2.145,1.0,3.0,10,21.85207949618637,21.85207949618637,pobre,0,0,0.0,324.0,1.0,43.0,7,165,30041,3,1.0
97,1.0,0.0,2.145,0.0,3.0,7,21.85207949618637,21.85207949618637,pobre,0,2,0.0,529.33002,0.0,39.0,15,165,30042,3,0.0
98,1.0,0.0,2.145,0.0,3.0,7,21.85207949618637,21.85207949618637,pobre,0,2,0.0,529.33002,0.0,39.0,16,165,30042,3,0.0
97,1.0,0.0,2.145,0.0,6.0,7,21.85207949618637,21.85207949618637,pobre,0,2,0.0,529.33002,0.0,39.0,14,165,30043,6,0.0
98,1.0,0.0,2.145,0.0,6.0,7,21.85207949618637,21.85207949618637,pobre,0,2,0.0,529.33002,0.0,39.0,15,165,30043,6,0.0
97,1.0,0.0,2.145,1.0,4.0,7,21.85207949618637,21.85207949618637,pobre,0,2,0.0,529.33002,0.0,39.0,12,165,30044,4,1.0
98,1.0,0.0,2.145,1.0,5.0,7,21.85207949618637,21.85207949618637,pobre,0,2,0.0,529.33002,0.0,39.0,13,165,30044,4,1.0
97,1.0,0.0,2.145,1.0,1.0,7,21.85207949618637,21.85207949618637,pobre,0,2,0.0,529.33002,0.0,39.0,7,165,30045,1,1.0
98,1.0,0.0,2.145,1.0,2.0,7,21.85207949618637,21.85207949618637,pobre,0,2,0.0,529.33002,0.0,39.0,8,165,30045,1,1.0
97,0.0,0.0,2.145,0.0,6.0,9,21.85207949618637,21.85207949618637,no pobre,0,3,0.0,684.0,1.0,44.0,16,165,30046,6,0.0
98,0.0,0.0,2.145,,,9,21.85207949618637,21.85207949618637,no pobre,0,3,0.0,684.0,1.0,44.0,17,165,30046,6,0.0
97,0.0,0.0,2.145,0.0,6.0,9,21.85207949618637,21.85207949618637,no pobre,0,3,0.0,684.0,1.0,44.0,14,165,30047,6,0.0
98,0.0,0.0,2.145,0.0,6.0,9,21.85207949618637,21.85207949618637,no pobre,0,3,0.0,684.0,1.0,44.0,15,165,30047,6,0.0
97,1.0,0.0,2.145,1.0,6.0,9,21.85207949618637,21.85207949618637,no pobre,0,3,0.0,684.0,1.0,44.0,12,165,30048,6,1.0
98,1.0,0.0,2.145,1.0,7.0,9,21.85207949618637,21.85207949618637,no pobre,0,3,0.0,684.0,1.0,44.0,13,165,30048,6,1.0
97,0.0,0.0,2.145,1.0,4.0,9,21.85207949618637,21.85207949618637,no pobre,0,3,0.0,684.0,1.0,44.0,10,165,30049,4,1.0
98,0.0,0.0,2.145,1.0,5.0,9,21.85207949618637,21.85207949618637,no pobre,0,3,0.0,684.0,1.0,44.0,11,165,30049,4,1.0
97,1.0,0.0,2.145,1.0,1.0,9,21.85207949618637,21.85207949618637,no pobre,0,3,0.0,684.0,1.0,44.0,7,165,30050,1,1.0
98,1.0,0.0,2.145,1.0,2.0,9,21.85207949618637,21.85207949618637,no pobre,0,3,0.0,684.0,1.0,44.0,8,165,30050,1,1.0
97,0.0,0.0,2.145,1.0,6.0,5,21.85207949618637,21.85207949618637,no pobre,0,3,0.0,568.66998,0.0,44.0,12,165,30051,6,1.0
98,0.0,0.0,2.145,1.0,7.0,5,21.85207949618637,21.85207949618637,no pobre,0,3,0.0,568.66998,0.0,44.0,13,165,30051,6,1.0
97,1.0,0.0,2.145,0.0,6.0,7,21.85207949618637,21.85207949618637,pobre,0,5,0.0,542.33002,1.0,39.0,16,165,30052,6,0.0
98,1.0,0.0,2.145,,,7,21.85207949618637,21.85207949618637,pobre,0,5,0.0,542.33002,1.0,39.0,17,165,30052,6,0.0
97,1.0,0.0,2.145,0.0,6.0,7,21.85207949618637,21.85207949618637,pobre,0,5,0.0,542.33002,1.0,39.0,14,165,30053,6,0.0
98,1.0,0.0,2.145,0.0,6.0,7,21.85207949618637,21.85207949618637,pobre,0,5,0.0,542.33002,1.0,39.0,15,165,30053,6,0.0
97,1.0,0.0,2.145,1.0,7.0,7,21.85207949618637,21.85207949618637,pobre,0,5,0.0,542.33002,1.0,39.0,13,165,30054,7,1.0
98,1.0,0.0,2.145,1.0,8.0,7,21.85207949618637,21.85207949618637,pobre,0,5,0.0,542.33002,1.0,39.0,14,165,30054,7,1.0
97,1.0,0.0,2.145,1.0,5.0,7,21.85207949618637,21.85207949618637,pobre,0,5,0.0,542.33002,1.0,39.0,11,165,30055,5,1.0
98,1.0,0.0,2.145,1.0,6.0,7,21.85207949618637,21.85207949618637,pobre,0,5,0.0,542.33002,1.0,39.0,12,165,30055,5,1.0
97,0.0,0.0,2.145,1.0,2.0,7,21.85207949618637,21.85207949618637,pobre,0,5,0.0,542.33002,1.0,39.0,8,165,30056,2,1.0
98,0.0,0.0,2.145,1.0,3.0,7,21.85207949618637,21.85207949618637,pobre,0,5,0.0,542.33002,1.0,39.0,9,165,30056,2,1.0
97,0.0,0.0,3.3369999,0.0,6.0,9,16.59639619892968,16.59639619892968,pobre,basal,0,400.0,643.0,1.0,55.0,15,162,30057,6,0.0
98,0.0,0.0,3.3369999,0.0,6.0,9,16.59639619892968,16.59639619892968,pobre,basal,0,400.0,643.0,1.0,55.0,16,162,30057,6,0.0
97,1.0,0.0,3.3369999,1.0,3.0,9,16.59639619892968,16.59639619892968,pobre,basal,0,400.0,643.0,1.0,55.0,13,162,30058,3,1.0
98,1.0,0.0,3.3369999,0.0,4.0,9,16.59639619892968,16.59639619892968,pobre,basal,0,400.0,643.0,1.0,55.0,14,162,30058,3,1.0
97,0.0,0.0,3.3369999,1.0,2.0,9,16.59639619892968,16.59639619892968,pobre,basal,0,400.0,643.0,1.0,55.0,11,162,30059,2,1.0
98,0.0,0.0,3.3369999,1.0,2.0,9,16.59639619892968,16.59639619892968,pobre,basal,0,400.0,643.0,1.0,55.0,12,162,30059,2,1.0
97,0.0,0.0,3.3369999,1.0,2.0,9,16.59639619892968,16.59639619892968,pobre,basal,0,400.0,643.0,1.0,55.0,9,162,30060,2,1.0
98,0.0,0.0,3.3369999,1.0,2.0,9,16.59639619892968,16.59639619892968,pobre,basal,0,400.0,643.0,1.0,55.0,10,162,30060,2,1.0
97,0.0,0.0,3.3369999,1.0,0.0,9,16.59639619892968,16.59639619892968,pobre,basal,0,400.0,643.0,1.0,55.0,6,162,30061,0,1.0
98,0.0,0.0,3.3369999,1.0,1.0,9,16.59639619892968,16.59639619892968,pobre,basal,0,400.0,643.0,1.0,55.0,7,162,30061,0,1.0
97,0.0,0.0,3.3369999,0.0,6.0,7,16.59639619892968,16.59639619892968,pobre,basal,2,0.0,497.0,1.0,36.0,15,162,30062,6,0.0
98,0.0,0.0,3.3369999,0.0,6.0,7,16.59639619892968,16.59639619892968,pobre,basal,2,0.0,497.0,1.0,36.0,16,162,30062,6,0.0
97,0.0,0.0,3.3369999,1.0,4.0,7,16.59639619892968,16.59639619892968,pobre,basal,2,0.0,497.0,1.0,36.0,11,162,30063,4,1.0
98,0.0,0.0,3.3369999,1.0,4.0,7,16.59639619892968,16.59639619892968,pobre,basal,2,0.0,497.0,1.0,36.0,12,162,30063,4,1.0
97,1.0,0.0,3.3369999,1.0,2.0,7,16.59639619892968,16.59639619892968,pobre,basal,2,0.0,497.0,1.0,36.0,8,162,30064,2,1.0
98,1.0,0.0,3.3369999,1.0,3.0,7,16.59639619892968,16.59639619892968,pobre,basal,2,0.0,497.0,1.0,36.0,9,162,30064,2,1.0
97,0.0,0.0,3.3369999,1.0,6.0,6,16.59639619892968,16.59639619892968,no pobre,basal,6,0.0,718.0,1.0,53.0,14,162,30065,6,1.0
98,0.0,0.0,3.3369999,0.0,6.0,6,16.59639619892968,16.59639619892968,no pobre,basal,6,0.0,718.0,1.0,53.0,15,162,30065,6,1.0
97,1.0,0.0,3.3369999,1.0,3.0,5,16.59639619892968,16.59639619892968,pobre,basal,3,0.0,609.0,1.0,35.0,9,162,30066,3,1.0
98,1.0,0.0,3.3369999,1.0,4.0,5,16.59639619892968,16.59639619892968,pobre,basal,3,0.0,609.0,1.0,35.0,10,162,30066,3,1.0
97,1.0,0.0,3.3369999,1.0,6.0,9,16.59639619892968,16.59639619892968,pobre,basal,3,0.0,622.5,1.0,77.0,12,162,30067,6,1.0
98,1.0,0.0,3.3369999,1.0,7.0,9,16.59639619892968,16.59639619892968,pobre,basal,3,0.0,622.5,1.0,77.0,13,162,30067,6,1.0
97,1.0,0.0,3.3369999,1.0,3.0,9,16.59639619892968,16.59639619892968,pobre,basal,3,0.0,622.5,1.0,77.0,9,162,30068,3,1.0
98,1.0,0.0,3.3369999,1.0,4.0,9,16.59639619892968,16.59639619892968,pobre,basal,3,0.0,622.5,1.0,77.0,10,162,30068,3,1.0
97,0.0,0.0,3.3369999,1.0,1.0,9,16.59639619892968,16.59639619892968,pobre,basal,3,0.0,622.5,1.0,77.0,7,162,30069,1,1.0
98,0.0,0.0,3.3369999,1.0,2.0,9,16.59639619892968,16.59639619892968,pobre,basal,3,0.0,622.5,1.0,77.0,8,162,30069,1,1.0
97,1.0,0.0,3.3369999,1.0,4.0,7,16.59639619892968,16.59639619892968,no pobre,basal,0,1500.0,799.25,1.0,43.0,14,162,30070,4,1.0
98,1.0,0.0,3.3369999,1.0,4.0,7,16.59639619892968,16.59639619892968,no pobre,basal,0,1500.0,799.25,1.0,43.0,15,162,30070,4,1.0
97,0.0,0.0,3.3369999,0.0,6.0,8,16.59639619892968,16.59639619892968,no pobre,basal,3,12000.0,741.0,1.0,42.0,16,162,30071,6,0.0
98,0.0,0.0,3.3369999,,6.0,8,16.59639619892968,16.59639619892968,no pobre,basal,3,12000.0,741.0,1.0,42.0,17,162,30071,6,0.0
97,0.0,0.0,3.3369999,0.0,6.0,8,16.59639619892968,16.59639619892968,no pobre,basal,3,12000.0,741.0,1.0,42.0,13,162,30072,6,0.0
98,0.0,0.0,3.3369999,0.0,6.0,8,16.59639619892968,16.59639619892968,no pobre,basal,3,12000.0,741.0,1.0,42.0,14,162,30072,6,0.0
97,1.0,0.0,3.3369999,1.0,7.0,8,16.59639619892968,16.59639619892968,no pobre,basal,3,12000.0,741.0,1.0,42.0,14,162,30073,7,1.0
98,1.0,0.0,3.3369999,1.0,8.0,8,16.59639619892968,16.59639619892968,no pobre,basal,3,12000.0,741.0,1.0,42.0,15,162,30073,7,1.0
97,1.0,0.0,3.3369999,1.0,4.0,8,16.59639619892968,16.59639619892968,no pobre,basal,3,12000.0,741.0,1.0,42.0,10,162,30074,4,1.0
98,1.0,0.0,3.3369999,1.0,5.0,8,16.59639619892968,16.59639619892968,no pobre,basal,3,12000.0,741.0,1.0,42.0,11,162,30074,4,1.0
97,0.0,0.0,3.3369999,0.0,6.0,10,16.59639619892968,16.59639619892968,pobre,basal,3,0.0,644.0,1.0,45.0,16,162,30075,6,0.0
98,0.0,0.0,3.3369999,0.0,6.0,10,16.59639619892968,16.59639619892968,pobre,basal,3,0.0,644.0,1.0,45.0,17,162,30075,6,0.0
97,0.0,0.0,3.3369999,0.0,6.0,10,16.59639619892968,16.59639619892968,pobre,basal,3,0.0,644.0,1.0,45.0,13,162,30076,6,0.0
98,0.0,0.0,3.3369999,0.0,6.0,10,16.59639619892968,16.59639619892968,pobre,basal,3,0.0,644.0,1.0,45.0,14,162,30076,6,0.0
97,0.0,0.0,3.3369999,1.0,0.0,6,16.59639619892968,16.59639619892968,pobre,basal,4,1000.0,554.0,1.0,26.0,6,162,30077,0,1.0
98,0.0,0.0,3.3369999,1.0,0.0,6,16.59639619892968,16.59639619892968,pobre,basal,4,1000.0,554.0,1.0,26.0,7,162,30077,0,1.0
97,1.0,0.0,3.3369999,1.0,2.0,5,16.59639619892968,16.59639619892968,pobre,basal,3,1000.0,604.0,1.0,26.0,8,162,30078,2,1.0
98,1.0,0.0,3.3369999,,,5,16.59639619892968,16.59639619892968,pobre,basal,3,1000.0,604.0,1.0,26.0,9,162,30078,2,1.0
97,1.0,0.0,3.3369999,1.0,0.0,5,16.59639619892968,16.59639619892968,pobre,basal,6,0.0,598.0,1.0,34.0,6,162,30079,0,1.0
98,1.0,0.0,3.3369999,1.0,1.0,5,16.59639619892968,16.59639619892968,pobre,basal,6,0.0,598.0,1.0,34.0,7,162,30079,0,1.0
97,1.0,0.0,3.3369999,0.0,6.0,13,16.59639619892968,16.59639619892968,pobre,basal,2,320.0,638.20001,0.0,42.0,16,162,30080,6,0.0
98,1.0,0.0,3.3369999,,,13,16.59639619892968,16.59639619892968,pobre,basal,2,320.0,638.20001,0.0,42.0,17,162,30080,6,0.0
97,0.0,0.0,3.3369999,0.0,6.0,13,16.59639619892968,16.59639619892968,pobre,basal,2,320.0,638.20001,0.0,42.0,14,162,30081,6,0.0
98,0.0,0.0,3.3369999,0.0,6.0,13,16.59639619892968,16.59639619892968,pobre,basal,2,320.0,638.20001,0.0,42.0,15,162,30081,6,0.0
97,0.0,0.0,3.3369999,0.0,3.0,13,16.59639619892968,16.59639619892968,pobre,basal,2,320.0,638.20001,0.0,42.0,12,162,30082,3,0.0
98,0.0,0.0,3.3369999,0.0,4.0,13,16.59639619892968,16.59639619892968,pobre,basal,2,320.0,638.20001,0.0,42.0,13,162,30082,3,0.0
97,1.0,0.0,3.3369999,1.0,2.0,13,16.59639619892968,16.59639619892968,pobre,basal,2,320.0,638.20001,0.0,42.0,10,162,30083,2,1.0
98,1.0,0.0,3.3369999,1.0,3.0,13,16.59639619892968,16.59639619892968,pobre,basal,2,320.0,638.20001,0.0,42.0,11,162,30083,2,1.0
97,0.0,0.0,3.3369999,1.0,0.0,13,16.59639619892968,16.59639619892968,pobre,basal,2,320.0,638.20001,0.0,42.0,6,162,30084,0,1.0
98,0.0,0.0,3.3369999,1.0,1.0,13,16.59639619892968,16.59639619892968,pobre,basal,2,320.0,638.20001,0.0,42.0,7,162,30084,0,1.0
97,0.0,0.0,3.3369999,1.0,1.0,13,16.59639619892968,16.59639619892968,pobre,basal,2,320.0,638.20001,0.0,42.0,7,162,30085,1,1.0
98,0.0,0.0,3.3369999,1.0,1.0,13,16.59639619892968,16.59639619892968,pobre,basal,2,320.0,638.20001,0.0,42.0,8,162,30085,1,1.0
97,0.0,0.0,3.3369999,1.0,0.0,13,16.59639619892968,16.59639619892968,pobre,basal,2,320.0,638.20001,0.0,42.0,6,162,30086,0,1.0
98,0.0,0.0,3.3369999,1.0,3.0,13,16.59639619892968,16.59639619892968,pobre,basal,2,320.0,638.20001,0.0,42.0,7,162,30086,0,1.0
97,0.0,0.0,3.3369999,0.0,6.0,6,16.59639619892968,16.59639619892968,pobre,basal,3,0.0,556.0,1.0,35.0,15,162,30087,6,0.0
98,0.0,0.0,3.3369999,0.0,6.0,6,16.59639619892968,16.59639619892968,pobre,basal,3,0.0,556.0,1.0,35.0,16,162,30087,6,0.0
97,0.0,0.0,3.3369999,0.0,6.0,6,16.59639619892968,16.59639619892968,pobre,basal,3,0.0,556.0,1.0,35.0,13,162,30088,6,0.0
98,0.0,0.0,3.3369999,0.0,6.0,6,16.59639619892968,16.59639619892968,pobre,basal,3,0.0,556.0,1.0,35.0,14,162,30088,6,0.0
97,1.0,0.0,3.3369999,1.0,4.0,6,16.59639619892968,16.59639619892968,pobre,basal,3,0.0,556.0,1.0,35.0,10,162,30089,4,1.0
98,1.0,0.0,3.3369999,1.0,5.0,6,16.59639619892968,16.59639619892968,pobre,basal,3,0.0,556.0,1.0,35.0,11,162,30089,4,1.0
97,0.0,0.0,3.3369999,1.0,3.0,6,16.59639619892968,16.59639619892968,pobre,basal,3,0.0,556.0,1.0,35.0,8,162,30090,3,1.0
98,0.0,0.0,3.3369999,1.0,3.0,6,16.59639619892968,16.59639619892968,pobre,basal,3,0.0,556.0,1.0,35.0,9,162,30090,3,1.0
97,1.0,0.0,3.3369999,0.0,6.0,9,16.59639619892968,16.59639619892968,pobre,basal,2,0.0,467.0,1.0,41.0,16,162,30091,6,0.0
98,1.0,0.0,3.3369999,,,9,16.59639619892968,16.59639619892968,pobre,basal,2,0.0,467.0,1.0,41.0,17,162,30091,6,0.0
97,0.0,0.0,3.3369999,0.0,8.0,9,16.59639619892968,16.59639619892968,pobre,basal,2,0.0,467.0,1.0,41.0,14,162,30092,8,0.0
98,0.0,0.0,3.3369999,1.0,8.0,9,16.59639619892968,16.59639619892968,pobre,basal,2,0.0,467.0,1.0,41.0,15,162,30092,8,0.0
97,1.0,0.0,3.3369999,1.0,5.0,9,16.59639619892968,16.59639619892968,pobre,basal,2,0.0,467.0,1.0,41.0,13,162,30093,5,1.0
98,1.0,0.0,3.3369999,1.0,6.0,9,16.59639619892968,16.59639619892968,pobre,basal,2,0.0,467.0,1.0,41.0,14,162,30093,5,1.0
97,1.0,0.0,3.3369999,1.0,5.0,9,16.59639619892968,16.59639619892968,pobre,basal,2,0.0,467.0,1.0,41.0,10,162,30094,5,1.0
98,1.0,0.0,3.3369999,1.0,6.0,9,16.59639619892968,16.59639619892968,pobre,basal,2,0.0,467.0,1.0,41.0,11,162,30094,5,1.0
97,1.0,0.0,3.3369999,1.0,2.0,9,16.59639619892968,16.59639619892968,pobre,basal,2,0.0,467.0,1.0,41.0,9,162,30095,2,1.0
98,1.0,0.0,3.3369999,1.0,3.0,9,16.59639619892968,16.59639619892968,pobre,basal,2,0.0,467.0,1.0,41.0,10,162,30095,2,1.0
97,0.0,0.0,3.3369999,1.0,2.0,9,16.59639619892968,16.59639619892968,pobre,basal,2,0.0,467.0,1.0,41.0,7,162,30096,2,1.0
98,0.0,0.0,3.3369999,1.0,3.0,9,16.59639619892968,16.59639619892968,pobre,basal,2,0.0,467.0,1.0,41.0,8,162,30096,2,1.0
97,0.0,0.0,3.3369999,0.0,6.0,10,16.59639619892968,16.59639619892968,pobre,basal,1,800.0,712.0,1.0,45.0,16,162,30097,6,0.0
98,0.0,0.0,3.3369999,,,10,16.59639619892968,16.59639619892968,pobre,basal,1,800.0,712.0,1.0,45.0,17,162,30097,6,0.0
97,1.0,0.0,3.3369999,1.0,5.0,10,16.59639619892968,16.59639619892968,pobre,basal,1,800.0,712.0,1.0,45.0,13,162,30098,5,1.0
98,1.0,0.0,3.3369999,0.0,6.0,10,16.59639619892968,16.59639619892968,pobre,basal,1,800.0,712.0,1.0,45.0,14,162,30098,5,1.0
97,0.0,0.0,3.3369999,1.0,4.0,10,16.59639619892968,16.59639619892968,pobre,basal,1,800.0,712.0,1.0,45.0,11,162,30099,4,1.0
98,0.0,0.0,3.3369999,1.0,5.0,10,16.59639619892968,16.59639619892968,pobre,basal,1,800.0,712.0,1.0,45.0,12,162,30099,4,1.0
97,1.0,0.0,3.3369999,1.0,2.0,10,16.59639619892968,16.59639619892968,pobre,basal,1,800.0,712.0,1.0,45.0,8,162,30100,2,1.0
98,1.0,0.0,3.3369999,1.0,3.0,10,16.59639619892968,16.59639619892968,pobre,basal,1,800.0,712.0,1.0,45.0,9,162,30100,2,1.0
97,0.0,0.0,4.0780001,1.0,7.0,6,85.13876965639903,86.90983360929401,pobre,basal,6,750.0,523.0,1.0,55.0,14,148,30101,7,1.0
98,0.0,0.0,4.0780001,1.0,8.0,6,85.13876965639903,86.90983360929401,pobre,basal,6,750.0,523.0,1.0,55.0,15,148,30101,7,1.0
97,0.0,0.0,4.0780001,1.0,5.0,6,85.13876965639903,86.90983360929401,pobre,basal,6,750.0,523.0,1.0,55.0,12,148,30102,5,1.0
98,0.0,0.0,4.0780001,1.0,6.0,6,85.13876965639903,86.90983360929401,pobre,basal,6,750.0,523.0,1.0,55.0,13,148,30102,5,1.0
97,0.0,0.0,4.0780001,1.0,2.0,6,85.13876965639903,86.90983360929401,pobre,basal,6,750.0,523.0,1.0,55.0,8,148,30103,2,1.0
98,0.0,0.0,4.0780001,1.0,3.0,6,85.13876965639903,86.90983360929401,pobre,basal,6,750.0,523.0,1.0,55.0,9,148,30103,2,1.0
97,1.0,0.0,4.0780001,1.0,2.0,6,85.13876965639903,86.90983360929401,pobre,basal,6,750.0,523.0,1.0,55.0,6,148,30104,2,1.0
98,1.0,0.0,4.0780001,1.0,3.0,6,85.13876965639903,86.90983360929401,pobre,basal,6,750.0,523.0,1.0,55.0,7,148,30104,2,1.0
97,1.0,0.0,4.0780001,1.0,4.0,4,85.13876965639903,86.90983360929401,pobre,basal,0,0.0,669.64001,0.0,60.0,11,148,30105,4,1.0
98,1.0,0.0,4.0780001,,,4,85.13876965639903,86.90983360929401,pobre,basal,0,0.0,669.64001,0.0,60.0,12,148,30105,4,1.0
97,1.0,0.0,4.0780001,1.0,2.0,4,85.13876965639903,86.90983360929401,pobre,basal,0,0.0,669.64001,0.0,60.0,9,148,30106,2,1.0
98,1.0,0.0,4.0780001,1.0,4.0,4,85.13876965639903,86.90983360929401,pobre,basal,0,0.0,669.64001,0.0,60.0,10,148,30106,2,1.0
97,1.0,0.0,4.0780001,0.0,10.0,6,85.13876965639903,86.90983360929401,no pobre,basal,3,750.0,919.0,1.0,47.0,16,148,30107,10,0.0
98,1.0,0.0,4.0780001,,,6,85.13876965639903,86.90983360929401,no pobre,basal,3,750.0,919.0,1.0,47.0,17,148,30107,10,0.0
97,0.0,0.0,4.0780001,1.0,10.0,6,85.13876965639903,86.90983360929401,no pobre,basal,3,750.0,919.0,1.0,47.0,15,148,30108,10,1.0
98,0.0,0.0,4.0780001,1.0,7.0,6,85.13876965639903,86.90983360929401,no pobre,basal,3,750.0,919.0,1.0,47.0,16,148,30108,10,1.0
97,0.0,0.0,4.0780001,1.0,6.0,6,85.13876965639903,86.90983360929401,no pobre,basal,3,750.0,919.0,1.0,47.0,11,148,30109,6,1.0
98,0.0,0.0,4.0780001,1.0,6.0,6,85.13876965639903,86.90983360929401,no pobre,basal,3,750.0,919.0,1.0,47.0,12,148,30109,6,1.0
97,0.0,0.0,4.0780001,1.0,4.0,6,85.13876965639903,86.90983360929401,no pobre,basal,3,750.0,919.0,1.0,47.0,9,148,30110,4,1.0
98,0.0,0.0,4.0780001,1.0,4.0,6,85.13876965639903,86.90983360929401,no pobre,basal,3,750.0,919.0,1.0,47.0,10,148,30110,4,1.0
97,0.0,1.0,2.119,1.0,6.0,10,153.0118503700081,287.475370239123,pobre,basal,4,375.0,721.0,1.0,70.0,14,422,30111,6,1.0
98,0.0,1.0,2.119,0.0,6.0,10,153.0118503700081,287.475370239123,pobre,basal,4,375.0,721.0,1.0,70.0,15,422,30111,6,1.0
97,1.0,1.0,2.119,1.0,4.0,10,153.0118503700081,287.475370239123,pobre,basal,4,375.0,721.0,1.0,70.0,11,422,30112,4,1.0
98,1.0,1.0,2.119,1.0,5.0,10,153.0118503700081,287.475370239123,pobre,basal,4,375.0,721.0,1.0,70.0,12,422,30112,4,1.0
97,1.0,1.0,2.119,1.0,2.0,10,153.0118503700081,287.475370239123,pobre,basal,4,375.0,721.0,1.0,70.0,8,422,30113,2,1.0
98,1.0,1.0,2.119,1.0,3.0,10,153.0118503700081,287.475370239123,pobre,basal,4,375.0,721.0,1.0,70.0,9,422,30113,2,1.0
97,1.0,1.0,2.119,0.0,6.0,4,153.0118503700081,287.475370239123,pobre,basal,3,625.0,739.0,1.0,50.0,15,422,30114,6,0.0
98,1.0,1.0,2.119,0.0,6.0,4,153.0118503700081,287.475370239123,pobre,basal,3,625.0,739.0,1.0,50.0,16,422,30114,6,0.0
97,1.0,1.0,2.119,0.0,3.0,4,153.0118503700081,287.475370239123,pobre,basal,3,625.0,739.0,1.0,50.0,9,422,30115,3,0.0
98,1.0,1.0,2.119,1.0,4.0,4,153.0118503700081,287.475370239123,pobre,basal,3,625.0,739.0,1.0,50.0,10,422,30115,3,0.0
97,1.0,1.0,4.4390001,1.0,6.0,7,141.0977350861535,286.0098668459468,pobre,basal,3,500.0,794.0,1.0,50.0,15,437,30116,6,1.0
98,1.0,1.0,4.4390001,0.0,8.0,7,141.0977350861535,286.0098668459468,pobre,basal,3,500.0,794.0,1.0,50.0,16,437,30116,6,1.0
97,1.0,1.0,4.4390001,1.0,4.0,7,141.0977350861535,286.0098668459468,pobre,basal,3,500.0,794.0,1.0,50.0,9,437,30117,4,1.0
98,1.0,1.0,4.4390001,1.0,5.0,7,141.0977350861535,286.0098668459468,pobre,basal,3,500.0,794.0,1.0,50.0,10,437,30117,4,1.0
97,0.0,1.0,4.4390001,1.0,0.0,7,141.0977350861535,286.0098668459468,pobre,basal,3,500.0,794.0,1.0,50.0,6,437,30118,0,1.0
98,0.0,1.0,4.4390001,1.0,1.0,7,141.0977350861535,286.0098668459468,pobre,basal,3,500.0,794.0,1.0,50.0,7,437,30118,0,1.0
97,1.0,1.0,2.119,1.0,5.0,7,153.0118503700081,287.475370239123,pobre,basal,3,600.0,684.5,1.0,48.0,12,422,30119,5,1.0
98,1.0,1.0,2.119,1.0,6.0,7,153.0118503700081,287.475370239123,pobre,basal,3,600.0,684.5,1.0,48.0,13,422,30119,5,1.0
97,0.0,1.0,2.119,1.0,2.0,7,153.0118503700081,287.475370239123,pobre,basal,3,600.0,684.5,1.0,48.0,7,422,30120,2,1.0
98,0.0,1.0,2.119,1.0,2.0,7,153.0118503700081,287.475370239123,pobre,basal,3,600.0,684.5,1.0,48.0,8,422,30120,2,1.0
97,1.0,1.0,2.119,1.0,7.0,6,153.0118503700081,287.475370239123,pobre,basal,2,375.0,662.0,1.0,41.0,15,422,30121,7,1.0
98,1.0,1.0,2.119,1.0,8.0,6,153.0118503700081,287.475370239123,pobre,basal,2,375.0,662.0,1.0,41.0,16,422,30121,7,1.0
97,0.0,1.0,2.119,1.0,3.0,6,153.0118503700081,287.475370239123,pobre,basal,2,375.0,662.0,1.0,41.0,10,422,30122,3,1.0
98,0.0,1.0,2.119,1.0,4.0,6,153.0118503700081,287.475370239123,pobre,basal,2,375.0,662.0,1.0,41.0,11,422,30122,3,1.0
97,0.0,1.0,2.119,1.0,1.0,6,153.0118503700081,287.475370239123,pobre,basal,2,375.0,662.0,1.0,41.0,7,422,30123,1,1.0
98,0.0,1.0,2.119,1.0,2.0,6,153.0118503700081,287.475370239123,pobre,basal,2,375.0,662.0,1.0,41.0,8,422,30123,1,1.0
97,0.0,0.0,4.4390001,1.0,1.0,3,141.0977350861535,286.0098668459468,no pobre,basal,16,2200.0,1148.5,1.0,35.0,7,437,30124,1,1.0
98,0.0,0.0,4.4390001,,,3,141.0977350861535,286.0098668459468,no pobre,basal,16,2200.0,1148.5,1.0,35.0,8,437,30124,1,1.0
97,0.0,1.0,2.119,0.0,5.0,3,153.0118503700081,287.475370239123,pobre,basal,0,375.0,738.0,1.0,57.0,13,422,30125,5,0.0
98,0.0,1.0,2.119,,,3,153.0118503700081,287.475370239123,pobre,basal,0,375.0,738.0,1.0,57.0,14,422,30125,5,0.0
97,0.0,0.0,4.8790002,0.0,4.0,10,75.7987689417528,102.5667871575855,pobre,basal,2,216.66667,656.33002,1.0,50.0,15,181,30126,4,0.0
98,0.0,0.0,4.8790002,,,10,75.7987689417528,102.5667871575855,pobre,basal,2,216.66667,656.33002,1.0,50.0,16,181,30126,4,0.0
97,0.0,0.0,4.8790002,1.0,5.0,10,75.7987689417528,102.5667871575855,pobre,basal,2,216.66667,656.33002,1.0,50.0,14,181,30127,5,1.0
98,0.0,0.0,4.8790002,0.0,6.0,10,75.7987689417528,102.5667871575855,pobre,basal,2,216.66667,656.33002,1.0,50.0,15,181,30127,5,1.0
97,0.0,0.0,4.8790002,1.0,5.0,10,75.7987689417528,102.5667871575855,pobre,basal,2,216.66667,656.33002,1.0,50.0,11,181,30128,5,1.0
98,0.0,0.0,4.8790002,0.0,6.0,10,75.7987689417528,102.5667871575855,pobre,basal,2,216.66667,656.33002,1.0,50.0,12,181,30128,5,1.0
97,1.0,0.0,4.8790002,1.0,1.0,10,75.7987689417528,102.5667871575855,pobre,basal,2,216.66667,656.33002,1.0,50.0,8,181,30129,1,1.0
98,1.0,0.0,4.8790002,1.0,2.0,10,75.7987689417528,102.5667871575855,pobre,basal,2,216.66667,656.33002,1.0,50.0,9,181,30129,1,1.0
97,1.0,0.0,4.8790002,1.0,3.0,10,75.7987689417528,102.5667871575855,pobre,basal,2,216.66667,656.33002,1.0,50.0,6,181,30130,3,1.0
98,1.0,0.0,4.8790002,1.0,0.0,10,75.7987689417528,102.5667871575855,pobre,basal,2,216.66667,656.33002,1.0,50.0,7,181,30130,3,1.0
97,1.0,0.0,4.8790002,0.0,2.0,7,75.7987689417528,102.5667871575855,pobre,basal,0,750.0,507.32999,1.0,38.0,15,181,30131,2,0.0
98,1.0,0.0,4.8790002,0.0,3.0,7,75.7987689417528,102.5667871575855,pobre,basal,0,750.0,507.32999,1.0,38.0,16,181,30131,2,0.0
97,0.0,0.0,4.8790002,1.0,5.0,7,75.7987689417528,102.5667871575855,pobre,basal,0,750.0,507.32999,1.0,38.0,13,181,30132,5,1.0
98,0.0,0.0,4.8790002,0.0,6.0,7,75.7987689417528,102.5667871575855,pobre,basal,0,750.0,507.32999,1.0,38.0,14,181,30132,5,1.0
97,0.0,0.0,4.8790002,1.0,4.0,7,75.7987689417528,102.5667871575855,pobre,basal,0,750.0,507.32999,1.0,38.0,11,181,30133,4,1.0
98,0.0,0.0,4.8790002,1.0,5.0,7,75.7987689417528,102.5667871575855,pobre,basal,0,750.0,507.32999,1.0,38.0,12,181,30133,4,1.0
97,1.0,0.0,4.8790002,1.0,1.0,7,75.7987689417528,102.5667871575855,pobre,basal,0,750.0,507.32999,1.0,38.0,9,181,30134,1,1.0
98,1.0,0.0,4.8790002,1.0,2.0,7,75.7987689417528,102.5667871575855,pobre,basal,0,750.0,507.32999,1.0,38.0,10,181,30134,1,1.0
97,0.0,0.0,4.8790002,1.0,0.0,7,75.7987689417528,102.5667871575855,pobre,basal,0,750.0,507.32999,1.0,38.0,6,181,30135,0,1.0
98,0.0,0.0,4.8790002,1.0,0.0,7,75.7987689417528,102.5667871575855,pobre,basal,0,750.0,507.32999,1.0,38.0,7,181,30135,0,1.0
97,0.0,0.0,4.8790002,1.0,3.0,4,75.7987689417528,102.5667871575855,pobre,basal,0,0.0,583.0,1.0,56.0,10,181,30136,3,1.0
98,0.0,0.0,4.8790002,1.0,3.0,4,75.7987689417528,102.5667871575855,pobre,basal,0,0.0,583.0,1.0,56.0,11,181,30136,3,1.0
97,1.0,1.0,2.119,1.0,2.0,6,153.0118503700081,287.475370239123,pobre,basal,5,500.0,622.0,1.0,28.0,10,422,30137,2,1.0
98,1.0,1.0,2.119,1.0,3.0,6,153.0118503700081,287.475370239123,pobre,basal,5,500.0,622.0,1.0,28.0,11,422,30137,2,1.0
97,0.0,1.0,2.119,1.0,0.0,6,153.0118503700081,287.475370239123,pobre,basal,5,500.0,622.0,1.0,28.0,6,422,30138,0,1.0
98,0.0,1.0,2.119,1.0,0.0,6,153.0118503700081,287.475370239123,pobre,basal,5,500.0,622.0,1.0,28.0,7,422,30138,0,1.0
97,0.0,0.0,4.8790002,0.0,6.0,12,75.7987689417528,102.5667871575855,pobre,basal,3,83.333336,560.64001,1.0,41.0,16,181,30139,6,0.0
98,0.0,0.0,4.8790002,,,12,75.7987689417528,102.5667871575855,pobre,basal,3,83.333336,560.64001,1.0,41.0,17,181,30139,6,0.0
97,1.0,0.0,4.8790002,0.0,6.0,12,75.7987689417528,102.5667871575855,pobre,basal,3,83.333336,560.64001,1.0,41.0,15,181,30140,6,0.0
98,1.0,0.0,4.8790002,,,12,75.7987689417528,102.5667871575855,pobre,basal,3,83.333336,560.64001,1.0,41.0,16,181,30140,6,0.0
97,1.0,0.0,4.8790002,0.0,6.0,12,75.7987689417528,102.5667871575855,pobre,basal,3,83.333336,560.64001,1.0,41.0,13,181,30141,6,0.0
98,1.0,0.0,4.8790002,0.0,6.0,12,75.7987689417528,102.5667871575855,pobre,basal,3,83.333336,560.64001,1.0,41.0,14,181,30141,6,0.0
97,0.0,0.0,4.8790002,1.0,4.0,12,75.7987689417528,102.5667871575855,pobre,basal,3,83.333336,560.64001,1.0,41.0,11,181,30142,4,1.0
98,0.0,0.0,4.8790002,1.0,5.0,12,75.7987689417528,102.5667871575855,pobre,basal,3,83.333336,560.64001,1.0,41.0,12,181,30142,4,1.0
97,0.0,0.0,4.8790002,1.0,2.0,12,75.7987689417528,102.5667871575855,pobre,basal,3,83.333336,560.64001,1.0,41.0,9,181,30143,2,1.0
98,0.0,0.0,4.8790002,1.0,3.0,12,75.7987689417528,102.5667871575855,pobre,basal,3,83.333336,560.64001,1.0,41.0,10,181,30143,2,1.0
97,1.0,0.0,4.8790002,1.0,1.0,12,75.7987689417528,102.5667871575855,pobre,basal,3,83.333336,560.64001,1.0,41.0,7,181,30144,1,1.0
98,1.0,0.0,4.8790002,1.0,2.0,12,75.7987689417528,102.5667871575855,pobre,basal,3,83.333336,560.64001,1.0,41.0,8,181,30144,1,1.0
97,1.0,0.0,4.8790002,1.0,3.0,12,75.7987689417528,102.5667871575855,pobre,basal,3,83.333336,560.64001,1.0,41.0,6,181,30145,3,1.0
98,1.0,0.0,4.8790002,1.0,0.0,12,75.7987689417528,102.5667871575855,pobre,basal,3,83.333336,560.64001,1.0,41.0,7,181,30145,3,1.0
97,0.0,0.0,4.8790002,1.0,5.0,3,75.7987689417528,102.5667871575855,pobre,basal,0,750.0,557.0,1.0,75.0,12,181,30146,5,1.0
98,0.0,0.0,4.8790002,0.0,6.0,3,75.7987689417528,102.5667871575855,pobre,basal,0,750.0,557.0,1.0,75.0,13,181,30146,5,1.0
97,1.0,0.0,4.8790002,1.0,2.0,4,75.7987689417528,102.5667871575855,pobre,basal,3,750.0,497.0,1.0,27.0,9,181,30147,2,1.0
98,1.0,0.0,4.8790002,1.0,3.0,4,75.7987689417528,102.5667871575855,pobre,basal,3,750.0,497.0,1.0,27.0,10,181,30147,2,1.0
97,1.0,0.0,4.8790002,1.0,0.0,4,75.7987689417528,102.5667871575855,pobre,basal,3,750.0,497.0,1.0,27.0,6,181,30148,0,1.0
98,1.0,0.0,4.8790002,1.0,0.0,4,75.7987689417528,102.5667871575855,pobre,basal,3,750.0,497.0,1.0,27.0,7,181,30148,0,1.0
97,0.0,1.0,4.4390001,0.0,6.0,6,141.0977350861535,286.0098668459468,pobre,basal,3,500.0,786.0,1.0,44.0,16,437,30149,6,0.0
98,0.0,1.0,4.4390001,,,6,141.0977350861535,286.0098668459468,pobre,basal,3,500.0,786.0,1.0,44.0,17,437,30149,6,0.0
97,0.0,0.0,4.4390001,1.0,4.0,6,141.0977350861535,286.0098668459468,pobre,basal,3,500.0,786.0,1.0,44.0,12,437,30150,4,1.0
98,0.0,0.0,4.4390001,1.0,5.0,6,141.0977350861535,286.0098668459468,pobre,basal,3,500.0,786.0,1.0,44.0,13,437,30150,4,1.0
97,0.0,0.0,4.4390001,1.0,3.0,6,141.0977350861535,286.0098668459468,pobre,basal,3,500.0,786.0,1.0,44.0,10,437,30151,3,1.0
98,0.0,0.0,4.4390001,1.0,4.0,6,141.0977350861535,286.0098668459468,pobre,basal,3,500.0,786.0,1.0,44.0,11,437,30151,3,1.0
97,0.0,0.0,4.4390001,1.0,1.0,6,141.0977350861535,286.0098668459468,pobre,basal,3,500.0,786.0,1.0,44.0,7,437,30152,1,1.0
98,0.0,0.0,4.4390001,1.0,2.0,6,141.0977350861535,286.0098668459468,pobre,basal,3,500.0,786.0,1.0,44.0,8,437,30152,1,1.0
97,1.0,1.0,2.119,,0.0,5,153.0118503700081,287.475370239123,pobre,basal,0,725.0,647.0,1.0,34.0,6,422,30153,0,
98,1.0,1.0,2.119,1.0,2.0,5,153.0118503700081,287.475370239123,pobre,basal,0,725.0,647.0,1.0,34.0,7,422,30153,0,
97,0.0,1.0,2.119,1.0,6.0,9,153.0118503700081,287.475370239123,pobre,basal,4,500.0,703.5,1.0,39.0,15,422,30154,6,1.0
98,0.0,1.0,2.119,1.0,7.0,9,153.0118503700081,287.475370239123,pobre,basal,4,500.0,703.5,1.0,39.0,16,422,30154,6,1.0
97,0.0,1.0,2.119,1.0,6.0,9,153.0118503700081,287.475370239123,pobre,basal,4,500.0,703.5,1.0,39.0,13,422,30155,6,1.0
98,0.0,1.0,2.119,1.0,7.0,9,153.0118503700081,287.475370239123,pobre,basal,4,500.0,703.5,1.0,39.0,14,422,30155,6,1.0
97,1.0,1.0,2.119,1.0,4.0,9,153.0118503700081,287.475370239123,pobre,basal,4,500.0,703.5,1.0,39.0,11,422,30156,4,1.0
98,1.0,1.0,2.119,1.0,4.0,9,153.0118503700081,287.475370239123,pobre,basal,4,500.0,703.5,1.0,39.0,12,422,30156,4,1.0
97,0.0,1.0,2.119,,0.0,9,153.0118503700081,287.475370239123,pobre,basal,4,500.0,703.5,1.0,39.0,6,422,30157,0,
98,0.0,1.0,2.119,1.0,1.0,9,153.0118503700081,287.475370239123,pobre,basal,4,500.0,703.5,1.0,39.0,7,422,30157,0,
97,1.0,1.0,2.119,1.0,8.0,9,153.0118503700081,287.475370239123,pobre,basal,5,625.0,621.5,1.0,36.0,14,422,30158,8,1.0
98,1.0,1.0,2.119,1.0,9.0,9,153.0118503700081,287.475370239123,pobre,basal,5,625.0,621.5,1.0,36.0,15,422,30158,8,1.0
97,0.0,1.0,2.119,1.0,5.0,9,153.0118503700081,287.475370239123,pobre,basal,5,625.0,621.5,1.0,36.0,12,422,30159,5,1.0
98,0.0,1.0,2.119,0.0,6.0,9,153.0118503700081,287.475370239123,pobre,basal,5,625.0,621.5,1.0,36.0,13,422,30159,5,1.0
97,1.0,1.0,2.119,1.0,2.0,9,153.0118503700081,287.475370239123,pobre,basal,5,625.0,621.5,1.0,36.0,9,422,30160,2,1.0
98,1.0,1.0,2.119,1.0,3.0,9,153.0118503700081,287.475370239123,pobre,basal,5,625.0,621.5,1.0,36.0,10,422,30160,2,1.0
97,1.0,1.0,2.119,1.0,1.0,9,153.0118503700081,287.475370239123,pobre,basal,5,625.0,621.5,1.0,36.0,7,422,30161,1,1.0
98,1.0,1.0,2.119,1.0,1.0,9,153.0118503700081,287.475370239123,pobre,basal,5,625.0,621.5,1.0,36.0,8,422,30161,1,1.0
97,1.0,1.0,2.119,1.0,3.0,4,153.0118503700081,287.475370239123,pobre,basal,6,250.0,710.0,0.0,25.0,11,422,30162,3,1.0
98,1.0,1.0,2.119,1.0,4.0,4,153.0118503700081,287.475370239123,pobre,basal,6,250.0,710.0,0.0,25.0,12,422,30162,3,1.0
97,0.0,1.0,4.4390001,1.0,6.0,5,141.0977350861535,286.0098668459468,pobre,basal,13,2000.0,755.0,1.0,37.0,13,437,30163,6,1.0
98,0.0,1.0,4.4390001,1.0,7.0,5,141.0977350861535,286.0098668459468,pobre,basal,13,2000.0,755.0,1.0,37.0,14,437,30163,6,1.0
97,1.0,1.0,4.4390001,1.0,2.0,5,141.0977350861535,286.0098668459468,pobre,basal,13,2000.0,755.0,1.0,37.0,8,437,30164,2,1.0
98,1.0,1.0,4.4390001,1.0,3.0,5,141.0977350861535,286.0098668459468,pobre,basal,13,2000.0,755.0,1.0,37.0,9,437,30164,2,1.0
97,1.0,1.0,4.4390001,1.0,0.0,5,141.0977350861535,286.0098668459468,pobre,basal,13,2000.0,755.0,1.0,37.0,7,437,30165,0,1.0
98,1.0,1.0,4.4390001,1.0,1.0,5,141.0977350861535,286.0098668459468,pobre,basal,13,2000.0,755.0,1.0,37.0,8,437,30165,0,1.0
97,0.0,1.0,2.119,1.0,0.0,9,153.0118503700081,287.475370239123,pobre,basal,0,0.0,521.0,0.0,93.0,6,422,30166,0,1.0
98,0.0,1.0,2.119,1.0,1.0,9,153.0118503700081,287.475370239123,pobre,basal,0,0.0,521.0,0.0,93.0,7,422,30166,0,1.0
97,1.0,1.0,2.119,1.0,7.0,10,153.0118503700081,287.475370239123,pobre,basal,3,0.0,744.5,1.0,63.0,13,422,30167,7,1.0
98,1.0,1.0,2.119,1.0,8.0,10,153.0118503700081,287.475370239123,pobre,basal,3,0.0,744.5,1.0,63.0,14,422,30167,7,1.0
97,0.0,1.0,2.119,1.0,0.0,10,153.0118503700081,287.475370239123,pobre,basal,3,0.0,744.5,1.0,63.0,6,422,30168,0,1.0
98,0.0,1.0,2.119,1.0,0.0,10,153.0118503700081,287.475370239123,pobre,basal,3,0.0,744.5,1.0,63.0,7,422,30168,0,1.0
97,0.0,,2.119,,0.0,10,153.0118503700081,287.475370239123,pobre,basal,3,0.0,744.5,1.0,63.0,6,422,30169,0,
98,0.0,,2.119,,,10,153.0118503700081,287.475370239123,pobre,basal,3,0.0,744.5,1.0,63.0,7,422,30169,0,
97,1.0,1.0,2.119,1.0,1.0,8,153.0118503700081,287.475370239123,pobre,basal,6,500.0,549.0,1.0,34.0,14,422,30170,1,1.0
98,1.0,1.0,2.119,1.0,7.0,8,153.0118503700081,287.475370239123,pobre,basal,6,500.0,549.0,1.0,34.0,15,422,30170,1,1.0
97,1.0,1.0,2.119,1.0,4.0,8,153.0118503700081,287.475370239123,pobre,basal,6,500.0,549.0,1.0,34.0,12,422,30171,4,1.0
98,1.0,1.0,2.119,1.0,5.0,8,153.0118503700081,287.475370239123,pobre,basal,6,500.0,549.0,1.0,34.0,13,422,30171,4,1.0
97,0.0,1.0,2.119,1.0,3.0,8,153.0118503700081,287.475370239123,pobre,basal,6,500.0,549.0,1.0,34.0,10,422,30172,3,1.0
98,0.0,1.0,2.119,1.0,4.0,8,153.0118503700081,287.475370239123,pobre,basal,6,500.0,549.0,1.0,34.0,11,422,30172,3,1.0
97,0.0,,2.119,,0.0,8,153.0118503700081,287.475370239123,pobre,basal,6,500.0,549.0,1.0,34.0,7,422,30173,0,
98,0.0,,2.119,1.0,2.0,8,153.0118503700081,287.475370239123,pobre,basal,6,500.0,549.0,1.0,34.0,8,422,30173,0,
97,1.0,1.0,2.119,1.0,1.0,6,153.0118503700081,287.475370239123,pobre,basal,4,0.0,776.0,1.0,48.0,15,422,30174,1,1.0
98,1.0,1.0,2.119,1.0,8.0,6,153.0118503700081,287.475370239123,pobre,basal,4,0.0,776.0,1.0,48.0,16,422,30174,1,1.0
97,1.0,1.0,2.119,1.0,5.0,2,153.0118503700081,287.475370239123,pobre,basal,6,750.0,796.0,1.0,30.0,13,422,30175,5,1.0
98,1.0,1.0,2.119,1.0,7.0,2,153.0118503700081,287.475370239123,pobre,basal,6,750.0,796.0,1.0,30.0,14,422,30175,5,1.0
97,0.0,1.0,1.603,1.0,7.0,8,152.8338558863866,272.7418811337504,pobre,basal,4,500.0,743.0,1.0,39.0,14,438,30176,7,1.0
98,0.0,1.0,1.603,1.0,7.0,8,152.8338558863866,272.7418811337504,pobre,basal,4,500.0,743.0,1.0,39.0,15,438,30176,7,1.0
97,0.0,1.0,1.603,1.0,4.0,8,152.8338558863866,272.7418811337504,pobre,basal,4,500.0,743.0,1.0,39.0,12,438,30177,4,1.0
98,0.0,1.0,1.603,1.0,5.0,8,152.8338558863866,272.7418811337504,pobre,basal,4,500.0,743.0,1.0,39.0,13,438,30177,4,1.0
97,0.0,1.0,1.603,1.0,0.0,8,152.8338558863866,272.7418811337504,pobre,basal,4,500.0,743.0,1.0,39.0,7,438,30178,0,1.0
98,0.0,1.0,1.603,1.0,1.0,8,152.8338558863866,272.7418811337504,pobre,basal,4,500.0,743.0,1.0,39.0,8,438,30178,0,1.0
97,1.0,1.0,1.603,1.0,6.0,14,152.8338558863866,272.7418811337504,pobre,basal,3,500.0,722.0,1.0,44.0,15,438,30179,6,1.0
98,1.0,1.0,1.603,1.0,7.0,14,152.8338558863866,272.7418811337504,pobre,basal,3,500.0,722.0,1.0,44.0,16,438,30179,6,1.0
97,0.0,1.0,1.603,1.0,3.0,14,152.8338558863866,272.7418811337504,pobre,basal,3,500.0,722.0,1.0,44.0,12,438,30180,3,1.0
98,0.0,1.0,1.603,1.0,3.0,14,152.8338558863866,272.7418811337504,pobre,basal,3,500.0,722.0,1.0,44.0,13,438,30180,3,1.0
97,1.0,1.0,1.603,1.0,3.0,14,152.8338558863866,272.7418811337504,pobre,basal,3,500.0,722.0,1.0,44.0,9,438,30181,3,1.0
98,1.0,1.0,1.603,1.0,4.0,14,152.8338558863866,272.7418811337504,pobre,basal,3,500.0,722.0,1.0,44.0,10,438,30181,3,1.0
97,0.0,1.0,1.603,1.0,1.0,14,152.8338558863866,272.7418811337504,pobre,basal,3,500.0,722.0,1.0,44.0,7,438,30182,1,1.0
98,0.0,1.0,1.603,1.0,2.0,14,152.8338558863866,272.7418811337504,pobre,basal,3,500.0,722.0,1.0,44.0,8,438,30182,1,1.0
97,1.0,1.0,1.603,1.0,3.0,6,152.8338558863866,272.7418811337504,pobre,basal,0,0.0,789.0,0.0,55.0,11,438,30183,3,1.0
98,1.0,1.0,1.603,1.0,4.0,6,152.8338558863866,272.7418811337504,pobre,basal,0,0.0,789.0,0.0,55.0,12,438,30183,3,1.0
97,0.0,1.0,0.73799998,1.0,3.0,7,142.1629291311248,296.7033680456113,pobre,basal,8,500.0,613.5,1.0,30.0,9,433,30184,3,1.0
98,0.0,1.0,0.73799998,1.0,4.0,7,142.1629291311248,296.7033680456113,pobre,basal,8,500.0,613.5,1.0,30.0,10,433,30184,3,1.0
97,1.0,1.0,1.603,1.0,2.0,6,152.8338558863866,272.7418811337504,pobre,basal,6,375.0,518.0,1.0,31.0,12,438,30185,2,1.0
98,1.0,1.0,1.603,1.0,3.0,6,152.8338558863866,272.7418811337504,pobre,basal,6,375.0,518.0,1.0,31.0,13,438,30185,2,1.0
97,0.0,1.0,1.603,1.0,0.0,6,152.8338558863866,272.7418811337504,pobre,basal,6,375.0,518.0,1.0,31.0,6,438,30186,0,1.0
98,0.0,1.0,1.603,1.0,1.0,6,152.8338558863866,272.7418811337504,pobre,basal,6,375.0,518.0,1.0,31.0,7,438,30186,0,1.0
97,1.0,0.0,3.266,0.0,6.0,8,80.26137754556414,93.4441436506542,pobre,basal,0,0.0,373.0,1.0,54.0,15,182,30187,6,0.0
98,1.0,0.0,3.266,0.0,6.0,8,80.26137754556414,93.4441436506542,pobre,basal,0,0.0,373.0,1.0,54.0,16,182,30187,6,0.0
97,0.0,0.0,3.266,0.0,6.0,8,80.26137754556414,93.4441436506542,pobre,basal,0,0.0,373.0,1.0,54.0,14,182,30188,6,0.0
98,0.0,0.0,3.266,0.0,6.0,8,80.26137754556414,93.4441436506542,pobre,basal,0,0.0,373.0,1.0,54.0,15,182,30188,6,0.0
97,0.0,0.0,3.266,,0.0,8,80.26137754556414,93.4441436506542,pobre,basal,0,0.0,373.0,1.0,54.0,11,182,30189,0,
98,0.0,0.0,3.266,,,8,80.26137754556414,93.4441436506542,pobre,basal,0,0.0,373.0,1.0,54.0,12,182,30189,0,
97,1.0,0.0,3.266,1.0,2.0,8,80.26137754556414,93.4441436506542,pobre,basal,0,0.0,373.0,1.0,54.0,8,182,30190,2,1.0
98,1.0,0.0,3.266,1.0,2.0,8,80.26137754556414,93.4441436506542,pobre,basal,0,0.0,373.0,1.0,54.0,9,182,30190,2,1.0
97,1.0,0.0,3.266,1.0,2.0,8,80.26137754556414,93.4441436506542,pobre,basal,0,0.0,373.0,1.0,54.0,7,182,30191,2,1.0
98,1.0,0.0,3.266,1.0,1.0,8,80.26137754556414,93.4441436506542,pobre,basal,0,0.0,373.0,1.0,54.0,8,182,30191,2,1.0
97,0.0,1.0,1.603,1.0,8.0,6,152.8338558863866,272.7418811337504,pobre,basal,5,500.0,778.0,1.0,46.0,16,438,30192,8,1.0
98,0.0,1.0,1.603,1.0,9.0,6,152.8338558863866,272.7418811337504,pobre,basal,5,500.0,778.0,1.0,46.0,17,438,30192,8,1.0
97,0.0,1.0,1.603,1.0,6.0,6,152.8338558863866,272.7418811337504,pobre,basal,5,500.0,778.0,1.0,46.0,12,438,30193,6,1.0
98,0.0,1.0,1.603,1.0,7.0,6,152.8338558863866,272.7418811337504,pobre,basal,5,500.0,778.0,1.0,46.0,13,438,30193,6,1.0
97,1.0,1.0,1.603,1.0,4.0,6,152.8338558863866,272.7418811337504,pobre,basal,5,500.0,778.0,1.0,46.0,11,438,30194,4,1.0
98,1.0,1.0,1.603,1.0,5.0,6,152.8338558863866,272.7418811337504,pobre,basal,5,500.0,778.0,1.0,46.0,12,438,30194,4,1.0
97,0.0,1.0,1.603,1.0,3.0,6,152.8338558863866,272.7418811337504,pobre,basal,5,500.0,778.0,1.0,46.0,6,438,30195,3,1.0
98,0.0,1.0,1.603,1.0,1.0,6,152.8338558863866,272.7418811337504,pobre,basal,5,500.0,778.0,1.0,46.0,7,438,30195,3,1.0
97,0.0,0.0,3.266,0.0,6.0,8,80.26137754556414,93.4441436506542,pobre,basal,4,875.0,309.0,1.0,30.0,15,182,30196,6,0.0
98,0.0,0.0,3.266,0.0,6.0,8,80.26137754556414,93.4441436506542,pobre,basal,4,875.0,309.0,1.0,30.0,16,182,30196,6,0.0
97,0.0,0.0,3.266,1.0,4.0,8,80.26137754556414,93.4441436506542,pobre,basal,4,875.0,309.0,1.0,30.0,12,182,30197,4,1.0
98,0.0,0.0,3.266,0.0,5.0,8,80.26137754556414,93.4441436506542,pobre,basal,4,875.0,309.0,1.0,30.0,13,182,30197,4,1.0
97,1.0,0.0,3.266,1.0,2.0,8,80.26137754556414,93.4441436506542,pobre,basal,4,875.0,309.0,1.0,30.0,10,182,30198,2,1.0
98,1.0,0.0,3.266,0.0,2.0,8,80.26137754556414,93.4441436506542,pobre,basal,4,875.0,309.0,1.0,30.0,11,182,30198,2,1.0
97,1.0,0.0,3.266,1.0,0.0,8,80.26137754556414,93.4441436506542,pobre,basal,4,875.0,309.0,1.0,30.0,6,182,30199,0,1.0
98,1.0,0.0,3.266,1.0,1.0,8,80.26137754556414,93.4441436506542,pobre,basal,4,875.0,309.0,1.0,30.0,7,182,30199,0,1.0
97,1.0,1.0,1.603,1.0,6.0,5,152.8338558863866,272.7418811337504,pobre,basal,0,500.0,752.5,1.0,72.0,15,438,30200,6,1.0
98,1.0,1.0,1.603,1.0,7.0,5,152.8338558863866,272.7418811337504,pobre,basal,0,500.0,752.5,1.0,72.0,16,438,30200,6,1.0
97,1.0,1.0,1.603,1.0,6.0,6,152.8338558863866,272.7418811337504,pobre,basal,6,500.0,797.0,1.0,42.0,15,438,30201,6,1.0
98,1.0,1.0,1.603,1.0,7.0,6,152.8338558863866,272.7418811337504,pobre,basal,6,500.0,797.0,1.0,42.0,16,438,30201,6,1.0
97,1.0,1.0,1.603,1.0,4.0,6,152.8338558863866,272.7418811337504,pobre,basal,6,500.0,797.0,1.0,42.0,12,438,30202,4,1.0
98,1.0,1.0,1.603,1.0,5.0,6,152.8338558863866,272.7418811337504,pobre,basal,6,500.0,797.0,1.0,42.0,13,438,30202,4,1.0
97,1.0,0.0,3.266,1.0,3.0,15,80.26137754556414,93.4441436506542,pobre,basal,0,1000.0,308.5,1.0,55.0,11,182,30203,3,1.0
98,1.0,0.0,3.266,1.0,3.0,15,80.26137754556414,93.4441436506542,pobre,basal,0,1000.0,308.5,1.0,55.0,12,182,30203,3,1.0
97,1.0,0.0,3.266,1.0,2.0,15,80.26137754556414,93.4441436506542,pobre,basal,0,1000.0,308.5,1.0,55.0,10,182,30204,2,1.0
98,1.0,0.0,3.266,1.0,2.0,15,80.26137754556414,93.4441436506542,pobre,basal,0,1000.0,308.5,1.0,55.0,11,182,30204,2,1.0
97,1.0,0.0,3.266,1.0,2.0,15,80.26137754556414,93.4441436506542,pobre,basal,0,1000.0,308.5,1.0,55.0,8,182,30205,2,1.0
98,1.0,0.0,3.266,1.0,1.0,15,80.26137754556414,93.4441436506542,pobre,basal,0,1000.0,308.5,1.0,55.0,9,182,30205,2,1.0
97,1.0,1.0,2.119,1.0,0.0,5,153.0118503700081,287.475370239123,pobre,basal,6,750.0,667.0,1.0,27.0,6,422,30206,0,1.0
98,1.0,1.0,2.119,1.0,1.0,5,153.0118503700081,287.475370239123,pobre,basal,6,750.0,667.0,1.0,27.0,7,422,30206,0,1.0
97,1.0,0.0,3.266,0.0,6.0,12,80.26137754556414,93.4441436506542,pobre,basal,2,0.0,507.0,1.0,48.0,16,182,30207,6,0.0
98,1.0,0.0,3.266,,,12,80.26137754556414,93.4441436506542,pobre,basal,2,0.0,507.0,1.0,48.0,17,182,30207,6,0.0
97,0.0,0.0,3.266,0.0,6.0,12,80.26137754556414,93.4441436506542,pobre,basal,2,0.0,507.0,1.0,48.0,14,182,30208,6,0.0
98,0.0,0.0,3.266,,,12,80.26137754556414,93.4441436506542,pobre,basal,2,0.0,507.0,1.0,48.0,15,182,30208,6,0.0
97,0.0,0.0,3.266,0.0,6.0,12,80.26137754556414,93.4441436506542,pobre,basal,2,0.0,507.0,1.0,48.0,14,182,30209,6,0.0
98,0.0,0.0,3.266,,,12,80.26137754556414,93.4441436506542,pobre,basal,2,0.0,507.0,1.0,48.0,15,182,30209,6,0.0
97,0.0,0.0,3.266,0.0,5.0,12,80.26137754556414,93.4441436506542,pobre,basal,2,0.0,507.0,1.0,48.0,10,182,30210,5,0.0
98,0.0,0.0,3.266,1.0,5.0,12,80.26137754556414,93.4441436506542,pobre,basal,2,0.0,507.0,1.0,48.0,11,182,30210,5,0.0
97,1.0,0.0,3.266,1.0,2.0,12,80.26137754556414,93.4441436506542,pobre,basal,2,0.0,507.0,1.0,48.0,7,182,30211,2,1.0
98,1.0,0.0,3.266,1.0,3.0,12,80.26137754556414,93.4441436506542,pobre,basal,2,0.0,507.0,1.0,48.0,8,182,30211,2,1.0
97,0.0,0.0,3.266,1.0,1.0,12,80.26137754556414,93.4441436506542,pobre,basal,2,0.0,507.0,1.0,48.0,6,182,30212,1,1.0
98,0.0,0.0,3.266,1.0,2.0,12,80.26137754556414,93.4441436506542,pobre,basal,2,0.0,507.0,1.0,48.0,7,182,30212,1,1.0
97,1.0,1.0,2.119,1.0,5.0,7,153.0118503700081,287.475370239123,pobre,basal,0,0.0,589.0,0.0,85.0,15,422,30213,5,1.0
98,1.0,1.0,2.119,0.0,6.0,7,153.0118503700081,287.475370239123,pobre,basal,0,0.0,589.0,0.0,85.0,16,422,30213,5,1.0
97,0.0,1.0,2.119,1.0,3.0,7,153.0118503700081,287.475370239123,pobre,basal,0,0.0,589.0,0.0,85.0,12,422,30214,3,1.0
98,0.0,1.0,2.119,1.0,3.0,7,153.0118503700081,287.475370239123,pobre,basal,0,0.0,589.0,0.0,85.0,13,422,30214,3,1.0
97,1.0,1.0,2.119,0.0,6.0,6,153.0118503700081,287.475370239123,pobre,basal,5,625.0,637.0,1.0,35.0,16,422,30215,6,0.0
98,1.0,1.0,2.119,,,6,153.0118503700081,287.475370239123,pobre,basal,5,625.0,637.0,1.0,35.0,17,422,30215,6,0.0
97,0.0,1.0,2.119,1.0,5.0,6,153.0118503700081,287.475370239123,pobre,basal,5,625.0,637.0,1.0,35.0,13,422,30216,5,1.0
98,0.0,1.0,2.119,1.0,6.0,6,153.0118503700081,287.475370239123,pobre,basal,5,625.0,637.0,1.0,35.0,14,422,30216,5,1.0
97,0.0,1.0,2.119,1.0,1.0,6,153.0118503700081,287.475370239123,pobre,basal,5,625.0,637.0,1.0,35.0,7,422,30217,1,1.0
98,0.0,1.0,2.119,1.0,2.0,6,153.0118503700081,287.475370239123,pobre,basal,5,625.0,637.0,1.0,35.0,8,422,30217,1,1.0
97,0.0,0.0,3.266,1.0,4.0,3,80.26137754556414,93.4441436506542,pobre,basal,0,875.0,436.0,1.0,35.0,9,182,30218,4,1.0
98,0.0,0.0,3.266,1.0,5.0,3,80.26137754556414,93.4441436506542,pobre,basal,0,875.0,436.0,1.0,35.0,10,182,30218,4,1.0
97,0.0,1.0,2.119,1.0,1.0,6,153.0118503700081,287.475370239123,pobre,basal,5,375.0,601.0,1.0,28.0,11,422,30219,1,1.0
98,0.0,1.0,2.119,1.0,2.0,6,153.0118503700081,287.475370239123,pobre,basal,5,375.0,601.0,1.0,28.0,12,422,30219,1,1.0
97,1.0,1.0,2.119,1.0,1.0,6,153.0118503700081,287.475370239123,pobre,basal,5,375.0,601.0,1.0,28.0,8,422,30220,1,1.0
98,1.0,1.0,2.119,1.0,2.0,6,153.0118503700081,287.475370239123,pobre,basal,5,375.0,601.0,1.0,28.0,9,422,30220,1,1.0
97,0.0,1.0,2.119,1.0,6.0,9,153.0118503700081,287.475370239123,pobre,basal,5,375.0,694.5,1.0,40.0,12,422,30221,6,1.0
98,0.0,1.0,2.119,1.0,7.0,9,153.0118503700081,287.475370239123,pobre,basal,5,375.0,694.5,1.0,40.0,13,422,30221,6,1.0
97,0.0,1.0,2.119,1.0,6.0,9,153.0118503700081,287.475370239123,pobre,basal,5,375.0,694.5,1.0,40.0,15,422,30222,6,1.0
98,0.0,1.0,2.119,1.0,7.0,9,153.0118503700081,287.475370239123,pobre,basal,5,375.0,694.5,1.0,40.0,16,422,30222,6,1.0
97,0.0,1.0,2.119,0.0,8.0,7,153.0118503700081,287.475370239123,pobre,basal,6,500.0,645.5,1.0,40.0,16,422,30223,8,0.0
98,0.0,1.0,2.119,0.0,7.0,7,153.0118503700081,287.475370239123,pobre,basal,6,500.0,645.5,1.0,40.0,17,422,30223,8,0.0
97,1.0,1.0,2.119,0.0,6.0,7,153.0118503700081,287.475370239123,pobre,basal,6,500.0,645.5,1.0,40.0,14,422,30224,6,0.0
98,1.0,1.0,2.119,0.0,6.0,7,153.0118503700081,287.475370239123,pobre,basal,6,500.0,645.5,1.0,40.0,15,422,30224,6,0.0
97,0.0,1.0,2.119,1.0,3.0,7,153.0118503700081,287.475370239123,pobre,basal,6,500.0,645.5,1.0,40.0,11,422,30225,3,1.0
98,0.0,1.0,2.119,1.0,4.0,7,153.0118503700081,287.475370239123,pobre,basal,6,500.0,645.5,1.0,40.0,12,422,30225,3,1.0
97,0.0,1.0,2.119,1.0,2.0,7,153.0118503700081,287.475370239123,pobre,basal,6,500.0,645.5,1.0,40.0,8,422,30226,2,1.0
98,0.0,1.0,2.119,1.0,3.0,7,153.0118503700081,287.475370239123,pobre,basal,6,500.0,645.5,1.0,40.0,9,422,30226,2,1.0
97,1.0,1.0,2.119,1.0,7.0,6,153.0118503700081,287.475370239123,pobre,basal,6,500.0,807.0,1.0,48.0,15,422,30227,7,1.0
98,1.0,1.0,2.119,1.0,8.0,6,153.0118503700081,287.475370239123,pobre,basal,6,500.0,807.0,1.0,48.0,16,422,30227,7,1.0
97,1.0,1.0,2.119,1.0,3.0,6,153.0118503700081,287.475370239123,pobre,basal,6,500.0,807.0,1.0,48.0,13,422,30228,3,1.0
98,1.0,1.0,2.119,1.0,8.0,6,153.0118503700081,287.475370239123,pobre,basal,6,500.0,807.0,1.0,48.0,14,422,30228,3,1.0
97,0.0,1.0,2.119,1.0,4.0,6,153.0118503700081,287.475370239123,pobre,basal,6,500.0,807.0,1.0,48.0,11,422,30229,4,1.0
98,0.0,1.0,2.119,1.0,5.0,6,153.0118503700081,287.475370239123,pobre,basal,6,500.0,807.0,1.0,48.0,12,422,30229,4,1.0
97,1.0,1.0,2.119,1.0,5.0,6,153.0118503700081,287.475370239123,pobre,basal,3,500.0,519.0,1.0,47.0,11,422,30230,5,1.0
98,1.0,1.0,2.119,1.0,6.0,6,153.0118503700081,287.475370239123,pobre,basal,3,500.0,519.0,1.0,47.0,12,422,30230,5,1.0
97,0.0,1.0,2.119,1.0,2.0,6,153.0118503700081,287.475370239123,pobre,basal,3,500.0,519.0,1.0,47.0,9,422,30231,2,1.0
98,0.0,1.0,2.119,1.0,3.0,6,153.0118503700081,287.475370239123,pobre,basal,3,500.0,519.0,1.0,47.0,10,422,30231,2,1.0
97,1.0,1.0,2.119,1.0,0.0,6,153.0118503700081,287.475370239123,pobre,basal,3,500.0,519.0,1.0,47.0,6,422,30232,0,1.0
98,1.0,1.0,2.119,,,6,153.0118503700081,287.475370239123,pobre,basal,3,500.0,519.0,1.0,47.0,7,422,30232,0,1.0
97,1.0,1.0,2.119,1.0,5.0,3,153.0118503700081,287.475370239123,pobre,basal,0,0.0,608.0,1.0,55.0,13,422,30233,5,1.0
98,1.0,1.0,2.119,1.0,6.0,3,153.0118503700081,287.475370239123,pobre,basal,0,0.0,608.0,1.0,55.0,14,422,30233,5,1.0
97,1.0,1.0,2.119,0.0,6.0,3,153.0118503700081,287.475370239123,pobre,basal,3,375.0,687.5,1.0,49.0,16,422,30234,6,0.0
98,1.0,1.0,2.119,,,3,153.0118503700081,287.475370239123,pobre,basal,3,375.0,687.5,1.0,49.0,17,422,30234,6,0.0
97,1.0,1.0,2.119,1.0,4.0,5,153.0118503700081,287.475370239123,pobre,basal,6,1200.0,666.0,1.0,32.0,10,422,30235,4,1.0
98,1.0,1.0,2.119,1.0,5.0,5,153.0118503700081,287.475370239123,pobre,basal,6,1200.0,666.0,1.0,32.0,11,422,30235,4,1.0
97,0.0,1.0,2.119,1.0,2.0,5,153.0118503700081,287.475370239123,pobre,basal,6,1200.0,666.0,1.0,32.0,9,422,30236,2,1.0
98,0.0,1.0,2.119,1.0,3.0,5,153.0118503700081,287.475370239123,pobre,basal,6,1200.0,666.0,1.0,32.0,10,422,30236,2,1.0
97,1.0,1.0,2.119,1.0,5.0,5,153.0118503700081,287.475370239123,pobre,basal,6,375.0,822.0,1.0,45.0,12,422,30237,5,1.0
98,1.0,1.0,2.119,1.0,6.0,5,153.0118503700081,287.475370239123,pobre,basal,6,375.0,822.0,1.0,45.0,13,422,30237,5,1.0
97,0.0,0.0,4.8790002,1.0,1.0,5,75.7987689417528,102.5667871575855,pobre,basal,1,625.0,511.67999,1.0,27.0,8,181,30238,1,1.0
98,0.0,0.0,4.8790002,1.0,2.0,5,75.7987689417528,102.5667871575855,pobre,basal,1,625.0,511.67999,1.0,27.0,9,181,30238,1,1.0
97,1.0,0.0,4.8790002,,0.0,8,75.7987689417528,102.5667871575855,pobre,basal,1,750.0,504.67001,1.0,35.0,14,181,30239,0,
98,1.0,0.0,4.8790002,,,8,75.7987689417528,102.5667871575855,pobre,basal,1,750.0,504.67001,1.0,35.0,15,181,30239,0,
97,1.0,0.0,4.8790002,1.0,5.0,8,75.7987689417528,102.5667871575855,pobre,basal,1,750.0,504.67001,1.0,35.0,12,181,30240,5,1.0
98,1.0,0.0,4.8790002,,,8,75.7987689417528,102.5667871575855,pobre,basal,1,750.0,504.67001,1.0,35.0,13,181,30240,5,1.0
97,0.0,0.0,4.8790002,1.0,3.0,8,75.7987689417528,102.5667871575855,pobre,basal,1,750.0,504.67001,1.0,35.0,10,181,30241,3,1.0
98,0.0,0.0,4.8790002,1.0,4.0,8,75.7987689417528,102.5667871575855,pobre,basal,1,750.0,504.67001,1.0,35.0,11,181,30241,3,1.0
97,1.0,0.0,4.8790002,1.0,3.0,8,75.7987689417528,102.5667871575855,pobre,basal,1,750.0,504.67001,1.0,35.0,9,181,30242,3,1.0
98,1.0,0.0,4.8790002,1.0,1.0,8,75.7987689417528,102.5667871575855,pobre,basal,1,750.0,504.67001,1.0,35.0,10,181,30242,3,1.0
97,1.0,0.0,4.8790002,,0.0,8,75.7987689417528,102.5667871575855,pobre,basal,1,750.0,504.67001,1.0,35.0,7,181,30243,0,
98,1.0,0.0,4.8790002,1.0,3.0,8,75.7987689417528,102.5667871575855,pobre,basal,1,750.0,504.67001,1.0,35.0,8,181,30243,0,
97,0.0,1.0,2.119,1.0,9.0,10,153.0118503700081,287.475370239123,pobre,basal,2,0.0,648.0,1.0,75.0,16,422,30244,9,1.0
98,0.0,1.0,2.119,1.0,9.0,10,153.0118503700081,287.475370239123,pobre,basal,2,0.0,648.0,1.0,75.0,17,422,30244,9,1.0
97,0.0,1.0,2.119,1.0,6.0,10,153.0118503700081,287.475370239123,pobre,basal,2,0.0,648.0,1.0,75.0,14,422,30245,6,1.0
98,0.0,1.0,2.119,1.0,7.0,10,153.0118503700081,287.475370239123,pobre,basal,2,0.0,648.0,1.0,75.0,15,422,30245,6,1.0
97,0.0,1.0,2.119,0.0,6.0,10,153.0118503700081,287.475370239123,pobre,basal,2,0.0,648.0,1.0,75.0,12,422,30246,6,0.0
98,0.0,1.0,2.119,1.0,7.0,10,153.0118503700081,287.475370239123,pobre,basal,2,0.0,648.0,1.0,75.0,13,422,30246,6,0.0
97,0.0,1.0,2.119,1.0,4.0,10,153.0118503700081,287.475370239123,pobre,basal,2,0.0,648.0,1.0,75.0,10,422,30247,4,1.0
98,0.0,1.0,2.119,1.0,5.0,10,153.0118503700081,287.475370239123,pobre,basal,2,0.0,648.0,1.0,75.0,11,422,30247,4,1.0
97,0.0,1.0,2.119,0.0,6.0,6,153.0118503700081,287.475370239123,pobre,basal,3,0.0,637.0,1.0,43.0,14,422,30248,6,0.0
98,0.0,1.0,2.119,0.0,6.0,6,153.0118503700081,287.475370239123,pobre,basal,3,0.0,637.0,1.0,43.0,15,422,30248,6,0.0
97,1.0,1.0,2.119,1.0,1.0,6,153.0118503700081,287.475370239123,pobre,basal,3,0.0,637.0,1.0,43.0,12,422,30249,1,1.0
98,1.0,1.0,2.119,1.0,6.0,6,153.0118503700081,287.475370239123,pobre,basal,3,0.0,637.0,1.0,43.0,13,422,30249,1,1.0
97,0.0,1.0,2.119,1.0,2.0,6,153.0118503700081,287.475370239123,pobre,basal,3,0.0,637.0,1.0,43.0,8,422,30250,2,1.0
98,0.0,1.0,2.119,1.0,3.0,6,153.0118503700081,287.475370239123,pobre,basal,3,0.0,637.0,1.0,43.0,9,422,30250,2,1.0
97,1.0,1.0,2.119,1.0,1.0,4,153.0118503700081,287.475370239123,pobre,basal,6,500.0,735.0,1.0,31.0,8,422,30251,1,1.0
98,1.0,1.0,2.119,1.0,2.0,4,153.0118503700081,287.475370239123,pobre,basal,6,500.0,735.0,1.0,31.0,9,422,30251,1,1.0
97,1.0,1.0,2.119,1.0,7.0,5,153.0118503700081,287.475370239123,pobre,basal,6,375.0,687.0,1.0,33.0,13,422,30252,7,1.0
98,1.0,1.0,2.119,1.0,8.0,5,153.0118503700081,287.475370239123,pobre,basal,6,375.0,687.0,1.0,33.0,14,422,30252,7,1.0
97,0.0,1.0,2.119,1.0,6.0,5,153.0118503700081,287.475370239123,pobre,basal,6,375.0,687.0,1.0,33.0,12,422,30253,6,1.0
98,0.0,1.0,2.119,1.0,7.0,5,153.0118503700081,287.475370239123,pobre,basal,6,375.0,687.0,1.0,33.0,13,422,30253,6,1.0
97,0.0,1.0,2.119,1.0,2.0,5,153.0118503700081,287.475370239123,pobre,basal,4,500.0,695.0,1.0,36.0,9,422,30254,2,1.0
98,0.0,1.0,2.119,1.0,3.0,5,153.0118503700081,287.475370239123,pobre,basal,4,500.0,695.0,1.0,36.0,10,422,30254,2,1.0
97,1.0,1.0,2.119,1.0,5.0,8,153.0118503700081,287.475370239123,pobre,basal,2,0.0,753.0,1.0,80.0,12,422,30255,5,1.0
98,1.0,1.0,2.119,1.0,7.0,8,153.0118503700081,287.475370239123,pobre,basal,2,0.0,753.0,1.0,80.0,13,422,30255,5,1.0
97,1.0,1.0,2.119,1.0,5.0,8,153.0118503700081,287.475370239123,pobre,basal,2,0.0,753.0,1.0,80.0,12,422,30256,5,1.0
98,1.0,1.0,2.119,1.0,7.0,8,153.0118503700081,287.475370239123,pobre,basal,2,0.0,753.0,1.0,80.0,13,422,30256,5,1.0
97,0.0,1.0,2.119,1.0,2.0,8,153.0118503700081,287.475370239123,pobre,basal,2,0.0,753.0,1.0,80.0,8,422,30257,2,1.0
98,0.0,1.0,2.119,1.0,3.0,8,153.0118503700081,287.475370239123,pobre,basal,2,0.0,753.0,1.0,80.0,9,422,30257,2,1.0
97,0.0,1.0,2.119,,0.0,6,153.0118503700081,287.475370239123,pobre,basal,6,500.0,634.0,1.0,28.0,6,422,30258,0,
98,0.0,1.0,2.119,1.0,0.0,6,153.0118503700081,287.475370239123,pobre,basal,6,500.0,634.0,1.0,28.0,7,422,30258,0,
97,0.0,1.0,2.119,1.0,0.0,7,153.0118503700081,287.475370239123,pobre,basal,3,500.0,606.0,1.0,40.0,15,422,30259,0,1.0
98,0.0,1.0,2.119,,,7,153.0118503700081,287.475370239123,pobre,basal,3,500.0,606.0,1.0,40.0,16,422,30259,0,1.0
97,1.0,1.0,2.119,1.0,3.0,7,153.0118503700081,287.475370239123,pobre,basal,3,500.0,606.0,1.0,40.0,13,422,30260,3,1.0
98,1.0,1.0,2.119,1.0,4.0,7,153.0118503700081,287.475370239123,pobre,basal,3,500.0,606.0,1.0,40.0,14,422,30260,3,1.0
97,1.0,1.0,2.119,1.0,0.0,5,153.0118503700081,287.475370239123,pobre,basal,6,375.0,536.0,1.0,31.0,12,422,30261,0,1.0
98,1.0,1.0,2.119,1.0,6.0,5,153.0118503700081,287.475370239123,pobre,basal,6,375.0,536.0,1.0,31.0,13,422,30261,0,1.0
97,1.0,1.0,2.119,1.0,0.0,5,153.0118503700081,287.475370239123,pobre,basal,6,375.0,536.0,1.0,31.0,6,422,30262,0,1.0
98,1.0,1.0,2.119,1.0,0.0,5,153.0118503700081,287.475370239123,pobre,basal,6,375.0,536.0,1.0,31.0,7,422,30262,0,1.0
97,1.0,1.0,2.119,1.0,8.0,3,153.0118503700081,287.475370239123,pobre,basal,2,500.0,653.0,1.0,48.0,14,422,30263,8,1.0
98,1.0,1.0,2.119,1.0,8.0,3,153.0118503700081,287.475370239123,pobre,basal,2,500.0,653.0,1.0,48.0,15,422,30263,8,1.0
97,1.0,1.0,2.119,1.0,8.0,7,153.0118503700081,287.475370239123,pobre,basal,4,375.0,625.0,1.0,42.0,15,422,30264,8,1.0
98,1.0,1.0,2.119,,,7,153.0118503700081,287.475370239123,pobre,basal,4,375.0,625.0,1.0,42.0,16,422,30264,8,1.0
97,0.0,1.0,2.119,1.0,4.0,7,153.0118503700081,287.475370239123,pobre,basal,4,375.0,625.0,1.0,42.0,13,422,30265,4,1.0
98,0.0,1.0,2.119,,,7,153.0118503700081,287.475370239123,pobre,basal,4,375.0,625.0,1.0,42.0,14,422,30265,4,1.0
97,0.0,1.0,2.119,1.0,5.0,7,153.0118503700081,287.475370239123,pobre,basal,4,375.0,625.0,1.0,42.0,11,422,30266,5,1.0
98,0.0,1.0,2.119,1.0,6.0,7,153.0118503700081,287.475370239123,pobre,basal,4,375.0,625.0,1.0,42.0,12,422,30266,5,1.0
97,1.0,1.0,2.119,1.0,1.0,7,153.0118503700081,287.475370239123,pobre,basal,4,375.0,625.0,1.0,42.0,6,422,30267,1,1.0
98,1.0,1.0,2.119,1.0,2.0,7,153.0118503700081,287.475370239123,pobre,basal,4,375.0,625.0,1.0,42.0,7,422,30267,1,1.0
97,0.0,1.0,2.119,1.0,2.0,6,153.0118503700081,287.475370239123,pobre,basal,4,500.0,648.0,1.0,36.0,13,422,30268,2,1.0
98,0.0,1.0,2.119,1.0,3.0,6,153.0118503700081,287.475370239123,pobre,basal,4,500.0,648.0,1.0,36.0,14,422,30268,2,1.0
97,1.0,1.0,2.119,1.0,2.0,6,153.0118503700081,287.475370239123,pobre,basal,5,375.0,494.0,1.0,28.0,9,422,30269,2,1.0
98,1.0,1.0,2.119,1.0,3.0,6,153.0118503700081,287.475370239123,pobre,basal,5,375.0,494.0,1.0,28.0,10,422,30269,2,1.0
97,0.0,1.0,2.119,1.0,7.0,4,153.0118503700081,287.475370239123,pobre,basal,3,500.0,767.0,1.0,45.0,15,422,30270,7,1.0
98,0.0,1.0,2.119,1.0,8.0,4,153.0118503700081,287.475370239123,pobre,basal,3,500.0,767.0,1.0,45.0,16,422,30270,7,1.0
97,1.0,1.0,2.119,1.0,1.0,4,153.0118503700081,287.475370239123,pobre,basal,3,500.0,767.0,1.0,45.0,7,422,30271,1,1.0
98,1.0,1.0,2.119,1.0,2.0,4,153.0118503700081,287.475370239123,pobre,basal,3,500.0,767.0,1.0,45.0,8,422,30271,1,1.0
97,1.0,1.0,2.119,1.0,3.0,8,153.0118503700081,287.475370239123,pobre,basal,0,0.0,553.0,1.0,70.0,9,422,30272,3,1.0
98,1.0,1.0,2.119,1.0,4.0,8,153.0118503700081,287.475370239123,pobre,basal,0,0.0,553.0,1.0,70.0,10,422,30272,3,1.0
97,1.0,1.0,2.119,1.0,0.0,8,153.0118503700081,287.475370239123,pobre,basal,0,0.0,553.0,1.0,70.0,6,422,30273,0,1.0
98,1.0,1.0,2.119,1.0,1.0,8,153.0118503700081,287.475370239123,pobre,basal,0,0.0,553.0,1.0,70.0,7,422,30273,0,1.0
97,0.0,1.0,2.119,1.0,7.0,3,153.0118503700081,287.475370239123,pobre,basal,4,500.0,794.0,1.0,58.0,14,422,30274,7,1.0
98,0.0,1.0,2.119,1.0,8.0,3,153.0118503700081,287.475370239123,pobre,basal,4,500.0,794.0,1.0,58.0,15,422,30274,7,1.0
97,1.0,0.0,3.3329999,0.0,6.0,6,80.9856495427514,93.9719563731062,pobre,0,1,0.0,775.0,1.0,53.0,14,183,30275,6,0.0
98,1.0,0.0,3.3329999,,,6,80.9856495427514,93.9719563731062,pobre,0,1,0.0,775.0,1.0,53.0,15,183,30275,6,0.0
97,1.0,0.0,3.3329999,1.0,4.0,6,80.9856495427514,93.9719563731062,pobre,0,1,0.0,775.0,1.0,53.0,9,183,30276,4,1.0
98,1.0,0.0,3.3329999,1.0,5.0,6,80.9856495427514,93.9719563731062,pobre,0,1,0.0,775.0,1.0,53.0,10,183,30276,4,1.0
97,1.0,0.0,3.3329999,1.0,3.0,6,80.9856495427514,93.9719563731062,pobre,0,1,0.0,775.0,1.0,53.0,8,183,30277,3,1.0
98,1.0,0.0,3.3329999,1.0,3.0,6,80.9856495427514,93.9719563731062,pobre,0,1,0.0,775.0,1.0,53.0,9,183,30277,3,1.0
97,0.0,0.0,3.3329999,1.0,4.0,5,80.9856495427514,93.9719563731062,pobre,0,2,0.0,547.0,1.0,24.0,6,183,30278,4,1.0
98,0.0,0.0,3.3329999,1.0,5.0,5,80.9856495427514,93.9719563731062,pobre,0,2,0.0,547.0,1.0,24.0,7,183,30278,4,1.0
97,0.0,1.0,2.119,0.0,6.0,3,153.0118503700081,287.475370239123,pobre,basal,6,500.0,783.617,1.0,53.0,14,422,30279,6,0.0
98,0.0,1.0,2.119,0.0,6.0,3,153.0118503700081,287.475370239123,pobre,basal,6,500.0,783.617,1.0,53.0,15,422,30279,6,0.0
97,1.0,0.0,3.3329999,1.0,8.0,7,80.9856495427514,93.9719563731062,pobre,0,6,1250.0,757.5,1.0,34.0,13,183,30280,8,1.0
98,1.0,0.0,3.3329999,,,7,80.9856495427514,93.9719563731062,pobre,0,6,1250.0,757.5,1.0,34.0,14,183,30280,8,1.0
97,0.0,0.0,3.3329999,1.0,4.0,7,80.9856495427514,93.9719563731062,pobre,0,6,1250.0,757.5,1.0,34.0,11,183,30281,4,1.0
98,0.0,0.0,3.3329999,,,7,80.9856495427514,93.9719563731062,pobre,0,6,1250.0,757.5,1.0,34.0,12,183,30281,4,1.0
97,1.0,0.0,3.3329999,1.0,3.0,7,80.9856495427514,93.9719563731062,pobre,0,6,1250.0,757.5,1.0,34.0,9,183,30282,3,1.0
98,1.0,0.0,3.3329999,1.0,4.0,7,80.9856495427514,93.9719563731062,pobre,0,6,1250.0,757.5,1.0,34.0,10,183,30282,3,1.0
97,1.0,0.0,3.3329999,1.0,0.0,7,80.9856495427514,93.9719563731062,pobre,0,6,1250.0,757.5,1.0,34.0,6,183,30283,0,1.0
98,1.0,0.0,3.3329999,1.0,1.0,7,80.9856495427514,93.9719563731062,pobre,0,6,1250.0,757.5,1.0,34.0,7,183,30283,0,1.0
97,1.0,0.0,3.3329999,0.0,5.0,10,80.9856495427514,93.9719563731062,pobre,0,2,662.5,577.0,1.0,46.0,16,183,30284,5,0.0
98,1.0,0.0,3.3329999,1.0,6.0,10,80.9856495427514,93.9719563731062,pobre,0,2,662.5,577.0,1.0,46.0,17,183,30284,5,0.0
97,0.0,0.0,3.3329999,0.0,6.0,10,80.9856495427514,93.9719563731062,pobre,0,2,662.5,577.0,1.0,46.0,13,183,30285,6,0.0
98,0.0,0.0,3.3329999,1.0,6.0,10,80.9856495427514,93.9719563731062,pobre,0,2,662.5,577.0,1.0,46.0,14,183,30285,6,0.0
97,1.0,0.0,3.3329999,0.0,5.0,10,80.9856495427514,93.9719563731062,pobre,0,2,662.5,577.0,1.0,46.0,11,183,30286,5,0.0
98,1.0,0.0,3.3329999,1.0,6.0,10,80.9856495427514,93.9719563731062,pobre,0,2,662.5,577.0,1.0,46.0,12,183,30286,5,0.0
97,1.0,0.0,3.3329999,,6.0,10,80.9856495427514,93.9719563731062,pobre,0,4,480.0,784.53003,1.0,39.0,15,183,30287,6,
98,1.0,0.0,3.3329999,0.0,6.0,10,80.9856495427514,93.9719563731062,pobre,0,4,480.0,784.53003,1.0,39.0,16,183,30287,6,
97,0.0,0.0,3.3329999,,6.0,10,80.9856495427514,93.9719563731062,pobre,0,4,480.0,784.53003,1.0,39.0,13,183,30288,6,
98,0.0,0.0,3.3329999,0.0,6.0,10,80.9856495427514,93.9719563731062,pobre,0,4,480.0,784.53003,1.0,39.0,14,183,30288,6,
97,1.0,0.0,3.3329999,,5.0,10,80.9856495427514,93.9719563731062,pobre,0,4,480.0,784.53003,1.0,39.0,11,183,30289,5,
98,1.0,0.0,3.3329999,0.0,6.0,10,80.9856495427514,93.9719563731062,pobre,0,4,480.0,784.53003,1.0,39.0,12,183,30289,5,
97,1.0,0.0,3.3329999,,3.0,10,80.9856495427514,93.9719563731062,pobre,0,4,480.0,784.53003,1.0,39.0,10,183,30290,3,
98,1.0,0.0,3.3329999,1.0,4.0,10,80.9856495427514,93.9719563731062,pobre,0,4,480.0,784.53003,1.0,39.0,11,183,30290,3,
97,1.0,0.0,3.3329999,,3.0,10,80.9856495427514,93.9719563731062,pobre,0,4,480.0,784.53003,1.0,39.0,7,183,30291,3,
98,1.0,0.0,3.3329999,1.0,4.0,10,80.9856495427514,93.9719563731062,pobre,0,4,480.0,784.53003,1.0,39.0,8,183,30291,3,
97,1.0,0.0,3.3329999,1.0,6.0,5,80.9856495427514,93.9719563731062,pobre,0,2,0.0,664.0,1.0,63.0,13,183,30292,6,1.0
98,1.0,0.0,3.3329999,1.0,7.0,5,80.9856495427514,93.9719563731062,pobre,0,2,0.0,664.0,1.0,63.0,14,183,30292,6,1.0
97,0.0,0.0,3.3329999,1.0,6.0,5,80.9856495427514,93.9719563731062,pobre,0,2,0.0,664.0,1.0,63.0,13,183,30293,6,1.0
98,0.0,0.0,3.3329999,1.0,7.0,5,80.9856495427514,93.9719563731062,pobre,0,2,0.0,664.0,1.0,63.0,14,183,30293,6,1.0
97,0.0,0.0,3.3329999,,0.0,10,80.9856495427514,93.9719563731062,pobre,0,3,83.333336,559.20001,1.0,46.0,15,183,30294,0,
98,0.0,0.0,3.3329999,,,10,80.9856495427514,93.9719563731062,pobre,0,3,83.333336,559.20001,1.0,46.0,16,183,30294,0,
97,0.0,0.0,3.3329999,1.0,5.0,10,80.9856495427514,93.9719563731062,pobre,0,3,83.333336,559.20001,1.0,46.0,13,183,30295,5,1.0
98,0.0,0.0,3.3329999,0.0,6.0,10,80.9856495427514,93.9719563731062,pobre,0,3,83.333336,559.20001,1.0,46.0,14,183,30295,5,1.0
97,0.0,0.0,3.3329999,1.0,5.0,10,80.9856495427514,93.9719563731062,pobre,0,3,83.333336,559.20001,1.0,46.0,12,183,30296,5,1.0
98,0.0,0.0,3.3329999,0.0,6.0,10,80.9856495427514,93.9719563731062,pobre,0,3,83.333336,559.20001,1.0,46.0,13,183,30296,5,1.0
97,1.0,0.0,3.3329999,1.0,1.0,10,80.9856495427514,93.9719563731062,pobre,0,3,83.333336,559.20001,1.0,46.0,10,183,30297,1,1.0
98,1.0,0.0,3.3329999,1.0,1.0,10,80.9856495427514,93.9719563731062,pobre,0,3,83.333336,559.20001,1.0,46.0,11,183,30297,1,1.0
97,1.0,0.0,3.3329999,1.0,1.0,10,80.9856495427514,93.9719563731062,pobre,0,3,83.333336,559.20001,1.0,46.0,8,183,30298,1,1.0
98,1.0,0.0,3.3329999,1.0,2.0,10,80.9856495427514,93.9719563731062,pobre,0,3,83.333336,559.20001,1.0,46.0,9,183,30298,1,1.0
97,0.0,0.0,3.3329999,,0.0,10,80.9856495427514,93.9719563731062,pobre,0,3,83.333336,559.20001,1.0,46.0,6,183,30299,0,
98,0.0,0.0,3.3329999,,,10,80.9856495427514,93.9719563731062,pobre,0,3,83.333336,559.20001,1.0,46.0,7,183,30299,0,
97,1.0,0.0,3.3329999,0.0,6.0,6,80.9856495427514,93.9719563731062,pobre,0,0,250.0,573.5,1.0,61.0,14,183,30300,6,0.0
98,1.0,0.0,3.3329999,0.0,6.0,6,80.9856495427514,93.9719563731062,pobre,0,0,250.0,573.5,1.0,61.0,15,183,30300,6,0.0
97,0.0,1.0,2.119,0.0,6.0,4,153.0118503700081,287.475370239123,pobre,basal,5,375.0,804.0,1.0,50.0,14,422,30301,6,0.0
98,0.0,1.0,2.119,0.0,6.0,4,153.0118503700081,287.475370239123,pobre,basal,5,375.0,804.0,1.0,50.0,15,422,30301,6,0.0
97,0.0,0.0,3.3329999,0.0,6.0,8,80.9856495427514,93.9719563731062,pobre,0,2,875.0,506.0,1.0,35.0,16,183,30302,6,0.0
98,0.0,0.0,3.3329999,0.0,6.0,8,80.9856495427514,93.9719563731062,pobre,0,2,875.0,506.0,1.0,35.0,17,183,30302,6,0.0
97,1.0,0.0,3.3329999,0.0,3.0,8,80.9856495427514,93.9719563731062,pobre,0,2,875.0,506.0,1.0,35.0,12,183,30303,3,0.0
98,1.0,0.0,3.3329999,0.0,3.0,8,80.9856495427514,93.9719563731062,pobre,0,2,875.0,506.0,1.0,35.0,13,183,30303,3,0.0
97,0.0,0.0,3.3329999,1.0,3.0,8,80.9856495427514,93.9719563731062,pobre,0,2,875.0,506.0,1.0,35.0,9,183,30304,3,1.0
98,0.0,0.0,3.3329999,1.0,4.0,8,80.9856495427514,93.9719563731062,pobre,0,2,875.0,506.0,1.0,35.0,10,183,30304,3,1.0
97,0.0,0.0,3.3329999,1.0,1.0,8,80.9856495427514,93.9719563731062,pobre,0,2,875.0,506.0,1.0,35.0,8,183,30305,1,1.0
98,0.0,0.0,3.3329999,1.0,2.0,8,80.9856495427514,93.9719563731062,pobre,0,2,875.0,506.0,1.0,35.0,9,183,30305,1,1.0
97,1.0,0.0,3.3329999,1.0,11.0,4,80.9856495427514,93.9719563731062,no pobre,0,8,400.0,743.0,1.0,49.0,16,183,30306,11,1.0
98,1.0,0.0,3.3329999,1.0,11.0,4,80.9856495427514,93.9719563731062,no pobre,0,8,400.0,743.0,1.0,49.0,17,183,30306,11,1.0
97,1.0,0.0,3.3329999,1.0,8.0,4,80.9856495427514,93.9719563731062,no pobre,0,8,400.0,743.0,1.0,49.0,14,183,30307,8,1.0
98,1.0,0.0,3.3329999,0.0,9.0,4,80.9856495427514,93.9719563731062,no pobre,0,8,400.0,743.0,1.0,49.0,15,183,30307,8,1.0
97,0.0,0.0,3.3329999,0.0,6.0,5,80.9856495427514,93.9719563731062,pobre,0,3,83.333336,499.0,1.0,33.0,14,183,30308,6,0.0
98,0.0,0.0,3.3329999,0.0,6.0,5,80.9856495427514,93.9719563731062,pobre,0,3,83.333336,499.0,1.0,33.0,15,183,30308,6,0.0
97,1.0,0.0,3.3329999,1.0,4.0,5,80.9856495427514,93.9719563731062,pobre,0,3,83.333336,499.0,1.0,33.0,12,183,30309,4,1.0
98,1.0,0.0,3.3329999,1.0,4.0,5,80.9856495427514,93.9719563731062,pobre,0,3,83.333336,499.0,1.0,33.0,13,183,30309,4,1.0
97,0.0,0.0,3.3329999,0.0,6.0,8,80.9856495427514,93.9719563731062,pobre,0,5,0.0,496.0,1.0,53.0,15,183,30310,6,0.0
98,0.0,0.0,3.3329999,1.0,6.0,8,80.9856495427514,93.9719563731062,pobre,0,5,0.0,496.0,1.0,53.0,16,183,30310,6,0.0
97,1.0,0.0,3.3329999,1.0,4.0,8,80.9856495427514,93.9719563731062,pobre,0,5,0.0,496.0,1.0,53.0,13,183,30311,4,1.0
98,1.0,0.0,3.3329999,1.0,5.0,8,80.9856495427514,93.9719563731062,pobre,0,5,0.0,496.0,1.0,53.0,14,183,30311,4,1.0
97,0.0,0.0,3.3329999,1.0,3.0,8,80.9856495427514,93.9719563731062,pobre,0,5,0.0,496.0,1.0,53.0,11,183,30312,3,1.0
98,0.0,0.0,3.3329999,1.0,4.0,8,80.9856495427514,93.9719563731062,pobre,0,5,0.0,496.0,1.0,53.0,12,183,30312,3,1.0
97,0.0,0.0,3.3329999,,2.0,8,80.9856495427514,93.9719563731062,pobre,0,5,0.0,496.0,1.0,53.0,8,183,30313,2,
98,0.0,0.0,3.3329999,1.0,3.0,8,80.9856495427514,93.9719563731062,pobre,0,5,0.0,496.0,1.0,53.0,9,183,30313,2,
97,0.0,0.0,3.3329999,0.0,3.0,3,80.9856495427514,93.9719563731062,pobre,0,1,83.333336,647.0,1.0,54.0,13,183,30314,3,0.0
98,0.0,0.0,3.3329999,0.0,4.0,3,80.9856495427514,93.9719563731062,pobre,0,1,83.333336,647.0,1.0,54.0,14,183,30314,3,0.0
97,0.0,0.0,3.3329999,1.0,3.0,8,80.9856495427514,93.9719563731062,pobre,0,1,750.0,461.0,1.0,39.0,10,183,30315,3,1.0
98,0.0,0.0,3.3329999,1.0,4.0,8,80.9856495427514,93.9719563731062,pobre,0,1,750.0,461.0,1.0,39.0,11,183,30315,3,1.0
97,0.0,0.0,3.3329999,1.0,3.0,8,80.9856495427514,93.9719563731062,pobre,0,1,750.0,461.0,1.0,39.0,9,183,30316,3,1.0
98,0.0,0.0,3.3329999,0.0,4.0,8,80.9856495427514,93.9719563731062,pobre,0,1,750.0,461.0,1.0,39.0,10,183,30316,3,1.0
97,0.0,0.0,3.3329999,1.0,1.0,8,80.9856495427514,93.9719563731062,pobre,0,1,750.0,461.0,1.0,39.0,6,183,30317,1,1.0
98,0.0,0.0,3.3329999,1.0,2.0,8,80.9856495427514,93.9719563731062,pobre,0,1,750.0,461.0,1.0,39.0,7,183,30317,1,1.0
97,0.0,1.0,2.119,1.0,4.0,6,153.0118503700081,287.475370239123,pobre,basal,6,250.0,513.0,1.0,38.0,11,422,30318,4,1.0
98,0.0,1.0,2.119,1.0,5.0,6,153.0118503700081,287.475370239123,pobre,basal,6,250.0,513.0,1.0,38.0,12,422,30318,4,1.0
97,0.0,1.0,2.119,1.0,3.0,6,153.0118503700081,287.475370239123,pobre,basal,6,250.0,513.0,1.0,38.0,10,422,30319,3,1.0
98,0.0,1.0,2.119,1.0,4.0,6,153.0118503700081,287.475370239123,pobre,basal,6,250.0,513.0,1.0,38.0,11,422,30319,3,1.0
97,0.0,1.0,2.119,1.0,0.0,6,153.0118503700081,287.475370239123,pobre,basal,6,250.0,513.0,1.0,38.0,7,422,30320,0,1.0
98,0.0,1.0,2.119,1.0,1.0,6,153.0118503700081,287.475370239123,pobre,basal,6,250.0,513.0,1.0,38.0,8,422,30320,0,1.0
97,0.0,0.0,3.3329999,0.0,6.0,7,80.9856495427514,93.9719563731062,pobre,0,3,750.0,513.0,1.0,36.0,13,183,30321,6,0.0
98,0.0,0.0,3.3329999,0.0,6.0,7,80.9856495427514,93.9719563731062,pobre,0,3,750.0,513.0,1.0,36.0,14,183,30321,6,0.0
97,1.0,0.0,3.3329999,1.0,3.0,7,80.9856495427514,93.9719563731062,pobre,0,3,750.0,513.0,1.0,36.0,11,183,30322,3,1.0
98,1.0,0.0,3.3329999,1.0,4.0,7,80.9856495427514,93.9719563731062,pobre,0,3,750.0,513.0,1.0,36.0,12,183,30322,3,1.0
97,0.0,0.0,3.3329999,1.0,2.0,7,80.9856495427514,93.9719563731062,pobre,0,3,750.0,513.0,1.0,36.0,9,183,30323,2,1.0
98,0.0,0.0,3.3329999,1.0,3.0,7,80.9856495427514,93.9719563731062,pobre,0,3,750.0,513.0,1.0,36.0,10,183,30323,2,1.0
97,1.0,0.0,3.3329999,0.0,6.0,8,80.9856495427514,93.9719563731062,pobre,0,0,750.0,503.0,1.0,45.0,13,183,30324,6,0.0
98,1.0,0.0,3.3329999,0.0,6.0,8,80.9856495427514,93.9719563731062,pobre,0,0,750.0,503.0,1.0,45.0,14,183,30324,6,0.0
97,1.0,0.0,3.3329999,1.0,4.0,8,80.9856495427514,93.9719563731062,pobre,0,0,750.0,503.0,1.0,45.0,11,183,30325,4,1.0
98,1.0,0.0,3.3329999,1.0,5.0,8,80.9856495427514,93.9719563731062,pobre,0,0,750.0,503.0,1.0,45.0,12,183,30325,4,1.0
97,0.0,0.0,3.3329999,1.0,2.0,8,80.9856495427514,93.9719563731062,pobre,0,0,750.0,503.0,1.0,45.0,9,183,30326,2,1.0
98,0.0,0.0,3.3329999,1.0,3.0,8,80.9856495427514,93.9719563731062,pobre,0,0,750.0,503.0,1.0,45.0,10,183,30326,2,1.0
97,0.0,0.0,3.3329999,1.0,1.0,8,80.9856495427514,93.9719563731062,pobre,0,0,750.0,503.0,1.0,45.0,6,183,30327,1,1.0
98,0.0,0.0,3.3329999,1.0,1.0,8,80.9856495427514,93.9719563731062,pobre,0,0,750.0,503.0,1.0,45.0,7,183,30327,1,1.0
97,0.0,0.0,3.3329999,1.0,3.0,5,80.9856495427514,93.9719563731062,pobre,0,2,1000.0,637.0,1.0,33.0,9,183,30328,3,1.0
98,0.0,0.0,3.3329999,1.0,4.0,5,80.9856495427514,93.9719563731062,pobre,0,2,1000.0,637.0,1.0,33.0,10,183,30328,3,1.0
97,1.0,0.0,3.3329999,1.0,6.0,6,80.9856495427514,93.9719563731062,pobre,0,3,1600.0,838.0,1.0,30.0,12,183,30329,6,1.0
98,1.0,0.0,3.3329999,1.0,7.0,6,80.9856495427514,93.9719563731062,pobre,0,3,1600.0,838.0,1.0,30.0,13,183,30329,6,1.0
97,1.0,0.0,3.3329999,1.0,3.0,6,80.9856495427514,93.9719563731062,pobre,0,3,1600.0,838.0,1.0,30.0,9,183,30330,3,1.0
98,1.0,0.0,3.3329999,1.0,4.0,6,80.9856495427514,93.9719563731062,pobre,0,3,1600.0,838.0,1.0,30.0,10,183,30330,3,1.0
97,1.0,0.0,3.3329999,0.0,9.0,8,80.9856495427514,93.9719563731062,pobre,0,1,1000.0,565.66998,1.0,42.0,14,183,30331,9,0.0
98,1.0,0.0,3.3329999,,,8,80.9856495427514,93.9719563731062,pobre,0,1,1000.0,565.66998,1.0,42.0,15,183,30331,9,0.0
97,0.0,0.0,3.3329999,0.0,6.0,8,80.9856495427514,93.9719563731062,pobre,0,1,1000.0,565.66998,1.0,42.0,13,183,30332,6,0.0
98,0.0,0.0,3.3329999,0.0,6.0,8,80.9856495427514,93.9719563731062,pobre,0,1,1000.0,565.66998,1.0,42.0,14,183,30332,6,0.0
97,1.0,0.0,3.3329999,1.0,4.0,8,80.9856495427514,93.9719563731062,pobre,0,1,1000.0,565.66998,1.0,42.0,11,183,30333,4,1.0
98,1.0,0.0,3.3329999,1.0,5.0,8,80.9856495427514,93.9719563731062,pobre,0,1,1000.0,565.66998,1.0,42.0,12,183,30333,4,1.0
97,0.0,0.0,3.3329999,1.0,2.0,8,80.9856495427514,93.9719563731062,pobre,0,1,1000.0,565.66998,1.0,42.0,9,183,30334,2,1.0
98,0.0,0.0,3.3329999,1.0,3.0,8,80.9856495427514,93.9719563731062,pobre,0,1,1000.0,565.66998,1.0,42.0,10,183,30334,2,1.0
97,0.0,0.0,3.3329999,1.0,1.0,8,80.9856495427514,93.9719563731062,pobre,0,1,1000.0,565.66998,1.0,42.0,6,183,30335,1,1.0
98,0.0,0.0,3.3329999,1.0,2.0,8,80.9856495427514,93.9719563731062,pobre,0,1,1000.0,565.66998,1.0,42.0,7,183,30335,1,1.0
97,0.0,1.0,2.119,1.0,2.0,5,153.0118503700081,287.475370239123,pobre,basal,0,375.0,645.0,1.0,36.0,7,422,30336,2,1.0
98,0.0,1.0,2.119,1.0,3.0,5,153.0118503700081,287.475370239123,pobre,basal,0,375.0,645.0,1.0,36.0,8,422,30336,2,1.0
97,0.0,0.0,3.3329999,0.0,6.0,8,80.9856495427514,93.9719563731062,pobre,0,3,1000.0,438.0,1.0,28.0,13,183,30337,6,0.0
98,0.0,0.0,3.3329999,0.0,6.0,8,80.9856495427514,93.9719563731062,pobre,0,3,1000.0,438.0,1.0,28.0,14,183,30337,6,0.0
97,0.0,0.0,3.3329999,1.0,6.0,8,80.9856495427514,93.9719563731062,pobre,0,3,1000.0,438.0,1.0,28.0,12,183,30338,6,1.0
98,0.0,0.0,3.3329999,0.0,7.0,8,80.9856495427514,93.9719563731062,pobre,0,3,1000.0,438.0,1.0,28.0,13,183,30338,6,1.0
97,1.0,0.0,3.3329999,1.0,2.0,8,80.9856495427514,93.9719563731062,pobre,0,3,1000.0,438.0,1.0,28.0,10,183,30339,2,1.0
98,1.0,0.0,3.3329999,0.0,3.0,8,80.9856495427514,93.9719563731062,pobre,0,3,1000.0,438.0,1.0,28.0,11,183,30339,2,1.0
97,1.0,0.0,3.3329999,1.0,1.0,8,80.9856495427514,93.9719563731062,pobre,0,3,1000.0,438.0,1.0,28.0,7,183,30340,1,1.0
98,1.0,0.0,3.3329999,1.0,1.0,8,80.9856495427514,93.9719563731062,pobre,0,3,1000.0,438.0,1.0,28.0,8,183,30340,1,1.0
97,1.0,0.0,3.3329999,1.0,1.0,8,80.9856495427514,93.9719563731062,pobre,0,3,1000.0,438.0,1.0,28.0,6,183,30341,1,1.0
98,1.0,0.0,3.3329999,1.0,0.0,8,80.9856495427514,93.9719563731062,pobre,0,3,1000.0,438.0,1.0,28.0,7,183,30341,1,1.0
97,1.0,0.0,3.3329999,,0.0,3,80.9856495427514,93.9719563731062,no pobre,0,0,1200.0,690.20001,1.0,27.0,6,183,30342,0,
98,1.0,0.0,3.3329999,,,3,80.9856495427514,93.9719563731062,no pobre,0,0,1200.0,690.20001,1.0,27.0,7,183,30342,0,
97,0.0,0.0,3.3329999,0.0,6.0,7,80.9856495427514,93.9719563731062,no pobre,0,0,125.0,767.33002,1.0,57.0,15,183,30343,6,0.0
98,0.0,0.0,3.3329999,0.0,6.0,7,80.9856495427514,93.9719563731062,no pobre,0,0,125.0,767.33002,1.0,57.0,16,183,30343,6,0.0
97,0.0,0.0,3.3329999,0.0,6.0,7,80.9856495427514,93.9719563731062,no pobre,0,0,125.0,767.33002,1.0,57.0,13,183,30344,6,0.0
98,0.0,0.0,3.3329999,0.0,6.0,7,80.9856495427514,93.9719563731062,no pobre,0,0,125.0,767.33002,1.0,57.0,14,183,30344,6,0.0
97,0.0,0.0,3.3329999,1.0,4.0,7,80.9856495427514,93.9719563731062,no pobre,0,0,125.0,767.33002,1.0,57.0,11,183,30345,4,1.0
98,0.0,0.0,3.3329999,1.0,5.0,7,80.9856495427514,93.9719563731062,no pobre,0,0,125.0,767.33002,1.0,57.0,12,183,30345,4,1.0
97,0.0,0.0,3.3329999,0.0,5.0,5,80.9856495427514,93.9719563731062,pobre,0,2,750.0,538.0,1.0,46.0,14,183,30346,5,0.0
98,0.0,0.0,3.3329999,0.0,6.0,5,80.9856495427514,93.9719563731062,pobre,0,2,750.0,538.0,1.0,46.0,15,183,30346,5,0.0
97,0.0,0.0,3.3329999,1.0,3.0,5,80.9856495427514,93.9719563731062,pobre,0,2,750.0,538.0,1.0,46.0,9,183,30347,3,1.0
98,0.0,0.0,3.3329999,1.0,3.0,5,80.9856495427514,93.9719563731062,pobre,0,2,750.0,538.0,1.0,46.0,10,183,30347,3,1.0
97,0.0,1.0,2.119,0.0,6.0,3,153.0118503700081,287.475370239123,pobre,basal,0,375.0,791.0,1.0,40.0,15,422,30348,6,0.0
98,0.0,1.0,2.119,,,3,153.0118503700081,287.475370239123,pobre,basal,0,375.0,791.0,1.0,40.0,16,422,30348,6,0.0
97,1.0,0.0,3.3329999,1.0,1.0,5,80.9856495427514,93.9719563731062,pobre,0,6,0.0,526.0,1.0,36.0,6,183,30349,1,1.0
98,1.0,0.0,3.3329999,1.0,1.0,5,80.9856495427514,93.9719563731062,pobre,0,6,0.0,526.0,1.0,36.0,7,183,30349,1,1.0
97,0.0,1.0,1.9400001,1.0,8.0,5,153.0301579331661,277.4332576270081,pobre,basal,5,375.0,741.0,1.0,50.0,15,428,30350,8,1.0
98,0.0,1.0,1.9400001,1.0,9.0,5,153.0301579331661,277.4332576270081,pobre,basal,5,375.0,741.0,1.0,50.0,16,428,30350,8,1.0
97,0.0,1.0,1.9400001,1.0,5.0,5,153.0301579331661,277.4332576270081,pobre,basal,5,375.0,741.0,1.0,50.0,12,428,30351,5,1.0
98,0.0,1.0,1.9400001,1.0,6.0,5,153.0301579331661,277.4332576270081,pobre,basal,5,375.0,741.0,1.0,50.0,13,428,30351,5,1.0
97,1.0,0.0,3.3329999,1.0,1.0,7,80.9856495427514,93.9719563731062,pobre,0,1,1000.0,481.0,1.0,39.0,7,183,30352,1,1.0
98,1.0,0.0,3.3329999,1.0,1.0,7,80.9856495427514,93.9719563731062,pobre,0,1,1000.0,481.0,1.0,39.0,8,183,30352,1,1.0
97,0.0,0.0,3.3329999,1.0,0.0,7,80.9856495427514,93.9719563731062,pobre,0,1,1000.0,481.0,1.0,39.0,6,183,30353,0,1.0
98,0.0,0.0,3.3329999,1.0,0.0,7,80.9856495427514,93.9719563731062,pobre,0,1,1000.0,481.0,1.0,39.0,7,183,30353,0,1.0
97,1.0,0.0,3.3329999,,5.0,13,80.9856495427514,93.9719563731062,pobre,0,0,0.0,368.0,1.0,61.0,16,183,30354,5,
98,1.0,0.0,3.3329999,0.0,5.0,13,80.9856495427514,93.9719563731062,pobre,0,0,0.0,368.0,1.0,61.0,17,183,30354,5,
97,1.0,0.0,3.3329999,,6.0,13,80.9856495427514,93.9719563731062,pobre,0,0,0.0,368.0,1.0,61.0,14,183,30355,6,
98,1.0,0.0,3.3329999,0.0,6.0,13,80.9856495427514,93.9719563731062,pobre,0,0,0.0,368.0,1.0,61.0,15,183,30355,6,
97,0.0,0.0,3.3329999,,6.0,13,80.9856495427514,93.9719563731062,pobre,0,0,0.0,368.0,1.0,61.0,13,183,30356,6,
98,0.0,0.0,3.3329999,0.0,6.0,13,80.9856495427514,93.9719563731062,pobre,0,0,0.0,368.0,1.0,61.0,14,183,30356,6,
97,1.0,0.0,3.3329999,,5.0,13,80.9856495427514,93.9719563731062,pobre,0,0,0.0,368.0,1.0,61.0,12,183,30357,5,
98,1.0,0.0,3.3329999,1.0,5.0,13,80.9856495427514,93.9719563731062,pobre,0,0,0.0,368.0,1.0,61.0,13,183,30357,5,
97,0.0,0.0,3.3329999,,4.0,13,80.9856495427514,93.9719563731062,pobre,0,0,0.0,368.0,1.0,61.0,11,183,30358,4,
98,0.0,0.0,3.3329999,1.0,4.0,13,80.9856495427514,93.9719563731062,pobre,0,0,0.0,368.0,1.0,61.0,12,183,30358,4,
97,1.0,0.0,3.3329999,,2.0,13,80.9856495427514,93.9719563731062,pobre,0,0,0.0,368.0,1.0,61.0,7,183,30359,2,
98,1.0,0.0,3.3329999,,,13,80.9856495427514,93.9719563731062,pobre,0,0,0.0,368.0,1.0,61.0,8,183,30359,2,
97,1.0,0.0,3.3329999,,0.0,13,80.9856495427514,93.9719563731062,pobre,0,0,0.0,368.0,1.0,61.0,7,183,30360,0,
98,1.0,0.0,3.3329999,1.0,1.0,13,80.9856495427514,93.9719563731062,pobre,0,0,0.0,368.0,1.0,61.0,8,183,30360,0,
97,1.0,0.0,1.526,1.0,1.0,18,77.42532125889367,90.0733730248069,pobre,0,2,16.666666,723.5,0.0,71.0,7,198,30361,1,1.0
98,1.0,0.0,1.526,1.0,2.0,18,77.42532125889367,90.0733730248069,pobre,0,2,16.666666,723.5,0.0,71.0,8,198,30361,1,1.0
97,1.0,0.0,1.526,1.0,0.0,18,77.42532125889367,90.0733730248069,pobre,0,2,16.666666,723.5,0.0,71.0,6,198,30362,0,1.0
98,1.0,0.0,1.526,1.0,0.0,18,77.42532125889367,90.0733730248069,pobre,0,2,16.666666,723.5,0.0,71.0,7,198,30362,0,1.0
97,1.0,0.0,1.526,1.0,4.0,18,77.42532125889367,90.0733730248069,pobre,0,2,16.666666,723.5,0.0,71.0,10,198,30363,4,1.0
98,1.0,0.0,1.526,1.0,5.0,18,77.42532125889367,90.0733730248069,pobre,0,2,16.666666,723.5,0.0,71.0,11,198,30363,4,1.0
97,1.0,0.0,1.526,1.0,1.0,18,77.42532125889367,90.0733730248069,pobre,0,2,16.666666,723.5,0.0,71.0,7,198,30364,1,1.0
98,1.0,0.0,1.526,1.0,2.0,18,77.42532125889367,90.0733730248069,pobre,0,2,16.666666,723.5,0.0,71.0,8,198,30364,1,1.0
97,0.0,0.0,1.526,1.0,3.0,18,77.42532125889367,90.0733730248069,pobre,0,2,16.666666,723.5,0.0,71.0,9,198,30365,3,1.0
98,0.0,0.0,1.526,1.0,4.0,18,77.42532125889367,90.0733730248069,pobre,0,2,16.666666,723.5,0.0,71.0,10,198,30365,3,1.0
97,1.0,0.0,1.526,1.0,3.0,18,77.42532125889367,90.0733730248069,pobre,0,2,16.666666,723.5,0.0,71.0,6,198,30366,3,1.0
98,1.0,0.0,1.526,1.0,3.0,18,77.42532125889367,90.0733730248069,pobre,0,2,16.666666,723.5,0.0,71.0,7,198,30366,3,1.0
97,1.0,1.0,2.119,1.0,7.0,6,153.0118503700081,287.475370239123,pobre,basal,4,375.0,805.0,1.0,50.0,15,422,30367,7,1.0
98,1.0,1.0,2.119,1.0,8.0,6,153.0118503700081,287.475370239123,pobre,basal,4,375.0,805.0,1.0,50.0,16,422,30367,7,1.0
97,0.0,1.0,2.119,1.0,3.0,6,153.0118503700081,287.475370239123,pobre,basal,4,375.0,805.0,1.0,50.0,10,422,30368,3,1.0
98,0.0,1.0,2.119,1.0,4.0,6,153.0118503700081,287.475370239123,pobre,basal,4,375.0,805.0,1.0,50.0,11,422,30368,3,1.0
97,1.0,1.0,2.119,1.0,1.0,5,153.0118503700081,287.475370239123,pobre,basal,3,500.0,531.0,1.0,19.0,7,422,30369,1,1.0
98,1.0,1.0,2.119,1.0,2.0,5,153.0118503700081,287.475370239123,pobre,basal,3,500.0,531.0,1.0,19.0,8,422,30369,1,1.0
97,1.0,1.0,2.119,1.0,5.0,5,153.0118503700081,287.475370239123,pobre,basal,2,500.0,580.5,1.0,34.0,14,422,30370,5,1.0
98,1.0,1.0,2.119,1.0,6.0,5,153.0118503700081,287.475370239123,pobre,basal,2,500.0,580.5,1.0,34.0,15,422,30370,5,1.0
97,0.0,1.0,2.119,1.0,3.0,5,153.0118503700081,287.475370239123,pobre,basal,2,500.0,580.5,1.0,34.0,12,422,30371,3,1.0
98,0.0,1.0,2.119,1.0,5.0,5,153.0118503700081,287.475370239123,pobre,basal,2,500.0,580.5,1.0,34.0,13,422,30371,3,1.0
97,1.0,1.0,2.119,1.0,3.0,5,153.0118503700081,287.475370239123,pobre,basal,2,500.0,580.5,1.0,34.0,10,422,30372,3,1.0
98,1.0,1.0,2.119,1.0,4.0,5,153.0118503700081,287.475370239123,pobre,basal,2,500.0,580.5,1.0,34.0,11,422,30372,3,1.0
97,0.0,1.0,2.119,1.0,3.0,6,153.0118503700081,287.475370239123,pobre,basal,0,0.0,622.0,0.0,85.0,11,422,30373,3,1.0
98,0.0,1.0,2.119,1.0,6.0,6,153.0118503700081,287.475370239123,pobre,basal,0,0.0,622.0,0.0,85.0,12,422,30373,3,1.0
97,1.0,0.0,1.526,1.0,5.0,9,77.42532125889367,90.0733730248069,pobre,0,3,600.0,599.5,1.0,62.0,13,198,30374,5,1.0
98,1.0,0.0,1.526,1.0,5.0,9,77.42532125889367,90.0733730248069,pobre,0,3,600.0,599.5,1.0,62.0,14,198,30374,5,1.0
97,0.0,0.0,1.526,1.0,3.0,9,77.42532125889367,90.0733730248069,pobre,0,3,600.0,599.5,1.0,62.0,12,198,30375,3,1.0
98,0.0,0.0,1.526,0.0,3.0,9,77.42532125889367,90.0733730248069,pobre,0,3,600.0,599.5,1.0,62.0,13,198,30375,3,1.0
97,1.0,0.0,1.526,1.0,1.0,9,77.42532125889367,90.0733730248069,pobre,0,3,600.0,599.5,1.0,62.0,8,198,30376,1,1.0
98,1.0,0.0,1.526,1.0,2.0,9,77.42532125889367,90.0733730248069,pobre,0,3,600.0,599.5,1.0,62.0,9,198,30376,1,1.0
97,0.0,0.0,1.526,1.0,1.0,9,77.42532125889367,90.0733730248069,pobre,0,3,600.0,599.5,1.0,62.0,7,198,30377,1,1.0
98,0.0,0.0,1.526,1.0,2.0,9,77.42532125889367,90.0733730248069,pobre,0,3,600.0,599.5,1.0,62.0,8,198,30377,1,1.0
97,1.0,1.0,2.119,1.0,4.0,6,153.0118503700081,287.475370239123,pobre,basal,2,500.0,648.0,1.0,47.0,12,422,30378,4,1.0
98,1.0,1.0,2.119,1.0,6.0,6,153.0118503700081,287.475370239123,pobre,basal,2,500.0,648.0,1.0,47.0,13,422,30378,4,1.0
97,0.0,1.0,2.119,1.0,1.0,6,153.0118503700081,287.475370239123,pobre,basal,2,500.0,648.0,1.0,47.0,10,422,30379,1,1.0
98,0.0,1.0,2.119,1.0,4.0,6,153.0118503700081,287.475370239123,pobre,basal,2,500.0,648.0,1.0,47.0,11,422,30379,1,1.0
97,0.0,1.0,2.119,1.0,3.0,5,153.0118503700081,287.475370239123,pobre,basal,0,500.0,650.5,1.0,56.0,13,422,30380,3,1.0
98,0.0,1.0,2.119,1.0,5.0,5,153.0118503700081,287.475370239123,pobre,basal,0,500.0,650.5,1.0,56.0,14,422,30380,3,1.0
97,0.0,1.0,2.119,1.0,2.0,5,153.0118503700081,287.475370239123,pobre,basal,0,500.0,650.5,1.0,56.0,10,422,30381,2,1.0
98,0.0,1.0,2.119,1.0,4.0,5,153.0118503700081,287.475370239123,pobre,basal,0,500.0,650.5,1.0,56.0,11,422,30381,2,1.0
97,1.0,1.0,2.119,1.0,6.0,4,153.0118503700081,287.475370239123,pobre,basal,0,0.0,725.0,0.0,82.0,15,422,30382,6,1.0
98,1.0,1.0,2.119,,,4,153.0118503700081,287.475370239123,pobre,basal,0,0.0,725.0,0.0,82.0,16,422,30382,6,1.0
97,0.0,1.0,2.119,0.0,6.0,5,153.0118503700081,287.475370239123,pobre,basal,0,375.0,750.5,1.0,59.0,15,422,30383,6,0.0
98,0.0,1.0,2.119,0.0,6.0,5,153.0118503700081,287.475370239123,pobre,basal,0,375.0,750.5,1.0,59.0,16,422,30383,6,0.0
97,0.0,1.0,2.119,1.0,4.0,5,153.0118503700081,287.475370239123,pobre,basal,0,375.0,750.5,1.0,59.0,16,422,30384,4,1.0
98,0.0,1.0,2.119,,,5,153.0118503700081,287.475370239123,pobre,basal,0,375.0,750.5,1.0,59.0,17,422,30384,4,1.0
97,1.0,0.0,1.526,0.0,6.0,10,77.42532125889367,90.0733730248069,pobre,0,1,166.66667,510.32999,1.0,43.0,15,198,30385,6,0.0
98,1.0,0.0,1.526,0.0,6.0,10,77.42532125889367,90.0733730248069,pobre,0,1,166.66667,510.32999,1.0,43.0,16,198,30385,6,0.0
97,0.0,0.0,1.526,1.0,5.0,10,77.42532125889367,90.0733730248069,pobre,0,1,166.66667,510.32999,1.0,43.0,13,198,30386,5,1.0
98,0.0,0.0,1.526,0.0,5.0,10,77.42532125889367,90.0733730248069,pobre,0,1,166.66667,510.32999,1.0,43.0,14,198,30386,5,1.0
97,0.0,0.0,1.526,1.0,5.0,10,77.42532125889367,90.0733730248069,pobre,0,1,166.66667,510.32999,1.0,43.0,11,198,30387,5,1.0
98,0.0,0.0,1.526,1.0,5.0,10,77.42532125889367,90.0733730248069,pobre,0,1,166.66667,510.32999,1.0,43.0,12,198,30387,5,1.0
97,1.0,0.0,1.526,1.0,3.0,10,77.42532125889367,90.0733730248069,pobre,0,1,166.66667,510.32999,1.0,43.0,10,198,30388,3,1.0
98,1.0,0.0,1.526,1.0,4.0,10,77.42532125889367,90.0733730248069,pobre,0,1,166.66667,510.32999,1.0,43.0,11,198,30388,3,1.0
97,1.0,0.0,1.526,1.0,1.0,10,77.42532125889367,90.0733730248069,pobre,0,1,166.66667,510.32999,1.0,43.0,7,198,30389,1,1.0
98,1.0,0.0,1.526,1.0,2.0,10,77.42532125889367,90.0733730248069,pobre,0,1,166.66667,510.32999,1.0,43.0,8,198,30389,1,1.0
97,0.0,0.0,1.526,1.0,2.0,6,77.42532125889367,90.0733730248069,pobre,0,0,600.0,531.0,1.0,23.0,8,198,30390,2,1.0
98,0.0,0.0,1.526,,,6,77.42532125889367,90.0733730248069,pobre,0,0,600.0,531.0,1.0,23.0,9,198,30390,2,1.0
97,0.0,0.0,1.526,1.0,1.0,6,77.42532125889367,90.0733730248069,pobre,0,0,600.0,531.0,1.0,23.0,7,198,30391,1,1.0
98,0.0,0.0,1.526,,,6,77.42532125889367,90.0733730248069,pobre,0,0,600.0,531.0,1.0,23.0,8,198,30391,1,1.0
97,0.0,1.0,2.119,0.0,6.0,7,153.0118503700081,287.475370239123,pobre,basal,6,500.0,580.0,1.0,32.0,16,422,30392,6,0.0
98,0.0,1.0,2.119,,,7,153.0118503700081,287.475370239123,pobre,basal,6,500.0,580.0,1.0,32.0,17,422,30392,6,0.0
97,0.0,1.0,2.119,1.0,6.0,7,153.0118503700081,287.475370239123,pobre,basal,6,500.0,580.0,1.0,32.0,12,422,30393,6,1.0
98,0.0,1.0,2.119,1.0,7.0,7,153.0118503700081,287.475370239123,pobre,basal,6,500.0,580.0,1.0,32.0,13,422,30393,6,1.0
97,1.0,1.0,2.119,1.0,2.0,7,153.0118503700081,287.475370239123,pobre,basal,6,500.0,580.0,1.0,32.0,8,422,30394,2,1.0
98,1.0,1.0,2.119,1.0,3.0,7,153.0118503700081,287.475370239123,pobre,basal,6,500.0,580.0,1.0,32.0,9,422,30394,2,1.0
97,0.0,0.0,1.526,1.0,7.0,6,77.42532125889367,90.0733730248069,pobre,0,6,0.0,708.0,0.0,32.0,13,198,30395,7,1.0
98,0.0,0.0,1.526,1.0,7.0,6,77.42532125889367,90.0733730248069,pobre,0,6,0.0,708.0,0.0,32.0,14,198,30395,7,1.0
97,0.0,0.0,1.526,1.0,7.0,6,77.42532125889367,90.0733730248069,pobre,0,6,0.0,708.0,0.0,32.0,12,198,30396,7,1.0
98,0.0,0.0,1.526,1.0,3.0,6,77.42532125889367,90.0733730248069,pobre,0,6,0.0,708.0,0.0,32.0,13,198,30396,7,1.0
97,0.0,0.0,1.526,1.0,3.0,6,77.42532125889367,90.0733730248069,pobre,0,6,0.0,708.0,0.0,32.0,9,198,30397,3,1.0
98,0.0,0.0,1.526,1.0,4.0,6,77.42532125889367,90.0733730248069,pobre,0,6,0.0,708.0,0.0,32.0,10,198,30397,3,1.0
97,1.0,0.0,1.526,1.0,9.0,7,77.42532125889367,90.0733730248069,no pobre,0,1,720.0,815.5,1.0,49.0,16,198,30398,9,1.0
98,1.0,0.0,1.526,,,7,77.42532125889367,90.0733730248069,no pobre,0,1,720.0,815.5,1.0,49.0,17,198,30398,9,1.0
97,0.0,0.0,1.526,1.0,2.0,7,77.42532125889367,90.0733730248069,no pobre,0,1,720.0,815.5,1.0,49.0,12,198,30399,2,1.0
98,0.0,0.0,1.526,1.0,3.0,7,77.42532125889367,90.0733730248069,no pobre,0,1,720.0,815.5,1.0,49.0,13,198,30399,2,1.0
97,0.0,0.0,1.526,1.0,1.0,7,77.42532125889367,90.0733730248069,no pobre,0,1,720.0,815.5,1.0,49.0,8,198,30400,1,1.0
98,0.0,0.0,1.526,1.0,2.0,7,77.42532125889367,90.0733730248069,no pobre,0,1,720.0,815.5,1.0,49.0,9,198,30400,1,1.0
97,1.0,0.0,1.526,,6.0,4,77.42532125889367,90.0733730248069,pobre,0,3,200.0,684.0,1.0,60.0,13,198,30401,6,
98,1.0,0.0,1.526,1.0,7.0,4,77.42532125889367,90.0733730248069,pobre,0,3,200.0,684.0,1.0,60.0,14,198,30401,6,
97,1.0,0.0,1.526,1.0,7.0,5,77.42532125889367,90.0733730248069,pobre,0,3,800.0,559.69,1.0,37.0,12,198,30402,7,1.0
98,1.0,0.0,1.526,1.0,8.0,5,77.42532125889367,90.0733730248069,pobre,0,3,800.0,559.69,1.0,37.0,13,198,30402,7,1.0
97,1.0,0.0,1.526,1.0,4.0,5,77.42532125889367,90.0733730248069,pobre,0,3,800.0,559.69,1.0,37.0,10,198,30403,4,1.0
98,1.0,0.0,1.526,1.0,5.0,5,77.42532125889367,90.0733730248069,pobre,0,3,800.0,559.69,1.0,37.0,11,198,30403,4,1.0
97,0.0,0.0,1.526,1.0,2.0,5,77.42532125889367,90.0733730248069,pobre,0,3,800.0,559.69,1.0,37.0,8,198,30404,2,1.0
98,0.0,0.0,1.526,1.0,3.0,5,77.42532125889367,90.0733730248069,pobre,0,3,800.0,559.69,1.0,37.0,9,198,30404,2,1.0
97,0.0,1.0,2.119,1.0,5.0,5,153.0118503700081,287.475370239123,pobre,basal,6,500.0,673.0,1.0,37.0,12,422,30405,5,1.0
98,0.0,1.0,2.119,1.0,6.0,5,153.0118503700081,287.475370239123,pobre,basal,6,500.0,673.0,1.0,37.0,13,422,30405,5,1.0
97,1.0,1.0,2.119,1.0,3.0,5,153.0118503700081,287.475370239123,pobre,basal,6,500.0,673.0,1.0,37.0,10,422,30406,3,1.0
98,1.0,1.0,2.119,1.0,4.0,5,153.0118503700081,287.475370239123,pobre,basal,6,500.0,673.0,1.0,37.0,11,422,30406,3,1.0
97,0.0,1.0,2.119,0.0,0.0,4,153.0118503700081,287.475370239123,pobre,basal,1,0.0,729.0,0.0,56.0,16,422,30407,0,0.0
98,0.0,1.0,2.119,,,4,153.0118503700081,287.475370239123,pobre,basal,1,0.0,729.0,0.0,56.0,17,422,30407,0,0.0
97,0.0,1.0,2.119,0.0,6.0,6,153.0118503700081,287.475370239123,pobre,basal,3,500.0,770.0,1.0,49.0,16,422,30408,6,0.0
98,0.0,1.0,2.119,,,6,153.0118503700081,287.475370239123,pobre,basal,3,500.0,770.0,1.0,49.0,17,422,30408,6,0.0
97,0.0,1.0,2.119,0.0,6.0,6,153.0118503700081,287.475370239123,pobre,basal,3,500.0,770.0,1.0,49.0,13,422,30409,6,0.0
98,0.0,1.0,2.119,0.0,6.0,6,153.0118503700081,287.475370239123,pobre,basal,3,500.0,770.0,1.0,49.0,14,422,30409,6,0.0
97,1.0,1.0,11.294,1.0,5.0,8,114.7017582525125,114.7017582525125,pobre,basal,3,0.0,576.66998,1.0,31.0,14,5,30410,5,1.0
98,1.0,1.0,11.294,0.0,5.0,8,114.7017582525125,114.7017582525125,pobre,basal,3,0.0,576.66998,1.0,31.0,15,5,30410,5,1.0
97,1.0,1.0,11.294,,0.0,8,114.7017582525125,114.7017582525125,pobre,basal,3,0.0,576.66998,1.0,31.0,10,5,30411,0,
98,1.0,1.0,11.294,0.0,3.0,8,114.7017582525125,114.7017582525125,pobre,basal,3,0.0,576.66998,1.0,31.0,11,5,30411,0,
97,0.0,1.0,11.294,,0.0,8,114.7017582525125,114.7017582525125,pobre,basal,3,0.0,576.66998,1.0,31.0,7,5,30412,0,
98,0.0,1.0,11.294,1.0,1.0,8,114.7017582525125,114.7017582525125,pobre,basal,3,0.0,576.66998,1.0,31.0,8,5,30412,0,
97,0.0,1.0,11.294,1.0,2.0,7,114.7017582525125,114.7017582525125,pobre,basal,0,0.0,494.0,1.0,37.0,10,5,30413,2,1.0
98,0.0,1.0,11.294,1.0,3.0,7,114.7017582525125,114.7017582525125,pobre,basal,0,0.0,494.0,1.0,37.0,11,5,30413,2,1.0
97,0.0,1.0,11.294,1.0,5.0,8,114.7017582525125,114.7017582525125,pobre,basal,0,0.0,536.0,1.0,34.0,14,5,30414,5,1.0
98,0.0,1.0,11.294,1.0,6.0,8,114.7017582525125,114.7017582525125,pobre,basal,0,0.0,536.0,1.0,34.0,15,5,30414,5,1.0
97,0.0,1.0,11.294,1.0,2.0,8,114.7017582525125,114.7017582525125,pobre,basal,0,0.0,536.0,1.0,34.0,11,5,30415,2,1.0
98,0.0,1.0,11.294,1.0,3.0,8,114.7017582525125,114.7017582525125,pobre,basal,0,0.0,536.0,1.0,34.0,12,5,30415,2,1.0
97,1.0,1.0,11.294,1.0,1.0,8,114.7017582525125,114.7017582525125,pobre,basal,0,0.0,536.0,1.0,34.0,8,5,30416,1,1.0
98,1.0,1.0,11.294,1.0,2.0,8,114.7017582525125,114.7017582525125,pobre,basal,0,0.0,536.0,1.0,34.0,9,5,30416,1,1.0
97,0.0,1.0,11.294,1.0,0.0,8,114.7017582525125,114.7017582525125,pobre,basal,0,0.0,536.0,1.0,34.0,6,5,30417,0,1.0
98,0.0,1.0,11.294,1.0,0.0,8,114.7017582525125,114.7017582525125,pobre,basal,0,0.0,536.0,1.0,34.0,7,5,30417,0,1.0
97,0.0,1.0,0.0,1.0,1.0,5,163.841865005557,163.841865005557,no pobre,basal,0,0.0,762.66998,1.0,42.0,7,4,30418,1,1.0
98,0.0,1.0,0.0,1.0,1.0,5,163.841865005557,163.841865005557,no pobre,basal,0,0.0,762.66998,1.0,42.0,8,4,30418,1,1.0
97,1.0,1.0,0.0,0.0,6.0,9,163.841865005557,163.841865005557,pobre,basal,2,0.0,732.0,1.0,46.0,16,4,30419,6,0.0
98,1.0,1.0,0.0,,,9,163.841865005557,163.841865005557,pobre,basal,2,0.0,732.0,1.0,46.0,17,4,30419,6,0.0
97,1.0,1.0,0.0,0.0,2.0,9,163.841865005557,163.841865005557,pobre,basal,2,0.0,732.0,1.0,46.0,13,4,30420,2,0.0
98,1.0,1.0,0.0,1.0,4.0,9,163.841865005557,163.841865005557,pobre,basal,2,0.0,732.0,1.0,46.0,14,4,30420,2,0.0
97,1.0,1.0,0.0,0.0,2.0,9,163.841865005557,163.841865005557,pobre,basal,2,0.0,732.0,1.0,46.0,10,4,30421,2,0.0
98,1.0,1.0,0.0,1.0,2.0,9,163.841865005557,163.841865005557,pobre,basal,2,0.0,732.0,1.0,46.0,11,4,30421,2,0.0
97,1.0,1.0,0.0,1.0,1.0,9,163.841865005557,163.841865005557,pobre,basal,2,0.0,732.0,1.0,46.0,6,4,30422,1,1.0
98,1.0,1.0,0.0,1.0,2.0,9,163.841865005557,163.841865005557,pobre,basal,2,0.0,732.0,1.0,46.0,7,4,30422,1,1.0
97,0.0,1.0,0.0,0.0,4.0,6,163.841865005557,163.841865005557,pobre,basal,6,0.0,727.0,1.0,45.0,16,4,30423,4,0.0
98,0.0,1.0,0.0,0.0,3.0,6,163.841865005557,163.841865005557,pobre,basal,6,0.0,727.0,1.0,45.0,17,4,30423,4,0.0
97,1.0,1.0,0.0,1.0,2.0,6,163.841865005557,163.841865005557,pobre,basal,6,0.0,727.0,1.0,45.0,12,4,30424,2,1.0
98,1.0,1.0,0.0,1.0,3.0,6,163.841865005557,163.841865005557,pobre,basal,6,0.0,727.0,1.0,45.0,13,4,30424,2,1.0
97,1.0,1.0,0.0,1.0,2.0,6,163.841865005557,163.841865005557,pobre,basal,6,0.0,727.0,1.0,45.0,10,4,30425,2,1.0
98,1.0,1.0,0.0,1.0,3.0,6,163.841865005557,163.841865005557,pobre,basal,6,0.0,727.0,1.0,45.0,11,4,30425,2,1.0
97,1.0,1.0,0.0,1.0,5.0,7,163.841865005557,163.841865005557,pobre,basal,0,0.0,680.0,1.0,26.0,12,4,30426,5,1.0
98,1.0,1.0,0.0,1.0,5.0,7,163.841865005557,163.841865005557,pobre,basal,0,0.0,680.0,1.0,26.0,13,4,30426,5,1.0
97,0.0,1.0,0.0,1.0,4.0,7,163.841865005557,163.841865005557,pobre,basal,0,0.0,680.0,1.0,26.0,10,4,30427,4,1.0
98,0.0,1.0,0.0,1.0,4.0,7,163.841865005557,163.841865005557,pobre,basal,0,0.0,680.0,1.0,26.0,11,4,30427,4,1.0
97,1.0,1.0,0.0,1.0,1.0,7,163.841865005557,163.841865005557,pobre,basal,0,0.0,680.0,1.0,26.0,6,4,30428,1,1.0
98,1.0,1.0,0.0,1.0,1.0,7,163.841865005557,163.841865005557,pobre,basal,0,0.0,680.0,1.0,26.0,7,4,30428,1,1.0
97,1.0,1.0,0.0,0.0,9.0,6,163.841865005557,163.841865005557,pobre,basal,0,0.0,753.0,1.0,41.0,16,4,30429,9,0.0
98,1.0,1.0,0.0,,,6,163.841865005557,163.841865005557,pobre,basal,0,0.0,753.0,1.0,41.0,17,4,30429,9,0.0
97,1.0,1.0,0.0,0.0,6.0,6,163.841865005557,163.841865005557,pobre,basal,0,0.0,753.0,1.0,41.0,13,4,30430,6,0.0
98,1.0,1.0,0.0,1.0,1.0,6,163.841865005557,163.841865005557,pobre,basal,0,0.0,753.0,1.0,41.0,14,4,30430,6,0.0
97,1.0,1.0,0.0,1.0,2.0,6,163.841865005557,163.841865005557,pobre,basal,0,0.0,753.0,1.0,41.0,8,4,30431,2,1.0
98,1.0,1.0,0.0,1.0,2.0,6,163.841865005557,163.841865005557,pobre,basal,0,0.0,753.0,1.0,41.0,9,4,30431,2,1.0
97,0.0,1.0,0.0,1.0,1.0,8,163.841865005557,163.841865005557,pobre,basal,0,0.0,777.0,1.0,68.0,10,4,30432,1,1.0
98,0.0,1.0,0.0,1.0,2.0,8,163.841865005557,163.841865005557,pobre,basal,0,0.0,777.0,1.0,68.0,11,4,30432,1,1.0
97,0.0,1.0,0.0,1.0,1.0,8,163.841865005557,163.841865005557,pobre,basal,0,0.0,777.0,1.0,68.0,7,4,30433,1,1.0
98,0.0,1.0,0.0,1.0,1.0,8,163.841865005557,163.841865005557,pobre,basal,0,0.0,777.0,1.0,68.0,8,4,30433,1,1.0
97,0.0,1.0,0.0,1.0,3.0,5,163.841865005557,163.841865005557,pobre,basal,3,0.0,704.0,1.0,31.0,10,4,30434,3,1.0
98,0.0,1.0,0.0,1.0,3.0,5,163.841865005557,163.841865005557,pobre,basal,3,0.0,704.0,1.0,31.0,11,4,30434,3,1.0
97,1.0,1.0,0.0,1.0,2.0,5,163.841865005557,163.841865005557,pobre,basal,3,0.0,704.0,1.0,31.0,7,4,30435,2,1.0
98,1.0,1.0,0.0,1.0,2.0,5,163.841865005557,163.841865005557,pobre,basal,3,0.0,704.0,1.0,31.0,8,4,30435,2,1.0
97,1.0,1.0,0.0,1.0,3.0,9,163.841865005557,163.841865005557,pobre,basal,0,0.0,718.5,1.0,77.0,13,4,30436,3,1.0
98,1.0,1.0,0.0,1.0,4.0,9,163.841865005557,163.841865005557,pobre,basal,0,0.0,718.5,1.0,77.0,14,4,30436,3,1.0
97,0.0,1.0,0.0,1.0,4.0,9,163.841865005557,163.841865005557,pobre,basal,0,0.0,718.5,1.0,77.0,10,4,30437,4,1.0
98,0.0,1.0,0.0,1.0,1.0,9,163.841865005557,163.841865005557,pobre,basal,0,0.0,718.5,1.0,77.0,11,4,30437,4,1.0
97,1.0,1.0,0.0,1.0,8.0,8,163.841865005557,163.841865005557,pobre,basal,0,0.0,657.0,1.0,42.0,14,4,30438,8,1.0
98,1.0,1.0,0.0,1.0,7.0,8,163.841865005557,163.841865005557,pobre,basal,0,0.0,657.0,1.0,42.0,15,4,30438,8,1.0
97,1.0,1.0,0.0,1.0,6.0,8,163.841865005557,163.841865005557,pobre,basal,0,0.0,657.0,1.0,42.0,12,4,30439,6,1.0
98,1.0,1.0,0.0,1.0,6.0,8,163.841865005557,163.841865005557,pobre,basal,0,0.0,657.0,1.0,42.0,13,4,30439,6,1.0
97,1.0,1.0,0.0,1.0,2.0,8,163.841865005557,163.841865005557,pobre,basal,0,0.0,657.0,1.0,42.0,8,4,30440,2,1.0
98,1.0,1.0,0.0,1.0,2.0,8,163.841865005557,163.841865005557,pobre,basal,0,0.0,657.0,1.0,42.0,9,4,30440,2,1.0
97,0.0,1.0,0.0,1.0,9.0,3,163.841865005557,163.841865005557,no pobre,basal,0,0.0,791.0,1.0,52.0,16,4,30441,9,1.0
98,0.0,1.0,0.0,,,3,163.841865005557,163.841865005557,no pobre,basal,0,0.0,791.0,1.0,52.0,17,4,30441,9,1.0
97,1.0,1.0,0.0,1.0,2.0,6,163.841865005557,163.841865005557,pobre,basal,0,0.0,654.0,0.0,65.0,12,4,30442,2,1.0
98,1.0,1.0,0.0,1.0,3.0,6,163.841865005557,163.841865005557,pobre,basal,0,0.0,654.0,0.0,65.0,13,4,30442,2,1.0
97,1.0,1.0,0.0,1.0,0.0,7,163.841865005557,163.841865005557,no pobre,basal,1,0.0,800.33002,1.0,56.0,6,4,30443,0,1.0
98,1.0,1.0,0.0,1.0,0.0,7,163.841865005557,163.841865005557,no pobre,basal,1,0.0,800.33002,1.0,56.0,7,4,30443,0,1.0
97,1.0,1.0,0.0,1.0,5.0,6,163.841865005557,163.841865005557,pobre,basal,9,0.0,703.0,1.0,30.0,10,4,30444,5,1.0
98,1.0,1.0,0.0,1.0,6.0,6,163.841865005557,163.841865005557,pobre,basal,9,0.0,703.0,1.0,30.0,11,4,30444,5,1.0
97,0.0,1.0,0.0,1.0,1.0,6,163.841865005557,163.841865005557,pobre,basal,9,0.0,703.0,1.0,30.0,6,4,30445,1,1.0
98,0.0,1.0,0.0,1.0,2.0,6,163.841865005557,163.841865005557,pobre,basal,9,0.0,703.0,1.0,30.0,7,4,30445,1,1.0
97,0.0,1.0,0.0,1.0,3.0,6,163.841865005557,163.841865005557,pobre,basal,9,0.0,723.0,1.0,29.0,9,4,30446,3,1.0
98,0.0,1.0,0.0,,,6,163.841865005557,163.841865005557,pobre,basal,9,0.0,723.0,1.0,29.0,10,4,30446,3,1.0
97,0.0,1.0,0.0,1.0,1.0,6,163.841865005557,163.841865005557,pobre,basal,9,0.0,723.0,1.0,29.0,7,4,30447,1,1.0
98,0.0,1.0,0.0,,,6,163.841865005557,163.841865005557,pobre,basal,9,0.0,723.0,1.0,29.0,8,4,30447,1,1.0
97,0.0,1.0,0.0,,0.0,7,163.841865005557,163.841865005557,pobre,basal,0,0.0,746.33002,1.0,47.0,12,4,30448,0,
98,0.0,1.0,0.0,0.0,6.0,7,163.841865005557,163.841865005557,pobre,basal,0,0.0,746.33002,1.0,47.0,13,4,30448,0,
97,0.0,1.0,0.0,,0.0,7,163.841865005557,163.841865005557,pobre,basal,0,0.0,746.33002,1.0,47.0,14,4,30449,0,
98,0.0,1.0,0.0,0.0,1.0,7,163.841865005557,163.841865005557,pobre,basal,0,0.0,746.33002,1.0,47.0,15,4,30449,0,
97,1.0,1.0,0.0,1.0,5.0,6,163.841865005557,163.841865005557,pobre,basal,0,0.0,673.0,1.0,48.0,14,4,30450,5,1.0
98,1.0,1.0,0.0,1.0,6.0,6,163.841865005557,163.841865005557,pobre,basal,0,0.0,673.0,1.0,48.0,15,4,30450,5,1.0
97,1.0,1.0,0.0,1.0,4.0,6,163.841865005557,163.841865005557,pobre,basal,0,0.0,673.0,1.0,48.0,12,4,30451,4,1.0
98,1.0,1.0,0.0,1.0,5.0,6,163.841865005557,163.841865005557,pobre,basal,0,0.0,673.0,1.0,48.0,13,4,30451,4,1.0
97,0.0,1.0,0.0,1.0,2.0,6,163.841865005557,163.841865005557,pobre,basal,0,0.0,673.0,1.0,48.0,8,4,30452,2,1.0
98,0.0,1.0,0.0,1.0,1.0,6,163.841865005557,163.841865005557,pobre,basal,0,0.0,673.0,1.0,48.0,9,4,30452,2,1.0
97,0.0,1.0,0.0,1.0,8.0,4,163.841865005557,163.841865005557,pobre,basal,0,0.0,799.0,1.0,52.0,15,4,30453,8,1.0
98,0.0,1.0,0.0,,,4,163.841865005557,163.841865005557,pobre,basal,0,0.0,799.0,1.0,52.0,16,4,30453,8,1.0
97,0.0,1.0,0.0,1.0,3.0,4,163.841865005557,163.841865005557,pobre,basal,0,0.0,799.0,1.0,52.0,11,4,30454,3,1.0
98,0.0,1.0,0.0,1.0,4.0,4,163.841865005557,163.841865005557,pobre,basal,0,0.0,799.0,1.0,52.0,12,4,30454,3,1.0
97,1.0,1.0,0.0,1.0,8.0,6,163.841865005557,163.841865005557,pobre,basal,0,0.0,770.5,1.0,57.0,14,4,30455,8,1.0
98,1.0,1.0,0.0,1.0,8.0,6,163.841865005557,163.841865005557,pobre,basal,0,0.0,770.5,1.0,57.0,15,4,30455,8,1.0
97,1.0,1.0,0.0,1.0,5.0,6,163.841865005557,163.841865005557,pobre,basal,0,0.0,770.5,1.0,57.0,12,4,30456,5,1.0
98,1.0,1.0,0.0,1.0,5.0,6,163.841865005557,163.841865005557,pobre,basal,0,0.0,770.5,1.0,57.0,13,4,30456,5,1.0
97,1.0,1.0,0.0,1.0,3.0,6,163.841865005557,163.841865005557,pobre,basal,0,0.0,770.5,1.0,57.0,9,4,30457,3,1.0
98,1.0,1.0,0.0,1.0,1.0,6,163.841865005557,163.841865005557,pobre,basal,0,0.0,770.5,1.0,57.0,10,4,30457,3,1.0
97,0.0,1.0,0.0,1.0,8.0,4,163.841865005557,163.841865005557,no pobre,basal,0,0.0,870.0,1.0,45.0,15,4,30458,8,1.0
98,0.0,1.0,0.0,,,4,163.841865005557,163.841865005557,no pobre,basal,0,0.0,870.0,1.0,45.0,16,4,30458,8,1.0
97,1.0,1.0,0.0,1.0,7.0,8,163.841865005557,163.841865005557,pobre,basal,6,0.0,627.0,1.0,32.0,14,4,30459,7,1.0
98,1.0,1.0,0.0,0.0,7.0,8,163.841865005557,163.841865005557,pobre,basal,6,0.0,627.0,1.0,32.0,15,4,30459,7,1.0
97,0.0,1.0,0.0,1.0,3.0,8,163.841865005557,163.841865005557,pobre,basal,6,0.0,627.0,1.0,32.0,11,4,30460,3,1.0
98,0.0,1.0,0.0,1.0,4.0,8,163.841865005557,163.841865005557,pobre,basal,6,0.0,627.0,1.0,32.0,12,4,30460,3,1.0
97,0.0,1.0,0.0,1.0,2.0,8,163.841865005557,163.841865005557,pobre,basal,6,0.0,627.0,1.0,32.0,9,4,30461,2,1.0
98,0.0,1.0,0.0,1.0,3.0,8,163.841865005557,163.841865005557,pobre,basal,6,0.0,627.0,1.0,32.0,10,4,30461,2,1.0
97,0.0,1.0,0.0,1.0,0.0,8,163.841865005557,163.841865005557,pobre,basal,6,0.0,627.0,1.0,32.0,6,4,30462,0,1.0
98,0.0,1.0,0.0,1.0,1.0,8,163.841865005557,163.841865005557,pobre,basal,6,0.0,627.0,1.0,32.0,7,4,30462,0,1.0
97,0.0,1.0,0.0,1.0,3.0,5,163.841865005557,163.841865005557,pobre,basal,0,0.0,646.0,1.0,55.0,10,4,30463,3,1.0
98,0.0,1.0,0.0,1.0,3.0,5,163.841865005557,163.841865005557,pobre,basal,0,0.0,646.0,1.0,55.0,11,4,30463,3,1.0
97,0.0,1.0,0.0,1.0,2.0,5,163.841865005557,163.841865005557,pobre,basal,0,0.0,646.0,1.0,55.0,8,4,30464,2,1.0
98,0.0,1.0,0.0,,,5,163.841865005557,163.841865005557,pobre,basal,0,0.0,646.0,1.0,55.0,9,4,30464,2,1.0
97,1.0,1.0,0.0,1.0,1.0,5,163.841865005557,163.841865005557,pobre,basal,0,0.0,646.0,1.0,55.0,6,4,30465,1,1.0
98,1.0,1.0,0.0,,,5,163.841865005557,163.841865005557,pobre,basal,0,0.0,646.0,1.0,55.0,7,4,30465,1,1.0
97,1.0,1.0,0.0,1.0,3.0,3,163.841865005557,163.841865005557,no pobre,basal,0,912.5,762.0,0.0,60.0,13,4,30466,3,1.0
98,1.0,1.0,0.0,1.0,3.0,3,163.841865005557,163.841865005557,no pobre,basal,0,912.5,762.0,0.0,60.0,14,4,30466,3,1.0
97,1.0,1.0,0.0,1.0,1.0,4,163.841865005557,163.841865005557,pobre,basal,0,0.0,702.0,1.0,25.0,7,4,30467,1,1.0
98,1.0,1.0,0.0,,,4,163.841865005557,163.841865005557,pobre,basal,0,0.0,702.0,1.0,25.0,8,4,30467,1,1.0
97,1.0,1.0,0.0,1.0,6.0,8,163.841865005557,163.841865005557,pobre,basal,9,0.0,632.0,1.0,34.0,13,4,30468,6,1.0
98,1.0,1.0,0.0,1.0,7.0,8,163.841865005557,163.841865005557,pobre,basal,9,0.0,632.0,1.0,34.0,14,4,30468,6,1.0
97,1.0,1.0,0.0,1.0,4.0,8,163.841865005557,163.841865005557,pobre,basal,9,0.0,632.0,1.0,34.0,10,4,30469,4,1.0
98,1.0,1.0,0.0,1.0,5.0,8,163.841865005557,163.841865005557,pobre,basal,9,0.0,632.0,1.0,34.0,11,4,30469,4,1.0
97,0.0,1.0,0.0,1.0,1.0,8,163.841865005557,163.841865005557,pobre,basal,9,0.0,632.0,1.0,34.0,6,4,30470,1,1.0
98,0.0,1.0,0.0,1.0,2.0,8,163.841865005557,163.841865005557,pobre,basal,9,0.0,632.0,1.0,34.0,7,4,30470,1,1.0
97,0.0,1.0,0.0,1.0,2.0,7,163.841865005557,163.841865005557,pobre,basal,4,0.0,602.0,1.0,36.0,10,4,30471,2,1.0
98,0.0,1.0,0.0,1.0,2.0,7,163.841865005557,163.841865005557,pobre,basal,4,0.0,602.0,1.0,36.0,11,4,30471,2,1.0
97,1.0,1.0,0.0,1.0,2.0,7,163.841865005557,163.841865005557,pobre,basal,4,0.0,602.0,1.0,36.0,9,4,30472,2,1.0
98,1.0,1.0,0.0,1.0,2.0,7,163.841865005557,163.841865005557,pobre,basal,4,0.0,602.0,1.0,36.0,10,4,30472,2,1.0
97,0.0,1.0,0.0,1.0,0.0,7,163.841865005557,163.841865005557,pobre,basal,4,0.0,602.0,1.0,36.0,7,4,30473,0,1.0
98,0.0,1.0,0.0,1.0,0.0,7,163.841865005557,163.841865005557,pobre,basal,4,0.0,602.0,1.0,36.0,8,4,30473,0,1.0
97,0.0,1.0,0.0,0.0,2.0,6,163.841865005557,163.841865005557,pobre,basal,0,0.0,728.0,1.0,49.0,15,4,30474,2,0.0
98,0.0,1.0,0.0,,,6,163.841865005557,163.841865005557,pobre,basal,0,0.0,728.0,1.0,49.0,16,4,30474,2,0.0
97,0.0,1.0,0.0,1.0,5.0,3,163.841865005557,163.841865005557,pobre,basal,0,0.0,733.0,1.0,60.0,13,4,30475,5,1.0
98,0.0,1.0,0.0,,,3,163.841865005557,163.841865005557,pobre,basal,0,0.0,733.0,1.0,60.0,14,4,30475,5,1.0
97,0.0,1.0,0.0,1.0,7.0,7,163.841865005557,163.841865005557,pobre,basal,6,0.0,667.0,1.0,46.0,16,4,30476,7,1.0
98,0.0,1.0,0.0,,,7,163.841865005557,163.841865005557,pobre,basal,6,0.0,667.0,1.0,46.0,17,4,30476,7,1.0
97,1.0,1.0,0.0,1.0,5.0,7,163.841865005557,163.841865005557,pobre,basal,6,0.0,667.0,1.0,46.0,12,4,30477,5,1.0
98,1.0,1.0,0.0,1.0,6.0,7,163.841865005557,163.841865005557,pobre,basal,6,0.0,667.0,1.0,46.0,13,4,30477,5,1.0
97,1.0,1.0,0.0,1.0,0.0,7,163.841865005557,163.841865005557,pobre,basal,6,0.0,667.0,1.0,46.0,8,4,30478,0,1.0
98,1.0,1.0,0.0,1.0,1.0,7,163.841865005557,163.841865005557,pobre,basal,6,0.0,667.0,1.0,46.0,9,4,30478,0,1.0
97,0.0,1.0,0.0,1.0,0.0,7,163.841865005557,163.841865005557,pobre,basal,6,0.0,667.0,1.0,46.0,6,4,30479,0,1.0
98,0.0,1.0,0.0,1.0,0.0,7,163.841865005557,163.841865005557,pobre,basal,6,0.0,667.0,1.0,46.0,7,4,30479,0,1.0
97,0.0,1.0,0.0,1.0,3.0,2,163.841865005557,163.841865005557,pobre,basal,0,0.0,789.0,1.0,19.0,15,4,30480,3,1.0
98,0.0,1.0,0.0,,,2,163.841865005557,163.841865005557,pobre,basal,0,0.0,789.0,1.0,19.0,16,4,30480,3,1.0
97,1.0,1.0,0.0,,0.0,5,163.841865005557,163.841865005557,pobre,basal,0,0.0,807.66998,1.0,54.0,15,4,30481,0,
98,1.0,1.0,0.0,1.0,3.0,5,163.841865005557,163.841865005557,pobre,basal,0,0.0,807.66998,1.0,54.0,16,4,30481,0,
97,1.0,1.0,0.0,1.0,1.0,5,163.841865005557,163.841865005557,pobre,basal,0,0.0,807.66998,1.0,54.0,12,4,30482,1,1.0
98,1.0,1.0,0.0,,,5,163.841865005557,163.841865005557,pobre,basal,0,0.0,807.66998,1.0,54.0,13,4,30482,1,1.0
97,1.0,1.0,0.0,1.0,4.0,9,163.841865005557,163.841865005557,pobre,basal,0,0.0,599.0,0.0,68.0,13,4,30483,4,1.0
98,1.0,1.0,0.0,1.0,5.0,9,163.841865005557,163.841865005557,pobre,basal,0,0.0,599.0,0.0,68.0,14,4,30483,4,1.0
97,0.0,1.0,0.0,1.0,3.0,9,163.841865005557,163.841865005557,pobre,basal,0,0.0,599.0,0.0,68.0,10,4,30484,3,1.0
98,0.0,1.0,0.0,1.0,4.0,9,163.841865005557,163.841865005557,pobre,basal,0,0.0,599.0,0.0,68.0,11,4,30484,3,1.0
97,1.0,1.0,0.0,1.0,2.0,9,163.841865005557,163.841865005557,pobre,basal,0,0.0,599.0,0.0,68.0,8,4,30485,2,1.0
98,1.0,1.0,0.0,1.0,3.0,9,163.841865005557,163.841865005557,pobre,basal,0,0.0,599.0,0.0,68.0,9,4,30485,2,1.0
97,0.0,1.0,0.0,1.0,1.0,9,163.841865005557,163.841865005557,pobre,basal,0,0.0,599.0,0.0,68.0,7,4,30486,1,1.0
98,0.0,1.0,0.0,1.0,2.0,9,163.841865005557,163.841865005557,pobre,basal,0,0.0,599.0,0.0,68.0,8,4,30486,1,1.0
97,1.0,1.0,0.0,1.0,5.0,6,163.841865005557,163.841865005557,pobre,basal,2,0.0,739.0,1.0,50.0,15,4,30487,5,1.0
98,1.0,1.0,0.0,1.0,5.0,6,163.841865005557,163.841865005557,pobre,basal,2,0.0,739.0,1.0,50.0,16,4,30487,5,1.0
97,1.0,1.0,0.0,1.0,2.0,6,163.841865005557,163.841865005557,pobre,basal,2,0.0,739.0,1.0,50.0,8,4,30488,2,1.0
98,1.0,1.0,0.0,1.0,2.0,6,163.841865005557,163.841865005557,pobre,basal,2,0.0,739.0,1.0,50.0,9,4,30488,2,1.0
97,1.0,1.0,0.0,0.0,2.0,7,163.841865005557,163.841865005557,pobre,basal,0,0.0,715.20001,1.0,77.0,15,4,30489,2,0.0
98,1.0,1.0,0.0,,,7,163.841865005557,163.841865005557,pobre,basal,0,0.0,715.20001,1.0,77.0,16,4,30489,2,0.0
97,1.0,1.0,0.0,,0.0,7,163.841865005557,163.841865005557,pobre,basal,0,0.0,715.20001,1.0,77.0,13,4,30490,0,
98,1.0,1.0,0.0,1.0,1.0,7,163.841865005557,163.841865005557,pobre,basal,0,0.0,715.20001,1.0,77.0,14,4,30490,0,
97,1.0,1.0,0.0,1.0,1.0,7,163.841865005557,163.841865005557,pobre,basal,0,0.0,715.20001,1.0,77.0,10,4,30491,1,1.0
98,1.0,1.0,0.0,1.0,1.0,7,163.841865005557,163.841865005557,pobre,basal,0,0.0,715.20001,1.0,77.0,11,4,30491,1,1.0
97,1.0,1.0,0.0,1.0,1.0,7,163.841865005557,163.841865005557,pobre,basal,0,0.0,715.20001,1.0,77.0,8,4,30492,1,1.0
98,1.0,1.0,0.0,1.0,1.0,7,163.841865005557,163.841865005557,pobre,basal,0,0.0,715.20001,1.0,77.0,9,4,30492,1,1.0
97,0.0,1.0,0.0,1.0,4.0,8,163.841865005557,163.841865005557,pobre,basal,0,0.0,709.0,1.0,42.0,12,4,30493,4,1.0
98,0.0,1.0,0.0,1.0,5.0,8,163.841865005557,163.841865005557,pobre,basal,0,0.0,709.0,1.0,42.0,13,4,30493,4,1.0
97,1.0,1.0,0.0,1.0,1.0,8,163.841865005557,163.841865005557,pobre,basal,0,0.0,709.0,1.0,42.0,9,4,30494,1,1.0
98,1.0,1.0,0.0,1.0,2.0,8,163.841865005557,163.841865005557,pobre,basal,0,0.0,709.0,1.0,42.0,10,4,30494,1,1.0
97,1.0,1.0,0.0,1.0,4.0,8,163.841865005557,163.841865005557,pobre,basal,0,0.0,709.0,1.0,42.0,11,4,30495,4,1.0
98,1.0,1.0,0.0,1.0,4.0,8,163.841865005557,163.841865005557,pobre,basal,0,0.0,709.0,1.0,42.0,12,4,30495,4,1.0
97,1.0,1.0,0.0,1.0,2.0,8,163.841865005557,163.841865005557,pobre,basal,0,0.0,709.0,1.0,42.0,14,4,30496,2,1.0
98,1.0,1.0,0.0,1.0,3.0,8,163.841865005557,163.841865005557,pobre,basal,0,0.0,709.0,1.0,42.0,15,4,30496,2,1.0
97,0.0,1.0,0.0,,0.0,8,163.841865005557,163.841865005557,pobre,basal,0,0.0,605.0,1.0,39.0,14,4,30497,0,
98,0.0,1.0,0.0,,,8,163.841865005557,163.841865005557,pobre,basal,0,0.0,605.0,1.0,39.0,15,4,30497,0,
97,1.0,1.0,0.0,,0.0,8,163.841865005557,163.841865005557,pobre,basal,0,0.0,605.0,1.0,39.0,11,4,30498,0,
98,1.0,1.0,0.0,0.0,,8,163.841865005557,163.841865005557,pobre,basal,0,0.0,605.0,1.0,39.0,12,4,30498,0,
97,1.0,1.0,0.0,1.0,2.0,8,163.841865005557,163.841865005557,pobre,basal,0,0.0,605.0,1.0,39.0,9,4,30499,2,1.0
98,1.0,1.0,0.0,1.0,2.0,8,163.841865005557,163.841865005557,pobre,basal,0,0.0,605.0,1.0,39.0,10,4,30499,2,1.0
97,0.0,1.0,0.0,0.0,3.0,8,163.841865005557,163.841865005557,pobre,basal,0,0.0,660.0,1.0,41.0,16,4,30500,3,0.0
98,0.0,1.0,0.0,,,8,163.841865005557,163.841865005557,pobre,basal,0,0.0,660.0,1.0,41.0,17,4,30500,3,0.0
97,0.0,1.0,0.0,0.0,2.0,8,163.841865005557,163.841865005557,pobre,basal,0,0.0,660.0,1.0,41.0,14,4,30501,2,0.0
98,0.0,1.0,0.0,,,8,163.841865005557,163.841865005557,pobre,basal,0,0.0,660.0,1.0,41.0,15,4,30501,2,0.0
97,0.0,1.0,0.0,1.0,3.0,8,163.841865005557,163.841865005557,pobre,basal,0,0.0,660.0,1.0,41.0,12,4,30502,3,1.0
98,0.0,1.0,0.0,1.0,4.0,8,163.841865005557,163.841865005557,pobre,basal,0,0.0,660.0,1.0,41.0,13,4,30502,3,1.0
97,1.0,1.0,0.0,1.0,3.0,8,163.841865005557,163.841865005557,pobre,basal,0,0.0,660.0,1.0,41.0,12,4,30503,3,1.0
98,1.0,1.0,0.0,1.0,3.0,8,163.841865005557,163.841865005557,pobre,basal,0,0.0,660.0,1.0,41.0,13,4,30503,3,1.0
97,1.0,1.0,0.0,,0.0,4,163.841865005557,163.841865005557,pobre,basal,0,0.0,714.0,1.0,39.0,16,4,30504,0,
98,1.0,1.0,0.0,,,4,163.841865005557,163.841865005557,pobre,basal,0,0.0,714.0,1.0,39.0,17,4,30504,0,
97,0.0,1.0,0.0,1.0,3.0,4,163.841865005557,163.841865005557,pobre,basal,0,0.0,714.0,1.0,39.0,12,4,30505,3,1.0
98,0.0,1.0,0.0,1.0,4.0,4,163.841865005557,163.841865005557,pobre,basal,0,0.0,714.0,1.0,39.0,13,4,30505,3,1.0
97,1.0,1.0,0.0,1.0,2.0,7,163.841865005557,163.841865005557,pobre,basal,0,0.0,651.0,1.0,43.0,10,4,30506,2,1.0
98,1.0,1.0,0.0,1.0,2.0,7,163.841865005557,163.841865005557,pobre,basal,0,0.0,651.0,1.0,43.0,11,4,30506,2,1.0
97,1.0,1.0,0.0,1.0,1.0,7,163.841865005557,163.841865005557,pobre,basal,0,0.0,651.0,1.0,43.0,7,4,30507,1,1.0
98,1.0,1.0,0.0,1.0,1.0,7,163.841865005557,163.841865005557,pobre,basal,0,0.0,651.0,1.0,43.0,8,4,30507,1,1.0
97,0.0,1.0,0.0,1.0,4.0,5,163.841865005557,163.841865005557,pobre,basal,0,0.0,724.0,1.0,58.0,16,4,30508,4,1.0
98,0.0,1.0,0.0,,,5,163.841865005557,163.841865005557,pobre,basal,0,0.0,724.0,1.0,58.0,17,4,30508,4,1.0
97,0.0,1.0,0.0,1.0,5.0,5,163.841865005557,163.841865005557,pobre,basal,0,0.0,724.0,1.0,58.0,14,4,30509,5,1.0
98,0.0,1.0,0.0,,,5,163.841865005557,163.841865005557,pobre,basal,0,0.0,724.0,1.0,58.0,15,4,30509,5,1.0
97,1.0,1.0,0.0,1.0,3.0,5,163.841865005557,163.841865005557,pobre,basal,0,0.0,724.0,1.0,58.0,11,4,30510,3,1.0
98,1.0,1.0,0.0,,,5,163.841865005557,163.841865005557,pobre,basal,0,0.0,724.0,1.0,58.0,12,4,30510,3,1.0
97,0.0,1.0,0.0,,0.0,8,163.841865005557,163.841865005557,pobre,basal,0,0.0,594.0,1.0,41.0,16,4,30511,0,
98,0.0,1.0,0.0,,,8,163.841865005557,163.841865005557,pobre,basal,0,0.0,594.0,1.0,41.0,17,4,30511,0,
97,0.0,1.0,0.0,,0.0,8,163.841865005557,163.841865005557,pobre,basal,0,0.0,594.0,1.0,41.0,13,4,30512,0,
98,0.0,1.0,0.0,,,8,163.841865005557,163.841865005557,pobre,basal,0,0.0,594.0,1.0,41.0,14,4,30512,0,
97,0.0,1.0,0.0,,0.0,8,163.841865005557,163.841865005557,pobre,basal,0,0.0,594.0,1.0,41.0,11,4,30513,0,
98,0.0,1.0,0.0,1.0,2.0,8,163.841865005557,163.841865005557,pobre,basal,0,0.0,594.0,1.0,41.0,12,4,30513,0,
97,0.0,1.0,0.0,,0.0,8,163.841865005557,163.841865005557,pobre,basal,0,0.0,594.0,1.0,41.0,9,4,30514,0,
98,0.0,1.0,0.0,1.0,3.0,8,163.841865005557,163.841865005557,pobre,basal,0,0.0,594.0,1.0,41.0,10,4,30514,0,
97,1.0,1.0,0.0,,0.0,8,163.841865005557,163.841865005557,pobre,basal,0,0.0,594.0,1.0,41.0,7,4,30515,0,
98,1.0,1.0,0.0,1.0,0.0,8,163.841865005557,163.841865005557,pobre,basal,0,0.0,594.0,1.0,41.0,8,4,30515,0,
97,1.0,1.0,0.0,,0.0,5,163.841865005557,163.841865005557,pobre,basal,0,0.0,689.0,1.0,47.0,15,4,30516,0,
98,1.0,1.0,0.0,,,5,163.841865005557,163.841865005557,pobre,basal,0,0.0,689.0,1.0,47.0,16,4,30516,0,
97,0.0,1.0,0.0,0.0,2.0,5,163.841865005557,163.841865005557,pobre,basal,0,0.0,689.0,1.0,47.0,13,4,30517,2,0.0
98,0.0,1.0,0.0,,,5,163.841865005557,163.841865005557,pobre,basal,0,0.0,689.0,1.0,47.0,14,4,30517,2,0.0
97,1.0,1.0,0.0,1.0,1.0,5,163.841865005557,163.841865005557,pobre,basal,0,0.0,689.0,1.0,47.0,8,4,30518,1,1.0
98,1.0,1.0,0.0,1.0,1.0,5,163.841865005557,163.841865005557,pobre,basal,0,0.0,689.0,1.0,47.0,9,4,30518,1,1.0
97,1.0,1.0,0.0,1.0,2.0,4,163.841865005557,163.841865005557,pobre,basal,0,0.0,694.0,1.0,41.0,10,4,30519,2,1.0
98,1.0,1.0,0.0,1.0,3.0,4,163.841865005557,163.841865005557,pobre,basal,0,0.0,694.0,1.0,41.0,11,4,30519,2,1.0
97,0.0,1.0,0.0,1.0,2.0,4,163.841865005557,163.841865005557,pobre,basal,0,0.0,694.0,1.0,41.0,8,4,30520,2,1.0
98,0.0,1.0,0.0,1.0,3.0,4,163.841865005557,163.841865005557,pobre,basal,0,0.0,694.0,1.0,41.0,9,4,30520,2,1.0
97,0.0,1.0,0.0,1.0,5.0,3,163.841865005557,163.841865005557,no pobre,basal,0,0.0,769.0,1.0,72.0,12,4,30521,5,1.0
98,0.0,1.0,0.0,,,3,163.841865005557,163.841865005557,no pobre,basal,0,0.0,769.0,1.0,72.0,13,4,30521,5,1.0
97,1.0,1.0,0.0,1.0,7.0,6,163.841865005557,163.841865005557,pobre,basal,0,0.0,686.0,1.0,44.0,16,4,30522,7,1.0
98,1.0,1.0,0.0,,,6,163.841865005557,163.841865005557,pobre,basal,0,0.0,686.0,1.0,44.0,17,4,30522,7,1.0
97,1.0,1.0,0.0,1.0,2.0,6,163.841865005557,163.841865005557,pobre,basal,0,0.0,686.0,1.0,44.0,12,4,30523,2,1.0
98,1.0,1.0,0.0,,,6,163.841865005557,163.841865005557,pobre,basal,0,0.0,686.0,1.0,44.0,13,4,30523,2,1.0
97,0.0,1.0,0.0,1.0,1.0,6,163.841865005557,163.841865005557,pobre,basal,0,0.0,686.0,1.0,44.0,8,4,30524,1,1.0
98,0.0,1.0,0.0,,,6,163.841865005557,163.841865005557,pobre,basal,0,0.0,686.0,1.0,44.0,9,4,30524,1,1.0
97,1.0,1.0,0.0,1.0,7.0,5,163.841865005557,163.841865005557,pobre,basal,0,0.0,776.5,1.0,47.0,16,4,30525,7,1.0
98,1.0,1.0,0.0,,,5,163.841865005557,163.841865005557,pobre,basal,0,0.0,776.5,1.0,47.0,17,4,30525,7,1.0
97,0.0,1.0,0.0,1.0,2.0,5,163.841865005557,163.841865005557,pobre,basal,0,0.0,776.5,1.0,47.0,8,4,30526,2,1.0
98,0.0,1.0,0.0,1.0,3.0,5,163.841865005557,163.841865005557,pobre,basal,0,0.0,776.5,1.0,47.0,9,4,30526,2,1.0
97,1.0,1.0,0.0,1.0,1.0,6,163.841865005557,163.841865005557,pobre,basal,5,0.0,662.0,1.0,30.0,9,4,30527,1,1.0
98,1.0,1.0,0.0,1.0,2.0,6,163.841865005557,163.841865005557,pobre,basal,5,0.0,662.0,1.0,30.0,10,4,30527,1,1.0
97,1.0,1.0,0.0,1.0,7.0,7,163.841865005557,163.841865005557,pobre,basal,0,0.0,682.0,1.0,41.0,15,4,30528,7,1.0
98,1.0,1.0,0.0,,,7,163.841865005557,163.841865005557,pobre,basal,0,0.0,682.0,1.0,41.0,16,4,30528,7,1.0
97,1.0,1.0,0.0,1.0,2.0,7,163.841865005557,163.841865005557,pobre,basal,0,0.0,682.0,1.0,41.0,12,4,30529,2,1.0
98,1.0,1.0,0.0,,,7,163.841865005557,163.841865005557,pobre,basal,0,0.0,682.0,1.0,41.0,13,4,30529,2,1.0
97,0.0,1.0,0.0,,0.0,7,163.841865005557,163.841865005557,pobre,basal,0,0.0,682.0,1.0,41.0,10,4,30530,0,
98,0.0,1.0,0.0,1.0,2.0,7,163.841865005557,163.841865005557,pobre,basal,0,0.0,682.0,1.0,41.0,11,4,30530,0,
97,1.0,0.0,1.281,1.0,5.0,7,120.2710562706921,121.4659076157466,pobre,basal,0,2000.0,654.14001,1.0,54.0,15,401,30531,5,1.0
98,1.0,0.0,1.281,,,7,120.2710562706921,121.4659076157466,pobre,basal,0,2000.0,654.14001,1.0,54.0,16,401,30531,5,1.0
97,0.0,0.0,1.281,1.0,2.0,7,120.2710562706921,121.4659076157466,pobre,basal,0,2000.0,654.14001,1.0,54.0,9,401,30532,2,1.0
98,0.0,0.0,1.281,,,7,120.2710562706921,121.4659076157466,pobre,basal,0,2000.0,654.14001,1.0,54.0,10,401,30532,2,1.0
97,1.0,0.0,1.281,,0.0,8,120.2710562706921,121.4659076157466,pobre,basal,0,1000.0,604.0,1.0,55.0,10,401,30533,0,
98,1.0,0.0,1.281,,,8,120.2710562706921,121.4659076157466,pobre,basal,0,1000.0,604.0,1.0,55.0,11,401,30533,0,
97,1.0,0.0,1.281,,0.0,8,120.2710562706921,121.4659076157466,pobre,basal,0,1000.0,604.0,1.0,55.0,9,401,30534,0,
98,1.0,0.0,1.281,,,8,120.2710562706921,121.4659076157466,pobre,basal,0,1000.0,604.0,1.0,55.0,10,401,30534,0,
97,1.0,0.0,1.281,,0.0,8,120.2710562706921,121.4659076157466,pobre,basal,0,1000.0,604.0,1.0,55.0,8,401,30535,0,
98,1.0,0.0,1.281,,,8,120.2710562706921,121.4659076157466,pobre,basal,0,1000.0,604.0,1.0,55.0,9,401,30535,0,
97,0.0,,1.281,,0.0,8,120.2710562706921,121.4659076157466,pobre,basal,0,1000.0,604.0,1.0,55.0,6,401,30536,0,
98,0.0,,1.281,,,8,120.2710562706921,121.4659076157466,pobre,basal,0,1000.0,604.0,1.0,55.0,7,401,30536,0,
97,1.0,0.0,4.8850002,1.0,1.0,6,74.40507761872479,117.8944424816935,no pobre,0,3,500.0,899.0,1.0,43.0,15,478,30537,1,1.0
98,1.0,0.0,4.8850002,1.0,2.0,6,74.40507761872479,117.8944424816935,no pobre,0,3,500.0,899.0,1.0,43.0,16,478,30537,1,1.0
97,0.0,0.0,4.8850002,1.0,4.0,6,74.40507761872479,117.8944424816935,no pobre,0,3,500.0,899.0,1.0,43.0,13,478,30538,4,1.0
98,0.0,0.0,4.8850002,1.0,5.0,6,74.40507761872479,117.8944424816935,no pobre,0,3,500.0,899.0,1.0,43.0,14,478,30538,4,1.0
97,1.0,0.0,4.8850002,1.0,6.0,2,74.40507761872479,117.8944424816935,no pobre,0,1,150.0,1112.0,1.0,84.0,15,478,30539,6,1.0
98,1.0,0.0,4.8850002,1.0,7.0,2,74.40507761872479,117.8944424816935,no pobre,0,1,150.0,1112.0,1.0,84.0,16,478,30539,6,1.0
97,1.0,0.0,4.8850002,0.0,3.0,7,74.40507761872479,117.8944424816935,pobre,0,3,500.0,778.0,1.0,49.0,13,478,30540,3,0.0
98,1.0,0.0,4.8850002,0.0,3.0,7,74.40507761872479,117.8944424816935,pobre,0,3,500.0,778.0,1.0,49.0,14,478,30540,3,0.0
97,0.0,0.0,4.8850002,1.0,2.0,7,74.40507761872479,117.8944424816935,pobre,0,3,500.0,778.0,1.0,49.0,10,478,30541,2,1.0
98,0.0,0.0,4.8850002,1.0,2.0,7,74.40507761872479,117.8944424816935,pobre,0,3,500.0,778.0,1.0,49.0,11,478,30541,2,1.0
97,0.0,0.0,4.8850002,1.0,2.0,7,74.40507761872479,117.8944424816935,pobre,0,3,500.0,778.0,1.0,49.0,8,478,30542,2,1.0
98,0.0,0.0,4.8850002,1.0,2.0,7,74.40507761872479,117.8944424816935,pobre,0,3,500.0,778.0,1.0,49.0,9,478,30542,2,1.0
97,1.0,0.0,4.8850002,0.0,2.0,2,74.40507761872479,117.8944424816935,pobre,0,2,625.0,792.0,1.0,16.0,16,478,30543,2,0.0
98,1.0,0.0,4.8850002,,,2,74.40507761872479,117.8944424816935,pobre,0,2,625.0,792.0,1.0,16.0,17,478,30543,2,0.0
97,0.0,0.0,4.8850002,1.0,2.0,5,74.40507761872479,117.8944424816935,pobre,0,0,625.0,719.0,1.0,32.0,8,478,30544,2,1.0
98,0.0,0.0,4.8850002,1.0,2.0,5,74.40507761872479,117.8944424816935,pobre,0,0,625.0,719.0,1.0,32.0,9,478,30544,2,1.0
97,0.0,0.0,4.8850002,0.0,3.0,8,74.40507761872479,117.8944424816935,pobre,0,0,625.0,564.0,1.0,36.0,14,478,30545,3,0.0
98,0.0,0.0,4.8850002,0.0,5.0,8,74.40507761872479,117.8944424816935,pobre,0,0,625.0,564.0,1.0,36.0,15,478,30545,3,0.0
97,1.0,0.0,4.8850002,1.0,4.0,8,74.40507761872479,117.8944424816935,pobre,0,0,625.0,564.0,1.0,36.0,10,478,30546,4,1.0
98,1.0,0.0,4.8850002,0.0,4.0,8,74.40507761872479,117.8944424816935,pobre,0,0,625.0,564.0,1.0,36.0,11,478,30546,4,1.0
97,0.0,0.0,4.8850002,1.0,2.0,8,74.40507761872479,117.8944424816935,pobre,0,0,625.0,564.0,1.0,36.0,9,478,30547,2,1.0
98,0.0,0.0,4.8850002,0.0,1.0,8,74.40507761872479,117.8944424816935,pobre,0,0,625.0,564.0,1.0,36.0,10,478,30547,2,1.0
97,0.0,0.0,4.8850002,1.0,2.0,8,74.40507761872479,117.8944424816935,pobre,0,0,625.0,564.0,1.0,36.0,8,478,30548,2,1.0
98,0.0,0.0,4.8850002,0.0,1.0,8,74.40507761872479,117.8944424816935,pobre,0,0,625.0,564.0,1.0,36.0,9,478,30548,2,1.0
97,0.0,0.0,4.8850002,1.0,1.0,4,74.40507761872479,117.8944424816935,pobre,0,4,625.0,753.0,1.0,26.0,6,478,30549,1,1.0
98,0.0,0.0,4.8850002,1.0,1.0,4,74.40507761872479,117.8944424816935,pobre,0,4,625.0,753.0,1.0,26.0,7,478,30549,1,1.0
97,0.0,0.0,4.8850002,0.0,6.0,6,74.40507761872479,117.8944424816935,pobre,0,3,625.0,691.0,1.0,38.0,12,478,30550,6,0.0
98,0.0,0.0,4.8850002,0.0,6.0,6,74.40507761872479,117.8944424816935,pobre,0,3,625.0,691.0,1.0,38.0,13,478,30550,6,0.0
97,1.0,0.0,4.8850002,1.0,1.0,6,74.40507761872479,117.8944424816935,pobre,0,3,625.0,691.0,1.0,38.0,10,478,30551,1,1.0
98,1.0,0.0,4.8850002,0.0,2.0,6,74.40507761872479,117.8944424816935,pobre,0,3,625.0,691.0,1.0,38.0,11,478,30551,1,1.0
97,0.0,0.0,4.8850002,1.0,2.0,6,74.40507761872479,117.8944424816935,pobre,0,3,625.0,691.0,1.0,38.0,8,478,30552,2,1.0
98,0.0,0.0,4.8850002,1.0,3.0,6,74.40507761872479,117.8944424816935,pobre,0,3,625.0,691.0,1.0,38.0,9,478,30552,2,1.0
97,0.0,0.0,4.8850002,1.0,1.0,6,74.40507761872479,117.8944424816935,pobre,0,3,625.0,691.0,1.0,38.0,6,478,30553,1,1.0
98,0.0,0.0,4.8850002,1.0,1.0,6,74.40507761872479,117.8944424816935,pobre,0,3,625.0,691.0,1.0,38.0,7,478,30553,1,1.0
97,1.0,0.0,4.8850002,1.0,4.0,7,74.40507761872479,117.8944424816935,pobre,0,2,500.0,753.0,1.0,58.0,11,478,30554,4,1.0
98,1.0,0.0,4.8850002,1.0,5.0,7,74.40507761872479,117.8944424816935,pobre,0,2,500.0,753.0,1.0,58.0,12,478,30554,4,1.0
97,1.0,0.0,4.8850002,1.0,2.0,7,74.40507761872479,117.8944424816935,pobre,0,2,500.0,753.0,1.0,58.0,8,478,30555,2,1.0
98,1.0,0.0,4.8850002,1.0,1.0,7,74.40507761872479,117.8944424816935,pobre,0,2,500.0,753.0,1.0,58.0,9,478,30555,2,1.0
97,0.0,0.0,4.8850002,1.0,4.0,4,74.40507761872479,117.8944424816935,pobre,0,7,500.0,721.0,1.0,28.0,10,478,30556,4,1.0
98,0.0,0.0,4.8850002,,,4,74.40507761872479,117.8944424816935,pobre,0,7,500.0,721.0,1.0,28.0,11,478,30556,4,1.0
97,1.0,0.0,4.8850002,0.0,3.0,5,74.40507761872479,117.8944424816935,no pobre,0,1,500.0,840.0,1.0,38.0,16,478,30557,3,0.0
98,1.0,0.0,4.8850002,,,5,74.40507761872479,117.8944424816935,no pobre,0,1,500.0,840.0,1.0,38.0,17,478,30557,3,0.0
97,1.0,0.0,4.8850002,1.0,4.0,5,74.40507761872479,117.8944424816935,no pobre,0,1,500.0,840.0,1.0,38.0,11,478,30558,4,1.0
98,1.0,0.0,4.8850002,1.0,5.0,5,74.40507761872479,117.8944424816935,no pobre,0,1,500.0,840.0,1.0,38.0,12,478,30558,4,1.0
97,0.0,0.0,4.8850002,1.0,2.0,5,74.40507761872479,117.8944424816935,no pobre,0,1,500.0,840.0,1.0,38.0,9,478,30559,2,1.0
98,0.0,0.0,4.8850002,1.0,3.0,5,74.40507761872479,117.8944424816935,no pobre,0,1,500.0,840.0,1.0,38.0,10,478,30559,2,1.0
97,1.0,0.0,4.8850002,0.0,4.0,5,74.40507761872479,117.8944424816935,no pobre,0,0,0.0,799.0,0.0,58.0,16,478,30560,4,0.0
98,1.0,0.0,4.8850002,,,5,74.40507761872479,117.8944424816935,no pobre,0,0,0.0,799.0,0.0,58.0,17,478,30560,4,0.0
97,0.0,0.0,4.8850002,1.0,2.0,7,74.40507761872479,117.8944424816935,pobre,0,2,500.0,642.0,1.0,31.0,10,478,30561,2,1.0
98,0.0,0.0,4.8850002,1.0,3.0,7,74.40507761872479,117.8944424816935,pobre,0,2,500.0,642.0,1.0,31.0,11,478,30561,2,1.0
97,0.0,0.0,4.8850002,1.0,1.0,7,74.40507761872479,117.8944424816935,pobre,0,2,500.0,642.0,1.0,31.0,8,478,30562,1,1.0
98,0.0,0.0,4.8850002,1.0,2.0,7,74.40507761872479,117.8944424816935,pobre,0,2,500.0,642.0,1.0,31.0,9,478,30562,1,1.0
97,1.0,0.0,4.8850002,0.0,1.0,4,74.40507761872479,117.8944424816935,pobre,0,1,0.0,714.0,0.0,46.0,14,478,30563,1,0.0
98,1.0,0.0,4.8850002,,,4,74.40507761872479,117.8944424816935,pobre,0,1,0.0,714.0,0.0,46.0,15,478,30563,1,0.0
97,0.0,0.0,4.8850002,1.0,1.0,4,74.40507761872479,117.8944424816935,pobre,0,1,0.0,714.0,0.0,46.0,6,478,30564,1,1.0
98,0.0,0.0,4.8850002,1.0,2.0,4,74.40507761872479,117.8944424816935,pobre,0,1,0.0,714.0,0.0,46.0,7,478,30564,1,1.0
97,1.0,0.0,4.8850002,0.0,5.0,5,74.40507761872479,117.8944424816935,no pobre,0,0,500.0,763.0,1.0,44.0,13,478,30565,5,0.0
98,1.0,0.0,4.8850002,1.0,5.0,5,74.40507761872479,117.8944424816935,no pobre,0,0,500.0,763.0,1.0,44.0,14,478,30565,5,0.0
97,0.0,0.0,4.8850002,1.0,5.0,5,74.40507761872479,117.8944424816935,no pobre,0,0,500.0,763.0,1.0,44.0,11,478,30566,5,1.0
98,0.0,0.0,4.8850002,1.0,5.0,5,74.40507761872479,117.8944424816935,no pobre,0,0,500.0,763.0,1.0,44.0,12,478,30566,5,1.0
97,0.0,0.0,4.8850002,1.0,2.0,5,74.40507761872479,117.8944424816935,no pobre,0,0,500.0,763.0,1.0,44.0,8,478,30567,2,1.0
98,0.0,0.0,4.8850002,1.0,2.0,5,74.40507761872479,117.8944424816935,no pobre,0,0,500.0,763.0,1.0,44.0,9,478,30567,2,1.0
97,1.0,0.0,4.8850002,0.0,2.0,10,74.40507761872479,117.8944424816935,pobre,0,0,500.0,638.0,1.0,34.0,14,478,30568,2,0.0
98,1.0,0.0,4.8850002,0.0,2.0,10,74.40507761872479,117.8944424816935,pobre,0,0,500.0,638.0,1.0,34.0,15,478,30568,2,0.0
97,0.0,0.0,4.8850002,1.0,5.0,10,74.40507761872479,117.8944424816935,pobre,0,0,500.0,638.0,1.0,34.0,12,478,30569,5,1.0
98,0.0,0.0,4.8850002,1.0,5.0,10,74.40507761872479,117.8944424816935,pobre,0,0,500.0,638.0,1.0,34.0,13,478,30569,5,1.0
97,1.0,0.0,4.8850002,1.0,2.0,10,74.40507761872479,117.8944424816935,pobre,0,0,500.0,638.0,1.0,34.0,9,478,30570,2,1.0
98,1.0,0.0,4.8850002,1.0,2.0,10,74.40507761872479,117.8944424816935,pobre,0,0,500.0,638.0,1.0,34.0,10,478,30570,2,1.0
97,0.0,0.0,4.8850002,1.0,1.0,10,74.40507761872479,117.8944424816935,pobre,0,0,500.0,638.0,1.0,34.0,6,478,30571,1,1.0
98,0.0,0.0,4.8850002,1.0,1.0,10,74.40507761872479,117.8944424816935,pobre,0,0,500.0,638.0,1.0,34.0,7,478,30571,1,1.0
97,1.0,0.0,4.8850002,0.0,1.0,9,74.40507761872479,117.8944424816935,pobre,0,0,500.0,693.0,1.0,36.0,12,478,30572,1,0.0
98,1.0,0.0,4.8850002,0.0,1.0,9,74.40507761872479,117.8944424816935,pobre,0,0,500.0,693.0,1.0,36.0,13,478,30572,1,0.0
97,1.0,0.0,4.8850002,0.0,2.0,9,74.40507761872479,117.8944424816935,pobre,0,0,500.0,693.0,1.0,36.0,10,478,30573,2,0.0
98,1.0,0.0,4.8850002,0.0,2.0,9,74.40507761872479,117.8944424816935,pobre,0,0,500.0,693.0,1.0,36.0,11,478,30573,2,0.0
97,1.0,0.0,4.8850002,,0.0,9,74.40507761872479,117.8944424816935,pobre,0,0,500.0,693.0,1.0,36.0,8,478,30574,0,
98,1.0,0.0,4.8850002,1.0,0.0,9,74.40507761872479,117.8944424816935,pobre,0,0,500.0,693.0,1.0,36.0,9,478,30574,0,
97,0.0,0.0,4.8850002,,0.0,9,74.40507761872479,117.8944424816935,pobre,0,0,500.0,693.0,1.0,36.0,6,478,30575,0,
98,0.0,0.0,4.8850002,,,9,74.40507761872479,117.8944424816935,pobre,0,0,500.0,693.0,1.0,36.0,7,478,30575,0,
97,1.0,0.0,4.8850002,,0.0,5,74.40507761872479,117.8944424816935,pobre,0,0,500.0,713.0,1.0,37.0,12,478,30576,0,
98,1.0,0.0,4.8850002,,,5,74.40507761872479,117.8944424816935,pobre,0,0,500.0,713.0,1.0,37.0,13,478,30576,0,
97,1.0,0.0,4.8850002,,0.0,5,74.40507761872479,117.8944424816935,pobre,0,0,500.0,713.0,1.0,37.0,10,478,30577,0,
98,1.0,0.0,4.8850002,1.0,2.0,5,74.40507761872479,117.8944424816935,pobre,0,0,500.0,713.0,1.0,37.0,11,478,30577,0,
97,0.0,0.0,4.8850002,1.0,0.0,5,74.40507761872479,117.8944424816935,pobre,0,0,500.0,713.0,1.0,37.0,7,478,30578,0,1.0
98,0.0,0.0,4.8850002,1.0,1.0,5,74.40507761872479,117.8944424816935,pobre,0,0,500.0,713.0,1.0,37.0,8,478,30578,0,1.0
97,0.0,0.0,4.8850002,,0.0,9,74.40507761872479,117.8944424816935,pobre,0,0,500.0,674.0,1.0,43.0,14,478,30579,0,
98,0.0,0.0,4.8850002,0.0,1.0,9,74.40507761872479,117.8944424816935,pobre,0,0,500.0,674.0,1.0,43.0,15,478,30579,0,
97,0.0,0.0,4.8850002,1.0,1.0,9,74.40507761872479,117.8944424816935,pobre,0,0,500.0,674.0,1.0,43.0,12,478,30580,1,1.0
98,0.0,0.0,4.8850002,1.0,1.0,9,74.40507761872479,117.8944424816935,pobre,0,0,500.0,674.0,1.0,43.0,13,478,30580,1,1.0
97,0.0,0.0,4.8850002,1.0,1.0,9,74.40507761872479,117.8944424816935,pobre,0,0,500.0,674.0,1.0,43.0,10,478,30581,1,1.0
98,0.0,0.0,4.8850002,1.0,0.0,9,74.40507761872479,117.8944424816935,pobre,0,0,500.0,674.0,1.0,43.0,11,478,30581,1,1.0
97,1.0,0.0,4.8850002,1.0,1.0,9,74.40507761872479,117.8944424816935,pobre,0,0,500.0,674.0,1.0,43.0,6,478,30582,1,1.0
98,1.0,0.0,4.8850002,1.0,0.0,9,74.40507761872479,117.8944424816935,pobre,0,0,500.0,674.0,1.0,43.0,7,478,30582,1,1.0
97,1.0,0.0,4.8850002,0.0,2.0,8,74.40507761872479,117.8944424816935,pobre,0,0,500.0,584.91998,1.0,41.0,15,478,30583,2,0.0
98,1.0,0.0,4.8850002,,,8,74.40507761872479,117.8944424816935,pobre,0,0,500.0,584.91998,1.0,41.0,16,478,30583,2,0.0
97,0.0,0.0,4.8850002,1.0,7.0,8,74.40507761872479,117.8944424816935,pobre,0,0,500.0,584.91998,1.0,41.0,12,478,30584,7,1.0
98,0.0,0.0,4.8850002,1.0,8.0,8,74.40507761872479,117.8944424816935,pobre,0,0,500.0,584.91998,1.0,41.0,13,478,30584,7,1.0
97,0.0,0.0,4.8850002,1.0,3.0,8,74.40507761872479,117.8944424816935,pobre,0,0,500.0,584.91998,1.0,41.0,10,478,30585,3,1.0
98,0.0,0.0,4.8850002,1.0,4.0,8,74.40507761872479,117.8944424816935,pobre,0,0,500.0,584.91998,1.0,41.0,11,478,30585,3,1.0
97,1.0,0.0,4.8850002,1.0,1.0,8,74.40507761872479,117.8944424816935,pobre,0,0,500.0,584.91998,1.0,41.0,8,478,30586,1,1.0
98,1.0,0.0,4.8850002,1.0,2.0,8,74.40507761872479,117.8944424816935,pobre,0,0,500.0,584.91998,1.0,41.0,9,478,30586,1,1.0
97,0.0,0.0,4.8850002,1.0,4.0,8,74.40507761872479,117.8944424816935,pobre,0,0,625.0,624.0,1.0,69.0,14,478,30587,4,1.0
98,0.0,0.0,4.8850002,,,8,74.40507761872479,117.8944424816935,pobre,0,0,625.0,624.0,1.0,69.0,15,478,30587,4,1.0
97,0.0,0.0,4.8850002,1.0,3.0,8,74.40507761872479,117.8944424816935,pobre,0,0,625.0,624.0,1.0,69.0,12,478,30588,3,1.0
98,0.0,0.0,4.8850002,,,8,74.40507761872479,117.8944424816935,pobre,0,0,625.0,624.0,1.0,69.0,13,478,30588,3,1.0
97,1.0,0.0,4.8850002,1.0,3.0,8,74.40507761872479,117.8944424816935,pobre,0,0,625.0,624.0,1.0,69.0,11,478,30589,3,1.0
98,1.0,0.0,4.8850002,1.0,4.0,8,74.40507761872479,117.8944424816935,pobre,0,0,625.0,624.0,1.0,69.0,12,478,30589,3,1.0
97,0.0,0.0,4.8850002,0.0,6.0,6,74.40507761872479,117.8944424816935,pobre,0,2,625.0,806.82001,1.0,39.0,12,478,30590,6,0.0
98,0.0,0.0,4.8850002,,,6,74.40507761872479,117.8944424816935,pobre,0,2,625.0,806.82001,1.0,39.0,13,478,30590,6,0.0
97,1.0,0.0,4.8850002,1.0,4.0,6,74.40507761872479,117.8944424816935,pobre,0,2,625.0,806.82001,1.0,39.0,11,478,30591,4,1.0
98,1.0,0.0,4.8850002,1.0,5.0,6,74.40507761872479,117.8944424816935,pobre,0,2,625.0,806.82001,1.0,39.0,12,478,30591,4,1.0
97,1.0,0.0,4.8850002,,0.0,6,74.40507761872479,117.8944424816935,pobre,0,2,625.0,806.82001,1.0,39.0,10,478,30592,0,
98,1.0,0.0,4.8850002,1.0,5.0,6,74.40507761872479,117.8944424816935,pobre,0,2,625.0,806.82001,1.0,39.0,11,478,30592,0,
97,1.0,0.0,4.8850002,0.0,3.0,4,74.40507761872479,117.8944424816935,no pobre,0,2,3750.0,951.0,1.0,58.0,16,478,30593,3,0.0
98,1.0,0.0,4.8850002,,,4,74.40507761872479,117.8944424816935,no pobre,0,2,3750.0,951.0,1.0,58.0,17,478,30593,3,0.0
97,1.0,0.0,4.8850002,1.0,2.0,4,74.40507761872479,117.8944424816935,no pobre,0,2,625.0,796.0,1.0,55.0,10,478,30594,2,1.0
98,1.0,0.0,4.8850002,1.0,3.0,4,74.40507761872479,117.8944424816935,no pobre,0,2,625.0,796.0,1.0,55.0,11,478,30594,2,1.0
97,0.0,0.0,4.8850002,1.0,1.0,4,74.40507761872479,117.8944424816935,no pobre,0,2,625.0,796.0,1.0,55.0,9,478,30595,1,1.0
98,0.0,0.0,4.8850002,1.0,2.0,4,74.40507761872479,117.8944424816935,no pobre,0,2,625.0,796.0,1.0,55.0,10,478,30595,1,1.0
97,1.0,0.0,4.8850002,1.0,7.0,6,74.40507761872479,117.8944424816935,no pobre,0,2,625.0,799.0,1.0,36.0,15,478,30596,7,1.0
98,1.0,0.0,4.8850002,0.0,7.0,6,74.40507761872479,117.8944424816935,no pobre,0,2,625.0,799.0,1.0,36.0,16,478,30596,7,1.0
97,0.0,0.0,4.8850002,1.0,5.0,6,74.40507761872479,117.8944424816935,no pobre,0,2,625.0,799.0,1.0,36.0,14,478,30597,5,1.0
98,0.0,0.0,4.8850002,1.0,6.0,6,74.40507761872479,117.8944424816935,no pobre,0,2,625.0,799.0,1.0,36.0,15,478,30597,5,1.0
97,0.0,0.0,4.8850002,1.0,1.0,6,74.40507761872479,117.8944424816935,no pobre,0,2,625.0,799.0,1.0,36.0,10,478,30598,1,1.0
98,0.0,0.0,4.8850002,1.0,2.0,6,74.40507761872479,117.8944424816935,no pobre,0,2,625.0,799.0,1.0,36.0,11,478,30598,1,1.0
97,0.0,0.0,4.8850002,0.0,2.0,7,74.40507761872479,117.8944424816935,pobre,0,0,625.0,661.0,1.0,42.0,15,478,30599,2,0.0
98,0.0,0.0,4.8850002,0.0,3.0,7,74.40507761872479,117.8944424816935,pobre,0,0,625.0,661.0,1.0,42.0,16,478,30599,2,0.0
97,1.0,0.0,4.8850002,0.0,2.0,7,74.40507761872479,117.8944424816935,pobre,0,0,625.0,661.0,1.0,42.0,13,478,30600,2,0.0
98,1.0,0.0,4.8850002,0.0,2.0,7,74.40507761872479,117.8944424816935,pobre,0,0,625.0,661.0,1.0,42.0,14,478,30600,2,0.0
97,1.0,0.0,4.8850002,1.0,2.0,7,74.40507761872479,117.8944424816935,pobre,0,0,625.0,661.0,1.0,42.0,11,478,30601,2,1.0
98,1.0,0.0,4.8850002,1.0,3.0,7,74.40507761872479,117.8944424816935,pobre,0,0,625.0,661.0,1.0,42.0,12,478,30601,2,1.0
97,1.0,0.0,4.8850002,1.0,1.0,7,74.40507761872479,117.8944424816935,pobre,0,0,625.0,661.0,1.0,42.0,7,478,30602,1,1.0
98,1.0,0.0,4.8850002,1.0,2.0,7,74.40507761872479,117.8944424816935,pobre,0,0,625.0,661.0,1.0,42.0,8,478,30602,1,1.0
97,0.0,0.0,4.8850002,1.0,2.0,12,74.40507761872479,117.8944424816935,pobre,0,0,625.0,479.0,1.0,28.0,10,478,30603,2,1.0
98,0.0,0.0,4.8850002,1.0,2.0,12,74.40507761872479,117.8944424816935,pobre,0,0,625.0,479.0,1.0,28.0,11,478,30603,2,1.0
97,1.0,0.0,4.8850002,1.0,1.0,12,74.40507761872479,117.8944424816935,pobre,0,0,625.0,479.0,1.0,28.0,8,478,30604,1,1.0
98,1.0,0.0,4.8850002,1.0,1.0,12,74.40507761872479,117.8944424816935,pobre,0,0,625.0,479.0,1.0,28.0,9,478,30604,1,1.0
97,0.0,0.0,4.8850002,1.0,0.0,12,74.40507761872479,117.8944424816935,pobre,0,0,625.0,479.0,1.0,28.0,6,478,30605,0,1.0
98,0.0,0.0,4.8850002,,,12,74.40507761872479,117.8944424816935,pobre,0,0,625.0,479.0,1.0,28.0,7,478,30605,0,1.0
97,0.0,0.0,4.8850002,,0.0,12,74.40507761872479,117.8944424816935,pobre,0,0,625.0,479.0,1.0,28.0,15,478,30606,0,
98,0.0,0.0,4.8850002,,,12,74.40507761872479,117.8944424816935,pobre,0,0,625.0,479.0,1.0,28.0,16,478,30606,0,
97,0.0,0.0,4.8850002,,0.0,12,74.40507761872479,117.8944424816935,pobre,0,0,625.0,479.0,1.0,28.0,12,478,30607,0,
98,0.0,0.0,4.8850002,,,12,74.40507761872479,117.8944424816935,pobre,0,0,625.0,479.0,1.0,28.0,13,478,30607,0,
97,0.0,0.0,4.8850002,,0.0,12,74.40507761872479,117.8944424816935,pobre,0,0,625.0,479.0,1.0,28.0,11,478,30608,0,
98,0.0,0.0,4.8850002,,,12,74.40507761872479,117.8944424816935,pobre,0,0,625.0,479.0,1.0,28.0,12,478,30608,0,
97,0.0,0.0,4.8850002,0.0,1.0,12,74.40507761872479,117.8944424816935,pobre,0,0,625.0,479.0,1.0,28.0,6,478,30609,1,0.0
98,0.0,0.0,4.8850002,,,12,74.40507761872479,117.8944424816935,pobre,0,0,625.0,479.0,1.0,28.0,7,478,30609,1,0.0
97,0.0,0.0,4.8850002,0.0,6.0,2,74.40507761872479,117.8944424816935,pobre,0,4,500.0,794.0,1.0,22.0,15,478,30610,6,0.0
98,0.0,0.0,4.8850002,,,2,74.40507761872479,117.8944424816935,pobre,0,4,500.0,794.0,1.0,22.0,16,478,30610,6,0.0
97,0.0,0.0,4.8850002,1.0,6.0,5,74.40507761872479,117.8944424816935,no pobre,0,4,500.0,820.0,1.0,44.0,11,478,30611,6,1.0
98,0.0,0.0,4.8850002,1.0,6.0,5,74.40507761872479,117.8944424816935,no pobre,0,4,500.0,820.0,1.0,44.0,12,478,30611,6,1.0
97,0.0,0.0,4.8850002,1.0,3.0,5,74.40507761872479,117.8944424816935,no pobre,0,4,500.0,820.0,1.0,44.0,8,478,30612,3,1.0
98,0.0,0.0,4.8850002,1.0,4.0,5,74.40507761872479,117.8944424816935,no pobre,0,4,500.0,820.0,1.0,44.0,9,478,30612,3,1.0
97,0.0,0.0,4.8850002,1.0,2.0,6,74.40507761872479,117.8944424816935,pobre,0,0,500.0,672.0,1.0,34.0,10,478,30613,2,1.0
98,0.0,0.0,4.8850002,1.0,3.0,6,74.40507761872479,117.8944424816935,pobre,0,0,500.0,672.0,1.0,34.0,11,478,30613,2,1.0
97,0.0,0.0,4.8850002,1.0,1.0,6,74.40507761872479,117.8944424816935,pobre,0,0,500.0,672.0,1.0,34.0,8,478,30614,1,1.0
98,0.0,0.0,4.8850002,1.0,2.0,6,74.40507761872479,117.8944424816935,pobre,0,0,500.0,672.0,1.0,34.0,9,478,30614,1,1.0
97,1.0,0.0,4.8850002,1.0,8.0,6,74.40507761872479,117.8944424816935,pobre,0,0,500.0,790.0,1.0,46.0,14,478,30615,8,1.0
98,1.0,0.0,4.8850002,1.0,8.0,6,74.40507761872479,117.8944424816935,pobre,0,0,500.0,790.0,1.0,46.0,15,478,30615,8,1.0
97,0.0,0.0,4.8850002,1.0,2.0,6,74.40507761872479,117.8944424816935,pobre,0,0,500.0,790.0,1.0,46.0,8,478,30616,2,1.0
98,0.0,0.0,4.8850002,1.0,2.0,6,74.40507761872479,117.8944424816935,pobre,0,0,500.0,790.0,1.0,46.0,9,478,30616,2,1.0
97,1.0,0.0,4.8850002,,0.0,9,74.40507761872479,117.8944424816935,pobre,0,0,500.0,701.0,1.0,40.0,16,478,30617,0,
98,1.0,0.0,4.8850002,,,9,74.40507761872479,117.8944424816935,pobre,0,0,500.0,701.0,1.0,40.0,17,478,30617,0,
97,1.0,0.0,4.8850002,,0.0,9,74.40507761872479,117.8944424816935,pobre,0,0,500.0,701.0,1.0,40.0,14,478,30618,0,
98,1.0,0.0,4.8850002,0.0,4.0,9,74.40507761872479,117.8944424816935,pobre,0,0,500.0,701.0,1.0,40.0,15,478,30618,0,
97,0.0,0.0,4.8850002,1.0,4.0,9,74.40507761872479,117.8944424816935,pobre,0,0,500.0,701.0,1.0,40.0,13,478,30619,4,1.0
98,0.0,0.0,4.8850002,1.0,5.0,9,74.40507761872479,117.8944424816935,pobre,0,0,500.0,701.0,1.0,40.0,14,478,30619,4,1.0
97,0.0,0.0,4.8850002,1.0,2.0,9,74.40507761872479,117.8944424816935,pobre,0,0,500.0,701.0,1.0,40.0,11,478,30620,2,1.0
98,0.0,0.0,4.8850002,1.0,3.0,9,74.40507761872479,117.8944424816935,pobre,0,0,500.0,701.0,1.0,40.0,12,478,30620,2,1.0
97,1.0,0.0,4.8850002,1.0,2.0,9,74.40507761872479,117.8944424816935,pobre,0,0,500.0,701.0,1.0,40.0,8,478,30621,2,1.0
98,1.0,0.0,4.8850002,1.0,2.0,9,74.40507761872479,117.8944424816935,pobre,0,0,500.0,701.0,1.0,40.0,9,478,30621,2,1.0
97,1.0,0.0,4.8850002,1.0,1.0,9,74.40507761872479,117.8944424816935,pobre,0,0,500.0,701.0,1.0,40.0,6,478,30622,1,1.0
98,1.0,0.0,4.8850002,1.0,0.0,9,74.40507761872479,117.8944424816935,pobre,0,0,500.0,701.0,1.0,40.0,7,478,30622,1,1.0
97,0.0,0.0,4.8850002,0.0,1.0,6,74.40507761872479,117.8944424816935,pobre,0,1,625.0,769.0,1.0,40.0,16,478,30623,1,0.0
98,0.0,0.0,4.8850002,,,6,74.40507761872479,117.8944424816935,pobre,0,1,625.0,769.0,1.0,40.0,17,478,30623,1,0.0
97,1.0,0.0,4.8850002,1.0,2.0,6,74.40507761872479,117.8944424816935,pobre,0,1,625.0,769.0,1.0,40.0,8,478,30624,2,1.0
98,1.0,0.0,4.8850002,1.0,3.0,6,74.40507761872479,117.8944424816935,pobre,0,1,625.0,769.0,1.0,40.0,9,478,30624,2,1.0
97,0.0,0.0,4.8850002,1.0,0.0,6,74.40507761872479,117.8944424816935,pobre,0,1,625.0,769.0,1.0,40.0,6,478,30625,0,1.0
98,0.0,0.0,4.8850002,1.0,1.0,6,74.40507761872479,117.8944424816935,pobre,0,1,625.0,769.0,1.0,40.0,7,478,30625,0,1.0
97,1.0,0.0,4.8850002,0.0,3.0,6,74.40507761872479,117.8944424816935,no pobre,0,1,400.0,859.0,1.0,70.0,12,478,30626,3,0.0
98,1.0,0.0,4.8850002,0.0,3.0,6,74.40507761872479,117.8944424816935,no pobre,0,1,400.0,859.0,1.0,70.0,13,478,30626,3,0.0
97,0.0,0.0,4.8850002,0.0,1.0,2,74.40507761872479,117.8944424816935,pobre,0,3,625.0,767.0,1.0,22.0,16,478,30627,1,0.0
98,0.0,0.0,4.8850002,,,2,74.40507761872479,117.8944424816935,pobre,0,3,625.0,767.0,1.0,22.0,17,478,30627,1,0.0
97,0.0,0.0,1.692,1.0,2.0,7,114.941189704101,133.0895886736408,pobre,0,0,800.0,727.0,1.0,48.0,8,400,30628,2,1.0
98,0.0,0.0,1.692,,,7,114.941189704101,133.0895886736408,pobre,0,0,800.0,727.0,1.0,48.0,9,400,30628,2,1.0
97,0.0,0.0,1.692,1.0,1.0,7,114.941189704101,133.0895886736408,pobre,0,0,800.0,727.0,1.0,48.0,7,400,30629,1,1.0
98,0.0,0.0,1.692,,,7,114.941189704101,133.0895886736408,pobre,0,0,800.0,727.0,1.0,48.0,8,400,30629,1,1.0
97,1.0,0.0,1.692,1.0,0.0,7,114.941189704101,133.0895886736408,pobre,0,0,800.0,727.0,1.0,48.0,6,400,30630,0,1.0
98,1.0,0.0,1.692,,,7,114.941189704101,133.0895886736408,pobre,0,0,800.0,727.0,1.0,48.0,7,400,30630,0,1.0
97,0.0,0.0,1.692,1.0,5.0,5,114.941189704101,133.0895886736408,pobre,0,0,600.0,882.5,1.0,38.0,13,400,30631,5,1.0
98,0.0,0.0,1.692,1.0,6.0,5,114.941189704101,133.0895886736408,pobre,0,0,600.0,882.5,1.0,38.0,14,400,30631,5,1.0
97,0.0,0.0,1.692,1.0,3.0,5,114.941189704101,133.0895886736408,pobre,0,0,600.0,882.5,1.0,38.0,11,400,30632,3,1.0
98,0.0,0.0,1.692,1.0,4.0,5,114.941189704101,133.0895886736408,pobre,0,0,600.0,882.5,1.0,38.0,12,400,30632,3,1.0
97,0.0,0.0,1.692,1.0,3.0,5,114.941189704101,133.0895886736408,pobre,0,0,600.0,882.5,1.0,38.0,10,400,30633,3,1.0
98,0.0,0.0,1.692,1.0,4.0,5,114.941189704101,133.0895886736408,pobre,0,0,600.0,882.5,1.0,38.0,11,400,30633,3,1.0
97,0.0,0.0,1.692,1.0,2.0,10,114.941189704101,133.0895886736408,pobre,0,2,600.0,678.5,1.0,52.0,10,400,30634,2,1.0
98,0.0,0.0,1.692,1.0,3.0,10,114.941189704101,133.0895886736408,pobre,0,2,600.0,678.5,1.0,52.0,11,400,30634,2,1.0
97,1.0,0.0,1.692,1.0,2.0,10,114.941189704101,133.0895886736408,pobre,0,2,600.0,678.5,1.0,52.0,9,400,30635,2,1.0
98,1.0,0.0,1.692,1.0,2.0,10,114.941189704101,133.0895886736408,pobre,0,2,600.0,678.5,1.0,52.0,10,400,30635,2,1.0
97,0.0,0.0,1.692,1.0,1.0,10,114.941189704101,133.0895886736408,pobre,0,2,600.0,678.5,1.0,52.0,8,400,30636,1,1.0
98,0.0,0.0,1.692,1.0,2.0,10,114.941189704101,133.0895886736408,pobre,0,2,600.0,678.5,1.0,52.0,9,400,30636,1,1.0
97,0.0,0.0,1.551,1.0,2.0,2,108.1043119433601,129.8054572494576,no pobre,0,3,625.0,869.0,0.0,55.0,8,402,30637,2,1.0
98,0.0,0.0,1.551,,,2,108.1043119433601,129.8054572494576,no pobre,0,3,625.0,869.0,0.0,55.0,9,402,30637,2,1.0
97,1.0,0.0,1.551,1.0,7.0,5,108.1043119433601,129.8054572494576,pobre,0,0,625.0,787.5,1.0,50.0,13,402,30638,7,1.0
98,1.0,0.0,1.551,1.0,8.0,5,108.1043119433601,129.8054572494576,pobre,0,0,625.0,787.5,1.0,50.0,14,402,30638,7,1.0
97,1.0,0.0,1.551,1.0,4.0,5,108.1043119433601,129.8054572494576,pobre,0,0,625.0,787.5,1.0,50.0,12,402,30639,4,1.0
98,1.0,0.0,1.551,1.0,5.0,5,108.1043119433601,129.8054572494576,pobre,0,0,625.0,787.5,1.0,50.0,13,402,30639,4,1.0
97,0.0,0.0,1.551,0.0,4.0,7,108.1043119433601,129.8054572494576,pobre,0,0,625.0,790.33002,1.0,53.0,15,402,30640,4,0.0
98,0.0,0.0,1.551,0.0,4.0,7,108.1043119433601,129.8054572494576,pobre,0,0,625.0,790.33002,1.0,53.0,16,402,30640,4,0.0
97,0.0,0.0,1.551,0.0,3.0,7,108.1043119433601,129.8054572494576,pobre,0,0,625.0,790.33002,1.0,53.0,12,402,30641,3,0.0
98,0.0,0.0,1.551,0.0,3.0,7,108.1043119433601,129.8054572494576,pobre,0,0,625.0,790.33002,1.0,53.0,13,402,30641,3,0.0
97,1.0,0.0,1.551,1.0,1.0,7,108.1043119433601,129.8054572494576,pobre,0,0,625.0,790.33002,1.0,53.0,10,402,30642,1,1.0
98,1.0,0.0,1.551,1.0,1.0,7,108.1043119433601,129.8054572494576,pobre,0,0,625.0,790.33002,1.0,53.0,11,402,30642,1,1.0
97,0.0,0.0,1.551,1.0,2.0,4,108.1043119433601,129.8054572494576,pobre,0,2,500.0,667.0,1.0,31.0,10,402,30643,2,1.0
98,0.0,0.0,1.551,1.0,3.0,4,108.1043119433601,129.8054572494576,pobre,0,2,500.0,667.0,1.0,31.0,11,402,30643,2,1.0
97,0.0,0.0,1.551,1.0,3.0,8,108.1043119433601,129.8054572494576,pobre,0,0,625.0,827.0,0.0,49.0,12,402,30644,3,1.0
98,0.0,0.0,1.551,1.0,4.0,8,108.1043119433601,129.8054572494576,pobre,0,0,625.0,827.0,0.0,49.0,13,402,30644,3,1.0
97,1.0,0.0,1.551,1.0,2.0,8,108.1043119433601,129.8054572494576,pobre,0,0,625.0,827.0,0.0,49.0,11,402,30645,2,1.0
98,1.0,0.0,1.551,,,8,108.1043119433601,129.8054572494576,pobre,0,0,625.0,827.0,0.0,49.0,12,402,30645,2,1.0
97,1.0,0.0,1.551,1.0,2.0,8,108.1043119433601,129.8054572494576,pobre,0,0,625.0,827.0,0.0,49.0,9,402,30646,2,1.0
98,1.0,0.0,1.551,1.0,1.0,8,108.1043119433601,129.8054572494576,pobre,0,0,625.0,827.0,0.0,49.0,10,402,30646,2,1.0
97,0.0,0.0,1.551,0.0,9.0,6,108.1043119433601,129.8054572494576,pobre,0,5,800.0,861.0,1.0,53.0,15,402,30647,9,0.0
98,0.0,0.0,1.551,0.0,9.0,6,108.1043119433601,129.8054572494576,pobre,0,5,800.0,861.0,1.0,53.0,16,402,30647,9,0.0
97,1.0,0.0,1.551,1.0,5.0,6,108.1043119433601,129.8054572494576,pobre,0,5,800.0,861.0,1.0,53.0,11,402,30648,5,1.0
98,1.0,0.0,1.551,1.0,6.0,6,108.1043119433601,129.8054572494576,pobre,0,5,800.0,861.0,1.0,53.0,12,402,30648,5,1.0
97,0.0,0.0,1.551,1.0,0.0,3,108.1043119433601,129.8054572494576,pobre,0,8,1000.0,763.0,1.0,26.0,7,402,30649,0,1.0
98,0.0,0.0,1.551,1.0,1.0,3,108.1043119433601,129.8054572494576,pobre,0,8,1000.0,763.0,1.0,26.0,8,402,30649,0,1.0
97,1.0,0.0,1.551,0.0,8.0,5,108.1043119433601,129.8054572494576,no pobre,0,3,625.0,839.66998,1.0,50.0,16,402,30650,8,0.0
98,1.0,0.0,1.551,,,5,108.1043119433601,129.8054572494576,no pobre,0,3,625.0,839.66998,1.0,50.0,17,402,30650,8,0.0
97,1.0,0.0,1.551,0.0,6.0,7,108.1043119433601,129.8054572494576,no pobre,0,0,0.0,789.33002,0.0,46.0,13,402,30651,6,0.0
98,1.0,0.0,1.551,0.0,6.0,7,108.1043119433601,129.8054572494576,no pobre,0,0,0.0,789.33002,0.0,46.0,14,402,30651,6,0.0
97,0.0,0.0,1.551,1.0,4.0,7,108.1043119433601,129.8054572494576,no pobre,0,0,0.0,789.33002,0.0,46.0,12,402,30652,4,1.0
98,0.0,0.0,1.551,1.0,5.0,7,108.1043119433601,129.8054572494576,no pobre,0,0,0.0,789.33002,0.0,46.0,13,402,30652,4,1.0
97,1.0,0.0,1.551,1.0,2.0,6,108.1043119433601,129.8054572494576,pobre,0,3,625.0,625.0,1.0,39.0,10,402,30653,2,1.0
98,1.0,0.0,1.551,0.0,3.0,6,108.1043119433601,129.8054572494576,pobre,0,3,625.0,625.0,1.0,39.0,11,402,30653,2,1.0
97,0.0,0.0,1.551,1.0,2.0,6,108.1043119433601,129.8054572494576,pobre,0,3,625.0,625.0,1.0,39.0,9,402,30654,2,1.0
98,0.0,0.0,1.551,1.0,3.0,6,108.1043119433601,129.8054572494576,pobre,0,3,625.0,625.0,1.0,39.0,10,402,30654,2,1.0
97,1.0,0.0,1.551,1.0,1.0,6,108.1043119433601,129.8054572494576,pobre,0,3,625.0,625.0,1.0,39.0,8,402,30655,1,1.0
98,1.0,0.0,1.551,1.0,1.0,6,108.1043119433601,129.8054572494576,pobre,0,3,625.0,625.0,1.0,39.0,9,402,30655,1,1.0
97,0.0,0.0,1.551,1.0,4.0,6,108.1043119433601,129.8054572494576,pobre,0,2,600.0,652.0,1.0,43.0,12,402,30656,4,1.0
98,0.0,0.0,1.551,1.0,5.0,6,108.1043119433601,129.8054572494576,pobre,0,2,600.0,652.0,1.0,43.0,13,402,30656,4,1.0
97,0.0,0.0,1.551,1.0,3.0,6,108.1043119433601,129.8054572494576,pobre,0,2,600.0,652.0,1.0,43.0,10,402,30657,3,1.0
98,0.0,0.0,1.551,1.0,4.0,6,108.1043119433601,129.8054572494576,pobre,0,2,600.0,652.0,1.0,43.0,11,402,30657,3,1.0
97,1.0,0.0,1.551,1.0,0.0,6,108.1043119433601,129.8054572494576,pobre,0,2,600.0,652.0,1.0,43.0,7,402,30658,0,1.0
98,1.0,0.0,1.551,1.0,1.0,6,108.1043119433601,129.8054572494576,pobre,0,2,600.0,652.0,1.0,43.0,8,402,30658,0,1.0
97,1.0,0.0,1.551,1.0,2.0,5,108.1043119433601,129.8054572494576,pobre,0,0,750.0,733.5,0.0,57.0,8,402,30659,2,1.0
98,1.0,0.0,1.551,1.0,3.0,5,108.1043119433601,129.8054572494576,pobre,0,0,750.0,733.5,0.0,57.0,9,402,30659,2,1.0
97,0.0,0.0,1.551,1.0,1.0,5,108.1043119433601,129.8054572494576,pobre,0,0,750.0,733.5,0.0,57.0,7,402,30660,1,1.0
98,0.0,0.0,1.551,1.0,2.0,5,108.1043119433601,129.8054572494576,pobre,0,0,750.0,733.5,0.0,57.0,8,402,30660,1,1.0
97,1.0,0.0,1.551,0.0,6.0,4,108.1043119433601,129.8054572494576,pobre,0,9,920.0,717.0,1.0,27.0,12,402,30661,6,0.0
98,1.0,0.0,1.551,,,4,108.1043119433601,129.8054572494576,pobre,0,9,920.0,717.0,1.0,27.0,13,402,30661,6,0.0
97,0.0,0.0,1.551,1.0,2.0,5,108.1043119433601,129.8054572494576,no pobre,0,1,625.0,820.5,1.0,52.0,8,402,30662,2,1.0
98,0.0,0.0,1.551,1.0,3.0,5,108.1043119433601,129.8054572494576,no pobre,0,1,625.0,820.5,1.0,52.0,9,402,30662,2,1.0
97,1.0,0.0,1.551,1.0,2.0,3,108.1043119433601,129.8054572494576,no pobre,0,6,750.0,782.5,1.0,25.0,7,402,30663,2,1.0
98,1.0,0.0,1.551,,,3,108.1043119433601,129.8054572494576,no pobre,0,6,750.0,782.5,1.0,25.0,8,402,30663,2,1.0
97,0.0,0.0,1.551,0.0,6.0,6,108.1043119433601,129.8054572494576,pobre,0,3,625.0,666.0,1.0,34.0,14,402,30664,6,0.0
98,0.0,0.0,1.551,0.0,6.0,6,108.1043119433601,129.8054572494576,pobre,0,3,625.0,666.0,1.0,34.0,15,402,30664,6,0.0
97,0.0,0.0,1.551,1.0,6.0,6,108.1043119433601,129.8054572494576,pobre,0,3,625.0,666.0,1.0,34.0,12,402,30665,6,1.0
98,0.0,0.0,1.551,1.0,7.0,6,108.1043119433601,129.8054572494576,pobre,0,3,625.0,666.0,1.0,34.0,13,402,30665,6,1.0
97,1.0,0.0,1.551,1.0,2.0,6,108.1043119433601,129.8054572494576,pobre,0,3,625.0,666.0,1.0,34.0,8,402,30666,2,1.0
98,1.0,0.0,1.551,1.0,3.0,6,108.1043119433601,129.8054572494576,pobre,0,3,625.0,666.0,1.0,34.0,9,402,30666,2,1.0
97,0.0,0.0,1.551,1.0,4.0,7,108.1043119433601,129.8054572494576,pobre,0,0,1750.0,658.14001,1.0,54.0,12,402,30667,4,1.0
98,0.0,0.0,1.551,1.0,5.0,7,108.1043119433601,129.8054572494576,pobre,0,0,1750.0,658.14001,1.0,54.0,13,402,30667,4,1.0
97,1.0,0.0,1.551,1.0,2.0,7,108.1043119433601,129.8054572494576,pobre,0,0,1750.0,658.14001,1.0,54.0,10,402,30668,2,1.0
98,1.0,0.0,1.551,1.0,3.0,7,108.1043119433601,129.8054572494576,pobre,0,0,1750.0,658.14001,1.0,54.0,11,402,30668,2,1.0
97,1.0,0.0,1.551,1.0,3.0,7,108.1043119433601,129.8054572494576,pobre,0,4,1250.0,815.5,1.0,28.0,9,402,30669,3,1.0
98,1.0,0.0,1.551,1.0,4.0,7,108.1043119433601,129.8054572494576,pobre,0,4,1250.0,815.5,1.0,28.0,10,402,30669,3,1.0
97,1.0,0.0,1.551,,0.0,5,108.1043119433601,129.8054572494576,no pobre,0,0,625.0,826.81,1.0,63.0,7,402,30670,0,
98,1.0,0.0,1.551,,,5,108.1043119433601,129.8054572494576,no pobre,0,0,625.0,826.81,1.0,63.0,8,402,30670,0,
97,0.0,0.0,1.551,,0.0,3,108.1043119433601,129.8054572494576,pobre,0,9,2000.0,766.14001,1.0,28.0,6,402,30671,0,
98,0.0,0.0,1.551,1.0,2.0,3,108.1043119433601,129.8054572494576,pobre,0,9,2000.0,766.14001,1.0,28.0,7,402,30671,0,
97,1.0,0.0,1.551,1.0,4.0,5,108.1043119433601,129.8054572494576,pobre,0,6,625.0,746.5,1.0,53.0,12,402,30672,4,1.0
98,1.0,0.0,1.551,0.0,4.0,5,108.1043119433601,129.8054572494576,pobre,0,6,625.0,746.5,1.0,53.0,13,402,30672,4,1.0
97,1.0,0.0,1.551,1.0,2.0,5,108.1043119433601,129.8054572494576,pobre,0,6,625.0,746.5,1.0,53.0,10,402,30673,2,1.0
98,1.0,0.0,1.551,,,5,108.1043119433601,129.8054572494576,pobre,0,6,625.0,746.5,1.0,53.0,11,402,30673,2,1.0
97,0.0,0.0,1.551,0.0,9.0,6,108.1043119433601,129.8054572494576,pobre,0,6,625.0,761.5,1.0,63.0,15,402,30674,9,0.0
98,0.0,0.0,1.551,0.0,9.0,6,108.1043119433601,129.8054572494576,pobre,0,6,625.0,761.5,1.0,63.0,16,402,30674,9,0.0
97,1.0,0.0,1.551,1.0,6.0,5,108.1043119433601,129.8054572494576,pobre,0,0,625.0,677.0,1.0,32.0,12,402,30675,6,1.0
98,1.0,0.0,1.551,1.0,7.0,5,108.1043119433601,129.8054572494576,pobre,0,0,625.0,677.0,1.0,32.0,13,402,30675,6,1.0
97,1.0,0.0,1.551,1.0,5.0,5,108.1043119433601,129.8054572494576,pobre,0,0,625.0,677.0,1.0,32.0,10,402,30676,5,1.0
98,1.0,0.0,1.551,1.0,6.0,5,108.1043119433601,129.8054572494576,pobre,0,0,625.0,677.0,1.0,32.0,11,402,30676,5,1.0
97,1.0,0.0,1.396,1.0,3.0,4,128.1428726116635,182.1810197844595,no pobre,basal,4,2000.0,1056.0,1.0,44.0,14,447,30677,3,1.0
98,1.0,0.0,1.396,1.0,9.0,4,128.1428726116635,182.1810197844595,no pobre,basal,4,2000.0,1056.0,1.0,44.0,15,447,30677,3,1.0
97,0.0,0.0,1.396,1.0,4.0,5,128.1428726116635,182.1810197844595,no pobre,basal,3,750.0,918.5,1.0,53.0,9,447,30678,4,1.0
98,0.0,0.0,1.396,1.0,5.0,5,128.1428726116635,182.1810197844595,no pobre,basal,3,750.0,918.5,1.0,53.0,10,447,30678,4,1.0
97,1.0,0.0,1.396,1.0,10.0,5,128.1428726116635,182.1810197844595,pobre,basal,0,1200.0,800.0,1.0,57.0,16,447,30679,10,1.0
98,1.0,0.0,1.396,,,5,128.1428726116635,182.1810197844595,pobre,basal,0,1200.0,800.0,1.0,57.0,17,447,30679,10,1.0
97,0.0,0.0,1.396,1.0,6.0,6,128.1428726116635,182.1810197844595,pobre,basal,13,3200.0,794.0,1.0,36.0,11,447,30680,6,1.0
98,0.0,0.0,1.396,1.0,7.0,6,128.1428726116635,182.1810197844595,pobre,basal,13,3200.0,794.0,1.0,36.0,12,447,30680,6,1.0
97,0.0,0.0,1.396,1.0,4.0,6,128.1428726116635,182.1810197844595,pobre,basal,13,3200.0,794.0,1.0,36.0,10,447,30681,4,1.0
98,0.0,0.0,1.396,1.0,5.0,6,128.1428726116635,182.1810197844595,pobre,basal,13,3200.0,794.0,1.0,36.0,11,447,30681,4,1.0
97,0.0,0.0,1.396,1.0,1.0,6,128.1428726116635,182.1810197844595,pobre,basal,13,3200.0,794.0,1.0,36.0,7,447,30682,1,1.0
98,0.0,0.0,1.396,1.0,2.0,6,128.1428726116635,182.1810197844595,pobre,basal,13,3200.0,794.0,1.0,36.0,8,447,30682,1,1.0
97,0.0,0.0,1.396,1.0,1.0,6,128.1428726116635,182.1810197844595,pobre,basal,13,3200.0,794.0,1.0,36.0,7,447,30683,1,1.0
98,0.0,0.0,1.396,1.0,2.0,6,128.1428726116635,182.1810197844595,pobre,basal,13,3200.0,794.0,1.0,36.0,8,447,30683,1,1.0
97,0.0,0.0,1.396,0.0,6.0,7,128.1428726116635,182.1810197844595,pobre,basal,3,500.0,545.0,1.0,75.0,13,447,30684,6,0.0
98,0.0,0.0,1.396,1.0,6.0,7,128.1428726116635,182.1810197844595,pobre,basal,3,500.0,545.0,1.0,75.0,14,447,30684,6,0.0
97,0.0,0.0,1.396,1.0,3.0,7,128.1428726116635,182.1810197844595,pobre,basal,3,500.0,545.0,1.0,75.0,10,447,30685,3,1.0
98,0.0,0.0,1.396,1.0,4.0,7,128.1428726116635,182.1810197844595,pobre,basal,3,500.0,545.0,1.0,75.0,11,447,30685,3,1.0
97,1.0,0.0,1.396,1.0,2.0,7,128.1428726116635,182.1810197844595,pobre,basal,3,500.0,545.0,1.0,75.0,8,447,30686,2,1.0
98,1.0,0.0,1.396,1.0,3.0,7,128.1428726116635,182.1810197844595,pobre,basal,3,500.0,545.0,1.0,75.0,9,447,30686,2,1.0
97,0.0,0.0,1.396,1.0,2.0,6,128.1428726116635,182.1810197844595,pobre,basal,2,0.0,682.0,1.0,70.0,8,447,30687,2,1.0
98,0.0,0.0,1.396,1.0,3.0,6,128.1428726116635,182.1810197844595,pobre,basal,2,0.0,682.0,1.0,70.0,9,447,30687,2,1.0
97,0.0,0.0,1.396,1.0,8.0,6,128.1428726116635,182.1810197844595,pobre,basal,2,0.0,682.0,1.0,70.0,13,447,30688,8,1.0
98,0.0,0.0,1.396,1.0,8.0,6,128.1428726116635,182.1810197844595,pobre,basal,2,0.0,682.0,1.0,70.0,14,447,30688,8,1.0
97,1.0,0.0,1.396,1.0,3.0,6,128.1428726116635,182.1810197844595,pobre,basal,2,0.0,682.0,1.0,70.0,9,447,30689,3,1.0
98,1.0,0.0,1.396,1.0,4.0,6,128.1428726116635,182.1810197844595,pobre,basal,2,0.0,682.0,1.0,70.0,10,447,30689,3,1.0
97,1.0,0.0,1.396,1.0,2.0,5,128.1428726116635,182.1810197844595,pobre,basal,9,625.0,634.5,1.0,27.0,9,447,30690,2,1.0
98,1.0,0.0,1.396,1.0,3.0,5,128.1428726116635,182.1810197844595,pobre,basal,9,625.0,634.5,1.0,27.0,10,447,30690,2,1.0
97,0.0,0.0,1.396,1.0,1.0,5,128.1428726116635,182.1810197844595,pobre,basal,9,625.0,634.5,1.0,27.0,7,447,30691,1,1.0
98,0.0,0.0,1.396,1.0,2.0,5,128.1428726116635,182.1810197844595,pobre,basal,9,625.0,634.5,1.0,27.0,8,447,30691,1,1.0
97,1.0,0.0,1.396,1.0,10.0,8,128.1428726116635,182.1810197844595,pobre,basal,2,625.0,842.0,1.0,51.0,15,447,30692,10,1.0
98,1.0,0.0,1.396,1.0,9.0,8,128.1428726116635,182.1810197844595,pobre,basal,2,625.0,842.0,1.0,51.0,16,447,30692,10,1.0
97,1.0,0.0,1.396,1.0,1.0,6,128.1428726116635,182.1810197844595,pobre,basal,6,500.0,467.0,1.0,25.0,8,447,30693,1,1.0
98,1.0,0.0,1.396,1.0,2.0,6,128.1428726116635,182.1810197844595,pobre,basal,6,500.0,467.0,1.0,25.0,9,447,30693,1,1.0
97,0.0,0.0,1.396,1.0,1.0,6,128.1428726116635,182.1810197844595,pobre,basal,6,500.0,467.0,1.0,25.0,7,447,30694,1,1.0
98,0.0,0.0,1.396,1.0,2.0,6,128.1428726116635,182.1810197844595,pobre,basal,6,500.0,467.0,1.0,25.0,8,447,30694,1,1.0
97,0.0,0.0,1.396,1.0,3.0,5,128.1428726116635,182.1810197844595,pobre,basal,9,680.0,829.0,1.0,29.0,8,447,30695,3,1.0
98,0.0,0.0,1.396,1.0,4.0,5,128.1428726116635,182.1810197844595,pobre,basal,9,680.0,829.0,1.0,29.0,9,447,30695,3,1.0
97,0.0,0.0,1.396,1.0,2.0,5,128.1428726116635,182.1810197844595,pobre,basal,9,680.0,829.0,1.0,29.0,7,447,30696,2,1.0
98,0.0,0.0,1.396,1.0,3.0,5,128.1428726116635,182.1810197844595,pobre,basal,9,680.0,829.0,1.0,29.0,8,447,30696,2,1.0
97,1.0,0.0,1.396,1.0,8.0,8,128.1428726116635,182.1810197844595,pobre,basal,1,625.0,730.66998,1.0,47.0,13,447,30697,8,1.0
98,1.0,0.0,1.396,1.0,8.0,8,128.1428726116635,182.1810197844595,pobre,basal,1,625.0,730.66998,1.0,47.0,14,447,30697,8,1.0
97,0.0,0.0,1.396,1.0,6.0,8,128.1428726116635,182.1810197844595,pobre,basal,1,625.0,730.66998,1.0,47.0,11,447,30698,6,1.0
98,0.0,0.0,1.396,1.0,6.0,8,128.1428726116635,182.1810197844595,pobre,basal,1,625.0,730.66998,1.0,47.0,12,447,30698,6,1.0
97,1.0,0.0,1.396,1.0,1.0,8,128.1428726116635,182.1810197844595,pobre,basal,1,625.0,730.66998,1.0,47.0,8,447,30699,1,1.0
98,1.0,0.0,1.396,1.0,2.0,8,128.1428726116635,182.1810197844595,pobre,basal,1,625.0,730.66998,1.0,47.0,9,447,30699,1,1.0
97,0.0,0.0,1.396,1.0,7.0,8,128.1428726116635,182.1810197844595,pobre,basal,3,0.0,593.0,1.0,48.0,13,447,30700,7,1.0
98,0.0,0.0,1.396,1.0,8.0,8,128.1428726116635,182.1810197844595,pobre,basal,3,0.0,593.0,1.0,48.0,14,447,30700,7,1.0
97,1.0,0.0,1.396,1.0,4.0,8,128.1428726116635,182.1810197844595,pobre,basal,3,0.0,593.0,1.0,48.0,10,447,30701,4,1.0
98,1.0,0.0,1.396,1.0,5.0,8,128.1428726116635,182.1810197844595,pobre,basal,3,0.0,593.0,1.0,48.0,11,447,30701,4,1.0
97,1.0,0.0,1.396,1.0,3.0,4,128.1428726116635,182.1810197844595,pobre,basal,2,500.0,720.0,1.0,46.0,8,447,30702,3,1.0
98,1.0,0.0,1.396,1.0,4.0,4,128.1428726116635,182.1810197844595,pobre,basal,2,500.0,720.0,1.0,46.0,9,447,30702,3,1.0
97,1.0,0.0,1.396,1.0,7.0,8,128.1428726116635,182.1810197844595,pobre,basal,3,0.0,533.0,1.0,53.0,14,447,30703,7,1.0
98,1.0,0.0,1.396,,,8,128.1428726116635,182.1810197844595,pobre,basal,3,0.0,533.0,1.0,53.0,15,447,30703,7,1.0
97,0.0,0.0,1.396,1.0,8.0,8,128.1428726116635,182.1810197844595,pobre,basal,3,0.0,533.0,1.0,53.0,13,447,30704,8,1.0
98,0.0,0.0,1.396,1.0,8.0,8,128.1428726116635,182.1810197844595,pobre,basal,3,0.0,533.0,1.0,53.0,14,447,30704,8,1.0
97,1.0,0.0,1.396,1.0,3.0,8,128.1428726116635,182.1810197844595,pobre,basal,3,0.0,533.0,1.0,53.0,10,447,30705,3,1.0
98,1.0,0.0,1.396,1.0,4.0,8,128.1428726116635,182.1810197844595,pobre,basal,3,0.0,533.0,1.0,53.0,11,447,30705,3,1.0
97,0.0,0.0,1.396,1.0,2.0,8,128.1428726116635,182.1810197844595,pobre,basal,3,0.0,533.0,1.0,53.0,7,447,30706,2,1.0
98,0.0,0.0,1.396,1.0,3.0,8,128.1428726116635,182.1810197844595,pobre,basal,3,0.0,533.0,1.0,53.0,8,447,30706,2,1.0
97,1.0,0.0,1.396,0.0,3.0,7,128.1428726116635,182.1810197844595,pobre,basal,0,625.0,694.33002,1.0,48.0,15,447,30707,3,0.0
98,1.0,0.0,1.396,0.0,3.0,7,128.1428726116635,182.1810197844595,pobre,basal,0,625.0,694.33002,1.0,48.0,16,447,30707,3,0.0
97,1.0,0.0,1.396,1.0,5.0,7,128.1428726116635,182.1810197844595,pobre,basal,0,625.0,694.33002,1.0,48.0,11,447,30708,5,1.0
98,1.0,0.0,1.396,1.0,5.0,7,128.1428726116635,182.1810197844595,pobre,basal,0,625.0,694.33002,1.0,48.0,12,447,30708,5,1.0
97,1.0,0.0,1.396,1.0,3.0,7,128.1428726116635,182.1810197844595,pobre,basal,0,625.0,694.33002,1.0,48.0,9,447,30709,3,1.0
98,1.0,0.0,1.396,1.0,3.0,7,128.1428726116635,182.1810197844595,pobre,basal,0,625.0,694.33002,1.0,48.0,10,447,30709,3,1.0
97,1.0,0.0,1.396,1.0,1.0,3,128.1428726116635,182.1810197844595,pobre,basal,6,625.0,727.0,1.0,31.0,6,447,30710,1,1.0
98,1.0,0.0,1.396,1.0,2.0,3,128.1428726116635,182.1810197844595,pobre,basal,6,625.0,727.0,1.0,31.0,7,447,30710,1,1.0
97,1.0,0.0,1.396,0.0,10.0,5,128.1428726116635,182.1810197844595,pobre,basal,9,600.0,891.66998,1.0,35.0,16,447,30711,10,0.0
98,1.0,0.0,1.396,,,5,128.1428726116635,182.1810197844595,pobre,basal,9,600.0,891.66998,1.0,35.0,17,447,30711,10,0.0
97,1.0,0.0,1.396,0.0,8.0,5,128.1428726116635,182.1810197844595,pobre,basal,9,600.0,891.66998,1.0,35.0,15,447,30712,8,0.0
98,1.0,0.0,1.396,1.0,10.0,5,128.1428726116635,182.1810197844595,pobre,basal,9,600.0,891.66998,1.0,35.0,16,447,30712,8,0.0
97,0.0,0.0,1.396,1.0,1.0,5,128.1428726116635,182.1810197844595,pobre,basal,9,600.0,891.66998,1.0,35.0,6,447,30713,1,1.0
98,0.0,0.0,1.396,1.0,2.0,5,128.1428726116635,182.1810197844595,pobre,basal,9,600.0,891.66998,1.0,35.0,7,447,30713,1,1.0
97,1.0,0.0,1.396,0.0,9.0,4,128.1428726116635,182.1810197844595,pobre,basal,0,625.0,698.0,1.0,75.0,16,447,30714,9,0.0
98,1.0,0.0,1.396,,,4,128.1428726116635,182.1810197844595,pobre,basal,0,625.0,698.0,1.0,75.0,17,447,30714,9,0.0
97,1.0,0.0,1.396,1.0,7.0,4,128.1428726116635,182.1810197844595,pobre,basal,0,625.0,698.0,1.0,75.0,13,447,30715,7,1.0
98,1.0,0.0,1.396,1.0,,4,128.1428726116635,182.1810197844595,pobre,basal,0,625.0,698.0,1.0,75.0,14,447,30715,7,1.0
97,0.0,0.0,1.396,1.0,9.0,6,128.1428726116635,182.1810197844595,no pobre,basal,3,625.0,952.5,1.0,62.0,13,447,30716,9,1.0
98,0.0,0.0,1.396,0.0,9.0,6,128.1428726116635,182.1810197844595,no pobre,basal,3,625.0,952.5,1.0,62.0,14,447,30716,9,1.0
97,1.0,0.0,1.396,0.0,2.0,5,128.1428726116635,182.1810197844595,pobre,basal,3,625.0,727.66998,1.0,40.0,16,447,30717,2,0.0
98,1.0,0.0,1.396,,,5,128.1428726116635,182.1810197844595,pobre,basal,3,625.0,727.66998,1.0,40.0,17,447,30717,2,0.0
97,1.0,0.0,1.396,1.0,7.0,5,128.1428726116635,182.1810197844595,pobre,basal,3,625.0,727.66998,1.0,40.0,14,447,30718,7,1.0
98,1.0,0.0,1.396,1.0,8.0,5,128.1428726116635,182.1810197844595,pobre,basal,3,625.0,727.66998,1.0,40.0,15,447,30718,7,1.0
97,0.0,0.0,1.396,1.0,11.0,4,128.1428726116635,182.1810197844595,no pobre,basal,3,625.0,874.0,1.0,34.0,15,447,30719,11,1.0
98,0.0,0.0,1.396,1.0,10.0,4,128.1428726116635,182.1810197844595,no pobre,basal,3,625.0,874.0,1.0,34.0,16,447,30719,11,1.0
97,0.0,0.0,1.396,1.0,2.0,4,128.1428726116635,182.1810197844595,no pobre,basal,3,625.0,874.0,1.0,34.0,7,447,30720,2,1.0
98,0.0,0.0,1.396,1.0,2.0,4,128.1428726116635,182.1810197844595,no pobre,basal,3,625.0,874.0,1.0,34.0,8,447,30720,2,1.0
97,0.0,0.0,1.396,1.0,10.0,5,128.1428726116635,182.1810197844595,pobre,basal,2,625.0,723.25,1.0,60.0,15,447,30721,10,1.0
98,0.0,0.0,1.396,,,5,128.1428726116635,182.1810197844595,pobre,basal,2,625.0,723.25,1.0,60.0,16,447,30721,10,1.0
97,1.0,0.0,1.396,1.0,7.0,5,128.1428726116635,182.1810197844595,pobre,basal,2,625.0,723.25,1.0,60.0,13,447,30722,7,1.0
98,1.0,0.0,1.396,1.0,8.0,5,128.1428726116635,182.1810197844595,pobre,basal,2,625.0,723.25,1.0,60.0,14,447,30722,7,1.0
97,1.0,0.0,1.396,1.0,10.0,5,128.1428726116635,182.1810197844595,pobre,basal,3,625.0,715.0,1.0,36.0,16,447,30723,10,1.0
98,1.0,0.0,1.396,,,5,128.1428726116635,182.1810197844595,pobre,basal,3,625.0,715.0,1.0,36.0,17,447,30723,10,1.0
97,0.0,0.0,1.396,1.0,6.0,5,128.1428726116635,182.1810197844595,pobre,basal,3,625.0,715.0,1.0,36.0,12,447,30724,6,1.0
98,0.0,0.0,1.396,1.0,7.0,5,128.1428726116635,182.1810197844595,pobre,basal,3,625.0,715.0,1.0,36.0,13,447,30724,6,1.0
97,1.0,0.0,1.396,1.0,3.0,4,128.1428726116635,182.1810197844595,pobre,basal,3,625.0,732.0,1.0,37.0,8,447,30725,3,1.0
98,1.0,0.0,1.396,1.0,3.0,4,128.1428726116635,182.1810197844595,pobre,basal,3,625.0,732.0,1.0,37.0,9,447,30725,3,1.0
97,1.0,0.0,1.396,1.0,9.0,6,128.1428726116635,182.1810197844595,pobre,basal,6,600.0,744.0,1.0,41.0,15,447,30726,9,1.0
98,1.0,0.0,1.396,0.0,9.0,6,128.1428726116635,182.1810197844595,pobre,basal,6,600.0,744.0,1.0,41.0,16,447,30726,9,1.0
97,1.0,0.0,1.396,1.0,5.0,5,128.1428726116635,182.1810197844595,pobre,basal,5,625.0,650.0,1.0,32.0,9,447,30727,5,1.0
98,1.0,0.0,1.396,1.0,5.0,5,128.1428726116635,182.1810197844595,pobre,basal,5,625.0,650.0,1.0,32.0,10,447,30727,5,1.0
97,0.0,0.0,1.396,1.0,3.0,5,128.1428726116635,182.1810197844595,pobre,basal,5,625.0,650.0,1.0,32.0,8,447,30728,3,1.0
98,0.0,0.0,1.396,1.0,3.0,5,128.1428726116635,182.1810197844595,pobre,basal,5,625.0,650.0,1.0,32.0,9,447,30728,3,1.0
97,1.0,0.0,1.396,1.0,4.0,5,128.1428726116635,182.1810197844595,pobre,basal,3,625.0,690.0,1.0,33.0,9,447,30729,4,1.0
98,1.0,0.0,1.396,1.0,4.0,5,128.1428726116635,182.1810197844595,pobre,basal,3,625.0,690.0,1.0,33.0,10,447,30729,4,1.0
97,0.0,0.0,1.396,1.0,3.0,5,128.1428726116635,182.1810197844595,pobre,basal,3,625.0,690.0,1.0,33.0,8,447,30730,3,1.0
98,0.0,0.0,1.396,1.0,3.0,5,128.1428726116635,182.1810197844595,pobre,basal,3,625.0,690.0,1.0,33.0,9,447,30730,3,1.0
97,1.0,0.0,1.396,1.0,1.0,5,128.1428726116635,182.1810197844595,pobre,basal,3,625.0,690.0,1.0,33.0,6,447,30731,1,1.0
98,1.0,0.0,1.396,,,5,128.1428726116635,182.1810197844595,pobre,basal,3,625.0,690.0,1.0,33.0,7,447,30731,1,1.0
97,0.0,0.0,1.396,1.0,8.0,7,128.1428726116635,182.1810197844595,pobre,basal,1,1000.0,770.63,1.0,73.0,14,447,30732,8,1.0
98,0.0,0.0,1.396,1.0,8.0,7,128.1428726116635,182.1810197844595,pobre,basal,1,1000.0,770.63,1.0,73.0,15,447,30732,8,1.0
97,1.0,0.0,1.396,0.0,9.0,5,128.1428726116635,182.1810197844595,pobre,basal,1,800.0,782.66998,1.0,57.0,15,447,30733,9,0.0
98,1.0,0.0,1.396,0.0,8.0,5,128.1428726116635,182.1810197844595,pobre,basal,1,800.0,782.66998,1.0,57.0,16,447,30733,9,0.0
97,1.0,0.0,1.396,1.0,7.0,5,128.1428726116635,182.1810197844595,pobre,basal,1,800.0,782.66998,1.0,57.0,13,447,30734,7,1.0
98,1.0,0.0,1.396,1.0,7.0,5,128.1428726116635,182.1810197844595,pobre,basal,1,800.0,782.66998,1.0,57.0,14,447,30734,7,1.0
97,0.0,0.0,1.396,1.0,5.0,7,128.1428726116635,182.1810197844595,pobre,basal,3,625.0,603.0,1.0,35.0,10,447,30735,5,1.0
98,0.0,0.0,1.396,1.0,5.0,7,128.1428726116635,182.1810197844595,pobre,basal,3,625.0,603.0,1.0,35.0,11,447,30735,5,1.0
97,1.0,0.0,1.396,1.0,2.0,7,128.1428726116635,182.1810197844595,pobre,basal,3,625.0,603.0,1.0,35.0,8,447,30736,2,1.0
98,1.0,0.0,1.396,1.0,3.0,7,128.1428726116635,182.1810197844595,pobre,basal,3,625.0,603.0,1.0,35.0,9,447,30736,2,1.0
97,0.0,0.0,1.396,1.0,2.0,7,128.1428726116635,182.1810197844595,pobre,basal,3,625.0,603.0,1.0,35.0,7,447,30737,2,1.0
98,0.0,0.0,1.396,1.0,1.0,7,128.1428726116635,182.1810197844595,pobre,basal,3,625.0,603.0,1.0,35.0,8,447,30737,2,1.0
97,0.0,1.0,2.3529999,0.0,6.0,10,130.9699916805379,192.799208620838,pobre,0,2,625.0,337.0,1.0,40.0,16,446,30738,6,0.0
98,0.0,1.0,2.3529999,,,10,130.9699916805379,192.799208620838,pobre,0,2,625.0,337.0,1.0,40.0,17,446,30738,6,0.0
97,0.0,1.0,2.3529999,0.0,2.0,10,130.9699916805379,192.799208620838,pobre,0,2,625.0,337.0,1.0,40.0,14,446,30739,2,0.0
98,0.0,1.0,2.3529999,0.0,2.0,10,130.9699916805379,192.799208620838,pobre,0,2,625.0,337.0,1.0,40.0,15,446,30739,2,0.0
97,0.0,1.0,2.3529999,1.0,4.0,10,130.9699916805379,192.799208620838,pobre,0,2,625.0,337.0,1.0,40.0,13,446,30740,4,1.0
98,0.0,1.0,2.3529999,1.0,4.0,10,130.9699916805379,192.799208620838,pobre,0,2,625.0,337.0,1.0,40.0,14,446,30740,4,1.0
97,1.0,1.0,2.3529999,1.0,3.0,10,130.9699916805379,192.799208620838,pobre,0,2,625.0,337.0,1.0,40.0,11,446,30741,3,1.0
98,1.0,1.0,2.3529999,1.0,3.0,10,130.9699916805379,192.799208620838,pobre,0,2,625.0,337.0,1.0,40.0,12,446,30741,3,1.0
97,1.0,1.0,2.3529999,1.0,1.0,10,130.9699916805379,192.799208620838,pobre,0,2,625.0,337.0,1.0,40.0,8,446,30742,1,1.0
98,1.0,1.0,2.3529999,1.0,3.0,10,130.9699916805379,192.799208620838,pobre,0,2,625.0,337.0,1.0,40.0,9,446,30742,1,1.0
97,1.0,1.0,2.3529999,1.0,0.0,10,130.9699916805379,192.799208620838,pobre,0,2,625.0,337.0,1.0,40.0,6,446,30743,0,1.0
98,1.0,1.0,2.3529999,1.0,0.0,10,130.9699916805379,192.799208620838,pobre,0,2,625.0,337.0,1.0,40.0,7,446,30743,0,1.0
97,1.0,0.0,2.3529999,1.0,2.0,5,130.9699916805379,192.799208620838,pobre,0,0,750.0,894.5,1.0,70.0,7,446,30744,2,1.0
98,1.0,0.0,2.3529999,1.0,2.0,5,130.9699916805379,192.799208620838,pobre,0,0,750.0,894.5,1.0,70.0,8,446,30744,2,1.0
97,0.0,0.0,2.3529999,1.0,9.0,6,130.9699916805379,192.799208620838,pobre,0,4,625.0,816.0,1.0,46.0,13,446,30745,9,1.0
98,0.0,0.0,2.3529999,1.0,9.0,6,130.9699916805379,192.799208620838,pobre,0,4,625.0,816.0,1.0,46.0,14,446,30745,9,1.0
97,0.0,0.0,2.3529999,1.0,7.0,6,130.9699916805379,192.799208620838,pobre,0,4,625.0,816.0,1.0,46.0,12,446,30746,7,1.0
98,0.0,0.0,2.3529999,1.0,7.0,6,130.9699916805379,192.799208620838,pobre,0,4,625.0,816.0,1.0,46.0,13,446,30746,7,1.0
97,1.0,0.0,2.3529999,1.0,5.0,6,130.9699916805379,192.799208620838,pobre,0,4,625.0,816.0,1.0,46.0,11,446,30747,5,1.0
98,1.0,0.0,2.3529999,1.0,5.0,6,130.9699916805379,192.799208620838,pobre,0,4,625.0,816.0,1.0,46.0,12,446,30747,5,1.0
97,1.0,1.0,2.3529999,1.0,2.0,5,130.9699916805379,192.799208620838,pobre,0,2,625.0,655.0,1.0,39.0,9,446,30748,2,1.0
98,1.0,1.0,2.3529999,,,5,130.9699916805379,192.799208620838,pobre,0,2,625.0,655.0,1.0,39.0,10,446,30748,2,1.0
97,1.0,1.0,2.3529999,1.0,1.0,5,130.9699916805379,192.799208620838,pobre,0,2,625.0,655.0,1.0,39.0,7,446,30749,1,1.0
98,1.0,1.0,2.3529999,,,5,130.9699916805379,192.799208620838,pobre,0,2,625.0,655.0,1.0,39.0,8,446,30749,1,1.0
97,1.0,1.0,2.3529999,1.0,3.0,3,130.9699916805379,192.799208620838,pobre,0,3,625.0,757.0,1.0,40.0,8,446,30750,3,1.0
98,1.0,1.0,2.3529999,1.0,2.0,3,130.9699916805379,192.799208620838,pobre,0,3,625.0,757.0,1.0,40.0,9,446,30750,3,1.0
97,1.0,1.0,2.3529999,1.0,5.0,5,130.9699916805379,192.799208620838,pobre,0,12,960.0,718.0,1.0,36.0,11,446,30751,5,1.0
98,1.0,1.0,2.3529999,1.0,6.0,5,130.9699916805379,192.799208620838,pobre,0,12,960.0,718.0,1.0,36.0,12,446,30751,5,1.0
97,0.0,1.0,2.3529999,1.0,1.0,5,130.9699916805379,192.799208620838,pobre,0,12,960.0,718.0,1.0,36.0,6,446,30752,1,1.0
98,0.0,1.0,2.3529999,1.0,1.0,5,130.9699916805379,192.799208620838,pobre,0,12,960.0,718.0,1.0,36.0,7,446,30752,1,1.0
97,1.0,0.0,2.3529999,1.0,2.0,5,130.9699916805379,192.799208620838,no pobre,0,16,2400.0,763.0,1.0,36.0,8,446,30753,2,1.0
98,1.0,0.0,2.3529999,1.0,2.0,5,130.9699916805379,192.799208620838,no pobre,0,16,2400.0,763.0,1.0,36.0,9,446,30753,2,1.0
97,0.0,0.0,2.3529999,1.0,0.0,5,130.9699916805379,192.799208620838,no pobre,0,16,2400.0,763.0,1.0,36.0,7,446,30754,0,1.0
98,0.0,0.0,2.3529999,1.0,0.0,5,130.9699916805379,192.799208620838,no pobre,0,16,2400.0,763.0,1.0,36.0,8,446,30754,0,1.0
97,0.0,1.0,2.3529999,1.0,3.0,5,130.9699916805379,192.799208620838,pobre,0,9,625.0,678.0,1.0,34.0,9,446,30755,3,1.0
98,0.0,1.0,2.3529999,1.0,4.0,5,130.9699916805379,192.799208620838,pobre,0,9,625.0,678.0,1.0,34.0,10,446,30755,3,1.0
97,0.0,1.0,2.3529999,1.0,1.0,5,130.9699916805379,192.799208620838,pobre,0,9,625.0,678.0,1.0,34.0,7,446,30756,1,1.0
98,0.0,1.0,2.3529999,1.0,2.0,5,130.9699916805379,192.799208620838,pobre,0,9,625.0,678.0,1.0,34.0,8,446,30756,1,1.0
97,0.0,0.0,2.3529999,1.0,1.0,5,130.9699916805379,192.799208620838,pobre,0,12,2600.0,709.0,1.0,30.0,7,446,30757,1,1.0
98,0.0,0.0,2.3529999,1.0,1.0,5,130.9699916805379,192.799208620838,pobre,0,12,2600.0,709.0,1.0,30.0,8,446,30757,1,1.0
97,0.0,1.0,2.3529999,1.0,8.0,9,130.9699916805379,192.799208620838,pobre,0,3,1000.0,747.25,1.0,44.0,16,446,30758,8,1.0
98,0.0,1.0,2.3529999,,,9,130.9699916805379,192.799208620838,pobre,0,3,1000.0,747.25,1.0,44.0,17,446,30758,8,1.0
97,1.0,0.0,2.3529999,1.0,3.0,9,130.9699916805379,192.799208620838,pobre,0,3,1000.0,747.25,1.0,44.0,13,446,30759,3,1.0
98,1.0,0.0,2.3529999,0.0,3.0,9,130.9699916805379,192.799208620838,pobre,0,3,1000.0,747.25,1.0,44.0,14,446,30759,3,1.0
97,1.0,1.0,2.3529999,1.0,3.0,9,130.9699916805379,192.799208620838,pobre,0,3,1000.0,747.25,1.0,44.0,9,446,30760,3,1.0
98,1.0,1.0,2.3529999,1.0,3.0,9,130.9699916805379,192.799208620838,pobre,0,3,1000.0,747.25,1.0,44.0,10,446,30760,3,1.0
97,1.0,1.0,2.3529999,1.0,1.0,9,130.9699916805379,192.799208620838,pobre,0,3,1000.0,747.25,1.0,44.0,6,446,30761,1,1.0
98,1.0,1.0,2.3529999,1.0,0.0,9,130.9699916805379,192.799208620838,pobre,0,3,1000.0,747.25,1.0,44.0,7,446,30761,1,1.0
97,0.0,0.0,2.3529999,1.0,6.0,4,130.9699916805379,192.799208620838,pobre,0,2,1000.0,742.0,1.0,50.0,12,446,30762,6,1.0
98,0.0,0.0,2.3529999,,,4,130.9699916805379,192.799208620838,pobre,0,2,1000.0,742.0,1.0,50.0,13,446,30762,6,1.0
97,0.0,0.0,2.3529999,1.0,1.0,4,130.9699916805379,192.799208620838,pobre,0,2,1000.0,742.0,1.0,50.0,7,446,30763,1,1.0
98,0.0,0.0,2.3529999,,,4,130.9699916805379,192.799208620838,pobre,0,2,1000.0,742.0,1.0,50.0,8,446,30763,1,1.0
97,1.0,1.0,2.3529999,1.0,7.0,6,130.9699916805379,192.799208620838,pobre,0,1,625.0,665.0,1.0,40.0,16,446,30764,7,1.0
98,1.0,1.0,2.3529999,,,6,130.9699916805379,192.799208620838,pobre,0,1,625.0,665.0,1.0,40.0,17,446,30764,7,1.0
97,0.0,1.0,2.3529999,1.0,5.0,6,130.9699916805379,192.799208620838,pobre,0,1,625.0,665.0,1.0,40.0,12,446,30765,5,1.0
98,0.0,1.0,2.3529999,1.0,6.0,6,130.9699916805379,192.799208620838,pobre,0,1,625.0,665.0,1.0,40.0,13,446,30765,5,1.0
97,0.0,1.0,2.3529999,1.0,1.0,6,130.9699916805379,192.799208620838,pobre,0,1,625.0,665.0,1.0,40.0,7,446,30766,1,1.0
98,0.0,1.0,2.3529999,1.0,1.0,6,130.9699916805379,192.799208620838,pobre,0,1,625.0,665.0,1.0,40.0,8,446,30766,1,1.0
97,0.0,0.0,2.3529999,1.0,10.0,7,130.9699916805379,192.799208620838,pobre,0,2,333.33334,776.5,1.0,59.0,16,446,30767,10,1.0
98,0.0,0.0,2.3529999,,,7,130.9699916805379,192.799208620838,pobre,0,2,333.33334,776.5,1.0,59.0,17,446,30767,10,1.0
97,0.0,0.0,2.3529999,1.0,6.0,7,130.9699916805379,192.799208620838,pobre,0,2,333.33334,776.5,1.0,59.0,12,446,30768,6,1.0
98,0.0,0.0,2.3529999,1.0,6.0,7,130.9699916805379,192.799208620838,pobre,0,2,333.33334,776.5,1.0,59.0,13,446,30768,6,1.0
97,0.0,0.0,2.3529999,1.0,6.0,7,130.9699916805379,192.799208620838,pobre,0,2,333.33334,776.5,1.0,59.0,12,446,30769,6,1.0
98,0.0,0.0,2.3529999,1.0,6.0,7,130.9699916805379,192.799208620838,pobre,0,2,333.33334,776.5,1.0,59.0,13,446,30769,6,1.0
97,0.0,0.0,2.3529999,1.0,8.0,6,130.9699916805379,192.799208620838,pobre,0,4,600.0,779.0,1.0,36.0,13,446,30770,8,1.0
98,0.0,0.0,2.3529999,1.0,8.0,6,130.9699916805379,192.799208620838,pobre,0,4,600.0,779.0,1.0,36.0,14,446,30770,8,1.0
97,0.0,0.0,2.3529999,1.0,5.0,6,130.9699916805379,192.799208620838,pobre,0,4,600.0,779.0,1.0,36.0,11,446,30771,5,1.0
98,0.0,0.0,2.3529999,1.0,5.0,6,130.9699916805379,192.799208620838,pobre,0,4,600.0,779.0,1.0,36.0,12,446,30771,5,1.0
97,0.0,0.0,2.3529999,1.0,2.0,6,130.9699916805379,192.799208620838,pobre,0,4,600.0,779.0,1.0,36.0,8,446,30772,2,1.0
98,0.0,0.0,2.3529999,1.0,2.0,6,130.9699916805379,192.799208620838,pobre,0,4,600.0,779.0,1.0,36.0,9,446,30772,2,1.0
97,1.0,0.0,2.3529999,1.0,0.0,6,130.9699916805379,192.799208620838,pobre,0,4,600.0,779.0,1.0,36.0,6,446,30773,0,1.0
98,1.0,0.0,2.3529999,1.0,3.0,6,130.9699916805379,192.799208620838,pobre,0,4,600.0,779.0,1.0,36.0,7,446,30773,0,1.0
97,0.0,0.0,2.3529999,1.0,7.0,5,130.9699916805379,192.799208620838,pobre,0,2,625.0,690.0,1.0,45.0,14,446,30774,7,1.0
98,0.0,0.0,2.3529999,1.0,7.0,5,130.9699916805379,192.799208620838,pobre,0,2,625.0,690.0,1.0,45.0,15,446,30774,7,1.0
97,1.0,0.0,2.3529999,1.0,6.0,5,130.9699916805379,192.799208620838,pobre,0,2,625.0,690.0,1.0,45.0,11,446,30775,6,1.0
98,1.0,0.0,2.3529999,1.0,6.0,5,130.9699916805379,192.799208620838,pobre,0,2,625.0,690.0,1.0,45.0,12,446,30775,6,1.0
97,1.0,0.0,2.3529999,1.0,7.0,3,130.9699916805379,192.799208620838,pobre,0,0,0.0,734.0,0.0,55.0,12,446,30776,7,1.0
98,1.0,0.0,2.3529999,1.0,7.0,3,130.9699916805379,192.799208620838,pobre,0,0,0.0,734.0,0.0,55.0,13,446,30776,7,1.0
97,1.0,1.0,2.3529999,1.0,3.0,6,130.9699916805379,192.799208620838,pobre,0,0,750.0,536.0,1.0,32.0,9,446,30777,3,1.0
98,1.0,1.0,2.3529999,1.0,3.0,6,130.9699916805379,192.799208620838,pobre,0,0,750.0,536.0,1.0,32.0,10,446,30777,3,1.0
97,0.0,1.0,2.3529999,1.0,0.0,6,130.9699916805379,192.799208620838,pobre,0,0,750.0,536.0,1.0,32.0,6,446,30778,0,1.0
98,0.0,1.0,2.3529999,1.0,1.0,6,130.9699916805379,192.799208620838,pobre,0,0,750.0,536.0,1.0,32.0,7,446,30778,0,1.0
97,1.0,1.0,2.3529999,1.0,7.0,8,130.9699916805379,192.799208620838,pobre,0,0,0.0,583.0,1.0,71.0,12,446,30779,7,1.0
98,1.0,1.0,2.3529999,1.0,7.0,8,130.9699916805379,192.799208620838,pobre,0,0,0.0,583.0,1.0,71.0,13,446,30779,7,1.0
97,0.0,1.0,2.3529999,1.0,6.0,8,130.9699916805379,192.799208620838,pobre,0,0,0.0,583.0,1.0,71.0,11,446,30780,6,1.0
98,0.0,1.0,2.3529999,0.0,6.0,8,130.9699916805379,192.799208620838,pobre,0,0,0.0,583.0,1.0,71.0,12,446,30780,6,1.0
97,0.0,1.0,2.3529999,1.0,2.0,8,130.9699916805379,192.799208620838,pobre,0,0,0.0,583.0,1.0,71.0,7,446,30781,2,1.0
98,0.0,1.0,2.3529999,1.0,1.0,8,130.9699916805379,192.799208620838,pobre,0,0,0.0,583.0,1.0,71.0,8,446,30781,2,1.0
97,1.0,1.0,2.3529999,1.0,7.0,9,130.9699916805379,192.799208620838,pobre,0,2,625.0,718.5,1.0,45.0,15,446,30782,7,1.0
98,1.0,1.0,2.3529999,1.0,8.0,9,130.9699916805379,192.799208620838,pobre,0,2,625.0,718.5,1.0,45.0,16,446,30782,7,1.0
97,0.0,1.0,2.3529999,1.0,4.0,9,130.9699916805379,192.799208620838,pobre,0,2,625.0,718.5,1.0,45.0,12,446,30783,4,1.0
98,0.0,1.0,2.3529999,1.0,5.0,9,130.9699916805379,192.799208620838,pobre,0,2,625.0,718.5,1.0,45.0,13,446,30783,4,1.0
97,0.0,1.0,2.3529999,1.0,4.0,9,130.9699916805379,192.799208620838,pobre,0,2,625.0,718.5,1.0,45.0,9,446,30784,4,1.0
98,0.0,1.0,2.3529999,1.0,5.0,9,130.9699916805379,192.799208620838,pobre,0,2,625.0,718.5,1.0,45.0,10,446,30784,4,1.0
97,0.0,1.0,2.3529999,1.0,2.0,9,130.9699916805379,192.799208620838,pobre,0,2,625.0,718.5,1.0,45.0,7,446,30785,2,1.0
98,0.0,1.0,2.3529999,1.0,2.0,9,130.9699916805379,192.799208620838,pobre,0,2,625.0,718.5,1.0,45.0,8,446,30785,2,1.0
97,1.0,0.0,2.3529999,1.0,1.0,9,130.9699916805379,192.799208620838,pobre,0,2,625.0,718.5,1.0,45.0,6,446,30786,1,1.0
98,1.0,0.0,2.3529999,1.0,0.0,9,130.9699916805379,192.799208620838,pobre,0,2,625.0,718.5,1.0,45.0,7,446,30786,1,1.0
97,1.0,1.0,2.3529999,1.0,9.0,6,130.9699916805379,192.799208620838,pobre,0,2,700.0,617.0,1.0,41.0,14,446,30787,9,1.0
98,1.0,1.0,2.3529999,1.0,8.0,6,130.9699916805379,192.799208620838,pobre,0,2,700.0,617.0,1.0,41.0,15,446,30787,9,1.0
97,1.0,1.0,2.3529999,1.0,3.0,6,130.9699916805379,192.799208620838,pobre,0,2,700.0,617.0,1.0,41.0,11,446,30788,3,1.0
98,1.0,1.0,2.3529999,1.0,4.0,6,130.9699916805379,192.799208620838,pobre,0,2,700.0,617.0,1.0,41.0,12,446,30788,3,1.0
97,0.0,1.0,2.3529999,1.0,1.0,6,130.9699916805379,192.799208620838,pobre,0,2,700.0,617.0,1.0,41.0,6,446,30789,1,1.0
98,0.0,1.0,2.3529999,1.0,1.0,6,130.9699916805379,192.799208620838,pobre,0,2,700.0,617.0,1.0,41.0,7,446,30789,1,1.0
97,0.0,1.0,2.3529999,1.0,3.0,4,130.9699916805379,192.799208620838,pobre,0,3,625.0,673.0,1.0,28.0,8,446,30790,3,1.0
98,0.0,1.0,2.3529999,1.0,4.0,4,130.9699916805379,192.799208620838,pobre,0,3,625.0,673.0,1.0,28.0,9,446,30790,3,1.0
97,1.0,1.0,2.3529999,1.0,2.0,4,130.9699916805379,192.799208620838,pobre,0,3,625.0,673.0,1.0,28.0,7,446,30791,2,1.0
98,1.0,1.0,2.3529999,1.0,2.0,4,130.9699916805379,192.799208620838,pobre,0,3,625.0,673.0,1.0,28.0,8,446,30791,2,1.0
97,0.0,1.0,2.3529999,1.0,9.0,7,130.9699916805379,192.799208620838,pobre,0,2,625.0,582.0,1.0,42.0,16,446,30792,9,1.0
98,0.0,1.0,2.3529999,,,7,130.9699916805379,192.799208620838,pobre,0,2,625.0,582.0,1.0,42.0,17,446,30792,9,1.0
97,1.0,1.0,2.3529999,1.0,7.0,7,130.9699916805379,192.799208620838,pobre,0,2,625.0,582.0,1.0,42.0,14,446,30793,7,1.0
98,1.0,1.0,2.3529999,1.0,7.0,7,130.9699916805379,192.799208620838,pobre,0,2,625.0,582.0,1.0,42.0,15,446,30793,7,1.0
97,0.0,1.0,2.3529999,1.0,5.0,7,130.9699916805379,192.799208620838,pobre,0,2,625.0,582.0,1.0,42.0,10,446,30794,5,1.0
98,0.0,1.0,2.3529999,1.0,5.0,7,130.9699916805379,192.799208620838,pobre,0,2,625.0,582.0,1.0,42.0,11,446,30794,5,1.0
97,0.0,1.0,2.3529999,1.0,2.0,7,130.9699916805379,192.799208620838,pobre,0,2,625.0,582.0,1.0,42.0,7,446,30795,2,1.0
98,0.0,1.0,2.3529999,1.0,1.0,7,130.9699916805379,192.799208620838,pobre,0,2,625.0,582.0,1.0,42.0,8,446,30795,2,1.0
97,0.0,1.0,2.3529999,1.0,1.0,6,130.9699916805379,192.799208620838,pobre,0,6,750.0,598.0,1.0,31.0,6,446,30796,1,1.0
98,0.0,1.0,2.3529999,1.0,2.0,6,130.9699916805379,192.799208620838,pobre,0,6,750.0,598.0,1.0,31.0,7,446,30796,1,1.0
97,1.0,1.0,2.3529999,1.0,6.0,6,130.9699916805379,192.799208620838,pobre,0,5,1000.0,650.0,1.0,31.0,11,446,30797,6,1.0
98,1.0,1.0,2.3529999,1.0,7.0,6,130.9699916805379,192.799208620838,pobre,0,5,1000.0,650.0,1.0,31.0,12,446,30797,6,1.0
97,1.0,1.0,2.3529999,1.0,2.0,6,130.9699916805379,192.799208620838,pobre,0,5,1000.0,650.0,1.0,31.0,7,446,30798,2,1.0
98,1.0,1.0,2.3529999,1.0,1.0,6,130.9699916805379,192.799208620838,pobre,0,5,1000.0,650.0,1.0,31.0,8,446,30798,2,1.0
97,0.0,1.0,2.3529999,1.0,1.0,6,130.9699916805379,192.799208620838,pobre,0,5,1000.0,650.0,1.0,31.0,6,446,30799,1,1.0
98,0.0,1.0,2.3529999,1.0,1.0,6,130.9699916805379,192.799208620838,pobre,0,5,1000.0,650.0,1.0,31.0,7,446,30799,1,1.0
97,0.0,1.0,2.3529999,0.0,6.0,7,130.9699916805379,192.799208620838,pobre,0,0,500.0,752.5,1.0,42.0,16,446,30800,6,0.0
98,0.0,1.0,2.3529999,,,7,130.9699916805379,192.799208620838,pobre,0,0,500.0,752.5,1.0,42.0,17,446,30800,6,0.0
97,1.0,1.0,2.3529999,1.0,8.0,7,130.9699916805379,192.799208620838,pobre,0,0,500.0,752.5,1.0,42.0,14,446,30801,8,1.0
98,1.0,1.0,2.3529999,1.0,9.0,7,130.9699916805379,192.799208620838,pobre,0,0,500.0,752.5,1.0,42.0,15,446,30801,8,1.0
97,0.0,1.0,2.3529999,1.0,5.0,7,130.9699916805379,192.799208620838,pobre,0,0,500.0,752.5,1.0,42.0,12,446,30802,5,1.0
98,0.0,1.0,2.3529999,1.0,6.0,7,130.9699916805379,192.799208620838,pobre,0,0,500.0,752.5,1.0,42.0,13,446,30802,5,1.0
97,1.0,1.0,2.3529999,1.0,3.0,7,130.9699916805379,192.799208620838,pobre,0,0,500.0,752.5,1.0,42.0,10,446,30803,3,1.0
98,1.0,1.0,2.3529999,1.0,4.0,7,130.9699916805379,192.799208620838,pobre,0,0,500.0,752.5,1.0,42.0,11,446,30803,3,1.0
97,1.0,1.0,2.3529999,1.0,0.0,7,130.9699916805379,192.799208620838,pobre,0,0,500.0,752.5,1.0,42.0,6,446,30804,0,1.0
98,1.0,1.0,2.3529999,1.0,1.0,7,130.9699916805379,192.799208620838,pobre,0,0,500.0,752.5,1.0,42.0,7,446,30804,0,1.0
97,0.0,0.0,2.3529999,1.0,3.0,5,130.9699916805379,192.799208620838,pobre,0,0,0.0,750.87,1.0,,9,446,30805,3,1.0
98,0.0,0.0,2.3529999,1.0,4.0,5,130.9699916805379,192.799208620838,pobre,0,0,0.0,750.87,1.0,,10,446,30805,3,1.0
97,0.0,1.0,2.3529999,1.0,8.0,7,130.9699916805379,192.799208620838,pobre,0,0,500.0,716.5,1.0,52.0,16,446,30806,8,1.0
98,0.0,1.0,2.3529999,,,7,130.9699916805379,192.799208620838,pobre,0,0,500.0,716.5,1.0,52.0,17,446,30806,8,1.0
97,0.0,1.0,2.3529999,1.0,5.0,7,130.9699916805379,192.799208620838,pobre,0,0,500.0,716.5,1.0,52.0,11,446,30807,5,1.0
98,0.0,1.0,2.3529999,1.0,6.0,7,130.9699916805379,192.799208620838,pobre,0,0,500.0,716.5,1.0,52.0,12,446,30807,5,1.0
97,0.0,1.0,2.3529999,0.0,6.0,8,130.9699916805379,192.799208620838,pobre,0,0,625.0,527.0,1.0,36.0,15,446,30808,6,0.0
98,0.0,1.0,2.3529999,,,8,130.9699916805379,192.799208620838,pobre,0,0,625.0,527.0,1.0,36.0,16,446,30808,6,0.0
97,0.0,1.0,2.3529999,0.0,6.0,8,130.9699916805379,192.799208620838,pobre,0,0,625.0,527.0,1.0,36.0,14,446,30809,6,0.0
98,0.0,1.0,2.3529999,0.0,6.0,8,130.9699916805379,192.799208620838,pobre,0,0,625.0,527.0,1.0,36.0,15,446,30809,6,0.0
97,1.0,1.0,2.3529999,1.0,4.0,8,130.9699916805379,192.799208620838,pobre,0,0,625.0,527.0,1.0,36.0,11,446,30810,4,1.0
98,1.0,1.0,2.3529999,1.0,5.0,8,130.9699916805379,192.799208620838,pobre,0,0,625.0,527.0,1.0,36.0,12,446,30810,4,1.0
97,1.0,1.0,2.3529999,1.0,2.0,8,130.9699916805379,192.799208620838,pobre,0,0,625.0,527.0,1.0,36.0,9,446,30811,2,1.0
98,1.0,1.0,2.3529999,1.0,3.0,8,130.9699916805379,192.799208620838,pobre,0,0,625.0,527.0,1.0,36.0,10,446,30811,2,1.0
97,1.0,1.0,2.3529999,0.0,9.0,6,130.9699916805379,192.799208620838,no pobre,0,3,4500.0,921.0,1.0,40.0,16,446,30812,9,0.0
98,1.0,1.0,2.3529999,,,6,130.9699916805379,192.799208620838,no pobre,0,3,4500.0,921.0,1.0,40.0,17,446,30812,9,0.0
97,0.0,1.0,2.3529999,1.0,7.0,6,130.9699916805379,192.799208620838,no pobre,0,3,4500.0,921.0,1.0,40.0,13,446,30813,7,1.0
98,0.0,1.0,2.3529999,1.0,8.0,6,130.9699916805379,192.799208620838,no pobre,0,3,4500.0,921.0,1.0,40.0,14,446,30813,7,1.0
97,1.0,1.0,2.3529999,1.0,5.0,6,130.9699916805379,192.799208620838,pobre,0,0,500.0,497.0,1.0,43.0,14,446,30814,5,1.0
98,1.0,1.0,2.3529999,0.0,5.0,6,130.9699916805379,192.799208620838,pobre,0,0,500.0,497.0,1.0,43.0,15,446,30814,5,1.0
97,1.0,1.0,2.3529999,1.0,3.0,6,130.9699916805379,192.799208620838,pobre,0,0,500.0,497.0,1.0,43.0,10,446,30815,3,1.0
98,1.0,1.0,2.3529999,1.0,4.0,6,130.9699916805379,192.799208620838,pobre,0,0,500.0,497.0,1.0,43.0,11,446,30815,3,1.0
97,0.0,1.0,2.3529999,1.0,1.0,6,130.9699916805379,192.799208620838,pobre,0,0,600.0,729.0,1.0,54.0,14,446,30816,1,1.0
98,0.0,1.0,2.3529999,1.0,2.0,6,130.9699916805379,192.799208620838,pobre,0,0,600.0,729.0,1.0,54.0,15,446,30816,1,1.0
97,1.0,1.0,2.3529999,,0.0,6,130.9699916805379,192.799208620838,pobre,0,0,600.0,729.0,1.0,54.0,11,446,30817,0,
98,1.0,1.0,2.3529999,,,6,130.9699916805379,192.799208620838,pobre,0,0,600.0,729.0,1.0,54.0,12,446,30817,0,
97,1.0,1.0,2.3529999,1.0,6.0,3,130.9699916805379,192.799208620838,no pobre,0,6,1000.0,826.0,1.0,52.0,12,446,30818,6,1.0
98,1.0,1.0,2.3529999,1.0,6.0,3,130.9699916805379,192.799208620838,no pobre,0,6,1000.0,826.0,1.0,52.0,13,446,30818,6,1.0
97,0.0,1.0,2.3529999,1.0,6.0,8,130.9699916805379,192.799208620838,pobre,0,0,750.0,729.0,1.0,47.0,12,446,30819,6,1.0
98,0.0,1.0,2.3529999,1.0,7.0,8,130.9699916805379,192.799208620838,pobre,0,0,750.0,729.0,1.0,47.0,13,446,30819,6,1.0
97,1.0,1.0,2.3529999,1.0,4.0,8,130.9699916805379,192.799208620838,pobre,0,0,750.0,729.0,1.0,47.0,11,446,30820,4,1.0
98,1.0,1.0,2.3529999,1.0,5.0,8,130.9699916805379,192.799208620838,pobre,0,0,750.0,729.0,1.0,47.0,12,446,30820,4,1.0
97,1.0,1.0,2.3529999,1.0,3.0,8,130.9699916805379,192.799208620838,pobre,0,0,750.0,729.0,1.0,47.0,8,446,30821,3,1.0
98,1.0,1.0,2.3529999,1.0,4.0,8,130.9699916805379,192.799208620838,pobre,0,0,750.0,729.0,1.0,47.0,9,446,30821,3,1.0
97,1.0,1.0,2.3529999,1.0,5.0,4,130.9699916805379,192.799208620838,pobre,0,0,750.0,760.0,1.0,45.0,12,446,30822,5,1.0
98,1.0,1.0,2.3529999,1.0,5.0,4,130.9699916805379,192.799208620838,pobre,0,0,750.0,760.0,1.0,45.0,13,446,30822,5,1.0
97,0.0,1.0,2.3529999,1.0,6.0,8,130.9699916805379,192.799208620838,pobre,0,3,625.0,678.0,1.0,33.0,12,446,30823,6,1.0
98,0.0,1.0,2.3529999,1.0,6.0,8,130.9699916805379,192.799208620838,pobre,0,3,625.0,678.0,1.0,33.0,13,446,30823,6,1.0
97,1.0,1.0,2.3529999,1.0,4.0,8,130.9699916805379,192.799208620838,pobre,0,3,625.0,678.0,1.0,33.0,11,446,30824,4,1.0
98,1.0,1.0,2.3529999,1.0,5.0,8,130.9699916805379,192.799208620838,pobre,0,3,625.0,678.0,1.0,33.0,12,446,30824,4,1.0
97,1.0,1.0,2.3529999,1.0,3.0,8,130.9699916805379,192.799208620838,pobre,0,3,625.0,678.0,1.0,33.0,9,446,30825,3,1.0
98,1.0,1.0,2.3529999,1.0,3.0,8,130.9699916805379,192.799208620838,pobre,0,3,625.0,678.0,1.0,33.0,10,446,30825,3,1.0
97,1.0,1.0,2.3529999,1.0,1.0,8,130.9699916805379,192.799208620838,pobre,0,3,625.0,678.0,1.0,33.0,7,446,30826,1,1.0
98,1.0,1.0,2.3529999,1.0,2.0,8,130.9699916805379,192.799208620838,pobre,0,3,625.0,678.0,1.0,33.0,8,446,30826,1,1.0
97,1.0,1.0,2.3529999,1.0,8.0,8,130.9699916805379,192.799208620838,pobre,0,4,500.0,542.0,1.0,39.0,16,446,30827,8,1.0
98,1.0,1.0,2.3529999,,,8,130.9699916805379,192.799208620838,pobre,0,4,500.0,542.0,1.0,39.0,17,446,30827,8,1.0
97,1.0,1.0,2.3529999,1.0,3.0,8,130.9699916805379,192.799208620838,pobre,0,4,500.0,542.0,1.0,39.0,12,446,30828,3,1.0
98,1.0,1.0,2.3529999,1.0,3.0,8,130.9699916805379,192.799208620838,pobre,0,4,500.0,542.0,1.0,39.0,13,446,30828,3,1.0
97,0.0,1.0,2.3529999,1.0,5.0,8,130.9699916805379,192.799208620838,pobre,0,4,500.0,542.0,1.0,39.0,10,446,30829,5,1.0
98,0.0,1.0,2.3529999,1.0,6.0,8,130.9699916805379,192.799208620838,pobre,0,4,500.0,542.0,1.0,39.0,11,446,30829,5,1.0
97,0.0,1.0,2.3529999,1.0,1.0,8,130.9699916805379,192.799208620838,pobre,0,4,500.0,542.0,1.0,39.0,8,446,30830,1,1.0
98,0.0,1.0,2.3529999,1.0,1.0,8,130.9699916805379,192.799208620838,pobre,0,4,500.0,542.0,1.0,39.0,9,446,30830,1,1.0
97,0.0,1.0,2.3529999,1.0,0.0,8,130.9699916805379,192.799208620838,pobre,0,4,500.0,542.0,1.0,39.0,6,446,30831,0,1.0
98,0.0,1.0,2.3529999,1.0,0.0,8,130.9699916805379,192.799208620838,pobre,0,4,500.0,542.0,1.0,39.0,7,446,30831,0,1.0
97,1.0,1.0,2.3529999,1.0,8.0,6,130.9699916805379,192.799208620838,pobre,0,0,0.0,660.0,1.0,37.0,16,446,30832,8,1.0
98,1.0,1.0,2.3529999,,,6,130.9699916805379,192.799208620838,pobre,0,0,0.0,660.0,1.0,37.0,17,446,30832,8,1.0
97,1.0,1.0,2.3529999,1.0,5.0,6,130.9699916805379,192.799208620838,pobre,0,0,0.0,660.0,1.0,37.0,12,446,30833,5,1.0
98,1.0,1.0,2.3529999,1.0,6.0,6,130.9699916805379,192.799208620838,pobre,0,0,0.0,660.0,1.0,37.0,13,446,30833,5,1.0
97,0.0,1.0,2.3529999,1.0,4.0,6,130.9699916805379,192.799208620838,pobre,0,0,0.0,660.0,1.0,37.0,10,446,30834,4,1.0
98,0.0,1.0,2.3529999,1.0,5.0,6,130.9699916805379,192.799208620838,pobre,0,0,0.0,660.0,1.0,37.0,11,446,30834,4,1.0
97,1.0,1.0,2.3529999,1.0,0.0,6,130.9699916805379,192.799208620838,pobre,0,0,0.0,660.0,1.0,37.0,6,446,30835,0,1.0
98,1.0,1.0,2.3529999,1.0,1.0,6,130.9699916805379,192.799208620838,pobre,0,0,0.0,660.0,1.0,37.0,7,446,30835,0,1.0
97,0.0,1.0,2.3529999,1.0,3.0,3,130.9699916805379,192.799208620838,pobre,0,0,0.0,748.0,0.0,60.0,12,446,30836,3,1.0
98,0.0,1.0,2.3529999,1.0,2.0,3,130.9699916805379,192.799208620838,pobre,0,0,0.0,748.0,0.0,60.0,13,446,30836,3,1.0
97,0.0,1.0,2.3529999,1.0,5.0,5,130.9699916805379,192.799208620838,pobre,0,0,0.0,737.5,1.0,70.0,13,446,30837,5,1.0
98,0.0,1.0,2.3529999,1.0,5.0,5,130.9699916805379,192.799208620838,pobre,0,0,0.0,737.5,1.0,70.0,14,446,30837,5,1.0
97,1.0,1.0,2.3529999,0.0,9.0,5,130.9699916805379,192.799208620838,no pobre,0,9,625.0,793.5,1.0,36.0,16,446,30838,9,0.0
98,1.0,1.0,2.3529999,,,5,130.9699916805379,192.799208620838,no pobre,0,9,625.0,793.5,1.0,36.0,17,446,30838,9,0.0
97,1.0,1.0,2.3529999,1.0,3.0,5,130.9699916805379,192.799208620838,no pobre,0,9,625.0,793.5,1.0,36.0,10,446,30839,3,1.0
98,1.0,1.0,2.3529999,1.0,4.0,5,130.9699916805379,192.799208620838,no pobre,0,9,625.0,793.5,1.0,36.0,11,446,30839,3,1.0
97,0.0,1.0,2.3529999,1.0,2.0,5,130.9699916805379,192.799208620838,no pobre,0,9,625.0,793.5,1.0,36.0,8,446,30840,2,1.0
98,0.0,1.0,2.3529999,1.0,3.0,5,130.9699916805379,192.799208620838,no pobre,0,9,625.0,793.5,1.0,36.0,9,446,30840,2,1.0
97,1.0,1.0,2.3529999,,0.0,9,130.9699916805379,192.799208620838,pobre,0,0,625.0,721.0,1.0,51.0,15,446,30841,0,
98,1.0,1.0,2.3529999,,,9,130.9699916805379,192.799208620838,pobre,0,0,625.0,721.0,1.0,51.0,16,446,30841,0,
97,0.0,1.0,2.3529999,1.0,4.0,9,130.9699916805379,192.799208620838,pobre,0,0,625.0,721.0,1.0,51.0,11,446,30842,4,1.0
98,0.0,1.0,2.3529999,1.0,5.0,9,130.9699916805379,192.799208620838,pobre,0,0,625.0,721.0,1.0,51.0,12,446,30842,4,1.0
97,0.0,1.0,2.3529999,1.0,3.0,9,130.9699916805379,192.799208620838,pobre,0,0,625.0,721.0,1.0,51.0,8,446,30843,3,1.0
98,0.0,1.0,2.3529999,1.0,3.0,9,130.9699916805379,192.799208620838,pobre,0,0,625.0,721.0,1.0,51.0,9,446,30843,3,1.0
97,0.0,1.0,2.3529999,0.0,6.0,9,130.9699916805379,192.799208620838,pobre,0,0,625.0,673.5,1.0,52.0,16,446,30844,6,0.0
98,0.0,1.0,2.3529999,,,9,130.9699916805379,192.799208620838,pobre,0,0,625.0,673.5,1.0,52.0,17,446,30844,6,0.0
97,0.0,1.0,2.3529999,1.0,6.0,9,130.9699916805379,192.799208620838,pobre,0,0,625.0,673.5,1.0,52.0,13,446,30845,6,1.0
98,0.0,1.0,2.3529999,0.0,6.0,9,130.9699916805379,192.799208620838,pobre,0,0,625.0,673.5,1.0,52.0,14,446,30845,6,1.0
97,1.0,1.0,2.3529999,1.0,3.0,9,130.9699916805379,192.799208620838,pobre,0,0,625.0,673.5,1.0,52.0,10,446,30846,3,1.0
98,1.0,1.0,2.3529999,1.0,3.0,9,130.9699916805379,192.799208620838,pobre,0,0,625.0,673.5,1.0,52.0,11,446,30846,3,1.0
97,1.0,1.0,2.3529999,1.0,0.0,9,130.9699916805379,192.799208620838,pobre,0,0,625.0,673.5,1.0,52.0,6,446,30847,0,1.0
98,1.0,1.0,2.3529999,1.0,0.0,9,130.9699916805379,192.799208620838,pobre,0,0,625.0,673.5,1.0,52.0,7,446,30847,0,1.0
97,0.0,1.0,2.3529999,0.0,4.0,2,130.9699916805379,192.799208620838,pobre,0,0,0.0,620.0,0.0,80.0,13,446,30848,4,0.0
98,0.0,1.0,2.3529999,0.0,4.0,2,130.9699916805379,192.799208620838,pobre,0,0,0.0,620.0,0.0,80.0,14,446,30848,4,0.0
97,0.0,1.0,2.3529999,0.0,9.0,8,130.9699916805379,192.799208620838,pobre,0,0,500.0,689.0,1.0,43.0,16,446,30849,9,0.0
98,0.0,1.0,2.3529999,,,8,130.9699916805379,192.799208620838,pobre,0,0,500.0,689.0,1.0,43.0,17,446,30849,9,0.0
97,0.0,1.0,2.3529999,1.0,7.0,8,130.9699916805379,192.799208620838,pobre,0,0,500.0,689.0,1.0,43.0,14,446,30850,7,1.0
98,0.0,1.0,2.3529999,1.0,8.0,8,130.9699916805379,192.799208620838,pobre,0,0,500.0,689.0,1.0,43.0,15,446,30850,7,1.0
97,1.0,1.0,2.3529999,1.0,4.0,8,130.9699916805379,192.799208620838,pobre,0,0,500.0,689.0,1.0,43.0,12,446,30851,4,1.0
98,1.0,1.0,2.3529999,1.0,5.0,8,130.9699916805379,192.799208620838,pobre,0,0,500.0,689.0,1.0,43.0,13,446,30851,4,1.0
97,1.0,1.0,2.3529999,1.0,4.0,8,130.9699916805379,192.799208620838,pobre,0,0,500.0,689.0,1.0,43.0,9,446,30852,4,1.0
98,1.0,1.0,2.3529999,1.0,5.0,8,130.9699916805379,192.799208620838,pobre,0,0,500.0,689.0,1.0,43.0,10,446,30852,4,1.0
97,1.0,1.0,2.3529999,1.0,1.0,8,130.9699916805379,192.799208620838,pobre,0,0,500.0,689.0,1.0,43.0,7,446,30853,1,1.0
98,1.0,1.0,2.3529999,1.0,1.0,8,130.9699916805379,192.799208620838,pobre,0,0,500.0,689.0,1.0,43.0,8,446,30853,1,1.0
97,0.0,0.0,2.3529999,0.0,9.0,9,130.9699916805379,192.799208620838,pobre,0,2,1000.0,500.0,1.0,47.0,14,446,30854,9,0.0
98,0.0,0.0,2.3529999,0.0,9.0,9,130.9699916805379,192.799208620838,pobre,0,2,1000.0,500.0,1.0,47.0,15,446,30854,9,0.0
97,0.0,0.0,2.3529999,1.0,7.0,9,130.9699916805379,192.799208620838,pobre,0,2,1000.0,500.0,1.0,47.0,13,446,30855,7,1.0
98,0.0,0.0,2.3529999,1.0,8.0,9,130.9699916805379,192.799208620838,pobre,0,2,1000.0,500.0,1.0,47.0,14,446,30855,7,1.0
97,1.0,0.0,2.3529999,1.0,5.0,9,130.9699916805379,192.799208620838,pobre,0,2,1000.0,500.0,1.0,47.0,11,446,30856,5,1.0
98,1.0,0.0,2.3529999,1.0,6.0,9,130.9699916805379,192.799208620838,pobre,0,2,1000.0,500.0,1.0,47.0,12,446,30856,5,1.0
97,1.0,0.0,2.3529999,1.0,2.0,9,130.9699916805379,192.799208620838,pobre,0,2,1000.0,500.0,1.0,47.0,9,446,30857,2,1.0
98,1.0,0.0,2.3529999,1.0,3.0,9,130.9699916805379,192.799208620838,pobre,0,2,1000.0,500.0,1.0,47.0,10,446,30857,2,1.0
97,1.0,0.0,2.3529999,1.0,0.0,9,130.9699916805379,192.799208620838,pobre,0,2,1000.0,500.0,1.0,47.0,6,446,30858,0,1.0
98,1.0,0.0,2.3529999,1.0,1.0,9,130.9699916805379,192.799208620838,pobre,0,2,1000.0,500.0,1.0,47.0,7,446,30858,0,1.0
97,1.0,1.0,2.3529999,0.0,6.0,8,130.9699916805379,192.799208620838,pobre,0,0,625.0,598.0,1.0,34.0,15,446,30859,6,0.0
98,1.0,1.0,2.3529999,0.0,6.0,8,130.9699916805379,192.799208620838,pobre,0,0,625.0,598.0,1.0,34.0,16,446,30859,6,0.0
97,0.0,1.0,2.3529999,1.0,6.0,8,130.9699916805379,192.799208620838,pobre,0,0,625.0,598.0,1.0,34.0,13,446,30860,6,1.0
98,0.0,1.0,2.3529999,0.0,6.0,8,130.9699916805379,192.799208620838,pobre,0,0,625.0,598.0,1.0,34.0,14,446,30860,6,1.0
97,1.0,1.0,2.3529999,1.0,6.0,8,130.9699916805379,192.799208620838,pobre,0,0,625.0,598.0,1.0,34.0,11,446,30861,6,1.0
98,1.0,1.0,2.3529999,0.0,6.0,8,130.9699916805379,192.799208620838,pobre,0,0,625.0,598.0,1.0,34.0,12,446,30861,6,1.0
97,0.0,1.0,2.3529999,1.0,2.0,8,130.9699916805379,192.799208620838,pobre,0,0,625.0,598.0,1.0,34.0,7,446,30862,2,1.0
98,0.0,1.0,2.3529999,1.0,3.0,8,130.9699916805379,192.799208620838,pobre,0,0,625.0,598.0,1.0,34.0,8,446,30862,2,1.0
97,1.0,1.0,2.3529999,1.0,0.0,8,130.9699916805379,192.799208620838,pobre,0,0,625.0,598.0,1.0,34.0,6,446,30863,0,1.0
98,1.0,1.0,2.3529999,1.0,0.0,8,130.9699916805379,192.799208620838,pobre,0,0,625.0,598.0,1.0,34.0,7,446,30863,0,1.0
97,0.0,1.0,2.3529999,1.0,5.0,8,130.9699916805379,192.799208620838,pobre,0,0,875.0,558.0,1.0,40.0,15,446,30864,5,1.0
98,0.0,1.0,2.3529999,,,8,130.9699916805379,192.799208620838,pobre,0,0,875.0,558.0,1.0,40.0,16,446,30864,5,1.0
97,0.0,1.0,2.3529999,1.0,4.0,8,130.9699916805379,192.799208620838,pobre,0,0,875.0,558.0,1.0,40.0,11,446,30865,4,1.0
98,0.0,1.0,2.3529999,,,8,130.9699916805379,192.799208620838,pobre,0,0,875.0,558.0,1.0,40.0,12,446,30865,4,1.0
97,1.0,1.0,2.3529999,1.0,3.0,8,130.9699916805379,192.799208620838,pobre,0,0,875.0,558.0,1.0,40.0,13,446,30866,3,1.0
98,1.0,1.0,2.3529999,,,8,130.9699916805379,192.799208620838,pobre,0,0,875.0,558.0,1.0,40.0,14,446,30866,3,1.0
97,1.0,1.0,2.3529999,1.0,2.0,8,130.9699916805379,192.799208620838,pobre,0,0,875.0,558.0,1.0,40.0,9,446,30867,2,1.0
98,1.0,1.0,2.3529999,,,8,130.9699916805379,192.799208620838,pobre,0,0,875.0,558.0,1.0,40.0,10,446,30867,2,1.0
97,1.0,1.0,2.3529999,0.0,6.0,7,130.9699916805379,192.799208620838,pobre,0,2,750.0,649.0,1.0,29.0,12,446,30868,6,0.0
98,1.0,1.0,2.3529999,,,7,130.9699916805379,192.799208620838,pobre,0,2,750.0,649.0,1.0,29.0,13,446,30868,6,0.0
97,1.0,1.0,2.3529999,1.0,4.0,7,130.9699916805379,192.799208620838,pobre,0,2,750.0,649.0,1.0,29.0,11,446,30869,4,1.0
98,1.0,1.0,2.3529999,,,7,130.9699916805379,192.799208620838,pobre,0,2,750.0,649.0,1.0,29.0,12,446,30869,4,1.0
97,0.0,1.0,2.3529999,1.0,2.0,7,130.9699916805379,192.799208620838,pobre,0,2,750.0,649.0,1.0,29.0,9,446,30870,2,1.0
98,0.0,1.0,2.3529999,,,7,130.9699916805379,192.799208620838,pobre,0,2,750.0,649.0,1.0,29.0,10,446,30870,2,1.0
97,1.0,1.0,2.3529999,1.0,1.0,7,130.9699916805379,192.799208620838,pobre,0,2,750.0,649.0,1.0,29.0,7,446,30871,1,1.0
98,1.0,1.0,2.3529999,,,7,130.9699916805379,192.799208620838,pobre,0,2,750.0,649.0,1.0,29.0,8,446,30871,1,1.0
97,1.0,1.0,2.3529999,1.0,10.0,7,130.9699916805379,192.799208620838,pobre,0,3,480.0,623.0,1.0,43.0,16,446,30872,10,1.0
98,1.0,1.0,2.3529999,,,7,130.9699916805379,192.799208620838,pobre,0,3,480.0,623.0,1.0,43.0,17,446,30872,10,1.0
97,0.0,1.0,2.3529999,1.0,6.0,7,130.9699916805379,192.799208620838,pobre,0,3,480.0,623.0,1.0,43.0,15,446,30873,6,1.0
98,0.0,1.0,2.3529999,0.0,6.0,7,130.9699916805379,192.799208620838,pobre,0,3,480.0,623.0,1.0,43.0,16,446,30873,6,1.0
97,0.0,1.0,2.3529999,1.0,4.0,7,130.9699916805379,192.799208620838,pobre,0,3,480.0,623.0,1.0,43.0,9,446,30874,4,1.0
98,0.0,1.0,2.3529999,1.0,5.0,7,130.9699916805379,192.799208620838,pobre,0,3,480.0,623.0,1.0,43.0,10,446,30874,4,1.0
97,0.0,1.0,2.3529999,1.0,2.0,7,130.9699916805379,192.799208620838,pobre,0,3,480.0,623.0,1.0,43.0,8,446,30875,2,1.0
98,0.0,1.0,2.3529999,1.0,3.0,7,130.9699916805379,192.799208620838,pobre,0,3,480.0,623.0,1.0,43.0,9,446,30875,2,1.0
97,0.0,1.0,2.3529999,1.0,3.0,4,130.9699916805379,192.799208620838,pobre,0,0,625.0,698.0,1.0,30.0,8,446,30876,3,1.0
98,0.0,1.0,2.3529999,1.0,4.0,4,130.9699916805379,192.799208620838,pobre,0,0,625.0,698.0,1.0,30.0,9,446,30876,3,1.0
97,1.0,1.0,2.3529999,1.0,1.0,4,130.9699916805379,192.799208620838,pobre,0,0,625.0,698.0,1.0,30.0,7,446,30877,1,1.0
98,1.0,1.0,2.3529999,1.0,1.0,4,130.9699916805379,192.799208620838,pobre,0,0,625.0,698.0,1.0,30.0,8,446,30877,1,1.0
97,0.0,1.0,2.3529999,0.0,6.0,8,130.9699916805379,192.799208620838,pobre,0,0,625.0,613.0,1.0,38.0,15,446,30878,6,0.0
98,0.0,1.0,2.3529999,,,8,130.9699916805379,192.799208620838,pobre,0,0,625.0,613.0,1.0,38.0,16,446,30878,6,0.0
97,1.0,1.0,2.3529999,0.0,3.0,8,130.9699916805379,192.799208620838,pobre,0,0,625.0,613.0,1.0,38.0,15,446,30879,3,0.0
98,1.0,1.0,2.3529999,,,8,130.9699916805379,192.799208620838,pobre,0,0,625.0,613.0,1.0,38.0,16,446,30879,3,0.0
97,0.0,1.0,2.3529999,0.0,3.0,8,130.9699916805379,192.799208620838,pobre,0,0,625.0,613.0,1.0,38.0,13,446,30880,3,0.0
98,0.0,1.0,2.3529999,1.0,3.0,8,130.9699916805379,192.799208620838,pobre,0,0,625.0,613.0,1.0,38.0,14,446,30880,3,0.0
97,0.0,1.0,2.3529999,1.0,7.0,8,130.9699916805379,192.799208620838,pobre,0,0,750.0,650.0,1.0,37.0,16,446,30881,7,1.0
98,0.0,1.0,2.3529999,1.0,8.0,8,130.9699916805379,192.799208620838,pobre,0,0,750.0,650.0,1.0,37.0,17,446,30881,7,1.0
97,0.0,1.0,2.3529999,0.0,2.0,8,130.9699916805379,192.799208620838,pobre,0,0,750.0,650.0,1.0,37.0,11,446,30882,2,0.0
98,0.0,1.0,2.3529999,1.0,2.0,8,130.9699916805379,192.799208620838,pobre,0,0,750.0,650.0,1.0,37.0,12,446,30882,2,0.0
97,0.0,1.0,2.3529999,1.0,1.0,8,130.9699916805379,192.799208620838,pobre,0,0,750.0,650.0,1.0,37.0,8,446,30883,1,1.0
98,0.0,1.0,2.3529999,0.0,2.0,8,130.9699916805379,192.799208620838,pobre,0,0,750.0,650.0,1.0,37.0,9,446,30883,1,1.0
97,0.0,0.0,2.3529999,1.0,7.0,5,130.9699916805379,192.799208620838,pobre,0,6,0.0,698.0,1.0,53.0,13,446,30884,7,1.0
98,0.0,0.0,2.3529999,1.0,8.0,5,130.9699916805379,192.799208620838,pobre,0,6,0.0,698.0,1.0,53.0,14,446,30884,7,1.0
97,1.0,0.0,2.3529999,1.0,2.0,5,130.9699916805379,192.799208620838,pobre,0,6,0.0,698.0,1.0,53.0,8,446,30885,2,1.0
98,1.0,0.0,2.3529999,1.0,3.0,5,130.9699916805379,192.799208620838,pobre,0,6,0.0,698.0,1.0,53.0,9,446,30885,2,1.0
97,1.0,1.0,2.3529999,1.0,2.0,5,130.9699916805379,192.799208620838,pobre,0,0,500.0,757.66998,1.0,56.0,6,446,30886,2,1.0
98,1.0,1.0,2.3529999,1.0,3.0,5,130.9699916805379,192.799208620838,pobre,0,0,500.0,757.66998,1.0,56.0,7,446,30886,2,1.0
97,1.0,1.0,2.3529999,1.0,3.0,5,130.9699916805379,192.799208620838,pobre,0,0,800.0,622.0,1.0,34.0,11,446,30887,3,1.0
98,1.0,1.0,2.3529999,1.0,4.0,5,130.9699916805379,192.799208620838,pobre,0,0,800.0,622.0,1.0,34.0,12,446,30887,3,1.0
97,0.0,1.0,2.3529999,1.0,1.0,5,130.9699916805379,192.799208620838,pobre,0,0,800.0,622.0,1.0,34.0,6,446,30888,1,1.0
98,0.0,1.0,2.3529999,1.0,2.0,5,130.9699916805379,192.799208620838,pobre,0,0,800.0,622.0,1.0,34.0,7,446,30888,1,1.0
97,1.0,1.0,2.3529999,1.0,4.0,5,130.9699916805379,192.799208620838,pobre,0,0,625.0,687.66998,1.0,52.0,15,446,30889,4,1.0
98,1.0,1.0,2.3529999,1.0,5.0,5,130.9699916805379,192.799208620838,pobre,0,0,625.0,687.66998,1.0,52.0,16,446,30889,4,1.0
97,1.0,1.0,2.3529999,1.0,8.0,6,130.9699916805379,192.799208620838,pobre,0,3,7500.0,721.0,1.0,33.0,12,446,30890,8,1.0
98,1.0,1.0,2.3529999,1.0,9.0,6,130.9699916805379,192.799208620838,pobre,0,3,7500.0,721.0,1.0,33.0,13,446,30890,8,1.0
97,0.0,1.0,2.3529999,1.0,4.0,6,130.9699916805379,192.799208620838,pobre,0,3,7500.0,721.0,1.0,33.0,9,446,30891,4,1.0
98,0.0,1.0,2.3529999,1.0,5.0,6,130.9699916805379,192.799208620838,pobre,0,3,7500.0,721.0,1.0,33.0,10,446,30891,4,1.0
97,1.0,1.0,2.3529999,1.0,1.0,6,130.9699916805379,192.799208620838,pobre,0,3,7500.0,721.0,1.0,33.0,7,446,30892,1,1.0
98,1.0,1.0,2.3529999,1.0,2.0,6,130.9699916805379,192.799208620838,pobre,0,3,7500.0,721.0,1.0,33.0,8,446,30892,1,1.0
97,0.0,1.0,0.0,,0.0,7,163.841865005557,163.841865005557,pobre,basal,0,0.0,671.5,1.0,35.0,16,4,30893,0,
98,0.0,1.0,0.0,0.0,4.0,7,163.841865005557,163.841865005557,pobre,basal,0,0.0,671.5,1.0,35.0,17,4,30893,0,
97,0.0,1.0,0.0,1.0,4.0,7,163.841865005557,163.841865005557,pobre,basal,0,0.0,671.5,1.0,35.0,13,4,30894,4,1.0
98,0.0,1.0,0.0,1.0,4.0,7,163.841865005557,163.841865005557,pobre,basal,0,0.0,671.5,1.0,35.0,14,4,30894,4,1.0
97,0.0,1.0,0.0,1.0,4.0,7,163.841865005557,163.841865005557,pobre,basal,0,0.0,671.5,1.0,35.0,11,4,30895,4,1.0
98,0.0,1.0,0.0,1.0,5.0,7,163.841865005557,163.841865005557,pobre,basal,0,0.0,671.5,1.0,35.0,12,4,30895,4,1.0
97,1.0,1.0,0.0,1.0,2.0,7,163.841865005557,163.841865005557,pobre,basal,0,0.0,671.5,1.0,35.0,9,4,30896,2,1.0
98,1.0,1.0,0.0,1.0,3.0,7,163.841865005557,163.841865005557,pobre,basal,0,0.0,671.5,1.0,35.0,10,4,30896,2,1.0
97,1.0,1.0,0.0,1.0,8.0,7,163.841865005557,163.841865005557,no pobre,basal,3,0.0,766.33002,1.0,46.0,16,4,30897,8,1.0
98,1.0,1.0,0.0,0.0,9.0,7,163.841865005557,163.841865005557,no pobre,basal,3,0.0,766.33002,1.0,46.0,17,4,30897,8,1.0
97,1.0,1.0,0.0,1.0,2.0,7,163.841865005557,163.841865005557,no pobre,basal,3,0.0,766.33002,1.0,46.0,13,4,30898,2,1.0
98,1.0,1.0,0.0,1.0,3.0,7,163.841865005557,163.841865005557,no pobre,basal,3,0.0,766.33002,1.0,46.0,14,4,30898,2,1.0
97,0.0,1.0,0.0,1.0,2.0,7,163.841865005557,163.841865005557,no pobre,basal,3,0.0,766.33002,1.0,46.0,9,4,30899,2,1.0
98,0.0,1.0,0.0,,,7,163.841865005557,163.841865005557,no pobre,basal,3,0.0,766.33002,1.0,46.0,10,4,30899,2,1.0
97,0.0,1.0,0.0,1.0,4.0,7,163.841865005557,163.841865005557,pobre,basal,0,0.0,619.0,1.0,30.0,11,4,30900,4,1.0
98,0.0,1.0,0.0,1.0,5.0,7,163.841865005557,163.841865005557,pobre,basal,0,0.0,619.0,1.0,30.0,12,4,30900,4,1.0
97,0.0,1.0,0.0,1.0,1.0,7,163.841865005557,163.841865005557,pobre,basal,0,0.0,619.0,1.0,30.0,8,4,30901,1,1.0
98,0.0,1.0,0.0,1.0,1.0,7,163.841865005557,163.841865005557,pobre,basal,0,0.0,619.0,1.0,30.0,9,4,30901,1,1.0
97,1.0,1.0,0.0,,0.0,7,163.841865005557,163.841865005557,pobre,basal,0,0.0,619.0,1.0,30.0,6,4,30902,0,
98,1.0,1.0,0.0,1.0,0.0,7,163.841865005557,163.841865005557,pobre,basal,0,0.0,619.0,1.0,30.0,7,4,30902,0,
97,0.0,1.0,0.0,1.0,2.0,6,163.841865005557,163.841865005557,pobre,basal,6,0.0,710.0,1.0,25.0,9,4,30903,2,1.0
98,0.0,1.0,0.0,1.0,2.0,6,163.841865005557,163.841865005557,pobre,basal,6,0.0,710.0,1.0,25.0,10,4,30903,2,1.0
97,0.0,1.0,0.0,1.0,1.0,6,163.841865005557,163.841865005557,pobre,basal,6,0.0,710.0,1.0,25.0,8,4,30904,1,1.0
98,0.0,1.0,0.0,1.0,1.0,6,163.841865005557,163.841865005557,pobre,basal,6,0.0,710.0,1.0,25.0,9,4,30904,1,1.0
97,1.0,1.0,0.0,1.0,3.0,7,163.841865005557,163.841865005557,pobre,basal,0,0.0,690.5,1.0,24.0,11,4,30905,3,1.0
98,1.0,1.0,0.0,1.0,2.0,7,163.841865005557,163.841865005557,pobre,basal,0,0.0,690.5,1.0,24.0,12,4,30905,3,1.0
97,0.0,1.0,0.0,1.0,5.0,10,163.841865005557,163.841865005557,pobre,basal,4,0.0,585.0,1.0,56.0,11,4,30906,5,1.0
98,0.0,1.0,0.0,1.0,5.0,10,163.841865005557,163.841865005557,pobre,basal,4,0.0,585.0,1.0,56.0,12,4,30906,5,1.0
97,0.0,0.0,0.0,1.0,6.0,10,163.841865005557,163.841865005557,pobre,basal,4,0.0,585.0,1.0,56.0,12,4,30907,6,1.0
98,0.0,0.0,0.0,1.0,7.0,10,163.841865005557,163.841865005557,pobre,basal,4,0.0,585.0,1.0,56.0,13,4,30907,6,1.0
97,1.0,0.0,0.0,1.0,3.0,10,163.841865005557,163.841865005557,pobre,basal,4,0.0,585.0,1.0,56.0,9,4,30908,3,1.0
98,1.0,0.0,0.0,1.0,3.0,10,163.841865005557,163.841865005557,pobre,basal,4,0.0,585.0,1.0,56.0,10,4,30908,3,1.0
97,1.0,0.0,0.0,1.0,0.0,10,163.841865005557,163.841865005557,pobre,basal,4,0.0,585.0,1.0,56.0,6,4,30909,0,1.0
98,1.0,0.0,0.0,1.0,1.0,10,163.841865005557,163.841865005557,pobre,basal,4,0.0,585.0,1.0,56.0,7,4,30909,0,1.0
97,0.0,1.0,0.0,1.0,4.0,4,163.841865005557,163.841865005557,no pobre,basal,0,0.0,814.0,0.0,70.0,12,4,30910,4,1.0
98,0.0,1.0,0.0,1.0,5.0,4,163.841865005557,163.841865005557,no pobre,basal,0,0.0,814.0,0.0,70.0,13,4,30910,4,1.0
97,1.0,1.0,0.0,1.0,2.0,4,163.841865005557,163.841865005557,no pobre,basal,0,0.0,814.0,0.0,70.0,7,4,30911,2,1.0
98,1.0,1.0,0.0,1.0,3.0,4,163.841865005557,163.841865005557,no pobre,basal,0,0.0,814.0,0.0,70.0,8,4,30911,2,1.0
97,1.0,1.0,0.0,1.0,7.0,3,163.841865005557,163.841865005557,pobre,basal,0,150.0,769.0,0.0,59.0,15,4,30912,7,1.0
98,1.0,1.0,0.0,,,3,163.841865005557,163.841865005557,pobre,basal,0,150.0,769.0,0.0,59.0,16,4,30912,7,1.0
97,0.0,1.0,0.0,1.0,5.0,7,163.841865005557,163.841865005557,no pobre,basal,18,3000.0,800.5,1.0,34.0,12,4,30913,5,1.0
98,0.0,1.0,0.0,1.0,5.0,7,163.841865005557,163.841865005557,no pobre,basal,18,3000.0,800.5,1.0,34.0,13,4,30913,5,1.0
97,1.0,1.0,0.0,1.0,2.0,7,163.841865005557,163.841865005557,no pobre,basal,18,3000.0,800.5,1.0,34.0,10,4,30914,2,1.0
98,1.0,1.0,0.0,1.0,3.0,7,163.841865005557,163.841865005557,no pobre,basal,18,3000.0,800.5,1.0,34.0,11,4,30914,2,1.0
97,1.0,1.0,0.0,1.0,3.0,7,163.841865005557,163.841865005557,no pobre,basal,18,3000.0,800.5,1.0,34.0,9,4,30915,3,1.0
98,1.0,1.0,0.0,1.0,3.0,7,163.841865005557,163.841865005557,no pobre,basal,18,3000.0,800.5,1.0,34.0,10,4,30915,3,1.0
97,0.0,1.0,0.0,1.0,1.0,7,163.841865005557,163.841865005557,no pobre,basal,18,3000.0,800.5,1.0,34.0,6,4,30916,1,1.0
98,0.0,1.0,0.0,1.0,1.0,7,163.841865005557,163.841865005557,no pobre,basal,18,3000.0,800.5,1.0,34.0,7,4,30916,1,1.0
97,0.0,1.0,0.0,1.0,6.0,10,163.841865005557,163.841865005557,no pobre,basal,6,2400.0,886.0,1.0,39.0,16,4,30917,6,1.0
98,0.0,1.0,0.0,,,10,163.841865005557,163.841865005557,no pobre,basal,6,2400.0,886.0,1.0,39.0,17,4,30917,6,1.0
97,1.0,1.0,0.0,1.0,6.0,10,163.841865005557,163.841865005557,no pobre,basal,6,2400.0,886.0,1.0,39.0,12,4,30918,6,1.0
98,1.0,1.0,0.0,1.0,7.0,10,163.841865005557,163.841865005557,no pobre,basal,6,2400.0,886.0,1.0,39.0,13,4,30918,6,1.0
97,0.0,1.0,0.0,1.0,3.0,10,163.841865005557,163.841865005557,no pobre,basal,6,2400.0,886.0,1.0,39.0,10,4,30919,3,1.0
98,0.0,1.0,0.0,1.0,4.0,10,163.841865005557,163.841865005557,no pobre,basal,6,2400.0,886.0,1.0,39.0,11,4,30919,3,1.0
97,1.0,1.0,0.0,1.0,1.0,10,163.841865005557,163.841865005557,no pobre,basal,6,2400.0,886.0,1.0,39.0,8,4,30920,1,1.0
98,1.0,1.0,0.0,1.0,2.0,10,163.841865005557,163.841865005557,no pobre,basal,6,2400.0,886.0,1.0,39.0,9,4,30920,1,1.0
97,0.0,1.0,0.0,,0.0,10,163.841865005557,163.841865005557,no pobre,basal,6,2400.0,886.0,1.0,39.0,6,4,30921,0,
98,0.0,1.0,0.0,1.0,1.0,10,163.841865005557,163.841865005557,no pobre,basal,6,2400.0,886.0,1.0,39.0,7,4,30921,0,
97,0.0,1.0,0.0,1.0,1.0,6,163.841865005557,163.841865005557,no pobre,basal,9,2960.0,773.0,1.0,31.0,7,4,30922,1,1.0
98,0.0,1.0,0.0,1.0,1.0,6,163.841865005557,163.841865005557,no pobre,basal,9,2960.0,773.0,1.0,31.0,8,4,30922,1,1.0
97,0.0,1.0,0.0,1.0,1.0,6,163.841865005557,163.841865005557,no pobre,basal,9,2960.0,773.0,1.0,31.0,7,4,30923,1,1.0
98,0.0,1.0,0.0,1.0,1.0,6,163.841865005557,163.841865005557,no pobre,basal,9,2960.0,773.0,1.0,31.0,8,4,30923,1,1.0
97,1.0,1.0,0.0,1.0,0.0,6,163.841865005557,163.841865005557,no pobre,basal,9,2960.0,773.0,1.0,31.0,6,4,30924,0,1.0
98,1.0,1.0,0.0,,,6,163.841865005557,163.841865005557,no pobre,basal,9,2960.0,773.0,1.0,31.0,7,4,30924,0,1.0
97,0.0,0.0,3.049,0.0,6.0,6,122.9597008160577,122.9886372091908,pobre,basal,2,500.0,505.0,1.0,48.0,15,394,30925,6,0.0
98,0.0,0.0,3.049,0.0,6.0,6,122.9597008160577,122.9886372091908,pobre,basal,2,500.0,505.0,1.0,48.0,16,394,30925,6,0.0
97,1.0,0.0,3.049,1.0,3.0,6,122.9597008160577,122.9886372091908,pobre,basal,2,500.0,505.0,1.0,48.0,13,394,30926,3,1.0
98,1.0,0.0,3.049,1.0,4.0,6,122.9597008160577,122.9886372091908,pobre,basal,2,500.0,505.0,1.0,48.0,14,394,30926,3,1.0
97,0.0,0.0,3.049,1.0,4.0,6,122.9597008160577,122.9886372091908,pobre,basal,2,500.0,505.0,1.0,48.0,11,394,30927,4,1.0
98,0.0,0.0,3.049,1.0,4.0,6,122.9597008160577,122.9886372091908,pobre,basal,2,500.0,505.0,1.0,48.0,12,394,30927,4,1.0
97,1.0,0.0,3.049,1.0,1.0,6,122.9597008160577,122.9886372091908,pobre,basal,2,500.0,505.0,1.0,48.0,8,394,30928,1,1.0
98,1.0,0.0,3.049,1.0,2.0,6,122.9597008160577,122.9886372091908,pobre,basal,2,500.0,505.0,1.0,48.0,9,394,30928,1,1.0
97,1.0,0.0,3.049,1.0,8.0,7,122.9597008160577,122.9886372091908,pobre,basal,6,500.0,667.0,1.0,43.0,14,394,30929,8,1.0
98,1.0,0.0,3.049,0.0,8.0,7,122.9597008160577,122.9886372091908,pobre,basal,6,500.0,667.0,1.0,43.0,15,394,30929,8,1.0
97,1.0,0.0,3.049,1.0,5.0,7,122.9597008160577,122.9886372091908,pobre,basal,6,500.0,667.0,1.0,43.0,13,394,30930,5,1.0
98,1.0,0.0,3.049,1.0,5.0,7,122.9597008160577,122.9886372091908,pobre,basal,6,500.0,667.0,1.0,43.0,14,394,30930,5,1.0
97,0.0,0.0,3.049,1.0,5.0,7,122.9597008160577,122.9886372091908,pobre,basal,6,500.0,667.0,1.0,43.0,11,394,30931,5,1.0
98,0.0,0.0,3.049,1.0,5.0,7,122.9597008160577,122.9886372091908,pobre,basal,6,500.0,667.0,1.0,43.0,12,394,30931,5,1.0
97,1.0,0.0,3.049,1.0,3.0,7,122.9597008160577,122.9886372091908,pobre,basal,6,500.0,667.0,1.0,43.0,9,394,30932,3,1.0
98,1.0,0.0,3.049,1.0,3.0,7,122.9597008160577,122.9886372091908,pobre,basal,6,500.0,667.0,1.0,43.0,10,394,30932,3,1.0
97,1.0,0.0,3.049,0.0,6.0,8,122.9597008160577,122.9886372091908,pobre,basal,2,500.0,556.0,1.0,39.0,14,394,30933,6,0.0
98,1.0,0.0,3.049,0.0,6.0,8,122.9597008160577,122.9886372091908,pobre,basal,2,500.0,556.0,1.0,39.0,15,394,30933,6,0.0
97,0.0,0.0,3.049,1.0,5.0,8,122.9597008160577,122.9886372091908,pobre,basal,2,500.0,556.0,1.0,39.0,11,394,30934,5,1.0
98,0.0,0.0,3.049,1.0,5.0,8,122.9597008160577,122.9886372091908,pobre,basal,2,500.0,556.0,1.0,39.0,12,394,30934,5,1.0
97,0.0,0.0,3.049,1.0,3.0,8,122.9597008160577,122.9886372091908,pobre,basal,2,500.0,556.0,1.0,39.0,10,394,30935,3,1.0
98,0.0,0.0,3.049,1.0,4.0,8,122.9597008160577,122.9886372091908,pobre,basal,2,500.0,556.0,1.0,39.0,11,394,30935,3,1.0
97,0.0,0.0,3.049,1.0,2.0,8,122.9597008160577,122.9886372091908,pobre,basal,2,500.0,556.0,1.0,39.0,7,394,30936,2,1.0
98,0.0,0.0,3.049,1.0,3.0,8,122.9597008160577,122.9886372091908,pobre,basal,2,500.0,556.0,1.0,39.0,8,394,30936,2,1.0
97,0.0,0.0,3.049,0.0,6.0,4,122.9597008160577,122.9886372091908,pobre,basal,6,500.0,688.0,1.0,98.0,16,394,30937,6,0.0
98,0.0,0.0,3.049,,,4,122.9597008160577,122.9886372091908,pobre,basal,6,500.0,688.0,1.0,98.0,17,394,30937,6,0.0
97,1.0,0.0,3.049,0.0,5.0,6,122.9597008160577,122.9886372091908,pobre,basal,2,600.0,527.5,1.0,61.0,15,394,30938,5,0.0
98,1.0,0.0,3.049,0.0,5.0,6,122.9597008160577,122.9886372091908,pobre,basal,2,600.0,527.5,1.0,61.0,16,394,30938,5,0.0
97,1.0,0.0,3.049,0.0,2.0,6,122.9597008160577,122.9886372091908,pobre,basal,2,600.0,527.5,1.0,61.0,15,394,30939,2,0.0
98,1.0,0.0,3.049,0.0,3.0,6,122.9597008160577,122.9886372091908,pobre,basal,2,600.0,527.5,1.0,61.0,16,394,30939,2,0.0
97,0.0,0.0,3.049,0.0,2.0,6,122.9597008160577,122.9886372091908,pobre,basal,2,600.0,527.5,1.0,61.0,10,394,30940,2,0.0
98,0.0,0.0,3.049,1.0,2.0,6,122.9597008160577,122.9886372091908,pobre,basal,2,600.0,527.5,1.0,61.0,11,394,30940,2,0.0
97,1.0,0.0,3.049,0.0,6.0,8,122.9597008160577,122.9886372091908,pobre,basal,4,500.0,507.0,1.0,42.0,14,394,30941,6,0.0
98,1.0,0.0,3.049,0.0,6.0,8,122.9597008160577,122.9886372091908,pobre,basal,4,500.0,507.0,1.0,42.0,15,394,30941,6,0.0
97,1.0,0.0,3.049,1.0,5.0,8,122.9597008160577,122.9886372091908,pobre,basal,4,500.0,507.0,1.0,42.0,12,394,30942,5,1.0
98,1.0,0.0,3.049,0.0,6.0,8,122.9597008160577,122.9886372091908,pobre,basal,4,500.0,507.0,1.0,42.0,13,394,30942,5,1.0
97,1.0,0.0,3.049,1.0,5.0,8,122.9597008160577,122.9886372091908,pobre,basal,4,500.0,507.0,1.0,42.0,9,394,30943,5,1.0
98,1.0,0.0,3.049,1.0,6.0,8,122.9597008160577,122.9886372091908,pobre,basal,4,500.0,507.0,1.0,42.0,10,394,30943,5,1.0
97,0.0,0.0,3.049,1.0,3.0,8,122.9597008160577,122.9886372091908,pobre,basal,4,500.0,507.0,1.0,42.0,9,394,30944,3,1.0
98,0.0,0.0,3.049,1.0,3.0,8,122.9597008160577,122.9886372091908,pobre,basal,4,500.0,507.0,1.0,42.0,10,394,30944,3,1.0
97,0.0,0.0,3.049,1.0,1.0,5,122.9597008160577,122.9886372091908,pobre,basal,4,625.0,623.0,1.0,24.0,6,394,30945,1,1.0
98,0.0,0.0,3.049,1.0,1.0,5,122.9597008160577,122.9886372091908,pobre,basal,4,625.0,623.0,1.0,24.0,7,394,30945,1,1.0
97,1.0,0.0,3.049,1.0,3.0,3,122.9597008160577,122.9886372091908,pobre,basal,1,500.0,652.0,1.0,54.0,10,394,30946,3,1.0
98,1.0,0.0,3.049,1.0,4.0,3,122.9597008160577,122.9886372091908,pobre,basal,1,500.0,652.0,1.0,54.0,11,394,30946,3,1.0
97,0.0,0.0,3.049,1.0,3.0,6,122.9597008160577,122.9886372091908,pobre,basal,9,625.0,724.0,1.0,27.0,8,394,30947,3,1.0
98,0.0,0.0,3.049,1.0,4.0,6,122.9597008160577,122.9886372091908,pobre,basal,9,625.0,724.0,1.0,27.0,9,394,30947,3,1.0
97,0.0,0.0,3.049,1.0,2.0,6,122.9597008160577,122.9886372091908,pobre,basal,9,625.0,724.0,1.0,27.0,7,394,30948,2,1.0
98,0.0,0.0,3.049,1.0,2.0,6,122.9597008160577,122.9886372091908,pobre,basal,9,625.0,724.0,1.0,27.0,8,394,30948,2,1.0
97,0.0,0.0,3.049,1.0,0.0,6,122.9597008160577,122.9886372091908,pobre,basal,9,625.0,724.0,1.0,27.0,6,394,30949,0,1.0
98,0.0,0.0,3.049,1.0,1.0,6,122.9597008160577,122.9886372091908,pobre,basal,9,625.0,724.0,1.0,27.0,7,394,30949,0,1.0
97,0.0,0.0,3.049,0.0,5.0,6,122.9597008160577,122.9886372091908,pobre,basal,4,500.0,763.0,1.0,37.0,16,394,30950,5,0.0
98,0.0,0.0,3.049,,,6,122.9597008160577,122.9886372091908,pobre,basal,4,500.0,763.0,1.0,37.0,17,394,30950,5,0.0
97,0.0,0.0,3.049,0.0,6.0,6,122.9597008160577,122.9886372091908,pobre,basal,4,500.0,763.0,1.0,37.0,14,394,30951,6,0.0
98,0.0,0.0,3.049,,,6,122.9597008160577,122.9886372091908,pobre,basal,4,500.0,763.0,1.0,37.0,15,394,30951,6,0.0
97,0.0,0.0,3.049,1.0,4.0,6,122.9597008160577,122.9886372091908,pobre,basal,4,500.0,763.0,1.0,37.0,10,394,30952,4,1.0
98,0.0,0.0,3.049,1.0,5.0,6,122.9597008160577,122.9886372091908,pobre,basal,4,500.0,763.0,1.0,37.0,11,394,30952,4,1.0
97,1.0,0.0,3.049,1.0,6.0,6,122.9597008160577,122.9886372091908,pobre,basal,2,625.0,705.0,1.0,31.0,11,394,30953,6,1.0
98,1.0,0.0,3.049,1.0,7.0,6,122.9597008160577,122.9886372091908,pobre,basal,2,625.0,705.0,1.0,31.0,12,394,30953,6,1.0
97,0.0,0.0,3.049,1.0,3.0,6,122.9597008160577,122.9886372091908,pobre,basal,2,625.0,705.0,1.0,31.0,9,394,30954,3,1.0
98,0.0,0.0,3.049,1.0,4.0,6,122.9597008160577,122.9886372091908,pobre,basal,2,625.0,705.0,1.0,31.0,10,394,30954,3,1.0
97,1.0,0.0,3.049,1.0,2.0,6,122.9597008160577,122.9886372091908,pobre,basal,2,625.0,705.0,1.0,31.0,6,394,30955,2,1.0
98,1.0,0.0,3.049,1.0,2.0,6,122.9597008160577,122.9886372091908,pobre,basal,2,625.0,705.0,1.0,31.0,7,394,30955,2,1.0
97,0.0,0.0,3.049,1.0,2.0,8,122.9597008160577,122.9886372091908,pobre,basal,6,625.0,409.0,1.0,32.0,12,394,30956,2,1.0
98,0.0,0.0,3.049,1.0,3.0,8,122.9597008160577,122.9886372091908,pobre,basal,6,625.0,409.0,1.0,32.0,13,394,30956,2,1.0
97,0.0,0.0,3.049,1.0,1.0,8,122.9597008160577,122.9886372091908,pobre,basal,6,625.0,409.0,1.0,32.0,9,394,30957,1,1.0
98,0.0,0.0,3.049,1.0,2.0,8,122.9597008160577,122.9886372091908,pobre,basal,6,625.0,409.0,1.0,32.0,10,394,30957,1,1.0
97,1.0,0.0,3.049,1.0,2.0,8,122.9597008160577,122.9886372091908,pobre,basal,6,625.0,409.0,1.0,32.0,7,394,30958,2,1.0
98,1.0,0.0,3.049,1.0,3.0,8,122.9597008160577,122.9886372091908,pobre,basal,6,625.0,409.0,1.0,32.0,8,394,30958,2,1.0
97,0.0,0.0,3.049,0.0,6.0,5,122.9597008160577,122.9886372091908,pobre,basal,6,625.0,688.0,1.0,48.0,15,394,30959,6,0.0
98,0.0,0.0,3.049,0.0,6.0,5,122.9597008160577,122.9886372091908,pobre,basal,6,625.0,688.0,1.0,48.0,16,394,30959,6,0.0
97,0.0,0.0,3.049,1.0,4.0,5,122.9597008160577,122.9886372091908,pobre,basal,6,625.0,688.0,1.0,48.0,12,394,30960,4,1.0
98,0.0,0.0,3.049,1.0,5.0,5,122.9597008160577,122.9886372091908,pobre,basal,6,625.0,688.0,1.0,48.0,13,394,30960,4,1.0
97,1.0,0.0,3.049,1.0,1.0,5,122.9597008160577,122.9886372091908,pobre,basal,6,625.0,688.0,1.0,48.0,7,394,30961,1,1.0
98,1.0,0.0,3.049,1.0,2.0,5,122.9597008160577,122.9886372091908,pobre,basal,6,625.0,688.0,1.0,48.0,8,394,30961,1,1.0
97,1.0,0.0,3.049,1.0,8.0,6,122.9597008160577,122.9886372091908,no pobre,basal,4,0.0,927.0,1.0,68.0,13,394,30962,8,1.0
98,1.0,0.0,3.049,1.0,9.0,6,122.9597008160577,122.9886372091908,no pobre,basal,4,0.0,927.0,1.0,68.0,14,394,30962,8,1.0
97,0.0,0.0,3.049,1.0,4.0,6,122.9597008160577,122.9886372091908,no pobre,basal,4,0.0,927.0,1.0,68.0,10,394,30963,4,1.0
98,0.0,0.0,3.049,1.0,5.0,6,122.9597008160577,122.9886372091908,no pobre,basal,4,0.0,927.0,1.0,68.0,11,394,30963,4,1.0
97,0.0,0.0,3.049,1.0,1.0,3,122.9597008160577,122.9886372091908,pobre,basal,6,1000.0,837.0,0.0,33.0,7,394,30964,1,1.0
98,0.0,0.0,3.049,1.0,1.0,3,122.9597008160577,122.9886372091908,pobre,basal,6,1000.0,837.0,0.0,33.0,8,394,30964,1,1.0
97,0.0,0.0,3.049,0.0,3.0,5,122.9597008160577,122.9886372091908,pobre,basal,1,500.0,786.0,1.0,35.0,13,394,30965,3,0.0
98,0.0,0.0,3.049,0.0,3.0,5,122.9597008160577,122.9886372091908,pobre,basal,1,500.0,786.0,1.0,35.0,14,394,30965,3,0.0
97,0.0,0.0,3.049,,0.0,5,122.9597008160577,122.9886372091908,pobre,basal,1,500.0,786.0,1.0,35.0,7,394,30966,0,
98,0.0,0.0,3.049,1.0,3.0,5,122.9597008160577,122.9886372091908,pobre,basal,1,500.0,786.0,1.0,35.0,8,394,30966,0,
97,1.0,0.0,3.049,0.0,2.0,8,122.9597008160577,122.9886372091908,pobre,basal,2,200.0,566.76001,1.0,36.0,16,394,30967,2,0.0
98,1.0,0.0,3.049,,,8,122.9597008160577,122.9886372091908,pobre,basal,2,200.0,566.76001,1.0,36.0,17,394,30967,2,0.0
97,1.0,0.0,3.049,1.0,5.0,8,122.9597008160577,122.9886372091908,pobre,basal,2,200.0,566.76001,1.0,36.0,15,394,30968,5,1.0
98,1.0,0.0,3.049,0.0,5.0,8,122.9597008160577,122.9886372091908,pobre,basal,2,200.0,566.76001,1.0,36.0,16,394,30968,5,1.0
97,1.0,0.0,3.049,,0.0,8,122.9597008160577,122.9886372091908,pobre,basal,2,200.0,566.76001,1.0,36.0,12,394,30969,0,
98,1.0,0.0,3.049,1.0,6.0,8,122.9597008160577,122.9886372091908,pobre,basal,2,200.0,566.76001,1.0,36.0,13,394,30969,0,
97,1.0,0.0,3.049,1.0,3.0,8,122.9597008160577,122.9886372091908,pobre,basal,2,200.0,566.76001,1.0,36.0,9,394,30970,3,1.0
98,1.0,0.0,3.049,1.0,3.0,8,122.9597008160577,122.9886372091908,pobre,basal,2,200.0,566.76001,1.0,36.0,10,394,30970,3,1.0
97,1.0,0.0,3.049,1.0,2.0,5,122.9597008160577,122.9886372091908,pobre,basal,6,1250.0,786.64001,1.0,30.0,10,394,30971,2,1.0
98,1.0,0.0,3.049,1.0,,5,122.9597008160577,122.9886372091908,pobre,basal,6,1250.0,786.64001,1.0,30.0,11,394,30971,2,1.0
97,1.0,0.0,3.049,1.0,3.0,5,122.9597008160577,122.9886372091908,pobre,basal,6,1250.0,786.64001,1.0,30.0,7,394,30972,3,1.0
98,1.0,0.0,3.049,1.0,3.0,5,122.9597008160577,122.9886372091908,pobre,basal,6,1250.0,786.64001,1.0,30.0,8,394,30972,3,1.0
97,0.0,0.0,3.049,0.0,6.0,10,122.9597008160577,122.9886372091908,pobre,basal,2,660.0,820.76001,1.0,40.0,15,394,30973,6,0.0
98,0.0,0.0,3.049,0.0,6.0,10,122.9597008160577,122.9886372091908,pobre,basal,2,660.0,820.76001,1.0,40.0,16,394,30973,6,0.0
97,1.0,0.0,3.049,1.0,4.0,10,122.9597008160577,122.9886372091908,pobre,basal,2,660.0,820.76001,1.0,40.0,13,394,30974,4,1.0
98,1.0,0.0,3.049,1.0,5.0,10,122.9597008160577,122.9886372091908,pobre,basal,2,660.0,820.76001,1.0,40.0,14,394,30974,4,1.0
97,0.0,0.0,3.049,1.0,3.0,10,122.9597008160577,122.9886372091908,pobre,basal,2,660.0,820.76001,1.0,40.0,10,394,30975,3,1.0
98,0.0,0.0,3.049,1.0,4.0,10,122.9597008160577,122.9886372091908,pobre,basal,2,660.0,820.76001,1.0,40.0,11,394,30975,3,1.0
97,1.0,0.0,3.049,1.0,1.0,10,122.9597008160577,122.9886372091908,pobre,basal,2,660.0,820.76001,1.0,40.0,7,394,30976,1,1.0
98,1.0,0.0,3.049,1.0,1.0,10,122.9597008160577,122.9886372091908,pobre,basal,2,660.0,820.76001,1.0,40.0,8,394,30976,1,1.0
97,1.0,0.0,2.8110001,1.0,3.0,4,115.1815344929669,138.4113442464217,pobre,basal,0,625.0,660.0,0.0,58.0,10,397,30977,3,1.0
98,1.0,0.0,2.8110001,1.0,4.0,4,115.1815344929669,138.4113442464217,pobre,basal,0,625.0,660.0,0.0,58.0,11,397,30977,3,1.0
97,1.0,0.0,2.8110001,,0.0,10,115.1815344929669,138.4113442464217,pobre,basal,0,0.0,577.33002,0.0,56.0,11,397,30978,0,
98,1.0,0.0,2.8110001,1.0,1.0,10,115.1815344929669,138.4113442464217,pobre,basal,0,0.0,577.33002,0.0,56.0,12,397,30978,0,
97,0.0,0.0,2.8110001,,0.0,10,115.1815344929669,138.4113442464217,pobre,basal,0,0.0,577.33002,0.0,56.0,9,397,30979,0,
98,0.0,0.0,2.8110001,1.0,1.0,10,115.1815344929669,138.4113442464217,pobre,basal,0,0.0,577.33002,0.0,56.0,10,397,30979,0,
97,0.0,0.0,2.8110001,1.0,0.0,6,115.1815344929669,138.4113442464217,pobre,basal,3,500.0,568.0,1.0,25.0,6,397,30980,0,1.0
98,0.0,0.0,2.8110001,1.0,1.0,6,115.1815344929669,138.4113442464217,pobre,basal,3,500.0,568.0,1.0,25.0,7,397,30980,0,1.0
97,1.0,0.0,2.8110001,1.0,5.0,6,115.1815344929669,138.4113442464217,pobre,basal,0,500.0,537.0,1.0,52.0,15,397,30981,5,1.0
98,1.0,0.0,2.8110001,1.0,6.0,6,115.1815344929669,138.4113442464217,pobre,basal,0,500.0,537.0,1.0,52.0,16,397,30981,5,1.0
97,0.0,0.0,2.8110001,1.0,4.0,6,115.1815344929669,138.4113442464217,pobre,basal,0,500.0,537.0,1.0,52.0,13,397,30982,4,1.0
98,0.0,0.0,2.8110001,1.0,5.0,6,115.1815344929669,138.4113442464217,pobre,basal,0,500.0,537.0,1.0,52.0,14,397,30982,4,1.0
97,0.0,0.0,2.8110001,1.0,2.0,6,115.1815344929669,138.4113442464217,pobre,basal,0,500.0,537.0,1.0,52.0,10,397,30983,2,1.0
98,0.0,0.0,2.8110001,1.0,2.0,6,115.1815344929669,138.4113442464217,pobre,basal,0,500.0,537.0,1.0,52.0,11,397,30983,2,1.0
97,0.0,0.0,2.8110001,1.0,3.0,6,115.1815344929669,138.4113442464217,pobre,basal,2,625.0,484.0,1.0,33.0,13,397,30984,3,1.0
98,0.0,0.0,2.8110001,1.0,4.0,6,115.1815344929669,138.4113442464217,pobre,basal,2,625.0,484.0,1.0,33.0,14,397,30984,3,1.0
97,1.0,0.0,2.8110001,0.0,3.0,10,115.1815344929669,138.4113442464217,pobre,basal,0,500.0,561.5,1.0,44.0,15,397,30985,3,0.0
98,1.0,0.0,2.8110001,,,10,115.1815344929669,138.4113442464217,pobre,basal,0,500.0,561.5,1.0,44.0,16,397,30985,3,0.0
97,1.0,0.0,2.8110001,1.0,2.0,10,115.1815344929669,138.4113442464217,pobre,basal,0,500.0,561.5,1.0,44.0,12,397,30986,2,1.0
98,1.0,0.0,2.8110001,1.0,2.0,10,115.1815344929669,138.4113442464217,pobre,basal,0,500.0,561.5,1.0,44.0,13,397,30986,2,1.0
97,0.0,0.0,2.8110001,1.0,1.0,10,115.1815344929669,138.4113442464217,pobre,basal,0,500.0,561.5,1.0,44.0,10,397,30987,1,1.0
98,0.0,0.0,2.8110001,1.0,2.0,10,115.1815344929669,138.4113442464217,pobre,basal,0,500.0,561.5,1.0,44.0,11,397,30987,1,1.0
97,1.0,0.0,2.8110001,1.0,0.0,10,115.1815344929669,138.4113442464217,pobre,basal,0,500.0,561.5,1.0,44.0,6,397,30988,0,1.0
98,1.0,0.0,2.8110001,1.0,1.0,10,115.1815344929669,138.4113442464217,pobre,basal,0,500.0,561.5,1.0,44.0,7,397,30988,0,1.0
97,0.0,0.0,2.8110001,,0.0,8,115.1815344929669,138.4113442464217,pobre,basal,0,625.0,567.0,1.0,50.0,12,397,30989,0,
98,0.0,0.0,2.8110001,1.0,1.0,8,115.1815344929669,138.4113442464217,pobre,basal,0,625.0,567.0,1.0,50.0,13,397,30989,0,
97,0.0,0.0,2.8110001,1.0,5.0,8,115.1815344929669,138.4113442464217,pobre,basal,0,625.0,567.0,1.0,50.0,11,397,30990,5,1.0
98,0.0,0.0,2.8110001,0.0,6.0,8,115.1815344929669,138.4113442464217,pobre,basal,0,625.0,567.0,1.0,50.0,12,397,30990,5,1.0
97,1.0,0.0,2.8110001,1.0,3.0,8,115.1815344929669,138.4113442464217,pobre,basal,0,625.0,567.0,1.0,50.0,8,397,30991,3,1.0
98,1.0,0.0,2.8110001,1.0,3.0,8,115.1815344929669,138.4113442464217,pobre,basal,0,625.0,567.0,1.0,50.0,9,397,30991,3,1.0
97,0.0,0.0,2.8110001,1.0,0.0,8,115.1815344929669,138.4113442464217,pobre,basal,0,625.0,567.0,1.0,50.0,7,397,30992,0,1.0
98,0.0,0.0,2.8110001,1.0,1.0,8,115.1815344929669,138.4113442464217,pobre,basal,0,625.0,567.0,1.0,50.0,8,397,30992,0,1.0
97,1.0,0.0,2.8110001,0.0,5.0,8,115.1815344929669,138.4113442464217,pobre,basal,0,500.0,610.0,1.0,50.0,16,397,30993,5,0.0
98,1.0,0.0,2.8110001,,,8,115.1815344929669,138.4113442464217,pobre,basal,0,500.0,610.0,1.0,50.0,17,397,30993,5,0.0
97,1.0,0.0,2.8110001,0.0,5.0,8,115.1815344929669,138.4113442464217,pobre,basal,0,500.0,610.0,1.0,50.0,14,397,30994,5,0.0
98,1.0,0.0,2.8110001,0.0,6.0,8,115.1815344929669,138.4113442464217,pobre,basal,0,500.0,610.0,1.0,50.0,15,397,30994,5,0.0
97,1.0,0.0,2.8110001,1.0,2.0,8,115.1815344929669,138.4113442464217,pobre,basal,0,500.0,610.0,1.0,50.0,12,397,30995,2,1.0
98,1.0,0.0,2.8110001,1.0,3.0,8,115.1815344929669,138.4113442464217,pobre,basal,0,500.0,610.0,1.0,50.0,13,397,30995,2,1.0
97,1.0,0.0,2.8110001,1.0,2.0,8,115.1815344929669,138.4113442464217,pobre,basal,0,500.0,610.0,1.0,50.0,10,397,30996,2,1.0
98,1.0,0.0,2.8110001,1.0,3.0,8,115.1815344929669,138.4113442464217,pobre,basal,0,500.0,610.0,1.0,50.0,11,397,30996,2,1.0
97,1.0,0.0,2.8110001,1.0,1.0,8,115.1815344929669,138.4113442464217,pobre,basal,0,500.0,610.0,1.0,50.0,7,397,30997,1,1.0
98,1.0,0.0,2.8110001,1.0,2.0,8,115.1815344929669,138.4113442464217,pobre,basal,0,500.0,610.0,1.0,50.0,8,397,30997,1,1.0
97,1.0,0.0,2.8110001,,0.0,4,115.1815344929669,138.4113442464217,pobre,basal,3,0.0,561.0,0.0,41.0,14,397,30998,0,
98,1.0,0.0,2.8110001,,,4,115.1815344929669,138.4113442464217,pobre,basal,3,0.0,561.0,0.0,41.0,15,397,30998,0,
97,0.0,0.0,2.8110001,1.0,4.0,4,115.1815344929669,138.4113442464217,pobre,basal,3,0.0,561.0,0.0,41.0,13,397,30999,4,1.0
98,0.0,0.0,2.8110001,1.0,4.0,4,115.1815344929669,138.4113442464217,pobre,basal,3,0.0,561.0,0.0,41.0,14,397,30999,4,1.0
97,0.0,0.0,2.8110001,0.0,6.0,4,115.1815344929669,138.4113442464217,pobre,basal,4,500.0,577.0,1.0,37.0,15,397,31000,6,0.0
98,0.0,0.0,2.8110001,,,4,115.1815344929669,138.4113442464217,pobre,basal,4,500.0,577.0,1.0,37.0,16,397,31000,6,0.0
97,1.0,0.0,2.8110001,0.0,6.0,4,115.1815344929669,138.4113442464217,pobre,basal,4,500.0,622.0,0.0,40.0,13,397,31001,6,0.0
98,1.0,0.0,2.8110001,0.0,6.0,4,115.1815344929669,138.4113442464217,pobre,basal,4,500.0,622.0,0.0,40.0,14,397,31001,6,0.0
97,1.0,0.0,2.8110001,1.0,3.0,4,115.1815344929669,138.4113442464217,pobre,basal,4,500.0,622.0,0.0,40.0,11,397,31002,3,1.0
98,1.0,0.0,2.8110001,1.0,4.0,4,115.1815344929669,138.4113442464217,pobre,basal,4,500.0,622.0,0.0,40.0,12,397,31002,3,1.0
97,1.0,1.0,11.617,0.0,9.0,6,114.7633923672265,187.1941785942037,no pobre,basal,2,0.0,954.0,1.0,51.0,16,505,31003,9,0.0
98,1.0,1.0,11.617,,,6,114.7633923672265,187.1941785942037,no pobre,basal,2,0.0,954.0,1.0,51.0,17,505,31003,9,0.0
97,0.0,1.0,11.617,0.0,6.0,6,114.7633923672265,187.1941785942037,no pobre,basal,2,0.0,954.0,1.0,51.0,12,505,31004,6,0.0
98,0.0,1.0,11.617,0.0,6.0,6,114.7633923672265,187.1941785942037,no pobre,basal,2,0.0,954.0,1.0,51.0,13,505,31004,6,0.0
97,1.0,1.0,11.617,1.0,1.0,5,114.7633923672265,187.1941785942037,pobre,basal,0,0.0,539.16998,1.0,42.0,12,505,31005,1,1.0
98,1.0,1.0,11.617,1.0,3.0,5,114.7633923672265,187.1941785942037,pobre,basal,0,0.0,539.16998,1.0,42.0,13,505,31005,1,1.0
97,1.0,1.0,11.617,1.0,1.0,5,114.7633923672265,187.1941785942037,pobre,basal,0,0.0,539.16998,1.0,42.0,10,505,31006,1,1.0
98,1.0,1.0,11.617,1.0,2.0,5,114.7633923672265,187.1941785942037,pobre,basal,0,0.0,539.16998,1.0,42.0,11,505,31006,1,1.0
97,0.0,1.0,11.617,1.0,0.0,5,114.7633923672265,187.1941785942037,pobre,basal,0,0.0,539.16998,1.0,42.0,7,505,31007,0,1.0
98,0.0,1.0,11.617,,,5,114.7633923672265,187.1941785942037,pobre,basal,0,0.0,539.16998,1.0,42.0,8,505,31007,0,1.0
97,1.0,1.0,11.617,0.0,6.0,10,114.7633923672265,187.1941785942037,pobre,basal,0,0.0,757.33002,1.0,63.0,15,505,31008,6,0.0
98,1.0,1.0,11.617,0.0,6.0,10,114.7633923672265,187.1941785942037,pobre,basal,0,0.0,757.33002,1.0,63.0,16,505,31008,6,0.0
97,0.0,1.0,11.617,1.0,3.0,10,114.7633923672265,187.1941785942037,pobre,basal,0,0.0,757.33002,1.0,63.0,13,505,31009,3,1.0
98,0.0,1.0,11.617,1.0,4.0,10,114.7633923672265,187.1941785942037,pobre,basal,0,0.0,757.33002,1.0,63.0,14,505,31009,3,1.0
97,1.0,1.0,11.617,1.0,2.0,10,114.7633923672265,187.1941785942037,pobre,basal,0,0.0,757.33002,1.0,63.0,11,505,31010,2,1.0
98,1.0,1.0,11.617,1.0,3.0,10,114.7633923672265,187.1941785942037,pobre,basal,0,0.0,757.33002,1.0,63.0,12,505,31010,2,1.0
97,0.0,1.0,11.617,1.0,1.0,10,114.7633923672265,187.1941785942037,pobre,basal,0,0.0,757.33002,1.0,63.0,9,505,31011,1,1.0
98,0.0,1.0,11.617,1.0,2.0,10,114.7633923672265,187.1941785942037,pobre,basal,0,0.0,757.33002,1.0,63.0,10,505,31011,1,1.0
97,0.0,1.0,11.617,1.0,1.0,10,114.7633923672265,187.1941785942037,pobre,basal,0,0.0,757.33002,1.0,63.0,7,505,31012,1,1.0
98,0.0,1.0,11.617,1.0,2.0,10,114.7633923672265,187.1941785942037,pobre,basal,0,0.0,757.33002,1.0,63.0,8,505,31012,1,1.0
97,1.0,1.0,11.617,0.0,6.0,10,114.7633923672265,187.1941785942037,pobre,basal,0,0.0,757.33002,1.0,63.0,16,505,31013,6,0.0
98,1.0,1.0,11.617,,,10,114.7633923672265,187.1941785942037,pobre,basal,0,0.0,757.33002,1.0,63.0,17,505,31013,6,0.0
97,1.0,1.0,11.617,0.0,6.0,8,114.7633923672265,187.1941785942037,pobre,basal,2,0.0,742.0,1.0,42.0,14,505,31014,6,0.0
98,1.0,1.0,11.617,0.0,6.0,8,114.7633923672265,187.1941785942037,pobre,basal,2,0.0,742.0,1.0,42.0,15,505,31014,6,0.0
97,0.0,1.0,11.617,0.0,6.0,8,114.7633923672265,187.1941785942037,pobre,basal,2,0.0,742.0,1.0,42.0,13,505,31015,6,0.0
98,0.0,1.0,11.617,0.0,6.0,8,114.7633923672265,187.1941785942037,pobre,basal,2,0.0,742.0,1.0,42.0,14,505,31015,6,0.0
97,0.0,1.0,11.617,1.0,2.0,8,114.7633923672265,187.1941785942037,pobre,basal,2,0.0,742.0,1.0,42.0,9,505,31016,2,1.0
98,0.0,1.0,11.617,1.0,3.0,8,114.7633923672265,187.1941785942037,pobre,basal,2,0.0,742.0,1.0,42.0,10,505,31016,2,1.0
97,0.0,1.0,11.617,1.0,1.0,8,114.7633923672265,187.1941785942037,pobre,basal,2,0.0,742.0,1.0,42.0,7,505,31017,1,1.0
98,0.0,1.0,11.617,1.0,2.0,8,114.7633923672265,187.1941785942037,pobre,basal,2,0.0,742.0,1.0,42.0,8,505,31017,1,1.0
97,1.0,1.0,11.617,1.0,0.0,8,114.7633923672265,187.1941785942037,pobre,basal,2,0.0,742.0,1.0,42.0,6,505,31018,0,1.0
98,1.0,1.0,11.617,,,8,114.7633923672265,187.1941785942037,pobre,basal,2,0.0,742.0,1.0,42.0,7,505,31018,0,1.0
97,1.0,1.0,11.617,1.0,6.0,5,114.7633923672265,187.1941785942037,pobre,basal,5,0.0,803.0,1.0,51.0,15,505,31019,6,1.0
98,1.0,1.0,11.617,1.0,7.0,5,114.7633923672265,187.1941785942037,pobre,basal,5,0.0,803.0,1.0,51.0,16,505,31019,6,1.0
97,1.0,1.0,11.617,1.0,3.0,5,114.7633923672265,187.1941785942037,pobre,basal,5,0.0,803.0,1.0,51.0,9,505,31020,3,1.0
98,1.0,1.0,11.617,1.0,4.0,5,114.7633923672265,187.1941785942037,pobre,basal,5,0.0,803.0,1.0,51.0,10,505,31020,3,1.0
97,0.0,1.0,11.617,1.0,5.0,5,114.7633923672265,187.1941785942037,pobre,basal,5,0.0,803.0,1.0,51.0,13,505,31021,5,1.0
98,0.0,1.0,11.617,1.0,6.0,5,114.7633923672265,187.1941785942037,pobre,basal,5,0.0,803.0,1.0,51.0,14,505,31021,5,1.0
97,1.0,1.0,11.617,0.0,6.0,9,114.7633923672265,187.1941785942037,pobre,basal,2,400.0,624.0,0.0,45.0,16,505,31022,6,0.0
98,1.0,1.0,11.617,,,9,114.7633923672265,187.1941785942037,pobre,basal,2,400.0,624.0,0.0,45.0,17,505,31022,6,0.0
97,1.0,1.0,11.617,1.0,5.0,9,114.7633923672265,187.1941785942037,pobre,basal,2,400.0,624.0,0.0,45.0,13,505,31023,5,1.0
98,1.0,1.0,11.617,0.0,6.0,9,114.7633923672265,187.1941785942037,pobre,basal,2,400.0,624.0,0.0,45.0,14,505,31023,5,1.0
97,1.0,1.0,11.617,1.0,3.0,9,114.7633923672265,187.1941785942037,pobre,basal,2,400.0,624.0,0.0,45.0,11,505,31024,3,1.0
98,1.0,1.0,11.617,1.0,3.0,9,114.7633923672265,187.1941785942037,pobre,basal,2,400.0,624.0,0.0,45.0,12,505,31024,3,1.0
97,1.0,1.0,11.617,1.0,3.0,9,114.7633923672265,187.1941785942037,pobre,basal,2,400.0,624.0,0.0,45.0,9,505,31025,3,1.0
98,1.0,1.0,11.617,1.0,4.0,9,114.7633923672265,187.1941785942037,pobre,basal,2,400.0,624.0,0.0,45.0,10,505,31025,3,1.0
97,1.0,1.0,11.617,1.0,1.0,9,114.7633923672265,187.1941785942037,pobre,basal,2,400.0,624.0,0.0,45.0,7,505,31026,1,1.0
98,1.0,1.0,11.617,1.0,2.0,9,114.7633923672265,187.1941785942037,pobre,basal,2,400.0,624.0,0.0,45.0,8,505,31026,1,1.0
97,0.0,1.0,11.617,0.0,3.0,9,114.7633923672265,187.1941785942037,pobre,basal,2,400.0,624.0,0.0,45.0,15,505,31027,3,0.0
98,0.0,1.0,11.617,,,9,114.7633923672265,187.1941785942037,pobre,basal,2,400.0,624.0,0.0,45.0,16,505,31027,3,0.0
97,1.0,1.0,11.617,1.0,6.0,7,114.7633923672265,187.1941785942037,pobre,basal,0,0.0,682.33002,1.0,67.0,14,505,31028,6,1.0
98,1.0,1.0,11.617,1.0,7.0,7,114.7633923672265,187.1941785942037,pobre,basal,0,0.0,682.33002,1.0,67.0,15,505,31028,6,1.0
97,0.0,1.0,11.617,1.0,6.0,7,114.7633923672265,187.1941785942037,pobre,basal,0,0.0,682.33002,1.0,67.0,13,505,31029,6,1.0
98,0.0,1.0,11.617,,,7,114.7633923672265,187.1941785942037,pobre,basal,0,0.0,682.33002,1.0,67.0,14,505,31029,6,1.0
97,1.0,1.0,11.617,0.0,5.0,10,114.7633923672265,187.1941785942037,pobre,basal,0,0.0,609.5,1.0,45.0,15,505,31030,5,0.0
98,1.0,1.0,11.617,0.0,5.0,10,114.7633923672265,187.1941785942037,pobre,basal,0,0.0,609.5,1.0,45.0,16,505,31030,5,0.0
97,1.0,1.0,11.617,1.0,3.0,10,114.7633923672265,187.1941785942037,pobre,basal,0,0.0,609.5,1.0,45.0,12,505,31031,3,1.0
98,1.0,1.0,11.617,1.0,4.0,10,114.7633923672265,187.1941785942037,pobre,basal,0,0.0,609.5,1.0,45.0,13,505,31031,3,1.0
97,1.0,1.0,11.617,1.0,1.0,10,114.7633923672265,187.1941785942037,pobre,basal,0,0.0,609.5,1.0,45.0,9,505,31032,1,1.0
98,1.0,1.0,11.617,1.0,2.0,10,114.7633923672265,187.1941785942037,pobre,basal,0,0.0,609.5,1.0,45.0,10,505,31032,1,1.0
97,0.0,1.0,11.617,1.0,0.0,10,114.7633923672265,187.1941785942037,pobre,basal,0,0.0,609.5,1.0,45.0,6,505,31033,0,1.0
98,0.0,1.0,11.617,1.0,1.0,10,114.7633923672265,187.1941785942037,pobre,basal,0,0.0,609.5,1.0,45.0,7,505,31033,0,1.0
97,1.0,1.0,11.617,1.0,2.0,7,114.7633923672265,187.1941785942037,pobre,basal,3,375.0,433.0,1.0,26.0,8,505,31034,2,1.0
98,1.0,1.0,11.617,1.0,3.0,7,114.7633923672265,187.1941785942037,pobre,basal,3,375.0,433.0,1.0,26.0,9,505,31034,2,1.0
97,0.0,1.0,11.617,1.0,6.0,9,114.7633923672265,187.1941785942037,pobre,basal,3,0.0,375.0,1.0,57.0,11,505,31035,6,1.0
98,0.0,1.0,11.617,1.0,7.0,9,114.7633923672265,187.1941785942037,pobre,basal,3,0.0,375.0,1.0,57.0,12,505,31035,6,1.0
97,0.0,1.0,11.617,1.0,4.0,9,114.7633923672265,187.1941785942037,pobre,basal,3,0.0,375.0,1.0,57.0,11,505,31036,4,1.0
98,0.0,1.0,11.617,1.0,5.0,9,114.7633923672265,187.1941785942037,pobre,basal,3,0.0,375.0,1.0,57.0,12,505,31036,4,1.0
97,0.0,1.0,11.617,0.0,6.0,9,114.7633923672265,187.1941785942037,pobre,basal,3,0.0,375.0,1.0,57.0,13,505,31037,6,0.0
98,0.0,1.0,11.617,1.0,6.0,9,114.7633923672265,187.1941785942037,pobre,basal,3,0.0,375.0,1.0,57.0,14,505,31037,6,0.0
97,1.0,1.0,11.617,1.0,6.0,9,114.7633923672265,187.1941785942037,pobre,basal,5,0.0,370.0,1.0,53.0,15,505,31038,6,1.0
98,1.0,1.0,11.617,1.0,9.0,9,114.7633923672265,187.1941785942037,pobre,basal,5,0.0,370.0,1.0,53.0,16,505,31038,6,1.0
97,0.0,1.0,11.617,1.0,6.0,9,114.7633923672265,187.1941785942037,pobre,basal,5,0.0,370.0,1.0,53.0,13,505,31039,6,1.0
98,0.0,1.0,11.617,1.0,7.0,9,114.7633923672265,187.1941785942037,pobre,basal,5,0.0,370.0,1.0,53.0,14,505,31039,6,1.0
97,0.0,1.0,11.617,1.0,2.0,9,114.7633923672265,187.1941785942037,pobre,basal,5,0.0,370.0,1.0,53.0,8,505,31040,2,1.0
98,0.0,1.0,11.617,1.0,3.0,9,114.7633923672265,187.1941785942037,pobre,basal,5,0.0,370.0,1.0,53.0,9,505,31040,2,1.0
97,1.0,1.0,11.617,1.0,0.0,9,114.7633923672265,187.1941785942037,pobre,basal,5,0.0,370.0,1.0,53.0,6,505,31041,0,1.0
98,1.0,1.0,11.617,1.0,1.0,9,114.7633923672265,187.1941785942037,pobre,basal,5,0.0,370.0,1.0,53.0,7,505,31041,0,1.0
97,0.0,1.0,11.617,1.0,0.0,6,114.7633923672265,187.1941785942037,pobre,basal,1,375.0,481.0,1.0,29.0,7,505,31042,0,1.0
98,0.0,1.0,11.617,1.0,1.0,6,114.7633923672265,187.1941785942037,pobre,basal,1,375.0,481.0,1.0,29.0,8,505,31042,0,1.0
97,0.0,1.0,11.617,1.0,7.0,9,114.7633923672265,187.1941785942037,pobre,basal,0,0.0,376.0,1.0,78.0,15,505,31043,7,1.0
98,0.0,1.0,11.617,1.0,8.0,9,114.7633923672265,187.1941785942037,pobre,basal,0,0.0,376.0,1.0,78.0,16,505,31043,7,1.0
97,0.0,1.0,11.617,1.0,5.0,9,114.7633923672265,187.1941785942037,pobre,basal,0,0.0,376.0,1.0,78.0,11,505,31044,5,1.0
98,0.0,1.0,11.617,0.0,6.0,9,114.7633923672265,187.1941785942037,pobre,basal,0,0.0,376.0,1.0,78.0,12,505,31044,5,1.0
97,0.0,1.0,11.617,1.0,3.0,9,114.7633923672265,187.1941785942037,pobre,basal,0,0.0,376.0,1.0,78.0,9,505,31045,3,1.0
98,0.0,1.0,11.617,1.0,4.0,9,114.7633923672265,187.1941785942037,pobre,basal,0,0.0,376.0,1.0,78.0,10,505,31045,3,1.0
97,0.0,1.0,11.617,1.0,1.0,9,114.7633923672265,187.1941785942037,pobre,basal,0,0.0,376.0,1.0,78.0,7,505,31046,1,1.0
98,0.0,1.0,11.617,1.0,2.0,9,114.7633923672265,187.1941785942037,pobre,basal,0,0.0,376.0,1.0,78.0,8,505,31046,1,1.0
97,0.0,1.0,11.617,1.0,5.0,3,114.7633923672265,187.1941785942037,pobre,basal,0,0.0,609.0,1.0,36.0,12,505,31047,5,1.0
98,0.0,1.0,11.617,,,3,114.7633923672265,187.1941785942037,pobre,basal,0,0.0,609.0,1.0,36.0,13,505,31047,5,1.0
97,0.0,1.0,11.617,1.0,3.0,3,114.7633923672265,187.1941785942037,pobre,basal,0,0.0,609.0,1.0,36.0,12,505,31048,3,1.0
98,0.0,1.0,11.617,,,3,114.7633923672265,187.1941785942037,pobre,basal,0,0.0,609.0,1.0,36.0,13,505,31048,3,1.0
97,1.0,1.0,11.617,1.0,1.0,6,114.7633923672265,187.1941785942037,pobre,basal,4,375.0,498.0,1.0,31.0,9,505,31049,1,1.0
98,1.0,1.0,11.617,1.0,2.0,6,114.7633923672265,187.1941785942037,pobre,basal,4,375.0,498.0,1.0,31.0,10,505,31049,1,1.0
97,1.0,1.0,11.617,1.0,0.0,6,114.7633923672265,187.1941785942037,pobre,basal,4,375.0,498.0,1.0,31.0,6,505,31050,0,1.0
98,1.0,1.0,11.617,1.0,1.0,6,114.7633923672265,187.1941785942037,pobre,basal,4,375.0,498.0,1.0,31.0,7,505,31050,0,1.0
97,0.0,0.0,1.072,1.0,5.0,3,116.9347251940641,123.7225059561605,no pobre,0,6,625.0,945.0,1.0,47.0,10,398,31051,5,1.0
98,0.0,0.0,1.072,1.0,5.0,3,116.9347251940641,123.7225059561605,no pobre,0,6,625.0,945.0,1.0,47.0,11,398,31051,5,1.0
97,0.0,0.0,1.072,0.0,6.0,7,116.9347251940641,123.7225059561605,no pobre,0,2,625.0,775.75,1.0,39.0,14,398,31052,6,0.0
98,0.0,0.0,1.072,1.0,6.0,7,116.9347251940641,123.7225059561605,no pobre,0,2,625.0,775.75,1.0,39.0,15,398,31052,6,0.0
97,0.0,0.0,1.072,1.0,5.0,7,116.9347251940641,123.7225059561605,no pobre,0,2,625.0,775.75,1.0,39.0,12,398,31053,5,1.0
98,0.0,0.0,1.072,1.0,6.0,7,116.9347251940641,123.7225059561605,no pobre,0,2,625.0,775.75,1.0,39.0,13,398,31053,5,1.0
97,0.0,0.0,1.072,1.0,2.0,7,116.9347251940641,123.7225059561605,no pobre,0,2,625.0,775.75,1.0,39.0,9,398,31054,2,1.0
98,0.0,0.0,1.072,1.0,3.0,7,116.9347251940641,123.7225059561605,no pobre,0,2,625.0,775.75,1.0,39.0,10,398,31054,2,1.0
97,0.0,0.0,1.281,1.0,5.0,6,120.2710562706921,121.4659076157466,pobre,basal,3,625.0,710.0,1.0,40.0,13,401,31055,5,1.0
98,0.0,0.0,1.281,,,6,120.2710562706921,121.4659076157466,pobre,basal,3,625.0,710.0,1.0,40.0,14,401,31055,5,1.0
97,0.0,0.0,1.281,1.0,2.0,6,120.2710562706921,121.4659076157466,pobre,basal,3,625.0,710.0,1.0,40.0,11,401,31056,2,1.0
98,0.0,0.0,1.281,,,6,120.2710562706921,121.4659076157466,pobre,basal,3,625.0,710.0,1.0,40.0,12,401,31056,2,1.0
97,0.0,0.0,1.281,1.0,2.0,6,120.2710562706921,121.4659076157466,pobre,basal,3,625.0,710.0,1.0,40.0,8,401,31057,2,1.0
98,0.0,0.0,1.281,,,6,120.2710562706921,121.4659076157466,pobre,basal,3,625.0,710.0,1.0,40.0,9,401,31057,2,1.0
97,1.0,0.0,1.281,,3.0,8,120.2710562706921,121.4659076157466,pobre,basal,0,0.0,727.66998,1.0,69.0,15,401,31058,3,
98,1.0,0.0,1.281,,,8,120.2710562706921,121.4659076157466,pobre,basal,0,0.0,727.66998,1.0,69.0,16,401,31058,3,
97,1.0,0.0,1.281,,0.0,8,120.2710562706921,121.4659076157466,pobre,basal,0,0.0,727.66998,1.0,69.0,11,401,31059,0,
98,1.0,0.0,1.281,,,8,120.2710562706921,121.4659076157466,pobre,basal,0,0.0,727.66998,1.0,69.0,12,401,31059,0,
97,0.0,0.0,1.281,0.0,2.0,8,120.2710562706921,121.4659076157466,pobre,basal,0,0.0,727.66998,1.0,69.0,14,401,31060,2,0.0
98,0.0,0.0,1.281,,,8,120.2710562706921,121.4659076157466,pobre,basal,0,0.0,727.66998,1.0,69.0,15,401,31060,2,0.0
97,0.0,0.0,1.281,0.0,9.0,6,120.2710562706921,121.4659076157466,no pobre,basal,1,625.0,811.0,1.0,40.0,16,401,31061,9,0.0
98,0.0,0.0,1.281,,,6,120.2710562706921,121.4659076157466,no pobre,basal,1,625.0,811.0,1.0,40.0,17,401,31061,9,0.0
97,0.0,0.0,1.281,1.0,2.0,6,120.2710562706921,121.4659076157466,no pobre,basal,1,625.0,811.0,1.0,40.0,10,401,31062,2,1.0
98,0.0,0.0,1.281,,,6,120.2710562706921,121.4659076157466,no pobre,basal,1,625.0,811.0,1.0,40.0,11,401,31062,2,1.0
97,1.0,0.0,1.281,0.0,6.0,9,120.2710562706921,121.4659076157466,pobre,basal,0,625.0,819.25,1.0,45.0,15,401,31063,6,0.0
98,1.0,0.0,1.281,,,9,120.2710562706921,121.4659076157466,pobre,basal,0,625.0,819.25,1.0,45.0,16,401,31063,6,0.0
97,1.0,0.0,1.281,1.0,5.0,9,120.2710562706921,121.4659076157466,pobre,basal,0,625.0,819.25,1.0,45.0,14,401,31064,5,1.0
98,1.0,0.0,1.281,,,9,120.2710562706921,121.4659076157466,pobre,basal,0,625.0,819.25,1.0,45.0,15,401,31064,5,1.0
97,1.0,0.0,1.281,1.0,2.0,9,120.2710562706921,121.4659076157466,pobre,basal,0,625.0,819.25,1.0,45.0,12,401,31065,2,1.0
98,1.0,0.0,1.281,,,9,120.2710562706921,121.4659076157466,pobre,basal,0,625.0,819.25,1.0,45.0,13,401,31065,2,1.0
97,1.0,0.0,1.281,1.0,2.0,9,120.2710562706921,121.4659076157466,pobre,basal,0,625.0,819.25,1.0,45.0,10,401,31066,2,1.0
98,1.0,0.0,1.281,,,9,120.2710562706921,121.4659076157466,pobre,basal,0,625.0,819.25,1.0,45.0,11,401,31066,2,1.0
97,0.0,0.0,1.281,1.0,0.0,9,120.2710562706921,121.4659076157466,pobre,basal,0,625.0,819.25,1.0,45.0,6,401,31067,0,1.0
98,0.0,0.0,1.281,,,9,120.2710562706921,121.4659076157466,pobre,basal,0,625.0,819.25,1.0,45.0,7,401,31067,0,1.0
97,0.0,0.0,2.849,0.0,6.0,11,116.7780609430619,128.1636780595178,pobre,basal,9,120.0,578.5,1.0,37.0,15,393,31068,6,0.0
98,0.0,0.0,2.849,,,11,116.7780609430619,128.1636780595178,pobre,basal,9,120.0,578.5,1.0,37.0,16,393,31068,6,0.0
97,0.0,0.0,2.849,1.0,4.0,11,116.7780609430619,128.1636780595178,pobre,basal,9,120.0,578.5,1.0,37.0,14,393,31069,4,1.0
98,0.0,0.0,2.849,1.0,3.0,11,116.7780609430619,128.1636780595178,pobre,basal,9,120.0,578.5,1.0,37.0,15,393,31069,4,1.0
97,1.0,0.0,2.849,1.0,7.0,11,116.7780609430619,128.1636780595178,pobre,basal,9,120.0,578.5,1.0,37.0,13,393,31070,7,1.0
98,1.0,0.0,2.849,1.0,7.0,11,116.7780609430619,128.1636780595178,pobre,basal,9,120.0,578.5,1.0,37.0,14,393,31070,7,1.0
97,0.0,0.0,2.849,1.0,6.0,11,116.7780609430619,128.1636780595178,pobre,basal,9,120.0,578.5,1.0,37.0,11,393,31071,6,1.0
98,0.0,0.0,2.849,1.0,7.0,11,116.7780609430619,128.1636780595178,pobre,basal,9,120.0,578.5,1.0,37.0,12,393,31071,6,1.0
97,0.0,0.0,2.849,1.0,4.0,11,116.7780609430619,128.1636780595178,pobre,basal,9,120.0,578.5,1.0,37.0,8,393,31072,4,1.0
98,0.0,0.0,2.849,1.0,5.0,11,116.7780609430619,128.1636780595178,pobre,basal,9,120.0,578.5,1.0,37.0,9,393,31072,4,1.0
97,0.0,0.0,2.849,1.0,2.0,11,116.7780609430619,128.1636780595178,pobre,basal,9,120.0,578.5,1.0,37.0,6,393,31073,2,1.0
98,0.0,0.0,2.849,1.0,3.0,11,116.7780609430619,128.1636780595178,pobre,basal,9,120.0,578.5,1.0,37.0,7,393,31073,2,1.0
97,1.0,0.0,2.849,1.0,6.0,8,116.7780609430619,128.1636780595178,pobre,basal,2,625.0,690.66998,1.0,35.0,11,393,31074,6,1.0
98,1.0,0.0,2.849,1.0,7.0,8,116.7780609430619,128.1636780595178,pobre,basal,2,625.0,690.66998,1.0,35.0,12,393,31074,6,1.0
97,0.0,0.0,2.849,1.0,4.0,8,116.7780609430619,128.1636780595178,pobre,basal,2,625.0,690.66998,1.0,35.0,9,393,31075,4,1.0
98,0.0,0.0,2.849,1.0,5.0,8,116.7780609430619,128.1636780595178,pobre,basal,2,625.0,690.66998,1.0,35.0,10,393,31075,4,1.0
97,1.0,0.0,2.849,1.0,1.0,8,116.7780609430619,128.1636780595178,pobre,basal,2,625.0,690.66998,1.0,35.0,6,393,31076,1,1.0
98,1.0,0.0,2.849,1.0,2.0,8,116.7780609430619,128.1636780595178,pobre,basal,2,625.0,690.66998,1.0,35.0,7,393,31076,1,1.0
97,0.0,0.0,2.849,1.0,7.0,9,116.7780609430619,128.1636780595178,pobre,basal,1,2500.0,653.5,1.0,42.0,15,393,31077,7,1.0
98,0.0,0.0,2.849,,,9,116.7780609430619,128.1636780595178,pobre,basal,1,2500.0,653.5,1.0,42.0,16,393,31077,7,1.0
97,0.0,0.0,2.849,0.0,6.0,9,116.7780609430619,128.1636780595178,pobre,basal,1,2500.0,653.5,1.0,42.0,13,393,31078,6,0.0
98,0.0,0.0,2.849,,,9,116.7780609430619,128.1636780595178,pobre,basal,1,2500.0,653.5,1.0,42.0,14,393,31078,6,0.0
97,0.0,0.0,2.849,1.0,5.0,9,116.7780609430619,128.1636780595178,pobre,basal,1,2500.0,653.5,1.0,42.0,11,393,31079,5,1.0
98,0.0,0.0,2.849,1.0,5.0,9,116.7780609430619,128.1636780595178,pobre,basal,1,2500.0,653.5,1.0,42.0,12,393,31079,5,1.0
97,1.0,0.0,2.849,1.0,1.0,9,116.7780609430619,128.1636780595178,pobre,basal,1,2500.0,653.5,1.0,42.0,8,393,31080,1,1.0
98,1.0,0.0,2.849,1.0,2.0,9,116.7780609430619,128.1636780595178,pobre,basal,1,2500.0,653.5,1.0,42.0,9,393,31080,1,1.0
97,0.0,0.0,2.849,1.0,0.0,9,116.7780609430619,128.1636780595178,pobre,basal,1,2500.0,653.5,1.0,42.0,6,393,31081,0,1.0
98,0.0,0.0,2.849,1.0,1.0,9,116.7780609430619,128.1636780595178,pobre,basal,1,2500.0,653.5,1.0,42.0,7,393,31081,0,1.0
97,0.0,0.0,2.849,1.0,5.0,7,116.7780609430619,128.1636780595178,pobre,basal,3,750.0,831.75,1.0,80.0,11,393,31082,5,1.0
98,0.0,0.0,2.849,1.0,6.0,7,116.7780609430619,128.1636780595178,pobre,basal,3,750.0,831.75,1.0,80.0,12,393,31082,5,1.0
97,0.0,0.0,2.849,1.0,2.0,7,116.7780609430619,128.1636780595178,pobre,basal,3,750.0,831.75,1.0,80.0,15,393,31083,2,1.0
98,0.0,0.0,2.849,1.0,3.0,7,116.7780609430619,128.1636780595178,pobre,basal,3,750.0,831.75,1.0,80.0,16,393,31083,2,1.0
97,1.0,0.0,2.849,0.0,2.0,4,116.7780609430619,128.1636780595178,no pobre,basal,2,625.0,796.33002,1.0,60.0,16,393,31084,2,0.0
98,1.0,0.0,2.849,,,4,116.7780609430619,128.1636780595178,no pobre,basal,2,625.0,796.33002,1.0,60.0,17,393,31084,2,0.0
97,1.0,0.0,2.849,1.0,8.0,10,116.7780609430619,128.1636780595178,pobre,basal,1,0.0,479.25,1.0,44.0,16,393,31085,8,1.0
98,1.0,0.0,2.849,,,10,116.7780609430619,128.1636780595178,pobre,basal,1,0.0,479.25,1.0,44.0,17,393,31085,8,1.0
97,1.0,0.0,2.849,1.0,5.0,10,116.7780609430619,128.1636780595178,pobre,basal,1,0.0,479.25,1.0,44.0,14,393,31086,5,1.0
98,1.0,0.0,2.849,0.0,6.0,10,116.7780609430619,128.1636780595178,pobre,basal,1,0.0,479.25,1.0,44.0,15,393,31086,5,1.0
97,0.0,0.0,2.849,1.0,5.0,10,116.7780609430619,128.1636780595178,pobre,basal,1,0.0,479.25,1.0,44.0,12,393,31087,5,1.0
98,0.0,0.0,2.849,1.0,6.0,10,116.7780609430619,128.1636780595178,pobre,basal,1,0.0,479.25,1.0,44.0,13,393,31087,5,1.0
97,1.0,0.0,2.849,1.0,5.0,10,116.7780609430619,128.1636780595178,pobre,basal,1,0.0,479.25,1.0,44.0,10,393,31088,5,1.0
98,1.0,0.0,2.849,1.0,6.0,10,116.7780609430619,128.1636780595178,pobre,basal,1,0.0,479.25,1.0,44.0,11,393,31088,5,1.0
97,1.0,0.0,2.849,1.0,3.0,10,116.7780609430619,128.1636780595178,pobre,basal,1,0.0,479.25,1.0,44.0,9,393,31089,3,1.0
98,1.0,0.0,2.849,1.0,4.0,10,116.7780609430619,128.1636780595178,pobre,basal,1,0.0,479.25,1.0,44.0,10,393,31089,3,1.0
97,0.0,0.0,2.849,1.0,1.0,10,116.7780609430619,128.1636780595178,pobre,basal,1,0.0,479.25,1.0,44.0,7,393,31090,1,1.0
98,0.0,0.0,2.849,1.0,3.0,10,116.7780609430619,128.1636780595178,pobre,basal,1,0.0,479.25,1.0,44.0,8,393,31090,1,1.0
97,1.0,0.0,2.849,1.0,9.0,9,116.7780609430619,128.1636780595178,pobre,basal,2,625.0,419.0,1.0,42.0,16,393,31091,9,1.0
98,1.0,0.0,2.849,,,9,116.7780609430619,128.1636780595178,pobre,basal,2,625.0,419.0,1.0,42.0,17,393,31091,9,1.0
97,0.0,0.0,2.849,1.0,6.0,9,116.7780609430619,128.1636780595178,pobre,basal,2,625.0,419.0,1.0,42.0,14,393,31092,6,1.0
98,0.0,0.0,2.849,1.0,6.0,9,116.7780609430619,128.1636780595178,pobre,basal,2,625.0,419.0,1.0,42.0,15,393,31092,6,1.0
97,0.0,0.0,2.849,1.0,4.0,9,116.7780609430619,128.1636780595178,pobre,basal,2,625.0,419.0,1.0,42.0,12,393,31093,4,1.0
98,0.0,0.0,2.849,1.0,5.0,9,116.7780609430619,128.1636780595178,pobre,basal,2,625.0,419.0,1.0,42.0,13,393,31093,4,1.0
97,1.0,0.0,2.849,1.0,2.0,9,116.7780609430619,128.1636780595178,pobre,basal,2,625.0,419.0,1.0,42.0,10,393,31094,2,1.0
98,1.0,0.0,2.849,1.0,3.0,9,116.7780609430619,128.1636780595178,pobre,basal,2,625.0,419.0,1.0,42.0,11,393,31094,2,1.0
97,1.0,0.0,2.849,1.0,1.0,9,116.7780609430619,128.1636780595178,pobre,basal,2,625.0,419.0,1.0,42.0,8,393,31095,1,1.0
98,1.0,0.0,2.849,1.0,2.0,9,116.7780609430619,128.1636780595178,pobre,basal,2,625.0,419.0,1.0,42.0,9,393,31095,1,1.0
97,1.0,0.0,2.849,1.0,1.0,9,116.7780609430619,128.1636780595178,pobre,basal,2,625.0,419.0,1.0,42.0,6,393,31096,1,1.0
98,1.0,0.0,2.849,1.0,2.0,9,116.7780609430619,128.1636780595178,pobre,basal,2,625.0,419.0,1.0,42.0,7,393,31096,1,1.0
97,1.0,0.0,2.849,1.0,4.0,8,116.7780609430619,128.1636780595178,pobre,basal,3,2500.0,603.0,1.0,34.0,8,393,31097,4,1.0
98,1.0,0.0,2.849,1.0,5.0,8,116.7780609430619,128.1636780595178,pobre,basal,3,2500.0,603.0,1.0,34.0,9,393,31097,4,1.0
97,0.0,0.0,2.849,1.0,3.0,8,116.7780609430619,128.1636780595178,pobre,basal,3,2500.0,603.0,1.0,34.0,8,393,31098,3,1.0
98,0.0,0.0,2.849,1.0,4.0,8,116.7780609430619,128.1636780595178,pobre,basal,3,2500.0,603.0,1.0,34.0,9,393,31098,3,1.0
97,0.0,0.0,2.849,1.0,2.0,8,116.7780609430619,128.1636780595178,pobre,basal,3,2500.0,603.0,1.0,34.0,7,393,31099,2,1.0
98,0.0,0.0,2.849,1.0,3.0,8,116.7780609430619,128.1636780595178,pobre,basal,3,2500.0,603.0,1.0,34.0,8,393,31099,2,1.0
97,1.0,0.0,2.849,1.0,0.0,8,116.7780609430619,128.1636780595178,pobre,basal,3,2500.0,603.0,1.0,34.0,6,393,31100,0,1.0
98,1.0,0.0,2.849,0.0,1.0,8,116.7780609430619,128.1636780595178,pobre,basal,3,2500.0,603.0,1.0,34.0,7,393,31100,0,1.0
97,0.0,0.0,2.849,1.0,6.0,5,116.7780609430619,128.1636780595178,no pobre,basal,6,625.0,782.5,1.0,39.0,13,393,31101,6,1.0
98,0.0,0.0,2.849,0.0,6.0,5,116.7780609430619,128.1636780595178,no pobre,basal,6,625.0,782.5,1.0,39.0,14,393,31101,6,1.0
97,0.0,0.0,2.849,1.0,4.0,5,116.7780609430619,128.1636780595178,no pobre,basal,6,625.0,782.5,1.0,39.0,11,393,31102,4,1.0
98,0.0,0.0,2.849,1.0,5.0,5,116.7780609430619,128.1636780595178,no pobre,basal,6,625.0,782.5,1.0,39.0,12,393,31102,4,1.0
97,0.0,0.0,2.849,1.0,6.0,11,116.7780609430619,128.1636780595178,pobre,basal,3,750.0,658.66998,1.0,47.0,14,393,31103,6,1.0
98,0.0,0.0,2.849,0.0,6.0,11,116.7780609430619,128.1636780595178,pobre,basal,3,750.0,658.66998,1.0,47.0,15,393,31103,6,1.0
97,1.0,0.0,2.849,1.0,5.0,11,116.7780609430619,128.1636780595178,pobre,basal,3,750.0,658.66998,1.0,47.0,11,393,31104,5,1.0
98,1.0,0.0,2.849,1.0,6.0,11,116.7780609430619,128.1636780595178,pobre,basal,3,750.0,658.66998,1.0,47.0,12,393,31104,5,1.0
97,1.0,0.0,2.849,1.0,4.0,11,116.7780609430619,128.1636780595178,pobre,basal,3,750.0,658.66998,1.0,47.0,10,393,31105,4,1.0
98,1.0,0.0,2.849,1.0,5.0,11,116.7780609430619,128.1636780595178,pobre,basal,3,750.0,658.66998,1.0,47.0,11,393,31105,4,1.0
97,1.0,0.0,2.849,1.0,2.0,11,116.7780609430619,128.1636780595178,pobre,basal,3,750.0,658.66998,1.0,47.0,8,393,31106,2,1.0
98,1.0,0.0,2.849,1.0,3.0,11,116.7780609430619,128.1636780595178,pobre,basal,3,750.0,658.66998,1.0,47.0,9,393,31106,2,1.0
97,0.0,0.0,2.849,1.0,0.0,11,116.7780609430619,128.1636780595178,pobre,basal,3,750.0,658.66998,1.0,47.0,6,393,31107,0,1.0
98,0.0,0.0,2.849,1.0,1.0,11,116.7780609430619,128.1636780595178,pobre,basal,3,750.0,658.66998,1.0,47.0,7,393,31107,0,1.0
97,0.0,0.0,2.849,,8.0,5,116.7780609430619,128.1636780595178,no pobre,basal,2,0.0,841.66998,1.0,60.0,16,393,31108,8,
98,0.0,0.0,2.849,,,5,116.7780609430619,128.1636780595178,no pobre,basal,2,0.0,841.66998,1.0,60.0,17,393,31108,8,
97,1.0,0.0,2.849,1.0,8.0,7,116.7780609430619,128.1636780595178,no pobre,basal,4,750.0,895.16998,1.0,48.0,15,393,31109,8,1.0
98,1.0,0.0,2.849,1.0,8.0,7,116.7780609430619,128.1636780595178,no pobre,basal,4,750.0,895.16998,1.0,48.0,16,393,31109,8,1.0
97,1.0,0.0,2.849,1.0,6.0,7,116.7780609430619,128.1636780595178,no pobre,basal,4,750.0,895.16998,1.0,48.0,12,393,31110,6,1.0
98,1.0,0.0,2.849,1.0,7.0,7,116.7780609430619,128.1636780595178,no pobre,basal,4,750.0,895.16998,1.0,48.0,13,393,31110,6,1.0
97,0.0,0.0,2.849,1.0,6.0,7,116.7780609430619,128.1636780595178,no pobre,basal,4,750.0,895.16998,1.0,48.0,12,393,31111,6,1.0
98,0.0,0.0,2.849,1.0,7.0,7,116.7780609430619,128.1636780595178,no pobre,basal,4,750.0,895.16998,1.0,48.0,13,393,31111,6,1.0
97,0.0,0.0,2.849,1.0,4.0,7,116.7780609430619,128.1636780595178,no pobre,basal,4,750.0,895.16998,1.0,48.0,10,393,31112,4,1.0
98,0.0,0.0,2.849,1.0,5.0,7,116.7780609430619,128.1636780595178,no pobre,basal,4,750.0,895.16998,1.0,48.0,11,393,31112,4,1.0
97,1.0,0.0,2.849,1.0,2.0,7,116.7780609430619,128.1636780595178,no pobre,basal,4,750.0,895.16998,1.0,48.0,6,393,31113,2,1.0
98,1.0,0.0,2.849,1.0,3.0,7,116.7780609430619,128.1636780595178,no pobre,basal,4,750.0,895.16998,1.0,48.0,7,393,31113,2,1.0
97,0.0,0.0,2.849,0.0,6.0,7,116.7780609430619,128.1636780595178,pobre,basal,2,625.0,838.5,1.0,54.0,14,393,31114,6,0.0
98,0.0,0.0,2.849,0.0,6.0,7,116.7780609430619,128.1636780595178,pobre,basal,2,625.0,838.5,1.0,54.0,15,393,31114,6,0.0
97,1.0,0.0,2.849,1.0,5.0,7,116.7780609430619,128.1636780595178,pobre,basal,2,625.0,838.5,1.0,54.0,12,393,31115,5,1.0
98,1.0,0.0,2.849,0.0,6.0,7,116.7780609430619,128.1636780595178,pobre,basal,2,625.0,838.5,1.0,54.0,13,393,31115,5,1.0
97,1.0,0.0,2.849,1.0,2.0,5,116.7780609430619,128.1636780595178,pobre,basal,3,625.0,687.0,1.0,44.0,8,393,31116,2,1.0
98,1.0,0.0,2.849,1.0,3.0,5,116.7780609430619,128.1636780595178,pobre,basal,3,625.0,687.0,1.0,44.0,9,393,31116,2,1.0
97,0.0,0.0,2.849,1.0,1.0,5,116.7780609430619,128.1636780595178,pobre,basal,3,625.0,687.0,1.0,44.0,6,393,31117,1,1.0
98,0.0,0.0,2.849,1.0,2.0,5,116.7780609430619,128.1636780595178,pobre,basal,3,625.0,687.0,1.0,44.0,7,393,31117,1,1.0
97,1.0,0.0,2.849,,0.0,4,116.7780609430619,128.1636780595178,pobre,basal,2,750.0,672.0,1.0,60.0,6,393,31118,0,
98,1.0,0.0,2.849,1.0,1.0,4,116.7780609430619,128.1636780595178,pobre,basal,2,750.0,672.0,1.0,60.0,7,393,31118,0,
97,1.0,0.0,2.849,0.0,6.0,10,116.7780609430619,128.1636780595178,pobre,basal,3,625.0,635.33002,1.0,42.0,13,393,31119,6,0.0
98,1.0,0.0,2.849,1.0,6.0,10,116.7780609430619,128.1636780595178,pobre,basal,3,625.0,635.33002,1.0,42.0,14,393,31119,6,0.0
97,0.0,0.0,2.849,1.0,3.0,10,116.7780609430619,128.1636780595178,pobre,basal,3,625.0,635.33002,1.0,42.0,12,393,31120,3,1.0
98,0.0,0.0,2.849,1.0,4.0,10,116.7780609430619,128.1636780595178,pobre,basal,3,625.0,635.33002,1.0,42.0,13,393,31120,3,1.0
97,1.0,0.0,2.849,1.0,3.0,10,116.7780609430619,128.1636780595178,pobre,basal,3,625.0,635.33002,1.0,42.0,10,393,31121,3,1.0
98,1.0,0.0,2.849,1.0,4.0,10,116.7780609430619,128.1636780595178,pobre,basal,3,625.0,635.33002,1.0,42.0,11,393,31121,3,1.0
97,0.0,0.0,2.849,,0.0,10,116.7780609430619,128.1636780595178,pobre,basal,3,625.0,635.33002,1.0,42.0,6,393,31122,0,
98,0.0,0.0,2.849,1.0,3.0,10,116.7780609430619,128.1636780595178,pobre,basal,3,625.0,635.33002,1.0,42.0,7,393,31122,0,
97,0.0,0.0,2.849,1.0,1.0,6,116.7780609430619,128.1636780595178,pobre,basal,2,625.0,685.0,1.0,33.0,8,393,31123,1,1.0
98,0.0,0.0,2.849,1.0,2.0,6,116.7780609430619,128.1636780595178,pobre,basal,2,625.0,685.0,1.0,33.0,9,393,31123,1,1.0
97,0.0,0.0,2.849,1.0,1.0,6,116.7780609430619,128.1636780595178,pobre,basal,2,625.0,685.0,1.0,33.0,6,393,31124,1,1.0
98,0.0,0.0,2.849,1.0,0.0,6,116.7780609430619,128.1636780595178,pobre,basal,2,625.0,685.0,1.0,33.0,7,393,31124,1,1.0
97,0.0,0.0,2.849,,0.0,3,116.7780609430619,128.1636780595178,pobre,basal,1,625.0,705.0,1.0,30.0,10,393,31125,0,
98,0.0,0.0,2.849,,,3,116.7780609430619,128.1636780595178,pobre,basal,1,625.0,705.0,1.0,30.0,11,393,31125,0,
97,1.0,0.0,2.849,1.0,5.0,6,116.7780609430619,128.1636780595178,pobre,basal,2,625.0,618.0,1.0,38.0,10,393,31126,5,1.0
98,1.0,0.0,2.849,1.0,5.0,6,116.7780609430619,128.1636780595178,pobre,basal,2,625.0,618.0,1.0,38.0,11,393,31126,5,1.0
97,0.0,0.0,2.849,1.0,2.0,6,116.7780609430619,128.1636780595178,pobre,basal,2,625.0,618.0,1.0,38.0,9,393,31127,2,1.0
98,0.0,0.0,2.849,1.0,2.0,6,116.7780609430619,128.1636780595178,pobre,basal,2,625.0,618.0,1.0,38.0,10,393,31127,2,1.0
97,1.0,0.0,2.849,1.0,1.0,6,116.7780609430619,128.1636780595178,pobre,basal,2,625.0,618.0,1.0,38.0,7,393,31128,1,1.0
98,1.0,0.0,2.849,1.0,1.0,6,116.7780609430619,128.1636780595178,pobre,basal,2,625.0,618.0,1.0,38.0,8,393,31128,1,1.0
97,1.0,0.0,2.849,,0.0,6,116.7780609430619,128.1636780595178,pobre,basal,2,625.0,690.14001,1.0,45.0,13,393,31129,0,
98,1.0,0.0,2.849,1.0,2.0,6,116.7780609430619,128.1636780595178,pobre,basal,2,625.0,690.14001,1.0,45.0,14,393,31129,0,
97,0.0,0.0,2.849,,0.0,6,116.7780609430619,128.1636780595178,pobre,basal,2,625.0,690.14001,1.0,45.0,12,393,31130,0,
98,0.0,0.0,2.849,1.0,1.0,6,116.7780609430619,128.1636780595178,pobre,basal,2,625.0,690.14001,1.0,45.0,13,393,31130,0,
97,1.0,0.0,2.849,,0.0,6,116.7780609430619,128.1636780595178,pobre,basal,2,625.0,690.14001,1.0,45.0,9,393,31131,0,
98,1.0,0.0,2.849,1.0,1.0,6,116.7780609430619,128.1636780595178,pobre,basal,2,625.0,690.14001,1.0,45.0,10,393,31131,0,
97,0.0,0.0,2.849,1.0,1.0,6,116.7780609430619,128.1636780595178,pobre,basal,0,625.0,601.0,1.0,32.0,6,393,31132,1,1.0
98,0.0,0.0,2.849,1.0,2.0,6,116.7780609430619,128.1636780595178,pobre,basal,0,625.0,601.0,1.0,32.0,7,393,31132,1,1.0
97,1.0,0.0,2.849,1.0,4.0,5,116.7780609430619,128.1636780595178,pobre,basal,9,625.0,823.0,1.0,37.0,9,393,31133,4,1.0
98,1.0,0.0,2.849,1.0,4.0,5,116.7780609430619,128.1636780595178,pobre,basal,9,625.0,823.0,1.0,37.0,10,393,31133,4,1.0
97,0.0,0.0,2.849,1.0,5.0,7,116.7780609430619,128.1636780595178,pobre,basal,6,625.0,635.0,1.0,47.0,13,393,31134,5,1.0
98,0.0,0.0,2.849,1.0,5.0,7,116.7780609430619,128.1636780595178,pobre,basal,6,625.0,635.0,1.0,47.0,14,393,31134,5,1.0
97,0.0,0.0,2.849,1.0,5.0,7,116.7780609430619,128.1636780595178,pobre,basal,6,625.0,635.0,1.0,47.0,11,393,31135,5,1.0
98,0.0,0.0,2.849,1.0,5.0,7,116.7780609430619,128.1636780595178,pobre,basal,6,625.0,635.0,1.0,47.0,12,393,31135,5,1.0
97,0.0,0.0,2.849,1.0,4.0,7,116.7780609430619,128.1636780595178,pobre,basal,6,625.0,635.0,1.0,47.0,11,393,31136,4,1.0
98,0.0,0.0,2.849,1.0,5.0,7,116.7780609430619,128.1636780595178,pobre,basal,6,625.0,635.0,1.0,47.0,12,393,31136,4,1.0
97,1.0,0.0,2.849,0.0,12.0,6,116.7780609430619,128.1636780595178,pobre,basal,3,625.0,735.0,1.0,62.0,16,393,31137,12,0.0
98,1.0,0.0,2.849,,,6,116.7780609430619,128.1636780595178,pobre,basal,3,625.0,735.0,1.0,62.0,17,393,31137,12,0.0
97,0.0,0.0,2.849,1.0,3.0,6,116.7780609430619,128.1636780595178,pobre,basal,3,625.0,735.0,1.0,62.0,9,393,31138,3,1.0
98,0.0,0.0,2.849,1.0,4.0,6,116.7780609430619,128.1636780595178,pobre,basal,3,625.0,735.0,1.0,62.0,10,393,31138,3,1.0
97,1.0,0.0,2.849,0.0,4.0,6,116.7780609430619,128.1636780595178,pobre,basal,6,750.0,771.0,1.0,35.0,11,393,31139,4,0.0
98,1.0,0.0,2.849,1.0,5.0,6,116.7780609430619,128.1636780595178,pobre,basal,6,750.0,771.0,1.0,35.0,12,393,31139,4,0.0
97,0.0,0.0,2.849,0.0,2.0,6,116.7780609430619,128.1636780595178,pobre,basal,6,750.0,771.0,1.0,35.0,8,393,31140,2,0.0
98,0.0,0.0,2.849,1.0,3.0,6,116.7780609430619,128.1636780595178,pobre,basal,6,750.0,771.0,1.0,35.0,9,393,31140,2,0.0
97,1.0,0.0,2.849,0.0,5.0,5,116.7780609430619,128.1636780595178,pobre,basal,3,750.0,754.5,1.0,30.0,16,393,31141,5,0.0
98,1.0,0.0,2.849,,,5,116.7780609430619,128.1636780595178,pobre,basal,3,750.0,754.5,1.0,30.0,17,393,31141,5,0.0
97,1.0,0.0,2.849,1.0,4.0,5,116.7780609430619,128.1636780595178,pobre,basal,3,750.0,754.5,1.0,30.0,14,393,31142,4,1.0
98,1.0,0.0,2.849,1.0,5.0,5,116.7780609430619,128.1636780595178,pobre,basal,3,750.0,754.5,1.0,30.0,15,393,31142,4,1.0
97,1.0,0.0,2.849,1.0,4.0,5,116.7780609430619,128.1636780595178,pobre,basal,3,750.0,754.5,1.0,30.0,12,393,31143,4,1.0
98,1.0,0.0,2.849,1.0,5.0,5,116.7780609430619,128.1636780595178,pobre,basal,3,750.0,754.5,1.0,30.0,13,393,31143,4,1.0
97,0.0,0.0,2.849,1.0,4.0,5,116.7780609430619,128.1636780595178,pobre,basal,3,750.0,754.5,1.0,30.0,10,393,31144,4,1.0
98,0.0,0.0,2.849,1.0,4.0,5,116.7780609430619,128.1636780595178,pobre,basal,3,750.0,754.5,1.0,30.0,11,393,31144,4,1.0
97,1.0,0.0,2.849,1.0,9.0,5,116.7780609430619,128.1636780595178,pobre,basal,0,625.0,688.0,1.0,47.0,16,393,31145,9,1.0
98,1.0,0.0,2.849,,,5,116.7780609430619,128.1636780595178,pobre,basal,0,625.0,688.0,1.0,47.0,17,393,31145,9,1.0
97,1.0,0.0,2.849,1.0,7.0,5,116.7780609430619,128.1636780595178,pobre,basal,0,625.0,688.0,1.0,47.0,14,393,31146,7,1.0
98,1.0,0.0,2.849,1.0,8.0,5,116.7780609430619,128.1636780595178,pobre,basal,0,625.0,688.0,1.0,47.0,15,393,31146,7,1.0
97,1.0,0.0,2.849,1.0,1.0,5,116.7780609430619,128.1636780595178,pobre,basal,0,625.0,688.0,1.0,47.0,6,393,31147,1,1.0
98,1.0,0.0,2.849,1.0,2.0,5,116.7780609430619,128.1636780595178,pobre,basal,0,625.0,688.0,1.0,47.0,7,393,31147,1,1.0
97,1.0,0.0,2.849,1.0,5.0,4,116.7780609430619,128.1636780595178,pobre,basal,0,625.0,776.0,1.0,56.0,13,393,31148,5,1.0
98,1.0,0.0,2.849,,,4,116.7780609430619,128.1636780595178,pobre,basal,0,625.0,776.0,1.0,56.0,14,393,31148,5,1.0
97,1.0,0.0,2.849,0.0,6.0,4,116.7780609430619,128.1636780595178,no pobre,basal,3,625.0,799.33002,1.0,48.0,14,393,31149,6,0.0
98,1.0,0.0,2.849,,,4,116.7780609430619,128.1636780595178,no pobre,basal,3,625.0,799.33002,1.0,48.0,15,393,31149,6,0.0
97,1.0,0.0,2.849,1.0,8.0,6,116.7780609430619,128.1636780595178,pobre,basal,3,625.0,610.0,1.0,42.0,15,393,31150,8,1.0
98,1.0,0.0,2.849,,,6,116.7780609430619,128.1636780595178,pobre,basal,3,625.0,610.0,1.0,42.0,16,393,31150,8,1.0
97,0.0,0.0,2.849,,0.0,6,116.7780609430619,128.1636780595178,pobre,basal,3,625.0,610.0,1.0,42.0,14,393,31151,0,
98,0.0,0.0,2.849,,,6,116.7780609430619,128.1636780595178,pobre,basal,3,625.0,610.0,1.0,42.0,15,393,31151,0,
97,0.0,0.0,2.849,1.0,4.0,6,116.7780609430619,128.1636780595178,pobre,basal,3,625.0,610.0,1.0,42.0,11,393,31152,4,1.0
98,0.0,0.0,2.849,1.0,5.0,6,116.7780609430619,128.1636780595178,pobre,basal,3,625.0,610.0,1.0,42.0,12,393,31152,4,1.0
97,0.0,0.0,2.849,1.0,3.0,6,116.7780609430619,128.1636780595178,pobre,basal,3,625.0,610.0,1.0,42.0,10,393,31153,3,1.0
98,0.0,0.0,2.849,1.0,4.0,6,116.7780609430619,128.1636780595178,pobre,basal,3,625.0,610.0,1.0,42.0,11,393,31153,3,1.0
97,1.0,0.0,2.849,0.0,6.0,5,116.7780609430619,128.1636780595178,pobre,basal,3,750.0,609.5,1.0,17.0,16,393,31154,6,0.0
98,1.0,0.0,2.849,,,5,116.7780609430619,128.1636780595178,pobre,basal,3,750.0,609.5,1.0,17.0,17,393,31154,6,0.0
97,0.0,0.0,2.849,,0.0,10,116.7780609430619,128.1636780595178,pobre,basal,1,0.0,685.0,1.0,60.0,15,393,31155,0,
98,0.0,0.0,2.849,0.0,9.0,10,116.7780609430619,128.1636780595178,pobre,basal,1,0.0,685.0,1.0,60.0,16,393,31155,0,
97,1.0,0.0,2.849,1.0,6.0,10,116.7780609430619,128.1636780595178,pobre,basal,1,0.0,685.0,1.0,60.0,13,393,31156,6,1.0
98,1.0,0.0,2.849,1.0,7.0,10,116.7780609430619,128.1636780595178,pobre,basal,1,0.0,685.0,1.0,60.0,14,393,31156,6,1.0
97,0.0,0.0,2.849,1.0,3.0,10,116.7780609430619,128.1636780595178,pobre,basal,1,0.0,685.0,1.0,60.0,8,393,31157,3,1.0
98,0.0,0.0,2.849,1.0,4.0,10,116.7780609430619,128.1636780595178,pobre,basal,1,0.0,685.0,1.0,60.0,9,393,31157,3,1.0
97,1.0,0.0,2.849,1.0,3.0,10,116.7780609430619,128.1636780595178,pobre,basal,1,0.0,685.0,1.0,60.0,7,393,31158,3,1.0
98,1.0,0.0,2.849,1.0,3.0,10,116.7780609430619,128.1636780595178,pobre,basal,1,0.0,685.0,1.0,60.0,8,393,31158,3,1.0
97,1.0,0.0,2.849,0.0,1.0,10,116.7780609430619,128.1636780595178,pobre,basal,2,750.0,672.0,1.0,50.0,12,393,31159,1,0.0
98,1.0,0.0,2.849,1.0,1.0,10,116.7780609430619,128.1636780595178,pobre,basal,2,750.0,672.0,1.0,50.0,13,393,31159,1,0.0
97,0.0,0.0,2.849,1.0,4.0,10,116.7780609430619,128.1636780595178,pobre,basal,2,750.0,672.0,1.0,50.0,9,393,31160,4,1.0
98,0.0,0.0,2.849,1.0,5.0,10,116.7780609430619,128.1636780595178,pobre,basal,2,750.0,672.0,1.0,50.0,10,393,31160,4,1.0
97,1.0,0.0,2.849,0.0,4.0,5,116.7780609430619,128.1636780595178,pobre,basal,3,250.0,561.5,0.0,31.0,13,393,31161,4,0.0
98,1.0,0.0,2.849,,,5,116.7780609430619,128.1636780595178,pobre,basal,3,250.0,561.5,0.0,31.0,14,393,31161,4,0.0
97,0.0,0.0,2.849,1.0,1.0,5,116.7780609430619,128.1636780595178,pobre,basal,3,250.0,561.5,0.0,31.0,8,393,31162,1,1.0
98,0.0,0.0,2.849,1.0,2.0,5,116.7780609430619,128.1636780595178,pobre,basal,3,250.0,561.5,0.0,31.0,9,393,31162,1,1.0
97,0.0,0.0,2.849,1.0,5.0,6,116.7780609430619,128.1636780595178,pobre,basal,4,750.0,722.0,1.0,37.0,11,393,31163,5,1.0
98,0.0,0.0,2.849,1.0,6.0,6,116.7780609430619,128.1636780595178,pobre,basal,4,750.0,722.0,1.0,37.0,12,393,31163,5,1.0
97,1.0,0.0,2.849,1.0,4.0,6,116.7780609430619,128.1636780595178,pobre,basal,4,750.0,722.0,1.0,37.0,10,393,31164,4,1.0
98,1.0,0.0,2.849,1.0,5.0,6,116.7780609430619,128.1636780595178,pobre,basal,4,750.0,722.0,1.0,37.0,11,393,31164,4,1.0
97,1.0,0.0,2.849,1.0,3.0,6,116.7780609430619,128.1636780595178,pobre,basal,4,750.0,722.0,1.0,37.0,9,393,31165,3,1.0
98,1.0,0.0,2.849,1.0,4.0,6,116.7780609430619,128.1636780595178,pobre,basal,4,750.0,722.0,1.0,37.0,10,393,31165,3,1.0
97,1.0,0.0,2.849,1.0,2.0,6,116.7780609430619,128.1636780595178,pobre,basal,4,750.0,722.0,1.0,37.0,7,393,31166,2,1.0
98,1.0,0.0,2.849,1.0,3.0,6,116.7780609430619,128.1636780595178,pobre,basal,4,750.0,722.0,1.0,37.0,8,393,31166,2,1.0
97,0.0,1.0,11.617,1.0,1.0,3,114.7633923672265,187.1941785942037,pobre,basal,9,0.0,651.0,1.0,24.0,16,505,31167,1,1.0
98,0.0,1.0,11.617,,,3,114.7633923672265,187.1941785942037,pobre,basal,9,0.0,651.0,1.0,24.0,17,505,31167,1,1.0
97,1.0,1.0,11.617,1.0,6.0,9,114.7633923672265,187.1941785942037,pobre,basal,3,0.0,813.0,1.0,58.0,15,505,31168,6,1.0
98,1.0,1.0,11.617,1.0,7.0,9,114.7633923672265,187.1941785942037,pobre,basal,3,0.0,813.0,1.0,58.0,16,505,31168,6,1.0
97,1.0,1.0,11.617,1.0,5.0,9,114.7633923672265,187.1941785942037,pobre,basal,3,0.0,813.0,1.0,58.0,13,505,31169,5,1.0
98,1.0,1.0,11.617,1.0,6.0,9,114.7633923672265,187.1941785942037,pobre,basal,3,0.0,813.0,1.0,58.0,14,505,31169,5,1.0
97,0.0,1.0,11.617,1.0,4.0,9,114.7633923672265,187.1941785942037,pobre,basal,3,0.0,813.0,1.0,58.0,11,505,31170,4,1.0
98,0.0,1.0,11.617,1.0,5.0,9,114.7633923672265,187.1941785942037,pobre,basal,3,0.0,813.0,1.0,58.0,12,505,31170,4,1.0
97,0.0,1.0,11.617,1.0,2.0,9,114.7633923672265,187.1941785942037,pobre,basal,3,0.0,813.0,1.0,58.0,6,505,31171,2,1.0
98,0.0,1.0,11.617,1.0,3.0,9,114.7633923672265,187.1941785942037,pobre,basal,3,0.0,813.0,1.0,58.0,7,505,31171,2,1.0
97,0.0,1.0,11.617,1.0,7.0,8,114.7633923672265,187.1941785942037,pobre,basal,2,0.0,624.0,1.0,50.0,14,505,31172,7,1.0
98,0.0,1.0,11.617,1.0,8.0,8,114.7633923672265,187.1941785942037,pobre,basal,2,0.0,624.0,1.0,50.0,15,505,31172,7,1.0
97,0.0,1.0,11.617,1.0,6.0,8,114.7633923672265,187.1941785942037,pobre,basal,2,0.0,624.0,1.0,50.0,12,505,31173,6,1.0
98,0.0,1.0,11.617,1.0,7.0,8,114.7633923672265,187.1941785942037,pobre,basal,2,0.0,624.0,1.0,50.0,13,505,31173,6,1.0
97,1.0,1.0,11.617,1.0,5.0,8,114.7633923672265,187.1941785942037,pobre,basal,2,0.0,624.0,1.0,50.0,10,505,31174,5,1.0
98,1.0,1.0,11.617,1.0,6.0,8,114.7633923672265,187.1941785942037,pobre,basal,2,0.0,624.0,1.0,50.0,11,505,31174,5,1.0
97,1.0,0.0,2.128,1.0,9.0,8,129.5685023937641,189.8821802852882,pobre,basal,2,1100.0,718.0,1.0,47.0,15,445,31175,9,1.0
98,1.0,0.0,2.128,,,8,129.5685023937641,189.8821802852882,pobre,basal,2,1100.0,718.0,1.0,47.0,16,445,31175,9,1.0
97,0.0,0.0,2.128,1.0,9.0,8,129.5685023937641,189.8821802852882,pobre,basal,2,1100.0,718.0,1.0,47.0,13,445,31176,9,1.0
98,0.0,0.0,2.128,1.0,9.0,8,129.5685023937641,189.8821802852882,pobre,basal,2,1100.0,718.0,1.0,47.0,14,445,31176,9,1.0
97,0.0,0.0,2.128,1.0,6.0,8,129.5685023937641,189.8821802852882,pobre,basal,2,1100.0,718.0,1.0,47.0,11,445,31177,6,1.0
98,0.0,0.0,2.128,1.0,2.0,8,129.5685023937641,189.8821802852882,pobre,basal,2,1100.0,718.0,1.0,47.0,12,445,31177,6,1.0
97,1.0,0.0,2.128,1.0,1.0,5,129.5685023937641,189.8821802852882,pobre,basal,8,1000.0,702.0,1.0,27.0,6,445,31178,1,1.0
98,1.0,0.0,2.128,1.0,1.0,5,129.5685023937641,189.8821802852882,pobre,basal,8,1000.0,702.0,1.0,27.0,7,445,31178,1,1.0
97,0.0,0.0,2.128,0.0,6.0,6,129.5685023937641,189.8821802852882,pobre,basal,0,0.0,731.0,1.0,50.0,15,445,31179,6,0.0
98,0.0,0.0,2.128,0.0,6.0,6,129.5685023937641,189.8821802852882,pobre,basal,0,0.0,731.0,1.0,50.0,16,445,31179,6,0.0
97,1.0,0.0,2.128,0.0,6.0,7,129.5685023937641,189.8821802852882,pobre,basal,2,0.0,658.33002,1.0,41.0,16,445,31180,6,0.0
98,1.0,0.0,2.128,,,7,129.5685023937641,189.8821802852882,pobre,basal,2,0.0,658.33002,1.0,41.0,17,445,31180,6,0.0
97,0.0,0.0,2.128,0.0,6.0,7,129.5685023937641,189.8821802852882,pobre,basal,2,0.0,658.33002,1.0,41.0,13,445,31181,6,0.0
98,0.0,0.0,2.128,,,7,129.5685023937641,189.8821802852882,pobre,basal,2,0.0,658.33002,1.0,41.0,14,445,31181,6,0.0
97,1.0,0.0,2.128,0.0,5.0,8,129.5685023937641,189.8821802852882,pobre,basal,3,250.0,710.0,1.0,45.0,15,445,31182,5,0.0
98,1.0,0.0,2.128,0.0,5.0,8,129.5685023937641,189.8821802852882,pobre,basal,3,250.0,710.0,1.0,45.0,16,445,31182,5,0.0
97,1.0,0.0,2.128,0.0,6.0,8,129.5685023937641,189.8821802852882,pobre,basal,3,250.0,710.0,1.0,45.0,13,445,31183,6,0.0
98,1.0,0.0,2.128,0.0,6.0,8,129.5685023937641,189.8821802852882,pobre,basal,3,250.0,710.0,1.0,45.0,14,445,31183,6,0.0
97,1.0,0.0,2.128,1.0,5.0,8,129.5685023937641,189.8821802852882,pobre,basal,3,250.0,710.0,1.0,45.0,10,445,31184,5,1.0
98,1.0,0.0,2.128,1.0,5.0,8,129.5685023937641,189.8821802852882,pobre,basal,3,250.0,710.0,1.0,45.0,11,445,31184,5,1.0
97,1.0,0.0,2.128,1.0,5.0,8,129.5685023937641,189.8821802852882,pobre,basal,3,250.0,710.0,1.0,45.0,10,445,31185,5,1.0
98,1.0,0.0,2.128,1.0,5.0,8,129.5685023937641,189.8821802852882,pobre,basal,3,250.0,710.0,1.0,45.0,11,445,31185,5,1.0
97,1.0,0.0,2.128,0.0,4.0,6,129.5685023937641,189.8821802852882,pobre,basal,1,600.0,741.0,1.0,55.0,15,445,31186,4,0.0
98,1.0,0.0,2.128,0.0,5.0,6,129.5685023937641,189.8821802852882,pobre,basal,1,600.0,741.0,1.0,55.0,16,445,31186,4,0.0
97,0.0,0.0,2.128,1.0,10.0,3,129.5685023937641,189.8821802852882,no pobre,basal,2,625.0,828.0,1.0,60.0,16,445,31187,10,1.0
98,0.0,0.0,2.128,,,3,129.5685023937641,189.8821802852882,no pobre,basal,2,625.0,828.0,1.0,60.0,17,445,31187,10,1.0
97,0.0,0.0,2.128,1.0,0.0,4,129.5685023937641,189.8821802852882,no pobre,basal,6,625.0,866.0,1.0,39.0,6,445,31188,0,1.0
98,0.0,0.0,2.128,1.0,0.0,4,129.5685023937641,189.8821802852882,no pobre,basal,6,625.0,866.0,1.0,39.0,7,445,31188,0,1.0
97,1.0,0.0,2.128,1.0,1.0,5,129.5685023937641,189.8821802852882,pobre,basal,6,1500.0,809.0,1.0,32.0,6,445,31189,1,1.0
98,1.0,0.0,2.128,1.0,1.0,5,129.5685023937641,189.8821802852882,pobre,basal,6,1500.0,809.0,1.0,32.0,7,445,31189,1,1.0
97,0.0,0.0,2.128,1.0,7.0,9,129.5685023937641,189.8821802852882,no pobre,basal,0,0.0,877.25,1.0,48.0,13,445,31190,7,1.0
98,0.0,0.0,2.128,,,9,129.5685023937641,189.8821802852882,no pobre,basal,0,0.0,877.25,1.0,48.0,14,445,31190,7,1.0
97,1.0,0.0,2.128,1.0,7.0,4,129.5685023937641,189.8821802852882,pobre,basal,0,0.0,685.0,1.0,60.0,13,445,31191,7,1.0
98,1.0,0.0,2.128,0.0,6.0,4,129.5685023937641,189.8821802852882,pobre,basal,0,0.0,685.0,1.0,60.0,14,445,31191,7,1.0
97,0.0,0.0,2.128,1.0,4.0,4,129.5685023937641,189.8821802852882,pobre,basal,0,0.0,685.0,1.0,60.0,10,445,31192,4,1.0
98,0.0,0.0,2.128,1.0,5.0,4,129.5685023937641,189.8821802852882,pobre,basal,0,0.0,685.0,1.0,60.0,11,445,31192,4,1.0
97,0.0,0.0,2.128,1.0,2.0,4,129.5685023937641,189.8821802852882,no pobre,basal,0,625.0,900.0,1.0,70.0,9,445,31193,2,1.0
98,0.0,0.0,2.128,1.0,3.0,4,129.5685023937641,189.8821802852882,no pobre,basal,0,625.0,900.0,1.0,70.0,10,445,31193,2,1.0
97,0.0,0.0,2.128,0.0,6.0,3,129.5685023937641,189.8821802852882,pobre,basal,6,0.0,847.5,1.0,18.0,15,445,31194,6,0.0
98,0.0,0.0,2.128,,,3,129.5685023937641,189.8821802852882,pobre,basal,6,0.0,847.5,1.0,18.0,16,445,31194,6,0.0
97,1.0,0.0,2.128,0.0,6.0,5,129.5685023937641,189.8821802852882,pobre,basal,3,625.0,743.5,1.0,34.0,16,445,31195,6,0.0
98,1.0,0.0,2.128,,,5,129.5685023937641,189.8821802852882,pobre,basal,3,625.0,743.5,1.0,34.0,17,445,31195,6,0.0
97,0.0,0.0,2.128,0.0,4.0,5,129.5685023937641,189.8821802852882,pobre,basal,3,625.0,743.5,1.0,34.0,14,445,31196,4,0.0
98,0.0,0.0,2.128,,,5,129.5685023937641,189.8821802852882,pobre,basal,3,625.0,743.5,1.0,34.0,15,445,31196,4,0.0
97,0.0,0.0,2.128,1.0,3.0,5,129.5685023937641,189.8821802852882,pobre,basal,3,625.0,743.5,1.0,34.0,9,445,31197,3,1.0
98,0.0,0.0,2.128,1.0,4.0,5,129.5685023937641,189.8821802852882,pobre,basal,3,625.0,743.5,1.0,34.0,10,445,31197,3,1.0
97,0.0,0.0,2.128,1.0,2.0,5,129.5685023937641,189.8821802852882,pobre,basal,9,625.0,773.0,1.0,31.0,13,445,31198,2,1.0
98,0.0,0.0,2.128,1.0,3.0,5,129.5685023937641,189.8821802852882,pobre,basal,9,625.0,773.0,1.0,31.0,14,445,31198,2,1.0
97,0.0,0.0,2.128,1.0,1.0,5,129.5685023937641,189.8821802852882,pobre,basal,9,625.0,773.0,1.0,31.0,7,445,31199,1,1.0
98,0.0,0.0,2.128,1.0,2.0,5,129.5685023937641,189.8821802852882,pobre,basal,9,625.0,773.0,1.0,31.0,8,445,31199,1,1.0
97,1.0,1.0,2.128,0.0,6.0,9,129.5685023937641,189.8821802852882,pobre,basal,0,625.0,545.0,1.0,50.0,16,445,31200,6,0.0
98,1.0,1.0,2.128,,,9,129.5685023937641,189.8821802852882,pobre,basal,0,625.0,545.0,1.0,50.0,17,445,31200,6,0.0
97,1.0,1.0,2.128,0.0,3.0,9,129.5685023937641,189.8821802852882,pobre,basal,0,625.0,545.0,1.0,50.0,14,445,31201,3,0.0
98,1.0,1.0,2.128,,,9,129.5685023937641,189.8821802852882,pobre,basal,0,625.0,545.0,1.0,50.0,15,445,31201,3,0.0
97,1.0,1.0,2.128,1.0,4.0,9,129.5685023937641,189.8821802852882,pobre,basal,0,625.0,545.0,1.0,50.0,13,445,31202,4,1.0
98,1.0,1.0,2.128,1.0,5.0,9,129.5685023937641,189.8821802852882,pobre,basal,0,625.0,545.0,1.0,50.0,14,445,31202,4,1.0
97,0.0,1.0,2.128,1.0,3.0,9,129.5685023937641,189.8821802852882,pobre,basal,0,625.0,545.0,1.0,50.0,9,445,31203,3,1.0
98,0.0,1.0,2.128,1.0,4.0,9,129.5685023937641,189.8821802852882,pobre,basal,0,625.0,545.0,1.0,50.0,10,445,31203,3,1.0
97,1.0,1.0,2.128,1.0,0.0,9,129.5685023937641,189.8821802852882,pobre,basal,0,625.0,545.0,1.0,50.0,7,445,31204,0,1.0
98,1.0,1.0,2.128,1.0,1.0,9,129.5685023937641,189.8821802852882,pobre,basal,0,625.0,545.0,1.0,50.0,8,445,31204,0,1.0
97,1.0,0.0,2.128,0.0,4.0,7,129.5685023937641,189.8821802852882,pobre,basal,1,0.0,695.0,0.0,45.0,16,445,31205,4,0.0
98,1.0,0.0,2.128,,,7,129.5685023937641,189.8821802852882,pobre,basal,1,0.0,695.0,0.0,45.0,17,445,31205,4,0.0
97,0.0,0.0,2.128,0.0,6.0,7,129.5685023937641,189.8821802852882,pobre,basal,1,0.0,695.0,0.0,45.0,14,445,31206,6,0.0
98,0.0,0.0,2.128,,,7,129.5685023937641,189.8821802852882,pobre,basal,1,0.0,695.0,0.0,45.0,15,445,31206,6,0.0
97,1.0,0.0,2.128,1.0,2.0,7,129.5685023937641,189.8821802852882,pobre,basal,1,0.0,695.0,0.0,45.0,9,445,31207,2,1.0
98,1.0,0.0,2.128,1.0,1.0,7,129.5685023937641,189.8821802852882,pobre,basal,1,0.0,695.0,0.0,45.0,10,445,31207,2,1.0
97,1.0,0.0,2.128,1.0,4.0,5,129.5685023937641,189.8821802852882,pobre,basal,6,625.0,659.0,1.0,24.0,9,445,31208,4,1.0
98,1.0,0.0,2.128,1.0,5.0,5,129.5685023937641,189.8821802852882,pobre,basal,6,625.0,659.0,1.0,24.0,10,445,31208,4,1.0
97,0.0,0.0,2.128,0.0,9.0,6,129.5685023937641,189.8821802852882,no pobre,basal,4,625.0,835.5,1.0,54.0,16,445,31209,9,0.0
98,0.0,0.0,2.128,,,6,129.5685023937641,189.8821802852882,no pobre,basal,4,625.0,835.5,1.0,54.0,17,445,31209,9,0.0
97,1.0,0.0,2.128,1.0,2.0,16,129.5685023937641,189.8821802852882,pobre,basal,0,625.0,656.0,1.0,55.0,7,445,31210,2,1.0
98,1.0,0.0,2.128,1.0,3.0,16,129.5685023937641,189.8821802852882,pobre,basal,0,625.0,656.0,1.0,55.0,8,445,31210,2,1.0
97,0.0,0.0,2.128,1.0,2.0,16,129.5685023937641,189.8821802852882,pobre,basal,0,625.0,656.0,1.0,55.0,6,445,31211,2,1.0
98,0.0,0.0,2.128,1.0,0.0,16,129.5685023937641,189.8821802852882,pobre,basal,0,625.0,656.0,1.0,55.0,7,445,31211,2,1.0
97,1.0,1.0,2.128,0.0,0.0,16,129.5685023937641,189.8821802852882,pobre,basal,0,625.0,656.0,1.0,55.0,16,445,31212,0,0.0
98,1.0,1.0,2.128,,,16,129.5685023937641,189.8821802852882,pobre,basal,0,625.0,656.0,1.0,55.0,17,445,31212,0,0.0
97,1.0,0.0,2.128,1.0,1.0,4,129.5685023937641,189.8821802852882,pobre,basal,13,2400.0,747.0,1.0,32.0,6,445,31213,1,1.0
98,1.0,0.0,2.128,1.0,0.0,4,129.5685023937641,189.8821802852882,pobre,basal,13,2400.0,747.0,1.0,32.0,7,445,31213,1,1.0
97,1.0,0.0,2.128,1.0,10.0,5,129.5685023937641,189.8821802852882,pobre,basal,6,600.0,710.0,1.0,45.0,16,445,31214,10,1.0
98,1.0,0.0,2.128,1.0,10.0,5,129.5685023937641,189.8821802852882,pobre,basal,6,600.0,710.0,1.0,45.0,17,445,31214,10,1.0
97,0.0,0.0,2.128,1.0,8.0,5,129.5685023937641,189.8821802852882,pobre,basal,6,600.0,710.0,1.0,45.0,13,445,31215,8,1.0
98,0.0,0.0,2.128,1.0,8.0,5,129.5685023937641,189.8821802852882,pobre,basal,6,600.0,710.0,1.0,45.0,14,445,31215,8,1.0
97,0.0,1.0,2.128,0.0,8.0,5,129.5685023937641,189.8821802852882,pobre,basal,2,625.0,675.0,1.0,42.0,15,445,31216,8,0.0
98,0.0,1.0,2.128,0.0,9.0,5,129.5685023937641,189.8821802852882,pobre,basal,2,625.0,675.0,1.0,42.0,16,445,31216,8,0.0
97,0.0,1.0,2.128,1.0,6.0,5,129.5685023937641,189.8821802852882,pobre,basal,2,625.0,675.0,1.0,42.0,12,445,31217,6,1.0
98,0.0,1.0,2.128,1.0,7.0,5,129.5685023937641,189.8821802852882,pobre,basal,2,625.0,675.0,1.0,42.0,13,445,31217,6,1.0
97,0.0,1.0,2.128,1.0,3.0,5,129.5685023937641,189.8821802852882,pobre,basal,2,625.0,675.0,1.0,42.0,10,445,31218,3,1.0
98,0.0,1.0,2.128,1.0,4.0,5,129.5685023937641,189.8821802852882,pobre,basal,2,625.0,675.0,1.0,42.0,11,445,31218,3,1.0
97,0.0,0.0,2.128,1.0,11.0,5,129.5685023937641,189.8821802852882,pobre,basal,6,1000.0,914.0,1.0,36.0,16,445,31219,11,1.0
98,0.0,0.0,2.128,,,5,129.5685023937641,189.8821802852882,pobre,basal,6,1000.0,914.0,1.0,36.0,17,445,31219,11,1.0
97,0.0,0.0,2.128,1.0,7.0,5,129.5685023937641,189.8821802852882,pobre,basal,6,1000.0,914.0,1.0,36.0,12,445,31220,7,1.0
98,0.0,0.0,2.128,1.0,7.0,5,129.5685023937641,189.8821802852882,pobre,basal,6,1000.0,914.0,1.0,36.0,13,445,31220,7,1.0
97,0.0,0.0,2.128,1.0,3.0,5,129.5685023937641,189.8821802852882,pobre,basal,6,1000.0,914.0,1.0,36.0,9,445,31221,3,1.0
98,0.0,0.0,2.128,1.0,4.0,5,129.5685023937641,189.8821802852882,pobre,basal,6,1000.0,914.0,1.0,36.0,10,445,31221,3,1.0
97,1.0,0.0,2.128,1.0,6.0,6,129.5685023937641,189.8821802852882,pobre,basal,6,625.0,627.0,1.0,49.0,14,445,31222,6,1.0
98,1.0,0.0,2.128,1.0,7.0,6,129.5685023937641,189.8821802852882,pobre,basal,6,625.0,627.0,1.0,49.0,15,445,31222,6,1.0
97,0.0,0.0,2.128,1.0,3.0,6,129.5685023937641,189.8821802852882,pobre,basal,6,625.0,627.0,1.0,49.0,9,445,31223,3,1.0
98,0.0,0.0,2.128,1.0,3.0,6,129.5685023937641,189.8821802852882,pobre,basal,6,625.0,627.0,1.0,49.0,10,445,31223,3,1.0
97,1.0,0.0,2.128,1.0,1.0,6,129.5685023937641,189.8821802852882,pobre,basal,6,625.0,627.0,1.0,49.0,7,445,31224,1,1.0
98,1.0,0.0,2.128,1.0,1.0,6,129.5685023937641,189.8821802852882,pobre,basal,6,625.0,627.0,1.0,49.0,8,445,31224,1,1.0
97,0.0,1.0,2.128,0.0,5.0,5,129.5685023937641,189.8821802852882,pobre,basal,0,625.0,755.5,1.0,72.0,16,445,31225,5,0.0
98,0.0,1.0,2.128,,,5,129.5685023937641,189.8821802852882,pobre,basal,0,625.0,755.5,1.0,72.0,17,445,31225,5,0.0
97,1.0,0.0,2.128,1.0,6.0,10,129.5685023937641,189.8821802852882,pobre,basal,3,625.0,447.0,1.0,46.0,16,445,31226,6,1.0
98,1.0,0.0,2.128,1.0,7.0,10,129.5685023937641,189.8821802852882,pobre,basal,3,625.0,447.0,1.0,46.0,17,445,31226,6,1.0
97,1.0,0.0,2.128,1.0,4.0,10,129.5685023937641,189.8821802852882,pobre,basal,3,625.0,447.0,1.0,46.0,12,445,31227,4,1.0
98,1.0,0.0,2.128,1.0,4.0,10,129.5685023937641,189.8821802852882,pobre,basal,3,625.0,447.0,1.0,46.0,13,445,31227,4,1.0
97,1.0,0.0,2.128,1.0,3.0,10,129.5685023937641,189.8821802852882,pobre,basal,3,625.0,447.0,1.0,46.0,11,445,31228,3,1.0
98,1.0,0.0,2.128,1.0,3.0,10,129.5685023937641,189.8821802852882,pobre,basal,3,625.0,447.0,1.0,46.0,12,445,31228,3,1.0
97,1.0,0.0,2.128,1.0,1.0,10,129.5685023937641,189.8821802852882,pobre,basal,3,625.0,447.0,1.0,46.0,11,445,31229,1,1.0
98,1.0,0.0,2.128,1.0,2.0,10,129.5685023937641,189.8821802852882,pobre,basal,3,625.0,447.0,1.0,46.0,12,445,31229,1,1.0
97,1.0,0.0,2.128,1.0,1.0,10,129.5685023937641,189.8821802852882,pobre,basal,3,625.0,447.0,1.0,46.0,7,445,31230,1,1.0
98,1.0,0.0,2.128,1.0,2.0,10,129.5685023937641,189.8821802852882,pobre,basal,3,625.0,447.0,1.0,46.0,8,445,31230,1,1.0
97,0.0,0.0,2.128,1.0,1.0,10,129.5685023937641,189.8821802852882,pobre,basal,3,625.0,447.0,1.0,46.0,6,445,31231,1,1.0
98,0.0,0.0,2.128,1.0,0.0,10,129.5685023937641,189.8821802852882,pobre,basal,3,625.0,447.0,1.0,46.0,7,445,31231,1,1.0
97,0.0,1.0,2.128,,0.0,5,129.5685023937641,189.8821802852882,pobre,basal,0,625.0,861.5,1.0,30.0,6,445,31232,0,
98,0.0,1.0,2.128,,,5,129.5685023937641,189.8821802852882,pobre,basal,0,625.0,861.5,1.0,30.0,7,445,31232,0,
97,1.0,1.0,2.128,1.0,6.0,5,129.5685023937641,189.8821802852882,pobre,basal,0,625.0,544.0,1.0,51.0,11,445,31233,6,1.0
98,1.0,1.0,2.128,1.0,7.0,5,129.5685023937641,189.8821802852882,pobre,basal,0,625.0,544.0,1.0,51.0,12,445,31233,6,1.0
97,1.0,1.0,2.128,1.0,4.0,5,129.5685023937641,189.8821802852882,pobre,basal,0,625.0,544.0,1.0,51.0,9,445,31234,4,1.0
98,1.0,1.0,2.128,1.0,5.0,5,129.5685023937641,189.8821802852882,pobre,basal,0,625.0,544.0,1.0,51.0,10,445,31234,4,1.0
97,1.0,1.0,2.128,1.0,2.0,5,129.5685023937641,189.8821802852882,pobre,basal,0,625.0,544.0,1.0,51.0,7,445,31235,2,1.0
98,1.0,1.0,2.128,1.0,2.0,5,129.5685023937641,189.8821802852882,pobre,basal,0,625.0,544.0,1.0,51.0,8,445,31235,2,1.0
97,1.0,1.0,2.128,0.0,6.0,6,129.5685023937641,189.8821802852882,pobre,basal,0,0.0,555.0,0.0,49.0,14,445,31236,6,0.0
98,1.0,1.0,2.128,,,6,129.5685023937641,189.8821802852882,pobre,basal,0,0.0,555.0,0.0,49.0,15,445,31236,6,0.0
97,1.0,1.0,2.128,1.0,5.0,6,129.5685023937641,189.8821802852882,pobre,basal,0,0.0,555.0,0.0,49.0,10,445,31237,5,1.0
98,1.0,1.0,2.128,1.0,6.0,6,129.5685023937641,189.8821802852882,pobre,basal,0,0.0,555.0,0.0,49.0,11,445,31237,5,1.0
97,0.0,1.0,2.128,1.0,2.0,6,129.5685023937641,189.8821802852882,pobre,basal,0,0.0,555.0,0.0,49.0,6,445,31238,2,1.0
98,0.0,1.0,2.128,1.0,3.0,6,129.5685023937641,189.8821802852882,pobre,basal,0,0.0,555.0,0.0,49.0,7,445,31238,2,1.0
97,1.0,1.0,2.128,1.0,0.0,4,129.5685023937641,189.8821802852882,pobre,basal,9,0.0,556.0,0.0,28.0,6,445,31239,0,1.0
98,1.0,1.0,2.128,1.0,1.0,4,129.5685023937641,189.8821802852882,pobre,basal,9,0.0,556.0,0.0,28.0,7,445,31239,0,1.0
97,0.0,0.0,2.128,1.0,6.0,5,129.5685023937641,189.8821802852882,pobre,basal,0,625.0,565.0,1.0,49.0,11,445,31240,6,1.0
98,0.0,0.0,2.128,1.0,6.0,5,129.5685023937641,189.8821802852882,pobre,basal,0,625.0,565.0,1.0,49.0,12,445,31240,6,1.0
97,1.0,0.0,2.128,1.0,3.0,5,129.5685023937641,189.8821802852882,pobre,basal,0,625.0,565.0,1.0,49.0,9,445,31241,3,1.0
98,1.0,0.0,2.128,1.0,4.0,5,129.5685023937641,189.8821802852882,pobre,basal,0,625.0,565.0,1.0,49.0,10,445,31241,3,1.0
97,1.0,0.0,2.128,1.0,7.0,12,129.5685023937641,189.8821802852882,pobre,basal,8,1200.0,420.0,1.0,38.0,13,445,31242,7,1.0
98,1.0,0.0,2.128,1.0,7.0,12,129.5685023937641,189.8821802852882,pobre,basal,8,1200.0,420.0,1.0,38.0,14,445,31242,7,1.0
97,0.0,0.0,2.128,1.0,5.0,12,129.5685023937641,189.8821802852882,pobre,basal,8,1200.0,420.0,1.0,38.0,12,445,31243,5,1.0
98,0.0,0.0,2.128,1.0,7.0,12,129.5685023937641,189.8821802852882,pobre,basal,8,1200.0,420.0,1.0,38.0,13,445,31243,5,1.0
97,1.0,0.0,2.128,1.0,5.0,12,129.5685023937641,189.8821802852882,pobre,basal,8,1200.0,420.0,1.0,38.0,11,445,31244,5,1.0
98,1.0,0.0,2.128,1.0,6.0,12,129.5685023937641,189.8821802852882,pobre,basal,8,1200.0,420.0,1.0,38.0,12,445,31244,5,1.0
97,0.0,0.0,2.128,1.0,1.0,12,129.5685023937641,189.8821802852882,pobre,basal,8,1200.0,420.0,1.0,38.0,7,445,31245,1,1.0
98,0.0,0.0,2.128,1.0,2.0,12,129.5685023937641,189.8821802852882,pobre,basal,8,1200.0,420.0,1.0,38.0,8,445,31245,1,1.0
97,0.0,0.0,2.128,1.0,3.0,12,129.5685023937641,189.8821802852882,pobre,basal,8,1200.0,420.0,1.0,38.0,9,445,31246,3,1.0
98,0.0,0.0,2.128,1.0,4.0,12,129.5685023937641,189.8821802852882,pobre,basal,8,1200.0,420.0,1.0,38.0,10,445,31246,3,1.0
97,1.0,0.0,2.128,1.0,1.0,12,129.5685023937641,189.8821802852882,pobre,basal,8,1200.0,420.0,1.0,38.0,7,445,31247,1,1.0
98,1.0,0.0,2.128,1.0,2.0,12,129.5685023937641,189.8821802852882,pobre,basal,8,1200.0,420.0,1.0,38.0,8,445,31247,1,1.0
97,1.0,0.0,2.128,1.0,0.0,12,129.5685023937641,189.8821802852882,pobre,basal,8,1200.0,420.0,1.0,38.0,6,445,31248,0,1.0
98,1.0,0.0,2.128,1.0,1.0,12,129.5685023937641,189.8821802852882,pobre,basal,8,1200.0,420.0,1.0,38.0,7,445,31248,0,1.0
97,0.0,0.0,2.128,0.0,3.0,7,129.5685023937641,189.8821802852882,pobre,basal,0,0.0,587.37,1.0,,13,445,31249,3,0.0
98,0.0,0.0,2.128,0.0,3.0,7,129.5685023937641,189.8821802852882,pobre,basal,0,0.0,587.37,1.0,,14,445,31249,3,0.0
97,1.0,0.0,2.128,1.0,3.0,7,129.5685023937641,189.8821802852882,pobre,basal,0,0.0,587.37,1.0,,9,445,31250,3,1.0
98,1.0,0.0,2.128,1.0,3.0,7,129.5685023937641,189.8821802852882,pobre,basal,0,0.0,587.37,1.0,,10,445,31250,3,1.0
97,1.0,0.0,2.128,1.0,5.0,4,129.5685023937641,189.8821802852882,pobre,basal,2,500.0,735.0,1.0,54.0,14,445,31251,5,1.0
98,1.0,0.0,2.128,1.0,6.0,4,129.5685023937641,189.8821802852882,pobre,basal,2,500.0,735.0,1.0,54.0,15,445,31251,5,1.0
97,0.0,0.0,2.128,1.0,3.0,4,129.5685023937641,189.8821802852882,pobre,basal,2,500.0,735.0,1.0,54.0,10,445,31252,3,1.0
98,0.0,0.0,2.128,1.0,3.0,4,129.5685023937641,189.8821802852882,pobre,basal,2,500.0,735.0,1.0,54.0,11,445,31252,3,1.0
97,1.0,0.0,2.128,1.0,3.0,3,129.5685023937641,189.8821802852882,no pobre,basal,3,625.0,781.0,1.0,49.0,8,445,31253,3,1.0
98,1.0,0.0,2.128,1.0,3.0,3,129.5685023937641,189.8821802852882,no pobre,basal,3,625.0,781.0,1.0,49.0,9,445,31253,3,1.0
97,1.0,0.0,2.128,0.0,6.0,4,129.5685023937641,189.8821802852882,no pobre,basal,0,0.0,912.0,1.0,63.0,16,445,31254,6,0.0
98,1.0,0.0,2.128,,,4,129.5685023937641,189.8821802852882,no pobre,basal,0,0.0,912.0,1.0,63.0,17,445,31254,6,0.0
97,1.0,0.0,2.128,1.0,2.0,4,129.5685023937641,189.8821802852882,no pobre,basal,0,0.0,912.0,1.0,63.0,8,445,31255,2,1.0
98,1.0,0.0,2.128,,,4,129.5685023937641,189.8821802852882,no pobre,basal,0,0.0,912.0,1.0,63.0,9,445,31255,2,1.0
97,0.0,0.0,2.128,1.0,5.0,4,129.5685023937641,189.8821802852882,pobre,basal,6,625.0,681.0,1.0,21.0,11,445,31256,5,1.0
98,0.0,0.0,2.128,,,4,129.5685023937641,189.8821802852882,pobre,basal,6,625.0,681.0,1.0,21.0,12,445,31256,5,1.0
97,1.0,0.0,2.128,1.0,7.0,4,129.5685023937641,189.8821802852882,pobre,basal,9,300.0,793.0,1.0,37.0,12,445,31257,7,1.0
98,1.0,0.0,2.128,1.0,7.0,4,129.5685023937641,189.8821802852882,pobre,basal,9,300.0,793.0,1.0,37.0,13,445,31257,7,1.0
97,0.0,0.0,2.128,1.0,4.0,4,129.5685023937641,189.8821802852882,pobre,basal,9,300.0,793.0,1.0,37.0,9,445,31258,4,1.0
98,0.0,0.0,2.128,1.0,4.0,4,129.5685023937641,189.8821802852882,pobre,basal,9,300.0,793.0,1.0,37.0,10,445,31258,4,1.0
97,1.0,0.0,2.128,0.0,2.0,4,129.5685023937641,189.8821802852882,pobre,basal,4,400.0,726.33002,1.0,31.0,13,445,31259,2,0.0
98,1.0,0.0,2.128,1.0,2.0,4,129.5685023937641,189.8821802852882,pobre,basal,4,400.0,726.33002,1.0,31.0,14,445,31259,2,0.0
97,1.0,0.0,2.128,1.0,5.0,3,129.5685023937641,189.8821802852882,pobre,basal,3,500.0,733.0,1.0,35.0,10,445,31260,5,1.0
98,1.0,0.0,2.128,1.0,6.0,3,129.5685023937641,189.8821802852882,pobre,basal,3,500.0,733.0,1.0,35.0,11,445,31260,5,1.0
97,1.0,0.0,2.128,0.0,3.0,7,129.5685023937641,189.8821802852882,pobre,basal,0,0.0,745.33002,1.0,57.0,16,445,31261,3,0.0
98,1.0,0.0,2.128,,,7,129.5685023937641,189.8821802852882,pobre,basal,0,0.0,745.33002,1.0,57.0,17,445,31261,3,0.0
97,0.0,0.0,2.128,1.0,6.0,7,129.5685023937641,189.8821802852882,pobre,basal,0,0.0,745.33002,1.0,57.0,12,445,31262,6,1.0
98,0.0,0.0,2.128,0.0,6.0,7,129.5685023937641,189.8821802852882,pobre,basal,0,0.0,745.33002,1.0,57.0,13,445,31262,6,1.0
97,0.0,0.0,2.128,1.0,3.0,7,129.5685023937641,189.8821802852882,pobre,basal,0,0.0,745.33002,1.0,57.0,8,445,31263,3,1.0
98,0.0,0.0,2.128,1.0,4.0,7,129.5685023937641,189.8821802852882,pobre,basal,0,0.0,745.33002,1.0,57.0,9,445,31263,3,1.0
97,0.0,0.0,2.128,1.0,8.0,3,129.5685023937641,189.8821802852882,no pobre,basal,1,1000.0,950.0,1.0,53.0,13,445,31264,8,1.0
98,0.0,0.0,2.128,1.0,8.0,3,129.5685023937641,189.8821802852882,no pobre,basal,1,1000.0,950.0,1.0,53.0,14,445,31264,8,1.0
97,1.0,0.0,2.128,0.0,6.0,6,129.5685023937641,189.8821802852882,no pobre,basal,0,0.0,869.5,0.0,52.0,16,445,31265,6,0.0
98,1.0,0.0,2.128,,,6,129.5685023937641,189.8821802852882,no pobre,basal,0,0.0,869.5,0.0,52.0,17,445,31265,6,0.0
97,0.0,0.0,2.128,0.0,6.0,6,129.5685023937641,189.8821802852882,no pobre,basal,0,0.0,869.5,0.0,52.0,14,445,31266,6,0.0
98,0.0,0.0,2.128,1.0,6.0,6,129.5685023937641,189.8821802852882,no pobre,basal,0,0.0,869.5,0.0,52.0,15,445,31266,6,0.0
97,0.0,0.0,2.128,1.0,5.0,6,129.5685023937641,189.8821802852882,pobre,basal,6,600.0,625.0,1.0,32.0,11,445,31267,5,1.0
98,0.0,0.0,2.128,1.0,6.0,6,129.5685023937641,189.8821802852882,pobre,basal,6,600.0,625.0,1.0,32.0,12,445,31267,5,1.0
97,1.0,0.0,2.128,1.0,2.0,6,129.5685023937641,189.8821802852882,pobre,basal,6,600.0,625.0,1.0,32.0,8,445,31268,2,1.0
98,1.0,0.0,2.128,1.0,3.0,6,129.5685023937641,189.8821802852882,pobre,basal,6,600.0,625.0,1.0,32.0,9,445,31268,2,1.0
97,0.0,0.0,2.128,1.0,10.0,7,129.5685023937641,189.8821802852882,pobre,basal,5,720.0,679.0,1.0,43.0,15,445,31269,10,1.0
98,0.0,0.0,2.128,1.0,11.0,7,129.5685023937641,189.8821802852882,pobre,basal,5,720.0,679.0,1.0,43.0,16,445,31269,10,1.0
97,1.0,0.0,2.128,1.0,8.0,7,129.5685023937641,189.8821802852882,pobre,basal,5,720.0,679.0,1.0,43.0,13,445,31270,8,1.0
98,1.0,0.0,2.128,1.0,8.0,7,129.5685023937641,189.8821802852882,pobre,basal,5,720.0,679.0,1.0,43.0,14,445,31270,8,1.0
97,0.0,0.0,2.128,1.0,7.0,7,129.5685023937641,189.8821802852882,pobre,basal,5,720.0,679.0,1.0,43.0,11,445,31271,7,1.0
98,0.0,0.0,2.128,1.0,7.0,7,129.5685023937641,189.8821802852882,pobre,basal,5,720.0,679.0,1.0,43.0,12,445,31271,7,1.0
97,1.0,0.0,2.128,0.0,4.0,4,129.5685023937641,189.8821802852882,pobre,basal,3,625.0,696.0,1.0,43.0,14,445,31272,4,0.0
98,1.0,0.0,2.128,,,4,129.5685023937641,189.8821802852882,pobre,basal,3,625.0,696.0,1.0,43.0,15,445,31272,4,0.0
97,0.0,0.0,2.128,1.0,4.0,4,129.5685023937641,189.8821802852882,pobre,basal,3,625.0,696.0,1.0,43.0,13,445,31273,4,1.0
98,0.0,0.0,2.128,,,4,129.5685023937641,189.8821802852882,pobre,basal,3,625.0,696.0,1.0,43.0,14,445,31273,4,1.0
97,0.0,0.0,2.128,1.0,8.0,5,129.5685023937641,189.8821802852882,pobre,basal,6,936.0,735.0,1.0,36.0,14,445,31274,8,1.0
98,0.0,0.0,2.128,1.0,8.0,5,129.5685023937641,189.8821802852882,pobre,basal,6,936.0,735.0,1.0,36.0,15,445,31274,8,1.0
97,1.0,0.0,2.128,1.0,5.0,5,129.5685023937641,189.8821802852882,pobre,basal,6,936.0,735.0,1.0,36.0,10,445,31275,5,1.0
98,1.0,0.0,2.128,1.0,5.0,5,129.5685023937641,189.8821802852882,pobre,basal,6,936.0,735.0,1.0,36.0,11,445,31275,5,1.0
97,0.0,0.0,2.128,1.0,3.0,5,129.5685023937641,189.8821802852882,pobre,basal,6,936.0,735.0,1.0,36.0,9,445,31276,3,1.0
98,0.0,0.0,2.128,1.0,4.0,5,129.5685023937641,189.8821802852882,pobre,basal,6,936.0,735.0,1.0,36.0,10,445,31276,3,1.0
97,1.0,0.0,2.128,0.0,6.0,6,129.5685023937641,189.8821802852882,pobre,basal,5,0.0,619.0,0.0,37.0,16,445,31277,6,0.0
98,1.0,0.0,2.128,,,6,129.5685023937641,189.8821802852882,pobre,basal,5,0.0,619.0,0.0,37.0,17,445,31277,6,0.0
97,1.0,0.0,2.128,1.0,6.0,6,129.5685023937641,189.8821802852882,pobre,basal,5,0.0,619.0,0.0,37.0,11,445,31278,6,1.0
98,1.0,0.0,2.128,1.0,6.0,6,129.5685023937641,189.8821802852882,pobre,basal,5,0.0,619.0,0.0,37.0,12,445,31278,6,1.0
97,1.0,0.0,2.128,1.0,3.0,6,129.5685023937641,189.8821802852882,pobre,basal,5,0.0,619.0,0.0,37.0,9,445,31279,3,1.0
98,1.0,0.0,2.128,1.0,4.0,6,129.5685023937641,189.8821802852882,pobre,basal,5,0.0,619.0,0.0,37.0,10,445,31279,3,1.0
97,0.0,0.0,1.072,1.0,8.0,9,116.9347251940641,123.7225059561605,no pobre,0,6,0.0,1041.0,1.0,60.0,13,398,31280,8,1.0
98,0.0,0.0,1.072,1.0,9.0,9,116.9347251940641,123.7225059561605,no pobre,0,6,0.0,1041.0,1.0,60.0,14,398,31280,8,1.0
97,0.0,0.0,1.072,1.0,1.0,4,116.9347251940641,123.7225059561605,no pobre,0,4,760.41669,939.0,1.0,28.0,7,398,31281,1,1.0
98,0.0,0.0,1.072,1.0,2.0,4,116.9347251940641,123.7225059561605,no pobre,0,4,760.41669,939.0,1.0,28.0,8,398,31281,1,1.0
97,0.0,0.0,1.072,1.0,4.0,4,116.9347251940641,123.7225059561605,pobre,0,0,0.0,740.0,0.0,45.0,9,398,31282,4,1.0
98,0.0,0.0,1.072,1.0,5.0,4,116.9347251940641,123.7225059561605,pobre,0,0,0.0,740.0,0.0,45.0,10,398,31282,4,1.0
97,1.0,0.0,1.072,1.0,2.0,4,116.9347251940641,123.7225059561605,pobre,0,0,0.0,740.0,0.0,45.0,7,398,31283,2,1.0
98,1.0,0.0,1.072,1.0,3.0,4,116.9347251940641,123.7225059561605,pobre,0,0,0.0,740.0,0.0,45.0,8,398,31283,2,1.0
97,0.0,0.0,1.072,1.0,5.0,6,116.9347251940641,123.7225059561605,pobre,0,4,625.0,704.0,1.0,32.0,11,398,31284,5,1.0
98,0.0,0.0,1.072,1.0,6.0,6,116.9347251940641,123.7225059561605,pobre,0,4,625.0,704.0,1.0,32.0,12,398,31284,5,1.0
97,1.0,0.0,1.072,1.0,4.0,6,116.9347251940641,123.7225059561605,pobre,0,4,625.0,704.0,1.0,32.0,10,398,31285,4,1.0
98,1.0,0.0,1.072,1.0,5.0,6,116.9347251940641,123.7225059561605,pobre,0,4,625.0,704.0,1.0,32.0,11,398,31285,4,1.0
97,1.0,0.0,1.072,1.0,3.0,4,116.9347251940641,123.7225059561605,no pobre,0,9,2000.0,839.33002,1.0,40.0,9,398,31286,3,1.0
98,1.0,0.0,1.072,1.0,4.0,4,116.9347251940641,123.7225059561605,no pobre,0,9,2000.0,839.33002,1.0,40.0,10,398,31286,3,1.0
97,0.0,1.0,2.582,0.0,6.0,7,120.7396768102261,188.852089293381,pobre,0,0,500.0,499.0,1.0,52.0,16,415,31287,6,0.0
98,0.0,1.0,2.582,,,7,120.7396768102261,188.852089293381,pobre,0,0,500.0,499.0,1.0,52.0,17,415,31287,6,0.0
97,0.0,1.0,2.582,0.0,6.0,7,120.7396768102261,188.852089293381,pobre,0,0,500.0,499.0,1.0,52.0,14,415,31288,6,0.0
98,0.0,1.0,2.582,,,7,120.7396768102261,188.852089293381,pobre,0,0,500.0,499.0,1.0,52.0,15,415,31288,6,0.0
97,1.0,1.0,2.582,1.0,5.0,7,120.7396768102261,188.852089293381,pobre,0,0,500.0,499.0,1.0,52.0,13,415,31289,5,1.0
98,1.0,1.0,2.582,1.0,6.0,7,120.7396768102261,188.852089293381,pobre,0,0,500.0,499.0,1.0,52.0,14,415,31289,5,1.0
97,1.0,1.0,2.582,1.0,5.0,7,120.7396768102261,188.852089293381,pobre,0,0,500.0,499.0,1.0,52.0,13,415,31290,5,1.0
98,1.0,1.0,2.582,1.0,6.0,7,120.7396768102261,188.852089293381,pobre,0,0,500.0,499.0,1.0,52.0,14,415,31290,5,1.0
97,0.0,1.0,2.582,1.0,5.0,7,120.7396768102261,188.852089293381,pobre,0,0,500.0,499.0,1.0,52.0,10,415,31291,5,1.0
98,0.0,1.0,2.582,1.0,6.0,7,120.7396768102261,188.852089293381,pobre,0,0,500.0,499.0,1.0,52.0,11,415,31291,5,1.0
97,0.0,1.0,2.582,1.0,8.0,7,120.7396768102261,188.852089293381,pobre,0,0,375.0,455.0,1.0,34.0,15,415,31292,8,1.0
98,0.0,1.0,2.582,0.0,9.0,7,120.7396768102261,188.852089293381,pobre,0,0,375.0,455.0,1.0,34.0,16,415,31292,8,1.0
97,1.0,1.0,2.582,1.0,7.0,7,120.7396768102261,188.852089293381,pobre,0,0,375.0,455.0,1.0,34.0,13,415,31293,7,1.0
98,1.0,1.0,2.582,1.0,8.0,7,120.7396768102261,188.852089293381,pobre,0,0,375.0,455.0,1.0,34.0,14,415,31293,7,1.0
97,0.0,1.0,2.582,1.0,4.0,7,120.7396768102261,188.852089293381,pobre,0,0,375.0,455.0,1.0,34.0,11,415,31294,4,1.0
98,0.0,1.0,2.582,1.0,5.0,7,120.7396768102261,188.852089293381,pobre,0,0,375.0,455.0,1.0,34.0,12,415,31294,4,1.0
97,0.0,1.0,2.582,1.0,1.0,7,120.7396768102261,188.852089293381,pobre,0,0,375.0,455.0,1.0,34.0,6,415,31295,1,1.0
98,0.0,1.0,2.582,1.0,2.0,7,120.7396768102261,188.852089293381,pobre,0,0,375.0,455.0,1.0,34.0,7,415,31295,1,1.0
97,0.0,1.0,2.582,1.0,5.0,4,120.7396768102261,188.852089293381,pobre,0,0,500.0,595.0,1.0,43.0,11,415,31296,5,1.0
98,0.0,1.0,2.582,1.0,5.0,4,120.7396768102261,188.852089293381,pobre,0,0,500.0,595.0,1.0,43.0,12,415,31296,5,1.0
97,0.0,1.0,2.582,1.0,8.0,7,120.7396768102261,188.852089293381,pobre,0,3,500.0,486.0,1.0,38.0,16,415,31297,8,1.0
98,0.0,1.0,2.582,1.0,8.0,7,120.7396768102261,188.852089293381,pobre,0,3,500.0,486.0,1.0,38.0,17,415,31297,8,1.0
97,1.0,1.0,2.582,1.0,3.0,7,120.7396768102261,188.852089293381,pobre,0,3,500.0,486.0,1.0,38.0,8,415,31298,3,1.0
98,1.0,1.0,2.582,1.0,4.0,7,120.7396768102261,188.852089293381,pobre,0,3,500.0,486.0,1.0,38.0,9,415,31298,3,1.0
97,0.0,1.0,2.582,1.0,7.0,4,120.7396768102261,188.852089293381,pobre,0,1,0.0,606.0,1.0,45.0,12,415,31299,7,1.0
98,0.0,1.0,2.582,1.0,8.0,4,120.7396768102261,188.852089293381,pobre,0,1,0.0,606.0,1.0,45.0,13,415,31299,7,1.0
97,0.0,1.0,2.582,1.0,2.0,4,120.7396768102261,188.852089293381,pobre,0,3,0.0,517.0,0.0,26.0,8,415,31300,2,1.0
98,0.0,1.0,2.582,1.0,3.0,4,120.7396768102261,188.852089293381,pobre,0,3,0.0,517.0,0.0,26.0,9,415,31300,2,1.0
97,1.0,1.0,2.582,0.0,6.0,5,120.7396768102261,188.852089293381,pobre,0,2,250.0,543.0,1.0,47.0,14,415,31301,6,0.0
98,1.0,1.0,2.582,1.0,7.0,5,120.7396768102261,188.852089293381,pobre,0,2,250.0,543.0,1.0,47.0,15,415,31301,6,0.0
97,1.0,1.0,2.582,1.0,4.0,5,120.7396768102261,188.852089293381,pobre,0,2,250.0,543.0,1.0,47.0,11,415,31302,4,1.0
98,1.0,1.0,2.582,1.0,5.0,5,120.7396768102261,188.852089293381,pobre,0,2,250.0,543.0,1.0,47.0,12,415,31302,4,1.0
97,1.0,1.0,2.582,1.0,1.0,5,120.7396768102261,188.852089293381,pobre,0,2,250.0,543.0,1.0,47.0,7,415,31303,1,1.0
98,1.0,1.0,2.582,1.0,2.0,5,120.7396768102261,188.852089293381,pobre,0,2,250.0,543.0,1.0,47.0,8,415,31303,1,1.0
97,1.0,1.0,2.582,0.0,5.0,7,120.7396768102261,188.852089293381,pobre,0,0,500.0,585.5,1.0,45.0,16,415,31304,5,0.0
98,1.0,1.0,2.582,,,7,120.7396768102261,188.852089293381,pobre,0,0,500.0,585.5,1.0,45.0,17,415,31304,5,0.0
97,1.0,1.0,2.582,0.0,3.0,7,120.7396768102261,188.852089293381,pobre,0,0,500.0,585.5,1.0,45.0,12,415,31305,3,0.0
98,1.0,1.0,2.582,,,7,120.7396768102261,188.852089293381,pobre,0,0,500.0,585.5,1.0,45.0,13,415,31305,3,0.0
97,1.0,1.0,2.582,1.0,1.0,7,120.7396768102261,188.852089293381,pobre,0,0,500.0,585.5,1.0,45.0,7,415,31306,1,1.0
98,1.0,1.0,2.582,0.0,2.0,7,120.7396768102261,188.852089293381,pobre,0,0,500.0,585.5,1.0,45.0,8,415,31306,1,1.0
97,0.0,1.0,2.582,1.0,0.0,7,120.7396768102261,188.852089293381,pobre,0,0,500.0,585.5,1.0,45.0,6,415,31307,0,1.0
98,0.0,1.0,2.582,0.0,1.0,7,120.7396768102261,188.852089293381,pobre,0,0,500.0,585.5,1.0,45.0,7,415,31307,0,1.0
97,1.0,1.0,2.582,1.0,3.0,4,120.7396768102261,188.852089293381,pobre,0,0,375.0,598.0,1.0,52.0,12,415,31308,3,1.0
98,1.0,1.0,2.582,1.0,4.0,4,120.7396768102261,188.852089293381,pobre,0,0,375.0,598.0,1.0,52.0,13,415,31308,3,1.0
97,1.0,1.0,2.582,1.0,1.0,4,120.7396768102261,188.852089293381,pobre,0,0,375.0,598.0,1.0,52.0,7,415,31309,1,1.0
98,1.0,1.0,2.582,1.0,1.0,4,120.7396768102261,188.852089293381,pobre,0,0,375.0,598.0,1.0,52.0,8,415,31309,1,1.0
97,1.0,1.0,2.582,1.0,6.0,9,120.7396768102261,188.852089293381,pobre,0,0,750.0,413.0,1.0,42.0,16,415,31310,6,1.0
98,1.0,1.0,2.582,,,9,120.7396768102261,188.852089293381,pobre,0,0,750.0,413.0,1.0,42.0,17,415,31310,6,1.0
97,0.0,1.0,2.582,1.0,6.0,9,120.7396768102261,188.852089293381,pobre,0,0,750.0,413.0,1.0,42.0,14,415,31311,6,1.0
98,0.0,1.0,2.582,1.0,7.0,9,120.7396768102261,188.852089293381,pobre,0,0,750.0,413.0,1.0,42.0,15,415,31311,6,1.0
97,0.0,1.0,2.582,1.0,5.0,9,120.7396768102261,188.852089293381,pobre,0,0,750.0,413.0,1.0,42.0,12,415,31312,5,1.0
98,0.0,1.0,2.582,1.0,6.0,9,120.7396768102261,188.852089293381,pobre,0,0,750.0,413.0,1.0,42.0,13,415,31312,5,1.0
97,0.0,1.0,2.582,1.0,4.0,9,120.7396768102261,188.852089293381,pobre,0,0,750.0,413.0,1.0,42.0,10,415,31313,4,1.0
98,0.0,1.0,2.582,1.0,5.0,9,120.7396768102261,188.852089293381,pobre,0,0,750.0,413.0,1.0,42.0,11,415,31313,4,1.0
97,0.0,1.0,2.582,1.0,1.0,9,120.7396768102261,188.852089293381,pobre,0,0,750.0,413.0,1.0,42.0,8,415,31314,1,1.0
98,0.0,1.0,2.582,1.0,2.0,9,120.7396768102261,188.852089293381,pobre,0,0,750.0,413.0,1.0,42.0,9,415,31314,1,1.0
97,1.0,1.0,2.582,1.0,0.0,9,120.7396768102261,188.852089293381,pobre,0,0,750.0,413.0,1.0,42.0,6,415,31315,0,1.0
98,1.0,1.0,2.582,1.0,1.0,9,120.7396768102261,188.852089293381,pobre,0,0,750.0,413.0,1.0,42.0,7,415,31315,0,1.0
97,1.0,1.0,2.582,0.0,9.0,8,120.7396768102261,188.852089293381,pobre,0,3,0.0,443.34,1.0,36.0,16,415,31316,9,0.0
98,1.0,1.0,2.582,,,8,120.7396768102261,188.852089293381,pobre,0,3,0.0,443.34,1.0,36.0,17,415,31316,9,0.0
97,1.0,1.0,2.582,1.0,8.0,8,120.7396768102261,188.852089293381,pobre,0,3,0.0,443.34,1.0,36.0,13,415,31317,8,1.0
98,1.0,1.0,2.582,0.0,9.0,8,120.7396768102261,188.852089293381,pobre,0,3,0.0,443.34,1.0,36.0,14,415,31317,8,1.0
97,0.0,1.0,2.582,1.0,3.0,8,120.7396768102261,188.852089293381,pobre,0,3,0.0,443.34,1.0,36.0,9,415,31318,3,1.0
98,0.0,1.0,2.582,1.0,4.0,8,120.7396768102261,188.852089293381,pobre,0,3,0.0,443.34,1.0,36.0,10,415,31318,3,1.0
97,0.0,1.0,2.582,1.0,1.0,8,120.7396768102261,188.852089293381,pobre,0,3,0.0,443.34,1.0,36.0,7,415,31319,1,1.0
98,0.0,1.0,2.582,1.0,1.0,8,120.7396768102261,188.852089293381,pobre,0,3,0.0,443.34,1.0,36.0,8,415,31319,1,1.0
97,0.0,1.0,2.582,0.0,6.0,4,120.7396768102261,188.852089293381,pobre,0,0,625.0,683.0,1.0,52.0,13,415,31320,6,0.0
98,0.0,1.0,2.582,,,4,120.7396768102261,188.852089293381,pobre,0,0,625.0,683.0,1.0,52.0,14,415,31320,6,0.0
97,1.0,1.0,2.582,1.0,7.0,9,120.7396768102261,188.852089293381,pobre,0,0,625.0,373.0,1.0,38.0,13,415,31321,7,1.0
98,1.0,1.0,2.582,1.0,8.0,9,120.7396768102261,188.852089293381,pobre,0,0,625.0,373.0,1.0,38.0,14,415,31321,7,1.0
97,0.0,1.0,2.582,1.0,5.0,9,120.7396768102261,188.852089293381,pobre,0,0,625.0,373.0,1.0,38.0,11,415,31322,5,1.0
98,0.0,1.0,2.582,1.0,6.0,9,120.7396768102261,188.852089293381,pobre,0,0,625.0,373.0,1.0,38.0,12,415,31322,5,1.0
97,0.0,1.0,2.582,1.0,2.0,9,120.7396768102261,188.852089293381,pobre,0,0,625.0,373.0,1.0,38.0,9,415,31323,2,1.0
98,0.0,1.0,2.582,1.0,3.0,9,120.7396768102261,188.852089293381,pobre,0,0,625.0,373.0,1.0,38.0,10,415,31323,2,1.0
97,1.0,1.0,2.582,1.0,1.0,9,120.7396768102261,188.852089293381,pobre,0,0,625.0,373.0,1.0,38.0,7,415,31324,1,1.0
98,1.0,1.0,2.582,1.0,2.0,9,120.7396768102261,188.852089293381,pobre,0,0,625.0,373.0,1.0,38.0,8,415,31324,1,1.0
97,0.0,1.0,2.582,1.0,2.0,5,120.7396768102261,188.852089293381,pobre,0,5,350.0,550.0,1.0,37.0,9,415,31325,2,1.0
98,0.0,1.0,2.582,1.0,3.0,5,120.7396768102261,188.852089293381,pobre,0,5,350.0,550.0,1.0,37.0,10,415,31325,2,1.0
97,1.0,1.0,2.582,1.0,0.0,5,120.7396768102261,188.852089293381,pobre,0,5,350.0,550.0,1.0,37.0,7,415,31326,0,1.0
98,1.0,1.0,2.582,,,5,120.7396768102261,188.852089293381,pobre,0,5,350.0,550.0,1.0,37.0,8,415,31326,0,1.0
97,0.0,1.0,2.582,1.0,6.0,5,120.7396768102261,188.852089293381,pobre,0,0,500.0,561.0,1.0,44.0,12,415,31327,6,1.0
98,0.0,1.0,2.582,1.0,7.0,5,120.7396768102261,188.852089293381,pobre,0,0,500.0,561.0,1.0,44.0,13,415,31327,6,1.0
97,0.0,1.0,2.582,1.0,5.0,5,120.7396768102261,188.852089293381,pobre,0,0,500.0,561.0,1.0,44.0,10,415,31328,5,1.0
98,0.0,1.0,2.582,1.0,6.0,5,120.7396768102261,188.852089293381,pobre,0,0,500.0,561.0,1.0,44.0,11,415,31328,5,1.0
97,0.0,1.0,2.582,1.0,7.0,6,120.7396768102261,188.852089293381,pobre,0,1,500.0,637.0,1.0,45.0,15,415,31329,7,1.0
98,0.0,1.0,2.582,1.0,8.0,6,120.7396768102261,188.852089293381,pobre,0,1,500.0,637.0,1.0,45.0,16,415,31329,7,1.0
97,1.0,1.0,2.582,1.0,4.0,6,120.7396768102261,188.852089293381,pobre,0,1,500.0,637.0,1.0,45.0,11,415,31330,4,1.0
98,1.0,1.0,2.582,1.0,5.0,6,120.7396768102261,188.852089293381,pobre,0,1,500.0,637.0,1.0,45.0,12,415,31330,4,1.0
97,0.0,1.0,2.582,1.0,3.0,6,120.7396768102261,188.852089293381,pobre,0,1,500.0,637.0,1.0,45.0,9,415,31331,3,1.0
98,0.0,1.0,2.582,1.0,4.0,6,120.7396768102261,188.852089293381,pobre,0,1,500.0,637.0,1.0,45.0,10,415,31331,3,1.0
97,0.0,1.0,2.582,1.0,7.0,8,120.7396768102261,188.852089293381,pobre,0,0,500.0,414.0,1.0,55.0,13,415,31332,7,1.0
98,0.0,1.0,2.582,,,8,120.7396768102261,188.852089293381,pobre,0,0,500.0,414.0,1.0,55.0,14,415,31332,7,1.0
97,1.0,1.0,2.582,1.0,4.0,8,120.7396768102261,188.852089293381,pobre,0,0,500.0,414.0,1.0,55.0,11,415,31333,4,1.0
98,1.0,1.0,2.582,,,8,120.7396768102261,188.852089293381,pobre,0,0,500.0,414.0,1.0,55.0,12,415,31333,4,1.0
97,0.0,1.0,2.582,1.0,1.0,8,120.7396768102261,188.852089293381,pobre,0,0,500.0,414.0,1.0,55.0,9,415,31334,1,1.0
98,0.0,1.0,2.582,,,8,120.7396768102261,188.852089293381,pobre,0,0,500.0,414.0,1.0,55.0,10,415,31334,1,1.0
97,1.0,1.0,2.582,1.0,1.0,5,120.7396768102261,188.852089293381,pobre,0,1,375.0,640.0,1.0,38.0,7,415,31335,1,1.0
98,1.0,1.0,2.582,1.0,2.0,5,120.7396768102261,188.852089293381,pobre,0,1,375.0,640.0,1.0,38.0,8,415,31335,1,1.0
97,1.0,1.0,2.582,0.0,4.0,5,120.7396768102261,188.852089293381,pobre,0,0,500.0,551.0,1.0,35.0,14,415,31336,4,0.0
98,1.0,1.0,2.582,,,5,120.7396768102261,188.852089293381,pobre,0,0,500.0,551.0,1.0,35.0,15,415,31336,4,0.0
97,1.0,1.0,2.582,0.0,5.0,5,120.7396768102261,188.852089293381,pobre,0,0,500.0,551.0,1.0,35.0,12,415,31337,5,0.0
98,1.0,1.0,2.582,,,5,120.7396768102261,188.852089293381,pobre,0,0,500.0,551.0,1.0,35.0,13,415,31337,5,0.0
97,0.0,1.0,2.582,0.0,3.0,5,120.7396768102261,188.852089293381,pobre,0,0,500.0,551.0,1.0,35.0,10,415,31338,3,0.0
98,0.0,1.0,2.582,,,5,120.7396768102261,188.852089293381,pobre,0,0,500.0,551.0,1.0,35.0,11,415,31338,3,0.0
97,0.0,1.0,2.582,1.0,1.0,6,120.7396768102261,188.852089293381,pobre,0,9,325.0,521.0,1.0,34.0,7,415,31339,1,1.0
98,0.0,1.0,2.582,1.0,2.0,6,120.7396768102261,188.852089293381,pobre,0,9,325.0,521.0,1.0,34.0,8,415,31339,1,1.0
97,1.0,1.0,2.582,1.0,6.0,9,120.7396768102261,188.852089293381,pobre,0,0,0.0,389.0,1.0,44.0,15,415,31340,6,1.0
98,1.0,1.0,2.582,1.0,7.0,9,120.7396768102261,188.852089293381,pobre,0,0,0.0,389.0,1.0,44.0,16,415,31340,6,1.0
97,1.0,1.0,2.582,0.0,6.0,9,120.7396768102261,188.852089293381,pobre,0,0,0.0,389.0,1.0,44.0,13,415,31341,6,0.0
98,1.0,1.0,2.582,,,9,120.7396768102261,188.852089293381,pobre,0,0,0.0,389.0,1.0,44.0,14,415,31341,6,0.0
97,1.0,1.0,2.582,1.0,3.0,9,120.7396768102261,188.852089293381,pobre,0,0,0.0,389.0,1.0,44.0,11,415,31342,3,1.0
98,1.0,1.0,2.582,1.0,4.0,9,120.7396768102261,188.852089293381,pobre,0,0,0.0,389.0,1.0,44.0,12,415,31342,3,1.0
97,0.0,1.0,2.582,1.0,2.0,9,120.7396768102261,188.852089293381,pobre,0,0,0.0,389.0,1.0,44.0,9,415,31343,2,1.0
98,0.0,1.0,2.582,1.0,3.0,9,120.7396768102261,188.852089293381,pobre,0,0,0.0,389.0,1.0,44.0,10,415,31343,2,1.0
97,1.0,1.0,2.582,1.0,0.0,9,120.7396768102261,188.852089293381,pobre,0,0,0.0,389.0,1.0,44.0,6,415,31344,0,1.0
98,1.0,1.0,2.582,0.0,1.0,9,120.7396768102261,188.852089293381,pobre,0,0,0.0,389.0,1.0,44.0,7,415,31344,0,1.0
97,1.0,1.0,2.582,1.0,5.0,8,120.7396768102261,188.852089293381,pobre,0,0,400.0,427.0,1.0,45.0,13,415,31345,5,1.0
98,1.0,1.0,2.582,,,8,120.7396768102261,188.852089293381,pobre,0,0,400.0,427.0,1.0,45.0,14,415,31345,5,1.0
97,1.0,1.0,2.582,1.0,3.0,8,120.7396768102261,188.852089293381,pobre,0,0,400.0,427.0,1.0,45.0,11,415,31346,3,1.0
98,1.0,1.0,2.582,,,8,120.7396768102261,188.852089293381,pobre,0,0,400.0,427.0,1.0,45.0,12,415,31346,3,1.0
97,1.0,1.0,2.582,1.0,2.0,8,120.7396768102261,188.852089293381,pobre,0,0,400.0,427.0,1.0,45.0,9,415,31347,2,1.0
98,1.0,1.0,2.582,1.0,3.0,8,120.7396768102261,188.852089293381,pobre,0,0,400.0,427.0,1.0,45.0,10,415,31347,2,1.0
97,0.0,1.0,2.582,1.0,1.0,8,120.7396768102261,188.852089293381,pobre,0,0,400.0,427.0,1.0,45.0,7,415,31348,1,1.0
98,0.0,1.0,2.582,1.0,2.0,8,120.7396768102261,188.852089293381,pobre,0,0,400.0,427.0,1.0,45.0,8,415,31348,1,1.0
97,1.0,1.0,2.582,1.0,0.0,6,120.7396768102261,188.852089293381,pobre,0,0,0.0,804.0,1.0,71.0,6,415,31349,0,1.0
98,1.0,1.0,2.582,,,6,120.7396768102261,188.852089293381,pobre,0,0,0.0,804.0,1.0,71.0,7,415,31349,0,1.0
97,0.0,1.0,2.582,0.0,5.0,6,120.7396768102261,188.852089293381,pobre,0,0,500.0,516.0,1.0,49.0,14,415,31350,5,0.0
98,0.0,1.0,2.582,0.0,5.0,6,120.7396768102261,188.852089293381,pobre,0,0,500.0,516.0,1.0,49.0,15,415,31350,5,0.0
97,0.0,1.0,2.582,0.0,6.0,8,120.7396768102261,188.852089293381,pobre,0,0,1250.0,576.0,1.0,42.0,16,415,31351,6,0.0
98,0.0,1.0,2.582,0.0,6.0,8,120.7396768102261,188.852089293381,pobre,0,0,1250.0,576.0,1.0,42.0,17,415,31351,6,0.0
97,1.0,1.0,2.582,1.0,7.0,8,120.7396768102261,188.852089293381,pobre,0,0,1250.0,576.0,1.0,42.0,14,415,31352,7,1.0
98,1.0,1.0,2.582,1.0,8.0,8,120.7396768102261,188.852089293381,pobre,0,0,1250.0,576.0,1.0,42.0,15,415,31352,7,1.0
97,0.0,1.0,2.582,1.0,5.0,8,120.7396768102261,188.852089293381,pobre,0,0,1250.0,576.0,1.0,42.0,12,415,31353,5,1.0
98,0.0,1.0,2.582,1.0,6.0,8,120.7396768102261,188.852089293381,pobre,0,0,1250.0,576.0,1.0,42.0,13,415,31353,5,1.0
97,1.0,1.0,2.582,1.0,3.0,8,120.7396768102261,188.852089293381,pobre,0,0,1250.0,576.0,1.0,42.0,10,415,31354,3,1.0
98,1.0,1.0,2.582,1.0,4.0,8,120.7396768102261,188.852089293381,pobre,0,0,1250.0,576.0,1.0,42.0,11,415,31354,3,1.0
97,1.0,0.0,4.6820002,1.0,6.0,7,74.09189985663056,74.09189985663056,pobre,basal,4,0.0,530.0,1.0,43.0,12,191,31355,6,1.0
98,1.0,0.0,4.6820002,1.0,7.0,7,74.09189985663056,74.09189985663056,pobre,basal,4,0.0,530.0,1.0,43.0,13,191,31355,6,1.0
97,0.0,0.0,4.6820002,1.0,4.0,7,74.09189985663056,74.09189985663056,pobre,basal,4,0.0,530.0,1.0,43.0,10,191,31356,4,1.0
98,0.0,0.0,4.6820002,1.0,5.0,7,74.09189985663056,74.09189985663056,pobre,basal,4,0.0,530.0,1.0,43.0,11,191,31356,4,1.0
97,1.0,0.0,4.6820002,1.0,3.0,7,74.09189985663056,74.09189985663056,pobre,basal,4,0.0,530.0,1.0,43.0,8,191,31357,3,1.0
98,1.0,0.0,4.6820002,1.0,4.0,7,74.09189985663056,74.09189985663056,pobre,basal,4,0.0,530.0,1.0,43.0,9,191,31357,3,1.0
97,0.0,0.0,4.6820002,1.0,2.0,7,74.09189985663056,74.09189985663056,pobre,basal,4,0.0,530.0,1.0,43.0,7,191,31358,2,1.0
98,0.0,0.0,4.6820002,1.0,2.0,7,74.09189985663056,74.09189985663056,pobre,basal,4,0.0,530.0,1.0,43.0,8,191,31358,2,1.0
97,0.0,0.0,4.6820002,0.0,6.0,6,74.09189985663056,74.09189985663056,pobre,basal,6,0.0,556.0,0.0,32.0,13,191,31359,6,0.0
98,0.0,0.0,4.6820002,0.0,6.0,6,74.09189985663056,74.09189985663056,pobre,basal,6,0.0,556.0,0.0,32.0,14,191,31359,6,0.0
97,1.0,0.0,4.6820002,1.0,3.0,6,74.09189985663056,74.09189985663056,pobre,basal,6,0.0,556.0,0.0,32.0,9,191,31360,3,1.0
98,1.0,0.0,4.6820002,1.0,4.0,6,74.09189985663056,74.09189985663056,pobre,basal,6,0.0,556.0,0.0,32.0,10,191,31360,3,1.0
97,0.0,0.0,4.6820002,1.0,2.0,6,74.09189985663056,74.09189985663056,pobre,basal,6,0.0,556.0,0.0,32.0,8,191,31361,2,1.0
98,0.0,0.0,4.6820002,1.0,3.0,6,74.09189985663056,74.09189985663056,pobre,basal,6,0.0,556.0,0.0,32.0,9,191,31361,2,1.0
97,0.0,0.0,4.6820002,1.0,0.0,6,74.09189985663056,74.09189985663056,pobre,basal,6,0.0,556.0,0.0,32.0,7,191,31362,0,1.0
98,0.0,0.0,4.6820002,1.0,1.0,6,74.09189985663056,74.09189985663056,pobre,basal,6,0.0,556.0,0.0,32.0,8,191,31362,0,1.0
97,1.0,0.0,4.6820002,0.0,6.0,6,74.09189985663056,74.09189985663056,pobre,basal,0,750.0,707.0,1.0,70.0,16,191,31363,6,0.0
98,1.0,0.0,4.6820002,,,6,74.09189985663056,74.09189985663056,pobre,basal,0,750.0,707.0,1.0,70.0,17,191,31363,6,0.0
97,0.0,0.0,4.6820002,1.0,3.0,6,74.09189985663056,74.09189985663056,pobre,basal,0,750.0,707.0,1.0,70.0,8,191,31364,3,1.0
98,0.0,0.0,4.6820002,1.0,3.0,6,74.09189985663056,74.09189985663056,pobre,basal,0,750.0,707.0,1.0,70.0,9,191,31364,3,1.0
97,1.0,0.0,4.6820002,0.0,6.0,3,74.09189985663056,74.09189985663056,pobre,basal,6,0.0,744.5,1.0,20.0,15,191,31365,6,0.0
98,1.0,0.0,4.6820002,,,3,74.09189985663056,74.09189985663056,pobre,basal,6,0.0,744.5,1.0,20.0,16,191,31365,6,0.0
97,1.0,0.0,4.6820002,1.0,8.0,10,74.09189985663056,74.09189985663056,pobre,basal,0,500.0,616.0,1.0,53.0,16,191,31366,8,1.0
98,1.0,0.0,4.6820002,,,10,74.09189985663056,74.09189985663056,pobre,basal,0,500.0,616.0,1.0,53.0,17,191,31366,8,1.0
97,0.0,0.0,4.6820002,0.0,8.0,10,74.09189985663056,74.09189985663056,pobre,basal,0,500.0,616.0,1.0,53.0,14,191,31367,8,0.0
98,0.0,0.0,4.6820002,1.0,8.0,10,74.09189985663056,74.09189985663056,pobre,basal,0,500.0,616.0,1.0,53.0,15,191,31367,8,0.0
97,0.0,0.0,4.6820002,1.0,4.0,10,74.09189985663056,74.09189985663056,pobre,basal,0,500.0,616.0,1.0,53.0,13,191,31368,4,1.0
98,0.0,0.0,4.6820002,1.0,5.0,10,74.09189985663056,74.09189985663056,pobre,basal,0,500.0,616.0,1.0,53.0,14,191,31368,4,1.0
97,0.0,0.0,4.6820002,1.0,4.0,10,74.09189985663056,74.09189985663056,pobre,basal,0,500.0,616.0,1.0,53.0,12,191,31369,4,1.0
98,0.0,0.0,4.6820002,1.0,5.0,10,74.09189985663056,74.09189985663056,pobre,basal,0,500.0,616.0,1.0,53.0,13,191,31369,4,1.0
97,0.0,0.0,4.6820002,1.0,2.0,10,74.09189985663056,74.09189985663056,pobre,basal,0,500.0,616.0,1.0,53.0,10,191,31370,2,1.0
98,0.0,0.0,4.6820002,1.0,3.0,10,74.09189985663056,74.09189985663056,pobre,basal,0,500.0,616.0,1.0,53.0,11,191,31370,2,1.0
97,0.0,0.0,4.6820002,1.0,1.0,10,74.09189985663056,74.09189985663056,pobre,basal,0,500.0,616.0,1.0,53.0,6,191,31371,1,1.0
98,0.0,0.0,4.6820002,1.0,2.0,10,74.09189985663056,74.09189985663056,pobre,basal,0,500.0,616.0,1.0,53.0,7,191,31371,1,1.0
97,1.0,0.0,4.6820002,0.0,9.0,7,74.09189985663056,74.09189985663056,pobre,basal,6,0.0,536.0,0.0,41.0,15,191,31372,9,0.0
98,1.0,0.0,4.6820002,0.0,9.0,7,74.09189985663056,74.09189985663056,pobre,basal,6,0.0,536.0,0.0,41.0,16,191,31372,9,0.0
97,1.0,0.0,4.6820002,1.0,6.0,7,74.09189985663056,74.09189985663056,pobre,basal,6,0.0,536.0,0.0,41.0,12,191,31373,6,1.0
98,1.0,0.0,4.6820002,1.0,7.0,7,74.09189985663056,74.09189985663056,pobre,basal,6,0.0,536.0,0.0,41.0,13,191,31373,6,1.0
97,1.0,0.0,4.6820002,1.0,4.0,7,74.09189985663056,74.09189985663056,pobre,basal,6,0.0,536.0,0.0,41.0,10,191,31374,4,1.0
98,1.0,0.0,4.6820002,1.0,5.0,7,74.09189985663056,74.09189985663056,pobre,basal,6,0.0,536.0,0.0,41.0,11,191,31374,4,1.0
97,1.0,0.0,4.6820002,1.0,1.0,7,74.09189985663056,74.09189985663056,pobre,basal,6,0.0,536.0,0.0,41.0,7,191,31375,1,1.0
98,1.0,0.0,4.6820002,1.0,2.0,7,74.09189985663056,74.09189985663056,pobre,basal,6,0.0,536.0,0.0,41.0,8,191,31375,1,1.0
97,0.0,0.0,4.6820002,1.0,4.0,5,74.09189985663056,74.09189985663056,pobre,basal,0,1000.0,632.0,1.0,38.0,11,191,31376,4,1.0
98,0.0,0.0,4.6820002,1.0,5.0,5,74.09189985663056,74.09189985663056,pobre,basal,0,1000.0,632.0,1.0,38.0,12,191,31376,4,1.0
97,0.0,0.0,4.6820002,1.0,0.0,5,74.09189985663056,74.09189985663056,pobre,basal,0,1000.0,632.0,1.0,38.0,6,191,31377,0,1.0
98,0.0,0.0,4.6820002,1.0,1.0,5,74.09189985663056,74.09189985663056,pobre,basal,0,1000.0,632.0,1.0,38.0,7,191,31377,0,1.0
97,1.0,0.0,4.6820002,0.0,6.0,5,74.09189985663056,74.09189985663056,no pobre,basal,2,0.0,767.5,0.0,54.0,16,191,31378,6,0.0
98,1.0,0.0,4.6820002,,,5,74.09189985663056,74.09189985663056,no pobre,basal,2,0.0,767.5,0.0,54.0,17,191,31378,6,0.0
97,1.0,0.0,4.6820002,0.0,6.0,8,74.09189985663056,74.09189985663056,pobre,basal,8,0.0,480.0,1.0,33.0,13,191,31379,6,0.0
98,1.0,0.0,4.6820002,,,8,74.09189985663056,74.09189985663056,pobre,basal,8,0.0,480.0,1.0,33.0,14,191,31379,6,0.0
97,0.0,0.0,4.6820002,1.0,2.0,8,74.09189985663056,74.09189985663056,pobre,basal,8,0.0,480.0,1.0,33.0,9,191,31380,2,1.0
98,0.0,0.0,4.6820002,,,8,74.09189985663056,74.09189985663056,pobre,basal,8,0.0,480.0,1.0,33.0,10,191,31380,2,1.0
97,0.0,0.0,4.6820002,1.0,2.0,8,74.09189985663056,74.09189985663056,pobre,basal,8,0.0,480.0,1.0,33.0,7,191,31381,2,1.0
98,0.0,0.0,4.6820002,,,8,74.09189985663056,74.09189985663056,pobre,basal,8,0.0,480.0,1.0,33.0,8,191,31381,2,1.0
97,1.0,0.0,4.6820002,1.0,1.0,8,74.09189985663056,74.09189985663056,pobre,basal,8,0.0,480.0,1.0,33.0,6,191,31382,1,1.0
98,1.0,0.0,4.6820002,,,8,74.09189985663056,74.09189985663056,pobre,basal,8,0.0,480.0,1.0,33.0,7,191,31382,1,1.0
97,1.0,0.0,4.6820002,1.0,3.0,8,74.09189985663056,74.09189985663056,pobre,basal,8,0.0,480.0,1.0,33.0,11,191,31383,3,1.0
98,1.0,0.0,4.6820002,,,8,74.09189985663056,74.09189985663056,pobre,basal,8,0.0,480.0,1.0,33.0,12,191,31383,3,1.0
97,0.0,0.0,4.6820002,0.0,6.0,7,74.09189985663056,74.09189985663056,pobre,basal,6,0.0,512.0,0.0,38.0,13,191,31384,6,0.0
98,0.0,0.0,4.6820002,0.0,6.0,7,74.09189985663056,74.09189985663056,pobre,basal,6,0.0,512.0,0.0,38.0,14,191,31384,6,0.0
97,0.0,0.0,4.6820002,1.0,4.0,7,74.09189985663056,74.09189985663056,pobre,basal,6,0.0,512.0,0.0,38.0,10,191,31385,4,1.0
98,0.0,0.0,4.6820002,1.0,5.0,7,74.09189985663056,74.09189985663056,pobre,basal,6,0.0,512.0,0.0,38.0,11,191,31385,4,1.0
97,0.0,0.0,4.6820002,1.0,2.0,7,74.09189985663056,74.09189985663056,pobre,basal,6,0.0,512.0,0.0,38.0,8,191,31386,2,1.0
98,0.0,0.0,4.6820002,1.0,3.0,7,74.09189985663056,74.09189985663056,pobre,basal,6,0.0,512.0,0.0,38.0,9,191,31386,2,1.0
97,0.0,0.0,4.6820002,1.0,1.0,7,74.09189985663056,74.09189985663056,pobre,basal,6,0.0,512.0,0.0,38.0,6,191,31387,1,1.0
98,0.0,0.0,4.6820002,1.0,1.0,7,74.09189985663056,74.09189985663056,pobre,basal,6,0.0,512.0,0.0,38.0,7,191,31387,1,1.0
97,1.0,0.0,4.6820002,1.0,4.0,5,74.09189985663056,74.09189985663056,pobre,basal,9,666.66669,635.0,1.0,35.0,8,191,31388,4,1.0
98,1.0,0.0,4.6820002,1.0,5.0,5,74.09189985663056,74.09189985663056,pobre,basal,9,666.66669,635.0,1.0,35.0,9,191,31388,4,1.0
97,1.0,0.0,4.6820002,1.0,1.0,5,74.09189985663056,74.09189985663056,pobre,basal,9,666.66669,635.0,1.0,35.0,7,191,31389,1,1.0
98,1.0,0.0,4.6820002,1.0,2.0,5,74.09189985663056,74.09189985663056,pobre,basal,9,666.66669,635.0,1.0,35.0,8,191,31389,1,1.0
97,0.0,1.0,4.4559999,1.0,4.0,4,142.2148971904579,283.4546519626458,pobre,basal,6,500.0,783.0,1.0,32.0,10,440,31390,4,1.0
98,0.0,1.0,4.4559999,1.0,5.0,4,142.2148971904579,283.4546519626458,pobre,basal,6,500.0,783.0,1.0,32.0,11,440,31390,4,1.0
97,0.0,1.0,4.4559999,1.0,0.0,4,142.2148971904579,283.4546519626458,pobre,basal,6,500.0,783.0,1.0,32.0,6,440,31391,0,1.0
98,0.0,1.0,4.4559999,1.0,1.0,4,142.2148971904579,283.4546519626458,pobre,basal,6,500.0,783.0,1.0,32.0,7,440,31391,0,1.0
97,0.0,0.0,4.6820002,1.0,4.0,6,74.09189985663056,74.09189985663056,pobre,basal,6,583.33331,659.0,1.0,40.0,10,191,31392,4,1.0
98,0.0,0.0,4.6820002,1.0,5.0,6,74.09189985663056,74.09189985663056,pobre,basal,6,583.33331,659.0,1.0,40.0,11,191,31392,4,1.0
97,0.0,0.0,4.6820002,1.0,2.0,6,74.09189985663056,74.09189985663056,pobre,basal,6,583.33331,659.0,1.0,40.0,8,191,31393,2,1.0
98,0.0,0.0,4.6820002,1.0,3.0,6,74.09189985663056,74.09189985663056,pobre,basal,6,583.33331,659.0,1.0,40.0,9,191,31393,2,1.0
97,1.0,0.0,4.6820002,0.0,6.0,6,74.09189985663056,74.09189985663056,pobre,basal,0,0.0,583.0,0.0,52.0,13,191,31394,6,0.0
98,1.0,0.0,4.6820002,0.0,6.0,6,74.09189985663056,74.09189985663056,pobre,basal,0,0.0,583.0,0.0,52.0,14,191,31394,6,0.0
97,1.0,0.0,4.6820002,1.0,5.0,6,74.09189985663056,74.09189985663056,pobre,basal,0,0.0,583.0,0.0,52.0,12,191,31395,5,1.0
98,1.0,0.0,4.6820002,1.0,6.0,6,74.09189985663056,74.09189985663056,pobre,basal,0,0.0,583.0,0.0,52.0,13,191,31395,5,1.0
97,1.0,0.0,4.6820002,1.0,3.0,6,74.09189985663056,74.09189985663056,pobre,basal,0,0.0,583.0,0.0,52.0,10,191,31396,3,1.0
98,1.0,0.0,4.6820002,1.0,3.0,6,74.09189985663056,74.09189985663056,pobre,basal,0,0.0,583.0,0.0,52.0,11,191,31396,3,1.0
97,1.0,0.0,4.6820002,1.0,3.0,6,74.09189985663056,74.09189985663056,pobre,basal,0,0.0,583.0,0.0,52.0,6,191,31397,3,1.0
98,1.0,0.0,4.6820002,1.0,3.0,6,74.09189985663056,74.09189985663056,pobre,basal,0,0.0,583.0,0.0,52.0,7,191,31397,3,1.0
97,1.0,0.0,4.6820002,1.0,3.0,6,74.09189985663056,74.09189985663056,pobre,basal,0,0.0,583.0,0.0,52.0,6,191,31398,3,1.0
98,1.0,0.0,4.6820002,,,6,74.09189985663056,74.09189985663056,pobre,basal,0,0.0,583.0,0.0,52.0,7,191,31398,3,1.0
97,1.0,0.0,4.6820002,1.0,6.0,3,74.09189985663056,74.09189985663056,no pobre,basal,3,250.0,746.5,1.0,59.0,12,191,31399,6,1.0
98,1.0,0.0,4.6820002,1.0,7.0,3,74.09189985663056,74.09189985663056,no pobre,basal,3,250.0,746.5,1.0,59.0,13,191,31399,6,1.0
97,0.0,0.0,4.6820002,1.0,1.0,3,74.09189985663056,74.09189985663056,no pobre,basal,0,416.66666,770.5,1.0,63.0,7,191,31400,1,1.0
98,0.0,0.0,4.6820002,,,3,74.09189985663056,74.09189985663056,no pobre,basal,0,416.66666,770.5,1.0,63.0,8,191,31400,1,1.0
97,1.0,0.0,4.6820002,1.0,5.0,9,74.09189985663056,74.09189985663056,pobre,basal,3,66.666664,423.0,1.0,53.0,12,191,31401,5,1.0
98,1.0,0.0,4.6820002,1.0,6.0,9,74.09189985663056,74.09189985663056,pobre,basal,3,66.666664,423.0,1.0,53.0,13,191,31401,5,1.0
97,0.0,0.0,4.6820002,1.0,4.0,9,74.09189985663056,74.09189985663056,pobre,basal,3,66.666664,423.0,1.0,53.0,11,191,31402,4,1.0
98,0.0,0.0,4.6820002,1.0,4.0,9,74.09189985663056,74.09189985663056,pobre,basal,3,66.666664,423.0,1.0,53.0,12,191,31402,4,1.0
97,0.0,0.0,4.6820002,1.0,2.0,9,74.09189985663056,74.09189985663056,pobre,basal,3,66.666664,423.0,1.0,53.0,10,191,31403,2,1.0
98,0.0,0.0,4.6820002,1.0,3.0,9,74.09189985663056,74.09189985663056,pobre,basal,3,66.666664,423.0,1.0,53.0,11,191,31403,2,1.0
97,0.0,0.0,4.6820002,1.0,2.0,9,74.09189985663056,74.09189985663056,pobre,basal,3,66.666664,423.0,1.0,53.0,9,191,31404,2,1.0
98,0.0,0.0,4.6820002,1.0,3.0,9,74.09189985663056,74.09189985663056,pobre,basal,3,66.666664,423.0,1.0,53.0,10,191,31404,2,1.0
97,1.0,1.0,4.4559999,1.0,2.0,8,142.2148971904579,283.4546519626458,pobre,basal,2,500.0,774.0,1.0,43.0,16,440,31405,2,1.0
98,1.0,1.0,4.4559999,,,8,142.2148971904579,283.4546519626458,pobre,basal,2,500.0,774.0,1.0,43.0,17,440,31405,2,1.0
97,1.0,1.0,4.4559999,1.0,6.0,8,142.2148971904579,283.4546519626458,pobre,basal,2,500.0,774.0,1.0,43.0,13,440,31406,6,1.0
98,1.0,1.0,4.4559999,1.0,7.0,8,142.2148971904579,283.4546519626458,pobre,basal,2,500.0,774.0,1.0,43.0,14,440,31406,6,1.0
97,0.0,1.0,4.4559999,1.0,4.0,8,142.2148971904579,283.4546519626458,pobre,basal,2,500.0,774.0,1.0,43.0,10,440,31407,4,1.0
98,0.0,1.0,4.4559999,1.0,5.0,8,142.2148971904579,283.4546519626458,pobre,basal,2,500.0,774.0,1.0,43.0,11,440,31407,4,1.0
97,1.0,1.0,4.4559999,1.0,1.0,8,142.2148971904579,283.4546519626458,pobre,basal,2,500.0,774.0,1.0,43.0,7,440,31408,1,1.0
98,1.0,1.0,4.4559999,1.0,2.0,8,142.2148971904579,283.4546519626458,pobre,basal,2,500.0,774.0,1.0,43.0,8,440,31408,1,1.0
97,1.0,0.0,4.6820002,1.0,5.0,8,74.09189985663056,74.09189985663056,pobre,basal,6,0.0,457.0,1.0,32.0,11,191,31409,5,1.0
98,1.0,0.0,4.6820002,1.0,6.0,8,74.09189985663056,74.09189985663056,pobre,basal,6,0.0,457.0,1.0,32.0,12,191,31409,5,1.0
97,0.0,0.0,4.6820002,1.0,4.0,8,74.09189985663056,74.09189985663056,pobre,basal,6,0.0,457.0,1.0,32.0,9,191,31410,4,1.0
98,0.0,0.0,4.6820002,1.0,5.0,8,74.09189985663056,74.09189985663056,pobre,basal,6,0.0,457.0,1.0,32.0,10,191,31410,4,1.0
97,0.0,0.0,4.6820002,1.0,2.0,8,74.09189985663056,74.09189985663056,pobre,basal,6,0.0,457.0,1.0,32.0,8,191,31411,2,1.0
98,0.0,0.0,4.6820002,1.0,3.0,8,74.09189985663056,74.09189985663056,pobre,basal,6,0.0,457.0,1.0,32.0,9,191,31411,2,1.0
97,0.0,0.0,4.6820002,1.0,1.0,8,74.09189985663056,74.09189985663056,pobre,basal,6,0.0,457.0,1.0,32.0,6,191,31412,1,1.0
98,0.0,0.0,4.6820002,1.0,1.0,8,74.09189985663056,74.09189985663056,pobre,basal,6,0.0,457.0,1.0,32.0,7,191,31412,1,1.0
97,1.0,0.0,4.6820002,1.0,0.0,4,74.09189985663056,74.09189985663056,pobre,basal,2,0.0,670.0,0.0,48.0,6,191,31413,0,1.0
98,1.0,0.0,4.6820002,1.0,1.0,4,74.09189985663056,74.09189985663056,pobre,basal,2,0.0,670.0,0.0,48.0,7,191,31413,0,1.0
97,1.0,0.0,4.6820002,0.0,9.0,6,74.09189985663056,74.09189985663056,pobre,basal,6,0.0,658.0,1.0,36.0,15,191,31414,9,0.0
98,1.0,0.0,4.6820002,0.0,9.0,6,74.09189985663056,74.09189985663056,pobre,basal,6,0.0,658.0,1.0,36.0,16,191,31414,9,0.0
97,1.0,0.0,4.6820002,1.0,4.0,6,74.09189985663056,74.09189985663056,pobre,basal,6,0.0,658.0,1.0,36.0,10,191,31415,4,1.0
98,1.0,0.0,4.6820002,1.0,5.0,6,74.09189985663056,74.09189985663056,pobre,basal,6,0.0,658.0,1.0,36.0,11,191,31415,4,1.0
97,1.0,0.0,4.6820002,1.0,4.0,6,74.09189985663056,74.09189985663056,pobre,basal,6,0.0,658.0,1.0,36.0,10,191,31416,4,1.0
98,1.0,0.0,4.6820002,1.0,5.0,6,74.09189985663056,74.09189985663056,pobre,basal,6,0.0,658.0,1.0,36.0,11,191,31416,4,1.0
97,1.0,0.0,4.6820002,1.0,8.0,6,74.09189985663056,74.09189985663056,pobre,basal,6,0.0,658.0,1.0,36.0,14,191,31417,8,1.0
98,1.0,0.0,4.6820002,1.0,9.0,6,74.09189985663056,74.09189985663056,pobre,basal,6,0.0,658.0,1.0,36.0,15,191,31417,8,1.0
97,0.0,0.0,4.6820002,0.0,6.0,8,74.09189985663056,74.09189985663056,pobre,basal,1,333.33334,587.0,1.0,53.0,16,191,31418,6,0.0
98,0.0,0.0,4.6820002,,,8,74.09189985663056,74.09189985663056,pobre,basal,1,333.33334,587.0,1.0,53.0,17,191,31418,6,0.0
97,1.0,0.0,4.6820002,1.0,7.0,8,74.09189985663056,74.09189985663056,pobre,basal,1,333.33334,587.0,1.0,53.0,13,191,31419,7,1.0
98,1.0,0.0,4.6820002,1.0,8.0,8,74.09189985663056,74.09189985663056,pobre,basal,1,333.33334,587.0,1.0,53.0,14,191,31419,7,1.0
97,1.0,0.0,4.6820002,1.0,3.0,8,74.09189985663056,74.09189985663056,pobre,basal,1,333.33334,587.0,1.0,53.0,10,191,31420,3,1.0
98,1.0,0.0,4.6820002,1.0,4.0,8,74.09189985663056,74.09189985663056,pobre,basal,1,333.33334,587.0,1.0,53.0,11,191,31420,3,1.0
97,1.0,0.0,4.6820002,1.0,3.0,8,74.09189985663056,74.09189985663056,pobre,basal,1,333.33334,587.0,1.0,53.0,9,191,31421,3,1.0
98,1.0,0.0,4.6820002,1.0,4.0,8,74.09189985663056,74.09189985663056,pobre,basal,1,333.33334,587.0,1.0,53.0,10,191,31421,3,1.0
97,1.0,0.0,4.6820002,1.0,1.0,8,74.09189985663056,74.09189985663056,pobre,basal,1,333.33334,587.0,1.0,53.0,6,191,31422,1,1.0
98,1.0,0.0,4.6820002,1.0,1.0,8,74.09189985663056,74.09189985663056,pobre,basal,1,333.33334,587.0,1.0,53.0,7,191,31422,1,1.0
97,1.0,1.0,4.4559999,1.0,5.0,6,142.2148971904579,283.4546519626458,pobre,basal,6,500.0,599.0,1.0,30.0,11,440,31423,5,1.0
98,1.0,1.0,4.4559999,1.0,6.0,6,142.2148971904579,283.4546519626458,pobre,basal,6,500.0,599.0,1.0,30.0,12,440,31423,5,1.0
97,1.0,1.0,4.4559999,1.0,3.0,6,142.2148971904579,283.4546519626458,pobre,basal,6,500.0,599.0,1.0,30.0,9,440,31424,3,1.0
98,1.0,1.0,4.4559999,1.0,4.0,6,142.2148971904579,283.4546519626458,pobre,basal,6,500.0,599.0,1.0,30.0,10,440,31424,3,1.0
97,0.0,1.0,4.4559999,1.0,4.0,4,142.2148971904579,283.4546519626458,pobre,basal,5,500.0,739.0,1.0,32.0,11,440,31425,4,1.0
98,0.0,1.0,4.4559999,1.0,6.0,4,142.2148971904579,283.4546519626458,pobre,basal,5,500.0,739.0,1.0,32.0,12,440,31425,4,1.0
97,1.0,1.0,4.4559999,1.0,7.0,5,142.2148971904579,283.4546519626458,pobre,basal,2,500.0,688.0,1.0,47.0,14,440,31426,7,1.0
98,1.0,1.0,4.4559999,1.0,8.0,5,142.2148971904579,283.4546519626458,pobre,basal,2,500.0,688.0,1.0,47.0,15,440,31426,7,1.0
97,0.0,1.0,4.4559999,1.0,5.0,5,142.2148971904579,283.4546519626458,pobre,basal,2,500.0,688.0,1.0,47.0,11,440,31427,5,1.0
98,0.0,1.0,4.4559999,1.0,6.0,5,142.2148971904579,283.4546519626458,pobre,basal,2,500.0,688.0,1.0,47.0,12,440,31427,5,1.0
97,1.0,1.0,4.4559999,1.0,0.0,5,142.2148971904579,283.4546519626458,pobre,basal,2,500.0,688.0,1.0,47.0,6,440,31428,0,1.0
98,1.0,1.0,4.4559999,1.0,1.0,5,142.2148971904579,283.4546519626458,pobre,basal,2,500.0,688.0,1.0,47.0,7,440,31428,0,1.0
97,0.0,1.0,4.4559999,0.0,6.0,6,142.2148971904579,283.4546519626458,pobre,basal,2,500.0,752.0,1.0,48.0,15,440,31429,6,0.0
98,0.0,1.0,4.4559999,0.0,7.0,6,142.2148971904579,283.4546519626458,pobre,basal,2,500.0,752.0,1.0,48.0,16,440,31429,6,0.0
97,0.0,1.0,4.4559999,1.0,3.0,6,142.2148971904579,283.4546519626458,pobre,basal,2,500.0,752.0,1.0,48.0,9,440,31430,3,1.0
98,0.0,1.0,4.4559999,1.0,4.0,6,142.2148971904579,283.4546519626458,pobre,basal,2,500.0,752.0,1.0,48.0,10,440,31430,3,1.0
97,1.0,1.0,4.4559999,1.0,1.0,6,142.2148971904579,283.4546519626458,pobre,basal,2,500.0,752.0,1.0,48.0,7,440,31431,1,1.0
98,1.0,1.0,4.4559999,1.0,2.0,6,142.2148971904579,283.4546519626458,pobre,basal,2,500.0,752.0,1.0,48.0,8,440,31431,1,1.0
97,0.0,1.0,4.4559999,0.0,6.0,8,142.2148971904579,283.4546519626458,pobre,basal,4,500.0,667.0,1.0,35.0,15,440,31432,6,0.0
98,0.0,1.0,4.4559999,0.0,6.0,8,142.2148971904579,283.4546519626458,pobre,basal,4,500.0,667.0,1.0,35.0,16,440,31432,6,0.0
97,1.0,1.0,4.4559999,1.0,6.0,8,142.2148971904579,283.4546519626458,pobre,basal,4,500.0,667.0,1.0,35.0,14,440,31433,6,1.0
98,1.0,1.0,4.4559999,1.0,7.0,8,142.2148971904579,283.4546519626458,pobre,basal,4,500.0,667.0,1.0,35.0,15,440,31433,6,1.0
97,0.0,1.0,4.4559999,1.0,5.0,8,142.2148971904579,283.4546519626458,pobre,basal,4,500.0,667.0,1.0,35.0,11,440,31434,5,1.0
98,0.0,1.0,4.4559999,1.0,6.0,8,142.2148971904579,283.4546519626458,pobre,basal,4,500.0,667.0,1.0,35.0,12,440,31434,5,1.0
97,1.0,0.0,4.8790002,1.0,5.0,8,75.7987689417528,102.5667871575855,pobre,basal,0,750.0,541.66998,1.0,48.0,13,181,31435,5,1.0
98,1.0,0.0,4.8790002,0.0,6.0,8,75.7987689417528,102.5667871575855,pobre,basal,0,750.0,541.66998,1.0,48.0,14,181,31435,5,1.0
97,1.0,0.0,4.8790002,1.0,4.0,8,75.7987689417528,102.5667871575855,pobre,basal,0,750.0,541.66998,1.0,48.0,10,181,31436,4,1.0
98,1.0,0.0,4.8790002,1.0,5.0,8,75.7987689417528,102.5667871575855,pobre,basal,0,750.0,541.66998,1.0,48.0,11,181,31436,4,1.0
97,0.0,0.0,4.8790002,1.0,2.0,8,75.7987689417528,102.5667871575855,pobre,basal,0,750.0,541.66998,1.0,48.0,7,181,31437,2,1.0
98,0.0,0.0,4.8790002,1.0,3.0,8,75.7987689417528,102.5667871575855,pobre,basal,0,750.0,541.66998,1.0,48.0,8,181,31437,2,1.0
97,0.0,0.0,4.8790002,1.0,1.0,3,75.7987689417528,102.5667871575855,pobre,basal,0,0.0,526.0,1.0,66.0,6,181,31438,1,1.0
98,0.0,0.0,4.8790002,1.0,1.0,3,75.7987689417528,102.5667871575855,pobre,basal,0,0.0,526.0,1.0,66.0,7,181,31438,1,1.0
97,1.0,1.0,4.4559999,1.0,7.0,4,142.2148971904579,283.4546519626458,pobre,basal,3,500.0,814.0,1.0,52.0,14,440,31439,7,1.0
98,1.0,1.0,4.4559999,1.0,8.0,4,142.2148971904579,283.4546519626458,pobre,basal,3,500.0,814.0,1.0,52.0,15,440,31439,7,1.0
97,1.0,0.0,4.8790002,1.0,4.0,6,75.7987689417528,102.5667871575855,pobre,basal,2,625.0,600.5,1.0,30.0,10,181,31440,4,1.0
98,1.0,0.0,4.8790002,1.0,5.0,6,75.7987689417528,102.5667871575855,pobre,basal,2,625.0,600.5,1.0,30.0,11,181,31440,4,1.0
97,0.0,0.0,4.8790002,1.0,1.0,6,75.7987689417528,102.5667871575855,pobre,basal,2,625.0,600.5,1.0,30.0,8,181,31441,1,1.0
98,0.0,0.0,4.8790002,1.0,2.0,6,75.7987689417528,102.5667871575855,pobre,basal,2,625.0,600.5,1.0,30.0,9,181,31441,1,1.0
97,0.0,0.0,4.8790002,1.0,4.0,6,75.7987689417528,102.5667871575855,pobre,basal,0,750.0,451.0,1.0,25.0,12,181,31442,4,1.0
98,0.0,0.0,4.8790002,1.0,5.0,6,75.7987689417528,102.5667871575855,pobre,basal,0,750.0,451.0,1.0,25.0,13,181,31442,4,1.0
97,1.0,0.0,4.8790002,1.0,3.0,6,75.7987689417528,102.5667871575855,pobre,basal,0,750.0,451.0,1.0,25.0,10,181,31443,3,1.0
98,1.0,0.0,4.8790002,1.0,4.0,6,75.7987689417528,102.5667871575855,pobre,basal,0,750.0,451.0,1.0,25.0,11,181,31443,3,1.0
97,1.0,1.0,4.4559999,0.0,1.0,9,142.2148971904579,283.4546519626458,pobre,basal,3,600.0,813.75,1.0,42.0,16,440,31444,1,0.0
98,1.0,1.0,4.4559999,,,9,142.2148971904579,283.4546519626458,pobre,basal,3,600.0,813.75,1.0,42.0,17,440,31444,1,0.0
97,1.0,1.0,4.4559999,1.0,5.0,9,142.2148971904579,283.4546519626458,pobre,basal,3,600.0,813.75,1.0,42.0,15,440,31445,5,1.0
98,1.0,1.0,4.4559999,1.0,6.0,9,142.2148971904579,283.4546519626458,pobre,basal,3,600.0,813.75,1.0,42.0,16,440,31445,5,1.0
97,0.0,1.0,4.4559999,1.0,2.0,9,142.2148971904579,283.4546519626458,pobre,basal,3,600.0,813.75,1.0,42.0,8,440,31446,2,1.0
98,0.0,1.0,4.4559999,1.0,3.0,9,142.2148971904579,283.4546519626458,pobre,basal,3,600.0,813.75,1.0,42.0,9,440,31446,2,1.0
97,1.0,1.0,4.4559999,1.0,0.0,9,142.2148971904579,283.4546519626458,pobre,basal,3,600.0,813.75,1.0,42.0,6,440,31447,0,1.0
98,1.0,1.0,4.4559999,1.0,1.0,9,142.2148971904579,283.4546519626458,pobre,basal,3,600.0,813.75,1.0,42.0,7,440,31447,0,1.0
97,1.0,0.0,0.58999997,1.0,10.0,5,141.8944903287733,273.2989389602207,pobre,0,6,400.0,732.0,1.0,37.0,16,441,31448,10,1.0
98,1.0,0.0,0.58999997,1.0,11.0,5,141.8944903287733,273.2989389602207,pobre,0,6,400.0,732.0,1.0,37.0,17,441,31448,10,1.0
97,0.0,0.0,0.58999997,1.0,7.0,5,141.8944903287733,273.2989389602207,pobre,0,6,400.0,732.0,1.0,37.0,12,441,31449,7,1.0
98,0.0,0.0,0.58999997,1.0,8.0,5,141.8944903287733,273.2989389602207,pobre,0,6,400.0,732.0,1.0,37.0,13,441,31449,7,1.0
97,0.0,0.0,0.58999997,1.0,2.0,5,141.8944903287733,273.2989389602207,pobre,0,6,400.0,732.0,1.0,37.0,8,441,31450,2,1.0
98,0.0,0.0,0.58999997,1.0,3.0,5,141.8944903287733,273.2989389602207,pobre,0,6,400.0,732.0,1.0,37.0,9,441,31450,2,1.0
97,1.0,0.0,4.8790002,1.0,6.0,6,75.7987689417528,102.5667871575855,pobre,basal,3,875.0,623.0,1.0,36.0,13,181,31451,6,1.0
98,1.0,0.0,4.8790002,0.0,6.0,6,75.7987689417528,102.5667871575855,pobre,basal,3,875.0,623.0,1.0,36.0,14,181,31451,6,1.0
97,0.0,0.0,4.8790002,1.0,6.0,6,75.7987689417528,102.5667871575855,pobre,basal,3,875.0,623.0,1.0,36.0,11,181,31452,6,1.0
98,0.0,0.0,4.8790002,0.0,6.0,6,75.7987689417528,102.5667871575855,pobre,basal,3,875.0,623.0,1.0,36.0,12,181,31452,6,1.0
97,1.0,1.0,4.4559999,1.0,4.0,7,142.2148971904579,283.4546519626458,pobre,basal,0,500.0,575.5,1.0,32.0,14,440,31453,4,1.0
98,1.0,1.0,4.4559999,1.0,8.0,7,142.2148971904579,283.4546519626458,pobre,basal,0,500.0,575.5,1.0,32.0,15,440,31453,4,1.0
97,1.0,1.0,4.4559999,1.0,6.0,7,142.2148971904579,283.4546519626458,pobre,basal,0,500.0,575.5,1.0,32.0,12,440,31454,6,1.0
98,1.0,1.0,4.4559999,1.0,7.0,7,142.2148971904579,283.4546519626458,pobre,basal,0,500.0,575.5,1.0,32.0,13,440,31454,6,1.0
97,0.0,1.0,4.4559999,1.0,2.0,7,142.2148971904579,283.4546519626458,pobre,basal,0,500.0,575.5,1.0,32.0,7,440,31455,2,1.0
98,0.0,1.0,4.4559999,1.0,3.0,7,142.2148971904579,283.4546519626458,pobre,basal,0,500.0,575.5,1.0,32.0,8,440,31455,2,1.0
97,0.0,0.0,0.58999997,1.0,6.0,8,141.8944903287733,273.2989389602207,pobre,0,0,625.0,711.0,1.0,57.0,13,441,31456,6,1.0
98,0.0,0.0,0.58999997,1.0,7.0,8,141.8944903287733,273.2989389602207,pobre,0,0,625.0,711.0,1.0,57.0,14,441,31456,6,1.0
97,0.0,0.0,0.58999997,1.0,3.0,8,141.8944903287733,273.2989389602207,pobre,0,0,625.0,711.0,1.0,57.0,11,441,31457,3,1.0
98,0.0,0.0,0.58999997,1.0,5.0,8,141.8944903287733,273.2989389602207,pobre,0,0,625.0,711.0,1.0,57.0,12,441,31457,3,1.0
97,0.0,0.0,0.58999997,1.0,1.0,8,141.8944903287733,273.2989389602207,pobre,0,0,625.0,711.0,1.0,57.0,6,441,31458,1,1.0
98,0.0,0.0,0.58999997,1.0,1.0,8,141.8944903287733,273.2989389602207,pobre,0,0,625.0,711.0,1.0,57.0,7,441,31458,1,1.0
97,0.0,0.0,4.0780001,1.0,1.0,4,85.13876965639903,86.90983360929401,pobre,basal,3,875.0,538.0,0.0,31.0,6,148,31459,1,1.0
98,0.0,0.0,4.0780001,1.0,1.0,4,85.13876965639903,86.90983360929401,pobre,basal,3,875.0,538.0,0.0,31.0,7,148,31459,1,1.0
97,1.0,0.0,2.7909999,1.0,2.0,6,53.41877129062152,99.6799415496748,pobre,basal,2,750.0,669.0,1.0,35.0,8,455,31460,2,1.0
98,1.0,0.0,2.7909999,,,6,53.41877129062152,99.6799415496748,pobre,basal,2,750.0,669.0,1.0,35.0,9,455,31460,2,1.0
97,1.0,0.0,2.7909999,1.0,0.0,6,53.41877129062152,99.6799415496748,pobre,basal,2,750.0,669.0,1.0,35.0,6,455,31461,0,1.0
98,1.0,0.0,2.7909999,,,6,53.41877129062152,99.6799415496748,pobre,basal,2,750.0,669.0,1.0,35.0,7,455,31461,0,1.0
97,0.0,0.0,4.0780001,0.0,4.0,3,85.13876965639903,86.90983360929401,no pobre,basal,0,166.66667,681.0,0.0,68.0,14,148,31462,4,0.0
98,0.0,0.0,4.0780001,,,3,85.13876965639903,86.90983360929401,no pobre,basal,0,166.66667,681.0,0.0,68.0,15,148,31462,4,0.0
97,0.0,0.0,4.0780001,1.0,2.0,4,85.13876965639903,86.90983360929401,pobre,basal,5,1000.0,559.0,1.0,36.0,7,148,31463,2,1.0
98,0.0,0.0,4.0780001,1.0,1.0,4,85.13876965639903,86.90983360929401,pobre,basal,5,1000.0,559.0,1.0,36.0,8,148,31463,2,1.0
97,0.0,0.0,2.7909999,1.0,4.0,5,53.41877129062152,99.6799415496748,pobre,basal,3,625.0,658.0,1.0,28.0,10,455,31464,4,1.0
98,0.0,0.0,2.7909999,1.0,5.0,5,53.41877129062152,99.6799415496748,pobre,basal,3,625.0,658.0,1.0,28.0,11,455,31464,4,1.0
97,0.0,0.0,2.7909999,1.0,1.0,5,53.41877129062152,99.6799415496748,pobre,basal,3,625.0,658.0,1.0,28.0,8,455,31465,1,1.0
98,0.0,0.0,2.7909999,1.0,2.0,5,53.41877129062152,99.6799415496748,pobre,basal,3,625.0,658.0,1.0,28.0,9,455,31465,1,1.0
97,1.0,0.0,2.7909999,1.0,7.0,5,53.41877129062152,99.6799415496748,no pobre,basal,0,625.0,848.5,1.0,64.0,16,455,31466,7,1.0
98,1.0,0.0,2.7909999,1.0,8.0,5,53.41877129062152,99.6799415496748,no pobre,basal,0,625.0,848.5,1.0,64.0,17,455,31466,7,1.0
97,0.0,1.0,4.4559999,1.0,0.0,4,142.2148971904579,283.4546519626458,pobre,basal,0,625.0,862.0,1.0,52.0,6,440,31467,0,1.0
98,0.0,1.0,4.4559999,1.0,0.0,4,142.2148971904579,283.4546519626458,pobre,basal,0,625.0,862.0,1.0,52.0,7,440,31467,0,1.0
97,0.0,1.0,0.73799998,1.0,8.0,6,142.1629291311248,296.7033680456113,pobre,basal,3,625.0,636.0,1.0,38.0,14,433,31468,8,1.0
98,0.0,1.0,0.73799998,0.0,9.0,6,142.1629291311248,296.7033680456113,pobre,basal,3,625.0,636.0,1.0,38.0,15,433,31468,8,1.0
97,0.0,1.0,0.73799998,1.0,5.0,6,142.1629291311248,296.7033680456113,pobre,basal,3,625.0,636.0,1.0,38.0,10,433,31469,5,1.0
98,0.0,1.0,0.73799998,1.0,6.0,6,142.1629291311248,296.7033680456113,pobre,basal,3,625.0,636.0,1.0,38.0,11,433,31469,5,1.0
97,1.0,1.0,0.73799998,1.0,3.0,6,142.1629291311248,296.7033680456113,pobre,basal,3,625.0,636.0,1.0,38.0,8,433,31470,3,1.0
98,1.0,1.0,0.73799998,1.0,3.0,6,142.1629291311248,296.7033680456113,pobre,basal,3,625.0,636.0,1.0,38.0,9,433,31470,3,1.0
97,0.0,1.0,0.73799998,1.0,0.0,6,142.1629291311248,296.7033680456113,pobre,basal,3,625.0,636.0,1.0,38.0,6,433,31471,0,1.0
98,0.0,1.0,0.73799998,1.0,1.0,6,142.1629291311248,296.7033680456113,pobre,basal,3,625.0,636.0,1.0,38.0,7,433,31471,0,1.0
97,1.0,0.0,4.0780001,1.0,5.0,13,85.13876965639903,86.90983360929401,pobre,basal,3,0.0,636.0,1.0,51.0,12,148,31472,5,1.0
98,1.0,0.0,4.0780001,1.0,6.0,13,85.13876965639903,86.90983360929401,pobre,basal,3,0.0,636.0,1.0,51.0,13,148,31472,5,1.0
97,1.0,0.0,4.0780001,1.0,4.0,13,85.13876965639903,86.90983360929401,pobre,basal,3,0.0,636.0,1.0,51.0,11,148,31473,4,1.0
98,1.0,0.0,4.0780001,1.0,5.0,13,85.13876965639903,86.90983360929401,pobre,basal,3,0.0,636.0,1.0,51.0,12,148,31473,4,1.0
97,1.0,0.0,4.0780001,0.0,9.0,6,85.13876965639903,86.90983360929401,no pobre,basal,2,480.0,821.5,1.0,46.0,16,148,31474,9,0.0
98,1.0,0.0,4.0780001,0.0,9.0,6,85.13876965639903,86.90983360929401,no pobre,basal,2,480.0,821.5,1.0,46.0,17,148,31474,9,0.0
97,0.0,0.0,4.0780001,1.0,1.0,6,85.13876965639903,86.90983360929401,no pobre,basal,2,480.0,821.5,1.0,46.0,12,148,31475,1,1.0
98,0.0,0.0,4.0780001,1.0,6.0,6,85.13876965639903,86.90983360929401,no pobre,basal,2,480.0,821.5,1.0,46.0,13,148,31475,1,1.0
97,1.0,1.0,4.4559999,0.0,9.0,6,142.2148971904579,283.4546519626458,pobre,basal,2,500.0,797.40002,1.0,64.0,15,440,31476,9,0.0
98,1.0,1.0,4.4559999,0.0,6.0,6,142.2148971904579,283.4546519626458,pobre,basal,2,500.0,797.40002,1.0,64.0,16,440,31476,9,0.0
97,0.0,0.0,4.0780001,1.0,5.0,6,85.13876965639903,86.90983360929401,pobre,basal,0,2000.0,648.0,1.0,36.0,12,148,31477,5,1.0
98,0.0,0.0,4.0780001,1.0,6.0,6,85.13876965639903,86.90983360929401,pobre,basal,0,2000.0,648.0,1.0,36.0,13,148,31477,5,1.0
97,1.0,0.0,4.0780001,1.0,2.0,6,85.13876965639903,86.90983360929401,pobre,basal,0,2000.0,648.0,1.0,36.0,9,148,31478,2,1.0
98,1.0,0.0,4.0780001,1.0,3.0,6,85.13876965639903,86.90983360929401,pobre,basal,0,2000.0,648.0,1.0,36.0,10,148,31478,2,1.0
97,1.0,0.0,4.0780001,1.0,1.0,6,85.13876965639903,86.90983360929401,pobre,basal,0,2000.0,648.0,1.0,36.0,7,148,31479,1,1.0
98,1.0,0.0,4.0780001,1.0,2.0,6,85.13876965639903,86.90983360929401,pobre,basal,0,2000.0,648.0,1.0,36.0,8,148,31479,1,1.0
97,0.0,0.0,4.0780001,0.0,6.0,7,85.13876965639903,86.90983360929401,pobre,basal,3,480.0,477.0,1.0,35.0,12,148,31480,6,0.0
98,0.0,0.0,4.0780001,1.0,6.0,7,85.13876965639903,86.90983360929401,pobre,basal,3,480.0,477.0,1.0,35.0,13,148,31480,6,0.0
97,1.0,0.0,4.0780001,1.0,3.0,7,85.13876965639903,86.90983360929401,pobre,basal,3,480.0,477.0,1.0,35.0,11,148,31481,3,1.0
98,1.0,0.0,4.0780001,1.0,4.0,7,85.13876965639903,86.90983360929401,pobre,basal,3,480.0,477.0,1.0,35.0,12,148,31481,3,1.0
97,1.0,0.0,4.0780001,1.0,1.0,7,85.13876965639903,86.90983360929401,pobre,basal,3,480.0,477.0,1.0,35.0,7,148,31482,1,1.0
98,1.0,0.0,4.0780001,1.0,2.0,7,85.13876965639903,86.90983360929401,pobre,basal,3,480.0,477.0,1.0,35.0,8,148,31482,1,1.0
97,1.0,0.0,4.0780001,1.0,3.0,7,85.13876965639903,86.90983360929401,pobre,basal,3,480.0,477.0,1.0,35.0,6,148,31483,3,1.0
98,1.0,0.0,4.0780001,1.0,3.0,7,85.13876965639903,86.90983360929401,pobre,basal,3,480.0,477.0,1.0,35.0,7,148,31483,3,1.0
97,1.0,0.0,4.0780001,0.0,6.0,6,85.13876965639903,86.90983360929401,pobre,basal,1,0.0,486.0,1.0,69.0,13,148,31484,6,0.0
98,1.0,0.0,4.0780001,0.0,6.0,6,85.13876965639903,86.90983360929401,pobre,basal,1,0.0,486.0,1.0,69.0,14,148,31484,6,0.0
97,0.0,0.0,4.0780001,1.0,3.0,6,85.13876965639903,86.90983360929401,pobre,basal,1,0.0,486.0,1.0,69.0,9,148,31485,3,1.0
98,0.0,0.0,4.0780001,1.0,4.0,6,85.13876965639903,86.90983360929401,pobre,basal,1,0.0,486.0,1.0,69.0,10,148,31485,3,1.0
97,1.0,0.0,4.0780001,1.0,2.0,6,85.13876965639903,86.90983360929401,pobre,basal,1,0.0,486.0,1.0,69.0,8,148,31486,2,1.0
98,1.0,0.0,4.0780001,1.0,2.0,6,85.13876965639903,86.90983360929401,pobre,basal,1,0.0,486.0,1.0,69.0,9,148,31486,2,1.0
97,0.0,0.0,4.0780001,,0.0,6,85.13876965639903,86.90983360929401,pobre,basal,1,0.0,486.0,1.0,69.0,6,148,31487,0,
98,0.0,0.0,4.0780001,1.0,3.0,6,85.13876965639903,86.90983360929401,pobre,basal,1,0.0,486.0,1.0,69.0,7,148,31487,0,
97,1.0,0.0,4.0780001,1.0,1.0,3,85.13876965639903,86.90983360929401,no pobre,basal,1,1250.0,649.5,1.0,51.0,8,148,31488,1,1.0
98,1.0,0.0,4.0780001,,,3,85.13876965639903,86.90983360929401,no pobre,basal,1,1250.0,649.5,1.0,51.0,9,148,31488,1,1.0
97,0.0,0.0,4.0780001,0.0,6.0,9,85.13876965639903,86.90983360929401,pobre,basal,2,400.0,482.5,1.0,39.0,15,148,31489,6,0.0
98,0.0,0.0,4.0780001,0.0,6.0,9,85.13876965639903,86.90983360929401,pobre,basal,2,400.0,482.5,1.0,39.0,16,148,31489,6,0.0
97,1.0,0.0,4.0780001,1.0,4.0,9,85.13876965639903,86.90983360929401,pobre,basal,2,400.0,482.5,1.0,39.0,12,148,31490,4,1.0
98,1.0,0.0,4.0780001,1.0,5.0,9,85.13876965639903,86.90983360929401,pobre,basal,2,400.0,482.5,1.0,39.0,13,148,31490,4,1.0
97,0.0,0.0,4.0780001,1.0,3.0,9,85.13876965639903,86.90983360929401,pobre,basal,2,400.0,482.5,1.0,39.0,9,148,31491,3,1.0
98,0.0,0.0,4.0780001,1.0,4.0,9,85.13876965639903,86.90983360929401,pobre,basal,2,400.0,482.5,1.0,39.0,10,148,31491,3,1.0
97,0.0,0.0,4.0780001,1.0,2.0,9,85.13876965639903,86.90983360929401,pobre,basal,2,400.0,482.5,1.0,39.0,7,148,31492,2,1.0
98,0.0,0.0,4.0780001,1.0,2.0,9,85.13876965639903,86.90983360929401,pobre,basal,2,400.0,482.5,1.0,39.0,8,148,31492,2,1.0
97,1.0,0.0,4.0780001,0.0,6.0,8,85.13876965639903,86.90983360929401,pobre,basal,0,750.0,520.66998,1.0,42.0,16,148,31493,6,0.0
98,1.0,0.0,4.0780001,0.0,6.0,8,85.13876965639903,86.90983360929401,pobre,basal,0,750.0,520.66998,1.0,42.0,17,148,31493,6,0.0
97,1.0,0.0,4.0780001,0.0,6.0,8,85.13876965639903,86.90983360929401,pobre,basal,0,750.0,520.66998,1.0,42.0,13,148,31494,6,0.0
98,1.0,0.0,4.0780001,0.0,6.0,8,85.13876965639903,86.90983360929401,pobre,basal,0,750.0,520.66998,1.0,42.0,14,148,31494,6,0.0
97,1.0,0.0,4.0780001,1.0,2.0,8,85.13876965639903,86.90983360929401,pobre,basal,0,750.0,520.66998,1.0,42.0,11,148,31495,2,1.0
98,1.0,0.0,4.0780001,1.0,3.0,8,85.13876965639903,86.90983360929401,pobre,basal,0,750.0,520.66998,1.0,42.0,12,148,31495,2,1.0
97,1.0,0.0,4.0780001,1.0,3.0,8,85.13876965639903,86.90983360929401,pobre,basal,0,750.0,520.66998,1.0,42.0,9,148,31496,3,1.0
98,1.0,0.0,4.0780001,1.0,3.0,8,85.13876965639903,86.90983360929401,pobre,basal,0,750.0,520.66998,1.0,42.0,10,148,31496,3,1.0
97,0.0,0.0,4.0780001,1.0,3.0,8,85.13876965639903,86.90983360929401,pobre,basal,0,750.0,520.66998,1.0,42.0,7,148,31497,3,1.0
98,0.0,0.0,4.0780001,1.0,3.0,8,85.13876965639903,86.90983360929401,pobre,basal,0,750.0,520.66998,1.0,42.0,8,148,31497,3,1.0
97,0.0,0.0,4.0780001,0.0,6.0,6,85.13876965639903,86.90983360929401,pobre,basal,6,750.0,497.0,1.0,39.0,16,148,31498,6,0.0
98,0.0,0.0,4.0780001,,,6,85.13876965639903,86.90983360929401,pobre,basal,6,750.0,497.0,1.0,39.0,17,148,31498,6,0.0
97,1.0,0.0,4.0780001,0.0,3.0,6,85.13876965639903,86.90983360929401,pobre,basal,6,750.0,497.0,1.0,39.0,14,148,31499,3,0.0
98,1.0,0.0,4.0780001,0.0,4.0,6,85.13876965639903,86.90983360929401,pobre,basal,6,750.0,497.0,1.0,39.0,15,148,31499,3,0.0
97,1.0,0.0,4.0780001,1.0,4.0,6,85.13876965639903,86.90983360929401,pobre,basal,6,750.0,497.0,1.0,39.0,10,148,31500,4,1.0
98,1.0,0.0,4.0780001,1.0,4.0,6,85.13876965639903,86.90983360929401,pobre,basal,6,750.0,497.0,1.0,39.0,11,148,31500,4,1.0
97,0.0,0.0,4.0780001,0.0,9.0,7,85.13876965639903,86.90983360929401,pobre,basal,0,750.0,554.5,1.0,35.0,16,148,31501,9,0.0
98,0.0,0.0,4.0780001,,,7,85.13876965639903,86.90983360929401,pobre,basal,0,750.0,554.5,1.0,35.0,17,148,31501,9,0.0
97,1.0,0.0,4.0780001,,8.0,7,85.13876965639903,86.90983360929401,pobre,basal,9,525.0,813.25,1.0,50.0,15,148,31502,8,
98,1.0,0.0,4.0780001,0.0,9.0,7,85.13876965639903,86.90983360929401,pobre,basal,9,525.0,813.25,1.0,50.0,16,148,31502,8,
97,1.0,0.0,4.0780001,,5.0,7,85.13876965639903,86.90983360929401,pobre,basal,9,525.0,813.25,1.0,50.0,14,148,31503,5,
98,1.0,0.0,4.0780001,1.0,6.0,7,85.13876965639903,86.90983360929401,pobre,basal,9,525.0,813.25,1.0,50.0,15,148,31503,5,
97,1.0,0.0,4.0780001,,2.0,7,85.13876965639903,86.90983360929401,pobre,basal,9,525.0,813.25,1.0,50.0,9,148,31504,2,
98,1.0,0.0,4.0780001,1.0,3.0,7,85.13876965639903,86.90983360929401,pobre,basal,9,525.0,813.25,1.0,50.0,10,148,31504,2,
97,1.0,0.0,4.0780001,0.0,6.0,3,85.13876965639903,86.90983360929401,pobre,basal,4,0.0,653.0,0.0,45.0,14,148,31505,6,0.0
98,1.0,0.0,4.0780001,0.0,7.0,3,85.13876965639903,86.90983360929401,pobre,basal,4,0.0,653.0,0.0,45.0,15,148,31505,6,0.0
97,0.0,0.0,4.0780001,1.0,2.0,3,85.13876965639903,86.90983360929401,pobre,basal,4,0.0,653.0,0.0,45.0,9,148,31506,2,1.0
98,0.0,0.0,4.0780001,1.0,3.0,3,85.13876965639903,86.90983360929401,pobre,basal,4,0.0,653.0,0.0,45.0,10,148,31506,2,1.0
97,0.0,0.0,4.0780001,1.0,1.0,4,85.13876965639903,86.90983360929401,pobre,basal,0,750.0,546.20001,1.0,46.0,9,148,31507,1,1.0
98,0.0,0.0,4.0780001,1.0,1.0,4,85.13876965639903,86.90983360929401,pobre,basal,0,750.0,546.20001,1.0,46.0,10,148,31507,1,1.0
97,1.0,0.0,4.0780001,,0.0,4,85.13876965639903,86.90983360929401,pobre,basal,0,750.0,546.20001,1.0,46.0,6,148,31508,0,
98,1.0,0.0,4.0780001,,,4,85.13876965639903,86.90983360929401,pobre,basal,0,750.0,546.20001,1.0,46.0,7,148,31508,0,
97,1.0,1.0,4.4559999,0.0,9.0,9,142.2148971904579,283.4546519626458,pobre,basal,2,500.0,747.0,1.0,63.0,16,440,31509,9,0.0
98,1.0,1.0,4.4559999,,,9,142.2148971904579,283.4546519626458,pobre,basal,2,500.0,747.0,1.0,63.0,17,440,31509,9,0.0
97,1.0,1.0,4.4559999,1.0,7.0,9,142.2148971904579,283.4546519626458,pobre,basal,2,500.0,747.0,1.0,63.0,13,440,31510,7,1.0
98,1.0,1.0,4.4559999,1.0,8.0,9,142.2148971904579,283.4546519626458,pobre,basal,2,500.0,747.0,1.0,63.0,14,440,31510,7,1.0
97,0.0,1.0,4.4559999,1.0,5.0,9,142.2148971904579,283.4546519626458,pobre,basal,2,500.0,747.0,1.0,63.0,11,440,31511,5,1.0
98,0.0,1.0,4.4559999,1.0,6.0,9,142.2148971904579,283.4546519626458,pobre,basal,2,500.0,747.0,1.0,63.0,12,440,31511,5,1.0
97,0.0,1.0,4.4559999,1.0,0.0,9,142.2148971904579,283.4546519626458,pobre,basal,2,500.0,747.0,1.0,63.0,7,440,31512,0,1.0
98,0.0,1.0,4.4559999,1.0,1.0,9,142.2148971904579,283.4546519626458,pobre,basal,2,500.0,747.0,1.0,63.0,8,440,31512,0,1.0
97,1.0,1.0,4.4559999,1.0,7.0,9,142.2148971904579,283.4546519626458,pobre,basal,2,500.0,747.0,1.0,63.0,13,440,31513,7,1.0
98,1.0,1.0,4.4559999,1.0,8.0,9,142.2148971904579,283.4546519626458,pobre,basal,2,500.0,747.0,1.0,63.0,14,440,31513,7,1.0
97,1.0,1.0,4.4559999,0.0,6.0,8,142.2148971904579,283.4546519626458,pobre,basal,4,500.0,728.0,1.0,36.0,16,440,31514,6,0.0
98,1.0,1.0,4.4559999,,,8,142.2148971904579,283.4546519626458,pobre,basal,4,500.0,728.0,1.0,36.0,17,440,31514,6,0.0
97,0.0,1.0,4.4559999,1.0,4.0,8,142.2148971904579,283.4546519626458,pobre,basal,4,500.0,728.0,1.0,36.0,12,440,31515,4,1.0
98,0.0,1.0,4.4559999,1.0,5.0,8,142.2148971904579,283.4546519626458,pobre,basal,4,500.0,728.0,1.0,36.0,13,440,31515,4,1.0
97,0.0,1.0,4.4559999,1.0,2.0,8,142.2148971904579,283.4546519626458,pobre,basal,4,500.0,728.0,1.0,36.0,10,440,31516,2,1.0
98,0.0,1.0,4.4559999,1.0,3.0,8,142.2148971904579,283.4546519626458,pobre,basal,4,500.0,728.0,1.0,36.0,11,440,31516,2,1.0
97,1.0,1.0,4.4559999,1.0,1.0,8,142.2148971904579,283.4546519626458,pobre,basal,4,500.0,728.0,1.0,36.0,8,440,31517,1,1.0
98,1.0,1.0,4.4559999,1.0,2.0,8,142.2148971904579,283.4546519626458,pobre,basal,4,500.0,728.0,1.0,36.0,9,440,31517,1,1.0
97,1.0,1.0,4.4559999,0.0,6.0,4,142.2148971904579,283.4546519626458,pobre,basal,2,500.0,727.0,1.0,51.0,14,440,31518,6,0.0
98,1.0,1.0,4.4559999,0.0,6.0,4,142.2148971904579,283.4546519626458,pobre,basal,2,500.0,727.0,1.0,51.0,15,440,31518,6,0.0
97,0.0,1.0,4.4559999,1.0,1.0,4,142.2148971904579,283.4546519626458,pobre,basal,2,500.0,727.0,1.0,51.0,9,440,31519,1,1.0
98,0.0,1.0,4.4559999,1.0,2.0,4,142.2148971904579,283.4546519626458,pobre,basal,2,500.0,727.0,1.0,51.0,10,440,31519,1,1.0
97,1.0,1.0,4.4559999,0.0,9.0,6,142.2148971904579,283.4546519626458,pobre,basal,3,500.0,768.0,1.0,38.0,16,440,31520,9,0.0
98,1.0,1.0,4.4559999,0.0,9.0,6,142.2148971904579,283.4546519626458,pobre,basal,3,500.0,768.0,1.0,38.0,17,440,31520,9,0.0
97,0.0,1.0,4.4559999,1.0,6.0,6,142.2148971904579,283.4546519626458,pobre,basal,3,500.0,768.0,1.0,38.0,12,440,31521,6,1.0
98,0.0,1.0,4.4559999,1.0,7.0,6,142.2148971904579,283.4546519626458,pobre,basal,3,500.0,768.0,1.0,38.0,13,440,31521,6,1.0
97,1.0,1.0,4.4559999,1.0,6.0,8,142.2148971904579,283.4546519626458,pobre,basal,6,500.0,548.0,1.0,29.0,12,440,31522,6,1.0
98,1.0,1.0,4.4559999,1.0,7.0,8,142.2148971904579,283.4546519626458,pobre,basal,6,500.0,548.0,1.0,29.0,13,440,31522,6,1.0
97,1.0,1.0,4.4559999,1.0,2.0,8,142.2148971904579,283.4546519626458,pobre,basal,6,500.0,548.0,1.0,29.0,9,440,31523,2,1.0
98,1.0,1.0,4.4559999,1.0,3.0,8,142.2148971904579,283.4546519626458,pobre,basal,6,500.0,548.0,1.0,29.0,10,440,31523,2,1.0
97,0.0,1.0,4.4559999,1.0,0.0,8,142.2148971904579,283.4546519626458,pobre,basal,6,500.0,548.0,1.0,29.0,7,440,31524,0,1.0
98,0.0,1.0,4.4559999,1.0,1.0,8,142.2148971904579,283.4546519626458,pobre,basal,6,500.0,548.0,1.0,29.0,8,440,31524,0,1.0
97,1.0,1.0,4.4559999,1.0,8.0,6,142.2148971904579,283.4546519626458,no pobre,basal,6,500.0,882.0,1.0,37.0,16,440,31525,8,1.0
98,1.0,1.0,4.4559999,,,6,142.2148971904579,283.4546519626458,no pobre,basal,6,500.0,882.0,1.0,37.0,17,440,31525,8,1.0
97,1.0,1.0,4.4559999,1.0,6.0,6,142.2148971904579,283.4546519626458,no pobre,basal,6,500.0,882.0,1.0,37.0,14,440,31526,6,1.0
98,1.0,1.0,4.4559999,1.0,7.0,6,142.2148971904579,283.4546519626458,no pobre,basal,6,500.0,882.0,1.0,37.0,15,440,31526,6,1.0
97,0.0,1.0,4.4559999,1.0,5.0,6,142.2148971904579,283.4546519626458,no pobre,basal,6,500.0,882.0,1.0,37.0,13,440,31527,5,1.0
98,0.0,1.0,4.4559999,1.0,6.0,6,142.2148971904579,283.4546519626458,no pobre,basal,6,500.0,882.0,1.0,37.0,14,440,31527,5,1.0
97,1.0,1.0,4.4559999,1.0,4.0,3,142.2148971904579,283.4546519626458,pobre,basal,2,500.0,828.0,1.0,53.0,13,440,31528,4,1.0
98,1.0,1.0,4.4559999,1.0,5.0,3,142.2148971904579,283.4546519626458,pobre,basal,2,500.0,828.0,1.0,53.0,14,440,31528,4,1.0
97,0.0,1.0,4.4559999,0.0,6.0,7,142.2148971904579,283.4546519626458,pobre,basal,3,500.0,832.25,1.0,56.0,14,440,31529,6,0.0
98,0.0,1.0,4.4559999,0.0,6.0,7,142.2148971904579,283.4546519626458,pobre,basal,3,500.0,832.25,1.0,56.0,15,440,31529,6,0.0
97,1.0,1.0,4.4559999,1.0,5.0,7,142.2148971904579,283.4546519626458,pobre,basal,3,500.0,832.25,1.0,56.0,12,440,31530,5,1.0
98,1.0,1.0,4.4559999,1.0,6.0,7,142.2148971904579,283.4546519626458,pobre,basal,3,500.0,832.25,1.0,56.0,13,440,31530,5,1.0
97,1.0,1.0,4.4559999,1.0,7.0,3,142.2148971904579,283.4546519626458,pobre,basal,3,200.0,781.5,0.0,53.0,14,440,31531,7,1.0
98,1.0,1.0,4.4559999,1.0,8.0,3,142.2148971904579,283.4546519626458,pobre,basal,3,200.0,781.5,0.0,53.0,15,440,31531,7,1.0
97,0.0,1.0,4.4559999,1.0,5.0,3,142.2148971904579,283.4546519626458,pobre,basal,3,200.0,781.5,0.0,53.0,12,440,31532,5,1.0
98,0.0,1.0,4.4559999,1.0,6.0,3,142.2148971904579,283.4546519626458,pobre,basal,3,200.0,781.5,0.0,53.0,13,440,31532,5,1.0
97,0.0,1.0,4.4559999,,0.0,2,142.2148971904579,283.4546519626458,pobre,basal,4,625.0,762.33099,1.0,42.0,9,440,31533,0,
98,0.0,1.0,4.4559999,,,2,142.2148971904579,283.4546519626458,pobre,basal,4,625.0,762.33099,1.0,42.0,10,440,31533,0,
97,1.0,0.0,4.6820002,0.0,6.0,3,74.09189985663056,74.09189985663056,pobre,basal,0,0.0,721.0,1.0,70.0,15,191,31534,6,0.0
98,1.0,0.0,4.6820002,0.0,6.0,3,74.09189985663056,74.09189985663056,pobre,basal,0,0.0,721.0,1.0,70.0,16,191,31534,6,0.0
97,1.0,0.0,4.6820002,1.0,3.0,5,74.09189985663056,74.09189985663056,pobre,basal,2,5600.0,631.0,1.0,31.0,9,191,31535,3,1.0
98,1.0,0.0,4.6820002,1.0,4.0,5,74.09189985663056,74.09189985663056,pobre,basal,2,5600.0,631.0,1.0,31.0,10,191,31535,3,1.0
97,0.0,0.0,4.6820002,1.0,2.0,5,74.09189985663056,74.09189985663056,pobre,basal,2,5600.0,631.0,1.0,31.0,8,191,31536,2,1.0
98,0.0,0.0,4.6820002,1.0,3.0,5,74.09189985663056,74.09189985663056,pobre,basal,2,5600.0,631.0,1.0,31.0,9,191,31536,2,1.0
97,1.0,0.0,4.6820002,1.0,3.0,5,74.09189985663056,74.09189985663056,pobre,basal,2,5600.0,631.0,1.0,31.0,6,191,31537,3,1.0
98,1.0,0.0,4.6820002,1.0,1.0,5,74.09189985663056,74.09189985663056,pobre,basal,2,5600.0,631.0,1.0,31.0,7,191,31537,3,1.0
97,0.0,1.0,0.58999997,1.0,8.0,7,141.8944903287733,273.2989389602207,pobre,0,0,0.0,763.5,0.0,52.0,15,441,31538,8,1.0
98,0.0,1.0,0.58999997,1.0,9.0,7,141.8944903287733,273.2989389602207,pobre,0,0,0.0,763.5,0.0,52.0,16,441,31538,8,1.0
97,0.0,1.0,0.58999997,1.0,4.0,7,141.8944903287733,273.2989389602207,pobre,0,0,0.0,763.5,0.0,52.0,10,441,31539,4,1.0
98,0.0,1.0,0.58999997,1.0,5.0,7,141.8944903287733,273.2989389602207,pobre,0,0,0.0,763.5,0.0,52.0,11,441,31539,4,1.0
97,1.0,0.0,0.58999997,1.0,1.0,7,141.8944903287733,273.2989389602207,pobre,0,0,0.0,763.5,0.0,52.0,8,441,31540,1,1.0
98,1.0,0.0,0.58999997,1.0,2.0,7,141.8944903287733,273.2989389602207,pobre,0,0,0.0,763.5,0.0,52.0,9,441,31540,1,1.0
97,1.0,1.0,0.58999997,1.0,5.0,5,141.8944903287733,273.2989389602207,pobre,0,3,800.0,738.0,1.0,46.0,13,441,31541,5,1.0
98,1.0,1.0,0.58999997,1.0,6.0,5,141.8944903287733,273.2989389602207,pobre,0,3,800.0,738.0,1.0,46.0,14,441,31541,5,1.0
97,0.0,1.0,0.58999997,1.0,5.0,5,141.8944903287733,273.2989389602207,pobre,0,3,800.0,738.0,1.0,46.0,10,441,31542,5,1.0
98,0.0,1.0,0.58999997,1.0,6.0,5,141.8944903287733,273.2989389602207,pobre,0,3,800.0,738.0,1.0,46.0,11,441,31542,5,1.0
97,0.0,0.0,4.0780001,1.0,5.0,5,85.13876965639903,86.90983360929401,pobre,basal,0,750.0,478.0,1.0,30.0,11,148,31543,5,1.0
98,0.0,0.0,4.0780001,1.0,5.0,5,85.13876965639903,86.90983360929401,pobre,basal,0,750.0,478.0,1.0,30.0,12,148,31543,5,1.0
97,1.0,0.0,4.0780001,1.0,3.0,5,85.13876965639903,86.90983360929401,pobre,basal,0,750.0,478.0,1.0,30.0,8,148,31544,3,1.0
98,1.0,0.0,4.0780001,1.0,3.0,5,85.13876965639903,86.90983360929401,pobre,basal,0,750.0,478.0,1.0,30.0,9,148,31544,3,1.0
97,1.0,0.0,4.4559999,1.0,4.0,6,142.2148971904579,283.4546519626458,pobre,basal,5,375.0,616.0,0.0,39.0,10,440,31545,4,1.0
98,1.0,0.0,4.4559999,,,6,142.2148971904579,283.4546519626458,pobre,basal,5,375.0,616.0,0.0,39.0,11,440,31545,4,1.0
97,0.0,0.0,4.4559999,1.0,2.0,6,142.2148971904579,283.4546519626458,pobre,basal,5,375.0,616.0,0.0,39.0,9,440,31546,2,1.0
98,0.0,0.0,4.4559999,,,6,142.2148971904579,283.4546519626458,pobre,basal,5,375.0,616.0,0.0,39.0,10,440,31546,2,1.0
97,0.0,0.0,4.4559999,1.0,0.0,6,142.2148971904579,283.4546519626458,pobre,basal,5,375.0,616.0,0.0,39.0,6,440,31547,0,1.0
98,0.0,0.0,4.4559999,,,6,142.2148971904579,283.4546519626458,pobre,basal,5,375.0,616.0,0.0,39.0,7,440,31547,0,1.0
97,0.0,0.0,4.0780001,1.0,7.0,7,85.13876965639903,86.90983360929401,no pobre,basal,2,333.33334,1008.5,1.0,49.0,13,148,31548,7,1.0
98,0.0,0.0,4.0780001,1.0,8.0,7,85.13876965639903,86.90983360929401,no pobre,basal,2,333.33334,1008.5,1.0,49.0,14,148,31548,7,1.0
97,1.0,0.0,4.0780001,1.0,5.0,7,85.13876965639903,86.90983360929401,no pobre,basal,2,333.33334,1008.5,1.0,49.0,10,148,31549,5,1.0
98,1.0,0.0,4.0780001,1.0,5.0,7,85.13876965639903,86.90983360929401,no pobre,basal,2,333.33334,1008.5,1.0,49.0,11,148,31549,5,1.0
97,1.0,0.0,4.0780001,0.0,6.0,7,85.13876965639903,86.90983360929401,no pobre,basal,0,333.33334,685.33002,1.0,52.0,14,148,31550,6,0.0
98,1.0,0.0,4.0780001,0.0,6.0,7,85.13876965639903,86.90983360929401,no pobre,basal,0,333.33334,685.33002,1.0,52.0,15,148,31550,6,0.0
97,1.0,0.0,4.0780001,1.0,5.0,7,85.13876965639903,86.90983360929401,no pobre,basal,0,333.33334,685.33002,1.0,52.0,12,148,31551,5,1.0
98,1.0,0.0,4.0780001,1.0,6.0,7,85.13876965639903,86.90983360929401,no pobre,basal,0,333.33334,685.33002,1.0,52.0,13,148,31551,5,1.0
97,0.0,0.0,4.0780001,1.0,3.0,7,85.13876965639903,86.90983360929401,no pobre,basal,0,333.33334,685.33002,1.0,52.0,8,148,31552,3,1.0
98,0.0,0.0,4.0780001,1.0,4.0,7,85.13876965639903,86.90983360929401,no pobre,basal,0,333.33334,685.33002,1.0,52.0,9,148,31552,3,1.0
97,0.0,0.0,4.0780001,,0.0,7,85.13876965639903,86.90983360929401,no pobre,basal,0,333.33334,685.33002,1.0,52.0,7,148,31553,0,
98,0.0,0.0,4.0780001,1.0,2.0,7,85.13876965639903,86.90983360929401,no pobre,basal,0,333.33334,685.33002,1.0,52.0,8,148,31553,0,
97,0.0,0.0,4.0780001,1.0,3.0,5,85.13876965639903,86.90983360929401,pobre,basal,0,750.0,507.0,1.0,53.0,9,148,31554,3,1.0
98,0.0,0.0,4.0780001,1.0,4.0,5,85.13876965639903,86.90983360929401,pobre,basal,0,750.0,507.0,1.0,53.0,10,148,31554,3,1.0
97,1.0,0.0,4.0780001,1.0,2.0,5,85.13876965639903,86.90983360929401,pobre,basal,0,750.0,507.0,1.0,53.0,9,148,31555,2,1.0
98,1.0,0.0,4.0780001,1.0,3.0,5,85.13876965639903,86.90983360929401,pobre,basal,0,750.0,507.0,1.0,53.0,10,148,31555,2,1.0
97,1.0,0.0,4.0780001,1.0,0.0,5,85.13876965639903,86.90983360929401,pobre,basal,0,750.0,507.0,1.0,53.0,6,148,31556,0,1.0
98,1.0,0.0,4.0780001,1.0,1.0,5,85.13876965639903,86.90983360929401,pobre,basal,0,750.0,507.0,1.0,53.0,7,148,31556,0,1.0
97,0.0,0.0,4.0780001,1.0,4.0,2,85.13876965639903,86.90983360929401,pobre,basal,1,0.0,714.0,0.0,75.0,11,148,31557,4,1.0
98,0.0,0.0,4.0780001,1.0,5.0,2,85.13876965639903,86.90983360929401,pobre,basal,1,0.0,714.0,0.0,75.0,12,148,31557,4,1.0
97,0.0,0.0,4.0780001,1.0,6.0,3,85.13876965639903,86.90983360929401,no pobre,basal,4,170.0,668.0,0.0,33.0,12,148,31558,6,1.0
98,0.0,0.0,4.0780001,1.0,7.0,3,85.13876965639903,86.90983360929401,no pobre,basal,4,170.0,668.0,0.0,33.0,13,148,31558,6,1.0
97,1.0,0.0,4.0780001,1.0,1.0,3,85.13876965639903,86.90983360929401,no pobre,basal,4,170.0,668.0,0.0,33.0,7,148,31559,1,1.0
98,1.0,0.0,4.0780001,1.0,2.0,3,85.13876965639903,86.90983360929401,no pobre,basal,4,170.0,668.0,0.0,33.0,8,148,31559,1,1.0
97,0.0,1.0,4.4559999,1.0,5.0,7,142.2148971904579,283.4546519626458,pobre,basal,6,500.0,598.0,1.0,28.0,12,440,31560,5,1.0
98,0.0,1.0,4.4559999,1.0,5.0,7,142.2148971904579,283.4546519626458,pobre,basal,6,500.0,598.0,1.0,28.0,13,440,31560,5,1.0
97,0.0,1.0,4.4559999,1.0,2.0,7,142.2148971904579,283.4546519626458,pobre,basal,6,500.0,598.0,1.0,28.0,10,440,31561,2,1.0
98,0.0,1.0,4.4559999,1.0,3.0,7,142.2148971904579,283.4546519626458,pobre,basal,6,500.0,598.0,1.0,28.0,11,440,31561,2,1.0
97,0.0,1.0,4.4559999,1.0,0.0,7,142.2148971904579,283.4546519626458,pobre,basal,6,500.0,598.0,1.0,28.0,6,440,31562,0,1.0
98,0.0,1.0,4.4559999,1.0,0.0,7,142.2148971904579,283.4546519626458,pobre,basal,6,500.0,598.0,1.0,28.0,7,440,31562,0,1.0
97,0.0,0.0,4.0780001,1.0,5.0,8,85.13876965639903,86.90983360929401,pobre,basal,3,0.0,540.0,1.0,34.0,11,148,31563,5,1.0
98,0.0,0.0,4.0780001,1.0,6.0,8,85.13876965639903,86.90983360929401,pobre,basal,3,0.0,540.0,1.0,34.0,12,148,31563,5,1.0
97,0.0,0.0,4.0780001,1.0,3.0,8,85.13876965639903,86.90983360929401,pobre,basal,3,0.0,540.0,1.0,34.0,9,148,31564,3,1.0
98,0.0,0.0,4.0780001,1.0,4.0,8,85.13876965639903,86.90983360929401,pobre,basal,3,0.0,540.0,1.0,34.0,10,148,31564,3,1.0
97,1.0,0.0,4.0780001,1.0,2.0,8,85.13876965639903,86.90983360929401,pobre,basal,3,0.0,540.0,1.0,34.0,8,148,31565,2,1.0
98,1.0,0.0,4.0780001,1.0,3.0,8,85.13876965639903,86.90983360929401,pobre,basal,3,0.0,540.0,1.0,34.0,9,148,31565,2,1.0
97,1.0,0.0,4.0780001,0.0,6.0,8,85.13876965639903,86.90983360929401,pobre,basal,3,0.0,540.0,1.0,34.0,16,148,31566,6,0.0
98,1.0,0.0,4.0780001,,,8,85.13876965639903,86.90983360929401,pobre,basal,3,0.0,540.0,1.0,34.0,17,148,31566,6,0.0
97,0.0,0.0,4.0780001,1.0,5.0,3,85.13876965639903,86.90983360929401,no pobre,basal,0,750.0,585.0,1.0,69.0,14,148,31567,5,1.0
98,0.0,0.0,4.0780001,1.0,6.0,3,85.13876965639903,86.90983360929401,no pobre,basal,0,750.0,585.0,1.0,69.0,15,148,31567,5,1.0
97,1.0,0.0,4.0780001,0.0,6.0,6,85.13876965639903,86.90983360929401,pobre,basal,2,750.0,457.0,1.0,34.0,13,148,31568,6,0.0
98,1.0,0.0,4.0780001,0.0,6.0,6,85.13876965639903,86.90983360929401,pobre,basal,2,750.0,457.0,1.0,34.0,14,148,31568,6,0.0
97,0.0,0.0,4.0780001,1.0,3.0,6,85.13876965639903,86.90983360929401,pobre,basal,2,750.0,457.0,1.0,34.0,11,148,31569,3,1.0
98,0.0,0.0,4.0780001,1.0,4.0,6,85.13876965639903,86.90983360929401,pobre,basal,2,750.0,457.0,1.0,34.0,12,148,31569,3,1.0
97,0.0,0.0,4.0780001,1.0,4.0,6,85.13876965639903,86.90983360929401,pobre,basal,2,750.0,457.0,1.0,34.0,10,148,31570,4,1.0
98,0.0,0.0,4.0780001,1.0,5.0,6,85.13876965639903,86.90983360929401,pobre,basal,2,750.0,457.0,1.0,34.0,11,148,31570,4,1.0
97,1.0,0.0,4.0780001,1.0,1.0,6,85.13876965639903,86.90983360929401,pobre,basal,2,750.0,457.0,1.0,34.0,6,148,31571,1,1.0
98,1.0,0.0,4.0780001,1.0,1.0,6,85.13876965639903,86.90983360929401,pobre,basal,2,750.0,457.0,1.0,34.0,7,148,31571,1,1.0
97,1.0,0.0,4.0780001,1.0,1.0,9,85.13876965639903,86.90983360929401,pobre,basal,1,0.0,475.0,1.0,50.0,7,148,31572,1,1.0
98,1.0,0.0,4.0780001,1.0,1.0,9,85.13876965639903,86.90983360929401,pobre,basal,1,0.0,475.0,1.0,50.0,8,148,31572,1,1.0
97,0.0,0.0,4.0780001,1.0,5.0,9,85.13876965639903,86.90983360929401,pobre,basal,1,0.0,475.0,1.0,50.0,10,148,31573,5,1.0
98,0.0,0.0,4.0780001,1.0,5.0,9,85.13876965639903,86.90983360929401,pobre,basal,1,0.0,475.0,1.0,50.0,11,148,31573,5,1.0
97,0.0,0.0,4.0780001,1.0,3.0,9,85.13876965639903,86.90983360929401,pobre,basal,1,0.0,475.0,1.0,50.0,8,148,31574,3,1.0
98,0.0,0.0,4.0780001,1.0,3.0,9,85.13876965639903,86.90983360929401,pobre,basal,1,0.0,475.0,1.0,50.0,9,148,31574,3,1.0
97,1.0,0.0,4.0780001,1.0,7.0,9,85.13876965639903,86.90983360929401,pobre,basal,1,0.0,475.0,1.0,50.0,13,148,31575,7,1.0
98,1.0,0.0,4.0780001,1.0,8.0,9,85.13876965639903,86.90983360929401,pobre,basal,1,0.0,475.0,1.0,50.0,14,148,31575,7,1.0
97,0.0,0.0,4.0780001,0.0,6.0,7,85.13876965639903,86.90983360929401,pobre,basal,0,750.0,473.0,1.0,53.0,15,148,31576,6,0.0
98,0.0,0.0,4.0780001,0.0,6.0,7,85.13876965639903,86.90983360929401,pobre,basal,0,750.0,473.0,1.0,53.0,16,148,31576,6,0.0
97,0.0,0.0,4.0780001,0.0,6.0,7,85.13876965639903,86.90983360929401,pobre,basal,0,750.0,473.0,1.0,53.0,12,148,31577,6,0.0
98,0.0,0.0,4.0780001,0.0,6.0,7,85.13876965639903,86.90983360929401,pobre,basal,0,750.0,473.0,1.0,53.0,13,148,31577,6,0.0
97,1.0,0.0,4.0780001,1.0,3.0,7,85.13876965639903,86.90983360929401,pobre,basal,0,750.0,473.0,1.0,53.0,10,148,31578,3,1.0
98,1.0,0.0,4.0780001,1.0,4.0,7,85.13876965639903,86.90983360929401,pobre,basal,0,750.0,473.0,1.0,53.0,11,148,31578,3,1.0
97,0.0,0.0,4.0780001,1.0,2.0,7,85.13876965639903,86.90983360929401,pobre,basal,0,750.0,473.0,1.0,53.0,8,148,31579,2,1.0
98,0.0,0.0,4.0780001,1.0,3.0,7,85.13876965639903,86.90983360929401,pobre,basal,0,750.0,473.0,1.0,53.0,9,148,31579,2,1.0
97,1.0,0.0,4.4559999,1.0,0.0,6,142.2148971904579,283.4546519626458,pobre,basal,3,500.0,746.0,1.0,31.0,6,440,31580,0,1.0
98,1.0,0.0,4.4559999,1.0,1.0,6,142.2148971904579,283.4546519626458,pobre,basal,3,500.0,746.0,1.0,31.0,7,440,31580,0,1.0
97,0.0,0.0,3.3329999,0.0,4.0,4,80.9856495427514,93.9719563731062,pobre,0,0,0.0,523.0,0.0,53.0,16,183,31581,4,0.0
98,0.0,0.0,3.3329999,,,4,80.9856495427514,93.9719563731062,pobre,0,0,0.0,523.0,0.0,53.0,17,183,31581,4,0.0
97,1.0,0.0,3.3329999,,0.0,4,80.9856495427514,93.9719563731062,pobre,0,0,0.0,523.0,0.0,53.0,14,183,31582,0,
98,1.0,0.0,3.3329999,0.0,1.0,4,80.9856495427514,93.9719563731062,pobre,0,0,0.0,523.0,0.0,53.0,15,183,31582,0,
97,1.0,0.0,3.3329999,1.0,2.0,4,80.9856495427514,93.9719563731062,pobre,0,0,0.0,523.0,0.0,53.0,7,183,31583,2,1.0
98,1.0,0.0,3.3329999,1.0,2.0,4,80.9856495427514,93.9719563731062,pobre,0,0,0.0,523.0,0.0,53.0,8,183,31583,2,1.0
97,0.0,0.0,3.3329999,1.0,2.0,4,80.9856495427514,93.9719563731062,pobre,0,9,0.0,586.0,1.0,37.0,7,183,31584,2,1.0
98,0.0,0.0,3.3329999,1.0,2.0,4,80.9856495427514,93.9719563731062,pobre,0,9,0.0,586.0,1.0,37.0,8,183,31584,2,1.0
97,0.0,0.0,4.0780001,1.0,5.0,6,85.13876965639903,86.90983360929401,no pobre,basal,0,0.0,714.0,1.0,39.0,11,148,31585,5,1.0
98,0.0,0.0,4.0780001,0.0,6.0,6,85.13876965639903,86.90983360929401,no pobre,basal,0,0.0,714.0,1.0,39.0,12,148,31585,5,1.0
97,1.0,0.0,4.0780001,1.0,2.0,6,85.13876965639903,86.90983360929401,no pobre,basal,0,0.0,714.0,1.0,39.0,8,148,31586,2,1.0
98,1.0,0.0,4.0780001,1.0,3.0,6,85.13876965639903,86.90983360929401,no pobre,basal,0,0.0,714.0,1.0,39.0,9,148,31586,2,1.0
97,1.0,0.0,4.0780001,1.0,1.0,5,85.13876965639903,86.90983360929401,pobre,basal,0,750.0,501.20001,1.0,35.0,9,148,31587,1,1.0
98,1.0,0.0,4.0780001,1.0,1.0,5,85.13876965639903,86.90983360929401,pobre,basal,0,750.0,501.20001,1.0,35.0,10,148,31587,1,1.0
97,0.0,0.0,4.0780001,1.0,1.0,5,85.13876965639903,86.90983360929401,pobre,basal,0,750.0,501.20001,1.0,35.0,7,148,31588,1,1.0
98,0.0,0.0,4.0780001,1.0,2.0,5,85.13876965639903,86.90983360929401,pobre,basal,0,750.0,501.20001,1.0,35.0,8,148,31588,1,1.0
97,,,4.0780001,,0.0,5,85.13876965639903,86.90983360929401,pobre,basal,0,750.0,501.20001,1.0,35.0,6,148,31589,0,
98,,,4.0780001,1.0,2.0,5,85.13876965639903,86.90983360929401,pobre,basal,0,750.0,501.20001,1.0,35.0,7,148,31589,0,
97,1.0,1.0,4.4559999,1.0,9.0,4,142.2148971904579,283.4546519626458,pobre,basal,1,500.0,776.0,1.0,57.0,15,440,31590,9,1.0
98,1.0,1.0,4.4559999,1.0,10.0,4,142.2148971904579,283.4546519626458,pobre,basal,1,500.0,776.0,1.0,57.0,16,440,31590,9,1.0
97,1.0,1.0,4.4559999,1.0,6.0,4,142.2148971904579,283.4546519626458,pobre,basal,1,500.0,776.0,1.0,57.0,13,440,31591,6,1.0
98,1.0,1.0,4.4559999,1.0,7.0,4,142.2148971904579,283.4546519626458,pobre,basal,1,500.0,776.0,1.0,57.0,14,440,31591,6,1.0
97,1.0,0.0,4.0780001,1.0,7.0,6,85.13876965639903,86.90983360929401,no pobre,basal,5,1000.0,924.0,1.0,51.0,12,148,31592,7,1.0
98,1.0,0.0,4.0780001,1.0,8.0,6,85.13876965639903,86.90983360929401,no pobre,basal,5,1000.0,924.0,1.0,51.0,13,148,31592,7,1.0
97,1.0,0.0,4.0780001,1.0,4.0,6,85.13876965639903,86.90983360929401,no pobre,basal,5,1000.0,924.0,1.0,51.0,9,148,31593,4,1.0
98,1.0,0.0,4.0780001,1.0,4.0,6,85.13876965639903,86.90983360929401,no pobre,basal,5,1000.0,924.0,1.0,51.0,10,148,31593,4,1.0
97,0.0,0.0,4.0780001,0.0,6.0,3,85.13876965639903,86.90983360929401,no pobre,basal,0,0.0,710.0,1.0,86.0,12,148,31594,6,0.0
98,0.0,0.0,4.0780001,,,3,85.13876965639903,86.90983360929401,no pobre,basal,0,0.0,710.0,1.0,86.0,13,148,31594,6,0.0
97,0.0,0.0,4.0780001,1.0,9.0,5,85.13876965639903,86.90983360929401,no pobre,basal,4,0.0,612.5,0.0,54.0,16,148,31595,9,1.0
98,0.0,0.0,4.0780001,,,5,85.13876965639903,86.90983360929401,no pobre,basal,4,0.0,612.5,0.0,54.0,17,148,31595,9,1.0
97,0.0,0.0,4.0780001,1.0,5.0,5,85.13876965639903,86.90983360929401,no pobre,basal,4,0.0,612.5,0.0,54.0,14,148,31596,5,1.0
98,0.0,0.0,4.0780001,1.0,6.0,5,85.13876965639903,86.90983360929401,no pobre,basal,4,0.0,612.5,0.0,54.0,15,148,31596,5,1.0
97,1.0,1.0,4.4559999,1.0,6.0,5,142.2148971904579,283.4546519626458,pobre,basal,2,500.0,712.0,1.0,53.0,12,440,31597,6,1.0
98,1.0,1.0,4.4559999,1.0,7.0,5,142.2148971904579,283.4546519626458,pobre,basal,2,500.0,712.0,1.0,53.0,13,440,31597,6,1.0
97,1.0,1.0,4.4559999,1.0,3.0,5,142.2148971904579,283.4546519626458,pobre,basal,2,500.0,712.0,1.0,53.0,9,440,31598,3,1.0
98,1.0,1.0,4.4559999,1.0,4.0,5,142.2148971904579,283.4546519626458,pobre,basal,2,500.0,712.0,1.0,53.0,10,440,31598,3,1.0
97,1.0,0.0,4.0780001,0.0,7.0,7,85.13876965639903,86.90983360929401,pobre,basal,9,0.0,644.5,1.0,38.0,15,148,31599,7,0.0
98,1.0,0.0,4.0780001,0.0,6.0,7,85.13876965639903,86.90983360929401,pobre,basal,9,0.0,644.5,1.0,38.0,16,148,31599,7,0.0
97,1.0,0.0,4.0780001,1.0,5.0,7,85.13876965639903,86.90983360929401,pobre,basal,9,0.0,644.5,1.0,38.0,13,148,31600,5,1.0
98,1.0,0.0,4.0780001,1.0,5.0,7,85.13876965639903,86.90983360929401,pobre,basal,9,0.0,644.5,1.0,38.0,14,148,31600,5,1.0
97,1.0,0.0,4.0780001,1.0,6.0,7,85.13876965639903,86.90983360929401,pobre,basal,9,0.0,644.5,1.0,38.0,11,148,31601,6,1.0
98,1.0,0.0,4.0780001,1.0,6.0,7,85.13876965639903,86.90983360929401,pobre,basal,9,0.0,644.5,1.0,38.0,12,148,31601,6,1.0
97,0.0,0.0,4.0780001,1.0,5.0,7,85.13876965639903,86.90983360929401,pobre,basal,9,0.0,644.5,1.0,38.0,9,148,31602,5,1.0
98,0.0,0.0,4.0780001,1.0,5.0,7,85.13876965639903,86.90983360929401,pobre,basal,9,0.0,644.5,1.0,38.0,10,148,31602,5,1.0
97,1.0,0.0,4.0780001,0.0,8.0,9,85.13876965639903,86.90983360929401,pobre,basal,4,1250.0,791.75,1.0,58.0,15,148,31603,8,0.0
98,1.0,0.0,4.0780001,0.0,8.0,9,85.13876965639903,86.90983360929401,pobre,basal,4,1250.0,791.75,1.0,58.0,16,148,31603,8,0.0
97,1.0,0.0,4.0780001,1.0,8.0,9,85.13876965639903,86.90983360929401,pobre,basal,4,1250.0,791.75,1.0,58.0,13,148,31604,8,1.0
98,1.0,0.0,4.0780001,1.0,8.0,9,85.13876965639903,86.90983360929401,pobre,basal,4,1250.0,791.75,1.0,58.0,14,148,31604,8,1.0
97,1.0,0.0,4.0780001,1.0,5.0,9,85.13876965639903,86.90983360929401,pobre,basal,4,1250.0,791.75,1.0,58.0,11,148,31605,5,1.0
98,1.0,0.0,4.0780001,1.0,5.0,9,85.13876965639903,86.90983360929401,pobre,basal,4,1250.0,791.75,1.0,58.0,12,148,31605,5,1.0
97,0.0,0.0,4.0780001,0.0,6.0,10,85.13876965639903,86.90983360929401,pobre,basal,1,0.0,513.0,1.0,41.0,15,148,31606,6,0.0
98,0.0,0.0,4.0780001,1.0,6.0,10,85.13876965639903,86.90983360929401,pobre,basal,1,0.0,513.0,1.0,41.0,16,148,31606,6,0.0
97,0.0,0.0,4.0780001,1.0,5.0,10,85.13876965639903,86.90983360929401,pobre,basal,1,0.0,513.0,1.0,41.0,12,148,31607,5,1.0
98,0.0,0.0,4.0780001,1.0,6.0,10,85.13876965639903,86.90983360929401,pobre,basal,1,0.0,513.0,1.0,41.0,13,148,31607,5,1.0
97,0.0,0.0,4.0780001,1.0,3.0,10,85.13876965639903,86.90983360929401,pobre,basal,1,0.0,513.0,1.0,41.0,10,148,31608,3,1.0
98,0.0,0.0,4.0780001,1.0,4.0,10,85.13876965639903,86.90983360929401,pobre,basal,1,0.0,513.0,1.0,41.0,11,148,31608,3,1.0
97,0.0,0.0,4.0780001,1.0,1.0,10,85.13876965639903,86.90983360929401,pobre,basal,1,0.0,513.0,1.0,41.0,8,148,31609,1,1.0
98,0.0,0.0,4.0780001,1.0,1.0,10,85.13876965639903,86.90983360929401,pobre,basal,1,0.0,513.0,1.0,41.0,9,148,31609,1,1.0
97,0.0,0.0,4.0780001,0.0,6.0,4,85.13876965639903,86.90983360929401,pobre,basal,1,50.0,538.0,1.0,46.0,12,148,31610,6,0.0
98,0.0,0.0,4.0780001,0.0,6.0,4,85.13876965639903,86.90983360929401,pobre,basal,1,50.0,538.0,1.0,46.0,13,148,31610,6,0.0
97,0.0,0.0,4.0780001,0.0,1.0,4,85.13876965639903,86.90983360929401,pobre,basal,1,50.0,538.0,1.0,46.0,11,148,31611,1,0.0
98,0.0,0.0,4.0780001,1.0,1.0,4,85.13876965639903,86.90983360929401,pobre,basal,1,50.0,538.0,1.0,46.0,12,148,31611,1,0.0
97,0.0,0.0,4.0780001,1.0,8.0,7,85.13876965639903,86.90983360929401,pobre,basal,8,416.66666,544.0,1.0,47.0,16,148,31612,8,1.0
98,0.0,0.0,4.0780001,,,7,85.13876965639903,86.90983360929401,pobre,basal,8,416.66666,544.0,1.0,47.0,17,148,31612,8,1.0
97,1.0,0.0,4.0780001,1.0,5.0,7,85.13876965639903,86.90983360929401,pobre,basal,8,416.66666,544.0,1.0,47.0,13,148,31613,5,1.0
98,1.0,0.0,4.0780001,1.0,6.0,7,85.13876965639903,86.90983360929401,pobre,basal,8,416.66666,544.0,1.0,47.0,14,148,31613,5,1.0
97,0.0,0.0,4.0780001,1.0,3.0,7,85.13876965639903,86.90983360929401,pobre,basal,8,416.66666,544.0,1.0,47.0,9,148,31614,3,1.0
98,0.0,0.0,4.0780001,1.0,4.0,7,85.13876965639903,86.90983360929401,pobre,basal,8,416.66666,544.0,1.0,47.0,10,148,31614,3,1.0
97,0.0,0.0,4.0780001,1.0,1.0,7,85.13876965639903,86.90983360929401,pobre,basal,8,416.66666,544.0,1.0,47.0,8,148,31615,1,1.0
98,0.0,0.0,4.0780001,1.0,2.0,7,85.13876965639903,86.90983360929401,pobre,basal,8,416.66666,544.0,1.0,47.0,9,148,31615,1,1.0
97,0.0,0.0,4.0780001,1.0,3.0,5,85.13876965639903,86.90983360929401,pobre,basal,7,416.66666,545.0,1.0,27.0,8,148,31616,3,1.0
98,0.0,0.0,4.0780001,1.0,4.0,5,85.13876965639903,86.90983360929401,pobre,basal,7,416.66666,545.0,1.0,27.0,9,148,31616,3,1.0
97,0.0,0.0,4.0780001,1.0,2.0,5,85.13876965639903,86.90983360929401,pobre,basal,7,416.66666,545.0,1.0,27.0,7,148,31617,2,1.0
98,0.0,0.0,4.0780001,1.0,3.0,5,85.13876965639903,86.90983360929401,pobre,basal,7,416.66666,545.0,1.0,27.0,8,148,31617,2,1.0
97,0.0,0.0,4.0780001,1.0,2.0,6,85.13876965639903,86.90983360929401,pobre,basal,6,750.0,451.0,1.0,33.0,9,148,31618,2,1.0
98,0.0,0.0,4.0780001,1.0,3.0,6,85.13876965639903,86.90983360929401,pobre,basal,6,750.0,451.0,1.0,33.0,10,148,31618,2,1.0
97,0.0,0.0,4.0780001,1.0,2.0,6,85.13876965639903,86.90983360929401,pobre,basal,6,750.0,451.0,1.0,33.0,8,148,31619,2,1.0
98,0.0,0.0,4.0780001,1.0,3.0,6,85.13876965639903,86.90983360929401,pobre,basal,6,750.0,451.0,1.0,33.0,9,148,31619,2,1.0
97,1.0,0.0,4.0780001,1.0,5.0,5,85.13876965639903,86.90983360929401,no pobre,basal,0,750.0,569.75,1.0,69.0,12,148,31620,5,1.0
98,1.0,0.0,4.0780001,1.0,6.0,5,85.13876965639903,86.90983360929401,no pobre,basal,0,750.0,569.75,1.0,69.0,13,148,31620,5,1.0
97,1.0,0.0,4.0780001,1.0,5.0,7,85.13876965639903,86.90983360929401,pobre,basal,3,750.0,425.0,1.0,31.0,11,148,31621,5,1.0
98,1.0,0.0,4.0780001,1.0,6.0,7,85.13876965639903,86.90983360929401,pobre,basal,3,750.0,425.0,1.0,31.0,12,148,31621,5,1.0
97,1.0,0.0,4.0780001,1.0,2.0,7,85.13876965639903,86.90983360929401,pobre,basal,3,750.0,425.0,1.0,31.0,8,148,31622,2,1.0
98,1.0,0.0,4.0780001,1.0,3.0,7,85.13876965639903,86.90983360929401,pobre,basal,3,750.0,425.0,1.0,31.0,9,148,31622,2,1.0
97,0.0,0.0,4.0780001,1.0,1.0,7,85.13876965639903,86.90983360929401,pobre,basal,3,750.0,425.0,1.0,31.0,7,148,31623,1,1.0
98,0.0,0.0,4.0780001,1.0,2.0,7,85.13876965639903,86.90983360929401,pobre,basal,3,750.0,425.0,1.0,31.0,8,148,31623,1,1.0
97,0.0,0.0,4.0780001,1.0,7.0,5,85.13876965639903,86.90983360929401,pobre,basal,0,600.0,753.0,1.0,55.0,14,148,31624,7,1.0
98,0.0,0.0,4.0780001,,,5,85.13876965639903,86.90983360929401,pobre,basal,0,600.0,753.0,1.0,55.0,15,148,31624,7,1.0
97,1.0,0.0,4.0780001,1.0,8.0,5,85.13876965639903,86.90983360929401,pobre,basal,0,600.0,753.0,1.0,55.0,12,148,31625,8,1.0
98,1.0,0.0,4.0780001,,,5,85.13876965639903,86.90983360929401,pobre,basal,0,600.0,753.0,1.0,55.0,13,148,31625,8,1.0
97,0.0,0.0,4.0780001,1.0,3.0,5,85.13876965639903,86.90983360929401,pobre,basal,0,600.0,753.0,1.0,55.0,8,148,31626,3,1.0
98,0.0,0.0,4.0780001,,,5,85.13876965639903,86.90983360929401,pobre,basal,0,600.0,753.0,1.0,55.0,9,148,31626,3,1.0
97,1.0,1.0,4.4559999,0.0,6.0,9,142.2148971904579,283.4546519626458,pobre,basal,5,500.0,478.5,1.0,32.0,14,440,31627,6,0.0
98,1.0,1.0,4.4559999,,,9,142.2148971904579,283.4546519626458,pobre,basal,5,500.0,478.5,1.0,32.0,15,440,31627,6,0.0
97,0.0,1.0,4.4559999,1.0,4.0,9,142.2148971904579,283.4546519626458,pobre,basal,5,500.0,478.5,1.0,32.0,12,440,31628,4,1.0
98,0.0,1.0,4.4559999,1.0,5.0,9,142.2148971904579,283.4546519626458,pobre,basal,5,500.0,478.5,1.0,32.0,13,440,31628,4,1.0
97,1.0,1.0,4.4559999,1.0,2.0,9,142.2148971904579,283.4546519626458,pobre,basal,5,500.0,478.5,1.0,32.0,10,440,31629,2,1.0
98,1.0,1.0,4.4559999,1.0,3.0,9,142.2148971904579,283.4546519626458,pobre,basal,5,500.0,478.5,1.0,32.0,11,440,31629,2,1.0
97,1.0,1.0,4.4559999,1.0,0.0,9,142.2148971904579,283.4546519626458,pobre,basal,5,500.0,478.5,1.0,32.0,8,440,31630,0,1.0
98,1.0,1.0,4.4559999,1.0,1.0,9,142.2148971904579,283.4546519626458,pobre,basal,5,500.0,478.5,1.0,32.0,9,440,31630,0,1.0
97,1.0,1.0,4.4559999,1.0,0.0,9,142.2148971904579,283.4546519626458,pobre,basal,5,500.0,478.5,1.0,32.0,6,440,31631,0,1.0
98,1.0,1.0,4.4559999,1.0,0.0,9,142.2148971904579,283.4546519626458,pobre,basal,5,500.0,478.5,1.0,32.0,7,440,31631,0,1.0
97,1.0,0.0,4.0780001,0.0,6.0,13,85.13876965639903,86.90983360929401,pobre,basal,2,2000.0,527.79999,1.0,46.0,15,148,31632,6,0.0
98,1.0,0.0,4.0780001,0.0,6.0,13,85.13876965639903,86.90983360929401,pobre,basal,2,2000.0,527.79999,1.0,46.0,16,148,31632,6,0.0
97,0.0,0.0,4.0780001,1.0,6.0,13,85.13876965639903,86.90983360929401,pobre,basal,2,2000.0,527.79999,1.0,46.0,13,148,31633,6,1.0
98,0.0,0.0,4.0780001,1.0,7.0,13,85.13876965639903,86.90983360929401,pobre,basal,2,2000.0,527.79999,1.0,46.0,14,148,31633,6,1.0
97,1.0,0.0,4.0780001,1.0,5.0,13,85.13876965639903,86.90983360929401,pobre,basal,2,2000.0,527.79999,1.0,46.0,11,148,31634,5,1.0
98,1.0,0.0,4.0780001,1.0,6.0,13,85.13876965639903,86.90983360929401,pobre,basal,2,2000.0,527.79999,1.0,46.0,12,148,31634,5,1.0
97,1.0,0.0,4.0780001,1.0,2.0,13,85.13876965639903,86.90983360929401,pobre,basal,2,2000.0,527.79999,1.0,46.0,9,148,31635,2,1.0
98,1.0,0.0,4.0780001,1.0,3.0,13,85.13876965639903,86.90983360929401,pobre,basal,2,2000.0,527.79999,1.0,46.0,10,148,31635,2,1.0
97,1.0,0.0,4.0780001,1.0,2.0,13,85.13876965639903,86.90983360929401,pobre,basal,2,2000.0,527.79999,1.0,46.0,7,148,31636,2,1.0
98,1.0,0.0,4.0780001,1.0,2.0,13,85.13876965639903,86.90983360929401,pobre,basal,2,2000.0,527.79999,1.0,46.0,8,148,31636,2,1.0
97,0.0,0.0,4.0780001,1.0,1.0,13,85.13876965639903,86.90983360929401,pobre,basal,2,2000.0,527.79999,1.0,46.0,6,148,31637,1,1.0
98,0.0,0.0,4.0780001,1.0,1.0,13,85.13876965639903,86.90983360929401,pobre,basal,2,2000.0,527.79999,1.0,46.0,7,148,31637,1,1.0
97,1.0,0.0,4.0780001,1.0,3.0,6,85.13876965639903,86.90983360929401,pobre,basal,6,720.0,459.0,1.0,34.0,9,148,31638,3,1.0
98,1.0,0.0,4.0780001,1.0,4.0,6,85.13876965639903,86.90983360929401,pobre,basal,6,720.0,459.0,1.0,34.0,10,148,31638,3,1.0
97,1.0,0.0,4.0780001,1.0,1.0,6,85.13876965639903,86.90983360929401,pobre,basal,6,720.0,459.0,1.0,34.0,8,148,31639,1,1.0
98,1.0,0.0,4.0780001,1.0,2.0,6,85.13876965639903,86.90983360929401,pobre,basal,6,720.0,459.0,1.0,34.0,9,148,31639,1,1.0
97,1.0,0.0,4.0780001,1.0,5.0,9,85.13876965639903,86.90983360929401,pobre,basal,1,666.66669,618.5,1.0,71.0,11,148,31640,5,1.0
98,1.0,0.0,4.0780001,1.0,6.0,9,85.13876965639903,86.90983360929401,pobre,basal,1,666.66669,618.5,1.0,71.0,12,148,31640,5,1.0
97,1.0,0.0,4.0780001,1.0,5.0,9,85.13876965639903,86.90983360929401,pobre,basal,1,666.66669,618.5,1.0,71.0,13,148,31641,5,1.0
98,1.0,0.0,4.0780001,0.0,6.0,9,85.13876965639903,86.90983360929401,pobre,basal,1,666.66669,618.5,1.0,71.0,14,148,31641,5,1.0
97,1.0,0.0,4.0780001,1.0,3.0,9,85.13876965639903,86.90983360929401,pobre,basal,1,666.66669,618.5,1.0,71.0,9,148,31642,3,1.0
98,1.0,0.0,4.0780001,1.0,4.0,9,85.13876965639903,86.90983360929401,pobre,basal,1,666.66669,618.5,1.0,71.0,10,148,31642,3,1.0
97,0.0,0.0,4.0780001,1.0,2.0,9,85.13876965639903,86.90983360929401,pobre,basal,1,666.66669,618.5,1.0,71.0,10,148,31643,2,1.0
98,0.0,0.0,4.0780001,1.0,3.0,9,85.13876965639903,86.90983360929401,pobre,basal,1,666.66669,618.5,1.0,71.0,11,148,31643,2,1.0
97,0.0,0.0,4.0780001,1.0,1.0,9,85.13876965639903,86.90983360929401,pobre,basal,1,666.66669,618.5,1.0,71.0,7,148,31644,1,1.0
98,0.0,0.0,4.0780001,1.0,2.0,9,85.13876965639903,86.90983360929401,pobre,basal,1,666.66669,618.5,1.0,71.0,8,148,31644,1,1.0
97,1.0,0.0,4.0780001,1.0,1.0,9,85.13876965639903,86.90983360929401,pobre,basal,1,666.66669,618.5,1.0,71.0,7,148,31645,1,1.0
98,1.0,0.0,4.0780001,1.0,2.0,9,85.13876965639903,86.90983360929401,pobre,basal,1,666.66669,618.5,1.0,71.0,8,148,31645,1,1.0
97,0.0,0.0,4.0780001,0.0,9.0,7,85.13876965639903,86.90983360929401,pobre,basal,7,1200.0,717.0,1.0,34.0,15,148,31646,9,0.0
98,0.0,0.0,4.0780001,0.0,9.0,7,85.13876965639903,86.90983360929401,pobre,basal,7,1200.0,717.0,1.0,34.0,16,148,31646,9,0.0
97,0.0,0.0,4.0780001,1.0,7.0,7,85.13876965639903,86.90983360929401,pobre,basal,7,1200.0,717.0,1.0,34.0,13,148,31647,7,1.0
98,0.0,0.0,4.0780001,1.0,8.0,7,85.13876965639903,86.90983360929401,pobre,basal,7,1200.0,717.0,1.0,34.0,14,148,31647,7,1.0
97,0.0,0.0,4.0780001,1.0,5.0,7,85.13876965639903,86.90983360929401,pobre,basal,7,1200.0,717.0,1.0,34.0,11,148,31648,5,1.0
98,0.0,0.0,4.0780001,1.0,6.0,7,85.13876965639903,86.90983360929401,pobre,basal,7,1200.0,717.0,1.0,34.0,12,148,31648,5,1.0
97,0.0,0.0,4.0780001,1.0,3.0,7,85.13876965639903,86.90983360929401,pobre,basal,7,1200.0,717.0,1.0,34.0,9,148,31649,3,1.0
98,0.0,0.0,4.0780001,1.0,4.0,7,85.13876965639903,86.90983360929401,pobre,basal,7,1200.0,717.0,1.0,34.0,10,148,31649,3,1.0
97,1.0,0.0,4.0780001,1.0,2.0,7,85.13876965639903,86.90983360929401,pobre,basal,7,1200.0,717.0,1.0,34.0,8,148,31650,2,1.0
98,1.0,0.0,4.0780001,1.0,3.0,7,85.13876965639903,86.90983360929401,pobre,basal,7,1200.0,717.0,1.0,34.0,9,148,31650,2,1.0
97,1.0,0.0,4.0780001,0.0,6.0,8,85.13876965639903,86.90983360929401,pobre,basal,0,750.0,878.66998,1.0,47.0,14,148,31651,6,0.0
98,1.0,0.0,4.0780001,,,8,85.13876965639903,86.90983360929401,pobre,basal,0,750.0,878.66998,1.0,47.0,15,148,31651,6,0.0
97,0.0,0.0,4.0780001,1.0,6.0,8,85.13876965639903,86.90983360929401,pobre,basal,0,750.0,878.66998,1.0,47.0,12,148,31652,6,1.0
98,0.0,0.0,4.0780001,,,8,85.13876965639903,86.90983360929401,pobre,basal,0,750.0,878.66998,1.0,47.0,13,148,31652,6,1.0
97,0.0,0.0,4.0780001,1.0,3.0,8,85.13876965639903,86.90983360929401,pobre,basal,0,750.0,878.66998,1.0,47.0,10,148,31653,3,1.0
98,0.0,0.0,4.0780001,,,8,85.13876965639903,86.90983360929401,pobre,basal,0,750.0,878.66998,1.0,47.0,11,148,31653,3,1.0
97,1.0,0.0,4.0780001,1.0,2.0,8,85.13876965639903,86.90983360929401,pobre,basal,0,750.0,878.66998,1.0,47.0,8,148,31654,2,1.0
98,1.0,0.0,4.0780001,,,8,85.13876965639903,86.90983360929401,pobre,basal,0,750.0,878.66998,1.0,47.0,9,148,31654,2,1.0
97,0.0,0.0,4.0780001,1.0,0.0,8,85.13876965639903,86.90983360929401,pobre,basal,0,750.0,878.66998,1.0,47.0,6,148,31655,0,1.0
98,0.0,0.0,4.0780001,,,8,85.13876965639903,86.90983360929401,pobre,basal,0,750.0,878.66998,1.0,47.0,7,148,31655,0,1.0
97,0.0,0.0,4.0780001,1.0,7.0,7,85.13876965639903,86.90983360929401,no pobre,basal,3,750.0,562.5,1.0,55.0,13,148,31656,7,1.0
98,0.0,0.0,4.0780001,1.0,8.0,7,85.13876965639903,86.90983360929401,no pobre,basal,3,750.0,562.5,1.0,55.0,14,148,31656,7,1.0
97,1.0,0.0,4.0780001,1.0,1.0,7,85.13876965639903,86.90983360929401,no pobre,basal,3,125.0,904.25,1.0,66.0,7,148,31657,1,1.0
98,1.0,0.0,4.0780001,1.0,2.0,7,85.13876965639903,86.90983360929401,no pobre,basal,3,125.0,904.25,1.0,66.0,8,148,31657,1,1.0
97,1.0,0.0,4.0780001,,0.0,7,85.13876965639903,86.90983360929401,no pobre,basal,3,125.0,904.25,1.0,66.0,6,148,31658,0,
98,1.0,0.0,4.0780001,1.0,0.0,7,85.13876965639903,86.90983360929401,no pobre,basal,3,125.0,904.25,1.0,66.0,7,148,31658,0,
97,0.0,0.0,4.0780001,1.0,3.0,5,85.13876965639903,86.90983360929401,pobre,basal,0,875.0,552.0,1.0,63.0,15,148,31659,3,1.0
98,0.0,0.0,4.0780001,0.0,1.0,5,85.13876965639903,86.90983360929401,pobre,basal,0,875.0,552.0,1.0,63.0,16,148,31659,3,1.0
97,0.0,0.0,4.0780001,1.0,3.0,5,85.13876965639903,86.90983360929401,pobre,basal,0,875.0,552.0,1.0,63.0,12,148,31660,3,1.0
98,0.0,0.0,4.0780001,1.0,3.0,5,85.13876965639903,86.90983360929401,pobre,basal,0,875.0,552.0,1.0,63.0,13,148,31660,3,1.0
97,1.0,0.0,4.0780001,1.0,3.0,2,85.13876965639903,86.90983360929401,no pobre,basal,2,500.0,781.0,0.0,54.0,8,148,31661,3,1.0
98,1.0,0.0,4.0780001,1.0,4.0,2,85.13876965639903,86.90983360929401,no pobre,basal,2,500.0,781.0,0.0,54.0,9,148,31661,3,1.0
97,1.0,1.0,4.4559999,1.0,0.0,6,142.2148971904579,283.4546519626458,pobre,basal,3,625.0,796.0,1.0,69.0,6,440,31662,0,1.0
98,1.0,1.0,4.4559999,1.0,1.0,6,142.2148971904579,283.4546519626458,pobre,basal,3,625.0,796.0,1.0,69.0,7,440,31662,0,1.0
97,1.0,0.0,1.585,0.0,4.0,4,59.28811182936826,59.28811182936826,pobre,basal,4,750.0,587.0,1.0,45.0,15,176,31663,4,0.0
98,1.0,0.0,1.585,0.0,4.0,4,59.28811182936826,59.28811182936826,pobre,basal,4,750.0,587.0,1.0,45.0,16,176,31663,4,0.0
97,1.0,0.0,1.585,1.0,4.0,7,59.28811182936826,59.28811182936826,pobre,basal,2,750.0,459.0,1.0,37.0,11,176,31664,4,1.0
98,1.0,0.0,1.585,1.0,5.0,7,59.28811182936826,59.28811182936826,pobre,basal,2,750.0,459.0,1.0,37.0,12,176,31664,4,1.0
97,1.0,0.0,1.585,1.0,2.0,7,59.28811182936826,59.28811182936826,pobre,basal,2,750.0,459.0,1.0,37.0,9,176,31665,2,1.0
98,1.0,0.0,1.585,1.0,3.0,7,59.28811182936826,59.28811182936826,pobre,basal,2,750.0,459.0,1.0,37.0,10,176,31665,2,1.0
97,1.0,0.0,1.585,1.0,0.0,7,59.28811182936826,59.28811182936826,pobre,basal,2,750.0,459.0,1.0,37.0,6,176,31666,0,1.0
98,1.0,0.0,1.585,1.0,1.0,7,59.28811182936826,59.28811182936826,pobre,basal,2,750.0,459.0,1.0,37.0,7,176,31666,0,1.0
97,1.0,0.0,1.585,1.0,6.0,9,59.28811182936826,59.28811182936826,pobre,basal,0,0.0,679.5,1.0,47.0,12,176,31667,6,1.0
98,1.0,0.0,1.585,1.0,7.0,9,59.28811182936826,59.28811182936826,pobre,basal,0,0.0,679.5,1.0,47.0,13,176,31667,6,1.0
97,1.0,0.0,1.585,1.0,4.0,9,59.28811182936826,59.28811182936826,pobre,basal,0,0.0,679.5,1.0,47.0,9,176,31668,4,1.0
98,1.0,0.0,1.585,1.0,5.0,9,59.28811182936826,59.28811182936826,pobre,basal,0,0.0,679.5,1.0,47.0,10,176,31668,4,1.0
97,0.0,0.0,1.585,1.0,3.0,9,59.28811182936826,59.28811182936826,pobre,basal,0,0.0,679.5,1.0,47.0,8,176,31669,3,1.0
98,0.0,0.0,1.585,1.0,4.0,9,59.28811182936826,59.28811182936826,pobre,basal,0,0.0,679.5,1.0,47.0,9,176,31669,3,1.0
97,1.0,0.0,1.585,1.0,1.0,9,59.28811182936826,59.28811182936826,pobre,basal,0,0.0,679.5,1.0,47.0,6,176,31670,1,1.0
98,1.0,0.0,1.585,1.0,1.0,9,59.28811182936826,59.28811182936826,pobre,basal,0,0.0,679.5,1.0,47.0,7,176,31670,1,1.0
97,1.0,0.0,1.585,1.0,9.0,4,59.28811182936826,59.28811182936826,pobre,basal,3,1000.0,527.0,1.0,38.0,13,176,31671,9,1.0
98,1.0,0.0,1.585,,,4,59.28811182936826,59.28811182936826,pobre,basal,3,1000.0,527.0,1.0,38.0,14,176,31671,9,1.0
97,1.0,0.0,1.585,1.0,1.0,4,59.28811182936826,59.28811182936826,pobre,basal,3,1000.0,527.0,1.0,38.0,6,176,31672,1,1.0
98,1.0,0.0,1.585,1.0,2.0,4,59.28811182936826,59.28811182936826,pobre,basal,3,1000.0,527.0,1.0,38.0,7,176,31672,1,1.0
97,0.0,0.0,1.585,0.0,6.0,6,59.28811182936826,59.28811182936826,pobre,basal,0,0.0,636.0,0.0,55.0,16,176,31673,6,0.0
98,0.0,0.0,1.585,,,6,59.28811182936826,59.28811182936826,pobre,basal,0,0.0,636.0,0.0,55.0,17,176,31673,6,0.0
97,1.0,0.0,1.585,1.0,6.0,6,59.28811182936826,59.28811182936826,pobre,basal,0,0.0,636.0,0.0,55.0,12,176,31674,6,1.0
98,1.0,0.0,1.585,1.0,7.0,6,59.28811182936826,59.28811182936826,pobre,basal,0,0.0,636.0,0.0,55.0,13,176,31674,6,1.0
97,0.0,0.0,1.585,1.0,5.0,6,59.28811182936826,59.28811182936826,pobre,basal,0,0.0,636.0,0.0,55.0,12,176,31675,5,1.0
98,0.0,0.0,1.585,1.0,6.0,6,59.28811182936826,59.28811182936826,pobre,basal,0,0.0,636.0,0.0,55.0,13,176,31675,5,1.0
97,0.0,0.0,1.585,1.0,2.0,6,59.28811182936826,59.28811182936826,pobre,basal,0,0.0,636.0,0.0,55.0,12,176,31676,2,1.0
98,0.0,0.0,1.585,1.0,3.0,6,59.28811182936826,59.28811182936826,pobre,basal,0,0.0,636.0,0.0,55.0,13,176,31676,2,1.0
97,1.0,0.0,1.585,0.0,9.0,8,59.28811182936826,59.28811182936826,pobre,basal,0,0.0,720.0,1.0,50.0,15,176,31677,9,0.0
98,1.0,0.0,1.585,0.0,9.0,8,59.28811182936826,59.28811182936826,pobre,basal,0,0.0,720.0,1.0,50.0,16,176,31677,9,0.0
97,1.0,0.0,1.585,1.0,7.0,8,59.28811182936826,59.28811182936826,pobre,basal,0,0.0,720.0,1.0,50.0,13,176,31678,7,1.0
98,1.0,0.0,1.585,1.0,8.0,8,59.28811182936826,59.28811182936826,pobre,basal,0,0.0,720.0,1.0,50.0,14,176,31678,7,1.0
97,0.0,0.0,1.585,1.0,5.0,8,59.28811182936826,59.28811182936826,pobre,basal,0,0.0,720.0,1.0,50.0,11,176,31679,5,1.0
98,0.0,0.0,1.585,1.0,6.0,8,59.28811182936826,59.28811182936826,pobre,basal,0,0.0,720.0,1.0,50.0,12,176,31679,5,1.0
97,0.0,0.0,1.585,1.0,3.0,8,59.28811182936826,59.28811182936826,pobre,basal,0,0.0,720.0,1.0,50.0,9,176,31680,3,1.0
98,0.0,0.0,1.585,1.0,4.0,8,59.28811182936826,59.28811182936826,pobre,basal,0,0.0,720.0,1.0,50.0,10,176,31680,3,1.0
97,1.0,0.0,1.585,1.0,4.0,6,59.28811182936826,59.28811182936826,pobre,basal,2,750.0,470.0,1.0,36.0,11,176,31681,4,1.0
98,1.0,0.0,1.585,1.0,5.0,6,59.28811182936826,59.28811182936826,pobre,basal,2,750.0,470.0,1.0,36.0,12,176,31681,4,1.0
97,1.0,0.0,1.585,1.0,3.0,6,59.28811182936826,59.28811182936826,pobre,basal,2,750.0,470.0,1.0,36.0,9,176,31682,3,1.0
98,1.0,0.0,1.585,1.0,4.0,6,59.28811182936826,59.28811182936826,pobre,basal,2,750.0,470.0,1.0,36.0,10,176,31682,3,1.0
97,0.0,0.0,1.585,1.0,0.0,6,59.28811182936826,59.28811182936826,pobre,basal,2,750.0,470.0,1.0,36.0,6,176,31683,0,1.0
98,0.0,0.0,1.585,1.0,1.0,6,59.28811182936826,59.28811182936826,pobre,basal,2,750.0,470.0,1.0,36.0,7,176,31683,0,1.0
97,0.0,0.0,1.585,1.0,1.0,5,59.28811182936826,59.28811182936826,pobre,basal,0,1250.0,508.0,1.0,29.0,6,176,31684,1,1.0
98,0.0,0.0,1.585,1.0,1.0,5,59.28811182936826,59.28811182936826,pobre,basal,0,1250.0,508.0,1.0,29.0,7,176,31684,1,1.0
97,1.0,0.0,1.585,1.0,5.0,5,59.28811182936826,59.28811182936826,no pobre,basal,0,1250.0,586.5,1.0,36.0,12,176,31685,5,1.0
98,1.0,0.0,1.585,1.0,6.0,5,59.28811182936826,59.28811182936826,no pobre,basal,0,1250.0,586.5,1.0,36.0,13,176,31685,5,1.0
97,0.0,0.0,1.585,1.0,4.0,5,59.28811182936826,59.28811182936826,no pobre,basal,0,1250.0,586.5,1.0,36.0,10,176,31686,4,1.0
98,0.0,0.0,1.585,1.0,4.0,5,59.28811182936826,59.28811182936826,no pobre,basal,0,1250.0,586.5,1.0,36.0,11,176,31686,4,1.0
97,0.0,0.0,1.585,0.0,6.0,9,59.28811182936826,59.28811182936826,no pobre,basal,3,1000.0,614.0,1.0,50.0,16,176,31687,6,0.0
98,0.0,0.0,1.585,0.0,5.0,9,59.28811182936826,59.28811182936826,no pobre,basal,3,1000.0,614.0,1.0,50.0,17,176,31687,6,0.0
97,1.0,0.0,1.585,1.0,3.0,9,59.28811182936826,59.28811182936826,no pobre,basal,3,1000.0,614.0,1.0,50.0,12,176,31688,3,1.0
98,1.0,0.0,1.585,1.0,5.0,9,59.28811182936826,59.28811182936826,no pobre,basal,3,1000.0,614.0,1.0,50.0,13,176,31688,3,1.0
97,1.0,0.0,1.585,1.0,6.0,9,59.28811182936826,59.28811182936826,no pobre,basal,3,1000.0,614.0,1.0,50.0,14,176,31689,6,1.0
98,1.0,0.0,1.585,1.0,1.0,9,59.28811182936826,59.28811182936826,no pobre,basal,3,1000.0,614.0,1.0,50.0,15,176,31689,6,1.0
97,1.0,0.0,1.585,1.0,2.0,9,59.28811182936826,59.28811182936826,no pobre,basal,3,1000.0,614.0,1.0,50.0,10,176,31690,2,1.0
98,1.0,0.0,1.585,1.0,0.0,9,59.28811182936826,59.28811182936826,no pobre,basal,3,1000.0,614.0,1.0,50.0,11,176,31690,2,1.0
97,0.0,0.0,1.585,1.0,7.0,10,59.28811182936826,59.28811182936826,pobre,basal,3,1250.0,525.0,1.0,40.0,14,176,31691,7,1.0
98,0.0,0.0,1.585,1.0,7.0,10,59.28811182936826,59.28811182936826,pobre,basal,3,1250.0,525.0,1.0,40.0,15,176,31691,7,1.0
97,0.0,0.0,1.585,0.0,6.0,10,59.28811182936826,59.28811182936826,pobre,basal,3,1250.0,525.0,1.0,40.0,15,176,31692,6,0.0
98,0.0,0.0,1.585,,,10,59.28811182936826,59.28811182936826,pobre,basal,3,1250.0,525.0,1.0,40.0,16,176,31692,6,0.0
97,1.0,0.0,1.585,0.0,8.0,10,59.28811182936826,59.28811182936826,pobre,basal,3,1250.0,525.0,1.0,40.0,16,176,31693,8,0.0
98,1.0,0.0,1.585,,,10,59.28811182936826,59.28811182936826,pobre,basal,3,1250.0,525.0,1.0,40.0,17,176,31693,8,0.0
97,0.0,0.0,1.585,1.0,0.0,10,59.28811182936826,59.28811182936826,pobre,basal,3,1250.0,525.0,1.0,40.0,6,176,31694,0,1.0
98,0.0,0.0,1.585,1.0,0.0,10,59.28811182936826,59.28811182936826,pobre,basal,3,1250.0,525.0,1.0,40.0,7,176,31694,0,1.0
97,1.0,0.0,1.585,1.0,4.0,10,59.28811182936826,59.28811182936826,pobre,basal,3,1250.0,525.0,1.0,40.0,10,176,31695,4,1.0
98,1.0,0.0,1.585,1.0,5.0,10,59.28811182936826,59.28811182936826,pobre,basal,3,1250.0,525.0,1.0,40.0,11,176,31695,4,1.0
97,1.0,0.0,1.585,0.0,8.0,10,59.28811182936826,59.28811182936826,no pobre,basal,4,1000.0,783.5,1.0,43.0,16,176,31696,8,0.0
98,1.0,0.0,1.585,,,10,59.28811182936826,59.28811182936826,no pobre,basal,4,1000.0,783.5,1.0,43.0,17,176,31696,8,0.0
97,0.0,0.0,1.585,0.0,6.0,10,59.28811182936826,59.28811182936826,no pobre,basal,4,1000.0,783.5,1.0,43.0,14,176,31697,6,0.0
98,0.0,0.0,1.585,0.0,6.0,10,59.28811182936826,59.28811182936826,no pobre,basal,4,1000.0,783.5,1.0,43.0,15,176,31697,6,0.0
97,0.0,0.0,1.585,1.0,5.0,10,59.28811182936826,59.28811182936826,no pobre,basal,4,1000.0,783.5,1.0,43.0,11,176,31698,5,1.0
98,0.0,0.0,1.585,1.0,6.0,10,59.28811182936826,59.28811182936826,no pobre,basal,4,1000.0,783.5,1.0,43.0,12,176,31698,5,1.0
97,0.0,0.0,1.585,1.0,1.0,10,59.28811182936826,59.28811182936826,no pobre,basal,4,1000.0,783.5,1.0,43.0,8,176,31699,1,1.0
98,0.0,0.0,1.585,1.0,2.0,10,59.28811182936826,59.28811182936826,no pobre,basal,4,1000.0,783.5,1.0,43.0,9,176,31699,1,1.0
97,1.0,0.0,1.585,1.0,8.0,5,59.28811182936826,59.28811182936826,no pobre,basal,2,0.0,825.66998,1.0,53.0,14,176,31700,8,1.0
98,1.0,0.0,1.585,0.0,9.0,5,59.28811182936826,59.28811182936826,no pobre,basal,2,0.0,825.66998,1.0,53.0,15,176,31700,8,1.0
97,0.0,0.0,1.585,1.0,5.0,5,59.28811182936826,59.28811182936826,no pobre,basal,2,0.0,825.66998,1.0,53.0,11,176,31701,5,1.0
98,0.0,0.0,1.585,0.0,6.0,5,59.28811182936826,59.28811182936826,no pobre,basal,2,0.0,825.66998,1.0,53.0,12,176,31701,5,1.0
97,1.0,0.0,1.585,1.0,4.0,6,59.28811182936826,59.28811182936826,pobre,basal,3,1000.0,516.0,1.0,37.0,11,176,31702,4,1.0
98,1.0,0.0,1.585,,,6,59.28811182936826,59.28811182936826,pobre,basal,3,1000.0,516.0,1.0,37.0,12,176,31702,4,1.0
97,1.0,0.0,1.585,1.0,3.0,6,59.28811182936826,59.28811182936826,pobre,basal,3,1000.0,516.0,1.0,37.0,7,176,31703,3,1.0
98,1.0,0.0,1.585,,,6,59.28811182936826,59.28811182936826,pobre,basal,3,1000.0,516.0,1.0,37.0,8,176,31703,3,1.0
97,0.0,0.0,1.585,1.0,0.0,6,59.28811182936826,59.28811182936826,pobre,basal,3,1000.0,516.0,1.0,37.0,6,176,31704,0,1.0
98,0.0,0.0,1.585,,,6,59.28811182936826,59.28811182936826,pobre,basal,3,1000.0,516.0,1.0,37.0,7,176,31704,0,1.0
97,1.0,0.0,1.585,0.0,9.0,9,59.28811182936826,59.28811182936826,pobre,basal,1,2500.0,564.0,1.0,43.0,15,176,31705,9,0.0
98,1.0,0.0,1.585,0.0,9.0,9,59.28811182936826,59.28811182936826,pobre,basal,1,2500.0,564.0,1.0,43.0,16,176,31705,9,0.0
97,1.0,0.0,1.585,1.0,5.0,9,59.28811182936826,59.28811182936826,pobre,basal,1,2500.0,564.0,1.0,43.0,13,176,31706,5,1.0
98,1.0,0.0,1.585,1.0,6.0,9,59.28811182936826,59.28811182936826,pobre,basal,1,2500.0,564.0,1.0,43.0,14,176,31706,5,1.0
97,1.0,0.0,1.585,1.0,2.0,9,59.28811182936826,59.28811182936826,pobre,basal,1,2500.0,564.0,1.0,43.0,10,176,31707,2,1.0
98,1.0,0.0,1.585,1.0,3.0,9,59.28811182936826,59.28811182936826,pobre,basal,1,2500.0,564.0,1.0,43.0,11,176,31707,2,1.0
97,1.0,0.0,1.585,1.0,0.0,9,59.28811182936826,59.28811182936826,pobre,basal,1,2500.0,564.0,1.0,43.0,6,176,31708,0,1.0
98,1.0,0.0,1.585,0.0,1.0,9,59.28811182936826,59.28811182936826,pobre,basal,1,2500.0,564.0,1.0,43.0,7,176,31708,0,1.0
97,1.0,0.0,1.585,1.0,4.0,5,59.28811182936826,59.28811182936826,pobre,basal,0,1000.0,619.0,1.0,48.0,11,176,31709,4,1.0
98,1.0,0.0,1.585,1.0,5.0,5,59.28811182936826,59.28811182936826,pobre,basal,0,1000.0,619.0,1.0,48.0,12,176,31709,4,1.0
97,1.0,0.0,1.585,1.0,2.0,5,59.28811182936826,59.28811182936826,pobre,basal,0,1000.0,619.0,1.0,48.0,8,176,31710,2,1.0
98,1.0,0.0,1.585,1.0,2.0,5,59.28811182936826,59.28811182936826,pobre,basal,0,1000.0,619.0,1.0,48.0,9,176,31710,2,1.0
97,1.0,0.0,1.585,1.0,1.0,5,59.28811182936826,59.28811182936826,pobre,basal,0,1000.0,619.0,1.0,48.0,7,176,31711,1,1.0
98,1.0,0.0,1.585,1.0,2.0,5,59.28811182936826,59.28811182936826,pobre,basal,0,1000.0,619.0,1.0,48.0,8,176,31711,1,1.0
97,1.0,0.0,1.585,1.0,8.0,6,59.28811182936826,59.28811182936826,pobre,basal,6,1250.0,734.0,1.0,43.0,15,176,31712,8,1.0
98,1.0,0.0,1.585,0.0,9.0,6,59.28811182936826,59.28811182936826,pobre,basal,6,1250.0,734.0,1.0,43.0,16,176,31712,8,1.0
97,1.0,0.0,1.585,1.0,1.0,6,59.28811182936826,59.28811182936826,pobre,basal,6,1250.0,734.0,1.0,43.0,13,176,31713,1,1.0
98,1.0,0.0,1.585,1.0,2.0,6,59.28811182936826,59.28811182936826,pobre,basal,6,1250.0,734.0,1.0,43.0,14,176,31713,1,1.0
97,1.0,0.0,1.585,1.0,2.0,5,59.28811182936826,59.28811182936826,pobre,basal,6,2500.0,538.0,1.0,27.0,8,176,31714,2,1.0
98,1.0,0.0,1.585,1.0,3.0,5,59.28811182936826,59.28811182936826,pobre,basal,6,2500.0,538.0,1.0,27.0,9,176,31714,2,1.0
97,1.0,1.0,0.0,1.0,8.0,9,149.4942086436585,271.1014163128838,pobre,basal,5,500.0,511.0,1.0,38.0,16,436,31715,8,1.0
98,1.0,1.0,0.0,,,9,149.4942086436585,271.1014163128838,pobre,basal,5,500.0,511.0,1.0,38.0,17,436,31715,8,1.0
97,1.0,1.0,0.0,1.0,6.0,9,149.4942086436585,271.1014163128838,pobre,basal,5,500.0,511.0,1.0,38.0,14,436,31716,6,1.0
98,1.0,1.0,0.0,1.0,7.0,9,149.4942086436585,271.1014163128838,pobre,basal,5,500.0,511.0,1.0,38.0,15,436,31716,6,1.0
97,0.0,1.0,0.0,1.0,4.0,9,149.4942086436585,271.1014163128838,pobre,basal,5,500.0,511.0,1.0,38.0,11,436,31717,4,1.0
98,0.0,1.0,0.0,1.0,5.0,9,149.4942086436585,271.1014163128838,pobre,basal,5,500.0,511.0,1.0,38.0,12,436,31717,4,1.0
97,1.0,1.0,0.0,1.0,1.0,9,149.4942086436585,271.1014163128838,pobre,basal,5,500.0,511.0,1.0,38.0,8,436,31718,1,1.0
98,1.0,1.0,0.0,1.0,2.0,9,149.4942086436585,271.1014163128838,pobre,basal,5,500.0,511.0,1.0,38.0,9,436,31718,1,1.0
97,1.0,1.0,0.0,1.0,8.0,7,149.4942086436585,271.1014163128838,pobre,basal,3,0.0,626.0,1.0,70.0,14,436,31719,8,1.0
98,1.0,1.0,0.0,0.0,9.0,7,149.4942086436585,271.1014163128838,pobre,basal,3,0.0,626.0,1.0,70.0,15,436,31719,8,1.0
97,1.0,1.0,0.0,1.0,5.0,7,149.4942086436585,271.1014163128838,pobre,basal,3,0.0,626.0,1.0,70.0,12,436,31720,5,1.0
98,1.0,1.0,0.0,1.0,6.0,7,149.4942086436585,271.1014163128838,pobre,basal,3,0.0,626.0,1.0,70.0,13,436,31720,5,1.0
97,0.0,1.0,0.0,1.0,1.0,11,149.4942086436585,271.1014163128838,pobre,basal,3,625.0,689.0,1.0,80.0,8,436,31721,1,1.0
98,0.0,1.0,0.0,1.0,2.0,11,149.4942086436585,271.1014163128838,pobre,basal,3,625.0,689.0,1.0,80.0,9,436,31721,1,1.0
97,0.0,1.0,0.0,1.0,3.0,11,149.4942086436585,271.1014163128838,pobre,basal,3,625.0,689.0,1.0,80.0,10,436,31722,3,1.0
98,0.0,1.0,0.0,1.0,4.0,11,149.4942086436585,271.1014163128838,pobre,basal,3,625.0,689.0,1.0,80.0,11,436,31722,3,1.0
97,1.0,1.0,0.0,1.0,4.0,11,149.4942086436585,271.1014163128838,pobre,basal,3,625.0,689.0,1.0,80.0,14,436,31723,4,1.0
98,1.0,1.0,0.0,1.0,5.0,11,149.4942086436585,271.1014163128838,pobre,basal,3,625.0,689.0,1.0,80.0,15,436,31723,4,1.0
97,1.0,1.0,0.0,1.0,7.0,11,149.4942086436585,271.1014163128838,pobre,basal,3,625.0,689.0,1.0,80.0,16,436,31724,7,1.0
98,1.0,1.0,0.0,,,11,149.4942086436585,271.1014163128838,pobre,basal,3,625.0,689.0,1.0,80.0,17,436,31724,7,1.0
97,0.0,1.0,0.0,1.0,4.0,11,149.4942086436585,271.1014163128838,pobre,basal,3,625.0,689.0,1.0,80.0,12,436,31725,4,1.0
98,0.0,1.0,0.0,1.0,5.0,11,149.4942086436585,271.1014163128838,pobre,basal,3,625.0,689.0,1.0,80.0,13,436,31725,4,1.0
97,0.0,1.0,0.0,1.0,4.0,11,149.4942086436585,271.1014163128838,pobre,basal,3,625.0,689.0,1.0,80.0,13,436,31726,4,1.0
98,0.0,1.0,0.0,,,11,149.4942086436585,271.1014163128838,pobre,basal,3,625.0,689.0,1.0,80.0,14,436,31726,4,1.0
97,0.0,1.0,0.0,1.0,3.0,11,149.4942086436585,271.1014163128838,pobre,basal,3,625.0,689.0,1.0,80.0,11,436,31727,3,1.0
98,0.0,1.0,0.0,,,11,149.4942086436585,271.1014163128838,pobre,basal,3,625.0,689.0,1.0,80.0,12,436,31727,3,1.0
97,0.0,1.0,0.0,1.0,1.0,11,149.4942086436585,271.1014163128838,pobre,basal,3,625.0,689.0,1.0,80.0,9,436,31728,1,1.0
98,0.0,1.0,0.0,,,11,149.4942086436585,271.1014163128838,pobre,basal,3,625.0,689.0,1.0,80.0,10,436,31728,1,1.0
97,1.0,1.0,0.0,1.0,4.0,6,149.4942086436585,271.1014163128838,pobre,basal,9,500.0,680.0,1.0,39.0,12,436,31729,4,1.0
98,1.0,1.0,0.0,1.0,5.0,6,149.4942086436585,271.1014163128838,pobre,basal,9,500.0,680.0,1.0,39.0,13,436,31729,4,1.0
97,0.0,1.0,0.0,1.0,2.0,6,149.4942086436585,271.1014163128838,pobre,basal,9,500.0,680.0,1.0,39.0,10,436,31730,2,1.0
98,0.0,1.0,0.0,1.0,2.0,6,149.4942086436585,271.1014163128838,pobre,basal,9,500.0,680.0,1.0,39.0,11,436,31730,2,1.0
97,1.0,1.0,0.0,1.0,0.0,6,149.4942086436585,271.1014163128838,pobre,basal,9,500.0,680.0,1.0,39.0,7,436,31731,0,1.0
98,1.0,1.0,0.0,1.0,1.0,6,149.4942086436585,271.1014163128838,pobre,basal,9,500.0,680.0,1.0,39.0,8,436,31731,0,1.0
97,0.0,1.0,0.0,1.0,2.0,8,149.4942086436585,271.1014163128838,no pobre,basal,6,375.0,638.0,1.0,29.0,8,436,31732,2,1.0
98,0.0,1.0,0.0,1.0,3.0,8,149.4942086436585,271.1014163128838,no pobre,basal,6,375.0,638.0,1.0,29.0,9,436,31732,2,1.0
97,0.0,1.0,0.0,1.0,2.0,8,149.4942086436585,271.1014163128838,no pobre,basal,6,375.0,638.0,1.0,29.0,7,436,31733,2,1.0
98,0.0,1.0,0.0,1.0,3.0,8,149.4942086436585,271.1014163128838,no pobre,basal,6,375.0,638.0,1.0,29.0,8,436,31733,2,1.0
97,0.0,1.0,0.0,1.0,0.0,8,149.4942086436585,271.1014163128838,no pobre,basal,6,375.0,638.0,1.0,29.0,6,436,31734,0,1.0
98,0.0,1.0,0.0,1.0,1.0,8,149.4942086436585,271.1014163128838,no pobre,basal,6,375.0,638.0,1.0,29.0,7,436,31734,0,1.0
97,1.0,0.0,3.914,1.0,3.0,6,84.54044056377352,84.54044056377352,pobre,basal,0,166.66667,601.0,1.0,53.0,14,133,31735,3,1.0
98,1.0,0.0,3.914,1.0,4.0,6,84.54044056377352,84.54044056377352,pobre,basal,0,166.66667,601.0,1.0,53.0,15,133,31735,3,1.0
97,0.0,1.0,0.0,1.0,4.0,6,149.4942086436585,271.1014163128838,pobre,basal,6,500.0,639.0,1.0,33.0,12,436,31736,4,1.0
98,0.0,1.0,0.0,1.0,5.0,6,149.4942086436585,271.1014163128838,pobre,basal,6,500.0,639.0,1.0,33.0,13,436,31736,4,1.0
97,0.0,1.0,0.0,1.0,2.0,6,149.4942086436585,271.1014163128838,pobre,basal,6,500.0,639.0,1.0,33.0,8,436,31737,2,1.0
98,0.0,1.0,0.0,1.0,3.0,6,149.4942086436585,271.1014163128838,pobre,basal,6,500.0,639.0,1.0,33.0,9,436,31737,2,1.0
97,0.0,1.0,0.0,1.0,0.0,6,149.4942086436585,271.1014163128838,pobre,basal,6,500.0,639.0,1.0,33.0,6,436,31738,0,1.0
98,0.0,1.0,0.0,1.0,1.0,6,149.4942086436585,271.1014163128838,pobre,basal,6,500.0,639.0,1.0,33.0,7,436,31738,0,1.0
97,1.0,1.0,0.0,1.0,7.0,6,149.4942086436585,271.1014163128838,pobre,basal,6,500.0,662.0,1.0,35.0,14,436,31739,7,1.0
98,1.0,1.0,0.0,1.0,8.0,6,149.4942086436585,271.1014163128838,pobre,basal,6,500.0,662.0,1.0,35.0,15,436,31739,7,1.0
97,0.0,1.0,0.0,1.0,6.0,6,149.4942086436585,271.1014163128838,pobre,basal,6,500.0,662.0,1.0,35.0,13,436,31740,6,1.0
98,0.0,1.0,0.0,1.0,7.0,6,149.4942086436585,271.1014163128838,pobre,basal,6,500.0,662.0,1.0,35.0,14,436,31740,6,1.0
97,1.0,1.0,0.0,1.0,4.0,6,149.4942086436585,271.1014163128838,pobre,basal,6,500.0,662.0,1.0,35.0,11,436,31741,4,1.0
98,1.0,1.0,0.0,1.0,5.0,6,149.4942086436585,271.1014163128838,pobre,basal,6,500.0,662.0,1.0,35.0,12,436,31741,4,1.0
97,0.0,1.0,0.0,1.0,0.0,6,149.4942086436585,271.1014163128838,pobre,basal,6,500.0,662.0,1.0,35.0,7,436,31742,0,1.0
98,0.0,1.0,0.0,1.0,1.0,6,149.4942086436585,271.1014163128838,pobre,basal,6,500.0,662.0,1.0,35.0,8,436,31742,0,1.0
97,1.0,1.0,0.0,1.0,2.0,5,149.4942086436585,271.1014163128838,pobre,basal,3,500.0,840.5,1.0,53.0,8,436,31743,2,1.0
98,1.0,1.0,0.0,1.0,3.0,5,149.4942086436585,271.1014163128838,pobre,basal,3,500.0,840.5,1.0,53.0,9,436,31743,2,1.0
97,0.0,0.0,3.914,1.0,1.0,5,84.54044056377352,84.54044056377352,pobre,basal,3,1200.0,624.0,1.0,29.0,7,133,31744,1,1.0
98,0.0,0.0,3.914,1.0,2.0,5,84.54044056377352,84.54044056377352,pobre,basal,3,1200.0,624.0,1.0,29.0,8,133,31744,1,1.0
97,0.0,0.0,3.914,1.0,0.0,5,84.54044056377352,84.54044056377352,pobre,basal,3,1200.0,624.0,1.0,29.0,6,133,31745,0,1.0
98,0.0,0.0,3.914,1.0,0.0,5,84.54044056377352,84.54044056377352,pobre,basal,3,1200.0,624.0,1.0,29.0,7,133,31745,0,1.0
97,0.0,0.0,3.914,1.0,0.0,4,84.54044056377352,84.54044056377352,no pobre,basal,5,250.0,699.0,1.0,34.0,6,133,31746,0,1.0
98,0.0,0.0,3.914,1.0,1.0,4,84.54044056377352,84.54044056377352,no pobre,basal,5,250.0,699.0,1.0,34.0,7,133,31746,0,1.0
97,1.0,0.0,3.914,1.0,2.0,6,84.54044056377352,84.54044056377352,pobre,basal,0,416.66666,569.0,1.0,39.0,11,133,31747,2,1.0
98,1.0,0.0,3.914,1.0,3.0,6,84.54044056377352,84.54044056377352,pobre,basal,0,416.66666,569.0,1.0,39.0,12,133,31747,2,1.0
97,0.0,0.0,3.914,1.0,3.0,6,84.54044056377352,84.54044056377352,pobre,basal,0,416.66666,569.0,1.0,39.0,8,133,31748,3,1.0
98,0.0,0.0,3.914,1.0,4.0,6,84.54044056377352,84.54044056377352,pobre,basal,0,416.66666,569.0,1.0,39.0,9,133,31748,3,1.0
97,1.0,0.0,3.914,1.0,0.0,6,84.54044056377352,84.54044056377352,pobre,basal,0,416.66666,569.0,1.0,39.0,6,133,31749,0,1.0
98,1.0,0.0,3.914,1.0,0.0,6,84.54044056377352,84.54044056377352,pobre,basal,0,416.66666,569.0,1.0,39.0,7,133,31749,0,1.0
97,0.0,1.0,0.0,1.0,7.0,6,149.4942086436585,271.1014163128838,pobre,basal,2,1000.0,696.0,0.0,34.0,14,436,31750,7,1.0
98,0.0,1.0,0.0,1.0,8.0,6,149.4942086436585,271.1014163128838,pobre,basal,2,1000.0,696.0,0.0,34.0,15,436,31750,7,1.0
97,1.0,1.0,0.0,1.0,5.0,6,149.4942086436585,271.1014163128838,pobre,basal,2,1000.0,696.0,0.0,34.0,12,436,31751,5,1.0
98,1.0,1.0,0.0,1.0,5.0,6,149.4942086436585,271.1014163128838,pobre,basal,2,1000.0,696.0,0.0,34.0,13,436,31751,5,1.0
97,1.0,1.0,0.0,1.0,2.0,6,149.4942086436585,271.1014163128838,pobre,basal,2,1000.0,696.0,0.0,34.0,8,436,31752,2,1.0
98,1.0,1.0,0.0,1.0,3.0,6,149.4942086436585,271.1014163128838,pobre,basal,2,1000.0,696.0,0.0,34.0,9,436,31752,2,1.0
97,1.0,1.0,0.0,1.0,1.0,6,149.4942086436585,271.1014163128838,pobre,basal,2,1000.0,696.0,0.0,34.0,7,436,31753,1,1.0
98,1.0,1.0,0.0,1.0,2.0,6,149.4942086436585,271.1014163128838,pobre,basal,2,1000.0,696.0,0.0,34.0,8,436,31753,1,1.0
97,0.0,0.0,3.914,1.0,5.0,4,84.54044056377352,84.54044056377352,pobre,basal,0,83.333336,573.0,0.0,45.0,16,133,31754,5,1.0
98,0.0,0.0,3.914,,,4,84.54044056377352,84.54044056377352,pobre,basal,0,83.333336,573.0,0.0,45.0,17,133,31754,5,1.0
97,0.0,0.0,3.914,1.0,2.0,4,84.54044056377352,84.54044056377352,pobre,basal,0,83.333336,573.0,0.0,45.0,8,133,31755,2,1.0
98,0.0,0.0,3.914,1.0,3.0,4,84.54044056377352,84.54044056377352,pobre,basal,0,83.333336,573.0,0.0,45.0,9,133,31755,2,1.0
97,1.0,0.0,3.914,1.0,1.0,4,84.54044056377352,84.54044056377352,pobre,basal,0,83.333336,573.0,0.0,45.0,7,133,31756,1,1.0
98,1.0,0.0,3.914,1.0,2.0,4,84.54044056377352,84.54044056377352,pobre,basal,0,83.333336,573.0,0.0,45.0,8,133,31756,1,1.0
97,1.0,0.0,3.914,1.0,3.0,7,84.54044056377352,84.54044056377352,pobre,basal,0,166.66667,447.0,1.0,40.0,13,133,31757,3,1.0
98,1.0,0.0,3.914,1.0,4.0,7,84.54044056377352,84.54044056377352,pobre,basal,0,166.66667,447.0,1.0,40.0,14,133,31757,3,1.0
97,1.0,0.0,3.914,1.0,4.0,7,84.54044056377352,84.54044056377352,pobre,basal,0,166.66667,447.0,1.0,40.0,12,133,31758,4,1.0
98,1.0,0.0,3.914,1.0,5.0,7,84.54044056377352,84.54044056377352,pobre,basal,0,166.66667,447.0,1.0,40.0,13,133,31758,4,1.0
97,0.0,0.0,3.914,1.0,4.0,7,84.54044056377352,84.54044056377352,pobre,basal,0,166.66667,447.0,1.0,40.0,10,133,31759,4,1.0
98,0.0,0.0,3.914,1.0,5.0,7,84.54044056377352,84.54044056377352,pobre,basal,0,166.66667,447.0,1.0,40.0,11,133,31759,4,1.0
97,0.0,0.0,3.914,1.0,0.0,7,84.54044056377352,84.54044056377352,pobre,basal,0,166.66667,447.0,1.0,40.0,6,133,31760,0,1.0
98,0.0,0.0,3.914,1.0,1.0,7,84.54044056377352,84.54044056377352,pobre,basal,0,166.66667,447.0,1.0,40.0,7,133,31760,0,1.0
97,0.0,0.0,3.914,0.0,6.0,8,84.54044056377352,84.54044056377352,pobre,basal,0,208.33333,687.0,1.0,54.0,15,133,31761,6,0.0
98,0.0,0.0,3.914,1.0,6.0,8,84.54044056377352,84.54044056377352,pobre,basal,0,208.33333,687.0,1.0,54.0,16,133,31761,6,0.0
97,0.0,0.0,3.914,0.0,6.0,8,84.54044056377352,84.54044056377352,pobre,basal,0,208.33333,687.0,1.0,54.0,13,133,31762,6,0.0
98,0.0,0.0,3.914,1.0,6.0,8,84.54044056377352,84.54044056377352,pobre,basal,0,208.33333,687.0,1.0,54.0,14,133,31762,6,0.0
97,0.0,0.0,3.914,1.0,2.0,8,84.54044056377352,84.54044056377352,pobre,basal,0,208.33333,687.0,1.0,54.0,8,133,31763,2,1.0
98,0.0,0.0,3.914,1.0,3.0,8,84.54044056377352,84.54044056377352,pobre,basal,0,208.33333,687.0,1.0,54.0,9,133,31763,2,1.0
97,0.0,0.0,3.914,1.0,2.0,8,84.54044056377352,84.54044056377352,pobre,basal,0,208.33333,687.0,1.0,54.0,8,133,31764,2,1.0
98,0.0,0.0,3.914,,,8,84.54044056377352,84.54044056377352,pobre,basal,0,208.33333,687.0,1.0,54.0,9,133,31764,2,1.0
97,0.0,0.0,3.914,0.0,6.0,6,84.54044056377352,84.54044056377352,pobre,basal,1,83.333336,620.0,1.0,53.0,15,133,31765,6,0.0
98,0.0,0.0,3.914,0.0,6.0,6,84.54044056377352,84.54044056377352,pobre,basal,1,83.333336,620.0,1.0,53.0,16,133,31765,6,0.0
97,0.0,0.0,3.914,1.0,5.0,6,84.54044056377352,84.54044056377352,pobre,basal,1,83.333336,620.0,1.0,53.0,11,133,31766,5,1.0
98,0.0,0.0,3.914,1.0,6.0,6,84.54044056377352,84.54044056377352,pobre,basal,1,83.333336,620.0,1.0,53.0,12,133,31766,5,1.0
97,1.0,0.0,3.914,1.0,6.0,5,84.54044056377352,84.54044056377352,pobre,basal,1,1250.0,697.0,1.0,45.0,13,133,31767,6,1.0
98,1.0,0.0,3.914,,,5,84.54044056377352,84.54044056377352,pobre,basal,1,1250.0,697.0,1.0,45.0,14,133,31767,6,1.0
97,1.0,0.0,3.914,1.0,2.0,5,84.54044056377352,84.54044056377352,pobre,basal,1,1250.0,697.0,1.0,45.0,8,133,31768,2,1.0
98,1.0,0.0,3.914,1.0,3.0,5,84.54044056377352,84.54044056377352,pobre,basal,1,1250.0,697.0,1.0,45.0,9,133,31768,2,1.0
97,1.0,0.0,3.914,0.0,6.0,6,84.54044056377352,84.54044056377352,pobre,basal,3,166.66667,589.0,1.0,37.0,16,133,31769,6,0.0
98,1.0,0.0,3.914,,,6,84.54044056377352,84.54044056377352,pobre,basal,3,166.66667,589.0,1.0,37.0,17,133,31769,6,0.0
97,0.0,0.0,3.914,0.0,6.0,6,84.54044056377352,84.54044056377352,pobre,basal,3,166.66667,589.0,1.0,37.0,14,133,31770,6,0.0
98,0.0,0.0,3.914,0.0,6.0,6,84.54044056377352,84.54044056377352,pobre,basal,3,166.66667,589.0,1.0,37.0,15,133,31770,6,0.0
97,1.0,0.0,3.914,1.0,2.0,6,84.54044056377352,84.54044056377352,pobre,basal,3,166.66667,589.0,1.0,37.0,8,133,31771,2,1.0
98,1.0,0.0,3.914,1.0,3.0,6,84.54044056377352,84.54044056377352,pobre,basal,3,166.66667,589.0,1.0,37.0,9,133,31771,2,1.0
97,1.0,0.0,3.914,0.0,6.0,6,84.54044056377352,84.54044056377352,pobre,basal,1,0.0,685.0,0.0,39.0,16,133,31772,6,0.0
98,1.0,0.0,3.914,,,6,84.54044056377352,84.54044056377352,pobre,basal,1,0.0,685.0,0.0,39.0,17,133,31772,6,0.0
97,1.0,0.0,3.914,1.0,5.0,6,84.54044056377352,84.54044056377352,pobre,basal,1,0.0,685.0,0.0,39.0,13,133,31773,5,1.0
98,1.0,0.0,3.914,0.0,6.0,6,84.54044056377352,84.54044056377352,pobre,basal,1,0.0,685.0,0.0,39.0,14,133,31773,5,1.0
97,0.0,0.0,3.914,1.0,5.0,6,84.54044056377352,84.54044056377352,pobre,basal,1,0.0,685.0,0.0,39.0,13,133,31774,5,1.0
98,0.0,0.0,3.914,1.0,6.0,6,84.54044056377352,84.54044056377352,pobre,basal,1,0.0,685.0,0.0,39.0,14,133,31774,5,1.0
97,1.0,0.0,3.914,1.0,4.0,6,84.54044056377352,84.54044056377352,pobre,basal,1,0.0,685.0,0.0,39.0,11,133,31775,4,1.0
98,1.0,0.0,3.914,1.0,5.0,6,84.54044056377352,84.54044056377352,pobre,basal,1,0.0,685.0,0.0,39.0,12,133,31775,4,1.0
97,1.0,0.0,3.914,1.0,2.0,6,84.54044056377352,84.54044056377352,pobre,basal,1,0.0,685.0,0.0,39.0,9,133,31776,2,1.0
98,1.0,0.0,3.914,1.0,3.0,6,84.54044056377352,84.54044056377352,pobre,basal,1,0.0,685.0,0.0,39.0,10,133,31776,2,1.0
97,0.0,0.0,3.914,0.0,6.0,13,84.54044056377352,84.54044056377352,pobre,basal,0,166.66667,180.0,1.0,60.0,15,133,31777,6,0.0
98,0.0,0.0,3.914,1.0,8.0,13,84.54044056377352,84.54044056377352,pobre,basal,0,166.66667,180.0,1.0,60.0,16,133,31777,6,0.0
97,1.0,0.0,3.914,1.0,4.0,13,84.54044056377352,84.54044056377352,pobre,basal,0,166.66667,180.0,1.0,60.0,11,133,31778,4,1.0
98,1.0,0.0,3.914,1.0,5.0,13,84.54044056377352,84.54044056377352,pobre,basal,0,166.66667,180.0,1.0,60.0,12,133,31778,4,1.0
97,0.0,0.0,3.914,1.0,4.0,13,84.54044056377352,84.54044056377352,pobre,basal,0,166.66667,180.0,1.0,60.0,13,133,31779,4,1.0
98,0.0,0.0,3.914,1.0,5.0,13,84.54044056377352,84.54044056377352,pobre,basal,0,166.66667,180.0,1.0,60.0,14,133,31779,4,1.0
97,0.0,0.0,3.914,1.0,2.0,13,84.54044056377352,84.54044056377352,pobre,basal,0,166.66667,180.0,1.0,60.0,9,133,31780,2,1.0
98,0.0,0.0,3.914,1.0,3.0,13,84.54044056377352,84.54044056377352,pobre,basal,0,166.66667,180.0,1.0,60.0,10,133,31780,2,1.0
97,0.0,0.0,3.914,1.0,3.0,13,84.54044056377352,84.54044056377352,pobre,basal,0,166.66667,180.0,1.0,60.0,10,133,31781,3,1.0
98,0.0,0.0,3.914,1.0,4.0,13,84.54044056377352,84.54044056377352,pobre,basal,0,166.66667,180.0,1.0,60.0,11,133,31781,3,1.0
97,0.0,0.0,3.914,1.0,1.0,13,84.54044056377352,84.54044056377352,pobre,basal,0,166.66667,180.0,1.0,60.0,8,133,31782,1,1.0
98,0.0,0.0,3.914,1.0,1.0,13,84.54044056377352,84.54044056377352,pobre,basal,0,166.66667,180.0,1.0,60.0,9,133,31782,1,1.0
97,1.0,0.0,3.914,1.0,1.0,13,84.54044056377352,84.54044056377352,pobre,basal,0,166.66667,180.0,1.0,60.0,7,133,31783,1,1.0
98,1.0,0.0,3.914,1.0,1.0,13,84.54044056377352,84.54044056377352,pobre,basal,0,166.66667,180.0,1.0,60.0,8,133,31783,1,1.0
97,0.0,0.0,3.914,0.0,6.0,6,84.54044056377352,84.54044056377352,pobre,basal,4,250.0,576.0,1.0,34.0,13,133,31784,6,0.0
98,0.0,0.0,3.914,0.0,6.0,6,84.54044056377352,84.54044056377352,pobre,basal,4,250.0,576.0,1.0,34.0,14,133,31784,6,0.0
97,0.0,0.0,3.914,1.0,5.0,6,84.54044056377352,84.54044056377352,pobre,basal,4,250.0,576.0,1.0,34.0,12,133,31785,5,1.0
98,0.0,0.0,3.914,1.0,6.0,6,84.54044056377352,84.54044056377352,pobre,basal,4,250.0,576.0,1.0,34.0,13,133,31785,5,1.0
97,0.0,0.0,3.914,1.0,4.0,6,84.54044056377352,84.54044056377352,pobre,basal,4,250.0,576.0,1.0,34.0,11,133,31786,4,1.0
98,0.0,0.0,3.914,1.0,5.0,6,84.54044056377352,84.54044056377352,pobre,basal,4,250.0,576.0,1.0,34.0,12,133,31786,4,1.0
97,1.0,0.0,3.914,1.0,2.0,6,84.54044056377352,84.54044056377352,pobre,basal,4,250.0,576.0,1.0,34.0,8,133,31787,2,1.0
98,1.0,0.0,3.914,1.0,3.0,6,84.54044056377352,84.54044056377352,pobre,basal,4,250.0,576.0,1.0,34.0,9,133,31787,2,1.0
97,1.0,0.0,3.914,1.0,3.0,4,84.54044056377352,84.54044056377352,pobre,basal,0,0.0,714.0,1.0,38.0,14,133,31788,3,1.0
98,1.0,0.0,3.914,1.0,8.0,4,84.54044056377352,84.54044056377352,pobre,basal,0,0.0,714.0,1.0,38.0,15,133,31788,3,1.0
97,0.0,0.0,3.914,1.0,2.0,4,84.54044056377352,84.54044056377352,pobre,basal,0,0.0,714.0,1.0,38.0,10,133,31789,2,1.0
98,0.0,0.0,3.914,1.0,5.0,4,84.54044056377352,84.54044056377352,pobre,basal,0,0.0,714.0,1.0,38.0,11,133,31789,2,1.0
97,1.0,0.0,3.914,0.0,6.0,7,84.54044056377352,84.54044056377352,pobre,basal,0,208.33333,569.0,1.0,49.0,16,133,31790,6,0.0
98,1.0,0.0,3.914,,,7,84.54044056377352,84.54044056377352,pobre,basal,0,208.33333,569.0,1.0,49.0,17,133,31790,6,0.0
97,1.0,0.0,3.914,0.0,6.0,7,84.54044056377352,84.54044056377352,pobre,basal,0,208.33333,569.0,1.0,49.0,13,133,31791,6,0.0
98,1.0,0.0,3.914,0.0,6.0,7,84.54044056377352,84.54044056377352,pobre,basal,0,208.33333,569.0,1.0,49.0,14,133,31791,6,0.0
97,0.0,0.0,3.914,,0.0,7,84.54044056377352,84.54044056377352,pobre,basal,0,208.33333,569.0,1.0,49.0,11,133,31792,0,
98,0.0,0.0,3.914,,,7,84.54044056377352,84.54044056377352,pobre,basal,0,208.33333,569.0,1.0,49.0,12,133,31792,0,
97,0.0,0.0,3.914,1.0,3.0,7,84.54044056377352,84.54044056377352,pobre,basal,0,208.33333,569.0,1.0,49.0,9,133,31793,3,1.0
98,0.0,0.0,3.914,1.0,4.0,7,84.54044056377352,84.54044056377352,pobre,basal,0,208.33333,569.0,1.0,49.0,10,133,31793,3,1.0
97,0.0,1.0,0.0,1.0,6.0,3,149.4942086436585,271.1014163128838,pobre,basal,5,500.0,755.0,1.0,55.0,15,436,31794,6,1.0
98,0.0,1.0,0.0,1.0,7.0,3,149.4942086436585,271.1014163128838,pobre,basal,5,500.0,755.0,1.0,55.0,16,436,31794,6,1.0
97,0.0,1.0,0.0,1.0,6.0,6,149.4942086436585,271.1014163128838,pobre,basal,6,500.0,651.0,1.0,34.0,14,436,31795,6,1.0
98,0.0,1.0,0.0,1.0,7.0,6,149.4942086436585,271.1014163128838,pobre,basal,6,500.0,651.0,1.0,34.0,15,436,31795,6,1.0
97,1.0,1.0,0.0,1.0,4.0,6,149.4942086436585,271.1014163128838,pobre,basal,6,500.0,651.0,1.0,34.0,12,436,31796,4,1.0
98,1.0,1.0,0.0,1.0,5.0,6,149.4942086436585,271.1014163128838,pobre,basal,6,500.0,651.0,1.0,34.0,13,436,31796,4,1.0
97,0.0,1.0,0.0,1.0,2.0,6,149.4942086436585,271.1014163128838,pobre,basal,6,500.0,651.0,1.0,34.0,9,436,31797,2,1.0
98,0.0,1.0,0.0,1.0,2.0,6,149.4942086436585,271.1014163128838,pobre,basal,6,500.0,651.0,1.0,34.0,10,436,31797,2,1.0
97,0.0,0.0,2.7379999,0.0,6.0,5,115.9450788670059,140.0621186260371,pobre,0,6,500.0,893.5,1.0,85.0,14,392,31798,6,0.0
98,0.0,0.0,2.7379999,,,5,115.9450788670059,140.0621186260371,pobre,0,6,500.0,893.5,1.0,85.0,15,392,31798,6,0.0
97,1.0,0.0,2.7379999,1.0,2.0,5,115.9450788670059,140.0621186260371,pobre,0,3,625.0,804.5,1.0,56.0,8,392,31799,2,1.0
98,1.0,0.0,2.7379999,1.0,3.0,5,115.9450788670059,140.0621186260371,pobre,0,3,625.0,804.5,1.0,56.0,9,392,31799,2,1.0
97,1.0,0.0,2.7379999,1.0,8.0,7,115.9450788670059,140.0621186260371,pobre,0,9,625.0,675.14099,1.0,51.0,15,392,31800,8,1.0
98,1.0,0.0,2.7379999,0.0,9.0,7,115.9450788670059,140.0621186260371,pobre,0,9,625.0,675.14099,1.0,51.0,16,392,31800,8,1.0
97,0.0,0.0,2.7379999,1.0,6.0,7,115.9450788670059,140.0621186260371,pobre,0,9,625.0,675.14099,1.0,51.0,13,392,31801,6,1.0
98,0.0,0.0,2.7379999,1.0,7.0,7,115.9450788670059,140.0621186260371,pobre,0,9,625.0,675.14099,1.0,51.0,14,392,31801,6,1.0
97,0.0,0.0,2.7379999,1.0,5.0,7,115.9450788670059,140.0621186260371,pobre,0,9,625.0,675.14099,1.0,51.0,11,392,31802,5,1.0
98,0.0,0.0,2.7379999,0.0,6.0,7,115.9450788670059,140.0621186260371,pobre,0,9,625.0,675.14099,1.0,51.0,12,392,31802,5,1.0
97,1.0,0.0,2.7379999,,0.0,7,115.9450788670059,140.0621186260371,pobre,0,9,625.0,675.14099,1.0,51.0,8,392,31803,0,
98,1.0,0.0,2.7379999,,,7,115.9450788670059,140.0621186260371,pobre,0,9,625.0,675.14099,1.0,51.0,9,392,31803,0,
97,0.0,0.0,2.7379999,0.0,6.0,2,115.9450788670059,140.0621186260371,pobre,0,2,400.0,689.29999,1.0,59.0,12,392,31804,6,0.0
98,0.0,0.0,2.7379999,1.0,6.0,2,115.9450788670059,140.0621186260371,pobre,0,2,400.0,689.29999,1.0,59.0,13,392,31804,6,0.0
97,0.0,0.0,2.7379999,1.0,3.0,4,115.9450788670059,140.0621186260371,pobre,0,3,625.0,718.44098,1.0,46.0,8,392,31805,3,1.0
98,0.0,0.0,2.7379999,1.0,4.0,4,115.9450788670059,140.0621186260371,pobre,0,3,625.0,718.44098,1.0,46.0,9,392,31805,3,1.0
97,0.0,0.0,2.7379999,,0.0,4,115.9450788670059,140.0621186260371,pobre,0,3,625.0,718.44098,1.0,46.0,6,392,31806,0,
98,0.0,0.0,2.7379999,1.0,2.0,4,115.9450788670059,140.0621186260371,pobre,0,3,625.0,718.44098,1.0,46.0,7,392,31806,0,
97,1.0,0.0,2.7379999,1.0,0.0,6,115.9450788670059,140.0621186260371,no pobre,0,0,625.0,933.29999,1.0,61.0,7,392,31807,0,1.0
98,1.0,0.0,2.7379999,,,6,115.9450788670059,140.0621186260371,no pobre,0,0,625.0,933.29999,1.0,61.0,8,392,31807,0,1.0
97,1.0,0.0,0.0,1.0,6.0,7,116.7135899961054,116.7135899961054,pobre,0,5,750.0,589.0,1.0,35.0,12,340,31808,6,1.0
98,1.0,0.0,0.0,1.0,7.0,7,116.7135899961054,116.7135899961054,pobre,0,5,750.0,589.0,1.0,35.0,13,340,31808,6,1.0
97,1.0,0.0,0.0,1.0,4.0,7,116.7135899961054,116.7135899961054,pobre,0,5,750.0,589.0,1.0,35.0,10,340,31809,4,1.0
98,1.0,0.0,0.0,1.0,5.0,7,116.7135899961054,116.7135899961054,pobre,0,5,750.0,589.0,1.0,35.0,11,340,31809,4,1.0
97,1.0,0.0,0.0,1.0,2.0,7,116.7135899961054,116.7135899961054,pobre,0,5,750.0,589.0,1.0,35.0,8,340,31810,2,1.0
98,1.0,0.0,0.0,1.0,3.0,7,116.7135899961054,116.7135899961054,pobre,0,5,750.0,589.0,1.0,35.0,9,340,31810,2,1.0
97,1.0,0.0,0.0,0.0,6.0,8,116.7135899961054,116.7135899961054,pobre,0,3,0.0,633.0,1.0,54.0,15,340,31811,6,0.0
98,1.0,0.0,0.0,0.0,6.0,8,116.7135899961054,116.7135899961054,pobre,0,3,0.0,633.0,1.0,54.0,16,340,31811,6,0.0
97,0.0,0.0,0.0,1.0,1.0,8,116.7135899961054,116.7135899961054,pobre,0,3,0.0,633.0,1.0,54.0,7,340,31812,1,1.0
98,0.0,0.0,0.0,1.0,2.0,8,116.7135899961054,116.7135899961054,pobre,0,3,0.0,633.0,1.0,54.0,8,340,31812,1,1.0
97,1.0,0.0,0.0,1.0,0.0,8,116.7135899961054,116.7135899961054,pobre,0,3,0.0,633.0,1.0,54.0,6,340,31813,0,1.0
98,1.0,0.0,0.0,1.0,1.0,8,116.7135899961054,116.7135899961054,pobre,0,3,0.0,633.0,1.0,54.0,7,340,31813,0,1.0
97,1.0,0.0,0.0,1.0,3.0,4,116.7135899961054,116.7135899961054,no pobre,0,9,4500.0,768.0,1.0,32.0,9,340,31814,3,1.0
98,1.0,0.0,0.0,1.0,4.0,4,116.7135899961054,116.7135899961054,no pobre,0,9,4500.0,768.0,1.0,32.0,10,340,31814,3,1.0
97,0.0,0.0,0.0,1.0,1.0,4,116.7135899961054,116.7135899961054,no pobre,0,9,4500.0,768.0,1.0,32.0,7,340,31815,1,1.0
98,0.0,0.0,0.0,1.0,2.0,4,116.7135899961054,116.7135899961054,no pobre,0,9,4500.0,768.0,1.0,32.0,8,340,31815,1,1.0
97,0.0,0.0,0.0,1.0,3.0,8,116.7135899961054,116.7135899961054,no pobre,0,2,0.0,809.0,1.0,45.0,10,340,31816,3,1.0
98,0.0,0.0,0.0,1.0,4.0,8,116.7135899961054,116.7135899961054,no pobre,0,2,0.0,809.0,1.0,45.0,11,340,31816,3,1.0
97,0.0,0.0,0.0,1.0,3.0,8,116.7135899961054,116.7135899961054,no pobre,0,2,0.0,809.0,1.0,45.0,9,340,31817,3,1.0
98,0.0,0.0,0.0,1.0,3.0,8,116.7135899961054,116.7135899961054,no pobre,0,2,0.0,809.0,1.0,45.0,10,340,31817,3,1.0
97,1.0,0.0,0.0,1.0,2.0,8,116.7135899961054,116.7135899961054,no pobre,0,2,0.0,809.0,1.0,45.0,8,340,31818,2,1.0
98,1.0,0.0,0.0,1.0,2.0,8,116.7135899961054,116.7135899961054,no pobre,0,2,0.0,809.0,1.0,45.0,9,340,31818,2,1.0
97,0.0,0.0,0.0,0.0,6.0,4,116.7135899961054,116.7135899961054,pobre,0,6,0.0,702.0,1.0,59.0,16,340,31819,6,0.0
98,0.0,0.0,0.0,,,4,116.7135899961054,116.7135899961054,pobre,0,6,0.0,702.0,1.0,59.0,17,340,31819,6,0.0
97,0.0,0.0,0.0,1.0,3.0,4,116.7135899961054,116.7135899961054,pobre,0,6,0.0,702.0,1.0,59.0,10,340,31820,3,1.0
98,0.0,0.0,0.0,1.0,4.0,4,116.7135899961054,116.7135899961054,pobre,0,6,0.0,702.0,1.0,59.0,11,340,31820,3,1.0
97,0.0,0.0,0.0,1.0,3.0,6,116.7135899961054,116.7135899961054,pobre,0,3,4500.0,737.0,1.0,28.0,9,340,31821,3,1.0
98,0.0,0.0,0.0,1.0,4.0,6,116.7135899961054,116.7135899961054,pobre,0,3,4500.0,737.0,1.0,28.0,10,340,31821,3,1.0
97,1.0,0.0,0.0,1.0,1.0,6,116.7135899961054,116.7135899961054,pobre,0,3,4500.0,737.0,1.0,28.0,6,340,31822,1,1.0
98,1.0,0.0,0.0,1.0,2.0,6,116.7135899961054,116.7135899961054,pobre,0,3,4500.0,737.0,1.0,28.0,7,340,31822,1,1.0
97,0.0,0.0,0.0,1.0,4.0,6,116.7135899961054,116.7135899961054,pobre,0,9,800.0,669.0,1.0,34.0,10,340,31823,4,1.0
98,0.0,0.0,0.0,1.0,5.0,6,116.7135899961054,116.7135899961054,pobre,0,9,800.0,669.0,1.0,34.0,11,340,31823,4,1.0
97,1.0,0.0,0.0,1.0,2.0,6,116.7135899961054,116.7135899961054,pobre,0,9,800.0,669.0,1.0,34.0,9,340,31824,2,1.0
98,1.0,0.0,0.0,1.0,2.0,6,116.7135899961054,116.7135899961054,pobre,0,9,800.0,669.0,1.0,34.0,10,340,31824,2,1.0
97,1.0,0.0,0.0,1.0,0.0,6,116.7135899961054,116.7135899961054,pobre,0,9,800.0,669.0,1.0,34.0,6,340,31825,0,1.0
98,1.0,0.0,0.0,1.0,0.0,6,116.7135899961054,116.7135899961054,pobre,0,9,800.0,669.0,1.0,34.0,7,340,31825,0,1.0
97,1.0,0.0,0.0,1.0,7.0,5,116.7135899961054,116.7135899961054,no pobre,0,3,0.0,1025.0,1.0,71.0,13,340,31826,7,1.0
98,1.0,0.0,0.0,1.0,8.0,5,116.7135899961054,116.7135899961054,no pobre,0,3,0.0,1025.0,1.0,71.0,14,340,31826,7,1.0
97,1.0,0.0,0.0,1.0,6.0,7,116.7135899961054,116.7135899961054,pobre,0,5,0.0,659.0,1.0,32.0,12,340,31827,6,1.0
98,1.0,0.0,0.0,1.0,7.0,7,116.7135899961054,116.7135899961054,pobre,0,5,0.0,659.0,1.0,32.0,13,340,31827,6,1.0
97,1.0,0.0,0.0,1.0,3.0,7,116.7135899961054,116.7135899961054,pobre,0,5,0.0,659.0,1.0,32.0,10,340,31828,3,1.0
98,1.0,0.0,0.0,1.0,4.0,7,116.7135899961054,116.7135899961054,pobre,0,5,0.0,659.0,1.0,32.0,11,340,31828,3,1.0
97,1.0,0.0,0.0,1.0,1.0,7,116.7135899961054,116.7135899961054,pobre,0,5,0.0,659.0,1.0,32.0,8,340,31829,1,1.0
98,1.0,0.0,0.0,1.0,2.0,7,116.7135899961054,116.7135899961054,pobre,0,5,0.0,659.0,1.0,32.0,9,340,31829,1,1.0
97,1.0,0.0,0.0,1.0,0.0,7,116.7135899961054,116.7135899961054,pobre,0,5,0.0,659.0,1.0,32.0,6,340,31830,0,1.0
98,1.0,0.0,0.0,1.0,1.0,7,116.7135899961054,116.7135899961054,pobre,0,5,0.0,659.0,1.0,32.0,7,340,31830,0,1.0
97,0.0,0.0,0.0,0.0,9.0,9,116.7135899961054,116.7135899961054,pobre,0,3,0.0,837.0,1.0,36.0,16,340,31831,9,0.0
98,0.0,0.0,0.0,,,9,116.7135899961054,116.7135899961054,pobre,0,3,0.0,837.0,1.0,36.0,17,340,31831,9,0.0
97,0.0,0.0,0.0,1.0,7.0,9,116.7135899961054,116.7135899961054,pobre,0,3,0.0,837.0,1.0,36.0,14,340,31832,7,1.0
98,0.0,0.0,0.0,1.0,8.0,9,116.7135899961054,116.7135899961054,pobre,0,3,0.0,837.0,1.0,36.0,15,340,31832,7,1.0
97,0.0,0.0,0.0,1.0,5.0,9,116.7135899961054,116.7135899961054,pobre,0,3,0.0,837.0,1.0,36.0,12,340,31833,5,1.0
98,0.0,0.0,0.0,1.0,6.0,9,116.7135899961054,116.7135899961054,pobre,0,3,0.0,837.0,1.0,36.0,13,340,31833,5,1.0
97,0.0,0.0,0.0,1.0,2.0,9,116.7135899961054,116.7135899961054,pobre,0,3,0.0,837.0,1.0,36.0,10,340,31834,2,1.0
98,0.0,0.0,0.0,1.0,3.0,9,116.7135899961054,116.7135899961054,pobre,0,3,0.0,837.0,1.0,36.0,11,340,31834,2,1.0
97,0.0,0.0,0.0,1.0,2.0,9,116.7135899961054,116.7135899961054,pobre,0,3,0.0,837.0,1.0,36.0,9,340,31835,2,1.0
98,0.0,0.0,0.0,1.0,2.0,9,116.7135899961054,116.7135899961054,pobre,0,3,0.0,837.0,1.0,36.0,10,340,31835,2,1.0
97,0.0,0.0,0.0,1.0,0.0,9,116.7135899961054,116.7135899961054,pobre,0,3,0.0,837.0,1.0,36.0,6,340,31836,0,1.0
98,0.0,0.0,0.0,1.0,0.0,9,116.7135899961054,116.7135899961054,pobre,0,3,0.0,837.0,1.0,36.0,7,340,31836,0,1.0
97,1.0,0.0,0.0,0.0,3.0,5,116.7135899961054,116.7135899961054,no pobre,0,2,0.0,1025.0,1.0,68.0,16,340,31837,3,0.0
98,1.0,0.0,0.0,,,5,116.7135899961054,116.7135899961054,no pobre,0,2,0.0,1025.0,1.0,68.0,17,340,31837,3,0.0
97,0.0,0.0,0.0,0.0,9.0,14,116.7135899961054,116.7135899961054,no pobre,0,3,0.0,917.0,1.0,52.0,16,340,31838,9,0.0
98,0.0,0.0,0.0,,,14,116.7135899961054,116.7135899961054,no pobre,0,3,0.0,917.0,1.0,52.0,17,340,31838,9,0.0
97,1.0,0.0,0.0,0.0,9.0,14,116.7135899961054,116.7135899961054,no pobre,0,3,0.0,917.0,1.0,52.0,15,340,31839,9,0.0
98,1.0,0.0,0.0,0.0,9.0,14,116.7135899961054,116.7135899961054,no pobre,0,3,0.0,917.0,1.0,52.0,16,340,31839,9,0.0
97,0.0,0.0,0.0,1.0,7.0,14,116.7135899961054,116.7135899961054,no pobre,0,3,0.0,917.0,1.0,52.0,13,340,31840,7,1.0
98,0.0,0.0,0.0,1.0,8.0,14,116.7135899961054,116.7135899961054,no pobre,0,3,0.0,917.0,1.0,52.0,14,340,31840,7,1.0
97,1.0,0.0,0.0,1.0,5.0,14,116.7135899961054,116.7135899961054,no pobre,0,3,0.0,917.0,1.0,52.0,11,340,31841,5,1.0
98,1.0,0.0,0.0,1.0,6.0,14,116.7135899961054,116.7135899961054,no pobre,0,3,0.0,917.0,1.0,52.0,12,340,31841,5,1.0
97,1.0,0.0,0.0,1.0,1.0,4,116.7135899961054,116.7135899961054,pobre,0,5,4800.0,741.0,1.0,28.0,7,340,31842,1,1.0
98,1.0,0.0,0.0,1.0,2.0,4,116.7135899961054,116.7135899961054,pobre,0,5,4800.0,741.0,1.0,28.0,8,340,31842,1,1.0
97,0.0,0.0,0.0,1.0,3.0,5,116.7135899961054,116.7135899961054,no pobre,0,9,4800.0,913.0,1.0,30.0,9,340,31843,3,1.0
98,0.0,0.0,0.0,1.0,4.0,5,116.7135899961054,116.7135899961054,no pobre,0,9,4800.0,913.0,1.0,30.0,10,340,31843,3,1.0
97,1.0,0.0,0.0,1.0,0.0,5,116.7135899961054,116.7135899961054,no pobre,0,9,4800.0,913.0,1.0,30.0,6,340,31844,0,1.0
98,1.0,0.0,0.0,1.0,0.0,5,116.7135899961054,116.7135899961054,no pobre,0,9,4800.0,913.0,1.0,30.0,7,340,31844,0,1.0
97,1.0,0.0,0.0,1.0,3.0,7,116.7135899961054,116.7135899961054,no pobre,0,5,0.0,981.5,1.0,54.0,9,340,31845,3,1.0
98,1.0,0.0,0.0,1.0,4.0,7,116.7135899961054,116.7135899961054,no pobre,0,5,0.0,981.5,1.0,54.0,10,340,31845,3,1.0
97,0.0,0.0,0.0,1.0,2.0,7,116.7135899961054,116.7135899961054,pobre,0,9,3200.0,666.0,1.0,33.0,9,340,31846,2,1.0
98,0.0,0.0,0.0,1.0,3.0,7,116.7135899961054,116.7135899961054,pobre,0,9,3200.0,666.0,1.0,33.0,10,340,31846,2,1.0
97,1.0,0.0,0.0,1.0,2.0,7,116.7135899961054,116.7135899961054,pobre,0,9,3200.0,666.0,1.0,33.0,8,340,31847,2,1.0
98,1.0,0.0,0.0,1.0,1.0,7,116.7135899961054,116.7135899961054,pobre,0,9,3200.0,666.0,1.0,33.0,9,340,31847,2,1.0
97,0.0,0.0,0.0,1.0,0.0,7,116.7135899961054,116.7135899961054,pobre,0,9,3200.0,666.0,1.0,33.0,6,340,31848,0,1.0
98,0.0,0.0,0.0,1.0,1.0,7,116.7135899961054,116.7135899961054,pobre,0,9,3200.0,666.0,1.0,33.0,7,340,31848,0,1.0
97,0.0,0.0,0.0,0.0,5.0,7,116.7135899961054,116.7135899961054,pobre,0,0,0.0,721.5,1.0,69.0,13,340,31849,5,0.0
98,0.0,0.0,0.0,0.0,5.0,7,116.7135899961054,116.7135899961054,pobre,0,0,0.0,721.5,1.0,69.0,14,340,31849,5,0.0
97,0.0,0.0,0.0,1.0,4.0,7,116.7135899961054,116.7135899961054,pobre,0,0,0.0,721.5,1.0,69.0,11,340,31850,4,1.0
98,0.0,0.0,0.0,1.0,4.0,7,116.7135899961054,116.7135899961054,pobre,0,0,0.0,721.5,1.0,69.0,12,340,31850,4,1.0
97,1.0,0.0,0.0,1.0,2.0,7,116.7135899961054,116.7135899961054,pobre,0,0,0.0,721.5,1.0,69.0,9,340,31851,2,1.0
98,1.0,0.0,0.0,1.0,2.0,7,116.7135899961054,116.7135899961054,pobre,0,0,0.0,721.5,1.0,69.0,10,340,31851,2,1.0
97,1.0,0.0,0.0,1.0,1.0,7,116.7135899961054,116.7135899961054,pobre,0,0,0.0,721.5,1.0,69.0,7,340,31852,1,1.0
98,1.0,0.0,0.0,1.0,0.0,7,116.7135899961054,116.7135899961054,pobre,0,0,0.0,721.5,1.0,69.0,8,340,31852,1,1.0
97,1.0,0.0,0.0,0.0,6.0,6,116.7135899961054,116.7135899961054,no pobre,0,2,6400.0,801.0,1.0,46.0,14,340,31853,6,0.0
98,1.0,0.0,0.0,0.0,6.0,6,116.7135899961054,116.7135899961054,no pobre,0,2,6400.0,801.0,1.0,46.0,15,340,31853,6,0.0
97,0.0,0.0,0.0,1.0,3.0,6,116.7135899961054,116.7135899961054,no pobre,0,2,6400.0,801.0,1.0,46.0,9,340,31854,3,1.0
98,0.0,0.0,0.0,1.0,4.0,6,116.7135899961054,116.7135899961054,no pobre,0,2,6400.0,801.0,1.0,46.0,10,340,31854,3,1.0
97,1.0,0.0,0.0,1.0,0.0,5,116.7135899961054,116.7135899961054,pobre,0,5,4000.0,705.0,1.0,26.0,6,340,31855,0,1.0
98,1.0,0.0,0.0,1.0,1.0,5,116.7135899961054,116.7135899961054,pobre,0,5,4000.0,705.0,1.0,26.0,7,340,31855,0,1.0
97,1.0,0.0,0.0,1.0,2.0,4,116.7135899961054,116.7135899961054,no pobre,0,0,0.0,886.0,1.0,50.0,10,340,31856,2,1.0
98,1.0,0.0,0.0,1.0,3.0,4,116.7135899961054,116.7135899961054,no pobre,0,0,0.0,886.0,1.0,50.0,11,340,31856,2,1.0
97,0.0,0.0,0.0,1.0,3.0,8,116.7135899961054,116.7135899961054,no pobre,0,3,0.0,931.0,1.0,49.0,10,340,31857,3,1.0
98,0.0,0.0,0.0,1.0,5.0,8,116.7135899961054,116.7135899961054,no pobre,0,3,0.0,931.0,1.0,49.0,11,340,31857,3,1.0
97,1.0,0.0,0.0,1.0,1.0,8,116.7135899961054,116.7135899961054,no pobre,0,3,0.0,931.0,1.0,49.0,7,340,31858,1,1.0
98,1.0,0.0,0.0,1.0,1.0,8,116.7135899961054,116.7135899961054,no pobre,0,3,0.0,931.0,1.0,49.0,8,340,31858,1,1.0
97,1.0,0.0,0.0,1.0,5.0,8,116.7135899961054,116.7135899961054,no pobre,0,3,0.0,931.0,1.0,49.0,12,340,31859,5,1.0
98,1.0,0.0,0.0,1.0,7.0,8,116.7135899961054,116.7135899961054,no pobre,0,3,0.0,931.0,1.0,49.0,13,340,31859,5,1.0
97,1.0,0.0,0.0,0.0,9.0,12,116.7135899961054,116.7135899961054,pobre,0,3,0.0,767.0,0.0,46.0,15,340,31860,9,0.0
98,1.0,0.0,0.0,0.0,9.0,12,116.7135899961054,116.7135899961054,pobre,0,3,0.0,767.0,0.0,46.0,16,340,31860,9,0.0
97,1.0,0.0,0.0,1.0,6.0,12,116.7135899961054,116.7135899961054,pobre,0,3,0.0,767.0,0.0,46.0,13,340,31861,6,1.0
98,1.0,0.0,0.0,0.0,6.0,12,116.7135899961054,116.7135899961054,pobre,0,3,0.0,767.0,0.0,46.0,14,340,31861,6,1.0
97,1.0,0.0,0.0,1.0,2.0,12,116.7135899961054,116.7135899961054,pobre,0,3,0.0,767.0,0.0,46.0,8,340,31862,2,1.0
98,1.0,0.0,0.0,1.0,3.0,12,116.7135899961054,116.7135899961054,pobre,0,3,0.0,767.0,0.0,46.0,9,340,31862,2,1.0
97,1.0,0.0,0.0,1.0,5.0,5,116.7135899961054,116.7135899961054,pobre,0,9,750.0,902.0,1.0,25.0,15,340,31863,5,1.0
98,1.0,0.0,0.0,0.0,5.0,5,116.7135899961054,116.7135899961054,pobre,0,9,750.0,902.0,1.0,25.0,16,340,31863,5,1.0
97,1.0,0.0,0.0,0.0,2.0,5,116.7135899961054,116.7135899961054,pobre,0,9,750.0,902.0,1.0,25.0,12,340,31864,2,0.0
98,1.0,0.0,0.0,,,5,116.7135899961054,116.7135899961054,pobre,0,9,750.0,902.0,1.0,25.0,13,340,31864,2,0.0
97,0.0,0.0,0.0,1.0,3.0,5,116.7135899961054,116.7135899961054,pobre,0,9,750.0,902.0,1.0,25.0,10,340,31865,3,1.0
98,0.0,0.0,0.0,1.0,4.0,5,116.7135899961054,116.7135899961054,pobre,0,9,750.0,902.0,1.0,25.0,11,340,31865,3,1.0
97,0.0,0.0,0.0,0.0,6.0,6,116.7135899961054,116.7135899961054,no pobre,0,9,2000.0,868.0,1.0,57.0,15,340,31866,6,0.0
98,0.0,0.0,0.0,0.0,6.0,6,116.7135899961054,116.7135899961054,no pobre,0,9,2000.0,868.0,1.0,57.0,16,340,31866,6,0.0
97,1.0,0.0,0.0,1.0,4.0,6,116.7135899961054,116.7135899961054,no pobre,0,9,2000.0,868.0,1.0,57.0,13,340,31867,4,1.0
98,1.0,0.0,0.0,0.0,5.0,6,116.7135899961054,116.7135899961054,no pobre,0,9,2000.0,868.0,1.0,57.0,14,340,31867,4,1.0
97,1.0,0.0,0.0,1.0,0.0,4,116.7135899961054,116.7135899961054,pobre,0,9,750.0,735.0,1.0,25.0,6,340,31868,0,1.0
98,1.0,0.0,0.0,1.0,1.0,4,116.7135899961054,116.7135899961054,pobre,0,9,750.0,735.0,1.0,25.0,7,340,31868,0,1.0
97,1.0,0.0,0.0,0.0,9.0,5,116.7135899961054,116.7135899961054,no pobre,0,4,0.0,856.0,1.0,62.0,16,340,31869,9,0.0
98,1.0,0.0,0.0,,,5,116.7135899961054,116.7135899961054,no pobre,0,4,0.0,856.0,1.0,62.0,17,340,31869,9,0.0
97,0.0,0.0,0.0,1.0,7.0,5,116.7135899961054,116.7135899961054,no pobre,0,4,0.0,856.0,1.0,62.0,13,340,31870,7,1.0
98,0.0,0.0,0.0,,,5,116.7135899961054,116.7135899961054,no pobre,0,4,0.0,856.0,1.0,62.0,14,340,31870,7,1.0
97,1.0,0.0,0.0,1.0,7.0,6,116.7135899961054,116.7135899961054,pobre,0,2,3000.0,662.0,1.0,57.0,16,340,31871,7,1.0
98,1.0,0.0,0.0,,,6,116.7135899961054,116.7135899961054,pobre,0,2,3000.0,662.0,1.0,57.0,17,340,31871,7,1.0
97,0.0,0.0,0.0,1.0,5.0,6,116.7135899961054,116.7135899961054,pobre,0,2,3000.0,662.0,1.0,57.0,11,340,31872,5,1.0
98,0.0,0.0,0.0,1.0,6.0,6,116.7135899961054,116.7135899961054,pobre,0,2,3000.0,662.0,1.0,57.0,12,340,31872,5,1.0
97,1.0,0.0,0.0,1.0,1.0,6,116.7135899961054,116.7135899961054,pobre,0,3,0.0,730.0,1.0,55.0,7,340,31873,1,1.0
98,1.0,0.0,0.0,1.0,1.0,6,116.7135899961054,116.7135899961054,pobre,0,3,0.0,730.0,1.0,55.0,8,340,31873,1,1.0
97,0.0,0.0,0.0,1.0,0.0,6,116.7135899961054,116.7135899961054,pobre,0,3,0.0,730.0,1.0,55.0,6,340,31874,0,1.0
98,0.0,0.0,0.0,1.0,1.0,6,116.7135899961054,116.7135899961054,pobre,0,3,0.0,730.0,1.0,55.0,7,340,31874,0,1.0
97,1.0,0.0,0.0,1.0,1.0,4,116.7135899961054,116.7135899961054,no pobre,0,9,100.0,780.0,1.0,29.0,7,340,31875,1,1.0
98,1.0,0.0,0.0,1.0,2.0,4,116.7135899961054,116.7135899961054,no pobre,0,9,100.0,780.0,1.0,29.0,8,340,31875,1,1.0
97,0.0,0.0,0.0,1.0,4.0,9,116.7135899961054,116.7135899961054,no pobre,0,3,0.0,700.0,1.0,37.0,12,340,31876,4,1.0
98,0.0,0.0,0.0,0.0,4.0,9,116.7135899961054,116.7135899961054,no pobre,0,3,0.0,700.0,1.0,37.0,13,340,31876,4,1.0
97,1.0,0.0,0.0,1.0,2.0,9,116.7135899961054,116.7135899961054,no pobre,0,3,0.0,700.0,1.0,37.0,10,340,31877,2,1.0
98,1.0,0.0,0.0,1.0,3.0,9,116.7135899961054,116.7135899961054,no pobre,0,3,0.0,700.0,1.0,37.0,11,340,31877,2,1.0
97,1.0,0.0,0.0,1.0,3.0,9,116.7135899961054,116.7135899961054,no pobre,0,3,0.0,700.0,1.0,37.0,9,340,31878,3,1.0
98,1.0,0.0,0.0,1.0,4.0,9,116.7135899961054,116.7135899961054,no pobre,0,3,0.0,700.0,1.0,37.0,10,340,31878,3,1.0
97,0.0,0.0,0.0,1.0,0.0,9,116.7135899961054,116.7135899961054,no pobre,0,3,0.0,700.0,1.0,37.0,6,340,31879,0,1.0
98,0.0,0.0,0.0,1.0,1.0,9,116.7135899961054,116.7135899961054,no pobre,0,3,0.0,700.0,1.0,37.0,7,340,31879,0,1.0
97,1.0,0.0,0.0,0.0,9.0,7,116.7135899961054,116.7135899961054,no pobre,0,3,0.0,976.5,1.0,42.0,16,340,31880,9,0.0
98,1.0,0.0,0.0,,,7,116.7135899961054,116.7135899961054,no pobre,0,3,0.0,976.5,1.0,42.0,17,340,31880,9,0.0
97,0.0,0.0,0.0,1.0,7.0,7,116.7135899961054,116.7135899961054,no pobre,0,3,0.0,976.5,1.0,42.0,14,340,31881,7,1.0
98,0.0,0.0,0.0,1.0,8.0,7,116.7135899961054,116.7135899961054,no pobre,0,3,0.0,976.5,1.0,42.0,15,340,31881,7,1.0
97,1.0,0.0,0.0,1.0,2.0,7,116.7135899961054,116.7135899961054,no pobre,0,3,0.0,976.5,1.0,42.0,8,340,31882,2,1.0
98,1.0,0.0,0.0,1.0,3.0,7,116.7135899961054,116.7135899961054,no pobre,0,3,0.0,976.5,1.0,42.0,9,340,31882,2,1.0
97,1.0,0.0,0.0,1.0,1.0,7,116.7135899961054,116.7135899961054,no pobre,0,3,0.0,976.5,1.0,42.0,7,340,31883,1,1.0
98,1.0,0.0,0.0,1.0,2.0,7,116.7135899961054,116.7135899961054,no pobre,0,3,0.0,976.5,1.0,42.0,8,340,31883,1,1.0
97,0.0,0.0,0.0,0.0,9.0,7,116.7135899961054,116.7135899961054,pobre,0,3,0.0,587.0,1.0,40.0,15,340,31884,9,0.0
98,0.0,0.0,0.0,0.0,9.0,7,116.7135899961054,116.7135899961054,pobre,0,3,0.0,587.0,1.0,40.0,16,340,31884,9,0.0
97,1.0,0.0,0.0,1.0,4.0,7,116.7135899961054,116.7135899961054,pobre,0,3,0.0,587.0,1.0,40.0,12,340,31885,4,1.0
98,1.0,0.0,0.0,,,7,116.7135899961054,116.7135899961054,pobre,0,3,0.0,587.0,1.0,40.0,13,340,31885,4,1.0
97,0.0,0.0,0.0,1.0,5.0,7,116.7135899961054,116.7135899961054,pobre,0,3,0.0,587.0,1.0,40.0,10,340,31886,5,1.0
98,0.0,0.0,0.0,1.0,6.0,7,116.7135899961054,116.7135899961054,pobre,0,3,0.0,587.0,1.0,40.0,11,340,31886,5,1.0
97,1.0,0.0,0.0,1.0,1.0,7,116.7135899961054,116.7135899961054,pobre,0,3,0.0,587.0,1.0,40.0,7,340,31887,1,1.0
98,1.0,0.0,0.0,1.0,2.0,7,116.7135899961054,116.7135899961054,pobre,0,3,0.0,587.0,1.0,40.0,8,340,31887,1,1.0
97,1.0,0.0,0.0,,0.0,4,116.7135899961054,116.7135899961054,pobre,0,3,0.0,752.0,1.0,48.0,14,340,31888,0,
98,1.0,0.0,0.0,0.0,9.0,4,116.7135899961054,116.7135899961054,pobre,0,3,0.0,752.0,1.0,48.0,15,340,31888,0,
97,0.0,0.0,0.0,1.0,4.0,4,116.7135899961054,116.7135899961054,pobre,0,3,0.0,752.0,1.0,48.0,10,340,31889,4,1.0
98,0.0,0.0,0.0,1.0,5.0,4,116.7135899961054,116.7135899961054,pobre,0,3,0.0,752.0,1.0,48.0,11,340,31889,4,1.0
97,1.0,0.0,0.0,1.0,4.0,5,116.7135899961054,116.7135899961054,pobre,0,2,0.0,824.0,1.0,36.0,10,340,31890,4,1.0
98,1.0,0.0,0.0,1.0,5.0,5,116.7135899961054,116.7135899961054,pobre,0,2,0.0,824.0,1.0,36.0,11,340,31890,4,1.0
97,1.0,0.0,0.0,1.0,1.0,5,116.7135899961054,116.7135899961054,pobre,0,2,0.0,824.0,1.0,36.0,8,340,31891,1,1.0
98,1.0,0.0,0.0,1.0,2.0,5,116.7135899961054,116.7135899961054,pobre,0,2,0.0,824.0,1.0,36.0,9,340,31891,1,1.0
97,0.0,0.0,0.0,1.0,5.0,6,116.7135899961054,116.7135899961054,pobre,0,3,0.0,772.0,0.0,47.0,13,340,31892,5,1.0
98,0.0,0.0,0.0,1.0,6.0,6,116.7135899961054,116.7135899961054,pobre,0,3,0.0,772.0,0.0,47.0,14,340,31892,5,1.0
97,0.0,0.0,0.0,1.0,3.0,6,116.7135899961054,116.7135899961054,pobre,0,3,0.0,772.0,0.0,47.0,10,340,31893,3,1.0
98,0.0,0.0,0.0,1.0,4.0,6,116.7135899961054,116.7135899961054,pobre,0,3,0.0,772.0,0.0,47.0,11,340,31893,3,1.0
97,1.0,0.0,0.0,1.0,2.0,6,116.7135899961054,116.7135899961054,pobre,0,3,0.0,772.0,0.0,47.0,9,340,31894,2,1.0
98,1.0,0.0,0.0,1.0,3.0,6,116.7135899961054,116.7135899961054,pobre,0,3,0.0,772.0,0.0,47.0,10,340,31894,2,1.0
97,0.0,0.0,0.0,1.0,3.0,6,116.7135899961054,116.7135899961054,pobre,0,3,0.0,772.0,0.0,47.0,9,340,31895,3,1.0
98,0.0,0.0,0.0,1.0,4.0,6,116.7135899961054,116.7135899961054,pobre,0,3,0.0,772.0,0.0,47.0,10,340,31895,3,1.0
97,1.0,0.0,0.0,1.0,5.0,3,116.7135899961054,116.7135899961054,no pobre,0,3,0.0,777.0,1.0,37.0,12,340,31896,5,1.0
98,1.0,0.0,0.0,1.0,6.0,3,116.7135899961054,116.7135899961054,no pobre,0,3,0.0,777.0,1.0,37.0,13,340,31896,5,1.0
97,1.0,0.0,0.0,0.0,6.0,8,116.7135899961054,116.7135899961054,pobre,0,2,0.0,593.0,1.0,45.0,16,340,31897,6,0.0
98,1.0,0.0,0.0,,,8,116.7135899961054,116.7135899961054,pobre,0,2,0.0,593.0,1.0,45.0,17,340,31897,6,0.0
97,1.0,0.0,0.0,1.0,6.0,8,116.7135899961054,116.7135899961054,pobre,0,2,0.0,593.0,1.0,45.0,12,340,31898,6,1.0
98,1.0,0.0,0.0,1.0,7.0,8,116.7135899961054,116.7135899961054,pobre,0,2,0.0,593.0,1.0,45.0,13,340,31898,6,1.0
97,0.0,0.0,0.0,,0.0,8,116.7135899961054,116.7135899961054,pobre,0,2,0.0,593.0,1.0,45.0,8,340,31899,0,
98,0.0,0.0,0.0,,,8,116.7135899961054,116.7135899961054,pobre,0,2,0.0,593.0,1.0,45.0,9,340,31899,0,
97,1.0,0.0,0.0,0.0,6.0,5,116.7135899961054,116.7135899961054,pobre,0,0,0.0,566.0,1.0,56.0,14,340,31900,6,0.0
98,1.0,0.0,0.0,0.0,6.0,5,116.7135899961054,116.7135899961054,pobre,0,0,0.0,566.0,1.0,56.0,15,340,31900,6,0.0
97,1.0,0.0,0.0,1.0,5.0,5,116.7135899961054,116.7135899961054,pobre,0,0,0.0,566.0,1.0,56.0,13,340,31901,5,1.0
98,1.0,0.0,0.0,0.0,6.0,5,116.7135899961054,116.7135899961054,pobre,0,0,0.0,566.0,1.0,56.0,14,340,31901,5,1.0
97,1.0,0.0,0.0,0.0,9.0,9,116.7135899961054,116.7135899961054,pobre,0,0,0.0,774.0,1.0,54.0,15,340,31902,9,0.0
98,1.0,0.0,0.0,0.0,9.0,9,116.7135899961054,116.7135899961054,pobre,0,0,0.0,774.0,1.0,54.0,16,340,31902,9,0.0
97,0.0,0.0,0.0,1.0,7.0,9,116.7135899961054,116.7135899961054,pobre,0,0,0.0,774.0,1.0,54.0,13,340,31903,7,1.0
98,0.0,0.0,0.0,1.0,8.0,9,116.7135899961054,116.7135899961054,pobre,0,0,0.0,774.0,1.0,54.0,14,340,31903,7,1.0
97,0.0,0.0,0.0,1.0,4.0,9,116.7135899961054,116.7135899961054,pobre,0,0,0.0,774.0,1.0,54.0,11,340,31904,4,1.0
98,0.0,0.0,0.0,1.0,5.0,9,116.7135899961054,116.7135899961054,pobre,0,0,0.0,774.0,1.0,54.0,12,340,31904,4,1.0
97,0.0,0.0,2.5220001,1.0,7.0,7,60.31640461252391,60.31640461252391,pobre,0,3,1000.0,579.0,1.0,34.0,14,184,31905,7,1.0
98,0.0,0.0,2.5220001,1.0,8.0,7,60.31640461252391,60.31640461252391,pobre,0,3,1000.0,579.0,1.0,34.0,15,184,31905,7,1.0
97,0.0,0.0,2.5220001,1.0,6.0,7,60.31640461252391,60.31640461252391,pobre,0,3,1000.0,579.0,1.0,34.0,12,184,31906,6,1.0
98,0.0,0.0,2.5220001,1.0,7.0,7,60.31640461252391,60.31640461252391,pobre,0,3,1000.0,579.0,1.0,34.0,13,184,31906,6,1.0
97,1.0,0.0,2.5220001,1.0,3.0,7,60.31640461252391,60.31640461252391,pobre,0,3,1000.0,579.0,1.0,34.0,10,184,31907,3,1.0
98,1.0,0.0,2.5220001,1.0,4.0,7,60.31640461252391,60.31640461252391,pobre,0,3,1000.0,579.0,1.0,34.0,11,184,31907,3,1.0
97,1.0,0.0,2.5220001,1.0,1.0,7,60.31640461252391,60.31640461252391,pobre,0,3,1000.0,579.0,1.0,34.0,7,184,31908,1,1.0
98,1.0,0.0,2.5220001,1.0,2.0,7,60.31640461252391,60.31640461252391,pobre,0,3,1000.0,579.0,1.0,34.0,8,184,31908,1,1.0
97,1.0,0.0,2.5220001,1.0,7.0,8,60.31640461252391,60.31640461252391,pobre,0,3,750.0,718.0,1.0,47.0,15,184,31909,7,1.0
98,1.0,0.0,2.5220001,1.0,8.0,8,60.31640461252391,60.31640461252391,pobre,0,3,750.0,718.0,1.0,47.0,16,184,31909,7,1.0
97,0.0,0.0,2.5220001,1.0,5.0,8,60.31640461252391,60.31640461252391,pobre,0,3,750.0,718.0,1.0,47.0,12,184,31910,5,1.0
98,0.0,0.0,2.5220001,0.0,6.0,8,60.31640461252391,60.31640461252391,pobre,0,3,750.0,718.0,1.0,47.0,13,184,31910,5,1.0
97,0.0,0.0,2.5220001,1.0,4.0,8,60.31640461252391,60.31640461252391,pobre,0,3,750.0,718.0,1.0,47.0,10,184,31911,4,1.0
98,0.0,0.0,2.5220001,1.0,5.0,8,60.31640461252391,60.31640461252391,pobre,0,3,750.0,718.0,1.0,47.0,11,184,31911,4,1.0
97,0.0,0.0,2.5220001,1.0,0.0,8,60.31640461252391,60.31640461252391,pobre,0,3,750.0,718.0,1.0,47.0,7,184,31912,0,1.0
98,0.0,0.0,2.5220001,1.0,1.0,8,60.31640461252391,60.31640461252391,pobre,0,3,750.0,718.0,1.0,47.0,8,184,31912,0,1.0
97,1.0,0.0,2.5220001,0.0,7.0,11,60.31640461252391,60.31640461252391,pobre,0,6,750.0,392.0,1.0,39.0,15,184,31913,7,0.0
98,1.0,0.0,2.5220001,0.0,7.0,11,60.31640461252391,60.31640461252391,pobre,0,6,750.0,392.0,1.0,39.0,16,184,31913,7,0.0
97,0.0,0.0,2.5220001,0.0,6.0,11,60.31640461252391,60.31640461252391,pobre,0,6,750.0,392.0,1.0,39.0,13,184,31914,6,0.0
98,0.0,0.0,2.5220001,0.0,6.0,11,60.31640461252391,60.31640461252391,pobre,0,6,750.0,392.0,1.0,39.0,14,184,31914,6,0.0
97,1.0,0.0,2.5220001,1.0,4.0,11,60.31640461252391,60.31640461252391,pobre,0,6,750.0,392.0,1.0,39.0,13,184,31915,4,1.0
98,1.0,0.0,2.5220001,1.0,5.0,11,60.31640461252391,60.31640461252391,pobre,0,6,750.0,392.0,1.0,39.0,14,184,31915,4,1.0
97,0.0,0.0,2.5220001,0.0,6.0,11,60.31640461252391,60.31640461252391,pobre,0,6,750.0,392.0,1.0,39.0,11,184,31916,6,0.0
98,0.0,0.0,2.5220001,0.0,6.0,11,60.31640461252391,60.31640461252391,pobre,0,6,750.0,392.0,1.0,39.0,12,184,31916,6,0.0
97,1.0,0.0,2.5220001,1.0,3.0,11,60.31640461252391,60.31640461252391,pobre,0,6,750.0,392.0,1.0,39.0,9,184,31917,3,1.0
98,1.0,0.0,2.5220001,1.0,3.0,11,60.31640461252391,60.31640461252391,pobre,0,6,750.0,392.0,1.0,39.0,10,184,31917,3,1.0
97,1.0,0.0,2.5220001,1.0,1.0,11,60.31640461252391,60.31640461252391,pobre,0,6,750.0,392.0,1.0,39.0,7,184,31918,1,1.0
98,1.0,0.0,2.5220001,1.0,1.0,11,60.31640461252391,60.31640461252391,pobre,0,6,750.0,392.0,1.0,39.0,8,184,31918,1,1.0
97,1.0,0.0,2.5220001,1.0,5.0,8,60.31640461252391,60.31640461252391,pobre,0,3,750.0,481.0,1.0,36.0,16,184,31919,5,1.0
98,1.0,0.0,2.5220001,0.0,5.0,8,60.31640461252391,60.31640461252391,pobre,0,3,750.0,481.0,1.0,36.0,17,184,31919,5,1.0
97,1.0,0.0,2.5220001,1.0,3.0,8,60.31640461252391,60.31640461252391,pobre,0,3,750.0,481.0,1.0,36.0,11,184,31920,3,1.0
98,1.0,0.0,2.5220001,1.0,3.0,8,60.31640461252391,60.31640461252391,pobre,0,3,750.0,481.0,1.0,36.0,12,184,31920,3,1.0
97,0.0,0.0,2.5220001,1.0,2.0,8,60.31640461252391,60.31640461252391,pobre,0,3,750.0,481.0,1.0,36.0,9,184,31921,2,1.0
98,0.0,0.0,2.5220001,1.0,3.0,8,60.31640461252391,60.31640461252391,pobre,0,3,750.0,481.0,1.0,36.0,10,184,31921,2,1.0
97,1.0,1.0,0.0,1.0,3.0,5,149.4942086436585,271.1014163128838,pobre,basal,5,320.0,833.0,1.0,63.0,10,436,31922,3,1.0
98,1.0,1.0,0.0,1.0,4.0,5,149.4942086436585,271.1014163128838,pobre,basal,5,320.0,833.0,1.0,63.0,11,436,31922,3,1.0
97,0.0,0.0,2.5220001,1.0,0.0,7,60.31640461252391,60.31640461252391,pobre,0,3,0.0,602.0,0.0,54.0,6,184,31923,0,1.0
98,0.0,0.0,2.5220001,1.0,1.0,7,60.31640461252391,60.31640461252391,pobre,0,3,0.0,602.0,0.0,54.0,7,184,31923,0,1.0
97,0.0,0.0,2.1600001,0.0,6.0,10,66.08297521249372,66.08297521249372,pobre,basal,3,0.0,584.0,1.0,35.0,15,185,31924,6,0.0
98,0.0,0.0,2.1600001,,,10,66.08297521249372,66.08297521249372,pobre,basal,3,0.0,584.0,1.0,35.0,16,185,31924,6,0.0
97,1.0,0.0,2.1600001,1.0,5.0,10,66.08297521249372,66.08297521249372,pobre,basal,3,0.0,584.0,1.0,35.0,13,185,31925,5,1.0
98,1.0,0.0,2.1600001,1.0,6.0,10,66.08297521249372,66.08297521249372,pobre,basal,3,0.0,584.0,1.0,35.0,14,185,31925,5,1.0
97,1.0,0.0,2.1600001,1.0,3.0,10,66.08297521249372,66.08297521249372,pobre,basal,3,0.0,584.0,1.0,35.0,12,185,31926,3,1.0
98,1.0,0.0,2.1600001,,,10,66.08297521249372,66.08297521249372,pobre,basal,3,0.0,584.0,1.0,35.0,13,185,31926,3,1.0
97,0.0,0.0,2.1600001,1.0,2.0,10,66.08297521249372,66.08297521249372,pobre,basal,3,0.0,584.0,1.0,35.0,11,185,31927,2,1.0
98,0.0,0.0,2.1600001,1.0,3.0,10,66.08297521249372,66.08297521249372,pobre,basal,3,0.0,584.0,1.0,35.0,12,185,31927,2,1.0
97,1.0,0.0,2.1600001,1.0,2.0,10,66.08297521249372,66.08297521249372,pobre,basal,3,0.0,584.0,1.0,35.0,10,185,31928,2,1.0
98,1.0,0.0,2.1600001,,,10,66.08297521249372,66.08297521249372,pobre,basal,3,0.0,584.0,1.0,35.0,11,185,31928,2,1.0
97,1.0,,2.1600001,1.0,1.0,10,66.08297521249372,66.08297521249372,pobre,basal,3,0.0,584.0,1.0,35.0,7,185,31929,1,1.0
98,1.0,,2.1600001,,,10,66.08297521249372,66.08297521249372,pobre,basal,3,0.0,584.0,1.0,35.0,8,185,31929,1,1.0
97,0.0,0.0,2.1600001,0.0,5.0,10,66.08297521249372,66.08297521249372,pobre,basal,3,0.0,584.0,1.0,35.0,15,185,31930,5,0.0
98,0.0,0.0,2.1600001,,,10,66.08297521249372,66.08297521249372,pobre,basal,3,0.0,584.0,1.0,35.0,16,185,31930,5,0.0
97,0.0,0.0,2.1600001,0.0,6.0,11,66.08297521249372,66.08297521249372,pobre,basal,1,1250.0,628.40002,1.0,40.0,16,185,31931,6,0.0
98,0.0,0.0,2.1600001,,,11,66.08297521249372,66.08297521249372,pobre,basal,1,1250.0,628.40002,1.0,40.0,17,185,31931,6,0.0
97,0.0,0.0,2.1600001,1.0,7.0,11,66.08297521249372,66.08297521249372,pobre,basal,1,1250.0,628.40002,1.0,40.0,14,185,31932,7,1.0
98,0.0,0.0,2.1600001,1.0,7.0,11,66.08297521249372,66.08297521249372,pobre,basal,1,1250.0,628.40002,1.0,40.0,15,185,31932,7,1.0
97,0.0,0.0,2.1600001,1.0,6.0,11,66.08297521249372,66.08297521249372,pobre,basal,1,1250.0,628.40002,1.0,40.0,13,185,31933,6,1.0
98,0.0,0.0,2.1600001,1.0,6.0,11,66.08297521249372,66.08297521249372,pobre,basal,1,1250.0,628.40002,1.0,40.0,14,185,31933,6,1.0
97,0.0,0.0,2.1600001,1.0,4.0,11,66.08297521249372,66.08297521249372,pobre,basal,1,1250.0,628.40002,1.0,40.0,12,185,31934,4,1.0
98,0.0,0.0,2.1600001,1.0,4.0,11,66.08297521249372,66.08297521249372,pobre,basal,1,1250.0,628.40002,1.0,40.0,13,185,31934,4,1.0
97,0.0,0.0,2.1600001,1.0,4.0,11,66.08297521249372,66.08297521249372,pobre,basal,1,1250.0,628.40002,1.0,40.0,9,185,31935,4,1.0
98,0.0,0.0,2.1600001,1.0,4.0,11,66.08297521249372,66.08297521249372,pobre,basal,1,1250.0,628.40002,1.0,40.0,10,185,31935,4,1.0
97,0.0,0.0,2.1600001,1.0,1.0,11,66.08297521249372,66.08297521249372,pobre,basal,1,1250.0,628.40002,1.0,40.0,6,185,31936,1,1.0
98,0.0,0.0,2.1600001,1.0,1.0,11,66.08297521249372,66.08297521249372,pobre,basal,1,1250.0,628.40002,1.0,40.0,7,185,31936,1,1.0
97,1.0,0.0,2.1600001,0.0,3.0,15,66.08297521249372,66.08297521249372,pobre,basal,0,266.66666,442.0,1.0,46.0,14,185,31937,3,0.0
98,1.0,0.0,2.1600001,0.0,3.0,15,66.08297521249372,66.08297521249372,pobre,basal,0,266.66666,442.0,1.0,46.0,15,185,31937,3,0.0
97,1.0,0.0,2.1600001,0.0,3.0,15,66.08297521249372,66.08297521249372,pobre,basal,0,266.66666,442.0,1.0,46.0,12,185,31938,3,0.0
98,1.0,0.0,2.1600001,0.0,3.0,15,66.08297521249372,66.08297521249372,pobre,basal,0,266.66666,442.0,1.0,46.0,13,185,31938,3,0.0
97,0.0,0.0,2.1600001,1.0,3.0,15,66.08297521249372,66.08297521249372,pobre,basal,0,266.66666,442.0,1.0,46.0,9,185,31939,3,1.0
98,0.0,0.0,2.1600001,1.0,4.0,15,66.08297521249372,66.08297521249372,pobre,basal,0,266.66666,442.0,1.0,46.0,10,185,31939,3,1.0
97,0.0,0.0,2.1600001,1.0,1.0,15,66.08297521249372,66.08297521249372,pobre,basal,0,266.66666,442.0,1.0,46.0,7,185,31940,1,1.0
98,0.0,0.0,2.1600001,1.0,0.0,15,66.08297521249372,66.08297521249372,pobre,basal,0,266.66666,442.0,1.0,46.0,8,185,31940,1,1.0
97,1.0,0.0,2.1600001,1.0,1.0,15,66.08297521249372,66.08297521249372,pobre,basal,0,266.66666,442.0,1.0,46.0,6,185,31941,1,1.0
98,1.0,0.0,2.1600001,1.0,2.0,15,66.08297521249372,66.08297521249372,pobre,basal,0,266.66666,442.0,1.0,46.0,7,185,31941,1,1.0
97,1.0,0.0,2.1600001,0.0,2.0,11,66.08297521249372,66.08297521249372,pobre,basal,2,2500.0,621.0,1.0,40.0,16,185,31942,2,0.0
98,1.0,0.0,2.1600001,,,11,66.08297521249372,66.08297521249372,pobre,basal,2,2500.0,621.0,1.0,40.0,17,185,31942,2,0.0
97,0.0,0.0,2.1600001,1.0,5.0,11,66.08297521249372,66.08297521249372,pobre,basal,2,2500.0,621.0,1.0,40.0,14,185,31943,5,1.0
98,0.0,0.0,2.1600001,1.0,6.0,11,66.08297521249372,66.08297521249372,pobre,basal,2,2500.0,621.0,1.0,40.0,15,185,31943,5,1.0
97,0.0,0.0,2.1600001,1.0,4.0,11,66.08297521249372,66.08297521249372,pobre,basal,2,2500.0,621.0,1.0,40.0,12,185,31944,4,1.0
98,0.0,0.0,2.1600001,1.0,5.0,11,66.08297521249372,66.08297521249372,pobre,basal,2,2500.0,621.0,1.0,40.0,13,185,31944,4,1.0
97,0.0,0.0,2.1600001,1.0,4.0,11,66.08297521249372,66.08297521249372,pobre,basal,2,2500.0,621.0,1.0,40.0,11,185,31945,4,1.0
98,0.0,0.0,2.1600001,1.0,5.0,11,66.08297521249372,66.08297521249372,pobre,basal,2,2500.0,621.0,1.0,40.0,12,185,31945,4,1.0
97,1.0,0.0,2.1600001,1.0,2.0,11,66.08297521249372,66.08297521249372,pobre,basal,2,2500.0,621.0,1.0,40.0,9,185,31946,2,1.0
98,1.0,0.0,2.1600001,1.0,4.0,11,66.08297521249372,66.08297521249372,pobre,basal,2,2500.0,621.0,1.0,40.0,10,185,31946,2,1.0
97,1.0,0.0,2.1600001,1.0,1.0,11,66.08297521249372,66.08297521249372,pobre,basal,2,2500.0,621.0,1.0,40.0,8,185,31947,1,1.0
98,1.0,0.0,2.1600001,1.0,1.0,11,66.08297521249372,66.08297521249372,pobre,basal,2,2500.0,621.0,1.0,40.0,9,185,31947,1,1.0
97,1.0,0.0,2.1600001,0.0,6.0,10,66.08297521249372,66.08297521249372,pobre,basal,1,150.0,690.0,1.0,40.0,16,185,31948,6,0.0
98,1.0,0.0,2.1600001,1.0,6.0,10,66.08297521249372,66.08297521249372,pobre,basal,1,150.0,690.0,1.0,40.0,17,185,31948,6,0.0
97,0.0,0.0,2.1600001,1.0,6.0,10,66.08297521249372,66.08297521249372,pobre,basal,1,150.0,690.0,1.0,40.0,13,185,31949,6,1.0
98,0.0,0.0,2.1600001,1.0,6.0,10,66.08297521249372,66.08297521249372,pobre,basal,1,150.0,690.0,1.0,40.0,14,185,31949,6,1.0
97,0.0,0.0,2.1600001,1.0,3.0,10,66.08297521249372,66.08297521249372,pobre,basal,1,150.0,690.0,1.0,40.0,11,185,31950,3,1.0
98,0.0,0.0,2.1600001,1.0,4.0,10,66.08297521249372,66.08297521249372,pobre,basal,1,150.0,690.0,1.0,40.0,12,185,31950,3,1.0
97,0.0,0.0,2.1600001,1.0,2.0,10,66.08297521249372,66.08297521249372,pobre,basal,1,150.0,690.0,1.0,40.0,9,185,31951,2,1.0
98,0.0,0.0,2.1600001,1.0,1.0,10,66.08297521249372,66.08297521249372,pobre,basal,1,150.0,690.0,1.0,40.0,10,185,31951,2,1.0
97,1.0,0.0,2.1600001,1.0,1.0,10,66.08297521249372,66.08297521249372,pobre,basal,1,150.0,690.0,1.0,40.0,6,185,31952,1,1.0
98,1.0,0.0,2.1600001,1.0,0.0,10,66.08297521249372,66.08297521249372,pobre,basal,1,150.0,690.0,1.0,40.0,7,185,31952,1,1.0
97,1.0,0.0,0.0,1.0,9.0,8,149.4942086436585,271.1014163128838,pobre,basal,8,166.66667,613.70697,1.0,48.0,16,436,31953,9,1.0
98,1.0,0.0,0.0,,,8,149.4942086436585,271.1014163128838,pobre,basal,8,166.66667,613.70697,1.0,48.0,17,436,31953,9,1.0
97,0.0,0.0,0.0,1.0,7.0,8,149.4942086436585,271.1014163128838,pobre,basal,8,166.66667,613.70697,1.0,48.0,14,436,31954,7,1.0
98,0.0,0.0,0.0,1.0,8.0,8,149.4942086436585,271.1014163128838,pobre,basal,8,166.66667,613.70697,1.0,48.0,15,436,31954,7,1.0
97,0.0,0.0,0.0,1.0,5.0,8,149.4942086436585,271.1014163128838,pobre,basal,8,166.66667,613.70697,1.0,48.0,11,436,31955,5,1.0
98,0.0,0.0,0.0,1.0,6.0,8,149.4942086436585,271.1014163128838,pobre,basal,8,166.66667,613.70697,1.0,48.0,12,436,31955,5,1.0
97,0.0,0.0,0.0,1.0,2.0,8,149.4942086436585,271.1014163128838,pobre,basal,8,166.66667,613.70697,1.0,48.0,8,436,31956,2,1.0
98,0.0,0.0,0.0,1.0,3.0,8,149.4942086436585,271.1014163128838,pobre,basal,8,166.66667,613.70697,1.0,48.0,9,436,31956,2,1.0
97,0.0,0.0,0.0,1.0,0.0,8,149.4942086436585,271.1014163128838,pobre,basal,8,166.66667,613.70697,1.0,48.0,6,436,31957,0,1.0
98,0.0,0.0,0.0,1.0,1.0,8,149.4942086436585,271.1014163128838,pobre,basal,8,166.66667,613.70697,1.0,48.0,7,436,31957,0,1.0
97,0.0,1.0,0.0,1.0,7.0,9,149.4942086436585,271.1014163128838,pobre,basal,2,625.0,417.0,1.0,47.0,15,436,31958,7,1.0
98,0.0,1.0,0.0,1.0,8.0,9,149.4942086436585,271.1014163128838,pobre,basal,2,625.0,417.0,1.0,47.0,16,436,31958,7,1.0
97,0.0,1.0,0.0,1.0,6.0,9,149.4942086436585,271.1014163128838,pobre,basal,2,625.0,417.0,1.0,47.0,14,436,31959,6,1.0
98,0.0,1.0,0.0,0.0,6.0,9,149.4942086436585,271.1014163128838,pobre,basal,2,625.0,417.0,1.0,47.0,15,436,31959,6,1.0
97,1.0,1.0,0.0,1.0,4.0,9,149.4942086436585,271.1014163128838,pobre,basal,2,625.0,417.0,1.0,47.0,9,436,31960,4,1.0
98,1.0,1.0,0.0,1.0,5.0,9,149.4942086436585,271.1014163128838,pobre,basal,2,625.0,417.0,1.0,47.0,10,436,31960,4,1.0
97,0.0,0.0,0.0,1.0,2.0,9,149.4942086436585,271.1014163128838,pobre,basal,2,625.0,417.0,1.0,47.0,7,436,31961,2,1.0
98,0.0,0.0,0.0,1.0,3.0,9,149.4942086436585,271.1014163128838,pobre,basal,2,625.0,417.0,1.0,47.0,8,436,31961,2,1.0
97,0.0,1.0,0.0,0.0,9.0,8,149.4942086436585,271.1014163128838,pobre,basal,4,33.333332,724.0,1.0,30.0,16,436,31962,9,0.0
98,0.0,1.0,0.0,,,8,149.4942086436585,271.1014163128838,pobre,basal,4,33.333332,724.0,1.0,30.0,17,436,31962,9,0.0
97,0.0,0.0,0.0,1.0,6.0,7,149.4942086436585,271.1014163128838,pobre,basal,12,0.0,637.0,1.0,44.0,15,436,31963,6,1.0
98,0.0,0.0,0.0,1.0,7.0,7,149.4942086436585,271.1014163128838,pobre,basal,12,0.0,637.0,1.0,44.0,16,436,31963,6,1.0
97,0.0,0.0,0.0,1.0,8.0,7,149.4942086436585,271.1014163128838,pobre,basal,12,0.0,637.0,1.0,44.0,15,436,31964,8,1.0
98,0.0,0.0,0.0,,,7,149.4942086436585,271.1014163128838,pobre,basal,12,0.0,637.0,1.0,44.0,16,436,31964,8,1.0
97,1.0,0.0,0.0,1.0,6.0,7,149.4942086436585,271.1014163128838,pobre,basal,12,0.0,637.0,1.0,44.0,12,436,31965,6,1.0
98,1.0,0.0,0.0,1.0,7.0,7,149.4942086436585,271.1014163128838,pobre,basal,12,0.0,637.0,1.0,44.0,13,436,31965,6,1.0
97,1.0,1.0,0.0,,0.0,10,149.4942086436585,271.1014163128838,pobre,basal,0,83.333336,843.0,1.0,57.0,14,436,31966,0,
98,1.0,1.0,0.0,1.0,7.0,10,149.4942086436585,271.1014163128838,pobre,basal,0,83.333336,843.0,1.0,57.0,15,436,31966,0,
97,1.0,1.0,0.0,,0.0,10,149.4942086436585,271.1014163128838,pobre,basal,0,83.333336,843.0,1.0,57.0,11,436,31967,0,
98,1.0,1.0,0.0,1.0,5.0,10,149.4942086436585,271.1014163128838,pobre,basal,0,83.333336,843.0,1.0,57.0,12,436,31967,0,
97,1.0,1.0,0.0,,0.0,10,149.4942086436585,271.1014163128838,pobre,basal,0,83.333336,843.0,1.0,57.0,8,436,31968,0,
98,1.0,1.0,0.0,1.0,2.0,10,149.4942086436585,271.1014163128838,pobre,basal,0,83.333336,843.0,1.0,57.0,9,436,31968,0,
97,1.0,1.0,0.0,1.0,9.0,7,149.4942086436585,271.1014163128838,pobre,basal,6,83.333336,772.5,1.0,43.0,16,436,31969,9,1.0
98,1.0,1.0,0.0,,,7,149.4942086436585,271.1014163128838,pobre,basal,6,83.333336,772.5,1.0,43.0,17,436,31969,9,1.0
97,1.0,1.0,0.0,1.0,6.0,7,149.4942086436585,271.1014163128838,pobre,basal,6,83.333336,772.5,1.0,43.0,14,436,31970,6,1.0
98,1.0,1.0,0.0,,,7,149.4942086436585,271.1014163128838,pobre,basal,6,83.333336,772.5,1.0,43.0,15,436,31970,6,1.0
97,1.0,1.0,0.0,1.0,4.0,6,149.4942086436585,271.1014163128838,pobre,basal,6,625.0,719.0,1.0,31.0,12,436,31971,4,1.0
98,1.0,1.0,0.0,1.0,4.0,6,149.4942086436585,271.1014163128838,pobre,basal,6,625.0,719.0,1.0,31.0,13,436,31971,4,1.0
97,1.0,1.0,0.0,1.0,2.0,6,149.4942086436585,271.1014163128838,pobre,basal,6,625.0,719.0,1.0,31.0,10,436,31972,2,1.0
98,1.0,1.0,0.0,1.0,3.0,6,149.4942086436585,271.1014163128838,pobre,basal,6,625.0,719.0,1.0,31.0,11,436,31972,2,1.0
97,1.0,1.0,0.0,0.0,3.0,4,149.4942086436585,271.1014163128838,pobre,basal,6,300.0,725.0,1.0,45.0,15,436,31973,3,0.0
98,1.0,1.0,0.0,1.0,4.0,4,149.4942086436585,271.1014163128838,pobre,basal,6,300.0,725.0,1.0,45.0,16,436,31973,3,0.0
97,0.0,1.0,0.0,1.0,10.0,9,149.4942086436585,271.1014163128838,pobre,basal,5,500.0,869.0,1.0,44.0,16,436,31974,10,1.0
98,0.0,1.0,0.0,1.0,11.0,9,149.4942086436585,271.1014163128838,pobre,basal,5,500.0,869.0,1.0,44.0,17,436,31974,10,1.0
97,0.0,1.0,0.0,1.0,6.0,9,149.4942086436585,271.1014163128838,pobre,basal,5,500.0,869.0,1.0,44.0,14,436,31975,6,1.0
98,0.0,1.0,0.0,1.0,7.0,9,149.4942086436585,271.1014163128838,pobre,basal,5,500.0,869.0,1.0,44.0,15,436,31975,6,1.0
97,1.0,1.0,0.0,1.0,4.0,9,149.4942086436585,271.1014163128838,pobre,basal,5,500.0,869.0,1.0,44.0,11,436,31976,4,1.0
98,1.0,1.0,0.0,1.0,5.0,9,149.4942086436585,271.1014163128838,pobre,basal,5,500.0,869.0,1.0,44.0,12,436,31976,4,1.0
97,0.0,1.0,0.0,1.0,1.0,9,149.4942086436585,271.1014163128838,pobre,basal,5,500.0,869.0,1.0,44.0,8,436,31977,1,1.0
98,0.0,1.0,0.0,1.0,2.0,9,149.4942086436585,271.1014163128838,pobre,basal,5,500.0,869.0,1.0,44.0,9,436,31977,1,1.0
97,0.0,1.0,0.0,1.0,4.0,8,149.4942086436585,271.1014163128838,pobre,basal,4,500.0,569.0,1.0,32.0,11,436,31978,4,1.0
98,0.0,1.0,0.0,1.0,5.0,8,149.4942086436585,271.1014163128838,pobre,basal,4,500.0,569.0,1.0,32.0,12,436,31978,4,1.0
97,0.0,1.0,0.0,1.0,2.0,8,149.4942086436585,271.1014163128838,pobre,basal,4,500.0,569.0,1.0,32.0,8,436,31979,2,1.0
98,0.0,1.0,0.0,1.0,3.0,8,149.4942086436585,271.1014163128838,pobre,basal,4,500.0,569.0,1.0,32.0,9,436,31979,2,1.0
97,0.0,1.0,0.0,1.0,0.0,8,149.4942086436585,271.1014163128838,pobre,basal,4,500.0,569.0,1.0,32.0,7,436,31980,0,1.0
98,0.0,1.0,0.0,1.0,1.0,8,149.4942086436585,271.1014163128838,pobre,basal,4,500.0,569.0,1.0,32.0,8,436,31980,0,1.0
97,0.0,1.0,0.0,1.0,4.0,8,149.4942086436585,271.1014163128838,pobre,basal,0,625.0,823.0,1.0,65.0,12,436,31981,4,1.0
98,0.0,1.0,0.0,1.0,5.0,8,149.4942086436585,271.1014163128838,pobre,basal,0,625.0,823.0,1.0,65.0,13,436,31981,4,1.0
97,0.0,1.0,0.0,1.0,3.0,8,149.4942086436585,271.1014163128838,pobre,basal,0,625.0,823.0,1.0,65.0,11,436,31982,3,1.0
98,0.0,1.0,0.0,1.0,4.0,8,149.4942086436585,271.1014163128838,pobre,basal,0,625.0,823.0,1.0,65.0,12,436,31982,3,1.0
97,0.0,1.0,0.0,1.0,3.0,8,149.4942086436585,271.1014163128838,pobre,basal,0,625.0,823.0,1.0,65.0,10,436,31983,3,1.0
98,0.0,1.0,0.0,1.0,4.0,8,149.4942086436585,271.1014163128838,pobre,basal,0,625.0,823.0,1.0,65.0,11,436,31983,3,1.0
97,0.0,1.0,0.0,1.0,10.0,3,149.4942086436585,271.1014163128838,pobre,basal,6,400.0,772.0,0.0,41.0,15,436,31984,10,1.0
98,0.0,1.0,0.0,,,3,149.4942086436585,271.1014163128838,pobre,basal,6,400.0,772.0,0.0,41.0,16,436,31984,10,1.0
97,1.0,1.0,0.0,1.0,7.0,3,149.4942086436585,271.1014163128838,pobre,basal,6,400.0,772.0,0.0,41.0,14,436,31985,7,1.0
98,1.0,1.0,0.0,1.0,8.0,3,149.4942086436585,271.1014163128838,pobre,basal,6,400.0,772.0,0.0,41.0,15,436,31985,7,1.0
97,0.0,1.0,0.0,1.0,4.0,9,149.4942086436585,271.1014163128838,pobre,basal,6,500.0,532.0,1.0,38.0,13,436,31986,4,1.0
98,0.0,1.0,0.0,1.0,4.0,9,149.4942086436585,271.1014163128838,pobre,basal,6,500.0,532.0,1.0,38.0,14,436,31986,4,1.0
97,1.0,1.0,0.0,1.0,4.0,9,149.4942086436585,271.1014163128838,pobre,basal,6,500.0,532.0,1.0,38.0,10,436,31987,4,1.0
98,1.0,1.0,0.0,1.0,4.0,9,149.4942086436585,271.1014163128838,pobre,basal,6,500.0,532.0,1.0,38.0,11,436,31987,4,1.0
97,0.0,1.0,0.0,1.0,2.0,9,149.4942086436585,271.1014163128838,pobre,basal,6,500.0,532.0,1.0,38.0,7,436,31988,2,1.0
98,0.0,1.0,0.0,1.0,2.0,9,149.4942086436585,271.1014163128838,pobre,basal,6,500.0,532.0,1.0,38.0,8,436,31988,2,1.0
97,0.0,1.0,0.0,1.0,3.0,6,149.4942086436585,271.1014163128838,pobre,basal,6,500.0,610.0,1.0,33.0,10,436,31989,3,1.0
98,0.0,1.0,0.0,1.0,4.0,6,149.4942086436585,271.1014163128838,pobre,basal,6,500.0,610.0,1.0,33.0,11,436,31989,3,1.0
97,0.0,1.0,0.0,1.0,2.0,6,149.4942086436585,271.1014163128838,pobre,basal,6,500.0,610.0,1.0,33.0,8,436,31990,2,1.0
98,0.0,1.0,0.0,1.0,3.0,6,149.4942086436585,271.1014163128838,pobre,basal,6,500.0,610.0,1.0,33.0,9,436,31990,2,1.0
97,1.0,1.0,0.0,1.0,4.0,7,149.4942086436585,271.1014163128838,pobre,basal,1,625.0,609.0,1.0,42.0,15,436,31991,4,1.0
98,1.0,1.0,0.0,1.0,5.0,7,149.4942086436585,271.1014163128838,pobre,basal,1,625.0,609.0,1.0,42.0,16,436,31991,4,1.0
97,0.0,1.0,0.0,1.0,3.0,7,149.4942086436585,271.1014163128838,pobre,basal,1,625.0,609.0,1.0,42.0,12,436,31992,3,1.0
98,0.0,1.0,0.0,1.0,4.0,7,149.4942086436585,271.1014163128838,pobre,basal,1,625.0,609.0,1.0,42.0,13,436,31992,3,1.0
97,1.0,1.0,0.0,1.0,2.0,7,149.4942086436585,271.1014163128838,pobre,basal,1,625.0,609.0,1.0,42.0,10,436,31993,2,1.0
98,1.0,1.0,0.0,1.0,3.0,7,149.4942086436585,271.1014163128838,pobre,basal,1,625.0,609.0,1.0,42.0,11,436,31993,2,1.0
97,0.0,1.0,0.0,1.0,0.0,7,149.4942086436585,271.1014163128838,pobre,basal,1,625.0,609.0,1.0,42.0,6,436,31994,0,1.0
98,0.0,1.0,0.0,1.0,1.0,7,149.4942086436585,271.1014163128838,pobre,basal,1,625.0,609.0,1.0,42.0,7,436,31994,0,1.0
97,0.0,1.0,0.0,0.0,6.0,4,149.4942086436585,271.1014163128838,pobre,basal,3,500.0,741.0,1.0,57.0,16,436,31995,6,0.0
98,0.0,1.0,0.0,0.0,6.0,4,149.4942086436585,271.1014163128838,pobre,basal,3,500.0,741.0,1.0,57.0,17,436,31995,6,0.0
97,1.0,1.0,0.0,1.0,4.0,4,149.4942086436585,271.1014163128838,pobre,basal,3,500.0,741.0,1.0,57.0,14,436,31996,4,1.0
98,1.0,1.0,0.0,1.0,5.0,4,149.4942086436585,271.1014163128838,pobre,basal,3,500.0,741.0,1.0,57.0,15,436,31996,4,1.0
97,0.0,1.0,0.0,1.0,6.0,8,149.4942086436585,271.1014163128838,pobre,basal,6,600.0,621.0,1.0,42.0,13,436,31997,6,1.0
98,0.0,1.0,0.0,1.0,7.0,8,149.4942086436585,271.1014163128838,pobre,basal,6,600.0,621.0,1.0,42.0,14,436,31997,6,1.0
97,1.0,1.0,0.0,1.0,3.0,8,149.4942086436585,271.1014163128838,pobre,basal,6,600.0,621.0,1.0,42.0,12,436,31998,3,1.0
98,1.0,1.0,0.0,1.0,4.0,8,149.4942086436585,271.1014163128838,pobre,basal,6,600.0,621.0,1.0,42.0,13,436,31998,3,1.0
97,1.0,1.0,0.0,1.0,2.0,8,149.4942086436585,271.1014163128838,pobre,basal,6,600.0,621.0,1.0,42.0,9,436,31999,2,1.0
98,1.0,1.0,0.0,1.0,2.0,8,149.4942086436585,271.1014163128838,pobre,basal,6,600.0,621.0,1.0,42.0,10,436,31999,2,1.0
97,1.0,1.0,0.0,1.0,0.0,8,149.4942086436585,271.1014163128838,pobre,basal,6,600.0,621.0,1.0,42.0,7,436,32000,0,1.0
98,1.0,1.0,0.0,,,8,149.4942086436585,271.1014163128838,pobre,basal,6,600.0,621.0,1.0,42.0,8,436,32000,0,1.0
97,0.0,1.0,0.0,1.0,6.0,10,149.4942086436585,271.1014163128838,pobre,basal,6,625.0,674.0,1.0,44.0,15,436,32001,6,1.0
98,0.0,1.0,0.0,1.0,7.0,10,149.4942086436585,271.1014163128838,pobre,basal,6,625.0,674.0,1.0,44.0,16,436,32001,6,1.0
97,0.0,1.0,0.0,1.0,4.0,10,149.4942086436585,271.1014163128838,pobre,basal,6,625.0,674.0,1.0,44.0,11,436,32002,4,1.0
98,0.0,1.0,0.0,1.0,5.0,10,149.4942086436585,271.1014163128838,pobre,basal,6,625.0,674.0,1.0,44.0,12,436,32002,4,1.0
97,0.0,1.0,0.0,1.0,1.0,10,149.4942086436585,271.1014163128838,pobre,basal,6,625.0,674.0,1.0,44.0,8,436,32003,1,1.0
98,0.0,1.0,0.0,1.0,2.0,10,149.4942086436585,271.1014163128838,pobre,basal,6,625.0,674.0,1.0,44.0,9,436,32003,1,1.0
97,1.0,1.0,0.0,1.0,0.0,10,149.4942086436585,271.1014163128838,pobre,basal,6,625.0,674.0,1.0,44.0,6,436,32004,0,1.0
98,1.0,1.0,0.0,1.0,0.0,10,149.4942086436585,271.1014163128838,pobre,basal,6,625.0,674.0,1.0,44.0,7,436,32004,0,1.0
97,1.0,0.0,3.914,1.0,3.0,6,84.54044056377352,84.54044056377352,pobre,basal,1,1200.0,462.0,1.0,30.0,12,133,32005,3,1.0
98,1.0,0.0,3.914,1.0,4.0,6,84.54044056377352,84.54044056377352,pobre,basal,1,1200.0,462.0,1.0,30.0,13,133,32005,3,1.0
97,0.0,0.0,3.914,1.0,2.0,6,84.54044056377352,84.54044056377352,pobre,basal,1,1200.0,462.0,1.0,30.0,8,133,32006,2,1.0
98,0.0,0.0,3.914,1.0,2.0,6,84.54044056377352,84.54044056377352,pobre,basal,1,1200.0,462.0,1.0,30.0,9,133,32006,2,1.0
97,0.0,0.0,3.914,1.0,0.0,6,84.54044056377352,84.54044056377352,pobre,basal,1,1200.0,462.0,1.0,30.0,6,133,32007,0,1.0
98,0.0,0.0,3.914,1.0,1.0,6,84.54044056377352,84.54044056377352,pobre,basal,1,1200.0,462.0,1.0,30.0,7,133,32007,0,1.0
97,1.0,0.0,3.914,1.0,6.0,8,84.54044056377352,84.54044056377352,pobre,basal,0,203.33333,707.0,1.0,54.0,15,133,32008,6,1.0
98,1.0,0.0,3.914,0.0,7.0,8,84.54044056377352,84.54044056377352,pobre,basal,0,203.33333,707.0,1.0,54.0,16,133,32008,6,1.0
97,0.0,0.0,3.914,1.0,6.0,8,84.54044056377352,84.54044056377352,pobre,basal,0,203.33333,707.0,1.0,54.0,14,133,32009,6,1.0
98,0.0,0.0,3.914,1.0,7.0,8,84.54044056377352,84.54044056377352,pobre,basal,0,203.33333,707.0,1.0,54.0,15,133,32009,6,1.0
97,0.0,0.0,3.914,1.0,5.0,8,84.54044056377352,84.54044056377352,pobre,basal,0,203.33333,707.0,1.0,54.0,11,133,32010,5,1.0
98,0.0,0.0,3.914,1.0,6.0,8,84.54044056377352,84.54044056377352,pobre,basal,0,203.33333,707.0,1.0,54.0,12,133,32010,5,1.0
97,1.0,0.0,3.914,1.0,4.0,8,84.54044056377352,84.54044056377352,pobre,basal,0,203.33333,707.0,1.0,54.0,10,133,32011,4,1.0
98,1.0,0.0,3.914,1.0,5.0,8,84.54044056377352,84.54044056377352,pobre,basal,0,203.33333,707.0,1.0,54.0,11,133,32011,4,1.0
97,0.0,0.0,3.914,1.0,1.0,8,84.54044056377352,84.54044056377352,pobre,basal,0,203.33333,707.0,1.0,54.0,7,133,32012,1,1.0
98,0.0,0.0,3.914,1.0,2.0,8,84.54044056377352,84.54044056377352,pobre,basal,0,203.33333,707.0,1.0,54.0,8,133,32012,1,1.0
97,1.0,0.0,3.914,1.0,0.0,4,84.54044056377352,84.54044056377352,pobre,basal,6,700.0,670.0,1.0,25.0,6,133,32013,0,1.0
98,1.0,0.0,3.914,1.0,1.0,4,84.54044056377352,84.54044056377352,pobre,basal,6,700.0,670.0,1.0,25.0,7,133,32013,0,1.0
97,1.0,0.0,3.914,0.0,6.0,5,84.54044056377352,84.54044056377352,pobre,basal,1,250.0,695.5,1.0,42.0,15,133,32014,6,0.0
98,1.0,0.0,3.914,0.0,6.0,5,84.54044056377352,84.54044056377352,pobre,basal,1,250.0,695.5,1.0,42.0,16,133,32014,6,0.0
97,1.0,0.0,3.914,1.0,4.0,5,84.54044056377352,84.54044056377352,pobre,basal,1,250.0,695.5,1.0,42.0,12,133,32015,4,1.0
98,1.0,0.0,3.914,1.0,4.0,5,84.54044056377352,84.54044056377352,pobre,basal,1,250.0,695.5,1.0,42.0,13,133,32015,4,1.0
97,1.0,0.0,3.914,1.0,2.0,5,84.54044056377352,84.54044056377352,pobre,basal,1,250.0,695.5,1.0,42.0,8,133,32016,2,1.0
98,1.0,0.0,3.914,1.0,3.0,5,84.54044056377352,84.54044056377352,pobre,basal,1,250.0,695.5,1.0,42.0,9,133,32016,2,1.0
97,1.0,0.0,3.914,1.0,5.0,8,84.54044056377352,84.54044056377352,pobre,basal,2,1200.0,474.0,1.0,33.0,11,133,32017,5,1.0
98,1.0,0.0,3.914,1.0,6.0,8,84.54044056377352,84.54044056377352,pobre,basal,2,1200.0,474.0,1.0,33.0,12,133,32017,5,1.0
97,1.0,0.0,3.914,1.0,3.0,8,84.54044056377352,84.54044056377352,pobre,basal,2,1200.0,474.0,1.0,33.0,10,133,32018,3,1.0
98,1.0,0.0,3.914,1.0,4.0,8,84.54044056377352,84.54044056377352,pobre,basal,2,1200.0,474.0,1.0,33.0,11,133,32018,3,1.0
97,0.0,0.0,3.914,1.0,2.0,8,84.54044056377352,84.54044056377352,pobre,basal,2,1200.0,474.0,1.0,33.0,8,133,32019,2,1.0
98,0.0,0.0,3.914,1.0,3.0,8,84.54044056377352,84.54044056377352,pobre,basal,2,1200.0,474.0,1.0,33.0,9,133,32019,2,1.0
97,1.0,0.0,3.914,1.0,1.0,8,84.54044056377352,84.54044056377352,pobre,basal,2,1200.0,474.0,1.0,33.0,6,133,32020,1,1.0
98,1.0,0.0,3.914,1.0,2.0,8,84.54044056377352,84.54044056377352,pobre,basal,2,1200.0,474.0,1.0,33.0,7,133,32020,1,1.0
97,1.0,0.0,3.914,1.0,8.0,5,84.54044056377352,84.54044056377352,pobre,basal,4,2100.0,683.0,1.0,43.0,16,133,32021,8,1.0
98,1.0,0.0,3.914,,,5,84.54044056377352,84.54044056377352,pobre,basal,4,2100.0,683.0,1.0,43.0,17,133,32021,8,1.0
97,1.0,0.0,3.914,1.0,6.0,5,84.54044056377352,84.54044056377352,pobre,basal,4,2100.0,683.0,1.0,43.0,14,133,32022,6,1.0
98,1.0,0.0,3.914,0.0,6.0,5,84.54044056377352,84.54044056377352,pobre,basal,4,2100.0,683.0,1.0,43.0,15,133,32022,6,1.0
97,1.0,0.0,3.914,1.0,5.0,5,84.54044056377352,84.54044056377352,pobre,basal,4,2100.0,683.0,1.0,43.0,11,133,32023,5,1.0
98,1.0,0.0,3.914,1.0,6.0,5,84.54044056377352,84.54044056377352,pobre,basal,4,2100.0,683.0,1.0,43.0,12,133,32023,5,1.0
97,1.0,1.0,0.0,1.0,10.0,7,149.4942086436585,271.1014163128838,pobre,basal,4,500.0,746.5,1.0,39.0,16,436,32024,10,1.0
98,1.0,1.0,0.0,1.0,10.0,7,149.4942086436585,271.1014163128838,pobre,basal,4,500.0,746.5,1.0,39.0,17,436,32024,10,1.0
97,0.0,1.0,0.0,1.0,3.0,7,149.4942086436585,271.1014163128838,pobre,basal,4,500.0,746.5,1.0,39.0,9,436,32025,3,1.0
98,0.0,1.0,0.0,1.0,4.0,7,149.4942086436585,271.1014163128838,pobre,basal,4,500.0,746.5,1.0,39.0,10,436,32025,3,1.0
97,1.0,0.0,3.914,1.0,3.0,5,84.54044056377352,84.54044056377352,pobre,basal,3,1250.0,624.0,1.0,32.0,9,133,32026,3,1.0
98,1.0,0.0,3.914,1.0,4.0,5,84.54044056377352,84.54044056377352,pobre,basal,3,1250.0,624.0,1.0,32.0,10,133,32026,3,1.0
97,1.0,0.0,3.914,1.0,1.0,5,84.54044056377352,84.54044056377352,pobre,basal,3,1250.0,624.0,1.0,32.0,7,133,32027,1,1.0
98,1.0,0.0,3.914,1.0,2.0,5,84.54044056377352,84.54044056377352,pobre,basal,3,1250.0,624.0,1.0,32.0,8,133,32027,1,1.0
97,0.0,0.0,3.914,0.0,6.0,4,84.54044056377352,84.54044056377352,pobre,basal,4,0.0,644.0,0.0,48.0,15,133,32028,6,0.0
98,0.0,0.0,3.914,0.0,6.0,4,84.54044056377352,84.54044056377352,pobre,basal,4,0.0,644.0,0.0,48.0,16,133,32028,6,0.0
97,1.0,0.0,3.914,0.0,6.0,4,84.54044056377352,84.54044056377352,pobre,basal,4,0.0,644.0,0.0,48.0,13,133,32029,6,0.0
98,1.0,0.0,3.914,0.0,6.0,4,84.54044056377352,84.54044056377352,pobre,basal,4,0.0,644.0,0.0,48.0,14,133,32029,6,0.0
97,0.0,0.0,3.914,1.0,2.0,4,84.54044056377352,84.54044056377352,pobre,basal,4,0.0,644.0,0.0,48.0,8,133,32030,2,1.0
98,0.0,0.0,3.914,1.0,3.0,4,84.54044056377352,84.54044056377352,pobre,basal,4,0.0,644.0,0.0,48.0,9,133,32030,2,1.0
97,1.0,0.0,3.914,0.0,6.0,5,84.54044056377352,84.54044056377352,no pobre,basal,4,208.33333,717.5,1.0,36.0,16,133,32031,6,0.0
98,1.0,0.0,3.914,,,5,84.54044056377352,84.54044056377352,no pobre,basal,4,208.33333,717.5,1.0,36.0,17,133,32031,6,0.0
97,0.0,0.0,3.914,0.0,6.0,5,84.54044056377352,84.54044056377352,no pobre,basal,4,208.33333,717.5,1.0,36.0,13,133,32032,6,0.0
98,0.0,0.0,3.914,0.0,6.0,5,84.54044056377352,84.54044056377352,no pobre,basal,4,208.33333,717.5,1.0,36.0,14,133,32032,6,0.0
97,0.0,0.0,3.914,1.0,7.0,8,84.54044056377352,84.54044056377352,pobre,basal,3,208.33333,665.0,1.0,43.0,13,133,32033,7,1.0
98,0.0,0.0,3.914,1.0,8.0,8,84.54044056377352,84.54044056377352,pobre,basal,3,208.33333,665.0,1.0,43.0,14,133,32033,7,1.0
97,0.0,0.0,3.914,1.0,3.0,8,84.54044056377352,84.54044056377352,pobre,basal,3,208.33333,665.0,1.0,43.0,9,133,32034,3,1.0
98,0.0,0.0,3.914,1.0,4.0,8,84.54044056377352,84.54044056377352,pobre,basal,3,208.33333,665.0,1.0,43.0,10,133,32034,3,1.0
97,1.0,0.0,3.914,1.0,1.0,8,84.54044056377352,84.54044056377352,pobre,basal,3,208.33333,665.0,1.0,43.0,7,133,32035,1,1.0
98,1.0,0.0,3.914,1.0,2.0,8,84.54044056377352,84.54044056377352,pobre,basal,3,208.33333,665.0,1.0,43.0,8,133,32035,1,1.0
97,0.0,0.0,3.914,1.0,9.0,8,84.54044056377352,84.54044056377352,pobre,basal,3,208.33333,665.0,1.0,43.0,16,133,32036,9,1.0
98,0.0,0.0,3.914,,,8,84.54044056377352,84.54044056377352,pobre,basal,3,208.33333,665.0,1.0,43.0,17,133,32036,9,1.0
97,0.0,0.0,3.914,1.0,8.0,8,84.54044056377352,84.54044056377352,pobre,basal,3,208.33333,665.0,1.0,43.0,14,133,32037,8,1.0
98,0.0,0.0,3.914,,,8,84.54044056377352,84.54044056377352,pobre,basal,3,208.33333,665.0,1.0,43.0,15,133,32037,8,1.0
97,0.0,0.0,3.914,0.0,6.0,6,84.54044056377352,84.54044056377352,no pobre,basal,0,0.0,750.0,0.0,80.0,16,133,32038,6,0.0
98,0.0,0.0,3.914,,,6,84.54044056377352,84.54044056377352,no pobre,basal,0,0.0,750.0,0.0,80.0,17,133,32038,6,0.0
97,1.0,0.0,3.914,1.0,4.0,6,84.54044056377352,84.54044056377352,no pobre,basal,0,0.0,750.0,0.0,80.0,13,133,32039,4,1.0
98,1.0,0.0,3.914,,,6,84.54044056377352,84.54044056377352,no pobre,basal,0,0.0,750.0,0.0,80.0,14,133,32039,4,1.0
97,1.0,1.0,0.0,1.0,1.0,10,149.4942086436585,271.1014163128838,pobre,basal,5,625.0,673.0,1.0,30.0,9,436,32040,1,1.0
98,1.0,1.0,0.0,1.0,2.0,10,149.4942086436585,271.1014163128838,pobre,basal,5,625.0,673.0,1.0,30.0,10,436,32040,1,1.0
97,1.0,1.0,0.0,1.0,0.0,10,149.4942086436585,271.1014163128838,pobre,basal,5,625.0,673.0,1.0,30.0,6,436,32041,0,1.0
98,1.0,1.0,0.0,1.0,0.0,10,149.4942086436585,271.1014163128838,pobre,basal,5,625.0,673.0,1.0,30.0,7,436,32041,0,1.0
97,0.0,0.0,3.914,1.0,1.0,6,84.54044056377352,84.54044056377352,pobre,basal,4,0.0,456.0,1.0,33.0,13,133,32042,1,1.0
98,0.0,0.0,3.914,1.0,2.0,6,84.54044056377352,84.54044056377352,pobre,basal,4,0.0,456.0,1.0,33.0,14,133,32042,1,1.0
97,1.0,0.0,3.914,1.0,3.0,6,84.54044056377352,84.54044056377352,pobre,basal,4,0.0,456.0,1.0,33.0,12,133,32043,3,1.0
98,1.0,0.0,3.914,1.0,4.0,6,84.54044056377352,84.54044056377352,pobre,basal,4,0.0,456.0,1.0,33.0,13,133,32043,3,1.0
97,0.0,0.0,3.914,1.0,2.0,6,84.54044056377352,84.54044056377352,pobre,basal,4,0.0,456.0,1.0,33.0,8,133,32044,2,1.0
98,0.0,0.0,3.914,1.0,2.0,6,84.54044056377352,84.54044056377352,pobre,basal,4,0.0,456.0,1.0,33.0,9,133,32044,2,1.0
97,0.0,0.0,3.914,1.0,2.0,5,84.54044056377352,84.54044056377352,pobre,basal,0,1000.0,465.0,1.0,28.0,8,133,32045,2,1.0
98,0.0,0.0,3.914,1.0,3.0,5,84.54044056377352,84.54044056377352,pobre,basal,0,1000.0,465.0,1.0,28.0,9,133,32045,2,1.0
97,1.0,0.0,3.914,1.0,1.0,5,84.54044056377352,84.54044056377352,pobre,basal,0,1000.0,465.0,1.0,28.0,7,133,32046,1,1.0
98,1.0,0.0,3.914,1.0,3.0,5,84.54044056377352,84.54044056377352,pobre,basal,0,1000.0,465.0,1.0,28.0,8,133,32046,1,1.0
97,1.0,0.0,3.914,1.0,0.0,5,84.54044056377352,84.54044056377352,pobre,basal,0,1000.0,465.0,1.0,28.0,6,133,32047,0,1.0
98,1.0,0.0,3.914,1.0,1.0,5,84.54044056377352,84.54044056377352,pobre,basal,0,1000.0,465.0,1.0,28.0,7,133,32047,0,1.0
97,1.0,0.0,3.914,1.0,0.0,5,84.54044056377352,84.54044056377352,pobre,basal,6,0.0,445.0,1.0,27.0,6,133,32048,0,1.0
98,1.0,0.0,3.914,,,5,84.54044056377352,84.54044056377352,pobre,basal,6,0.0,445.0,1.0,27.0,7,133,32048,0,1.0
97,0.0,0.0,3.914,1.0,1.0,5,84.54044056377352,84.54044056377352,pobre,basal,6,1400.0,573.0,1.0,25.0,6,133,32049,1,1.0
98,0.0,0.0,3.914,1.0,2.0,5,84.54044056377352,84.54044056377352,pobre,basal,6,1400.0,573.0,1.0,25.0,7,133,32049,1,1.0
97,0.0,1.0,0.0,1.0,5.0,7,149.4942086436585,271.1014163128838,pobre,basal,0,500.0,761.5,1.0,59.0,13,436,32050,5,1.0
98,0.0,1.0,0.0,1.0,6.0,7,149.4942086436585,271.1014163128838,pobre,basal,0,500.0,761.5,1.0,59.0,14,436,32050,5,1.0
97,1.0,1.0,0.0,1.0,2.0,7,149.4942086436585,271.1014163128838,pobre,basal,0,500.0,761.5,1.0,59.0,10,436,32051,2,1.0
98,1.0,1.0,0.0,1.0,3.0,7,149.4942086436585,271.1014163128838,pobre,basal,0,500.0,761.5,1.0,59.0,11,436,32051,2,1.0
97,0.0,1.0,0.0,1.0,6.0,6,149.4942086436585,271.1014163128838,pobre,basal,2,500.0,641.0,1.0,55.0,13,436,32052,6,1.0
98,0.0,1.0,0.0,1.0,7.0,6,149.4942086436585,271.1014163128838,pobre,basal,2,500.0,641.0,1.0,55.0,14,436,32052,6,1.0
97,1.0,1.0,0.0,1.0,4.0,6,149.4942086436585,271.1014163128838,pobre,basal,2,500.0,641.0,1.0,55.0,10,436,32053,4,1.0
98,1.0,1.0,0.0,1.0,5.0,6,149.4942086436585,271.1014163128838,pobre,basal,2,500.0,641.0,1.0,55.0,11,436,32053,4,1.0
97,1.0,1.0,0.0,1.0,1.0,6,149.4942086436585,271.1014163128838,pobre,basal,2,500.0,641.0,1.0,55.0,7,436,32054,1,1.0
98,1.0,1.0,0.0,1.0,2.0,6,149.4942086436585,271.1014163128838,pobre,basal,2,500.0,641.0,1.0,55.0,8,436,32054,1,1.0
97,1.0,1.0,0.0,1.0,6.0,5,149.4942086436585,271.1014163128838,pobre,basal,6,625.0,739.0,1.0,36.0,15,436,32055,6,1.0
98,1.0,1.0,0.0,1.0,7.0,5,149.4942086436585,271.1014163128838,pobre,basal,6,625.0,739.0,1.0,36.0,16,436,32055,6,1.0
97,1.0,0.0,0.0,1.0,0.0,5,149.4942086436585,271.1014163128838,pobre,basal,6,625.0,739.0,1.0,36.0,6,436,32056,0,1.0
98,1.0,0.0,0.0,1.0,1.0,5,149.4942086436585,271.1014163128838,pobre,basal,6,625.0,739.0,1.0,36.0,7,436,32056,0,1.0
97,1.0,1.0,0.0,1.0,8.0,7,149.4942086436585,271.1014163128838,pobre,basal,6,500.0,747.5,1.0,42.0,16,436,32057,8,1.0
98,1.0,1.0,0.0,,,7,149.4942086436585,271.1014163128838,pobre,basal,6,500.0,747.5,1.0,42.0,17,436,32057,8,1.0
97,0.0,1.0,0.0,1.0,6.0,7,149.4942086436585,271.1014163128838,pobre,basal,6,500.0,747.5,1.0,42.0,13,436,32058,6,1.0
98,0.0,1.0,0.0,1.0,7.0,7,149.4942086436585,271.1014163128838,pobre,basal,6,500.0,747.5,1.0,42.0,14,436,32058,6,1.0
97,0.0,1.0,0.0,1.0,3.0,7,149.4942086436585,271.1014163128838,pobre,basal,6,500.0,747.5,1.0,42.0,10,436,32059,3,1.0
98,0.0,1.0,0.0,1.0,4.0,7,149.4942086436585,271.1014163128838,pobre,basal,6,500.0,747.5,1.0,42.0,11,436,32059,3,1.0
97,1.0,1.0,0.0,1.0,6.0,6,149.4942086436585,271.1014163128838,pobre,basal,6,0.0,622.0,0.0,44.0,12,436,32060,6,1.0
98,1.0,1.0,0.0,1.0,7.0,6,149.4942086436585,271.1014163128838,pobre,basal,6,0.0,622.0,0.0,44.0,13,436,32060,6,1.0
97,1.0,1.0,0.0,1.0,3.0,6,149.4942086436585,271.1014163128838,pobre,basal,6,0.0,622.0,0.0,44.0,10,436,32061,3,1.0
98,1.0,1.0,0.0,1.0,4.0,6,149.4942086436585,271.1014163128838,pobre,basal,6,0.0,622.0,0.0,44.0,11,436,32061,3,1.0
97,0.0,1.0,0.0,1.0,8.0,5,149.4942086436585,271.1014163128838,no pobre,basal,6,500.0,856.0,1.0,39.0,15,436,32062,8,1.0
98,0.0,1.0,0.0,1.0,9.0,5,149.4942086436585,271.1014163128838,no pobre,basal,6,500.0,856.0,1.0,39.0,16,436,32062,8,1.0
97,0.0,0.0,0.0,1.0,0.0,5,149.4942086436585,271.1014163128838,no pobre,basal,6,500.0,856.0,1.0,39.0,6,436,32063,0,1.0
98,0.0,0.0,0.0,1.0,1.0,5,149.4942086436585,271.1014163128838,no pobre,basal,6,500.0,856.0,1.0,39.0,7,436,32063,0,1.0
97,0.0,1.0,0.0,1.0,5.0,9,149.4942086436585,271.1014163128838,pobre,basal,0,500.0,879.5,1.0,77.0,12,436,32064,5,1.0
98,0.0,1.0,0.0,1.0,6.0,9,149.4942086436585,271.1014163128838,pobre,basal,0,500.0,879.5,1.0,77.0,13,436,32064,5,1.0
97,0.0,1.0,0.0,1.0,2.0,9,149.4942086436585,271.1014163128838,pobre,basal,0,500.0,879.5,1.0,77.0,9,436,32065,2,1.0
98,0.0,1.0,0.0,1.0,3.0,9,149.4942086436585,271.1014163128838,pobre,basal,0,500.0,879.5,1.0,77.0,10,436,32065,2,1.0
97,1.0,1.0,0.0,1.0,0.0,9,149.4942086436585,271.1014163128838,pobre,basal,0,500.0,879.5,1.0,77.0,7,436,32066,0,1.0
98,1.0,1.0,0.0,1.0,1.0,9,149.4942086436585,271.1014163128838,pobre,basal,0,500.0,879.5,1.0,77.0,8,436,32066,0,1.0
97,0.0,1.0,0.0,1.0,6.0,6,149.4942086436585,271.1014163128838,pobre,basal,5,500.0,679.0,1.0,41.0,13,436,32067,6,1.0
98,0.0,1.0,0.0,,,6,149.4942086436585,271.1014163128838,pobre,basal,5,500.0,679.0,1.0,41.0,14,436,32067,6,1.0
97,0.0,1.0,0.0,1.0,1.0,6,149.4942086436585,271.1014163128838,pobre,basal,5,500.0,679.0,1.0,41.0,7,436,32068,1,1.0
98,0.0,1.0,0.0,1.0,1.0,6,149.4942086436585,271.1014163128838,pobre,basal,5,500.0,679.0,1.0,41.0,8,436,32068,1,1.0
97,0.0,1.0,0.0,1.0,0.0,6,149.4942086436585,271.1014163128838,pobre,basal,5,500.0,679.0,1.0,41.0,7,436,32069,0,1.0
98,0.0,1.0,0.0,1.0,1.0,6,149.4942086436585,271.1014163128838,pobre,basal,5,500.0,679.0,1.0,41.0,8,436,32069,0,1.0
97,0.0,1.0,0.0,1.0,9.0,10,149.4942086436585,271.1014163128838,pobre,basal,6,1680.0,735.0,1.0,45.0,15,436,32070,9,1.0
98,0.0,1.0,0.0,1.0,10.0,10,149.4942086436585,271.1014163128838,pobre,basal,6,1680.0,735.0,1.0,45.0,16,436,32070,9,1.0
97,0.0,1.0,0.0,1.0,6.0,10,149.4942086436585,271.1014163128838,pobre,basal,6,1680.0,735.0,1.0,45.0,12,436,32071,6,1.0
98,0.0,1.0,0.0,1.0,7.0,10,149.4942086436585,271.1014163128838,pobre,basal,6,1680.0,735.0,1.0,45.0,13,436,32071,6,1.0
97,0.0,1.0,0.0,1.0,5.0,10,149.4942086436585,271.1014163128838,pobre,basal,6,1680.0,735.0,1.0,45.0,10,436,32072,5,1.0
98,0.0,1.0,0.0,1.0,6.0,10,149.4942086436585,271.1014163128838,pobre,basal,6,1680.0,735.0,1.0,45.0,11,436,32072,5,1.0
97,1.0,1.0,0.0,1.0,3.0,10,149.4942086436585,271.1014163128838,pobre,basal,6,1680.0,735.0,1.0,45.0,9,436,32073,3,1.0
98,1.0,1.0,0.0,1.0,3.0,10,149.4942086436585,271.1014163128838,pobre,basal,6,1680.0,735.0,1.0,45.0,10,436,32073,3,1.0
97,0.0,1.0,0.0,1.0,1.0,10,149.4942086436585,271.1014163128838,pobre,basal,6,1680.0,735.0,1.0,45.0,7,436,32074,1,1.0
98,0.0,1.0,0.0,1.0,2.0,10,149.4942086436585,271.1014163128838,pobre,basal,6,1680.0,735.0,1.0,45.0,8,436,32074,1,1.0
97,0.0,1.0,0.0,1.0,0.0,10,149.4942086436585,271.1014163128838,pobre,basal,6,1680.0,735.0,1.0,45.0,6,436,32075,0,1.0
98,0.0,1.0,0.0,1.0,1.0,10,149.4942086436585,271.1014163128838,pobre,basal,6,1680.0,735.0,1.0,45.0,7,436,32075,0,1.0
97,1.0,1.0,0.0,1.0,8.0,11,149.4942086436585,271.1014163128838,pobre,basal,6,500.0,828.25,1.0,48.0,15,436,32076,8,1.0
98,1.0,1.0,0.0,1.0,9.0,11,149.4942086436585,271.1014163128838,pobre,basal,6,500.0,828.25,1.0,48.0,16,436,32076,8,1.0
97,1.0,1.0,0.0,1.0,5.0,11,149.4942086436585,271.1014163128838,pobre,basal,6,500.0,828.25,1.0,48.0,13,436,32077,5,1.0
98,1.0,1.0,0.0,1.0,6.0,11,149.4942086436585,271.1014163128838,pobre,basal,6,500.0,828.25,1.0,48.0,14,436,32077,5,1.0
97,0.0,1.0,0.0,1.0,2.0,11,149.4942086436585,271.1014163128838,pobre,basal,6,500.0,828.25,1.0,48.0,8,436,32078,2,1.0
98,0.0,1.0,0.0,1.0,2.0,11,149.4942086436585,271.1014163128838,pobre,basal,6,500.0,828.25,1.0,48.0,9,436,32078,2,1.0
97,0.0,1.0,0.0,1.0,0.0,11,149.4942086436585,271.1014163128838,pobre,basal,6,500.0,828.25,1.0,48.0,6,436,32079,0,1.0
98,0.0,1.0,0.0,1.0,1.0,11,149.4942086436585,271.1014163128838,pobre,basal,6,500.0,828.25,1.0,48.0,7,436,32079,0,1.0
97,1.0,1.0,0.0,1.0,8.0,8,149.4942086436585,271.1014163128838,pobre,basal,6,500.0,572.0,1.0,38.0,15,436,32080,8,1.0
98,1.0,1.0,0.0,1.0,9.0,8,149.4942086436585,271.1014163128838,pobre,basal,6,500.0,572.0,1.0,38.0,16,436,32080,8,1.0
97,1.0,1.0,0.0,1.0,5.0,8,149.4942086436585,271.1014163128838,pobre,basal,6,500.0,572.0,1.0,38.0,13,436,32081,5,1.0
98,1.0,1.0,0.0,1.0,6.0,8,149.4942086436585,271.1014163128838,pobre,basal,6,500.0,572.0,1.0,38.0,14,436,32081,5,1.0
97,1.0,1.0,0.0,1.0,2.0,8,149.4942086436585,271.1014163128838,pobre,basal,6,500.0,572.0,1.0,38.0,8,436,32082,2,1.0
98,1.0,1.0,0.0,1.0,3.0,8,149.4942086436585,271.1014163128838,pobre,basal,6,500.0,572.0,1.0,38.0,9,436,32082,2,1.0
97,0.0,1.0,0.0,1.0,0.0,8,149.4942086436585,271.1014163128838,pobre,basal,6,500.0,572.0,1.0,38.0,6,436,32083,0,1.0
98,0.0,1.0,0.0,1.0,1.0,8,149.4942086436585,271.1014163128838,pobre,basal,6,500.0,572.0,1.0,38.0,7,436,32083,0,1.0
97,0.0,0.0,2.3740001,0.0,6.0,4,58.05753879091498,58.05753879091498,no pobre,basal,3,0.0,822.0,1.0,49.0,16,404,32084,6,0.0
98,0.0,0.0,2.3740001,,,4,58.05753879091498,58.05753879091498,no pobre,basal,3,0.0,822.0,1.0,49.0,17,404,32084,6,0.0
97,1.0,0.0,2.3740001,0.0,6.0,4,58.05753879091498,58.05753879091498,no pobre,basal,2,625.0,860.0,1.0,61.0,16,404,32085,6,0.0
98,1.0,0.0,2.3740001,,,4,58.05753879091498,58.05753879091498,no pobre,basal,2,625.0,860.0,1.0,61.0,17,404,32085,6,0.0
97,1.0,0.0,2.3740001,0.0,9.0,5,58.05753879091498,58.05753879091498,no pobre,basal,2,0.0,985.5,1.0,62.0,16,404,32086,9,0.0
98,1.0,0.0,2.3740001,,,5,58.05753879091498,58.05753879091498,no pobre,basal,2,0.0,985.5,1.0,62.0,17,404,32086,9,0.0
97,0.0,0.0,2.3740001,1.0,1.0,5,58.05753879091498,58.05753879091498,no pobre,basal,2,0.0,985.5,1.0,62.0,7,404,32087,1,1.0
98,0.0,0.0,2.3740001,1.0,2.0,5,58.05753879091498,58.05753879091498,no pobre,basal,2,0.0,985.5,1.0,62.0,8,404,32087,1,1.0
97,1.0,0.0,2.3740001,0.0,6.0,10,58.05753879091498,58.05753879091498,no pobre,basal,3,0.0,785.0,0.0,40.0,16,404,32088,6,0.0
98,1.0,0.0,2.3740001,,,10,58.05753879091498,58.05753879091498,no pobre,basal,3,0.0,785.0,0.0,40.0,17,404,32088,6,0.0
97,0.0,0.0,2.3740001,0.0,6.0,10,58.05753879091498,58.05753879091498,no pobre,basal,3,0.0,785.0,0.0,40.0,14,404,32089,6,0.0
98,0.0,0.0,2.3740001,,,10,58.05753879091498,58.05753879091498,no pobre,basal,3,0.0,785.0,0.0,40.0,15,404,32089,6,0.0
97,0.0,0.0,2.3740001,1.0,5.0,10,58.05753879091498,58.05753879091498,no pobre,basal,3,0.0,785.0,0.0,40.0,11,404,32090,5,1.0
98,0.0,0.0,2.3740001,1.0,6.0,10,58.05753879091498,58.05753879091498,no pobre,basal,3,0.0,785.0,0.0,40.0,12,404,32090,5,1.0
97,0.0,0.0,2.3740001,1.0,7.0,4,58.05753879091498,58.05753879091498,pobre,basal,5,1200.0,730.0,0.0,37.0,13,404,32091,7,1.0
98,0.0,0.0,2.3740001,1.0,8.0,4,58.05753879091498,58.05753879091498,pobre,basal,5,1200.0,730.0,0.0,37.0,14,404,32091,7,1.0
97,1.0,0.0,2.3740001,1.0,5.0,4,58.05753879091498,58.05753879091498,pobre,basal,5,1200.0,730.0,0.0,37.0,12,404,32092,5,1.0
98,1.0,0.0,2.3740001,1.0,6.0,4,58.05753879091498,58.05753879091498,pobre,basal,5,1200.0,730.0,0.0,37.0,13,404,32092,5,1.0
97,0.0,0.0,2.3740001,1.0,4.0,4,58.05753879091498,58.05753879091498,pobre,basal,5,1200.0,730.0,0.0,37.0,11,404,32093,4,1.0
98,0.0,0.0,2.3740001,1.0,5.0,4,58.05753879091498,58.05753879091498,pobre,basal,5,1200.0,730.0,0.0,37.0,12,404,32093,4,1.0
97,0.0,0.0,2.3740001,0.0,6.0,5,58.05753879091498,58.05753879091498,no pobre,basal,6,625.0,1016.0,1.0,39.0,15,404,32094,6,0.0
98,0.0,0.0,2.3740001,1.0,6.0,5,58.05753879091498,58.05753879091498,no pobre,basal,6,625.0,1016.0,1.0,39.0,16,404,32094,6,0.0
97,0.0,0.0,2.3740001,0.0,6.0,5,58.05753879091498,58.05753879091498,no pobre,basal,6,625.0,1016.0,1.0,39.0,13,404,32095,6,0.0
98,0.0,0.0,2.3740001,,,5,58.05753879091498,58.05753879091498,no pobre,basal,6,625.0,1016.0,1.0,39.0,14,404,32095,6,0.0
97,0.0,0.0,2.3740001,1.0,0.0,9,58.05753879091498,58.05753879091498,no pobre,basal,2,0.0,901.0,1.0,63.0,7,404,32096,0,1.0
98,0.0,0.0,2.3740001,1.0,1.0,9,58.05753879091498,58.05753879091498,no pobre,basal,2,0.0,901.0,1.0,63.0,8,404,32096,0,1.0
97,0.0,0.0,2.3740001,1.0,5.0,9,58.05753879091498,58.05753879091498,no pobre,basal,2,0.0,901.0,1.0,63.0,11,404,32097,5,1.0
98,0.0,0.0,2.3740001,1.0,6.0,9,58.05753879091498,58.05753879091498,no pobre,basal,2,0.0,901.0,1.0,63.0,12,404,32097,5,1.0
97,1.0,0.0,2.3740001,1.0,3.0,9,58.05753879091498,58.05753879091498,no pobre,basal,2,0.0,901.0,1.0,63.0,9,404,32098,3,1.0
98,1.0,0.0,2.3740001,1.0,4.0,9,58.05753879091498,58.05753879091498,no pobre,basal,2,0.0,901.0,1.0,63.0,10,404,32098,3,1.0
97,0.0,0.0,2.3740001,1.0,1.0,9,58.05753879091498,58.05753879091498,no pobre,basal,2,0.0,901.0,1.0,63.0,7,404,32099,1,1.0
98,0.0,0.0,2.3740001,1.0,2.0,9,58.05753879091498,58.05753879091498,no pobre,basal,2,0.0,901.0,1.0,63.0,8,404,32099,1,1.0
97,0.0,0.0,2.3740001,1.0,2.0,5,58.05753879091498,58.05753879091498,pobre,basal,6,0.0,691.0,1.0,37.0,9,404,32100,2,1.0
98,0.0,0.0,2.3740001,1.0,3.0,5,58.05753879091498,58.05753879091498,pobre,basal,6,0.0,691.0,1.0,37.0,10,404,32100,2,1.0
97,0.0,0.0,2.3740001,1.0,0.0,5,58.05753879091498,58.05753879091498,pobre,basal,6,0.0,691.0,1.0,37.0,7,404,32101,0,1.0
98,0.0,0.0,2.3740001,1.0,1.0,5,58.05753879091498,58.05753879091498,pobre,basal,6,0.0,691.0,1.0,37.0,8,404,32101,0,1.0
97,1.0,0.0,2.3740001,1.0,5.0,4,58.05753879091498,58.05753879091498,pobre,basal,4,625.0,720.0,1.0,39.0,11,404,32102,5,1.0
98,1.0,0.0,2.3740001,1.0,6.0,4,58.05753879091498,58.05753879091498,pobre,basal,4,625.0,720.0,1.0,39.0,12,404,32102,5,1.0
97,1.0,0.0,2.3740001,0.0,6.0,4,58.05753879091498,58.05753879091498,pobre,basal,4,625.0,720.0,1.0,39.0,15,404,32103,6,0.0
98,1.0,0.0,2.3740001,,,4,58.05753879091498,58.05753879091498,pobre,basal,4,625.0,720.0,1.0,39.0,16,404,32103,6,0.0
97,1.0,0.0,2.3740001,1.0,4.0,8,58.05753879091498,58.05753879091498,pobre,basal,1,0.0,710.0,1.0,58.0,11,404,32104,4,1.0
98,1.0,0.0,2.3740001,1.0,5.0,8,58.05753879091498,58.05753879091498,pobre,basal,1,0.0,710.0,1.0,58.0,12,404,32104,4,1.0
97,1.0,0.0,2.3740001,1.0,3.0,8,58.05753879091498,58.05753879091498,pobre,basal,1,0.0,710.0,1.0,58.0,9,404,32105,3,1.0
98,1.0,0.0,2.3740001,1.0,4.0,8,58.05753879091498,58.05753879091498,pobre,basal,1,0.0,710.0,1.0,58.0,10,404,32105,3,1.0
97,0.0,,2.3740001,1.0,1.0,8,58.05753879091498,58.05753879091498,pobre,basal,1,0.0,710.0,1.0,58.0,7,404,32106,1,1.0
98,0.0,,2.3740001,1.0,2.0,8,58.05753879091498,58.05753879091498,pobre,basal,1,0.0,710.0,1.0,58.0,8,404,32106,1,1.0
97,1.0,,2.3740001,1.0,1.0,8,58.05753879091498,58.05753879091498,pobre,basal,1,0.0,710.0,1.0,58.0,7,404,32107,1,1.0
98,1.0,,2.3740001,1.0,2.0,8,58.05753879091498,58.05753879091498,pobre,basal,1,0.0,710.0,1.0,58.0,8,404,32107,1,1.0
97,1.0,0.0,2.3740001,0.0,9.0,6,58.05753879091498,58.05753879091498,pobre,basal,3,625.0,718.0,1.0,42.0,15,404,32108,9,0.0
98,1.0,0.0,2.3740001,0.0,9.0,6,58.05753879091498,58.05753879091498,pobre,basal,3,625.0,718.0,1.0,42.0,16,404,32108,9,0.0
97,0.0,0.0,2.3740001,0.0,6.0,6,58.05753879091498,58.05753879091498,pobre,basal,3,625.0,718.0,1.0,42.0,13,404,32109,6,0.0
98,0.0,0.0,2.3740001,1.0,6.0,6,58.05753879091498,58.05753879091498,pobre,basal,3,625.0,718.0,1.0,42.0,14,404,32109,6,0.0
97,0.0,0.0,2.3740001,0.0,6.0,4,58.05753879091498,58.05753879091498,no pobre,basal,6,375.0,811.0,0.0,34.0,12,404,32110,6,0.0
98,0.0,0.0,2.3740001,0.0,6.0,4,58.05753879091498,58.05753879091498,no pobre,basal,6,375.0,811.0,0.0,34.0,13,404,32110,6,0.0
97,1.0,0.0,2.3740001,1.0,4.0,6,58.05753879091498,58.05753879091498,no pobre,basal,6,875.0,768.0,1.0,28.0,11,404,32111,4,1.0
98,1.0,0.0,2.3740001,1.0,5.0,6,58.05753879091498,58.05753879091498,no pobre,basal,6,875.0,768.0,1.0,28.0,12,404,32111,4,1.0
97,0.0,0.0,2.3740001,1.0,0.0,6,58.05753879091498,58.05753879091498,no pobre,basal,6,875.0,768.0,1.0,28.0,6,404,32112,0,1.0
98,0.0,0.0,2.3740001,1.0,1.0,6,58.05753879091498,58.05753879091498,no pobre,basal,6,875.0,768.0,1.0,28.0,7,404,32112,0,1.0
97,0.0,0.0,2.3740001,1.0,7.0,8,58.05753879091498,58.05753879091498,pobre,basal,0,0.0,698.0,1.0,54.0,15,404,32113,7,1.0
98,0.0,0.0,2.3740001,1.0,8.0,8,58.05753879091498,58.05753879091498,pobre,basal,0,0.0,698.0,1.0,54.0,16,404,32113,7,1.0
97,1.0,0.0,2.3740001,1.0,5.0,8,58.05753879091498,58.05753879091498,pobre,basal,0,0.0,698.0,1.0,54.0,12,404,32114,5,1.0
98,1.0,0.0,2.3740001,1.0,6.0,8,58.05753879091498,58.05753879091498,pobre,basal,0,0.0,698.0,1.0,54.0,13,404,32114,5,1.0
97,1.0,0.0,2.3740001,1.0,3.0,8,58.05753879091498,58.05753879091498,pobre,basal,0,0.0,698.0,1.0,54.0,10,404,32115,3,1.0
98,1.0,0.0,2.3740001,1.0,4.0,8,58.05753879091498,58.05753879091498,pobre,basal,0,0.0,698.0,1.0,54.0,11,404,32115,3,1.0
97,1.0,0.0,2.3740001,1.0,2.0,4,58.05753879091498,58.05753879091498,pobre,basal,6,750.0,864.0,1.0,37.0,9,404,32116,2,1.0
98,1.0,0.0,2.3740001,,,4,58.05753879091498,58.05753879091498,pobre,basal,6,750.0,864.0,1.0,37.0,10,404,32116,2,1.0
97,1.0,0.0,2.3740001,1.0,2.0,4,58.05753879091498,58.05753879091498,pobre,basal,6,750.0,864.0,1.0,37.0,8,404,32117,2,1.0
98,1.0,0.0,2.3740001,,,4,58.05753879091498,58.05753879091498,pobre,basal,6,750.0,864.0,1.0,37.0,9,404,32117,2,1.0
97,0.0,0.0,2.3740001,1.0,6.0,6,58.05753879091498,58.05753879091498,pobre,basal,5,625.0,658.0,1.0,34.0,12,404,32118,6,1.0
98,0.0,0.0,2.3740001,1.0,7.0,6,58.05753879091498,58.05753879091498,pobre,basal,5,625.0,658.0,1.0,34.0,13,404,32118,6,1.0
97,1.0,0.0,2.3740001,1.0,1.0,6,58.05753879091498,58.05753879091498,pobre,basal,5,625.0,658.0,1.0,34.0,7,404,32119,1,1.0
98,1.0,0.0,2.3740001,1.0,2.0,6,58.05753879091498,58.05753879091498,pobre,basal,5,625.0,658.0,1.0,34.0,8,404,32119,1,1.0
97,0.0,0.0,2.3740001,1.0,0.0,6,58.05753879091498,58.05753879091498,pobre,basal,5,625.0,658.0,1.0,34.0,6,404,32120,0,1.0
98,0.0,0.0,2.3740001,1.0,1.0,6,58.05753879091498,58.05753879091498,pobre,basal,5,625.0,658.0,1.0,34.0,7,404,32120,0,1.0
97,1.0,0.0,2.3740001,0.0,6.0,5,58.05753879091498,58.05753879091498,no pobre,basal,2,500.0,820.0,1.0,49.0,12,404,32121,6,0.0
98,1.0,0.0,2.3740001,,,5,58.05753879091498,58.05753879091498,no pobre,basal,2,500.0,820.0,1.0,49.0,13,404,32121,6,0.0
97,1.0,0.0,2.3740001,1.0,9.0,9,58.05753879091498,58.05753879091498,pobre,basal,2,0.0,729.0,0.0,60.0,15,404,32122,9,1.0
98,1.0,0.0,2.3740001,1.0,10.0,9,58.05753879091498,58.05753879091498,pobre,basal,2,0.0,729.0,0.0,60.0,16,404,32122,9,1.0
97,0.0,0.0,2.3740001,1.0,5.0,9,58.05753879091498,58.05753879091498,pobre,basal,2,0.0,729.0,0.0,60.0,11,404,32123,5,1.0
98,0.0,0.0,2.3740001,1.0,6.0,9,58.05753879091498,58.05753879091498,pobre,basal,2,0.0,729.0,0.0,60.0,12,404,32123,5,1.0
97,0.0,0.0,2.3740001,1.0,1.0,9,58.05753879091498,58.05753879091498,pobre,basal,2,0.0,729.0,0.0,60.0,8,404,32124,1,1.0
98,0.0,0.0,2.3740001,1.0,2.0,9,58.05753879091498,58.05753879091498,pobre,basal,2,0.0,729.0,0.0,60.0,9,404,32124,1,1.0
97,0.0,0.0,2.3740001,1.0,0.0,9,58.05753879091498,58.05753879091498,pobre,basal,2,0.0,729.0,0.0,60.0,6,404,32125,0,1.0
98,0.0,0.0,2.3740001,1.0,1.0,9,58.05753879091498,58.05753879091498,pobre,basal,2,0.0,729.0,0.0,60.0,7,404,32125,0,1.0
97,0.0,0.0,4.152,1.0,4.0,9,52.27688165081197,75.3069717543874,no pobre,0,0,0.0,1002.0,1.0,60.0,12,477,32126,4,1.0
98,0.0,0.0,4.152,1.0,,9,52.27688165081197,75.3069717543874,no pobre,0,0,0.0,1002.0,1.0,60.0,13,477,32126,4,1.0
97,1.0,0.0,4.152,0.0,6.0,9,52.27688165081197,75.3069717543874,no pobre,0,0,0.0,1002.0,1.0,60.0,16,477,32127,6,0.0
98,1.0,0.0,4.152,0.0,,9,52.27688165081197,75.3069717543874,no pobre,0,0,0.0,1002.0,1.0,60.0,17,477,32127,6,0.0
97,1.0,1.0,3.8740001,,0.0,9,76.60161660266527,76.60161660266527,pobre,basal,2,833.33331,598.0,1.0,55.0,15,147,32128,0,
98,1.0,1.0,3.8740001,,,9,76.60161660266527,76.60161660266527,pobre,basal,2,833.33331,598.0,1.0,55.0,16,147,32128,0,
97,1.0,0.0,3.8740001,0.0,6.0,9,76.60161660266527,76.60161660266527,pobre,basal,2,833.33331,598.0,1.0,55.0,13,147,32129,6,0.0
98,1.0,0.0,3.8740001,0.0,6.0,9,76.60161660266527,76.60161660266527,pobre,basal,2,833.33331,598.0,1.0,55.0,14,147,32129,6,0.0
97,1.0,0.0,3.8740001,1.0,6.0,9,76.60161660266527,76.60161660266527,pobre,basal,2,833.33331,598.0,1.0,55.0,11,147,32130,6,1.0
98,1.0,0.0,3.8740001,1.0,6.0,9,76.60161660266527,76.60161660266527,pobre,basal,2,833.33331,598.0,1.0,55.0,12,147,32130,6,1.0
97,1.0,0.0,3.8740001,1.0,2.0,9,76.60161660266527,76.60161660266527,pobre,basal,2,833.33331,598.0,1.0,55.0,8,147,32131,2,1.0
98,1.0,0.0,3.8740001,1.0,3.0,9,76.60161660266527,76.60161660266527,pobre,basal,2,833.33331,598.0,1.0,55.0,9,147,32131,2,1.0
97,0.0,0.0,3.8740001,1.0,7.0,9,76.60161660266527,76.60161660266527,pobre,basal,2,833.33331,598.0,1.0,55.0,13,147,32132,7,1.0
98,0.0,0.0,3.8740001,1.0,8.0,9,76.60161660266527,76.60161660266527,pobre,basal,2,833.33331,598.0,1.0,55.0,14,147,32132,7,1.0
97,0.0,0.0,3.8740001,1.0,6.0,3,76.60161660266527,76.60161660266527,pobre,basal,2,0.0,444.0,1.0,39.0,13,147,32133,6,1.0
98,0.0,0.0,3.8740001,1.0,7.0,3,76.60161660266527,76.60161660266527,pobre,basal,2,0.0,444.0,1.0,39.0,14,147,32133,6,1.0
97,0.0,0.0,3.8740001,0.0,6.0,8,76.60161660266527,76.60161660266527,pobre,basal,2,600.0,503.0,0.0,40.0,15,147,32134,6,0.0
98,0.0,0.0,3.8740001,,,8,76.60161660266527,76.60161660266527,pobre,basal,2,600.0,503.0,0.0,40.0,16,147,32134,6,0.0
97,1.0,0.0,3.8740001,0.0,6.0,8,76.60161660266527,76.60161660266527,pobre,basal,2,600.0,503.0,0.0,40.0,14,147,32135,6,0.0
98,1.0,0.0,3.8740001,,,8,76.60161660266527,76.60161660266527,pobre,basal,2,600.0,503.0,0.0,40.0,15,147,32135,6,0.0
97,1.0,0.0,3.8740001,1.0,4.0,8,76.60161660266527,76.60161660266527,pobre,basal,2,600.0,503.0,0.0,40.0,12,147,32136,4,1.0
98,1.0,0.0,3.8740001,1.0,6.0,8,76.60161660266527,76.60161660266527,pobre,basal,2,600.0,503.0,0.0,40.0,13,147,32136,4,1.0
97,0.0,0.0,3.8740001,1.0,2.0,8,76.60161660266527,76.60161660266527,pobre,basal,2,600.0,503.0,0.0,40.0,9,147,32137,2,1.0
98,0.0,0.0,3.8740001,1.0,2.0,8,76.60161660266527,76.60161660266527,pobre,basal,2,600.0,503.0,0.0,40.0,10,147,32137,2,1.0
97,1.0,,3.8740001,1.0,0.0,8,76.60161660266527,76.60161660266527,pobre,basal,2,600.0,503.0,0.0,40.0,6,147,32138,0,1.0
98,1.0,,3.8740001,1.0,1.0,8,76.60161660266527,76.60161660266527,pobre,basal,2,600.0,503.0,0.0,40.0,7,147,32138,0,1.0
97,0.0,0.0,3.8740001,0.0,2.0,3,76.60161660266527,76.60161660266527,pobre,basal,6,875.0,576.0,1.0,20.0,16,147,32139,2,0.0
98,0.0,0.0,3.8740001,,,3,76.60161660266527,76.60161660266527,pobre,basal,6,875.0,576.0,1.0,20.0,17,147,32139,2,0.0
97,1.0,0.0,3.8740001,0.0,6.0,10,76.60161660266527,76.60161660266527,pobre,basal,0,875.0,344.0,1.0,28.0,16,147,32140,6,0.0
98,1.0,0.0,3.8740001,,,10,76.60161660266527,76.60161660266527,pobre,basal,0,875.0,344.0,1.0,28.0,17,147,32140,6,0.0
97,1.0,0.0,3.8740001,1.0,5.0,10,76.60161660266527,76.60161660266527,pobre,basal,0,875.0,344.0,1.0,28.0,13,147,32141,5,1.0
98,1.0,0.0,3.8740001,0.0,6.0,10,76.60161660266527,76.60161660266527,pobre,basal,0,875.0,344.0,1.0,28.0,14,147,32141,5,1.0
97,1.0,0.0,3.8740001,1.0,1.0,10,76.60161660266527,76.60161660266527,pobre,basal,0,875.0,344.0,1.0,28.0,9,147,32142,1,1.0
98,1.0,0.0,3.8740001,1.0,2.0,10,76.60161660266527,76.60161660266527,pobre,basal,0,875.0,344.0,1.0,28.0,10,147,32142,1,1.0
97,1.0,0.0,3.8740001,1.0,1.0,10,76.60161660266527,76.60161660266527,pobre,basal,0,875.0,344.0,1.0,28.0,6,147,32143,1,1.0
98,1.0,0.0,3.8740001,1.0,2.0,10,76.60161660266527,76.60161660266527,pobre,basal,0,875.0,344.0,1.0,28.0,7,147,32143,1,1.0
97,0.0,0.0,3.8740001,1.0,7.0,6,76.60161660266527,76.60161660266527,pobre,basal,6,1600.0,629.0,1.0,33.0,14,147,32144,7,1.0
98,0.0,0.0,3.8740001,1.0,8.0,6,76.60161660266527,76.60161660266527,pobre,basal,6,1600.0,629.0,1.0,33.0,15,147,32144,7,1.0
97,1.0,0.0,3.8740001,1.0,5.0,6,76.60161660266527,76.60161660266527,pobre,basal,6,1600.0,629.0,1.0,33.0,11,147,32145,5,1.0
98,1.0,0.0,3.8740001,1.0,6.0,6,76.60161660266527,76.60161660266527,pobre,basal,6,1600.0,629.0,1.0,33.0,12,147,32145,5,1.0
97,0.0,0.0,3.8740001,1.0,4.0,6,76.60161660266527,76.60161660266527,pobre,basal,6,1600.0,629.0,1.0,33.0,10,147,32146,4,1.0
98,0.0,0.0,3.8740001,1.0,5.0,6,76.60161660266527,76.60161660266527,pobre,basal,6,1600.0,629.0,1.0,33.0,11,147,32146,4,1.0
97,0.0,0.0,3.8740001,1.0,2.0,6,76.60161660266527,76.60161660266527,pobre,basal,6,1600.0,629.0,1.0,33.0,8,147,32147,2,1.0
98,0.0,0.0,3.8740001,1.0,3.0,6,76.60161660266527,76.60161660266527,pobre,basal,6,1600.0,629.0,1.0,33.0,9,147,32147,2,1.0
97,0.0,0.0,3.8740001,0.0,6.0,8,76.60161660266527,76.60161660266527,no pobre,basal,3,83.333336,619.0,1.0,56.0,16,147,32148,6,0.0
98,0.0,0.0,3.8740001,,,8,76.60161660266527,76.60161660266527,no pobre,basal,3,83.333336,619.0,1.0,56.0,17,147,32148,6,0.0
97,1.0,0.0,3.8740001,1.0,5.0,8,76.60161660266527,76.60161660266527,no pobre,basal,3,83.333336,619.0,1.0,56.0,14,147,32149,5,1.0
98,1.0,0.0,3.8740001,1.0,6.0,8,76.60161660266527,76.60161660266527,no pobre,basal,3,83.333336,619.0,1.0,56.0,15,147,32149,5,1.0
97,0.0,0.0,3.8740001,1.0,6.0,8,76.60161660266527,76.60161660266527,no pobre,basal,3,83.333336,619.0,1.0,56.0,13,147,32150,6,1.0
98,0.0,0.0,3.8740001,1.0,7.0,8,76.60161660266527,76.60161660266527,no pobre,basal,3,83.333336,619.0,1.0,56.0,14,147,32150,6,1.0
97,0.0,0.0,3.8740001,1.0,4.0,8,76.60161660266527,76.60161660266527,no pobre,basal,3,83.333336,619.0,1.0,56.0,11,147,32151,4,1.0
98,0.0,0.0,3.8740001,1.0,5.0,8,76.60161660266527,76.60161660266527,no pobre,basal,3,83.333336,619.0,1.0,56.0,12,147,32151,4,1.0
97,1.0,0.0,3.8740001,0.0,8.0,5,76.60161660266527,76.60161660266527,no pobre,basal,0,0.0,616.75,0.0,62.0,16,147,32152,8,0.0
98,1.0,0.0,3.8740001,,,5,76.60161660266527,76.60161660266527,no pobre,basal,0,0.0,616.75,0.0,62.0,17,147,32152,8,0.0
97,1.0,0.0,3.8740001,0.0,6.0,7,76.60161660266527,76.60161660266527,no pobre,basal,0,800.0,578.25,1.0,50.0,15,147,32153,6,0.0
98,1.0,0.0,3.8740001,0.0,6.0,7,76.60161660266527,76.60161660266527,no pobre,basal,0,800.0,578.25,1.0,50.0,16,147,32153,6,0.0
97,0.0,0.0,3.8740001,1.0,6.0,7,76.60161660266527,76.60161660266527,no pobre,basal,0,800.0,578.25,1.0,50.0,13,147,32154,6,1.0
98,0.0,0.0,3.8740001,0.0,6.0,7,76.60161660266527,76.60161660266527,no pobre,basal,0,800.0,578.25,1.0,50.0,14,147,32154,6,1.0
97,0.0,0.0,3.8740001,1.0,4.0,7,76.60161660266527,76.60161660266527,no pobre,basal,0,800.0,578.25,1.0,50.0,10,147,32155,4,1.0
98,0.0,0.0,3.8740001,1.0,5.0,7,76.60161660266527,76.60161660266527,no pobre,basal,0,800.0,578.25,1.0,50.0,11,147,32155,4,1.0
97,0.0,0.0,3.8740001,1.0,6.0,6,76.60161660266527,76.60161660266527,pobre,basal,6,1200.0,560.0,1.0,31.0,12,147,32156,6,1.0
98,0.0,0.0,3.8740001,1.0,7.0,6,76.60161660266527,76.60161660266527,pobre,basal,6,1200.0,560.0,1.0,31.0,13,147,32156,6,1.0
97,1.0,0.0,3.8740001,1.0,2.0,6,76.60161660266527,76.60161660266527,pobre,basal,6,1200.0,560.0,1.0,31.0,9,147,32157,2,1.0
98,1.0,0.0,3.8740001,1.0,3.0,6,76.60161660266527,76.60161660266527,pobre,basal,6,1200.0,560.0,1.0,31.0,10,147,32157,2,1.0
97,0.0,0.0,3.8740001,1.0,0.0,6,76.60161660266527,76.60161660266527,pobre,basal,6,1200.0,560.0,1.0,31.0,6,147,32158,0,1.0
98,0.0,0.0,3.8740001,1.0,1.0,6,76.60161660266527,76.60161660266527,pobre,basal,6,1200.0,560.0,1.0,31.0,7,147,32158,0,1.0
97,0.0,0.0,4.152,1.0,0.0,6,52.27688165081197,75.3069717543874,pobre,0,4,840.0,682.0,1.0,32.0,7,477,32159,0,1.0
98,0.0,0.0,4.152,1.0,0.0,6,52.27688165081197,75.3069717543874,pobre,0,4,840.0,682.0,1.0,32.0,8,477,32159,0,1.0
97,0.0,0.0,4.152,1.0,1.0,6,52.27688165081197,75.3069717543874,pobre,0,4,840.0,682.0,1.0,32.0,7,477,32160,1,1.0
98,0.0,0.0,4.152,1.0,1.0,6,52.27688165081197,75.3069717543874,pobre,0,4,840.0,682.0,1.0,32.0,8,477,32160,1,1.0
97,1.0,0.0,2.3740001,0.0,6.0,7,58.05753879091498,58.05753879091498,pobre,basal,3,625.0,712.0,1.0,38.0,15,404,32161,6,0.0
98,1.0,0.0,2.3740001,,,7,58.05753879091498,58.05753879091498,pobre,basal,3,625.0,712.0,1.0,38.0,16,404,32161,6,0.0
97,1.0,0.0,2.3740001,1.0,3.0,7,58.05753879091498,58.05753879091498,pobre,basal,3,625.0,712.0,1.0,38.0,11,404,32162,3,1.0
98,1.0,0.0,2.3740001,1.0,4.0,7,58.05753879091498,58.05753879091498,pobre,basal,3,625.0,712.0,1.0,38.0,12,404,32162,3,1.0
97,0.0,0.0,2.3740001,1.0,2.0,7,58.05753879091498,58.05753879091498,pobre,basal,3,625.0,712.0,1.0,38.0,8,404,32163,2,1.0
98,0.0,0.0,2.3740001,1.0,3.0,7,58.05753879091498,58.05753879091498,pobre,basal,3,625.0,712.0,1.0,38.0,9,404,32163,2,1.0
97,0.0,0.0,2.3740001,1.0,0.0,4,58.05753879091498,58.05753879091498,pobre,basal,12,625.0,810.0,1.0,28.0,6,404,32164,0,1.0
98,0.0,0.0,2.3740001,1.0,0.0,4,58.05753879091498,58.05753879091498,pobre,basal,12,625.0,810.0,1.0,28.0,7,404,32164,0,1.0
97,1.0,0.0,2.3740001,0.0,5.0,7,58.05753879091498,58.05753879091498,pobre,basal,5,625.0,634.0,1.0,37.0,16,404,32165,5,0.0
98,1.0,0.0,2.3740001,,,7,58.05753879091498,58.05753879091498,pobre,basal,5,625.0,634.0,1.0,37.0,17,404,32165,5,0.0
97,0.0,0.0,2.3740001,0.0,4.0,7,58.05753879091498,58.05753879091498,pobre,basal,5,625.0,634.0,1.0,37.0,14,404,32166,4,0.0
98,0.0,0.0,2.3740001,,,7,58.05753879091498,58.05753879091498,pobre,basal,5,625.0,634.0,1.0,37.0,15,404,32166,4,0.0
97,1.0,0.0,2.3740001,1.0,4.0,7,58.05753879091498,58.05753879091498,pobre,basal,5,625.0,634.0,1.0,37.0,12,404,32167,4,1.0
98,1.0,0.0,2.3740001,1.0,5.0,7,58.05753879091498,58.05753879091498,pobre,basal,5,625.0,634.0,1.0,37.0,13,404,32167,4,1.0
97,1.0,0.0,2.3740001,1.0,0.0,7,58.05753879091498,58.05753879091498,pobre,basal,5,625.0,634.0,1.0,37.0,7,404,32168,0,1.0
98,1.0,0.0,2.3740001,1.0,1.0,7,58.05753879091498,58.05753879091498,pobre,basal,5,625.0,634.0,1.0,37.0,8,404,32168,0,1.0
97,1.0,0.0,2.3740001,0.0,6.0,4,58.05753879091498,58.05753879091498,pobre,basal,6,625.0,772.0,1.0,36.0,16,404,32169,6,0.0
98,1.0,0.0,2.3740001,,,4,58.05753879091498,58.05753879091498,pobre,basal,6,625.0,772.0,1.0,36.0,17,404,32169,6,0.0
97,0.0,0.0,2.3740001,1.0,5.0,4,58.05753879091498,58.05753879091498,pobre,basal,6,625.0,772.0,1.0,36.0,11,404,32170,5,1.0
98,0.0,0.0,2.3740001,1.0,6.0,4,58.05753879091498,58.05753879091498,pobre,basal,6,625.0,772.0,1.0,36.0,12,404,32170,5,1.0
97,0.0,0.0,2.3740001,0.0,6.0,3,58.05753879091498,58.05753879091498,pobre,basal,4,0.0,780.0,1.0,63.0,15,404,32171,6,0.0
98,0.0,0.0,2.3740001,,,3,58.05753879091498,58.05753879091498,pobre,basal,4,0.0,780.0,1.0,63.0,16,404,32171,6,0.0
97,1.0,0.0,2.3740001,1.0,8.0,7,58.05753879091498,58.05753879091498,pobre,basal,4,750.0,760.0,1.0,41.0,15,404,32172,8,1.0
98,1.0,0.0,2.3740001,,,7,58.05753879091498,58.05753879091498,pobre,basal,4,750.0,760.0,1.0,41.0,16,404,32172,8,1.0
97,0.0,0.0,2.3740001,0.0,8.0,7,58.05753879091498,58.05753879091498,pobre,basal,4,750.0,760.0,1.0,41.0,16,404,32173,8,0.0
98,0.0,0.0,2.3740001,,,7,58.05753879091498,58.05753879091498,pobre,basal,4,750.0,760.0,1.0,41.0,17,404,32173,8,0.0
97,0.0,0.0,2.7379999,0.0,6.0,3,115.9450788670059,140.0621186260371,pobre,0,0,320.0,1045.0,0.0,51.0,14,392,32174,6,0.0
98,0.0,0.0,2.7379999,0.0,6.0,3,115.9450788670059,140.0621186260371,pobre,0,0,320.0,1045.0,0.0,51.0,15,392,32174,6,0.0
97,0.0,0.0,2.7379999,1.0,8.0,6,115.9450788670059,140.0621186260371,pobre,0,4,500.0,553.0,1.0,40.0,15,392,32175,8,1.0
98,0.0,0.0,2.7379999,1.0,9.0,6,115.9450788670059,140.0621186260371,pobre,0,4,500.0,553.0,1.0,40.0,16,392,32175,8,1.0
97,0.0,0.0,0.79000002,1.0,5.0,9,132.0614653191013,299.004879149959,pobre,basal,0,200.0,750.0,1.0,55.0,11,443,32176,5,1.0
98,0.0,0.0,0.79000002,1.0,6.0,9,132.0614653191013,299.004879149959,pobre,basal,0,200.0,750.0,1.0,55.0,12,443,32176,5,1.0
97,1.0,1.0,0.79000002,1.0,5.0,4,132.0614653191013,299.004879149959,pobre,basal,0,500.0,669.0,1.0,62.0,11,443,32177,5,1.0
98,1.0,1.0,0.79000002,1.0,6.0,4,132.0614653191013,299.004879149959,pobre,basal,0,500.0,669.0,1.0,62.0,12,443,32177,5,1.0
97,0.0,1.0,0.79000002,1.0,1.0,4,132.0614653191013,299.004879149959,pobre,basal,0,500.0,669.0,1.0,62.0,9,443,32178,1,1.0
98,0.0,1.0,0.79000002,1.0,2.0,4,132.0614653191013,299.004879149959,pobre,basal,0,500.0,669.0,1.0,62.0,10,443,32178,1,1.0
97,1.0,0.0,0.79000002,1.0,2.0,5,132.0614653191013,299.004879149959,pobre,basal,0,400.0,944.0,1.0,66.0,8,443,32179,2,1.0
98,1.0,0.0,0.79000002,1.0,3.0,5,132.0614653191013,299.004879149959,pobre,basal,0,400.0,944.0,1.0,66.0,9,443,32179,2,1.0
97,1.0,0.0,0.79000002,1.0,0.0,5,132.0614653191013,299.004879149959,pobre,basal,0,400.0,944.0,1.0,66.0,6,443,32180,0,1.0
98,1.0,0.0,0.79000002,,,5,132.0614653191013,299.004879149959,pobre,basal,0,400.0,944.0,1.0,66.0,7,443,32180,0,1.0
97,0.0,1.0,0.79000002,1.0,9.0,5,132.0614653191013,299.004879149959,pobre,basal,5,400.0,761.0,1.0,51.0,16,443,32181,9,1.0
98,0.0,1.0,0.79000002,1.0,10.0,5,132.0614653191013,299.004879149959,pobre,basal,5,400.0,761.0,1.0,51.0,17,443,32181,9,1.0
97,1.0,1.0,0.79000002,1.0,7.0,5,132.0614653191013,299.004879149959,pobre,basal,5,400.0,761.0,1.0,51.0,14,443,32182,7,1.0
98,1.0,1.0,0.79000002,1.0,8.0,5,132.0614653191013,299.004879149959,pobre,basal,5,400.0,761.0,1.0,51.0,15,443,32182,7,1.0
97,1.0,1.0,0.79000002,1.0,4.0,5,132.0614653191013,299.004879149959,pobre,basal,5,400.0,761.0,1.0,51.0,10,443,32183,4,1.0
98,1.0,1.0,0.79000002,1.0,5.0,5,132.0614653191013,299.004879149959,pobre,basal,5,400.0,761.0,1.0,51.0,11,443,32183,4,1.0
97,1.0,1.0,0.79000002,1.0,6.0,4,132.0614653191013,299.004879149959,pobre,basal,1,400.0,815.0,1.0,53.0,12,443,32184,6,1.0
98,1.0,1.0,0.79000002,1.0,,4,132.0614653191013,299.004879149959,pobre,basal,1,400.0,815.0,1.0,53.0,13,443,32184,6,1.0
97,1.0,1.0,0.79000002,1.0,5.0,4,132.0614653191013,299.004879149959,pobre,basal,1,400.0,815.0,1.0,53.0,10,443,32185,5,1.0
98,1.0,1.0,0.79000002,1.0,,4,132.0614653191013,299.004879149959,pobre,basal,1,400.0,815.0,1.0,53.0,11,443,32185,5,1.0
97,0.0,1.0,0.79000002,1.0,4.0,4,132.0614653191013,299.004879149959,pobre,basal,6,320.0,708.0,1.0,28.0,10,443,32186,4,1.0
98,0.0,1.0,0.79000002,1.0,5.0,4,132.0614653191013,299.004879149959,pobre,basal,6,320.0,708.0,1.0,28.0,11,443,32186,4,1.0
97,1.0,1.0,0.79000002,0.0,9.0,6,132.0614653191013,299.004879149959,pobre,basal,4,100.0,797.0,1.0,55.0,16,443,32187,9,0.0
98,1.0,1.0,0.79000002,,,6,132.0614653191013,299.004879149959,pobre,basal,4,100.0,797.0,1.0,55.0,17,443,32187,9,0.0
97,1.0,1.0,0.79000002,1.0,8.0,6,132.0614653191013,299.004879149959,pobre,basal,4,100.0,797.0,1.0,55.0,14,443,32188,8,1.0
98,1.0,1.0,0.79000002,0.0,9.0,6,132.0614653191013,299.004879149959,pobre,basal,4,100.0,797.0,1.0,55.0,15,443,32188,8,1.0
97,1.0,1.0,0.79000002,1.0,6.0,6,132.0614653191013,299.004879149959,pobre,basal,4,100.0,797.0,1.0,55.0,13,443,32189,6,1.0
98,1.0,1.0,0.79000002,1.0,7.0,6,132.0614653191013,299.004879149959,pobre,basal,4,100.0,797.0,1.0,55.0,14,443,32189,6,1.0
97,1.0,0.0,2.3740001,1.0,2.0,6,58.05753879091498,58.05753879091498,pobre,basal,3,750.0,612.0,1.0,33.0,9,404,32190,2,1.0
98,1.0,0.0,2.3740001,1.0,2.0,6,58.05753879091498,58.05753879091498,pobre,basal,3,750.0,612.0,1.0,33.0,10,404,32190,2,1.0
97,0.0,0.0,2.3740001,1.0,0.0,6,58.05753879091498,58.05753879091498,pobre,basal,3,750.0,612.0,1.0,33.0,6,404,32191,0,1.0
98,0.0,0.0,2.3740001,1.0,1.0,6,58.05753879091498,58.05753879091498,pobre,basal,3,750.0,612.0,1.0,33.0,7,404,32191,0,1.0
97,0.0,0.0,2.3740001,1.0,10.0,14,58.05753879091498,58.05753879091498,no pobre,basal,3,400.0,851.0,1.0,63.0,14,404,32192,10,1.0
98,0.0,0.0,2.3740001,1.0,7.0,14,58.05753879091498,58.05753879091498,no pobre,basal,3,400.0,851.0,1.0,63.0,15,404,32192,10,1.0
97,0.0,0.0,2.3740001,1.0,5.0,14,58.05753879091498,58.05753879091498,no pobre,basal,3,400.0,851.0,1.0,63.0,11,404,32193,5,1.0
98,0.0,0.0,2.3740001,1.0,6.0,14,58.05753879091498,58.05753879091498,no pobre,basal,3,400.0,851.0,1.0,63.0,12,404,32193,5,1.0
97,0.0,0.0,2.3740001,1.0,5.0,6,58.05753879091498,58.05753879091498,pobre,basal,6,500.0,666.0,1.0,35.0,11,404,32194,5,1.0
98,0.0,0.0,2.3740001,1.0,6.0,6,58.05753879091498,58.05753879091498,pobre,basal,6,500.0,666.0,1.0,35.0,12,404,32194,5,1.0
97,1.0,0.0,2.3740001,1.0,3.0,6,58.05753879091498,58.05753879091498,pobre,basal,6,500.0,666.0,1.0,35.0,10,404,32195,3,1.0
98,1.0,0.0,2.3740001,1.0,4.0,6,58.05753879091498,58.05753879091498,pobre,basal,6,500.0,666.0,1.0,35.0,11,404,32195,3,1.0
97,1.0,0.0,2.3740001,1.0,1.0,6,58.05753879091498,58.05753879091498,pobre,basal,6,500.0,666.0,1.0,35.0,8,404,32196,1,1.0
98,1.0,0.0,2.3740001,1.0,2.0,6,58.05753879091498,58.05753879091498,pobre,basal,6,500.0,666.0,1.0,35.0,9,404,32196,1,1.0
97,0.0,0.0,2.3740001,1.0,0.0,6,58.05753879091498,58.05753879091498,pobre,basal,6,500.0,666.0,1.0,35.0,6,404,32197,0,1.0
98,0.0,0.0,2.3740001,1.0,1.0,6,58.05753879091498,58.05753879091498,pobre,basal,6,500.0,666.0,1.0,35.0,7,404,32197,0,1.0
97,1.0,0.0,2.3740001,0.0,6.0,4,58.05753879091498,58.05753879091498,pobre,basal,1,625.0,799.0,1.0,65.0,15,404,32198,6,0.0
98,1.0,0.0,2.3740001,0.0,6.0,4,58.05753879091498,58.05753879091498,pobre,basal,1,625.0,799.0,1.0,65.0,16,404,32198,6,0.0
97,0.0,0.0,2.3740001,1.0,0.0,6,58.05753879091498,58.05753879091498,pobre,basal,3,625.0,613.0,1.0,32.0,8,404,32199,0,1.0
98,0.0,0.0,2.3740001,1.0,1.0,6,58.05753879091498,58.05753879091498,pobre,basal,3,625.0,613.0,1.0,32.0,9,404,32199,0,1.0
97,1.0,0.0,2.3740001,1.0,2.0,7,58.05753879091498,58.05753879091498,pobre,basal,3,0.0,781.0,1.0,42.0,8,404,32200,2,1.0
98,1.0,0.0,2.3740001,1.0,3.0,7,58.05753879091498,58.05753879091498,pobre,basal,3,0.0,781.0,1.0,42.0,9,404,32200,2,1.0
97,1.0,0.0,2.3740001,1.0,2.0,7,58.05753879091498,58.05753879091498,pobre,basal,3,0.0,781.0,1.0,42.0,7,404,32201,2,1.0
98,1.0,0.0,2.3740001,1.0,1.0,7,58.05753879091498,58.05753879091498,pobre,basal,3,0.0,781.0,1.0,42.0,8,404,32201,2,1.0
97,0.0,0.0,2.3740001,1.0,6.0,5,58.05753879091498,58.05753879091498,pobre,basal,1,0.0,863.0,0.0,61.0,12,404,32202,6,1.0
98,0.0,0.0,2.3740001,1.0,7.0,5,58.05753879091498,58.05753879091498,pobre,basal,1,0.0,863.0,0.0,61.0,13,404,32202,6,1.0
97,1.0,0.0,2.3740001,1.0,1.0,5,58.05753879091498,58.05753879091498,pobre,basal,1,0.0,863.0,0.0,61.0,7,404,32203,1,1.0
98,1.0,0.0,2.3740001,1.0,2.0,5,58.05753879091498,58.05753879091498,pobre,basal,1,0.0,863.0,0.0,61.0,8,404,32203,1,1.0
97,0.0,0.0,2.3740001,1.0,6.0,5,58.05753879091498,58.05753879091498,pobre,basal,1,0.0,863.0,0.0,61.0,12,404,32204,6,1.0
98,0.0,0.0,2.3740001,1.0,7.0,5,58.05753879091498,58.05753879091498,pobre,basal,1,0.0,863.0,0.0,61.0,13,404,32204,6,1.0
97,0.0,0.0,2.3740001,1.0,7.0,4,58.05753879091498,58.05753879091498,pobre,basal,3,500.0,838.0,1.0,55.0,16,404,32205,7,1.0
98,0.0,0.0,2.3740001,,,4,58.05753879091498,58.05753879091498,pobre,basal,3,500.0,838.0,1.0,55.0,17,404,32205,7,1.0
97,0.0,0.0,2.3740001,1.0,8.0,4,58.05753879091498,58.05753879091498,pobre,basal,3,500.0,838.0,1.0,55.0,14,404,32206,8,1.0
98,0.0,0.0,2.3740001,,,4,58.05753879091498,58.05753879091498,pobre,basal,3,500.0,838.0,1.0,55.0,15,404,32206,8,1.0
97,0.0,0.0,2.3740001,0.0,9.0,6,58.05753879091498,58.05753879091498,no pobre,basal,6,1000.0,921.0,1.0,39.0,16,404,32207,9,0.0
98,0.0,0.0,2.3740001,,,6,58.05753879091498,58.05753879091498,no pobre,basal,6,1000.0,921.0,1.0,39.0,17,404,32207,9,0.0
97,1.0,0.0,2.3740001,1.0,8.0,6,58.05753879091498,58.05753879091498,no pobre,basal,6,1000.0,921.0,1.0,39.0,15,404,32208,8,1.0
98,1.0,0.0,2.3740001,0.0,9.0,6,58.05753879091498,58.05753879091498,no pobre,basal,6,1000.0,921.0,1.0,39.0,16,404,32208,8,1.0
97,0.0,0.0,2.3740001,0.0,6.0,5,58.05753879091498,58.05753879091498,pobre,basal,1,500.0,677.0,1.0,61.0,16,404,32209,6,0.0
98,0.0,0.0,2.3740001,,,5,58.05753879091498,58.05753879091498,pobre,basal,1,500.0,677.0,1.0,61.0,17,404,32209,6,0.0
97,1.0,0.0,2.3740001,0.0,3.0,5,58.05753879091498,58.05753879091498,pobre,basal,1,500.0,677.0,1.0,61.0,9,404,32210,3,0.0
98,1.0,0.0,2.3740001,1.0,4.0,5,58.05753879091498,58.05753879091498,pobre,basal,1,500.0,677.0,1.0,61.0,10,404,32210,3,0.0
97,1.0,0.0,2.3740001,1.0,5.0,11,58.05753879091498,58.05753879091498,no pobre,basal,4,625.0,783.0,1.0,77.0,12,404,32211,5,1.0
98,1.0,0.0,2.3740001,1.0,6.0,11,58.05753879091498,58.05753879091498,no pobre,basal,4,625.0,783.0,1.0,77.0,13,404,32211,5,1.0
97,0.0,0.0,2.3740001,1.0,3.0,11,58.05753879091498,58.05753879091498,no pobre,basal,4,625.0,783.0,1.0,77.0,11,404,32212,3,1.0
98,0.0,0.0,2.3740001,1.0,5.0,11,58.05753879091498,58.05753879091498,no pobre,basal,4,625.0,783.0,1.0,77.0,12,404,32212,3,1.0
97,0.0,0.0,2.3740001,1.0,2.0,11,58.05753879091498,58.05753879091498,no pobre,basal,4,625.0,783.0,1.0,77.0,10,404,32213,2,1.0
98,0.0,0.0,2.3740001,1.0,3.0,11,58.05753879091498,58.05753879091498,no pobre,basal,4,625.0,783.0,1.0,77.0,11,404,32213,2,1.0
97,0.0,0.0,2.3740001,1.0,0.0,11,58.05753879091498,58.05753879091498,no pobre,basal,4,625.0,783.0,1.0,77.0,6,404,32214,0,1.0
98,0.0,0.0,2.3740001,1.0,1.0,11,58.05753879091498,58.05753879091498,no pobre,basal,4,625.0,783.0,1.0,77.0,7,404,32214,0,1.0
97,1.0,0.0,2.3740001,1.0,7.0,7,58.05753879091498,58.05753879091498,pobre,basal,2,625.0,736.0,1.0,46.0,13,404,32215,7,1.0
98,1.0,0.0,2.3740001,1.0,8.0,7,58.05753879091498,58.05753879091498,pobre,basal,2,625.0,736.0,1.0,46.0,14,404,32215,7,1.0
97,0.0,0.0,2.3740001,1.0,5.0,7,58.05753879091498,58.05753879091498,pobre,basal,2,625.0,736.0,1.0,46.0,11,404,32216,5,1.0
98,0.0,0.0,2.3740001,1.0,6.0,7,58.05753879091498,58.05753879091498,pobre,basal,2,625.0,736.0,1.0,46.0,12,404,32216,5,1.0
97,1.0,0.0,2.3740001,1.0,4.0,5,58.05753879091498,58.05753879091498,pobre,basal,6,625.0,671.0,1.0,37.0,13,404,32217,4,1.0
98,1.0,0.0,2.3740001,1.0,5.0,5,58.05753879091498,58.05753879091498,pobre,basal,6,625.0,671.0,1.0,37.0,14,404,32217,4,1.0
97,0.0,0.0,2.3740001,1.0,3.0,5,58.05753879091498,58.05753879091498,pobre,basal,6,625.0,671.0,1.0,37.0,12,404,32218,3,1.0
98,0.0,0.0,2.3740001,1.0,4.0,5,58.05753879091498,58.05753879091498,pobre,basal,6,625.0,671.0,1.0,37.0,13,404,32218,3,1.0
97,0.0,1.0,0.0,1.0,6.0,5,134.7560732061176,285.4250077588848,pobre,basal,9,500.0,755.0,1.0,42.0,16,431,32219,6,1.0
98,0.0,1.0,0.0,1.0,7.0,5,134.7560732061176,285.4250077588848,pobre,basal,9,500.0,755.0,1.0,42.0,17,431,32219,6,1.0
97,1.0,1.0,0.0,1.0,1.0,5,134.7560732061176,285.4250077588848,pobre,basal,9,500.0,755.0,1.0,42.0,7,431,32220,1,1.0
98,1.0,1.0,0.0,1.0,2.0,5,134.7560732061176,285.4250077588848,pobre,basal,9,500.0,755.0,1.0,42.0,8,431,32220,1,1.0
97,0.0,1.0,0.0,1.0,3.0,7,134.7560732061176,285.4250077588848,pobre,basal,4,500.0,829.5,1.0,55.0,9,431,32221,3,1.0
98,0.0,1.0,0.0,1.0,4.0,7,134.7560732061176,285.4250077588848,pobre,basal,4,500.0,829.5,1.0,55.0,10,431,32221,3,1.0
97,1.0,1.0,0.0,1.0,0.0,8,134.7560732061176,285.4250077588848,pobre,basal,6,500.0,609.0,1.0,27.0,6,431,32222,0,1.0
98,1.0,1.0,0.0,1.0,1.0,8,134.7560732061176,285.4250077588848,pobre,basal,6,500.0,609.0,1.0,27.0,7,431,32222,0,1.0
97,0.0,1.0,0.0,1.0,0.0,6,134.7560732061176,285.4250077588848,pobre,basal,2,500.0,781.0,1.0,59.0,6,431,32223,0,1.0
98,0.0,1.0,0.0,1.0,1.0,6,134.7560732061176,285.4250077588848,pobre,basal,2,500.0,781.0,1.0,59.0,7,431,32223,0,1.0
97,1.0,1.0,0.0,0.0,4.0,8,134.7560732061176,285.4250077588848,pobre,basal,6,375.0,549.0,1.0,33.0,12,431,32224,4,0.0
98,1.0,1.0,0.0,1.0,5.0,8,134.7560732061176,285.4250077588848,pobre,basal,6,375.0,549.0,1.0,33.0,13,431,32224,4,0.0
97,0.0,1.0,0.0,0.0,4.0,8,134.7560732061176,285.4250077588848,pobre,basal,6,375.0,549.0,1.0,33.0,10,431,32225,4,0.0
98,0.0,1.0,0.0,1.0,5.0,8,134.7560732061176,285.4250077588848,pobre,basal,6,375.0,549.0,1.0,33.0,11,431,32225,4,0.0
97,0.0,1.0,0.0,1.0,2.0,8,134.7560732061176,285.4250077588848,pobre,basal,6,375.0,549.0,1.0,33.0,8,431,32226,2,1.0
98,0.0,1.0,0.0,1.0,3.0,8,134.7560732061176,285.4250077588848,pobre,basal,6,375.0,549.0,1.0,33.0,9,431,32226,2,1.0
97,0.0,1.0,0.0,1.0,0.0,8,134.7560732061176,285.4250077588848,pobre,basal,6,375.0,549.0,1.0,33.0,6,431,32227,0,1.0
98,0.0,1.0,0.0,1.0,1.0,8,134.7560732061176,285.4250077588848,pobre,basal,6,375.0,549.0,1.0,33.0,7,431,32227,0,1.0
97,0.0,1.0,0.0,1.0,3.0,8,134.7560732061176,285.4250077588848,pobre,basal,4,500.0,707.0,1.0,42.0,10,431,32228,3,1.0
98,0.0,1.0,0.0,1.0,4.0,8,134.7560732061176,285.4250077588848,pobre,basal,4,500.0,707.0,1.0,42.0,11,431,32228,3,1.0
97,0.0,1.0,0.0,1.0,2.0,8,134.7560732061176,285.4250077588848,pobre,basal,4,500.0,707.0,1.0,42.0,9,431,32229,2,1.0
98,0.0,1.0,0.0,1.0,2.0,8,134.7560732061176,285.4250077588848,pobre,basal,4,500.0,707.0,1.0,42.0,10,431,32229,2,1.0
97,0.0,1.0,0.0,1.0,1.0,8,134.7560732061176,285.4250077588848,pobre,basal,4,500.0,707.0,1.0,42.0,7,431,32230,1,1.0
98,0.0,1.0,0.0,1.0,2.0,8,134.7560732061176,285.4250077588848,pobre,basal,4,500.0,707.0,1.0,42.0,8,431,32230,1,1.0
97,0.0,1.0,0.0,1.0,8.0,7,134.7560732061176,285.4250077588848,pobre,basal,6,500.0,665.0,1.0,36.0,14,431,32231,8,1.0
98,0.0,1.0,0.0,,,7,134.7560732061176,285.4250077588848,pobre,basal,6,500.0,665.0,1.0,36.0,15,431,32231,8,1.0
97,0.0,1.0,0.0,1.0,8.0,7,134.7560732061176,285.4250077588848,pobre,basal,6,500.0,665.0,1.0,36.0,14,431,32232,8,1.0
98,0.0,1.0,0.0,0.0,9.0,7,134.7560732061176,285.4250077588848,pobre,basal,6,500.0,665.0,1.0,36.0,15,431,32232,8,1.0
97,0.0,1.0,0.0,1.0,5.0,7,134.7560732061176,285.4250077588848,pobre,basal,6,500.0,665.0,1.0,36.0,12,431,32233,5,1.0
98,0.0,1.0,0.0,1.0,6.0,7,134.7560732061176,285.4250077588848,pobre,basal,6,500.0,665.0,1.0,36.0,13,431,32233,5,1.0
97,1.0,1.0,0.0,1.0,3.0,7,134.7560732061176,285.4250077588848,pobre,basal,6,500.0,665.0,1.0,36.0,10,431,32234,3,1.0
98,1.0,1.0,0.0,1.0,4.0,7,134.7560732061176,285.4250077588848,pobre,basal,6,500.0,665.0,1.0,36.0,11,431,32234,3,1.0
97,0.0,1.0,0.0,1.0,2.0,6,134.7560732061176,285.4250077588848,pobre,basal,9,500.0,637.0,1.0,30.0,8,431,32235,2,1.0
98,0.0,1.0,0.0,1.0,3.0,6,134.7560732061176,285.4250077588848,pobre,basal,9,500.0,637.0,1.0,30.0,9,431,32235,2,1.0
97,0.0,1.0,0.0,1.0,0.0,6,134.7560732061176,285.4250077588848,pobre,basal,9,500.0,637.0,1.0,30.0,6,431,32236,0,1.0
98,0.0,1.0,0.0,1.0,1.0,6,134.7560732061176,285.4250077588848,pobre,basal,9,500.0,637.0,1.0,30.0,7,431,32236,0,1.0
97,0.0,1.0,4.302,1.0,3.0,4,141.8934480113655,284.1669175236383,pobre,basal,3,50.0,729.0,1.0,54.0,9,434,32237,3,1.0
98,0.0,1.0,4.302,1.0,4.0,4,141.8934480113655,284.1669175236383,pobre,basal,3,50.0,729.0,1.0,54.0,10,434,32237,3,1.0
97,1.0,1.0,4.302,1.0,0.0,4,141.8934480113655,284.1669175236383,pobre,basal,3,50.0,729.0,1.0,54.0,6,434,32238,0,1.0
98,1.0,1.0,4.302,1.0,1.0,4,141.8934480113655,284.1669175236383,pobre,basal,3,50.0,729.0,1.0,54.0,7,434,32238,0,1.0
97,0.0,1.0,4.302,1.0,8.0,5,141.8934480113655,284.1669175236383,pobre,basal,2,500.0,703.0,1.0,48.0,14,434,32239,8,1.0
98,0.0,1.0,4.302,1.0,9.0,5,141.8934480113655,284.1669175236383,pobre,basal,2,500.0,703.0,1.0,48.0,15,434,32239,8,1.0
97,1.0,1.0,4.302,1.0,5.0,5,141.8934480113655,284.1669175236383,pobre,basal,2,500.0,703.0,1.0,48.0,11,434,32240,5,1.0
98,1.0,1.0,4.302,1.0,6.0,5,141.8934480113655,284.1669175236383,pobre,basal,2,500.0,703.0,1.0,48.0,12,434,32240,5,1.0
97,0.0,1.0,4.302,1.0,0.0,5,141.8934480113655,284.1669175236383,pobre,basal,2,500.0,703.0,1.0,48.0,7,434,32241,0,1.0
98,0.0,1.0,4.302,1.0,0.0,5,141.8934480113655,284.1669175236383,pobre,basal,2,500.0,703.0,1.0,48.0,8,434,32241,0,1.0
97,0.0,1.0,4.302,1.0,4.0,5,141.8934480113655,284.1669175236383,pobre,basal,3,800.0,955.5,0.0,60.0,11,434,32242,4,1.0
98,0.0,1.0,4.302,1.0,5.0,5,141.8934480113655,284.1669175236383,pobre,basal,3,800.0,955.5,0.0,60.0,12,434,32242,4,1.0
97,0.0,1.0,4.302,1.0,4.0,5,141.8934480113655,284.1669175236383,pobre,basal,2,625.0,706.0,1.0,50.0,11,434,32243,4,1.0
98,0.0,1.0,4.302,1.0,5.0,5,141.8934480113655,284.1669175236383,pobre,basal,2,625.0,706.0,1.0,50.0,12,434,32243,4,1.0
97,0.0,1.0,4.302,1.0,2.0,5,141.8934480113655,284.1669175236383,pobre,basal,2,625.0,706.0,1.0,50.0,8,434,32244,2,1.0
98,0.0,1.0,4.302,1.0,3.0,5,141.8934480113655,284.1669175236383,pobre,basal,2,625.0,706.0,1.0,50.0,9,434,32244,2,1.0
97,1.0,1.0,4.302,1.0,0.0,5,141.8934480113655,284.1669175236383,pobre,basal,2,625.0,706.0,1.0,50.0,6,434,32245,0,1.0
98,1.0,1.0,4.302,1.0,0.0,5,141.8934480113655,284.1669175236383,pobre,basal,2,625.0,706.0,1.0,50.0,7,434,32245,0,1.0
97,1.0,1.0,4.302,1.0,3.0,4,141.8934480113655,284.1669175236383,pobre,basal,4,625.0,770.0,1.0,53.0,10,434,32246,3,1.0
98,1.0,1.0,4.302,1.0,4.0,4,141.8934480113655,284.1669175236383,pobre,basal,4,625.0,770.0,1.0,53.0,11,434,32246,3,1.0
97,1.0,1.0,4.302,1.0,8.0,7,141.8934480113655,284.1669175236383,pobre,basal,0,0.0,627.0,1.0,76.0,15,434,32247,8,1.0
98,1.0,1.0,4.302,1.0,9.0,7,141.8934480113655,284.1669175236383,pobre,basal,0,0.0,627.0,1.0,76.0,16,434,32247,8,1.0
97,0.0,1.0,4.302,1.0,5.0,4,141.8934480113655,284.1669175236383,pobre,basal,4,0.0,733.0,0.0,46.0,11,434,32248,5,1.0
98,0.0,1.0,4.302,1.0,6.0,4,141.8934480113655,284.1669175236383,pobre,basal,4,0.0,733.0,0.0,46.0,12,434,32248,5,1.0
97,1.0,1.0,4.302,1.0,3.0,4,141.8934480113655,284.1669175236383,pobre,basal,4,0.0,733.0,0.0,46.0,9,434,32249,3,1.0
98,1.0,1.0,4.302,1.0,4.0,4,141.8934480113655,284.1669175236383,pobre,basal,4,0.0,733.0,0.0,46.0,10,434,32249,3,1.0
97,1.0,1.0,4.302,0.0,9.0,3,141.8934480113655,284.1669175236383,pobre,basal,4,625.0,811.0,1.0,53.0,14,434,32250,9,0.0
98,1.0,1.0,4.302,0.0,9.0,3,141.8934480113655,284.1669175236383,pobre,basal,4,625.0,811.0,1.0,53.0,15,434,32250,9,0.0
97,1.0,1.0,4.302,1.0,6.0,6,141.8934480113655,284.1669175236383,pobre,basal,0,500.0,608.0,1.0,67.0,16,434,32251,6,1.0
98,1.0,1.0,4.302,,,6,141.8934480113655,284.1669175236383,pobre,basal,0,500.0,608.0,1.0,67.0,17,434,32251,6,1.0
97,0.0,1.0,4.302,1.0,4.0,6,141.8934480113655,284.1669175236383,pobre,basal,0,500.0,608.0,1.0,67.0,11,434,32252,4,1.0
98,0.0,1.0,4.302,1.0,5.0,6,141.8934480113655,284.1669175236383,pobre,basal,0,500.0,608.0,1.0,67.0,12,434,32252,4,1.0
97,0.0,1.0,4.302,1.0,2.0,6,141.8934480113655,284.1669175236383,pobre,basal,0,500.0,608.0,1.0,67.0,9,434,32253,2,1.0
98,0.0,1.0,4.302,1.0,3.0,6,141.8934480113655,284.1669175236383,pobre,basal,0,500.0,608.0,1.0,67.0,10,434,32253,2,1.0
97,1.0,1.0,4.302,1.0,0.0,6,141.8934480113655,284.1669175236383,pobre,basal,6,500.0,605.0,1.0,27.0,7,434,32254,0,1.0
98,1.0,1.0,4.302,1.0,1.0,6,141.8934480113655,284.1669175236383,pobre,basal,6,500.0,605.0,1.0,27.0,8,434,32254,0,1.0
97,1.0,1.0,4.302,1.0,7.0,5,141.8934480113655,284.1669175236383,pobre,basal,2,625.0,680.0,1.0,58.0,16,434,32255,7,1.0
98,1.0,1.0,4.302,,,5,141.8934480113655,284.1669175236383,pobre,basal,2,625.0,680.0,1.0,58.0,17,434,32255,7,1.0
97,1.0,1.0,4.302,1.0,4.0,5,141.8934480113655,284.1669175236383,pobre,basal,5,625.0,695.0,1.0,39.0,11,434,32256,4,1.0
98,1.0,1.0,4.302,1.0,5.0,5,141.8934480113655,284.1669175236383,pobre,basal,5,625.0,695.0,1.0,39.0,12,434,32256,4,1.0
97,1.0,1.0,4.302,1.0,1.0,5,141.8934480113655,284.1669175236383,pobre,basal,5,625.0,695.0,1.0,39.0,7,434,32257,1,1.0
98,1.0,1.0,4.302,1.0,1.0,5,141.8934480113655,284.1669175236383,pobre,basal,5,625.0,695.0,1.0,39.0,8,434,32257,1,1.0
97,0.0,1.0,4.302,1.0,7.0,8,141.8934480113655,284.1669175236383,pobre,basal,1,625.0,444.0,1.0,36.0,15,434,32258,7,1.0
98,0.0,1.0,4.302,1.0,8.0,8,141.8934480113655,284.1669175236383,pobre,basal,1,625.0,444.0,1.0,36.0,16,434,32258,7,1.0
97,0.0,1.0,4.302,1.0,4.0,8,141.8934480113655,284.1669175236383,pobre,basal,1,625.0,444.0,1.0,36.0,12,434,32259,4,1.0
98,0.0,1.0,4.302,1.0,5.0,8,141.8934480113655,284.1669175236383,pobre,basal,1,625.0,444.0,1.0,36.0,13,434,32259,4,1.0
97,1.0,1.0,4.302,1.0,3.0,8,141.8934480113655,284.1669175236383,pobre,basal,1,625.0,444.0,1.0,36.0,10,434,32260,3,1.0
98,1.0,1.0,4.302,1.0,4.0,8,141.8934480113655,284.1669175236383,pobre,basal,1,625.0,444.0,1.0,36.0,11,434,32260,3,1.0
97,0.0,1.0,4.302,1.0,1.0,8,141.8934480113655,284.1669175236383,pobre,basal,1,625.0,444.0,1.0,36.0,8,434,32261,1,1.0
98,0.0,1.0,4.302,1.0,2.0,8,141.8934480113655,284.1669175236383,pobre,basal,1,625.0,444.0,1.0,36.0,9,434,32261,1,1.0
97,1.0,1.0,4.302,1.0,0.0,8,141.8934480113655,284.1669175236383,pobre,basal,1,625.0,444.0,1.0,36.0,6,434,32262,0,1.0
98,1.0,1.0,4.302,1.0,0.0,8,141.8934480113655,284.1669175236383,pobre,basal,1,625.0,444.0,1.0,36.0,7,434,32262,0,1.0
97,0.0,1.0,4.302,1.0,9.0,5,141.8934480113655,284.1669175236383,pobre,basal,6,625.0,784.0,1.0,34.0,15,434,32263,9,1.0
98,0.0,1.0,4.302,1.0,10.0,5,141.8934480113655,284.1669175236383,pobre,basal,6,625.0,784.0,1.0,34.0,16,434,32263,9,1.0
97,1.0,1.0,4.302,1.0,7.0,5,141.8934480113655,284.1669175236383,pobre,basal,6,625.0,784.0,1.0,34.0,13,434,32264,7,1.0
98,1.0,1.0,4.302,1.0,8.0,5,141.8934480113655,284.1669175236383,pobre,basal,6,625.0,784.0,1.0,34.0,14,434,32264,7,1.0
97,0.0,1.0,4.302,1.0,3.0,5,141.8934480113655,284.1669175236383,pobre,basal,6,625.0,784.0,1.0,34.0,9,434,32265,3,1.0
98,0.0,1.0,4.302,1.0,4.0,5,141.8934480113655,284.1669175236383,pobre,basal,6,625.0,784.0,1.0,34.0,10,434,32265,3,1.0
97,1.0,1.0,0.79000002,1.0,5.0,5,132.0614653191013,299.004879149959,pobre,basal,1,1200.0,830.5,1.0,77.0,12,443,32266,5,1.0
98,1.0,1.0,0.79000002,1.0,6.0,5,132.0614653191013,299.004879149959,pobre,basal,1,1200.0,830.5,1.0,77.0,13,443,32266,5,1.0
97,0.0,1.0,0.79000002,1.0,3.0,5,132.0614653191013,299.004879149959,pobre,basal,1,1200.0,830.5,1.0,77.0,9,443,32267,3,1.0
98,0.0,1.0,0.79000002,1.0,4.0,5,132.0614653191013,299.004879149959,pobre,basal,1,1200.0,830.5,1.0,77.0,10,443,32267,3,1.0
97,1.0,0.0,2.7909999,0.0,6.0,8,53.41877129062152,99.6799415496748,pobre,basal,2,0.0,738.0,1.0,66.0,16,455,32268,6,0.0
98,1.0,0.0,2.7909999,,,8,53.41877129062152,99.6799415496748,pobre,basal,2,0.0,738.0,1.0,66.0,17,455,32268,6,0.0
97,0.0,0.0,2.7909999,0.0,6.0,8,53.41877129062152,99.6799415496748,pobre,basal,2,0.0,738.0,1.0,66.0,15,455,32269,6,0.0
98,0.0,0.0,2.7909999,1.0,6.0,8,53.41877129062152,99.6799415496748,pobre,basal,2,0.0,738.0,1.0,66.0,16,455,32269,6,0.0
97,0.0,0.0,2.7909999,1.0,6.0,8,53.41877129062152,99.6799415496748,pobre,basal,2,0.0,738.0,1.0,66.0,13,455,32270,6,1.0
98,0.0,0.0,2.7909999,1.0,7.0,8,53.41877129062152,99.6799415496748,pobre,basal,2,0.0,738.0,1.0,66.0,14,455,32270,6,1.0
97,0.0,1.0,0.79000002,1.0,6.0,7,132.0614653191013,299.004879149959,pobre,basal,4,625.0,579.0,1.0,32.0,13,443,32271,6,1.0
98,0.0,1.0,0.79000002,1.0,7.0,7,132.0614653191013,299.004879149959,pobre,basal,4,625.0,579.0,1.0,32.0,14,443,32271,6,1.0
97,1.0,1.0,0.79000002,1.0,4.0,7,132.0614653191013,299.004879149959,pobre,basal,4,625.0,579.0,1.0,32.0,11,443,32272,4,1.0
98,1.0,1.0,0.79000002,1.0,5.0,7,132.0614653191013,299.004879149959,pobre,basal,4,625.0,579.0,1.0,32.0,12,443,32272,4,1.0
97,1.0,1.0,0.79000002,1.0,2.0,7,132.0614653191013,299.004879149959,pobre,basal,4,625.0,579.0,1.0,32.0,9,443,32273,2,1.0
98,1.0,1.0,0.79000002,,,7,132.0614653191013,299.004879149959,pobre,basal,4,625.0,579.0,1.0,32.0,10,443,32273,2,1.0
97,0.0,1.0,0.79000002,1.0,0.0,7,132.0614653191013,299.004879149959,pobre,basal,4,625.0,579.0,1.0,32.0,6,443,32274,0,1.0
98,0.0,1.0,0.79000002,,,7,132.0614653191013,299.004879149959,pobre,basal,4,625.0,579.0,1.0,32.0,7,443,32274,0,1.0
97,1.0,0.0,0.79000002,1.0,2.0,5,132.0614653191013,299.004879149959,pobre,basal,6,625.0,544.0,1.0,33.0,9,443,32275,2,1.0
98,1.0,0.0,0.79000002,1.0,3.0,5,132.0614653191013,299.004879149959,pobre,basal,6,625.0,544.0,1.0,33.0,10,443,32275,2,1.0
97,1.0,1.0,0.79000002,1.0,6.0,9,132.0614653191013,299.004879149959,pobre,basal,0,625.0,762.0,1.0,60.0,15,443,32276,6,1.0
98,1.0,1.0,0.79000002,1.0,8.0,9,132.0614653191013,299.004879149959,pobre,basal,0,625.0,762.0,1.0,60.0,16,443,32276,6,1.0
97,1.0,1.0,0.79000002,1.0,6.0,8,132.0614653191013,299.004879149959,pobre,basal,0,600.0,694.0,1.0,44.0,14,443,32277,6,1.0
98,1.0,1.0,0.79000002,1.0,7.0,8,132.0614653191013,299.004879149959,pobre,basal,0,600.0,694.0,1.0,44.0,15,443,32277,6,1.0
97,0.0,0.0,0.79000002,1.0,5.0,8,132.0614653191013,299.004879149959,pobre,basal,0,600.0,694.0,1.0,44.0,12,443,32278,5,1.0
98,0.0,0.0,0.79000002,1.0,6.0,8,132.0614653191013,299.004879149959,pobre,basal,0,600.0,694.0,1.0,44.0,13,443,32278,5,1.0
97,0.0,0.0,0.79000002,1.0,3.0,8,132.0614653191013,299.004879149959,pobre,basal,0,600.0,694.0,1.0,44.0,10,443,32279,3,1.0
98,0.0,0.0,0.79000002,1.0,4.0,8,132.0614653191013,299.004879149959,pobre,basal,0,600.0,694.0,1.0,44.0,11,443,32279,3,1.0
97,1.0,0.0,0.79000002,1.0,0.0,8,132.0614653191013,299.004879149959,pobre,basal,0,600.0,694.0,1.0,44.0,7,443,32280,0,1.0
98,1.0,0.0,0.79000002,1.0,1.0,8,132.0614653191013,299.004879149959,pobre,basal,0,600.0,694.0,1.0,44.0,8,443,32280,0,1.0
97,0.0,0.0,0.79000002,1.0,0.0,8,132.0614653191013,299.004879149959,pobre,basal,0,600.0,694.0,1.0,44.0,6,443,32281,0,1.0
98,0.0,0.0,0.79000002,1.0,1.0,8,132.0614653191013,299.004879149959,pobre,basal,0,600.0,694.0,1.0,44.0,7,443,32281,0,1.0
97,0.0,1.0,0.79000002,,0.0,7,132.0614653191013,299.004879149959,no pobre,basal,15,5600.0,1163.3311,1.0,43.0,15,443,32282,0,
98,0.0,1.0,0.79000002,,,7,132.0614653191013,299.004879149959,no pobre,basal,15,5600.0,1163.3311,1.0,43.0,16,443,32282,0,
97,1.0,1.0,0.79000002,1.0,3.0,7,132.0614653191013,299.004879149959,pobre,basal,15,2600.0,929.5,1.0,38.0,9,443,32283,3,1.0
98,1.0,1.0,0.79000002,1.0,4.0,7,132.0614653191013,299.004879149959,pobre,basal,15,2600.0,929.5,1.0,38.0,10,443,32283,3,1.0
97,0.0,1.0,0.79000002,1.0,1.0,7,132.0614653191013,299.004879149959,pobre,basal,15,2600.0,929.5,1.0,38.0,7,443,32284,1,1.0
98,0.0,1.0,0.79000002,1.0,2.0,7,132.0614653191013,299.004879149959,pobre,basal,15,2600.0,929.5,1.0,38.0,8,443,32284,1,1.0
97,0.0,0.0,2.7909999,1.0,8.0,3,53.41877129062152,99.6799415496748,pobre,basal,0,500.0,807.0,0.0,51.0,16,455,32285,8,1.0
98,0.0,0.0,2.7909999,0.0,9.0,3,53.41877129062152,99.6799415496748,pobre,basal,0,500.0,807.0,0.0,51.0,17,455,32285,8,1.0
97,1.0,0.0,2.7909999,1.0,6.0,3,53.41877129062152,99.6799415496748,no pobre,basal,0,0.0,1013.0,0.0,70.0,16,455,32286,6,1.0
98,1.0,0.0,2.7909999,,,3,53.41877129062152,99.6799415496748,no pobre,basal,0,0.0,1013.0,0.0,70.0,17,455,32286,6,1.0
97,1.0,0.0,2.7909999,1.0,6.0,5,53.41877129062152,99.6799415496748,no pobre,basal,4,0.0,856.0,0.0,49.0,14,455,32287,6,1.0
98,1.0,0.0,2.7909999,1.0,7.0,5,53.41877129062152,99.6799415496748,no pobre,basal,4,0.0,856.0,0.0,49.0,15,455,32287,6,1.0
97,1.0,0.0,2.7909999,1.0,5.0,5,53.41877129062152,99.6799415496748,no pobre,basal,4,0.0,856.0,0.0,49.0,12,455,32288,5,1.0
98,1.0,0.0,2.7909999,1.0,6.0,5,53.41877129062152,99.6799415496748,no pobre,basal,4,0.0,856.0,0.0,49.0,13,455,32288,5,1.0
97,1.0,0.0,2.7909999,1.0,4.0,5,53.41877129062152,99.6799415496748,no pobre,basal,4,0.0,856.0,0.0,49.0,11,455,32289,4,1.0
98,1.0,0.0,2.7909999,1.0,5.0,5,53.41877129062152,99.6799415496748,no pobre,basal,4,0.0,856.0,0.0,49.0,12,455,32289,4,1.0
97,0.0,0.0,2.7909999,1.0,6.0,5,53.41877129062152,99.6799415496748,no pobre,basal,3,625.0,760.0,1.0,56.0,15,455,32290,6,1.0
98,0.0,0.0,2.7909999,1.0,6.0,5,53.41877129062152,99.6799415496748,no pobre,basal,3,625.0,760.0,1.0,56.0,16,455,32290,6,1.0
97,1.0,0.0,2.7909999,1.0,6.0,5,53.41877129062152,99.6799415496748,no pobre,basal,3,625.0,760.0,1.0,56.0,13,455,32291,6,1.0
98,1.0,0.0,2.7909999,1.0,6.0,5,53.41877129062152,99.6799415496748,no pobre,basal,3,625.0,760.0,1.0,56.0,14,455,32291,6,1.0
97,0.0,0.0,2.7909999,1.0,0.0,4,53.41877129062152,99.6799415496748,pobre,basal,3,750.0,727.0,1.0,30.0,6,455,32292,0,1.0
98,0.0,0.0,2.7909999,1.0,1.0,4,53.41877129062152,99.6799415496748,pobre,basal,3,750.0,727.0,1.0,30.0,7,455,32292,0,1.0
97,0.0,0.0,2.7909999,1.0,0.0,5,53.41877129062152,99.6799415496748,pobre,basal,4,625.0,678.0,1.0,32.0,6,455,32293,0,1.0
98,0.0,0.0,2.7909999,,,5,53.41877129062152,99.6799415496748,pobre,basal,4,625.0,678.0,1.0,32.0,7,455,32293,0,1.0
97,0.0,1.0,0.79000002,0.0,7.0,4,132.0614653191013,299.004879149959,pobre,basal,3,500.0,901.0,1.0,60.0,14,443,32294,7,0.0
98,0.0,1.0,0.79000002,0.0,7.0,4,132.0614653191013,299.004879149959,pobre,basal,3,500.0,901.0,1.0,60.0,15,443,32294,7,0.0
97,0.0,0.0,0.79000002,1.0,9.0,4,132.0614653191013,299.004879149959,pobre,basal,6,500.0,722.0,1.0,49.0,16,443,32295,9,1.0
98,0.0,0.0,0.79000002,,,4,132.0614653191013,299.004879149959,pobre,basal,6,500.0,722.0,1.0,49.0,17,443,32295,9,1.0
97,1.0,0.0,0.79000002,1.0,2.0,4,132.0614653191013,299.004879149959,pobre,basal,6,500.0,722.0,1.0,49.0,7,443,32296,2,1.0
98,1.0,0.0,0.79000002,1.0,3.0,4,132.0614653191013,299.004879149959,pobre,basal,6,500.0,722.0,1.0,49.0,8,443,32296,2,1.0
97,1.0,0.0,0.79000002,0.0,7.0,6,132.0614653191013,299.004879149959,pobre,basal,6,625.0,677.0,1.0,39.0,14,443,32297,7,0.0
98,1.0,0.0,0.79000002,0.0,7.0,6,132.0614653191013,299.004879149959,pobre,basal,6,625.0,677.0,1.0,39.0,15,443,32297,7,0.0
97,0.0,1.0,0.79000002,0.0,7.0,6,132.0614653191013,299.004879149959,pobre,basal,6,625.0,677.0,1.0,39.0,13,443,32298,7,0.0
98,0.0,1.0,0.79000002,0.0,7.0,6,132.0614653191013,299.004879149959,pobre,basal,6,625.0,677.0,1.0,39.0,14,443,32298,7,0.0
97,0.0,0.0,0.79000002,1.0,5.0,6,132.0614653191013,299.004879149959,pobre,basal,6,625.0,677.0,1.0,39.0,11,443,32299,5,1.0
98,0.0,0.0,0.79000002,1.0,6.0,6,132.0614653191013,299.004879149959,pobre,basal,6,625.0,677.0,1.0,39.0,12,443,32299,5,1.0
97,1.0,0.0,0.79000002,1.0,2.0,6,132.0614653191013,299.004879149959,pobre,basal,6,625.0,677.0,1.0,39.0,8,443,32300,2,1.0
98,1.0,0.0,0.79000002,1.0,3.0,6,132.0614653191013,299.004879149959,pobre,basal,6,625.0,677.0,1.0,39.0,9,443,32300,2,1.0
97,0.0,1.0,0.79000002,1.0,8.0,10,132.0614653191013,299.004879149959,pobre,basal,0,625.0,696.0,1.0,52.0,15,443,32301,8,1.0
98,0.0,1.0,0.79000002,0.0,9.0,10,132.0614653191013,299.004879149959,pobre,basal,0,625.0,696.0,1.0,52.0,16,443,32301,8,1.0
97,0.0,1.0,0.79000002,1.0,5.0,10,132.0614653191013,299.004879149959,pobre,basal,0,625.0,696.0,1.0,52.0,12,443,32302,5,1.0
98,0.0,1.0,0.79000002,0.0,5.0,10,132.0614653191013,299.004879149959,pobre,basal,0,625.0,696.0,1.0,52.0,13,443,32302,5,1.0
97,0.0,1.0,0.79000002,1.0,2.0,10,132.0614653191013,299.004879149959,pobre,basal,0,625.0,696.0,1.0,52.0,9,443,32303,2,1.0
98,0.0,1.0,0.79000002,1.0,3.0,10,132.0614653191013,299.004879149959,pobre,basal,0,625.0,696.0,1.0,52.0,10,443,32303,2,1.0
97,1.0,1.0,0.79000002,1.0,0.0,10,132.0614653191013,299.004879149959,pobre,basal,0,625.0,696.0,1.0,52.0,6,443,32304,0,1.0
98,1.0,1.0,0.79000002,1.0,1.0,10,132.0614653191013,299.004879149959,pobre,basal,0,625.0,696.0,1.0,52.0,7,443,32304,0,1.0
97,0.0,1.0,0.79000002,1.0,2.0,3,132.0614653191013,299.004879149959,pobre,basal,9,500.0,842.0,1.0,28.0,9,443,32305,2,1.0
98,0.0,1.0,0.79000002,1.0,3.0,3,132.0614653191013,299.004879149959,pobre,basal,9,500.0,842.0,1.0,28.0,10,443,32305,2,1.0
97,1.0,0.0,0.79000002,1.0,5.0,5,132.0614653191013,299.004879149959,no pobre,basal,9,600.0,959.0,1.0,43.0,14,443,32306,5,1.0
98,1.0,0.0,0.79000002,1.0,6.0,5,132.0614653191013,299.004879149959,no pobre,basal,9,600.0,959.0,1.0,43.0,15,443,32306,5,1.0
97,1.0,0.0,0.79000002,1.0,5.0,5,132.0614653191013,299.004879149959,no pobre,basal,9,600.0,959.0,1.0,43.0,14,443,32307,5,1.0
98,1.0,0.0,0.79000002,1.0,6.0,5,132.0614653191013,299.004879149959,no pobre,basal,9,600.0,959.0,1.0,43.0,15,443,32307,5,1.0
97,0.0,0.0,0.79000002,1.0,4.0,5,132.0614653191013,299.004879149959,no pobre,basal,9,600.0,959.0,1.0,43.0,10,443,32308,4,1.0
98,0.0,0.0,0.79000002,1.0,5.0,5,132.0614653191013,299.004879149959,no pobre,basal,9,600.0,959.0,1.0,43.0,11,443,32308,4,1.0
97,1.0,1.0,0.79000002,1.0,5.0,6,132.0614653191013,299.004879149959,pobre,basal,5,1250.0,625.0,1.0,30.0,13,443,32309,5,1.0
98,1.0,1.0,0.79000002,1.0,6.0,6,132.0614653191013,299.004879149959,pobre,basal,5,1250.0,625.0,1.0,30.0,14,443,32309,5,1.0
97,0.0,1.0,0.79000002,1.0,3.0,6,132.0614653191013,299.004879149959,pobre,basal,5,1250.0,625.0,1.0,30.0,9,443,32310,3,1.0
98,0.0,1.0,0.79000002,1.0,4.0,6,132.0614653191013,299.004879149959,pobre,basal,5,1250.0,625.0,1.0,30.0,10,443,32310,3,1.0
97,0.0,1.0,0.79000002,1.0,1.0,6,132.0614653191013,299.004879149959,pobre,basal,5,1250.0,625.0,1.0,30.0,6,443,32311,1,1.0
98,0.0,1.0,0.79000002,1.0,2.0,6,132.0614653191013,299.004879149959,pobre,basal,5,1250.0,625.0,1.0,30.0,7,443,32311,1,1.0
97,1.0,1.0,0.79000002,1.0,7.0,4,132.0614653191013,299.004879149959,pobre,basal,9,625.0,760.0,1.0,35.0,13,443,32312,7,1.0
98,1.0,1.0,0.79000002,1.0,8.0,4,132.0614653191013,299.004879149959,pobre,basal,9,625.0,760.0,1.0,35.0,14,443,32312,7,1.0
97,1.0,1.0,0.79000002,1.0,2.0,4,132.0614653191013,299.004879149959,pobre,basal,9,625.0,760.0,1.0,35.0,9,443,32313,2,1.0
98,1.0,1.0,0.79000002,1.0,3.0,4,132.0614653191013,299.004879149959,pobre,basal,9,625.0,760.0,1.0,35.0,10,443,32313,2,1.0
97,1.0,1.0,0.79000002,1.0,0.0,5,132.0614653191013,299.004879149959,pobre,basal,6,500.0,522.0,1.0,28.0,8,443,32314,0,1.0
98,1.0,1.0,0.79000002,1.0,1.0,5,132.0614653191013,299.004879149959,pobre,basal,6,500.0,522.0,1.0,28.0,9,443,32314,0,1.0
97,1.0,1.0,0.79000002,1.0,2.0,5,132.0614653191013,299.004879149959,pobre,basal,4,625.0,622.0,1.0,29.0,8,443,32315,2,1.0
98,1.0,1.0,0.79000002,1.0,3.0,5,132.0614653191013,299.004879149959,pobre,basal,4,625.0,622.0,1.0,29.0,9,443,32315,2,1.0
97,1.0,1.0,0.79000002,1.0,4.0,6,132.0614653191013,299.004879149959,pobre,basal,6,625.0,924.0,1.0,47.0,12,443,32316,4,1.0
98,1.0,1.0,0.79000002,1.0,5.0,6,132.0614653191013,299.004879149959,pobre,basal,6,625.0,924.0,1.0,47.0,13,443,32316,4,1.0
97,1.0,1.0,0.79000002,1.0,3.0,6,132.0614653191013,299.004879149959,pobre,basal,6,625.0,924.0,1.0,47.0,10,443,32317,3,1.0
98,1.0,1.0,0.79000002,1.0,4.0,6,132.0614653191013,299.004879149959,pobre,basal,6,625.0,924.0,1.0,47.0,11,443,32317,3,1.0
97,1.0,1.0,0.79000002,1.0,1.0,6,132.0614653191013,299.004879149959,pobre,basal,6,625.0,924.0,1.0,47.0,7,443,32318,1,1.0
98,1.0,1.0,0.79000002,1.0,2.0,6,132.0614653191013,299.004879149959,pobre,basal,6,625.0,924.0,1.0,47.0,8,443,32318,1,1.0
97,1.0,1.0,0.79000002,1.0,8.0,6,132.0614653191013,299.004879149959,pobre,basal,9,625.0,688.0,1.0,20.0,15,443,32319,8,1.0
98,1.0,1.0,0.79000002,1.0,8.0,6,132.0614653191013,299.004879149959,pobre,basal,9,625.0,688.0,1.0,20.0,16,443,32319,8,1.0
97,1.0,1.0,0.79000002,1.0,1.0,6,132.0614653191013,299.004879149959,pobre,basal,9,625.0,688.0,1.0,20.0,8,443,32320,1,1.0
98,1.0,1.0,0.79000002,,,6,132.0614653191013,299.004879149959,pobre,basal,9,625.0,688.0,1.0,20.0,9,443,32320,1,1.0
97,1.0,1.0,0.79000002,1.0,8.0,6,132.0614653191013,299.004879149959,pobre,basal,6,625.0,648.0,1.0,41.0,14,443,32321,8,1.0
98,1.0,1.0,0.79000002,1.0,9.0,6,132.0614653191013,299.004879149959,pobre,basal,6,625.0,648.0,1.0,41.0,15,443,32321,8,1.0
97,1.0,1.0,0.79000002,1.0,6.0,6,132.0614653191013,299.004879149959,pobre,basal,6,625.0,648.0,1.0,41.0,12,443,32322,6,1.0
98,1.0,1.0,0.79000002,1.0,7.0,6,132.0614653191013,299.004879149959,pobre,basal,6,625.0,648.0,1.0,41.0,13,443,32322,6,1.0
97,1.0,0.0,0.79000002,1.0,10.0,7,132.0614653191013,299.004879149959,pobre,basal,3,500.0,778.5,1.0,38.0,16,443,32323,10,1.0
98,1.0,0.0,0.79000002,,,7,132.0614653191013,299.004879149959,pobre,basal,3,500.0,778.5,1.0,38.0,17,443,32323,10,1.0
97,0.0,0.0,0.79000002,1.0,7.0,7,132.0614653191013,299.004879149959,pobre,basal,3,500.0,778.5,1.0,38.0,13,443,32324,7,1.0
98,0.0,0.0,0.79000002,1.0,8.0,7,132.0614653191013,299.004879149959,pobre,basal,3,500.0,778.5,1.0,38.0,14,443,32324,7,1.0
97,0.0,0.0,0.79000002,1.0,5.0,7,132.0614653191013,299.004879149959,pobre,basal,3,500.0,778.5,1.0,38.0,11,443,32325,5,1.0
98,0.0,0.0,0.79000002,1.0,6.0,7,132.0614653191013,299.004879149959,pobre,basal,3,500.0,778.5,1.0,38.0,12,443,32325,5,1.0
97,1.0,0.0,0.79000002,1.0,8.0,5,132.0614653191013,299.004879149959,no pobre,basal,9,625.0,971.5,1.0,48.0,14,443,32326,8,1.0
98,1.0,0.0,0.79000002,1.0,9.0,5,132.0614653191013,299.004879149959,no pobre,basal,9,625.0,971.5,1.0,48.0,15,443,32326,8,1.0
97,0.0,0.0,0.79000002,1.0,7.0,6,132.0614653191013,299.004879149959,no pobre,basal,6,500.0,924.0,1.0,38.0,12,443,32327,7,1.0
98,0.0,0.0,0.79000002,1.0,8.0,6,132.0614653191013,299.004879149959,no pobre,basal,6,500.0,924.0,1.0,38.0,13,443,32327,7,1.0
97,1.0,0.0,0.79000002,1.0,4.0,6,132.0614653191013,299.004879149959,no pobre,basal,6,500.0,924.0,1.0,38.0,10,443,32328,4,1.0
98,1.0,0.0,0.79000002,1.0,5.0,6,132.0614653191013,299.004879149959,no pobre,basal,6,500.0,924.0,1.0,38.0,11,443,32328,4,1.0
97,1.0,0.0,0.79000002,1.0,0.0,6,132.0614653191013,299.004879149959,no pobre,basal,6,500.0,924.0,1.0,38.0,6,443,32329,0,1.0
98,1.0,0.0,0.79000002,1.0,1.0,6,132.0614653191013,299.004879149959,no pobre,basal,6,500.0,924.0,1.0,38.0,7,443,32329,0,1.0
97,1.0,1.0,0.79000002,1.0,6.0,4,132.0614653191013,299.004879149959,pobre,basal,6,625.0,991.0,1.0,59.0,12,443,32330,6,1.0
98,1.0,1.0,0.79000002,1.0,7.0,4,132.0614653191013,299.004879149959,pobre,basal,6,625.0,991.0,1.0,59.0,13,443,32330,6,1.0
97,0.0,1.0,0.79000002,1.0,9.0,8,132.0614653191013,299.004879149959,pobre,basal,2,625.0,735.0,1.0,38.0,15,443,32331,9,1.0
98,0.0,1.0,0.79000002,1.0,10.0,8,132.0614653191013,299.004879149959,pobre,basal,2,625.0,735.0,1.0,38.0,16,443,32331,9,1.0
97,0.0,0.0,0.79000002,1.0,7.0,8,132.0614653191013,299.004879149959,pobre,basal,2,625.0,735.0,1.0,38.0,13,443,32332,7,1.0
98,0.0,0.0,0.79000002,1.0,8.0,8,132.0614653191013,299.004879149959,pobre,basal,2,625.0,735.0,1.0,38.0,14,443,32332,7,1.0
97,0.0,0.0,0.79000002,1.0,4.0,8,132.0614653191013,299.004879149959,pobre,basal,2,625.0,735.0,1.0,38.0,10,443,32333,4,1.0
98,0.0,0.0,0.79000002,1.0,5.0,8,132.0614653191013,299.004879149959,pobre,basal,2,625.0,735.0,1.0,38.0,11,443,32333,4,1.0
97,0.0,0.0,0.79000002,1.0,1.0,8,132.0614653191013,299.004879149959,pobre,basal,2,625.0,735.0,1.0,38.0,8,443,32334,1,1.0
98,0.0,0.0,0.79000002,1.0,2.0,8,132.0614653191013,299.004879149959,pobre,basal,2,625.0,735.0,1.0,38.0,9,443,32334,1,1.0
97,0.0,0.0,2.7909999,1.0,6.0,7,53.41877129062152,99.6799415496748,pobre,basal,2,750.0,660.0,1.0,30.0,15,455,32335,6,1.0
98,0.0,0.0,2.7909999,1.0,7.0,7,53.41877129062152,99.6799415496748,pobre,basal,2,750.0,660.0,1.0,30.0,16,455,32335,6,1.0
97,1.0,0.0,2.7909999,1.0,6.0,7,53.41877129062152,99.6799415496748,pobre,basal,2,750.0,660.0,1.0,30.0,12,455,32336,6,1.0
98,1.0,0.0,2.7909999,1.0,7.0,7,53.41877129062152,99.6799415496748,pobre,basal,2,750.0,660.0,1.0,30.0,13,455,32336,6,1.0
97,1.0,0.0,2.7909999,1.0,4.0,7,53.41877129062152,99.6799415496748,pobre,basal,2,750.0,660.0,1.0,30.0,10,455,32337,4,1.0
98,1.0,0.0,2.7909999,1.0,5.0,7,53.41877129062152,99.6799415496748,pobre,basal,2,750.0,660.0,1.0,30.0,11,455,32337,4,1.0
97,0.0,0.0,2.7909999,1.0,2.0,7,53.41877129062152,99.6799415496748,pobre,basal,2,750.0,660.0,1.0,30.0,9,455,32338,2,1.0
98,0.0,0.0,2.7909999,,,7,53.41877129062152,99.6799415496748,pobre,basal,2,750.0,660.0,1.0,30.0,10,455,32338,2,1.0
97,0.0,0.0,2.7909999,1.0,6.0,10,53.41877129062152,99.6799415496748,pobre,basal,3,750.0,481.0,1.0,41.0,15,455,32339,6,1.0
98,0.0,0.0,2.7909999,1.0,7.0,10,53.41877129062152,99.6799415496748,pobre,basal,3,750.0,481.0,1.0,41.0,16,455,32339,6,1.0
97,0.0,0.0,2.7909999,1.0,4.0,10,53.41877129062152,99.6799415496748,pobre,basal,3,750.0,481.0,1.0,41.0,11,455,32340,4,1.0
98,0.0,0.0,2.7909999,1.0,5.0,10,53.41877129062152,99.6799415496748,pobre,basal,3,750.0,481.0,1.0,41.0,12,455,32340,4,1.0
97,0.0,0.0,2.7909999,1.0,4.0,10,53.41877129062152,99.6799415496748,pobre,basal,3,750.0,481.0,1.0,41.0,10,455,32341,4,1.0
98,0.0,0.0,2.7909999,1.0,5.0,10,53.41877129062152,99.6799415496748,pobre,basal,3,750.0,481.0,1.0,41.0,11,455,32341,4,1.0
97,1.0,0.0,2.7909999,1.0,1.0,10,53.41877129062152,99.6799415496748,pobre,basal,3,750.0,481.0,1.0,41.0,9,455,32342,1,1.0
98,1.0,0.0,2.7909999,1.0,2.0,10,53.41877129062152,99.6799415496748,pobre,basal,3,750.0,481.0,1.0,41.0,10,455,32342,1,1.0
97,1.0,0.0,2.7909999,1.0,1.0,10,53.41877129062152,99.6799415496748,pobre,basal,3,750.0,481.0,1.0,41.0,9,455,32343,1,1.0
98,1.0,0.0,2.7909999,1.0,2.0,10,53.41877129062152,99.6799415496748,pobre,basal,3,750.0,481.0,1.0,41.0,10,455,32343,1,1.0
97,0.0,0.0,2.7909999,1.0,0.0,10,53.41877129062152,99.6799415496748,pobre,basal,3,750.0,481.0,1.0,41.0,8,455,32344,0,1.0
98,0.0,0.0,2.7909999,1.0,1.0,10,53.41877129062152,99.6799415496748,pobre,basal,3,750.0,481.0,1.0,41.0,9,455,32344,0,1.0
97,0.0,0.0,2.7909999,1.0,0.0,10,53.41877129062152,99.6799415496748,pobre,basal,3,750.0,481.0,1.0,41.0,8,455,32345,0,1.0
98,0.0,0.0,2.7909999,1.0,1.0,10,53.41877129062152,99.6799415496748,pobre,basal,3,750.0,481.0,1.0,41.0,9,455,32345,0,1.0
97,1.0,0.0,2.7909999,1.0,0.0,3,53.41877129062152,99.6799415496748,pobre,basal,4,500.0,733.0,1.0,26.0,6,455,32346,0,1.0
98,1.0,0.0,2.7909999,1.0,1.0,3,53.41877129062152,99.6799415496748,pobre,basal,4,500.0,733.0,1.0,26.0,7,455,32346,0,1.0
97,1.0,0.0,2.7909999,0.0,6.0,8,53.41877129062152,99.6799415496748,no pobre,basal,0,0.0,779.0,1.0,67.0,15,455,32347,6,0.0
98,1.0,0.0,2.7909999,1.0,6.0,8,53.41877129062152,99.6799415496748,no pobre,basal,0,0.0,779.0,1.0,67.0,16,455,32347,6,0.0
97,1.0,0.0,2.7909999,0.0,6.0,8,53.41877129062152,99.6799415496748,no pobre,basal,0,0.0,779.0,1.0,67.0,13,455,32348,6,0.0
98,1.0,0.0,2.7909999,1.0,6.0,8,53.41877129062152,99.6799415496748,no pobre,basal,0,0.0,779.0,1.0,67.0,14,455,32348,6,0.0
97,1.0,0.0,2.7909999,1.0,0.0,7,53.41877129062152,99.6799415496748,no pobre,basal,2,625.0,801.0,1.0,75.0,6,455,32349,0,1.0
98,1.0,0.0,2.7909999,1.0,1.0,7,53.41877129062152,99.6799415496748,no pobre,basal,2,625.0,801.0,1.0,75.0,7,455,32349,0,1.0
97,0.0,0.0,2.7909999,1.0,5.0,5,53.41877129062152,99.6799415496748,pobre,basal,6,625.0,735.0,1.0,37.0,11,455,32350,5,1.0
98,0.0,0.0,2.7909999,1.0,6.0,5,53.41877129062152,99.6799415496748,pobre,basal,6,625.0,735.0,1.0,37.0,12,455,32350,5,1.0
97,0.0,0.0,2.7909999,1.0,3.0,5,53.41877129062152,99.6799415496748,pobre,basal,6,625.0,735.0,1.0,37.0,10,455,32351,3,1.0
98,0.0,0.0,2.7909999,1.0,4.0,5,53.41877129062152,99.6799415496748,pobre,basal,6,625.0,735.0,1.0,37.0,11,455,32351,3,1.0
97,1.0,0.0,2.7909999,1.0,2.0,5,53.41877129062152,99.6799415496748,pobre,basal,6,625.0,735.0,1.0,37.0,8,455,32352,2,1.0
98,1.0,0.0,2.7909999,1.0,3.0,5,53.41877129062152,99.6799415496748,pobre,basal,6,625.0,735.0,1.0,37.0,9,455,32352,2,1.0
97,1.0,0.0,2.7909999,1.0,2.0,3,53.41877129062152,99.6799415496748,pobre,basal,2,625.0,745.0,1.0,29.0,9,455,32353,2,1.0
98,1.0,0.0,2.7909999,1.0,3.0,3,53.41877129062152,99.6799415496748,pobre,basal,2,625.0,745.0,1.0,29.0,10,455,32353,2,1.0
97,0.0,0.0,1.801,0.0,4.0,8,96.29018455336102,134.8272406294017,no pobre,0,3,625.0,875.66669,1.0,47.0,11,470,32354,4,0.0
98,0.0,0.0,1.801,1.0,5.0,8,96.29018455336102,134.8272406294017,no pobre,0,3,625.0,875.66669,1.0,47.0,12,470,32354,4,0.0
97,0.0,0.0,1.801,0.0,4.0,8,96.29018455336102,134.8272406294017,no pobre,0,3,625.0,875.66669,1.0,47.0,11,470,32355,4,0.0
98,0.0,0.0,1.801,1.0,5.0,8,96.29018455336102,134.8272406294017,no pobre,0,3,625.0,875.66669,1.0,47.0,12,470,32355,4,0.0
97,0.0,0.0,1.801,0.0,4.0,8,96.29018455336102,134.8272406294017,no pobre,0,3,625.0,875.66669,1.0,47.0,9,470,32356,4,0.0
98,0.0,0.0,1.801,1.0,5.0,8,96.29018455336102,134.8272406294017,no pobre,0,3,625.0,875.66669,1.0,47.0,10,470,32356,4,0.0
97,1.0,0.0,1.801,0.0,2.0,7,96.29018455336102,134.8272406294017,pobre,0,0,500.0,802.33331,1.0,74.0,12,470,32357,2,0.0
98,1.0,0.0,1.801,0.0,1.0,7,96.29018455336102,134.8272406294017,pobre,0,0,500.0,802.33331,1.0,74.0,13,470,32357,2,0.0
97,1.0,0.0,1.801,0.0,4.0,7,96.29018455336102,134.8272406294017,pobre,0,0,500.0,802.33331,1.0,74.0,12,470,32358,4,0.0
98,1.0,0.0,1.801,0.0,4.0,7,96.29018455336102,134.8272406294017,pobre,0,0,500.0,802.33331,1.0,74.0,13,470,32358,4,0.0
97,1.0,0.0,2.7909999,0.0,9.0,4,53.41877129062152,99.6799415496748,pobre,basal,9,1000.0,862.0,0.0,18.0,16,455,32359,9,0.0
98,1.0,0.0,2.7909999,,,4,53.41877129062152,99.6799415496748,pobre,basal,9,1000.0,862.0,0.0,18.0,17,455,32359,9,0.0
97,1.0,0.0,2.7909999,1.0,5.0,4,53.41877129062152,99.6799415496748,pobre,basal,9,1000.0,862.0,0.0,18.0,13,455,32360,5,1.0
98,1.0,0.0,2.7909999,1.0,6.0,4,53.41877129062152,99.6799415496748,pobre,basal,9,1000.0,862.0,0.0,18.0,14,455,32360,5,1.0
97,1.0,0.0,2.7909999,1.0,2.0,4,53.41877129062152,99.6799415496748,pobre,basal,9,1000.0,862.0,0.0,18.0,10,455,32361,2,1.0
98,1.0,0.0,2.7909999,1.0,3.0,4,53.41877129062152,99.6799415496748,pobre,basal,9,1000.0,862.0,0.0,18.0,11,455,32361,2,1.0
97,1.0,0.0,2.3740001,0.0,9.0,6,58.05753879091498,58.05753879091498,no pobre,basal,2,500.0,934.0,1.0,48.0,16,404,32362,9,0.0
98,1.0,0.0,2.3740001,,,6,58.05753879091498,58.05753879091498,no pobre,basal,2,500.0,934.0,1.0,48.0,17,404,32362,9,0.0
97,1.0,0.0,2.3740001,1.0,6.0,5,58.05753879091498,58.05753879091498,pobre,basal,3,250.0,870.0,1.0,42.0,13,404,32363,6,1.0
98,1.0,0.0,2.3740001,1.0,7.0,5,58.05753879091498,58.05753879091498,pobre,basal,3,250.0,870.0,1.0,42.0,14,404,32363,6,1.0
97,1.0,0.0,2.3740001,1.0,3.0,5,58.05753879091498,58.05753879091498,pobre,basal,3,250.0,870.0,1.0,42.0,9,404,32364,3,1.0
98,1.0,0.0,2.3740001,1.0,4.0,5,58.05753879091498,58.05753879091498,pobre,basal,3,250.0,870.0,1.0,42.0,10,404,32364,3,1.0
97,0.0,0.0,2.3740001,1.0,1.0,5,58.05753879091498,58.05753879091498,pobre,basal,3,250.0,870.0,1.0,42.0,7,404,32365,1,1.0
98,0.0,0.0,2.3740001,1.0,2.0,5,58.05753879091498,58.05753879091498,pobre,basal,3,250.0,870.0,1.0,42.0,8,404,32365,1,1.0
97,1.0,0.0,2.3740001,1.0,7.0,7,58.05753879091498,58.05753879091498,no pobre,basal,16,625.0,780.0,1.0,30.0,15,404,32366,7,1.0
98,1.0,0.0,2.3740001,1.0,3.0,7,58.05753879091498,58.05753879091498,no pobre,basal,16,625.0,780.0,1.0,30.0,16,404,32366,7,1.0
97,0.0,0.0,2.3740001,0.0,6.0,7,58.05753879091498,58.05753879091498,no pobre,basal,16,625.0,780.0,1.0,30.0,12,404,32367,6,0.0
98,0.0,0.0,2.3740001,1.0,6.0,7,58.05753879091498,58.05753879091498,no pobre,basal,16,625.0,780.0,1.0,30.0,13,404,32367,6,0.0
97,0.0,0.0,2.3740001,0.0,6.0,4,58.05753879091498,58.05753879091498,pobre,basal,6,625.0,844.0,1.0,43.0,12,404,32368,6,0.0
98,0.0,0.0,2.3740001,1.0,6.0,4,58.05753879091498,58.05753879091498,pobre,basal,6,625.0,844.0,1.0,43.0,13,404,32368,6,0.0
97,1.0,0.0,2.3740001,1.0,3.0,5,58.05753879091498,58.05753879091498,pobre,basal,2,625.0,692.0,1.0,28.0,9,404,32369,3,1.0
98,1.0,0.0,2.3740001,1.0,3.0,5,58.05753879091498,58.05753879091498,pobre,basal,2,625.0,692.0,1.0,28.0,10,404,32369,3,1.0
97,0.0,0.0,2.3740001,1.0,1.0,5,58.05753879091498,58.05753879091498,pobre,basal,2,625.0,692.0,1.0,28.0,7,404,32370,1,1.0
98,0.0,0.0,2.3740001,1.0,1.0,5,58.05753879091498,58.05753879091498,pobre,basal,2,625.0,692.0,1.0,28.0,8,404,32370,1,1.0
97,1.0,1.0,4.4390001,1.0,4.0,6,141.0977350861535,286.0098668459468,pobre,basal,12,500.0,660.0,1.0,37.0,11,437,32371,4,1.0
98,1.0,1.0,4.4390001,1.0,5.0,6,141.0977350861535,286.0098668459468,pobre,basal,12,500.0,660.0,1.0,37.0,12,437,32371,4,1.0
97,1.0,1.0,4.4390001,1.0,2.0,6,141.0977350861535,286.0098668459468,pobre,basal,12,500.0,660.0,1.0,37.0,9,437,32372,2,1.0
98,1.0,1.0,4.4390001,1.0,3.0,6,141.0977350861535,286.0098668459468,pobre,basal,12,500.0,660.0,1.0,37.0,10,437,32372,2,1.0
97,1.0,1.0,4.4390001,1.0,1.0,6,141.0977350861535,286.0098668459468,pobre,basal,12,500.0,660.0,1.0,37.0,8,437,32373,1,1.0
98,1.0,1.0,4.4390001,1.0,2.0,6,141.0977350861535,286.0098668459468,pobre,basal,12,500.0,660.0,1.0,37.0,9,437,32373,1,1.0
97,1.0,1.0,4.4390001,1.0,0.0,6,141.0977350861535,286.0098668459468,pobre,basal,12,500.0,660.0,1.0,37.0,6,437,32374,0,1.0
98,1.0,1.0,4.4390001,1.0,1.0,6,141.0977350861535,286.0098668459468,pobre,basal,12,500.0,660.0,1.0,37.0,7,437,32374,0,1.0
97,0.0,1.0,4.4390001,0.0,6.0,6,141.0977350861535,286.0098668459468,pobre,basal,3,500.0,703.0,1.0,42.0,15,437,32375,6,0.0
98,0.0,1.0,4.4390001,0.0,6.0,6,141.0977350861535,286.0098668459468,pobre,basal,3,500.0,703.0,1.0,42.0,16,437,32375,6,0.0
97,0.0,1.0,4.4390001,0.0,6.0,6,141.0977350861535,286.0098668459468,pobre,basal,3,500.0,703.0,1.0,42.0,12,437,32376,6,0.0
98,0.0,1.0,4.4390001,0.0,6.0,6,141.0977350861535,286.0098668459468,pobre,basal,3,500.0,703.0,1.0,42.0,13,437,32376,6,0.0
97,0.0,1.0,4.4390001,1.0,2.0,6,141.0977350861535,286.0098668459468,pobre,basal,3,500.0,703.0,1.0,42.0,9,437,32377,2,1.0
98,0.0,1.0,4.4390001,1.0,3.0,6,141.0977350861535,286.0098668459468,pobre,basal,3,500.0,703.0,1.0,42.0,10,437,32377,2,1.0
97,0.0,1.0,1.885,0.0,3.0,6,136.7355205021436,280.0194905896589,pobre,basal,0,750.0,640.5,1.0,47.0,15,425,32378,3,0.0
98,0.0,1.0,1.885,0.0,2.0,6,136.7355205021436,280.0194905896589,pobre,basal,0,750.0,640.5,1.0,47.0,16,425,32378,3,0.0
97,0.0,1.0,1.885,1.0,5.0,6,136.7355205021436,280.0194905896589,pobre,basal,0,750.0,640.5,1.0,47.0,12,425,32379,5,1.0
98,0.0,1.0,1.885,1.0,6.0,6,136.7355205021436,280.0194905896589,pobre,basal,0,750.0,640.5,1.0,47.0,13,425,32379,5,1.0
97,1.0,1.0,1.885,1.0,2.0,6,136.7355205021436,280.0194905896589,pobre,basal,0,750.0,640.5,1.0,47.0,8,425,32380,2,1.0
98,1.0,1.0,1.885,1.0,3.0,6,136.7355205021436,280.0194905896589,pobre,basal,0,750.0,640.5,1.0,47.0,9,425,32380,2,1.0
97,1.0,1.0,1.885,1.0,0.0,5,136.7355205021436,280.0194905896589,pobre,basal,9,375.0,556.0,1.0,34.0,7,425,32381,0,1.0
98,1.0,1.0,1.885,1.0,1.0,5,136.7355205021436,280.0194905896589,pobre,basal,9,375.0,556.0,1.0,34.0,8,425,32381,0,1.0
97,1.0,0.0,2.3740001,1.0,4.0,10,58.05753879091498,58.05753879091498,pobre,basal,3,625.0,720.0,1.0,56.0,14,404,32382,4,1.0
98,1.0,0.0,2.3740001,1.0,5.0,10,58.05753879091498,58.05753879091498,pobre,basal,3,625.0,720.0,1.0,56.0,15,404,32382,4,1.0
97,1.0,0.0,2.3740001,1.0,5.0,10,58.05753879091498,58.05753879091498,pobre,basal,3,625.0,720.0,1.0,56.0,13,404,32383,5,1.0
98,1.0,0.0,2.3740001,1.0,6.0,10,58.05753879091498,58.05753879091498,pobre,basal,3,625.0,720.0,1.0,56.0,14,404,32383,5,1.0
97,0.0,0.0,2.3740001,1.0,4.0,10,58.05753879091498,58.05753879091498,pobre,basal,3,625.0,720.0,1.0,56.0,11,404,32384,4,1.0
98,0.0,0.0,2.3740001,1.0,5.0,10,58.05753879091498,58.05753879091498,pobre,basal,3,625.0,720.0,1.0,56.0,12,404,32384,4,1.0
97,0.0,1.0,1.885,1.0,3.0,6,136.7355205021436,280.0194905896589,pobre,basal,6,625.0,493.0,1.0,32.0,9,425,32385,3,1.0
98,0.0,1.0,1.885,1.0,4.0,6,136.7355205021436,280.0194905896589,pobre,basal,6,625.0,493.0,1.0,32.0,10,425,32385,3,1.0
97,1.0,1.0,1.885,1.0,1.0,6,136.7355205021436,280.0194905896589,pobre,basal,6,625.0,493.0,1.0,32.0,7,425,32386,1,1.0
98,1.0,1.0,1.885,1.0,2.0,6,136.7355205021436,280.0194905896589,pobre,basal,6,625.0,493.0,1.0,32.0,8,425,32386,1,1.0
97,0.0,1.0,1.885,0.0,6.0,7,136.7355205021436,280.0194905896589,pobre,basal,4,625.0,780.5,1.0,48.0,16,425,32387,6,0.0
98,0.0,1.0,1.885,,,7,136.7355205021436,280.0194905896589,pobre,basal,4,625.0,780.5,1.0,48.0,17,425,32387,6,0.0
97,0.0,1.0,1.885,1.0,4.0,7,136.7355205021436,280.0194905896589,pobre,basal,4,625.0,780.5,1.0,48.0,13,425,32388,4,1.0
98,0.0,1.0,1.885,1.0,5.0,7,136.7355205021436,280.0194905896589,pobre,basal,4,625.0,780.5,1.0,48.0,14,425,32388,4,1.0
97,1.0,1.0,1.885,1.0,2.0,7,136.7355205021436,280.0194905896589,pobre,basal,4,625.0,780.5,1.0,48.0,10,425,32389,2,1.0
98,1.0,1.0,1.885,1.0,3.0,7,136.7355205021436,280.0194905896589,pobre,basal,4,625.0,780.5,1.0,48.0,11,425,32389,2,1.0
97,0.0,1.0,1.885,0.0,6.0,10,136.7355205021436,280.0194905896589,pobre,basal,3,625.0,782.0,1.0,54.0,16,425,32390,6,0.0
98,0.0,1.0,1.885,,,10,136.7355205021436,280.0194905896589,pobre,basal,3,625.0,782.0,1.0,54.0,17,425,32390,6,0.0
97,0.0,1.0,1.885,0.0,6.0,10,136.7355205021436,280.0194905896589,pobre,basal,3,625.0,782.0,1.0,54.0,16,425,32391,6,0.0
98,0.0,1.0,1.885,,,10,136.7355205021436,280.0194905896589,pobre,basal,3,625.0,782.0,1.0,54.0,17,425,32391,6,0.0
97,1.0,1.0,1.885,1.0,7.0,7,136.7355205021436,280.0194905896589,pobre,basal,6,625.0,682.0,1.0,37.0,14,425,32392,7,1.0
98,1.0,1.0,1.885,0.0,8.0,7,136.7355205021436,280.0194905896589,pobre,basal,6,625.0,682.0,1.0,37.0,15,425,32392,7,1.0
97,0.0,1.0,1.885,1.0,6.0,7,136.7355205021436,280.0194905896589,pobre,basal,6,625.0,682.0,1.0,37.0,13,425,32393,6,1.0
98,0.0,1.0,1.885,1.0,7.0,7,136.7355205021436,280.0194905896589,pobre,basal,6,625.0,682.0,1.0,37.0,14,425,32393,6,1.0
97,1.0,1.0,1.885,1.0,5.0,7,136.7355205021436,280.0194905896589,pobre,basal,6,625.0,682.0,1.0,37.0,11,425,32394,5,1.0
98,1.0,1.0,1.885,1.0,6.0,7,136.7355205021436,280.0194905896589,pobre,basal,6,625.0,682.0,1.0,37.0,12,425,32394,5,1.0
97,0.0,1.0,1.885,1.0,5.0,5,136.7355205021436,280.0194905896589,pobre,basal,3,625.0,728.0,1.0,40.0,13,425,32395,5,1.0
98,0.0,1.0,1.885,1.0,6.0,5,136.7355205021436,280.0194905896589,pobre,basal,3,625.0,728.0,1.0,40.0,14,425,32395,5,1.0
97,1.0,0.0,1.885,0.0,7.0,7,136.7355205021436,280.0194905896589,pobre,basal,0,625.0,758.0,1.0,60.0,16,425,32396,7,0.0
98,1.0,0.0,1.885,,,7,136.7355205021436,280.0194905896589,pobre,basal,0,625.0,758.0,1.0,60.0,17,425,32396,7,0.0
97,1.0,0.0,1.885,1.0,5.0,7,136.7355205021436,280.0194905896589,pobre,basal,0,625.0,758.0,1.0,60.0,11,425,32397,5,1.0
98,1.0,0.0,1.885,1.0,6.0,7,136.7355205021436,280.0194905896589,pobre,basal,0,625.0,758.0,1.0,60.0,12,425,32397,5,1.0
97,1.0,1.0,1.885,1.0,6.0,6,136.7355205021436,280.0194905896589,pobre,basal,0,625.0,859.0,1.0,48.0,15,425,32398,6,1.0
98,1.0,1.0,1.885,1.0,7.0,6,136.7355205021436,280.0194905896589,pobre,basal,0,625.0,859.0,1.0,48.0,16,425,32398,6,1.0
97,1.0,1.0,1.885,1.0,4.0,6,136.7355205021436,280.0194905896589,pobre,basal,0,625.0,859.0,1.0,48.0,14,425,32399,4,1.0
98,1.0,1.0,1.885,,,6,136.7355205021436,280.0194905896589,pobre,basal,0,625.0,859.0,1.0,48.0,15,425,32399,4,1.0
97,1.0,1.0,1.885,1.0,4.0,6,136.7355205021436,280.0194905896589,pobre,basal,0,625.0,859.0,1.0,48.0,8,425,32400,4,1.0
98,1.0,1.0,1.885,1.0,4.0,6,136.7355205021436,280.0194905896589,pobre,basal,0,625.0,859.0,1.0,48.0,9,425,32400,4,1.0
97,1.0,1.0,1.885,1.0,1.0,9,136.7355205021436,280.0194905896589,pobre,basal,2,400.0,815.0,1.0,52.0,8,425,32401,1,1.0
98,1.0,1.0,1.885,1.0,2.0,9,136.7355205021436,280.0194905896589,pobre,basal,2,400.0,815.0,1.0,52.0,9,425,32401,1,1.0
97,1.0,1.0,1.885,1.0,7.0,4,136.7355205021436,280.0194905896589,pobre,basal,6,625.0,696.0,1.0,33.0,14,425,32402,7,1.0
98,1.0,1.0,1.885,1.0,8.0,4,136.7355205021436,280.0194905896589,pobre,basal,6,625.0,696.0,1.0,33.0,15,425,32402,7,1.0
97,0.0,1.0,1.885,1.0,5.0,4,136.7355205021436,280.0194905896589,pobre,basal,6,625.0,696.0,1.0,33.0,13,425,32403,5,1.0
98,0.0,1.0,1.885,1.0,6.0,4,136.7355205021436,280.0194905896589,pobre,basal,6,625.0,696.0,1.0,33.0,14,425,32403,5,1.0
97,1.0,1.0,1.885,1.0,4.0,4,136.7355205021436,280.0194905896589,pobre,basal,0,0.0,802.0,1.0,73.0,10,425,32404,4,1.0
98,1.0,1.0,1.885,1.0,5.0,4,136.7355205021436,280.0194905896589,pobre,basal,0,0.0,802.0,1.0,73.0,11,425,32404,4,1.0
97,0.0,1.0,1.885,1.0,4.0,6,136.7355205021436,280.0194905896589,pobre,basal,3,625.0,789.0,1.0,49.0,14,425,32405,4,1.0
98,0.0,1.0,1.885,1.0,5.0,6,136.7355205021436,280.0194905896589,pobre,basal,3,625.0,789.0,1.0,49.0,15,425,32405,4,1.0
97,1.0,1.0,1.885,1.0,4.0,6,136.7355205021436,280.0194905896589,pobre,basal,3,625.0,789.0,1.0,49.0,9,425,32406,4,1.0
98,1.0,1.0,1.885,1.0,5.0,6,136.7355205021436,280.0194905896589,pobre,basal,3,625.0,789.0,1.0,49.0,10,425,32406,4,1.0
97,1.0,1.0,1.885,1.0,2.0,6,136.7355205021436,280.0194905896589,pobre,basal,3,625.0,789.0,1.0,49.0,8,425,32407,2,1.0
98,1.0,1.0,1.885,1.0,3.0,6,136.7355205021436,280.0194905896589,pobre,basal,3,625.0,789.0,1.0,49.0,9,425,32407,2,1.0
97,1.0,1.0,1.885,0.0,6.0,7,136.7355205021436,280.0194905896589,pobre,basal,3,0.0,752.5,1.0,67.0,16,425,32408,6,0.0
98,1.0,1.0,1.885,,,7,136.7355205021436,280.0194905896589,pobre,basal,3,0.0,752.5,1.0,67.0,17,425,32408,6,0.0
97,1.0,0.0,1.885,1.0,9.0,5,136.7355205021436,280.0194905896589,pobre,basal,6,200.0,958.0,1.0,50.0,15,425,32409,9,1.0
98,1.0,0.0,1.885,1.0,10.0,5,136.7355205021436,280.0194905896589,pobre,basal,6,200.0,958.0,1.0,50.0,16,425,32409,9,1.0
97,1.0,0.0,1.885,1.0,4.0,5,136.7355205021436,280.0194905896589,pobre,basal,6,200.0,958.0,1.0,50.0,10,425,32410,4,1.0
98,1.0,0.0,1.885,1.0,5.0,5,136.7355205021436,280.0194905896589,pobre,basal,6,200.0,958.0,1.0,50.0,11,425,32410,4,1.0
97,1.0,1.0,1.885,1.0,8.0,6,136.7355205021436,280.0194905896589,pobre,basal,12,600.0,792.0,1.0,27.0,15,425,32411,8,1.0
98,1.0,1.0,1.885,1.0,9.0,6,136.7355205021436,280.0194905896589,pobre,basal,12,600.0,792.0,1.0,27.0,16,425,32411,8,1.0
97,0.0,1.0,1.885,1.0,7.0,8,136.7355205021436,280.0194905896589,pobre,basal,4,500.0,746.0,1.0,44.0,14,425,32412,7,1.0
98,0.0,1.0,1.885,1.0,9.0,8,136.7355205021436,280.0194905896589,pobre,basal,4,500.0,746.0,1.0,44.0,15,425,32412,7,1.0
97,1.0,1.0,1.885,1.0,4.0,8,136.7355205021436,280.0194905896589,pobre,basal,4,500.0,746.0,1.0,44.0,10,425,32413,4,1.0
98,1.0,1.0,1.885,1.0,5.0,8,136.7355205021436,280.0194905896589,pobre,basal,4,500.0,746.0,1.0,44.0,11,425,32413,4,1.0
97,0.0,1.0,1.885,1.0,0.0,8,136.7355205021436,280.0194905896589,pobre,basal,4,500.0,746.0,1.0,44.0,7,425,32414,0,1.0
98,0.0,1.0,1.885,1.0,1.0,8,136.7355205021436,280.0194905896589,pobre,basal,4,500.0,746.0,1.0,44.0,8,425,32414,0,1.0
97,0.0,1.0,1.885,1.0,2.0,4,136.7355205021436,280.0194905896589,pobre,basal,0,0.0,733.0,1.0,70.0,10,425,32415,2,1.0
98,0.0,1.0,1.885,1.0,3.0,4,136.7355205021436,280.0194905896589,pobre,basal,0,0.0,733.0,1.0,70.0,11,425,32415,2,1.0
97,0.0,1.0,1.885,1.0,1.0,4,136.7355205021436,280.0194905896589,pobre,basal,0,0.0,733.0,1.0,70.0,7,425,32416,1,1.0
98,0.0,1.0,1.885,1.0,2.0,4,136.7355205021436,280.0194905896589,pobre,basal,0,0.0,733.0,1.0,70.0,8,425,32416,1,1.0
97,0.0,0.0,1.801,0.0,1.0,7,96.29018455336102,134.8272406294017,pobre,0,2,400.0,799.33331,1.0,49.0,12,470,32417,1,0.0
98,0.0,0.0,1.801,,,7,96.29018455336102,134.8272406294017,pobre,0,2,400.0,799.33331,1.0,49.0,13,470,32417,1,0.0
97,1.0,0.0,1.801,0.0,2.0,7,96.29018455336102,134.8272406294017,pobre,0,2,400.0,799.33331,1.0,49.0,11,470,32418,2,0.0
98,1.0,0.0,1.801,,,7,96.29018455336102,134.8272406294017,pobre,0,2,400.0,799.33331,1.0,49.0,12,470,32418,2,0.0
97,1.0,0.0,1.801,0.0,1.0,7,96.29018455336102,134.8272406294017,pobre,0,2,400.0,799.33331,1.0,49.0,8,470,32419,1,0.0
98,1.0,0.0,1.801,,,7,96.29018455336102,134.8272406294017,pobre,0,2,400.0,799.33331,1.0,49.0,9,470,32419,1,0.0
97,0.0,1.0,1.885,1.0,1.0,4,136.7355205021436,280.0194905896589,pobre,basal,6,625.0,570.0,1.0,32.0,8,425,32420,1,1.0
98,0.0,1.0,1.885,1.0,2.0,4,136.7355205021436,280.0194905896589,pobre,basal,6,625.0,570.0,1.0,32.0,9,425,32420,1,1.0
97,0.0,1.0,1.885,1.0,0.0,8,136.7355205021436,280.0194905896589,pobre,basal,4,0.0,599.0,1.0,53.0,7,425,32421,0,1.0
98,0.0,1.0,1.885,1.0,3.0,8,136.7355205021436,280.0194905896589,pobre,basal,4,0.0,599.0,1.0,53.0,8,425,32421,0,1.0
97,1.0,1.0,1.885,1.0,0.0,8,136.7355205021436,280.0194905896589,pobre,basal,4,0.0,599.0,1.0,53.0,6,425,32422,0,1.0
98,1.0,1.0,1.885,1.0,1.0,8,136.7355205021436,280.0194905896589,pobre,basal,4,0.0,599.0,1.0,53.0,7,425,32422,0,1.0
97,1.0,1.0,1.885,1.0,1.0,4,136.7355205021436,280.0194905896589,pobre,basal,6,625.0,690.0,1.0,35.0,7,425,32423,1,1.0
98,1.0,1.0,1.885,1.0,2.0,4,136.7355205021436,280.0194905896589,pobre,basal,6,625.0,690.0,1.0,35.0,8,425,32423,1,1.0
97,1.0,1.0,1.885,1.0,0.0,4,136.7355205021436,280.0194905896589,pobre,basal,6,625.0,690.0,1.0,35.0,6,425,32424,0,1.0
98,1.0,1.0,1.885,1.0,1.0,4,136.7355205021436,280.0194905896589,pobre,basal,6,625.0,690.0,1.0,35.0,7,425,32424,0,1.0
97,1.0,0.0,2.7909999,0.0,6.0,4,53.41877129062152,99.6799415496748,pobre,basal,4,80.0,752.0,0.0,45.0,15,455,32425,6,0.0
98,1.0,0.0,2.7909999,1.0,6.0,4,53.41877129062152,99.6799415496748,pobre,basal,4,80.0,752.0,0.0,45.0,16,455,32425,6,0.0
97,1.0,0.0,2.7909999,1.0,4.0,4,53.41877129062152,99.6799415496748,pobre,basal,4,80.0,752.0,0.0,45.0,13,455,32426,4,1.0
98,1.0,0.0,2.7909999,1.0,5.0,4,53.41877129062152,99.6799415496748,pobre,basal,4,80.0,752.0,0.0,45.0,14,455,32426,4,1.0
97,1.0,0.0,2.7909999,1.0,4.0,4,53.41877129062152,99.6799415496748,pobre,basal,4,80.0,752.0,0.0,45.0,12,455,32427,4,1.0
98,1.0,0.0,2.7909999,1.0,5.0,4,53.41877129062152,99.6799415496748,pobre,basal,4,80.0,752.0,0.0,45.0,13,455,32427,4,1.0
97,0.0,1.0,1.885,1.0,0.0,6,136.7355205021436,280.0194905896589,pobre,basal,6,750.0,828.0,1.0,29.0,6,425,32428,0,1.0
98,0.0,1.0,1.885,1.0,1.0,6,136.7355205021436,280.0194905896589,pobre,basal,6,750.0,828.0,1.0,29.0,7,425,32428,0,1.0
97,0.0,1.0,1.885,1.0,8.0,5,136.7355205021436,280.0194905896589,pobre,basal,4,625.0,752.0,1.0,66.0,15,425,32429,8,1.0
98,0.0,1.0,1.885,1.0,9.0,5,136.7355205021436,280.0194905896589,pobre,basal,4,625.0,752.0,1.0,66.0,16,425,32429,8,1.0
97,1.0,1.0,1.885,1.0,3.0,5,136.7355205021436,280.0194905896589,pobre,basal,4,625.0,752.0,1.0,66.0,10,425,32430,3,1.0
98,1.0,1.0,1.885,1.0,4.0,5,136.7355205021436,280.0194905896589,pobre,basal,4,625.0,752.0,1.0,66.0,11,425,32430,3,1.0
97,0.0,1.0,1.885,1.0,1.0,10,136.7355205021436,280.0194905896589,pobre,basal,4,0.0,760.03998,1.0,49.0,7,425,32431,1,1.0
98,0.0,1.0,1.885,1.0,2.0,10,136.7355205021436,280.0194905896589,pobre,basal,4,0.0,760.03998,1.0,49.0,8,425,32431,1,1.0
97,0.0,1.0,1.885,1.0,0.0,10,136.7355205021436,280.0194905896589,pobre,basal,4,0.0,760.03998,1.0,49.0,6,425,32432,0,1.0
98,0.0,1.0,1.885,1.0,1.0,10,136.7355205021436,280.0194905896589,pobre,basal,4,0.0,760.03998,1.0,49.0,7,425,32432,0,1.0
97,1.0,1.0,1.885,1.0,8.0,10,136.7355205021436,280.0194905896589,pobre,basal,4,0.0,760.03998,1.0,49.0,15,425,32433,8,1.0
98,1.0,1.0,1.885,0.0,9.0,10,136.7355205021436,280.0194905896589,pobre,basal,4,0.0,760.03998,1.0,49.0,16,425,32433,8,1.0
97,1.0,1.0,1.885,1.0,8.0,7,136.7355205021436,280.0194905896589,pobre,basal,3,640.0,688.0,1.0,41.0,15,425,32434,8,1.0
98,1.0,1.0,1.885,,,7,136.7355205021436,280.0194905896589,pobre,basal,3,640.0,688.0,1.0,41.0,16,425,32434,8,1.0
97,0.0,1.0,1.885,1.0,6.0,7,136.7355205021436,280.0194905896589,pobre,basal,3,640.0,688.0,1.0,41.0,13,425,32435,6,1.0
98,0.0,1.0,1.885,1.0,7.0,7,136.7355205021436,280.0194905896589,pobre,basal,3,640.0,688.0,1.0,41.0,14,425,32435,6,1.0
97,1.0,1.0,1.885,1.0,3.0,7,136.7355205021436,280.0194905896589,pobre,basal,3,640.0,688.0,1.0,41.0,9,425,32436,3,1.0
98,1.0,1.0,1.885,1.0,4.0,7,136.7355205021436,280.0194905896589,pobre,basal,3,640.0,688.0,1.0,41.0,10,425,32436,3,1.0
97,1.0,1.0,1.885,1.0,6.0,5,136.7355205021436,280.0194905896589,pobre,basal,9,625.0,728.0,1.0,32.0,13,425,32437,6,1.0
98,1.0,1.0,1.885,1.0,7.0,5,136.7355205021436,280.0194905896589,pobre,basal,9,625.0,728.0,1.0,32.0,14,425,32437,6,1.0
97,0.0,1.0,1.885,1.0,4.0,5,136.7355205021436,280.0194905896589,pobre,basal,9,625.0,728.0,1.0,32.0,11,425,32438,4,1.0
98,0.0,1.0,1.885,1.0,5.0,5,136.7355205021436,280.0194905896589,pobre,basal,9,625.0,728.0,1.0,32.0,12,425,32438,4,1.0
97,1.0,1.0,1.885,1.0,3.0,5,136.7355205021436,280.0194905896589,pobre,basal,9,625.0,728.0,1.0,32.0,9,425,32439,3,1.0
98,1.0,1.0,1.885,1.0,4.0,5,136.7355205021436,280.0194905896589,pobre,basal,9,625.0,728.0,1.0,32.0,10,425,32439,3,1.0
97,0.0,0.0,4.152,1.0,7.0,7,52.27688165081197,75.3069717543874,no pobre,0,6,166.66667,1011.0,1.0,33.0,13,477,32440,7,1.0
98,0.0,0.0,4.152,1.0,8.0,7,52.27688165081197,75.3069717543874,no pobre,0,6,166.66667,1011.0,1.0,33.0,14,477,32440,7,1.0
97,0.0,0.0,4.152,1.0,1.0,7,52.27688165081197,75.3069717543874,no pobre,0,6,166.66667,1011.0,1.0,33.0,12,477,32441,1,1.0
98,0.0,0.0,4.152,1.0,8.0,7,52.27688165081197,75.3069717543874,no pobre,0,6,166.66667,1011.0,1.0,33.0,13,477,32441,1,1.0
97,0.0,0.0,4.152,1.0,1.0,7,52.27688165081197,75.3069717543874,no pobre,0,6,166.66667,1011.0,1.0,33.0,8,477,32442,1,1.0
98,0.0,0.0,4.152,1.0,2.0,7,52.27688165081197,75.3069717543874,no pobre,0,6,166.66667,1011.0,1.0,33.0,9,477,32442,1,1.0
97,1.0,1.0,1.885,1.0,8.0,6,136.7355205021436,280.0194905896589,pobre,basal,4,625.0,900.0,1.0,39.0,15,425,32443,8,1.0
98,1.0,1.0,1.885,1.0,9.0,6,136.7355205021436,280.0194905896589,pobre,basal,4,625.0,900.0,1.0,39.0,16,425,32443,8,1.0
97,0.0,1.0,1.885,1.0,0.0,5,136.7355205021436,280.0194905896589,pobre,basal,6,625.0,522.0,1.0,28.0,6,425,32444,0,1.0
98,0.0,1.0,1.885,1.0,1.0,5,136.7355205021436,280.0194905896589,pobre,basal,6,625.0,522.0,1.0,28.0,7,425,32444,0,1.0
97,1.0,1.0,0.73799998,1.0,1.0,10,142.1629291311248,296.7033680456113,pobre,basal,0,100.0,754.5,1.0,54.0,16,433,32445,1,1.0
98,1.0,1.0,0.73799998,,,10,142.1629291311248,296.7033680456113,pobre,basal,0,100.0,754.5,1.0,54.0,17,433,32445,1,1.0
97,0.0,1.0,0.73799998,1.0,4.0,10,142.1629291311248,296.7033680456113,pobre,basal,0,100.0,754.5,1.0,54.0,12,433,32446,4,1.0
98,0.0,1.0,0.73799998,1.0,5.0,10,142.1629291311248,296.7033680456113,pobre,basal,0,100.0,754.5,1.0,54.0,13,433,32446,4,1.0
97,0.0,0.0,4.152,1.0,8.0,6,52.27688165081197,75.3069717543874,no pobre,0,0,2500.0,1187.0,0.0,50.0,15,477,32447,8,1.0
98,0.0,0.0,4.152,0.0,9.0,6,52.27688165081197,75.3069717543874,no pobre,0,0,2500.0,1187.0,0.0,50.0,16,477,32447,8,1.0
97,1.0,0.0,4.152,1.0,5.0,6,52.27688165081197,75.3069717543874,no pobre,0,0,2500.0,1187.0,0.0,50.0,12,477,32448,5,1.0
98,1.0,0.0,4.152,1.0,3.0,6,52.27688165081197,75.3069717543874,no pobre,0,0,2500.0,1187.0,0.0,50.0,13,477,32448,5,1.0
97,1.0,0.0,4.152,0.0,6.0,5,52.27688165081197,75.3069717543874,no pobre,0,3,2083.3333,994.0,1.0,65.0,15,477,32449,6,0.0
98,1.0,0.0,4.152,0.0,6.0,5,52.27688165081197,75.3069717543874,no pobre,0,3,2083.3333,994.0,1.0,65.0,16,477,32449,6,0.0
97,1.0,0.0,4.152,1.0,7.0,5,52.27688165081197,75.3069717543874,no pobre,0,3,2083.3333,994.0,1.0,65.0,14,477,32450,7,1.0
98,1.0,0.0,4.152,1.0,8.0,5,52.27688165081197,75.3069717543874,no pobre,0,3,2083.3333,994.0,1.0,65.0,15,477,32450,7,1.0
97,1.0,0.0,4.152,1.0,5.0,5,52.27688165081197,75.3069717543874,no pobre,0,3,2083.3333,994.0,1.0,65.0,12,477,32451,5,1.0
98,1.0,0.0,4.152,1.0,6.0,5,52.27688165081197,75.3069717543874,no pobre,0,3,2083.3333,994.0,1.0,65.0,13,477,32451,5,1.0
97,1.0,1.0,4.302,1.0,5.0,3,141.8934480113655,284.1669175236383,pobre,basal,0,625.0,636.0,1.0,48.0,14,434,32452,5,1.0
98,1.0,1.0,4.302,0.0,6.0,3,141.8934480113655,284.1669175236383,pobre,basal,0,625.0,636.0,1.0,48.0,15,434,32452,5,1.0
97,0.0,1.0,4.302,1.0,0.0,6,141.8934480113655,284.1669175236383,pobre,basal,8,625.0,652.0,1.0,24.0,6,434,32453,0,1.0
98,0.0,1.0,4.302,1.0,1.0,6,141.8934480113655,284.1669175236383,pobre,basal,8,625.0,652.0,1.0,24.0,7,434,32453,0,1.0
97,0.0,1.0,4.302,1.0,6.0,6,141.8934480113655,284.1669175236383,pobre,basal,4,625.0,647.0,1.0,43.0,14,434,32454,6,1.0
98,0.0,1.0,4.302,1.0,7.0,6,141.8934480113655,284.1669175236383,pobre,basal,4,625.0,647.0,1.0,43.0,15,434,32454,6,1.0
97,1.0,1.0,4.302,1.0,1.0,6,141.8934480113655,284.1669175236383,pobre,basal,4,625.0,647.0,1.0,43.0,8,434,32455,1,1.0
98,1.0,1.0,4.302,1.0,2.0,6,141.8934480113655,284.1669175236383,pobre,basal,4,625.0,647.0,1.0,43.0,9,434,32455,1,1.0
97,1.0,1.0,4.302,1.0,9.0,6,141.8934480113655,284.1669175236383,pobre,basal,6,625.0,671.0,1.0,37.0,15,434,32456,9,1.0
98,1.0,1.0,4.302,1.0,10.0,6,141.8934480113655,284.1669175236383,pobre,basal,6,625.0,671.0,1.0,37.0,16,434,32456,9,1.0
97,1.0,1.0,4.302,1.0,7.0,6,141.8934480113655,284.1669175236383,pobre,basal,6,625.0,671.0,1.0,37.0,12,434,32457,7,1.0
98,1.0,1.0,4.302,1.0,7.0,6,141.8934480113655,284.1669175236383,pobre,basal,6,625.0,671.0,1.0,37.0,13,434,32457,7,1.0
97,0.0,1.0,4.302,1.0,3.0,6,141.8934480113655,284.1669175236383,pobre,basal,6,625.0,671.0,1.0,37.0,9,434,32458,3,1.0
98,0.0,1.0,4.302,1.0,4.0,6,141.8934480113655,284.1669175236383,pobre,basal,6,625.0,671.0,1.0,37.0,10,434,32458,3,1.0
97,0.0,1.0,4.302,1.0,2.0,7,141.8934480113655,284.1669175236383,pobre,basal,2,0.0,796.5,1.0,65.0,8,434,32459,2,1.0
98,0.0,1.0,4.302,1.0,3.0,7,141.8934480113655,284.1669175236383,pobre,basal,2,0.0,796.5,1.0,65.0,9,434,32459,2,1.0
97,0.0,1.0,4.302,1.0,0.0,7,141.8934480113655,284.1669175236383,pobre,basal,2,0.0,796.5,1.0,65.0,6,434,32460,0,1.0
98,0.0,1.0,4.302,1.0,1.0,7,141.8934480113655,284.1669175236383,pobre,basal,2,0.0,796.5,1.0,65.0,7,434,32460,0,1.0
97,0.0,0.0,3.0380001,0.0,6.0,11,87.89839395744144,92.20735663546328,no pobre,basal,1,0.0,708.25,1.0,52.0,14,178,32461,6,0.0
98,0.0,0.0,3.0380001,0.0,6.0,11,87.89839395744144,92.20735663546328,no pobre,basal,1,0.0,708.25,1.0,52.0,15,178,32461,6,0.0
97,0.0,0.0,3.0380001,1.0,1.0,11,87.89839395744144,92.20735663546328,no pobre,basal,1,0.0,708.25,1.0,52.0,7,178,32462,1,1.0
98,0.0,0.0,3.0380001,1.0,2.0,11,87.89839395744144,92.20735663546328,no pobre,basal,1,0.0,708.25,1.0,52.0,8,178,32462,1,1.0
97,1.0,0.0,3.0380001,1.0,5.0,6,87.89839395744144,92.20735663546328,pobre,basal,0,0.0,553.0,1.0,75.0,12,178,32463,5,1.0
98,1.0,0.0,3.0380001,0.0,6.0,6,87.89839395744144,92.20735663546328,pobre,basal,0,0.0,553.0,1.0,75.0,13,178,32463,5,1.0
97,1.0,0.0,3.0380001,1.0,4.0,6,87.89839395744144,92.20735663546328,pobre,basal,0,0.0,553.0,1.0,75.0,11,178,32464,4,1.0
98,1.0,0.0,3.0380001,1.0,4.0,6,87.89839395744144,92.20735663546328,pobre,basal,0,0.0,553.0,1.0,75.0,12,178,32464,4,1.0
97,1.0,0.0,3.0380001,1.0,2.0,6,87.89839395744144,92.20735663546328,pobre,basal,0,0.0,553.0,1.0,75.0,8,178,32465,2,1.0
98,1.0,0.0,3.0380001,1.0,3.0,6,87.89839395744144,92.20735663546328,pobre,basal,0,0.0,553.0,1.0,75.0,9,178,32465,2,1.0
97,0.0,0.0,3.0380001,0.0,6.0,10,87.89839395744144,92.20735663546328,pobre,basal,6,2000.0,583.33002,1.0,38.0,15,178,32466,6,0.0
98,0.0,0.0,3.0380001,,,10,87.89839395744144,92.20735663546328,pobre,basal,6,2000.0,583.33002,1.0,38.0,16,178,32466,6,0.0
97,0.0,0.0,3.0380001,1.0,5.0,10,87.89839395744144,92.20735663546328,pobre,basal,6,2000.0,583.33002,1.0,38.0,13,178,32467,5,1.0
98,0.0,0.0,3.0380001,,,10,87.89839395744144,92.20735663546328,pobre,basal,6,2000.0,583.33002,1.0,38.0,14,178,32467,5,1.0
97,0.0,0.0,3.0380001,1.0,3.0,10,87.89839395744144,92.20735663546328,pobre,basal,6,2000.0,583.33002,1.0,38.0,11,178,32468,3,1.0
98,0.0,0.0,3.0380001,,,10,87.89839395744144,92.20735663546328,pobre,basal,6,2000.0,583.33002,1.0,38.0,12,178,32468,3,1.0
97,1.0,0.0,3.0380001,1.0,2.0,10,87.89839395744144,92.20735663546328,pobre,basal,6,2000.0,583.33002,1.0,38.0,9,178,32469,2,1.0
98,1.0,0.0,3.0380001,,,10,87.89839395744144,92.20735663546328,pobre,basal,6,2000.0,583.33002,1.0,38.0,10,178,32469,2,1.0
97,1.0,0.0,3.0380001,1.0,0.0,10,87.89839395744144,92.20735663546328,pobre,basal,6,2000.0,583.33002,1.0,38.0,6,178,32470,0,1.0
98,1.0,0.0,3.0380001,,,10,87.89839395744144,92.20735663546328,pobre,basal,6,2000.0,583.33002,1.0,38.0,7,178,32470,0,1.0
97,1.0,1.0,4.302,1.0,2.0,5,141.8934480113655,284.1669175236383,pobre,basal,4,625.0,695.0,1.0,38.0,9,434,32471,2,1.0
98,1.0,1.0,4.302,1.0,3.0,5,141.8934480113655,284.1669175236383,pobre,basal,4,625.0,695.0,1.0,38.0,10,434,32471,2,1.0
97,0.0,1.0,4.302,1.0,1.0,5,141.8934480113655,284.1669175236383,pobre,basal,4,625.0,695.0,1.0,38.0,7,434,32472,1,1.0
98,0.0,1.0,4.302,1.0,2.0,5,141.8934480113655,284.1669175236383,pobre,basal,4,625.0,695.0,1.0,38.0,8,434,32472,1,1.0
97,1.0,0.0,3.0380001,1.0,5.0,7,87.89839395744144,92.20735663546328,pobre,basal,2,750.0,474.0,1.0,43.0,14,178,32473,5,1.0
98,1.0,0.0,3.0380001,0.0,6.0,7,87.89839395744144,92.20735663546328,pobre,basal,2,750.0,474.0,1.0,43.0,15,178,32473,5,1.0
97,1.0,0.0,3.0380001,1.0,3.0,7,87.89839395744144,92.20735663546328,pobre,basal,2,750.0,474.0,1.0,43.0,13,178,32474,3,1.0
98,1.0,0.0,3.0380001,1.0,4.0,7,87.89839395744144,92.20735663546328,pobre,basal,2,750.0,474.0,1.0,43.0,14,178,32474,3,1.0
97,0.0,0.0,3.0380001,1.0,4.0,7,87.89839395744144,92.20735663546328,pobre,basal,2,750.0,474.0,1.0,43.0,12,178,32475,4,1.0
98,0.0,0.0,3.0380001,1.0,5.0,7,87.89839395744144,92.20735663546328,pobre,basal,2,750.0,474.0,1.0,43.0,13,178,32475,4,1.0
97,1.0,0.0,3.0380001,0.0,6.0,6,87.89839395744144,92.20735663546328,pobre,basal,6,720.0,584.0,1.0,42.0,15,178,32476,6,0.0
98,1.0,0.0,3.0380001,0.0,6.0,6,87.89839395744144,92.20735663546328,pobre,basal,6,720.0,584.0,1.0,42.0,16,178,32476,6,0.0
97,1.0,0.0,3.0380001,1.0,3.0,6,87.89839395744144,92.20735663546328,pobre,basal,6,720.0,584.0,1.0,42.0,10,178,32477,3,1.0
98,1.0,0.0,3.0380001,1.0,3.0,6,87.89839395744144,92.20735663546328,pobre,basal,6,720.0,584.0,1.0,42.0,11,178,32477,3,1.0
97,1.0,0.0,3.0380001,1.0,7.0,7,87.89839395744144,92.20735663546328,pobre,basal,8,1400.0,578.0,1.0,35.0,14,178,32478,7,1.0
98,1.0,0.0,3.0380001,1.0,8.0,7,87.89839395744144,92.20735663546328,pobre,basal,8,1400.0,578.0,1.0,35.0,15,178,32478,7,1.0
97,0.0,0.0,3.0380001,1.0,7.0,7,87.89839395744144,92.20735663546328,pobre,basal,8,1400.0,578.0,1.0,35.0,12,178,32479,7,1.0
98,0.0,0.0,3.0380001,1.0,8.0,7,87.89839395744144,92.20735663546328,pobre,basal,8,1400.0,578.0,1.0,35.0,13,178,32479,7,1.0
97,0.0,0.0,3.0380001,1.0,3.0,7,87.89839395744144,92.20735663546328,pobre,basal,8,1400.0,578.0,1.0,35.0,9,178,32480,3,1.0
98,0.0,0.0,3.0380001,1.0,4.0,7,87.89839395744144,92.20735663546328,pobre,basal,8,1400.0,578.0,1.0,35.0,10,178,32480,3,1.0
97,0.0,0.0,3.0380001,1.0,9.0,9,87.89839395744144,92.20735663546328,pobre,basal,3,2000.0,678.5,1.0,43.0,16,178,32481,9,1.0
98,0.0,0.0,3.0380001,1.0,0.0,9,87.89839395744144,92.20735663546328,pobre,basal,3,2000.0,678.5,1.0,43.0,17,178,32481,9,1.0
97,0.0,0.0,3.0380001,1.0,7.0,9,87.89839395744144,92.20735663546328,pobre,basal,3,2000.0,678.5,1.0,43.0,15,178,32482,7,1.0
98,0.0,0.0,3.0380001,1.0,8.0,9,87.89839395744144,92.20735663546328,pobre,basal,3,2000.0,678.5,1.0,43.0,16,178,32482,7,1.0
97,0.0,0.0,3.0380001,1.0,5.0,9,87.89839395744144,92.20735663546328,pobre,basal,3,2000.0,678.5,1.0,43.0,12,178,32483,5,1.0
98,0.0,0.0,3.0380001,1.0,6.0,9,87.89839395744144,92.20735663546328,pobre,basal,3,2000.0,678.5,1.0,43.0,13,178,32483,5,1.0
97,1.0,0.0,3.0380001,1.0,0.0,9,87.89839395744144,92.20735663546328,pobre,basal,3,2000.0,678.5,1.0,43.0,6,178,32484,0,1.0
98,1.0,0.0,3.0380001,1.0,1.0,9,87.89839395744144,92.20735663546328,pobre,basal,3,2000.0,678.5,1.0,43.0,7,178,32484,0,1.0
97,1.0,0.0,3.0380001,1.0,5.0,5,87.89839395744144,92.20735663546328,pobre,basal,6,0.0,495.0,1.0,37.0,13,178,32485,5,1.0
98,1.0,0.0,3.0380001,1.0,6.0,5,87.89839395744144,92.20735663546328,pobre,basal,6,0.0,495.0,1.0,37.0,14,178,32485,5,1.0
97,1.0,0.0,3.0380001,1.0,4.0,5,87.89839395744144,92.20735663546328,pobre,basal,6,0.0,495.0,1.0,37.0,11,178,32486,4,1.0
98,1.0,0.0,3.0380001,1.0,5.0,5,87.89839395744144,92.20735663546328,pobre,basal,6,0.0,495.0,1.0,37.0,12,178,32486,4,1.0
97,1.0,0.0,3.0380001,0.0,9.0,9,87.89839395744144,92.20735663546328,pobre,basal,6,0.0,594.0,1.0,38.0,16,178,32487,9,0.0
98,1.0,0.0,3.0380001,0.0,9.0,9,87.89839395744144,92.20735663546328,pobre,basal,6,0.0,594.0,1.0,38.0,17,178,32487,9,0.0
97,0.0,0.0,3.0380001,1.0,5.0,9,87.89839395744144,92.20735663546328,pobre,basal,6,0.0,594.0,1.0,38.0,13,178,32488,5,1.0
98,0.0,0.0,3.0380001,0.0,6.0,9,87.89839395744144,92.20735663546328,pobre,basal,6,0.0,594.0,1.0,38.0,14,178,32488,5,1.0
97,0.0,0.0,3.0380001,1.0,5.0,9,87.89839395744144,92.20735663546328,pobre,basal,6,0.0,594.0,1.0,38.0,12,178,32489,5,1.0
98,0.0,0.0,3.0380001,1.0,6.0,9,87.89839395744144,92.20735663546328,pobre,basal,6,0.0,594.0,1.0,38.0,13,178,32489,5,1.0
97,1.0,0.0,3.0380001,1.0,4.0,9,87.89839395744144,92.20735663546328,pobre,basal,6,0.0,594.0,1.0,38.0,11,178,32490,4,1.0
98,1.0,0.0,3.0380001,1.0,5.0,9,87.89839395744144,92.20735663546328,pobre,basal,6,0.0,594.0,1.0,38.0,12,178,32490,4,1.0
97,1.0,0.0,3.0380001,1.0,2.0,9,87.89839395744144,92.20735663546328,pobre,basal,6,0.0,594.0,1.0,38.0,8,178,32491,2,1.0
98,1.0,0.0,3.0380001,1.0,3.0,9,87.89839395744144,92.20735663546328,pobre,basal,6,0.0,594.0,1.0,38.0,9,178,32491,2,1.0
97,1.0,0.0,3.0380001,1.0,1.0,9,87.89839395744144,92.20735663546328,pobre,basal,6,0.0,594.0,1.0,38.0,7,178,32492,1,1.0
98,1.0,0.0,3.0380001,1.0,2.0,9,87.89839395744144,92.20735663546328,pobre,basal,6,0.0,594.0,1.0,38.0,8,178,32492,1,1.0
97,0.0,0.0,3.0380001,1.0,5.0,3,87.89839395744144,92.20735663546328,pobre,basal,0,0.0,536.0,1.0,80.0,15,178,32493,5,1.0
98,0.0,0.0,3.0380001,0.0,6.0,3,87.89839395744144,92.20735663546328,pobre,basal,0,0.0,536.0,1.0,80.0,16,178,32493,5,1.0
97,1.0,0.0,3.0380001,1.0,5.0,6,87.89839395744144,92.20735663546328,pobre,basal,0,0.0,529.0,1.0,47.0,15,178,32494,5,1.0
98,1.0,0.0,3.0380001,0.0,6.0,6,87.89839395744144,92.20735663546328,pobre,basal,0,0.0,529.0,1.0,47.0,16,178,32494,5,1.0
97,0.0,0.0,3.0380001,1.0,2.0,6,87.89839395744144,92.20735663546328,pobre,basal,0,0.0,529.0,1.0,47.0,11,178,32495,2,1.0
98,0.0,0.0,3.0380001,1.0,3.0,6,87.89839395744144,92.20735663546328,pobre,basal,0,0.0,529.0,1.0,47.0,12,178,32495,2,1.0
97,1.0,0.0,3.0380001,1.0,1.0,6,87.89839395744144,92.20735663546328,pobre,basal,0,0.0,529.0,1.0,47.0,7,178,32496,1,1.0
98,1.0,0.0,3.0380001,1.0,1.0,6,87.89839395744144,92.20735663546328,pobre,basal,0,0.0,529.0,1.0,47.0,8,178,32496,1,1.0
97,1.0,0.0,3.0380001,1.0,3.0,6,87.89839395744144,92.20735663546328,pobre,basal,0,0.0,529.0,1.0,47.0,6,178,32497,3,1.0
98,1.0,0.0,3.0380001,1.0,3.0,6,87.89839395744144,92.20735663546328,pobre,basal,0,0.0,529.0,1.0,47.0,7,178,32497,3,1.0
97,1.0,0.0,3.0380001,0.0,9.0,7,87.89839395744144,92.20735663546328,pobre,basal,6,1600.0,653.33002,1.0,36.0,16,178,32498,9,0.0
98,1.0,0.0,3.0380001,,,7,87.89839395744144,92.20735663546328,pobre,basal,6,1600.0,653.33002,1.0,36.0,17,178,32498,9,0.0
97,0.0,0.0,3.0380001,0.0,6.0,7,87.89839395744144,92.20735663546328,pobre,basal,6,1600.0,653.33002,1.0,36.0,15,178,32499,6,0.0
98,0.0,0.0,3.0380001,,,7,87.89839395744144,92.20735663546328,pobre,basal,6,1600.0,653.33002,1.0,36.0,16,178,32499,6,0.0
97,1.0,0.0,3.0380001,1.0,6.0,7,87.89839395744144,92.20735663546328,pobre,basal,6,1600.0,653.33002,1.0,36.0,13,178,32500,6,1.0
98,1.0,0.0,3.0380001,,,7,87.89839395744144,92.20735663546328,pobre,basal,6,1600.0,653.33002,1.0,36.0,14,178,32500,6,1.0
97,1.0,0.0,3.0380001,1.0,2.0,7,87.89839395744144,92.20735663546328,pobre,basal,6,1600.0,653.33002,1.0,36.0,7,178,32501,2,1.0
98,1.0,0.0,3.0380001,,,7,87.89839395744144,92.20735663546328,pobre,basal,6,1600.0,653.33002,1.0,36.0,8,178,32501,2,1.0
97,0.0,0.0,3.0380001,1.0,0.0,7,87.89839395744144,92.20735663546328,pobre,basal,6,1600.0,653.33002,1.0,36.0,6,178,32502,0,1.0
98,0.0,0.0,3.0380001,,,7,87.89839395744144,92.20735663546328,pobre,basal,6,1600.0,653.33002,1.0,36.0,7,178,32502,0,1.0
97,1.0,0.0,3.0380001,0.0,6.0,9,87.89839395744144,92.20735663546328,pobre,basal,2,0.0,579.0,1.0,47.0,14,178,32503,6,0.0
98,1.0,0.0,3.0380001,0.0,6.0,9,87.89839395744144,92.20735663546328,pobre,basal,2,0.0,579.0,1.0,47.0,15,178,32503,6,0.0
97,0.0,0.0,3.0380001,1.0,3.0,9,87.89839395744144,92.20735663546328,pobre,basal,2,0.0,579.0,1.0,47.0,11,178,32504,3,1.0
98,0.0,0.0,3.0380001,1.0,4.0,9,87.89839395744144,92.20735663546328,pobre,basal,2,0.0,579.0,1.0,47.0,12,178,32504,3,1.0
97,1.0,0.0,3.0380001,1.0,0.0,9,87.89839395744144,92.20735663546328,pobre,basal,2,0.0,579.0,1.0,47.0,7,178,32505,0,1.0
98,1.0,0.0,3.0380001,1.0,1.0,9,87.89839395744144,92.20735663546328,pobre,basal,2,0.0,579.0,1.0,47.0,8,178,32505,0,1.0
97,1.0,0.0,3.0380001,1.0,4.0,7,87.89839395744144,92.20735663546328,pobre,basal,6,1000.0,483.0,1.0,33.0,14,178,32506,4,1.0
98,1.0,0.0,3.0380001,1.0,5.0,7,87.89839395744144,92.20735663546328,pobre,basal,6,1000.0,483.0,1.0,33.0,15,178,32506,4,1.0
97,0.0,0.0,3.0380001,0.0,5.0,7,87.89839395744144,92.20735663546328,pobre,basal,6,1000.0,483.0,1.0,33.0,12,178,32507,5,0.0
98,0.0,0.0,3.0380001,1.0,5.0,7,87.89839395744144,92.20735663546328,pobre,basal,6,1000.0,483.0,1.0,33.0,13,178,32507,5,0.0
97,1.0,0.0,3.0380001,1.0,3.0,7,87.89839395744144,92.20735663546328,pobre,basal,6,1000.0,483.0,1.0,33.0,8,178,32508,3,1.0
98,1.0,0.0,3.0380001,1.0,4.0,7,87.89839395744144,92.20735663546328,pobre,basal,6,1000.0,483.0,1.0,33.0,9,178,32508,3,1.0
97,0.0,0.0,3.0380001,1.0,1.0,7,87.89839395744144,92.20735663546328,pobre,basal,6,1000.0,483.0,1.0,33.0,6,178,32509,1,1.0
98,0.0,0.0,3.0380001,1.0,1.0,7,87.89839395744144,92.20735663546328,pobre,basal,6,1000.0,483.0,1.0,33.0,7,178,32509,1,1.0
97,1.0,0.0,3.0380001,1.0,8.0,6,87.89839395744144,92.20735663546328,pobre,basal,2,2800.0,628.0,1.0,39.0,16,178,32510,8,1.0
98,1.0,0.0,3.0380001,,,6,87.89839395744144,92.20735663546328,pobre,basal,2,2800.0,628.0,1.0,39.0,17,178,32510,8,1.0
97,1.0,0.0,3.0380001,1.0,8.0,6,87.89839395744144,92.20735663546328,pobre,basal,2,2800.0,628.0,1.0,39.0,14,178,32511,8,1.0
98,1.0,0.0,3.0380001,1.0,8.0,6,87.89839395744144,92.20735663546328,pobre,basal,2,2800.0,628.0,1.0,39.0,15,178,32511,8,1.0
97,0.0,0.0,3.0380001,1.0,5.0,6,87.89839395744144,92.20735663546328,pobre,basal,2,2800.0,628.0,1.0,39.0,11,178,32512,5,1.0
98,0.0,0.0,3.0380001,1.0,6.0,6,87.89839395744144,92.20735663546328,pobre,basal,2,2800.0,628.0,1.0,39.0,12,178,32512,5,1.0
97,1.0,1.0,3.3399999,1.0,4.0,2,134.8632117453186,294.006768656868,pobre,basal,0,375.0,670.0,0.0,46.0,10,424,32513,4,1.0
98,1.0,1.0,3.3399999,1.0,5.0,2,134.8632117453186,294.006768656868,pobre,basal,0,375.0,670.0,0.0,46.0,11,424,32513,4,1.0
97,1.0,0.0,3.0380001,1.0,0.0,9,87.89839395744144,92.20735663546328,no pobre,basal,2,1000.0,634.5,1.0,47.0,7,178,32514,0,1.0
98,1.0,0.0,3.0380001,,,9,87.89839395744144,92.20735663546328,no pobre,basal,2,1000.0,634.5,1.0,47.0,8,178,32514,0,1.0
97,0.0,0.0,3.0380001,0.0,4.0,9,87.89839395744144,92.20735663546328,no pobre,basal,2,1000.0,634.5,1.0,47.0,14,178,32515,4,0.0
98,0.0,0.0,3.0380001,,,9,87.89839395744144,92.20735663546328,no pobre,basal,2,1000.0,634.5,1.0,47.0,15,178,32515,4,0.0
97,0.0,1.0,3.3399999,1.0,4.0,8,134.8632117453186,294.006768656868,no pobre,basal,15,4200.0,869.0,1.0,48.0,10,424,32516,4,1.0
98,0.0,1.0,3.3399999,1.0,5.0,8,134.8632117453186,294.006768656868,no pobre,basal,15,4200.0,869.0,1.0,48.0,11,424,32516,4,1.0
97,0.0,1.0,3.3399999,1.0,1.0,8,134.8632117453186,294.006768656868,no pobre,basal,15,4200.0,869.0,1.0,48.0,6,424,32517,1,1.0
98,0.0,1.0,3.3399999,1.0,2.0,8,134.8632117453186,294.006768656868,no pobre,basal,15,4200.0,869.0,1.0,48.0,7,424,32517,1,1.0
97,0.0,0.0,3.0380001,1.0,1.0,5,87.89839395744144,92.20735663546328,pobre,basal,6,1000.0,477.0,1.0,30.0,7,178,32518,1,1.0
98,0.0,0.0,3.0380001,1.0,2.0,5,87.89839395744144,92.20735663546328,pobre,basal,6,1000.0,477.0,1.0,30.0,8,178,32518,1,1.0
97,0.0,0.0,3.3399999,1.0,1.0,5,134.8632117453186,294.006768656868,pobre,basal,9,500.0,693.0,1.0,36.0,7,424,32519,1,1.0
98,0.0,0.0,3.3399999,1.0,2.0,5,134.8632117453186,294.006768656868,pobre,basal,9,500.0,693.0,1.0,36.0,8,424,32519,1,1.0
97,0.0,0.0,3.3399999,1.0,4.0,3,134.8632117453186,294.006768656868,pobre,basal,2,240.0,827.0,0.0,61.0,12,424,32520,4,1.0
98,0.0,0.0,3.3399999,1.0,5.0,3,134.8632117453186,294.006768656868,pobre,basal,2,240.0,827.0,0.0,61.0,13,424,32520,4,1.0
97,1.0,0.0,3.3399999,1.0,3.0,3,134.8632117453186,294.006768656868,pobre,basal,2,240.0,827.0,0.0,61.0,11,424,32521,3,1.0
98,1.0,0.0,3.3399999,1.0,4.0,3,134.8632117453186,294.006768656868,pobre,basal,2,240.0,827.0,0.0,61.0,12,424,32521,3,1.0
97,0.0,0.0,3.0380001,0.0,6.0,4,87.89839395744144,92.20735663546328,pobre,basal,0,0.0,516.0,1.0,76.0,13,178,32522,6,0.0
98,0.0,0.0,3.0380001,0.0,6.0,4,87.89839395744144,92.20735663546328,pobre,basal,0,0.0,516.0,1.0,76.0,14,178,32522,6,0.0
97,1.0,0.0,3.0380001,1.0,5.0,4,87.89839395744144,92.20735663546328,pobre,basal,0,0.0,516.0,1.0,76.0,12,178,32523,5,1.0
98,1.0,0.0,3.0380001,1.0,6.0,4,87.89839395744144,92.20735663546328,pobre,basal,0,0.0,516.0,1.0,76.0,13,178,32523,5,1.0
97,1.0,1.0,3.3399999,1.0,5.0,4,134.8632117453186,294.006768656868,pobre,basal,0,500.0,764.0,1.0,56.0,13,424,32524,5,1.0
98,1.0,1.0,3.3399999,1.0,6.0,4,134.8632117453186,294.006768656868,pobre,basal,0,500.0,764.0,1.0,56.0,14,424,32524,5,1.0
97,0.0,1.0,3.3399999,1.0,4.0,4,134.8632117453186,294.006768656868,pobre,basal,0,500.0,764.0,1.0,56.0,11,424,32525,4,1.0
98,0.0,1.0,3.3399999,1.0,5.0,4,134.8632117453186,294.006768656868,pobre,basal,0,500.0,764.0,1.0,56.0,12,424,32525,4,1.0
97,1.0,0.0,3.3399999,1.0,6.0,7,134.8632117453186,294.006768656868,pobre,basal,7,500.0,868.0,1.0,41.0,13,424,32526,6,1.0
98,1.0,0.0,3.3399999,,,7,134.8632117453186,294.006768656868,pobre,basal,7,500.0,868.0,1.0,41.0,14,424,32526,6,1.0
97,1.0,0.0,3.3399999,0.0,8.0,9,134.8632117453186,294.006768656868,pobre,basal,0,160.0,593.59998,0.0,42.0,15,424,32527,8,0.0
98,1.0,0.0,3.3399999,,,9,134.8632117453186,294.006768656868,pobre,basal,0,160.0,593.59998,0.0,42.0,16,424,32527,8,0.0
97,1.0,0.0,3.3399999,1.0,6.0,9,134.8632117453186,294.006768656868,pobre,basal,0,160.0,593.59998,0.0,42.0,14,424,32528,6,1.0
98,1.0,0.0,3.3399999,1.0,7.0,9,134.8632117453186,294.006768656868,pobre,basal,0,160.0,593.59998,0.0,42.0,15,424,32528,6,1.0
97,1.0,0.0,3.3399999,1.0,5.0,9,134.8632117453186,294.006768656868,pobre,basal,0,160.0,593.59998,0.0,42.0,13,424,32529,5,1.0
98,1.0,0.0,3.3399999,1.0,6.0,9,134.8632117453186,294.006768656868,pobre,basal,0,160.0,593.59998,0.0,42.0,14,424,32529,5,1.0
97,0.0,0.0,3.3399999,1.0,4.0,9,134.8632117453186,294.006768656868,pobre,basal,0,160.0,593.59998,0.0,42.0,12,424,32530,4,1.0
98,0.0,0.0,3.3399999,1.0,5.0,9,134.8632117453186,294.006768656868,pobre,basal,0,160.0,593.59998,0.0,42.0,13,424,32530,4,1.0
97,0.0,0.0,3.3399999,1.0,3.0,9,134.8632117453186,294.006768656868,pobre,basal,0,160.0,593.59998,0.0,42.0,11,424,32531,3,1.0
98,0.0,0.0,3.3399999,1.0,4.0,9,134.8632117453186,294.006768656868,pobre,basal,0,160.0,593.59998,0.0,42.0,12,424,32531,3,1.0
97,1.0,0.0,3.3399999,1.0,1.0,9,134.8632117453186,294.006768656868,pobre,basal,0,160.0,593.59998,0.0,42.0,9,424,32532,1,1.0
98,1.0,0.0,3.3399999,1.0,2.0,9,134.8632117453186,294.006768656868,pobre,basal,0,160.0,593.59998,0.0,42.0,10,424,32532,1,1.0
97,1.0,1.0,3.3399999,1.0,0.0,5,134.8632117453186,294.006768656868,pobre,basal,3,500.0,532.0,1.0,34.0,6,424,32533,0,1.0
98,1.0,1.0,3.3399999,1.0,1.0,5,134.8632117453186,294.006768656868,pobre,basal,3,500.0,532.0,1.0,34.0,7,424,32533,0,1.0
97,1.0,0.0,3.3399999,,0.0,6,134.8632117453186,294.006768656868,pobre,basal,6,500.0,590.0,1.0,27.0,6,424,32534,0,
98,1.0,0.0,3.3399999,1.0,0.0,6,134.8632117453186,294.006768656868,pobre,basal,6,500.0,590.0,1.0,27.0,7,424,32534,0,
97,0.0,1.0,0.0,1.0,6.0,6,134.7560732061176,285.4250077588848,pobre,basal,4,500.0,773.0,1.0,53.0,14,431,32535,6,1.0
98,0.0,1.0,0.0,1.0,7.0,6,134.7560732061176,285.4250077588848,pobre,basal,4,500.0,773.0,1.0,53.0,15,431,32535,6,1.0
97,0.0,1.0,0.0,1.0,1.0,6,134.7560732061176,285.4250077588848,pobre,basal,4,500.0,773.0,1.0,53.0,7,431,32536,1,1.0
98,0.0,1.0,0.0,1.0,2.0,6,134.7560732061176,285.4250077588848,pobre,basal,4,500.0,773.0,1.0,53.0,8,431,32536,1,1.0
97,1.0,1.0,0.0,1.0,8.0,12,134.7560732061176,285.4250077588848,no pobre,basal,3,240.0,999.0,1.0,55.0,15,431,32537,8,1.0
98,1.0,1.0,0.0,1.0,10.0,12,134.7560732061176,285.4250077588848,no pobre,basal,3,240.0,999.0,1.0,55.0,16,431,32537,8,1.0
97,1.0,1.0,0.0,1.0,7.0,12,134.7560732061176,285.4250077588848,no pobre,basal,3,240.0,999.0,1.0,55.0,13,431,32538,7,1.0
98,1.0,1.0,0.0,1.0,8.0,12,134.7560732061176,285.4250077588848,no pobre,basal,3,240.0,999.0,1.0,55.0,14,431,32538,7,1.0
97,0.0,1.0,0.0,1.0,5.0,12,134.7560732061176,285.4250077588848,no pobre,basal,3,240.0,999.0,1.0,55.0,11,431,32539,5,1.0
98,0.0,1.0,0.0,1.0,6.0,12,134.7560732061176,285.4250077588848,no pobre,basal,3,240.0,999.0,1.0,55.0,12,431,32539,5,1.0
97,1.0,1.0,0.0,1.0,2.0,12,134.7560732061176,285.4250077588848,no pobre,basal,3,240.0,999.0,1.0,55.0,9,431,32540,2,1.0
98,1.0,1.0,0.0,1.0,3.0,12,134.7560732061176,285.4250077588848,no pobre,basal,3,240.0,999.0,1.0,55.0,10,431,32540,2,1.0
97,1.0,1.0,0.0,1.0,1.0,12,134.7560732061176,285.4250077588848,no pobre,basal,3,240.0,999.0,1.0,55.0,8,431,32541,1,1.0
98,1.0,1.0,0.0,1.0,2.0,12,134.7560732061176,285.4250077588848,no pobre,basal,3,240.0,999.0,1.0,55.0,9,431,32541,1,1.0
97,1.0,1.0,0.0,1.0,1.0,12,134.7560732061176,285.4250077588848,no pobre,basal,3,240.0,999.0,1.0,55.0,8,431,32542,1,1.0
98,1.0,1.0,0.0,1.0,2.0,12,134.7560732061176,285.4250077588848,no pobre,basal,3,240.0,999.0,1.0,55.0,9,431,32542,1,1.0
97,0.0,1.0,0.0,1.0,0.0,12,134.7560732061176,285.4250077588848,no pobre,basal,3,240.0,999.0,1.0,55.0,6,431,32543,0,1.0
98,0.0,1.0,0.0,1.0,1.0,12,134.7560732061176,285.4250077588848,no pobre,basal,3,240.0,999.0,1.0,55.0,7,431,32543,0,1.0
97,0.0,1.0,0.0,1.0,1.0,6,134.7560732061176,285.4250077588848,pobre,basal,8,500.0,614.0,1.0,32.0,10,431,32544,1,1.0
98,0.0,1.0,0.0,1.0,2.0,6,134.7560732061176,285.4250077588848,pobre,basal,8,500.0,614.0,1.0,32.0,11,431,32544,1,1.0
97,1.0,1.0,0.0,1.0,1.0,6,134.7560732061176,285.4250077588848,pobre,basal,8,500.0,614.0,1.0,32.0,7,431,32545,1,1.0
98,1.0,1.0,0.0,1.0,2.0,6,134.7560732061176,285.4250077588848,pobre,basal,8,500.0,614.0,1.0,32.0,8,431,32545,1,1.0
97,0.0,1.0,0.0,1.0,8.0,4,134.7560732061176,285.4250077588848,pobre,basal,0,0.0,648.0,0.0,45.0,15,431,32546,8,1.0
98,0.0,1.0,0.0,0.0,9.0,4,134.7560732061176,285.4250077588848,pobre,basal,0,0.0,648.0,0.0,45.0,16,431,32546,8,1.0
97,1.0,1.0,0.0,1.0,4.0,4,134.7560732061176,285.4250077588848,pobre,basal,0,0.0,648.0,0.0,45.0,10,431,32547,4,1.0
98,1.0,1.0,0.0,1.0,5.0,4,134.7560732061176,285.4250077588848,pobre,basal,0,0.0,648.0,0.0,45.0,11,431,32547,4,1.0
97,0.0,1.0,0.0,1.0,0.0,4,134.7560732061176,285.4250077588848,pobre,basal,0,0.0,648.0,0.0,45.0,6,431,32548,0,1.0
98,0.0,1.0,0.0,1.0,0.0,4,134.7560732061176,285.4250077588848,pobre,basal,0,0.0,648.0,0.0,45.0,7,431,32548,0,1.0
97,0.0,1.0,0.0,1.0,4.0,8,134.7560732061176,285.4250077588848,pobre,basal,2,625.0,686.0,1.0,57.0,12,431,32549,4,1.0
98,0.0,1.0,0.0,1.0,5.0,8,134.7560732061176,285.4250077588848,pobre,basal,2,625.0,686.0,1.0,57.0,13,431,32549,4,1.0
97,0.0,1.0,0.0,1.0,2.0,8,134.7560732061176,285.4250077588848,pobre,basal,2,625.0,686.0,1.0,57.0,8,431,32550,2,1.0
98,0.0,1.0,0.0,1.0,3.0,8,134.7560732061176,285.4250077588848,pobre,basal,2,625.0,686.0,1.0,57.0,9,431,32550,2,1.0
97,1.0,1.0,0.597,1.0,9.0,8,154.6553372513015,266.2291890044938,pobre,0,6,500.0,699.0,1.0,46.0,16,430,32551,9,1.0
98,1.0,1.0,0.597,,,8,154.6553372513015,266.2291890044938,pobre,0,6,500.0,699.0,1.0,46.0,17,430,32551,9,1.0
97,1.0,1.0,0.597,1.0,6.0,8,154.6553372513015,266.2291890044938,pobre,0,6,500.0,699.0,1.0,46.0,14,430,32552,6,1.0
98,1.0,1.0,0.597,1.0,7.0,8,154.6553372513015,266.2291890044938,pobre,0,6,500.0,699.0,1.0,46.0,15,430,32552,6,1.0
97,0.0,1.0,0.597,1.0,3.0,8,154.6553372513015,266.2291890044938,pobre,0,6,500.0,699.0,1.0,46.0,12,430,32553,3,1.0
98,0.0,1.0,0.597,1.0,4.0,8,154.6553372513015,266.2291890044938,pobre,0,6,500.0,699.0,1.0,46.0,13,430,32553,3,1.0
97,0.0,1.0,0.597,1.0,2.0,5,154.6553372513015,266.2291890044938,pobre,0,4,500.0,795.5,1.0,46.0,13,430,32554,2,1.0
98,0.0,1.0,0.597,1.0,3.0,5,154.6553372513015,266.2291890044938,pobre,0,4,500.0,795.5,1.0,46.0,14,430,32554,2,1.0
97,0.0,1.0,0.597,1.0,2.0,5,154.6553372513015,266.2291890044938,pobre,0,4,500.0,795.5,1.0,46.0,10,430,32555,2,1.0
98,0.0,1.0,0.597,1.0,2.0,5,154.6553372513015,266.2291890044938,pobre,0,4,500.0,795.5,1.0,46.0,11,430,32555,2,1.0
97,1.0,0.0,0.597,1.0,5.0,5,154.6553372513015,266.2291890044938,pobre,0,6,500.0,729.0,1.0,37.0,12,430,32556,5,1.0
98,1.0,0.0,0.597,1.0,6.0,5,154.6553372513015,266.2291890044938,pobre,0,6,500.0,729.0,1.0,37.0,13,430,32556,5,1.0
97,1.0,0.0,0.597,1.0,3.0,5,154.6553372513015,266.2291890044938,pobre,0,6,500.0,729.0,1.0,37.0,9,430,32557,3,1.0
98,1.0,0.0,0.597,1.0,5.0,5,154.6553372513015,266.2291890044938,pobre,0,6,500.0,729.0,1.0,37.0,10,430,32557,3,1.0
97,0.0,0.0,0.597,1.0,0.0,5,154.6553372513015,266.2291890044938,pobre,0,6,500.0,729.0,1.0,37.0,8,430,32558,0,1.0
98,0.0,0.0,0.597,1.0,1.0,5,154.6553372513015,266.2291890044938,pobre,0,6,500.0,729.0,1.0,37.0,9,430,32558,0,1.0
97,1.0,1.0,0.597,1.0,4.0,7,154.6553372513015,266.2291890044938,pobre,0,4,500.0,719.5,1.0,61.0,11,430,32559,4,1.0
98,1.0,1.0,0.597,1.0,5.0,7,154.6553372513015,266.2291890044938,pobre,0,4,500.0,719.5,1.0,61.0,12,430,32559,4,1.0
97,1.0,1.0,0.597,1.0,1.0,7,154.6553372513015,266.2291890044938,pobre,0,4,500.0,719.5,1.0,61.0,8,430,32560,1,1.0
98,1.0,1.0,0.597,1.0,2.0,7,154.6553372513015,266.2291890044938,pobre,0,4,500.0,719.5,1.0,61.0,9,430,32560,1,1.0
97,0.0,1.0,0.597,1.0,0.0,7,154.6553372513015,266.2291890044938,pobre,0,4,500.0,719.5,1.0,61.0,6,430,32561,0,1.0
98,0.0,1.0,0.597,1.0,0.0,7,154.6553372513015,266.2291890044938,pobre,0,4,500.0,719.5,1.0,61.0,7,430,32561,0,1.0
97,1.0,1.0,0.597,1.0,3.0,4,154.6553372513015,266.2291890044938,pobre,0,0,120.0,812.0,0.0,50.0,14,430,32562,3,1.0
98,1.0,1.0,0.597,1.0,5.0,4,154.6553372513015,266.2291890044938,pobre,0,0,120.0,812.0,0.0,50.0,15,430,32562,3,1.0
97,1.0,1.0,0.597,1.0,8.0,7,154.6553372513015,266.2291890044938,pobre,0,0,625.0,696.0,1.0,52.0,16,430,32563,8,1.0
98,1.0,1.0,0.597,,,7,154.6553372513015,266.2291890044938,pobre,0,0,625.0,696.0,1.0,52.0,17,430,32563,8,1.0
97,0.0,1.0,0.597,1.0,6.0,7,154.6553372513015,266.2291890044938,pobre,0,0,625.0,696.0,1.0,52.0,14,430,32564,6,1.0
98,0.0,1.0,0.597,0.0,6.0,7,154.6553372513015,266.2291890044938,pobre,0,0,625.0,696.0,1.0,52.0,15,430,32564,6,1.0
97,1.0,1.0,0.597,1.0,4.0,7,154.6553372513015,266.2291890044938,pobre,0,0,625.0,696.0,1.0,52.0,12,430,32565,4,1.0
98,1.0,1.0,0.597,1.0,5.0,7,154.6553372513015,266.2291890044938,pobre,0,0,625.0,696.0,1.0,52.0,13,430,32565,4,1.0
97,1.0,1.0,0.597,1.0,1.0,7,154.6553372513015,266.2291890044938,pobre,0,0,625.0,696.0,1.0,52.0,8,430,32566,1,1.0
98,1.0,1.0,0.597,1.0,2.0,7,154.6553372513015,266.2291890044938,pobre,0,0,625.0,696.0,1.0,52.0,9,430,32566,1,1.0
97,1.0,1.0,0.597,1.0,7.0,5,154.6553372513015,266.2291890044938,pobre,0,2,625.0,768.5,1.0,52.0,15,430,32567,7,1.0
98,1.0,1.0,0.597,1.0,8.0,5,154.6553372513015,266.2291890044938,pobre,0,2,625.0,768.5,1.0,52.0,16,430,32567,7,1.0
97,1.0,1.0,0.597,1.0,4.0,5,154.6553372513015,266.2291890044938,pobre,0,2,625.0,768.5,1.0,52.0,11,430,32568,4,1.0
98,1.0,1.0,0.597,1.0,5.0,5,154.6553372513015,266.2291890044938,pobre,0,2,625.0,768.5,1.0,52.0,12,430,32568,4,1.0
97,0.0,1.0,0.597,1.0,8.0,11,154.6553372513015,266.2291890044938,pobre,0,6,625.0,649.5,1.0,35.0,15,430,32569,8,1.0
98,0.0,1.0,0.597,1.0,9.0,11,154.6553372513015,266.2291890044938,pobre,0,6,625.0,649.5,1.0,35.0,16,430,32569,8,1.0
97,0.0,1.0,0.597,1.0,6.0,11,154.6553372513015,266.2291890044938,pobre,0,6,625.0,649.5,1.0,35.0,12,430,32570,6,1.0
98,0.0,1.0,0.597,1.0,7.0,11,154.6553372513015,266.2291890044938,pobre,0,6,625.0,649.5,1.0,35.0,13,430,32570,6,1.0
97,1.0,1.0,0.597,1.0,3.0,11,154.6553372513015,266.2291890044938,pobre,0,6,625.0,649.5,1.0,35.0,9,430,32571,3,1.0
98,1.0,1.0,0.597,1.0,4.0,11,154.6553372513015,266.2291890044938,pobre,0,6,625.0,649.5,1.0,35.0,10,430,32571,3,1.0
97,0.0,1.0,0.597,1.0,8.0,11,154.6553372513015,266.2291890044938,pobre,0,6,625.0,649.5,1.0,35.0,16,430,32572,8,1.0
98,0.0,1.0,0.597,,,11,154.6553372513015,266.2291890044938,pobre,0,6,625.0,649.5,1.0,35.0,17,430,32572,8,1.0
97,0.0,0.0,0.58999997,1.0,6.0,8,141.8944903287733,273.2989389602207,pobre,0,5,625.0,566.0,1.0,37.0,14,441,32573,6,1.0
98,0.0,0.0,0.58999997,1.0,7.0,8,141.8944903287733,273.2989389602207,pobre,0,5,625.0,566.0,1.0,37.0,15,441,32573,6,1.0
97,0.0,0.0,0.58999997,1.0,4.0,8,141.8944903287733,273.2989389602207,pobre,0,5,625.0,566.0,1.0,37.0,11,441,32574,4,1.0
98,0.0,0.0,0.58999997,1.0,5.0,8,141.8944903287733,273.2989389602207,pobre,0,5,625.0,566.0,1.0,37.0,12,441,32574,4,1.0
97,0.0,0.0,0.58999997,1.0,1.0,8,141.8944903287733,273.2989389602207,pobre,0,5,625.0,566.0,1.0,37.0,8,441,32575,1,1.0
98,0.0,0.0,0.58999997,1.0,2.0,8,141.8944903287733,273.2989389602207,pobre,0,5,625.0,566.0,1.0,37.0,9,441,32575,1,1.0
97,0.0,1.0,0.58999997,1.0,8.0,7,141.8944903287733,273.2989389602207,pobre,0,3,625.0,753.5,1.0,51.0,15,441,32576,8,1.0
98,0.0,1.0,0.58999997,1.0,9.0,7,141.8944903287733,273.2989389602207,pobre,0,3,625.0,753.5,1.0,51.0,16,441,32576,8,1.0
97,0.0,1.0,0.58999997,1.0,6.0,7,141.8944903287733,273.2989389602207,pobre,0,3,625.0,753.5,1.0,51.0,13,441,32577,6,1.0
98,0.0,1.0,0.58999997,1.0,7.0,7,141.8944903287733,273.2989389602207,pobre,0,3,625.0,753.5,1.0,51.0,14,441,32577,6,1.0
97,0.0,1.0,0.58999997,1.0,5.0,7,141.8944903287733,273.2989389602207,pobre,0,3,625.0,753.5,1.0,51.0,11,441,32578,5,1.0
98,0.0,1.0,0.58999997,1.0,6.0,7,141.8944903287733,273.2989389602207,pobre,0,3,625.0,753.5,1.0,51.0,12,441,32578,5,1.0
97,1.0,0.0,1.801,0.0,6.0,4,96.29018455336102,134.8272406294017,pobre,0,2,625.0,766.0,1.0,50.0,14,470,32579,6,0.0
98,1.0,0.0,1.801,0.0,6.0,4,96.29018455336102,134.8272406294017,pobre,0,2,625.0,766.0,1.0,50.0,15,470,32579,6,0.0
97,0.0,0.0,1.801,1.0,4.0,7,96.29018455336102,134.8272406294017,pobre,0,3,500.0,588.0,1.0,33.0,13,470,32580,4,1.0
98,0.0,0.0,1.801,0.0,4.0,7,96.29018455336102,134.8272406294017,pobre,0,3,500.0,588.0,1.0,33.0,14,470,32580,4,1.0
97,0.0,0.0,1.801,1.0,2.0,7,96.29018455336102,134.8272406294017,pobre,0,3,500.0,588.0,1.0,33.0,11,470,32581,2,1.0
98,0.0,0.0,1.801,1.0,3.0,7,96.29018455336102,134.8272406294017,pobre,0,3,500.0,588.0,1.0,33.0,12,470,32581,2,1.0
97,0.0,0.0,1.801,1.0,2.0,7,96.29018455336102,134.8272406294017,pobre,0,3,500.0,588.0,1.0,33.0,9,470,32582,2,1.0
98,0.0,0.0,1.801,1.0,3.0,7,96.29018455336102,134.8272406294017,pobre,0,3,500.0,588.0,1.0,33.0,10,470,32582,2,1.0
97,1.0,0.0,1.801,1.0,1.0,7,96.29018455336102,134.8272406294017,pobre,0,3,500.0,588.0,1.0,33.0,7,470,32583,1,1.0
98,1.0,0.0,1.801,1.0,1.0,7,96.29018455336102,134.8272406294017,pobre,0,3,500.0,588.0,1.0,33.0,8,470,32583,1,1.0
97,1.0,0.0,1.801,1.0,6.0,4,96.29018455336102,134.8272406294017,pobre,0,2,500.0,667.0,1.0,31.0,14,470,32584,6,1.0
98,1.0,0.0,1.801,1.0,6.0,4,96.29018455336102,134.8272406294017,pobre,0,2,500.0,667.0,1.0,31.0,15,470,32584,6,1.0
97,0.0,0.0,1.801,1.0,3.0,4,96.29018455336102,134.8272406294017,pobre,0,2,500.0,667.0,1.0,31.0,10,470,32585,3,1.0
98,0.0,0.0,1.801,1.0,5.0,4,96.29018455336102,134.8272406294017,pobre,0,2,500.0,667.0,1.0,31.0,11,470,32585,3,1.0
97,0.0,0.0,1.801,0.0,4.0,9,96.29018455336102,134.8272406294017,pobre,0,1,500.0,582.5,1.0,38.0,15,470,32586,4,0.0
98,0.0,0.0,1.801,,,9,96.29018455336102,134.8272406294017,pobre,0,1,500.0,582.5,1.0,38.0,16,470,32586,4,0.0
97,1.0,0.0,1.801,0.0,6.0,9,96.29018455336102,134.8272406294017,pobre,0,1,500.0,582.5,1.0,38.0,14,470,32587,6,0.0
98,1.0,0.0,1.801,0.0,6.0,9,96.29018455336102,134.8272406294017,pobre,0,1,500.0,582.5,1.0,38.0,15,470,32587,6,0.0
97,1.0,0.0,1.801,1.0,5.0,9,96.29018455336102,134.8272406294017,pobre,0,1,500.0,582.5,1.0,38.0,13,470,32588,5,1.0
98,1.0,0.0,1.801,0.0,6.0,9,96.29018455336102,134.8272406294017,pobre,0,1,500.0,582.5,1.0,38.0,14,470,32588,5,1.0
97,1.0,0.0,1.801,1.0,3.0,9,96.29018455336102,134.8272406294017,pobre,0,1,500.0,582.5,1.0,38.0,11,470,32589,3,1.0
98,1.0,0.0,1.801,1.0,3.0,9,96.29018455336102,134.8272406294017,pobre,0,1,500.0,582.5,1.0,38.0,12,470,32589,3,1.0
97,1.0,0.0,1.801,1.0,2.0,9,96.29018455336102,134.8272406294017,pobre,0,1,500.0,582.5,1.0,38.0,9,470,32590,2,1.0
98,1.0,0.0,1.801,1.0,2.0,9,96.29018455336102,134.8272406294017,pobre,0,1,500.0,582.5,1.0,38.0,10,470,32590,2,1.0
97,0.0,0.0,1.801,1.0,0.0,9,96.29018455336102,134.8272406294017,pobre,0,1,500.0,582.5,1.0,38.0,8,470,32591,0,1.0
98,0.0,0.0,1.801,1.0,1.0,9,96.29018455336102,134.8272406294017,pobre,0,1,500.0,582.5,1.0,38.0,9,470,32591,0,1.0
97,1.0,0.0,1.801,1.0,5.0,4,96.29018455336102,134.8272406294017,pobre,0,2,920.0,748.0,1.0,37.0,11,470,32592,5,1.0
98,1.0,0.0,1.801,1.0,6.0,4,96.29018455336102,134.8272406294017,pobre,0,2,920.0,748.0,1.0,37.0,12,470,32592,5,1.0
97,0.0,0.0,1.801,1.0,2.0,4,96.29018455336102,134.8272406294017,pobre,0,2,920.0,748.0,1.0,37.0,9,470,32593,2,1.0
98,0.0,0.0,1.801,1.0,3.0,4,96.29018455336102,134.8272406294017,pobre,0,2,920.0,748.0,1.0,37.0,10,470,32593,2,1.0
97,1.0,0.0,1.801,0.0,5.0,7,96.29018455336102,134.8272406294017,no pobre,0,0,1000.0,944.75,1.0,57.0,16,470,32594,5,0.0
98,1.0,0.0,1.801,,,7,96.29018455336102,134.8272406294017,no pobre,0,0,1000.0,944.75,1.0,57.0,17,470,32594,5,0.0
97,0.0,0.0,1.801,0.0,6.0,7,96.29018455336102,134.8272406294017,no pobre,0,0,1000.0,944.75,1.0,57.0,14,470,32595,6,0.0
98,0.0,0.0,1.801,1.0,6.0,7,96.29018455336102,134.8272406294017,no pobre,0,0,1000.0,944.75,1.0,57.0,15,470,32595,6,0.0
97,0.0,0.0,1.801,1.0,5.0,7,96.29018455336102,134.8272406294017,no pobre,0,0,1000.0,944.75,1.0,57.0,12,470,32596,5,1.0
98,0.0,0.0,1.801,,,7,96.29018455336102,134.8272406294017,no pobre,0,0,1000.0,944.75,1.0,57.0,13,470,32596,5,1.0
97,1.0,0.0,1.801,0.0,6.0,5,96.29018455336102,134.8272406294017,no pobre,0,3,75.0,760.66669,0.0,37.0,13,470,32597,6,0.0
98,1.0,0.0,1.801,0.0,6.0,5,96.29018455336102,134.8272406294017,no pobre,0,3,75.0,760.66669,0.0,37.0,14,470,32597,6,0.0
97,1.0,0.0,1.801,1.0,5.0,5,96.29018455336102,134.8272406294017,no pobre,0,3,75.0,760.66669,0.0,37.0,12,470,32598,5,1.0
98,1.0,0.0,1.801,1.0,6.0,5,96.29018455336102,134.8272406294017,no pobre,0,3,75.0,760.66669,0.0,37.0,13,470,32598,5,1.0
97,1.0,0.0,1.801,1.0,2.0,5,96.29018455336102,134.8272406294017,no pobre,0,3,75.0,760.66669,0.0,37.0,9,470,32599,2,1.0
98,1.0,0.0,1.801,1.0,3.0,5,96.29018455336102,134.8272406294017,no pobre,0,3,75.0,760.66669,0.0,37.0,10,470,32599,2,1.0
97,1.0,0.0,1.801,0.0,2.0,9,96.29018455336102,134.8272406294017,pobre,0,3,500.0,630.0,1.0,33.0,15,470,32600,2,0.0
98,1.0,0.0,1.801,0.0,2.0,9,96.29018455336102,134.8272406294017,pobre,0,3,500.0,630.0,1.0,33.0,16,470,32600,2,0.0
97,1.0,0.0,1.801,0.0,3.0,9,96.29018455336102,134.8272406294017,pobre,0,3,500.0,630.0,1.0,33.0,14,470,32601,3,0.0
98,1.0,0.0,1.801,0.0,3.0,9,96.29018455336102,134.8272406294017,pobre,0,3,500.0,630.0,1.0,33.0,15,470,32601,3,0.0
97,1.0,0.0,1.801,0.0,1.0,9,96.29018455336102,134.8272406294017,pobre,0,3,500.0,630.0,1.0,33.0,12,470,32602,1,0.0
98,1.0,0.0,1.801,,,9,96.29018455336102,134.8272406294017,pobre,0,3,500.0,630.0,1.0,33.0,13,470,32602,1,0.0
97,0.0,0.0,1.801,1.0,1.0,9,96.29018455336102,134.8272406294017,pobre,0,3,500.0,630.0,1.0,33.0,9,470,32603,1,1.0
98,0.0,0.0,1.801,1.0,2.0,9,96.29018455336102,134.8272406294017,pobre,0,3,500.0,630.0,1.0,33.0,10,470,32603,1,1.0
97,0.0,0.0,1.801,1.0,1.0,9,96.29018455336102,134.8272406294017,pobre,0,3,500.0,630.0,1.0,33.0,7,470,32604,1,1.0
98,0.0,0.0,1.801,1.0,2.0,9,96.29018455336102,134.8272406294017,pobre,0,3,500.0,630.0,1.0,33.0,8,470,32604,1,1.0
97,0.0,0.0,1.801,1.0,5.0,6,96.29018455336102,134.8272406294017,pobre,0,0,33.333332,617.0,1.0,32.0,11,470,32605,5,1.0
98,0.0,0.0,1.801,0.0,6.0,6,96.29018455336102,134.8272406294017,pobre,0,0,33.333332,617.0,1.0,32.0,12,470,32605,5,1.0
97,0.0,0.0,1.801,1.0,1.0,6,96.29018455336102,134.8272406294017,pobre,0,0,33.333332,617.0,1.0,32.0,7,470,32606,1,1.0
98,0.0,0.0,1.801,1.0,2.0,6,96.29018455336102,134.8272406294017,pobre,0,0,33.333332,617.0,1.0,32.0,8,470,32606,1,1.0
97,0.0,0.0,1.801,0.0,6.0,6,96.29018455336102,134.8272406294017,pobre,0,3,1200.0,703.0,1.0,53.0,16,470,32607,6,0.0
98,0.0,0.0,1.801,,,6,96.29018455336102,134.8272406294017,pobre,0,3,1200.0,703.0,1.0,53.0,17,470,32607,6,0.0
97,1.0,0.0,1.801,1.0,2.0,6,96.29018455336102,134.8272406294017,pobre,0,3,1200.0,703.0,1.0,53.0,9,470,32608,2,1.0
98,1.0,0.0,1.801,,,6,96.29018455336102,134.8272406294017,pobre,0,3,1200.0,703.0,1.0,53.0,10,470,32608,2,1.0
97,0.0,0.0,1.801,0.0,5.0,6,96.29018455336102,134.8272406294017,pobre,0,3,625.0,661.0,1.0,37.0,16,470,32609,5,0.0
98,0.0,0.0,1.801,,,6,96.29018455336102,134.8272406294017,pobre,0,3,625.0,661.0,1.0,37.0,17,470,32609,5,0.0
97,1.0,0.0,1.801,1.0,3.0,6,96.29018455336102,134.8272406294017,pobre,0,3,625.0,661.0,1.0,37.0,10,470,32610,3,1.0
98,1.0,0.0,1.801,1.0,4.0,6,96.29018455336102,134.8272406294017,pobre,0,3,625.0,661.0,1.0,37.0,11,470,32610,3,1.0
97,0.0,0.0,1.801,1.0,2.0,5,96.29018455336102,134.8272406294017,pobre,0,2,50.0,683.0,1.0,33.0,10,470,32611,2,1.0
98,0.0,0.0,1.801,1.0,6.0,5,96.29018455336102,134.8272406294017,pobre,0,2,50.0,683.0,1.0,33.0,11,470,32611,2,1.0
97,0.0,0.0,1.801,1.0,2.0,5,96.29018455336102,134.8272406294017,pobre,0,2,50.0,683.0,1.0,33.0,8,470,32612,2,1.0
98,0.0,0.0,1.801,1.0,3.0,5,96.29018455336102,134.8272406294017,pobre,0,2,50.0,683.0,1.0,33.0,9,470,32612,2,1.0
97,1.0,0.0,1.801,1.0,0.0,5,96.29018455336102,134.8272406294017,pobre,0,5,33.333332,677.14099,1.0,30.0,8,470,32613,0,1.0
98,1.0,0.0,1.801,1.0,1.0,5,96.29018455336102,134.8272406294017,pobre,0,5,33.333332,677.14099,1.0,30.0,9,470,32613,0,1.0
97,0.0,0.0,1.801,1.0,0.0,5,96.29018455336102,134.8272406294017,pobre,0,5,33.333332,677.14099,1.0,30.0,6,470,32614,0,1.0
98,0.0,0.0,1.801,1.0,1.0,5,96.29018455336102,134.8272406294017,pobre,0,5,33.333332,677.14099,1.0,30.0,7,470,32614,0,1.0
97,0.0,0.0,1.801,0.0,6.0,6,96.29018455336102,134.8272406294017,pobre,0,2,625.0,633.0,1.0,49.0,14,470,32615,6,0.0
98,0.0,0.0,1.801,,,6,96.29018455336102,134.8272406294017,pobre,0,2,625.0,633.0,1.0,49.0,15,470,32615,6,0.0
97,1.0,0.0,1.801,1.0,2.0,6,96.29018455336102,134.8272406294017,pobre,0,2,625.0,633.0,1.0,49.0,9,470,32616,2,1.0
98,1.0,0.0,1.801,1.0,2.0,6,96.29018455336102,134.8272406294017,pobre,0,2,625.0,633.0,1.0,49.0,10,470,32616,2,1.0
97,1.0,0.0,1.801,,0.0,6,96.29018455336102,134.8272406294017,pobre,0,2,625.0,633.0,1.0,49.0,6,470,32617,0,
98,1.0,0.0,1.801,,,6,96.29018455336102,134.8272406294017,pobre,0,2,625.0,633.0,1.0,49.0,7,470,32617,0,
97,1.0,0.0,1.801,1.0,4.0,7,96.29018455336102,134.8272406294017,pobre,0,3,2000.0,771.0,1.0,42.0,13,470,32618,4,1.0
98,1.0,0.0,1.801,,,7,96.29018455336102,134.8272406294017,pobre,0,3,2000.0,771.0,1.0,42.0,14,470,32618,4,1.0
97,0.0,0.0,1.801,1.0,3.0,7,96.29018455336102,134.8272406294017,pobre,0,3,2000.0,771.0,1.0,42.0,10,470,32619,3,1.0
98,0.0,0.0,1.801,,,7,96.29018455336102,134.8272406294017,pobre,0,3,2000.0,771.0,1.0,42.0,11,470,32619,3,1.0
97,0.0,0.0,1.801,,0.0,8,96.29018455336102,134.8272406294017,pobre,0,6,625.0,513.0,1.0,44.0,15,470,32620,0,
98,0.0,0.0,1.801,0.0,1.0,8,96.29018455336102,134.8272406294017,pobre,0,6,625.0,513.0,1.0,44.0,16,470,32620,0,
97,0.0,0.0,1.801,0.0,3.0,8,96.29018455336102,134.8272406294017,pobre,0,6,625.0,513.0,1.0,44.0,14,470,32621,3,0.0
98,0.0,0.0,1.801,0.0,3.0,8,96.29018455336102,134.8272406294017,pobre,0,6,625.0,513.0,1.0,44.0,15,470,32621,3,0.0
97,0.0,0.0,1.801,0.0,3.0,8,96.29018455336102,134.8272406294017,pobre,0,6,625.0,513.0,1.0,44.0,12,470,32622,3,0.0
98,0.0,0.0,1.801,0.0,3.0,8,96.29018455336102,134.8272406294017,pobre,0,6,625.0,513.0,1.0,44.0,13,470,32622,3,0.0
97,0.0,0.0,1.801,0.0,2.0,8,96.29018455336102,134.8272406294017,pobre,0,6,625.0,513.0,1.0,44.0,10,470,32623,2,0.0
98,0.0,0.0,1.801,1.0,2.0,8,96.29018455336102,134.8272406294017,pobre,0,6,625.0,513.0,1.0,44.0,11,470,32623,2,0.0
97,0.0,0.0,1.801,1.0,3.0,8,96.29018455336102,134.8272406294017,pobre,0,6,625.0,513.0,1.0,44.0,7,470,32624,3,1.0
98,0.0,0.0,1.801,1.0,1.0,8,96.29018455336102,134.8272406294017,pobre,0,6,625.0,513.0,1.0,44.0,8,470,32624,3,1.0
97,1.0,0.0,1.801,,0.0,4,96.29018455336102,134.8272406294017,pobre,0,0,0.0,641.14099,0.0,48.0,16,470,32625,0,
98,1.0,0.0,1.801,,,4,96.29018455336102,134.8272406294017,pobre,0,0,0.0,641.14099,0.0,48.0,17,470,32625,0,
97,0.0,0.0,1.801,,0.0,4,96.29018455336102,134.8272406294017,pobre,0,0,0.0,641.14099,0.0,48.0,16,470,32626,0,
98,0.0,0.0,1.801,,,4,96.29018455336102,134.8272406294017,pobre,0,0,0.0,641.14099,0.0,48.0,17,470,32626,0,
97,1.0,0.0,1.801,,0.0,4,96.29018455336102,134.8272406294017,pobre,0,0,0.0,641.14099,0.0,48.0,15,470,32627,0,
98,1.0,0.0,1.801,,,4,96.29018455336102,134.8272406294017,pobre,0,0,0.0,641.14099,0.0,48.0,16,470,32627,0,
97,0.0,0.0,1.801,0.0,3.0,7,96.29018455336102,134.8272406294017,pobre,0,3,625.0,642.0,1.0,37.0,15,470,32628,3,0.0
98,0.0,0.0,1.801,0.0,4.0,7,96.29018455336102,134.8272406294017,pobre,0,3,625.0,642.0,1.0,37.0,16,470,32628,3,0.0
97,0.0,0.0,1.801,1.0,4.0,7,96.29018455336102,134.8272406294017,pobre,0,3,625.0,642.0,1.0,37.0,13,470,32629,4,1.0
98,0.0,0.0,1.801,1.0,5.0,7,96.29018455336102,134.8272406294017,pobre,0,3,625.0,642.0,1.0,37.0,14,470,32629,4,1.0
97,0.0,0.0,4.152,1.0,3.0,6,52.27688165081197,75.3069717543874,pobre,0,0,750.0,683.0,1.0,36.0,11,477,32630,3,1.0
98,0.0,0.0,4.152,1.0,4.0,6,52.27688165081197,75.3069717543874,pobre,0,0,750.0,683.0,1.0,36.0,12,477,32630,3,1.0
97,1.0,0.0,4.152,1.0,1.0,6,52.27688165081197,75.3069717543874,pobre,0,0,750.0,683.0,1.0,36.0,10,477,32631,1,1.0
98,1.0,0.0,4.152,1.0,2.0,6,52.27688165081197,75.3069717543874,pobre,0,0,750.0,683.0,1.0,36.0,11,477,32631,1,1.0
97,1.0,0.0,4.152,1.0,0.0,6,52.27688165081197,75.3069717543874,pobre,0,0,750.0,683.0,1.0,36.0,8,477,32632,0,1.0
98,1.0,0.0,4.152,1.0,0.0,6,52.27688165081197,75.3069717543874,pobre,0,0,750.0,683.0,1.0,36.0,9,477,32632,0,1.0
97,0.0,0.0,1.801,1.0,4.0,8,96.29018455336102,134.8272406294017,pobre,0,2,500.0,562.0,1.0,30.0,10,470,32633,4,1.0
98,0.0,0.0,1.801,1.0,5.0,8,96.29018455336102,134.8272406294017,pobre,0,2,500.0,562.0,1.0,30.0,11,470,32633,4,1.0
97,0.0,0.0,1.801,1.0,3.0,8,96.29018455336102,134.8272406294017,pobre,0,2,500.0,562.0,1.0,30.0,9,470,32634,3,1.0
98,0.0,0.0,1.801,1.0,4.0,8,96.29018455336102,134.8272406294017,pobre,0,2,500.0,562.0,1.0,30.0,10,470,32634,3,1.0
97,1.0,0.0,1.801,1.0,0.0,8,96.29018455336102,134.8272406294017,pobre,0,2,500.0,562.0,1.0,30.0,8,470,32635,0,1.0
98,1.0,0.0,1.801,1.0,1.0,8,96.29018455336102,134.8272406294017,pobre,0,2,500.0,562.0,1.0,30.0,9,470,32635,0,1.0
97,1.0,0.0,1.801,1.0,0.0,8,96.29018455336102,134.8272406294017,pobre,0,2,500.0,562.0,1.0,30.0,7,470,32636,0,1.0
98,1.0,0.0,1.801,1.0,1.0,8,96.29018455336102,134.8272406294017,pobre,0,2,500.0,562.0,1.0,30.0,8,470,32636,0,1.0
97,0.0,0.0,1.801,0.0,6.0,6,96.29018455336102,134.8272406294017,no pobre,0,4,1250.0,917.0,1.0,50.0,15,470,32637,6,0.0
98,0.0,0.0,1.801,0.0,6.0,6,96.29018455336102,134.8272406294017,no pobre,0,4,1250.0,917.0,1.0,50.0,16,470,32637,6,0.0
97,0.0,0.0,1.801,0.0,6.0,6,96.29018455336102,134.8272406294017,no pobre,0,4,1250.0,917.0,1.0,50.0,13,470,32638,6,0.0
98,0.0,0.0,1.801,0.0,6.0,6,96.29018455336102,134.8272406294017,no pobre,0,4,1250.0,917.0,1.0,50.0,14,470,32638,6,0.0
97,1.0,0.0,1.801,1.0,2.0,3,96.29018455336102,134.8272406294017,pobre,0,3,80.0,813.0,0.0,42.0,9,470,32639,2,1.0
98,1.0,0.0,1.801,1.0,3.0,3,96.29018455336102,134.8272406294017,pobre,0,3,80.0,813.0,0.0,42.0,10,470,32639,2,1.0
97,0.0,0.0,1.801,1.0,0.0,6,96.29018455336102,134.8272406294017,no pobre,0,0,0.0,1124.339,1.0,80.0,6,470,32640,0,1.0
98,0.0,0.0,1.801,1.0,1.0,6,96.29018455336102,134.8272406294017,no pobre,0,0,0.0,1124.339,1.0,80.0,7,470,32640,0,1.0
97,1.0,0.0,1.801,1.0,1.0,5,96.29018455336102,134.8272406294017,pobre,0,3,600.0,807.0,1.0,32.0,7,470,32641,1,1.0
98,1.0,0.0,1.801,1.0,1.0,5,96.29018455336102,134.8272406294017,pobre,0,3,600.0,807.0,1.0,32.0,8,470,32641,1,1.0
97,0.0,0.0,1.801,1.0,0.0,5,96.29018455336102,134.8272406294017,pobre,0,3,600.0,807.0,1.0,32.0,6,470,32642,0,1.0
98,0.0,0.0,1.801,1.0,0.0,5,96.29018455336102,134.8272406294017,pobre,0,3,600.0,807.0,1.0,32.0,7,470,32642,0,1.0
97,1.0,0.0,1.801,1.0,6.0,9,96.29018455336102,134.8272406294017,pobre,0,0,625.0,713.5,1.0,40.0,13,470,32643,6,1.0
98,1.0,0.0,1.801,0.0,6.0,9,96.29018455336102,134.8272406294017,pobre,0,0,625.0,713.5,1.0,40.0,14,470,32643,6,1.0
97,1.0,0.0,1.801,1.0,2.0,9,96.29018455336102,134.8272406294017,pobre,0,0,625.0,713.5,1.0,40.0,9,470,32644,2,1.0
98,1.0,0.0,1.801,1.0,3.0,9,96.29018455336102,134.8272406294017,pobre,0,0,625.0,713.5,1.0,40.0,10,470,32644,2,1.0
97,1.0,0.0,1.801,1.0,0.0,9,96.29018455336102,134.8272406294017,pobre,0,0,625.0,713.5,1.0,40.0,7,470,32645,0,1.0
98,1.0,0.0,1.801,1.0,1.0,9,96.29018455336102,134.8272406294017,pobre,0,0,625.0,713.5,1.0,40.0,8,470,32645,0,1.0
97,1.0,0.0,1.801,,0.0,9,96.29018455336102,134.8272406294017,pobre,0,0,625.0,713.5,1.0,40.0,16,470,32646,0,
98,1.0,0.0,1.801,,,9,96.29018455336102,134.8272406294017,pobre,0,0,625.0,713.5,1.0,40.0,17,470,32646,0,
97,1.0,0.0,1.801,0.0,1.0,9,96.29018455336102,134.8272406294017,pobre,0,3,625.0,638.5,1.0,42.0,15,470,32647,1,0.0
98,1.0,0.0,1.801,0.0,2.0,9,96.29018455336102,134.8272406294017,pobre,0,3,625.0,638.5,1.0,42.0,16,470,32647,1,0.0
97,0.0,0.0,1.801,1.0,3.0,9,96.29018455336102,134.8272406294017,pobre,0,3,625.0,638.5,1.0,42.0,10,470,32648,3,1.0
98,0.0,0.0,1.801,,,9,96.29018455336102,134.8272406294017,pobre,0,3,625.0,638.5,1.0,42.0,11,470,32648,3,1.0
97,0.0,0.0,1.801,1.0,0.0,9,96.29018455336102,134.8272406294017,pobre,0,3,625.0,638.5,1.0,42.0,7,470,32649,0,1.0
98,0.0,0.0,1.801,1.0,1.0,9,96.29018455336102,134.8272406294017,pobre,0,3,625.0,638.5,1.0,42.0,8,470,32649,0,1.0
97,0.0,0.0,1.801,0.0,6.0,5,96.29018455336102,134.8272406294017,pobre,0,2,625.0,725.0,1.0,37.0,13,470,32650,6,0.0
98,0.0,0.0,1.801,0.0,6.0,5,96.29018455336102,134.8272406294017,pobre,0,2,625.0,725.0,1.0,37.0,14,470,32650,6,0.0
97,1.0,0.0,1.801,1.0,5.0,5,96.29018455336102,134.8272406294017,pobre,0,2,625.0,725.0,1.0,37.0,11,470,32651,5,1.0
98,1.0,0.0,1.801,0.0,6.0,5,96.29018455336102,134.8272406294017,pobre,0,2,625.0,725.0,1.0,37.0,12,470,32651,5,1.0
97,1.0,0.0,1.801,1.0,0.0,5,96.29018455336102,134.8272406294017,pobre,0,2,625.0,725.0,1.0,37.0,6,470,32652,0,1.0
98,1.0,0.0,1.801,1.0,0.0,5,96.29018455336102,134.8272406294017,pobre,0,2,625.0,725.0,1.0,37.0,7,470,32652,0,1.0
97,1.0,0.0,1.801,0.0,6.0,8,96.29018455336102,134.8272406294017,pobre,0,2,625.0,689.0,1.0,34.0,16,470,32653,6,0.0
98,1.0,0.0,1.801,0.0,6.0,8,96.29018455336102,134.8272406294017,pobre,0,2,625.0,689.0,1.0,34.0,17,470,32653,6,0.0
97,0.0,0.0,1.801,0.0,5.0,8,96.29018455336102,134.8272406294017,pobre,0,2,625.0,689.0,1.0,34.0,15,470,32654,5,0.0
98,0.0,0.0,1.801,0.0,5.0,8,96.29018455336102,134.8272406294017,pobre,0,2,625.0,689.0,1.0,34.0,16,470,32654,5,0.0
97,0.0,0.0,1.801,1.0,5.0,8,96.29018455336102,134.8272406294017,pobre,0,2,625.0,689.0,1.0,34.0,11,470,32655,5,1.0
98,0.0,0.0,1.801,0.0,6.0,8,96.29018455336102,134.8272406294017,pobre,0,2,625.0,689.0,1.0,34.0,12,470,32655,5,1.0
97,1.0,0.0,1.801,1.0,3.0,8,96.29018455336102,134.8272406294017,pobre,0,2,625.0,689.0,1.0,34.0,9,470,32656,3,1.0
98,1.0,0.0,1.801,1.0,4.0,8,96.29018455336102,134.8272406294017,pobre,0,2,625.0,689.0,1.0,34.0,10,470,32656,3,1.0
97,0.0,0.0,1.801,1.0,1.0,8,96.29018455336102,134.8272406294017,pobre,0,2,625.0,689.0,1.0,34.0,7,470,32657,1,1.0
98,0.0,0.0,1.801,1.0,2.0,8,96.29018455336102,134.8272406294017,pobre,0,2,625.0,689.0,1.0,34.0,8,470,32657,1,1.0
97,0.0,0.0,1.801,1.0,2.0,4,96.29018455336102,134.8272406294017,pobre,0,2,500.0,703.0,1.0,26.0,6,470,32658,2,1.0
98,0.0,0.0,1.801,1.0,3.0,4,96.29018455336102,134.8272406294017,pobre,0,2,500.0,703.0,1.0,26.0,7,470,32658,2,1.0
97,1.0,0.0,1.801,1.0,0.0,6,96.29018455336102,134.8272406294017,pobre,0,0,625.0,487.0,1.0,24.0,6,470,32659,0,1.0
98,1.0,0.0,1.801,1.0,1.0,6,96.29018455336102,134.8272406294017,pobre,0,0,625.0,487.0,1.0,24.0,7,470,32659,0,1.0
97,0.0,0.0,1.801,0.0,6.0,6,96.29018455336102,134.8272406294017,pobre,0,2,500.0,603.0,1.0,34.0,15,470,32660,6,0.0
98,0.0,0.0,1.801,0.0,6.0,6,96.29018455336102,134.8272406294017,pobre,0,2,500.0,603.0,1.0,34.0,16,470,32660,6,0.0
97,1.0,0.0,1.801,1.0,5.0,6,96.29018455336102,134.8272406294017,pobre,0,2,500.0,603.0,1.0,34.0,12,470,32661,5,1.0
98,1.0,0.0,1.801,0.0,6.0,6,96.29018455336102,134.8272406294017,pobre,0,2,500.0,603.0,1.0,34.0,13,470,32661,5,1.0
97,0.0,0.0,1.801,1.0,3.0,6,96.29018455336102,134.8272406294017,pobre,0,2,500.0,603.0,1.0,34.0,9,470,32662,3,1.0
98,0.0,0.0,1.801,1.0,3.0,6,96.29018455336102,134.8272406294017,pobre,0,2,500.0,603.0,1.0,34.0,10,470,32662,3,1.0
97,1.0,0.0,1.801,1.0,1.0,6,96.29018455336102,134.8272406294017,pobre,0,2,500.0,603.0,1.0,34.0,7,470,32663,1,1.0
98,1.0,0.0,1.801,1.0,2.0,6,96.29018455336102,134.8272406294017,pobre,0,2,500.0,603.0,1.0,34.0,8,470,32663,1,1.0
97,1.0,0.0,1.801,0.0,6.0,8,96.29018455336102,134.8272406294017,pobre,0,0,500.0,693.66669,1.0,46.0,15,470,32664,6,0.0
98,1.0,0.0,1.801,,,8,96.29018455336102,134.8272406294017,pobre,0,0,500.0,693.66669,1.0,46.0,16,470,32664,6,0.0
97,1.0,0.0,1.801,1.0,4.0,8,96.29018455336102,134.8272406294017,pobre,0,0,500.0,693.66669,1.0,46.0,14,470,32665,4,1.0
98,1.0,0.0,1.801,1.0,5.0,8,96.29018455336102,134.8272406294017,pobre,0,0,500.0,693.66669,1.0,46.0,15,470,32665,4,1.0
97,0.0,0.0,1.801,,0.0,8,96.29018455336102,134.8272406294017,pobre,0,0,500.0,693.66669,1.0,46.0,13,470,32666,0,
98,0.0,0.0,1.801,0.0,4.0,8,96.29018455336102,134.8272406294017,pobre,0,0,500.0,693.66669,1.0,46.0,14,470,32666,0,
97,0.0,0.0,1.801,1.0,2.0,7,96.29018455336102,134.8272406294017,pobre,0,3,500.0,543.0,1.0,26.0,9,470,32667,2,1.0
98,0.0,0.0,1.801,,,7,96.29018455336102,134.8272406294017,pobre,0,3,500.0,543.0,1.0,26.0,10,470,32667,2,1.0
97,0.0,0.0,1.801,1.0,1.0,7,96.29018455336102,134.8272406294017,pobre,0,3,500.0,543.0,1.0,26.0,6,470,32668,1,1.0
98,0.0,0.0,1.801,,,7,96.29018455336102,134.8272406294017,pobre,0,3,500.0,543.0,1.0,26.0,7,470,32668,1,1.0
97,0.0,0.0,1.801,1.0,2.0,6,96.29018455336102,134.8272406294017,pobre,0,0,625.0,744.14099,1.0,53.0,15,470,32669,2,1.0
98,0.0,0.0,1.801,0.0,2.0,6,96.29018455336102,134.8272406294017,pobre,0,0,625.0,744.14099,1.0,53.0,16,470,32669,2,1.0
97,0.0,0.0,1.801,1.0,3.0,6,96.29018455336102,134.8272406294017,pobre,0,0,625.0,744.14099,1.0,53.0,13,470,32670,3,1.0
98,0.0,0.0,1.801,0.0,4.0,6,96.29018455336102,134.8272406294017,pobre,0,0,625.0,744.14099,1.0,53.0,14,470,32670,3,1.0
97,1.0,0.0,1.801,,0.0,6,96.29018455336102,134.8272406294017,pobre,0,0,625.0,744.14099,1.0,53.0,12,470,32671,0,
98,1.0,0.0,1.801,1.0,3.0,6,96.29018455336102,134.8272406294017,pobre,0,0,625.0,744.14099,1.0,53.0,13,470,32671,0,
97,1.0,0.0,1.801,1.0,2.0,5,96.29018455336102,134.8272406294017,pobre,0,2,625.0,683.0,1.0,40.0,10,470,32672,2,1.0
98,1.0,0.0,1.801,1.0,3.0,5,96.29018455336102,134.8272406294017,pobre,0,2,625.0,683.0,1.0,40.0,11,470,32672,2,1.0
97,1.0,0.0,1.801,1.0,5.0,9,96.29018455336102,134.8272406294017,pobre,0,4,500.0,527.0,1.0,45.0,13,470,32673,5,1.0
98,1.0,0.0,1.801,0.0,6.0,9,96.29018455336102,134.8272406294017,pobre,0,4,500.0,527.0,1.0,45.0,14,470,32673,5,1.0
97,0.0,0.0,1.801,1.0,0.0,9,96.29018455336102,134.8272406294017,pobre,0,4,500.0,527.0,1.0,45.0,6,470,32674,0,1.0
98,0.0,0.0,1.801,1.0,0.0,9,96.29018455336102,134.8272406294017,pobre,0,4,500.0,527.0,1.0,45.0,7,470,32674,0,1.0
97,0.0,0.0,1.801,0.0,6.0,6,96.29018455336102,134.8272406294017,pobre,0,2,0.0,693.0,0.0,50.0,13,470,32675,6,0.0
98,0.0,0.0,1.801,0.0,6.0,6,96.29018455336102,134.8272406294017,pobre,0,2,0.0,693.0,0.0,50.0,14,470,32675,6,0.0
97,0.0,0.0,1.801,0.0,6.0,6,96.29018455336102,134.8272406294017,pobre,0,2,0.0,693.0,0.0,50.0,13,470,32676,6,0.0
98,0.0,0.0,1.801,,,6,96.29018455336102,134.8272406294017,pobre,0,2,0.0,693.0,0.0,50.0,14,470,32676,6,0.0
97,0.0,0.0,1.801,1.0,0.0,6,96.29018455336102,134.8272406294017,pobre,0,2,0.0,693.0,0.0,50.0,6,470,32677,0,1.0
98,0.0,0.0,1.801,1.0,1.0,6,96.29018455336102,134.8272406294017,pobre,0,2,0.0,693.0,0.0,50.0,7,470,32677,0,1.0
97,1.0,0.0,1.801,,0.0,6,96.29018455336102,134.8272406294017,pobre,0,1,0.0,639.0,0.0,50.0,16,470,32678,0,
98,1.0,0.0,1.801,,,6,96.29018455336102,134.8272406294017,pobre,0,1,0.0,639.0,0.0,50.0,17,470,32678,0,
97,0.0,0.0,1.801,,0.0,6,96.29018455336102,134.8272406294017,pobre,0,1,0.0,639.0,0.0,50.0,14,470,32679,0,
98,0.0,0.0,1.801,,,6,96.29018455336102,134.8272406294017,pobre,0,1,0.0,639.0,0.0,50.0,15,470,32679,0,
97,1.0,0.0,1.801,1.0,1.0,7,96.29018455336102,134.8272406294017,pobre,0,0,500.0,577.0,1.0,31.0,10,470,32680,1,1.0
98,1.0,0.0,1.801,1.0,2.0,7,96.29018455336102,134.8272406294017,pobre,0,0,500.0,577.0,1.0,31.0,11,470,32680,1,1.0
97,0.0,0.0,1.801,1.0,0.0,7,96.29018455336102,134.8272406294017,pobre,0,0,500.0,577.0,1.0,31.0,8,470,32681,0,1.0
98,0.0,0.0,1.801,1.0,1.0,7,96.29018455336102,134.8272406294017,pobre,0,0,500.0,577.0,1.0,31.0,9,470,32681,0,1.0
97,0.0,0.0,1.801,1.0,0.0,7,96.29018455336102,134.8272406294017,pobre,0,0,500.0,577.0,1.0,31.0,6,470,32682,0,1.0
98,0.0,0.0,1.801,1.0,1.0,7,96.29018455336102,134.8272406294017,pobre,0,0,500.0,577.0,1.0,31.0,7,470,32682,0,1.0
97,1.0,0.0,1.801,0.0,5.0,4,96.29018455336102,134.8272406294017,pobre,0,3,1000.0,675.0,1.0,66.0,15,470,32683,5,0.0
98,1.0,0.0,1.801,,,4,96.29018455336102,134.8272406294017,pobre,0,3,1000.0,675.0,1.0,66.0,16,470,32683,5,0.0
97,1.0,0.0,1.801,0.0,5.0,6,96.29018455336102,134.8272406294017,no pobre,0,3,625.0,867.0,1.0,51.0,16,470,32684,5,0.0
98,1.0,0.0,1.801,,,6,96.29018455336102,134.8272406294017,no pobre,0,3,625.0,867.0,1.0,51.0,17,470,32684,5,0.0
97,0.0,0.0,1.801,1.0,4.0,6,96.29018455336102,134.8272406294017,no pobre,0,3,625.0,867.0,1.0,51.0,10,470,32685,4,1.0
98,0.0,0.0,1.801,1.0,5.0,6,96.29018455336102,134.8272406294017,no pobre,0,3,625.0,867.0,1.0,51.0,11,470,32685,4,1.0
97,0.0,0.0,1.801,1.0,0.0,6,96.29018455336102,134.8272406294017,no pobre,0,3,625.0,867.0,1.0,51.0,8,470,32686,0,1.0
98,0.0,0.0,1.801,1.0,1.0,6,96.29018455336102,134.8272406294017,no pobre,0,3,625.0,867.0,1.0,51.0,9,470,32686,0,1.0
97,1.0,0.0,1.801,0.0,6.0,7,96.29018455336102,134.8272406294017,no pobre,0,9,625.0,810.5,1.0,41.0,16,470,32687,6,0.0
98,1.0,0.0,1.801,,,7,96.29018455336102,134.8272406294017,no pobre,0,9,625.0,810.5,1.0,41.0,17,470,32687,6,0.0
97,1.0,0.0,1.801,1.0,7.0,7,96.29018455336102,134.8272406294017,no pobre,0,9,625.0,810.5,1.0,41.0,14,470,32688,7,1.0
98,1.0,0.0,1.801,1.0,8.0,7,96.29018455336102,134.8272406294017,no pobre,0,9,625.0,810.5,1.0,41.0,15,470,32688,7,1.0
97,0.0,0.0,1.801,1.0,5.0,7,96.29018455336102,134.8272406294017,no pobre,0,9,625.0,810.5,1.0,41.0,11,470,32689,5,1.0
98,0.0,0.0,1.801,,,7,96.29018455336102,134.8272406294017,no pobre,0,9,625.0,810.5,1.0,41.0,12,470,32689,5,1.0
97,0.0,0.0,1.801,1.0,3.0,7,96.29018455336102,134.8272406294017,no pobre,0,9,625.0,810.5,1.0,41.0,10,470,32690,3,1.0
98,0.0,0.0,1.801,1.0,4.0,7,96.29018455336102,134.8272406294017,no pobre,0,9,625.0,810.5,1.0,41.0,11,470,32690,3,1.0
97,1.0,0.0,1.801,1.0,1.0,5,96.29018455336102,134.8272406294017,pobre,0,4,625.0,770.0,1.0,29.0,7,470,32691,1,1.0
98,1.0,0.0,1.801,1.0,1.0,5,96.29018455336102,134.8272406294017,pobre,0,4,625.0,770.0,1.0,29.0,8,470,32691,1,1.0
97,0.0,0.0,1.801,1.0,0.0,5,96.29018455336102,134.8272406294017,pobre,0,4,625.0,770.0,1.0,29.0,6,470,32692,0,1.0
98,0.0,0.0,1.801,1.0,1.0,5,96.29018455336102,134.8272406294017,pobre,0,4,625.0,770.0,1.0,29.0,7,470,32692,0,1.0
97,1.0,0.0,1.801,0.0,5.0,7,96.29018455336102,134.8272406294017,no pobre,0,3,600.0,1003.3333,1.0,36.0,16,470,32693,5,0.0
98,1.0,0.0,1.801,,,7,96.29018455336102,134.8272406294017,no pobre,0,3,600.0,1003.3333,1.0,36.0,17,470,32693,5,0.0
97,0.0,0.0,1.801,1.0,1.0,7,96.29018455336102,134.8272406294017,no pobre,0,3,600.0,1003.3333,1.0,36.0,8,470,32694,1,1.0
98,0.0,0.0,1.801,1.0,2.0,7,96.29018455336102,134.8272406294017,no pobre,0,3,600.0,1003.3333,1.0,36.0,9,470,32694,1,1.0
97,1.0,0.0,1.801,1.0,0.0,7,96.29018455336102,134.8272406294017,no pobre,0,3,600.0,1003.3333,1.0,36.0,7,470,32695,0,1.0
98,1.0,0.0,1.801,1.0,3.0,7,96.29018455336102,134.8272406294017,no pobre,0,3,600.0,1003.3333,1.0,36.0,8,470,32695,0,1.0
97,1.0,0.0,1.801,1.0,0.0,7,96.29018455336102,134.8272406294017,no pobre,0,3,600.0,1003.3333,1.0,36.0,6,470,32696,0,1.0
98,1.0,0.0,1.801,1.0,3.0,7,96.29018455336102,134.8272406294017,no pobre,0,3,600.0,1003.3333,1.0,36.0,7,470,32696,0,1.0
97,1.0,0.0,1.801,1.0,0.0,8,96.29018455336102,134.8272406294017,no pobre,0,4,300.0,832.0,1.0,70.0,7,470,32697,0,1.0
98,1.0,0.0,1.801,1.0,1.0,8,96.29018455336102,134.8272406294017,no pobre,0,4,300.0,832.0,1.0,70.0,8,470,32697,0,1.0
97,0.0,0.0,1.801,0.0,5.0,6,96.29018455336102,134.8272406294017,pobre,0,2,500.0,770.0,1.0,36.0,14,470,32698,5,0.0
98,0.0,0.0,1.801,0.0,5.0,6,96.29018455336102,134.8272406294017,pobre,0,2,500.0,770.0,1.0,36.0,15,470,32698,5,0.0
97,0.0,0.0,1.801,0.0,5.0,6,96.29018455336102,134.8272406294017,pobre,0,2,500.0,770.0,1.0,36.0,12,470,32699,5,0.0
98,0.0,0.0,1.801,0.0,5.0,6,96.29018455336102,134.8272406294017,pobre,0,2,500.0,770.0,1.0,36.0,13,470,32699,5,0.0
97,1.0,0.0,1.801,0.0,6.0,7,96.29018455336102,134.8272406294017,pobre,0,2,625.0,737.75,1.0,64.0,14,470,32700,6,0.0
98,1.0,0.0,1.801,,,7,96.29018455336102,134.8272406294017,pobre,0,2,625.0,737.75,1.0,64.0,15,470,32700,6,0.0
97,0.0,0.0,1.801,0.0,3.0,7,96.29018455336102,134.8272406294017,pobre,0,0,500.0,602.0,1.0,35.0,15,470,32701,3,0.0
98,0.0,0.0,1.801,0.0,3.0,7,96.29018455336102,134.8272406294017,pobre,0,0,500.0,602.0,1.0,35.0,16,470,32701,3,0.0
97,0.0,0.0,1.801,0.0,6.0,7,96.29018455336102,134.8272406294017,pobre,0,0,500.0,602.0,1.0,35.0,13,470,32702,6,0.0
98,0.0,0.0,1.801,0.0,6.0,7,96.29018455336102,134.8272406294017,pobre,0,0,500.0,602.0,1.0,35.0,14,470,32702,6,0.0
97,1.0,0.0,1.801,1.0,3.0,7,96.29018455336102,134.8272406294017,pobre,0,0,500.0,602.0,1.0,35.0,11,470,32703,3,1.0
98,1.0,0.0,1.801,,,7,96.29018455336102,134.8272406294017,pobre,0,0,500.0,602.0,1.0,35.0,12,470,32703,3,1.0
97,1.0,0.0,1.801,1.0,0.0,7,96.29018455336102,134.8272406294017,pobre,0,0,500.0,602.0,1.0,35.0,6,470,32704,0,1.0
98,1.0,0.0,1.801,1.0,1.0,7,96.29018455336102,134.8272406294017,pobre,0,0,500.0,602.0,1.0,35.0,7,470,32704,0,1.0
97,0.0,0.0,1.801,0.0,5.0,8,96.29018455336102,134.8272406294017,pobre,0,3,625.0,716.0,1.0,43.0,13,470,32705,5,0.0
98,0.0,0.0,1.801,1.0,5.0,8,96.29018455336102,134.8272406294017,pobre,0,3,625.0,716.0,1.0,43.0,14,470,32705,5,0.0
97,1.0,0.0,1.801,1.0,4.0,8,96.29018455336102,134.8272406294017,pobre,0,3,625.0,716.0,1.0,43.0,11,470,32706,4,1.0
98,1.0,0.0,1.801,1.0,5.0,8,96.29018455336102,134.8272406294017,pobre,0,3,625.0,716.0,1.0,43.0,12,470,32706,4,1.0
97,1.0,0.0,1.801,1.0,2.0,8,96.29018455336102,134.8272406294017,pobre,0,3,625.0,716.0,1.0,43.0,10,470,32707,2,1.0
98,1.0,0.0,1.801,1.0,3.0,8,96.29018455336102,134.8272406294017,pobre,0,3,625.0,716.0,1.0,43.0,11,470,32707,2,1.0
97,0.0,0.0,1.801,1.0,1.0,8,96.29018455336102,134.8272406294017,pobre,0,3,625.0,716.0,1.0,43.0,8,470,32708,1,1.0
98,0.0,0.0,1.801,1.0,2.0,8,96.29018455336102,134.8272406294017,pobre,0,3,625.0,716.0,1.0,43.0,9,470,32708,1,1.0
97,1.0,0.0,4.152,0.0,9.0,4,52.27688165081197,75.3069717543874,pobre,0,0,750.0,785.0,1.0,54.0,14,477,32709,9,0.0
98,1.0,0.0,4.152,0.0,9.0,4,52.27688165081197,75.3069717543874,pobre,0,0,750.0,785.0,1.0,54.0,15,477,32709,9,0.0
97,0.0,0.0,4.152,0.0,6.0,5,52.27688165081197,75.3069717543874,no pobre,0,3,1200.0,774.0,1.0,39.0,15,477,32710,6,0.0
98,0.0,0.0,4.152,0.0,6.0,5,52.27688165081197,75.3069717543874,no pobre,0,3,1200.0,774.0,1.0,39.0,16,477,32710,6,0.0
97,1.0,0.0,4.152,1.0,4.0,5,52.27688165081197,75.3069717543874,no pobre,0,3,1200.0,774.0,1.0,39.0,12,477,32711,4,1.0
98,1.0,0.0,4.152,1.0,5.0,5,52.27688165081197,75.3069717543874,no pobre,0,3,1200.0,774.0,1.0,39.0,13,477,32711,4,1.0
97,0.0,0.0,2.925,0.0,6.0,9,75.76909279939765,75.76909279939765,pobre,basal,0,625.0,365.5,1.0,70.0,14,149,32712,6,0.0
98,0.0,0.0,2.925,0.0,6.0,9,75.76909279939765,75.76909279939765,pobre,basal,0,625.0,365.5,1.0,70.0,15,149,32712,6,0.0
97,0.0,0.0,2.925,1.0,3.0,9,75.76909279939765,75.76909279939765,pobre,basal,0,625.0,365.5,1.0,70.0,10,149,32713,3,1.0
98,0.0,0.0,2.925,1.0,4.0,9,75.76909279939765,75.76909279939765,pobre,basal,0,625.0,365.5,1.0,70.0,11,149,32713,3,1.0
97,1.0,0.0,2.925,1.0,2.0,9,75.76909279939765,75.76909279939765,pobre,basal,0,625.0,365.5,1.0,70.0,7,149,32714,2,1.0
98,1.0,0.0,2.925,1.0,2.0,9,75.76909279939765,75.76909279939765,pobre,basal,0,625.0,365.5,1.0,70.0,8,149,32714,2,1.0
97,1.0,0.0,2.925,0.0,5.0,9,75.76909279939765,75.76909279939765,pobre,basal,4,0.0,412.75,1.0,51.0,16,149,32715,5,0.0
98,1.0,0.0,2.925,,,9,75.76909279939765,75.76909279939765,pobre,basal,4,0.0,412.75,1.0,51.0,17,149,32715,5,0.0
97,1.0,0.0,2.925,1.0,4.0,9,75.76909279939765,75.76909279939765,pobre,basal,4,0.0,412.75,1.0,51.0,11,149,32716,4,1.0
98,1.0,0.0,2.925,1.0,5.0,9,75.76909279939765,75.76909279939765,pobre,basal,4,0.0,412.75,1.0,51.0,12,149,32716,4,1.0
97,0.0,0.0,2.925,1.0,2.0,9,75.76909279939765,75.76909279939765,pobre,basal,4,0.0,412.75,1.0,51.0,8,149,32717,2,1.0
98,0.0,0.0,2.925,1.0,3.0,9,75.76909279939765,75.76909279939765,pobre,basal,4,0.0,412.75,1.0,51.0,9,149,32717,2,1.0
97,1.0,0.0,2.925,1.0,0.0,9,75.76909279939765,75.76909279939765,pobre,basal,4,0.0,412.75,1.0,51.0,7,149,32718,0,1.0
98,1.0,0.0,2.925,1.0,1.0,9,75.76909279939765,75.76909279939765,pobre,basal,4,0.0,412.75,1.0,51.0,8,149,32718,0,1.0
97,0.0,0.0,2.925,0.0,6.0,4,75.76909279939765,75.76909279939765,pobre,basal,0,0.0,535.0,1.0,67.0,16,149,32719,6,0.0
98,0.0,0.0,2.925,,,4,75.76909279939765,75.76909279939765,pobre,basal,0,0.0,535.0,1.0,67.0,17,149,32719,6,0.0
97,1.0,0.0,2.925,1.0,4.0,8,75.76909279939765,75.76909279939765,pobre,basal,3,0.0,426.0,1.0,35.0,10,149,32720,4,1.0
98,1.0,0.0,2.925,1.0,5.0,8,75.76909279939765,75.76909279939765,pobre,basal,3,0.0,426.0,1.0,35.0,11,149,32720,4,1.0
97,0.0,0.0,2.925,1.0,1.0,8,75.76909279939765,75.76909279939765,pobre,basal,3,0.0,426.0,1.0,35.0,8,149,32721,1,1.0
98,0.0,0.0,2.925,1.0,2.0,8,75.76909279939765,75.76909279939765,pobre,basal,3,0.0,426.0,1.0,35.0,9,149,32721,1,1.0
97,0.0,0.0,2.925,1.0,1.0,8,75.76909279939765,75.76909279939765,pobre,basal,3,0.0,426.0,1.0,35.0,7,149,32722,1,1.0
98,0.0,0.0,2.925,1.0,2.0,8,75.76909279939765,75.76909279939765,pobre,basal,3,0.0,426.0,1.0,35.0,8,149,32722,1,1.0
97,1.0,0.0,2.925,0.0,9.0,6,75.76909279939765,75.76909279939765,pobre,basal,0,0.0,379.0,1.0,36.0,16,149,32723,9,0.0
98,1.0,0.0,2.925,,,6,75.76909279939765,75.76909279939765,pobre,basal,0,0.0,379.0,1.0,36.0,17,149,32723,9,0.0
97,1.0,0.0,2.925,1.0,4.0,6,75.76909279939765,75.76909279939765,pobre,basal,0,0.0,379.0,1.0,36.0,12,149,32724,4,1.0
98,1.0,0.0,2.925,0.0,5.0,6,75.76909279939765,75.76909279939765,pobre,basal,0,0.0,379.0,1.0,36.0,13,149,32724,4,1.0
97,0.0,0.0,2.925,1.0,4.0,6,75.76909279939765,75.76909279939765,pobre,basal,0,0.0,379.0,1.0,36.0,10,149,32725,4,1.0
98,0.0,0.0,2.925,1.0,5.0,6,75.76909279939765,75.76909279939765,pobre,basal,0,0.0,379.0,1.0,36.0,11,149,32725,4,1.0
97,1.0,0.0,2.925,1.0,2.0,6,75.76909279939765,75.76909279939765,pobre,basal,0,0.0,379.0,1.0,36.0,8,149,32726,2,1.0
98,1.0,0.0,2.925,1.0,3.0,6,75.76909279939765,75.76909279939765,pobre,basal,0,0.0,379.0,1.0,36.0,9,149,32726,2,1.0
97,0.0,0.0,2.925,0.0,6.0,5,75.76909279939765,75.76909279939765,pobre,basal,0,250.0,397.75,1.0,56.0,14,149,32727,6,0.0
98,0.0,0.0,2.925,0.0,6.0,5,75.76909279939765,75.76909279939765,pobre,basal,0,250.0,397.75,1.0,56.0,15,149,32727,6,0.0
97,0.0,0.0,2.925,1.0,3.0,5,75.76909279939765,75.76909279939765,pobre,basal,0,250.0,397.75,1.0,56.0,10,149,32728,3,1.0
98,0.0,0.0,2.925,1.0,4.0,5,75.76909279939765,75.76909279939765,pobre,basal,0,250.0,397.75,1.0,56.0,11,149,32728,3,1.0
97,1.0,0.0,2.925,0.0,6.0,5,75.76909279939765,75.76909279939765,pobre,basal,0,250.0,397.75,1.0,56.0,16,149,32729,6,0.0
98,1.0,0.0,2.925,,,5,75.76909279939765,75.76909279939765,pobre,basal,0,250.0,397.75,1.0,56.0,17,149,32729,6,0.0
97,1.0,0.0,2.925,1.0,0.0,4,75.76909279939765,75.76909279939765,pobre,basal,5,400.0,388.0,1.0,28.0,6,149,32730,0,1.0
98,1.0,0.0,2.925,1.0,0.0,4,75.76909279939765,75.76909279939765,pobre,basal,5,400.0,388.0,1.0,28.0,7,149,32730,0,1.0
97,0.0,0.0,2.925,0.0,6.0,5,75.76909279939765,75.76909279939765,no pobre,basal,0,0.0,564.66998,1.0,63.0,14,149,32731,6,0.0
98,0.0,0.0,2.925,0.0,6.0,5,75.76909279939765,75.76909279939765,no pobre,basal,0,0.0,564.66998,1.0,63.0,15,149,32731,6,0.0
97,1.0,0.0,2.925,,0.0,3,75.76909279939765,75.76909279939765,pobre,basal,0,0.0,450.20001,1.0,55.0,15,149,32732,0,
98,1.0,0.0,2.925,0.0,6.0,3,75.76909279939765,75.76909279939765,pobre,basal,0,0.0,450.20001,1.0,55.0,16,149,32732,0,
97,0.0,1.0,0.0,1.0,5.0,9,134.7560732061176,285.4250077588848,pobre,basal,4,0.0,733.5,1.0,57.0,11,431,32733,5,1.0
98,0.0,1.0,0.0,1.0,6.0,9,134.7560732061176,285.4250077588848,pobre,basal,4,0.0,733.5,1.0,57.0,12,431,32733,5,1.0
97,0.0,1.0,0.0,1.0,3.0,9,134.7560732061176,285.4250077588848,pobre,basal,4,0.0,733.5,1.0,57.0,10,431,32734,3,1.0
98,0.0,1.0,0.0,1.0,4.0,9,134.7560732061176,285.4250077588848,pobre,basal,4,0.0,733.5,1.0,57.0,11,431,32734,3,1.0
97,0.0,1.0,0.0,1.0,1.0,9,134.7560732061176,285.4250077588848,pobre,basal,4,0.0,733.5,1.0,57.0,7,431,32735,1,1.0
98,0.0,1.0,0.0,1.0,2.0,9,134.7560732061176,285.4250077588848,pobre,basal,4,0.0,733.5,1.0,57.0,8,431,32735,1,1.0
97,1.0,1.0,1.553,1.0,1.0,3,142.6004863159566,295.8812465320617,pobre,basal,6,375.0,735.0,0.0,46.0,8,432,32736,1,1.0
98,1.0,1.0,1.553,,,3,142.6004863159566,295.8812465320617,pobre,basal,6,375.0,735.0,0.0,46.0,9,432,32736,1,1.0
97,1.0,1.0,1.553,1.0,3.0,3,142.6004863159566,295.8812465320617,pobre,basal,6,375.0,735.0,0.0,46.0,7,432,32737,3,1.0
98,1.0,1.0,1.553,,,3,142.6004863159566,295.8812465320617,pobre,basal,6,375.0,735.0,0.0,46.0,8,432,32737,3,1.0
97,1.0,0.0,2.063,1.0,6.0,4,104.7451295027394,132.7696398832534,pobre,basal,2,360.0,887.33331,0.0,55.0,14,391,32738,6,1.0
98,1.0,0.0,2.063,1.0,7.0,4,104.7451295027394,132.7696398832534,pobre,basal,2,360.0,887.33331,0.0,55.0,15,391,32738,6,1.0
97,1.0,0.0,2.063,1.0,2.0,6,104.7451295027394,132.7696398832534,pobre,basal,4,500.0,616.0,1.0,32.0,8,391,32739,2,1.0
98,1.0,0.0,2.063,1.0,3.0,6,104.7451295027394,132.7696398832534,pobre,basal,4,500.0,616.0,1.0,32.0,9,391,32739,2,1.0
97,0.0,0.0,2.063,1.0,0.0,6,104.7451295027394,132.7696398832534,pobre,basal,4,500.0,616.0,1.0,32.0,6,391,32740,0,1.0
98,0.0,0.0,2.063,1.0,1.0,6,104.7451295027394,132.7696398832534,pobre,basal,4,500.0,616.0,1.0,32.0,7,391,32740,0,1.0
97,0.0,0.0,2.063,1.0,0.0,3,104.7451295027394,132.7696398832534,pobre,basal,3,400.0,765.0,0.0,24.0,7,391,32741,0,1.0
98,0.0,0.0,2.063,1.0,1.0,3,104.7451295027394,132.7696398832534,pobre,basal,3,400.0,765.0,0.0,24.0,8,391,32741,0,1.0
97,0.0,0.0,2.063,1.0,8.0,6,104.7451295027394,132.7696398832534,pobre,basal,6,625.0,636.0,1.0,50.0,14,391,32742,8,1.0
98,0.0,0.0,2.063,1.0,9.0,6,104.7451295027394,132.7696398832534,pobre,basal,6,625.0,636.0,1.0,50.0,15,391,32742,8,1.0
97,1.0,0.0,2.063,1.0,6.0,6,104.7451295027394,132.7696398832534,pobre,basal,6,625.0,636.0,1.0,50.0,12,391,32743,6,1.0
98,1.0,0.0,2.063,1.0,7.0,6,104.7451295027394,132.7696398832534,pobre,basal,6,625.0,636.0,1.0,50.0,13,391,32743,6,1.0
97,0.0,0.0,2.063,1.0,0.0,6,104.7451295027394,132.7696398832534,pobre,basal,6,625.0,636.0,1.0,50.0,7,391,32744,0,1.0
98,0.0,0.0,2.063,1.0,1.0,6,104.7451295027394,132.7696398832534,pobre,basal,6,625.0,636.0,1.0,50.0,8,391,32744,0,1.0
97,1.0,0.0,2.063,1.0,2.0,5,104.7451295027394,132.7696398832534,pobre,basal,2,500.0,698.0,1.0,37.0,8,391,32745,2,1.0
98,1.0,0.0,2.063,1.0,3.0,5,104.7451295027394,132.7696398832534,pobre,basal,2,500.0,698.0,1.0,37.0,9,391,32745,2,1.0
97,0.0,0.0,2.063,1.0,2.0,5,104.7451295027394,132.7696398832534,pobre,basal,2,500.0,698.0,1.0,37.0,6,391,32746,2,1.0
98,0.0,0.0,2.063,1.0,3.0,5,104.7451295027394,132.7696398832534,pobre,basal,2,500.0,698.0,1.0,37.0,7,391,32746,2,1.0
97,1.0,1.0,0.73799998,1.0,5.0,9,142.1629291311248,296.7033680456113,pobre,basal,0,500.0,492.0,1.0,34.0,13,433,32747,5,1.0
98,1.0,1.0,0.73799998,1.0,6.0,9,142.1629291311248,296.7033680456113,pobre,basal,0,500.0,492.0,1.0,34.0,14,433,32747,5,1.0
97,0.0,1.0,0.73799998,1.0,5.0,9,142.1629291311248,296.7033680456113,pobre,basal,0,500.0,492.0,1.0,34.0,12,433,32748,5,1.0
98,0.0,1.0,0.73799998,0.0,6.0,9,142.1629291311248,296.7033680456113,pobre,basal,0,500.0,492.0,1.0,34.0,13,433,32748,5,1.0
97,0.0,1.0,0.73799998,1.0,0.0,9,142.1629291311248,296.7033680456113,pobre,basal,0,500.0,492.0,1.0,34.0,9,433,32749,0,1.0
98,0.0,1.0,0.73799998,1.0,1.0,9,142.1629291311248,296.7033680456113,pobre,basal,0,500.0,492.0,1.0,34.0,10,433,32749,0,1.0
97,1.0,1.0,0.73799998,1.0,0.0,9,142.1629291311248,296.7033680456113,pobre,basal,0,500.0,492.0,1.0,34.0,7,433,32750,0,1.0
98,1.0,1.0,0.73799998,1.0,0.0,9,142.1629291311248,296.7033680456113,pobre,basal,0,500.0,492.0,1.0,34.0,8,433,32750,0,1.0
97,1.0,1.0,0.73799998,0.0,9.0,11,142.1629291311248,296.7033680456113,pobre,basal,1,625.0,682.5,1.0,40.0,16,433,32751,9,0.0
98,1.0,1.0,0.73799998,,,11,142.1629291311248,296.7033680456113,pobre,basal,1,625.0,682.5,1.0,40.0,17,433,32751,9,0.0
97,1.0,1.0,0.73799998,1.0,6.0,11,142.1629291311248,296.7033680456113,pobre,basal,1,625.0,682.5,1.0,40.0,14,433,32752,6,1.0
98,1.0,1.0,0.73799998,1.0,7.0,11,142.1629291311248,296.7033680456113,pobre,basal,1,625.0,682.5,1.0,40.0,15,433,32752,6,1.0
97,1.0,1.0,0.73799998,1.0,4.0,11,142.1629291311248,296.7033680456113,pobre,basal,1,625.0,682.5,1.0,40.0,13,433,32753,4,1.0
98,1.0,1.0,0.73799998,1.0,5.0,11,142.1629291311248,296.7033680456113,pobre,basal,1,625.0,682.5,1.0,40.0,14,433,32753,4,1.0
97,1.0,1.0,0.73799998,1.0,3.0,11,142.1629291311248,296.7033680456113,pobre,basal,1,625.0,682.5,1.0,40.0,8,433,32754,3,1.0
98,1.0,1.0,0.73799998,1.0,4.0,11,142.1629291311248,296.7033680456113,pobre,basal,1,625.0,682.5,1.0,40.0,9,433,32754,3,1.0
97,1.0,1.0,0.73799998,1.0,0.0,11,142.1629291311248,296.7033680456113,pobre,basal,1,625.0,682.5,1.0,40.0,7,433,32755,0,1.0
98,1.0,1.0,0.73799998,1.0,1.0,11,142.1629291311248,296.7033680456113,pobre,basal,1,625.0,682.5,1.0,40.0,8,433,32755,0,1.0
97,0.0,1.0,0.73799998,0.0,6.0,8,142.1629291311248,296.7033680456113,pobre,basal,0,500.0,546.0,1.0,37.0,15,433,32756,6,0.0
98,0.0,1.0,0.73799998,0.0,6.0,8,142.1629291311248,296.7033680456113,pobre,basal,0,500.0,546.0,1.0,37.0,16,433,32756,6,0.0
97,0.0,1.0,0.73799998,0.0,6.0,8,142.1629291311248,296.7033680456113,pobre,basal,0,500.0,546.0,1.0,37.0,13,433,32757,6,0.0
98,0.0,1.0,0.73799998,0.0,6.0,8,142.1629291311248,296.7033680456113,pobre,basal,0,500.0,546.0,1.0,37.0,14,433,32757,6,0.0
97,0.0,1.0,0.73799998,1.0,3.0,8,142.1629291311248,296.7033680456113,pobre,basal,0,500.0,546.0,1.0,37.0,9,433,32758,3,1.0
98,0.0,1.0,0.73799998,1.0,4.0,8,142.1629291311248,296.7033680456113,pobre,basal,0,500.0,546.0,1.0,37.0,10,433,32758,3,1.0
97,1.0,1.0,0.73799998,1.0,0.0,8,142.1629291311248,296.7033680456113,pobre,basal,0,500.0,546.0,1.0,37.0,6,433,32759,0,1.0
98,1.0,1.0,0.73799998,1.0,1.0,8,142.1629291311248,296.7033680456113,pobre,basal,0,500.0,546.0,1.0,37.0,7,433,32759,0,1.0
97,1.0,0.0,2.404,1.0,1.0,6,38.771272631569,81.57272490935685,no pobre,0,6,500.0,899.0,1.0,40.0,15,476,32760,1,1.0
98,1.0,0.0,2.404,1.0,8.0,6,38.771272631569,81.57272490935685,no pobre,0,6,500.0,899.0,1.0,40.0,16,476,32760,1,1.0
97,1.0,0.0,2.404,1.0,2.0,6,38.771272631569,81.57272490935685,no pobre,0,6,500.0,899.0,1.0,40.0,9,476,32761,2,1.0
98,1.0,0.0,2.404,1.0,3.0,6,38.771272631569,81.57272490935685,no pobre,0,6,500.0,899.0,1.0,40.0,10,476,32761,2,1.0
97,0.0,0.0,2.404,1.0,6.0,5,38.771272631569,81.57272490935685,no pobre,0,9,1000.0,1005.0,1.0,38.0,12,476,32762,6,1.0
98,0.0,0.0,2.404,1.0,7.0,5,38.771272631569,81.57272490935685,no pobre,0,9,1000.0,1005.0,1.0,38.0,13,476,32762,6,1.0
97,0.0,0.0,2.404,1.0,2.0,5,38.771272631569,81.57272490935685,no pobre,0,9,1000.0,1005.0,1.0,38.0,8,476,32763,2,1.0
98,0.0,0.0,2.404,1.0,3.0,5,38.771272631569,81.57272490935685,no pobre,0,9,1000.0,1005.0,1.0,38.0,9,476,32763,2,1.0
97,1.0,0.0,2.404,1.0,1.0,5,38.771272631569,81.57272490935685,no pobre,0,9,1000.0,1005.0,1.0,38.0,7,476,32764,1,1.0
98,1.0,0.0,2.404,1.0,2.0,5,38.771272631569,81.57272490935685,no pobre,0,9,1000.0,1005.0,1.0,38.0,8,476,32764,1,1.0
97,1.0,0.0,2.404,1.0,3.0,3,38.771272631569,81.57272490935685,pobre,0,2,750.0,823.0,1.0,40.0,9,476,32765,3,1.0
98,1.0,0.0,2.404,1.0,4.0,3,38.771272631569,81.57272490935685,pobre,0,2,750.0,823.0,1.0,40.0,10,476,32765,3,1.0
97,0.0,0.0,2.404,1.0,3.0,5,38.771272631569,81.57272490935685,no pobre,0,2,1250.0,958.0,1.0,46.0,8,476,32766,3,1.0
98,0.0,0.0,2.404,1.0,4.0,5,38.771272631569,81.57272490935685,no pobre,0,2,1250.0,958.0,1.0,46.0,9,476,32766,3,1.0
97,0.0,0.0,2.404,1.0,5.0,11,38.771272631569,81.57272490935685,no pobre,0,9,1200.0,788.0,1.0,61.0,16,476,32767,5,1.0
98,0.0,0.0,2.404,0.0,6.0,11,38.771272631569,81.57272490935685,no pobre,0,9,1200.0,788.0,1.0,61.0,17,476,32767,5,1.0
97,0.0,0.0,2.404,1.0,4.0,11,38.771272631569,81.57272490935685,no pobre,0,9,1200.0,788.0,1.0,61.0,14,476,32768,4,1.0
98,0.0,0.0,2.404,0.0,5.0,11,38.771272631569,81.57272490935685,no pobre,0,9,1200.0,788.0,1.0,61.0,15,476,32768,4,1.0
97,0.0,0.0,2.404,1.0,2.0,4,38.771272631569,81.57272490935685,pobre,0,9,625.0,747.0,1.0,29.0,7,476,32769,2,1.0
98,0.0,0.0,2.404,1.0,3.0,4,38.771272631569,81.57272490935685,pobre,0,9,625.0,747.0,1.0,29.0,8,476,32769,2,1.0
97,0.0,0.0,1.2130001,0.0,6.0,10,89.50061484743235,92.32704950149324,pobre,basal,0,500.0,489.0,1.0,32.0,14,179,32770,6,0.0
98,0.0,0.0,1.2130001,,,10,89.50061484743235,92.32704950149324,pobre,basal,0,500.0,489.0,1.0,32.0,15,179,32770,6,0.0
97,0.0,0.0,1.2130001,1.0,5.0,10,89.50061484743235,92.32704950149324,pobre,basal,0,500.0,489.0,1.0,32.0,12,179,32771,5,1.0
98,0.0,0.0,1.2130001,1.0,6.0,10,89.50061484743235,92.32704950149324,pobre,basal,0,500.0,489.0,1.0,32.0,13,179,32771,5,1.0
97,1.0,0.0,1.2130001,1.0,2.0,10,89.50061484743235,92.32704950149324,pobre,basal,0,500.0,489.0,1.0,32.0,9,179,32772,2,1.0
98,1.0,0.0,1.2130001,1.0,3.0,10,89.50061484743235,92.32704950149324,pobre,basal,0,500.0,489.0,1.0,32.0,10,179,32772,2,1.0
97,1.0,0.0,1.2130001,1.0,0.0,10,89.50061484743235,92.32704950149324,pobre,basal,0,500.0,489.0,1.0,32.0,6,179,32773,0,1.0
98,1.0,0.0,1.2130001,1.0,1.0,10,89.50061484743235,92.32704950149324,pobre,basal,0,500.0,489.0,1.0,32.0,7,179,32773,0,1.0
97,0.0,0.0,2.404,1.0,5.0,4,38.771272631569,81.57272490935685,pobre,0,0,625.0,723.0,1.0,61.0,13,476,32774,5,1.0
98,0.0,0.0,2.404,,,4,38.771272631569,81.57272490935685,pobre,0,0,625.0,723.0,1.0,61.0,14,476,32774,5,1.0
97,0.0,0.0,1.2130001,1.0,5.0,2,89.50061484743235,92.32704950149324,pobre,basal,1,166.66667,725.0,0.0,69.0,12,179,32775,5,1.0
98,0.0,0.0,1.2130001,0.0,6.0,2,89.50061484743235,92.32704950149324,pobre,basal,1,166.66667,725.0,0.0,69.0,13,179,32775,5,1.0
97,1.0,0.0,1.2130001,0.0,2.0,8,89.50061484743235,92.32704950149324,pobre,basal,6,750.0,421.0,1.0,28.0,9,179,32776,2,0.0
98,1.0,0.0,1.2130001,1.0,3.0,8,89.50061484743235,92.32704950149324,pobre,basal,6,750.0,421.0,1.0,28.0,10,179,32776,2,0.0
97,1.0,0.0,1.2130001,1.0,1.0,8,89.50061484743235,92.32704950149324,pobre,basal,6,750.0,421.0,1.0,28.0,7,179,32777,1,1.0
98,1.0,0.0,1.2130001,1.0,2.0,8,89.50061484743235,92.32704950149324,pobre,basal,6,750.0,421.0,1.0,28.0,8,179,32777,1,1.0
97,0.0,0.0,1.2130001,1.0,3.0,12,89.50061484743235,92.32704950149324,pobre,basal,0,750.0,544.0,0.0,60.0,12,179,32778,3,1.0
98,0.0,0.0,1.2130001,1.0,4.0,12,89.50061484743235,92.32704950149324,pobre,basal,0,750.0,544.0,0.0,60.0,13,179,32778,3,1.0
97,0.0,0.0,1.2130001,1.0,2.0,12,89.50061484743235,92.32704950149324,pobre,basal,0,750.0,544.0,0.0,60.0,9,179,32779,2,1.0
98,0.0,0.0,1.2130001,1.0,3.0,12,89.50061484743235,92.32704950149324,pobre,basal,0,750.0,544.0,0.0,60.0,10,179,32779,2,1.0
97,0.0,0.0,1.2130001,1.0,1.0,12,89.50061484743235,92.32704950149324,pobre,basal,0,750.0,544.0,0.0,60.0,7,179,32780,1,1.0
98,0.0,0.0,1.2130001,1.0,2.0,12,89.50061484743235,92.32704950149324,pobre,basal,0,750.0,544.0,0.0,60.0,8,179,32780,1,1.0
97,0.0,0.0,1.2130001,1.0,0.0,12,89.50061484743235,92.32704950149324,pobre,basal,0,750.0,544.0,0.0,60.0,6,179,32781,0,1.0
98,0.0,0.0,1.2130001,1.0,1.0,12,89.50061484743235,92.32704950149324,pobre,basal,0,750.0,544.0,0.0,60.0,7,179,32781,0,1.0
97,0.0,0.0,2.404,1.0,2.0,3,38.771272631569,81.57272490935685,pobre,0,4,625.0,765.0,1.0,30.0,11,476,32782,2,1.0
98,0.0,0.0,2.404,1.0,3.0,3,38.771272631569,81.57272490935685,pobre,0,4,625.0,765.0,1.0,30.0,12,476,32782,2,1.0
97,0.0,0.0,2.404,1.0,4.0,4,38.771272631569,81.57272490935685,pobre,0,4,625.0,724.0,1.0,49.0,11,476,32783,4,1.0
98,0.0,0.0,2.404,1.0,5.0,4,38.771272631569,81.57272490935685,pobre,0,4,625.0,724.0,1.0,49.0,12,476,32783,4,1.0
97,1.0,0.0,2.404,0.0,6.0,6,38.771272631569,81.57272490935685,pobre,0,0,750.0,677.0,1.0,43.0,15,476,32784,6,0.0
98,1.0,0.0,2.404,1.0,6.0,6,38.771272631569,81.57272490935685,pobre,0,0,750.0,677.0,1.0,43.0,16,476,32784,6,0.0
97,1.0,0.0,2.404,1.0,3.0,6,38.771272631569,81.57272490935685,pobre,0,0,750.0,677.0,1.0,43.0,10,476,32785,3,1.0
98,1.0,0.0,2.404,1.0,4.0,6,38.771272631569,81.57272490935685,pobre,0,0,750.0,677.0,1.0,43.0,11,476,32785,3,1.0
97,0.0,0.0,2.404,1.0,2.0,6,38.771272631569,81.57272490935685,pobre,0,0,750.0,677.0,1.0,43.0,8,476,32786,2,1.0
98,0.0,0.0,2.404,1.0,2.0,6,38.771272631569,81.57272490935685,pobre,0,0,750.0,677.0,1.0,43.0,9,476,32786,2,1.0
97,0.0,0.0,2.404,1.0,1.0,4,38.771272631569,81.57272490935685,pobre,0,3,750.0,727.0,1.0,32.0,8,476,32787,1,1.0
98,0.0,0.0,2.404,1.0,2.0,4,38.771272631569,81.57272490935685,pobre,0,3,750.0,727.0,1.0,32.0,9,476,32787,1,1.0
97,1.0,0.0,2.404,1.0,0.0,4,38.771272631569,81.57272490935685,pobre,0,3,750.0,727.0,1.0,32.0,6,476,32788,0,1.0
98,1.0,0.0,2.404,1.0,0.0,4,38.771272631569,81.57272490935685,pobre,0,3,750.0,727.0,1.0,32.0,7,476,32788,0,1.0
97,1.0,0.0,2.404,1.0,1.0,4,38.771272631569,81.57272490935685,pobre,0,9,750.0,822.0,1.0,28.0,7,476,32789,1,1.0
98,1.0,0.0,2.404,1.0,2.0,4,38.771272631569,81.57272490935685,pobre,0,9,750.0,822.0,1.0,28.0,8,476,32789,1,1.0
97,0.0,0.0,2.404,1.0,3.0,5,38.771272631569,81.57272490935685,pobre,0,2,750.0,654.0,1.0,34.0,9,476,32790,3,1.0
98,0.0,0.0,2.404,1.0,4.0,5,38.771272631569,81.57272490935685,pobre,0,2,750.0,654.0,1.0,34.0,10,476,32790,3,1.0
97,1.0,0.0,2.404,1.0,0.0,5,38.771272631569,81.57272490935685,pobre,0,2,750.0,654.0,1.0,34.0,6,476,32791,0,1.0
98,1.0,0.0,2.404,1.0,0.0,5,38.771272631569,81.57272490935685,pobre,0,2,750.0,654.0,1.0,34.0,7,476,32791,0,1.0
97,0.0,1.0,1.885,1.0,6.0,5,136.7355205021436,280.0194905896589,pobre,basal,1,625.0,953.0,1.0,48.0,13,425,32792,6,1.0
98,0.0,1.0,1.885,,,5,136.7355205021436,280.0194905896589,pobre,basal,1,625.0,953.0,1.0,48.0,14,425,32792,6,1.0
97,1.0,1.0,1.885,1.0,5.0,4,136.7355205021436,280.0194905896589,pobre,basal,3,625.0,776.0,1.0,47.0,13,425,32793,5,1.0
98,1.0,1.0,1.885,1.0,6.0,4,136.7355205021436,280.0194905896589,pobre,basal,3,625.0,776.0,1.0,47.0,14,425,32793,5,1.0
97,1.0,1.0,1.885,1.0,0.0,6,136.7355205021436,280.0194905896589,pobre,basal,9,625.0,626.0,1.0,30.0,6,425,32794,0,1.0
98,1.0,1.0,1.885,1.0,1.0,6,136.7355205021436,280.0194905896589,pobre,basal,9,625.0,626.0,1.0,30.0,7,425,32794,0,1.0
97,1.0,0.0,4.152,1.0,8.0,6,52.27688165081197,75.3069717543874,no pobre,0,9,625.0,794.0,1.0,36.0,13,477,32795,8,1.0
98,1.0,0.0,4.152,1.0,9.0,6,52.27688165081197,75.3069717543874,no pobre,0,9,625.0,794.0,1.0,36.0,14,477,32795,8,1.0
97,1.0,0.0,4.152,1.0,7.0,6,52.27688165081197,75.3069717543874,no pobre,0,9,625.0,794.0,1.0,36.0,12,477,32796,7,1.0
98,1.0,0.0,4.152,1.0,8.0,6,52.27688165081197,75.3069717543874,no pobre,0,9,625.0,794.0,1.0,36.0,13,477,32796,7,1.0
97,1.0,0.0,4.152,1.0,4.0,6,52.27688165081197,75.3069717543874,no pobre,0,9,625.0,794.0,1.0,36.0,9,477,32797,4,1.0
98,1.0,0.0,4.152,1.0,5.0,6,52.27688165081197,75.3069717543874,no pobre,0,9,625.0,794.0,1.0,36.0,10,477,32797,4,1.0
97,0.0,0.0,4.152,1.0,3.0,7,52.27688165081197,75.3069717543874,pobre,0,0,0.0,738.0,0.0,51.0,13,477,32798,3,1.0
98,0.0,0.0,4.152,1.0,7.0,7,52.27688165081197,75.3069717543874,pobre,0,0,0.0,738.0,0.0,51.0,14,477,32798,3,1.0
97,1.0,0.0,4.152,1.0,0.0,7,52.27688165081197,75.3069717543874,pobre,0,0,0.0,738.0,0.0,51.0,10,477,32799,0,1.0
98,1.0,0.0,4.152,1.0,1.0,7,52.27688165081197,75.3069717543874,pobre,0,0,0.0,738.0,0.0,51.0,11,477,32799,0,1.0
97,1.0,0.0,4.152,0.0,6.0,6,52.27688165081197,75.3069717543874,no pobre,0,3,750.0,1003.0,0.0,38.0,15,477,32800,6,0.0
98,1.0,0.0,4.152,0.0,7.0,6,52.27688165081197,75.3069717543874,no pobre,0,3,750.0,1003.0,0.0,38.0,16,477,32800,6,0.0
97,1.0,0.0,4.152,1.0,2.0,6,52.27688165081197,75.3069717543874,no pobre,0,3,750.0,1003.0,0.0,38.0,13,477,32801,2,1.0
98,1.0,0.0,4.152,1.0,3.0,6,52.27688165081197,75.3069717543874,no pobre,0,3,750.0,1003.0,0.0,38.0,14,477,32801,2,1.0
97,0.0,1.0,0.597,1.0,7.0,9,154.6553372513015,266.2291890044938,pobre,0,6,500.0,766.5,1.0,44.0,13,430,32802,7,1.0
98,0.0,1.0,0.597,1.0,8.0,9,154.6553372513015,266.2291890044938,pobre,0,6,500.0,766.5,1.0,44.0,14,430,32802,7,1.0
97,0.0,1.0,0.597,1.0,5.0,9,154.6553372513015,266.2291890044938,pobre,0,6,500.0,766.5,1.0,44.0,12,430,32803,5,1.0
98,0.0,1.0,0.597,1.0,6.0,9,154.6553372513015,266.2291890044938,pobre,0,6,500.0,766.5,1.0,44.0,13,430,32803,5,1.0
97,1.0,1.0,0.597,1.0,2.0,9,154.6553372513015,266.2291890044938,pobre,0,6,500.0,766.5,1.0,44.0,8,430,32804,2,1.0
98,1.0,1.0,0.597,1.0,3.0,9,154.6553372513015,266.2291890044938,pobre,0,6,500.0,766.5,1.0,44.0,9,430,32804,2,1.0
97,1.0,1.0,1.885,1.0,7.0,6,136.7355205021436,280.0194905896589,pobre,basal,0,625.0,798.0,1.0,49.0,14,425,32805,7,1.0
98,1.0,1.0,1.885,,,6,136.7355205021436,280.0194905896589,pobre,basal,0,625.0,798.0,1.0,49.0,15,425,32805,7,1.0
97,1.0,1.0,1.885,1.0,6.0,6,136.7355205021436,280.0194905896589,pobre,basal,0,625.0,798.0,1.0,49.0,13,425,32806,6,1.0
98,1.0,1.0,1.885,1.0,8.0,6,136.7355205021436,280.0194905896589,pobre,basal,0,625.0,798.0,1.0,49.0,14,425,32806,6,1.0
97,0.0,1.0,1.885,1.0,3.0,6,136.7355205021436,280.0194905896589,pobre,basal,0,625.0,798.0,1.0,49.0,9,425,32807,3,1.0
98,0.0,1.0,1.885,1.0,4.0,6,136.7355205021436,280.0194905896589,pobre,basal,0,625.0,798.0,1.0,49.0,10,425,32807,3,1.0
97,1.0,1.0,1.885,1.0,8.0,13,136.7355205021436,280.0194905896589,pobre,basal,3,625.0,903.75,1.0,53.0,16,425,32808,8,1.0
98,1.0,1.0,1.885,,,13,136.7355205021436,280.0194905896589,pobre,basal,3,625.0,903.75,1.0,53.0,17,425,32808,8,1.0
97,0.0,1.0,1.885,1.0,1.0,13,136.7355205021436,280.0194905896589,pobre,basal,3,625.0,903.75,1.0,53.0,7,425,32809,1,1.0
98,0.0,1.0,1.885,1.0,2.0,13,136.7355205021436,280.0194905896589,pobre,basal,3,625.0,903.75,1.0,53.0,8,425,32809,1,1.0
97,0.0,1.0,1.885,1.0,9.0,12,136.7355205021436,280.0194905896589,pobre,basal,0,0.0,656.0,0.0,57.0,14,425,32810,9,1.0
98,0.0,1.0,1.885,1.0,7.0,12,136.7355205021436,280.0194905896589,pobre,basal,0,0.0,656.0,0.0,57.0,15,425,32810,9,1.0
97,0.0,1.0,1.885,1.0,5.0,12,136.7355205021436,280.0194905896589,pobre,basal,0,0.0,656.0,0.0,57.0,11,425,32811,5,1.0
98,0.0,1.0,1.885,1.0,6.0,12,136.7355205021436,280.0194905896589,pobre,basal,0,0.0,656.0,0.0,57.0,12,425,32811,5,1.0
97,1.0,1.0,1.885,1.0,3.0,12,136.7355205021436,280.0194905896589,pobre,basal,0,0.0,656.0,0.0,57.0,9,425,32812,3,1.0
98,1.0,1.0,1.885,1.0,4.0,12,136.7355205021436,280.0194905896589,pobre,basal,0,0.0,656.0,0.0,57.0,10,425,32812,3,1.0
97,1.0,1.0,1.885,1.0,2.0,12,136.7355205021436,280.0194905896589,pobre,basal,0,0.0,656.0,0.0,57.0,8,425,32813,2,1.0
98,1.0,1.0,1.885,1.0,3.0,12,136.7355205021436,280.0194905896589,pobre,basal,0,0.0,656.0,0.0,57.0,9,425,32813,2,1.0
97,0.0,1.0,1.885,1.0,3.0,12,136.7355205021436,280.0194905896589,pobre,basal,0,0.0,656.0,0.0,57.0,9,425,32814,3,1.0
98,0.0,1.0,1.885,1.0,4.0,12,136.7355205021436,280.0194905896589,pobre,basal,0,0.0,656.0,0.0,57.0,10,425,32814,3,1.0
97,0.0,1.0,1.885,0.0,6.0,8,136.7355205021436,280.0194905896589,pobre,basal,9,625.0,604.0,1.0,24.0,15,425,32815,6,0.0
98,0.0,1.0,1.885,,,8,136.7355205021436,280.0194905896589,pobre,basal,9,625.0,604.0,1.0,24.0,16,425,32815,6,0.0
97,0.0,1.0,1.885,1.0,0.0,8,136.7355205021436,280.0194905896589,pobre,basal,9,625.0,604.0,1.0,24.0,6,425,32816,0,1.0
98,0.0,1.0,1.885,1.0,1.0,8,136.7355205021436,280.0194905896589,pobre,basal,9,625.0,604.0,1.0,24.0,7,425,32816,0,1.0
97,1.0,1.0,1.885,,0.0,6,136.7355205021436,280.0194905896589,pobre,basal,6,625.0,610.0,1.0,31.0,11,425,32817,0,
98,1.0,1.0,1.885,,,6,136.7355205021436,280.0194905896589,pobre,basal,6,625.0,610.0,1.0,31.0,12,425,32817,0,
97,1.0,1.0,1.885,1.0,1.0,6,136.7355205021436,280.0194905896589,pobre,basal,6,625.0,610.0,1.0,31.0,8,425,32818,1,1.0
98,1.0,1.0,1.885,,,6,136.7355205021436,280.0194905896589,pobre,basal,6,625.0,610.0,1.0,31.0,9,425,32818,1,1.0
97,0.0,1.0,1.885,1.0,7.0,5,136.7355205021436,280.0194905896589,pobre,basal,6,625.0,683.0,1.0,32.0,14,425,32819,7,1.0
98,0.0,1.0,1.885,1.0,8.0,5,136.7355205021436,280.0194905896589,pobre,basal,6,625.0,683.0,1.0,32.0,15,425,32819,7,1.0
97,0.0,1.0,1.885,1.0,5.0,5,136.7355205021436,280.0194905896589,pobre,basal,6,625.0,683.0,1.0,32.0,11,425,32820,5,1.0
98,0.0,1.0,1.885,1.0,6.0,5,136.7355205021436,280.0194905896589,pobre,basal,6,625.0,683.0,1.0,32.0,12,425,32820,5,1.0
97,1.0,1.0,1.885,1.0,0.0,5,136.7355205021436,280.0194905896589,pobre,basal,6,625.0,683.0,1.0,32.0,6,425,32821,0,1.0
98,1.0,1.0,1.885,1.0,1.0,5,136.7355205021436,280.0194905896589,pobre,basal,6,625.0,683.0,1.0,32.0,7,425,32821,0,1.0
97,1.0,1.0,0.597,1.0,6.0,7,154.6553372513015,266.2291890044938,pobre,0,3,625.0,688.5,1.0,59.0,15,430,32822,6,1.0
98,1.0,1.0,0.597,0.0,6.0,7,154.6553372513015,266.2291890044938,pobre,0,3,625.0,688.5,1.0,59.0,16,430,32822,6,1.0
97,1.0,1.0,0.597,1.0,4.0,7,154.6553372513015,266.2291890044938,pobre,0,3,625.0,688.5,1.0,59.0,12,430,32823,4,1.0
98,1.0,1.0,0.597,1.0,5.0,7,154.6553372513015,266.2291890044938,pobre,0,3,625.0,688.5,1.0,59.0,13,430,32823,4,1.0
97,1.0,1.0,0.597,1.0,8.0,4,154.6553372513015,266.2291890044938,pobre,0,3,500.0,770.0,1.0,47.0,16,430,32824,8,1.0
98,1.0,1.0,0.597,,,4,154.6553372513015,266.2291890044938,pobre,0,3,500.0,770.0,1.0,47.0,17,430,32824,8,1.0
97,0.0,1.0,0.597,1.0,5.0,4,154.6553372513015,266.2291890044938,pobre,0,3,500.0,770.0,1.0,47.0,11,430,32825,5,1.0
98,0.0,1.0,0.597,1.0,6.0,4,154.6553372513015,266.2291890044938,pobre,0,3,500.0,770.0,1.0,47.0,12,430,32825,5,1.0
97,0.0,1.0,0.597,0.0,9.0,5,154.6553372513015,266.2291890044938,pobre,0,6,500.0,926.5,1.0,53.0,16,430,32826,9,0.0
98,0.0,1.0,0.597,,,5,154.6553372513015,266.2291890044938,pobre,0,6,500.0,926.5,1.0,53.0,17,430,32826,9,0.0
97,0.0,1.0,0.597,1.0,8.0,5,154.6553372513015,266.2291890044938,pobre,0,6,500.0,926.5,1.0,53.0,14,430,32827,8,1.0
98,0.0,1.0,0.597,1.0,9.0,5,154.6553372513015,266.2291890044938,pobre,0,6,500.0,926.5,1.0,53.0,15,430,32827,8,1.0
97,1.0,1.0,0.597,1.0,6.0,6,154.6553372513015,266.2291890044938,pobre,0,0,500.0,803.0,1.0,48.0,16,430,32828,6,1.0
98,1.0,1.0,0.597,,,6,154.6553372513015,266.2291890044938,pobre,0,0,500.0,803.0,1.0,48.0,17,430,32828,6,1.0
97,1.0,1.0,0.597,1.0,2.0,6,154.6553372513015,266.2291890044938,pobre,0,0,500.0,803.0,1.0,48.0,12,430,32829,2,1.0
98,1.0,1.0,0.597,1.0,3.0,6,154.6553372513015,266.2291890044938,pobre,0,0,500.0,803.0,1.0,48.0,13,430,32829,2,1.0
97,0.0,1.0,0.597,1.0,4.0,6,154.6553372513015,266.2291890044938,pobre,0,0,500.0,803.0,1.0,48.0,10,430,32830,4,1.0
98,0.0,1.0,0.597,1.0,5.0,6,154.6553372513015,266.2291890044938,pobre,0,0,500.0,803.0,1.0,48.0,11,430,32830,4,1.0
97,1.0,1.0,0.597,1.0,0.0,4,154.6553372513015,266.2291890044938,pobre,0,10,500.0,728.0,1.0,42.0,6,430,32831,0,1.0
98,1.0,1.0,0.597,1.0,1.0,4,154.6553372513015,266.2291890044938,pobre,0,10,500.0,728.0,1.0,42.0,7,430,32831,0,1.0
97,0.0,1.0,0.597,1.0,4.0,7,154.6553372513015,266.2291890044938,pobre,0,6,625.0,731.0,1.0,32.0,12,430,32832,4,1.0
98,0.0,1.0,0.597,1.0,5.0,7,154.6553372513015,266.2291890044938,pobre,0,6,625.0,731.0,1.0,32.0,13,430,32832,4,1.0
97,0.0,1.0,0.597,1.0,4.0,7,154.6553372513015,266.2291890044938,pobre,0,6,625.0,731.0,1.0,32.0,10,430,32833,4,1.0
98,0.0,1.0,0.597,,,7,154.6553372513015,266.2291890044938,pobre,0,6,625.0,731.0,1.0,32.0,11,430,32833,4,1.0
97,1.0,1.0,0.597,1.0,1.0,7,154.6553372513015,266.2291890044938,pobre,0,6,625.0,731.0,1.0,32.0,7,430,32834,1,1.0
98,1.0,1.0,0.597,1.0,2.0,7,154.6553372513015,266.2291890044938,pobre,0,6,625.0,731.0,1.0,32.0,8,430,32834,1,1.0
97,0.0,1.0,0.597,1.0,6.0,4,154.6553372513015,266.2291890044938,pobre,0,0,0.0,726.0,0.0,90.0,13,430,32835,6,1.0
98,0.0,1.0,0.597,1.0,7.0,4,154.6553372513015,266.2291890044938,pobre,0,0,0.0,726.0,0.0,90.0,14,430,32835,6,1.0
97,0.0,1.0,0.597,1.0,5.0,5,154.6553372513015,266.2291890044938,pobre,0,0,625.0,771.5,1.0,40.0,11,430,32836,5,1.0
98,0.0,1.0,0.597,1.0,6.0,5,154.6553372513015,266.2291890044938,pobre,0,0,625.0,771.5,1.0,40.0,12,430,32836,5,1.0
97,0.0,1.0,0.597,1.0,2.0,5,154.6553372513015,266.2291890044938,pobre,0,0,625.0,771.5,1.0,40.0,9,430,32837,2,1.0
98,0.0,1.0,0.597,1.0,3.0,5,154.6553372513015,266.2291890044938,pobre,0,0,625.0,771.5,1.0,40.0,10,430,32837,2,1.0
97,1.0,1.0,0.597,1.0,7.0,8,154.6553372513015,266.2291890044938,pobre,0,6,100.0,796.0,1.0,37.0,13,430,32838,7,1.0
98,1.0,1.0,0.597,1.0,8.0,8,154.6553372513015,266.2291890044938,pobre,0,6,100.0,796.0,1.0,37.0,14,430,32838,7,1.0
97,0.0,1.0,0.597,1.0,2.0,8,154.6553372513015,266.2291890044938,pobre,0,6,100.0,796.0,1.0,37.0,10,430,32839,2,1.0
98,0.0,1.0,0.597,1.0,4.0,8,154.6553372513015,266.2291890044938,pobre,0,6,100.0,796.0,1.0,37.0,11,430,32839,2,1.0
97,0.0,1.0,0.597,1.0,0.0,8,154.6553372513015,266.2291890044938,pobre,0,6,100.0,796.0,1.0,37.0,6,430,32840,0,1.0
98,0.0,1.0,0.597,1.0,1.0,8,154.6553372513015,266.2291890044938,pobre,0,6,100.0,796.0,1.0,37.0,7,430,32840,0,1.0
97,0.0,1.0,0.597,1.0,4.0,8,154.6553372513015,266.2291890044938,pobre,0,6,500.0,566.0,1.0,44.0,12,430,32841,4,1.0
98,0.0,1.0,0.597,1.0,6.0,8,154.6553372513015,266.2291890044938,pobre,0,6,500.0,566.0,1.0,44.0,13,430,32841,4,1.0
97,1.0,1.0,0.597,1.0,4.0,8,154.6553372513015,266.2291890044938,pobre,0,6,500.0,566.0,1.0,44.0,11,430,32842,4,1.0
98,1.0,1.0,0.597,1.0,5.0,8,154.6553372513015,266.2291890044938,pobre,0,6,500.0,566.0,1.0,44.0,12,430,32842,4,1.0
97,1.0,1.0,0.597,1.0,2.0,8,154.6553372513015,266.2291890044938,pobre,0,6,500.0,566.0,1.0,44.0,9,430,32843,2,1.0
98,1.0,1.0,0.597,1.0,4.0,8,154.6553372513015,266.2291890044938,pobre,0,6,500.0,566.0,1.0,44.0,10,430,32843,2,1.0
97,0.0,1.0,0.597,1.0,2.0,8,154.6553372513015,266.2291890044938,pobre,0,6,500.0,566.0,1.0,44.0,7,430,32844,2,1.0
98,0.0,1.0,0.597,1.0,3.0,8,154.6553372513015,266.2291890044938,pobre,0,6,500.0,566.0,1.0,44.0,8,430,32844,2,1.0
97,1.0,1.0,0.597,1.0,7.0,7,154.6553372513015,266.2291890044938,pobre,0,6,250.0,716.0,0.0,32.0,15,430,32845,7,1.0
98,1.0,1.0,0.597,1.0,8.0,7,154.6553372513015,266.2291890044938,pobre,0,6,250.0,716.0,0.0,32.0,16,430,32845,7,1.0
97,0.0,1.0,0.597,1.0,6.0,7,154.6553372513015,266.2291890044938,pobre,0,6,250.0,716.0,0.0,32.0,13,430,32846,6,1.0
98,0.0,1.0,0.597,1.0,7.0,7,154.6553372513015,266.2291890044938,pobre,0,6,250.0,716.0,0.0,32.0,14,430,32846,6,1.0
97,1.0,1.0,0.597,1.0,3.0,7,154.6553372513015,266.2291890044938,pobre,0,6,250.0,716.0,0.0,32.0,11,430,32847,3,1.0
98,1.0,1.0,0.597,1.0,4.0,7,154.6553372513015,266.2291890044938,pobre,0,6,250.0,716.0,0.0,32.0,12,430,32847,3,1.0
97,0.0,1.0,0.597,1.0,4.0,7,154.6553372513015,266.2291890044938,pobre,0,6,250.0,716.0,0.0,32.0,10,430,32848,4,1.0
98,0.0,1.0,0.597,1.0,5.0,7,154.6553372513015,266.2291890044938,pobre,0,6,250.0,716.0,0.0,32.0,11,430,32848,4,1.0
97,1.0,1.0,0.597,1.0,1.0,7,154.6553372513015,266.2291890044938,pobre,0,6,250.0,716.0,0.0,32.0,7,430,32849,1,1.0
98,1.0,1.0,0.597,1.0,1.0,7,154.6553372513015,266.2291890044938,pobre,0,6,250.0,716.0,0.0,32.0,8,430,32849,1,1.0
97,1.0,1.0,0.597,1.0,10.0,5,154.6553372513015,266.2291890044938,pobre,0,4,0.0,724.0,0.0,40.0,16,430,32850,10,1.0
98,1.0,1.0,0.597,1.0,9.0,5,154.6553372513015,266.2291890044938,pobre,0,4,0.0,724.0,0.0,40.0,17,430,32850,10,1.0
97,1.0,1.0,0.597,1.0,7.0,5,154.6553372513015,266.2291890044938,pobre,0,4,0.0,724.0,0.0,40.0,15,430,32851,7,1.0
98,1.0,1.0,0.597,1.0,8.0,5,154.6553372513015,266.2291890044938,pobre,0,4,0.0,724.0,0.0,40.0,16,430,32851,7,1.0
97,0.0,1.0,0.597,1.0,3.0,5,154.6553372513015,266.2291890044938,pobre,0,4,0.0,724.0,0.0,40.0,12,430,32852,3,1.0
98,0.0,1.0,0.597,1.0,4.0,5,154.6553372513015,266.2291890044938,pobre,0,4,0.0,724.0,0.0,40.0,13,430,32852,3,1.0
97,0.0,1.0,0.597,1.0,6.0,8,154.6553372513015,266.2291890044938,pobre,0,6,500.0,561.0,1.0,40.0,13,430,32853,6,1.0
98,0.0,1.0,0.597,1.0,7.0,8,154.6553372513015,266.2291890044938,pobre,0,6,500.0,561.0,1.0,40.0,14,430,32853,6,1.0
97,1.0,1.0,0.597,1.0,4.0,8,154.6553372513015,266.2291890044938,pobre,0,6,500.0,561.0,1.0,40.0,11,430,32854,4,1.0
98,1.0,1.0,0.597,1.0,5.0,8,154.6553372513015,266.2291890044938,pobre,0,6,500.0,561.0,1.0,40.0,12,430,32854,4,1.0
97,1.0,1.0,0.597,1.0,2.0,8,154.6553372513015,266.2291890044938,pobre,0,6,500.0,561.0,1.0,40.0,9,430,32855,2,1.0
98,1.0,1.0,0.597,1.0,3.0,8,154.6553372513015,266.2291890044938,pobre,0,6,500.0,561.0,1.0,40.0,10,430,32855,2,1.0
97,0.0,1.0,0.597,1.0,0.0,8,154.6553372513015,266.2291890044938,pobre,0,6,500.0,561.0,1.0,40.0,6,430,32856,0,1.0
98,0.0,1.0,0.597,1.0,1.0,8,154.6553372513015,266.2291890044938,pobre,0,6,500.0,561.0,1.0,40.0,7,430,32856,0,1.0
97,0.0,1.0,0.597,1.0,2.0,3,154.6553372513015,266.2291890044938,pobre,0,3,500.0,726.0,1.0,75.0,8,430,32857,2,1.0
98,0.0,1.0,0.597,1.0,3.0,3,154.6553372513015,266.2291890044938,pobre,0,3,500.0,726.0,1.0,75.0,9,430,32857,2,1.0
97,0.0,1.0,0.597,1.0,4.0,3,154.6553372513015,266.2291890044938,pobre,0,0,500.0,743.0,1.0,45.0,11,430,32858,4,1.0
98,0.0,1.0,0.597,1.0,5.0,3,154.6553372513015,266.2291890044938,pobre,0,0,500.0,743.0,1.0,45.0,12,430,32858,4,1.0
97,1.0,1.0,0.597,1.0,2.0,6,154.6553372513015,266.2291890044938,pobre,0,0,600.0,569.0,1.0,38.0,13,430,32859,2,1.0
98,1.0,1.0,0.597,1.0,3.0,6,154.6553372513015,266.2291890044938,pobre,0,0,600.0,569.0,1.0,38.0,14,430,32859,2,1.0
97,0.0,1.0,0.597,1.0,3.0,6,154.6553372513015,266.2291890044938,pobre,0,0,600.0,569.0,1.0,38.0,10,430,32860,3,1.0
98,0.0,1.0,0.597,1.0,4.0,6,154.6553372513015,266.2291890044938,pobre,0,0,600.0,569.0,1.0,38.0,11,430,32860,3,1.0
97,0.0,1.0,0.597,1.0,4.0,4,154.6553372513015,266.2291890044938,pobre,0,4,250.0,684.0,1.0,30.0,11,430,32861,4,1.0
98,0.0,1.0,0.597,1.0,5.0,4,154.6553372513015,266.2291890044938,pobre,0,4,250.0,684.0,1.0,30.0,12,430,32861,4,1.0
97,1.0,1.0,0.597,1.0,2.0,4,154.6553372513015,266.2291890044938,pobre,0,4,250.0,684.0,1.0,30.0,9,430,32862,2,1.0
98,1.0,1.0,0.597,1.0,3.0,4,154.6553372513015,266.2291890044938,pobre,0,4,250.0,684.0,1.0,30.0,10,430,32862,2,1.0
97,1.0,1.0,0.597,1.0,2.0,5,154.6553372513015,266.2291890044938,pobre,0,6,625.0,622.0,1.0,28.0,9,430,32863,2,1.0
98,1.0,1.0,0.597,1.0,3.0,5,154.6553372513015,266.2291890044938,pobre,0,6,625.0,622.0,1.0,28.0,10,430,32863,2,1.0
97,1.0,1.0,0.597,1.0,1.0,5,154.6553372513015,266.2291890044938,pobre,0,6,625.0,622.0,1.0,28.0,7,430,32864,1,1.0
98,1.0,1.0,0.597,1.0,2.0,5,154.6553372513015,266.2291890044938,pobre,0,6,625.0,622.0,1.0,28.0,8,430,32864,1,1.0
97,0.0,1.0,0.597,,3.0,7,154.6553372513015,266.2291890044938,pobre,0,6,500.0,635.33099,1.0,43.0,13,430,32865,3,
98,0.0,1.0,0.597,1.0,4.0,7,154.6553372513015,266.2291890044938,pobre,0,6,500.0,635.33099,1.0,43.0,14,430,32865,3,
97,1.0,1.0,0.597,,3.0,7,154.6553372513015,266.2291890044938,pobre,0,6,500.0,635.33099,1.0,43.0,9,430,32866,3,
98,1.0,1.0,0.597,1.0,4.0,7,154.6553372513015,266.2291890044938,pobre,0,6,500.0,635.33099,1.0,43.0,10,430,32866,3,
97,1.0,1.0,0.597,,3.0,7,154.6553372513015,266.2291890044938,pobre,0,6,500.0,635.33099,1.0,43.0,7,430,32867,3,
98,1.0,1.0,0.597,1.0,3.0,7,154.6553372513015,266.2291890044938,pobre,0,6,500.0,635.33099,1.0,43.0,8,430,32867,3,
97,0.0,1.0,0.597,1.0,5.0,7,154.6553372513015,266.2291890044938,pobre,0,2,0.0,725.5,1.0,41.0,13,430,32868,5,1.0
98,0.0,1.0,0.597,0.0,6.0,7,154.6553372513015,266.2291890044938,pobre,0,2,0.0,725.5,1.0,41.0,14,430,32868,5,1.0
97,1.0,1.0,0.597,1.0,2.0,7,154.6553372513015,266.2291890044938,pobre,0,2,0.0,725.5,1.0,41.0,11,430,32869,2,1.0
98,1.0,1.0,0.597,1.0,3.0,7,154.6553372513015,266.2291890044938,pobre,0,2,0.0,725.5,1.0,41.0,12,430,32869,2,1.0
97,1.0,1.0,0.597,1.0,1.0,7,154.6553372513015,266.2291890044938,pobre,0,2,0.0,725.5,1.0,41.0,9,430,32870,1,1.0
98,1.0,1.0,0.597,1.0,2.0,7,154.6553372513015,266.2291890044938,pobre,0,2,0.0,725.5,1.0,41.0,10,430,32870,1,1.0
97,1.0,1.0,0.597,1.0,1.0,7,154.6553372513015,266.2291890044938,pobre,0,2,0.0,789.0,1.0,48.0,8,430,32871,1,1.0
98,1.0,1.0,0.597,1.0,2.0,7,154.6553372513015,266.2291890044938,pobre,0,2,0.0,789.0,1.0,48.0,9,430,32871,1,1.0
97,0.0,1.0,0.597,1.0,8.0,7,154.6553372513015,266.2291890044938,pobre,0,6,500.0,717.0,1.0,49.0,16,430,32872,8,1.0
98,0.0,1.0,0.597,,,7,154.6553372513015,266.2291890044938,pobre,0,6,500.0,717.0,1.0,49.0,17,430,32872,8,1.0
97,1.0,1.0,0.597,1.0,7.0,7,154.6553372513015,266.2291890044938,pobre,0,6,500.0,717.0,1.0,49.0,14,430,32873,7,1.0
98,1.0,1.0,0.597,1.0,8.0,7,154.6553372513015,266.2291890044938,pobre,0,6,500.0,717.0,1.0,49.0,15,430,32873,7,1.0
97,0.0,1.0,0.597,1.0,5.0,7,154.6553372513015,266.2291890044938,pobre,0,6,500.0,717.0,1.0,49.0,12,430,32874,5,1.0
98,0.0,1.0,0.597,1.0,6.0,7,154.6553372513015,266.2291890044938,pobre,0,6,500.0,717.0,1.0,49.0,13,430,32874,5,1.0
97,0.0,0.0,4.152,1.0,2.0,3,52.27688165081197,75.3069717543874,pobre,0,3,750.0,749.0,1.0,27.0,8,477,32875,2,1.0
98,0.0,0.0,4.152,1.0,3.0,3,52.27688165081197,75.3069717543874,pobre,0,3,750.0,749.0,1.0,27.0,9,477,32875,2,1.0
97,0.0,1.0,3.911,0.0,6.0,8,147.7594607725823,285.4478716833122,pobre,0,6,500.0,575.0,1.0,34.0,16,426,32876,6,0.0
98,0.0,1.0,3.911,,,8,147.7594607725823,285.4478716833122,pobre,0,6,500.0,575.0,1.0,34.0,17,426,32876,6,0.0
97,1.0,1.0,3.911,1.0,5.0,8,147.7594607725823,285.4478716833122,pobre,0,6,500.0,575.0,1.0,34.0,11,426,32877,5,1.0
98,1.0,1.0,3.911,1.0,6.0,8,147.7594607725823,285.4478716833122,pobre,0,6,500.0,575.0,1.0,34.0,12,426,32877,5,1.0
97,0.0,1.0,3.911,1.0,1.0,8,147.7594607725823,285.4478716833122,pobre,0,6,500.0,575.0,1.0,34.0,7,426,32878,1,1.0
98,0.0,1.0,3.911,1.0,2.0,8,147.7594607725823,285.4478716833122,pobre,0,6,500.0,575.0,1.0,34.0,8,426,32878,1,1.0
97,0.0,1.0,3.911,1.0,3.0,6,147.7594607725823,285.4478716833122,pobre,0,6,500.0,681.0,1.0,28.0,9,426,32879,3,1.0
98,0.0,1.0,3.911,1.0,4.0,6,147.7594607725823,285.4478716833122,pobre,0,6,500.0,681.0,1.0,28.0,10,426,32879,3,1.0
97,0.0,1.0,3.911,1.0,1.0,6,147.7594607725823,285.4478716833122,pobre,0,6,500.0,681.0,1.0,28.0,7,426,32880,1,1.0
98,0.0,1.0,3.911,1.0,2.0,6,147.7594607725823,285.4478716833122,pobre,0,6,500.0,681.0,1.0,28.0,8,426,32880,1,1.0
97,0.0,1.0,3.911,1.0,0.0,6,147.7594607725823,285.4478716833122,pobre,0,6,500.0,681.0,1.0,28.0,6,426,32881,0,1.0
98,0.0,1.0,3.911,1.0,1.0,6,147.7594607725823,285.4478716833122,pobre,0,6,500.0,681.0,1.0,28.0,7,426,32881,0,1.0
97,0.0,0.0,3.911,0.0,6.0,7,147.7594607725823,285.4478716833122,pobre,0,3,500.0,634.0,1.0,38.0,16,426,32882,6,0.0
98,0.0,0.0,3.911,,,7,147.7594607725823,285.4478716833122,pobre,0,3,500.0,634.0,1.0,38.0,17,426,32882,6,0.0
97,0.0,0.0,3.911,0.0,6.0,7,147.7594607725823,285.4478716833122,pobre,0,3,500.0,634.0,1.0,38.0,12,426,32883,6,0.0
98,0.0,0.0,3.911,0.0,6.0,7,147.7594607725823,285.4478716833122,pobre,0,3,500.0,634.0,1.0,38.0,13,426,32883,6,0.0
97,1.0,0.0,3.911,1.0,1.0,7,147.7594607725823,285.4478716833122,pobre,0,3,500.0,634.0,1.0,38.0,8,426,32884,1,1.0
98,1.0,0.0,3.911,1.0,2.0,7,147.7594607725823,285.4478716833122,pobre,0,3,500.0,634.0,1.0,38.0,9,426,32884,1,1.0
97,1.0,0.0,3.911,1.0,0.0,7,147.7594607725823,285.4478716833122,pobre,0,3,500.0,634.0,1.0,38.0,7,426,32885,0,1.0
98,1.0,0.0,3.911,1.0,1.0,7,147.7594607725823,285.4478716833122,pobre,0,3,500.0,634.0,1.0,38.0,8,426,32885,0,1.0
97,1.0,1.0,3.911,1.0,2.0,3,147.7594607725823,285.4478716833122,pobre,0,4,500.0,921.0,1.0,60.0,8,426,32886,2,1.0
98,1.0,1.0,3.911,1.0,3.0,3,147.7594607725823,285.4478716833122,pobre,0,4,500.0,921.0,1.0,60.0,9,426,32886,2,1.0
97,1.0,0.0,3.911,1.0,1.0,4,147.7594607725823,285.4478716833122,pobre,0,6,500.0,722.0,1.0,28.0,6,426,32887,1,1.0
98,1.0,0.0,3.911,1.0,1.0,4,147.7594607725823,285.4478716833122,pobre,0,6,500.0,722.0,1.0,28.0,7,426,32887,1,1.0
97,1.0,1.0,3.911,0.0,9.0,2,147.7594607725823,285.4478716833122,pobre,0,4,375.0,730.0,0.0,45.0,16,426,32888,9,0.0
98,1.0,1.0,3.911,,,2,147.7594607725823,285.4478716833122,pobre,0,4,375.0,730.0,0.0,45.0,17,426,32888,9,0.0
97,1.0,0.0,3.911,0.0,9.0,6,147.7594607725823,285.4478716833122,pobre,0,6,500.0,816.0,1.0,47.0,16,426,32889,9,0.0
98,1.0,0.0,3.911,0.0,9.0,6,147.7594607725823,285.4478716833122,pobre,0,6,500.0,816.0,1.0,47.0,17,426,32889,9,0.0
97,0.0,0.0,3.911,1.0,1.0,6,147.7594607725823,285.4478716833122,pobre,0,6,500.0,816.0,1.0,47.0,8,426,32890,1,1.0
98,0.0,0.0,3.911,1.0,2.0,6,147.7594607725823,285.4478716833122,pobre,0,6,500.0,816.0,1.0,47.0,9,426,32890,1,1.0
97,1.0,1.0,3.911,0.0,9.0,6,147.7594607725823,285.4478716833122,pobre,0,4,500.0,674.0,1.0,56.0,15,426,32891,9,0.0
98,1.0,1.0,3.911,1.0,9.0,6,147.7594607725823,285.4478716833122,pobre,0,4,500.0,674.0,1.0,56.0,16,426,32891,9,0.0
97,0.0,1.0,3.911,1.0,8.0,6,147.7594607725823,285.4478716833122,pobre,0,4,500.0,674.0,1.0,56.0,15,426,32892,8,1.0
98,0.0,1.0,3.911,1.0,9.0,6,147.7594607725823,285.4478716833122,pobre,0,4,500.0,674.0,1.0,56.0,16,426,32892,8,1.0
97,0.0,1.0,3.911,1.0,5.0,6,147.7594607725823,285.4478716833122,pobre,0,4,500.0,674.0,1.0,56.0,11,426,32893,5,1.0
98,0.0,1.0,3.911,1.0,6.0,6,147.7594607725823,285.4478716833122,pobre,0,4,500.0,674.0,1.0,56.0,12,426,32893,5,1.0
97,0.0,1.0,3.911,1.0,8.0,7,147.7594607725823,285.4478716833122,pobre,0,4,500.0,742.0,1.0,43.0,13,426,32894,8,1.0
98,0.0,1.0,3.911,0.0,7.0,7,147.7594607725823,285.4478716833122,pobre,0,4,500.0,742.0,1.0,43.0,14,426,32894,8,1.0
97,0.0,1.0,3.911,1.0,5.0,7,147.7594607725823,285.4478716833122,pobre,0,4,500.0,742.0,1.0,43.0,12,426,32895,5,1.0
98,0.0,1.0,3.911,1.0,6.0,7,147.7594607725823,285.4478716833122,pobre,0,4,500.0,742.0,1.0,43.0,13,426,32895,5,1.0
97,0.0,1.0,3.911,1.0,5.0,7,147.7594607725823,285.4478716833122,pobre,0,4,500.0,742.0,1.0,43.0,11,426,32896,5,1.0
98,0.0,1.0,3.911,1.0,6.0,7,147.7594607725823,285.4478716833122,pobre,0,4,500.0,742.0,1.0,43.0,12,426,32896,5,1.0
97,0.0,1.0,3.911,1.0,3.0,7,147.7594607725823,285.4478716833122,pobre,0,4,500.0,742.0,1.0,43.0,8,426,32897,3,1.0
98,0.0,1.0,3.911,1.0,3.0,7,147.7594607725823,285.4478716833122,pobre,0,4,500.0,742.0,1.0,43.0,9,426,32897,3,1.0
97,1.0,1.0,3.911,0.0,9.0,10,147.7594607725823,285.4478716833122,pobre,0,3,240.0,722.0,1.0,51.0,15,426,32898,9,0.0
98,1.0,1.0,3.911,1.0,9.0,10,147.7594607725823,285.4478716833122,pobre,0,3,240.0,722.0,1.0,51.0,16,426,32898,9,0.0
97,0.0,1.0,3.911,1.0,2.0,10,147.7594607725823,285.4478716833122,pobre,0,3,240.0,722.0,1.0,51.0,8,426,32899,2,1.0
98,0.0,1.0,3.911,1.0,3.0,10,147.7594607725823,285.4478716833122,pobre,0,3,240.0,722.0,1.0,51.0,9,426,32899,2,1.0
97,0.0,0.0,3.312,1.0,3.0,5,85.23108113498171,85.23108113498171,pobre,basal,0,0.0,509.0,1.0,38.0,8,131,32900,3,1.0
98,0.0,0.0,3.312,1.0,4.0,5,85.23108113498171,85.23108113498171,pobre,basal,0,0.0,509.0,1.0,38.0,9,131,32900,3,1.0
97,0.0,0.0,3.312,1.0,1.0,5,85.23108113498171,85.23108113498171,pobre,basal,0,0.0,509.0,1.0,38.0,7,131,32901,1,1.0
98,0.0,0.0,3.312,1.0,2.0,5,85.23108113498171,85.23108113498171,pobre,basal,0,0.0,509.0,1.0,38.0,8,131,32901,1,1.0
97,0.0,1.0,3.911,1.0,6.0,10,147.7594607725823,285.4478716833122,pobre,0,4,0.0,683.0,0.0,80.0,15,426,32902,6,1.0
98,0.0,1.0,3.911,0.0,1.0,10,147.7594607725823,285.4478716833122,pobre,0,4,0.0,683.0,0.0,80.0,16,426,32902,6,1.0
97,0.0,1.0,3.911,1.0,4.0,10,147.7594607725823,285.4478716833122,pobre,0,4,0.0,683.0,0.0,80.0,12,426,32903,4,1.0
98,0.0,1.0,3.911,0.0,6.0,10,147.7594607725823,285.4478716833122,pobre,0,4,0.0,683.0,0.0,80.0,13,426,32903,4,1.0
97,1.0,1.0,3.911,1.0,3.0,10,147.7594607725823,285.4478716833122,pobre,0,4,0.0,683.0,0.0,80.0,10,426,32904,3,1.0
98,1.0,1.0,3.911,1.0,4.0,10,147.7594607725823,285.4478716833122,pobre,0,4,0.0,683.0,0.0,80.0,11,426,32904,3,1.0
97,0.0,1.0,3.911,1.0,2.0,10,147.7594607725823,285.4478716833122,pobre,0,4,0.0,683.0,0.0,80.0,9,426,32905,2,1.0
98,0.0,1.0,3.911,1.0,3.0,10,147.7594607725823,285.4478716833122,pobre,0,4,0.0,683.0,0.0,80.0,10,426,32905,2,1.0
97,0.0,1.0,3.911,1.0,1.0,10,147.7594607725823,285.4478716833122,pobre,0,4,0.0,683.0,0.0,80.0,7,426,32906,1,1.0
98,0.0,1.0,3.911,1.0,2.0,10,147.7594607725823,285.4478716833122,pobre,0,4,0.0,683.0,0.0,80.0,8,426,32906,1,1.0
97,1.0,0.0,4.152,0.0,6.0,11,52.27688165081197,75.3069717543874,no pobre,0,0,875.0,981.0,1.0,69.0,15,477,32907,6,0.0
98,1.0,0.0,4.152,0.0,6.0,11,52.27688165081197,75.3069717543874,no pobre,0,0,875.0,981.0,1.0,69.0,16,477,32907,6,0.0
97,0.0,0.0,4.152,0.0,6.0,11,52.27688165081197,75.3069717543874,no pobre,0,0,875.0,981.0,1.0,69.0,13,477,32908,6,0.0
98,0.0,0.0,4.152,0.0,6.0,11,52.27688165081197,75.3069717543874,no pobre,0,0,875.0,981.0,1.0,69.0,14,477,32908,6,0.0
97,1.0,0.0,4.152,1.0,2.0,11,52.27688165081197,75.3069717543874,no pobre,0,0,875.0,981.0,1.0,69.0,11,477,32909,2,1.0
98,1.0,0.0,4.152,1.0,3.0,11,52.27688165081197,75.3069717543874,no pobre,0,0,875.0,981.0,1.0,69.0,12,477,32909,2,1.0
97,1.0,1.0,3.911,1.0,7.0,6,147.7594607725823,285.4478716833122,pobre,0,4,1200.0,705.0,1.0,44.0,13,426,32910,7,1.0
98,1.0,1.0,3.911,1.0,8.0,6,147.7594607725823,285.4478716833122,pobre,0,4,1200.0,705.0,1.0,44.0,14,426,32910,7,1.0
97,0.0,1.0,3.911,1.0,2.0,6,147.7594607725823,285.4478716833122,pobre,0,4,1200.0,705.0,1.0,44.0,9,426,32911,2,1.0
98,0.0,1.0,3.911,1.0,3.0,6,147.7594607725823,285.4478716833122,pobre,0,4,1200.0,705.0,1.0,44.0,10,426,32911,2,1.0
97,0.0,1.0,3.911,1.0,1.0,7,147.7594607725823,285.4478716833122,pobre,0,4,0.0,810.0,0.0,63.0,7,426,32912,1,1.0
98,0.0,1.0,3.911,1.0,1.0,7,147.7594607725823,285.4478716833122,pobre,0,4,0.0,810.0,0.0,63.0,8,426,32912,1,1.0
97,1.0,1.0,3.911,1.0,6.0,3,147.7594607725823,285.4478716833122,pobre,0,4,500.0,809.0,1.0,53.0,12,426,32913,6,1.0
98,1.0,1.0,3.911,0.0,7.0,3,147.7594607725823,285.4478716833122,pobre,0,4,500.0,809.0,1.0,53.0,13,426,32913,6,1.0
97,1.0,1.0,3.911,0.0,9.0,6,147.7594607725823,285.4478716833122,pobre,0,4,500.0,837.0,1.0,69.0,16,426,32914,9,0.0
98,1.0,1.0,3.911,,,6,147.7594607725823,285.4478716833122,pobre,0,4,500.0,837.0,1.0,69.0,17,426,32914,9,0.0
97,0.0,1.0,3.911,0.0,6.0,6,147.7594607725823,285.4478716833122,pobre,0,4,500.0,837.0,1.0,69.0,14,426,32915,6,0.0
98,0.0,1.0,3.911,0.0,6.0,6,147.7594607725823,285.4478716833122,pobre,0,4,500.0,837.0,1.0,69.0,15,426,32915,6,0.0
97,1.0,1.0,3.911,1.0,1.0,3,147.7594607725823,285.4478716833122,pobre,0,4,375.0,867.5,1.0,60.0,8,426,32916,1,1.0
98,1.0,1.0,3.911,1.0,2.0,3,147.7594607725823,285.4478716833122,pobre,0,4,375.0,867.5,1.0,60.0,9,426,32916,1,1.0
97,0.0,1.0,3.911,1.0,8.0,6,147.7594607725823,285.4478716833122,pobre,0,2,500.0,519.0,1.0,36.0,16,426,32917,8,1.0
98,0.0,1.0,3.911,,,6,147.7594607725823,285.4478716833122,pobre,0,2,500.0,519.0,1.0,36.0,17,426,32917,8,1.0
97,1.0,1.0,3.911,1.0,7.0,6,147.7594607725823,285.4478716833122,pobre,0,2,500.0,519.0,1.0,36.0,14,426,32918,7,1.0
98,1.0,1.0,3.911,1.0,8.0,6,147.7594607725823,285.4478716833122,pobre,0,2,500.0,519.0,1.0,36.0,15,426,32918,7,1.0
97,0.0,1.0,3.911,1.0,5.0,6,147.7594607725823,285.4478716833122,pobre,0,2,500.0,519.0,1.0,36.0,11,426,32919,5,1.0
98,0.0,1.0,3.911,1.0,5.0,6,147.7594607725823,285.4478716833122,pobre,0,2,500.0,519.0,1.0,36.0,12,426,32919,5,1.0
97,1.0,0.0,3.911,1.0,4.0,5,147.7594607725823,285.4478716833122,pobre,0,6,500.0,693.0,1.0,28.0,10,426,32920,4,1.0
98,1.0,0.0,3.911,1.0,5.0,5,147.7594607725823,285.4478716833122,pobre,0,6,500.0,693.0,1.0,28.0,11,426,32920,4,1.0
97,1.0,0.0,3.911,1.0,0.0,5,147.7594607725823,285.4478716833122,pobre,0,6,500.0,693.0,1.0,28.0,7,426,32921,0,1.0
98,1.0,0.0,3.911,1.0,1.0,5,147.7594607725823,285.4478716833122,pobre,0,6,500.0,693.0,1.0,28.0,8,426,32921,0,1.0
97,1.0,0.0,3.911,1.0,4.0,5,147.7594607725823,285.4478716833122,pobre,0,3,500.0,850.0,1.0,46.0,10,426,32922,4,1.0
98,1.0,0.0,3.911,1.0,5.0,5,147.7594607725823,285.4478716833122,pobre,0,3,500.0,850.0,1.0,46.0,11,426,32922,4,1.0
97,1.0,1.0,3.911,0.0,6.0,6,147.7594607725823,285.4478716833122,pobre,0,4,500.0,801.5,1.0,46.0,14,426,32923,6,0.0
98,1.0,1.0,3.911,0.0,6.0,6,147.7594607725823,285.4478716833122,pobre,0,4,500.0,801.5,1.0,46.0,15,426,32923,6,0.0
97,0.0,0.0,3.911,1.0,1.0,5,147.7594607725823,285.4478716833122,pobre,0,4,300.0,674.0,1.0,59.0,6,426,32924,1,1.0
98,0.0,0.0,3.911,1.0,1.0,5,147.7594607725823,285.4478716833122,pobre,0,4,300.0,674.0,1.0,59.0,7,426,32924,1,1.0
97,0.0,1.0,3.911,1.0,1.0,9,147.7594607725823,285.4478716833122,pobre,0,4,500.0,882.59998,1.0,57.0,7,426,32925,1,1.0
98,0.0,1.0,3.911,1.0,2.0,9,147.7594607725823,285.4478716833122,pobre,0,4,500.0,882.59998,1.0,57.0,8,426,32925,1,1.0
97,0.0,0.0,3.911,1.0,8.0,6,147.7594607725823,285.4478716833122,pobre,0,6,625.0,773.0,1.0,38.0,15,426,32926,8,1.0
98,0.0,0.0,3.911,1.0,9.0,6,147.7594607725823,285.4478716833122,pobre,0,6,625.0,773.0,1.0,38.0,16,426,32926,8,1.0
97,1.0,0.0,3.911,1.0,8.0,6,147.7594607725823,285.4478716833122,pobre,0,6,625.0,773.0,1.0,38.0,13,426,32927,8,1.0
98,1.0,0.0,3.911,1.0,9.0,6,147.7594607725823,285.4478716833122,pobre,0,6,625.0,773.0,1.0,38.0,14,426,32927,8,1.0
97,1.0,0.0,3.911,1.0,6.0,6,147.7594607725823,285.4478716833122,pobre,0,6,625.0,773.0,1.0,38.0,11,426,32928,6,1.0
98,1.0,0.0,3.911,1.0,7.0,6,147.7594607725823,285.4478716833122,pobre,0,6,625.0,773.0,1.0,38.0,12,426,32928,6,1.0
97,1.0,0.0,3.312,1.0,6.0,6,85.23108113498171,85.23108113498171,pobre,basal,4,1200.0,554.0,1.0,43.0,11,131,32929,6,1.0
98,1.0,0.0,3.312,1.0,7.0,6,85.23108113498171,85.23108113498171,pobre,basal,4,1200.0,554.0,1.0,43.0,12,131,32929,6,1.0
97,0.0,0.0,3.312,1.0,3.0,6,85.23108113498171,85.23108113498171,pobre,basal,4,1200.0,554.0,1.0,43.0,8,131,32930,3,1.0
98,0.0,0.0,3.312,1.0,3.0,6,85.23108113498171,85.23108113498171,pobre,basal,4,1200.0,554.0,1.0,43.0,9,131,32930,3,1.0
97,0.0,0.0,3.312,1.0,1.0,6,85.23108113498171,85.23108113498171,pobre,basal,4,1200.0,554.0,1.0,43.0,6,131,32931,1,1.0
98,0.0,0.0,3.312,1.0,2.0,6,85.23108113498171,85.23108113498171,pobre,basal,4,1200.0,554.0,1.0,43.0,7,131,32931,1,1.0
97,0.0,0.0,3.312,0.0,6.0,5,85.23108113498171,85.23108113498171,pobre,basal,2,0.0,509.0,0.0,52.0,12,131,32932,6,0.0
98,0.0,0.0,3.312,1.0,6.0,5,85.23108113498171,85.23108113498171,pobre,basal,2,0.0,509.0,0.0,52.0,13,131,32932,6,0.0
97,0.0,0.0,3.312,1.0,6.0,5,85.23108113498171,85.23108113498171,pobre,basal,2,0.0,509.0,0.0,52.0,13,131,32933,6,1.0
98,0.0,0.0,3.312,0.0,6.0,5,85.23108113498171,85.23108113498171,pobre,basal,2,0.0,509.0,0.0,52.0,14,131,32933,6,1.0
97,1.0,0.0,3.312,1.0,9.0,5,85.23108113498171,85.23108113498171,pobre,basal,2,0.0,509.0,0.0,52.0,16,131,32934,9,1.0
98,1.0,0.0,3.312,0.0,3.0,5,85.23108113498171,85.23108113498171,pobre,basal,2,0.0,509.0,0.0,52.0,17,131,32934,9,1.0
97,1.0,0.0,3.312,1.0,8.0,5,85.23108113498171,85.23108113498171,pobre,basal,2,0.0,509.0,0.0,52.0,14,131,32935,8,1.0
98,1.0,0.0,3.312,0.0,2.0,5,85.23108113498171,85.23108113498171,pobre,basal,2,0.0,509.0,0.0,52.0,15,131,32935,8,1.0
97,1.0,0.0,3.312,1.0,3.0,5,85.23108113498171,85.23108113498171,pobre,basal,4,0.0,511.0,1.0,34.0,8,131,32936,3,1.0
98,1.0,0.0,3.312,1.0,4.0,5,85.23108113498171,85.23108113498171,pobre,basal,4,0.0,511.0,1.0,34.0,9,131,32936,3,1.0
97,1.0,0.0,3.312,1.0,1.0,5,85.23108113498171,85.23108113498171,pobre,basal,4,0.0,511.0,1.0,34.0,7,131,32937,1,1.0
98,1.0,0.0,3.312,1.0,2.0,5,85.23108113498171,85.23108113498171,pobre,basal,4,0.0,511.0,1.0,34.0,8,131,32937,1,1.0
97,1.0,0.0,3.312,1.0,8.0,6,85.23108113498171,85.23108113498171,pobre,basal,0,0.0,559.0,0.0,53.0,14,131,32938,8,1.0
98,1.0,0.0,3.312,0.0,4.0,6,85.23108113498171,85.23108113498171,pobre,basal,0,0.0,559.0,0.0,53.0,15,131,32938,8,1.0
97,0.0,0.0,3.312,1.0,6.0,6,85.23108113498171,85.23108113498171,pobre,basal,0,0.0,559.0,0.0,53.0,11,131,32939,6,1.0
98,0.0,0.0,3.312,0.0,6.0,6,85.23108113498171,85.23108113498171,pobre,basal,0,0.0,559.0,0.0,53.0,12,131,32939,6,1.0
97,0.0,0.0,3.312,1.0,4.0,6,85.23108113498171,85.23108113498171,pobre,basal,0,0.0,559.0,0.0,53.0,10,131,32940,4,1.0
98,0.0,0.0,3.312,1.0,5.0,6,85.23108113498171,85.23108113498171,pobre,basal,0,0.0,559.0,0.0,53.0,11,131,32940,4,1.0
97,0.0,0.0,3.312,0.0,6.0,6,85.23108113498171,85.23108113498171,pobre,basal,3,1440.0,565.0,1.0,51.0,16,131,32941,6,0.0
98,0.0,0.0,3.312,,,6,85.23108113498171,85.23108113498171,pobre,basal,3,1440.0,565.0,1.0,51.0,17,131,32941,6,0.0
97,1.0,0.0,3.312,1.0,3.0,6,85.23108113498171,85.23108113498171,pobre,basal,3,1440.0,565.0,1.0,51.0,13,131,32942,3,1.0
98,1.0,0.0,3.312,1.0,4.0,6,85.23108113498171,85.23108113498171,pobre,basal,3,1440.0,565.0,1.0,51.0,14,131,32942,3,1.0
97,0.0,0.0,3.312,1.0,3.0,6,85.23108113498171,85.23108113498171,pobre,basal,3,1440.0,565.0,1.0,51.0,10,131,32943,3,1.0
98,0.0,0.0,3.312,1.0,3.0,6,85.23108113498171,85.23108113498171,pobre,basal,3,1440.0,565.0,1.0,51.0,11,131,32943,3,1.0
97,1.0,0.0,3.911,1.0,9.0,10,147.7594607725823,285.4478716833122,pobre,0,6,500.0,983.0,1.0,43.0,15,426,32944,9,1.0
98,1.0,0.0,3.911,1.0,10.0,10,147.7594607725823,285.4478716833122,pobre,0,6,500.0,983.0,1.0,43.0,16,426,32944,9,1.0
97,0.0,0.0,3.911,1.0,6.0,10,147.7594607725823,285.4478716833122,pobre,0,6,500.0,983.0,1.0,43.0,13,426,32945,6,1.0
98,0.0,0.0,3.911,1.0,7.0,10,147.7594607725823,285.4478716833122,pobre,0,6,500.0,983.0,1.0,43.0,14,426,32945,6,1.0
97,1.0,1.0,3.911,1.0,5.0,8,147.7594607725823,285.4478716833122,pobre,0,4,500.0,682.0,1.0,50.0,11,426,32946,5,1.0
98,1.0,1.0,3.911,1.0,6.0,8,147.7594607725823,285.4478716833122,pobre,0,4,500.0,682.0,1.0,50.0,12,426,32946,5,1.0
97,1.0,1.0,3.911,1.0,2.0,8,147.7594607725823,285.4478716833122,pobre,0,4,500.0,682.0,1.0,50.0,10,426,32947,2,1.0
98,1.0,1.0,3.911,1.0,3.0,8,147.7594607725823,285.4478716833122,pobre,0,4,500.0,682.0,1.0,50.0,11,426,32947,2,1.0
97,1.0,0.0,3.312,1.0,9.0,8,85.23108113498171,85.23108113498171,pobre,basal,2,1400.0,535.0,1.0,54.0,16,131,32948,9,1.0
98,1.0,0.0,3.312,,,8,85.23108113498171,85.23108113498171,pobre,basal,2,1400.0,535.0,1.0,54.0,17,131,32948,9,1.0
97,1.0,0.0,3.312,1.0,5.0,8,85.23108113498171,85.23108113498171,pobre,basal,2,1400.0,535.0,1.0,54.0,14,131,32949,5,1.0
98,1.0,0.0,3.312,0.0,6.0,8,85.23108113498171,85.23108113498171,pobre,basal,2,1400.0,535.0,1.0,54.0,15,131,32949,5,1.0
97,1.0,0.0,3.312,1.0,6.0,8,85.23108113498171,85.23108113498171,pobre,basal,2,1400.0,535.0,1.0,54.0,12,131,32950,6,1.0
98,1.0,0.0,3.312,1.0,7.0,8,85.23108113498171,85.23108113498171,pobre,basal,2,1400.0,535.0,1.0,54.0,13,131,32950,6,1.0
97,1.0,0.0,3.312,1.0,7.0,5,85.23108113498171,85.23108113498171,pobre,basal,3,2400.0,807.0,1.0,46.0,13,131,32951,7,1.0
98,1.0,0.0,3.312,1.0,8.0,5,85.23108113498171,85.23108113498171,pobre,basal,3,2400.0,807.0,1.0,46.0,14,131,32951,7,1.0
97,1.0,0.0,3.312,1.0,6.0,5,85.23108113498171,85.23108113498171,pobre,basal,3,2400.0,807.0,1.0,46.0,12,131,32952,6,1.0
98,1.0,0.0,3.312,1.0,4.0,5,85.23108113498171,85.23108113498171,pobre,basal,3,2400.0,807.0,1.0,46.0,13,131,32952,6,1.0
97,0.0,0.0,3.312,0.0,6.0,5,85.23108113498171,85.23108113498171,pobre,basal,0,0.0,675.0,1.0,69.0,16,131,32953,6,0.0
98,0.0,0.0,3.312,,,5,85.23108113498171,85.23108113498171,pobre,basal,0,0.0,675.0,1.0,69.0,17,131,32953,6,0.0
97,1.0,0.0,3.312,1.0,3.0,4,85.23108113498171,85.23108113498171,pobre,basal,6,1000.0,574.0,1.0,31.0,9,131,32954,3,1.0
98,1.0,0.0,3.312,1.0,4.0,4,85.23108113498171,85.23108113498171,pobre,basal,6,1000.0,574.0,1.0,31.0,10,131,32954,3,1.0
97,1.0,0.0,3.312,1.0,1.0,4,85.23108113498171,85.23108113498171,pobre,basal,6,1000.0,574.0,1.0,31.0,6,131,32955,1,1.0
98,1.0,0.0,3.312,1.0,2.0,4,85.23108113498171,85.23108113498171,pobre,basal,6,1000.0,574.0,1.0,31.0,7,131,32955,1,1.0
97,0.0,0.0,3.911,1.0,6.0,3,147.7594607725823,285.4478716833122,pobre,0,3,375.0,723.0,0.0,55.0,11,426,32956,6,1.0
98,0.0,0.0,3.911,1.0,7.0,3,147.7594607725823,285.4478716833122,pobre,0,3,375.0,723.0,0.0,55.0,12,426,32956,6,1.0
97,1.0,0.0,3.911,1.0,0.0,3,147.7594607725823,285.4478716833122,pobre,0,3,375.0,723.0,0.0,55.0,6,426,32957,0,1.0
98,1.0,0.0,3.911,1.0,1.0,3,147.7594607725823,285.4478716833122,pobre,0,3,375.0,723.0,0.0,55.0,7,426,32957,0,1.0
97,0.0,0.0,3.312,,0.0,7,85.23108113498171,85.23108113498171,pobre,basal,2,1000.0,631.94,0.0,41.0,16,131,32958,0,
98,0.0,0.0,3.312,,,7,85.23108113498171,85.23108113498171,pobre,basal,2,1000.0,631.94,0.0,41.0,17,131,32958,0,
97,0.0,0.0,3.312,,0.0,7,85.23108113498171,85.23108113498171,pobre,basal,2,1000.0,631.94,0.0,41.0,14,131,32959,0,
98,0.0,0.0,3.312,0.0,6.0,7,85.23108113498171,85.23108113498171,pobre,basal,2,1000.0,631.94,0.0,41.0,15,131,32959,0,
97,0.0,0.0,3.312,0.0,6.0,7,85.23108113498171,85.23108113498171,pobre,basal,2,1000.0,631.94,0.0,41.0,12,131,32960,6,0.0
98,0.0,0.0,3.312,0.0,6.0,7,85.23108113498171,85.23108113498171,pobre,basal,2,1000.0,631.94,0.0,41.0,13,131,32960,6,0.0
97,1.0,0.0,3.312,1.0,3.0,7,85.23108113498171,85.23108113498171,pobre,basal,2,1000.0,631.94,0.0,41.0,9,131,32961,3,1.0
98,1.0,0.0,3.312,1.0,4.0,7,85.23108113498171,85.23108113498171,pobre,basal,2,1000.0,631.94,0.0,41.0,10,131,32961,3,1.0
97,1.0,0.0,3.312,1.0,2.0,5,85.23108113498171,85.23108113498171,pobre,basal,3,875.0,470.0,1.0,30.0,8,131,32962,2,1.0
98,1.0,0.0,3.312,1.0,3.0,5,85.23108113498171,85.23108113498171,pobre,basal,3,875.0,470.0,1.0,30.0,9,131,32962,2,1.0
97,0.0,0.0,3.312,1.0,0.0,5,85.23108113498171,85.23108113498171,pobre,basal,3,875.0,470.0,1.0,30.0,7,131,32963,0,1.0
98,0.0,0.0,3.312,1.0,1.0,5,85.23108113498171,85.23108113498171,pobre,basal,3,875.0,470.0,1.0,30.0,8,131,32963,0,1.0
97,0.0,0.0,3.312,0.0,6.0,7,85.23108113498171,85.23108113498171,pobre,basal,3,750.0,530.5,1.0,40.0,16,131,32964,6,0.0
98,0.0,0.0,3.312,,,7,85.23108113498171,85.23108113498171,pobre,basal,3,750.0,530.5,1.0,40.0,17,131,32964,6,0.0
97,1.0,0.0,3.312,1.0,4.0,7,85.23108113498171,85.23108113498171,pobre,basal,3,750.0,530.5,1.0,40.0,14,131,32965,4,1.0
98,1.0,0.0,3.312,1.0,5.0,7,85.23108113498171,85.23108113498171,pobre,basal,3,750.0,530.5,1.0,40.0,15,131,32965,4,1.0
97,1.0,0.0,3.312,1.0,4.0,7,85.23108113498171,85.23108113498171,pobre,basal,3,750.0,530.5,1.0,40.0,11,131,32966,4,1.0
98,1.0,0.0,3.312,1.0,5.0,7,85.23108113498171,85.23108113498171,pobre,basal,3,750.0,530.5,1.0,40.0,12,131,32966,4,1.0
97,1.0,0.0,3.312,1.0,1.0,7,85.23108113498171,85.23108113498171,pobre,basal,3,750.0,530.5,1.0,40.0,6,131,32967,1,1.0
98,1.0,0.0,3.312,1.0,1.0,7,85.23108113498171,85.23108113498171,pobre,basal,3,750.0,530.5,1.0,40.0,7,131,32967,1,1.0
97,1.0,0.0,3.312,1.0,6.0,4,85.23108113498171,85.23108113498171,pobre,basal,2,960.0,566.0,1.0,55.0,12,131,32968,6,1.0
98,1.0,0.0,3.312,0.0,6.0,4,85.23108113498171,85.23108113498171,pobre,basal,2,960.0,566.0,1.0,55.0,13,131,32968,6,1.0
97,1.0,0.0,3.312,0.0,9.0,8,85.23108113498171,85.23108113498171,pobre,basal,3,960.0,447.0,1.0,39.0,15,131,32969,9,0.0
98,1.0,0.0,3.312,0.0,9.0,8,85.23108113498171,85.23108113498171,pobre,basal,3,960.0,447.0,1.0,39.0,16,131,32969,9,0.0
97,0.0,0.0,3.312,0.0,6.0,8,85.23108113498171,85.23108113498171,pobre,basal,3,960.0,447.0,1.0,39.0,14,131,32970,6,0.0
98,0.0,0.0,3.312,0.0,6.0,8,85.23108113498171,85.23108113498171,pobre,basal,3,960.0,447.0,1.0,39.0,15,131,32970,6,0.0
97,0.0,0.0,3.312,0.0,6.0,8,85.23108113498171,85.23108113498171,pobre,basal,3,960.0,447.0,1.0,39.0,12,131,32971,6,0.0
98,0.0,0.0,3.312,1.0,6.0,8,85.23108113498171,85.23108113498171,pobre,basal,3,960.0,447.0,1.0,39.0,13,131,32971,6,0.0
97,1.0,0.0,3.312,1.0,5.0,8,85.23108113498171,85.23108113498171,pobre,basal,3,960.0,447.0,1.0,39.0,10,131,32972,5,1.0
98,1.0,0.0,3.312,1.0,5.0,8,85.23108113498171,85.23108113498171,pobre,basal,3,960.0,447.0,1.0,39.0,11,131,32972,5,1.0
97,1.0,0.0,3.312,1.0,4.0,8,85.23108113498171,85.23108113498171,pobre,basal,3,960.0,447.0,1.0,39.0,9,131,32973,4,1.0
98,1.0,0.0,3.312,1.0,4.0,8,85.23108113498171,85.23108113498171,pobre,basal,3,960.0,447.0,1.0,39.0,10,131,32973,4,1.0
97,1.0,0.0,3.312,1.0,2.0,8,85.23108113498171,85.23108113498171,pobre,basal,3,960.0,447.0,1.0,39.0,7,131,32974,2,1.0
98,1.0,0.0,3.312,1.0,2.0,8,85.23108113498171,85.23108113498171,pobre,basal,3,960.0,447.0,1.0,39.0,8,131,32974,2,1.0
97,1.0,0.0,3.312,0.0,6.0,8,85.23108113498171,85.23108113498171,pobre,basal,0,600.0,586.66998,1.0,50.0,15,131,32975,6,0.0
98,1.0,0.0,3.312,0.0,6.0,8,85.23108113498171,85.23108113498171,pobre,basal,0,600.0,586.66998,1.0,50.0,16,131,32975,6,0.0
97,0.0,0.0,3.312,0.0,6.0,8,85.23108113498171,85.23108113498171,pobre,basal,0,600.0,586.66998,1.0,50.0,12,131,32976,6,0.0
98,0.0,0.0,3.312,1.0,6.0,8,85.23108113498171,85.23108113498171,pobre,basal,0,600.0,586.66998,1.0,50.0,13,131,32976,6,0.0
97,0.0,0.0,3.312,1.0,4.0,8,85.23108113498171,85.23108113498171,pobre,basal,0,600.0,586.66998,1.0,50.0,10,131,32977,4,1.0
98,0.0,0.0,3.312,1.0,4.0,8,85.23108113498171,85.23108113498171,pobre,basal,0,600.0,586.66998,1.0,50.0,11,131,32977,4,1.0
97,1.0,1.0,3.911,1.0,3.0,2,147.7594607725823,285.4478716833122,pobre,0,0,0.0,760.0,0.0,75.0,10,426,32978,3,1.0
98,1.0,1.0,3.911,1.0,4.0,2,147.7594607725823,285.4478716833122,pobre,0,0,0.0,760.0,0.0,75.0,11,426,32978,3,1.0
97,1.0,0.0,3.312,0.0,7.0,7,85.23108113498171,85.23108113498171,pobre,basal,0,750.0,512.25,1.0,50.0,15,131,32979,7,0.0
98,1.0,0.0,3.312,0.0,7.0,7,85.23108113498171,85.23108113498171,pobre,basal,0,750.0,512.25,1.0,50.0,16,131,32979,7,0.0
97,1.0,0.0,3.312,1.0,7.0,7,85.23108113498171,85.23108113498171,pobre,basal,0,750.0,512.25,1.0,50.0,13,131,32980,7,1.0
98,1.0,0.0,3.312,1.0,8.0,7,85.23108113498171,85.23108113498171,pobre,basal,0,750.0,512.25,1.0,50.0,14,131,32980,7,1.0
97,1.0,0.0,3.312,0.0,3.0,7,85.23108113498171,85.23108113498171,pobre,basal,0,750.0,512.25,1.0,50.0,15,131,32981,3,0.0
98,1.0,0.0,3.312,0.0,6.0,7,85.23108113498171,85.23108113498171,pobre,basal,0,750.0,512.25,1.0,50.0,16,131,32981,3,0.0
97,1.0,1.0,3.911,1.0,1.0,9,147.7594607725823,285.4478716833122,pobre,0,3,200.0,801.75,1.0,52.0,8,426,32982,1,1.0
98,1.0,1.0,3.911,1.0,2.0,9,147.7594607725823,285.4478716833122,pobre,0,3,200.0,801.75,1.0,52.0,9,426,32982,1,1.0
97,0.0,0.0,3.312,0.0,2.0,4,85.23108113498171,85.23108113498171,no pobre,basal,3,625.0,575.0,1.0,58.0,16,131,32983,2,0.0
98,0.0,0.0,3.312,,,4,85.23108113498171,85.23108113498171,no pobre,basal,3,625.0,575.0,1.0,58.0,17,131,32983,2,0.0
97,1.0,0.0,3.312,1.0,5.0,4,85.23108113498171,85.23108113498171,no pobre,basal,3,625.0,575.0,1.0,58.0,13,131,32984,5,1.0
98,1.0,0.0,3.312,0.0,6.0,4,85.23108113498171,85.23108113498171,no pobre,basal,3,625.0,575.0,1.0,58.0,14,131,32984,5,1.0
97,1.0,0.0,3.911,1.0,5.0,6,147.7594607725823,285.4478716833122,pobre,0,4,0.0,532.0,0.0,55.0,11,426,32985,5,1.0
98,1.0,0.0,3.911,,,6,147.7594607725823,285.4478716833122,pobre,0,4,0.0,532.0,0.0,55.0,12,426,32985,5,1.0
97,0.0,0.0,3.911,1.0,2.0,6,147.7594607725823,285.4478716833122,pobre,0,4,0.0,532.0,0.0,55.0,9,426,32986,2,1.0
98,0.0,0.0,3.911,,,6,147.7594607725823,285.4478716833122,pobre,0,4,0.0,532.0,0.0,55.0,10,426,32986,2,1.0
97,0.0,0.0,1.585,1.0,2.0,6,59.28811182936826,59.28811182936826,pobre,basal,0,0.0,706.0,1.0,44.0,9,176,32987,2,1.0
98,0.0,0.0,1.585,1.0,3.0,6,59.28811182936826,59.28811182936826,pobre,basal,0,0.0,706.0,1.0,44.0,10,176,32987,2,1.0
97,1.0,0.0,1.585,1.0,6.0,6,59.28811182936826,59.28811182936826,pobre,basal,0,0.0,706.0,1.0,44.0,12,176,32988,6,1.0
98,1.0,0.0,1.585,0.0,6.0,6,59.28811182936826,59.28811182936826,pobre,basal,0,0.0,706.0,1.0,44.0,13,176,32988,6,1.0
97,0.0,0.0,1.585,,0.0,6,59.28811182936826,59.28811182936826,pobre,basal,0,0.0,626.0,1.0,72.0,6,176,32989,0,
98,0.0,0.0,1.585,1.0,0.0,6,59.28811182936826,59.28811182936826,pobre,basal,0,0.0,626.0,1.0,72.0,7,176,32989,0,
97,0.0,1.0,3.911,1.0,1.0,4,147.7594607725823,285.4478716833122,pobre,0,4,320.0,913.0,1.0,78.0,7,426,32990,1,1.0
98,0.0,1.0,3.911,1.0,2.0,4,147.7594607725823,285.4478716833122,pobre,0,4,320.0,913.0,1.0,78.0,8,426,32990,1,1.0
97,1.0,1.0,3.911,0.0,9.0,6,147.7594607725823,285.4478716833122,pobre,0,6,375.0,1055.0,1.0,41.0,16,426,32991,9,0.0
98,1.0,1.0,3.911,,,6,147.7594607725823,285.4478716833122,pobre,0,6,375.0,1055.0,1.0,41.0,17,426,32991,9,0.0
97,0.0,0.0,3.911,1.0,0.0,6,147.7594607725823,285.4478716833122,pobre,0,6,375.0,1055.0,1.0,41.0,6,426,32992,0,1.0
98,0.0,0.0,3.911,1.0,1.0,6,147.7594607725823,285.4478716833122,pobre,0,6,375.0,1055.0,1.0,41.0,7,426,32992,0,1.0
97,1.0,0.0,3.911,1.0,6.0,6,147.7594607725823,285.4478716833122,pobre,0,6,200.0,680.0,1.0,32.0,13,426,32993,6,1.0
98,1.0,0.0,3.911,1.0,7.0,6,147.7594607725823,285.4478716833122,pobre,0,6,200.0,680.0,1.0,32.0,14,426,32993,6,1.0
97,0.0,0.0,3.911,1.0,4.0,6,147.7594607725823,285.4478716833122,pobre,0,6,200.0,680.0,1.0,32.0,10,426,32994,4,1.0
98,0.0,0.0,3.911,1.0,5.0,6,147.7594607725823,285.4478716833122,pobre,0,6,200.0,680.0,1.0,32.0,11,426,32994,4,1.0
97,0.0,0.0,3.911,1.0,1.0,6,147.7594607725823,285.4478716833122,pobre,0,6,200.0,680.0,1.0,32.0,8,426,32995,1,1.0
98,0.0,0.0,3.911,1.0,2.0,6,147.7594607725823,285.4478716833122,pobre,0,6,200.0,680.0,1.0,32.0,9,426,32995,1,1.0
97,0.0,0.0,3.911,0.0,6.0,6,147.7594607725823,285.4478716833122,pobre,0,1,500.0,630.0,1.0,52.0,16,426,32996,6,0.0
98,0.0,0.0,3.911,,,6,147.7594607725823,285.4478716833122,pobre,0,1,500.0,630.0,1.0,52.0,17,426,32996,6,0.0
97,0.0,0.0,3.911,0.0,6.0,6,147.7594607725823,285.4478716833122,pobre,0,1,500.0,630.0,1.0,52.0,15,426,32997,6,0.0
98,0.0,0.0,3.911,0.0,5.0,6,147.7594607725823,285.4478716833122,pobre,0,1,500.0,630.0,1.0,52.0,16,426,32997,6,0.0
97,1.0,0.0,3.911,1.0,4.0,6,147.7594607725823,285.4478716833122,pobre,0,1,500.0,630.0,1.0,52.0,11,426,32998,4,1.0
98,1.0,0.0,3.911,1.0,5.0,6,147.7594607725823,285.4478716833122,pobre,0,1,500.0,630.0,1.0,52.0,12,426,32998,4,1.0
97,0.0,1.0,3.911,1.0,5.0,6,147.7594607725823,285.4478716833122,pobre,0,4,333.33334,538.0,1.0,63.0,11,426,32999,5,1.0
98,0.0,1.0,3.911,1.0,6.0,6,147.7594607725823,285.4478716833122,pobre,0,4,333.33334,538.0,1.0,63.0,12,426,32999,5,1.0
97,1.0,1.0,3.911,1.0,3.0,6,147.7594607725823,285.4478716833122,pobre,0,4,333.33334,538.0,1.0,63.0,9,426,33000,3,1.0
98,1.0,1.0,3.911,1.0,4.0,6,147.7594607725823,285.4478716833122,pobre,0,4,333.33334,538.0,1.0,63.0,10,426,33000,3,1.0
97,1.0,1.0,3.911,1.0,9.0,9,147.7594607725823,285.4478716833122,pobre,0,4,500.0,512.0,1.0,42.0,16,426,33001,9,1.0
98,1.0,1.0,3.911,,,9,147.7594607725823,285.4478716833122,pobre,0,4,500.0,512.0,1.0,42.0,17,426,33001,9,1.0
97,1.0,0.0,3.911,1.0,6.0,9,147.7594607725823,285.4478716833122,pobre,0,4,500.0,512.0,1.0,42.0,13,426,33002,6,1.0
98,1.0,0.0,3.911,1.0,7.0,9,147.7594607725823,285.4478716833122,pobre,0,4,500.0,512.0,1.0,42.0,14,426,33002,6,1.0
97,1.0,0.0,3.911,1.0,5.0,9,147.7594607725823,285.4478716833122,pobre,0,4,500.0,512.0,1.0,42.0,11,426,33003,5,1.0
98,1.0,0.0,3.911,1.0,6.0,9,147.7594607725823,285.4478716833122,pobre,0,4,500.0,512.0,1.0,42.0,12,426,33003,5,1.0
97,1.0,0.0,3.911,1.0,3.0,9,147.7594607725823,285.4478716833122,pobre,0,4,500.0,512.0,1.0,42.0,9,426,33004,3,1.0
98,1.0,0.0,3.911,1.0,4.0,9,147.7594607725823,285.4478716833122,pobre,0,4,500.0,512.0,1.0,42.0,10,426,33004,3,1.0
97,1.0,0.0,3.911,1.0,0.0,9,147.7594607725823,285.4478716833122,pobre,0,4,500.0,512.0,1.0,42.0,7,426,33005,0,1.0
98,1.0,0.0,3.911,1.0,1.0,9,147.7594607725823,285.4478716833122,pobre,0,4,500.0,512.0,1.0,42.0,8,426,33005,0,1.0
97,1.0,0.0,3.911,0.0,9.0,10,147.7594607725823,285.4478716833122,pobre,0,4,625.0,689.0,1.0,38.0,16,426,33006,9,0.0
98,1.0,0.0,3.911,,,10,147.7594607725823,285.4478716833122,pobre,0,4,625.0,689.0,1.0,38.0,17,426,33006,9,0.0
97,1.0,0.0,3.911,1.0,7.0,10,147.7594607725823,285.4478716833122,pobre,0,4,625.0,689.0,1.0,38.0,13,426,33007,7,1.0
98,1.0,0.0,3.911,1.0,8.0,10,147.7594607725823,285.4478716833122,pobre,0,4,625.0,689.0,1.0,38.0,14,426,33007,7,1.0
97,1.0,0.0,3.911,1.0,4.0,10,147.7594607725823,285.4478716833122,pobre,0,4,625.0,689.0,1.0,38.0,11,426,33008,4,1.0
98,1.0,0.0,3.911,1.0,5.0,10,147.7594607725823,285.4478716833122,pobre,0,4,625.0,689.0,1.0,38.0,12,426,33008,4,1.0
97,1.0,0.0,3.911,1.0,6.0,10,147.7594607725823,285.4478716833122,pobre,0,4,625.0,689.0,1.0,38.0,12,426,33009,6,1.0
98,1.0,0.0,3.911,1.0,7.0,10,147.7594607725823,285.4478716833122,pobre,0,4,625.0,689.0,1.0,38.0,13,426,33009,6,1.0
97,1.0,0.0,3.911,1.0,4.0,4,147.7594607725823,285.4478716833122,pobre,0,6,500.0,781.0,1.0,56.0,12,426,33010,4,1.0
98,1.0,0.0,3.911,1.0,5.0,4,147.7594607725823,285.4478716833122,pobre,0,6,500.0,781.0,1.0,56.0,13,426,33010,4,1.0
97,0.0,0.0,3.911,1.0,4.0,5,147.7594607725823,285.4478716833122,pobre,0,4,500.0,714.0,1.0,51.0,10,426,33011,4,1.0
98,0.0,0.0,3.911,1.0,5.0,5,147.7594607725823,285.4478716833122,pobre,0,4,500.0,714.0,1.0,51.0,11,426,33011,4,1.0
97,0.0,0.0,3.911,1.0,6.0,5,147.7594607725823,285.4478716833122,pobre,0,6,500.0,695.0,1.0,33.0,13,426,33012,6,1.0
98,0.0,0.0,3.911,1.0,7.0,5,147.7594607725823,285.4478716833122,pobre,0,6,500.0,695.0,1.0,33.0,14,426,33012,6,1.0
97,1.0,0.0,3.911,1.0,2.0,5,147.7594607725823,285.4478716833122,pobre,0,6,500.0,695.0,1.0,33.0,8,426,33013,2,1.0
98,1.0,0.0,3.911,1.0,3.0,5,147.7594607725823,285.4478716833122,pobre,0,6,500.0,695.0,1.0,33.0,9,426,33013,2,1.0
97,1.0,0.0,3.911,1.0,4.0,4,147.7594607725823,285.4478716833122,pobre,0,6,500.0,690.0,1.0,32.0,10,426,33014,4,1.0
98,1.0,0.0,3.911,1.0,4.0,4,147.7594607725823,285.4478716833122,pobre,0,6,500.0,690.0,1.0,32.0,11,426,33014,4,1.0
97,0.0,0.0,3.911,1.0,1.0,4,147.7594607725823,285.4478716833122,pobre,0,6,500.0,690.0,1.0,32.0,7,426,33015,1,1.0
98,0.0,0.0,3.911,1.0,1.0,4,147.7594607725823,285.4478716833122,pobre,0,6,500.0,690.0,1.0,32.0,8,426,33015,1,1.0
97,1.0,1.0,3.911,0.0,9.0,5,147.7594607725823,285.4478716833122,pobre,0,4,500.0,577.5,1.0,38.0,15,426,33016,9,0.0
98,1.0,1.0,3.911,0.0,3.0,5,147.7594607725823,285.4478716833122,pobre,0,4,500.0,577.5,1.0,38.0,16,426,33016,9,0.0
97,0.0,1.0,3.911,0.0,6.0,5,147.7594607725823,285.4478716833122,pobre,0,4,500.0,577.5,1.0,38.0,12,426,33017,6,0.0
98,0.0,1.0,3.911,0.0,6.0,5,147.7594607725823,285.4478716833122,pobre,0,4,500.0,577.5,1.0,38.0,13,426,33017,6,0.0
97,0.0,1.0,3.911,1.0,0.0,5,147.7594607725823,285.4478716833122,pobre,0,4,500.0,577.5,1.0,38.0,6,426,33018,0,1.0
98,0.0,1.0,3.911,1.0,1.0,5,147.7594607725823,285.4478716833122,pobre,0,4,500.0,577.5,1.0,38.0,7,426,33018,0,1.0
97,1.0,0.0,4.0780001,0.0,3.0,8,85.13876965639903,86.90983360929401,pobre,basal,4,875.0,500.67001,1.0,50.0,14,148,33019,3,0.0
98,1.0,0.0,4.0780001,1.0,8.0,8,85.13876965639903,86.90983360929401,pobre,basal,4,875.0,500.67001,1.0,50.0,15,148,33019,3,0.0
97,0.0,0.0,4.0780001,0.0,2.0,8,85.13876965639903,86.90983360929401,pobre,basal,4,875.0,500.67001,1.0,50.0,13,148,33020,2,0.0
98,0.0,0.0,4.0780001,1.0,2.0,8,85.13876965639903,86.90983360929401,pobre,basal,4,875.0,500.67001,1.0,50.0,14,148,33020,2,0.0
97,1.0,0.0,4.0780001,0.0,1.0,8,85.13876965639903,86.90983360929401,pobre,basal,4,875.0,500.67001,1.0,50.0,11,148,33021,1,0.0
98,1.0,0.0,4.0780001,0.0,1.0,8,85.13876965639903,86.90983360929401,pobre,basal,4,875.0,500.67001,1.0,50.0,12,148,33021,1,0.0
97,1.0,0.0,4.0780001,1.0,1.0,8,85.13876965639903,86.90983360929401,pobre,basal,4,875.0,500.67001,1.0,50.0,8,148,33022,1,1.0
98,1.0,0.0,4.0780001,1.0,1.0,8,85.13876965639903,86.90983360929401,pobre,basal,4,875.0,500.67001,1.0,50.0,9,148,33022,1,1.0
97,1.0,0.0,4.0780001,1.0,1.0,8,85.13876965639903,86.90983360929401,pobre,basal,4,875.0,500.67001,1.0,50.0,7,148,33023,1,1.0
98,1.0,0.0,4.0780001,1.0,2.0,8,85.13876965639903,86.90983360929401,pobre,basal,4,875.0,500.67001,1.0,50.0,8,148,33023,1,1.0
97,1.0,0.0,4.0780001,0.0,6.0,5,85.13876965639903,86.90983360929401,pobre,basal,3,500.0,897.66998,1.0,67.0,15,148,33024,6,0.0
98,1.0,0.0,4.0780001,,,5,85.13876965639903,86.90983360929401,pobre,basal,3,500.0,897.66998,1.0,67.0,16,148,33024,6,0.0
97,1.0,0.0,4.0780001,1.0,5.0,5,85.13876965639903,86.90983360929401,no pobre,basal,4,875.0,802.5,1.0,62.0,11,148,33025,5,1.0
98,1.0,0.0,4.0780001,1.0,5.0,5,85.13876965639903,86.90983360929401,no pobre,basal,4,875.0,802.5,1.0,62.0,12,148,33025,5,1.0
97,0.0,0.0,4.0780001,1.0,3.0,5,85.13876965639903,86.90983360929401,no pobre,basal,4,875.0,802.5,1.0,62.0,8,148,33026,3,1.0
98,0.0,0.0,4.0780001,1.0,3.0,5,85.13876965639903,86.90983360929401,no pobre,basal,4,875.0,802.5,1.0,62.0,9,148,33026,3,1.0
97,1.0,0.0,4.0780001,0.0,6.0,10,85.13876965639903,86.90983360929401,pobre,basal,2,0.0,719.33002,1.0,56.0,15,148,33027,6,0.0
98,1.0,0.0,4.0780001,,,10,85.13876965639903,86.90983360929401,pobre,basal,2,0.0,719.33002,1.0,56.0,16,148,33027,6,0.0
97,1.0,0.0,4.0780001,1.0,6.0,10,85.13876965639903,86.90983360929401,pobre,basal,2,0.0,719.33002,1.0,56.0,12,148,33028,6,1.0
98,1.0,0.0,4.0780001,,,10,85.13876965639903,86.90983360929401,pobre,basal,2,0.0,719.33002,1.0,56.0,13,148,33028,6,1.0
97,1.0,0.0,4.0780001,1.0,3.0,10,85.13876965639903,86.90983360929401,pobre,basal,2,0.0,719.33002,1.0,56.0,11,148,33029,3,1.0
98,1.0,0.0,4.0780001,1.0,4.0,10,85.13876965639903,86.90983360929401,pobre,basal,2,0.0,719.33002,1.0,56.0,12,148,33029,3,1.0
97,0.0,0.0,4.0780001,1.0,2.0,10,85.13876965639903,86.90983360929401,pobre,basal,2,0.0,719.33002,1.0,56.0,8,148,33030,2,1.0
98,0.0,0.0,4.0780001,1.0,3.0,10,85.13876965639903,86.90983360929401,pobre,basal,2,0.0,719.33002,1.0,56.0,9,148,33030,2,1.0
97,1.0,0.0,4.0780001,1.0,2.0,10,85.13876965639903,86.90983360929401,pobre,basal,2,0.0,719.33002,1.0,56.0,7,148,33031,2,1.0
98,1.0,0.0,4.0780001,1.0,3.0,10,85.13876965639903,86.90983360929401,pobre,basal,2,0.0,719.33002,1.0,56.0,8,148,33031,2,1.0
97,0.0,0.0,4.0780001,,0.0,5,85.13876965639903,86.90983360929401,pobre,basal,0,0.0,606.0,1.0,49.0,11,148,33032,0,
98,0.0,0.0,4.0780001,0.0,4.0,5,85.13876965639903,86.90983360929401,pobre,basal,0,0.0,606.0,1.0,49.0,12,148,33032,0,
97,1.0,0.0,4.0780001,1.0,0.0,5,85.13876965639903,86.90983360929401,pobre,basal,0,0.0,606.0,1.0,49.0,7,148,33033,0,1.0
98,1.0,0.0,4.0780001,1.0,1.0,5,85.13876965639903,86.90983360929401,pobre,basal,0,0.0,606.0,1.0,49.0,8,148,33033,0,1.0
97,0.0,0.0,4.0780001,1.0,8.0,5,85.13876965639903,86.90983360929401,pobre,basal,3,0.0,635.0,1.0,38.0,15,148,33034,8,1.0
98,0.0,0.0,4.0780001,1.0,9.0,5,85.13876965639903,86.90983360929401,pobre,basal,3,0.0,635.0,1.0,38.0,16,148,33034,8,1.0
97,1.0,0.0,4.0780001,1.0,3.0,5,85.13876965639903,86.90983360929401,pobre,basal,3,0.0,635.0,1.0,38.0,13,148,33035,3,1.0
98,1.0,0.0,4.0780001,1.0,7.0,5,85.13876965639903,86.90983360929401,pobre,basal,3,0.0,635.0,1.0,38.0,14,148,33035,3,1.0
97,1.0,0.0,4.0780001,1.0,1.0,5,85.13876965639903,86.90983360929401,pobre,basal,3,0.0,635.0,1.0,38.0,10,148,33036,1,1.0
98,1.0,0.0,4.0780001,1.0,2.0,5,85.13876965639903,86.90983360929401,pobre,basal,3,0.0,635.0,1.0,38.0,11,148,33036,1,1.0
97,1.0,0.0,4.0780001,0.0,6.0,4,85.13876965639903,86.90983360929401,pobre,basal,2,250.0,780.0,1.0,42.0,15,148,33037,6,0.0
98,1.0,0.0,4.0780001,0.0,6.0,4,85.13876965639903,86.90983360929401,pobre,basal,2,250.0,780.0,1.0,42.0,16,148,33037,6,0.0
97,0.0,0.0,3.3329999,1.0,1.0,3,80.9856495427514,93.9719563731062,no pobre,0,1,875.0,601.0,1.0,46.0,8,183,33038,1,1.0
98,0.0,0.0,3.3329999,,,3,80.9856495427514,93.9719563731062,no pobre,0,1,875.0,601.0,1.0,46.0,9,183,33038,1,1.0
97,0.0,1.0,4.4559999,1.0,6.0,4,142.2148971904579,283.4546519626458,pobre,basal,1,625.0,730.0,1.0,49.0,15,440,33039,6,1.0
98,0.0,1.0,4.4559999,1.0,7.0,4,142.2148971904579,283.4546519626458,pobre,basal,1,625.0,730.0,1.0,49.0,16,440,33039,6,1.0
97,1.0,1.0,4.4559999,1.0,3.0,4,142.2148971904579,283.4546519626458,pobre,basal,1,625.0,730.0,1.0,49.0,8,440,33040,3,1.0
98,1.0,1.0,4.4559999,1.0,4.0,4,142.2148971904579,283.4546519626458,pobre,basal,1,625.0,730.0,1.0,49.0,9,440,33040,3,1.0
97,0.0,1.0,4.4559999,1.0,1.0,6,142.2148971904579,283.4546519626458,pobre,basal,2,500.0,916.0,1.0,60.0,8,440,33041,1,1.0
98,0.0,1.0,4.4559999,1.0,2.0,6,142.2148971904579,283.4546519626458,pobre,basal,2,500.0,916.0,1.0,60.0,9,440,33041,1,1.0
97,0.0,0.0,4.4559999,1.0,0.0,6,142.2148971904579,283.4546519626458,pobre,basal,2,500.0,916.0,1.0,60.0,6,440,33042,0,1.0
98,0.0,0.0,4.4559999,1.0,1.0,6,142.2148971904579,283.4546519626458,pobre,basal,2,500.0,916.0,1.0,60.0,7,440,33042,0,1.0
97,1.0,1.0,4.4559999,1.0,6.0,8,142.2148971904579,283.4546519626458,pobre,basal,3,500.0,711.0,1.0,52.0,14,440,33043,6,1.0
98,1.0,1.0,4.4559999,1.0,7.0,8,142.2148971904579,283.4546519626458,pobre,basal,3,500.0,711.0,1.0,52.0,15,440,33043,6,1.0
97,1.0,1.0,4.4559999,1.0,5.0,8,142.2148971904579,283.4546519626458,pobre,basal,3,500.0,711.0,1.0,52.0,12,440,33044,5,1.0
98,1.0,1.0,4.4559999,1.0,6.0,8,142.2148971904579,283.4546519626458,pobre,basal,3,500.0,711.0,1.0,52.0,13,440,33044,5,1.0
97,0.0,1.0,4.4559999,1.0,3.0,8,142.2148971904579,283.4546519626458,pobre,basal,3,500.0,711.0,1.0,52.0,8,440,33045,3,1.0
98,0.0,1.0,4.4559999,1.0,4.0,8,142.2148971904579,283.4546519626458,pobre,basal,3,500.0,711.0,1.0,52.0,9,440,33045,3,1.0
97,1.0,1.0,4.4559999,0.0,6.0,7,142.2148971904579,283.4546519626458,pobre,basal,3,500.0,627.0,1.0,45.0,15,440,33046,6,0.0
98,1.0,1.0,4.4559999,0.0,5.0,7,142.2148971904579,283.4546519626458,pobre,basal,3,500.0,627.0,1.0,45.0,16,440,33046,6,0.0
97,1.0,1.0,4.4559999,0.0,4.0,7,142.2148971904579,283.4546519626458,pobre,basal,3,500.0,627.0,1.0,45.0,12,440,33047,4,0.0
98,1.0,1.0,4.4559999,1.0,4.0,7,142.2148971904579,283.4546519626458,pobre,basal,3,500.0,627.0,1.0,45.0,13,440,33047,4,0.0
97,0.0,1.0,4.4559999,1.0,2.0,7,142.2148971904579,283.4546519626458,pobre,basal,3,500.0,627.0,1.0,45.0,9,440,33048,2,1.0
98,0.0,1.0,4.4559999,1.0,3.0,7,142.2148971904579,283.4546519626458,pobre,basal,3,500.0,627.0,1.0,45.0,10,440,33048,2,1.0
97,1.0,1.0,4.4559999,1.0,6.0,6,142.2148971904579,283.4546519626458,pobre,basal,3,500.0,804.0,1.0,48.0,16,440,33049,6,1.0
98,1.0,1.0,4.4559999,,,6,142.2148971904579,283.4546519626458,pobre,basal,3,500.0,804.0,1.0,48.0,17,440,33049,6,1.0
97,0.0,1.0,4.4559999,1.0,4.0,6,142.2148971904579,283.4546519626458,pobre,basal,3,500.0,804.0,1.0,48.0,15,440,33050,4,1.0
98,0.0,1.0,4.4559999,1.0,6.0,6,142.2148971904579,283.4546519626458,pobre,basal,3,500.0,804.0,1.0,48.0,16,440,33050,4,1.0
97,1.0,1.0,4.4559999,1.0,3.0,6,142.2148971904579,283.4546519626458,pobre,basal,3,500.0,804.0,1.0,48.0,12,440,33051,3,1.0
98,1.0,1.0,4.4559999,1.0,4.0,6,142.2148971904579,283.4546519626458,pobre,basal,3,500.0,804.0,1.0,48.0,13,440,33051,3,1.0
97,0.0,1.0,4.4559999,1.0,1.0,6,142.2148971904579,283.4546519626458,pobre,basal,3,500.0,804.0,1.0,48.0,7,440,33052,1,1.0
98,0.0,1.0,4.4559999,1.0,2.0,6,142.2148971904579,283.4546519626458,pobre,basal,3,500.0,804.0,1.0,48.0,8,440,33052,1,1.0
97,1.0,1.0,4.4559999,1.0,5.0,7,142.2148971904579,283.4546519626458,pobre,basal,5,500.0,571.0,1.0,30.0,11,440,33053,5,1.0
98,1.0,1.0,4.4559999,1.0,6.0,7,142.2148971904579,283.4546519626458,pobre,basal,5,500.0,571.0,1.0,30.0,12,440,33053,5,1.0
97,0.0,1.0,4.4559999,1.0,1.0,7,142.2148971904579,283.4546519626458,pobre,basal,5,500.0,571.0,1.0,30.0,9,440,33054,1,1.0
98,0.0,1.0,4.4559999,1.0,2.0,7,142.2148971904579,283.4546519626458,pobre,basal,5,500.0,571.0,1.0,30.0,10,440,33054,1,1.0
97,1.0,1.0,4.4559999,1.0,3.0,7,142.2148971904579,283.4546519626458,pobre,basal,6,500.0,462.0,1.0,30.0,11,440,33055,3,1.0
98,1.0,1.0,4.4559999,1.0,4.0,7,142.2148971904579,283.4546519626458,pobre,basal,6,500.0,462.0,1.0,30.0,12,440,33055,3,1.0
97,0.0,1.0,4.4559999,1.0,1.0,7,142.2148971904579,283.4546519626458,pobre,basal,6,500.0,462.0,1.0,30.0,8,440,33056,1,1.0
98,0.0,1.0,4.4559999,1.0,1.0,7,142.2148971904579,283.4546519626458,pobre,basal,6,500.0,462.0,1.0,30.0,9,440,33056,1,1.0
97,0.0,1.0,4.4559999,1.0,0.0,6,142.2148971904579,283.4546519626458,pobre,basal,2,500.0,742.0,1.0,64.0,6,440,33057,0,1.0
98,0.0,1.0,4.4559999,1.0,0.0,6,142.2148971904579,283.4546519626458,pobre,basal,2,500.0,742.0,1.0,64.0,7,440,33057,0,1.0
97,1.0,1.0,4.4559999,1.0,1.0,7,142.2148971904579,283.4546519626458,pobre,basal,2,500.0,753.5,1.0,52.0,7,440,33058,1,1.0
98,1.0,1.0,4.4559999,1.0,1.0,7,142.2148971904579,283.4546519626458,pobre,basal,2,500.0,753.5,1.0,52.0,8,440,33058,1,1.0
97,1.0,1.0,4.4559999,1.0,8.0,7,142.2148971904579,283.4546519626458,pobre,basal,3,500.0,616.0,1.0,44.0,16,440,33059,8,1.0
98,1.0,1.0,4.4559999,0.0,9.0,7,142.2148971904579,283.4546519626458,pobre,basal,3,500.0,616.0,1.0,44.0,17,440,33059,8,1.0
97,1.0,1.0,4.4559999,1.0,5.0,7,142.2148971904579,283.4546519626458,pobre,basal,3,500.0,616.0,1.0,44.0,13,440,33060,5,1.0
98,1.0,1.0,4.4559999,1.0,6.0,7,142.2148971904579,283.4546519626458,pobre,basal,3,500.0,616.0,1.0,44.0,14,440,33060,5,1.0
97,0.0,1.0,4.4559999,1.0,2.0,7,142.2148971904579,283.4546519626458,pobre,basal,3,500.0,616.0,1.0,44.0,9,440,33061,2,1.0
98,0.0,1.0,4.4559999,1.0,3.0,7,142.2148971904579,283.4546519626458,pobre,basal,3,500.0,616.0,1.0,44.0,10,440,33061,2,1.0
97,0.0,1.0,4.4559999,0.0,6.0,6,142.2148971904579,283.4546519626458,pobre,basal,3,500.0,684.0,0.0,40.0,15,440,33062,6,0.0
98,0.0,1.0,4.4559999,0.0,6.0,6,142.2148971904579,283.4546519626458,pobre,basal,3,500.0,684.0,0.0,40.0,16,440,33062,6,0.0
97,1.0,1.0,4.4559999,1.0,5.0,6,142.2148971904579,283.4546519626458,pobre,basal,3,500.0,684.0,0.0,40.0,11,440,33063,5,1.0
98,1.0,1.0,4.4559999,1.0,6.0,6,142.2148971904579,283.4546519626458,pobre,basal,3,500.0,684.0,0.0,40.0,12,440,33063,5,1.0
97,1.0,1.0,4.4559999,1.0,2.0,6,142.2148971904579,283.4546519626458,pobre,basal,3,500.0,684.0,0.0,40.0,10,440,33064,2,1.0
98,1.0,1.0,4.4559999,1.0,3.0,6,142.2148971904579,283.4546519626458,pobre,basal,3,500.0,684.0,0.0,40.0,11,440,33064,2,1.0
97,1.0,1.0,4.4559999,1.0,1.0,6,142.2148971904579,283.4546519626458,pobre,basal,3,500.0,684.0,0.0,40.0,7,440,33065,1,1.0
98,1.0,1.0,4.4559999,1.0,2.0,6,142.2148971904579,283.4546519626458,pobre,basal,3,500.0,684.0,0.0,40.0,8,440,33065,1,1.0
97,0.0,1.0,4.4559999,1.0,2.0,6,142.2148971904579,283.4546519626458,pobre,basal,3,500.0,628.0,1.0,45.0,9,440,33066,2,1.0
98,0.0,1.0,4.4559999,1.0,3.0,6,142.2148971904579,283.4546519626458,pobre,basal,3,500.0,628.0,1.0,45.0,10,440,33066,2,1.0
97,0.0,1.0,4.4559999,1.0,0.0,6,142.2148971904579,283.4546519626458,pobre,basal,3,500.0,628.0,1.0,45.0,6,440,33067,0,1.0
98,0.0,1.0,4.4559999,1.0,0.0,6,142.2148971904579,283.4546519626458,pobre,basal,3,500.0,628.0,1.0,45.0,7,440,33067,0,1.0
97,1.0,1.0,4.4559999,1.0,2.0,8,142.2148971904579,283.4546519626458,pobre,basal,2,500.0,449.0,1.0,40.0,7,440,33068,2,1.0
98,1.0,1.0,4.4559999,1.0,2.0,8,142.2148971904579,283.4546519626458,pobre,basal,2,500.0,449.0,1.0,40.0,8,440,33068,2,1.0
97,1.0,1.0,4.4559999,1.0,3.0,8,142.2148971904579,283.4546519626458,pobre,basal,2,500.0,449.0,1.0,40.0,10,440,33069,3,1.0
98,1.0,1.0,4.4559999,1.0,4.0,8,142.2148971904579,283.4546519626458,pobre,basal,2,500.0,449.0,1.0,40.0,11,440,33069,3,1.0
97,1.0,1.0,4.4559999,0.0,4.0,8,142.2148971904579,283.4546519626458,pobre,basal,0,500.0,723.0,1.0,54.0,14,440,33070,4,0.0
98,1.0,1.0,4.4559999,0.0,4.0,8,142.2148971904579,283.4546519626458,pobre,basal,0,500.0,723.0,1.0,54.0,15,440,33070,4,0.0
97,0.0,1.0,4.4559999,1.0,1.0,8,142.2148971904579,283.4546519626458,pobre,basal,0,500.0,723.0,1.0,54.0,7,440,33071,1,1.0
98,0.0,1.0,4.4559999,1.0,2.0,8,142.2148971904579,283.4546519626458,pobre,basal,0,500.0,723.0,1.0,54.0,8,440,33071,1,1.0
97,0.0,1.0,4.4559999,0.0,6.0,6,142.2148971904579,283.4546519626458,pobre,basal,3,500.0,670.0,1.0,43.0,15,440,33072,6,0.0
98,0.0,1.0,4.4559999,0.0,6.0,6,142.2148971904579,283.4546519626458,pobre,basal,3,500.0,670.0,1.0,43.0,16,440,33072,6,0.0
97,1.0,1.0,4.4559999,1.0,6.0,6,142.2148971904579,283.4546519626458,pobre,basal,3,500.0,670.0,1.0,43.0,11,440,33073,6,1.0
98,1.0,1.0,4.4559999,1.0,7.0,6,142.2148971904579,283.4546519626458,pobre,basal,3,500.0,670.0,1.0,43.0,12,440,33073,6,1.0
97,1.0,1.0,4.4559999,1.0,3.0,6,142.2148971904579,283.4546519626458,pobre,basal,3,500.0,670.0,1.0,43.0,9,440,33074,3,1.0
98,1.0,1.0,4.4559999,1.0,4.0,6,142.2148971904579,283.4546519626458,pobre,basal,3,500.0,670.0,1.0,43.0,10,440,33074,3,1.0
97,0.0,1.0,4.4559999,1.0,1.0,6,142.2148971904579,283.4546519626458,pobre,basal,3,500.0,670.0,1.0,43.0,7,440,33075,1,1.0
98,0.0,1.0,4.4559999,1.0,2.0,6,142.2148971904579,283.4546519626458,pobre,basal,3,500.0,670.0,1.0,43.0,8,440,33075,1,1.0
97,0.0,1.0,4.4559999,0.0,4.0,4,142.2148971904579,283.4546519626458,pobre,basal,4,500.0,735.0,1.0,38.0,16,440,33076,4,0.0
98,0.0,1.0,4.4559999,,,4,142.2148971904579,283.4546519626458,pobre,basal,4,500.0,735.0,1.0,38.0,17,440,33076,4,0.0
97,0.0,1.0,4.4559999,1.0,3.0,4,142.2148971904579,283.4546519626458,pobre,basal,4,500.0,735.0,1.0,38.0,12,440,33077,3,1.0
98,0.0,1.0,4.4559999,1.0,4.0,4,142.2148971904579,283.4546519626458,pobre,basal,4,500.0,735.0,1.0,38.0,13,440,33077,3,1.0
97,0.0,1.0,4.4559999,0.0,6.0,6,142.2148971904579,283.4546519626458,pobre,basal,4,500.0,774.0,1.0,57.0,16,440,33078,6,0.0
98,0.0,1.0,4.4559999,,,6,142.2148971904579,283.4546519626458,pobre,basal,4,500.0,774.0,1.0,57.0,17,440,33078,6,0.0
97,0.0,1.0,4.4559999,1.0,4.0,6,142.2148971904579,283.4546519626458,pobre,basal,4,500.0,774.0,1.0,57.0,13,440,33079,4,1.0
98,0.0,1.0,4.4559999,1.0,6.0,6,142.2148971904579,283.4546519626458,pobre,basal,4,500.0,774.0,1.0,57.0,14,440,33079,4,1.0
97,0.0,1.0,4.4559999,1.0,1.0,6,142.2148971904579,283.4546519626458,pobre,basal,4,0.0,615.0,1.0,37.0,7,440,33080,1,1.0
98,0.0,1.0,4.4559999,1.0,2.0,6,142.2148971904579,283.4546519626458,pobre,basal,4,0.0,615.0,1.0,37.0,8,440,33080,1,1.0
97,1.0,1.0,4.4559999,1.0,0.0,6,142.2148971904579,283.4546519626458,pobre,basal,4,0.0,615.0,1.0,37.0,6,440,33081,0,1.0
98,1.0,1.0,4.4559999,1.0,1.0,6,142.2148971904579,283.4546519626458,pobre,basal,4,0.0,615.0,1.0,37.0,7,440,33081,0,1.0
97,0.0,1.0,0.0,1.0,5.0,9,134.7560732061176,285.4250077588848,pobre,basal,4,500.0,743.5,1.0,44.0,13,431,33082,5,1.0
98,0.0,1.0,0.0,1.0,6.0,9,134.7560732061176,285.4250077588848,pobre,basal,4,500.0,743.5,1.0,44.0,14,431,33082,5,1.0
97,1.0,1.0,0.0,1.0,3.0,9,134.7560732061176,285.4250077588848,pobre,basal,4,500.0,743.5,1.0,44.0,10,431,33083,3,1.0
98,1.0,1.0,0.0,1.0,3.0,9,134.7560732061176,285.4250077588848,pobre,basal,4,500.0,743.5,1.0,44.0,11,431,33083,3,1.0
97,1.0,1.0,0.0,1.0,7.0,9,134.7560732061176,285.4250077588848,pobre,basal,4,500.0,743.5,1.0,44.0,15,431,33084,7,1.0
98,1.0,1.0,0.0,1.0,8.0,9,134.7560732061176,285.4250077588848,pobre,basal,4,500.0,743.5,1.0,44.0,16,431,33084,7,1.0
97,0.0,1.0,4.4559999,1.0,1.0,3,142.2148971904579,283.4546519626458,pobre,basal,2,0.0,784.0,0.0,62.0,8,440,33085,1,1.0
98,0.0,1.0,4.4559999,1.0,2.0,3,142.2148971904579,283.4546519626458,pobre,basal,2,0.0,784.0,0.0,62.0,9,440,33085,1,1.0
97,1.0,1.0,4.4559999,1.0,6.0,8,142.2148971904579,283.4546519626458,pobre,basal,3,500.0,598.0,1.0,32.0,13,440,33086,6,1.0
98,1.0,1.0,4.4559999,1.0,7.0,8,142.2148971904579,283.4546519626458,pobre,basal,3,500.0,598.0,1.0,32.0,14,440,33086,6,1.0
97,0.0,1.0,4.4559999,1.0,4.0,8,142.2148971904579,283.4546519626458,pobre,basal,3,500.0,598.0,1.0,32.0,11,440,33087,4,1.0
98,0.0,1.0,4.4559999,1.0,5.0,8,142.2148971904579,283.4546519626458,pobre,basal,3,500.0,598.0,1.0,32.0,12,440,33087,4,1.0
97,1.0,1.0,4.4559999,1.0,2.0,8,142.2148971904579,283.4546519626458,pobre,basal,3,500.0,598.0,1.0,32.0,8,440,33088,2,1.0
98,1.0,1.0,4.4559999,1.0,3.0,8,142.2148971904579,283.4546519626458,pobre,basal,3,500.0,598.0,1.0,32.0,9,440,33088,2,1.0
97,0.0,1.0,4.4559999,,0.0,8,142.2148971904579,283.4546519626458,pobre,basal,3,500.0,598.0,1.0,32.0,6,440,33089,0,
98,0.0,1.0,4.4559999,1.0,0.0,8,142.2148971904579,283.4546519626458,pobre,basal,3,500.0,598.0,1.0,32.0,7,440,33089,0,
97,0.0,1.0,4.4559999,1.0,5.0,8,142.2148971904579,283.4546519626458,pobre,basal,6,500.0,667.0,1.0,30.0,10,440,33090,5,1.0
98,0.0,1.0,4.4559999,,,8,142.2148971904579,283.4546519626458,pobre,basal,6,500.0,667.0,1.0,30.0,11,440,33090,5,1.0
97,1.0,1.0,4.4559999,1.0,4.0,8,142.2148971904579,283.4546519626458,pobre,basal,6,500.0,667.0,1.0,30.0,9,440,33091,4,1.0
98,1.0,1.0,4.4559999,1.0,5.0,8,142.2148971904579,283.4546519626458,pobre,basal,6,500.0,667.0,1.0,30.0,10,440,33091,4,1.0
97,0.0,1.0,4.4559999,1.0,1.0,8,142.2148971904579,283.4546519626458,pobre,basal,6,500.0,667.0,1.0,30.0,7,440,33092,1,1.0
98,0.0,1.0,4.4559999,1.0,2.0,8,142.2148971904579,283.4546519626458,pobre,basal,6,500.0,667.0,1.0,30.0,8,440,33092,1,1.0
97,1.0,1.0,4.4559999,0.0,5.0,9,142.2148971904579,283.4546519626458,pobre,basal,3,500.0,528.0,1.0,42.0,12,440,33093,5,0.0
98,1.0,1.0,4.4559999,,,9,142.2148971904579,283.4546519626458,pobre,basal,3,500.0,528.0,1.0,42.0,13,440,33093,5,0.0
97,0.0,1.0,4.4559999,1.0,2.0,9,142.2148971904579,283.4546519626458,pobre,basal,3,500.0,528.0,1.0,42.0,9,440,33094,2,1.0
98,0.0,1.0,4.4559999,1.0,3.0,9,142.2148971904579,283.4546519626458,pobre,basal,3,500.0,528.0,1.0,42.0,10,440,33094,2,1.0
97,0.0,1.0,4.4559999,1.0,1.0,9,142.2148971904579,283.4546519626458,pobre,basal,3,500.0,528.0,1.0,42.0,6,440,33095,1,1.0
98,0.0,1.0,4.4559999,1.0,1.0,9,142.2148971904579,283.4546519626458,pobre,basal,3,500.0,528.0,1.0,42.0,7,440,33095,1,1.0
97,0.0,0.0,4.0780001,0.0,9.0,7,85.13876965639903,86.90983360929401,pobre,basal,2,0.0,559.25,1.0,49.0,16,148,33096,9,0.0
98,0.0,0.0,4.0780001,,,7,85.13876965639903,86.90983360929401,pobre,basal,2,0.0,559.25,1.0,49.0,17,148,33096,9,0.0
97,1.0,0.0,4.0780001,1.0,7.0,7,85.13876965639903,86.90983360929401,pobre,basal,2,0.0,559.25,1.0,49.0,14,148,33097,7,1.0
98,1.0,0.0,4.0780001,1.0,8.0,7,85.13876965639903,86.90983360929401,pobre,basal,2,0.0,559.25,1.0,49.0,15,148,33097,7,1.0
97,1.0,0.0,4.0780001,1.0,6.0,7,85.13876965639903,86.90983360929401,pobre,basal,2,0.0,559.25,1.0,49.0,13,148,33098,6,1.0
98,1.0,0.0,4.0780001,1.0,7.0,7,85.13876965639903,86.90983360929401,pobre,basal,2,0.0,559.25,1.0,49.0,14,148,33098,6,1.0
97,0.0,0.0,4.0780001,1.0,6.0,7,85.13876965639903,86.90983360929401,pobre,basal,2,0.0,559.25,1.0,49.0,11,148,33099,6,1.0
98,0.0,0.0,4.0780001,1.0,6.0,7,85.13876965639903,86.90983360929401,pobre,basal,2,0.0,559.25,1.0,49.0,12,148,33099,6,1.0
97,1.0,1.0,4.4559999,0.0,6.0,8,142.2148971904579,283.4546519626458,pobre,basal,3,500.0,713.0,1.0,36.0,15,440,33100,6,0.0
98,1.0,1.0,4.4559999,,,8,142.2148971904579,283.4546519626458,pobre,basal,3,500.0,713.0,1.0,36.0,16,440,33100,6,0.0
97,0.0,1.0,4.4559999,1.0,6.0,8,142.2148971904579,283.4546519626458,pobre,basal,3,500.0,713.0,1.0,36.0,13,440,33101,6,1.0
98,0.0,1.0,4.4559999,1.0,7.0,8,142.2148971904579,283.4546519626458,pobre,basal,3,500.0,713.0,1.0,36.0,14,440,33101,6,1.0
97,0.0,1.0,4.4559999,1.0,4.0,8,142.2148971904579,283.4546519626458,pobre,basal,3,500.0,713.0,1.0,36.0,10,440,33102,4,1.0
98,0.0,1.0,4.4559999,1.0,5.0,8,142.2148971904579,283.4546519626458,pobre,basal,3,500.0,713.0,1.0,36.0,11,440,33102,4,1.0
97,0.0,0.0,4.4559999,1.0,4.0,3,142.2148971904579,283.4546519626458,pobre,basal,2,500.0,728.0,1.0,66.0,10,440,33103,4,1.0
98,0.0,0.0,4.4559999,1.0,5.0,3,142.2148971904579,283.4546519626458,pobre,basal,2,500.0,728.0,1.0,66.0,11,440,33103,4,1.0
97,1.0,1.0,4.4559999,1.0,8.0,6,142.2148971904579,283.4546519626458,pobre,basal,3,500.0,767.0,1.0,43.0,15,440,33104,8,1.0
98,1.0,1.0,4.4559999,0.0,9.0,6,142.2148971904579,283.4546519626458,pobre,basal,3,500.0,767.0,1.0,43.0,16,440,33104,8,1.0
97,1.0,1.0,4.4559999,1.0,1.0,6,142.2148971904579,283.4546519626458,pobre,basal,3,500.0,767.0,1.0,43.0,7,440,33105,1,1.0
98,1.0,1.0,4.4559999,1.0,2.0,6,142.2148971904579,283.4546519626458,pobre,basal,3,500.0,767.0,1.0,43.0,8,440,33105,1,1.0
97,1.0,1.0,4.4559999,1.0,4.0,4,142.2148971904579,283.4546519626458,pobre,basal,4,0.0,784.0,0.0,57.0,12,440,33106,4,1.0
98,1.0,1.0,4.4559999,1.0,5.0,4,142.2148971904579,283.4546519626458,pobre,basal,4,0.0,784.0,0.0,57.0,13,440,33106,4,1.0
97,0.0,1.0,4.4559999,1.0,6.0,6,142.2148971904579,283.4546519626458,pobre,basal,0,0.0,623.0,0.0,70.0,12,440,33107,6,1.0
98,0.0,1.0,4.4559999,,,6,142.2148971904579,283.4546519626458,pobre,basal,0,0.0,623.0,0.0,70.0,13,440,33107,6,1.0
97,1.0,1.0,4.4559999,1.0,2.0,6,142.2148971904579,283.4546519626458,pobre,basal,0,0.0,623.0,0.0,70.0,8,440,33108,2,1.0
98,1.0,1.0,4.4559999,,,6,142.2148971904579,283.4546519626458,pobre,basal,0,0.0,623.0,0.0,70.0,9,440,33108,2,1.0
97,1.0,1.0,4.4559999,1.0,1.0,4,142.2148971904579,283.4546519626458,pobre,basal,3,0.0,727.0,0.0,39.0,7,440,33109,1,1.0
98,1.0,1.0,4.4559999,1.0,2.0,4,142.2148971904579,283.4546519626458,pobre,basal,3,0.0,727.0,0.0,39.0,8,440,33109,1,1.0
97,1.0,1.0,4.4559999,0.0,6.0,7,142.2148971904579,283.4546519626458,pobre,basal,1,500.0,715.25,1.0,53.0,15,440,33110,6,0.0
98,1.0,1.0,4.4559999,0.0,6.0,7,142.2148971904579,283.4546519626458,pobre,basal,1,500.0,715.25,1.0,53.0,16,440,33110,6,0.0
97,0.0,1.0,4.4559999,1.0,5.0,7,142.2148971904579,283.4546519626458,pobre,basal,1,500.0,715.25,1.0,53.0,12,440,33111,5,1.0
98,0.0,1.0,4.4559999,1.0,6.0,7,142.2148971904579,283.4546519626458,pobre,basal,1,500.0,715.25,1.0,53.0,13,440,33111,5,1.0
97,1.0,1.0,4.4559999,1.0,3.0,7,142.2148971904579,283.4546519626458,pobre,basal,1,500.0,715.25,1.0,53.0,8,440,33112,3,1.0
98,1.0,1.0,4.4559999,1.0,4.0,7,142.2148971904579,283.4546519626458,pobre,basal,1,500.0,715.25,1.0,53.0,9,440,33112,3,1.0
97,0.0,1.0,4.4559999,1.0,2.0,4,142.2148971904579,283.4546519626458,pobre,basal,2,0.0,780.0,1.0,69.0,10,440,33113,2,1.0
98,0.0,1.0,4.4559999,1.0,3.0,4,142.2148971904579,283.4546519626458,pobre,basal,2,0.0,780.0,1.0,69.0,11,440,33113,2,1.0
97,1.0,1.0,0.58999997,1.0,3.0,9,141.8944903287733,273.2989389602207,pobre,0,2,500.0,704.75,1.0,50.0,14,441,33114,3,1.0
98,1.0,1.0,0.58999997,1.0,5.0,9,141.8944903287733,273.2989389602207,pobre,0,2,500.0,704.75,1.0,50.0,15,441,33114,3,1.0
97,0.0,1.0,0.58999997,1.0,5.0,9,141.8944903287733,273.2989389602207,pobre,0,2,500.0,704.75,1.0,50.0,11,441,33115,5,1.0
98,0.0,1.0,0.58999997,1.0,5.0,9,141.8944903287733,273.2989389602207,pobre,0,2,500.0,704.75,1.0,50.0,12,441,33115,5,1.0
97,0.0,1.0,0.58999997,1.0,4.0,9,141.8944903287733,273.2989389602207,pobre,0,2,500.0,704.75,1.0,50.0,10,441,33116,4,1.0
98,0.0,1.0,0.58999997,1.0,5.0,9,141.8944903287733,273.2989389602207,pobre,0,2,500.0,704.75,1.0,50.0,11,441,33116,4,1.0
97,1.0,0.0,0.58999997,1.0,1.0,9,141.8944903287733,273.2989389602207,pobre,0,2,500.0,704.75,1.0,50.0,6,441,33117,1,1.0
98,1.0,0.0,0.58999997,1.0,2.0,9,141.8944903287733,273.2989389602207,pobre,0,2,500.0,704.75,1.0,50.0,7,441,33117,1,1.0
97,0.0,1.0,0.58999997,0.0,2.0,9,141.8944903287733,273.2989389602207,pobre,0,2,500.0,704.75,1.0,50.0,14,441,33118,2,0.0
98,0.0,1.0,0.58999997,0.0,6.0,9,141.8944903287733,273.2989389602207,pobre,0,2,500.0,704.75,1.0,50.0,15,441,33118,2,0.0
97,0.0,1.0,4.4559999,1.0,3.0,7,142.2148971904579,283.4546519626458,pobre,basal,4,500.0,599.0,1.0,44.0,11,440,33119,3,1.0
98,0.0,1.0,4.4559999,,,7,142.2148971904579,283.4546519626458,pobre,basal,4,500.0,599.0,1.0,44.0,12,440,33119,3,1.0
97,0.0,1.0,4.4559999,1.0,3.0,7,142.2148971904579,283.4546519626458,pobre,basal,4,500.0,599.0,1.0,44.0,8,440,33120,3,1.0
98,0.0,1.0,4.4559999,1.0,4.0,7,142.2148971904579,283.4546519626458,pobre,basal,4,500.0,599.0,1.0,44.0,9,440,33120,3,1.0
97,0.0,1.0,4.4559999,1.0,1.0,7,142.2148971904579,283.4546519626458,pobre,basal,4,500.0,599.0,1.0,44.0,6,440,33121,1,1.0
98,0.0,1.0,4.4559999,1.0,2.0,7,142.2148971904579,283.4546519626458,pobre,basal,4,500.0,599.0,1.0,44.0,7,440,33121,1,1.0
97,0.0,1.0,4.4559999,1.0,4.0,5,142.2148971904579,283.4546519626458,pobre,basal,2,500.0,760.0,1.0,60.0,12,440,33122,4,1.0
98,0.0,1.0,4.4559999,1.0,5.0,5,142.2148971904579,283.4546519626458,pobre,basal,2,500.0,760.0,1.0,60.0,13,440,33122,4,1.0
97,0.0,1.0,4.4559999,1.0,3.0,5,142.2148971904579,283.4546519626458,pobre,basal,2,500.0,760.0,1.0,60.0,10,440,33123,3,1.0
98,0.0,1.0,4.4559999,1.0,5.0,5,142.2148971904579,283.4546519626458,pobre,basal,2,500.0,760.0,1.0,60.0,11,440,33123,3,1.0
97,0.0,1.0,4.4559999,1.0,1.0,5,142.2148971904579,283.4546519626458,pobre,basal,2,500.0,760.0,1.0,60.0,7,440,33124,1,1.0
98,0.0,1.0,4.4559999,1.0,2.0,5,142.2148971904579,283.4546519626458,pobre,basal,2,500.0,760.0,1.0,60.0,8,440,33124,1,1.0
97,0.0,1.0,4.4559999,1.0,2.0,6,142.2148971904579,283.4546519626458,pobre,basal,6,500.0,623.0,1.0,27.0,8,440,33125,2,1.0
98,0.0,1.0,4.4559999,1.0,3.0,6,142.2148971904579,283.4546519626458,pobre,basal,6,500.0,623.0,1.0,27.0,9,440,33125,2,1.0
97,1.0,1.0,4.4559999,1.0,0.0,6,142.2148971904579,283.4546519626458,pobre,basal,6,500.0,623.0,1.0,27.0,6,440,33126,0,1.0
98,1.0,1.0,4.4559999,1.0,1.0,6,142.2148971904579,283.4546519626458,pobre,basal,6,500.0,623.0,1.0,27.0,7,440,33126,0,1.0
97,1.0,0.0,0.58999997,0.0,6.0,14,141.8944903287733,273.2989389602207,pobre,0,0,625.0,647.5,1.0,64.0,15,441,33127,6,0.0
98,1.0,0.0,0.58999997,1.0,6.0,14,141.8944903287733,273.2989389602207,pobre,0,0,625.0,647.5,1.0,64.0,16,441,33127,6,0.0
97,0.0,0.0,0.58999997,0.0,4.0,14,141.8944903287733,273.2989389602207,pobre,0,0,625.0,647.5,1.0,64.0,13,441,33128,4,0.0
98,0.0,0.0,0.58999997,0.0,3.0,14,141.8944903287733,273.2989389602207,pobre,0,0,625.0,647.5,1.0,64.0,14,441,33128,4,0.0
97,0.0,0.0,0.58999997,1.0,2.0,14,141.8944903287733,273.2989389602207,pobre,0,0,625.0,647.5,1.0,64.0,10,441,33129,2,1.0
98,0.0,0.0,0.58999997,1.0,4.0,14,141.8944903287733,273.2989389602207,pobre,0,0,625.0,647.5,1.0,64.0,11,441,33129,2,1.0
97,1.0,0.0,0.58999997,,0.0,14,141.8944903287733,273.2989389602207,pobre,0,0,625.0,647.5,1.0,64.0,7,441,33130,0,
98,1.0,0.0,0.58999997,1.0,1.0,14,141.8944903287733,273.2989389602207,pobre,0,0,625.0,647.5,1.0,64.0,8,441,33130,0,
97,1.0,0.0,0.58999997,1.0,3.0,14,141.8944903287733,273.2989389602207,pobre,0,0,625.0,647.5,1.0,64.0,10,441,33131,3,1.0
98,1.0,0.0,0.58999997,1.0,4.0,14,141.8944903287733,273.2989389602207,pobre,0,0,625.0,647.5,1.0,64.0,11,441,33131,3,1.0
97,0.0,0.0,0.58999997,1.0,3.0,5,141.8944903287733,273.2989389602207,pobre,0,2,625.0,823.5,1.0,48.0,10,441,33132,3,1.0
98,0.0,0.0,0.58999997,1.0,4.0,5,141.8944903287733,273.2989389602207,pobre,0,2,625.0,823.5,1.0,48.0,11,441,33132,3,1.0
97,1.0,0.0,0.58999997,1.0,2.0,3,141.8944903287733,273.2989389602207,pobre,0,1,625.0,773.0,1.0,63.0,9,441,33133,2,1.0
98,1.0,0.0,0.58999997,1.0,3.0,3,141.8944903287733,273.2989389602207,pobre,0,1,625.0,773.0,1.0,63.0,10,441,33133,2,1.0
97,0.0,0.0,4.4390001,1.0,5.0,5,141.0977350861535,286.0098668459468,pobre,basal,8,500.0,836.5,1.0,62.0,12,437,33134,5,1.0
98,0.0,0.0,4.4390001,0.0,6.0,5,141.0977350861535,286.0098668459468,pobre,basal,8,500.0,836.5,1.0,62.0,13,437,33134,5,1.0
97,0.0,1.0,4.4390001,0.0,9.0,4,141.0977350861535,286.0098668459468,pobre,basal,3,500.0,723.0,1.0,44.0,16,437,33135,9,0.0
98,0.0,1.0,4.4390001,,,4,141.0977350861535,286.0098668459468,pobre,basal,3,500.0,723.0,1.0,44.0,17,437,33135,9,0.0
97,0.0,1.0,4.4390001,0.0,6.0,4,141.0977350861535,286.0098668459468,pobre,basal,3,500.0,723.0,1.0,44.0,14,437,33136,6,0.0
98,0.0,1.0,4.4390001,1.0,6.0,4,141.0977350861535,286.0098668459468,pobre,basal,3,500.0,723.0,1.0,44.0,15,437,33136,6,0.0
97,1.0,1.0,4.4390001,1.0,5.0,3,141.0977350861535,286.0098668459468,pobre,basal,3,500.0,771.0,1.0,57.0,11,437,33137,5,1.0
98,1.0,1.0,4.4390001,1.0,6.0,3,141.0977350861535,286.0098668459468,pobre,basal,3,500.0,771.0,1.0,57.0,12,437,33137,5,1.0
97,1.0,1.0,4.4390001,1.0,5.0,6,141.0977350861535,286.0098668459468,pobre,basal,4,500.0,798.0,1.0,43.0,14,437,33138,5,1.0
98,1.0,1.0,4.4390001,1.0,6.0,6,141.0977350861535,286.0098668459468,pobre,basal,4,500.0,798.0,1.0,43.0,15,437,33138,5,1.0
97,0.0,1.0,4.4390001,1.0,4.0,6,141.0977350861535,286.0098668459468,pobre,basal,4,500.0,798.0,1.0,43.0,12,437,33139,4,1.0
98,0.0,1.0,4.4390001,1.0,5.0,6,141.0977350861535,286.0098668459468,pobre,basal,4,500.0,798.0,1.0,43.0,13,437,33139,4,1.0
97,1.0,1.0,4.4390001,1.0,2.0,6,141.0977350861535,286.0098668459468,pobre,basal,4,500.0,798.0,1.0,43.0,9,437,33140,2,1.0
98,1.0,1.0,4.4390001,1.0,3.0,6,141.0977350861535,286.0098668459468,pobre,basal,4,500.0,798.0,1.0,43.0,10,437,33140,2,1.0
97,1.0,0.0,4.0780001,0.0,6.0,6,85.13876965639903,86.90983360929401,no pobre,basal,4,291.66666,702.0,1.0,57.0,16,148,33141,6,0.0
98,1.0,0.0,4.0780001,,,6,85.13876965639903,86.90983360929401,no pobre,basal,4,291.66666,702.0,1.0,57.0,17,148,33141,6,0.0
97,0.0,0.0,4.0780001,1.0,7.0,6,85.13876965639903,86.90983360929401,no pobre,basal,4,291.66666,702.0,1.0,57.0,13,148,33142,7,1.0
98,0.0,0.0,4.0780001,1.0,7.0,6,85.13876965639903,86.90983360929401,no pobre,basal,4,291.66666,702.0,1.0,57.0,14,148,33142,7,1.0
97,0.0,0.0,4.0780001,1.0,5.0,6,85.13876965639903,86.90983360929401,no pobre,basal,4,291.66666,702.0,1.0,57.0,11,148,33143,5,1.0
98,0.0,0.0,4.0780001,1.0,5.0,6,85.13876965639903,86.90983360929401,no pobre,basal,4,291.66666,702.0,1.0,57.0,12,148,33143,5,1.0
97,1.0,1.0,4.4390001,1.0,5.0,9,141.0977350861535,286.0098668459468,pobre,basal,4,500.0,537.0,1.0,53.0,11,437,33144,5,1.0
98,1.0,1.0,4.4390001,,,9,141.0977350861535,286.0098668459468,pobre,basal,4,500.0,537.0,1.0,53.0,12,437,33144,5,1.0
97,1.0,1.0,4.4390001,0.0,2.0,9,141.0977350861535,286.0098668459468,pobre,basal,4,500.0,537.0,1.0,53.0,8,437,33145,2,0.0
98,1.0,1.0,4.4390001,,,9,141.0977350861535,286.0098668459468,pobre,basal,4,500.0,537.0,1.0,53.0,9,437,33145,2,0.0
97,1.0,1.0,4.4390001,1.0,0.0,9,141.0977350861535,286.0098668459468,pobre,basal,4,500.0,537.0,1.0,53.0,6,437,33146,0,1.0
98,1.0,1.0,4.4390001,,,9,141.0977350861535,286.0098668459468,pobre,basal,4,500.0,537.0,1.0,53.0,7,437,33146,0,1.0
97,1.0,1.0,4.4390001,1.0,1.0,9,141.0977350861535,286.0098668459468,pobre,basal,4,500.0,537.0,1.0,53.0,9,437,33147,1,1.0
98,1.0,1.0,4.4390001,1.0,2.0,9,141.0977350861535,286.0098668459468,pobre,basal,4,500.0,537.0,1.0,53.0,10,437,33147,1,1.0
97,0.0,0.0,4.4390001,1.0,4.0,4,141.0977350861535,286.0098668459468,pobre,basal,0,500.0,638.70099,1.0,45.0,11,437,33148,4,1.0
98,0.0,0.0,4.4390001,1.0,5.0,4,141.0977350861535,286.0098668459468,pobre,basal,0,500.0,638.70099,1.0,45.0,12,437,33148,4,1.0
97,0.0,0.0,4.4390001,1.0,0.0,4,141.0977350861535,286.0098668459468,pobre,basal,0,500.0,638.70099,1.0,45.0,7,437,33149,0,1.0
98,0.0,0.0,4.4390001,1.0,1.0,4,141.0977350861535,286.0098668459468,pobre,basal,0,500.0,638.70099,1.0,45.0,8,437,33149,0,1.0
97,1.0,0.0,4.0780001,1.0,5.0,3,85.13876965639903,86.90983360929401,pobre,basal,0,0.0,529.0,1.0,75.0,11,148,33150,5,1.0
98,1.0,0.0,4.0780001,1.0,5.0,3,85.13876965639903,86.90983360929401,pobre,basal,0,0.0,529.0,1.0,75.0,12,148,33150,5,1.0
97,1.0,1.0,4.4390001,1.0,6.0,4,141.0977350861535,286.0098668459468,pobre,basal,3,0.0,708.0,0.0,60.0,15,437,33151,6,1.0
98,1.0,1.0,4.4390001,1.0,7.0,4,141.0977350861535,286.0098668459468,pobre,basal,3,0.0,708.0,0.0,60.0,16,437,33151,6,1.0
97,1.0,1.0,4.4390001,1.0,6.0,4,141.0977350861535,286.0098668459468,pobre,basal,3,0.0,708.0,0.0,60.0,12,437,33152,6,1.0
98,1.0,1.0,4.4390001,1.0,7.0,4,141.0977350861535,286.0098668459468,pobre,basal,3,0.0,708.0,0.0,60.0,13,437,33152,6,1.0
97,1.0,1.0,4.4390001,1.0,4.0,4,141.0977350861535,286.0098668459468,pobre,basal,3,0.0,708.0,0.0,60.0,10,437,33153,4,1.0
98,1.0,1.0,4.4390001,1.0,5.0,4,141.0977350861535,286.0098668459468,pobre,basal,3,0.0,708.0,0.0,60.0,11,437,33153,4,1.0
97,1.0,1.0,4.4390001,1.0,5.0,10,141.0977350861535,286.0098668459468,pobre,basal,4,500.0,643.0,1.0,47.0,14,437,33154,5,1.0
98,1.0,1.0,4.4390001,1.0,6.0,10,141.0977350861535,286.0098668459468,pobre,basal,4,500.0,643.0,1.0,47.0,15,437,33154,5,1.0
97,1.0,1.0,4.4390001,1.0,5.0,10,141.0977350861535,286.0098668459468,pobre,basal,4,500.0,643.0,1.0,47.0,12,437,33155,5,1.0
98,1.0,1.0,4.4390001,1.0,6.0,10,141.0977350861535,286.0098668459468,pobre,basal,4,500.0,643.0,1.0,47.0,13,437,33155,5,1.0
97,0.0,1.0,4.4390001,1.0,3.0,10,141.0977350861535,286.0098668459468,pobre,basal,4,500.0,643.0,1.0,47.0,10,437,33156,3,1.0
98,0.0,1.0,4.4390001,1.0,4.0,10,141.0977350861535,286.0098668459468,pobre,basal,4,500.0,643.0,1.0,47.0,11,437,33156,3,1.0
97,0.0,1.0,4.4390001,1.0,1.0,10,141.0977350861535,286.0098668459468,pobre,basal,4,500.0,643.0,1.0,47.0,8,437,33157,1,1.0
98,0.0,1.0,4.4390001,1.0,2.0,10,141.0977350861535,286.0098668459468,pobre,basal,4,500.0,643.0,1.0,47.0,9,437,33157,1,1.0
97,0.0,1.0,4.4390001,1.0,0.0,10,141.0977350861535,286.0098668459468,pobre,basal,4,500.0,643.0,1.0,47.0,6,437,33158,0,1.0
98,0.0,1.0,4.4390001,1.0,0.0,10,141.0977350861535,286.0098668459468,pobre,basal,4,500.0,643.0,1.0,47.0,7,437,33158,0,1.0
97,0.0,1.0,4.4390001,1.0,4.0,5,141.0977350861535,286.0098668459468,pobre,basal,2,625.0,701.0,1.0,68.0,11,437,33159,4,1.0
98,0.0,1.0,4.4390001,1.0,5.0,5,141.0977350861535,286.0098668459468,pobre,basal,2,625.0,701.0,1.0,68.0,12,437,33159,4,1.0
97,1.0,1.0,4.4390001,1.0,2.0,5,141.0977350861535,286.0098668459468,pobre,basal,2,625.0,701.0,1.0,68.0,8,437,33160,2,1.0
98,1.0,1.0,4.4390001,1.0,3.0,5,141.0977350861535,286.0098668459468,pobre,basal,2,625.0,701.0,1.0,68.0,9,437,33160,2,1.0
97,1.0,1.0,4.4390001,1.0,1.0,5,141.0977350861535,286.0098668459468,pobre,basal,2,625.0,701.0,1.0,68.0,8,437,33161,1,1.0
98,1.0,1.0,4.4390001,1.0,4.0,5,141.0977350861535,286.0098668459468,pobre,basal,2,625.0,701.0,1.0,68.0,9,437,33161,1,1.0
97,1.0,1.0,4.4390001,1.0,6.0,11,141.0977350861535,286.0098668459468,pobre,basal,3,500.0,729.0,1.0,55.0,13,437,33162,6,1.0
98,1.0,1.0,4.4390001,1.0,7.0,11,141.0977350861535,286.0098668459468,pobre,basal,3,500.0,729.0,1.0,55.0,14,437,33162,6,1.0
97,0.0,1.0,4.4390001,1.0,4.0,11,141.0977350861535,286.0098668459468,pobre,basal,3,500.0,729.0,1.0,55.0,11,437,33163,4,1.0
98,0.0,1.0,4.4390001,1.0,5.0,11,141.0977350861535,286.0098668459468,pobre,basal,3,500.0,729.0,1.0,55.0,12,437,33163,4,1.0
97,0.0,1.0,4.4390001,1.0,0.0,11,141.0977350861535,286.0098668459468,pobre,basal,3,500.0,729.0,1.0,55.0,6,437,33164,0,1.0
98,0.0,1.0,4.4390001,0.0,1.0,11,141.0977350861535,286.0098668459468,pobre,basal,3,500.0,729.0,1.0,55.0,7,437,33164,0,1.0
97,1.0,1.0,4.4390001,1.0,2.0,7,141.0977350861535,286.0098668459468,pobre,basal,0,500.0,636.0,1.0,31.0,9,437,33165,2,1.0
98,1.0,1.0,4.4390001,1.0,3.0,7,141.0977350861535,286.0098668459468,pobre,basal,0,500.0,636.0,1.0,31.0,10,437,33165,2,1.0
97,0.0,1.0,4.4390001,1.0,0.0,7,141.0977350861535,286.0098668459468,pobre,basal,0,500.0,636.0,1.0,31.0,6,437,33166,0,1.0
98,0.0,1.0,4.4390001,1.0,1.0,7,141.0977350861535,286.0098668459468,pobre,basal,0,500.0,636.0,1.0,31.0,7,437,33166,0,1.0
97,1.0,1.0,4.4390001,,0.0,5,141.0977350861535,286.0098668459468,pobre,basal,3,500.0,654.0,1.0,47.0,14,437,33167,0,
98,1.0,1.0,4.4390001,,,5,141.0977350861535,286.0098668459468,pobre,basal,3,500.0,654.0,1.0,47.0,15,437,33167,0,
97,1.0,1.0,4.4390001,1.0,4.0,5,141.0977350861535,286.0098668459468,pobre,basal,3,500.0,654.0,1.0,47.0,12,437,33168,4,1.0
98,1.0,1.0,4.4390001,1.0,5.0,5,141.0977350861535,286.0098668459468,pobre,basal,3,500.0,654.0,1.0,47.0,13,437,33168,4,1.0
97,0.0,1.0,4.4390001,1.0,6.0,7,141.0977350861535,286.0098668459468,pobre,basal,6,500.0,588.0,1.0,40.0,16,437,33169,6,1.0
98,0.0,1.0,4.4390001,,,7,141.0977350861535,286.0098668459468,pobre,basal,6,500.0,588.0,1.0,40.0,17,437,33169,6,1.0
97,0.0,1.0,4.4390001,1.0,4.0,7,141.0977350861535,286.0098668459468,pobre,basal,6,500.0,588.0,1.0,40.0,13,437,33170,4,1.0
98,0.0,1.0,4.4390001,1.0,5.0,7,141.0977350861535,286.0098668459468,pobre,basal,6,500.0,588.0,1.0,40.0,14,437,33170,4,1.0
97,1.0,1.0,4.4390001,1.0,3.0,7,141.0977350861535,286.0098668459468,pobre,basal,6,500.0,588.0,1.0,40.0,11,437,33171,3,1.0
98,1.0,1.0,4.4390001,1.0,4.0,7,141.0977350861535,286.0098668459468,pobre,basal,6,500.0,588.0,1.0,40.0,12,437,33171,3,1.0
97,1.0,1.0,4.4390001,1.0,1.0,7,141.0977350861535,286.0098668459468,pobre,basal,6,500.0,588.0,1.0,40.0,8,437,33172,1,1.0
98,1.0,1.0,4.4390001,1.0,2.0,7,141.0977350861535,286.0098668459468,pobre,basal,6,500.0,588.0,1.0,40.0,9,437,33172,1,1.0
97,1.0,1.0,4.4390001,1.0,0.0,7,141.0977350861535,286.0098668459468,pobre,basal,6,500.0,588.0,1.0,40.0,6,437,33173,0,1.0
98,1.0,1.0,4.4390001,1.0,0.0,7,141.0977350861535,286.0098668459468,pobre,basal,6,500.0,588.0,1.0,40.0,7,437,33173,0,1.0
97,0.0,0.0,4.0780001,0.0,6.0,7,85.13876965639903,86.90983360929401,pobre,basal,4,750.0,473.0,1.0,51.0,13,148,33174,6,0.0
98,0.0,0.0,4.0780001,1.0,6.0,7,85.13876965639903,86.90983360929401,pobre,basal,4,750.0,473.0,1.0,51.0,14,148,33174,6,0.0
97,0.0,0.0,4.0780001,1.0,5.0,7,85.13876965639903,86.90983360929401,pobre,basal,4,750.0,473.0,1.0,51.0,10,148,33175,5,1.0
98,0.0,0.0,4.0780001,1.0,5.0,7,85.13876965639903,86.90983360929401,pobre,basal,4,750.0,473.0,1.0,51.0,11,148,33175,5,1.0
97,1.0,0.0,4.0780001,1.0,2.0,7,85.13876965639903,86.90983360929401,pobre,basal,4,750.0,473.0,1.0,51.0,8,148,33176,2,1.0
98,1.0,0.0,4.0780001,1.0,3.0,7,85.13876965639903,86.90983360929401,pobre,basal,4,750.0,473.0,1.0,51.0,9,148,33176,2,1.0
97,0.0,0.0,4.0780001,1.0,7.0,7,85.13876965639903,86.90983360929401,pobre,basal,0,750.0,515.5,1.0,60.0,15,148,33177,7,1.0
98,0.0,0.0,4.0780001,0.0,7.0,7,85.13876965639903,86.90983360929401,pobre,basal,0,750.0,515.5,1.0,60.0,16,148,33177,7,1.0
97,1.0,0.0,4.0780001,1.0,6.0,7,85.13876965639903,86.90983360929401,pobre,basal,0,750.0,515.5,1.0,60.0,12,148,33178,6,1.0
98,1.0,0.0,4.0780001,0.0,7.0,7,85.13876965639903,86.90983360929401,pobre,basal,0,750.0,515.5,1.0,60.0,13,148,33178,6,1.0
97,0.0,0.0,4.0780001,1.0,4.0,7,85.13876965639903,86.90983360929401,pobre,basal,0,750.0,515.5,1.0,60.0,8,148,33179,4,1.0
98,0.0,0.0,4.0780001,1.0,4.0,7,85.13876965639903,86.90983360929401,pobre,basal,0,750.0,515.5,1.0,60.0,9,148,33179,4,1.0
97,0.0,0.0,4.0780001,1.0,2.0,7,85.13876965639903,86.90983360929401,pobre,basal,0,750.0,515.5,1.0,60.0,7,148,33180,2,1.0
98,0.0,0.0,4.0780001,1.0,3.0,7,85.13876965639903,86.90983360929401,pobre,basal,0,750.0,515.5,1.0,60.0,8,148,33180,2,1.0
97,1.0,1.0,4.4390001,1.0,5.0,10,141.0977350861535,286.0098668459468,pobre,basal,5,500.0,819.0,1.0,51.0,14,437,33181,5,1.0
98,1.0,1.0,4.4390001,0.0,6.0,10,141.0977350861535,286.0098668459468,pobre,basal,5,500.0,819.0,1.0,51.0,15,437,33181,5,1.0
97,1.0,1.0,4.4390001,1.0,4.0,10,141.0977350861535,286.0098668459468,pobre,basal,5,500.0,819.0,1.0,51.0,10,437,33182,4,1.0
98,1.0,1.0,4.4390001,1.0,5.0,10,141.0977350861535,286.0098668459468,pobre,basal,5,500.0,819.0,1.0,51.0,11,437,33182,4,1.0
97,1.0,1.0,4.4390001,1.0,2.0,10,141.0977350861535,286.0098668459468,pobre,basal,5,500.0,819.0,1.0,51.0,8,437,33183,2,1.0
98,1.0,1.0,4.4390001,1.0,3.0,10,141.0977350861535,286.0098668459468,pobre,basal,5,500.0,819.0,1.0,51.0,9,437,33183,2,1.0
97,0.0,1.0,4.4390001,0.0,6.0,8,141.0977350861535,286.0098668459468,pobre,basal,3,500.0,541.0,1.0,44.0,15,437,33184,6,0.0
98,0.0,1.0,4.4390001,1.0,9.0,8,141.0977350861535,286.0098668459468,pobre,basal,3,500.0,541.0,1.0,44.0,16,437,33184,6,0.0
97,1.0,1.0,4.4390001,1.0,2.0,8,141.0977350861535,286.0098668459468,pobre,basal,3,500.0,541.0,1.0,44.0,10,437,33185,2,1.0
98,1.0,1.0,4.4390001,1.0,3.0,8,141.0977350861535,286.0098668459468,pobre,basal,3,500.0,541.0,1.0,44.0,11,437,33185,2,1.0
97,0.0,1.0,4.4390001,1.0,5.0,8,141.0977350861535,286.0098668459468,pobre,basal,3,500.0,541.0,1.0,44.0,12,437,33186,5,1.0
98,0.0,1.0,4.4390001,1.0,6.0,8,141.0977350861535,286.0098668459468,pobre,basal,3,500.0,541.0,1.0,44.0,13,437,33186,5,1.0
97,0.0,1.0,4.4390001,1.0,0.0,8,141.0977350861535,286.0098668459468,pobre,basal,3,500.0,541.0,1.0,44.0,7,437,33187,0,1.0
98,0.0,1.0,4.4390001,1.0,1.0,8,141.0977350861535,286.0098668459468,pobre,basal,3,500.0,541.0,1.0,44.0,8,437,33187,0,1.0
97,1.0,1.0,4.4390001,1.0,8.0,13,141.0977350861535,286.0098668459468,pobre,basal,4,500.0,717.0,1.0,52.0,16,437,33188,8,1.0
98,1.0,1.0,4.4390001,,,13,141.0977350861535,286.0098668459468,pobre,basal,4,500.0,717.0,1.0,52.0,17,437,33188,8,1.0
97,1.0,1.0,4.4390001,1.0,5.0,13,141.0977350861535,286.0098668459468,pobre,basal,4,500.0,717.0,1.0,52.0,14,437,33189,5,1.0
98,1.0,1.0,4.4390001,0.0,6.0,13,141.0977350861535,286.0098668459468,pobre,basal,4,500.0,717.0,1.0,52.0,15,437,33189,5,1.0
97,1.0,1.0,4.4390001,1.0,5.0,13,141.0977350861535,286.0098668459468,pobre,basal,4,500.0,717.0,1.0,52.0,14,437,33190,5,1.0
98,1.0,1.0,4.4390001,0.0,6.0,13,141.0977350861535,286.0098668459468,pobre,basal,4,500.0,717.0,1.0,52.0,15,437,33190,5,1.0
97,0.0,1.0,4.4390001,1.0,5.0,13,141.0977350861535,286.0098668459468,pobre,basal,4,500.0,717.0,1.0,52.0,14,437,33191,5,1.0
98,0.0,1.0,4.4390001,0.0,6.0,13,141.0977350861535,286.0098668459468,pobre,basal,4,500.0,717.0,1.0,52.0,15,437,33191,5,1.0
97,1.0,1.0,4.4390001,1.0,4.0,13,141.0977350861535,286.0098668459468,pobre,basal,4,500.0,717.0,1.0,52.0,12,437,33192,4,1.0
98,1.0,1.0,4.4390001,1.0,5.0,13,141.0977350861535,286.0098668459468,pobre,basal,4,500.0,717.0,1.0,52.0,13,437,33192,4,1.0
97,1.0,1.0,4.4390001,1.0,2.0,13,141.0977350861535,286.0098668459468,pobre,basal,4,500.0,717.0,1.0,52.0,8,437,33193,2,1.0
98,1.0,1.0,4.4390001,1.0,1.0,13,141.0977350861535,286.0098668459468,pobre,basal,4,500.0,717.0,1.0,52.0,9,437,33193,2,1.0
97,1.0,1.0,2.848,1.0,5.0,6,156.9623114120321,265.9135776509436,pobre,0,3,500.0,642.0,1.0,34.0,13,423,33194,5,1.0
98,1.0,1.0,2.848,1.0,5.0,6,156.9623114120321,265.9135776509436,pobre,0,3,500.0,642.0,1.0,34.0,14,423,33194,5,1.0
97,0.0,1.0,2.848,1.0,2.0,6,156.9623114120321,265.9135776509436,pobre,0,3,500.0,642.0,1.0,34.0,9,423,33195,2,1.0
98,0.0,1.0,2.848,1.0,3.0,6,156.9623114120321,265.9135776509436,pobre,0,3,500.0,642.0,1.0,34.0,10,423,33195,2,1.0
97,0.0,1.0,2.848,1.0,0.0,6,156.9623114120321,265.9135776509436,pobre,0,3,500.0,642.0,1.0,34.0,6,423,33196,0,1.0
98,0.0,1.0,2.848,1.0,1.0,6,156.9623114120321,265.9135776509436,pobre,0,3,500.0,642.0,1.0,34.0,7,423,33196,0,1.0
97,0.0,1.0,2.848,0.0,9.0,8,156.9623114120321,265.9135776509436,pobre,0,2,500.0,748.0,1.0,38.0,16,423,33197,9,0.0
98,0.0,1.0,2.848,,,8,156.9623114120321,265.9135776509436,pobre,0,2,500.0,748.0,1.0,38.0,17,423,33197,9,0.0
97,0.0,1.0,2.848,1.0,8.0,8,156.9623114120321,265.9135776509436,pobre,0,2,500.0,748.0,1.0,38.0,14,423,33198,8,1.0
98,0.0,1.0,2.848,0.0,9.0,8,156.9623114120321,265.9135776509436,pobre,0,2,500.0,748.0,1.0,38.0,15,423,33198,8,1.0
97,0.0,1.0,2.848,1.0,5.0,8,156.9623114120321,265.9135776509436,pobre,0,2,500.0,748.0,1.0,38.0,12,423,33199,5,1.0
98,0.0,1.0,2.848,1.0,6.0,8,156.9623114120321,265.9135776509436,pobre,0,2,500.0,748.0,1.0,38.0,13,423,33199,5,1.0
97,1.0,1.0,2.848,1.0,3.0,8,156.9623114120321,265.9135776509436,pobre,0,2,500.0,748.0,1.0,38.0,9,423,33200,3,1.0
98,1.0,1.0,2.848,1.0,4.0,8,156.9623114120321,265.9135776509436,pobre,0,2,500.0,748.0,1.0,38.0,10,423,33200,3,1.0
97,0.0,1.0,2.848,0.0,6.0,12,156.9623114120321,265.9135776509436,pobre,0,0,500.0,775.0,1.0,63.0,15,423,33201,6,0.0
98,0.0,1.0,2.848,0.0,6.0,12,156.9623114120321,265.9135776509436,pobre,0,0,500.0,775.0,1.0,63.0,16,423,33201,6,0.0
97,1.0,1.0,2.848,1.0,11.0,12,156.9623114120321,265.9135776509436,pobre,0,0,500.0,775.0,1.0,63.0,15,423,33202,11,1.0
98,1.0,1.0,2.848,1.0,10.0,12,156.9623114120321,265.9135776509436,pobre,0,0,500.0,775.0,1.0,63.0,16,423,33202,11,1.0
97,0.0,1.0,2.848,1.0,6.0,12,156.9623114120321,265.9135776509436,pobre,0,0,500.0,775.0,1.0,63.0,11,423,33203,6,1.0
98,0.0,1.0,2.848,1.0,7.0,12,156.9623114120321,265.9135776509436,pobre,0,0,500.0,775.0,1.0,63.0,12,423,33203,6,1.0
97,1.0,1.0,2.848,1.0,0.0,12,156.9623114120321,265.9135776509436,pobre,0,0,500.0,775.0,1.0,63.0,6,423,33204,0,1.0
98,1.0,1.0,2.848,,,12,156.9623114120321,265.9135776509436,pobre,0,0,500.0,775.0,1.0,63.0,7,423,33204,0,1.0
97,0.0,1.0,2.848,0.0,6.0,10,156.9623114120321,265.9135776509436,pobre,0,2,500.0,723.70697,1.0,56.0,16,423,33205,6,0.0
98,0.0,1.0,2.848,,,10,156.9623114120321,265.9135776509436,pobre,0,2,500.0,723.70697,1.0,56.0,17,423,33205,6,0.0
97,0.0,1.0,2.848,0.0,6.0,10,156.9623114120321,265.9135776509436,pobre,0,2,500.0,723.70697,1.0,56.0,13,423,33206,6,0.0
98,0.0,1.0,2.848,0.0,6.0,10,156.9623114120321,265.9135776509436,pobre,0,2,500.0,723.70697,1.0,56.0,14,423,33206,6,0.0
97,1.0,1.0,2.848,1.0,2.0,10,156.9623114120321,265.9135776509436,pobre,0,2,500.0,723.70697,1.0,56.0,11,423,33207,2,1.0
98,1.0,1.0,2.848,1.0,3.0,10,156.9623114120321,265.9135776509436,pobre,0,2,500.0,723.70697,1.0,56.0,12,423,33207,2,1.0
97,0.0,1.0,2.848,1.0,3.0,10,156.9623114120321,265.9135776509436,pobre,0,2,500.0,723.70697,1.0,56.0,9,423,33208,3,1.0
98,0.0,1.0,2.848,1.0,4.0,10,156.9623114120321,265.9135776509436,pobre,0,2,500.0,723.70697,1.0,56.0,10,423,33208,3,1.0
97,1.0,1.0,2.848,,0.0,10,156.9623114120321,265.9135776509436,pobre,0,2,500.0,723.70697,1.0,56.0,6,423,33209,0,
98,1.0,1.0,2.848,1.0,1.0,10,156.9623114120321,265.9135776509436,pobre,0,2,500.0,723.70697,1.0,56.0,7,423,33209,0,
97,1.0,1.0,2.848,1.0,10.0,8,156.9623114120321,265.9135776509436,pobre,0,3,651.78571,808.0,1.0,59.0,15,423,33210,10,1.0
98,1.0,1.0,2.848,1.0,7.0,8,156.9623114120321,265.9135776509436,pobre,0,3,651.78571,808.0,1.0,59.0,16,423,33210,10,1.0
97,0.0,1.0,2.848,1.0,5.0,8,156.9623114120321,265.9135776509436,pobre,0,3,651.78571,808.0,1.0,59.0,13,423,33211,5,1.0
98,0.0,1.0,2.848,1.0,6.0,8,156.9623114120321,265.9135776509436,pobre,0,3,651.78571,808.0,1.0,59.0,14,423,33211,5,1.0
97,0.0,1.0,2.848,0.0,9.0,7,156.9623114120321,265.9135776509436,pobre,0,4,500.0,605.0,1.0,44.0,16,423,33212,9,0.0
98,0.0,1.0,2.848,,,7,156.9623114120321,265.9135776509436,pobre,0,4,500.0,605.0,1.0,44.0,17,423,33212,9,0.0
97,1.0,1.0,2.848,1.0,7.0,7,156.9623114120321,265.9135776509436,pobre,0,4,500.0,605.0,1.0,44.0,14,423,33213,7,1.0
98,1.0,1.0,2.848,1.0,8.0,7,156.9623114120321,265.9135776509436,pobre,0,4,500.0,605.0,1.0,44.0,15,423,33213,7,1.0
97,1.0,1.0,2.848,1.0,3.0,7,156.9623114120321,265.9135776509436,pobre,0,4,500.0,605.0,1.0,44.0,9,423,33214,3,1.0
98,1.0,1.0,2.848,1.0,4.0,7,156.9623114120321,265.9135776509436,pobre,0,4,500.0,605.0,1.0,44.0,10,423,33214,3,1.0
97,0.0,1.0,2.848,1.0,10.0,4,156.9623114120321,265.9135776509436,pobre,0,3,500.0,769.0,1.0,65.0,16,423,33215,10,1.0
98,0.0,1.0,2.848,,,4,156.9623114120321,265.9135776509436,pobre,0,3,500.0,769.0,1.0,65.0,17,423,33215,10,1.0
97,1.0,1.0,2.848,1.0,5.0,6,156.9623114120321,265.9135776509436,pobre,0,3,500.0,804.0,1.0,52.0,11,423,33216,5,1.0
98,1.0,1.0,2.848,1.0,6.0,6,156.9623114120321,265.9135776509436,pobre,0,3,500.0,804.0,1.0,52.0,12,423,33216,5,1.0
97,1.0,1.0,2.848,1.0,2.0,6,156.9623114120321,265.9135776509436,pobre,0,3,500.0,804.0,1.0,52.0,9,423,33217,2,1.0
98,1.0,1.0,2.848,1.0,3.0,6,156.9623114120321,265.9135776509436,pobre,0,3,500.0,804.0,1.0,52.0,10,423,33217,2,1.0
97,1.0,1.0,2.848,1.0,9.0,8,156.9623114120321,265.9135776509436,pobre,0,2,500.0,624.0,1.0,43.0,16,423,33218,9,1.0
98,1.0,1.0,2.848,1.0,9.0,8,156.9623114120321,265.9135776509436,pobre,0,2,500.0,624.0,1.0,43.0,17,423,33218,9,1.0
97,1.0,1.0,2.848,1.0,5.0,8,156.9623114120321,265.9135776509436,pobre,0,2,500.0,624.0,1.0,43.0,14,423,33219,5,1.0
98,1.0,1.0,2.848,1.0,6.0,8,156.9623114120321,265.9135776509436,pobre,0,2,500.0,624.0,1.0,43.0,15,423,33219,5,1.0
97,1.0,1.0,2.848,1.0,1.0,8,156.9623114120321,265.9135776509436,pobre,0,2,500.0,624.0,1.0,43.0,7,423,33220,1,1.0
98,1.0,1.0,2.848,1.0,2.0,8,156.9623114120321,265.9135776509436,pobre,0,2,500.0,624.0,1.0,43.0,8,423,33220,1,1.0
97,1.0,1.0,4.4390001,1.0,6.0,5,141.0977350861535,286.0098668459468,pobre,basal,4,500.0,783.5,1.0,44.0,15,437,33221,6,1.0
98,1.0,1.0,4.4390001,1.0,7.0,5,141.0977350861535,286.0098668459468,pobre,basal,4,500.0,783.5,1.0,44.0,16,437,33221,6,1.0
97,0.0,1.0,4.4390001,1.0,4.0,5,141.0977350861535,286.0098668459468,pobre,basal,4,500.0,783.5,1.0,44.0,10,437,33222,4,1.0
98,0.0,1.0,4.4390001,1.0,5.0,5,141.0977350861535,286.0098668459468,pobre,basal,4,500.0,783.5,1.0,44.0,11,437,33222,4,1.0
97,1.0,1.0,2.119,1.0,2.0,5,153.0118503700081,287.475370239123,pobre,basal,0,500.0,663.0,1.0,42.0,8,422,33223,2,1.0
98,1.0,1.0,2.119,1.0,3.0,5,153.0118503700081,287.475370239123,pobre,basal,0,500.0,663.0,1.0,42.0,9,422,33223,2,1.0
97,0.0,1.0,2.119,1.0,4.0,5,153.0118503700081,287.475370239123,pobre,basal,6,500.0,659.0,1.0,40.0,15,422,33224,4,1.0
98,0.0,1.0,2.119,1.0,5.0,5,153.0118503700081,287.475370239123,pobre,basal,6,500.0,659.0,1.0,40.0,16,422,33224,4,1.0
97,1.0,1.0,2.119,1.0,5.0,5,153.0118503700081,287.475370239123,pobre,basal,6,500.0,659.0,1.0,40.0,13,422,33225,5,1.0
98,1.0,1.0,2.119,1.0,6.0,5,153.0118503700081,287.475370239123,pobre,basal,6,500.0,659.0,1.0,40.0,14,422,33225,5,1.0
97,0.0,1.0,2.119,1.0,3.0,5,153.0118503700081,287.475370239123,pobre,basal,6,500.0,659.0,1.0,40.0,10,422,33226,3,1.0
98,0.0,1.0,2.119,1.0,3.0,5,153.0118503700081,287.475370239123,pobre,basal,6,500.0,659.0,1.0,40.0,11,422,33226,3,1.0
97,0.0,1.0,2.119,1.0,7.0,8,153.0118503700081,287.475370239123,pobre,basal,6,500.0,590.0,1.0,37.0,15,422,33227,7,1.0
98,0.0,1.0,2.119,1.0,8.0,8,153.0118503700081,287.475370239123,pobre,basal,6,500.0,590.0,1.0,37.0,16,422,33227,7,1.0
97,1.0,1.0,2.119,1.0,5.0,8,153.0118503700081,287.475370239123,pobre,basal,6,500.0,590.0,1.0,37.0,10,422,33228,5,1.0
98,1.0,1.0,2.119,1.0,6.0,8,153.0118503700081,287.475370239123,pobre,basal,6,500.0,590.0,1.0,37.0,11,422,33228,5,1.0
97,1.0,1.0,2.119,1.0,2.0,8,153.0118503700081,287.475370239123,pobre,basal,6,500.0,590.0,1.0,37.0,9,422,33229,2,1.0
98,1.0,1.0,2.119,1.0,3.0,8,153.0118503700081,287.475370239123,pobre,basal,6,500.0,590.0,1.0,37.0,10,422,33229,2,1.0
97,1.0,1.0,2.119,1.0,8.0,7,153.0118503700081,287.475370239123,pobre,basal,6,500.0,638.0,1.0,49.0,16,422,33230,8,1.0
98,1.0,1.0,2.119,1.0,9.0,7,153.0118503700081,287.475370239123,pobre,basal,6,500.0,638.0,1.0,49.0,17,422,33230,8,1.0
97,1.0,1.0,2.119,1.0,6.0,7,153.0118503700081,287.475370239123,pobre,basal,6,500.0,638.0,1.0,49.0,13,422,33231,6,1.0
98,1.0,1.0,2.119,1.0,7.0,7,153.0118503700081,287.475370239123,pobre,basal,6,500.0,638.0,1.0,49.0,14,422,33231,6,1.0
97,1.0,1.0,2.119,1.0,3.0,7,153.0118503700081,287.475370239123,pobre,basal,6,500.0,638.0,1.0,49.0,11,422,33232,3,1.0
98,1.0,1.0,2.119,1.0,4.0,7,153.0118503700081,287.475370239123,pobre,basal,6,500.0,638.0,1.0,49.0,12,422,33232,3,1.0
97,0.0,1.0,2.119,1.0,1.0,7,153.0118503700081,287.475370239123,pobre,basal,6,500.0,638.0,1.0,49.0,8,422,33233,1,1.0
98,0.0,1.0,2.119,1.0,2.0,7,153.0118503700081,287.475370239123,pobre,basal,6,500.0,638.0,1.0,49.0,9,422,33233,1,1.0
97,0.0,0.0,1.874,0.0,9.0,5,130.0060766480666,284.6292048200044,no pobre,0,3,1000.0,868.0,1.0,41.0,14,449,33234,9,0.0
98,0.0,0.0,1.874,1.0,6.0,5,130.0060766480666,284.6292048200044,no pobre,0,3,1000.0,868.0,1.0,41.0,15,449,33234,9,0.0
97,1.0,0.0,1.874,1.0,2.0,5,130.0060766480666,284.6292048200044,no pobre,0,3,1000.0,868.0,1.0,41.0,8,449,33235,2,1.0
98,1.0,0.0,1.874,1.0,3.0,5,130.0060766480666,284.6292048200044,no pobre,0,3,1000.0,868.0,1.0,41.0,9,449,33235,2,1.0
97,1.0,0.0,1.874,,0.0,5,130.0060766480666,284.6292048200044,no pobre,0,3,1000.0,868.0,1.0,41.0,13,449,33236,0,
98,1.0,0.0,1.874,1.0,5.0,5,130.0060766480666,284.6292048200044,no pobre,0,3,1000.0,868.0,1.0,41.0,14,449,33236,0,
97,1.0,0.0,1.874,1.0,0.0,8,130.0060766480666,284.6292048200044,pobre,0,0,375.0,839.0,1.0,49.0,7,449,33237,0,1.0
98,1.0,0.0,1.874,1.0,1.0,8,130.0060766480666,284.6292048200044,pobre,0,0,375.0,839.0,1.0,49.0,8,449,33237,0,1.0
97,1.0,0.0,1.874,1.0,6.0,7,130.0060766480666,284.6292048200044,pobre,0,2,500.0,614.5,1.0,33.0,13,449,33238,6,1.0
98,1.0,0.0,1.874,1.0,7.0,7,130.0060766480666,284.6292048200044,pobre,0,2,500.0,614.5,1.0,33.0,14,449,33238,6,1.0
97,0.0,0.0,1.874,1.0,3.0,7,130.0060766480666,284.6292048200044,pobre,0,2,500.0,614.5,1.0,33.0,12,449,33239,3,1.0
98,0.0,0.0,1.874,1.0,4.0,7,130.0060766480666,284.6292048200044,pobre,0,2,500.0,614.5,1.0,33.0,13,449,33239,3,1.0
97,1.0,0.0,1.874,1.0,2.0,7,130.0060766480666,284.6292048200044,pobre,0,2,500.0,614.5,1.0,33.0,10,449,33240,2,1.0
98,1.0,0.0,1.874,1.0,3.0,7,130.0060766480666,284.6292048200044,pobre,0,2,500.0,614.5,1.0,33.0,11,449,33240,2,1.0
97,0.0,0.0,1.874,1.0,0.0,7,130.0060766480666,284.6292048200044,pobre,0,2,500.0,614.5,1.0,33.0,6,449,33241,0,1.0
98,0.0,0.0,1.874,1.0,1.0,7,130.0060766480666,284.6292048200044,pobre,0,2,500.0,614.5,1.0,33.0,7,449,33241,0,1.0
97,1.0,0.0,3.319,1.0,6.0,7,151.6755249492749,289.9828830190902,pobre,basal,2,500.0,653.0,1.0,43.0,13,448,33242,6,1.0
98,1.0,0.0,3.319,1.0,7.0,7,151.6755249492749,289.9828830190902,pobre,basal,2,500.0,653.0,1.0,43.0,14,448,33242,6,1.0
97,1.0,0.0,3.319,1.0,1.0,7,151.6755249492749,289.9828830190902,pobre,basal,2,500.0,653.0,1.0,43.0,8,448,33243,1,1.0
98,1.0,0.0,3.319,1.0,1.0,7,151.6755249492749,289.9828830190902,pobre,basal,2,500.0,653.0,1.0,43.0,9,448,33243,1,1.0
97,1.0,0.0,3.319,1.0,0.0,7,151.6755249492749,289.9828830190902,pobre,basal,2,500.0,653.0,1.0,43.0,6,448,33244,0,1.0
98,1.0,0.0,3.319,1.0,1.0,7,151.6755249492749,289.9828830190902,pobre,basal,2,500.0,653.0,1.0,43.0,7,448,33244,0,1.0
97,0.0,1.0,2.6989999,1.0,4.0,3,158.6534742411145,288.193981596407,pobre,basal,2,500.0,794.5,1.0,45.0,10,406,33245,4,1.0
98,0.0,1.0,2.6989999,1.0,5.0,3,158.6534742411145,288.193981596407,pobre,basal,2,500.0,794.5,1.0,45.0,11,406,33245,4,1.0
97,0.0,1.0,2.6989999,1.0,6.0,7,158.6534742411145,288.193981596407,pobre,basal,4,500.0,771.0,1.0,63.0,15,406,33246,6,1.0
98,0.0,1.0,2.6989999,1.0,8.0,7,158.6534742411145,288.193981596407,pobre,basal,4,500.0,771.0,1.0,63.0,16,406,33246,6,1.0
97,1.0,1.0,2.6989999,1.0,3.0,7,158.6534742411145,288.193981596407,pobre,basal,4,500.0,771.0,1.0,63.0,12,406,33247,3,1.0
98,1.0,1.0,2.6989999,1.0,4.0,7,158.6534742411145,288.193981596407,pobre,basal,4,500.0,771.0,1.0,63.0,13,406,33247,3,1.0
97,0.0,1.0,2.6989999,1.0,0.0,7,158.6534742411145,288.193981596407,pobre,basal,4,500.0,771.0,1.0,63.0,6,406,33248,0,1.0
98,0.0,1.0,2.6989999,1.0,1.0,7,158.6534742411145,288.193981596407,pobre,basal,4,500.0,771.0,1.0,63.0,7,406,33248,0,1.0
97,0.0,1.0,2.6989999,1.0,8.0,5,158.6534742411145,288.193981596407,pobre,basal,0,500.0,787.0,1.0,65.0,14,406,33249,8,1.0
98,0.0,1.0,2.6989999,,,5,158.6534742411145,288.193981596407,pobre,basal,0,500.0,787.0,1.0,65.0,15,406,33249,8,1.0
97,1.0,1.0,2.6989999,1.0,2.0,5,158.6534742411145,288.193981596407,pobre,basal,0,500.0,787.0,1.0,65.0,9,406,33250,2,1.0
98,1.0,1.0,2.6989999,1.0,4.0,5,158.6534742411145,288.193981596407,pobre,basal,0,500.0,787.0,1.0,65.0,10,406,33250,2,1.0
97,1.0,1.0,2.6989999,1.0,2.0,5,158.6534742411145,288.193981596407,pobre,basal,0,500.0,745.83099,1.0,48.0,13,406,33251,2,1.0
98,1.0,1.0,2.6989999,1.0,5.0,5,158.6534742411145,288.193981596407,pobre,basal,0,500.0,745.83099,1.0,48.0,14,406,33251,2,1.0
97,1.0,1.0,2.6989999,1.0,3.0,5,158.6534742411145,288.193981596407,pobre,basal,0,500.0,745.83099,1.0,48.0,7,406,33252,3,1.0
98,1.0,1.0,2.6989999,1.0,4.0,5,158.6534742411145,288.193981596407,pobre,basal,0,500.0,745.83099,1.0,48.0,8,406,33252,3,1.0
97,0.0,1.0,2.6989999,1.0,5.0,7,158.6534742411145,288.193981596407,pobre,basal,4,500.0,789.5,1.0,55.0,14,406,33253,5,1.0
98,0.0,1.0,2.6989999,1.0,6.0,7,158.6534742411145,288.193981596407,pobre,basal,4,500.0,789.5,1.0,55.0,15,406,33253,5,1.0
97,0.0,0.0,2.6989999,1.0,1.0,5,158.6534742411145,288.193981596407,pobre,basal,5,500.0,639.0,1.0,31.0,7,406,33254,1,1.0
98,0.0,0.0,2.6989999,1.0,2.0,5,158.6534742411145,288.193981596407,pobre,basal,5,500.0,639.0,1.0,31.0,8,406,33254,1,1.0
97,0.0,1.0,0.0,1.0,6.0,11,156.0063538077824,276.0084339545272,pobre,0,6,375.0,876.25,1.0,62.0,15,465,33255,6,1.0
98,0.0,1.0,0.0,1.0,7.0,11,156.0063538077824,276.0084339545272,pobre,0,6,375.0,876.25,1.0,62.0,16,465,33255,6,1.0
97,1.0,1.0,0.0,1.0,3.0,11,156.0063538077824,276.0084339545272,pobre,0,6,375.0,876.25,1.0,62.0,10,465,33256,3,1.0
98,1.0,1.0,0.0,1.0,4.0,11,156.0063538077824,276.0084339545272,pobre,0,6,375.0,876.25,1.0,62.0,11,465,33256,3,1.0
97,0.0,1.0,0.0,1.0,0.0,11,156.0063538077824,276.0084339545272,pobre,0,6,375.0,876.25,1.0,62.0,6,465,33257,0,1.0
98,0.0,1.0,0.0,1.0,1.0,11,156.0063538077824,276.0084339545272,pobre,0,6,375.0,876.25,1.0,62.0,7,465,33257,0,1.0
97,1.0,1.0,0.0,0.0,6.0,12,156.0063538077824,276.0084339545272,pobre,0,4,375.0,412.0,1.0,47.0,15,465,33258,6,0.0
98,1.0,1.0,0.0,1.0,6.0,12,156.0063538077824,276.0084339545272,pobre,0,4,375.0,412.0,1.0,47.0,16,465,33258,6,0.0
97,1.0,1.0,0.0,1.0,3.0,12,156.0063538077824,276.0084339545272,pobre,0,4,375.0,412.0,1.0,47.0,13,465,33259,3,1.0
98,1.0,1.0,0.0,1.0,4.0,12,156.0063538077824,276.0084339545272,pobre,0,4,375.0,412.0,1.0,47.0,14,465,33259,3,1.0
97,1.0,1.0,0.0,1.0,3.0,12,156.0063538077824,276.0084339545272,pobre,0,4,375.0,412.0,1.0,47.0,10,465,33260,3,1.0
98,1.0,1.0,0.0,1.0,4.0,12,156.0063538077824,276.0084339545272,pobre,0,4,375.0,412.0,1.0,47.0,11,465,33260,3,1.0
97,1.0,1.0,0.0,1.0,0.0,12,156.0063538077824,276.0084339545272,pobre,0,4,375.0,412.0,1.0,47.0,7,465,33261,0,1.0
98,1.0,1.0,0.0,1.0,1.0,12,156.0063538077824,276.0084339545272,pobre,0,4,375.0,412.0,1.0,47.0,8,465,33261,0,1.0
97,0.0,0.0,0.0,1.0,6.0,7,156.0063538077824,276.0084339545272,pobre,0,0,400.0,606.0,1.0,40.0,14,465,33262,6,1.0
98,0.0,0.0,0.0,1.0,7.0,7,156.0063538077824,276.0084339545272,pobre,0,0,400.0,606.0,1.0,40.0,15,465,33262,6,1.0
97,1.0,0.0,0.0,1.0,4.0,7,156.0063538077824,276.0084339545272,pobre,0,0,400.0,606.0,1.0,40.0,10,465,33263,4,1.0
98,1.0,0.0,0.0,1.0,5.0,7,156.0063538077824,276.0084339545272,pobre,0,0,400.0,606.0,1.0,40.0,11,465,33263,4,1.0
97,1.0,0.0,0.0,1.0,0.0,7,156.0063538077824,276.0084339545272,pobre,0,0,400.0,606.0,1.0,40.0,7,465,33264,0,1.0
98,1.0,0.0,0.0,1.0,1.0,7,156.0063538077824,276.0084339545272,pobre,0,0,400.0,606.0,1.0,40.0,8,465,33264,0,1.0
97,0.0,1.0,0.0,1.0,8.0,5,156.0063538077824,276.0084339545272,pobre,0,4,375.0,821.5,1.0,52.0,15,465,33265,8,1.0
98,0.0,1.0,0.0,1.0,9.0,5,156.0063538077824,276.0084339545272,pobre,0,4,375.0,821.5,1.0,52.0,16,465,33265,8,1.0
97,1.0,1.0,0.0,1.0,7.0,2,156.0063538077824,276.0084339545272,pobre,0,3,375.0,671.0,0.0,52.0,15,465,33266,7,1.0
98,1.0,1.0,0.0,1.0,5.0,2,156.0063538077824,276.0084339545272,pobre,0,3,375.0,671.0,0.0,52.0,16,465,33266,7,1.0
97,1.0,1.0,0.0,1.0,0.0,4,156.0063538077824,276.0084339545272,pobre,0,0,375.0,742.0,1.0,72.0,7,465,33267,0,1.0
98,1.0,1.0,0.0,1.0,1.0,4,156.0063538077824,276.0084339545272,pobre,0,0,375.0,742.0,1.0,72.0,8,465,33267,0,1.0
97,1.0,1.0,0.0,1.0,7.0,4,156.0063538077824,276.0084339545272,pobre,0,0,375.0,825.0,1.0,59.0,16,465,33268,7,1.0
98,1.0,1.0,0.0,,,4,156.0063538077824,276.0084339545272,pobre,0,0,375.0,825.0,1.0,59.0,17,465,33268,7,1.0
97,1.0,0.0,3.319,1.0,7.0,9,151.6755249492749,289.9828830190902,pobre,basal,2,500.0,667.0,1.0,43.0,14,448,33269,7,1.0
98,1.0,0.0,3.319,1.0,8.0,9,151.6755249492749,289.9828830190902,pobre,basal,2,500.0,667.0,1.0,43.0,15,448,33269,7,1.0
97,1.0,0.0,3.319,1.0,5.0,9,151.6755249492749,289.9828830190902,pobre,basal,2,500.0,667.0,1.0,43.0,11,448,33270,5,1.0
98,1.0,0.0,3.319,1.0,6.0,9,151.6755249492749,289.9828830190902,pobre,basal,2,500.0,667.0,1.0,43.0,12,448,33270,5,1.0
97,0.0,0.0,3.319,1.0,0.0,9,151.6755249492749,289.9828830190902,pobre,basal,2,500.0,667.0,1.0,43.0,6,448,33271,0,1.0
98,0.0,0.0,3.319,1.0,1.0,9,151.6755249492749,289.9828830190902,pobre,basal,2,500.0,667.0,1.0,43.0,7,448,33271,0,1.0
97,0.0,0.0,3.319,1.0,0.0,9,151.6755249492749,289.9828830190902,pobre,basal,2,500.0,667.0,1.0,43.0,6,448,33272,0,1.0
98,0.0,0.0,3.319,1.0,1.0,9,151.6755249492749,289.9828830190902,pobre,basal,2,500.0,667.0,1.0,43.0,7,448,33272,0,1.0
97,0.0,0.0,3.319,1.0,0.0,7,151.6755249492749,289.9828830190902,pobre,basal,6,720.0,618.0,1.0,27.0,6,448,33273,0,1.0
98,0.0,0.0,3.319,1.0,0.0,7,151.6755249492749,289.9828830190902,pobre,basal,6,720.0,618.0,1.0,27.0,7,448,33273,0,1.0
97,1.0,1.0,2.6989999,1.0,0.0,4,158.6534742411145,288.193981596407,pobre,basal,4,500.0,736.0,1.0,41.0,6,406,33274,0,1.0
98,1.0,1.0,2.6989999,1.0,1.0,4,158.6534742411145,288.193981596407,pobre,basal,4,500.0,736.0,1.0,41.0,7,406,33274,0,1.0
97,1.0,1.0,2.6989999,1.0,6.0,9,158.6534742411145,288.193981596407,pobre,basal,9,3000.0,978.0,1.0,54.0,12,406,33275,6,1.0
98,1.0,1.0,2.6989999,1.0,6.0,9,158.6534742411145,288.193981596407,pobre,basal,9,3000.0,978.0,1.0,54.0,13,406,33275,6,1.0
97,0.0,1.0,2.6989999,1.0,1.0,9,158.6534742411145,288.193981596407,pobre,basal,9,3000.0,978.0,1.0,54.0,7,406,33276,1,1.0
98,0.0,1.0,2.6989999,1.0,2.0,9,158.6534742411145,288.193981596407,pobre,basal,9,3000.0,978.0,1.0,54.0,8,406,33276,1,1.0
97,0.0,1.0,2.6989999,1.0,7.0,9,158.6534742411145,288.193981596407,pobre,basal,9,3000.0,978.0,1.0,54.0,14,406,33277,7,1.0
98,0.0,1.0,2.6989999,1.0,8.0,9,158.6534742411145,288.193981596407,pobre,basal,9,3000.0,978.0,1.0,54.0,15,406,33277,7,1.0
97,0.0,1.0,2.6989999,0.0,6.0,7,158.6534742411145,288.193981596407,pobre,basal,4,500.0,814.0,1.0,45.0,15,406,33278,6,0.0
98,0.0,1.0,2.6989999,,,7,158.6534742411145,288.193981596407,pobre,basal,4,500.0,814.0,1.0,45.0,16,406,33278,6,0.0
97,1.0,1.0,2.6989999,1.0,3.0,7,158.6534742411145,288.193981596407,pobre,basal,4,500.0,814.0,1.0,45.0,11,406,33279,3,1.0
98,1.0,1.0,2.6989999,,,7,158.6534742411145,288.193981596407,pobre,basal,4,500.0,814.0,1.0,45.0,12,406,33279,3,1.0
97,1.0,1.0,0.0,1.0,6.0,9,156.0063538077824,276.0084339545272,pobre,0,2,375.0,848.75,1.0,49.0,15,465,33280,6,1.0
98,1.0,1.0,0.0,1.0,6.0,9,156.0063538077824,276.0084339545272,pobre,0,2,375.0,848.75,1.0,49.0,16,465,33280,6,1.0
97,0.0,1.0,0.0,1.0,9.0,22,156.0063538077824,276.0084339545272,pobre,0,2,375.0,806.5,1.0,67.0,16,465,33281,9,1.0
98,0.0,1.0,0.0,,,22,156.0063538077824,276.0084339545272,pobre,0,2,375.0,806.5,1.0,67.0,17,465,33281,9,1.0
97,0.0,1.0,0.0,1.0,6.0,22,156.0063538077824,276.0084339545272,pobre,0,2,375.0,806.5,1.0,67.0,14,465,33282,6,1.0
98,0.0,1.0,0.0,1.0,7.0,22,156.0063538077824,276.0084339545272,pobre,0,2,375.0,806.5,1.0,67.0,15,465,33282,6,1.0
97,0.0,1.0,0.0,1.0,5.0,22,156.0063538077824,276.0084339545272,pobre,0,2,375.0,806.5,1.0,67.0,12,465,33283,5,1.0
98,0.0,1.0,0.0,1.0,6.0,22,156.0063538077824,276.0084339545272,pobre,0,2,375.0,806.5,1.0,67.0,13,465,33283,5,1.0
97,0.0,1.0,0.0,1.0,3.0,22,156.0063538077824,276.0084339545272,pobre,0,2,375.0,806.5,1.0,67.0,9,465,33284,3,1.0
98,0.0,1.0,0.0,1.0,4.0,22,156.0063538077824,276.0084339545272,pobre,0,2,375.0,806.5,1.0,67.0,10,465,33284,3,1.0
97,0.0,1.0,0.0,1.0,6.0,22,156.0063538077824,276.0084339545272,pobre,0,2,375.0,806.5,1.0,67.0,13,465,33285,6,1.0
98,0.0,1.0,0.0,1.0,7.0,22,156.0063538077824,276.0084339545272,pobre,0,2,375.0,806.5,1.0,67.0,14,465,33285,6,1.0
97,1.0,1.0,0.0,1.0,1.0,22,156.0063538077824,276.0084339545272,pobre,0,2,375.0,806.5,1.0,67.0,8,465,33286,1,1.0
98,1.0,1.0,0.0,1.0,2.0,22,156.0063538077824,276.0084339545272,pobre,0,2,375.0,806.5,1.0,67.0,9,465,33286,1,1.0
97,0.0,1.0,0.0,1.0,0.0,22,156.0063538077824,276.0084339545272,pobre,0,2,375.0,806.5,1.0,67.0,6,465,33287,0,1.0
98,0.0,1.0,0.0,1.0,1.0,22,156.0063538077824,276.0084339545272,pobre,0,2,375.0,806.5,1.0,67.0,7,465,33287,0,1.0
97,1.0,1.0,0.0,1.0,0.0,22,156.0063538077824,276.0084339545272,pobre,0,2,375.0,806.5,1.0,67.0,7,465,33288,0,1.0
98,1.0,1.0,0.0,1.0,1.0,22,156.0063538077824,276.0084339545272,pobre,0,2,375.0,806.5,1.0,67.0,8,465,33288,0,1.0
97,0.0,1.0,0.0,1.0,8.0,9,156.0063538077824,276.0084339545272,pobre,0,6,1600.0,560.0,1.0,31.0,16,465,33289,8,1.0
98,0.0,1.0,0.0,0.0,9.0,9,156.0063538077824,276.0084339545272,pobre,0,6,1600.0,560.0,1.0,31.0,17,465,33289,8,1.0
97,1.0,1.0,0.0,,0.0,9,156.0063538077824,276.0084339545272,pobre,0,6,1600.0,560.0,1.0,31.0,13,465,33290,0,
98,1.0,1.0,0.0,1.0,5.0,9,156.0063538077824,276.0084339545272,pobre,0,6,1600.0,560.0,1.0,31.0,14,465,33290,0,
97,1.0,1.0,0.0,,0.0,9,156.0063538077824,276.0084339545272,pobre,0,6,1600.0,560.0,1.0,31.0,10,465,33291,0,
98,1.0,1.0,0.0,1.0,4.0,9,156.0063538077824,276.0084339545272,pobre,0,6,1600.0,560.0,1.0,31.0,11,465,33291,0,
97,0.0,1.0,0.0,,0.0,9,156.0063538077824,276.0084339545272,pobre,0,6,1600.0,560.0,1.0,31.0,7,465,33292,0,
98,0.0,1.0,0.0,1.0,1.0,9,156.0063538077824,276.0084339545272,pobre,0,6,1600.0,560.0,1.0,31.0,8,465,33292,0,
97,1.0,1.0,0.0,0.0,6.0,10,156.0063538077824,276.0084339545272,pobre,0,4,375.0,557.03998,1.0,46.0,16,465,33293,6,0.0
98,1.0,1.0,0.0,,,10,156.0063538077824,276.0084339545272,pobre,0,4,375.0,557.03998,1.0,46.0,17,465,33293,6,0.0
97,1.0,1.0,0.0,1.0,4.0,10,156.0063538077824,276.0084339545272,pobre,0,4,375.0,557.03998,1.0,46.0,14,465,33294,4,1.0
98,1.0,1.0,0.0,1.0,5.0,10,156.0063538077824,276.0084339545272,pobre,0,4,375.0,557.03998,1.0,46.0,15,465,33294,4,1.0
97,1.0,1.0,0.0,1.0,2.0,10,156.0063538077824,276.0084339545272,pobre,0,4,375.0,557.03998,1.0,46.0,11,465,33295,2,1.0
98,1.0,1.0,0.0,1.0,3.0,10,156.0063538077824,276.0084339545272,pobre,0,4,375.0,557.03998,1.0,46.0,12,465,33295,2,1.0
97,0.0,1.0,0.0,1.0,1.0,10,156.0063538077824,276.0084339545272,pobre,0,4,375.0,557.03998,1.0,46.0,9,465,33296,1,1.0
98,0.0,1.0,0.0,1.0,2.0,10,156.0063538077824,276.0084339545272,pobre,0,4,375.0,557.03998,1.0,46.0,10,465,33296,1,1.0
97,1.0,1.0,0.0,1.0,0.0,10,156.0063538077824,276.0084339545272,pobre,0,4,375.0,557.03998,1.0,46.0,6,465,33297,0,1.0
98,1.0,1.0,0.0,1.0,1.0,10,156.0063538077824,276.0084339545272,pobre,0,4,375.0,557.03998,1.0,46.0,7,465,33297,0,1.0
97,1.0,1.0,0.0,1.0,2.0,8,156.0063538077824,276.0084339545272,pobre,0,2,375.0,441.0,1.0,36.0,12,465,33298,2,1.0
98,1.0,1.0,0.0,1.0,3.0,8,156.0063538077824,276.0084339545272,pobre,0,2,375.0,441.0,1.0,36.0,13,465,33298,2,1.0
97,0.0,1.0,0.0,1.0,1.0,8,156.0063538077824,276.0084339545272,pobre,0,2,375.0,441.0,1.0,36.0,10,465,33299,1,1.0
98,0.0,1.0,0.0,1.0,2.0,8,156.0063538077824,276.0084339545272,pobre,0,2,375.0,441.0,1.0,36.0,11,465,33299,1,1.0
97,1.0,1.0,0.0,,0.0,8,156.0063538077824,276.0084339545272,pobre,0,2,375.0,441.0,1.0,36.0,6,465,33300,0,
98,1.0,1.0,0.0,1.0,0.0,8,156.0063538077824,276.0084339545272,pobre,0,2,375.0,441.0,1.0,36.0,7,465,33300,0,
97,0.0,1.0,0.0,0.0,6.0,6,156.0063538077824,276.0084339545272,pobre,0,6,375.0,519.0,1.0,38.0,16,465,33301,6,0.0
98,0.0,1.0,0.0,,,6,156.0063538077824,276.0084339545272,pobre,0,6,375.0,519.0,1.0,38.0,17,465,33301,6,0.0
97,0.0,1.0,0.0,1.0,3.0,6,156.0063538077824,276.0084339545272,pobre,0,6,375.0,519.0,1.0,38.0,13,465,33302,3,1.0
98,0.0,1.0,0.0,1.0,4.0,6,156.0063538077824,276.0084339545272,pobre,0,6,375.0,519.0,1.0,38.0,14,465,33302,3,1.0
97,1.0,1.0,0.0,1.0,0.0,6,156.0063538077824,276.0084339545272,pobre,0,6,375.0,519.0,1.0,38.0,9,465,33303,0,1.0
98,1.0,1.0,0.0,1.0,2.0,6,156.0063538077824,276.0084339545272,pobre,0,6,375.0,519.0,1.0,38.0,10,465,33303,0,1.0
97,0.0,1.0,0.0,1.0,0.0,4,156.0063538077824,276.0084339545272,pobre,0,0,375.0,689.0,1.0,35.0,7,465,33304,0,1.0
98,0.0,1.0,0.0,1.0,1.0,4,156.0063538077824,276.0084339545272,pobre,0,0,375.0,689.0,1.0,35.0,8,465,33304,0,1.0
97,1.0,0.0,1.874,0.0,9.0,10,130.0060766480666,284.6292048200044,pobre,0,3,375.0,789.0,1.0,46.0,15,449,33305,9,0.0
98,1.0,0.0,1.874,0.0,9.0,10,130.0060766480666,284.6292048200044,pobre,0,3,375.0,789.0,1.0,46.0,16,449,33305,9,0.0
97,1.0,0.0,1.874,1.0,2.0,10,130.0060766480666,284.6292048200044,pobre,0,3,375.0,789.0,1.0,46.0,7,449,33306,2,1.0
98,1.0,0.0,1.874,1.0,2.0,10,130.0060766480666,284.6292048200044,pobre,0,3,375.0,789.0,1.0,46.0,8,449,33306,2,1.0
97,1.0,0.0,1.874,1.0,1.0,10,130.0060766480666,284.6292048200044,pobre,0,3,375.0,789.0,1.0,46.0,6,449,33307,1,1.0
98,1.0,0.0,1.874,1.0,1.0,10,130.0060766480666,284.6292048200044,pobre,0,3,375.0,789.0,1.0,46.0,7,449,33307,1,1.0
97,1.0,0.0,1.874,0.0,6.0,7,130.0060766480666,284.6292048200044,pobre,0,4,500.0,832.25,1.0,53.0,16,449,33308,6,0.0
98,1.0,0.0,1.874,,,7,130.0060766480666,284.6292048200044,pobre,0,4,500.0,832.25,1.0,53.0,17,449,33308,6,0.0
97,0.0,0.0,1.874,0.0,6.0,7,130.0060766480666,284.6292048200044,pobre,0,4,500.0,832.25,1.0,53.0,14,449,33309,6,0.0
98,0.0,0.0,1.874,0.0,6.0,7,130.0060766480666,284.6292048200044,pobre,0,4,500.0,832.25,1.0,53.0,15,449,33309,6,0.0
97,1.0,0.0,1.874,1.0,5.0,7,130.0060766480666,284.6292048200044,pobre,0,4,500.0,832.25,1.0,53.0,13,449,33310,5,1.0
98,1.0,0.0,1.874,1.0,6.0,7,130.0060766480666,284.6292048200044,pobre,0,4,500.0,832.25,1.0,53.0,14,449,33310,5,1.0
97,1.0,0.0,1.874,1.0,5.0,7,130.0060766480666,284.6292048200044,pobre,0,4,500.0,832.25,1.0,53.0,10,449,33311,5,1.0
98,1.0,0.0,1.874,1.0,6.0,7,130.0060766480666,284.6292048200044,pobre,0,4,500.0,832.25,1.0,53.0,11,449,33311,5,1.0
97,1.0,0.0,1.874,1.0,2.0,6,130.0060766480666,284.6292048200044,pobre,0,0,500.0,537.0,1.0,45.0,9,449,33312,2,1.0
98,1.0,0.0,1.874,0.0,1.0,6,130.0060766480666,284.6292048200044,pobre,0,0,500.0,537.0,1.0,45.0,10,449,33312,2,1.0
97,1.0,0.0,1.874,1.0,1.0,6,130.0060766480666,284.6292048200044,pobre,0,0,500.0,537.0,1.0,45.0,7,449,33313,1,1.0
98,1.0,0.0,1.874,1.0,1.0,6,130.0060766480666,284.6292048200044,pobre,0,0,500.0,537.0,1.0,45.0,8,449,33313,1,1.0
97,1.0,0.0,1.874,1.0,2.0,5,130.0060766480666,284.6292048200044,pobre,0,0,500.0,679.0,1.0,64.0,8,449,33314,2,1.0
98,1.0,0.0,1.874,1.0,6.0,5,130.0060766480666,284.6292048200044,pobre,0,0,500.0,679.0,1.0,64.0,9,449,33314,2,1.0
97,0.0,0.0,1.874,,0.0,5,130.0060766480666,284.6292048200044,pobre,0,0,500.0,679.0,1.0,64.0,7,449,33315,0,
98,0.0,0.0,1.874,1.0,1.0,5,130.0060766480666,284.6292048200044,pobre,0,0,500.0,679.0,1.0,64.0,8,449,33315,0,
97,1.0,0.0,1.874,1.0,6.0,5,130.0060766480666,284.6292048200044,pobre,0,0,500.0,679.0,1.0,64.0,13,449,33316,6,1.0
98,1.0,0.0,1.874,0.0,1.0,5,130.0060766480666,284.6292048200044,pobre,0,0,500.0,679.0,1.0,64.0,14,449,33316,6,1.0
97,1.0,0.0,1.874,1.0,8.0,7,130.0060766480666,284.6292048200044,pobre,0,0,500.0,611.0,1.0,43.0,13,449,33317,8,1.0
98,1.0,0.0,1.874,1.0,8.0,7,130.0060766480666,284.6292048200044,pobre,0,0,500.0,611.0,1.0,43.0,14,449,33317,8,1.0
97,0.0,0.0,1.874,1.0,3.0,7,130.0060766480666,284.6292048200044,pobre,0,0,500.0,611.0,1.0,43.0,9,449,33318,3,1.0
98,0.0,0.0,1.874,1.0,3.0,7,130.0060766480666,284.6292048200044,pobre,0,0,500.0,611.0,1.0,43.0,10,449,33318,3,1.0
97,0.0,0.0,1.874,0.0,6.0,8,130.0060766480666,284.6292048200044,pobre,0,2,500.0,698.0,1.0,33.0,13,449,33319,6,0.0
98,0.0,0.0,1.874,0.0,6.0,8,130.0060766480666,284.6292048200044,pobre,0,2,500.0,698.0,1.0,33.0,14,449,33319,6,0.0
97,0.0,0.0,1.874,1.0,5.0,8,130.0060766480666,284.6292048200044,pobre,0,2,500.0,698.0,1.0,33.0,11,449,33320,5,1.0
98,0.0,0.0,1.874,1.0,5.0,8,130.0060766480666,284.6292048200044,pobre,0,2,500.0,698.0,1.0,33.0,12,449,33320,5,1.0
97,0.0,0.0,1.874,1.0,4.0,8,130.0060766480666,284.6292048200044,pobre,0,2,500.0,698.0,1.0,33.0,10,449,33321,4,1.0
98,0.0,0.0,1.874,1.0,5.0,8,130.0060766480666,284.6292048200044,pobre,0,2,500.0,698.0,1.0,33.0,11,449,33321,4,1.0
97,1.0,0.0,1.874,1.0,2.0,8,130.0060766480666,284.6292048200044,pobre,0,2,500.0,698.0,1.0,33.0,8,449,33322,2,1.0
98,1.0,0.0,1.874,1.0,2.0,8,130.0060766480666,284.6292048200044,pobre,0,2,500.0,698.0,1.0,33.0,9,449,33322,2,1.0
97,0.0,0.0,1.874,0.0,6.0,6,130.0060766480666,284.6292048200044,pobre,0,2,375.0,831.0,1.0,38.0,14,449,33323,6,0.0
98,0.0,0.0,1.874,1.0,6.0,6,130.0060766480666,284.6292048200044,pobre,0,2,375.0,831.0,1.0,38.0,15,449,33323,6,0.0
97,1.0,0.0,1.874,1.0,6.0,6,130.0060766480666,284.6292048200044,pobre,0,2,375.0,831.0,1.0,38.0,12,449,33324,6,1.0
98,1.0,0.0,1.874,1.0,7.0,6,130.0060766480666,284.6292048200044,pobre,0,2,375.0,831.0,1.0,38.0,13,449,33324,6,1.0
97,0.0,0.0,1.874,1.0,11.0,7,130.0060766480666,284.6292048200044,pobre,0,6,0.0,661.0,0.0,51.0,16,449,33325,11,1.0
98,0.0,0.0,1.874,,,7,130.0060766480666,284.6292048200044,pobre,0,6,0.0,661.0,0.0,51.0,17,449,33325,11,1.0
97,0.0,0.0,1.874,1.0,6.0,7,130.0060766480666,284.6292048200044,pobre,0,6,0.0,661.0,0.0,51.0,11,449,33326,6,1.0
98,0.0,0.0,1.874,1.0,6.0,7,130.0060766480666,284.6292048200044,pobre,0,6,0.0,661.0,0.0,51.0,12,449,33326,6,1.0
97,0.0,0.0,1.874,0.0,6.0,7,130.0060766480666,284.6292048200044,pobre,0,6,0.0,661.0,0.0,51.0,14,449,33327,6,0.0
98,0.0,0.0,1.874,1.0,6.0,7,130.0060766480666,284.6292048200044,pobre,0,6,0.0,661.0,0.0,51.0,15,449,33327,6,0.0
97,0.0,0.0,1.874,1.0,5.0,7,130.0060766480666,284.6292048200044,pobre,0,6,0.0,661.0,0.0,51.0,11,449,33328,5,1.0
98,0.0,0.0,1.874,1.0,5.0,7,130.0060766480666,284.6292048200044,pobre,0,6,0.0,661.0,0.0,51.0,12,449,33328,5,1.0
97,0.0,0.0,1.874,1.0,4.0,7,130.0060766480666,284.6292048200044,pobre,0,6,0.0,661.0,0.0,51.0,11,449,33329,4,1.0
98,0.0,0.0,1.874,1.0,4.0,7,130.0060766480666,284.6292048200044,pobre,0,6,0.0,661.0,0.0,51.0,12,449,33329,4,1.0
97,0.0,0.0,1.874,1.0,3.0,5,130.0060766480666,284.6292048200044,pobre,0,5,375.0,767.0,1.0,31.0,9,449,33330,3,1.0
98,0.0,0.0,1.874,1.0,3.0,5,130.0060766480666,284.6292048200044,pobre,0,5,375.0,767.0,1.0,31.0,10,449,33330,3,1.0
97,1.0,0.0,1.874,,4.0,5,130.0060766480666,284.6292048200044,pobre,0,5,375.0,767.0,1.0,31.0,12,449,33331,4,
98,1.0,0.0,1.874,1.0,5.0,5,130.0060766480666,284.6292048200044,pobre,0,5,375.0,767.0,1.0,31.0,13,449,33331,4,
97,1.0,0.0,1.874,1.0,2.0,5,130.0060766480666,284.6292048200044,pobre,0,5,375.0,767.0,1.0,31.0,8,449,33332,2,1.0
98,1.0,0.0,1.874,1.0,2.0,5,130.0060766480666,284.6292048200044,pobre,0,5,375.0,767.0,1.0,31.0,9,449,33332,2,1.0
97,1.0,0.0,1.874,1.0,2.0,7,130.0060766480666,284.6292048200044,pobre,0,3,500.0,911.5,1.0,49.0,12,449,33333,2,1.0
98,1.0,0.0,1.874,1.0,3.0,7,130.0060766480666,284.6292048200044,pobre,0,3,500.0,911.5,1.0,49.0,13,449,33333,2,1.0
97,0.0,0.0,1.874,1.0,2.0,7,130.0060766480666,284.6292048200044,pobre,0,3,500.0,911.5,1.0,49.0,8,449,33334,2,1.0
98,0.0,0.0,1.874,1.0,2.0,7,130.0060766480666,284.6292048200044,pobre,0,3,500.0,911.5,1.0,49.0,9,449,33334,2,1.0
97,0.0,0.0,1.874,0.0,3.0,4,130.0060766480666,284.6292048200044,pobre,0,6,375.0,761.0,1.0,28.0,8,449,33335,3,0.0
98,0.0,0.0,1.874,1.0,3.0,4,130.0060766480666,284.6292048200044,pobre,0,6,375.0,761.0,1.0,28.0,9,449,33335,3,0.0
97,0.0,0.0,1.874,1.0,6.0,3,130.0060766480666,284.6292048200044,pobre,0,0,0.0,1008.5,1.0,70.0,11,449,33336,6,1.0
98,0.0,0.0,1.874,0.0,6.0,3,130.0060766480666,284.6292048200044,pobre,0,0,0.0,1008.5,1.0,70.0,12,449,33336,6,1.0
97,0.0,0.0,1.874,0.0,6.0,9,130.0060766480666,284.6292048200044,pobre,0,3,375.0,539.5,1.0,37.0,14,449,33337,6,0.0
98,0.0,0.0,1.874,0.0,6.0,9,130.0060766480666,284.6292048200044,pobre,0,3,375.0,539.5,1.0,37.0,15,449,33337,6,0.0
97,1.0,0.0,1.874,0.0,6.0,9,130.0060766480666,284.6292048200044,pobre,0,3,375.0,539.5,1.0,37.0,12,449,33338,6,0.0
98,1.0,0.0,1.874,0.0,6.0,9,130.0060766480666,284.6292048200044,pobre,0,3,375.0,539.5,1.0,37.0,13,449,33338,6,0.0
97,1.0,0.0,1.874,1.0,5.0,9,130.0060766480666,284.6292048200044,pobre,0,3,375.0,539.5,1.0,37.0,10,449,33339,5,1.0
98,1.0,0.0,1.874,0.0,4.0,9,130.0060766480666,284.6292048200044,pobre,0,3,375.0,539.5,1.0,37.0,11,449,33339,5,1.0
97,1.0,0.0,1.874,1.0,1.0,9,130.0060766480666,284.6292048200044,pobre,0,3,375.0,539.5,1.0,37.0,7,449,33340,1,1.0
98,1.0,0.0,1.874,1.0,4.0,9,130.0060766480666,284.6292048200044,pobre,0,3,375.0,539.5,1.0,37.0,8,449,33340,1,1.0
97,1.0,0.0,1.874,1.0,5.0,5,130.0060766480666,284.6292048200044,pobre,0,2,500.0,912.5,1.0,52.0,12,449,33341,5,1.0
98,1.0,0.0,1.874,1.0,5.0,5,130.0060766480666,284.6292048200044,pobre,0,2,500.0,912.5,1.0,52.0,13,449,33341,5,1.0
97,0.0,0.0,1.874,0.0,6.0,6,130.0060766480666,284.6292048200044,pobre,0,3,375.0,745.0,1.0,47.0,13,449,33342,6,0.0
98,0.0,0.0,1.874,0.0,6.0,6,130.0060766480666,284.6292048200044,pobre,0,3,375.0,745.0,1.0,47.0,14,449,33342,6,0.0
97,0.0,0.0,1.874,0.0,6.0,6,130.0060766480666,284.6292048200044,pobre,0,3,375.0,745.0,1.0,47.0,12,449,33343,6,0.0
98,0.0,0.0,1.874,0.0,6.0,6,130.0060766480666,284.6292048200044,pobre,0,3,375.0,745.0,1.0,47.0,13,449,33343,6,0.0
97,1.0,0.0,1.874,1.0,1.0,6,130.0060766480666,284.6292048200044,pobre,0,3,375.0,745.0,1.0,47.0,7,449,33344,1,1.0
98,1.0,0.0,1.874,1.0,2.0,6,130.0060766480666,284.6292048200044,pobre,0,3,375.0,745.0,1.0,47.0,8,449,33344,1,1.0
97,1.0,0.0,1.874,1.0,10.0,8,130.0060766480666,284.6292048200044,pobre,0,3,375.0,600.0,1.0,35.0,14,449,33345,10,1.0
98,1.0,0.0,1.874,1.0,8.0,8,130.0060766480666,284.6292048200044,pobre,0,3,375.0,600.0,1.0,35.0,15,449,33345,10,1.0
97,0.0,0.0,1.874,0.0,7.0,8,130.0060766480666,284.6292048200044,pobre,0,3,375.0,600.0,1.0,35.0,13,449,33346,7,0.0
98,0.0,0.0,1.874,1.0,7.0,8,130.0060766480666,284.6292048200044,pobre,0,3,375.0,600.0,1.0,35.0,14,449,33346,7,0.0
97,0.0,0.0,1.874,1.0,7.0,8,130.0060766480666,284.6292048200044,pobre,0,3,375.0,600.0,1.0,35.0,12,449,33347,7,1.0
98,0.0,0.0,1.874,1.0,8.0,8,130.0060766480666,284.6292048200044,pobre,0,3,375.0,600.0,1.0,35.0,13,449,33347,7,1.0
97,0.0,0.0,1.874,1.0,3.0,8,130.0060766480666,284.6292048200044,pobre,0,3,375.0,600.0,1.0,35.0,8,449,33348,3,1.0
98,0.0,0.0,1.874,1.0,3.0,8,130.0060766480666,284.6292048200044,pobre,0,3,375.0,600.0,1.0,35.0,9,449,33348,3,1.0
97,0.0,0.0,1.874,0.0,6.0,6,130.0060766480666,284.6292048200044,pobre,0,2,750.0,824.0,1.0,39.0,15,449,33349,6,0.0
98,0.0,0.0,1.874,0.0,6.0,6,130.0060766480666,284.6292048200044,pobre,0,2,750.0,824.0,1.0,39.0,16,449,33349,6,0.0
97,1.0,0.0,1.874,1.0,5.0,6,130.0060766480666,284.6292048200044,pobre,0,2,750.0,824.0,1.0,39.0,12,449,33350,5,1.0
98,1.0,0.0,1.874,1.0,5.0,6,130.0060766480666,284.6292048200044,pobre,0,2,750.0,824.0,1.0,39.0,13,449,33350,5,1.0
97,0.0,0.0,1.874,1.0,2.0,6,130.0060766480666,284.6292048200044,pobre,0,2,750.0,824.0,1.0,39.0,7,449,33351,2,1.0
98,0.0,0.0,1.874,1.0,3.0,6,130.0060766480666,284.6292048200044,pobre,0,2,750.0,824.0,1.0,39.0,8,449,33351,2,1.0
97,1.0,0.0,1.874,0.0,3.0,10,130.0060766480666,284.6292048200044,pobre,0,2,500.0,812.5,1.0,44.0,16,449,33352,3,0.0
98,1.0,0.0,1.874,,,10,130.0060766480666,284.6292048200044,pobre,0,2,500.0,812.5,1.0,44.0,17,449,33352,3,0.0
97,0.0,0.0,1.874,1.0,5.0,10,130.0060766480666,284.6292048200044,pobre,0,2,500.0,812.5,1.0,44.0,14,449,33353,5,1.0
98,0.0,0.0,1.874,0.0,6.0,10,130.0060766480666,284.6292048200044,pobre,0,2,500.0,812.5,1.0,44.0,15,449,33353,5,1.0
97,1.0,0.0,1.874,1.0,4.0,10,130.0060766480666,284.6292048200044,pobre,0,2,500.0,812.5,1.0,44.0,13,449,33354,4,1.0
98,1.0,0.0,1.874,1.0,5.0,10,130.0060766480666,284.6292048200044,pobre,0,2,500.0,812.5,1.0,44.0,14,449,33354,4,1.0
97,1.0,0.0,1.874,1.0,1.0,10,130.0060766480666,284.6292048200044,pobre,0,2,500.0,812.5,1.0,44.0,8,449,33355,1,1.0
98,1.0,0.0,1.874,1.0,2.0,10,130.0060766480666,284.6292048200044,pobre,0,2,500.0,812.5,1.0,44.0,9,449,33355,1,1.0
97,1.0,0.0,1.874,0.0,6.0,8,130.0060766480666,284.6292048200044,pobre,0,3,500.0,782.0,1.0,44.0,16,449,33356,6,0.0
98,1.0,0.0,1.874,,,8,130.0060766480666,284.6292048200044,pobre,0,3,500.0,782.0,1.0,44.0,17,449,33356,6,0.0
97,1.0,0.0,1.874,1.0,4.0,8,130.0060766480666,284.6292048200044,pobre,0,3,500.0,782.0,1.0,44.0,11,449,33357,4,1.0
98,1.0,0.0,1.874,1.0,5.0,8,130.0060766480666,284.6292048200044,pobre,0,3,500.0,782.0,1.0,44.0,12,449,33357,4,1.0
97,0.0,0.0,1.874,1.0,1.0,8,130.0060766480666,284.6292048200044,pobre,0,3,500.0,782.0,1.0,44.0,6,449,33358,1,1.0
98,0.0,0.0,1.874,1.0,1.0,8,130.0060766480666,284.6292048200044,pobre,0,3,500.0,782.0,1.0,44.0,7,449,33358,1,1.0
97,0.0,0.0,1.874,0.0,9.0,10,130.0060766480666,284.6292048200044,pobre,0,2,625.0,803.5,0.0,45.0,15,449,33359,9,0.0
98,0.0,0.0,1.874,0.0,9.0,10,130.0060766480666,284.6292048200044,pobre,0,2,625.0,803.5,0.0,45.0,16,449,33359,9,0.0
97,1.0,0.0,1.874,1.0,6.0,10,130.0060766480666,284.6292048200044,pobre,0,2,625.0,803.5,0.0,45.0,11,449,33360,6,1.0
98,1.0,0.0,1.874,1.0,7.0,10,130.0060766480666,284.6292048200044,pobre,0,2,625.0,803.5,0.0,45.0,12,449,33360,6,1.0
97,0.0,0.0,1.874,1.0,2.0,10,130.0060766480666,284.6292048200044,pobre,0,2,625.0,803.5,0.0,45.0,9,449,33361,2,1.0
98,0.0,0.0,1.874,,,10,130.0060766480666,284.6292048200044,pobre,0,2,625.0,803.5,0.0,45.0,10,449,33361,2,1.0
97,1.0,0.0,1.874,1.0,1.0,10,130.0060766480666,284.6292048200044,pobre,0,2,625.0,803.5,0.0,45.0,7,449,33362,1,1.0
98,1.0,0.0,1.874,,,10,130.0060766480666,284.6292048200044,pobre,0,2,625.0,803.5,0.0,45.0,8,449,33362,1,1.0
97,0.0,0.0,1.874,1.0,0.0,10,130.0060766480666,284.6292048200044,pobre,0,2,625.0,803.5,0.0,45.0,6,449,33363,0,1.0
98,0.0,0.0,1.874,,,10,130.0060766480666,284.6292048200044,pobre,0,2,625.0,803.5,0.0,45.0,7,449,33363,0,1.0
97,0.0,0.0,1.874,1.0,5.0,4,130.0060766480666,284.6292048200044,pobre,0,0,0.0,797.0,0.0,70.0,11,449,33364,5,1.0
98,0.0,0.0,1.874,0.0,6.0,4,130.0060766480666,284.6292048200044,pobre,0,0,0.0,797.0,0.0,70.0,12,449,33364,5,1.0
97,1.0,0.0,1.874,1.0,2.0,4,130.0060766480666,284.6292048200044,pobre,0,0,800.0,585.0,1.0,26.0,7,449,33365,2,1.0
98,1.0,0.0,1.874,1.0,2.0,4,130.0060766480666,284.6292048200044,pobre,0,0,800.0,585.0,1.0,26.0,8,449,33365,2,1.0
97,0.0,0.0,1.874,0.0,6.0,6,130.0060766480666,284.6292048200044,pobre,0,0,0.0,837.5,0.0,55.0,16,449,33366,6,0.0
98,0.0,0.0,1.874,,,6,130.0060766480666,284.6292048200044,pobre,0,0,0.0,837.5,0.0,55.0,17,449,33366,6,0.0
97,0.0,0.0,1.874,0.0,6.0,6,130.0060766480666,284.6292048200044,pobre,0,0,0.0,837.5,0.0,55.0,14,449,33367,6,0.0
98,0.0,0.0,1.874,0.0,6.0,6,130.0060766480666,284.6292048200044,pobre,0,0,0.0,837.5,0.0,55.0,15,449,33367,6,0.0
97,1.0,0.0,3.319,1.0,0.0,4,151.6755249492749,289.9828830190902,pobre,basal,2,500.0,673.0,1.0,29.0,7,448,33368,0,1.0
98,1.0,0.0,3.319,1.0,1.0,4,151.6755249492749,289.9828830190902,pobre,basal,2,500.0,673.0,1.0,29.0,8,448,33368,0,1.0
97,1.0,0.0,3.319,0.0,9.0,3,151.6755249492749,289.9828830190902,pobre,basal,5,500.0,835.0,1.0,29.0,15,448,33369,9,0.0
98,1.0,0.0,3.319,0.0,9.0,3,151.6755249492749,289.9828830190902,pobre,basal,5,500.0,835.0,1.0,29.0,16,448,33369,9,0.0
97,1.0,0.0,3.319,0.0,6.0,5,151.6755249492749,289.9828830190902,pobre,basal,0,500.0,684.0,1.0,38.0,16,448,33370,6,0.0
98,1.0,0.0,3.319,,,5,151.6755249492749,289.9828830190902,pobre,basal,0,500.0,684.0,1.0,38.0,17,448,33370,6,0.0
97,0.0,1.0,2.6989999,0.0,6.0,4,158.6534742411145,288.193981596407,pobre,basal,0,500.0,753.0,1.0,20.0,13,406,33371,6,0.0
98,0.0,1.0,2.6989999,0.0,6.0,4,158.6534742411145,288.193981596407,pobre,basal,0,500.0,753.0,1.0,20.0,14,406,33371,6,0.0
97,0.0,1.0,2.6989999,1.0,5.0,4,158.6534742411145,288.193981596407,pobre,basal,0,500.0,753.0,1.0,20.0,11,406,33372,5,1.0
98,0.0,1.0,2.6989999,,,4,158.6534742411145,288.193981596407,pobre,basal,0,500.0,753.0,1.0,20.0,12,406,33372,5,1.0
97,0.0,1.0,2.6989999,1.0,3.0,5,158.6534742411145,288.193981596407,pobre,basal,16,2400.0,919.0,1.0,30.0,9,406,33373,3,1.0
98,0.0,1.0,2.6989999,1.0,4.0,5,158.6534742411145,288.193981596407,pobre,basal,16,2400.0,919.0,1.0,30.0,10,406,33373,3,1.0
97,0.0,1.0,2.6989999,,0.0,9,158.6534742411145,288.193981596407,pobre,basal,6,500.0,739.5,1.0,36.0,10,406,33374,0,
98,0.0,1.0,2.6989999,,,9,158.6534742411145,288.193981596407,pobre,basal,6,500.0,739.5,1.0,36.0,11,406,33374,0,
97,1.0,1.0,2.6989999,1.0,2.0,9,158.6534742411145,288.193981596407,pobre,basal,6,500.0,739.5,1.0,36.0,8,406,33375,2,1.0
98,1.0,1.0,2.6989999,1.0,2.0,9,158.6534742411145,288.193981596407,pobre,basal,6,500.0,739.5,1.0,36.0,9,406,33375,2,1.0
97,0.0,1.0,2.6989999,1.0,1.0,9,158.6534742411145,288.193981596407,pobre,basal,6,500.0,739.5,1.0,36.0,7,406,33376,1,1.0
98,0.0,1.0,2.6989999,1.0,1.0,9,158.6534742411145,288.193981596407,pobre,basal,6,500.0,739.5,1.0,36.0,8,406,33376,1,1.0
97,0.0,1.0,0.0,0.0,5.0,9,156.0063538077824,276.0084339545272,pobre,0,2,375.0,620.0,1.0,45.0,15,465,33377,5,0.0
98,0.0,1.0,0.0,1.0,5.0,9,156.0063538077824,276.0084339545272,pobre,0,2,375.0,620.0,1.0,45.0,16,465,33377,5,0.0
97,1.0,1.0,0.0,1.0,3.0,9,156.0063538077824,276.0084339545272,pobre,0,2,375.0,620.0,1.0,45.0,14,465,33378,3,1.0
98,1.0,1.0,0.0,1.0,4.0,9,156.0063538077824,276.0084339545272,pobre,0,2,375.0,620.0,1.0,45.0,15,465,33378,3,1.0
97,1.0,1.0,0.0,1.0,1.0,9,156.0063538077824,276.0084339545272,pobre,0,2,375.0,620.0,1.0,45.0,10,465,33379,1,1.0
98,1.0,1.0,0.0,1.0,2.0,9,156.0063538077824,276.0084339545272,pobre,0,2,375.0,620.0,1.0,45.0,11,465,33379,1,1.0
97,1.0,1.0,0.0,1.0,1.0,9,156.0063538077824,276.0084339545272,pobre,0,2,375.0,620.0,1.0,45.0,8,465,33380,1,1.0
98,1.0,1.0,0.0,1.0,2.0,9,156.0063538077824,276.0084339545272,pobre,0,2,375.0,620.0,1.0,45.0,9,465,33380,1,1.0
97,1.0,1.0,0.0,1.0,2.0,6,156.0063538077824,276.0084339545272,pobre,0,4,375.0,736.0,1.0,46.0,12,465,33381,2,1.0
98,1.0,1.0,0.0,1.0,3.0,6,156.0063538077824,276.0084339545272,pobre,0,4,375.0,736.0,1.0,46.0,13,465,33381,2,1.0
97,1.0,1.0,0.0,1.0,4.0,13,156.0063538077824,276.0084339545272,pobre,0,3,375.0,667.0,1.0,77.0,12,465,33382,4,1.0
98,1.0,1.0,0.0,1.0,4.0,13,156.0063538077824,276.0084339545272,pobre,0,3,375.0,667.0,1.0,77.0,13,465,33382,4,1.0
97,0.0,1.0,0.0,1.0,6.0,13,156.0063538077824,276.0084339545272,pobre,0,3,375.0,667.0,1.0,77.0,15,465,33383,6,1.0
98,0.0,1.0,0.0,1.0,6.0,13,156.0063538077824,276.0084339545272,pobre,0,3,375.0,667.0,1.0,77.0,16,465,33383,6,1.0
97,0.0,1.0,0.0,1.0,0.0,13,156.0063538077824,276.0084339545272,pobre,0,3,375.0,667.0,1.0,77.0,7,465,33384,0,1.0
98,0.0,1.0,0.0,1.0,3.0,13,156.0063538077824,276.0084339545272,pobre,0,3,375.0,667.0,1.0,77.0,8,465,33384,0,1.0
97,1.0,1.0,0.0,1.0,3.0,13,156.0063538077824,276.0084339545272,pobre,0,3,375.0,667.0,1.0,77.0,10,465,33385,3,1.0
98,1.0,1.0,0.0,1.0,3.0,13,156.0063538077824,276.0084339545272,pobre,0,3,375.0,667.0,1.0,77.0,11,465,33385,3,1.0
97,0.0,1.0,0.0,1.0,6.0,13,156.0063538077824,276.0084339545272,pobre,0,3,375.0,667.0,1.0,77.0,15,465,33386,6,1.0
98,0.0,1.0,0.0,0.0,6.0,13,156.0063538077824,276.0084339545272,pobre,0,3,375.0,667.0,1.0,77.0,16,465,33386,6,1.0
97,1.0,1.0,0.0,1.0,3.0,5,156.0063538077824,276.0084339545272,pobre,0,6,375.0,650.0,1.0,31.0,11,465,33387,3,1.0
98,1.0,1.0,0.0,1.0,4.0,5,156.0063538077824,276.0084339545272,pobre,0,6,375.0,650.0,1.0,31.0,12,465,33387,3,1.0
97,1.0,1.0,0.0,1.0,0.0,5,156.0063538077824,276.0084339545272,pobre,0,6,375.0,650.0,1.0,31.0,6,465,33388,0,1.0
98,1.0,1.0,0.0,1.0,1.0,5,156.0063538077824,276.0084339545272,pobre,0,6,375.0,650.0,1.0,31.0,7,465,33388,0,1.0
97,1.0,1.0,0.0,1.0,5.0,6,156.0063538077824,276.0084339545272,pobre,0,0,375.0,693.0,1.0,40.0,14,465,33389,5,1.0
98,1.0,1.0,0.0,1.0,6.0,6,156.0063538077824,276.0084339545272,pobre,0,0,375.0,693.0,1.0,40.0,15,465,33389,5,1.0
97,1.0,1.0,0.0,1.0,2.0,6,156.0063538077824,276.0084339545272,pobre,0,0,375.0,693.0,1.0,40.0,12,465,33390,2,1.0
98,1.0,1.0,0.0,1.0,1.0,6,156.0063538077824,276.0084339545272,pobre,0,0,375.0,693.0,1.0,40.0,13,465,33390,2,1.0
97,0.0,0.0,0.0,,0.0,5,156.0063538077824,276.0084339545272,pobre,0,6,1000.0,635.0,1.0,27.0,10,465,33391,0,
98,0.0,0.0,0.0,,,5,156.0063538077824,276.0084339545272,pobre,0,6,1000.0,635.0,1.0,27.0,11,465,33391,0,
97,1.0,1.0,0.0,1.0,5.0,5,156.0063538077824,276.0084339545272,pobre,0,4,325.0,723.5,0.0,43.0,13,465,33392,5,1.0
98,1.0,1.0,0.0,1.0,,5,156.0063538077824,276.0084339545272,pobre,0,4,325.0,723.5,0.0,43.0,14,465,33392,5,1.0
97,0.0,1.0,0.0,1.0,3.0,5,156.0063538077824,276.0084339545272,pobre,0,4,325.0,723.5,0.0,43.0,11,465,33393,3,1.0
98,0.0,1.0,0.0,1.0,4.0,5,156.0063538077824,276.0084339545272,pobre,0,4,325.0,723.5,0.0,43.0,12,465,33393,3,1.0
97,1.0,1.0,0.0,1.0,0.0,5,156.0063538077824,276.0084339545272,pobre,0,4,325.0,723.5,0.0,43.0,7,465,33394,0,1.0
98,1.0,1.0,0.0,1.0,1.0,5,156.0063538077824,276.0084339545272,pobre,0,4,325.0,723.5,0.0,43.0,8,465,33394,0,1.0
97,1.0,1.0,0.0,1.0,6.0,9,156.0063538077824,276.0084339545272,pobre,0,4,375.0,661.75,1.0,30.0,13,465,33395,6,1.0
98,1.0,1.0,0.0,1.0,7.0,9,156.0063538077824,276.0084339545272,pobre,0,4,375.0,661.75,1.0,30.0,14,465,33395,6,1.0
97,0.0,1.0,0.0,1.0,3.0,9,156.0063538077824,276.0084339545272,pobre,0,4,375.0,661.75,1.0,30.0,9,465,33396,3,1.0
98,0.0,1.0,0.0,1.0,4.0,9,156.0063538077824,276.0084339545272,pobre,0,4,375.0,661.75,1.0,30.0,10,465,33396,3,1.0
97,1.0,1.0,0.0,1.0,6.0,9,156.0063538077824,276.0084339545272,pobre,0,3,375.0,671.75,1.0,44.0,15,465,33397,6,1.0
98,1.0,1.0,0.0,1.0,7.0,9,156.0063538077824,276.0084339545272,pobre,0,3,375.0,671.75,1.0,44.0,16,465,33397,6,1.0
97,1.0,1.0,0.0,1.0,4.0,9,156.0063538077824,276.0084339545272,pobre,0,3,375.0,671.75,1.0,44.0,13,465,33398,4,1.0
98,1.0,1.0,0.0,1.0,5.0,9,156.0063538077824,276.0084339545272,pobre,0,3,375.0,671.75,1.0,44.0,14,465,33398,4,1.0
97,0.0,1.0,0.0,1.0,2.0,9,156.0063538077824,276.0084339545272,pobre,0,3,375.0,671.75,1.0,44.0,10,465,33399,2,1.0
98,0.0,1.0,0.0,1.0,3.0,9,156.0063538077824,276.0084339545272,pobre,0,3,375.0,671.75,1.0,44.0,11,465,33399,2,1.0
97,1.0,0.0,2.793,1.0,7.0,4,13.40444159556136,13.40444159556136,no pobre,0,6,2172.6191,852.0,1.0,50.0,15,166,33400,7,1.0
98,1.0,0.0,2.793,,,4,13.40444159556136,13.40444159556136,no pobre,0,6,2172.6191,852.0,1.0,50.0,16,166,33400,7,1.0
97,0.0,0.0,2.793,1.0,5.0,4,13.40444159556136,13.40444159556136,no pobre,0,6,2172.6191,852.0,1.0,50.0,10,166,33401,5,1.0
98,0.0,0.0,2.793,,,4,13.40444159556136,13.40444159556136,no pobre,0,6,2172.6191,852.0,1.0,50.0,11,166,33401,5,1.0
97,0.0,0.0,2.793,1.0,5.0,7,13.40444159556136,13.40444159556136,pobre,0,3,1000.0,546.34399,1.0,30.0,11,166,33402,5,1.0
98,0.0,0.0,2.793,1.0,6.0,7,13.40444159556136,13.40444159556136,pobre,0,3,1000.0,546.34399,1.0,30.0,12,166,33402,5,1.0
97,0.0,0.0,2.793,1.0,5.0,7,13.40444159556136,13.40444159556136,pobre,0,3,1000.0,546.34399,1.0,30.0,10,166,33403,5,1.0
98,0.0,0.0,2.793,1.0,5.0,7,13.40444159556136,13.40444159556136,pobre,0,3,1000.0,546.34399,1.0,30.0,11,166,33403,5,1.0
97,0.0,0.0,2.793,1.0,2.0,7,13.40444159556136,13.40444159556136,pobre,0,3,1000.0,546.34399,1.0,30.0,7,166,33404,2,1.0
98,0.0,0.0,2.793,1.0,3.0,7,13.40444159556136,13.40444159556136,pobre,0,3,1000.0,546.34399,1.0,30.0,8,166,33404,2,1.0
97,0.0,0.0,2.793,1.0,1.0,7,13.40444159556136,13.40444159556136,pobre,0,3,1000.0,546.34399,1.0,30.0,7,166,33405,1,1.0
98,0.0,0.0,2.793,1.0,2.0,7,13.40444159556136,13.40444159556136,pobre,0,3,1000.0,546.34399,1.0,30.0,8,166,33405,1,1.0
97,1.0,0.0,2.793,1.0,5.0,5,13.40444159556136,13.40444159556136,pobre,0,3,0.0,658.11798,0.0,63.0,10,166,33406,5,1.0
98,1.0,0.0,2.793,1.0,6.0,5,13.40444159556136,13.40444159556136,pobre,0,3,0.0,658.11798,0.0,63.0,11,166,33406,5,1.0
97,1.0,0.0,2.793,1.0,3.0,5,13.40444159556136,13.40444159556136,pobre,0,3,0.0,658.11798,0.0,63.0,8,166,33407,3,1.0
98,1.0,0.0,2.793,1.0,3.0,5,13.40444159556136,13.40444159556136,pobre,0,3,0.0,658.11798,0.0,63.0,9,166,33407,3,1.0
97,0.0,0.0,2.793,0.0,5.0,11,13.40444159556136,13.40444159556136,pobre,0,6,500.0,680.25,1.0,43.0,16,166,33408,5,0.0
98,0.0,0.0,2.793,0.0,5.0,11,13.40444159556136,13.40444159556136,pobre,0,6,500.0,680.25,1.0,43.0,17,166,33408,5,0.0
97,0.0,0.0,2.793,0.0,6.0,11,13.40444159556136,13.40444159556136,pobre,0,6,500.0,680.25,1.0,43.0,14,166,33409,6,0.0
98,0.0,0.0,2.793,0.0,6.0,11,13.40444159556136,13.40444159556136,pobre,0,6,500.0,680.25,1.0,43.0,15,166,33409,6,0.0
97,0.0,0.0,2.793,1.0,6.0,11,13.40444159556136,13.40444159556136,pobre,0,6,500.0,680.25,1.0,43.0,11,166,33410,6,1.0
98,0.0,0.0,2.793,1.0,6.0,11,13.40444159556136,13.40444159556136,pobre,0,6,500.0,680.25,1.0,43.0,12,166,33410,6,1.0
97,0.0,0.0,2.793,1.0,1.0,11,13.40444159556136,13.40444159556136,pobre,0,6,500.0,680.25,1.0,43.0,8,166,33411,1,1.0
98,0.0,0.0,2.793,1.0,2.0,11,13.40444159556136,13.40444159556136,pobre,0,6,500.0,680.25,1.0,43.0,9,166,33411,1,1.0
97,0.0,0.0,0.0,1.0,6.0,6,16.48723207515607,16.48723207515607,pobre,basal,0,680.0,473.0,1.0,36.0,13,160,33412,6,1.0
98,0.0,0.0,0.0,1.0,7.0,6,16.48723207515607,16.48723207515607,pobre,basal,0,680.0,473.0,1.0,36.0,14,160,33412,6,1.0
97,1.0,0.0,0.0,1.0,4.0,6,16.48723207515607,16.48723207515607,pobre,basal,0,680.0,473.0,1.0,36.0,9,160,33413,4,1.0
98,1.0,0.0,0.0,1.0,5.0,6,16.48723207515607,16.48723207515607,pobre,basal,0,680.0,473.0,1.0,36.0,10,160,33413,4,1.0
97,0.0,0.0,0.0,1.0,1.0,6,16.48723207515607,16.48723207515607,pobre,basal,0,680.0,473.0,1.0,36.0,6,160,33414,1,1.0
98,0.0,0.0,0.0,1.0,2.0,6,16.48723207515607,16.48723207515607,pobre,basal,0,680.0,473.0,1.0,36.0,7,160,33414,1,1.0
97,0.0,0.0,0.0,1.0,6.0,6,16.48723207515607,16.48723207515607,pobre,basal,4,1200.0,616.0,1.0,38.0,12,160,33415,6,1.0
98,0.0,0.0,0.0,1.0,7.0,6,16.48723207515607,16.48723207515607,pobre,basal,4,1200.0,616.0,1.0,38.0,13,160,33415,6,1.0
97,1.0,0.0,0.0,1.0,4.0,6,16.48723207515607,16.48723207515607,pobre,basal,4,1200.0,616.0,1.0,38.0,10,160,33416,4,1.0
98,1.0,0.0,0.0,1.0,4.0,6,16.48723207515607,16.48723207515607,pobre,basal,4,1200.0,616.0,1.0,38.0,11,160,33416,4,1.0
97,1.0,0.0,0.0,1.0,2.0,6,16.48723207515607,16.48723207515607,pobre,basal,4,1200.0,616.0,1.0,38.0,9,160,33417,2,1.0
98,1.0,0.0,0.0,1.0,2.0,6,16.48723207515607,16.48723207515607,pobre,basal,4,1200.0,616.0,1.0,38.0,10,160,33417,2,1.0
97,0.0,0.0,2.043,0.0,9.0,9,62.32174829749214,62.32174829749214,pobre,0,0,133.33333,460.0,1.0,38.0,16,192,33418,9,0.0
98,0.0,0.0,2.043,,,9,62.32174829749214,62.32174829749214,pobre,0,0,133.33333,460.0,1.0,38.0,17,192,33418,9,0.0
97,1.0,0.0,2.043,1.0,8.0,9,62.32174829749214,62.32174829749214,pobre,0,0,133.33333,460.0,1.0,38.0,15,192,33419,8,1.0
98,1.0,0.0,2.043,0.0,9.0,9,62.32174829749214,62.32174829749214,pobre,0,0,133.33333,460.0,1.0,38.0,16,192,33419,8,1.0
97,0.0,0.0,2.043,1.0,7.0,9,62.32174829749214,62.32174829749214,pobre,0,0,133.33333,460.0,1.0,38.0,14,192,33420,7,1.0
98,0.0,0.0,2.043,1.0,8.0,9,62.32174829749214,62.32174829749214,pobre,0,0,133.33333,460.0,1.0,38.0,15,192,33420,7,1.0
97,1.0,0.0,2.043,1.0,3.0,9,62.32174829749214,62.32174829749214,pobre,0,0,133.33333,460.0,1.0,38.0,11,192,33421,3,1.0
98,1.0,0.0,2.043,1.0,5.0,9,62.32174829749214,62.32174829749214,pobre,0,0,133.33333,460.0,1.0,38.0,12,192,33421,3,1.0
97,0.0,0.0,2.043,1.0,3.0,9,62.32174829749214,62.32174829749214,pobre,0,0,133.33333,460.0,1.0,38.0,10,192,33422,3,1.0
98,0.0,0.0,2.043,1.0,4.0,9,62.32174829749214,62.32174829749214,pobre,0,0,133.33333,460.0,1.0,38.0,11,192,33422,3,1.0
97,0.0,0.0,2.043,,0.0,9,62.32174829749214,62.32174829749214,pobre,0,0,133.33333,460.0,1.0,38.0,6,192,33423,0,
98,0.0,0.0,2.043,1.0,1.0,9,62.32174829749214,62.32174829749214,pobre,0,0,133.33333,460.0,1.0,38.0,7,192,33423,0,
97,1.0,0.0,2.043,0.0,9.0,5,62.32174829749214,62.32174829749214,pobre,0,3,500.0,732.0,1.0,64.0,16,192,33424,9,0.0
98,1.0,0.0,2.043,,,5,62.32174829749214,62.32174829749214,pobre,0,3,500.0,732.0,1.0,64.0,17,192,33424,9,0.0
97,1.0,0.0,2.043,1.0,7.0,5,62.32174829749214,62.32174829749214,pobre,0,3,500.0,732.0,1.0,64.0,14,192,33425,7,1.0
98,1.0,0.0,2.043,1.0,8.0,5,62.32174829749214,62.32174829749214,pobre,0,3,500.0,732.0,1.0,64.0,15,192,33425,7,1.0
97,1.0,0.0,4.4710002,0.0,5.0,10,71.52226309497719,71.52226309497719,pobre,0,3,750.0,411.0,1.0,45.0,16,173,33426,5,0.0
98,1.0,0.0,4.4710002,,,10,71.52226309497719,71.52226309497719,pobre,0,3,750.0,411.0,1.0,45.0,17,173,33426,5,0.0
97,0.0,0.0,4.4710002,0.0,6.0,10,71.52226309497719,71.52226309497719,pobre,0,3,750.0,411.0,1.0,45.0,15,173,33427,6,0.0
98,0.0,0.0,4.4710002,1.0,7.0,10,71.52226309497719,71.52226309497719,pobre,0,3,750.0,411.0,1.0,45.0,16,173,33427,6,0.0
97,0.0,0.0,4.4710002,1.0,4.0,10,71.52226309497719,71.52226309497719,pobre,0,3,750.0,411.0,1.0,45.0,11,173,33428,4,1.0
98,0.0,0.0,4.4710002,1.0,5.0,10,71.52226309497719,71.52226309497719,pobre,0,3,750.0,411.0,1.0,45.0,12,173,33428,4,1.0
97,1.0,0.0,4.4710002,1.0,3.0,10,71.52226309497719,71.52226309497719,pobre,0,3,750.0,411.0,1.0,45.0,10,173,33429,3,1.0
98,1.0,0.0,4.4710002,1.0,4.0,10,71.52226309497719,71.52226309497719,pobre,0,3,750.0,411.0,1.0,45.0,11,173,33429,3,1.0
97,1.0,0.0,4.4710002,1.0,2.0,10,71.52226309497719,71.52226309497719,pobre,0,3,750.0,411.0,1.0,45.0,8,173,33430,2,1.0
98,1.0,0.0,4.4710002,1.0,2.0,10,71.52226309497719,71.52226309497719,pobre,0,3,750.0,411.0,1.0,45.0,9,173,33430,2,1.0
97,0.0,0.0,4.4710002,,1.0,10,71.52226309497719,71.52226309497719,pobre,0,3,750.0,411.0,1.0,45.0,7,173,33431,1,
98,0.0,0.0,4.4710002,1.0,1.0,10,71.52226309497719,71.52226309497719,pobre,0,3,750.0,411.0,1.0,45.0,8,173,33431,1,
97,1.0,0.0,4.4710002,1.0,5.0,4,71.52226309497719,71.52226309497719,pobre,0,0,720.0,685.0,1.0,58.0,16,173,33432,5,1.0
98,1.0,0.0,4.4710002,1.0,5.0,4,71.52226309497719,71.52226309497719,pobre,0,0,720.0,685.0,1.0,58.0,17,173,33432,5,1.0
97,1.0,0.0,4.4710002,0.0,4.0,10,71.52226309497719,71.52226309497719,pobre,0,3,0.0,292.0,1.0,35.0,15,173,33433,4,0.0
98,1.0,0.0,4.4710002,0.0,3.0,10,71.52226309497719,71.52226309497719,pobre,0,3,0.0,292.0,1.0,35.0,16,173,33433,4,0.0
97,0.0,0.0,4.4710002,0.0,6.0,10,71.52226309497719,71.52226309497719,pobre,0,3,0.0,292.0,1.0,35.0,14,173,33434,6,0.0
98,0.0,0.0,4.4710002,0.0,6.0,10,71.52226309497719,71.52226309497719,pobre,0,3,0.0,292.0,1.0,35.0,15,173,33434,6,0.0
97,1.0,0.0,4.4710002,0.0,6.0,10,71.52226309497719,71.52226309497719,pobre,0,3,0.0,292.0,1.0,35.0,12,173,33435,6,0.0
98,1.0,0.0,4.4710002,0.0,6.0,10,71.52226309497719,71.52226309497719,pobre,0,3,0.0,292.0,1.0,35.0,13,173,33435,6,0.0
97,0.0,0.0,4.4710002,1.0,2.0,10,71.52226309497719,71.52226309497719,pobre,0,3,0.0,292.0,1.0,35.0,11,173,33436,2,1.0
98,0.0,0.0,4.4710002,1.0,3.0,10,71.52226309497719,71.52226309497719,pobre,0,3,0.0,292.0,1.0,35.0,12,173,33436,2,1.0
97,1.0,0.0,4.4710002,1.0,3.0,10,71.52226309497719,71.52226309497719,pobre,0,3,0.0,292.0,1.0,35.0,10,173,33437,3,1.0
98,1.0,0.0,4.4710002,1.0,4.0,10,71.52226309497719,71.52226309497719,pobre,0,3,0.0,292.0,1.0,35.0,11,173,33437,3,1.0
97,0.0,0.0,4.4710002,1.0,1.0,10,71.52226309497719,71.52226309497719,pobre,0,3,0.0,292.0,1.0,35.0,7,173,33438,1,1.0
98,0.0,0.0,4.4710002,1.0,1.0,10,71.52226309497719,71.52226309497719,pobre,0,3,0.0,292.0,1.0,35.0,8,173,33438,1,1.0
97,1.0,0.0,4.4710002,0.0,6.0,9,71.52226309497719,71.52226309497719,pobre,0,7,720.0,571.5,1.0,31.0,13,173,33439,6,0.0
98,1.0,0.0,4.4710002,0.0,6.0,9,71.52226309497719,71.52226309497719,pobre,0,7,720.0,571.5,1.0,31.0,14,173,33439,6,0.0
97,1.0,0.0,4.4710002,0.0,6.0,9,71.52226309497719,71.52226309497719,pobre,0,7,720.0,571.5,1.0,31.0,12,173,33440,6,0.0
98,1.0,0.0,4.4710002,1.0,6.0,9,71.52226309497719,71.52226309497719,pobre,0,7,720.0,571.5,1.0,31.0,13,173,33440,6,0.0
97,0.0,0.0,4.4710002,1.0,4.0,9,71.52226309497719,71.52226309497719,pobre,0,7,720.0,571.5,1.0,31.0,10,173,33441,4,1.0
98,0.0,0.0,4.4710002,1.0,5.0,9,71.52226309497719,71.52226309497719,pobre,0,7,720.0,571.5,1.0,31.0,11,173,33441,4,1.0
97,0.0,0.0,4.4710002,1.0,1.0,9,71.52226309497719,71.52226309497719,pobre,0,7,720.0,571.5,1.0,31.0,7,173,33442,1,1.0
98,0.0,0.0,4.4710002,1.0,2.0,9,71.52226309497719,71.52226309497719,pobre,0,7,720.0,571.5,1.0,31.0,8,173,33442,1,1.0
97,1.0,0.0,4.4710002,0.0,8.0,5,71.52226309497719,71.52226309497719,no pobre,0,0,800.0,772.0,1.0,40.0,16,173,33443,8,0.0
98,1.0,0.0,4.4710002,,,5,71.52226309497719,71.52226309497719,no pobre,0,0,800.0,772.0,1.0,40.0,17,173,33443,8,0.0
97,0.0,0.0,4.4710002,1.0,4.0,5,71.52226309497719,71.52226309497719,no pobre,0,0,800.0,772.0,1.0,40.0,10,173,33444,4,1.0
98,0.0,0.0,4.4710002,1.0,5.0,5,71.52226309497719,71.52226309497719,no pobre,0,0,800.0,772.0,1.0,40.0,11,173,33444,4,1.0
97,0.0,0.0,4.4710002,0.0,6.0,5,71.52226309497719,71.52226309497719,no pobre,0,0,720.0,735.5,0.0,43.0,15,173,33445,6,0.0
98,0.0,0.0,4.4710002,0.0,6.0,5,71.52226309497719,71.52226309497719,no pobre,0,0,720.0,735.5,0.0,43.0,16,173,33445,6,0.0
97,1.0,0.0,4.4710002,1.0,5.0,5,71.52226309497719,71.52226309497719,no pobre,0,0,720.0,735.5,0.0,43.0,12,173,33446,5,1.0
98,1.0,0.0,4.4710002,1.0,5.0,5,71.52226309497719,71.52226309497719,no pobre,0,0,720.0,735.5,0.0,43.0,13,173,33446,5,1.0
97,0.0,0.0,4.4710002,0.0,6.0,10,71.52226309497719,71.52226309497719,pobre,0,5,800.0,609.0,1.0,47.0,16,173,33447,6,0.0
98,0.0,0.0,4.4710002,0.0,6.0,10,71.52226309497719,71.52226309497719,pobre,0,5,800.0,609.0,1.0,47.0,17,173,33447,6,0.0
97,0.0,0.0,4.4710002,0.0,5.0,10,71.52226309497719,71.52226309497719,pobre,0,5,800.0,609.0,1.0,47.0,15,173,33448,5,0.0
98,0.0,0.0,4.4710002,0.0,5.0,10,71.52226309497719,71.52226309497719,pobre,0,5,800.0,609.0,1.0,47.0,16,173,33448,5,0.0
97,0.0,0.0,4.4710002,0.0,6.0,10,71.52226309497719,71.52226309497719,pobre,0,5,800.0,609.0,1.0,47.0,13,173,33449,6,0.0
98,0.0,0.0,4.4710002,0.0,5.0,10,71.52226309497719,71.52226309497719,pobre,0,5,800.0,609.0,1.0,47.0,14,173,33449,6,0.0
97,0.0,0.0,4.4710002,1.0,3.0,10,71.52226309497719,71.52226309497719,pobre,0,5,800.0,609.0,1.0,47.0,10,173,33450,3,1.0
98,0.0,0.0,4.4710002,1.0,4.0,10,71.52226309497719,71.52226309497719,pobre,0,5,800.0,609.0,1.0,47.0,11,173,33450,3,1.0
97,0.0,0.0,4.4710002,1.0,1.0,10,71.52226309497719,71.52226309497719,pobre,0,5,800.0,609.0,1.0,47.0,8,173,33451,1,1.0
98,0.0,0.0,4.4710002,1.0,2.0,10,71.52226309497719,71.52226309497719,pobre,0,5,800.0,609.0,1.0,47.0,9,173,33451,1,1.0
97,1.0,0.0,2.4419999,,0.0,7,80.280559877345,88.75607071309749,pobre,0,0,0.0,531.0,0.0,37.0,14,154,33452,0,
98,1.0,0.0,2.4419999,0.0,3.0,7,80.280559877345,88.75607071309749,pobre,0,0,0.0,531.0,0.0,37.0,15,154,33452,0,
97,1.0,0.0,2.4419999,1.0,1.0,7,80.280559877345,88.75607071309749,pobre,0,0,0.0,531.0,0.0,37.0,12,154,33453,1,1.0
98,1.0,0.0,2.4419999,1.0,2.0,7,80.280559877345,88.75607071309749,pobre,0,0,0.0,531.0,0.0,37.0,13,154,33453,1,1.0
97,1.0,0.0,2.4419999,1.0,3.0,7,80.280559877345,88.75607071309749,pobre,0,0,0.0,531.0,0.0,37.0,10,154,33454,3,1.0
98,1.0,0.0,2.4419999,1.0,4.0,7,80.280559877345,88.75607071309749,pobre,0,0,0.0,531.0,0.0,37.0,11,154,33454,3,1.0
97,1.0,0.0,2.4419999,1.0,1.0,7,80.280559877345,88.75607071309749,pobre,0,0,0.0,531.0,0.0,37.0,8,154,33455,1,1.0
98,1.0,0.0,2.4419999,1.0,1.0,7,80.280559877345,88.75607071309749,pobre,0,0,0.0,531.0,0.0,37.0,9,154,33455,1,1.0
97,0.0,0.0,2.4419999,1.0,0.0,7,80.280559877345,88.75607071309749,pobre,0,0,0.0,531.0,0.0,37.0,6,154,33456,0,1.0
98,0.0,0.0,2.4419999,1.0,1.0,7,80.280559877345,88.75607071309749,pobre,0,0,0.0,531.0,0.0,37.0,7,154,33456,0,1.0
97,0.0,0.0,2.4419999,1.0,5.0,9,80.280559877345,88.75607071309749,pobre,0,0,750.0,687.75,1.0,47.0,15,154,33457,5,1.0
98,0.0,0.0,2.4419999,1.0,6.0,9,80.280559877345,88.75607071309749,pobre,0,0,750.0,687.75,1.0,47.0,16,154,33457,5,1.0
97,0.0,0.0,2.4419999,1.0,3.0,9,80.280559877345,88.75607071309749,pobre,0,0,750.0,687.75,1.0,47.0,13,154,33458,3,1.0
98,0.0,0.0,2.4419999,1.0,4.0,9,80.280559877345,88.75607071309749,pobre,0,0,750.0,687.75,1.0,47.0,14,154,33458,3,1.0
97,1.0,0.0,2.4419999,1.0,2.0,9,80.280559877345,88.75607071309749,pobre,0,0,750.0,687.75,1.0,47.0,10,154,33459,2,1.0
98,1.0,0.0,2.4419999,1.0,3.0,9,80.280559877345,88.75607071309749,pobre,0,0,750.0,687.75,1.0,47.0,11,154,33459,2,1.0
97,1.0,0.0,2.4419999,1.0,1.0,9,80.280559877345,88.75607071309749,pobre,0,0,750.0,687.75,1.0,47.0,8,154,33460,1,1.0
98,1.0,0.0,2.4419999,1.0,2.0,9,80.280559877345,88.75607071309749,pobre,0,0,750.0,687.75,1.0,47.0,9,154,33460,1,1.0
97,0.0,0.0,2.4419999,1.0,0.0,9,80.280559877345,88.75607071309749,pobre,0,0,750.0,687.75,1.0,47.0,6,154,33461,0,1.0
98,0.0,0.0,2.4419999,1.0,1.0,9,80.280559877345,88.75607071309749,pobre,0,0,750.0,687.75,1.0,47.0,7,154,33461,0,1.0
97,0.0,0.0,2.4419999,0.0,6.0,7,80.280559877345,88.75607071309749,no pobre,0,3,320.0,724.5,1.0,49.0,15,154,33462,6,0.0
98,0.0,0.0,2.4419999,0.0,6.0,7,80.280559877345,88.75607071309749,no pobre,0,3,320.0,724.5,1.0,49.0,16,154,33462,6,0.0
97,1.0,0.0,2.4419999,1.0,5.0,7,80.280559877345,88.75607071309749,no pobre,0,3,320.0,724.5,1.0,49.0,14,154,33463,5,1.0
98,1.0,0.0,2.4419999,1.0,5.0,7,80.280559877345,88.75607071309749,no pobre,0,3,320.0,724.5,1.0,49.0,15,154,33463,5,1.0
97,1.0,0.0,2.4419999,1.0,4.0,7,80.280559877345,88.75607071309749,no pobre,0,3,320.0,724.5,1.0,49.0,11,154,33464,4,1.0
98,1.0,0.0,2.4419999,1.0,5.0,7,80.280559877345,88.75607071309749,no pobre,0,3,320.0,724.5,1.0,49.0,12,154,33464,4,1.0
97,0.0,0.0,2.4419999,0.0,7.0,5,80.280559877345,88.75607071309749,pobre,0,6,0.0,660.0,1.0,47.0,14,154,33465,7,0.0
98,0.0,0.0,2.4419999,0.0,8.0,5,80.280559877345,88.75607071309749,pobre,0,6,0.0,660.0,1.0,47.0,15,154,33465,7,0.0
97,0.0,0.0,2.4419999,1.0,1.0,5,80.280559877345,88.75607071309749,pobre,0,6,0.0,660.0,1.0,47.0,7,154,33466,1,1.0
98,0.0,0.0,2.4419999,1.0,2.0,5,80.280559877345,88.75607071309749,pobre,0,6,0.0,660.0,1.0,47.0,8,154,33466,1,1.0
97,0.0,0.0,1.158,1.0,5.0,6,76.43225733599695,76.43225733599695,pobre,basal,6,875.0,553.0,1.0,30.0,11,150,33467,5,1.0
98,0.0,0.0,1.158,,,6,76.43225733599695,76.43225733599695,pobre,basal,6,875.0,553.0,1.0,30.0,12,150,33467,5,1.0
97,1.0,0.0,1.158,1.0,2.0,6,76.43225733599695,76.43225733599695,pobre,basal,6,875.0,553.0,1.0,30.0,9,150,33468,2,1.0
98,1.0,0.0,1.158,,,6,76.43225733599695,76.43225733599695,pobre,basal,6,875.0,553.0,1.0,30.0,10,150,33468,2,1.0
97,0.0,0.0,1.158,0.0,5.0,8,76.43225733599695,76.43225733599695,pobre,basal,6,750.0,436.0,1.0,39.0,12,150,33469,5,0.0
98,0.0,0.0,1.158,,,8,76.43225733599695,76.43225733599695,pobre,basal,6,750.0,436.0,1.0,39.0,13,150,33469,5,0.0
97,1.0,0.0,1.158,0.0,4.0,8,76.43225733599695,76.43225733599695,pobre,basal,6,750.0,436.0,1.0,39.0,11,150,33470,4,0.0
98,1.0,0.0,1.158,,,8,76.43225733599695,76.43225733599695,pobre,basal,6,750.0,436.0,1.0,39.0,12,150,33470,4,0.0
97,1.0,0.0,1.158,0.0,1.0,8,76.43225733599695,76.43225733599695,pobre,basal,6,750.0,436.0,1.0,39.0,9,150,33471,1,0.0
98,1.0,0.0,1.158,,,8,76.43225733599695,76.43225733599695,pobre,basal,6,750.0,436.0,1.0,39.0,10,150,33471,1,0.0
97,0.0,0.0,1.158,0.0,1.0,8,76.43225733599695,76.43225733599695,pobre,basal,6,750.0,436.0,1.0,39.0,7,150,33472,1,0.0
98,0.0,0.0,1.158,,,8,76.43225733599695,76.43225733599695,pobre,basal,6,750.0,436.0,1.0,39.0,8,150,33472,1,0.0
97,1.0,0.0,1.158,1.0,0.0,8,76.43225733599695,76.43225733599695,pobre,basal,6,750.0,436.0,1.0,39.0,6,150,33473,0,1.0
98,1.0,0.0,1.158,,,8,76.43225733599695,76.43225733599695,pobre,basal,6,750.0,436.0,1.0,39.0,7,150,33473,0,1.0
97,1.0,0.0,0.0,1.0,3.0,8,13.31589070824295,13.31589070824295,pobre,basal,1,600.0,494.0,1.0,35.0,10,158,33474,3,1.0
98,1.0,0.0,0.0,1.0,3.0,8,13.31589070824295,13.31589070824295,pobre,basal,1,600.0,494.0,1.0,35.0,11,158,33474,3,1.0
97,0.0,0.0,0.0,1.0,2.0,8,13.31589070824295,13.31589070824295,pobre,basal,1,600.0,494.0,1.0,35.0,8,158,33475,2,1.0
98,0.0,0.0,0.0,1.0,3.0,8,13.31589070824295,13.31589070824295,pobre,basal,1,600.0,494.0,1.0,35.0,9,158,33475,2,1.0
97,1.0,0.0,0.0,1.0,1.0,8,13.31589070824295,13.31589070824295,pobre,basal,1,600.0,494.0,1.0,35.0,7,158,33476,1,1.0
98,1.0,0.0,0.0,1.0,1.0,8,13.31589070824295,13.31589070824295,pobre,basal,1,600.0,494.0,1.0,35.0,8,158,33476,1,1.0
97,0.0,0.0,1.737,0.0,9.0,6,15.95952238751799,15.95952238751799,pobre,basal,0,800.0,783.40002,1.0,54.0,15,164,33477,9,0.0
98,0.0,0.0,1.737,0.0,9.0,6,15.95952238751799,15.95952238751799,pobre,basal,0,800.0,783.40002,1.0,54.0,16,164,33477,9,0.0
97,1.0,1.0,1.556,1.0,4.0,7,157.1601315146113,195.520786000645,pobre,basal,1,375.0,571.0,1.0,34.0,10,53,33478,4,1.0
98,1.0,1.0,1.556,1.0,4.0,7,157.1601315146113,195.520786000645,pobre,basal,1,375.0,571.0,1.0,34.0,11,53,33478,4,1.0
97,0.0,1.0,1.556,1.0,1.0,7,157.1601315146113,195.520786000645,pobre,basal,1,375.0,571.0,1.0,34.0,8,53,33479,1,1.0
98,0.0,1.0,1.556,1.0,2.0,7,157.1601315146113,195.520786000645,pobre,basal,1,375.0,571.0,1.0,34.0,9,53,33479,1,1.0
97,0.0,1.0,1.556,1.0,0.0,7,157.1601315146113,195.520786000645,pobre,basal,1,375.0,571.0,1.0,34.0,6,53,33480,0,1.0
98,0.0,1.0,1.556,1.0,0.0,7,157.1601315146113,195.520786000645,pobre,basal,1,375.0,571.0,1.0,34.0,7,53,33480,0,1.0
97,1.0,1.0,1.556,0.0,6.0,5,157.1601315146113,195.520786000645,pobre,basal,2,0.0,692.5,0.0,44.0,15,53,33481,6,0.0
98,1.0,1.0,1.556,0.0,6.0,5,157.1601315146113,195.520786000645,pobre,basal,2,0.0,692.5,0.0,44.0,16,53,33481,6,0.0
97,1.0,1.0,1.556,1.0,5.0,5,157.1601315146113,195.520786000645,pobre,basal,2,0.0,692.5,0.0,44.0,12,53,33482,5,1.0
98,1.0,1.0,1.556,1.0,6.0,5,157.1601315146113,195.520786000645,pobre,basal,2,0.0,692.5,0.0,44.0,13,53,33482,5,1.0
97,1.0,1.0,1.556,1.0,0.0,5,157.1601315146113,195.520786000645,pobre,basal,3,500.0,667.0,1.0,27.0,6,53,33483,0,1.0
98,1.0,1.0,1.556,1.0,1.0,5,157.1601315146113,195.520786000645,pobre,basal,3,500.0,667.0,1.0,27.0,7,53,33483,0,1.0
97,1.0,0.0,1.737,1.0,8.0,8,15.95952238751799,15.95952238751799,no pobre,basal,9,600.0,760.0,1.0,45.0,14,164,33484,8,1.0
98,1.0,0.0,1.737,1.0,8.0,8,15.95952238751799,15.95952238751799,no pobre,basal,9,600.0,760.0,1.0,45.0,15,164,33484,8,1.0
97,0.0,0.0,1.737,1.0,5.0,8,15.95952238751799,15.95952238751799,no pobre,basal,9,600.0,760.0,1.0,45.0,12,164,33485,5,1.0
98,0.0,0.0,1.737,1.0,7.0,8,15.95952238751799,15.95952238751799,no pobre,basal,9,600.0,760.0,1.0,45.0,13,164,33485,5,1.0
97,0.0,0.0,1.737,1.0,4.0,8,15.95952238751799,15.95952238751799,no pobre,basal,9,600.0,760.0,1.0,45.0,10,164,33486,4,1.0
98,0.0,0.0,1.737,1.0,5.0,8,15.95952238751799,15.95952238751799,no pobre,basal,9,600.0,760.0,1.0,45.0,11,164,33486,4,1.0
97,0.0,1.0,1.556,0.0,6.0,7,157.1601315146113,195.520786000645,pobre,basal,6,375.0,691.5,1.0,38.0,15,53,33487,6,0.0
98,0.0,1.0,1.556,0.0,6.0,7,157.1601315146113,195.520786000645,pobre,basal,6,375.0,691.5,1.0,38.0,16,53,33487,6,0.0
97,0.0,1.0,1.556,0.0,6.0,7,157.1601315146113,195.520786000645,pobre,basal,6,375.0,691.5,1.0,38.0,14,53,33488,6,0.0
98,0.0,1.0,1.556,0.0,6.0,7,157.1601315146113,195.520786000645,pobre,basal,6,375.0,691.5,1.0,38.0,15,53,33488,6,0.0
97,0.0,1.0,1.556,1.0,3.0,7,157.1601315146113,195.520786000645,pobre,basal,6,375.0,691.5,1.0,38.0,10,53,33489,3,1.0
98,0.0,1.0,1.556,1.0,4.0,7,157.1601315146113,195.520786000645,pobre,basal,6,375.0,691.5,1.0,38.0,11,53,33489,3,1.0
97,0.0,1.0,1.556,1.0,1.0,7,157.1601315146113,195.520786000645,pobre,basal,6,375.0,691.5,1.0,38.0,8,53,33490,1,1.0
98,0.0,1.0,1.556,1.0,2.0,7,157.1601315146113,195.520786000645,pobre,basal,6,375.0,691.5,1.0,38.0,9,53,33490,1,1.0
97,1.0,0.0,2.5090001,1.0,3.0,5,67.70657730764567,67.70657730764567,pobre,basal,9,880.0,649.0,1.0,33.0,8,175,33491,3,1.0
98,1.0,0.0,2.5090001,1.0,3.0,5,67.70657730764567,67.70657730764567,pobre,basal,9,880.0,649.0,1.0,33.0,9,175,33491,3,1.0
97,1.0,0.0,2.5090001,1.0,0.0,5,67.70657730764567,67.70657730764567,pobre,basal,9,880.0,649.0,1.0,33.0,6,175,33492,0,1.0
98,1.0,0.0,2.5090001,,,5,67.70657730764567,67.70657730764567,pobre,basal,9,880.0,649.0,1.0,33.0,7,175,33492,0,1.0
97,0.0,0.0,2.5090001,1.0,3.0,4,67.70657730764567,67.70657730764567,pobre,basal,2,720.0,691.0,1.0,44.0,9,175,33493,3,1.0
98,0.0,0.0,2.5090001,1.0,4.0,4,67.70657730764567,67.70657730764567,pobre,basal,2,720.0,691.0,1.0,44.0,10,175,33493,3,1.0
97,0.0,0.0,2.5090001,1.0,2.0,4,67.70657730764567,67.70657730764567,pobre,basal,2,720.0,691.0,1.0,44.0,6,175,33494,2,1.0
98,0.0,0.0,2.5090001,1.0,3.0,4,67.70657730764567,67.70657730764567,pobre,basal,2,720.0,691.0,1.0,44.0,7,175,33494,2,1.0
97,0.0,1.0,1.556,1.0,7.0,8,157.1601315146113,195.520786000645,pobre,basal,3,375.0,594.0,1.0,40.0,13,53,33495,7,1.0
98,0.0,1.0,1.556,1.0,8.0,8,157.1601315146113,195.520786000645,pobre,basal,3,375.0,594.0,1.0,40.0,14,53,33495,7,1.0
97,1.0,1.0,1.556,1.0,5.0,8,157.1601315146113,195.520786000645,pobre,basal,3,375.0,594.0,1.0,40.0,11,53,33496,5,1.0
98,1.0,1.0,1.556,1.0,6.0,8,157.1601315146113,195.520786000645,pobre,basal,3,375.0,594.0,1.0,40.0,12,53,33496,5,1.0
97,1.0,1.0,1.556,1.0,2.0,8,157.1601315146113,195.520786000645,pobre,basal,3,375.0,594.0,1.0,40.0,9,53,33497,2,1.0
98,1.0,1.0,1.556,1.0,3.0,8,157.1601315146113,195.520786000645,pobre,basal,3,375.0,594.0,1.0,40.0,10,53,33497,2,1.0
97,1.0,1.0,1.556,1.0,1.0,8,157.1601315146113,195.520786000645,pobre,basal,3,375.0,594.0,1.0,40.0,7,53,33498,1,1.0
98,1.0,1.0,1.556,1.0,2.0,8,157.1601315146113,195.520786000645,pobre,basal,3,375.0,594.0,1.0,40.0,8,53,33498,1,1.0
97,1.0,1.0,1.556,1.0,3.0,7,157.1601315146113,195.520786000645,pobre,basal,4,375.0,681.5,1.0,32.0,10,53,33499,3,1.0
98,1.0,1.0,1.556,1.0,4.0,7,157.1601315146113,195.520786000645,pobre,basal,4,375.0,681.5,1.0,32.0,11,53,33499,3,1.0
97,1.0,1.0,1.556,1.0,3.0,7,157.1601315146113,195.520786000645,pobre,basal,4,375.0,681.5,1.0,32.0,9,53,33500,3,1.0
98,1.0,1.0,1.556,1.0,4.0,7,157.1601315146113,195.520786000645,pobre,basal,4,375.0,681.5,1.0,32.0,10,53,33500,3,1.0
97,0.0,1.0,1.556,1.0,0.0,7,157.1601315146113,195.520786000645,pobre,basal,4,375.0,681.5,1.0,32.0,6,53,33501,0,1.0
98,0.0,1.0,1.556,1.0,1.0,7,157.1601315146113,195.520786000645,pobre,basal,4,375.0,681.5,1.0,32.0,7,53,33501,0,1.0
97,1.0,0.0,2.5090001,1.0,3.0,5,67.70657730764567,67.70657730764567,pobre,basal,4,800.0,602.0,1.0,33.0,9,175,33502,3,1.0
98,1.0,0.0,2.5090001,1.0,2.0,5,67.70657730764567,67.70657730764567,pobre,basal,4,800.0,602.0,1.0,33.0,10,175,33502,3,1.0
97,0.0,0.0,2.5090001,1.0,2.0,5,67.70657730764567,67.70657730764567,pobre,basal,4,800.0,602.0,1.0,33.0,8,175,33503,2,1.0
98,0.0,0.0,2.5090001,1.0,3.0,5,67.70657730764567,67.70657730764567,pobre,basal,4,800.0,602.0,1.0,33.0,9,175,33503,2,1.0
97,1.0,0.0,2.5090001,1.0,0.0,5,67.70657730764567,67.70657730764567,pobre,basal,4,800.0,602.0,1.0,33.0,6,175,33504,0,1.0
98,1.0,0.0,2.5090001,1.0,1.0,5,67.70657730764567,67.70657730764567,pobre,basal,4,800.0,602.0,1.0,33.0,7,175,33504,0,1.0
97,1.0,0.0,2.5090001,1.0,5.0,4,67.70657730764567,67.70657730764567,pobre,basal,9,800.0,721.0,1.0,37.0,10,175,33505,5,1.0
98,1.0,0.0,2.5090001,,,4,67.70657730764567,67.70657730764567,pobre,basal,9,800.0,721.0,1.0,37.0,11,175,33505,5,1.0
97,0.0,0.0,2.5090001,1.0,1.0,4,67.70657730764567,67.70657730764567,pobre,basal,9,800.0,721.0,1.0,37.0,7,175,33506,1,1.0
98,0.0,0.0,2.5090001,1.0,2.0,4,67.70657730764567,67.70657730764567,pobre,basal,9,800.0,721.0,1.0,37.0,8,175,33506,1,1.0
97,0.0,1.0,1.556,1.0,6.0,12,157.1601315146113,195.520786000645,pobre,basal,5,375.0,661.0,1.0,44.0,15,53,33507,6,1.0
98,0.0,1.0,1.556,1.0,9.0,12,157.1601315146113,195.520786000645,pobre,basal,5,375.0,661.0,1.0,44.0,16,53,33507,6,1.0
97,0.0,1.0,1.556,1.0,6.0,12,157.1601315146113,195.520786000645,pobre,basal,5,375.0,661.0,1.0,44.0,14,53,33508,6,1.0
98,0.0,1.0,1.556,1.0,8.0,12,157.1601315146113,195.520786000645,pobre,basal,5,375.0,661.0,1.0,44.0,15,53,33508,6,1.0
97,0.0,1.0,1.556,1.0,6.0,12,157.1601315146113,195.520786000645,pobre,basal,5,375.0,661.0,1.0,44.0,12,53,33509,6,1.0
98,0.0,1.0,1.556,1.0,7.0,12,157.1601315146113,195.520786000645,pobre,basal,5,375.0,661.0,1.0,44.0,13,53,33509,6,1.0
97,1.0,1.0,1.556,1.0,4.0,12,157.1601315146113,195.520786000645,pobre,basal,5,375.0,661.0,1.0,44.0,10,53,33510,4,1.0
98,1.0,1.0,1.556,1.0,5.0,12,157.1601315146113,195.520786000645,pobre,basal,5,375.0,661.0,1.0,44.0,11,53,33510,4,1.0
97,1.0,1.0,1.556,1.0,1.0,12,157.1601315146113,195.520786000645,pobre,basal,5,375.0,661.0,1.0,44.0,7,53,33511,1,1.0
98,1.0,1.0,1.556,1.0,2.0,12,157.1601315146113,195.520786000645,pobre,basal,5,375.0,661.0,1.0,44.0,8,53,33511,1,1.0
97,1.0,0.0,2.5090001,1.0,1.0,3,67.70657730764567,67.70657730764567,pobre,basal,3,800.0,716.0,1.0,36.0,8,175,33512,1,1.0
98,1.0,0.0,2.5090001,1.0,2.0,3,67.70657730764567,67.70657730764567,pobre,basal,3,800.0,716.0,1.0,36.0,9,175,33512,1,1.0
97,0.0,0.0,2.5090001,1.0,7.0,8,67.70657730764567,67.70657730764567,pobre,basal,2,920.0,505.0,1.0,38.0,13,175,33513,7,1.0
98,0.0,0.0,2.5090001,1.0,8.0,8,67.70657730764567,67.70657730764567,pobre,basal,2,920.0,505.0,1.0,38.0,14,175,33513,7,1.0
97,0.0,0.0,2.5090001,1.0,4.0,8,67.70657730764567,67.70657730764567,pobre,basal,2,920.0,505.0,1.0,38.0,10,175,33514,4,1.0
98,0.0,0.0,2.5090001,1.0,5.0,8,67.70657730764567,67.70657730764567,pobre,basal,2,920.0,505.0,1.0,38.0,11,175,33514,4,1.0
97,1.0,0.0,2.5090001,1.0,3.0,8,67.70657730764567,67.70657730764567,pobre,basal,2,920.0,505.0,1.0,38.0,9,175,33515,3,1.0
98,1.0,0.0,2.5090001,1.0,4.0,8,67.70657730764567,67.70657730764567,pobre,basal,2,920.0,505.0,1.0,38.0,10,175,33515,3,1.0
97,1.0,0.0,2.5090001,1.0,0.0,8,67.70657730764567,67.70657730764567,pobre,basal,2,920.0,505.0,1.0,38.0,7,175,33516,0,1.0
98,1.0,0.0,2.5090001,1.0,2.0,8,67.70657730764567,67.70657730764567,pobre,basal,2,920.0,505.0,1.0,38.0,8,175,33516,0,1.0
97,0.0,0.0,2.5090001,0.0,6.0,5,67.70657730764567,67.70657730764567,pobre,basal,1,800.0,701.5,1.0,41.0,16,175,33517,6,0.0
98,0.0,0.0,2.5090001,,,5,67.70657730764567,67.70657730764567,pobre,basal,1,800.0,701.5,1.0,41.0,17,175,33517,6,0.0
97,1.0,0.0,2.5090001,0.0,8.0,5,67.70657730764567,67.70657730764567,pobre,basal,1,800.0,701.5,1.0,41.0,15,175,33518,8,0.0
98,1.0,0.0,2.5090001,0.0,8.0,5,67.70657730764567,67.70657730764567,pobre,basal,1,800.0,701.5,1.0,41.0,16,175,33518,8,0.0
97,1.0,0.0,2.5090001,1.0,7.0,5,67.70657730764567,67.70657730764567,pobre,basal,1,800.0,701.5,1.0,41.0,13,175,33519,7,1.0
98,1.0,0.0,2.5090001,1.0,8.0,5,67.70657730764567,67.70657730764567,pobre,basal,1,800.0,701.5,1.0,41.0,14,175,33519,7,1.0
97,1.0,0.0,2.5090001,1.0,5.0,5,67.70657730764567,67.70657730764567,pobre,basal,1,800.0,701.5,1.0,41.0,11,175,33520,5,1.0
98,1.0,0.0,2.5090001,1.0,6.0,5,67.70657730764567,67.70657730764567,pobre,basal,1,800.0,701.5,1.0,41.0,12,175,33520,5,1.0
97,1.0,0.0,3.777,0.0,6.0,6,70.71948653667833,70.71948653667833,no pobre,basal,1,333.33334,752.0,1.0,48.0,16,177,33521,6,0.0
98,1.0,0.0,3.777,,,6,70.71948653667833,70.71948653667833,no pobre,basal,1,333.33334,752.0,1.0,48.0,17,177,33521,6,0.0
97,0.0,0.0,3.777,,0.0,6,70.71948653667833,70.71948653667833,no pobre,basal,1,333.33334,752.0,1.0,48.0,14,177,33522,0,
98,0.0,0.0,3.777,0.0,6.0,6,70.71948653667833,70.71948653667833,no pobre,basal,1,333.33334,752.0,1.0,48.0,15,177,33522,0,
97,0.0,0.0,3.777,1.0,3.0,6,70.71948653667833,70.71948653667833,no pobre,basal,1,333.33334,752.0,1.0,48.0,9,177,33523,3,1.0
98,0.0,0.0,3.777,1.0,4.0,6,70.71948653667833,70.71948653667833,no pobre,basal,1,333.33334,752.0,1.0,48.0,10,177,33523,3,1.0
97,1.0,0.0,3.777,1.0,5.0,4,70.71948653667833,70.71948653667833,no pobre,basal,2,700.0,699.0,1.0,54.0,12,177,33524,5,1.0
98,1.0,0.0,3.777,1.0,6.0,4,70.71948653667833,70.71948653667833,no pobre,basal,2,700.0,699.0,1.0,54.0,13,177,33524,5,1.0
97,0.0,0.0,3.777,0.0,6.0,8,70.71948653667833,70.71948653667833,no pobre,basal,1,0.0,776.0,0.0,52.0,14,177,33525,6,0.0
98,0.0,0.0,3.777,0.0,6.0,8,70.71948653667833,70.71948653667833,no pobre,basal,1,0.0,776.0,0.0,52.0,15,177,33525,6,0.0
97,1.0,0.0,3.777,0.0,6.0,8,70.71948653667833,70.71948653667833,no pobre,basal,1,0.0,776.0,0.0,52.0,12,177,33526,6,0.0
98,1.0,0.0,3.777,,,8,70.71948653667833,70.71948653667833,no pobre,basal,1,0.0,776.0,0.0,52.0,13,177,33526,6,0.0
97,0.0,0.0,3.777,0.0,6.0,8,70.71948653667833,70.71948653667833,pobre,basal,7,250.0,602.0,0.0,35.0,16,177,33527,6,0.0
98,0.0,0.0,3.777,,,8,70.71948653667833,70.71948653667833,pobre,basal,7,250.0,602.0,0.0,35.0,17,177,33527,6,0.0
97,0.0,0.0,3.777,,0.0,8,70.71948653667833,70.71948653667833,pobre,basal,7,250.0,602.0,0.0,35.0,14,177,33528,0,
98,0.0,0.0,3.777,0.0,6.0,8,70.71948653667833,70.71948653667833,pobre,basal,7,250.0,602.0,0.0,35.0,15,177,33528,0,
97,0.0,0.0,3.777,1.0,4.0,8,70.71948653667833,70.71948653667833,pobre,basal,7,250.0,602.0,0.0,35.0,10,177,33529,4,1.0
98,0.0,0.0,3.777,1.0,4.0,8,70.71948653667833,70.71948653667833,pobre,basal,7,250.0,602.0,0.0,35.0,11,177,33529,4,1.0
97,0.0,0.0,3.777,1.0,1.0,8,70.71948653667833,70.71948653667833,pobre,basal,7,250.0,602.0,0.0,35.0,8,177,33530,1,1.0
98,0.0,0.0,3.777,1.0,3.0,8,70.71948653667833,70.71948653667833,pobre,basal,7,250.0,602.0,0.0,35.0,9,177,33530,1,1.0
97,0.0,0.0,3.777,1.0,0.0,8,70.71948653667833,70.71948653667833,pobre,basal,7,250.0,602.0,0.0,35.0,6,177,33531,0,1.0
98,0.0,0.0,3.777,1.0,1.0,8,70.71948653667833,70.71948653667833,pobre,basal,7,250.0,602.0,0.0,35.0,7,177,33531,0,1.0
97,0.0,0.0,3.777,1.0,5.0,9,70.71948653667833,70.71948653667833,pobre,basal,2,0.0,594.5,1.0,47.0,15,177,33532,5,1.0
98,0.0,0.0,3.777,1.0,6.0,9,70.71948653667833,70.71948653667833,pobre,basal,2,0.0,594.5,1.0,47.0,16,177,33532,5,1.0
97,0.0,0.0,3.777,1.0,3.0,9,70.71948653667833,70.71948653667833,pobre,basal,2,0.0,594.5,1.0,47.0,11,177,33533,3,1.0
98,0.0,0.0,3.777,1.0,4.0,9,70.71948653667833,70.71948653667833,pobre,basal,2,0.0,594.5,1.0,47.0,12,177,33533,3,1.0
97,1.0,0.0,3.777,1.0,2.0,9,70.71948653667833,70.71948653667833,pobre,basal,2,0.0,594.5,1.0,47.0,9,177,33534,2,1.0
98,1.0,0.0,3.777,1.0,3.0,9,70.71948653667833,70.71948653667833,pobre,basal,2,0.0,594.5,1.0,47.0,10,177,33534,2,1.0
97,1.0,0.0,3.777,1.0,0.0,9,70.71948653667833,70.71948653667833,pobre,basal,2,0.0,594.5,1.0,47.0,8,177,33535,0,1.0
98,1.0,0.0,3.777,1.0,1.0,9,70.71948653667833,70.71948653667833,pobre,basal,2,0.0,594.5,1.0,47.0,9,177,33535,0,1.0
97,0.0,0.0,3.777,1.0,0.0,9,70.71948653667833,70.71948653667833,pobre,basal,2,0.0,594.5,1.0,47.0,6,177,33536,0,1.0
98,0.0,0.0,3.777,1.0,1.0,9,70.71948653667833,70.71948653667833,pobre,basal,2,0.0,594.5,1.0,47.0,7,177,33536,0,1.0
97,1.0,0.0,2.7149999,0.0,5.0,6,77.78515805468946,89.68874110271462,pobre,basal,6,625.0,566.0,1.0,37.0,12,197,33537,5,0.0
98,1.0,0.0,2.7149999,0.0,5.0,6,77.78515805468946,89.68874110271462,pobre,basal,6,625.0,566.0,1.0,37.0,13,197,33537,5,0.0
97,1.0,0.0,2.7149999,1.0,8.0,9,77.78515805468946,89.68874110271462,no pobre,basal,1,0.0,735.59998,1.0,51.0,16,197,33538,8,1.0
98,1.0,0.0,2.7149999,,,9,77.78515805468946,89.68874110271462,no pobre,basal,1,0.0,735.59998,1.0,51.0,17,197,33538,8,1.0
97,1.0,0.0,2.7149999,1.0,8.0,9,77.78515805468946,89.68874110271462,no pobre,basal,1,0.0,735.59998,1.0,51.0,14,197,33539,8,1.0
98,1.0,0.0,2.7149999,0.0,9.0,9,77.78515805468946,89.68874110271462,no pobre,basal,1,0.0,735.59998,1.0,51.0,15,197,33539,8,1.0
97,1.0,0.0,2.7149999,0.0,8.0,9,77.78515805468946,89.68874110271462,pobre,basal,1,2000.0,665.0,1.0,44.0,15,197,33540,8,0.0
98,1.0,0.0,2.7149999,0.0,8.0,9,77.78515805468946,89.68874110271462,pobre,basal,1,2000.0,665.0,1.0,44.0,16,197,33540,8,0.0
97,1.0,0.0,2.7149999,1.0,6.0,9,77.78515805468946,89.68874110271462,pobre,basal,1,2000.0,665.0,1.0,44.0,13,197,33541,6,1.0
98,1.0,0.0,2.7149999,1.0,7.0,9,77.78515805468946,89.68874110271462,pobre,basal,1,2000.0,665.0,1.0,44.0,14,197,33541,6,1.0
97,1.0,0.0,2.7149999,1.0,6.0,9,77.78515805468946,89.68874110271462,pobre,basal,1,2000.0,665.0,1.0,44.0,12,197,33542,6,1.0
98,1.0,0.0,2.7149999,1.0,7.0,9,77.78515805468946,89.68874110271462,pobre,basal,1,2000.0,665.0,1.0,44.0,13,197,33542,6,1.0
97,0.0,0.0,2.7149999,1.0,0.0,9,77.78515805468946,89.68874110271462,pobre,basal,1,2000.0,665.0,1.0,44.0,6,197,33543,0,1.0
98,0.0,0.0,2.7149999,1.0,1.0,9,77.78515805468946,89.68874110271462,pobre,basal,1,2000.0,665.0,1.0,44.0,7,197,33543,0,1.0
97,0.0,0.0,1.506,1.0,0.0,4,82.57785828051975,82.57785828051975,pobre,basal,0,750.0,677.0,1.0,35.0,6,196,33544,0,1.0
98,0.0,0.0,1.506,0.0,0.0,4,82.57785828051975,82.57785828051975,pobre,basal,0,750.0,677.0,1.0,35.0,7,196,33544,0,1.0
97,0.0,0.0,1.506,1.0,9.0,6,82.57785828051975,82.57785828051975,pobre,basal,1,0.0,608.0,1.0,41.0,16,196,33545,9,1.0
98,0.0,0.0,1.506,,,6,82.57785828051975,82.57785828051975,pobre,basal,1,0.0,608.0,1.0,41.0,17,196,33545,9,1.0
97,1.0,0.0,1.506,0.0,7.0,6,82.57785828051975,82.57785828051975,pobre,basal,1,0.0,608.0,1.0,41.0,14,196,33546,7,0.0
98,1.0,0.0,1.506,0.0,8.0,6,82.57785828051975,82.57785828051975,pobre,basal,1,0.0,608.0,1.0,41.0,15,196,33546,7,0.0
97,0.0,0.0,1.506,1.0,6.0,6,82.57785828051975,82.57785828051975,pobre,basal,1,0.0,608.0,1.0,41.0,12,196,33547,6,1.0
98,0.0,0.0,1.506,0.0,5.0,6,82.57785828051975,82.57785828051975,pobre,basal,1,0.0,608.0,1.0,41.0,13,196,33547,6,1.0
97,0.0,0.0,1.506,1.0,3.0,6,82.57785828051975,82.57785828051975,pobre,basal,1,0.0,608.0,1.0,41.0,10,196,33548,3,1.0
98,0.0,0.0,1.506,0.0,3.0,6,82.57785828051975,82.57785828051975,pobre,basal,1,0.0,608.0,1.0,41.0,11,196,33548,3,1.0
97,1.0,0.0,2.7149999,0.0,2.0,12,77.78515805468946,89.68874110271462,pobre,basal,0,0.0,623.0,1.0,51.0,14,197,33549,2,0.0
98,1.0,0.0,2.7149999,0.0,2.0,12,77.78515805468946,89.68874110271462,pobre,basal,0,0.0,623.0,1.0,51.0,15,197,33549,2,0.0
97,1.0,0.0,2.7149999,1.0,2.0,12,77.78515805468946,89.68874110271462,pobre,basal,0,0.0,623.0,1.0,51.0,10,197,33550,2,1.0
98,1.0,0.0,2.7149999,1.0,3.0,12,77.78515805468946,89.68874110271462,pobre,basal,0,0.0,623.0,1.0,51.0,11,197,33550,2,1.0
97,0.0,0.0,2.7149999,1.0,1.0,12,77.78515805468946,89.68874110271462,pobre,basal,0,0.0,623.0,1.0,51.0,8,197,33551,1,1.0
98,0.0,0.0,2.7149999,1.0,2.0,12,77.78515805468946,89.68874110271462,pobre,basal,0,0.0,623.0,1.0,51.0,9,197,33551,1,1.0
97,1.0,0.0,2.7149999,1.0,5.0,9,77.78515805468946,89.68874110271462,pobre,basal,4,0.0,276.0,1.0,39.0,12,197,33552,5,1.0
98,1.0,0.0,2.7149999,1.0,6.0,9,77.78515805468946,89.68874110271462,pobre,basal,4,0.0,276.0,1.0,39.0,13,197,33552,5,1.0
97,1.0,0.0,2.7149999,1.0,4.0,9,77.78515805468946,89.68874110271462,pobre,basal,4,0.0,276.0,1.0,39.0,10,197,33553,4,1.0
98,1.0,0.0,2.7149999,1.0,5.0,9,77.78515805468946,89.68874110271462,pobre,basal,4,0.0,276.0,1.0,39.0,11,197,33553,4,1.0
97,0.0,0.0,2.7149999,1.0,3.0,9,77.78515805468946,89.68874110271462,pobre,basal,4,0.0,276.0,1.0,39.0,9,197,33554,3,1.0
98,0.0,0.0,2.7149999,1.0,4.0,9,77.78515805468946,89.68874110271462,pobre,basal,4,0.0,276.0,1.0,39.0,10,197,33554,3,1.0
97,0.0,0.0,2.7149999,1.0,1.0,9,77.78515805468946,89.68874110271462,pobre,basal,4,0.0,276.0,1.0,39.0,7,197,33555,1,1.0
98,0.0,0.0,2.7149999,1.0,2.0,9,77.78515805468946,89.68874110271462,pobre,basal,4,0.0,276.0,1.0,39.0,8,197,33555,1,1.0
97,0.0,,2.7149999,1.0,0.0,7,77.78515805468946,89.68874110271462,pobre,basal,0,0.0,668.5,1.0,76.0,6,197,33556,0,1.0
98,0.0,,2.7149999,1.0,1.0,7,77.78515805468946,89.68874110271462,pobre,basal,0,0.0,668.5,1.0,76.0,7,197,33556,0,1.0
97,0.0,0.0,2.7149999,1.0,1.0,4,77.78515805468946,89.68874110271462,pobre,basal,4,100.0,672.0,1.0,32.0,7,197,33557,1,1.0
98,0.0,0.0,2.7149999,1.0,2.0,4,77.78515805468946,89.68874110271462,pobre,basal,4,100.0,672.0,1.0,32.0,8,197,33557,1,1.0
97,1.0,0.0,2.4419999,1.0,6.0,8,80.280559877345,88.75607071309749,pobre,0,0,750.0,706.0,1.0,49.0,16,154,33558,6,1.0
98,1.0,0.0,2.4419999,0.0,6.0,8,80.280559877345,88.75607071309749,pobre,0,0,750.0,706.0,1.0,49.0,17,154,33558,6,1.0
97,0.0,0.0,2.4419999,1.0,5.0,8,80.280559877345,88.75607071309749,pobre,0,0,750.0,706.0,1.0,49.0,14,154,33559,5,1.0
98,0.0,0.0,2.4419999,1.0,5.0,8,80.280559877345,88.75607071309749,pobre,0,0,750.0,706.0,1.0,49.0,15,154,33559,5,1.0
97,1.0,0.0,2.4419999,1.0,5.0,8,80.280559877345,88.75607071309749,pobre,0,0,750.0,706.0,1.0,49.0,12,154,33560,5,1.0
98,1.0,0.0,2.4419999,1.0,5.0,8,80.280559877345,88.75607071309749,pobre,0,0,750.0,706.0,1.0,49.0,13,154,33560,5,1.0
97,1.0,0.0,2.4419999,1.0,2.0,8,80.280559877345,88.75607071309749,pobre,0,0,750.0,706.0,1.0,49.0,10,154,33561,2,1.0
98,1.0,0.0,2.4419999,1.0,3.0,8,80.280559877345,88.75607071309749,pobre,0,0,750.0,706.0,1.0,49.0,11,154,33561,2,1.0
97,1.0,0.0,2.4419999,1.0,1.0,5,80.280559877345,88.75607071309749,pobre,0,1,6400.0,604.0,1.0,24.0,8,154,33562,1,1.0
98,1.0,0.0,2.4419999,1.0,1.0,5,80.280559877345,88.75607071309749,pobre,0,1,6400.0,604.0,1.0,24.0,9,154,33562,1,1.0
97,1.0,0.0,2.4419999,0.0,6.0,5,80.280559877345,88.75607071309749,no pobre,0,3,166.66667,732.0,1.0,58.0,16,154,33563,6,0.0
98,1.0,0.0,2.4419999,,,5,80.280559877345,88.75607071309749,no pobre,0,3,166.66667,732.0,1.0,58.0,17,154,33563,6,0.0
97,0.0,0.0,2.4419999,1.0,8.0,5,80.280559877345,88.75607071309749,no pobre,0,3,166.66667,732.0,1.0,58.0,13,154,33564,8,1.0
98,0.0,0.0,2.4419999,1.0,8.0,5,80.280559877345,88.75607071309749,no pobre,0,3,166.66667,732.0,1.0,58.0,14,154,33564,8,1.0
97,1.0,0.0,2.4419999,1.0,6.0,5,80.280559877345,88.75607071309749,no pobre,0,3,166.66667,732.0,1.0,58.0,12,154,33565,6,1.0
98,1.0,0.0,2.4419999,1.0,6.0,5,80.280559877345,88.75607071309749,no pobre,0,3,166.66667,732.0,1.0,58.0,13,154,33565,6,1.0
97,0.0,0.0,2.4419999,0.0,6.0,10,80.280559877345,88.75607071309749,pobre,0,3,583.33331,728.0,1.0,48.0,16,154,33566,6,0.0
98,0.0,0.0,2.4419999,0.0,6.0,10,80.280559877345,88.75607071309749,pobre,0,3,583.33331,728.0,1.0,48.0,17,154,33566,6,0.0
97,1.0,0.0,2.4419999,0.0,6.0,10,80.280559877345,88.75607071309749,pobre,0,3,583.33331,728.0,1.0,48.0,14,154,33567,6,0.0
98,1.0,0.0,2.4419999,0.0,6.0,10,80.280559877345,88.75607071309749,pobre,0,3,583.33331,728.0,1.0,48.0,15,154,33567,6,0.0
97,1.0,0.0,2.4419999,1.0,5.0,10,80.280559877345,88.75607071309749,pobre,0,3,583.33331,728.0,1.0,48.0,12,154,33568,5,1.0
98,1.0,0.0,2.4419999,0.0,6.0,10,80.280559877345,88.75607071309749,pobre,0,3,583.33331,728.0,1.0,48.0,13,154,33568,5,1.0
97,0.0,0.0,2.4419999,1.0,2.0,10,80.280559877345,88.75607071309749,pobre,0,3,583.33331,728.0,1.0,48.0,8,154,33569,2,1.0
98,0.0,0.0,2.4419999,1.0,2.0,10,80.280559877345,88.75607071309749,pobre,0,3,583.33331,728.0,1.0,48.0,9,154,33569,2,1.0
97,0.0,0.0,2.4419999,1.0,2.0,10,80.280559877345,88.75607071309749,pobre,0,3,583.33331,728.0,1.0,48.0,8,154,33570,2,1.0
98,0.0,0.0,2.4419999,1.0,2.0,10,80.280559877345,88.75607071309749,pobre,0,3,583.33331,728.0,1.0,48.0,9,154,33570,2,1.0
97,0.0,0.0,2.4419999,0.0,6.0,7,80.280559877345,88.75607071309749,no pobre,0,2,5600.0,756.5,1.0,35.0,16,154,33571,6,0.0
98,0.0,0.0,2.4419999,,,7,80.280559877345,88.75607071309749,no pobre,0,2,5600.0,756.5,1.0,35.0,17,154,33571,6,0.0
97,1.0,0.0,2.4419999,1.0,7.0,7,80.280559877345,88.75607071309749,no pobre,0,2,5600.0,756.5,1.0,35.0,13,154,33572,7,1.0
98,1.0,0.0,2.4419999,,,7,80.280559877345,88.75607071309749,no pobre,0,2,5600.0,756.5,1.0,35.0,14,154,33572,7,1.0
97,0.0,0.0,2.4419999,1.0,6.0,7,80.280559877345,88.75607071309749,no pobre,0,2,5600.0,756.5,1.0,35.0,12,154,33573,6,1.0
98,0.0,0.0,2.4419999,,,7,80.280559877345,88.75607071309749,no pobre,0,2,5600.0,756.5,1.0,35.0,13,154,33573,6,1.0
97,1.0,0.0,2.4419999,1.0,2.0,7,80.280559877345,88.75607071309749,no pobre,0,2,5600.0,756.5,1.0,35.0,7,154,33574,2,1.0
98,1.0,0.0,2.4419999,,,7,80.280559877345,88.75607071309749,no pobre,0,2,5600.0,756.5,1.0,35.0,8,154,33574,2,1.0
97,1.0,0.0,1.158,1.0,5.0,8,76.43225733599695,76.43225733599695,pobre,basal,0,120.0,717.0,0.0,53.0,10,150,33575,5,1.0
98,1.0,0.0,1.158,1.0,5.0,8,76.43225733599695,76.43225733599695,pobre,basal,0,120.0,717.0,0.0,53.0,11,150,33575,5,1.0
97,0.0,0.0,1.158,1.0,1.0,8,76.43225733599695,76.43225733599695,pobre,basal,0,120.0,717.0,0.0,53.0,6,150,33576,1,1.0
98,0.0,0.0,1.158,1.0,2.0,8,76.43225733599695,76.43225733599695,pobre,basal,0,120.0,717.0,0.0,53.0,7,150,33576,1,1.0
97,0.0,0.0,4.0009999,0.0,9.0,8,52.80493002125083,52.80493002125083,pobre,basal,9,10000.0,552.0,1.0,34.0,16,139,33577,9,0.0
98,0.0,0.0,4.0009999,,,8,52.80493002125083,52.80493002125083,pobre,basal,9,10000.0,552.0,1.0,34.0,17,139,33577,9,0.0
97,1.0,0.0,4.0009999,0.0,6.0,8,52.80493002125083,52.80493002125083,pobre,basal,9,10000.0,552.0,1.0,34.0,14,139,33578,6,0.0
98,1.0,0.0,4.0009999,,,8,52.80493002125083,52.80493002125083,pobre,basal,9,10000.0,552.0,1.0,34.0,15,139,33578,6,0.0
97,0.0,0.0,4.0009999,1.0,3.0,8,52.80493002125083,52.80493002125083,pobre,basal,9,10000.0,552.0,1.0,34.0,10,139,33579,3,1.0
98,0.0,0.0,4.0009999,,,8,52.80493002125083,52.80493002125083,pobre,basal,9,10000.0,552.0,1.0,34.0,11,139,33579,3,1.0
97,0.0,0.0,4.0009999,1.0,0.0,8,52.80493002125083,52.80493002125083,pobre,basal,9,10000.0,552.0,1.0,34.0,7,139,33580,0,1.0
98,0.0,0.0,4.0009999,,,8,52.80493002125083,52.80493002125083,pobre,basal,9,10000.0,552.0,1.0,34.0,8,139,33580,0,1.0
97,0.0,0.0,4.0009999,1.0,2.0,4,52.80493002125083,52.80493002125083,pobre,basal,1,1200.0,763.0,1.0,38.0,6,139,33581,2,1.0
98,0.0,0.0,4.0009999,1.0,3.0,4,52.80493002125083,52.80493002125083,pobre,basal,1,1200.0,763.0,1.0,38.0,7,139,33581,2,1.0
97,0.0,0.0,4.0009999,1.0,0.0,5,52.80493002125083,52.80493002125083,pobre,basal,4,0.0,607.0,1.0,67.0,6,139,33582,0,1.0
98,0.0,0.0,4.0009999,1.0,1.0,5,52.80493002125083,52.80493002125083,pobre,basal,4,0.0,607.0,1.0,67.0,7,139,33582,0,1.0
97,1.0,0.0,4.0009999,1.0,3.0,4,52.80493002125083,52.80493002125083,pobre,basal,9,1000.0,681.0,1.0,29.0,9,139,33583,3,1.0
98,1.0,0.0,4.0009999,1.0,4.0,4,52.80493002125083,52.80493002125083,pobre,basal,9,1000.0,681.0,1.0,29.0,10,139,33583,3,1.0
97,1.0,0.0,4.4710002,1.0,2.0,4,71.52226309497719,71.52226309497719,pobre,0,3,1000.0,691.0,1.0,42.0,10,173,33584,2,1.0
98,1.0,0.0,4.4710002,1.0,3.0,4,71.52226309497719,71.52226309497719,pobre,0,3,1000.0,691.0,1.0,42.0,11,173,33584,2,1.0
97,0.0,0.0,4.4710002,1.0,3.0,9,71.52226309497719,71.52226309497719,pobre,0,3,800.0,678.5,1.0,60.0,9,173,33585,3,1.0
98,0.0,0.0,4.4710002,1.0,4.0,9,71.52226309497719,71.52226309497719,pobre,0,3,800.0,678.5,1.0,60.0,10,173,33585,3,1.0
97,1.0,0.0,4.4710002,1.0,2.0,4,71.52226309497719,71.52226309497719,pobre,0,3,0.0,695.0,1.0,31.0,9,173,33586,2,1.0
98,1.0,0.0,4.4710002,1.0,3.0,4,71.52226309497719,71.52226309497719,pobre,0,3,0.0,695.0,1.0,31.0,10,173,33586,2,1.0
97,1.0,0.0,2.26,0.0,2.0,7,80.86236430001196,80.86236430001196,pobre,0,2,250.0,677.5,1.0,45.0,16,190,33587,2,0.0
98,1.0,0.0,2.26,,,7,80.86236430001196,80.86236430001196,pobre,0,2,250.0,677.5,1.0,45.0,17,190,33587,2,0.0
97,0.0,0.0,2.26,1.0,6.0,7,80.86236430001196,80.86236430001196,pobre,0,2,250.0,677.5,1.0,45.0,12,190,33588,6,1.0
98,0.0,0.0,2.26,1.0,7.0,7,80.86236430001196,80.86236430001196,pobre,0,2,250.0,677.5,1.0,45.0,13,190,33588,6,1.0
97,1.0,0.0,2.26,1.0,4.0,7,80.86236430001196,80.86236430001196,pobre,0,2,250.0,677.5,1.0,45.0,10,190,33589,4,1.0
98,1.0,0.0,2.26,1.0,5.0,7,80.86236430001196,80.86236430001196,pobre,0,2,250.0,677.5,1.0,45.0,11,190,33589,4,1.0
97,0.0,0.0,2.26,1.0,1.0,7,80.86236430001196,80.86236430001196,pobre,0,2,250.0,677.5,1.0,45.0,7,190,33590,1,1.0
98,0.0,0.0,2.26,1.0,2.0,7,80.86236430001196,80.86236430001196,pobre,0,2,250.0,677.5,1.0,45.0,8,190,33590,1,1.0
97,0.0,0.0,3.6819999,0.0,6.0,6,75.62516962103663,93.46427745160204,pobre,basal,2,400.0,623.0,1.0,65.0,16,153,33591,6,0.0
98,0.0,0.0,3.6819999,,,6,75.62516962103663,93.46427745160204,pobre,basal,2,400.0,623.0,1.0,65.0,17,153,33591,6,0.0
97,0.0,0.0,3.6819999,0.0,6.0,6,75.62516962103663,93.46427745160204,pobre,basal,2,400.0,623.0,1.0,65.0,14,153,33592,6,0.0
98,0.0,0.0,3.6819999,0.0,6.0,6,75.62516962103663,93.46427745160204,pobre,basal,2,400.0,623.0,1.0,65.0,15,153,33592,6,0.0
97,0.0,0.0,3.6819999,1.0,5.0,6,75.62516962103663,93.46427745160204,pobre,basal,2,400.0,623.0,1.0,65.0,12,153,33593,5,1.0
98,0.0,0.0,3.6819999,1.0,6.0,6,75.62516962103663,93.46427745160204,pobre,basal,2,400.0,623.0,1.0,65.0,13,153,33593,5,1.0
97,0.0,0.0,3.6819999,0.0,6.0,7,75.62516962103663,93.46427745160204,pobre,basal,2,360.0,702.0,1.0,46.0,15,153,33594,6,0.0
98,0.0,0.0,3.6819999,0.0,6.0,7,75.62516962103663,93.46427745160204,pobre,basal,2,360.0,702.0,1.0,46.0,16,153,33594,6,0.0
97,1.0,0.0,3.6819999,1.0,4.0,7,75.62516962103663,93.46427745160204,pobre,basal,2,360.0,702.0,1.0,46.0,13,153,33595,4,1.0
98,1.0,0.0,3.6819999,1.0,5.0,7,75.62516962103663,93.46427745160204,pobre,basal,2,360.0,702.0,1.0,46.0,14,153,33595,4,1.0
97,0.0,0.0,3.6819999,1.0,4.0,7,75.62516962103663,93.46427745160204,pobre,basal,2,360.0,702.0,1.0,46.0,10,153,33596,4,1.0
98,0.0,0.0,3.6819999,1.0,5.0,7,75.62516962103663,93.46427745160204,pobre,basal,2,360.0,702.0,1.0,46.0,11,153,33596,4,1.0
97,0.0,0.0,3.6819999,1.0,1.0,7,75.62516962103663,93.46427745160204,pobre,basal,2,360.0,702.0,1.0,46.0,7,153,33597,1,1.0
98,0.0,0.0,3.6819999,1.0,2.0,7,75.62516962103663,93.46427745160204,pobre,basal,2,360.0,702.0,1.0,46.0,8,153,33597,1,1.0
97,0.0,0.0,3.6819999,1.0,2.0,4,75.62516962103663,93.46427745160204,pobre,basal,1,750.0,679.0,1.0,30.0,8,153,33598,2,1.0
98,0.0,0.0,3.6819999,1.0,3.0,4,75.62516962103663,93.46427745160204,pobre,basal,1,750.0,679.0,1.0,30.0,9,153,33598,2,1.0
97,0.0,0.0,3.6819999,1.0,5.0,7,75.62516962103663,93.46427745160204,pobre,basal,3,750.0,539.0,1.0,27.0,12,153,33599,5,1.0
98,0.0,0.0,3.6819999,0.0,6.0,7,75.62516962103663,93.46427745160204,pobre,basal,3,750.0,539.0,1.0,27.0,13,153,33599,5,1.0
97,0.0,0.0,3.6819999,1.0,5.0,7,75.62516962103663,93.46427745160204,pobre,basal,3,750.0,539.0,1.0,27.0,11,153,33600,5,1.0
98,0.0,0.0,3.6819999,1.0,6.0,7,75.62516962103663,93.46427745160204,pobre,basal,3,750.0,539.0,1.0,27.0,12,153,33600,5,1.0
97,1.0,0.0,3.6819999,1.0,1.0,7,75.62516962103663,93.46427745160204,pobre,basal,3,750.0,539.0,1.0,27.0,9,153,33601,1,1.0
98,1.0,0.0,3.6819999,1.0,2.0,7,75.62516962103663,93.46427745160204,pobre,basal,3,750.0,539.0,1.0,27.0,10,153,33601,1,1.0
97,0.0,0.0,3.6819999,1.0,1.0,7,75.62516962103663,93.46427745160204,pobre,basal,3,750.0,539.0,1.0,27.0,8,153,33602,1,1.0
98,0.0,0.0,3.6819999,1.0,2.0,7,75.62516962103663,93.46427745160204,pobre,basal,3,750.0,539.0,1.0,27.0,9,153,33602,1,1.0
97,0.0,0.0,3.6819999,1.0,0.0,7,75.62516962103663,93.46427745160204,pobre,basal,3,750.0,539.0,1.0,27.0,6,153,33603,0,1.0
98,0.0,0.0,3.6819999,1.0,0.0,7,75.62516962103663,93.46427745160204,pobre,basal,3,750.0,539.0,1.0,27.0,7,153,33603,0,1.0
97,1.0,0.0,4.4710002,0.0,6.0,5,71.52226309497719,71.52226309497719,pobre,0,2,0.0,694.0,1.0,48.0,14,173,33604,6,0.0
98,1.0,0.0,4.4710002,0.0,6.0,5,71.52226309497719,71.52226309497719,pobre,0,2,0.0,694.0,1.0,48.0,15,173,33604,6,0.0
97,1.0,0.0,4.4710002,1.0,1.0,5,71.52226309497719,71.52226309497719,pobre,0,2,0.0,694.0,1.0,48.0,8,173,33605,1,1.0
98,1.0,0.0,4.4710002,1.0,2.0,5,71.52226309497719,71.52226309497719,pobre,0,2,0.0,694.0,1.0,48.0,9,173,33605,1,1.0
97,1.0,0.0,4.0009999,1.0,6.0,5,52.80493002125083,52.80493002125083,pobre,basal,0,0.0,656.0,1.0,64.0,13,139,33606,6,1.0
98,1.0,0.0,4.0009999,1.0,7.0,5,52.80493002125083,52.80493002125083,pobre,basal,0,0.0,656.0,1.0,64.0,14,139,33606,6,1.0
97,1.0,0.0,4.0009999,1.0,4.0,5,52.80493002125083,52.80493002125083,pobre,basal,0,0.0,656.0,1.0,64.0,11,139,33607,4,1.0
98,1.0,0.0,4.0009999,1.0,5.0,5,52.80493002125083,52.80493002125083,pobre,basal,0,0.0,656.0,1.0,64.0,12,139,33607,4,1.0
97,0.0,0.0,1.158,1.0,8.0,6,76.43225733599695,76.43225733599695,pobre,basal,5,1000.0,649.0,1.0,37.0,16,150,33608,8,1.0
98,0.0,0.0,1.158,,,6,76.43225733599695,76.43225733599695,pobre,basal,5,1000.0,649.0,1.0,37.0,17,150,33608,8,1.0
97,1.0,0.0,1.158,1.0,2.0,6,76.43225733599695,76.43225733599695,pobre,basal,5,1000.0,649.0,1.0,37.0,9,150,33609,2,1.0
98,1.0,0.0,1.158,1.0,3.0,6,76.43225733599695,76.43225733599695,pobre,basal,5,1000.0,649.0,1.0,37.0,10,150,33609,2,1.0
97,1.0,0.0,1.158,1.0,2.0,6,76.43225733599695,76.43225733599695,pobre,basal,5,1000.0,649.0,1.0,37.0,8,150,33610,2,1.0
98,1.0,0.0,1.158,1.0,3.0,6,76.43225733599695,76.43225733599695,pobre,basal,5,1000.0,649.0,1.0,37.0,9,150,33610,2,1.0
97,1.0,0.0,4.4710002,1.0,1.0,8,71.52226309497719,71.52226309497719,pobre,0,3,400.0,693.0,1.0,32.0,7,173,33611,1,1.0
98,1.0,0.0,4.4710002,1.0,2.0,8,71.52226309497719,71.52226309497719,pobre,0,3,400.0,693.0,1.0,32.0,8,173,33611,1,1.0
97,0.0,0.0,4.4710002,1.0,0.0,8,71.52226309497719,71.52226309497719,pobre,0,3,400.0,693.0,1.0,32.0,6,173,33612,0,1.0
98,0.0,0.0,4.4710002,1.0,1.0,8,71.52226309497719,71.52226309497719,pobre,0,3,400.0,693.0,1.0,32.0,7,173,33612,0,1.0
97,1.0,0.0,1.158,1.0,7.0,6,76.43225733599695,76.43225733599695,pobre,basal,1,600.0,565.0,1.0,42.0,15,150,33613,7,1.0
98,1.0,0.0,1.158,1.0,8.0,6,76.43225733599695,76.43225733599695,pobre,basal,1,600.0,565.0,1.0,42.0,16,150,33613,7,1.0
97,0.0,0.0,1.158,1.0,5.0,6,76.43225733599695,76.43225733599695,pobre,basal,1,600.0,565.0,1.0,42.0,10,150,33614,5,1.0
98,0.0,0.0,1.158,1.0,6.0,6,76.43225733599695,76.43225733599695,pobre,basal,1,600.0,565.0,1.0,42.0,11,150,33614,5,1.0
97,0.0,0.0,1.158,1.0,3.0,6,76.43225733599695,76.43225733599695,pobre,basal,1,600.0,565.0,1.0,42.0,9,150,33615,3,1.0
98,0.0,0.0,1.158,1.0,4.0,6,76.43225733599695,76.43225733599695,pobre,basal,1,600.0,565.0,1.0,42.0,10,150,33615,3,1.0
97,1.0,0.0,1.158,1.0,1.0,6,76.43225733599695,76.43225733599695,pobre,basal,1,600.0,565.0,1.0,42.0,7,150,33616,1,1.0
98,1.0,0.0,1.158,1.0,2.0,6,76.43225733599695,76.43225733599695,pobre,basal,1,600.0,565.0,1.0,42.0,8,150,33616,1,1.0
97,1.0,0.0,4.4710002,0.0,6.0,5,71.52226309497719,71.52226309497719,no pobre,0,3,600.0,709.0,1.0,32.0,13,173,33617,6,0.0
98,1.0,0.0,4.4710002,0.0,6.0,5,71.52226309497719,71.52226309497719,no pobre,0,3,600.0,709.0,1.0,32.0,14,173,33617,6,0.0
97,0.0,0.0,4.4710002,1.0,4.0,5,71.52226309497719,71.52226309497719,no pobre,0,3,600.0,709.0,1.0,32.0,11,173,33618,4,1.0
98,0.0,0.0,4.4710002,1.0,5.0,5,71.52226309497719,71.52226309497719,no pobre,0,3,600.0,709.0,1.0,32.0,12,173,33618,4,1.0
97,1.0,0.0,4.4710002,0.0,6.0,8,71.52226309497719,71.52226309497719,pobre,0,0,800.0,704.20001,1.0,52.0,15,173,33619,6,0.0
98,1.0,0.0,4.4710002,0.0,6.0,8,71.52226309497719,71.52226309497719,pobre,0,0,800.0,704.20001,1.0,52.0,16,173,33619,6,0.0
97,1.0,0.0,4.4710002,0.0,6.0,8,71.52226309497719,71.52226309497719,pobre,0,0,800.0,704.20001,1.0,52.0,14,173,33620,6,0.0
98,1.0,0.0,4.4710002,0.0,6.0,8,71.52226309497719,71.52226309497719,pobre,0,0,800.0,704.20001,1.0,52.0,15,173,33620,6,0.0
97,1.0,0.0,4.4710002,1.0,3.0,8,71.52226309497719,71.52226309497719,pobre,0,0,800.0,704.20001,1.0,52.0,9,173,33621,3,1.0
98,1.0,0.0,4.4710002,1.0,4.0,8,71.52226309497719,71.52226309497719,pobre,0,0,800.0,704.20001,1.0,52.0,10,173,33621,3,1.0
97,1.0,0.0,4.4710002,,0.0,6,71.52226309497719,71.52226309497719,pobre,0,0,800.0,549.0,1.0,34.0,6,173,33622,0,
98,1.0,0.0,4.4710002,1.0,1.0,6,71.52226309497719,71.52226309497719,pobre,0,0,800.0,549.0,1.0,34.0,7,173,33622,0,
97,0.0,0.0,2.043,1.0,5.0,8,62.32174829749214,62.32174829749214,pobre,0,0,625.0,512.0,1.0,38.0,12,192,33623,5,1.0
98,0.0,0.0,2.043,,,8,62.32174829749214,62.32174829749214,pobre,0,0,625.0,512.0,1.0,38.0,13,192,33623,5,1.0
97,0.0,0.0,2.043,1.0,3.0,8,62.32174829749214,62.32174829749214,pobre,0,0,625.0,512.0,1.0,38.0,10,192,33624,3,1.0
98,0.0,0.0,2.043,,,8,62.32174829749214,62.32174829749214,pobre,0,0,625.0,512.0,1.0,38.0,11,192,33624,3,1.0
97,1.0,0.0,2.043,1.0,2.0,8,62.32174829749214,62.32174829749214,pobre,0,0,625.0,512.0,1.0,38.0,8,192,33625,2,1.0
98,1.0,0.0,2.043,,,8,62.32174829749214,62.32174829749214,pobre,0,0,625.0,512.0,1.0,38.0,9,192,33625,2,1.0
97,1.0,0.0,2.043,1.0,0.0,8,62.32174829749214,62.32174829749214,pobre,0,0,625.0,512.0,1.0,38.0,6,192,33626,0,1.0
98,1.0,0.0,2.043,,,8,62.32174829749214,62.32174829749214,pobre,0,0,625.0,512.0,1.0,38.0,7,192,33626,0,1.0
97,0.0,0.0,2.043,0.0,6.0,6,62.32174829749214,62.32174829749214,no pobre,0,0,960.0,769.0,1.0,51.0,16,192,33627,6,0.0
98,0.0,0.0,2.043,,,6,62.32174829749214,62.32174829749214,no pobre,0,0,960.0,769.0,1.0,51.0,17,192,33627,6,0.0
97,0.0,0.0,2.043,0.0,6.0,6,62.32174829749214,62.32174829749214,no pobre,0,0,960.0,769.0,1.0,51.0,14,192,33628,6,0.0
98,0.0,0.0,2.043,0.0,6.0,6,62.32174829749214,62.32174829749214,no pobre,0,0,960.0,769.0,1.0,51.0,15,192,33628,6,0.0
97,0.0,0.0,0.0,1.0,4.0,6,75.23676528477016,75.23676528477016,pobre,basal,0,1400.0,694.0,0.0,44.0,15,151,33629,4,1.0
98,0.0,0.0,0.0,1.0,8.0,6,75.23676528477016,75.23676528477016,pobre,basal,0,1400.0,694.0,0.0,44.0,16,151,33629,4,1.0
97,0.0,0.0,0.0,1.0,2.0,6,75.23676528477016,75.23676528477016,pobre,basal,0,1400.0,694.0,0.0,44.0,12,151,33630,2,1.0
98,0.0,0.0,0.0,1.0,3.0,6,75.23676528477016,75.23676528477016,pobre,basal,0,1400.0,694.0,0.0,44.0,13,151,33630,2,1.0
97,0.0,0.0,0.0,1.0,1.0,6,75.23676528477016,75.23676528477016,pobre,basal,0,1400.0,694.0,0.0,44.0,10,151,33631,1,1.0
98,0.0,0.0,0.0,1.0,2.0,6,75.23676528477016,75.23676528477016,pobre,basal,0,1400.0,694.0,0.0,44.0,11,151,33631,1,1.0
97,0.0,0.0,0.0,0.0,6.0,8,75.23676528477016,75.23676528477016,pobre,basal,4,1000.0,516.77698,1.0,42.0,16,151,33632,6,0.0
98,0.0,0.0,0.0,0.0,6.0,8,75.23676528477016,75.23676528477016,pobre,basal,4,1000.0,516.77698,1.0,42.0,17,151,33632,6,0.0
97,0.0,0.0,0.0,0.0,8.0,8,75.23676528477016,75.23676528477016,pobre,basal,4,1000.0,516.77698,1.0,42.0,14,151,33633,8,0.0
98,0.0,0.0,0.0,1.0,8.0,8,75.23676528477016,75.23676528477016,pobre,basal,4,1000.0,516.77698,1.0,42.0,15,151,33633,8,0.0
97,1.0,0.0,0.0,0.0,6.0,8,75.23676528477016,75.23676528477016,pobre,basal,4,1000.0,516.77698,1.0,42.0,13,151,33634,6,0.0
98,1.0,0.0,0.0,0.0,6.0,8,75.23676528477016,75.23676528477016,pobre,basal,4,1000.0,516.77698,1.0,42.0,14,151,33634,6,0.0
97,1.0,0.0,0.0,1.0,3.0,8,75.23676528477016,75.23676528477016,pobre,basal,4,1000.0,516.77698,1.0,42.0,11,151,33635,3,1.0
98,1.0,0.0,0.0,1.0,4.0,8,75.23676528477016,75.23676528477016,pobre,basal,4,1000.0,516.77698,1.0,42.0,12,151,33635,3,1.0
97,0.0,0.0,0.0,1.0,2.0,8,75.23676528477016,75.23676528477016,pobre,basal,4,1000.0,516.77698,1.0,42.0,8,151,33636,2,1.0
98,0.0,0.0,0.0,1.0,2.0,8,75.23676528477016,75.23676528477016,pobre,basal,4,1000.0,516.77698,1.0,42.0,9,151,33636,2,1.0
97,0.0,0.0,0.0,1.0,0.0,8,75.23676528477016,75.23676528477016,pobre,basal,4,1000.0,516.77698,1.0,42.0,6,151,33637,0,1.0
98,0.0,0.0,0.0,1.0,1.0,8,75.23676528477016,75.23676528477016,pobre,basal,4,1000.0,516.77698,1.0,42.0,7,151,33637,0,1.0
97,1.0,0.0,4.0009999,1.0,1.0,4,52.80493002125083,52.80493002125083,pobre,basal,5,2000.0,696.34399,1.0,34.0,7,139,33638,1,1.0
98,1.0,0.0,4.0009999,1.0,2.0,4,52.80493002125083,52.80493002125083,pobre,basal,5,2000.0,696.34399,1.0,34.0,8,139,33638,1,1.0
97,0.0,0.0,2.4419999,0.0,6.0,7,80.280559877345,88.75607071309749,pobre,0,3,1200.0,647.5,1.0,42.0,14,154,33639,6,0.0
98,0.0,0.0,2.4419999,0.0,6.0,7,80.280559877345,88.75607071309749,pobre,0,3,1200.0,647.5,1.0,42.0,15,154,33639,6,0.0
97,0.0,0.0,2.4419999,1.0,3.0,7,80.280559877345,88.75607071309749,pobre,0,3,1200.0,647.5,1.0,42.0,11,154,33640,3,1.0
98,0.0,0.0,2.4419999,1.0,4.0,7,80.280559877345,88.75607071309749,pobre,0,3,1200.0,647.5,1.0,42.0,12,154,33640,3,1.0
97,1.0,0.0,2.4419999,1.0,1.0,7,80.280559877345,88.75607071309749,pobre,0,3,1200.0,647.5,1.0,42.0,8,154,33641,1,1.0
98,1.0,0.0,2.4419999,1.0,1.0,7,80.280559877345,88.75607071309749,pobre,0,3,1200.0,647.5,1.0,42.0,9,154,33641,1,1.0
97,0.0,0.0,2.4419999,1.0,0.0,7,80.280559877345,88.75607071309749,pobre,0,3,1200.0,647.5,1.0,42.0,6,154,33642,0,1.0
98,0.0,0.0,2.4419999,1.0,1.0,7,80.280559877345,88.75607071309749,pobre,0,3,1200.0,647.5,1.0,42.0,7,154,33642,0,1.0
97,0.0,0.0,2.4419999,,0.0,4,80.280559877345,88.75607071309749,pobre,0,9,750.0,677.0,1.0,31.0,6,154,33643,0,
98,0.0,0.0,2.4419999,1.0,0.0,4,80.280559877345,88.75607071309749,pobre,0,9,750.0,677.0,1.0,31.0,7,154,33643,0,
97,1.0,0.0,2.4419999,1.0,1.0,11,80.280559877345,88.75607071309749,pobre,0,0,750.0,558.5,1.0,79.0,8,154,33644,1,1.0
98,1.0,0.0,2.4419999,1.0,2.0,11,80.280559877345,88.75607071309749,pobre,0,0,750.0,558.5,1.0,79.0,9,154,33644,1,1.0
97,0.0,0.0,2.4419999,1.0,0.0,11,80.280559877345,88.75607071309749,pobre,0,0,750.0,558.5,1.0,79.0,6,154,33645,0,1.0
98,0.0,0.0,2.4419999,1.0,0.0,11,80.280559877345,88.75607071309749,pobre,0,0,750.0,558.5,1.0,79.0,7,154,33645,0,1.0
97,0.0,0.0,2.4419999,1.0,7.0,11,80.280559877345,88.75607071309749,pobre,0,0,750.0,558.5,1.0,79.0,16,154,33646,7,1.0
98,0.0,0.0,2.4419999,,,11,80.280559877345,88.75607071309749,pobre,0,0,750.0,558.5,1.0,79.0,17,154,33646,7,1.0
97,1.0,0.0,2.4419999,0.0,6.0,11,80.280559877345,88.75607071309749,pobre,0,0,750.0,558.5,1.0,79.0,13,154,33647,6,0.0
98,1.0,0.0,2.4419999,,,11,80.280559877345,88.75607071309749,pobre,0,0,750.0,558.5,1.0,79.0,14,154,33647,6,0.0
97,0.0,1.0,2.4419999,1.0,8.0,6,80.280559877345,88.75607071309749,pobre,0,0,145.83333,597.0,1.0,59.0,14,154,33648,8,1.0
98,0.0,1.0,2.4419999,1.0,9.0,6,80.280559877345,88.75607071309749,pobre,0,0,145.83333,597.0,1.0,59.0,15,154,33648,8,1.0
97,0.0,1.0,2.4419999,0.0,6.0,6,80.280559877345,88.75607071309749,pobre,0,0,145.83333,597.0,1.0,59.0,12,154,33649,6,0.0
98,0.0,1.0,2.4419999,0.0,6.0,6,80.280559877345,88.75607071309749,pobre,0,0,145.83333,597.0,1.0,59.0,13,154,33649,6,0.0
97,1.0,,2.4419999,1.0,3.0,6,80.280559877345,88.75607071309749,pobre,0,0,145.83333,597.0,1.0,59.0,8,154,33650,3,1.0
98,1.0,,2.4419999,1.0,4.0,6,80.280559877345,88.75607071309749,pobre,0,0,145.83333,597.0,1.0,59.0,9,154,33650,3,1.0
97,1.0,0.0,2.26,0.0,6.0,8,80.86236430001196,80.86236430001196,pobre,0,2,125.0,512.0,1.0,42.0,16,190,33651,6,0.0
98,1.0,0.0,2.26,,,8,80.86236430001196,80.86236430001196,pobre,0,2,125.0,512.0,1.0,42.0,17,190,33651,6,0.0
97,1.0,0.0,2.26,1.0,6.0,8,80.86236430001196,80.86236430001196,pobre,0,2,125.0,512.0,1.0,42.0,14,190,33652,6,1.0
98,1.0,0.0,2.26,1.0,7.0,8,80.86236430001196,80.86236430001196,pobre,0,2,125.0,512.0,1.0,42.0,15,190,33652,6,1.0
97,0.0,0.0,2.26,1.0,5.0,8,80.86236430001196,80.86236430001196,pobre,0,2,125.0,512.0,1.0,42.0,12,190,33653,5,1.0
98,0.0,0.0,2.26,1.0,6.0,8,80.86236430001196,80.86236430001196,pobre,0,2,125.0,512.0,1.0,42.0,13,190,33653,5,1.0
97,0.0,0.0,2.26,1.0,4.0,8,80.86236430001196,80.86236430001196,pobre,0,2,125.0,512.0,1.0,42.0,9,190,33654,4,1.0
98,0.0,0.0,2.26,1.0,5.0,8,80.86236430001196,80.86236430001196,pobre,0,2,125.0,512.0,1.0,42.0,10,190,33654,4,1.0
97,0.0,0.0,2.26,1.0,1.0,8,80.86236430001196,80.86236430001196,pobre,0,2,125.0,512.0,1.0,42.0,8,190,33655,1,1.0
98,0.0,0.0,2.26,1.0,2.0,8,80.86236430001196,80.86236430001196,pobre,0,2,125.0,512.0,1.0,42.0,9,190,33655,1,1.0
97,1.0,0.0,2.26,1.0,1.0,8,80.86236430001196,80.86236430001196,pobre,0,2,125.0,512.0,1.0,42.0,7,190,33656,1,1.0
98,1.0,0.0,2.26,1.0,1.0,8,80.86236430001196,80.86236430001196,pobre,0,2,125.0,512.0,1.0,42.0,8,190,33656,1,1.0
97,1.0,0.0,2.26,1.0,0.0,6,80.86236430001196,80.86236430001196,no pobre,0,3,225.0,735.0,1.0,56.0,6,190,33657,0,1.0
98,1.0,0.0,2.26,,,6,80.86236430001196,80.86236430001196,no pobre,0,3,225.0,735.0,1.0,56.0,7,190,33657,0,1.0
97,0.0,0.0,2.26,0.0,3.0,9,80.86236430001196,80.86236430001196,pobre,0,1,150.0,617.5,1.0,47.0,14,190,33658,3,0.0
98,0.0,0.0,2.26,0.0,4.0,9,80.86236430001196,80.86236430001196,pobre,0,1,150.0,617.5,1.0,47.0,15,190,33658,3,0.0
97,1.0,0.0,2.26,1.0,4.0,9,80.86236430001196,80.86236430001196,pobre,0,1,150.0,617.5,1.0,47.0,12,190,33659,4,1.0
98,1.0,0.0,2.26,1.0,5.0,9,80.86236430001196,80.86236430001196,pobre,0,1,150.0,617.5,1.0,47.0,13,190,33659,4,1.0
97,0.0,0.0,2.26,1.0,3.0,9,80.86236430001196,80.86236430001196,pobre,0,1,150.0,617.5,1.0,47.0,10,190,33660,3,1.0
98,0.0,0.0,2.26,1.0,3.0,9,80.86236430001196,80.86236430001196,pobre,0,1,150.0,617.5,1.0,47.0,11,190,33660,3,1.0
97,1.0,0.0,2.26,1.0,1.0,9,80.86236430001196,80.86236430001196,pobre,0,1,150.0,617.5,1.0,47.0,8,190,33661,1,1.0
98,1.0,0.0,2.26,1.0,2.0,9,80.86236430001196,80.86236430001196,pobre,0,1,150.0,617.5,1.0,47.0,9,190,33661,1,1.0
97,0.0,0.0,2.26,,0.0,9,80.86236430001196,80.86236430001196,pobre,0,1,150.0,617.5,1.0,47.0,6,190,33662,0,
98,0.0,0.0,2.26,1.0,0.0,9,80.86236430001196,80.86236430001196,pobre,0,1,150.0,617.5,1.0,47.0,7,190,33662,0,
97,1.0,0.0,2.26,1.0,3.0,5,80.86236430001196,80.86236430001196,pobre,0,0,0.0,621.0,1.0,62.0,12,190,33663,3,1.0
98,1.0,0.0,2.26,1.0,6.0,5,80.86236430001196,80.86236430001196,pobre,0,0,0.0,621.0,1.0,62.0,13,190,33663,3,1.0
97,1.0,0.0,2.26,1.0,2.0,5,80.86236430001196,80.86236430001196,pobre,0,0,0.0,621.0,1.0,62.0,10,190,33664,2,1.0
98,1.0,0.0,2.26,1.0,5.0,5,80.86236430001196,80.86236430001196,pobre,0,0,0.0,621.0,1.0,62.0,11,190,33664,2,1.0
97,1.0,0.0,2.26,1.0,1.0,5,80.86236430001196,80.86236430001196,pobre,0,0,0.0,621.0,1.0,62.0,8,190,33665,1,1.0
98,1.0,0.0,2.26,1.0,3.0,5,80.86236430001196,80.86236430001196,pobre,0,0,0.0,621.0,1.0,62.0,9,190,33665,1,1.0
97,1.0,0.0,2.26,1.0,7.0,5,80.86236430001196,80.86236430001196,pobre,0,8,800.0,687.5,1.0,21.0,14,190,33666,7,1.0
98,1.0,0.0,2.26,,,5,80.86236430001196,80.86236430001196,pobre,0,8,800.0,687.5,1.0,21.0,15,190,33666,7,1.0
97,0.0,0.0,2.26,1.0,4.0,5,80.86236430001196,80.86236430001196,pobre,0,8,800.0,687.5,1.0,21.0,10,190,33667,4,1.0
98,0.0,0.0,2.26,,,5,80.86236430001196,80.86236430001196,pobre,0,8,800.0,687.5,1.0,21.0,11,190,33667,4,1.0
97,1.0,0.0,2.26,1.0,8.0,7,80.86236430001196,80.86236430001196,no pobre,0,3,750.0,759.0,1.0,55.0,16,190,33668,8,1.0
98,1.0,0.0,2.26,1.0,8.0,7,80.86236430001196,80.86236430001196,no pobre,0,3,750.0,759.0,1.0,55.0,17,190,33668,8,1.0
97,1.0,0.0,2.26,1.0,5.0,7,80.86236430001196,80.86236430001196,no pobre,0,3,750.0,759.0,1.0,55.0,13,190,33669,5,1.0
98,1.0,0.0,2.26,,,7,80.86236430001196,80.86236430001196,no pobre,0,3,750.0,759.0,1.0,55.0,14,190,33669,5,1.0
97,1.0,0.0,2.26,1.0,3.0,7,80.86236430001196,80.86236430001196,pobre,0,0,200.0,481.0,1.0,70.0,9,190,33670,3,1.0
98,1.0,0.0,2.26,1.0,4.0,7,80.86236430001196,80.86236430001196,pobre,0,0,200.0,481.0,1.0,70.0,10,190,33670,3,1.0
97,1.0,0.0,2.26,1.0,3.0,7,80.86236430001196,80.86236430001196,pobre,0,0,200.0,481.0,1.0,70.0,9,190,33671,3,1.0
98,1.0,0.0,2.26,1.0,3.0,7,80.86236430001196,80.86236430001196,pobre,0,0,200.0,481.0,1.0,70.0,10,190,33671,3,1.0
97,0.0,0.0,2.26,1.0,0.0,5,80.86236430001196,80.86236430001196,no pobre,0,1,666.66669,723.5,1.0,57.0,14,190,33672,0,1.0
98,0.0,0.0,2.26,1.0,8.0,5,80.86236430001196,80.86236430001196,no pobre,0,1,666.66669,723.5,1.0,57.0,15,190,33672,0,1.0
97,1.0,0.0,2.26,1.0,0.0,5,80.86236430001196,80.86236430001196,no pobre,0,1,666.66669,723.5,1.0,57.0,12,190,33673,0,1.0
98,1.0,0.0,2.26,1.0,7.0,5,80.86236430001196,80.86236430001196,no pobre,0,1,666.66669,723.5,1.0,57.0,13,190,33673,0,1.0
97,0.0,0.0,0.0,1.0,0.0,4,80.30829567962643,80.30829567962643,pobre,basal,3,720.0,706.0,1.0,37.0,7,132,33674,0,1.0
98,0.0,0.0,0.0,1.0,1.0,4,80.30829567962643,80.30829567962643,pobre,basal,3,720.0,706.0,1.0,37.0,8,132,33674,0,1.0
97,1.0,0.0,3.777,0.0,3.0,10,70.71948653667833,70.71948653667833,pobre,basal,3,800.0,673.0,1.0,48.0,16,177,33675,3,0.0
98,1.0,0.0,3.777,,,10,70.71948653667833,70.71948653667833,pobre,basal,3,800.0,673.0,1.0,48.0,17,177,33675,3,0.0
97,1.0,0.0,3.777,1.0,5.0,10,70.71948653667833,70.71948653667833,pobre,basal,3,800.0,673.0,1.0,48.0,14,177,33676,5,1.0
98,1.0,0.0,3.777,,,10,70.71948653667833,70.71948653667833,pobre,basal,3,800.0,673.0,1.0,48.0,15,177,33676,5,1.0
97,0.0,0.0,3.777,0.0,4.0,10,70.71948653667833,70.71948653667833,pobre,basal,3,800.0,673.0,1.0,48.0,13,177,33677,4,0.0
98,0.0,0.0,3.777,,,10,70.71948653667833,70.71948653667833,pobre,basal,3,800.0,673.0,1.0,48.0,14,177,33677,4,0.0
97,1.0,0.0,3.777,1.0,3.0,10,70.71948653667833,70.71948653667833,pobre,basal,3,800.0,673.0,1.0,48.0,12,177,33678,3,1.0
98,1.0,0.0,3.777,,,10,70.71948653667833,70.71948653667833,pobre,basal,3,800.0,673.0,1.0,48.0,13,177,33678,3,1.0
97,1.0,0.0,3.777,1.0,2.0,10,70.71948653667833,70.71948653667833,pobre,basal,3,800.0,673.0,1.0,48.0,10,177,33679,2,1.0
98,1.0,0.0,3.777,,,10,70.71948653667833,70.71948653667833,pobre,basal,3,800.0,673.0,1.0,48.0,11,177,33679,2,1.0
97,1.0,0.0,3.777,1.0,1.0,10,70.71948653667833,70.71948653667833,pobre,basal,3,800.0,673.0,1.0,48.0,8,177,33680,1,1.0
98,1.0,0.0,3.777,,,10,70.71948653667833,70.71948653667833,pobre,basal,3,800.0,673.0,1.0,48.0,9,177,33680,1,1.0
97,0.0,0.0,3.777,1.0,1.0,10,70.71948653667833,70.71948653667833,pobre,basal,3,800.0,673.0,1.0,48.0,6,177,33681,1,1.0
98,0.0,0.0,3.777,,,10,70.71948653667833,70.71948653667833,pobre,basal,3,800.0,673.0,1.0,48.0,7,177,33681,1,1.0
97,0.0,0.0,3.777,1.0,5.0,6,70.71948653667833,70.71948653667833,pobre,basal,3,0.0,584.0,1.0,34.0,11,177,33682,5,1.0
98,0.0,0.0,3.777,1.0,6.0,6,70.71948653667833,70.71948653667833,pobre,basal,3,0.0,584.0,1.0,34.0,12,177,33682,5,1.0
97,1.0,0.0,3.777,1.0,2.0,6,70.71948653667833,70.71948653667833,pobre,basal,3,0.0,584.0,1.0,34.0,10,177,33683,2,1.0
98,1.0,0.0,3.777,1.0,2.0,6,70.71948653667833,70.71948653667833,pobre,basal,3,0.0,584.0,1.0,34.0,11,177,33683,2,1.0
97,1.0,0.0,3.777,1.0,1.0,6,70.71948653667833,70.71948653667833,pobre,basal,3,0.0,584.0,1.0,34.0,8,177,33684,1,1.0
98,1.0,0.0,3.777,1.0,1.0,6,70.71948653667833,70.71948653667833,pobre,basal,3,0.0,584.0,1.0,34.0,9,177,33684,1,1.0
97,0.0,0.0,3.777,1.0,0.0,6,70.71948653667833,70.71948653667833,pobre,basal,3,0.0,584.0,1.0,34.0,6,177,33685,0,1.0
98,0.0,0.0,3.777,1.0,1.0,6,70.71948653667833,70.71948653667833,pobre,basal,3,0.0,584.0,1.0,34.0,7,177,33685,0,1.0
97,1.0,0.0,3.777,0.0,9.0,8,70.71948653667833,70.71948653667833,no pobre,basal,0,166.66667,702.0,1.0,68.0,15,177,33686,9,0.0
98,1.0,0.0,3.777,0.0,9.0,8,70.71948653667833,70.71948653667833,no pobre,basal,0,166.66667,702.0,1.0,68.0,16,177,33686,9,0.0
97,0.0,0.0,3.777,0.0,6.0,8,70.71948653667833,70.71948653667833,no pobre,basal,0,166.66667,702.0,1.0,68.0,14,177,33687,6,0.0
98,0.0,0.0,3.777,1.0,6.0,8,70.71948653667833,70.71948653667833,no pobre,basal,0,166.66667,702.0,1.0,68.0,15,177,33687,6,0.0
97,0.0,0.0,2.26,1.0,0.0,6,80.86236430001196,80.86236430001196,pobre,0,1,750.0,745.0,1.0,54.0,16,190,33688,0,1.0
98,0.0,0.0,2.26,1.0,7.0,6,80.86236430001196,80.86236430001196,pobre,0,1,750.0,745.0,1.0,54.0,17,190,33688,0,1.0
97,1.0,0.0,2.26,1.0,7.0,6,80.86236430001196,80.86236430001196,pobre,0,1,750.0,745.0,1.0,54.0,15,190,33689,7,1.0
98,1.0,0.0,2.26,1.0,8.0,6,80.86236430001196,80.86236430001196,pobre,0,1,750.0,745.0,1.0,54.0,16,190,33689,7,1.0
97,1.0,0.0,2.26,1.0,3.0,6,80.86236430001196,80.86236430001196,pobre,0,1,750.0,745.0,1.0,54.0,9,190,33690,3,1.0
98,1.0,0.0,2.26,1.0,4.0,6,80.86236430001196,80.86236430001196,pobre,0,1,750.0,745.0,1.0,54.0,10,190,33690,3,1.0
97,0.0,0.0,2.26,1.0,2.0,6,80.86236430001196,80.86236430001196,pobre,0,1,750.0,745.0,1.0,54.0,8,190,33691,2,1.0
98,0.0,0.0,2.26,1.0,3.0,6,80.86236430001196,80.86236430001196,pobre,0,1,750.0,745.0,1.0,54.0,9,190,33691,2,1.0
97,1.0,0.0,2.043,0.0,4.0,4,62.32174829749214,62.32174829749214,pobre,0,0,625.0,698.0,1.0,65.0,12,192,33692,4,0.0
98,1.0,0.0,2.043,0.0,5.0,4,62.32174829749214,62.32174829749214,pobre,0,0,625.0,698.0,1.0,65.0,13,192,33692,4,0.0
97,0.0,0.0,0.0,1.0,6.0,8,75.23676528477016,75.23676528477016,pobre,basal,5,250.0,444.0,1.0,35.0,12,151,33693,6,1.0
98,0.0,0.0,0.0,1.0,6.0,8,75.23676528477016,75.23676528477016,pobre,basal,5,250.0,444.0,1.0,35.0,13,151,33693,6,1.0
97,0.0,0.0,0.0,1.0,5.0,8,75.23676528477016,75.23676528477016,pobre,basal,5,250.0,444.0,1.0,35.0,10,151,33694,5,1.0
98,0.0,0.0,0.0,1.0,6.0,8,75.23676528477016,75.23676528477016,pobre,basal,5,250.0,444.0,1.0,35.0,11,151,33694,5,1.0
97,0.0,0.0,0.0,1.0,2.0,8,75.23676528477016,75.23676528477016,pobre,basal,5,250.0,444.0,1.0,35.0,8,151,33695,2,1.0
98,0.0,0.0,0.0,1.0,3.0,8,75.23676528477016,75.23676528477016,pobre,basal,5,250.0,444.0,1.0,35.0,9,151,33695,2,1.0
97,1.0,0.0,0.0,,0.0,8,75.23676528477016,75.23676528477016,pobre,basal,5,250.0,444.0,1.0,35.0,6,151,33696,0,
98,1.0,0.0,0.0,1.0,1.0,8,75.23676528477016,75.23676528477016,pobre,basal,5,250.0,444.0,1.0,35.0,7,151,33696,0,
97,1.0,0.0,2.043,1.0,6.0,7,62.32174829749214,62.32174829749214,pobre,0,4,1000.0,554.0,1.0,31.0,12,192,33697,6,1.0
98,1.0,0.0,2.043,1.0,7.0,7,62.32174829749214,62.32174829749214,pobre,0,4,1000.0,554.0,1.0,31.0,13,192,33697,6,1.0
97,1.0,0.0,2.043,1.0,3.0,7,62.32174829749214,62.32174829749214,pobre,0,4,1000.0,554.0,1.0,31.0,10,192,33698,3,1.0
98,1.0,0.0,2.043,1.0,4.0,7,62.32174829749214,62.32174829749214,pobre,0,4,1000.0,554.0,1.0,31.0,11,192,33698,3,1.0
97,1.0,0.0,2.043,1.0,0.0,7,62.32174829749214,62.32174829749214,pobre,0,4,1000.0,554.0,1.0,31.0,6,192,33699,0,1.0
98,1.0,0.0,2.043,1.0,1.0,7,62.32174829749214,62.32174829749214,pobre,0,4,1000.0,554.0,1.0,31.0,7,192,33699,0,1.0
97,1.0,0.0,2.043,0.0,6.0,7,62.32174829749214,62.32174829749214,pobre,0,2,1750.0,676.0,1.0,41.0,15,192,33700,6,0.0
98,1.0,0.0,2.043,0.0,6.0,7,62.32174829749214,62.32174829749214,pobre,0,2,1750.0,676.0,1.0,41.0,16,192,33700,6,0.0
97,0.0,0.0,2.043,0.0,6.0,7,62.32174829749214,62.32174829749214,pobre,0,2,1750.0,676.0,1.0,41.0,13,192,33701,6,0.0
98,0.0,0.0,2.043,0.0,6.0,7,62.32174829749214,62.32174829749214,pobre,0,2,1750.0,676.0,1.0,41.0,14,192,33701,6,0.0
97,1.0,0.0,2.043,1.0,5.0,7,62.32174829749214,62.32174829749214,pobre,0,2,1750.0,676.0,1.0,41.0,11,192,33702,5,1.0
98,1.0,0.0,2.043,1.0,6.0,7,62.32174829749214,62.32174829749214,pobre,0,2,1750.0,676.0,1.0,41.0,12,192,33702,5,1.0
97,1.0,0.0,2.043,1.0,3.0,7,62.32174829749214,62.32174829749214,pobre,0,2,1750.0,676.0,1.0,41.0,8,192,33703,3,1.0
98,1.0,0.0,2.043,1.0,2.0,7,62.32174829749214,62.32174829749214,pobre,0,2,1750.0,676.0,1.0,41.0,9,192,33703,3,1.0
97,0.0,0.0,0.0,,0.0,4,75.23676528477016,75.23676528477016,pobre,basal,6,750.0,678.34399,1.0,34.0,7,151,33704,0,
98,0.0,0.0,0.0,1.0,3.0,4,75.23676528477016,75.23676528477016,pobre,basal,6,750.0,678.34399,1.0,34.0,8,151,33704,0,
97,1.0,0.0,0.0,,0.0,4,75.23676528477016,75.23676528477016,pobre,basal,6,750.0,678.34399,1.0,34.0,6,151,33705,0,
98,1.0,0.0,0.0,1.0,1.0,4,75.23676528477016,75.23676528477016,pobre,basal,6,750.0,678.34399,1.0,34.0,7,151,33705,0,
97,0.0,0.0,2.043,0.0,6.0,10,62.32174829749214,62.32174829749214,pobre,0,2,750.0,524.0,1.0,41.0,14,192,33706,6,0.0
98,0.0,0.0,2.043,0.0,6.0,10,62.32174829749214,62.32174829749214,pobre,0,2,750.0,524.0,1.0,41.0,15,192,33706,6,0.0
97,1.0,0.0,2.043,0.0,6.0,10,62.32174829749214,62.32174829749214,pobre,0,2,750.0,524.0,1.0,41.0,13,192,33707,6,0.0
98,1.0,0.0,2.043,0.0,6.0,10,62.32174829749214,62.32174829749214,pobre,0,2,750.0,524.0,1.0,41.0,14,192,33707,6,0.0
97,0.0,0.0,2.043,1.0,5.0,10,62.32174829749214,62.32174829749214,pobre,0,2,750.0,524.0,1.0,41.0,11,192,33708,5,1.0
98,0.0,0.0,2.043,0.0,6.0,10,62.32174829749214,62.32174829749214,pobre,0,2,750.0,524.0,1.0,41.0,12,192,33708,5,1.0
97,1.0,0.0,2.043,1.0,2.0,10,62.32174829749214,62.32174829749214,pobre,0,2,750.0,524.0,1.0,41.0,8,192,33709,2,1.0
98,1.0,0.0,2.043,1.0,3.0,10,62.32174829749214,62.32174829749214,pobre,0,2,750.0,524.0,1.0,41.0,9,192,33709,2,1.0
97,0.0,0.0,2.043,1.0,1.0,10,62.32174829749214,62.32174829749214,pobre,0,2,750.0,524.0,1.0,41.0,7,192,33710,1,1.0
98,0.0,0.0,2.043,1.0,2.0,10,62.32174829749214,62.32174829749214,pobre,0,2,750.0,524.0,1.0,41.0,8,192,33710,1,1.0
97,1.0,0.0,2.043,1.0,7.0,8,62.32174829749214,62.32174829749214,no pobre,0,0,416.66666,703.0,1.0,48.0,14,192,33711,7,1.0
98,1.0,0.0,2.043,1.0,8.0,8,62.32174829749214,62.32174829749214,no pobre,0,0,416.66666,703.0,1.0,48.0,15,192,33711,7,1.0
97,1.0,0.0,2.043,1.0,4.0,8,62.32174829749214,62.32174829749214,no pobre,0,0,416.66666,703.0,1.0,48.0,9,192,33712,4,1.0
98,1.0,0.0,2.043,1.0,5.0,8,62.32174829749214,62.32174829749214,no pobre,0,0,416.66666,703.0,1.0,48.0,10,192,33712,4,1.0
97,1.0,0.0,2.043,1.0,2.0,8,62.32174829749214,62.32174829749214,no pobre,0,0,416.66666,703.0,1.0,48.0,8,192,33713,2,1.0
98,1.0,0.0,2.043,1.0,3.0,8,62.32174829749214,62.32174829749214,no pobre,0,0,416.66666,703.0,1.0,48.0,9,192,33713,2,1.0
97,1.0,0.0,2.043,1.0,0.0,8,62.32174829749214,62.32174829749214,no pobre,0,0,416.66666,703.0,1.0,48.0,6,192,33714,0,1.0
98,1.0,0.0,2.043,1.0,1.0,8,62.32174829749214,62.32174829749214,no pobre,0,0,416.66666,703.0,1.0,48.0,7,192,33714,0,1.0
97,0.0,0.0,2.4419999,1.0,6.0,11,80.280559877345,88.75607071309749,pobre,0,6,2250.0,427.0,1.0,40.0,12,154,33715,6,1.0
98,0.0,0.0,2.4419999,0.0,6.0,11,80.280559877345,88.75607071309749,pobre,0,6,2250.0,427.0,1.0,40.0,13,154,33715,6,1.0
97,1.0,0.0,2.4419999,1.0,4.0,11,80.280559877345,88.75607071309749,pobre,0,6,2250.0,427.0,1.0,40.0,11,154,33716,4,1.0
98,1.0,0.0,2.4419999,1.0,5.0,11,80.280559877345,88.75607071309749,pobre,0,6,2250.0,427.0,1.0,40.0,12,154,33716,4,1.0
97,1.0,0.0,2.4419999,1.0,3.0,11,80.280559877345,88.75607071309749,pobre,0,6,2250.0,427.0,1.0,40.0,10,154,33717,3,1.0
98,1.0,0.0,2.4419999,1.0,4.0,11,80.280559877345,88.75607071309749,pobre,0,6,2250.0,427.0,1.0,40.0,11,154,33717,3,1.0
97,0.0,0.0,2.4419999,1.0,1.0,11,80.280559877345,88.75607071309749,pobre,0,6,2250.0,427.0,1.0,40.0,7,154,33718,1,1.0
98,0.0,0.0,2.4419999,1.0,2.0,11,80.280559877345,88.75607071309749,pobre,0,6,2250.0,427.0,1.0,40.0,8,154,33718,1,1.0
97,0.0,0.0,2.4419999,,0.0,11,80.280559877345,88.75607071309749,pobre,0,6,2250.0,427.0,1.0,40.0,6,154,33719,0,
98,0.0,0.0,2.4419999,1.0,1.0,11,80.280559877345,88.75607071309749,pobre,0,6,2250.0,427.0,1.0,40.0,7,154,33719,0,
97,1.0,,4.0009999,0.0,6.0,7,52.80493002125083,52.80493002125083,pobre,basal,0,0.0,567.0,1.0,59.0,16,139,33720,6,0.0
98,1.0,,4.0009999,,,7,52.80493002125083,52.80493002125083,pobre,basal,0,0.0,567.0,1.0,59.0,17,139,33720,6,0.0
97,1.0,,4.0009999,0.0,6.0,7,52.80493002125083,52.80493002125083,pobre,basal,0,0.0,567.0,1.0,59.0,14,139,33721,6,0.0
98,1.0,,4.0009999,0.0,6.0,7,52.80493002125083,52.80493002125083,pobre,basal,0,0.0,567.0,1.0,59.0,15,139,33721,6,0.0
97,1.0,,4.0009999,1.0,5.0,7,52.80493002125083,52.80493002125083,pobre,basal,0,0.0,567.0,1.0,59.0,11,139,33722,5,1.0
98,1.0,,4.0009999,1.0,6.0,7,52.80493002125083,52.80493002125083,pobre,basal,0,0.0,567.0,1.0,59.0,12,139,33722,5,1.0
97,0.0,0.0,4.0009999,,0.0,8,52.80493002125083,52.80493002125083,pobre,basal,4,800.0,562.0,1.0,36.0,14,139,33723,0,
98,0.0,0.0,4.0009999,,,8,52.80493002125083,52.80493002125083,pobre,basal,4,800.0,562.0,1.0,36.0,15,139,33723,0,
97,0.0,0.0,4.0009999,1.0,6.0,8,52.80493002125083,52.80493002125083,pobre,basal,4,800.0,562.0,1.0,36.0,12,139,33724,6,1.0
98,0.0,0.0,4.0009999,1.0,7.0,8,52.80493002125083,52.80493002125083,pobre,basal,4,800.0,562.0,1.0,36.0,13,139,33724,6,1.0
97,0.0,0.0,4.0009999,1.0,4.0,8,52.80493002125083,52.80493002125083,pobre,basal,4,800.0,562.0,1.0,36.0,10,139,33725,4,1.0
98,0.0,0.0,4.0009999,1.0,5.0,8,52.80493002125083,52.80493002125083,pobre,basal,4,800.0,562.0,1.0,36.0,11,139,33725,4,1.0
97,0.0,0.0,4.0009999,1.0,0.0,8,52.80493002125083,52.80493002125083,pobre,basal,4,800.0,562.0,1.0,36.0,7,139,33726,0,1.0
98,0.0,0.0,4.0009999,1.0,1.0,8,52.80493002125083,52.80493002125083,pobre,basal,4,800.0,562.0,1.0,36.0,8,139,33726,0,1.0
97,1.0,0.0,2.4419999,1.0,7.0,7,80.280559877345,88.75607071309749,pobre,0,3,750.0,500.0,1.0,40.0,13,154,33727,7,1.0
98,1.0,0.0,2.4419999,1.0,8.0,7,80.280559877345,88.75607071309749,pobre,0,3,750.0,500.0,1.0,40.0,14,154,33727,7,1.0
97,1.0,0.0,2.4419999,1.0,4.0,7,80.280559877345,88.75607071309749,pobre,0,3,750.0,500.0,1.0,40.0,10,154,33728,4,1.0
98,1.0,0.0,2.4419999,1.0,5.0,7,80.280559877345,88.75607071309749,pobre,0,3,750.0,500.0,1.0,40.0,11,154,33728,4,1.0
97,1.0,0.0,2.4419999,1.0,2.0,7,80.280559877345,88.75607071309749,pobre,0,3,750.0,500.0,1.0,40.0,8,154,33729,2,1.0
98,1.0,0.0,2.4419999,1.0,3.0,7,80.280559877345,88.75607071309749,pobre,0,3,750.0,500.0,1.0,40.0,9,154,33729,2,1.0
97,0.0,0.0,2.4419999,1.0,0.0,7,80.280559877345,88.75607071309749,pobre,0,3,750.0,500.0,1.0,40.0,6,154,33730,0,1.0
98,0.0,0.0,2.4419999,1.0,1.0,7,80.280559877345,88.75607071309749,pobre,0,3,750.0,500.0,1.0,40.0,7,154,33730,0,1.0
97,0.0,0.0,2.4419999,0.0,6.0,6,80.280559877345,88.75607071309749,pobre,0,2,1250.0,593.0,1.0,58.0,14,154,33731,6,0.0
98,0.0,0.0,2.4419999,,,6,80.280559877345,88.75607071309749,pobre,0,2,1250.0,593.0,1.0,58.0,15,154,33731,6,0.0
97,1.0,0.0,2.4419999,1.0,1.0,5,80.280559877345,88.75607071309749,pobre,0,3,625.0,622.0,1.0,33.0,6,154,33732,1,1.0
98,1.0,0.0,2.4419999,1.0,2.0,5,80.280559877345,88.75607071309749,pobre,0,3,625.0,622.0,1.0,33.0,7,154,33732,1,1.0
97,0.0,0.0,2.4419999,0.0,7.0,4,80.280559877345,88.75607071309749,pobre,0,1,500.0,739.0,1.0,40.0,14,154,33733,7,0.0
98,0.0,0.0,2.4419999,,,4,80.280559877345,88.75607071309749,pobre,0,1,500.0,739.0,1.0,40.0,15,154,33733,7,0.0
97,0.0,0.0,2.4419999,1.0,5.0,4,80.280559877345,88.75607071309749,pobre,0,3,750.0,676.0,1.0,43.0,11,154,33734,5,1.0
98,0.0,0.0,2.4419999,1.0,6.0,4,80.280559877345,88.75607071309749,pobre,0,3,750.0,676.0,1.0,43.0,12,154,33734,5,1.0
97,0.0,0.0,2.4419999,1.0,0.0,4,80.280559877345,88.75607071309749,pobre,0,3,750.0,676.0,1.0,43.0,6,154,33735,0,1.0
98,0.0,0.0,2.4419999,1.0,1.0,4,80.280559877345,88.75607071309749,pobre,0,3,750.0,676.0,1.0,43.0,7,154,33735,0,1.0
97,1.0,0.0,2.4419999,1.0,5.0,3,80.280559877345,88.75607071309749,pobre,0,0,0.0,770.0,1.0,47.0,13,154,33736,5,1.0
98,1.0,0.0,2.4419999,1.0,6.0,3,80.280559877345,88.75607071309749,pobre,0,0,0.0,770.0,1.0,47.0,14,154,33736,5,1.0
97,1.0,0.0,2.4419999,1.0,10.0,7,80.280559877345,88.75607071309749,no pobre,0,6,4600.0,730.5,0.0,35.0,16,154,33737,10,1.0
98,1.0,0.0,2.4419999,,,7,80.280559877345,88.75607071309749,no pobre,0,6,4600.0,730.5,0.0,35.0,17,154,33737,10,1.0
97,1.0,0.0,2.4419999,1.0,8.0,7,80.280559877345,88.75607071309749,no pobre,0,6,4600.0,730.5,0.0,35.0,15,154,33738,8,1.0
98,1.0,0.0,2.4419999,,,7,80.280559877345,88.75607071309749,no pobre,0,6,4600.0,730.5,0.0,35.0,16,154,33738,8,1.0
97,0.0,0.0,2.4419999,1.0,7.0,7,80.280559877345,88.75607071309749,no pobre,0,6,4600.0,730.5,0.0,35.0,13,154,33739,7,1.0
98,0.0,0.0,2.4419999,,,7,80.280559877345,88.75607071309749,no pobre,0,6,4600.0,730.5,0.0,35.0,14,154,33739,7,1.0
97,1.0,0.0,2.4419999,1.0,4.0,7,80.280559877345,88.75607071309749,no pobre,0,6,4600.0,730.5,0.0,35.0,10,154,33740,4,1.0
98,1.0,0.0,2.4419999,,,7,80.280559877345,88.75607071309749,no pobre,0,6,4600.0,730.5,0.0,35.0,11,154,33740,4,1.0
97,1.0,0.0,2.4419999,1.0,6.0,9,80.280559877345,88.75607071309749,pobre,0,3,250.0,454.0,1.0,42.0,14,154,33741,6,1.0
98,1.0,0.0,2.4419999,1.0,7.0,9,80.280559877345,88.75607071309749,pobre,0,3,250.0,454.0,1.0,42.0,15,154,33741,6,1.0
97,0.0,0.0,2.4419999,1.0,2.0,9,80.280559877345,88.75607071309749,pobre,0,3,250.0,454.0,1.0,42.0,11,154,33742,2,1.0
98,0.0,0.0,2.4419999,1.0,3.0,9,80.280559877345,88.75607071309749,pobre,0,3,250.0,454.0,1.0,42.0,12,154,33742,2,1.0
97,1.0,0.0,2.4419999,1.0,2.0,9,80.280559877345,88.75607071309749,pobre,0,3,250.0,454.0,1.0,42.0,8,154,33743,2,1.0
98,1.0,0.0,2.4419999,1.0,3.0,9,80.280559877345,88.75607071309749,pobre,0,3,250.0,454.0,1.0,42.0,9,154,33743,2,1.0
97,0.0,0.0,2.4419999,1.0,1.0,9,80.280559877345,88.75607071309749,pobre,0,3,250.0,454.0,1.0,42.0,6,154,33744,1,1.0
98,0.0,0.0,2.4419999,1.0,2.0,9,80.280559877345,88.75607071309749,pobre,0,3,250.0,454.0,1.0,42.0,7,154,33744,1,1.0
97,0.0,0.0,2.4419999,0.0,6.0,7,80.280559877345,88.75607071309749,pobre,0,3,0.0,550.0,1.0,43.0,15,154,33745,6,0.0
98,0.0,0.0,2.4419999,0.0,6.0,7,80.280559877345,88.75607071309749,pobre,0,3,0.0,550.0,1.0,43.0,16,154,33745,6,0.0
97,1.0,0.0,2.4419999,1.0,7.0,7,80.280559877345,88.75607071309749,pobre,0,3,0.0,550.0,1.0,43.0,13,154,33746,7,1.0
98,1.0,0.0,2.4419999,0.0,7.0,7,80.280559877345,88.75607071309749,pobre,0,3,0.0,550.0,1.0,43.0,14,154,33746,7,1.0
97,0.0,0.0,2.4419999,1.0,5.0,7,80.280559877345,88.75607071309749,pobre,0,3,0.0,550.0,1.0,43.0,11,154,33747,5,1.0
98,0.0,0.0,2.4419999,0.0,6.0,7,80.280559877345,88.75607071309749,pobre,0,3,0.0,550.0,1.0,43.0,12,154,33747,5,1.0
97,1.0,0.0,2.4419999,1.0,1.0,7,80.280559877345,88.75607071309749,pobre,0,3,0.0,550.0,1.0,43.0,7,154,33748,1,1.0
98,1.0,0.0,2.4419999,1.0,1.0,7,80.280559877345,88.75607071309749,pobre,0,3,0.0,550.0,1.0,43.0,8,154,33748,1,1.0
97,0.0,0.0,4.0009999,0.0,9.0,6,52.80493002125083,52.80493002125083,pobre,basal,2,0.0,666.0,1.0,52.0,15,139,33749,9,0.0
98,0.0,0.0,4.0009999,1.0,9.0,6,52.80493002125083,52.80493002125083,pobre,basal,2,0.0,666.0,1.0,52.0,16,139,33749,9,0.0
97,0.0,0.0,4.0009999,0.0,6.0,6,52.80493002125083,52.80493002125083,pobre,basal,2,0.0,666.0,1.0,52.0,12,139,33750,6,0.0
98,0.0,0.0,4.0009999,0.0,6.0,6,52.80493002125083,52.80493002125083,pobre,basal,2,0.0,666.0,1.0,52.0,13,139,33750,6,0.0
97,1.0,0.0,4.4710002,0.0,6.0,6,71.52226309497719,71.52226309497719,pobre,0,1,600.0,677.0,1.0,36.0,13,173,33751,6,0.0
98,1.0,0.0,4.4710002,0.0,6.0,6,71.52226309497719,71.52226309497719,pobre,0,1,600.0,677.0,1.0,36.0,14,173,33751,6,0.0
97,1.0,0.0,4.4710002,1.0,5.0,6,71.52226309497719,71.52226309497719,pobre,0,1,600.0,677.0,1.0,36.0,12,173,33752,5,1.0
98,1.0,0.0,4.4710002,0.0,6.0,6,71.52226309497719,71.52226309497719,pobre,0,1,600.0,677.0,1.0,36.0,13,173,33752,5,1.0
97,0.0,0.0,4.4710002,1.0,2.0,6,71.52226309497719,71.52226309497719,pobre,0,1,600.0,677.0,1.0,36.0,8,173,33753,2,1.0
98,0.0,0.0,4.4710002,1.0,3.0,6,71.52226309497719,71.52226309497719,pobre,0,1,600.0,677.0,1.0,36.0,9,173,33753,2,1.0
97,1.0,0.0,2.4419999,1.0,0.0,3,80.280559877345,88.75607071309749,pobre,0,12,1500.0,781.0,1.0,30.0,6,154,33754,0,1.0
98,1.0,0.0,2.4419999,1.0,1.0,3,80.280559877345,88.75607071309749,pobre,0,12,1500.0,781.0,1.0,30.0,7,154,33754,0,1.0
97,0.0,0.0,1.158,0.0,6.0,8,76.43225733599695,76.43225733599695,pobre,basal,0,625.0,682.0,1.0,55.0,15,150,33755,6,0.0
98,0.0,0.0,1.158,0.0,6.0,8,76.43225733599695,76.43225733599695,pobre,basal,0,625.0,682.0,1.0,55.0,16,150,33755,6,0.0
97,0.0,0.0,1.158,1.0,6.0,8,76.43225733599695,76.43225733599695,pobre,basal,0,625.0,682.0,1.0,55.0,13,150,33756,6,1.0
98,0.0,0.0,1.158,1.0,7.0,8,76.43225733599695,76.43225733599695,pobre,basal,0,625.0,682.0,1.0,55.0,14,150,33756,6,1.0
97,0.0,0.0,1.158,1.0,5.0,8,76.43225733599695,76.43225733599695,pobre,basal,0,625.0,682.0,1.0,55.0,12,150,33757,5,1.0
98,0.0,0.0,1.158,1.0,6.0,8,76.43225733599695,76.43225733599695,pobre,basal,0,625.0,682.0,1.0,55.0,13,150,33757,5,1.0
97,0.0,0.0,1.158,1.0,3.0,8,76.43225733599695,76.43225733599695,pobre,basal,0,625.0,682.0,1.0,55.0,9,150,33758,3,1.0
98,0.0,0.0,1.158,1.0,4.0,8,76.43225733599695,76.43225733599695,pobre,basal,0,625.0,682.0,1.0,55.0,10,150,33758,3,1.0
97,1.0,0.0,1.158,1.0,1.0,8,76.43225733599695,76.43225733599695,pobre,basal,0,625.0,682.0,1.0,55.0,6,150,33759,1,1.0
98,1.0,0.0,1.158,1.0,0.0,8,76.43225733599695,76.43225733599695,pobre,basal,0,625.0,682.0,1.0,55.0,7,150,33759,1,1.0
97,0.0,0.0,2.5090001,0.0,6.0,9,67.70657730764567,67.70657730764567,pobre,basal,1,800.0,710.5,1.0,58.0,14,175,33760,6,0.0
98,0.0,0.0,2.5090001,0.0,6.0,9,67.70657730764567,67.70657730764567,pobre,basal,1,800.0,710.5,1.0,58.0,15,175,33760,6,0.0
97,0.0,0.0,2.5090001,1.0,7.0,9,67.70657730764567,67.70657730764567,pobre,basal,1,800.0,710.5,1.0,58.0,13,175,33761,7,1.0
98,0.0,0.0,2.5090001,1.0,8.0,9,67.70657730764567,67.70657730764567,pobre,basal,1,800.0,710.5,1.0,58.0,14,175,33761,7,1.0
97,1.0,0.0,1.158,0.0,6.0,8,76.43225733599695,76.43225733599695,pobre,basal,6,625.0,640.0,1.0,42.0,16,150,33762,6,0.0
98,1.0,0.0,1.158,,,8,76.43225733599695,76.43225733599695,pobre,basal,6,625.0,640.0,1.0,42.0,17,150,33762,6,0.0
97,1.0,0.0,1.158,0.0,6.0,8,76.43225733599695,76.43225733599695,pobre,basal,6,625.0,640.0,1.0,42.0,15,150,33763,6,0.0
98,1.0,0.0,1.158,0.0,6.0,8,76.43225733599695,76.43225733599695,pobre,basal,6,625.0,640.0,1.0,42.0,16,150,33763,6,0.0
97,0.0,0.0,1.158,1.0,5.0,8,76.43225733599695,76.43225733599695,pobre,basal,6,625.0,640.0,1.0,42.0,12,150,33764,5,1.0
98,0.0,0.0,1.158,0.0,6.0,8,76.43225733599695,76.43225733599695,pobre,basal,6,625.0,640.0,1.0,42.0,13,150,33764,5,1.0
97,1.0,0.0,1.158,1.0,3.0,8,76.43225733599695,76.43225733599695,pobre,basal,6,625.0,640.0,1.0,42.0,10,150,33765,3,1.0
98,1.0,0.0,1.158,1.0,3.0,8,76.43225733599695,76.43225733599695,pobre,basal,6,625.0,640.0,1.0,42.0,11,150,33765,3,1.0
97,1.0,0.0,1.158,1.0,1.0,8,76.43225733599695,76.43225733599695,pobre,basal,6,625.0,640.0,1.0,42.0,7,150,33766,1,1.0
98,1.0,0.0,1.158,1.0,2.0,8,76.43225733599695,76.43225733599695,pobre,basal,6,625.0,640.0,1.0,42.0,8,150,33766,1,1.0
97,0.0,0.0,1.158,,0.0,8,76.43225733599695,76.43225733599695,pobre,basal,6,625.0,640.0,1.0,42.0,8,150,33767,0,
98,0.0,0.0,1.158,1.0,2.0,8,76.43225733599695,76.43225733599695,pobre,basal,6,625.0,640.0,1.0,42.0,9,150,33767,0,
97,1.0,0.0,2.5090001,0.0,9.0,8,67.70657730764567,67.70657730764567,pobre,basal,2,880.0,614.0,1.0,42.0,15,175,33768,9,0.0
98,1.0,0.0,2.5090001,0.0,9.0,8,67.70657730764567,67.70657730764567,pobre,basal,2,880.0,614.0,1.0,42.0,16,175,33768,9,0.0
97,0.0,0.0,2.5090001,1.0,9.0,8,67.70657730764567,67.70657730764567,pobre,basal,2,880.0,614.0,1.0,42.0,14,175,33769,9,1.0
98,0.0,0.0,2.5090001,0.0,9.0,8,67.70657730764567,67.70657730764567,pobre,basal,2,880.0,614.0,1.0,42.0,15,175,33769,9,1.0
97,1.0,0.0,2.5090001,1.0,6.0,8,67.70657730764567,67.70657730764567,pobre,basal,2,880.0,614.0,1.0,42.0,11,175,33770,6,1.0
98,1.0,0.0,2.5090001,1.0,6.0,8,67.70657730764567,67.70657730764567,pobre,basal,2,880.0,614.0,1.0,42.0,12,175,33770,6,1.0
97,1.0,0.0,2.5090001,1.0,0.0,8,67.70657730764567,67.70657730764567,pobre,basal,2,880.0,614.0,1.0,42.0,6,175,33771,0,1.0
98,1.0,0.0,2.5090001,1.0,1.0,8,67.70657730764567,67.70657730764567,pobre,basal,2,880.0,614.0,1.0,42.0,7,175,33771,0,1.0
97,1.0,0.0,2.5090001,0.0,9.0,5,67.70657730764567,67.70657730764567,no pobre,basal,0,800.0,772.5,1.0,52.0,16,175,33772,9,0.0
98,1.0,0.0,2.5090001,,,5,67.70657730764567,67.70657730764567,no pobre,basal,0,800.0,772.5,1.0,52.0,17,175,33772,9,0.0
97,1.0,0.0,2.5090001,1.0,7.0,5,67.70657730764567,67.70657730764567,no pobre,basal,0,800.0,772.5,1.0,52.0,14,175,33773,7,1.0
98,1.0,0.0,2.5090001,1.0,8.0,5,67.70657730764567,67.70657730764567,no pobre,basal,0,800.0,772.5,1.0,52.0,15,175,33773,7,1.0
97,0.0,0.0,2.5090001,1.0,6.0,9,67.70657730764567,67.70657730764567,no pobre,basal,0,600.0,747.0,1.0,80.0,12,175,33774,6,1.0
98,0.0,0.0,2.5090001,0.0,6.0,9,67.70657730764567,67.70657730764567,no pobre,basal,0,600.0,747.0,1.0,80.0,13,175,33774,6,1.0
97,0.0,0.0,2.5090001,1.0,6.0,9,67.70657730764567,67.70657730764567,no pobre,basal,0,600.0,747.0,1.0,80.0,12,175,33775,6,1.0
98,0.0,0.0,2.5090001,0.0,6.0,9,67.70657730764567,67.70657730764567,no pobre,basal,0,600.0,747.0,1.0,80.0,13,175,33775,6,1.0
97,0.0,0.0,2.5090001,0.0,6.0,5,67.70657730764567,67.70657730764567,pobre,basal,3,0.0,646.0,0.0,45.0,15,175,33776,6,0.0
98,0.0,0.0,2.5090001,0.0,8.0,5,67.70657730764567,67.70657730764567,pobre,basal,3,0.0,646.0,0.0,45.0,16,175,33776,6,0.0
97,1.0,0.0,2.5090001,1.0,6.0,5,67.70657730764567,67.70657730764567,pobre,basal,3,0.0,646.0,0.0,45.0,11,175,33777,6,1.0
98,1.0,0.0,2.5090001,1.0,6.0,5,67.70657730764567,67.70657730764567,pobre,basal,3,0.0,646.0,0.0,45.0,12,175,33777,6,1.0
97,1.0,0.0,2.5090001,1.0,0.0,5,67.70657730764567,67.70657730764567,pobre,basal,3,0.0,646.0,0.0,45.0,6,175,33778,0,1.0
98,1.0,0.0,2.5090001,1.0,1.0,5,67.70657730764567,67.70657730764567,pobre,basal,3,0.0,646.0,0.0,45.0,7,175,33778,0,1.0
97,0.0,0.0,2.5090001,0.0,6.0,6,67.70657730764567,67.70657730764567,pobre,basal,3,600.0,658.0,1.0,61.0,16,175,33779,6,0.0
98,0.0,0.0,2.5090001,,,6,67.70657730764567,67.70657730764567,pobre,basal,3,600.0,658.0,1.0,61.0,17,175,33779,6,0.0
97,0.0,0.0,2.5090001,1.0,6.0,6,67.70657730764567,67.70657730764567,pobre,basal,3,600.0,658.0,1.0,61.0,13,175,33780,6,1.0
98,0.0,0.0,2.5090001,,,6,67.70657730764567,67.70657730764567,pobre,basal,3,600.0,658.0,1.0,61.0,14,175,33780,6,1.0
97,0.0,0.0,2.5090001,1.0,0.0,6,67.70657730764567,67.70657730764567,pobre,basal,3,600.0,658.0,1.0,61.0,6,175,33781,0,1.0
98,0.0,0.0,2.5090001,,,6,67.70657730764567,67.70657730764567,pobre,basal,3,600.0,658.0,1.0,61.0,7,175,33781,0,1.0
97,0.0,0.0,0.0,1.0,4.0,7,75.23676528477016,75.23676528477016,pobre,basal,3,83.333336,670.5,1.0,64.0,10,151,33782,4,1.0
98,0.0,0.0,0.0,1.0,5.0,7,75.23676528477016,75.23676528477016,pobre,basal,3,83.333336,670.5,1.0,64.0,11,151,33782,4,1.0
97,0.0,0.0,0.0,1.0,0.0,7,75.23676528477016,75.23676528477016,pobre,basal,3,83.333336,670.5,1.0,64.0,6,151,33783,0,1.0
98,0.0,0.0,0.0,1.0,1.0,7,75.23676528477016,75.23676528477016,pobre,basal,3,83.333336,670.5,1.0,64.0,7,151,33783,0,1.0
97,0.0,0.0,0.0,0.0,3.0,7,75.23676528477016,75.23676528477016,pobre,basal,3,83.333336,670.5,1.0,64.0,16,151,33784,3,0.0
98,0.0,0.0,0.0,,,7,75.23676528477016,75.23676528477016,pobre,basal,3,83.333336,670.5,1.0,64.0,17,151,33784,3,0.0
97,0.0,0.0,0.0,1.0,4.0,6,75.23676528477016,75.23676528477016,pobre,basal,6,0.0,601.0,1.0,31.0,10,151,33785,4,1.0
98,0.0,0.0,0.0,1.0,5.0,6,75.23676528477016,75.23676528477016,pobre,basal,6,0.0,601.0,1.0,31.0,11,151,33785,4,1.0
97,1.0,0.0,0.0,1.0,3.0,6,75.23676528477016,75.23676528477016,pobre,basal,6,0.0,601.0,1.0,31.0,8,151,33786,3,1.0
98,1.0,0.0,0.0,1.0,3.0,6,75.23676528477016,75.23676528477016,pobre,basal,6,0.0,601.0,1.0,31.0,9,151,33786,3,1.0
97,1.0,0.0,0.0,1.0,0.0,6,75.23676528477016,75.23676528477016,pobre,basal,6,0.0,601.0,1.0,31.0,6,151,33787,0,1.0
98,1.0,0.0,0.0,1.0,1.0,6,75.23676528477016,75.23676528477016,pobre,basal,6,0.0,601.0,1.0,31.0,7,151,33787,0,1.0
97,0.0,0.0,1.158,1.0,4.0,5,76.43225733599695,76.43225733599695,pobre,basal,2,1000.0,704.5,1.0,33.0,10,150,33788,4,1.0
98,0.0,0.0,1.158,1.0,4.0,5,76.43225733599695,76.43225733599695,pobre,basal,2,1000.0,704.5,1.0,33.0,11,150,33788,4,1.0
97,0.0,0.0,1.158,1.0,3.0,5,76.43225733599695,76.43225733599695,pobre,basal,2,1000.0,704.5,1.0,33.0,8,150,33789,3,1.0
98,0.0,0.0,1.158,1.0,3.0,5,76.43225733599695,76.43225733599695,pobre,basal,2,1000.0,704.5,1.0,33.0,9,150,33789,3,1.0
97,1.0,0.0,1.158,0.0,6.0,6,76.43225733599695,76.43225733599695,pobre,basal,0,1000.0,777.5,1.0,53.0,15,150,33790,6,0.0
98,1.0,0.0,1.158,0.0,6.0,6,76.43225733599695,76.43225733599695,pobre,basal,0,1000.0,777.5,1.0,53.0,16,150,33790,6,0.0
97,1.0,0.0,1.158,1.0,1.0,6,76.43225733599695,76.43225733599695,pobre,basal,5,960.0,580.0,1.0,34.0,6,150,33791,1,1.0
98,1.0,0.0,1.158,1.0,1.0,6,76.43225733599695,76.43225733599695,pobre,basal,5,960.0,580.0,1.0,34.0,7,150,33791,1,1.0
97,0.0,0.0,0.0,1.0,2.0,5,75.23676528477016,75.23676528477016,pobre,basal,6,400.0,623.0,1.0,27.0,8,151,33792,2,1.0
98,0.0,0.0,0.0,1.0,3.0,5,75.23676528477016,75.23676528477016,pobre,basal,6,400.0,623.0,1.0,27.0,9,151,33792,2,1.0
97,1.0,0.0,0.0,1.0,1.0,5,75.23676528477016,75.23676528477016,pobre,basal,6,400.0,623.0,1.0,27.0,6,151,33793,1,1.0
98,1.0,0.0,0.0,1.0,2.0,5,75.23676528477016,75.23676528477016,pobre,basal,6,400.0,623.0,1.0,27.0,7,151,33793,1,1.0
97,0.0,0.0,0.0,0.0,7.0,5,75.23676528477016,75.23676528477016,pobre,basal,0,416.66666,619.09399,1.0,59.0,14,151,33794,7,0.0
98,0.0,0.0,0.0,0.0,2.0,5,75.23676528477016,75.23676528477016,pobre,basal,0,416.66666,619.09399,1.0,59.0,15,151,33794,7,0.0
97,0.0,0.0,0.0,1.0,6.0,5,75.23676528477016,75.23676528477016,pobre,basal,0,416.66666,619.09399,1.0,59.0,12,151,33795,6,1.0
98,0.0,0.0,0.0,0.0,6.0,5,75.23676528477016,75.23676528477016,pobre,basal,0,416.66666,619.09399,1.0,59.0,13,151,33795,6,1.0
97,0.0,,0.0,,0.0,5,75.23676528477016,75.23676528477016,pobre,basal,0,416.66666,619.09399,1.0,59.0,9,151,33796,0,
98,0.0,,0.0,1.0,2.0,5,75.23676528477016,75.23676528477016,pobre,basal,0,416.66666,619.09399,1.0,59.0,10,151,33796,0,
97,0.0,0.0,0.0,1.0,3.0,7,75.23676528477016,75.23676528477016,pobre,basal,9,83.333336,523.0,1.0,31.0,9,151,33797,3,1.0
98,0.0,0.0,0.0,1.0,4.0,7,75.23676528477016,75.23676528477016,pobre,basal,9,83.333336,523.0,1.0,31.0,10,151,33797,3,1.0
97,0.0,0.0,0.0,1.0,1.0,7,75.23676528477016,75.23676528477016,pobre,basal,9,83.333336,523.0,1.0,31.0,7,151,33798,1,1.0
98,0.0,0.0,0.0,1.0,2.0,7,75.23676528477016,75.23676528477016,pobre,basal,9,83.333336,523.0,1.0,31.0,8,151,33798,1,1.0
97,1.0,0.0,0.0,,0.0,7,75.23676528477016,75.23676528477016,no pobre,basal,0,416.66666,731.0,1.0,54.0,16,151,33799,0,
98,1.0,0.0,0.0,,,7,75.23676528477016,75.23676528477016,no pobre,basal,0,416.66666,731.0,1.0,54.0,17,151,33799,0,
97,0.0,0.0,0.0,1.0,7.0,7,75.23676528477016,75.23676528477016,no pobre,basal,0,416.66666,731.0,1.0,54.0,15,151,33800,7,1.0
98,0.0,0.0,0.0,1.0,7.0,7,75.23676528477016,75.23676528477016,no pobre,basal,0,416.66666,731.0,1.0,54.0,16,151,33800,7,1.0
97,0.0,0.0,0.0,1.0,4.0,7,75.23676528477016,75.23676528477016,no pobre,basal,0,416.66666,731.0,1.0,54.0,12,151,33801,4,1.0
98,0.0,0.0,0.0,1.0,5.0,7,75.23676528477016,75.23676528477016,no pobre,basal,0,416.66666,731.0,1.0,54.0,13,151,33801,4,1.0
97,0.0,0.0,0.0,1.0,3.0,7,75.23676528477016,75.23676528477016,no pobre,basal,0,416.66666,731.0,1.0,54.0,11,151,33802,3,1.0
98,0.0,0.0,0.0,1.0,4.0,7,75.23676528477016,75.23676528477016,no pobre,basal,0,416.66666,731.0,1.0,54.0,12,151,33802,3,1.0
97,1.0,0.0,0.0,0.0,6.0,5,80.30829567962643,80.30829567962643,pobre,basal,0,875.0,683.5,1.0,34.0,14,132,33803,6,0.0
98,1.0,0.0,0.0,0.0,6.0,5,80.30829567962643,80.30829567962643,pobre,basal,0,875.0,683.5,1.0,34.0,15,132,33803,6,0.0
97,1.0,0.0,0.0,1.0,4.0,5,80.30829567962643,80.30829567962643,pobre,basal,0,875.0,683.5,1.0,34.0,11,132,33804,4,1.0
98,1.0,0.0,0.0,1.0,5.0,5,80.30829567962643,80.30829567962643,pobre,basal,0,875.0,683.5,1.0,34.0,12,132,33804,4,1.0
97,1.0,0.0,0.0,1.0,1.0,5,80.30829567962643,80.30829567962643,pobre,basal,0,875.0,683.5,1.0,34.0,8,132,33805,1,1.0
98,1.0,0.0,0.0,1.0,2.0,5,80.30829567962643,80.30829567962643,pobre,basal,0,875.0,683.5,1.0,34.0,9,132,33805,1,1.0
97,1.0,0.0,0.0,0.0,6.0,9,80.30829567962643,80.30829567962643,pobre,basal,4,750.0,505.0,1.0,34.0,13,132,33806,6,0.0
98,1.0,0.0,0.0,0.0,6.0,9,80.30829567962643,80.30829567962643,pobre,basal,4,750.0,505.0,1.0,34.0,14,132,33806,6,0.0
97,0.0,0.0,0.0,1.0,4.0,9,80.30829567962643,80.30829567962643,pobre,basal,4,750.0,505.0,1.0,34.0,10,132,33807,4,1.0
98,0.0,0.0,0.0,1.0,5.0,9,80.30829567962643,80.30829567962643,pobre,basal,4,750.0,505.0,1.0,34.0,11,132,33807,4,1.0
97,1.0,0.0,0.0,0.0,2.0,9,80.30829567962643,80.30829567962643,pobre,basal,4,750.0,505.0,1.0,34.0,9,132,33808,2,0.0
98,1.0,0.0,0.0,1.0,2.0,9,80.30829567962643,80.30829567962643,pobre,basal,4,750.0,505.0,1.0,34.0,10,132,33808,2,0.0
97,1.0,0.0,0.0,1.0,1.0,9,80.30829567962643,80.30829567962643,pobre,basal,4,750.0,505.0,1.0,34.0,8,132,33809,1,1.0
98,1.0,0.0,0.0,1.0,2.0,9,80.30829567962643,80.30829567962643,pobre,basal,4,750.0,505.0,1.0,34.0,9,132,33809,1,1.0
97,1.0,0.0,0.0,1.0,0.0,9,80.30829567962643,80.30829567962643,pobre,basal,4,750.0,505.0,1.0,34.0,6,132,33810,0,1.0
98,1.0,0.0,0.0,1.0,1.0,9,80.30829567962643,80.30829567962643,pobre,basal,4,750.0,505.0,1.0,34.0,7,132,33810,0,1.0
97,1.0,0.0,0.0,0.0,1.0,4,80.30829567962643,80.30829567962643,pobre,basal,0,750.0,582.0,1.0,59.0,15,132,33811,1,0.0
98,1.0,0.0,0.0,,,4,80.30829567962643,80.30829567962643,pobre,basal,0,750.0,582.0,1.0,59.0,16,132,33811,1,0.0
97,1.0,0.0,0.0,1.0,0.0,4,80.30829567962643,80.30829567962643,pobre,basal,9,750.0,688.0,1.0,26.0,6,132,33812,0,1.0
98,1.0,0.0,0.0,1.0,1.0,4,80.30829567962643,80.30829567962643,pobre,basal,9,750.0,688.0,1.0,26.0,7,132,33812,0,1.0
97,0.0,0.0,0.0,1.0,5.0,9,80.30829567962643,80.30829567962643,pobre,basal,0,1500.0,607.5,1.0,45.0,12,132,33813,5,1.0
98,0.0,0.0,0.0,1.0,6.0,9,80.30829567962643,80.30829567962643,pobre,basal,0,1500.0,607.5,1.0,45.0,13,132,33813,5,1.0
97,1.0,0.0,0.0,1.0,4.0,9,80.30829567962643,80.30829567962643,pobre,basal,0,1500.0,607.5,1.0,45.0,11,132,33814,4,1.0
98,1.0,0.0,0.0,1.0,5.0,9,80.30829567962643,80.30829567962643,pobre,basal,0,1500.0,607.5,1.0,45.0,12,132,33814,4,1.0
97,0.0,0.0,0.0,1.0,2.0,9,80.30829567962643,80.30829567962643,pobre,basal,0,1500.0,607.5,1.0,45.0,8,132,33815,2,1.0
98,0.0,0.0,0.0,1.0,3.0,9,80.30829567962643,80.30829567962643,pobre,basal,0,1500.0,607.5,1.0,45.0,9,132,33815,2,1.0
97,1.0,0.0,0.0,1.0,0.0,9,80.30829567962643,80.30829567962643,pobre,basal,0,1500.0,607.5,1.0,45.0,6,132,33816,0,1.0
98,1.0,0.0,0.0,1.0,1.0,9,80.30829567962643,80.30829567962643,pobre,basal,0,1500.0,607.5,1.0,45.0,7,132,33816,0,1.0
97,0.0,0.0,0.0,0.0,9.0,5,80.30829567962643,80.30829567962643,pobre,basal,3,800.0,664.0,1.0,40.0,16,132,33817,9,0.0
98,0.0,0.0,0.0,,,5,80.30829567962643,80.30829567962643,pobre,basal,3,800.0,664.0,1.0,40.0,17,132,33817,9,0.0
97,0.0,0.0,0.0,1.0,5.0,5,80.30829567962643,80.30829567962643,pobre,basal,3,800.0,664.0,1.0,40.0,11,132,33818,5,1.0
98,0.0,0.0,0.0,1.0,6.0,5,80.30829567962643,80.30829567962643,pobre,basal,3,800.0,664.0,1.0,40.0,12,132,33818,5,1.0
97,0.0,0.0,0.0,1.0,2.0,5,80.30829567962643,80.30829567962643,pobre,basal,3,800.0,664.0,1.0,40.0,9,132,33819,2,1.0
98,0.0,0.0,0.0,1.0,3.0,5,80.30829567962643,80.30829567962643,pobre,basal,3,800.0,664.0,1.0,40.0,10,132,33819,2,1.0
97,0.0,1.0,1.556,0.0,8.0,5,157.1601315146113,195.520786000645,pobre,basal,0,375.0,809.5,1.0,65.0,15,53,33820,8,0.0
98,0.0,1.0,1.556,1.0,8.0,5,157.1601315146113,195.520786000645,pobre,basal,0,375.0,809.5,1.0,65.0,16,53,33820,8,0.0
97,0.0,1.0,1.556,1.0,0.0,4,157.1601315146113,195.520786000645,pobre,basal,5,375.0,677.0,1.0,24.0,6,53,33821,0,1.0
98,0.0,1.0,1.556,1.0,1.0,4,157.1601315146113,195.520786000645,pobre,basal,5,375.0,677.0,1.0,24.0,7,53,33821,0,1.0
97,1.0,1.0,1.556,0.0,2.0,7,157.1601315146113,195.520786000645,pobre,basal,1,625.0,601.5,0.0,41.0,16,53,33822,2,0.0
98,1.0,1.0,1.556,,,7,157.1601315146113,195.520786000645,pobre,basal,1,625.0,601.5,0.0,41.0,17,53,33822,2,0.0
97,0.0,1.0,1.556,0.0,3.0,7,157.1601315146113,195.520786000645,pobre,basal,1,625.0,601.5,0.0,41.0,14,53,33823,3,0.0
98,0.0,1.0,1.556,,,7,157.1601315146113,195.520786000645,pobre,basal,1,625.0,601.5,0.0,41.0,15,53,33823,3,0.0
97,0.0,1.0,1.556,1.0,4.0,7,157.1601315146113,195.520786000645,pobre,basal,1,625.0,601.5,0.0,41.0,13,53,33824,4,1.0
98,0.0,1.0,1.556,1.0,3.0,7,157.1601315146113,195.520786000645,pobre,basal,1,625.0,601.5,0.0,41.0,14,53,33824,4,1.0
97,0.0,1.0,1.556,1.0,3.0,7,157.1601315146113,195.520786000645,pobre,basal,1,625.0,601.5,0.0,41.0,10,53,33825,3,1.0
98,0.0,1.0,1.556,1.0,3.0,7,157.1601315146113,195.520786000645,pobre,basal,1,625.0,601.5,0.0,41.0,11,53,33825,3,1.0
97,0.0,1.0,1.556,1.0,1.0,7,157.1601315146113,195.520786000645,pobre,basal,1,625.0,601.5,0.0,41.0,8,53,33826,1,1.0
98,0.0,1.0,1.556,1.0,1.0,7,157.1601315146113,195.520786000645,pobre,basal,1,625.0,601.5,0.0,41.0,9,53,33826,1,1.0
97,1.0,0.0,0.0,1.0,1.0,6,80.30829567962643,80.30829567962643,pobre,basal,3,0.0,591.0,1.0,27.0,8,132,33827,1,1.0
98,1.0,0.0,0.0,1.0,2.0,6,80.30829567962643,80.30829567962643,pobre,basal,3,0.0,591.0,1.0,27.0,9,132,33827,1,1.0
97,0.0,0.0,0.0,1.0,0.0,6,80.30829567962643,80.30829567962643,pobre,basal,3,0.0,591.0,1.0,27.0,6,132,33828,0,1.0
98,0.0,0.0,0.0,1.0,1.0,6,80.30829567962643,80.30829567962643,pobre,basal,3,0.0,591.0,1.0,27.0,7,132,33828,0,1.0
97,0.0,0.0,3.8039999,1.0,11.0,6,98.51452488529426,98.51452488529426,pobre,0,3,0.0,632.0,1.0,42.0,16,129,33829,11,1.0
98,0.0,0.0,3.8039999,,,6,98.51452488529426,98.51452488529426,pobre,0,3,0.0,632.0,1.0,42.0,17,129,33829,11,1.0
97,0.0,0.0,3.8039999,1.0,7.0,6,98.51452488529426,98.51452488529426,pobre,0,3,0.0,632.0,1.0,42.0,13,129,33830,7,1.0
98,0.0,0.0,3.8039999,1.0,8.0,6,98.51452488529426,98.51452488529426,pobre,0,3,0.0,632.0,1.0,42.0,14,129,33830,7,1.0
97,0.0,0.0,3.8039999,1.0,6.0,6,98.51452488529426,98.51452488529426,pobre,0,3,0.0,632.0,1.0,42.0,13,129,33831,6,1.0
98,0.0,0.0,3.8039999,1.0,7.0,6,98.51452488529426,98.51452488529426,pobre,0,3,0.0,632.0,1.0,42.0,14,129,33831,6,1.0
97,0.0,0.0,3.8039999,1.0,0.0,6,98.51452488529426,98.51452488529426,pobre,0,3,0.0,632.0,1.0,42.0,6,129,33832,0,1.0
98,0.0,0.0,3.8039999,1.0,1.0,6,98.51452488529426,98.51452488529426,pobre,0,3,0.0,632.0,1.0,42.0,7,129,33832,0,1.0
97,1.0,0.0,0.0,0.0,6.0,4,103.386546498928,103.386546498928,pobre,basal,1,800.0,690.0,1.0,63.0,15,140,33833,6,0.0
98,1.0,0.0,0.0,1.0,6.0,4,103.386546498928,103.386546498928,pobre,basal,1,800.0,690.0,1.0,63.0,16,140,33833,6,0.0
97,1.0,0.0,0.0,,0.0,4,103.386546498928,103.386546498928,pobre,basal,1,800.0,690.0,1.0,63.0,16,140,33834,0,
98,1.0,0.0,0.0,,,4,103.386546498928,103.386546498928,pobre,basal,1,800.0,690.0,1.0,63.0,17,140,33834,0,
97,1.0,0.0,0.0,1.0,8.0,7,103.386546498928,103.386546498928,pobre,basal,5,0.0,678.5,1.0,41.0,16,140,33835,8,1.0
98,1.0,0.0,0.0,,,7,103.386546498928,103.386546498928,pobre,basal,5,0.0,678.5,1.0,41.0,17,140,33835,8,1.0
97,0.0,0.0,0.0,1.0,7.0,7,103.386546498928,103.386546498928,pobre,basal,5,0.0,678.5,1.0,41.0,13,140,33836,7,1.0
98,0.0,0.0,0.0,1.0,8.0,7,103.386546498928,103.386546498928,pobre,basal,5,0.0,678.5,1.0,41.0,14,140,33836,7,1.0
97,1.0,0.0,0.0,1.0,5.0,7,103.386546498928,103.386546498928,pobre,basal,5,0.0,678.5,1.0,41.0,11,140,33837,5,1.0
98,1.0,0.0,0.0,1.0,6.0,7,103.386546498928,103.386546498928,pobre,basal,5,0.0,678.5,1.0,41.0,12,140,33837,5,1.0
97,1.0,0.0,0.0,1.0,3.0,7,103.386546498928,103.386546498928,pobre,basal,5,0.0,678.5,1.0,41.0,9,140,33838,3,1.0
98,1.0,0.0,0.0,1.0,4.0,7,103.386546498928,103.386546498928,pobre,basal,5,0.0,678.5,1.0,41.0,10,140,33838,3,1.0
97,0.0,0.0,0.0,0.0,6.0,6,103.386546498928,103.386546498928,no pobre,basal,6,1200.0,752.0,1.0,48.0,15,140,33839,6,0.0
98,0.0,0.0,0.0,0.0,8.0,6,103.386546498928,103.386546498928,no pobre,basal,6,1200.0,752.0,1.0,48.0,16,140,33839,6,0.0
97,1.0,0.0,0.0,1.0,5.0,6,103.386546498928,103.386546498928,no pobre,basal,6,1200.0,752.0,1.0,48.0,12,140,33840,5,1.0
98,1.0,0.0,0.0,1.0,6.0,6,103.386546498928,103.386546498928,no pobre,basal,6,1200.0,752.0,1.0,48.0,13,140,33840,5,1.0
97,0.0,0.0,0.0,1.0,2.0,6,103.386546498928,103.386546498928,no pobre,basal,6,1200.0,752.0,1.0,48.0,8,140,33841,2,1.0
98,0.0,0.0,0.0,1.0,3.0,6,103.386546498928,103.386546498928,no pobre,basal,6,1200.0,752.0,1.0,48.0,9,140,33841,2,1.0
97,0.0,0.0,0.0,1.0,7.0,6,103.386546498928,103.386546498928,no pobre,basal,3,325.0,722.0,1.0,60.0,16,140,33842,7,1.0
98,0.0,0.0,0.0,1.0,8.0,6,103.386546498928,103.386546498928,no pobre,basal,3,325.0,722.0,1.0,60.0,17,140,33842,7,1.0
97,1.0,0.0,0.0,1.0,7.0,6,103.386546498928,103.386546498928,no pobre,basal,3,325.0,722.0,1.0,60.0,15,140,33843,7,1.0
98,1.0,0.0,0.0,1.0,8.0,6,103.386546498928,103.386546498928,no pobre,basal,3,325.0,722.0,1.0,60.0,16,140,33843,7,1.0
97,0.0,0.0,0.0,1.0,5.0,6,103.386546498928,103.386546498928,no pobre,basal,3,325.0,722.0,1.0,60.0,12,140,33844,5,1.0
98,0.0,0.0,0.0,1.0,6.0,6,103.386546498928,103.386546498928,no pobre,basal,3,325.0,722.0,1.0,60.0,13,140,33844,5,1.0
97,1.0,1.0,1.556,1.0,3.0,4,157.1601315146113,195.520786000645,pobre,basal,0,375.0,789.0,1.0,35.0,11,53,33845,3,1.0
98,1.0,1.0,1.556,1.0,4.0,4,157.1601315146113,195.520786000645,pobre,basal,0,375.0,789.0,1.0,35.0,12,53,33845,3,1.0
97,0.0,1.0,1.556,1.0,0.0,6,157.1601315146113,195.520786000645,pobre,basal,3,375.0,602.0,1.0,30.0,7,53,33846,0,1.0
98,0.0,1.0,1.556,1.0,1.0,6,157.1601315146113,195.520786000645,pobre,basal,3,375.0,602.0,1.0,30.0,8,53,33846,0,1.0
97,1.0,1.0,1.556,0.0,6.0,10,157.1601315146113,195.520786000645,pobre,basal,0,375.0,672.5,1.0,50.0,15,53,33847,6,0.0
98,1.0,1.0,1.556,0.0,6.0,10,157.1601315146113,195.520786000645,pobre,basal,0,375.0,672.5,1.0,50.0,16,53,33847,6,0.0
97,0.0,1.0,1.556,1.0,5.0,10,157.1601315146113,195.520786000645,pobre,basal,0,375.0,672.5,1.0,50.0,11,53,33848,5,1.0
98,0.0,1.0,1.556,1.0,6.0,10,157.1601315146113,195.520786000645,pobre,basal,0,375.0,672.5,1.0,50.0,12,53,33848,5,1.0
97,1.0,1.0,1.556,,0.0,10,157.1601315146113,195.520786000645,pobre,basal,0,375.0,672.5,1.0,50.0,8,53,33849,0,
98,1.0,1.0,1.556,1.0,3.0,10,157.1601315146113,195.520786000645,pobre,basal,0,375.0,672.5,1.0,50.0,9,53,33849,0,
97,1.0,1.0,1.556,1.0,2.0,8,157.1601315146113,195.520786000645,pobre,basal,0,0.0,692.0,0.0,72.0,14,53,33850,2,1.0
98,1.0,1.0,1.556,0.0,2.0,8,157.1601315146113,195.520786000645,pobre,basal,0,0.0,692.0,0.0,72.0,15,53,33850,2,1.0
97,1.0,1.0,1.556,1.0,4.0,8,157.1601315146113,195.520786000645,pobre,basal,0,0.0,692.0,0.0,72.0,11,53,33851,4,1.0
98,1.0,1.0,1.556,1.0,5.0,8,157.1601315146113,195.520786000645,pobre,basal,0,0.0,692.0,0.0,72.0,12,53,33851,4,1.0
97,0.0,1.0,1.556,1.0,1.0,8,157.1601315146113,195.520786000645,pobre,basal,0,0.0,692.0,0.0,72.0,9,53,33852,1,1.0
98,0.0,1.0,1.556,1.0,3.0,8,157.1601315146113,195.520786000645,pobre,basal,0,0.0,692.0,0.0,72.0,10,53,33852,1,1.0
97,1.0,0.0,0.0,1.0,6.0,5,103.386546498928,103.386546498928,no pobre,basal,2,1000.0,759.5,1.0,54.0,13,140,33853,6,1.0
98,1.0,0.0,0.0,1.0,7.0,5,103.386546498928,103.386546498928,no pobre,basal,2,1000.0,759.5,1.0,54.0,14,140,33853,6,1.0
97,0.0,0.0,0.0,1.0,6.0,5,103.386546498928,103.386546498928,no pobre,basal,2,1000.0,759.5,1.0,54.0,13,140,33854,6,1.0
98,0.0,0.0,0.0,1.0,7.0,5,103.386546498928,103.386546498928,no pobre,basal,2,1000.0,759.5,1.0,54.0,14,140,33854,6,1.0
97,0.0,1.0,1.556,0.0,6.0,7,157.1601315146113,195.520786000645,pobre,basal,3,750.0,756.0,1.0,35.0,14,53,33855,6,0.0
98,0.0,1.0,1.556,0.0,6.0,7,157.1601315146113,195.520786000645,pobre,basal,3,750.0,756.0,1.0,35.0,15,53,33855,6,0.0
97,1.0,1.0,1.556,1.0,4.0,7,157.1601315146113,195.520786000645,pobre,basal,3,750.0,756.0,1.0,35.0,10,53,33856,4,1.0
98,1.0,1.0,1.556,1.0,5.0,7,157.1601315146113,195.520786000645,pobre,basal,3,750.0,756.0,1.0,35.0,11,53,33856,4,1.0
97,1.0,1.0,1.556,1.0,2.0,7,157.1601315146113,195.520786000645,pobre,basal,3,750.0,756.0,1.0,35.0,7,53,33857,2,1.0
98,1.0,1.0,1.556,1.0,2.0,7,157.1601315146113,195.520786000645,pobre,basal,3,750.0,756.0,1.0,35.0,8,53,33857,2,1.0
97,0.0,1.0,1.556,1.0,8.0,9,157.1601315146113,195.520786000645,pobre,basal,3,375.0,734.5,1.0,43.0,13,53,33858,8,1.0
98,0.0,1.0,1.556,1.0,8.0,9,157.1601315146113,195.520786000645,pobre,basal,3,375.0,734.5,1.0,43.0,14,53,33858,8,1.0
97,0.0,1.0,1.556,1.0,6.0,9,157.1601315146113,195.520786000645,pobre,basal,3,375.0,734.5,1.0,43.0,11,53,33859,6,1.0
98,0.0,1.0,1.556,1.0,6.0,9,157.1601315146113,195.520786000645,pobre,basal,3,375.0,734.5,1.0,43.0,12,53,33859,6,1.0
97,1.0,1.0,1.556,1.0,4.0,9,157.1601315146113,195.520786000645,pobre,basal,3,375.0,734.5,1.0,43.0,9,53,33860,4,1.0
98,1.0,1.0,1.556,1.0,4.0,9,157.1601315146113,195.520786000645,pobre,basal,3,375.0,734.5,1.0,43.0,10,53,33860,4,1.0
97,1.0,1.0,1.556,1.0,2.0,9,157.1601315146113,195.520786000645,pobre,basal,3,375.0,734.5,1.0,43.0,7,53,33861,2,1.0
98,1.0,1.0,1.556,1.0,2.0,9,157.1601315146113,195.520786000645,pobre,basal,3,375.0,734.5,1.0,43.0,8,53,33861,2,1.0
97,1.0,1.0,1.556,1.0,0.0,9,157.1601315146113,195.520786000645,pobre,basal,3,375.0,734.5,1.0,43.0,6,53,33862,0,1.0
98,1.0,1.0,1.556,1.0,1.0,9,157.1601315146113,195.520786000645,pobre,basal,3,375.0,734.5,1.0,43.0,7,53,33862,0,1.0
97,1.0,1.0,1.556,1.0,4.0,5,157.1601315146113,195.520786000645,pobre,basal,1,375.0,652.0,1.0,30.0,10,53,33863,4,1.0
98,1.0,1.0,1.556,1.0,5.0,5,157.1601315146113,195.520786000645,pobre,basal,1,375.0,652.0,1.0,30.0,11,53,33863,4,1.0
97,1.0,1.0,1.556,1.0,1.0,5,157.1601315146113,195.520786000645,pobre,basal,1,375.0,652.0,1.0,30.0,7,53,33864,1,1.0
98,1.0,1.0,1.556,1.0,2.0,5,157.1601315146113,195.520786000645,pobre,basal,1,375.0,652.0,1.0,30.0,8,53,33864,1,1.0
97,0.0,1.0,1.556,0.0,6.0,7,157.1601315146113,195.520786000645,pobre,basal,3,375.0,617.0,1.0,38.0,12,53,33865,6,0.0
98,0.0,1.0,1.556,0.0,6.0,7,157.1601315146113,195.520786000645,pobre,basal,3,375.0,617.0,1.0,38.0,13,53,33865,6,0.0
97,0.0,1.0,1.556,1.0,3.0,7,157.1601315146113,195.520786000645,pobre,basal,3,375.0,617.0,1.0,38.0,11,53,33866,3,1.0
98,0.0,1.0,1.556,1.0,3.0,7,157.1601315146113,195.520786000645,pobre,basal,3,375.0,617.0,1.0,38.0,12,53,33866,3,1.0
97,0.0,1.0,1.556,1.0,3.0,7,157.1601315146113,195.520786000645,pobre,basal,3,375.0,617.0,1.0,38.0,9,53,33867,3,1.0
98,0.0,1.0,1.556,1.0,4.0,7,157.1601315146113,195.520786000645,pobre,basal,3,375.0,617.0,1.0,38.0,10,53,33867,3,1.0
97,0.0,1.0,1.556,1.0,2.0,7,157.1601315146113,195.520786000645,pobre,basal,3,375.0,617.0,1.0,38.0,7,53,33868,2,1.0
98,0.0,1.0,1.556,1.0,3.0,7,157.1601315146113,195.520786000645,pobre,basal,3,375.0,617.0,1.0,38.0,8,53,33868,2,1.0
97,0.0,1.0,1.556,1.0,0.0,5,157.1601315146113,195.520786000645,pobre,basal,6,375.0,644.0,1.0,26.0,6,53,33869,0,1.0
98,0.0,1.0,1.556,1.0,1.0,5,157.1601315146113,195.520786000645,pobre,basal,6,375.0,644.0,1.0,26.0,7,53,33869,0,1.0
97,1.0,1.0,1.556,1.0,2.0,6,157.1601315146113,195.520786000645,pobre,basal,3,375.0,612.0,1.0,33.0,8,53,33870,2,1.0
98,1.0,1.0,1.556,1.0,3.0,6,157.1601315146113,195.520786000645,pobre,basal,3,375.0,612.0,1.0,33.0,9,53,33870,2,1.0
97,0.0,1.0,1.556,1.0,1.0,6,157.1601315146113,195.520786000645,pobre,basal,3,375.0,612.0,1.0,33.0,6,53,33871,1,1.0
98,0.0,1.0,1.556,1.0,2.0,6,157.1601315146113,195.520786000645,pobre,basal,3,375.0,612.0,1.0,33.0,7,53,33871,1,1.0
97,1.0,0.0,0.0,1.0,5.0,5,103.386546498928,103.386546498928,pobre,basal,2,2500.0,713.0,1.0,45.0,15,140,33872,5,1.0
98,1.0,0.0,0.0,1.0,6.0,5,103.386546498928,103.386546498928,pobre,basal,2,2500.0,713.0,1.0,45.0,16,140,33872,5,1.0
97,0.0,0.0,0.0,1.0,7.0,9,103.386546498928,103.386546498928,pobre,basal,6,0.0,436.0,1.0,33.0,15,140,33873,7,1.0
98,0.0,0.0,0.0,1.0,8.0,9,103.386546498928,103.386546498928,pobre,basal,6,0.0,436.0,1.0,33.0,16,140,33873,7,1.0
97,0.0,0.0,0.0,1.0,6.0,9,103.386546498928,103.386546498928,pobre,basal,6,0.0,436.0,1.0,33.0,13,140,33874,6,1.0
98,0.0,0.0,0.0,1.0,7.0,9,103.386546498928,103.386546498928,pobre,basal,6,0.0,436.0,1.0,33.0,14,140,33874,6,1.0
97,1.0,0.0,0.0,1.0,5.0,9,103.386546498928,103.386546498928,pobre,basal,6,0.0,436.0,1.0,33.0,11,140,33875,5,1.0
98,1.0,0.0,0.0,1.0,6.0,9,103.386546498928,103.386546498928,pobre,basal,6,0.0,436.0,1.0,33.0,12,140,33875,5,1.0
97,1.0,0.0,0.0,1.0,3.0,9,103.386546498928,103.386546498928,pobre,basal,6,0.0,436.0,1.0,33.0,9,140,33876,3,1.0
98,1.0,0.0,0.0,1.0,4.0,9,103.386546498928,103.386546498928,pobre,basal,6,0.0,436.0,1.0,33.0,10,140,33876,3,1.0
97,0.0,0.0,0.0,1.0,1.0,9,103.386546498928,103.386546498928,pobre,basal,6,0.0,436.0,1.0,33.0,7,140,33877,1,1.0
98,0.0,0.0,0.0,1.0,2.0,9,103.386546498928,103.386546498928,pobre,basal,6,0.0,436.0,1.0,33.0,8,140,33877,1,1.0
97,1.0,1.0,1.556,1.0,5.0,4,157.1601315146113,195.520786000645,pobre,basal,4,375.0,699.0,1.0,32.0,15,53,33878,5,1.0
98,1.0,1.0,1.556,1.0,5.0,4,157.1601315146113,195.520786000645,pobre,basal,4,375.0,699.0,1.0,32.0,16,53,33878,5,1.0
97,0.0,1.0,1.556,0.0,6.0,5,157.1601315146113,195.520786000645,pobre,basal,4,375.0,661.0,1.0,33.0,13,53,33879,6,0.0
98,0.0,1.0,1.556,0.0,6.0,5,157.1601315146113,195.520786000645,pobre,basal,4,375.0,661.0,1.0,33.0,14,53,33879,6,0.0
97,0.0,1.0,1.556,1.0,4.0,5,157.1601315146113,195.520786000645,pobre,basal,4,375.0,661.0,1.0,33.0,9,53,33880,4,1.0
98,0.0,1.0,1.556,1.0,4.0,5,157.1601315146113,195.520786000645,pobre,basal,4,375.0,661.0,1.0,33.0,10,53,33880,4,1.0
97,1.0,0.0,0.0,1.0,6.0,7,103.386546498928,103.386546498928,pobre,basal,6,875.0,585.0,1.0,34.0,13,140,33881,6,1.0
98,1.0,0.0,0.0,1.0,7.0,7,103.386546498928,103.386546498928,pobre,basal,6,875.0,585.0,1.0,34.0,14,140,33881,6,1.0
97,1.0,0.0,0.0,1.0,3.0,7,103.386546498928,103.386546498928,pobre,basal,6,875.0,585.0,1.0,34.0,11,140,33882,3,1.0
98,1.0,0.0,0.0,1.0,4.0,7,103.386546498928,103.386546498928,pobre,basal,6,875.0,585.0,1.0,34.0,12,140,33882,3,1.0
97,0.0,0.0,0.0,1.0,1.0,7,103.386546498928,103.386546498928,pobre,basal,6,875.0,585.0,1.0,34.0,8,140,33883,1,1.0
98,0.0,0.0,0.0,1.0,2.0,7,103.386546498928,103.386546498928,pobre,basal,6,875.0,585.0,1.0,34.0,9,140,33883,1,1.0
97,0.0,1.0,1.556,1.0,4.0,5,157.1601315146113,195.520786000645,pobre,basal,0,375.0,802.0,1.0,53.0,15,53,33884,4,1.0
98,0.0,1.0,1.556,0.0,4.0,5,157.1601315146113,195.520786000645,pobre,basal,0,375.0,802.0,1.0,53.0,16,53,33884,4,1.0
97,1.0,1.0,1.556,1.0,2.0,5,157.1601315146113,195.520786000645,pobre,basal,3,375.0,631.0,1.0,27.0,9,53,33885,2,1.0
98,1.0,1.0,1.556,1.0,3.0,5,157.1601315146113,195.520786000645,pobre,basal,3,375.0,631.0,1.0,27.0,10,53,33885,2,1.0
97,1.0,1.0,1.556,1.0,1.0,5,157.1601315146113,195.520786000645,pobre,basal,3,375.0,631.0,1.0,27.0,7,53,33886,1,1.0
98,1.0,1.0,1.556,1.0,1.0,5,157.1601315146113,195.520786000645,pobre,basal,3,375.0,631.0,1.0,27.0,8,53,33886,1,1.0
97,1.0,1.0,1.556,,0.0,7,157.1601315146113,195.520786000645,pobre,basal,2,375.0,592.5,1.0,49.0,10,53,33887,0,
98,1.0,1.0,1.556,,,7,157.1601315146113,195.520786000645,pobre,basal,2,375.0,592.5,1.0,49.0,11,53,33887,0,
97,0.0,1.0,1.556,1.0,1.0,7,157.1601315146113,195.520786000645,pobre,basal,2,375.0,592.5,1.0,49.0,7,53,33888,1,1.0
98,0.0,1.0,1.556,1.0,2.0,7,157.1601315146113,195.520786000645,pobre,basal,2,375.0,592.5,1.0,49.0,8,53,33888,1,1.0
97,1.0,1.0,1.556,1.0,6.0,6,157.1601315146113,195.520786000645,pobre,basal,1,375.0,648.0,1.0,45.0,12,53,33889,6,1.0
98,1.0,1.0,1.556,1.0,7.0,6,157.1601315146113,195.520786000645,pobre,basal,1,375.0,648.0,1.0,45.0,13,53,33889,6,1.0
97,0.0,1.0,1.556,1.0,6.0,6,157.1601315146113,195.520786000645,pobre,basal,1,375.0,648.0,1.0,45.0,12,53,33890,6,1.0
98,0.0,1.0,1.556,0.0,2.0,6,157.1601315146113,195.520786000645,pobre,basal,1,375.0,648.0,1.0,45.0,13,53,33890,6,1.0
97,1.0,1.0,1.556,1.0,3.0,6,157.1601315146113,195.520786000645,pobre,basal,1,375.0,648.0,1.0,45.0,10,53,33891,3,1.0
98,1.0,1.0,1.556,1.0,5.0,6,157.1601315146113,195.520786000645,pobre,basal,1,375.0,648.0,1.0,45.0,11,53,33891,3,1.0
97,1.0,0.0,0.0,1.0,1.0,6,103.386546498928,103.386546498928,no pobre,basal,6,750.0,708.0,1.0,33.0,7,140,33892,1,1.0
98,1.0,0.0,0.0,,,6,103.386546498928,103.386546498928,no pobre,basal,6,750.0,708.0,1.0,33.0,8,140,33892,1,1.0
97,0.0,0.0,0.0,1.0,0.0,6,103.386546498928,103.386546498928,no pobre,basal,6,750.0,708.0,1.0,33.0,6,140,33893,0,1.0
98,0.0,0.0,0.0,,,6,103.386546498928,103.386546498928,no pobre,basal,6,750.0,708.0,1.0,33.0,7,140,33893,0,1.0
97,1.0,1.0,1.556,1.0,0.0,3,157.1601315146113,195.520786000645,pobre,basal,3,375.0,607.0,1.0,30.0,7,53,33894,0,1.0
98,1.0,1.0,1.556,,,3,157.1601315146113,195.520786000645,pobre,basal,3,375.0,607.0,1.0,30.0,8,53,33894,0,1.0
97,0.0,1.0,1.556,1.0,1.0,6,157.1601315146113,195.520786000645,pobre,basal,4,0.0,544.0,1.0,32.0,9,53,33895,1,1.0
98,0.0,1.0,1.556,1.0,2.0,6,157.1601315146113,195.520786000645,pobre,basal,4,0.0,544.0,1.0,32.0,10,53,33895,1,1.0
97,1.0,1.0,1.556,1.0,1.0,6,157.1601315146113,195.520786000645,pobre,basal,4,0.0,544.0,1.0,32.0,7,53,33896,1,1.0
98,1.0,1.0,1.556,1.0,2.0,6,157.1601315146113,195.520786000645,pobre,basal,4,0.0,544.0,1.0,32.0,8,53,33896,1,1.0
97,1.0,1.0,1.556,1.0,5.0,5,157.1601315146113,195.520786000645,pobre,basal,2,0.0,746.0,1.0,46.0,13,53,33897,5,1.0
98,1.0,1.0,1.556,1.0,6.0,5,157.1601315146113,195.520786000645,pobre,basal,2,0.0,746.0,1.0,46.0,14,53,33897,5,1.0
97,1.0,1.0,1.556,1.0,1.0,6,157.1601315146113,195.520786000645,pobre,basal,4,375.0,605.0,1.0,28.0,6,53,33898,1,1.0
98,1.0,1.0,1.556,1.0,2.0,6,157.1601315146113,195.520786000645,pobre,basal,4,375.0,605.0,1.0,28.0,7,53,33898,1,1.0
97,1.0,0.0,0.0,0.0,1.0,3,80.30829567962643,80.30829567962643,pobre,basal,0,41.666668,730.5,1.0,78.0,15,132,33899,1,0.0
98,1.0,0.0,0.0,0.0,1.0,3,80.30829567962643,80.30829567962643,pobre,basal,0,41.666668,730.5,1.0,78.0,16,132,33899,1,0.0
97,0.0,0.0,0.0,1.0,4.0,5,80.30829567962643,80.30829567962643,pobre,basal,2,875.0,616.0,1.0,32.0,9,132,33900,4,1.0
98,0.0,0.0,0.0,,,5,80.30829567962643,80.30829567962643,pobre,basal,2,875.0,616.0,1.0,32.0,10,132,33900,4,1.0
97,1.0,0.0,0.0,1.0,1.0,5,80.30829567962643,80.30829567962643,pobre,basal,2,875.0,616.0,1.0,32.0,7,132,33901,1,1.0
98,1.0,0.0,0.0,,,5,80.30829567962643,80.30829567962643,pobre,basal,2,875.0,616.0,1.0,32.0,8,132,33901,1,1.0
97,0.0,1.0,1.556,1.0,1.0,5,157.1601315146113,195.520786000645,pobre,basal,3,0.0,651.0,1.0,27.0,7,53,33902,1,1.0
98,0.0,1.0,1.556,1.0,2.0,5,157.1601315146113,195.520786000645,pobre,basal,3,0.0,651.0,1.0,27.0,8,53,33902,1,1.0
97,1.0,1.0,1.556,1.0,7.0,7,157.1601315146113,195.520786000645,pobre,basal,4,200.0,632.0,1.0,37.0,15,53,33903,7,1.0
98,1.0,1.0,1.556,1.0,8.0,7,157.1601315146113,195.520786000645,pobre,basal,4,200.0,632.0,1.0,37.0,16,53,33903,7,1.0
97,0.0,1.0,1.556,1.0,4.0,7,157.1601315146113,195.520786000645,pobre,basal,4,200.0,632.0,1.0,37.0,10,53,33904,4,1.0
98,0.0,1.0,1.556,1.0,5.0,7,157.1601315146113,195.520786000645,pobre,basal,4,200.0,632.0,1.0,37.0,11,53,33904,4,1.0
97,1.0,1.0,1.556,1.0,0.0,7,157.1601315146113,195.520786000645,pobre,basal,4,200.0,632.0,1.0,37.0,6,53,33905,0,1.0
98,1.0,1.0,1.556,1.0,1.0,7,157.1601315146113,195.520786000645,pobre,basal,4,200.0,632.0,1.0,37.0,7,53,33905,0,1.0
97,1.0,1.0,1.556,0.0,3.0,5,157.1601315146113,195.520786000645,pobre,basal,0,0.0,681.5,1.0,82.0,14,53,33906,3,0.0
98,1.0,1.0,1.556,0.0,3.0,5,157.1601315146113,195.520786000645,pobre,basal,0,0.0,681.5,1.0,82.0,15,53,33906,3,0.0
97,0.0,1.0,1.556,1.0,5.0,9,157.1601315146113,195.520786000645,pobre,basal,3,375.0,689.5,1.0,44.0,15,53,33907,5,1.0
98,0.0,1.0,1.556,1.0,6.0,9,157.1601315146113,195.520786000645,pobre,basal,3,375.0,689.5,1.0,44.0,16,53,33907,5,1.0
97,0.0,1.0,1.556,1.0,4.0,9,157.1601315146113,195.520786000645,pobre,basal,3,375.0,689.5,1.0,44.0,13,53,33908,4,1.0
98,0.0,1.0,1.556,1.0,9.0,9,157.1601315146113,195.520786000645,pobre,basal,3,375.0,689.5,1.0,44.0,14,53,33908,4,1.0
97,1.0,1.0,1.556,1.0,5.0,9,157.1601315146113,195.520786000645,pobre,basal,3,375.0,689.5,1.0,44.0,11,53,33909,5,1.0
98,1.0,1.0,1.556,1.0,6.0,9,157.1601315146113,195.520786000645,pobre,basal,3,375.0,689.5,1.0,44.0,12,53,33909,5,1.0
97,0.0,1.0,1.556,,0.0,9,157.1601315146113,195.520786000645,pobre,basal,3,375.0,689.5,1.0,44.0,8,53,33910,0,
98,0.0,1.0,1.556,1.0,1.0,9,157.1601315146113,195.520786000645,pobre,basal,3,375.0,689.5,1.0,44.0,9,53,33910,0,
97,1.0,1.0,1.556,,0.0,9,157.1601315146113,195.520786000645,pobre,basal,3,375.0,689.5,1.0,44.0,6,53,33911,0,
98,1.0,1.0,1.556,1.0,1.0,9,157.1601315146113,195.520786000645,pobre,basal,3,375.0,689.5,1.0,44.0,7,53,33911,0,
97,0.0,1.0,1.556,1.0,7.0,11,157.1601315146113,195.520786000645,pobre,basal,1,0.0,766.0,1.0,62.0,15,53,33912,7,1.0
98,0.0,1.0,1.556,1.0,8.0,11,157.1601315146113,195.520786000645,pobre,basal,1,0.0,766.0,1.0,62.0,16,53,33912,7,1.0
97,0.0,1.0,1.556,1.0,6.0,11,157.1601315146113,195.520786000645,pobre,basal,1,0.0,766.0,1.0,62.0,14,53,33913,6,1.0
98,0.0,1.0,1.556,1.0,7.0,11,157.1601315146113,195.520786000645,pobre,basal,1,0.0,766.0,1.0,62.0,15,53,33913,6,1.0
97,1.0,1.0,1.556,1.0,4.0,11,157.1601315146113,195.520786000645,pobre,basal,1,0.0,766.0,1.0,62.0,12,53,33914,4,1.0
98,1.0,1.0,1.556,1.0,4.0,11,157.1601315146113,195.520786000645,pobre,basal,1,0.0,766.0,1.0,62.0,13,53,33914,4,1.0
97,0.0,1.0,1.556,1.0,5.0,11,157.1601315146113,195.520786000645,pobre,basal,1,0.0,766.0,1.0,62.0,10,53,33915,5,1.0
98,0.0,1.0,1.556,1.0,5.0,11,157.1601315146113,195.520786000645,pobre,basal,1,0.0,766.0,1.0,62.0,11,53,33915,5,1.0
97,0.0,1.0,1.556,1.0,0.0,5,157.1601315146113,195.520786000645,pobre,basal,2,0.0,662.0,1.0,34.0,7,53,33916,0,1.0
98,0.0,1.0,1.556,1.0,1.0,5,157.1601315146113,195.520786000645,pobre,basal,2,0.0,662.0,1.0,34.0,8,53,33916,0,1.0
97,1.0,1.0,1.556,0.0,6.0,6,157.1601315146113,195.520786000645,pobre,basal,0,375.0,762.5,1.0,47.0,16,53,33917,6,0.0
98,1.0,1.0,1.556,,,6,157.1601315146113,195.520786000645,pobre,basal,0,375.0,762.5,1.0,47.0,17,53,33917,6,0.0
97,1.0,1.0,1.556,0.0,2.0,6,157.1601315146113,195.520786000645,pobre,basal,0,375.0,762.5,1.0,47.0,14,53,33918,2,0.0
98,1.0,1.0,1.556,1.0,3.0,6,157.1601315146113,195.520786000645,pobre,basal,0,375.0,762.5,1.0,47.0,15,53,33918,2,0.0
97,1.0,1.0,1.556,1.0,5.0,6,157.1601315146113,195.520786000645,pobre,basal,0,375.0,762.5,1.0,47.0,13,53,33919,5,1.0
98,1.0,1.0,1.556,1.0,6.0,6,157.1601315146113,195.520786000645,pobre,basal,0,375.0,762.5,1.0,47.0,14,53,33919,5,1.0
97,1.0,1.0,1.556,1.0,4.0,6,157.1601315146113,195.520786000645,pobre,basal,5,375.0,766.0,1.0,31.0,10,53,33920,4,1.0
98,1.0,1.0,1.556,1.0,5.0,6,157.1601315146113,195.520786000645,pobre,basal,5,375.0,766.0,1.0,31.0,11,53,33920,4,1.0
97,1.0,1.0,1.556,1.0,0.0,6,157.1601315146113,195.520786000645,pobre,basal,5,375.0,766.0,1.0,31.0,6,53,33921,0,1.0
98,1.0,1.0,1.556,1.0,0.0,6,157.1601315146113,195.520786000645,pobre,basal,5,375.0,766.0,1.0,31.0,7,53,33921,0,1.0
97,0.0,1.0,1.556,1.0,1.0,4,157.1601315146113,195.520786000645,pobre,basal,0,375.0,679.70099,1.0,32.0,10,53,33922,1,1.0
98,0.0,1.0,1.556,1.0,2.0,4,157.1601315146113,195.520786000645,pobre,basal,0,375.0,679.70099,1.0,32.0,11,53,33922,1,1.0
97,1.0,0.0,0.0,0.0,9.0,3,80.30829567962643,80.30829567962643,pobre,basal,0,0.0,772.0,1.0,73.0,16,132,33923,9,0.0
98,1.0,0.0,0.0,0.0,9.0,3,80.30829567962643,80.30829567962643,pobre,basal,0,0.0,772.0,1.0,73.0,17,132,33923,9,0.0
97,0.0,1.0,1.556,0.0,6.0,8,157.1601315146113,195.520786000645,pobre,basal,0,375.0,684.0,1.0,45.0,12,53,33924,6,0.0
98,0.0,1.0,1.556,0.0,6.0,8,157.1601315146113,195.520786000645,pobre,basal,0,375.0,684.0,1.0,45.0,13,53,33924,6,0.0
97,1.0,1.0,1.556,1.0,3.0,8,157.1601315146113,195.520786000645,pobre,basal,0,375.0,684.0,1.0,45.0,9,53,33925,3,1.0
98,1.0,1.0,1.556,1.0,4.0,8,157.1601315146113,195.520786000645,pobre,basal,0,375.0,684.0,1.0,45.0,10,53,33925,3,1.0
97,1.0,1.0,1.556,1.0,1.0,8,157.1601315146113,195.520786000645,pobre,basal,0,375.0,684.0,1.0,45.0,7,53,33926,1,1.0
98,1.0,1.0,1.556,1.0,2.0,8,157.1601315146113,195.520786000645,pobre,basal,0,375.0,684.0,1.0,45.0,8,53,33926,1,1.0
97,1.0,1.0,1.556,1.0,5.0,4,157.1601315146113,195.520786000645,pobre,basal,0,375.0,780.0,1.0,70.0,11,53,33927,5,1.0
98,1.0,1.0,1.556,0.0,6.0,4,157.1601315146113,195.520786000645,pobre,basal,0,375.0,780.0,1.0,70.0,12,53,33927,5,1.0
97,1.0,1.0,1.556,0.0,6.0,6,157.1601315146113,195.520786000645,pobre,basal,3,500.0,787.0,1.0,55.0,16,53,33928,6,0.0
98,1.0,1.0,1.556,,,6,157.1601315146113,195.520786000645,pobre,basal,3,500.0,787.0,1.0,55.0,17,53,33928,6,0.0
97,0.0,1.0,1.556,1.0,4.0,6,157.1601315146113,195.520786000645,pobre,basal,3,500.0,787.0,1.0,55.0,11,53,33929,4,1.0
98,0.0,1.0,1.556,1.0,5.0,6,157.1601315146113,195.520786000645,pobre,basal,3,500.0,787.0,1.0,55.0,12,53,33929,4,1.0
97,1.0,1.0,1.556,1.0,2.0,6,157.1601315146113,195.520786000645,pobre,basal,3,500.0,787.0,1.0,55.0,8,53,33930,2,1.0
98,1.0,1.0,1.556,1.0,3.0,6,157.1601315146113,195.520786000645,pobre,basal,3,500.0,787.0,1.0,55.0,9,53,33930,2,1.0
97,0.0,1.0,1.556,1.0,2.0,4,157.1601315146113,195.520786000645,pobre,basal,6,375.0,821.0,1.0,36.0,8,53,33931,2,1.0
98,0.0,1.0,1.556,1.0,3.0,4,157.1601315146113,195.520786000645,pobre,basal,6,375.0,821.0,1.0,36.0,9,53,33931,2,1.0
97,1.0,1.0,1.556,0.0,6.0,9,157.1601315146113,195.520786000645,pobre,basal,3,500.0,757.59998,1.0,52.0,14,53,33932,6,0.0
98,1.0,1.0,1.556,,,9,157.1601315146113,195.520786000645,pobre,basal,3,500.0,757.59998,1.0,52.0,15,53,33932,6,0.0
97,1.0,1.0,1.556,1.0,5.0,9,157.1601315146113,195.520786000645,pobre,basal,3,500.0,757.59998,1.0,52.0,12,53,33933,5,1.0
98,1.0,1.0,1.556,,,9,157.1601315146113,195.520786000645,pobre,basal,3,500.0,757.59998,1.0,52.0,13,53,33933,5,1.0
97,1.0,1.0,1.556,1.0,1.0,9,157.1601315146113,195.520786000645,pobre,basal,3,500.0,757.59998,1.0,52.0,7,53,33934,1,1.0
98,1.0,1.0,1.556,,,9,157.1601315146113,195.520786000645,pobre,basal,3,500.0,757.59998,1.0,52.0,8,53,33934,1,1.0
97,1.0,1.0,1.556,0.0,4.0,6,157.1601315146113,195.520786000645,pobre,basal,0,500.0,696.0,1.0,42.0,14,53,33935,4,0.0
98,1.0,1.0,1.556,0.0,4.0,6,157.1601315146113,195.520786000645,pobre,basal,0,500.0,696.0,1.0,42.0,15,53,33935,4,0.0
97,1.0,1.0,1.556,1.0,3.0,6,157.1601315146113,195.520786000645,pobre,basal,0,500.0,696.0,1.0,42.0,12,53,33936,3,1.0
98,1.0,1.0,1.556,1.0,4.0,6,157.1601315146113,195.520786000645,pobre,basal,0,500.0,696.0,1.0,42.0,13,53,33936,3,1.0
97,1.0,1.0,1.556,1.0,2.0,6,157.1601315146113,195.520786000645,pobre,basal,0,500.0,696.0,1.0,42.0,7,53,33937,2,1.0
98,1.0,1.0,1.556,1.0,2.0,6,157.1601315146113,195.520786000645,pobre,basal,0,500.0,696.0,1.0,42.0,8,53,33937,2,1.0
97,1.0,1.0,1.556,0.0,6.0,5,157.1601315146113,195.520786000645,pobre,basal,0,625.0,845.0,1.0,59.0,16,53,33938,6,0.0
98,1.0,1.0,1.556,,,5,157.1601315146113,195.520786000645,pobre,basal,0,625.0,845.0,1.0,59.0,17,53,33938,6,0.0
97,1.0,1.0,1.556,1.0,0.0,5,157.1601315146113,195.520786000645,pobre,basal,0,625.0,845.0,1.0,59.0,6,53,33939,0,1.0
98,1.0,1.0,1.556,,,5,157.1601315146113,195.520786000645,pobre,basal,0,625.0,845.0,1.0,59.0,7,53,33939,0,1.0
97,0.0,1.0,1.556,,0.0,5,157.1601315146113,195.520786000645,pobre,basal,6,1000.0,685.0,1.0,32.0,6,53,33940,0,
98,0.0,1.0,1.556,1.0,1.0,5,157.1601315146113,195.520786000645,pobre,basal,6,1000.0,685.0,1.0,32.0,7,53,33940,0,
97,1.0,0.0,0.0,1.0,6.0,5,80.30829567962643,80.30829567962643,pobre,basal,4,750.0,633.0,1.0,42.0,13,132,33941,6,1.0
98,1.0,0.0,0.0,1.0,7.0,5,80.30829567962643,80.30829567962643,pobre,basal,4,750.0,633.0,1.0,42.0,14,132,33941,6,1.0
97,0.0,0.0,0.0,1.0,5.0,5,80.30829567962643,80.30829567962643,pobre,basal,4,750.0,633.0,1.0,42.0,11,132,33942,5,1.0
98,0.0,0.0,0.0,1.0,6.0,5,80.30829567962643,80.30829567962643,pobre,basal,4,750.0,633.0,1.0,42.0,12,132,33942,5,1.0
97,1.0,1.0,1.556,1.0,2.0,7,157.1601315146113,195.520786000645,pobre,basal,0,0.0,763.5,1.0,75.0,11,53,33943,2,1.0
98,1.0,1.0,1.556,1.0,8.0,7,157.1601315146113,195.520786000645,pobre,basal,0,0.0,763.5,1.0,75.0,12,53,33943,2,1.0
97,1.0,1.0,1.556,1.0,4.0,6,157.1601315146113,195.520786000645,pobre,basal,2,500.0,688.33099,1.0,46.0,10,53,33944,4,1.0
98,1.0,1.0,1.556,1.0,5.0,6,157.1601315146113,195.520786000645,pobre,basal,2,500.0,688.33099,1.0,46.0,11,53,33944,4,1.0
97,0.0,1.0,1.556,1.0,2.0,6,157.1601315146113,195.520786000645,pobre,basal,2,500.0,688.33099,1.0,46.0,8,53,33945,2,1.0
98,0.0,1.0,1.556,1.0,3.0,6,157.1601315146113,195.520786000645,pobre,basal,2,500.0,688.33099,1.0,46.0,9,53,33945,2,1.0
97,0.0,1.0,1.556,1.0,0.0,6,157.1601315146113,195.520786000645,pobre,basal,2,500.0,688.33099,1.0,46.0,6,53,33946,0,1.0
98,0.0,1.0,1.556,1.0,1.0,6,157.1601315146113,195.520786000645,pobre,basal,2,500.0,688.33099,1.0,46.0,7,53,33946,0,1.0
97,1.0,1.0,1.556,1.0,3.0,5,157.1601315146113,195.520786000645,pobre,basal,4,500.0,645.0,1.0,29.0,9,53,33947,3,1.0
98,1.0,1.0,1.556,1.0,4.0,5,157.1601315146113,195.520786000645,pobre,basal,4,500.0,645.0,1.0,29.0,10,53,33947,3,1.0
97,1.0,1.0,1.556,1.0,1.0,5,157.1601315146113,195.520786000645,pobre,basal,4,500.0,645.0,1.0,29.0,7,53,33948,1,1.0
98,1.0,1.0,1.556,1.0,2.0,5,157.1601315146113,195.520786000645,pobre,basal,4,500.0,645.0,1.0,29.0,8,53,33948,1,1.0
97,1.0,1.0,1.556,0.0,4.0,7,157.1601315146113,195.520786000645,pobre,basal,2,500.0,740.5,1.0,43.0,16,53,33949,4,0.0
98,1.0,1.0,1.556,,,7,157.1601315146113,195.520786000645,pobre,basal,2,500.0,740.5,1.0,43.0,17,53,33949,4,0.0
97,0.0,1.0,1.556,0.0,6.0,7,157.1601315146113,195.520786000645,pobre,basal,2,500.0,740.5,1.0,43.0,14,53,33950,6,0.0
98,0.0,1.0,1.556,,,7,157.1601315146113,195.520786000645,pobre,basal,2,500.0,740.5,1.0,43.0,15,53,33950,6,0.0
97,1.0,1.0,1.556,1.0,4.0,7,157.1601315146113,195.520786000645,pobre,basal,2,500.0,740.5,1.0,43.0,11,53,33951,4,1.0
98,1.0,1.0,1.556,1.0,6.0,7,157.1601315146113,195.520786000645,pobre,basal,2,500.0,740.5,1.0,43.0,12,53,33951,4,1.0
97,1.0,1.0,1.556,1.0,2.0,7,157.1601315146113,195.520786000645,pobre,basal,2,500.0,740.5,1.0,43.0,8,53,33952,2,1.0
98,1.0,1.0,1.556,1.0,3.0,7,157.1601315146113,195.520786000645,pobre,basal,2,500.0,740.5,1.0,43.0,9,53,33952,2,1.0
97,1.0,1.0,1.556,0.0,6.0,8,157.1601315146113,195.520786000645,pobre,basal,3,300.0,731.33099,1.0,42.0,16,53,33953,6,0.0
98,1.0,1.0,1.556,,,8,157.1601315146113,195.520786000645,pobre,basal,3,300.0,731.33099,1.0,42.0,17,53,33953,6,0.0
97,0.0,1.0,1.556,1.0,4.0,8,157.1601315146113,195.520786000645,pobre,basal,3,300.0,731.33099,1.0,42.0,12,53,33954,4,1.0
98,0.0,1.0,1.556,1.0,5.0,8,157.1601315146113,195.520786000645,pobre,basal,3,300.0,731.33099,1.0,42.0,13,53,33954,4,1.0
97,0.0,1.0,1.556,1.0,4.0,8,157.1601315146113,195.520786000645,pobre,basal,3,300.0,731.33099,1.0,42.0,10,53,33955,4,1.0
98,0.0,1.0,1.556,1.0,5.0,8,157.1601315146113,195.520786000645,pobre,basal,3,300.0,731.33099,1.0,42.0,11,53,33955,4,1.0
97,1.0,1.0,1.556,1.0,2.0,8,157.1601315146113,195.520786000645,pobre,basal,3,300.0,731.33099,1.0,42.0,8,53,33956,2,1.0
98,1.0,1.0,1.556,1.0,2.0,8,157.1601315146113,195.520786000645,pobre,basal,3,300.0,731.33099,1.0,42.0,9,53,33956,2,1.0
97,0.0,1.0,1.556,,0.0,8,157.1601315146113,195.520786000645,pobre,basal,3,300.0,731.33099,1.0,42.0,6,53,33957,0,
98,0.0,1.0,1.556,1.0,0.0,8,157.1601315146113,195.520786000645,pobre,basal,3,300.0,731.33099,1.0,42.0,7,53,33957,0,
97,1.0,0.0,2.8599999,1.0,4.0,4,61.98534797690349,61.98534797690349,no pobre,basal,12,166.66667,754.0,1.0,33.0,9,186,33958,4,1.0
98,1.0,0.0,2.8599999,1.0,5.0,4,61.98534797690349,61.98534797690349,no pobre,basal,12,166.66667,754.0,1.0,33.0,10,186,33958,4,1.0
97,1.0,0.0,2.8599999,1.0,3.0,4,61.98534797690349,61.98534797690349,no pobre,basal,12,166.66667,754.0,1.0,33.0,8,186,33959,3,1.0
98,1.0,0.0,2.8599999,1.0,3.0,4,61.98534797690349,61.98534797690349,no pobre,basal,12,166.66667,754.0,1.0,33.0,9,186,33959,3,1.0
97,1.0,1.0,1.556,1.0,2.0,5,157.1601315146113,195.520786000645,pobre,basal,5,375.0,669.0,1.0,29.0,9,53,33960,2,1.0
98,1.0,1.0,1.556,1.0,2.0,5,157.1601315146113,195.520786000645,pobre,basal,5,375.0,669.0,1.0,29.0,10,53,33960,2,1.0
97,1.0,,1.556,1.0,3.0,6,157.1601315146113,195.520786000645,pobre,basal,0,0.0,764.70697,1.0,47.0,15,53,33961,3,1.0
98,1.0,,1.556,1.0,4.0,6,157.1601315146113,195.520786000645,pobre,basal,0,0.0,764.70697,1.0,47.0,16,53,33961,3,1.0
97,0.0,1.0,1.556,1.0,1.0,10,157.1601315146113,195.520786000645,pobre,basal,4,375.0,704.0,1.0,27.0,13,53,33962,1,1.0
98,0.0,1.0,1.556,,,10,157.1601315146113,195.520786000645,pobre,basal,4,375.0,704.0,1.0,27.0,14,53,33962,1,1.0
97,0.0,1.0,1.556,1.0,1.0,10,157.1601315146113,195.520786000645,pobre,basal,4,375.0,704.0,1.0,27.0,7,53,33963,1,1.0
98,0.0,1.0,1.556,,,10,157.1601315146113,195.520786000645,pobre,basal,4,375.0,704.0,1.0,27.0,8,53,33963,1,1.0
97,1.0,1.0,1.556,1.0,5.0,11,157.1601315146113,195.520786000645,pobre,basal,0,375.0,707.0,1.0,64.0,10,53,33964,5,1.0
98,1.0,1.0,1.556,0.0,6.0,11,157.1601315146113,195.520786000645,pobre,basal,0,375.0,707.0,1.0,64.0,11,53,33964,5,1.0
97,0.0,1.0,1.556,0.0,6.0,11,157.1601315146113,195.520786000645,pobre,basal,0,375.0,707.0,1.0,64.0,13,53,33965,6,0.0
98,0.0,1.0,1.556,0.0,6.0,11,157.1601315146113,195.520786000645,pobre,basal,0,375.0,707.0,1.0,64.0,14,53,33965,6,0.0
97,1.0,1.0,1.556,1.0,4.0,11,157.1601315146113,195.520786000645,pobre,basal,0,375.0,707.0,1.0,64.0,10,53,33966,4,1.0
98,1.0,1.0,1.556,,,11,157.1601315146113,195.520786000645,pobre,basal,0,375.0,707.0,1.0,64.0,11,53,33966,4,1.0
97,1.0,1.0,1.556,1.0,0.0,11,157.1601315146113,195.520786000645,pobre,basal,0,375.0,707.0,1.0,64.0,7,53,33967,0,1.0
98,1.0,1.0,1.556,1.0,1.0,11,157.1601315146113,195.520786000645,pobre,basal,0,375.0,707.0,1.0,64.0,8,53,33967,0,1.0
97,0.0,1.0,1.556,0.0,4.0,2,157.1601315146113,195.520786000645,pobre,basal,5,375.0,748.0,1.0,23.0,16,53,33968,4,0.0
98,0.0,1.0,1.556,,,2,157.1601315146113,195.520786000645,pobre,basal,5,375.0,748.0,1.0,23.0,17,53,33968,4,0.0
97,0.0,1.0,1.556,0.0,6.0,5,157.1601315146113,195.520786000645,pobre,basal,2,375.0,699.0,1.0,34.0,14,53,33969,6,0.0
98,0.0,1.0,1.556,0.0,6.0,5,157.1601315146113,195.520786000645,pobre,basal,2,375.0,699.0,1.0,34.0,15,53,33969,6,0.0
97,1.0,1.0,1.556,1.0,3.0,5,157.1601315146113,195.520786000645,pobre,basal,2,375.0,699.0,1.0,34.0,10,53,33970,3,1.0
98,1.0,1.0,1.556,1.0,4.0,5,157.1601315146113,195.520786000645,pobre,basal,2,375.0,699.0,1.0,34.0,11,53,33970,3,1.0
97,1.0,1.0,1.556,1.0,1.0,5,157.1601315146113,195.520786000645,pobre,basal,2,375.0,699.0,1.0,34.0,6,53,33971,1,1.0
98,1.0,1.0,1.556,1.0,1.0,5,157.1601315146113,195.520786000645,pobre,basal,2,375.0,699.0,1.0,34.0,7,53,33971,1,1.0
97,1.0,1.0,1.556,1.0,3.0,7,157.1601315146113,195.520786000645,pobre,basal,6,500.0,638.0,1.0,33.0,9,53,33972,3,1.0
98,1.0,1.0,1.556,1.0,4.0,7,157.1601315146113,195.520786000645,pobre,basal,6,500.0,638.0,1.0,33.0,10,53,33972,3,1.0
97,1.0,1.0,1.556,1.0,1.0,7,157.1601315146113,195.520786000645,pobre,basal,6,500.0,638.0,1.0,33.0,7,53,33973,1,1.0
98,1.0,1.0,1.556,1.0,2.0,7,157.1601315146113,195.520786000645,pobre,basal,6,500.0,638.0,1.0,33.0,8,53,33973,1,1.0
97,0.0,0.0,0.0,1.0,4.0,3,80.30829567962643,80.30829567962643,no pobre,basal,3,750.0,749.0,1.0,39.0,10,132,33974,4,1.0
98,0.0,0.0,0.0,1.0,4.0,3,80.30829567962643,80.30829567962643,no pobre,basal,3,750.0,749.0,1.0,39.0,11,132,33974,4,1.0
97,0.0,0.0,0.0,1.0,7.0,6,80.30829567962643,80.30829567962643,no pobre,basal,2,0.0,726.0,1.0,42.0,12,132,33975,7,1.0
98,0.0,0.0,0.0,1.0,8.0,6,80.30829567962643,80.30829567962643,no pobre,basal,2,0.0,726.0,1.0,42.0,13,132,33975,7,1.0
97,1.0,1.0,1.556,0.0,6.0,9,157.1601315146113,195.520786000645,pobre,basal,0,500.0,713.75,1.0,51.0,15,53,33976,6,0.0
98,1.0,1.0,1.556,0.0,6.0,9,157.1601315146113,195.520786000645,pobre,basal,0,500.0,713.75,1.0,51.0,16,53,33976,6,0.0
97,0.0,1.0,1.556,1.0,5.0,9,157.1601315146113,195.520786000645,pobre,basal,0,500.0,713.75,1.0,51.0,13,53,33977,5,1.0
98,0.0,1.0,1.556,0.0,6.0,9,157.1601315146113,195.520786000645,pobre,basal,0,500.0,713.75,1.0,51.0,14,53,33977,5,1.0
97,1.0,1.0,1.556,1.0,3.0,9,157.1601315146113,195.520786000645,pobre,basal,0,500.0,713.75,1.0,51.0,10,53,33978,3,1.0
98,1.0,1.0,1.556,1.0,5.0,9,157.1601315146113,195.520786000645,pobre,basal,0,500.0,713.75,1.0,51.0,11,53,33978,3,1.0
97,0.0,1.0,1.556,1.0,1.0,9,157.1601315146113,195.520786000645,pobre,basal,0,500.0,713.75,1.0,51.0,8,53,33979,1,1.0
98,0.0,1.0,1.556,1.0,3.0,9,157.1601315146113,195.520786000645,pobre,basal,0,500.0,713.75,1.0,51.0,9,53,33979,1,1.0
97,0.0,1.0,1.556,1.0,7.0,7,157.1601315146113,195.520786000645,pobre,basal,0,375.0,757.0,1.0,57.0,16,53,33980,7,1.0
98,0.0,1.0,1.556,,,7,157.1601315146113,195.520786000645,pobre,basal,0,375.0,757.0,1.0,57.0,17,53,33980,7,1.0
97,1.0,1.0,1.556,1.0,6.0,7,157.1601315146113,195.520786000645,pobre,basal,0,375.0,757.0,1.0,57.0,13,53,33981,6,1.0
98,1.0,1.0,1.556,1.0,7.0,7,157.1601315146113,195.520786000645,pobre,basal,0,375.0,757.0,1.0,57.0,14,53,33981,6,1.0
97,0.0,1.0,1.556,1.0,4.0,7,157.1601315146113,195.520786000645,pobre,basal,0,375.0,757.0,1.0,57.0,11,53,33982,4,1.0
98,0.0,1.0,1.556,1.0,5.0,7,157.1601315146113,195.520786000645,pobre,basal,0,375.0,757.0,1.0,57.0,12,53,33982,4,1.0
97,1.0,1.0,1.556,1.0,3.0,8,157.1601315146113,195.520786000645,pobre,basal,3,1750.0,773.0,1.0,54.0,9,53,33983,3,1.0
98,1.0,1.0,1.556,1.0,4.0,8,157.1601315146113,195.520786000645,pobre,basal,3,1750.0,773.0,1.0,54.0,10,53,33983,3,1.0
97,1.0,1.0,1.556,1.0,1.0,8,157.1601315146113,195.520786000645,pobre,basal,3,1750.0,773.0,1.0,54.0,7,53,33984,1,1.0
98,1.0,1.0,1.556,1.0,2.0,8,157.1601315146113,195.520786000645,pobre,basal,3,1750.0,773.0,1.0,54.0,8,53,33984,1,1.0
97,1.0,1.0,1.556,1.0,4.0,10,157.1601315146113,195.520786000645,pobre,basal,0,375.0,501.0,1.0,43.0,12,53,33985,4,1.0
98,1.0,1.0,1.556,1.0,5.0,10,157.1601315146113,195.520786000645,pobre,basal,0,375.0,501.0,1.0,43.0,13,53,33985,4,1.0
97,1.0,1.0,1.556,1.0,4.0,10,157.1601315146113,195.520786000645,pobre,basal,0,375.0,501.0,1.0,43.0,10,53,33986,4,1.0
98,1.0,1.0,1.556,1.0,5.0,10,157.1601315146113,195.520786000645,pobre,basal,0,375.0,501.0,1.0,43.0,11,53,33986,4,1.0
97,0.0,1.0,1.556,1.0,1.0,10,157.1601315146113,195.520786000645,pobre,basal,0,375.0,501.0,1.0,43.0,7,53,33987,1,1.0
98,0.0,1.0,1.556,1.0,2.0,10,157.1601315146113,195.520786000645,pobre,basal,0,375.0,501.0,1.0,43.0,8,53,33987,1,1.0
97,0.0,1.0,1.556,1.0,0.0,10,157.1601315146113,195.520786000645,pobre,basal,0,375.0,501.0,1.0,43.0,6,53,33988,0,1.0
98,0.0,1.0,1.556,1.0,1.0,10,157.1601315146113,195.520786000645,pobre,basal,0,375.0,501.0,1.0,43.0,7,53,33988,0,1.0
97,0.0,1.0,1.556,1.0,3.0,5,157.1601315146113,195.520786000645,pobre,basal,3,375.0,552.0,1.0,35.0,10,53,33989,3,1.0
98,0.0,1.0,1.556,1.0,2.0,5,157.1601315146113,195.520786000645,pobre,basal,3,375.0,552.0,1.0,35.0,11,53,33989,3,1.0
97,1.0,1.0,1.556,1.0,2.0,5,157.1601315146113,195.520786000645,pobre,basal,3,375.0,552.0,1.0,35.0,8,53,33990,2,1.0
98,1.0,1.0,1.556,1.0,2.0,5,157.1601315146113,195.520786000645,pobre,basal,3,375.0,552.0,1.0,35.0,9,53,33990,2,1.0
97,1.0,1.0,1.556,1.0,0.0,5,157.1601315146113,195.520786000645,pobre,basal,3,375.0,552.0,1.0,35.0,6,53,33991,0,1.0
98,1.0,1.0,1.556,1.0,1.0,5,157.1601315146113,195.520786000645,pobre,basal,3,375.0,552.0,1.0,35.0,7,53,33991,0,1.0
97,0.0,1.0,1.556,,0.0,3,157.1601315146113,195.520786000645,pobre,basal,0,375.0,630.33099,1.0,45.0,14,53,33992,0,
98,0.0,1.0,1.556,,,3,157.1601315146113,195.520786000645,pobre,basal,0,375.0,630.33099,1.0,45.0,15,53,33992,0,
97,0.0,1.0,1.556,0.0,6.0,6,157.1601315146113,195.520786000645,pobre,basal,0,500.0,804.0,1.0,53.0,15,53,33993,6,0.0
98,0.0,1.0,1.556,,,6,157.1601315146113,195.520786000645,pobre,basal,0,500.0,804.0,1.0,53.0,16,53,33993,6,0.0
97,1.0,1.0,1.556,1.0,3.0,6,157.1601315146113,195.520786000645,pobre,basal,0,500.0,804.0,1.0,53.0,10,53,33994,3,1.0
98,1.0,1.0,1.556,1.0,4.0,6,157.1601315146113,195.520786000645,pobre,basal,0,500.0,804.0,1.0,53.0,11,53,33994,3,1.0
97,1.0,1.0,1.556,1.0,5.0,7,157.1601315146113,195.520786000645,pobre,basal,0,375.0,720.5,1.0,49.0,12,53,33995,5,1.0
98,1.0,1.0,1.556,1.0,6.0,7,157.1601315146113,195.520786000645,pobre,basal,0,375.0,720.5,1.0,49.0,13,53,33995,5,1.0
97,0.0,1.0,1.556,,0.0,7,157.1601315146113,195.520786000645,pobre,basal,0,375.0,720.5,1.0,49.0,9,53,33996,0,
98,0.0,1.0,1.556,,,7,157.1601315146113,195.520786000645,pobre,basal,0,375.0,720.5,1.0,49.0,10,53,33996,0,
97,1.0,1.0,1.556,,0.0,9,157.1601315146113,195.520786000645,pobre,basal,0,325.0,494.0,1.0,31.0,7,53,33997,0,
98,1.0,1.0,1.556,1.0,3.0,9,157.1601315146113,195.520786000645,pobre,basal,0,325.0,494.0,1.0,31.0,8,53,33997,0,
97,1.0,1.0,1.556,1.0,5.0,9,157.1601315146113,195.520786000645,pobre,basal,0,325.0,494.0,1.0,31.0,11,53,33998,5,1.0
98,1.0,1.0,1.556,1.0,6.0,9,157.1601315146113,195.520786000645,pobre,basal,0,325.0,494.0,1.0,31.0,12,53,33998,5,1.0
97,1.0,0.0,0.0,1.0,0.0,4,80.30829567962643,80.30829567962643,pobre,basal,2,880.0,666.0,1.0,34.0,8,132,33999,0,1.0
98,1.0,0.0,0.0,1.0,0.0,4,80.30829567962643,80.30829567962643,pobre,basal,2,880.0,666.0,1.0,34.0,9,132,33999,0,1.0
97,0.0,0.0,0.0,0.0,6.0,11,80.30829567962643,80.30829567962643,pobre,basal,0,1000.0,232.0,1.0,33.0,14,132,34000,6,0.0
98,0.0,0.0,0.0,,,11,80.30829567962643,80.30829567962643,pobre,basal,0,1000.0,232.0,1.0,33.0,15,132,34000,6,0.0
97,1.0,0.0,0.0,1.0,6.0,11,80.30829567962643,80.30829567962643,pobre,basal,0,1000.0,232.0,1.0,33.0,13,132,34001,6,1.0
98,1.0,0.0,0.0,0.0,,11,80.30829567962643,80.30829567962643,pobre,basal,0,1000.0,232.0,1.0,33.0,14,132,34001,6,1.0
97,1.0,0.0,0.0,1.0,3.0,11,80.30829567962643,80.30829567962643,pobre,basal,0,1000.0,232.0,1.0,33.0,11,132,34002,3,1.0
98,1.0,0.0,0.0,0.0,4.0,11,80.30829567962643,80.30829567962643,pobre,basal,0,1000.0,232.0,1.0,33.0,12,132,34002,3,1.0
97,0.0,0.0,0.0,1.0,0.0,11,80.30829567962643,80.30829567962643,pobre,basal,0,1000.0,232.0,1.0,33.0,9,132,34003,0,1.0
98,0.0,0.0,0.0,1.0,1.0,11,80.30829567962643,80.30829567962643,pobre,basal,0,1000.0,232.0,1.0,33.0,10,132,34003,0,1.0
97,1.0,0.0,0.0,1.0,0.0,11,80.30829567962643,80.30829567962643,pobre,basal,0,1000.0,232.0,1.0,33.0,7,132,34004,0,1.0
98,1.0,0.0,0.0,1.0,1.0,11,80.30829567962643,80.30829567962643,pobre,basal,0,1000.0,232.0,1.0,33.0,8,132,34004,0,1.0
97,0.0,0.0,0.0,0.0,2.0,9,80.30829567962643,80.30829567962643,pobre,basal,0,750.0,642.5,1.0,49.0,13,132,34005,2,0.0
98,0.0,0.0,0.0,0.0,2.0,9,80.30829567962643,80.30829567962643,pobre,basal,0,750.0,642.5,1.0,49.0,14,132,34005,2,0.0
97,1.0,0.0,0.0,1.0,4.0,9,80.30829567962643,80.30829567962643,pobre,basal,0,750.0,642.5,1.0,49.0,12,132,34006,4,1.0
98,1.0,0.0,0.0,1.0,5.0,9,80.30829567962643,80.30829567962643,pobre,basal,0,750.0,642.5,1.0,49.0,13,132,34006,4,1.0
97,1.0,0.0,0.0,1.0,2.0,9,80.30829567962643,80.30829567962643,pobre,basal,0,750.0,642.5,1.0,49.0,10,132,34007,2,1.0
98,1.0,0.0,0.0,1.0,3.0,9,80.30829567962643,80.30829567962643,pobre,basal,0,750.0,642.5,1.0,49.0,11,132,34007,2,1.0
97,0.0,0.0,0.0,1.0,3.0,9,80.30829567962643,80.30829567962643,pobre,basal,0,750.0,642.5,1.0,49.0,8,132,34008,3,1.0
98,0.0,0.0,0.0,1.0,4.0,9,80.30829567962643,80.30829567962643,pobre,basal,0,750.0,642.5,1.0,49.0,9,132,34008,3,1.0
97,1.0,0.0,0.0,1.0,1.0,9,80.30829567962643,80.30829567962643,pobre,basal,0,750.0,642.5,1.0,49.0,7,132,34009,1,1.0
98,1.0,0.0,0.0,1.0,1.0,9,80.30829567962643,80.30829567962643,pobre,basal,0,750.0,642.5,1.0,49.0,8,132,34009,1,1.0
97,0.0,0.0,2.2650001,1.0,0.0,4,86.28887146500354,86.28887146500354,pobre,0,4,500.0,641.0,1.0,29.0,6,130,34010,0,1.0
98,0.0,0.0,2.2650001,1.0,1.0,4,86.28887146500354,86.28887146500354,pobre,0,4,500.0,641.0,1.0,29.0,7,130,34010,0,1.0
97,1.0,0.0,2.2650001,,3.0,4,86.28887146500354,86.28887146500354,pobre,0,3,1250.0,678.0,1.0,32.0,9,130,34011,3,
98,1.0,0.0,2.2650001,1.0,4.0,4,86.28887146500354,86.28887146500354,pobre,0,3,1250.0,678.0,1.0,32.0,10,130,34011,3,
97,0.0,0.0,2.2650001,0.0,6.0,6,86.28887146500354,86.28887146500354,no pobre,0,3,0.0,716.0,1.0,55.0,16,130,34012,6,0.0
98,0.0,0.0,2.2650001,0.0,6.0,6,86.28887146500354,86.28887146500354,no pobre,0,3,0.0,716.0,1.0,55.0,17,130,34012,6,0.0
97,0.0,0.0,2.2650001,0.0,6.0,6,86.28887146500354,86.28887146500354,no pobre,0,3,0.0,716.0,1.0,55.0,14,130,34013,6,0.0
98,0.0,0.0,2.2650001,0.0,6.0,6,86.28887146500354,86.28887146500354,no pobre,0,3,0.0,716.0,1.0,55.0,15,130,34013,6,0.0
97,0.0,0.0,2.2650001,1.0,4.0,6,86.28887146500354,86.28887146500354,no pobre,0,3,0.0,716.0,1.0,55.0,11,130,34014,4,1.0
98,0.0,0.0,2.2650001,1.0,4.0,6,86.28887146500354,86.28887146500354,no pobre,0,3,0.0,716.0,1.0,55.0,12,130,34014,4,1.0
97,1.0,0.0,2.2650001,1.0,2.0,6,86.28887146500354,86.28887146500354,no pobre,0,3,0.0,716.0,1.0,55.0,9,130,34015,2,1.0
98,1.0,0.0,2.2650001,,,6,86.28887146500354,86.28887146500354,no pobre,0,3,0.0,716.0,1.0,55.0,10,130,34015,2,1.0
97,0.0,0.0,2.2650001,1.0,7.0,4,86.28887146500354,86.28887146500354,pobre,0,3,0.0,708.0,1.0,50.0,14,130,34016,7,1.0
98,0.0,0.0,2.2650001,1.0,8.0,4,86.28887146500354,86.28887146500354,pobre,0,3,0.0,708.0,1.0,50.0,15,130,34016,7,1.0
97,0.0,0.0,2.2650001,1.0,3.0,4,86.28887146500354,86.28887146500354,pobre,0,3,0.0,708.0,1.0,50.0,9,130,34017,3,1.0
98,0.0,0.0,2.2650001,1.0,4.0,4,86.28887146500354,86.28887146500354,pobre,0,3,0.0,708.0,1.0,50.0,10,130,34017,3,1.0
97,1.0,0.0,2.2650001,1.0,4.0,5,86.28887146500354,86.28887146500354,pobre,0,2,1250.0,683.0,1.0,52.0,13,130,34018,4,1.0
98,1.0,0.0,2.2650001,1.0,4.0,5,86.28887146500354,86.28887146500354,pobre,0,2,1250.0,683.0,1.0,52.0,14,130,34018,4,1.0
97,1.0,1.0,1.556,1.0,8.0,6,157.1601315146113,195.520786000645,pobre,basal,2,375.0,634.0,1.0,40.0,15,53,34019,8,1.0
98,1.0,1.0,1.556,0.0,9.0,6,157.1601315146113,195.520786000645,pobre,basal,2,375.0,634.0,1.0,40.0,16,53,34019,8,1.0
97,0.0,1.0,1.556,1.0,4.0,6,157.1601315146113,195.520786000645,pobre,basal,2,375.0,634.0,1.0,40.0,12,53,34020,4,1.0
98,0.0,1.0,1.556,1.0,5.0,6,157.1601315146113,195.520786000645,pobre,basal,2,375.0,634.0,1.0,40.0,13,53,34020,4,1.0
97,1.0,1.0,1.556,1.0,2.0,6,157.1601315146113,195.520786000645,pobre,basal,2,375.0,634.0,1.0,40.0,9,53,34021,2,1.0
98,1.0,1.0,1.556,1.0,3.0,6,157.1601315146113,195.520786000645,pobre,basal,2,375.0,634.0,1.0,40.0,10,53,34021,2,1.0
97,0.0,0.0,1.513,,0.0,7,58.24498633121426,58.24498633121426,pobre,basal,0,880.0,595.0,1.0,51.0,15,187,34022,0,
98,0.0,0.0,1.513,,,7,58.24498633121426,58.24498633121426,pobre,basal,0,880.0,595.0,1.0,51.0,16,187,34022,0,
97,0.0,0.0,1.513,1.0,4.0,7,58.24498633121426,58.24498633121426,pobre,basal,0,880.0,595.0,1.0,51.0,10,187,34023,4,1.0
98,0.0,0.0,1.513,1.0,5.0,7,58.24498633121426,58.24498633121426,pobre,basal,0,880.0,595.0,1.0,51.0,11,187,34023,4,1.0
97,1.0,0.0,1.513,1.0,4.0,4,58.24498633121426,58.24498633121426,pobre,basal,2,0.0,689.0,1.0,37.0,13,187,34024,4,1.0
98,1.0,0.0,1.513,1.0,5.0,4,58.24498633121426,58.24498633121426,pobre,basal,2,0.0,689.0,1.0,37.0,14,187,34024,4,1.0
97,1.0,0.0,1.513,1.0,4.0,4,58.24498633121426,58.24498633121426,pobre,basal,2,0.0,689.0,1.0,37.0,11,187,34025,4,1.0
98,1.0,0.0,1.513,1.0,4.0,4,58.24498633121426,58.24498633121426,pobre,basal,2,0.0,689.0,1.0,37.0,12,187,34025,4,1.0
97,1.0,0.0,1.513,1.0,0.0,4,58.24498633121426,58.24498633121426,pobre,basal,2,0.0,690.0,1.0,40.0,6,187,34026,0,1.0
98,1.0,0.0,1.513,,,4,58.24498633121426,58.24498633121426,pobre,basal,2,0.0,690.0,1.0,40.0,7,187,34026,0,1.0
97,0.0,0.0,1.513,1.0,3.0,5,58.24498633121426,58.24498633121426,pobre,basal,3,1200.0,589.0,1.0,31.0,8,187,34027,3,1.0
98,0.0,0.0,1.513,1.0,3.0,5,58.24498633121426,58.24498633121426,pobre,basal,3,1200.0,589.0,1.0,31.0,9,187,34027,3,1.0
97,1.0,0.0,1.513,1.0,1.0,5,58.24498633121426,58.24498633121426,pobre,basal,3,1200.0,589.0,1.0,31.0,7,187,34028,1,1.0
98,1.0,0.0,1.513,1.0,1.0,5,58.24498633121426,58.24498633121426,pobre,basal,3,1200.0,589.0,1.0,31.0,8,187,34028,1,1.0
97,1.0,0.0,1.513,0.0,6.0,6,58.24498633121426,58.24498633121426,pobre,basal,0,3750.0,665.11798,1.0,64.0,15,187,34029,6,0.0
98,1.0,0.0,1.513,0.0,6.0,6,58.24498633121426,58.24498633121426,pobre,basal,0,3750.0,665.11798,1.0,64.0,16,187,34029,6,0.0
97,1.0,0.0,1.513,1.0,4.0,6,58.24498633121426,58.24498633121426,pobre,basal,0,3750.0,665.11798,1.0,64.0,10,187,34030,4,1.0
98,1.0,0.0,1.513,1.0,5.0,6,58.24498633121426,58.24498633121426,pobre,basal,0,3750.0,665.11798,1.0,64.0,11,187,34030,4,1.0
97,0.0,0.0,3.777,0.0,6.0,9,70.71948653667833,70.71948653667833,pobre,basal,1,433.33334,628.5,1.0,52.0,16,177,34031,6,0.0
98,0.0,0.0,3.777,,,9,70.71948653667833,70.71948653667833,pobre,basal,1,433.33334,628.5,1.0,52.0,17,177,34031,6,0.0
97,0.0,0.0,3.777,0.0,6.0,9,70.71948653667833,70.71948653667833,pobre,basal,1,433.33334,628.5,1.0,52.0,14,177,34032,6,0.0
98,0.0,0.0,3.777,0.0,6.0,9,70.71948653667833,70.71948653667833,pobre,basal,1,433.33334,628.5,1.0,52.0,15,177,34032,6,0.0
97,0.0,0.0,3.777,0.0,6.0,9,70.71948653667833,70.71948653667833,pobre,basal,1,433.33334,628.5,1.0,52.0,14,177,34033,6,0.0
98,0.0,0.0,3.777,0.0,6.0,9,70.71948653667833,70.71948653667833,pobre,basal,1,433.33334,628.5,1.0,52.0,15,177,34033,6,0.0
97,0.0,0.0,3.777,1.0,4.0,9,70.71948653667833,70.71948653667833,pobre,basal,1,433.33334,628.5,1.0,52.0,11,177,34034,4,1.0
98,0.0,0.0,3.777,1.0,5.0,9,70.71948653667833,70.71948653667833,pobre,basal,1,433.33334,628.5,1.0,52.0,12,177,34034,4,1.0
97,0.0,0.0,3.777,1.0,2.0,9,70.71948653667833,70.71948653667833,pobre,basal,1,433.33334,628.5,1.0,52.0,8,177,34035,2,1.0
98,0.0,0.0,3.777,1.0,3.0,9,70.71948653667833,70.71948653667833,pobre,basal,1,433.33334,628.5,1.0,52.0,9,177,34035,2,1.0
97,0.0,0.0,3.777,0.0,6.0,13,70.71948653667833,70.71948653667833,pobre,basal,3,1000.0,546.5,1.0,56.0,16,177,34036,6,0.0
98,0.0,0.0,3.777,,,13,70.71948653667833,70.71948653667833,pobre,basal,3,1000.0,546.5,1.0,56.0,17,177,34036,6,0.0
97,0.0,0.0,3.777,0.0,6.0,13,70.71948653667833,70.71948653667833,pobre,basal,3,1000.0,546.5,1.0,56.0,16,177,34037,6,0.0
98,0.0,0.0,3.777,,,13,70.71948653667833,70.71948653667833,pobre,basal,3,1000.0,546.5,1.0,56.0,17,177,34037,6,0.0
97,1.0,0.0,3.777,0.0,6.0,13,70.71948653667833,70.71948653667833,pobre,basal,3,1000.0,546.5,1.0,56.0,15,177,34038,6,0.0
98,1.0,0.0,3.777,,,13,70.71948653667833,70.71948653667833,pobre,basal,3,1000.0,546.5,1.0,56.0,16,177,34038,6,0.0
97,1.0,0.0,3.777,1.0,6.0,13,70.71948653667833,70.71948653667833,pobre,basal,3,1000.0,546.5,1.0,56.0,12,177,34039,6,1.0
98,1.0,0.0,3.777,,,13,70.71948653667833,70.71948653667833,pobre,basal,3,1000.0,546.5,1.0,56.0,13,177,34039,6,1.0
97,1.0,0.0,3.777,1.0,1.0,13,70.71948653667833,70.71948653667833,pobre,basal,3,1000.0,546.5,1.0,56.0,7,177,34040,1,1.0
98,1.0,0.0,3.777,,,13,70.71948653667833,70.71948653667833,pobre,basal,3,1000.0,546.5,1.0,56.0,8,177,34040,1,1.0
97,0.0,0.0,1.2460001,1.0,3.0,6,101.1014252992507,101.1014252992507,pobre,0,1,1250.0,579.0,1.0,55.0,10,144,34041,3,1.0
98,0.0,0.0,1.2460001,1.0,4.0,6,101.1014252992507,101.1014252992507,pobre,0,1,1250.0,579.0,1.0,55.0,11,144,34041,3,1.0
97,0.0,0.0,1.2460001,1.0,2.0,6,101.1014252992507,101.1014252992507,pobre,0,1,1250.0,579.0,1.0,55.0,9,144,34042,2,1.0
98,0.0,0.0,1.2460001,1.0,3.0,6,101.1014252992507,101.1014252992507,pobre,0,1,1250.0,579.0,1.0,55.0,10,144,34042,2,1.0
97,0.0,0.0,1.2460001,1.0,0.0,6,101.1014252992507,101.1014252992507,pobre,0,1,1250.0,579.0,1.0,55.0,6,144,34043,0,1.0
98,0.0,0.0,1.2460001,1.0,1.0,6,101.1014252992507,101.1014252992507,pobre,0,1,1250.0,579.0,1.0,55.0,7,144,34043,0,1.0
97,0.0,0.0,1.2460001,0.0,6.0,5,101.1014252992507,101.1014252992507,pobre,0,1,500.0,625.0,1.0,41.0,15,144,34044,6,0.0
98,0.0,0.0,1.2460001,1.0,6.0,5,101.1014252992507,101.1014252992507,pobre,0,1,500.0,625.0,1.0,41.0,16,144,34044,6,0.0
97,1.0,0.0,1.2460001,1.0,4.0,5,101.1014252992507,101.1014252992507,pobre,0,1,500.0,625.0,1.0,41.0,11,144,34045,4,1.0
98,1.0,0.0,1.2460001,1.0,5.0,5,101.1014252992507,101.1014252992507,pobre,0,1,500.0,625.0,1.0,41.0,12,144,34045,4,1.0
97,1.0,0.0,1.2460001,0.0,6.0,6,101.1014252992507,101.1014252992507,pobre,0,0,0.0,627.0,0.0,40.0,13,144,34046,6,0.0
98,1.0,0.0,1.2460001,0.0,6.0,6,101.1014252992507,101.1014252992507,pobre,0,0,0.0,627.0,0.0,40.0,14,144,34046,6,0.0
97,1.0,0.0,1.2460001,1.0,5.0,6,101.1014252992507,101.1014252992507,pobre,0,0,0.0,627.0,0.0,40.0,12,144,34047,5,1.0
98,1.0,0.0,1.2460001,0.0,6.0,6,101.1014252992507,101.1014252992507,pobre,0,0,0.0,627.0,0.0,40.0,13,144,34047,5,1.0
97,0.0,0.0,1.2460001,1.0,4.0,6,101.1014252992507,101.1014252992507,pobre,0,0,0.0,627.0,0.0,40.0,10,144,34048,4,1.0
98,0.0,0.0,1.2460001,1.0,5.0,6,101.1014252992507,101.1014252992507,pobre,0,0,0.0,627.0,0.0,40.0,11,144,34048,4,1.0
97,1.0,0.0,3.777,1.0,5.0,9,70.71948653667833,70.71948653667833,pobre,basal,0,720.0,425.0,1.0,34.0,12,177,34049,5,1.0
98,1.0,0.0,3.777,0.0,6.0,9,70.71948653667833,70.71948653667833,pobre,basal,0,720.0,425.0,1.0,34.0,13,177,34049,5,1.0
97,0.0,0.0,3.777,1.0,3.0,9,70.71948653667833,70.71948653667833,pobre,basal,0,720.0,425.0,1.0,34.0,10,177,34050,3,1.0
98,0.0,0.0,3.777,1.0,4.0,9,70.71948653667833,70.71948653667833,pobre,basal,0,720.0,425.0,1.0,34.0,11,177,34050,3,1.0
97,1.0,0.0,3.777,1.0,2.0,9,70.71948653667833,70.71948653667833,pobre,basal,0,720.0,425.0,1.0,34.0,7,177,34051,2,1.0
98,1.0,0.0,3.777,1.0,3.0,9,70.71948653667833,70.71948653667833,pobre,basal,0,720.0,425.0,1.0,34.0,8,177,34051,2,1.0
97,0.0,0.0,3.777,1.0,1.0,9,70.71948653667833,70.71948653667833,pobre,basal,0,720.0,425.0,1.0,34.0,6,177,34052,1,1.0
98,0.0,0.0,3.777,1.0,2.0,9,70.71948653667833,70.71948653667833,pobre,basal,0,720.0,425.0,1.0,34.0,7,177,34052,1,1.0
97,0.0,0.0,3.777,0.0,6.0,7,70.71948653667833,70.71948653667833,pobre,basal,1,480.0,637.0,1.0,56.0,16,177,34053,6,0.0
98,0.0,0.0,3.777,0.0,6.0,7,70.71948653667833,70.71948653667833,pobre,basal,1,480.0,637.0,1.0,56.0,17,177,34053,6,0.0
97,0.0,0.0,3.777,0.0,6.0,10,70.71948653667833,70.71948653667833,pobre,basal,4,0.0,555.0,1.0,40.0,15,177,34054,6,0.0
98,0.0,0.0,3.777,,,10,70.71948653667833,70.71948653667833,pobre,basal,4,0.0,555.0,1.0,40.0,16,177,34054,6,0.0
97,1.0,0.0,3.777,1.0,8.0,10,70.71948653667833,70.71948653667833,pobre,basal,4,0.0,555.0,1.0,40.0,14,177,34055,8,1.0
98,1.0,0.0,3.777,,,10,70.71948653667833,70.71948653667833,pobre,basal,4,0.0,555.0,1.0,40.0,15,177,34055,8,1.0
97,0.0,0.0,3.777,0.0,6.0,10,70.71948653667833,70.71948653667833,pobre,basal,4,0.0,555.0,1.0,40.0,12,177,34056,6,0.0
98,0.0,0.0,3.777,,,10,70.71948653667833,70.71948653667833,pobre,basal,4,0.0,555.0,1.0,40.0,13,177,34056,6,0.0
97,0.0,0.0,3.777,1.0,2.0,10,70.71948653667833,70.71948653667833,pobre,basal,4,0.0,555.0,1.0,40.0,8,177,34057,2,1.0
98,0.0,0.0,3.777,,,10,70.71948653667833,70.71948653667833,pobre,basal,4,0.0,555.0,1.0,40.0,9,177,34057,2,1.0
97,0.0,0.0,0.0,,0.0,4,13.31589070824295,13.31589070824295,pobre,basal,2,100.0,613.0,1.0,31.0,8,158,34058,0,
98,0.0,0.0,0.0,,,4,13.31589070824295,13.31589070824295,pobre,basal,2,100.0,613.0,1.0,31.0,9,158,34058,0,
97,1.0,0.0,0.0,1.0,8.0,4,13.31589070824295,13.31589070824295,pobre,basal,0,0.0,769.0,1.0,59.0,15,158,34059,8,1.0
98,1.0,0.0,0.0,0.0,9.0,4,13.31589070824295,13.31589070824295,pobre,basal,0,0.0,769.0,1.0,59.0,16,158,34059,8,1.0
97,0.0,0.0,0.0,1.0,7.0,4,13.31589070824295,13.31589070824295,pobre,basal,0,0.0,769.0,1.0,59.0,13,158,34060,7,1.0
98,0.0,0.0,0.0,1.0,8.0,4,13.31589070824295,13.31589070824295,pobre,basal,0,0.0,769.0,1.0,59.0,14,158,34060,7,1.0
97,0.0,0.0,1.737,0.0,6.0,5,15.95952238751799,15.95952238751799,pobre,basal,3,0.0,641.0,1.0,58.0,16,164,34061,6,0.0
98,0.0,0.0,1.737,,,5,15.95952238751799,15.95952238751799,pobre,basal,3,0.0,641.0,1.0,58.0,17,164,34061,6,0.0
97,0.0,0.0,1.737,0.0,6.0,5,15.95952238751799,15.95952238751799,pobre,basal,3,0.0,641.0,1.0,58.0,12,164,34062,6,0.0
98,0.0,0.0,1.737,0.0,6.0,5,15.95952238751799,15.95952238751799,pobre,basal,3,0.0,641.0,1.0,58.0,13,164,34062,6,0.0
97,1.0,0.0,1.737,1.0,1.0,5,15.95952238751799,15.95952238751799,pobre,basal,3,0.0,641.0,1.0,58.0,7,164,34063,1,1.0
98,1.0,0.0,1.737,1.0,2.0,5,15.95952238751799,15.95952238751799,pobre,basal,3,0.0,641.0,1.0,58.0,8,164,34063,1,1.0
97,0.0,0.0,0.0,0.0,6.0,2,80.30829567962643,80.30829567962643,no pobre,basal,3,1200.0,794.0,1.0,26.0,16,132,34064,6,0.0
98,0.0,0.0,0.0,,,2,80.30829567962643,80.30829567962643,no pobre,basal,3,1200.0,794.0,1.0,26.0,17,132,34064,6,0.0
97,0.0,0.0,3.777,0.0,6.0,5,70.71948653667833,70.71948653667833,no pobre,basal,0,66.666664,754.5,1.0,69.0,16,177,34065,6,0.0
98,0.0,0.0,3.777,,,5,70.71948653667833,70.71948653667833,no pobre,basal,0,66.666664,754.5,1.0,69.0,17,177,34065,6,0.0
97,0.0,0.0,3.777,0.0,6.0,6,70.71948653667833,70.71948653667833,pobre,basal,0,11.666667,653.0,1.0,45.0,15,177,34066,6,0.0
98,0.0,0.0,3.777,,,6,70.71948653667833,70.71948653667833,pobre,basal,0,11.666667,653.0,1.0,45.0,16,177,34066,6,0.0
97,1.0,0.0,3.777,0.0,9.0,6,70.71948653667833,70.71948653667833,pobre,basal,0,11.666667,653.0,1.0,45.0,14,177,34067,9,0.0
98,1.0,0.0,3.777,0.0,9.0,6,70.71948653667833,70.71948653667833,pobre,basal,0,11.666667,653.0,1.0,45.0,15,177,34067,9,0.0
97,0.0,0.0,3.777,0.0,6.0,6,70.71948653667833,70.71948653667833,pobre,basal,0,11.666667,653.0,1.0,45.0,11,177,34068,6,0.0
98,0.0,0.0,3.777,1.0,6.0,6,70.71948653667833,70.71948653667833,pobre,basal,0,11.666667,653.0,1.0,45.0,12,177,34068,6,0.0
97,1.0,0.0,3.777,1.0,8.0,7,70.71948653667833,70.71948653667833,pobre,basal,0,0.0,724.25,1.0,47.0,14,177,34069,8,1.0
98,1.0,0.0,3.777,0.0,9.0,7,70.71948653667833,70.71948653667833,pobre,basal,0,0.0,724.25,1.0,47.0,15,177,34069,8,1.0
97,0.0,0.0,3.777,1.0,7.0,6,70.71948653667833,70.71948653667833,no pobre,basal,0,166.66667,751.5,1.0,50.0,15,177,34070,7,1.0
98,0.0,0.0,3.777,1.0,8.0,6,70.71948653667833,70.71948653667833,no pobre,basal,0,166.66667,751.5,1.0,50.0,16,177,34070,7,1.0
97,1.0,0.0,3.777,1.0,3.0,6,70.71948653667833,70.71948653667833,no pobre,basal,0,166.66667,706.0,1.0,48.0,9,177,34071,3,1.0
98,1.0,0.0,3.777,1.0,4.0,6,70.71948653667833,70.71948653667833,no pobre,basal,0,166.66667,706.0,1.0,48.0,10,177,34071,3,1.0
97,0.0,0.0,3.777,1.0,8.0,6,70.71948653667833,70.71948653667833,no pobre,basal,0,166.66667,706.0,1.0,48.0,14,177,34072,8,1.0
98,0.0,0.0,3.777,1.0,9.0,6,70.71948653667833,70.71948653667833,no pobre,basal,0,166.66667,706.0,1.0,48.0,15,177,34072,8,1.0
97,0.0,0.0,2.2650001,0.0,6.0,3,86.28887146500354,86.28887146500354,pobre,0,6,1250.0,680.0,1.0,28.0,15,130,34073,6,0.0
98,0.0,0.0,2.2650001,,,3,86.28887146500354,86.28887146500354,pobre,0,6,1250.0,680.0,1.0,28.0,16,130,34073,6,0.0
97,0.0,0.0,2.2650001,0.0,6.0,7,86.28887146500354,86.28887146500354,no pobre,0,0,1000.0,723.0,1.0,70.0,13,130,34074,6,0.0
98,0.0,0.0,2.2650001,,,7,86.28887146500354,86.28887146500354,no pobre,0,0,1000.0,723.0,1.0,70.0,14,130,34074,6,0.0
97,1.0,0.0,0.0,,0.0,5,80.30829567962643,80.30829567962643,pobre,basal,4,800.0,698.0,1.0,33.0,15,132,34075,0,
98,1.0,0.0,0.0,0.0,4.0,5,80.30829567962643,80.30829567962643,pobre,basal,4,800.0,698.0,1.0,33.0,16,132,34075,0,
97,0.0,0.0,0.0,1.0,0.0,5,80.30829567962643,80.30829567962643,pobre,basal,4,800.0,698.0,1.0,33.0,6,132,34076,0,1.0
98,0.0,0.0,0.0,1.0,1.0,5,80.30829567962643,80.30829567962643,pobre,basal,4,800.0,698.0,1.0,33.0,7,132,34076,0,1.0
97,0.0,0.0,0.0,1.0,0.0,5,80.30829567962643,80.30829567962643,pobre,basal,4,800.0,698.0,1.0,33.0,8,132,34077,0,1.0
98,0.0,0.0,0.0,,,5,80.30829567962643,80.30829567962643,pobre,basal,4,800.0,698.0,1.0,33.0,9,132,34077,0,1.0
97,0.0,0.0,2.2650001,1.0,7.0,5,86.28887146500354,86.28887146500354,pobre,0,3,1000.0,698.0,1.0,41.0,13,130,34078,7,1.0
98,0.0,0.0,2.2650001,1.0,8.0,5,86.28887146500354,86.28887146500354,pobre,0,3,1000.0,698.0,1.0,41.0,14,130,34078,7,1.0
97,0.0,0.0,2.2650001,1.0,8.0,9,86.28887146500354,86.28887146500354,pobre,0,6,0.0,578.0,1.0,57.0,15,130,34079,8,1.0
98,0.0,0.0,2.2650001,0.0,9.0,9,86.28887146500354,86.28887146500354,pobre,0,6,0.0,578.0,1.0,57.0,16,130,34079,8,1.0
97,1.0,0.0,2.2650001,0.0,6.0,9,86.28887146500354,86.28887146500354,pobre,0,6,0.0,578.0,1.0,57.0,14,130,34080,6,0.0
98,1.0,0.0,2.2650001,0.0,6.0,9,86.28887146500354,86.28887146500354,pobre,0,6,0.0,578.0,1.0,57.0,15,130,34080,6,0.0
97,1.0,0.0,2.2650001,1.0,5.0,9,86.28887146500354,86.28887146500354,pobre,0,6,0.0,578.0,1.0,57.0,12,130,34081,5,1.0
98,1.0,0.0,2.2650001,0.0,6.0,9,86.28887146500354,86.28887146500354,pobre,0,6,0.0,578.0,1.0,57.0,13,130,34081,5,1.0
97,0.0,0.0,2.2650001,1.0,4.0,9,86.28887146500354,86.28887146500354,pobre,0,6,0.0,578.0,1.0,57.0,10,130,34082,4,1.0
98,0.0,0.0,2.2650001,1.0,5.0,9,86.28887146500354,86.28887146500354,pobre,0,6,0.0,578.0,1.0,57.0,11,130,34082,4,1.0
97,0.0,0.0,2.2650001,1.0,2.0,4,86.28887146500354,86.28887146500354,pobre,0,6,875.0,636.0,1.0,33.0,8,130,34083,2,1.0
98,0.0,0.0,2.2650001,1.0,3.0,4,86.28887146500354,86.28887146500354,pobre,0,6,875.0,636.0,1.0,33.0,9,130,34083,2,1.0
97,0.0,0.0,0.0,0.0,6.0,7,80.30829567962643,80.30829567962643,pobre,basal,3,800.0,568.0,1.0,48.0,15,132,34084,6,0.0
98,0.0,0.0,0.0,0.0,6.0,7,80.30829567962643,80.30829567962643,pobre,basal,3,800.0,568.0,1.0,48.0,16,132,34084,6,0.0
97,1.0,0.0,0.0,1.0,4.0,7,80.30829567962643,80.30829567962643,pobre,basal,3,800.0,568.0,1.0,48.0,12,132,34085,4,1.0
98,1.0,0.0,0.0,0.0,4.0,7,80.30829567962643,80.30829567962643,pobre,basal,3,800.0,568.0,1.0,48.0,13,132,34085,4,1.0
97,1.0,0.0,0.0,1.0,2.0,7,80.30829567962643,80.30829567962643,pobre,basal,3,800.0,568.0,1.0,48.0,10,132,34086,2,1.0
98,1.0,0.0,0.0,1.0,3.0,7,80.30829567962643,80.30829567962643,pobre,basal,3,800.0,568.0,1.0,48.0,11,132,34086,2,1.0
97,0.0,0.0,0.0,1.0,2.0,7,80.30829567962643,80.30829567962643,pobre,basal,3,800.0,568.0,1.0,48.0,8,132,34087,2,1.0
98,0.0,0.0,0.0,1.0,3.0,7,80.30829567962643,80.30829567962643,pobre,basal,3,800.0,568.0,1.0,48.0,9,132,34087,2,1.0
97,0.0,0.0,0.0,1.0,0.0,7,80.30829567962643,80.30829567962643,pobre,basal,3,800.0,568.0,1.0,48.0,6,132,34088,0,1.0
98,0.0,0.0,0.0,1.0,1.0,7,80.30829567962643,80.30829567962643,pobre,basal,3,800.0,568.0,1.0,48.0,7,132,34088,0,1.0
97,0.0,0.0,0.0,1.0,5.0,9,80.30829567962643,80.30829567962643,pobre,basal,4,750.0,455.0,1.0,35.0,11,132,34089,5,1.0
98,0.0,0.0,0.0,1.0,6.0,9,80.30829567962643,80.30829567962643,pobre,basal,4,750.0,455.0,1.0,35.0,12,132,34089,5,1.0
97,0.0,0.0,0.0,1.0,4.0,9,80.30829567962643,80.30829567962643,pobre,basal,4,750.0,455.0,1.0,35.0,10,132,34090,4,1.0
98,0.0,0.0,0.0,1.0,5.0,9,80.30829567962643,80.30829567962643,pobre,basal,4,750.0,455.0,1.0,35.0,11,132,34090,4,1.0
97,0.0,0.0,0.0,1.0,3.0,9,80.30829567962643,80.30829567962643,pobre,basal,4,750.0,455.0,1.0,35.0,8,132,34091,3,1.0
98,0.0,0.0,0.0,1.0,4.0,9,80.30829567962643,80.30829567962643,pobre,basal,4,750.0,455.0,1.0,35.0,9,132,34091,3,1.0
97,1.0,0.0,0.0,1.0,1.0,9,80.30829567962643,80.30829567962643,pobre,basal,4,750.0,455.0,1.0,35.0,7,132,34092,1,1.0
98,1.0,0.0,0.0,1.0,2.0,9,80.30829567962643,80.30829567962643,pobre,basal,4,750.0,455.0,1.0,35.0,8,132,34092,1,1.0
97,0.0,0.0,2.043,1.0,7.0,8,62.32174829749214,62.32174829749214,pobre,0,3,1400.0,675.0,1.0,55.0,16,192,34093,7,1.0
98,0.0,0.0,2.043,,,8,62.32174829749214,62.32174829749214,pobre,0,3,1400.0,675.0,1.0,55.0,17,192,34093,7,1.0
97,1.0,0.0,2.043,1.0,7.0,8,62.32174829749214,62.32174829749214,pobre,0,3,1400.0,675.0,1.0,55.0,15,192,34094,7,1.0
98,1.0,0.0,2.043,1.0,8.0,8,62.32174829749214,62.32174829749214,pobre,0,3,1400.0,675.0,1.0,55.0,16,192,34094,7,1.0
97,0.0,0.0,2.043,1.0,5.0,8,62.32174829749214,62.32174829749214,pobre,0,3,1400.0,675.0,1.0,55.0,12,192,34095,5,1.0
98,0.0,0.0,2.043,1.0,6.0,8,62.32174829749214,62.32174829749214,pobre,0,3,1400.0,675.0,1.0,55.0,13,192,34095,5,1.0
97,1.0,0.0,2.043,1.0,3.0,8,62.32174829749214,62.32174829749214,pobre,0,3,1400.0,675.0,1.0,55.0,10,192,34096,3,1.0
98,1.0,0.0,2.043,1.0,4.0,8,62.32174829749214,62.32174829749214,pobre,0,3,1400.0,675.0,1.0,55.0,11,192,34096,3,1.0
97,1.0,0.0,2.043,1.0,1.0,8,62.32174829749214,62.32174829749214,pobre,0,3,1400.0,675.0,1.0,55.0,9,192,34097,1,1.0
98,1.0,0.0,2.043,1.0,2.0,8,62.32174829749214,62.32174829749214,pobre,0,3,1400.0,675.0,1.0,55.0,10,192,34097,1,1.0
97,0.0,0.0,2.043,1.0,2.0,4,62.32174829749214,62.32174829749214,pobre,0,0,1000.0,746.0,1.0,37.0,8,192,34098,2,1.0
98,0.0,0.0,2.043,1.0,3.0,4,62.32174829749214,62.32174829749214,pobre,0,0,1000.0,746.0,1.0,37.0,9,192,34098,2,1.0
97,1.0,0.0,0.0,1.0,8.0,11,80.30829567962643,80.30829567962643,pobre,basal,0,208.33333,629.40002,1.0,45.0,14,132,34099,8,1.0
98,1.0,0.0,0.0,1.0,9.0,11,80.30829567962643,80.30829567962643,pobre,basal,0,208.33333,629.40002,1.0,45.0,15,132,34099,8,1.0
97,1.0,0.0,0.0,1.0,6.0,11,80.30829567962643,80.30829567962643,pobre,basal,0,208.33333,629.40002,1.0,45.0,13,132,34100,6,1.0
98,1.0,0.0,0.0,1.0,6.0,11,80.30829567962643,80.30829567962643,pobre,basal,0,208.33333,629.40002,1.0,45.0,14,132,34100,6,1.0
97,1.0,0.0,0.0,1.0,3.0,11,80.30829567962643,80.30829567962643,pobre,basal,0,208.33333,629.40002,1.0,45.0,11,132,34101,3,1.0
98,1.0,0.0,0.0,1.0,4.0,11,80.30829567962643,80.30829567962643,pobre,basal,0,208.33333,629.40002,1.0,45.0,12,132,34101,3,1.0
97,1.0,0.0,0.0,1.0,1.0,11,80.30829567962643,80.30829567962643,pobre,basal,0,208.33333,629.40002,1.0,45.0,9,132,34102,1,1.0
98,1.0,0.0,0.0,1.0,2.0,11,80.30829567962643,80.30829567962643,pobre,basal,0,208.33333,629.40002,1.0,45.0,10,132,34102,1,1.0
97,0.0,0.0,0.0,1.0,0.0,11,80.30829567962643,80.30829567962643,pobre,basal,0,208.33333,629.40002,1.0,45.0,7,132,34103,0,1.0
98,0.0,0.0,0.0,1.0,1.0,11,80.30829567962643,80.30829567962643,pobre,basal,0,208.33333,629.40002,1.0,45.0,8,132,34103,0,1.0
97,0.0,0.0,2.043,1.0,0.0,6,62.32174829749214,62.32174829749214,pobre,0,2,875.0,607.0,1.0,34.0,6,192,34104,0,1.0
98,0.0,0.0,2.043,1.0,1.0,6,62.32174829749214,62.32174829749214,pobre,0,2,875.0,607.0,1.0,34.0,7,192,34104,0,1.0
97,0.0,0.0,2.043,0.0,6.0,4,62.32174829749214,62.32174829749214,pobre,0,0,333.33334,765.0,1.0,56.0,16,192,34105,6,0.0
98,0.0,0.0,2.043,,,4,62.32174829749214,62.32174829749214,pobre,0,0,333.33334,765.0,1.0,56.0,17,192,34105,6,0.0
97,0.0,0.0,2.043,0.0,6.0,10,62.32174829749214,62.32174829749214,pobre,0,3,875.0,518.0,1.0,41.0,16,192,34106,6,0.0
98,0.0,0.0,2.043,,,10,62.32174829749214,62.32174829749214,pobre,0,3,875.0,518.0,1.0,41.0,17,192,34106,6,0.0
97,0.0,0.0,2.043,1.0,7.0,10,62.32174829749214,62.32174829749214,pobre,0,3,875.0,518.0,1.0,41.0,14,192,34107,7,1.0
98,0.0,0.0,2.043,1.0,8.0,10,62.32174829749214,62.32174829749214,pobre,0,3,875.0,518.0,1.0,41.0,15,192,34107,7,1.0
97,0.0,0.0,2.043,1.0,6.0,10,62.32174829749214,62.32174829749214,pobre,0,3,875.0,518.0,1.0,41.0,12,192,34108,6,1.0
98,0.0,0.0,2.043,1.0,7.0,10,62.32174829749214,62.32174829749214,pobre,0,3,875.0,518.0,1.0,41.0,13,192,34108,6,1.0
97,1.0,0.0,2.043,1.0,3.0,10,62.32174829749214,62.32174829749214,pobre,0,3,875.0,518.0,1.0,41.0,9,192,34109,3,1.0
98,1.0,0.0,2.043,1.0,4.0,10,62.32174829749214,62.32174829749214,pobre,0,3,875.0,518.0,1.0,41.0,10,192,34109,3,1.0
97,0.0,0.0,3.6819999,0.0,4.0,6,75.62516962103663,93.46427745160204,pobre,basal,0,800.0,577.0,1.0,32.0,11,153,34110,4,0.0
98,0.0,0.0,3.6819999,1.0,4.0,6,75.62516962103663,93.46427745160204,pobre,basal,0,800.0,577.0,1.0,32.0,12,153,34110,4,0.0
97,0.0,0.0,3.6819999,1.0,3.0,6,75.62516962103663,93.46427745160204,pobre,basal,0,800.0,577.0,1.0,32.0,9,153,34111,3,1.0
98,0.0,0.0,3.6819999,1.0,4.0,6,75.62516962103663,93.46427745160204,pobre,basal,0,800.0,577.0,1.0,32.0,10,153,34111,3,1.0
97,1.0,0.0,3.6819999,1.0,1.0,6,75.62516962103663,93.46427745160204,pobre,basal,0,800.0,577.0,1.0,32.0,7,153,34112,1,1.0
98,1.0,0.0,3.6819999,1.0,1.0,6,75.62516962103663,93.46427745160204,pobre,basal,0,800.0,577.0,1.0,32.0,8,153,34112,1,1.0
97,1.0,0.0,3.6819999,1.0,2.0,6,75.62516962103663,93.46427745160204,no pobre,basal,0,500.0,721.0,1.0,40.0,12,153,34113,2,1.0
98,1.0,0.0,3.6819999,1.0,3.0,6,75.62516962103663,93.46427745160204,no pobre,basal,0,500.0,721.0,1.0,40.0,13,153,34113,2,1.0
97,0.0,0.0,3.6819999,0.0,5.0,6,75.62516962103663,93.46427745160204,no pobre,basal,0,500.0,721.0,1.0,40.0,13,153,34114,5,0.0
98,0.0,0.0,3.6819999,0.0,5.0,6,75.62516962103663,93.46427745160204,no pobre,basal,0,500.0,721.0,1.0,40.0,14,153,34114,5,0.0
97,1.0,0.0,3.6819999,0.0,4.0,5,75.62516962103663,93.46427745160204,pobre,basal,4,600.0,694.0,1.0,45.0,16,153,34115,4,0.0
98,1.0,0.0,3.6819999,0.0,4.0,5,75.62516962103663,93.46427745160204,pobre,basal,4,600.0,694.0,1.0,45.0,17,153,34115,4,0.0
97,0.0,0.0,3.6819999,0.0,3.0,5,75.62516962103663,93.46427745160204,pobre,basal,4,600.0,694.0,1.0,45.0,14,153,34116,3,0.0
98,0.0,0.0,3.6819999,0.0,4.0,5,75.62516962103663,93.46427745160204,pobre,basal,4,600.0,694.0,1.0,45.0,15,153,34116,3,0.0
97,1.0,0.0,3.6819999,1.0,3.0,5,75.62516962103663,93.46427745160204,pobre,basal,4,600.0,694.0,1.0,45.0,10,153,34117,3,1.0
98,1.0,0.0,3.6819999,1.0,4.0,5,75.62516962103663,93.46427745160204,pobre,basal,4,600.0,694.0,1.0,45.0,11,153,34117,3,1.0
97,0.0,0.0,0.0,0.0,5.0,12,80.30829567962643,80.30829567962643,pobre,basal,0,750.0,604.79999,1.0,53.0,15,132,34118,5,0.0
98,0.0,0.0,0.0,0.0,5.0,12,80.30829567962643,80.30829567962643,pobre,basal,0,750.0,604.79999,1.0,53.0,16,132,34118,5,0.0
97,1.0,0.0,0.0,0.0,3.0,12,80.30829567962643,80.30829567962643,pobre,basal,0,750.0,604.79999,1.0,53.0,13,132,34119,3,0.0
98,1.0,0.0,0.0,0.0,3.0,12,80.30829567962643,80.30829567962643,pobre,basal,0,750.0,604.79999,1.0,53.0,14,132,34119,3,0.0
97,1.0,0.0,0.0,1.0,0.0,12,80.30829567962643,80.30829567962643,pobre,basal,0,750.0,604.79999,1.0,53.0,8,132,34120,0,1.0
98,1.0,0.0,0.0,1.0,1.0,12,80.30829567962643,80.30829567962643,pobre,basal,0,750.0,604.79999,1.0,53.0,9,132,34120,0,1.0
97,0.0,0.0,0.0,1.0,0.0,12,80.30829567962643,80.30829567962643,pobre,basal,0,750.0,604.79999,1.0,53.0,7,132,34121,0,1.0
98,0.0,0.0,0.0,1.0,1.0,12,80.30829567962643,80.30829567962643,pobre,basal,0,750.0,604.79999,1.0,53.0,8,132,34121,0,1.0
97,0.0,0.0,3.6819999,,0.0,7,75.62516962103663,93.46427745160204,pobre,basal,3,0.0,544.0,0.0,56.0,13,153,34122,0,
98,0.0,0.0,3.6819999,0.0,2.0,7,75.62516962103663,93.46427745160204,pobre,basal,3,0.0,544.0,0.0,56.0,14,153,34122,0,
97,0.0,0.0,3.6819999,0.0,6.0,5,75.62516962103663,93.46427745160204,pobre,basal,6,208.33333,620.0,1.0,42.0,15,153,34123,6,0.0
98,0.0,0.0,3.6819999,,,5,75.62516962103663,93.46427745160204,pobre,basal,6,208.33333,620.0,1.0,42.0,16,153,34123,6,0.0
97,0.0,0.0,3.6819999,0.0,6.0,5,75.62516962103663,93.46427745160204,pobre,basal,6,208.33333,620.0,1.0,42.0,13,153,34124,6,0.0
98,0.0,0.0,3.6819999,0.0,6.0,5,75.62516962103663,93.46427745160204,pobre,basal,6,208.33333,620.0,1.0,42.0,14,153,34124,6,0.0
97,1.0,0.0,3.6819999,1.0,2.0,5,75.62516962103663,93.46427745160204,pobre,basal,6,208.33333,620.0,1.0,42.0,8,153,34125,2,1.0
98,1.0,0.0,3.6819999,1.0,2.0,5,75.62516962103663,93.46427745160204,pobre,basal,6,208.33333,620.0,1.0,42.0,9,153,34125,2,1.0
97,0.0,0.0,4.0009999,1.0,5.0,6,52.80493002125083,52.80493002125083,pobre,basal,9,1200.0,625.0,1.0,37.0,11,139,34126,5,1.0
98,0.0,0.0,4.0009999,,,6,52.80493002125083,52.80493002125083,pobre,basal,9,1200.0,625.0,1.0,37.0,12,139,34126,5,1.0
97,0.0,0.0,4.0009999,1.0,1.0,6,52.80493002125083,52.80493002125083,pobre,basal,9,1200.0,625.0,1.0,37.0,8,139,34127,1,1.0
98,0.0,0.0,4.0009999,,,6,52.80493002125083,52.80493002125083,pobre,basal,9,1200.0,625.0,1.0,37.0,9,139,34127,1,1.0
97,0.0,0.0,4.0009999,1.0,1.0,6,52.80493002125083,52.80493002125083,pobre,basal,9,1200.0,625.0,1.0,37.0,7,139,34128,1,1.0
98,0.0,0.0,4.0009999,,,6,52.80493002125083,52.80493002125083,pobre,basal,9,1200.0,625.0,1.0,37.0,8,139,34128,1,1.0
97,0.0,0.0,4.0009999,1.0,8.0,6,52.80493002125083,52.80493002125083,pobre,basal,4,4345.2383,644.0,1.0,37.0,14,139,34129,8,1.0
98,0.0,0.0,4.0009999,,,6,52.80493002125083,52.80493002125083,pobre,basal,4,4345.2383,644.0,1.0,37.0,15,139,34129,8,1.0
97,0.0,0.0,4.0009999,1.0,5.0,6,52.80493002125083,52.80493002125083,pobre,basal,4,4345.2383,644.0,1.0,37.0,12,139,34130,5,1.0
98,0.0,0.0,4.0009999,,,6,52.80493002125083,52.80493002125083,pobre,basal,4,4345.2383,644.0,1.0,37.0,13,139,34130,5,1.0
97,0.0,0.0,4.0009999,1.0,4.0,6,52.80493002125083,52.80493002125083,pobre,basal,4,4345.2383,644.0,1.0,37.0,11,139,34131,4,1.0
98,0.0,0.0,4.0009999,,,6,52.80493002125083,52.80493002125083,pobre,basal,4,4345.2383,644.0,1.0,37.0,12,139,34131,4,1.0
97,0.0,0.0,4.0009999,1.0,1.0,6,52.80493002125083,52.80493002125083,pobre,basal,4,4345.2383,644.0,1.0,37.0,9,139,34132,1,1.0
98,0.0,0.0,4.0009999,,,6,52.80493002125083,52.80493002125083,pobre,basal,4,4345.2383,644.0,1.0,37.0,10,139,34132,1,1.0
97,0.0,0.0,4.0009999,1.0,5.0,8,52.80493002125083,52.80493002125083,pobre,basal,2,750.0,709.0,1.0,42.0,15,139,34133,5,1.0
98,0.0,0.0,4.0009999,0.0,6.0,8,52.80493002125083,52.80493002125083,pobre,basal,2,750.0,709.0,1.0,42.0,16,139,34133,5,1.0
97,0.0,0.0,4.0009999,1.0,5.0,8,52.80493002125083,52.80493002125083,pobre,basal,2,750.0,709.0,1.0,42.0,12,139,34134,5,1.0
98,0.0,0.0,4.0009999,0.0,6.0,8,52.80493002125083,52.80493002125083,pobre,basal,2,750.0,709.0,1.0,42.0,13,139,34134,5,1.0
97,0.0,0.0,4.0009999,1.0,2.0,8,52.80493002125083,52.80493002125083,pobre,basal,2,750.0,709.0,1.0,42.0,8,139,34135,2,1.0
98,0.0,0.0,4.0009999,1.0,3.0,8,52.80493002125083,52.80493002125083,pobre,basal,2,750.0,709.0,1.0,42.0,9,139,34135,2,1.0
97,0.0,0.0,4.0009999,0.0,3.0,8,52.80493002125083,52.80493002125083,pobre,basal,0,500.0,475.0,1.0,43.0,14,139,34136,3,0.0
98,0.0,0.0,4.0009999,0.0,1.0,8,52.80493002125083,52.80493002125083,pobre,basal,0,500.0,475.0,1.0,43.0,15,139,34136,3,0.0
97,0.0,0.0,4.0009999,1.0,1.0,8,52.80493002125083,52.80493002125083,pobre,basal,0,500.0,475.0,1.0,43.0,10,139,34137,1,1.0
98,0.0,0.0,4.0009999,1.0,2.0,8,52.80493002125083,52.80493002125083,pobre,basal,0,500.0,475.0,1.0,43.0,11,139,34137,1,1.0
97,0.0,0.0,4.0009999,1.0,1.0,8,52.80493002125083,52.80493002125083,pobre,basal,0,500.0,475.0,1.0,43.0,8,139,34138,1,1.0
98,0.0,0.0,4.0009999,1.0,1.0,8,52.80493002125083,52.80493002125083,pobre,basal,0,500.0,475.0,1.0,43.0,9,139,34138,1,1.0
97,0.0,0.0,4.0009999,1.0,1.0,8,52.80493002125083,52.80493002125083,pobre,basal,0,500.0,475.0,1.0,43.0,8,139,34139,1,1.0
98,0.0,0.0,4.0009999,1.0,1.0,8,52.80493002125083,52.80493002125083,pobre,basal,0,500.0,475.0,1.0,43.0,9,139,34139,1,1.0
97,0.0,0.0,0.0,1.0,3.0,8,80.30829567962643,80.30829567962643,pobre,basal,7,100.0,443.0,1.0,31.0,10,132,34140,3,1.0
98,0.0,0.0,0.0,1.0,4.0,8,80.30829567962643,80.30829567962643,pobre,basal,7,100.0,443.0,1.0,31.0,11,132,34140,3,1.0
97,1.0,0.0,0.0,1.0,2.0,8,80.30829567962643,80.30829567962643,pobre,basal,7,100.0,443.0,1.0,31.0,9,132,34141,2,1.0
98,1.0,0.0,0.0,1.0,3.0,8,80.30829567962643,80.30829567962643,pobre,basal,7,100.0,443.0,1.0,31.0,10,132,34141,2,1.0
97,1.0,0.0,0.0,1.0,1.0,8,80.30829567962643,80.30829567962643,pobre,basal,7,100.0,443.0,1.0,31.0,7,132,34142,1,1.0
98,1.0,0.0,0.0,1.0,2.0,8,80.30829567962643,80.30829567962643,pobre,basal,7,100.0,443.0,1.0,31.0,8,132,34142,1,1.0
97,1.0,0.0,4.0009999,1.0,5.0,7,52.80493002125083,52.80493002125083,pobre,basal,0,0.0,529.0,0.0,56.0,11,139,34143,5,1.0
98,1.0,0.0,4.0009999,,,7,52.80493002125083,52.80493002125083,pobre,basal,0,0.0,529.0,0.0,56.0,12,139,34143,5,1.0
97,1.0,0.0,4.0009999,1.0,3.0,7,52.80493002125083,52.80493002125083,pobre,basal,0,0.0,529.0,0.0,56.0,8,139,34144,3,1.0
98,1.0,0.0,4.0009999,,,7,52.80493002125083,52.80493002125083,pobre,basal,0,0.0,529.0,0.0,56.0,9,139,34144,3,1.0
97,1.0,0.0,4.4710002,1.0,2.0,7,71.52226309497719,71.52226309497719,pobre,0,0,1000.0,590.5,1.0,32.0,12,173,34145,2,1.0
98,1.0,0.0,4.4710002,0.0,2.0,7,71.52226309497719,71.52226309497719,pobre,0,0,1000.0,590.5,1.0,32.0,13,173,34145,2,1.0
97,0.0,0.0,4.4710002,1.0,2.0,7,71.52226309497719,71.52226309497719,pobre,0,0,1000.0,590.5,1.0,32.0,11,173,34146,2,1.0
98,0.0,0.0,4.4710002,0.0,2.0,7,71.52226309497719,71.52226309497719,pobre,0,0,1000.0,590.5,1.0,32.0,12,173,34146,2,1.0
97,1.0,0.0,4.4710002,1.0,1.0,7,71.52226309497719,71.52226309497719,pobre,0,0,1000.0,590.5,1.0,32.0,9,173,34147,1,1.0
98,1.0,0.0,4.4710002,1.0,2.0,7,71.52226309497719,71.52226309497719,pobre,0,0,1000.0,590.5,1.0,32.0,10,173,34147,1,1.0
97,1.0,0.0,4.4710002,1.0,1.0,7,71.52226309497719,71.52226309497719,pobre,0,0,1000.0,590.5,1.0,32.0,7,173,34148,1,1.0
98,1.0,0.0,4.4710002,1.0,2.0,7,71.52226309497719,71.52226309497719,pobre,0,0,1000.0,590.5,1.0,32.0,8,173,34148,1,1.0
97,1.0,0.0,4.4710002,0.0,6.0,10,71.52226309497719,71.52226309497719,no pobre,0,2,1000.0,755.5,1.0,49.0,16,173,34149,6,0.0
98,1.0,0.0,4.4710002,,,10,71.52226309497719,71.52226309497719,no pobre,0,2,1000.0,755.5,1.0,49.0,17,173,34149,6,0.0
97,1.0,0.0,4.4710002,1.0,5.0,10,71.52226309497719,71.52226309497719,no pobre,0,2,1000.0,755.5,1.0,49.0,12,173,34150,5,1.0
98,1.0,0.0,4.4710002,0.0,6.0,10,71.52226309497719,71.52226309497719,no pobre,0,2,1000.0,755.5,1.0,49.0,13,173,34150,5,1.0
97,0.0,0.0,4.4710002,1.0,2.0,10,71.52226309497719,71.52226309497719,no pobre,0,2,1000.0,755.5,1.0,49.0,9,173,34151,2,1.0
98,0.0,0.0,4.4710002,1.0,2.0,10,71.52226309497719,71.52226309497719,no pobre,0,2,1000.0,755.5,1.0,49.0,10,173,34151,2,1.0
97,0.0,0.0,4.4710002,1.0,2.0,5,71.52226309497719,71.52226309497719,pobre,0,4,1000.0,641.0,1.0,36.0,9,173,34152,2,1.0
98,0.0,0.0,4.4710002,1.0,1.0,5,71.52226309497719,71.52226309497719,pobre,0,4,1000.0,641.0,1.0,36.0,10,173,34152,2,1.0
97,0.0,0.0,4.4710002,1.0,0.0,5,71.52226309497719,71.52226309497719,pobre,0,4,1000.0,641.0,1.0,36.0,7,173,34153,0,1.0
98,0.0,0.0,4.4710002,1.0,0.0,5,71.52226309497719,71.52226309497719,pobre,0,4,1000.0,641.0,1.0,36.0,8,173,34153,0,1.0
97,0.0,0.0,4.4710002,1.0,4.0,3,71.52226309497719,71.52226309497719,pobre,0,4,1000.0,713.0,1.0,19.0,13,173,34154,4,1.0
98,0.0,0.0,4.4710002,1.0,5.0,3,71.52226309497719,71.52226309497719,pobre,0,4,1000.0,713.0,1.0,19.0,14,173,34154,4,1.0
97,0.0,0.0,2.043,0.0,6.0,7,62.32174829749214,62.32174829749214,no pobre,0,0,1000.0,736.0,1.0,49.0,16,192,34155,6,0.0
98,0.0,0.0,2.043,0.0,6.0,7,62.32174829749214,62.32174829749214,no pobre,0,0,1000.0,736.0,1.0,49.0,17,192,34155,6,0.0
97,1.0,0.0,2.043,0.0,6.0,7,62.32174829749214,62.32174829749214,no pobre,0,0,1000.0,736.0,1.0,49.0,14,192,34156,6,0.0
98,1.0,0.0,2.043,0.0,6.0,7,62.32174829749214,62.32174829749214,no pobre,0,0,1000.0,736.0,1.0,49.0,15,192,34156,6,0.0
97,0.0,,2.043,0.0,6.0,7,62.32174829749214,62.32174829749214,no pobre,0,0,1000.0,736.0,1.0,49.0,12,192,34157,6,0.0
98,0.0,,2.043,0.0,6.0,7,62.32174829749214,62.32174829749214,no pobre,0,0,1000.0,736.0,1.0,49.0,13,192,34157,6,0.0
97,0.0,0.0,0.0,1.0,0.0,4,80.30829567962643,80.30829567962643,pobre,basal,6,960.0,669.0,1.0,23.0,6,132,34158,0,1.0
98,0.0,0.0,0.0,1.0,1.0,4,80.30829567962643,80.30829567962643,pobre,basal,6,960.0,669.0,1.0,23.0,7,132,34158,0,1.0
97,1.0,0.0,2.043,0.0,6.0,15,62.32174829749214,62.32174829749214,pobre,0,0,1000.0,571.25,1.0,44.0,15,192,34159,6,0.0
98,1.0,0.0,2.043,,,15,62.32174829749214,62.32174829749214,pobre,0,0,1000.0,571.25,1.0,44.0,16,192,34159,6,0.0
97,1.0,0.0,2.043,1.0,6.0,15,62.32174829749214,62.32174829749214,pobre,0,0,1000.0,571.25,1.0,44.0,12,192,34160,6,1.0
98,1.0,0.0,2.043,1.0,7.0,15,62.32174829749214,62.32174829749214,pobre,0,0,1000.0,571.25,1.0,44.0,13,192,34160,6,1.0
97,0.0,0.0,2.043,1.0,4.0,15,62.32174829749214,62.32174829749214,pobre,0,0,1000.0,571.25,1.0,44.0,10,192,34161,4,1.0
98,0.0,0.0,2.043,1.0,5.0,15,62.32174829749214,62.32174829749214,pobre,0,0,1000.0,571.25,1.0,44.0,11,192,34161,4,1.0
97,1.0,0.0,2.043,1.0,2.0,15,62.32174829749214,62.32174829749214,pobre,0,0,1000.0,571.25,1.0,44.0,9,192,34162,2,1.0
98,1.0,0.0,2.043,1.0,3.0,15,62.32174829749214,62.32174829749214,pobre,0,0,1000.0,571.25,1.0,44.0,10,192,34162,2,1.0
97,0.0,0.0,2.043,1.0,1.0,15,62.32174829749214,62.32174829749214,pobre,0,0,1000.0,571.25,1.0,44.0,7,192,34163,1,1.0
98,0.0,0.0,2.043,1.0,2.0,15,62.32174829749214,62.32174829749214,pobre,0,0,1000.0,571.25,1.0,44.0,8,192,34163,1,1.0
97,1.0,0.0,2.043,0.0,6.0,12,62.32174829749214,62.32174829749214,pobre,0,0,1000.0,693.0,1.0,46.0,16,192,34164,6,0.0
98,1.0,0.0,2.043,,,12,62.32174829749214,62.32174829749214,pobre,0,0,1000.0,693.0,1.0,46.0,17,192,34164,6,0.0
97,0.0,0.0,2.043,0.0,6.0,12,62.32174829749214,62.32174829749214,pobre,0,0,1000.0,693.0,1.0,46.0,15,192,34165,6,0.0
98,0.0,0.0,2.043,0.0,6.0,12,62.32174829749214,62.32174829749214,pobre,0,0,1000.0,693.0,1.0,46.0,16,192,34165,6,0.0
97,0.0,0.0,2.043,1.0,6.0,12,62.32174829749214,62.32174829749214,pobre,0,0,1000.0,693.0,1.0,46.0,13,192,34166,6,1.0
98,0.0,0.0,2.043,0.0,6.0,12,62.32174829749214,62.32174829749214,pobre,0,0,1000.0,693.0,1.0,46.0,14,192,34166,6,1.0
97,1.0,0.0,2.043,1.0,4.0,12,62.32174829749214,62.32174829749214,pobre,0,0,1000.0,693.0,1.0,46.0,12,192,34167,4,1.0
98,1.0,0.0,2.043,1.0,5.0,12,62.32174829749214,62.32174829749214,pobre,0,0,1000.0,693.0,1.0,46.0,13,192,34167,4,1.0
97,1.0,0.0,2.043,1.0,3.0,12,62.32174829749214,62.32174829749214,pobre,0,0,1000.0,693.0,1.0,46.0,10,192,34168,3,1.0
98,1.0,0.0,2.043,1.0,4.0,12,62.32174829749214,62.32174829749214,pobre,0,0,1000.0,693.0,1.0,46.0,11,192,34168,3,1.0
97,1.0,0.0,2.043,1.0,1.0,12,62.32174829749214,62.32174829749214,pobre,0,0,1000.0,693.0,1.0,46.0,8,192,34169,1,1.0
98,1.0,0.0,2.043,1.0,2.0,12,62.32174829749214,62.32174829749214,pobre,0,0,1000.0,693.0,1.0,46.0,9,192,34169,1,1.0
97,0.0,0.0,3.6819999,,0.0,5,75.62516962103663,93.46427745160204,no pobre,basal,4,1000.0,744.5,1.0,44.0,7,153,34170,0,
98,0.0,0.0,3.6819999,1.0,2.0,5,75.62516962103663,93.46427745160204,no pobre,basal,4,1000.0,744.5,1.0,44.0,8,153,34170,0,
97,0.0,0.0,0.0,1.0,5.0,6,80.30829567962643,80.30829567962643,pobre,basal,3,416.66666,624.0,1.0,40.0,12,132,34171,5,1.0
98,0.0,0.0,0.0,1.0,6.0,6,80.30829567962643,80.30829567962643,pobre,basal,3,416.66666,624.0,1.0,40.0,13,132,34171,5,1.0
97,0.0,0.0,0.0,1.0,4.0,6,80.30829567962643,80.30829567962643,pobre,basal,3,416.66666,624.0,1.0,40.0,10,132,34172,4,1.0
98,0.0,0.0,0.0,1.0,5.0,6,80.30829567962643,80.30829567962643,pobre,basal,3,416.66666,624.0,1.0,40.0,11,132,34172,4,1.0
97,1.0,0.0,0.0,1.0,1.0,6,80.30829567962643,80.30829567962643,pobre,basal,3,416.66666,624.0,1.0,40.0,8,132,34173,1,1.0
98,1.0,0.0,0.0,1.0,2.0,6,80.30829567962643,80.30829567962643,pobre,basal,3,416.66666,624.0,1.0,40.0,9,132,34173,1,1.0
97,1.0,0.0,0.0,1.0,5.0,5,80.30829567962643,80.30829567962643,no pobre,basal,3,250.0,691.5,1.0,33.0,10,132,34174,5,1.0
98,1.0,0.0,0.0,1.0,5.0,5,80.30829567962643,80.30829567962643,no pobre,basal,3,250.0,691.5,1.0,33.0,11,132,34174,5,1.0
97,1.0,0.0,0.0,1.0,6.0,6,80.30829567962643,80.30829567962643,pobre,basal,2,0.0,575.0,1.0,39.0,12,132,34175,6,1.0
98,1.0,0.0,0.0,1.0,7.0,6,80.30829567962643,80.30829567962643,pobre,basal,2,0.0,575.0,1.0,39.0,13,132,34175,6,1.0
97,1.0,0.0,0.0,1.0,4.0,6,80.30829567962643,80.30829567962643,pobre,basal,2,0.0,575.0,1.0,39.0,11,132,34176,4,1.0
98,1.0,0.0,0.0,1.0,5.0,6,80.30829567962643,80.30829567962643,pobre,basal,2,0.0,575.0,1.0,39.0,12,132,34176,4,1.0
97,0.0,0.0,0.0,1.0,2.0,6,80.30829567962643,80.30829567962643,pobre,basal,2,0.0,575.0,1.0,39.0,9,132,34177,2,1.0
98,0.0,0.0,0.0,1.0,3.0,6,80.30829567962643,80.30829567962643,pobre,basal,2,0.0,575.0,1.0,39.0,10,132,34177,2,1.0
97,0.0,0.0,0.0,1.0,1.0,6,80.30829567962643,80.30829567962643,pobre,basal,2,0.0,575.0,1.0,39.0,7,132,34178,1,1.0
98,0.0,0.0,0.0,1.0,2.0,6,80.30829567962643,80.30829567962643,pobre,basal,2,0.0,575.0,1.0,39.0,8,132,34178,1,1.0
97,0.0,0.0,2.793,1.0,2.0,7,13.40444159556136,13.40444159556136,pobre,0,6,2400.0,427.0,1.0,40.0,10,166,34179,2,1.0
98,0.0,0.0,2.793,1.0,3.0,7,13.40444159556136,13.40444159556136,pobre,0,6,2400.0,427.0,1.0,40.0,11,166,34179,2,1.0
97,0.0,0.0,2.793,1.0,1.0,7,13.40444159556136,13.40444159556136,pobre,0,6,2400.0,427.0,1.0,40.0,7,166,34180,1,1.0
98,0.0,0.0,2.793,1.0,2.0,7,13.40444159556136,13.40444159556136,pobre,0,6,2400.0,427.0,1.0,40.0,8,166,34180,1,1.0
97,0.0,0.0,2.793,1.0,0.0,7,13.40444159556136,13.40444159556136,pobre,0,6,2400.0,427.0,1.0,40.0,6,166,34181,0,1.0
98,0.0,0.0,2.793,1.0,0.0,7,13.40444159556136,13.40444159556136,pobre,0,6,2400.0,427.0,1.0,40.0,7,166,34181,0,1.0
97,1.0,0.0,2.793,1.0,3.0,9,13.40444159556136,13.40444159556136,pobre,0,3,1000.0,589.5,1.0,38.0,13,166,34182,3,1.0
98,1.0,0.0,2.793,0.0,4.0,9,13.40444159556136,13.40444159556136,pobre,0,3,1000.0,589.5,1.0,38.0,14,166,34182,3,1.0
97,1.0,0.0,2.793,1.0,2.0,9,13.40444159556136,13.40444159556136,pobre,0,3,1000.0,589.5,1.0,38.0,12,166,34183,2,1.0
98,1.0,0.0,2.793,,,9,13.40444159556136,13.40444159556136,pobre,0,3,1000.0,589.5,1.0,38.0,13,166,34183,2,1.0
97,1.0,0.0,2.793,1.0,1.0,9,13.40444159556136,13.40444159556136,pobre,0,3,1000.0,589.5,1.0,38.0,9,166,34184,1,1.0
98,1.0,0.0,2.793,1.0,2.0,9,13.40444159556136,13.40444159556136,pobre,0,3,1000.0,589.5,1.0,38.0,10,166,34184,1,1.0
97,1.0,0.0,2.793,1.0,1.0,9,13.40444159556136,13.40444159556136,pobre,0,3,1000.0,589.5,1.0,38.0,7,166,34185,1,1.0
98,1.0,0.0,2.793,1.0,1.0,9,13.40444159556136,13.40444159556136,pobre,0,3,1000.0,589.5,1.0,38.0,8,166,34185,1,1.0
97,1.0,0.0,2.793,1.0,3.0,4,13.40444159556136,13.40444159556136,no pobre,0,4,1200.0,779.0,1.0,63.0,11,166,34186,3,1.0
98,1.0,0.0,2.793,1.0,5.0,4,13.40444159556136,13.40444159556136,no pobre,0,4,1200.0,779.0,1.0,63.0,12,166,34186,3,1.0
97,1.0,0.0,2.793,1.0,2.0,4,13.40444159556136,13.40444159556136,no pobre,0,4,1200.0,779.0,1.0,63.0,9,166,34187,2,1.0
98,1.0,0.0,2.793,1.0,3.0,4,13.40444159556136,13.40444159556136,no pobre,0,4,1200.0,779.0,1.0,63.0,10,166,34187,2,1.0
97,1.0,0.0,2.793,0.0,6.0,7,13.40444159556136,13.40444159556136,no pobre,0,0,0.0,780.79999,0.0,50.0,16,166,34188,6,0.0
98,1.0,0.0,2.793,,,7,13.40444159556136,13.40444159556136,no pobre,0,0,0.0,780.79999,0.0,50.0,17,166,34188,6,0.0
97,0.0,0.0,2.793,1.0,5.0,7,13.40444159556136,13.40444159556136,pobre,0,4,1750.0,656.5,1.0,31.0,11,166,34189,5,1.0
98,0.0,0.0,2.793,1.0,5.0,7,13.40444159556136,13.40444159556136,pobre,0,4,1750.0,656.5,1.0,31.0,12,166,34189,5,1.0
97,0.0,0.0,2.793,1.0,1.0,7,13.40444159556136,13.40444159556136,pobre,0,4,1750.0,656.5,1.0,31.0,7,166,34190,1,1.0
98,0.0,0.0,2.793,1.0,2.0,7,13.40444159556136,13.40444159556136,pobre,0,4,1750.0,656.5,1.0,31.0,8,166,34190,1,1.0
97,1.0,0.0,2.793,1.0,0.0,7,13.40444159556136,13.40444159556136,pobre,0,4,1750.0,656.5,1.0,31.0,6,166,34191,0,1.0
98,1.0,0.0,2.793,1.0,3.0,7,13.40444159556136,13.40444159556136,pobre,0,4,1750.0,656.5,1.0,31.0,7,166,34191,0,1.0
97,1.0,0.0,2.793,0.0,2.0,11,13.40444159556136,13.40444159556136,pobre,0,6,1000.0,557.5,1.0,36.0,16,166,34192,2,0.0
98,1.0,0.0,2.793,0.0,8.0,11,13.40444159556136,13.40444159556136,pobre,0,6,1000.0,557.5,1.0,36.0,17,166,34192,2,0.0
97,1.0,0.0,2.793,,0.0,11,13.40444159556136,13.40444159556136,pobre,0,6,1000.0,557.5,1.0,36.0,14,166,34193,0,
98,1.0,0.0,2.793,0.0,1.0,11,13.40444159556136,13.40444159556136,pobre,0,6,1000.0,557.5,1.0,36.0,15,166,34193,0,
97,0.0,0.0,2.793,1.0,3.0,11,13.40444159556136,13.40444159556136,pobre,0,6,1000.0,557.5,1.0,36.0,12,166,34194,3,1.0
98,0.0,0.0,2.793,1.0,3.0,11,13.40444159556136,13.40444159556136,pobre,0,6,1000.0,557.5,1.0,36.0,13,166,34194,3,1.0
97,1.0,0.0,2.793,1.0,3.0,11,13.40444159556136,13.40444159556136,pobre,0,6,1000.0,557.5,1.0,36.0,11,166,34195,3,1.0
98,1.0,0.0,2.793,0.0,3.0,11,13.40444159556136,13.40444159556136,pobre,0,6,1000.0,557.5,1.0,36.0,12,166,34195,3,1.0
97,1.0,0.0,2.793,,0.0,11,13.40444159556136,13.40444159556136,pobre,0,6,1000.0,557.5,1.0,36.0,8,166,34196,0,
98,1.0,0.0,2.793,1.0,4.0,11,13.40444159556136,13.40444159556136,pobre,0,6,1000.0,557.5,1.0,36.0,9,166,34196,0,
97,0.0,0.0,2.793,1.0,1.0,11,13.40444159556136,13.40444159556136,pobre,0,6,1000.0,557.5,1.0,36.0,7,166,34197,1,1.0
98,0.0,0.0,2.793,1.0,2.0,11,13.40444159556136,13.40444159556136,pobre,0,6,1000.0,557.5,1.0,36.0,8,166,34197,1,1.0
97,1.0,0.0,2.793,1.0,2.0,6,13.40444159556136,13.40444159556136,pobre,0,4,1600.0,619.0,1.0,31.0,7,166,34198,2,1.0
98,1.0,0.0,2.793,,,6,13.40444159556136,13.40444159556136,pobre,0,4,1600.0,619.0,1.0,31.0,8,166,34198,2,1.0
97,0.0,0.0,0.0,1.0,5.0,4,80.30829567962643,80.30829567962643,no pobre,basal,2,58.333332,724.0,1.0,54.0,12,132,34199,5,1.0
98,0.0,0.0,0.0,,,4,80.30829567962643,80.30829567962643,no pobre,basal,2,58.333332,724.0,1.0,54.0,13,132,34199,5,1.0
97,1.0,0.0,0.0,1.0,4.0,4,80.30829567962643,80.30829567962643,no pobre,basal,2,58.333332,724.0,1.0,54.0,10,132,34200,4,1.0
98,1.0,0.0,0.0,,,4,80.30829567962643,80.30829567962643,no pobre,basal,2,58.333332,724.0,1.0,54.0,11,132,34200,4,1.0
97,1.0,0.0,0.0,0.0,9.0,9,80.30829567962643,80.30829567962643,pobre,basal,0,750.0,634.75,1.0,50.0,16,132,34201,9,0.0
98,1.0,0.0,0.0,0.0,9.0,9,80.30829567962643,80.30829567962643,pobre,basal,0,750.0,634.75,1.0,50.0,17,132,34201,9,0.0
97,0.0,0.0,0.0,0.0,6.0,9,80.30829567962643,80.30829567962643,pobre,basal,0,750.0,634.75,1.0,50.0,14,132,34202,6,0.0
98,0.0,0.0,0.0,0.0,6.0,9,80.30829567962643,80.30829567962643,pobre,basal,0,750.0,634.75,1.0,50.0,15,132,34202,6,0.0
97,1.0,0.0,0.0,0.0,3.0,9,80.30829567962643,80.30829567962643,pobre,basal,0,750.0,634.75,1.0,50.0,13,132,34203,3,0.0
98,1.0,0.0,0.0,0.0,3.0,9,80.30829567962643,80.30829567962643,pobre,basal,0,750.0,634.75,1.0,50.0,14,132,34203,3,0.0
97,1.0,0.0,0.0,1.0,5.0,9,80.30829567962643,80.30829567962643,pobre,basal,0,750.0,634.75,1.0,50.0,11,132,34204,5,1.0
98,1.0,0.0,0.0,1.0,5.0,9,80.30829567962643,80.30829567962643,pobre,basal,0,750.0,634.75,1.0,50.0,12,132,34204,5,1.0
97,0.0,0.0,0.0,1.0,1.0,9,80.30829567962643,80.30829567962643,pobre,basal,0,750.0,634.75,1.0,50.0,7,132,34205,1,1.0
98,0.0,0.0,0.0,1.0,2.0,9,80.30829567962643,80.30829567962643,pobre,basal,0,750.0,634.75,1.0,50.0,8,132,34205,1,1.0
97,1.0,0.0,0.0,1.0,7.0,8,16.48723207515607,16.48723207515607,pobre,basal,2,750.0,687.0,1.0,49.0,15,160,34206,7,1.0
98,1.0,0.0,0.0,1.0,7.0,8,16.48723207515607,16.48723207515607,pobre,basal,2,750.0,687.0,1.0,49.0,16,160,34206,7,1.0
97,0.0,0.0,0.0,1.0,5.0,8,16.48723207515607,16.48723207515607,pobre,basal,2,750.0,687.0,1.0,49.0,10,160,34207,5,1.0
98,0.0,0.0,0.0,1.0,6.0,8,16.48723207515607,16.48723207515607,pobre,basal,2,750.0,687.0,1.0,49.0,11,160,34207,5,1.0
97,0.0,0.0,0.0,1.0,4.0,3,16.48723207515607,16.48723207515607,pobre,basal,2,750.0,713.0,1.0,52.0,11,160,34208,4,1.0
98,0.0,0.0,0.0,1.0,4.0,3,16.48723207515607,16.48723207515607,pobre,basal,2,750.0,713.0,1.0,52.0,12,160,34208,4,1.0
97,1.0,0.0,0.0,0.0,9.0,5,16.48723207515607,16.48723207515607,no pobre,basal,2,10.0,797.5,1.0,54.0,16,160,34209,9,0.0
98,1.0,0.0,0.0,,,5,16.48723207515607,16.48723207515607,no pobre,basal,2,10.0,797.5,1.0,54.0,17,160,34209,9,0.0
97,0.0,0.0,0.0,1.0,8.0,5,16.48723207515607,16.48723207515607,no pobre,basal,2,10.0,797.5,1.0,54.0,13,160,34210,8,1.0
98,0.0,0.0,0.0,1.0,8.0,5,16.48723207515607,16.48723207515607,no pobre,basal,2,10.0,797.5,1.0,54.0,14,160,34210,8,1.0
97,1.0,0.0,0.0,,9.0,6,16.48723207515607,16.48723207515607,pobre,basal,0,875.0,605.34399,1.0,48.0,16,160,34211,9,
98,1.0,0.0,0.0,,,6,16.48723207515607,16.48723207515607,pobre,basal,0,875.0,605.34399,1.0,48.0,17,160,34211,9,
97,1.0,0.0,0.0,,7.0,6,16.48723207515607,16.48723207515607,pobre,basal,0,875.0,605.34399,1.0,48.0,15,160,34212,7,
98,1.0,0.0,0.0,1.0,8.0,6,16.48723207515607,16.48723207515607,pobre,basal,0,875.0,605.34399,1.0,48.0,16,160,34212,7,
97,1.0,0.0,0.0,,6.0,6,16.48723207515607,16.48723207515607,pobre,basal,0,875.0,605.34399,1.0,48.0,12,160,34213,6,
98,1.0,0.0,0.0,1.0,7.0,6,16.48723207515607,16.48723207515607,pobre,basal,0,875.0,605.34399,1.0,48.0,13,160,34213,6,
97,1.0,0.0,0.0,,2.0,6,16.48723207515607,16.48723207515607,pobre,basal,0,875.0,605.34399,1.0,48.0,11,160,34214,2,
98,1.0,0.0,0.0,1.0,2.0,6,16.48723207515607,16.48723207515607,pobre,basal,0,875.0,605.34399,1.0,48.0,12,160,34214,2,
97,0.0,0.0,1.158,1.0,10.0,4,76.43225733599695,76.43225733599695,pobre,basal,6,800.0,724.0,1.0,36.0,16,150,34215,10,1.0
98,0.0,0.0,1.158,,,4,76.43225733599695,76.43225733599695,pobre,basal,6,800.0,724.0,1.0,36.0,17,150,34215,10,1.0
97,0.0,0.0,1.158,1.0,4.0,4,76.43225733599695,76.43225733599695,pobre,basal,6,800.0,724.0,1.0,36.0,11,150,34216,4,1.0
98,0.0,0.0,1.158,1.0,5.0,4,76.43225733599695,76.43225733599695,pobre,basal,6,800.0,724.0,1.0,36.0,12,150,34216,4,1.0
97,1.0,0.0,1.158,0.0,6.0,7,76.43225733599695,76.43225733599695,pobre,basal,2,750.0,670.0,1.0,54.0,16,150,34217,6,0.0
98,1.0,0.0,1.158,,,7,76.43225733599695,76.43225733599695,pobre,basal,2,750.0,670.0,1.0,54.0,17,150,34217,6,0.0
97,1.0,0.0,1.158,0.0,6.0,7,76.43225733599695,76.43225733599695,pobre,basal,2,750.0,670.0,1.0,54.0,12,150,34218,6,0.0
98,1.0,0.0,1.158,0.0,6.0,7,76.43225733599695,76.43225733599695,pobre,basal,2,750.0,670.0,1.0,54.0,13,150,34218,6,0.0
97,0.0,0.0,1.158,1.0,5.0,7,76.43225733599695,76.43225733599695,pobre,basal,2,750.0,670.0,1.0,54.0,10,150,34219,5,1.0
98,0.0,0.0,1.158,1.0,5.0,7,76.43225733599695,76.43225733599695,pobre,basal,2,750.0,670.0,1.0,54.0,11,150,34219,5,1.0
97,1.0,0.0,1.158,1.0,1.0,7,76.43225733599695,76.43225733599695,pobre,basal,2,750.0,670.0,1.0,54.0,6,150,34220,1,1.0
98,1.0,0.0,1.158,1.0,1.0,7,76.43225733599695,76.43225733599695,pobre,basal,2,750.0,670.0,1.0,54.0,7,150,34220,1,1.0
97,1.0,0.0,0.0,1.0,7.0,7,75.23676528477016,75.23676528477016,pobre,basal,3,800.0,707.5,1.0,45.0,13,151,34221,7,1.0
98,1.0,0.0,0.0,0.0,7.0,7,75.23676528477016,75.23676528477016,pobre,basal,3,800.0,707.5,1.0,45.0,14,151,34221,7,1.0
97,0.0,0.0,0.0,1.0,6.0,7,75.23676528477016,75.23676528477016,pobre,basal,3,800.0,707.5,1.0,45.0,11,151,34222,6,1.0
98,0.0,0.0,0.0,1.0,6.0,7,75.23676528477016,75.23676528477016,pobre,basal,3,800.0,707.5,1.0,45.0,12,151,34222,6,1.0
97,0.0,0.0,0.0,1.0,5.0,7,75.23676528477016,75.23676528477016,pobre,basal,3,800.0,707.5,1.0,45.0,10,151,34223,5,1.0
98,0.0,0.0,0.0,1.0,5.0,7,75.23676528477016,75.23676528477016,pobre,basal,3,800.0,707.5,1.0,45.0,11,151,34223,5,1.0
97,0.0,0.0,0.0,1.0,3.0,7,75.23676528477016,75.23676528477016,pobre,basal,3,800.0,707.5,1.0,45.0,9,151,34224,3,1.0
98,0.0,0.0,0.0,1.0,3.0,7,75.23676528477016,75.23676528477016,pobre,basal,3,800.0,707.5,1.0,45.0,10,151,34224,3,1.0
97,1.0,0.0,0.0,,10.0,7,75.23676528477016,75.23676528477016,no pobre,basal,2,875.0,754.34399,1.0,42.0,16,151,34225,10,
98,1.0,0.0,0.0,,,7,75.23676528477016,75.23676528477016,no pobre,basal,2,875.0,754.34399,1.0,42.0,17,151,34225,10,
97,1.0,0.0,0.0,,4.0,7,75.23676528477016,75.23676528477016,no pobre,basal,2,875.0,754.34399,1.0,42.0,8,151,34226,4,
98,1.0,0.0,0.0,1.0,5.0,7,75.23676528477016,75.23676528477016,no pobre,basal,2,875.0,754.34399,1.0,42.0,9,151,34226,4,
97,0.0,0.0,0.0,1.0,3.0,5,16.48723207515607,16.48723207515607,pobre,basal,8,1200.0,673.0,1.0,43.0,9,160,34227,3,1.0
98,0.0,0.0,0.0,1.0,4.0,5,16.48723207515607,16.48723207515607,pobre,basal,8,1200.0,673.0,1.0,43.0,10,160,34227,3,1.0
97,0.0,0.0,0.0,1.0,2.0,5,16.48723207515607,16.48723207515607,pobre,basal,8,1200.0,673.0,1.0,43.0,8,160,34228,2,1.0
98,0.0,0.0,0.0,1.0,3.0,5,16.48723207515607,16.48723207515607,pobre,basal,8,1200.0,673.0,1.0,43.0,9,160,34228,2,1.0
97,1.0,0.0,2.4419999,0.0,9.0,7,80.280559877345,88.75607071309749,pobre,0,3,600.0,687.5,1.0,58.0,15,154,34229,9,0.0
98,1.0,0.0,2.4419999,0.0,9.0,7,80.280559877345,88.75607071309749,pobre,0,3,600.0,687.5,1.0,58.0,16,154,34229,9,0.0
97,1.0,0.0,2.4419999,1.0,7.0,7,80.280559877345,88.75607071309749,pobre,0,3,600.0,687.5,1.0,58.0,12,154,34230,7,1.0
98,1.0,0.0,2.4419999,1.0,8.0,7,80.280559877345,88.75607071309749,pobre,0,3,600.0,687.5,1.0,58.0,13,154,34230,7,1.0
97,1.0,0.0,2.4419999,1.0,5.0,7,80.280559877345,88.75607071309749,pobre,0,3,600.0,687.5,1.0,58.0,10,154,34231,5,1.0
98,1.0,0.0,2.4419999,1.0,6.0,7,80.280559877345,88.75607071309749,pobre,0,3,600.0,687.5,1.0,58.0,11,154,34231,5,1.0
97,0.0,0.0,2.4419999,1.0,1.0,6,80.280559877345,88.75607071309749,pobre,0,6,480.0,548.0,1.0,31.0,7,154,34232,1,1.0
98,0.0,0.0,2.4419999,1.0,2.0,6,80.280559877345,88.75607071309749,pobre,0,6,480.0,548.0,1.0,31.0,8,154,34232,1,1.0
97,0.0,0.0,2.4419999,1.0,0.0,6,80.280559877345,88.75607071309749,pobre,0,6,480.0,548.0,1.0,31.0,6,154,34233,0,1.0
98,0.0,0.0,2.4419999,1.0,1.0,6,80.280559877345,88.75607071309749,pobre,0,6,480.0,548.0,1.0,31.0,7,154,34233,0,1.0
97,0.0,0.0,2.4419999,0.0,9.0,6,80.280559877345,88.75607071309749,pobre,0,0,720.0,637.0,1.0,37.0,16,154,34234,9,0.0
98,0.0,0.0,2.4419999,,,6,80.280559877345,88.75607071309749,pobre,0,0,720.0,637.0,1.0,37.0,17,154,34234,9,0.0
97,1.0,0.0,2.4419999,1.0,7.0,6,80.280559877345,88.75607071309749,pobre,0,0,720.0,637.0,1.0,37.0,14,154,34235,7,1.0
98,1.0,0.0,2.4419999,1.0,8.0,6,80.280559877345,88.75607071309749,pobre,0,0,720.0,637.0,1.0,37.0,15,154,34235,7,1.0
97,1.0,0.0,2.4419999,1.0,3.0,6,80.280559877345,88.75607071309749,pobre,0,0,720.0,637.0,1.0,37.0,10,154,34236,3,1.0
98,1.0,0.0,2.4419999,1.0,3.0,6,80.280559877345,88.75607071309749,pobre,0,0,720.0,637.0,1.0,37.0,11,154,34236,3,1.0
97,1.0,0.0,2.4419999,1.0,2.0,6,80.280559877345,88.75607071309749,pobre,0,0,720.0,637.0,1.0,37.0,8,154,34237,2,1.0
98,1.0,0.0,2.4419999,1.0,2.0,6,80.280559877345,88.75607071309749,pobre,0,0,720.0,637.0,1.0,37.0,9,154,34237,2,1.0
97,0.0,0.0,2.4419999,1.0,4.0,3,80.280559877345,88.75607071309749,pobre,0,6,625.0,801.0,1.0,53.0,12,154,34238,4,1.0
98,0.0,0.0,2.4419999,1.0,5.0,3,80.280559877345,88.75607071309749,pobre,0,6,625.0,801.0,1.0,53.0,13,154,34238,4,1.0
97,1.0,0.0,0.0,1.0,0.0,4,13.31589070824295,13.31589070824295,pobre,basal,0,800.0,640.0,1.0,24.0,6,158,34239,0,1.0
98,1.0,0.0,0.0,1.0,1.0,4,13.31589070824295,13.31589070824295,pobre,basal,0,800.0,640.0,1.0,24.0,7,158,34239,0,1.0
97,0.0,0.0,0.0,1.0,2.0,3,13.31589070824295,13.31589070824295,pobre,basal,9,1200.0,734.0,1.0,30.0,9,158,34240,2,1.0
98,0.0,0.0,0.0,1.0,3.0,3,13.31589070824295,13.31589070824295,pobre,basal,9,1200.0,734.0,1.0,30.0,10,158,34240,2,1.0
97,0.0,0.0,1.928,1.0,7.0,8,76.99809901854817,90.47790318524248,no pobre,basal,0,0.0,750.0,1.0,69.0,12,194,34241,7,1.0
98,0.0,0.0,1.928,1.0,8.0,8,76.99809901854817,90.47790318524248,no pobre,basal,0,0.0,750.0,1.0,69.0,13,194,34241,7,1.0
97,0.0,0.0,1.928,1.0,7.0,8,76.99809901854817,90.47790318524248,no pobre,basal,0,0.0,750.0,1.0,69.0,15,194,34242,7,1.0
98,0.0,0.0,1.928,1.0,8.0,8,76.99809901854817,90.47790318524248,no pobre,basal,0,0.0,750.0,1.0,69.0,16,194,34242,7,1.0
97,1.0,0.0,1.928,1.0,9.0,6,76.99809901854817,90.47790318524248,no pobre,basal,6,250.0,734.0,1.0,44.0,16,194,34243,9,1.0
98,1.0,0.0,1.928,1.0,9.0,6,76.99809901854817,90.47790318524248,no pobre,basal,6,250.0,734.0,1.0,44.0,17,194,34243,9,1.0
97,0.0,0.0,1.928,1.0,2.0,7,76.99809901854817,90.47790318524248,pobre,basal,6,480.0,532.0,1.0,30.0,7,194,34244,2,1.0
98,0.0,0.0,1.928,1.0,3.0,7,76.99809901854817,90.47790318524248,pobre,basal,6,480.0,532.0,1.0,30.0,8,194,34244,2,1.0
97,1.0,1.0,1.928,1.0,0.0,7,76.99809901854817,90.47790318524248,pobre,basal,6,480.0,532.0,1.0,30.0,6,194,34245,0,1.0
98,1.0,1.0,1.928,1.0,1.0,7,76.99809901854817,90.47790318524248,pobre,basal,6,480.0,532.0,1.0,30.0,7,194,34245,0,1.0
97,0.0,0.0,1.928,1.0,3.0,5,76.99809901854817,90.47790318524248,pobre,basal,8,400.0,602.0,1.0,37.0,9,194,34246,3,1.0
98,0.0,0.0,1.928,1.0,4.0,5,76.99809901854817,90.47790318524248,pobre,basal,8,400.0,602.0,1.0,37.0,10,194,34246,3,1.0
97,1.0,0.0,1.928,1.0,1.0,5,76.99809901854817,90.47790318524248,pobre,basal,8,400.0,602.0,1.0,37.0,6,194,34247,1,1.0
98,1.0,0.0,1.928,1.0,1.0,5,76.99809901854817,90.47790318524248,pobre,basal,8,400.0,602.0,1.0,37.0,7,194,34247,1,1.0
97,0.0,0.0,1.928,1.0,8.0,8,76.99809901854817,90.47790318524248,no pobre,basal,8,1000.0,740.0,1.0,42.0,15,194,34248,8,1.0
98,0.0,0.0,1.928,1.0,9.0,8,76.99809901854817,90.47790318524248,no pobre,basal,8,1000.0,740.0,1.0,42.0,16,194,34248,8,1.0
97,0.0,0.0,1.928,1.0,3.0,8,76.99809901854817,90.47790318524248,no pobre,basal,8,1000.0,740.0,1.0,42.0,9,194,34249,3,1.0
98,0.0,0.0,1.928,1.0,4.0,8,76.99809901854817,90.47790318524248,no pobre,basal,8,1000.0,740.0,1.0,42.0,10,194,34249,3,1.0
97,1.0,0.0,1.928,,1.0,17,76.99809901854817,90.47790318524248,pobre,basal,6,4000.0,620.79999,1.0,57.0,7,194,34250,1,
98,1.0,0.0,1.928,1.0,2.0,17,76.99809901854817,90.47790318524248,pobre,basal,6,4000.0,620.79999,1.0,57.0,8,194,34250,1,
97,1.0,0.0,1.928,,1.0,17,76.99809901854817,90.47790318524248,pobre,basal,6,4000.0,620.79999,1.0,57.0,7,194,34251,1,
98,1.0,0.0,1.928,1.0,2.0,17,76.99809901854817,90.47790318524248,pobre,basal,6,4000.0,620.79999,1.0,57.0,8,194,34251,1,
97,0.0,0.0,1.928,1.0,6.0,3,76.99809901854817,90.47790318524248,pobre,basal,6,600.0,705.0,1.0,53.0,13,194,34252,6,1.0
98,0.0,0.0,1.928,,,3,76.99809901854817,90.47790318524248,pobre,basal,6,600.0,705.0,1.0,53.0,14,194,34252,6,1.0
97,1.0,0.0,1.928,1.0,8.0,7,76.99809901854817,90.47790318524248,pobre,basal,5,1250.0,519.0,1.0,36.0,14,194,34253,8,1.0
98,1.0,0.0,1.928,1.0,9.0,7,76.99809901854817,90.47790318524248,pobre,basal,5,1250.0,519.0,1.0,36.0,15,194,34253,8,1.0
97,0.0,0.0,1.928,1.0,5.0,7,76.99809901854817,90.47790318524248,pobre,basal,5,1250.0,519.0,1.0,36.0,11,194,34254,5,1.0
98,0.0,0.0,1.928,1.0,6.0,7,76.99809901854817,90.47790318524248,pobre,basal,5,1250.0,519.0,1.0,36.0,12,194,34254,5,1.0
97,1.0,0.0,1.928,1.0,3.0,7,76.99809901854817,90.47790318524248,pobre,basal,5,1250.0,519.0,1.0,36.0,9,194,34255,3,1.0
98,1.0,0.0,1.928,1.0,4.0,7,76.99809901854817,90.47790318524248,pobre,basal,5,1250.0,519.0,1.0,36.0,10,194,34255,3,1.0
97,1.0,0.0,1.928,1.0,1.0,7,76.99809901854817,90.47790318524248,pobre,basal,5,1250.0,519.0,1.0,36.0,8,194,34256,1,1.0
98,1.0,0.0,1.928,1.0,2.0,7,76.99809901854817,90.47790318524248,pobre,basal,5,1250.0,519.0,1.0,36.0,9,194,34256,1,1.0
97,1.0,0.0,1.928,0.0,5.0,12,76.99809901854817,90.47790318524248,pobre,basal,1,1250.0,559.0,1.0,48.0,14,194,34257,5,0.0
98,1.0,0.0,1.928,0.0,5.0,12,76.99809901854817,90.47790318524248,pobre,basal,1,1250.0,559.0,1.0,48.0,15,194,34257,5,0.0
97,1.0,0.0,1.928,0.0,3.0,12,76.99809901854817,90.47790318524248,pobre,basal,1,1250.0,559.0,1.0,48.0,11,194,34258,3,0.0
98,1.0,0.0,1.928,1.0,3.0,12,76.99809901854817,90.47790318524248,pobre,basal,1,1250.0,559.0,1.0,48.0,12,194,34258,3,0.0
97,0.0,0.0,1.928,1.0,3.0,12,76.99809901854817,90.47790318524248,pobre,basal,1,1250.0,559.0,1.0,48.0,9,194,34259,3,1.0
98,0.0,0.0,1.928,1.0,4.0,12,76.99809901854817,90.47790318524248,pobre,basal,1,1250.0,559.0,1.0,48.0,10,194,34259,3,1.0
97,0.0,0.0,1.928,1.0,1.0,12,76.99809901854817,90.47790318524248,pobre,basal,1,1250.0,559.0,1.0,48.0,7,194,34260,1,1.0
98,0.0,0.0,1.928,1.0,2.0,12,76.99809901854817,90.47790318524248,pobre,basal,1,1250.0,559.0,1.0,48.0,8,194,34260,1,1.0
97,1.0,0.0,1.928,0.0,9.0,7,76.99809901854817,90.47790318524248,pobre,basal,2,600.0,614.5,1.0,47.0,15,194,34261,9,0.0
98,1.0,0.0,1.928,0.0,9.0,7,76.99809901854817,90.47790318524248,pobre,basal,2,600.0,614.5,1.0,47.0,16,194,34261,9,0.0
97,1.0,0.0,1.928,1.0,7.0,7,76.99809901854817,90.47790318524248,pobre,basal,2,600.0,614.5,1.0,47.0,13,194,34262,7,1.0
98,1.0,0.0,1.928,1.0,8.0,7,76.99809901854817,90.47790318524248,pobre,basal,2,600.0,614.5,1.0,47.0,14,194,34262,7,1.0
97,0.0,0.0,1.928,1.0,5.0,7,76.99809901854817,90.47790318524248,pobre,basal,2,600.0,614.5,1.0,47.0,10,194,34263,5,1.0
98,0.0,0.0,1.928,1.0,6.0,7,76.99809901854817,90.47790318524248,pobre,basal,2,600.0,614.5,1.0,47.0,11,194,34263,5,1.0
97,1.0,0.0,1.928,1.0,3.0,7,76.99809901854817,90.47790318524248,pobre,basal,2,600.0,614.5,1.0,47.0,8,194,34264,3,1.0
98,1.0,0.0,1.928,1.0,4.0,7,76.99809901854817,90.47790318524248,pobre,basal,2,600.0,614.5,1.0,47.0,9,194,34264,3,1.0
97,1.0,0.0,1.928,0.0,6.0,10,76.99809901854817,90.47790318524248,pobre,basal,3,250.0,622.5,1.0,61.0,14,194,34265,6,0.0
98,1.0,0.0,1.928,1.0,6.0,10,76.99809901854817,90.47790318524248,pobre,basal,3,250.0,622.5,1.0,61.0,15,194,34265,6,0.0
97,1.0,0.0,1.928,1.0,5.0,10,76.99809901854817,90.47790318524248,pobre,basal,3,250.0,622.5,1.0,61.0,12,194,34266,5,1.0
98,1.0,0.0,1.928,1.0,6.0,10,76.99809901854817,90.47790318524248,pobre,basal,3,250.0,622.5,1.0,61.0,13,194,34266,5,1.0
97,1.0,0.0,1.928,1.0,0.0,10,76.99809901854817,90.47790318524248,pobre,basal,3,250.0,622.5,1.0,61.0,6,194,34267,0,1.0
98,1.0,0.0,1.928,1.0,0.0,10,76.99809901854817,90.47790318524248,pobre,basal,3,250.0,622.5,1.0,61.0,7,194,34267,0,1.0
97,1.0,0.0,1.928,1.0,7.0,6,76.99809901854817,90.47790318524248,pobre,basal,3,1000.0,677.0,1.0,48.0,12,194,34268,7,1.0
98,1.0,0.0,1.928,1.0,8.0,6,76.99809901854817,90.47790318524248,pobre,basal,3,1000.0,677.0,1.0,48.0,13,194,34268,7,1.0
97,0.0,0.0,1.928,,0.0,6,76.99809901854817,90.47790318524248,pobre,basal,3,1000.0,677.0,1.0,48.0,11,194,34269,0,
98,0.0,0.0,1.928,,,6,76.99809901854817,90.47790318524248,pobre,basal,3,1000.0,677.0,1.0,48.0,12,194,34269,0,
97,1.0,0.0,1.928,1.0,3.0,6,76.99809901854817,90.47790318524248,pobre,basal,3,1000.0,677.0,1.0,48.0,10,194,34270,3,1.0
98,1.0,0.0,1.928,1.0,4.0,6,76.99809901854817,90.47790318524248,pobre,basal,3,1000.0,677.0,1.0,48.0,11,194,34270,3,1.0
97,1.0,0.0,3.6819999,1.0,2.0,7,75.62516962103663,93.46427745160204,pobre,basal,0,2000.0,539.0,1.0,32.0,6,153,34271,2,1.0
98,1.0,0.0,3.6819999,1.0,3.0,7,75.62516962103663,93.46427745160204,pobre,basal,0,2000.0,539.0,1.0,32.0,7,153,34271,2,1.0
97,1.0,0.0,3.6819999,1.0,0.0,7,75.62516962103663,93.46427745160204,pobre,basal,0,2000.0,539.0,1.0,32.0,6,153,34272,0,1.0
98,1.0,0.0,3.6819999,1.0,1.0,7,75.62516962103663,93.46427745160204,pobre,basal,0,2000.0,539.0,1.0,32.0,7,153,34272,0,1.0
97,0.0,0.0,3.6819999,1.0,1.0,4,75.62516962103663,93.46427745160204,pobre,basal,0,0.0,648.0,1.0,37.0,7,153,34273,1,1.0
98,0.0,0.0,3.6819999,1.0,1.0,4,75.62516962103663,93.46427745160204,pobre,basal,0,0.0,648.0,1.0,37.0,8,153,34273,1,1.0
97,0.0,0.0,3.6819999,1.0,3.0,5,75.62516962103663,93.46427745160204,no pobre,basal,3,600.0,719.5,1.0,33.0,8,153,34274,3,1.0
98,0.0,0.0,3.6819999,1.0,4.0,5,75.62516962103663,93.46427745160204,no pobre,basal,3,600.0,719.5,1.0,33.0,9,153,34274,3,1.0
97,0.0,0.0,4.0009999,1.0,2.0,5,52.80493002125083,52.80493002125083,pobre,basal,3,1200.0,611.0,1.0,29.0,8,139,34275,2,1.0
98,0.0,0.0,4.0009999,1.0,3.0,5,52.80493002125083,52.80493002125083,pobre,basal,3,1200.0,611.0,1.0,29.0,9,139,34275,2,1.0
97,1.0,0.0,4.0009999,1.0,1.0,5,52.80493002125083,52.80493002125083,pobre,basal,3,1200.0,611.0,1.0,29.0,7,139,34276,1,1.0
98,1.0,0.0,4.0009999,1.0,2.0,5,52.80493002125083,52.80493002125083,pobre,basal,3,1200.0,611.0,1.0,29.0,8,139,34276,1,1.0
97,0.0,0.0,4.0009999,1.0,2.0,6,52.80493002125083,52.80493002125083,pobre,basal,4,1000.0,580.0,1.0,30.0,8,139,34277,2,1.0
98,0.0,0.0,4.0009999,1.0,3.0,6,52.80493002125083,52.80493002125083,pobre,basal,4,1000.0,580.0,1.0,30.0,9,139,34277,2,1.0
97,0.0,0.0,4.0009999,1.0,1.0,6,52.80493002125083,52.80493002125083,pobre,basal,4,1000.0,580.0,1.0,30.0,7,139,34278,1,1.0
98,0.0,0.0,4.0009999,1.0,2.0,6,52.80493002125083,52.80493002125083,pobre,basal,4,1000.0,580.0,1.0,30.0,8,139,34278,1,1.0
97,1.0,0.0,4.0009999,1.0,0.0,6,52.80493002125083,52.80493002125083,pobre,basal,4,1000.0,580.0,1.0,30.0,6,139,34279,0,1.0
98,1.0,0.0,4.0009999,1.0,1.0,6,52.80493002125083,52.80493002125083,pobre,basal,4,1000.0,580.0,1.0,30.0,7,139,34279,0,1.0
97,0.0,0.0,0.97299999,0.0,9.0,10,73.11396693220289,95.08391936905932,pobre,0,1,750.0,715.0,1.0,44.0,16,195,34280,9,0.0
98,0.0,0.0,0.97299999,0.0,9.0,10,73.11396693220289,95.08391936905932,pobre,0,1,750.0,715.0,1.0,44.0,17,195,34280,9,0.0
97,1.0,0.0,0.97299999,0.0,6.0,10,73.11396693220289,95.08391936905932,pobre,0,1,750.0,715.0,1.0,44.0,14,195,34281,6,0.0
98,1.0,0.0,0.97299999,0.0,6.0,10,73.11396693220289,95.08391936905932,pobre,0,1,750.0,715.0,1.0,44.0,15,195,34281,6,0.0
97,0.0,0.0,0.97299999,1.0,5.0,10,73.11396693220289,95.08391936905932,pobre,0,1,750.0,715.0,1.0,44.0,12,195,34282,5,1.0
98,0.0,0.0,0.97299999,1.0,6.0,10,73.11396693220289,95.08391936905932,pobre,0,1,750.0,715.0,1.0,44.0,13,195,34282,5,1.0
97,0.0,0.0,0.97299999,,0.0,10,73.11396693220289,95.08391936905932,pobre,0,1,750.0,715.0,1.0,44.0,6,195,34283,0,
98,0.0,0.0,0.97299999,1.0,1.0,10,73.11396693220289,95.08391936905932,pobre,0,1,750.0,715.0,1.0,44.0,7,195,34283,0,
97,1.0,0.0,4.0009999,0.0,9.0,8,52.80493002125083,52.80493002125083,pobre,basal,0,1200.0,552.0,1.0,35.0,16,139,34284,9,0.0
98,1.0,0.0,4.0009999,,,8,52.80493002125083,52.80493002125083,pobre,basal,0,1200.0,552.0,1.0,35.0,17,139,34284,9,0.0
97,1.0,0.0,4.0009999,1.0,7.0,8,52.80493002125083,52.80493002125083,pobre,basal,0,1200.0,552.0,1.0,35.0,13,139,34285,7,1.0
98,1.0,0.0,4.0009999,1.0,8.0,8,52.80493002125083,52.80493002125083,pobre,basal,0,1200.0,552.0,1.0,35.0,14,139,34285,7,1.0
97,0.0,0.0,4.0009999,1.0,5.0,8,52.80493002125083,52.80493002125083,pobre,basal,0,1200.0,552.0,1.0,35.0,11,139,34286,5,1.0
98,0.0,0.0,4.0009999,1.0,6.0,8,52.80493002125083,52.80493002125083,pobre,basal,0,1200.0,552.0,1.0,35.0,12,139,34286,5,1.0
97,0.0,0.0,4.0009999,1.0,3.0,8,52.80493002125083,52.80493002125083,pobre,basal,0,1200.0,552.0,1.0,35.0,9,139,34287,3,1.0
98,0.0,0.0,4.0009999,1.0,4.0,8,52.80493002125083,52.80493002125083,pobre,basal,0,1200.0,552.0,1.0,35.0,10,139,34287,3,1.0
97,1.0,0.0,4.0009999,1.0,0.0,8,52.80493002125083,52.80493002125083,pobre,basal,0,1200.0,552.0,1.0,35.0,7,139,34288,0,1.0
98,1.0,0.0,4.0009999,1.0,1.0,8,52.80493002125083,52.80493002125083,pobre,basal,0,1200.0,552.0,1.0,35.0,8,139,34288,0,1.0
97,0.0,0.0,4.0009999,0.0,9.0,5,52.80493002125083,52.80493002125083,no pobre,basal,3,1200.0,722.0,1.0,44.0,15,139,34289,9,0.0
98,0.0,0.0,4.0009999,1.0,9.0,5,52.80493002125083,52.80493002125083,no pobre,basal,3,1200.0,722.0,1.0,44.0,16,139,34289,9,0.0
97,1.0,0.0,2.26,1.0,7.0,6,80.86236430001196,80.86236430001196,pobre,0,0,183.33333,570.0,1.0,36.0,15,190,34290,7,1.0
98,1.0,0.0,2.26,1.0,8.0,6,80.86236430001196,80.86236430001196,pobre,0,0,183.33333,570.0,1.0,36.0,16,190,34290,7,1.0
97,1.0,0.0,2.26,1.0,0.0,6,80.86236430001196,80.86236430001196,pobre,0,0,183.33333,570.0,1.0,36.0,12,190,34291,0,1.0
98,1.0,0.0,2.26,1.0,8.0,6,80.86236430001196,80.86236430001196,pobre,0,0,183.33333,570.0,1.0,36.0,13,190,34291,0,1.0
97,0.0,0.0,2.26,1.0,3.0,6,80.86236430001196,80.86236430001196,pobre,0,0,183.33333,570.0,1.0,36.0,9,190,34292,3,1.0
98,0.0,0.0,2.26,1.0,4.0,6,80.86236430001196,80.86236430001196,pobre,0,0,183.33333,570.0,1.0,36.0,10,190,34292,3,1.0
97,0.0,0.0,2.26,1.0,0.0,6,80.86236430001196,80.86236430001196,pobre,0,0,183.33333,570.0,1.0,36.0,6,190,34293,0,1.0
98,0.0,0.0,2.26,1.0,1.0,6,80.86236430001196,80.86236430001196,pobre,0,0,183.33333,570.0,1.0,36.0,7,190,34293,0,1.0
97,0.0,0.0,2.2060001,1.0,8.0,6,74.64178136816749,96.61311455025414,no pobre,basal,3,58.333332,705.0,1.0,40.0,15,180,34294,8,1.0
98,0.0,0.0,2.2060001,0.0,9.0,6,74.64178136816749,96.61311455025414,no pobre,basal,3,58.333332,705.0,1.0,40.0,16,180,34294,8,1.0
97,1.0,0.0,2.2060001,1.0,8.0,6,74.64178136816749,96.61311455025414,no pobre,basal,3,58.333332,705.0,1.0,40.0,13,180,34295,8,1.0
98,1.0,0.0,2.2060001,0.0,9.0,6,74.64178136816749,96.61311455025414,no pobre,basal,3,58.333332,705.0,1.0,40.0,14,180,34295,8,1.0
97,0.0,0.0,2.2060001,1.0,5.0,6,74.64178136816749,96.61311455025414,no pobre,basal,3,58.333332,705.0,1.0,40.0,11,180,34296,5,1.0
98,0.0,0.0,2.2060001,1.0,6.0,6,74.64178136816749,96.61311455025414,no pobre,basal,3,58.333332,705.0,1.0,40.0,12,180,34296,5,1.0
97,1.0,0.0,2.2060001,1.0,5.0,9,74.64178136816749,96.61311455025414,pobre,basal,0,625.0,432.0,1.0,62.0,15,180,34297,5,1.0
98,1.0,0.0,2.2060001,1.0,6.0,9,74.64178136816749,96.61311455025414,pobre,basal,0,625.0,432.0,1.0,62.0,16,180,34297,5,1.0
97,0.0,0.0,2.2060001,1.0,4.0,9,74.64178136816749,96.61311455025414,pobre,basal,0,625.0,432.0,1.0,62.0,10,180,34298,4,1.0
98,0.0,0.0,2.2060001,1.0,5.0,9,74.64178136816749,96.61311455025414,pobre,basal,0,625.0,432.0,1.0,62.0,11,180,34298,4,1.0
97,1.0,0.0,2.2060001,1.0,2.0,9,74.64178136816749,96.61311455025414,pobre,basal,0,625.0,432.0,1.0,62.0,8,180,34299,2,1.0
98,1.0,0.0,2.2060001,1.0,3.0,9,74.64178136816749,96.61311455025414,pobre,basal,0,625.0,432.0,1.0,62.0,9,180,34299,2,1.0
97,1.0,0.0,2.2060001,,0.0,9,74.64178136816749,96.61311455025414,pobre,basal,0,625.0,432.0,1.0,62.0,6,180,34300,0,
98,1.0,0.0,2.2060001,1.0,0.0,9,74.64178136816749,96.61311455025414,pobre,basal,0,625.0,432.0,1.0,62.0,7,180,34300,0,
97,1.0,0.0,2.2060001,1.0,2.0,6,74.64178136816749,96.61311455025414,pobre,basal,6,0.0,497.0,1.0,29.0,10,180,34301,2,1.0
98,1.0,0.0,2.2060001,1.0,1.0,6,74.64178136816749,96.61311455025414,pobre,basal,6,0.0,497.0,1.0,29.0,11,180,34301,2,1.0
97,1.0,0.0,2.2060001,1.0,2.0,6,74.64178136816749,96.61311455025414,pobre,basal,6,0.0,497.0,1.0,29.0,7,180,34302,2,1.0
98,1.0,0.0,2.2060001,1.0,1.0,6,74.64178136816749,96.61311455025414,pobre,basal,6,0.0,497.0,1.0,29.0,8,180,34302,2,1.0
97,1.0,0.0,0.97299999,1.0,6.0,8,73.11396693220289,95.08391936905932,pobre,0,3,1250.0,699.0,1.0,49.0,16,195,34303,6,1.0
98,1.0,0.0,0.97299999,,,8,73.11396693220289,95.08391936905932,pobre,0,3,1250.0,699.0,1.0,49.0,17,195,34303,6,1.0
97,1.0,0.0,0.97299999,1.0,8.0,8,73.11396693220289,95.08391936905932,pobre,0,3,1250.0,699.0,1.0,49.0,14,195,34304,8,1.0
98,1.0,0.0,0.97299999,0.0,9.0,8,73.11396693220289,95.08391936905932,pobre,0,3,1250.0,699.0,1.0,49.0,15,195,34304,8,1.0
97,1.0,0.0,0.97299999,1.0,4.0,8,73.11396693220289,95.08391936905932,pobre,0,3,1250.0,699.0,1.0,49.0,10,195,34305,4,1.0
98,1.0,0.0,0.97299999,1.0,5.0,8,73.11396693220289,95.08391936905932,pobre,0,3,1250.0,699.0,1.0,49.0,11,195,34305,4,1.0
97,0.0,0.0,0.97299999,1.0,6.0,8,73.11396693220289,95.08391936905932,pobre,0,3,1250.0,699.0,1.0,49.0,13,195,34306,6,1.0
98,0.0,0.0,0.97299999,1.0,7.0,8,73.11396693220289,95.08391936905932,pobre,0,3,1250.0,699.0,1.0,49.0,14,195,34306,6,1.0
97,0.0,0.0,0.97299999,1.0,4.0,8,73.11396693220289,95.08391936905932,pobre,0,3,1250.0,699.0,1.0,49.0,11,195,34307,4,1.0
98,0.0,0.0,0.97299999,1.0,5.0,8,73.11396693220289,95.08391936905932,pobre,0,3,1250.0,699.0,1.0,49.0,12,195,34307,4,1.0
97,1.0,0.0,0.97299999,0.0,2.0,4,73.11396693220289,95.08391936905932,pobre,0,6,83.333336,721.0,1.0,55.0,15,195,34308,2,0.0
98,1.0,0.0,0.97299999,,,4,73.11396693220289,95.08391936905932,pobre,0,6,83.333336,721.0,1.0,55.0,16,195,34308,2,0.0
97,0.0,0.0,0.97299999,0.0,6.0,10,73.11396693220289,95.08391936905932,pobre,0,3,600.0,678.0,1.0,48.0,16,195,34309,6,0.0
98,0.0,0.0,0.97299999,,,10,73.11396693220289,95.08391936905932,pobre,0,3,600.0,678.0,1.0,48.0,17,195,34309,6,0.0
97,1.0,0.0,0.97299999,0.0,6.0,10,73.11396693220289,95.08391936905932,pobre,0,3,600.0,678.0,1.0,48.0,14,195,34310,6,0.0
98,1.0,0.0,0.97299999,0.0,6.0,10,73.11396693220289,95.08391936905932,pobre,0,3,600.0,678.0,1.0,48.0,15,195,34310,6,0.0
97,1.0,0.0,0.97299999,1.0,5.0,10,73.11396693220289,95.08391936905932,pobre,0,3,600.0,678.0,1.0,48.0,12,195,34311,5,1.0
98,1.0,0.0,0.97299999,1.0,6.0,10,73.11396693220289,95.08391936905932,pobre,0,3,600.0,678.0,1.0,48.0,13,195,34311,5,1.0
97,1.0,0.0,0.97299999,1.0,5.0,10,73.11396693220289,95.08391936905932,pobre,0,3,600.0,678.0,1.0,48.0,10,195,34312,5,1.0
98,1.0,0.0,0.97299999,1.0,6.0,10,73.11396693220289,95.08391936905932,pobre,0,3,600.0,678.0,1.0,48.0,11,195,34312,5,1.0
97,0.0,0.0,0.97299999,1.0,2.0,10,73.11396693220289,95.08391936905932,pobre,0,3,600.0,678.0,1.0,48.0,8,195,34313,2,1.0
98,0.0,0.0,0.97299999,1.0,3.0,10,73.11396693220289,95.08391936905932,pobre,0,3,600.0,678.0,1.0,48.0,9,195,34313,2,1.0
97,1.0,0.0,2.2060001,1.0,4.0,7,74.64178136816749,96.61311455025414,pobre,basal,4,400.0,599.5,1.0,37.0,11,180,34314,4,1.0
98,1.0,0.0,2.2060001,1.0,5.0,7,74.64178136816749,96.61311455025414,pobre,basal,4,400.0,599.5,1.0,37.0,12,180,34314,4,1.0
97,0.0,0.0,2.2060001,1.0,3.0,7,74.64178136816749,96.61311455025414,pobre,basal,4,400.0,599.5,1.0,37.0,9,180,34315,3,1.0
98,0.0,0.0,2.2060001,1.0,4.0,7,74.64178136816749,96.61311455025414,pobre,basal,4,400.0,599.5,1.0,37.0,10,180,34315,3,1.0
97,0.0,0.0,2.2060001,1.0,1.0,7,74.64178136816749,96.61311455025414,pobre,basal,4,400.0,599.5,1.0,37.0,6,180,34316,1,1.0
98,0.0,0.0,2.2060001,1.0,2.0,7,74.64178136816749,96.61311455025414,pobre,basal,4,400.0,599.5,1.0,37.0,7,180,34316,1,1.0
97,1.0,0.0,2.2060001,0.0,8.0,7,74.64178136816749,96.61311455025414,pobre,basal,2,625.0,650.5,1.0,35.0,16,180,34317,8,0.0
98,1.0,0.0,2.2060001,,,7,74.64178136816749,96.61311455025414,pobre,basal,2,625.0,650.5,1.0,35.0,17,180,34317,8,0.0
97,1.0,0.0,2.2060001,0.0,6.0,7,74.64178136816749,96.61311455025414,pobre,basal,2,625.0,650.5,1.0,35.0,13,180,34318,6,0.0
98,1.0,0.0,2.2060001,0.0,6.0,7,74.64178136816749,96.61311455025414,pobre,basal,2,625.0,650.5,1.0,35.0,14,180,34318,6,0.0
97,0.0,0.0,2.2060001,1.0,5.0,7,74.64178136816749,96.61311455025414,pobre,basal,2,625.0,650.5,1.0,35.0,12,180,34319,5,1.0
98,0.0,0.0,2.2060001,1.0,6.0,7,74.64178136816749,96.61311455025414,pobre,basal,2,625.0,650.5,1.0,35.0,13,180,34319,5,1.0
97,1.0,0.0,2.2060001,1.0,3.0,7,74.64178136816749,96.61311455025414,pobre,basal,2,625.0,650.5,1.0,35.0,9,180,34320,3,1.0
98,1.0,0.0,2.2060001,1.0,3.0,7,74.64178136816749,96.61311455025414,pobre,basal,2,625.0,650.5,1.0,35.0,10,180,34320,3,1.0
97,1.0,0.0,2.2060001,1.0,6.0,3,74.64178136816749,96.61311455025414,pobre,basal,3,1000.0,775.5,1.0,51.0,13,180,34321,6,1.0
98,1.0,0.0,2.2060001,1.0,7.0,3,74.64178136816749,96.61311455025414,pobre,basal,3,1000.0,775.5,1.0,51.0,14,180,34321,6,1.0
97,0.0,0.0,0.97299999,1.0,9.0,6,73.11396693220289,95.08391936905932,no pobre,0,6,166.66667,741.0,1.0,55.0,15,195,34322,9,1.0
98,0.0,0.0,0.97299999,1.0,10.0,6,73.11396693220289,95.08391936905932,no pobre,0,6,166.66667,741.0,1.0,55.0,16,195,34322,9,1.0
97,1.0,0.0,0.97299999,1.0,5.0,6,73.11396693220289,95.08391936905932,no pobre,0,6,166.66667,741.0,1.0,55.0,12,195,34323,5,1.0
98,1.0,0.0,0.97299999,1.0,6.0,6,73.11396693220289,95.08391936905932,no pobre,0,6,166.66667,741.0,1.0,55.0,13,195,34323,5,1.0
97,0.0,0.0,0.97299999,1.0,8.0,5,73.11396693220289,95.08391936905932,no pobre,0,4,750.0,814.5,1.0,54.0,14,195,34324,8,1.0
98,0.0,0.0,0.97299999,1.0,9.0,5,73.11396693220289,95.08391936905932,no pobre,0,4,750.0,814.5,1.0,54.0,15,195,34324,8,1.0
97,0.0,0.0,0.97299999,1.0,9.0,7,73.11396693220289,95.08391936905932,pobre,0,3,0.0,527.0,1.0,56.0,16,195,34325,9,1.0
98,0.0,0.0,0.97299999,,,7,73.11396693220289,95.08391936905932,pobre,0,3,0.0,527.0,1.0,56.0,17,195,34325,9,1.0
97,1.0,0.0,0.97299999,0.0,6.0,7,73.11396693220289,95.08391936905932,pobre,0,3,0.0,527.0,1.0,56.0,15,195,34326,6,0.0
98,1.0,0.0,0.97299999,0.0,6.0,7,73.11396693220289,95.08391936905932,pobre,0,3,0.0,527.0,1.0,56.0,16,195,34326,6,0.0
97,0.0,0.0,0.97299999,1.0,5.0,7,73.11396693220289,95.08391936905932,pobre,0,3,0.0,527.0,1.0,56.0,10,195,34327,5,1.0
98,0.0,0.0,0.97299999,1.0,6.0,7,73.11396693220289,95.08391936905932,pobre,0,3,0.0,527.0,1.0,56.0,11,195,34327,5,1.0
97,0.0,0.0,0.97299999,1.0,0.0,7,73.11396693220289,95.08391936905932,pobre,0,3,0.0,527.0,1.0,56.0,6,195,34328,0,1.0
98,0.0,0.0,0.97299999,1.0,1.0,7,73.11396693220289,95.08391936905932,pobre,0,3,0.0,527.0,1.0,56.0,7,195,34328,0,1.0
97,0.0,0.0,2.8759999,0.0,6.0,8,76.66766710610354,93.367176627097,pobre,0,2,250.0,382.28571,0.0,47.0,15,167,34329,6,0.0
98,0.0,0.0,2.8759999,0.0,6.0,8,76.66766710610354,93.367176627097,pobre,0,2,250.0,382.28571,0.0,47.0,16,167,34329,6,0.0
97,0.0,0.0,2.8759999,1.0,6.0,8,76.66766710610354,93.367176627097,pobre,0,2,250.0,382.28571,0.0,47.0,13,167,34330,6,1.0
98,0.0,0.0,2.8759999,1.0,6.0,8,76.66766710610354,93.367176627097,pobre,0,2,250.0,382.28571,0.0,47.0,14,167,34330,6,1.0
97,0.0,0.0,2.8759999,1.0,4.0,8,76.66766710610354,93.367176627097,pobre,0,2,250.0,382.28571,0.0,47.0,12,167,34331,4,1.0
98,0.0,0.0,2.8759999,1.0,5.0,8,76.66766710610354,93.367176627097,pobre,0,2,250.0,382.28571,0.0,47.0,13,167,34331,4,1.0
97,1.0,0.0,2.8759999,1.0,2.0,8,76.66766710610354,93.367176627097,pobre,0,2,250.0,382.28571,0.0,47.0,10,167,34332,2,1.0
98,1.0,0.0,2.8759999,1.0,3.0,8,76.66766710610354,93.367176627097,pobre,0,2,250.0,382.28571,0.0,47.0,11,167,34332,2,1.0
97,0.0,0.0,2.8759999,1.0,2.0,8,76.66766710610354,93.367176627097,pobre,0,2,250.0,382.28571,0.0,47.0,8,167,34333,2,1.0
98,0.0,0.0,2.8759999,1.0,3.0,8,76.66766710610354,93.367176627097,pobre,0,2,250.0,382.28571,0.0,47.0,9,167,34333,2,1.0
97,0.0,0.0,2.8759999,1.0,0.0,8,76.66766710610354,93.367176627097,pobre,0,2,250.0,382.28571,0.0,47.0,6,167,34334,0,1.0
98,0.0,0.0,2.8759999,1.0,1.0,8,76.66766710610354,93.367176627097,pobre,0,2,250.0,382.28571,0.0,47.0,7,167,34334,0,1.0
97,0.0,0.0,2.8759999,0.0,3.0,11,76.66766710610354,93.367176627097,pobre,0,6,0.0,255.0,1.0,24.0,15,167,34335,3,0.0
98,0.0,0.0,2.8759999,0.0,4.0,11,76.66766710610354,93.367176627097,pobre,0,6,0.0,255.0,1.0,24.0,16,167,34335,3,0.0
97,0.0,0.0,2.8759999,,0.0,11,76.66766710610354,93.367176627097,pobre,0,6,0.0,255.0,1.0,24.0,9,167,34336,0,
98,0.0,0.0,2.8759999,1.0,1.0,11,76.66766710610354,93.367176627097,pobre,0,6,0.0,255.0,1.0,24.0,10,167,34336,0,
97,1.0,0.0,0.97299999,0.0,6.0,7,73.11396693220289,95.08391936905932,pobre,0,5,680.0,648.5,0.0,32.0,13,195,34337,6,0.0
98,1.0,0.0,0.97299999,0.0,6.0,7,73.11396693220289,95.08391936905932,pobre,0,5,680.0,648.5,0.0,32.0,14,195,34337,6,0.0
97,0.0,0.0,0.97299999,1.0,4.0,7,73.11396693220289,95.08391936905932,pobre,0,5,680.0,648.5,0.0,32.0,11,195,34338,4,1.0
98,0.0,0.0,0.97299999,1.0,5.0,7,73.11396693220289,95.08391936905932,pobre,0,5,680.0,648.5,0.0,32.0,12,195,34338,4,1.0
97,1.0,0.0,2.8759999,0.0,6.0,11,76.66766710610354,93.367176627097,pobre,0,1,2000.0,469.0,1.0,46.0,16,167,34339,6,0.0
98,1.0,0.0,2.8759999,0.0,6.0,11,76.66766710610354,93.367176627097,pobre,0,1,2000.0,469.0,1.0,46.0,17,167,34339,6,0.0
97,0.0,0.0,2.8759999,0.0,4.0,11,76.66766710610354,93.367176627097,pobre,0,1,2000.0,469.0,1.0,46.0,15,167,34340,4,0.0
98,0.0,0.0,2.8759999,0.0,4.0,11,76.66766710610354,93.367176627097,pobre,0,1,2000.0,469.0,1.0,46.0,16,167,34340,4,0.0
97,0.0,0.0,2.8759999,0.0,6.0,11,76.66766710610354,93.367176627097,pobre,0,1,2000.0,469.0,1.0,46.0,13,167,34341,6,0.0
98,0.0,0.0,2.8759999,0.0,6.0,11,76.66766710610354,93.367176627097,pobre,0,1,2000.0,469.0,1.0,46.0,14,167,34341,6,0.0
97,0.0,0.0,2.8759999,1.0,4.0,11,76.66766710610354,93.367176627097,pobre,0,1,2000.0,469.0,1.0,46.0,11,167,34342,4,1.0
98,0.0,0.0,2.8759999,1.0,5.0,11,76.66766710610354,93.367176627097,pobre,0,1,2000.0,469.0,1.0,46.0,12,167,34342,4,1.0
97,1.0,0.0,2.8759999,1.0,3.0,11,76.66766710610354,93.367176627097,pobre,0,1,2000.0,469.0,1.0,46.0,8,167,34343,3,1.0
98,1.0,0.0,2.8759999,1.0,4.0,11,76.66766710610354,93.367176627097,pobre,0,1,2000.0,469.0,1.0,46.0,9,167,34343,3,1.0
97,0.0,0.0,2.8759999,1.0,0.0,11,76.66766710610354,93.367176627097,pobre,0,1,2000.0,469.0,1.0,46.0,7,167,34344,0,1.0
98,0.0,0.0,2.8759999,1.0,1.0,11,76.66766710610354,93.367176627097,pobre,0,1,2000.0,469.0,1.0,46.0,8,167,34344,0,1.0
97,1.0,0.0,2.8759999,1.0,5.0,8,76.66766710610354,93.367176627097,pobre,0,4,0.0,348.0,1.0,35.0,12,167,34345,5,1.0
98,1.0,0.0,2.8759999,0.0,6.0,8,76.66766710610354,93.367176627097,pobre,0,4,0.0,348.0,1.0,35.0,13,167,34345,5,1.0
97,0.0,0.0,2.8759999,1.0,3.0,8,76.66766710610354,93.367176627097,pobre,0,4,0.0,348.0,1.0,35.0,10,167,34346,3,1.0
98,0.0,0.0,2.8759999,1.0,4.0,8,76.66766710610354,93.367176627097,pobre,0,4,0.0,348.0,1.0,35.0,11,167,34346,3,1.0
97,0.0,0.0,2.8759999,1.0,0.0,8,76.66766710610354,93.367176627097,pobre,0,4,0.0,348.0,1.0,35.0,7,167,34347,0,1.0
98,0.0,0.0,2.8759999,1.0,1.0,8,76.66766710610354,93.367176627097,pobre,0,4,0.0,348.0,1.0,35.0,8,167,34347,0,1.0
97,0.0,0.0,2.5020001,1.0,3.0,8,142.608663919852,142.608663919852,pobre,basal,2,1250.0,473.0,1.0,37.0,10,170,34348,3,1.0
98,0.0,0.0,2.5020001,1.0,3.0,8,142.608663919852,142.608663919852,pobre,basal,2,1250.0,473.0,1.0,37.0,11,170,34348,3,1.0
97,0.0,0.0,2.5020001,1.0,0.0,8,142.608663919852,142.608663919852,pobre,basal,2,1250.0,473.0,1.0,37.0,7,170,34349,0,1.0
98,0.0,0.0,2.5020001,1.0,2.0,8,142.608663919852,142.608663919852,pobre,basal,2,1250.0,473.0,1.0,37.0,8,170,34349,0,1.0
97,1.0,1.0,4.427,1.0,6.0,8,156.9873323468145,265.1029544901215,pobre,basal,0,500.0,717.0,1.0,70.0,12,460,34350,6,1.0
98,1.0,1.0,4.427,,,8,156.9873323468145,265.1029544901215,pobre,basal,0,500.0,717.0,1.0,70.0,13,460,34350,6,1.0
97,1.0,1.0,4.427,1.0,4.0,8,156.9873323468145,265.1029544901215,pobre,basal,0,500.0,717.0,1.0,70.0,11,460,34351,4,1.0
98,1.0,1.0,4.427,,,8,156.9873323468145,265.1029544901215,pobre,basal,0,500.0,717.0,1.0,70.0,12,460,34351,4,1.0
97,1.0,1.0,4.427,1.0,3.0,8,156.9873323468145,265.1029544901215,pobre,basal,0,500.0,717.0,1.0,70.0,10,460,34352,3,1.0
98,1.0,1.0,4.427,1.0,4.0,8,156.9873323468145,265.1029544901215,pobre,basal,0,500.0,717.0,1.0,70.0,11,460,34352,3,1.0
97,0.0,1.0,4.427,1.0,1.0,8,156.9873323468145,265.1029544901215,pobre,basal,0,500.0,717.0,1.0,70.0,8,460,34353,1,1.0
98,0.0,1.0,4.427,1.0,1.0,8,156.9873323468145,265.1029544901215,pobre,basal,0,500.0,717.0,1.0,70.0,9,460,34353,1,1.0
97,1.0,1.0,4.427,1.0,7.0,6,156.9873323468145,265.1029544901215,pobre,basal,3,500.0,840.5,1.0,62.0,15,460,34354,7,1.0
98,1.0,1.0,4.427,1.0,9.0,6,156.9873323468145,265.1029544901215,pobre,basal,3,500.0,840.5,1.0,62.0,16,460,34354,7,1.0
97,1.0,1.0,4.427,1.0,3.0,7,156.9873323468145,265.1029544901215,pobre,basal,0,500.0,778.5,1.0,51.0,12,460,34355,3,1.0
98,1.0,1.0,4.427,1.0,4.0,7,156.9873323468145,265.1029544901215,pobre,basal,0,500.0,778.5,1.0,51.0,13,460,34355,3,1.0
97,1.0,1.0,4.427,1.0,2.0,7,156.9873323468145,265.1029544901215,pobre,basal,0,500.0,778.5,1.0,51.0,10,460,34356,2,1.0
98,1.0,1.0,4.427,1.0,3.0,7,156.9873323468145,265.1029544901215,pobre,basal,0,500.0,778.5,1.0,51.0,11,460,34356,2,1.0
97,0.0,1.0,4.427,1.0,7.0,4,156.9873323468145,265.1029544901215,pobre,basal,6,500.0,796.0,1.0,40.0,14,460,34357,7,1.0
98,0.0,1.0,4.427,1.0,8.0,4,156.9873323468145,265.1029544901215,pobre,basal,6,500.0,796.0,1.0,40.0,15,460,34357,7,1.0
97,1.0,1.0,4.427,1.0,0.0,4,156.9873323468145,265.1029544901215,pobre,basal,6,500.0,796.0,1.0,40.0,6,460,34358,0,1.0
98,1.0,1.0,4.427,1.0,1.0,4,156.9873323468145,265.1029544901215,pobre,basal,6,500.0,796.0,1.0,40.0,7,460,34358,0,1.0
97,0.0,1.0,4.427,1.0,8.0,5,156.9873323468145,265.1029544901215,pobre,basal,10,500.0,737.0,1.0,51.0,14,460,34359,8,1.0
98,0.0,1.0,4.427,1.0,8.0,5,156.9873323468145,265.1029544901215,pobre,basal,10,500.0,737.0,1.0,51.0,15,460,34359,8,1.0
97,0.0,1.0,4.427,1.0,5.0,5,156.9873323468145,265.1029544901215,pobre,basal,10,500.0,737.0,1.0,51.0,12,460,34360,5,1.0
98,0.0,1.0,4.427,1.0,6.0,5,156.9873323468145,265.1029544901215,pobre,basal,10,500.0,737.0,1.0,51.0,13,460,34360,5,1.0
97,0.0,1.0,0.0,1.0,9.0,10,164.1265393410777,261.5337637035205,pobre,0,2,500.0,818.0,1.0,53.0,16,464,34361,9,1.0
98,0.0,1.0,0.0,,,10,164.1265393410777,261.5337637035205,pobre,0,2,500.0,818.0,1.0,53.0,17,464,34361,9,1.0
97,0.0,1.0,0.0,1.0,8.0,10,164.1265393410777,261.5337637035205,pobre,0,2,500.0,818.0,1.0,53.0,15,464,34362,8,1.0
98,0.0,1.0,0.0,0.0,9.0,10,164.1265393410777,261.5337637035205,pobre,0,2,500.0,818.0,1.0,53.0,16,464,34362,8,1.0
97,0.0,1.0,0.0,1.0,4.0,10,164.1265393410777,261.5337637035205,pobre,0,2,500.0,818.0,1.0,53.0,10,464,34363,4,1.0
98,0.0,1.0,0.0,1.0,5.0,10,164.1265393410777,261.5337637035205,pobre,0,2,500.0,818.0,1.0,53.0,11,464,34363,4,1.0
97,1.0,0.0,0.0,1.0,6.0,7,164.1265393410777,261.5337637035205,pobre,0,3,625.0,655.5,1.0,51.0,12,464,34364,6,1.0
98,1.0,0.0,0.0,,7.0,7,164.1265393410777,261.5337637035205,pobre,0,3,625.0,655.5,1.0,51.0,13,464,34364,6,1.0
97,1.0,0.0,0.0,1.0,4.0,7,164.1265393410777,261.5337637035205,pobre,0,3,625.0,655.5,1.0,51.0,10,464,34365,4,1.0
98,1.0,0.0,0.0,1.0,5.0,7,164.1265393410777,261.5337637035205,pobre,0,3,625.0,655.5,1.0,51.0,11,464,34365,4,1.0
97,0.0,0.0,0.0,1.0,2.0,7,164.1265393410777,261.5337637035205,pobre,0,3,625.0,655.5,1.0,51.0,8,464,34366,2,1.0
98,0.0,0.0,0.0,1.0,3.0,7,164.1265393410777,261.5337637035205,pobre,0,3,625.0,655.5,1.0,51.0,9,464,34366,2,1.0
97,0.0,1.0,0.0,1.0,6.0,6,164.1265393410777,261.5337637035205,pobre,0,0,625.0,754.33099,1.0,62.0,13,464,34367,6,1.0
98,0.0,1.0,0.0,1.0,7.0,6,164.1265393410777,261.5337637035205,pobre,0,0,625.0,754.33099,1.0,62.0,14,464,34367,6,1.0
97,1.0,1.0,0.0,1.0,4.0,6,164.1265393410777,261.5337637035205,pobre,0,0,625.0,754.33099,1.0,62.0,11,464,34368,4,1.0
98,1.0,1.0,0.0,,,6,164.1265393410777,261.5337637035205,pobre,0,0,625.0,754.33099,1.0,62.0,12,464,34368,4,1.0
97,1.0,1.0,0.0,,0.0,6,164.1265393410777,261.5337637035205,pobre,0,0,625.0,754.33099,1.0,62.0,7,464,34369,0,
98,1.0,1.0,0.0,1.0,1.0,6,164.1265393410777,261.5337637035205,pobre,0,0,625.0,754.33099,1.0,62.0,8,464,34369,0,
97,1.0,0.0,0.0,1.0,7.0,8,164.1265393410777,261.5337637035205,pobre,0,4,6250.0,544.0,1.0,37.0,13,464,34370,7,1.0
98,1.0,0.0,0.0,1.0,8.0,8,164.1265393410777,261.5337637035205,pobre,0,4,6250.0,544.0,1.0,37.0,14,464,34370,7,1.0
97,1.0,0.0,0.0,1.0,5.0,8,164.1265393410777,261.5337637035205,pobre,0,4,6250.0,544.0,1.0,37.0,11,464,34371,5,1.0
98,1.0,0.0,0.0,1.0,6.0,8,164.1265393410777,261.5337637035205,pobre,0,4,6250.0,544.0,1.0,37.0,12,464,34371,5,1.0
97,1.0,0.0,0.0,1.0,3.0,8,164.1265393410777,261.5337637035205,pobre,0,4,6250.0,544.0,1.0,37.0,9,464,34372,3,1.0
98,1.0,0.0,0.0,1.0,4.0,8,164.1265393410777,261.5337637035205,pobre,0,4,6250.0,544.0,1.0,37.0,10,464,34372,3,1.0
97,1.0,0.0,0.0,1.0,1.0,8,164.1265393410777,261.5337637035205,pobre,0,4,6250.0,544.0,1.0,37.0,7,464,34373,1,1.0
98,1.0,0.0,0.0,1.0,2.0,8,164.1265393410777,261.5337637035205,pobre,0,4,6250.0,544.0,1.0,37.0,8,464,34373,1,1.0
97,1.0,0.0,0.0,1.0,4.0,5,164.1265393410777,261.5337637035205,pobre,0,6,625.0,794.5,0.0,44.0,11,464,34374,4,1.0
98,1.0,0.0,0.0,,,5,164.1265393410777,261.5337637035205,pobre,0,6,625.0,794.5,0.0,44.0,12,464,34374,4,1.0
97,0.0,0.0,0.0,1.0,0.0,5,164.1265393410777,261.5337637035205,pobre,0,6,625.0,794.5,0.0,44.0,6,464,34375,0,1.0
98,0.0,0.0,0.0,1.0,1.0,5,164.1265393410777,261.5337637035205,pobre,0,6,625.0,794.5,0.0,44.0,7,464,34375,0,1.0
97,0.0,0.0,0.0,1.0,10.0,9,164.1265393410777,261.5337637035205,pobre,0,3,750.0,802.0,1.0,48.0,16,464,34376,10,1.0
98,0.0,0.0,0.0,,,9,164.1265393410777,261.5337637035205,pobre,0,3,750.0,802.0,1.0,48.0,17,464,34376,10,1.0
97,1.0,0.0,0.0,1.0,8.0,9,164.1265393410777,261.5337637035205,pobre,0,3,750.0,802.0,1.0,48.0,14,464,34377,8,1.0
98,1.0,0.0,0.0,1.0,9.0,9,164.1265393410777,261.5337637035205,pobre,0,3,750.0,802.0,1.0,48.0,15,464,34377,8,1.0
97,0.0,0.0,0.0,1.0,5.0,9,164.1265393410777,261.5337637035205,pobre,0,3,750.0,802.0,1.0,48.0,11,464,34378,5,1.0
98,0.0,0.0,0.0,1.0,6.0,9,164.1265393410777,261.5337637035205,pobre,0,3,750.0,802.0,1.0,48.0,12,464,34378,5,1.0
97,0.0,0.0,0.0,1.0,3.0,9,164.1265393410777,261.5337637035205,pobre,0,3,750.0,802.0,1.0,48.0,9,464,34379,3,1.0
98,0.0,0.0,0.0,1.0,4.0,9,164.1265393410777,261.5337637035205,pobre,0,3,750.0,802.0,1.0,48.0,10,464,34379,3,1.0
97,1.0,1.0,0.0,1.0,1.0,8,164.1265393410777,261.5337637035205,pobre,0,0,625.0,898.0,1.0,70.0,8,464,34380,1,1.0
98,1.0,1.0,0.0,1.0,2.0,8,164.1265393410777,261.5337637035205,pobre,0,0,625.0,898.0,1.0,70.0,9,464,34380,1,1.0
97,1.0,1.0,0.0,1.0,0.0,8,164.1265393410777,261.5337637035205,pobre,0,0,625.0,898.0,1.0,70.0,6,464,34381,0,1.0
98,1.0,1.0,0.0,1.0,0.0,8,164.1265393410777,261.5337637035205,pobre,0,0,625.0,898.0,1.0,70.0,7,464,34381,0,1.0
97,1.0,1.0,0.0,1.0,7.0,5,164.1265393410777,261.5337637035205,pobre,0,3,625.0,753.5,1.0,55.0,14,464,34382,7,1.0
98,1.0,1.0,0.0,1.0,7.0,5,164.1265393410777,261.5337637035205,pobre,0,3,625.0,753.5,1.0,55.0,15,464,34382,7,1.0
97,0.0,1.0,0.0,1.0,5.0,5,164.1265393410777,261.5337637035205,pobre,0,3,625.0,753.5,1.0,55.0,11,464,34383,5,1.0
98,0.0,1.0,0.0,1.0,6.0,5,164.1265393410777,261.5337637035205,pobre,0,3,625.0,753.5,1.0,55.0,12,464,34383,5,1.0
97,0.0,1.0,0.0,1.0,2.0,5,164.1265393410777,261.5337637035205,pobre,0,3,625.0,753.5,1.0,55.0,8,464,34384,2,1.0
98,0.0,1.0,0.0,1.0,3.0,5,164.1265393410777,261.5337637035205,pobre,0,3,625.0,753.5,1.0,55.0,9,464,34384,2,1.0
97,1.0,1.0,0.0,0.0,3.0,10,164.1265393410777,261.5337637035205,pobre,0,4,625.0,698.0,1.0,46.0,16,464,34385,3,0.0
98,1.0,1.0,0.0,,,10,164.1265393410777,261.5337637035205,pobre,0,4,625.0,698.0,1.0,46.0,17,464,34385,3,0.0
97,0.0,1.0,0.0,1.0,8.0,10,164.1265393410777,261.5337637035205,pobre,0,4,625.0,698.0,1.0,46.0,14,464,34386,8,1.0
98,0.0,1.0,0.0,0.0,9.0,10,164.1265393410777,261.5337637035205,pobre,0,4,625.0,698.0,1.0,46.0,15,464,34386,8,1.0
97,0.0,1.0,0.0,1.0,6.0,10,164.1265393410777,261.5337637035205,pobre,0,4,625.0,698.0,1.0,46.0,12,464,34387,6,1.0
98,0.0,1.0,0.0,1.0,6.0,10,164.1265393410777,261.5337637035205,pobre,0,4,625.0,698.0,1.0,46.0,13,464,34387,6,1.0
97,1.0,1.0,0.0,1.0,4.0,10,164.1265393410777,261.5337637035205,pobre,0,4,625.0,698.0,1.0,46.0,10,464,34388,4,1.0
98,1.0,1.0,0.0,1.0,5.0,10,164.1265393410777,261.5337637035205,pobre,0,4,625.0,698.0,1.0,46.0,11,464,34388,4,1.0
97,1.0,1.0,0.0,1.0,1.0,10,164.1265393410777,261.5337637035205,pobre,0,4,625.0,698.0,1.0,46.0,8,464,34389,1,1.0
98,1.0,1.0,0.0,1.0,2.0,10,164.1265393410777,261.5337637035205,pobre,0,4,625.0,698.0,1.0,46.0,9,464,34389,1,1.0
97,1.0,1.0,3.0439999,1.0,2.0,6,162.0278080249973,264.1598546067176,pobre,0,6,625.0,493.0,1.0,32.0,10,466,34390,2,1.0
98,1.0,1.0,3.0439999,1.0,3.0,6,162.0278080249973,264.1598546067176,pobre,0,6,625.0,493.0,1.0,32.0,11,466,34390,2,1.0
97,0.0,1.0,3.0439999,1.0,1.0,6,162.0278080249973,264.1598546067176,pobre,0,6,625.0,493.0,1.0,32.0,7,466,34391,1,1.0
98,0.0,1.0,3.0439999,1.0,2.0,6,162.0278080249973,264.1598546067176,pobre,0,6,625.0,493.0,1.0,32.0,8,466,34391,1,1.0
97,1.0,1.0,3.0439999,0.0,2.0,9,162.0278080249973,264.1598546067176,pobre,0,2,625.0,607.75,1.0,48.0,15,466,34392,2,0.0
98,1.0,1.0,3.0439999,,,9,162.0278080249973,264.1598546067176,pobre,0,2,625.0,607.75,1.0,48.0,16,466,34392,2,0.0
97,0.0,1.0,3.0439999,1.0,6.0,9,162.0278080249973,264.1598546067176,pobre,0,2,625.0,607.75,1.0,48.0,12,466,34393,6,1.0
98,0.0,1.0,3.0439999,1.0,7.0,9,162.0278080249973,264.1598546067176,pobre,0,2,625.0,607.75,1.0,48.0,13,466,34393,6,1.0
97,1.0,1.0,3.0439999,1.0,1.0,9,162.0278080249973,264.1598546067176,pobre,0,2,625.0,607.75,1.0,48.0,9,466,34394,1,1.0
98,1.0,1.0,3.0439999,1.0,2.0,9,162.0278080249973,264.1598546067176,pobre,0,2,625.0,607.75,1.0,48.0,10,466,34394,1,1.0
97,1.0,0.0,0.289,1.0,8.0,5,149.2095000992339,244.7946251690846,pobre,0,13,2600.0,779.0,1.0,39.0,13,463,34395,8,1.0
98,1.0,0.0,0.289,1.0,8.0,5,149.2095000992339,244.7946251690846,pobre,0,13,2600.0,779.0,1.0,39.0,14,463,34395,8,1.0
97,1.0,0.0,0.289,1.0,2.0,5,149.2095000992339,244.7946251690846,pobre,0,13,2600.0,779.0,1.0,39.0,8,463,34396,2,1.0
98,1.0,0.0,0.289,1.0,3.0,5,149.2095000992339,244.7946251690846,pobre,0,13,2600.0,779.0,1.0,39.0,9,463,34396,2,1.0
97,1.0,1.0,0.289,1.0,5.0,5,149.2095000992339,244.7946251690846,pobre,0,2,0.0,842.0,0.0,62.0,11,463,34397,5,1.0
98,1.0,1.0,0.289,1.0,6.0,5,149.2095000992339,244.7946251690846,pobre,0,2,0.0,842.0,0.0,62.0,12,463,34397,5,1.0
97,1.0,0.0,0.289,1.0,8.0,6,149.2095000992339,244.7946251690846,pobre,0,2,0.0,796.0,1.0,49.0,16,463,34398,8,1.0
98,1.0,0.0,0.289,,,6,149.2095000992339,244.7946251690846,pobre,0,2,0.0,796.0,1.0,49.0,17,463,34398,8,1.0
97,0.0,0.0,0.289,1.0,6.0,6,149.2095000992339,244.7946251690846,pobre,0,2,0.0,796.0,1.0,49.0,15,463,34399,6,1.0
98,0.0,0.0,0.289,1.0,7.0,6,149.2095000992339,244.7946251690846,pobre,0,2,0.0,796.0,1.0,49.0,16,463,34399,6,1.0
97,1.0,0.0,0.289,1.0,4.0,6,149.2095000992339,244.7946251690846,pobre,0,2,0.0,796.0,1.0,49.0,11,463,34400,4,1.0
98,1.0,0.0,0.289,1.0,5.0,6,149.2095000992339,244.7946251690846,pobre,0,2,0.0,796.0,1.0,49.0,12,463,34400,4,1.0
97,0.0,0.0,0.289,1.0,1.0,6,149.2095000992339,244.7946251690846,pobre,0,2,0.0,796.0,1.0,49.0,9,463,34401,1,1.0
98,0.0,0.0,0.289,1.0,2.0,6,149.2095000992339,244.7946251690846,pobre,0,2,0.0,796.0,1.0,49.0,10,463,34401,1,1.0
97,0.0,0.0,0.289,1.0,3.0,7,149.2095000992339,244.7946251690846,pobre,0,0,0.0,807.0,1.0,58.0,12,463,34402,3,1.0
98,0.0,0.0,0.289,1.0,4.0,7,149.2095000992339,244.7946251690846,pobre,0,0,0.0,807.0,1.0,58.0,13,463,34402,3,1.0
97,0.0,0.0,0.289,1.0,1.0,7,149.2095000992339,244.7946251690846,pobre,0,0,0.0,807.0,1.0,58.0,7,463,34403,1,1.0
98,0.0,0.0,0.289,1.0,2.0,7,149.2095000992339,244.7946251690846,pobre,0,0,0.0,807.0,1.0,58.0,8,463,34403,1,1.0
97,1.0,0.0,0.289,1.0,7.0,5,149.2095000992339,244.7946251690846,pobre,0,3,625.0,738.0,1.0,51.0,14,463,34404,7,1.0
98,1.0,0.0,0.289,1.0,8.0,5,149.2095000992339,244.7946251690846,pobre,0,3,625.0,738.0,1.0,51.0,15,463,34404,7,1.0
97,1.0,0.0,0.289,1.0,5.0,5,149.2095000992339,244.7946251690846,pobre,0,3,625.0,738.0,1.0,51.0,10,463,34405,5,1.0
98,1.0,0.0,0.289,1.0,6.0,5,149.2095000992339,244.7946251690846,pobre,0,3,625.0,738.0,1.0,51.0,11,463,34405,5,1.0
97,1.0,0.0,0.289,1.0,5.0,7,149.2095000992339,244.7946251690846,pobre,0,3,625.0,710.5,1.0,53.0,12,463,34406,5,1.0
98,1.0,0.0,0.289,0.0,6.0,7,149.2095000992339,244.7946251690846,pobre,0,3,625.0,710.5,1.0,53.0,13,463,34406,5,1.0
97,1.0,1.0,0.289,1.0,4.0,4,149.2095000992339,244.7946251690846,pobre,0,3,625.0,805.0,1.0,37.0,12,463,34407,4,1.0
98,1.0,1.0,0.289,1.0,5.0,4,149.2095000992339,244.7946251690846,pobre,0,3,625.0,805.0,1.0,37.0,13,463,34407,4,1.0
97,1.0,0.0,0.289,0.0,7.0,6,149.2095000992339,244.7946251690846,pobre,0,2,0.0,667.0,1.0,40.0,16,463,34408,7,0.0
98,1.0,0.0,0.289,,,6,149.2095000992339,244.7946251690846,pobre,0,2,0.0,667.0,1.0,40.0,17,463,34408,7,0.0
97,1.0,0.0,0.289,1.0,3.0,6,149.2095000992339,244.7946251690846,pobre,0,2,0.0,667.0,1.0,40.0,12,463,34409,3,1.0
98,1.0,0.0,0.289,,,6,149.2095000992339,244.7946251690846,pobre,0,2,0.0,667.0,1.0,40.0,13,463,34409,3,1.0
97,0.0,1.0,0.0,,0.0,11,164.1265393410777,261.5337637035205,pobre,0,6,2000.0,676.5,1.0,43.0,16,464,34410,0,
98,0.0,1.0,0.0,,,11,164.1265393410777,261.5337637035205,pobre,0,6,2000.0,676.5,1.0,43.0,17,464,34410,0,
97,0.0,1.0,0.0,0.0,6.0,11,164.1265393410777,261.5337637035205,pobre,0,6,2000.0,676.5,1.0,43.0,13,464,34411,6,0.0
98,0.0,1.0,0.0,,,11,164.1265393410777,261.5337637035205,pobre,0,6,2000.0,676.5,1.0,43.0,14,464,34411,6,0.0
97,1.0,1.0,0.0,1.0,5.0,11,164.1265393410777,261.5337637035205,pobre,0,6,2000.0,676.5,1.0,43.0,12,464,34412,5,1.0
98,1.0,1.0,0.0,,,11,164.1265393410777,261.5337637035205,pobre,0,6,2000.0,676.5,1.0,43.0,13,464,34412,5,1.0
97,1.0,1.0,0.0,1.0,3.0,11,164.1265393410777,261.5337637035205,pobre,0,6,2000.0,676.5,1.0,43.0,10,464,34413,3,1.0
98,1.0,1.0,0.0,,,11,164.1265393410777,261.5337637035205,pobre,0,6,2000.0,676.5,1.0,43.0,11,464,34413,3,1.0
97,0.0,1.0,0.0,1.0,2.0,11,164.1265393410777,261.5337637035205,pobre,0,6,2000.0,676.5,1.0,43.0,8,464,34414,2,1.0
98,0.0,1.0,0.0,,,11,164.1265393410777,261.5337637035205,pobre,0,6,2000.0,676.5,1.0,43.0,9,464,34414,2,1.0
97,0.0,0.0,0.0,1.0,0.0,11,164.1265393410777,261.5337637035205,pobre,0,6,2000.0,676.5,1.0,43.0,6,464,34415,0,1.0
98,0.0,0.0,0.0,,,11,164.1265393410777,261.5337637035205,pobre,0,6,2000.0,676.5,1.0,43.0,7,464,34415,0,1.0
97,1.0,1.0,0.0,1.0,7.0,6,164.1265393410777,261.5337637035205,pobre,0,2,625.0,788.0,1.0,57.0,13,464,34416,7,1.0
98,1.0,1.0,0.0,1.0,8.0,6,164.1265393410777,261.5337637035205,pobre,0,2,625.0,788.0,1.0,57.0,14,464,34416,7,1.0
97,0.0,1.0,0.0,1.0,4.0,6,164.1265393410777,261.5337637035205,pobre,0,2,625.0,788.0,1.0,57.0,10,464,34417,4,1.0
98,0.0,1.0,0.0,1.0,5.0,6,164.1265393410777,261.5337637035205,pobre,0,2,625.0,788.0,1.0,57.0,11,464,34417,4,1.0
97,1.0,1.0,0.0,1.0,6.0,13,164.1265393410777,261.5337637035205,pobre,0,4,0.0,894.5,1.0,45.0,16,464,34418,6,1.0
98,1.0,1.0,0.0,,,13,164.1265393410777,261.5337637035205,pobre,0,4,0.0,894.5,1.0,45.0,17,464,34418,6,1.0
97,0.0,1.0,0.0,1.0,8.0,13,164.1265393410777,261.5337637035205,pobre,0,4,0.0,894.5,1.0,45.0,14,464,34419,8,1.0
98,0.0,1.0,0.0,0.0,9.0,13,164.1265393410777,261.5337637035205,pobre,0,4,0.0,894.5,1.0,45.0,15,464,34419,8,1.0
97,1.0,1.0,0.0,1.0,4.0,13,164.1265393410777,261.5337637035205,pobre,0,4,0.0,894.5,1.0,45.0,12,464,34420,4,1.0
98,1.0,1.0,0.0,1.0,5.0,13,164.1265393410777,261.5337637035205,pobre,0,4,0.0,894.5,1.0,45.0,13,464,34420,4,1.0
97,0.0,1.0,0.0,1.0,3.0,13,164.1265393410777,261.5337637035205,pobre,0,4,0.0,894.5,1.0,45.0,9,464,34421,3,1.0
98,0.0,1.0,0.0,1.0,4.0,13,164.1265393410777,261.5337637035205,pobre,0,4,0.0,894.5,1.0,45.0,10,464,34421,3,1.0
97,1.0,1.0,0.0,1.0,2.0,13,164.1265393410777,261.5337637035205,pobre,0,4,0.0,894.5,1.0,45.0,7,464,34422,2,1.0
98,1.0,1.0,0.0,1.0,2.0,13,164.1265393410777,261.5337637035205,pobre,0,4,0.0,894.5,1.0,45.0,8,464,34422,2,1.0
97,1.0,1.0,0.0,,0.0,13,164.1265393410777,261.5337637035205,pobre,0,4,0.0,894.5,1.0,45.0,6,464,34423,0,
98,1.0,1.0,0.0,1.0,1.0,13,164.1265393410777,261.5337637035205,pobre,0,4,0.0,894.5,1.0,45.0,7,464,34423,0,
97,0.0,1.0,0.0,1.0,4.0,7,164.1265393410777,261.5337637035205,pobre,0,3,0.0,760.5,1.0,39.0,11,464,34424,4,1.0
98,0.0,1.0,0.0,1.0,5.0,7,164.1265393410777,261.5337637035205,pobre,0,3,0.0,760.5,1.0,39.0,12,464,34424,4,1.0
97,1.0,1.0,0.0,1.0,0.0,7,164.1265393410777,261.5337637035205,pobre,0,3,0.0,760.5,1.0,39.0,7,464,34425,0,1.0
98,1.0,1.0,0.0,1.0,1.0,7,164.1265393410777,261.5337637035205,pobre,0,3,0.0,760.5,1.0,39.0,8,464,34425,0,1.0
97,1.0,0.0,0.0,1.0,7.0,3,164.1265393410777,261.5337637035205,pobre,0,9,625.0,810.0,1.0,23.0,13,464,34426,7,1.0
98,1.0,0.0,0.0,1.0,8.0,3,164.1265393410777,261.5337637035205,pobre,0,9,625.0,810.0,1.0,23.0,14,464,34426,7,1.0
97,0.0,1.0,0.0,1.0,4.0,4,164.1265393410777,261.5337637035205,pobre,0,2,625.0,747.03998,1.0,50.0,10,464,34427,4,1.0
98,0.0,1.0,0.0,1.0,5.0,4,164.1265393410777,261.5337637035205,pobre,0,2,625.0,747.03998,1.0,50.0,11,464,34427,4,1.0
97,1.0,1.0,0.0,1.0,2.0,4,164.1265393410777,261.5337637035205,pobre,0,2,625.0,747.03998,1.0,50.0,8,464,34428,2,1.0
98,1.0,1.0,0.0,1.0,3.0,4,164.1265393410777,261.5337637035205,pobre,0,2,625.0,747.03998,1.0,50.0,9,464,34428,2,1.0
97,1.0,1.0,0.0,0.0,5.0,9,164.1265393410777,261.5337637035205,pobre,0,2,625.0,733.5,1.0,44.0,16,464,34429,5,0.0
98,1.0,1.0,0.0,,,9,164.1265393410777,261.5337637035205,pobre,0,2,625.0,733.5,1.0,44.0,17,464,34429,5,0.0
97,1.0,1.0,0.0,1.0,5.0,9,164.1265393410777,261.5337637035205,pobre,0,2,625.0,733.5,1.0,44.0,15,464,34430,5,1.0
98,1.0,1.0,0.0,0.0,6.0,9,164.1265393410777,261.5337637035205,pobre,0,2,625.0,733.5,1.0,44.0,16,464,34430,5,1.0
97,0.0,1.0,0.0,1.0,4.0,9,164.1265393410777,261.5337637035205,pobre,0,2,625.0,733.5,1.0,44.0,11,464,34431,4,1.0
98,0.0,1.0,0.0,1.0,5.0,9,164.1265393410777,261.5337637035205,pobre,0,2,625.0,733.5,1.0,44.0,12,464,34431,4,1.0
97,1.0,1.0,0.0,1.0,3.0,9,164.1265393410777,261.5337637035205,pobre,0,2,625.0,733.5,1.0,44.0,9,464,34432,3,1.0
98,1.0,1.0,0.0,1.0,4.0,9,164.1265393410777,261.5337637035205,pobre,0,2,625.0,733.5,1.0,44.0,10,464,34432,3,1.0
97,0.0,1.0,0.0,1.0,0.0,9,164.1265393410777,261.5337637035205,pobre,0,2,625.0,733.5,1.0,44.0,7,464,34433,0,1.0
98,0.0,1.0,0.0,1.0,1.0,9,164.1265393410777,261.5337637035205,pobre,0,2,625.0,733.5,1.0,44.0,8,464,34433,0,1.0
97,1.0,1.0,0.0,1.0,8.0,7,164.1265393410777,261.5337637035205,pobre,0,3,625.0,767.0,1.0,49.0,16,464,34434,8,1.0
98,1.0,1.0,0.0,,,7,164.1265393410777,261.5337637035205,pobre,0,3,625.0,767.0,1.0,49.0,17,464,34434,8,1.0
97,1.0,1.0,0.0,1.0,3.0,7,164.1265393410777,261.5337637035205,pobre,0,3,625.0,767.0,1.0,49.0,14,464,34435,3,1.0
98,1.0,1.0,0.0,1.0,4.0,7,164.1265393410777,261.5337637035205,pobre,0,3,625.0,767.0,1.0,49.0,15,464,34435,3,1.0
97,0.0,1.0,0.0,1.0,6.0,7,164.1265393410777,261.5337637035205,pobre,0,3,625.0,767.0,1.0,49.0,12,464,34436,6,1.0
98,0.0,1.0,0.0,1.0,7.0,7,164.1265393410777,261.5337637035205,pobre,0,3,625.0,767.0,1.0,49.0,13,464,34436,6,1.0
97,1.0,1.0,0.0,1.0,3.0,7,164.1265393410777,261.5337637035205,pobre,0,3,625.0,767.0,1.0,49.0,10,464,34437,3,1.0
98,1.0,1.0,0.0,1.0,4.0,7,164.1265393410777,261.5337637035205,pobre,0,3,625.0,767.0,1.0,49.0,11,464,34437,3,1.0
97,1.0,1.0,0.0,1.0,1.0,7,164.1265393410777,261.5337637035205,pobre,0,3,625.0,767.0,1.0,49.0,8,464,34438,1,1.0
98,1.0,1.0,0.0,1.0,1.0,7,164.1265393410777,261.5337637035205,pobre,0,3,625.0,767.0,1.0,49.0,9,464,34438,1,1.0
97,0.0,1.0,0.0,1.0,5.0,5,164.1265393410777,261.5337637035205,pobre,0,0,625.0,550.0,1.0,44.0,13,464,34439,5,1.0
98,0.0,1.0,0.0,0.0,6.0,5,164.1265393410777,261.5337637035205,pobre,0,0,625.0,550.0,1.0,44.0,14,464,34439,5,1.0
97,0.0,1.0,0.0,1.0,0.0,5,164.1265393410777,261.5337637035205,pobre,0,0,625.0,550.0,1.0,44.0,6,464,34440,0,1.0
98,0.0,1.0,0.0,1.0,1.0,5,164.1265393410777,261.5337637035205,pobre,0,0,625.0,550.0,1.0,44.0,7,464,34440,0,1.0
97,1.0,1.0,0.0,1.0,8.0,8,164.1265393410777,261.5337637035205,pobre,0,6,625.0,604.0,1.0,40.0,14,464,34441,8,1.0
98,1.0,1.0,0.0,1.0,9.0,8,164.1265393410777,261.5337637035205,pobre,0,6,625.0,604.0,1.0,40.0,15,464,34441,8,1.0
97,0.0,1.0,0.0,1.0,7.0,8,164.1265393410777,261.5337637035205,pobre,0,6,625.0,604.0,1.0,40.0,13,464,34442,7,1.0
98,0.0,1.0,0.0,1.0,8.0,8,164.1265393410777,261.5337637035205,pobre,0,6,625.0,604.0,1.0,40.0,14,464,34442,7,1.0
97,1.0,1.0,0.0,1.0,5.0,8,164.1265393410777,261.5337637035205,pobre,0,6,625.0,604.0,1.0,40.0,12,464,34443,5,1.0
98,1.0,1.0,0.0,1.0,6.0,8,164.1265393410777,261.5337637035205,pobre,0,6,625.0,604.0,1.0,40.0,13,464,34443,5,1.0
97,1.0,1.0,0.0,1.0,0.0,8,164.1265393410777,261.5337637035205,pobre,0,6,625.0,604.0,1.0,40.0,6,464,34444,0,1.0
98,1.0,1.0,0.0,1.0,1.0,8,164.1265393410777,261.5337637035205,pobre,0,6,625.0,604.0,1.0,40.0,7,464,34444,0,1.0
97,0.0,1.0,0.0,1.0,6.0,7,164.1265393410777,261.5337637035205,pobre,0,3,625.0,743.0,1.0,35.0,13,464,34445,6,1.0
98,0.0,1.0,0.0,0.0,6.0,7,164.1265393410777,261.5337637035205,pobre,0,3,625.0,743.0,1.0,35.0,14,464,34445,6,1.0
97,0.0,1.0,0.0,1.0,4.0,7,164.1265393410777,261.5337637035205,pobre,0,3,625.0,743.0,1.0,35.0,10,464,34446,4,1.0
98,0.0,1.0,0.0,1.0,5.0,7,164.1265393410777,261.5337637035205,pobre,0,3,625.0,743.0,1.0,35.0,11,464,34446,4,1.0
97,0.0,1.0,0.0,1.0,0.0,7,164.1265393410777,261.5337637035205,pobre,0,3,625.0,743.0,1.0,35.0,7,464,34447,0,1.0
98,0.0,1.0,0.0,1.0,1.0,7,164.1265393410777,261.5337637035205,pobre,0,3,625.0,743.0,1.0,35.0,8,464,34447,0,1.0
97,1.0,1.0,0.0,1.0,6.0,7,164.1265393410777,261.5337637035205,pobre,0,3,625.0,743.0,1.0,35.0,16,464,34448,6,1.0
98,1.0,1.0,0.0,,,7,164.1265393410777,261.5337637035205,pobre,0,3,625.0,743.0,1.0,35.0,17,464,34448,6,1.0
97,0.0,1.0,3.0439999,1.0,8.0,8,162.0278080249973,264.1598546067176,pobre,0,3,0.0,614.0,1.0,65.0,16,466,34449,8,1.0
98,0.0,1.0,3.0439999,,,8,162.0278080249973,264.1598546067176,pobre,0,3,0.0,614.0,1.0,65.0,17,466,34449,8,1.0
97,0.0,1.0,3.0439999,1.0,9.0,8,162.0278080249973,264.1598546067176,pobre,0,3,0.0,614.0,1.0,65.0,15,466,34450,9,1.0
98,0.0,1.0,3.0439999,1.0,9.0,8,162.0278080249973,264.1598546067176,pobre,0,3,0.0,614.0,1.0,65.0,16,466,34450,9,1.0
97,1.0,1.0,3.0439999,1.0,4.0,8,162.0278080249973,264.1598546067176,pobre,0,3,0.0,614.0,1.0,65.0,12,466,34451,4,1.0
98,1.0,1.0,3.0439999,1.0,4.0,8,162.0278080249973,264.1598546067176,pobre,0,3,0.0,614.0,1.0,65.0,13,466,34451,4,1.0
97,0.0,1.0,3.0439999,1.0,4.0,8,162.0278080249973,264.1598546067176,pobre,0,3,0.0,614.0,1.0,65.0,11,466,34452,4,1.0
98,0.0,1.0,3.0439999,1.0,5.0,8,162.0278080249973,264.1598546067176,pobre,0,3,0.0,614.0,1.0,65.0,12,466,34452,4,1.0
97,1.0,1.0,3.0439999,1.0,3.0,8,162.0278080249973,264.1598546067176,pobre,0,3,0.0,614.0,1.0,65.0,9,466,34453,3,1.0
98,1.0,1.0,3.0439999,1.0,4.0,8,162.0278080249973,264.1598546067176,pobre,0,3,0.0,614.0,1.0,65.0,10,466,34453,3,1.0
97,0.0,1.0,3.0439999,1.0,3.0,8,162.0278080249973,264.1598546067176,pobre,0,3,0.0,614.0,1.0,65.0,10,466,34454,3,1.0
98,0.0,1.0,3.0439999,1.0,4.0,8,162.0278080249973,264.1598546067176,pobre,0,3,0.0,614.0,1.0,65.0,11,466,34454,3,1.0
97,1.0,1.0,3.0439999,1.0,6.0,5,162.0278080249973,264.1598546067176,pobre,0,3,750.0,813.0,1.0,54.0,15,466,34455,6,1.0
98,1.0,1.0,3.0439999,1.0,7.0,5,162.0278080249973,264.1598546067176,pobre,0,3,750.0,813.0,1.0,54.0,16,466,34455,6,1.0
97,1.0,1.0,3.0439999,0.0,6.0,9,162.0278080249973,264.1598546067176,pobre,0,6,625.0,625.5,1.0,39.0,15,466,34456,6,0.0
98,1.0,1.0,3.0439999,0.0,6.0,9,162.0278080249973,264.1598546067176,pobre,0,6,625.0,625.5,1.0,39.0,16,466,34456,6,0.0
97,1.0,1.0,3.0439999,1.0,5.0,9,162.0278080249973,264.1598546067176,pobre,0,6,625.0,625.5,1.0,39.0,13,466,34457,5,1.0
98,1.0,1.0,3.0439999,0.0,6.0,9,162.0278080249973,264.1598546067176,pobre,0,6,625.0,625.5,1.0,39.0,14,466,34457,5,1.0
97,1.0,1.0,3.0439999,1.0,5.0,9,162.0278080249973,264.1598546067176,pobre,0,6,625.0,625.5,1.0,39.0,11,466,34458,5,1.0
98,1.0,1.0,3.0439999,1.0,6.0,9,162.0278080249973,264.1598546067176,pobre,0,6,625.0,625.5,1.0,39.0,12,466,34458,5,1.0
97,1.0,1.0,0.0,1.0,3.0,7,156.0063538077824,276.0084339545272,pobre,0,6,375.0,457.0,1.0,30.0,10,465,34459,3,1.0
98,1.0,1.0,0.0,1.0,4.0,7,156.0063538077824,276.0084339545272,pobre,0,6,375.0,457.0,1.0,30.0,11,465,34459,3,1.0
97,1.0,1.0,0.0,1.0,1.0,7,156.0063538077824,276.0084339545272,pobre,0,6,375.0,457.0,1.0,30.0,8,465,34460,1,1.0
98,1.0,1.0,0.0,1.0,2.0,7,156.0063538077824,276.0084339545272,pobre,0,6,375.0,457.0,1.0,30.0,9,465,34460,1,1.0
97,0.0,1.0,0.0,1.0,0.0,7,156.0063538077824,276.0084339545272,pobre,0,6,375.0,457.0,1.0,30.0,6,465,34461,0,1.0
98,0.0,1.0,0.0,1.0,0.0,7,156.0063538077824,276.0084339545272,pobre,0,6,375.0,457.0,1.0,30.0,7,465,34461,0,1.0
97,1.0,1.0,0.0,1.0,1.0,7,156.0063538077824,276.0084339545272,pobre,0,0,2000.0,663.5,1.0,31.0,10,465,34462,1,1.0
98,1.0,1.0,0.0,1.0,1.0,7,156.0063538077824,276.0084339545272,pobre,0,0,2000.0,663.5,1.0,31.0,11,465,34462,1,1.0
97,1.0,1.0,0.0,1.0,3.0,7,156.0063538077824,276.0084339545272,pobre,0,0,2000.0,663.5,1.0,31.0,9,465,34463,3,1.0
98,1.0,1.0,0.0,1.0,4.0,7,156.0063538077824,276.0084339545272,pobre,0,0,2000.0,663.5,1.0,31.0,10,465,34463,3,1.0
97,1.0,1.0,0.0,1.0,0.0,7,156.0063538077824,276.0084339545272,pobre,0,0,2000.0,663.5,1.0,31.0,6,465,34464,0,1.0
98,1.0,1.0,0.0,1.0,0.0,7,156.0063538077824,276.0084339545272,pobre,0,0,2000.0,663.5,1.0,31.0,7,465,34464,0,1.0
97,0.0,1.0,0.0,1.0,8.0,5,156.0063538077824,276.0084339545272,pobre,0,6,375.0,730.0,1.0,36.0,14,465,34465,8,1.0
98,0.0,1.0,0.0,0.0,9.0,5,156.0063538077824,276.0084339545272,pobre,0,6,375.0,730.0,1.0,36.0,15,465,34465,8,1.0
97,0.0,1.0,0.0,1.0,7.0,5,156.0063538077824,276.0084339545272,pobre,0,6,375.0,730.0,1.0,36.0,12,465,34466,7,1.0
98,0.0,1.0,0.0,1.0,8.0,5,156.0063538077824,276.0084339545272,pobre,0,6,375.0,730.0,1.0,36.0,13,465,34466,7,1.0
97,0.0,1.0,0.0,0.0,6.0,3,156.0063538077824,276.0084339545272,pobre,0,0,325.0,597.0,0.0,31.0,16,465,34467,6,0.0
98,0.0,1.0,0.0,,,3,156.0063538077824,276.0084339545272,pobre,0,0,325.0,597.0,0.0,31.0,17,465,34467,6,0.0
97,1.0,1.0,0.0,1.0,4.0,9,156.0063538077824,276.0084339545272,pobre,0,0,0.0,512.0,1.0,60.0,11,465,34468,4,1.0
98,1.0,1.0,0.0,1.0,5.0,9,156.0063538077824,276.0084339545272,pobre,0,0,0.0,512.0,1.0,60.0,12,465,34468,4,1.0
97,1.0,1.0,0.0,1.0,3.0,9,156.0063538077824,276.0084339545272,pobre,0,0,0.0,512.0,1.0,60.0,9,465,34469,3,1.0
98,1.0,1.0,0.0,1.0,4.0,9,156.0063538077824,276.0084339545272,pobre,0,0,0.0,512.0,1.0,60.0,10,465,34469,3,1.0
97,1.0,1.0,0.0,1.0,0.0,9,156.0063538077824,276.0084339545272,pobre,0,0,0.0,512.0,1.0,60.0,7,465,34470,0,1.0
98,1.0,1.0,0.0,,,9,156.0063538077824,276.0084339545272,pobre,0,0,0.0,512.0,1.0,60.0,8,465,34470,0,1.0
97,0.0,1.0,0.0,1.0,4.0,5,156.0063538077824,276.0084339545272,pobre,0,2,375.0,702.0,1.0,45.0,11,465,34471,4,1.0
98,0.0,1.0,0.0,1.0,5.0,5,156.0063538077824,276.0084339545272,pobre,0,2,375.0,702.0,1.0,45.0,12,465,34471,4,1.0
97,1.0,1.0,0.0,1.0,1.0,5,156.0063538077824,276.0084339545272,pobre,0,2,375.0,702.0,1.0,45.0,8,465,34472,1,1.0
98,1.0,1.0,0.0,1.0,2.0,5,156.0063538077824,276.0084339545272,pobre,0,2,375.0,702.0,1.0,45.0,9,465,34472,1,1.0
97,1.0,1.0,0.0,1.0,0.0,5,156.0063538077824,276.0084339545272,pobre,0,2,375.0,702.0,1.0,45.0,6,465,34473,0,1.0
98,1.0,1.0,0.0,1.0,1.0,5,156.0063538077824,276.0084339545272,pobre,0,2,375.0,702.0,1.0,45.0,7,465,34473,0,1.0
97,1.0,1.0,0.0,1.0,6.0,8,156.0063538077824,276.0084339545272,pobre,0,6,375.0,590.0,1.0,41.0,14,465,34474,6,1.0
98,1.0,1.0,0.0,1.0,7.0,8,156.0063538077824,276.0084339545272,pobre,0,6,375.0,590.0,1.0,41.0,15,465,34474,6,1.0
97,0.0,1.0,0.0,1.0,4.0,8,156.0063538077824,276.0084339545272,pobre,0,6,375.0,590.0,1.0,41.0,12,465,34475,4,1.0
98,0.0,1.0,0.0,1.0,5.0,8,156.0063538077824,276.0084339545272,pobre,0,6,375.0,590.0,1.0,41.0,13,465,34475,4,1.0
97,0.0,1.0,0.0,1.0,4.0,8,156.0063538077824,276.0084339545272,pobre,0,6,375.0,590.0,1.0,41.0,10,465,34476,4,1.0
98,0.0,1.0,0.0,1.0,4.0,8,156.0063538077824,276.0084339545272,pobre,0,6,375.0,590.0,1.0,41.0,11,465,34476,4,1.0
97,0.0,1.0,0.0,1.0,0.0,8,156.0063538077824,276.0084339545272,pobre,0,6,375.0,590.0,1.0,41.0,6,465,34477,0,1.0
98,0.0,1.0,0.0,1.0,1.0,8,156.0063538077824,276.0084339545272,pobre,0,6,375.0,590.0,1.0,41.0,7,465,34477,0,1.0
97,1.0,1.0,0.0,1.0,6.0,5,156.0063538077824,276.0084339545272,pobre,0,6,375.0,741.5,1.0,37.0,16,465,34478,6,1.0
98,1.0,1.0,0.0,0.0,6.0,5,156.0063538077824,276.0084339545272,pobre,0,6,375.0,741.5,1.0,37.0,17,465,34478,6,1.0
97,1.0,1.0,0.0,1.0,4.0,5,156.0063538077824,276.0084339545272,pobre,0,6,375.0,741.5,1.0,37.0,12,465,34479,4,1.0
98,1.0,1.0,0.0,1.0,5.0,5,156.0063538077824,276.0084339545272,pobre,0,6,375.0,741.5,1.0,37.0,13,465,34479,4,1.0
97,0.0,1.0,0.0,1.0,2.0,5,156.0063538077824,276.0084339545272,pobre,0,6,375.0,741.5,1.0,37.0,9,465,34480,2,1.0
98,0.0,1.0,0.0,1.0,3.0,5,156.0063538077824,276.0084339545272,pobre,0,6,375.0,741.5,1.0,37.0,10,465,34480,2,1.0
97,1.0,1.0,0.0,1.0,6.0,7,156.0063538077824,276.0084339545272,pobre,0,4,375.0,689.5,1.0,36.0,15,465,34481,6,1.0
98,1.0,1.0,0.0,1.0,6.0,7,156.0063538077824,276.0084339545272,pobre,0,4,375.0,689.5,1.0,36.0,16,465,34481,6,1.0
97,1.0,1.0,0.0,1.0,5.0,7,156.0063538077824,276.0084339545272,pobre,0,4,375.0,689.5,1.0,36.0,14,465,34482,5,1.0
98,1.0,1.0,0.0,1.0,6.0,7,156.0063538077824,276.0084339545272,pobre,0,4,375.0,689.5,1.0,36.0,15,465,34482,5,1.0
97,0.0,1.0,0.0,1.0,2.0,7,156.0063538077824,276.0084339545272,pobre,0,4,375.0,689.5,1.0,36.0,11,465,34483,2,1.0
98,0.0,1.0,0.0,1.0,3.0,7,156.0063538077824,276.0084339545272,pobre,0,4,375.0,689.5,1.0,36.0,12,465,34483,2,1.0
97,0.0,1.0,0.0,1.0,0.0,7,156.0063538077824,276.0084339545272,pobre,0,4,375.0,689.5,1.0,36.0,7,465,34484,0,1.0
98,0.0,1.0,0.0,1.0,1.0,7,156.0063538077824,276.0084339545272,pobre,0,4,375.0,689.5,1.0,36.0,8,465,34484,0,1.0
97,1.0,1.0,0.0,1.0,8.0,3,156.0063538077824,276.0084339545272,pobre,0,0,375.0,788.5,1.0,62.0,16,465,34485,8,1.0
98,1.0,1.0,0.0,1.0,8.0,3,156.0063538077824,276.0084339545272,pobre,0,0,375.0,788.5,1.0,62.0,17,465,34485,8,1.0
97,0.0,1.0,0.0,0.0,7.0,8,156.0063538077824,276.0084339545272,pobre,0,0,375.0,864.0,1.0,60.0,14,465,34486,7,0.0
98,0.0,1.0,0.0,1.0,7.0,8,156.0063538077824,276.0084339545272,pobre,0,0,375.0,864.0,1.0,60.0,15,465,34486,7,0.0
97,1.0,1.0,0.0,0.0,5.0,8,156.0063538077824,276.0084339545272,pobre,0,0,375.0,864.0,1.0,60.0,12,465,34487,5,0.0
98,1.0,1.0,0.0,1.0,6.0,8,156.0063538077824,276.0084339545272,pobre,0,0,375.0,864.0,1.0,60.0,13,465,34487,5,0.0
97,1.0,1.0,0.0,,0.0,8,156.0063538077824,276.0084339545272,pobre,0,0,375.0,864.0,1.0,60.0,8,465,34488,0,
98,1.0,1.0,0.0,1.0,3.0,8,156.0063538077824,276.0084339545272,pobre,0,0,375.0,864.0,1.0,60.0,9,465,34488,0,
97,0.0,1.0,0.0,,0.0,8,156.0063538077824,276.0084339545272,pobre,0,0,375.0,864.0,1.0,60.0,6,465,34489,0,
98,0.0,1.0,0.0,1.0,1.0,8,156.0063538077824,276.0084339545272,pobre,0,0,375.0,864.0,1.0,60.0,7,465,34489,0,
97,1.0,1.0,0.0,1.0,8.0,7,156.0063538077824,276.0084339545272,pobre,0,0,375.0,537.5,1.0,36.0,15,465,34490,8,1.0
98,1.0,1.0,0.0,1.0,8.0,7,156.0063538077824,276.0084339545272,pobre,0,0,375.0,537.5,1.0,36.0,16,465,34490,8,1.0
97,1.0,1.0,1.3710001,1.0,3.0,5,164.3681010719044,269.0810428787099,pobre,0,6,625.0,680.0,1.0,32.0,10,461,34491,3,1.0
98,1.0,1.0,1.3710001,1.0,3.0,5,164.3681010719044,269.0810428787099,pobre,0,6,625.0,680.0,1.0,32.0,11,461,34491,3,1.0
97,1.0,1.0,1.3710001,1.0,2.0,5,164.3681010719044,269.0810428787099,pobre,0,6,625.0,680.0,1.0,32.0,7,461,34492,2,1.0
98,1.0,1.0,1.3710001,1.0,2.0,5,164.3681010719044,269.0810428787099,pobre,0,6,625.0,680.0,1.0,32.0,8,461,34492,2,1.0
97,0.0,1.0,1.3710001,1.0,6.0,5,164.3681010719044,269.0810428787099,pobre,0,0,625.0,625.117,1.0,42.0,15,461,34493,6,1.0
98,0.0,1.0,1.3710001,1.0,6.0,5,164.3681010719044,269.0810428787099,pobre,0,0,625.0,625.117,1.0,42.0,16,461,34493,6,1.0
97,0.0,1.0,1.3710001,1.0,4.0,5,164.3681010719044,269.0810428787099,pobre,0,0,625.0,625.117,1.0,42.0,10,461,34494,4,1.0
98,0.0,1.0,1.3710001,1.0,4.0,5,164.3681010719044,269.0810428787099,pobre,0,0,625.0,625.117,1.0,42.0,11,461,34494,4,1.0
97,0.0,1.0,1.3710001,1.0,6.0,6,164.3681010719044,269.0810428787099,pobre,0,0,625.0,757.0,1.0,65.0,16,461,34495,6,1.0
98,0.0,1.0,1.3710001,,,6,164.3681010719044,269.0810428787099,pobre,0,0,625.0,757.0,1.0,65.0,17,461,34495,6,1.0
97,0.0,1.0,1.3710001,1.0,3.0,4,164.3681010719044,269.0810428787099,pobre,0,6,625.0,676.0,1.0,28.0,8,461,34496,3,1.0
98,0.0,1.0,1.3710001,1.0,3.0,4,164.3681010719044,269.0810428787099,pobre,0,6,625.0,676.0,1.0,28.0,9,461,34496,3,1.0
97,1.0,1.0,4.427,1.0,6.0,7,156.9873323468145,265.1029544901215,pobre,basal,3,500.0,637.0,1.0,53.0,11,460,34497,6,1.0
98,1.0,1.0,4.427,1.0,6.0,7,156.9873323468145,265.1029544901215,pobre,basal,3,500.0,637.0,1.0,53.0,12,460,34497,6,1.0
97,0.0,1.0,4.427,1.0,4.0,7,156.9873323468145,265.1029544901215,pobre,basal,3,500.0,637.0,1.0,53.0,9,460,34498,4,1.0
98,0.0,1.0,4.427,1.0,5.0,7,156.9873323468145,265.1029544901215,pobre,basal,3,500.0,637.0,1.0,53.0,10,460,34498,4,1.0
97,1.0,1.0,1.3710001,1.0,7.0,6,164.3681010719044,269.0810428787099,pobre,0,0,625.0,648.0,1.0,45.0,14,461,34499,7,1.0
98,1.0,1.0,1.3710001,1.0,8.0,6,164.3681010719044,269.0810428787099,pobre,0,0,625.0,648.0,1.0,45.0,15,461,34499,7,1.0
97,1.0,1.0,1.3710001,1.0,4.0,6,164.3681010719044,269.0810428787099,pobre,0,0,625.0,648.0,1.0,45.0,9,461,34500,4,1.0
98,1.0,1.0,1.3710001,1.0,5.0,6,164.3681010719044,269.0810428787099,pobre,0,0,625.0,648.0,1.0,45.0,10,461,34500,4,1.0
97,0.0,1.0,1.3710001,0.0,6.0,6,164.3681010719044,269.0810428787099,pobre,0,6,625.0,566.0,1.0,24.0,15,461,34501,6,0.0
98,0.0,1.0,1.3710001,,,6,164.3681010719044,269.0810428787099,pobre,0,6,625.0,566.0,1.0,24.0,16,461,34501,6,0.0
97,1.0,1.0,3.0439999,1.0,8.0,5,162.0278080249973,264.1598546067176,pobre,0,0,0.0,669.0,0.0,48.0,15,466,34502,8,1.0
98,1.0,1.0,3.0439999,1.0,8.0,5,162.0278080249973,264.1598546067176,pobre,0,0,0.0,669.0,0.0,48.0,16,466,34502,8,1.0
97,0.0,1.0,3.0439999,1.0,4.0,5,162.0278080249973,264.1598546067176,pobre,0,0,0.0,669.0,0.0,48.0,12,466,34503,4,1.0
98,0.0,1.0,3.0439999,1.0,5.0,5,162.0278080249973,264.1598546067176,pobre,0,0,0.0,669.0,0.0,48.0,13,466,34503,4,1.0
97,1.0,1.0,3.0439999,1.0,3.0,5,162.0278080249973,264.1598546067176,pobre,0,0,0.0,669.0,0.0,48.0,10,466,34504,3,1.0
98,1.0,1.0,3.0439999,1.0,3.0,5,162.0278080249973,264.1598546067176,pobre,0,0,0.0,669.0,0.0,48.0,11,466,34504,3,1.0
97,0.0,0.0,3.0439999,1.0,10.0,3,162.0278080249973,264.1598546067176,pobre,0,3,625.0,871.0,1.0,70.0,15,466,34505,10,1.0
98,0.0,0.0,3.0439999,0.0,9.0,3,162.0278080249973,264.1598546067176,pobre,0,3,625.0,871.0,1.0,70.0,16,466,34505,10,1.0
97,1.0,1.0,3.0439999,1.0,2.0,6,162.0278080249973,264.1598546067176,pobre,0,6,625.0,625.0,1.0,25.0,7,466,34506,2,1.0
98,1.0,1.0,3.0439999,1.0,3.0,6,162.0278080249973,264.1598546067176,pobre,0,6,625.0,625.0,1.0,25.0,8,466,34506,2,1.0
97,0.0,0.0,3.0439999,1.0,10.0,7,162.0278080249973,264.1598546067176,pobre,0,2,625.0,635.5,1.0,44.0,15,466,34507,10,1.0
98,0.0,0.0,3.0439999,1.0,10.0,7,162.0278080249973,264.1598546067176,pobre,0,2,625.0,635.5,1.0,44.0,16,466,34507,10,1.0
97,0.0,0.0,3.0439999,1.0,9.0,7,162.0278080249973,264.1598546067176,pobre,0,2,625.0,635.5,1.0,44.0,13,466,34508,9,1.0
98,0.0,0.0,3.0439999,0.0,9.0,7,162.0278080249973,264.1598546067176,pobre,0,2,625.0,635.5,1.0,44.0,14,466,34508,9,1.0
97,1.0,0.0,3.0439999,1.0,6.0,7,162.0278080249973,264.1598546067176,pobre,0,2,625.0,635.5,1.0,44.0,11,466,34509,6,1.0
98,1.0,0.0,3.0439999,1.0,7.0,7,162.0278080249973,264.1598546067176,pobre,0,2,625.0,635.5,1.0,44.0,12,466,34509,6,1.0
97,1.0,0.0,3.0439999,1.0,3.0,7,162.0278080249973,264.1598546067176,pobre,0,2,625.0,635.5,1.0,44.0,9,466,34510,3,1.0
98,1.0,0.0,3.0439999,1.0,4.0,7,162.0278080249973,264.1598546067176,pobre,0,2,625.0,635.5,1.0,44.0,10,466,34510,3,1.0
97,0.0,1.0,4.119,1.0,4.0,4,156.2566556576621,268.3226079119189,pobre,basal,18,2400.0,835.0,1.0,31.0,9,457,34511,4,1.0
98,0.0,1.0,4.119,1.0,4.0,4,156.2566556576621,268.3226079119189,pobre,basal,18,2400.0,835.0,1.0,31.0,10,457,34511,4,1.0
97,1.0,1.0,4.119,1.0,3.0,4,156.2566556576621,268.3226079119189,pobre,basal,18,2400.0,835.0,1.0,31.0,8,457,34512,3,1.0
98,1.0,1.0,4.119,1.0,3.0,4,156.2566556576621,268.3226079119189,pobre,basal,18,2400.0,835.0,1.0,31.0,9,457,34512,3,1.0
97,0.0,1.0,4.119,1.0,1.0,7,156.2566556576621,268.3226079119189,pobre,basal,5,500.0,807.5,1.0,26.0,6,457,34513,1,1.0
98,0.0,1.0,4.119,1.0,2.0,7,156.2566556576621,268.3226079119189,pobre,basal,5,500.0,807.5,1.0,26.0,7,457,34513,1,1.0
97,1.0,1.0,4.119,1.0,6.0,4,156.2566556576621,268.3226079119189,pobre,basal,6,500.0,725.0,1.0,39.0,13,457,34514,6,1.0
98,1.0,1.0,4.119,1.0,7.0,4,156.2566556576621,268.3226079119189,pobre,basal,6,500.0,725.0,1.0,39.0,14,457,34514,6,1.0
97,0.0,1.0,4.119,1.0,5.0,15,156.2566556576621,268.3226079119189,pobre,basal,6,500.0,661.0,1.0,33.0,12,457,34515,5,1.0
98,0.0,1.0,4.119,1.0,6.0,15,156.2566556576621,268.3226079119189,pobre,basal,6,500.0,661.0,1.0,33.0,13,457,34515,5,1.0
97,0.0,1.0,4.119,1.0,5.0,15,156.2566556576621,268.3226079119189,pobre,basal,6,500.0,661.0,1.0,33.0,10,457,34516,5,1.0
98,0.0,1.0,4.119,1.0,5.0,15,156.2566556576621,268.3226079119189,pobre,basal,6,500.0,661.0,1.0,33.0,11,457,34516,5,1.0
97,1.0,1.0,4.119,1.0,3.0,15,156.2566556576621,268.3226079119189,pobre,basal,6,500.0,661.0,1.0,33.0,7,457,34517,3,1.0
98,1.0,1.0,4.119,1.0,3.0,15,156.2566556576621,268.3226079119189,pobre,basal,6,500.0,661.0,1.0,33.0,8,457,34517,3,1.0
97,0.0,1.0,4.119,1.0,1.0,15,156.2566556576621,268.3226079119189,pobre,basal,6,500.0,661.0,1.0,33.0,6,457,34518,1,1.0
98,0.0,1.0,4.119,1.0,1.0,15,156.2566556576621,268.3226079119189,pobre,basal,6,500.0,661.0,1.0,33.0,7,457,34518,1,1.0
97,1.0,1.0,4.119,1.0,2.0,7,156.2566556576621,268.3226079119189,pobre,basal,6,500.0,585.0,1.0,37.0,7,457,34519,2,1.0
98,1.0,1.0,4.119,1.0,2.0,7,156.2566556576621,268.3226079119189,pobre,basal,6,500.0,585.0,1.0,37.0,8,457,34519,2,1.0
97,1.0,1.0,1.3710001,0.0,6.0,5,164.3681010719044,269.0810428787099,pobre,0,3,0.0,782.5,0.0,51.0,16,461,34520,6,0.0
98,1.0,1.0,1.3710001,,,5,164.3681010719044,269.0810428787099,pobre,0,3,0.0,782.5,0.0,51.0,17,461,34520,6,0.0
97,1.0,1.0,4.119,1.0,7.0,6,156.2566556576621,268.3226079119189,pobre,basal,3,500.0,715.0,1.0,39.0,12,457,34521,7,1.0
98,1.0,1.0,4.119,1.0,7.0,6,156.2566556576621,268.3226079119189,pobre,basal,3,500.0,715.0,1.0,39.0,13,457,34521,7,1.0
97,0.0,1.0,4.119,1.0,4.0,6,156.2566556576621,268.3226079119189,pobre,basal,3,500.0,715.0,1.0,39.0,9,457,34522,4,1.0
98,0.0,1.0,4.119,1.0,5.0,6,156.2566556576621,268.3226079119189,pobre,basal,3,500.0,715.0,1.0,39.0,10,457,34522,4,1.0
97,0.0,1.0,4.119,1.0,6.0,3,156.2566556576621,268.3226079119189,pobre,basal,0,500.0,768.0,0.0,51.0,11,457,34523,6,1.0
98,0.0,1.0,4.119,1.0,7.0,3,156.2566556576621,268.3226079119189,pobre,basal,0,500.0,768.0,0.0,51.0,12,457,34523,6,1.0
97,1.0,1.0,4.119,1.0,2.0,3,156.2566556576621,268.3226079119189,pobre,basal,0,500.0,768.0,0.0,51.0,8,457,34524,2,1.0
98,1.0,1.0,4.119,1.0,2.0,3,156.2566556576621,268.3226079119189,pobre,basal,0,500.0,768.0,0.0,51.0,9,457,34524,2,1.0
97,0.0,1.0,0.0,0.0,3.0,6,164.1265393410777,261.5337637035205,pobre,0,2,625.0,668.0,1.0,45.0,15,464,34525,3,0.0
98,0.0,1.0,0.0,0.0,9.0,6,164.1265393410777,261.5337637035205,pobre,0,2,625.0,668.0,1.0,45.0,16,464,34525,3,0.0
97,0.0,1.0,0.0,1.0,8.0,6,164.1265393410777,261.5337637035205,pobre,0,2,625.0,668.0,1.0,45.0,13,464,34526,8,1.0
98,0.0,1.0,0.0,1.0,8.0,6,164.1265393410777,261.5337637035205,pobre,0,2,625.0,668.0,1.0,45.0,14,464,34526,8,1.0
97,0.0,1.0,0.0,1.0,6.0,6,164.1265393410777,261.5337637035205,pobre,0,2,625.0,668.0,1.0,45.0,11,464,34527,6,1.0
98,0.0,1.0,0.0,1.0,7.0,6,164.1265393410777,261.5337637035205,pobre,0,2,625.0,668.0,1.0,45.0,12,464,34527,6,1.0
97,1.0,1.0,0.0,1.0,5.0,6,164.1265393410777,261.5337637035205,pobre,0,9,625.0,666.0,1.0,32.0,10,464,34528,5,1.0
98,1.0,1.0,0.0,1.0,6.0,6,164.1265393410777,261.5337637035205,pobre,0,9,625.0,666.0,1.0,32.0,11,464,34528,5,1.0
97,0.0,1.0,0.0,1.0,4.0,6,164.1265393410777,261.5337637035205,pobre,0,9,625.0,666.0,1.0,32.0,9,464,34529,4,1.0
98,0.0,1.0,0.0,1.0,5.0,6,164.1265393410777,261.5337637035205,pobre,0,9,625.0,666.0,1.0,32.0,10,464,34529,4,1.0
97,0.0,1.0,0.0,1.0,1.0,6,164.1265393410777,261.5337637035205,pobre,0,9,625.0,666.0,1.0,32.0,6,464,34530,1,1.0
98,0.0,1.0,0.0,1.0,2.0,6,164.1265393410777,261.5337637035205,pobre,0,9,625.0,666.0,1.0,32.0,7,464,34530,1,1.0
97,1.0,1.0,0.0,1.0,3.0,5,164.1265393410777,261.5337637035205,pobre,0,3,625.0,737.0,1.0,48.0,9,464,34531,3,1.0
98,1.0,1.0,0.0,,,5,164.1265393410777,261.5337637035205,pobre,0,3,625.0,737.0,1.0,48.0,10,464,34531,3,1.0
97,0.0,1.0,0.0,1.0,2.0,5,164.1265393410777,261.5337637035205,pobre,0,3,625.0,737.0,1.0,48.0,7,464,34532,2,1.0
98,0.0,1.0,0.0,,,5,164.1265393410777,261.5337637035205,pobre,0,3,625.0,737.0,1.0,48.0,8,464,34532,2,1.0
97,1.0,1.0,0.0,1.0,8.0,7,164.1265393410777,261.5337637035205,pobre,0,3,625.0,786.5,1.0,53.0,14,464,34533,8,1.0
98,1.0,1.0,0.0,1.0,10.0,7,164.1265393410777,261.5337637035205,pobre,0,3,625.0,786.5,1.0,53.0,15,464,34533,8,1.0
97,1.0,1.0,0.0,1.0,6.0,7,164.1265393410777,261.5337637035205,pobre,0,3,625.0,786.5,1.0,53.0,12,464,34534,6,1.0
98,1.0,1.0,0.0,1.0,7.0,7,164.1265393410777,261.5337637035205,pobre,0,3,625.0,786.5,1.0,53.0,13,464,34534,6,1.0
97,1.0,1.0,0.0,1.0,1.0,7,164.1265393410777,261.5337637035205,pobre,0,3,625.0,786.5,1.0,53.0,7,464,34535,1,1.0
98,1.0,1.0,0.0,1.0,2.0,7,164.1265393410777,261.5337637035205,pobre,0,3,625.0,786.5,1.0,53.0,8,464,34535,1,1.0
97,1.0,1.0,0.0,1.0,10.0,8,164.1265393410777,261.5337637035205,pobre,0,0,625.0,570.0,1.0,39.0,16,464,34536,10,1.0
98,1.0,1.0,0.0,,,8,164.1265393410777,261.5337637035205,pobre,0,0,625.0,570.0,1.0,39.0,17,464,34536,10,1.0
97,1.0,1.0,0.0,1.0,6.0,8,164.1265393410777,261.5337637035205,pobre,0,0,625.0,570.0,1.0,39.0,14,464,34537,6,1.0
98,1.0,1.0,0.0,1.0,7.0,8,164.1265393410777,261.5337637035205,pobre,0,0,625.0,570.0,1.0,39.0,15,464,34537,6,1.0
97,0.0,1.0,0.0,1.0,2.0,8,164.1265393410777,261.5337637035205,pobre,0,0,625.0,570.0,1.0,39.0,8,464,34538,2,1.0
98,0.0,1.0,0.0,1.0,2.0,8,164.1265393410777,261.5337637035205,pobre,0,0,625.0,570.0,1.0,39.0,9,464,34538,2,1.0
97,1.0,1.0,3.0439999,0.0,6.0,7,162.0278080249973,264.1598546067176,pobre,0,6,625.0,548.0,1.0,19.0,15,466,34539,6,0.0
98,1.0,1.0,3.0439999,0.0,6.0,7,162.0278080249973,264.1598546067176,pobre,0,6,625.0,548.0,1.0,19.0,16,466,34539,6,0.0
97,1.0,1.0,3.0439999,1.0,2.0,7,162.0278080249973,264.1598546067176,pobre,0,6,625.0,548.0,1.0,19.0,12,466,34540,2,1.0
98,1.0,1.0,3.0439999,0.0,6.0,7,162.0278080249973,264.1598546067176,pobre,0,6,625.0,548.0,1.0,19.0,13,466,34540,2,1.0
97,1.0,1.0,3.0439999,1.0,4.0,7,162.0278080249973,264.1598546067176,pobre,0,6,625.0,548.0,1.0,19.0,10,466,34541,4,1.0
98,1.0,1.0,3.0439999,1.0,5.0,7,162.0278080249973,264.1598546067176,pobre,0,6,625.0,548.0,1.0,19.0,11,466,34541,4,1.0
97,0.0,1.0,3.0439999,1.0,0.0,7,162.0278080249973,264.1598546067176,pobre,0,6,625.0,548.0,1.0,19.0,8,466,34542,0,1.0
98,0.0,1.0,3.0439999,1.0,4.0,7,162.0278080249973,264.1598546067176,pobre,0,6,625.0,548.0,1.0,19.0,9,466,34542,0,1.0
97,1.0,1.0,3.0439999,1.0,7.0,10,162.0278080249973,264.1598546067176,pobre,0,3,625.0,716.0,1.0,68.0,13,466,34543,7,1.0
98,1.0,1.0,3.0439999,1.0,8.0,10,162.0278080249973,264.1598546067176,pobre,0,3,625.0,716.0,1.0,68.0,14,466,34543,7,1.0
97,0.0,1.0,3.0439999,1.0,6.0,10,162.0278080249973,264.1598546067176,pobre,0,3,625.0,716.0,1.0,68.0,12,466,34544,6,1.0
98,0.0,1.0,3.0439999,1.0,7.0,10,162.0278080249973,264.1598546067176,pobre,0,3,625.0,716.0,1.0,68.0,13,466,34544,6,1.0
97,1.0,1.0,3.0439999,1.0,3.0,10,162.0278080249973,264.1598546067176,pobre,0,3,625.0,716.0,1.0,68.0,9,466,34545,3,1.0
98,1.0,1.0,3.0439999,1.0,4.0,10,162.0278080249973,264.1598546067176,pobre,0,3,625.0,716.0,1.0,68.0,10,466,34545,3,1.0
97,1.0,1.0,3.0439999,1.0,1.0,10,162.0278080249973,264.1598546067176,pobre,0,3,625.0,716.0,1.0,68.0,6,466,34546,1,1.0
98,1.0,1.0,3.0439999,1.0,1.0,10,162.0278080249973,264.1598546067176,pobre,0,3,625.0,716.0,1.0,68.0,7,466,34546,1,1.0
97,0.0,1.0,0.0,1.0,2.0,7,156.0063538077824,276.0084339545272,pobre,0,0,0.0,614.0,0.0,50.0,8,465,34547,2,1.0
98,0.0,1.0,0.0,,,7,156.0063538077824,276.0084339545272,pobre,0,0,0.0,614.0,0.0,50.0,9,465,34547,2,1.0
97,0.0,1.0,0.0,1.0,5.0,7,156.0063538077824,276.0084339545272,pobre,0,5,375.0,644.0,1.0,21.0,14,465,34548,5,1.0
98,0.0,1.0,0.0,1.0,5.0,7,156.0063538077824,276.0084339545272,pobre,0,5,375.0,644.0,1.0,21.0,15,465,34548,5,1.0
97,0.0,1.0,0.0,1.0,3.0,7,156.0063538077824,276.0084339545272,pobre,0,5,375.0,644.0,1.0,21.0,10,465,34549,3,1.0
98,0.0,1.0,0.0,1.0,3.0,7,156.0063538077824,276.0084339545272,pobre,0,5,375.0,644.0,1.0,21.0,11,465,34549,3,1.0
97,0.0,1.0,0.0,1.0,1.0,7,156.0063538077824,276.0084339545272,pobre,0,5,375.0,644.0,1.0,21.0,8,465,34550,1,1.0
98,0.0,1.0,0.0,1.0,2.0,7,156.0063538077824,276.0084339545272,pobre,0,5,375.0,644.0,1.0,21.0,9,465,34550,1,1.0
97,1.0,1.0,0.0,1.0,5.0,3,156.0063538077824,276.0084339545272,pobre,0,3,375.0,897.0,1.0,60.0,11,465,34551,5,1.0
98,1.0,1.0,0.0,1.0,5.0,3,156.0063538077824,276.0084339545272,pobre,0,3,375.0,897.0,1.0,60.0,12,465,34551,5,1.0
97,1.0,1.0,0.0,0.0,6.0,10,156.0063538077824,276.0084339545272,pobre,0,3,375.0,652.0,1.0,45.0,15,465,34552,6,0.0
98,1.0,1.0,0.0,0.0,6.0,10,156.0063538077824,276.0084339545272,pobre,0,3,375.0,652.0,1.0,45.0,16,465,34552,6,0.0
97,0.0,1.0,0.0,1.0,5.0,10,156.0063538077824,276.0084339545272,pobre,0,3,375.0,652.0,1.0,45.0,12,465,34553,5,1.0
98,0.0,1.0,0.0,1.0,5.0,10,156.0063538077824,276.0084339545272,pobre,0,3,375.0,652.0,1.0,45.0,13,465,34553,5,1.0
97,0.0,1.0,0.0,1.0,3.0,10,156.0063538077824,276.0084339545272,pobre,0,3,375.0,652.0,1.0,45.0,9,465,34554,3,1.0
98,0.0,1.0,0.0,1.0,3.0,10,156.0063538077824,276.0084339545272,pobre,0,3,375.0,652.0,1.0,45.0,10,465,34554,3,1.0
97,1.0,1.0,0.0,1.0,2.0,6,156.0063538077824,276.0084339545272,pobre,0,0,375.0,479.0,1.0,28.0,9,465,34555,2,1.0
98,1.0,1.0,0.0,1.0,2.0,6,156.0063538077824,276.0084339545272,pobre,0,0,375.0,479.0,1.0,28.0,10,465,34555,2,1.0
97,1.0,1.0,0.0,1.0,1.0,6,156.0063538077824,276.0084339545272,pobre,0,0,375.0,479.0,1.0,28.0,7,465,34556,1,1.0
98,1.0,1.0,0.0,1.0,1.0,6,156.0063538077824,276.0084339545272,pobre,0,0,375.0,479.0,1.0,28.0,8,465,34556,1,1.0
97,1.0,1.0,0.0,1.0,2.0,3,156.0063538077824,276.0084339545272,pobre,0,3,375.0,627.0,1.0,41.0,14,465,34557,2,1.0
98,1.0,1.0,0.0,1.0,3.0,3,156.0063538077824,276.0084339545272,pobre,0,3,375.0,627.0,1.0,41.0,15,465,34557,2,1.0
97,1.0,1.0,0.0,1.0,4.0,5,156.0063538077824,276.0084339545272,pobre,0,6,375.0,746.0,1.0,36.0,10,465,34558,4,1.0
98,1.0,1.0,0.0,1.0,4.0,5,156.0063538077824,276.0084339545272,pobre,0,6,375.0,746.0,1.0,36.0,11,465,34558,4,1.0
97,0.0,1.0,0.0,1.0,1.0,5,156.0063538077824,276.0084339545272,pobre,0,6,375.0,746.0,1.0,36.0,7,465,34559,1,1.0
98,0.0,1.0,0.0,1.0,1.0,5,156.0063538077824,276.0084339545272,pobre,0,6,375.0,746.0,1.0,36.0,8,465,34559,1,1.0
97,0.0,1.0,0.0,1.0,7.0,10,156.0063538077824,276.0084339545272,pobre,0,3,375.0,693.03998,1.0,55.0,16,465,34560,7,1.0
98,0.0,1.0,0.0,,,10,156.0063538077824,276.0084339545272,pobre,0,3,375.0,693.03998,1.0,55.0,17,465,34560,7,1.0
97,1.0,1.0,0.0,1.0,3.0,10,156.0063538077824,276.0084339545272,pobre,0,3,375.0,693.03998,1.0,55.0,9,465,34561,3,1.0
98,1.0,1.0,0.0,1.0,3.0,10,156.0063538077824,276.0084339545272,pobre,0,3,375.0,693.03998,1.0,55.0,10,465,34561,3,1.0
97,1.0,1.0,0.0,1.0,3.0,10,156.0063538077824,276.0084339545272,pobre,0,2,375.0,721.0,1.0,69.0,9,465,34562,3,1.0
98,1.0,1.0,0.0,1.0,3.0,10,156.0063538077824,276.0084339545272,pobre,0,2,375.0,721.0,1.0,69.0,10,465,34562,3,1.0
97,1.0,1.0,0.0,1.0,1.0,8,156.0063538077824,276.0084339545272,pobre,0,6,375.0,699.0,1.0,38.0,12,465,34563,1,1.0
98,1.0,1.0,0.0,1.0,2.0,8,156.0063538077824,276.0084339545272,pobre,0,6,375.0,699.0,1.0,38.0,13,465,34563,1,1.0
97,0.0,1.0,0.0,1.0,7.0,10,156.0063538077824,276.0084339545272,pobre,0,0,0.0,540.0,1.0,70.0,15,465,34564,7,1.0
98,0.0,1.0,0.0,1.0,8.0,10,156.0063538077824,276.0084339545272,pobre,0,0,0.0,540.0,1.0,70.0,16,465,34564,7,1.0
97,0.0,1.0,0.0,1.0,5.0,10,156.0063538077824,276.0084339545272,pobre,0,0,0.0,540.0,1.0,70.0,13,465,34565,5,1.0
98,0.0,1.0,0.0,1.0,6.0,10,156.0063538077824,276.0084339545272,pobre,0,0,0.0,540.0,1.0,70.0,14,465,34565,5,1.0
97,0.0,1.0,0.0,1.0,4.0,10,156.0063538077824,276.0084339545272,pobre,0,0,0.0,540.0,1.0,70.0,11,465,34566,4,1.0
98,0.0,1.0,0.0,1.0,5.0,10,156.0063538077824,276.0084339545272,pobre,0,0,0.0,540.0,1.0,70.0,12,465,34566,4,1.0
97,1.0,1.0,0.0,1.0,1.0,10,156.0063538077824,276.0084339545272,pobre,0,0,0.0,540.0,1.0,70.0,9,465,34567,1,1.0
98,1.0,1.0,0.0,1.0,2.0,10,156.0063538077824,276.0084339545272,pobre,0,0,0.0,540.0,1.0,70.0,10,465,34567,1,1.0
97,0.0,1.0,0.0,1.0,3.0,7,156.0063538077824,276.0084339545272,pobre,0,0,375.0,717.5,1.0,54.0,13,465,34568,3,1.0
98,0.0,1.0,0.0,1.0,4.0,7,156.0063538077824,276.0084339545272,pobre,0,0,375.0,717.5,1.0,54.0,14,465,34568,3,1.0
97,1.0,1.0,0.0,1.0,3.0,7,156.0063538077824,276.0084339545272,pobre,0,0,375.0,717.5,1.0,54.0,11,465,34569,3,1.0
98,1.0,1.0,0.0,1.0,4.0,7,156.0063538077824,276.0084339545272,pobre,0,0,375.0,717.5,1.0,54.0,12,465,34569,3,1.0
97,1.0,1.0,0.0,1.0,1.0,7,156.0063538077824,276.0084339545272,pobre,0,0,375.0,717.5,1.0,54.0,8,465,34570,1,1.0
98,1.0,1.0,0.0,1.0,2.0,7,156.0063538077824,276.0084339545272,pobre,0,0,375.0,717.5,1.0,54.0,9,465,34570,1,1.0
97,1.0,1.0,0.0,1.0,1.0,4,156.0063538077824,276.0084339545272,pobre,0,2,375.0,659.0,1.0,28.0,8,465,34571,1,1.0
98,1.0,1.0,0.0,1.0,2.0,4,156.0063538077824,276.0084339545272,pobre,0,2,375.0,659.0,1.0,28.0,9,465,34571,1,1.0
97,0.0,1.0,0.0,,0.0,8,156.0063538077824,276.0084339545272,pobre,0,0,0.0,500.0,1.0,34.0,14,465,34572,0,
98,0.0,1.0,0.0,0.0,6.0,8,156.0063538077824,276.0084339545272,pobre,0,0,0.0,500.0,1.0,34.0,15,465,34572,0,
97,1.0,1.0,0.0,1.0,4.0,8,156.0063538077824,276.0084339545272,pobre,0,0,0.0,500.0,1.0,34.0,11,465,34573,4,1.0
98,1.0,1.0,0.0,1.0,5.0,8,156.0063538077824,276.0084339545272,pobre,0,0,0.0,500.0,1.0,34.0,12,465,34573,4,1.0
97,1.0,1.0,0.0,1.0,1.0,8,156.0063538077824,276.0084339545272,pobre,0,0,0.0,500.0,1.0,34.0,8,465,34574,1,1.0
98,1.0,1.0,0.0,1.0,2.0,8,156.0063538077824,276.0084339545272,pobre,0,0,0.0,500.0,1.0,34.0,9,465,34574,1,1.0
97,1.0,1.0,0.0,1.0,0.0,8,156.0063538077824,276.0084339545272,pobre,0,0,0.0,500.0,1.0,34.0,6,465,34575,0,1.0
98,1.0,1.0,0.0,1.0,0.0,8,156.0063538077824,276.0084339545272,pobre,0,0,0.0,500.0,1.0,34.0,7,465,34575,0,1.0
97,1.0,1.0,0.0,1.0,5.0,6,156.0063538077824,276.0084339545272,pobre,0,6,375.0,659.0,1.0,36.0,13,465,34576,5,1.0
98,1.0,1.0,0.0,1.0,6.0,6,156.0063538077824,276.0084339545272,pobre,0,6,375.0,659.0,1.0,36.0,14,465,34576,5,1.0
97,1.0,1.0,0.0,1.0,4.0,6,156.0063538077824,276.0084339545272,pobre,0,6,375.0,659.0,1.0,36.0,10,465,34577,4,1.0
98,1.0,1.0,0.0,1.0,5.0,6,156.0063538077824,276.0084339545272,pobre,0,6,375.0,659.0,1.0,36.0,11,465,34577,4,1.0
97,0.0,1.0,0.0,1.0,0.0,6,156.0063538077824,276.0084339545272,pobre,0,6,375.0,659.0,1.0,36.0,6,465,34578,0,1.0
98,0.0,1.0,0.0,1.0,1.0,6,156.0063538077824,276.0084339545272,pobre,0,6,375.0,659.0,1.0,36.0,7,465,34578,0,1.0
97,1.0,1.0,0.0,1.0,3.0,7,156.0063538077824,276.0084339545272,pobre,0,6,375.0,583.0,1.0,35.0,13,465,34579,3,1.0
98,1.0,1.0,0.0,1.0,5.0,7,156.0063538077824,276.0084339545272,pobre,0,6,375.0,583.0,1.0,35.0,14,465,34579,3,1.0
97,1.0,1.0,0.0,1.0,1.0,7,156.0063538077824,276.0084339545272,pobre,0,6,375.0,583.0,1.0,35.0,8,465,34580,1,1.0
98,1.0,1.0,0.0,1.0,2.0,7,156.0063538077824,276.0084339545272,pobre,0,6,375.0,583.0,1.0,35.0,9,465,34580,1,1.0
97,0.0,1.0,0.0,1.0,7.0,8,156.0063538077824,276.0084339545272,pobre,0,6,500.0,416.0,1.0,26.0,15,465,34581,7,1.0
98,0.0,1.0,0.0,1.0,9.0,8,156.0063538077824,276.0084339545272,pobre,0,6,500.0,416.0,1.0,26.0,16,465,34581,7,1.0
97,1.0,1.0,0.0,1.0,1.0,8,156.0063538077824,276.0084339545272,pobre,0,6,500.0,416.0,1.0,26.0,7,465,34582,1,1.0
98,1.0,1.0,0.0,1.0,2.0,8,156.0063538077824,276.0084339545272,pobre,0,6,500.0,416.0,1.0,26.0,8,465,34582,1,1.0
97,0.0,1.0,0.0,1.0,0.0,8,156.0063538077824,276.0084339545272,pobre,0,6,500.0,416.0,1.0,26.0,6,465,34583,0,1.0
98,0.0,1.0,0.0,1.0,1.0,8,156.0063538077824,276.0084339545272,pobre,0,6,500.0,416.0,1.0,26.0,7,465,34583,0,1.0
97,1.0,1.0,0.0,0.0,5.0,7,156.0063538077824,276.0084339545272,pobre,0,6,375.0,561.0,1.0,34.0,15,465,34584,5,0.0
98,1.0,1.0,0.0,1.0,5.0,7,156.0063538077824,276.0084339545272,pobre,0,6,375.0,561.0,1.0,34.0,16,465,34584,5,0.0
97,1.0,1.0,0.0,1.0,2.0,7,156.0063538077824,276.0084339545272,pobre,0,6,375.0,561.0,1.0,34.0,9,465,34585,2,1.0
98,1.0,1.0,0.0,1.0,3.0,7,156.0063538077824,276.0084339545272,pobre,0,6,375.0,561.0,1.0,34.0,10,465,34585,2,1.0
97,1.0,1.0,0.0,1.0,0.0,7,156.0063538077824,276.0084339545272,pobre,0,6,375.0,561.0,1.0,34.0,6,465,34586,0,1.0
98,1.0,1.0,0.0,1.0,1.0,7,156.0063538077824,276.0084339545272,pobre,0,6,375.0,561.0,1.0,34.0,7,465,34586,0,1.0
97,0.0,1.0,0.0,1.0,4.0,13,156.0063538077824,276.0084339545272,pobre,0,6,250.0,658.5,1.0,39.0,14,465,34587,4,1.0
98,0.0,1.0,0.0,1.0,5.0,13,156.0063538077824,276.0084339545272,pobre,0,6,250.0,658.5,1.0,39.0,15,465,34587,4,1.0
97,0.0,1.0,0.0,1.0,4.0,13,156.0063538077824,276.0084339545272,pobre,0,6,250.0,658.5,1.0,39.0,11,465,34588,4,1.0
98,0.0,1.0,0.0,1.0,5.0,13,156.0063538077824,276.0084339545272,pobre,0,6,250.0,658.5,1.0,39.0,12,465,34588,4,1.0
97,1.0,1.0,0.0,1.0,0.0,13,156.0063538077824,276.0084339545272,pobre,0,6,250.0,658.5,1.0,39.0,8,465,34589,0,1.0
98,1.0,1.0,0.0,1.0,0.0,13,156.0063538077824,276.0084339545272,pobre,0,6,250.0,658.5,1.0,39.0,9,465,34589,0,1.0
97,0.0,1.0,0.0,1.0,0.0,9,156.0063538077824,276.0084339545272,pobre,0,9,375.0,837.75,1.0,52.0,7,465,34590,0,1.0
98,0.0,1.0,0.0,1.0,1.0,9,156.0063538077824,276.0084339545272,pobre,0,9,375.0,837.75,1.0,52.0,8,465,34590,0,1.0
97,1.0,1.0,0.0,1.0,2.0,11,156.0063538077824,276.0084339545272,pobre,0,6,375.0,707.25,1.0,35.0,12,465,34591,2,1.0
98,1.0,1.0,0.0,1.0,7.0,11,156.0063538077824,276.0084339545272,pobre,0,6,375.0,707.25,1.0,35.0,13,465,34591,2,1.0
97,0.0,1.0,0.0,1.0,2.0,11,156.0063538077824,276.0084339545272,pobre,0,6,375.0,707.25,1.0,35.0,9,465,34592,2,1.0
98,0.0,1.0,0.0,1.0,2.0,11,156.0063538077824,276.0084339545272,pobre,0,6,375.0,707.25,1.0,35.0,10,465,34592,2,1.0
97,1.0,1.0,0.0,1.0,0.0,11,156.0063538077824,276.0084339545272,pobre,0,6,375.0,707.25,1.0,35.0,7,465,34593,0,1.0
98,1.0,1.0,0.0,1.0,0.0,11,156.0063538077824,276.0084339545272,pobre,0,6,375.0,707.25,1.0,35.0,8,465,34593,0,1.0
97,0.0,1.0,0.0,1.0,1.0,11,156.0063538077824,276.0084339545272,pobre,0,6,375.0,707.25,1.0,35.0,7,465,34594,1,1.0
98,0.0,1.0,0.0,1.0,2.0,11,156.0063538077824,276.0084339545272,pobre,0,6,375.0,707.25,1.0,35.0,8,465,34594,1,1.0
97,1.0,1.0,0.0,1.0,7.0,13,156.0063538077824,276.0084339545272,pobre,0,6,375.0,772.20001,1.0,48.0,14,465,34595,7,1.0
98,1.0,1.0,0.0,1.0,7.0,13,156.0063538077824,276.0084339545272,pobre,0,6,375.0,772.20001,1.0,48.0,15,465,34595,7,1.0
97,0.0,1.0,0.0,1.0,3.0,13,156.0063538077824,276.0084339545272,pobre,0,6,375.0,772.20001,1.0,48.0,9,465,34596,3,1.0
98,0.0,1.0,0.0,1.0,4.0,13,156.0063538077824,276.0084339545272,pobre,0,6,375.0,772.20001,1.0,48.0,10,465,34596,3,1.0
97,0.0,1.0,0.0,1.0,2.0,13,156.0063538077824,276.0084339545272,pobre,0,6,375.0,772.20001,1.0,48.0,8,465,34597,2,1.0
98,0.0,1.0,0.0,1.0,4.0,13,156.0063538077824,276.0084339545272,pobre,0,6,375.0,772.20001,1.0,48.0,9,465,34597,2,1.0
97,0.0,1.0,0.0,1.0,4.0,4,156.0063538077824,276.0084339545272,pobre,0,0,375.0,588.0,1.0,56.0,13,465,34598,4,1.0
98,0.0,1.0,0.0,1.0,5.0,4,156.0063538077824,276.0084339545272,pobre,0,0,375.0,588.0,1.0,56.0,14,465,34598,4,1.0
97,0.0,1.0,0.0,1.0,7.0,14,156.0063538077824,276.0084339545272,pobre,0,10,1000.0,809.59998,1.0,33.0,14,465,34599,7,1.0
98,0.0,1.0,0.0,1.0,8.0,14,156.0063538077824,276.0084339545272,pobre,0,10,1000.0,809.59998,1.0,33.0,15,465,34599,7,1.0
97,1.0,1.0,0.0,1.0,6.0,14,156.0063538077824,276.0084339545272,pobre,0,10,1000.0,809.59998,1.0,33.0,11,465,34600,6,1.0
98,1.0,1.0,0.0,1.0,7.0,14,156.0063538077824,276.0084339545272,pobre,0,10,1000.0,809.59998,1.0,33.0,12,465,34600,6,1.0
97,0.0,1.0,0.0,1.0,4.0,14,156.0063538077824,276.0084339545272,pobre,0,10,1000.0,809.59998,1.0,33.0,10,465,34601,4,1.0
98,0.0,1.0,0.0,1.0,5.0,14,156.0063538077824,276.0084339545272,pobre,0,10,1000.0,809.59998,1.0,33.0,11,465,34601,4,1.0
97,1.0,1.0,0.0,1.0,1.0,14,156.0063538077824,276.0084339545272,pobre,0,10,1000.0,809.59998,1.0,33.0,8,465,34602,1,1.0
98,1.0,1.0,0.0,1.0,2.0,14,156.0063538077824,276.0084339545272,pobre,0,10,1000.0,809.59998,1.0,33.0,9,465,34602,1,1.0
97,0.0,1.0,0.0,1.0,6.0,14,156.0063538077824,276.0084339545272,pobre,0,10,1000.0,809.59998,1.0,33.0,11,465,34603,6,1.0
98,0.0,1.0,0.0,1.0,7.0,14,156.0063538077824,276.0084339545272,pobre,0,10,1000.0,809.59998,1.0,33.0,12,465,34603,6,1.0
97,1.0,1.0,0.0,1.0,1.0,14,156.0063538077824,276.0084339545272,pobre,0,10,1000.0,809.59998,1.0,33.0,8,465,34604,1,1.0
98,1.0,1.0,0.0,1.0,1.0,14,156.0063538077824,276.0084339545272,pobre,0,10,1000.0,809.59998,1.0,33.0,9,465,34604,1,1.0
97,0.0,1.0,3.0439999,0.0,6.0,9,162.0278080249973,264.1598546067176,pobre,0,3,375.0,733.5,1.0,73.0,14,466,34605,6,0.0
98,0.0,1.0,3.0439999,,,9,162.0278080249973,264.1598546067176,pobre,0,3,375.0,733.5,1.0,73.0,15,466,34605,6,0.0
97,1.0,1.0,3.0439999,1.0,3.0,9,162.0278080249973,264.1598546067176,pobre,0,3,375.0,733.5,1.0,73.0,10,466,34606,3,1.0
98,1.0,1.0,3.0439999,1.0,4.0,9,162.0278080249973,264.1598546067176,pobre,0,3,375.0,733.5,1.0,73.0,11,466,34606,3,1.0
97,1.0,1.0,3.0439999,1.0,0.0,9,162.0278080249973,264.1598546067176,pobre,0,3,375.0,733.5,1.0,73.0,6,466,34607,0,1.0
98,1.0,1.0,3.0439999,1.0,1.0,9,162.0278080249973,264.1598546067176,pobre,0,3,375.0,733.5,1.0,73.0,7,466,34607,0,1.0
97,1.0,0.0,3.767,1.0,5.0,6,127.5952702289413,288.2051001430655,pobre,basal,3,0.0,488.0,1.0,33.0,11,450,34608,5,1.0
98,1.0,0.0,3.767,1.0,6.0,6,127.5952702289413,288.2051001430655,pobre,basal,3,0.0,488.0,1.0,33.0,12,450,34608,5,1.0
97,0.0,0.0,3.767,1.0,3.0,6,127.5952702289413,288.2051001430655,pobre,basal,3,0.0,488.0,1.0,33.0,9,450,34609,3,1.0
98,0.0,0.0,3.767,1.0,4.0,6,127.5952702289413,288.2051001430655,pobre,basal,3,0.0,488.0,1.0,33.0,10,450,34609,3,1.0
97,0.0,0.0,3.767,0.0,6.0,7,127.5952702289413,288.2051001430655,pobre,basal,0,0.0,910.70099,1.0,68.0,13,450,34610,6,0.0
98,0.0,0.0,3.767,0.0,6.0,7,127.5952702289413,288.2051001430655,pobre,basal,0,0.0,910.70099,1.0,68.0,14,450,34610,6,0.0
97,1.0,0.0,3.767,0.0,6.0,8,127.5952702289413,288.2051001430655,pobre,basal,2,0.0,690.20001,1.0,47.0,16,450,34611,6,0.0
98,1.0,0.0,3.767,,,8,127.5952702289413,288.2051001430655,pobre,basal,2,0.0,690.20001,1.0,47.0,17,450,34611,6,0.0
97,0.0,0.0,3.767,0.0,6.0,8,127.5952702289413,288.2051001430655,pobre,basal,2,0.0,690.20001,1.0,47.0,14,450,34612,6,0.0
98,0.0,0.0,3.767,,,8,127.5952702289413,288.2051001430655,pobre,basal,2,0.0,690.20001,1.0,47.0,15,450,34612,6,0.0
97,0.0,0.0,3.767,0.0,6.0,3,127.5952702289413,288.2051001430655,pobre,basal,3,375.0,674.0,1.0,49.0,14,450,34613,6,0.0
98,0.0,0.0,3.767,,,3,127.5952702289413,288.2051001430655,pobre,basal,3,375.0,674.0,1.0,49.0,15,450,34613,6,0.0
97,0.0,0.0,3.767,1.0,3.0,7,127.5952702289413,288.2051001430655,pobre,basal,0,0.0,476.5,1.0,42.0,13,450,34614,3,1.0
98,0.0,0.0,3.767,1.0,4.0,7,127.5952702289413,288.2051001430655,pobre,basal,0,0.0,476.5,1.0,42.0,14,450,34614,3,1.0
97,1.0,0.0,3.767,0.0,1.0,7,127.5952702289413,288.2051001430655,pobre,basal,0,0.0,476.5,1.0,42.0,10,450,34615,1,0.0
98,1.0,0.0,3.767,1.0,1.0,7,127.5952702289413,288.2051001430655,pobre,basal,0,0.0,476.5,1.0,42.0,11,450,34615,1,0.0
97,1.0,0.0,3.767,,0.0,7,127.5952702289413,288.2051001430655,pobre,basal,0,0.0,476.5,1.0,42.0,8,450,34616,0,
98,1.0,0.0,3.767,1.0,0.0,7,127.5952702289413,288.2051001430655,pobre,basal,0,0.0,476.5,1.0,42.0,9,450,34616,0,
97,1.0,0.0,3.767,0.0,6.0,5,127.5952702289413,288.2051001430655,pobre,basal,3,375.0,706.75,1.0,64.0,16,450,34617,6,0.0
98,1.0,0.0,3.767,,,5,127.5952702289413,288.2051001430655,pobre,basal,3,375.0,706.75,1.0,64.0,17,450,34617,6,0.0
97,1.0,0.0,3.767,0.0,6.0,7,127.5952702289413,288.2051001430655,pobre,basal,3,0.0,505.0,1.0,38.0,15,450,34618,6,0.0
98,1.0,0.0,3.767,,,7,127.5952702289413,288.2051001430655,pobre,basal,3,0.0,505.0,1.0,38.0,16,450,34618,6,0.0
97,0.0,0.0,3.767,1.0,6.0,7,127.5952702289413,288.2051001430655,pobre,basal,3,0.0,505.0,1.0,38.0,14,450,34619,6,1.0
98,0.0,0.0,3.767,,,7,127.5952702289413,288.2051001430655,pobre,basal,3,0.0,505.0,1.0,38.0,15,450,34619,6,1.0
97,0.0,0.0,3.767,1.0,6.0,7,127.5952702289413,288.2051001430655,pobre,basal,3,0.0,505.0,1.0,38.0,13,450,34620,6,1.0
98,0.0,0.0,3.767,,,7,127.5952702289413,288.2051001430655,pobre,basal,3,0.0,505.0,1.0,38.0,14,450,34620,6,1.0
97,0.0,0.0,3.767,1.0,6.0,7,127.5952702289413,288.2051001430655,pobre,basal,3,0.0,505.0,1.0,38.0,10,450,34621,6,1.0
98,0.0,0.0,3.767,,,7,127.5952702289413,288.2051001430655,pobre,basal,3,0.0,505.0,1.0,38.0,11,450,34621,6,1.0
97,1.0,0.0,3.767,0.0,6.0,12,127.5952702289413,288.2051001430655,pobre,basal,2,0.0,778.79999,1.0,47.0,16,450,34622,6,0.0
98,1.0,0.0,3.767,,,12,127.5952702289413,288.2051001430655,pobre,basal,2,0.0,778.79999,1.0,47.0,17,450,34622,6,0.0
97,1.0,0.0,3.767,0.0,6.0,12,127.5952702289413,288.2051001430655,pobre,basal,2,0.0,778.79999,1.0,47.0,14,450,34623,6,0.0
98,1.0,0.0,3.767,0.0,6.0,12,127.5952702289413,288.2051001430655,pobre,basal,2,0.0,778.79999,1.0,47.0,15,450,34623,6,0.0
97,0.0,0.0,3.767,0.0,6.0,12,127.5952702289413,288.2051001430655,pobre,basal,2,0.0,778.79999,1.0,47.0,12,450,34624,6,0.0
98,0.0,0.0,3.767,,,12,127.5952702289413,288.2051001430655,pobre,basal,2,0.0,778.79999,1.0,47.0,13,450,34624,6,0.0
97,0.0,0.0,3.767,1.0,4.0,12,127.5952702289413,288.2051001430655,pobre,basal,2,0.0,778.79999,1.0,47.0,10,450,34625,4,1.0
98,0.0,0.0,3.767,1.0,5.0,12,127.5952702289413,288.2051001430655,pobre,basal,2,0.0,778.79999,1.0,47.0,11,450,34625,4,1.0
97,0.0,0.0,3.767,1.0,3.0,12,127.5952702289413,288.2051001430655,pobre,basal,2,0.0,778.79999,1.0,47.0,8,450,34626,3,1.0
98,0.0,0.0,3.767,1.0,3.0,12,127.5952702289413,288.2051001430655,pobre,basal,2,0.0,778.79999,1.0,47.0,9,450,34626,3,1.0
97,1.0,0.0,3.767,0.0,6.0,10,127.5952702289413,288.2051001430655,pobre,basal,0,0.0,878.0,1.0,49.0,15,450,34627,6,0.0
98,1.0,0.0,3.767,1.0,6.0,10,127.5952702289413,288.2051001430655,pobre,basal,0,0.0,878.0,1.0,49.0,16,450,34627,6,0.0
97,1.0,0.0,3.767,1.0,5.0,10,127.5952702289413,288.2051001430655,pobre,basal,0,0.0,878.0,1.0,49.0,13,450,34628,5,1.0
98,1.0,0.0,3.767,1.0,6.0,10,127.5952702289413,288.2051001430655,pobre,basal,0,0.0,878.0,1.0,49.0,14,450,34628,5,1.0
97,0.0,0.0,3.767,1.0,5.0,10,127.5952702289413,288.2051001430655,pobre,basal,0,0.0,878.0,1.0,49.0,10,450,34629,5,1.0
98,0.0,0.0,3.767,1.0,6.0,10,127.5952702289413,288.2051001430655,pobre,basal,0,0.0,878.0,1.0,49.0,11,450,34629,5,1.0
97,0.0,0.0,3.767,1.0,1.0,10,127.5952702289413,288.2051001430655,pobre,basal,0,0.0,878.0,1.0,49.0,6,450,34630,1,1.0
98,0.0,0.0,3.767,1.0,2.0,10,127.5952702289413,288.2051001430655,pobre,basal,0,0.0,878.0,1.0,49.0,7,450,34630,1,1.0
97,1.0,0.0,3.767,1.0,0.0,10,127.5952702289413,288.2051001430655,pobre,basal,9,0.0,718.5,1.0,71.0,6,450,34631,0,1.0
98,1.0,0.0,3.767,1.0,1.0,10,127.5952702289413,288.2051001430655,pobre,basal,9,0.0,718.5,1.0,71.0,7,450,34631,0,1.0
97,1.0,1.0,0.72899997,1.0,8.0,3,154.5914288333522,272.0878562975476,pobre,basal,0,500.0,746.0,1.0,48.0,16,469,34632,8,1.0
98,1.0,1.0,0.72899997,,,3,154.5914288333522,272.0878562975476,pobre,basal,0,500.0,746.0,1.0,48.0,17,469,34632,8,1.0
97,1.0,1.0,0.72899997,1.0,1.0,7,154.5914288333522,272.0878562975476,pobre,basal,3,500.0,603.0,1.0,49.0,7,469,34633,1,1.0
98,1.0,1.0,0.72899997,1.0,1.0,7,154.5914288333522,272.0878562975476,pobre,basal,3,500.0,603.0,1.0,49.0,8,469,34633,1,1.0
97,0.0,1.0,0.72899997,0.0,6.0,9,154.5914288333522,272.0878562975476,pobre,basal,6,500.0,578.5,1.0,33.0,15,469,34634,6,0.0
98,0.0,1.0,0.72899997,,,9,154.5914288333522,272.0878562975476,pobre,basal,6,500.0,578.5,1.0,33.0,16,469,34634,6,0.0
97,0.0,1.0,0.72899997,0.0,6.0,9,154.5914288333522,272.0878562975476,pobre,basal,6,500.0,578.5,1.0,33.0,12,469,34635,6,0.0
98,0.0,1.0,0.72899997,,,9,154.5914288333522,272.0878562975476,pobre,basal,6,500.0,578.5,1.0,33.0,13,469,34635,6,0.0
97,0.0,1.0,0.72899997,1.0,5.0,9,154.5914288333522,272.0878562975476,pobre,basal,6,500.0,578.5,1.0,33.0,10,469,34636,5,1.0
98,0.0,1.0,0.72899997,1.0,6.0,9,154.5914288333522,272.0878562975476,pobre,basal,6,500.0,578.5,1.0,33.0,11,469,34636,5,1.0
97,1.0,1.0,0.72899997,1.0,1.0,9,154.5914288333522,272.0878562975476,pobre,basal,6,500.0,578.5,1.0,33.0,6,469,34637,1,1.0
98,1.0,1.0,0.72899997,1.0,2.0,9,154.5914288333522,272.0878562975476,pobre,basal,6,500.0,578.5,1.0,33.0,7,469,34637,1,1.0
97,1.0,1.0,0.72899997,1.0,4.0,12,154.5914288333522,272.0878562975476,pobre,basal,3,625.0,673.0,1.0,58.0,11,469,34638,4,1.0
98,1.0,1.0,0.72899997,1.0,5.0,12,154.5914288333522,272.0878562975476,pobre,basal,3,625.0,673.0,1.0,58.0,12,469,34638,4,1.0
97,0.0,1.0,0.72899997,1.0,3.0,12,154.5914288333522,272.0878562975476,pobre,basal,3,625.0,673.0,1.0,58.0,9,469,34639,3,1.0
98,0.0,1.0,0.72899997,1.0,4.0,12,154.5914288333522,272.0878562975476,pobre,basal,3,625.0,673.0,1.0,58.0,10,469,34639,3,1.0
97,1.0,1.0,0.72899997,1.0,1.0,12,154.5914288333522,272.0878562975476,pobre,basal,3,625.0,673.0,1.0,58.0,7,469,34640,1,1.0
98,1.0,1.0,0.72899997,1.0,2.0,12,154.5914288333522,272.0878562975476,pobre,basal,3,625.0,673.0,1.0,58.0,8,469,34640,1,1.0
97,1.0,1.0,0.72899997,,0.0,12,154.5914288333522,272.0878562975476,pobre,basal,3,625.0,673.0,1.0,58.0,16,469,34641,0,
98,1.0,1.0,0.72899997,,,12,154.5914288333522,272.0878562975476,pobre,basal,3,625.0,673.0,1.0,58.0,17,469,34641,0,
97,1.0,1.0,0.72899997,1.0,5.0,3,154.5914288333522,272.0878562975476,pobre,basal,2,500.0,731.0,1.0,65.0,13,469,34642,5,1.0
98,1.0,1.0,0.72899997,1.0,5.0,3,154.5914288333522,272.0878562975476,pobre,basal,2,500.0,731.0,1.0,65.0,14,469,34642,5,1.0
97,0.0,1.0,3.0439999,0.0,6.0,8,162.0278080249973,264.1598546067176,pobre,0,6,625.0,611.0,1.0,37.0,15,466,34643,6,0.0
98,0.0,1.0,3.0439999,,,8,162.0278080249973,264.1598546067176,pobre,0,6,625.0,611.0,1.0,37.0,16,466,34643,6,0.0
97,1.0,1.0,3.0439999,1.0,5.0,8,162.0278080249973,264.1598546067176,pobre,0,6,625.0,611.0,1.0,37.0,14,466,34644,5,1.0
98,1.0,1.0,3.0439999,,,8,162.0278080249973,264.1598546067176,pobre,0,6,625.0,611.0,1.0,37.0,15,466,34644,5,1.0
97,1.0,1.0,3.0439999,1.0,3.0,8,162.0278080249973,264.1598546067176,pobre,0,6,625.0,611.0,1.0,37.0,10,466,34645,3,1.0
98,1.0,1.0,3.0439999,1.0,4.0,8,162.0278080249973,264.1598546067176,pobre,0,6,625.0,611.0,1.0,37.0,11,466,34645,3,1.0
97,0.0,1.0,3.0439999,1.0,2.0,8,162.0278080249973,264.1598546067176,pobre,0,6,625.0,611.0,1.0,37.0,8,466,34646,2,1.0
98,0.0,1.0,3.0439999,1.0,3.0,8,162.0278080249973,264.1598546067176,pobre,0,6,625.0,611.0,1.0,37.0,9,466,34646,2,1.0
97,1.0,1.0,3.0439999,1.0,1.0,8,162.0278080249973,264.1598546067176,pobre,0,6,625.0,611.0,1.0,37.0,6,466,34647,1,1.0
98,1.0,1.0,3.0439999,1.0,1.0,8,162.0278080249973,264.1598546067176,pobre,0,6,625.0,611.0,1.0,37.0,7,466,34647,1,1.0
97,1.0,1.0,3.0439999,1.0,4.0,12,162.0278080249973,264.1598546067176,pobre,0,0,0.0,608.0,0.0,75.0,12,466,34648,4,1.0
98,1.0,1.0,3.0439999,1.0,5.0,12,162.0278080249973,264.1598546067176,pobre,0,0,0.0,608.0,0.0,75.0,13,466,34648,4,1.0
97,0.0,1.0,3.0439999,1.0,0.0,12,162.0278080249973,264.1598546067176,pobre,0,0,0.0,608.0,0.0,75.0,9,466,34649,0,1.0
98,0.0,1.0,3.0439999,1.0,4.0,12,162.0278080249973,264.1598546067176,pobre,0,0,0.0,608.0,0.0,75.0,10,466,34649,0,1.0
97,0.0,1.0,3.0439999,1.0,1.0,12,162.0278080249973,264.1598546067176,pobre,0,0,0.0,608.0,0.0,75.0,7,466,34650,1,1.0
98,0.0,1.0,3.0439999,1.0,2.0,12,162.0278080249973,264.1598546067176,pobre,0,0,0.0,608.0,0.0,75.0,8,466,34650,1,1.0
97,1.0,1.0,3.0439999,1.0,1.0,4,162.0278080249973,264.1598546067176,pobre,0,3,625.0,559.0,1.0,28.0,7,466,34651,1,1.0
98,1.0,1.0,3.0439999,1.0,2.0,4,162.0278080249973,264.1598546067176,pobre,0,3,625.0,559.0,1.0,28.0,8,466,34651,1,1.0
97,1.0,1.0,2.9059999,1.0,2.0,5,164.3898233324462,270.8384497590258,pobre,basal,3,625.0,864.5,1.0,54.0,9,468,34652,2,1.0
98,1.0,1.0,2.9059999,1.0,2.0,5,164.3898233324462,270.8384497590258,pobre,basal,3,625.0,864.5,1.0,54.0,10,468,34652,2,1.0
97,0.0,1.0,2.9059999,0.0,6.0,11,164.3898233324462,270.8384497590258,pobre,basal,3,500.0,675.5,1.0,48.0,14,468,34653,6,0.0
98,0.0,1.0,2.9059999,0.0,6.0,11,164.3898233324462,270.8384497590258,pobre,basal,3,500.0,675.5,1.0,48.0,15,468,34653,6,0.0
97,0.0,1.0,2.9059999,1.0,6.0,11,164.3898233324462,270.8384497590258,pobre,basal,3,500.0,675.5,1.0,48.0,11,468,34654,6,1.0
98,0.0,1.0,2.9059999,1.0,7.0,11,164.3898233324462,270.8384497590258,pobre,basal,3,500.0,675.5,1.0,48.0,12,468,34654,6,1.0
97,0.0,1.0,2.9059999,1.0,5.0,11,164.3898233324462,270.8384497590258,pobre,basal,3,500.0,675.5,1.0,48.0,9,468,34655,5,1.0
98,0.0,1.0,2.9059999,1.0,5.0,11,164.3898233324462,270.8384497590258,pobre,basal,3,500.0,675.5,1.0,48.0,10,468,34655,5,1.0
97,1.0,1.0,2.9059999,1.0,2.0,11,164.3898233324462,270.8384497590258,pobre,basal,3,500.0,675.5,1.0,48.0,8,468,34656,2,1.0
98,1.0,1.0,2.9059999,1.0,3.0,11,164.3898233324462,270.8384497590258,pobre,basal,3,500.0,675.5,1.0,48.0,9,468,34656,2,1.0
97,1.0,1.0,2.9059999,1.0,6.0,8,164.3898233324462,270.8384497590258,pobre,basal,0,500.0,544.0,1.0,35.0,14,468,34657,6,1.0
98,1.0,1.0,2.9059999,0.0,6.0,8,164.3898233324462,270.8384497590258,pobre,basal,0,500.0,544.0,1.0,35.0,15,468,34657,6,1.0
97,1.0,1.0,2.9059999,1.0,6.0,8,164.3898233324462,270.8384497590258,pobre,basal,0,500.0,544.0,1.0,35.0,13,468,34658,6,1.0
98,1.0,1.0,2.9059999,0.0,6.0,8,164.3898233324462,270.8384497590258,pobre,basal,0,500.0,544.0,1.0,35.0,14,468,34658,6,1.0
97,0.0,1.0,2.9059999,1.0,3.0,8,164.3898233324462,270.8384497590258,pobre,basal,0,500.0,544.0,1.0,35.0,10,468,34659,3,1.0
98,0.0,1.0,2.9059999,1.0,4.0,8,164.3898233324462,270.8384497590258,pobre,basal,0,500.0,544.0,1.0,35.0,11,468,34659,3,1.0
97,0.0,1.0,2.9059999,1.0,3.0,8,164.3898233324462,270.8384497590258,pobre,basal,0,500.0,544.0,1.0,35.0,9,468,34660,3,1.0
98,0.0,1.0,2.9059999,1.0,3.0,8,164.3898233324462,270.8384497590258,pobre,basal,0,500.0,544.0,1.0,35.0,10,468,34660,3,1.0
97,1.0,1.0,2.9059999,1.0,1.0,8,164.3898233324462,270.8384497590258,pobre,basal,0,500.0,544.0,1.0,35.0,6,468,34661,1,1.0
98,1.0,1.0,2.9059999,1.0,1.0,8,164.3898233324462,270.8384497590258,pobre,basal,0,500.0,544.0,1.0,35.0,7,468,34661,1,1.0
97,1.0,1.0,2.9059999,1.0,5.0,7,164.3898233324462,270.8384497590258,pobre,basal,4,500.0,577.0,1.0,36.0,12,468,34662,5,1.0
98,1.0,1.0,2.9059999,1.0,6.0,7,164.3898233324462,270.8384497590258,pobre,basal,4,500.0,577.0,1.0,36.0,13,468,34662,5,1.0
97,1.0,1.0,2.9059999,1.0,2.0,7,164.3898233324462,270.8384497590258,pobre,basal,4,500.0,577.0,1.0,36.0,9,468,34663,2,1.0
98,1.0,1.0,2.9059999,1.0,2.0,7,164.3898233324462,270.8384497590258,pobre,basal,4,500.0,577.0,1.0,36.0,10,468,34663,2,1.0
97,1.0,1.0,2.9059999,1.0,1.0,7,164.3898233324462,270.8384497590258,pobre,basal,4,500.0,577.0,1.0,36.0,7,468,34664,1,1.0
98,1.0,1.0,2.9059999,1.0,1.0,7,164.3898233324462,270.8384497590258,pobre,basal,4,500.0,577.0,1.0,36.0,8,468,34664,1,1.0
97,1.0,1.0,1.3710001,1.0,8.0,7,164.3681010719044,269.0810428787099,pobre,0,9,625.0,630.0,1.0,38.0,14,461,34665,8,1.0
98,1.0,1.0,1.3710001,1.0,9.0,7,164.3681010719044,269.0810428787099,pobre,0,9,625.0,630.0,1.0,38.0,15,461,34665,8,1.0
97,0.0,1.0,1.3710001,1.0,7.0,7,164.3681010719044,269.0810428787099,pobre,0,9,625.0,630.0,1.0,38.0,12,461,34666,7,1.0
98,0.0,1.0,1.3710001,1.0,7.0,7,164.3681010719044,269.0810428787099,pobre,0,9,625.0,630.0,1.0,38.0,13,461,34666,7,1.0
97,1.0,1.0,1.3710001,1.0,5.0,7,164.3681010719044,269.0810428787099,pobre,0,9,625.0,630.0,1.0,38.0,10,461,34667,5,1.0
98,1.0,1.0,1.3710001,1.0,6.0,7,164.3681010719044,269.0810428787099,pobre,0,9,625.0,630.0,1.0,38.0,11,461,34667,5,1.0
97,0.0,1.0,1.3710001,1.0,6.0,14,164.3681010719044,269.0810428787099,no pobre,0,4,500.0,1085.6,1.0,68.0,11,461,34668,6,1.0
98,0.0,1.0,1.3710001,1.0,6.0,14,164.3681010719044,269.0810428787099,no pobre,0,4,500.0,1085.6,1.0,68.0,12,461,34668,6,1.0
97,0.0,1.0,1.3710001,1.0,4.0,14,164.3681010719044,269.0810428787099,no pobre,0,4,500.0,1085.6,1.0,68.0,9,461,34669,4,1.0
98,0.0,1.0,1.3710001,1.0,4.0,14,164.3681010719044,269.0810428787099,no pobre,0,4,500.0,1085.6,1.0,68.0,10,461,34669,4,1.0
97,0.0,1.0,1.3710001,1.0,8.0,5,164.3681010719044,269.0810428787099,pobre,0,6,500.0,868.5,1.0,46.0,15,461,34670,8,1.0
98,0.0,1.0,1.3710001,1.0,9.0,5,164.3681010719044,269.0810428787099,pobre,0,6,500.0,868.5,1.0,46.0,16,461,34670,8,1.0
97,0.0,1.0,1.3710001,1.0,2.0,5,164.3681010719044,269.0810428787099,pobre,0,6,500.0,868.5,1.0,46.0,8,461,34671,2,1.0
98,0.0,1.0,1.3710001,1.0,3.0,5,164.3681010719044,269.0810428787099,pobre,0,6,500.0,868.5,1.0,46.0,9,461,34671,2,1.0
97,1.0,1.0,1.3710001,1.0,1.0,5,164.3681010719044,269.0810428787099,pobre,0,6,500.0,868.5,1.0,46.0,7,461,34672,1,1.0
98,1.0,1.0,1.3710001,1.0,2.0,5,164.3681010719044,269.0810428787099,pobre,0,6,500.0,868.5,1.0,46.0,8,461,34672,1,1.0
97,0.0,1.0,1.3710001,1.0,8.0,10,164.3681010719044,269.0810428787099,pobre,0,4,625.0,746.0,1.0,52.0,16,461,34673,8,1.0
98,0.0,1.0,1.3710001,,,10,164.3681010719044,269.0810428787099,pobre,0,4,625.0,746.0,1.0,52.0,17,461,34673,8,1.0
97,1.0,1.0,1.3710001,1.0,6.0,10,164.3681010719044,269.0810428787099,pobre,0,4,625.0,746.0,1.0,52.0,13,461,34674,6,1.0
98,1.0,1.0,1.3710001,1.0,7.0,10,164.3681010719044,269.0810428787099,pobre,0,4,625.0,746.0,1.0,52.0,14,461,34674,6,1.0
97,0.0,1.0,1.3710001,1.0,3.0,10,164.3681010719044,269.0810428787099,pobre,0,4,625.0,746.0,1.0,52.0,10,461,34675,3,1.0
98,0.0,1.0,1.3710001,1.0,4.0,10,164.3681010719044,269.0810428787099,pobre,0,4,625.0,746.0,1.0,52.0,11,461,34675,3,1.0
97,1.0,1.0,1.3710001,0.0,2.0,5,164.3681010719044,269.0810428787099,pobre,0,1,0.0,666.5,0.0,45.0,15,461,34676,2,0.0
98,1.0,1.0,1.3710001,,,5,164.3681010719044,269.0810428787099,pobre,0,1,0.0,666.5,0.0,45.0,16,461,34676,2,0.0
97,1.0,1.0,1.3710001,0.0,4.0,5,164.3681010719044,269.0810428787099,pobre,0,1,0.0,666.5,0.0,45.0,12,461,34677,4,0.0
98,1.0,1.0,1.3710001,0.0,4.0,5,164.3681010719044,269.0810428787099,pobre,0,1,0.0,666.5,0.0,45.0,13,461,34677,4,0.0
97,0.0,1.0,1.3710001,1.0,2.0,5,164.3681010719044,269.0810428787099,pobre,0,1,0.0,666.5,0.0,45.0,10,461,34678,2,1.0
98,0.0,1.0,1.3710001,1.0,3.0,5,164.3681010719044,269.0810428787099,pobre,0,1,0.0,666.5,0.0,45.0,11,461,34678,2,1.0
97,0.0,0.0,3.767,1.0,9.0,7,127.5952702289413,288.2051001430655,pobre,basal,2,1000.0,817.58099,1.0,43.0,16,450,34679,9,1.0
98,0.0,0.0,3.767,,,7,127.5952702289413,288.2051001430655,pobre,basal,2,1000.0,817.58099,1.0,43.0,17,450,34679,9,1.0
97,0.0,0.0,3.767,1.0,7.0,7,127.5952702289413,288.2051001430655,pobre,basal,2,1000.0,817.58099,1.0,43.0,14,450,34680,7,1.0
98,0.0,0.0,3.767,0.0,6.0,7,127.5952702289413,288.2051001430655,pobre,basal,2,1000.0,817.58099,1.0,43.0,15,450,34680,7,1.0
97,0.0,0.0,3.767,1.0,6.0,7,127.5952702289413,288.2051001430655,pobre,basal,2,1000.0,817.58099,1.0,43.0,12,450,34681,6,1.0
98,0.0,0.0,3.767,1.0,5.0,7,127.5952702289413,288.2051001430655,pobre,basal,2,1000.0,817.58099,1.0,43.0,13,450,34681,6,1.0
97,1.0,0.0,3.767,1.0,4.0,7,127.5952702289413,288.2051001430655,pobre,basal,2,1000.0,817.58099,1.0,43.0,10,450,34682,4,1.0
98,1.0,0.0,3.767,1.0,3.0,7,127.5952702289413,288.2051001430655,pobre,basal,2,1000.0,817.58099,1.0,43.0,11,450,34682,4,1.0
97,1.0,0.0,3.767,,0.0,7,127.5952702289413,288.2051001430655,pobre,basal,2,1000.0,817.58099,1.0,43.0,8,450,34683,0,
98,1.0,0.0,3.767,1.0,2.0,7,127.5952702289413,288.2051001430655,pobre,basal,2,1000.0,817.58099,1.0,43.0,9,450,34683,0,
97,0.0,0.0,3.3210001,1.0,6.0,7,156.6796310386692,270.9061189275933,pobre,basal,4,625.0,597.0,1.0,39.0,14,462,34684,6,1.0
98,0.0,0.0,3.3210001,1.0,6.0,7,156.6796310386692,270.9061189275933,pobre,basal,4,625.0,597.0,1.0,39.0,15,462,34684,6,1.0
97,1.0,0.0,3.3210001,1.0,5.0,7,156.6796310386692,270.9061189275933,pobre,basal,4,625.0,597.0,1.0,39.0,12,462,34685,5,1.0
98,1.0,0.0,3.3210001,1.0,5.0,7,156.6796310386692,270.9061189275933,pobre,basal,4,625.0,597.0,1.0,39.0,13,462,34685,5,1.0
97,0.0,0.0,3.3210001,1.0,3.0,7,156.6796310386692,270.9061189275933,pobre,basal,4,625.0,597.0,1.0,39.0,9,462,34686,3,1.0
98,0.0,0.0,3.3210001,1.0,3.0,7,156.6796310386692,270.9061189275933,pobre,basal,4,625.0,597.0,1.0,39.0,10,462,34686,3,1.0
97,0.0,1.0,3.3210001,1.0,0.0,7,156.6796310386692,270.9061189275933,pobre,basal,4,625.0,597.0,1.0,39.0,7,462,34687,0,1.0
98,0.0,1.0,3.3210001,,,7,156.6796310386692,270.9061189275933,pobre,basal,4,625.0,597.0,1.0,39.0,8,462,34687,0,1.0
97,1.0,0.0,3.3210001,1.0,4.0,3,156.6796310386692,270.9061189275933,pobre,basal,3,500.0,808.0,0.0,63.0,10,462,34688,4,1.0
98,1.0,0.0,3.3210001,1.0,5.0,3,156.6796310386692,270.9061189275933,pobre,basal,3,500.0,808.0,0.0,63.0,11,462,34688,4,1.0
97,0.0,0.0,3.3210001,1.0,3.0,2,156.6796310386692,270.9061189275933,pobre,basal,1,1250.0,905.0,0.0,68.0,16,462,34689,3,1.0
98,0.0,0.0,3.3210001,,,2,156.6796310386692,270.9061189275933,pobre,basal,1,1250.0,905.0,0.0,68.0,17,462,34689,3,1.0
97,1.0,0.0,3.3210001,1.0,4.0,5,156.6796310386692,270.9061189275933,pobre,basal,0,625.0,805.5,1.0,59.0,12,462,34690,4,1.0
98,1.0,0.0,3.3210001,1.0,5.0,5,156.6796310386692,270.9061189275933,pobre,basal,0,625.0,805.5,1.0,59.0,13,462,34690,4,1.0
97,1.0,1.0,0.72899997,1.0,4.0,3,154.5914288333522,272.0878562975476,pobre,basal,5,500.0,752.0,1.0,47.0,10,469,34691,4,1.0
98,1.0,1.0,0.72899997,1.0,5.0,3,154.5914288333522,272.0878562975476,pobre,basal,5,500.0,752.0,1.0,47.0,11,469,34691,4,1.0
97,1.0,1.0,0.72899997,1.0,6.0,4,154.5914288333522,272.0878562975476,pobre,basal,3,500.0,763.0,1.0,59.0,13,469,34692,6,1.0
98,1.0,1.0,0.72899997,1.0,7.0,4,154.5914288333522,272.0878562975476,pobre,basal,3,500.0,763.0,1.0,59.0,14,469,34692,6,1.0
97,0.0,1.0,0.72899997,1.0,2.0,4,154.5914288333522,272.0878562975476,pobre,basal,3,500.0,763.0,1.0,59.0,10,469,34693,2,1.0
98,0.0,1.0,0.72899997,1.0,4.0,4,154.5914288333522,272.0878562975476,pobre,basal,3,500.0,763.0,1.0,59.0,11,469,34693,2,1.0
97,1.0,1.0,0.72899997,1.0,8.0,12,154.5914288333522,272.0878562975476,pobre,basal,0,0.0,717.0,1.0,90.0,15,469,34694,8,1.0
98,1.0,1.0,0.72899997,1.0,9.0,12,154.5914288333522,272.0878562975476,pobre,basal,0,0.0,717.0,1.0,90.0,16,469,34694,8,1.0
97,0.0,1.0,0.72899997,1.0,1.0,12,154.5914288333522,272.0878562975476,pobre,basal,0,0.0,717.0,1.0,90.0,12,469,34695,1,1.0
98,0.0,1.0,0.72899997,1.0,7.0,12,154.5914288333522,272.0878562975476,pobre,basal,0,0.0,717.0,1.0,90.0,13,469,34695,1,1.0
97,0.0,1.0,0.72899997,1.0,5.0,6,154.5914288333522,272.0878562975476,pobre,basal,6,0.0,773.70697,0.0,42.0,14,469,34696,5,1.0
98,0.0,1.0,0.72899997,0.0,6.0,6,154.5914288333522,272.0878562975476,pobre,basal,6,0.0,773.70697,0.0,42.0,15,469,34696,5,1.0
97,1.0,1.0,0.72899997,1.0,4.0,6,154.5914288333522,272.0878562975476,pobre,basal,6,0.0,773.70697,0.0,42.0,12,469,34697,4,1.0
98,1.0,1.0,0.72899997,1.0,5.0,6,154.5914288333522,272.0878562975476,pobre,basal,6,0.0,773.70697,0.0,42.0,13,469,34697,4,1.0
97,0.0,1.0,0.72899997,1.0,2.0,6,154.5914288333522,272.0878562975476,pobre,basal,6,0.0,773.70697,0.0,42.0,11,469,34698,2,1.0
98,0.0,1.0,0.72899997,1.0,2.0,6,154.5914288333522,272.0878562975476,pobre,basal,6,0.0,773.70697,0.0,42.0,12,469,34698,2,1.0
97,1.0,1.0,0.72899997,0.0,9.0,4,154.5914288333522,272.0878562975476,pobre,basal,6,500.0,718.0,1.0,43.0,15,469,34699,9,0.0
98,1.0,1.0,0.72899997,0.0,9.0,4,154.5914288333522,272.0878562975476,pobre,basal,6,500.0,718.0,1.0,43.0,16,469,34699,9,0.0
97,1.0,1.0,0.72899997,1.0,4.0,4,154.5914288333522,272.0878562975476,pobre,basal,6,500.0,718.0,1.0,43.0,11,469,34700,4,1.0
98,1.0,1.0,0.72899997,1.0,5.0,4,154.5914288333522,272.0878562975476,pobre,basal,6,500.0,718.0,1.0,43.0,12,469,34700,4,1.0
97,1.0,1.0,2.9059999,1.0,4.0,8,164.3898233324462,270.8384497590258,pobre,basal,4,625.0,541.0,1.0,34.0,12,468,34701,4,1.0
98,1.0,1.0,2.9059999,1.0,5.0,8,164.3898233324462,270.8384497590258,pobre,basal,4,625.0,541.0,1.0,34.0,13,468,34701,4,1.0
97,1.0,1.0,2.9059999,1.0,3.0,8,164.3898233324462,270.8384497590258,pobre,basal,4,625.0,541.0,1.0,34.0,11,468,34702,3,1.0
98,1.0,1.0,2.9059999,1.0,4.0,8,164.3898233324462,270.8384497590258,pobre,basal,4,625.0,541.0,1.0,34.0,12,468,34702,3,1.0
97,0.0,1.0,2.9059999,1.0,2.0,8,164.3898233324462,270.8384497590258,pobre,basal,4,625.0,541.0,1.0,34.0,8,468,34703,2,1.0
98,0.0,1.0,2.9059999,1.0,3.0,8,164.3898233324462,270.8384497590258,pobre,basal,4,625.0,541.0,1.0,34.0,9,468,34703,2,1.0
97,1.0,1.0,2.9059999,1.0,0.0,8,164.3898233324462,270.8384497590258,pobre,basal,4,625.0,541.0,1.0,34.0,7,468,34704,0,1.0
98,1.0,1.0,2.9059999,1.0,1.0,8,164.3898233324462,270.8384497590258,pobre,basal,4,625.0,541.0,1.0,34.0,8,468,34704,0,1.0
97,0.0,1.0,3.0439999,1.0,6.0,9,162.0278080249973,264.1598546067176,pobre,0,6,625.0,638.0,1.0,33.0,12,466,34705,6,1.0
98,0.0,1.0,3.0439999,1.0,7.0,9,162.0278080249973,264.1598546067176,pobre,0,6,625.0,638.0,1.0,33.0,13,466,34705,6,1.0
97,0.0,1.0,3.0439999,1.0,5.0,9,162.0278080249973,264.1598546067176,pobre,0,6,625.0,638.0,1.0,33.0,10,466,34706,5,1.0
98,0.0,1.0,3.0439999,1.0,6.0,9,162.0278080249973,264.1598546067176,pobre,0,6,625.0,638.0,1.0,33.0,11,466,34706,5,1.0
97,0.0,1.0,3.0439999,1.0,1.0,9,162.0278080249973,264.1598546067176,pobre,0,6,625.0,638.0,1.0,33.0,7,466,34707,1,1.0
98,0.0,1.0,3.0439999,1.0,2.0,9,162.0278080249973,264.1598546067176,pobre,0,6,625.0,638.0,1.0,33.0,8,466,34707,1,1.0
97,1.0,1.0,3.0439999,1.0,1.0,6,162.0278080249973,264.1598546067176,pobre,0,6,500.0,611.0,1.0,38.0,7,466,34708,1,1.0
98,1.0,1.0,3.0439999,1.0,2.0,6,162.0278080249973,264.1598546067176,pobre,0,6,500.0,611.0,1.0,38.0,8,466,34708,1,1.0
97,0.0,1.0,3.0439999,1.0,7.0,7,162.0278080249973,264.1598546067176,pobre,0,6,625.0,911.5,1.0,52.0,14,466,34709,7,1.0
98,0.0,1.0,3.0439999,1.0,8.0,7,162.0278080249973,264.1598546067176,pobre,0,6,625.0,911.5,1.0,52.0,15,466,34709,7,1.0
97,1.0,1.0,3.0439999,1.0,4.0,7,162.0278080249973,264.1598546067176,pobre,0,6,625.0,911.5,1.0,52.0,12,466,34710,4,1.0
98,1.0,1.0,3.0439999,1.0,5.0,7,162.0278080249973,264.1598546067176,pobre,0,6,625.0,911.5,1.0,52.0,13,466,34710,4,1.0
97,1.0,1.0,3.0439999,1.0,2.0,7,162.0278080249973,264.1598546067176,pobre,0,6,625.0,911.5,1.0,52.0,9,466,34711,2,1.0
98,1.0,1.0,3.0439999,1.0,3.0,7,162.0278080249973,264.1598546067176,pobre,0,6,625.0,911.5,1.0,52.0,10,466,34711,2,1.0
97,1.0,1.0,2.9059999,1.0,2.0,10,164.3898233324462,270.8384497590258,pobre,basal,18,3400.0,738.70099,1.0,33.0,9,468,34712,2,1.0
98,1.0,1.0,2.9059999,,3.0,10,164.3898233324462,270.8384497590258,pobre,basal,18,3400.0,738.70099,1.0,33.0,10,468,34712,2,1.0
97,0.0,1.0,2.9059999,1.0,1.0,10,164.3898233324462,270.8384497590258,pobre,basal,18,3400.0,738.70099,1.0,33.0,6,468,34713,1,1.0
98,0.0,1.0,2.9059999,,0.0,10,164.3898233324462,270.8384497590258,pobre,basal,18,3400.0,738.70099,1.0,33.0,7,468,34713,1,1.0
97,1.0,0.0,2.9059999,1.0,5.0,3,164.3898233324462,270.8384497590258,pobre,basal,4,625.0,811.88898,1.0,34.0,15,468,34714,5,1.0
98,1.0,0.0,2.9059999,0.0,6.0,3,164.3898233324462,270.8384497590258,pobre,basal,4,625.0,811.88898,1.0,34.0,16,468,34714,5,1.0
97,0.0,0.0,3.3210001,1.0,8.0,6,156.6796310386692,270.9061189275933,pobre,basal,1,625.0,1038.5,1.0,70.0,15,462,34715,8,1.0
98,0.0,0.0,3.3210001,0.0,8.0,6,156.6796310386692,270.9061189275933,pobre,basal,1,625.0,1038.5,1.0,70.0,16,462,34715,8,1.0
97,1.0,0.0,0.289,0.0,9.0,5,149.2095000992339,244.7946251690846,pobre,0,4,625.0,754.5,1.0,40.0,15,463,34716,9,0.0
98,1.0,0.0,0.289,0.0,9.0,5,149.2095000992339,244.7946251690846,pobre,0,4,625.0,754.5,1.0,40.0,16,463,34716,9,0.0
97,0.0,0.0,0.289,1.0,8.0,5,149.2095000992339,244.7946251690846,pobre,0,4,625.0,754.5,1.0,40.0,13,463,34717,8,1.0
98,0.0,0.0,0.289,1.0,8.0,5,149.2095000992339,244.7946251690846,pobre,0,4,625.0,754.5,1.0,40.0,14,463,34717,8,1.0
97,1.0,0.0,0.289,1.0,1.0,5,149.2095000992339,244.7946251690846,pobre,0,4,625.0,754.5,1.0,40.0,8,463,34718,1,1.0
98,1.0,0.0,0.289,1.0,2.0,5,149.2095000992339,244.7946251690846,pobre,0,4,625.0,754.5,1.0,40.0,9,463,34718,1,1.0
97,1.0,1.0,0.289,1.0,2.0,4,149.2095000992339,244.7946251690846,pobre,0,6,500.0,690.0,1.0,30.0,9,463,34719,2,1.0
98,1.0,1.0,0.289,1.0,3.0,4,149.2095000992339,244.7946251690846,pobre,0,6,500.0,690.0,1.0,30.0,10,463,34719,2,1.0
97,1.0,1.0,0.289,0.0,9.0,5,149.2095000992339,244.7946251690846,pobre,0,3,550.0,712.0,1.0,50.0,16,463,34720,9,0.0
98,1.0,1.0,0.289,,,5,149.2095000992339,244.7946251690846,pobre,0,3,550.0,712.0,1.0,50.0,17,463,34720,9,0.0
97,1.0,1.0,0.289,1.0,5.0,5,149.2095000992339,244.7946251690846,pobre,0,3,550.0,712.0,1.0,50.0,12,463,34721,5,1.0
98,1.0,1.0,0.289,1.0,6.0,5,149.2095000992339,244.7946251690846,pobre,0,3,550.0,712.0,1.0,50.0,13,463,34721,5,1.0
97,0.0,1.0,0.289,1.0,2.0,5,149.2095000992339,244.7946251690846,pobre,0,3,550.0,712.0,1.0,50.0,8,463,34722,2,1.0
98,0.0,1.0,0.289,1.0,3.0,5,149.2095000992339,244.7946251690846,pobre,0,3,550.0,712.0,1.0,50.0,9,463,34722,2,1.0
97,0.0,0.0,0.289,1.0,1.0,4,149.2095000992339,244.7946251690846,pobre,0,4,1250.0,885.0,1.0,28.0,8,463,34723,1,1.0
98,0.0,0.0,0.289,1.0,2.0,4,149.2095000992339,244.7946251690846,pobre,0,4,1250.0,885.0,1.0,28.0,9,463,34723,1,1.0
97,0.0,1.0,0.289,1.0,8.0,7,149.2095000992339,244.7946251690846,pobre,0,3,625.0,629.0,1.0,46.0,15,463,34724,8,1.0
98,0.0,1.0,0.289,1.0,9.0,7,149.2095000992339,244.7946251690846,pobre,0,3,625.0,629.0,1.0,46.0,16,463,34724,8,1.0
97,0.0,1.0,0.289,1.0,6.0,5,149.2095000992339,244.7946251690846,pobre,0,9,625.0,722.0,1.0,35.0,12,463,34725,6,1.0
98,0.0,1.0,0.289,,,5,149.2095000992339,244.7946251690846,pobre,0,9,625.0,722.0,1.0,35.0,13,463,34725,6,1.0
97,0.0,1.0,0.289,1.0,4.0,5,149.2095000992339,244.7946251690846,pobre,0,9,625.0,722.0,1.0,35.0,10,463,34726,4,1.0
98,0.0,1.0,0.289,,,5,149.2095000992339,244.7946251690846,pobre,0,9,625.0,722.0,1.0,35.0,11,463,34726,4,1.0
97,1.0,0.0,0.289,1.0,0.0,6,149.2095000992339,244.7946251690846,pobre,0,5,625.0,694.0,1.0,27.0,6,463,34727,0,1.0
98,1.0,0.0,0.289,1.0,1.0,6,149.2095000992339,244.7946251690846,pobre,0,5,625.0,694.0,1.0,27.0,7,463,34727,0,1.0
97,0.0,0.0,0.289,1.0,5.0,5,149.2095000992339,244.7946251690846,pobre,0,6,625.0,658.0,1.0,36.0,13,463,34728,5,1.0
98,0.0,0.0,0.289,1.0,6.0,5,149.2095000992339,244.7946251690846,pobre,0,6,625.0,658.0,1.0,36.0,14,463,34728,5,1.0
97,1.0,0.0,0.289,1.0,4.0,5,149.2095000992339,244.7946251690846,pobre,0,6,625.0,658.0,1.0,36.0,11,463,34729,4,1.0
98,1.0,0.0,0.289,1.0,5.0,5,149.2095000992339,244.7946251690846,pobre,0,6,625.0,658.0,1.0,36.0,12,463,34729,4,1.0
97,1.0,0.0,0.289,1.0,4.0,6,149.2095000992339,244.7946251690846,pobre,0,3,625.0,794.0,1.0,43.0,12,463,34730,4,1.0
98,1.0,0.0,0.289,1.0,5.0,6,149.2095000992339,244.7946251690846,pobre,0,3,625.0,794.0,1.0,43.0,13,463,34730,4,1.0
97,1.0,0.0,0.289,1.0,1.0,6,149.2095000992339,244.7946251690846,pobre,0,3,625.0,794.0,1.0,43.0,8,463,34731,1,1.0
98,1.0,0.0,0.289,1.0,1.0,6,149.2095000992339,244.7946251690846,pobre,0,3,625.0,794.0,1.0,43.0,9,463,34731,1,1.0
97,0.0,1.0,2.8710001,1.0,3.0,7,157.2175772604217,290.5822678775554,pobre,0,8,1400.0,604.0,1.0,30.0,10,407,34732,3,1.0
98,0.0,1.0,2.8710001,1.0,4.0,7,157.2175772604217,290.5822678775554,pobre,0,8,1400.0,604.0,1.0,30.0,11,407,34732,3,1.0
97,1.0,1.0,2.8710001,1.0,1.0,7,157.2175772604217,290.5822678775554,pobre,0,8,1400.0,604.0,1.0,30.0,7,407,34733,1,1.0
98,1.0,1.0,2.8710001,1.0,1.0,7,157.2175772604217,290.5822678775554,pobre,0,8,1400.0,604.0,1.0,30.0,8,407,34733,1,1.0
97,0.0,1.0,0.0,1.0,1.0,6,164.1265393410777,261.5337637035205,pobre,0,0,0.0,795.0,1.0,62.0,6,464,34734,1,1.0
98,0.0,1.0,0.0,1.0,1.0,6,164.1265393410777,261.5337637035205,pobre,0,0,0.0,795.0,1.0,62.0,7,464,34734,1,1.0
97,0.0,1.0,0.0,,0.0,2,164.1265393410777,261.5337637035205,pobre,0,0,225.0,754.33099,0.0,56.0,15,464,34735,0,
98,0.0,1.0,0.0,0.0,2.0,2,164.1265393410777,261.5337637035205,pobre,0,0,225.0,754.33099,0.0,56.0,16,464,34735,0,
97,0.0,1.0,0.0,1.0,8.0,8,164.1265393410777,261.5337637035205,pobre,0,2,0.0,594.0,0.0,50.0,14,464,34736,8,1.0
98,0.0,1.0,0.0,1.0,8.0,8,164.1265393410777,261.5337637035205,pobre,0,2,0.0,594.0,0.0,50.0,15,464,34736,8,1.0
97,0.0,0.0,0.0,1.0,7.0,5,164.1265393410777,261.5337637035205,pobre,0,6,0.0,820.0,1.0,28.0,12,464,34737,7,1.0
98,0.0,0.0,0.0,,,5,164.1265393410777,261.5337637035205,pobre,0,6,0.0,820.0,1.0,28.0,13,464,34737,7,1.0
97,1.0,0.0,0.0,1.0,3.0,5,164.1265393410777,261.5337637035205,pobre,0,6,0.0,820.0,1.0,28.0,8,464,34738,3,1.0
98,1.0,0.0,0.0,1.0,4.0,5,164.1265393410777,261.5337637035205,pobre,0,6,0.0,820.0,1.0,28.0,9,464,34738,3,1.0
97,1.0,0.0,0.0,1.0,2.0,5,164.1265393410777,261.5337637035205,pobre,0,6,0.0,820.0,1.0,28.0,7,464,34739,2,1.0
98,1.0,0.0,0.0,,,5,164.1265393410777,261.5337637035205,pobre,0,6,0.0,820.0,1.0,28.0,8,464,34739,2,1.0
97,0.0,1.0,0.0,1.0,10.0,5,164.1265393410777,261.5337637035205,no pobre,0,18,2700.0,1063.5,1.0,35.0,15,464,34740,10,1.0
98,0.0,1.0,0.0,1.0,10.0,5,164.1265393410777,261.5337637035205,no pobre,0,18,2700.0,1063.5,1.0,35.0,16,464,34740,10,1.0
97,1.0,1.0,0.0,1.0,4.0,5,164.1265393410777,261.5337637035205,no pobre,0,18,2700.0,1063.5,1.0,35.0,8,464,34741,4,1.0
98,1.0,1.0,0.0,1.0,5.0,5,164.1265393410777,261.5337637035205,no pobre,0,18,2700.0,1063.5,1.0,35.0,9,464,34741,4,1.0
97,0.0,1.0,0.0,1.0,4.0,5,164.1265393410777,261.5337637035205,no pobre,0,18,2700.0,1063.5,1.0,35.0,8,464,34742,4,1.0
98,0.0,1.0,0.0,1.0,5.0,5,164.1265393410777,261.5337637035205,no pobre,0,18,2700.0,1063.5,1.0,35.0,9,464,34742,4,1.0
97,0.0,0.0,0.0,1.0,4.0,4,164.1265393410777,261.5337637035205,pobre,0,7,640.0,762.0,1.0,33.0,10,464,34743,4,1.0
98,0.0,0.0,0.0,1.0,5.0,4,164.1265393410777,261.5337637035205,pobre,0,7,640.0,762.0,1.0,33.0,11,464,34743,4,1.0
97,0.0,0.0,0.0,1.0,1.0,6,164.1265393410777,261.5337637035205,pobre,0,4,625.0,631.0,1.0,92.0,6,464,34744,1,1.0
98,0.0,0.0,0.0,1.0,1.0,6,164.1265393410777,261.5337637035205,pobre,0,4,625.0,631.0,1.0,92.0,7,464,34744,1,1.0
97,1.0,0.0,0.0,1.0,7.0,6,164.1265393410777,261.5337637035205,pobre,0,4,0.0,767.617,1.0,78.0,12,464,34745,7,1.0
98,1.0,0.0,0.0,1.0,8.0,6,164.1265393410777,261.5337637035205,pobre,0,4,0.0,767.617,1.0,78.0,13,464,34745,7,1.0
97,1.0,0.0,0.0,1.0,2.0,6,164.1265393410777,261.5337637035205,pobre,0,4,0.0,767.617,1.0,78.0,8,464,34746,2,1.0
98,1.0,0.0,0.0,1.0,2.0,6,164.1265393410777,261.5337637035205,pobre,0,4,0.0,767.617,1.0,78.0,9,464,34746,2,1.0
97,1.0,0.0,0.0,1.0,3.0,5,164.1265393410777,261.5337637035205,pobre,0,6,625.0,788.33099,1.0,31.0,10,464,34747,3,1.0
98,1.0,0.0,0.0,1.0,3.0,5,164.1265393410777,261.5337637035205,pobre,0,6,625.0,788.33099,1.0,31.0,11,464,34747,3,1.0
97,1.0,0.0,0.0,1.0,2.0,5,164.1265393410777,261.5337637035205,pobre,0,6,625.0,788.33099,1.0,31.0,7,464,34748,2,1.0
98,1.0,0.0,0.0,1.0,2.0,5,164.1265393410777,261.5337637035205,pobre,0,6,625.0,788.33099,1.0,31.0,8,464,34748,2,1.0
97,1.0,0.0,0.0,1.0,1.0,4,164.1265393410777,261.5337637035205,pobre,0,6,625.0,659.0,1.0,28.0,6,464,34749,1,1.0
98,1.0,0.0,0.0,1.0,1.0,4,164.1265393410777,261.5337637035205,pobre,0,6,625.0,659.0,1.0,28.0,7,464,34749,1,1.0
97,0.0,1.0,4.427,0.0,6.0,9,156.9873323468145,265.1029544901215,pobre,basal,3,0.0,747.0,1.0,48.0,16,460,34750,6,0.0
98,0.0,1.0,4.427,,,9,156.9873323468145,265.1029544901215,pobre,basal,3,0.0,747.0,1.0,48.0,17,460,34750,6,0.0
97,0.0,1.0,4.427,1.0,7.0,9,156.9873323468145,265.1029544901215,pobre,basal,3,0.0,747.0,1.0,48.0,14,460,34751,7,1.0
98,0.0,1.0,4.427,1.0,7.0,9,156.9873323468145,265.1029544901215,pobre,basal,3,0.0,747.0,1.0,48.0,15,460,34751,7,1.0
97,1.0,1.0,4.427,1.0,6.0,9,156.9873323468145,265.1029544901215,pobre,basal,3,0.0,747.0,1.0,48.0,12,460,34752,6,1.0
98,1.0,1.0,4.427,1.0,7.0,9,156.9873323468145,265.1029544901215,pobre,basal,3,0.0,747.0,1.0,48.0,13,460,34752,6,1.0
97,1.0,1.0,4.427,1.0,3.0,9,156.9873323468145,265.1029544901215,pobre,basal,3,0.0,747.0,1.0,48.0,9,460,34753,3,1.0
98,1.0,1.0,4.427,1.0,4.0,9,156.9873323468145,265.1029544901215,pobre,basal,3,0.0,747.0,1.0,48.0,10,460,34753,3,1.0
97,1.0,1.0,4.427,1.0,1.0,9,156.9873323468145,265.1029544901215,pobre,basal,3,0.0,747.0,1.0,48.0,6,460,34754,1,1.0
98,1.0,1.0,4.427,,,9,156.9873323468145,265.1029544901215,pobre,basal,3,0.0,747.0,1.0,48.0,7,460,34754,1,1.0
97,0.0,1.0,4.427,1.0,2.0,6,156.9873323468145,265.1029544901215,pobre,basal,3,0.0,728.0,1.0,42.0,8,460,34755,2,1.0
98,0.0,1.0,4.427,1.0,3.0,6,156.9873323468145,265.1029544901215,pobre,basal,3,0.0,728.0,1.0,42.0,9,460,34755,2,1.0
97,0.0,1.0,4.427,1.0,1.0,6,156.9873323468145,265.1029544901215,pobre,basal,3,0.0,728.0,1.0,42.0,6,460,34756,1,1.0
98,0.0,1.0,4.427,1.0,1.0,6,156.9873323468145,265.1029544901215,pobre,basal,3,0.0,728.0,1.0,42.0,7,460,34756,1,1.0
97,0.0,0.0,4.427,0.0,6.0,12,156.9873323468145,265.1029544901215,pobre,basal,3,500.0,664.0,1.0,48.0,16,460,34757,6,0.0
98,0.0,0.0,4.427,,,12,156.9873323468145,265.1029544901215,pobre,basal,3,500.0,664.0,1.0,48.0,17,460,34757,6,0.0
97,0.0,0.0,4.427,1.0,8.0,12,156.9873323468145,265.1029544901215,pobre,basal,3,500.0,664.0,1.0,48.0,15,460,34758,8,1.0
98,0.0,0.0,4.427,,,12,156.9873323468145,265.1029544901215,pobre,basal,3,500.0,664.0,1.0,48.0,16,460,34758,8,1.0
97,1.0,0.0,4.427,1.0,8.0,12,156.9873323468145,265.1029544901215,pobre,basal,3,500.0,664.0,1.0,48.0,15,460,34759,8,1.0
98,1.0,0.0,4.427,0.0,9.0,12,156.9873323468145,265.1029544901215,pobre,basal,3,500.0,664.0,1.0,48.0,16,460,34759,8,1.0
97,1.0,0.0,4.427,1.0,5.0,12,156.9873323468145,265.1029544901215,pobre,basal,3,500.0,664.0,1.0,48.0,13,460,34760,5,1.0
98,1.0,0.0,4.427,1.0,6.0,12,156.9873323468145,265.1029544901215,pobre,basal,3,500.0,664.0,1.0,48.0,14,460,34760,5,1.0
97,1.0,0.0,4.427,1.0,4.0,12,156.9873323468145,265.1029544901215,pobre,basal,3,500.0,664.0,1.0,48.0,10,460,34761,4,1.0
98,1.0,0.0,4.427,1.0,5.0,12,156.9873323468145,265.1029544901215,pobre,basal,3,500.0,664.0,1.0,48.0,11,460,34761,4,1.0
97,1.0,0.0,4.427,1.0,1.0,12,156.9873323468145,265.1029544901215,pobre,basal,3,500.0,664.0,1.0,48.0,6,460,34762,1,1.0
98,1.0,0.0,4.427,1.0,1.0,12,156.9873323468145,265.1029544901215,pobre,basal,3,500.0,664.0,1.0,48.0,7,460,34762,1,1.0
97,0.0,0.0,4.427,1.0,3.0,5,156.9873323468145,265.1029544901215,pobre,basal,16,2600.0,843.0,1.0,37.0,8,460,34763,3,1.0
98,0.0,0.0,4.427,1.0,4.0,5,156.9873323468145,265.1029544901215,pobre,basal,16,2600.0,843.0,1.0,37.0,9,460,34763,3,1.0
97,1.0,0.0,4.427,1.0,1.0,5,156.9873323468145,265.1029544901215,pobre,basal,16,2600.0,843.0,1.0,37.0,6,460,34764,1,1.0
98,1.0,0.0,4.427,1.0,2.0,5,156.9873323468145,265.1029544901215,pobre,basal,16,2600.0,843.0,1.0,37.0,7,460,34764,1,1.0
97,1.0,1.0,4.427,1.0,8.0,9,156.9873323468145,265.1029544901215,pobre,basal,3,500.0,844.5,1.0,56.0,14,460,34765,8,1.0
98,1.0,1.0,4.427,1.0,9.0,9,156.9873323468145,265.1029544901215,pobre,basal,3,500.0,844.5,1.0,56.0,15,460,34765,8,1.0
97,1.0,1.0,4.427,1.0,7.0,9,156.9873323468145,265.1029544901215,pobre,basal,3,500.0,844.5,1.0,56.0,12,460,34766,7,1.0
98,1.0,1.0,4.427,1.0,8.0,9,156.9873323468145,265.1029544901215,pobre,basal,3,500.0,844.5,1.0,56.0,13,460,34766,7,1.0
97,1.0,1.0,4.427,1.0,4.0,9,156.9873323468145,265.1029544901215,pobre,basal,3,500.0,844.5,1.0,56.0,11,460,34767,4,1.0
98,1.0,1.0,4.427,1.0,5.0,9,156.9873323468145,265.1029544901215,pobre,basal,3,500.0,844.5,1.0,56.0,12,460,34767,4,1.0
97,0.0,1.0,4.427,1.0,2.0,9,156.9873323468145,265.1029544901215,pobre,basal,3,500.0,844.5,1.0,56.0,9,460,34768,2,1.0
98,0.0,1.0,4.427,1.0,3.0,9,156.9873323468145,265.1029544901215,pobre,basal,3,500.0,844.5,1.0,56.0,10,460,34768,2,1.0
97,1.0,1.0,4.427,1.0,5.0,9,156.9873323468145,265.1029544901215,pobre,basal,3,500.0,844.5,1.0,56.0,12,460,34769,5,1.0
98,1.0,1.0,4.427,1.0,6.0,9,156.9873323468145,265.1029544901215,pobre,basal,3,500.0,844.5,1.0,56.0,13,460,34769,5,1.0
97,0.0,0.0,4.427,1.0,7.0,6,156.9873323468145,265.1029544901215,pobre,basal,3,0.0,738.0,0.0,42.0,14,460,34770,7,1.0
98,0.0,0.0,4.427,1.0,8.0,6,156.9873323468145,265.1029544901215,pobre,basal,3,0.0,738.0,0.0,42.0,15,460,34770,7,1.0
97,0.0,0.0,4.427,1.0,3.0,6,156.9873323468145,265.1029544901215,pobre,basal,3,0.0,738.0,0.0,42.0,8,460,34771,3,1.0
98,0.0,0.0,4.427,1.0,4.0,6,156.9873323468145,265.1029544901215,pobre,basal,3,0.0,738.0,0.0,42.0,9,460,34771,3,1.0
97,0.0,0.0,4.427,1.0,8.0,10,156.9873323468145,265.1029544901215,pobre,basal,0,0.0,712.0,1.0,54.0,16,460,34772,8,1.0
98,0.0,0.0,4.427,,,10,156.9873323468145,265.1029544901215,pobre,basal,0,0.0,712.0,1.0,54.0,17,460,34772,8,1.0
97,0.0,0.0,4.427,1.0,6.0,10,156.9873323468145,265.1029544901215,pobre,basal,0,0.0,712.0,1.0,54.0,14,460,34773,6,1.0
98,0.0,0.0,4.427,1.0,7.0,10,156.9873323468145,265.1029544901215,pobre,basal,0,0.0,712.0,1.0,54.0,15,460,34773,6,1.0
97,1.0,0.0,4.427,1.0,6.0,10,156.9873323468145,265.1029544901215,pobre,basal,0,0.0,712.0,1.0,54.0,12,460,34774,6,1.0
98,1.0,0.0,4.427,1.0,7.0,10,156.9873323468145,265.1029544901215,pobre,basal,0,0.0,712.0,1.0,54.0,13,460,34774,6,1.0
97,1.0,0.0,4.427,1.0,4.0,10,156.9873323468145,265.1029544901215,pobre,basal,0,0.0,712.0,1.0,54.0,10,460,34775,4,1.0
98,1.0,0.0,4.427,1.0,5.0,10,156.9873323468145,265.1029544901215,pobre,basal,0,0.0,712.0,1.0,54.0,11,460,34775,4,1.0
97,0.0,0.0,4.427,1.0,3.0,10,156.9873323468145,265.1029544901215,pobre,basal,0,0.0,712.0,1.0,54.0,9,460,34776,3,1.0
98,0.0,0.0,4.427,1.0,4.0,10,156.9873323468145,265.1029544901215,pobre,basal,0,0.0,712.0,1.0,54.0,10,460,34776,3,1.0
97,1.0,0.0,4.427,1.0,2.0,10,156.9873323468145,265.1029544901215,pobre,basal,0,0.0,712.0,1.0,54.0,7,460,34777,2,1.0
98,1.0,0.0,4.427,1.0,3.0,10,156.9873323468145,265.1029544901215,pobre,basal,0,0.0,712.0,1.0,54.0,8,460,34777,2,1.0
97,0.0,1.0,0.289,1.0,8.0,6,149.2095000992339,244.7946251690846,pobre,0,6,0.0,463.0,0.0,34.0,15,463,34778,8,1.0
98,0.0,1.0,0.289,,,6,149.2095000992339,244.7946251690846,pobre,0,6,0.0,463.0,0.0,34.0,16,463,34778,8,1.0
97,1.0,1.0,0.289,1.0,6.0,6,149.2095000992339,244.7946251690846,pobre,0,6,0.0,463.0,0.0,34.0,14,463,34779,6,1.0
98,1.0,1.0,0.289,,,6,149.2095000992339,244.7946251690846,pobre,0,6,0.0,463.0,0.0,34.0,15,463,34779,6,1.0
97,1.0,1.0,0.289,1.0,3.0,6,149.2095000992339,244.7946251690846,pobre,0,6,0.0,463.0,0.0,34.0,9,463,34780,3,1.0
98,1.0,1.0,0.289,,,6,149.2095000992339,244.7946251690846,pobre,0,6,0.0,463.0,0.0,34.0,10,463,34780,3,1.0
97,1.0,1.0,0.289,1.0,1.0,6,149.2095000992339,244.7946251690846,pobre,0,6,0.0,463.0,0.0,34.0,7,463,34781,1,1.0
98,1.0,1.0,0.289,,,6,149.2095000992339,244.7946251690846,pobre,0,6,0.0,463.0,0.0,34.0,8,463,34781,1,1.0
97,0.0,1.0,0.289,1.0,5.0,7,149.2095000992339,244.7946251690846,pobre,0,4,625.0,583.5,1.0,34.0,10,463,34782,5,1.0
98,0.0,1.0,0.289,1.0,6.0,7,149.2095000992339,244.7946251690846,pobre,0,4,625.0,583.5,1.0,34.0,11,463,34782,5,1.0
97,0.0,1.0,0.289,1.0,2.0,7,149.2095000992339,244.7946251690846,pobre,0,4,625.0,583.5,1.0,34.0,7,463,34783,2,1.0
98,0.0,1.0,0.289,1.0,3.0,7,149.2095000992339,244.7946251690846,pobre,0,4,625.0,583.5,1.0,34.0,8,463,34783,2,1.0
97,1.0,0.0,0.289,1.0,8.0,5,149.2095000992339,244.7946251690846,pobre,0,4,0.0,839.5,1.0,47.0,15,463,34784,8,1.0
98,1.0,0.0,0.289,0.0,9.0,5,149.2095000992339,244.7946251690846,pobre,0,4,0.0,839.5,1.0,47.0,16,463,34784,8,1.0
97,0.0,0.0,0.289,1.0,5.0,5,149.2095000992339,244.7946251690846,pobre,0,4,0.0,839.5,1.0,47.0,13,463,34785,5,1.0
98,0.0,0.0,0.289,1.0,6.0,5,149.2095000992339,244.7946251690846,pobre,0,4,0.0,839.5,1.0,47.0,14,463,34785,5,1.0
97,0.0,0.0,0.289,1.0,3.0,5,149.2095000992339,244.7946251690846,pobre,0,4,0.0,839.5,1.0,47.0,10,463,34786,3,1.0
98,0.0,0.0,0.289,1.0,4.0,5,149.2095000992339,244.7946251690846,pobre,0,4,0.0,839.5,1.0,47.0,11,463,34786,3,1.0
97,1.0,0.0,0.289,0.0,9.0,6,149.2095000992339,244.7946251690846,pobre,0,7,625.0,746.0,1.0,47.0,16,463,34787,9,0.0
98,1.0,0.0,0.289,,,6,149.2095000992339,244.7946251690846,pobre,0,7,625.0,746.0,1.0,47.0,17,463,34787,9,0.0
97,1.0,0.0,0.289,0.0,9.0,6,149.2095000992339,244.7946251690846,pobre,0,7,625.0,746.0,1.0,47.0,15,463,34788,9,0.0
98,1.0,0.0,0.289,,,6,149.2095000992339,244.7946251690846,pobre,0,7,625.0,746.0,1.0,47.0,16,463,34788,9,0.0
97,1.0,0.0,0.289,1.0,6.0,6,149.2095000992339,244.7946251690846,pobre,0,7,625.0,746.0,1.0,47.0,12,463,34789,6,1.0
98,1.0,0.0,0.289,,,6,149.2095000992339,244.7946251690846,pobre,0,7,625.0,746.0,1.0,47.0,13,463,34789,6,1.0
97,1.0,0.0,0.289,1.0,7.0,8,149.2095000992339,244.7946251690846,pobre,0,0,625.0,733.0,1.0,42.0,15,463,34790,7,1.0
98,1.0,0.0,0.289,,,8,149.2095000992339,244.7946251690846,pobre,0,0,625.0,733.0,1.0,42.0,16,463,34790,7,1.0
97,0.0,0.0,0.289,1.0,7.0,8,149.2095000992339,244.7946251690846,pobre,0,0,625.0,733.0,1.0,42.0,12,463,34791,7,1.0
98,0.0,0.0,0.289,,,8,149.2095000992339,244.7946251690846,pobre,0,0,625.0,733.0,1.0,42.0,13,463,34791,7,1.0
97,1.0,0.0,0.289,1.0,3.0,8,149.2095000992339,244.7946251690846,pobre,0,0,625.0,733.0,1.0,42.0,10,463,34792,3,1.0
98,1.0,0.0,0.289,,,8,149.2095000992339,244.7946251690846,pobre,0,0,625.0,733.0,1.0,42.0,11,463,34792,3,1.0
97,0.0,0.0,0.289,1.0,2.0,8,149.2095000992339,244.7946251690846,pobre,0,0,625.0,733.0,1.0,42.0,8,463,34793,2,1.0
98,0.0,0.0,0.289,,,8,149.2095000992339,244.7946251690846,pobre,0,0,625.0,733.0,1.0,42.0,9,463,34793,2,1.0
97,1.0,0.0,0.289,1.0,9.0,7,149.2095000992339,244.7946251690846,pobre,0,3,625.0,759.5,1.0,55.0,14,463,34794,9,1.0
98,1.0,0.0,0.289,1.0,9.0,7,149.2095000992339,244.7946251690846,pobre,0,3,625.0,759.5,1.0,55.0,15,463,34794,9,1.0
97,0.0,0.0,0.289,1.0,6.0,7,149.2095000992339,244.7946251690846,pobre,0,3,625.0,759.5,1.0,55.0,10,463,34795,6,1.0
98,0.0,0.0,0.289,1.0,7.0,7,149.2095000992339,244.7946251690846,pobre,0,3,625.0,759.5,1.0,55.0,11,463,34795,6,1.0
97,1.0,0.0,0.289,1.0,3.0,7,149.2095000992339,244.7946251690846,pobre,0,3,625.0,759.5,1.0,55.0,8,463,34796,3,1.0
98,1.0,0.0,0.289,1.0,5.0,7,149.2095000992339,244.7946251690846,pobre,0,3,625.0,759.5,1.0,55.0,9,463,34796,3,1.0
97,0.0,0.0,0.289,0.0,6.0,7,149.2095000992339,244.7946251690846,pobre,0,3,625.0,580.0,1.0,40.0,16,463,34797,6,0.0
98,0.0,0.0,0.289,,,7,149.2095000992339,244.7946251690846,pobre,0,3,625.0,580.0,1.0,40.0,17,463,34797,6,0.0
97,0.0,0.0,0.289,0.0,6.0,7,149.2095000992339,244.7946251690846,pobre,0,3,625.0,580.0,1.0,40.0,13,463,34798,6,0.0
98,0.0,0.0,0.289,0.0,6.0,7,149.2095000992339,244.7946251690846,pobre,0,3,625.0,580.0,1.0,40.0,14,463,34798,6,0.0
97,0.0,0.0,0.289,1.0,5.0,7,149.2095000992339,244.7946251690846,pobre,0,3,625.0,580.0,1.0,40.0,11,463,34799,5,1.0
98,0.0,0.0,0.289,1.0,6.0,7,149.2095000992339,244.7946251690846,pobre,0,3,625.0,580.0,1.0,40.0,12,463,34799,5,1.0
97,0.0,0.0,0.289,1.0,2.0,7,149.2095000992339,244.7946251690846,pobre,0,3,625.0,580.0,1.0,40.0,10,463,34800,2,1.0
98,0.0,0.0,0.289,1.0,2.0,7,149.2095000992339,244.7946251690846,pobre,0,3,625.0,580.0,1.0,40.0,11,463,34800,2,1.0
97,0.0,0.0,0.289,0.0,6.0,7,149.2095000992339,244.7946251690846,pobre,0,3,625.0,742.0,1.0,50.0,16,463,34801,6,0.0
98,0.0,0.0,0.289,,,7,149.2095000992339,244.7946251690846,pobre,0,3,625.0,742.0,1.0,50.0,17,463,34801,6,0.0
97,0.0,0.0,0.289,1.0,7.0,7,149.2095000992339,244.7946251690846,pobre,0,3,625.0,742.0,1.0,50.0,12,463,34802,7,1.0
98,0.0,0.0,0.289,0.0,1.0,7,149.2095000992339,244.7946251690846,pobre,0,3,625.0,742.0,1.0,50.0,13,463,34802,7,1.0
97,0.0,0.0,0.289,1.0,2.0,7,149.2095000992339,244.7946251690846,pobre,0,3,625.0,742.0,1.0,50.0,7,463,34803,2,1.0
98,0.0,0.0,0.289,1.0,3.0,7,149.2095000992339,244.7946251690846,pobre,0,3,625.0,742.0,1.0,50.0,8,463,34803,2,1.0
97,1.0,0.0,0.289,1.0,2.0,4,149.2095000992339,244.7946251690846,pobre,0,9,1250.0,871.03998,1.0,37.0,7,463,34804,2,1.0
98,1.0,0.0,0.289,1.0,3.0,4,149.2095000992339,244.7946251690846,pobre,0,9,1250.0,871.03998,1.0,37.0,8,463,34804,2,1.0
97,1.0,1.0,0.289,0.0,6.0,7,149.2095000992339,244.7946251690846,pobre,0,0,625.0,635.5,1.0,37.0,15,463,34805,6,0.0
98,1.0,1.0,0.289,0.0,6.0,7,149.2095000992339,244.7946251690846,pobre,0,0,625.0,635.5,1.0,37.0,16,463,34805,6,0.0
97,0.0,1.0,0.289,0.0,6.0,7,149.2095000992339,244.7946251690846,pobre,0,0,625.0,635.5,1.0,37.0,14,463,34806,6,0.0
98,0.0,1.0,0.289,0.0,6.0,7,149.2095000992339,244.7946251690846,pobre,0,0,625.0,635.5,1.0,37.0,15,463,34806,6,0.0
97,0.0,1.0,0.289,1.0,5.0,7,149.2095000992339,244.7946251690846,pobre,0,0,625.0,635.5,1.0,37.0,11,463,34807,5,1.0
98,0.0,1.0,0.289,0.0,6.0,7,149.2095000992339,244.7946251690846,pobre,0,0,625.0,635.5,1.0,37.0,12,463,34807,5,1.0
97,1.0,0.0,3.777,1.0,5.0,6,70.71948653667833,70.71948653667833,pobre,basal,3,800.0,603.0,1.0,32.0,11,177,34808,5,1.0
98,1.0,0.0,3.777,1.0,6.0,6,70.71948653667833,70.71948653667833,pobre,basal,3,800.0,603.0,1.0,32.0,12,177,34808,5,1.0
97,1.0,0.0,3.777,1.0,3.0,6,70.71948653667833,70.71948653667833,pobre,basal,3,800.0,603.0,1.0,32.0,9,177,34809,3,1.0
98,1.0,0.0,3.777,1.0,4.0,6,70.71948653667833,70.71948653667833,pobre,basal,3,800.0,603.0,1.0,32.0,10,177,34809,3,1.0
97,1.0,0.0,0.289,0.0,9.0,2,149.2095000992339,244.7946251690846,pobre,0,9,625.0,784.0,1.0,15.0,15,463,34810,9,0.0
98,1.0,0.0,0.289,,,2,149.2095000992339,244.7946251690846,pobre,0,9,625.0,784.0,1.0,15.0,16,463,34810,9,0.0
97,0.0,0.0,0.289,1.0,5.0,2,149.2095000992339,244.7946251690846,pobre,0,9,625.0,784.0,1.0,15.0,11,463,34811,5,1.0
98,0.0,0.0,0.289,,,2,149.2095000992339,244.7946251690846,pobre,0,9,625.0,784.0,1.0,15.0,12,463,34811,5,1.0
97,1.0,0.0,0.289,1.0,7.0,7,149.2095000992339,244.7946251690846,pobre,0,3,625.0,758.5,1.0,52.0,13,463,34812,7,1.0
98,1.0,0.0,0.289,1.0,8.0,7,149.2095000992339,244.7946251690846,pobre,0,3,625.0,758.5,1.0,52.0,14,463,34812,7,1.0
97,1.0,0.0,0.289,1.0,4.0,7,149.2095000992339,244.7946251690846,pobre,0,3,625.0,758.5,1.0,52.0,12,463,34813,4,1.0
98,1.0,0.0,0.289,1.0,5.0,7,149.2095000992339,244.7946251690846,pobre,0,3,625.0,758.5,1.0,52.0,13,463,34813,4,1.0
97,0.0,0.0,0.289,1.0,2.0,7,149.2095000992339,244.7946251690846,pobre,0,3,625.0,758.5,1.0,52.0,7,463,34814,2,1.0
98,0.0,0.0,0.289,1.0,3.0,7,149.2095000992339,244.7946251690846,pobre,0,3,625.0,758.5,1.0,52.0,8,463,34814,2,1.0
97,1.0,1.0,4.427,1.0,10.0,7,156.9873323468145,265.1029544901215,pobre,basal,2,625.0,611.0,1.0,42.0,14,460,34815,10,1.0
98,1.0,1.0,4.427,1.0,9.0,7,156.9873323468145,265.1029544901215,pobre,basal,2,625.0,611.0,1.0,42.0,15,460,34815,10,1.0
97,1.0,1.0,4.427,1.0,4.0,7,156.9873323468145,265.1029544901215,pobre,basal,2,625.0,611.0,1.0,42.0,10,460,34816,4,1.0
98,1.0,1.0,4.427,,,7,156.9873323468145,265.1029544901215,pobre,basal,2,625.0,611.0,1.0,42.0,11,460,34816,4,1.0
97,0.0,1.0,4.427,1.0,3.0,7,156.9873323468145,265.1029544901215,pobre,basal,2,625.0,611.0,1.0,42.0,8,460,34817,3,1.0
98,0.0,1.0,4.427,1.0,3.0,7,156.9873323468145,265.1029544901215,pobre,basal,2,625.0,611.0,1.0,42.0,9,460,34817,3,1.0
97,0.0,1.0,4.427,1.0,6.0,5,156.9873323468145,265.1029544901215,pobre,basal,0,625.0,725.5,1.0,32.0,14,460,34818,6,1.0
98,0.0,1.0,4.427,1.0,7.0,5,156.9873323468145,265.1029544901215,pobre,basal,0,625.0,725.5,1.0,32.0,15,460,34818,6,1.0
97,0.0,1.0,4.427,0.0,6.0,8,156.9873323468145,265.1029544901215,pobre,basal,0,625.0,450.0,1.0,40.0,16,460,34819,6,0.0
98,0.0,1.0,4.427,,,8,156.9873323468145,265.1029544901215,pobre,basal,0,625.0,450.0,1.0,40.0,17,460,34819,6,0.0
97,0.0,1.0,4.427,1.0,4.0,8,156.9873323468145,265.1029544901215,pobre,basal,0,625.0,450.0,1.0,40.0,13,460,34820,4,1.0
98,0.0,1.0,4.427,1.0,5.0,8,156.9873323468145,265.1029544901215,pobre,basal,0,625.0,450.0,1.0,40.0,14,460,34820,4,1.0
97,1.0,1.0,4.427,1.0,2.0,8,156.9873323468145,265.1029544901215,pobre,basal,0,625.0,450.0,1.0,40.0,10,460,34821,2,1.0
98,1.0,1.0,4.427,,,8,156.9873323468145,265.1029544901215,pobre,basal,0,625.0,450.0,1.0,40.0,11,460,34821,2,1.0
97,1.0,1.0,4.427,1.0,2.0,8,156.9873323468145,265.1029544901215,pobre,basal,0,625.0,450.0,1.0,40.0,9,460,34822,2,1.0
98,1.0,1.0,4.427,1.0,3.0,8,156.9873323468145,265.1029544901215,pobre,basal,0,625.0,450.0,1.0,40.0,10,460,34822,2,1.0
97,1.0,1.0,4.427,1.0,8.0,4,156.9873323468145,265.1029544901215,pobre,basal,3,500.0,741.0,1.0,32.0,13,460,34823,8,1.0
98,1.0,1.0,4.427,1.0,9.0,4,156.9873323468145,265.1029544901215,pobre,basal,3,500.0,741.0,1.0,32.0,14,460,34823,8,1.0
97,1.0,1.0,4.427,1.0,8.0,7,156.9873323468145,265.1029544901215,pobre,basal,0,500.0,662.0,1.0,44.0,16,460,34824,8,1.0
98,1.0,1.0,4.427,,,7,156.9873323468145,265.1029544901215,pobre,basal,0,500.0,662.0,1.0,44.0,17,460,34824,8,1.0
97,0.0,1.0,4.427,1.0,5.0,7,156.9873323468145,265.1029544901215,pobre,basal,0,500.0,662.0,1.0,44.0,14,460,34825,5,1.0
98,0.0,1.0,4.427,1.0,5.0,7,156.9873323468145,265.1029544901215,pobre,basal,0,500.0,662.0,1.0,44.0,15,460,34825,5,1.0
97,0.0,1.0,4.427,1.0,5.0,7,156.9873323468145,265.1029544901215,pobre,basal,0,500.0,662.0,1.0,44.0,12,460,34826,5,1.0
98,0.0,1.0,4.427,1.0,5.0,7,156.9873323468145,265.1029544901215,pobre,basal,0,500.0,662.0,1.0,44.0,13,460,34826,5,1.0
97,1.0,1.0,4.427,1.0,2.0,7,156.9873323468145,265.1029544901215,pobre,basal,0,500.0,662.0,1.0,44.0,10,460,34827,2,1.0
98,1.0,1.0,4.427,1.0,2.0,7,156.9873323468145,265.1029544901215,pobre,basal,0,500.0,662.0,1.0,44.0,11,460,34827,2,1.0
97,0.0,1.0,4.427,0.0,4.0,5,156.9873323468145,265.1029544901215,pobre,basal,0,500.0,525.0,1.0,34.0,14,460,34828,4,0.0
98,0.0,1.0,4.427,1.0,7.0,5,156.9873323468145,265.1029544901215,pobre,basal,0,500.0,525.0,1.0,34.0,15,460,34828,4,0.0
97,1.0,1.0,4.427,1.0,2.0,5,156.9873323468145,265.1029544901215,pobre,basal,0,500.0,525.0,1.0,34.0,8,460,34829,2,1.0
98,1.0,1.0,4.427,1.0,3.0,5,156.9873323468145,265.1029544901215,pobre,basal,0,500.0,525.0,1.0,34.0,9,460,34829,2,1.0
97,0.0,1.0,4.427,1.0,1.0,5,156.9873323468145,265.1029544901215,pobre,basal,0,500.0,525.0,1.0,34.0,6,460,34830,1,1.0
98,0.0,1.0,4.427,1.0,0.0,5,156.9873323468145,265.1029544901215,pobre,basal,0,500.0,525.0,1.0,34.0,7,460,34830,1,1.0
97,0.0,1.0,4.427,0.0,6.0,8,156.9873323468145,265.1029544901215,pobre,basal,0,500.0,590.0,1.0,38.0,16,460,34831,6,0.0
98,0.0,1.0,4.427,0.0,6.0,8,156.9873323468145,265.1029544901215,pobre,basal,0,500.0,590.0,1.0,38.0,17,460,34831,6,0.0
97,0.0,1.0,4.427,1.0,9.0,8,156.9873323468145,265.1029544901215,pobre,basal,0,500.0,590.0,1.0,38.0,14,460,34832,9,1.0
98,0.0,1.0,4.427,1.0,9.0,8,156.9873323468145,265.1029544901215,pobre,basal,0,500.0,590.0,1.0,38.0,15,460,34832,9,1.0
97,0.0,1.0,4.427,1.0,7.0,8,156.9873323468145,265.1029544901215,pobre,basal,0,500.0,590.0,1.0,38.0,12,460,34833,7,1.0
98,0.0,1.0,4.427,1.0,7.0,8,156.9873323468145,265.1029544901215,pobre,basal,0,500.0,590.0,1.0,38.0,13,460,34833,7,1.0
97,1.0,1.0,4.427,1.0,5.0,8,156.9873323468145,265.1029544901215,pobre,basal,0,500.0,590.0,1.0,38.0,10,460,34834,5,1.0
98,1.0,1.0,4.427,1.0,5.0,8,156.9873323468145,265.1029544901215,pobre,basal,0,500.0,590.0,1.0,38.0,11,460,34834,5,1.0
97,1.0,1.0,4.427,1.0,1.0,8,156.9873323468145,265.1029544901215,pobre,basal,0,500.0,590.0,1.0,38.0,6,460,34835,1,1.0
98,1.0,1.0,4.427,1.0,1.0,8,156.9873323468145,265.1029544901215,pobre,basal,0,500.0,590.0,1.0,38.0,7,460,34835,1,1.0
97,1.0,1.0,4.427,1.0,0.0,4,156.9873323468145,265.1029544901215,pobre,basal,6,500.0,693.0,1.0,35.0,6,460,34836,0,1.0
98,1.0,1.0,4.427,1.0,0.0,4,156.9873323468145,265.1029544901215,pobre,basal,6,500.0,693.0,1.0,35.0,7,460,34836,0,1.0
97,0.0,1.0,4.427,0.0,6.0,8,156.9873323468145,265.1029544901215,pobre,basal,0,625.0,804.0,1.0,47.0,15,460,34837,6,0.0
98,0.0,1.0,4.427,0.0,6.0,8,156.9873323468145,265.1029544901215,pobre,basal,0,625.0,804.0,1.0,47.0,16,460,34837,6,0.0
97,1.0,1.0,4.427,1.0,4.0,8,156.9873323468145,265.1029544901215,pobre,basal,0,625.0,804.0,1.0,47.0,10,460,34838,4,1.0
98,1.0,1.0,4.427,1.0,5.0,8,156.9873323468145,265.1029544901215,pobre,basal,0,625.0,804.0,1.0,47.0,11,460,34838,4,1.0
97,1.0,1.0,4.427,0.0,6.0,7,156.9873323468145,265.1029544901215,pobre,basal,0,500.0,544.5,1.0,48.0,15,460,34839,6,0.0
98,1.0,1.0,4.427,0.0,6.0,7,156.9873323468145,265.1029544901215,pobre,basal,0,500.0,544.5,1.0,48.0,16,460,34839,6,0.0
97,0.0,1.0,4.427,1.0,5.0,7,156.9873323468145,265.1029544901215,pobre,basal,0,500.0,544.5,1.0,48.0,13,460,34840,5,1.0
98,0.0,1.0,4.427,1.0,6.0,7,156.9873323468145,265.1029544901215,pobre,basal,0,500.0,544.5,1.0,48.0,14,460,34840,5,1.0
97,1.0,1.0,4.427,1.0,3.0,7,156.9873323468145,265.1029544901215,pobre,basal,0,500.0,544.5,1.0,48.0,10,460,34841,3,1.0
98,1.0,1.0,4.427,1.0,4.0,7,156.9873323468145,265.1029544901215,pobre,basal,0,500.0,544.5,1.0,48.0,11,460,34841,3,1.0
97,1.0,1.0,4.427,1.0,1.0,7,156.9873323468145,265.1029544901215,pobre,basal,0,500.0,544.5,1.0,48.0,6,460,34842,1,1.0
98,1.0,1.0,4.427,1.0,1.0,7,156.9873323468145,265.1029544901215,pobre,basal,0,500.0,544.5,1.0,48.0,7,460,34842,1,1.0
97,0.0,1.0,4.427,1.0,2.0,5,156.9873323468145,265.1029544901215,pobre,basal,2,500.0,682.0,1.0,47.0,7,460,34843,2,1.0
98,0.0,1.0,4.427,1.0,3.0,5,156.9873323468145,265.1029544901215,pobre,basal,2,500.0,682.0,1.0,47.0,8,460,34843,2,1.0
97,1.0,1.0,4.427,1.0,8.0,5,156.9873323468145,265.1029544901215,pobre,basal,2,500.0,859.5,1.0,55.0,14,460,34844,8,1.0
98,1.0,1.0,4.427,1.0,8.0,5,156.9873323468145,265.1029544901215,pobre,basal,2,500.0,859.5,1.0,55.0,15,460,34844,8,1.0
97,1.0,1.0,4.427,1.0,5.0,5,156.9873323468145,265.1029544901215,pobre,basal,2,500.0,859.5,1.0,55.0,11,460,34845,5,1.0
98,1.0,1.0,4.427,1.0,5.0,5,156.9873323468145,265.1029544901215,pobre,basal,2,500.0,859.5,1.0,55.0,12,460,34845,5,1.0
97,1.0,1.0,4.427,1.0,4.0,4,156.9873323468145,265.1029544901215,pobre,basal,4,500.0,701.0,1.0,32.0,9,460,34846,4,1.0
98,1.0,1.0,4.427,1.0,4.0,4,156.9873323468145,265.1029544901215,pobre,basal,4,500.0,701.0,1.0,32.0,10,460,34846,4,1.0
97,0.0,1.0,4.427,1.0,1.0,4,156.9873323468145,265.1029544901215,pobre,basal,4,500.0,701.0,1.0,32.0,6,460,34847,1,1.0
98,0.0,1.0,4.427,1.0,1.0,4,156.9873323468145,265.1029544901215,pobre,basal,4,500.0,701.0,1.0,32.0,7,460,34847,1,1.0
97,0.0,1.0,4.427,1.0,8.0,7,156.9873323468145,265.1029544901215,pobre,basal,0,500.0,631.0,1.0,47.0,16,460,34848,8,1.0
98,0.0,1.0,4.427,,,7,156.9873323468145,265.1029544901215,pobre,basal,0,500.0,631.0,1.0,47.0,17,460,34848,8,1.0
97,0.0,1.0,4.427,1.0,6.0,7,156.9873323468145,265.1029544901215,pobre,basal,0,500.0,631.0,1.0,47.0,12,460,34849,6,1.0
98,0.0,1.0,4.427,1.0,7.0,7,156.9873323468145,265.1029544901215,pobre,basal,0,500.0,631.0,1.0,47.0,13,460,34849,6,1.0
97,0.0,1.0,4.427,1.0,4.0,7,156.9873323468145,265.1029544901215,pobre,basal,0,500.0,631.0,1.0,47.0,10,460,34850,4,1.0
98,0.0,1.0,4.427,1.0,5.0,7,156.9873323468145,265.1029544901215,pobre,basal,0,500.0,631.0,1.0,47.0,11,460,34850,4,1.0
97,1.0,1.0,4.427,1.0,2.0,7,156.9873323468145,265.1029544901215,pobre,basal,0,500.0,631.0,1.0,47.0,8,460,34851,2,1.0
98,1.0,1.0,4.427,1.0,3.0,7,156.9873323468145,265.1029544901215,pobre,basal,0,500.0,631.0,1.0,47.0,9,460,34851,2,1.0
97,0.0,1.0,4.427,1.0,0.0,7,156.9873323468145,265.1029544901215,pobre,basal,0,500.0,631.0,1.0,47.0,6,460,34852,0,1.0
98,0.0,1.0,4.427,1.0,1.0,7,156.9873323468145,265.1029544901215,pobre,basal,0,500.0,631.0,1.0,47.0,7,460,34852,0,1.0
97,0.0,1.0,0.0,0.0,6.0,8,164.1265393410777,261.5337637035205,pobre,0,4,625.0,572.0,1.0,36.0,13,464,34853,6,0.0
98,0.0,1.0,0.0,0.0,6.0,8,164.1265393410777,261.5337637035205,pobre,0,4,625.0,572.0,1.0,36.0,14,464,34853,6,0.0
97,0.0,1.0,0.0,1.0,5.0,8,164.1265393410777,261.5337637035205,pobre,0,4,625.0,572.0,1.0,36.0,11,464,34854,5,1.0
98,0.0,1.0,0.0,1.0,6.0,8,164.1265393410777,261.5337637035205,pobre,0,4,625.0,572.0,1.0,36.0,12,464,34854,5,1.0
97,0.0,1.0,0.0,1.0,2.0,8,164.1265393410777,261.5337637035205,pobre,0,4,625.0,572.0,1.0,36.0,9,464,34855,2,1.0
98,0.0,1.0,0.0,1.0,3.0,8,164.1265393410777,261.5337637035205,pobre,0,4,625.0,572.0,1.0,36.0,10,464,34855,2,1.0
97,0.0,1.0,0.0,1.0,1.0,8,164.1265393410777,261.5337637035205,pobre,0,4,625.0,572.0,1.0,36.0,7,464,34856,1,1.0
98,0.0,1.0,0.0,1.0,1.0,8,164.1265393410777,261.5337637035205,pobre,0,4,625.0,572.0,1.0,36.0,8,464,34856,1,1.0
97,1.0,1.0,0.0,1.0,8.0,17,164.1265393410777,261.5337637035205,pobre,0,3,625.0,894.5,1.0,56.0,15,464,34857,8,1.0
98,1.0,1.0,0.0,1.0,9.0,17,164.1265393410777,261.5337637035205,pobre,0,3,625.0,894.5,1.0,56.0,16,464,34857,8,1.0
97,0.0,1.0,0.0,1.0,7.0,17,164.1265393410777,261.5337637035205,pobre,0,3,625.0,894.5,1.0,56.0,14,464,34858,7,1.0
98,0.0,1.0,0.0,1.0,7.0,17,164.1265393410777,261.5337637035205,pobre,0,3,625.0,894.5,1.0,56.0,15,464,34858,7,1.0
97,1.0,1.0,0.0,1.0,1.0,17,164.1265393410777,261.5337637035205,pobre,0,3,625.0,894.5,1.0,56.0,6,464,34859,1,1.0
98,1.0,1.0,0.0,1.0,1.0,17,164.1265393410777,261.5337637035205,pobre,0,3,625.0,894.5,1.0,56.0,7,464,34859,1,1.0
97,1.0,1.0,0.0,1.0,6.0,17,164.1265393410777,261.5337637035205,pobre,0,3,625.0,894.5,1.0,56.0,13,464,34860,6,1.0
98,1.0,1.0,0.0,1.0,7.0,17,164.1265393410777,261.5337637035205,pobre,0,3,625.0,894.5,1.0,56.0,14,464,34860,6,1.0
97,1.0,1.0,0.0,1.0,6.0,17,164.1265393410777,261.5337637035205,pobre,0,3,625.0,894.5,1.0,56.0,11,464,34861,6,1.0
98,1.0,1.0,0.0,1.0,6.0,17,164.1265393410777,261.5337637035205,pobre,0,3,625.0,894.5,1.0,56.0,12,464,34861,6,1.0
97,0.0,1.0,0.0,1.0,6.0,7,164.1265393410777,261.5337637035205,pobre,0,6,1800.0,625.0,1.0,19.0,14,464,34862,6,1.0
98,0.0,1.0,0.0,,,7,164.1265393410777,261.5337637035205,pobre,0,6,1800.0,625.0,1.0,19.0,15,464,34862,6,1.0
97,0.0,1.0,0.0,1.0,3.0,7,164.1265393410777,261.5337637035205,pobre,0,6,1800.0,625.0,1.0,19.0,11,464,34863,3,1.0
98,0.0,1.0,0.0,,,7,164.1265393410777,261.5337637035205,pobre,0,6,1800.0,625.0,1.0,19.0,12,464,34863,3,1.0
97,1.0,1.0,0.0,1.0,9.0,5,164.1265393410777,261.5337637035205,pobre,0,2,625.0,845.0,1.0,50.0,16,464,34864,9,1.0
98,1.0,1.0,0.0,,,5,164.1265393410777,261.5337637035205,pobre,0,2,625.0,845.0,1.0,50.0,17,464,34864,9,1.0
97,0.0,1.0,0.0,1.0,8.0,5,164.1265393410777,261.5337637035205,pobre,0,2,625.0,845.0,1.0,50.0,13,464,34865,8,1.0
98,0.0,1.0,0.0,1.0,8.0,5,164.1265393410777,261.5337637035205,pobre,0,2,625.0,845.0,1.0,50.0,14,464,34865,8,1.0
97,0.0,0.0,3.777,0.0,6.0,12,70.71948653667833,70.71948653667833,no pobre,basal,0,166.66667,697.5,1.0,49.0,15,177,34866,6,0.0
98,0.0,0.0,3.777,,,12,70.71948653667833,70.71948653667833,no pobre,basal,0,166.66667,697.5,1.0,49.0,16,177,34866,6,0.0
97,0.0,0.0,3.777,1.0,7.0,12,70.71948653667833,70.71948653667833,no pobre,basal,0,166.66667,697.5,1.0,49.0,13,177,34867,7,1.0
98,0.0,0.0,3.777,1.0,8.0,12,70.71948653667833,70.71948653667833,no pobre,basal,0,166.66667,697.5,1.0,49.0,14,177,34867,7,1.0
97,1.0,0.0,3.777,1.0,1.0,12,70.71948653667833,70.71948653667833,no pobre,basal,0,166.66667,697.5,1.0,49.0,7,177,34868,1,1.0
98,1.0,0.0,3.777,1.0,2.0,12,70.71948653667833,70.71948653667833,no pobre,basal,0,166.66667,697.5,1.0,49.0,8,177,34868,1,1.0
97,1.0,,3.777,0.0,3.0,12,70.71948653667833,70.71948653667833,no pobre,basal,0,166.66667,697.5,1.0,49.0,15,177,34869,3,0.0
98,1.0,,3.777,,,12,70.71948653667833,70.71948653667833,no pobre,basal,0,166.66667,697.5,1.0,49.0,16,177,34869,3,0.0
97,1.0,0.0,3.777,1.0,8.0,7,70.71948653667833,70.71948653667833,pobre,basal,2,0.0,672.5,1.0,42.0,14,177,34870,8,1.0
98,1.0,0.0,3.777,0.0,8.0,7,70.71948653667833,70.71948653667833,pobre,basal,2,0.0,672.5,1.0,42.0,15,177,34870,8,1.0
97,0.0,0.0,3.777,1.0,6.0,7,70.71948653667833,70.71948653667833,pobre,basal,2,0.0,672.5,1.0,42.0,12,177,34871,6,1.0
98,0.0,0.0,3.777,1.0,7.0,7,70.71948653667833,70.71948653667833,pobre,basal,2,0.0,672.5,1.0,42.0,13,177,34871,6,1.0
97,0.0,0.0,3.777,1.0,1.0,7,70.71948653667833,70.71948653667833,pobre,basal,2,0.0,672.5,1.0,42.0,7,177,34872,1,1.0
98,0.0,0.0,3.777,1.0,2.0,7,70.71948653667833,70.71948653667833,pobre,basal,2,0.0,672.5,1.0,42.0,8,177,34872,1,1.0
97,1.0,0.0,3.8039999,1.0,0.0,5,98.51452488529426,98.51452488529426,pobre,0,3,0.0,568.0,1.0,45.0,7,129,34873,0,1.0
98,1.0,0.0,3.8039999,1.0,1.0,5,98.51452488529426,98.51452488529426,pobre,0,3,0.0,568.0,1.0,45.0,8,129,34873,0,1.0
97,1.0,0.0,3.8039999,0.0,6.0,4,98.51452488529426,98.51452488529426,no pobre,0,0,1000.0,816.11798,1.0,57.0,16,129,34874,6,0.0
98,1.0,0.0,3.8039999,0.0,6.0,4,98.51452488529426,98.51452488529426,no pobre,0,0,1000.0,816.11798,1.0,57.0,17,129,34874,6,0.0
97,1.0,0.0,3.8039999,1.0,2.0,4,98.51452488529426,98.51452488529426,pobre,0,2,1000.0,771.0,1.0,51.0,8,129,34875,2,1.0
98,1.0,0.0,3.8039999,1.0,3.0,4,98.51452488529426,98.51452488529426,pobre,0,2,1000.0,771.0,1.0,51.0,9,129,34875,2,1.0
97,1.0,0.0,0.0,1.0,8.0,7,80.30829567962643,80.30829567962643,pobre,basal,0,125.0,618.25,1.0,65.0,15,132,34876,8,1.0
98,1.0,0.0,0.0,0.0,9.0,7,80.30829567962643,80.30829567962643,pobre,basal,0,125.0,618.25,1.0,65.0,16,132,34876,8,1.0
97,1.0,0.0,0.0,1.0,7.0,7,80.30829567962643,80.30829567962643,pobre,basal,0,125.0,618.25,1.0,65.0,14,132,34877,7,1.0
98,1.0,0.0,0.0,1.0,9.0,7,80.30829567962643,80.30829567962643,pobre,basal,0,125.0,618.25,1.0,65.0,15,132,34877,7,1.0
97,1.0,0.0,0.0,1.0,3.0,7,80.30829567962643,80.30829567962643,pobre,basal,0,125.0,618.25,1.0,65.0,11,132,34878,3,1.0
98,1.0,0.0,0.0,1.0,4.0,7,80.30829567962643,80.30829567962643,pobre,basal,0,125.0,618.25,1.0,65.0,12,132,34878,3,1.0
97,0.0,0.0,0.0,1.0,3.0,7,80.30829567962643,80.30829567962643,pobre,basal,0,125.0,618.25,1.0,65.0,9,132,34879,3,1.0
98,0.0,0.0,0.0,1.0,4.0,7,80.30829567962643,80.30829567962643,pobre,basal,0,125.0,618.25,1.0,65.0,10,132,34879,3,1.0
97,0.0,0.0,0.0,1.0,6.0,7,80.30829567962643,80.30829567962643,pobre,basal,3,1200.0,551.0,1.0,35.0,12,132,34880,6,1.0
98,0.0,0.0,0.0,1.0,6.0,7,80.30829567962643,80.30829567962643,pobre,basal,3,1200.0,551.0,1.0,35.0,13,132,34880,6,1.0
97,1.0,0.0,0.0,1.0,2.0,7,80.30829567962643,80.30829567962643,pobre,basal,3,1200.0,551.0,1.0,35.0,8,132,34881,2,1.0
98,1.0,0.0,0.0,1.0,2.0,7,80.30829567962643,80.30829567962643,pobre,basal,3,1200.0,551.0,1.0,35.0,9,132,34881,2,1.0
97,1.0,0.0,0.0,1.0,1.0,7,80.30829567962643,80.30829567962643,pobre,basal,3,1200.0,551.0,1.0,35.0,7,132,34882,1,1.0
98,1.0,0.0,0.0,1.0,1.0,7,80.30829567962643,80.30829567962643,pobre,basal,3,1200.0,551.0,1.0,35.0,8,132,34882,1,1.0
97,1.0,0.0,0.0,1.0,1.0,4,80.30829567962643,80.30829567962643,pobre,basal,6,41.666668,666.0,1.0,27.0,6,132,34883,1,1.0
98,1.0,0.0,0.0,1.0,1.0,4,80.30829567962643,80.30829567962643,pobre,basal,6,41.666668,666.0,1.0,27.0,7,132,34883,1,1.0
97,0.0,0.0,3.8039999,0.0,6.0,8,98.51452488529426,98.51452488529426,pobre,0,0,1000.0,619.0,1.0,53.0,15,129,34884,6,0.0
98,0.0,0.0,3.8039999,,,8,98.51452488529426,98.51452488529426,pobre,0,0,1000.0,619.0,1.0,53.0,16,129,34884,6,0.0
97,1.0,0.0,3.8039999,1.0,4.0,8,98.51452488529426,98.51452488529426,pobre,0,0,1000.0,619.0,1.0,53.0,12,129,34885,4,1.0
98,1.0,0.0,3.8039999,1.0,5.0,8,98.51452488529426,98.51452488529426,pobre,0,0,1000.0,619.0,1.0,53.0,13,129,34885,4,1.0
97,0.0,0.0,3.8039999,1.0,1.0,8,98.51452488529426,98.51452488529426,pobre,0,0,1000.0,619.0,1.0,53.0,10,129,34886,1,1.0
98,0.0,0.0,3.8039999,1.0,2.0,8,98.51452488529426,98.51452488529426,pobre,0,0,1000.0,619.0,1.0,53.0,11,129,34886,1,1.0
97,1.0,0.0,3.8039999,1.0,1.0,8,98.51452488529426,98.51452488529426,pobre,0,0,1000.0,619.0,1.0,53.0,8,129,34887,1,1.0
98,1.0,0.0,3.8039999,1.0,2.0,8,98.51452488529426,98.51452488529426,pobre,0,0,1000.0,619.0,1.0,53.0,9,129,34887,1,1.0
97,1.0,0.0,3.8039999,1.0,0.0,8,98.51452488529426,98.51452488529426,pobre,0,0,1000.0,619.0,1.0,53.0,6,129,34888,0,1.0
98,1.0,0.0,3.8039999,1.0,1.0,8,98.51452488529426,98.51452488529426,pobre,0,0,1000.0,619.0,1.0,53.0,7,129,34888,0,1.0
97,0.0,0.0,3.8039999,1.0,1.0,5,98.51452488529426,98.51452488529426,pobre,0,2,0.0,641.0,1.0,44.0,8,129,34889,1,1.0
98,0.0,0.0,3.8039999,1.0,2.0,5,98.51452488529426,98.51452488529426,pobre,0,2,0.0,641.0,1.0,44.0,9,129,34889,1,1.0
97,0.0,0.0,3.8039999,1.0,0.0,5,98.51452488529426,98.51452488529426,pobre,0,2,0.0,641.0,1.0,44.0,6,129,34890,0,1.0
98,0.0,0.0,3.8039999,1.0,1.0,5,98.51452488529426,98.51452488529426,pobre,0,2,0.0,641.0,1.0,44.0,7,129,34890,0,1.0
97,1.0,0.0,1.2460001,0.0,6.0,5,101.1014252992507,101.1014252992507,no pobre,0,0,208.33333,739.0,1.0,44.0,16,144,34891,6,0.0
98,1.0,0.0,1.2460001,,,5,101.1014252992507,101.1014252992507,no pobre,0,0,208.33333,739.0,1.0,44.0,17,144,34891,6,0.0
97,1.0,0.0,3.777,,0.0,9,70.71948653667833,70.71948653667833,pobre,basal,1,250.0,620.75,1.0,54.0,15,177,34892,0,
98,1.0,0.0,3.777,0.0,3.0,9,70.71948653667833,70.71948653667833,pobre,basal,1,250.0,620.75,1.0,54.0,16,177,34892,0,
97,0.0,0.0,3.777,0.0,6.0,9,70.71948653667833,70.71948653667833,pobre,basal,1,250.0,620.75,1.0,54.0,14,177,34893,6,0.0
98,0.0,0.0,3.777,0.0,6.0,9,70.71948653667833,70.71948653667833,pobre,basal,1,250.0,620.75,1.0,54.0,15,177,34893,6,0.0
97,0.0,0.0,3.777,0.0,6.0,9,70.71948653667833,70.71948653667833,pobre,basal,1,250.0,620.75,1.0,54.0,13,177,34894,6,0.0
98,0.0,0.0,3.777,1.0,6.0,9,70.71948653667833,70.71948653667833,pobre,basal,1,250.0,620.75,1.0,54.0,14,177,34894,6,0.0
97,1.0,0.0,3.777,1.0,5.0,9,70.71948653667833,70.71948653667833,pobre,basal,1,250.0,620.75,1.0,54.0,11,177,34895,5,1.0
98,1.0,0.0,3.777,0.0,6.0,9,70.71948653667833,70.71948653667833,pobre,basal,1,250.0,620.75,1.0,54.0,12,177,34895,5,1.0
97,0.0,0.0,3.777,1.0,4.0,9,70.71948653667833,70.71948653667833,pobre,basal,1,250.0,620.75,1.0,54.0,10,177,34896,4,1.0
98,0.0,0.0,3.777,1.0,5.0,9,70.71948653667833,70.71948653667833,pobre,basal,1,250.0,620.75,1.0,54.0,11,177,34896,4,1.0
97,1.0,0.0,3.777,1.0,2.0,9,70.71948653667833,70.71948653667833,pobre,basal,1,250.0,620.75,1.0,54.0,8,177,34897,2,1.0
98,1.0,0.0,3.777,1.0,3.0,9,70.71948653667833,70.71948653667833,pobre,basal,1,250.0,620.75,1.0,54.0,9,177,34897,2,1.0
97,1.0,0.0,3.777,1.0,5.0,6,70.71948653667833,70.71948653667833,pobre,basal,0,0.0,652.0,1.0,73.0,12,177,34898,5,1.0
98,1.0,0.0,3.777,0.0,6.0,6,70.71948653667833,70.71948653667833,pobre,basal,0,0.0,652.0,1.0,73.0,13,177,34898,5,1.0
97,1.0,0.0,3.777,1.0,1.0,6,70.71948653667833,70.71948653667833,pobre,basal,0,0.0,652.0,1.0,73.0,8,177,34899,1,1.0
98,1.0,0.0,3.777,1.0,2.0,6,70.71948653667833,70.71948653667833,pobre,basal,0,0.0,652.0,1.0,73.0,9,177,34899,1,1.0
97,1.0,0.0,3.777,0.0,3.0,6,70.71948653667833,70.71948653667833,pobre,basal,0,375.0,684.0,0.0,48.0,16,177,34900,3,0.0
98,1.0,0.0,3.777,,,6,70.71948653667833,70.71948653667833,pobre,basal,0,375.0,684.0,0.0,48.0,17,177,34900,3,0.0
97,0.0,0.0,3.777,0.0,3.0,6,70.71948653667833,70.71948653667833,pobre,basal,0,375.0,684.0,0.0,48.0,14,177,34901,3,0.0
98,0.0,0.0,3.777,0.0,3.0,6,70.71948653667833,70.71948653667833,pobre,basal,0,375.0,684.0,0.0,48.0,15,177,34901,3,0.0
97,1.0,0.0,3.777,1.0,2.0,6,70.71948653667833,70.71948653667833,pobre,basal,0,375.0,684.0,0.0,48.0,11,177,34902,2,1.0
98,1.0,0.0,3.777,1.0,3.0,6,70.71948653667833,70.71948653667833,pobre,basal,0,375.0,684.0,0.0,48.0,12,177,34902,2,1.0
97,1.0,0.0,3.777,1.0,2.0,6,70.71948653667833,70.71948653667833,pobre,basal,0,375.0,684.0,0.0,48.0,10,177,34903,2,1.0
98,1.0,0.0,3.777,1.0,3.0,6,70.71948653667833,70.71948653667833,pobre,basal,0,375.0,684.0,0.0,48.0,11,177,34903,2,1.0
97,1.0,0.0,3.777,0.0,5.0,5,70.71948653667833,70.71948653667833,no pobre,basal,0,0.0,806.0,1.0,65.0,16,177,34904,5,0.0
98,1.0,0.0,3.777,,,5,70.71948653667833,70.71948653667833,no pobre,basal,0,0.0,806.0,1.0,65.0,17,177,34904,5,0.0
97,0.0,0.0,3.777,0.0,6.0,7,70.71948653667833,70.71948653667833,pobre,basal,3,125.0,546.0,1.0,40.0,14,177,34905,6,0.0
98,0.0,0.0,3.777,,,7,70.71948653667833,70.71948653667833,pobre,basal,3,125.0,546.0,1.0,40.0,15,177,34905,6,0.0
97,0.0,0.0,3.777,0.0,6.0,7,70.71948653667833,70.71948653667833,pobre,basal,3,125.0,546.0,1.0,40.0,13,177,34906,6,0.0
98,0.0,0.0,3.777,1.0,6.0,7,70.71948653667833,70.71948653667833,pobre,basal,3,125.0,546.0,1.0,40.0,14,177,34906,6,0.0
97,0.0,0.0,3.777,1.0,2.0,7,70.71948653667833,70.71948653667833,pobre,basal,3,125.0,546.0,1.0,40.0,8,177,34907,2,1.0
98,0.0,0.0,3.777,1.0,2.0,7,70.71948653667833,70.71948653667833,pobre,basal,3,125.0,546.0,1.0,40.0,9,177,34907,2,1.0
97,0.0,0.0,3.777,1.0,2.0,7,70.71948653667833,70.71948653667833,pobre,basal,3,125.0,546.0,1.0,40.0,8,177,34908,2,1.0
98,0.0,0.0,3.777,1.0,2.0,7,70.71948653667833,70.71948653667833,pobre,basal,3,125.0,546.0,1.0,40.0,9,177,34908,2,1.0
97,0.0,0.0,0.0,1.0,2.0,4,80.30829567962643,80.30829567962643,pobre,basal,6,66.666664,656.0,1.0,28.0,7,132,34909,2,1.0
98,0.0,0.0,0.0,1.0,3.0,4,80.30829567962643,80.30829567962643,pobre,basal,6,66.666664,656.0,1.0,28.0,8,132,34909,2,1.0
97,0.0,0.0,0.0,0.0,9.0,7,80.30829567962643,80.30829567962643,pobre,basal,4,1400.0,598.0,1.0,39.0,16,132,34910,9,0.0
98,0.0,0.0,0.0,,,7,80.30829567962643,80.30829567962643,pobre,basal,4,1400.0,598.0,1.0,39.0,17,132,34910,9,0.0
97,0.0,0.0,0.0,1.0,7.0,7,80.30829567962643,80.30829567962643,pobre,basal,4,1400.0,598.0,1.0,39.0,14,132,34911,7,1.0
98,0.0,0.0,0.0,1.0,8.0,7,80.30829567962643,80.30829567962643,pobre,basal,4,1400.0,598.0,1.0,39.0,15,132,34911,7,1.0
97,1.0,0.0,0.0,1.0,7.0,7,80.30829567962643,80.30829567962643,pobre,basal,4,1400.0,598.0,1.0,39.0,12,132,34912,7,1.0
98,1.0,0.0,0.0,1.0,8.0,7,80.30829567962643,80.30829567962643,pobre,basal,4,1400.0,598.0,1.0,39.0,13,132,34912,7,1.0
97,0.0,0.0,0.0,1.0,6.0,7,80.30829567962643,80.30829567962643,pobre,basal,4,1400.0,598.0,1.0,39.0,11,132,34913,6,1.0
98,0.0,0.0,0.0,1.0,7.0,7,80.30829567962643,80.30829567962643,pobre,basal,4,1400.0,598.0,1.0,39.0,12,132,34913,6,1.0
97,0.0,0.0,0.0,1.0,2.0,7,80.30829567962643,80.30829567962643,pobre,basal,4,1400.0,598.0,1.0,39.0,8,132,34914,2,1.0
98,0.0,0.0,0.0,1.0,3.0,7,80.30829567962643,80.30829567962643,pobre,basal,4,1400.0,598.0,1.0,39.0,9,132,34914,2,1.0
97,0.0,0.0,3.777,1.0,3.0,6,70.71948653667833,70.71948653667833,pobre,basal,3,1080.0,589.0,1.0,31.0,9,177,34915,3,1.0
98,0.0,0.0,3.777,1.0,4.0,6,70.71948653667833,70.71948653667833,pobre,basal,3,1080.0,589.0,1.0,31.0,10,177,34915,3,1.0
97,0.0,0.0,3.777,1.0,1.0,6,70.71948653667833,70.71948653667833,pobre,basal,3,1080.0,589.0,1.0,31.0,7,177,34916,1,1.0
98,0.0,0.0,3.777,1.0,2.0,6,70.71948653667833,70.71948653667833,pobre,basal,3,1080.0,589.0,1.0,31.0,8,177,34916,1,1.0
97,0.0,0.0,3.777,0.0,6.0,7,70.71948653667833,70.71948653667833,pobre,basal,0,800.0,547.0,1.0,44.0,12,177,34917,6,0.0
98,0.0,0.0,3.777,1.0,6.0,7,70.71948653667833,70.71948653667833,pobre,basal,0,800.0,547.0,1.0,44.0,13,177,34917,6,0.0
97,1.0,0.0,3.777,1.0,5.0,7,70.71948653667833,70.71948653667833,pobre,basal,0,800.0,547.0,1.0,44.0,11,177,34918,5,1.0
98,1.0,0.0,3.777,0.0,6.0,7,70.71948653667833,70.71948653667833,pobre,basal,0,800.0,547.0,1.0,44.0,12,177,34918,5,1.0
97,0.0,0.0,3.777,1.0,2.0,7,70.71948653667833,70.71948653667833,pobre,basal,0,800.0,547.0,1.0,44.0,8,177,34919,2,1.0
98,0.0,0.0,3.777,1.0,3.0,7,70.71948653667833,70.71948653667833,pobre,basal,0,800.0,547.0,1.0,44.0,9,177,34919,2,1.0
97,0.0,0.0,3.777,1.0,1.0,7,70.71948653667833,70.71948653667833,pobre,basal,0,800.0,547.0,1.0,44.0,7,177,34920,1,1.0
98,0.0,0.0,3.777,1.0,2.0,7,70.71948653667833,70.71948653667833,pobre,basal,0,800.0,547.0,1.0,44.0,8,177,34920,1,1.0
97,1.0,0.0,3.777,1.0,0.0,6,70.71948653667833,70.71948653667833,pobre,basal,4,720.0,527.0,1.0,29.0,6,177,34921,0,1.0
98,1.0,0.0,3.777,1.0,1.0,6,70.71948653667833,70.71948653667833,pobre,basal,4,720.0,527.0,1.0,29.0,7,177,34921,0,1.0
97,0.0,0.0,3.777,0.0,6.0,8,70.71948653667833,70.71948653667833,pobre,basal,3,166.66667,502.0,1.0,35.0,15,177,34922,6,0.0
98,0.0,0.0,3.777,1.0,6.0,8,70.71948653667833,70.71948653667833,pobre,basal,3,166.66667,502.0,1.0,35.0,16,177,34922,6,0.0
97,0.0,0.0,3.777,0.0,6.0,8,70.71948653667833,70.71948653667833,pobre,basal,3,166.66667,502.0,1.0,35.0,13,177,34923,6,0.0
98,0.0,0.0,3.777,1.0,6.0,8,70.71948653667833,70.71948653667833,pobre,basal,3,166.66667,502.0,1.0,35.0,14,177,34923,6,0.0
97,0.0,0.0,3.777,1.0,4.0,8,70.71948653667833,70.71948653667833,pobre,basal,3,166.66667,502.0,1.0,35.0,10,177,34924,4,1.0
98,0.0,0.0,3.777,1.0,5.0,8,70.71948653667833,70.71948653667833,pobre,basal,3,166.66667,502.0,1.0,35.0,11,177,34924,4,1.0
97,0.0,0.0,3.777,1.0,2.0,8,70.71948653667833,70.71948653667833,pobre,basal,3,166.66667,502.0,1.0,35.0,8,177,34925,2,1.0
98,0.0,0.0,3.777,1.0,3.0,8,70.71948653667833,70.71948653667833,pobre,basal,3,166.66667,502.0,1.0,35.0,9,177,34925,2,1.0
97,0.0,0.0,3.777,0.0,6.0,4,70.71948653667833,70.71948653667833,no pobre,basal,1,166.66667,745.0,1.0,49.0,14,177,34926,6,0.0
98,0.0,0.0,3.777,0.0,6.0,4,70.71948653667833,70.71948653667833,no pobre,basal,1,166.66667,745.0,1.0,49.0,15,177,34926,6,0.0
97,1.0,0.0,3.777,1.0,5.0,4,70.71948653667833,70.71948653667833,no pobre,basal,1,166.66667,745.0,1.0,49.0,10,177,34927,5,1.0
98,1.0,0.0,3.777,1.0,6.0,4,70.71948653667833,70.71948653667833,no pobre,basal,1,166.66667,745.0,1.0,49.0,11,177,34927,5,1.0
97,0.0,0.0,0.0,0.0,6.0,8,80.30829567962643,80.30829567962643,pobre,basal,0,0.0,558.0,1.0,42.0,12,132,34928,6,0.0
98,0.0,0.0,0.0,0.0,6.0,8,80.30829567962643,80.30829567962643,pobre,basal,0,0.0,558.0,1.0,42.0,13,132,34928,6,0.0
97,1.0,0.0,0.0,1.0,1.0,8,80.30829567962643,80.30829567962643,pobre,basal,0,0.0,558.0,1.0,42.0,9,132,34929,1,1.0
98,1.0,0.0,0.0,1.0,1.0,8,80.30829567962643,80.30829567962643,pobre,basal,0,0.0,558.0,1.0,42.0,10,132,34929,1,1.0
97,1.0,0.0,0.0,1.0,5.0,11,103.386546498928,103.386546498928,pobre,basal,3,1200.0,497.0,1.0,44.0,14,140,34930,5,1.0
98,1.0,0.0,0.0,1.0,3.0,11,103.386546498928,103.386546498928,pobre,basal,3,1200.0,497.0,1.0,44.0,15,140,34930,5,1.0
97,0.0,0.0,0.0,1.0,4.0,11,103.386546498928,103.386546498928,pobre,basal,3,1200.0,497.0,1.0,44.0,11,140,34931,4,1.0
98,0.0,0.0,0.0,1.0,5.0,11,103.386546498928,103.386546498928,pobre,basal,3,1200.0,497.0,1.0,44.0,12,140,34931,4,1.0
97,1.0,0.0,0.0,1.0,1.0,11,103.386546498928,103.386546498928,pobre,basal,3,1200.0,497.0,1.0,44.0,8,140,34932,1,1.0
98,1.0,0.0,0.0,1.0,2.0,11,103.386546498928,103.386546498928,pobre,basal,3,1200.0,497.0,1.0,44.0,9,140,34932,1,1.0
97,1.0,0.0,0.0,1.0,0.0,11,103.386546498928,103.386546498928,pobre,basal,3,1200.0,497.0,1.0,44.0,7,140,34933,0,1.0
98,1.0,0.0,0.0,1.0,1.0,11,103.386546498928,103.386546498928,pobre,basal,3,1200.0,497.0,1.0,44.0,8,140,34933,0,1.0
97,0.0,0.0,0.0,0.0,6.0,5,103.386546498928,103.386546498928,no pobre,basal,3,1000.0,770.75,1.0,57.0,15,140,34934,6,0.0
98,0.0,0.0,0.0,0.0,6.0,5,103.386546498928,103.386546498928,no pobre,basal,3,1000.0,770.75,1.0,57.0,16,140,34934,6,0.0
97,0.0,0.0,1.158,0.0,6.0,5,76.43225733599695,76.43225733599695,pobre,basal,0,1000.0,690.0,1.0,58.0,16,150,34935,6,0.0
98,0.0,0.0,1.158,,,5,76.43225733599695,76.43225733599695,pobre,basal,0,1000.0,690.0,1.0,58.0,17,150,34935,6,0.0
97,1.0,0.0,1.158,1.0,5.0,3,76.43225733599695,76.43225733599695,pobre,basal,0,120.0,764.0,1.0,60.0,12,150,34936,5,1.0
98,1.0,0.0,1.158,0.0,6.0,3,76.43225733599695,76.43225733599695,pobre,basal,0,120.0,764.0,1.0,60.0,13,150,34936,5,1.0
97,0.0,0.0,1.158,1.0,3.0,5,76.43225733599695,76.43225733599695,pobre,basal,3,880.0,601.34399,1.0,31.0,9,150,34937,3,1.0
98,0.0,0.0,1.158,,,5,76.43225733599695,76.43225733599695,pobre,basal,3,880.0,601.34399,1.0,31.0,10,150,34937,3,1.0
97,1.0,0.0,1.158,1.0,3.0,5,76.43225733599695,76.43225733599695,pobre,basal,3,880.0,601.34399,1.0,31.0,8,150,34938,3,1.0
98,1.0,0.0,1.158,,,5,76.43225733599695,76.43225733599695,pobre,basal,3,880.0,601.34399,1.0,31.0,9,150,34938,3,1.0
97,1.0,0.0,0.0,0.0,9.0,6,75.23676528477016,75.23676528477016,no pobre,basal,6,0.0,797.0,0.0,43.0,16,151,34939,9,0.0
98,1.0,0.0,0.0,,,6,75.23676528477016,75.23676528477016,no pobre,basal,6,0.0,797.0,0.0,43.0,17,151,34939,9,0.0
97,0.0,0.0,0.0,1.0,8.0,6,75.23676528477016,75.23676528477016,no pobre,basal,6,0.0,797.0,0.0,43.0,13,151,34940,8,1.0
98,0.0,0.0,0.0,1.0,8.0,6,75.23676528477016,75.23676528477016,no pobre,basal,6,0.0,797.0,0.0,43.0,14,151,34940,8,1.0
97,1.0,0.0,0.0,0.0,6.0,4,75.23676528477016,75.23676528477016,no pobre,basal,4,2000.0,722.0,1.0,36.0,16,151,34941,6,0.0
98,1.0,0.0,0.0,,,4,75.23676528477016,75.23676528477016,no pobre,basal,4,2000.0,722.0,1.0,36.0,17,151,34941,6,0.0
97,0.0,0.0,0.0,1.0,2.0,4,75.23676528477016,75.23676528477016,no pobre,basal,4,2000.0,722.0,1.0,36.0,8,151,34942,2,1.0
98,0.0,0.0,0.0,1.0,3.0,4,75.23676528477016,75.23676528477016,no pobre,basal,4,2000.0,722.0,1.0,36.0,9,151,34942,2,1.0
97,1.0,0.0,0.0,0.0,6.0,6,75.23676528477016,75.23676528477016,no pobre,basal,4,400.0,787.5,1.0,57.0,16,151,34943,6,0.0
98,1.0,0.0,0.0,,,6,75.23676528477016,75.23676528477016,no pobre,basal,4,400.0,787.5,1.0,57.0,17,151,34943,6,0.0
97,1.0,0.0,0.0,1.0,4.0,5,75.23676528477016,75.23676528477016,pobre,basal,9,375.0,655.0,1.0,31.0,11,151,34944,4,1.0
98,1.0,0.0,0.0,1.0,5.0,5,75.23676528477016,75.23676528477016,pobre,basal,9,375.0,655.0,1.0,31.0,12,151,34944,4,1.0
97,0.0,0.0,0.0,1.0,4.0,5,75.23676528477016,75.23676528477016,pobre,basal,9,375.0,655.0,1.0,31.0,10,151,34945,4,1.0
98,0.0,0.0,0.0,1.0,5.0,5,75.23676528477016,75.23676528477016,pobre,basal,9,375.0,655.0,1.0,31.0,11,151,34945,4,1.0
97,0.0,0.0,0.0,1.0,0.0,5,75.23676528477016,75.23676528477016,pobre,basal,9,375.0,655.0,1.0,31.0,6,151,34946,0,1.0
98,0.0,0.0,0.0,1.0,1.0,5,75.23676528477016,75.23676528477016,pobre,basal,9,375.0,655.0,1.0,31.0,7,151,34946,0,1.0
97,1.0,0.0,1.737,1.0,10.0,8,15.95952238751799,15.95952238751799,pobre,basal,17,0.0,626.0,1.0,53.0,16,164,34947,10,1.0
98,1.0,0.0,1.737,,,8,15.95952238751799,15.95952238751799,pobre,basal,17,0.0,626.0,1.0,53.0,17,164,34947,10,1.0
97,1.0,0.0,1.737,1.0,6.0,8,15.95952238751799,15.95952238751799,pobre,basal,17,0.0,626.0,1.0,53.0,12,164,34948,6,1.0
98,1.0,0.0,1.737,1.0,7.0,8,15.95952238751799,15.95952238751799,pobre,basal,17,0.0,626.0,1.0,53.0,13,164,34948,6,1.0
97,1.0,0.0,1.737,1.0,1.0,8,15.95952238751799,15.95952238751799,pobre,basal,17,0.0,626.0,1.0,53.0,7,164,34949,1,1.0
98,1.0,0.0,1.737,1.0,2.0,8,15.95952238751799,15.95952238751799,pobre,basal,17,0.0,626.0,1.0,53.0,8,164,34949,1,1.0
97,0.0,0.0,1.737,1.0,5.0,7,15.95952238751799,15.95952238751799,pobre,basal,3,333.33334,627.5,1.0,33.0,11,164,34950,5,1.0
98,0.0,0.0,1.737,1.0,6.0,7,15.95952238751799,15.95952238751799,pobre,basal,3,333.33334,627.5,1.0,33.0,12,164,34950,5,1.0
97,0.0,0.0,1.737,1.0,5.0,7,15.95952238751799,15.95952238751799,pobre,basal,3,333.33334,627.5,1.0,33.0,11,164,34951,5,1.0
98,0.0,0.0,1.737,1.0,6.0,7,15.95952238751799,15.95952238751799,pobre,basal,3,333.33334,627.5,1.0,33.0,12,164,34951,5,1.0
97,1.0,0.0,1.737,1.0,1.0,7,15.95952238751799,15.95952238751799,pobre,basal,3,333.33334,627.5,1.0,33.0,7,164,34952,1,1.0
98,1.0,0.0,1.737,1.0,1.0,7,15.95952238751799,15.95952238751799,pobre,basal,3,333.33334,627.5,1.0,33.0,8,164,34952,1,1.0
97,1.0,0.0,2.5090001,1.0,2.0,4,67.70657730764567,67.70657730764567,pobre,basal,0,0.0,683.0,1.0,66.0,15,175,34953,2,1.0
98,1.0,0.0,2.5090001,1.0,3.0,4,67.70657730764567,67.70657730764567,pobre,basal,0,0.0,683.0,1.0,66.0,16,175,34953,2,1.0
97,0.0,0.0,1.158,1.0,0.0,4,76.43225733599695,76.43225733599695,pobre,basal,5,800.0,760.0,1.0,27.0,6,150,34954,0,1.0
98,0.0,0.0,1.158,1.0,1.0,4,76.43225733599695,76.43225733599695,pobre,basal,5,800.0,760.0,1.0,27.0,7,150,34954,0,1.0
97,0.0,0.0,2.5090001,1.0,1.0,5,67.70657730764567,67.70657730764567,pobre,basal,3,1000.0,609.0,1.0,34.0,6,175,34955,1,1.0
98,0.0,0.0,2.5090001,1.0,2.0,5,67.70657730764567,67.70657730764567,pobre,basal,3,1000.0,609.0,1.0,34.0,7,175,34955,1,1.0
97,0.0,1.0,1.158,1.0,6.0,3,76.43225733599695,76.43225733599695,pobre,basal,9,400.0,731.0,0.0,28.0,11,150,34956,6,1.0
98,0.0,1.0,1.158,,,3,76.43225733599695,76.43225733599695,pobre,basal,9,400.0,731.0,0.0,28.0,12,150,34956,6,1.0
97,1.0,1.0,1.158,1.0,0.0,3,76.43225733599695,76.43225733599695,pobre,basal,9,400.0,731.0,0.0,28.0,6,150,34957,0,1.0
98,1.0,1.0,1.158,1.0,1.0,3,76.43225733599695,76.43225733599695,pobre,basal,9,400.0,731.0,0.0,28.0,7,150,34957,0,1.0
97,0.0,0.0,2.5090001,0.0,6.0,10,67.70657730764567,67.70657730764567,pobre,basal,1,920.0,389.0,1.0,43.0,14,175,34958,6,0.0
98,0.0,0.0,2.5090001,,,10,67.70657730764567,67.70657730764567,pobre,basal,1,920.0,389.0,1.0,43.0,15,175,34958,6,0.0
97,1.0,0.0,2.5090001,0.0,6.0,10,67.70657730764567,67.70657730764567,pobre,basal,1,920.0,389.0,1.0,43.0,12,175,34959,6,0.0
98,1.0,0.0,2.5090001,,,10,67.70657730764567,67.70657730764567,pobre,basal,1,920.0,389.0,1.0,43.0,13,175,34959,6,0.0
97,1.0,0.0,2.5090001,1.0,3.0,10,67.70657730764567,67.70657730764567,pobre,basal,1,920.0,389.0,1.0,43.0,10,175,34960,3,1.0
98,1.0,0.0,2.5090001,,,10,67.70657730764567,67.70657730764567,pobre,basal,1,920.0,389.0,1.0,43.0,11,175,34960,3,1.0
97,0.0,0.0,2.5090001,1.0,2.0,10,67.70657730764567,67.70657730764567,pobre,basal,1,920.0,389.0,1.0,43.0,8,175,34961,2,1.0
98,0.0,0.0,2.5090001,,,10,67.70657730764567,67.70657730764567,pobre,basal,1,920.0,389.0,1.0,43.0,9,175,34961,2,1.0
97,0.0,0.0,2.5090001,1.0,0.0,10,67.70657730764567,67.70657730764567,pobre,basal,1,920.0,389.0,1.0,43.0,6,175,34962,0,1.0
98,0.0,0.0,2.5090001,,,10,67.70657730764567,67.70657730764567,pobre,basal,1,920.0,389.0,1.0,43.0,7,175,34962,0,1.0
97,0.0,0.0,1.158,1.0,8.0,5,76.43225733599695,76.43225733599695,no pobre,basal,3,1600.0,804.0,1.0,42.0,14,150,34963,8,1.0
98,0.0,0.0,1.158,0.0,9.0,5,76.43225733599695,76.43225733599695,no pobre,basal,3,1600.0,804.0,1.0,42.0,15,150,34963,8,1.0
97,0.0,0.0,1.158,1.0,6.0,5,76.43225733599695,76.43225733599695,no pobre,basal,3,1600.0,804.0,1.0,42.0,12,150,34964,6,1.0
98,0.0,0.0,1.158,1.0,7.0,5,76.43225733599695,76.43225733599695,no pobre,basal,3,1600.0,804.0,1.0,42.0,13,150,34964,6,1.0
97,0.0,0.0,1.158,1.0,6.0,5,76.43225733599695,76.43225733599695,pobre,basal,9,1300.0,674.66602,1.0,39.0,11,150,34965,6,1.0
98,0.0,0.0,1.158,1.0,7.0,5,76.43225733599695,76.43225733599695,pobre,basal,9,1300.0,674.66602,1.0,39.0,12,150,34965,6,1.0
97,1.0,0.0,1.158,1.0,4.0,5,76.43225733599695,76.43225733599695,pobre,basal,9,1300.0,674.66602,1.0,39.0,9,150,34966,4,1.0
98,1.0,0.0,1.158,1.0,5.0,5,76.43225733599695,76.43225733599695,pobre,basal,9,1300.0,674.66602,1.0,39.0,10,150,34966,4,1.0
97,0.0,0.0,1.158,1.0,0.0,5,76.43225733599695,76.43225733599695,pobre,basal,9,1300.0,674.66602,1.0,39.0,6,150,34967,0,1.0
98,0.0,0.0,1.158,1.0,1.0,5,76.43225733599695,76.43225733599695,pobre,basal,9,1300.0,674.66602,1.0,39.0,7,150,34967,0,1.0
97,1.0,0.0,0.0,0.0,9.0,5,75.23676528477016,75.23676528477016,pobre,basal,1,83.333336,655.0,1.0,55.0,15,151,34968,9,0.0
98,1.0,0.0,0.0,0.0,9.0,5,75.23676528477016,75.23676528477016,pobre,basal,1,83.333336,655.0,1.0,55.0,16,151,34968,9,0.0
97,1.0,0.0,0.0,1.0,4.0,5,75.23676528477016,75.23676528477016,pobre,basal,1,83.333336,655.0,1.0,55.0,11,151,34969,4,1.0
98,1.0,0.0,0.0,,,5,75.23676528477016,75.23676528477016,pobre,basal,1,83.333336,655.0,1.0,55.0,12,151,34969,4,1.0
97,1.0,0.0,0.0,1.0,3.0,5,75.23676528477016,75.23676528477016,pobre,basal,1,83.333336,655.0,1.0,55.0,8,151,34970,3,1.0
98,1.0,0.0,0.0,1.0,4.0,5,75.23676528477016,75.23676528477016,pobre,basal,1,83.333336,655.0,1.0,55.0,9,151,34970,3,1.0
97,0.0,0.0,2.5090001,1.0,1.0,6,67.70657730764567,67.70657730764567,pobre,basal,3,0.0,592.0,1.0,35.0,7,175,34971,1,1.0
98,0.0,0.0,2.5090001,1.0,2.0,6,67.70657730764567,67.70657730764567,pobre,basal,3,0.0,592.0,1.0,35.0,8,175,34971,1,1.0
97,0.0,0.0,0.0,1.0,8.0,9,78.0631292297994,78.0631292297994,pobre,0,3,800.0,649.5,1.0,53.0,15,189,34972,8,1.0
98,0.0,0.0,0.0,0.0,9.0,9,78.0631292297994,78.0631292297994,pobre,0,3,800.0,649.5,1.0,53.0,16,189,34972,8,1.0
97,1.0,0.0,0.0,1.0,6.0,9,78.0631292297994,78.0631292297994,pobre,0,3,800.0,649.5,1.0,53.0,13,189,34973,6,1.0
98,1.0,0.0,0.0,1.0,7.0,9,78.0631292297994,78.0631292297994,pobre,0,3,800.0,649.5,1.0,53.0,14,189,34973,6,1.0
97,1.0,0.0,0.0,0.0,2.0,9,78.0631292297994,78.0631292297994,pobre,0,3,800.0,649.5,1.0,53.0,8,189,34974,2,0.0
98,1.0,0.0,0.0,1.0,2.0,9,78.0631292297994,78.0631292297994,pobre,0,3,800.0,649.5,1.0,53.0,9,189,34974,2,0.0
97,0.0,0.0,0.0,1.0,1.0,9,78.0631292297994,78.0631292297994,pobre,0,3,800.0,649.5,1.0,53.0,7,189,34975,1,1.0
98,0.0,0.0,0.0,1.0,1.0,9,78.0631292297994,78.0631292297994,pobre,0,3,800.0,649.5,1.0,53.0,8,189,34975,1,1.0
97,0.0,0.0,0.0,1.0,8.0,6,78.0631292297994,78.0631292297994,no pobre,0,0,1200.0,726.11798,1.0,60.0,14,189,34976,8,1.0
98,0.0,0.0,0.0,0.0,9.0,6,78.0631292297994,78.0631292297994,no pobre,0,0,1200.0,726.11798,1.0,60.0,15,189,34976,8,1.0
97,0.0,0.0,0.0,1.0,7.0,6,78.0631292297994,78.0631292297994,no pobre,0,0,1200.0,726.11798,1.0,60.0,13,189,34977,7,1.0
98,0.0,0.0,0.0,1.0,8.0,6,78.0631292297994,78.0631292297994,no pobre,0,0,1200.0,726.11798,1.0,60.0,14,189,34977,7,1.0
97,0.0,0.0,0.0,1.0,5.0,6,78.0631292297994,78.0631292297994,no pobre,0,0,1200.0,726.11798,1.0,60.0,11,189,34978,5,1.0
98,0.0,0.0,0.0,1.0,6.0,6,78.0631292297994,78.0631292297994,no pobre,0,0,1200.0,726.11798,1.0,60.0,12,189,34978,5,1.0
97,0.0,0.0,0.0,1.0,4.0,6,78.0631292297994,78.0631292297994,no pobre,0,0,1200.0,726.11798,1.0,60.0,10,189,34979,4,1.0
98,0.0,0.0,0.0,1.0,5.0,6,78.0631292297994,78.0631292297994,no pobre,0,0,1200.0,726.11798,1.0,60.0,11,189,34979,4,1.0
97,1.0,0.0,0.0,0.0,4.0,6,78.0631292297994,78.0631292297994,pobre,0,0,600.0,696.0,1.0,66.0,10,189,34980,4,0.0
98,1.0,0.0,0.0,1.0,5.0,6,78.0631292297994,78.0631292297994,pobre,0,0,600.0,696.0,1.0,66.0,11,189,34980,4,0.0
97,0.0,0.0,0.0,,0.0,6,78.0631292297994,78.0631292297994,pobre,0,0,600.0,696.0,1.0,66.0,7,189,34981,0,
98,0.0,0.0,0.0,1.0,2.0,6,78.0631292297994,78.0631292297994,pobre,0,0,600.0,696.0,1.0,66.0,8,189,34981,0,
97,0.0,0.0,0.0,1.0,6.0,7,78.0631292297994,78.0631292297994,pobre,0,0,2000.0,591.0,1.0,43.0,14,189,34982,6,1.0
98,0.0,0.0,0.0,1.0,7.0,7,78.0631292297994,78.0631292297994,pobre,0,0,2000.0,591.0,1.0,43.0,15,189,34982,6,1.0
97,1.0,0.0,0.0,1.0,3.0,7,78.0631292297994,78.0631292297994,pobre,0,0,2000.0,591.0,1.0,43.0,12,189,34983,3,1.0
98,1.0,0.0,0.0,1.0,3.0,7,78.0631292297994,78.0631292297994,pobre,0,0,2000.0,591.0,1.0,43.0,13,189,34983,3,1.0
97,1.0,0.0,0.0,1.0,3.0,7,78.0631292297994,78.0631292297994,pobre,0,0,2000.0,591.0,1.0,43.0,10,189,34984,3,1.0
98,1.0,0.0,0.0,1.0,4.0,7,78.0631292297994,78.0631292297994,pobre,0,0,2000.0,591.0,1.0,43.0,11,189,34984,3,1.0
97,0.0,0.0,0.0,1.0,0.0,7,78.0631292297994,78.0631292297994,pobre,0,0,2000.0,591.0,1.0,43.0,6,189,34985,0,1.0
98,0.0,0.0,0.0,1.0,0.0,7,78.0631292297994,78.0631292297994,pobre,0,0,2000.0,591.0,1.0,43.0,7,189,34985,0,1.0
97,1.0,0.0,0.0,0.0,4.0,7,78.0631292297994,78.0631292297994,pobre,0,3,1200.0,651.5,1.0,36.0,15,189,34986,4,0.0
98,1.0,0.0,0.0,0.0,4.0,7,78.0631292297994,78.0631292297994,pobre,0,3,1200.0,651.5,1.0,36.0,16,189,34986,4,0.0
97,0.0,0.0,0.0,1.0,5.0,7,78.0631292297994,78.0631292297994,pobre,0,3,1200.0,651.5,1.0,36.0,12,189,34987,5,1.0
98,0.0,0.0,0.0,,,7,78.0631292297994,78.0631292297994,pobre,0,3,1200.0,651.5,1.0,36.0,13,189,34987,5,1.0
97,1.0,0.0,0.0,1.0,3.0,7,78.0631292297994,78.0631292297994,pobre,0,3,1200.0,651.5,1.0,36.0,9,189,34988,3,1.0
98,1.0,0.0,0.0,1.0,4.0,7,78.0631292297994,78.0631292297994,pobre,0,3,1200.0,651.5,1.0,36.0,10,189,34988,3,1.0
97,1.0,0.0,0.0,1.0,2.0,7,78.0631292297994,78.0631292297994,pobre,0,3,1200.0,651.5,1.0,36.0,8,189,34989,2,1.0
98,1.0,0.0,0.0,1.0,3.0,7,78.0631292297994,78.0631292297994,pobre,0,3,1200.0,651.5,1.0,36.0,9,189,34989,2,1.0
97,0.0,0.0,2.2650001,0.0,6.0,4,86.28887146500354,86.28887146500354,pobre,0,1,600.0,793.0,1.0,55.0,16,130,34990,6,0.0
98,0.0,0.0,2.2650001,,,4,86.28887146500354,86.28887146500354,pobre,0,1,600.0,793.0,1.0,55.0,17,130,34990,6,0.0
97,1.0,0.0,2.2650001,1.0,6.0,6,86.28887146500354,86.28887146500354,pobre,0,7,7500.0,632.0,1.0,32.0,12,130,34991,6,1.0
98,1.0,0.0,2.2650001,1.0,7.0,6,86.28887146500354,86.28887146500354,pobre,0,7,7500.0,632.0,1.0,32.0,13,130,34991,6,1.0
97,1.0,0.0,2.2650001,1.0,4.0,6,86.28887146500354,86.28887146500354,pobre,0,7,7500.0,632.0,1.0,32.0,10,130,34992,4,1.0
98,1.0,0.0,2.2650001,1.0,5.0,6,86.28887146500354,86.28887146500354,pobre,0,7,7500.0,632.0,1.0,32.0,11,130,34992,4,1.0
97,1.0,0.0,2.2650001,1.0,3.0,6,86.28887146500354,86.28887146500354,pobre,0,7,7500.0,632.0,1.0,32.0,9,130,34993,3,1.0
98,1.0,0.0,2.2650001,1.0,4.0,6,86.28887146500354,86.28887146500354,pobre,0,7,7500.0,632.0,1.0,32.0,10,130,34993,3,1.0
97,0.0,0.0,2.2650001,0.0,9.0,5,86.28887146500354,86.28887146500354,pobre,0,3,500.0,668.0,1.0,38.0,16,130,34994,9,0.0
98,0.0,0.0,2.2650001,,,5,86.28887146500354,86.28887146500354,pobre,0,3,500.0,668.0,1.0,38.0,17,130,34994,9,0.0
97,1.0,0.0,2.2650001,1.0,5.0,5,86.28887146500354,86.28887146500354,pobre,0,3,500.0,668.0,1.0,38.0,11,130,34995,5,1.0
98,1.0,0.0,2.2650001,1.0,6.0,5,86.28887146500354,86.28887146500354,pobre,0,3,500.0,668.0,1.0,38.0,12,130,34995,5,1.0
97,0.0,0.0,2.2650001,1.0,2.0,5,86.28887146500354,86.28887146500354,pobre,0,3,500.0,668.0,1.0,38.0,8,130,34996,2,1.0
98,0.0,0.0,2.2650001,1.0,3.0,5,86.28887146500354,86.28887146500354,pobre,0,3,500.0,668.0,1.0,38.0,9,130,34996,2,1.0
97,0.0,0.0,2.5090001,1.0,8.0,8,67.70657730764567,67.70657730764567,pobre,basal,2,500.0,578.0,1.0,40.0,13,175,34997,8,1.0
98,0.0,0.0,2.5090001,,,8,67.70657730764567,67.70657730764567,pobre,basal,2,500.0,578.0,1.0,40.0,14,175,34997,8,1.0
97,1.0,0.0,2.5090001,1.0,7.0,8,67.70657730764567,67.70657730764567,pobre,basal,2,500.0,578.0,1.0,40.0,13,175,34998,7,1.0
98,1.0,0.0,2.5090001,,,8,67.70657730764567,67.70657730764567,pobre,basal,2,500.0,578.0,1.0,40.0,14,175,34998,7,1.0
97,0.0,0.0,2.5090001,1.0,4.0,8,67.70657730764567,67.70657730764567,pobre,basal,2,500.0,578.0,1.0,40.0,10,175,34999,4,1.0
98,0.0,0.0,2.5090001,,,8,67.70657730764567,67.70657730764567,pobre,basal,2,500.0,578.0,1.0,40.0,11,175,34999,4,1.0
97,1.0,0.0,2.5090001,1.0,1.0,8,67.70657730764567,67.70657730764567,pobre,basal,2,500.0,578.0,1.0,40.0,8,175,35000,1,1.0
98,1.0,0.0,2.5090001,,,8,67.70657730764567,67.70657730764567,pobre,basal,2,500.0,578.0,1.0,40.0,9,175,35000,1,1.0
97,0.0,0.0,2.5090001,1.0,2.0,5,67.70657730764567,67.70657730764567,pobre,basal,6,800.0,719.5,1.0,32.0,8,175,35001,2,1.0
98,0.0,0.0,2.5090001,1.0,3.0,5,67.70657730764567,67.70657730764567,pobre,basal,6,800.0,719.5,1.0,32.0,9,175,35001,2,1.0
97,0.0,0.0,2.5090001,1.0,0.0,5,67.70657730764567,67.70657730764567,pobre,basal,6,800.0,719.5,1.0,32.0,6,175,35002,0,1.0
98,0.0,0.0,2.5090001,1.0,1.0,5,67.70657730764567,67.70657730764567,pobre,basal,6,800.0,719.5,1.0,32.0,7,175,35002,0,1.0
97,0.0,0.0,2.5090001,0.0,6.0,6,67.70657730764567,67.70657730764567,pobre,basal,2,800.0,612.0,1.0,37.0,12,175,35003,6,0.0
98,0.0,0.0,2.5090001,0.0,6.0,6,67.70657730764567,67.70657730764567,pobre,basal,2,800.0,612.0,1.0,37.0,13,175,35003,6,0.0
97,1.0,0.0,2.5090001,1.0,3.0,6,67.70657730764567,67.70657730764567,pobre,basal,2,800.0,612.0,1.0,37.0,9,175,35004,3,1.0
98,1.0,0.0,2.5090001,1.0,4.0,6,67.70657730764567,67.70657730764567,pobre,basal,2,800.0,612.0,1.0,37.0,10,175,35004,3,1.0
97,1.0,0.0,2.5090001,0.0,6.0,11,67.70657730764567,67.70657730764567,pobre,basal,1,680.0,556.5,1.0,39.0,16,175,35005,6,0.0
98,1.0,0.0,2.5090001,,,11,67.70657730764567,67.70657730764567,pobre,basal,1,680.0,556.5,1.0,39.0,17,175,35005,6,0.0
97,0.0,0.0,2.5090001,0.0,4.0,11,67.70657730764567,67.70657730764567,pobre,basal,1,680.0,556.5,1.0,39.0,14,175,35006,4,0.0
98,0.0,0.0,2.5090001,0.0,4.0,11,67.70657730764567,67.70657730764567,pobre,basal,1,680.0,556.5,1.0,39.0,15,175,35006,4,0.0
97,1.0,0.0,2.5090001,0.0,6.0,11,67.70657730764567,67.70657730764567,pobre,basal,1,680.0,556.5,1.0,39.0,13,175,35007,6,0.0
98,1.0,0.0,2.5090001,0.0,6.0,11,67.70657730764567,67.70657730764567,pobre,basal,1,680.0,556.5,1.0,39.0,14,175,35007,6,0.0
97,0.0,0.0,2.5090001,1.0,5.0,11,67.70657730764567,67.70657730764567,pobre,basal,1,680.0,556.5,1.0,39.0,11,175,35008,5,1.0
98,0.0,0.0,2.5090001,0.0,6.0,11,67.70657730764567,67.70657730764567,pobre,basal,1,680.0,556.5,1.0,39.0,12,175,35008,5,1.0
97,1.0,0.0,2.5090001,1.0,2.0,11,67.70657730764567,67.70657730764567,pobre,basal,1,680.0,556.5,1.0,39.0,9,175,35009,2,1.0
98,1.0,0.0,2.5090001,1.0,3.0,11,67.70657730764567,67.70657730764567,pobre,basal,1,680.0,556.5,1.0,39.0,10,175,35009,2,1.0
97,1.0,0.0,2.5090001,1.0,2.0,11,67.70657730764567,67.70657730764567,pobre,basal,1,680.0,556.5,1.0,39.0,8,175,35010,2,1.0
98,1.0,0.0,2.5090001,1.0,2.0,11,67.70657730764567,67.70657730764567,pobre,basal,1,680.0,556.5,1.0,39.0,9,175,35010,2,1.0
97,1.0,0.0,2.5090001,1.0,0.0,11,67.70657730764567,67.70657730764567,pobre,basal,1,680.0,556.5,1.0,39.0,6,175,35011,0,1.0
98,1.0,0.0,2.5090001,1.0,1.0,11,67.70657730764567,67.70657730764567,pobre,basal,1,680.0,556.5,1.0,39.0,7,175,35011,0,1.0
97,1.0,0.0,2.5090001,1.0,8.0,3,67.70657730764567,67.70657730764567,pobre,basal,2,800.0,724.0,1.0,56.0,14,175,35012,8,1.0
98,1.0,0.0,2.5090001,0.0,9.0,3,67.70657730764567,67.70657730764567,pobre,basal,2,800.0,724.0,1.0,56.0,15,175,35012,8,1.0
97,1.0,0.0,2.5090001,1.0,9.0,6,67.70657730764567,67.70657730764567,pobre,basal,1,600.0,667.0,1.0,49.0,15,175,35013,9,1.0
98,1.0,0.0,2.5090001,0.0,10.0,6,67.70657730764567,67.70657730764567,pobre,basal,1,600.0,667.0,1.0,49.0,16,175,35013,9,1.0
97,1.0,0.0,2.5090001,1.0,7.0,6,67.70657730764567,67.70657730764567,pobre,basal,1,600.0,667.0,1.0,49.0,14,175,35014,7,1.0
98,1.0,0.0,2.5090001,1.0,8.0,6,67.70657730764567,67.70657730764567,pobre,basal,1,600.0,667.0,1.0,49.0,15,175,35014,7,1.0
97,0.0,0.0,2.5090001,1.0,3.0,6,67.70657730764567,67.70657730764567,pobre,basal,1,600.0,667.0,1.0,49.0,9,175,35015,3,1.0
98,0.0,0.0,2.5090001,1.0,4.0,6,67.70657730764567,67.70657730764567,pobre,basal,1,600.0,667.0,1.0,49.0,10,175,35015,3,1.0
97,1.0,0.0,2.5090001,1.0,2.0,6,67.70657730764567,67.70657730764567,pobre,basal,7,760.0,677.0,1.0,43.0,8,175,35016,2,1.0
98,1.0,0.0,2.5090001,1.0,3.0,6,67.70657730764567,67.70657730764567,pobre,basal,7,760.0,677.0,1.0,43.0,9,175,35016,2,1.0
97,0.0,0.0,2.5090001,1.0,1.0,6,67.70657730764567,67.70657730764567,pobre,basal,7,760.0,677.0,1.0,43.0,7,175,35017,1,1.0
98,0.0,0.0,2.5090001,1.0,2.0,6,67.70657730764567,67.70657730764567,pobre,basal,7,760.0,677.0,1.0,43.0,8,175,35017,1,1.0
97,1.0,0.0,2.5090001,0.0,4.0,12,67.70657730764567,67.70657730764567,pobre,basal,0,1200.0,434.39999,1.0,47.0,15,175,35018,4,0.0
98,1.0,0.0,2.5090001,0.0,6.0,12,67.70657730764567,67.70657730764567,pobre,basal,0,1200.0,434.39999,1.0,47.0,16,175,35018,4,0.0
97,1.0,0.0,2.5090001,1.0,2.0,12,67.70657730764567,67.70657730764567,pobre,basal,0,1200.0,434.39999,1.0,47.0,11,175,35019,2,1.0
98,1.0,0.0,2.5090001,1.0,3.0,12,67.70657730764567,67.70657730764567,pobre,basal,0,1200.0,434.39999,1.0,47.0,12,175,35019,2,1.0
97,0.0,0.0,2.5090001,0.0,3.0,12,67.70657730764567,67.70657730764567,pobre,basal,0,1200.0,434.39999,1.0,47.0,13,175,35020,3,0.0
98,0.0,0.0,2.5090001,0.0,3.0,12,67.70657730764567,67.70657730764567,pobre,basal,0,1200.0,434.39999,1.0,47.0,14,175,35020,3,0.0
97,0.0,0.0,2.5090001,0.0,3.0,12,67.70657730764567,67.70657730764567,pobre,basal,0,1200.0,434.39999,1.0,47.0,12,175,35021,3,0.0
98,0.0,0.0,2.5090001,0.0,3.0,12,67.70657730764567,67.70657730764567,pobre,basal,0,1200.0,434.39999,1.0,47.0,13,175,35021,3,0.0
97,0.0,0.0,2.5090001,1.0,2.0,12,67.70657730764567,67.70657730764567,pobre,basal,0,1200.0,434.39999,1.0,47.0,10,175,35022,2,1.0
98,0.0,0.0,2.5090001,1.0,3.0,12,67.70657730764567,67.70657730764567,pobre,basal,0,1200.0,434.39999,1.0,47.0,11,175,35022,2,1.0
97,0.0,0.0,2.5090001,1.0,1.0,12,67.70657730764567,67.70657730764567,pobre,basal,0,1200.0,434.39999,1.0,47.0,9,175,35023,1,1.0
98,0.0,0.0,2.5090001,1.0,2.0,12,67.70657730764567,67.70657730764567,pobre,basal,0,1200.0,434.39999,1.0,47.0,10,175,35023,1,1.0
97,0.0,0.0,2.5090001,1.0,0.0,12,67.70657730764567,67.70657730764567,pobre,basal,0,1200.0,434.39999,1.0,47.0,6,175,35024,0,1.0
98,0.0,0.0,2.5090001,1.0,1.0,12,67.70657730764567,67.70657730764567,pobre,basal,0,1200.0,434.39999,1.0,47.0,7,175,35024,0,1.0
97,0.0,0.0,0.0,0.0,9.0,9,78.0631292297994,78.0631292297994,pobre,0,0,750.0,614.97302,1.0,40.0,16,189,35025,9,0.0
98,0.0,0.0,0.0,,,9,78.0631292297994,78.0631292297994,pobre,0,0,750.0,614.97302,1.0,40.0,17,189,35025,9,0.0
97,1.0,0.0,0.0,1.0,8.0,9,78.0631292297994,78.0631292297994,pobre,0,0,750.0,614.97302,1.0,40.0,14,189,35026,8,1.0
98,1.0,0.0,0.0,0.0,9.0,9,78.0631292297994,78.0631292297994,pobre,0,0,750.0,614.97302,1.0,40.0,15,189,35026,8,1.0
97,0.0,0.0,0.0,1.0,6.0,9,78.0631292297994,78.0631292297994,pobre,0,0,750.0,614.97302,1.0,40.0,12,189,35027,6,1.0
98,0.0,0.0,0.0,1.0,7.0,9,78.0631292297994,78.0631292297994,pobre,0,0,750.0,614.97302,1.0,40.0,13,189,35027,6,1.0
97,0.0,0.0,0.0,1.0,3.0,9,78.0631292297994,78.0631292297994,pobre,0,0,750.0,614.97302,1.0,40.0,9,189,35028,3,1.0
98,0.0,0.0,0.0,1.0,4.0,9,78.0631292297994,78.0631292297994,pobre,0,0,750.0,614.97302,1.0,40.0,10,189,35028,3,1.0
97,0.0,0.0,0.0,1.0,1.0,3,78.0631292297994,78.0631292297994,pobre,0,0,0.0,722.0,0.0,70.0,10,189,35029,1,1.0
98,0.0,0.0,0.0,,,3,78.0631292297994,78.0631292297994,pobre,0,0,0.0,722.0,0.0,70.0,11,189,35029,1,1.0
97,0.0,0.0,0.0,1.0,3.0,8,78.0631292297994,78.0631292297994,pobre,0,0,0.0,525.0,1.0,70.0,14,189,35030,3,1.0
98,0.0,0.0,0.0,0.0,4.0,8,78.0631292297994,78.0631292297994,pobre,0,0,0.0,525.0,1.0,70.0,15,189,35030,3,1.0
97,1.0,0.0,0.0,1.0,2.0,8,78.0631292297994,78.0631292297994,pobre,0,0,0.0,525.0,1.0,70.0,12,189,35031,2,1.0
98,1.0,0.0,0.0,1.0,3.0,8,78.0631292297994,78.0631292297994,pobre,0,0,0.0,525.0,1.0,70.0,13,189,35031,2,1.0
97,0.0,0.0,0.0,1.0,1.0,8,78.0631292297994,78.0631292297994,pobre,0,0,0.0,525.0,1.0,70.0,10,189,35032,1,1.0
98,0.0,0.0,0.0,1.0,2.0,8,78.0631292297994,78.0631292297994,pobre,0,0,0.0,525.0,1.0,70.0,11,189,35032,1,1.0
97,0.0,0.0,0.0,1.0,0.0,8,78.0631292297994,78.0631292297994,pobre,0,0,0.0,525.0,1.0,70.0,7,189,35033,0,1.0
98,0.0,0.0,0.0,1.0,1.0,8,78.0631292297994,78.0631292297994,pobre,0,0,0.0,525.0,1.0,70.0,8,189,35033,0,1.0
97,0.0,0.0,2.5090001,1.0,7.0,7,67.70657730764567,67.70657730764567,pobre,basal,2,760.0,530.0,1.0,36.0,13,175,35034,7,1.0
98,0.0,0.0,2.5090001,1.0,8.0,7,67.70657730764567,67.70657730764567,pobre,basal,2,760.0,530.0,1.0,36.0,14,175,35034,7,1.0
97,0.0,0.0,2.5090001,1.0,6.0,7,67.70657730764567,67.70657730764567,pobre,basal,2,760.0,530.0,1.0,36.0,12,175,35035,6,1.0
98,0.0,0.0,2.5090001,1.0,7.0,7,67.70657730764567,67.70657730764567,pobre,basal,2,760.0,530.0,1.0,36.0,13,175,35035,6,1.0
97,0.0,0.0,2.5090001,1.0,4.0,7,67.70657730764567,67.70657730764567,pobre,basal,2,760.0,530.0,1.0,36.0,10,175,35036,4,1.0
98,0.0,0.0,2.5090001,1.0,5.0,7,67.70657730764567,67.70657730764567,pobre,basal,2,760.0,530.0,1.0,36.0,11,175,35036,4,1.0
97,1.0,0.0,2.5090001,1.0,1.0,7,67.70657730764567,67.70657730764567,pobre,basal,2,760.0,530.0,1.0,36.0,7,175,35037,1,1.0
98,1.0,0.0,2.5090001,1.0,2.0,7,67.70657730764567,67.70657730764567,pobre,basal,2,760.0,530.0,1.0,36.0,8,175,35037,1,1.0
97,1.0,0.0,2.5090001,0.0,9.0,7,67.70657730764567,67.70657730764567,no pobre,basal,1,0.0,757.5,0.0,64.0,16,175,35038,9,0.0
98,1.0,0.0,2.5090001,,,7,67.70657730764567,67.70657730764567,no pobre,basal,1,0.0,757.5,0.0,64.0,17,175,35038,9,0.0
97,1.0,0.0,2.5090001,1.0,7.0,7,67.70657730764567,67.70657730764567,no pobre,basal,1,0.0,757.5,0.0,64.0,12,175,35039,7,1.0
98,1.0,0.0,2.5090001,1.0,7.0,7,67.70657730764567,67.70657730764567,no pobre,basal,1,0.0,757.5,0.0,64.0,13,175,35039,7,1.0
97,1.0,0.0,0.0,1.0,4.0,7,78.0631292297994,78.0631292297994,pobre,0,0,166.66667,611.0,1.0,71.0,15,189,35040,4,1.0
98,1.0,0.0,0.0,,,7,78.0631292297994,78.0631292297994,pobre,0,0,166.66667,611.0,1.0,71.0,16,189,35040,4,1.0
97,0.0,0.0,0.0,1.0,2.0,7,78.0631292297994,78.0631292297994,pobre,0,0,166.66667,611.0,1.0,71.0,11,189,35041,2,1.0
98,0.0,0.0,0.0,1.0,2.0,7,78.0631292297994,78.0631292297994,pobre,0,0,166.66667,611.0,1.0,71.0,12,189,35041,2,1.0
97,1.0,0.0,2.5090001,1.0,9.0,11,67.70657730764567,67.70657730764567,no pobre,basal,0,0.0,697.0,1.0,51.0,15,175,35042,9,1.0
98,1.0,0.0,2.5090001,1.0,9.0,11,67.70657730764567,67.70657730764567,no pobre,basal,0,0.0,697.0,1.0,51.0,16,175,35042,9,1.0
97,0.0,0.0,2.5090001,1.0,7.0,11,67.70657730764567,67.70657730764567,no pobre,basal,0,0.0,697.0,1.0,51.0,13,175,35043,7,1.0
98,0.0,0.0,2.5090001,1.0,8.0,11,67.70657730764567,67.70657730764567,no pobre,basal,0,0.0,697.0,1.0,51.0,14,175,35043,7,1.0
97,1.0,0.0,2.5090001,1.0,3.0,11,67.70657730764567,67.70657730764567,no pobre,basal,0,0.0,697.0,1.0,51.0,9,175,35044,3,1.0
98,1.0,0.0,2.5090001,1.0,4.0,11,67.70657730764567,67.70657730764567,no pobre,basal,0,0.0,697.0,1.0,51.0,10,175,35044,3,1.0
97,0.0,0.0,0.0,1.0,1.0,2,78.0631292297994,78.0631292297994,pobre,0,0,1250.0,811.0,0.0,76.0,14,189,35045,1,1.0
98,0.0,0.0,0.0,,,2,78.0631292297994,78.0631292297994,pobre,0,0,1250.0,811.0,0.0,76.0,15,189,35045,1,1.0
97,1.0,0.0,0.0,1.0,8.0,3,78.0631292297994,78.0631292297994,pobre,0,0,166.66667,760.0,1.0,56.0,16,189,35046,8,1.0
98,1.0,0.0,0.0,0.0,6.0,3,78.0631292297994,78.0631292297994,pobre,0,0,166.66667,760.0,1.0,56.0,17,189,35046,8,1.0
97,1.0,0.0,0.0,1.0,6.0,8,78.0631292297994,78.0631292297994,pobre,0,0,1000.0,500.0,1.0,38.0,15,189,35047,6,1.0
98,1.0,0.0,0.0,1.0,7.0,8,78.0631292297994,78.0631292297994,pobre,0,0,1000.0,500.0,1.0,38.0,16,189,35047,6,1.0
97,1.0,0.0,0.0,1.0,4.0,8,78.0631292297994,78.0631292297994,pobre,0,0,1000.0,500.0,1.0,38.0,13,189,35048,4,1.0
98,1.0,0.0,0.0,1.0,6.0,8,78.0631292297994,78.0631292297994,pobre,0,0,1000.0,500.0,1.0,38.0,14,189,35048,4,1.0
97,1.0,0.0,0.0,1.0,3.0,8,78.0631292297994,78.0631292297994,pobre,0,0,1000.0,500.0,1.0,38.0,11,189,35049,3,1.0
98,1.0,0.0,0.0,1.0,4.0,8,78.0631292297994,78.0631292297994,pobre,0,0,1000.0,500.0,1.0,38.0,12,189,35049,3,1.0
97,0.0,0.0,0.0,1.0,3.0,8,78.0631292297994,78.0631292297994,pobre,0,0,1000.0,500.0,1.0,38.0,9,189,35050,3,1.0
98,0.0,0.0,0.0,1.0,3.0,8,78.0631292297994,78.0631292297994,pobre,0,0,1000.0,500.0,1.0,38.0,10,189,35050,3,1.0
97,0.0,0.0,0.0,1.0,2.0,8,78.0631292297994,78.0631292297994,pobre,0,0,1000.0,500.0,1.0,38.0,8,189,35051,2,1.0
98,0.0,0.0,0.0,1.0,2.0,8,78.0631292297994,78.0631292297994,pobre,0,0,1000.0,500.0,1.0,38.0,9,189,35051,2,1.0
97,0.0,0.0,2.5090001,1.0,8.0,5,67.70657730764567,67.70657730764567,no pobre,basal,11,1400.0,770.5,1.0,48.0,12,175,35052,8,1.0
98,0.0,0.0,2.5090001,0.0,9.0,5,67.70657730764567,67.70657730764567,no pobre,basal,11,1400.0,770.5,1.0,48.0,13,175,35052,8,1.0
97,1.0,0.0,2.5090001,1.0,5.0,5,67.70657730764567,67.70657730764567,no pobre,basal,11,1400.0,770.5,1.0,48.0,10,175,35053,5,1.0
98,1.0,0.0,2.5090001,1.0,6.0,5,67.70657730764567,67.70657730764567,no pobre,basal,11,1400.0,770.5,1.0,48.0,11,175,35053,5,1.0
97,0.0,0.0,4.869,1.0,2.0,4,100.4116835699966,100.4116835699966,pobre,0,0,0.0,647.0,1.0,55.0,8,141,35054,2,1.0
98,0.0,0.0,4.869,1.0,3.0,4,100.4116835699966,100.4116835699966,pobre,0,0,0.0,647.0,1.0,55.0,9,141,35054,2,1.0
97,1.0,0.0,4.869,1.0,1.0,4,100.4116835699966,100.4116835699966,pobre,0,0,0.0,647.0,1.0,55.0,7,141,35055,1,1.0
98,1.0,0.0,4.869,1.0,1.0,4,100.4116835699966,100.4116835699966,pobre,0,0,0.0,647.0,1.0,55.0,8,141,35055,1,1.0
97,0.0,0.0,0.0,1.0,5.0,2,78.0631292297994,78.0631292297994,pobre,0,1,225.0,823.0,0.0,45.0,11,189,35056,5,1.0
98,0.0,0.0,0.0,1.0,6.0,2,78.0631292297994,78.0631292297994,pobre,0,1,225.0,823.0,0.0,45.0,12,189,35056,5,1.0
97,0.0,0.0,0.0,0.0,6.0,9,80.30829567962643,80.30829567962643,pobre,basal,3,750.0,480.0,1.0,40.0,15,132,35057,6,0.0
98,0.0,0.0,0.0,1.0,6.0,9,80.30829567962643,80.30829567962643,pobre,basal,3,750.0,480.0,1.0,40.0,16,132,35057,6,0.0
97,0.0,0.0,0.0,0.0,3.0,9,80.30829567962643,80.30829567962643,pobre,basal,3,750.0,480.0,1.0,40.0,13,132,35058,3,0.0
98,0.0,0.0,0.0,0.0,3.0,9,80.30829567962643,80.30829567962643,pobre,basal,3,750.0,480.0,1.0,40.0,14,132,35058,3,0.0
97,0.0,0.0,0.0,1.0,4.0,9,80.30829567962643,80.30829567962643,pobre,basal,3,750.0,480.0,1.0,40.0,11,132,35059,4,1.0
98,0.0,0.0,0.0,1.0,5.0,9,80.30829567962643,80.30829567962643,pobre,basal,3,750.0,480.0,1.0,40.0,12,132,35059,4,1.0
97,1.0,0.0,0.0,1.0,1.0,9,80.30829567962643,80.30829567962643,pobre,basal,3,750.0,480.0,1.0,40.0,9,132,35060,1,1.0
98,1.0,0.0,0.0,1.0,2.0,9,80.30829567962643,80.30829567962643,pobre,basal,3,750.0,480.0,1.0,40.0,10,132,35060,1,1.0
97,1.0,0.0,0.0,1.0,1.0,9,80.30829567962643,80.30829567962643,pobre,basal,3,750.0,480.0,1.0,40.0,7,132,35061,1,1.0
98,1.0,0.0,0.0,1.0,2.0,9,80.30829567962643,80.30829567962643,pobre,basal,3,750.0,480.0,1.0,40.0,8,132,35061,1,1.0
97,0.0,0.0,0.0,1.0,5.0,3,80.30829567962643,80.30829567962643,pobre,basal,2,750.0,795.5,1.0,60.0,11,132,35062,5,1.0
98,0.0,0.0,0.0,1.0,6.0,3,80.30829567962643,80.30829567962643,pobre,basal,2,750.0,795.5,1.0,60.0,12,132,35062,5,1.0
97,0.0,0.0,0.0,1.0,3.0,6,80.30829567962643,80.30829567962643,pobre,basal,4,875.0,704.0,1.0,36.0,11,132,35063,3,1.0
98,0.0,0.0,0.0,1.0,4.0,6,80.30829567962643,80.30829567962643,pobre,basal,4,875.0,704.0,1.0,36.0,12,132,35063,3,1.0
97,0.0,0.0,0.0,1.0,3.0,6,80.30829567962643,80.30829567962643,pobre,basal,4,875.0,704.0,1.0,36.0,9,132,35064,3,1.0
98,0.0,0.0,0.0,1.0,4.0,6,80.30829567962643,80.30829567962643,pobre,basal,4,875.0,704.0,1.0,36.0,10,132,35064,3,1.0
97,0.0,0.0,0.0,1.0,1.0,6,80.30829567962643,80.30829567962643,pobre,basal,4,875.0,704.0,1.0,36.0,7,132,35065,1,1.0
98,0.0,0.0,0.0,1.0,2.0,6,80.30829567962643,80.30829567962643,pobre,basal,4,875.0,704.0,1.0,36.0,8,132,35065,1,1.0
97,1.0,0.0,0.0,0.0,2.0,8,80.30829567962643,80.30829567962643,pobre,basal,2,100.0,495.0,1.0,42.0,15,132,35066,2,0.0
98,1.0,0.0,0.0,0.0,2.0,8,80.30829567962643,80.30829567962643,pobre,basal,2,100.0,495.0,1.0,42.0,16,132,35066,2,0.0
97,0.0,0.0,0.0,0.0,6.0,8,80.30829567962643,80.30829567962643,pobre,basal,2,100.0,495.0,1.0,42.0,14,132,35067,6,0.0
98,0.0,0.0,0.0,0.0,6.0,8,80.30829567962643,80.30829567962643,pobre,basal,2,100.0,495.0,1.0,42.0,15,132,35067,6,0.0
97,1.0,0.0,0.0,1.0,6.0,8,80.30829567962643,80.30829567962643,pobre,basal,2,100.0,495.0,1.0,42.0,12,132,35068,6,1.0
98,1.0,0.0,0.0,1.0,7.0,8,80.30829567962643,80.30829567962643,pobre,basal,2,100.0,495.0,1.0,42.0,13,132,35068,6,1.0
97,1.0,0.0,0.0,1.0,4.0,8,80.30829567962643,80.30829567962643,pobre,basal,2,100.0,495.0,1.0,42.0,11,132,35069,4,1.0
98,1.0,0.0,0.0,1.0,5.0,8,80.30829567962643,80.30829567962643,pobre,basal,2,100.0,495.0,1.0,42.0,12,132,35069,4,1.0
97,1.0,0.0,0.0,1.0,0.0,8,80.30829567962643,80.30829567962643,pobre,basal,2,100.0,495.0,1.0,42.0,6,132,35070,0,1.0
98,1.0,0.0,0.0,1.0,1.0,8,80.30829567962643,80.30829567962643,pobre,basal,2,100.0,495.0,1.0,42.0,7,132,35070,0,1.0
97,1.0,0.0,0.0,1.0,4.0,6,80.30829567962643,80.30829567962643,pobre,basal,3,1000.0,578.0,1.0,34.0,11,132,35071,4,1.0
98,1.0,0.0,0.0,1.0,5.0,6,80.30829567962643,80.30829567962643,pobre,basal,3,1000.0,578.0,1.0,34.0,12,132,35071,4,1.0
97,1.0,0.0,0.0,1.0,2.0,6,80.30829567962643,80.30829567962643,pobre,basal,3,1000.0,578.0,1.0,34.0,9,132,35072,2,1.0
98,1.0,0.0,0.0,1.0,3.0,6,80.30829567962643,80.30829567962643,pobre,basal,3,1000.0,578.0,1.0,34.0,10,132,35072,2,1.0
97,0.0,0.0,0.0,1.0,1.0,6,80.30829567962643,80.30829567962643,pobre,basal,3,1000.0,578.0,1.0,34.0,7,132,35073,1,1.0
98,0.0,0.0,0.0,1.0,1.0,6,80.30829567962643,80.30829567962643,pobre,basal,3,1000.0,578.0,1.0,34.0,8,132,35073,1,1.0
97,1.0,0.0,3.8039999,1.0,5.0,5,98.51452488529426,98.51452488529426,no pobre,0,6,0.0,741.5,1.0,60.0,11,129,35074,5,1.0
98,1.0,0.0,3.8039999,1.0,6.0,5,98.51452488529426,98.51452488529426,no pobre,0,6,0.0,741.5,1.0,60.0,12,129,35074,5,1.0
97,0.0,0.0,2.26,0.0,6.0,8,80.86236430001196,80.86236430001196,pobre,0,3,750.0,596.0,1.0,53.0,15,190,35075,6,0.0
98,0.0,0.0,2.26,0.0,6.0,8,80.86236430001196,80.86236430001196,pobre,0,3,750.0,596.0,1.0,53.0,16,190,35075,6,0.0
97,0.0,0.0,2.26,1.0,5.0,8,80.86236430001196,80.86236430001196,pobre,0,3,750.0,596.0,1.0,53.0,11,190,35076,5,1.0
98,0.0,0.0,2.26,1.0,6.0,8,80.86236430001196,80.86236430001196,pobre,0,3,750.0,596.0,1.0,53.0,12,190,35076,5,1.0
97,0.0,0.0,2.26,1.0,3.0,8,80.86236430001196,80.86236430001196,pobre,0,3,750.0,596.0,1.0,53.0,9,190,35077,3,1.0
98,0.0,0.0,2.26,1.0,4.0,8,80.86236430001196,80.86236430001196,pobre,0,3,750.0,596.0,1.0,53.0,10,190,35077,3,1.0
97,1.0,0.0,2.26,1.0,0.0,8,80.86236430001196,80.86236430001196,pobre,0,3,750.0,596.0,1.0,53.0,6,190,35078,0,1.0
98,1.0,0.0,2.26,1.0,1.0,8,80.86236430001196,80.86236430001196,pobre,0,3,750.0,596.0,1.0,53.0,7,190,35078,0,1.0
97,0.0,0.0,2.26,1.0,2.0,5,80.86236430001196,80.86236430001196,pobre,0,3,720.0,638.0,1.0,28.0,8,190,35079,2,1.0
98,0.0,0.0,2.26,1.0,3.0,5,80.86236430001196,80.86236430001196,pobre,0,3,720.0,638.0,1.0,28.0,9,190,35079,2,1.0
97,0.0,0.0,2.26,1.0,0.0,5,80.86236430001196,80.86236430001196,pobre,0,3,720.0,638.0,1.0,28.0,6,190,35080,0,1.0
98,0.0,0.0,2.26,1.0,1.0,5,80.86236430001196,80.86236430001196,pobre,0,3,720.0,638.0,1.0,28.0,7,190,35080,0,1.0
97,0.0,0.0,2.26,0.0,6.0,5,80.86236430001196,80.86236430001196,no pobre,0,5,800.0,755.0,1.0,63.0,16,190,35081,6,0.0
98,0.0,0.0,2.26,0.0,6.0,5,80.86236430001196,80.86236430001196,no pobre,0,5,800.0,755.0,1.0,63.0,17,190,35081,6,0.0
97,1.0,0.0,2.26,0.0,6.0,4,80.86236430001196,80.86236430001196,pobre,0,6,720.0,697.0,1.0,38.0,16,190,35082,6,0.0
98,1.0,0.0,2.26,0.0,6.0,4,80.86236430001196,80.86236430001196,pobre,0,6,720.0,697.0,1.0,38.0,17,190,35082,6,0.0
97,1.0,0.0,2.26,1.0,6.0,4,80.86236430001196,80.86236430001196,pobre,0,6,720.0,697.0,1.0,38.0,12,190,35083,6,1.0
98,1.0,0.0,2.26,1.0,7.0,4,80.86236430001196,80.86236430001196,pobre,0,6,720.0,697.0,1.0,38.0,13,190,35083,6,1.0
97,0.0,0.0,2.26,1.0,8.0,9,80.86236430001196,80.86236430001196,pobre,0,2,750.0,480.0,1.0,45.0,14,190,35084,8,1.0
98,0.0,0.0,2.26,0.0,9.0,9,80.86236430001196,80.86236430001196,pobre,0,2,750.0,480.0,1.0,45.0,15,190,35084,8,1.0
97,1.0,0.0,2.26,1.0,5.0,9,80.86236430001196,80.86236430001196,pobre,0,2,750.0,480.0,1.0,45.0,12,190,35085,5,1.0
98,1.0,0.0,2.26,1.0,6.0,9,80.86236430001196,80.86236430001196,pobre,0,2,750.0,480.0,1.0,45.0,13,190,35085,5,1.0
97,0.0,0.0,2.26,1.0,4.0,9,80.86236430001196,80.86236430001196,pobre,0,2,750.0,480.0,1.0,45.0,10,190,35086,4,1.0
98,0.0,0.0,2.26,1.0,5.0,9,80.86236430001196,80.86236430001196,pobre,0,2,750.0,480.0,1.0,45.0,11,190,35086,4,1.0
97,0.0,0.0,2.26,1.0,1.0,9,80.86236430001196,80.86236430001196,pobre,0,2,750.0,480.0,1.0,45.0,8,190,35087,1,1.0
98,0.0,0.0,2.26,1.0,2.0,9,80.86236430001196,80.86236430001196,pobre,0,2,750.0,480.0,1.0,45.0,9,190,35087,1,1.0
97,0.0,0.0,2.26,1.0,0.0,9,80.86236430001196,80.86236430001196,pobre,0,2,750.0,480.0,1.0,45.0,6,190,35088,0,1.0
98,0.0,0.0,2.26,1.0,0.0,9,80.86236430001196,80.86236430001196,pobre,0,2,750.0,480.0,1.0,45.0,7,190,35088,0,1.0
97,1.0,0.0,2.26,0.0,5.0,7,80.86236430001196,80.86236430001196,pobre,0,4,720.0,620.5,1.0,41.0,15,190,35089,5,0.0
98,1.0,0.0,2.26,,,7,80.86236430001196,80.86236430001196,pobre,0,4,720.0,620.5,1.0,41.0,16,190,35089,5,0.0
97,0.0,0.0,2.26,0.0,6.0,7,80.86236430001196,80.86236430001196,pobre,0,4,720.0,620.5,1.0,41.0,13,190,35090,6,0.0
98,0.0,0.0,2.26,0.0,6.0,7,80.86236430001196,80.86236430001196,pobre,0,4,720.0,620.5,1.0,41.0,14,190,35090,6,0.0
97,0.0,0.0,2.26,1.0,4.0,7,80.86236430001196,80.86236430001196,pobre,0,4,720.0,620.5,1.0,41.0,11,190,35091,4,1.0
98,0.0,0.0,2.26,1.0,5.0,7,80.86236430001196,80.86236430001196,pobre,0,4,720.0,620.5,1.0,41.0,12,190,35091,4,1.0
97,1.0,0.0,2.26,1.0,2.0,7,80.86236430001196,80.86236430001196,pobre,0,4,720.0,620.5,1.0,41.0,9,190,35092,2,1.0
98,1.0,0.0,2.26,1.0,3.0,7,80.86236430001196,80.86236430001196,pobre,0,4,720.0,620.5,1.0,41.0,10,190,35092,2,1.0
97,0.0,0.0,2.26,1.0,1.0,7,80.86236430001196,80.86236430001196,pobre,0,4,720.0,620.5,1.0,41.0,7,190,35093,1,1.0
98,0.0,0.0,2.26,1.0,1.0,7,80.86236430001196,80.86236430001196,pobre,0,4,720.0,620.5,1.0,41.0,8,190,35093,1,1.0
97,1.0,0.0,0.0,1.0,4.0,7,13.31589070824295,13.31589070824295,pobre,basal,1,875.0,471.0,1.0,38.0,10,158,35094,4,1.0
98,1.0,0.0,0.0,1.0,5.0,7,13.31589070824295,13.31589070824295,pobre,basal,1,875.0,471.0,1.0,38.0,11,158,35094,4,1.0
97,1.0,0.0,0.0,,0.0,7,13.31589070824295,13.31589070824295,pobre,basal,1,875.0,471.0,1.0,38.0,9,158,35095,0,
98,1.0,0.0,0.0,,,7,13.31589070824295,13.31589070824295,pobre,basal,1,875.0,471.0,1.0,38.0,10,158,35095,0,
97,1.0,0.0,0.0,1.0,1.0,7,13.31589070824295,13.31589070824295,pobre,basal,1,875.0,471.0,1.0,38.0,7,158,35096,1,1.0
98,1.0,0.0,0.0,1.0,2.0,7,13.31589070824295,13.31589070824295,pobre,basal,1,875.0,471.0,1.0,38.0,8,158,35096,1,1.0
97,0.0,0.0,0.0,1.0,8.0,6,13.31589070824295,13.31589070824295,pobre,basal,0,1125.0,620.34399,1.0,60.0,14,158,35097,8,1.0
98,0.0,0.0,0.0,0.0,9.0,6,13.31589070824295,13.31589070824295,pobre,basal,0,1125.0,620.34399,1.0,60.0,15,158,35097,8,1.0
97,1.0,0.0,0.0,1.0,6.0,6,13.31589070824295,13.31589070824295,pobre,basal,0,1125.0,620.34399,1.0,60.0,12,158,35098,6,1.0
98,1.0,0.0,0.0,1.0,7.0,6,13.31589070824295,13.31589070824295,pobre,basal,0,1125.0,620.34399,1.0,60.0,13,158,35098,6,1.0
97,0.0,0.0,0.0,,0.0,6,13.31589070824295,13.31589070824295,pobre,basal,0,1125.0,620.34399,1.0,60.0,9,158,35099,0,
98,0.0,0.0,0.0,,,6,13.31589070824295,13.31589070824295,pobre,basal,0,1125.0,620.34399,1.0,60.0,10,158,35099,0,
97,1.0,0.0,2.26,1.0,6.0,6,80.86236430001196,80.86236430001196,pobre,0,9,720.0,613.0,1.0,34.0,13,190,35100,6,1.0
98,1.0,0.0,2.26,0.0,7.0,6,80.86236430001196,80.86236430001196,pobre,0,9,720.0,613.0,1.0,34.0,14,190,35100,6,1.0
97,0.0,0.0,2.26,1.0,5.0,6,80.86236430001196,80.86236430001196,pobre,0,9,720.0,613.0,1.0,34.0,11,190,35101,5,1.0
98,0.0,0.0,2.26,1.0,6.0,6,80.86236430001196,80.86236430001196,pobre,0,9,720.0,613.0,1.0,34.0,12,190,35101,5,1.0
97,1.0,0.0,2.26,1.0,2.0,6,80.86236430001196,80.86236430001196,pobre,0,9,720.0,613.0,1.0,34.0,10,190,35102,2,1.0
98,1.0,0.0,2.26,1.0,3.0,6,80.86236430001196,80.86236430001196,pobre,0,9,720.0,613.0,1.0,34.0,11,190,35102,2,1.0
97,0.0,0.0,0.0,1.0,6.0,3,13.31589070824295,13.31589070824295,pobre,basal,0,2800.0,631.0,1.0,62.0,14,158,35103,6,1.0
98,0.0,0.0,0.0,1.0,7.0,3,13.31589070824295,13.31589070824295,pobre,basal,0,2800.0,631.0,1.0,62.0,15,158,35103,6,1.0
97,1.0,0.0,0.0,1.0,1.0,5,13.31589070824295,13.31589070824295,pobre,basal,1,0.0,578.0,1.0,33.0,8,158,35104,1,1.0
98,1.0,0.0,0.0,1.0,2.0,5,13.31589070824295,13.31589070824295,pobre,basal,1,0.0,578.0,1.0,33.0,9,158,35104,1,1.0
97,1.0,0.0,0.0,1.0,3.0,4,13.31589070824295,13.31589070824295,pobre,basal,2,0.0,659.0,1.0,39.0,11,158,35105,3,1.0
98,1.0,0.0,0.0,1.0,4.0,4,13.31589070824295,13.31589070824295,pobre,basal,2,0.0,659.0,1.0,39.0,12,158,35105,3,1.0
97,0.0,0.0,0.0,1.0,1.0,4,13.31589070824295,13.31589070824295,pobre,basal,2,0.0,659.0,1.0,39.0,10,158,35106,1,1.0
98,0.0,0.0,0.0,1.0,2.0,4,13.31589070824295,13.31589070824295,pobre,basal,2,0.0,659.0,1.0,39.0,11,158,35106,1,1.0
97,1.0,0.0,2.26,1.0,6.0,2,80.86236430001196,80.86236430001196,pobre,0,3,720.0,813.0,0.0,55.0,13,190,35107,6,1.0
98,1.0,0.0,2.26,1.0,7.0,2,80.86236430001196,80.86236430001196,pobre,0,3,720.0,813.0,0.0,55.0,14,190,35107,6,1.0
97,0.0,0.0,2.043,1.0,2.0,4,62.32174829749214,62.32174829749214,no pobre,0,9,875.0,709.0,1.0,33.0,9,192,35108,2,1.0
98,0.0,0.0,2.043,1.0,3.0,4,62.32174829749214,62.32174829749214,no pobre,0,9,875.0,709.0,1.0,33.0,10,192,35108,2,1.0
97,1.0,0.0,0.0,1.0,6.0,6,16.48723207515607,16.48723207515607,pobre,basal,6,820.0,607.0,1.0,37.0,11,160,35109,6,1.0
98,1.0,0.0,0.0,1.0,7.0,6,16.48723207515607,16.48723207515607,pobre,basal,6,820.0,607.0,1.0,37.0,12,160,35109,6,1.0
97,1.0,0.0,0.0,1.0,3.0,6,16.48723207515607,16.48723207515607,pobre,basal,6,820.0,607.0,1.0,37.0,9,160,35110,3,1.0
98,1.0,0.0,0.0,1.0,4.0,6,16.48723207515607,16.48723207515607,pobre,basal,6,820.0,607.0,1.0,37.0,10,160,35110,3,1.0
97,1.0,0.0,0.0,1.0,1.0,6,16.48723207515607,16.48723207515607,pobre,basal,6,820.0,607.0,1.0,37.0,6,160,35111,1,1.0
98,1.0,0.0,0.0,1.0,2.0,6,16.48723207515607,16.48723207515607,pobre,basal,6,820.0,607.0,1.0,37.0,7,160,35111,1,1.0
97,1.0,0.0,0.0,1.0,6.0,7,16.48723207515607,16.48723207515607,pobre,basal,6,166.66667,539.0,1.0,33.0,12,160,35112,6,1.0
98,1.0,0.0,0.0,1.0,7.0,7,16.48723207515607,16.48723207515607,pobre,basal,6,166.66667,539.0,1.0,33.0,13,160,35112,6,1.0
97,0.0,0.0,0.0,1.0,4.0,7,16.48723207515607,16.48723207515607,pobre,basal,6,166.66667,539.0,1.0,33.0,10,160,35113,4,1.0
98,0.0,0.0,0.0,1.0,5.0,7,16.48723207515607,16.48723207515607,pobre,basal,6,166.66667,539.0,1.0,33.0,11,160,35113,4,1.0
97,1.0,0.0,0.0,1.0,2.0,7,16.48723207515607,16.48723207515607,pobre,basal,6,166.66667,539.0,1.0,33.0,8,160,35114,2,1.0
98,1.0,0.0,0.0,1.0,2.0,7,16.48723207515607,16.48723207515607,pobre,basal,6,166.66667,539.0,1.0,33.0,9,160,35114,2,1.0
97,1.0,0.0,0.0,0.0,7.0,9,16.48723207515607,16.48723207515607,no pobre,basal,9,8000.0,752.75,1.0,44.0,15,160,35115,7,0.0
98,1.0,0.0,0.0,0.0,8.0,9,16.48723207515607,16.48723207515607,no pobre,basal,9,8000.0,752.75,1.0,44.0,16,160,35115,7,0.0
97,1.0,0.0,0.0,1.0,7.0,9,16.48723207515607,16.48723207515607,no pobre,basal,9,8000.0,752.75,1.0,44.0,13,160,35116,7,1.0
98,1.0,0.0,0.0,0.0,8.0,9,16.48723207515607,16.48723207515607,no pobre,basal,9,8000.0,752.75,1.0,44.0,14,160,35116,7,1.0
97,1.0,0.0,0.0,1.0,2.0,9,16.48723207515607,16.48723207515607,no pobre,basal,9,8000.0,752.75,1.0,44.0,9,160,35117,2,1.0
98,1.0,0.0,0.0,1.0,3.0,9,16.48723207515607,16.48723207515607,no pobre,basal,9,8000.0,752.75,1.0,44.0,10,160,35117,2,1.0
97,0.0,0.0,2.043,1.0,5.0,3,62.32174829749214,62.32174829749214,no pobre,0,12,0.0,763.0,0.0,38.0,12,192,35118,5,1.0
98,0.0,0.0,2.043,1.0,6.0,3,62.32174829749214,62.32174829749214,no pobre,0,12,0.0,763.0,0.0,38.0,13,192,35118,5,1.0
97,0.0,0.0,2.043,1.0,4.0,3,62.32174829749214,62.32174829749214,no pobre,0,12,0.0,763.0,0.0,38.0,9,192,35119,4,1.0
98,0.0,0.0,2.043,1.0,4.0,3,62.32174829749214,62.32174829749214,no pobre,0,12,0.0,763.0,0.0,38.0,10,192,35119,4,1.0
97,0.0,0.0,2.043,1.0,4.0,4,62.32174829749214,62.32174829749214,pobre,0,2,800.0,689.0,1.0,32.0,10,192,35120,4,1.0
98,0.0,0.0,2.043,1.0,5.0,4,62.32174829749214,62.32174829749214,pobre,0,2,800.0,689.0,1.0,32.0,11,192,35120,4,1.0
97,1.0,0.0,2.043,1.0,1.0,4,62.32174829749214,62.32174829749214,pobre,0,2,800.0,689.0,1.0,32.0,7,192,35121,1,1.0
98,1.0,0.0,2.043,1.0,2.0,4,62.32174829749214,62.32174829749214,pobre,0,2,800.0,689.0,1.0,32.0,8,192,35121,1,1.0
97,0.0,0.0,4.0009999,1.0,6.0,9,52.80493002125083,52.80493002125083,pobre,basal,3,600.0,497.0,1.0,49.0,14,139,35122,6,1.0
98,0.0,0.0,4.0009999,1.0,7.0,9,52.80493002125083,52.80493002125083,pobre,basal,3,600.0,497.0,1.0,49.0,15,139,35122,6,1.0
97,0.0,0.0,4.0009999,1.0,6.0,9,52.80493002125083,52.80493002125083,pobre,basal,3,600.0,497.0,1.0,49.0,12,139,35123,6,1.0
98,0.0,0.0,4.0009999,1.0,7.0,9,52.80493002125083,52.80493002125083,pobre,basal,3,600.0,497.0,1.0,49.0,13,139,35123,6,1.0
97,0.0,0.0,4.0009999,1.0,2.0,9,52.80493002125083,52.80493002125083,pobre,basal,3,600.0,497.0,1.0,49.0,8,139,35124,2,1.0
98,0.0,0.0,4.0009999,1.0,3.0,9,52.80493002125083,52.80493002125083,pobre,basal,3,600.0,497.0,1.0,49.0,9,139,35124,2,1.0
97,1.0,0.0,4.0009999,1.0,0.0,9,52.80493002125083,52.80493002125083,pobre,basal,3,600.0,497.0,1.0,49.0,6,139,35125,0,1.0
98,1.0,0.0,4.0009999,1.0,1.0,9,52.80493002125083,52.80493002125083,pobre,basal,3,600.0,497.0,1.0,49.0,7,139,35125,0,1.0
97,0.0,0.0,4.0009999,1.0,8.0,8,52.80493002125083,52.80493002125083,no pobre,basal,3,1875.0,746.0,1.0,43.0,14,139,35126,8,1.0
98,0.0,0.0,4.0009999,0.0,9.0,8,52.80493002125083,52.80493002125083,no pobre,basal,3,1875.0,746.0,1.0,43.0,15,139,35126,8,1.0
97,0.0,0.0,4.0009999,0.0,5.0,8,52.80493002125083,52.80493002125083,no pobre,basal,3,1875.0,746.0,1.0,43.0,12,139,35127,5,0.0
98,0.0,0.0,4.0009999,1.0,6.0,8,52.80493002125083,52.80493002125083,no pobre,basal,3,1875.0,746.0,1.0,43.0,13,139,35127,5,0.0
97,0.0,0.0,4.0009999,1.0,0.0,5,52.80493002125083,52.80493002125083,pobre,basal,0,1600.0,515.0,1.0,38.0,6,139,35128,0,1.0
98,0.0,0.0,4.0009999,,,5,52.80493002125083,52.80493002125083,pobre,basal,0,1600.0,515.0,1.0,38.0,7,139,35128,0,1.0
97,1.0,0.0,4.0009999,1.0,6.0,12,52.80493002125083,52.80493002125083,pobre,basal,3,2000.0,538.0,1.0,39.0,16,139,35129,6,1.0
98,1.0,0.0,4.0009999,,,12,52.80493002125083,52.80493002125083,pobre,basal,3,2000.0,538.0,1.0,39.0,17,139,35129,6,1.0
97,1.0,0.0,4.0009999,1.0,9.0,12,52.80493002125083,52.80493002125083,pobre,basal,3,2000.0,538.0,1.0,39.0,15,139,35130,9,1.0
98,1.0,0.0,4.0009999,0.0,9.0,12,52.80493002125083,52.80493002125083,pobre,basal,3,2000.0,538.0,1.0,39.0,16,139,35130,9,1.0
97,0.0,0.0,4.0009999,1.0,6.0,12,52.80493002125083,52.80493002125083,pobre,basal,3,2000.0,538.0,1.0,39.0,13,139,35131,6,1.0
98,0.0,0.0,4.0009999,0.0,6.0,12,52.80493002125083,52.80493002125083,pobre,basal,3,2000.0,538.0,1.0,39.0,14,139,35131,6,1.0
97,0.0,0.0,4.0009999,1.0,5.0,12,52.80493002125083,52.80493002125083,pobre,basal,3,2000.0,538.0,1.0,39.0,11,139,35132,5,1.0
98,0.0,0.0,4.0009999,1.0,6.0,12,52.80493002125083,52.80493002125083,pobre,basal,3,2000.0,538.0,1.0,39.0,12,139,35132,5,1.0
97,0.0,0.0,4.0009999,1.0,4.0,12,52.80493002125083,52.80493002125083,pobre,basal,3,2000.0,538.0,1.0,39.0,11,139,35133,4,1.0
98,0.0,0.0,4.0009999,1.0,5.0,12,52.80493002125083,52.80493002125083,pobre,basal,3,2000.0,538.0,1.0,39.0,12,139,35133,4,1.0
97,1.0,0.0,4.0009999,1.0,2.0,12,52.80493002125083,52.80493002125083,pobre,basal,3,2000.0,538.0,1.0,39.0,9,139,35134,2,1.0
98,1.0,0.0,4.0009999,1.0,3.0,12,52.80493002125083,52.80493002125083,pobre,basal,3,2000.0,538.0,1.0,39.0,10,139,35134,2,1.0
97,0.0,0.0,4.0009999,1.0,0.0,12,52.80493002125083,52.80493002125083,pobre,basal,3,2000.0,538.0,1.0,39.0,7,139,35135,0,1.0
98,0.0,0.0,4.0009999,1.0,1.0,12,52.80493002125083,52.80493002125083,pobre,basal,3,2000.0,538.0,1.0,39.0,8,139,35135,0,1.0
97,0.0,0.0,2.26,1.0,1.0,6,80.86236430001196,80.86236430001196,pobre,0,4,750.0,598.0,1.0,36.0,7,190,35136,1,1.0
98,0.0,0.0,2.26,1.0,2.0,6,80.86236430001196,80.86236430001196,pobre,0,4,750.0,598.0,1.0,36.0,8,190,35136,1,1.0
97,1.0,0.0,4.0009999,1.0,8.0,7,52.80493002125083,52.80493002125083,no pobre,basal,2,800.0,721.5,1.0,56.0,15,139,35137,8,1.0
98,1.0,0.0,4.0009999,0.0,9.0,7,52.80493002125083,52.80493002125083,no pobre,basal,2,800.0,721.5,1.0,56.0,16,139,35137,8,1.0
97,1.0,0.0,4.0009999,1.0,7.0,7,52.80493002125083,52.80493002125083,no pobre,basal,2,800.0,721.5,1.0,56.0,13,139,35138,7,1.0
98,1.0,0.0,4.0009999,0.0,7.0,7,52.80493002125083,52.80493002125083,no pobre,basal,2,800.0,721.5,1.0,56.0,14,139,35138,7,1.0
97,0.0,0.0,0.0,1.0,1.0,4,16.48723207515607,16.48723207515607,pobre,basal,3,800.0,676.0,1.0,31.0,7,160,35139,1,1.0
98,0.0,0.0,0.0,1.0,2.0,4,16.48723207515607,16.48723207515607,pobre,basal,3,800.0,676.0,1.0,31.0,8,160,35139,1,1.0
97,1.0,0.0,2.26,1.0,2.0,5,80.86236430001196,80.86236430001196,pobre,0,0,750.0,465.0,1.0,29.0,10,190,35140,2,1.0
98,1.0,0.0,2.26,1.0,2.0,5,80.86236430001196,80.86236430001196,pobre,0,0,750.0,465.0,1.0,29.0,11,190,35140,2,1.0
97,0.0,0.0,2.26,1.0,0.0,5,80.86236430001196,80.86236430001196,pobre,0,0,750.0,465.0,1.0,29.0,6,190,35141,0,1.0
98,0.0,0.0,2.26,1.0,1.0,5,80.86236430001196,80.86236430001196,pobre,0,0,750.0,465.0,1.0,29.0,7,190,35141,0,1.0
97,0.0,0.0,2.26,1.0,4.0,5,80.86236430001196,80.86236430001196,pobre,0,3,750.0,487.34399,1.0,43.0,10,190,35142,4,1.0
98,0.0,0.0,2.26,1.0,5.0,5,80.86236430001196,80.86236430001196,pobre,0,3,750.0,487.34399,1.0,43.0,11,190,35142,4,1.0
97,0.0,0.0,2.26,1.0,1.0,5,80.86236430001196,80.86236430001196,pobre,0,3,750.0,487.34399,1.0,43.0,8,190,35143,1,1.0
98,0.0,0.0,2.26,1.0,1.0,5,80.86236430001196,80.86236430001196,pobre,0,3,750.0,487.34399,1.0,43.0,9,190,35143,1,1.0
97,0.0,0.0,2.26,,0.0,5,80.86236430001196,80.86236430001196,pobre,0,3,750.0,487.34399,1.0,43.0,7,190,35144,0,
98,0.0,0.0,2.26,1.0,0.0,5,80.86236430001196,80.86236430001196,pobre,0,3,750.0,487.34399,1.0,43.0,8,190,35144,0,
97,1.0,0.0,2.8759999,0.0,6.0,10,76.66766710610354,93.367176627097,pobre,0,0,0.0,265.0,1.0,63.0,15,167,35145,6,0.0
98,1.0,0.0,2.8759999,0.0,6.0,10,76.66766710610354,93.367176627097,pobre,0,0,0.0,265.0,1.0,63.0,16,167,35145,6,0.0
97,1.0,0.0,2.8759999,1.0,4.0,10,76.66766710610354,93.367176627097,pobre,0,0,0.0,265.0,1.0,63.0,11,167,35146,4,1.0
98,1.0,0.0,2.8759999,1.0,5.0,10,76.66766710610354,93.367176627097,pobre,0,0,0.0,265.0,1.0,63.0,12,167,35146,4,1.0
97,0.0,0.0,2.8759999,1.0,3.0,10,76.66766710610354,93.367176627097,pobre,0,0,0.0,265.0,1.0,63.0,10,167,35147,3,1.0
98,0.0,0.0,2.8759999,1.0,4.0,10,76.66766710610354,93.367176627097,pobre,0,0,0.0,265.0,1.0,63.0,11,167,35147,3,1.0
97,1.0,0.0,2.8759999,1.0,2.0,10,76.66766710610354,93.367176627097,pobre,0,0,0.0,265.0,1.0,63.0,8,167,35148,2,1.0
98,1.0,0.0,2.8759999,1.0,3.0,10,76.66766710610354,93.367176627097,pobre,0,0,0.0,265.0,1.0,63.0,9,167,35148,2,1.0
97,0.0,0.0,2.8759999,1.0,0.0,10,76.66766710610354,93.367176627097,pobre,0,0,0.0,265.0,1.0,63.0,6,167,35149,0,1.0
98,0.0,0.0,2.8759999,1.0,0.0,10,76.66766710610354,93.367176627097,pobre,0,0,0.0,265.0,1.0,63.0,7,167,35149,0,1.0
97,1.0,0.0,2.8759999,1.0,0.0,5,76.66766710610354,93.367176627097,pobre,0,4,750.0,584.5,1.0,31.0,7,167,35150,0,1.0
98,1.0,0.0,2.8759999,1.0,1.0,5,76.66766710610354,93.367176627097,pobre,0,4,750.0,584.5,1.0,31.0,8,167,35150,0,1.0
97,1.0,0.0,2.8759999,1.0,0.0,5,76.66766710610354,93.367176627097,pobre,0,4,750.0,584.5,1.0,31.0,6,167,35151,0,1.0
98,1.0,0.0,2.8759999,1.0,1.0,5,76.66766710610354,93.367176627097,pobre,0,4,750.0,584.5,1.0,31.0,7,167,35151,0,1.0
97,0.0,0.0,2.8759999,0.0,4.0,13,76.66766710610354,93.367176627097,pobre,0,3,400.0,511.20001,1.0,58.0,15,167,35152,4,0.0
98,0.0,0.0,2.8759999,0.0,4.0,13,76.66766710610354,93.367176627097,pobre,0,3,400.0,511.20001,1.0,58.0,16,167,35152,4,0.0
97,0.0,0.0,2.8759999,1.0,5.0,13,76.66766710610354,93.367176627097,pobre,0,3,400.0,511.20001,1.0,58.0,13,167,35153,5,1.0
98,0.0,0.0,2.8759999,0.0,6.0,13,76.66766710610354,93.367176627097,pobre,0,3,400.0,511.20001,1.0,58.0,14,167,35153,5,1.0
97,0.0,0.0,2.8759999,1.0,3.0,13,76.66766710610354,93.367176627097,pobre,0,3,400.0,511.20001,1.0,58.0,10,167,35154,3,1.0
98,0.0,0.0,2.8759999,1.0,4.0,13,76.66766710610354,93.367176627097,pobre,0,3,400.0,511.20001,1.0,58.0,11,167,35154,3,1.0
97,0.0,0.0,2.8759999,1.0,2.0,13,76.66766710610354,93.367176627097,pobre,0,3,400.0,511.20001,1.0,58.0,8,167,35155,2,1.0
98,0.0,0.0,2.8759999,1.0,3.0,13,76.66766710610354,93.367176627097,pobre,0,3,400.0,511.20001,1.0,58.0,9,167,35155,2,1.0
97,1.0,0.0,2.8759999,,0.0,13,76.66766710610354,93.367176627097,pobre,0,3,400.0,511.20001,1.0,58.0,7,167,35156,0,
98,1.0,0.0,2.8759999,1.0,2.0,13,76.66766710610354,93.367176627097,pobre,0,3,400.0,511.20001,1.0,58.0,8,167,35156,0,
97,1.0,0.0,3.6819999,1.0,10.0,8,75.62516962103663,93.46427745160204,pobre,basal,6,500.0,589.0,1.0,38.0,15,153,35157,10,1.0
98,1.0,0.0,3.6819999,1.0,10.0,8,75.62516962103663,93.46427745160204,pobre,basal,6,500.0,589.0,1.0,38.0,16,153,35157,10,1.0
97,1.0,0.0,3.6819999,1.0,7.0,8,75.62516962103663,93.46427745160204,pobre,basal,6,500.0,589.0,1.0,38.0,13,153,35158,7,1.0
98,1.0,0.0,3.6819999,1.0,8.0,8,75.62516962103663,93.46427745160204,pobre,basal,6,500.0,589.0,1.0,38.0,14,153,35158,7,1.0
97,1.0,0.0,3.6819999,1.0,5.0,8,75.62516962103663,93.46427745160204,pobre,basal,6,500.0,589.0,1.0,38.0,12,153,35159,5,1.0
98,1.0,0.0,3.6819999,1.0,6.0,8,75.62516962103663,93.46427745160204,pobre,basal,6,500.0,589.0,1.0,38.0,13,153,35159,5,1.0
97,1.0,0.0,3.6819999,1.0,1.0,8,75.62516962103663,93.46427745160204,pobre,basal,6,500.0,589.0,1.0,38.0,7,153,35160,1,1.0
98,1.0,0.0,3.6819999,1.0,2.0,8,75.62516962103663,93.46427745160204,pobre,basal,6,500.0,589.0,1.0,38.0,8,153,35160,1,1.0
97,1.0,0.0,3.6819999,1.0,0.0,8,75.62516962103663,93.46427745160204,pobre,basal,6,500.0,589.0,1.0,38.0,6,153,35161,0,1.0
98,1.0,0.0,3.6819999,1.0,0.0,8,75.62516962103663,93.46427745160204,pobre,basal,6,500.0,589.0,1.0,38.0,7,153,35161,0,1.0
97,1.0,0.0,3.6819999,1.0,4.0,7,75.62516962103663,93.46427745160204,pobre,basal,6,833.33331,594.0,1.0,38.0,10,153,35162,4,1.0
98,1.0,0.0,3.6819999,1.0,5.0,7,75.62516962103663,93.46427745160204,pobre,basal,6,833.33331,594.0,1.0,38.0,11,153,35162,4,1.0
97,1.0,0.0,3.6819999,1.0,1.0,7,75.62516962103663,93.46427745160204,pobre,basal,6,833.33331,594.0,1.0,38.0,9,153,35163,1,1.0
98,1.0,0.0,3.6819999,1.0,2.0,7,75.62516962103663,93.46427745160204,pobre,basal,6,833.33331,594.0,1.0,38.0,10,153,35163,1,1.0
97,0.0,0.0,3.6819999,1.0,1.0,7,75.62516962103663,93.46427745160204,pobre,basal,6,833.33331,594.0,1.0,38.0,6,153,35164,1,1.0
98,0.0,0.0,3.6819999,1.0,1.0,7,75.62516962103663,93.46427745160204,pobre,basal,6,833.33331,594.0,1.0,38.0,7,153,35164,1,1.0
97,0.0,0.0,2.26,0.0,2.0,8,80.86236430001196,80.86236430001196,pobre,0,2,800.0,448.0,1.0,29.0,9,190,35165,2,0.0
98,0.0,0.0,2.26,1.0,3.0,8,80.86236430001196,80.86236430001196,pobre,0,2,800.0,448.0,1.0,29.0,10,190,35165,2,0.0
97,1.0,0.0,2.26,0.0,0.0,8,80.86236430001196,80.86236430001196,pobre,0,2,800.0,448.0,1.0,29.0,6,190,35166,0,0.0
98,1.0,0.0,2.26,1.0,1.0,8,80.86236430001196,80.86236430001196,pobre,0,2,800.0,448.0,1.0,29.0,7,190,35166,0,0.0
97,1.0,0.0,2.26,0.0,3.0,7,80.86236430001196,80.86236430001196,pobre,0,9,625.0,429.0,1.0,42.0,12,190,35167,3,0.0
98,1.0,0.0,2.26,,,7,80.86236430001196,80.86236430001196,pobre,0,9,625.0,429.0,1.0,42.0,13,190,35167,3,0.0
97,0.0,0.0,2.26,1.0,1.0,7,80.86236430001196,80.86236430001196,pobre,0,9,625.0,429.0,1.0,42.0,9,190,35168,1,1.0
98,0.0,0.0,2.26,,,7,80.86236430001196,80.86236430001196,pobre,0,9,625.0,429.0,1.0,42.0,10,190,35168,1,1.0
97,0.0,0.0,2.26,0.0,6.0,9,80.86236430001196,80.86236430001196,no pobre,0,2,750.0,729.0,1.0,26.0,16,190,35169,6,0.0
98,0.0,0.0,2.26,,,9,80.86236430001196,80.86236430001196,no pobre,0,2,750.0,729.0,1.0,26.0,17,190,35169,6,0.0
97,0.0,0.0,2.26,1.0,6.0,9,80.86236430001196,80.86236430001196,no pobre,0,2,750.0,729.0,1.0,26.0,13,190,35170,6,1.0
98,0.0,0.0,2.26,1.0,7.0,9,80.86236430001196,80.86236430001196,no pobre,0,2,750.0,729.0,1.0,26.0,14,190,35170,6,1.0
97,0.0,0.0,2.26,1.0,5.0,9,80.86236430001196,80.86236430001196,no pobre,0,2,750.0,729.0,1.0,26.0,12,190,35171,5,1.0
98,0.0,0.0,2.26,1.0,6.0,9,80.86236430001196,80.86236430001196,no pobre,0,2,750.0,729.0,1.0,26.0,13,190,35171,5,1.0
97,1.0,0.0,4.2950001,0.0,6.0,7,66.12474893949977,66.12474893949977,pobre,0,2,800.0,734.0,1.0,43.0,14,296,35172,6,0.0
98,1.0,0.0,4.2950001,,,7,66.12474893949977,66.12474893949977,pobre,0,2,800.0,734.0,1.0,43.0,15,296,35172,6,0.0
97,1.0,0.0,4.2950001,1.0,5.0,7,66.12474893949977,66.12474893949977,pobre,0,2,800.0,734.0,1.0,43.0,13,296,35173,5,1.0
98,1.0,0.0,4.2950001,0.0,6.0,7,66.12474893949977,66.12474893949977,pobre,0,2,800.0,734.0,1.0,43.0,14,296,35173,5,1.0
97,1.0,0.0,4.2950001,1.0,5.0,7,66.12474893949977,66.12474893949977,pobre,0,2,800.0,734.0,1.0,43.0,11,296,35174,5,1.0
98,1.0,0.0,4.2950001,0.0,6.0,7,66.12474893949977,66.12474893949977,pobre,0,2,800.0,734.0,1.0,43.0,12,296,35174,5,1.0
97,1.0,0.0,4.2950001,1.0,1.0,7,66.12474893949977,66.12474893949977,pobre,0,2,800.0,734.0,1.0,43.0,8,296,35175,1,1.0
98,1.0,0.0,4.2950001,1.0,2.0,7,66.12474893949977,66.12474893949977,pobre,0,2,800.0,734.0,1.0,43.0,9,296,35175,1,1.0
97,1.0,0.0,4.2950001,,0.0,3,66.12474893949977,66.12474893949977,no pobre,0,0,0.0,871.5,1.0,70.0,16,296,35176,0,
98,1.0,0.0,4.2950001,,,3,66.12474893949977,66.12474893949977,no pobre,0,0,0.0,871.5,1.0,70.0,17,296,35176,0,
97,0.0,0.0,4.2950001,0.0,6.0,8,66.12474893949977,66.12474893949977,pobre,0,15,1000.0,701.0,1.0,35.0,15,296,35177,6,0.0
98,0.0,0.0,4.2950001,,,8,66.12474893949977,66.12474893949977,pobre,0,15,1000.0,701.0,1.0,35.0,16,296,35177,6,0.0
97,1.0,0.0,4.2950001,0.0,6.0,8,66.12474893949977,66.12474893949977,pobre,0,15,1000.0,701.0,1.0,35.0,13,296,35178,6,0.0
98,1.0,0.0,4.2950001,0.0,6.0,8,66.12474893949977,66.12474893949977,pobre,0,15,1000.0,701.0,1.0,35.0,14,296,35178,6,0.0
97,1.0,0.0,4.2950001,1.0,5.0,8,66.12474893949977,66.12474893949977,pobre,0,15,1000.0,701.0,1.0,35.0,11,296,35179,5,1.0
98,1.0,0.0,4.2950001,1.0,6.0,8,66.12474893949977,66.12474893949977,pobre,0,15,1000.0,701.0,1.0,35.0,12,296,35179,5,1.0
97,0.0,0.0,4.2950001,1.0,3.0,8,66.12474893949977,66.12474893949977,pobre,0,15,1000.0,701.0,1.0,35.0,8,296,35180,3,1.0
98,0.0,0.0,4.2950001,1.0,4.0,8,66.12474893949977,66.12474893949977,pobre,0,15,1000.0,701.0,1.0,35.0,9,296,35180,3,1.0
97,1.0,0.0,4.2950001,1.0,1.0,8,66.12474893949977,66.12474893949977,pobre,0,15,1000.0,701.0,1.0,35.0,7,296,35181,1,1.0
98,1.0,0.0,4.2950001,1.0,2.0,8,66.12474893949977,66.12474893949977,pobre,0,15,1000.0,701.0,1.0,35.0,8,296,35181,1,1.0
97,0.0,0.0,4.2950001,1.0,5.0,7,66.12474893949977,66.12474893949977,pobre,0,0,600.0,852.0,1.0,58.0,12,296,35182,5,1.0
98,0.0,0.0,4.2950001,0.0,6.0,7,66.12474893949977,66.12474893949977,pobre,0,0,600.0,852.0,1.0,58.0,13,296,35182,5,1.0
97,1.0,0.0,4.2950001,0.0,6.0,9,66.12474893949977,66.12474893949977,pobre,0,0,0.0,397.0,1.0,42.0,16,296,35183,6,0.0
98,1.0,0.0,4.2950001,,,9,66.12474893949977,66.12474893949977,pobre,0,0,0.0,397.0,1.0,42.0,17,296,35183,6,0.0
97,1.0,0.0,4.2950001,0.0,6.0,9,66.12474893949977,66.12474893949977,pobre,0,0,0.0,397.0,1.0,42.0,13,296,35184,6,0.0
98,1.0,0.0,4.2950001,0.0,6.0,9,66.12474893949977,66.12474893949977,pobre,0,0,0.0,397.0,1.0,42.0,14,296,35184,6,0.0
97,1.0,0.0,4.2950001,0.0,6.0,9,66.12474893949977,66.12474893949977,pobre,0,0,0.0,397.0,1.0,42.0,11,296,35185,6,0.0
98,1.0,0.0,4.2950001,0.0,6.0,9,66.12474893949977,66.12474893949977,pobre,0,0,0.0,397.0,1.0,42.0,12,296,35185,6,0.0
97,0.0,0.0,4.2950001,1.0,3.0,9,66.12474893949977,66.12474893949977,pobre,0,0,0.0,397.0,1.0,42.0,9,296,35186,3,1.0
98,0.0,0.0,4.2950001,1.0,4.0,9,66.12474893949977,66.12474893949977,pobre,0,0,0.0,397.0,1.0,42.0,10,296,35186,3,1.0
97,0.0,0.0,4.2950001,0.0,6.0,8,66.12474893949977,66.12474893949977,pobre,0,1,800.0,763.82001,1.0,54.0,13,296,35187,6,0.0
98,0.0,0.0,4.2950001,0.0,6.0,8,66.12474893949977,66.12474893949977,pobre,0,1,800.0,763.82001,1.0,54.0,14,296,35187,6,0.0
97,0.0,0.0,4.2950001,0.0,6.0,8,66.12474893949977,66.12474893949977,pobre,0,1,800.0,763.82001,1.0,54.0,11,296,35188,6,0.0
98,0.0,0.0,4.2950001,0.0,6.0,8,66.12474893949977,66.12474893949977,pobre,0,1,800.0,763.82001,1.0,54.0,12,296,35188,6,0.0
97,1.0,0.0,7.4530001,1.0,7.0,7,125.9602791843295,125.9602791843295,no pobre,0,2,6400.0,987.0,1.0,42.0,14,286,35189,7,1.0
98,1.0,0.0,7.4530001,,,7,125.9602791843295,125.9602791843295,no pobre,0,2,6400.0,987.0,1.0,42.0,15,286,35189,7,1.0
97,0.0,0.0,7.4530001,1.0,7.0,7,125.9602791843295,125.9602791843295,no pobre,0,2,6400.0,987.0,1.0,42.0,12,286,35190,7,1.0
98,0.0,0.0,7.4530001,,,7,125.9602791843295,125.9602791843295,no pobre,0,2,6400.0,987.0,1.0,42.0,13,286,35190,7,1.0
97,1.0,0.0,7.4530001,1.0,4.0,7,125.9602791843295,125.9602791843295,no pobre,0,2,6400.0,987.0,1.0,42.0,10,286,35191,4,1.0
98,1.0,0.0,7.4530001,,,7,125.9602791843295,125.9602791843295,no pobre,0,2,6400.0,987.0,1.0,42.0,11,286,35191,4,1.0
97,1.0,0.0,7.4530001,1.0,3.0,7,125.9602791843295,125.9602791843295,no pobre,0,2,6400.0,987.0,1.0,42.0,9,286,35192,3,1.0
98,1.0,0.0,7.4530001,,,7,125.9602791843295,125.9602791843295,no pobre,0,2,6400.0,987.0,1.0,42.0,10,286,35192,3,1.0
97,0.0,0.0,7.4530001,1.0,0.0,6,125.9602791843295,125.9602791843295,pobre,0,3,3200.0,764.0,1.0,32.0,6,286,35193,0,1.0
98,0.0,0.0,7.4530001,1.0,1.0,6,125.9602791843295,125.9602791843295,pobre,0,3,3200.0,764.0,1.0,32.0,7,286,35193,0,1.0
97,0.0,0.0,7.4530001,0.0,6.0,6,125.9602791843295,125.9602791843295,no pobre,0,3,1600.0,927.0,1.0,56.0,14,286,35194,6,0.0
98,0.0,0.0,7.4530001,1.0,9.0,6,125.9602791843295,125.9602791843295,no pobre,0,3,1600.0,927.0,1.0,56.0,15,286,35194,6,0.0
97,1.0,0.0,7.4530001,1.0,3.0,6,125.9602791843295,125.9602791843295,no pobre,0,3,1600.0,927.0,1.0,56.0,9,286,35195,3,1.0
98,1.0,0.0,7.4530001,1.0,4.0,6,125.9602791843295,125.9602791843295,no pobre,0,3,1600.0,927.0,1.0,56.0,10,286,35195,3,1.0
97,0.0,0.0,7.4530001,0.0,6.0,8,125.9602791843295,125.9602791843295,pobre,0,2,1600.0,695.0,1.0,43.0,14,286,35196,6,0.0
98,0.0,0.0,7.4530001,1.0,6.0,8,125.9602791843295,125.9602791843295,pobre,0,2,1600.0,695.0,1.0,43.0,15,286,35196,6,0.0
97,0.0,0.0,7.4530001,1.0,5.0,8,125.9602791843295,125.9602791843295,pobre,0,2,1600.0,695.0,1.0,43.0,12,286,35197,5,1.0
98,0.0,0.0,7.4530001,0.0,6.0,8,125.9602791843295,125.9602791843295,pobre,0,2,1600.0,695.0,1.0,43.0,13,286,35197,5,1.0
97,1.0,0.0,7.4530001,1.0,4.0,8,125.9602791843295,125.9602791843295,pobre,0,2,1600.0,695.0,1.0,43.0,10,286,35198,4,1.0
98,1.0,0.0,7.4530001,1.0,5.0,8,125.9602791843295,125.9602791843295,pobre,0,2,1600.0,695.0,1.0,43.0,11,286,35198,4,1.0
97,0.0,0.0,7.4530001,1.0,1.0,8,125.9602791843295,125.9602791843295,pobre,0,2,1600.0,695.0,1.0,43.0,8,286,35199,1,1.0
98,0.0,0.0,7.4530001,1.0,2.0,8,125.9602791843295,125.9602791843295,pobre,0,2,1600.0,695.0,1.0,43.0,9,286,35199,1,1.0
97,0.0,0.0,7.4530001,1.0,0.0,8,125.9602791843295,125.9602791843295,pobre,0,2,1600.0,695.0,1.0,43.0,7,286,35200,0,1.0
98,0.0,0.0,7.4530001,1.0,1.0,8,125.9602791843295,125.9602791843295,pobre,0,2,1600.0,695.0,1.0,43.0,8,286,35200,0,1.0
97,1.0,0.0,7.4530001,0.0,6.0,9,125.9602791843295,125.9602791843295,no pobre,0,2,1000.0,823.0,1.0,49.0,15,286,35201,6,0.0
98,1.0,0.0,7.4530001,,,9,125.9602791843295,125.9602791843295,no pobre,0,2,1000.0,823.0,1.0,49.0,16,286,35201,6,0.0
97,1.0,0.0,7.4530001,1.0,4.0,9,125.9602791843295,125.9602791843295,no pobre,0,2,1000.0,823.0,1.0,49.0,12,286,35202,4,1.0
98,1.0,0.0,7.4530001,1.0,5.0,9,125.9602791843295,125.9602791843295,no pobre,0,2,1000.0,823.0,1.0,49.0,13,286,35202,4,1.0
97,0.0,0.0,7.4530001,1.0,0.0,9,125.9602791843295,125.9602791843295,no pobre,0,2,1000.0,823.0,1.0,49.0,8,286,35203,0,1.0
98,0.0,0.0,7.4530001,1.0,1.0,9,125.9602791843295,125.9602791843295,no pobre,0,2,1000.0,823.0,1.0,49.0,9,286,35203,0,1.0
97,1.0,0.0,7.4530001,1.0,0.0,9,125.9602791843295,125.9602791843295,no pobre,0,2,1000.0,823.0,1.0,49.0,6,286,35204,0,1.0
98,1.0,0.0,7.4530001,1.0,1.0,9,125.9602791843295,125.9602791843295,no pobre,0,2,1000.0,823.0,1.0,49.0,7,286,35204,0,1.0
97,1.0,0.0,7.4530001,0.0,6.0,7,125.9602791843295,125.9602791843295,pobre,0,1,0.0,663.5,0.0,49.0,15,286,35205,6,0.0
98,1.0,0.0,7.4530001,,,7,125.9602791843295,125.9602791843295,pobre,0,1,0.0,663.5,0.0,49.0,16,286,35205,6,0.0
97,0.0,0.0,7.4530001,1.0,3.0,7,125.9602791843295,125.9602791843295,pobre,0,1,0.0,663.5,0.0,49.0,12,286,35206,3,1.0
98,0.0,0.0,7.4530001,,4.0,7,125.9602791843295,125.9602791843295,pobre,0,1,0.0,663.5,0.0,49.0,13,286,35206,3,1.0
97,0.0,0.0,7.4530001,1.0,4.0,7,125.9602791843295,125.9602791843295,pobre,0,1,0.0,663.5,0.0,49.0,10,286,35207,4,1.0
98,0.0,0.0,7.4530001,1.0,5.0,7,125.9602791843295,125.9602791843295,pobre,0,1,0.0,663.5,0.0,49.0,11,286,35207,4,1.0
97,0.0,0.0,7.4530001,1.0,0.0,7,125.9602791843295,125.9602791843295,pobre,0,1,0.0,663.5,0.0,49.0,6,286,35208,0,1.0
98,0.0,0.0,7.4530001,1.0,1.0,7,125.9602791843295,125.9602791843295,pobre,0,1,0.0,663.5,0.0,49.0,7,286,35208,0,1.0
97,1.0,0.0,7.4530001,0.0,6.0,13,125.9602791843295,125.9602791843295,pobre,0,2,0.0,610.5,1.0,46.0,16,286,35209,6,0.0
98,1.0,0.0,7.4530001,,,13,125.9602791843295,125.9602791843295,pobre,0,2,0.0,610.5,1.0,46.0,17,286,35209,6,0.0
97,0.0,0.0,7.4530001,0.0,6.0,13,125.9602791843295,125.9602791843295,pobre,0,2,0.0,610.5,1.0,46.0,15,286,35210,6,0.0
98,0.0,0.0,7.4530001,1.0,6.0,13,125.9602791843295,125.9602791843295,pobre,0,2,0.0,610.5,1.0,46.0,16,286,35210,6,0.0
97,1.0,0.0,7.4530001,0.0,6.0,13,125.9602791843295,125.9602791843295,pobre,0,2,0.0,610.5,1.0,46.0,13,286,35211,6,0.0
98,1.0,0.0,7.4530001,0.0,6.0,13,125.9602791843295,125.9602791843295,pobre,0,2,0.0,610.5,1.0,46.0,14,286,35211,6,0.0
97,0.0,0.0,7.4530001,1.0,5.0,13,125.9602791843295,125.9602791843295,pobre,0,2,0.0,610.5,1.0,46.0,10,286,35212,5,1.0
98,0.0,0.0,7.4530001,0.0,6.0,13,125.9602791843295,125.9602791843295,pobre,0,2,0.0,610.5,1.0,46.0,11,286,35212,5,1.0
97,0.0,0.0,7.4530001,1.0,4.0,13,125.9602791843295,125.9602791843295,pobre,0,2,0.0,610.5,1.0,46.0,10,286,35213,4,1.0
98,0.0,0.0,7.4530001,1.0,6.0,13,125.9602791843295,125.9602791843295,pobre,0,2,0.0,610.5,1.0,46.0,11,286,35213,4,1.0
97,0.0,0.0,7.4530001,1.0,1.0,13,125.9602791843295,125.9602791843295,pobre,0,2,0.0,610.5,1.0,46.0,7,286,35214,1,1.0
98,0.0,0.0,7.4530001,1.0,2.0,13,125.9602791843295,125.9602791843295,pobre,0,2,0.0,610.5,1.0,46.0,8,286,35214,1,1.0
97,1.0,0.0,7.4530001,1.0,0.0,13,125.9602791843295,125.9602791843295,pobre,0,2,0.0,610.5,1.0,46.0,6,286,35215,0,1.0
98,1.0,0.0,7.4530001,1.0,1.0,13,125.9602791843295,125.9602791843295,pobre,0,2,0.0,610.5,1.0,46.0,7,286,35215,0,1.0
97,0.0,0.0,7.4530001,0.0,6.0,10,125.9602791843295,125.9602791843295,pobre,0,1,150.0,654.0,1.0,46.0,16,286,35216,6,0.0
98,0.0,0.0,7.4530001,,,10,125.9602791843295,125.9602791843295,pobre,0,1,150.0,654.0,1.0,46.0,17,286,35216,6,0.0
97,0.0,0.0,7.4530001,0.0,6.0,10,125.9602791843295,125.9602791843295,pobre,0,1,150.0,654.0,1.0,46.0,14,286,35217,6,0.0
98,0.0,0.0,7.4530001,1.0,6.0,10,125.9602791843295,125.9602791843295,pobre,0,1,150.0,654.0,1.0,46.0,15,286,35217,6,0.0
97,0.0,0.0,7.4530001,1.0,5.0,10,125.9602791843295,125.9602791843295,pobre,0,1,150.0,654.0,1.0,46.0,12,286,35218,5,1.0
98,0.0,0.0,7.4530001,1.0,6.0,10,125.9602791843295,125.9602791843295,pobre,0,1,150.0,654.0,1.0,46.0,13,286,35218,5,1.0
97,0.0,0.0,7.4530001,1.0,2.0,10,125.9602791843295,125.9602791843295,pobre,0,1,150.0,654.0,1.0,46.0,10,286,35219,2,1.0
98,0.0,0.0,7.4530001,1.0,3.0,10,125.9602791843295,125.9602791843295,pobre,0,1,150.0,654.0,1.0,46.0,11,286,35219,2,1.0
97,0.0,0.0,7.4530001,1.0,1.0,10,125.9602791843295,125.9602791843295,pobre,0,1,150.0,654.0,1.0,46.0,7,286,35220,1,1.0
98,0.0,0.0,7.4530001,1.0,2.0,10,125.9602791843295,125.9602791843295,pobre,0,1,150.0,654.0,1.0,46.0,8,286,35220,1,1.0
97,0.0,0.0,7.4530001,0.0,9.0,6,125.9602791843295,125.9602791843295,no pobre,0,1,800.0,987.0,1.0,55.0,15,286,35221,9,0.0
98,0.0,0.0,7.4530001,0.0,9.0,6,125.9602791843295,125.9602791843295,no pobre,0,1,800.0,987.0,1.0,55.0,16,286,35221,9,0.0
97,0.0,0.0,7.4530001,1.0,5.0,6,125.9602791843295,125.9602791843295,no pobre,0,1,800.0,987.0,1.0,55.0,11,286,35222,5,1.0
98,0.0,0.0,7.4530001,0.0,6.0,6,125.9602791843295,125.9602791843295,no pobre,0,1,800.0,987.0,1.0,55.0,12,286,35222,5,1.0
97,0.0,0.0,7.4530001,1.0,3.0,6,125.9602791843295,125.9602791843295,no pobre,0,1,800.0,987.0,1.0,55.0,9,286,35223,3,1.0
98,0.0,0.0,7.4530001,1.0,3.0,6,125.9602791843295,125.9602791843295,no pobre,0,1,800.0,987.0,1.0,55.0,10,286,35223,3,1.0
97,1.0,0.0,7.4530001,0.0,6.0,8,125.9602791843295,125.9602791843295,no pobre,0,2,1000.0,1070.0,1.0,47.0,16,286,35224,6,0.0
98,1.0,0.0,7.4530001,,,8,125.9602791843295,125.9602791843295,no pobre,0,2,1000.0,1070.0,1.0,47.0,17,286,35224,6,0.0
97,0.0,0.0,7.4530001,1.0,2.0,8,125.9602791843295,125.9602791843295,no pobre,0,2,1000.0,1070.0,1.0,47.0,8,286,35225,2,1.0
98,0.0,0.0,7.4530001,1.0,3.0,8,125.9602791843295,125.9602791843295,no pobre,0,2,1000.0,1070.0,1.0,47.0,9,286,35225,2,1.0
97,0.0,0.0,7.4530001,1.0,0.0,8,125.9602791843295,125.9602791843295,no pobre,0,2,1000.0,1070.0,1.0,47.0,6,286,35226,0,1.0
98,0.0,0.0,7.4530001,1.0,1.0,8,125.9602791843295,125.9602791843295,no pobre,0,2,1000.0,1070.0,1.0,47.0,7,286,35226,0,1.0
97,1.0,0.0,4.2950001,0.0,6.0,3,66.12474893949977,66.12474893949977,no pobre,0,2,0.0,838.0,1.0,57.0,12,296,35227,6,0.0
98,1.0,0.0,4.2950001,0.0,6.0,3,66.12474893949977,66.12474893949977,no pobre,0,2,0.0,838.0,1.0,57.0,13,296,35227,6,0.0
97,1.0,0.0,4.2950001,1.0,0.0,4,66.12474893949977,66.12474893949977,no pobre,0,2,0.0,819.0,1.0,30.0,6,296,35228,0,1.0
98,1.0,0.0,4.2950001,1.0,1.0,4,66.12474893949977,66.12474893949977,no pobre,0,2,0.0,819.0,1.0,30.0,7,296,35228,0,1.0
97,1.0,0.0,4.2950001,0.0,3.0,11,66.12474893949977,66.12474893949977,no pobre,0,3,0.0,776.25,1.0,55.0,16,296,35229,3,0.0
98,1.0,0.0,4.2950001,,,11,66.12474893949977,66.12474893949977,no pobre,0,3,0.0,776.25,1.0,55.0,17,296,35229,3,0.0
97,1.0,0.0,4.2950001,0.0,6.0,11,66.12474893949977,66.12474893949977,no pobre,0,3,0.0,776.25,1.0,55.0,13,296,35230,6,0.0
98,1.0,0.0,4.2950001,0.0,6.0,11,66.12474893949977,66.12474893949977,no pobre,0,3,0.0,776.25,1.0,55.0,14,296,35230,6,0.0
97,0.0,0.0,4.2950001,1.0,5.0,11,66.12474893949977,66.12474893949977,no pobre,0,3,0.0,776.25,1.0,55.0,11,296,35231,5,1.0
98,0.0,0.0,4.2950001,0.0,6.0,11,66.12474893949977,66.12474893949977,no pobre,0,3,0.0,776.25,1.0,55.0,12,296,35231,5,1.0
97,0.0,0.0,4.2950001,1.0,2.0,11,66.12474893949977,66.12474893949977,no pobre,0,3,0.0,776.25,1.0,55.0,8,296,35232,2,1.0
98,0.0,0.0,4.2950001,1.0,3.0,11,66.12474893949977,66.12474893949977,no pobre,0,3,0.0,776.25,1.0,55.0,9,296,35232,2,1.0
97,0.0,0.0,4.2950001,0.0,6.0,10,66.12474893949977,66.12474893949977,pobre,0,2,600.0,740.0,1.0,42.0,15,296,35233,6,0.0
98,0.0,0.0,4.2950001,,,10,66.12474893949977,66.12474893949977,pobre,0,2,600.0,740.0,1.0,42.0,16,296,35233,6,0.0
97,0.0,0.0,4.2950001,0.0,6.0,10,66.12474893949977,66.12474893949977,pobre,0,2,600.0,740.0,1.0,42.0,14,296,35234,6,0.0
98,0.0,0.0,4.2950001,0.0,6.0,10,66.12474893949977,66.12474893949977,pobre,0,2,600.0,740.0,1.0,42.0,15,296,35234,6,0.0
97,1.0,0.0,4.2950001,1.0,5.0,10,66.12474893949977,66.12474893949977,pobre,0,2,600.0,740.0,1.0,42.0,12,296,35235,5,1.0
98,1.0,0.0,4.2950001,1.0,6.0,10,66.12474893949977,66.12474893949977,pobre,0,2,600.0,740.0,1.0,42.0,13,296,35235,5,1.0
97,1.0,0.0,4.2950001,1.0,4.0,10,66.12474893949977,66.12474893949977,pobre,0,2,600.0,740.0,1.0,42.0,10,296,35236,4,1.0
98,1.0,0.0,4.2950001,1.0,5.0,10,66.12474893949977,66.12474893949977,pobre,0,2,600.0,740.0,1.0,42.0,11,296,35236,4,1.0
97,1.0,0.0,4.2950001,1.0,1.0,10,66.12474893949977,66.12474893949977,pobre,0,2,600.0,740.0,1.0,42.0,7,296,35237,1,1.0
98,1.0,0.0,4.2950001,1.0,2.0,10,66.12474893949977,66.12474893949977,pobre,0,2,600.0,740.0,1.0,42.0,8,296,35237,1,1.0
97,1.0,0.0,4.2950001,0.0,6.0,8,66.12474893949977,66.12474893949977,no pobre,0,0,0.0,818.0,1.0,63.0,15,296,35238,6,0.0
98,1.0,0.0,4.2950001,0.0,6.0,8,66.12474893949977,66.12474893949977,no pobre,0,0,0.0,818.0,1.0,63.0,16,296,35238,6,0.0
97,0.0,0.0,4.2950001,1.0,0.0,6,66.12474893949977,66.12474893949977,pobre,0,0,600.0,610.70001,1.0,29.0,6,296,35239,0,1.0
98,0.0,0.0,4.2950001,1.0,1.0,6,66.12474893949977,66.12474893949977,pobre,0,0,600.0,610.70001,1.0,29.0,7,296,35239,0,1.0
97,1.0,0.0,4.2950001,0.0,6.0,4,66.12474893949977,66.12474893949977,pobre,0,3,0.0,734.0,1.0,55.0,13,296,35240,6,0.0
98,1.0,0.0,4.2950001,0.0,6.0,4,66.12474893949977,66.12474893949977,pobre,0,3,0.0,734.0,1.0,55.0,14,296,35240,6,0.0
97,0.0,0.0,3.188,1.0,1.0,5,131.3459617165339,153.5373930578566,pobre,0,6,475.0,745.0,1.0,31.0,7,248,35241,1,1.0
98,0.0,0.0,3.188,,,5,131.3459617165339,153.5373930578566,pobre,0,6,475.0,745.0,1.0,31.0,8,248,35241,1,1.0
97,1.0,1.0,3.188,0.0,9.0,7,131.3459617165339,153.5373930578566,no pobre,0,6,475.0,850.75,1.0,56.0,16,248,35242,9,0.0
98,1.0,1.0,3.188,,,7,131.3459617165339,153.5373930578566,no pobre,0,6,475.0,850.75,1.0,56.0,17,248,35242,9,0.0
97,1.0,1.0,3.188,0.0,9.0,7,131.3459617165339,153.5373930578566,no pobre,0,6,475.0,850.75,1.0,56.0,15,248,35243,9,0.0
98,1.0,1.0,3.188,0.0,9.0,7,131.3459617165339,153.5373930578566,no pobre,0,6,475.0,850.75,1.0,56.0,16,248,35243,9,0.0
97,1.0,1.0,3.188,1.0,6.0,7,131.3459617165339,153.5373930578566,no pobre,0,6,475.0,850.75,1.0,56.0,13,248,35244,6,1.0
98,1.0,1.0,3.188,1.0,7.0,7,131.3459617165339,153.5373930578566,no pobre,0,6,475.0,850.75,1.0,56.0,14,248,35244,6,1.0
97,0.0,1.0,3.188,1.0,8.0,5,131.3459617165339,153.5373930578566,pobre,0,0,500.0,763.5,1.0,53.0,14,248,35245,8,1.0
98,0.0,1.0,3.188,,,5,131.3459617165339,153.5373930578566,pobre,0,0,500.0,763.5,1.0,53.0,15,248,35245,8,1.0
97,1.0,1.0,3.188,1.0,3.0,5,131.3459617165339,153.5373930578566,pobre,0,0,500.0,763.5,1.0,53.0,8,248,35246,3,1.0
98,1.0,1.0,3.188,1.0,4.0,5,131.3459617165339,153.5373930578566,pobre,0,0,500.0,763.5,1.0,53.0,9,248,35246,3,1.0
97,0.0,1.0,3.188,1.0,5.0,7,131.3459617165339,153.5373930578566,pobre,0,0,475.0,677.5,1.0,65.0,11,248,35247,5,1.0
98,0.0,1.0,3.188,1.0,6.0,7,131.3459617165339,153.5373930578566,pobre,0,0,475.0,677.5,1.0,65.0,12,248,35247,5,1.0
97,1.0,1.0,3.188,0.0,6.0,7,131.3459617165339,153.5373930578566,pobre,0,0,475.0,677.5,1.0,65.0,11,248,35248,6,0.0
98,1.0,1.0,3.188,1.0,6.0,7,131.3459617165339,153.5373930578566,pobre,0,0,475.0,677.5,1.0,65.0,12,248,35248,6,0.0
97,1.0,1.0,3.188,1.0,0.0,7,131.3459617165339,153.5373930578566,pobre,0,0,475.0,677.5,1.0,65.0,6,248,35249,0,1.0
98,1.0,1.0,3.188,1.0,1.0,7,131.3459617165339,153.5373930578566,pobre,0,0,475.0,677.5,1.0,65.0,7,248,35249,0,1.0
97,1.0,0.0,3.188,0.0,8.0,7,131.3459617165339,153.5373930578566,pobre,0,3,0.0,661.5,1.0,50.0,14,248,35250,8,0.0
98,1.0,0.0,3.188,0.0,7.0,7,131.3459617165339,153.5373930578566,pobre,0,3,0.0,661.5,1.0,50.0,15,248,35250,8,0.0
97,0.0,0.0,3.188,1.0,6.0,7,131.3459617165339,153.5373930578566,pobre,0,3,0.0,661.5,1.0,50.0,12,248,35251,6,1.0
98,0.0,0.0,3.188,1.0,7.0,7,131.3459617165339,153.5373930578566,pobre,0,3,0.0,661.5,1.0,50.0,13,248,35251,6,1.0
97,1.0,0.0,3.188,1.0,3.0,7,131.3459617165339,153.5373930578566,pobre,0,3,0.0,661.5,1.0,50.0,8,248,35252,3,1.0
98,1.0,0.0,3.188,1.0,4.0,7,131.3459617165339,153.5373930578566,pobre,0,3,0.0,661.5,1.0,50.0,9,248,35252,3,1.0
97,1.0,0.0,3.188,1.0,1.0,7,131.3459617165339,153.5373930578566,pobre,0,3,0.0,661.5,1.0,50.0,6,248,35253,1,1.0
98,1.0,0.0,3.188,1.0,2.0,7,131.3459617165339,153.5373930578566,pobre,0,3,0.0,661.5,1.0,50.0,7,248,35253,1,1.0
97,1.0,1.0,3.188,0.0,2.0,8,131.3459617165339,153.5373930578566,pobre,0,0,0.0,747.66998,1.0,50.0,16,248,35254,2,0.0
98,1.0,1.0,3.188,,,8,131.3459617165339,153.5373930578566,pobre,0,0,0.0,747.66998,1.0,50.0,17,248,35254,2,0.0
97,0.0,1.0,3.188,1.0,5.0,8,131.3459617165339,153.5373930578566,pobre,0,0,0.0,747.66998,1.0,50.0,12,248,35255,5,1.0
98,0.0,1.0,3.188,1.0,5.0,8,131.3459617165339,153.5373930578566,pobre,0,0,0.0,747.66998,1.0,50.0,13,248,35255,5,1.0
97,0.0,1.0,3.188,1.0,4.0,8,131.3459617165339,153.5373930578566,pobre,0,0,0.0,747.66998,1.0,50.0,11,248,35256,4,1.0
98,0.0,1.0,3.188,1.0,4.0,8,131.3459617165339,153.5373930578566,pobre,0,0,0.0,747.66998,1.0,50.0,12,248,35256,4,1.0
97,1.0,1.0,3.188,1.0,2.0,8,131.3459617165339,153.5373930578566,pobre,0,0,0.0,747.66998,1.0,50.0,7,248,35257,2,1.0
98,1.0,1.0,3.188,1.0,3.0,8,131.3459617165339,153.5373930578566,pobre,0,0,0.0,747.66998,1.0,50.0,8,248,35257,2,1.0
97,1.0,1.0,3.188,1.0,1.0,8,131.3459617165339,153.5373930578566,pobre,0,0,0.0,747.66998,1.0,50.0,6,248,35258,1,1.0
98,1.0,1.0,3.188,1.0,1.0,8,131.3459617165339,153.5373930578566,pobre,0,0,0.0,747.66998,1.0,50.0,7,248,35258,1,1.0
97,0.0,1.0,3.188,1.0,6.0,6,131.3459617165339,153.5373930578566,pobre,0,0,0.0,719.0,1.0,62.0,13,248,35259,6,1.0
98,0.0,1.0,3.188,1.0,7.0,6,131.3459617165339,153.5373930578566,pobre,0,0,0.0,719.0,1.0,62.0,14,248,35259,6,1.0
97,1.0,1.0,3.188,1.0,3.0,6,131.3459617165339,153.5373930578566,pobre,0,0,0.0,719.0,1.0,62.0,9,248,35260,3,1.0
98,1.0,1.0,3.188,1.0,4.0,6,131.3459617165339,153.5373930578566,pobre,0,0,0.0,719.0,1.0,62.0,10,248,35260,3,1.0
97,0.0,1.0,3.188,1.0,1.0,6,131.3459617165339,153.5373930578566,pobre,0,0,0.0,719.0,1.0,62.0,7,248,35261,1,1.0
98,0.0,1.0,3.188,1.0,2.0,6,131.3459617165339,153.5373930578566,pobre,0,0,0.0,719.0,1.0,62.0,8,248,35261,1,1.0
97,0.0,0.0,3.188,1.0,6.0,4,131.3459617165339,153.5373930578566,pobre,0,4,0.0,742.0,0.0,48.0,11,248,35262,6,1.0
98,0.0,0.0,3.188,1.0,7.0,4,131.3459617165339,153.5373930578566,pobre,0,4,0.0,742.0,0.0,48.0,12,248,35262,6,1.0
97,0.0,0.0,3.188,1.0,7.0,4,131.3459617165339,153.5373930578566,pobre,0,0,450.0,700.0,1.0,55.0,13,248,35263,7,1.0
98,0.0,0.0,3.188,1.0,8.0,4,131.3459617165339,153.5373930578566,pobre,0,0,450.0,700.0,1.0,55.0,14,248,35263,7,1.0
97,0.0,0.0,3.188,1.0,5.0,4,131.3459617165339,153.5373930578566,pobre,0,0,450.0,700.0,1.0,55.0,11,248,35264,5,1.0
98,0.0,0.0,3.188,1.0,6.0,4,131.3459617165339,153.5373930578566,pobre,0,0,450.0,700.0,1.0,55.0,12,248,35264,5,1.0
97,1.0,0.0,3.188,1.0,7.0,8,131.3459617165339,153.5373930578566,pobre,0,0,625.0,519.16998,1.0,53.0,12,248,35265,7,1.0
98,1.0,0.0,3.188,1.0,8.0,8,131.3459617165339,153.5373930578566,pobre,0,0,625.0,519.16998,1.0,53.0,13,248,35265,7,1.0
97,1.0,0.0,3.188,1.0,3.0,8,131.3459617165339,153.5373930578566,pobre,0,0,625.0,519.16998,1.0,53.0,11,248,35266,3,1.0
98,1.0,0.0,3.188,1.0,4.0,8,131.3459617165339,153.5373930578566,pobre,0,0,625.0,519.16998,1.0,53.0,12,248,35266,3,1.0
97,0.0,0.0,3.188,1.0,3.0,8,131.3459617165339,153.5373930578566,pobre,0,0,625.0,519.16998,1.0,53.0,10,248,35267,3,1.0
98,0.0,0.0,3.188,0.0,4.0,8,131.3459617165339,153.5373930578566,pobre,0,0,625.0,519.16998,1.0,53.0,11,248,35267,3,1.0
97,0.0,0.0,3.188,1.0,1.0,8,131.3459617165339,153.5373930578566,pobre,0,0,625.0,519.16998,1.0,53.0,8,248,35268,1,1.0
98,0.0,0.0,3.188,1.0,2.0,8,131.3459617165339,153.5373930578566,pobre,0,0,625.0,519.16998,1.0,53.0,9,248,35268,1,1.0
97,1.0,0.0,3.188,1.0,1.0,8,131.3459617165339,153.5373930578566,pobre,0,0,625.0,519.16998,1.0,53.0,6,248,35269,1,1.0
98,1.0,0.0,3.188,1.0,1.0,8,131.3459617165339,153.5373930578566,pobre,0,0,625.0,519.16998,1.0,53.0,7,248,35269,1,1.0
97,1.0,1.0,3.188,1.0,7.0,6,131.3459617165339,153.5373930578566,pobre,0,0,475.0,722.0,1.0,42.0,14,248,35270,7,1.0
98,1.0,1.0,3.188,1.0,8.0,6,131.3459617165339,153.5373930578566,pobre,0,0,475.0,722.0,1.0,42.0,15,248,35270,7,1.0
97,1.0,1.0,3.188,1.0,2.0,6,131.3459617165339,153.5373930578566,pobre,0,0,475.0,722.0,1.0,42.0,8,248,35271,2,1.0
98,1.0,1.0,3.188,1.0,2.0,6,131.3459617165339,153.5373930578566,pobre,0,0,475.0,722.0,1.0,42.0,9,248,35271,2,1.0
97,1.0,0.0,3.188,1.0,4.0,7,131.3459617165339,153.5373930578566,pobre,0,0,0.0,752.75,1.0,64.0,11,248,35272,4,1.0
98,1.0,0.0,3.188,,,7,131.3459617165339,153.5373930578566,pobre,0,0,0.0,752.75,1.0,64.0,12,248,35272,4,1.0
97,0.0,0.0,3.188,1.0,5.0,7,131.3459617165339,153.5373930578566,pobre,0,0,0.0,752.75,1.0,64.0,12,248,35273,5,1.0
98,0.0,0.0,3.188,,,7,131.3459617165339,153.5373930578566,pobre,0,0,0.0,752.75,1.0,64.0,13,248,35273,5,1.0
97,0.0,0.0,3.188,0.0,6.0,5,131.3459617165339,153.5373930578566,pobre,0,6,625.0,628.0,1.0,32.0,14,248,35274,6,0.0
98,0.0,0.0,3.188,0.0,6.0,5,131.3459617165339,153.5373930578566,pobre,0,6,625.0,628.0,1.0,32.0,15,248,35274,6,0.0
97,0.0,0.0,3.188,0.0,6.0,5,131.3459617165339,153.5373930578566,pobre,0,6,625.0,628.0,1.0,32.0,11,248,35275,6,0.0
98,0.0,0.0,3.188,0.0,6.0,5,131.3459617165339,153.5373930578566,pobre,0,6,625.0,628.0,1.0,32.0,12,248,35275,6,0.0
97,1.0,0.0,3.188,1.0,4.0,5,131.3459617165339,153.5373930578566,pobre,0,6,625.0,628.0,1.0,32.0,9,248,35276,4,1.0
98,1.0,0.0,3.188,0.0,5.0,5,131.3459617165339,153.5373930578566,pobre,0,6,625.0,628.0,1.0,32.0,10,248,35276,4,1.0
97,0.0,1.0,3.188,1.0,3.0,7,131.3459617165339,153.5373930578566,pobre,0,0,0.0,641.5,0.0,41.0,10,248,35277,3,1.0
98,0.0,1.0,3.188,1.0,4.0,7,131.3459617165339,153.5373930578566,pobre,0,0,0.0,641.5,0.0,41.0,11,248,35277,3,1.0
97,0.0,1.0,3.188,0.0,6.0,7,131.3459617165339,153.5373930578566,pobre,0,0,0.0,641.5,0.0,41.0,15,248,35278,6,0.0
98,0.0,1.0,3.188,0.0,6.0,7,131.3459617165339,153.5373930578566,pobre,0,0,0.0,641.5,0.0,41.0,16,248,35278,6,0.0
97,1.0,1.0,3.188,0.0,9.0,3,131.3459617165339,153.5373930578566,no pobre,0,1,400.0,926.5,1.0,61.0,16,248,35279,9,0.0
98,1.0,1.0,3.188,,,3,131.3459617165339,153.5373930578566,no pobre,0,1,400.0,926.5,1.0,61.0,17,248,35279,9,0.0
97,1.0,1.0,3.188,0.0,9.0,7,131.3459617165339,153.5373930578566,pobre,0,0,625.0,672.33002,1.0,68.0,15,248,35280,9,0.0
98,1.0,1.0,3.188,0.0,9.0,7,131.3459617165339,153.5373930578566,pobre,0,0,625.0,672.33002,1.0,68.0,16,248,35280,9,0.0
97,1.0,1.0,3.188,1.0,0.0,7,131.3459617165339,153.5373930578566,pobre,0,0,625.0,672.33002,1.0,68.0,7,248,35281,0,1.0
98,1.0,1.0,3.188,0.0,1.0,7,131.3459617165339,153.5373930578566,pobre,0,0,625.0,672.33002,1.0,68.0,8,248,35281,0,1.0
97,1.0,1.0,3.188,1.0,2.0,7,131.3459617165339,153.5373930578566,pobre,0,0,625.0,672.33002,1.0,68.0,10,248,35282,2,1.0
98,1.0,1.0,3.188,1.0,2.0,7,131.3459617165339,153.5373930578566,pobre,0,0,625.0,672.33002,1.0,68.0,11,248,35282,2,1.0
97,0.0,1.0,3.188,1.0,1.0,7,131.3459617165339,153.5373930578566,pobre,0,0,625.0,672.33002,1.0,68.0,7,248,35283,1,1.0
98,0.0,1.0,3.188,1.0,2.0,7,131.3459617165339,153.5373930578566,pobre,0,0,625.0,672.33002,1.0,68.0,8,248,35283,1,1.0
97,1.0,0.0,2.7920001,1.0,2.0,5,51.02564490232658,69.95584996980429,pobre,basal,0,500.0,649.0,1.0,30.0,7,225,35284,2,1.0
98,1.0,0.0,2.7920001,1.0,2.0,5,51.02564490232658,69.95584996980429,pobre,basal,0,500.0,649.0,1.0,30.0,8,225,35284,2,1.0
97,1.0,0.0,2.7920001,1.0,0.0,6,51.02564490232658,69.95584996980429,pobre,basal,2,0.0,582.0,1.0,29.0,8,225,35285,0,1.0
98,1.0,0.0,2.7920001,1.0,2.0,6,51.02564490232658,69.95584996980429,pobre,basal,2,0.0,582.0,1.0,29.0,9,225,35285,0,1.0
97,1.0,0.0,2.7920001,1.0,8.0,8,51.02564490232658,69.95584996980429,pobre,basal,4,500.0,646.0,1.0,34.0,13,225,35286,8,1.0
98,1.0,0.0,2.7920001,1.0,9.0,8,51.02564490232658,69.95584996980429,pobre,basal,4,500.0,646.0,1.0,34.0,14,225,35286,8,1.0
97,1.0,0.0,2.7920001,1.0,6.0,8,51.02564490232658,69.95584996980429,pobre,basal,4,500.0,646.0,1.0,34.0,12,225,35287,6,1.0
98,1.0,0.0,2.7920001,1.0,7.0,8,51.02564490232658,69.95584996980429,pobre,basal,4,500.0,646.0,1.0,34.0,13,225,35287,6,1.0
97,0.0,0.0,2.7920001,1.0,4.0,8,51.02564490232658,69.95584996980429,pobre,basal,4,500.0,646.0,1.0,34.0,10,225,35288,4,1.0
98,0.0,0.0,2.7920001,1.0,5.0,8,51.02564490232658,69.95584996980429,pobre,basal,4,500.0,646.0,1.0,34.0,11,225,35288,4,1.0
97,1.0,0.0,2.7920001,1.0,0.0,8,51.02564490232658,69.95584996980429,pobre,basal,4,500.0,646.0,1.0,34.0,6,225,35289,0,1.0
98,1.0,0.0,2.7920001,1.0,1.0,8,51.02564490232658,69.95584996980429,pobre,basal,4,500.0,646.0,1.0,34.0,7,225,35289,0,1.0
97,0.0,0.0,2.7920001,1.0,4.0,5,51.02564490232658,69.95584996980429,pobre,basal,3,500.0,741.5,1.0,34.0,10,225,35290,4,1.0
98,0.0,0.0,2.7920001,1.0,5.0,5,51.02564490232658,69.95584996980429,pobre,basal,3,500.0,741.5,1.0,34.0,11,225,35290,4,1.0
97,1.0,0.0,2.7920001,1.0,2.0,5,51.02564490232658,69.95584996980429,pobre,basal,3,500.0,741.5,1.0,34.0,8,225,35291,2,1.0
98,1.0,0.0,2.7920001,1.0,3.0,5,51.02564490232658,69.95584996980429,pobre,basal,3,500.0,741.5,1.0,34.0,9,225,35291,2,1.0
97,1.0,0.0,2.7920001,1.0,0.0,5,51.02564490232658,69.95584996980429,pobre,basal,3,500.0,741.5,1.0,34.0,6,225,35292,0,1.0
98,1.0,0.0,2.7920001,1.0,1.0,5,51.02564490232658,69.95584996980429,pobre,basal,3,500.0,741.5,1.0,34.0,7,225,35292,0,1.0
97,1.0,0.0,2.7920001,1.0,4.0,3,51.02564490232658,69.95584996980429,no pobre,basal,2,0.0,805.0,1.0,52.0,10,225,35293,4,1.0
98,1.0,0.0,2.7920001,1.0,5.0,3,51.02564490232658,69.95584996980429,no pobre,basal,2,0.0,805.0,1.0,52.0,11,225,35293,4,1.0
97,1.0,0.0,2.7920001,1.0,0.0,6,51.02564490232658,69.95584996980429,pobre,basal,4,500.0,576.0,1.0,29.0,6,225,35294,0,1.0
98,1.0,0.0,2.7920001,1.0,1.0,6,51.02564490232658,69.95584996980429,pobre,basal,4,500.0,576.0,1.0,29.0,7,225,35294,0,1.0
97,0.0,0.0,2.7920001,1.0,7.0,3,51.02564490232658,69.95584996980429,pobre,basal,3,500.0,744.0,1.0,47.0,12,225,35295,7,1.0
98,0.0,0.0,2.7920001,1.0,7.0,3,51.02564490232658,69.95584996980429,pobre,basal,3,500.0,744.0,1.0,47.0,13,225,35295,7,1.0
97,0.0,0.0,2.7920001,0.0,6.0,4,51.02564490232658,69.95584996980429,pobre,basal,0,0.0,661.0,1.0,55.0,15,225,35296,6,0.0
98,0.0,0.0,2.7920001,,,4,51.02564490232658,69.95584996980429,pobre,basal,0,0.0,661.0,1.0,55.0,16,225,35296,6,0.0
97,0.0,0.0,2.7920001,1.0,4.0,4,51.02564490232658,69.95584996980429,pobre,basal,0,0.0,661.0,1.0,55.0,11,225,35297,4,1.0
98,0.0,0.0,2.7920001,1.0,5.0,4,51.02564490232658,69.95584996980429,pobre,basal,0,0.0,661.0,1.0,55.0,12,225,35297,4,1.0
97,1.0,0.0,2.7920001,1.0,7.0,7,51.02564490232658,69.95584996980429,pobre,basal,6,750.0,614.0,1.0,54.0,13,225,35298,7,1.0
98,1.0,0.0,2.7920001,1.0,8.0,7,51.02564490232658,69.95584996980429,pobre,basal,6,750.0,614.0,1.0,54.0,14,225,35298,7,1.0
97,1.0,0.0,2.7920001,1.0,4.0,7,51.02564490232658,69.95584996980429,pobre,basal,6,750.0,614.0,1.0,54.0,10,225,35299,4,1.0
98,1.0,0.0,2.7920001,1.0,5.0,7,51.02564490232658,69.95584996980429,pobre,basal,6,750.0,614.0,1.0,54.0,11,225,35299,4,1.0
97,0.0,0.0,2.7920001,1.0,2.0,7,51.02564490232658,69.95584996980429,pobre,basal,6,750.0,614.0,1.0,54.0,7,225,35300,2,1.0
98,0.0,0.0,2.7920001,1.0,3.0,7,51.02564490232658,69.95584996980429,pobre,basal,6,750.0,614.0,1.0,54.0,8,225,35300,2,1.0
97,0.0,0.0,2.7920001,1.0,5.0,4,51.02564490232658,69.95584996980429,pobre,basal,2,0.0,819.0,1.0,53.0,15,225,35301,5,1.0
98,0.0,0.0,2.7920001,1.0,5.0,4,51.02564490232658,69.95584996980429,pobre,basal,2,0.0,819.0,1.0,53.0,16,225,35301,5,1.0
97,0.0,0.0,2.7920001,1.0,5.0,4,51.02564490232658,69.95584996980429,pobre,basal,2,0.0,819.0,1.0,53.0,13,225,35302,5,1.0
98,0.0,0.0,2.7920001,1.0,5.0,4,51.02564490232658,69.95584996980429,pobre,basal,2,0.0,819.0,1.0,53.0,14,225,35302,5,1.0
97,0.0,0.0,2.7920001,1.0,8.0,12,51.02564490232658,69.95584996980429,pobre,basal,4,0.0,732.0,1.0,37.0,16,225,35303,8,1.0
98,0.0,0.0,2.7920001,,,12,51.02564490232658,69.95584996980429,pobre,basal,4,0.0,732.0,1.0,37.0,17,225,35303,8,1.0
97,0.0,0.0,2.7920001,1.0,8.0,12,51.02564490232658,69.95584996980429,pobre,basal,4,0.0,732.0,1.0,37.0,16,225,35304,8,1.0
98,0.0,0.0,2.7920001,,,12,51.02564490232658,69.95584996980429,pobre,basal,4,0.0,732.0,1.0,37.0,17,225,35304,8,1.0
97,0.0,0.0,2.7920001,1.0,1.0,12,51.02564490232658,69.95584996980429,pobre,basal,4,0.0,732.0,1.0,37.0,13,225,35305,1,1.0
98,0.0,0.0,2.7920001,1.0,5.0,12,51.02564490232658,69.95584996980429,pobre,basal,4,0.0,732.0,1.0,37.0,14,225,35305,1,1.0
97,1.0,0.0,2.7920001,1.0,5.0,12,51.02564490232658,69.95584996980429,pobre,basal,4,0.0,732.0,1.0,37.0,10,225,35306,5,1.0
98,1.0,0.0,2.7920001,1.0,5.0,12,51.02564490232658,69.95584996980429,pobre,basal,4,0.0,732.0,1.0,37.0,11,225,35306,5,1.0
97,1.0,0.0,2.7920001,1.0,3.0,12,51.02564490232658,69.95584996980429,pobre,basal,4,0.0,732.0,1.0,37.0,8,225,35307,3,1.0
98,1.0,0.0,2.7920001,1.0,3.0,12,51.02564490232658,69.95584996980429,pobre,basal,4,0.0,732.0,1.0,37.0,9,225,35307,3,1.0
97,0.0,0.0,2.7920001,1.0,1.0,12,51.02564490232658,69.95584996980429,pobre,basal,4,0.0,732.0,1.0,37.0,6,225,35308,1,1.0
98,0.0,0.0,2.7920001,1.0,2.0,12,51.02564490232658,69.95584996980429,pobre,basal,4,0.0,732.0,1.0,37.0,7,225,35308,1,1.0
97,1.0,1.0,2.7920001,1.0,7.0,4,51.02564490232658,69.95584996980429,pobre,basal,0,0.0,677.0,1.0,69.0,13,225,35309,7,1.0
98,1.0,1.0,2.7920001,1.0,8.0,4,51.02564490232658,69.95584996980429,pobre,basal,0,0.0,677.0,1.0,69.0,14,225,35309,7,1.0
97,1.0,1.0,2.7920001,0.0,9.0,6,51.02564490232658,69.95584996980429,no pobre,basal,6,0.0,758.0,1.0,49.0,16,225,35310,9,0.0
98,1.0,1.0,2.7920001,,,6,51.02564490232658,69.95584996980429,no pobre,basal,6,0.0,758.0,1.0,49.0,17,225,35310,9,0.0
97,1.0,1.0,2.7920001,1.0,8.0,6,51.02564490232658,69.95584996980429,no pobre,basal,6,0.0,758.0,1.0,49.0,13,225,35311,8,1.0
98,1.0,1.0,2.7920001,1.0,7.0,6,51.02564490232658,69.95584996980429,no pobre,basal,6,0.0,758.0,1.0,49.0,14,225,35311,8,1.0
97,1.0,1.0,2.7920001,1.0,3.0,6,51.02564490232658,69.95584996980429,no pobre,basal,6,0.0,758.0,1.0,49.0,9,225,35312,3,1.0
98,1.0,1.0,2.7920001,1.0,4.0,6,51.02564490232658,69.95584996980429,no pobre,basal,6,0.0,758.0,1.0,49.0,10,225,35312,3,1.0
97,1.0,0.0,2.7920001,1.0,8.0,6,51.02564490232658,69.95584996980429,pobre,basal,5,0.0,677.0,1.0,32.0,15,225,35313,8,1.0
98,1.0,0.0,2.7920001,0.0,9.0,6,51.02564490232658,69.95584996980429,pobre,basal,5,0.0,677.0,1.0,32.0,16,225,35313,8,1.0
97,1.0,0.0,2.7920001,1.0,5.0,6,51.02564490232658,69.95584996980429,pobre,basal,5,0.0,677.0,1.0,32.0,11,225,35314,5,1.0
98,1.0,0.0,2.7920001,1.0,6.0,6,51.02564490232658,69.95584996980429,pobre,basal,5,0.0,677.0,1.0,32.0,12,225,35314,5,1.0
97,1.0,0.0,2.7920001,1.0,3.0,6,51.02564490232658,69.95584996980429,pobre,basal,5,0.0,677.0,1.0,32.0,7,225,35315,3,1.0
98,1.0,0.0,2.7920001,1.0,4.0,6,51.02564490232658,69.95584996980429,pobre,basal,5,0.0,677.0,1.0,32.0,8,225,35315,3,1.0
97,0.0,0.0,2.7920001,0.0,7.0,11,51.02564490232658,69.95584996980429,pobre,basal,6,0.0,629.66998,1.0,43.0,14,225,35316,7,0.0
98,0.0,0.0,2.7920001,,,11,51.02564490232658,69.95584996980429,pobre,basal,6,0.0,629.66998,1.0,43.0,15,225,35316,7,0.0
97,1.0,0.0,2.7920001,1.0,5.0,11,51.02564490232658,69.95584996980429,pobre,basal,6,0.0,629.66998,1.0,43.0,13,225,35317,5,1.0
98,1.0,0.0,2.7920001,,,11,51.02564490232658,69.95584996980429,pobre,basal,6,0.0,629.66998,1.0,43.0,14,225,35317,5,1.0
97,0.0,0.0,2.7920001,1.0,5.0,11,51.02564490232658,69.95584996980429,pobre,basal,6,0.0,629.66998,1.0,43.0,11,225,35318,5,1.0
98,0.0,0.0,2.7920001,,,11,51.02564490232658,69.95584996980429,pobre,basal,6,0.0,629.66998,1.0,43.0,12,225,35318,5,1.0
97,1.0,0.0,2.7920001,1.0,4.0,11,51.02564490232658,69.95584996980429,pobre,basal,6,0.0,629.66998,1.0,43.0,10,225,35319,4,1.0
98,1.0,0.0,2.7920001,1.0,5.0,11,51.02564490232658,69.95584996980429,pobre,basal,6,0.0,629.66998,1.0,43.0,11,225,35319,4,1.0
97,1.0,0.0,2.7920001,1.0,3.0,11,51.02564490232658,69.95584996980429,pobre,basal,6,0.0,629.66998,1.0,43.0,8,225,35320,3,1.0
98,1.0,0.0,2.7920001,1.0,4.0,11,51.02564490232658,69.95584996980429,pobre,basal,6,0.0,629.66998,1.0,43.0,9,225,35320,3,1.0
97,0.0,0.0,2.7920001,1.0,0.0,11,51.02564490232658,69.95584996980429,pobre,basal,6,0.0,629.66998,1.0,43.0,6,225,35321,0,1.0
98,0.0,0.0,2.7920001,1.0,2.0,11,51.02564490232658,69.95584996980429,pobre,basal,6,0.0,629.66998,1.0,43.0,7,225,35321,0,1.0
97,1.0,0.0,2.7920001,0.0,7.0,5,51.02564490232658,69.95584996980429,pobre,basal,2,0.0,741.66998,1.0,58.0,14,225,35322,7,0.0
98,1.0,0.0,2.7920001,1.0,7.0,5,51.02564490232658,69.95584996980429,pobre,basal,2,0.0,741.66998,1.0,58.0,15,225,35322,7,0.0
97,0.0,0.0,2.7920001,1.0,5.0,5,51.02564490232658,69.95584996980429,pobre,basal,2,0.0,741.66998,1.0,58.0,11,225,35323,5,1.0
98,0.0,0.0,2.7920001,1.0,6.0,5,51.02564490232658,69.95584996980429,pobre,basal,2,0.0,741.66998,1.0,58.0,12,225,35323,5,1.0
97,1.0,0.0,2.7920001,1.0,3.0,7,51.02564490232658,69.95584996980429,pobre,basal,9,0.0,606.0,1.0,33.0,9,225,35324,3,1.0
98,1.0,0.0,2.7920001,1.0,4.0,7,51.02564490232658,69.95584996980429,pobre,basal,9,0.0,606.0,1.0,33.0,10,225,35324,3,1.0
97,1.0,0.0,2.7920001,1.0,1.0,7,51.02564490232658,69.95584996980429,pobre,basal,9,0.0,606.0,1.0,33.0,7,225,35325,1,1.0
98,1.0,0.0,2.7920001,1.0,1.0,7,51.02564490232658,69.95584996980429,pobre,basal,9,0.0,606.0,1.0,33.0,8,225,35325,1,1.0
97,1.0,0.0,2.7920001,1.0,8.0,7,51.02564490232658,69.95584996980429,pobre,basal,2,0.0,643.5,1.0,40.0,15,225,35326,8,1.0
98,1.0,0.0,2.7920001,1.0,8.0,7,51.02564490232658,69.95584996980429,pobre,basal,2,0.0,643.5,1.0,40.0,16,225,35326,8,1.0
97,0.0,0.0,2.7920001,1.0,6.0,7,51.02564490232658,69.95584996980429,pobre,basal,2,0.0,643.5,1.0,40.0,13,225,35327,6,1.0
98,0.0,0.0,2.7920001,1.0,7.0,7,51.02564490232658,69.95584996980429,pobre,basal,2,0.0,643.5,1.0,40.0,14,225,35327,6,1.0
97,1.0,0.0,2.7920001,1.0,4.0,7,51.02564490232658,69.95584996980429,pobre,basal,2,0.0,643.5,1.0,40.0,10,225,35328,4,1.0
98,1.0,0.0,2.7920001,1.0,5.0,7,51.02564490232658,69.95584996980429,pobre,basal,2,0.0,643.5,1.0,40.0,11,225,35328,4,1.0
97,0.0,0.0,2.7920001,1.0,3.0,7,51.02564490232658,69.95584996980429,pobre,basal,2,0.0,643.5,1.0,40.0,9,225,35329,3,1.0
98,0.0,0.0,2.7920001,1.0,4.0,7,51.02564490232658,69.95584996980429,pobre,basal,2,0.0,643.5,1.0,40.0,10,225,35329,3,1.0
97,0.0,0.0,2.7920001,1.0,8.0,7,51.02564490232658,69.95584996980429,pobre,basal,9,0.0,753.5,1.0,51.0,14,225,35330,8,1.0
98,0.0,0.0,2.7920001,0.0,9.0,7,51.02564490232658,69.95584996980429,pobre,basal,9,0.0,753.5,1.0,51.0,15,225,35330,8,1.0
97,0.0,0.0,2.7920001,1.0,6.0,7,51.02564490232658,69.95584996980429,pobre,basal,9,0.0,753.5,1.0,51.0,13,225,35331,6,1.0
98,0.0,0.0,2.7920001,1.0,7.0,7,51.02564490232658,69.95584996980429,pobre,basal,9,0.0,753.5,1.0,51.0,14,225,35331,6,1.0
97,1.0,0.0,2.7920001,1.0,4.0,7,51.02564490232658,69.95584996980429,pobre,basal,9,0.0,753.5,1.0,51.0,11,225,35332,4,1.0
98,1.0,0.0,2.7920001,1.0,5.0,7,51.02564490232658,69.95584996980429,pobre,basal,9,0.0,753.5,1.0,51.0,12,225,35332,4,1.0
97,0.0,0.0,2.7920001,1.0,3.0,7,51.02564490232658,69.95584996980429,pobre,basal,9,0.0,753.5,1.0,51.0,9,225,35333,3,1.0
98,0.0,0.0,2.7920001,1.0,4.0,7,51.02564490232658,69.95584996980429,pobre,basal,9,0.0,753.5,1.0,51.0,10,225,35333,3,1.0
97,1.0,0.0,2.7920001,1.0,5.0,7,51.02564490232658,69.95584996980429,pobre,basal,6,800.0,700.5,1.0,47.0,13,225,35334,5,1.0
98,1.0,0.0,2.7920001,0.0,6.0,7,51.02564490232658,69.95584996980429,pobre,basal,6,800.0,700.5,1.0,47.0,14,225,35334,5,1.0
97,1.0,0.0,2.7920001,1.0,3.0,7,51.02564490232658,69.95584996980429,pobre,basal,6,800.0,700.5,1.0,47.0,9,225,35335,3,1.0
98,1.0,0.0,2.7920001,1.0,4.0,7,51.02564490232658,69.95584996980429,pobre,basal,6,800.0,700.5,1.0,47.0,10,225,35335,3,1.0
97,0.0,0.0,2.7920001,1.0,0.0,7,51.02564490232658,69.95584996980429,pobre,basal,6,800.0,700.5,1.0,47.0,6,225,35336,0,1.0
98,0.0,0.0,2.7920001,1.0,1.0,7,51.02564490232658,69.95584996980429,pobre,basal,6,800.0,700.5,1.0,47.0,7,225,35336,0,1.0
97,0.0,0.0,3.099,1.0,6.0,6,65.0879817643858,89.58735634280369,pobre,basal,2,0.0,699.0,1.0,44.0,11,206,35337,6,1.0
98,0.0,0.0,3.099,1.0,7.0,6,65.0879817643858,89.58735634280369,pobre,basal,2,0.0,699.0,1.0,44.0,12,206,35337,6,1.0
97,1.0,0.0,3.099,1.0,5.0,6,65.0879817643858,89.58735634280369,pobre,basal,2,0.0,699.0,1.0,44.0,10,206,35338,5,1.0
98,1.0,0.0,3.099,1.0,6.0,6,65.0879817643858,89.58735634280369,pobre,basal,2,0.0,699.0,1.0,44.0,11,206,35338,5,1.0
97,1.0,0.0,3.099,1.0,2.0,6,65.0879817643858,89.58735634280369,pobre,basal,2,0.0,699.0,1.0,44.0,9,206,35339,2,1.0
98,1.0,0.0,3.099,1.0,3.0,6,65.0879817643858,89.58735634280369,pobre,basal,2,0.0,699.0,1.0,44.0,10,206,35339,2,1.0
97,1.0,0.0,3.099,1.0,3.0,6,65.0879817643858,89.58735634280369,pobre,basal,2,0.0,699.0,1.0,44.0,6,206,35340,3,1.0
98,1.0,0.0,3.099,1.0,3.0,6,65.0879817643858,89.58735634280369,pobre,basal,2,0.0,699.0,1.0,44.0,7,206,35340,3,1.0
97,1.0,0.0,3.099,0.0,6.0,6,65.0879817643858,89.58735634280369,pobre,basal,3,0.0,759.0,0.0,36.0,16,206,35341,6,0.0
98,1.0,0.0,3.099,,,6,65.0879817643858,89.58735634280369,pobre,basal,3,0.0,759.0,0.0,36.0,17,206,35341,6,0.0
97,1.0,0.0,3.099,1.0,6.0,6,65.0879817643858,89.58735634280369,pobre,basal,3,0.0,759.0,0.0,36.0,13,206,35342,6,1.0
98,1.0,0.0,3.099,0.0,8.0,6,65.0879817643858,89.58735634280369,pobre,basal,3,0.0,759.0,0.0,36.0,14,206,35342,6,1.0
97,1.0,0.0,3.099,1.0,3.0,6,65.0879817643858,89.58735634280369,pobre,basal,3,0.0,759.0,0.0,36.0,12,206,35343,3,1.0
98,1.0,0.0,3.099,1.0,4.0,6,65.0879817643858,89.58735634280369,pobre,basal,3,0.0,759.0,0.0,36.0,13,206,35343,3,1.0
97,1.0,0.0,3.099,1.0,2.0,6,65.0879817643858,89.58735634280369,pobre,basal,3,0.0,759.0,0.0,36.0,10,206,35344,2,1.0
98,1.0,0.0,3.099,1.0,6.0,6,65.0879817643858,89.58735634280369,pobre,basal,3,0.0,759.0,0.0,36.0,11,206,35344,2,1.0
97,0.0,0.0,3.099,1.0,1.0,6,65.0879817643858,89.58735634280369,pobre,basal,2,0.0,596.0,1.0,55.0,8,206,35345,1,1.0
98,0.0,0.0,3.099,,,6,65.0879817643858,89.58735634280369,pobre,basal,2,0.0,596.0,1.0,55.0,9,206,35345,1,1.0
97,1.0,0.0,3.099,,0.0,6,65.0879817643858,89.58735634280369,pobre,basal,2,0.0,596.0,1.0,55.0,6,206,35346,0,
98,1.0,0.0,3.099,,,6,65.0879817643858,89.58735634280369,pobre,basal,2,0.0,596.0,1.0,55.0,7,206,35346,0,
97,0.0,0.0,3.099,1.0,2.0,3,65.0879817643858,89.58735634280369,pobre,basal,3,0.0,776.0,0.0,30.0,8,206,35347,2,1.0
98,0.0,0.0,3.099,1.0,3.0,3,65.0879817643858,89.58735634280369,pobre,basal,3,0.0,776.0,0.0,30.0,9,206,35347,2,1.0
97,0.0,0.0,3.099,0.0,9.0,8,65.0879817643858,89.58735634280369,pobre,basal,2,800.0,722.66998,1.0,42.0,15,206,35348,9,0.0
98,0.0,0.0,3.099,0.0,9.0,8,65.0879817643858,89.58735634280369,pobre,basal,2,800.0,722.66998,1.0,42.0,16,206,35348,9,0.0
97,1.0,0.0,3.099,0.0,6.0,8,65.0879817643858,89.58735634280369,pobre,basal,2,800.0,722.66998,1.0,42.0,13,206,35349,6,0.0
98,1.0,0.0,3.099,0.0,9.0,8,65.0879817643858,89.58735634280369,pobre,basal,2,800.0,722.66998,1.0,42.0,14,206,35349,6,0.0
97,1.0,0.0,3.099,1.0,4.0,8,65.0879817643858,89.58735634280369,pobre,basal,2,800.0,722.66998,1.0,42.0,11,206,35350,4,1.0
98,1.0,0.0,3.099,1.0,4.0,8,65.0879817643858,89.58735634280369,pobre,basal,2,800.0,722.66998,1.0,42.0,12,206,35350,4,1.0
97,1.0,0.0,3.099,1.0,3.0,8,65.0879817643858,89.58735634280369,pobre,basal,2,800.0,722.66998,1.0,42.0,9,206,35351,3,1.0
98,1.0,0.0,3.099,1.0,3.0,8,65.0879817643858,89.58735634280369,pobre,basal,2,800.0,722.66998,1.0,42.0,10,206,35351,3,1.0
97,1.0,0.0,3.099,1.0,1.0,8,65.0879817643858,89.58735634280369,pobre,basal,2,800.0,722.66998,1.0,42.0,7,206,35352,1,1.0
98,1.0,0.0,3.099,1.0,2.0,8,65.0879817643858,89.58735634280369,pobre,basal,2,800.0,722.66998,1.0,42.0,8,206,35352,1,1.0
97,1.0,0.0,3.099,0.0,6.0,10,65.0879817643858,89.58735634280369,pobre,basal,0,0.0,733.5,1.0,53.0,15,206,35353,6,0.0
98,1.0,0.0,3.099,,,10,65.0879817643858,89.58735634280369,pobre,basal,0,0.0,733.5,1.0,53.0,16,206,35353,6,0.0
97,1.0,0.0,3.099,0.0,1.0,10,65.0879817643858,89.58735634280369,pobre,basal,0,0.0,733.5,1.0,53.0,12,206,35354,1,0.0
98,1.0,0.0,3.099,0.0,5.0,10,65.0879817643858,89.58735634280369,pobre,basal,0,0.0,733.5,1.0,53.0,13,206,35354,1,0.0
97,1.0,0.0,3.099,1.0,2.0,10,65.0879817643858,89.58735634280369,pobre,basal,0,0.0,733.5,1.0,53.0,9,206,35355,2,1.0
98,1.0,0.0,3.099,1.0,3.0,10,65.0879817643858,89.58735634280369,pobre,basal,0,0.0,733.5,1.0,53.0,10,206,35355,2,1.0
97,1.0,0.0,3.099,,0.0,10,65.0879817643858,89.58735634280369,pobre,basal,0,0.0,733.5,1.0,53.0,6,206,35356,0,
98,1.0,0.0,3.099,,,10,65.0879817643858,89.58735634280369,pobre,basal,0,0.0,733.5,1.0,53.0,7,206,35356,0,
97,0.0,0.0,3.099,0.0,6.0,3,65.0879817643858,89.58735634280369,pobre,basal,6,375.0,709.5,0.0,32.0,14,206,35357,6,0.0
98,0.0,0.0,3.099,,,3,65.0879817643858,89.58735634280369,pobre,basal,6,375.0,709.5,0.0,32.0,15,206,35357,6,0.0
97,0.0,0.0,3.099,0.0,6.0,9,65.0879817643858,89.58735634280369,no pobre,basal,0,0.0,773.25,1.0,62.0,15,206,35358,6,0.0
98,0.0,0.0,3.099,0.0,6.0,9,65.0879817643858,89.58735634280369,no pobre,basal,0,0.0,773.25,1.0,62.0,16,206,35358,6,0.0
97,1.0,0.0,3.099,0.0,6.0,9,65.0879817643858,89.58735634280369,no pobre,basal,0,0.0,773.25,1.0,62.0,13,206,35359,6,0.0
98,1.0,0.0,3.099,0.0,4.0,9,65.0879817643858,89.58735634280369,no pobre,basal,0,0.0,773.25,1.0,62.0,14,206,35359,6,0.0
97,1.0,0.0,3.099,1.0,5.0,9,65.0879817643858,89.58735634280369,no pobre,basal,0,0.0,773.25,1.0,62.0,12,206,35360,5,1.0
98,1.0,0.0,3.099,1.0,6.0,9,65.0879817643858,89.58735634280369,no pobre,basal,0,0.0,773.25,1.0,62.0,13,206,35360,5,1.0
97,0.0,0.0,3.099,1.0,4.0,6,65.0879817643858,89.58735634280369,pobre,basal,0,0.0,756.0,0.0,78.0,14,206,35361,4,1.0
98,0.0,0.0,3.099,0.0,5.0,6,65.0879817643858,89.58735634280369,pobre,basal,0,0.0,756.0,0.0,78.0,15,206,35361,4,1.0
97,0.0,0.0,3.099,1.0,3.0,6,65.0879817643858,89.58735634280369,pobre,basal,0,0.0,756.0,0.0,78.0,11,206,35362,3,1.0
98,0.0,0.0,3.099,1.0,3.0,6,65.0879817643858,89.58735634280369,pobre,basal,0,0.0,756.0,0.0,78.0,12,206,35362,3,1.0
97,0.0,0.0,3.099,0.0,6.0,8,65.0879817643858,89.58735634280369,pobre,basal,0,0.0,527.0,1.0,62.0,15,206,35363,6,0.0
98,0.0,0.0,3.099,0.0,6.0,8,65.0879817643858,89.58735634280369,pobre,basal,0,0.0,527.0,1.0,62.0,16,206,35363,6,0.0
97,0.0,0.0,3.099,0.0,6.0,8,65.0879817643858,89.58735634280369,pobre,basal,0,0.0,527.0,1.0,62.0,14,206,35364,6,0.0
98,0.0,0.0,3.099,0.0,6.0,8,65.0879817643858,89.58735634280369,pobre,basal,0,0.0,527.0,1.0,62.0,15,206,35364,6,0.0
97,1.0,0.0,3.099,1.0,5.0,8,65.0879817643858,89.58735634280369,pobre,basal,0,0.0,527.0,1.0,62.0,12,206,35365,5,1.0
98,1.0,0.0,3.099,0.0,6.0,8,65.0879817643858,89.58735634280369,pobre,basal,0,0.0,527.0,1.0,62.0,13,206,35365,5,1.0
97,0.0,0.0,3.099,1.0,1.0,8,65.0879817643858,89.58735634280369,pobre,basal,0,0.0,527.0,1.0,62.0,7,206,35366,1,1.0
98,0.0,0.0,3.099,1.0,2.0,8,65.0879817643858,89.58735634280369,pobre,basal,0,0.0,527.0,1.0,62.0,8,206,35366,1,1.0
97,1.0,0.0,3.099,1.0,5.0,5,65.0879817643858,89.58735634280369,pobre,basal,2,500.0,665.0,1.0,45.0,12,206,35367,5,1.0
98,1.0,0.0,3.099,0.0,6.0,5,65.0879817643858,89.58735634280369,pobre,basal,2,500.0,665.0,1.0,45.0,13,206,35367,5,1.0
97,0.0,0.0,3.099,0.0,6.0,5,65.0879817643858,89.58735634280369,pobre,basal,0,0.0,661.0,1.0,53.0,15,206,35368,6,0.0
98,0.0,0.0,3.099,1.0,9.0,5,65.0879817643858,89.58735634280369,pobre,basal,0,0.0,661.0,1.0,53.0,16,206,35368,6,0.0
97,1.0,0.0,3.099,0.0,6.0,5,65.0879817643858,89.58735634280369,pobre,basal,0,0.0,661.0,1.0,53.0,13,206,35369,6,0.0
98,1.0,0.0,3.099,1.0,8.0,5,65.0879817643858,89.58735634280369,pobre,basal,0,0.0,661.0,1.0,53.0,14,206,35369,6,0.0
97,1.0,0.0,3.099,1.0,3.0,5,65.0879817643858,89.58735634280369,pobre,basal,0,0.0,661.0,1.0,53.0,9,206,35370,3,1.0
98,1.0,0.0,3.099,1.0,4.0,5,65.0879817643858,89.58735634280369,pobre,basal,0,0.0,661.0,1.0,53.0,10,206,35370,3,1.0
97,1.0,0.0,3.099,0.0,6.0,10,65.0879817643858,89.58735634280369,pobre,basal,1,375.0,767.0,1.0,51.0,16,206,35371,6,0.0
98,1.0,0.0,3.099,,,10,65.0879817643858,89.58735634280369,pobre,basal,1,375.0,767.0,1.0,51.0,17,206,35371,6,0.0
97,1.0,0.0,3.099,1.0,5.0,10,65.0879817643858,89.58735634280369,pobre,basal,1,375.0,767.0,1.0,51.0,12,206,35372,5,1.0
98,1.0,0.0,3.099,0.0,6.0,10,65.0879817643858,89.58735634280369,pobre,basal,1,375.0,767.0,1.0,51.0,13,206,35372,5,1.0
97,0.0,0.0,3.099,1.0,3.0,10,65.0879817643858,89.58735634280369,pobre,basal,1,375.0,767.0,1.0,51.0,10,206,35373,3,1.0
98,0.0,0.0,3.099,0.0,4.0,10,65.0879817643858,89.58735634280369,pobre,basal,1,375.0,767.0,1.0,51.0,11,206,35373,3,1.0
97,1.0,0.0,3.099,1.0,3.0,10,65.0879817643858,89.58735634280369,pobre,basal,1,375.0,767.0,1.0,51.0,9,206,35374,3,1.0
98,1.0,0.0,3.099,1.0,4.0,10,65.0879817643858,89.58735634280369,pobre,basal,1,375.0,767.0,1.0,51.0,10,206,35374,3,1.0
97,0.0,0.0,3.099,,0.0,5,65.0879817643858,89.58735634280369,no pobre,basal,0,0.0,786.81,1.0,33.0,14,206,35375,0,
98,0.0,0.0,3.099,,,5,65.0879817643858,89.58735634280369,no pobre,basal,0,0.0,786.81,1.0,33.0,15,206,35375,0,
97,0.0,0.0,3.099,1.0,4.0,9,65.0879817643858,89.58735634280369,pobre,basal,0,375.0,755.25,1.0,48.0,9,206,35376,4,1.0
98,0.0,0.0,3.099,,,9,65.0879817643858,89.58735634280369,pobre,basal,0,375.0,755.25,1.0,48.0,10,206,35376,4,1.0
97,0.0,0.0,3.099,1.0,5.0,9,65.0879817643858,89.58735634280369,pobre,basal,0,375.0,755.25,1.0,48.0,12,206,35377,5,1.0
98,0.0,0.0,3.099,0.0,6.0,9,65.0879817643858,89.58735634280369,pobre,basal,0,375.0,755.25,1.0,48.0,13,206,35377,5,1.0
97,1.0,0.0,3.099,1.0,3.0,9,65.0879817643858,89.58735634280369,pobre,basal,0,375.0,755.25,1.0,48.0,10,206,35378,3,1.0
98,1.0,0.0,3.099,1.0,4.0,9,65.0879817643858,89.58735634280369,pobre,basal,0,375.0,755.25,1.0,48.0,11,206,35378,3,1.0
97,0.0,0.0,3.099,1.0,1.0,9,65.0879817643858,89.58735634280369,pobre,basal,0,375.0,755.25,1.0,48.0,7,206,35379,1,1.0
98,0.0,0.0,3.099,1.0,2.0,9,65.0879817643858,89.58735634280369,pobre,basal,0,375.0,755.25,1.0,48.0,8,206,35379,1,1.0
97,0.0,0.0,3.099,0.0,6.0,12,65.0879817643858,89.58735634280369,pobre,basal,5,1000.0,811.0,1.0,44.0,16,206,35380,6,0.0
98,0.0,0.0,3.099,,,12,65.0879817643858,89.58735634280369,pobre,basal,5,1000.0,811.0,1.0,44.0,17,206,35380,6,0.0
97,1.0,0.0,3.099,0.0,6.0,12,65.0879817643858,89.58735634280369,pobre,basal,5,1000.0,811.0,1.0,44.0,15,206,35381,6,0.0
98,1.0,0.0,3.099,,,12,65.0879817643858,89.58735634280369,pobre,basal,5,1000.0,811.0,1.0,44.0,16,206,35381,6,0.0
97,0.0,0.0,3.099,1.0,5.0,12,65.0879817643858,89.58735634280369,pobre,basal,5,1000.0,811.0,1.0,44.0,10,206,35382,5,1.0
98,0.0,0.0,3.099,1.0,5.0,12,65.0879817643858,89.58735634280369,pobre,basal,5,1000.0,811.0,1.0,44.0,11,206,35382,5,1.0
97,0.0,0.0,3.099,1.0,2.0,12,65.0879817643858,89.58735634280369,pobre,basal,5,1000.0,811.0,1.0,44.0,8,206,35383,2,1.0
98,0.0,0.0,3.099,1.0,3.0,12,65.0879817643858,89.58735634280369,pobre,basal,5,1000.0,811.0,1.0,44.0,9,206,35383,2,1.0
97,1.0,0.0,3.099,1.0,0.0,12,65.0879817643858,89.58735634280369,pobre,basal,5,1000.0,811.0,1.0,44.0,6,206,35384,0,1.0
98,1.0,0.0,3.099,1.0,1.0,12,65.0879817643858,89.58735634280369,pobre,basal,5,1000.0,811.0,1.0,44.0,7,206,35384,0,1.0
97,1.0,0.0,3.099,0.0,6.0,8,65.0879817643858,89.58735634280369,pobre,basal,2,375.0,667.66998,1.0,46.0,14,206,35385,6,0.0
98,1.0,0.0,3.099,0.0,6.0,8,65.0879817643858,89.58735634280369,pobre,basal,2,375.0,667.66998,1.0,46.0,15,206,35385,6,0.0
97,0.0,0.0,3.099,1.0,5.0,8,65.0879817643858,89.58735634280369,pobre,basal,2,375.0,667.66998,1.0,46.0,13,206,35386,5,1.0
98,0.0,0.0,3.099,0.0,6.0,8,65.0879817643858,89.58735634280369,pobre,basal,2,375.0,667.66998,1.0,46.0,14,206,35386,5,1.0
97,1.0,0.0,3.099,1.0,3.0,8,65.0879817643858,89.58735634280369,pobre,basal,2,375.0,667.66998,1.0,46.0,11,206,35387,3,1.0
98,1.0,0.0,3.099,1.0,4.0,8,65.0879817643858,89.58735634280369,pobre,basal,2,375.0,667.66998,1.0,46.0,12,206,35387,3,1.0
97,0.0,0.0,3.099,1.0,3.0,8,65.0879817643858,89.58735634280369,pobre,basal,2,375.0,667.66998,1.0,46.0,9,206,35388,3,1.0
98,0.0,0.0,3.099,1.0,4.0,8,65.0879817643858,89.58735634280369,pobre,basal,2,375.0,667.66998,1.0,46.0,10,206,35388,3,1.0
97,1.0,0.0,3.099,1.0,1.0,8,65.0879817643858,89.58735634280369,pobre,basal,2,375.0,667.66998,1.0,46.0,7,206,35389,1,1.0
98,1.0,0.0,3.099,1.0,2.0,8,65.0879817643858,89.58735634280369,pobre,basal,2,375.0,667.66998,1.0,46.0,8,206,35389,1,1.0
97,1.0,0.0,3.099,0.0,9.0,11,65.0879817643858,89.58735634280369,no pobre,basal,0,500.0,790.0,1.0,53.0,15,206,35390,9,0.0
98,1.0,0.0,3.099,0.0,9.0,11,65.0879817643858,89.58735634280369,no pobre,basal,0,500.0,790.0,1.0,53.0,16,206,35390,9,0.0
97,0.0,0.0,3.099,1.0,8.0,11,65.0879817643858,89.58735634280369,no pobre,basal,0,500.0,790.0,1.0,53.0,14,206,35391,8,1.0
98,0.0,0.0,3.099,0.0,9.0,11,65.0879817643858,89.58735634280369,no pobre,basal,0,500.0,790.0,1.0,53.0,15,206,35391,8,1.0
97,0.0,0.0,3.099,1.0,6.0,11,65.0879817643858,89.58735634280369,no pobre,basal,0,500.0,790.0,1.0,53.0,11,206,35392,6,1.0
98,0.0,0.0,3.099,1.0,7.0,11,65.0879817643858,89.58735634280369,no pobre,basal,0,500.0,790.0,1.0,53.0,12,206,35392,6,1.0
97,1.0,0.0,3.099,1.0,2.0,11,65.0879817643858,89.58735634280369,no pobre,basal,0,500.0,790.0,1.0,53.0,8,206,35393,2,1.0
98,1.0,0.0,3.099,1.0,3.0,11,65.0879817643858,89.58735634280369,no pobre,basal,0,500.0,790.0,1.0,53.0,9,206,35393,2,1.0
97,1.0,0.0,3.099,1.0,2.0,4,65.0879817643858,89.58735634280369,pobre,basal,3,375.0,688.0,1.0,30.0,7,206,35394,2,1.0
98,1.0,0.0,3.099,1.0,2.0,4,65.0879817643858,89.58735634280369,pobre,basal,3,375.0,688.0,1.0,30.0,8,206,35394,2,1.0
97,0.0,0.0,3.099,0.0,6.0,10,65.0879817643858,89.58735634280369,pobre,basal,6,375.0,453.0,1.0,30.0,14,206,35395,6,0.0
98,0.0,0.0,3.099,0.0,6.0,10,65.0879817643858,89.58735634280369,pobre,basal,6,375.0,453.0,1.0,30.0,15,206,35395,6,0.0
97,1.0,0.0,3.099,1.0,5.0,10,65.0879817643858,89.58735634280369,pobre,basal,6,375.0,453.0,1.0,30.0,12,206,35396,5,1.0
98,1.0,0.0,3.099,0.0,6.0,10,65.0879817643858,89.58735634280369,pobre,basal,6,375.0,453.0,1.0,30.0,13,206,35396,5,1.0
97,0.0,0.0,3.099,1.0,3.0,10,65.0879817643858,89.58735634280369,pobre,basal,6,375.0,453.0,1.0,30.0,10,206,35397,3,1.0
98,0.0,0.0,3.099,1.0,4.0,10,65.0879817643858,89.58735634280369,pobre,basal,6,375.0,453.0,1.0,30.0,11,206,35397,3,1.0
97,1.0,0.0,3.099,1.0,2.0,10,65.0879817643858,89.58735634280369,pobre,basal,6,375.0,453.0,1.0,30.0,9,206,35398,2,1.0
98,1.0,0.0,3.099,1.0,3.0,10,65.0879817643858,89.58735634280369,pobre,basal,6,375.0,453.0,1.0,30.0,10,206,35398,2,1.0
97,0.0,0.0,3.099,1.0,1.0,10,65.0879817643858,89.58735634280369,pobre,basal,6,375.0,453.0,1.0,30.0,8,206,35399,1,1.0
98,0.0,0.0,3.099,1.0,2.0,10,65.0879817643858,89.58735634280369,pobre,basal,6,375.0,453.0,1.0,30.0,9,206,35399,1,1.0
97,1.0,0.0,3.099,1.0,3.0,10,65.0879817643858,89.58735634280369,pobre,basal,6,375.0,453.0,1.0,30.0,6,206,35400,3,1.0
98,1.0,0.0,3.099,1.0,1.0,10,65.0879817643858,89.58735634280369,pobre,basal,6,375.0,453.0,1.0,30.0,7,206,35400,3,1.0
97,0.0,0.0,3.099,1.0,1.0,4,65.0879817643858,89.58735634280369,pobre,basal,3,375.0,689.0,1.0,31.0,7,206,35401,1,1.0
98,0.0,0.0,3.099,1.0,2.0,4,65.0879817643858,89.58735634280369,pobre,basal,3,375.0,689.0,1.0,31.0,8,206,35401,1,1.0
97,1.0,0.0,3.099,0.0,6.0,6,65.0879817643858,89.58735634280369,pobre,basal,0,0.0,836.0,1.0,74.0,15,206,35402,6,0.0
98,1.0,0.0,3.099,,,6,65.0879817643858,89.58735634280369,pobre,basal,0,0.0,836.0,1.0,74.0,16,206,35402,6,0.0
97,0.0,1.0,2.8050001,1.0,8.0,6,64.50314872761163,91.00973208184838,pobre,basal,6,0.0,768.0,1.0,36.0,15,207,35403,8,1.0
98,0.0,1.0,2.8050001,0.0,9.0,6,64.50314872761163,91.00973208184838,pobre,basal,6,0.0,768.0,1.0,36.0,16,207,35403,8,1.0
97,1.0,1.0,2.8050001,1.0,7.0,6,64.50314872761163,91.00973208184838,pobre,basal,6,0.0,768.0,1.0,36.0,13,207,35404,7,1.0
98,1.0,1.0,2.8050001,1.0,8.0,6,64.50314872761163,91.00973208184838,pobre,basal,6,0.0,768.0,1.0,36.0,14,207,35404,7,1.0
97,0.0,0.0,2.8050001,1.0,6.0,6,64.50314872761163,91.00973208184838,pobre,basal,6,0.0,768.0,1.0,36.0,11,207,35405,6,1.0
98,0.0,0.0,2.8050001,1.0,7.0,6,64.50314872761163,91.00973208184838,pobre,basal,6,0.0,768.0,1.0,36.0,12,207,35405,6,1.0
97,0.0,0.0,2.8050001,0.0,6.0,12,64.50314872761163,91.00973208184838,pobre,basal,6,0.0,652.0,1.0,39.0,15,207,35406,6,0.0
98,0.0,0.0,2.8050001,,,12,64.50314872761163,91.00973208184838,pobre,basal,6,0.0,652.0,1.0,39.0,16,207,35406,6,0.0
97,1.0,0.0,2.8050001,1.0,7.0,12,64.50314872761163,91.00973208184838,pobre,basal,6,0.0,652.0,1.0,39.0,13,207,35407,7,1.0
98,1.0,0.0,2.8050001,1.0,8.0,12,64.50314872761163,91.00973208184838,pobre,basal,6,0.0,652.0,1.0,39.0,14,207,35407,7,1.0
97,0.0,0.0,2.8050001,1.0,5.0,12,64.50314872761163,91.00973208184838,pobre,basal,6,0.0,652.0,1.0,39.0,11,207,35408,5,1.0
98,0.0,0.0,2.8050001,1.0,5.0,12,64.50314872761163,91.00973208184838,pobre,basal,6,0.0,652.0,1.0,39.0,12,207,35408,5,1.0
97,1.0,0.0,2.8050001,1.0,2.0,12,64.50314872761163,91.00973208184838,pobre,basal,6,0.0,652.0,1.0,39.0,8,207,35409,2,1.0
98,1.0,0.0,2.8050001,1.0,3.0,12,64.50314872761163,91.00973208184838,pobre,basal,6,0.0,652.0,1.0,39.0,9,207,35409,2,1.0
97,1.0,0.0,2.8050001,1.0,1.0,12,64.50314872761163,91.00973208184838,pobre,basal,6,0.0,652.0,1.0,39.0,6,207,35410,1,1.0
98,1.0,0.0,2.8050001,1.0,2.0,12,64.50314872761163,91.00973208184838,pobre,basal,6,0.0,652.0,1.0,39.0,7,207,35410,1,1.0
97,0.0,0.0,2.8050001,1.0,1.0,5,64.50314872761163,91.00973208184838,no pobre,basal,3,0.0,824.66998,1.0,62.0,6,207,35411,1,1.0
98,0.0,0.0,2.8050001,,,5,64.50314872761163,91.00973208184838,no pobre,basal,3,0.0,824.66998,1.0,62.0,7,207,35411,1,1.0
97,1.0,0.0,2.8050001,1.0,1.0,7,64.50314872761163,91.00973208184838,pobre,basal,2,0.0,641.5,0.0,32.0,13,207,35412,1,1.0
98,1.0,0.0,2.8050001,1.0,8.0,7,64.50314872761163,91.00973208184838,pobre,basal,2,0.0,641.5,0.0,32.0,14,207,35412,1,1.0
97,0.0,0.0,2.8050001,1.0,5.0,7,64.50314872761163,91.00973208184838,pobre,basal,2,0.0,641.5,0.0,32.0,12,207,35413,5,1.0
98,0.0,0.0,2.8050001,1.0,6.0,7,64.50314872761163,91.00973208184838,pobre,basal,2,0.0,641.5,0.0,32.0,13,207,35413,5,1.0
97,0.0,0.0,2.8050001,1.0,3.0,7,64.50314872761163,91.00973208184838,pobre,basal,2,0.0,641.5,0.0,32.0,9,207,35414,3,1.0
98,0.0,0.0,2.8050001,0.0,4.0,7,64.50314872761163,91.00973208184838,pobre,basal,2,0.0,641.5,0.0,32.0,10,207,35414,3,1.0
97,0.0,0.0,2.8050001,1.0,1.0,7,64.50314872761163,91.00973208184838,pobre,basal,2,0.0,641.5,0.0,32.0,7,207,35415,1,1.0
98,0.0,0.0,2.8050001,1.0,2.0,7,64.50314872761163,91.00973208184838,pobre,basal,2,0.0,641.5,0.0,32.0,8,207,35415,1,1.0
97,1.0,0.0,2.8050001,1.0,0.0,6,64.50314872761163,91.00973208184838,pobre,basal,0,0.0,757.0,0.0,58.0,6,207,35416,0,1.0
98,1.0,0.0,2.8050001,,,6,64.50314872761163,91.00973208184838,pobre,basal,0,0.0,757.0,0.0,58.0,7,207,35416,0,1.0
97,0.0,0.0,2.8050001,1.0,3.0,6,64.50314872761163,91.00973208184838,pobre,basal,6,375.0,730.0,1.0,32.0,11,207,35417,3,1.0
98,0.0,0.0,2.8050001,,,6,64.50314872761163,91.00973208184838,pobre,basal,6,375.0,730.0,1.0,32.0,12,207,35417,3,1.0
97,0.0,0.0,2.8050001,0.0,3.0,3,64.50314872761163,91.00973208184838,pobre,basal,0,500.0,752.0,1.0,49.0,11,207,35418,3,0.0
98,0.0,0.0,2.8050001,1.0,3.0,3,64.50314872761163,91.00973208184838,pobre,basal,0,500.0,752.0,1.0,49.0,12,207,35418,3,0.0
97,1.0,0.0,2.8050001,1.0,2.0,4,64.50314872761163,91.00973208184838,pobre,basal,2,0.0,636.14001,1.0,66.0,8,207,35419,2,1.0
98,1.0,0.0,2.8050001,1.0,3.0,4,64.50314872761163,91.00973208184838,pobre,basal,2,0.0,636.14001,1.0,66.0,9,207,35419,2,1.0
97,0.0,0.0,2.8050001,1.0,4.0,5,64.50314872761163,91.00973208184838,pobre,basal,6,750.0,633.0,1.0,32.0,9,207,35420,4,1.0
98,0.0,0.0,2.8050001,1.0,5.0,5,64.50314872761163,91.00973208184838,pobre,basal,6,750.0,633.0,1.0,32.0,10,207,35420,4,1.0
97,0.0,0.0,2.8050001,1.0,2.0,5,64.50314872761163,91.00973208184838,pobre,basal,6,750.0,633.0,1.0,32.0,8,207,35421,2,1.0
98,0.0,0.0,2.8050001,1.0,3.0,5,64.50314872761163,91.00973208184838,pobre,basal,6,750.0,633.0,1.0,32.0,9,207,35421,2,1.0
97,0.0,0.0,2.8050001,1.0,5.0,8,64.50314872761163,91.00973208184838,pobre,basal,5,500.0,561.0,1.0,51.0,12,207,35422,5,1.0
98,0.0,0.0,2.8050001,1.0,6.0,8,64.50314872761163,91.00973208184838,pobre,basal,5,500.0,561.0,1.0,51.0,13,207,35422,5,1.0
97,1.0,0.0,2.8050001,1.0,3.0,8,64.50314872761163,91.00973208184838,pobre,basal,5,500.0,561.0,1.0,51.0,10,207,35423,3,1.0
98,1.0,0.0,2.8050001,1.0,4.0,8,64.50314872761163,91.00973208184838,pobre,basal,5,500.0,561.0,1.0,51.0,11,207,35423,3,1.0
97,1.0,0.0,2.8050001,1.0,1.0,8,64.50314872761163,91.00973208184838,pobre,basal,5,500.0,561.0,1.0,51.0,7,207,35424,1,1.0
98,1.0,0.0,2.8050001,1.0,2.0,8,64.50314872761163,91.00973208184838,pobre,basal,5,500.0,561.0,1.0,51.0,8,207,35424,1,1.0
97,1.0,0.0,2.8050001,1.0,7.0,8,64.50314872761163,91.00973208184838,no pobre,basal,6,500.0,775.66998,1.0,32.0,14,207,35425,7,1.0
98,1.0,0.0,2.8050001,1.0,8.0,8,64.50314872761163,91.00973208184838,no pobre,basal,6,500.0,775.66998,1.0,32.0,15,207,35425,7,1.0
97,0.0,0.0,2.8050001,1.0,6.0,8,64.50314872761163,91.00973208184838,no pobre,basal,6,500.0,775.66998,1.0,32.0,11,207,35426,6,1.0
98,0.0,0.0,2.8050001,1.0,7.0,8,64.50314872761163,91.00973208184838,no pobre,basal,6,500.0,775.66998,1.0,32.0,12,207,35426,6,1.0
97,1.0,0.0,2.8050001,1.0,5.0,8,64.50314872761163,91.00973208184838,no pobre,basal,6,500.0,775.66998,1.0,32.0,10,207,35427,5,1.0
98,1.0,0.0,2.8050001,1.0,6.0,8,64.50314872761163,91.00973208184838,no pobre,basal,6,500.0,775.66998,1.0,32.0,11,207,35427,5,1.0
97,1.0,0.0,2.8050001,1.0,8.0,9,64.50314872761163,91.00973208184838,pobre,basal,2,500.0,706.5,1.0,50.0,16,207,35428,8,1.0
98,1.0,0.0,2.8050001,,,9,64.50314872761163,91.00973208184838,pobre,basal,2,500.0,706.5,1.0,50.0,17,207,35428,8,1.0
97,0.0,0.0,2.8050001,1.0,7.0,9,64.50314872761163,91.00973208184838,pobre,basal,2,500.0,706.5,1.0,50.0,15,207,35429,7,1.0
98,0.0,0.0,2.8050001,1.0,9.0,9,64.50314872761163,91.00973208184838,pobre,basal,2,500.0,706.5,1.0,50.0,16,207,35429,7,1.0
97,1.0,0.0,2.8050001,1.0,4.0,9,64.50314872761163,91.00973208184838,pobre,basal,2,500.0,706.5,1.0,50.0,12,207,35430,4,1.0
98,1.0,0.0,2.8050001,1.0,5.0,9,64.50314872761163,91.00973208184838,pobre,basal,2,500.0,706.5,1.0,50.0,13,207,35430,4,1.0
97,0.0,0.0,2.8050001,1.0,5.0,9,64.50314872761163,91.00973208184838,pobre,basal,2,500.0,706.5,1.0,50.0,10,207,35431,5,1.0
98,0.0,0.0,2.8050001,1.0,6.0,9,64.50314872761163,91.00973208184838,pobre,basal,2,500.0,706.5,1.0,50.0,11,207,35431,5,1.0
97,0.0,0.0,2.8050001,1.0,2.0,9,64.50314872761163,91.00973208184838,pobre,basal,2,500.0,706.5,1.0,50.0,8,207,35432,2,1.0
98,0.0,0.0,2.8050001,1.0,3.0,9,64.50314872761163,91.00973208184838,pobre,basal,2,500.0,706.5,1.0,50.0,9,207,35432,2,1.0
97,1.0,0.0,2.8050001,1.0,7.0,4,64.50314872761163,91.00973208184838,pobre,basal,3,500.0,705.0,1.0,59.0,13,207,35433,7,1.0
98,1.0,0.0,2.8050001,1.0,8.0,4,64.50314872761163,91.00973208184838,pobre,basal,3,500.0,705.0,1.0,59.0,14,207,35433,7,1.0
97,0.0,0.0,2.8050001,1.0,6.0,4,64.50314872761163,91.00973208184838,pobre,basal,3,500.0,705.0,1.0,59.0,11,207,35434,6,1.0
98,0.0,0.0,2.8050001,1.0,6.0,4,64.50314872761163,91.00973208184838,pobre,basal,3,500.0,705.0,1.0,59.0,12,207,35434,6,1.0
97,0.0,0.0,2.8050001,1.0,5.0,7,64.50314872761163,91.00973208184838,pobre,basal,2,500.0,469.0,1.0,53.0,14,207,35435,5,1.0
98,0.0,0.0,2.8050001,1.0,6.0,7,64.50314872761163,91.00973208184838,pobre,basal,2,500.0,469.0,1.0,53.0,15,207,35435,5,1.0
97,1.0,0.0,2.8050001,1.0,5.0,7,64.50314872761163,91.00973208184838,pobre,basal,2,500.0,469.0,1.0,53.0,15,207,35436,5,1.0
98,1.0,0.0,2.8050001,1.0,5.0,7,64.50314872761163,91.00973208184838,pobre,basal,2,500.0,469.0,1.0,53.0,16,207,35436,5,1.0
97,0.0,0.0,2.8050001,1.0,3.0,7,64.50314872761163,91.00973208184838,pobre,basal,2,500.0,469.0,1.0,53.0,8,207,35437,3,1.0
98,0.0,0.0,2.8050001,1.0,4.0,7,64.50314872761163,91.00973208184838,pobre,basal,2,500.0,469.0,1.0,53.0,9,207,35437,3,1.0
97,0.0,0.0,2.8050001,1.0,2.0,7,64.50314872761163,91.00973208184838,pobre,basal,2,500.0,469.0,1.0,53.0,7,207,35438,2,1.0
98,0.0,0.0,2.8050001,1.0,2.0,7,64.50314872761163,91.00973208184838,pobre,basal,2,500.0,469.0,1.0,53.0,8,207,35438,2,1.0
97,0.0,0.0,2.8050001,1.0,2.0,7,64.50314872761163,91.00973208184838,pobre,basal,2,500.0,469.0,1.0,53.0,10,207,35439,2,1.0
98,0.0,0.0,2.8050001,1.0,2.0,7,64.50314872761163,91.00973208184838,pobre,basal,2,500.0,469.0,1.0,53.0,11,207,35439,2,1.0
97,1.0,0.0,2.8050001,1.0,7.0,11,64.50314872761163,91.00973208184838,pobre,basal,3,500.0,578.66998,1.0,43.0,15,207,35440,7,1.0
98,1.0,0.0,2.8050001,,,11,64.50314872761163,91.00973208184838,pobre,basal,3,500.0,578.66998,1.0,43.0,16,207,35440,7,1.0
97,1.0,0.0,2.8050001,1.0,7.0,11,64.50314872761163,91.00973208184838,pobre,basal,3,500.0,578.66998,1.0,43.0,14,207,35441,7,1.0
98,1.0,0.0,2.8050001,1.0,8.0,11,64.50314872761163,91.00973208184838,pobre,basal,3,500.0,578.66998,1.0,43.0,15,207,35441,7,1.0
97,0.0,0.0,2.8050001,1.0,5.0,11,64.50314872761163,91.00973208184838,pobre,basal,3,500.0,578.66998,1.0,43.0,12,207,35442,5,1.0
98,0.0,0.0,2.8050001,1.0,6.0,11,64.50314872761163,91.00973208184838,pobre,basal,3,500.0,578.66998,1.0,43.0,13,207,35442,5,1.0
97,0.0,0.0,2.8050001,1.0,3.0,11,64.50314872761163,91.00973208184838,pobre,basal,3,500.0,578.66998,1.0,43.0,10,207,35443,3,1.0
98,0.0,0.0,2.8050001,1.0,4.0,11,64.50314872761163,91.00973208184838,pobre,basal,3,500.0,578.66998,1.0,43.0,11,207,35443,3,1.0
97,1.0,0.0,2.8050001,1.0,2.0,11,64.50314872761163,91.00973208184838,pobre,basal,3,500.0,578.66998,1.0,43.0,8,207,35444,2,1.0
98,1.0,0.0,2.8050001,1.0,3.0,11,64.50314872761163,91.00973208184838,pobre,basal,3,500.0,578.66998,1.0,43.0,9,207,35444,2,1.0
97,1.0,0.0,2.8050001,1.0,1.0,11,64.50314872761163,91.00973208184838,pobre,basal,3,500.0,578.66998,1.0,43.0,6,207,35445,1,1.0
98,1.0,0.0,2.8050001,1.0,1.0,11,64.50314872761163,91.00973208184838,pobre,basal,3,500.0,578.66998,1.0,43.0,7,207,35445,1,1.0
97,1.0,0.0,2.8050001,0.0,6.0,7,64.50314872761163,91.00973208184838,pobre,basal,3,500.0,677.5,1.0,52.0,14,207,35446,6,0.0
98,1.0,0.0,2.8050001,0.0,6.0,7,64.50314872761163,91.00973208184838,pobre,basal,3,500.0,677.5,1.0,52.0,15,207,35446,6,0.0
97,0.0,0.0,2.8050001,0.0,6.0,7,64.50314872761163,91.00973208184838,pobre,basal,3,500.0,677.5,1.0,52.0,12,207,35447,6,0.0
98,0.0,0.0,2.8050001,0.0,6.0,7,64.50314872761163,91.00973208184838,pobre,basal,3,500.0,677.5,1.0,52.0,13,207,35447,6,0.0
97,0.0,0.0,2.8050001,1.0,4.0,7,64.50314872761163,91.00973208184838,pobre,basal,3,500.0,677.5,1.0,52.0,9,207,35448,4,1.0
98,0.0,0.0,2.8050001,1.0,5.0,7,64.50314872761163,91.00973208184838,pobre,basal,3,500.0,677.5,1.0,52.0,10,207,35448,4,1.0
97,1.0,0.0,2.8050001,1.0,1.0,7,64.50314872761163,91.00973208184838,pobre,basal,3,500.0,677.5,1.0,52.0,7,207,35449,1,1.0
98,1.0,0.0,2.8050001,1.0,2.0,7,64.50314872761163,91.00973208184838,pobre,basal,3,500.0,677.5,1.0,52.0,8,207,35449,1,1.0
97,1.0,0.0,2.8050001,1.0,6.0,9,64.50314872761163,91.00973208184838,pobre,basal,4,0.0,642.5,1.0,61.0,14,207,35450,6,1.0
98,1.0,0.0,2.8050001,1.0,7.0,9,64.50314872761163,91.00973208184838,pobre,basal,4,0.0,642.5,1.0,61.0,15,207,35450,6,1.0
97,0.0,0.0,2.8050001,1.0,6.0,9,64.50314872761163,91.00973208184838,pobre,basal,4,0.0,642.5,1.0,61.0,12,207,35451,6,1.0
98,0.0,0.0,2.8050001,1.0,7.0,9,64.50314872761163,91.00973208184838,pobre,basal,4,0.0,642.5,1.0,61.0,13,207,35451,6,1.0
97,1.0,0.0,2.8050001,1.0,3.0,9,64.50314872761163,91.00973208184838,pobre,basal,4,0.0,642.5,1.0,61.0,9,207,35452,3,1.0
98,1.0,0.0,2.8050001,1.0,4.0,9,64.50314872761163,91.00973208184838,pobre,basal,4,0.0,642.5,1.0,61.0,10,207,35452,3,1.0
97,1.0,0.0,2.8050001,1.0,3.0,9,64.50314872761163,91.00973208184838,pobre,basal,4,0.0,642.5,1.0,61.0,7,207,35453,3,1.0
98,1.0,0.0,2.8050001,1.0,1.0,9,64.50314872761163,91.00973208184838,pobre,basal,4,0.0,642.5,1.0,61.0,8,207,35453,3,1.0
97,1.0,0.0,2.8050001,1.0,7.0,9,64.50314872761163,91.00973208184838,pobre,basal,4,0.0,697.5,1.0,56.0,14,207,35454,7,1.0
98,1.0,0.0,2.8050001,,,9,64.50314872761163,91.00973208184838,pobre,basal,4,0.0,697.5,1.0,56.0,15,207,35454,7,1.0
97,1.0,0.0,2.8050001,1.0,5.0,9,64.50314872761163,91.00973208184838,pobre,basal,4,0.0,697.5,1.0,56.0,12,207,35455,5,1.0
98,1.0,0.0,2.8050001,,,9,64.50314872761163,91.00973208184838,pobre,basal,4,0.0,697.5,1.0,56.0,13,207,35455,5,1.0
97,1.0,0.0,2.8050001,1.0,2.0,9,64.50314872761163,91.00973208184838,pobre,basal,4,0.0,697.5,1.0,56.0,9,207,35456,2,1.0
98,1.0,0.0,2.8050001,,,9,64.50314872761163,91.00973208184838,pobre,basal,4,0.0,697.5,1.0,56.0,10,207,35456,2,1.0
97,0.0,0.0,2.8050001,1.0,4.0,8,64.50314872761163,91.00973208184838,pobre,basal,6,0.0,638.0,1.0,35.0,11,207,35457,4,1.0
98,0.0,0.0,2.8050001,1.0,5.0,8,64.50314872761163,91.00973208184838,pobre,basal,6,0.0,638.0,1.0,35.0,12,207,35457,4,1.0
97,0.0,0.0,2.8050001,1.0,3.0,8,64.50314872761163,91.00973208184838,pobre,basal,6,0.0,638.0,1.0,35.0,9,207,35458,3,1.0
98,0.0,0.0,2.8050001,,,8,64.50314872761163,91.00973208184838,pobre,basal,6,0.0,638.0,1.0,35.0,10,207,35458,3,1.0
97,1.0,0.0,2.8050001,1.0,1.0,8,64.50314872761163,91.00973208184838,pobre,basal,6,0.0,638.0,1.0,35.0,7,207,35459,1,1.0
98,1.0,0.0,2.8050001,1.0,2.0,8,64.50314872761163,91.00973208184838,pobre,basal,6,0.0,638.0,1.0,35.0,8,207,35459,1,1.0
97,1.0,0.0,2.8050001,0.0,9.0,5,64.50314872761163,91.00973208184838,no pobre,basal,6,375.0,799.5,1.0,35.0,15,207,35460,9,0.0
98,1.0,0.0,2.8050001,0.0,9.0,5,64.50314872761163,91.00973208184838,no pobre,basal,6,375.0,799.5,1.0,35.0,16,207,35460,9,0.0
97,1.0,0.0,2.8050001,1.0,6.0,5,64.50314872761163,91.00973208184838,no pobre,basal,6,375.0,799.5,1.0,35.0,12,207,35461,6,1.0
98,1.0,0.0,2.8050001,1.0,7.0,5,64.50314872761163,91.00973208184838,no pobre,basal,6,375.0,799.5,1.0,35.0,13,207,35461,6,1.0
97,1.0,0.0,2.8050001,1.0,0.0,5,64.50314872761163,91.00973208184838,no pobre,basal,6,375.0,799.5,1.0,35.0,7,207,35462,0,1.0
98,1.0,0.0,2.8050001,1.0,1.0,5,64.50314872761163,91.00973208184838,no pobre,basal,6,375.0,799.5,1.0,35.0,8,207,35462,0,1.0
97,1.0,0.0,2.8050001,0.0,8.0,6,64.50314872761163,91.00973208184838,pobre,basal,4,0.0,754.0,1.0,52.0,16,207,35463,8,0.0
98,1.0,0.0,2.8050001,,,6,64.50314872761163,91.00973208184838,pobre,basal,4,0.0,754.0,1.0,52.0,17,207,35463,8,0.0
97,0.0,0.0,2.8050001,1.0,7.0,6,64.50314872761163,91.00973208184838,pobre,basal,4,0.0,754.0,1.0,52.0,14,207,35464,7,1.0
98,0.0,0.0,2.8050001,1.0,8.0,6,64.50314872761163,91.00973208184838,pobre,basal,4,0.0,754.0,1.0,52.0,15,207,35464,7,1.0
97,0.0,0.0,2.8050001,1.0,4.0,6,64.50314872761163,91.00973208184838,pobre,basal,4,0.0,754.0,1.0,52.0,10,207,35465,4,1.0
98,0.0,0.0,2.8050001,1.0,5.0,6,64.50314872761163,91.00973208184838,pobre,basal,4,0.0,754.0,1.0,52.0,11,207,35465,4,1.0
97,0.0,0.0,2.8050001,1.0,0.0,6,64.50314872761163,91.00973208184838,pobre,basal,4,0.0,754.0,1.0,52.0,6,207,35466,0,1.0
98,0.0,0.0,2.8050001,1.0,1.0,6,64.50314872761163,91.00973208184838,pobre,basal,4,0.0,754.0,1.0,52.0,7,207,35466,0,1.0
97,1.0,0.0,2.8050001,1.0,6.0,2,64.50314872761163,91.00973208184838,no pobre,basal,2,375.0,880.0,0.0,52.0,13,207,35467,6,1.0
98,1.0,0.0,2.8050001,0.0,6.0,2,64.50314872761163,91.00973208184838,no pobre,basal,2,375.0,880.0,0.0,52.0,14,207,35467,6,1.0
97,0.0,0.0,2.8050001,1.0,6.0,10,64.50314872761163,91.00973208184838,pobre,basal,3,0.0,591.33002,1.0,48.0,13,207,35468,6,1.0
98,0.0,0.0,2.8050001,1.0,7.0,10,64.50314872761163,91.00973208184838,pobre,basal,3,0.0,591.33002,1.0,48.0,14,207,35468,6,1.0
97,1.0,0.0,2.8050001,1.0,6.0,10,64.50314872761163,91.00973208184838,pobre,basal,3,0.0,591.33002,1.0,48.0,12,207,35469,6,1.0
98,1.0,0.0,2.8050001,1.0,7.0,10,64.50314872761163,91.00973208184838,pobre,basal,3,0.0,591.33002,1.0,48.0,13,207,35469,6,1.0
97,0.0,0.0,2.8050001,1.0,4.0,10,64.50314872761163,91.00973208184838,pobre,basal,3,0.0,591.33002,1.0,48.0,10,207,35470,4,1.0
98,0.0,0.0,2.8050001,1.0,5.0,10,64.50314872761163,91.00973208184838,pobre,basal,3,0.0,591.33002,1.0,48.0,11,207,35470,4,1.0
97,0.0,0.0,2.8050001,1.0,2.0,10,64.50314872761163,91.00973208184838,pobre,basal,3,0.0,591.33002,1.0,48.0,8,207,35471,2,1.0
98,0.0,0.0,2.8050001,1.0,3.0,10,64.50314872761163,91.00973208184838,pobre,basal,3,0.0,591.33002,1.0,48.0,9,207,35471,2,1.0
97,0.0,0.0,2.8050001,1.0,1.0,10,64.50314872761163,91.00973208184838,pobre,basal,3,0.0,591.33002,1.0,48.0,7,207,35472,1,1.0
98,0.0,0.0,2.8050001,,,10,64.50314872761163,91.00973208184838,pobre,basal,3,0.0,591.33002,1.0,48.0,8,207,35472,1,1.0
97,0.0,0.0,2.8050001,1.0,3.0,7,64.50314872761163,91.00973208184838,pobre,basal,6,375.0,744.5,1.0,33.0,9,207,35473,3,1.0
98,0.0,0.0,2.8050001,1.0,4.0,7,64.50314872761163,91.00973208184838,pobre,basal,6,375.0,744.5,1.0,33.0,10,207,35473,3,1.0
97,1.0,0.0,2.8050001,1.0,2.0,7,64.50314872761163,91.00973208184838,pobre,basal,6,375.0,744.5,1.0,33.0,7,207,35474,2,1.0
98,1.0,0.0,2.8050001,1.0,3.0,7,64.50314872761163,91.00973208184838,pobre,basal,6,375.0,744.5,1.0,33.0,8,207,35474,2,1.0
97,1.0,0.0,2.8050001,1.0,0.0,7,64.50314872761163,91.00973208184838,pobre,basal,6,375.0,744.5,1.0,33.0,6,207,35475,0,1.0
98,1.0,0.0,2.8050001,1.0,1.0,7,64.50314872761163,91.00973208184838,pobre,basal,6,375.0,744.5,1.0,33.0,7,207,35475,0,1.0
97,1.0,0.0,2.8050001,0.0,6.0,7,64.50314872761163,91.00973208184838,pobre,basal,1,0.0,770.75,1.0,43.0,16,207,35476,6,0.0
98,1.0,0.0,2.8050001,,,7,64.50314872761163,91.00973208184838,pobre,basal,1,0.0,770.75,1.0,43.0,17,207,35476,6,0.0
97,0.0,0.0,2.8050001,1.0,6.0,7,64.50314872761163,91.00973208184838,pobre,basal,1,0.0,770.75,1.0,43.0,12,207,35477,6,1.0
98,0.0,0.0,2.8050001,,,7,64.50314872761163,91.00973208184838,pobre,basal,1,0.0,770.75,1.0,43.0,13,207,35477,6,1.0
97,0.0,0.0,2.8050001,1.0,4.0,7,64.50314872761163,91.00973208184838,pobre,basal,1,0.0,770.75,1.0,43.0,10,207,35478,4,1.0
98,0.0,0.0,2.8050001,,,7,64.50314872761163,91.00973208184838,pobre,basal,1,0.0,770.75,1.0,43.0,11,207,35478,4,1.0
97,1.0,0.0,2.8050001,1.0,3.0,7,64.50314872761163,91.00973208184838,pobre,basal,1,0.0,770.75,1.0,43.0,6,207,35479,3,1.0
98,1.0,0.0,2.8050001,,,7,64.50314872761163,91.00973208184838,pobre,basal,1,0.0,770.75,1.0,43.0,7,207,35479,3,1.0
97,0.0,0.0,2.8050001,1.0,8.0,7,64.50314872761163,91.00973208184838,pobre,basal,6,0.0,572.0,1.0,32.0,14,207,35480,8,1.0
98,0.0,0.0,2.8050001,0.0,9.0,7,64.50314872761163,91.00973208184838,pobre,basal,6,0.0,572.0,1.0,32.0,15,207,35480,8,1.0
97,1.0,0.0,2.8050001,1.0,3.0,7,64.50314872761163,91.00973208184838,pobre,basal,6,0.0,572.0,1.0,32.0,8,207,35481,3,1.0
98,1.0,0.0,2.8050001,1.0,4.0,7,64.50314872761163,91.00973208184838,pobre,basal,6,0.0,572.0,1.0,32.0,9,207,35481,3,1.0
97,1.0,0.0,2.8050001,1.0,3.0,7,64.50314872761163,91.00973208184838,pobre,basal,6,0.0,572.0,1.0,32.0,6,207,35482,3,1.0
98,1.0,0.0,2.8050001,1.0,4.0,7,64.50314872761163,91.00973208184838,pobre,basal,6,0.0,572.0,1.0,32.0,7,207,35482,3,1.0
97,0.0,0.0,2.8050001,1.0,8.0,5,64.50314872761163,91.00973208184838,pobre,basal,3,0.0,630.41998,0.0,38.0,14,207,35483,8,1.0
98,0.0,0.0,2.8050001,0.0,9.0,5,64.50314872761163,91.00973208184838,pobre,basal,3,0.0,630.41998,0.0,38.0,15,207,35483,8,1.0
97,1.0,0.0,2.8050001,1.0,4.0,5,64.50314872761163,91.00973208184838,pobre,basal,3,0.0,630.41998,0.0,38.0,11,207,35484,4,1.0
98,1.0,0.0,2.8050001,1.0,5.0,5,64.50314872761163,91.00973208184838,pobre,basal,3,0.0,630.41998,0.0,38.0,12,207,35484,4,1.0
97,1.0,0.0,2.8050001,1.0,2.0,5,64.50314872761163,91.00973208184838,pobre,basal,3,0.0,630.41998,0.0,38.0,8,207,35485,2,1.0
98,1.0,0.0,2.8050001,1.0,3.0,5,64.50314872761163,91.00973208184838,pobre,basal,3,0.0,630.41998,0.0,38.0,9,207,35485,2,1.0
97,1.0,0.0,2.8050001,1.0,8.0,5,64.50314872761163,91.00973208184838,no pobre,basal,6,0.0,924.25,1.0,61.0,15,207,35486,8,1.0
98,1.0,0.0,2.8050001,0.0,9.0,5,64.50314872761163,91.00973208184838,no pobre,basal,6,0.0,924.25,1.0,61.0,16,207,35486,8,1.0
97,0.0,0.0,2.8050001,1.0,6.0,6,64.50314872761163,91.00973208184838,pobre,basal,2,0.0,629.0,1.0,50.0,12,207,35487,6,1.0
98,0.0,0.0,2.8050001,1.0,7.0,6,64.50314872761163,91.00973208184838,pobre,basal,2,0.0,629.0,1.0,50.0,13,207,35487,6,1.0
97,0.0,0.0,2.8050001,1.0,3.0,6,64.50314872761163,91.00973208184838,pobre,basal,2,0.0,629.0,1.0,50.0,9,207,35488,3,1.0
98,0.0,0.0,2.8050001,1.0,4.0,6,64.50314872761163,91.00973208184838,pobre,basal,2,0.0,629.0,1.0,50.0,10,207,35488,3,1.0
97,0.0,0.0,2.8050001,1.0,0.0,6,64.50314872761163,91.00973208184838,pobre,basal,2,0.0,629.0,1.0,50.0,6,207,35489,0,1.0
98,0.0,0.0,2.8050001,1.0,1.0,6,64.50314872761163,91.00973208184838,pobre,basal,2,0.0,629.0,1.0,50.0,7,207,35489,0,1.0
97,1.0,0.0,3.539,1.0,5.0,10,77.08266548650082,99.93457289833653,pobre,basal,0,0.0,779.25,1.0,70.0,15,249,35490,5,1.0
98,1.0,0.0,3.539,0.0,6.0,10,77.08266548650082,99.93457289833653,pobre,basal,0,0.0,779.25,1.0,70.0,16,249,35490,5,1.0
97,1.0,0.0,3.539,1.0,5.0,10,77.08266548650082,99.93457289833653,pobre,basal,0,0.0,779.25,1.0,70.0,12,249,35491,5,1.0
98,1.0,0.0,3.539,0.0,6.0,10,77.08266548650082,99.93457289833653,pobre,basal,0,0.0,779.25,1.0,70.0,13,249,35491,5,1.0
97,1.0,0.0,3.539,1.0,4.0,5,77.08266548650082,99.93457289833653,pobre,basal,2,375.0,589.66998,1.0,31.0,11,249,35492,4,1.0
98,1.0,0.0,3.539,1.0,5.0,5,77.08266548650082,99.93457289833653,pobre,basal,2,375.0,589.66998,1.0,31.0,12,249,35492,4,1.0
97,0.0,0.0,3.539,1.0,3.0,5,77.08266548650082,99.93457289833653,pobre,basal,2,375.0,589.66998,1.0,31.0,9,249,35493,3,1.0
98,0.0,0.0,3.539,1.0,4.0,5,77.08266548650082,99.93457289833653,pobre,basal,2,375.0,589.66998,1.0,31.0,10,249,35493,3,1.0
97,0.0,0.0,3.539,1.0,1.0,5,77.08266548650082,99.93457289833653,pobre,basal,2,375.0,589.66998,1.0,31.0,7,249,35494,1,1.0
98,0.0,0.0,3.539,1.0,1.0,5,77.08266548650082,99.93457289833653,pobre,basal,2,375.0,589.66998,1.0,31.0,8,249,35494,1,1.0
97,0.0,0.0,3.539,0.0,6.0,9,77.08266548650082,99.93457289833653,pobre,basal,4,375.0,487.0,1.0,51.0,14,249,35495,6,0.0
98,0.0,0.0,3.539,0.0,6.0,9,77.08266548650082,99.93457289833653,pobre,basal,4,375.0,487.0,1.0,51.0,15,249,35495,6,0.0
97,0.0,0.0,3.539,1.0,4.0,9,77.08266548650082,99.93457289833653,pobre,basal,4,375.0,487.0,1.0,51.0,13,249,35496,4,1.0
98,0.0,0.0,3.539,1.0,5.0,9,77.08266548650082,99.93457289833653,pobre,basal,4,375.0,487.0,1.0,51.0,14,249,35496,4,1.0
97,0.0,0.0,3.539,1.0,4.0,9,77.08266548650082,99.93457289833653,pobre,basal,4,375.0,487.0,1.0,51.0,12,249,35497,4,1.0
98,0.0,0.0,3.539,1.0,5.0,9,77.08266548650082,99.93457289833653,pobre,basal,4,375.0,487.0,1.0,51.0,13,249,35497,4,1.0
97,0.0,0.0,3.539,1.0,3.0,9,77.08266548650082,99.93457289833653,pobre,basal,4,375.0,487.0,1.0,51.0,10,249,35498,3,1.0
98,0.0,0.0,3.539,1.0,4.0,9,77.08266548650082,99.93457289833653,pobre,basal,4,375.0,487.0,1.0,51.0,11,249,35498,3,1.0
97,0.0,0.0,3.539,1.0,1.0,9,77.08266548650082,99.93457289833653,pobre,basal,4,375.0,487.0,1.0,51.0,7,249,35499,1,1.0
98,0.0,0.0,3.539,1.0,2.0,9,77.08266548650082,99.93457289833653,pobre,basal,4,375.0,487.0,1.0,51.0,8,249,35499,1,1.0
97,0.0,0.0,3.539,0.0,6.0,5,77.08266548650082,99.93457289833653,pobre,basal,5,0.0,560.0,1.0,39.0,15,249,35500,6,0.0
98,0.0,0.0,3.539,0.0,6.0,5,77.08266548650082,99.93457289833653,pobre,basal,5,0.0,560.0,1.0,39.0,16,249,35500,6,0.0
97,0.0,0.0,3.539,0.0,6.0,5,77.08266548650082,99.93457289833653,pobre,basal,5,0.0,560.0,1.0,39.0,12,249,35501,6,0.0
98,0.0,0.0,3.539,0.0,6.0,5,77.08266548650082,99.93457289833653,pobre,basal,5,0.0,560.0,1.0,39.0,13,249,35501,6,0.0
97,0.0,0.0,3.539,1.0,3.0,5,77.08266548650082,99.93457289833653,pobre,basal,5,0.0,560.0,1.0,39.0,9,249,35502,3,1.0
98,0.0,0.0,3.539,,,5,77.08266548650082,99.93457289833653,pobre,basal,5,0.0,560.0,1.0,39.0,10,249,35502,3,1.0
97,0.0,0.0,3.539,0.0,3.0,6,77.08266548650082,99.93457289833653,pobre,basal,4,375.0,684.0,1.0,55.0,15,249,35503,3,0.0
98,0.0,0.0,3.539,1.0,3.0,6,77.08266548650082,99.93457289833653,pobre,basal,4,375.0,684.0,1.0,55.0,16,249,35503,3,0.0
97,1.0,0.0,3.539,1.0,6.0,6,77.08266548650082,99.93457289833653,pobre,basal,4,375.0,684.0,1.0,55.0,13,249,35504,6,1.0
98,1.0,0.0,3.539,0.0,8.0,6,77.08266548650082,99.93457289833653,pobre,basal,4,375.0,684.0,1.0,55.0,14,249,35504,6,1.0
97,0.0,0.0,3.539,1.0,1.0,6,77.08266548650082,99.93457289833653,pobre,basal,4,375.0,684.0,1.0,55.0,6,249,35505,1,1.0
98,0.0,0.0,3.539,,,6,77.08266548650082,99.93457289833653,pobre,basal,4,375.0,684.0,1.0,55.0,7,249,35505,1,1.0
97,1.0,0.0,3.539,0.0,6.0,8,77.08266548650082,99.93457289833653,pobre,basal,2,0.0,571.0,1.0,46.0,16,249,35506,6,0.0
98,1.0,0.0,3.539,,,8,77.08266548650082,99.93457289833653,pobre,basal,2,0.0,571.0,1.0,46.0,17,249,35506,6,0.0
97,1.0,0.0,3.539,0.0,6.0,8,77.08266548650082,99.93457289833653,pobre,basal,2,0.0,571.0,1.0,46.0,14,249,35507,6,0.0
98,1.0,0.0,3.539,,,8,77.08266548650082,99.93457289833653,pobre,basal,2,0.0,571.0,1.0,46.0,15,249,35507,6,0.0
97,1.0,0.0,3.539,1.0,4.0,8,77.08266548650082,99.93457289833653,pobre,basal,2,0.0,571.0,1.0,46.0,11,249,35508,4,1.0
98,1.0,0.0,3.539,1.0,5.0,8,77.08266548650082,99.93457289833653,pobre,basal,2,0.0,571.0,1.0,46.0,12,249,35508,4,1.0
97,1.0,0.0,3.539,1.0,1.0,8,77.08266548650082,99.93457289833653,pobre,basal,2,0.0,571.0,1.0,46.0,7,249,35509,1,1.0
98,1.0,0.0,3.539,1.0,2.0,8,77.08266548650082,99.93457289833653,pobre,basal,2,0.0,571.0,1.0,46.0,8,249,35509,1,1.0
97,0.0,0.0,3.539,0.0,2.0,9,77.08266548650082,99.93457289833653,pobre,basal,1,0.0,461.0,1.0,45.0,13,249,35510,2,0.0
98,0.0,0.0,3.539,0.0,2.0,9,77.08266548650082,99.93457289833653,pobre,basal,1,0.0,461.0,1.0,45.0,14,249,35510,2,0.0
97,1.0,0.0,3.539,1.0,3.0,9,77.08266548650082,99.93457289833653,pobre,basal,1,0.0,461.0,1.0,45.0,11,249,35511,3,1.0
98,1.0,0.0,3.539,1.0,4.0,9,77.08266548650082,99.93457289833653,pobre,basal,1,0.0,461.0,1.0,45.0,12,249,35511,3,1.0
97,0.0,0.0,3.539,1.0,2.0,9,77.08266548650082,99.93457289833653,pobre,basal,1,0.0,461.0,1.0,45.0,8,249,35512,2,1.0
98,0.0,0.0,3.539,1.0,2.0,9,77.08266548650082,99.93457289833653,pobre,basal,1,0.0,461.0,1.0,45.0,9,249,35512,2,1.0
97,0.0,0.0,3.539,0.0,6.0,9,77.08266548650082,99.93457289833653,pobre,basal,2,250.0,439.5,1.0,37.0,15,249,35513,6,0.0
98,0.0,0.0,3.539,,,9,77.08266548650082,99.93457289833653,pobre,basal,2,250.0,439.5,1.0,37.0,16,249,35513,6,0.0
97,0.0,0.0,3.539,0.0,6.0,9,77.08266548650082,99.93457289833653,pobre,basal,2,250.0,439.5,1.0,37.0,14,249,35514,6,0.0
98,0.0,0.0,3.539,0.0,6.0,9,77.08266548650082,99.93457289833653,pobre,basal,2,250.0,439.5,1.0,37.0,15,249,35514,6,0.0
97,0.0,0.0,3.539,1.0,5.0,9,77.08266548650082,99.93457289833653,pobre,basal,2,250.0,439.5,1.0,37.0,12,249,35515,5,1.0
98,0.0,0.0,3.539,0.0,6.0,9,77.08266548650082,99.93457289833653,pobre,basal,2,250.0,439.5,1.0,37.0,13,249,35515,5,1.0
97,0.0,0.0,3.539,1.0,3.0,9,77.08266548650082,99.93457289833653,pobre,basal,2,250.0,439.5,1.0,37.0,10,249,35516,3,1.0
98,0.0,0.0,3.539,1.0,4.0,9,77.08266548650082,99.93457289833653,pobre,basal,2,250.0,439.5,1.0,37.0,11,249,35516,3,1.0
97,0.0,0.0,3.539,1.0,1.0,9,77.08266548650082,99.93457289833653,pobre,basal,2,250.0,439.5,1.0,37.0,7,249,35517,1,1.0
98,0.0,0.0,3.539,1.0,2.0,9,77.08266548650082,99.93457289833653,pobre,basal,2,250.0,439.5,1.0,37.0,8,249,35517,1,1.0
97,0.0,0.0,3.539,0.0,6.0,4,77.08266548650082,99.93457289833653,pobre,basal,0,0.0,577.0,0.0,57.0,16,249,35518,6,0.0
98,0.0,0.0,3.539,,,4,77.08266548650082,99.93457289833653,pobre,basal,0,0.0,577.0,0.0,57.0,17,249,35518,6,0.0
97,0.0,0.0,3.539,1.0,0.0,4,77.08266548650082,99.93457289833653,pobre,basal,0,0.0,577.0,0.0,57.0,6,249,35519,0,1.0
98,0.0,0.0,3.539,1.0,1.0,4,77.08266548650082,99.93457289833653,pobre,basal,0,0.0,577.0,0.0,57.0,7,249,35519,0,1.0
97,1.0,0.0,3.539,,6.0,9,77.08266548650082,99.93457289833653,pobre,basal,3,750.0,608.0,1.0,43.0,16,249,35520,6,
98,1.0,0.0,3.539,,,9,77.08266548650082,99.93457289833653,pobre,basal,3,750.0,608.0,1.0,43.0,17,249,35520,6,
97,0.0,0.0,3.539,0.0,6.0,9,77.08266548650082,99.93457289833653,pobre,basal,3,750.0,608.0,1.0,43.0,14,249,35521,6,0.0
98,0.0,0.0,3.539,1.0,6.0,9,77.08266548650082,99.93457289833653,pobre,basal,3,750.0,608.0,1.0,43.0,15,249,35521,6,0.0
97,1.0,0.0,3.539,1.0,4.0,9,77.08266548650082,99.93457289833653,pobre,basal,3,750.0,608.0,1.0,43.0,12,249,35522,4,1.0
98,1.0,0.0,3.539,1.0,5.0,9,77.08266548650082,99.93457289833653,pobre,basal,3,750.0,608.0,1.0,43.0,13,249,35522,4,1.0
97,1.0,0.0,3.539,1.0,2.0,9,77.08266548650082,99.93457289833653,pobre,basal,3,750.0,608.0,1.0,43.0,8,249,35523,2,1.0
98,1.0,0.0,3.539,1.0,3.0,9,77.08266548650082,99.93457289833653,pobre,basal,3,750.0,608.0,1.0,43.0,9,249,35523,2,1.0
97,0.0,0.0,3.539,1.0,2.0,5,77.08266548650082,99.93457289833653,pobre,basal,2,0.0,569.25,0.0,75.0,13,249,35524,2,1.0
98,0.0,0.0,3.539,1.0,3.0,5,77.08266548650082,99.93457289833653,pobre,basal,2,0.0,569.25,0.0,75.0,14,249,35524,2,1.0
97,1.0,0.0,3.539,1.0,5.0,5,77.08266548650082,99.93457289833653,pobre,basal,2,0.0,569.25,0.0,75.0,11,249,35525,5,1.0
98,1.0,0.0,3.539,1.0,6.0,5,77.08266548650082,99.93457289833653,pobre,basal,2,0.0,569.25,0.0,75.0,12,249,35525,5,1.0
97,1.0,0.0,3.539,,4.0,5,77.08266548650082,99.93457289833653,pobre,basal,2,0.0,569.25,0.0,75.0,10,249,35526,4,
98,1.0,0.0,3.539,1.0,5.0,5,77.08266548650082,99.93457289833653,pobre,basal,2,0.0,569.25,0.0,75.0,11,249,35526,4,
97,0.0,0.0,3.539,1.0,5.0,4,77.08266548650082,99.93457289833653,no pobre,basal,3,200.0,835.0,1.0,32.0,11,249,35527,5,1.0
98,0.0,0.0,3.539,1.0,6.0,4,77.08266548650082,99.93457289833653,no pobre,basal,3,200.0,835.0,1.0,32.0,12,249,35527,5,1.0
97,1.0,0.0,3.539,1.0,0.0,4,77.08266548650082,99.93457289833653,pobre,basal,3,1600.0,568.0,1.0,28.0,6,249,35528,0,1.0
98,1.0,0.0,3.539,1.0,1.0,4,77.08266548650082,99.93457289833653,pobre,basal,3,1600.0,568.0,1.0,28.0,7,249,35528,0,1.0
97,0.0,0.0,3.539,0.0,6.0,7,77.08266548650082,99.93457289833653,pobre,basal,0,250.0,587.0,1.0,37.0,16,249,35529,6,0.0
98,0.0,0.0,3.539,,,7,77.08266548650082,99.93457289833653,pobre,basal,0,250.0,587.0,1.0,37.0,17,249,35529,6,0.0
97,0.0,0.0,3.539,0.0,4.0,7,77.08266548650082,99.93457289833653,pobre,basal,0,250.0,587.0,1.0,37.0,14,249,35530,4,0.0
98,0.0,0.0,3.539,,,7,77.08266548650082,99.93457289833653,pobre,basal,0,250.0,587.0,1.0,37.0,15,249,35530,4,0.0
97,0.0,0.0,3.539,1.0,4.0,7,77.08266548650082,99.93457289833653,pobre,basal,0,250.0,587.0,1.0,37.0,12,249,35531,4,1.0
98,0.0,0.0,3.539,,,7,77.08266548650082,99.93457289833653,pobre,basal,0,250.0,587.0,1.0,37.0,13,249,35531,4,1.0
97,0.0,0.0,3.539,1.0,0.0,7,77.08266548650082,99.93457289833653,pobre,basal,0,250.0,587.0,1.0,37.0,6,249,35532,0,1.0
98,0.0,0.0,3.539,,,7,77.08266548650082,99.93457289833653,pobre,basal,0,250.0,587.0,1.0,37.0,7,249,35532,0,1.0
97,0.0,0.0,3.539,0.0,6.0,9,77.08266548650082,99.93457289833653,pobre,basal,3,0.0,561.0,1.0,48.0,13,249,35533,6,0.0
98,0.0,0.0,3.539,1.0,6.0,9,77.08266548650082,99.93457289833653,pobre,basal,3,0.0,561.0,1.0,48.0,14,249,35533,6,0.0
97,0.0,0.0,3.539,1.0,3.0,9,77.08266548650082,99.93457289833653,pobre,basal,3,0.0,561.0,1.0,48.0,10,249,35534,3,1.0
98,0.0,0.0,3.539,1.0,4.0,9,77.08266548650082,99.93457289833653,pobre,basal,3,0.0,561.0,1.0,48.0,11,249,35534,3,1.0
97,1.0,0.0,3.539,1.0,2.0,9,77.08266548650082,99.93457289833653,pobre,basal,3,0.0,561.0,1.0,48.0,8,249,35535,2,1.0
98,1.0,0.0,3.539,1.0,3.0,9,77.08266548650082,99.93457289833653,pobre,basal,3,0.0,561.0,1.0,48.0,9,249,35535,2,1.0
97,0.0,0.0,3.539,1.0,0.0,9,77.08266548650082,99.93457289833653,pobre,basal,3,0.0,561.0,1.0,48.0,6,249,35536,0,1.0
98,0.0,0.0,3.539,1.0,1.0,9,77.08266548650082,99.93457289833653,pobre,basal,3,0.0,561.0,1.0,48.0,7,249,35536,0,1.0
97,1.0,0.0,3.539,0.0,6.0,6,77.08266548650082,99.93457289833653,pobre,basal,0,0.0,662.0,1.0,51.0,16,249,35537,6,0.0
98,1.0,0.0,3.539,0.0,6.0,6,77.08266548650082,99.93457289833653,pobre,basal,0,0.0,662.0,1.0,51.0,17,249,35537,6,0.0
97,1.0,0.0,3.539,1.0,4.0,6,77.08266548650082,99.93457289833653,pobre,basal,0,0.0,662.0,1.0,51.0,12,249,35538,4,1.0
98,1.0,0.0,3.539,1.0,5.0,6,77.08266548650082,99.93457289833653,pobre,basal,0,0.0,662.0,1.0,51.0,13,249,35538,4,1.0
97,1.0,0.0,3.539,1.0,3.0,6,77.08266548650082,99.93457289833653,pobre,basal,0,0.0,662.0,1.0,51.0,9,249,35539,3,1.0
98,1.0,0.0,3.539,1.0,4.0,6,77.08266548650082,99.93457289833653,pobre,basal,0,0.0,662.0,1.0,51.0,10,249,35539,3,1.0
97,1.0,0.0,3.539,0.0,6.0,9,77.08266548650082,99.93457289833653,pobre,basal,3,0.0,544.0,1.0,39.0,15,249,35540,6,0.0
98,1.0,0.0,3.539,0.0,6.0,9,77.08266548650082,99.93457289833653,pobre,basal,3,0.0,544.0,1.0,39.0,16,249,35540,6,0.0
97,0.0,0.0,3.539,1.0,5.0,9,77.08266548650082,99.93457289833653,pobre,basal,3,0.0,544.0,1.0,39.0,13,249,35541,5,1.0
98,0.0,0.0,3.539,0.0,6.0,9,77.08266548650082,99.93457289833653,pobre,basal,3,0.0,544.0,1.0,39.0,14,249,35541,5,1.0
97,0.0,0.0,3.539,1.0,2.0,9,77.08266548650082,99.93457289833653,pobre,basal,3,0.0,544.0,1.0,39.0,8,249,35542,2,1.0
98,0.0,0.0,3.539,1.0,3.0,9,77.08266548650082,99.93457289833653,pobre,basal,3,0.0,544.0,1.0,39.0,9,249,35542,2,1.0
97,1.0,0.0,3.539,0.0,6.0,7,77.08266548650082,99.93457289833653,pobre,basal,4,600.0,609.16998,0.0,40.0,16,249,35543,6,0.0
98,1.0,0.0,3.539,,,7,77.08266548650082,99.93457289833653,pobre,basal,4,600.0,609.16998,0.0,40.0,17,249,35543,6,0.0
97,1.0,0.0,3.539,1.0,5.0,7,77.08266548650082,99.93457289833653,pobre,basal,4,600.0,609.16998,0.0,40.0,12,249,35544,5,1.0
98,1.0,0.0,3.539,0.0,6.0,7,77.08266548650082,99.93457289833653,pobre,basal,4,600.0,609.16998,0.0,40.0,13,249,35544,5,1.0
97,1.0,0.0,3.539,1.0,5.0,7,77.08266548650082,99.93457289833653,pobre,basal,4,600.0,609.16998,0.0,40.0,11,249,35545,5,1.0
98,1.0,0.0,3.539,0.0,6.0,7,77.08266548650082,99.93457289833653,pobre,basal,4,600.0,609.16998,0.0,40.0,12,249,35545,5,1.0
97,0.0,0.0,3.539,1.0,3.0,7,77.08266548650082,99.93457289833653,pobre,basal,4,600.0,609.16998,0.0,40.0,10,249,35546,3,1.0
98,0.0,0.0,3.539,1.0,4.0,7,77.08266548650082,99.93457289833653,pobre,basal,4,600.0,609.16998,0.0,40.0,11,249,35546,3,1.0
97,0.0,0.0,3.539,0.0,6.0,8,77.08266548650082,99.93457289833653,pobre,basal,3,0.0,619.0,0.0,56.0,16,249,35547,6,0.0
98,0.0,0.0,3.539,0.0,6.0,8,77.08266548650082,99.93457289833653,pobre,basal,3,0.0,619.0,0.0,56.0,17,249,35547,6,0.0
97,0.0,0.0,3.539,0.0,6.0,8,77.08266548650082,99.93457289833653,pobre,basal,3,0.0,619.0,0.0,56.0,14,249,35548,6,0.0
98,0.0,0.0,3.539,0.0,6.0,8,77.08266548650082,99.93457289833653,pobre,basal,3,0.0,619.0,0.0,56.0,15,249,35548,6,0.0
97,1.0,0.0,3.539,1.0,2.0,8,77.08266548650082,99.93457289833653,pobre,basal,3,0.0,619.0,0.0,56.0,8,249,35549,2,1.0
98,1.0,0.0,3.539,1.0,3.0,8,77.08266548650082,99.93457289833653,pobre,basal,3,0.0,619.0,0.0,56.0,9,249,35549,2,1.0
97,0.0,1.0,3.539,0.0,6.0,8,77.08266548650082,99.93457289833653,pobre,basal,3,0.0,619.0,0.0,43.0,14,249,35550,6,0.0
98,0.0,1.0,3.539,0.0,6.0,8,77.08266548650082,99.93457289833653,pobre,basal,3,0.0,619.0,0.0,43.0,15,249,35550,6,0.0
97,0.0,0.0,3.539,1.0,4.0,8,77.08266548650082,99.93457289833653,pobre,basal,3,0.0,619.0,0.0,43.0,12,249,35551,4,1.0
98,0.0,0.0,3.539,1.0,5.0,8,77.08266548650082,99.93457289833653,pobre,basal,3,0.0,619.0,0.0,43.0,13,249,35551,4,1.0
97,1.0,0.0,3.539,1.0,1.0,8,77.08266548650082,99.93457289833653,pobre,basal,3,0.0,619.0,0.0,43.0,8,249,35552,1,1.0
98,1.0,0.0,3.539,1.0,2.0,8,77.08266548650082,99.93457289833653,pobre,basal,3,0.0,619.0,0.0,43.0,9,249,35552,1,1.0
97,0.0,0.0,3.539,1.0,2.0,8,77.08266548650082,99.93457289833653,pobre,basal,0,250.0,527.0,0.0,30.0,12,249,35553,2,1.0
98,0.0,0.0,3.539,1.0,3.0,8,77.08266548650082,99.93457289833653,pobre,basal,0,250.0,527.0,0.0,30.0,13,249,35553,2,1.0
97,1.0,0.0,3.539,1.0,2.0,8,77.08266548650082,99.93457289833653,pobre,basal,0,250.0,527.0,0.0,30.0,11,249,35554,2,1.0
98,1.0,0.0,3.539,1.0,3.0,8,77.08266548650082,99.93457289833653,pobre,basal,0,250.0,527.0,0.0,30.0,12,249,35554,2,1.0
97,1.0,0.0,3.539,1.0,2.0,8,77.08266548650082,99.93457289833653,pobre,basal,0,250.0,527.0,0.0,30.0,8,249,35555,2,1.0
98,1.0,0.0,3.539,1.0,2.0,8,77.08266548650082,99.93457289833653,pobre,basal,0,250.0,527.0,0.0,30.0,9,249,35555,2,1.0
97,1.0,0.0,3.539,1.0,0.0,8,77.08266548650082,99.93457289833653,pobre,basal,0,250.0,527.0,0.0,30.0,6,249,35556,0,1.0
98,1.0,0.0,3.539,1.0,0.0,8,77.08266548650082,99.93457289833653,pobre,basal,0,250.0,527.0,0.0,30.0,7,249,35556,0,1.0
97,0.0,0.0,3.539,0.0,6.0,8,77.08266548650082,99.93457289833653,pobre,basal,2,0.0,607.33002,1.0,55.0,14,249,35557,6,0.0
98,0.0,0.0,3.539,0.0,6.0,8,77.08266548650082,99.93457289833653,pobre,basal,2,0.0,607.33002,1.0,55.0,15,249,35557,6,0.0
97,0.0,0.0,3.539,1.0,5.0,8,77.08266548650082,99.93457289833653,pobre,basal,2,0.0,607.33002,1.0,55.0,11,249,35558,5,1.0
98,0.0,0.0,3.539,0.0,6.0,8,77.08266548650082,99.93457289833653,pobre,basal,2,0.0,607.33002,1.0,55.0,12,249,35558,5,1.0
97,1.0,0.0,3.539,1.0,3.0,8,77.08266548650082,99.93457289833653,pobre,basal,2,0.0,607.33002,1.0,55.0,9,249,35559,3,1.0
98,1.0,0.0,3.539,1.0,4.0,8,77.08266548650082,99.93457289833653,pobre,basal,2,0.0,607.33002,1.0,55.0,10,249,35559,3,1.0
97,1.0,0.0,3.539,1.0,2.0,2,77.08266548650082,99.93457289833653,pobre,basal,0,0.0,666.0,0.0,97.0,10,249,35560,2,1.0
98,1.0,0.0,3.539,0.0,6.0,2,77.08266548650082,99.93457289833653,pobre,basal,0,0.0,666.0,0.0,97.0,11,249,35560,2,1.0
97,1.0,0.0,3.539,1.0,3.0,6,77.08266548650082,99.93457289833653,pobre,basal,0,0.0,570.5,1.0,36.0,13,249,35561,3,1.0
98,1.0,0.0,3.539,,,6,77.08266548650082,99.93457289833653,pobre,basal,0,0.0,570.5,1.0,36.0,14,249,35561,3,1.0
97,1.0,0.0,3.539,1.0,2.0,6,77.08266548650082,99.93457289833653,pobre,basal,0,0.0,570.5,1.0,36.0,12,249,35562,2,1.0
98,1.0,0.0,3.539,,,6,77.08266548650082,99.93457289833653,pobre,basal,0,0.0,570.5,1.0,36.0,13,249,35562,2,1.0
97,1.0,0.0,3.539,1.0,3.0,7,77.08266548650082,99.93457289833653,pobre,basal,1,0.0,504.0,1.0,38.0,12,249,35563,3,1.0
98,1.0,0.0,3.539,1.0,4.0,7,77.08266548650082,99.93457289833653,pobre,basal,1,0.0,504.0,1.0,38.0,13,249,35563,3,1.0
97,1.0,0.0,3.539,1.0,2.0,7,77.08266548650082,99.93457289833653,pobre,basal,1,0.0,504.0,1.0,38.0,11,249,35564,2,1.0
98,1.0,0.0,3.539,1.0,3.0,7,77.08266548650082,99.93457289833653,pobre,basal,1,0.0,504.0,1.0,38.0,12,249,35564,2,1.0
97,0.0,0.0,3.539,1.0,1.0,7,77.08266548650082,99.93457289833653,pobre,basal,1,0.0,504.0,1.0,38.0,9,249,35565,1,1.0
98,0.0,0.0,3.539,1.0,2.0,7,77.08266548650082,99.93457289833653,pobre,basal,1,0.0,504.0,1.0,38.0,10,249,35565,1,1.0
97,0.0,0.0,3.539,1.0,1.0,7,77.08266548650082,99.93457289833653,pobre,basal,1,0.0,504.0,1.0,38.0,7,249,35566,1,1.0
98,0.0,0.0,3.539,1.0,1.0,7,77.08266548650082,99.93457289833653,pobre,basal,1,0.0,504.0,1.0,38.0,8,249,35566,1,1.0
97,0.0,0.0,3.539,1.0,3.0,7,77.08266548650082,99.93457289833653,pobre,basal,0,0.0,457.0,1.0,41.0,14,249,35567,3,1.0
98,0.0,0.0,3.539,1.0,4.0,7,77.08266548650082,99.93457289833653,pobre,basal,0,0.0,457.0,1.0,41.0,15,249,35567,3,1.0
97,0.0,0.0,3.539,1.0,2.0,7,77.08266548650082,99.93457289833653,pobre,basal,0,0.0,457.0,1.0,41.0,10,249,35568,2,1.0
98,0.0,0.0,3.539,1.0,3.0,7,77.08266548650082,99.93457289833653,pobre,basal,0,0.0,457.0,1.0,41.0,11,249,35568,2,1.0
97,0.0,0.0,3.539,1.0,1.0,7,77.08266548650082,99.93457289833653,pobre,basal,0,0.0,457.0,1.0,41.0,9,249,35569,1,1.0
98,0.0,0.0,3.539,1.0,2.0,7,77.08266548650082,99.93457289833653,pobre,basal,0,0.0,457.0,1.0,41.0,10,249,35569,1,1.0
97,0.0,0.0,3.539,0.0,4.0,5,77.08266548650082,99.93457289833653,pobre,basal,0,0.0,624.0,0.0,62.0,13,249,35570,4,0.0
98,0.0,0.0,3.539,0.0,9.0,5,77.08266548650082,99.93457289833653,pobre,basal,0,0.0,624.0,0.0,62.0,14,249,35570,4,0.0
97,1.0,0.0,3.539,0.0,6.0,11,77.08266548650082,99.93457289833653,pobre,basal,1,0.0,539.75,1.0,45.0,15,249,35571,6,0.0
98,1.0,0.0,3.539,0.0,6.0,11,77.08266548650082,99.93457289833653,pobre,basal,1,0.0,539.75,1.0,45.0,16,249,35571,6,0.0
97,0.0,0.0,3.539,1.0,4.0,11,77.08266548650082,99.93457289833653,pobre,basal,1,0.0,539.75,1.0,45.0,12,249,35572,4,1.0
98,0.0,0.0,3.539,1.0,6.0,11,77.08266548650082,99.93457289833653,pobre,basal,1,0.0,539.75,1.0,45.0,13,249,35572,4,1.0
97,1.0,0.0,3.539,1.0,3.0,11,77.08266548650082,99.93457289833653,pobre,basal,1,0.0,539.75,1.0,45.0,11,249,35573,3,1.0
98,1.0,0.0,3.539,1.0,4.0,11,77.08266548650082,99.93457289833653,pobre,basal,1,0.0,539.75,1.0,45.0,12,249,35573,3,1.0
97,0.0,0.0,3.539,1.0,3.0,11,77.08266548650082,99.93457289833653,pobre,basal,1,0.0,539.75,1.0,45.0,8,249,35574,3,1.0
98,0.0,0.0,3.539,1.0,4.0,11,77.08266548650082,99.93457289833653,pobre,basal,1,0.0,539.75,1.0,45.0,9,249,35574,3,1.0
97,0.0,0.0,3.539,1.0,1.0,11,77.08266548650082,99.93457289833653,pobre,basal,1,0.0,539.75,1.0,45.0,7,249,35575,1,1.0
98,0.0,0.0,3.539,1.0,2.0,11,77.08266548650082,99.93457289833653,pobre,basal,1,0.0,539.75,1.0,45.0,8,249,35575,1,1.0
97,1.0,0.0,3.539,1.0,1.0,11,77.08266548650082,99.93457289833653,pobre,basal,1,0.0,539.75,1.0,45.0,6,249,35576,1,1.0
98,1.0,0.0,3.539,1.0,1.0,11,77.08266548650082,99.93457289833653,pobre,basal,1,0.0,539.75,1.0,45.0,7,249,35576,1,1.0
97,0.0,0.0,3.539,1.0,3.0,6,77.08266548650082,99.93457289833653,pobre,basal,0,0.0,546.0,0.0,94.0,11,249,35577,3,1.0
98,0.0,0.0,3.539,1.0,4.0,6,77.08266548650082,99.93457289833653,pobre,basal,0,0.0,546.0,0.0,94.0,12,249,35577,3,1.0
97,0.0,0.0,3.539,1.0,1.0,6,77.08266548650082,99.93457289833653,pobre,basal,0,0.0,546.0,0.0,94.0,8,249,35578,1,1.0
98,0.0,0.0,3.539,1.0,0.0,6,77.08266548650082,99.93457289833653,pobre,basal,0,0.0,546.0,0.0,94.0,9,249,35578,1,1.0
97,0.0,0.0,3.539,1.0,4.0,3,77.08266548650082,99.93457289833653,pobre,basal,2,0.0,638.0,1.0,55.0,13,249,35579,4,1.0
98,0.0,0.0,3.539,1.0,5.0,3,77.08266548650082,99.93457289833653,pobre,basal,2,0.0,638.0,1.0,55.0,14,249,35579,4,1.0
97,0.0,0.0,3.539,1.0,1.0,6,77.08266548650082,99.93457289833653,pobre,basal,6,0.0,507.0,1.0,27.0,7,249,35580,1,1.0
98,0.0,0.0,3.539,1.0,2.0,6,77.08266548650082,99.93457289833653,pobre,basal,6,0.0,507.0,1.0,27.0,8,249,35580,1,1.0
97,0.0,0.0,3.539,1.0,0.0,6,77.08266548650082,99.93457289833653,pobre,basal,6,0.0,507.0,1.0,27.0,6,249,35581,0,1.0
98,0.0,0.0,3.539,1.0,1.0,6,77.08266548650082,99.93457289833653,pobre,basal,6,0.0,507.0,1.0,27.0,7,249,35581,0,1.0
97,0.0,0.0,3.539,1.0,8.0,9,77.08266548650082,99.93457289833653,pobre,basal,4,0.0,583.5,1.0,42.0,16,249,35582,8,1.0
98,0.0,0.0,3.539,0.0,9.0,9,77.08266548650082,99.93457289833653,pobre,basal,4,0.0,583.5,1.0,42.0,17,249,35582,8,1.0
97,0.0,0.0,3.539,1.0,7.0,9,77.08266548650082,99.93457289833653,pobre,basal,4,0.0,583.5,1.0,42.0,16,249,35583,7,1.0
98,0.0,0.0,3.539,1.0,8.0,9,77.08266548650082,99.93457289833653,pobre,basal,4,0.0,583.5,1.0,42.0,17,249,35583,7,1.0
97,0.0,0.0,3.539,0.0,6.0,9,77.08266548650082,99.93457289833653,pobre,basal,4,0.0,583.5,1.0,42.0,14,249,35584,6,0.0
98,0.0,0.0,3.539,0.0,6.0,9,77.08266548650082,99.93457289833653,pobre,basal,4,0.0,583.5,1.0,42.0,15,249,35584,6,0.0
97,0.0,0.0,3.539,0.0,6.0,9,77.08266548650082,99.93457289833653,pobre,basal,4,0.0,583.5,1.0,42.0,12,249,35585,6,0.0
98,0.0,0.0,3.539,1.0,6.0,9,77.08266548650082,99.93457289833653,pobre,basal,4,0.0,583.5,1.0,42.0,13,249,35585,6,0.0
97,1.0,0.0,3.539,1.0,3.0,9,77.08266548650082,99.93457289833653,pobre,basal,4,0.0,583.5,1.0,42.0,11,249,35586,3,1.0
98,1.0,0.0,3.539,1.0,4.0,9,77.08266548650082,99.93457289833653,pobre,basal,4,0.0,583.5,1.0,42.0,12,249,35586,3,1.0
97,0.0,0.0,3.539,0.0,6.0,9,77.08266548650082,99.93457289833653,pobre,basal,0,0.0,482.0,1.0,39.0,14,249,35587,6,0.0
98,0.0,0.0,3.539,1.0,6.0,9,77.08266548650082,99.93457289833653,pobre,basal,0,0.0,482.0,1.0,39.0,15,249,35587,6,0.0
97,1.0,0.0,3.539,0.0,6.0,9,77.08266548650082,99.93457289833653,pobre,basal,0,0.0,482.0,1.0,39.0,13,249,35588,6,0.0
98,1.0,0.0,3.539,1.0,6.0,9,77.08266548650082,99.93457289833653,pobre,basal,0,0.0,482.0,1.0,39.0,14,249,35588,6,0.0
97,0.0,0.0,3.539,1.0,5.0,9,77.08266548650082,99.93457289833653,pobre,basal,0,0.0,482.0,1.0,39.0,11,249,35589,5,1.0
98,0.0,0.0,3.539,1.0,6.0,9,77.08266548650082,99.93457289833653,pobre,basal,0,0.0,482.0,1.0,39.0,12,249,35589,5,1.0
97,0.0,0.0,3.539,1.0,3.0,9,77.08266548650082,99.93457289833653,pobre,basal,0,0.0,482.0,1.0,39.0,9,249,35590,3,1.0
98,0.0,0.0,3.539,1.0,4.0,9,77.08266548650082,99.93457289833653,pobre,basal,0,0.0,482.0,1.0,39.0,10,249,35590,3,1.0
97,0.0,0.0,3.539,1.0,1.0,9,77.08266548650082,99.93457289833653,pobre,basal,0,0.0,482.0,1.0,39.0,7,249,35591,1,1.0
98,0.0,0.0,3.539,1.0,1.0,9,77.08266548650082,99.93457289833653,pobre,basal,0,0.0,482.0,1.0,39.0,8,249,35591,1,1.0
97,1.0,0.0,3.539,1.0,5.0,7,77.08266548650082,99.93457289833653,pobre,basal,3,250.0,573.5,1.0,63.0,15,249,35592,5,1.0
98,1.0,0.0,3.539,0.0,6.0,7,77.08266548650082,99.93457289833653,pobre,basal,3,250.0,573.5,1.0,63.0,16,249,35592,5,1.0
97,0.0,0.0,3.539,0.0,6.0,7,77.08266548650082,99.93457289833653,pobre,basal,3,250.0,573.5,1.0,63.0,14,249,35593,6,0.0
98,0.0,0.0,3.539,0.0,6.0,7,77.08266548650082,99.93457289833653,pobre,basal,3,250.0,573.5,1.0,63.0,15,249,35593,6,0.0
97,0.0,0.0,3.539,1.0,5.0,7,77.08266548650082,99.93457289833653,pobre,basal,3,250.0,573.5,1.0,63.0,12,249,35594,5,1.0
98,0.0,0.0,3.539,0.0,6.0,7,77.08266548650082,99.93457289833653,pobre,basal,3,250.0,573.5,1.0,63.0,13,249,35594,5,1.0
97,1.0,0.0,3.539,1.0,3.0,7,77.08266548650082,99.93457289833653,pobre,basal,2,300.0,553.5,1.0,30.0,10,249,35595,3,1.0
98,1.0,0.0,3.539,,,7,77.08266548650082,99.93457289833653,pobre,basal,2,300.0,553.5,1.0,30.0,11,249,35595,3,1.0
97,1.0,0.0,3.539,1.0,0.0,7,77.08266548650082,99.93457289833653,pobre,basal,2,300.0,553.5,1.0,30.0,8,249,35596,0,1.0
98,1.0,0.0,3.539,,,7,77.08266548650082,99.93457289833653,pobre,basal,2,300.0,553.5,1.0,30.0,9,249,35596,0,1.0
97,0.0,0.0,3.539,0.0,6.0,7,77.08266548650082,99.93457289833653,pobre,basal,2,1200.0,581.5,1.0,35.0,13,249,35597,6,0.0
98,0.0,0.0,3.539,0.0,6.0,7,77.08266548650082,99.93457289833653,pobre,basal,2,1200.0,581.5,1.0,35.0,14,249,35597,6,0.0
97,1.0,0.0,3.539,1.0,4.0,7,77.08266548650082,99.93457289833653,pobre,basal,2,1200.0,581.5,1.0,35.0,11,249,35598,4,1.0
98,1.0,0.0,3.539,1.0,5.0,7,77.08266548650082,99.93457289833653,pobre,basal,2,1200.0,581.5,1.0,35.0,12,249,35598,4,1.0
97,0.0,0.0,3.539,1.0,0.0,7,77.08266548650082,99.93457289833653,pobre,basal,2,1200.0,581.5,1.0,35.0,6,249,35599,0,1.0
98,0.0,0.0,3.539,1.0,1.0,7,77.08266548650082,99.93457289833653,pobre,basal,2,1200.0,581.5,1.0,35.0,7,249,35599,0,1.0
97,1.0,0.0,3.539,0.0,3.0,9,77.08266548650082,99.93457289833653,pobre,basal,2,375.0,588.39001,1.0,40.0,16,249,35600,3,0.0
98,1.0,0.0,3.539,,,9,77.08266548650082,99.93457289833653,pobre,basal,2,375.0,588.39001,1.0,40.0,17,249,35600,3,0.0
97,0.0,0.0,3.539,1.0,6.0,9,77.08266548650082,99.93457289833653,pobre,basal,2,375.0,588.39001,1.0,40.0,14,249,35601,6,1.0
98,0.0,0.0,3.539,,,9,77.08266548650082,99.93457289833653,pobre,basal,2,375.0,588.39001,1.0,40.0,15,249,35601,6,1.0
97,0.0,0.0,3.539,1.0,4.0,9,77.08266548650082,99.93457289833653,pobre,basal,2,375.0,588.39001,1.0,40.0,13,249,35602,4,1.0
98,0.0,0.0,3.539,,,9,77.08266548650082,99.93457289833653,pobre,basal,2,375.0,588.39001,1.0,40.0,14,249,35602,4,1.0
97,1.0,0.0,3.539,1.0,4.0,9,77.08266548650082,99.93457289833653,pobre,basal,2,375.0,588.39001,1.0,40.0,10,249,35603,4,1.0
98,1.0,0.0,3.539,,,9,77.08266548650082,99.93457289833653,pobre,basal,2,375.0,588.39001,1.0,40.0,11,249,35603,4,1.0
97,1.0,0.0,3.539,1.0,0.0,9,77.08266548650082,99.93457289833653,pobre,basal,2,375.0,588.39001,1.0,40.0,9,249,35604,0,1.0
98,1.0,0.0,3.539,,,9,77.08266548650082,99.93457289833653,pobre,basal,2,375.0,588.39001,1.0,40.0,10,249,35604,0,1.0
97,0.0,0.0,3.539,,0.0,9,77.08266548650082,99.93457289833653,pobre,basal,2,375.0,588.39001,1.0,40.0,7,249,35605,0,
98,0.0,0.0,3.539,,,9,77.08266548650082,99.93457289833653,pobre,basal,2,375.0,588.39001,1.0,40.0,8,249,35605,0,
97,0.0,0.0,2.625,1.0,5.0,10,65.82301347024146,88.68888719460766,pobre,basal,0,375.0,558.0,1.0,43.0,14,250,35606,5,1.0
98,0.0,0.0,2.625,0.0,6.0,10,65.82301347024146,88.68888719460766,pobre,basal,0,375.0,558.0,1.0,43.0,15,250,35606,5,1.0
97,0.0,0.0,2.625,1.0,1.0,10,65.82301347024146,88.68888719460766,pobre,basal,0,375.0,558.0,1.0,43.0,11,250,35607,1,1.0
98,0.0,0.0,2.625,1.0,2.0,10,65.82301347024146,88.68888719460766,pobre,basal,0,375.0,558.0,1.0,43.0,12,250,35607,1,1.0
97,0.0,0.0,2.625,1.0,1.0,10,65.82301347024146,88.68888719460766,pobre,basal,0,375.0,558.0,1.0,43.0,9,250,35608,1,1.0
98,0.0,0.0,2.625,1.0,2.0,10,65.82301347024146,88.68888719460766,pobre,basal,0,375.0,558.0,1.0,43.0,10,250,35608,1,1.0
97,0.0,0.0,2.625,1.0,0.0,10,65.82301347024146,88.68888719460766,pobre,basal,0,375.0,558.0,1.0,43.0,6,250,35609,0,1.0
98,0.0,0.0,2.625,1.0,1.0,10,65.82301347024146,88.68888719460766,pobre,basal,0,375.0,558.0,1.0,43.0,7,250,35609,0,1.0
97,1.0,0.0,2.625,1.0,8.0,6,65.82301347024146,88.68888719460766,pobre,basal,0,0.0,580.0,1.0,56.0,16,250,35610,8,1.0
98,1.0,0.0,2.625,,,6,65.82301347024146,88.68888719460766,pobre,basal,0,0.0,580.0,1.0,56.0,17,250,35610,8,1.0
97,1.0,0.0,2.625,1.0,7.0,6,65.82301347024146,88.68888719460766,pobre,basal,0,0.0,580.0,1.0,56.0,14,250,35611,7,1.0
98,1.0,0.0,2.625,1.0,8.0,6,65.82301347024146,88.68888719460766,pobre,basal,0,0.0,580.0,1.0,56.0,15,250,35611,7,1.0
97,1.0,0.0,2.625,1.0,4.0,6,65.82301347024146,88.68888719460766,pobre,basal,0,0.0,580.0,1.0,56.0,10,250,35612,4,1.0
98,1.0,0.0,2.625,1.0,5.0,6,65.82301347024146,88.68888719460766,pobre,basal,0,0.0,580.0,1.0,56.0,11,250,35612,4,1.0
97,1.0,0.0,2.625,1.0,1.0,6,65.82301347024146,88.68888719460766,pobre,basal,0,0.0,580.0,1.0,56.0,7,250,35613,1,1.0
98,1.0,0.0,2.625,1.0,1.0,6,65.82301347024146,88.68888719460766,pobre,basal,0,0.0,580.0,1.0,56.0,8,250,35613,1,1.0
97,1.0,0.0,2.625,1.0,5.0,6,65.82301347024146,88.68888719460766,pobre,basal,0,375.0,576.5,1.0,44.0,14,250,35614,5,1.0
98,1.0,0.0,2.625,1.0,6.0,6,65.82301347024146,88.68888719460766,pobre,basal,0,375.0,576.5,1.0,44.0,15,250,35614,5,1.0
97,0.0,0.0,2.625,1.0,4.0,6,65.82301347024146,88.68888719460766,pobre,basal,0,375.0,576.5,1.0,44.0,9,250,35615,4,1.0
98,0.0,0.0,2.625,1.0,4.0,6,65.82301347024146,88.68888719460766,pobre,basal,0,375.0,576.5,1.0,44.0,10,250,35615,4,1.0
97,1.0,0.0,2.625,1.0,1.0,6,65.82301347024146,88.68888719460766,pobre,basal,0,375.0,576.5,1.0,44.0,6,250,35616,1,1.0
98,1.0,0.0,2.625,1.0,1.0,6,65.82301347024146,88.68888719460766,pobre,basal,0,375.0,576.5,1.0,44.0,7,250,35616,1,1.0
97,0.0,0.0,2.625,1.0,8.0,6,65.82301347024146,88.68888719460766,pobre,basal,0,0.0,615.0,1.0,59.0,16,250,35617,8,1.0
98,0.0,0.0,2.625,0.0,8.0,6,65.82301347024146,88.68888719460766,pobre,basal,0,0.0,615.0,1.0,59.0,17,250,35617,8,1.0
97,0.0,0.0,2.625,1.0,6.0,6,65.82301347024146,88.68888719460766,pobre,basal,0,0.0,615.0,1.0,59.0,13,250,35618,6,1.0
98,0.0,0.0,2.625,1.0,6.0,6,65.82301347024146,88.68888719460766,pobre,basal,0,0.0,615.0,1.0,59.0,14,250,35618,6,1.0
97,1.0,0.0,2.625,1.0,5.0,9,65.82301347024146,88.68888719460766,pobre,basal,2,300.0,509.25,1.0,36.0,13,250,35619,5,1.0
98,1.0,0.0,2.625,0.0,6.0,9,65.82301347024146,88.68888719460766,pobre,basal,2,300.0,509.25,1.0,36.0,14,250,35619,5,1.0
97,0.0,0.0,2.625,1.0,4.0,9,65.82301347024146,88.68888719460766,pobre,basal,2,300.0,509.25,1.0,36.0,11,250,35620,4,1.0
98,0.0,0.0,2.625,1.0,5.0,9,65.82301347024146,88.68888719460766,pobre,basal,2,300.0,509.25,1.0,36.0,12,250,35620,4,1.0
97,1.0,0.0,2.625,1.0,2.0,9,65.82301347024146,88.68888719460766,pobre,basal,2,300.0,509.25,1.0,36.0,9,250,35621,2,1.0
98,1.0,0.0,2.625,1.0,2.0,9,65.82301347024146,88.68888719460766,pobre,basal,2,300.0,509.25,1.0,36.0,10,250,35621,2,1.0
97,1.0,0.0,2.625,1.0,3.0,9,65.82301347024146,88.68888719460766,pobre,basal,2,300.0,509.25,1.0,36.0,8,250,35622,3,1.0
98,1.0,0.0,2.625,1.0,4.0,9,65.82301347024146,88.68888719460766,pobre,basal,2,300.0,509.25,1.0,36.0,9,250,35622,3,1.0
97,0.0,0.0,2.625,1.0,0.0,9,65.82301347024146,88.68888719460766,pobre,basal,2,300.0,509.25,1.0,36.0,6,250,35623,0,1.0
98,0.0,0.0,2.625,1.0,1.0,9,65.82301347024146,88.68888719460766,pobre,basal,2,300.0,509.25,1.0,36.0,7,250,35623,0,1.0
97,1.0,0.0,2.625,1.0,7.0,6,65.82301347024146,88.68888719460766,pobre,basal,0,300.0,559.0,1.0,35.0,14,250,35624,7,1.0
98,1.0,0.0,2.625,0.0,6.0,6,65.82301347024146,88.68888719460766,pobre,basal,0,300.0,559.0,1.0,35.0,15,250,35624,7,1.0
97,1.0,0.0,2.625,1.0,2.0,6,65.82301347024146,88.68888719460766,pobre,basal,0,300.0,559.0,1.0,35.0,9,250,35625,2,1.0
98,1.0,0.0,2.625,1.0,3.0,6,65.82301347024146,88.68888719460766,pobre,basal,0,300.0,559.0,1.0,35.0,10,250,35625,2,1.0
97,1.0,0.0,2.625,1.0,5.0,2,65.82301347024146,88.68888719460766,pobre,basal,0,250.0,695.0,0.0,78.0,14,250,35626,5,1.0
98,1.0,0.0,2.625,0.0,6.0,2,65.82301347024146,88.68888719460766,pobre,basal,0,250.0,695.0,0.0,78.0,15,250,35626,5,1.0
97,0.0,0.0,2.625,1.0,5.0,5,65.82301347024146,88.68888719460766,pobre,basal,3,375.0,612.66998,1.0,35.0,11,250,35627,5,1.0
98,0.0,0.0,2.625,1.0,6.0,5,65.82301347024146,88.68888719460766,pobre,basal,3,375.0,612.66998,1.0,35.0,12,250,35627,5,1.0
97,1.0,0.0,2.625,1.0,3.0,5,65.82301347024146,88.68888719460766,pobre,basal,3,375.0,612.66998,1.0,35.0,9,250,35628,3,1.0
98,1.0,0.0,2.625,1.0,4.0,5,65.82301347024146,88.68888719460766,pobre,basal,3,375.0,612.66998,1.0,35.0,10,250,35628,3,1.0
97,1.0,0.0,2.625,1.0,0.0,5,65.82301347024146,88.68888719460766,pobre,basal,3,375.0,612.66998,1.0,35.0,6,250,35629,0,1.0
98,1.0,0.0,2.625,1.0,0.0,5,65.82301347024146,88.68888719460766,pobre,basal,3,375.0,612.66998,1.0,35.0,7,250,35629,0,1.0
97,1.0,0.0,2.625,1.0,3.0,4,65.82301347024146,88.68888719460766,pobre,basal,3,375.0,705.33002,1.0,27.0,9,250,35630,3,1.0
98,1.0,0.0,2.625,1.0,4.0,4,65.82301347024146,88.68888719460766,pobre,basal,3,375.0,705.33002,1.0,27.0,10,250,35630,3,1.0
97,1.0,1.0,2.444,1.0,3.0,2,95.00202238906576,115.1568188719346,pobre,0,0,250.0,920.0,0.0,82.0,9,266,35631,3,1.0
98,1.0,1.0,2.444,1.0,4.0,2,95.00202238906576,115.1568188719346,pobre,0,0,250.0,920.0,0.0,82.0,10,266,35631,3,1.0
97,0.0,0.0,2.444,,0.0,5,95.00202238906576,115.1568188719346,pobre,0,1,375.0,629.0,1.0,28.0,8,266,35632,0,
98,0.0,0.0,2.444,,,5,95.00202238906576,115.1568188719346,pobre,0,1,375.0,629.0,1.0,28.0,9,266,35632,0,
97,0.0,0.0,2.444,,0.0,2,95.00202238906576,115.1568188719346,pobre,0,0,0.0,802.14001,1.0,46.0,6,266,35633,0,
98,0.0,0.0,2.444,,,2,95.00202238906576,115.1568188719346,pobre,0,0,0.0,802.14001,1.0,46.0,7,266,35633,0,
97,1.0,0.0,2.444,0.0,2.0,7,95.00202238906576,115.1568188719346,pobre,0,2,200.0,629.75,0.0,33.0,11,266,35634,2,0.0
98,1.0,0.0,2.444,,,7,95.00202238906576,115.1568188719346,pobre,0,2,200.0,629.75,0.0,33.0,12,266,35634,2,0.0
97,0.0,0.0,2.444,0.0,2.0,7,95.00202238906576,115.1568188719346,pobre,0,2,200.0,629.75,0.0,33.0,10,266,35635,2,0.0
98,0.0,0.0,2.444,,,7,95.00202238906576,115.1568188719346,pobre,0,2,200.0,629.75,0.0,33.0,11,266,35635,2,0.0
97,0.0,0.0,2.444,,0.0,7,95.00202238906576,115.1568188719346,pobre,0,2,200.0,629.75,0.0,33.0,6,266,35636,0,
98,0.0,0.0,2.444,1.0,1.0,7,95.00202238906576,115.1568188719346,pobre,0,2,200.0,629.75,0.0,33.0,7,266,35636,0,
97,0.0,0.0,2.444,1.0,0.0,4,95.00202238906576,115.1568188719346,pobre,0,0,0.0,748.0,1.0,71.0,6,266,35637,0,1.0
98,0.0,0.0,2.444,1.0,1.0,4,95.00202238906576,115.1568188719346,pobre,0,0,0.0,748.0,1.0,71.0,7,266,35637,0,1.0
97,0.0,0.0,2.444,1.0,1.0,5,95.00202238906576,115.1568188719346,pobre,0,0,500.0,602.5,1.0,29.0,8,266,35638,1,1.0
98,0.0,0.0,2.444,,,5,95.00202238906576,115.1568188719346,pobre,0,0,500.0,602.5,1.0,29.0,9,266,35638,1,1.0
97,1.0,0.0,2.444,1.0,3.0,5,95.00202238906576,115.1568188719346,pobre,0,0,500.0,602.5,1.0,29.0,6,266,35639,3,1.0
98,1.0,0.0,2.444,,,5,95.00202238906576,115.1568188719346,pobre,0,0,500.0,602.5,1.0,29.0,7,266,35639,3,1.0
97,1.0,0.0,2.444,0.0,6.0,16,95.00202238906576,115.1568188719346,pobre,0,0,500.0,672.78003,1.0,58.0,16,266,35640,6,0.0
98,1.0,0.0,2.444,,,16,95.00202238906576,115.1568188719346,pobre,0,0,500.0,672.78003,1.0,58.0,17,266,35640,6,0.0
97,1.0,0.0,2.444,0.0,5.0,16,95.00202238906576,115.1568188719346,pobre,0,0,500.0,672.78003,1.0,58.0,14,266,35641,5,0.0
98,1.0,0.0,2.444,0.0,5.0,16,95.00202238906576,115.1568188719346,pobre,0,0,500.0,672.78003,1.0,58.0,15,266,35641,5,0.0
97,1.0,0.0,2.444,0.0,5.0,16,95.00202238906576,115.1568188719346,pobre,0,0,500.0,672.78003,1.0,58.0,14,266,35642,5,0.0
98,1.0,0.0,2.444,0.0,5.0,16,95.00202238906576,115.1568188719346,pobre,0,0,500.0,672.78003,1.0,58.0,15,266,35642,5,0.0
97,0.0,0.0,2.444,1.0,5.0,16,95.00202238906576,115.1568188719346,pobre,0,0,500.0,672.78003,1.0,58.0,11,266,35643,5,1.0
98,0.0,0.0,2.444,1.0,6.0,16,95.00202238906576,115.1568188719346,pobre,0,0,500.0,672.78003,1.0,58.0,12,266,35643,5,1.0
97,1.0,0.0,2.444,1.0,3.0,16,95.00202238906576,115.1568188719346,pobre,0,0,500.0,672.78003,1.0,58.0,8,266,35644,3,1.0
98,1.0,0.0,2.444,1.0,3.0,16,95.00202238906576,115.1568188719346,pobre,0,0,500.0,672.78003,1.0,58.0,9,266,35644,3,1.0
97,0.0,0.0,2.444,1.0,3.0,16,95.00202238906576,115.1568188719346,pobre,0,0,500.0,672.78003,1.0,58.0,8,266,35645,3,1.0
98,0.0,0.0,2.444,1.0,3.0,16,95.00202238906576,115.1568188719346,pobre,0,0,500.0,672.78003,1.0,58.0,9,266,35645,3,1.0
97,1.0,0.0,2.444,0.0,6.0,5,95.00202238906576,115.1568188719346,pobre,0,1,0.0,765.5,0.0,55.0,15,266,35646,6,0.0
98,1.0,0.0,2.444,0.0,6.0,5,95.00202238906576,115.1568188719346,pobre,0,1,0.0,765.5,0.0,55.0,16,266,35646,6,0.0
97,0.0,0.0,2.444,1.0,5.0,4,95.00202238906576,115.1568188719346,pobre,0,0,500.0,690.0,1.0,70.0,11,266,35647,5,1.0
98,0.0,0.0,2.444,0.0,6.0,4,95.00202238906576,115.1568188719346,pobre,0,0,500.0,690.0,1.0,70.0,12,266,35647,5,1.0
97,0.0,0.0,2.444,1.0,6.0,6,95.00202238906576,115.1568188719346,pobre,0,2,875.0,658.0,1.0,37.0,13,266,35648,6,1.0
98,0.0,0.0,2.444,0.0,6.0,6,95.00202238906576,115.1568188719346,pobre,0,2,875.0,658.0,1.0,37.0,14,266,35648,6,1.0
97,1.0,0.0,2.444,1.0,5.0,6,95.00202238906576,115.1568188719346,pobre,0,2,875.0,658.0,1.0,37.0,11,266,35649,5,1.0
98,1.0,0.0,2.444,0.0,6.0,6,95.00202238906576,115.1568188719346,pobre,0,2,875.0,658.0,1.0,37.0,12,266,35649,5,1.0
97,0.0,0.0,2.444,1.0,2.0,6,95.00202238906576,115.1568188719346,pobre,0,2,875.0,658.0,1.0,37.0,9,266,35650,2,1.0
98,0.0,0.0,2.444,1.0,3.0,6,95.00202238906576,115.1568188719346,pobre,0,2,875.0,658.0,1.0,37.0,10,266,35650,2,1.0
97,1.0,0.0,2.444,1.0,1.0,6,95.00202238906576,115.1568188719346,pobre,0,2,875.0,658.0,1.0,37.0,6,266,35651,1,1.0
98,1.0,0.0,2.444,1.0,2.0,6,95.00202238906576,115.1568188719346,pobre,0,2,875.0,658.0,1.0,37.0,7,266,35651,1,1.0
97,0.0,0.0,2.444,0.0,4.0,6,95.00202238906576,115.1568188719346,pobre,0,0,0.0,632.0,0.0,49.0,16,266,35652,4,0.0
98,0.0,0.0,2.444,,,6,95.00202238906576,115.1568188719346,pobre,0,0,0.0,632.0,0.0,49.0,17,266,35652,4,0.0
97,0.0,0.0,2.444,0.0,6.0,5,95.00202238906576,115.1568188719346,pobre,0,0,500.0,692.0,1.0,57.0,15,266,35653,6,0.0
98,0.0,0.0,2.444,0.0,6.0,5,95.00202238906576,115.1568188719346,pobre,0,0,500.0,692.0,1.0,57.0,16,266,35653,6,0.0
97,1.0,0.0,2.444,1.0,5.0,5,95.00202238906576,115.1568188719346,pobre,0,0,500.0,692.0,1.0,57.0,13,266,35654,5,1.0
98,1.0,0.0,2.444,0.0,6.0,5,95.00202238906576,115.1568188719346,pobre,0,0,500.0,692.0,1.0,57.0,14,266,35654,5,1.0
97,0.0,0.0,2.444,1.0,2.0,5,95.00202238906576,115.1568188719346,pobre,0,0,500.0,692.0,1.0,57.0,8,266,35655,2,1.0
98,0.0,0.0,2.444,1.0,3.0,5,95.00202238906576,115.1568188719346,pobre,0,0,500.0,692.0,1.0,57.0,9,266,35655,2,1.0
97,1.0,0.0,2.444,0.0,6.0,7,95.00202238906576,115.1568188719346,pobre,0,2,500.0,769.75,1.0,50.0,14,266,35656,6,0.0
98,1.0,0.0,2.444,0.0,6.0,7,95.00202238906576,115.1568188719346,pobre,0,2,500.0,769.75,1.0,50.0,15,266,35656,6,0.0
97,0.0,0.0,2.444,1.0,1.0,7,95.00202238906576,115.1568188719346,pobre,0,2,500.0,769.75,1.0,50.0,7,266,35657,1,1.0
98,0.0,0.0,2.444,1.0,2.0,7,95.00202238906576,115.1568188719346,pobre,0,2,500.0,769.75,1.0,50.0,8,266,35657,1,1.0
97,1.0,0.0,3.3729999,1.0,7.0,10,85.30027246259445,105.8786688109714,pobre,basal,3,2000.0,698.33002,1.0,52.0,15,263,35658,7,1.0
98,1.0,0.0,3.3729999,,,10,85.30027246259445,105.8786688109714,pobre,basal,3,2000.0,698.33002,1.0,52.0,16,263,35658,7,1.0
97,1.0,0.0,3.3729999,0.0,3.0,10,85.30027246259445,105.8786688109714,pobre,basal,3,2000.0,698.33002,1.0,52.0,12,263,35659,3,0.0
98,1.0,0.0,3.3729999,,,10,85.30027246259445,105.8786688109714,pobre,basal,3,2000.0,698.33002,1.0,52.0,13,263,35659,3,0.0
97,0.0,0.0,3.3729999,1.0,3.0,10,85.30027246259445,105.8786688109714,pobre,basal,3,2000.0,698.33002,1.0,52.0,10,263,35660,3,1.0
98,0.0,0.0,3.3729999,,,10,85.30027246259445,105.8786688109714,pobre,basal,3,2000.0,698.33002,1.0,52.0,11,263,35660,3,1.0
97,0.0,0.0,3.3729999,1.0,2.0,10,85.30027246259445,105.8786688109714,pobre,basal,3,2000.0,698.33002,1.0,52.0,8,263,35661,2,1.0
98,0.0,0.0,3.3729999,,,10,85.30027246259445,105.8786688109714,pobre,basal,3,2000.0,698.33002,1.0,52.0,9,263,35661,2,1.0
97,0.0,0.0,3.3729999,1.0,2.0,5,85.30027246259445,105.8786688109714,pobre,basal,6,500.0,636.0,1.0,24.0,9,263,35662,2,1.0
98,0.0,0.0,3.3729999,1.0,3.0,5,85.30027246259445,105.8786688109714,pobre,basal,6,500.0,636.0,1.0,24.0,10,263,35662,2,1.0
97,1.0,0.0,3.3729999,1.0,3.0,10,85.30027246259445,105.8786688109714,pobre,basal,3,0.0,730.33002,1.0,86.0,10,263,35663,3,1.0
98,1.0,0.0,3.3729999,1.0,4.0,10,85.30027246259445,105.8786688109714,pobre,basal,3,0.0,730.33002,1.0,86.0,11,263,35663,3,1.0
97,0.0,0.0,3.3729999,1.0,2.0,10,85.30027246259445,105.8786688109714,pobre,basal,3,0.0,730.33002,1.0,86.0,9,263,35664,2,1.0
98,0.0,0.0,3.3729999,1.0,2.0,10,85.30027246259445,105.8786688109714,pobre,basal,3,0.0,730.33002,1.0,86.0,10,263,35664,2,1.0
97,1.0,1.0,3.3729999,1.0,8.0,6,85.30027246259445,105.8786688109714,pobre,basal,2,0.0,733.0,1.0,49.0,16,263,35665,8,1.0
98,1.0,1.0,3.3729999,1.0,8.0,6,85.30027246259445,105.8786688109714,pobre,basal,2,0.0,733.0,1.0,49.0,17,263,35665,8,1.0
97,1.0,1.0,3.3729999,0.0,3.0,6,85.30027246259445,105.8786688109714,pobre,basal,2,0.0,733.0,1.0,49.0,14,263,35666,3,0.0
98,1.0,1.0,3.3729999,0.0,3.0,6,85.30027246259445,105.8786688109714,pobre,basal,2,0.0,733.0,1.0,49.0,15,263,35666,3,0.0
97,1.0,0.0,3.3729999,1.0,3.0,2,85.30027246259445,105.8786688109714,pobre,basal,3,0.0,808.0,0.0,75.0,10,263,35667,3,1.0
98,1.0,0.0,3.3729999,1.0,4.0,2,85.30027246259445,105.8786688109714,pobre,basal,3,0.0,808.0,0.0,75.0,11,263,35667,3,1.0
97,0.0,1.0,3.3729999,0.0,6.0,5,85.30027246259445,105.8786688109714,no pobre,basal,13,2000.0,1004.67,1.0,34.0,15,263,35668,6,0.0
98,0.0,1.0,3.3729999,0.0,6.0,5,85.30027246259445,105.8786688109714,no pobre,basal,13,2000.0,1004.67,1.0,34.0,16,263,35668,6,0.0
97,1.0,0.0,2.444,0.0,6.0,6,95.00202238906576,115.1568188719346,pobre,0,3,500.0,693.0,1.0,43.0,15,266,35669,6,0.0
98,1.0,0.0,2.444,,,6,95.00202238906576,115.1568188719346,pobre,0,3,500.0,693.0,1.0,43.0,16,266,35669,6,0.0
97,0.0,0.0,2.444,0.0,6.0,6,95.00202238906576,115.1568188719346,pobre,0,3,500.0,693.0,1.0,43.0,12,266,35670,6,0.0
98,0.0,0.0,2.444,,,6,95.00202238906576,115.1568188719346,pobre,0,3,500.0,693.0,1.0,43.0,13,266,35670,6,0.0
97,1.0,0.0,2.444,1.0,1.0,6,95.00202238906576,115.1568188719346,pobre,0,3,500.0,693.0,1.0,43.0,9,266,35671,1,1.0
98,1.0,0.0,2.444,1.0,2.0,6,95.00202238906576,115.1568188719346,pobre,0,3,500.0,693.0,1.0,43.0,10,266,35671,1,1.0
97,1.0,0.0,2.444,0.0,6.0,6,95.00202238906576,115.1568188719346,no pobre,0,3,0.0,837.0,1.0,47.0,15,266,35672,6,0.0
98,1.0,0.0,2.444,,,6,95.00202238906576,115.1568188719346,no pobre,0,3,0.0,837.0,1.0,47.0,16,266,35672,6,0.0
97,1.0,0.0,2.444,,0.0,7,95.00202238906576,115.1568188719346,pobre,0,0,0.0,751.33002,0.0,69.0,15,266,35673,0,
98,1.0,0.0,2.444,,,7,95.00202238906576,115.1568188719346,pobre,0,0,0.0,751.33002,0.0,69.0,16,266,35673,0,
97,0.0,0.0,2.444,1.0,1.0,7,95.00202238906576,115.1568188719346,pobre,0,0,0.0,751.33002,0.0,69.0,12,266,35674,1,1.0
98,0.0,0.0,2.444,1.0,2.0,7,95.00202238906576,115.1568188719346,pobre,0,0,0.0,751.33002,0.0,69.0,13,266,35674,1,1.0
97,1.0,0.0,2.444,1.0,1.0,7,95.00202238906576,115.1568188719346,pobre,0,0,0.0,751.33002,0.0,69.0,6,266,35675,1,1.0
98,1.0,0.0,2.444,1.0,2.0,7,95.00202238906576,115.1568188719346,pobre,0,0,0.0,751.33002,0.0,69.0,7,266,35675,1,1.0
97,1.0,0.0,2.444,0.0,4.0,2,95.00202238906576,115.1568188719346,pobre,0,0,0.0,1050.0,0.0,54.0,14,266,35676,4,0.0
98,1.0,0.0,2.444,,,2,95.00202238906576,115.1568188719346,pobre,0,0,0.0,1050.0,0.0,54.0,15,266,35676,4,0.0
97,1.0,0.0,2.444,,0.0,10,95.00202238906576,115.1568188719346,pobre,0,0,0.0,730.0,1.0,54.0,15,266,35677,0,
98,1.0,0.0,2.444,,,10,95.00202238906576,115.1568188719346,pobre,0,0,0.0,730.0,1.0,54.0,16,266,35677,0,
97,1.0,0.0,2.444,0.0,6.0,10,95.00202238906576,115.1568188719346,pobre,0,0,0.0,730.0,1.0,54.0,13,266,35678,6,0.0
98,1.0,0.0,2.444,,,10,95.00202238906576,115.1568188719346,pobre,0,0,0.0,730.0,1.0,54.0,14,266,35678,6,0.0
97,1.0,0.0,2.444,1.0,3.0,10,95.00202238906576,115.1568188719346,pobre,0,0,0.0,730.0,1.0,54.0,10,266,35679,3,1.0
98,1.0,0.0,2.444,1.0,3.0,10,95.00202238906576,115.1568188719346,pobre,0,0,0.0,730.0,1.0,54.0,11,266,35679,3,1.0
97,0.0,0.0,2.444,1.0,1.0,10,95.00202238906576,115.1568188719346,pobre,0,0,0.0,730.0,1.0,54.0,7,266,35680,1,1.0
98,0.0,0.0,2.444,1.0,2.0,10,95.00202238906576,115.1568188719346,pobre,0,0,0.0,730.0,1.0,54.0,8,266,35680,1,1.0
97,0.0,0.0,3.3729999,,0.0,4,85.30027246259445,105.8786688109714,pobre,basal,3,400.0,722.14001,0.0,36.0,14,263,35681,0,
98,0.0,0.0,3.3729999,,,4,85.30027246259445,105.8786688109714,pobre,basal,3,400.0,722.14001,0.0,36.0,15,263,35681,0,
97,1.0,0.0,3.3729999,1.0,2.0,4,85.30027246259445,105.8786688109714,pobre,basal,3,400.0,722.14001,0.0,36.0,11,263,35682,2,1.0
98,1.0,0.0,3.3729999,1.0,6.0,4,85.30027246259445,105.8786688109714,pobre,basal,3,400.0,722.14001,0.0,36.0,12,263,35682,2,1.0
97,1.0,0.0,3.3729999,1.0,8.0,7,85.30027246259445,105.8786688109714,no pobre,basal,6,0.0,864.5,1.0,52.0,15,263,35683,8,1.0
98,1.0,0.0,3.3729999,,,7,85.30027246259445,105.8786688109714,no pobre,basal,6,0.0,864.5,1.0,52.0,16,263,35683,8,1.0
97,1.0,0.0,3.3729999,1.0,8.0,5,85.30027246259445,105.8786688109714,no pobre,basal,3,1600.0,1076.5,1.0,53.0,15,263,35684,8,1.0
98,1.0,0.0,3.3729999,1.0,9.0,5,85.30027246259445,105.8786688109714,no pobre,basal,3,1600.0,1076.5,1.0,53.0,16,263,35684,8,1.0
97,0.0,0.0,2.444,1.0,6.0,7,95.00202238906576,115.1568188719346,no pobre,0,0,500.0,998.0,1.0,47.0,12,266,35685,6,1.0
98,0.0,0.0,2.444,1.0,7.0,7,95.00202238906576,115.1568188719346,no pobre,0,0,500.0,998.0,1.0,47.0,13,266,35685,6,1.0
97,0.0,0.0,2.444,0.0,6.0,8,95.00202238906576,115.1568188719346,pobre,0,3,500.0,756.66998,1.0,45.0,15,266,35686,6,0.0
98,0.0,0.0,2.444,0.0,6.0,8,95.00202238906576,115.1568188719346,pobre,0,3,500.0,756.66998,1.0,45.0,16,266,35686,6,0.0
97,1.0,0.0,2.444,1.0,6.0,8,95.00202238906576,115.1568188719346,pobre,0,3,500.0,756.66998,1.0,45.0,13,266,35687,6,1.0
98,1.0,0.0,2.444,1.0,3.0,8,95.00202238906576,115.1568188719346,pobre,0,3,500.0,756.66998,1.0,45.0,14,266,35687,6,1.0
97,0.0,0.0,2.444,1.0,5.0,8,95.00202238906576,115.1568188719346,pobre,0,3,500.0,756.66998,1.0,45.0,11,266,35688,5,1.0
98,0.0,0.0,2.444,1.0,6.0,8,95.00202238906576,115.1568188719346,pobre,0,3,500.0,756.66998,1.0,45.0,12,266,35688,5,1.0
97,0.0,0.0,2.444,1.0,3.0,8,95.00202238906576,115.1568188719346,pobre,0,3,500.0,756.66998,1.0,45.0,8,266,35689,3,1.0
98,0.0,0.0,2.444,1.0,4.0,8,95.00202238906576,115.1568188719346,pobre,0,3,500.0,756.66998,1.0,45.0,9,266,35689,3,1.0
97,1.0,0.0,2.444,1.0,3.0,4,95.00202238906576,115.1568188719346,no pobre,0,6,375.0,776.0,1.0,30.0,9,266,35690,3,1.0
98,1.0,0.0,2.444,1.0,4.0,4,95.00202238906576,115.1568188719346,no pobre,0,6,375.0,776.0,1.0,30.0,10,266,35690,3,1.0
97,0.0,0.0,2.444,1.0,2.0,4,95.00202238906576,115.1568188719346,no pobre,0,6,375.0,776.0,1.0,30.0,7,266,35691,2,1.0
98,0.0,0.0,2.444,1.0,3.0,4,95.00202238906576,115.1568188719346,no pobre,0,6,375.0,776.0,1.0,30.0,8,266,35691,2,1.0
97,1.0,0.0,2.444,1.0,4.0,3,95.00202238906576,115.1568188719346,pobre,0,3,800.0,769.0,1.0,36.0,11,266,35692,4,1.0
98,1.0,0.0,2.444,1.0,5.0,3,95.00202238906576,115.1568188719346,pobre,0,3,800.0,769.0,1.0,36.0,12,266,35692,4,1.0
97,0.0,0.0,2.444,1.0,4.0,8,95.00202238906576,115.1568188719346,pobre,0,3,500.0,556.0,1.0,40.0,12,266,35693,4,1.0
98,0.0,0.0,2.444,,,8,95.00202238906576,115.1568188719346,pobre,0,3,500.0,556.0,1.0,40.0,13,266,35693,4,1.0
97,0.0,0.0,2.444,1.0,3.0,8,95.00202238906576,115.1568188719346,pobre,0,3,500.0,556.0,1.0,40.0,10,266,35694,3,1.0
98,0.0,0.0,2.444,,,8,95.00202238906576,115.1568188719346,pobre,0,3,500.0,556.0,1.0,40.0,11,266,35694,3,1.0
97,0.0,0.0,2.444,1.0,2.0,8,95.00202238906576,115.1568188719346,pobre,0,3,500.0,556.0,1.0,40.0,7,266,35695,2,1.0
98,0.0,0.0,2.444,,,8,95.00202238906576,115.1568188719346,pobre,0,3,500.0,556.0,1.0,40.0,8,266,35695,2,1.0
97,1.0,0.0,2.444,1.0,5.0,4,95.00202238906576,115.1568188719346,pobre,0,3,500.0,759.0,1.0,42.0,11,266,35696,5,1.0
98,1.0,0.0,2.444,1.0,6.0,4,95.00202238906576,115.1568188719346,pobre,0,3,500.0,759.0,1.0,42.0,12,266,35696,5,1.0
97,1.0,0.0,2.444,0.0,6.0,11,95.00202238906576,115.1568188719346,pobre,0,0,0.0,748.0,1.0,47.0,15,266,35697,6,0.0
98,1.0,0.0,2.444,0.0,6.0,11,95.00202238906576,115.1568188719346,pobre,0,0,0.0,748.0,1.0,47.0,16,266,35697,6,0.0
97,1.0,0.0,2.444,0.0,6.0,11,95.00202238906576,115.1568188719346,pobre,0,0,0.0,748.0,1.0,47.0,13,266,35698,6,0.0
98,1.0,0.0,2.444,0.0,6.0,11,95.00202238906576,115.1568188719346,pobre,0,0,0.0,748.0,1.0,47.0,14,266,35698,6,0.0
97,1.0,0.0,2.444,1.0,2.0,11,95.00202238906576,115.1568188719346,pobre,0,0,0.0,748.0,1.0,47.0,10,266,35699,2,1.0
98,1.0,0.0,2.444,,,11,95.00202238906576,115.1568188719346,pobre,0,0,0.0,748.0,1.0,47.0,11,266,35699,2,1.0
97,1.0,0.0,2.444,1.0,1.0,11,95.00202238906576,115.1568188719346,pobre,0,0,0.0,748.0,1.0,47.0,8,266,35700,1,1.0
98,1.0,0.0,2.444,,,11,95.00202238906576,115.1568188719346,pobre,0,0,0.0,748.0,1.0,47.0,9,266,35700,1,1.0
97,0.0,0.0,2.444,0.0,6.0,6,95.00202238906576,115.1568188719346,no pobre,0,1,500.0,946.0,1.0,41.0,14,266,35701,6,0.0
98,0.0,0.0,2.444,,,6,95.00202238906576,115.1568188719346,no pobre,0,1,500.0,946.0,1.0,41.0,15,266,35701,6,0.0
97,0.0,0.0,2.444,0.0,6.0,12,95.00202238906576,115.1568188719346,no pobre,0,3,0.0,834.0,1.0,55.0,16,266,35702,6,0.0
98,0.0,0.0,2.444,,,12,95.00202238906576,115.1568188719346,no pobre,0,3,0.0,834.0,1.0,55.0,17,266,35702,6,0.0
97,1.0,0.0,2.444,1.0,5.0,12,95.00202238906576,115.1568188719346,no pobre,0,3,0.0,834.0,1.0,55.0,14,266,35703,5,1.0
98,1.0,0.0,2.444,0.0,6.0,12,95.00202238906576,115.1568188719346,no pobre,0,3,0.0,834.0,1.0,55.0,15,266,35703,5,1.0
97,1.0,0.0,2.444,1.0,3.0,12,95.00202238906576,115.1568188719346,no pobre,0,3,0.0,834.0,1.0,55.0,10,266,35704,3,1.0
98,1.0,0.0,2.444,1.0,4.0,12,95.00202238906576,115.1568188719346,no pobre,0,3,0.0,834.0,1.0,55.0,11,266,35704,3,1.0
97,0.0,0.0,2.444,1.0,1.0,12,95.00202238906576,115.1568188719346,no pobre,0,3,0.0,834.0,1.0,55.0,9,266,35705,1,1.0
98,0.0,0.0,2.444,1.0,2.0,12,95.00202238906576,115.1568188719346,no pobre,0,3,0.0,834.0,1.0,55.0,10,266,35705,1,1.0
97,1.0,0.0,2.444,1.0,3.0,12,95.00202238906576,115.1568188719346,no pobre,0,3,0.0,834.0,1.0,55.0,7,266,35706,3,1.0
98,1.0,0.0,2.444,1.0,3.0,12,95.00202238906576,115.1568188719346,no pobre,0,3,0.0,834.0,1.0,55.0,8,266,35706,3,1.0
97,1.0,0.0,2.444,0.0,9.0,4,95.00202238906576,115.1568188719346,no pobre,0,6,1000.0,1162.0,1.0,50.0,16,266,35707,9,0.0
98,1.0,0.0,2.444,,,4,95.00202238906576,115.1568188719346,no pobre,0,6,1000.0,1162.0,1.0,50.0,17,266,35707,9,0.0
97,0.0,0.0,2.444,1.0,2.0,4,95.00202238906576,115.1568188719346,no pobre,0,6,1000.0,1162.0,1.0,50.0,7,266,35708,2,1.0
98,0.0,0.0,2.444,1.0,3.0,4,95.00202238906576,115.1568188719346,no pobre,0,6,1000.0,1162.0,1.0,50.0,8,266,35708,2,1.0
97,0.0,0.0,2.444,0.0,6.0,8,95.00202238906576,115.1568188719346,pobre,0,4,1300.0,712.0,1.0,46.0,14,266,35709,6,0.0
98,0.0,0.0,2.444,,,8,95.00202238906576,115.1568188719346,pobre,0,4,1300.0,712.0,1.0,46.0,15,266,35709,6,0.0
97,0.0,0.0,2.444,0.0,6.0,8,95.00202238906576,115.1568188719346,pobre,0,4,1300.0,712.0,1.0,46.0,11,266,35710,6,0.0
98,0.0,0.0,2.444,,,8,95.00202238906576,115.1568188719346,pobre,0,4,1300.0,712.0,1.0,46.0,12,266,35710,6,0.0
97,1.0,0.0,2.444,1.0,4.0,8,95.00202238906576,115.1568188719346,pobre,0,4,1300.0,712.0,1.0,46.0,10,266,35711,4,1.0
98,1.0,0.0,2.444,1.0,4.0,8,95.00202238906576,115.1568188719346,pobre,0,4,1300.0,712.0,1.0,46.0,11,266,35711,4,1.0
97,0.0,0.0,2.444,1.0,1.0,8,95.00202238906576,115.1568188719346,pobre,0,4,1300.0,712.0,1.0,46.0,7,266,35712,1,1.0
98,0.0,0.0,2.444,1.0,2.0,8,95.00202238906576,115.1568188719346,pobre,0,4,1300.0,712.0,1.0,46.0,8,266,35712,1,1.0
97,1.0,0.0,2.444,0.0,6.0,7,95.00202238906576,115.1568188719346,no pobre,0,3,0.0,807.75,1.0,62.0,16,266,35713,6,0.0
98,1.0,0.0,2.444,,,7,95.00202238906576,115.1568188719346,no pobre,0,3,0.0,807.75,1.0,62.0,17,266,35713,6,0.0
97,0.0,0.0,2.444,0.0,6.0,7,95.00202238906576,115.1568188719346,no pobre,0,3,0.0,807.75,1.0,62.0,14,266,35714,6,0.0
98,0.0,0.0,2.444,0.0,6.0,7,95.00202238906576,115.1568188719346,no pobre,0,3,0.0,807.75,1.0,62.0,15,266,35714,6,0.0
97,0.0,0.0,2.444,1.0,3.0,7,95.00202238906576,115.1568188719346,no pobre,0,3,0.0,807.75,1.0,62.0,8,266,35715,3,1.0
98,0.0,0.0,2.444,1.0,3.0,7,95.00202238906576,115.1568188719346,no pobre,0,3,0.0,807.75,1.0,62.0,9,266,35715,3,1.0
97,1.0,0.0,2.444,0.0,6.0,6,95.00202238906576,115.1568188719346,no pobre,0,3,800.0,1054.0,1.0,60.0,15,266,35716,6,0.0
98,1.0,0.0,2.444,0.0,6.0,6,95.00202238906576,115.1568188719346,no pobre,0,3,800.0,1054.0,1.0,60.0,16,266,35716,6,0.0
97,1.0,0.0,2.444,1.0,7.0,7,95.00202238906576,115.1568188719346,no pobre,0,9,1200.0,781.0,1.0,36.0,12,266,35717,7,1.0
98,1.0,0.0,2.444,1.0,8.0,7,95.00202238906576,115.1568188719346,no pobre,0,9,1200.0,781.0,1.0,36.0,13,266,35717,7,1.0
97,0.0,0.0,2.444,1.0,5.0,7,95.00202238906576,115.1568188719346,no pobre,0,9,1200.0,781.0,1.0,36.0,11,266,35718,5,1.0
98,0.0,0.0,2.444,1.0,6.0,7,95.00202238906576,115.1568188719346,no pobre,0,9,1200.0,781.0,1.0,36.0,12,266,35718,5,1.0
97,1.0,0.0,2.444,1.0,4.0,7,95.00202238906576,115.1568188719346,no pobre,0,9,1200.0,781.0,1.0,36.0,9,266,35719,4,1.0
98,1.0,0.0,2.444,1.0,5.0,7,95.00202238906576,115.1568188719346,no pobre,0,9,1200.0,781.0,1.0,36.0,10,266,35719,4,1.0
97,1.0,0.0,2.444,1.0,2.0,7,95.00202238906576,115.1568188719346,no pobre,0,9,1200.0,781.0,1.0,36.0,7,266,35720,2,1.0
98,1.0,0.0,2.444,1.0,3.0,7,95.00202238906576,115.1568188719346,no pobre,0,9,1200.0,781.0,1.0,36.0,8,266,35720,2,1.0
97,0.0,0.0,2.444,0.0,5.0,3,95.00202238906576,115.1568188719346,no pobre,0,4,800.0,809.5,0.0,35.0,16,266,35721,5,0.0
98,0.0,0.0,2.444,,,3,95.00202238906576,115.1568188719346,no pobre,0,4,800.0,809.5,0.0,35.0,17,266,35721,5,0.0
97,0.0,0.0,2.444,0.0,2.0,3,95.00202238906576,115.1568188719346,no pobre,0,4,800.0,809.5,0.0,35.0,14,266,35722,2,0.0
98,0.0,0.0,2.444,0.0,2.0,3,95.00202238906576,115.1568188719346,no pobre,0,4,800.0,809.5,0.0,35.0,15,266,35722,2,0.0
97,1.0,0.0,2.444,1.0,10.0,10,95.00202238906576,115.1568188719346,pobre,0,0,0.0,687.0,1.0,51.0,16,266,35723,10,1.0
98,1.0,0.0,2.444,1.0,10.0,10,95.00202238906576,115.1568188719346,pobre,0,0,0.0,687.0,1.0,51.0,17,266,35723,10,1.0
97,1.0,0.0,2.444,1.0,8.0,10,95.00202238906576,115.1568188719346,pobre,0,0,0.0,687.0,1.0,51.0,15,266,35724,8,1.0
98,1.0,0.0,2.444,1.0,9.0,10,95.00202238906576,115.1568188719346,pobre,0,0,0.0,687.0,1.0,51.0,16,266,35724,8,1.0
97,1.0,0.0,2.444,1.0,6.0,10,95.00202238906576,115.1568188719346,pobre,0,0,0.0,687.0,1.0,51.0,13,266,35725,6,1.0
98,1.0,0.0,2.444,1.0,7.0,10,95.00202238906576,115.1568188719346,pobre,0,0,0.0,687.0,1.0,51.0,14,266,35725,6,1.0
97,1.0,0.0,2.444,1.0,4.0,10,95.00202238906576,115.1568188719346,pobre,0,0,0.0,687.0,1.0,51.0,11,266,35726,4,1.0
98,1.0,0.0,2.444,1.0,5.0,10,95.00202238906576,115.1568188719346,pobre,0,0,0.0,687.0,1.0,51.0,12,266,35726,4,1.0
97,0.0,0.0,2.444,1.0,3.0,10,95.00202238906576,115.1568188719346,pobre,0,0,0.0,687.0,1.0,51.0,9,266,35727,3,1.0
98,0.0,0.0,2.444,1.0,4.0,10,95.00202238906576,115.1568188719346,pobre,0,0,0.0,687.0,1.0,51.0,10,266,35727,3,1.0
97,1.0,0.0,2.444,1.0,1.0,10,95.00202238906576,115.1568188719346,pobre,0,0,0.0,687.0,1.0,51.0,7,266,35728,1,1.0
98,1.0,0.0,2.444,1.0,2.0,10,95.00202238906576,115.1568188719346,pobre,0,0,0.0,687.0,1.0,51.0,8,266,35728,1,1.0
97,0.0,0.0,2.444,1.0,4.0,4,95.00202238906576,115.1568188719346,pobre,0,3,500.0,847.0,1.0,31.0,10,266,35729,4,1.0
98,0.0,0.0,2.444,1.0,5.0,4,95.00202238906576,115.1568188719346,pobre,0,3,500.0,847.0,1.0,31.0,11,266,35729,4,1.0
97,1.0,0.0,2.444,1.0,3.0,4,95.00202238906576,115.1568188719346,pobre,0,3,500.0,847.0,1.0,31.0,9,266,35730,3,1.0
98,1.0,0.0,2.444,1.0,4.0,4,95.00202238906576,115.1568188719346,pobre,0,3,500.0,847.0,1.0,31.0,10,266,35730,3,1.0
97,0.0,0.0,2.444,0.0,6.0,7,95.00202238906576,115.1568188719346,pobre,0,0,0.0,768.0,0.0,70.0,14,266,35731,6,0.0
98,0.0,0.0,2.444,,,7,95.00202238906576,115.1568188719346,pobre,0,0,0.0,768.0,0.0,70.0,15,266,35731,6,0.0
97,0.0,1.0,3.3729999,1.0,5.0,7,85.30027246259445,105.8786688109714,pobre,basal,6,625.0,573.0,1.0,35.0,12,263,35732,5,1.0
98,0.0,1.0,3.3729999,1.0,6.0,7,85.30027246259445,105.8786688109714,pobre,basal,6,625.0,573.0,1.0,35.0,13,263,35732,5,1.0
97,1.0,1.0,3.3729999,1.0,4.0,7,85.30027246259445,105.8786688109714,pobre,basal,6,625.0,573.0,1.0,35.0,10,263,35733,4,1.0
98,1.0,1.0,3.3729999,1.0,5.0,7,85.30027246259445,105.8786688109714,pobre,basal,6,625.0,573.0,1.0,35.0,11,263,35733,4,1.0
97,0.0,0.0,3.3729999,1.0,2.0,5,85.30027246259445,105.8786688109714,pobre,basal,4,625.0,650.0,1.0,35.0,7,263,35734,2,1.0
98,0.0,0.0,3.3729999,1.0,2.0,5,85.30027246259445,105.8786688109714,pobre,basal,4,625.0,650.0,1.0,35.0,8,263,35734,2,1.0
97,1.0,0.0,3.3729999,1.0,5.0,6,85.30027246259445,105.8786688109714,pobre,basal,2,0.0,618.0,0.0,68.0,13,263,35735,5,1.0
98,1.0,0.0,3.3729999,1.0,6.0,6,85.30027246259445,105.8786688109714,pobre,basal,2,0.0,618.0,0.0,68.0,14,263,35735,5,1.0
97,1.0,0.0,3.3729999,1.0,4.0,6,85.30027246259445,105.8786688109714,pobre,basal,2,0.0,618.0,0.0,68.0,10,263,35736,4,1.0
98,1.0,0.0,3.3729999,1.0,4.0,6,85.30027246259445,105.8786688109714,pobre,basal,2,0.0,618.0,0.0,68.0,11,263,35736,4,1.0
97,0.0,0.0,3.3729999,1.0,2.0,6,85.30027246259445,105.8786688109714,pobre,basal,2,0.0,618.0,0.0,68.0,8,263,35737,2,1.0
98,0.0,0.0,3.3729999,1.0,3.0,6,85.30027246259445,105.8786688109714,pobre,basal,2,0.0,618.0,0.0,68.0,9,263,35737,2,1.0
97,0.0,0.0,3.3729999,0.0,4.0,7,85.30027246259445,105.8786688109714,no pobre,basal,4,625.0,953.5,1.0,44.0,11,263,35738,4,0.0
98,0.0,0.0,3.3729999,0.0,4.0,7,85.30027246259445,105.8786688109714,no pobre,basal,4,625.0,953.5,1.0,44.0,12,263,35738,4,0.0
97,0.0,0.0,3.3729999,1.0,3.0,7,85.30027246259445,105.8786688109714,no pobre,basal,4,625.0,953.5,1.0,44.0,9,263,35739,3,1.0
98,0.0,0.0,3.3729999,1.0,4.0,7,85.30027246259445,105.8786688109714,no pobre,basal,4,625.0,953.5,1.0,44.0,10,263,35739,3,1.0
97,1.0,0.0,3.3729999,1.0,2.0,7,85.30027246259445,105.8786688109714,no pobre,basal,4,625.0,953.5,1.0,44.0,8,263,35740,2,1.0
98,1.0,0.0,3.3729999,1.0,3.0,7,85.30027246259445,105.8786688109714,no pobre,basal,4,625.0,953.5,1.0,44.0,9,263,35740,2,1.0
97,0.0,0.0,3.3729999,1.0,1.0,7,85.30027246259445,105.8786688109714,no pobre,basal,4,625.0,953.5,1.0,44.0,6,263,35741,1,1.0
98,0.0,0.0,3.3729999,1.0,1.0,7,85.30027246259445,105.8786688109714,no pobre,basal,4,625.0,953.5,1.0,44.0,7,263,35741,1,1.0
97,0.0,0.0,3.3729999,0.0,6.0,4,85.30027246259445,105.8786688109714,no pobre,basal,3,0.0,812.0,1.0,62.0,16,263,35742,6,0.0
98,0.0,0.0,3.3729999,,,4,85.30027246259445,105.8786688109714,no pobre,basal,3,0.0,812.0,1.0,62.0,17,263,35742,6,0.0
97,1.0,0.0,3.3729999,1.0,7.0,4,85.30027246259445,105.8786688109714,no pobre,basal,3,0.0,812.0,1.0,62.0,14,263,35743,7,1.0
98,1.0,0.0,3.3729999,1.0,8.0,4,85.30027246259445,105.8786688109714,no pobre,basal,3,0.0,812.0,1.0,62.0,15,263,35743,7,1.0
97,1.0,0.0,3.3729999,1.0,2.0,4,85.30027246259445,105.8786688109714,pobre,basal,6,400.0,742.0,1.0,25.0,9,263,35744,2,1.0
98,1.0,0.0,3.3729999,1.0,3.0,4,85.30027246259445,105.8786688109714,pobre,basal,6,400.0,742.0,1.0,25.0,10,263,35744,2,1.0
97,1.0,0.0,3.3729999,1.0,5.0,5,85.30027246259445,105.8786688109714,pobre,basal,9,625.0,705.0,1.0,30.0,11,263,35745,5,1.0
98,1.0,0.0,3.3729999,,,5,85.30027246259445,105.8786688109714,pobre,basal,9,625.0,705.0,1.0,30.0,12,263,35745,5,1.0
97,0.0,0.0,3.3729999,1.0,4.0,5,85.30027246259445,105.8786688109714,pobre,basal,9,625.0,705.0,1.0,30.0,10,263,35746,4,1.0
98,0.0,0.0,3.3729999,1.0,4.0,5,85.30027246259445,105.8786688109714,pobre,basal,9,625.0,705.0,1.0,30.0,11,263,35746,4,1.0
97,1.0,0.0,3.3729999,1.0,2.0,5,85.30027246259445,105.8786688109714,pobre,basal,9,625.0,705.0,1.0,30.0,9,263,35747,2,1.0
98,1.0,0.0,3.3729999,1.0,2.0,5,85.30027246259445,105.8786688109714,pobre,basal,9,625.0,705.0,1.0,30.0,10,263,35747,2,1.0
97,1.0,0.0,3.3729999,1.0,2.0,7,85.30027246259445,105.8786688109714,pobre,basal,6,0.0,510.0,1.0,32.0,10,263,35748,2,1.0
98,1.0,0.0,3.3729999,1.0,3.0,7,85.30027246259445,105.8786688109714,pobre,basal,6,0.0,510.0,1.0,32.0,11,263,35748,2,1.0
97,0.0,0.0,3.3729999,1.0,2.0,7,85.30027246259445,105.8786688109714,pobre,basal,6,0.0,510.0,1.0,32.0,9,263,35749,2,1.0
98,0.0,0.0,3.3729999,1.0,3.0,7,85.30027246259445,105.8786688109714,pobre,basal,6,0.0,510.0,1.0,32.0,10,263,35749,2,1.0
97,1.0,0.0,3.3729999,1.0,4.0,5,85.30027246259445,105.8786688109714,pobre,basal,6,120.0,610.0,1.0,38.0,10,263,35750,4,1.0
98,1.0,0.0,3.3729999,1.0,5.0,5,85.30027246259445,105.8786688109714,pobre,basal,6,120.0,610.0,1.0,38.0,11,263,35750,4,1.0
97,0.0,0.0,3.3729999,1.0,2.0,5,85.30027246259445,105.8786688109714,pobre,basal,6,120.0,610.0,1.0,38.0,9,263,35751,2,1.0
98,0.0,0.0,3.3729999,1.0,3.0,5,85.30027246259445,105.8786688109714,pobre,basal,6,120.0,610.0,1.0,38.0,10,263,35751,2,1.0
97,0.0,0.0,3.3729999,1.0,12.0,10,85.30027246259445,105.8786688109714,no pobre,basal,6,0.0,994.0,1.0,40.0,16,263,35752,12,1.0
98,0.0,0.0,3.3729999,,,10,85.30027246259445,105.8786688109714,no pobre,basal,6,0.0,994.0,1.0,40.0,17,263,35752,12,1.0
97,1.0,0.0,3.3729999,1.0,8.0,10,85.30027246259445,105.8786688109714,no pobre,basal,6,0.0,994.0,1.0,40.0,15,263,35753,8,1.0
98,1.0,0.0,3.3729999,,,10,85.30027246259445,105.8786688109714,no pobre,basal,6,0.0,994.0,1.0,40.0,16,263,35753,8,1.0
97,0.0,0.0,3.3729999,1.0,8.0,10,85.30027246259445,105.8786688109714,no pobre,basal,6,0.0,994.0,1.0,40.0,13,263,35754,8,1.0
98,0.0,0.0,3.3729999,,,10,85.30027246259445,105.8786688109714,no pobre,basal,6,0.0,994.0,1.0,40.0,14,263,35754,8,1.0
97,0.0,0.0,3.3729999,1.0,1.0,10,85.30027246259445,105.8786688109714,no pobre,basal,6,0.0,994.0,1.0,40.0,7,263,35755,1,1.0
98,0.0,0.0,3.3729999,,,10,85.30027246259445,105.8786688109714,no pobre,basal,6,0.0,994.0,1.0,40.0,8,263,35755,1,1.0
97,0.0,0.0,3.3729999,1.0,10.0,9,85.30027246259445,105.8786688109714,pobre,basal,6,1000.0,607.0,1.0,44.0,15,263,35756,10,1.0
98,0.0,0.0,3.3729999,1.0,5.0,9,85.30027246259445,105.8786688109714,pobre,basal,6,1000.0,607.0,1.0,44.0,16,263,35756,10,1.0
97,1.0,0.0,3.3729999,1.0,8.0,9,85.30027246259445,105.8786688109714,pobre,basal,6,1000.0,607.0,1.0,44.0,13,263,35757,8,1.0
98,1.0,0.0,3.3729999,1.0,8.0,9,85.30027246259445,105.8786688109714,pobre,basal,6,1000.0,607.0,1.0,44.0,14,263,35757,8,1.0
97,1.0,0.0,3.3729999,1.0,5.0,9,85.30027246259445,105.8786688109714,pobre,basal,6,1000.0,607.0,1.0,44.0,11,263,35758,5,1.0
98,1.0,0.0,3.3729999,1.0,5.0,9,85.30027246259445,105.8786688109714,pobre,basal,6,1000.0,607.0,1.0,44.0,12,263,35758,5,1.0
97,0.0,0.0,3.3729999,1.0,3.0,9,85.30027246259445,105.8786688109714,pobre,basal,6,1000.0,607.0,1.0,44.0,9,263,35759,3,1.0
98,0.0,0.0,3.3729999,1.0,3.0,9,85.30027246259445,105.8786688109714,pobre,basal,6,1000.0,607.0,1.0,44.0,10,263,35759,3,1.0
97,0.0,0.0,3.3729999,1.0,1.0,9,85.30027246259445,105.8786688109714,pobre,basal,6,1000.0,607.0,1.0,44.0,7,263,35760,1,1.0
98,0.0,0.0,3.3729999,1.0,2.0,9,85.30027246259445,105.8786688109714,pobre,basal,6,1000.0,607.0,1.0,44.0,8,263,35760,1,1.0
97,0.0,0.0,3.3729999,1.0,9.0,6,85.30027246259445,105.8786688109714,no pobre,basal,6,0.0,949.0,1.0,42.0,15,263,35761,9,1.0
98,0.0,0.0,3.3729999,,,6,85.30027246259445,105.8786688109714,no pobre,basal,6,0.0,949.0,1.0,42.0,16,263,35761,9,1.0
97,0.0,0.0,3.3729999,1.0,7.0,6,85.30027246259445,105.8786688109714,no pobre,basal,6,0.0,949.0,1.0,42.0,13,263,35762,7,1.0
98,0.0,0.0,3.3729999,1.0,7.0,6,85.30027246259445,105.8786688109714,no pobre,basal,6,0.0,949.0,1.0,42.0,14,263,35762,7,1.0
97,0.0,0.0,3.3729999,1.0,5.0,6,85.30027246259445,105.8786688109714,no pobre,basal,6,0.0,949.0,1.0,42.0,10,263,35763,5,1.0
98,0.0,0.0,3.3729999,1.0,5.0,6,85.30027246259445,105.8786688109714,no pobre,basal,6,0.0,949.0,1.0,42.0,11,263,35763,5,1.0
97,0.0,0.0,3.3729999,1.0,6.0,9,85.30027246259445,105.8786688109714,pobre,basal,4,0.0,823.0,1.0,70.0,12,263,35764,6,1.0
98,0.0,0.0,3.3729999,1.0,6.0,9,85.30027246259445,105.8786688109714,pobre,basal,4,0.0,823.0,1.0,70.0,13,263,35764,6,1.0
97,0.0,0.0,3.3729999,1.0,2.0,9,85.30027246259445,105.8786688109714,pobre,basal,4,0.0,823.0,1.0,70.0,7,263,35765,2,1.0
98,0.0,0.0,3.3729999,1.0,2.0,9,85.30027246259445,105.8786688109714,pobre,basal,4,0.0,823.0,1.0,70.0,8,263,35765,2,1.0
97,0.0,0.0,3.3729999,1.0,8.0,6,85.30027246259445,105.8786688109714,no pobre,basal,0,625.0,882.0,1.0,55.0,15,263,35766,8,1.0
98,0.0,0.0,3.3729999,,,6,85.30027246259445,105.8786688109714,no pobre,basal,0,625.0,882.0,1.0,55.0,16,263,35766,8,1.0
97,1.0,0.0,3.3729999,1.0,7.0,6,85.30027246259445,105.8786688109714,no pobre,basal,0,625.0,882.0,1.0,55.0,13,263,35767,7,1.0
98,1.0,0.0,3.3729999,,,6,85.30027246259445,105.8786688109714,no pobre,basal,0,625.0,882.0,1.0,55.0,14,263,35767,7,1.0
97,0.0,1.0,3.3729999,0.0,6.0,5,85.30027246259445,105.8786688109714,pobre,basal,10,2200.0,908.66998,1.0,36.0,15,263,35768,6,0.0
98,0.0,1.0,3.3729999,,,5,85.30027246259445,105.8786688109714,pobre,basal,10,2200.0,908.66998,1.0,36.0,16,263,35768,6,0.0
97,1.0,0.0,3.3729999,,0.0,6,85.30027246259445,105.8786688109714,pobre,basal,4,500.0,737.0,1.0,46.0,15,263,35769,0,
98,1.0,0.0,3.3729999,0.0,6.0,6,85.30027246259445,105.8786688109714,pobre,basal,4,500.0,737.0,1.0,46.0,16,263,35769,0,
97,0.0,0.0,3.3729999,0.0,6.0,8,85.30027246259445,105.8786688109714,pobre,basal,4,625.0,530.0,1.0,43.0,15,263,35770,6,0.0
98,0.0,0.0,3.3729999,,,8,85.30027246259445,105.8786688109714,pobre,basal,4,625.0,530.0,1.0,43.0,16,263,35770,6,0.0
97,1.0,0.0,3.3729999,1.0,4.0,8,85.30027246259445,105.8786688109714,pobre,basal,4,625.0,530.0,1.0,43.0,13,263,35771,4,1.0
98,1.0,0.0,3.3729999,1.0,5.0,8,85.30027246259445,105.8786688109714,pobre,basal,4,625.0,530.0,1.0,43.0,14,263,35771,4,1.0
97,0.0,0.0,3.3729999,1.0,5.0,8,85.30027246259445,105.8786688109714,pobre,basal,4,625.0,530.0,1.0,43.0,11,263,35772,5,1.0
98,0.0,0.0,3.3729999,1.0,5.0,8,85.30027246259445,105.8786688109714,pobre,basal,4,625.0,530.0,1.0,43.0,12,263,35772,5,1.0
97,0.0,0.0,3.3729999,1.0,3.0,8,85.30027246259445,105.8786688109714,pobre,basal,4,625.0,530.0,1.0,43.0,9,263,35773,3,1.0
98,0.0,0.0,3.3729999,1.0,3.0,8,85.30027246259445,105.8786688109714,pobre,basal,4,625.0,530.0,1.0,43.0,10,263,35773,3,1.0
97,1.0,0.0,3.3729999,1.0,1.0,8,85.30027246259445,105.8786688109714,pobre,basal,4,625.0,530.0,1.0,43.0,6,263,35774,1,1.0
98,1.0,0.0,3.3729999,1.0,1.0,8,85.30027246259445,105.8786688109714,pobre,basal,4,625.0,530.0,1.0,43.0,7,263,35774,1,1.0
97,0.0,0.0,3.3729999,1.0,9.0,7,85.30027246259445,105.8786688109714,pobre,basal,6,1300.0,607.0,1.0,40.0,15,263,35775,9,1.0
98,0.0,0.0,3.3729999,0.0,9.0,7,85.30027246259445,105.8786688109714,pobre,basal,6,1300.0,607.0,1.0,40.0,16,263,35775,9,1.0
97,1.0,0.0,3.3729999,0.0,5.0,7,85.30027246259445,105.8786688109714,pobre,basal,6,1300.0,607.0,1.0,40.0,12,263,35776,5,0.0
98,1.0,0.0,3.3729999,0.0,6.0,7,85.30027246259445,105.8786688109714,pobre,basal,6,1300.0,607.0,1.0,40.0,13,263,35776,5,0.0
97,1.0,0.0,3.3729999,1.0,5.0,7,85.30027246259445,105.8786688109714,pobre,basal,6,1300.0,607.0,1.0,40.0,10,263,35777,5,1.0
98,1.0,0.0,3.3729999,1.0,6.0,7,85.30027246259445,105.8786688109714,pobre,basal,6,1300.0,607.0,1.0,40.0,11,263,35777,5,1.0
97,1.0,0.0,3.3729999,1.0,1.0,7,85.30027246259445,105.8786688109714,pobre,basal,6,1300.0,607.0,1.0,40.0,7,263,35778,1,1.0
98,1.0,0.0,3.3729999,1.0,1.0,7,85.30027246259445,105.8786688109714,pobre,basal,6,1300.0,607.0,1.0,40.0,8,263,35778,1,1.0
97,0.0,0.0,3.3729999,1.0,2.0,5,85.30027246259445,105.8786688109714,pobre,basal,6,625.0,639.0,1.0,33.0,7,263,35779,2,1.0
98,0.0,0.0,3.3729999,1.0,3.0,5,85.30027246259445,105.8786688109714,pobre,basal,6,625.0,639.0,1.0,33.0,8,263,35779,2,1.0
97,0.0,0.0,3.3729999,1.0,8.0,6,85.30027246259445,105.8786688109714,pobre,basal,0,500.0,807.0,0.0,54.0,14,263,35780,8,1.0
98,0.0,0.0,3.3729999,,,6,85.30027246259445,105.8786688109714,pobre,basal,0,500.0,807.0,0.0,54.0,15,263,35780,8,1.0
97,1.0,0.0,3.3729999,1.0,3.0,6,85.30027246259445,105.8786688109714,pobre,basal,0,500.0,807.0,0.0,54.0,9,263,35781,3,1.0
98,1.0,0.0,3.3729999,,,6,85.30027246259445,105.8786688109714,pobre,basal,0,500.0,807.0,0.0,54.0,10,263,35781,3,1.0
97,0.0,0.0,3.3729999,1.0,1.0,6,85.30027246259445,105.8786688109714,pobre,basal,0,500.0,807.0,0.0,54.0,6,263,35782,1,1.0
98,0.0,0.0,3.3729999,,,6,85.30027246259445,105.8786688109714,pobre,basal,0,500.0,807.0,0.0,54.0,7,263,35782,1,1.0
97,0.0,0.0,3.3729999,1.0,9.0,8,85.30027246259445,105.8786688109714,no pobre,basal,0,0.0,908.0,1.0,87.0,15,263,35783,9,1.0
98,0.0,0.0,3.3729999,,,8,85.30027246259445,105.8786688109714,no pobre,basal,0,0.0,908.0,1.0,87.0,16,263,35783,9,1.0
97,0.0,0.0,3.3729999,0.0,6.0,5,85.30027246259445,105.8786688109714,no pobre,basal,3,500.0,862.66998,1.0,54.0,16,263,35784,6,0.0
98,0.0,0.0,3.3729999,,,5,85.30027246259445,105.8786688109714,no pobre,basal,3,500.0,862.66998,1.0,54.0,17,263,35784,6,0.0
97,0.0,0.0,3.3729999,0.0,6.0,5,85.30027246259445,105.8786688109714,no pobre,basal,3,500.0,862.66998,1.0,54.0,13,263,35785,6,0.0
98,0.0,0.0,3.3729999,,,5,85.30027246259445,105.8786688109714,no pobre,basal,3,500.0,862.66998,1.0,54.0,14,263,35785,6,0.0
97,0.0,1.0,1.497,1.0,9.0,9,130.8580431517954,248.7393982054853,pobre,basal,1,0.0,553.0,1.0,58.0,16,367,35786,9,1.0
98,0.0,1.0,1.497,,,9,130.8580431517954,248.7393982054853,pobre,basal,1,0.0,553.0,1.0,58.0,17,367,35786,9,1.0
97,1.0,0.0,1.497,1.0,2.0,7,130.8580431517954,248.7393982054853,pobre,basal,12,375.0,594.0,1.0,26.0,7,367,35787,2,1.0
98,1.0,0.0,1.497,1.0,3.0,7,130.8580431517954,248.7393982054853,pobre,basal,12,375.0,594.0,1.0,26.0,8,367,35787,2,1.0
97,0.0,0.0,1.497,1.0,1.0,7,130.8580431517954,248.7393982054853,pobre,basal,12,375.0,594.0,1.0,26.0,6,367,35788,1,1.0
98,0.0,0.0,1.497,1.0,1.0,7,130.8580431517954,248.7393982054853,pobre,basal,12,375.0,594.0,1.0,26.0,7,367,35788,1,1.0
97,0.0,0.0,1.497,1.0,9.0,8,130.8580431517954,248.7393982054853,no pobre,basal,4,2400.0,986.0,1.0,36.0,15,367,35789,9,1.0
98,0.0,0.0,1.497,1.0,11.0,8,130.8580431517954,248.7393982054853,no pobre,basal,4,2400.0,986.0,1.0,36.0,16,367,35789,9,1.0
97,0.0,0.0,1.497,1.0,8.0,8,130.8580431517954,248.7393982054853,no pobre,basal,4,2400.0,986.0,1.0,36.0,14,367,35790,8,1.0
98,0.0,0.0,1.497,1.0,9.0,8,130.8580431517954,248.7393982054853,no pobre,basal,4,2400.0,986.0,1.0,36.0,15,367,35790,8,1.0
97,0.0,0.0,1.497,1.0,0.0,8,130.8580431517954,248.7393982054853,no pobre,basal,4,2400.0,986.0,1.0,36.0,6,367,35791,0,1.0
98,0.0,0.0,1.497,1.0,1.0,8,130.8580431517954,248.7393982054853,no pobre,basal,4,2400.0,986.0,1.0,36.0,7,367,35791,0,1.0
97,0.0,0.0,1.497,1.0,5.0,7,130.8580431517954,248.7393982054853,pobre,basal,9,1400.0,960.0,1.0,45.0,11,367,35792,5,1.0
98,0.0,0.0,1.497,1.0,6.0,7,130.8580431517954,248.7393982054853,pobre,basal,9,1400.0,960.0,1.0,45.0,12,367,35792,5,1.0
97,1.0,1.0,1.497,1.0,4.0,7,130.8580431517954,248.7393982054853,pobre,basal,4,625.0,581.0,1.0,33.0,10,367,35793,4,1.0
98,1.0,1.0,1.497,1.0,5.0,7,130.8580431517954,248.7393982054853,pobre,basal,4,625.0,581.0,1.0,33.0,11,367,35793,4,1.0
97,1.0,1.0,1.497,1.0,1.0,7,130.8580431517954,248.7393982054853,pobre,basal,4,625.0,581.0,1.0,33.0,8,367,35794,1,1.0
98,1.0,1.0,1.497,1.0,2.0,7,130.8580431517954,248.7393982054853,pobre,basal,4,625.0,581.0,1.0,33.0,9,367,35794,1,1.0
97,0.0,1.0,1.497,1.0,0.0,7,130.8580431517954,248.7393982054853,pobre,basal,4,625.0,581.0,1.0,33.0,7,367,35795,0,1.0
98,0.0,1.0,1.497,1.0,1.0,7,130.8580431517954,248.7393982054853,pobre,basal,4,625.0,581.0,1.0,33.0,8,367,35795,0,1.0
97,1.0,1.0,1.497,1.0,8.0,8,130.8580431517954,248.7393982054853,pobre,basal,4,375.0,760.0,1.0,51.0,14,367,35796,8,1.0
98,1.0,1.0,1.497,1.0,9.0,8,130.8580431517954,248.7393982054853,pobre,basal,4,375.0,760.0,1.0,51.0,15,367,35796,8,1.0
97,1.0,0.0,1.497,1.0,8.0,7,130.8580431517954,248.7393982054853,pobre,basal,3,720.0,632.0,1.0,44.0,15,367,35797,8,1.0
98,1.0,0.0,1.497,1.0,9.0,7,130.8580431517954,248.7393982054853,pobre,basal,3,720.0,632.0,1.0,44.0,16,367,35797,8,1.0
97,1.0,0.0,1.497,1.0,7.0,7,130.8580431517954,248.7393982054853,pobre,basal,3,720.0,632.0,1.0,44.0,13,367,35798,7,1.0
98,1.0,0.0,1.497,1.0,8.0,7,130.8580431517954,248.7393982054853,pobre,basal,3,720.0,632.0,1.0,44.0,14,367,35798,7,1.0
97,0.0,0.0,1.497,1.0,4.0,7,130.8580431517954,248.7393982054853,pobre,basal,3,720.0,632.0,1.0,44.0,10,367,35799,4,1.0
98,0.0,0.0,1.497,1.0,5.0,7,130.8580431517954,248.7393982054853,pobre,basal,3,720.0,632.0,1.0,44.0,11,367,35799,4,1.0
97,0.0,0.0,1.497,1.0,1.0,4,130.8580431517954,248.7393982054853,pobre,basal,9,375.0,847.0,1.0,28.0,7,367,35800,1,1.0
98,0.0,0.0,1.497,1.0,2.0,4,130.8580431517954,248.7393982054853,pobre,basal,9,375.0,847.0,1.0,28.0,8,367,35800,1,1.0
97,0.0,0.0,0.0,1.0,6.0,5,85.39800473035423,85.39800473035423,pobre,basal,4,166.66667,756.0,1.0,38.0,12,329,35801,6,1.0
98,0.0,0.0,0.0,1.0,7.0,5,85.39800473035423,85.39800473035423,pobre,basal,4,166.66667,756.0,1.0,38.0,13,329,35801,6,1.0
97,0.0,0.0,0.0,1.0,3.0,5,85.39800473035423,85.39800473035423,pobre,basal,4,166.66667,756.0,1.0,38.0,9,329,35802,3,1.0
98,0.0,0.0,0.0,1.0,4.0,5,85.39800473035423,85.39800473035423,pobre,basal,4,166.66667,756.0,1.0,38.0,10,329,35802,3,1.0
97,0.0,0.0,0.0,1.0,5.0,7,85.39800473035423,85.39800473035423,pobre,basal,6,166.66667,819.0,1.0,54.0,12,329,35803,5,1.0
98,0.0,0.0,0.0,1.0,6.0,7,85.39800473035423,85.39800473035423,pobre,basal,6,166.66667,819.0,1.0,54.0,13,329,35803,5,1.0
97,1.0,0.0,0.0,,0.0,7,85.39800473035423,85.39800473035423,pobre,basal,6,166.66667,819.0,1.0,54.0,6,329,35804,0,
98,1.0,0.0,0.0,1.0,0.0,7,85.39800473035423,85.39800473035423,pobre,basal,6,166.66667,819.0,1.0,54.0,7,329,35804,0,
97,1.0,0.0,0.0,0.0,9.0,5,85.39800473035423,85.39800473035423,pobre,basal,3,0.0,849.0,0.0,66.0,16,329,35805,9,0.0
98,1.0,0.0,0.0,,,5,85.39800473035423,85.39800473035423,pobre,basal,3,0.0,849.0,0.0,66.0,17,329,35805,9,0.0
97,0.0,0.0,0.0,1.0,5.0,5,85.39800473035423,85.39800473035423,pobre,basal,3,0.0,849.0,0.0,66.0,11,329,35806,5,1.0
98,0.0,0.0,0.0,1.0,6.0,5,85.39800473035423,85.39800473035423,pobre,basal,3,0.0,849.0,0.0,66.0,12,329,35806,5,1.0
97,1.0,0.0,0.0,0.0,4.0,8,149.5727212182313,149.5727212182313,pobre,0,3,750.0,546.0,1.0,53.0,15,306,35807,4,0.0
98,1.0,0.0,0.0,0.0,4.0,8,149.5727212182313,149.5727212182313,pobre,0,3,750.0,546.0,1.0,53.0,16,306,35807,4,0.0
97,1.0,0.0,0.0,0.0,3.0,8,149.5727212182313,149.5727212182313,pobre,0,3,750.0,546.0,1.0,53.0,12,306,35808,3,0.0
98,1.0,0.0,0.0,1.0,4.0,8,149.5727212182313,149.5727212182313,pobre,0,3,750.0,546.0,1.0,53.0,13,306,35808,3,0.0
97,1.0,0.0,0.0,1.0,2.0,8,149.5727212182313,149.5727212182313,pobre,0,3,750.0,546.0,1.0,53.0,10,306,35809,2,1.0
98,1.0,0.0,0.0,1.0,3.0,8,149.5727212182313,149.5727212182313,pobre,0,3,750.0,546.0,1.0,53.0,11,306,35809,2,1.0
97,1.0,0.0,0.0,1.0,0.0,8,149.5727212182313,149.5727212182313,pobre,0,3,750.0,546.0,1.0,53.0,7,306,35810,0,1.0
98,1.0,0.0,0.0,1.0,1.0,8,149.5727212182313,149.5727212182313,pobre,0,3,750.0,546.0,1.0,53.0,8,306,35810,0,1.0
97,1.0,0.0,0.0,1.0,5.0,7,149.5727212182313,149.5727212182313,no pobre,0,2,0.0,644.0,1.0,51.0,12,306,35811,5,1.0
98,1.0,0.0,0.0,1.0,6.0,7,149.5727212182313,149.5727212182313,no pobre,0,2,0.0,644.0,1.0,51.0,13,306,35811,5,1.0
97,0.0,0.0,0.0,1.0,3.0,7,149.5727212182313,149.5727212182313,no pobre,0,2,0.0,644.0,1.0,51.0,9,306,35812,3,1.0
98,0.0,0.0,0.0,1.0,4.0,7,149.5727212182313,149.5727212182313,no pobre,0,2,0.0,644.0,1.0,51.0,10,306,35812,3,1.0
97,1.0,0.0,0.0,1.0,8.0,7,149.5727212182313,149.5727212182313,no pobre,0,2,0.0,644.0,1.0,51.0,15,306,35813,8,1.0
98,1.0,0.0,0.0,0.0,9.0,7,149.5727212182313,149.5727212182313,no pobre,0,2,0.0,644.0,1.0,51.0,16,306,35813,8,1.0
97,0.0,0.0,0.0,1.0,8.0,6,125.9521373968724,205.6047415346454,no pobre,basal,6,500.0,967.0,1.0,38.0,14,317,35814,8,1.0
98,0.0,0.0,0.0,0.0,9.0,6,125.9521373968724,205.6047415346454,no pobre,basal,6,500.0,967.0,1.0,38.0,15,317,35814,8,1.0
97,0.0,0.0,0.0,1.0,6.0,6,125.9521373968724,205.6047415346454,no pobre,basal,6,500.0,967.0,1.0,38.0,12,317,35815,6,1.0
98,0.0,0.0,0.0,1.0,7.0,6,125.9521373968724,205.6047415346454,no pobre,basal,6,500.0,967.0,1.0,38.0,13,317,35815,6,1.0
97,1.0,0.0,0.0,1.0,2.0,6,125.9521373968724,205.6047415346454,pobre,basal,3,600.0,705.0,1.0,48.0,9,317,35816,2,1.0
98,1.0,0.0,0.0,1.0,3.0,6,125.9521373968724,205.6047415346454,pobre,basal,3,600.0,705.0,1.0,48.0,10,317,35816,2,1.0
97,0.0,0.0,0.0,1.0,1.0,6,125.9521373968724,205.6047415346454,pobre,basal,3,600.0,705.0,1.0,48.0,8,317,35817,1,1.0
98,0.0,0.0,0.0,1.0,1.0,6,125.9521373968724,205.6047415346454,pobre,basal,3,600.0,705.0,1.0,48.0,9,317,35817,1,1.0
97,1.0,0.0,0.0,1.0,0.0,6,125.9521373968724,205.6047415346454,pobre,basal,3,600.0,705.0,1.0,48.0,6,317,35818,0,1.0
98,1.0,0.0,0.0,1.0,1.0,6,125.9521373968724,205.6047415346454,pobre,basal,3,600.0,705.0,1.0,48.0,7,317,35818,0,1.0
97,1.0,0.0,0.0,1.0,10.0,7,125.9521373968724,205.6047415346454,pobre,basal,7,600.0,656.0,1.0,46.0,16,317,35819,10,1.0
98,1.0,0.0,0.0,,,7,125.9521373968724,205.6047415346454,pobre,basal,7,600.0,656.0,1.0,46.0,17,317,35819,10,1.0
97,1.0,0.0,0.0,1.0,5.0,7,125.9521373968724,205.6047415346454,pobre,basal,7,600.0,656.0,1.0,46.0,13,317,35820,5,1.0
98,1.0,0.0,0.0,1.0,6.0,7,125.9521373968724,205.6047415346454,pobre,basal,7,600.0,656.0,1.0,46.0,14,317,35820,5,1.0
97,1.0,0.0,0.0,1.0,3.0,7,125.9521373968724,205.6047415346454,pobre,basal,7,600.0,656.0,1.0,46.0,8,317,35821,3,1.0
98,1.0,0.0,0.0,1.0,4.0,7,125.9521373968724,205.6047415346454,pobre,basal,7,600.0,656.0,1.0,46.0,9,317,35821,3,1.0
97,0.0,0.0,0.0,1.0,4.0,4,125.9521373968724,205.6047415346454,pobre,basal,3,0.0,863.0,1.0,49.0,10,317,35822,4,1.0
98,0.0,0.0,0.0,1.0,5.0,4,125.9521373968724,205.6047415346454,pobre,basal,3,0.0,863.0,1.0,49.0,11,317,35822,4,1.0
97,0.0,0.0,0.0,1.0,1.0,6,68.28208140877815,68.28208140877815,pobre,basal,4,625.0,527.0,1.0,39.0,7,339,35823,1,1.0
98,0.0,0.0,0.0,1.0,1.0,6,68.28208140877815,68.28208140877815,pobre,basal,4,625.0,527.0,1.0,39.0,8,339,35823,1,1.0
97,0.0,0.0,0.0,1.0,0.0,6,68.28208140877815,68.28208140877815,pobre,basal,4,625.0,527.0,1.0,39.0,6,339,35824,0,1.0
98,0.0,0.0,0.0,1.0,0.0,6,68.28208140877815,68.28208140877815,pobre,basal,4,625.0,527.0,1.0,39.0,7,339,35824,0,1.0
97,0.0,0.0,0.0,1.0,5.0,6,68.28208140877815,68.28208140877815,pobre,basal,0,500.0,534.0,1.0,63.0,15,339,35825,5,1.0
98,0.0,0.0,0.0,0.0,6.0,6,68.28208140877815,68.28208140877815,pobre,basal,0,500.0,534.0,1.0,63.0,16,339,35825,5,1.0
97,0.0,0.0,0.0,1.0,6.0,11,125.9521373968724,205.6047415346454,pobre,basal,2,500.0,701.0,1.0,56.0,16,317,35826,6,1.0
98,0.0,0.0,0.0,,,11,125.9521373968724,205.6047415346454,pobre,basal,2,500.0,701.0,1.0,56.0,17,317,35826,6,1.0
97,0.0,0.0,0.0,1.0,7.0,11,125.9521373968724,205.6047415346454,pobre,basal,2,500.0,701.0,1.0,56.0,14,317,35827,7,1.0
98,0.0,0.0,0.0,1.0,8.0,11,125.9521373968724,205.6047415346454,pobre,basal,2,500.0,701.0,1.0,56.0,15,317,35827,7,1.0
97,0.0,0.0,0.0,1.0,6.0,11,125.9521373968724,205.6047415346454,pobre,basal,2,500.0,701.0,1.0,56.0,12,317,35828,6,1.0
98,0.0,0.0,0.0,1.0,7.0,11,125.9521373968724,205.6047415346454,pobre,basal,2,500.0,701.0,1.0,56.0,13,317,35828,6,1.0
97,0.0,0.0,0.0,1.0,4.0,11,125.9521373968724,205.6047415346454,pobre,basal,2,500.0,701.0,1.0,56.0,11,317,35829,4,1.0
98,0.0,0.0,0.0,1.0,5.0,11,125.9521373968724,205.6047415346454,pobre,basal,2,500.0,701.0,1.0,56.0,12,317,35829,4,1.0
97,0.0,0.0,0.0,1.0,2.0,11,125.9521373968724,205.6047415346454,pobre,basal,2,500.0,701.0,1.0,56.0,9,317,35830,2,1.0
98,0.0,0.0,0.0,1.0,3.0,11,125.9521373968724,205.6047415346454,pobre,basal,2,500.0,701.0,1.0,56.0,10,317,35830,2,1.0
97,1.0,0.0,0.0,1.0,0.0,11,125.9521373968724,205.6047415346454,pobre,basal,2,500.0,701.0,1.0,56.0,7,317,35831,0,1.0
98,1.0,0.0,0.0,1.0,1.0,11,125.9521373968724,205.6047415346454,pobre,basal,2,500.0,701.0,1.0,56.0,8,317,35831,0,1.0
97,0.0,0.0,0.0,1.0,0.0,11,125.9521373968724,205.6047415346454,pobre,basal,2,500.0,701.0,1.0,56.0,6,317,35832,0,1.0
98,0.0,0.0,0.0,1.0,1.0,11,125.9521373968724,205.6047415346454,pobre,basal,2,500.0,701.0,1.0,56.0,7,317,35832,0,1.0
97,1.0,0.0,0.0,1.0,3.0,4,125.9521373968724,205.6047415346454,pobre,basal,6,480.0,856.0,1.0,31.0,10,317,35833,3,1.0
98,1.0,0.0,0.0,1.0,3.0,4,125.9521373968724,205.6047415346454,pobre,basal,6,480.0,856.0,1.0,31.0,11,317,35833,3,1.0
97,0.0,0.0,0.0,1.0,1.0,4,125.9521373968724,205.6047415346454,pobre,basal,9,750.0,753.0,1.0,33.0,7,317,35834,1,1.0
98,0.0,0.0,0.0,1.0,2.0,4,125.9521373968724,205.6047415346454,pobre,basal,9,750.0,753.0,1.0,33.0,8,317,35834,1,1.0
97,0.0,0.0,0.0,0.0,9.0,4,125.9521373968724,205.6047415346454,pobre,basal,9,750.0,753.0,1.0,33.0,14,317,35835,9,0.0
98,0.0,0.0,0.0,,,4,125.9521373968724,205.6047415346454,pobre,basal,9,750.0,753.0,1.0,33.0,15,317,35835,9,0.0
97,1.0,0.0,0.0,1.0,9.0,5,125.9521373968724,205.6047415346454,no pobre,basal,6,625.0,1141.1169,1.0,39.0,16,317,35836,9,1.0
98,1.0,0.0,0.0,,,5,125.9521373968724,205.6047415346454,no pobre,basal,6,625.0,1141.1169,1.0,39.0,17,317,35836,9,1.0
97,1.0,0.0,0.0,1.0,4.0,5,125.9521373968724,205.6047415346454,no pobre,basal,6,625.0,1141.1169,1.0,39.0,12,317,35837,4,1.0
98,1.0,0.0,0.0,1.0,5.0,5,125.9521373968724,205.6047415346454,no pobre,basal,6,625.0,1141.1169,1.0,39.0,13,317,35837,4,1.0
97,1.0,0.0,0.0,1.0,3.0,5,125.9521373968724,205.6047415346454,no pobre,basal,6,625.0,1141.1169,1.0,39.0,10,317,35838,3,1.0
98,1.0,0.0,0.0,1.0,4.0,5,125.9521373968724,205.6047415346454,no pobre,basal,6,625.0,1141.1169,1.0,39.0,11,317,35838,3,1.0
97,1.0,0.0,0.0,1.0,4.0,5,125.9521373968724,205.6047415346454,pobre,basal,2,0.0,841.0,1.0,64.0,11,317,35839,4,1.0
98,1.0,0.0,0.0,1.0,5.0,5,125.9521373968724,205.6047415346454,pobre,basal,2,0.0,841.0,1.0,64.0,12,317,35839,4,1.0
97,1.0,,0.0,1.0,6.0,8,149.5727212182313,149.5727212182313,pobre,0,2,0.0,439.0,1.0,68.0,16,306,35840,6,1.0
98,1.0,,0.0,,,8,149.5727212182313,149.5727212182313,pobre,0,2,0.0,439.0,1.0,68.0,17,306,35840,6,1.0
97,1.0,,0.0,1.0,6.0,8,149.5727212182313,149.5727212182313,pobre,0,2,0.0,439.0,1.0,68.0,14,306,35841,6,1.0
98,1.0,,0.0,1.0,7.0,8,149.5727212182313,149.5727212182313,pobre,0,2,0.0,439.0,1.0,68.0,15,306,35841,6,1.0
97,0.0,,0.0,1.0,5.0,8,149.5727212182313,149.5727212182313,pobre,0,2,0.0,439.0,1.0,68.0,12,306,35842,5,1.0
98,0.0,,0.0,1.0,6.0,8,149.5727212182313,149.5727212182313,pobre,0,2,0.0,439.0,1.0,68.0,13,306,35842,5,1.0
97,0.0,,0.0,1.0,4.0,8,149.5727212182313,149.5727212182313,pobre,0,2,0.0,439.0,1.0,68.0,11,306,35843,4,1.0
98,0.0,,0.0,1.0,5.0,8,149.5727212182313,149.5727212182313,pobre,0,2,0.0,439.0,1.0,68.0,12,306,35843,4,1.0
97,0.0,,0.0,1.0,2.0,8,149.5727212182313,149.5727212182313,pobre,0,2,0.0,439.0,1.0,68.0,8,306,35844,2,1.0
98,0.0,,0.0,1.0,3.0,8,149.5727212182313,149.5727212182313,pobre,0,2,0.0,439.0,1.0,68.0,9,306,35844,2,1.0
97,0.0,,0.0,1.0,0.0,8,149.5727212182313,149.5727212182313,pobre,0,2,0.0,439.0,1.0,68.0,6,306,35845,0,1.0
98,0.0,,0.0,1.0,0.0,8,149.5727212182313,149.5727212182313,pobre,0,2,0.0,439.0,1.0,68.0,7,306,35845,0,1.0
97,1.0,0.0,0.0,1.0,7.0,7,133.0617751833358,189.5570573580524,pobre,basal,8,0.0,1018.5,1.0,69.0,14,322,35846,7,1.0
98,1.0,0.0,0.0,1.0,8.0,7,133.0617751833358,189.5570573580524,pobre,basal,8,0.0,1018.5,1.0,69.0,15,322,35846,7,1.0
97,0.0,0.0,0.0,1.0,9.0,3,133.0617751833358,189.5570573580524,pobre,basal,6,0.0,1042.0,1.0,67.0,15,322,35847,9,1.0
98,0.0,0.0,0.0,1.0,9.0,3,133.0617751833358,189.5570573580524,pobre,basal,6,0.0,1042.0,1.0,67.0,16,322,35847,9,1.0
97,0.0,0.0,0.0,1.0,2.0,5,133.0617751833358,189.5570573580524,pobre,basal,9,2600.0,967.0,1.0,35.0,8,322,35848,2,1.0
98,0.0,0.0,0.0,1.0,3.0,5,133.0617751833358,189.5570573580524,pobre,basal,9,2600.0,967.0,1.0,35.0,9,322,35848,2,1.0
97,0.0,0.0,0.0,1.0,1.0,5,133.0617751833358,189.5570573580524,pobre,basal,9,2600.0,967.0,1.0,35.0,6,322,35849,1,1.0
98,0.0,0.0,0.0,1.0,2.0,5,133.0617751833358,189.5570573580524,pobre,basal,9,2600.0,967.0,1.0,35.0,7,322,35849,1,1.0
97,0.0,0.0,0.0,0.0,9.0,6,133.0617751833358,189.5570573580524,pobre,basal,2,625.0,646.0,1.0,44.0,15,322,35850,9,0.0
98,0.0,0.0,0.0,0.0,9.0,6,133.0617751833358,189.5570573580524,pobre,basal,2,625.0,646.0,1.0,44.0,16,322,35850,9,0.0
97,0.0,0.0,0.0,1.0,7.0,6,133.0617751833358,189.5570573580524,pobre,basal,2,625.0,646.0,1.0,44.0,13,322,35851,7,1.0
98,0.0,0.0,0.0,1.0,8.0,6,133.0617751833358,189.5570573580524,pobre,basal,2,625.0,646.0,1.0,44.0,14,322,35851,7,1.0
97,1.0,0.0,0.0,1.0,5.0,6,133.0617751833358,189.5570573580524,pobre,basal,2,625.0,646.0,1.0,44.0,11,322,35852,5,1.0
98,1.0,0.0,0.0,1.0,6.0,6,133.0617751833358,189.5570573580524,pobre,basal,2,625.0,646.0,1.0,44.0,12,322,35852,5,1.0
97,0.0,0.0,0.0,1.0,3.0,4,133.0617751833358,189.5570573580524,pobre,basal,0,625.0,841.0,1.0,46.0,10,322,35853,3,1.0
98,0.0,0.0,0.0,1.0,4.0,4,133.0617751833358,189.5570573580524,pobre,basal,0,625.0,841.0,1.0,46.0,11,322,35853,3,1.0
97,1.0,0.0,9.6990004,0.0,6.0,6,116.2867993347519,116.2867993347519,pobre,basal,0,100.0,686.0,1.0,47.0,15,333,35854,6,0.0
98,1.0,0.0,9.6990004,0.0,6.0,6,116.2867993347519,116.2867993347519,pobre,basal,0,100.0,686.0,1.0,47.0,16,333,35854,6,0.0
97,0.0,0.0,9.6990004,1.0,5.0,6,116.2867993347519,116.2867993347519,pobre,basal,0,100.0,686.0,1.0,47.0,12,333,35855,5,1.0
98,0.0,0.0,9.6990004,0.0,6.0,6,116.2867993347519,116.2867993347519,pobre,basal,0,100.0,686.0,1.0,47.0,13,333,35855,5,1.0
97,1.0,0.0,0.0,1.0,8.0,9,133.0617751833358,189.5570573580524,pobre,basal,6,0.0,786.5,0.0,44.0,15,322,35856,8,1.0
98,1.0,0.0,0.0,0.0,9.0,9,133.0617751833358,189.5570573580524,pobre,basal,6,0.0,786.5,0.0,44.0,16,322,35856,8,1.0
97,0.0,0.0,0.0,0.0,4.0,9,133.0617751833358,189.5570573580524,pobre,basal,6,0.0,786.5,0.0,44.0,14,322,35857,4,0.0
98,0.0,0.0,0.0,0.0,4.0,9,133.0617751833358,189.5570573580524,pobre,basal,6,0.0,786.5,0.0,44.0,15,322,35857,4,0.0
97,1.0,0.0,0.0,1.0,4.0,9,133.0617751833358,189.5570573580524,pobre,basal,6,0.0,786.5,0.0,44.0,11,322,35858,4,1.0
98,1.0,0.0,0.0,1.0,4.0,9,133.0617751833358,189.5570573580524,pobre,basal,6,0.0,786.5,0.0,44.0,12,322,35858,4,1.0
97,0.0,0.0,0.0,1.0,1.0,9,133.0617751833358,189.5570573580524,pobre,basal,6,0.0,786.5,0.0,44.0,10,322,35859,1,1.0
98,0.0,0.0,0.0,1.0,2.0,9,133.0617751833358,189.5570573580524,pobre,basal,6,0.0,786.5,0.0,44.0,11,322,35859,1,1.0
97,0.0,0.0,0.0,1.0,1.0,9,133.0617751833358,189.5570573580524,pobre,basal,6,0.0,786.5,0.0,44.0,8,322,35860,1,1.0
98,0.0,0.0,0.0,1.0,2.0,9,133.0617751833358,189.5570573580524,pobre,basal,6,0.0,786.5,0.0,44.0,9,322,35860,1,1.0
97,0.0,0.0,0.0,1.0,6.0,5,133.0617751833358,189.5570573580524,pobre,basal,8,625.0,909.0,1.0,31.0,12,322,35861,6,1.0
98,0.0,0.0,0.0,1.0,7.0,5,133.0617751833358,189.5570573580524,pobre,basal,8,625.0,909.0,1.0,31.0,13,322,35861,6,1.0
97,1.0,0.0,0.0,1.0,4.0,5,133.0617751833358,189.5570573580524,pobre,basal,8,625.0,909.0,1.0,31.0,11,322,35862,4,1.0
98,1.0,0.0,0.0,1.0,5.0,5,133.0617751833358,189.5570573580524,pobre,basal,8,625.0,909.0,1.0,31.0,12,322,35862,4,1.0
97,0.0,0.0,0.0,1.0,8.0,8,133.0617751833358,189.5570573580524,pobre,basal,3,625.0,736.0,1.0,42.0,15,322,35863,8,1.0
98,0.0,0.0,0.0,1.0,9.0,8,133.0617751833358,189.5570573580524,pobre,basal,3,625.0,736.0,1.0,42.0,16,322,35863,8,1.0
97,0.0,0.0,0.0,1.0,5.0,8,133.0617751833358,189.5570573580524,pobre,basal,3,625.0,736.0,1.0,42.0,11,322,35864,5,1.0
98,0.0,0.0,0.0,1.0,6.0,8,133.0617751833358,189.5570573580524,pobre,basal,3,625.0,736.0,1.0,42.0,12,322,35864,5,1.0
97,1.0,0.0,0.0,1.0,6.0,3,133.0617751833358,189.5570573580524,pobre,basal,2,0.0,890.0,1.0,84.0,13,322,35865,6,1.0
98,1.0,0.0,0.0,1.0,7.0,3,133.0617751833358,189.5570573580524,pobre,basal,2,0.0,890.0,1.0,84.0,14,322,35865,6,1.0
97,1.0,0.0,0.0,0.0,9.0,4,133.0617751833358,189.5570573580524,pobre,basal,2,625.0,968.0,1.0,51.0,16,322,35866,9,0.0
98,1.0,0.0,0.0,,,4,133.0617751833358,189.5570573580524,pobre,basal,2,625.0,968.0,1.0,51.0,17,322,35866,9,0.0
97,1.0,0.0,0.0,1.0,8.0,4,133.0617751833358,189.5570573580524,pobre,basal,2,625.0,968.0,1.0,51.0,15,322,35867,8,1.0
98,1.0,0.0,0.0,0.0,9.0,4,133.0617751833358,189.5570573580524,pobre,basal,2,625.0,968.0,1.0,51.0,16,322,35867,8,1.0
97,0.0,0.0,0.0,1.0,2.0,5,133.0617751833358,189.5570573580524,pobre,basal,4,625.0,726.0,1.0,35.0,9,322,35868,2,1.0
98,0.0,0.0,0.0,1.0,3.0,5,133.0617751833358,189.5570573580524,pobre,basal,4,625.0,726.0,1.0,35.0,10,322,35868,2,1.0
97,1.0,0.0,0.0,1.0,1.0,5,133.0617751833358,189.5570573580524,pobre,basal,4,625.0,726.0,1.0,35.0,8,322,35869,1,1.0
98,1.0,0.0,0.0,1.0,2.0,5,133.0617751833358,189.5570573580524,pobre,basal,4,625.0,726.0,1.0,35.0,9,322,35869,1,1.0
97,0.0,0.0,0.0,1.0,5.0,4,133.0617751833358,189.5570573580524,pobre,basal,4,1000.0,872.0,1.0,33.0,11,322,35870,5,1.0
98,0.0,0.0,0.0,1.0,6.0,4,133.0617751833358,189.5570573580524,pobre,basal,4,1000.0,872.0,1.0,33.0,12,322,35870,5,1.0
97,1.0,0.0,0.0,1.0,2.0,4,133.0617751833358,189.5570573580524,pobre,basal,4,1000.0,872.0,1.0,33.0,9,322,35871,2,1.0
98,1.0,0.0,0.0,1.0,3.0,4,133.0617751833358,189.5570573580524,pobre,basal,4,1000.0,872.0,1.0,33.0,10,322,35871,2,1.0
97,1.0,0.0,0.0,1.0,5.0,6,132.6925304465425,189.5756633055016,pobre,0,0,1900.0,505.0,1.0,34.0,12,315,35872,5,1.0
98,1.0,0.0,0.0,1.0,6.0,6,132.6925304465425,189.5756633055016,pobre,0,0,1900.0,505.0,1.0,34.0,13,315,35872,5,1.0
97,1.0,0.0,0.0,1.0,3.0,6,132.6925304465425,189.5756633055016,pobre,0,0,1900.0,505.0,1.0,34.0,9,315,35873,3,1.0
98,1.0,0.0,0.0,1.0,4.0,6,132.6925304465425,189.5756633055016,pobre,0,0,1900.0,505.0,1.0,34.0,10,315,35873,3,1.0
97,0.0,0.0,1.052,1.0,6.0,5,105.8995798078477,136.2520304161229,pobre,basal,2,200.0,726.0,1.0,45.0,12,216,35874,6,1.0
98,0.0,0.0,1.052,1.0,7.0,5,105.8995798078477,136.2520304161229,pobre,basal,2,200.0,726.0,1.0,45.0,13,216,35874,6,1.0
97,0.0,0.0,1.052,1.0,4.0,5,105.8995798078477,136.2520304161229,pobre,basal,2,200.0,726.0,1.0,45.0,10,216,35875,4,1.0
98,0.0,0.0,1.052,1.0,5.0,5,105.8995798078477,136.2520304161229,pobre,basal,2,200.0,726.0,1.0,45.0,11,216,35875,4,1.0
97,0.0,0.0,1.052,1.0,1.0,5,105.8995798078477,136.2520304161229,pobre,basal,2,200.0,726.0,1.0,45.0,8,216,35876,1,1.0
98,0.0,0.0,1.052,1.0,2.0,5,105.8995798078477,136.2520304161229,pobre,basal,2,200.0,726.0,1.0,45.0,9,216,35876,1,1.0
97,1.0,0.0,1.052,1.0,2.0,4,105.8995798078477,136.2520304161229,pobre,basal,4,625.0,757.0,0.0,55.0,10,216,35877,2,1.0
98,1.0,0.0,1.052,1.0,3.0,4,105.8995798078477,136.2520304161229,pobre,basal,4,625.0,757.0,0.0,55.0,11,216,35877,2,1.0
97,0.0,0.0,1.052,1.0,1.0,4,105.8995798078477,136.2520304161229,pobre,basal,4,625.0,757.0,0.0,55.0,9,216,35878,1,1.0
98,0.0,0.0,1.052,1.0,2.0,4,105.8995798078477,136.2520304161229,pobre,basal,4,625.0,757.0,0.0,55.0,10,216,35878,1,1.0
97,0.0,0.0,1.052,0.0,4.0,10,105.8995798078477,136.2520304161229,pobre,basal,0,1160.0,720.5,1.0,38.0,15,216,35879,4,0.0
98,0.0,0.0,1.052,0.0,5.0,10,105.8995798078477,136.2520304161229,pobre,basal,0,1160.0,720.5,1.0,38.0,16,216,35879,4,0.0
97,0.0,0.0,1.052,1.0,6.0,10,105.8995798078477,136.2520304161229,pobre,basal,0,1160.0,720.5,1.0,38.0,13,216,35880,6,1.0
98,0.0,0.0,1.052,1.0,7.0,10,105.8995798078477,136.2520304161229,pobre,basal,0,1160.0,720.5,1.0,38.0,14,216,35880,6,1.0
97,1.0,0.0,1.052,1.0,5.0,10,105.8995798078477,136.2520304161229,pobre,basal,0,1160.0,720.5,1.0,38.0,11,216,35881,5,1.0
98,1.0,0.0,1.052,1.0,6.0,10,105.8995798078477,136.2520304161229,pobre,basal,0,1160.0,720.5,1.0,38.0,12,216,35881,5,1.0
97,0.0,0.0,1.052,1.0,2.0,10,105.8995798078477,136.2520304161229,pobre,basal,0,1160.0,720.5,1.0,38.0,9,216,35882,2,1.0
98,0.0,0.0,1.052,1.0,3.0,10,105.8995798078477,136.2520304161229,pobre,basal,0,1160.0,720.5,1.0,38.0,10,216,35882,2,1.0
97,1.0,0.0,1.052,1.0,5.0,5,105.8995798078477,136.2520304161229,pobre,basal,2,625.0,736.64099,0.0,42.0,12,216,35883,5,1.0
98,1.0,0.0,1.052,1.0,6.0,5,105.8995798078477,136.2520304161229,pobre,basal,2,625.0,736.64099,0.0,42.0,13,216,35883,5,1.0
97,0.0,0.0,1.052,1.0,2.0,5,105.8995798078477,136.2520304161229,pobre,basal,2,625.0,736.64099,0.0,42.0,11,216,35884,2,1.0
98,0.0,0.0,1.052,1.0,3.0,5,105.8995798078477,136.2520304161229,pobre,basal,2,625.0,736.64099,0.0,42.0,12,216,35884,2,1.0
97,1.0,0.0,1.052,0.0,3.0,3,105.8995798078477,136.2520304161229,pobre,basal,3,625.0,769.0,0.0,43.0,13,216,35885,3,0.0
98,1.0,0.0,1.052,0.0,3.0,3,105.8995798078477,136.2520304161229,pobre,basal,3,625.0,769.0,0.0,43.0,14,216,35885,3,0.0
97,0.0,0.0,1.052,1.0,0.0,5,105.8995798078477,136.2520304161229,pobre,basal,6,1400.0,662.75897,1.0,29.0,6,216,35886,0,1.0
98,0.0,0.0,1.052,1.0,1.0,5,105.8995798078477,136.2520304161229,pobre,basal,6,1400.0,662.75897,1.0,29.0,7,216,35886,0,1.0
97,0.0,0.0,1.052,1.0,5.0,10,105.8995798078477,136.2520304161229,pobre,basal,1,500.0,733.5,1.0,42.0,11,216,35887,5,1.0
98,0.0,0.0,1.052,1.0,6.0,10,105.8995798078477,136.2520304161229,pobre,basal,1,500.0,733.5,1.0,42.0,12,216,35887,5,1.0
97,1.0,0.0,1.052,1.0,2.0,10,105.8995798078477,136.2520304161229,pobre,basal,1,500.0,733.5,1.0,42.0,9,216,35888,2,1.0
98,1.0,0.0,1.052,1.0,3.0,10,105.8995798078477,136.2520304161229,pobre,basal,1,500.0,733.5,1.0,42.0,10,216,35888,2,1.0
97,0.0,0.0,1.052,1.0,2.0,10,105.8995798078477,136.2520304161229,pobre,basal,1,500.0,733.5,1.0,42.0,9,216,35889,2,1.0
98,0.0,0.0,1.052,1.0,3.0,10,105.8995798078477,136.2520304161229,pobre,basal,1,500.0,733.5,1.0,42.0,10,216,35889,2,1.0
97,1.0,0.0,1.052,1.0,1.0,10,105.8995798078477,136.2520304161229,pobre,basal,1,500.0,733.5,1.0,42.0,8,216,35890,1,1.0
98,1.0,0.0,1.052,1.0,2.0,10,105.8995798078477,136.2520304161229,pobre,basal,1,500.0,733.5,1.0,42.0,9,216,35890,1,1.0
97,1.0,0.0,1.052,1.0,6.0,5,105.8995798078477,136.2520304161229,pobre,basal,0,625.0,793.0,1.0,42.0,13,216,35891,6,1.0
98,1.0,0.0,1.052,1.0,7.0,5,105.8995798078477,136.2520304161229,pobre,basal,0,625.0,793.0,1.0,42.0,14,216,35891,6,1.0
97,0.0,0.0,1.052,1.0,3.0,5,105.8995798078477,136.2520304161229,pobre,basal,0,625.0,793.0,1.0,42.0,9,216,35892,3,1.0
98,0.0,0.0,1.052,1.0,4.0,5,105.8995798078477,136.2520304161229,pobre,basal,0,625.0,793.0,1.0,42.0,10,216,35892,3,1.0
97,0.0,0.0,1.052,1.0,5.0,5,105.8995798078477,136.2520304161229,pobre,basal,6,500.0,859.5,0.0,33.0,11,216,35893,5,1.0
98,0.0,0.0,1.052,1.0,6.0,5,105.8995798078477,136.2520304161229,pobre,basal,6,500.0,859.5,0.0,33.0,12,216,35893,5,1.0
97,1.0,0.0,1.052,1.0,4.0,5,105.8995798078477,136.2520304161229,pobre,basal,6,500.0,859.5,0.0,33.0,10,216,35894,4,1.0
98,1.0,0.0,1.052,1.0,5.0,5,105.8995798078477,136.2520304161229,pobre,basal,6,500.0,859.5,0.0,33.0,11,216,35894,4,1.0
97,1.0,0.0,1.052,1.0,6.0,6,105.8995798078477,136.2520304161229,pobre,basal,0,200.0,732.0,1.0,50.0,14,216,35895,6,1.0
98,1.0,0.0,1.052,1.0,7.0,6,105.8995798078477,136.2520304161229,pobre,basal,0,200.0,732.0,1.0,50.0,15,216,35895,6,1.0
97,0.0,0.0,1.052,1.0,4.0,6,105.8995798078477,136.2520304161229,pobre,basal,0,200.0,732.0,1.0,50.0,12,216,35896,4,1.0
98,0.0,0.0,1.052,1.0,5.0,6,105.8995798078477,136.2520304161229,pobre,basal,0,200.0,732.0,1.0,50.0,13,216,35896,4,1.0
97,0.0,0.0,1.052,1.0,3.0,6,105.8995798078477,136.2520304161229,pobre,basal,0,200.0,732.0,1.0,50.0,9,216,35897,3,1.0
98,0.0,0.0,1.052,1.0,4.0,6,105.8995798078477,136.2520304161229,pobre,basal,0,200.0,732.0,1.0,50.0,10,216,35897,3,1.0
97,1.0,0.0,1.052,1.0,6.0,8,105.8995798078477,136.2520304161229,pobre,basal,4,625.0,520.0,1.0,35.0,12,216,35898,6,1.0
98,1.0,0.0,1.052,1.0,7.0,8,105.8995798078477,136.2520304161229,pobre,basal,4,625.0,520.0,1.0,35.0,13,216,35898,6,1.0
97,1.0,0.0,1.052,0.0,5.0,8,105.8995798078477,136.2520304161229,pobre,basal,4,625.0,520.0,1.0,35.0,11,216,35899,5,0.0
98,1.0,0.0,1.052,1.0,5.0,8,105.8995798078477,136.2520304161229,pobre,basal,4,625.0,520.0,1.0,35.0,12,216,35899,5,0.0
97,0.0,0.0,1.052,1.0,3.0,8,105.8995798078477,136.2520304161229,pobre,basal,4,625.0,520.0,1.0,35.0,9,216,35900,3,1.0
98,0.0,0.0,1.052,1.0,4.0,8,105.8995798078477,136.2520304161229,pobre,basal,4,625.0,520.0,1.0,35.0,10,216,35900,3,1.0
97,0.0,0.0,1.052,,0.0,8,105.8995798078477,136.2520304161229,pobre,basal,4,625.0,520.0,1.0,35.0,7,216,35901,0,
98,0.0,0.0,1.052,1.0,2.0,8,105.8995798078477,136.2520304161229,pobre,basal,4,625.0,520.0,1.0,35.0,8,216,35901,0,
97,1.0,1.0,1.052,1.0,1.0,5,105.8995798078477,136.2520304161229,pobre,basal,7,600.0,786.5,1.0,25.0,6,216,35902,1,1.0
98,1.0,1.0,1.052,1.0,1.0,5,105.8995798078477,136.2520304161229,pobre,basal,7,600.0,786.5,1.0,25.0,7,216,35902,1,1.0
97,1.0,0.0,1.052,0.0,9.0,9,105.8995798078477,136.2520304161229,pobre,basal,0,800.0,851.0,1.0,57.0,15,216,35903,9,0.0
98,1.0,0.0,1.052,0.0,9.0,9,105.8995798078477,136.2520304161229,pobre,basal,0,800.0,851.0,1.0,57.0,16,216,35903,9,0.0
97,0.0,0.0,1.052,0.0,5.0,9,105.8995798078477,136.2520304161229,pobre,basal,0,800.0,851.0,1.0,57.0,11,216,35904,5,0.0
98,0.0,0.0,1.052,1.0,5.0,9,105.8995798078477,136.2520304161229,pobre,basal,0,800.0,851.0,1.0,57.0,12,216,35904,5,0.0
97,0.0,0.0,1.052,0.0,1.0,9,105.8995798078477,136.2520304161229,pobre,basal,0,800.0,851.0,1.0,57.0,14,216,35905,1,0.0
98,0.0,0.0,1.052,,,9,105.8995798078477,136.2520304161229,pobre,basal,0,800.0,851.0,1.0,57.0,15,216,35905,1,0.0
97,1.0,0.0,1.052,0.0,5.0,8,105.8995798078477,136.2520304161229,pobre,basal,3,800.0,742.0,1.0,38.0,15,216,35906,5,0.0
98,1.0,0.0,1.052,,,8,105.8995798078477,136.2520304161229,pobre,basal,3,800.0,742.0,1.0,38.0,16,216,35906,5,0.0
97,0.0,0.0,1.052,1.0,2.0,8,105.8995798078477,136.2520304161229,pobre,basal,3,800.0,742.0,1.0,38.0,11,216,35907,2,1.0
98,0.0,0.0,1.052,1.0,3.0,8,105.8995798078477,136.2520304161229,pobre,basal,3,800.0,742.0,1.0,38.0,12,216,35907,2,1.0
97,1.0,0.0,1.052,1.0,1.0,8,105.8995798078477,136.2520304161229,pobre,basal,3,800.0,742.0,1.0,38.0,8,216,35908,1,1.0
98,1.0,0.0,1.052,1.0,2.0,8,105.8995798078477,136.2520304161229,pobre,basal,3,800.0,742.0,1.0,38.0,9,216,35908,1,1.0
97,1.0,0.0,1.052,1.0,1.0,8,105.8995798078477,136.2520304161229,pobre,basal,3,800.0,742.0,1.0,38.0,7,216,35909,1,1.0
98,1.0,0.0,1.052,1.0,1.0,8,105.8995798078477,136.2520304161229,pobre,basal,3,800.0,742.0,1.0,38.0,8,216,35909,1,1.0
97,0.0,0.0,1.052,1.0,4.0,3,105.8995798078477,136.2520304161229,pobre,basal,3,400.0,802.5,1.0,60.0,10,216,35910,4,1.0
98,0.0,0.0,1.052,1.0,4.0,3,105.8995798078477,136.2520304161229,pobre,basal,3,400.0,802.5,1.0,60.0,11,216,35910,4,1.0
97,0.0,0.0,1.052,1.0,8.0,4,105.8995798078477,136.2520304161229,pobre,basal,4,600.0,880.33331,1.0,48.0,13,216,35911,8,1.0
98,0.0,0.0,1.052,1.0,8.0,4,105.8995798078477,136.2520304161229,pobre,basal,4,600.0,880.33331,1.0,48.0,14,216,35911,8,1.0
97,1.0,0.0,1.052,1.0,1.0,3,105.8995798078477,136.2520304161229,pobre,basal,4,600.0,726.0,0.0,45.0,10,216,35912,1,1.0
98,1.0,0.0,1.052,1.0,1.0,3,105.8995798078477,136.2520304161229,pobre,basal,4,600.0,726.0,0.0,45.0,11,216,35912,1,1.0
97,0.0,0.0,1.052,0.0,9.0,8,105.8995798078477,136.2520304161229,pobre,basal,6,625.0,729.0,1.0,41.0,16,216,35913,9,0.0
98,0.0,0.0,1.052,,,8,105.8995798078477,136.2520304161229,pobre,basal,6,625.0,729.0,1.0,41.0,17,216,35913,9,0.0
97,1.0,0.0,1.052,1.0,7.0,8,105.8995798078477,136.2520304161229,pobre,basal,6,625.0,729.0,1.0,41.0,14,216,35914,7,1.0
98,1.0,0.0,1.052,1.0,8.0,8,105.8995798078477,136.2520304161229,pobre,basal,6,625.0,729.0,1.0,41.0,15,216,35914,7,1.0
97,0.0,0.0,1.052,1.0,4.0,8,105.8995798078477,136.2520304161229,pobre,basal,6,625.0,729.0,1.0,41.0,12,216,35915,4,1.0
98,0.0,0.0,1.052,1.0,5.0,8,105.8995798078477,136.2520304161229,pobre,basal,6,625.0,729.0,1.0,41.0,13,216,35915,4,1.0
97,1.0,0.0,1.052,1.0,1.0,8,105.8995798078477,136.2520304161229,pobre,basal,6,625.0,729.0,1.0,41.0,7,216,35916,1,1.0
98,1.0,0.0,1.052,1.0,2.0,8,105.8995798078477,136.2520304161229,pobre,basal,6,625.0,729.0,1.0,41.0,8,216,35916,1,1.0
97,1.0,0.0,1.052,1.0,7.0,8,105.8995798078477,136.2520304161229,pobre,basal,0,480.0,590.0,1.0,76.0,12,216,35917,7,1.0
98,1.0,0.0,1.052,1.0,7.0,8,105.8995798078477,136.2520304161229,pobre,basal,0,480.0,590.0,1.0,76.0,13,216,35917,7,1.0
97,1.0,0.0,1.052,1.0,1.0,8,105.8995798078477,136.2520304161229,pobre,basal,0,480.0,590.0,1.0,76.0,6,216,35918,1,1.0
98,1.0,0.0,1.052,1.0,1.0,8,105.8995798078477,136.2520304161229,pobre,basal,0,480.0,590.0,1.0,76.0,7,216,35918,1,1.0
97,0.0,0.0,1.052,1.0,8.0,8,105.8995798078477,136.2520304161229,pobre,basal,0,480.0,590.0,1.0,76.0,14,216,35919,8,1.0
98,0.0,0.0,1.052,1.0,8.0,8,105.8995798078477,136.2520304161229,pobre,basal,0,480.0,590.0,1.0,76.0,15,216,35919,8,1.0
97,1.0,0.0,1.052,1.0,3.0,8,105.8995798078477,136.2520304161229,pobre,basal,0,480.0,590.0,1.0,76.0,10,216,35920,3,1.0
98,1.0,0.0,1.052,1.0,3.0,8,105.8995798078477,136.2520304161229,pobre,basal,0,480.0,590.0,1.0,76.0,11,216,35920,3,1.0
97,1.0,0.0,1.052,0.0,9.0,5,105.8995798078477,136.2520304161229,no pobre,basal,2,600.0,842.66669,1.0,56.0,16,216,35921,9,0.0
98,1.0,0.0,1.052,,,5,105.8995798078477,136.2520304161229,no pobre,basal,2,600.0,842.66669,1.0,56.0,17,216,35921,9,0.0
97,1.0,0.0,1.052,1.0,5.0,5,105.8995798078477,136.2520304161229,no pobre,basal,2,600.0,842.66669,1.0,56.0,13,216,35922,5,1.0
98,1.0,0.0,1.052,,,5,105.8995798078477,136.2520304161229,no pobre,basal,2,600.0,842.66669,1.0,56.0,14,216,35922,5,1.0
97,0.0,0.0,2.8150001,1.0,1.0,5,120.4058643857955,147.31929045579,pobre,basal,9,625.0,632.0,1.0,28.0,7,272,35923,1,1.0
98,0.0,0.0,2.8150001,1.0,2.0,5,120.4058643857955,147.31929045579,pobre,basal,9,625.0,632.0,1.0,28.0,8,272,35923,1,1.0
97,1.0,0.0,2.8150001,1.0,1.0,5,120.4058643857955,147.31929045579,no pobre,basal,7,1500.0,898.5,1.0,26.0,7,272,35924,1,1.0
98,1.0,0.0,2.8150001,1.0,2.0,5,120.4058643857955,147.31929045579,no pobre,basal,7,1500.0,898.5,1.0,26.0,8,272,35924,1,1.0
97,0.0,0.0,2.8150001,1.0,10.0,6,120.4058643857955,147.31929045579,no pobre,basal,6,500.0,912.0,1.0,39.0,15,272,35925,10,1.0
98,0.0,0.0,2.8150001,,,6,120.4058643857955,147.31929045579,no pobre,basal,6,500.0,912.0,1.0,39.0,16,272,35925,10,1.0
97,0.0,0.0,2.8150001,1.0,8.0,6,120.4058643857955,147.31929045579,no pobre,basal,6,500.0,912.0,1.0,39.0,13,272,35926,8,1.0
98,0.0,0.0,2.8150001,1.0,8.0,6,120.4058643857955,147.31929045579,no pobre,basal,6,500.0,912.0,1.0,39.0,14,272,35926,8,1.0
97,0.0,0.0,2.8150001,1.0,4.0,6,120.4058643857955,147.31929045579,no pobre,basal,6,500.0,912.0,1.0,39.0,9,272,35927,4,1.0
98,0.0,0.0,2.8150001,1.0,5.0,6,120.4058643857955,147.31929045579,no pobre,basal,6,500.0,912.0,1.0,39.0,10,272,35927,4,1.0
97,0.0,0.0,2.8150001,1.0,7.0,5,120.4058643857955,147.31929045579,no pobre,basal,2,600.0,930.0,1.0,44.0,12,272,35928,7,1.0
98,0.0,0.0,2.8150001,1.0,7.0,5,120.4058643857955,147.31929045579,no pobre,basal,2,600.0,930.0,1.0,44.0,13,272,35928,7,1.0
97,1.0,0.0,2.8150001,1.0,5.0,5,120.4058643857955,147.31929045579,no pobre,basal,2,600.0,930.0,1.0,44.0,10,272,35929,5,1.0
98,1.0,0.0,2.8150001,1.0,6.0,5,120.4058643857955,147.31929045579,no pobre,basal,2,600.0,930.0,1.0,44.0,11,272,35929,5,1.0
97,1.0,0.0,2.8150001,1.0,1.0,5,120.4058643857955,147.31929045579,no pobre,basal,2,600.0,930.0,1.0,44.0,6,272,35930,1,1.0
98,1.0,0.0,2.8150001,1.0,1.0,5,120.4058643857955,147.31929045579,no pobre,basal,2,600.0,930.0,1.0,44.0,7,272,35930,1,1.0
97,1.0,0.0,2.8150001,1.0,2.0,6,120.4058643857955,147.31929045579,pobre,basal,6,750.0,658.0,1.0,29.0,8,272,35931,2,1.0
98,1.0,0.0,2.8150001,1.0,3.0,6,120.4058643857955,147.31929045579,pobre,basal,6,750.0,658.0,1.0,29.0,9,272,35931,2,1.0
97,0.0,1.0,2.8150001,0.0,2.0,4,120.4058643857955,147.31929045579,pobre,basal,0,0.0,746.0,1.0,40.0,16,272,35932,2,0.0
98,0.0,1.0,2.8150001,,,4,120.4058643857955,147.31929045579,pobre,basal,0,0.0,746.0,1.0,40.0,17,272,35932,2,0.0
97,1.0,0.0,2.8150001,1.0,7.0,9,120.4058643857955,147.31929045579,pobre,basal,4,750.0,712.29999,1.0,46.0,15,272,35933,7,1.0
98,1.0,0.0,2.8150001,1.0,7.0,9,120.4058643857955,147.31929045579,pobre,basal,4,750.0,712.29999,1.0,46.0,16,272,35933,7,1.0
97,1.0,0.0,2.8150001,1.0,5.0,9,120.4058643857955,147.31929045579,pobre,basal,4,750.0,712.29999,1.0,46.0,10,272,35934,5,1.0
98,1.0,0.0,2.8150001,1.0,5.0,9,120.4058643857955,147.31929045579,pobre,basal,4,750.0,712.29999,1.0,46.0,11,272,35934,5,1.0
97,1.0,0.0,2.8150001,1.0,2.0,9,120.4058643857955,147.31929045579,pobre,basal,4,750.0,712.29999,1.0,46.0,8,272,35935,2,1.0
98,1.0,0.0,2.8150001,1.0,2.0,9,120.4058643857955,147.31929045579,pobre,basal,4,750.0,712.29999,1.0,46.0,9,272,35935,2,1.0
97,1.0,0.0,0.0,1.0,9.0,9,45.17457568995062,74.91246893254753,no pobre,basal,1,0.0,899.0,1.0,64.0,15,215,35936,9,1.0
98,1.0,0.0,0.0,0.0,9.0,9,45.17457568995062,74.91246893254753,no pobre,basal,1,0.0,899.0,1.0,64.0,16,215,35936,9,1.0
97,0.0,0.0,0.0,1.0,9.0,9,45.17457568995062,74.91246893254753,no pobre,basal,1,0.0,899.0,1.0,64.0,14,215,35937,9,1.0
98,0.0,0.0,0.0,0.0,9.0,9,45.17457568995062,74.91246893254753,no pobre,basal,1,0.0,899.0,1.0,64.0,15,215,35937,9,1.0
97,0.0,0.0,0.0,1.0,7.0,9,45.17457568995062,74.91246893254753,no pobre,basal,1,0.0,899.0,1.0,64.0,13,215,35938,7,1.0
98,0.0,0.0,0.0,1.0,7.0,9,45.17457568995062,74.91246893254753,no pobre,basal,1,0.0,899.0,1.0,64.0,14,215,35938,7,1.0
97,1.0,0.0,0.0,1.0,6.0,9,45.17457568995062,74.91246893254753,no pobre,basal,1,0.0,899.0,1.0,64.0,11,215,35939,6,1.0
98,1.0,0.0,0.0,1.0,6.0,9,45.17457568995062,74.91246893254753,no pobre,basal,1,0.0,899.0,1.0,64.0,12,215,35939,6,1.0
97,1.0,0.0,0.0,1.0,5.0,9,45.17457568995062,74.91246893254753,no pobre,basal,1,0.0,899.0,1.0,64.0,10,215,35940,5,1.0
98,1.0,0.0,0.0,1.0,5.0,9,45.17457568995062,74.91246893254753,no pobre,basal,1,0.0,899.0,1.0,64.0,11,215,35940,5,1.0
97,1.0,0.0,0.0,1.0,7.0,6,45.17457568995062,74.91246893254753,no pobre,basal,4,750.0,822.0,1.0,38.0,12,215,35941,7,1.0
98,1.0,0.0,0.0,1.0,8.0,6,45.17457568995062,74.91246893254753,no pobre,basal,4,750.0,822.0,1.0,38.0,13,215,35941,7,1.0
97,0.0,0.0,0.0,1.0,5.0,6,45.17457568995062,74.91246893254753,no pobre,basal,4,750.0,822.0,1.0,38.0,11,215,35942,5,1.0
98,0.0,0.0,0.0,1.0,6.0,6,45.17457568995062,74.91246893254753,no pobre,basal,4,750.0,822.0,1.0,38.0,12,215,35942,5,1.0
97,0.0,0.0,0.0,1.0,2.0,6,45.17457568995062,74.91246893254753,no pobre,basal,4,750.0,822.0,1.0,38.0,10,215,35943,2,1.0
98,0.0,0.0,0.0,1.0,3.0,6,45.17457568995062,74.91246893254753,no pobre,basal,4,750.0,822.0,1.0,38.0,11,215,35943,2,1.0
97,1.0,0.0,0.0,1.0,1.0,6,45.17457568995062,74.91246893254753,no pobre,basal,4,750.0,822.0,1.0,38.0,7,215,35944,1,1.0
98,1.0,0.0,0.0,1.0,1.0,6,45.17457568995062,74.91246893254753,no pobre,basal,4,750.0,822.0,1.0,38.0,8,215,35944,1,1.0
97,0.0,0.0,0.0,1.0,8.0,3,45.17457568995062,74.91246893254753,pobre,basal,6,600.0,1012.0,1.0,35.0,13,215,35945,8,1.0
98,0.0,0.0,0.0,1.0,9.0,3,45.17457568995062,74.91246893254753,pobre,basal,6,600.0,1012.0,1.0,35.0,14,215,35945,8,1.0
97,1.0,0.0,0.0,1.0,5.0,5,45.17457568995062,74.91246893254753,pobre,basal,6,500.0,711.25,1.0,28.0,10,215,35946,5,1.0
98,1.0,0.0,0.0,1.0,5.0,5,45.17457568995062,74.91246893254753,pobre,basal,6,500.0,711.25,1.0,28.0,11,215,35946,5,1.0
97,1.0,0.0,0.0,1.0,1.0,5,45.17457568995062,74.91246893254753,pobre,basal,6,500.0,711.25,1.0,28.0,8,215,35947,1,1.0
98,1.0,0.0,0.0,1.0,2.0,5,45.17457568995062,74.91246893254753,pobre,basal,6,500.0,711.25,1.0,28.0,9,215,35947,1,1.0
97,0.0,0.0,0.0,1.0,2.0,5,45.17457568995062,74.91246893254753,pobre,basal,6,500.0,711.25,1.0,28.0,7,215,35948,2,1.0
98,0.0,0.0,0.0,1.0,2.0,5,45.17457568995062,74.91246893254753,pobre,basal,6,500.0,711.25,1.0,28.0,8,215,35948,2,1.0
97,1.0,0.0,0.0,1.0,5.0,6,45.17457568995062,74.91246893254753,pobre,basal,2,500.0,820.0,1.0,53.0,11,215,35949,5,1.0
98,1.0,0.0,0.0,1.0,6.0,6,45.17457568995062,74.91246893254753,pobre,basal,2,500.0,820.0,1.0,53.0,12,215,35949,5,1.0
97,1.0,0.0,0.0,1.0,4.0,6,45.17457568995062,74.91246893254753,pobre,basal,2,500.0,820.0,1.0,53.0,9,215,35950,4,1.0
98,1.0,0.0,0.0,1.0,4.0,6,45.17457568995062,74.91246893254753,pobre,basal,2,500.0,820.0,1.0,53.0,10,215,35950,4,1.0
97,0.0,0.0,0.0,1.0,7.0,6,45.17457568995062,74.91246893254753,pobre,basal,2,500.0,820.0,1.0,53.0,13,215,35951,7,1.0
98,0.0,0.0,0.0,,,6,45.17457568995062,74.91246893254753,pobre,basal,2,500.0,820.0,1.0,53.0,14,215,35951,7,1.0
97,1.0,0.0,0.0,1.0,1.0,6,45.17457568995062,74.91246893254753,pobre,basal,3,500.0,854.5,1.0,43.0,13,215,35952,1,1.0
98,1.0,0.0,0.0,,,6,45.17457568995062,74.91246893254753,pobre,basal,3,500.0,854.5,1.0,43.0,14,215,35952,1,1.0
97,1.0,0.0,0.0,1.0,3.0,6,45.17457568995062,74.91246893254753,pobre,basal,3,500.0,854.5,1.0,43.0,8,215,35953,3,1.0
98,1.0,0.0,0.0,,,6,45.17457568995062,74.91246893254753,pobre,basal,3,500.0,854.5,1.0,43.0,9,215,35953,3,1.0
97,1.0,0.0,0.0,1.0,1.0,5,45.17457568995062,74.91246893254753,no pobre,basal,2,800.0,930.5,1.0,30.0,8,215,35954,1,1.0
98,1.0,0.0,0.0,1.0,2.0,5,45.17457568995062,74.91246893254753,no pobre,basal,2,800.0,930.5,1.0,30.0,9,215,35954,1,1.0
97,1.0,0.0,0.0,0.0,6.0,7,45.17457568995062,74.91246893254753,no pobre,basal,0,800.0,689.0,1.0,77.0,14,215,35955,6,0.0
98,1.0,0.0,0.0,1.0,6.0,7,45.17457568995062,74.91246893254753,no pobre,basal,0,800.0,689.0,1.0,77.0,15,215,35955,6,0.0
97,1.0,0.0,0.0,0.0,6.0,7,45.17457568995062,74.91246893254753,no pobre,basal,0,800.0,689.0,1.0,77.0,12,215,35956,6,0.0
98,1.0,0.0,0.0,1.0,6.0,7,45.17457568995062,74.91246893254753,no pobre,basal,0,800.0,689.0,1.0,77.0,13,215,35956,6,0.0
97,1.0,0.0,0.0,1.0,5.0,7,45.17457568995062,74.91246893254753,no pobre,basal,0,800.0,689.0,1.0,77.0,10,215,35957,5,1.0
98,1.0,0.0,0.0,1.0,5.0,7,45.17457568995062,74.91246893254753,no pobre,basal,0,800.0,689.0,1.0,77.0,11,215,35957,5,1.0
97,1.0,0.0,0.0,1.0,2.0,7,45.17457568995062,74.91246893254753,no pobre,basal,0,800.0,689.0,1.0,77.0,8,215,35958,2,1.0
98,1.0,0.0,0.0,1.0,2.0,7,45.17457568995062,74.91246893254753,no pobre,basal,0,800.0,689.0,1.0,77.0,9,215,35958,2,1.0
97,0.0,0.0,0.0,0.0,6.0,9,45.17457568995062,74.91246893254753,no pobre,basal,1,41.666668,897.0,1.0,75.0,15,215,35959,6,0.0
98,0.0,0.0,0.0,0.0,6.0,9,45.17457568995062,74.91246893254753,no pobre,basal,1,41.666668,897.0,1.0,75.0,16,215,35959,6,0.0
97,1.0,0.0,0.0,1.0,7.0,9,45.17457568995062,74.91246893254753,no pobre,basal,1,41.666668,897.0,1.0,75.0,13,215,35960,7,1.0
98,1.0,0.0,0.0,1.0,8.0,9,45.17457568995062,74.91246893254753,no pobre,basal,1,41.666668,897.0,1.0,75.0,14,215,35960,7,1.0
97,1.0,0.0,0.0,1.0,5.0,9,45.17457568995062,74.91246893254753,no pobre,basal,1,41.666668,897.0,1.0,75.0,11,215,35961,5,1.0
98,1.0,0.0,0.0,1.0,6.0,9,45.17457568995062,74.91246893254753,no pobre,basal,1,41.666668,897.0,1.0,75.0,12,215,35961,5,1.0
97,0.0,0.0,0.0,1.0,3.0,9,45.17457568995062,74.91246893254753,no pobre,basal,1,41.666668,897.0,1.0,75.0,9,215,35962,3,1.0
98,0.0,0.0,0.0,1.0,4.0,9,45.17457568995062,74.91246893254753,no pobre,basal,1,41.666668,897.0,1.0,75.0,10,215,35962,3,1.0
97,0.0,0.0,0.0,1.0,1.0,9,45.17457568995062,74.91246893254753,no pobre,basal,1,41.666668,897.0,1.0,75.0,7,215,35963,1,1.0
98,0.0,0.0,0.0,1.0,2.0,9,45.17457568995062,74.91246893254753,no pobre,basal,1,41.666668,897.0,1.0,75.0,8,215,35963,1,1.0
97,1.0,0.0,0.0,1.0,10.0,9,45.17457568995062,74.91246893254753,no pobre,basal,1,41.666668,897.0,1.0,75.0,16,215,35964,10,1.0
98,1.0,0.0,0.0,,,9,45.17457568995062,74.91246893254753,no pobre,basal,1,41.666668,897.0,1.0,75.0,17,215,35964,10,1.0
97,0.0,1.0,2.8150001,1.0,8.0,8,120.4058643857955,147.31929045579,pobre,basal,5,750.0,533.0,1.0,34.0,14,272,35965,8,1.0
98,0.0,1.0,2.8150001,1.0,9.0,8,120.4058643857955,147.31929045579,pobre,basal,5,750.0,533.0,1.0,34.0,15,272,35965,8,1.0
97,1.0,1.0,2.8150001,1.0,5.0,8,120.4058643857955,147.31929045579,pobre,basal,5,750.0,533.0,1.0,34.0,12,272,35966,5,1.0
98,1.0,1.0,2.8150001,1.0,6.0,8,120.4058643857955,147.31929045579,pobre,basal,5,750.0,533.0,1.0,34.0,13,272,35966,5,1.0
97,1.0,1.0,2.8150001,1.0,4.0,8,120.4058643857955,147.31929045579,pobre,basal,5,750.0,533.0,1.0,34.0,10,272,35967,4,1.0
98,1.0,1.0,2.8150001,1.0,5.0,8,120.4058643857955,147.31929045579,pobre,basal,5,750.0,533.0,1.0,34.0,11,272,35967,4,1.0
97,0.0,1.0,2.8150001,1.0,3.0,8,120.4058643857955,147.31929045579,pobre,basal,5,750.0,533.0,1.0,34.0,8,272,35968,3,1.0
98,0.0,1.0,2.8150001,1.0,4.0,8,120.4058643857955,147.31929045579,pobre,basal,5,750.0,533.0,1.0,34.0,9,272,35968,3,1.0
97,1.0,1.0,2.8150001,1.0,1.0,8,120.4058643857955,147.31929045579,pobre,basal,5,750.0,533.0,1.0,34.0,6,272,35969,1,1.0
98,1.0,1.0,2.8150001,1.0,2.0,8,120.4058643857955,147.31929045579,pobre,basal,5,750.0,533.0,1.0,34.0,7,272,35969,1,1.0
97,0.0,1.0,2.8150001,0.0,6.0,11,120.4058643857955,147.31929045579,pobre,basal,0,2500.0,750.75,1.0,51.0,15,272,35970,6,0.0
98,0.0,1.0,2.8150001,0.0,6.0,11,120.4058643857955,147.31929045579,pobre,basal,0,2500.0,750.75,1.0,51.0,16,272,35970,6,0.0
97,0.0,1.0,2.8150001,0.0,6.0,11,120.4058643857955,147.31929045579,pobre,basal,0,2500.0,750.75,1.0,51.0,12,272,35971,6,0.0
98,0.0,1.0,2.8150001,0.0,6.0,11,120.4058643857955,147.31929045579,pobre,basal,0,2500.0,750.75,1.0,51.0,13,272,35971,6,0.0
97,0.0,1.0,2.8150001,1.0,2.0,11,120.4058643857955,147.31929045579,pobre,basal,0,2500.0,750.75,1.0,51.0,10,272,35972,2,1.0
98,0.0,1.0,2.8150001,1.0,3.0,11,120.4058643857955,147.31929045579,pobre,basal,0,2500.0,750.75,1.0,51.0,11,272,35972,2,1.0
97,0.0,1.0,2.8150001,1.0,1.0,11,120.4058643857955,147.31929045579,pobre,basal,0,2500.0,750.75,1.0,51.0,7,272,35973,1,1.0
98,0.0,1.0,2.8150001,1.0,1.0,11,120.4058643857955,147.31929045579,pobre,basal,0,2500.0,750.75,1.0,51.0,8,272,35973,1,1.0
97,0.0,0.0,2.8150001,1.0,8.0,7,120.4058643857955,147.31929045579,pobre,basal,6,333.33334,650.0,1.0,42.0,13,272,35974,8,1.0
98,0.0,0.0,2.8150001,1.0,8.0,7,120.4058643857955,147.31929045579,pobre,basal,6,333.33334,650.0,1.0,42.0,14,272,35974,8,1.0
97,0.0,0.0,2.8150001,1.0,5.0,7,120.4058643857955,147.31929045579,pobre,basal,6,333.33334,650.0,1.0,42.0,11,272,35975,5,1.0
98,0.0,0.0,2.8150001,1.0,6.0,7,120.4058643857955,147.31929045579,pobre,basal,6,333.33334,650.0,1.0,42.0,12,272,35975,5,1.0
97,0.0,0.0,2.8150001,1.0,2.0,7,120.4058643857955,147.31929045579,pobre,basal,6,333.33334,650.0,1.0,42.0,8,272,35976,2,1.0
98,0.0,0.0,2.8150001,1.0,3.0,7,120.4058643857955,147.31929045579,pobre,basal,6,333.33334,650.0,1.0,42.0,9,272,35976,2,1.0
97,0.0,0.0,2.8150001,1.0,0.0,7,120.4058643857955,147.31929045579,pobre,basal,6,333.33334,650.0,1.0,42.0,6,272,35977,0,1.0
98,0.0,0.0,2.8150001,1.0,1.0,7,120.4058643857955,147.31929045579,pobre,basal,6,333.33334,650.0,1.0,42.0,7,272,35977,0,1.0
97,1.0,0.0,0.0,0.0,6.0,8,45.17457568995062,74.91246893254753,no pobre,basal,3,500.0,921.0,1.0,40.0,16,215,35978,6,0.0
98,1.0,0.0,0.0,,,8,45.17457568995062,74.91246893254753,no pobre,basal,3,500.0,921.0,1.0,40.0,17,215,35978,6,0.0
97,0.0,0.0,0.0,1.0,7.0,8,45.17457568995062,74.91246893254753,no pobre,basal,3,500.0,921.0,1.0,40.0,13,215,35979,7,1.0
98,0.0,0.0,0.0,1.0,8.0,8,45.17457568995062,74.91246893254753,no pobre,basal,3,500.0,921.0,1.0,40.0,14,215,35979,7,1.0
97,1.0,0.0,0.0,1.0,4.0,8,45.17457568995062,74.91246893254753,no pobre,basal,3,500.0,921.0,1.0,40.0,9,215,35980,4,1.0
98,1.0,0.0,0.0,1.0,4.0,8,45.17457568995062,74.91246893254753,no pobre,basal,3,500.0,921.0,1.0,40.0,10,215,35980,4,1.0
97,0.0,0.0,0.0,1.0,0.0,8,45.17457568995062,74.91246893254753,no pobre,basal,3,500.0,921.0,1.0,40.0,6,215,35981,0,1.0
98,0.0,0.0,0.0,1.0,1.0,8,45.17457568995062,74.91246893254753,no pobre,basal,3,500.0,921.0,1.0,40.0,7,215,35981,0,1.0
97,0.0,0.0,0.0,1.0,3.0,6,45.17457568995062,74.91246893254753,no pobre,basal,3,300.0,752.0,1.0,30.0,9,215,35982,3,1.0
98,0.0,0.0,0.0,1.0,4.0,6,45.17457568995062,74.91246893254753,no pobre,basal,3,300.0,752.0,1.0,30.0,10,215,35982,3,1.0
97,1.0,0.0,0.0,1.0,0.0,6,45.17457568995062,74.91246893254753,no pobre,basal,3,300.0,752.0,1.0,30.0,6,215,35983,0,1.0
98,1.0,0.0,0.0,1.0,1.0,6,45.17457568995062,74.91246893254753,no pobre,basal,3,300.0,752.0,1.0,30.0,7,215,35983,0,1.0
97,0.0,0.0,0.0,,0.0,6,45.17457568995062,74.91246893254753,no pobre,basal,7,0.0,1058.0,1.0,25.0,16,215,35984,0,
98,0.0,0.0,0.0,,,6,45.17457568995062,74.91246893254753,no pobre,basal,7,0.0,1058.0,1.0,25.0,17,215,35984,0,
97,1.0,0.0,0.0,0.0,6.0,6,45.17457568995062,74.91246893254753,no pobre,basal,7,0.0,1058.0,1.0,25.0,15,215,35985,6,0.0
98,1.0,0.0,0.0,0.0,6.0,6,45.17457568995062,74.91246893254753,no pobre,basal,7,0.0,1058.0,1.0,25.0,16,215,35985,6,0.0
97,1.0,0.0,0.0,1.0,6.0,6,45.17457568995062,74.91246893254753,no pobre,basal,7,0.0,1058.0,1.0,25.0,13,215,35986,6,1.0
98,1.0,0.0,0.0,1.0,7.0,6,45.17457568995062,74.91246893254753,no pobre,basal,7,0.0,1058.0,1.0,25.0,14,215,35986,6,1.0
97,1.0,0.0,0.0,1.0,8.0,6,45.17457568995062,74.91246893254753,pobre,basal,3,0.0,842.0,1.0,39.0,15,215,35987,8,1.0
98,1.0,0.0,0.0,0.0,9.0,6,45.17457568995062,74.91246893254753,pobre,basal,3,0.0,842.0,1.0,39.0,16,215,35987,8,1.0
97,1.0,0.0,0.0,1.0,7.0,6,45.17457568995062,74.91246893254753,pobre,basal,3,0.0,842.0,1.0,39.0,13,215,35988,7,1.0
98,1.0,0.0,0.0,1.0,8.0,6,45.17457568995062,74.91246893254753,pobre,basal,3,0.0,842.0,1.0,39.0,14,215,35988,7,1.0
97,0.0,0.0,0.0,1.0,4.0,6,45.17457568995062,74.91246893254753,pobre,basal,3,0.0,842.0,1.0,39.0,11,215,35989,4,1.0
98,0.0,0.0,0.0,1.0,5.0,6,45.17457568995062,74.91246893254753,pobre,basal,3,0.0,842.0,1.0,39.0,12,215,35989,4,1.0
97,1.0,0.0,0.0,1.0,0.0,6,45.17457568995062,74.91246893254753,pobre,basal,3,0.0,842.0,1.0,39.0,6,215,35990,0,1.0
98,1.0,0.0,0.0,1.0,1.0,6,45.17457568995062,74.91246893254753,pobre,basal,3,0.0,842.0,1.0,39.0,7,215,35990,0,1.0
97,1.0,0.0,0.0,1.0,8.0,8,45.17457568995062,74.91246893254753,no pobre,basal,2,250.0,784.0,1.0,41.0,14,215,35991,8,1.0
98,1.0,0.0,0.0,0.0,9.0,8,45.17457568995062,74.91246893254753,no pobre,basal,2,250.0,784.0,1.0,41.0,15,215,35991,8,1.0
97,1.0,0.0,0.0,1.0,6.0,8,45.17457568995062,74.91246893254753,no pobre,basal,2,250.0,784.0,1.0,41.0,11,215,35992,6,1.0
98,1.0,0.0,0.0,1.0,7.0,8,45.17457568995062,74.91246893254753,no pobre,basal,2,250.0,784.0,1.0,41.0,12,215,35992,6,1.0
97,1.0,0.0,0.0,1.0,4.0,8,45.17457568995062,74.91246893254753,no pobre,basal,2,250.0,784.0,1.0,41.0,10,215,35993,4,1.0
98,1.0,0.0,0.0,1.0,5.0,8,45.17457568995062,74.91246893254753,no pobre,basal,2,250.0,784.0,1.0,41.0,11,215,35993,4,1.0
97,0.0,0.0,0.0,1.0,1.0,8,45.17457568995062,74.91246893254753,no pobre,basal,2,250.0,784.0,1.0,41.0,7,215,35994,1,1.0
98,0.0,0.0,0.0,1.0,2.0,8,45.17457568995062,74.91246893254753,no pobre,basal,2,250.0,784.0,1.0,41.0,8,215,35994,1,1.0
97,0.0,0.0,0.0,1.0,8.0,6,45.17457568995062,74.91246893254753,no pobre,basal,0,0.0,865.0,1.0,52.0,14,215,35995,8,1.0
98,0.0,0.0,0.0,0.0,9.0,6,45.17457568995062,74.91246893254753,no pobre,basal,0,0.0,865.0,1.0,52.0,15,215,35995,8,1.0
97,0.0,0.0,0.0,1.0,3.0,6,45.17457568995062,74.91246893254753,no pobre,basal,0,0.0,865.0,1.0,52.0,11,215,35996,3,1.0
98,0.0,0.0,0.0,1.0,4.0,6,45.17457568995062,74.91246893254753,no pobre,basal,0,0.0,865.0,1.0,52.0,12,215,35996,3,1.0
97,1.0,0.0,0.0,1.0,2.0,6,45.17457568995062,74.91246893254753,no pobre,basal,0,0.0,865.0,1.0,52.0,9,215,35997,2,1.0
98,1.0,0.0,0.0,1.0,3.0,6,45.17457568995062,74.91246893254753,no pobre,basal,0,0.0,865.0,1.0,52.0,10,215,35997,2,1.0
97,1.0,0.0,0.0,1.0,5.0,8,45.17457568995062,74.91246893254753,pobre,basal,0,0.0,747.14099,1.0,63.0,16,215,35998,5,1.0
98,1.0,0.0,0.0,,,8,45.17457568995062,74.91246893254753,pobre,basal,0,0.0,747.14099,1.0,63.0,17,215,35998,5,1.0
97,1.0,0.0,0.0,1.0,5.0,8,45.17457568995062,74.91246893254753,pobre,basal,0,0.0,747.14099,1.0,63.0,13,215,35999,5,1.0
98,1.0,0.0,0.0,,,8,45.17457568995062,74.91246893254753,pobre,basal,0,0.0,747.14099,1.0,63.0,14,215,35999,5,1.0
97,1.0,0.0,0.0,,0.0,8,45.17457568995062,74.91246893254753,pobre,basal,0,0.0,747.14099,1.0,63.0,7,215,36000,0,
98,1.0,0.0,0.0,,,8,45.17457568995062,74.91246893254753,pobre,basal,0,0.0,747.14099,1.0,63.0,8,215,36000,0,
97,0.0,0.0,0.0,,0.0,8,45.17457568995062,74.91246893254753,pobre,basal,0,0.0,747.14099,1.0,63.0,6,215,36001,0,
98,0.0,0.0,0.0,,,8,45.17457568995062,74.91246893254753,pobre,basal,0,0.0,747.14099,1.0,63.0,7,215,36001,0,
97,0.0,0.0,0.0,0.0,6.0,6,45.17457568995062,74.91246893254753,pobre,basal,0,0.0,767.5,1.0,63.0,14,215,36002,6,0.0
98,0.0,0.0,0.0,,,6,45.17457568995062,74.91246893254753,pobre,basal,0,0.0,767.5,1.0,63.0,15,215,36002,6,0.0
97,0.0,0.0,0.0,1.0,9.0,10,45.17457568995062,74.91246893254753,no pobre,basal,8,0.0,931.0,1.0,44.0,15,215,36003,9,1.0
98,0.0,0.0,0.0,1.0,9.0,10,45.17457568995062,74.91246893254753,no pobre,basal,8,0.0,931.0,1.0,44.0,16,215,36003,9,1.0
97,0.0,0.0,0.0,1.0,8.0,10,45.17457568995062,74.91246893254753,no pobre,basal,8,0.0,931.0,1.0,44.0,13,215,36004,8,1.0
98,0.0,0.0,0.0,1.0,9.0,10,45.17457568995062,74.91246893254753,no pobre,basal,8,0.0,931.0,1.0,44.0,14,215,36004,8,1.0
97,1.0,0.0,0.0,1.0,6.0,10,45.17457568995062,74.91246893254753,no pobre,basal,8,0.0,931.0,1.0,44.0,11,215,36005,6,1.0
98,1.0,0.0,0.0,1.0,7.0,10,45.17457568995062,74.91246893254753,no pobre,basal,8,0.0,931.0,1.0,44.0,12,215,36005,6,1.0
97,0.0,0.0,0.0,1.0,3.0,10,45.17457568995062,74.91246893254753,no pobre,basal,8,0.0,931.0,1.0,44.0,9,215,36006,3,1.0
98,0.0,0.0,0.0,,,10,45.17457568995062,74.91246893254753,no pobre,basal,8,0.0,931.0,1.0,44.0,10,215,36006,3,1.0
97,0.0,0.0,0.0,1.0,1.0,10,45.17457568995062,74.91246893254753,no pobre,basal,8,0.0,931.0,1.0,44.0,7,215,36007,1,1.0
98,0.0,0.0,0.0,1.0,2.0,10,45.17457568995062,74.91246893254753,no pobre,basal,8,0.0,931.0,1.0,44.0,8,215,36007,1,1.0
97,1.0,0.0,0.0,1.0,9.0,9,45.17457568995062,74.91246893254753,no pobre,basal,2,0.0,825.5,1.0,66.0,15,215,36008,9,1.0
98,1.0,0.0,0.0,,,9,45.17457568995062,74.91246893254753,no pobre,basal,2,0.0,825.5,1.0,66.0,16,215,36008,9,1.0
97,0.0,0.0,0.0,1.0,6.0,9,45.17457568995062,74.91246893254753,no pobre,basal,2,0.0,825.5,1.0,66.0,12,215,36009,6,1.0
98,0.0,0.0,0.0,1.0,7.0,9,45.17457568995062,74.91246893254753,no pobre,basal,2,0.0,825.5,1.0,66.0,13,215,36009,6,1.0
97,1.0,0.0,0.0,1.0,5.0,9,45.17457568995062,74.91246893254753,no pobre,basal,2,0.0,825.5,1.0,66.0,10,215,36010,5,1.0
98,1.0,0.0,0.0,1.0,6.0,9,45.17457568995062,74.91246893254753,no pobre,basal,2,0.0,825.5,1.0,66.0,11,215,36010,5,1.0
97,0.0,0.0,0.0,1.0,7.0,8,45.17457568995062,74.91246893254753,no pobre,basal,3,625.0,1041.0,1.0,48.0,16,215,36011,7,1.0
98,0.0,0.0,0.0,0.0,9.0,8,45.17457568995062,74.91246893254753,no pobre,basal,3,625.0,1041.0,1.0,48.0,17,215,36011,7,1.0
97,0.0,0.0,0.0,0.0,6.0,5,45.17457568995062,74.91246893254753,pobre,basal,3,625.0,828.0,1.0,52.0,14,215,36012,6,0.0
98,0.0,0.0,0.0,0.0,5.0,5,45.17457568995062,74.91246893254753,pobre,basal,3,625.0,828.0,1.0,52.0,15,215,36012,6,0.0
97,1.0,0.0,0.0,1.0,3.0,5,45.17457568995062,74.91246893254753,pobre,basal,3,625.0,828.0,1.0,52.0,10,215,36013,3,1.0
98,1.0,0.0,0.0,1.0,4.0,5,45.17457568995062,74.91246893254753,pobre,basal,3,625.0,828.0,1.0,52.0,11,215,36013,3,1.0
97,1.0,0.0,0.0,1.0,3.0,4,45.17457568995062,74.91246893254753,pobre,basal,9,100.0,725.0,1.0,29.0,8,215,36014,3,1.0
98,1.0,0.0,0.0,,,4,45.17457568995062,74.91246893254753,pobre,basal,9,100.0,725.0,1.0,29.0,9,215,36014,3,1.0
97,0.0,0.0,0.0,1.0,1.0,4,45.17457568995062,74.91246893254753,pobre,basal,9,100.0,725.0,1.0,29.0,6,215,36015,1,1.0
98,0.0,0.0,0.0,1.0,2.0,4,45.17457568995062,74.91246893254753,pobre,basal,9,100.0,725.0,1.0,29.0,7,215,36015,1,1.0
97,1.0,0.0,0.0,1.0,8.0,4,45.17457568995062,74.91246893254753,pobre,basal,6,720.0,738.0,1.0,34.0,13,215,36016,8,1.0
98,1.0,0.0,0.0,,,4,45.17457568995062,74.91246893254753,pobre,basal,6,720.0,738.0,1.0,34.0,14,215,36016,8,1.0
97,0.0,0.0,0.0,1.0,2.0,4,45.17457568995062,74.91246893254753,pobre,basal,6,720.0,738.0,1.0,34.0,7,215,36017,2,1.0
98,0.0,0.0,0.0,0.0,3.0,4,45.17457568995062,74.91246893254753,pobre,basal,6,720.0,738.0,1.0,34.0,8,215,36017,2,1.0
97,1.0,0.0,0.0,1.0,9.0,9,45.17457568995062,74.91246893254753,no pobre,basal,3,625.0,802.5,1.0,45.0,15,215,36018,9,1.0
98,1.0,0.0,0.0,1.0,9.0,9,45.17457568995062,74.91246893254753,no pobre,basal,3,625.0,802.5,1.0,45.0,16,215,36018,9,1.0
97,1.0,0.0,0.0,1.0,2.0,9,45.17457568995062,74.91246893254753,no pobre,basal,3,625.0,802.5,1.0,45.0,7,215,36019,2,1.0
98,1.0,0.0,0.0,1.0,2.0,9,45.17457568995062,74.91246893254753,no pobre,basal,3,625.0,802.5,1.0,45.0,8,215,36019,2,1.0
97,0.0,0.0,0.0,1.0,4.0,5,45.17457568995062,74.91246893254753,pobre,basal,3,500.0,705.0,1.0,32.0,9,215,36020,4,1.0
98,0.0,0.0,0.0,1.0,5.0,5,45.17457568995062,74.91246893254753,pobre,basal,3,500.0,705.0,1.0,32.0,10,215,36020,4,1.0
97,0.0,0.0,0.0,1.0,4.0,4,45.17457568995062,74.91246893254753,no pobre,basal,0,0.0,836.0,0.0,78.0,9,215,36021,4,1.0
98,0.0,0.0,0.0,1.0,4.0,4,45.17457568995062,74.91246893254753,no pobre,basal,0,0.0,836.0,0.0,78.0,10,215,36021,4,1.0
97,1.0,0.0,0.0,1.0,6.0,9,45.17457568995062,74.91246893254753,pobre,basal,0,625.0,690.0,1.0,66.0,15,215,36022,6,1.0
98,1.0,0.0,0.0,0.0,6.0,9,45.17457568995062,74.91246893254753,pobre,basal,0,625.0,690.0,1.0,66.0,16,215,36022,6,1.0
97,0.0,0.0,0.0,1.0,4.0,9,45.17457568995062,74.91246893254753,pobre,basal,0,625.0,690.0,1.0,66.0,9,215,36023,4,1.0
98,0.0,0.0,0.0,1.0,4.0,9,45.17457568995062,74.91246893254753,pobre,basal,0,625.0,690.0,1.0,66.0,10,215,36023,4,1.0
97,0.0,0.0,0.0,1.0,1.0,9,45.17457568995062,74.91246893254753,pobre,basal,0,625.0,690.0,1.0,66.0,6,215,36024,1,1.0
98,0.0,0.0,0.0,1.0,1.0,9,45.17457568995062,74.91246893254753,pobre,basal,0,625.0,690.0,1.0,66.0,7,215,36024,1,1.0
97,1.0,0.0,0.0,1.0,7.0,8,45.17457568995062,74.91246893254753,no pobre,basal,2,400.0,806.0,1.0,34.0,14,215,36025,7,1.0
98,1.0,0.0,0.0,1.0,8.0,8,45.17457568995062,74.91246893254753,no pobre,basal,2,400.0,806.0,1.0,34.0,15,215,36025,7,1.0
97,1.0,0.0,0.0,1.0,6.0,8,45.17457568995062,74.91246893254753,no pobre,basal,2,400.0,806.0,1.0,34.0,12,215,36026,6,1.0
98,1.0,0.0,0.0,1.0,7.0,8,45.17457568995062,74.91246893254753,no pobre,basal,2,400.0,806.0,1.0,34.0,13,215,36026,6,1.0
97,1.0,0.0,0.0,1.0,3.0,8,45.17457568995062,74.91246893254753,no pobre,basal,2,400.0,806.0,1.0,34.0,10,215,36027,3,1.0
98,1.0,0.0,0.0,1.0,4.0,8,45.17457568995062,74.91246893254753,no pobre,basal,2,400.0,806.0,1.0,34.0,11,215,36027,3,1.0
97,0.0,0.0,0.0,,0.0,8,45.17457568995062,74.91246893254753,no pobre,basal,2,400.0,806.0,1.0,34.0,8,215,36028,0,
98,0.0,0.0,0.0,1.0,2.0,8,45.17457568995062,74.91246893254753,no pobre,basal,2,400.0,806.0,1.0,34.0,9,215,36028,0,
97,0.0,0.0,0.0,1.0,8.0,3,45.17457568995062,74.91246893254753,no pobre,basal,0,1200.0,1093.0,1.0,50.0,15,215,36029,8,1.0
98,0.0,0.0,0.0,1.0,9.0,3,45.17457568995062,74.91246893254753,no pobre,basal,0,1200.0,1093.0,1.0,50.0,16,215,36029,8,1.0
97,0.0,0.0,0.0,1.0,7.0,5,45.17457568995062,74.91246893254753,pobre,basal,6,3750.0,801.0,1.0,34.0,13,215,36030,7,1.0
98,0.0,0.0,0.0,1.0,8.0,5,45.17457568995062,74.91246893254753,pobre,basal,6,3750.0,801.0,1.0,34.0,14,215,36030,7,1.0
97,0.0,0.0,0.0,1.0,4.0,5,45.17457568995062,74.91246893254753,pobre,basal,6,3750.0,801.0,1.0,34.0,10,215,36031,4,1.0
98,0.0,0.0,0.0,1.0,5.0,5,45.17457568995062,74.91246893254753,pobre,basal,6,3750.0,801.0,1.0,34.0,11,215,36031,4,1.0
97,1.0,0.0,0.0,1.0,2.0,5,45.17457568995062,74.91246893254753,pobre,basal,6,3750.0,801.0,1.0,34.0,8,215,36032,2,1.0
98,1.0,0.0,0.0,1.0,3.0,5,45.17457568995062,74.91246893254753,pobre,basal,6,3750.0,801.0,1.0,34.0,9,215,36032,2,1.0
97,1.0,0.0,0.0,1.0,7.0,5,45.17457568995062,74.91246893254753,pobre,basal,6,750.0,705.0,1.0,32.0,13,215,36033,7,1.0
98,1.0,0.0,0.0,1.0,8.0,5,45.17457568995062,74.91246893254753,pobre,basal,6,750.0,705.0,1.0,32.0,14,215,36033,7,1.0
97,1.0,0.0,0.0,1.0,3.0,5,45.17457568995062,74.91246893254753,pobre,basal,6,750.0,705.0,1.0,32.0,9,215,36034,3,1.0
98,1.0,0.0,0.0,1.0,4.0,5,45.17457568995062,74.91246893254753,pobre,basal,6,750.0,705.0,1.0,32.0,10,215,36034,3,1.0
97,1.0,0.0,0.0,1.0,7.0,5,45.17457568995062,74.91246893254753,no pobre,basal,2,750.0,854.0,1.0,39.0,13,215,36035,7,1.0
98,1.0,0.0,0.0,1.0,8.0,5,45.17457568995062,74.91246893254753,no pobre,basal,2,750.0,854.0,1.0,39.0,14,215,36035,7,1.0
97,1.0,0.0,0.0,1.0,2.0,5,45.17457568995062,74.91246893254753,no pobre,basal,2,750.0,854.0,1.0,39.0,8,215,36036,2,1.0
98,1.0,0.0,0.0,1.0,3.0,5,45.17457568995062,74.91246893254753,no pobre,basal,2,750.0,854.0,1.0,39.0,9,215,36036,2,1.0
97,1.0,0.0,0.0,1.0,2.0,5,45.17457568995062,74.91246893254753,no pobre,basal,2,750.0,854.0,1.0,39.0,6,215,36037,2,1.0
98,1.0,0.0,0.0,1.0,3.0,5,45.17457568995062,74.91246893254753,no pobre,basal,2,750.0,854.0,1.0,39.0,7,215,36037,2,1.0
97,1.0,0.0,0.0,1.0,2.0,3,45.17457568995062,74.91246893254753,pobre,basal,2,225.0,757.0,0.0,29.0,8,215,36038,2,1.0
98,1.0,0.0,0.0,1.0,3.0,3,45.17457568995062,74.91246893254753,pobre,basal,2,225.0,757.0,0.0,29.0,9,215,36038,2,1.0
97,1.0,0.0,0.0,1.0,7.0,5,45.17457568995062,74.91246893254753,pobre,basal,2,500.0,826.5,0.0,36.0,13,215,36039,7,1.0
98,1.0,0.0,0.0,1.0,8.0,5,45.17457568995062,74.91246893254753,pobre,basal,2,500.0,826.5,0.0,36.0,14,215,36039,7,1.0
97,1.0,0.0,0.0,1.0,4.0,5,45.17457568995062,74.91246893254753,pobre,basal,2,500.0,826.5,0.0,36.0,11,215,36040,4,1.0
98,1.0,0.0,0.0,1.0,5.0,5,45.17457568995062,74.91246893254753,pobre,basal,2,500.0,826.5,0.0,36.0,12,215,36040,4,1.0
97,0.0,0.0,0.0,1.0,7.0,7,45.17457568995062,74.91246893254753,no pobre,basal,9,625.0,1110.3334,1.0,72.0,14,215,36041,7,1.0
98,0.0,0.0,0.0,1.0,8.0,7,45.17457568995062,74.91246893254753,no pobre,basal,9,625.0,1110.3334,1.0,72.0,15,215,36041,7,1.0
97,1.0,0.0,0.0,1.0,3.0,7,45.17457568995062,74.91246893254753,no pobre,basal,9,625.0,1110.3334,1.0,72.0,9,215,36042,3,1.0
98,1.0,0.0,0.0,1.0,4.0,7,45.17457568995062,74.91246893254753,no pobre,basal,9,625.0,1110.3334,1.0,72.0,10,215,36042,3,1.0
97,0.0,0.0,0.0,0.0,7.0,7,45.17457568995062,74.91246893254753,pobre,basal,1,750.0,725.5,1.0,59.0,15,215,36043,7,0.0
98,0.0,0.0,0.0,0.0,8.0,7,45.17457568995062,74.91246893254753,pobre,basal,1,750.0,725.5,1.0,59.0,16,215,36043,7,0.0
97,0.0,0.0,0.0,1.0,7.0,5,45.17457568995062,74.91246893254753,pobre,basal,5,800.0,818.0,1.0,33.0,13,215,36044,7,1.0
98,0.0,0.0,0.0,1.0,8.0,5,45.17457568995062,74.91246893254753,pobre,basal,5,800.0,818.0,1.0,33.0,14,215,36044,7,1.0
97,0.0,0.0,0.0,1.0,6.0,5,45.17457568995062,74.91246893254753,pobre,basal,5,800.0,818.0,1.0,33.0,12,215,36045,6,1.0
98,0.0,0.0,0.0,1.0,7.0,5,45.17457568995062,74.91246893254753,pobre,basal,5,800.0,818.0,1.0,33.0,13,215,36045,6,1.0
97,1.0,0.0,0.0,1.0,2.0,5,45.17457568995062,74.91246893254753,pobre,basal,5,800.0,818.0,1.0,33.0,8,215,36046,2,1.0
98,1.0,0.0,0.0,1.0,3.0,5,45.17457568995062,74.91246893254753,pobre,basal,5,800.0,818.0,1.0,33.0,9,215,36046,2,1.0
97,0.0,0.0,0.0,1.0,4.0,6,45.17457568995062,74.91246893254753,pobre,basal,0,800.0,788.0,1.0,59.0,10,215,36047,4,1.0
98,0.0,0.0,0.0,1.0,5.0,6,45.17457568995062,74.91246893254753,pobre,basal,0,800.0,788.0,1.0,59.0,11,215,36047,4,1.0
97,1.0,0.0,0.0,1.0,7.0,7,45.17457568995062,74.91246893254753,pobre,basal,6,600.0,746.0,1.0,36.0,13,215,36048,7,1.0
98,1.0,0.0,0.0,1.0,8.0,7,45.17457568995062,74.91246893254753,pobre,basal,6,600.0,746.0,1.0,36.0,14,215,36048,7,1.0
97,1.0,0.0,0.0,1.0,4.0,7,45.17457568995062,74.91246893254753,pobre,basal,6,600.0,746.0,1.0,36.0,10,215,36049,4,1.0
98,1.0,0.0,0.0,1.0,5.0,7,45.17457568995062,74.91246893254753,pobre,basal,6,600.0,746.0,1.0,36.0,11,215,36049,4,1.0
97,1.0,0.0,0.0,1.0,2.0,7,45.17457568995062,74.91246893254753,pobre,basal,6,600.0,746.0,1.0,36.0,8,215,36050,2,1.0
98,1.0,0.0,0.0,1.0,2.0,7,45.17457568995062,74.91246893254753,pobre,basal,6,600.0,746.0,1.0,36.0,9,215,36050,2,1.0
97,0.0,0.0,0.0,1.0,2.0,8,45.17457568995062,74.91246893254753,no pobre,basal,2,800.0,738.0,1.0,30.0,9,215,36051,2,1.0
98,0.0,0.0,0.0,,,8,45.17457568995062,74.91246893254753,no pobre,basal,2,800.0,738.0,1.0,30.0,10,215,36051,2,1.0
97,0.0,0.0,0.0,1.0,0.0,8,45.17457568995062,74.91246893254753,no pobre,basal,2,800.0,738.0,1.0,30.0,6,215,36052,0,1.0
98,0.0,0.0,0.0,,,8,45.17457568995062,74.91246893254753,no pobre,basal,2,800.0,738.0,1.0,30.0,7,215,36052,0,1.0
97,1.0,0.0,0.0,1.0,3.0,6,45.17457568995062,74.91246893254753,no pobre,basal,6,750.0,1117.0,1.0,36.0,9,215,36053,3,1.0
98,1.0,0.0,0.0,1.0,3.0,6,45.17457568995062,74.91246893254753,no pobre,basal,6,750.0,1117.0,1.0,36.0,10,215,36053,3,1.0
97,0.0,0.0,0.0,1.0,2.0,6,45.17457568995062,74.91246893254753,no pobre,basal,6,750.0,1117.0,1.0,36.0,8,215,36054,2,1.0
98,0.0,0.0,0.0,1.0,2.0,6,45.17457568995062,74.91246893254753,no pobre,basal,6,750.0,1117.0,1.0,36.0,9,215,36054,2,1.0
97,0.0,0.0,0.0,,0.0,9,45.17457568995062,74.91246893254753,no pobre,basal,6,200.0,761.0,1.0,22.0,8,215,36055,0,
98,0.0,0.0,0.0,1.0,2.0,9,45.17457568995062,74.91246893254753,no pobre,basal,6,200.0,761.0,1.0,22.0,9,215,36055,0,
97,0.0,0.0,0.0,1.0,1.0,5,45.17457568995062,74.91246893254753,no pobre,basal,0,480.0,752.17499,1.0,28.0,8,215,36056,1,1.0
98,0.0,0.0,0.0,1.0,2.0,5,45.17457568995062,74.91246893254753,no pobre,basal,0,480.0,752.17499,1.0,28.0,9,215,36056,1,1.0
97,1.0,0.0,0.0,,0.0,5,45.17457568995062,74.91246893254753,no pobre,basal,0,480.0,752.17499,1.0,28.0,7,215,36057,0,
98,1.0,0.0,0.0,1.0,2.0,5,45.17457568995062,74.91246893254753,no pobre,basal,0,480.0,752.17499,1.0,28.0,8,215,36057,0,
97,1.0,0.0,0.0,1.0,8.0,5,45.17457568995062,74.91246893254753,no pobre,basal,2,0.0,922.0,0.0,67.0,13,215,36058,8,1.0
98,1.0,0.0,0.0,0.0,9.0,5,45.17457568995062,74.91246893254753,no pobre,basal,2,0.0,922.0,0.0,67.0,14,215,36058,8,1.0
97,0.0,0.0,0.0,1.0,4.0,5,45.17457568995062,74.91246893254753,no pobre,basal,2,0.0,922.0,0.0,67.0,9,215,36059,4,1.0
98,0.0,0.0,0.0,1.0,5.0,5,45.17457568995062,74.91246893254753,no pobre,basal,2,0.0,922.0,0.0,67.0,10,215,36059,4,1.0
97,0.0,0.0,0.0,1.0,5.0,4,45.17457568995062,74.91246893254753,no pobre,basal,6,500.0,967.0,1.0,39.0,11,215,36060,5,1.0
98,0.0,0.0,0.0,1.0,6.0,4,45.17457568995062,74.91246893254753,no pobre,basal,6,500.0,967.0,1.0,39.0,12,215,36060,5,1.0
97,1.0,0.0,0.0,1.0,3.0,5,45.17457568995062,74.91246893254753,pobre,basal,6,750.0,710.0,1.0,31.0,9,215,36061,3,1.0
98,1.0,0.0,0.0,1.0,4.0,5,45.17457568995062,74.91246893254753,pobre,basal,6,750.0,710.0,1.0,31.0,10,215,36061,3,1.0
97,1.0,0.0,0.0,1.0,2.0,5,45.17457568995062,74.91246893254753,pobre,basal,6,750.0,710.0,1.0,31.0,8,215,36062,2,1.0
98,1.0,0.0,0.0,1.0,3.0,5,45.17457568995062,74.91246893254753,pobre,basal,6,750.0,710.0,1.0,31.0,9,215,36062,2,1.0
97,0.0,0.0,0.0,0.0,6.0,2,45.17457568995062,74.91246893254753,pobre,basal,9,800.0,868.0,1.0,23.0,16,215,36063,6,0.0
98,0.0,0.0,0.0,,,2,45.17457568995062,74.91246893254753,pobre,basal,9,800.0,868.0,1.0,23.0,17,215,36063,6,0.0
97,1.0,0.0,0.0,1.0,5.0,5,45.17457568995062,74.91246893254753,no pobre,basal,6,800.0,789.0,1.0,45.0,9,215,36064,5,1.0
98,1.0,0.0,0.0,1.0,6.0,5,45.17457568995062,74.91246893254753,no pobre,basal,6,800.0,789.0,1.0,45.0,10,215,36064,5,1.0
97,1.0,0.0,0.0,1.0,3.0,5,45.17457568995062,74.91246893254753,no pobre,basal,6,800.0,789.0,1.0,45.0,8,215,36065,3,1.0
98,1.0,0.0,0.0,1.0,4.0,5,45.17457568995062,74.91246893254753,no pobre,basal,6,800.0,789.0,1.0,45.0,9,215,36065,3,1.0
97,0.0,0.0,0.0,1.0,0.0,3,45.17457568995062,74.91246893254753,pobre,basal,9,1000.0,843.0,1.0,29.0,6,215,36066,0,1.0
98,0.0,0.0,0.0,1.0,0.0,3,45.17457568995062,74.91246893254753,pobre,basal,9,1000.0,843.0,1.0,29.0,7,215,36066,0,1.0
97,0.0,0.0,0.0,1.0,7.0,6,45.17457568995062,74.91246893254753,pobre,basal,3,750.0,797.0,1.0,57.0,13,215,36067,7,1.0
98,0.0,0.0,0.0,1.0,7.0,6,45.17457568995062,74.91246893254753,pobre,basal,3,750.0,797.0,1.0,57.0,14,215,36067,7,1.0
97,0.0,0.0,0.0,1.0,3.0,6,45.17457568995062,74.91246893254753,pobre,basal,3,750.0,797.0,1.0,57.0,9,215,36068,3,1.0
98,0.0,0.0,0.0,1.0,4.0,6,45.17457568995062,74.91246893254753,pobre,basal,3,750.0,797.0,1.0,57.0,10,215,36068,3,1.0
97,1.0,0.0,0.0,1.0,1.0,6,45.17457568995062,74.91246893254753,pobre,basal,3,750.0,797.0,1.0,57.0,7,215,36069,1,1.0
98,1.0,0.0,0.0,1.0,2.0,6,45.17457568995062,74.91246893254753,pobre,basal,3,750.0,797.0,1.0,57.0,8,215,36069,1,1.0
97,0.0,0.0,0.0,1.0,9.0,6,45.17457568995062,74.91246893254753,no pobre,basal,3,750.0,793.0,1.0,43.0,14,215,36070,9,1.0
98,0.0,0.0,0.0,1.0,9.0,6,45.17457568995062,74.91246893254753,no pobre,basal,3,750.0,793.0,1.0,43.0,15,215,36070,9,1.0
97,0.0,0.0,0.0,1.0,8.0,6,45.17457568995062,74.91246893254753,no pobre,basal,3,750.0,793.0,1.0,43.0,13,215,36071,8,1.0
98,0.0,0.0,0.0,1.0,8.0,6,45.17457568995062,74.91246893254753,no pobre,basal,3,750.0,793.0,1.0,43.0,14,215,36071,8,1.0
97,0.0,0.0,0.0,1.0,5.0,6,45.17457568995062,74.91246893254753,no pobre,basal,3,750.0,793.0,1.0,43.0,11,215,36072,5,1.0
98,0.0,0.0,0.0,1.0,6.0,6,45.17457568995062,74.91246893254753,no pobre,basal,3,750.0,793.0,1.0,43.0,12,215,36072,5,1.0
97,1.0,0.0,0.0,1.0,4.0,6,45.17457568995062,74.91246893254753,no pobre,basal,3,750.0,793.0,1.0,43.0,11,215,36073,4,1.0
98,1.0,0.0,0.0,1.0,4.0,6,45.17457568995062,74.91246893254753,no pobre,basal,3,750.0,793.0,1.0,43.0,12,215,36073,4,1.0
97,0.0,0.0,1.215,1.0,7.0,8,68.0634834871252,92.82478021940337,no pobre,0,2,500.0,851.0,1.0,40.0,13,252,36074,7,1.0
98,0.0,0.0,1.215,1.0,8.0,8,68.0634834871252,92.82478021940337,no pobre,0,2,500.0,851.0,1.0,40.0,14,252,36074,7,1.0
97,0.0,0.0,1.215,1.0,5.0,8,68.0634834871252,92.82478021940337,no pobre,0,2,500.0,851.0,1.0,40.0,12,252,36075,5,1.0
98,0.0,0.0,1.215,1.0,6.0,8,68.0634834871252,92.82478021940337,no pobre,0,2,500.0,851.0,1.0,40.0,13,252,36075,5,1.0
97,1.0,0.0,1.215,1.0,2.0,8,68.0634834871252,92.82478021940337,no pobre,0,2,500.0,851.0,1.0,40.0,11,252,36076,2,1.0
98,1.0,0.0,1.215,1.0,3.0,8,68.0634834871252,92.82478021940337,no pobre,0,2,500.0,851.0,1.0,40.0,12,252,36076,2,1.0
97,0.0,0.0,1.215,1.0,3.0,8,68.0634834871252,92.82478021940337,no pobre,0,2,500.0,851.0,1.0,40.0,8,252,36077,3,1.0
98,0.0,0.0,1.215,1.0,4.0,8,68.0634834871252,92.82478021940337,no pobre,0,2,500.0,851.0,1.0,40.0,9,252,36077,3,1.0
97,0.0,0.0,1.215,1.0,1.0,8,68.0634834871252,92.82478021940337,no pobre,0,2,500.0,851.0,1.0,40.0,7,252,36078,1,1.0
98,0.0,0.0,1.215,1.0,2.0,8,68.0634834871252,92.82478021940337,no pobre,0,2,500.0,851.0,1.0,40.0,8,252,36078,1,1.0
97,0.0,0.0,1.215,1.0,7.0,5,68.0634834871252,92.82478021940337,pobre,0,1,500.0,715.0,1.0,58.0,16,252,36079,7,1.0
98,0.0,0.0,1.215,,,5,68.0634834871252,92.82478021940337,pobre,0,1,500.0,715.0,1.0,58.0,17,252,36079,7,1.0
97,0.0,0.0,1.215,1.0,7.0,5,68.0634834871252,92.82478021940337,pobre,0,1,500.0,715.0,1.0,58.0,14,252,36080,7,1.0
98,0.0,0.0,1.215,1.0,8.0,5,68.0634834871252,92.82478021940337,pobre,0,1,500.0,715.0,1.0,58.0,15,252,36080,7,1.0
97,0.0,0.0,1.215,1.0,3.0,5,68.0634834871252,92.82478021940337,pobre,0,1,500.0,715.0,1.0,58.0,12,252,36081,3,1.0
98,0.0,0.0,1.215,1.0,4.0,5,68.0634834871252,92.82478021940337,pobre,0,1,500.0,715.0,1.0,58.0,13,252,36081,3,1.0
97,0.0,0.0,1.215,0.0,6.0,6,68.0634834871252,92.82478021940337,no pobre,0,1,500.0,1095.0,1.0,49.0,16,252,36082,6,0.0
98,0.0,0.0,1.215,,,6,68.0634834871252,92.82478021940337,no pobre,0,1,500.0,1095.0,1.0,49.0,17,252,36082,6,0.0
97,0.0,0.0,1.215,1.0,6.0,6,68.0634834871252,92.82478021940337,no pobre,0,1,500.0,1095.0,1.0,49.0,12,252,36083,6,1.0
98,0.0,0.0,1.215,1.0,7.0,6,68.0634834871252,92.82478021940337,no pobre,0,1,500.0,1095.0,1.0,49.0,13,252,36083,6,1.0
97,1.0,0.0,1.887,1.0,1.0,5,74.54013876869921,99.16458247143385,no pobre,0,6,375.0,747.0,1.0,27.0,7,251,36084,1,1.0
98,1.0,0.0,1.887,1.0,2.0,5,74.54013876869921,99.16458247143385,no pobre,0,6,375.0,747.0,1.0,27.0,8,251,36084,1,1.0
97,0.0,0.0,1.887,1.0,0.0,5,74.54013876869921,99.16458247143385,no pobre,0,6,375.0,747.0,1.0,27.0,6,251,36085,0,1.0
98,0.0,0.0,1.887,1.0,1.0,5,74.54013876869921,99.16458247143385,no pobre,0,6,375.0,747.0,1.0,27.0,7,251,36085,0,1.0
97,1.0,0.0,1.887,1.0,5.0,7,74.54013876869921,99.16458247143385,pobre,0,9,375.0,644.0,1.0,37.0,14,251,36086,5,1.0
98,1.0,0.0,1.887,1.0,6.0,7,74.54013876869921,99.16458247143385,pobre,0,9,375.0,644.0,1.0,37.0,15,251,36086,5,1.0
97,1.0,0.0,1.887,1.0,3.0,7,74.54013876869921,99.16458247143385,pobre,0,9,375.0,644.0,1.0,37.0,9,251,36087,3,1.0
98,1.0,0.0,1.887,,,7,74.54013876869921,99.16458247143385,pobre,0,9,375.0,644.0,1.0,37.0,10,251,36087,3,1.0
97,1.0,0.0,1.887,1.0,2.0,7,74.54013876869921,99.16458247143385,pobre,0,9,375.0,644.0,1.0,37.0,8,251,36088,2,1.0
98,1.0,0.0,1.887,1.0,3.0,7,74.54013876869921,99.16458247143385,pobre,0,9,375.0,644.0,1.0,37.0,9,251,36088,2,1.0
97,0.0,0.0,1.887,1.0,0.0,7,74.54013876869921,99.16458247143385,pobre,0,9,375.0,644.0,1.0,37.0,6,251,36089,0,1.0
98,0.0,0.0,1.887,1.0,1.0,7,74.54013876869921,99.16458247143385,pobre,0,9,375.0,644.0,1.0,37.0,7,251,36089,0,1.0
97,1.0,0.0,1.887,0.0,9.0,5,74.54013876869921,99.16458247143385,no pobre,0,4,500.0,1063.6666,0.0,56.0,15,251,36090,9,0.0
98,1.0,0.0,1.887,1.0,9.0,5,74.54013876869921,99.16458247143385,no pobre,0,4,500.0,1063.6666,0.0,56.0,16,251,36090,9,0.0
97,1.0,0.0,1.215,1.0,2.0,7,68.0634834871252,92.82478021940337,no pobre,0,3,500.0,818.75,1.0,76.0,8,252,36091,2,1.0
98,1.0,0.0,1.215,,,7,68.0634834871252,92.82478021940337,no pobre,0,3,500.0,818.75,1.0,76.0,9,252,36091,2,1.0
97,1.0,0.0,1.215,0.0,2.0,6,68.0634834871252,92.82478021940337,pobre,0,9,0.0,818.0,1.0,26.0,12,252,36092,2,0.0
98,1.0,0.0,1.215,1.0,3.0,6,68.0634834871252,92.82478021940337,pobre,0,9,0.0,818.0,1.0,26.0,13,252,36092,2,0.0
97,0.0,0.0,0.0,1.0,4.0,5,45.17457568995062,74.91246893254753,pobre,basal,5,625.0,748.0,1.0,36.0,9,215,36093,4,1.0
98,0.0,0.0,0.0,1.0,4.0,5,45.17457568995062,74.91246893254753,pobre,basal,5,625.0,748.0,1.0,36.0,10,215,36093,4,1.0
97,0.0,0.0,0.0,1.0,6.0,8,45.17457568995062,74.91246893254753,pobre,basal,0,0.0,685.0,1.0,64.0,10,215,36094,6,1.0
98,0.0,0.0,0.0,1.0,6.0,8,45.17457568995062,74.91246893254753,pobre,basal,0,0.0,685.0,1.0,64.0,11,215,36094,6,1.0
97,1.0,0.0,0.0,0.0,3.0,7,45.17457568995062,74.91246893254753,pobre,basal,3,0.0,728.75,1.0,62.0,15,215,36095,3,0.0
98,1.0,0.0,0.0,0.0,2.0,7,45.17457568995062,74.91246893254753,pobre,basal,3,0.0,728.75,1.0,62.0,16,215,36095,3,0.0
97,0.0,0.0,0.0,1.0,3.0,7,45.17457568995062,74.91246893254753,pobre,basal,3,0.0,728.75,1.0,62.0,15,215,36096,3,1.0
98,0.0,0.0,0.0,1.0,8.0,7,45.17457568995062,74.91246893254753,pobre,basal,3,0.0,728.75,1.0,62.0,16,215,36096,3,1.0
97,1.0,0.0,0.0,1.0,1.0,7,45.17457568995062,74.91246893254753,pobre,basal,3,0.0,728.75,1.0,62.0,8,215,36097,1,1.0
98,1.0,0.0,0.0,1.0,2.0,7,45.17457568995062,74.91246893254753,pobre,basal,3,0.0,728.75,1.0,62.0,9,215,36097,1,1.0
97,1.0,0.0,0.0,1.0,4.0,4,45.17457568995062,74.91246893254753,pobre,basal,3,625.0,774.0,1.0,29.0,9,215,36098,4,1.0
98,1.0,0.0,0.0,1.0,5.0,4,45.17457568995062,74.91246893254753,pobre,basal,3,625.0,774.0,1.0,29.0,10,215,36098,4,1.0
97,1.0,0.0,0.0,0.0,4.0,6,45.17457568995062,74.91246893254753,no pobre,basal,0,625.0,787.29999,1.0,43.0,15,215,36099,4,0.0
98,1.0,0.0,0.0,,,6,45.17457568995062,74.91246893254753,no pobre,basal,0,625.0,787.29999,1.0,43.0,16,215,36099,4,0.0
97,1.0,0.0,0.0,1.0,5.0,6,45.17457568995062,74.91246893254753,no pobre,basal,0,625.0,787.29999,1.0,43.0,10,215,36100,5,1.0
98,1.0,0.0,0.0,,,6,45.17457568995062,74.91246893254753,no pobre,basal,0,625.0,787.29999,1.0,43.0,11,215,36100,5,1.0
97,0.0,0.0,0.0,1.0,7.0,6,45.17457568995062,74.91246893254753,no pobre,basal,0,625.0,787.29999,1.0,43.0,12,215,36101,7,1.0
98,0.0,0.0,0.0,0.0,7.0,6,45.17457568995062,74.91246893254753,no pobre,basal,0,625.0,787.29999,1.0,43.0,13,215,36101,7,1.0
97,1.0,0.0,0.0,1.0,2.0,5,45.17457568995062,74.91246893254753,no pobre,basal,6,625.0,896.0,1.0,30.0,7,215,36102,2,1.0
98,1.0,0.0,0.0,1.0,2.0,5,45.17457568995062,74.91246893254753,no pobre,basal,6,625.0,896.0,1.0,30.0,8,215,36102,2,1.0
97,1.0,0.0,0.0,1.0,5.0,5,45.17457568995062,74.91246893254753,pobre,basal,3,625.0,571.0,1.0,38.0,10,215,36103,5,1.0
98,1.0,0.0,0.0,1.0,6.0,5,45.17457568995062,74.91246893254753,pobre,basal,3,625.0,571.0,1.0,38.0,11,215,36103,5,1.0
97,0.0,0.0,0.0,1.0,4.0,5,45.17457568995062,74.91246893254753,pobre,basal,3,625.0,571.0,1.0,38.0,8,215,36104,4,1.0
98,0.0,0.0,0.0,1.0,4.0,5,45.17457568995062,74.91246893254753,pobre,basal,3,625.0,571.0,1.0,38.0,9,215,36104,4,1.0
97,0.0,0.0,3.4619999,1.0,7.0,8,54.58969370270708,80.0313721624163,no pobre,basal,6,0.0,1025.0,1.0,38.0,13,205,36105,7,1.0
98,0.0,0.0,3.4619999,0.0,6.0,8,54.58969370270708,80.0313721624163,no pobre,basal,6,0.0,1025.0,1.0,38.0,14,205,36105,7,1.0
97,1.0,0.0,3.4619999,1.0,6.0,8,54.58969370270708,80.0313721624163,no pobre,basal,6,0.0,1025.0,1.0,38.0,12,205,36106,6,1.0
98,1.0,0.0,3.4619999,0.0,5.0,8,54.58969370270708,80.0313721624163,no pobre,basal,6,0.0,1025.0,1.0,38.0,13,205,36106,6,1.0
97,1.0,0.0,3.4619999,1.0,4.0,8,54.58969370270708,80.0313721624163,no pobre,basal,6,0.0,1025.0,1.0,38.0,11,205,36107,4,1.0
98,1.0,0.0,3.4619999,0.0,5.0,8,54.58969370270708,80.0313721624163,no pobre,basal,6,0.0,1025.0,1.0,38.0,12,205,36107,4,1.0
97,0.0,,3.4619999,1.0,1.0,8,54.58969370270708,80.0313721624163,no pobre,basal,6,0.0,1025.0,1.0,38.0,6,205,36108,1,1.0
98,0.0,,3.4619999,1.0,1.0,8,54.58969370270708,80.0313721624163,no pobre,basal,6,0.0,1025.0,1.0,38.0,7,205,36108,1,1.0
97,1.0,0.0,3.4619999,1.0,3.0,4,54.58969370270708,80.0313721624163,pobre,basal,0,500.0,689.0,1.0,50.0,10,205,36109,3,1.0
98,1.0,0.0,3.4619999,,,4,54.58969370270708,80.0313721624163,pobre,basal,0,500.0,689.0,1.0,50.0,11,205,36109,3,1.0
97,0.0,0.0,3.4619999,1.0,1.0,4,54.58969370270708,80.0313721624163,pobre,basal,0,500.0,689.0,1.0,50.0,6,205,36110,1,1.0
98,0.0,0.0,3.4619999,1.0,1.0,4,54.58969370270708,80.0313721624163,pobre,basal,0,500.0,689.0,1.0,50.0,7,205,36110,1,1.0
97,1.0,0.0,0.0,,0.0,8,45.17457568995062,74.91246893254753,pobre,basal,0,500.0,890.4743,1.0,33.0,16,215,36111,0,
98,1.0,0.0,0.0,0.0,2.0,8,45.17457568995062,74.91246893254753,pobre,basal,0,500.0,890.4743,1.0,33.0,17,215,36111,0,
97,1.0,0.0,0.0,1.0,8.0,8,45.17457568995062,74.91246893254753,pobre,basal,0,500.0,890.4743,1.0,33.0,15,215,36112,8,1.0
98,1.0,0.0,0.0,1.0,8.0,8,45.17457568995062,74.91246893254753,pobre,basal,0,500.0,890.4743,1.0,33.0,16,215,36112,8,1.0
97,1.0,0.0,0.0,,0.0,8,45.17457568995062,74.91246893254753,pobre,basal,0,500.0,890.4743,1.0,33.0,14,215,36113,0,
98,1.0,0.0,0.0,0.0,2.0,8,45.17457568995062,74.91246893254753,pobre,basal,0,500.0,890.4743,1.0,33.0,15,215,36113,0,
97,0.0,0.0,0.0,1.0,8.0,6,45.17457568995062,74.91246893254753,pobre,basal,0,550.0,821.0,0.0,41.0,15,215,36114,8,1.0
98,0.0,0.0,0.0,1.0,9.0,6,45.17457568995062,74.91246893254753,pobre,basal,0,550.0,821.0,0.0,41.0,16,215,36114,8,1.0
97,1.0,0.0,0.0,1.0,2.0,6,45.17457568995062,74.91246893254753,pobre,basal,0,550.0,821.0,0.0,41.0,8,215,36115,2,1.0
98,1.0,0.0,0.0,1.0,3.0,6,45.17457568995062,74.91246893254753,pobre,basal,0,550.0,821.0,0.0,41.0,9,215,36115,2,1.0
97,0.0,0.0,0.0,1.0,7.0,7,45.17457568995062,74.91246893254753,pobre,basal,0,600.0,770.5,1.0,41.0,14,215,36116,7,1.0
98,0.0,0.0,0.0,1.0,8.0,7,45.17457568995062,74.91246893254753,pobre,basal,0,600.0,770.5,1.0,41.0,15,215,36116,7,1.0
97,0.0,0.0,0.0,1.0,6.0,7,45.17457568995062,74.91246893254753,pobre,basal,0,600.0,770.5,1.0,41.0,12,215,36117,6,1.0
98,0.0,0.0,0.0,1.0,7.0,7,45.17457568995062,74.91246893254753,pobre,basal,0,600.0,770.5,1.0,41.0,13,215,36117,6,1.0
97,0.0,0.0,0.0,1.0,4.0,7,45.17457568995062,74.91246893254753,pobre,basal,0,600.0,770.5,1.0,41.0,10,215,36118,4,1.0
98,0.0,0.0,0.0,1.0,5.0,7,45.17457568995062,74.91246893254753,pobre,basal,0,600.0,770.5,1.0,41.0,11,215,36118,4,1.0
97,0.0,0.0,0.0,1.0,2.0,7,45.17457568995062,74.91246893254753,pobre,basal,0,600.0,770.5,1.0,41.0,8,215,36119,2,1.0
98,0.0,0.0,0.0,1.0,3.0,7,45.17457568995062,74.91246893254753,pobre,basal,0,600.0,770.5,1.0,41.0,9,215,36119,2,1.0
97,1.0,0.0,0.0,0.0,3.0,6,45.17457568995062,74.91246893254753,pobre,basal,4,625.0,732.0,1.0,23.0,10,215,36120,3,0.0
98,1.0,0.0,0.0,1.0,3.0,6,45.17457568995062,74.91246893254753,pobre,basal,4,625.0,732.0,1.0,23.0,11,215,36120,3,0.0
97,0.0,0.0,0.0,1.0,1.0,5,45.17457568995062,74.91246893254753,no pobre,basal,3,166.66667,794.0,1.0,40.0,7,215,36121,1,1.0
98,0.0,0.0,0.0,1.0,2.0,5,45.17457568995062,74.91246893254753,no pobre,basal,3,166.66667,794.0,1.0,40.0,8,215,36121,1,1.0
97,1.0,0.0,0.0,,0.0,6,45.17457568995062,74.91246893254753,pobre,basal,4,750.0,809.14099,1.0,18.0,16,215,36122,0,
98,1.0,0.0,0.0,,,6,45.17457568995062,74.91246893254753,pobre,basal,4,750.0,809.14099,1.0,18.0,17,215,36122,0,
97,1.0,0.0,0.0,,0.0,6,45.17457568995062,74.91246893254753,pobre,basal,4,750.0,809.14099,1.0,18.0,12,215,36123,0,
98,1.0,0.0,0.0,0.0,1.0,6,45.17457568995062,74.91246893254753,pobre,basal,4,750.0,809.14099,1.0,18.0,13,215,36123,0,
97,1.0,0.0,0.0,,0.0,6,45.17457568995062,74.91246893254753,pobre,basal,4,750.0,809.14099,1.0,18.0,9,215,36124,0,
98,1.0,0.0,0.0,0.0,5.0,6,45.17457568995062,74.91246893254753,pobre,basal,4,750.0,809.14099,1.0,18.0,10,215,36124,0,
97,1.0,0.0,0.0,1.0,6.0,9,45.17457568995062,74.91246893254753,pobre,basal,4,380.0,881.0,1.0,45.0,12,215,36125,6,1.0
98,1.0,0.0,0.0,1.0,6.0,9,45.17457568995062,74.91246893254753,pobre,basal,4,380.0,881.0,1.0,45.0,13,215,36125,6,1.0
97,1.0,0.0,0.0,1.0,8.0,6,45.17457568995062,74.91246893254753,no pobre,basal,3,750.0,794.0,1.0,47.0,16,215,36126,8,1.0
98,1.0,0.0,0.0,,,6,45.17457568995062,74.91246893254753,no pobre,basal,3,750.0,794.0,1.0,47.0,17,215,36126,8,1.0
97,0.0,0.0,0.0,1.0,8.0,6,45.17457568995062,74.91246893254753,no pobre,basal,3,750.0,794.0,1.0,47.0,14,215,36127,8,1.0
98,0.0,0.0,0.0,1.0,9.0,6,45.17457568995062,74.91246893254753,no pobre,basal,3,750.0,794.0,1.0,47.0,15,215,36127,8,1.0
97,1.0,0.0,0.0,1.0,3.0,6,45.17457568995062,74.91246893254753,no pobre,basal,3,750.0,794.0,1.0,47.0,9,215,36128,3,1.0
98,1.0,0.0,0.0,1.0,4.0,6,45.17457568995062,74.91246893254753,no pobre,basal,3,750.0,794.0,1.0,47.0,10,215,36128,3,1.0
97,0.0,0.0,0.0,1.0,8.0,8,45.17457568995062,74.91246893254753,no pobre,basal,0,500.0,986.66669,1.0,44.0,16,215,36129,8,1.0
98,0.0,0.0,0.0,,,8,45.17457568995062,74.91246893254753,no pobre,basal,0,500.0,986.66669,1.0,44.0,17,215,36129,8,1.0
97,1.0,0.0,0.0,1.0,4.0,8,45.17457568995062,74.91246893254753,no pobre,basal,0,500.0,986.66669,1.0,44.0,11,215,36130,4,1.0
98,1.0,0.0,0.0,1.0,5.0,8,45.17457568995062,74.91246893254753,no pobre,basal,0,500.0,986.66669,1.0,44.0,12,215,36130,4,1.0
97,1.0,0.0,1.887,1.0,6.0,6,74.54013876869921,99.16458247143385,pobre,0,6,400.0,687.0,1.0,40.0,14,251,36131,6,1.0
98,1.0,0.0,1.887,1.0,7.0,6,74.54013876869921,99.16458247143385,pobre,0,6,400.0,687.0,1.0,40.0,15,251,36131,6,1.0
97,1.0,0.0,1.887,1.0,5.0,6,74.54013876869921,99.16458247143385,pobre,0,6,400.0,687.0,1.0,40.0,12,251,36132,5,1.0
98,1.0,0.0,1.887,1.0,6.0,6,74.54013876869921,99.16458247143385,pobre,0,6,400.0,687.0,1.0,40.0,13,251,36132,5,1.0
97,0.0,0.0,1.887,1.0,2.0,6,74.54013876869921,99.16458247143385,pobre,0,6,400.0,687.0,1.0,40.0,9,251,36133,2,1.0
98,0.0,0.0,1.887,1.0,3.0,6,74.54013876869921,99.16458247143385,pobre,0,6,400.0,687.0,1.0,40.0,10,251,36133,2,1.0
97,0.0,0.0,1.887,0.0,9.0,12,74.54013876869921,99.16458247143385,pobre,0,8,0.0,666.83899,1.0,61.0,16,251,36134,9,0.0
98,0.0,0.0,1.887,,,12,74.54013876869921,99.16458247143385,pobre,0,8,0.0,666.83899,1.0,61.0,17,251,36134,9,0.0
97,1.0,0.0,1.887,1.0,8.0,12,74.54013876869921,99.16458247143385,pobre,0,8,0.0,666.83899,1.0,61.0,14,251,36135,8,1.0
98,1.0,0.0,1.887,1.0,9.0,12,74.54013876869921,99.16458247143385,pobre,0,8,0.0,666.83899,1.0,61.0,15,251,36135,8,1.0
97,0.0,0.0,1.887,1.0,5.0,12,74.54013876869921,99.16458247143385,pobre,0,8,0.0,666.83899,1.0,61.0,11,251,36136,5,1.0
98,0.0,0.0,1.887,1.0,6.0,12,74.54013876869921,99.16458247143385,pobre,0,8,0.0,666.83899,1.0,61.0,12,251,36136,5,1.0
97,0.0,0.0,1.887,1.0,3.0,12,74.54013876869921,99.16458247143385,pobre,0,8,0.0,666.83899,1.0,61.0,9,251,36137,3,1.0
98,0.0,0.0,1.887,1.0,4.0,12,74.54013876869921,99.16458247143385,pobre,0,8,0.0,666.83899,1.0,61.0,10,251,36137,3,1.0
97,1.0,0.0,1.887,1.0,1.0,12,74.54013876869921,99.16458247143385,pobre,0,8,0.0,666.83899,1.0,61.0,7,251,36138,1,1.0
98,1.0,0.0,1.887,1.0,2.0,12,74.54013876869921,99.16458247143385,pobre,0,8,0.0,666.83899,1.0,61.0,8,251,36138,1,1.0
97,1.0,0.0,1.887,1.0,4.0,7,74.54013876869921,99.16458247143385,pobre,0,1,0.0,463.0,1.0,43.0,12,251,36139,4,1.0
98,1.0,0.0,1.887,1.0,5.0,7,74.54013876869921,99.16458247143385,pobre,0,1,0.0,463.0,1.0,43.0,13,251,36139,4,1.0
97,1.0,0.0,1.887,1.0,3.0,7,74.54013876869921,99.16458247143385,pobre,0,1,0.0,463.0,1.0,43.0,10,251,36140,3,1.0
98,1.0,0.0,1.887,1.0,4.0,7,74.54013876869921,99.16458247143385,pobre,0,1,0.0,463.0,1.0,43.0,11,251,36140,3,1.0
97,0.0,0.0,1.887,1.0,1.0,7,74.54013876869921,99.16458247143385,pobre,0,1,0.0,463.0,1.0,43.0,7,251,36141,1,1.0
98,0.0,0.0,1.887,1.0,2.0,7,74.54013876869921,99.16458247143385,pobre,0,1,0.0,463.0,1.0,43.0,8,251,36141,1,1.0
97,1.0,0.0,1.887,0.0,9.0,7,74.54013876869921,99.16458247143385,no pobre,0,6,375.0,857.16669,1.0,68.0,15,251,36142,9,0.0
98,1.0,0.0,1.887,,,7,74.54013876869921,99.16458247143385,no pobre,0,6,375.0,857.16669,1.0,68.0,16,251,36142,9,0.0
97,0.0,0.0,0.0,1.0,3.0,7,45.17457568995062,74.91246893254753,no pobre,basal,4,500.0,830.5,1.0,36.0,9,215,36143,3,1.0
98,0.0,0.0,0.0,1.0,4.0,7,45.17457568995062,74.91246893254753,no pobre,basal,4,500.0,830.5,1.0,36.0,10,215,36143,3,1.0
97,0.0,0.0,0.0,1.0,2.0,7,45.17457568995062,74.91246893254753,no pobre,basal,4,500.0,830.5,1.0,36.0,8,215,36144,2,1.0
98,0.0,0.0,0.0,1.0,3.0,7,45.17457568995062,74.91246893254753,no pobre,basal,4,500.0,830.5,1.0,36.0,9,215,36144,2,1.0
97,1.0,0.0,0.0,1.0,1.0,7,45.17457568995062,74.91246893254753,no pobre,basal,4,500.0,830.5,1.0,36.0,7,215,36145,1,1.0
98,1.0,0.0,0.0,1.0,2.0,7,45.17457568995062,74.91246893254753,no pobre,basal,4,500.0,830.5,1.0,36.0,8,215,36145,1,1.0
97,0.0,0.0,0.0,1.0,0.0,7,45.17457568995062,74.91246893254753,no pobre,basal,4,500.0,830.5,1.0,36.0,6,215,36146,0,1.0
98,0.0,0.0,0.0,1.0,1.0,7,45.17457568995062,74.91246893254753,no pobre,basal,4,500.0,830.5,1.0,36.0,7,215,36146,0,1.0
97,0.0,0.0,0.0,0.0,6.0,5,45.17457568995062,74.91246893254753,pobre,basal,6,800.0,766.0,1.0,47.0,16,215,36147,6,0.0
98,0.0,0.0,0.0,,,5,45.17457568995062,74.91246893254753,pobre,basal,6,800.0,766.0,1.0,47.0,17,215,36147,6,0.0
97,0.0,0.0,0.0,1.0,8.0,5,45.17457568995062,74.91246893254753,pobre,basal,6,800.0,766.0,1.0,47.0,14,215,36148,8,1.0
98,0.0,0.0,0.0,1.0,9.0,5,45.17457568995062,74.91246893254753,pobre,basal,6,800.0,766.0,1.0,47.0,15,215,36148,8,1.0
97,1.0,0.0,0.0,1.0,7.0,6,45.17457568995062,74.91246893254753,pobre,basal,0,500.0,662.0,1.0,34.0,13,215,36149,7,1.0
98,1.0,0.0,0.0,1.0,8.0,6,45.17457568995062,74.91246893254753,pobre,basal,0,500.0,662.0,1.0,34.0,14,215,36149,7,1.0
97,0.0,0.0,0.0,1.0,5.0,6,45.17457568995062,74.91246893254753,pobre,basal,0,500.0,662.0,1.0,34.0,10,215,36150,5,1.0
98,0.0,0.0,0.0,1.0,5.0,6,45.17457568995062,74.91246893254753,pobre,basal,0,500.0,662.0,1.0,34.0,11,215,36150,5,1.0
97,0.0,0.0,0.0,1.0,6.0,9,45.17457568995062,74.91246893254753,pobre,basal,3,500.0,840.0,1.0,45.0,14,215,36151,6,1.0
98,0.0,0.0,0.0,0.0,6.0,9,45.17457568995062,74.91246893254753,pobre,basal,3,500.0,840.0,1.0,45.0,15,215,36151,6,1.0
97,0.0,0.0,0.0,1.0,5.0,9,45.17457568995062,74.91246893254753,pobre,basal,3,500.0,840.0,1.0,45.0,12,215,36152,5,1.0
98,0.0,0.0,0.0,0.0,6.0,9,45.17457568995062,74.91246893254753,pobre,basal,3,500.0,840.0,1.0,45.0,13,215,36152,5,1.0
97,1.0,0.0,0.0,1.0,3.0,9,45.17457568995062,74.91246893254753,pobre,basal,3,500.0,840.0,1.0,45.0,8,215,36153,3,1.0
98,1.0,0.0,0.0,0.0,3.0,9,45.17457568995062,74.91246893254753,pobre,basal,3,500.0,840.0,1.0,45.0,9,215,36153,3,1.0
97,0.0,0.0,0.0,1.0,6.0,4,45.17457568995062,74.91246893254753,pobre,basal,0,1500.0,752.0,1.0,34.0,12,215,36154,6,1.0
98,0.0,0.0,0.0,1.0,7.0,4,45.17457568995062,74.91246893254753,pobre,basal,0,1500.0,752.0,1.0,34.0,13,215,36154,6,1.0
97,0.0,0.0,0.0,1.0,1.0,4,45.17457568995062,74.91246893254753,pobre,basal,0,1500.0,752.0,1.0,34.0,7,215,36155,1,1.0
98,0.0,0.0,0.0,1.0,2.0,4,45.17457568995062,74.91246893254753,pobre,basal,0,1500.0,752.0,1.0,34.0,8,215,36155,1,1.0
97,1.0,0.0,0.0,0.0,6.0,8,45.17457568995062,74.91246893254753,pobre,basal,4,250.0,748.66669,1.0,50.0,14,215,36156,6,0.0
98,1.0,0.0,0.0,,,8,45.17457568995062,74.91246893254753,pobre,basal,4,250.0,748.66669,1.0,50.0,15,215,36156,6,0.0
97,1.0,0.0,0.0,0.0,6.0,8,45.17457568995062,74.91246893254753,pobre,basal,4,250.0,748.66669,1.0,50.0,12,215,36157,6,0.0
98,1.0,0.0,0.0,1.0,7.0,8,45.17457568995062,74.91246893254753,pobre,basal,4,250.0,748.66669,1.0,50.0,13,215,36157,6,0.0
97,1.0,0.0,0.0,1.0,3.0,8,45.17457568995062,74.91246893254753,pobre,basal,4,250.0,748.66669,1.0,50.0,9,215,36158,3,1.0
98,1.0,0.0,0.0,1.0,4.0,8,45.17457568995062,74.91246893254753,pobre,basal,4,250.0,748.66669,1.0,50.0,10,215,36158,3,1.0
97,0.0,0.0,0.0,0.0,6.0,6,45.17457568995062,74.91246893254753,no pobre,basal,0,720.0,879.0,1.0,36.0,13,215,36159,6,0.0
98,0.0,0.0,0.0,0.0,6.0,6,45.17457568995062,74.91246893254753,no pobre,basal,0,720.0,879.0,1.0,36.0,14,215,36159,6,0.0
97,1.0,0.0,0.0,1.0,5.0,6,45.17457568995062,74.91246893254753,no pobre,basal,0,720.0,879.0,1.0,36.0,12,215,36160,5,1.0
98,1.0,0.0,0.0,1.0,6.0,6,45.17457568995062,74.91246893254753,no pobre,basal,0,720.0,879.0,1.0,36.0,13,215,36160,5,1.0
97,1.0,0.0,0.0,1.0,1.0,6,45.17457568995062,74.91246893254753,no pobre,basal,0,720.0,879.0,1.0,36.0,7,215,36161,1,1.0
98,1.0,0.0,0.0,0.0,1.0,6,45.17457568995062,74.91246893254753,no pobre,basal,0,720.0,879.0,1.0,36.0,8,215,36161,1,1.0
97,1.0,0.0,1.215,0.0,6.0,6,68.0634834871252,92.82478021940337,no pobre,0,2,625.0,832.0,1.0,43.0,16,252,36162,6,0.0
98,1.0,0.0,1.215,,,6,68.0634834871252,92.82478021940337,no pobre,0,2,625.0,832.0,1.0,43.0,17,252,36162,6,0.0
97,1.0,0.0,1.215,0.0,9.0,6,68.0634834871252,92.82478021940337,no pobre,0,2,625.0,832.0,1.0,43.0,14,252,36163,9,0.0
98,1.0,0.0,1.215,0.0,9.0,6,68.0634834871252,92.82478021940337,no pobre,0,2,625.0,832.0,1.0,43.0,15,252,36163,9,0.0
97,0.0,0.0,1.215,1.0,7.0,6,68.0634834871252,92.82478021940337,no pobre,0,2,625.0,832.0,1.0,43.0,13,252,36164,7,1.0
98,0.0,0.0,1.215,1.0,7.0,6,68.0634834871252,92.82478021940337,no pobre,0,2,625.0,832.0,1.0,43.0,14,252,36164,7,1.0
97,0.0,0.0,1.215,1.0,5.0,6,68.0634834871252,92.82478021940337,no pobre,0,2,625.0,832.0,1.0,43.0,11,252,36165,5,1.0
98,0.0,0.0,1.215,1.0,6.0,6,68.0634834871252,92.82478021940337,no pobre,0,2,625.0,832.0,1.0,43.0,12,252,36165,5,1.0
97,1.0,0.0,1.215,1.0,8.0,4,68.0634834871252,92.82478021940337,pobre,0,5,500.0,784.0,1.0,39.0,14,252,36166,8,1.0
98,1.0,0.0,1.215,1.0,8.0,4,68.0634834871252,92.82478021940337,pobre,0,5,500.0,784.0,1.0,39.0,15,252,36166,8,1.0
97,0.0,0.0,1.215,1.0,1.0,4,68.0634834871252,92.82478021940337,pobre,0,5,500.0,784.0,1.0,39.0,7,252,36167,1,1.0
98,0.0,0.0,1.215,1.0,2.0,4,68.0634834871252,92.82478021940337,pobre,0,5,500.0,784.0,1.0,39.0,8,252,36167,1,1.0
97,0.0,0.0,1.215,1.0,4.0,5,68.0634834871252,92.82478021940337,no pobre,0,1,0.0,1009.5,1.0,76.0,9,252,36168,4,1.0
98,0.0,0.0,1.215,1.0,4.0,5,68.0634834871252,92.82478021940337,no pobre,0,1,0.0,1009.5,1.0,76.0,10,252,36168,4,1.0
97,0.0,0.0,0.0,0.0,6.0,7,45.17457568995062,74.91246893254753,pobre,basal,3,0.0,890.0,1.0,58.0,14,215,36169,6,0.0
98,0.0,0.0,0.0,0.0,6.0,7,45.17457568995062,74.91246893254753,pobre,basal,3,0.0,890.0,1.0,58.0,15,215,36169,6,0.0
97,1.0,0.0,0.0,1.0,6.0,7,45.17457568995062,74.91246893254753,pobre,basal,0,250.0,632.0,1.0,35.0,13,215,36170,6,1.0
98,1.0,0.0,0.0,1.0,7.0,7,45.17457568995062,74.91246893254753,pobre,basal,0,250.0,632.0,1.0,35.0,14,215,36170,6,1.0
97,0.0,0.0,0.0,1.0,5.0,7,45.17457568995062,74.91246893254753,pobre,basal,0,250.0,632.0,1.0,35.0,11,215,36171,5,1.0
98,0.0,0.0,0.0,1.0,6.0,7,45.17457568995062,74.91246893254753,pobre,basal,0,250.0,632.0,1.0,35.0,12,215,36171,5,1.0
97,0.0,0.0,0.0,1.0,2.0,7,45.17457568995062,74.91246893254753,pobre,basal,0,250.0,632.0,1.0,35.0,7,215,36172,2,1.0
98,0.0,0.0,0.0,1.0,3.0,7,45.17457568995062,74.91246893254753,pobre,basal,0,250.0,632.0,1.0,35.0,8,215,36172,2,1.0
97,1.0,0.0,0.0,1.0,5.0,6,45.17457568995062,74.91246893254753,no pobre,basal,2,250.0,903.0,1.0,52.0,11,215,36173,5,1.0
98,1.0,0.0,0.0,1.0,6.0,6,45.17457568995062,74.91246893254753,no pobre,basal,2,250.0,903.0,1.0,52.0,12,215,36173,5,1.0
97,1.0,0.0,0.0,0.0,2.0,6,45.17457568995062,74.91246893254753,no pobre,basal,2,250.0,903.0,1.0,52.0,9,215,36174,2,0.0
98,1.0,0.0,0.0,0.0,2.0,6,45.17457568995062,74.91246893254753,no pobre,basal,2,250.0,903.0,1.0,52.0,10,215,36174,2,0.0
97,0.0,0.0,0.0,0.0,2.0,6,45.17457568995062,74.91246893254753,no pobre,basal,2,250.0,903.0,1.0,52.0,7,215,36175,2,0.0
98,0.0,0.0,0.0,,,6,45.17457568995062,74.91246893254753,no pobre,basal,2,250.0,903.0,1.0,52.0,8,215,36175,2,0.0
97,1.0,0.0,0.0,1.0,1.0,5,45.17457568995062,74.91246893254753,pobre,basal,9,0.0,706.0,1.0,23.0,7,215,36176,1,1.0
98,1.0,0.0,0.0,1.0,2.0,5,45.17457568995062,74.91246893254753,pobre,basal,9,0.0,706.0,1.0,23.0,8,215,36176,1,1.0
97,0.0,0.0,0.0,0.0,6.0,7,45.17457568995062,74.91246893254753,no pobre,basal,0,833.33331,992.33331,1.0,56.0,16,215,36177,6,0.0
98,0.0,0.0,0.0,,,7,45.17457568995062,74.91246893254753,no pobre,basal,0,833.33331,992.33331,1.0,56.0,17,215,36177,6,0.0
97,1.0,0.0,0.0,1.0,1.0,7,45.17457568995062,74.91246893254753,no pobre,basal,0,833.33331,992.33331,1.0,56.0,7,215,36178,1,1.0
98,1.0,0.0,0.0,1.0,2.0,7,45.17457568995062,74.91246893254753,no pobre,basal,0,833.33331,992.33331,1.0,56.0,8,215,36178,1,1.0
97,0.0,0.0,0.0,0.0,6.0,7,45.17457568995062,74.91246893254753,pobre,basal,3,125.0,757.16669,1.0,51.0,14,215,36179,6,0.0
98,0.0,0.0,0.0,0.0,6.0,7,45.17457568995062,74.91246893254753,pobre,basal,3,125.0,757.16669,1.0,51.0,15,215,36179,6,0.0
97,0.0,0.0,0.0,0.0,6.0,7,45.17457568995062,74.91246893254753,pobre,basal,3,125.0,757.16669,1.0,51.0,12,215,36180,6,0.0
98,0.0,0.0,0.0,0.0,6.0,7,45.17457568995062,74.91246893254753,pobre,basal,3,125.0,757.16669,1.0,51.0,13,215,36180,6,0.0
97,0.0,0.0,0.0,1.0,0.0,4,45.17457568995062,74.91246893254753,pobre,basal,0,720.0,674.0,1.0,25.0,6,215,36181,0,1.0
98,0.0,0.0,0.0,1.0,1.0,4,45.17457568995062,74.91246893254753,pobre,basal,0,720.0,674.0,1.0,25.0,7,215,36181,0,1.0
97,0.0,0.0,1.887,1.0,0.0,5,74.54013876869921,99.16458247143385,pobre,0,3,0.0,548.0,1.0,26.0,6,251,36182,0,1.0
98,0.0,0.0,1.887,1.0,1.0,5,74.54013876869921,99.16458247143385,pobre,0,3,0.0,548.0,1.0,26.0,7,251,36182,0,1.0
97,1.0,0.0,1.887,1.0,0.0,4,74.54013876869921,99.16458247143385,pobre,0,9,580.0,789.0,1.0,33.0,6,251,36183,0,1.0
98,1.0,0.0,1.887,1.0,1.0,4,74.54013876869921,99.16458247143385,pobre,0,9,580.0,789.0,1.0,33.0,7,251,36183,0,1.0
97,1.0,0.0,1.887,1.0,5.0,5,74.54013876869921,99.16458247143385,pobre,0,4,480.0,650.0,1.0,37.0,12,251,36184,5,1.0
98,1.0,0.0,1.887,0.0,6.0,5,74.54013876869921,99.16458247143385,pobre,0,4,480.0,650.0,1.0,37.0,13,251,36184,5,1.0
97,1.0,0.0,1.887,1.0,5.0,5,74.54013876869921,99.16458247143385,pobre,0,4,480.0,650.0,1.0,37.0,11,251,36185,5,1.0
98,1.0,0.0,1.887,0.0,5.0,5,74.54013876869921,99.16458247143385,pobre,0,4,480.0,650.0,1.0,37.0,12,251,36185,5,1.0
97,1.0,0.0,1.887,1.0,0.0,5,74.54013876869921,99.16458247143385,pobre,0,2,0.0,666.0,1.0,55.0,6,251,36186,0,1.0
98,1.0,0.0,1.887,1.0,1.0,5,74.54013876869921,99.16458247143385,pobre,0,2,0.0,666.0,1.0,55.0,7,251,36186,0,1.0
97,1.0,0.0,2.826,,0.0,8,78.51112809023495,107.0602181002804,pobre,0,0,360.0,530.0,1.0,45.0,13,267,36187,0,
98,1.0,0.0,2.826,,,8,78.51112809023495,107.0602181002804,pobre,0,0,360.0,530.0,1.0,45.0,14,267,36187,0,
97,1.0,0.0,2.826,1.0,4.0,8,78.51112809023495,107.0602181002804,pobre,0,0,360.0,530.0,1.0,45.0,9,267,36188,4,1.0
98,1.0,0.0,2.826,,,8,78.51112809023495,107.0602181002804,pobre,0,0,360.0,530.0,1.0,45.0,10,267,36188,4,1.0
97,1.0,0.0,2.826,1.0,1.0,8,78.51112809023495,107.0602181002804,pobre,0,0,360.0,530.0,1.0,45.0,8,267,36189,1,1.0
98,1.0,0.0,2.826,,,8,78.51112809023495,107.0602181002804,pobre,0,0,360.0,530.0,1.0,45.0,9,267,36189,1,1.0
97,0.0,0.0,2.826,,0.0,8,78.51112809023495,107.0602181002804,pobre,0,0,360.0,530.0,1.0,45.0,7,267,36190,0,
98,0.0,0.0,2.826,,,8,78.51112809023495,107.0602181002804,pobre,0,0,360.0,530.0,1.0,45.0,8,267,36190,0,
97,1.0,0.0,2.826,1.0,2.0,6,78.51112809023495,107.0602181002804,pobre,0,0,375.0,719.0,1.0,31.0,7,267,36191,2,1.0
98,1.0,0.0,2.826,1.0,2.0,6,78.51112809023495,107.0602181002804,pobre,0,0,375.0,719.0,1.0,31.0,8,267,36191,2,1.0
97,1.0,0.0,1.215,1.0,6.0,5,68.0634834871252,92.82478021940337,no pobre,0,3,500.0,1096.6666,1.0,57.0,12,252,36192,6,1.0
98,1.0,0.0,1.215,1.0,7.0,5,68.0634834871252,92.82478021940337,no pobre,0,3,500.0,1096.6666,1.0,57.0,13,252,36192,6,1.0
97,0.0,0.0,1.215,1.0,4.0,6,68.0634834871252,92.82478021940337,pobre,0,8,500.0,897.0,1.0,35.0,9,252,36193,4,1.0
98,0.0,0.0,1.215,1.0,4.0,6,68.0634834871252,92.82478021940337,pobre,0,8,500.0,897.0,1.0,35.0,10,252,36193,4,1.0
97,1.0,0.0,1.215,1.0,3.0,6,68.0634834871252,92.82478021940337,pobre,0,8,500.0,897.0,1.0,35.0,8,252,36194,3,1.0
98,1.0,0.0,1.215,1.0,3.0,6,68.0634834871252,92.82478021940337,pobre,0,8,500.0,897.0,1.0,35.0,9,252,36194,3,1.0
97,1.0,0.0,1.215,1.0,2.0,6,68.0634834871252,92.82478021940337,pobre,0,8,500.0,897.0,1.0,35.0,7,252,36195,2,1.0
98,1.0,0.0,1.215,1.0,2.0,6,68.0634834871252,92.82478021940337,pobre,0,8,500.0,897.0,1.0,35.0,8,252,36195,2,1.0
97,0.0,0.0,1.215,1.0,9.0,10,68.0634834871252,92.82478021940337,no pobre,0,3,0.0,835.33331,1.0,47.0,14,252,36196,9,1.0
98,0.0,0.0,1.215,0.0,9.0,10,68.0634834871252,92.82478021940337,no pobre,0,3,0.0,835.33331,1.0,47.0,15,252,36196,9,1.0
97,0.0,0.0,1.215,1.0,6.0,10,68.0634834871252,92.82478021940337,no pobre,0,3,0.0,835.33331,1.0,47.0,12,252,36197,6,1.0
98,0.0,0.0,1.215,1.0,6.0,10,68.0634834871252,92.82478021940337,no pobre,0,3,0.0,835.33331,1.0,47.0,13,252,36197,6,1.0
97,0.0,0.0,1.215,1.0,5.0,10,68.0634834871252,92.82478021940337,no pobre,0,3,0.0,835.33331,1.0,47.0,10,252,36198,5,1.0
98,0.0,0.0,1.215,1.0,5.0,10,68.0634834871252,92.82478021940337,no pobre,0,3,0.0,835.33331,1.0,47.0,11,252,36198,5,1.0
97,0.0,0.0,1.215,1.0,3.0,10,68.0634834871252,92.82478021940337,no pobre,0,3,0.0,835.33331,1.0,47.0,8,252,36199,3,1.0
98,0.0,0.0,1.215,1.0,4.0,10,68.0634834871252,92.82478021940337,no pobre,0,3,0.0,835.33331,1.0,47.0,9,252,36199,3,1.0
97,0.0,0.0,1.215,1.0,1.0,10,68.0634834871252,92.82478021940337,no pobre,0,3,0.0,835.33331,1.0,47.0,6,252,36200,1,1.0
98,0.0,0.0,1.215,1.0,1.0,10,68.0634834871252,92.82478021940337,no pobre,0,3,0.0,835.33331,1.0,47.0,7,252,36200,1,1.0
97,1.0,0.0,1.215,0.0,6.0,6,68.0634834871252,92.82478021940337,pobre,0,3,1250.0,867.0,0.0,44.0,15,252,36201,6,0.0
98,1.0,0.0,1.215,0.0,6.0,6,68.0634834871252,92.82478021940337,pobre,0,3,1250.0,867.0,0.0,44.0,16,252,36201,6,0.0
97,1.0,0.0,1.215,1.0,6.0,6,68.0634834871252,92.82478021940337,pobre,0,3,1250.0,867.0,0.0,44.0,11,252,36202,6,1.0
98,1.0,0.0,1.215,0.0,6.0,6,68.0634834871252,92.82478021940337,pobre,0,3,1250.0,867.0,0.0,44.0,12,252,36202,6,1.0
97,0.0,0.0,1.215,1.0,4.0,6,68.0634834871252,92.82478021940337,pobre,0,3,1250.0,867.0,0.0,44.0,9,252,36203,4,1.0
98,0.0,0.0,1.215,1.0,4.0,6,68.0634834871252,92.82478021940337,pobre,0,3,1250.0,867.0,0.0,44.0,10,252,36203,4,1.0
97,0.0,0.0,1.215,1.0,1.0,6,68.0634834871252,92.82478021940337,pobre,0,3,1250.0,867.0,0.0,44.0,6,252,36204,1,1.0
98,0.0,0.0,1.215,1.0,1.0,6,68.0634834871252,92.82478021940337,pobre,0,3,1250.0,867.0,0.0,44.0,7,252,36204,1,1.0
97,0.0,0.0,1.887,1.0,8.0,5,74.54013876869921,99.16458247143385,no pobre,0,18,1000.0,1053.175,1.0,35.0,14,251,36205,8,1.0
98,0.0,0.0,1.887,1.0,9.0,5,74.54013876869921,99.16458247143385,no pobre,0,18,1000.0,1053.175,1.0,35.0,15,251,36205,8,1.0
97,0.0,0.0,1.887,1.0,8.0,5,74.54013876869921,99.16458247143385,no pobre,0,18,1000.0,1053.175,1.0,35.0,13,251,36206,8,1.0
98,0.0,0.0,1.887,1.0,8.0,5,74.54013876869921,99.16458247143385,no pobre,0,18,1000.0,1053.175,1.0,35.0,14,251,36206,8,1.0
97,0.0,0.0,1.887,1.0,3.0,5,74.54013876869921,99.16458247143385,no pobre,0,18,1000.0,1053.175,1.0,35.0,9,251,36207,3,1.0
98,0.0,0.0,1.887,1.0,4.0,5,74.54013876869921,99.16458247143385,no pobre,0,18,1000.0,1053.175,1.0,35.0,10,251,36207,3,1.0
97,0.0,0.0,3.4619999,1.0,5.0,7,54.58969370270708,80.0313721624163,pobre,basal,5,500.0,761.5,1.0,73.0,16,205,36208,5,1.0
98,0.0,0.0,3.4619999,0.0,6.0,7,54.58969370270708,80.0313721624163,pobre,basal,5,500.0,761.5,1.0,73.0,17,205,36208,5,1.0
97,1.0,0.0,3.4619999,1.0,10.0,5,54.58969370270708,80.0313721624163,pobre,basal,6,1000.0,746.0,1.0,44.0,16,205,36209,10,1.0
98,1.0,0.0,3.4619999,,,5,54.58969370270708,80.0313721624163,pobre,basal,6,1000.0,746.0,1.0,44.0,17,205,36209,10,1.0
97,1.0,0.0,3.4619999,1.0,8.0,5,54.58969370270708,80.0313721624163,pobre,basal,6,1000.0,746.0,1.0,44.0,14,205,36210,8,1.0
98,1.0,0.0,3.4619999,,,5,54.58969370270708,80.0313721624163,pobre,basal,6,1000.0,746.0,1.0,44.0,15,205,36210,8,1.0
97,1.0,0.0,3.4619999,1.0,6.0,5,54.58969370270708,80.0313721624163,pobre,basal,6,1000.0,746.0,1.0,44.0,13,205,36211,6,1.0
98,1.0,0.0,3.4619999,,,5,54.58969370270708,80.0313721624163,pobre,basal,6,1000.0,746.0,1.0,44.0,14,205,36211,6,1.0
97,0.0,0.0,3.4619999,1.0,6.0,7,54.58969370270708,80.0313721624163,no pobre,basal,3,0.0,937.64099,1.0,71.0,12,205,36212,6,1.0
98,0.0,0.0,3.4619999,1.0,6.0,7,54.58969370270708,80.0313721624163,no pobre,basal,3,0.0,937.64099,1.0,71.0,13,205,36212,6,1.0
97,1.0,0.0,3.4619999,,0.0,7,54.58969370270708,80.0313721624163,no pobre,basal,3,0.0,937.64099,1.0,71.0,11,205,36213,0,
98,1.0,0.0,3.4619999,1.0,1.0,7,54.58969370270708,80.0313721624163,no pobre,basal,3,0.0,937.64099,1.0,71.0,12,205,36213,0,
97,1.0,0.0,2.826,1.0,4.0,6,78.51112809023495,107.0602181002804,pobre,0,0,0.0,707.5,0.0,47.0,10,267,36214,4,1.0
98,1.0,0.0,2.826,1.0,5.0,6,78.51112809023495,107.0602181002804,pobre,0,0,0.0,707.5,0.0,47.0,11,267,36214,4,1.0
97,1.0,0.0,2.826,1.0,2.0,6,78.51112809023495,107.0602181002804,pobre,0,0,0.0,707.5,0.0,47.0,8,267,36215,2,1.0
98,1.0,0.0,2.826,1.0,2.0,6,78.51112809023495,107.0602181002804,pobre,0,0,0.0,707.5,0.0,47.0,9,267,36215,2,1.0
97,0.0,0.0,2.826,1.0,0.0,6,78.51112809023495,107.0602181002804,pobre,0,0,0.0,707.5,0.0,47.0,6,267,36216,0,1.0
98,0.0,0.0,2.826,1.0,0.0,6,78.51112809023495,107.0602181002804,pobre,0,0,0.0,707.5,0.0,47.0,7,267,36216,0,1.0
97,1.0,0.0,4.2950001,0.0,6.0,8,66.12474893949977,66.12474893949977,pobre,0,3,0.0,687.0,0.0,40.0,15,296,36217,6,0.0
98,1.0,0.0,4.2950001,,,8,66.12474893949977,66.12474893949977,pobre,0,3,0.0,687.0,0.0,40.0,16,296,36217,6,0.0
97,1.0,0.0,4.2950001,0.0,6.0,8,66.12474893949977,66.12474893949977,pobre,0,3,0.0,687.0,0.0,40.0,11,296,36218,6,0.0
98,1.0,0.0,4.2950001,0.0,6.0,8,66.12474893949977,66.12474893949977,pobre,0,3,0.0,687.0,0.0,40.0,12,296,36218,6,0.0
97,0.0,0.0,4.2950001,1.0,3.0,8,66.12474893949977,66.12474893949977,pobre,0,3,0.0,687.0,0.0,40.0,9,296,36219,3,1.0
98,0.0,0.0,4.2950001,1.0,4.0,8,66.12474893949977,66.12474893949977,pobre,0,3,0.0,687.0,0.0,40.0,10,296,36219,3,1.0
97,1.0,0.0,4.2950001,1.0,1.0,8,66.12474893949977,66.12474893949977,pobre,0,3,0.0,687.0,0.0,40.0,6,296,36220,1,1.0
98,1.0,0.0,4.2950001,1.0,1.0,8,66.12474893949977,66.12474893949977,pobre,0,3,0.0,687.0,0.0,40.0,7,296,36220,1,1.0
97,0.0,0.0,4.2950001,1.0,4.0,6,66.12474893949977,66.12474893949977,pobre,0,2,0.0,716.0,0.0,45.0,10,296,36221,4,1.0
98,0.0,0.0,4.2950001,1.0,0.0,6,66.12474893949977,66.12474893949977,pobre,0,2,0.0,716.0,0.0,45.0,11,296,36221,4,1.0
97,1.0,0.0,4.2950001,1.0,3.0,6,66.12474893949977,66.12474893949977,pobre,0,2,0.0,716.0,0.0,45.0,9,296,36222,3,1.0
98,1.0,0.0,4.2950001,,,6,66.12474893949977,66.12474893949977,pobre,0,2,0.0,716.0,0.0,45.0,10,296,36222,3,1.0
97,1.0,0.0,4.2950001,,0.0,7,66.12474893949977,66.12474893949977,pobre,0,3,1000.0,754.0,1.0,26.0,12,296,36223,0,
98,1.0,0.0,4.2950001,0.0,6.0,7,66.12474893949977,66.12474893949977,pobre,0,3,1000.0,754.0,1.0,26.0,13,296,36223,0,
97,1.0,0.0,4.2950001,0.0,5.0,7,66.12474893949977,66.12474893949977,pobre,0,3,1000.0,754.0,1.0,26.0,11,296,36224,5,0.0
98,1.0,0.0,4.2950001,0.0,6.0,7,66.12474893949977,66.12474893949977,pobre,0,3,1000.0,754.0,1.0,26.0,12,296,36224,5,0.0
97,0.0,0.0,4.2950001,1.0,1.0,7,66.12474893949977,66.12474893949977,pobre,0,3,1000.0,754.0,1.0,26.0,6,296,36225,1,1.0
98,0.0,0.0,4.2950001,1.0,2.0,7,66.12474893949977,66.12474893949977,pobre,0,3,1000.0,754.0,1.0,26.0,7,296,36225,1,1.0
97,0.0,0.0,4.2950001,0.0,3.0,10,66.12474893949977,66.12474893949977,pobre,0,3,0.0,755.62,0.0,44.0,16,296,36226,3,0.0
98,0.0,0.0,4.2950001,,,10,66.12474893949977,66.12474893949977,pobre,0,3,0.0,755.62,0.0,44.0,17,296,36226,3,0.0
97,0.0,0.0,4.2950001,0.0,6.0,10,66.12474893949977,66.12474893949977,pobre,0,3,0.0,755.62,0.0,44.0,14,296,36227,6,0.0
98,0.0,0.0,4.2950001,0.0,6.0,10,66.12474893949977,66.12474893949977,pobre,0,3,0.0,755.62,0.0,44.0,15,296,36227,6,0.0
97,0.0,0.0,4.2950001,1.0,1.0,10,66.12474893949977,66.12474893949977,pobre,0,3,0.0,755.62,0.0,44.0,8,296,36228,1,1.0
98,0.0,0.0,4.2950001,1.0,2.0,10,66.12474893949977,66.12474893949977,pobre,0,3,0.0,755.62,0.0,44.0,9,296,36228,1,1.0
97,0.0,0.0,4.2950001,1.0,1.0,10,66.12474893949977,66.12474893949977,pobre,0,3,0.0,755.62,0.0,44.0,7,296,36229,1,1.0
98,0.0,0.0,4.2950001,1.0,1.0,10,66.12474893949977,66.12474893949977,pobre,0,3,0.0,755.62,0.0,44.0,8,296,36229,1,1.0
97,1.0,0.0,4.2950001,1.0,4.0,10,66.12474893949977,66.12474893949977,pobre,0,3,0.0,755.62,0.0,44.0,12,296,36230,4,1.0
98,1.0,0.0,4.2950001,1.0,5.0,10,66.12474893949977,66.12474893949977,pobre,0,3,0.0,755.62,0.0,44.0,13,296,36230,4,1.0
97,0.0,0.0,4.2950001,1.0,4.0,6,66.12474893949977,66.12474893949977,pobre,0,5,800.0,689.0,1.0,26.0,10,296,36231,4,1.0
98,0.0,0.0,4.2950001,1.0,5.0,6,66.12474893949977,66.12474893949977,pobre,0,5,800.0,689.0,1.0,26.0,11,296,36231,4,1.0
97,0.0,0.0,4.2950001,1.0,0.0,6,66.12474893949977,66.12474893949977,pobre,0,5,800.0,689.0,1.0,26.0,6,296,36232,0,1.0
98,0.0,0.0,4.2950001,1.0,1.0,6,66.12474893949977,66.12474893949977,pobre,0,5,800.0,689.0,1.0,26.0,7,296,36232,0,1.0
97,1.0,0.0,4.2950001,1.0,3.0,6,66.12474893949977,66.12474893949977,pobre,0,6,1000.0,610.0,1.0,28.0,8,296,36233,3,1.0
98,1.0,0.0,4.2950001,1.0,4.0,6,66.12474893949977,66.12474893949977,pobre,0,6,1000.0,610.0,1.0,28.0,9,296,36233,3,1.0
97,0.0,0.0,4.2950001,1.0,1.0,6,66.12474893949977,66.12474893949977,pobre,0,6,1000.0,610.0,1.0,28.0,6,296,36234,1,1.0
98,0.0,0.0,4.2950001,1.0,1.0,6,66.12474893949977,66.12474893949977,pobre,0,6,1000.0,610.0,1.0,28.0,7,296,36234,1,1.0
97,0.0,0.0,4.8460002,0.0,6.0,7,34.66444985089294,34.66444985089294,no pobre,0,0,0.0,781.0,0.0,56.0,15,277,36235,6,0.0
98,0.0,0.0,4.8460002,,,7,34.66444985089294,34.66444985089294,no pobre,0,0,0.0,781.0,0.0,56.0,16,277,36235,6,0.0
97,0.0,0.0,4.8460002,1.0,4.0,7,34.66444985089294,34.66444985089294,no pobre,0,0,0.0,781.0,0.0,56.0,12,277,36236,4,1.0
98,0.0,0.0,4.8460002,1.0,5.0,7,34.66444985089294,34.66444985089294,no pobre,0,0,0.0,781.0,0.0,56.0,13,277,36236,4,1.0
97,0.0,0.0,4.8460002,1.0,2.0,7,34.66444985089294,34.66444985089294,no pobre,0,0,0.0,781.0,0.0,56.0,9,277,36237,2,1.0
98,0.0,0.0,4.8460002,1.0,3.0,7,34.66444985089294,34.66444985089294,no pobre,0,0,0.0,781.0,0.0,56.0,10,277,36237,2,1.0
97,1.0,0.0,4.8460002,0.0,6.0,7,34.66444985089294,34.66444985089294,pobre,0,0,0.0,720.0,1.0,53.0,14,277,36238,6,0.0
98,1.0,0.0,4.8460002,0.0,6.0,7,34.66444985089294,34.66444985089294,pobre,0,0,0.0,720.0,1.0,53.0,15,277,36238,6,0.0
97,0.0,0.0,4.8460002,1.0,4.0,7,34.66444985089294,34.66444985089294,pobre,0,0,0.0,720.0,1.0,53.0,10,277,36239,4,1.0
98,0.0,0.0,4.8460002,1.0,5.0,7,34.66444985089294,34.66444985089294,pobre,0,0,0.0,720.0,1.0,53.0,11,277,36239,4,1.0
97,0.0,0.0,4.8460002,1.0,2.0,7,34.66444985089294,34.66444985089294,pobre,0,0,0.0,720.0,1.0,53.0,7,277,36240,2,1.0
98,0.0,0.0,4.8460002,1.0,2.0,7,34.66444985089294,34.66444985089294,pobre,0,0,0.0,720.0,1.0,53.0,8,277,36240,2,1.0
97,1.0,0.0,4.8460002,,6.0,6,34.66444985089294,34.66444985089294,pobre,0,0,0.0,706.33002,1.0,60.0,12,277,36241,6,
98,1.0,0.0,4.8460002,,,6,34.66444985089294,34.66444985089294,pobre,0,0,0.0,706.33002,1.0,60.0,13,277,36241,6,
97,1.0,0.0,4.8460002,1.0,5.0,6,34.66444985089294,34.66444985089294,pobre,0,2,0.0,800.0,1.0,52.0,11,277,36242,5,1.0
98,1.0,0.0,4.8460002,,,6,34.66444985089294,34.66444985089294,pobre,0,2,0.0,800.0,1.0,52.0,12,277,36242,5,1.0
97,1.0,0.0,4.8460002,1.0,2.0,6,34.66444985089294,34.66444985089294,pobre,0,2,0.0,800.0,1.0,52.0,8,277,36243,2,1.0
98,1.0,0.0,4.8460002,1.0,3.0,6,34.66444985089294,34.66444985089294,pobre,0,2,0.0,800.0,1.0,52.0,9,277,36243,2,1.0
97,0.0,0.0,4.8460002,1.0,0.0,6,34.66444985089294,34.66444985089294,pobre,0,2,0.0,800.0,1.0,52.0,6,277,36244,0,1.0
98,0.0,0.0,4.8460002,1.0,1.0,6,34.66444985089294,34.66444985089294,pobre,0,2,0.0,800.0,1.0,52.0,7,277,36244,0,1.0
97,0.0,0.0,4.8460002,1.0,6.0,4,34.66444985089294,34.66444985089294,no pobre,0,3,800.0,894.0,1.0,35.0,12,277,36245,6,1.0
98,0.0,0.0,4.8460002,1.0,7.0,4,34.66444985089294,34.66444985089294,no pobre,0,3,800.0,894.0,1.0,35.0,13,277,36245,6,1.0
97,0.0,0.0,4.8460002,1.0,2.0,4,34.66444985089294,34.66444985089294,no pobre,0,3,800.0,894.0,1.0,35.0,8,277,36246,2,1.0
98,0.0,0.0,4.8460002,1.0,3.0,4,34.66444985089294,34.66444985089294,no pobre,0,3,800.0,894.0,1.0,35.0,9,277,36246,2,1.0
97,0.0,0.0,4.8460002,1.0,6.0,4,34.66444985089294,34.66444985089294,pobre,0,4,0.0,730.0,1.0,33.0,13,277,36247,6,1.0
98,0.0,0.0,4.8460002,1.0,7.0,4,34.66444985089294,34.66444985089294,pobre,0,4,0.0,730.0,1.0,33.0,14,277,36247,6,1.0
97,1.0,0.0,4.8460002,1.0,3.0,4,34.66444985089294,34.66444985089294,pobre,0,4,0.0,730.0,1.0,33.0,9,277,36248,3,1.0
98,1.0,0.0,4.8460002,1.0,4.0,4,34.66444985089294,34.66444985089294,pobre,0,4,0.0,730.0,1.0,33.0,10,277,36248,3,1.0
97,1.0,0.0,4.8460002,1.0,5.0,7,34.66444985089294,34.66444985089294,no pobre,0,2,0.0,849.0,1.0,35.0,10,277,36249,5,1.0
98,1.0,0.0,4.8460002,1.0,5.0,7,34.66444985089294,34.66444985089294,no pobre,0,2,0.0,849.0,1.0,35.0,11,277,36249,5,1.0
97,1.0,0.0,4.8460002,1.0,2.0,7,34.66444985089294,34.66444985089294,no pobre,0,2,0.0,849.0,1.0,35.0,7,277,36250,2,1.0
98,1.0,0.0,4.8460002,1.0,2.0,7,34.66444985089294,34.66444985089294,no pobre,0,2,0.0,849.0,1.0,35.0,8,277,36250,2,1.0
97,1.0,0.0,4.8460002,1.0,1.0,7,34.66444985089294,34.66444985089294,no pobre,0,2,0.0,849.0,1.0,35.0,6,277,36251,1,1.0
98,1.0,0.0,4.8460002,1.0,1.0,7,34.66444985089294,34.66444985089294,no pobre,0,2,0.0,849.0,1.0,35.0,7,277,36251,1,1.0
97,0.0,0.0,4.8460002,1.0,1.0,6,34.66444985089294,34.66444985089294,no pobre,0,6,1250.0,924.0,1.0,34.0,7,277,36252,1,1.0
98,0.0,0.0,4.8460002,1.0,2.0,6,34.66444985089294,34.66444985089294,no pobre,0,6,1250.0,924.0,1.0,34.0,8,277,36252,1,1.0
97,0.0,0.0,4.8460002,0.0,6.0,8,34.66444985089294,34.66444985089294,pobre,0,0,0.0,699.0,1.0,48.0,12,277,36253,6,0.0
98,0.0,0.0,4.8460002,0.0,6.0,8,34.66444985089294,34.66444985089294,pobre,0,0,0.0,699.0,1.0,48.0,13,277,36253,6,0.0
97,1.0,0.0,4.8460002,1.0,1.0,8,34.66444985089294,34.66444985089294,pobre,0,0,0.0,699.0,1.0,48.0,7,277,36254,1,1.0
98,1.0,0.0,4.8460002,1.0,2.0,8,34.66444985089294,34.66444985089294,pobre,0,0,0.0,699.0,1.0,48.0,8,277,36254,1,1.0
97,0.0,0.0,4.8460002,0.0,3.0,10,34.66444985089294,34.66444985089294,pobre,0,3,0.0,467.0,1.0,33.0,14,277,36255,3,0.0
98,0.0,0.0,4.8460002,0.0,3.0,10,34.66444985089294,34.66444985089294,pobre,0,3,0.0,467.0,1.0,33.0,15,277,36255,3,0.0
97,0.0,0.0,4.8460002,0.0,6.0,10,34.66444985089294,34.66444985089294,pobre,0,3,0.0,467.0,1.0,33.0,11,277,36256,6,0.0
98,0.0,0.0,4.8460002,0.0,6.0,10,34.66444985089294,34.66444985089294,pobre,0,3,0.0,467.0,1.0,33.0,12,277,36256,6,0.0
97,0.0,0.0,4.8460002,1.0,3.0,10,34.66444985089294,34.66444985089294,pobre,0,3,0.0,467.0,1.0,33.0,10,277,36257,3,1.0
98,0.0,0.0,4.8460002,1.0,4.0,10,34.66444985089294,34.66444985089294,pobre,0,3,0.0,467.0,1.0,33.0,11,277,36257,3,1.0
97,0.0,0.0,4.8460002,1.0,3.0,10,34.66444985089294,34.66444985089294,pobre,0,3,0.0,467.0,1.0,33.0,8,277,36258,3,1.0
98,0.0,0.0,4.8460002,1.0,3.0,10,34.66444985089294,34.66444985089294,pobre,0,3,0.0,467.0,1.0,33.0,9,277,36258,3,1.0
97,1.0,0.0,4.8460002,1.0,0.0,10,34.66444985089294,34.66444985089294,pobre,0,3,0.0,467.0,1.0,33.0,6,277,36259,0,1.0
98,1.0,0.0,4.8460002,1.0,1.0,10,34.66444985089294,34.66444985089294,pobre,0,3,0.0,467.0,1.0,33.0,7,277,36259,0,1.0
97,0.0,0.0,4.8460002,0.0,6.0,12,34.66444985089294,34.66444985089294,no pobre,0,1,1600.0,895.0,1.0,43.0,16,277,36260,6,0.0
98,0.0,0.0,4.8460002,,,12,34.66444985089294,34.66444985089294,no pobre,0,1,1600.0,895.0,1.0,43.0,17,277,36260,6,0.0
97,1.0,0.0,4.8460002,0.0,6.0,12,34.66444985089294,34.66444985089294,no pobre,0,1,1600.0,895.0,1.0,43.0,14,277,36261,6,0.0
98,1.0,0.0,4.8460002,0.0,6.0,12,34.66444985089294,34.66444985089294,no pobre,0,1,1600.0,895.0,1.0,43.0,15,277,36261,6,0.0
97,0.0,0.0,4.8460002,1.0,3.0,12,34.66444985089294,34.66444985089294,no pobre,0,1,1600.0,895.0,1.0,43.0,12,277,36262,3,1.0
98,0.0,0.0,4.8460002,0.0,4.0,12,34.66444985089294,34.66444985089294,no pobre,0,1,1600.0,895.0,1.0,43.0,13,277,36262,3,1.0
97,1.0,0.0,4.8460002,1.0,2.0,12,34.66444985089294,34.66444985089294,no pobre,0,1,1600.0,895.0,1.0,43.0,10,277,36263,2,1.0
98,1.0,0.0,4.8460002,1.0,4.0,12,34.66444985089294,34.66444985089294,no pobre,0,1,1600.0,895.0,1.0,43.0,11,277,36263,2,1.0
97,1.0,0.0,4.8460002,1.0,1.0,12,34.66444985089294,34.66444985089294,no pobre,0,1,1600.0,895.0,1.0,43.0,8,277,36264,1,1.0
98,1.0,0.0,4.8460002,1.0,2.0,12,34.66444985089294,34.66444985089294,no pobre,0,1,1600.0,895.0,1.0,43.0,9,277,36264,1,1.0
97,1.0,0.0,4.8460002,1.0,0.0,12,34.66444985089294,34.66444985089294,no pobre,0,1,1600.0,895.0,1.0,43.0,6,277,36265,0,1.0
98,1.0,0.0,4.8460002,1.0,0.0,12,34.66444985089294,34.66444985089294,no pobre,0,1,1600.0,895.0,1.0,43.0,7,277,36265,0,1.0
97,1.0,0.0,4.8460002,1.0,3.0,9,34.66444985089294,34.66444985089294,pobre,0,3,0.0,539.0,1.0,30.0,9,277,36266,3,1.0
98,1.0,0.0,4.8460002,1.0,4.0,9,34.66444985089294,34.66444985089294,pobre,0,3,0.0,539.0,1.0,30.0,10,277,36266,3,1.0
97,1.0,0.0,4.8460002,1.0,2.0,9,34.66444985089294,34.66444985089294,pobre,0,3,0.0,539.0,1.0,30.0,7,277,36267,2,1.0
98,1.0,0.0,4.8460002,1.0,3.0,9,34.66444985089294,34.66444985089294,pobre,0,3,0.0,539.0,1.0,30.0,8,277,36267,2,1.0
97,0.0,0.0,4.8460002,1.0,0.0,9,34.66444985089294,34.66444985089294,pobre,0,3,0.0,539.0,1.0,30.0,6,277,36268,0,1.0
98,0.0,0.0,4.8460002,1.0,1.0,9,34.66444985089294,34.66444985089294,pobre,0,3,0.0,539.0,1.0,30.0,7,277,36268,0,1.0
97,1.0,0.0,4.8460002,1.0,7.0,5,34.66444985089294,34.66444985089294,no pobre,0,6,1600.0,1079.0,1.0,45.0,13,277,36269,7,1.0
98,1.0,0.0,4.8460002,1.0,8.0,5,34.66444985089294,34.66444985089294,no pobre,0,6,1600.0,1079.0,1.0,45.0,14,277,36269,7,1.0
97,1.0,0.0,4.8460002,1.0,3.0,4,34.66444985089294,34.66444985089294,no pobre,0,0,0.0,777.0,0.0,66.0,12,277,36270,3,1.0
98,1.0,0.0,4.8460002,1.0,4.0,4,34.66444985089294,34.66444985089294,no pobre,0,0,0.0,777.0,0.0,66.0,13,277,36270,3,1.0
97,1.0,0.0,4.8460002,0.0,6.0,7,34.66444985089294,34.66444985089294,no pobre,0,0,0.0,844.5,1.0,57.0,16,277,36271,6,0.0
98,1.0,0.0,4.8460002,,,7,34.66444985089294,34.66444985089294,no pobre,0,0,0.0,844.5,1.0,57.0,17,277,36271,6,0.0
97,0.0,0.0,4.8460002,0.0,6.0,7,34.66444985089294,34.66444985089294,no pobre,0,0,0.0,844.5,1.0,57.0,15,277,36272,6,0.0
98,0.0,0.0,4.8460002,0.0,6.0,7,34.66444985089294,34.66444985089294,no pobre,0,0,0.0,844.5,1.0,57.0,16,277,36272,6,0.0
97,0.0,0.0,4.8460002,0.0,6.0,7,34.66444985089294,34.66444985089294,no pobre,0,0,0.0,844.5,1.0,57.0,13,277,36273,6,0.0
98,0.0,0.0,4.8460002,0.0,6.0,7,34.66444985089294,34.66444985089294,no pobre,0,0,0.0,844.5,1.0,57.0,14,277,36273,6,0.0
97,0.0,0.0,4.8460002,1.0,7.0,7,34.66444985089294,34.66444985089294,no pobre,0,0,0.0,844.5,1.0,57.0,11,277,36274,7,1.0
98,0.0,0.0,4.8460002,1.0,7.0,7,34.66444985089294,34.66444985089294,no pobre,0,0,0.0,844.5,1.0,57.0,12,277,36274,7,1.0
97,1.0,0.0,4.8460002,1.0,5.0,8,34.66444985089294,34.66444985089294,no pobre,0,3,0.0,822.71002,1.0,35.0,10,277,36275,5,1.0
98,1.0,0.0,4.8460002,1.0,5.0,8,34.66444985089294,34.66444985089294,no pobre,0,3,0.0,822.71002,1.0,35.0,11,277,36275,5,1.0
97,0.0,0.0,4.8460002,1.0,3.0,8,34.66444985089294,34.66444985089294,no pobre,0,3,0.0,822.71002,1.0,35.0,9,277,36276,3,1.0
98,0.0,0.0,4.8460002,1.0,3.0,8,34.66444985089294,34.66444985089294,no pobre,0,3,0.0,822.71002,1.0,35.0,10,277,36276,3,1.0
97,1.0,0.0,4.8460002,1.0,2.0,8,34.66444985089294,34.66444985089294,no pobre,0,3,0.0,822.71002,1.0,35.0,8,277,36277,2,1.0
98,1.0,0.0,4.8460002,1.0,2.0,8,34.66444985089294,34.66444985089294,no pobre,0,3,0.0,822.71002,1.0,35.0,9,277,36277,2,1.0
97,1.0,0.0,4.8460002,1.0,1.0,8,34.66444985089294,34.66444985089294,no pobre,0,3,0.0,822.71002,1.0,35.0,6,277,36278,1,1.0
98,1.0,0.0,4.8460002,1.0,1.0,8,34.66444985089294,34.66444985089294,no pobre,0,3,0.0,822.71002,1.0,35.0,7,277,36278,1,1.0
97,1.0,0.0,4.8460002,0.0,6.0,9,34.66444985089294,34.66444985089294,no pobre,0,0,4800.0,1025.6,1.0,39.0,15,277,36279,6,0.0
98,1.0,0.0,4.8460002,0.0,6.0,9,34.66444985089294,34.66444985089294,no pobre,0,0,4800.0,1025.6,1.0,39.0,16,277,36279,6,0.0
97,0.0,0.0,4.8460002,0.0,6.0,9,34.66444985089294,34.66444985089294,no pobre,0,0,4800.0,1025.6,1.0,39.0,13,277,36280,6,0.0
98,0.0,0.0,4.8460002,0.0,6.0,9,34.66444985089294,34.66444985089294,no pobre,0,0,4800.0,1025.6,1.0,39.0,14,277,36280,6,0.0
97,1.0,0.0,4.8460002,1.0,3.0,9,34.66444985089294,34.66444985089294,no pobre,0,0,4800.0,1025.6,1.0,39.0,11,277,36281,3,1.0
98,1.0,0.0,4.8460002,1.0,6.0,9,34.66444985089294,34.66444985089294,no pobre,0,0,4800.0,1025.6,1.0,39.0,12,277,36281,3,1.0
97,0.0,0.0,4.8460002,1.0,2.0,9,34.66444985089294,34.66444985089294,no pobre,0,0,4800.0,1025.6,1.0,39.0,9,277,36282,2,1.0
98,0.0,0.0,4.8460002,1.0,4.0,9,34.66444985089294,34.66444985089294,no pobre,0,0,4800.0,1025.6,1.0,39.0,10,277,36282,2,1.0
97,0.0,0.0,4.8460002,1.0,1.0,9,34.66444985089294,34.66444985089294,no pobre,0,0,4800.0,1025.6,1.0,39.0,7,277,36283,1,1.0
98,0.0,0.0,4.8460002,1.0,2.0,9,34.66444985089294,34.66444985089294,no pobre,0,0,4800.0,1025.6,1.0,39.0,8,277,36283,1,1.0
97,0.0,0.0,4.8460002,0.0,6.0,8,34.66444985089294,34.66444985089294,pobre,0,0,0.0,824.0,1.0,41.0,15,277,36284,6,0.0
98,0.0,0.0,4.8460002,0.0,6.0,8,34.66444985089294,34.66444985089294,pobre,0,0,0.0,824.0,1.0,41.0,16,277,36284,6,0.0
97,0.0,0.0,4.8460002,0.0,6.0,8,34.66444985089294,34.66444985089294,pobre,0,0,0.0,824.0,1.0,41.0,13,277,36285,6,0.0
98,0.0,0.0,4.8460002,0.0,6.0,8,34.66444985089294,34.66444985089294,pobre,0,0,0.0,824.0,1.0,41.0,14,277,36285,6,0.0
97,0.0,0.0,4.8460002,1.0,3.0,8,34.66444985089294,34.66444985089294,pobre,0,0,0.0,824.0,1.0,41.0,9,277,36286,3,1.0
98,0.0,0.0,4.8460002,1.0,4.0,8,34.66444985089294,34.66444985089294,pobre,0,0,0.0,824.0,1.0,41.0,10,277,36286,3,1.0
97,0.0,0.0,4.8460002,0.0,6.0,12,34.66444985089294,34.66444985089294,pobre,0,0,0.0,831.0,1.0,46.0,15,277,36287,6,0.0
98,0.0,0.0,4.8460002,0.0,6.0,12,34.66444985089294,34.66444985089294,pobre,0,0,0.0,831.0,1.0,46.0,16,277,36287,6,0.0
97,0.0,0.0,4.8460002,0.0,6.0,12,34.66444985089294,34.66444985089294,pobre,0,0,0.0,831.0,1.0,46.0,13,277,36288,6,0.0
98,0.0,0.0,4.8460002,0.0,6.0,12,34.66444985089294,34.66444985089294,pobre,0,0,0.0,831.0,1.0,46.0,14,277,36288,6,0.0
97,1.0,0.0,4.8460002,1.0,3.0,12,34.66444985089294,34.66444985089294,pobre,0,0,0.0,831.0,1.0,46.0,11,277,36289,3,1.0
98,1.0,0.0,4.8460002,1.0,4.0,12,34.66444985089294,34.66444985089294,pobre,0,0,0.0,831.0,1.0,46.0,12,277,36289,3,1.0
97,0.0,0.0,4.8460002,1.0,3.0,12,34.66444985089294,34.66444985089294,pobre,0,0,0.0,831.0,1.0,46.0,9,277,36290,3,1.0
98,0.0,0.0,4.8460002,1.0,4.0,12,34.66444985089294,34.66444985089294,pobre,0,0,0.0,831.0,1.0,46.0,10,277,36290,3,1.0
97,1.0,0.0,4.8460002,1.0,0.0,12,34.66444985089294,34.66444985089294,pobre,0,0,0.0,831.0,1.0,46.0,6,277,36291,0,1.0
98,1.0,0.0,4.8460002,1.0,1.0,12,34.66444985089294,34.66444985089294,pobre,0,0,0.0,831.0,1.0,46.0,7,277,36291,0,1.0
97,0.0,0.0,4.8460002,1.0,2.0,10,34.66444985089294,34.66444985089294,pobre,0,6,0.0,742.0,1.0,28.0,7,277,36292,2,1.0
98,0.0,0.0,4.8460002,1.0,3.0,10,34.66444985089294,34.66444985089294,pobre,0,6,0.0,742.0,1.0,28.0,8,277,36292,2,1.0
97,0.0,0.0,4.8460002,1.0,0.0,10,34.66444985089294,34.66444985089294,pobre,0,6,0.0,742.0,1.0,28.0,6,277,36293,0,1.0
98,0.0,0.0,4.8460002,1.0,1.0,10,34.66444985089294,34.66444985089294,pobre,0,6,0.0,742.0,1.0,28.0,7,277,36293,0,1.0
97,0.0,0.0,4.8460002,0.0,6.0,12,34.66444985089294,34.66444985089294,no pobre,0,3,0.0,899.0,1.0,40.0,15,277,36294,6,0.0
98,0.0,0.0,4.8460002,,,12,34.66444985089294,34.66444985089294,no pobre,0,3,0.0,899.0,1.0,40.0,16,277,36294,6,0.0
97,1.0,0.0,4.8460002,1.0,6.0,12,34.66444985089294,34.66444985089294,no pobre,0,3,0.0,899.0,1.0,40.0,12,277,36295,6,1.0
98,1.0,0.0,4.8460002,,,12,34.66444985089294,34.66444985089294,no pobre,0,3,0.0,899.0,1.0,40.0,13,277,36295,6,1.0
97,1.0,0.0,4.8460002,1.0,3.0,12,34.66444985089294,34.66444985089294,no pobre,0,3,0.0,899.0,1.0,40.0,9,277,36296,3,1.0
98,1.0,0.0,4.8460002,,,12,34.66444985089294,34.66444985089294,no pobre,0,3,0.0,899.0,1.0,40.0,10,277,36296,3,1.0
97,0.0,0.0,4.8460002,1.0,0.0,12,34.66444985089294,34.66444985089294,no pobre,0,3,0.0,899.0,1.0,40.0,6,277,36297,0,1.0
98,0.0,0.0,4.8460002,,,12,34.66444985089294,34.66444985089294,no pobre,0,3,0.0,899.0,1.0,40.0,7,277,36297,0,1.0
97,0.0,0.0,4.8460002,0.0,6.0,9,34.66444985089294,34.66444985089294,pobre,0,2,1200.0,576.0,1.0,43.0,13,277,36298,6,0.0
98,0.0,0.0,4.8460002,0.0,6.0,9,34.66444985089294,34.66444985089294,pobre,0,2,1200.0,576.0,1.0,43.0,14,277,36298,6,0.0
97,1.0,0.0,4.8460002,1.0,5.0,9,34.66444985089294,34.66444985089294,pobre,0,2,1200.0,576.0,1.0,43.0,10,277,36299,5,1.0
98,1.0,0.0,4.8460002,1.0,6.0,9,34.66444985089294,34.66444985089294,pobre,0,2,1200.0,576.0,1.0,43.0,11,277,36299,5,1.0
97,0.0,0.0,4.8460002,1.0,3.0,9,34.66444985089294,34.66444985089294,pobre,0,2,1200.0,576.0,1.0,43.0,9,277,36300,3,1.0
98,0.0,0.0,4.8460002,1.0,4.0,9,34.66444985089294,34.66444985089294,pobre,0,2,1200.0,576.0,1.0,43.0,10,277,36300,3,1.0
97,1.0,0.0,4.8460002,1.0,1.0,9,34.66444985089294,34.66444985089294,pobre,0,2,1200.0,576.0,1.0,43.0,6,277,36301,1,1.0
98,1.0,0.0,4.8460002,1.0,2.0,9,34.66444985089294,34.66444985089294,pobre,0,2,1200.0,576.0,1.0,43.0,7,277,36301,1,1.0
97,0.0,0.0,2.625,1.0,0.0,5,65.82301347024146,88.68888719460766,pobre,basal,4,0.0,601.5,1.0,28.0,6,250,36302,0,1.0
98,0.0,0.0,2.625,1.0,0.0,5,65.82301347024146,88.68888719460766,pobre,basal,4,0.0,601.5,1.0,28.0,7,250,36302,0,1.0
97,0.0,0.0,2.625,1.0,5.0,10,65.82301347024146,88.68888719460766,pobre,basal,0,0.0,612.66998,1.0,52.0,14,250,36303,5,1.0
98,0.0,0.0,2.625,1.0,6.0,10,65.82301347024146,88.68888719460766,pobre,basal,0,0.0,612.66998,1.0,52.0,15,250,36303,5,1.0
97,1.0,0.0,2.625,1.0,4.0,10,65.82301347024146,88.68888719460766,pobre,basal,0,0.0,612.66998,1.0,52.0,12,250,36304,4,1.0
98,1.0,0.0,2.625,1.0,5.0,10,65.82301347024146,88.68888719460766,pobre,basal,0,0.0,612.66998,1.0,52.0,13,250,36304,4,1.0
97,0.0,0.0,2.625,1.0,2.0,10,65.82301347024146,88.68888719460766,pobre,basal,0,0.0,612.66998,1.0,52.0,9,250,36305,2,1.0
98,0.0,0.0,2.625,1.0,3.0,10,65.82301347024146,88.68888719460766,pobre,basal,0,0.0,612.66998,1.0,52.0,10,250,36305,2,1.0
97,1.0,0.0,2.625,1.0,3.0,10,65.82301347024146,88.68888719460766,pobre,basal,0,0.0,612.66998,1.0,52.0,6,250,36306,3,1.0
98,1.0,0.0,2.625,1.0,0.0,10,65.82301347024146,88.68888719460766,pobre,basal,0,0.0,612.66998,1.0,52.0,7,250,36306,3,1.0
97,0.0,0.0,2.625,1.0,3.0,3,65.82301347024146,88.68888719460766,pobre,basal,0,375.0,792.5,1.0,42.0,11,250,36307,3,1.0
98,0.0,0.0,2.625,1.0,4.0,3,65.82301347024146,88.68888719460766,pobre,basal,0,375.0,792.5,1.0,42.0,12,250,36307,3,1.0
97,0.0,0.0,2.625,1.0,2.0,5,65.82301347024146,88.68888719460766,pobre,basal,3,0.0,743.5,1.0,36.0,9,250,36308,2,1.0
98,0.0,0.0,2.625,1.0,3.0,5,65.82301347024146,88.68888719460766,pobre,basal,3,0.0,743.5,1.0,36.0,10,250,36308,2,1.0
97,1.0,0.0,2.625,1.0,6.0,5,65.82301347024146,88.68888719460766,pobre,basal,2,0.0,720.66998,1.0,59.0,12,250,36309,6,1.0
98,1.0,0.0,2.625,1.0,7.0,5,65.82301347024146,88.68888719460766,pobre,basal,2,0.0,720.66998,1.0,59.0,13,250,36309,6,1.0
97,1.0,0.0,2.625,1.0,4.0,5,65.82301347024146,88.68888719460766,pobre,basal,2,0.0,720.66998,1.0,59.0,10,250,36310,4,1.0
98,1.0,0.0,2.625,1.0,5.0,5,65.82301347024146,88.68888719460766,pobre,basal,2,0.0,720.66998,1.0,59.0,11,250,36310,4,1.0
97,1.0,0.0,2.625,0.0,9.0,3,65.82301347024146,88.68888719460766,pobre,basal,0,0.0,655.0,0.0,64.0,15,250,36311,9,0.0
98,1.0,0.0,2.625,0.0,9.0,3,65.82301347024146,88.68888719460766,pobre,basal,0,0.0,655.0,0.0,64.0,16,250,36311,9,0.0
97,1.0,0.0,2.625,1.0,7.0,5,65.82301347024146,88.68888719460766,pobre,basal,3,0.0,733.0,1.0,37.0,14,250,36312,7,1.0
98,1.0,0.0,2.625,1.0,8.0,5,65.82301347024146,88.68888719460766,pobre,basal,3,0.0,733.0,1.0,37.0,15,250,36312,7,1.0
97,1.0,0.0,2.625,1.0,6.0,5,65.82301347024146,88.68888719460766,pobre,basal,3,0.0,733.0,1.0,37.0,12,250,36313,6,1.0
98,1.0,0.0,2.625,1.0,6.0,5,65.82301347024146,88.68888719460766,pobre,basal,3,0.0,733.0,1.0,37.0,13,250,36313,6,1.0
97,1.0,0.0,2.625,1.0,4.0,6,65.82301347024146,88.68888719460766,pobre,basal,2,375.0,573.0,1.0,27.0,10,250,36314,4,1.0
98,1.0,0.0,2.625,1.0,5.0,6,65.82301347024146,88.68888719460766,pobre,basal,2,375.0,573.0,1.0,27.0,11,250,36314,4,1.0
97,1.0,0.0,2.625,1.0,3.0,6,65.82301347024146,88.68888719460766,pobre,basal,2,375.0,573.0,1.0,27.0,9,250,36315,3,1.0
98,1.0,0.0,2.625,1.0,3.0,6,65.82301347024146,88.68888719460766,pobre,basal,2,375.0,573.0,1.0,27.0,10,250,36315,3,1.0
97,1.0,0.0,2.625,1.0,2.0,6,65.82301347024146,88.68888719460766,pobre,basal,2,375.0,573.0,1.0,27.0,7,250,36316,2,1.0
98,1.0,0.0,2.625,1.0,3.0,6,65.82301347024146,88.68888719460766,pobre,basal,2,375.0,573.0,1.0,27.0,8,250,36316,2,1.0
97,0.0,0.0,0.0,0.0,6.0,5,73.2350002799397,73.2350002799397,no pobre,0,0,0.0,1061.0,1.0,67.0,16,312,36317,6,0.0
98,0.0,0.0,0.0,0.0,6.0,5,73.2350002799397,73.2350002799397,no pobre,0,0,0.0,1061.0,1.0,67.0,17,312,36317,6,0.0
97,0.0,0.0,0.0,1.0,8.0,9,73.2350002799397,73.2350002799397,pobre,0,1,750.0,889.0,1.0,42.0,15,312,36318,8,1.0
98,0.0,0.0,0.0,0.0,9.0,9,73.2350002799397,73.2350002799397,pobre,0,1,750.0,889.0,1.0,42.0,16,312,36318,8,1.0
97,0.0,0.0,0.0,1.0,7.0,9,73.2350002799397,73.2350002799397,pobre,0,1,750.0,889.0,1.0,42.0,13,312,36319,7,1.0
98,0.0,0.0,0.0,1.0,8.0,9,73.2350002799397,73.2350002799397,pobre,0,1,750.0,889.0,1.0,42.0,14,312,36319,7,1.0
97,0.0,0.0,0.0,1.0,3.0,9,73.2350002799397,73.2350002799397,pobre,0,1,750.0,889.0,1.0,42.0,11,312,36320,3,1.0
98,0.0,0.0,0.0,1.0,4.0,9,73.2350002799397,73.2350002799397,pobre,0,1,750.0,889.0,1.0,42.0,12,312,36320,3,1.0
97,0.0,0.0,0.0,1.0,0.0,9,73.2350002799397,73.2350002799397,pobre,0,1,750.0,889.0,1.0,42.0,6,312,36321,0,1.0
98,0.0,0.0,0.0,1.0,0.0,9,73.2350002799397,73.2350002799397,pobre,0,1,750.0,889.0,1.0,42.0,7,312,36321,0,1.0
97,0.0,0.0,0.0,0.0,9.0,5,73.2350002799397,73.2350002799397,pobre,0,1,0.0,812.0,0.0,44.0,16,312,36322,9,0.0
98,0.0,0.0,0.0,,,5,73.2350002799397,73.2350002799397,pobre,0,1,0.0,812.0,0.0,44.0,17,312,36322,9,0.0
97,1.0,0.0,0.0,1.0,7.0,5,73.2350002799397,73.2350002799397,pobre,0,1,0.0,812.0,0.0,44.0,15,312,36323,7,1.0
98,1.0,0.0,0.0,1.0,8.0,5,73.2350002799397,73.2350002799397,pobre,0,1,0.0,812.0,0.0,44.0,16,312,36323,7,1.0
97,0.0,0.0,0.0,1.0,2.0,5,73.2350002799397,73.2350002799397,pobre,0,1,0.0,812.0,0.0,44.0,9,312,36324,2,1.0
98,0.0,0.0,0.0,1.0,3.0,5,73.2350002799397,73.2350002799397,pobre,0,1,0.0,812.0,0.0,44.0,10,312,36324,2,1.0
97,1.0,0.0,0.0,1.0,6.0,8,73.2350002799397,73.2350002799397,pobre,0,0,1000.0,873.0,1.0,50.0,15,312,36325,6,1.0
98,1.0,0.0,0.0,1.0,7.0,8,73.2350002799397,73.2350002799397,pobre,0,0,1000.0,873.0,1.0,50.0,16,312,36325,6,1.0
97,0.0,0.0,0.0,1.0,5.0,8,73.2350002799397,73.2350002799397,pobre,0,0,1000.0,873.0,1.0,50.0,13,312,36326,5,1.0
98,0.0,0.0,0.0,1.0,6.0,8,73.2350002799397,73.2350002799397,pobre,0,0,1000.0,873.0,1.0,50.0,14,312,36326,5,1.0
97,1.0,0.0,0.0,1.0,3.0,8,73.2350002799397,73.2350002799397,pobre,0,0,1000.0,873.0,1.0,50.0,11,312,36327,3,1.0
98,1.0,0.0,0.0,1.0,4.0,8,73.2350002799397,73.2350002799397,pobre,0,0,1000.0,873.0,1.0,50.0,12,312,36327,3,1.0
97,1.0,0.0,0.0,1.0,1.0,8,73.2350002799397,73.2350002799397,pobre,0,0,1000.0,873.0,1.0,50.0,9,312,36328,1,1.0
98,1.0,0.0,0.0,1.0,2.0,8,73.2350002799397,73.2350002799397,pobre,0,0,1000.0,873.0,1.0,50.0,10,312,36328,1,1.0
97,1.0,0.0,0.0,1.0,0.0,8,73.2350002799397,73.2350002799397,pobre,0,0,1000.0,873.0,1.0,50.0,6,312,36329,0,1.0
98,1.0,0.0,0.0,1.0,1.0,8,73.2350002799397,73.2350002799397,pobre,0,0,1000.0,873.0,1.0,50.0,7,312,36329,0,1.0
97,0.0,0.0,0.0,1.0,7.0,6,73.2350002799397,73.2350002799397,pobre,0,3,480.0,619.0,1.0,41.0,12,312,36330,7,1.0
98,0.0,0.0,0.0,1.0,7.0,6,73.2350002799397,73.2350002799397,pobre,0,3,480.0,619.0,1.0,41.0,13,312,36330,7,1.0
97,1.0,0.0,0.0,1.0,3.0,6,73.2350002799397,73.2350002799397,pobre,0,3,480.0,619.0,1.0,41.0,8,312,36331,3,1.0
98,1.0,0.0,0.0,1.0,3.0,6,73.2350002799397,73.2350002799397,pobre,0,3,480.0,619.0,1.0,41.0,9,312,36331,3,1.0
97,1.0,0.0,0.0,1.0,0.0,6,73.2350002799397,73.2350002799397,pobre,0,3,480.0,619.0,1.0,41.0,6,312,36332,0,1.0
98,1.0,0.0,0.0,1.0,1.0,6,73.2350002799397,73.2350002799397,pobre,0,3,480.0,619.0,1.0,41.0,7,312,36332,0,1.0
97,0.0,0.0,0.0,1.0,5.0,6,73.2350002799397,73.2350002799397,pobre,0,2,720.0,522.0,1.0,37.0,12,312,36333,5,1.0
98,0.0,0.0,0.0,1.0,6.0,6,73.2350002799397,73.2350002799397,pobre,0,2,720.0,522.0,1.0,37.0,13,312,36333,5,1.0
97,0.0,0.0,0.0,1.0,3.0,6,73.2350002799397,73.2350002799397,pobre,0,2,720.0,522.0,1.0,37.0,10,312,36334,3,1.0
98,0.0,0.0,0.0,1.0,4.0,6,73.2350002799397,73.2350002799397,pobre,0,2,720.0,522.0,1.0,37.0,11,312,36334,3,1.0
97,1.0,0.0,0.0,1.0,0.0,6,73.2350002799397,73.2350002799397,pobre,0,2,720.0,522.0,1.0,37.0,6,312,36335,0,1.0
98,1.0,0.0,0.0,1.0,1.0,6,73.2350002799397,73.2350002799397,pobre,0,2,720.0,522.0,1.0,37.0,7,312,36335,0,1.0
97,1.0,0.0,0.0,1.0,0.0,5,73.2350002799397,73.2350002799397,pobre,0,2,233.33333,665.0,1.0,43.0,7,312,36336,0,1.0
98,1.0,0.0,0.0,1.0,1.0,5,73.2350002799397,73.2350002799397,pobre,0,2,233.33333,665.0,1.0,43.0,8,312,36336,0,1.0
97,1.0,0.0,0.0,1.0,3.0,7,73.2350002799397,73.2350002799397,pobre,0,0,1600.0,639.0,1.0,41.0,11,312,36337,3,1.0
98,1.0,0.0,0.0,1.0,4.0,7,73.2350002799397,73.2350002799397,pobre,0,0,1600.0,639.0,1.0,41.0,12,312,36337,3,1.0
97,0.0,0.0,0.0,1.0,1.0,7,73.2350002799397,73.2350002799397,pobre,0,0,1600.0,639.0,1.0,41.0,11,312,36338,1,1.0
98,0.0,0.0,0.0,1.0,2.0,7,73.2350002799397,73.2350002799397,pobre,0,0,1600.0,639.0,1.0,41.0,12,312,36338,1,1.0
97,0.0,0.0,2.336,1.0,3.0,5,128.7302030177349,157.2221239421339,pobre,basal,2,720.0,616.5,1.0,29.0,9,254,36339,3,1.0
98,0.0,0.0,2.336,1.0,4.0,5,128.7302030177349,157.2221239421339,pobre,basal,2,720.0,616.5,1.0,29.0,10,254,36339,3,1.0
97,0.0,0.0,2.336,,0.0,5,128.7302030177349,157.2221239421339,pobre,basal,2,720.0,616.5,1.0,29.0,6,254,36340,0,
98,0.0,0.0,2.336,1.0,1.0,5,128.7302030177349,157.2221239421339,pobre,basal,2,720.0,616.5,1.0,29.0,7,254,36340,0,
97,1.0,0.0,2.336,,0.0,9,128.7302030177349,157.2221239421339,pobre,basal,2,750.0,643.25,1.0,42.0,16,254,36341,0,
98,1.0,0.0,2.336,0.0,2.0,9,128.7302030177349,157.2221239421339,pobre,basal,2,750.0,643.25,1.0,42.0,17,254,36341,0,
97,1.0,0.0,2.336,1.0,3.0,9,128.7302030177349,157.2221239421339,pobre,basal,2,750.0,643.25,1.0,42.0,13,254,36342,3,1.0
98,1.0,0.0,2.336,1.0,4.0,9,128.7302030177349,157.2221239421339,pobre,basal,2,750.0,643.25,1.0,42.0,14,254,36342,3,1.0
97,1.0,0.0,2.336,1.0,2.0,9,128.7302030177349,157.2221239421339,pobre,basal,2,750.0,643.25,1.0,42.0,11,254,36343,2,1.0
98,1.0,0.0,2.336,1.0,2.0,9,128.7302030177349,157.2221239421339,pobre,basal,2,750.0,643.25,1.0,42.0,12,254,36343,2,1.0
97,0.0,0.0,2.336,,0.0,9,128.7302030177349,157.2221239421339,pobre,basal,2,750.0,643.25,1.0,42.0,16,254,36344,0,
98,0.0,0.0,2.336,,,9,128.7302030177349,157.2221239421339,pobre,basal,2,750.0,643.25,1.0,42.0,17,254,36344,0,
97,0.0,0.0,2.336,1.0,1.0,3,128.7302030177349,157.2221239421339,pobre,basal,4,720.0,635.0,1.0,27.0,6,254,36345,1,1.0
98,0.0,0.0,2.336,1.0,1.0,3,128.7302030177349,157.2221239421339,pobre,basal,4,720.0,635.0,1.0,27.0,7,254,36345,1,1.0
97,1.0,0.0,2.336,0.0,5.0,8,128.7302030177349,157.2221239421339,pobre,basal,3,1200.0,536.0,1.0,44.0,13,254,36346,5,0.0
98,1.0,0.0,2.336,0.0,5.0,8,128.7302030177349,157.2221239421339,pobre,basal,3,1200.0,536.0,1.0,44.0,14,254,36346,5,0.0
97,1.0,0.0,2.336,1.0,3.0,8,128.7302030177349,157.2221239421339,pobre,basal,3,1200.0,536.0,1.0,44.0,10,254,36347,3,1.0
98,1.0,0.0,2.336,0.0,3.0,8,128.7302030177349,157.2221239421339,pobre,basal,3,1200.0,536.0,1.0,44.0,11,254,36347,3,1.0
97,1.0,0.0,2.336,1.0,1.0,8,128.7302030177349,157.2221239421339,pobre,basal,3,1200.0,536.0,1.0,44.0,8,254,36348,1,1.0
98,1.0,0.0,2.336,1.0,2.0,8,128.7302030177349,157.2221239421339,pobre,basal,3,1200.0,536.0,1.0,44.0,9,254,36348,1,1.0
97,1.0,0.0,2.336,1.0,4.0,4,128.7302030177349,157.2221239421339,pobre,basal,3,0.0,800.0,0.0,73.0,10,254,36349,4,1.0
98,1.0,0.0,2.336,1.0,5.0,4,128.7302030177349,157.2221239421339,pobre,basal,3,0.0,800.0,0.0,73.0,11,254,36349,4,1.0
97,1.0,0.0,2.336,1.0,3.0,4,128.7302030177349,157.2221239421339,pobre,basal,3,0.0,800.0,0.0,73.0,9,254,36350,3,1.0
98,1.0,0.0,2.336,1.0,4.0,4,128.7302030177349,157.2221239421339,pobre,basal,3,0.0,800.0,0.0,73.0,10,254,36350,3,1.0
97,1.0,0.0,2.336,1.0,2.0,7,128.7302030177349,157.2221239421339,pobre,basal,2,750.0,439.0,1.0,33.0,12,254,36351,2,1.0
98,1.0,0.0,2.336,1.0,2.0,7,128.7302030177349,157.2221239421339,pobre,basal,2,750.0,439.0,1.0,33.0,13,254,36351,2,1.0
97,1.0,0.0,2.336,1.0,1.0,7,128.7302030177349,157.2221239421339,pobre,basal,2,750.0,439.0,1.0,33.0,8,254,36352,1,1.0
98,1.0,0.0,2.336,1.0,1.0,7,128.7302030177349,157.2221239421339,pobre,basal,2,750.0,439.0,1.0,33.0,9,254,36352,1,1.0
97,1.0,0.0,2.336,1.0,1.0,7,128.7302030177349,157.2221239421339,pobre,basal,2,750.0,439.0,1.0,33.0,7,254,36353,1,1.0
98,1.0,0.0,2.336,1.0,1.0,7,128.7302030177349,157.2221239421339,pobre,basal,2,750.0,439.0,1.0,33.0,8,254,36353,1,1.0
97,0.0,0.0,2.336,1.0,1.0,7,128.7302030177349,157.2221239421339,pobre,basal,2,750.0,439.0,1.0,33.0,6,254,36354,1,1.0
98,0.0,0.0,2.336,1.0,1.0,7,128.7302030177349,157.2221239421339,pobre,basal,2,750.0,439.0,1.0,33.0,7,254,36354,1,1.0
97,1.0,0.0,2.336,1.0,1.0,5,128.7302030177349,157.2221239421339,pobre,basal,3,520.0,544.0,1.0,27.0,7,254,36355,1,1.0
98,1.0,0.0,2.336,1.0,2.0,5,128.7302030177349,157.2221239421339,pobre,basal,3,520.0,544.0,1.0,27.0,8,254,36355,1,1.0
97,1.0,0.0,0.0,1.0,8.0,3,73.2350002799397,73.2350002799397,pobre,0,0,750.0,800.0,1.0,48.0,15,312,36356,8,1.0
98,1.0,0.0,0.0,0.0,9.0,3,73.2350002799397,73.2350002799397,pobre,0,0,750.0,800.0,1.0,48.0,16,312,36356,8,1.0
97,0.0,0.0,2.336,1.0,6.0,5,128.7302030177349,157.2221239421339,pobre,basal,0,750.0,583.0,1.0,40.0,16,254,36357,6,1.0
98,0.0,0.0,2.336,,,5,128.7302030177349,157.2221239421339,pobre,basal,0,750.0,583.0,1.0,40.0,17,254,36357,6,1.0
97,1.0,0.0,2.336,1.0,5.0,5,128.7302030177349,157.2221239421339,pobre,basal,0,750.0,583.0,1.0,40.0,11,254,36358,5,1.0
98,1.0,0.0,2.336,1.0,5.0,5,128.7302030177349,157.2221239421339,pobre,basal,0,750.0,583.0,1.0,40.0,12,254,36358,5,1.0
97,1.0,0.0,2.336,1.0,5.0,5,128.7302030177349,157.2221239421339,pobre,basal,0,750.0,583.0,1.0,40.0,11,254,36359,5,1.0
98,1.0,0.0,2.336,1.0,5.0,5,128.7302030177349,157.2221239421339,pobre,basal,0,750.0,583.0,1.0,40.0,12,254,36359,5,1.0
97,0.0,0.0,2.336,1.0,6.0,5,128.7302030177349,157.2221239421339,pobre,basal,2,800.0,789.02002,1.0,57.0,13,254,36360,6,1.0
98,0.0,0.0,2.336,1.0,7.0,5,128.7302030177349,157.2221239421339,pobre,basal,2,800.0,789.02002,1.0,57.0,14,254,36360,6,1.0
97,1.0,0.0,2.665,1.0,10.0,7,125.0247496817782,154.2161304160682,pobre,basal,5,625.0,767.46997,1.0,39.0,16,253,36361,10,1.0
98,1.0,0.0,2.665,,,7,125.0247496817782,154.2161304160682,pobre,basal,5,625.0,767.46997,1.0,39.0,17,253,36361,10,1.0
97,0.0,0.0,2.665,1.0,8.0,7,125.0247496817782,154.2161304160682,pobre,basal,5,625.0,767.46997,1.0,39.0,14,253,36362,8,1.0
98,0.0,0.0,2.665,1.0,9.0,7,125.0247496817782,154.2161304160682,pobre,basal,5,625.0,767.46997,1.0,39.0,15,253,36362,8,1.0
97,1.0,0.0,2.665,1.0,0.0,7,125.0247496817782,154.2161304160682,pobre,basal,5,625.0,767.46997,1.0,39.0,6,253,36363,0,1.0
98,1.0,0.0,2.665,1.0,1.0,7,125.0247496817782,154.2161304160682,pobre,basal,5,625.0,767.46997,1.0,39.0,7,253,36363,0,1.0
97,0.0,0.0,2.665,1.0,10.0,6,125.0247496817782,154.2161304160682,pobre,basal,3,600.0,649.0,1.0,42.0,16,253,36364,10,1.0
98,0.0,0.0,2.665,,,6,125.0247496817782,154.2161304160682,pobre,basal,3,600.0,649.0,1.0,42.0,17,253,36364,10,1.0
97,1.0,0.0,2.665,1.0,4.0,6,125.0247496817782,154.2161304160682,pobre,basal,3,600.0,649.0,1.0,42.0,12,253,36365,4,1.0
98,1.0,0.0,2.665,1.0,5.0,6,125.0247496817782,154.2161304160682,pobre,basal,3,600.0,649.0,1.0,42.0,13,253,36365,4,1.0
97,0.0,0.0,2.665,0.0,9.0,5,125.0247496817782,154.2161304160682,no pobre,basal,2,600.0,816.66998,1.0,42.0,16,253,36366,9,0.0
98,0.0,0.0,2.665,,,5,125.0247496817782,154.2161304160682,no pobre,basal,2,600.0,816.66998,1.0,42.0,17,253,36366,9,0.0
97,1.0,0.0,2.665,1.0,3.0,5,125.0247496817782,154.2161304160682,no pobre,basal,2,600.0,816.66998,1.0,42.0,9,253,36367,3,1.0
98,1.0,0.0,2.665,1.0,4.0,5,125.0247496817782,154.2161304160682,no pobre,basal,2,600.0,816.66998,1.0,42.0,10,253,36367,3,1.0
97,0.0,0.0,2.665,1.0,6.0,8,125.0247496817782,154.2161304160682,pobre,basal,6,500.0,593.0,1.0,34.0,13,253,36368,6,1.0
98,0.0,0.0,2.665,1.0,7.0,8,125.0247496817782,154.2161304160682,pobre,basal,6,500.0,593.0,1.0,34.0,14,253,36368,6,1.0
97,1.0,0.0,2.665,1.0,4.0,8,125.0247496817782,154.2161304160682,pobre,basal,6,500.0,593.0,1.0,34.0,11,253,36369,4,1.0
98,1.0,0.0,2.665,1.0,5.0,8,125.0247496817782,154.2161304160682,pobre,basal,6,500.0,593.0,1.0,34.0,12,253,36369,4,1.0
97,1.0,0.0,2.665,1.0,2.0,8,125.0247496817782,154.2161304160682,pobre,basal,6,500.0,593.0,1.0,34.0,9,253,36370,2,1.0
98,1.0,0.0,2.665,1.0,3.0,8,125.0247496817782,154.2161304160682,pobre,basal,6,500.0,593.0,1.0,34.0,10,253,36370,2,1.0
97,0.0,0.0,2.665,1.0,1.0,8,125.0247496817782,154.2161304160682,pobre,basal,6,500.0,593.0,1.0,34.0,7,253,36371,1,1.0
98,0.0,0.0,2.665,1.0,2.0,8,125.0247496817782,154.2161304160682,pobre,basal,6,500.0,593.0,1.0,34.0,8,253,36371,1,1.0
97,0.0,0.0,2.665,0.0,6.0,2,125.0247496817782,154.2161304160682,no pobre,basal,6,500.0,781.0,0.0,49.0,13,253,36372,6,0.0
98,0.0,0.0,2.665,1.0,6.0,2,125.0247496817782,154.2161304160682,no pobre,basal,6,500.0,781.0,0.0,49.0,14,253,36372,6,0.0
97,1.0,0.0,2.665,1.0,7.0,7,125.0247496817782,154.2161304160682,pobre,basal,9,875.0,659.0,1.0,32.0,13,253,36373,7,1.0
98,1.0,0.0,2.665,1.0,8.0,7,125.0247496817782,154.2161304160682,pobre,basal,9,875.0,659.0,1.0,32.0,14,253,36373,7,1.0
97,1.0,0.0,2.665,1.0,4.0,7,125.0247496817782,154.2161304160682,pobre,basal,9,875.0,659.0,1.0,32.0,10,253,36374,4,1.0
98,1.0,0.0,2.665,,,7,125.0247496817782,154.2161304160682,pobre,basal,9,875.0,659.0,1.0,32.0,11,253,36374,4,1.0
97,0.0,0.0,2.665,1.0,2.0,7,125.0247496817782,154.2161304160682,no pobre,basal,2,600.0,899.5,1.0,53.0,8,253,36375,2,1.0
98,0.0,0.0,2.665,1.0,3.0,7,125.0247496817782,154.2161304160682,no pobre,basal,2,600.0,899.5,1.0,53.0,9,253,36375,2,1.0
97,0.0,0.0,2.665,1.0,9.0,4,125.0247496817782,154.2161304160682,no pobre,basal,9,500.0,780.0,1.0,42.0,15,253,36376,9,1.0
98,0.0,0.0,2.665,1.0,10.0,4,125.0247496817782,154.2161304160682,no pobre,basal,9,500.0,780.0,1.0,42.0,16,253,36376,9,1.0
97,0.0,0.0,2.665,1.0,5.0,4,125.0247496817782,154.2161304160682,no pobre,basal,9,500.0,780.0,1.0,42.0,12,253,36377,5,1.0
98,0.0,0.0,2.665,1.0,6.0,4,125.0247496817782,154.2161304160682,no pobre,basal,9,500.0,780.0,1.0,42.0,13,253,36377,5,1.0
97,1.0,0.0,2.665,1.0,9.0,5,125.0247496817782,154.2161304160682,pobre,basal,3,208.33333,725.0,1.0,42.0,15,253,36378,9,1.0
98,1.0,0.0,2.665,,,5,125.0247496817782,154.2161304160682,pobre,basal,3,208.33333,725.0,1.0,42.0,16,253,36378,9,1.0
97,0.0,0.0,2.665,1.0,6.0,5,125.0247496817782,154.2161304160682,pobre,basal,3,208.33333,725.0,1.0,42.0,13,253,36379,6,1.0
98,0.0,0.0,2.665,1.0,7.0,5,125.0247496817782,154.2161304160682,pobre,basal,3,208.33333,725.0,1.0,42.0,14,253,36379,6,1.0
97,0.0,0.0,2.665,1.0,1.0,5,125.0247496817782,154.2161304160682,pobre,basal,3,208.33333,725.0,1.0,42.0,7,253,36380,1,1.0
98,0.0,0.0,2.665,1.0,2.0,5,125.0247496817782,154.2161304160682,pobre,basal,3,208.33333,725.0,1.0,42.0,8,253,36380,1,1.0
97,1.0,0.0,2.665,1.0,7.0,4,125.0247496817782,154.2161304160682,no pobre,basal,6,166.66667,954.0,1.0,63.0,11,253,36381,7,1.0
98,1.0,0.0,2.665,1.0,8.0,4,125.0247496817782,154.2161304160682,no pobre,basal,6,166.66667,954.0,1.0,63.0,12,253,36381,7,1.0
97,1.0,0.0,2.665,0.0,6.0,3,125.0247496817782,154.2161304160682,no pobre,basal,2,500.0,773.5,1.0,61.0,16,253,36382,6,0.0
98,1.0,0.0,2.665,,,3,125.0247496817782,154.2161304160682,no pobre,basal,2,500.0,773.5,1.0,61.0,17,253,36382,6,0.0
97,0.0,0.0,2.665,1.0,5.0,6,125.0247496817782,154.2161304160682,pobre,basal,6,500.0,594.0,1.0,39.0,11,253,36383,5,1.0
98,0.0,0.0,2.665,1.0,6.0,6,125.0247496817782,154.2161304160682,pobre,basal,6,500.0,594.0,1.0,39.0,12,253,36383,5,1.0
97,0.0,0.0,2.665,1.0,1.0,6,125.0247496817782,154.2161304160682,pobre,basal,6,500.0,594.0,1.0,39.0,7,253,36384,1,1.0
98,0.0,0.0,2.665,1.0,2.0,6,125.0247496817782,154.2161304160682,pobre,basal,6,500.0,594.0,1.0,39.0,8,253,36384,1,1.0
97,1.0,0.0,2.665,0.0,6.0,4,125.0247496817782,154.2161304160682,pobre,basal,6,500.0,707.0,1.0,43.0,15,253,36385,6,0.0
98,1.0,0.0,2.665,0.0,6.0,4,125.0247496817782,154.2161304160682,pobre,basal,6,500.0,707.0,1.0,43.0,16,253,36385,6,0.0
97,0.0,0.0,2.665,1.0,5.0,9,125.0247496817782,154.2161304160682,no pobre,basal,6,1250.0,916.25,1.0,46.0,11,253,36386,5,1.0
98,0.0,0.0,2.665,1.0,2.0,9,125.0247496817782,154.2161304160682,no pobre,basal,6,1250.0,916.25,1.0,46.0,12,253,36386,5,1.0
97,0.0,0.0,2.665,1.0,0.0,9,125.0247496817782,154.2161304160682,no pobre,basal,6,1250.0,916.25,1.0,46.0,6,253,36387,0,1.0
98,0.0,0.0,2.665,1.0,1.0,9,125.0247496817782,154.2161304160682,no pobre,basal,6,1250.0,916.25,1.0,46.0,7,253,36387,0,1.0
97,1.0,0.0,2.665,0.0,9.0,5,125.0247496817782,154.2161304160682,no pobre,basal,5,600.0,779.5,1.0,50.0,16,253,36388,9,0.0
98,1.0,0.0,2.665,0.0,9.0,5,125.0247496817782,154.2161304160682,no pobre,basal,5,600.0,779.5,1.0,50.0,17,253,36388,9,0.0
97,1.0,0.0,2.665,1.0,6.0,5,125.0247496817782,154.2161304160682,no pobre,basal,5,600.0,779.5,1.0,50.0,14,253,36389,6,1.0
98,1.0,0.0,2.665,1.0,7.0,5,125.0247496817782,154.2161304160682,no pobre,basal,5,600.0,779.5,1.0,50.0,15,253,36389,6,1.0
97,1.0,0.0,2.665,1.0,3.0,4,125.0247496817782,154.2161304160682,no pobre,basal,4,625.0,793.0,1.0,43.0,10,253,36390,3,1.0
98,1.0,0.0,2.665,,,4,125.0247496817782,154.2161304160682,no pobre,basal,4,625.0,793.0,1.0,43.0,11,253,36390,3,1.0
97,0.0,0.0,2.665,1.0,3.0,4,125.0247496817782,154.2161304160682,no pobre,basal,4,625.0,793.0,1.0,43.0,9,253,36391,3,1.0
98,0.0,0.0,2.665,,,4,125.0247496817782,154.2161304160682,no pobre,basal,4,625.0,793.0,1.0,43.0,10,253,36391,3,1.0
97,1.0,0.0,0.0,1.0,8.0,10,73.2350002799397,73.2350002799397,pobre,0,2,750.0,998.0,1.0,54.0,15,312,36392,8,1.0
98,1.0,0.0,0.0,0.0,9.0,10,73.2350002799397,73.2350002799397,pobre,0,2,750.0,998.0,1.0,54.0,16,312,36392,8,1.0
97,0.0,0.0,0.0,1.0,3.0,10,73.2350002799397,73.2350002799397,pobre,0,2,750.0,998.0,1.0,54.0,14,312,36393,3,1.0
98,0.0,0.0,0.0,1.0,4.0,10,73.2350002799397,73.2350002799397,pobre,0,2,750.0,998.0,1.0,54.0,15,312,36393,3,1.0
97,1.0,0.0,0.0,1.0,3.0,10,73.2350002799397,73.2350002799397,pobre,0,2,750.0,998.0,1.0,54.0,9,312,36394,3,1.0
98,1.0,0.0,0.0,1.0,4.0,10,73.2350002799397,73.2350002799397,pobre,0,2,750.0,998.0,1.0,54.0,10,312,36394,3,1.0
97,1.0,0.0,0.0,1.0,3.0,10,73.2350002799397,73.2350002799397,pobre,0,2,750.0,998.0,1.0,54.0,12,312,36395,3,1.0
98,1.0,0.0,0.0,1.0,4.0,10,73.2350002799397,73.2350002799397,pobre,0,2,750.0,998.0,1.0,54.0,13,312,36395,3,1.0
97,1.0,0.0,0.0,1.0,0.0,10,73.2350002799397,73.2350002799397,pobre,0,2,750.0,998.0,1.0,54.0,9,312,36396,0,1.0
98,1.0,0.0,0.0,1.0,4.0,10,73.2350002799397,73.2350002799397,pobre,0,2,750.0,998.0,1.0,54.0,10,312,36396,0,1.0
97,1.0,0.0,2.665,0.0,6.0,6,125.0247496817782,154.2161304160682,no pobre,basal,6,40.0,785.0,0.0,37.0,16,253,36397,6,0.0
98,1.0,0.0,2.665,0.0,6.0,6,125.0247496817782,154.2161304160682,no pobre,basal,6,40.0,785.0,0.0,37.0,17,253,36397,6,0.0
97,1.0,0.0,2.665,1.0,6.0,6,125.0247496817782,154.2161304160682,no pobre,basal,6,40.0,785.0,0.0,37.0,15,253,36398,6,1.0
98,1.0,0.0,2.665,1.0,7.0,6,125.0247496817782,154.2161304160682,no pobre,basal,6,40.0,785.0,0.0,37.0,16,253,36398,6,1.0
97,1.0,0.0,2.665,1.0,4.0,6,125.0247496817782,154.2161304160682,no pobre,basal,6,40.0,785.0,0.0,37.0,12,253,36399,4,1.0
98,1.0,0.0,2.665,1.0,5.0,6,125.0247496817782,154.2161304160682,no pobre,basal,6,40.0,785.0,0.0,37.0,13,253,36399,4,1.0
97,0.0,0.0,2.665,1.0,3.0,6,125.0247496817782,154.2161304160682,no pobre,basal,6,40.0,785.0,0.0,37.0,10,253,36400,3,1.0
98,0.0,0.0,2.665,1.0,4.0,6,125.0247496817782,154.2161304160682,no pobre,basal,6,40.0,785.0,0.0,37.0,11,253,36400,3,1.0
97,0.0,0.0,2.665,1.0,0.0,6,125.0247496817782,154.2161304160682,no pobre,basal,6,40.0,785.0,0.0,37.0,7,253,36401,0,1.0
98,0.0,0.0,2.665,1.0,1.0,6,125.0247496817782,154.2161304160682,no pobre,basal,6,40.0,785.0,0.0,37.0,8,253,36401,0,1.0
97,0.0,0.0,2.665,1.0,3.0,4,125.0247496817782,154.2161304160682,no pobre,basal,10,400.0,903.0,1.0,29.0,9,253,36402,3,1.0
98,0.0,0.0,2.665,1.0,4.0,4,125.0247496817782,154.2161304160682,no pobre,basal,10,400.0,903.0,1.0,29.0,10,253,36402,3,1.0
97,0.0,0.0,2.665,1.0,2.0,4,125.0247496817782,154.2161304160682,no pobre,basal,10,400.0,903.0,1.0,29.0,8,253,36403,2,1.0
98,0.0,0.0,2.665,1.0,3.0,4,125.0247496817782,154.2161304160682,no pobre,basal,10,400.0,903.0,1.0,29.0,9,253,36403,2,1.0
97,1.0,0.0,2.665,0.0,6.0,8,125.0247496817782,154.2161304160682,pobre,basal,6,625.0,619.0,1.0,54.0,14,253,36404,6,0.0
98,1.0,0.0,2.665,0.0,6.0,8,125.0247496817782,154.2161304160682,pobre,basal,6,625.0,619.0,1.0,54.0,15,253,36404,6,0.0
97,1.0,0.0,2.665,0.0,5.0,8,125.0247496817782,154.2161304160682,pobre,basal,6,625.0,619.0,1.0,54.0,12,253,36405,5,0.0
98,1.0,0.0,2.665,0.0,5.0,8,125.0247496817782,154.2161304160682,pobre,basal,6,625.0,619.0,1.0,54.0,13,253,36405,5,0.0
97,0.0,0.0,2.665,1.0,3.0,8,125.0247496817782,154.2161304160682,pobre,basal,6,625.0,619.0,1.0,54.0,10,253,36406,3,1.0
98,0.0,0.0,2.665,1.0,4.0,8,125.0247496817782,154.2161304160682,pobre,basal,6,625.0,619.0,1.0,54.0,11,253,36406,3,1.0
97,1.0,0.0,2.665,1.0,3.0,8,125.0247496817782,154.2161304160682,pobre,basal,6,625.0,619.0,1.0,54.0,7,253,36407,3,1.0
98,1.0,0.0,2.665,1.0,1.0,8,125.0247496817782,154.2161304160682,pobre,basal,6,625.0,619.0,1.0,54.0,8,253,36407,3,1.0
97,0.0,0.0,2.665,1.0,6.0,8,125.0247496817782,154.2161304160682,pobre,basal,6,800.0,808.0,1.0,55.0,14,253,36408,6,1.0
98,0.0,0.0,2.665,1.0,7.0,8,125.0247496817782,154.2161304160682,pobre,basal,6,800.0,808.0,1.0,55.0,15,253,36408,6,1.0
97,1.0,0.0,2.665,1.0,4.0,8,125.0247496817782,154.2161304160682,pobre,basal,6,800.0,808.0,1.0,55.0,11,253,36409,4,1.0
98,1.0,0.0,2.665,1.0,6.0,8,125.0247496817782,154.2161304160682,pobre,basal,6,800.0,808.0,1.0,55.0,12,253,36409,4,1.0
97,1.0,0.0,2.665,1.0,3.0,8,125.0247496817782,154.2161304160682,pobre,basal,6,800.0,808.0,1.0,55.0,11,253,36410,3,1.0
98,1.0,0.0,2.665,1.0,4.0,8,125.0247496817782,154.2161304160682,pobre,basal,6,800.0,808.0,1.0,55.0,12,253,36410,3,1.0
97,0.0,0.0,2.665,1.0,2.0,5,125.0247496817782,154.2161304160682,pobre,basal,10,625.0,684.0,1.0,32.0,8,253,36411,2,1.0
98,0.0,0.0,2.665,1.0,3.0,5,125.0247496817782,154.2161304160682,pobre,basal,10,625.0,684.0,1.0,32.0,9,253,36411,2,1.0
97,0.0,0.0,2.665,1.0,2.0,5,125.0247496817782,154.2161304160682,pobre,basal,10,625.0,684.0,1.0,32.0,8,253,36412,2,1.0
98,0.0,0.0,2.665,1.0,0.0,5,125.0247496817782,154.2161304160682,pobre,basal,10,625.0,684.0,1.0,32.0,9,253,36412,2,1.0
97,0.0,0.0,2.665,0.0,6.0,14,125.0247496817782,154.2161304160682,pobre,basal,3,500.0,286.0,1.0,48.0,15,253,36413,6,0.0
98,0.0,0.0,2.665,0.0,6.0,14,125.0247496817782,154.2161304160682,pobre,basal,3,500.0,286.0,1.0,48.0,16,253,36413,6,0.0
97,0.0,0.0,2.665,1.0,6.0,14,125.0247496817782,154.2161304160682,pobre,basal,3,500.0,286.0,1.0,48.0,13,253,36414,6,1.0
98,0.0,0.0,2.665,0.0,6.0,14,125.0247496817782,154.2161304160682,pobre,basal,3,500.0,286.0,1.0,48.0,14,253,36414,6,1.0
97,0.0,0.0,2.665,1.0,4.0,14,125.0247496817782,154.2161304160682,pobre,basal,3,500.0,286.0,1.0,48.0,12,253,36415,4,1.0
98,0.0,0.0,2.665,1.0,4.0,14,125.0247496817782,154.2161304160682,pobre,basal,3,500.0,286.0,1.0,48.0,13,253,36415,4,1.0
97,0.0,0.0,2.665,1.0,2.0,14,125.0247496817782,154.2161304160682,pobre,basal,3,500.0,286.0,1.0,48.0,11,253,36416,2,1.0
98,0.0,0.0,2.665,1.0,2.0,14,125.0247496817782,154.2161304160682,pobre,basal,3,500.0,286.0,1.0,48.0,12,253,36416,2,1.0
97,0.0,0.0,2.665,1.0,1.0,14,125.0247496817782,154.2161304160682,pobre,basal,3,500.0,286.0,1.0,48.0,9,253,36417,1,1.0
98,0.0,0.0,2.665,1.0,2.0,14,125.0247496817782,154.2161304160682,pobre,basal,3,500.0,286.0,1.0,48.0,10,253,36417,1,1.0
97,1.0,0.0,2.665,1.0,1.0,14,125.0247496817782,154.2161304160682,pobre,basal,3,500.0,286.0,1.0,48.0,8,253,36418,1,1.0
98,1.0,0.0,2.665,1.0,2.0,14,125.0247496817782,154.2161304160682,pobre,basal,3,500.0,286.0,1.0,48.0,9,253,36418,1,1.0
97,0.0,0.0,0.0,1.0,1.0,5,73.2350002799397,73.2350002799397,pobre,0,8,1600.0,730.0,1.0,31.0,7,312,36419,1,1.0
98,0.0,0.0,0.0,1.0,2.0,5,73.2350002799397,73.2350002799397,pobre,0,8,1600.0,730.0,1.0,31.0,8,312,36419,1,1.0
97,0.0,0.0,0.0,0.0,6.0,5,73.2350002799397,73.2350002799397,pobre,0,0,750.0,737.0,1.0,40.0,15,312,36420,6,0.0
98,0.0,0.0,0.0,0.0,6.0,5,73.2350002799397,73.2350002799397,pobre,0,0,750.0,737.0,1.0,40.0,16,312,36420,6,0.0
97,1.0,0.0,0.0,1.0,7.0,5,73.2350002799397,73.2350002799397,pobre,0,0,750.0,737.0,1.0,40.0,14,312,36421,7,1.0
98,1.0,0.0,0.0,1.0,8.0,5,73.2350002799397,73.2350002799397,pobre,0,0,750.0,737.0,1.0,40.0,15,312,36421,7,1.0
97,1.0,0.0,0.0,1.0,8.0,6,73.2350002799397,73.2350002799397,pobre,0,0,2400.0,970.0,1.0,43.0,15,312,36422,8,1.0
98,1.0,0.0,0.0,0.0,9.0,6,73.2350002799397,73.2350002799397,pobre,0,0,2400.0,970.0,1.0,43.0,16,312,36422,8,1.0
97,1.0,0.0,0.0,1.0,4.0,6,73.2350002799397,73.2350002799397,pobre,0,0,2400.0,970.0,1.0,43.0,11,312,36423,4,1.0
98,1.0,0.0,0.0,1.0,5.0,6,73.2350002799397,73.2350002799397,pobre,0,0,2400.0,970.0,1.0,43.0,12,312,36423,4,1.0
97,1.0,0.0,0.0,1.0,2.0,6,73.2350002799397,73.2350002799397,pobre,0,0,2400.0,970.0,1.0,43.0,8,312,36424,2,1.0
98,1.0,0.0,0.0,1.0,3.0,6,73.2350002799397,73.2350002799397,pobre,0,0,2400.0,970.0,1.0,43.0,9,312,36424,2,1.0
97,1.0,0.0,0.0,1.0,4.0,4,73.2350002799397,73.2350002799397,no pobre,0,0,0.0,1037.0,0.0,57.0,11,312,36425,4,1.0
98,1.0,0.0,0.0,1.0,5.0,4,73.2350002799397,73.2350002799397,no pobre,0,0,0.0,1037.0,0.0,57.0,12,312,36425,4,1.0
97,0.0,0.0,0.0,1.0,2.0,4,73.2350002799397,73.2350002799397,no pobre,0,0,0.0,1037.0,0.0,57.0,9,312,36426,2,1.0
98,0.0,0.0,0.0,1.0,3.0,4,73.2350002799397,73.2350002799397,no pobre,0,0,0.0,1037.0,0.0,57.0,10,312,36426,2,1.0
97,0.0,0.0,0.0,1.0,6.0,8,73.2350002799397,73.2350002799397,pobre,0,6,2000.0,931.0,1.0,44.0,12,312,36427,6,1.0
98,0.0,0.0,0.0,,,8,73.2350002799397,73.2350002799397,pobre,0,6,2000.0,931.0,1.0,44.0,13,312,36427,6,1.0
97,0.0,0.0,0.0,1.0,3.0,8,73.2350002799397,73.2350002799397,pobre,0,6,2000.0,931.0,1.0,44.0,9,312,36428,3,1.0
98,0.0,0.0,0.0,,,8,73.2350002799397,73.2350002799397,pobre,0,6,2000.0,931.0,1.0,44.0,10,312,36428,3,1.0
97,0.0,0.0,0.0,1.0,6.0,5,73.2350002799397,73.2350002799397,pobre,0,2,750.0,748.0,1.0,39.0,13,312,36429,6,1.0
98,0.0,0.0,0.0,1.0,7.0,5,73.2350002799397,73.2350002799397,pobre,0,2,750.0,748.0,1.0,39.0,14,312,36429,6,1.0
97,1.0,0.0,0.0,1.0,2.0,5,73.2350002799397,73.2350002799397,pobre,0,2,750.0,748.0,1.0,39.0,9,312,36430,2,1.0
98,1.0,0.0,0.0,1.0,3.0,5,73.2350002799397,73.2350002799397,pobre,0,2,750.0,748.0,1.0,39.0,10,312,36430,2,1.0
97,1.0,0.0,0.0,1.0,6.0,4,73.2350002799397,73.2350002799397,no pobre,0,2,750.0,1157.0,1.0,65.0,13,312,36431,6,1.0
98,1.0,0.0,0.0,1.0,7.0,4,73.2350002799397,73.2350002799397,no pobre,0,2,750.0,1157.0,1.0,65.0,14,312,36431,6,1.0
97,0.0,0.0,0.0,1.0,8.0,7,73.2350002799397,73.2350002799397,no pobre,0,1,375.0,1216.25,1.0,53.0,15,312,36432,8,1.0
98,0.0,0.0,0.0,1.0,9.0,7,73.2350002799397,73.2350002799397,no pobre,0,1,375.0,1216.25,1.0,53.0,16,312,36432,8,1.0
97,0.0,0.0,0.0,1.0,7.0,7,73.2350002799397,73.2350002799397,no pobre,0,1,375.0,1216.25,1.0,53.0,13,312,36433,7,1.0
98,0.0,0.0,0.0,1.0,8.0,7,73.2350002799397,73.2350002799397,no pobre,0,1,375.0,1216.25,1.0,53.0,14,312,36433,7,1.0
97,0.0,0.0,0.0,1.0,2.0,4,73.2350002799397,73.2350002799397,no pobre,0,13,3200.0,1079.0,1.0,41.0,8,312,36434,2,1.0
98,0.0,0.0,0.0,,,4,73.2350002799397,73.2350002799397,no pobre,0,13,3200.0,1079.0,1.0,41.0,9,312,36434,2,1.0
97,1.0,0.0,0.0,1.0,0.0,4,73.2350002799397,73.2350002799397,no pobre,0,13,3200.0,1079.0,1.0,41.0,6,312,36435,0,1.0
98,1.0,0.0,0.0,,,4,73.2350002799397,73.2350002799397,no pobre,0,13,3200.0,1079.0,1.0,41.0,7,312,36435,0,1.0
97,1.0,0.0,0.0,1.0,9.0,5,73.2350002799397,73.2350002799397,pobre,0,2,666.66669,936.5,1.0,40.0,16,312,36436,9,1.0
98,1.0,0.0,0.0,,,5,73.2350002799397,73.2350002799397,pobre,0,2,666.66669,936.5,1.0,40.0,17,312,36436,9,1.0
97,0.0,0.0,0.0,1.0,8.0,5,73.2350002799397,73.2350002799397,pobre,0,2,666.66669,936.5,1.0,40.0,14,312,36437,8,1.0
98,0.0,0.0,0.0,1.0,8.0,5,73.2350002799397,73.2350002799397,pobre,0,2,666.66669,936.5,1.0,40.0,15,312,36437,8,1.0
97,0.0,0.0,2.336,1.0,4.0,10,128.7302030177349,157.2221239421339,pobre,basal,0,600.0,546.5,1.0,48.0,13,254,36438,4,1.0
98,0.0,0.0,2.336,1.0,5.0,10,128.7302030177349,157.2221239421339,pobre,basal,0,600.0,546.5,1.0,48.0,14,254,36438,4,1.0
97,0.0,0.0,2.336,1.0,4.0,10,128.7302030177349,157.2221239421339,pobre,basal,0,600.0,546.5,1.0,48.0,12,254,36439,4,1.0
98,0.0,0.0,2.336,1.0,4.0,10,128.7302030177349,157.2221239421339,pobre,basal,0,600.0,546.5,1.0,48.0,13,254,36439,4,1.0
97,0.0,0.0,2.336,1.0,3.0,10,128.7302030177349,157.2221239421339,pobre,basal,0,600.0,546.5,1.0,48.0,10,254,36440,3,1.0
98,0.0,0.0,2.336,1.0,3.0,10,128.7302030177349,157.2221239421339,pobre,basal,0,600.0,546.5,1.0,48.0,11,254,36440,3,1.0
97,1.0,0.0,2.336,1.0,1.0,10,128.7302030177349,157.2221239421339,pobre,basal,0,600.0,546.5,1.0,48.0,8,254,36441,1,1.0
98,1.0,0.0,2.336,1.0,2.0,10,128.7302030177349,157.2221239421339,pobre,basal,0,600.0,546.5,1.0,48.0,9,254,36441,1,1.0
97,0.0,0.0,2.336,1.0,1.0,10,128.7302030177349,157.2221239421339,pobre,basal,0,600.0,546.5,1.0,48.0,6,254,36442,1,1.0
98,0.0,0.0,2.336,1.0,1.0,10,128.7302030177349,157.2221239421339,pobre,basal,0,600.0,546.5,1.0,48.0,7,254,36442,1,1.0
97,1.0,0.0,2.665,1.0,6.0,5,125.0247496817782,154.2161304160682,no pobre,basal,12,2400.0,778.0,1.0,35.0,12,253,36443,6,1.0
98,1.0,0.0,2.665,1.0,7.0,5,125.0247496817782,154.2161304160682,no pobre,basal,12,2400.0,778.0,1.0,35.0,13,253,36443,6,1.0
97,0.0,0.0,2.665,1.0,6.0,5,125.0247496817782,154.2161304160682,no pobre,basal,12,2400.0,778.0,1.0,35.0,12,253,36444,6,1.0
98,0.0,0.0,2.665,1.0,7.0,5,125.0247496817782,154.2161304160682,no pobre,basal,12,2400.0,778.0,1.0,35.0,13,253,36444,6,1.0
97,1.0,0.0,2.665,1.0,2.0,5,125.0247496817782,154.2161304160682,no pobre,basal,12,2400.0,778.0,1.0,35.0,7,253,36445,2,1.0
98,1.0,0.0,2.665,1.0,3.0,5,125.0247496817782,154.2161304160682,no pobre,basal,12,2400.0,778.0,1.0,35.0,8,253,36445,2,1.0
97,0.0,0.0,0.0,0.0,6.0,11,73.2350002799397,73.2350002799397,pobre,0,0,2000.0,659.0,1.0,45.0,16,312,36446,6,0.0
98,0.0,0.0,0.0,,,11,73.2350002799397,73.2350002799397,pobre,0,0,2000.0,659.0,1.0,45.0,17,312,36446,6,0.0
97,1.0,0.0,0.0,1.0,7.0,11,73.2350002799397,73.2350002799397,pobre,0,0,2000.0,659.0,1.0,45.0,14,312,36447,7,1.0
98,1.0,0.0,0.0,1.0,8.0,11,73.2350002799397,73.2350002799397,pobre,0,0,2000.0,659.0,1.0,45.0,15,312,36447,7,1.0
97,0.0,0.0,0.0,1.0,3.0,11,73.2350002799397,73.2350002799397,pobre,0,0,2000.0,659.0,1.0,45.0,10,312,36448,3,1.0
98,0.0,0.0,0.0,1.0,4.0,11,73.2350002799397,73.2350002799397,pobre,0,0,2000.0,659.0,1.0,45.0,11,312,36448,3,1.0
97,0.0,0.0,0.0,1.0,2.0,11,73.2350002799397,73.2350002799397,pobre,0,0,2000.0,659.0,1.0,45.0,9,312,36449,2,1.0
98,0.0,0.0,0.0,1.0,3.0,11,73.2350002799397,73.2350002799397,pobre,0,0,2000.0,659.0,1.0,45.0,10,312,36449,2,1.0
97,1.0,0.0,0.0,1.0,0.0,11,73.2350002799397,73.2350002799397,pobre,0,0,2000.0,659.0,1.0,45.0,6,312,36450,0,1.0
98,1.0,0.0,0.0,1.0,0.0,11,73.2350002799397,73.2350002799397,pobre,0,0,2000.0,659.0,1.0,45.0,7,312,36450,0,1.0
97,1.0,0.0,2.336,1.0,1.0,5,128.7302030177349,157.2221239421339,pobre,basal,2,800.0,905.66998,0.0,53.0,9,254,36451,1,1.0
98,1.0,0.0,2.336,,,5,128.7302030177349,157.2221239421339,pobre,basal,2,800.0,905.66998,0.0,53.0,10,254,36451,1,1.0
97,0.0,0.0,2.336,0.0,6.0,3,128.7302030177349,157.2221239421339,pobre,basal,0,400.0,642.0,1.0,55.0,13,254,36452,6,0.0
98,0.0,0.0,2.336,0.0,6.0,3,128.7302030177349,157.2221239421339,pobre,basal,0,400.0,642.0,1.0,55.0,14,254,36452,6,0.0
97,1.0,0.0,2.336,1.0,1.0,5,128.7302030177349,157.2221239421339,pobre,basal,0,600.0,667.5,1.0,50.0,6,254,36453,1,1.0
98,1.0,0.0,2.336,1.0,1.0,5,128.7302030177349,157.2221239421339,pobre,basal,0,600.0,667.5,1.0,50.0,7,254,36453,1,1.0
97,0.0,1.0,2.336,1.0,2.0,6,128.7302030177349,157.2221239421339,pobre,basal,0,480.0,504.0,1.0,32.0,9,254,36454,2,1.0
98,0.0,1.0,2.336,1.0,2.0,6,128.7302030177349,157.2221239421339,pobre,basal,0,480.0,504.0,1.0,32.0,10,254,36454,2,1.0
97,0.0,1.0,2.336,1.0,1.0,6,128.7302030177349,157.2221239421339,pobre,basal,0,480.0,504.0,1.0,32.0,6,254,36455,1,1.0
98,0.0,1.0,2.336,1.0,0.0,6,128.7302030177349,157.2221239421339,pobre,basal,0,480.0,504.0,1.0,32.0,7,254,36455,1,1.0
97,1.0,0.0,2.336,1.0,5.0,5,128.7302030177349,157.2221239421339,pobre,basal,0,750.0,551.0,1.0,50.0,13,254,36456,5,1.0
98,1.0,0.0,2.336,1.0,6.0,5,128.7302030177349,157.2221239421339,pobre,basal,0,750.0,551.0,1.0,50.0,14,254,36456,5,1.0
97,0.0,0.0,2.336,1.0,1.0,5,128.7302030177349,157.2221239421339,pobre,basal,0,750.0,551.0,1.0,50.0,6,254,36457,1,1.0
98,0.0,0.0,2.336,1.0,1.0,5,128.7302030177349,157.2221239421339,pobre,basal,0,750.0,551.0,1.0,50.0,7,254,36457,1,1.0
97,0.0,1.0,2.336,,0.0,11,128.7302030177349,157.2221239421339,pobre,basal,0,750.0,641.67999,1.0,39.0,16,254,36458,0,
98,0.0,1.0,2.336,,,11,128.7302030177349,157.2221239421339,pobre,basal,0,750.0,641.67999,1.0,39.0,17,254,36458,0,
97,1.0,1.0,2.336,1.0,2.0,11,128.7302030177349,157.2221239421339,pobre,basal,0,750.0,641.67999,1.0,39.0,14,254,36459,2,1.0
98,1.0,1.0,2.336,1.0,3.0,11,128.7302030177349,157.2221239421339,pobre,basal,0,750.0,641.67999,1.0,39.0,15,254,36459,2,1.0
97,1.0,1.0,2.336,1.0,2.0,11,128.7302030177349,157.2221239421339,pobre,basal,0,750.0,641.67999,1.0,39.0,11,254,36460,2,1.0
98,1.0,1.0,2.336,1.0,3.0,11,128.7302030177349,157.2221239421339,pobre,basal,0,750.0,641.67999,1.0,39.0,12,254,36460,2,1.0
97,1.0,0.0,2.336,1.0,1.0,11,128.7302030177349,157.2221239421339,pobre,basal,0,750.0,641.67999,1.0,39.0,10,254,36461,1,1.0
98,1.0,0.0,2.336,1.0,2.0,11,128.7302030177349,157.2221239421339,pobre,basal,0,750.0,641.67999,1.0,39.0,11,254,36461,1,1.0
97,1.0,0.0,2.336,1.0,1.0,11,128.7302030177349,157.2221239421339,pobre,basal,0,750.0,641.67999,1.0,39.0,8,254,36462,1,1.0
98,1.0,0.0,2.336,1.0,1.0,11,128.7302030177349,157.2221239421339,pobre,basal,0,750.0,641.67999,1.0,39.0,9,254,36462,1,1.0
97,1.0,0.0,2.336,,0.0,11,128.7302030177349,157.2221239421339,pobre,basal,0,750.0,641.67999,1.0,39.0,6,254,36463,0,
98,1.0,0.0,2.336,,,11,128.7302030177349,157.2221239421339,pobre,basal,0,750.0,641.67999,1.0,39.0,7,254,36463,0,
97,0.0,0.0,2.336,1.0,1.0,4,128.7302030177349,157.2221239421339,pobre,basal,1,625.0,560.0,1.0,27.0,6,254,36464,1,1.0
98,0.0,0.0,2.336,1.0,2.0,4,128.7302030177349,157.2221239421339,pobre,basal,1,625.0,560.0,1.0,27.0,7,254,36464,1,1.0
97,0.0,1.0,2.336,0.0,3.0,3,128.7302030177349,157.2221239421339,pobre,basal,4,750.0,611.0,1.0,21.0,15,254,36465,3,0.0
98,0.0,1.0,2.336,0.0,3.0,3,128.7302030177349,157.2221239421339,pobre,basal,4,750.0,611.0,1.0,21.0,16,254,36465,3,0.0
97,1.0,1.0,2.336,1.0,4.0,8,128.7302030177349,157.2221239421339,pobre,basal,3,750.0,512.0,1.0,32.0,12,254,36466,4,1.0
98,1.0,1.0,2.336,1.0,5.0,8,128.7302030177349,157.2221239421339,pobre,basal,3,750.0,512.0,1.0,32.0,13,254,36466,4,1.0
97,1.0,1.0,2.336,1.0,1.0,8,128.7302030177349,157.2221239421339,pobre,basal,3,750.0,512.0,1.0,32.0,10,254,36467,1,1.0
98,1.0,1.0,2.336,1.0,2.0,8,128.7302030177349,157.2221239421339,pobre,basal,3,750.0,512.0,1.0,32.0,11,254,36467,1,1.0
97,0.0,1.0,2.336,1.0,1.0,8,128.7302030177349,157.2221239421339,pobre,basal,3,750.0,512.0,1.0,32.0,8,254,36468,1,1.0
98,0.0,1.0,2.336,1.0,2.0,8,128.7302030177349,157.2221239421339,pobre,basal,3,750.0,512.0,1.0,32.0,9,254,36468,1,1.0
97,0.0,1.0,2.336,1.0,1.0,8,128.7302030177349,157.2221239421339,pobre,basal,3,750.0,512.0,1.0,32.0,7,254,36469,1,1.0
98,0.0,1.0,2.336,1.0,2.0,8,128.7302030177349,157.2221239421339,pobre,basal,3,750.0,512.0,1.0,32.0,8,254,36469,1,1.0
97,0.0,0.0,0.0,1.0,6.0,6,73.2350002799397,73.2350002799397,pobre,0,0,0.0,661.0,1.0,71.0,14,312,36470,6,1.0
98,0.0,0.0,0.0,1.0,8.0,6,73.2350002799397,73.2350002799397,pobre,0,0,0.0,661.0,1.0,71.0,15,312,36470,6,1.0
97,1.0,0.0,0.0,1.0,3.0,6,73.2350002799397,73.2350002799397,pobre,0,0,0.0,661.0,1.0,71.0,10,312,36471,3,1.0
98,1.0,0.0,0.0,1.0,4.0,6,73.2350002799397,73.2350002799397,pobre,0,0,0.0,661.0,1.0,71.0,11,312,36471,3,1.0
97,0.0,0.0,0.0,1.0,0.0,6,73.2350002799397,73.2350002799397,pobre,0,0,0.0,661.0,1.0,71.0,6,312,36472,0,1.0
98,0.0,0.0,0.0,1.0,1.0,6,73.2350002799397,73.2350002799397,pobre,0,0,0.0,661.0,1.0,71.0,7,312,36472,0,1.0
97,0.0,,0.0,1.0,5.0,6,68.28208140877815,68.28208140877815,pobre,basal,0,0.0,888.0,1.0,94.0,11,339,36473,5,1.0
98,0.0,,0.0,1.0,6.0,6,68.28208140877815,68.28208140877815,pobre,basal,0,0.0,888.0,1.0,94.0,12,339,36473,5,1.0
97,1.0,0.0,0.0,1.0,1.0,4,68.28208140877815,68.28208140877815,pobre,basal,9,800.0,851.0,1.0,34.0,7,339,36474,1,1.0
98,1.0,0.0,0.0,1.0,2.0,4,68.28208140877815,68.28208140877815,pobre,basal,9,800.0,851.0,1.0,34.0,8,339,36474,1,1.0
97,0.0,0.0,0.0,1.0,8.0,3,68.28208140877815,68.28208140877815,pobre,basal,1,0.0,811.0,1.0,80.0,14,339,36475,8,1.0
98,0.0,0.0,0.0,0.0,9.0,3,68.28208140877815,68.28208140877815,pobre,basal,1,0.0,811.0,1.0,80.0,15,339,36475,8,1.0
97,0.0,0.0,0.0,1.0,8.0,8,68.28208140877815,68.28208140877815,pobre,basal,1,750.0,466.0,1.0,42.0,16,339,36476,8,1.0
98,0.0,0.0,0.0,,,8,68.28208140877815,68.28208140877815,pobre,basal,1,750.0,466.0,1.0,42.0,17,339,36476,8,1.0
97,0.0,0.0,0.0,1.0,5.0,8,68.28208140877815,68.28208140877815,pobre,basal,1,750.0,466.0,1.0,42.0,12,339,36477,5,1.0
98,0.0,0.0,0.0,1.0,6.0,8,68.28208140877815,68.28208140877815,pobre,basal,1,750.0,466.0,1.0,42.0,13,339,36477,5,1.0
97,0.0,0.0,0.0,1.0,3.0,8,68.28208140877815,68.28208140877815,pobre,basal,1,750.0,466.0,1.0,42.0,9,339,36478,3,1.0
98,0.0,0.0,0.0,1.0,4.0,8,68.28208140877815,68.28208140877815,pobre,basal,1,750.0,466.0,1.0,42.0,10,339,36478,3,1.0
97,1.0,0.0,0.0,1.0,1.0,8,68.28208140877815,68.28208140877815,pobre,basal,1,750.0,466.0,1.0,42.0,8,339,36479,1,1.0
98,1.0,0.0,0.0,1.0,2.0,8,68.28208140877815,68.28208140877815,pobre,basal,1,750.0,466.0,1.0,42.0,9,339,36479,1,1.0
97,0.0,0.0,0.0,1.0,1.0,5,68.28208140877815,68.28208140877815,no pobre,basal,2,1125.0,899.5,1.0,55.0,9,339,36480,1,1.0
98,0.0,0.0,0.0,1.0,2.0,5,68.28208140877815,68.28208140877815,no pobre,basal,2,1125.0,899.5,1.0,55.0,10,339,36480,1,1.0
97,1.0,0.0,0.0,1.0,0.0,5,68.28208140877815,68.28208140877815,no pobre,basal,2,1125.0,899.5,1.0,55.0,8,339,36481,0,1.0
98,1.0,0.0,0.0,1.0,1.0,5,68.28208140877815,68.28208140877815,no pobre,basal,2,1125.0,899.5,1.0,55.0,9,339,36481,0,1.0
97,1.0,0.0,0.0,1.0,7.0,7,132.9674129494344,138.5622921139745,no pobre,0,0,233.33333,1009.5,1.0,52.0,14,335,36482,7,1.0
98,1.0,0.0,0.0,1.0,8.0,7,132.9674129494344,138.5622921139745,no pobre,0,0,233.33333,1009.5,1.0,52.0,15,335,36482,7,1.0
97,0.0,0.0,0.0,1.0,5.0,7,132.9674129494344,138.5622921139745,no pobre,0,0,233.33333,1009.5,1.0,52.0,13,335,36483,5,1.0
98,0.0,0.0,0.0,0.0,6.0,7,132.9674129494344,138.5622921139745,no pobre,0,0,233.33333,1009.5,1.0,52.0,14,335,36483,5,1.0
97,0.0,0.0,0.0,1.0,2.0,5,132.9674129494344,138.5622921139745,pobre,0,4,0.0,704.0,1.0,43.0,9,335,36484,2,1.0
98,0.0,0.0,0.0,1.0,3.0,5,132.9674129494344,138.5622921139745,pobre,0,4,0.0,704.0,1.0,43.0,10,335,36484,2,1.0
97,0.0,0.0,0.0,1.0,1.0,5,132.9674129494344,138.5622921139745,pobre,0,4,0.0,704.0,1.0,43.0,8,335,36485,1,1.0
98,0.0,0.0,0.0,1.0,2.0,5,132.9674129494344,138.5622921139745,pobre,0,4,0.0,704.0,1.0,43.0,9,335,36485,1,1.0
97,1.0,0.0,0.0,1.0,0.0,5,132.9674129494344,138.5622921139745,pobre,0,4,0.0,704.0,1.0,43.0,6,335,36486,0,1.0
98,1.0,0.0,0.0,1.0,1.0,5,132.9674129494344,138.5622921139745,pobre,0,4,0.0,704.0,1.0,43.0,7,335,36486,0,1.0
97,1.0,0.0,0.0,0.0,9.0,8,68.28208140877815,68.28208140877815,no pobre,basal,4,2200.0,1057.0,1.0,49.0,16,339,36487,9,0.0
98,1.0,0.0,0.0,,,8,68.28208140877815,68.28208140877815,no pobre,basal,4,2200.0,1057.0,1.0,49.0,17,339,36487,9,0.0
97,1.0,0.0,0.0,0.0,9.0,8,68.28208140877815,68.28208140877815,no pobre,basal,4,2200.0,1057.0,1.0,49.0,16,339,36488,9,0.0
98,1.0,0.0,0.0,,,8,68.28208140877815,68.28208140877815,no pobre,basal,4,2200.0,1057.0,1.0,49.0,17,339,36488,9,0.0
97,0.0,0.0,0.0,1.0,9.0,8,68.28208140877815,68.28208140877815,no pobre,basal,4,2200.0,1057.0,1.0,49.0,14,339,36489,9,1.0
98,0.0,0.0,0.0,1.0,9.0,8,68.28208140877815,68.28208140877815,no pobre,basal,4,2200.0,1057.0,1.0,49.0,15,339,36489,9,1.0
97,0.0,0.0,0.0,1.0,5.0,8,68.28208140877815,68.28208140877815,no pobre,basal,4,2200.0,1057.0,1.0,49.0,11,339,36490,5,1.0
98,0.0,0.0,0.0,1.0,5.0,8,68.28208140877815,68.28208140877815,no pobre,basal,4,2200.0,1057.0,1.0,49.0,12,339,36490,5,1.0
97,1.0,0.0,0.0,1.0,6.0,4,68.28208140877815,68.28208140877815,no pobre,basal,2,0.0,857.0,1.0,59.0,12,339,36491,6,1.0
98,1.0,0.0,0.0,1.0,7.0,4,68.28208140877815,68.28208140877815,no pobre,basal,2,0.0,857.0,1.0,59.0,13,339,36491,6,1.0
97,1.0,0.0,0.0,1.0,2.0,5,126.6957562563117,136.9893753376227,pobre,basal,0,140.0,775.5,1.0,68.0,9,346,36492,2,1.0
98,1.0,0.0,0.0,1.0,3.0,5,126.6957562563117,136.9893753376227,pobre,basal,0,140.0,775.5,1.0,68.0,10,346,36492,2,1.0
97,0.0,0.0,0.0,0.0,6.0,12,126.6957562563117,136.9893753376227,pobre,basal,0,120.0,607.0,1.0,46.0,15,346,36493,6,0.0
98,0.0,0.0,0.0,1.0,7.0,12,126.6957562563117,136.9893753376227,pobre,basal,0,120.0,607.0,1.0,46.0,16,346,36493,6,0.0
97,1.0,0.0,0.0,1.0,4.0,12,126.6957562563117,136.9893753376227,pobre,basal,0,120.0,607.0,1.0,46.0,13,346,36494,4,1.0
98,1.0,0.0,0.0,0.0,5.0,12,126.6957562563117,136.9893753376227,pobre,basal,0,120.0,607.0,1.0,46.0,14,346,36494,4,1.0
97,1.0,0.0,0.0,1.0,4.0,12,126.6957562563117,136.9893753376227,pobre,basal,0,120.0,607.0,1.0,46.0,12,346,36495,4,1.0
98,1.0,0.0,0.0,1.0,5.0,12,126.6957562563117,136.9893753376227,pobre,basal,0,120.0,607.0,1.0,46.0,13,346,36495,4,1.0
97,0.0,0.0,0.0,1.0,1.0,12,126.6957562563117,136.9893753376227,pobre,basal,0,120.0,607.0,1.0,46.0,8,346,36496,1,1.0
98,0.0,0.0,0.0,1.0,2.0,12,126.6957562563117,136.9893753376227,pobre,basal,0,120.0,607.0,1.0,46.0,9,346,36496,1,1.0
97,1.0,0.0,0.0,1.0,1.0,12,126.6957562563117,136.9893753376227,pobre,basal,0,120.0,607.0,1.0,46.0,7,346,36497,1,1.0
98,1.0,0.0,0.0,1.0,2.0,12,126.6957562563117,136.9893753376227,pobre,basal,0,120.0,607.0,1.0,46.0,8,346,36497,1,1.0
97,1.0,0.0,0.0,0.0,3.0,12,126.6957562563117,136.9893753376227,pobre,basal,0,120.0,607.0,1.0,46.0,10,346,36498,3,0.0
98,1.0,0.0,0.0,1.0,3.0,12,126.6957562563117,136.9893753376227,pobre,basal,0,120.0,607.0,1.0,46.0,11,346,36498,3,0.0
97,1.0,0.0,0.0,1.0,8.0,4,126.6957562563117,136.9893753376227,pobre,basal,1,750.0,973.0,1.0,48.0,14,346,36499,8,1.0
98,1.0,0.0,0.0,1.0,8.0,4,126.6957562563117,136.9893753376227,pobre,basal,1,750.0,973.0,1.0,48.0,15,346,36499,8,1.0
97,1.0,0.0,0.0,0.0,6.0,4,126.6957562563117,136.9893753376227,pobre,basal,1,750.0,973.0,1.0,48.0,12,346,36500,6,0.0
98,1.0,0.0,0.0,0.0,6.0,4,126.6957562563117,136.9893753376227,pobre,basal,1,750.0,973.0,1.0,48.0,13,346,36500,6,0.0
97,1.0,0.0,0.0,0.0,6.0,4,126.6957562563117,136.9893753376227,pobre,basal,1,875.0,895.0,1.0,51.0,14,346,36501,6,0.0
98,1.0,0.0,0.0,,,4,126.6957562563117,136.9893753376227,pobre,basal,1,875.0,895.0,1.0,51.0,15,346,36501,6,0.0
97,1.0,0.0,0.0,1.0,6.0,4,126.6957562563117,136.9893753376227,pobre,basal,1,875.0,895.0,1.0,51.0,12,346,36502,6,1.0
98,1.0,0.0,0.0,,,4,126.6957562563117,136.9893753376227,pobre,basal,1,875.0,895.0,1.0,51.0,13,346,36502,6,1.0
97,0.0,0.0,0.0,0.0,6.0,6,126.6957562563117,136.9893753376227,pobre,basal,2,333.33334,730.0,1.0,44.0,16,346,36503,6,0.0
98,0.0,0.0,0.0,,,6,126.6957562563117,136.9893753376227,pobre,basal,2,333.33334,730.0,1.0,44.0,17,346,36503,6,0.0
97,0.0,0.0,0.0,0.0,6.0,6,126.6957562563117,136.9893753376227,pobre,basal,2,333.33334,730.0,1.0,44.0,14,346,36504,6,0.0
98,0.0,0.0,0.0,0.0,6.0,6,126.6957562563117,136.9893753376227,pobre,basal,2,333.33334,730.0,1.0,44.0,15,346,36504,6,0.0
97,1.0,0.0,0.0,1.0,4.0,6,126.6957562563117,136.9893753376227,pobre,basal,2,333.33334,730.0,1.0,44.0,8,346,36505,4,1.0
98,1.0,0.0,0.0,1.0,4.0,6,126.6957562563117,136.9893753376227,pobre,basal,2,333.33334,730.0,1.0,44.0,9,346,36505,4,1.0
97,1.0,0.0,0.0,1.0,2.0,6,126.6957562563117,136.9893753376227,pobre,basal,2,333.33334,730.0,1.0,44.0,7,346,36506,2,1.0
98,1.0,0.0,0.0,1.0,2.0,6,126.6957562563117,136.9893753376227,pobre,basal,2,333.33334,730.0,1.0,44.0,8,346,36506,2,1.0
97,1.0,0.0,0.0,,6.0,4,68.28208140877815,68.28208140877815,pobre,basal,1,750.0,906.33099,1.0,49.0,15,339,36507,6,
98,1.0,0.0,0.0,0.0,6.0,4,68.28208140877815,68.28208140877815,pobre,basal,1,750.0,906.33099,1.0,49.0,16,339,36507,6,
97,0.0,0.0,0.0,,6.0,4,68.28208140877815,68.28208140877815,pobre,basal,1,750.0,906.33099,1.0,49.0,14,339,36508,6,
98,0.0,0.0,0.0,0.0,6.0,4,68.28208140877815,68.28208140877815,pobre,basal,1,750.0,906.33099,1.0,49.0,15,339,36508,6,
97,1.0,0.0,0.0,1.0,3.0,5,68.28208140877815,68.28208140877815,pobre,basal,0,625.0,679.0,1.0,41.0,9,339,36509,3,1.0
98,1.0,0.0,0.0,1.0,4.0,5,68.28208140877815,68.28208140877815,pobre,basal,0,625.0,679.0,1.0,41.0,10,339,36509,3,1.0
97,0.0,0.0,0.0,1.0,5.0,6,68.28208140877815,68.28208140877815,pobre,basal,6,1600.0,676.0,1.0,32.0,12,339,36510,5,1.0
98,0.0,0.0,0.0,1.0,6.0,6,68.28208140877815,68.28208140877815,pobre,basal,6,1600.0,676.0,1.0,32.0,13,339,36510,5,1.0
97,1.0,0.0,0.0,1.0,4.0,6,68.28208140877815,68.28208140877815,pobre,basal,6,1600.0,676.0,1.0,32.0,11,339,36511,4,1.0
98,1.0,0.0,0.0,1.0,5.0,6,68.28208140877815,68.28208140877815,pobre,basal,6,1600.0,676.0,1.0,32.0,12,339,36511,4,1.0
97,1.0,0.0,0.0,1.0,3.0,6,68.28208140877815,68.28208140877815,pobre,basal,6,1600.0,676.0,1.0,32.0,10,339,36512,3,1.0
98,1.0,0.0,0.0,1.0,4.0,6,68.28208140877815,68.28208140877815,pobre,basal,6,1600.0,676.0,1.0,32.0,11,339,36512,3,1.0
97,0.0,0.0,0.0,0.0,9.0,4,68.28208140877815,68.28208140877815,no pobre,basal,6,1250.0,1102.0,1.0,46.0,15,339,36513,9,0.0
98,0.0,0.0,0.0,0.0,9.0,4,68.28208140877815,68.28208140877815,no pobre,basal,6,1250.0,1102.0,1.0,46.0,16,339,36513,9,0.0
97,1.0,0.0,0.0,0.0,6.0,4,68.28208140877815,68.28208140877815,no pobre,basal,6,1250.0,1102.0,1.0,46.0,14,339,36514,6,0.0
98,1.0,0.0,0.0,0.0,6.0,4,68.28208140877815,68.28208140877815,no pobre,basal,6,1250.0,1102.0,1.0,46.0,15,339,36514,6,0.0
97,0.0,1.0,1.325,1.0,3.0,5,104.29006269286,130.7958678301766,pobre,0,1,400.0,568.14001,1.0,37.0,9,257,36515,3,1.0
98,0.0,1.0,1.325,1.0,4.0,5,104.29006269286,130.7958678301766,pobre,0,1,400.0,568.14001,1.0,37.0,10,257,36515,3,1.0
97,0.0,1.0,1.325,1.0,1.0,5,104.29006269286,130.7958678301766,pobre,0,1,400.0,568.14001,1.0,37.0,7,257,36516,1,1.0
98,0.0,1.0,1.325,1.0,2.0,5,104.29006269286,130.7958678301766,pobre,0,1,400.0,568.14001,1.0,37.0,8,257,36516,1,1.0
97,0.0,0.0,0.0,1.0,6.0,6,68.28208140877815,68.28208140877815,pobre,basal,6,750.0,653.0,1.0,37.0,13,339,36517,6,1.0
98,0.0,0.0,0.0,1.0,7.0,6,68.28208140877815,68.28208140877815,pobre,basal,6,750.0,653.0,1.0,37.0,14,339,36517,6,1.0
97,1.0,0.0,0.0,1.0,2.0,6,68.28208140877815,68.28208140877815,pobre,basal,6,750.0,653.0,1.0,37.0,7,339,36518,2,1.0
98,1.0,0.0,0.0,1.0,2.0,6,68.28208140877815,68.28208140877815,pobre,basal,6,750.0,653.0,1.0,37.0,8,339,36518,2,1.0
97,0.0,0.0,0.0,,0.0,3,68.28208140877815,68.28208140877815,pobre,basal,0,250.0,804.33099,1.0,70.0,14,339,36519,0,
98,0.0,0.0,0.0,,,3,68.28208140877815,68.28208140877815,pobre,basal,0,250.0,804.33099,1.0,70.0,15,339,36519,0,
97,1.0,0.0,0.0,0.0,9.0,4,68.28208140877815,68.28208140877815,no pobre,basal,6,875.0,996.0,1.0,44.0,15,339,36520,9,0.0
98,1.0,0.0,0.0,0.0,9.0,4,68.28208140877815,68.28208140877815,no pobre,basal,6,875.0,996.0,1.0,44.0,16,339,36520,9,0.0
97,0.0,0.0,0.0,1.0,3.0,10,68.28208140877815,68.28208140877815,pobre,basal,0,750.0,386.0,1.0,37.0,12,339,36521,3,1.0
98,0.0,0.0,0.0,1.0,6.0,10,68.28208140877815,68.28208140877815,pobre,basal,0,750.0,386.0,1.0,37.0,13,339,36521,3,1.0
97,1.0,0.0,0.0,1.0,2.0,10,68.28208140877815,68.28208140877815,pobre,basal,0,750.0,386.0,1.0,37.0,11,339,36522,2,1.0
98,1.0,0.0,0.0,1.0,5.0,10,68.28208140877815,68.28208140877815,pobre,basal,0,750.0,386.0,1.0,37.0,12,339,36522,2,1.0
97,1.0,0.0,0.0,1.0,1.0,10,68.28208140877815,68.28208140877815,pobre,basal,0,750.0,386.0,1.0,37.0,10,339,36523,1,1.0
98,1.0,0.0,0.0,1.0,4.0,10,68.28208140877815,68.28208140877815,pobre,basal,0,750.0,386.0,1.0,37.0,11,339,36523,1,1.0
97,1.0,0.0,0.0,1.0,0.0,10,68.28208140877815,68.28208140877815,pobre,basal,0,750.0,386.0,1.0,37.0,7,339,36524,0,1.0
98,1.0,0.0,0.0,1.0,3.0,10,68.28208140877815,68.28208140877815,pobre,basal,0,750.0,386.0,1.0,37.0,8,339,36524,0,1.0
97,0.0,0.0,0.0,1.0,0.0,10,68.28208140877815,68.28208140877815,pobre,basal,0,750.0,386.0,1.0,37.0,6,339,36525,0,1.0
98,0.0,0.0,0.0,1.0,2.0,10,68.28208140877815,68.28208140877815,pobre,basal,0,750.0,386.0,1.0,37.0,7,339,36525,0,1.0
97,0.0,0.0,0.0,1.0,6.0,5,68.28208140877815,68.28208140877815,pobre,basal,0,750.0,938.0,1.0,70.0,12,339,36526,6,1.0
98,0.0,0.0,0.0,1.0,7.0,5,68.28208140877815,68.28208140877815,pobre,basal,0,750.0,938.0,1.0,70.0,13,339,36526,6,1.0
97,1.0,0.0,0.0,1.0,7.0,3,68.28208140877815,68.28208140877815,no pobre,basal,0,833.33331,1127.5,1.0,64.0,13,339,36527,7,1.0
98,1.0,0.0,0.0,0.0,7.0,3,68.28208140877815,68.28208140877815,no pobre,basal,0,833.33331,1127.5,1.0,64.0,14,339,36527,7,1.0
97,1.0,0.0,0.0,0.0,6.0,6,68.28208140877815,68.28208140877815,pobre,basal,3,266.66666,824.0,1.0,58.0,16,339,36528,6,0.0
98,1.0,0.0,0.0,,,6,68.28208140877815,68.28208140877815,pobre,basal,3,266.66666,824.0,1.0,58.0,17,339,36528,6,0.0
97,1.0,0.0,0.0,1.0,5.0,6,68.28208140877815,68.28208140877815,pobre,basal,3,266.66666,824.0,1.0,58.0,11,339,36529,5,1.0
98,1.0,0.0,0.0,1.0,6.0,6,68.28208140877815,68.28208140877815,pobre,basal,3,266.66666,824.0,1.0,58.0,12,339,36529,5,1.0
97,1.0,0.0,0.0,1.0,0.0,6,68.28208140877815,68.28208140877815,pobre,basal,3,266.66666,824.0,1.0,58.0,6,339,36530,0,1.0
98,1.0,0.0,0.0,1.0,1.0,6,68.28208140877815,68.28208140877815,pobre,basal,3,266.66666,824.0,1.0,58.0,7,339,36530,0,1.0
97,1.0,0.0,0.0,1.0,5.0,3,149.5727212182313,149.5727212182313,pobre,0,2,750.0,582.0,1.0,61.0,13,306,36531,5,1.0
98,1.0,0.0,0.0,1.0,6.0,3,149.5727212182313,149.5727212182313,pobre,0,2,750.0,582.0,1.0,61.0,14,306,36531,5,1.0
97,1.0,0.0,0.0,0.0,5.0,9,149.5727212182313,149.5727212182313,pobre,0,2,0.0,522.0,1.0,37.0,15,306,36532,5,0.0
98,1.0,0.0,0.0,0.0,5.0,9,149.5727212182313,149.5727212182313,pobre,0,2,0.0,522.0,1.0,37.0,16,306,36532,5,0.0
97,0.0,0.0,0.0,1.0,7.0,9,149.5727212182313,149.5727212182313,pobre,0,2,0.0,522.0,1.0,37.0,14,306,36533,7,1.0
98,0.0,0.0,0.0,1.0,8.0,9,149.5727212182313,149.5727212182313,pobre,0,2,0.0,522.0,1.0,37.0,15,306,36533,7,1.0
97,0.0,0.0,0.0,1.0,6.0,9,149.5727212182313,149.5727212182313,pobre,0,2,0.0,522.0,1.0,37.0,12,306,36534,6,1.0
98,0.0,0.0,0.0,1.0,7.0,9,149.5727212182313,149.5727212182313,pobre,0,2,0.0,522.0,1.0,37.0,13,306,36534,6,1.0
97,1.0,0.0,0.0,1.0,4.0,9,149.5727212182313,149.5727212182313,pobre,0,2,0.0,522.0,1.0,37.0,11,306,36535,4,1.0
98,1.0,0.0,0.0,1.0,5.0,9,149.5727212182313,149.5727212182313,pobre,0,2,0.0,522.0,1.0,37.0,12,306,36535,4,1.0
97,1.0,0.0,0.0,1.0,2.0,9,149.5727212182313,149.5727212182313,pobre,0,2,0.0,522.0,1.0,37.0,9,306,36536,2,1.0
98,1.0,0.0,0.0,1.0,3.0,9,149.5727212182313,149.5727212182313,pobre,0,2,0.0,522.0,1.0,37.0,10,306,36536,2,1.0
97,0.0,0.0,0.0,1.0,1.0,9,149.5727212182313,149.5727212182313,pobre,0,2,0.0,522.0,1.0,37.0,6,306,36537,1,1.0
98,0.0,0.0,0.0,1.0,2.0,9,149.5727212182313,149.5727212182313,pobre,0,2,0.0,522.0,1.0,37.0,7,306,36537,1,1.0
97,1.0,0.0,0.0,1.0,2.0,3,149.5727212182313,149.5727212182313,pobre,0,2,400.0,618.0,1.0,58.0,9,306,36538,2,1.0
98,1.0,0.0,0.0,1.0,3.0,3,149.5727212182313,149.5727212182313,pobre,0,2,400.0,618.0,1.0,58.0,10,306,36538,2,1.0
97,0.0,0.0,0.0,1.0,3.0,5,68.28208140877815,68.28208140877815,pobre,basal,9,1000.0,976.0,1.0,35.0,9,339,36539,3,1.0
98,0.0,0.0,0.0,1.0,4.0,5,68.28208140877815,68.28208140877815,pobre,basal,9,1000.0,976.0,1.0,35.0,10,339,36539,3,1.0
97,1.0,0.0,0.0,1.0,1.0,5,68.28208140877815,68.28208140877815,pobre,basal,9,1000.0,976.0,1.0,35.0,7,339,36540,1,1.0
98,1.0,0.0,0.0,1.0,2.0,5,68.28208140877815,68.28208140877815,pobre,basal,9,1000.0,976.0,1.0,35.0,8,339,36540,1,1.0
97,0.0,0.0,0.0,0.0,9.0,4,68.28208140877815,68.28208140877815,pobre,basal,0,750.0,991.0,1.0,57.0,16,339,36541,9,0.0
98,0.0,0.0,0.0,,,4,68.28208140877815,68.28208140877815,pobre,basal,0,750.0,991.0,1.0,57.0,17,339,36541,9,0.0
97,1.0,0.0,0.0,1.0,4.0,8,68.28208140877815,68.28208140877815,pobre,basal,6,625.0,550.0,1.0,37.0,13,339,36542,4,1.0
98,1.0,0.0,0.0,1.0,5.0,8,68.28208140877815,68.28208140877815,pobre,basal,6,625.0,550.0,1.0,37.0,14,339,36542,4,1.0
97,1.0,0.0,0.0,1.0,3.0,8,68.28208140877815,68.28208140877815,pobre,basal,6,625.0,550.0,1.0,37.0,10,339,36543,3,1.0
98,1.0,0.0,0.0,1.0,4.0,8,68.28208140877815,68.28208140877815,pobre,basal,6,625.0,550.0,1.0,37.0,11,339,36543,3,1.0
97,1.0,0.0,0.0,1.0,2.0,8,68.28208140877815,68.28208140877815,pobre,basal,6,625.0,550.0,1.0,37.0,8,339,36544,2,1.0
98,1.0,0.0,0.0,1.0,2.0,8,68.28208140877815,68.28208140877815,pobre,basal,6,625.0,550.0,1.0,37.0,9,339,36544,2,1.0
97,1.0,0.0,0.0,1.0,0.0,8,68.28208140877815,68.28208140877815,pobre,basal,6,625.0,550.0,1.0,37.0,6,339,36545,0,1.0
98,1.0,0.0,0.0,1.0,0.0,8,68.28208140877815,68.28208140877815,pobre,basal,6,625.0,550.0,1.0,37.0,7,339,36545,0,1.0
97,1.0,0.0,0.0,1.0,7.0,5,68.28208140877815,68.28208140877815,pobre,basal,4,625.0,749.0,1.0,39.0,13,339,36546,7,1.0
98,1.0,0.0,0.0,1.0,7.0,5,68.28208140877815,68.28208140877815,pobre,basal,4,625.0,749.0,1.0,39.0,14,339,36546,7,1.0
97,1.0,0.0,0.0,1.0,4.0,5,68.28208140877815,68.28208140877815,pobre,basal,4,625.0,749.0,1.0,39.0,10,339,36547,4,1.0
98,1.0,0.0,0.0,1.0,4.0,5,68.28208140877815,68.28208140877815,pobre,basal,4,625.0,749.0,1.0,39.0,11,339,36547,4,1.0
97,1.0,0.0,0.0,1.0,1.0,3,132.9674129494344,138.5622921139745,pobre,0,6,1000.0,1005.0,1.0,24.0,7,335,36548,1,1.0
98,1.0,0.0,0.0,1.0,2.0,3,132.9674129494344,138.5622921139745,pobre,0,6,1000.0,1005.0,1.0,24.0,8,335,36548,1,1.0
97,0.0,0.0,0.0,1.0,5.0,7,132.9674129494344,138.5622921139745,pobre,0,3,29.166666,687.0,1.0,46.0,11,335,36549,5,1.0
98,0.0,0.0,0.0,1.0,6.0,7,132.9674129494344,138.5622921139745,pobre,0,3,29.166666,687.0,1.0,46.0,12,335,36549,5,1.0
97,1.0,0.0,0.0,1.0,4.0,7,132.9674129494344,138.5622921139745,pobre,0,3,29.166666,687.0,1.0,46.0,10,335,36550,4,1.0
98,1.0,0.0,0.0,1.0,5.0,7,132.9674129494344,138.5622921139745,pobre,0,3,29.166666,687.0,1.0,46.0,11,335,36550,4,1.0
97,0.0,0.0,0.0,1.0,5.0,4,132.9674129494344,138.5622921139745,pobre,0,3,35.0,916.0,0.0,46.0,12,335,36551,5,1.0
98,0.0,0.0,0.0,1.0,6.0,4,132.9674129494344,138.5622921139745,pobre,0,3,35.0,916.0,0.0,46.0,13,335,36551,5,1.0
97,1.0,0.0,0.0,0.0,4.0,2,132.9674129494344,138.5622921139745,pobre,0,0,0.0,1003.0,0.0,71.0,11,335,36552,4,0.0
98,1.0,0.0,0.0,1.0,5.0,2,132.9674129494344,138.5622921139745,pobre,0,0,0.0,1003.0,0.0,71.0,12,335,36552,4,0.0
97,0.0,0.0,0.0,1.0,5.0,4,130.3492088237129,130.3492088237129,pobre,basal,2,500.0,944.0,1.0,59.0,12,304,36553,5,1.0
98,0.0,0.0,0.0,1.0,6.0,4,130.3492088237129,130.3492088237129,pobre,basal,2,500.0,944.0,1.0,59.0,13,304,36553,5,1.0
97,1.0,0.0,0.0,1.0,4.0,4,130.3492088237129,130.3492088237129,pobre,basal,2,500.0,944.0,1.0,59.0,11,304,36554,4,1.0
98,1.0,0.0,0.0,1.0,5.0,4,130.3492088237129,130.3492088237129,pobre,basal,2,500.0,944.0,1.0,59.0,12,304,36554,4,1.0
97,1.0,0.0,0.0,0.0,9.0,6,130.3492088237129,130.3492088237129,pobre,basal,4,1666.6666,712.0,1.0,55.0,16,304,36555,9,0.0
98,1.0,0.0,0.0,,,6,130.3492088237129,130.3492088237129,pobre,basal,4,1666.6666,712.0,1.0,55.0,17,304,36555,9,0.0
97,1.0,0.0,0.0,0.0,6.0,6,130.3492088237129,130.3492088237129,pobre,basal,4,1666.6666,712.0,1.0,55.0,14,304,36556,6,0.0
98,1.0,0.0,0.0,0.0,6.0,6,130.3492088237129,130.3492088237129,pobre,basal,4,1666.6666,712.0,1.0,55.0,15,304,36556,6,0.0
97,0.0,0.0,0.0,1.0,2.0,3,130.3492088237129,130.3492088237129,pobre,basal,4,750.0,808.0,1.0,32.0,9,304,36557,2,1.0
98,0.0,0.0,0.0,1.0,3.0,3,130.3492088237129,130.3492088237129,pobre,basal,4,750.0,808.0,1.0,32.0,10,304,36557,2,1.0
97,0.0,0.0,0.0,1.0,2.0,5,130.3492088237129,130.3492088237129,pobre,basal,1,750.0,739.0,1.0,32.0,9,304,36558,2,1.0
98,0.0,0.0,0.0,1.0,3.0,5,130.3492088237129,130.3492088237129,pobre,basal,1,750.0,739.0,1.0,32.0,10,304,36558,2,1.0
97,1.0,0.0,0.0,1.0,1.0,5,130.3492088237129,130.3492088237129,pobre,basal,1,750.0,739.0,1.0,32.0,7,304,36559,1,1.0
98,1.0,0.0,0.0,1.0,2.0,5,130.3492088237129,130.3492088237129,pobre,basal,1,750.0,739.0,1.0,32.0,8,304,36559,1,1.0
97,1.0,0.0,3.484,1.0,6.0,10,147.3055192581566,147.3055192581566,pobre,basal,3,7000.0,617.0,1.0,59.0,15,307,36560,6,1.0
98,1.0,0.0,3.484,0.0,6.0,10,147.3055192581566,147.3055192581566,pobre,basal,3,7000.0,617.0,1.0,59.0,16,307,36560,6,1.0
97,1.0,0.0,3.484,1.0,1.0,10,147.3055192581566,147.3055192581566,pobre,basal,3,7000.0,617.0,1.0,59.0,10,307,36561,1,1.0
98,1.0,0.0,3.484,1.0,2.0,10,147.3055192581566,147.3055192581566,pobre,basal,3,7000.0,617.0,1.0,59.0,11,307,36561,1,1.0
97,0.0,0.0,3.484,0.0,6.0,5,147.3055192581566,147.3055192581566,pobre,basal,3,100.0,561.0,1.0,41.0,16,307,36562,6,0.0
98,0.0,0.0,3.484,,,5,147.3055192581566,147.3055192581566,pobre,basal,3,100.0,561.0,1.0,41.0,17,307,36562,6,0.0
97,0.0,0.0,3.484,1.0,6.0,5,147.3055192581566,147.3055192581566,pobre,basal,3,100.0,561.0,1.0,41.0,13,307,36563,6,1.0
98,0.0,0.0,3.484,0.0,6.0,5,147.3055192581566,147.3055192581566,pobre,basal,3,100.0,561.0,1.0,41.0,14,307,36563,6,1.0
97,1.0,0.0,3.484,1.0,5.0,5,147.3055192581566,147.3055192581566,pobre,basal,3,100.0,561.0,1.0,41.0,11,307,36564,5,1.0
98,1.0,0.0,3.484,1.0,5.0,5,147.3055192581566,147.3055192581566,pobre,basal,3,100.0,561.0,1.0,41.0,12,307,36564,5,1.0
97,1.0,0.0,0.0,1.0,5.0,5,126.6957562563117,136.9893753376227,no pobre,basal,1,166.66667,1107.0,1.0,51.0,12,346,36565,5,1.0
98,1.0,0.0,0.0,1.0,6.0,5,126.6957562563117,136.9893753376227,no pobre,basal,1,166.66667,1107.0,1.0,51.0,13,346,36565,5,1.0
97,0.0,0.0,0.0,1.0,4.0,5,126.6957562563117,136.9893753376227,no pobre,basal,1,166.66667,1107.0,1.0,51.0,10,346,36566,4,1.0
98,0.0,0.0,0.0,,,5,126.6957562563117,136.9893753376227,no pobre,basal,1,166.66667,1107.0,1.0,51.0,11,346,36566,4,1.0
97,1.0,0.0,0.0,0.0,9.0,5,28.87126420509094,28.87126420509094,pobre,0,0,250.0,743.5,1.0,48.0,15,382,36567,9,0.0
98,1.0,0.0,0.0,0.0,9.0,5,28.87126420509094,28.87126420509094,pobre,0,0,250.0,743.5,1.0,48.0,16,382,36567,9,0.0
97,0.0,0.0,0.0,1.0,6.0,5,28.87126420509094,28.87126420509094,pobre,0,0,250.0,743.5,1.0,48.0,14,382,36568,6,1.0
98,0.0,0.0,0.0,0.0,6.0,5,28.87126420509094,28.87126420509094,pobre,0,0,250.0,743.5,1.0,48.0,15,382,36568,6,1.0
97,1.0,0.0,0.0,1.0,5.0,5,28.87126420509094,28.87126420509094,pobre,0,0,250.0,743.5,1.0,48.0,10,382,36569,5,1.0
98,1.0,0.0,0.0,,,5,28.87126420509094,28.87126420509094,pobre,0,0,250.0,743.5,1.0,48.0,11,382,36569,5,1.0
97,0.0,0.0,0.0,0.0,7.0,6,28.87126420509094,28.87126420509094,pobre,0,8,1332.0,758.0,1.0,36.0,14,382,36570,7,0.0
98,0.0,0.0,0.0,1.0,7.0,6,28.87126420509094,28.87126420509094,pobre,0,8,1332.0,758.0,1.0,36.0,15,382,36570,7,0.0
97,0.0,0.0,0.0,0.0,7.0,6,28.87126420509094,28.87126420509094,pobre,0,8,1332.0,758.0,1.0,36.0,13,382,36571,7,0.0
98,0.0,0.0,0.0,1.0,7.0,6,28.87126420509094,28.87126420509094,pobre,0,8,1332.0,758.0,1.0,36.0,14,382,36571,7,0.0
97,1.0,0.0,0.0,0.0,5.0,6,28.87126420509094,28.87126420509094,pobre,0,8,1332.0,758.0,1.0,36.0,11,382,36572,5,0.0
98,1.0,0.0,0.0,1.0,5.0,6,28.87126420509094,28.87126420509094,pobre,0,8,1332.0,758.0,1.0,36.0,12,382,36572,5,0.0
97,1.0,0.0,0.0,0.0,1.0,6,28.87126420509094,28.87126420509094,pobre,0,8,1332.0,758.0,1.0,36.0,7,382,36573,1,0.0
98,1.0,0.0,0.0,1.0,1.0,6,28.87126420509094,28.87126420509094,pobre,0,8,1332.0,758.0,1.0,36.0,8,382,36573,1,0.0
97,0.0,0.0,0.0,,9.0,7,28.87126420509094,28.87126420509094,pobre,0,0,0.0,699.33099,1.0,60.0,15,382,36574,9,
98,0.0,0.0,0.0,0.0,9.0,7,28.87126420509094,28.87126420509094,pobre,0,0,0.0,699.33099,1.0,60.0,16,382,36574,9,
97,0.0,0.0,0.0,,1.0,7,28.87126420509094,28.87126420509094,pobre,0,0,0.0,699.33099,1.0,60.0,7,382,36575,1,
98,0.0,0.0,0.0,1.0,1.0,7,28.87126420509094,28.87126420509094,pobre,0,0,0.0,699.33099,1.0,60.0,8,382,36575,1,
97,0.0,0.0,2.71,1.0,2.0,9,52.63200016121546,52.63200016121546,pobre,basal,2,625.0,629.0,0.0,35.0,13,247,36576,2,1.0
98,0.0,0.0,2.71,0.0,3.0,9,52.63200016121546,52.63200016121546,pobre,basal,2,625.0,629.0,0.0,35.0,14,247,36576,2,1.0
97,1.0,0.0,2.71,1.0,2.0,9,52.63200016121546,52.63200016121546,pobre,basal,2,625.0,629.0,0.0,35.0,11,247,36577,2,1.0
98,1.0,0.0,2.71,1.0,3.0,9,52.63200016121546,52.63200016121546,pobre,basal,2,625.0,629.0,0.0,35.0,12,247,36577,2,1.0
97,1.0,0.0,2.71,1.0,2.0,9,52.63200016121546,52.63200016121546,pobre,basal,2,625.0,629.0,0.0,35.0,10,247,36578,2,1.0
98,1.0,0.0,2.71,1.0,3.0,9,52.63200016121546,52.63200016121546,pobre,basal,2,625.0,629.0,0.0,35.0,11,247,36578,2,1.0
97,1.0,0.0,2.71,1.0,2.0,9,52.63200016121546,52.63200016121546,pobre,basal,2,625.0,629.0,0.0,35.0,9,247,36579,2,1.0
98,1.0,0.0,2.71,1.0,3.0,9,52.63200016121546,52.63200016121546,pobre,basal,2,625.0,629.0,0.0,35.0,10,247,36579,2,1.0
97,1.0,0.0,2.71,1.0,6.0,6,52.63200016121546,52.63200016121546,pobre,basal,3,800.0,728.0,1.0,31.0,12,247,36580,6,1.0
98,1.0,0.0,2.71,1.0,7.0,6,52.63200016121546,52.63200016121546,pobre,basal,3,800.0,728.0,1.0,31.0,13,247,36580,6,1.0
97,0.0,0.0,2.71,1.0,4.0,6,52.63200016121546,52.63200016121546,pobre,basal,3,800.0,728.0,1.0,31.0,10,247,36581,4,1.0
98,0.0,0.0,2.71,1.0,5.0,6,52.63200016121546,52.63200016121546,pobre,basal,3,800.0,728.0,1.0,31.0,11,247,36581,4,1.0
97,1.0,0.0,2.71,1.0,2.0,6,52.63200016121546,52.63200016121546,pobre,basal,3,800.0,728.0,1.0,31.0,9,247,36582,2,1.0
98,1.0,0.0,2.71,1.0,3.0,6,52.63200016121546,52.63200016121546,pobre,basal,3,800.0,728.0,1.0,31.0,10,247,36582,2,1.0
97,1.0,0.0,2.71,1.0,2.0,5,52.63200016121546,52.63200016121546,pobre,basal,5,800.0,758.0,1.0,31.0,6,247,36583,2,1.0
98,1.0,0.0,2.71,1.0,3.0,5,52.63200016121546,52.63200016121546,pobre,basal,5,800.0,758.0,1.0,31.0,7,247,36583,2,1.0
97,1.0,0.0,2.71,1.0,2.0,6,52.63200016121546,52.63200016121546,pobre,basal,9,1540.0,853.0,1.0,33.0,8,247,36584,2,1.0
98,1.0,0.0,2.71,,,6,52.63200016121546,52.63200016121546,pobre,basal,9,1540.0,853.0,1.0,33.0,9,247,36584,2,1.0
97,0.0,0.0,2.71,1.0,2.0,6,52.63200016121546,52.63200016121546,pobre,basal,9,1540.0,853.0,1.0,33.0,6,247,36585,2,1.0
98,0.0,0.0,2.71,,,6,52.63200016121546,52.63200016121546,pobre,basal,9,1540.0,853.0,1.0,33.0,7,247,36585,2,1.0
97,1.0,,0.097000003,,0.0,6,30.33839597234041,88.87675780483835,pobre,basal,0,0.0,733.0,1.0,53.0,16,235,36586,0,
98,1.0,,0.097000003,,,6,30.33839597234041,88.87675780483835,pobre,basal,0,0.0,733.0,1.0,53.0,17,235,36586,0,
97,1.0,,0.097000003,,0.0,6,30.33839597234041,88.87675780483835,pobre,basal,0,0.0,733.0,1.0,53.0,11,235,36587,0,
98,1.0,,0.097000003,1.0,4.0,6,30.33839597234041,88.87675780483835,pobre,basal,0,0.0,733.0,1.0,53.0,12,235,36587,0,
97,0.0,,0.097000003,,0.0,6,30.33839597234041,88.87675780483835,pobre,basal,0,0.0,733.0,1.0,53.0,9,235,36588,0,
98,0.0,,0.097000003,1.0,1.0,6,30.33839597234041,88.87675780483835,pobre,basal,0,0.0,733.0,1.0,53.0,10,235,36588,0,
97,1.0,0.0,0.0,1.0,3.0,8,42.16862207729481,42.16862207729481,pobre,basal,6,0.0,705.0,1.0,32.0,9,202,36589,3,1.0
98,1.0,0.0,0.0,1.0,4.0,8,42.16862207729481,42.16862207729481,pobre,basal,6,0.0,705.0,1.0,32.0,10,202,36589,3,1.0
97,1.0,0.0,0.0,1.0,1.0,8,42.16862207729481,42.16862207729481,pobre,basal,6,0.0,705.0,1.0,32.0,7,202,36590,1,1.0
98,1.0,0.0,0.0,1.0,2.0,8,42.16862207729481,42.16862207729481,pobre,basal,6,0.0,705.0,1.0,32.0,8,202,36590,1,1.0
97,0.0,0.0,0.0,1.0,0.0,8,42.16862207729481,42.16862207729481,pobre,basal,6,0.0,705.0,1.0,32.0,6,202,36591,0,1.0
98,0.0,0.0,0.0,1.0,1.0,8,42.16862207729481,42.16862207729481,pobre,basal,6,0.0,705.0,1.0,32.0,7,202,36591,0,1.0
97,0.0,0.0,0.0,0.0,6.0,9,42.16862207729481,42.16862207729481,no pobre,basal,4,625.0,909.0,1.0,38.0,15,202,36592,6,0.0
98,0.0,0.0,0.0,0.0,6.0,9,42.16862207729481,42.16862207729481,no pobre,basal,4,625.0,909.0,1.0,38.0,16,202,36592,6,0.0
97,0.0,0.0,0.0,1.0,7.0,9,42.16862207729481,42.16862207729481,no pobre,basal,4,625.0,909.0,1.0,38.0,13,202,36593,7,1.0
98,0.0,0.0,0.0,1.0,8.0,9,42.16862207729481,42.16862207729481,no pobre,basal,4,625.0,909.0,1.0,38.0,14,202,36593,7,1.0
97,1.0,0.0,0.0,1.0,5.0,9,42.16862207729481,42.16862207729481,no pobre,basal,4,625.0,909.0,1.0,38.0,11,202,36594,5,1.0
98,1.0,0.0,0.0,0.0,5.0,9,42.16862207729481,42.16862207729481,no pobre,basal,4,625.0,909.0,1.0,38.0,12,202,36594,5,1.0
97,0.0,0.0,0.0,1.0,3.0,9,42.16862207729481,42.16862207729481,no pobre,basal,4,625.0,909.0,1.0,38.0,9,202,36595,3,1.0
98,0.0,0.0,0.0,1.0,4.0,9,42.16862207729481,42.16862207729481,no pobre,basal,4,625.0,909.0,1.0,38.0,10,202,36595,3,1.0
97,1.0,0.0,0.0,1.0,1.0,9,42.16862207729481,42.16862207729481,no pobre,basal,4,625.0,909.0,1.0,38.0,7,202,36596,1,1.0
98,1.0,0.0,0.0,1.0,2.0,9,42.16862207729481,42.16862207729481,no pobre,basal,4,625.0,909.0,1.0,38.0,8,202,36596,1,1.0
97,1.0,0.0,0.0,0.0,6.0,9,42.16862207729481,42.16862207729481,pobre,basal,5,625.0,591.0,1.0,36.0,16,202,36597,6,0.0
98,1.0,0.0,0.0,,,9,42.16862207729481,42.16862207729481,pobre,basal,5,625.0,591.0,1.0,36.0,17,202,36597,6,0.0
97,0.0,0.0,0.0,0.0,6.0,9,42.16862207729481,42.16862207729481,pobre,basal,5,625.0,591.0,1.0,36.0,13,202,36598,6,0.0
98,0.0,0.0,0.0,0.0,6.0,9,42.16862207729481,42.16862207729481,pobre,basal,5,625.0,591.0,1.0,36.0,14,202,36598,6,0.0
97,0.0,0.0,0.0,1.0,5.0,9,42.16862207729481,42.16862207729481,pobre,basal,5,625.0,591.0,1.0,36.0,11,202,36599,5,1.0
98,0.0,0.0,0.0,0.0,6.0,9,42.16862207729481,42.16862207729481,pobre,basal,5,625.0,591.0,1.0,36.0,12,202,36599,5,1.0
97,0.0,0.0,0.0,1.0,2.0,9,42.16862207729481,42.16862207729481,pobre,basal,5,625.0,591.0,1.0,36.0,8,202,36600,2,1.0
98,0.0,0.0,0.0,1.0,3.0,9,42.16862207729481,42.16862207729481,pobre,basal,5,625.0,591.0,1.0,36.0,9,202,36600,2,1.0
97,0.0,0.0,0.0,1.0,8.0,5,42.16862207729481,42.16862207729481,pobre,basal,3,500.0,706.0,1.0,49.0,16,202,36601,8,1.0
98,0.0,0.0,0.0,,,5,42.16862207729481,42.16862207729481,pobre,basal,3,500.0,706.0,1.0,49.0,17,202,36601,8,1.0
97,1.0,0.0,0.0,1.0,6.0,5,42.16862207729481,42.16862207729481,pobre,basal,3,500.0,706.0,1.0,49.0,13,202,36602,6,1.0
98,1.0,0.0,0.0,1.0,7.0,5,42.16862207729481,42.16862207729481,pobre,basal,3,500.0,706.0,1.0,49.0,14,202,36602,6,1.0
97,1.0,0.0,2.71,1.0,6.0,6,52.63200016121546,52.63200016121546,pobre,basal,3,800.0,683.0,1.0,36.0,12,247,36603,6,1.0
98,1.0,0.0,2.71,1.0,7.0,6,52.63200016121546,52.63200016121546,pobre,basal,3,800.0,683.0,1.0,36.0,13,247,36603,6,1.0
97,0.0,0.0,2.71,1.0,4.0,6,52.63200016121546,52.63200016121546,pobre,basal,3,800.0,683.0,1.0,36.0,9,247,36604,4,1.0
98,0.0,0.0,2.71,1.0,5.0,6,52.63200016121546,52.63200016121546,pobre,basal,3,800.0,683.0,1.0,36.0,10,247,36604,4,1.0
97,1.0,0.0,2.71,1.0,1.0,6,52.63200016121546,52.63200016121546,pobre,basal,3,800.0,683.0,1.0,36.0,7,247,36605,1,1.0
98,1.0,0.0,2.71,1.0,2.0,6,52.63200016121546,52.63200016121546,pobre,basal,3,800.0,683.0,1.0,36.0,8,247,36605,1,1.0
97,1.0,0.0,2.71,0.0,6.0,7,52.63200016121546,52.63200016121546,pobre,basal,1,8.333333,862.5,1.0,54.0,12,247,36606,6,0.0
98,1.0,0.0,2.71,1.0,6.0,7,52.63200016121546,52.63200016121546,pobre,basal,1,8.333333,862.5,1.0,54.0,13,247,36606,6,0.0
97,1.0,0.0,2.71,0.0,9.0,12,52.63200016121546,52.63200016121546,no pobre,basal,4,600.0,977.0,1.0,53.0,16,247,36607,9,0.0
98,1.0,0.0,2.71,,,12,52.63200016121546,52.63200016121546,no pobre,basal,4,600.0,977.0,1.0,53.0,17,247,36607,9,0.0
97,1.0,0.0,2.71,1.0,9.0,12,52.63200016121546,52.63200016121546,no pobre,basal,4,600.0,977.0,1.0,53.0,14,247,36608,9,1.0
98,1.0,0.0,2.71,,,12,52.63200016121546,52.63200016121546,no pobre,basal,4,600.0,977.0,1.0,53.0,15,247,36608,9,1.0
97,0.0,0.0,2.71,1.0,8.0,12,52.63200016121546,52.63200016121546,no pobre,basal,4,600.0,977.0,1.0,53.0,12,247,36609,8,1.0
98,0.0,0.0,2.71,,,12,52.63200016121546,52.63200016121546,no pobre,basal,4,600.0,977.0,1.0,53.0,13,247,36609,8,1.0
97,0.0,0.0,2.71,1.0,5.0,12,52.63200016121546,52.63200016121546,no pobre,basal,4,600.0,977.0,1.0,53.0,11,247,36610,5,1.0
98,0.0,0.0,2.71,,,12,52.63200016121546,52.63200016121546,no pobre,basal,4,600.0,977.0,1.0,53.0,12,247,36610,5,1.0
97,0.0,0.0,2.71,1.0,5.0,12,52.63200016121546,52.63200016121546,no pobre,basal,4,600.0,977.0,1.0,53.0,10,247,36611,5,1.0
98,0.0,0.0,2.71,,,12,52.63200016121546,52.63200016121546,no pobre,basal,4,600.0,977.0,1.0,53.0,11,247,36611,5,1.0
97,1.0,0.0,0.0,0.0,8.0,8,42.16862207729481,42.16862207729481,no pobre,basal,3,750.0,1060.7142,1.0,54.0,15,202,36612,8,0.0
98,1.0,0.0,0.0,,,8,42.16862207729481,42.16862207729481,no pobre,basal,3,750.0,1060.7142,1.0,54.0,16,202,36612,8,0.0
97,0.0,0.0,0.0,0.0,6.0,8,42.16862207729481,42.16862207729481,no pobre,basal,3,750.0,1060.7142,1.0,54.0,13,202,36613,6,0.0
98,0.0,0.0,0.0,0.0,6.0,8,42.16862207729481,42.16862207729481,no pobre,basal,3,750.0,1060.7142,1.0,54.0,14,202,36613,6,0.0
97,1.0,0.0,0.0,0.0,6.0,10,42.16862207729481,42.16862207729481,no pobre,basal,2,0.0,893.0,1.0,49.0,15,202,36614,6,0.0
98,1.0,0.0,0.0,,,10,42.16862207729481,42.16862207729481,no pobre,basal,2,0.0,893.0,1.0,49.0,16,202,36614,6,0.0
97,1.0,0.0,0.0,1.0,4.0,10,42.16862207729481,42.16862207729481,no pobre,basal,2,0.0,893.0,1.0,49.0,9,202,36615,4,1.0
98,1.0,0.0,0.0,1.0,5.0,10,42.16862207729481,42.16862207729481,no pobre,basal,2,0.0,893.0,1.0,49.0,10,202,36615,4,1.0
97,1.0,0.0,0.0,1.0,5.0,5,42.16862207729481,42.16862207729481,no pobre,basal,6,0.0,838.0,1.0,29.0,12,202,36616,5,1.0
98,1.0,0.0,0.0,1.0,6.0,5,42.16862207729481,42.16862207729481,no pobre,basal,6,0.0,838.0,1.0,29.0,13,202,36616,5,1.0
97,0.0,0.0,0.0,1.0,3.0,5,42.16862207729481,42.16862207729481,no pobre,basal,6,0.0,838.0,1.0,29.0,8,202,36617,3,1.0
98,0.0,0.0,0.0,1.0,3.0,5,42.16862207729481,42.16862207729481,no pobre,basal,6,0.0,838.0,1.0,29.0,9,202,36617,3,1.0
97,1.0,0.0,0.0,1.0,2.0,5,42.16862207729481,42.16862207729481,no pobre,basal,6,0.0,838.0,1.0,29.0,7,202,36618,2,1.0
98,1.0,0.0,0.0,1.0,2.0,5,42.16862207729481,42.16862207729481,no pobre,basal,6,0.0,838.0,1.0,29.0,8,202,36618,2,1.0
97,1.0,0.0,1.794,1.0,9.0,5,32.92823013337043,86.32732810423596,no pobre,basal,6,750.0,1040.0,1.0,47.0,15,236,36619,9,1.0
98,1.0,0.0,1.794,0.0,9.0,5,32.92823013337043,86.32732810423596,no pobre,basal,6,750.0,1040.0,1.0,47.0,16,236,36619,9,1.0
97,0.0,0.0,1.794,1.0,1.0,4,32.92823013337043,86.32732810423596,no pobre,basal,3,750.0,1035.0,1.0,51.0,12,236,36620,1,1.0
98,0.0,0.0,1.794,,,4,32.92823013337043,86.32732810423596,no pobre,basal,3,750.0,1035.0,1.0,51.0,13,236,36620,1,1.0
97,1.0,0.0,0.0,0.0,5.0,9,42.16862207729481,42.16862207729481,pobre,basal,1,400.0,641.0,1.0,41.0,14,202,36621,5,0.0
98,1.0,0.0,0.0,0.0,5.0,9,42.16862207729481,42.16862207729481,pobre,basal,1,400.0,641.0,1.0,41.0,15,202,36621,5,0.0
97,0.0,0.0,0.0,1.0,4.0,9,42.16862207729481,42.16862207729481,pobre,basal,1,400.0,641.0,1.0,41.0,10,202,36622,4,1.0
98,0.0,0.0,0.0,1.0,5.0,9,42.16862207729481,42.16862207729481,pobre,basal,1,400.0,641.0,1.0,41.0,11,202,36622,4,1.0
97,1.0,0.0,0.0,1.0,1.0,9,42.16862207729481,42.16862207729481,pobre,basal,1,400.0,641.0,1.0,41.0,9,202,36623,1,1.0
98,1.0,0.0,0.0,1.0,2.0,9,42.16862207729481,42.16862207729481,pobre,basal,1,400.0,641.0,1.0,41.0,10,202,36623,1,1.0
97,0.0,0.0,0.0,1.0,1.0,9,42.16862207729481,42.16862207729481,pobre,basal,1,400.0,641.0,1.0,41.0,7,202,36624,1,1.0
98,0.0,0.0,0.0,1.0,2.0,9,42.16862207729481,42.16862207729481,pobre,basal,1,400.0,641.0,1.0,41.0,8,202,36624,1,1.0
97,0.0,0.0,0.0,0.0,6.0,9,42.16862207729481,42.16862207729481,pobre,basal,2,500.0,746.0,1.0,42.0,14,202,36625,6,0.0
98,0.0,0.0,0.0,0.0,6.0,9,42.16862207729481,42.16862207729481,pobre,basal,2,500.0,746.0,1.0,42.0,15,202,36625,6,0.0
97,1.0,0.0,0.0,1.0,6.0,9,42.16862207729481,42.16862207729481,pobre,basal,2,500.0,746.0,1.0,42.0,12,202,36626,6,1.0
98,1.0,0.0,0.0,1.0,7.0,9,42.16862207729481,42.16862207729481,pobre,basal,2,500.0,746.0,1.0,42.0,13,202,36626,6,1.0
97,0.0,0.0,0.0,1.0,3.0,9,42.16862207729481,42.16862207729481,pobre,basal,2,500.0,746.0,1.0,42.0,10,202,36627,3,1.0
98,0.0,0.0,0.0,1.0,4.0,9,42.16862207729481,42.16862207729481,pobre,basal,2,500.0,746.0,1.0,42.0,11,202,36627,3,1.0
97,1.0,0.0,0.0,1.0,0.0,9,42.16862207729481,42.16862207729481,pobre,basal,2,500.0,746.0,1.0,42.0,7,202,36628,0,1.0
98,1.0,0.0,0.0,1.0,1.0,9,42.16862207729481,42.16862207729481,pobre,basal,2,500.0,746.0,1.0,42.0,8,202,36628,0,1.0
97,1.0,0.0,4.0040002,1.0,8.0,5,95.80075126426225,95.80075126426225,no pobre,basal,0,0.0,,1.0,56.0,14,332,36629,8,1.0
98,1.0,0.0,4.0040002,0.0,9.0,5,95.80075126426225,95.80075126426225,no pobre,basal,0,0.0,,1.0,56.0,15,332,36629,8,1.0
97,0.0,0.0,0.0,1.0,3.0,6,42.16862207729481,42.16862207729481,pobre,basal,3,875.0,712.0,1.0,36.0,9,202,36630,3,1.0
98,0.0,0.0,0.0,1.0,4.0,6,42.16862207729481,42.16862207729481,pobre,basal,3,875.0,712.0,1.0,36.0,10,202,36630,3,1.0
97,0.0,0.0,0.0,1.0,2.0,6,42.16862207729481,42.16862207729481,pobre,basal,3,875.0,712.0,1.0,36.0,7,202,36631,2,1.0
98,0.0,0.0,0.0,1.0,3.0,6,42.16862207729481,42.16862207729481,pobre,basal,3,875.0,712.0,1.0,36.0,8,202,36631,2,1.0
97,1.0,0.0,0.0,0.0,4.0,6,42.16862207729481,42.16862207729481,no pobre,basal,3,0.0,803.0,1.0,55.0,15,202,36632,4,0.0
98,1.0,0.0,0.0,0.0,4.0,6,42.16862207729481,42.16862207729481,no pobre,basal,3,0.0,803.0,1.0,55.0,16,202,36632,4,0.0
97,0.0,0.0,0.0,0.0,6.0,6,42.16862207729481,42.16862207729481,no pobre,basal,3,0.0,803.0,1.0,55.0,13,202,36633,6,0.0
98,0.0,0.0,0.0,0.0,6.0,6,42.16862207729481,42.16862207729481,no pobre,basal,3,0.0,803.0,1.0,55.0,14,202,36633,6,0.0
97,1.0,0.0,0.0,1.0,1.0,6,42.16862207729481,42.16862207729481,no pobre,basal,3,0.0,803.0,1.0,55.0,7,202,36634,1,1.0
98,1.0,0.0,0.0,1.0,2.0,6,42.16862207729481,42.16862207729481,no pobre,basal,3,0.0,803.0,1.0,55.0,8,202,36634,1,1.0
97,1.0,0.0,4.0040002,1.0,4.0,8,95.80075126426225,95.80075126426225,pobre,basal,3,0.0,,0.0,40.0,16,332,36635,4,1.0
98,1.0,0.0,4.0040002,,,8,95.80075126426225,95.80075126426225,pobre,basal,3,0.0,,0.0,40.0,17,332,36635,4,1.0
97,1.0,0.0,4.0040002,0.0,6.0,8,95.80075126426225,95.80075126426225,pobre,basal,3,0.0,,0.0,40.0,14,332,36636,6,0.0
98,1.0,0.0,4.0040002,0.0,6.0,8,95.80075126426225,95.80075126426225,pobre,basal,3,0.0,,0.0,40.0,15,332,36636,6,0.0
97,0.0,0.0,4.0040002,1.0,4.0,8,95.80075126426225,95.80075126426225,pobre,basal,3,0.0,,0.0,40.0,13,332,36637,4,1.0
98,0.0,0.0,4.0040002,1.0,5.0,8,95.80075126426225,95.80075126426225,pobre,basal,3,0.0,,0.0,40.0,14,332,36637,4,1.0
97,1.0,0.0,4.0040002,1.0,3.0,8,95.80075126426225,95.80075126426225,pobre,basal,3,0.0,,0.0,40.0,10,332,36638,3,1.0
98,1.0,0.0,4.0040002,1.0,4.0,8,95.80075126426225,95.80075126426225,pobre,basal,3,0.0,,0.0,40.0,11,332,36638,3,1.0
97,1.0,0.0,4.0040002,1.0,1.0,8,95.80075126426225,95.80075126426225,pobre,basal,3,0.0,,0.0,40.0,7,332,36639,1,1.0
98,1.0,0.0,4.0040002,1.0,2.0,8,95.80075126426225,95.80075126426225,pobre,basal,3,0.0,,0.0,40.0,8,332,36639,1,1.0
97,1.0,0.0,4.0040002,1.0,1.0,8,95.80075126426225,95.80075126426225,pobre,basal,0,0.0,,1.0,62.0,8,332,36640,1,1.0
98,1.0,0.0,4.0040002,1.0,3.0,8,95.80075126426225,95.80075126426225,pobre,basal,0,0.0,,1.0,62.0,9,332,36640,1,1.0
97,1.0,0.0,4.0040002,1.0,1.0,5,95.80075126426225,95.80075126426225,no pobre,basal,0,0.0,,1.0,75.0,8,332,36641,1,1.0
98,1.0,0.0,4.0040002,1.0,2.0,5,95.80075126426225,95.80075126426225,no pobre,basal,0,0.0,,1.0,75.0,9,332,36641,1,1.0
97,0.0,0.0,0.0,1.0,5.0,9,42.16862207729481,42.16862207729481,no pobre,basal,4,0.0,929.5,1.0,59.0,10,202,36642,5,1.0
98,0.0,0.0,0.0,1.0,6.0,9,42.16862207729481,42.16862207729481,no pobre,basal,4,0.0,929.5,1.0,59.0,11,202,36642,5,1.0
97,0.0,0.0,0.0,1.0,0.0,9,42.16862207729481,42.16862207729481,no pobre,basal,4,0.0,929.5,1.0,59.0,6,202,36643,0,1.0
98,0.0,0.0,0.0,1.0,1.0,9,42.16862207729481,42.16862207729481,no pobre,basal,4,0.0,929.5,1.0,59.0,7,202,36643,0,1.0
97,0.0,0.0,0.0,1.0,6.0,6,42.16862207729481,42.16862207729481,no pobre,basal,2,0.0,933.0,1.0,45.0,12,202,36644,6,1.0
98,0.0,0.0,0.0,1.0,7.0,6,42.16862207729481,42.16862207729481,no pobre,basal,2,0.0,933.0,1.0,45.0,13,202,36644,6,1.0
97,1.0,0.0,0.0,1.0,5.0,6,42.16862207729481,42.16862207729481,no pobre,basal,2,0.0,933.0,1.0,45.0,10,202,36645,5,1.0
98,1.0,0.0,0.0,1.0,6.0,6,42.16862207729481,42.16862207729481,no pobre,basal,2,0.0,933.0,1.0,45.0,11,202,36645,5,1.0
97,1.0,0.0,0.0,1.0,3.0,6,42.16862207729481,42.16862207729481,no pobre,basal,2,0.0,933.0,1.0,45.0,9,202,36646,3,1.0
98,1.0,0.0,0.0,1.0,4.0,6,42.16862207729481,42.16862207729481,no pobre,basal,2,0.0,933.0,1.0,45.0,10,202,36646,3,1.0
97,1.0,0.0,0.0,1.0,1.0,6,42.16862207729481,42.16862207729481,no pobre,basal,2,0.0,933.0,1.0,45.0,7,202,36647,1,1.0
98,1.0,0.0,0.0,1.0,2.0,6,42.16862207729481,42.16862207729481,no pobre,basal,2,0.0,933.0,1.0,45.0,8,202,36647,1,1.0
97,0.0,0.0,0.0,1.0,3.0,6,42.16862207729481,42.16862207729481,pobre,basal,9,1400.0,728.0,1.0,30.0,9,202,36648,3,1.0
98,0.0,0.0,0.0,1.0,4.0,6,42.16862207729481,42.16862207729481,pobre,basal,9,1400.0,728.0,1.0,30.0,10,202,36648,3,1.0
97,0.0,0.0,0.0,1.0,1.0,6,42.16862207729481,42.16862207729481,pobre,basal,9,1400.0,728.0,1.0,30.0,7,202,36649,1,1.0
98,0.0,0.0,0.0,1.0,2.0,6,42.16862207729481,42.16862207729481,pobre,basal,9,1400.0,728.0,1.0,30.0,8,202,36649,1,1.0
97,0.0,0.0,4.0040002,0.0,6.0,4,95.80075126426225,95.80075126426225,pobre,basal,0,0.0,,1.0,73.0,13,332,36650,6,0.0
98,0.0,0.0,4.0040002,0.0,6.0,4,95.80075126426225,95.80075126426225,pobre,basal,0,0.0,,1.0,73.0,14,332,36650,6,0.0
97,1.0,0.0,4.0040002,1.0,8.0,4,95.80075126426225,95.80075126426225,pobre,basal,1,500.0,,0.0,46.0,15,332,36651,8,1.0
98,1.0,0.0,4.0040002,0.0,9.0,4,95.80075126426225,95.80075126426225,pobre,basal,1,500.0,,0.0,46.0,16,332,36651,8,1.0
97,1.0,0.0,4.0040002,1.0,2.0,4,95.80075126426225,95.80075126426225,pobre,basal,1,500.0,,0.0,46.0,8,332,36652,2,1.0
98,1.0,0.0,4.0040002,1.0,3.0,4,95.80075126426225,95.80075126426225,pobre,basal,1,500.0,,0.0,46.0,9,332,36652,2,1.0
97,1.0,0.0,0.0,0.0,9.0,3,42.16862207729481,42.16862207729481,no pobre,basal,3,83.333336,871.0,1.0,57.0,16,202,36653,9,0.0
98,1.0,0.0,0.0,,,3,42.16862207729481,42.16862207729481,no pobre,basal,3,83.333336,871.0,1.0,57.0,17,202,36653,9,0.0
97,0.0,0.0,0.0,1.0,8.0,14,42.16862207729481,42.16862207729481,no pobre,basal,2,625.0,1117.0,1.0,57.0,12,202,36654,8,1.0
98,0.0,0.0,0.0,1.0,8.0,14,42.16862207729481,42.16862207729481,no pobre,basal,2,625.0,1117.0,1.0,57.0,13,202,36654,8,1.0
97,0.0,0.0,0.0,1.0,5.0,14,42.16862207729481,42.16862207729481,no pobre,basal,2,625.0,1117.0,1.0,57.0,10,202,36655,5,1.0
98,0.0,0.0,0.0,1.0,,14,42.16862207729481,42.16862207729481,no pobre,basal,2,625.0,1117.0,1.0,57.0,11,202,36655,5,1.0
97,1.0,0.0,0.0,0.0,5.0,8,42.16862207729481,42.16862207729481,no pobre,basal,2,1000.0,807.0,1.0,35.0,14,202,36656,5,0.0
98,1.0,0.0,0.0,0.0,5.0,8,42.16862207729481,42.16862207729481,no pobre,basal,2,1000.0,807.0,1.0,35.0,15,202,36656,5,0.0
97,0.0,0.0,0.0,0.0,5.0,8,42.16862207729481,42.16862207729481,no pobre,basal,2,1000.0,807.0,1.0,35.0,11,202,36657,5,0.0
98,0.0,0.0,0.0,0.0,5.0,8,42.16862207729481,42.16862207729481,no pobre,basal,2,1000.0,807.0,1.0,35.0,12,202,36657,5,0.0
97,0.0,0.0,0.0,1.0,4.0,8,42.16862207729481,42.16862207729481,no pobre,basal,2,1000.0,807.0,1.0,35.0,9,202,36658,4,1.0
98,0.0,0.0,0.0,1.0,4.0,8,42.16862207729481,42.16862207729481,no pobre,basal,2,1000.0,807.0,1.0,35.0,10,202,36658,4,1.0
97,0.0,0.0,0.0,1.0,2.0,8,42.16862207729481,42.16862207729481,no pobre,basal,2,1000.0,807.0,1.0,35.0,7,202,36659,2,1.0
98,0.0,0.0,0.0,1.0,2.0,8,42.16862207729481,42.16862207729481,no pobre,basal,2,1000.0,807.0,1.0,35.0,8,202,36659,2,1.0
97,0.0,0.0,0.0,0.0,9.0,24,42.16862207729481,42.16862207729481,pobre,basal,2,5.8333335,712.14288,1.0,57.0,15,202,36660,9,0.0
98,0.0,0.0,0.0,0.0,9.0,24,42.16862207729481,42.16862207729481,pobre,basal,2,5.8333335,712.14288,1.0,57.0,16,202,36660,9,0.0
97,1.0,0.0,0.0,1.0,1.0,24,42.16862207729481,42.16862207729481,pobre,basal,2,5.8333335,712.14288,1.0,57.0,7,202,36661,1,1.0
98,1.0,0.0,0.0,1.0,2.0,24,42.16862207729481,42.16862207729481,pobre,basal,2,5.8333335,712.14288,1.0,57.0,8,202,36661,1,1.0
97,1.0,0.0,0.0,1.0,2.0,24,42.16862207729481,42.16862207729481,pobre,basal,2,5.8333335,712.14288,1.0,57.0,8,202,36662,2,1.0
98,1.0,0.0,0.0,1.0,3.0,24,42.16862207729481,42.16862207729481,pobre,basal,2,5.8333335,712.14288,1.0,57.0,9,202,36662,2,1.0
97,1.0,0.0,0.0,,0.0,24,42.16862207729481,42.16862207729481,pobre,basal,2,5.8333335,712.14288,1.0,57.0,6,202,36663,0,
98,1.0,0.0,0.0,1.0,0.0,24,42.16862207729481,42.16862207729481,pobre,basal,2,5.8333335,712.14288,1.0,57.0,7,202,36663,0,
97,1.0,0.0,0.0,1.0,1.0,24,42.16862207729481,42.16862207729481,pobre,basal,2,5.8333335,712.14288,1.0,57.0,8,202,36664,1,1.0
98,1.0,0.0,0.0,1.0,1.0,24,42.16862207729481,42.16862207729481,pobre,basal,2,5.8333335,712.14288,1.0,57.0,9,202,36664,1,1.0
97,0.0,0.0,0.0,,0.0,24,42.16862207729481,42.16862207729481,pobre,basal,2,5.8333335,712.14288,1.0,57.0,6,202,36665,0,
98,0.0,0.0,0.0,1.0,0.0,24,42.16862207729481,42.16862207729481,pobre,basal,2,5.8333335,712.14288,1.0,57.0,7,202,36665,0,
97,0.0,0.0,0.0,0.0,6.0,11,42.16862207729481,42.16862207729481,pobre,basal,2,500.0,648.0,1.0,37.0,14,202,36666,6,0.0
98,0.0,0.0,0.0,0.0,6.0,11,42.16862207729481,42.16862207729481,pobre,basal,2,500.0,648.0,1.0,37.0,15,202,36666,6,0.0
97,1.0,0.0,0.0,1.0,6.0,11,42.16862207729481,42.16862207729481,pobre,basal,2,500.0,648.0,1.0,37.0,12,202,36667,6,1.0
98,1.0,0.0,0.0,1.0,6.0,11,42.16862207729481,42.16862207729481,pobre,basal,2,500.0,648.0,1.0,37.0,13,202,36667,6,1.0
97,0.0,0.0,0.0,1.0,5.0,11,42.16862207729481,42.16862207729481,pobre,basal,2,500.0,648.0,1.0,37.0,10,202,36668,5,1.0
98,0.0,0.0,0.0,1.0,5.0,11,42.16862207729481,42.16862207729481,pobre,basal,2,500.0,648.0,1.0,37.0,11,202,36668,5,1.0
97,0.0,0.0,0.0,1.0,3.0,11,42.16862207729481,42.16862207729481,pobre,basal,2,500.0,648.0,1.0,37.0,7,202,36669,3,1.0
98,0.0,0.0,0.0,1.0,3.0,11,42.16862207729481,42.16862207729481,pobre,basal,2,500.0,648.0,1.0,37.0,8,202,36669,3,1.0
97,1.0,0.0,0.0,1.0,0.0,11,42.16862207729481,42.16862207729481,pobre,basal,2,500.0,648.0,1.0,37.0,7,202,36670,0,1.0
98,1.0,0.0,0.0,1.0,1.0,11,42.16862207729481,42.16862207729481,pobre,basal,2,500.0,648.0,1.0,37.0,8,202,36670,0,1.0
97,1.0,0.0,0.0,,0.0,10,42.16862207729481,42.16862207729481,no pobre,basal,0,625.0,850.0,1.0,49.0,14,202,36671,0,
98,1.0,0.0,0.0,0.0,3.0,10,42.16862207729481,42.16862207729481,no pobre,basal,0,625.0,850.0,1.0,49.0,15,202,36671,0,
97,1.0,0.0,0.0,1.0,4.0,10,42.16862207729481,42.16862207729481,no pobre,basal,0,625.0,850.0,1.0,49.0,12,202,36672,4,1.0
98,1.0,0.0,0.0,0.0,,10,42.16862207729481,42.16862207729481,no pobre,basal,0,625.0,850.0,1.0,49.0,13,202,36672,4,1.0
97,0.0,0.0,0.0,1.0,4.0,10,42.16862207729481,42.16862207729481,no pobre,basal,0,625.0,850.0,1.0,49.0,9,202,36673,4,1.0
98,0.0,0.0,0.0,1.0,,10,42.16862207729481,42.16862207729481,no pobre,basal,0,625.0,850.0,1.0,49.0,10,202,36673,4,1.0
97,0.0,,0.0,0.0,2.0,10,42.16862207729481,42.16862207729481,no pobre,basal,0,625.0,850.0,1.0,49.0,12,202,36674,2,0.0
98,0.0,,0.0,0.0,,10,42.16862207729481,42.16862207729481,no pobre,basal,0,625.0,850.0,1.0,49.0,13,202,36674,2,0.0
97,0.0,0.0,0.0,1.0,6.0,6,42.16862207729481,42.16862207729481,pobre,basal,4,500.0,709.0,1.0,36.0,12,202,36675,6,1.0
98,0.0,0.0,0.0,1.0,7.0,6,42.16862207729481,42.16862207729481,pobre,basal,4,500.0,709.0,1.0,36.0,13,202,36675,6,1.0
97,1.0,0.0,0.0,1.0,2.0,6,42.16862207729481,42.16862207729481,pobre,basal,4,500.0,709.0,1.0,36.0,9,202,36676,2,1.0
98,1.0,0.0,0.0,1.0,3.0,6,42.16862207729481,42.16862207729481,pobre,basal,4,500.0,709.0,1.0,36.0,10,202,36676,2,1.0
97,0.0,0.0,0.0,1.0,1.0,6,42.16862207729481,42.16862207729481,pobre,basal,4,500.0,709.0,1.0,36.0,6,202,36677,1,1.0
98,0.0,0.0,0.0,1.0,1.0,6,42.16862207729481,42.16862207729481,pobre,basal,4,500.0,709.0,1.0,36.0,7,202,36677,1,1.0
97,1.0,0.0,0.0,1.0,1.0,6,42.16862207729481,42.16862207729481,pobre,basal,6,720.0,733.0,1.0,24.0,6,202,36678,1,1.0
98,1.0,0.0,0.0,1.0,1.0,6,42.16862207729481,42.16862207729481,pobre,basal,6,720.0,733.0,1.0,24.0,7,202,36678,1,1.0
97,1.0,0.0,0.0,0.0,6.0,5,42.16862207729481,42.16862207729481,no pobre,basal,6,750.0,870.0,1.0,34.0,16,202,36679,6,0.0
98,1.0,0.0,0.0,,,5,42.16862207729481,42.16862207729481,no pobre,basal,6,750.0,870.0,1.0,34.0,17,202,36679,6,0.0
97,0.0,0.0,0.0,1.0,8.0,5,42.16862207729481,42.16862207729481,no pobre,basal,6,750.0,870.0,1.0,34.0,14,202,36680,8,1.0
98,0.0,0.0,0.0,0.0,9.0,5,42.16862207729481,42.16862207729481,no pobre,basal,6,750.0,870.0,1.0,34.0,15,202,36680,8,1.0
97,0.0,0.0,0.0,1.0,5.0,5,42.16862207729481,42.16862207729481,no pobre,basal,6,750.0,870.0,1.0,34.0,11,202,36681,5,1.0
98,0.0,0.0,0.0,1.0,6.0,5,42.16862207729481,42.16862207729481,no pobre,basal,6,750.0,870.0,1.0,34.0,12,202,36681,5,1.0
97,0.0,0.0,0.0,0.0,6.0,10,42.16862207729481,42.16862207729481,pobre,basal,6,625.0,742.0,1.0,23.0,16,202,36682,6,0.0
98,0.0,0.0,0.0,,,10,42.16862207729481,42.16862207729481,pobre,basal,6,625.0,742.0,1.0,23.0,17,202,36682,6,0.0
97,1.0,0.0,0.0,0.0,6.0,10,42.16862207729481,42.16862207729481,pobre,basal,6,625.0,742.0,1.0,23.0,14,202,36683,6,0.0
98,1.0,0.0,0.0,0.0,6.0,10,42.16862207729481,42.16862207729481,pobre,basal,6,625.0,742.0,1.0,23.0,15,202,36683,6,0.0
97,1.0,0.0,0.0,1.0,5.0,10,42.16862207729481,42.16862207729481,pobre,basal,6,625.0,742.0,1.0,23.0,11,202,36684,5,1.0
98,1.0,0.0,0.0,1.0,6.0,10,42.16862207729481,42.16862207729481,pobre,basal,6,625.0,742.0,1.0,23.0,12,202,36684,5,1.0
97,0.0,0.0,0.0,1.0,3.0,10,42.16862207729481,42.16862207729481,pobre,basal,6,625.0,742.0,1.0,23.0,9,202,36685,3,1.0
98,0.0,0.0,0.0,1.0,4.0,10,42.16862207729481,42.16862207729481,pobre,basal,6,625.0,742.0,1.0,23.0,10,202,36685,3,1.0
97,1.0,0.0,0.0,1.0,1.0,10,42.16862207729481,42.16862207729481,pobre,basal,6,625.0,742.0,1.0,23.0,6,202,36686,1,1.0
98,1.0,0.0,0.0,1.0,1.0,10,42.16862207729481,42.16862207729481,pobre,basal,6,625.0,742.0,1.0,23.0,7,202,36686,1,1.0
97,0.0,0.0,0.0,1.0,1.0,8,42.16862207729481,42.16862207729481,no pobre,basal,3,300.0,931.0,1.0,64.0,6,202,36687,1,1.0
98,0.0,0.0,0.0,1.0,1.0,8,42.16862207729481,42.16862207729481,no pobre,basal,3,300.0,931.0,1.0,64.0,7,202,36687,1,1.0
97,1.0,0.0,2.71,1.0,6.0,8,52.63200016121546,52.63200016121546,pobre,basal,4,1192.0,656.0,1.0,34.0,14,247,36688,6,1.0
98,1.0,0.0,2.71,1.0,8.0,8,52.63200016121546,52.63200016121546,pobre,basal,4,1192.0,656.0,1.0,34.0,15,247,36688,6,1.0
97,0.0,0.0,2.71,1.0,6.0,8,52.63200016121546,52.63200016121546,pobre,basal,4,1192.0,656.0,1.0,34.0,13,247,36689,6,1.0
98,0.0,0.0,2.71,1.0,7.0,8,52.63200016121546,52.63200016121546,pobre,basal,4,1192.0,656.0,1.0,34.0,14,247,36689,6,1.0
97,1.0,0.0,2.71,1.0,5.0,8,52.63200016121546,52.63200016121546,pobre,basal,4,1192.0,656.0,1.0,34.0,11,247,36690,5,1.0
98,1.0,0.0,2.71,1.0,6.0,8,52.63200016121546,52.63200016121546,pobre,basal,4,1192.0,656.0,1.0,34.0,12,247,36690,5,1.0
97,1.0,0.0,2.71,1.0,3.0,8,52.63200016121546,52.63200016121546,pobre,basal,4,1192.0,656.0,1.0,34.0,10,247,36691,3,1.0
98,1.0,0.0,2.71,1.0,4.0,8,52.63200016121546,52.63200016121546,pobre,basal,4,1192.0,656.0,1.0,34.0,11,247,36691,3,1.0
97,1.0,0.0,2.71,1.0,1.0,8,52.63200016121546,52.63200016121546,pobre,basal,4,1192.0,656.0,1.0,34.0,8,247,36692,1,1.0
98,1.0,0.0,2.71,1.0,3.0,8,52.63200016121546,52.63200016121546,pobre,basal,4,1192.0,656.0,1.0,34.0,9,247,36692,1,1.0
97,1.0,0.0,0.0,0.0,6.0,7,42.16862207729481,42.16862207729481,pobre,basal,3,625.0,746.0,1.0,35.0,15,202,36693,6,0.0
98,1.0,0.0,0.0,0.0,6.0,7,42.16862207729481,42.16862207729481,pobre,basal,3,625.0,746.0,1.0,35.0,16,202,36693,6,0.0
97,1.0,0.0,0.0,0.0,6.0,7,42.16862207729481,42.16862207729481,pobre,basal,3,625.0,746.0,1.0,35.0,12,202,36694,6,0.0
98,1.0,0.0,0.0,0.0,6.0,7,42.16862207729481,42.16862207729481,pobre,basal,3,625.0,746.0,1.0,35.0,13,202,36694,6,0.0
97,1.0,0.0,0.0,1.0,5.0,7,42.16862207729481,42.16862207729481,pobre,basal,3,625.0,746.0,1.0,35.0,12,202,36695,5,1.0
98,1.0,0.0,0.0,1.0,6.0,7,42.16862207729481,42.16862207729481,pobre,basal,3,625.0,746.0,1.0,35.0,13,202,36695,5,1.0
97,1.0,0.0,0.0,1.0,1.0,7,42.16862207729481,42.16862207729481,pobre,basal,3,625.0,746.0,1.0,35.0,6,202,36696,1,1.0
98,1.0,0.0,0.0,1.0,1.0,7,42.16862207729481,42.16862207729481,pobre,basal,3,625.0,746.0,1.0,35.0,7,202,36696,1,1.0
97,1.0,0.0,2.71,1.0,9.0,8,52.63200016121546,52.63200016121546,pobre,basal,4,625.0,748.0,1.0,55.0,16,247,36697,9,1.0
98,1.0,0.0,2.71,,,8,52.63200016121546,52.63200016121546,pobre,basal,4,625.0,748.0,1.0,55.0,17,247,36697,9,1.0
97,1.0,0.0,2.71,1.0,7.0,8,52.63200016121546,52.63200016121546,pobre,basal,4,625.0,748.0,1.0,55.0,13,247,36698,7,1.0
98,1.0,0.0,2.71,1.0,8.0,8,52.63200016121546,52.63200016121546,pobre,basal,4,625.0,748.0,1.0,55.0,14,247,36698,7,1.0
97,1.0,0.0,2.71,1.0,3.0,8,52.63200016121546,52.63200016121546,pobre,basal,4,625.0,748.0,1.0,55.0,10,247,36699,3,1.0
98,1.0,0.0,2.71,1.0,4.0,8,52.63200016121546,52.63200016121546,pobre,basal,4,625.0,748.0,1.0,55.0,11,247,36699,3,1.0
97,1.0,0.0,2.71,1.0,1.0,8,52.63200016121546,52.63200016121546,pobre,basal,4,625.0,748.0,1.0,55.0,7,247,36700,1,1.0
98,1.0,0.0,2.71,1.0,0.0,8,52.63200016121546,52.63200016121546,pobre,basal,4,625.0,748.0,1.0,55.0,8,247,36700,1,1.0
97,1.0,0.0,4.0619998,1.0,9.0,6,46.56752013683266,93.67287836541963,no pobre,basal,0,0.0,814.61298,1.0,55.0,16,245,36701,9,1.0
98,1.0,0.0,4.0619998,0.0,9.0,6,46.56752013683266,93.67287836541963,no pobre,basal,0,0.0,814.61298,1.0,55.0,17,245,36701,9,1.0
97,0.0,0.0,4.0619998,0.0,6.0,6,46.56752013683266,93.67287836541963,no pobre,basal,0,0.0,814.61298,1.0,55.0,13,245,36702,6,0.0
98,0.0,0.0,4.0619998,0.0,6.0,6,46.56752013683266,93.67287836541963,no pobre,basal,0,0.0,814.61298,1.0,55.0,14,245,36702,6,0.0
97,1.0,0.0,4.9949999,1.0,6.0,6,127.6094293770071,127.6094293770071,pobre,basal,0,1000.0,520.0,1.0,49.0,14,328,36703,6,1.0
98,1.0,0.0,4.9949999,,,6,127.6094293770071,127.6094293770071,pobre,basal,0,1000.0,520.0,1.0,49.0,15,328,36703,6,1.0
97,0.0,0.0,4.9949999,1.0,7.0,6,127.6094293770071,127.6094293770071,pobre,basal,0,1000.0,520.0,1.0,49.0,12,328,36704,7,1.0
98,0.0,0.0,4.9949999,,,6,127.6094293770071,127.6094293770071,pobre,basal,0,1000.0,520.0,1.0,49.0,13,328,36704,7,1.0
97,1.0,0.0,4.9949999,1.0,4.0,6,127.6094293770071,127.6094293770071,pobre,basal,0,1000.0,520.0,1.0,49.0,11,328,36705,4,1.0
98,1.0,0.0,4.9949999,,,6,127.6094293770071,127.6094293770071,pobre,basal,0,1000.0,520.0,1.0,49.0,12,328,36705,4,1.0
97,1.0,0.0,4.9949999,1.0,5.0,11,127.6094293770071,127.6094293770071,pobre,basal,0,0.0,506.66666,1.0,50.0,15,328,36706,5,1.0
98,1.0,0.0,4.9949999,1.0,6.0,11,127.6094293770071,127.6094293770071,pobre,basal,0,0.0,506.66666,1.0,50.0,16,328,36706,5,1.0
97,0.0,0.0,4.9949999,0.0,6.0,11,127.6094293770071,127.6094293770071,pobre,basal,0,0.0,506.66666,1.0,50.0,13,328,36707,6,0.0
98,0.0,0.0,4.9949999,0.0,6.0,11,127.6094293770071,127.6094293770071,pobre,basal,0,0.0,506.66666,1.0,50.0,14,328,36707,6,0.0
97,0.0,0.0,4.9949999,1.0,4.0,11,127.6094293770071,127.6094293770071,pobre,basal,0,0.0,506.66666,1.0,50.0,11,328,36708,4,1.0
98,0.0,0.0,4.9949999,1.0,5.0,11,127.6094293770071,127.6094293770071,pobre,basal,0,0.0,506.66666,1.0,50.0,12,328,36708,4,1.0
97,1.0,0.0,4.9949999,1.0,2.0,11,127.6094293770071,127.6094293770071,pobre,basal,0,0.0,506.66666,1.0,50.0,10,328,36709,2,1.0
98,1.0,0.0,4.9949999,1.0,3.0,11,127.6094293770071,127.6094293770071,pobre,basal,0,0.0,506.66666,1.0,50.0,11,328,36709,2,1.0
97,0.0,0.0,4.9949999,1.0,1.0,11,127.6094293770071,127.6094293770071,pobre,basal,0,0.0,506.66666,1.0,50.0,7,328,36710,1,1.0
98,0.0,0.0,4.9949999,1.0,2.0,11,127.6094293770071,127.6094293770071,pobre,basal,0,0.0,506.66666,1.0,50.0,8,328,36710,1,1.0
97,1.0,0.0,4.9949999,1.0,3.0,11,127.6094293770071,127.6094293770071,pobre,basal,0,0.0,506.66666,1.0,50.0,10,328,36711,3,1.0
98,1.0,0.0,4.9949999,1.0,4.0,11,127.6094293770071,127.6094293770071,pobre,basal,0,0.0,506.66666,1.0,50.0,11,328,36711,3,1.0
97,1.0,0.0,4.9949999,1.0,1.0,11,127.6094293770071,127.6094293770071,pobre,basal,0,0.0,506.66666,1.0,50.0,8,328,36712,1,1.0
98,1.0,0.0,4.9949999,1.0,2.0,11,127.6094293770071,127.6094293770071,pobre,basal,0,0.0,506.66666,1.0,50.0,9,328,36712,1,1.0
97,1.0,0.0,4.9949999,1.0,1.0,10,127.6094293770071,127.6094293770071,pobre,basal,0,0.0,432.0,1.0,78.0,7,328,36713,1,1.0
98,1.0,0.0,4.9949999,1.0,2.0,10,127.6094293770071,127.6094293770071,pobre,basal,0,0.0,432.0,1.0,78.0,8,328,36713,1,1.0
97,1.0,0.0,4.9949999,1.0,4.0,8,127.6094293770071,127.6094293770071,pobre,basal,3,75.0,445.0,1.0,44.0,10,328,36714,4,1.0
98,1.0,0.0,4.9949999,1.0,5.0,8,127.6094293770071,127.6094293770071,pobre,basal,3,75.0,445.0,1.0,44.0,11,328,36714,4,1.0
97,0.0,0.0,4.9949999,1.0,2.0,8,127.6094293770071,127.6094293770071,pobre,basal,3,75.0,445.0,1.0,44.0,8,328,36715,2,1.0
98,0.0,0.0,4.9949999,1.0,3.0,8,127.6094293770071,127.6094293770071,pobre,basal,3,75.0,445.0,1.0,44.0,9,328,36715,2,1.0
97,1.0,0.0,4.9949999,1.0,0.0,8,127.6094293770071,127.6094293770071,pobre,basal,3,75.0,445.0,1.0,44.0,6,328,36716,0,1.0
98,1.0,0.0,4.9949999,1.0,1.0,8,127.6094293770071,127.6094293770071,pobre,basal,3,75.0,445.0,1.0,44.0,7,328,36716,0,1.0
97,0.0,0.0,4.2909999,1.0,4.0,6,49.3929724122933,49.3929724122933,pobre,0,6,860.0,710.0,1.0,30.0,10,285,36717,4,1.0
98,0.0,0.0,4.2909999,1.0,5.0,6,49.3929724122933,49.3929724122933,pobre,0,6,860.0,710.0,1.0,30.0,11,285,36717,4,1.0
97,0.0,0.0,4.2909999,1.0,2.0,6,49.3929724122933,49.3929724122933,pobre,0,6,860.0,710.0,1.0,30.0,9,285,36718,2,1.0
98,0.0,0.0,4.2909999,1.0,3.0,6,49.3929724122933,49.3929724122933,pobre,0,6,860.0,710.0,1.0,30.0,10,285,36718,2,1.0
97,0.0,0.0,4.2909999,1.0,2.0,6,49.3929724122933,49.3929724122933,pobre,0,6,860.0,710.0,1.0,30.0,8,285,36719,2,1.0
98,0.0,0.0,4.2909999,1.0,2.0,6,49.3929724122933,49.3929724122933,pobre,0,6,860.0,710.0,1.0,30.0,9,285,36719,2,1.0
97,0.0,0.0,1.794,1.0,2.0,7,32.92823013337043,86.32732810423596,pobre,basal,0,800.0,694.0,0.0,59.0,7,236,36720,2,1.0
98,0.0,0.0,1.794,1.0,2.0,7,32.92823013337043,86.32732810423596,pobre,basal,0,800.0,694.0,0.0,59.0,8,236,36720,2,1.0
97,1.0,0.0,4.0190001,1.0,2.0,5,112.9272507451659,132.1332581223022,pobre,basal,2,600.0,801.5,1.0,45.0,8,258,36721,2,1.0
98,1.0,0.0,4.0190001,1.0,4.0,5,112.9272507451659,132.1332581223022,pobre,basal,2,600.0,801.5,1.0,45.0,9,258,36721,2,1.0
97,1.0,0.0,4.0190001,1.0,3.0,3,112.9272507451659,132.1332581223022,pobre,basal,2,600.0,728.0,1.0,33.0,9,258,36722,3,1.0
98,1.0,0.0,4.0190001,1.0,3.0,3,112.9272507451659,132.1332581223022,pobre,basal,2,600.0,728.0,1.0,33.0,10,258,36722,3,1.0
97,0.0,0.0,4.2909999,0.0,6.0,6,49.3929724122933,49.3929724122933,no pobre,0,6,800.0,899.0,1.0,41.0,13,285,36723,6,0.0
98,0.0,0.0,4.2909999,0.0,6.0,6,49.3929724122933,49.3929724122933,no pobre,0,6,800.0,899.0,1.0,41.0,14,285,36723,6,0.0
97,1.0,0.0,4.2909999,1.0,3.0,6,49.3929724122933,49.3929724122933,no pobre,0,6,800.0,899.0,1.0,41.0,9,285,36724,3,1.0
98,1.0,0.0,4.2909999,1.0,4.0,6,49.3929724122933,49.3929724122933,no pobre,0,6,800.0,899.0,1.0,41.0,10,285,36724,3,1.0
97,1.0,0.0,4.2909999,0.0,6.0,8,49.3929724122933,49.3929724122933,pobre,0,6,5000.0,876.0,1.0,52.0,16,285,36725,6,0.0
98,1.0,0.0,4.2909999,0.0,6.0,8,49.3929724122933,49.3929724122933,pobre,0,6,5000.0,876.0,1.0,52.0,17,285,36725,6,0.0
97,0.0,0.0,4.2909999,0.0,6.0,8,49.3929724122933,49.3929724122933,pobre,0,6,5000.0,876.0,1.0,52.0,13,285,36726,6,0.0
98,0.0,0.0,4.2909999,0.0,6.0,8,49.3929724122933,49.3929724122933,pobre,0,6,5000.0,876.0,1.0,52.0,14,285,36726,6,0.0
97,0.0,0.0,4.428,0.0,9.0,10,67.84936513592754,67.84936513592754,no pobre,basal,3,1200.0,807.0,1.0,38.0,15,284,36727,9,0.0
98,0.0,0.0,4.428,0.0,9.0,10,67.84936513592754,67.84936513592754,no pobre,basal,3,1200.0,807.0,1.0,38.0,16,284,36727,9,0.0
97,1.0,0.0,4.428,1.0,6.0,10,67.84936513592754,67.84936513592754,no pobre,basal,3,1200.0,807.0,1.0,38.0,12,284,36728,6,1.0
98,1.0,0.0,4.428,1.0,7.0,10,67.84936513592754,67.84936513592754,no pobre,basal,3,1200.0,807.0,1.0,38.0,13,284,36728,6,1.0
97,0.0,0.0,4.428,1.0,4.0,10,67.84936513592754,67.84936513592754,no pobre,basal,3,1200.0,807.0,1.0,38.0,10,284,36729,4,1.0
98,0.0,0.0,4.428,1.0,5.0,10,67.84936513592754,67.84936513592754,no pobre,basal,3,1200.0,807.0,1.0,38.0,11,284,36729,4,1.0
97,0.0,0.0,4.428,1.0,2.0,10,67.84936513592754,67.84936513592754,no pobre,basal,3,1200.0,807.0,1.0,38.0,8,284,36730,2,1.0
98,0.0,0.0,4.428,1.0,3.0,10,67.84936513592754,67.84936513592754,no pobre,basal,3,1200.0,807.0,1.0,38.0,9,284,36730,2,1.0
97,0.0,0.0,4.428,1.0,0.0,10,67.84936513592754,67.84936513592754,no pobre,basal,3,1200.0,807.0,1.0,38.0,6,284,36731,0,1.0
98,0.0,0.0,4.428,1.0,1.0,10,67.84936513592754,67.84936513592754,no pobre,basal,3,1200.0,807.0,1.0,38.0,7,284,36731,0,1.0
97,1.0,0.0,4.428,1.0,0.0,5,67.84936513592754,67.84936513592754,pobre,basal,6,800.0,648.0,1.0,27.0,7,284,36732,0,1.0
98,1.0,0.0,4.428,1.0,1.0,5,67.84936513592754,67.84936513592754,pobre,basal,6,800.0,648.0,1.0,27.0,8,284,36732,0,1.0
97,0.0,0.0,4.428,1.0,0.0,5,67.84936513592754,67.84936513592754,pobre,basal,6,800.0,648.0,1.0,27.0,6,284,36733,0,1.0
98,0.0,0.0,4.428,1.0,1.0,5,67.84936513592754,67.84936513592754,pobre,basal,6,800.0,648.0,1.0,27.0,7,284,36733,0,1.0
97,0.0,0.0,4.428,0.0,6.0,10,67.84936513592754,67.84936513592754,pobre,basal,2,0.0,762.5,1.0,45.0,15,284,36734,6,0.0
98,0.0,0.0,4.428,0.0,6.0,10,67.84936513592754,67.84936513592754,pobre,basal,2,0.0,762.5,1.0,45.0,16,284,36734,6,0.0
97,0.0,0.0,4.428,1.0,5.0,10,67.84936513592754,67.84936513592754,pobre,basal,2,0.0,762.5,1.0,45.0,12,284,36735,5,1.0
98,0.0,0.0,4.428,0.0,6.0,10,67.84936513592754,67.84936513592754,pobre,basal,2,0.0,762.5,1.0,45.0,13,284,36735,5,1.0
97,0.0,0.0,4.428,1.0,4.0,10,67.84936513592754,67.84936513592754,pobre,basal,2,0.0,762.5,1.0,45.0,10,284,36736,4,1.0
98,0.0,0.0,4.428,1.0,5.0,10,67.84936513592754,67.84936513592754,pobre,basal,2,0.0,762.5,1.0,45.0,11,284,36736,4,1.0
97,1.0,0.0,4.428,1.0,1.0,10,67.84936513592754,67.84936513592754,pobre,basal,2,0.0,762.5,1.0,45.0,7,284,36737,1,1.0
98,1.0,0.0,4.428,1.0,2.0,10,67.84936513592754,67.84936513592754,pobre,basal,2,0.0,762.5,1.0,45.0,8,284,36737,1,1.0
97,1.0,0.0,4.428,1.0,1.0,4,67.84936513592754,67.84936513592754,pobre,basal,6,1600.0,736.0,1.0,27.0,7,284,36738,1,1.0
98,1.0,0.0,4.428,1.0,2.0,4,67.84936513592754,67.84936513592754,pobre,basal,6,1600.0,736.0,1.0,27.0,8,284,36738,1,1.0
97,1.0,0.0,4.428,0.0,6.0,6,67.84936513592754,67.84936513592754,pobre,basal,3,920.0,673.0,1.0,37.0,13,284,36739,6,0.0
98,1.0,0.0,4.428,0.0,6.0,6,67.84936513592754,67.84936513592754,pobre,basal,3,920.0,673.0,1.0,37.0,14,284,36739,6,0.0
97,1.0,0.0,4.428,1.0,4.0,6,67.84936513592754,67.84936513592754,pobre,basal,3,920.0,673.0,1.0,37.0,11,284,36740,4,1.0
98,1.0,0.0,4.428,1.0,5.0,6,67.84936513592754,67.84936513592754,pobre,basal,3,920.0,673.0,1.0,37.0,12,284,36740,4,1.0
97,1.0,0.0,4.428,1.0,1.0,6,67.84936513592754,67.84936513592754,pobre,basal,3,920.0,673.0,1.0,37.0,7,284,36741,1,1.0
98,1.0,0.0,4.428,1.0,2.0,6,67.84936513592754,67.84936513592754,pobre,basal,3,920.0,673.0,1.0,37.0,8,284,36741,1,1.0
97,0.0,0.0,4.428,0.0,3.0,6,67.84936513592754,67.84936513592754,pobre,basal,3,750.0,681.0,1.0,37.0,13,284,36742,3,0.0
98,0.0,0.0,4.428,0.0,3.0,6,67.84936513592754,67.84936513592754,pobre,basal,3,750.0,681.0,1.0,37.0,14,284,36742,3,0.0
97,0.0,0.0,4.428,0.0,2.0,6,67.84936513592754,67.84936513592754,pobre,basal,3,750.0,681.0,1.0,37.0,11,284,36743,2,0.0
98,0.0,0.0,4.428,0.0,2.0,6,67.84936513592754,67.84936513592754,pobre,basal,3,750.0,681.0,1.0,37.0,12,284,36743,2,0.0
97,1.0,0.0,4.428,0.0,1.0,6,67.84936513592754,67.84936513592754,pobre,basal,3,750.0,681.0,1.0,37.0,9,284,36744,1,0.0
98,1.0,0.0,4.428,,,6,67.84936513592754,67.84936513592754,pobre,basal,3,750.0,681.0,1.0,37.0,10,284,36744,1,0.0
97,0.0,0.0,4.428,0.0,10.0,6,67.84936513592754,67.84936513592754,pobre,basal,1,750.0,756.0,1.0,42.0,16,284,36745,10,0.0
98,0.0,0.0,4.428,,,6,67.84936513592754,67.84936513592754,pobre,basal,1,750.0,756.0,1.0,42.0,17,284,36745,10,0.0
97,1.0,0.0,4.428,1.0,7.0,6,67.84936513592754,67.84936513592754,pobre,basal,1,750.0,756.0,1.0,42.0,13,284,36746,7,1.0
98,1.0,0.0,4.428,1.0,8.0,6,67.84936513592754,67.84936513592754,pobre,basal,1,750.0,756.0,1.0,42.0,14,284,36746,7,1.0
97,0.0,0.0,4.428,1.0,6.0,6,67.84936513592754,67.84936513592754,pobre,basal,1,750.0,756.0,1.0,42.0,12,284,36747,6,1.0
98,0.0,0.0,4.428,1.0,7.0,6,67.84936513592754,67.84936513592754,pobre,basal,1,750.0,756.0,1.0,42.0,13,284,36747,6,1.0
97,0.0,0.0,4.428,1.0,3.0,6,67.84936513592754,67.84936513592754,pobre,basal,1,750.0,756.0,1.0,42.0,9,284,36748,3,1.0
98,0.0,0.0,4.428,1.0,4.0,6,67.84936513592754,67.84936513592754,pobre,basal,1,750.0,756.0,1.0,42.0,10,284,36748,3,1.0
97,0.0,0.0,4.428,1.0,8.0,6,67.84936513592754,67.84936513592754,pobre,basal,2,750.0,676.0,1.0,34.0,14,284,36749,8,1.0
98,0.0,0.0,4.428,1.0,9.0,6,67.84936513592754,67.84936513592754,pobre,basal,2,750.0,676.0,1.0,34.0,15,284,36749,8,1.0
97,0.0,0.0,4.428,1.0,3.0,6,67.84936513592754,67.84936513592754,pobre,basal,2,750.0,676.0,1.0,34.0,12,284,36750,3,1.0
98,0.0,0.0,4.428,1.0,4.0,6,67.84936513592754,67.84936513592754,pobre,basal,2,750.0,676.0,1.0,34.0,13,284,36750,3,1.0
97,0.0,0.0,4.428,1.0,4.0,6,67.84936513592754,67.84936513592754,pobre,basal,2,750.0,676.0,1.0,34.0,9,284,36751,4,1.0
98,0.0,0.0,4.428,1.0,5.0,6,67.84936513592754,67.84936513592754,pobre,basal,2,750.0,676.0,1.0,34.0,10,284,36751,4,1.0
97,1.0,0.0,4.428,1.0,3.0,6,67.84936513592754,67.84936513592754,pobre,basal,2,750.0,676.0,1.0,34.0,8,284,36752,3,1.0
98,1.0,0.0,4.428,1.0,4.0,6,67.84936513592754,67.84936513592754,pobre,basal,2,750.0,676.0,1.0,34.0,9,284,36752,3,1.0
97,1.0,0.0,4.428,1.0,3.0,10,67.84936513592754,67.84936513592754,pobre,basal,2,800.0,824.5,1.0,45.0,8,284,36753,3,1.0
98,1.0,0.0,4.428,1.0,4.0,10,67.84936513592754,67.84936513592754,pobre,basal,2,800.0,824.5,1.0,45.0,9,284,36753,3,1.0
97,0.0,0.0,4.428,1.0,0.0,10,67.84936513592754,67.84936513592754,pobre,basal,2,800.0,824.5,1.0,45.0,6,284,36754,0,1.0
98,0.0,0.0,4.428,1.0,1.0,10,67.84936513592754,67.84936513592754,pobre,basal,2,800.0,824.5,1.0,45.0,7,284,36754,0,1.0
97,1.0,0.0,4.2909999,0.0,6.0,10,49.3929724122933,49.3929724122933,pobre,0,0,880.0,536.0,1.0,52.0,13,285,36755,6,0.0
98,1.0,0.0,4.2909999,0.0,6.0,10,49.3929724122933,49.3929724122933,pobre,0,0,880.0,536.0,1.0,52.0,14,285,36755,6,0.0
97,1.0,0.0,4.2909999,1.0,3.0,10,49.3929724122933,49.3929724122933,pobre,0,0,880.0,536.0,1.0,52.0,10,285,36756,3,1.0
98,1.0,0.0,4.2909999,1.0,4.0,10,49.3929724122933,49.3929724122933,pobre,0,0,880.0,536.0,1.0,52.0,11,285,36756,3,1.0
97,0.0,0.0,4.2909999,1.0,2.0,10,49.3929724122933,49.3929724122933,pobre,0,0,880.0,536.0,1.0,52.0,8,285,36757,2,1.0
98,0.0,0.0,4.2909999,1.0,3.0,10,49.3929724122933,49.3929724122933,pobre,0,0,880.0,536.0,1.0,52.0,9,285,36757,2,1.0
97,0.0,0.0,4.428,0.0,6.0,6,67.84936513592754,67.84936513592754,pobre,basal,0,0.0,619.0,0.0,49.0,14,284,36758,6,0.0
98,0.0,0.0,4.428,0.0,6.0,6,67.84936513592754,67.84936513592754,pobre,basal,0,0.0,619.0,0.0,49.0,15,284,36758,6,0.0
97,0.0,0.0,4.428,1.0,2.0,13,67.84936513592754,67.84936513592754,pobre,basal,0,0.0,822.20001,1.0,72.0,8,284,36759,2,1.0
98,0.0,0.0,4.428,1.0,3.0,13,67.84936513592754,67.84936513592754,pobre,basal,0,0.0,822.20001,1.0,72.0,9,284,36759,2,1.0
97,1.0,0.0,4.428,1.0,3.0,13,67.84936513592754,67.84936513592754,pobre,basal,0,0.0,822.20001,1.0,72.0,10,284,36760,3,1.0
98,1.0,0.0,4.428,1.0,4.0,13,67.84936513592754,67.84936513592754,pobre,basal,0,0.0,822.20001,1.0,72.0,11,284,36760,3,1.0
97,1.0,0.0,4.428,1.0,2.0,13,67.84936513592754,67.84936513592754,pobre,basal,0,0.0,822.20001,1.0,72.0,14,284,36761,2,1.0
98,1.0,0.0,4.428,0.0,9.0,13,67.84936513592754,67.84936513592754,pobre,basal,0,0.0,822.20001,1.0,72.0,15,284,36761,2,1.0
97,1.0,0.0,4.428,1.0,5.0,6,67.84936513592754,67.84936513592754,pobre,basal,2,1800.0,867.5,1.0,46.0,11,284,36762,5,1.0
98,1.0,0.0,4.428,1.0,6.0,6,67.84936513592754,67.84936513592754,pobre,basal,2,1800.0,867.5,1.0,46.0,12,284,36762,5,1.0
97,0.0,0.0,4.428,0.0,9.0,9,67.84936513592754,67.84936513592754,pobre,basal,2,1200.0,716.5,1.0,35.0,16,284,36763,9,0.0
98,0.0,0.0,4.428,,,9,67.84936513592754,67.84936513592754,pobre,basal,2,1200.0,716.5,1.0,35.0,17,284,36763,9,0.0
97,0.0,0.0,4.428,,0.0,9,67.84936513592754,67.84936513592754,pobre,basal,2,1200.0,716.5,1.0,35.0,9,284,36764,0,
98,0.0,0.0,4.428,1.0,4.0,9,67.84936513592754,67.84936513592754,pobre,basal,2,1200.0,716.5,1.0,35.0,10,284,36764,0,
97,1.0,0.0,4.428,1.0,1.0,9,67.84936513592754,67.84936513592754,pobre,basal,2,1200.0,716.5,1.0,35.0,7,284,36765,1,1.0
98,1.0,0.0,4.428,1.0,2.0,9,67.84936513592754,67.84936513592754,pobre,basal,2,1200.0,716.5,1.0,35.0,8,284,36765,1,1.0
97,1.0,0.0,4.428,1.0,2.0,9,67.84936513592754,67.84936513592754,pobre,basal,2,1200.0,716.5,1.0,35.0,11,284,36766,2,1.0
98,1.0,0.0,4.428,1.0,2.0,9,67.84936513592754,67.84936513592754,pobre,basal,2,1200.0,716.5,1.0,35.0,12,284,36766,2,1.0
97,0.0,0.0,4.428,1.0,7.0,9,67.84936513592754,67.84936513592754,pobre,basal,2,1200.0,716.5,1.0,35.0,14,284,36767,7,1.0
98,0.0,0.0,4.428,1.0,8.0,9,67.84936513592754,67.84936513592754,pobre,basal,2,1200.0,716.5,1.0,35.0,15,284,36767,7,1.0
97,1.0,0.0,4.428,1.0,6.0,9,67.84936513592754,67.84936513592754,pobre,basal,2,1200.0,716.5,1.0,35.0,13,284,36768,6,1.0
98,1.0,0.0,4.428,1.0,7.0,9,67.84936513592754,67.84936513592754,pobre,basal,2,1200.0,716.5,1.0,35.0,14,284,36768,6,1.0
97,0.0,0.0,4.428,0.0,6.0,4,67.84936513592754,67.84936513592754,no pobre,basal,2,900.0,862.0,1.0,35.0,13,284,36769,6,0.0
98,0.0,0.0,4.428,0.0,6.0,4,67.84936513592754,67.84936513592754,no pobre,basal,2,900.0,862.0,1.0,35.0,14,284,36769,6,0.0
97,0.0,0.0,4.428,1.0,0.0,4,67.84936513592754,67.84936513592754,no pobre,basal,2,900.0,862.0,1.0,35.0,6,284,36770,0,1.0
98,0.0,0.0,4.428,1.0,1.0,4,67.84936513592754,67.84936513592754,no pobre,basal,2,900.0,862.0,1.0,35.0,7,284,36770,0,1.0
97,1.0,0.0,4.428,0.0,6.0,5,67.84936513592754,67.84936513592754,pobre,basal,0,0.0,608.0,1.0,75.0,13,284,36771,6,0.0
98,1.0,0.0,4.428,0.0,6.0,5,67.84936513592754,67.84936513592754,pobre,basal,0,0.0,608.0,1.0,75.0,14,284,36771,6,0.0
97,0.0,0.0,4.428,1.0,3.0,5,67.84936513592754,67.84936513592754,pobre,basal,0,0.0,608.0,1.0,75.0,9,284,36772,3,1.0
98,0.0,0.0,4.428,1.0,4.0,5,67.84936513592754,67.84936513592754,pobre,basal,0,0.0,608.0,1.0,75.0,10,284,36772,3,1.0
97,1.0,0.0,4.428,1.0,2.0,5,67.84936513592754,67.84936513592754,pobre,basal,0,0.0,608.0,1.0,75.0,8,284,36773,2,1.0
98,1.0,0.0,4.428,1.0,3.0,5,67.84936513592754,67.84936513592754,pobre,basal,0,0.0,608.0,1.0,75.0,9,284,36773,2,1.0
97,0.0,0.0,4.428,0.0,7.0,10,67.84936513592754,67.84936513592754,pobre,basal,2,750.0,658.0,1.0,44.0,15,284,36774,7,0.0
98,0.0,0.0,4.428,0.0,7.0,10,67.84936513592754,67.84936513592754,pobre,basal,2,750.0,658.0,1.0,44.0,16,284,36774,7,0.0
97,0.0,0.0,4.428,0.0,6.0,10,67.84936513592754,67.84936513592754,pobre,basal,2,750.0,658.0,1.0,44.0,14,284,36775,6,0.0
98,0.0,0.0,4.428,0.0,6.0,10,67.84936513592754,67.84936513592754,pobre,basal,2,750.0,658.0,1.0,44.0,15,284,36775,6,0.0
97,1.0,0.0,4.428,1.0,6.0,10,67.84936513592754,67.84936513592754,pobre,basal,2,750.0,658.0,1.0,44.0,12,284,36776,6,1.0
98,1.0,0.0,4.428,1.0,7.0,10,67.84936513592754,67.84936513592754,pobre,basal,2,750.0,658.0,1.0,44.0,13,284,36776,6,1.0
97,1.0,0.0,4.428,1.0,5.0,10,67.84936513592754,67.84936513592754,pobre,basal,2,750.0,658.0,1.0,44.0,11,284,36777,5,1.0
98,1.0,0.0,4.428,1.0,6.0,10,67.84936513592754,67.84936513592754,pobre,basal,2,750.0,658.0,1.0,44.0,12,284,36777,5,1.0
97,0.0,0.0,4.428,1.0,2.0,10,67.84936513592754,67.84936513592754,pobre,basal,2,750.0,658.0,1.0,44.0,8,284,36778,2,1.0
98,0.0,0.0,4.428,1.0,3.0,10,67.84936513592754,67.84936513592754,pobre,basal,2,750.0,658.0,1.0,44.0,9,284,36778,2,1.0
97,0.0,0.0,4.428,1.0,8.0,9,67.84936513592754,67.84936513592754,pobre,basal,3,1000.0,524.0,1.0,32.0,14,284,36779,8,1.0
98,0.0,0.0,4.428,,,9,67.84936513592754,67.84936513592754,pobre,basal,3,1000.0,524.0,1.0,32.0,15,284,36779,8,1.0
97,0.0,0.0,4.428,0.0,6.0,9,67.84936513592754,67.84936513592754,pobre,basal,3,1000.0,524.0,1.0,32.0,12,284,36780,6,0.0
98,0.0,0.0,4.428,,,9,67.84936513592754,67.84936513592754,pobre,basal,3,1000.0,524.0,1.0,32.0,13,284,36780,6,0.0
97,1.0,0.0,4.428,1.0,5.0,9,67.84936513592754,67.84936513592754,pobre,basal,3,1000.0,524.0,1.0,32.0,11,284,36781,5,1.0
98,1.0,0.0,4.428,1.0,6.0,9,67.84936513592754,67.84936513592754,pobre,basal,3,1000.0,524.0,1.0,32.0,12,284,36781,5,1.0
97,0.0,0.0,4.428,1.0,3.0,9,67.84936513592754,67.84936513592754,pobre,basal,3,1000.0,524.0,1.0,32.0,10,284,36782,3,1.0
98,0.0,0.0,4.428,1.0,4.0,9,67.84936513592754,67.84936513592754,pobre,basal,3,1000.0,524.0,1.0,32.0,11,284,36782,3,1.0
97,0.0,0.0,4.428,1.0,2.0,9,67.84936513592754,67.84936513592754,pobre,basal,3,1000.0,524.0,1.0,32.0,9,284,36783,2,1.0
98,0.0,0.0,4.428,1.0,3.0,9,67.84936513592754,67.84936513592754,pobre,basal,3,1000.0,524.0,1.0,32.0,10,284,36783,2,1.0
97,0.0,0.0,4.428,1.0,1.0,9,67.84936513592754,67.84936513592754,pobre,basal,3,1000.0,524.0,1.0,32.0,7,284,36784,1,1.0
98,0.0,0.0,4.428,1.0,2.0,9,67.84936513592754,67.84936513592754,pobre,basal,3,1000.0,524.0,1.0,32.0,8,284,36784,1,1.0
97,1.0,0.0,4.428,1.0,0.0,6,67.84936513592754,67.84936513592754,pobre,basal,3,0.0,781.0,1.0,42.0,6,284,36785,0,1.0
98,1.0,0.0,4.428,1.0,1.0,6,67.84936513592754,67.84936513592754,pobre,basal,3,0.0,781.0,1.0,42.0,7,284,36785,0,1.0
97,0.0,0.0,4.2909999,0.0,6.0,9,49.3929724122933,49.3929724122933,no pobre,0,6,1600.0,976.5,1.0,38.0,16,285,36786,6,0.0
98,0.0,0.0,4.2909999,,,9,49.3929724122933,49.3929724122933,no pobre,0,6,1600.0,976.5,1.0,38.0,17,285,36786,6,0.0
97,1.0,0.0,4.2909999,1.0,1.0,9,49.3929724122933,49.3929724122933,no pobre,0,6,1600.0,976.5,1.0,38.0,13,285,36787,1,1.0
98,1.0,0.0,4.2909999,1.0,2.0,9,49.3929724122933,49.3929724122933,no pobre,0,6,1600.0,976.5,1.0,38.0,14,285,36787,1,1.0
97,0.0,0.0,4.2909999,1.0,5.0,9,49.3929724122933,49.3929724122933,no pobre,0,6,1600.0,976.5,1.0,38.0,11,285,36788,5,1.0
98,0.0,0.0,4.2909999,0.0,6.0,9,49.3929724122933,49.3929724122933,no pobre,0,6,1600.0,976.5,1.0,38.0,12,285,36788,5,1.0
97,1.0,0.0,4.2909999,1.0,2.0,9,49.3929724122933,49.3929724122933,no pobre,0,6,1600.0,976.5,1.0,38.0,9,285,36789,2,1.0
98,1.0,0.0,4.2909999,1.0,3.0,9,49.3929724122933,49.3929724122933,no pobre,0,6,1600.0,976.5,1.0,38.0,10,285,36789,2,1.0
97,0.0,0.0,4.2909999,1.0,1.0,9,49.3929724122933,49.3929724122933,no pobre,0,6,1600.0,976.5,1.0,38.0,7,285,36790,1,1.0
98,0.0,0.0,4.2909999,1.0,2.0,9,49.3929724122933,49.3929724122933,no pobre,0,6,1600.0,976.5,1.0,38.0,8,285,36790,1,1.0
97,0.0,0.0,4.2909999,1.0,0.0,9,49.3929724122933,49.3929724122933,no pobre,0,6,1600.0,976.5,1.0,38.0,6,285,36791,0,1.0
98,0.0,0.0,4.2909999,1.0,1.0,9,49.3929724122933,49.3929724122933,no pobre,0,6,1600.0,976.5,1.0,38.0,7,285,36791,0,1.0
97,1.0,0.0,4.2909999,1.0,9.0,6,49.3929724122933,49.3929724122933,pobre,0,0,0.0,793.0,1.0,64.0,15,285,36792,9,1.0
98,1.0,0.0,4.2909999,0.0,9.0,6,49.3929724122933,49.3929724122933,pobre,0,0,0.0,793.0,1.0,64.0,16,285,36792,9,1.0
97,0.0,0.0,4.2909999,0.0,7.0,5,49.3929724122933,49.3929724122933,pobre,0,5,880.0,763.0,1.0,35.0,14,285,36793,7,0.0
98,0.0,0.0,4.2909999,0.0,7.0,5,49.3929724122933,49.3929724122933,pobre,0,5,880.0,763.0,1.0,35.0,15,285,36793,7,0.0
97,1.0,0.0,4.2909999,1.0,2.0,5,49.3929724122933,49.3929724122933,pobre,0,5,880.0,763.0,1.0,35.0,8,285,36794,2,1.0
98,1.0,0.0,4.2909999,1.0,3.0,5,49.3929724122933,49.3929724122933,pobre,0,5,880.0,763.0,1.0,35.0,9,285,36794,2,1.0
97,0.0,0.0,4.2909999,0.0,6.0,9,49.3929724122933,49.3929724122933,pobre,0,4,760.0,591.0,1.0,36.0,15,285,36795,6,0.0
98,0.0,0.0,4.2909999,0.0,6.0,9,49.3929724122933,49.3929724122933,pobre,0,4,760.0,591.0,1.0,36.0,16,285,36795,6,0.0
97,0.0,0.0,4.2909999,0.0,6.0,9,49.3929724122933,49.3929724122933,pobre,0,4,760.0,591.0,1.0,36.0,13,285,36796,6,0.0
98,0.0,0.0,4.2909999,0.0,6.0,9,49.3929724122933,49.3929724122933,pobre,0,4,760.0,591.0,1.0,36.0,14,285,36796,6,0.0
97,1.0,0.0,4.2909999,1.0,4.0,9,49.3929724122933,49.3929724122933,pobre,0,4,760.0,591.0,1.0,36.0,11,285,36797,4,1.0
98,1.0,0.0,4.2909999,1.0,5.0,9,49.3929724122933,49.3929724122933,pobre,0,4,760.0,591.0,1.0,36.0,12,285,36797,4,1.0
97,0.0,0.0,4.2909999,1.0,3.0,9,49.3929724122933,49.3929724122933,pobre,0,4,760.0,591.0,1.0,36.0,9,285,36798,3,1.0
98,0.0,0.0,4.2909999,1.0,4.0,9,49.3929724122933,49.3929724122933,pobre,0,4,760.0,591.0,1.0,36.0,10,285,36798,3,1.0
97,1.0,0.0,4.2909999,1.0,1.0,9,49.3929724122933,49.3929724122933,pobre,0,4,760.0,591.0,1.0,36.0,7,285,36799,1,1.0
98,1.0,0.0,4.2909999,1.0,2.0,9,49.3929724122933,49.3929724122933,pobre,0,4,760.0,591.0,1.0,36.0,8,285,36799,1,1.0
97,0.0,0.0,4.2909999,0.0,6.0,7,49.3929724122933,49.3929724122933,pobre,0,2,860.0,619.0,1.0,34.0,12,285,36800,6,0.0
98,0.0,0.0,4.2909999,0.0,6.0,7,49.3929724122933,49.3929724122933,pobre,0,2,860.0,619.0,1.0,34.0,13,285,36800,6,0.0
97,1.0,0.0,4.2909999,1.0,2.0,7,49.3929724122933,49.3929724122933,pobre,0,2,860.0,619.0,1.0,34.0,8,285,36801,2,1.0
98,1.0,0.0,4.2909999,1.0,3.0,7,49.3929724122933,49.3929724122933,pobre,0,2,860.0,619.0,1.0,34.0,9,285,36801,2,1.0
97,0.0,0.0,4.2909999,1.0,0.0,7,49.3929724122933,49.3929724122933,pobre,0,2,860.0,619.0,1.0,34.0,6,285,36802,0,1.0
98,0.0,0.0,4.2909999,1.0,1.0,7,49.3929724122933,49.3929724122933,pobre,0,2,860.0,619.0,1.0,34.0,7,285,36802,0,1.0
97,1.0,0.0,4.2909999,1.0,3.0,5,49.3929724122933,49.3929724122933,pobre,0,6,800.0,846.0,1.0,34.0,9,285,36803,3,1.0
98,1.0,0.0,4.2909999,1.0,4.0,5,49.3929724122933,49.3929724122933,pobre,0,6,800.0,846.0,1.0,34.0,10,285,36803,3,1.0
97,1.0,0.0,4.2909999,1.0,8.0,9,49.3929724122933,49.3929724122933,pobre,0,9,1600.0,878.5,1.0,39.0,14,285,36804,8,1.0
98,1.0,0.0,4.2909999,1.0,9.0,9,49.3929724122933,49.3929724122933,pobre,0,9,1600.0,878.5,1.0,39.0,15,285,36804,8,1.0
97,0.0,0.0,4.2909999,1.0,3.0,9,49.3929724122933,49.3929724122933,pobre,0,9,1600.0,878.5,1.0,39.0,9,285,36805,3,1.0
98,0.0,0.0,4.2909999,1.0,4.0,9,49.3929724122933,49.3929724122933,pobre,0,9,1600.0,878.5,1.0,39.0,10,285,36805,3,1.0
97,0.0,0.0,4.2909999,1.0,0.0,9,49.3929724122933,49.3929724122933,pobre,0,9,1600.0,878.5,1.0,39.0,7,285,36806,0,1.0
98,0.0,0.0,4.2909999,1.0,1.0,9,49.3929724122933,49.3929724122933,pobre,0,9,1600.0,878.5,1.0,39.0,8,285,36806,0,1.0
97,1.0,0.0,4.2909999,0.0,6.0,10,49.3929724122933,49.3929724122933,pobre,0,0,1000.0,758.5,1.0,40.0,15,285,36807,6,0.0
98,1.0,0.0,4.2909999,0.0,6.0,10,49.3929724122933,49.3929724122933,pobre,0,0,1000.0,758.5,1.0,40.0,16,285,36807,6,0.0
97,0.0,0.0,4.2909999,0.0,6.0,10,49.3929724122933,49.3929724122933,pobre,0,0,1000.0,758.5,1.0,40.0,13,285,36808,6,0.0
98,0.0,0.0,4.2909999,0.0,6.0,10,49.3929724122933,49.3929724122933,pobre,0,0,1000.0,758.5,1.0,40.0,14,285,36808,6,0.0
97,1.0,0.0,4.2909999,1.0,4.0,10,49.3929724122933,49.3929724122933,pobre,0,0,1000.0,758.5,1.0,40.0,10,285,36809,4,1.0
98,1.0,0.0,4.2909999,0.0,5.0,10,49.3929724122933,49.3929724122933,pobre,0,0,1000.0,758.5,1.0,40.0,11,285,36809,4,1.0
97,0.0,0.0,4.2909999,1.0,0.0,10,49.3929724122933,49.3929724122933,pobre,0,0,1000.0,758.5,1.0,40.0,6,285,36810,0,1.0
98,0.0,0.0,4.2909999,1.0,1.0,10,49.3929724122933,49.3929724122933,pobre,0,0,1000.0,758.5,1.0,40.0,7,285,36810,0,1.0
97,0.0,0.0,4.2909999,0.0,6.0,5,49.3929724122933,49.3929724122933,pobre,0,3,800.0,720.75,0.0,22.0,15,285,36811,6,0.0
98,0.0,0.0,4.2909999,,,5,49.3929724122933,49.3929724122933,pobre,0,3,800.0,720.75,0.0,22.0,16,285,36811,6,0.0
97,0.0,0.0,4.2909999,1.0,1.0,5,49.3929724122933,49.3929724122933,pobre,0,3,800.0,720.75,0.0,22.0,11,285,36812,1,1.0
98,0.0,0.0,4.2909999,1.0,1.0,5,49.3929724122933,49.3929724122933,pobre,0,3,800.0,720.75,0.0,22.0,12,285,36812,1,1.0
97,0.0,0.0,4.2909999,1.0,1.0,5,49.3929724122933,49.3929724122933,pobre,0,3,720.0,688.33099,1.0,40.0,8,285,36813,1,1.0
98,0.0,0.0,4.2909999,1.0,2.0,5,49.3929724122933,49.3929724122933,pobre,0,3,720.0,688.33099,1.0,40.0,9,285,36813,1,1.0
97,1.0,0.0,4.2909999,1.0,0.0,5,49.3929724122933,49.3929724122933,pobre,0,3,720.0,688.33099,1.0,40.0,6,285,36814,0,1.0
98,1.0,0.0,4.2909999,1.0,2.0,5,49.3929724122933,49.3929724122933,pobre,0,3,720.0,688.33099,1.0,40.0,7,285,36814,0,1.0
97,0.0,0.0,4.2909999,1.0,0.0,6,49.3929724122933,49.3929724122933,pobre,0,6,740.0,638.0,1.0,28.0,6,285,36815,0,1.0
98,0.0,0.0,4.2909999,1.0,0.0,6,49.3929724122933,49.3929724122933,pobre,0,6,740.0,638.0,1.0,28.0,7,285,36815,0,1.0
97,0.0,0.0,4.2909999,0.0,2.0,4,49.3929724122933,49.3929724122933,pobre,0,6,1000.0,739.0,1.0,26.0,9,285,36816,2,0.0
98,0.0,0.0,4.2909999,1.0,3.0,4,49.3929724122933,49.3929724122933,pobre,0,6,1000.0,739.0,1.0,26.0,10,285,36816,2,0.0
97,1.0,0.0,4.2909999,1.0,1.0,4,49.3929724122933,49.3929724122933,pobre,0,6,1000.0,739.0,1.0,26.0,8,285,36817,1,1.0
98,1.0,0.0,4.2909999,1.0,1.0,4,49.3929724122933,49.3929724122933,pobre,0,6,1000.0,739.0,1.0,26.0,9,285,36817,1,1.0
97,0.0,0.0,4.5120001,0.0,6.0,9,60.22839731787766,60.22839731787766,pobre,basal,2,750.0,660.5,1.0,40.0,15,275,36818,6,0.0
98,0.0,0.0,4.5120001,,,9,60.22839731787766,60.22839731787766,pobre,basal,2,750.0,660.5,1.0,40.0,16,275,36818,6,0.0
97,0.0,0.0,4.5120001,1.0,4.0,9,60.22839731787766,60.22839731787766,pobre,basal,2,750.0,660.5,1.0,40.0,11,275,36819,4,1.0
98,0.0,0.0,4.5120001,1.0,5.0,9,60.22839731787766,60.22839731787766,pobre,basal,2,750.0,660.5,1.0,40.0,12,275,36819,4,1.0
97,1.0,0.0,4.5120001,1.0,4.0,9,60.22839731787766,60.22839731787766,pobre,basal,2,750.0,660.5,1.0,40.0,12,275,36820,4,1.0
98,1.0,0.0,4.5120001,1.0,5.0,9,60.22839731787766,60.22839731787766,pobre,basal,2,750.0,660.5,1.0,40.0,13,275,36820,4,1.0
97,0.0,0.0,4.5120001,1.0,4.0,9,60.22839731787766,60.22839731787766,pobre,basal,2,750.0,660.5,1.0,40.0,10,275,36821,4,1.0
98,0.0,0.0,4.5120001,1.0,5.0,9,60.22839731787766,60.22839731787766,pobre,basal,2,750.0,660.5,1.0,40.0,11,275,36821,4,1.0
97,0.0,0.0,4.5120001,0.0,0.0,9,60.22839731787766,60.22839731787766,pobre,basal,2,750.0,660.5,1.0,40.0,6,275,36822,0,0.0
98,0.0,0.0,4.5120001,,,9,60.22839731787766,60.22839731787766,pobre,basal,2,750.0,660.5,1.0,40.0,7,275,36822,0,0.0
97,0.0,0.0,1.591,1.0,4.0,5,69.58324079138906,69.58324079138906,pobre,basal,0,0.0,705.0,0.0,43.0,10,281,36823,4,1.0
98,0.0,0.0,1.591,1.0,5.0,5,69.58324079138906,69.58324079138906,pobre,basal,0,0.0,705.0,0.0,43.0,11,281,36823,4,1.0
97,1.0,0.0,1.591,0.0,6.0,5,69.58324079138906,69.58324079138906,pobre,basal,0,0.0,705.0,0.0,43.0,16,281,36824,6,0.0
98,1.0,0.0,1.591,,,5,69.58324079138906,69.58324079138906,pobre,basal,0,0.0,705.0,0.0,43.0,17,281,36824,6,0.0
97,1.0,0.0,1.591,1.0,9.0,6,69.58324079138906,69.58324079138906,pobre,basal,6,1200.0,850.0,1.0,52.0,15,281,36825,9,1.0
98,1.0,0.0,1.591,,10.0,6,69.58324079138906,69.58324079138906,pobre,basal,6,1200.0,850.0,1.0,52.0,16,281,36825,9,1.0
97,0.0,0.0,1.591,1.0,7.0,5,69.58324079138906,69.58324079138906,pobre,basal,2,800.0,709.0,1.0,39.0,14,281,36826,7,1.0
98,0.0,0.0,1.591,,,5,69.58324079138906,69.58324079138906,pobre,basal,2,800.0,709.0,1.0,39.0,15,281,36826,7,1.0
97,1.0,0.0,1.591,1.0,6.0,5,69.58324079138906,69.58324079138906,pobre,basal,2,800.0,709.0,1.0,39.0,12,281,36827,6,1.0
98,1.0,0.0,1.591,,,5,69.58324079138906,69.58324079138906,pobre,basal,2,800.0,709.0,1.0,39.0,13,281,36827,6,1.0
97,1.0,0.0,1.591,1.0,3.0,5,69.58324079138906,69.58324079138906,pobre,basal,2,800.0,709.0,1.0,39.0,10,281,36828,3,1.0
98,1.0,0.0,1.591,,,5,69.58324079138906,69.58324079138906,pobre,basal,2,800.0,709.0,1.0,39.0,11,281,36828,3,1.0
97,0.0,0.0,1.591,1.0,0.0,8,69.58324079138906,69.58324079138906,pobre,basal,5,0.0,750.0,1.0,57.0,7,281,36829,0,1.0
98,0.0,0.0,1.591,,,8,69.58324079138906,69.58324079138906,pobre,basal,5,0.0,750.0,1.0,57.0,8,281,36829,0,1.0
97,0.0,0.0,1.591,1.0,2.0,4,69.58324079138906,69.58324079138906,pobre,basal,6,1200.0,872.0,1.0,34.0,8,281,36830,2,1.0
98,0.0,0.0,1.591,1.0,3.0,4,69.58324079138906,69.58324079138906,pobre,basal,6,1200.0,872.0,1.0,34.0,9,281,36830,2,1.0
97,1.0,0.0,1.591,1.0,0.0,4,69.58324079138906,69.58324079138906,pobre,basal,6,1200.0,872.0,1.0,34.0,6,281,36831,0,1.0
98,1.0,0.0,1.591,1.0,1.0,4,69.58324079138906,69.58324079138906,pobre,basal,6,1200.0,872.0,1.0,34.0,7,281,36831,0,1.0
97,0.0,0.0,2.793,0.0,6.0,8,13.40444159556136,13.40444159556136,pobre,0,2,1250.0,690.0,1.0,38.0,16,166,36832,6,0.0
98,0.0,0.0,2.793,,,8,13.40444159556136,13.40444159556136,pobre,0,2,1250.0,690.0,1.0,38.0,17,166,36832,6,0.0
97,0.0,0.0,2.793,0.0,3.0,8,13.40444159556136,13.40444159556136,pobre,0,2,1250.0,690.0,1.0,38.0,14,166,36833,3,0.0
98,0.0,0.0,2.793,0.0,4.0,8,13.40444159556136,13.40444159556136,pobre,0,2,1250.0,690.0,1.0,38.0,15,166,36833,3,0.0
97,1.0,0.0,2.793,1.0,3.0,8,13.40444159556136,13.40444159556136,pobre,0,2,1250.0,690.0,1.0,38.0,13,166,36834,3,1.0
98,1.0,0.0,2.793,0.0,4.0,8,13.40444159556136,13.40444159556136,pobre,0,2,1250.0,690.0,1.0,38.0,14,166,36834,3,1.0
97,0.0,0.0,2.793,1.0,2.0,8,13.40444159556136,13.40444159556136,pobre,0,2,1250.0,690.0,1.0,38.0,12,166,36835,2,1.0
98,0.0,0.0,2.793,0.0,3.0,8,13.40444159556136,13.40444159556136,pobre,0,2,1250.0,690.0,1.0,38.0,13,166,36835,2,1.0
97,0.0,0.0,2.793,1.0,1.0,8,13.40444159556136,13.40444159556136,pobre,0,2,1250.0,690.0,1.0,38.0,9,166,36836,1,1.0
98,0.0,0.0,2.793,0.0,2.0,8,13.40444159556136,13.40444159556136,pobre,0,2,1250.0,690.0,1.0,38.0,10,166,36836,1,1.0
97,0.0,0.0,2.793,1.0,8.0,7,13.40444159556136,13.40444159556136,pobre,0,2,800.0,568.0,1.0,42.0,14,166,36837,8,1.0
98,0.0,0.0,2.793,0.0,9.0,7,13.40444159556136,13.40444159556136,pobre,0,2,800.0,568.0,1.0,42.0,15,166,36837,8,1.0
97,1.0,0.0,2.793,1.0,8.0,7,13.40444159556136,13.40444159556136,pobre,0,2,800.0,568.0,1.0,42.0,15,166,36838,8,1.0
98,1.0,0.0,2.793,0.0,9.0,7,13.40444159556136,13.40444159556136,pobre,0,2,800.0,568.0,1.0,42.0,16,166,36838,8,1.0
97,0.0,0.0,2.793,1.0,1.0,7,13.40444159556136,13.40444159556136,pobre,0,2,800.0,568.0,1.0,42.0,8,166,36839,1,1.0
98,0.0,0.0,2.793,1.0,2.0,7,13.40444159556136,13.40444159556136,pobre,0,2,800.0,568.0,1.0,42.0,9,166,36839,1,1.0
97,1.0,0.0,2.793,0.0,6.0,7,13.40444159556136,13.40444159556136,pobre,0,7,2400.0,733.25,1.0,42.0,14,166,36840,6,0.0
98,1.0,0.0,2.793,0.0,6.0,7,13.40444159556136,13.40444159556136,pobre,0,7,2400.0,733.25,1.0,42.0,15,166,36840,6,0.0
97,0.0,0.0,2.793,1.0,2.0,7,13.40444159556136,13.40444159556136,pobre,0,7,2400.0,733.25,1.0,42.0,9,166,36841,2,1.0
98,0.0,0.0,2.793,1.0,3.0,7,13.40444159556136,13.40444159556136,pobre,0,7,2400.0,733.25,1.0,42.0,10,166,36841,2,1.0
97,0.0,0.0,2.793,,0.0,10,13.40444159556136,13.40444159556136,pobre,0,2,800.0,630.0,1.0,45.0,15,166,36842,0,
98,0.0,0.0,2.793,,,10,13.40444159556136,13.40444159556136,pobre,0,2,800.0,630.0,1.0,45.0,16,166,36842,0,
97,1.0,0.0,2.793,1.0,4.0,10,13.40444159556136,13.40444159556136,pobre,0,2,800.0,630.0,1.0,45.0,14,166,36843,4,1.0
98,1.0,0.0,2.793,0.0,5.0,10,13.40444159556136,13.40444159556136,pobre,0,2,800.0,630.0,1.0,45.0,15,166,36843,4,1.0
97,1.0,0.0,2.793,1.0,2.0,10,13.40444159556136,13.40444159556136,pobre,0,2,800.0,630.0,1.0,45.0,12,166,36844,2,1.0
98,1.0,0.0,2.793,0.0,3.0,10,13.40444159556136,13.40444159556136,pobre,0,2,800.0,630.0,1.0,45.0,13,166,36844,2,1.0
97,0.0,0.0,2.793,1.0,2.0,10,13.40444159556136,13.40444159556136,pobre,0,2,800.0,630.0,1.0,45.0,11,166,36845,2,1.0
98,0.0,0.0,2.793,0.0,2.0,10,13.40444159556136,13.40444159556136,pobre,0,2,800.0,630.0,1.0,45.0,12,166,36845,2,1.0
97,1.0,0.0,2.793,1.0,2.0,10,13.40444159556136,13.40444159556136,pobre,0,2,800.0,630.0,1.0,45.0,10,166,36846,2,1.0
98,1.0,0.0,2.793,0.0,1.0,10,13.40444159556136,13.40444159556136,pobre,0,2,800.0,630.0,1.0,45.0,11,166,36846,2,1.0
97,0.0,0.0,3.632,0.0,6.0,12,20.07262769174459,20.07262769174459,pobre,basal,3,1200.0,514.0,1.0,42.0,16,135,36847,6,0.0
98,0.0,0.0,3.632,,,12,20.07262769174459,20.07262769174459,pobre,basal,3,1200.0,514.0,1.0,42.0,17,135,36847,6,0.0
97,1.0,0.0,3.632,0.0,4.0,12,20.07262769174459,20.07262769174459,pobre,basal,3,1200.0,514.0,1.0,42.0,15,135,36848,4,0.0
98,1.0,0.0,3.632,0.0,4.0,12,20.07262769174459,20.07262769174459,pobre,basal,3,1200.0,514.0,1.0,42.0,16,135,36848,4,0.0
97,1.0,0.0,3.632,1.0,7.0,12,20.07262769174459,20.07262769174459,pobre,basal,3,1200.0,514.0,1.0,42.0,14,135,36849,7,1.0
98,1.0,0.0,3.632,1.0,8.0,12,20.07262769174459,20.07262769174459,pobre,basal,3,1200.0,514.0,1.0,42.0,15,135,36849,7,1.0
97,1.0,0.0,3.632,1.0,4.0,12,20.07262769174459,20.07262769174459,pobre,basal,3,1200.0,514.0,1.0,42.0,12,135,36850,4,1.0
98,1.0,0.0,3.632,1.0,5.0,12,20.07262769174459,20.07262769174459,pobre,basal,3,1200.0,514.0,1.0,42.0,13,135,36850,4,1.0
97,0.0,0.0,3.632,1.0,1.0,12,20.07262769174459,20.07262769174459,pobre,basal,3,1200.0,514.0,1.0,42.0,7,135,36851,1,1.0
98,0.0,0.0,3.632,1.0,2.0,12,20.07262769174459,20.07262769174459,pobre,basal,3,1200.0,514.0,1.0,42.0,8,135,36851,1,1.0
97,0.0,0.0,3.632,1.0,6.0,5,20.07262769174459,20.07262769174459,pobre,basal,5,833.33331,682.5,1.0,40.0,13,135,36852,6,1.0
98,0.0,0.0,3.632,,,5,20.07262769174459,20.07262769174459,pobre,basal,5,833.33331,682.5,1.0,40.0,14,135,36852,6,1.0
97,1.0,0.0,3.632,1.0,2.0,5,20.07262769174459,20.07262769174459,pobre,basal,5,833.33331,682.5,1.0,40.0,9,135,36853,2,1.0
98,1.0,0.0,3.632,,,5,20.07262769174459,20.07262769174459,pobre,basal,5,833.33331,682.5,1.0,40.0,10,135,36853,2,1.0
97,0.0,0.0,3.632,0.0,6.0,6,20.07262769174459,20.07262769174459,pobre,basal,2,583.33331,577.0,1.0,50.0,16,135,36854,6,0.0
98,0.0,0.0,3.632,,,6,20.07262769174459,20.07262769174459,pobre,basal,2,583.33331,577.0,1.0,50.0,17,135,36854,6,0.0
97,0.0,0.0,3.632,0.0,6.0,6,20.07262769174459,20.07262769174459,pobre,basal,2,583.33331,577.0,1.0,50.0,14,135,36855,6,0.0
98,0.0,0.0,3.632,0.0,6.0,6,20.07262769174459,20.07262769174459,pobre,basal,2,583.33331,577.0,1.0,50.0,15,135,36855,6,0.0
97,0.0,0.0,3.632,1.0,2.0,6,20.07262769174459,20.07262769174459,pobre,basal,2,583.33331,577.0,1.0,50.0,8,135,36856,2,1.0
98,0.0,0.0,3.632,1.0,3.0,6,20.07262769174459,20.07262769174459,pobre,basal,2,583.33331,577.0,1.0,50.0,9,135,36856,2,1.0
97,1.0,0.0,3.632,1.0,1.0,6,20.07262769174459,20.07262769174459,pobre,basal,2,583.33331,577.0,1.0,50.0,7,135,36857,1,1.0
98,1.0,0.0,3.632,1.0,2.0,6,20.07262769174459,20.07262769174459,pobre,basal,2,583.33331,577.0,1.0,50.0,8,135,36857,1,1.0
97,1.0,0.0,3.632,1.0,4.0,8,20.07262769174459,20.07262769174459,no pobre,basal,2,750.0,709.0,1.0,48.0,13,135,36858,4,1.0
98,1.0,0.0,3.632,1.0,5.0,8,20.07262769174459,20.07262769174459,no pobre,basal,2,750.0,709.0,1.0,48.0,14,135,36858,4,1.0
97,0.0,0.0,3.632,1.0,1.0,8,20.07262769174459,20.07262769174459,no pobre,basal,2,750.0,709.0,1.0,48.0,8,135,36859,1,1.0
98,0.0,0.0,3.632,1.0,1.0,8,20.07262769174459,20.07262769174459,no pobre,basal,2,750.0,709.0,1.0,48.0,9,135,36859,1,1.0
97,1.0,0.0,0.0,1.0,3.0,11,13.31589070824295,13.31589070824295,pobre,basal,1,750.0,710.25,1.0,67.0,10,158,36860,3,1.0
98,1.0,0.0,0.0,,,11,13.31589070824295,13.31589070824295,pobre,basal,1,750.0,710.25,1.0,67.0,11,158,36860,3,1.0
97,1.0,0.0,0.0,1.0,2.0,11,13.31589070824295,13.31589070824295,pobre,basal,1,750.0,710.25,1.0,67.0,8,158,36861,2,1.0
98,1.0,0.0,0.0,,,11,13.31589070824295,13.31589070824295,pobre,basal,1,750.0,710.25,1.0,67.0,9,158,36861,2,1.0
97,1.0,0.0,4.4710002,1.0,4.0,5,71.52226309497719,71.52226309497719,pobre,0,6,1000.0,473.0,1.0,27.0,10,173,36862,4,1.0
98,1.0,0.0,4.4710002,1.0,3.0,5,71.52226309497719,71.52226309497719,pobre,0,6,1000.0,473.0,1.0,27.0,11,173,36862,4,1.0
97,1.0,0.0,4.4710002,0.0,6.0,9,71.52226309497719,71.52226309497719,no pobre,0,0,0.0,739.0,1.0,47.0,16,173,36863,6,0.0
98,1.0,0.0,4.4710002,,,9,71.52226309497719,71.52226309497719,no pobre,0,0,0.0,739.0,1.0,47.0,17,173,36863,6,0.0
97,1.0,0.0,4.4710002,0.0,6.0,9,71.52226309497719,71.52226309497719,no pobre,0,0,0.0,739.0,1.0,47.0,12,173,36864,6,0.0
98,1.0,0.0,4.4710002,0.0,6.0,9,71.52226309497719,71.52226309497719,no pobre,0,0,0.0,739.0,1.0,47.0,13,173,36864,6,0.0
97,0.0,0.0,4.4710002,1.0,4.0,9,71.52226309497719,71.52226309497719,no pobre,0,0,0.0,739.0,1.0,47.0,10,173,36865,4,1.0
98,0.0,0.0,4.4710002,1.0,5.0,9,71.52226309497719,71.52226309497719,no pobre,0,0,0.0,739.0,1.0,47.0,11,173,36865,4,1.0
97,1.0,0.0,4.4710002,1.0,5.0,9,71.52226309497719,71.52226309497719,no pobre,0,3,0.0,746.0,1.0,47.0,13,173,36866,5,1.0
98,1.0,0.0,4.4710002,0.0,6.0,9,71.52226309497719,71.52226309497719,no pobre,0,3,0.0,746.0,1.0,47.0,14,173,36866,5,1.0
97,0.0,0.0,4.4710002,1.0,3.0,9,71.52226309497719,71.52226309497719,no pobre,0,3,0.0,746.0,1.0,47.0,9,173,36867,3,1.0
98,0.0,0.0,4.4710002,1.0,4.0,9,71.52226309497719,71.52226309497719,no pobre,0,3,0.0,746.0,1.0,47.0,10,173,36867,3,1.0
97,1.0,0.0,4.4710002,0.0,6.0,8,71.52226309497719,71.52226309497719,no pobre,0,3,1080.0,761.0,1.0,51.0,13,173,36868,6,0.0
98,1.0,0.0,4.4710002,0.0,6.0,8,71.52226309497719,71.52226309497719,no pobre,0,3,1080.0,761.0,1.0,51.0,14,173,36868,6,0.0
97,1.0,0.0,4.4710002,1.0,5.0,8,71.52226309497719,71.52226309497719,no pobre,0,3,1080.0,761.0,1.0,51.0,11,173,36869,5,1.0
98,1.0,0.0,4.4710002,1.0,6.0,8,71.52226309497719,71.52226309497719,no pobre,0,3,1080.0,761.0,1.0,51.0,12,173,36869,5,1.0
97,1.0,0.0,4.4710002,1.0,4.0,10,71.52226309497719,71.52226309497719,pobre,0,0,0.0,623.0,1.0,70.0,10,173,36870,4,1.0
98,1.0,0.0,4.4710002,1.0,5.0,10,71.52226309497719,71.52226309497719,pobre,0,0,0.0,623.0,1.0,70.0,11,173,36870,4,1.0
97,0.0,0.0,4.4710002,1.0,5.0,10,71.52226309497719,71.52226309497719,pobre,0,0,0.0,623.0,1.0,70.0,11,173,36871,5,1.0
98,0.0,0.0,4.4710002,1.0,6.0,10,71.52226309497719,71.52226309497719,pobre,0,0,0.0,623.0,1.0,70.0,12,173,36871,5,1.0
97,1.0,0.0,4.4710002,1.0,4.0,3,71.52226309497719,71.52226309497719,pobre,0,2,400.0,798.5,1.0,74.0,11,173,36872,4,1.0
98,1.0,0.0,4.4710002,1.0,4.0,3,71.52226309497719,71.52226309497719,pobre,0,2,400.0,798.5,1.0,74.0,12,173,36872,4,1.0
97,0.0,0.0,4.4710002,0.0,6.0,7,71.52226309497719,71.52226309497719,pobre,0,0,600.0,739.5,1.0,48.0,16,173,36873,6,0.0
98,0.0,0.0,4.4710002,,,7,71.52226309497719,71.52226309497719,pobre,0,0,600.0,739.5,1.0,48.0,17,173,36873,6,0.0
97,0.0,0.0,4.4710002,1.0,8.0,7,71.52226309497719,71.52226309497719,pobre,0,0,600.0,739.5,1.0,48.0,14,173,36874,8,1.0
98,0.0,0.0,4.4710002,0.0,9.0,7,71.52226309497719,71.52226309497719,pobre,0,0,600.0,739.5,1.0,48.0,15,173,36874,8,1.0
97,0.0,0.0,4.4710002,1.0,6.0,7,71.52226309497719,71.52226309497719,pobre,0,0,600.0,739.5,1.0,48.0,12,173,36875,6,1.0
98,0.0,0.0,4.4710002,1.0,7.0,7,71.52226309497719,71.52226309497719,pobre,0,0,600.0,739.5,1.0,48.0,13,173,36875,6,1.0
97,1.0,0.0,4.4710002,1.0,3.0,7,71.52226309497719,71.52226309497719,pobre,0,0,600.0,739.5,1.0,48.0,8,173,36876,3,1.0
98,1.0,0.0,4.4710002,1.0,4.0,7,71.52226309497719,71.52226309497719,pobre,0,0,600.0,739.5,1.0,48.0,9,173,36876,3,1.0
97,1.0,0.0,2.793,0.0,6.0,10,13.40444159556136,13.40444159556136,pobre,0,2,83.333336,699.5,1.0,58.0,13,166,36877,6,0.0
98,1.0,0.0,2.793,0.0,6.0,10,13.40444159556136,13.40444159556136,pobre,0,2,83.333336,699.5,1.0,58.0,14,166,36877,6,0.0
97,0.0,0.0,2.793,1.0,5.0,10,13.40444159556136,13.40444159556136,pobre,0,2,83.333336,699.5,1.0,58.0,11,166,36878,5,1.0
98,0.0,0.0,2.793,1.0,6.0,10,13.40444159556136,13.40444159556136,pobre,0,2,83.333336,699.5,1.0,58.0,12,166,36878,5,1.0
97,1.0,0.0,2.793,1.0,0.0,10,13.40444159556136,13.40444159556136,pobre,0,2,83.333336,699.5,1.0,58.0,6,166,36879,0,1.0
98,1.0,0.0,2.793,1.0,1.0,10,13.40444159556136,13.40444159556136,pobre,0,2,83.333336,699.5,1.0,58.0,7,166,36879,0,1.0
97,0.0,0.0,2.793,1.0,1.0,6,13.40444159556136,13.40444159556136,pobre,0,6,4000.0,613.0,1.0,31.0,8,166,36880,1,1.0
98,0.0,0.0,2.793,1.0,2.0,6,13.40444159556136,13.40444159556136,pobre,0,6,4000.0,613.0,1.0,31.0,9,166,36880,1,1.0
97,0.0,0.0,2.793,1.0,0.0,6,13.40444159556136,13.40444159556136,pobre,0,6,4000.0,613.0,1.0,31.0,6,166,36881,0,1.0
98,0.0,0.0,2.793,1.0,1.0,6,13.40444159556136,13.40444159556136,pobre,0,6,4000.0,613.0,1.0,31.0,7,166,36881,0,1.0
97,1.0,0.0,2.793,1.0,0.0,6,13.40444159556136,13.40444159556136,pobre,0,9,1000.0,613.0,1.0,31.0,8,166,36882,0,1.0
98,1.0,0.0,2.793,1.0,1.0,6,13.40444159556136,13.40444159556136,pobre,0,9,1000.0,613.0,1.0,31.0,9,166,36882,0,1.0
97,0.0,0.0,2.793,1.0,2.0,5,13.40444159556136,13.40444159556136,pobre,0,16,0.0,667.0,1.0,60.0,10,166,36883,2,1.0
98,0.0,0.0,2.793,,,5,13.40444159556136,13.40444159556136,pobre,0,16,0.0,667.0,1.0,60.0,11,166,36883,2,1.0
97,0.0,0.0,2.793,0.0,9.0,7,13.40444159556136,13.40444159556136,pobre,0,6,1200.0,636.5,1.0,35.0,15,166,36884,9,0.0
98,0.0,0.0,2.793,0.0,9.0,7,13.40444159556136,13.40444159556136,pobre,0,6,1200.0,636.5,1.0,35.0,16,166,36884,9,0.0
97,1.0,0.0,2.793,1.0,5.0,7,13.40444159556136,13.40444159556136,pobre,0,6,1200.0,636.5,1.0,35.0,13,166,36885,5,1.0
98,1.0,0.0,2.793,1.0,6.0,7,13.40444159556136,13.40444159556136,pobre,0,6,1200.0,636.5,1.0,35.0,14,166,36885,5,1.0
97,1.0,0.0,2.793,1.0,3.0,7,13.40444159556136,13.40444159556136,pobre,0,6,1200.0,636.5,1.0,35.0,9,166,36886,3,1.0
98,1.0,0.0,2.793,1.0,4.0,7,13.40444159556136,13.40444159556136,pobre,0,6,1200.0,636.5,1.0,35.0,10,166,36886,3,1.0
97,1.0,0.0,2.793,,0.0,7,13.40444159556136,13.40444159556136,no pobre,0,11,800.0,768.0,1.0,28.0,16,166,36887,0,
98,1.0,0.0,2.793,,,7,13.40444159556136,13.40444159556136,no pobre,0,11,800.0,768.0,1.0,28.0,17,166,36887,0,
97,1.0,0.0,2.793,0.0,3.0,6,13.40444159556136,13.40444159556136,pobre,0,5,1000.0,589.0,1.0,35.0,14,166,36888,3,0.0
98,1.0,0.0,2.793,0.0,3.0,6,13.40444159556136,13.40444159556136,pobre,0,5,1000.0,589.0,1.0,35.0,15,166,36888,3,0.0
97,1.0,0.0,2.793,1.0,5.0,6,13.40444159556136,13.40444159556136,pobre,0,5,1000.0,589.0,1.0,35.0,12,166,36889,5,1.0
98,1.0,0.0,2.793,1.0,6.0,6,13.40444159556136,13.40444159556136,pobre,0,5,1000.0,589.0,1.0,35.0,13,166,36889,5,1.0
97,0.0,0.0,2.793,1.0,3.0,6,13.40444159556136,13.40444159556136,pobre,0,5,1000.0,589.0,1.0,35.0,9,166,36890,3,1.0
98,0.0,0.0,2.793,1.0,4.0,6,13.40444159556136,13.40444159556136,pobre,0,5,1000.0,589.0,1.0,35.0,10,166,36890,3,1.0
97,1.0,0.0,2.793,1.0,0.0,6,13.40444159556136,13.40444159556136,pobre,0,9,0.0,502.0,1.0,26.0,6,166,36891,0,1.0
98,1.0,0.0,2.793,1.0,1.0,6,13.40444159556136,13.40444159556136,pobre,0,9,0.0,502.0,1.0,26.0,7,166,36891,0,1.0
97,1.0,0.0,0.0,0.0,9.0,9,16.48723207515607,16.48723207515607,no pobre,basal,0,1200.0,812.59998,1.0,68.0,16,160,36892,9,0.0
98,1.0,0.0,0.0,,,9,16.48723207515607,16.48723207515607,no pobre,basal,0,1200.0,812.59998,1.0,68.0,17,160,36892,9,0.0
97,0.0,0.0,0.0,1.0,2.0,4,13.31589070824295,13.31589070824295,pobre,basal,17,1833.3334,681.0,1.0,37.0,8,158,36893,2,1.0
98,0.0,0.0,0.0,1.0,3.0,4,13.31589070824295,13.31589070824295,pobre,basal,17,1833.3334,681.0,1.0,37.0,9,158,36893,2,1.0
97,1.0,0.0,0.0,1.0,0.0,4,13.31589070824295,13.31589070824295,pobre,basal,17,1833.3334,681.0,1.0,37.0,6,158,36894,0,1.0
98,1.0,0.0,0.0,1.0,1.0,4,13.31589070824295,13.31589070824295,pobre,basal,17,1833.3334,681.0,1.0,37.0,7,158,36894,0,1.0
97,1.0,0.0,3.632,1.0,1.0,7,20.07262769174459,20.07262769174459,pobre,basal,2,166.66667,676.5,1.0,57.0,6,135,36895,1,1.0
98,1.0,0.0,3.632,1.0,1.0,7,20.07262769174459,20.07262769174459,pobre,basal,2,166.66667,676.5,1.0,57.0,7,135,36895,1,1.0
97,1.0,0.0,3.632,0.0,6.0,11,20.07262769174459,20.07262769174459,pobre,basal,3,66.666664,634.0,1.0,51.0,16,135,36896,6,0.0
98,1.0,0.0,3.632,,,11,20.07262769174459,20.07262769174459,pobre,basal,3,66.666664,634.0,1.0,51.0,17,135,36896,6,0.0
97,0.0,0.0,3.632,0.0,6.0,11,20.07262769174459,20.07262769174459,pobre,basal,3,66.666664,634.0,1.0,51.0,14,135,36897,6,0.0
98,0.0,0.0,3.632,,,11,20.07262769174459,20.07262769174459,pobre,basal,3,66.666664,634.0,1.0,51.0,15,135,36897,6,0.0
97,0.0,0.0,3.632,0.0,6.0,11,20.07262769174459,20.07262769174459,pobre,basal,3,66.666664,634.0,1.0,51.0,12,135,36898,6,0.0
98,0.0,0.0,3.632,,,11,20.07262769174459,20.07262769174459,pobre,basal,3,66.666664,634.0,1.0,51.0,13,135,36898,6,0.0
97,1.0,0.0,3.632,1.0,2.0,11,20.07262769174459,20.07262769174459,pobre,basal,3,66.666664,634.0,1.0,51.0,10,135,36899,2,1.0
98,1.0,0.0,3.632,,,11,20.07262769174459,20.07262769174459,pobre,basal,3,66.666664,634.0,1.0,51.0,11,135,36899,2,1.0
97,0.0,0.0,3.632,1.0,2.0,11,20.07262769174459,20.07262769174459,pobre,basal,3,66.666664,634.0,1.0,51.0,8,135,36900,2,1.0
98,0.0,0.0,3.632,,,11,20.07262769174459,20.07262769174459,pobre,basal,3,66.666664,634.0,1.0,51.0,9,135,36900,2,1.0
97,1.0,0.0,0.0,1.0,3.0,7,13.31589070824295,13.31589070824295,no pobre,basal,3,0.0,758.25,1.0,59.0,10,158,36901,3,1.0
98,1.0,0.0,0.0,1.0,5.0,7,13.31589070824295,13.31589070824295,no pobre,basal,3,0.0,758.25,1.0,59.0,11,158,36901,3,1.0
97,1.0,0.0,4.4710002,0.0,4.0,4,71.52226309497719,71.52226309497719,no pobre,0,4,440.0,782.0,1.0,21.0,16,173,36902,4,0.0
98,1.0,0.0,4.4710002,,,4,71.52226309497719,71.52226309497719,no pobre,0,4,440.0,782.0,1.0,21.0,17,173,36902,4,0.0
97,0.0,0.0,4.4710002,1.0,0.0,4,71.52226309497719,71.52226309497719,pobre,0,2,0.0,642.0,0.0,65.0,6,173,36903,0,1.0
98,0.0,0.0,4.4710002,1.0,1.0,4,71.52226309497719,71.52226309497719,pobre,0,2,0.0,642.0,0.0,65.0,7,173,36903,0,1.0
97,0.0,0.0,4.4710002,1.0,7.0,7,71.52226309497719,71.52226309497719,pobre,0,3,830.0,689.5,1.0,35.0,13,173,36904,7,1.0
98,0.0,0.0,4.4710002,1.0,8.0,7,71.52226309497719,71.52226309497719,pobre,0,3,830.0,689.5,1.0,35.0,14,173,36904,7,1.0
97,1.0,0.0,4.4710002,1.0,3.0,7,71.52226309497719,71.52226309497719,pobre,0,3,830.0,689.5,1.0,35.0,10,173,36905,3,1.0
98,1.0,0.0,4.4710002,1.0,4.0,7,71.52226309497719,71.52226309497719,pobre,0,3,830.0,689.5,1.0,35.0,11,173,36905,3,1.0
97,1.0,0.0,4.4710002,1.0,2.0,7,71.52226309497719,71.52226309497719,pobre,0,3,830.0,689.5,1.0,35.0,8,173,36906,2,1.0
98,1.0,0.0,4.4710002,1.0,3.0,7,71.52226309497719,71.52226309497719,pobre,0,3,830.0,689.5,1.0,35.0,9,173,36906,2,1.0
97,0.0,0.0,4.4710002,1.0,1.0,4,71.52226309497719,71.52226309497719,pobre,0,6,672.0,703.0,1.0,49.0,7,173,36907,1,1.0
98,0.0,0.0,4.4710002,1.0,2.0,4,71.52226309497719,71.52226309497719,pobre,0,6,672.0,703.0,1.0,49.0,8,173,36907,1,1.0
97,0.0,0.0,4.4710002,1.0,2.0,5,71.52226309497719,71.52226309497719,pobre,0,6,600.0,630.0,1.0,35.0,9,173,36908,2,1.0
98,0.0,0.0,4.4710002,1.0,3.0,5,71.52226309497719,71.52226309497719,pobre,0,6,600.0,630.0,1.0,35.0,10,173,36908,2,1.0
97,0.0,0.0,4.4710002,1.0,2.0,5,71.52226309497719,71.52226309497719,pobre,0,6,600.0,630.0,1.0,35.0,9,173,36909,2,1.0
98,0.0,0.0,4.4710002,1.0,3.0,5,71.52226309497719,71.52226309497719,pobre,0,6,600.0,630.0,1.0,35.0,10,173,36909,2,1.0
97,1.0,0.0,4.4710002,0.0,6.0,9,71.52226309497719,71.52226309497719,pobre,0,0,1440.0,605.5,1.0,34.0,16,173,36910,6,0.0
98,1.0,0.0,4.4710002,0.0,6.0,9,71.52226309497719,71.52226309497719,pobre,0,0,1440.0,605.5,1.0,34.0,17,173,36910,6,0.0
97,0.0,0.0,4.4710002,0.0,6.0,9,71.52226309497719,71.52226309497719,pobre,0,0,1440.0,605.5,1.0,34.0,14,173,36911,6,0.0
98,0.0,0.0,4.4710002,0.0,6.0,9,71.52226309497719,71.52226309497719,pobre,0,0,1440.0,605.5,1.0,34.0,15,173,36911,6,0.0
97,1.0,0.0,4.4710002,1.0,5.0,9,71.52226309497719,71.52226309497719,pobre,0,0,1440.0,605.5,1.0,34.0,12,173,36912,5,1.0
98,1.0,0.0,4.4710002,1.0,6.0,9,71.52226309497719,71.52226309497719,pobre,0,0,1440.0,605.5,1.0,34.0,13,173,36912,5,1.0
97,0.0,0.0,4.4710002,1.0,4.0,9,71.52226309497719,71.52226309497719,pobre,0,0,1440.0,605.5,1.0,34.0,11,173,36913,4,1.0
98,0.0,0.0,4.4710002,1.0,5.0,9,71.52226309497719,71.52226309497719,pobre,0,0,1440.0,605.5,1.0,34.0,12,173,36913,4,1.0
97,0.0,0.0,4.4710002,1.0,2.0,9,71.52226309497719,71.52226309497719,pobre,0,0,1440.0,605.5,1.0,34.0,8,173,36914,2,1.0
98,0.0,0.0,4.4710002,1.0,3.0,9,71.52226309497719,71.52226309497719,pobre,0,0,1440.0,605.5,1.0,34.0,9,173,36914,2,1.0
97,0.0,0.0,2.793,0.0,6.0,8,13.40444159556136,13.40444159556136,pobre,0,8,3000.0,407.0,1.0,35.0,13,166,36915,6,0.0
98,0.0,0.0,2.793,0.0,6.0,8,13.40444159556136,13.40444159556136,pobre,0,8,3000.0,407.0,1.0,35.0,14,166,36915,6,0.0
97,1.0,0.0,2.793,1.0,4.0,8,13.40444159556136,13.40444159556136,pobre,0,8,3000.0,407.0,1.0,35.0,11,166,36916,4,1.0
98,1.0,0.0,2.793,1.0,5.0,8,13.40444159556136,13.40444159556136,pobre,0,8,3000.0,407.0,1.0,35.0,12,166,36916,4,1.0
97,1.0,0.0,2.793,1.0,1.0,8,13.40444159556136,13.40444159556136,pobre,0,8,3000.0,407.0,1.0,35.0,9,166,36917,1,1.0
98,1.0,0.0,2.793,1.0,2.0,8,13.40444159556136,13.40444159556136,pobre,0,8,3000.0,407.0,1.0,35.0,10,166,36917,1,1.0
97,0.0,0.0,2.793,1.0,1.0,3,13.40444159556136,13.40444159556136,pobre,0,6,1000.0,745.0,1.0,31.0,7,166,36918,1,1.0
98,0.0,0.0,2.793,1.0,2.0,3,13.40444159556136,13.40444159556136,pobre,0,6,1000.0,745.0,1.0,31.0,8,166,36918,1,1.0
97,0.0,0.0,2.793,1.0,5.0,6,13.40444159556136,13.40444159556136,pobre,0,3,800.0,471.0,1.0,35.0,11,166,36919,5,1.0
98,0.0,0.0,2.793,1.0,6.0,6,13.40444159556136,13.40444159556136,pobre,0,3,800.0,471.0,1.0,35.0,12,166,36919,5,1.0
97,0.0,0.0,2.793,1.0,0.0,6,13.40444159556136,13.40444159556136,pobre,0,3,800.0,471.0,1.0,35.0,6,166,36920,0,1.0
98,0.0,0.0,2.793,1.0,1.0,6,13.40444159556136,13.40444159556136,pobre,0,3,800.0,471.0,1.0,35.0,7,166,36920,0,1.0
97,1.0,0.0,0.0,1.0,6.0,6,16.48723207515607,16.48723207515607,pobre,basal,6,1000.0,516.0,1.0,34.0,13,160,36921,6,1.0
98,1.0,0.0,0.0,1.0,6.0,6,16.48723207515607,16.48723207515607,pobre,basal,6,1000.0,516.0,1.0,34.0,14,160,36921,6,1.0
97,0.0,0.0,0.0,1.0,6.0,6,16.48723207515607,16.48723207515607,pobre,basal,6,1000.0,516.0,1.0,34.0,11,160,36922,6,1.0
98,0.0,0.0,0.0,1.0,4.0,6,16.48723207515607,16.48723207515607,pobre,basal,6,1000.0,516.0,1.0,34.0,12,160,36922,6,1.0
97,1.0,0.0,0.0,1.0,4.0,6,16.48723207515607,16.48723207515607,pobre,basal,6,1000.0,516.0,1.0,34.0,10,160,36923,4,1.0
98,1.0,0.0,0.0,1.0,3.0,6,16.48723207515607,16.48723207515607,pobre,basal,6,1000.0,516.0,1.0,34.0,11,160,36923,4,1.0
97,0.0,0.0,0.0,1.0,3.0,6,16.48723207515607,16.48723207515607,pobre,basal,6,1000.0,516.0,1.0,34.0,9,160,36924,3,1.0
98,0.0,0.0,0.0,1.0,3.0,6,16.48723207515607,16.48723207515607,pobre,basal,6,1000.0,516.0,1.0,34.0,10,160,36924,3,1.0
97,0.0,0.0,4.4710002,0.0,6.0,7,71.52226309497719,71.52226309497719,no pobre,0,3,760.0,714.5,1.0,50.0,15,173,36925,6,0.0
98,0.0,0.0,4.4710002,0.0,6.0,7,71.52226309497719,71.52226309497719,no pobre,0,3,760.0,714.5,1.0,50.0,16,173,36925,6,0.0
97,1.0,0.0,4.4710002,0.0,6.0,7,71.52226309497719,71.52226309497719,no pobre,0,3,760.0,714.5,1.0,50.0,14,173,36926,6,0.0
98,1.0,0.0,4.4710002,0.0,6.0,7,71.52226309497719,71.52226309497719,no pobre,0,3,760.0,714.5,1.0,50.0,15,173,36926,6,0.0
97,1.0,0.0,4.4710002,1.0,5.0,7,71.52226309497719,71.52226309497719,no pobre,0,3,760.0,714.5,1.0,50.0,12,173,36927,5,1.0
98,1.0,0.0,4.4710002,0.0,6.0,7,71.52226309497719,71.52226309497719,no pobre,0,3,760.0,714.5,1.0,50.0,13,173,36927,5,1.0
97,1.0,0.0,4.4710002,1.0,0.0,7,71.52226309497719,71.52226309497719,no pobre,0,3,760.0,714.5,1.0,50.0,7,173,36928,0,1.0
98,1.0,0.0,4.4710002,1.0,1.0,7,71.52226309497719,71.52226309497719,no pobre,0,3,760.0,714.5,1.0,50.0,8,173,36928,0,1.0
97,0.0,0.0,1.872,1.0,2.0,4,78.51462406567467,109.7866260543764,pobre,basal,6,600.0,704.0,1.0,29.0,10,52,36929,2,1.0
98,0.0,0.0,1.872,1.0,3.0,4,78.51462406567467,109.7866260543764,pobre,basal,6,600.0,704.0,1.0,29.0,11,52,36929,2,1.0
97,1.0,0.0,1.872,1.0,0.0,4,78.51462406567467,109.7866260543764,pobre,basal,6,600.0,704.0,1.0,29.0,6,52,36930,0,1.0
98,1.0,0.0,1.872,1.0,1.0,4,78.51462406567467,109.7866260543764,pobre,basal,6,600.0,704.0,1.0,29.0,7,52,36930,0,1.0
97,0.0,0.0,1.872,1.0,5.0,4,78.51462406567467,109.7866260543764,no pobre,basal,1,1000.0,964.0,1.0,38.0,12,52,36931,5,1.0
98,0.0,0.0,1.872,1.0,6.0,4,78.51462406567467,109.7866260543764,no pobre,basal,1,1000.0,964.0,1.0,38.0,13,52,36931,5,1.0
97,1.0,0.0,1.872,1.0,4.0,4,78.51462406567467,109.7866260543764,no pobre,basal,1,1000.0,964.0,1.0,38.0,10,52,36932,4,1.0
98,1.0,0.0,1.872,1.0,4.0,4,78.51462406567467,109.7866260543764,no pobre,basal,1,1000.0,964.0,1.0,38.0,11,52,36932,4,1.0
97,1.0,0.0,0.0,0.0,9.0,10,16.48723207515607,16.48723207515607,no pobre,basal,2,480.0,694.5,1.0,49.0,15,160,36933,9,0.0
98,1.0,0.0,0.0,0.0,9.0,10,16.48723207515607,16.48723207515607,no pobre,basal,2,480.0,694.5,1.0,49.0,16,160,36933,9,0.0
97,0.0,0.0,0.0,1.0,2.0,10,16.48723207515607,16.48723207515607,no pobre,basal,2,480.0,694.5,1.0,49.0,9,160,36934,2,1.0
98,0.0,0.0,0.0,1.0,3.0,10,16.48723207515607,16.48723207515607,no pobre,basal,2,480.0,694.5,1.0,49.0,10,160,36934,2,1.0
97,0.0,0.0,2.279,0.0,6.0,3,141.3251642668162,141.3251642668162,no pobre,0,1,0.0,,1.0,65.0,14,331,36935,6,0.0
98,0.0,0.0,2.279,0.0,6.0,3,141.3251642668162,141.3251642668162,no pobre,0,1,0.0,,1.0,65.0,15,331,36935,6,0.0
97,1.0,0.0,2.279,0.0,6.0,12,141.3251642668162,141.3251642668162,pobre,0,4,0.0,,1.0,42.0,16,331,36936,6,0.0
98,1.0,0.0,2.279,,,12,141.3251642668162,141.3251642668162,pobre,0,4,0.0,,1.0,42.0,17,331,36936,6,0.0
97,0.0,0.0,2.279,0.0,6.0,12,141.3251642668162,141.3251642668162,pobre,0,4,0.0,,1.0,42.0,14,331,36937,6,0.0
98,0.0,0.0,2.279,0.0,6.0,12,141.3251642668162,141.3251642668162,pobre,0,4,0.0,,1.0,42.0,15,331,36937,6,0.0
97,1.0,0.0,2.279,1.0,4.0,12,141.3251642668162,141.3251642668162,pobre,0,4,0.0,,1.0,42.0,10,331,36938,4,1.0
98,1.0,0.0,2.279,1.0,5.0,12,141.3251642668162,141.3251642668162,pobre,0,4,0.0,,1.0,42.0,11,331,36938,4,1.0
97,0.0,0.0,2.279,1.0,2.0,12,141.3251642668162,141.3251642668162,pobre,0,4,0.0,,1.0,42.0,9,331,36939,2,1.0
98,0.0,0.0,2.279,1.0,3.0,12,141.3251642668162,141.3251642668162,pobre,0,4,0.0,,1.0,42.0,10,331,36939,2,1.0
97,1.0,0.0,2.279,1.0,0.0,12,141.3251642668162,141.3251642668162,pobre,0,4,0.0,,1.0,42.0,6,331,36940,0,1.0
98,1.0,0.0,2.279,1.0,1.0,12,141.3251642668162,141.3251642668162,pobre,0,4,0.0,,1.0,42.0,7,331,36940,0,1.0
97,0.0,0.0,2.279,0.0,6.0,12,141.3251642668162,141.3251642668162,pobre,0,4,0.0,,1.0,42.0,14,331,36941,6,0.0
98,0.0,0.0,2.279,0.0,6.0,12,141.3251642668162,141.3251642668162,pobre,0,4,0.0,,1.0,42.0,15,331,36941,6,0.0
97,0.0,0.0,2.279,0.0,6.0,4,141.3251642668162,141.3251642668162,pobre,0,1,0.0,,1.0,56.0,13,331,36942,6,0.0
98,0.0,0.0,2.279,0.0,6.0,4,141.3251642668162,141.3251642668162,pobre,0,1,0.0,,1.0,56.0,14,331,36942,6,0.0
97,1.0,0.0,2.279,1.0,2.0,6,141.3251642668162,141.3251642668162,pobre,0,4,625.0,,1.0,30.0,8,331,36943,2,1.0
98,1.0,0.0,2.279,1.0,3.0,6,141.3251642668162,141.3251642668162,pobre,0,4,625.0,,1.0,30.0,9,331,36943,2,1.0
97,0.0,0.0,2.279,1.0,0.0,6,141.3251642668162,141.3251642668162,pobre,0,4,625.0,,1.0,30.0,6,331,36944,0,1.0
98,0.0,0.0,2.279,1.0,1.0,6,141.3251642668162,141.3251642668162,pobre,0,4,625.0,,1.0,30.0,7,331,36944,0,1.0
97,1.0,0.0,2.279,0.0,6.0,11,141.3251642668162,141.3251642668162,no pobre,0,1,0.0,,1.0,47.0,16,331,36945,6,0.0
98,1.0,0.0,2.279,,,11,141.3251642668162,141.3251642668162,no pobre,0,1,0.0,,1.0,47.0,17,331,36945,6,0.0
97,1.0,0.0,2.279,0.0,6.0,11,141.3251642668162,141.3251642668162,no pobre,0,1,0.0,,1.0,47.0,14,331,36946,6,0.0
98,1.0,0.0,2.279,0.0,6.0,11,141.3251642668162,141.3251642668162,no pobre,0,1,0.0,,1.0,47.0,15,331,36946,6,0.0
97,1.0,0.0,2.279,1.0,2.0,11,141.3251642668162,141.3251642668162,no pobre,0,1,0.0,,1.0,47.0,11,331,36947,2,1.0
98,1.0,0.0,2.279,1.0,3.0,11,141.3251642668162,141.3251642668162,no pobre,0,1,0.0,,1.0,47.0,12,331,36947,2,1.0
97,0.0,0.0,2.279,1.0,2.0,11,141.3251642668162,141.3251642668162,no pobre,0,1,0.0,,1.0,47.0,9,331,36948,2,1.0
98,0.0,0.0,2.279,1.0,3.0,11,141.3251642668162,141.3251642668162,no pobre,0,1,0.0,,1.0,47.0,10,331,36948,2,1.0
97,1.0,0.0,2.279,1.0,1.0,11,141.3251642668162,141.3251642668162,no pobre,0,1,0.0,,1.0,47.0,7,331,36949,1,1.0
98,1.0,0.0,2.279,1.0,2.0,11,141.3251642668162,141.3251642668162,no pobre,0,1,0.0,,1.0,47.0,8,331,36949,1,1.0
97,1.0,0.0,2.279,1.0,6.0,7,141.3251642668162,141.3251642668162,pobre,0,3,0.0,,1.0,33.0,13,331,36950,6,1.0
98,1.0,0.0,2.279,0.0,7.0,7,141.3251642668162,141.3251642668162,pobre,0,3,0.0,,1.0,33.0,14,331,36950,6,1.0
97,1.0,0.0,2.279,1.0,5.0,7,141.3251642668162,141.3251642668162,pobre,0,3,0.0,,1.0,33.0,11,331,36951,5,1.0
98,1.0,0.0,2.279,0.0,6.0,7,141.3251642668162,141.3251642668162,pobre,0,3,0.0,,1.0,33.0,12,331,36951,5,1.0
97,1.0,0.0,2.279,1.0,2.0,7,141.3251642668162,141.3251642668162,pobre,0,3,0.0,,1.0,33.0,8,331,36952,2,1.0
98,1.0,0.0,2.279,1.0,3.0,7,141.3251642668162,141.3251642668162,pobre,0,3,0.0,,1.0,33.0,9,331,36952,2,1.0
97,0.0,0.0,2.279,1.0,1.0,6,141.3251642668162,141.3251642668162,pobre,0,0,0.0,,1.0,67.0,8,331,36953,1,1.0
98,0.0,0.0,2.279,1.0,2.0,6,141.3251642668162,141.3251642668162,pobre,0,0,0.0,,1.0,67.0,9,331,36953,1,1.0
97,0.0,0.0,2.279,1.0,1.0,6,141.3251642668162,141.3251642668162,pobre,0,0,0.0,,1.0,67.0,6,331,36954,1,1.0
98,0.0,0.0,2.279,1.0,1.0,6,141.3251642668162,141.3251642668162,pobre,0,0,0.0,,1.0,67.0,7,331,36954,1,1.0
97,0.0,0.0,2.279,0.0,6.0,5,141.3251642668162,141.3251642668162,no pobre,0,0,0.0,,1.0,59.0,14,331,36955,6,0.0
98,0.0,0.0,2.279,0.0,6.0,5,141.3251642668162,141.3251642668162,no pobre,0,0,0.0,,1.0,59.0,15,331,36955,6,0.0
97,1.0,0.0,2.279,0.0,6.0,8,141.3251642668162,141.3251642668162,pobre,0,3,625.0,,1.0,37.0,15,331,36956,6,0.0
98,1.0,0.0,2.279,0.0,6.0,8,141.3251642668162,141.3251642668162,pobre,0,3,625.0,,1.0,37.0,16,331,36956,6,0.0
97,1.0,0.0,2.279,1.0,1.0,8,141.3251642668162,141.3251642668162,pobre,0,3,625.0,,1.0,37.0,9,331,36957,1,1.0
98,1.0,0.0,2.279,1.0,2.0,8,141.3251642668162,141.3251642668162,pobre,0,3,625.0,,1.0,37.0,10,331,36957,1,1.0
97,0.0,0.0,2.279,1.0,1.0,8,141.3251642668162,141.3251642668162,pobre,0,3,625.0,,1.0,37.0,8,331,36958,1,1.0
98,0.0,0.0,2.279,1.0,2.0,8,141.3251642668162,141.3251642668162,pobre,0,3,625.0,,1.0,37.0,9,331,36958,1,1.0
97,0.0,0.0,2.279,0.0,6.0,9,141.3251642668162,141.3251642668162,no pobre,0,3,0.0,,1.0,43.0,15,331,36959,6,0.0
98,0.0,0.0,2.279,0.0,6.0,9,141.3251642668162,141.3251642668162,no pobre,0,3,0.0,,1.0,43.0,16,331,36959,6,0.0
97,1.0,0.0,2.279,1.0,5.0,9,141.3251642668162,141.3251642668162,no pobre,0,3,0.0,,1.0,43.0,13,331,36960,5,1.0
98,1.0,0.0,2.279,1.0,5.0,9,141.3251642668162,141.3251642668162,no pobre,0,3,0.0,,1.0,43.0,14,331,36960,5,1.0
97,1.0,0.0,2.279,1.0,4.0,9,141.3251642668162,141.3251642668162,no pobre,0,3,0.0,,1.0,43.0,11,331,36961,4,1.0
98,1.0,0.0,2.279,1.0,5.0,9,141.3251642668162,141.3251642668162,no pobre,0,3,0.0,,1.0,43.0,12,331,36961,4,1.0
97,1.0,0.0,2.279,1.0,3.0,9,141.3251642668162,141.3251642668162,no pobre,0,3,0.0,,1.0,43.0,9,331,36962,3,1.0
98,1.0,0.0,2.279,1.0,4.0,9,141.3251642668162,141.3251642668162,no pobre,0,3,0.0,,1.0,43.0,10,331,36962,3,1.0
97,0.0,0.0,2.279,1.0,2.0,9,141.3251642668162,141.3251642668162,no pobre,0,3,0.0,,1.0,43.0,7,331,36963,2,1.0
98,0.0,0.0,2.279,1.0,3.0,9,141.3251642668162,141.3251642668162,no pobre,0,3,0.0,,1.0,43.0,8,331,36963,2,1.0
97,1.0,0.0,2.279,0.0,9.0,8,141.3251642668162,141.3251642668162,pobre,0,1,0.0,,1.0,43.0,16,331,36964,9,0.0
98,1.0,0.0,2.279,,,8,141.3251642668162,141.3251642668162,pobre,0,1,0.0,,1.0,43.0,17,331,36964,9,0.0
97,1.0,0.0,2.279,1.0,6.0,8,141.3251642668162,141.3251642668162,pobre,0,1,0.0,,1.0,43.0,13,331,36965,6,1.0
98,1.0,0.0,2.279,0.0,7.0,8,141.3251642668162,141.3251642668162,pobre,0,1,0.0,,1.0,43.0,14,331,36965,6,1.0
97,1.0,0.0,2.279,1.0,2.0,8,141.3251642668162,141.3251642668162,pobre,0,1,0.0,,1.0,43.0,11,331,36966,2,1.0
98,1.0,0.0,2.279,1.0,3.0,8,141.3251642668162,141.3251642668162,pobre,0,1,0.0,,1.0,43.0,12,331,36966,2,1.0
97,1.0,0.0,2.279,1.0,1.0,8,141.3251642668162,141.3251642668162,pobre,0,1,0.0,,1.0,43.0,8,331,36967,1,1.0
98,1.0,0.0,2.279,1.0,2.0,8,141.3251642668162,141.3251642668162,pobre,0,1,0.0,,1.0,43.0,9,331,36967,1,1.0
97,1.0,0.0,2.279,1.0,6.0,8,141.3251642668162,141.3251642668162,pobre,0,2,0.0,,1.0,41.0,13,331,36968,6,1.0
98,1.0,0.0,2.279,0.0,7.0,8,141.3251642668162,141.3251642668162,pobre,0,2,0.0,,1.0,41.0,14,331,36968,6,1.0
97,0.0,0.0,2.279,1.0,3.0,8,141.3251642668162,141.3251642668162,pobre,0,2,0.0,,1.0,41.0,11,331,36969,3,1.0
98,0.0,0.0,2.279,1.0,4.0,8,141.3251642668162,141.3251642668162,pobre,0,2,0.0,,1.0,41.0,12,331,36969,3,1.0
97,1.0,0.0,2.279,1.0,2.0,8,141.3251642668162,141.3251642668162,pobre,0,2,0.0,,1.0,41.0,9,331,36970,2,1.0
98,1.0,0.0,2.279,1.0,3.0,8,141.3251642668162,141.3251642668162,pobre,0,2,0.0,,1.0,41.0,10,331,36970,2,1.0
97,1.0,0.0,2.279,1.0,0.0,8,141.3251642668162,141.3251642668162,pobre,0,2,0.0,,1.0,41.0,6,331,36971,0,1.0
98,1.0,0.0,2.279,1.0,0.0,8,141.3251642668162,141.3251642668162,pobre,0,2,0.0,,1.0,41.0,7,331,36971,0,1.0
97,1.0,0.0,2.279,1.0,6.0,5,141.3251642668162,141.3251642668162,no pobre,0,2,800.0,,1.0,45.0,15,331,36972,6,1.0
98,1.0,0.0,2.279,0.0,7.0,5,141.3251642668162,141.3251642668162,no pobre,0,2,800.0,,1.0,45.0,16,331,36972,6,1.0
97,0.0,0.0,2.279,0.0,6.0,6,141.3251642668162,141.3251642668162,pobre,0,0,0.0,,1.0,54.0,15,331,36973,6,0.0
98,0.0,0.0,2.279,0.0,6.0,6,141.3251642668162,141.3251642668162,pobre,0,0,0.0,,1.0,54.0,16,331,36973,6,0.0
97,0.0,0.0,2.279,0.0,6.0,6,141.3251642668162,141.3251642668162,pobre,0,0,0.0,,1.0,54.0,13,331,36974,6,0.0
98,0.0,0.0,2.279,0.0,6.0,6,141.3251642668162,141.3251642668162,pobre,0,0,0.0,,1.0,54.0,14,331,36974,6,0.0
97,1.0,0.0,2.279,1.0,1.0,6,141.3251642668162,141.3251642668162,pobre,0,0,0.0,,1.0,54.0,7,331,36975,1,1.0
98,1.0,0.0,2.279,1.0,2.0,6,141.3251642668162,141.3251642668162,pobre,0,0,0.0,,1.0,54.0,8,331,36975,1,1.0
97,0.0,0.0,2.279,1.0,4.0,9,141.3251642668162,141.3251642668162,pobre,0,0,0.0,,1.0,53.0,12,331,36976,4,1.0
98,0.0,0.0,2.279,1.0,5.0,9,141.3251642668162,141.3251642668162,pobre,0,0,0.0,,1.0,53.0,13,331,36976,4,1.0
97,0.0,0.0,2.279,1.0,1.0,9,141.3251642668162,141.3251642668162,pobre,0,0,0.0,,1.0,53.0,8,331,36977,1,1.0
98,0.0,0.0,2.279,1.0,2.0,9,141.3251642668162,141.3251642668162,pobre,0,0,0.0,,1.0,53.0,9,331,36977,1,1.0
97,0.0,0.0,2.279,0.0,6.0,9,141.3251642668162,141.3251642668162,pobre,0,0,0.0,,1.0,53.0,14,331,36978,6,0.0
98,0.0,0.0,2.279,0.0,6.0,9,141.3251642668162,141.3251642668162,pobre,0,0,0.0,,1.0,53.0,15,331,36978,6,0.0
97,1.0,0.0,2.279,1.0,4.0,9,141.3251642668162,141.3251642668162,pobre,0,0,0.0,,1.0,53.0,12,331,36979,4,1.0
98,1.0,0.0,2.279,,,9,141.3251642668162,141.3251642668162,pobre,0,0,0.0,,1.0,53.0,13,331,36979,4,1.0
97,1.0,0.0,2.279,0.0,6.0,7,141.3251642668162,141.3251642668162,no pobre,0,3,2000.0,,1.0,44.0,15,331,36980,6,0.0
98,1.0,0.0,2.279,0.0,6.0,7,141.3251642668162,141.3251642668162,no pobre,0,3,2000.0,,1.0,44.0,16,331,36980,6,0.0
97,1.0,0.0,2.279,1.0,5.0,7,141.3251642668162,141.3251642668162,no pobre,0,3,2000.0,,1.0,44.0,13,331,36981,5,1.0
98,1.0,0.0,2.279,1.0,6.0,7,141.3251642668162,141.3251642668162,no pobre,0,3,2000.0,,1.0,44.0,14,331,36981,5,1.0
97,1.0,0.0,2.279,1.0,4.0,7,141.3251642668162,141.3251642668162,no pobre,0,3,2000.0,,1.0,44.0,11,331,36982,4,1.0
98,1.0,0.0,2.279,1.0,5.0,7,141.3251642668162,141.3251642668162,no pobre,0,3,2000.0,,1.0,44.0,12,331,36982,4,1.0
97,0.0,0.0,2.279,1.0,3.0,7,141.3251642668162,141.3251642668162,no pobre,0,3,2000.0,,1.0,44.0,9,331,36983,3,1.0
98,0.0,0.0,2.279,1.0,4.0,7,141.3251642668162,141.3251642668162,no pobre,0,3,2000.0,,1.0,44.0,10,331,36983,3,1.0
97,1.0,0.0,2.279,1.0,5.0,7,141.3251642668162,141.3251642668162,pobre,0,4,0.0,,1.0,34.0,12,331,36984,5,1.0
98,1.0,0.0,2.279,1.0,6.0,7,141.3251642668162,141.3251642668162,pobre,0,4,0.0,,1.0,34.0,13,331,36984,5,1.0
97,0.0,0.0,2.279,1.0,4.0,7,141.3251642668162,141.3251642668162,pobre,0,4,0.0,,1.0,34.0,11,331,36985,4,1.0
98,0.0,0.0,2.279,1.0,5.0,7,141.3251642668162,141.3251642668162,pobre,0,4,0.0,,1.0,34.0,12,331,36985,4,1.0
97,0.0,0.0,2.279,1.0,3.0,7,141.3251642668162,141.3251642668162,pobre,0,4,0.0,,1.0,34.0,9,331,36986,3,1.0
98,0.0,0.0,2.279,1.0,4.0,7,141.3251642668162,141.3251642668162,pobre,0,4,0.0,,1.0,34.0,10,331,36986,3,1.0
97,0.0,0.0,2.279,1.0,0.0,7,141.3251642668162,141.3251642668162,pobre,0,4,0.0,,1.0,34.0,7,331,36987,0,1.0
98,0.0,0.0,2.279,1.0,1.0,7,141.3251642668162,141.3251642668162,pobre,0,4,0.0,,1.0,34.0,8,331,36987,0,1.0
97,0.0,0.0,2.279,1.0,4.0,6,141.3251642668162,141.3251642668162,pobre,0,0,0.0,,1.0,78.0,13,331,36988,4,1.0
98,0.0,0.0,2.279,0.0,5.0,6,141.3251642668162,141.3251642668162,pobre,0,0,0.0,,1.0,78.0,14,331,36988,4,1.0
97,0.0,0.0,2.279,1.0,3.0,6,141.3251642668162,141.3251642668162,pobre,0,0,0.0,,1.0,78.0,11,331,36989,3,1.0
98,0.0,0.0,2.279,1.0,4.0,6,141.3251642668162,141.3251642668162,pobre,0,0,0.0,,1.0,78.0,12,331,36989,3,1.0
97,0.0,0.0,2.279,1.0,2.0,6,141.3251642668162,141.3251642668162,pobre,0,0,0.0,,1.0,78.0,9,331,36990,2,1.0
98,0.0,0.0,2.279,1.0,3.0,6,141.3251642668162,141.3251642668162,pobre,0,0,0.0,,1.0,78.0,10,331,36990,2,1.0
97,0.0,0.0,2.279,1.0,3.0,8,141.3251642668162,141.3251642668162,pobre,0,0,625.0,,1.0,65.0,14,331,36991,3,1.0
98,0.0,0.0,2.279,0.0,4.0,8,141.3251642668162,141.3251642668162,pobre,0,0,625.0,,1.0,65.0,15,331,36991,3,1.0
97,0.0,0.0,2.279,1.0,4.0,8,141.3251642668162,141.3251642668162,pobre,0,0,625.0,,1.0,65.0,10,331,36992,4,1.0
98,0.0,0.0,2.279,1.0,5.0,8,141.3251642668162,141.3251642668162,pobre,0,0,625.0,,1.0,65.0,11,331,36992,4,1.0
97,0.0,0.0,2.279,,0.0,8,141.3251642668162,141.3251642668162,pobre,0,0,625.0,,1.0,65.0,6,331,36993,0,
98,0.0,0.0,2.279,1.0,1.0,8,141.3251642668162,141.3251642668162,pobre,0,0,625.0,,1.0,65.0,7,331,36993,0,
97,1.0,0.0,2.279,0.0,6.0,8,141.3251642668162,141.3251642668162,pobre,0,2,750.0,,1.0,47.0,14,331,36994,6,0.0
98,1.0,0.0,2.279,0.0,6.0,8,141.3251642668162,141.3251642668162,pobre,0,2,750.0,,1.0,47.0,15,331,36994,6,0.0
97,0.0,0.0,2.279,0.0,6.0,8,141.3251642668162,141.3251642668162,pobre,0,2,750.0,,1.0,47.0,13,331,36995,6,0.0
98,0.0,0.0,2.279,0.0,6.0,8,141.3251642668162,141.3251642668162,pobre,0,2,750.0,,1.0,47.0,14,331,36995,6,0.0
97,0.0,0.0,2.279,1.0,5.0,8,141.3251642668162,141.3251642668162,pobre,0,2,750.0,,1.0,47.0,11,331,36996,5,1.0
98,0.0,0.0,2.279,0.0,6.0,8,141.3251642668162,141.3251642668162,pobre,0,2,750.0,,1.0,47.0,12,331,36996,5,1.0
97,0.0,0.0,2.279,1.0,4.0,8,141.3251642668162,141.3251642668162,pobre,0,2,750.0,,1.0,47.0,9,331,36997,4,1.0
98,0.0,0.0,2.279,1.0,5.0,8,141.3251642668162,141.3251642668162,pobre,0,2,750.0,,1.0,47.0,10,331,36997,4,1.0
97,1.0,0.0,2.279,1.0,8.0,6,141.3251642668162,141.3251642668162,no pobre,0,2,200.0,,1.0,49.0,14,331,36998,8,1.0
98,1.0,0.0,2.279,0.0,9.0,6,141.3251642668162,141.3251642668162,no pobre,0,2,200.0,,1.0,49.0,15,331,36998,8,1.0
97,1.0,0.0,2.279,1.0,5.0,6,141.3251642668162,141.3251642668162,no pobre,0,2,200.0,,1.0,49.0,11,331,36999,5,1.0
98,1.0,0.0,2.279,1.0,6.0,6,141.3251642668162,141.3251642668162,no pobre,0,2,200.0,,1.0,49.0,12,331,36999,5,1.0
97,0.0,0.0,4.9949999,0.0,6.0,6,127.6094293770071,127.6094293770071,pobre,basal,0,0.0,754.0,1.0,49.0,16,328,37000,6,0.0
98,0.0,0.0,4.9949999,,,6,127.6094293770071,127.6094293770071,pobre,basal,0,0.0,754.0,1.0,49.0,17,328,37000,6,0.0
97,0.0,0.0,4.9949999,0.0,6.0,6,127.6094293770071,127.6094293770071,pobre,basal,0,0.0,754.0,1.0,49.0,13,328,37001,6,0.0
98,0.0,0.0,4.9949999,1.0,6.0,6,127.6094293770071,127.6094293770071,pobre,basal,0,0.0,754.0,1.0,49.0,14,328,37001,6,0.0
97,1.0,0.0,4.9949999,1.0,5.0,6,127.6094293770071,127.6094293770071,pobre,basal,0,0.0,754.0,1.0,49.0,11,328,37002,5,1.0
98,1.0,0.0,4.9949999,1.0,6.0,6,127.6094293770071,127.6094293770071,pobre,basal,0,0.0,754.0,1.0,49.0,12,328,37002,5,1.0
97,1.0,0.0,11.983,1.0,1.0,4,148.0691347823746,220.2166280501844,no pobre,0,6,0.0,811.0,1.0,28.0,7,371,37003,1,1.0
98,1.0,0.0,11.983,1.0,2.0,4,148.0691347823746,220.2166280501844,no pobre,0,6,0.0,811.0,1.0,28.0,8,371,37003,1,1.0
97,1.0,0.0,11.983,1.0,1.0,6,148.0691347823746,220.2166280501844,pobre,0,2,1600.0,633.0,1.0,28.0,8,371,37004,1,1.0
98,1.0,0.0,11.983,1.0,2.0,6,148.0691347823746,220.2166280501844,pobre,0,2,1600.0,633.0,1.0,28.0,9,371,37004,1,1.0
97,1.0,0.0,11.983,1.0,0.0,6,148.0691347823746,220.2166280501844,pobre,0,2,1600.0,633.0,1.0,28.0,7,371,37005,0,1.0
98,1.0,0.0,11.983,1.0,1.0,6,148.0691347823746,220.2166280501844,pobre,0,2,1600.0,633.0,1.0,28.0,8,371,37005,0,1.0
97,1.0,0.0,11.983,1.0,4.0,6,148.0691347823746,220.2166280501844,pobre,0,6,450.0,734.0,1.0,31.0,12,371,37006,4,1.0
98,1.0,0.0,11.983,1.0,5.0,6,148.0691347823746,220.2166280501844,pobre,0,6,450.0,734.0,1.0,31.0,13,371,37006,4,1.0
97,0.0,0.0,11.983,1.0,3.0,6,148.0691347823746,220.2166280501844,pobre,0,6,450.0,734.0,1.0,31.0,10,371,37007,3,1.0
98,0.0,0.0,11.983,1.0,4.0,6,148.0691347823746,220.2166280501844,pobre,0,6,450.0,734.0,1.0,31.0,11,371,37007,3,1.0
97,1.0,0.0,11.983,1.0,1.0,6,148.0691347823746,220.2166280501844,pobre,0,6,450.0,734.0,1.0,31.0,7,371,37008,1,1.0
98,1.0,0.0,11.983,1.0,2.0,6,148.0691347823746,220.2166280501844,pobre,0,6,450.0,734.0,1.0,31.0,8,371,37008,1,1.0
97,1.0,0.0,11.983,1.0,8.0,8,148.0691347823746,220.2166280501844,no pobre,0,2,0.0,779.0,1.0,58.0,16,371,37009,8,1.0
98,1.0,0.0,11.983,,,8,148.0691347823746,220.2166280501844,no pobre,0,2,0.0,779.0,1.0,58.0,17,371,37009,8,1.0
97,0.0,0.0,11.983,0.0,6.0,8,148.0691347823746,220.2166280501844,no pobre,0,2,0.0,779.0,1.0,58.0,15,371,37010,6,0.0
98,0.0,0.0,11.983,0.0,6.0,8,148.0691347823746,220.2166280501844,no pobre,0,2,0.0,779.0,1.0,58.0,16,371,37010,6,0.0
97,0.0,0.0,11.983,1.0,6.0,8,148.0691347823746,220.2166280501844,no pobre,0,2,0.0,779.0,1.0,58.0,14,371,37011,6,1.0
98,0.0,0.0,11.983,1.0,7.0,8,148.0691347823746,220.2166280501844,no pobre,0,2,0.0,779.0,1.0,58.0,15,371,37011,6,1.0
97,0.0,0.0,11.983,1.0,4.0,8,148.0691347823746,220.2166280501844,no pobre,0,2,0.0,779.0,1.0,58.0,11,371,37012,4,1.0
98,0.0,0.0,11.983,1.0,4.0,8,148.0691347823746,220.2166280501844,no pobre,0,2,0.0,779.0,1.0,58.0,12,371,37012,4,1.0
97,1.0,0.0,11.983,1.0,1.0,8,148.0691347823746,220.2166280501844,no pobre,0,2,0.0,779.0,1.0,58.0,9,371,37013,1,1.0
98,1.0,0.0,11.983,1.0,2.0,8,148.0691347823746,220.2166280501844,no pobre,0,2,0.0,779.0,1.0,58.0,10,371,37013,1,1.0
97,0.0,0.0,11.983,1.0,5.0,7,148.0691347823746,220.2166280501844,pobre,0,4,0.0,490.0,1.0,34.0,12,371,37014,5,1.0
98,0.0,0.0,11.983,1.0,4.0,7,148.0691347823746,220.2166280501844,pobre,0,4,0.0,490.0,1.0,34.0,13,371,37014,5,1.0
97,0.0,0.0,11.983,1.0,4.0,7,148.0691347823746,220.2166280501844,pobre,0,4,0.0,490.0,1.0,34.0,11,371,37015,4,1.0
98,0.0,0.0,11.983,1.0,5.0,7,148.0691347823746,220.2166280501844,pobre,0,4,0.0,490.0,1.0,34.0,12,371,37015,4,1.0
97,0.0,0.0,11.983,1.0,3.0,7,148.0691347823746,220.2166280501844,pobre,0,4,0.0,490.0,1.0,34.0,9,371,37016,3,1.0
98,0.0,0.0,11.983,1.0,4.0,7,148.0691347823746,220.2166280501844,pobre,0,4,0.0,490.0,1.0,34.0,10,371,37016,3,1.0
97,1.0,0.0,11.983,1.0,1.0,7,148.0691347823746,220.2166280501844,pobre,0,4,0.0,490.0,1.0,34.0,7,371,37017,1,1.0
98,1.0,0.0,11.983,1.0,2.0,7,148.0691347823746,220.2166280501844,pobre,0,4,0.0,490.0,1.0,34.0,8,371,37017,1,1.0
97,0.0,0.0,11.983,1.0,3.0,6,148.0691347823746,220.2166280501844,pobre,0,5,0.0,736.0,1.0,34.0,9,371,37018,3,1.0
98,0.0,0.0,11.983,1.0,4.0,6,148.0691347823746,220.2166280501844,pobre,0,5,0.0,736.0,1.0,34.0,10,371,37018,3,1.0
97,0.0,0.0,11.983,1.0,1.0,6,148.0691347823746,220.2166280501844,pobre,0,5,0.0,736.0,1.0,34.0,8,371,37019,1,1.0
98,0.0,0.0,11.983,1.0,2.0,6,148.0691347823746,220.2166280501844,pobre,0,5,0.0,736.0,1.0,34.0,9,371,37019,1,1.0
97,0.0,0.0,11.983,1.0,0.0,6,148.0691347823746,220.2166280501844,pobre,0,5,0.0,736.0,1.0,34.0,6,371,37020,0,1.0
98,0.0,0.0,11.983,1.0,1.0,6,148.0691347823746,220.2166280501844,pobre,0,5,0.0,736.0,1.0,34.0,7,371,37020,0,1.0
97,0.0,0.0,11.983,1.0,4.0,3,148.0691347823746,220.2166280501844,no pobre,0,2,0.0,888.0,1.0,48.0,10,371,37021,4,1.0
98,0.0,0.0,11.983,1.0,5.0,3,148.0691347823746,220.2166280501844,no pobre,0,2,0.0,888.0,1.0,48.0,11,371,37021,4,1.0
97,0.0,0.0,11.983,1.0,4.0,6,148.0691347823746,220.2166280501844,pobre,0,2,0.0,745.0,1.0,34.0,10,371,37022,4,1.0
98,0.0,0.0,11.983,1.0,5.0,6,148.0691347823746,220.2166280501844,pobre,0,2,0.0,745.0,1.0,34.0,11,371,37022,4,1.0
97,0.0,0.0,11.983,1.0,2.0,6,148.0691347823746,220.2166280501844,pobre,0,2,0.0,745.0,1.0,34.0,8,371,37023,2,1.0
98,0.0,0.0,11.983,1.0,3.0,6,148.0691347823746,220.2166280501844,pobre,0,2,0.0,745.0,1.0,34.0,9,371,37023,2,1.0
97,1.0,0.0,11.983,1.0,0.0,6,148.0691347823746,220.2166280501844,pobre,0,2,0.0,745.0,1.0,34.0,6,371,37024,0,1.0
98,1.0,0.0,11.983,1.0,1.0,6,148.0691347823746,220.2166280501844,pobre,0,2,0.0,745.0,1.0,34.0,7,371,37024,0,1.0
97,0.0,0.0,4.2909999,0.0,6.0,8,49.3929724122933,49.3929724122933,pobre,0,0,800.0,706.0,1.0,46.0,15,285,37025,6,0.0
98,0.0,0.0,4.2909999,,,8,49.3929724122933,49.3929724122933,pobre,0,0,800.0,706.0,1.0,46.0,16,285,37025,6,0.0
97,0.0,0.0,4.2909999,1.0,4.0,8,49.3929724122933,49.3929724122933,pobre,0,0,800.0,706.0,1.0,46.0,13,285,37026,4,1.0
98,0.0,0.0,4.2909999,,,8,49.3929724122933,49.3929724122933,pobre,0,0,800.0,706.0,1.0,46.0,14,285,37026,4,1.0
97,1.0,0.0,4.2909999,1.0,4.0,8,49.3929724122933,49.3929724122933,pobre,0,0,800.0,706.0,1.0,46.0,10,285,37027,4,1.0
98,1.0,0.0,4.2909999,,,8,49.3929724122933,49.3929724122933,pobre,0,0,800.0,706.0,1.0,46.0,11,285,37027,4,1.0
97,0.0,0.0,4.2909999,1.0,1.0,8,49.3929724122933,49.3929724122933,pobre,0,0,800.0,706.0,1.0,46.0,8,285,37028,1,1.0
98,0.0,0.0,4.2909999,,,8,49.3929724122933,49.3929724122933,pobre,0,0,800.0,706.0,1.0,46.0,9,285,37028,1,1.0
97,0.0,0.0,4.2909999,0.0,6.0,6,49.3929724122933,49.3929724122933,pobre,0,6,800.0,712.0,1.0,34.0,12,285,37029,6,0.0
98,0.0,0.0,4.2909999,0.0,6.0,6,49.3929724122933,49.3929724122933,pobre,0,6,800.0,712.0,1.0,34.0,13,285,37029,6,0.0
97,1.0,0.0,4.2909999,1.0,3.0,6,49.3929724122933,49.3929724122933,pobre,0,6,800.0,712.0,1.0,34.0,10,285,37030,3,1.0
98,1.0,0.0,4.2909999,1.0,4.0,6,49.3929724122933,49.3929724122933,pobre,0,6,800.0,712.0,1.0,34.0,11,285,37030,3,1.0
97,0.0,0.0,4.2909999,1.0,1.0,6,49.3929724122933,49.3929724122933,pobre,0,6,800.0,712.0,1.0,34.0,8,285,37031,1,1.0
98,0.0,0.0,4.2909999,1.0,2.0,6,49.3929724122933,49.3929724122933,pobre,0,6,800.0,712.0,1.0,34.0,9,285,37031,1,1.0
97,1.0,0.0,4.2909999,1.0,1.0,6,49.3929724122933,49.3929724122933,pobre,0,6,800.0,712.0,1.0,34.0,7,285,37032,1,1.0
98,1.0,0.0,4.2909999,1.0,2.0,6,49.3929724122933,49.3929724122933,pobre,0,6,800.0,712.0,1.0,34.0,8,285,37032,1,1.0
97,1.0,0.0,4.2909999,1.0,7.0,6,49.3929724122933,49.3929724122933,pobre,0,2,1200.0,733.0,1.0,41.0,13,285,37033,7,1.0
98,1.0,0.0,4.2909999,1.0,8.0,6,49.3929724122933,49.3929724122933,pobre,0,2,1200.0,733.0,1.0,41.0,14,285,37033,7,1.0
97,1.0,0.0,4.2909999,1.0,6.0,6,49.3929724122933,49.3929724122933,pobre,0,2,1200.0,733.0,1.0,41.0,12,285,37034,6,1.0
98,1.0,0.0,4.2909999,1.0,7.0,6,49.3929724122933,49.3929724122933,pobre,0,2,1200.0,733.0,1.0,41.0,13,285,37034,6,1.0
97,1.0,0.0,4.2909999,1.0,3.0,6,49.3929724122933,49.3929724122933,pobre,0,2,1200.0,733.0,1.0,41.0,9,285,37035,3,1.0
98,1.0,0.0,4.2909999,1.0,4.0,6,49.3929724122933,49.3929724122933,pobre,0,2,1200.0,733.0,1.0,41.0,10,285,37035,3,1.0
97,1.0,0.0,4.2909999,1.0,0.0,5,49.3929724122933,49.3929724122933,no pobre,0,9,600.0,876.0,1.0,37.0,6,285,37036,0,1.0
98,1.0,0.0,4.2909999,1.0,1.0,5,49.3929724122933,49.3929724122933,no pobre,0,9,600.0,876.0,1.0,37.0,7,285,37036,0,1.0
97,0.0,0.0,3.6010001,1.0,3.0,4,89.38165253308725,89.38165253308725,no pobre,basal,6,750.0,975.0,1.0,48.0,8,295,37037,3,1.0
98,0.0,0.0,3.6010001,1.0,4.0,4,89.38165253308725,89.38165253308725,no pobre,basal,6,750.0,975.0,1.0,48.0,9,295,37037,3,1.0
97,0.0,0.0,2.4949999,0.0,7.0,6,88.40868749137914,88.40868749137914,pobre,0,3,625.0,626.0,1.0,44.0,16,95,37038,7,0.0
98,0.0,0.0,2.4949999,0.0,7.0,6,88.40868749137914,88.40868749137914,pobre,0,3,625.0,626.0,1.0,44.0,17,95,37038,7,0.0
97,0.0,0.0,2.4949999,0.0,6.0,6,88.40868749137914,88.40868749137914,pobre,0,3,625.0,626.0,1.0,44.0,15,95,37039,6,0.0
98,0.0,0.0,2.4949999,0.0,6.0,6,88.40868749137914,88.40868749137914,pobre,0,3,625.0,626.0,1.0,44.0,16,95,37039,6,0.0
97,1.0,0.0,2.4949999,1.0,3.0,6,88.40868749137914,88.40868749137914,pobre,0,3,625.0,626.0,1.0,44.0,12,95,37040,3,1.0
98,1.0,0.0,2.4949999,1.0,4.0,6,88.40868749137914,88.40868749137914,pobre,0,3,625.0,626.0,1.0,44.0,13,95,37040,3,1.0
97,0.0,0.0,2.4949999,0.0,6.0,6,88.40868749137914,88.40868749137914,no pobre,0,3,600.0,844.0,1.0,47.0,15,95,37041,6,0.0
98,0.0,0.0,2.4949999,0.0,6.0,6,88.40868749137914,88.40868749137914,no pobre,0,3,600.0,844.0,1.0,47.0,16,95,37041,6,0.0
97,1.0,0.0,2.4949999,1.0,7.0,6,88.40868749137914,88.40868749137914,pobre,0,3,0.0,626.979,1.0,34.0,13,95,37042,7,1.0
98,1.0,0.0,2.4949999,1.0,8.0,6,88.40868749137914,88.40868749137914,pobre,0,3,0.0,626.979,1.0,34.0,14,95,37042,7,1.0
97,0.0,0.0,2.4949999,1.0,6.0,6,88.40868749137914,88.40868749137914,pobre,0,3,0.0,626.979,1.0,34.0,12,95,37043,6,1.0
98,0.0,0.0,2.4949999,1.0,7.0,6,88.40868749137914,88.40868749137914,pobre,0,3,0.0,626.979,1.0,34.0,13,95,37043,6,1.0
97,1.0,0.0,2.4949999,1.0,4.0,6,88.40868749137914,88.40868749137914,pobre,0,3,0.0,626.979,1.0,34.0,10,95,37044,4,1.0
98,1.0,0.0,2.4949999,1.0,5.0,6,88.40868749137914,88.40868749137914,pobre,0,3,0.0,626.979,1.0,34.0,11,95,37044,4,1.0
97,1.0,0.0,2.4949999,1.0,3.0,6,88.40868749137914,88.40868749137914,pobre,0,3,0.0,626.979,1.0,34.0,9,95,37045,3,1.0
98,1.0,0.0,2.4949999,1.0,4.0,6,88.40868749137914,88.40868749137914,pobre,0,3,0.0,626.979,1.0,34.0,10,95,37045,3,1.0
97,1.0,0.0,2.4949999,1.0,4.0,5,88.40868749137914,88.40868749137914,pobre,0,0,0.0,640.0,0.0,63.0,10,95,37046,4,1.0
98,1.0,0.0,2.4949999,1.0,5.0,5,88.40868749137914,88.40868749137914,pobre,0,0,0.0,640.0,0.0,63.0,11,95,37046,4,1.0
97,0.0,,4.428,,3.0,11,67.84936513592754,67.84936513592754,pobre,basal,1,0.0,575.5,1.0,51.0,15,284,37047,3,
98,0.0,,4.428,0.0,2.0,11,67.84936513592754,67.84936513592754,pobre,basal,1,0.0,575.5,1.0,51.0,16,284,37047,3,
97,0.0,,4.428,0.0,1.0,11,67.84936513592754,67.84936513592754,pobre,basal,1,0.0,575.5,1.0,51.0,14,284,37048,1,0.0
98,0.0,,4.428,0.0,1.0,11,67.84936513592754,67.84936513592754,pobre,basal,1,0.0,575.5,1.0,51.0,15,284,37048,1,0.0
97,0.0,,4.428,1.0,4.0,11,67.84936513592754,67.84936513592754,pobre,basal,1,0.0,575.5,1.0,51.0,12,284,37049,4,1.0
98,0.0,,4.428,1.0,5.0,11,67.84936513592754,67.84936513592754,pobre,basal,1,0.0,575.5,1.0,51.0,13,284,37049,4,1.0
97,1.0,,4.428,1.0,2.0,11,67.84936513592754,67.84936513592754,pobre,basal,1,0.0,575.5,1.0,51.0,8,284,37050,2,1.0
98,1.0,,4.428,1.0,3.0,11,67.84936513592754,67.84936513592754,pobre,basal,1,0.0,575.5,1.0,51.0,9,284,37050,2,1.0
97,1.0,0.0,4.428,1.0,4.0,7,67.84936513592754,67.84936513592754,pobre,basal,3,800.0,663.0,1.0,40.0,13,284,37051,4,1.0
98,1.0,0.0,4.428,0.0,5.0,7,67.84936513592754,67.84936513592754,pobre,basal,3,800.0,663.0,1.0,40.0,14,284,37051,4,1.0
97,1.0,0.0,4.428,1.0,4.0,7,67.84936513592754,67.84936513592754,pobre,basal,3,800.0,663.0,1.0,40.0,12,284,37052,4,1.0
98,1.0,0.0,4.428,1.0,5.0,7,67.84936513592754,67.84936513592754,pobre,basal,3,800.0,663.0,1.0,40.0,13,284,37052,4,1.0
97,1.0,0.0,4.428,1.0,2.0,7,67.84936513592754,67.84936513592754,pobre,basal,3,800.0,663.0,1.0,40.0,10,284,37053,2,1.0
98,1.0,0.0,4.428,1.0,3.0,7,67.84936513592754,67.84936513592754,pobre,basal,3,800.0,663.0,1.0,40.0,11,284,37053,2,1.0
97,1.0,0.0,4.428,1.0,0.0,7,67.84936513592754,67.84936513592754,pobre,basal,3,800.0,663.0,1.0,40.0,6,284,37054,0,1.0
98,1.0,0.0,4.428,1.0,1.0,7,67.84936513592754,67.84936513592754,pobre,basal,3,800.0,663.0,1.0,40.0,7,284,37054,0,1.0
97,0.0,0.0,1.591,0.0,6.0,8,69.58324079138906,69.58324079138906,pobre,basal,0,41.666668,565.0,1.0,49.0,15,281,37055,6,0.0
98,0.0,0.0,1.591,0.0,6.0,8,69.58324079138906,69.58324079138906,pobre,basal,0,41.666668,565.0,1.0,49.0,16,281,37055,6,0.0
97,0.0,0.0,1.591,0.0,6.0,8,69.58324079138906,69.58324079138906,pobre,basal,0,41.666668,565.0,1.0,49.0,14,281,37056,6,0.0
98,0.0,0.0,1.591,0.0,6.0,8,69.58324079138906,69.58324079138906,pobre,basal,0,41.666668,565.0,1.0,49.0,15,281,37056,6,0.0
97,1.0,0.0,1.591,0.0,6.0,8,69.58324079138906,69.58324079138906,pobre,basal,0,41.666668,565.0,1.0,49.0,12,281,37057,6,0.0
98,1.0,0.0,1.591,0.0,6.0,8,69.58324079138906,69.58324079138906,pobre,basal,0,41.666668,565.0,1.0,49.0,13,281,37057,6,0.0
97,1.0,0.0,1.591,1.0,4.0,8,69.58324079138906,69.58324079138906,pobre,basal,0,41.666668,565.0,1.0,49.0,9,281,37058,4,1.0
98,1.0,0.0,1.591,1.0,5.0,8,69.58324079138906,69.58324079138906,pobre,basal,0,41.666668,565.0,1.0,49.0,10,281,37058,4,1.0
97,0.0,0.0,1.591,1.0,0.0,8,69.58324079138906,69.58324079138906,pobre,basal,0,41.666668,565.0,1.0,49.0,7,281,37059,0,1.0
98,0.0,0.0,1.591,1.0,1.0,8,69.58324079138906,69.58324079138906,pobre,basal,0,41.666668,565.0,1.0,49.0,8,281,37059,0,1.0
97,0.0,0.0,4.428,0.0,6.0,7,67.84936513592754,67.84936513592754,no pobre,basal,0,0.0,908.25,1.0,61.0,16,284,37060,6,0.0
98,0.0,0.0,4.428,,,7,67.84936513592754,67.84936513592754,no pobre,basal,0,0.0,908.25,1.0,61.0,17,284,37060,6,0.0
97,1.0,0.0,4.428,1.0,0.0,7,67.84936513592754,67.84936513592754,no pobre,basal,0,0.0,908.25,1.0,61.0,6,284,37061,0,1.0
98,1.0,0.0,4.428,1.0,1.0,7,67.84936513592754,67.84936513592754,no pobre,basal,0,0.0,908.25,1.0,61.0,7,284,37061,0,1.0
97,0.0,0.0,4.428,1.0,5.0,5,67.84936513592754,67.84936513592754,pobre,basal,1,625.0,681.0,1.0,44.0,13,284,37062,5,1.0
98,0.0,0.0,4.428,,,5,67.84936513592754,67.84936513592754,pobre,basal,1,625.0,681.0,1.0,44.0,14,284,37062,5,1.0
97,0.0,0.0,4.428,1.0,2.0,5,67.84936513592754,67.84936513592754,pobre,basal,1,625.0,681.0,1.0,44.0,8,284,37063,2,1.0
98,0.0,0.0,4.428,1.0,1.0,5,67.84936513592754,67.84936513592754,pobre,basal,1,625.0,681.0,1.0,44.0,9,284,37063,2,1.0
97,1.0,0.0,4.428,0.0,9.0,8,67.84936513592754,67.84936513592754,pobre,basal,3,625.0,759.20001,1.0,41.0,16,284,37064,9,0.0
98,1.0,0.0,4.428,,,8,67.84936513592754,67.84936513592754,pobre,basal,3,625.0,759.20001,1.0,41.0,17,284,37064,9,0.0
97,1.0,0.0,4.428,0.0,6.0,8,67.84936513592754,67.84936513592754,pobre,basal,3,625.0,759.20001,1.0,41.0,14,284,37065,6,0.0
98,1.0,0.0,4.428,0.0,6.0,8,67.84936513592754,67.84936513592754,pobre,basal,3,625.0,759.20001,1.0,41.0,15,284,37065,6,0.0
97,0.0,0.0,4.428,0.0,6.0,8,67.84936513592754,67.84936513592754,pobre,basal,3,625.0,759.20001,1.0,41.0,13,284,37066,6,0.0
98,0.0,0.0,4.428,0.0,6.0,8,67.84936513592754,67.84936513592754,pobre,basal,3,625.0,759.20001,1.0,41.0,14,284,37066,6,0.0
97,1.0,0.0,4.428,,0.0,8,67.84936513592754,67.84936513592754,pobre,basal,3,625.0,759.20001,1.0,41.0,12,284,37067,0,
98,1.0,0.0,4.428,0.0,6.0,8,67.84936513592754,67.84936513592754,pobre,basal,3,625.0,759.20001,1.0,41.0,13,284,37067,0,
97,0.0,0.0,4.428,1.0,1.0,5,67.84936513592754,67.84936513592754,pobre,basal,6,750.0,701.0,1.0,26.0,7,284,37068,1,1.0
98,0.0,0.0,4.428,1.0,2.0,5,67.84936513592754,67.84936513592754,pobre,basal,6,750.0,701.0,1.0,26.0,8,284,37068,1,1.0
97,1.0,0.0,4.428,1.0,0.0,5,67.84936513592754,67.84936513592754,pobre,basal,6,750.0,701.0,1.0,26.0,6,284,37069,0,1.0
98,1.0,0.0,4.428,1.0,1.0,5,67.84936513592754,67.84936513592754,pobre,basal,6,750.0,701.0,1.0,26.0,7,284,37069,0,1.0
97,0.0,0.0,4.428,1.0,1.0,7,67.84936513592754,67.84936513592754,pobre,basal,6,1200.0,616.76099,1.0,29.0,7,284,37070,1,1.0
98,0.0,0.0,4.428,,,7,67.84936513592754,67.84936513592754,pobre,basal,6,1200.0,616.76099,1.0,29.0,8,284,37070,1,1.0
97,1.0,0.0,4.428,0.0,6.0,9,67.84936513592754,67.84936513592754,pobre,basal,3,1000.0,723.5,1.0,41.0,15,284,37071,6,0.0
98,1.0,0.0,4.428,0.0,6.0,9,67.84936513592754,67.84936513592754,pobre,basal,3,1000.0,723.5,1.0,41.0,16,284,37071,6,0.0
97,1.0,0.0,4.428,0.0,6.0,9,67.84936513592754,67.84936513592754,pobre,basal,3,1000.0,723.5,1.0,41.0,14,284,37072,6,0.0
98,1.0,0.0,4.428,0.0,6.0,9,67.84936513592754,67.84936513592754,pobre,basal,3,1000.0,723.5,1.0,41.0,15,284,37072,6,0.0
97,0.0,0.0,4.428,1.0,1.0,9,67.84936513592754,67.84936513592754,pobre,basal,3,1000.0,723.5,1.0,41.0,8,284,37073,1,1.0
98,0.0,0.0,4.428,1.0,3.0,9,67.84936513592754,67.84936513592754,pobre,basal,3,1000.0,723.5,1.0,41.0,9,284,37073,1,1.0
97,1.0,0.0,4.428,1.0,5.0,8,67.84936513592754,67.84936513592754,pobre,basal,3,1400.0,762.0,1.0,35.0,13,284,37074,5,1.0
98,1.0,0.0,4.428,0.0,6.0,8,67.84936513592754,67.84936513592754,pobre,basal,3,1400.0,762.0,1.0,35.0,14,284,37074,5,1.0
97,0.0,0.0,4.428,1.0,4.0,8,67.84936513592754,67.84936513592754,pobre,basal,3,1400.0,762.0,1.0,35.0,10,284,37075,4,1.0
98,0.0,0.0,4.428,1.0,5.0,8,67.84936513592754,67.84936513592754,pobre,basal,3,1400.0,762.0,1.0,35.0,11,284,37075,4,1.0
97,1.0,0.0,4.428,1.0,3.0,8,67.84936513592754,67.84936513592754,pobre,basal,3,1400.0,762.0,1.0,35.0,8,284,37076,3,1.0
98,1.0,0.0,4.428,1.0,4.0,8,67.84936513592754,67.84936513592754,pobre,basal,3,1400.0,762.0,1.0,35.0,9,284,37076,3,1.0
97,0.0,0.0,4.428,1.0,2.0,8,67.84936513592754,67.84936513592754,pobre,basal,3,1400.0,762.0,1.0,35.0,13,284,37077,2,1.0
98,0.0,0.0,4.428,1.0,2.0,8,67.84936513592754,67.84936513592754,pobre,basal,3,1400.0,762.0,1.0,35.0,14,284,37077,2,1.0
97,0.0,0.0,4.428,1.0,1.0,8,67.84936513592754,67.84936513592754,pobre,basal,3,1400.0,762.0,1.0,35.0,6,284,37078,1,1.0
98,0.0,0.0,4.428,1.0,1.0,8,67.84936513592754,67.84936513592754,pobre,basal,3,1400.0,762.0,1.0,35.0,7,284,37078,1,1.0
97,0.0,0.0,4.428,0.0,6.0,6,67.84936513592754,67.84936513592754,pobre,basal,2,750.0,665.0,1.0,31.0,15,284,37079,6,0.0
98,0.0,0.0,4.428,1.0,4.0,6,67.84936513592754,67.84936513592754,pobre,basal,2,750.0,665.0,1.0,31.0,16,284,37079,6,0.0
97,1.0,0.0,4.428,1.0,4.0,6,67.84936513592754,67.84936513592754,pobre,basal,2,750.0,665.0,1.0,31.0,11,284,37080,4,1.0
98,1.0,0.0,4.428,1.0,4.0,6,67.84936513592754,67.84936513592754,pobre,basal,2,750.0,665.0,1.0,31.0,12,284,37080,4,1.0
97,0.0,0.0,4.428,1.0,3.0,6,67.84936513592754,67.84936513592754,pobre,basal,2,750.0,665.0,1.0,31.0,9,284,37081,3,1.0
98,0.0,0.0,4.428,1.0,3.0,6,67.84936513592754,67.84936513592754,pobre,basal,2,750.0,665.0,1.0,31.0,10,284,37081,3,1.0
97,0.0,0.0,4.428,1.0,1.0,6,67.84936513592754,67.84936513592754,pobre,basal,2,750.0,665.0,1.0,31.0,7,284,37082,1,1.0
98,0.0,0.0,4.428,,,6,67.84936513592754,67.84936513592754,pobre,basal,2,750.0,665.0,1.0,31.0,8,284,37082,1,1.0
97,0.0,0.0,4.428,0.0,6.0,11,67.84936513592754,67.84936513592754,pobre,basal,1,66.666664,823.14288,1.0,50.0,16,284,37083,6,0.0
98,0.0,0.0,4.428,,,11,67.84936513592754,67.84936513592754,pobre,basal,1,66.666664,823.14288,1.0,50.0,17,284,37083,6,0.0
97,0.0,0.0,4.428,1.0,5.0,11,67.84936513592754,67.84936513592754,pobre,basal,1,66.666664,823.14288,1.0,50.0,14,284,37084,5,1.0
98,0.0,0.0,4.428,0.0,6.0,11,67.84936513592754,67.84936513592754,pobre,basal,1,66.666664,823.14288,1.0,50.0,15,284,37084,5,1.0
97,0.0,0.0,4.428,1.0,2.0,11,67.84936513592754,67.84936513592754,pobre,basal,1,66.666664,823.14288,1.0,50.0,10,284,37085,2,1.0
98,0.0,0.0,4.428,1.0,3.0,11,67.84936513592754,67.84936513592754,pobre,basal,1,66.666664,823.14288,1.0,50.0,11,284,37085,2,1.0
97,1.0,0.0,4.428,0.0,5.0,11,67.84936513592754,67.84936513592754,pobre,basal,1,66.666664,823.14288,1.0,50.0,15,284,37086,5,0.0
98,1.0,0.0,4.428,0.0,6.0,11,67.84936513592754,67.84936513592754,pobre,basal,1,66.666664,823.14288,1.0,50.0,16,284,37086,5,0.0
97,1.0,0.0,4.428,0.0,6.0,9,67.84936513592754,67.84936513592754,pobre,basal,0,0.0,668.5,1.0,61.0,15,284,37087,6,0.0
98,1.0,0.0,4.428,0.0,6.0,9,67.84936513592754,67.84936513592754,pobre,basal,0,0.0,668.5,1.0,61.0,16,284,37087,6,0.0
97,1.0,0.0,4.428,,0.0,9,67.84936513592754,67.84936513592754,pobre,basal,0,0.0,668.5,1.0,61.0,16,284,37088,0,
98,1.0,0.0,4.428,,,9,67.84936513592754,67.84936513592754,pobre,basal,0,0.0,668.5,1.0,61.0,17,284,37088,0,
97,1.0,0.0,4.428,,0.0,9,67.84936513592754,67.84936513592754,pobre,basal,0,0.0,668.5,1.0,61.0,14,284,37089,0,
98,1.0,0.0,4.428,,,9,67.84936513592754,67.84936513592754,pobre,basal,0,0.0,668.5,1.0,61.0,15,284,37089,0,
97,0.0,0.0,4.428,1.0,3.0,9,67.84936513592754,67.84936513592754,pobre,basal,0,0.0,668.5,1.0,61.0,10,284,37090,3,1.0
98,0.0,0.0,4.428,1.0,4.0,9,67.84936513592754,67.84936513592754,pobre,basal,0,0.0,668.5,1.0,61.0,11,284,37090,3,1.0
97,1.0,0.0,4.428,1.0,4.0,9,67.84936513592754,67.84936513592754,pobre,basal,0,0.0,668.5,1.0,61.0,12,284,37091,4,1.0
98,1.0,0.0,4.428,1.0,5.0,9,67.84936513592754,67.84936513592754,pobre,basal,0,0.0,668.5,1.0,61.0,13,284,37091,4,1.0
97,1.0,0.0,4.428,1.0,0.0,9,67.84936513592754,67.84936513592754,pobre,basal,0,0.0,668.5,1.0,61.0,6,284,37092,0,1.0
98,1.0,0.0,4.428,1.0,1.0,9,67.84936513592754,67.84936513592754,pobre,basal,0,0.0,668.5,1.0,61.0,7,284,37092,0,1.0
97,1.0,0.0,4.2909999,1.0,5.0,4,49.3929724122933,49.3929724122933,pobre,0,0,800.0,710.0,1.0,34.0,10,285,37093,5,1.0
98,1.0,0.0,4.2909999,0.0,6.0,4,49.3929724122933,49.3929724122933,pobre,0,0,800.0,710.0,1.0,34.0,11,285,37093,5,1.0
97,0.0,0.0,4.428,1.0,5.0,7,67.84936513592754,67.84936513592754,pobre,basal,2,3200.0,613.0,1.0,33.0,11,284,37094,5,1.0
98,0.0,0.0,4.428,1.0,6.0,7,67.84936513592754,67.84936513592754,pobre,basal,2,3200.0,613.0,1.0,33.0,12,284,37094,5,1.0
97,0.0,0.0,4.428,1.0,1.0,7,67.84936513592754,67.84936513592754,pobre,basal,2,3200.0,613.0,1.0,33.0,7,284,37095,1,1.0
98,0.0,0.0,4.428,1.0,2.0,7,67.84936513592754,67.84936513592754,pobre,basal,2,3200.0,613.0,1.0,33.0,8,284,37095,1,1.0
97,1.0,0.0,0.62,0.0,6.0,9,96.73200305730944,96.73200305730944,pobre,basal,3,920.0,652.0,1.0,35.0,16,79,37096,6,0.0
98,1.0,0.0,0.62,,,9,96.73200305730944,96.73200305730944,pobre,basal,3,920.0,652.0,1.0,35.0,17,79,37096,6,0.0
97,1.0,0.0,0.62,0.0,6.0,9,96.73200305730944,96.73200305730944,pobre,basal,3,920.0,652.0,1.0,35.0,13,79,37097,6,0.0
98,1.0,0.0,0.62,0.0,6.0,9,96.73200305730944,96.73200305730944,pobre,basal,3,920.0,652.0,1.0,35.0,14,79,37097,6,0.0
97,0.0,0.0,0.62,1.0,3.0,9,96.73200305730944,96.73200305730944,pobre,basal,3,920.0,652.0,1.0,35.0,11,79,37098,3,1.0
98,0.0,0.0,0.62,1.0,4.0,9,96.73200305730944,96.73200305730944,pobre,basal,3,920.0,652.0,1.0,35.0,12,79,37098,3,1.0
97,0.0,0.0,0.62,1.0,2.0,9,96.73200305730944,96.73200305730944,pobre,basal,3,920.0,652.0,1.0,35.0,8,79,37099,2,1.0
98,0.0,0.0,0.62,1.0,3.0,9,96.73200305730944,96.73200305730944,pobre,basal,3,920.0,652.0,1.0,35.0,9,79,37099,2,1.0
97,0.0,0.0,0.62,1.0,1.0,9,96.73200305730944,96.73200305730944,pobre,basal,3,920.0,652.0,1.0,35.0,6,79,37100,1,1.0
98,0.0,0.0,0.62,1.0,2.0,9,96.73200305730944,96.73200305730944,pobre,basal,3,920.0,652.0,1.0,35.0,7,79,37100,1,1.0
97,0.0,0.0,0.62,1.0,3.0,7,96.73200305730944,96.73200305730944,pobre,basal,6,600.0,710.0,1.0,34.0,9,79,37101,3,1.0
98,0.0,0.0,0.62,1.0,4.0,7,96.73200305730944,96.73200305730944,pobre,basal,6,600.0,710.0,1.0,34.0,10,79,37101,3,1.0
97,1.0,0.0,0.62,1.0,1.0,7,96.73200305730944,96.73200305730944,pobre,basal,6,600.0,710.0,1.0,34.0,8,79,37102,1,1.0
98,1.0,0.0,0.62,1.0,2.0,7,96.73200305730944,96.73200305730944,pobre,basal,6,600.0,710.0,1.0,34.0,9,79,37102,1,1.0
97,0.0,0.0,0.62,1.0,1.0,7,96.73200305730944,96.73200305730944,pobre,basal,6,600.0,710.0,1.0,34.0,6,79,37103,1,1.0
98,0.0,0.0,0.62,1.0,2.0,7,96.73200305730944,96.73200305730944,pobre,basal,6,600.0,710.0,1.0,34.0,7,79,37103,1,1.0
97,1.0,0.0,0.62,,0.0,6,96.73200305730944,96.73200305730944,pobre,basal,0,800.0,582.0,1.0,31.0,6,79,37104,0,
98,1.0,0.0,0.62,1.0,1.0,6,96.73200305730944,96.73200305730944,pobre,basal,0,800.0,582.0,1.0,31.0,7,79,37104,0,
97,0.0,0.0,0.62,0.0,3.0,4,96.73200305730944,96.73200305730944,pobre,basal,1,800.0,711.0,1.0,55.0,12,79,37105,3,0.0
98,0.0,0.0,0.62,,,4,96.73200305730944,96.73200305730944,pobre,basal,1,800.0,711.0,1.0,55.0,13,79,37105,3,0.0
97,0.0,0.0,0.62,1.0,1.0,4,96.73200305730944,96.73200305730944,pobre,basal,1,800.0,711.0,1.0,55.0,6,79,37106,1,1.0
98,0.0,0.0,0.62,,,4,96.73200305730944,96.73200305730944,pobre,basal,1,800.0,711.0,1.0,55.0,7,79,37106,1,1.0
97,1.0,0.0,0.62,0.0,8.0,11,96.73200305730944,96.73200305730944,pobre,basal,2,800.0,757.75,1.0,46.0,16,79,37107,8,0.0
98,1.0,0.0,0.62,,,11,96.73200305730944,96.73200305730944,pobre,basal,2,800.0,757.75,1.0,46.0,17,79,37107,8,0.0
97,1.0,0.0,0.62,1.0,1.0,11,96.73200305730944,96.73200305730944,pobre,basal,2,800.0,757.75,1.0,46.0,9,79,37108,1,1.0
98,1.0,0.0,0.62,0.0,1.0,11,96.73200305730944,96.73200305730944,pobre,basal,2,800.0,757.75,1.0,46.0,10,79,37108,1,1.0
97,1.0,0.0,0.62,1.0,1.0,11,96.73200305730944,96.73200305730944,pobre,basal,2,800.0,757.75,1.0,46.0,8,79,37109,1,1.0
98,1.0,0.0,0.62,,,11,96.73200305730944,96.73200305730944,pobre,basal,2,800.0,757.75,1.0,46.0,9,79,37109,1,1.0
97,0.0,0.0,0.62,,0.0,11,96.73200305730944,96.73200305730944,pobre,basal,2,800.0,757.75,1.0,46.0,6,79,37110,0,
98,0.0,0.0,0.62,,,11,96.73200305730944,96.73200305730944,pobre,basal,2,800.0,757.75,1.0,46.0,7,79,37110,0,
97,1.0,0.0,0.62,1.0,7.0,7,96.73200305730944,96.73200305730944,pobre,basal,2,720.0,623.0,1.0,34.0,12,79,37111,7,1.0
98,1.0,0.0,0.62,1.0,8.0,7,96.73200305730944,96.73200305730944,pobre,basal,2,720.0,623.0,1.0,34.0,13,79,37111,7,1.0
97,1.0,0.0,0.62,1.0,6.0,7,96.73200305730944,96.73200305730944,pobre,basal,2,720.0,623.0,1.0,34.0,11,79,37112,6,1.0
98,1.0,0.0,0.62,1.0,7.0,7,96.73200305730944,96.73200305730944,pobre,basal,2,720.0,623.0,1.0,34.0,12,79,37112,6,1.0
97,0.0,0.0,0.62,1.0,4.0,7,96.73200305730944,96.73200305730944,pobre,basal,2,720.0,623.0,1.0,34.0,9,79,37113,4,1.0
98,0.0,0.0,0.62,1.0,5.0,7,96.73200305730944,96.73200305730944,pobre,basal,2,720.0,623.0,1.0,34.0,10,79,37113,4,1.0
97,1.0,0.0,0.62,1.0,6.0,4,96.73200305730944,96.73200305730944,no pobre,basal,0,600.0,970.51398,1.0,52.0,11,79,37114,6,1.0
98,1.0,0.0,0.62,1.0,7.0,4,96.73200305730944,96.73200305730944,no pobre,basal,0,600.0,970.51398,1.0,52.0,12,79,37114,6,1.0
97,0.0,0.0,0.62,1.0,2.0,5,96.73200305730944,96.73200305730944,pobre,basal,0,750.0,761.5,1.0,52.0,10,79,37115,2,1.0
98,0.0,0.0,0.62,1.0,3.0,5,96.73200305730944,96.73200305730944,pobre,basal,0,750.0,761.5,1.0,52.0,11,79,37115,2,1.0
97,1.0,0.0,0.62,1.0,2.0,5,96.73200305730944,96.73200305730944,pobre,basal,0,750.0,761.5,1.0,52.0,9,79,37116,2,1.0
98,1.0,0.0,0.62,1.0,3.0,5,96.73200305730944,96.73200305730944,pobre,basal,0,750.0,761.5,1.0,52.0,10,79,37116,2,1.0
97,1.0,0.0,0.62,0.0,6.0,8,96.73200305730944,96.73200305730944,pobre,basal,0,750.0,665.66669,0.0,41.0,15,79,37117,6,0.0
98,1.0,0.0,0.62,0.0,6.0,8,96.73200305730944,96.73200305730944,pobre,basal,0,750.0,665.66669,0.0,41.0,16,79,37117,6,0.0
97,1.0,0.0,0.62,1.0,2.0,8,96.73200305730944,96.73200305730944,pobre,basal,0,750.0,665.66669,0.0,41.0,9,79,37118,2,1.0
98,1.0,0.0,0.62,1.0,3.0,8,96.73200305730944,96.73200305730944,pobre,basal,0,750.0,665.66669,0.0,41.0,10,79,37118,2,1.0
97,1.0,0.0,0.62,1.0,1.0,8,96.73200305730944,96.73200305730944,pobre,basal,0,750.0,665.66669,0.0,41.0,7,79,37119,1,1.0
98,1.0,0.0,0.62,1.0,2.0,8,96.73200305730944,96.73200305730944,pobre,basal,0,750.0,665.66669,0.0,41.0,8,79,37119,1,1.0
97,0.0,0.0,0.62,1.0,2.0,8,96.73200305730944,96.73200305730944,pobre,basal,0,750.0,665.66669,0.0,41.0,7,79,37120,2,1.0
98,0.0,0.0,0.62,1.0,3.0,8,96.73200305730944,96.73200305730944,pobre,basal,0,750.0,665.66669,0.0,41.0,8,79,37120,2,1.0
97,1.0,0.0,0.62,1.0,3.0,8,96.73200305730944,96.73200305730944,pobre,basal,0,750.0,665.66669,0.0,41.0,9,79,37121,3,1.0
98,1.0,0.0,0.62,1.0,3.0,8,96.73200305730944,96.73200305730944,pobre,basal,0,750.0,665.66669,0.0,41.0,10,79,37121,3,1.0
97,1.0,0.0,0.0,0.0,8.0,11,132.9942115280713,132.9942115280713,pobre,basal,3,0.0,668.0,1.0,49.0,15,68,37122,8,0.0
98,1.0,0.0,0.0,0.0,8.0,11,132.9942115280713,132.9942115280713,pobre,basal,3,0.0,668.0,1.0,49.0,16,68,37122,8,0.0
97,0.0,0.0,0.0,1.0,7.0,11,132.9942115280713,132.9942115280713,pobre,basal,3,0.0,668.0,1.0,49.0,13,68,37123,7,1.0
98,0.0,0.0,0.0,1.0,8.0,11,132.9942115280713,132.9942115280713,pobre,basal,3,0.0,668.0,1.0,49.0,14,68,37123,7,1.0
97,1.0,0.0,0.0,1.0,7.0,11,132.9942115280713,132.9942115280713,pobre,basal,3,0.0,668.0,1.0,49.0,13,68,37124,7,1.0
98,1.0,0.0,0.0,1.0,8.0,11,132.9942115280713,132.9942115280713,pobre,basal,3,0.0,668.0,1.0,49.0,14,68,37124,7,1.0
97,1.0,0.0,0.0,1.0,5.0,11,132.9942115280713,132.9942115280713,pobre,basal,3,0.0,668.0,1.0,49.0,11,68,37125,5,1.0
98,1.0,0.0,0.0,1.0,6.0,11,132.9942115280713,132.9942115280713,pobre,basal,3,0.0,668.0,1.0,49.0,12,68,37125,5,1.0
97,1.0,0.0,0.0,1.0,0.0,11,132.9942115280713,132.9942115280713,pobre,basal,3,0.0,668.0,1.0,49.0,6,68,37126,0,1.0
98,1.0,0.0,0.0,1.0,1.0,11,132.9942115280713,132.9942115280713,pobre,basal,3,0.0,668.0,1.0,49.0,7,68,37126,0,1.0
97,1.0,0.0,0.0,0.0,4.0,8,132.9942115280713,132.9942115280713,pobre,basal,0,875.0,576.0,1.0,44.0,16,68,37127,4,0.0
98,1.0,0.0,0.0,,,8,132.9942115280713,132.9942115280713,pobre,basal,0,875.0,576.0,1.0,44.0,17,68,37127,4,0.0
97,1.0,0.0,0.0,0.0,6.0,8,132.9942115280713,132.9942115280713,pobre,basal,0,875.0,576.0,1.0,44.0,12,68,37128,6,0.0
98,1.0,0.0,0.0,0.0,6.0,8,132.9942115280713,132.9942115280713,pobre,basal,0,875.0,576.0,1.0,44.0,13,68,37128,6,0.0
97,0.0,0.0,0.0,1.0,3.0,8,132.9942115280713,132.9942115280713,pobre,basal,0,875.0,576.0,1.0,44.0,10,68,37129,3,1.0
98,0.0,0.0,0.0,1.0,4.0,8,132.9942115280713,132.9942115280713,pobre,basal,0,875.0,576.0,1.0,44.0,11,68,37129,3,1.0
97,1.0,0.0,0.0,1.0,1.0,8,132.9942115280713,132.9942115280713,pobre,basal,0,875.0,576.0,1.0,44.0,7,68,37130,1,1.0
98,1.0,0.0,0.0,1.0,0.0,8,132.9942115280713,132.9942115280713,pobre,basal,0,875.0,576.0,1.0,44.0,8,68,37130,1,1.0
97,1.0,0.0,0.0,0.0,3.0,8,132.9942115280713,132.9942115280713,pobre,basal,0,875.0,576.0,1.0,44.0,14,68,37131,3,0.0
98,1.0,0.0,0.0,,,8,132.9942115280713,132.9942115280713,pobre,basal,0,875.0,576.0,1.0,44.0,15,68,37131,3,0.0
97,1.0,0.0,0.0,1.0,8.0,5,132.9942115280713,132.9942115280713,no pobre,basal,10,1200.0,1196.0,1.0,54.0,14,68,37132,8,1.0
98,1.0,0.0,0.0,1.0,9.0,5,132.9942115280713,132.9942115280713,no pobre,basal,10,1200.0,1196.0,1.0,54.0,15,68,37132,8,1.0
97,0.0,0.0,0.0,1.0,5.0,5,132.9942115280713,132.9942115280713,pobre,basal,6,875.0,769.5,1.0,30.0,10,68,37133,5,1.0
98,0.0,0.0,0.0,1.0,5.0,5,132.9942115280713,132.9942115280713,pobre,basal,6,875.0,769.5,1.0,30.0,11,68,37133,5,1.0
97,1.0,0.0,0.0,0.0,3.0,5,132.9942115280713,132.9942115280713,pobre,basal,0,0.0,749.5,0.0,51.0,16,68,37134,3,0.0
98,1.0,0.0,0.0,,,5,132.9942115280713,132.9942115280713,pobre,basal,0,0.0,749.5,0.0,51.0,17,68,37134,3,0.0
97,0.0,0.0,0.0,1.0,6.0,5,132.9942115280713,132.9942115280713,pobre,basal,0,0.0,749.5,0.0,51.0,13,68,37135,6,1.0
98,0.0,0.0,0.0,0.0,6.0,5,132.9942115280713,132.9942115280713,pobre,basal,0,0.0,749.5,0.0,51.0,14,68,37135,6,1.0
97,0.0,0.0,0.0,1.0,2.0,5,132.9942115280713,132.9942115280713,pobre,basal,0,0.0,749.5,0.0,51.0,11,68,37136,2,1.0
98,0.0,0.0,0.0,1.0,3.0,5,132.9942115280713,132.9942115280713,pobre,basal,0,0.0,749.5,0.0,51.0,12,68,37136,2,1.0
97,1.0,0.0,0.0,1.0,5.0,6,132.9942115280713,132.9942115280713,pobre,basal,9,0.0,666.0,1.0,32.0,10,68,37137,5,1.0
98,1.0,0.0,0.0,1.0,5.0,6,132.9942115280713,132.9942115280713,pobre,basal,9,0.0,666.0,1.0,32.0,11,68,37137,5,1.0
97,1.0,0.0,0.0,1.0,4.0,6,132.9942115280713,132.9942115280713,pobre,basal,9,0.0,666.0,1.0,32.0,9,68,37138,4,1.0
98,1.0,0.0,0.0,1.0,4.0,6,132.9942115280713,132.9942115280713,pobre,basal,9,0.0,666.0,1.0,32.0,10,68,37138,4,1.0
97,0.0,0.0,0.0,1.0,7.0,4,132.9942115280713,132.9942115280713,pobre,basal,2,750.0,787.0,1.0,36.0,12,68,37139,7,1.0
98,0.0,0.0,0.0,1.0,8.0,4,132.9942115280713,132.9942115280713,pobre,basal,2,750.0,787.0,1.0,36.0,13,68,37139,7,1.0
97,1.0,0.0,0.0,1.0,3.0,4,132.9942115280713,132.9942115280713,pobre,basal,2,750.0,787.0,1.0,36.0,8,68,37140,3,1.0
98,1.0,0.0,0.0,1.0,4.0,4,132.9942115280713,132.9942115280713,pobre,basal,2,750.0,787.0,1.0,36.0,9,68,37140,3,1.0
97,0.0,0.0,0.0,1.0,8.0,6,132.9942115280713,132.9942115280713,pobre,basal,3,875.0,639.0,1.0,38.0,13,68,37141,8,1.0
98,0.0,0.0,0.0,1.0,8.0,6,132.9942115280713,132.9942115280713,pobre,basal,3,875.0,639.0,1.0,38.0,14,68,37141,8,1.0
97,0.0,0.0,0.0,1.0,6.0,6,132.9942115280713,132.9942115280713,pobre,basal,3,875.0,639.0,1.0,38.0,11,68,37142,6,1.0
98,0.0,0.0,0.0,1.0,6.0,6,132.9942115280713,132.9942115280713,pobre,basal,3,875.0,639.0,1.0,38.0,12,68,37142,6,1.0
97,1.0,0.0,0.0,1.0,4.0,6,132.9942115280713,132.9942115280713,pobre,basal,3,875.0,639.0,1.0,38.0,9,68,37143,4,1.0
98,1.0,0.0,0.0,1.0,4.0,6,132.9942115280713,132.9942115280713,pobre,basal,3,875.0,639.0,1.0,38.0,10,68,37143,4,1.0
97,1.0,0.0,0.0,0.0,9.0,2,132.9942115280713,132.9942115280713,pobre,basal,13,800.0,854.0,0.0,48.0,16,68,37144,9,0.0
98,1.0,0.0,0.0,,,2,132.9942115280713,132.9942115280713,pobre,basal,13,800.0,854.0,0.0,48.0,17,68,37144,9,0.0
97,1.0,0.0,0.0,1.0,4.0,7,132.9942115280713,132.9942115280713,pobre,basal,6,750.0,605.0,1.0,31.0,10,68,37145,4,1.0
98,1.0,0.0,0.0,1.0,5.0,7,132.9942115280713,132.9942115280713,pobre,basal,6,750.0,605.0,1.0,31.0,11,68,37145,4,1.0
97,1.0,0.0,0.0,1.0,3.0,7,132.9942115280713,132.9942115280713,pobre,basal,6,750.0,605.0,1.0,31.0,8,68,37146,3,1.0
98,1.0,0.0,0.0,1.0,4.0,7,132.9942115280713,132.9942115280713,pobre,basal,6,750.0,605.0,1.0,31.0,9,68,37146,3,1.0
97,1.0,0.0,0.0,1.0,1.0,7,132.9942115280713,132.9942115280713,pobre,basal,6,750.0,605.0,1.0,31.0,6,68,37147,1,1.0
98,1.0,0.0,0.0,1.0,2.0,7,132.9942115280713,132.9942115280713,pobre,basal,6,750.0,605.0,1.0,31.0,7,68,37147,1,1.0
97,1.0,0.0,0.0,1.0,5.0,7,132.9942115280713,132.9942115280713,pobre,basal,6,750.0,642.0,1.0,35.0,11,68,37148,5,1.0
98,1.0,0.0,0.0,1.0,6.0,7,132.9942115280713,132.9942115280713,pobre,basal,6,750.0,642.0,1.0,35.0,12,68,37148,5,1.0
97,0.0,0.0,0.0,1.0,4.0,7,132.9942115280713,132.9942115280713,pobre,basal,6,750.0,642.0,1.0,35.0,10,68,37149,4,1.0
98,0.0,0.0,0.0,1.0,5.0,7,132.9942115280713,132.9942115280713,pobre,basal,6,750.0,642.0,1.0,35.0,11,68,37149,4,1.0
97,1.0,0.0,0.0,1.0,4.0,7,132.9942115280713,132.9942115280713,pobre,basal,3,875.0,810.70697,1.0,55.0,10,68,37150,4,1.0
98,1.0,0.0,0.0,1.0,5.0,7,132.9942115280713,132.9942115280713,pobre,basal,3,875.0,810.70697,1.0,55.0,11,68,37150,4,1.0
97,0.0,0.0,0.0,1.0,3.0,7,132.9942115280713,132.9942115280713,pobre,basal,3,875.0,810.70697,1.0,55.0,9,68,37151,3,1.0
98,0.0,0.0,0.0,1.0,4.0,7,132.9942115280713,132.9942115280713,pobre,basal,3,875.0,810.70697,1.0,55.0,10,68,37151,3,1.0
97,1.0,0.0,0.0,0.0,2.0,3,132.9942115280713,132.9942115280713,pobre,basal,3,0.0,692.5,0.0,70.0,16,68,37152,2,0.0
98,1.0,0.0,0.0,,,3,132.9942115280713,132.9942115280713,pobre,basal,3,0.0,692.5,0.0,70.0,17,68,37152,2,0.0
97,0.0,0.0,0.0,0.0,6.0,3,132.9942115280713,132.9942115280713,pobre,basal,3,875.0,868.5,1.0,42.0,14,68,37153,6,0.0
98,0.0,0.0,0.0,0.0,7.0,3,132.9942115280713,132.9942115280713,pobre,basal,3,875.0,868.5,1.0,42.0,15,68,37153,6,0.0
97,1.0,0.0,0.0,0.0,4.0,6,132.9942115280713,132.9942115280713,pobre,basal,2,750.0,591.0,0.0,38.0,14,68,37154,4,0.0
98,1.0,0.0,0.0,0.0,4.0,6,132.9942115280713,132.9942115280713,pobre,basal,2,750.0,591.0,0.0,38.0,15,68,37154,4,0.0
97,1.0,0.0,0.0,,0.0,6,132.9942115280713,132.9942115280713,pobre,basal,2,750.0,591.0,0.0,38.0,9,68,37155,0,
98,1.0,0.0,0.0,,,6,132.9942115280713,132.9942115280713,pobre,basal,2,750.0,591.0,0.0,38.0,10,68,37155,0,
97,1.0,0.0,0.0,0.0,2.0,6,132.9942115280713,132.9942115280713,pobre,basal,2,750.0,591.0,0.0,38.0,8,68,37156,2,0.0
98,1.0,0.0,0.0,0.0,2.0,6,132.9942115280713,132.9942115280713,pobre,basal,2,750.0,591.0,0.0,38.0,9,68,37156,2,0.0
97,1.0,0.0,0.0,1.0,6.0,3,132.9942115280713,132.9942115280713,pobre,basal,2,875.0,842.5,0.0,64.0,13,68,37157,6,1.0
98,1.0,0.0,0.0,1.0,7.0,3,132.9942115280713,132.9942115280713,pobre,basal,2,875.0,842.5,0.0,64.0,14,68,37157,6,1.0
97,0.0,0.0,0.0,1.0,5.0,3,132.9942115280713,132.9942115280713,pobre,basal,2,875.0,842.5,0.0,64.0,11,68,37158,5,1.0
98,0.0,0.0,0.0,1.0,5.0,3,132.9942115280713,132.9942115280713,pobre,basal,2,875.0,842.5,0.0,64.0,12,68,37158,5,1.0
97,1.0,0.0,0.0,1.0,5.0,7,132.9942115280713,132.9942115280713,pobre,basal,6,875.0,626.5,1.0,32.0,11,68,37159,5,1.0
98,1.0,0.0,0.0,1.0,6.0,7,132.9942115280713,132.9942115280713,pobre,basal,6,875.0,626.5,1.0,32.0,12,68,37159,5,1.0
97,1.0,0.0,0.0,1.0,3.0,7,132.9942115280713,132.9942115280713,pobre,basal,6,875.0,626.5,1.0,32.0,8,68,37160,3,1.0
98,1.0,0.0,0.0,1.0,4.0,7,132.9942115280713,132.9942115280713,pobre,basal,6,875.0,626.5,1.0,32.0,9,68,37160,3,1.0
97,1.0,0.0,0.0,1.0,1.0,7,132.9942115280713,132.9942115280713,pobre,basal,6,875.0,626.5,1.0,32.0,6,68,37161,1,1.0
98,1.0,0.0,0.0,1.0,1.0,7,132.9942115280713,132.9942115280713,pobre,basal,6,875.0,626.5,1.0,32.0,7,68,37161,1,1.0
97,0.0,0.0,0.0,0.0,9.0,6,132.9942115280713,132.9942115280713,pobre,basal,6,875.0,697.0,1.0,36.0,14,68,37162,9,0.0
98,0.0,0.0,0.0,,,6,132.9942115280713,132.9942115280713,pobre,basal,6,875.0,697.0,1.0,36.0,15,68,37162,9,0.0
97,0.0,0.0,0.0,1.0,6.0,6,132.9942115280713,132.9942115280713,pobre,basal,6,875.0,697.0,1.0,36.0,12,68,37163,6,1.0
98,0.0,0.0,0.0,1.0,7.0,6,132.9942115280713,132.9942115280713,pobre,basal,6,875.0,697.0,1.0,36.0,13,68,37163,6,1.0
97,0.0,0.0,0.0,1.0,3.0,6,132.9942115280713,132.9942115280713,pobre,basal,6,875.0,697.0,1.0,36.0,9,68,37164,3,1.0
98,0.0,0.0,0.0,1.0,4.0,6,132.9942115280713,132.9942115280713,pobre,basal,6,875.0,697.0,1.0,36.0,10,68,37164,3,1.0
97,0.0,0.0,0.0,1.0,1.0,3,132.9942115280713,132.9942115280713,pobre,basal,6,750.0,803.0,1.0,38.0,7,68,37165,1,1.0
98,0.0,0.0,0.0,1.0,2.0,3,132.9942115280713,132.9942115280713,pobre,basal,6,750.0,803.0,1.0,38.0,8,68,37165,1,1.0
97,0.0,0.0,0.0,1.0,8.0,4,132.9942115280713,132.9942115280713,pobre,basal,6,875.0,744.0,1.0,34.0,14,68,37166,8,1.0
98,0.0,0.0,0.0,0.0,9.0,4,132.9942115280713,132.9942115280713,pobre,basal,6,875.0,744.0,1.0,34.0,15,68,37166,8,1.0
97,0.0,0.0,0.0,1.0,6.0,4,132.9942115280713,132.9942115280713,pobre,basal,6,875.0,744.0,1.0,34.0,12,68,37167,6,1.0
98,0.0,0.0,0.0,1.0,6.0,4,132.9942115280713,132.9942115280713,pobre,basal,6,875.0,744.0,1.0,34.0,13,68,37167,6,1.0
97,1.0,0.0,0.0,1.0,6.0,6,132.9942115280713,132.9942115280713,pobre,basal,13,875.0,817.0,1.0,37.0,13,68,37168,6,1.0
98,1.0,0.0,0.0,1.0,7.0,6,132.9942115280713,132.9942115280713,pobre,basal,13,875.0,817.0,1.0,37.0,14,68,37168,6,1.0
97,1.0,0.0,0.0,1.0,5.0,6,132.9942115280713,132.9942115280713,pobre,basal,13,875.0,817.0,1.0,37.0,11,68,37169,5,1.0
98,1.0,0.0,0.0,1.0,6.0,6,132.9942115280713,132.9942115280713,pobre,basal,13,875.0,817.0,1.0,37.0,12,68,37169,5,1.0
97,1.0,0.0,0.0,1.0,1.0,6,132.9942115280713,132.9942115280713,pobre,basal,13,875.0,817.0,1.0,37.0,10,68,37170,1,1.0
98,1.0,0.0,0.0,1.0,2.0,6,132.9942115280713,132.9942115280713,pobre,basal,13,875.0,817.0,1.0,37.0,11,68,37170,1,1.0
97,0.0,0.0,0.0,1.0,8.0,4,132.9942115280713,132.9942115280713,pobre,basal,6,875.0,735.0,1.0,36.0,14,68,37171,8,1.0
98,0.0,0.0,0.0,,,4,132.9942115280713,132.9942115280713,pobre,basal,6,875.0,735.0,1.0,36.0,15,68,37171,8,1.0
97,0.0,0.0,0.0,1.0,2.0,4,132.9942115280713,132.9942115280713,pobre,basal,6,875.0,735.0,1.0,36.0,8,68,37172,2,1.0
98,0.0,0.0,0.0,1.0,3.0,4,132.9942115280713,132.9942115280713,pobre,basal,6,875.0,735.0,1.0,36.0,9,68,37172,2,1.0
97,1.0,0.0,0.0,0.0,9.0,5,132.9942115280713,132.9942115280713,pobre,basal,3,875.0,625.5,1.0,41.0,16,68,37173,9,0.0
98,1.0,0.0,0.0,,,5,132.9942115280713,132.9942115280713,pobre,basal,3,875.0,625.5,1.0,41.0,17,68,37173,9,0.0
97,0.0,0.0,0.0,1.0,7.0,5,132.9942115280713,132.9942115280713,pobre,basal,3,875.0,625.5,1.0,41.0,14,68,37174,7,1.0
98,0.0,0.0,0.0,1.0,7.0,5,132.9942115280713,132.9942115280713,pobre,basal,3,875.0,625.5,1.0,41.0,15,68,37174,7,1.0
97,0.0,0.0,0.0,1.0,5.0,5,132.9942115280713,132.9942115280713,pobre,basal,3,875.0,625.5,1.0,41.0,10,68,37175,5,1.0
98,0.0,0.0,0.0,1.0,5.0,5,132.9942115280713,132.9942115280713,pobre,basal,3,875.0,625.5,1.0,41.0,11,68,37175,5,1.0
97,1.0,0.0,0.0,1.0,8.0,5,132.9942115280713,132.9942115280713,pobre,basal,2,0.0,1027.5,0.0,62.0,15,68,37176,8,1.0
98,1.0,0.0,0.0,,,5,132.9942115280713,132.9942115280713,pobre,basal,2,0.0,1027.5,0.0,62.0,16,68,37176,8,1.0
97,0.0,0.0,0.0,0.0,8.0,7,132.9942115280713,132.9942115280713,no pobre,basal,3,0.0,1062.957,1.0,71.0,13,68,37177,8,0.0
98,0.0,0.0,0.0,1.0,8.0,7,132.9942115280713,132.9942115280713,no pobre,basal,3,0.0,1062.957,1.0,71.0,14,68,37177,8,0.0
97,1.0,0.0,0.0,0.0,7.0,7,132.9942115280713,132.9942115280713,no pobre,basal,3,0.0,1062.957,1.0,71.0,12,68,37178,7,0.0
98,1.0,0.0,0.0,1.0,7.0,7,132.9942115280713,132.9942115280713,no pobre,basal,3,0.0,1062.957,1.0,71.0,13,68,37178,7,0.0
97,1.0,0.0,0.0,1.0,1.0,2,132.9942115280713,132.9942115280713,pobre,basal,9,320.0,951.0,0.0,28.0,6,68,37179,1,1.0
98,1.0,0.0,0.0,1.0,1.0,2,132.9942115280713,132.9942115280713,pobre,basal,9,320.0,951.0,0.0,28.0,7,68,37179,1,1.0
97,1.0,0.0,0.0,,8.0,4,132.9942115280713,132.9942115280713,no pobre,basal,15,4880.0,1128.0,1.0,40.0,14,68,37180,8,
98,1.0,0.0,0.0,1.0,8.0,4,132.9942115280713,132.9942115280713,no pobre,basal,15,4880.0,1128.0,1.0,40.0,15,68,37180,8,
97,0.0,0.0,0.0,1.0,7.0,4,132.9942115280713,132.9942115280713,no pobre,basal,2,2000.0,1156.707,1.0,46.0,13,68,37181,7,1.0
98,0.0,0.0,0.0,1.0,7.0,4,132.9942115280713,132.9942115280713,no pobre,basal,2,2000.0,1156.707,1.0,46.0,14,68,37181,7,1.0
97,1.0,0.0,0.0,1.0,5.0,3,132.9942115280713,132.9942115280713,pobre,basal,0,875.0,900.5,1.0,59.0,11,68,37182,5,1.0
98,1.0,0.0,0.0,1.0,6.0,3,132.9942115280713,132.9942115280713,pobre,basal,0,875.0,900.5,1.0,59.0,12,68,37182,5,1.0
97,0.0,0.0,0.0,1.0,9.0,4,132.9942115280713,132.9942115280713,pobre,basal,2,0.0,890.0,1.0,45.0,14,68,37183,9,1.0
98,0.0,0.0,0.0,,,4,132.9942115280713,132.9942115280713,pobre,basal,2,0.0,890.0,1.0,45.0,15,68,37183,9,1.0
97,1.0,1.0,0.0,1.0,1.0,4,132.9942115280713,132.9942115280713,no pobre,basal,16,2000.0,1139.0,1.0,37.0,7,68,37184,1,1.0
98,1.0,1.0,0.0,,,4,132.9942115280713,132.9942115280713,no pobre,basal,16,2000.0,1139.0,1.0,37.0,8,68,37184,1,1.0
97,0.0,0.0,0.0,1.0,2.0,6,132.9942115280713,132.9942115280713,no pobre,basal,9,1120.0,918.0,1.0,36.0,9,68,37185,2,1.0
98,0.0,0.0,0.0,1.0,4.0,6,132.9942115280713,132.9942115280713,no pobre,basal,9,1120.0,918.0,1.0,36.0,10,68,37185,2,1.0
97,1.0,0.0,0.0,1.0,1.0,6,132.9942115280713,132.9942115280713,no pobre,basal,9,1120.0,918.0,1.0,36.0,7,68,37186,1,1.0
98,1.0,0.0,0.0,1.0,3.0,6,132.9942115280713,132.9942115280713,no pobre,basal,9,1120.0,918.0,1.0,36.0,8,68,37186,1,1.0
97,1.0,0.0,0.0,1.0,0.0,6,132.9942115280713,132.9942115280713,no pobre,basal,9,1120.0,918.0,1.0,36.0,6,68,37187,0,1.0
98,1.0,0.0,0.0,1.0,1.0,6,132.9942115280713,132.9942115280713,no pobre,basal,9,1120.0,918.0,1.0,36.0,7,68,37187,0,1.0
97,1.0,0.0,0.0,0.0,6.0,7,132.9942115280713,132.9942115280713,pobre,basal,3,875.0,993.0,1.0,45.0,14,68,37188,6,0.0
98,1.0,0.0,0.0,,,7,132.9942115280713,132.9942115280713,pobre,basal,3,875.0,993.0,1.0,45.0,15,68,37188,6,0.0
97,1.0,0.0,0.0,1.0,5.0,7,132.9942115280713,132.9942115280713,pobre,basal,3,875.0,993.0,1.0,45.0,12,68,37189,5,1.0
98,1.0,0.0,0.0,1.0,6.0,7,132.9942115280713,132.9942115280713,pobre,basal,3,875.0,993.0,1.0,45.0,13,68,37189,5,1.0
97,0.0,0.0,0.0,1.0,4.0,5,132.9942115280713,132.9942115280713,pobre,basal,1,750.0,753.5,1.0,48.0,10,68,37190,4,1.0
98,0.0,0.0,0.0,1.0,5.0,5,132.9942115280713,132.9942115280713,pobre,basal,1,750.0,753.5,1.0,48.0,11,68,37190,4,1.0
97,1.0,0.0,0.0,0.0,9.0,7,132.9942115280713,132.9942115280713,pobre,basal,2,875.0,790.79999,0.0,45.0,16,68,37191,9,0.0
98,1.0,0.0,0.0,,,7,132.9942115280713,132.9942115280713,pobre,basal,2,875.0,790.79999,0.0,45.0,17,68,37191,9,0.0
97,0.0,0.0,0.0,0.0,7.0,7,132.9942115280713,132.9942115280713,pobre,basal,2,875.0,790.79999,0.0,45.0,14,68,37192,7,0.0
98,0.0,0.0,0.0,0.0,7.0,7,132.9942115280713,132.9942115280713,pobre,basal,2,875.0,790.79999,0.0,45.0,15,68,37192,7,0.0
97,1.0,0.0,0.0,1.0,3.0,7,132.9942115280713,132.9942115280713,pobre,basal,2,875.0,790.79999,0.0,45.0,8,68,37193,3,1.0
98,1.0,0.0,0.0,1.0,4.0,7,132.9942115280713,132.9942115280713,pobre,basal,2,875.0,790.79999,0.0,45.0,9,68,37193,3,1.0
97,0.0,0.0,0.0,0.0,5.0,7,132.9942115280713,132.9942115280713,pobre,basal,2,875.0,790.79999,0.0,45.0,15,68,37194,5,0.0
98,0.0,0.0,0.0,1.0,6.0,7,132.9942115280713,132.9942115280713,pobre,basal,2,875.0,790.79999,0.0,45.0,16,68,37194,5,0.0
97,1.0,0.0,0.0,1.0,4.0,6,132.9942115280713,132.9942115280713,pobre,basal,3,420.0,739.0,1.0,38.0,10,68,37195,4,1.0
98,1.0,0.0,0.0,1.0,5.0,6,132.9942115280713,132.9942115280713,pobre,basal,3,420.0,739.0,1.0,38.0,11,68,37195,4,1.0
97,1.0,0.0,0.0,1.0,1.0,6,132.9942115280713,132.9942115280713,pobre,basal,3,420.0,739.0,1.0,38.0,9,68,37196,1,1.0
98,1.0,0.0,0.0,1.0,2.0,6,132.9942115280713,132.9942115280713,pobre,basal,3,420.0,739.0,1.0,38.0,10,68,37196,1,1.0
97,1.0,0.0,0.0,1.0,1.0,6,132.9942115280713,132.9942115280713,pobre,basal,3,420.0,739.0,1.0,38.0,7,68,37197,1,1.0
98,1.0,0.0,0.0,1.0,1.0,6,132.9942115280713,132.9942115280713,pobre,basal,3,420.0,739.0,1.0,38.0,8,68,37197,1,1.0
97,1.0,0.0,0.0,1.0,8.0,4,132.9942115280713,132.9942115280713,pobre,basal,4,875.0,687.0,0.0,40.0,14,68,37198,8,1.0
98,1.0,0.0,0.0,0.0,9.0,4,132.9942115280713,132.9942115280713,pobre,basal,4,875.0,687.0,0.0,40.0,15,68,37198,8,1.0
97,0.0,0.0,0.0,1.0,4.0,4,132.9942115280713,132.9942115280713,pobre,basal,4,875.0,687.0,0.0,40.0,11,68,37199,4,1.0
98,0.0,0.0,0.0,1.0,5.0,4,132.9942115280713,132.9942115280713,pobre,basal,4,875.0,687.0,0.0,40.0,12,68,37199,4,1.0
97,0.0,0.0,0.0,1.0,10.0,4,132.9942115280713,132.9942115280713,no pobre,basal,3,0.0,1152.0,1.0,54.0,15,68,37200,10,1.0
98,0.0,0.0,0.0,1.0,11.0,4,132.9942115280713,132.9942115280713,no pobre,basal,3,0.0,1152.0,1.0,54.0,16,68,37200,10,1.0
97,1.0,0.0,0.0,1.0,8.0,8,132.9942115280713,132.9942115280713,no pobre,basal,12,875.0,1007.2,1.0,50.0,14,68,37201,8,1.0
98,1.0,0.0,0.0,1.0,9.0,8,132.9942115280713,132.9942115280713,no pobre,basal,12,875.0,1007.2,1.0,50.0,15,68,37201,8,1.0
97,0.0,,0.0,1.0,2.0,6,132.9942115280713,132.9942115280713,pobre,basal,9,875.0,845.0,1.0,44.0,8,68,37202,2,1.0
98,0.0,,0.0,1.0,3.0,6,132.9942115280713,132.9942115280713,pobre,basal,9,875.0,845.0,1.0,44.0,9,68,37202,2,1.0
97,1.0,,0.0,1.0,1.0,6,132.9942115280713,132.9942115280713,pobre,basal,9,875.0,845.0,1.0,44.0,7,68,37203,1,1.0
98,1.0,,0.0,1.0,2.0,6,132.9942115280713,132.9942115280713,pobre,basal,9,875.0,845.0,1.0,44.0,8,68,37203,1,1.0
97,1.0,0.0,0.0,1.0,8.0,5,132.9942115280713,132.9942115280713,pobre,basal,3,750.0,815.5,1.0,37.0,15,68,37204,8,1.0
98,1.0,0.0,0.0,0.0,9.0,5,132.9942115280713,132.9942115280713,pobre,basal,3,750.0,815.5,1.0,37.0,16,68,37204,8,1.0
97,0.0,0.0,0.0,0.0,6.0,5,132.9942115280713,132.9942115280713,pobre,basal,3,750.0,815.5,1.0,37.0,13,68,37205,6,0.0
98,0.0,0.0,0.0,0.0,6.0,5,132.9942115280713,132.9942115280713,pobre,basal,3,750.0,815.5,1.0,37.0,14,68,37205,6,0.0
97,0.0,0.0,0.0,1.0,0.0,5,132.9942115280713,132.9942115280713,pobre,basal,3,750.0,815.5,1.0,37.0,6,68,37206,0,1.0
98,0.0,0.0,0.0,1.0,1.0,5,132.9942115280713,132.9942115280713,pobre,basal,3,750.0,815.5,1.0,37.0,7,68,37206,0,1.0
97,1.0,0.0,0.0,1.0,7.0,4,132.9942115280713,132.9942115280713,pobre,basal,0,0.0,683.0,0.0,53.0,13,68,37207,7,1.0
98,1.0,0.0,0.0,1.0,8.0,4,132.9942115280713,132.9942115280713,pobre,basal,0,0.0,683.0,0.0,53.0,14,68,37207,7,1.0
97,1.0,0.0,0.0,0.0,4.0,6,132.9942115280713,132.9942115280713,pobre,basal,6,875.0,635.0,1.0,39.0,15,68,37208,4,0.0
98,1.0,0.0,0.0,0.0,4.0,6,132.9942115280713,132.9942115280713,pobre,basal,6,875.0,635.0,1.0,39.0,16,68,37208,4,0.0
97,0.0,0.0,0.0,0.0,6.0,6,132.9942115280713,132.9942115280713,pobre,basal,6,875.0,635.0,1.0,39.0,13,68,37209,6,0.0
98,0.0,0.0,0.0,0.0,6.0,6,132.9942115280713,132.9942115280713,pobre,basal,6,875.0,635.0,1.0,39.0,14,68,37209,6,0.0
97,0.0,0.0,0.0,1.0,3.0,6,132.9942115280713,132.9942115280713,pobre,basal,6,875.0,635.0,1.0,39.0,9,68,37210,3,1.0
98,0.0,0.0,0.0,1.0,4.0,6,132.9942115280713,132.9942115280713,pobre,basal,6,875.0,635.0,1.0,39.0,10,68,37210,3,1.0
97,0.0,0.0,0.0,1.0,1.0,7,132.9942115280713,132.9942115280713,pobre,basal,6,875.0,700.5,1.0,33.0,7,68,37211,1,1.0
98,0.0,0.0,0.0,1.0,1.0,7,132.9942115280713,132.9942115280713,pobre,basal,6,875.0,700.5,1.0,33.0,8,68,37211,1,1.0
97,0.0,0.0,0.0,1.0,0.0,5,132.9942115280713,132.9942115280713,pobre,basal,6,875.0,755.0,1.0,36.0,6,68,37212,0,1.0
98,0.0,0.0,0.0,1.0,1.0,5,132.9942115280713,132.9942115280713,pobre,basal,6,875.0,755.0,1.0,36.0,7,68,37212,0,1.0
97,0.0,0.0,0.0,1.0,2.0,8,132.9942115280713,132.9942115280713,pobre,basal,0,0.0,1051.0,0.0,71.0,8,68,37213,2,1.0
98,0.0,0.0,0.0,1.0,3.0,8,132.9942115280713,132.9942115280713,pobre,basal,0,0.0,1051.0,0.0,71.0,9,68,37213,2,1.0
97,1.0,0.0,0.0,1.0,0.0,7,132.9942115280713,132.9942115280713,pobre,basal,4,1400.0,839.5,1.0,37.0,6,68,37214,0,1.0
98,1.0,0.0,0.0,1.0,1.0,7,132.9942115280713,132.9942115280713,pobre,basal,4,1400.0,839.5,1.0,37.0,7,68,37214,0,1.0
97,1.0,,0.0,1.0,0.0,6,132.9942115280713,132.9942115280713,pobre,basal,12,1200.0,821.0,1.0,28.0,6,68,37215,0,1.0
98,1.0,,0.0,1.0,1.0,6,132.9942115280713,132.9942115280713,pobre,basal,12,1200.0,821.0,1.0,28.0,7,68,37215,0,1.0
97,0.0,0.0,0.0,1.0,4.0,7,132.9942115280713,132.9942115280713,pobre,basal,3,750.0,629.0,1.0,32.0,10,68,37216,4,1.0
98,0.0,0.0,0.0,1.0,5.0,7,132.9942115280713,132.9942115280713,pobre,basal,3,750.0,629.0,1.0,32.0,11,68,37216,4,1.0
97,0.0,0.0,0.0,1.0,2.0,7,132.9942115280713,132.9942115280713,pobre,basal,3,750.0,629.0,1.0,32.0,8,68,37217,2,1.0
98,0.0,0.0,0.0,1.0,3.0,7,132.9942115280713,132.9942115280713,pobre,basal,3,750.0,629.0,1.0,32.0,9,68,37217,2,1.0
97,1.0,0.0,0.0,1.0,0.0,6,132.9942115280713,132.9942115280713,pobre,basal,6,750.0,667.0,1.0,34.0,6,68,37218,0,1.0
98,1.0,0.0,0.0,1.0,1.0,6,132.9942115280713,132.9942115280713,pobre,basal,6,750.0,667.0,1.0,34.0,7,68,37218,0,1.0
97,0.0,0.0,0.0,1.0,6.0,6,132.9942115280713,132.9942115280713,pobre,basal,6,750.0,667.0,1.0,34.0,12,68,37219,6,1.0
98,0.0,0.0,0.0,1.0,6.0,6,132.9942115280713,132.9942115280713,pobre,basal,6,750.0,667.0,1.0,34.0,13,68,37219,6,1.0
97,0.0,0.0,0.0,1.0,5.0,7,132.9942115280713,132.9942115280713,no pobre,basal,6,100.0,1235.0,1.0,48.0,11,68,37220,5,1.0
98,0.0,0.0,0.0,1.0,6.0,7,132.9942115280713,132.9942115280713,no pobre,basal,6,100.0,1235.0,1.0,48.0,12,68,37220,5,1.0
97,0.0,0.0,0.0,1.0,4.0,7,132.9942115280713,132.9942115280713,no pobre,basal,6,100.0,1235.0,1.0,48.0,10,68,37221,4,1.0
98,0.0,0.0,0.0,1.0,5.0,7,132.9942115280713,132.9942115280713,no pobre,basal,6,100.0,1235.0,1.0,48.0,11,68,37221,4,1.0
97,0.0,0.0,0.0,1.0,1.0,7,132.9942115280713,132.9942115280713,no pobre,basal,6,100.0,1235.0,1.0,48.0,7,68,37222,1,1.0
98,0.0,0.0,0.0,1.0,2.0,7,132.9942115280713,132.9942115280713,no pobre,basal,6,100.0,1235.0,1.0,48.0,8,68,37222,1,1.0
97,1.0,1.0,1.141,1.0,4.0,7,156.4335345993247,292.5496229955893,pobre,0,6,500.0,680.0,1.0,40.0,11,410,37223,4,1.0
98,1.0,1.0,1.141,1.0,5.0,7,156.4335345993247,292.5496229955893,pobre,0,6,500.0,680.0,1.0,40.0,12,410,37223,4,1.0
97,1.0,1.0,1.141,1.0,2.0,7,156.4335345993247,292.5496229955893,pobre,0,6,500.0,680.0,1.0,40.0,8,410,37224,2,1.0
98,1.0,1.0,1.141,1.0,3.0,7,156.4335345993247,292.5496229955893,pobre,0,6,500.0,680.0,1.0,40.0,9,410,37224,2,1.0
97,1.0,1.0,1.141,,6.0,10,156.4335345993247,292.5496229955893,pobre,0,5,500.0,620.0,1.0,34.0,13,410,37225,6,
98,1.0,1.0,1.141,1.0,7.0,10,156.4335345993247,292.5496229955893,pobre,0,5,500.0,620.0,1.0,34.0,14,410,37225,6,
97,1.0,1.0,1.141,,4.0,10,156.4335345993247,292.5496229955893,pobre,0,5,500.0,620.0,1.0,34.0,11,410,37226,4,
98,1.0,1.0,1.141,1.0,5.0,10,156.4335345993247,292.5496229955893,pobre,0,5,500.0,620.0,1.0,34.0,12,410,37226,4,
97,1.0,1.0,1.141,,2.0,10,156.4335345993247,292.5496229955893,pobre,0,5,500.0,620.0,1.0,34.0,9,410,37227,2,
98,1.0,1.0,1.141,1.0,2.0,10,156.4335345993247,292.5496229955893,pobre,0,5,500.0,620.0,1.0,34.0,10,410,37227,2,
97,1.0,1.0,1.141,1.0,1.0,10,156.4335345993247,292.5496229955893,pobre,0,3,500.0,746.0,1.0,35.0,15,410,37228,1,1.0
98,1.0,1.0,1.141,1.0,8.0,10,156.4335345993247,292.5496229955893,pobre,0,3,500.0,746.0,1.0,35.0,16,410,37228,1,1.0
97,0.0,1.0,1.141,1.0,5.0,10,156.4335345993247,292.5496229955893,pobre,0,3,500.0,746.0,1.0,35.0,13,410,37229,5,1.0
98,0.0,1.0,1.141,0.0,6.0,10,156.4335345993247,292.5496229955893,pobre,0,3,500.0,746.0,1.0,35.0,14,410,37229,5,1.0
97,1.0,1.0,1.141,1.0,3.0,10,156.4335345993247,292.5496229955893,pobre,0,3,500.0,746.0,1.0,35.0,10,410,37230,3,1.0
98,1.0,1.0,1.141,1.0,4.0,10,156.4335345993247,292.5496229955893,pobre,0,3,500.0,746.0,1.0,35.0,11,410,37230,3,1.0
97,0.0,1.0,3.3699999,1.0,5.0,9,156.646856539166,269.5102618106659,pobre,0,5,500.0,530.0,1.0,58.0,14,459,37231,5,1.0
98,0.0,1.0,3.3699999,1.0,6.0,9,156.646856539166,269.5102618106659,pobre,0,5,500.0,530.0,1.0,58.0,15,459,37231,5,1.0
97,1.0,1.0,3.3699999,1.0,3.0,9,156.646856539166,269.5102618106659,pobre,0,5,500.0,530.0,1.0,58.0,12,459,37232,3,1.0
98,1.0,1.0,3.3699999,1.0,3.0,9,156.646856539166,269.5102618106659,pobre,0,5,500.0,530.0,1.0,58.0,13,459,37232,3,1.0
97,0.0,1.0,3.3699999,1.0,3.0,9,156.646856539166,269.5102618106659,pobre,0,5,500.0,530.0,1.0,58.0,9,459,37233,3,1.0
98,0.0,1.0,3.3699999,1.0,4.0,9,156.646856539166,269.5102618106659,pobre,0,5,500.0,530.0,1.0,58.0,10,459,37233,3,1.0
97,1.0,1.0,3.3699999,1.0,1.0,9,156.646856539166,269.5102618106659,pobre,0,5,500.0,530.0,1.0,58.0,7,459,37234,1,1.0
98,1.0,1.0,3.3699999,1.0,0.0,9,156.646856539166,269.5102618106659,pobre,0,5,500.0,530.0,1.0,58.0,8,459,37234,1,1.0
97,1.0,1.0,3.3699999,0.0,6.0,7,156.646856539166,269.5102618106659,pobre,0,0,500.0,822.5,1.0,46.0,14,459,37235,6,0.0
98,1.0,1.0,3.3699999,0.0,6.0,7,156.646856539166,269.5102618106659,pobre,0,0,500.0,822.5,1.0,46.0,15,459,37235,6,0.0
97,1.0,1.0,3.3699999,1.0,5.0,7,156.646856539166,269.5102618106659,pobre,0,0,500.0,822.5,1.0,46.0,12,459,37236,5,1.0
98,1.0,1.0,3.3699999,0.0,6.0,7,156.646856539166,269.5102618106659,pobre,0,0,500.0,822.5,1.0,46.0,13,459,37236,5,1.0
97,0.0,1.0,3.3699999,1.0,3.0,7,156.646856539166,269.5102618106659,pobre,0,0,500.0,822.5,1.0,46.0,9,459,37237,3,1.0
98,0.0,1.0,3.3699999,1.0,4.0,7,156.646856539166,269.5102618106659,pobre,0,0,500.0,822.5,1.0,46.0,10,459,37237,3,1.0
97,1.0,1.0,3.3699999,1.0,0.0,7,156.646856539166,269.5102618106659,pobre,0,0,500.0,822.5,1.0,46.0,6,459,37238,0,1.0
98,1.0,1.0,3.3699999,1.0,1.0,7,156.646856539166,269.5102618106659,pobre,0,0,500.0,822.5,1.0,46.0,7,459,37238,0,1.0
97,0.0,1.0,3.3699999,1.0,2.0,8,156.646856539166,269.5102618106659,pobre,0,3,500.0,578.0,1.0,38.0,8,459,37239,2,1.0
98,0.0,1.0,3.3699999,,,8,156.646856539166,269.5102618106659,pobre,0,3,500.0,578.0,1.0,38.0,9,459,37239,2,1.0
97,0.0,1.0,3.3699999,1.0,5.0,8,156.646856539166,269.5102618106659,pobre,0,3,500.0,578.0,1.0,38.0,11,459,37240,5,1.0
98,0.0,1.0,3.3699999,,,8,156.646856539166,269.5102618106659,pobre,0,3,500.0,578.0,1.0,38.0,12,459,37240,5,1.0
97,0.0,1.0,3.3699999,0.0,6.0,8,156.646856539166,269.5102618106659,pobre,0,3,500.0,578.0,1.0,38.0,14,459,37241,6,0.0
98,0.0,1.0,3.3699999,0.0,6.0,8,156.646856539166,269.5102618106659,pobre,0,3,500.0,578.0,1.0,38.0,15,459,37241,6,0.0
97,1.0,1.0,3.3699999,1.0,8.0,7,156.646856539166,269.5102618106659,pobre,0,4,500.0,640.0,1.0,48.0,16,459,37242,8,1.0
98,1.0,1.0,3.3699999,,,7,156.646856539166,269.5102618106659,pobre,0,4,500.0,640.0,1.0,48.0,17,459,37242,8,1.0
97,0.0,1.0,3.3699999,0.0,6.0,7,156.646856539166,269.5102618106659,pobre,0,4,500.0,640.0,1.0,48.0,14,459,37243,6,0.0
98,0.0,1.0,3.3699999,,,7,156.646856539166,269.5102618106659,pobre,0,4,500.0,640.0,1.0,48.0,15,459,37243,6,0.0
97,0.0,1.0,3.3699999,1.0,5.0,7,156.646856539166,269.5102618106659,pobre,0,4,500.0,640.0,1.0,48.0,11,459,37244,5,1.0
98,0.0,1.0,3.3699999,0.0,6.0,7,156.646856539166,269.5102618106659,pobre,0,4,500.0,640.0,1.0,48.0,12,459,37244,5,1.0
97,0.0,1.0,3.3699999,1.0,5.0,7,156.646856539166,269.5102618106659,pobre,0,4,500.0,640.0,1.0,48.0,11,459,37245,5,1.0
98,0.0,1.0,3.3699999,0.0,6.0,7,156.646856539166,269.5102618106659,pobre,0,4,500.0,640.0,1.0,48.0,12,459,37245,5,1.0
97,0.0,1.0,3.3699999,0.0,6.0,9,156.646856539166,269.5102618106659,pobre,0,4,375.0,713.5,1.0,38.0,16,459,37246,6,0.0
98,0.0,1.0,3.3699999,,,9,156.646856539166,269.5102618106659,pobre,0,4,375.0,713.5,1.0,38.0,17,459,37246,6,0.0
97,1.0,1.0,3.3699999,1.0,7.0,9,156.646856539166,269.5102618106659,pobre,0,4,375.0,713.5,1.0,38.0,14,459,37247,7,1.0
98,1.0,1.0,3.3699999,1.0,8.0,9,156.646856539166,269.5102618106659,pobre,0,4,375.0,713.5,1.0,38.0,15,459,37247,7,1.0
97,0.0,1.0,3.3699999,1.0,3.0,9,156.646856539166,269.5102618106659,pobre,0,4,375.0,713.5,1.0,38.0,11,459,37248,3,1.0
98,0.0,1.0,3.3699999,1.0,4.0,9,156.646856539166,269.5102618106659,pobre,0,4,375.0,713.5,1.0,38.0,12,459,37248,3,1.0
97,1.0,1.0,3.3699999,1.0,2.0,9,156.646856539166,269.5102618106659,pobre,0,4,375.0,713.5,1.0,38.0,7,459,37249,2,1.0
98,1.0,1.0,3.3699999,1.0,2.0,9,156.646856539166,269.5102618106659,pobre,0,4,375.0,713.5,1.0,38.0,8,459,37249,2,1.0
97,1.0,1.0,3.3699999,1.0,0.0,9,156.646856539166,269.5102618106659,pobre,0,4,375.0,713.5,1.0,38.0,6,459,37250,0,1.0
98,1.0,1.0,3.3699999,1.0,0.0,9,156.646856539166,269.5102618106659,pobre,0,4,375.0,713.5,1.0,38.0,7,459,37250,0,1.0
97,0.0,1.0,3.3699999,1.0,3.0,8,156.646856539166,269.5102618106659,pobre,0,6,375.0,769.0,1.0,33.0,10,459,37251,3,1.0
98,0.0,1.0,3.3699999,1.0,4.0,8,156.646856539166,269.5102618106659,pobre,0,6,375.0,769.0,1.0,33.0,11,459,37251,3,1.0
97,0.0,1.0,3.3699999,1.0,2.0,8,156.646856539166,269.5102618106659,pobre,0,6,375.0,769.0,1.0,33.0,9,459,37252,2,1.0
98,0.0,1.0,3.3699999,1.0,3.0,8,156.646856539166,269.5102618106659,pobre,0,6,375.0,769.0,1.0,33.0,10,459,37252,2,1.0
97,0.0,1.0,3.3699999,1.0,1.0,8,156.646856539166,269.5102618106659,pobre,0,6,375.0,769.0,1.0,33.0,7,459,37253,1,1.0
98,0.0,1.0,3.3699999,1.0,2.0,8,156.646856539166,269.5102618106659,pobre,0,6,375.0,769.0,1.0,33.0,8,459,37253,1,1.0
97,1.0,1.0,3.3699999,0.0,6.0,3,156.646856539166,269.5102618106659,pobre,0,3,500.0,718.5,1.0,42.0,13,459,37254,6,0.0
98,1.0,1.0,3.3699999,,,3,156.646856539166,269.5102618106659,pobre,0,3,500.0,718.5,1.0,42.0,14,459,37254,6,0.0
97,0.0,1.0,3.3699999,1.0,5.0,8,156.646856539166,269.5102618106659,pobre,0,6,450.0,725.0,1.0,35.0,12,459,37255,5,1.0
98,0.0,1.0,3.3699999,0.0,6.0,8,156.646856539166,269.5102618106659,pobre,0,6,450.0,725.0,1.0,35.0,13,459,37255,5,1.0
97,1.0,1.0,3.3699999,1.0,3.0,8,156.646856539166,269.5102618106659,pobre,0,6,450.0,725.0,1.0,35.0,9,459,37256,3,1.0
98,1.0,1.0,3.3699999,1.0,4.0,8,156.646856539166,269.5102618106659,pobre,0,6,450.0,725.0,1.0,35.0,10,459,37256,3,1.0
97,0.0,1.0,0.72899997,1.0,6.0,6,154.5914288333522,272.0878562975476,pobre,basal,4,500.0,613.0,1.0,43.0,13,469,37257,6,1.0
98,0.0,1.0,0.72899997,1.0,6.0,6,154.5914288333522,272.0878562975476,pobre,basal,4,500.0,613.0,1.0,43.0,14,469,37257,6,1.0
97,0.0,1.0,0.72899997,1.0,4.0,6,154.5914288333522,272.0878562975476,pobre,basal,4,500.0,613.0,1.0,43.0,10,469,37258,4,1.0
98,0.0,1.0,0.72899997,1.0,4.0,6,154.5914288333522,272.0878562975476,pobre,basal,4,500.0,613.0,1.0,43.0,11,469,37258,4,1.0
97,1.0,1.0,0.72899997,1.0,7.0,3,154.5914288333522,272.0878562975476,pobre,basal,0,500.0,801.5,1.0,51.0,13,469,37259,7,1.0
98,1.0,1.0,0.72899997,1.0,7.0,3,154.5914288333522,272.0878562975476,pobre,basal,0,500.0,801.5,1.0,51.0,14,469,37259,7,1.0
97,1.0,0.0,5.1719999,1.0,4.0,10,101.6961656792441,359.7744566831046,pobre,0,2,500.0,769.5,1.0,57.0,15,488,37260,4,1.0
98,1.0,0.0,5.1719999,1.0,5.0,10,101.6961656792441,359.7744566831046,pobre,0,2,500.0,769.5,1.0,57.0,16,488,37260,4,1.0
97,0.0,0.0,5.1719999,1.0,2.0,10,101.6961656792441,359.7744566831046,pobre,0,2,500.0,769.5,1.0,57.0,11,488,37261,2,1.0
98,0.0,0.0,5.1719999,1.0,3.0,10,101.6961656792441,359.7744566831046,pobre,0,2,500.0,769.5,1.0,57.0,12,488,37261,2,1.0
97,1.0,0.0,3.632,0.0,9.0,7,20.07262769174459,20.07262769174459,pobre,basal,3,800.0,630.79999,1.0,37.0,16,135,37262,9,0.0
98,1.0,0.0,3.632,,,7,20.07262769174459,20.07262769174459,pobre,basal,3,800.0,630.79999,1.0,37.0,17,135,37262,9,0.0
97,0.0,0.0,3.632,0.0,6.0,7,20.07262769174459,20.07262769174459,pobre,basal,3,800.0,630.79999,1.0,37.0,15,135,37263,6,0.0
98,0.0,0.0,3.632,,,7,20.07262769174459,20.07262769174459,pobre,basal,3,800.0,630.79999,1.0,37.0,16,135,37263,6,0.0
97,1.0,0.0,3.632,0.0,6.0,7,20.07262769174459,20.07262769174459,pobre,basal,3,800.0,630.79999,1.0,37.0,14,135,37264,6,0.0
98,1.0,0.0,3.632,,,7,20.07262769174459,20.07262769174459,pobre,basal,3,800.0,630.79999,1.0,37.0,15,135,37264,6,0.0
97,1.0,0.0,3.632,1.0,5.0,7,20.07262769174459,20.07262769174459,pobre,basal,3,800.0,630.79999,1.0,37.0,13,135,37265,5,1.0
98,1.0,0.0,3.632,,,7,20.07262769174459,20.07262769174459,pobre,basal,3,800.0,630.79999,1.0,37.0,14,135,37265,5,1.0
97,0.0,0.0,3.632,1.0,4.0,7,20.07262769174459,20.07262769174459,pobre,basal,3,800.0,630.79999,1.0,37.0,11,135,37266,4,1.0
98,0.0,0.0,3.632,,,7,20.07262769174459,20.07262769174459,pobre,basal,3,800.0,630.79999,1.0,37.0,12,135,37266,4,1.0
97,0.0,0.0,3.632,0.0,5.0,3,20.07262769174459,20.07262769174459,pobre,basal,2,375.0,767.0,1.0,49.0,16,135,37267,5,0.0
98,0.0,0.0,3.632,,,3,20.07262769174459,20.07262769174459,pobre,basal,2,375.0,767.0,1.0,49.0,17,135,37267,5,0.0
97,0.0,0.0,3.632,,0.0,6,20.07262769174459,20.07262769174459,pobre,basal,0,5000.0,596.34399,1.0,72.0,8,135,37268,0,
98,0.0,0.0,3.632,,,6,20.07262769174459,20.07262769174459,pobre,basal,0,5000.0,596.34399,1.0,72.0,9,135,37268,0,
97,1.0,0.0,2.793,0.0,5.0,8,13.40444159556136,13.40444159556136,no pobre,0,0,0.0,737.0,1.0,60.0,16,166,37269,5,0.0
98,1.0,0.0,2.793,0.0,6.0,8,13.40444159556136,13.40444159556136,no pobre,0,0,0.0,737.0,1.0,60.0,17,166,37269,5,0.0
97,0.0,0.0,2.793,1.0,2.0,9,13.40444159556136,13.40444159556136,pobre,0,0,1040.0,356.0,1.0,39.0,15,166,37270,2,1.0
98,0.0,0.0,2.793,0.0,2.0,9,13.40444159556136,13.40444159556136,pobre,0,0,1040.0,356.0,1.0,39.0,16,166,37270,2,1.0
97,0.0,0.0,2.793,1.0,3.0,9,13.40444159556136,13.40444159556136,pobre,0,0,1040.0,356.0,1.0,39.0,13,166,37271,3,1.0
98,0.0,0.0,2.793,1.0,4.0,9,13.40444159556136,13.40444159556136,pobre,0,0,1040.0,356.0,1.0,39.0,14,166,37271,3,1.0
97,1.0,0.0,2.793,1.0,2.0,9,13.40444159556136,13.40444159556136,pobre,0,0,1040.0,356.0,1.0,39.0,11,166,37272,2,1.0
98,1.0,0.0,2.793,1.0,3.0,9,13.40444159556136,13.40444159556136,pobre,0,0,1040.0,356.0,1.0,39.0,12,166,37272,2,1.0
97,0.0,0.0,2.793,1.0,8.0,4,13.40444159556136,13.40444159556136,pobre,0,2,0.0,701.0,0.0,64.0,14,166,37273,8,1.0
98,0.0,0.0,2.793,1.0,8.0,4,13.40444159556136,13.40444159556136,pobre,0,2,0.0,701.0,0.0,64.0,15,166,37273,8,1.0
97,1.0,0.0,2.793,0.0,1.0,4,13.40444159556136,13.40444159556136,pobre,0,0,1000.0,676.0,1.0,42.0,9,166,37274,1,0.0
98,1.0,0.0,2.793,,,4,13.40444159556136,13.40444159556136,pobre,0,0,1000.0,676.0,1.0,42.0,10,166,37274,1,0.0
97,0.0,0.0,2.793,,0.0,4,13.40444159556136,13.40444159556136,pobre,0,0,1000.0,676.0,1.0,42.0,6,166,37275,0,
98,0.0,0.0,2.793,,,4,13.40444159556136,13.40444159556136,pobre,0,0,1000.0,676.0,1.0,42.0,7,166,37275,0,
97,0.0,0.0,3.632,1.0,4.0,6,20.07262769174459,20.07262769174459,pobre,basal,3,16.666666,580.0,1.0,40.0,11,135,37276,4,1.0
98,0.0,0.0,3.632,1.0,5.0,6,20.07262769174459,20.07262769174459,pobre,basal,3,16.666666,580.0,1.0,40.0,12,135,37276,4,1.0
97,1.0,0.0,3.632,1.0,2.0,6,20.07262769174459,20.07262769174459,pobre,basal,3,16.666666,580.0,1.0,40.0,9,135,37277,2,1.0
98,1.0,0.0,3.632,1.0,3.0,6,20.07262769174459,20.07262769174459,pobre,basal,3,16.666666,580.0,1.0,40.0,10,135,37277,2,1.0
97,0.0,0.0,3.632,1.0,1.0,6,20.07262769174459,20.07262769174459,pobre,basal,3,16.666666,580.0,1.0,40.0,7,135,37278,1,1.0
98,0.0,0.0,3.632,1.0,1.0,6,20.07262769174459,20.07262769174459,pobre,basal,3,16.666666,580.0,1.0,40.0,8,135,37278,1,1.0
97,0.0,0.0,3.632,0.0,10.0,9,20.07262769174459,20.07262769174459,pobre,basal,3,1000.0,666.75,1.0,42.0,16,135,37279,10,0.0
98,0.0,0.0,3.632,,,9,20.07262769174459,20.07262769174459,pobre,basal,3,1000.0,666.75,1.0,42.0,17,135,37279,10,0.0
97,1.0,0.0,3.632,0.0,6.0,9,20.07262769174459,20.07262769174459,pobre,basal,3,1000.0,666.75,1.0,42.0,15,135,37280,6,0.0
98,1.0,0.0,3.632,0.0,6.0,9,20.07262769174459,20.07262769174459,pobre,basal,3,1000.0,666.75,1.0,42.0,16,135,37280,6,0.0
97,1.0,0.0,3.632,1.0,5.0,9,20.07262769174459,20.07262769174459,pobre,basal,3,1000.0,666.75,1.0,42.0,13,135,37281,5,1.0
98,1.0,0.0,3.632,0.0,6.0,9,20.07262769174459,20.07262769174459,pobre,basal,3,1000.0,666.75,1.0,42.0,14,135,37281,5,1.0
97,0.0,0.0,3.632,0.0,6.0,9,20.07262769174459,20.07262769174459,pobre,basal,3,1000.0,666.75,1.0,42.0,12,135,37282,6,0.0
98,0.0,0.0,3.632,0.0,6.0,9,20.07262769174459,20.07262769174459,pobre,basal,3,1000.0,666.75,1.0,42.0,13,135,37282,6,0.0
97,1.0,0.0,3.632,1.0,3.0,9,20.07262769174459,20.07262769174459,pobre,basal,3,1000.0,666.75,1.0,42.0,11,135,37283,3,1.0
98,1.0,0.0,3.632,1.0,4.0,9,20.07262769174459,20.07262769174459,pobre,basal,3,1000.0,666.75,1.0,42.0,12,135,37283,3,1.0
97,1.0,0.0,3.632,1.0,3.0,7,20.07262769174459,20.07262769174459,pobre,basal,0,875.0,738.36798,1.0,52.0,12,135,37284,3,1.0
98,1.0,0.0,3.632,0.0,6.0,7,20.07262769174459,20.07262769174459,pobre,basal,0,875.0,738.36798,1.0,52.0,13,135,37284,3,1.0
97,1.0,0.0,3.632,0.0,6.0,7,20.07262769174459,20.07262769174459,pobre,basal,0,875.0,738.36798,1.0,52.0,15,135,37285,6,0.0
98,1.0,0.0,3.632,0.0,6.0,7,20.07262769174459,20.07262769174459,pobre,basal,0,875.0,738.36798,1.0,52.0,16,135,37285,6,0.0
97,1.0,0.0,3.632,1.0,2.0,7,20.07262769174459,20.07262769174459,pobre,basal,0,875.0,738.36798,1.0,52.0,8,135,37286,2,1.0
98,1.0,0.0,3.632,1.0,3.0,7,20.07262769174459,20.07262769174459,pobre,basal,0,875.0,738.36798,1.0,52.0,9,135,37286,2,1.0
97,0.0,0.0,0.0,0.0,9.0,5,16.48723207515607,16.48723207515607,pobre,basal,9,1600.0,689.0,1.0,19.0,15,160,37287,9,0.0
98,0.0,0.0,0.0,,,5,16.48723207515607,16.48723207515607,pobre,basal,9,1600.0,689.0,1.0,19.0,16,160,37287,9,0.0
97,1.0,0.0,0.0,1.0,6.0,5,16.48723207515607,16.48723207515607,pobre,basal,9,1600.0,689.0,1.0,19.0,13,160,37288,6,1.0
98,1.0,0.0,0.0,,,5,16.48723207515607,16.48723207515607,pobre,basal,9,1600.0,689.0,1.0,19.0,14,160,37288,6,1.0
97,1.0,0.0,0.0,1.0,6.0,5,16.48723207515607,16.48723207515607,pobre,basal,9,1600.0,689.0,1.0,19.0,13,160,37289,6,1.0
98,1.0,0.0,0.0,,,5,16.48723207515607,16.48723207515607,pobre,basal,9,1600.0,689.0,1.0,19.0,14,160,37289,6,1.0
97,0.0,0.0,0.0,0.0,9.0,7,16.48723207515607,16.48723207515607,pobre,basal,3,350.0,559.0,1.0,58.0,16,160,37290,9,0.0
98,0.0,0.0,0.0,,,7,16.48723207515607,16.48723207515607,pobre,basal,3,350.0,559.0,1.0,58.0,17,160,37290,9,0.0
97,0.0,0.0,0.0,0.0,9.0,7,16.48723207515607,16.48723207515607,pobre,basal,3,350.0,559.0,1.0,58.0,14,160,37291,9,0.0
98,0.0,0.0,0.0,0.0,9.0,7,16.48723207515607,16.48723207515607,pobre,basal,3,350.0,559.0,1.0,58.0,15,160,37291,9,0.0
97,1.0,0.0,0.0,1.0,7.0,7,16.48723207515607,16.48723207515607,pobre,basal,3,350.0,559.0,1.0,58.0,12,160,37292,7,1.0
98,1.0,0.0,0.0,1.0,8.0,7,16.48723207515607,16.48723207515607,pobre,basal,3,350.0,559.0,1.0,58.0,13,160,37292,7,1.0
97,1.0,0.0,0.0,1.0,6.0,4,88.81916583498526,346.1847535232495,pobre,0,1,500.0,758.0,1.0,41.0,12,485,37293,6,1.0
98,1.0,0.0,0.0,1.0,7.0,4,88.81916583498526,346.1847535232495,pobre,0,1,500.0,758.0,1.0,41.0,13,485,37293,6,1.0
97,1.0,0.0,0.0,1.0,4.0,4,88.81916583498526,346.1847535232495,pobre,0,1,500.0,758.0,1.0,41.0,11,485,37294,4,1.0
98,1.0,0.0,0.0,1.0,5.0,4,88.81916583498526,346.1847535232495,pobre,0,1,500.0,758.0,1.0,41.0,12,485,37294,4,1.0
97,1.0,0.0,0.0,0.0,6.0,7,88.81916583498526,346.1847535232495,pobre,0,1,500.0,903.41699,1.0,57.0,16,485,37295,6,0.0
98,1.0,0.0,0.0,,,7,88.81916583498526,346.1847535232495,pobre,0,1,500.0,903.41699,1.0,57.0,17,485,37295,6,0.0
97,0.0,0.0,0.0,1.0,8.0,7,88.81916583498526,346.1847535232495,pobre,0,1,500.0,903.41699,1.0,57.0,15,485,37296,8,1.0
98,0.0,0.0,0.0,0.0,9.0,7,88.81916583498526,346.1847535232495,pobre,0,1,500.0,903.41699,1.0,57.0,16,485,37296,8,1.0
97,0.0,0.0,0.0,1.0,3.0,6,88.81916583498526,346.1847535232495,pobre,0,2,500.0,519.0,1.0,47.0,10,485,37297,3,1.0
98,0.0,0.0,0.0,1.0,4.0,6,88.81916583498526,346.1847535232495,pobre,0,2,500.0,519.0,1.0,47.0,11,485,37297,3,1.0
97,0.0,0.0,0.0,1.0,1.0,6,88.81916583498526,346.1847535232495,pobre,0,2,500.0,519.0,1.0,47.0,8,485,37298,1,1.0
98,0.0,0.0,0.0,1.0,2.0,6,88.81916583498526,346.1847535232495,pobre,0,2,500.0,519.0,1.0,47.0,9,485,37298,1,1.0
97,0.0,1.0,2.734,0.0,6.0,6,150.8561785980757,280.2393910837059,pobre,0,6,200.0,813.0,1.0,42.0,16,429,37299,6,0.0
98,0.0,1.0,2.734,,,6,150.8561785980757,280.2393910837059,pobre,0,6,200.0,813.0,1.0,42.0,17,429,37299,6,0.0
97,1.0,1.0,2.734,1.0,8.0,6,150.8561785980757,280.2393910837059,pobre,0,6,200.0,813.0,1.0,42.0,14,429,37300,8,1.0
98,1.0,1.0,2.734,1.0,9.0,6,150.8561785980757,280.2393910837059,pobre,0,6,200.0,813.0,1.0,42.0,15,429,37300,8,1.0
97,0.0,1.0,2.734,1.0,8.0,6,150.8561785980757,280.2393910837059,pobre,0,6,625.0,673.0,1.0,40.0,15,429,37301,8,1.0
98,0.0,1.0,2.734,,,6,150.8561785980757,280.2393910837059,pobre,0,6,625.0,673.0,1.0,40.0,16,429,37301,8,1.0
97,0.0,1.0,2.734,1.0,6.0,6,150.8561785980757,280.2393910837059,pobre,0,6,625.0,673.0,1.0,40.0,12,429,37302,6,1.0
98,0.0,1.0,2.734,1.0,7.0,6,150.8561785980757,280.2393910837059,pobre,0,6,625.0,673.0,1.0,40.0,13,429,37302,6,1.0
97,0.0,1.0,2.734,1.0,7.0,4,150.8561785980757,280.2393910837059,pobre,0,6,625.0,693.0,1.0,33.0,13,429,37303,7,1.0
98,0.0,1.0,2.734,1.0,8.0,4,150.8561785980757,280.2393910837059,pobre,0,6,625.0,693.0,1.0,33.0,14,429,37303,7,1.0
97,0.0,1.0,2.734,1.0,1.0,4,150.8561785980757,280.2393910837059,pobre,0,6,625.0,693.0,1.0,33.0,7,429,37304,1,1.0
98,0.0,1.0,2.734,1.0,2.0,4,150.8561785980757,280.2393910837059,pobre,0,6,625.0,693.0,1.0,33.0,8,429,37304,1,1.0
97,1.0,0.0,0.0,1.0,8.0,10,88.81916583498526,346.1847535232495,pobre,0,2,0.0,558.0,1.0,82.0,14,485,37305,8,1.0
98,1.0,0.0,0.0,1.0,9.0,10,88.81916583498526,346.1847535232495,pobre,0,2,0.0,558.0,1.0,82.0,15,485,37305,8,1.0
97,0.0,0.0,0.0,1.0,4.0,10,88.81916583498526,346.1847535232495,pobre,0,2,0.0,558.0,1.0,82.0,11,485,37306,4,1.0
98,0.0,0.0,0.0,1.0,5.0,10,88.81916583498526,346.1847535232495,pobre,0,2,0.0,558.0,1.0,82.0,12,485,37306,4,1.0
97,1.0,0.0,0.0,1.0,0.0,10,88.81916583498526,346.1847535232495,pobre,0,2,0.0,558.0,1.0,82.0,7,485,37307,0,1.0
98,1.0,0.0,0.0,1.0,0.0,10,88.81916583498526,346.1847535232495,pobre,0,2,0.0,558.0,1.0,82.0,8,485,37307,0,1.0
97,1.0,0.0,0.0,1.0,6.0,7,88.81916583498526,346.1847535232495,pobre,0,3,500.0,477.0,1.0,38.0,13,485,37308,6,1.0
98,1.0,0.0,0.0,1.0,7.0,7,88.81916583498526,346.1847535232495,pobre,0,3,500.0,477.0,1.0,38.0,14,485,37308,6,1.0
97,0.0,0.0,0.0,1.0,5.0,7,88.81916583498526,346.1847535232495,pobre,0,3,500.0,477.0,1.0,38.0,11,485,37309,5,1.0
98,0.0,0.0,0.0,0.0,6.0,7,88.81916583498526,346.1847535232495,pobre,0,3,500.0,477.0,1.0,38.0,12,485,37309,5,1.0
97,1.0,0.0,0.0,1.0,2.0,7,88.81916583498526,346.1847535232495,pobre,0,3,500.0,477.0,1.0,38.0,8,485,37310,2,1.0
98,1.0,0.0,0.0,1.0,3.0,7,88.81916583498526,346.1847535232495,pobre,0,3,500.0,477.0,1.0,38.0,9,485,37310,2,1.0
97,0.0,0.0,0.0,1.0,0.0,7,88.81916583498526,346.1847535232495,pobre,0,3,500.0,477.0,1.0,38.0,6,485,37311,0,1.0
98,0.0,0.0,0.0,1.0,1.0,7,88.81916583498526,346.1847535232495,pobre,0,3,500.0,477.0,1.0,38.0,7,485,37311,0,1.0
97,1.0,0.0,0.0,1.0,10.0,5,82.98141940423264,146.3419564621891,pobre,0,6,0.0,738.0,1.0,45.0,16,354,37312,10,1.0
98,1.0,0.0,0.0,,,5,82.98141940423264,146.3419564621891,pobre,0,6,0.0,738.0,1.0,45.0,17,354,37312,10,1.0
97,1.0,0.0,0.0,1.0,7.0,5,82.98141940423264,146.3419564621891,pobre,0,6,0.0,738.0,1.0,45.0,14,354,37313,7,1.0
98,1.0,0.0,0.0,1.0,8.0,5,82.98141940423264,146.3419564621891,pobre,0,6,0.0,738.0,1.0,45.0,15,354,37313,7,1.0
97,1.0,0.0,0.0,1.0,6.0,5,82.98141940423264,146.3419564621891,pobre,0,6,0.0,738.0,1.0,45.0,12,354,37314,6,1.0
98,1.0,0.0,0.0,1.0,7.0,5,82.98141940423264,146.3419564621891,pobre,0,6,0.0,738.0,1.0,45.0,13,354,37314,6,1.0
97,1.0,0.0,0.0,1.0,1.0,5,82.98141940423264,146.3419564621891,pobre,0,4,5250.0,799.0,1.0,34.0,8,354,37315,1,1.0
98,1.0,0.0,0.0,1.0,1.0,5,82.98141940423264,146.3419564621891,pobre,0,4,5250.0,799.0,1.0,34.0,9,354,37315,1,1.0
97,0.0,0.0,0.0,1.0,0.0,5,82.98141940423264,146.3419564621891,pobre,0,4,5250.0,799.0,1.0,34.0,6,354,37316,0,1.0
98,0.0,0.0,0.0,1.0,1.0,5,82.98141940423264,146.3419564621891,pobre,0,4,5250.0,799.0,1.0,34.0,7,354,37316,0,1.0
97,1.0,0.0,0.0,0.0,9.0,7,67.72794258129804,180.2667626121013,pobre,basal,3,0.0,756.0,1.0,40.0,16,353,37317,9,0.0
98,1.0,0.0,0.0,0.0,9.0,7,67.72794258129804,180.2667626121013,pobre,basal,3,0.0,756.0,1.0,40.0,17,353,37317,9,0.0
97,1.0,0.0,0.0,1.0,6.0,7,67.72794258129804,180.2667626121013,pobre,basal,3,0.0,756.0,1.0,40.0,13,353,37318,6,1.0
98,1.0,0.0,0.0,1.0,7.0,7,67.72794258129804,180.2667626121013,pobre,basal,3,0.0,756.0,1.0,40.0,14,353,37318,6,1.0
97,1.0,0.0,0.0,1.0,4.0,7,67.72794258129804,180.2667626121013,pobre,basal,3,0.0,756.0,1.0,40.0,12,353,37319,4,1.0
98,1.0,0.0,0.0,1.0,4.0,7,67.72794258129804,180.2667626121013,pobre,basal,3,0.0,756.0,1.0,40.0,13,353,37319,4,1.0
97,1.0,0.0,0.0,,0.0,5,67.72794258129804,180.2667626121013,pobre,basal,4,0.0,839.0,0.0,42.0,16,353,37320,0,
98,1.0,0.0,0.0,,,5,67.72794258129804,180.2667626121013,pobre,basal,4,0.0,839.0,0.0,42.0,17,353,37320,0,
97,1.0,0.0,0.0,1.0,5.0,5,67.72794258129804,180.2667626121013,pobre,basal,4,0.0,839.0,0.0,42.0,12,353,37321,5,1.0
98,1.0,0.0,0.0,1.0,6.0,5,67.72794258129804,180.2667626121013,pobre,basal,4,0.0,839.0,0.0,42.0,13,353,37321,5,1.0
97,1.0,0.0,0.0,1.0,0.0,5,16.48723207515607,16.48723207515607,pobre,basal,9,1000.0,644.0,1.0,27.0,6,160,37322,0,1.0
98,1.0,0.0,0.0,1.0,1.0,5,16.48723207515607,16.48723207515607,pobre,basal,9,1000.0,644.0,1.0,27.0,7,160,37322,0,1.0
97,0.0,0.0,0.0,1.0,7.0,5,16.48723207515607,16.48723207515607,pobre,basal,6,500.0,685.0,1.0,50.0,12,160,37323,7,1.0
98,0.0,0.0,0.0,1.0,8.0,5,16.48723207515607,16.48723207515607,pobre,basal,6,500.0,685.0,1.0,50.0,13,160,37323,7,1.0
97,0.0,0.0,5.1719999,1.0,5.0,6,101.6961656792441,359.7744566831046,pobre,0,3,625.0,890.0,1.0,36.0,12,488,37324,5,1.0
98,0.0,0.0,5.1719999,1.0,6.0,6,101.6961656792441,359.7744566831046,pobre,0,3,625.0,890.0,1.0,36.0,13,488,37324,5,1.0
97,1.0,0.0,5.1719999,1.0,2.0,6,101.6961656792441,359.7744566831046,pobre,0,3,625.0,890.0,1.0,36.0,8,488,37325,2,1.0
98,1.0,0.0,5.1719999,1.0,3.0,6,101.6961656792441,359.7744566831046,pobre,0,3,625.0,890.0,1.0,36.0,9,488,37325,2,1.0
97,0.0,0.0,5.1719999,1.0,0.0,6,101.6961656792441,359.7744566831046,pobre,0,3,625.0,890.0,1.0,36.0,6,488,37326,0,1.0
98,0.0,0.0,5.1719999,,,6,101.6961656792441,359.7744566831046,pobre,0,3,625.0,890.0,1.0,36.0,7,488,37326,0,1.0
97,1.0,0.0,0.0,1.0,1.0,6,16.48723207515607,16.48723207515607,pobre,basal,6,600.0,595.0,1.0,31.0,7,160,37327,1,1.0
98,1.0,0.0,0.0,1.0,2.0,6,16.48723207515607,16.48723207515607,pobre,basal,6,600.0,595.0,1.0,31.0,8,160,37327,1,1.0
97,0.0,0.0,0.0,1.0,1.0,6,16.48723207515607,16.48723207515607,pobre,basal,6,600.0,595.0,1.0,31.0,6,160,37328,1,1.0
98,0.0,0.0,0.0,1.0,1.0,6,16.48723207515607,16.48723207515607,pobre,basal,6,600.0,595.0,1.0,31.0,7,160,37328,1,1.0
97,1.0,0.0,4.4710002,0.0,4.0,9,71.52226309497719,71.52226309497719,pobre,0,3,800.0,732.57141,0.0,37.0,16,173,37329,4,0.0
98,1.0,0.0,4.4710002,,,9,71.52226309497719,71.52226309497719,pobre,0,3,800.0,732.57141,0.0,37.0,17,173,37329,4,0.0
97,1.0,0.0,4.4710002,0.0,6.0,9,71.52226309497719,71.52226309497719,pobre,0,3,800.0,732.57141,0.0,37.0,13,173,37330,6,0.0
98,1.0,0.0,4.4710002,0.0,6.0,9,71.52226309497719,71.52226309497719,pobre,0,3,800.0,732.57141,0.0,37.0,14,173,37330,6,0.0
97,0.0,0.0,4.4710002,1.0,2.0,9,71.52226309497719,71.52226309497719,pobre,0,3,800.0,732.57141,0.0,37.0,7,173,37331,2,1.0
98,0.0,0.0,4.4710002,1.0,3.0,9,71.52226309497719,71.52226309497719,pobre,0,3,800.0,732.57141,0.0,37.0,8,173,37331,2,1.0
97,1.0,0.0,4.4710002,1.0,4.0,10,71.52226309497719,71.52226309497719,no pobre,0,0,720.0,716.09399,1.0,60.0,9,173,37332,4,1.0
98,1.0,0.0,4.4710002,1.0,5.0,10,71.52226309497719,71.52226309497719,no pobre,0,0,720.0,716.09399,1.0,60.0,10,173,37332,4,1.0
97,1.0,0.0,4.4710002,0.0,7.0,5,71.52226309497719,71.52226309497719,pobre,0,6,1200.0,695.0,1.0,40.0,16,173,37333,7,0.0
98,1.0,0.0,4.4710002,0.0,8.0,5,71.52226309497719,71.52226309497719,pobre,0,6,1200.0,695.0,1.0,40.0,17,173,37333,7,0.0
97,0.0,0.0,4.4710002,0.0,6.0,5,71.52226309497719,71.52226309497719,pobre,0,6,1200.0,695.0,1.0,40.0,14,173,37334,6,0.0
98,0.0,0.0,4.4710002,0.0,6.0,5,71.52226309497719,71.52226309497719,pobre,0,6,1200.0,695.0,1.0,40.0,15,173,37334,6,0.0
97,0.0,0.0,0.0,0.0,9.0,3,16.48723207515607,16.48723207515607,pobre,basal,1,0.0,731.0,1.0,55.0,15,160,37335,9,0.0
98,0.0,0.0,0.0,0.0,9.0,3,16.48723207515607,16.48723207515607,pobre,basal,1,0.0,731.0,1.0,55.0,16,160,37335,9,0.0
97,0.0,0.0,0.0,0.0,9.0,6,16.48723207515607,16.48723207515607,no pobre,basal,2,400.0,765.0,1.0,54.0,15,160,37336,9,0.0
98,0.0,0.0,0.0,0.0,9.0,6,16.48723207515607,16.48723207515607,no pobre,basal,2,400.0,765.0,1.0,54.0,16,160,37336,9,0.0
97,0.0,0.0,0.0,1.0,7.0,6,16.48723207515607,16.48723207515607,no pobre,basal,2,400.0,765.0,1.0,54.0,13,160,37337,7,1.0
98,0.0,0.0,0.0,1.0,8.0,6,16.48723207515607,16.48723207515607,no pobre,basal,2,400.0,765.0,1.0,54.0,14,160,37337,7,1.0
97,1.0,0.0,0.0,0.0,4.0,8,13.31589070824295,13.31589070824295,pobre,basal,0,1250.0,538.0,1.0,34.0,12,158,37338,4,0.0
98,1.0,0.0,0.0,1.0,4.0,8,13.31589070824295,13.31589070824295,pobre,basal,0,1250.0,538.0,1.0,34.0,13,158,37338,4,0.0
97,0.0,0.0,0.0,1.0,3.0,8,13.31589070824295,13.31589070824295,pobre,basal,0,1250.0,538.0,1.0,34.0,9,158,37339,3,1.0
98,0.0,0.0,0.0,1.0,4.0,8,13.31589070824295,13.31589070824295,pobre,basal,0,1250.0,538.0,1.0,34.0,10,158,37339,3,1.0
97,0.0,0.0,0.0,1.0,1.0,8,13.31589070824295,13.31589070824295,pobre,basal,0,1250.0,538.0,1.0,34.0,7,158,37340,1,1.0
98,0.0,0.0,0.0,1.0,2.0,8,13.31589070824295,13.31589070824295,pobre,basal,0,1250.0,538.0,1.0,34.0,8,158,37340,1,1.0
97,0.0,0.0,0.0,1.0,0.0,8,13.31589070824295,13.31589070824295,pobre,basal,0,1250.0,538.0,1.0,34.0,6,158,37341,0,1.0
98,0.0,0.0,0.0,1.0,1.0,8,13.31589070824295,13.31589070824295,pobre,basal,0,1250.0,538.0,1.0,34.0,7,158,37341,0,1.0
97,1.0,1.0,2.734,1.0,10.0,6,150.8561785980757,280.2393910837059,pobre,0,13,2400.0,910.0,1.0,36.0,16,429,37342,10,1.0
98,1.0,1.0,2.734,,,6,150.8561785980757,280.2393910837059,pobre,0,13,2400.0,910.0,1.0,36.0,17,429,37342,10,1.0
97,1.0,1.0,2.734,0.0,6.0,6,150.8561785980757,280.2393910837059,pobre,0,13,2400.0,910.0,1.0,36.0,12,429,37343,6,0.0
98,1.0,1.0,2.734,1.0,7.0,6,150.8561785980757,280.2393910837059,pobre,0,13,2400.0,910.0,1.0,36.0,13,429,37343,6,0.0
97,0.0,1.0,2.734,1.0,3.0,6,150.8561785980757,280.2393910837059,pobre,0,13,2400.0,910.0,1.0,36.0,9,429,37344,3,1.0
98,0.0,1.0,2.734,1.0,4.0,6,150.8561785980757,280.2393910837059,pobre,0,13,2400.0,910.0,1.0,36.0,10,429,37344,3,1.0
97,0.0,1.0,2.734,1.0,1.0,6,150.8561785980757,280.2393910837059,pobre,0,13,2400.0,910.0,1.0,36.0,7,429,37345,1,1.0
98,0.0,1.0,2.734,1.0,2.0,6,150.8561785980757,280.2393910837059,pobre,0,13,2400.0,910.0,1.0,36.0,8,429,37345,1,1.0
97,0.0,1.0,2.734,1.0,9.0,5,150.8561785980757,280.2393910837059,pobre,0,1,500.0,799.0,1.0,59.0,15,429,37346,9,1.0
98,0.0,1.0,2.734,,,5,150.8561785980757,280.2393910837059,pobre,0,1,500.0,799.0,1.0,59.0,16,429,37346,9,1.0
97,1.0,0.0,2.404,1.0,1.0,4,38.771272631569,81.57272490935685,no pobre,0,0,0.0,848.0,0.0,77.0,7,476,37347,1,1.0
98,1.0,0.0,2.404,1.0,2.0,4,38.771272631569,81.57272490935685,no pobre,0,0,0.0,848.0,0.0,77.0,8,476,37347,1,1.0
97,0.0,0.0,2.404,1.0,3.0,3,38.771272631569,81.57272490935685,pobre,0,4,750.0,895.0,1.0,39.0,10,476,37348,3,1.0
98,0.0,0.0,2.404,1.0,4.0,3,38.771272631569,81.57272490935685,pobre,0,4,750.0,895.0,1.0,39.0,11,476,37348,3,1.0
97,1.0,0.0,2.404,1.0,7.0,7,38.771272631569,81.57272490935685,no pobre,0,3,750.0,1016.0,1.0,50.0,16,476,37349,7,1.0
98,1.0,0.0,2.404,1.0,8.0,7,38.771272631569,81.57272490935685,no pobre,0,3,750.0,1016.0,1.0,50.0,17,476,37349,7,1.0
97,0.0,0.0,2.404,1.0,7.0,4,38.771272631569,81.57272490935685,pobre,0,3,1200.0,895.0,1.0,43.0,15,476,37350,7,1.0
98,0.0,0.0,2.404,,,4,38.771272631569,81.57272490935685,pobre,0,3,1200.0,895.0,1.0,43.0,16,476,37350,7,1.0
97,0.0,1.0,2.734,1.0,7.0,6,150.8561785980757,280.2393910837059,pobre,0,6,500.0,770.0,1.0,43.0,12,429,37351,7,1.0
98,0.0,1.0,2.734,1.0,8.0,6,150.8561785980757,280.2393910837059,pobre,0,6,500.0,770.0,1.0,43.0,13,429,37351,7,1.0
97,1.0,1.0,2.734,1.0,4.0,6,150.8561785980757,280.2393910837059,pobre,0,6,500.0,770.0,1.0,43.0,11,429,37352,4,1.0
98,1.0,1.0,2.734,1.0,5.0,6,150.8561785980757,280.2393910837059,pobre,0,6,500.0,770.0,1.0,43.0,12,429,37352,4,1.0
97,0.0,0.0,2.404,1.0,3.0,5,38.771272631569,81.57272490935685,no pobre,0,6,750.0,927.0,1.0,42.0,9,476,37353,3,1.0
98,0.0,0.0,2.404,1.0,4.0,5,38.771272631569,81.57272490935685,no pobre,0,6,750.0,927.0,1.0,42.0,10,476,37353,3,1.0
97,0.0,0.0,2.404,1.0,1.0,5,38.771272631569,81.57272490935685,no pobre,0,6,750.0,927.0,1.0,42.0,8,476,37354,1,1.0
98,0.0,0.0,2.404,1.0,2.0,5,38.771272631569,81.57272490935685,no pobre,0,6,750.0,927.0,1.0,42.0,9,476,37354,1,1.0
97,0.0,0.0,2.404,1.0,5.0,5,38.771272631569,81.57272490935685,pobre,0,8,750.0,738.61298,1.0,34.0,12,476,37355,5,1.0
98,0.0,0.0,2.404,1.0,6.0,5,38.771272631569,81.57272490935685,pobre,0,8,750.0,738.61298,1.0,34.0,13,476,37355,5,1.0
97,0.0,0.0,2.404,1.0,4.0,5,38.771272631569,81.57272490935685,pobre,0,8,750.0,738.61298,1.0,34.0,11,476,37356,4,1.0
98,0.0,0.0,2.404,1.0,5.0,5,38.771272631569,81.57272490935685,pobre,0,8,750.0,738.61298,1.0,34.0,12,476,37356,4,1.0
97,1.0,0.0,2.404,1.0,0.0,5,38.771272631569,81.57272490935685,pobre,0,8,750.0,738.61298,1.0,34.0,8,476,37357,0,1.0
98,1.0,0.0,2.404,1.0,1.0,5,38.771272631569,81.57272490935685,pobre,0,8,750.0,738.61298,1.0,34.0,9,476,37357,0,1.0
97,1.0,0.0,2.404,0.0,9.0,3,38.771272631569,81.57272490935685,no pobre,0,6,0.0,1141.0,1.0,57.0,16,476,37358,9,0.0
98,1.0,0.0,2.404,,,3,38.771272631569,81.57272490935685,no pobre,0,6,0.0,1141.0,1.0,57.0,17,476,37358,9,0.0
97,0.0,0.0,2.404,0.0,4.0,8,38.771272631569,81.57272490935685,no pobre,0,3,0.0,1004.0,1.0,86.0,15,476,37359,4,0.0
98,0.0,0.0,2.404,0.0,5.0,8,38.771272631569,81.57272490935685,no pobre,0,3,0.0,1004.0,1.0,86.0,16,476,37359,4,0.0
97,0.0,0.0,2.404,1.0,2.0,8,38.771272631569,81.57272490935685,no pobre,0,3,0.0,1004.0,1.0,86.0,9,476,37360,2,1.0
98,0.0,0.0,2.404,1.0,3.0,8,38.771272631569,81.57272490935685,no pobre,0,3,0.0,1004.0,1.0,86.0,10,476,37360,2,1.0
97,0.0,0.0,0.0,0.0,9.0,4,13.31589070824295,13.31589070824295,pobre,basal,2,600.0,736.0,1.0,43.0,16,158,37361,9,0.0
98,0.0,0.0,0.0,,,4,13.31589070824295,13.31589070824295,pobre,basal,2,600.0,736.0,1.0,43.0,17,158,37361,9,0.0
97,0.0,0.0,0.0,1.0,4.0,5,13.31589070824295,13.31589070824295,no pobre,basal,3,560.0,746.5,1.0,32.0,9,158,37362,4,1.0
98,0.0,0.0,0.0,1.0,4.0,5,13.31589070824295,13.31589070824295,no pobre,basal,3,560.0,746.5,1.0,32.0,10,158,37362,4,1.0
97,0.0,0.0,0.0,1.0,2.0,6,13.31589070824295,13.31589070824295,pobre,basal,3,800.0,578.0,1.0,55.0,8,158,37363,2,1.0
98,0.0,0.0,0.0,1.0,3.0,6,13.31589070824295,13.31589070824295,pobre,basal,3,800.0,578.0,1.0,55.0,9,158,37363,2,1.0
97,0.0,0.0,0.0,1.0,1.0,6,13.31589070824295,13.31589070824295,pobre,basal,3,800.0,578.0,1.0,55.0,7,158,37364,1,1.0
98,0.0,0.0,0.0,1.0,2.0,6,13.31589070824295,13.31589070824295,pobre,basal,3,800.0,578.0,1.0,55.0,8,158,37364,1,1.0
97,1.0,0.0,0.0,1.0,6.0,5,13.31589070824295,13.31589070824295,pobre,basal,4,280.0,653.0,1.0,48.0,12,158,37365,6,1.0
98,1.0,0.0,0.0,1.0,7.0,5,13.31589070824295,13.31589070824295,pobre,basal,4,280.0,653.0,1.0,48.0,13,158,37365,6,1.0
97,0.0,0.0,0.0,1.0,3.0,5,13.31589070824295,13.31589070824295,pobre,basal,4,280.0,653.0,1.0,48.0,10,158,37366,3,1.0
98,0.0,0.0,0.0,1.0,5.0,5,13.31589070824295,13.31589070824295,pobre,basal,4,280.0,653.0,1.0,48.0,11,158,37366,3,1.0
97,1.0,0.0,0.0,1.0,0.0,5,13.31589070824295,13.31589070824295,pobre,basal,4,280.0,653.0,1.0,48.0,6,158,37367,0,1.0
98,1.0,0.0,0.0,1.0,1.0,5,13.31589070824295,13.31589070824295,pobre,basal,4,280.0,653.0,1.0,48.0,7,158,37367,0,1.0
97,1.0,0.0,0.0,1.0,8.0,9,13.31589070824295,13.31589070824295,pobre,basal,3,210.0,610.5,1.0,46.0,16,158,37368,8,1.0
98,1.0,0.0,0.0,,,9,13.31589070824295,13.31589070824295,pobre,basal,3,210.0,610.5,1.0,46.0,17,158,37368,8,1.0
97,0.0,0.0,0.0,1.0,6.0,9,13.31589070824295,13.31589070824295,pobre,basal,3,210.0,610.5,1.0,46.0,12,158,37369,6,1.0
98,0.0,0.0,0.0,1.0,7.0,9,13.31589070824295,13.31589070824295,pobre,basal,3,210.0,610.5,1.0,46.0,13,158,37369,6,1.0
97,0.0,0.0,0.0,1.0,2.0,9,13.31589070824295,13.31589070824295,pobre,basal,3,210.0,610.5,1.0,46.0,8,158,37370,2,1.0
98,0.0,0.0,0.0,1.0,3.0,9,13.31589070824295,13.31589070824295,pobre,basal,3,210.0,610.5,1.0,46.0,9,158,37370,2,1.0
97,0.0,0.0,0.0,1.0,0.0,4,13.31589070824295,13.31589070824295,pobre,basal,2,1200.0,621.0,1.0,28.0,6,158,37371,0,1.0
98,0.0,0.0,0.0,1.0,1.0,4,13.31589070824295,13.31589070824295,pobre,basal,2,1200.0,621.0,1.0,28.0,7,158,37371,0,1.0
97,1.0,0.0,0.0,1.0,0.0,3,13.31589070824295,13.31589070824295,pobre,basal,3,400.0,730.0,1.0,28.0,6,158,37372,0,1.0
98,1.0,0.0,0.0,1.0,1.0,3,13.31589070824295,13.31589070824295,pobre,basal,3,400.0,730.0,1.0,28.0,7,158,37372,0,1.0
97,1.0,0.0,0.0,1.0,3.0,8,13.31589070824295,13.31589070824295,pobre,basal,5,600.0,673.20001,1.0,47.0,15,158,37373,3,1.0
98,1.0,0.0,0.0,1.0,9.0,8,13.31589070824295,13.31589070824295,pobre,basal,5,600.0,673.20001,1.0,47.0,16,158,37373,3,1.0
97,1.0,0.0,0.0,1.0,6.0,8,13.31589070824295,13.31589070824295,pobre,basal,5,600.0,673.20001,1.0,47.0,13,158,37374,6,1.0
98,1.0,0.0,0.0,1.0,7.0,8,13.31589070824295,13.31589070824295,pobre,basal,5,600.0,673.20001,1.0,47.0,14,158,37374,6,1.0
97,0.0,0.0,0.0,1.0,5.0,8,13.31589070824295,13.31589070824295,pobre,basal,5,600.0,673.20001,1.0,47.0,11,158,37375,5,1.0
98,0.0,0.0,0.0,1.0,6.0,8,13.31589070824295,13.31589070824295,pobre,basal,5,600.0,673.20001,1.0,47.0,12,158,37375,5,1.0
97,1.0,0.0,0.0,1.0,0.0,8,13.31589070824295,13.31589070824295,pobre,basal,5,600.0,673.20001,1.0,47.0,6,158,37376,0,1.0
98,1.0,0.0,0.0,1.0,1.0,8,13.31589070824295,13.31589070824295,pobre,basal,5,600.0,673.20001,1.0,47.0,7,158,37376,0,1.0
97,0.0,0.0,0.0,1.0,7.0,6,13.31589070824295,13.31589070824295,pobre,basal,6,250.0,637.5,1.0,40.0,13,158,37377,7,1.0
98,0.0,0.0,0.0,1.0,8.0,6,13.31589070824295,13.31589070824295,pobre,basal,6,250.0,637.5,1.0,40.0,14,158,37377,7,1.0
97,1.0,0.0,0.0,1.0,3.0,6,13.31589070824295,13.31589070824295,pobre,basal,6,250.0,637.5,1.0,40.0,9,158,37378,3,1.0
98,1.0,0.0,0.0,1.0,4.0,6,13.31589070824295,13.31589070824295,pobre,basal,6,250.0,637.5,1.0,40.0,10,158,37378,3,1.0
97,0.0,0.0,0.0,1.0,1.0,6,13.31589070824295,13.31589070824295,pobre,basal,6,250.0,637.5,1.0,40.0,7,158,37379,1,1.0
98,0.0,0.0,0.0,1.0,2.0,6,13.31589070824295,13.31589070824295,pobre,basal,6,250.0,637.5,1.0,40.0,8,158,37379,1,1.0
97,0.0,0.0,0.0,1.0,0.0,6,13.31589070824295,13.31589070824295,pobre,basal,6,250.0,637.5,1.0,40.0,6,158,37380,0,1.0
98,0.0,0.0,0.0,1.0,1.0,6,13.31589070824295,13.31589070824295,pobre,basal,6,250.0,637.5,1.0,40.0,7,158,37380,0,1.0
97,0.0,0.0,2.734,1.0,6.0,6,150.8561785980757,280.2393910837059,pobre,0,1,0.0,664.0,1.0,74.0,14,429,37381,6,1.0
98,0.0,0.0,2.734,1.0,7.0,6,150.8561785980757,280.2393910837059,pobre,0,1,0.0,664.0,1.0,74.0,15,429,37381,6,1.0
97,0.0,0.0,2.734,1.0,1.0,6,150.8561785980757,280.2393910837059,pobre,0,1,0.0,664.0,1.0,74.0,7,429,37382,1,1.0
98,0.0,0.0,2.734,1.0,2.0,6,150.8561785980757,280.2393910837059,pobre,0,1,0.0,664.0,1.0,74.0,8,429,37382,1,1.0
97,1.0,0.0,5.1719999,1.0,8.0,4,101.6961656792441,359.7744566831046,pobre,0,6,375.0,887.43103,1.0,47.0,13,488,37383,8,1.0
98,1.0,0.0,5.1719999,1.0,9.0,4,101.6961656792441,359.7744566831046,pobre,0,6,375.0,887.43103,1.0,47.0,14,488,37383,8,1.0
97,1.0,0.0,5.1719999,1.0,2.0,4,101.6961656792441,359.7744566831046,pobre,0,6,375.0,887.43103,1.0,47.0,9,488,37384,2,1.0
98,1.0,0.0,5.1719999,1.0,3.0,4,101.6961656792441,359.7744566831046,pobre,0,6,375.0,887.43103,1.0,47.0,10,488,37384,2,1.0
97,1.0,1.0,2.734,1.0,2.0,5,150.8561785980757,280.2393910837059,pobre,0,6,625.0,556.0,1.0,39.0,8,429,37385,2,1.0
98,1.0,1.0,2.734,1.0,2.0,5,150.8561785980757,280.2393910837059,pobre,0,6,625.0,556.0,1.0,39.0,9,429,37385,2,1.0
97,1.0,1.0,2.734,1.0,6.0,9,150.8561785980757,280.2393910837059,pobre,0,4,500.0,765.75,1.0,48.0,13,429,37386,6,1.0
98,1.0,1.0,2.734,1.0,7.0,9,150.8561785980757,280.2393910837059,pobre,0,4,500.0,765.75,1.0,48.0,14,429,37386,6,1.0
97,0.0,1.0,2.734,1.0,0.0,9,150.8561785980757,280.2393910837059,pobre,0,4,500.0,765.75,1.0,48.0,6,429,37387,0,1.0
98,0.0,1.0,2.734,1.0,0.0,9,150.8561785980757,280.2393910837059,pobre,0,4,500.0,765.75,1.0,48.0,7,429,37387,0,1.0
97,1.0,0.0,5.1719999,1.0,7.0,7,101.6961656792441,359.7744566831046,pobre,0,2,100.0,628.0,1.0,42.0,15,488,37388,7,1.0
98,1.0,0.0,5.1719999,1.0,7.0,7,101.6961656792441,359.7744566831046,pobre,0,2,100.0,628.0,1.0,42.0,16,488,37388,7,1.0
97,0.0,0.0,5.1719999,1.0,3.0,7,101.6961656792441,359.7744566831046,pobre,0,2,100.0,628.0,1.0,42.0,13,488,37389,3,1.0
98,0.0,0.0,5.1719999,1.0,6.0,7,101.6961656792441,359.7744566831046,pobre,0,2,100.0,628.0,1.0,42.0,14,488,37389,3,1.0
97,0.0,0.0,5.1719999,1.0,2.0,7,101.6961656792441,359.7744566831046,pobre,0,2,100.0,628.0,1.0,42.0,11,488,37390,2,1.0
98,0.0,0.0,5.1719999,1.0,3.0,7,101.6961656792441,359.7744566831046,pobre,0,2,100.0,628.0,1.0,42.0,12,488,37390,2,1.0
97,0.0,0.0,5.1719999,1.0,0.0,7,101.6961656792441,359.7744566831046,pobre,0,2,100.0,628.0,1.0,42.0,7,488,37391,0,1.0
98,0.0,0.0,5.1719999,,,7,101.6961656792441,359.7744566831046,pobre,0,2,100.0,628.0,1.0,42.0,8,488,37391,0,1.0
97,0.0,0.0,5.1719999,0.0,6.0,3,101.6961656792441,359.7744566831046,pobre,0,1,500.0,820.5,1.0,56.0,15,488,37392,6,0.0
98,0.0,0.0,5.1719999,,,3,101.6961656792441,359.7744566831046,pobre,0,1,500.0,820.5,1.0,56.0,16,488,37392,6,0.0
97,1.0,0.0,5.1719999,1.0,6.0,4,101.6961656792441,359.7744566831046,no pobre,0,1,200.0,1121.0,1.0,50.0,14,488,37393,6,1.0
98,1.0,0.0,5.1719999,1.0,7.0,4,101.6961656792441,359.7744566831046,no pobre,0,1,200.0,1121.0,1.0,50.0,15,488,37393,6,1.0
97,0.0,0.0,5.1719999,1.0,5.0,4,101.6961656792441,359.7744566831046,no pobre,0,1,200.0,1121.0,1.0,50.0,12,488,37394,5,1.0
98,0.0,0.0,5.1719999,1.0,6.0,4,101.6961656792441,359.7744566831046,no pobre,0,1,200.0,1121.0,1.0,50.0,13,488,37394,5,1.0
97,0.0,1.0,2.734,1.0,8.0,6,150.8561785980757,280.2393910837059,pobre,0,5,500.0,665.0,1.0,48.0,14,429,37395,8,1.0
98,0.0,1.0,2.734,1.0,9.0,6,150.8561785980757,280.2393910837059,pobre,0,5,500.0,665.0,1.0,48.0,15,429,37395,8,1.0
97,0.0,1.0,2.734,1.0,5.0,6,150.8561785980757,280.2393910837059,pobre,0,5,500.0,665.0,1.0,48.0,11,429,37396,5,1.0
98,0.0,1.0,2.734,1.0,6.0,6,150.8561785980757,280.2393910837059,pobre,0,5,500.0,665.0,1.0,48.0,12,429,37396,5,1.0
97,1.0,1.0,2.734,1.0,1.0,6,150.8561785980757,280.2393910837059,pobre,0,5,500.0,665.0,1.0,48.0,7,429,37397,1,1.0
98,1.0,1.0,2.734,,,6,150.8561785980757,280.2393910837059,pobre,0,5,500.0,665.0,1.0,48.0,8,429,37397,1,1.0
97,1.0,0.0,4.4710002,0.0,6.0,10,71.52226309497719,71.52226309497719,no pobre,0,3,800.0,802.0,1.0,58.0,16,173,37398,6,0.0
98,1.0,0.0,4.4710002,,,10,71.52226309497719,71.52226309497719,no pobre,0,3,800.0,802.0,1.0,58.0,17,173,37398,6,0.0
97,0.0,0.0,5.1719999,1.0,5.0,3,101.6961656792441,359.7744566831046,pobre,0,0,500.0,741.0,1.0,66.0,15,488,37399,5,1.0
98,0.0,0.0,5.1719999,,,3,101.6961656792441,359.7744566831046,pobre,0,0,500.0,741.0,1.0,66.0,16,488,37399,5,1.0
97,0.0,0.0,5.1719999,0.0,6.0,4,101.6961656792441,359.7744566831046,pobre,0,2,480.0,975.0,1.0,49.0,13,488,37400,6,0.0
98,0.0,0.0,5.1719999,,,4,101.6961656792441,359.7744566831046,pobre,0,2,480.0,975.0,1.0,49.0,14,488,37400,6,0.0
97,0.0,1.0,1.603,1.0,6.0,4,152.8338558863866,272.7418811337504,pobre,basal,0,500.0,755.0,1.0,47.0,12,438,37401,6,1.0
98,0.0,1.0,1.603,1.0,7.0,4,152.8338558863866,272.7418811337504,pobre,basal,0,500.0,755.0,1.0,47.0,13,438,37401,6,1.0
97,0.0,1.0,1.603,0.0,6.0,4,152.8338558863866,272.7418811337504,pobre,basal,0,500.0,755.0,1.0,47.0,14,438,37402,6,0.0
98,0.0,1.0,1.603,0.0,6.0,4,152.8338558863866,272.7418811337504,pobre,basal,0,500.0,755.0,1.0,47.0,15,438,37402,6,0.0
97,1.0,0.0,0.0,1.0,8.0,8,88.81916583498526,346.1847535232495,pobre,0,4,500.0,584.0,1.0,36.0,15,485,37403,8,1.0
98,1.0,0.0,0.0,0.0,9.0,8,88.81916583498526,346.1847535232495,pobre,0,4,500.0,584.0,1.0,36.0,16,485,37403,8,1.0
97,0.0,0.0,0.0,0.0,5.0,8,88.81916583498526,346.1847535232495,pobre,0,4,500.0,584.0,1.0,36.0,13,485,37404,5,0.0
98,0.0,0.0,0.0,0.0,2.0,8,88.81916583498526,346.1847535232495,pobre,0,4,500.0,584.0,1.0,36.0,14,485,37404,5,0.0
97,1.0,0.0,0.0,1.0,3.0,8,88.81916583498526,346.1847535232495,pobre,0,4,500.0,584.0,1.0,36.0,10,485,37405,3,1.0
98,1.0,0.0,0.0,1.0,4.0,8,88.81916583498526,346.1847535232495,pobre,0,4,500.0,584.0,1.0,36.0,11,485,37405,3,1.0
97,1.0,1.0,2.734,1.0,2.0,3,150.8561785980757,280.2393910837059,pobre,0,3,500.0,778.0,1.0,48.0,8,429,37406,2,1.0
98,1.0,1.0,2.734,1.0,3.0,3,150.8561785980757,280.2393910837059,pobre,0,3,500.0,778.0,1.0,48.0,9,429,37406,2,1.0
97,1.0,1.0,2.734,1.0,10.0,10,150.8561785980757,280.2393910837059,pobre,0,0,500.0,903.0,1.0,67.0,15,429,37407,10,1.0
98,1.0,1.0,2.734,1.0,9.0,10,150.8561785980757,280.2393910837059,pobre,0,0,500.0,903.0,1.0,67.0,16,429,37407,10,1.0
97,0.0,1.0,2.734,1.0,7.0,10,150.8561785980757,280.2393910837059,pobre,0,0,500.0,903.0,1.0,67.0,13,429,37408,7,1.0
98,0.0,1.0,2.734,1.0,8.0,10,150.8561785980757,280.2393910837059,pobre,0,0,500.0,903.0,1.0,67.0,14,429,37408,7,1.0
97,0.0,1.0,2.734,1.0,3.0,10,150.8561785980757,280.2393910837059,pobre,0,0,500.0,903.0,1.0,67.0,9,429,37409,3,1.0
98,0.0,1.0,2.734,1.0,4.0,10,150.8561785980757,280.2393910837059,pobre,0,0,500.0,903.0,1.0,67.0,10,429,37409,3,1.0
97,1.0,1.0,2.734,1.0,2.0,10,150.8561785980757,280.2393910837059,pobre,0,0,500.0,903.0,1.0,67.0,7,429,37410,2,1.0
98,1.0,1.0,2.734,1.0,3.0,10,150.8561785980757,280.2393910837059,pobre,0,0,500.0,903.0,1.0,67.0,8,429,37410,2,1.0
97,0.0,0.0,0.0,,0.0,10,88.81916583498526,346.1847535232495,pobre,0,2,500.0,747.0,1.0,61.0,16,485,37411,0,
98,0.0,0.0,0.0,,,10,88.81916583498526,346.1847535232495,pobre,0,2,500.0,747.0,1.0,61.0,17,485,37411,0,
97,0.0,0.0,0.0,1.0,8.0,10,88.81916583498526,346.1847535232495,pobre,0,2,500.0,747.0,1.0,61.0,15,485,37412,8,1.0
98,0.0,0.0,0.0,1.0,7.0,10,88.81916583498526,346.1847535232495,pobre,0,2,500.0,747.0,1.0,61.0,16,485,37412,8,1.0
97,0.0,0.0,0.0,1.0,4.0,10,88.81916583498526,346.1847535232495,pobre,0,2,500.0,747.0,1.0,61.0,12,485,37413,4,1.0
98,0.0,0.0,0.0,1.0,5.0,10,88.81916583498526,346.1847535232495,pobre,0,2,500.0,747.0,1.0,61.0,13,485,37413,4,1.0
97,0.0,1.0,2.734,1.0,7.0,3,150.8561785980757,280.2393910837059,pobre,0,2,500.0,753.0,1.0,54.0,13,429,37414,7,1.0
98,0.0,1.0,2.734,1.0,7.0,3,150.8561785980757,280.2393910837059,pobre,0,2,500.0,753.0,1.0,54.0,14,429,37414,7,1.0
97,0.0,1.0,2.734,1.0,8.0,3,150.8561785980757,280.2393910837059,pobre,0,0,0.0,861.0,0.0,54.0,15,429,37415,8,1.0
98,0.0,1.0,2.734,0.0,9.0,3,150.8561785980757,280.2393910837059,pobre,0,0,0.0,861.0,0.0,54.0,16,429,37415,8,1.0
97,1.0,1.0,2.734,1.0,5.0,3,150.8561785980757,280.2393910837059,pobre,0,0,0.0,861.0,0.0,54.0,12,429,37416,5,1.0
98,1.0,1.0,2.734,1.0,6.0,3,150.8561785980757,280.2393910837059,pobre,0,0,0.0,861.0,0.0,54.0,13,429,37416,5,1.0
97,1.0,1.0,2.734,1.0,0.0,5,150.8561785980757,280.2393910837059,pobre,0,6,500.0,522.0,1.0,29.0,6,429,37417,0,1.0
98,1.0,1.0,2.734,1.0,1.0,5,150.8561785980757,280.2393910837059,pobre,0,6,500.0,522.0,1.0,29.0,7,429,37417,0,1.0
97,0.0,1.0,1.603,1.0,6.0,5,152.8338558863866,272.7418811337504,pobre,basal,0,500.0,709.0,1.0,49.0,12,438,37418,6,1.0
98,0.0,1.0,1.603,1.0,7.0,5,152.8338558863866,272.7418811337504,pobre,basal,0,500.0,709.0,1.0,49.0,13,438,37418,6,1.0
97,0.0,1.0,1.603,1.0,3.0,5,152.8338558863866,272.7418811337504,pobre,basal,0,500.0,709.0,1.0,49.0,10,438,37419,3,1.0
98,0.0,1.0,1.603,1.0,4.0,5,152.8338558863866,272.7418811337504,pobre,basal,0,500.0,709.0,1.0,49.0,11,438,37419,3,1.0
97,1.0,1.0,1.603,1.0,2.0,5,152.8338558863866,272.7418811337504,pobre,basal,0,500.0,709.0,1.0,49.0,8,438,37420,2,1.0
98,1.0,1.0,1.603,1.0,3.0,5,152.8338558863866,272.7418811337504,pobre,basal,0,500.0,709.0,1.0,49.0,9,438,37420,2,1.0
97,0.0,1.0,1.603,1.0,6.0,7,152.8338558863866,272.7418811337504,pobre,basal,4,500.0,665.0,1.0,45.0,13,438,37421,6,1.0
98,0.0,1.0,1.603,1.0,7.0,7,152.8338558863866,272.7418811337504,pobre,basal,4,500.0,665.0,1.0,45.0,14,438,37421,6,1.0
97,0.0,1.0,1.603,1.0,4.0,7,152.8338558863866,272.7418811337504,pobre,basal,4,500.0,665.0,1.0,45.0,11,438,37422,4,1.0
98,0.0,1.0,1.603,1.0,5.0,7,152.8338558863866,272.7418811337504,pobre,basal,4,500.0,665.0,1.0,45.0,12,438,37422,4,1.0
97,0.0,1.0,1.603,1.0,1.0,7,152.8338558863866,272.7418811337504,pobre,basal,4,500.0,665.0,1.0,45.0,7,438,37423,1,1.0
98,0.0,1.0,1.603,1.0,2.0,7,152.8338558863866,272.7418811337504,pobre,basal,4,500.0,665.0,1.0,45.0,8,438,37423,1,1.0
97,1.0,1.0,1.603,1.0,4.0,6,152.8338558863866,272.7418811337504,pobre,basal,0,500.0,752.0,1.0,71.0,14,438,37424,4,1.0
98,1.0,1.0,1.603,1.0,6.0,6,152.8338558863866,272.7418811337504,pobre,basal,0,500.0,752.0,1.0,71.0,15,438,37424,4,1.0
97,0.0,1.0,1.603,1.0,1.0,6,152.8338558863866,272.7418811337504,pobre,basal,0,500.0,752.0,1.0,71.0,7,438,37425,1,1.0
98,0.0,1.0,1.603,1.0,2.0,6,152.8338558863866,272.7418811337504,pobre,basal,0,500.0,752.0,1.0,71.0,8,438,37425,1,1.0
97,0.0,1.0,2.734,1.0,8.0,8,150.8561785980757,280.2393910837059,pobre,0,6,2400.0,735.0,1.0,44.0,15,429,37426,8,1.0
98,0.0,1.0,2.734,1.0,9.0,8,150.8561785980757,280.2393910837059,pobre,0,6,2400.0,735.0,1.0,44.0,16,429,37426,8,1.0
97,0.0,1.0,2.734,1.0,4.0,8,150.8561785980757,280.2393910837059,pobre,0,6,2400.0,735.0,1.0,44.0,11,429,37427,4,1.0
98,0.0,1.0,2.734,1.0,6.0,8,150.8561785980757,280.2393910837059,pobre,0,6,2400.0,735.0,1.0,44.0,12,429,37427,4,1.0
97,0.0,1.0,2.734,1.0,3.0,8,150.8561785980757,280.2393910837059,pobre,0,6,2400.0,735.0,1.0,44.0,8,429,37428,3,1.0
98,0.0,1.0,2.734,1.0,3.0,8,150.8561785980757,280.2393910837059,pobre,0,6,2400.0,735.0,1.0,44.0,9,429,37428,3,1.0
97,1.0,1.0,2.734,1.0,0.0,5,150.8561785980757,280.2393910837059,pobre,0,6,500.0,639.0,1.0,29.0,6,429,37429,0,1.0
98,1.0,1.0,2.734,,,5,150.8561785980757,280.2393910837059,pobre,0,6,500.0,639.0,1.0,29.0,7,429,37429,0,1.0
97,0.0,1.0,2.734,1.0,7.0,6,150.8561785980757,280.2393910837059,pobre,0,6,500.0,767.0,1.0,39.0,15,429,37430,7,1.0
98,0.0,1.0,2.734,1.0,8.0,6,150.8561785980757,280.2393910837059,pobre,0,6,500.0,767.0,1.0,39.0,16,429,37430,7,1.0
97,1.0,1.0,2.734,1.0,6.0,6,150.8561785980757,280.2393910837059,pobre,0,6,500.0,767.0,1.0,39.0,13,429,37431,6,1.0
98,1.0,1.0,2.734,1.0,7.0,6,150.8561785980757,280.2393910837059,pobre,0,6,500.0,767.0,1.0,39.0,14,429,37431,6,1.0
97,1.0,0.0,0.0,1.0,4.0,3,88.81916583498526,346.1847535232495,pobre,0,3,500.0,646.0,1.0,39.0,12,485,37432,4,1.0
98,1.0,0.0,0.0,1.0,5.0,3,88.81916583498526,346.1847535232495,pobre,0,3,500.0,646.0,1.0,39.0,13,485,37432,4,1.0
97,1.0,0.0,0.0,1.0,0.0,6,88.81916583498526,346.1847535232495,pobre,0,6,500.0,613.0,1.0,35.0,9,485,37433,0,1.0
98,1.0,0.0,0.0,1.0,1.0,6,88.81916583498526,346.1847535232495,pobre,0,6,500.0,613.0,1.0,35.0,10,485,37433,0,1.0
97,0.0,0.0,0.0,1.0,0.0,6,88.81916583498526,346.1847535232495,pobre,0,6,500.0,613.0,1.0,35.0,6,485,37434,0,1.0
98,0.0,0.0,0.0,1.0,1.0,6,88.81916583498526,346.1847535232495,pobre,0,6,500.0,613.0,1.0,35.0,7,485,37434,0,1.0
97,0.0,0.0,0.0,0.0,6.0,7,16.48723207515607,16.48723207515607,pobre,basal,6,1250.0,579.5,1.0,32.0,12,160,37435,6,0.0
98,0.0,0.0,0.0,1.0,7.0,7,16.48723207515607,16.48723207515607,pobre,basal,6,1250.0,579.5,1.0,32.0,13,160,37435,6,0.0
97,1.0,0.0,0.0,1.0,5.0,7,16.48723207515607,16.48723207515607,pobre,basal,6,1250.0,579.5,1.0,32.0,11,160,37436,5,1.0
98,1.0,0.0,0.0,1.0,6.0,7,16.48723207515607,16.48723207515607,pobre,basal,6,1250.0,579.5,1.0,32.0,12,160,37436,5,1.0
97,1.0,0.0,0.0,1.0,1.0,7,16.48723207515607,16.48723207515607,pobre,basal,6,1250.0,579.5,1.0,32.0,8,160,37437,1,1.0
98,1.0,0.0,0.0,1.0,2.0,7,16.48723207515607,16.48723207515607,pobre,basal,6,1250.0,579.5,1.0,32.0,9,160,37437,1,1.0
97,1.0,0.0,0.0,1.0,0.0,7,16.48723207515607,16.48723207515607,pobre,basal,6,1250.0,579.5,1.0,32.0,6,160,37438,0,1.0
98,1.0,0.0,0.0,1.0,1.0,7,16.48723207515607,16.48723207515607,pobre,basal,6,1250.0,579.5,1.0,32.0,7,160,37438,0,1.0
97,0.0,0.0,2.4419999,0.0,3.0,3,80.280559877345,88.75607071309749,pobre,0,3,0.0,645.0,0.0,52.0,15,154,37439,3,0.0
98,0.0,0.0,2.4419999,0.0,3.0,3,80.280559877345,88.75607071309749,pobre,0,3,0.0,645.0,0.0,52.0,16,154,37439,3,0.0
97,0.0,0.0,2.4419999,1.0,2.0,3,80.280559877345,88.75607071309749,pobre,0,3,0.0,645.0,0.0,52.0,11,154,37440,2,1.0
98,0.0,0.0,2.4419999,1.0,3.0,3,80.280559877345,88.75607071309749,pobre,0,3,0.0,645.0,0.0,52.0,12,154,37440,2,1.0
97,0.0,0.0,3.632,0.0,6.0,7,20.07262769174459,20.07262769174459,pobre,basal,2,166.66667,524.0,1.0,41.0,14,135,37441,6,0.0
98,0.0,0.0,3.632,,,7,20.07262769174459,20.07262769174459,pobre,basal,2,166.66667,524.0,1.0,41.0,15,135,37441,6,0.0
97,1.0,0.0,3.632,1.0,5.0,7,20.07262769174459,20.07262769174459,pobre,basal,2,166.66667,524.0,1.0,41.0,10,135,37442,5,1.0
98,1.0,0.0,3.632,,,7,20.07262769174459,20.07262769174459,pobre,basal,2,166.66667,524.0,1.0,41.0,11,135,37442,5,1.0
97,0.0,0.0,3.632,0.0,3.0,5,20.07262769174459,20.07262769174459,no pobre,basal,4,833.33331,762.75,1.0,40.0,16,135,37443,3,0.0
98,0.0,0.0,3.632,,,5,20.07262769174459,20.07262769174459,no pobre,basal,4,833.33331,762.75,1.0,40.0,17,135,37443,3,0.0
97,0.0,0.0,0.0,0.0,9.0,11,13.31589070824295,13.31589070824295,pobre,basal,4,0.0,368.0,1.0,43.0,16,158,37444,9,0.0
98,0.0,0.0,0.0,,,11,13.31589070824295,13.31589070824295,pobre,basal,4,0.0,368.0,1.0,43.0,17,158,37444,9,0.0
97,1.0,0.0,0.0,0.0,9.0,11,13.31589070824295,13.31589070824295,pobre,basal,4,0.0,368.0,1.0,43.0,15,158,37445,9,0.0
98,1.0,0.0,0.0,1.0,9.0,11,13.31589070824295,13.31589070824295,pobre,basal,4,0.0,368.0,1.0,43.0,16,158,37445,9,0.0
97,1.0,0.0,0.0,1.0,7.0,11,13.31589070824295,13.31589070824295,pobre,basal,4,0.0,368.0,1.0,43.0,13,158,37446,7,1.0
98,1.0,0.0,0.0,1.0,8.0,11,13.31589070824295,13.31589070824295,pobre,basal,4,0.0,368.0,1.0,43.0,14,158,37446,7,1.0
97,0.0,0.0,0.0,1.0,4.0,11,13.31589070824295,13.31589070824295,pobre,basal,4,0.0,368.0,1.0,43.0,11,158,37447,4,1.0
98,0.0,0.0,0.0,1.0,5.0,11,13.31589070824295,13.31589070824295,pobre,basal,4,0.0,368.0,1.0,43.0,12,158,37447,4,1.0
97,0.0,0.0,0.0,1.0,3.0,11,13.31589070824295,13.31589070824295,pobre,basal,4,0.0,368.0,1.0,43.0,9,158,37448,3,1.0
98,0.0,0.0,0.0,1.0,4.0,11,13.31589070824295,13.31589070824295,pobre,basal,4,0.0,368.0,1.0,43.0,10,158,37448,3,1.0
97,1.0,0.0,0.0,1.0,1.0,11,13.31589070824295,13.31589070824295,pobre,basal,4,0.0,368.0,1.0,43.0,7,158,37449,1,1.0
98,1.0,0.0,0.0,1.0,2.0,11,13.31589070824295,13.31589070824295,pobre,basal,4,0.0,368.0,1.0,43.0,8,158,37449,1,1.0
97,0.0,0.0,0.0,1.0,6.0,6,13.31589070824295,13.31589070824295,no pobre,basal,0,0.0,765.0,1.0,60.0,13,158,37450,6,1.0
98,0.0,0.0,0.0,1.0,7.0,6,13.31589070824295,13.31589070824295,no pobre,basal,0,0.0,765.0,1.0,60.0,14,158,37450,6,1.0
97,1.0,0.0,1.737,0.0,9.0,6,15.95952238751799,15.95952238751799,pobre,basal,0,0.0,648.0,1.0,62.0,15,164,37451,9,0.0
98,1.0,0.0,1.737,,,6,15.95952238751799,15.95952238751799,pobre,basal,0,0.0,648.0,1.0,62.0,16,164,37451,9,0.0
97,0.0,0.0,1.737,0.0,6.0,6,15.95952238751799,15.95952238751799,pobre,basal,0,0.0,648.0,1.0,62.0,14,164,37452,6,0.0
98,0.0,0.0,1.737,0.0,6.0,6,15.95952238751799,15.95952238751799,pobre,basal,0,0.0,648.0,1.0,62.0,15,164,37452,6,0.0
97,0.0,0.0,1.737,1.0,3.0,6,15.95952238751799,15.95952238751799,pobre,basal,0,0.0,648.0,1.0,62.0,10,164,37453,3,1.0
98,0.0,0.0,1.737,1.0,4.0,6,15.95952238751799,15.95952238751799,pobre,basal,0,0.0,648.0,1.0,62.0,11,164,37453,3,1.0
97,1.0,0.0,0.0,1.0,8.0,9,16.48723207515607,16.48723207515607,pobre,basal,2,1000.0,553.0,1.0,48.0,16,160,37454,8,1.0
98,1.0,0.0,0.0,,,9,16.48723207515607,16.48723207515607,pobre,basal,2,1000.0,553.0,1.0,48.0,17,160,37454,8,1.0
97,1.0,0.0,0.0,1.0,7.0,9,16.48723207515607,16.48723207515607,pobre,basal,2,1000.0,553.0,1.0,48.0,15,160,37455,7,1.0
98,1.0,0.0,0.0,1.0,8.0,9,16.48723207515607,16.48723207515607,pobre,basal,2,1000.0,553.0,1.0,48.0,16,160,37455,7,1.0
97,1.0,0.0,0.0,1.0,5.0,9,16.48723207515607,16.48723207515607,pobre,basal,2,1000.0,553.0,1.0,48.0,12,160,37456,5,1.0
98,1.0,0.0,0.0,1.0,6.0,9,16.48723207515607,16.48723207515607,pobre,basal,2,1000.0,553.0,1.0,48.0,13,160,37456,5,1.0
97,1.0,0.0,0.0,1.0,2.0,9,16.48723207515607,16.48723207515607,pobre,basal,2,1000.0,553.0,1.0,48.0,9,160,37457,2,1.0
98,1.0,0.0,0.0,1.0,3.0,9,16.48723207515607,16.48723207515607,pobre,basal,2,1000.0,553.0,1.0,48.0,10,160,37457,2,1.0
97,0.0,0.0,0.0,1.0,0.0,9,16.48723207515607,16.48723207515607,pobre,basal,2,1000.0,553.0,1.0,48.0,6,160,37458,0,1.0
98,0.0,0.0,0.0,1.0,0.0,9,16.48723207515607,16.48723207515607,pobre,basal,2,1000.0,553.0,1.0,48.0,7,160,37458,0,1.0
97,0.0,0.0,0.0,0.0,5.0,12,16.48723207515607,16.48723207515607,pobre,basal,2,200.0,212.0,1.0,37.0,15,160,37459,5,0.0
98,0.0,0.0,0.0,0.0,5.0,12,16.48723207515607,16.48723207515607,pobre,basal,2,200.0,212.0,1.0,37.0,16,160,37459,5,0.0
97,0.0,0.0,0.0,,0.0,12,16.48723207515607,16.48723207515607,pobre,basal,2,200.0,212.0,1.0,37.0,14,160,37460,0,
98,0.0,0.0,0.0,0.0,1.0,12,16.48723207515607,16.48723207515607,pobre,basal,2,200.0,212.0,1.0,37.0,15,160,37460,0,
97,0.0,0.0,0.0,,0.0,12,16.48723207515607,16.48723207515607,pobre,basal,2,200.0,212.0,1.0,37.0,13,160,37461,0,
98,0.0,0.0,0.0,0.0,1.0,12,16.48723207515607,16.48723207515607,pobre,basal,2,200.0,212.0,1.0,37.0,14,160,37461,0,
97,0.0,0.0,0.0,1.0,4.0,12,16.48723207515607,16.48723207515607,pobre,basal,2,200.0,212.0,1.0,37.0,12,160,37462,4,1.0
98,0.0,0.0,0.0,1.0,5.0,12,16.48723207515607,16.48723207515607,pobre,basal,2,200.0,212.0,1.0,37.0,13,160,37462,4,1.0
97,0.0,0.0,0.0,1.0,2.0,12,16.48723207515607,16.48723207515607,pobre,basal,2,200.0,212.0,1.0,37.0,10,160,37463,2,1.0
98,0.0,0.0,0.0,1.0,3.0,12,16.48723207515607,16.48723207515607,pobre,basal,2,200.0,212.0,1.0,37.0,11,160,37463,2,1.0
97,1.0,0.0,0.0,1.0,2.0,12,16.48723207515607,16.48723207515607,pobre,basal,2,200.0,212.0,1.0,37.0,9,160,37464,2,1.0
98,1.0,0.0,0.0,1.0,3.0,12,16.48723207515607,16.48723207515607,pobre,basal,2,200.0,212.0,1.0,37.0,10,160,37464,2,1.0
97,0.0,0.0,0.0,,0.0,12,16.48723207515607,16.48723207515607,pobre,basal,2,200.0,212.0,1.0,37.0,7,160,37465,0,
98,0.0,0.0,0.0,,,12,16.48723207515607,16.48723207515607,pobre,basal,2,200.0,212.0,1.0,37.0,8,160,37465,0,
97,1.0,0.0,0.0,1.0,5.0,9,16.48723207515607,16.48723207515607,pobre,basal,2,800.0,350.0,1.0,41.0,12,160,37466,5,1.0
98,1.0,0.0,0.0,1.0,6.0,9,16.48723207515607,16.48723207515607,pobre,basal,2,800.0,350.0,1.0,41.0,13,160,37466,5,1.0
97,1.0,0.0,0.0,1.0,2.0,9,16.48723207515607,16.48723207515607,pobre,basal,2,800.0,350.0,1.0,41.0,10,160,37467,2,1.0
98,1.0,0.0,0.0,1.0,2.0,9,16.48723207515607,16.48723207515607,pobre,basal,2,800.0,350.0,1.0,41.0,11,160,37467,2,1.0
97,1.0,0.0,0.0,1.0,2.0,9,16.48723207515607,16.48723207515607,pobre,basal,2,800.0,350.0,1.0,41.0,9,160,37468,2,1.0
98,1.0,0.0,0.0,1.0,2.0,9,16.48723207515607,16.48723207515607,pobre,basal,2,800.0,350.0,1.0,41.0,10,160,37468,2,1.0
97,0.0,0.0,0.0,1.0,0.0,9,16.48723207515607,16.48723207515607,pobre,basal,2,800.0,350.0,1.0,41.0,7,160,37469,0,1.0
98,0.0,0.0,0.0,1.0,1.0,9,16.48723207515607,16.48723207515607,pobre,basal,2,800.0,350.0,1.0,41.0,8,160,37469,0,1.0
97,1.0,0.0,0.0,1.0,4.0,7,16.48723207515607,16.48723207515607,pobre,basal,0,800.0,401.0,1.0,32.0,11,160,37470,4,1.0
98,1.0,0.0,0.0,1.0,5.0,7,16.48723207515607,16.48723207515607,pobre,basal,0,800.0,401.0,1.0,32.0,12,160,37470,4,1.0
97,0.0,0.0,0.0,1.0,2.0,7,16.48723207515607,16.48723207515607,pobre,basal,0,800.0,401.0,1.0,32.0,9,160,37471,2,1.0
98,0.0,0.0,0.0,1.0,3.0,7,16.48723207515607,16.48723207515607,pobre,basal,0,800.0,401.0,1.0,32.0,10,160,37471,2,1.0
97,0.0,0.0,0.0,1.0,1.0,7,16.48723207515607,16.48723207515607,pobre,basal,0,800.0,401.0,1.0,32.0,7,160,37472,1,1.0
98,0.0,0.0,0.0,1.0,2.0,7,16.48723207515607,16.48723207515607,pobre,basal,0,800.0,401.0,1.0,32.0,8,160,37472,1,1.0
97,0.0,0.0,0.0,1.0,0.0,7,16.48723207515607,16.48723207515607,pobre,basal,0,800.0,401.0,1.0,32.0,6,160,37473,0,1.0
98,0.0,0.0,0.0,1.0,1.0,7,16.48723207515607,16.48723207515607,pobre,basal,0,800.0,401.0,1.0,32.0,7,160,37473,0,1.0
97,0.0,0.0,0.0,,6.0,8,16.48723207515607,16.48723207515607,pobre,basal,1,0.0,534.43799,0.0,48.0,16,160,37474,6,
98,0.0,0.0,0.0,,,8,16.48723207515607,16.48723207515607,pobre,basal,1,0.0,534.43799,0.0,48.0,17,160,37474,6,
97,1.0,0.0,0.0,1.0,6.0,8,16.48723207515607,16.48723207515607,pobre,basal,1,0.0,534.43799,0.0,48.0,14,160,37475,6,1.0
98,1.0,0.0,0.0,1.0,7.0,8,16.48723207515607,16.48723207515607,pobre,basal,1,0.0,534.43799,0.0,48.0,15,160,37475,6,1.0
97,0.0,0.0,0.0,,0.0,8,16.48723207515607,16.48723207515607,pobre,basal,1,0.0,534.43799,0.0,48.0,11,160,37476,0,
98,0.0,0.0,0.0,,,8,16.48723207515607,16.48723207515607,pobre,basal,1,0.0,534.43799,0.0,48.0,12,160,37476,0,
97,1.0,0.0,0.0,,0.0,8,16.48723207515607,16.48723207515607,pobre,basal,1,0.0,534.43799,0.0,48.0,10,160,37477,0,
98,1.0,0.0,0.0,1.0,4.0,8,16.48723207515607,16.48723207515607,pobre,basal,1,0.0,534.43799,0.0,48.0,11,160,37477,0,
97,1.0,0.0,0.0,1.0,0.0,4,16.48723207515607,16.48723207515607,pobre,basal,6,800.0,536.0,1.0,29.0,6,160,37478,0,1.0
98,1.0,0.0,0.0,1.0,1.0,4,16.48723207515607,16.48723207515607,pobre,basal,6,800.0,536.0,1.0,29.0,7,160,37478,0,1.0
97,1.0,0.0,2.793,,0.0,6,13.40444159556136,13.40444159556136,pobre,0,1,720.0,581.84399,1.0,45.0,14,166,37479,0,
98,1.0,0.0,2.793,,,6,13.40444159556136,13.40444159556136,pobre,0,1,720.0,581.84399,1.0,45.0,15,166,37479,0,
97,0.0,0.0,2.793,,0.0,6,13.40444159556136,13.40444159556136,pobre,0,1,720.0,581.84399,1.0,45.0,12,166,37480,0,
98,0.0,0.0,2.793,,,6,13.40444159556136,13.40444159556136,pobre,0,1,720.0,581.84399,1.0,45.0,13,166,37480,0,
97,1.0,0.0,2.793,,0.0,6,13.40444159556136,13.40444159556136,pobre,0,1,720.0,581.84399,1.0,45.0,10,166,37481,0,
98,1.0,0.0,2.793,,,6,13.40444159556136,13.40444159556136,pobre,0,1,720.0,581.84399,1.0,45.0,11,166,37481,0,
97,1.0,0.0,0.0,0.0,7.0,8,13.31589070824295,13.31589070824295,pobre,basal,0,500.0,653.0,1.0,47.0,15,158,37482,7,0.0
98,1.0,0.0,0.0,1.0,7.0,8,13.31589070824295,13.31589070824295,pobre,basal,0,500.0,653.0,1.0,47.0,16,158,37482,7,0.0
97,1.0,0.0,0.0,1.0,6.0,8,13.31589070824295,13.31589070824295,pobre,basal,0,500.0,653.0,1.0,47.0,16,158,37483,6,1.0
98,1.0,0.0,0.0,1.0,7.0,8,13.31589070824295,13.31589070824295,pobre,basal,0,500.0,653.0,1.0,47.0,17,158,37483,6,1.0
97,0.0,0.0,0.0,1.0,3.0,8,13.31589070824295,13.31589070824295,pobre,basal,0,500.0,653.0,1.0,47.0,10,158,37484,3,1.0
98,0.0,0.0,0.0,1.0,4.0,8,13.31589070824295,13.31589070824295,pobre,basal,0,500.0,653.0,1.0,47.0,11,158,37484,3,1.0
97,0.0,0.0,2.793,1.0,2.0,4,13.40444159556136,13.40444159556136,pobre,0,13,720.0,699.0,1.0,33.0,10,166,37485,2,1.0
98,0.0,0.0,2.793,1.0,3.0,4,13.40444159556136,13.40444159556136,pobre,0,13,720.0,699.0,1.0,33.0,11,166,37485,2,1.0
97,0.0,0.0,2.793,1.0,1.0,4,13.40444159556136,13.40444159556136,pobre,0,13,720.0,699.0,1.0,33.0,7,166,37486,1,1.0
98,0.0,0.0,2.793,1.0,2.0,4,13.40444159556136,13.40444159556136,pobre,0,13,720.0,699.0,1.0,33.0,8,166,37486,1,1.0
97,0.0,0.0,2.793,0.0,6.0,12,13.40444159556136,13.40444159556136,pobre,0,2,240.0,655.79999,1.0,49.0,15,166,37487,6,0.0
98,0.0,0.0,2.793,0.0,6.0,12,13.40444159556136,13.40444159556136,pobre,0,2,240.0,655.79999,1.0,49.0,16,166,37487,6,0.0
97,0.0,0.0,2.793,0.0,6.0,12,13.40444159556136,13.40444159556136,pobre,0,2,240.0,655.79999,1.0,49.0,14,166,37488,6,0.0
98,0.0,0.0,2.793,0.0,6.0,12,13.40444159556136,13.40444159556136,pobre,0,2,240.0,655.79999,1.0,49.0,15,166,37488,6,0.0
97,0.0,0.0,2.793,1.0,4.0,12,13.40444159556136,13.40444159556136,pobre,0,2,240.0,655.79999,1.0,49.0,12,166,37489,4,1.0
98,0.0,0.0,2.793,1.0,5.0,12,13.40444159556136,13.40444159556136,pobre,0,2,240.0,655.79999,1.0,49.0,13,166,37489,4,1.0
97,0.0,0.0,2.793,1.0,3.0,12,13.40444159556136,13.40444159556136,pobre,0,2,240.0,655.79999,1.0,49.0,11,166,37490,3,1.0
98,0.0,0.0,2.793,1.0,4.0,12,13.40444159556136,13.40444159556136,pobre,0,2,240.0,655.79999,1.0,49.0,12,166,37490,3,1.0
97,1.0,0.0,2.793,1.0,0.0,12,13.40444159556136,13.40444159556136,pobre,0,2,240.0,655.79999,1.0,49.0,7,166,37491,0,1.0
98,1.0,0.0,2.793,1.0,1.0,12,13.40444159556136,13.40444159556136,pobre,0,2,240.0,655.79999,1.0,49.0,8,166,37491,0,1.0
97,0.0,0.0,2.793,1.0,6.0,5,13.40444159556136,13.40444159556136,pobre,0,6,800.0,661.0,1.0,38.0,12,166,37492,6,1.0
98,0.0,0.0,2.793,1.0,5.0,5,13.40444159556136,13.40444159556136,pobre,0,6,800.0,661.0,1.0,38.0,13,166,37492,6,1.0
97,0.0,0.0,2.793,1.0,5.0,5,13.40444159556136,13.40444159556136,pobre,0,6,800.0,661.0,1.0,38.0,10,166,37493,5,1.0
98,0.0,0.0,2.793,1.0,6.0,5,13.40444159556136,13.40444159556136,pobre,0,6,800.0,661.0,1.0,38.0,11,166,37493,5,1.0
97,0.0,0.0,2.793,1.0,1.0,5,13.40444159556136,13.40444159556136,pobre,0,6,800.0,661.0,1.0,38.0,7,166,37494,1,1.0
98,0.0,0.0,2.793,1.0,2.0,5,13.40444159556136,13.40444159556136,pobre,0,6,800.0,661.0,1.0,38.0,8,166,37494,1,1.0
97,1.0,0.0,2.793,1.0,8.0,8,13.40444159556136,13.40444159556136,pobre,0,1,0.0,707.0,1.0,73.0,12,166,37495,8,1.0
98,1.0,0.0,2.793,0.0,9.0,8,13.40444159556136,13.40444159556136,pobre,0,1,0.0,707.0,1.0,73.0,13,166,37495,8,1.0
97,0.0,0.0,2.793,0.0,6.0,5,13.40444159556136,13.40444159556136,pobre,0,4,750.0,603.0,0.0,36.0,14,166,37496,6,0.0
98,0.0,0.0,2.793,0.0,6.0,5,13.40444159556136,13.40444159556136,pobre,0,4,750.0,603.0,0.0,36.0,15,166,37496,6,0.0
97,0.0,0.0,2.793,1.0,5.0,5,13.40444159556136,13.40444159556136,pobre,0,4,750.0,603.0,0.0,36.0,11,166,37497,5,1.0
98,0.0,0.0,2.793,1.0,5.0,5,13.40444159556136,13.40444159556136,pobre,0,4,750.0,603.0,0.0,36.0,12,166,37497,5,1.0
97,0.0,0.0,2.793,1.0,3.0,5,13.40444159556136,13.40444159556136,pobre,0,4,750.0,603.0,0.0,36.0,9,166,37498,3,1.0
98,0.0,0.0,2.793,1.0,4.0,5,13.40444159556136,13.40444159556136,pobre,0,4,750.0,603.0,0.0,36.0,10,166,37498,3,1.0
97,0.0,0.0,0.0,1.0,8.0,11,16.48723207515607,16.48723207515607,pobre,basal,2,320.0,368.0,1.0,39.0,14,160,37499,8,1.0
98,0.0,0.0,0.0,1.0,8.0,11,16.48723207515607,16.48723207515607,pobre,basal,2,320.0,368.0,1.0,39.0,15,160,37499,8,1.0
97,0.0,0.0,0.0,1.0,7.0,11,16.48723207515607,16.48723207515607,pobre,basal,2,320.0,368.0,1.0,39.0,13,160,37500,7,1.0
98,0.0,0.0,0.0,1.0,7.0,11,16.48723207515607,16.48723207515607,pobre,basal,2,320.0,368.0,1.0,39.0,14,160,37500,7,1.0
97,1.0,0.0,0.0,1.0,6.0,11,16.48723207515607,16.48723207515607,pobre,basal,2,320.0,368.0,1.0,39.0,12,160,37501,6,1.0
98,1.0,0.0,0.0,1.0,6.0,11,16.48723207515607,16.48723207515607,pobre,basal,2,320.0,368.0,1.0,39.0,13,160,37501,6,1.0
97,1.0,0.0,0.0,1.0,3.0,11,16.48723207515607,16.48723207515607,pobre,basal,2,320.0,368.0,1.0,39.0,11,160,37502,3,1.0
98,1.0,0.0,0.0,1.0,3.0,11,16.48723207515607,16.48723207515607,pobre,basal,2,320.0,368.0,1.0,39.0,12,160,37502,3,1.0
97,1.0,0.0,0.0,1.0,2.0,11,16.48723207515607,16.48723207515607,pobre,basal,2,320.0,368.0,1.0,39.0,9,160,37503,2,1.0
98,1.0,0.0,0.0,1.0,2.0,11,16.48723207515607,16.48723207515607,pobre,basal,2,320.0,368.0,1.0,39.0,10,160,37503,2,1.0
97,1.0,0.0,0.0,1.0,1.0,11,16.48723207515607,16.48723207515607,pobre,basal,2,320.0,368.0,1.0,39.0,9,160,37504,1,1.0
98,1.0,0.0,0.0,1.0,2.0,11,16.48723207515607,16.48723207515607,pobre,basal,2,320.0,368.0,1.0,39.0,10,160,37504,1,1.0
97,1.0,0.0,0.0,1.0,1.0,11,16.48723207515607,16.48723207515607,pobre,basal,2,320.0,368.0,1.0,39.0,7,160,37505,1,1.0
98,1.0,0.0,0.0,1.0,0.0,11,16.48723207515607,16.48723207515607,pobre,basal,2,320.0,368.0,1.0,39.0,8,160,37505,1,1.0
97,1.0,0.0,0.0,0.0,6.0,12,16.48723207515607,16.48723207515607,pobre,basal,0,1000.0,629.0,1.0,42.0,16,160,37506,6,0.0
98,1.0,0.0,0.0,,,12,16.48723207515607,16.48723207515607,pobre,basal,0,1000.0,629.0,1.0,42.0,17,160,37506,6,0.0
97,0.0,0.0,0.0,0.0,9.0,12,16.48723207515607,16.48723207515607,pobre,basal,0,1000.0,629.0,1.0,42.0,16,160,37507,9,0.0
98,0.0,0.0,0.0,,,12,16.48723207515607,16.48723207515607,pobre,basal,0,1000.0,629.0,1.0,42.0,17,160,37507,9,0.0
97,1.0,0.0,0.0,1.0,7.0,12,16.48723207515607,16.48723207515607,pobre,basal,0,1000.0,629.0,1.0,42.0,14,160,37508,7,1.0
98,1.0,0.0,0.0,1.0,7.0,12,16.48723207515607,16.48723207515607,pobre,basal,0,1000.0,629.0,1.0,42.0,15,160,37508,7,1.0
97,0.0,0.0,0.0,1.0,6.0,12,16.48723207515607,16.48723207515607,pobre,basal,0,1000.0,629.0,1.0,42.0,12,160,37509,6,1.0
98,0.0,0.0,0.0,1.0,6.0,12,16.48723207515607,16.48723207515607,pobre,basal,0,1000.0,629.0,1.0,42.0,13,160,37509,6,1.0
97,0.0,0.0,0.0,1.0,3.0,12,16.48723207515607,16.48723207515607,pobre,basal,0,1000.0,629.0,1.0,42.0,8,160,37510,3,1.0
98,0.0,0.0,0.0,1.0,3.0,12,16.48723207515607,16.48723207515607,pobre,basal,0,1000.0,629.0,1.0,42.0,9,160,37510,3,1.0
97,1.0,0.0,0.0,1.0,2.0,12,16.48723207515607,16.48723207515607,pobre,basal,0,1000.0,629.0,1.0,42.0,7,160,37511,2,1.0
98,1.0,0.0,0.0,1.0,2.0,12,16.48723207515607,16.48723207515607,pobre,basal,0,1000.0,629.0,1.0,42.0,8,160,37511,2,1.0
97,0.0,0.0,0.0,0.0,9.0,4,16.48723207515607,16.48723207515607,pobre,basal,2,875.0,720.0,1.0,59.0,16,160,37512,9,0.0
98,0.0,0.0,0.0,,,4,16.48723207515607,16.48723207515607,pobre,basal,2,875.0,720.0,1.0,59.0,17,160,37512,9,0.0
97,0.0,0.0,0.0,1.0,8.0,4,16.48723207515607,16.48723207515607,pobre,basal,2,875.0,720.0,1.0,59.0,13,160,37513,8,1.0
98,0.0,0.0,0.0,1.0,8.0,4,16.48723207515607,16.48723207515607,pobre,basal,2,875.0,720.0,1.0,59.0,14,160,37513,8,1.0
97,1.0,0.0,0.0,1.0,10.0,5,88.81916583498526,346.1847535232495,no pobre,0,3,400.0,936.0,1.0,46.0,16,485,37514,10,1.0
98,1.0,0.0,0.0,,,5,88.81916583498526,346.1847535232495,no pobre,0,3,400.0,936.0,1.0,46.0,17,485,37514,10,1.0
97,0.0,0.0,0.0,1.0,8.0,5,88.81916583498526,346.1847535232495,no pobre,0,3,400.0,936.0,1.0,46.0,14,485,37515,8,1.0
98,0.0,0.0,0.0,,,5,88.81916583498526,346.1847535232495,no pobre,0,3,400.0,936.0,1.0,46.0,15,485,37515,8,1.0
97,1.0,0.0,0.0,1.0,0.0,5,88.81916583498526,346.1847535232495,pobre,0,8,400.0,554.0,1.0,30.0,7,485,37516,0,1.0
98,1.0,0.0,0.0,1.0,1.0,5,88.81916583498526,346.1847535232495,pobre,0,8,400.0,554.0,1.0,30.0,8,485,37516,0,1.0
97,1.0,0.0,0.0,1.0,1.0,5,88.81916583498526,346.1847535232495,pobre,0,8,400.0,554.0,1.0,30.0,6,485,37517,1,1.0
98,1.0,0.0,0.0,,,5,88.81916583498526,346.1847535232495,pobre,0,8,400.0,554.0,1.0,30.0,7,485,37517,1,1.0
97,1.0,0.0,0.0,0.0,6.0,6,88.81916583498526,346.1847535232495,pobre,0,0,500.0,630.5,1.0,70.0,15,485,37518,6,0.0
98,1.0,0.0,0.0,0.0,6.0,6,88.81916583498526,346.1847535232495,pobre,0,0,500.0,630.5,1.0,70.0,16,485,37518,6,0.0
97,0.0,0.0,0.0,1.0,7.0,5,88.81916583498526,346.1847535232495,pobre,0,2,250.0,558.0,1.0,55.0,15,485,37519,7,1.0
98,0.0,0.0,0.0,1.0,9.0,5,88.81916583498526,346.1847535232495,pobre,0,2,250.0,558.0,1.0,55.0,16,485,37519,7,1.0
97,1.0,0.0,0.0,1.0,5.0,5,88.81916583498526,346.1847535232495,pobre,0,2,250.0,558.0,1.0,55.0,13,485,37520,5,1.0
98,1.0,0.0,0.0,1.0,6.0,5,88.81916583498526,346.1847535232495,pobre,0,2,250.0,558.0,1.0,55.0,14,485,37520,5,1.0
97,1.0,0.0,0.0,1.0,0.0,5,88.81916583498526,346.1847535232495,pobre,0,2,250.0,558.0,1.0,55.0,8,485,37521,0,1.0
98,1.0,0.0,0.0,1.0,1.0,5,88.81916583498526,346.1847535232495,pobre,0,2,250.0,558.0,1.0,55.0,9,485,37521,0,1.0
97,0.0,0.0,0.0,1.0,1.0,7,88.81916583498526,346.1847535232495,pobre,0,6,625.0,457.0,1.0,30.0,11,485,37522,1,1.0
98,0.0,0.0,0.0,1.0,2.0,7,88.81916583498526,346.1847535232495,pobre,0,6,625.0,457.0,1.0,30.0,12,485,37522,1,1.0
97,1.0,0.0,0.0,1.0,1.0,7,88.81916583498526,346.1847535232495,pobre,0,6,625.0,457.0,1.0,30.0,8,485,37523,1,1.0
98,1.0,0.0,0.0,1.0,1.0,7,88.81916583498526,346.1847535232495,pobre,0,6,625.0,457.0,1.0,30.0,9,485,37523,1,1.0
97,0.0,0.0,0.0,1.0,2.0,5,88.81916583498526,346.1847535232495,pobre,0,2,400.0,693.0,1.0,63.0,9,485,37524,2,1.0
98,0.0,0.0,0.0,1.0,3.0,5,88.81916583498526,346.1847535232495,pobre,0,2,400.0,693.0,1.0,63.0,10,485,37524,2,1.0
97,1.0,0.0,0.0,1.0,9.0,9,67.72794258129804,180.2667626121013,pobre,basal,3,800.0,655.0,1.0,41.0,15,353,37525,9,1.0
98,1.0,0.0,0.0,1.0,9.0,9,67.72794258129804,180.2667626121013,pobre,basal,3,800.0,655.0,1.0,41.0,16,353,37525,9,1.0
97,1.0,0.0,0.0,1.0,7.0,9,67.72794258129804,180.2667626121013,pobre,basal,3,800.0,655.0,1.0,41.0,13,353,37526,7,1.0
98,1.0,0.0,0.0,1.0,8.0,9,67.72794258129804,180.2667626121013,pobre,basal,3,800.0,655.0,1.0,41.0,14,353,37526,7,1.0
97,0.0,0.0,0.0,1.0,5.0,9,67.72794258129804,180.2667626121013,pobre,basal,3,800.0,655.0,1.0,41.0,11,353,37527,5,1.0
98,0.0,0.0,0.0,1.0,6.0,9,67.72794258129804,180.2667626121013,pobre,basal,3,800.0,655.0,1.0,41.0,12,353,37527,5,1.0
97,0.0,0.0,0.0,1.0,3.0,9,67.72794258129804,180.2667626121013,pobre,basal,3,800.0,655.0,1.0,41.0,9,353,37528,3,1.0
98,0.0,0.0,0.0,1.0,3.0,9,67.72794258129804,180.2667626121013,pobre,basal,3,800.0,655.0,1.0,41.0,10,353,37528,3,1.0
97,1.0,0.0,0.0,1.0,0.0,9,67.72794258129804,180.2667626121013,pobre,basal,3,800.0,655.0,1.0,41.0,7,353,37529,0,1.0
98,1.0,0.0,0.0,1.0,1.0,9,67.72794258129804,180.2667626121013,pobre,basal,3,800.0,655.0,1.0,41.0,8,353,37529,0,1.0
97,0.0,0.0,0.0,0.0,9.0,4,67.72794258129804,180.2667626121013,pobre,basal,4,0.0,793.0,1.0,43.0,16,353,37530,9,0.0
98,0.0,0.0,0.0,0.0,9.0,4,67.72794258129804,180.2667626121013,pobre,basal,4,0.0,793.0,1.0,43.0,17,353,37530,9,0.0
97,1.0,0.0,0.0,1.0,6.0,4,67.72794258129804,180.2667626121013,pobre,basal,4,0.0,793.0,1.0,43.0,14,353,37531,6,1.0
98,1.0,0.0,0.0,1.0,7.0,4,67.72794258129804,180.2667626121013,pobre,basal,4,0.0,793.0,1.0,43.0,15,353,37531,6,1.0
97,0.0,0.0,2.4949999,1.0,4.0,3,88.40868749137914,88.40868749137914,pobre,0,2,0.0,739.5,1.0,29.0,12,95,37532,4,1.0
98,0.0,0.0,2.4949999,,,3,88.40868749137914,88.40868749137914,pobre,0,2,0.0,739.5,1.0,29.0,13,95,37532,4,1.0
97,1.0,0.0,2.4949999,0.0,6.0,3,88.40868749137914,88.40868749137914,pobre,0,2,0.0,739.5,1.0,29.0,15,95,37533,6,0.0
98,1.0,0.0,2.4949999,,,3,88.40868749137914,88.40868749137914,pobre,0,2,0.0,739.5,1.0,29.0,16,95,37533,6,0.0
97,0.0,0.0,3.6010001,1.0,4.0,5,89.38165253308725,89.38165253308725,pobre,basal,0,625.0,651.5,1.0,48.0,11,295,37534,4,1.0
98,0.0,0.0,3.6010001,1.0,5.0,5,89.38165253308725,89.38165253308725,pobre,basal,0,625.0,651.5,1.0,48.0,12,295,37534,4,1.0
97,1.0,0.0,3.6010001,1.0,3.0,5,89.38165253308725,89.38165253308725,pobre,basal,0,625.0,651.5,1.0,48.0,10,295,37535,3,1.0
98,1.0,0.0,3.6010001,1.0,4.0,5,89.38165253308725,89.38165253308725,pobre,basal,0,625.0,651.5,1.0,48.0,11,295,37535,3,1.0
97,0.0,0.0,3.6010001,1.0,1.0,5,89.38165253308725,89.38165253308725,pobre,basal,0,625.0,651.5,1.0,48.0,8,295,37536,1,1.0
98,0.0,0.0,3.6010001,1.0,2.0,5,89.38165253308725,89.38165253308725,pobre,basal,0,625.0,651.5,1.0,48.0,9,295,37536,1,1.0
97,0.0,0.0,3.6010001,0.0,4.0,9,89.38165253308725,89.38165253308725,pobre,basal,0,625.0,563.0,1.0,49.0,15,295,37537,4,0.0
98,0.0,0.0,3.6010001,,,9,89.38165253308725,89.38165253308725,pobre,basal,0,625.0,563.0,1.0,49.0,16,295,37537,4,0.0
97,1.0,0.0,3.6010001,0.0,4.0,9,89.38165253308725,89.38165253308725,pobre,basal,0,625.0,563.0,1.0,49.0,14,295,37538,4,0.0
98,1.0,0.0,3.6010001,,,9,89.38165253308725,89.38165253308725,pobre,basal,0,625.0,563.0,1.0,49.0,15,295,37538,4,0.0
97,1.0,0.0,3.6010001,1.0,4.0,9,89.38165253308725,89.38165253308725,pobre,basal,0,625.0,563.0,1.0,49.0,11,295,37539,4,1.0
98,1.0,0.0,3.6010001,,,9,89.38165253308725,89.38165253308725,pobre,basal,0,625.0,563.0,1.0,49.0,12,295,37539,4,1.0
97,0.0,0.0,3.6010001,1.0,3.0,9,89.38165253308725,89.38165253308725,pobre,basal,0,625.0,563.0,1.0,49.0,9,295,37540,3,1.0
98,0.0,0.0,3.6010001,,,9,89.38165253308725,89.38165253308725,pobre,basal,0,625.0,563.0,1.0,49.0,10,295,37540,3,1.0
97,1.0,0.0,3.6010001,1.0,8.0,7,89.38165253308725,89.38165253308725,pobre,basal,3,0.0,774.5,0.0,65.0,15,295,37541,8,1.0
98,1.0,0.0,3.6010001,0.0,9.0,7,89.38165253308725,89.38165253308725,pobre,basal,3,0.0,774.5,0.0,65.0,16,295,37541,8,1.0
97,0.0,0.0,3.6010001,1.0,7.0,7,89.38165253308725,89.38165253308725,pobre,basal,3,0.0,774.5,0.0,65.0,13,295,37542,7,1.0
98,0.0,0.0,3.6010001,1.0,8.0,7,89.38165253308725,89.38165253308725,pobre,basal,3,0.0,774.5,0.0,65.0,14,295,37542,7,1.0
97,1.0,0.0,2.4949999,1.0,7.0,5,88.40868749137914,88.40868749137914,pobre,0,4,500.0,737.0,1.0,40.0,13,95,37543,7,1.0
98,1.0,0.0,2.4949999,1.0,8.0,5,88.40868749137914,88.40868749137914,pobre,0,4,500.0,737.0,1.0,40.0,14,95,37543,7,1.0
97,1.0,0.0,2.4949999,1.0,6.0,5,88.40868749137914,88.40868749137914,pobre,0,4,500.0,737.0,1.0,40.0,12,95,37544,6,1.0
98,1.0,0.0,2.4949999,1.0,7.0,5,88.40868749137914,88.40868749137914,pobre,0,4,500.0,737.0,1.0,40.0,13,95,37544,6,1.0
97,0.0,0.0,2.4949999,1.0,3.0,5,88.40868749137914,88.40868749137914,pobre,0,4,500.0,737.0,1.0,40.0,9,95,37545,3,1.0
98,0.0,0.0,2.4949999,1.0,4.0,5,88.40868749137914,88.40868749137914,pobre,0,4,500.0,737.0,1.0,40.0,10,95,37545,3,1.0
97,1.0,0.0,0.0,0.0,6.0,9,13.31589070824295,13.31589070824295,no pobre,basal,0,0.0,757.59998,1.0,51.0,16,158,37546,6,0.0
98,1.0,0.0,0.0,,,9,13.31589070824295,13.31589070824295,no pobre,basal,0,0.0,757.59998,1.0,51.0,17,158,37546,6,0.0
97,0.0,0.0,0.0,0.0,6.0,9,13.31589070824295,13.31589070824295,no pobre,basal,0,0.0,757.59998,1.0,51.0,15,158,37547,6,0.0
98,0.0,0.0,0.0,0.0,6.0,9,13.31589070824295,13.31589070824295,no pobre,basal,0,0.0,757.59998,1.0,51.0,16,158,37547,6,0.0
97,0.0,0.0,0.0,1.0,4.0,8,13.31589070824295,13.31589070824295,pobre,basal,3,0.0,482.0,1.0,37.0,16,158,37548,4,1.0
98,0.0,0.0,0.0,1.0,8.0,8,13.31589070824295,13.31589070824295,pobre,basal,3,0.0,482.0,1.0,37.0,17,158,37548,4,1.0
97,1.0,0.0,0.0,1.0,1.0,8,13.31589070824295,13.31589070824295,pobre,basal,3,0.0,482.0,1.0,37.0,11,158,37549,1,1.0
98,1.0,0.0,0.0,1.0,2.0,8,13.31589070824295,13.31589070824295,pobre,basal,3,0.0,482.0,1.0,37.0,12,158,37549,1,1.0
97,1.0,0.0,0.0,1.0,1.0,8,13.31589070824295,13.31589070824295,pobre,basal,3,0.0,482.0,1.0,37.0,9,158,37550,1,1.0
98,1.0,0.0,0.0,1.0,2.0,8,13.31589070824295,13.31589070824295,pobre,basal,3,0.0,482.0,1.0,37.0,10,158,37550,1,1.0
97,0.0,0.0,0.0,1.0,0.0,8,13.31589070824295,13.31589070824295,pobre,basal,3,0.0,482.0,1.0,37.0,7,158,37551,0,1.0
98,0.0,0.0,0.0,1.0,1.0,8,13.31589070824295,13.31589070824295,pobre,basal,3,0.0,482.0,1.0,37.0,8,158,37551,0,1.0
97,0.0,0.0,0.0,1.0,7.0,5,72.80421840935115,72.80421840935115,pobre,0,6,750.0,928.83099,1.0,38.0,13,283,37552,7,1.0
98,0.0,0.0,0.0,1.0,8.0,5,72.80421840935115,72.80421840935115,pobre,0,6,750.0,928.83099,1.0,38.0,14,283,37552,7,1.0
97,0.0,0.0,0.0,1.0,3.0,5,72.80421840935115,72.80421840935115,pobre,0,6,750.0,928.83099,1.0,38.0,11,283,37553,3,1.0
98,0.0,0.0,0.0,1.0,4.0,5,72.80421840935115,72.80421840935115,pobre,0,6,750.0,928.83099,1.0,38.0,12,283,37553,3,1.0
97,1.0,0.0,0.0,,0.0,5,72.80421840935115,72.80421840935115,pobre,0,6,750.0,928.83099,1.0,38.0,6,283,37554,0,
98,1.0,0.0,0.0,1.0,1.0,5,72.80421840935115,72.80421840935115,pobre,0,6,750.0,928.83099,1.0,38.0,7,283,37554,0,
97,1.0,0.0,4.2909999,1.0,1.0,6,49.3929724122933,49.3929724122933,pobre,0,6,800.0,799.0,1.0,25.0,7,285,37555,1,1.0
98,1.0,0.0,4.2909999,1.0,2.0,6,49.3929724122933,49.3929724122933,pobre,0,6,800.0,799.0,1.0,25.0,8,285,37555,1,1.0
97,1.0,0.0,2.4949999,1.0,1.0,5,88.40868749137914,88.40868749137914,pobre,0,3,875.0,780.5,1.0,31.0,6,95,37556,1,1.0
98,1.0,0.0,2.4949999,1.0,2.0,5,88.40868749137914,88.40868749137914,pobre,0,3,875.0,780.5,1.0,31.0,7,95,37556,1,1.0
97,0.0,0.0,2.4949999,1.0,3.0,7,88.40868749137914,88.40868749137914,no pobre,0,0,240.0,793.33331,1.0,64.0,8,95,37557,3,1.0
98,0.0,0.0,2.4949999,1.0,4.0,7,88.40868749137914,88.40868749137914,no pobre,0,0,240.0,793.33331,1.0,64.0,9,95,37557,3,1.0
97,0.0,0.0,2.4949999,1.0,6.0,3,88.40868749137914,88.40868749137914,pobre,0,4,1750.0,773.0,1.0,39.0,12,95,37558,6,1.0
98,0.0,0.0,2.4949999,1.0,7.0,3,88.40868749137914,88.40868749137914,pobre,0,4,1750.0,773.0,1.0,39.0,13,95,37558,6,1.0
97,1.0,0.0,2.4949999,1.0,1.0,4,88.40868749137914,88.40868749137914,no pobre,0,11,200.0,942.0,1.0,38.0,7,95,37559,1,1.0
98,1.0,0.0,2.4949999,1.0,3.0,4,88.40868749137914,88.40868749137914,no pobre,0,11,200.0,942.0,1.0,38.0,8,95,37559,1,1.0
97,0.0,0.0,2.4949999,1.0,4.0,4,88.40868749137914,88.40868749137914,no pobre,0,11,200.0,942.0,1.0,38.0,10,95,37560,4,1.0
98,0.0,0.0,2.4949999,1.0,6.0,4,88.40868749137914,88.40868749137914,no pobre,0,11,200.0,942.0,1.0,38.0,11,95,37560,4,1.0
97,1.0,0.0,4.2909999,0.0,6.0,8,49.3929724122933,49.3929724122933,pobre,0,0,750.0,755.0,1.0,48.0,15,285,37561,6,0.0
98,1.0,0.0,4.2909999,0.0,6.0,8,49.3929724122933,49.3929724122933,pobre,0,0,750.0,755.0,1.0,48.0,16,285,37561,6,0.0
97,0.0,0.0,4.2909999,1.0,5.0,8,49.3929724122933,49.3929724122933,pobre,0,0,750.0,755.0,1.0,48.0,13,285,37562,5,1.0
98,0.0,0.0,4.2909999,0.0,6.0,8,49.3929724122933,49.3929724122933,pobre,0,0,750.0,755.0,1.0,48.0,14,285,37562,5,1.0
97,0.0,0.0,4.2909999,1.0,4.0,8,49.3929724122933,49.3929724122933,pobre,0,0,750.0,755.0,1.0,48.0,10,285,37563,4,1.0
98,0.0,0.0,4.2909999,1.0,5.0,8,49.3929724122933,49.3929724122933,pobre,0,0,750.0,755.0,1.0,48.0,11,285,37563,4,1.0
97,0.0,0.0,4.2909999,1.0,1.0,8,49.3929724122933,49.3929724122933,pobre,0,0,750.0,755.0,1.0,48.0,7,285,37564,1,1.0
98,0.0,0.0,4.2909999,1.0,2.0,8,49.3929724122933,49.3929724122933,pobre,0,0,750.0,755.0,1.0,48.0,8,285,37564,1,1.0
97,1.0,0.0,4.5120001,1.0,2.0,7,60.22839731787766,60.22839731787766,pobre,basal,6,66.666664,603.0,1.0,32.0,8,275,37565,2,1.0
98,1.0,0.0,4.5120001,1.0,3.0,7,60.22839731787766,60.22839731787766,pobre,basal,6,66.666664,603.0,1.0,32.0,9,275,37565,2,1.0
97,1.0,0.0,4.5120001,1.0,1.0,7,60.22839731787766,60.22839731787766,pobre,basal,6,66.666664,603.0,1.0,32.0,6,275,37566,1,1.0
98,1.0,0.0,4.5120001,1.0,2.0,7,60.22839731787766,60.22839731787766,pobre,basal,6,66.666664,603.0,1.0,32.0,7,275,37566,1,1.0
97,1.0,0.0,0.0,1.0,7.0,5,67.72794258129804,180.2667626121013,no pobre,basal,6,0.0,857.46997,1.0,33.0,14,353,37567,7,1.0
98,1.0,0.0,0.0,1.0,8.0,5,67.72794258129804,180.2667626121013,no pobre,basal,6,0.0,857.46997,1.0,33.0,15,353,37567,7,1.0
97,1.0,0.0,0.0,1.0,4.0,5,67.72794258129804,180.2667626121013,no pobre,basal,6,0.0,857.46997,1.0,33.0,11,353,37568,4,1.0
98,1.0,0.0,0.0,1.0,5.0,5,67.72794258129804,180.2667626121013,no pobre,basal,6,0.0,857.46997,1.0,33.0,12,353,37568,4,1.0
97,0.0,,0.0,,0.0,5,67.72794258129804,180.2667626121013,no pobre,basal,6,0.0,857.46997,1.0,33.0,6,353,37569,0,
98,0.0,,0.0,1.0,1.0,5,67.72794258129804,180.2667626121013,no pobre,basal,6,0.0,857.46997,1.0,33.0,7,353,37569,0,
97,0.0,0.0,2.651,0.0,9.0,8,62.54823852241724,62.54823852241724,pobre,0,2,750.0,807.0,1.0,58.0,16,276,37570,9,0.0
98,0.0,0.0,2.651,,,8,62.54823852241724,62.54823852241724,pobre,0,2,750.0,807.0,1.0,58.0,17,276,37570,9,0.0
97,0.0,0.0,2.651,1.0,4.0,8,62.54823852241724,62.54823852241724,pobre,0,2,750.0,807.0,1.0,58.0,13,276,37571,4,1.0
98,0.0,0.0,2.651,1.0,5.0,8,62.54823852241724,62.54823852241724,pobre,0,2,750.0,807.0,1.0,58.0,14,276,37571,4,1.0
97,0.0,0.0,2.651,1.0,3.0,8,62.54823852241724,62.54823852241724,pobre,0,2,750.0,807.0,1.0,58.0,11,276,37572,3,1.0
98,0.0,0.0,2.651,1.0,4.0,8,62.54823852241724,62.54823852241724,pobre,0,2,750.0,807.0,1.0,58.0,12,276,37572,3,1.0
97,1.0,0.0,2.4949999,1.0,2.0,7,88.40868749137914,88.40868749137914,pobre,0,3,600.0,567.0,1.0,40.0,8,95,37573,2,1.0
98,1.0,0.0,2.4949999,1.0,3.0,7,88.40868749137914,88.40868749137914,pobre,0,3,600.0,567.0,1.0,40.0,9,95,37573,2,1.0
97,1.0,0.0,2.4949999,1.0,1.0,7,88.40868749137914,88.40868749137914,pobre,0,3,600.0,567.0,1.0,40.0,7,95,37574,1,1.0
98,1.0,0.0,2.4949999,1.0,2.0,7,88.40868749137914,88.40868749137914,pobre,0,3,600.0,567.0,1.0,40.0,8,95,37574,1,1.0
97,0.0,0.0,2.4949999,1.0,5.0,7,88.40868749137914,88.40868749137914,pobre,0,3,600.0,567.0,1.0,40.0,15,95,37575,5,1.0
98,0.0,0.0,2.4949999,0.0,6.0,7,88.40868749137914,88.40868749137914,pobre,0,3,600.0,567.0,1.0,40.0,16,95,37575,5,1.0
97,0.0,0.0,2.4949999,1.0,1.0,7,88.40868749137914,88.40868749137914,pobre,0,3,600.0,567.0,1.0,40.0,6,95,37576,1,1.0
98,0.0,0.0,2.4949999,1.0,2.0,7,88.40868749137914,88.40868749137914,pobre,0,3,600.0,567.0,1.0,40.0,7,95,37576,1,1.0
97,0.0,0.0,0.0,0.0,6.0,5,72.80421840935115,72.80421840935115,no pobre,0,3,1600.0,861.0,1.0,40.0,16,283,37577,6,0.0
98,0.0,0.0,0.0,,,5,72.80421840935115,72.80421840935115,no pobre,0,3,1600.0,861.0,1.0,40.0,17,283,37577,6,0.0
97,1.0,0.0,0.0,1.0,7.0,5,72.80421840935115,72.80421840935115,no pobre,0,3,1600.0,861.0,1.0,40.0,13,283,37578,7,1.0
98,1.0,0.0,0.0,1.0,8.0,5,72.80421840935115,72.80421840935115,no pobre,0,3,1600.0,861.0,1.0,40.0,14,283,37578,7,1.0
97,0.0,0.0,0.0,1.0,5.0,5,72.80421840935115,72.80421840935115,pobre,0,2,625.0,944.5,1.0,48.0,11,283,37579,5,1.0
98,0.0,0.0,0.0,1.0,6.0,5,72.80421840935115,72.80421840935115,pobre,0,2,625.0,944.5,1.0,48.0,12,283,37579,5,1.0
97,0.0,0.0,0.0,1.0,8.0,7,72.80421840935115,72.80421840935115,pobre,0,0,0.0,1045.25,0.0,72.0,14,283,37580,8,1.0
98,0.0,0.0,0.0,1.0,9.0,7,72.80421840935115,72.80421840935115,pobre,0,0,0.0,1045.25,0.0,72.0,15,283,37580,8,1.0
97,1.0,0.0,0.0,1.0,3.0,7,72.80421840935115,72.80421840935115,pobre,0,0,0.0,1045.25,0.0,72.0,9,283,37581,3,1.0
98,1.0,0.0,0.0,1.0,4.0,7,72.80421840935115,72.80421840935115,pobre,0,0,0.0,1045.25,0.0,72.0,10,283,37581,3,1.0
97,1.0,0.0,0.0,0.0,9.0,7,72.80421840935115,72.80421840935115,pobre,0,2,960.0,983.0,1.0,41.0,15,283,37582,9,0.0
98,1.0,0.0,0.0,0.0,9.0,7,72.80421840935115,72.80421840935115,pobre,0,2,960.0,983.0,1.0,41.0,16,283,37582,9,0.0
97,0.0,0.0,0.0,1.0,3.0,7,72.80421840935115,72.80421840935115,pobre,0,2,960.0,983.0,1.0,41.0,9,283,37583,3,1.0
98,0.0,0.0,0.0,1.0,4.0,7,72.80421840935115,72.80421840935115,pobre,0,2,960.0,983.0,1.0,41.0,10,283,37583,3,1.0
97,1.0,0.0,0.0,1.0,1.0,7,72.80421840935115,72.80421840935115,pobre,0,2,960.0,983.0,1.0,41.0,7,283,37584,1,1.0
98,1.0,0.0,0.0,1.0,2.0,7,72.80421840935115,72.80421840935115,pobre,0,2,960.0,983.0,1.0,41.0,8,283,37584,1,1.0
97,0.0,0.0,0.0,1.0,0.0,7,72.80421840935115,72.80421840935115,pobre,0,2,960.0,983.0,1.0,41.0,6,283,37585,0,1.0
98,0.0,0.0,0.0,1.0,1.0,7,72.80421840935115,72.80421840935115,pobre,0,2,960.0,983.0,1.0,41.0,7,283,37585,0,1.0
97,0.0,0.0,0.0,0.0,9.0,7,72.80421840935115,72.80421840935115,pobre,0,4,1800.0,784.0,1.0,39.0,16,283,37586,9,0.0
98,0.0,0.0,0.0,,,7,72.80421840935115,72.80421840935115,pobre,0,4,1800.0,784.0,1.0,39.0,17,283,37586,9,0.0
97,1.0,0.0,0.0,1.0,4.0,7,72.80421840935115,72.80421840935115,pobre,0,4,1800.0,784.0,1.0,39.0,10,283,37587,4,1.0
98,1.0,0.0,0.0,1.0,5.0,7,72.80421840935115,72.80421840935115,pobre,0,4,1800.0,784.0,1.0,39.0,11,283,37587,4,1.0
97,0.0,0.0,0.0,1.0,3.0,7,72.80421840935115,72.80421840935115,pobre,0,4,1800.0,784.0,1.0,39.0,9,283,37588,3,1.0
98,0.0,0.0,0.0,1.0,4.0,7,72.80421840935115,72.80421840935115,pobre,0,4,1800.0,784.0,1.0,39.0,10,283,37588,3,1.0
97,1.0,0.0,0.0,1.0,4.0,5,13.31589070824295,13.31589070824295,pobre,basal,9,0.0,676.0,1.0,30.0,10,158,37589,4,1.0
98,1.0,0.0,0.0,1.0,5.0,5,13.31589070824295,13.31589070824295,pobre,basal,9,0.0,676.0,1.0,30.0,11,158,37589,4,1.0
97,1.0,0.0,0.0,1.0,3.0,5,13.31589070824295,13.31589070824295,pobre,basal,9,0.0,676.0,1.0,30.0,9,158,37590,3,1.0
98,1.0,0.0,0.0,1.0,4.0,5,13.31589070824295,13.31589070824295,pobre,basal,9,0.0,676.0,1.0,30.0,10,158,37590,3,1.0
97,0.0,0.0,0.0,1.0,2.0,5,13.31589070824295,13.31589070824295,pobre,basal,9,0.0,676.0,1.0,30.0,8,158,37591,2,1.0
98,0.0,0.0,0.0,1.0,3.0,5,13.31589070824295,13.31589070824295,pobre,basal,9,0.0,676.0,1.0,30.0,9,158,37591,2,1.0
97,0.0,0.0,0.62,0.0,1.0,8,96.73200305730944,96.73200305730944,pobre,basal,0,400.0,517.0,1.0,39.0,12,79,37592,1,0.0
98,0.0,0.0,0.62,0.0,1.0,8,96.73200305730944,96.73200305730944,pobre,basal,0,400.0,517.0,1.0,39.0,13,79,37592,1,0.0
97,1.0,0.0,0.62,1.0,2.0,8,96.73200305730944,96.73200305730944,pobre,basal,0,400.0,517.0,1.0,39.0,10,79,37593,2,1.0
98,1.0,0.0,0.62,1.0,3.0,8,96.73200305730944,96.73200305730944,pobre,basal,0,400.0,517.0,1.0,39.0,11,79,37593,2,1.0
97,0.0,0.0,0.62,1.0,2.0,8,96.73200305730944,96.73200305730944,pobre,basal,0,400.0,517.0,1.0,39.0,8,79,37594,2,1.0
98,0.0,0.0,0.62,1.0,3.0,8,96.73200305730944,96.73200305730944,pobre,basal,0,400.0,517.0,1.0,39.0,9,79,37594,2,1.0
97,0.0,0.0,0.62,1.0,1.0,8,96.73200305730944,96.73200305730944,pobre,basal,0,400.0,517.0,1.0,39.0,6,79,37595,1,1.0
98,0.0,0.0,0.62,1.0,1.0,8,96.73200305730944,96.73200305730944,pobre,basal,0,400.0,517.0,1.0,39.0,7,79,37595,1,1.0
97,0.0,0.0,0.62,0.0,6.0,9,96.73200305730944,96.73200305730944,pobre,basal,6,600.0,701.5,1.0,38.0,14,79,37596,6,0.0
98,0.0,0.0,0.62,0.0,6.0,9,96.73200305730944,96.73200305730944,pobre,basal,6,600.0,701.5,1.0,38.0,15,79,37596,6,0.0
97,1.0,0.0,0.62,1.0,6.0,9,96.73200305730944,96.73200305730944,pobre,basal,6,600.0,701.5,1.0,38.0,12,79,37597,6,1.0
98,1.0,0.0,0.62,1.0,7.0,9,96.73200305730944,96.73200305730944,pobre,basal,6,600.0,701.5,1.0,38.0,13,79,37597,6,1.0
97,1.0,0.0,0.62,1.0,4.0,9,96.73200305730944,96.73200305730944,pobre,basal,6,600.0,701.5,1.0,38.0,8,79,37598,4,1.0
98,1.0,0.0,0.62,1.0,5.0,9,96.73200305730944,96.73200305730944,pobre,basal,6,600.0,701.5,1.0,38.0,9,79,37598,4,1.0
97,1.0,0.0,0.62,1.0,3.0,9,96.73200305730944,96.73200305730944,pobre,basal,6,600.0,701.5,1.0,38.0,8,79,37599,3,1.0
98,1.0,0.0,0.62,1.0,3.0,9,96.73200305730944,96.73200305730944,pobre,basal,6,600.0,701.5,1.0,38.0,9,79,37599,3,1.0
97,1.0,0.0,0.62,1.0,0.0,9,96.73200305730944,96.73200305730944,pobre,basal,6,600.0,701.5,1.0,38.0,6,79,37600,0,1.0
98,1.0,0.0,0.62,1.0,1.0,9,96.73200305730944,96.73200305730944,pobre,basal,6,600.0,701.5,1.0,38.0,7,79,37600,0,1.0
97,1.0,0.0,0.62,1.0,1.0,10,96.73200305730944,96.73200305730944,pobre,basal,3,0.0,604.0,0.0,60.0,6,79,37601,1,1.0
98,1.0,0.0,0.62,1.0,2.0,10,96.73200305730944,96.73200305730944,pobre,basal,3,0.0,604.0,0.0,60.0,7,79,37601,1,1.0
97,0.0,0.0,0.62,1.0,4.0,7,96.73200305730944,96.73200305730944,pobre,basal,0,625.0,622.92499,1.0,28.0,13,79,37602,4,1.0
98,0.0,0.0,0.62,1.0,5.0,7,96.73200305730944,96.73200305730944,pobre,basal,0,625.0,622.92499,1.0,28.0,14,79,37602,4,1.0
97,1.0,0.0,0.62,1.0,3.0,7,96.73200305730944,96.73200305730944,pobre,basal,0,625.0,622.92499,1.0,28.0,10,79,37603,3,1.0
98,1.0,0.0,0.62,1.0,4.0,7,96.73200305730944,96.73200305730944,pobre,basal,0,625.0,622.92499,1.0,28.0,11,79,37603,3,1.0
97,1.0,0.0,0.62,1.0,3.0,7,96.73200305730944,96.73200305730944,pobre,basal,0,625.0,622.92499,1.0,28.0,7,79,37604,3,1.0
98,1.0,0.0,0.62,1.0,4.0,7,96.73200305730944,96.73200305730944,pobre,basal,0,625.0,622.92499,1.0,28.0,8,79,37604,3,1.0
97,1.0,0.0,0.62,1.0,1.0,7,96.73200305730944,96.73200305730944,pobre,basal,0,625.0,622.92499,1.0,28.0,6,79,37605,1,1.0
98,1.0,0.0,0.62,1.0,2.0,7,96.73200305730944,96.73200305730944,pobre,basal,0,625.0,622.92499,1.0,28.0,7,79,37605,1,1.0
97,1.0,0.0,0.62,1.0,8.0,6,96.73200305730944,96.73200305730944,pobre,basal,1,500.0,605.0,1.0,66.0,15,79,37606,8,1.0
98,1.0,0.0,0.62,1.0,9.0,6,96.73200305730944,96.73200305730944,pobre,basal,1,500.0,605.0,1.0,66.0,16,79,37606,8,1.0
97,0.0,0.0,0.62,1.0,7.0,6,96.73200305730944,96.73200305730944,pobre,basal,1,500.0,605.0,1.0,66.0,13,79,37607,7,1.0
98,0.0,0.0,0.62,1.0,8.0,6,96.73200305730944,96.73200305730944,pobre,basal,1,500.0,605.0,1.0,66.0,14,79,37607,7,1.0
97,1.0,0.0,0.62,1.0,6.0,6,96.73200305730944,96.73200305730944,pobre,basal,1,500.0,605.0,1.0,66.0,11,79,37608,6,1.0
98,1.0,0.0,0.62,1.0,7.0,6,96.73200305730944,96.73200305730944,pobre,basal,1,500.0,605.0,1.0,66.0,12,79,37608,6,1.0
97,1.0,0.0,0.62,1.0,6.0,6,96.73200305730944,96.73200305730944,pobre,basal,1,500.0,605.0,1.0,66.0,11,79,37609,6,1.0
98,1.0,0.0,0.62,1.0,7.0,6,96.73200305730944,96.73200305730944,pobre,basal,1,500.0,605.0,1.0,66.0,12,79,37609,6,1.0
97,1.0,0.0,0.62,0.0,6.0,3,96.73200305730944,96.73200305730944,pobre,basal,0,0.0,830.5,1.0,58.0,16,79,37610,6,0.0
98,1.0,0.0,0.62,,,3,96.73200305730944,96.73200305730944,pobre,basal,0,0.0,830.5,1.0,58.0,17,79,37610,6,0.0
97,0.0,0.0,0.0,1.0,4.0,5,72.80421840935115,72.80421840935115,pobre,0,3,54.166668,1166.5,1.0,65.0,9,283,37611,4,1.0
98,0.0,0.0,0.0,1.0,5.0,5,72.80421840935115,72.80421840935115,pobre,0,3,54.166668,1166.5,1.0,65.0,10,283,37611,4,1.0
97,0.0,0.0,0.0,1.0,9.0,6,72.80421840935115,72.80421840935115,no pobre,0,6,1200.0,926.0,1.0,38.0,15,283,37612,9,1.0
98,0.0,0.0,0.0,1.0,10.0,6,72.80421840935115,72.80421840935115,no pobre,0,6,1200.0,926.0,1.0,38.0,16,283,37612,9,1.0
97,1.0,0.0,0.0,1.0,4.0,6,72.80421840935115,72.80421840935115,no pobre,0,6,1200.0,926.0,1.0,38.0,9,283,37613,4,1.0
98,1.0,0.0,0.0,1.0,5.0,6,72.80421840935115,72.80421840935115,no pobre,0,6,1200.0,926.0,1.0,38.0,10,283,37613,4,1.0
97,0.0,0.0,0.0,1.0,0.0,6,72.80421840935115,72.80421840935115,no pobre,0,6,1200.0,926.0,1.0,38.0,6,283,37614,0,1.0
98,0.0,0.0,0.0,1.0,1.0,6,72.80421840935115,72.80421840935115,no pobre,0,6,1200.0,926.0,1.0,38.0,7,283,37614,0,1.0
97,0.0,0.0,0.0,1.0,2.0,7,72.80421840935115,72.80421840935115,pobre,0,0,1000.0,743.5,1.0,58.0,8,283,37615,2,1.0
98,0.0,0.0,0.0,1.0,3.0,7,72.80421840935115,72.80421840935115,pobre,0,0,1000.0,743.5,1.0,58.0,9,283,37615,2,1.0
97,1.0,0.0,0.0,1.0,8.0,8,72.80421840935115,72.80421840935115,pobre,0,3,800.0,792.0,1.0,52.0,16,283,37616,8,1.0
98,1.0,0.0,0.0,,,8,72.80421840935115,72.80421840935115,pobre,0,3,800.0,792.0,1.0,52.0,17,283,37616,8,1.0
97,1.0,0.0,0.0,1.0,6.0,8,72.80421840935115,72.80421840935115,pobre,0,3,800.0,792.0,1.0,52.0,14,283,37617,6,1.0
98,1.0,0.0,0.0,0.0,6.0,8,72.80421840935115,72.80421840935115,pobre,0,3,800.0,792.0,1.0,52.0,15,283,37617,6,1.0
97,1.0,0.0,0.0,1.0,6.0,8,72.80421840935115,72.80421840935115,pobre,0,3,800.0,792.0,1.0,52.0,12,283,37618,6,1.0
98,1.0,0.0,0.0,0.0,6.0,8,72.80421840935115,72.80421840935115,pobre,0,3,800.0,792.0,1.0,52.0,13,283,37618,6,1.0
97,0.0,0.0,0.0,1.0,5.0,8,72.80421840935115,72.80421840935115,pobre,0,3,800.0,792.0,1.0,52.0,8,283,37619,5,1.0
98,0.0,0.0,0.0,1.0,6.0,8,72.80421840935115,72.80421840935115,pobre,0,3,800.0,792.0,1.0,52.0,9,283,37619,5,1.0
97,1.0,0.0,0.0,0.0,9.0,14,72.80421840935115,72.80421840935115,pobre,0,2,290.0,730.5,1.0,44.0,15,283,37620,9,0.0
98,1.0,0.0,0.0,0.0,9.0,14,72.80421840935115,72.80421840935115,pobre,0,2,290.0,730.5,1.0,44.0,16,283,37620,9,0.0
97,1.0,0.0,0.0,1.0,8.0,14,72.80421840935115,72.80421840935115,pobre,0,2,290.0,730.5,1.0,44.0,14,283,37621,8,1.0
98,1.0,0.0,0.0,0.0,9.0,14,72.80421840935115,72.80421840935115,pobre,0,2,290.0,730.5,1.0,44.0,15,283,37621,8,1.0
97,1.0,0.0,0.0,1.0,6.0,14,72.80421840935115,72.80421840935115,pobre,0,2,290.0,730.5,1.0,44.0,12,283,37622,6,1.0
98,1.0,0.0,0.0,1.0,6.0,14,72.80421840935115,72.80421840935115,pobre,0,2,290.0,730.5,1.0,44.0,13,283,37622,6,1.0
97,0.0,0.0,0.0,,4.0,14,72.80421840935115,72.80421840935115,pobre,0,2,290.0,730.5,1.0,44.0,10,283,37623,4,
98,0.0,0.0,0.0,1.0,5.0,14,72.80421840935115,72.80421840935115,pobre,0,2,290.0,730.5,1.0,44.0,11,283,37623,4,
97,1.0,0.0,0.0,1.0,6.0,7,72.80421840935115,72.80421840935115,pobre,0,2,1360.0,951.0,1.0,44.0,12,283,37624,6,1.0
98,1.0,0.0,0.0,1.0,7.0,7,72.80421840935115,72.80421840935115,pobre,0,2,1360.0,951.0,1.0,44.0,13,283,37624,6,1.0
97,1.0,0.0,0.0,1.0,4.0,7,72.80421840935115,72.80421840935115,pobre,0,2,1360.0,951.0,1.0,44.0,10,283,37625,4,1.0
98,1.0,0.0,0.0,1.0,5.0,7,72.80421840935115,72.80421840935115,pobre,0,2,1360.0,951.0,1.0,44.0,11,283,37625,4,1.0
97,0.0,0.0,3.6010001,0.0,6.0,5,89.38165253308725,89.38165253308725,pobre,basal,3,800.0,795.5,1.0,39.0,15,295,37626,6,0.0
98,0.0,0.0,3.6010001,0.0,6.0,5,89.38165253308725,89.38165253308725,pobre,basal,3,800.0,795.5,1.0,39.0,16,295,37626,6,0.0
97,1.0,0.0,3.6010001,1.0,1.0,5,89.38165253308725,89.38165253308725,pobre,basal,3,800.0,795.5,1.0,39.0,7,295,37627,1,1.0
98,1.0,0.0,3.6010001,1.0,2.0,5,89.38165253308725,89.38165253308725,pobre,basal,3,800.0,795.5,1.0,39.0,8,295,37627,1,1.0
97,0.0,0.0,3.6010001,0.0,6.0,9,89.38165253308725,89.38165253308725,no pobre,basal,3,800.0,840.0,1.0,43.0,14,295,37628,6,0.0
98,0.0,0.0,3.6010001,0.0,6.0,9,89.38165253308725,89.38165253308725,no pobre,basal,3,800.0,840.0,1.0,43.0,15,295,37628,6,0.0
97,1.0,0.0,3.6010001,1.0,5.0,9,89.38165253308725,89.38165253308725,no pobre,basal,3,800.0,840.0,1.0,43.0,12,295,37629,5,1.0
98,1.0,0.0,3.6010001,0.0,6.0,9,89.38165253308725,89.38165253308725,no pobre,basal,3,800.0,840.0,1.0,43.0,13,295,37629,5,1.0
97,1.0,0.0,3.6010001,1.0,0.0,9,89.38165253308725,89.38165253308725,no pobre,basal,3,800.0,840.0,1.0,43.0,6,295,37630,0,1.0
98,1.0,0.0,3.6010001,1.0,1.0,9,89.38165253308725,89.38165253308725,no pobre,basal,3,800.0,840.0,1.0,43.0,7,295,37630,0,1.0
97,0.0,0.0,3.6010001,1.0,4.0,4,89.38165253308725,89.38165253308725,no pobre,basal,6,800.0,902.0,1.0,34.0,10,295,37631,4,1.0
98,0.0,0.0,3.6010001,1.0,5.0,4,89.38165253308725,89.38165253308725,no pobre,basal,6,800.0,902.0,1.0,34.0,11,295,37631,4,1.0
97,0.0,0.0,3.6010001,0.0,5.0,7,89.38165253308725,89.38165253308725,no pobre,basal,2,333.33334,1028.5,1.0,43.0,16,295,37632,5,0.0
98,0.0,0.0,3.6010001,,,7,89.38165253308725,89.38165253308725,no pobre,basal,2,333.33334,1028.5,1.0,43.0,17,295,37632,5,0.0
97,1.0,0.0,3.6010001,1.0,3.0,7,89.38165253308725,89.38165253308725,no pobre,basal,2,333.33334,1028.5,1.0,43.0,9,295,37633,3,1.0
98,1.0,0.0,3.6010001,1.0,4.0,7,89.38165253308725,89.38165253308725,no pobre,basal,2,333.33334,1028.5,1.0,43.0,10,295,37633,3,1.0
97,1.0,0.0,3.6010001,1.0,1.0,7,89.38165253308725,89.38165253308725,no pobre,basal,2,333.33334,1028.5,1.0,43.0,7,295,37634,1,1.0
98,1.0,0.0,3.6010001,1.0,2.0,7,89.38165253308725,89.38165253308725,no pobre,basal,2,333.33334,1028.5,1.0,43.0,8,295,37634,1,1.0
97,1.0,0.0,0.0,1.0,8.0,4,72.80421840935115,72.80421840935115,no pobre,0,6,1012.0,1025.0,1.0,34.0,14,283,37635,8,1.0
98,1.0,0.0,0.0,0.0,9.0,4,72.80421840935115,72.80421840935115,no pobre,0,6,1012.0,1025.0,1.0,34.0,15,283,37635,8,1.0
97,1.0,0.0,0.0,1.0,5.0,4,72.80421840935115,72.80421840935115,no pobre,0,6,1012.0,1025.0,1.0,34.0,11,283,37636,5,1.0
98,1.0,0.0,0.0,1.0,6.0,4,72.80421840935115,72.80421840935115,no pobre,0,6,1012.0,1025.0,1.0,34.0,12,283,37636,5,1.0
97,0.0,0.0,0.0,,0.0,4,72.80421840935115,72.80421840935115,no pobre,0,16,2500.0,896.0,1.0,36.0,7,283,37637,0,
98,0.0,0.0,0.0,1.0,1.0,4,72.80421840935115,72.80421840935115,no pobre,0,16,2500.0,896.0,1.0,36.0,8,283,37637,0,
97,0.0,0.0,0.0,1.0,1.0,6,72.80421840935115,72.80421840935115,no pobre,0,6,0.0,1011.0,0.0,43.0,7,283,37638,1,1.0
98,0.0,0.0,0.0,1.0,2.0,6,72.80421840935115,72.80421840935115,no pobre,0,6,0.0,1011.0,0.0,43.0,8,283,37638,1,1.0
97,0.0,0.0,0.0,1.0,3.0,6,72.80421840935115,72.80421840935115,pobre,0,6,1000.0,786.0,1.0,34.0,9,283,37639,3,1.0
98,0.0,0.0,0.0,1.0,4.0,6,72.80421840935115,72.80421840935115,pobre,0,6,1000.0,786.0,1.0,34.0,10,283,37639,3,1.0
97,0.0,0.0,0.0,,0.0,6,72.80421840935115,72.80421840935115,pobre,0,6,1000.0,786.0,1.0,34.0,6,283,37640,0,
98,0.0,0.0,0.0,1.0,1.0,6,72.80421840935115,72.80421840935115,pobre,0,6,1000.0,786.0,1.0,34.0,7,283,37640,0,
97,1.0,0.0,0.0,1.0,8.0,6,72.80421840935115,72.80421840935115,pobre,0,2,1120.0,684.0,1.0,36.0,13,283,37641,8,1.0
98,1.0,0.0,0.0,0.0,9.0,6,72.80421840935115,72.80421840935115,pobre,0,2,1120.0,684.0,1.0,36.0,14,283,37641,8,1.0
97,1.0,0.0,0.0,1.0,6.0,6,72.80421840935115,72.80421840935115,pobre,0,2,1120.0,684.0,1.0,36.0,10,283,37642,6,1.0
98,1.0,0.0,0.0,1.0,7.0,6,72.80421840935115,72.80421840935115,pobre,0,2,1120.0,684.0,1.0,36.0,11,283,37642,6,1.0
97,0.0,0.0,0.0,1.0,1.0,6,72.80421840935115,72.80421840935115,pobre,0,2,1120.0,684.0,1.0,36.0,8,283,37643,1,1.0
98,0.0,0.0,0.0,1.0,2.0,6,72.80421840935115,72.80421840935115,pobre,0,2,1120.0,684.0,1.0,36.0,9,283,37643,1,1.0
97,0.0,0.0,0.0,0.0,9.0,6,72.80421840935115,72.80421840935115,pobre,0,0,0.0,842.5,0.0,56.0,16,283,37644,9,0.0
98,0.0,0.0,0.0,0.0,9.0,6,72.80421840935115,72.80421840935115,pobre,0,0,0.0,842.5,0.0,56.0,17,283,37644,9,0.0
97,0.0,0.0,0.0,1.0,0.0,5,72.80421840935115,72.80421840935115,pobre,0,3,1750.0,679.0,1.0,26.0,6,283,37645,0,1.0
98,0.0,0.0,0.0,1.0,0.0,5,72.80421840935115,72.80421840935115,pobre,0,3,1750.0,679.0,1.0,26.0,7,283,37645,0,1.0
97,1.0,0.0,0.0,1.0,4.0,6,72.80421840935115,72.80421840935115,pobre,0,6,600.0,700.0,1.0,42.0,10,283,37646,4,1.0
98,1.0,0.0,0.0,1.0,5.0,6,72.80421840935115,72.80421840935115,pobre,0,6,600.0,700.0,1.0,42.0,11,283,37646,4,1.0
97,1.0,0.0,0.0,1.0,3.0,6,72.80421840935115,72.80421840935115,pobre,0,6,600.0,700.0,1.0,42.0,9,283,37647,3,1.0
98,1.0,0.0,0.0,1.0,3.0,6,72.80421840935115,72.80421840935115,pobre,0,6,600.0,700.0,1.0,42.0,10,283,37647,3,1.0
97,0.0,0.0,0.0,1.0,5.0,7,72.80421840935115,72.80421840935115,pobre,0,6,1200.0,805.5,1.0,38.0,11,283,37648,5,1.0
98,0.0,0.0,0.0,0.0,6.0,7,72.80421840935115,72.80421840935115,pobre,0,6,1200.0,805.5,1.0,38.0,12,283,37648,5,1.0
97,1.0,0.0,0.0,1.0,2.0,7,72.80421840935115,72.80421840935115,pobre,0,6,1200.0,805.5,1.0,38.0,7,283,37649,2,1.0
98,1.0,0.0,0.0,1.0,3.0,7,72.80421840935115,72.80421840935115,pobre,0,6,1200.0,805.5,1.0,38.0,8,283,37649,2,1.0
97,0.0,0.0,0.0,0.0,9.0,4,72.80421840935115,72.80421840935115,pobre,0,5,800.0,795.0,1.0,42.0,16,283,37650,9,0.0
98,0.0,0.0,0.0,,,4,72.80421840935115,72.80421840935115,pobre,0,5,800.0,795.0,1.0,42.0,17,283,37650,9,0.0
97,1.0,0.0,0.0,1.0,3.0,4,72.80421840935115,72.80421840935115,pobre,0,5,800.0,795.0,1.0,42.0,9,283,37651,3,1.0
98,1.0,0.0,0.0,,,4,72.80421840935115,72.80421840935115,pobre,0,5,800.0,795.0,1.0,42.0,10,283,37651,3,1.0
97,1.0,0.0,0.0,1.0,7.0,8,72.80421840935115,72.80421840935115,pobre,0,6,1250.0,951.0,1.0,38.0,13,283,37652,7,1.0
98,1.0,0.0,0.0,1.0,8.0,8,72.80421840935115,72.80421840935115,pobre,0,6,1250.0,951.0,1.0,38.0,14,283,37652,7,1.0
97,1.0,0.0,0.0,1.0,5.0,8,72.80421840935115,72.80421840935115,pobre,0,6,1250.0,951.0,1.0,38.0,11,283,37653,5,1.0
98,1.0,0.0,0.0,1.0,6.0,8,72.80421840935115,72.80421840935115,pobre,0,6,1250.0,951.0,1.0,38.0,12,283,37653,5,1.0
97,0.0,0.0,0.0,1.0,2.0,8,72.80421840935115,72.80421840935115,pobre,0,6,1250.0,951.0,1.0,38.0,8,283,37654,2,1.0
98,0.0,0.0,0.0,1.0,3.0,8,72.80421840935115,72.80421840935115,pobre,0,6,1250.0,951.0,1.0,38.0,9,283,37654,2,1.0
97,0.0,0.0,0.0,1.0,0.0,8,72.80421840935115,72.80421840935115,pobre,0,6,1250.0,951.0,1.0,38.0,6,283,37655,0,1.0
98,0.0,0.0,0.0,1.0,1.0,8,72.80421840935115,72.80421840935115,pobre,0,6,1250.0,951.0,1.0,38.0,7,283,37655,0,1.0
97,0.0,0.0,0.0,0.0,9.0,9,72.80421840935115,72.80421840935115,pobre,0,4,5000.0,855.5,1.0,44.0,16,283,37656,9,0.0
98,0.0,0.0,0.0,,,9,72.80421840935115,72.80421840935115,pobre,0,4,5000.0,855.5,1.0,44.0,17,283,37656,9,0.0
97,0.0,0.0,0.0,0.0,9.0,9,72.80421840935115,72.80421840935115,pobre,0,4,5000.0,855.5,1.0,44.0,15,283,37657,9,0.0
98,0.0,0.0,0.0,0.0,9.0,9,72.80421840935115,72.80421840935115,pobre,0,4,5000.0,855.5,1.0,44.0,16,283,37657,9,0.0
97,1.0,0.0,0.0,1.0,6.0,9,72.80421840935115,72.80421840935115,pobre,0,4,5000.0,855.5,1.0,44.0,12,283,37658,6,1.0
98,1.0,0.0,0.0,1.0,7.0,9,72.80421840935115,72.80421840935115,pobre,0,4,5000.0,855.5,1.0,44.0,13,283,37658,6,1.0
97,0.0,0.0,0.0,1.0,4.0,9,72.80421840935115,72.80421840935115,pobre,0,4,5000.0,855.5,1.0,44.0,11,283,37659,4,1.0
98,0.0,0.0,0.0,1.0,5.0,9,72.80421840935115,72.80421840935115,pobre,0,4,5000.0,855.5,1.0,44.0,12,283,37659,4,1.0
97,0.0,0.0,0.0,1.0,2.0,9,72.80421840935115,72.80421840935115,pobre,0,4,5000.0,855.5,1.0,44.0,8,283,37660,2,1.0
98,0.0,0.0,0.0,1.0,3.0,9,72.80421840935115,72.80421840935115,pobre,0,4,5000.0,855.5,1.0,44.0,9,283,37660,2,1.0
97,0.0,0.0,0.0,1.0,1.0,9,72.80421840935115,72.80421840935115,pobre,0,4,5000.0,855.5,1.0,44.0,6,283,37661,1,1.0
98,0.0,0.0,0.0,1.0,2.0,9,72.80421840935115,72.80421840935115,pobre,0,4,5000.0,855.5,1.0,44.0,7,283,37661,1,1.0
97,0.0,0.0,0.0,1.0,9.0,5,72.80421840935115,72.80421840935115,pobre,0,6,1600.0,863.0,1.0,35.0,14,283,37662,9,1.0
98,0.0,0.0,0.0,1.0,10.0,5,72.80421840935115,72.80421840935115,pobre,0,6,1600.0,863.0,1.0,35.0,15,283,37662,9,1.0
97,1.0,0.0,0.0,1.0,7.0,5,72.80421840935115,72.80421840935115,pobre,0,6,1600.0,863.0,1.0,35.0,13,283,37663,7,1.0
98,1.0,0.0,0.0,1.0,8.0,5,72.80421840935115,72.80421840935115,pobre,0,6,1600.0,863.0,1.0,35.0,14,283,37663,7,1.0
97,0.0,0.0,0.0,1.0,0.0,5,72.80421840935115,72.80421840935115,pobre,0,6,1600.0,863.0,1.0,35.0,6,283,37664,0,1.0
98,0.0,0.0,0.0,1.0,1.0,5,72.80421840935115,72.80421840935115,pobre,0,6,1600.0,863.0,1.0,35.0,7,283,37664,0,1.0
97,1.0,0.0,0.0,1.0,4.0,4,72.80421840935115,72.80421840935115,pobre,0,5,750.0,742.0,1.0,37.0,10,283,37665,4,1.0
98,1.0,0.0,0.0,1.0,5.0,4,72.80421840935115,72.80421840935115,pobre,0,5,750.0,742.0,1.0,37.0,11,283,37665,4,1.0
97,1.0,0.0,0.0,1.0,3.0,4,72.80421840935115,72.80421840935115,pobre,0,5,750.0,742.0,1.0,37.0,8,283,37666,3,1.0
98,1.0,0.0,0.0,1.0,4.0,4,72.80421840935115,72.80421840935115,pobre,0,5,750.0,742.0,1.0,37.0,9,283,37666,3,1.0
97,0.0,0.0,0.0,1.0,6.0,7,72.80421840935115,72.80421840935115,pobre,0,4,1400.0,508.0,1.0,37.0,12,283,37667,6,1.0
98,0.0,0.0,0.0,1.0,7.0,7,72.80421840935115,72.80421840935115,pobre,0,4,1400.0,508.0,1.0,37.0,13,283,37667,6,1.0
97,0.0,0.0,0.0,1.0,5.0,7,72.80421840935115,72.80421840935115,pobre,0,4,1400.0,508.0,1.0,37.0,11,283,37668,5,1.0
98,0.0,0.0,0.0,1.0,6.0,7,72.80421840935115,72.80421840935115,pobre,0,4,1400.0,508.0,1.0,37.0,12,283,37668,5,1.0
97,1.0,0.0,0.0,1.0,2.0,7,72.80421840935115,72.80421840935115,pobre,0,4,1400.0,508.0,1.0,37.0,8,283,37669,2,1.0
98,1.0,0.0,0.0,1.0,3.0,7,72.80421840935115,72.80421840935115,pobre,0,4,1400.0,508.0,1.0,37.0,9,283,37669,2,1.0
97,0.0,0.0,0.0,1.0,0.0,7,72.80421840935115,72.80421840935115,pobre,0,4,1400.0,508.0,1.0,37.0,6,283,37670,0,1.0
98,0.0,0.0,0.0,1.0,1.0,7,72.80421840935115,72.80421840935115,pobre,0,4,1400.0,508.0,1.0,37.0,7,283,37670,0,1.0
97,0.0,0.0,0.0,1.0,7.0,9,138.4460089862833,138.4460089862833,pobre,0,4,500.0,957.0,1.0,57.0,15,120,37671,7,1.0
98,0.0,0.0,0.0,1.0,8.0,9,138.4460089862833,138.4460089862833,pobre,0,4,500.0,957.0,1.0,57.0,16,120,37671,7,1.0
97,1.0,0.0,0.0,1.0,4.0,9,138.4460089862833,138.4460089862833,pobre,0,4,500.0,957.0,1.0,57.0,13,120,37672,4,1.0
98,1.0,0.0,0.0,1.0,5.0,9,138.4460089862833,138.4460089862833,pobre,0,4,500.0,957.0,1.0,57.0,14,120,37672,4,1.0
97,0.0,0.0,0.0,1.0,2.0,9,138.4460089862833,138.4460089862833,pobre,0,4,500.0,957.0,1.0,57.0,9,120,37673,2,1.0
98,0.0,0.0,0.0,1.0,3.0,9,138.4460089862833,138.4460089862833,pobre,0,4,500.0,957.0,1.0,57.0,10,120,37673,2,1.0
97,1.0,0.0,0.0,1.0,4.0,9,138.4460089862833,138.4460089862833,pobre,0,6,500.0,653.0,1.0,37.0,14,120,37674,4,1.0
98,1.0,0.0,0.0,1.0,5.0,9,138.4460089862833,138.4460089862833,pobre,0,6,500.0,653.0,1.0,37.0,15,120,37674,4,1.0
97,0.0,0.0,0.0,1.0,4.0,9,138.4460089862833,138.4460089862833,pobre,0,6,500.0,653.0,1.0,37.0,12,120,37675,4,1.0
98,0.0,0.0,0.0,1.0,5.0,9,138.4460089862833,138.4460089862833,pobre,0,6,500.0,653.0,1.0,37.0,13,120,37675,4,1.0
97,1.0,0.0,0.0,1.0,3.0,9,138.4460089862833,138.4460089862833,pobre,0,6,500.0,653.0,1.0,37.0,11,120,37676,3,1.0
98,1.0,0.0,0.0,1.0,4.0,9,138.4460089862833,138.4460089862833,pobre,0,6,500.0,653.0,1.0,37.0,12,120,37676,3,1.0
97,0.0,0.0,0.0,1.0,2.0,9,138.4460089862833,138.4460089862833,pobre,0,6,500.0,653.0,1.0,37.0,8,120,37677,2,1.0
98,0.0,0.0,0.0,1.0,3.0,9,138.4460089862833,138.4460089862833,pobre,0,6,500.0,653.0,1.0,37.0,9,120,37677,2,1.0
97,0.0,0.0,0.0,1.0,0.0,9,138.4460089862833,138.4460089862833,pobre,0,6,500.0,653.0,1.0,37.0,6,120,37678,0,1.0
98,0.0,0.0,0.0,1.0,0.0,9,138.4460089862833,138.4460089862833,pobre,0,6,500.0,653.0,1.0,37.0,7,120,37678,0,1.0
97,0.0,0.0,0.0,1.0,6.0,8,138.4460089862833,138.4460089862833,pobre,0,6,500.0,696.0,1.0,42.0,11,120,37679,6,1.0
98,0.0,0.0,0.0,1.0,7.0,8,138.4460089862833,138.4460089862833,pobre,0,6,500.0,696.0,1.0,42.0,12,120,37679,6,1.0
97,0.0,0.0,0.0,1.0,3.0,8,138.4460089862833,138.4460089862833,pobre,0,6,500.0,696.0,1.0,42.0,9,120,37680,3,1.0
98,0.0,0.0,0.0,1.0,4.0,8,138.4460089862833,138.4460089862833,pobre,0,6,500.0,696.0,1.0,42.0,10,120,37680,3,1.0
97,1.0,0.0,0.0,1.0,8.0,5,138.4460089862833,138.4460089862833,pobre,0,3,750.0,740.0,1.0,56.0,14,120,37681,8,1.0
98,1.0,0.0,0.0,0.0,9.0,5,138.4460089862833,138.4460089862833,pobre,0,3,750.0,740.0,1.0,56.0,15,120,37681,8,1.0
97,0.0,0.0,0.0,1.0,5.0,5,138.4460089862833,138.4460089862833,pobre,0,3,750.0,740.0,1.0,56.0,16,120,37682,5,1.0
98,0.0,0.0,0.0,1.0,6.0,5,138.4460089862833,138.4460089862833,pobre,0,3,750.0,740.0,1.0,56.0,17,120,37682,5,1.0
97,0.0,0.0,0.0,1.0,1.0,5,138.4460089862833,138.4460089862833,pobre,0,6,500.0,754.0,1.0,36.0,7,120,37683,1,1.0
98,0.0,0.0,0.0,1.0,2.0,5,138.4460089862833,138.4460089862833,pobre,0,6,500.0,754.0,1.0,36.0,8,120,37683,1,1.0
97,1.0,0.0,0.0,1.0,0.0,4,138.4460089862833,138.4460089862833,pobre,0,3,0.0,814.0,0.0,45.0,7,120,37684,0,1.0
98,1.0,0.0,0.0,,,4,138.4460089862833,138.4460089862833,pobre,0,3,0.0,814.0,0.0,45.0,8,120,37684,0,1.0
97,0.0,0.0,0.0,1.0,0.0,8,138.4460089862833,138.4460089862833,pobre,0,4,0.0,891.70697,1.0,61.0,6,120,37685,0,1.0
98,0.0,0.0,0.0,1.0,1.0,8,138.4460089862833,138.4460089862833,pobre,0,4,0.0,891.70697,1.0,61.0,7,120,37685,0,1.0
97,0.0,0.0,0.0,0.0,9.0,9,13.31589070824295,13.31589070824295,pobre,basal,2,360.0,681.0,1.0,40.0,16,158,37686,9,0.0
98,0.0,0.0,0.0,,,9,13.31589070824295,13.31589070824295,pobre,basal,2,360.0,681.0,1.0,40.0,17,158,37686,9,0.0
97,1.0,0.0,0.0,1.0,2.0,9,13.31589070824295,13.31589070824295,pobre,basal,2,360.0,681.0,1.0,40.0,8,158,37687,2,1.0
98,1.0,0.0,0.0,1.0,3.0,9,13.31589070824295,13.31589070824295,pobre,basal,2,360.0,681.0,1.0,40.0,9,158,37687,2,1.0
97,1.0,0.0,0.0,1.0,2.0,9,13.31589070824295,13.31589070824295,pobre,basal,2,360.0,681.0,1.0,40.0,8,158,37688,2,1.0
98,1.0,0.0,0.0,1.0,3.0,9,13.31589070824295,13.31589070824295,pobre,basal,2,360.0,681.0,1.0,40.0,9,158,37688,2,1.0
97,0.0,0.0,2.651,0.0,9.0,8,62.54823852241724,62.54823852241724,no pobre,0,0,0.0,877.0,1.0,97.0,16,276,37689,9,0.0
98,0.0,0.0,2.651,,,8,62.54823852241724,62.54823852241724,no pobre,0,0,0.0,877.0,1.0,97.0,17,276,37689,9,0.0
97,1.0,0.0,2.651,1.0,3.0,8,62.54823852241724,62.54823852241724,no pobre,0,0,0.0,877.0,1.0,97.0,10,276,37690,3,1.0
98,1.0,0.0,2.651,,,8,62.54823852241724,62.54823852241724,no pobre,0,0,0.0,877.0,1.0,97.0,11,276,37690,3,1.0
97,1.0,0.0,4.5120001,1.0,2.0,4,60.22839731787766,60.22839731787766,pobre,basal,0,41.666668,854.0,0.0,71.0,8,275,37691,2,1.0
98,1.0,0.0,4.5120001,1.0,3.0,4,60.22839731787766,60.22839731787766,pobre,basal,0,41.666668,854.0,0.0,71.0,9,275,37691,2,1.0
97,0.0,0.0,4.5120001,1.0,7.0,7,60.22839731787766,60.22839731787766,pobre,basal,2,41.666668,792.0,1.0,56.0,13,275,37692,7,1.0
98,0.0,0.0,4.5120001,0.0,8.0,7,60.22839731787766,60.22839731787766,pobre,basal,2,41.666668,792.0,1.0,56.0,14,275,37692,7,1.0
97,0.0,0.0,4.2909999,1.0,1.0,7,49.3929724122933,49.3929724122933,pobre,0,8,1400.0,694.0,1.0,32.0,7,285,37693,1,1.0
98,0.0,0.0,4.2909999,1.0,2.0,7,49.3929724122933,49.3929724122933,pobre,0,8,1400.0,694.0,1.0,32.0,8,285,37693,1,1.0
97,1.0,0.0,4.2909999,1.0,0.0,7,49.3929724122933,49.3929724122933,pobre,0,8,1400.0,694.0,1.0,32.0,6,285,37694,0,1.0
98,1.0,0.0,4.2909999,1.0,1.0,7,49.3929724122933,49.3929724122933,pobre,0,8,1400.0,694.0,1.0,32.0,7,285,37694,0,1.0
97,0.0,0.0,4.2909999,0.0,6.0,6,49.3929724122933,49.3929724122933,no pobre,0,0,1120.0,879.0,1.0,40.0,14,285,37695,6,0.0
98,0.0,0.0,4.2909999,0.0,6.0,6,49.3929724122933,49.3929724122933,no pobre,0,0,1120.0,879.0,1.0,40.0,15,285,37695,6,0.0
97,1.0,0.0,4.2909999,1.0,4.0,6,49.3929724122933,49.3929724122933,no pobre,0,0,1120.0,879.0,1.0,40.0,11,285,37696,4,1.0
98,1.0,0.0,4.2909999,1.0,5.0,6,49.3929724122933,49.3929724122933,no pobre,0,0,1120.0,879.0,1.0,40.0,12,285,37696,4,1.0
97,1.0,0.0,4.2909999,1.0,6.0,6,49.3929724122933,49.3929724122933,pobre,0,9,800.0,834.0,1.0,33.0,12,285,37697,6,1.0
98,1.0,0.0,4.2909999,1.0,7.0,6,49.3929724122933,49.3929724122933,pobre,0,9,800.0,834.0,1.0,33.0,13,285,37697,6,1.0
97,1.0,0.0,4.2909999,1.0,4.0,6,49.3929724122933,49.3929724122933,pobre,0,9,800.0,834.0,1.0,33.0,10,285,37698,4,1.0
98,1.0,0.0,4.2909999,1.0,5.0,6,49.3929724122933,49.3929724122933,pobre,0,9,800.0,834.0,1.0,33.0,11,285,37698,4,1.0
97,0.0,0.0,4.2909999,1.0,4.0,5,49.3929724122933,49.3929724122933,pobre,0,3,800.0,865.0,1.0,37.0,10,285,37699,4,1.0
98,0.0,0.0,4.2909999,1.0,5.0,5,49.3929724122933,49.3929724122933,pobre,0,3,800.0,865.0,1.0,37.0,11,285,37699,4,1.0
97,0.0,0.0,4.2909999,1.0,2.0,5,49.3929724122933,49.3929724122933,pobre,0,3,800.0,865.0,1.0,37.0,8,285,37700,2,1.0
98,0.0,0.0,4.2909999,1.0,3.0,5,49.3929724122933,49.3929724122933,pobre,0,3,800.0,865.0,1.0,37.0,9,285,37700,2,1.0
97,1.0,0.0,4.2909999,1.0,6.0,8,49.3929724122933,49.3929724122933,pobre,0,9,860.0,781.0,1.0,35.0,12,285,37701,6,1.0
98,1.0,0.0,4.2909999,1.0,6.0,8,49.3929724122933,49.3929724122933,pobre,0,9,860.0,781.0,1.0,35.0,13,285,37701,6,1.0
97,0.0,0.0,4.2909999,1.0,3.0,8,49.3929724122933,49.3929724122933,pobre,0,9,860.0,781.0,1.0,35.0,9,285,37702,3,1.0
98,0.0,0.0,4.2909999,1.0,4.0,8,49.3929724122933,49.3929724122933,pobre,0,9,860.0,781.0,1.0,35.0,10,285,37702,3,1.0
97,0.0,0.0,4.2909999,1.0,1.0,8,49.3929724122933,49.3929724122933,pobre,0,9,860.0,781.0,1.0,35.0,7,285,37703,1,1.0
98,0.0,0.0,4.2909999,1.0,2.0,8,49.3929724122933,49.3929724122933,pobre,0,9,860.0,781.0,1.0,35.0,8,285,37703,1,1.0
97,0.0,0.0,4.2909999,0.0,6.0,5,49.3929724122933,49.3929724122933,no pobre,0,1,1000.0,939.75,1.0,57.0,14,285,37704,6,0.0
98,0.0,0.0,4.2909999,0.0,6.0,5,49.3929724122933,49.3929724122933,no pobre,0,1,1000.0,939.75,1.0,57.0,15,285,37704,6,0.0
97,0.0,0.0,2.651,0.0,6.0,4,62.54823852241724,62.54823852241724,pobre,0,0,0.0,594.0,0.0,55.0,15,276,37705,6,0.0
98,0.0,0.0,2.651,,,4,62.54823852241724,62.54823852241724,pobre,0,0,0.0,594.0,0.0,55.0,16,276,37705,6,0.0
97,1.0,0.0,2.651,1.0,5.0,10,62.54823852241724,62.54823852241724,pobre,0,0,104.16666,814.5,1.0,52.0,12,276,37706,5,1.0
98,1.0,0.0,2.651,1.0,6.0,10,62.54823852241724,62.54823852241724,pobre,0,0,104.16666,814.5,1.0,52.0,13,276,37706,5,1.0
97,0.0,0.0,2.651,1.0,5.0,10,62.54823852241724,62.54823852241724,pobre,0,0,104.16666,814.5,1.0,52.0,10,276,37707,5,1.0
98,0.0,0.0,2.651,1.0,6.0,10,62.54823852241724,62.54823852241724,pobre,0,0,104.16666,814.5,1.0,52.0,11,276,37707,5,1.0
97,1.0,0.0,2.651,1.0,2.0,10,62.54823852241724,62.54823852241724,pobre,0,0,104.16666,814.5,1.0,52.0,8,276,37708,2,1.0
98,1.0,0.0,2.651,1.0,3.0,10,62.54823852241724,62.54823852241724,pobre,0,0,104.16666,814.5,1.0,52.0,9,276,37708,2,1.0
97,1.0,0.0,2.651,1.0,0.0,10,62.54823852241724,62.54823852241724,pobre,0,0,104.16666,814.5,1.0,52.0,6,276,37709,0,1.0
98,1.0,0.0,2.651,1.0,1.0,10,62.54823852241724,62.54823852241724,pobre,0,0,104.16666,814.5,1.0,52.0,7,276,37709,0,1.0
97,0.0,0.0,4.6750002,0.0,9.0,3,107.2294981532787,132.5457555070723,pobre,basal,3,8000.0,840.0,1.0,47.0,16,126,37710,9,0.0
98,0.0,0.0,4.6750002,,,3,107.2294981532787,132.5457555070723,pobre,basal,3,8000.0,840.0,1.0,47.0,17,126,37710,9,0.0
97,1.0,0.0,4.6750002,1.0,2.0,6,107.2294981532787,132.5457555070723,pobre,basal,0,0.0,700.0,0.0,65.0,8,126,37711,2,1.0
98,1.0,0.0,4.6750002,1.0,3.0,6,107.2294981532787,132.5457555070723,pobre,basal,0,0.0,700.0,0.0,65.0,9,126,37711,2,1.0
97,0.0,0.0,4.6750002,1.0,5.0,6,107.2294981532787,132.5457555070723,no pobre,basal,3,125.0,918.33099,1.0,37.0,13,126,37712,5,1.0
98,0.0,0.0,4.6750002,0.0,6.0,6,107.2294981532787,132.5457555070723,no pobre,basal,3,125.0,918.33099,1.0,37.0,14,126,37712,5,1.0
97,1.0,0.0,4.6750002,1.0,2.0,6,107.2294981532787,132.5457555070723,no pobre,basal,3,125.0,918.33099,1.0,37.0,9,126,37713,2,1.0
98,1.0,0.0,4.6750002,1.0,3.0,6,107.2294981532787,132.5457555070723,no pobre,basal,3,125.0,918.33099,1.0,37.0,10,126,37713,2,1.0
97,1.0,0.0,4.6750002,1.0,1.0,6,107.2294981532787,132.5457555070723,no pobre,basal,3,125.0,918.33099,1.0,37.0,7,126,37714,1,1.0
98,1.0,0.0,4.6750002,1.0,2.0,6,107.2294981532787,132.5457555070723,no pobre,basal,3,125.0,918.33099,1.0,37.0,8,126,37714,1,1.0
97,0.0,0.0,4.6750002,1.0,8.0,4,107.2294981532787,132.5457555070723,no pobre,basal,3,1600.0,1010.0,1.0,58.0,15,126,37715,8,1.0
98,0.0,0.0,4.6750002,1.0,9.0,4,107.2294981532787,132.5457555070723,no pobre,basal,3,1600.0,1010.0,1.0,58.0,16,126,37715,8,1.0
97,0.0,0.0,4.6750002,1.0,4.0,5,107.2294981532787,132.5457555070723,pobre,basal,0,750.0,1009.5,1.0,40.0,10,126,37716,4,1.0
98,0.0,0.0,4.6750002,1.0,4.0,5,107.2294981532787,132.5457555070723,pobre,basal,0,750.0,1009.5,1.0,40.0,11,126,37716,4,1.0
97,0.0,0.0,4.6750002,1.0,1.0,5,107.2294981532787,132.5457555070723,pobre,basal,0,750.0,1009.5,1.0,40.0,7,126,37717,1,1.0
98,0.0,0.0,4.6750002,1.0,2.0,5,107.2294981532787,132.5457555070723,pobre,basal,0,750.0,1009.5,1.0,40.0,8,126,37717,1,1.0
97,1.0,0.0,4.6750002,1.0,9.0,6,107.2294981532787,132.5457555070723,no pobre,basal,9,8000.0,1069.0,1.0,47.0,15,126,37718,9,1.0
98,1.0,0.0,4.6750002,,,6,107.2294981532787,132.5457555070723,no pobre,basal,9,8000.0,1069.0,1.0,47.0,16,126,37718,9,1.0
97,1.0,0.0,4.6750002,1.0,6.0,6,107.2294981532787,132.5457555070723,pobre,basal,4,1100.0,738.0,1.0,39.0,12,126,37719,6,1.0
98,1.0,0.0,4.6750002,,,6,107.2294981532787,132.5457555070723,pobre,basal,4,1100.0,738.0,1.0,39.0,13,126,37719,6,1.0
97,0.0,0.0,4.6750002,1.0,5.0,6,107.2294981532787,132.5457555070723,pobre,basal,4,1100.0,738.0,1.0,39.0,11,126,37720,5,1.0
98,0.0,0.0,4.6750002,,,6,107.2294981532787,132.5457555070723,pobre,basal,4,1100.0,738.0,1.0,39.0,12,126,37720,5,1.0
97,0.0,0.0,4.6750002,1.0,2.0,6,107.2294981532787,132.5457555070723,pobre,basal,4,1100.0,738.0,1.0,39.0,8,126,37721,2,1.0
98,0.0,0.0,4.6750002,,,6,107.2294981532787,132.5457555070723,pobre,basal,4,1100.0,738.0,1.0,39.0,9,126,37721,2,1.0
97,0.0,0.0,2.4949999,1.0,8.0,6,114.5440196251351,152.7561625283715,pobre,basal,4,1000.0,801.0,1.0,35.0,14,121,37722,8,1.0
98,0.0,0.0,2.4949999,1.0,9.0,6,114.5440196251351,152.7561625283715,pobre,basal,4,1000.0,801.0,1.0,35.0,15,121,37722,8,1.0
97,0.0,0.0,2.4949999,1.0,6.0,6,114.5440196251351,152.7561625283715,pobre,basal,4,1000.0,801.0,1.0,35.0,11,121,37723,6,1.0
98,0.0,0.0,2.4949999,1.0,6.0,6,114.5440196251351,152.7561625283715,pobre,basal,4,1000.0,801.0,1.0,35.0,12,121,37723,6,1.0
97,1.0,0.0,2.4949999,1.0,2.0,6,114.5440196251351,152.7561625283715,pobre,basal,4,1000.0,801.0,1.0,35.0,8,121,37724,2,1.0
98,1.0,0.0,2.4949999,1.0,3.0,6,114.5440196251351,152.7561625283715,pobre,basal,4,1000.0,801.0,1.0,35.0,9,121,37724,2,1.0
97,0.0,0.0,4.6750002,1.0,5.0,8,107.2294981532787,132.5457555070723,pobre,basal,3,750.0,571.0,1.0,31.0,11,126,37725,5,1.0
98,0.0,0.0,4.6750002,0.0,6.0,8,107.2294981532787,132.5457555070723,pobre,basal,3,750.0,571.0,1.0,31.0,12,126,37725,5,1.0
97,1.0,0.0,4.6750002,1.0,2.0,8,107.2294981532787,132.5457555070723,pobre,basal,3,750.0,571.0,1.0,31.0,10,126,37726,2,1.0
98,1.0,0.0,4.6750002,1.0,3.0,8,107.2294981532787,132.5457555070723,pobre,basal,3,750.0,571.0,1.0,31.0,11,126,37726,2,1.0
97,1.0,0.0,4.6750002,1.0,3.0,8,107.2294981532787,132.5457555070723,pobre,basal,3,750.0,571.0,1.0,31.0,9,126,37727,3,1.0
98,1.0,0.0,4.6750002,1.0,2.0,8,107.2294981532787,132.5457555070723,pobre,basal,3,750.0,571.0,1.0,31.0,10,126,37727,3,1.0
97,0.0,0.0,4.6750002,0.0,6.0,5,107.2294981532787,132.5457555070723,pobre,basal,0,41.666668,797.0,0.0,50.0,16,126,37728,6,0.0
98,0.0,0.0,4.6750002,0.0,6.0,5,107.2294981532787,132.5457555070723,pobre,basal,0,41.666668,797.0,0.0,50.0,17,126,37728,6,0.0
97,1.0,0.0,4.6750002,1.0,5.0,5,107.2294981532787,132.5457555070723,pobre,basal,0,41.666668,797.0,0.0,50.0,14,126,37729,5,1.0
98,1.0,0.0,4.6750002,1.0,6.0,5,107.2294981532787,132.5457555070723,pobre,basal,0,41.666668,797.0,0.0,50.0,15,126,37729,5,1.0
97,1.0,0.0,4.6750002,,0.0,7,107.2294981532787,132.5457555070723,pobre,basal,2,750.0,629.0,0.0,27.0,10,126,37730,0,
98,1.0,0.0,4.6750002,1.0,2.0,7,107.2294981532787,132.5457555070723,pobre,basal,2,750.0,629.0,0.0,27.0,11,126,37730,0,
97,0.0,0.0,4.6750002,1.0,2.0,7,107.2294981532787,132.5457555070723,pobre,basal,2,750.0,629.0,0.0,27.0,8,126,37731,2,1.0
98,0.0,0.0,4.6750002,1.0,2.0,7,107.2294981532787,132.5457555070723,pobre,basal,2,750.0,629.0,0.0,27.0,9,126,37731,2,1.0
97,0.0,0.0,4.6750002,1.0,3.0,7,107.2294981532787,132.5457555070723,pobre,basal,2,750.0,629.0,0.0,27.0,7,126,37732,3,1.0
98,0.0,0.0,4.6750002,1.0,1.0,7,107.2294981532787,132.5457555070723,pobre,basal,2,750.0,629.0,0.0,27.0,8,126,37732,3,1.0
97,0.0,0.0,0.0,1.0,8.0,4,67.72794258129804,180.2667626121013,no pobre,basal,2,0.0,894.0,1.0,60.0,14,353,37733,8,1.0
98,0.0,0.0,0.0,1.0,9.0,4,67.72794258129804,180.2667626121013,no pobre,basal,2,0.0,894.0,1.0,60.0,15,353,37733,8,1.0
97,1.0,0.0,0.0,1.0,4.0,4,67.72794258129804,180.2667626121013,no pobre,basal,2,0.0,894.0,1.0,60.0,10,353,37734,4,1.0
98,1.0,0.0,0.0,1.0,5.0,4,67.72794258129804,180.2667626121013,no pobre,basal,2,0.0,894.0,1.0,60.0,11,353,37734,4,1.0
97,0.0,0.0,0.0,1.0,8.0,6,67.72794258129804,180.2667626121013,pobre,basal,3,750.0,689.0,1.0,39.0,15,353,37735,8,1.0
98,0.0,0.0,0.0,0.0,9.0,6,67.72794258129804,180.2667626121013,pobre,basal,3,750.0,689.0,1.0,39.0,16,353,37735,8,1.0
97,1.0,0.0,0.0,1.0,5.0,6,67.72794258129804,180.2667626121013,pobre,basal,3,750.0,689.0,1.0,39.0,12,353,37736,5,1.0
98,1.0,0.0,0.0,1.0,6.0,6,67.72794258129804,180.2667626121013,pobre,basal,3,750.0,689.0,1.0,39.0,13,353,37736,5,1.0
97,0.0,0.0,0.0,1.0,0.0,6,67.72794258129804,180.2667626121013,pobre,basal,3,750.0,689.0,1.0,39.0,6,353,37737,0,1.0
98,0.0,0.0,0.0,0.0,1.0,6,67.72794258129804,180.2667626121013,pobre,basal,3,750.0,689.0,1.0,39.0,7,353,37737,0,1.0
97,1.0,1.0,1.603,1.0,7.0,8,152.8338558863866,272.7418811337504,pobre,basal,0,500.0,800.0,1.0,66.0,16,438,37738,7,1.0
98,1.0,1.0,1.603,,,8,152.8338558863866,272.7418811337504,pobre,basal,0,500.0,800.0,1.0,66.0,17,438,37738,7,1.0
97,1.0,1.0,1.603,1.0,6.0,8,152.8338558863866,272.7418811337504,pobre,basal,0,500.0,800.0,1.0,66.0,14,438,37739,6,1.0
98,1.0,1.0,1.603,1.0,7.0,8,152.8338558863866,272.7418811337504,pobre,basal,0,500.0,800.0,1.0,66.0,15,438,37739,6,1.0
97,1.0,1.0,1.603,1.0,5.0,8,152.8338558863866,272.7418811337504,pobre,basal,0,500.0,800.0,1.0,66.0,13,438,37740,5,1.0
98,1.0,1.0,1.603,1.0,6.0,8,152.8338558863866,272.7418811337504,pobre,basal,0,500.0,800.0,1.0,66.0,14,438,37740,5,1.0
97,1.0,1.0,1.603,1.0,2.0,8,152.8338558863866,272.7418811337504,pobre,basal,0,500.0,800.0,1.0,66.0,10,438,37741,2,1.0
98,1.0,1.0,1.603,1.0,3.0,8,152.8338558863866,272.7418811337504,pobre,basal,0,500.0,800.0,1.0,66.0,11,438,37741,2,1.0
97,1.0,1.0,2.734,1.0,8.0,4,150.8561785980757,280.2393910837059,pobre,0,3,500.0,823.0,1.0,50.0,15,429,37742,8,1.0
98,1.0,1.0,2.734,1.0,9.0,4,150.8561785980757,280.2393910837059,pobre,0,3,500.0,823.0,1.0,50.0,16,429,37742,8,1.0
97,0.0,0.0,3.3369999,0.0,6.0,6,16.59639619892968,16.59639619892968,pobre,basal,6,0.0,646.0,1.0,35.0,14,162,37743,6,0.0
98,0.0,0.0,3.3369999,0.0,6.0,6,16.59639619892968,16.59639619892968,pobre,basal,6,0.0,646.0,1.0,35.0,15,162,37743,6,0.0
97,0.0,0.0,3.3369999,1.0,4.0,6,16.59639619892968,16.59639619892968,pobre,basal,6,0.0,646.0,1.0,35.0,10,162,37744,4,1.0
98,0.0,0.0,3.3369999,0.0,5.0,6,16.59639619892968,16.59639619892968,pobre,basal,6,0.0,646.0,1.0,35.0,11,162,37744,4,1.0
97,1.0,0.0,3.3369999,1.0,3.0,6,16.59639619892968,16.59639619892968,pobre,basal,6,0.0,646.0,1.0,35.0,9,162,37745,3,1.0
98,1.0,0.0,3.3369999,1.0,4.0,6,16.59639619892968,16.59639619892968,pobre,basal,6,0.0,646.0,1.0,35.0,10,162,37745,3,1.0
97,0.0,0.0,3.3369999,0.0,6.0,2,16.59639619892968,16.59639619892968,pobre,basal,5,0.0,734.0,1.0,21.0,16,162,37746,6,0.0
98,0.0,0.0,3.3369999,,,2,16.59639619892968,16.59639619892968,pobre,basal,5,0.0,734.0,1.0,21.0,17,162,37746,6,0.0
97,0.0,0.0,3.3369999,0.0,6.0,6,16.59639619892968,16.59639619892968,no pobre,basal,2,0.0,708.5,1.0,59.0,13,162,37747,6,0.0
98,0.0,0.0,3.3369999,0.0,6.0,6,16.59639619892968,16.59639619892968,no pobre,basal,2,0.0,708.5,1.0,59.0,14,162,37747,6,0.0
97,0.0,0.0,3.3369999,1.0,4.0,6,16.59639619892968,16.59639619892968,no pobre,basal,2,0.0,708.5,1.0,59.0,11,162,37748,4,1.0
98,0.0,0.0,3.3369999,1.0,5.0,6,16.59639619892968,16.59639619892968,no pobre,basal,2,0.0,708.5,1.0,59.0,12,162,37748,4,1.0
97,0.0,0.0,3.3369999,1.0,1.0,8,16.59639619892968,16.59639619892968,no pobre,basal,0,0.0,718.0,1.0,56.0,7,162,37749,1,1.0
98,0.0,0.0,3.3369999,1.0,2.0,8,16.59639619892968,16.59639619892968,no pobre,basal,0,0.0,718.0,1.0,56.0,8,162,37749,1,1.0
97,1.0,0.0,3.3369999,0.0,6.0,7,16.59639619892968,16.59639619892968,pobre,basal,3,25.0,578.5,1.0,38.0,16,162,37750,6,0.0
98,1.0,0.0,3.3369999,0.0,6.0,7,16.59639619892968,16.59639619892968,pobre,basal,3,25.0,578.5,1.0,38.0,17,162,37750,6,0.0
97,0.0,0.0,3.3369999,0.0,6.0,7,16.59639619892968,16.59639619892968,pobre,basal,3,25.0,578.5,1.0,38.0,14,162,37751,6,0.0
98,0.0,0.0,3.3369999,0.0,6.0,7,16.59639619892968,16.59639619892968,pobre,basal,3,25.0,578.5,1.0,38.0,15,162,37751,6,0.0
97,0.0,0.0,3.3369999,0.0,6.0,7,16.59639619892968,16.59639619892968,pobre,basal,3,25.0,578.5,1.0,38.0,13,162,37752,6,0.0
98,0.0,0.0,3.3369999,0.0,6.0,7,16.59639619892968,16.59639619892968,pobre,basal,3,25.0,578.5,1.0,38.0,14,162,37752,6,0.0
97,0.0,0.0,3.3369999,1.0,4.0,7,16.59639619892968,16.59639619892968,pobre,basal,3,25.0,578.5,1.0,38.0,11,162,37753,4,1.0
98,0.0,0.0,3.3369999,1.0,5.0,7,16.59639619892968,16.59639619892968,pobre,basal,3,25.0,578.5,1.0,38.0,12,162,37753,4,1.0
97,1.0,0.0,3.3369999,0.0,6.0,6,16.59639619892968,16.59639619892968,pobre,basal,2,0.0,646.0,1.0,40.0,16,162,37754,6,0.0
98,1.0,0.0,3.3369999,0.0,6.0,6,16.59639619892968,16.59639619892968,pobre,basal,2,0.0,646.0,1.0,40.0,17,162,37754,6,0.0
97,1.0,0.0,3.3369999,1.0,5.0,6,16.59639619892968,16.59639619892968,pobre,basal,2,0.0,646.0,1.0,40.0,11,162,37755,5,1.0
98,1.0,0.0,3.3369999,0.0,6.0,6,16.59639619892968,16.59639619892968,pobre,basal,2,0.0,646.0,1.0,40.0,12,162,37755,5,1.0
97,1.0,0.0,3.3369999,1.0,0.0,6,16.59639619892968,16.59639619892968,pobre,basal,2,0.0,646.0,1.0,40.0,6,162,37756,0,1.0
98,1.0,0.0,3.3369999,1.0,1.0,6,16.59639619892968,16.59639619892968,pobre,basal,2,0.0,646.0,1.0,40.0,7,162,37756,0,1.0
97,0.0,0.0,3.3369999,0.0,6.0,10,16.59639619892968,16.59639619892968,pobre,basal,9,0.0,595.5,1.0,34.0,16,162,37757,6,0.0
98,0.0,0.0,3.3369999,,,10,16.59639619892968,16.59639619892968,pobre,basal,9,0.0,595.5,1.0,34.0,17,162,37757,6,0.0
97,0.0,0.0,3.3369999,0.0,6.0,10,16.59639619892968,16.59639619892968,pobre,basal,9,0.0,595.5,1.0,34.0,15,162,37758,6,0.0
98,0.0,0.0,3.3369999,0.0,6.0,10,16.59639619892968,16.59639619892968,pobre,basal,9,0.0,595.5,1.0,34.0,16,162,37758,6,0.0
97,0.0,0.0,3.3369999,0.0,1.0,10,16.59639619892968,16.59639619892968,pobre,basal,9,0.0,595.5,1.0,34.0,12,162,37759,1,0.0
98,0.0,0.0,3.3369999,0.0,1.0,10,16.59639619892968,16.59639619892968,pobre,basal,9,0.0,595.5,1.0,34.0,13,162,37759,1,0.0
97,0.0,0.0,3.3369999,1.0,3.0,10,16.59639619892968,16.59639619892968,pobre,basal,9,0.0,595.5,1.0,34.0,10,162,37760,3,1.0
98,0.0,0.0,3.3369999,1.0,4.0,10,16.59639619892968,16.59639619892968,pobre,basal,9,0.0,595.5,1.0,34.0,11,162,37760,3,1.0
97,1.0,0.0,3.3369999,1.0,0.0,10,16.59639619892968,16.59639619892968,pobre,basal,9,0.0,595.5,1.0,34.0,6,162,37761,0,1.0
98,1.0,0.0,3.3369999,1.0,1.0,10,16.59639619892968,16.59639619892968,pobre,basal,9,0.0,595.5,1.0,34.0,7,162,37761,0,1.0
97,0.0,0.0,3.3369999,0.0,6.0,9,16.59639619892968,16.59639619892968,pobre,basal,2,0.0,611.5,1.0,49.0,15,162,37762,6,0.0
98,0.0,0.0,3.3369999,,,9,16.59639619892968,16.59639619892968,pobre,basal,2,0.0,611.5,1.0,49.0,16,162,37762,6,0.0
97,1.0,0.0,3.3369999,1.0,3.0,9,16.59639619892968,16.59639619892968,pobre,basal,2,0.0,611.5,1.0,49.0,12,162,37763,3,1.0
98,1.0,0.0,3.3369999,,,9,16.59639619892968,16.59639619892968,pobre,basal,2,0.0,611.5,1.0,49.0,13,162,37763,3,1.0
97,1.0,0.0,3.3369999,1.0,1.0,9,16.59639619892968,16.59639619892968,pobre,basal,2,0.0,611.5,1.0,49.0,7,162,37764,1,1.0
98,1.0,0.0,3.3369999,1.0,2.0,9,16.59639619892968,16.59639619892968,pobre,basal,2,0.0,611.5,1.0,49.0,8,162,37764,1,1.0
97,1.0,0.0,3.3369999,1.0,1.0,5,16.59639619892968,16.59639619892968,pobre,basal,0,80.0,622.0,0.0,34.0,11,162,37765,1,1.0
98,1.0,0.0,3.3369999,,,5,16.59639619892968,16.59639619892968,pobre,basal,0,80.0,622.0,0.0,34.0,12,162,37765,1,1.0
97,1.0,0.0,3.3369999,1.0,3.0,5,16.59639619892968,16.59639619892968,pobre,basal,0,80.0,622.0,0.0,34.0,8,162,37766,3,1.0
98,1.0,0.0,3.3369999,,,5,16.59639619892968,16.59639619892968,pobre,basal,0,80.0,622.0,0.0,34.0,9,162,37766,3,1.0
97,0.0,0.0,3.3369999,1.0,5.0,7,16.59639619892968,16.59639619892968,pobre,basal,3,1000.0,579.0,1.0,47.0,12,162,37767,5,1.0
98,0.0,0.0,3.3369999,0.0,6.0,7,16.59639619892968,16.59639619892968,pobre,basal,3,1000.0,579.0,1.0,47.0,13,162,37767,5,1.0
97,1.0,0.0,3.3369999,1.0,4.0,7,16.59639619892968,16.59639619892968,pobre,basal,3,1000.0,579.0,1.0,47.0,11,162,37768,4,1.0
98,1.0,0.0,3.3369999,1.0,5.0,7,16.59639619892968,16.59639619892968,pobre,basal,3,1000.0,579.0,1.0,47.0,12,162,37768,4,1.0
97,1.0,0.0,3.3369999,1.0,3.0,7,16.59639619892968,16.59639619892968,pobre,basal,3,1000.0,579.0,1.0,47.0,9,162,37769,3,1.0
98,1.0,0.0,3.3369999,1.0,4.0,7,16.59639619892968,16.59639619892968,pobre,basal,3,1000.0,579.0,1.0,47.0,10,162,37769,3,1.0
97,0.0,0.0,3.3369999,1.0,1.0,7,16.59639619892968,16.59639619892968,pobre,basal,3,1000.0,579.0,1.0,47.0,8,162,37770,1,1.0
98,0.0,0.0,3.3369999,1.0,2.0,7,16.59639619892968,16.59639619892968,pobre,basal,3,1000.0,579.0,1.0,47.0,9,162,37770,1,1.0
97,0.0,0.0,3.3369999,0.0,6.0,11,16.59639619892968,16.59639619892968,pobre,basal,3,0.0,642.0,1.0,42.0,16,162,37771,6,0.0
98,0.0,0.0,3.3369999,,,11,16.59639619892968,16.59639619892968,pobre,basal,3,0.0,642.0,1.0,42.0,17,162,37771,6,0.0
97,1.0,0.0,3.3369999,1.0,5.0,11,16.59639619892968,16.59639619892968,pobre,basal,3,0.0,642.0,1.0,42.0,14,162,37772,5,1.0
98,1.0,0.0,3.3369999,0.0,6.0,11,16.59639619892968,16.59639619892968,pobre,basal,3,0.0,642.0,1.0,42.0,15,162,37772,5,1.0
97,1.0,0.0,3.3369999,1.0,4.0,11,16.59639619892968,16.59639619892968,pobre,basal,3,0.0,642.0,1.0,42.0,12,162,37773,4,1.0
98,1.0,0.0,3.3369999,1.0,5.0,11,16.59639619892968,16.59639619892968,pobre,basal,3,0.0,642.0,1.0,42.0,13,162,37773,4,1.0
97,1.0,0.0,3.3369999,1.0,2.0,11,16.59639619892968,16.59639619892968,pobre,basal,3,0.0,642.0,1.0,42.0,8,162,37774,2,1.0
98,1.0,0.0,3.3369999,1.0,3.0,11,16.59639619892968,16.59639619892968,pobre,basal,3,0.0,642.0,1.0,42.0,9,162,37774,2,1.0
97,0.0,0.0,3.3369999,0.0,5.0,3,16.59639619892968,16.59639619892968,pobre,basal,3,800.0,783.5,1.0,18.0,15,162,37775,5,0.0
98,0.0,0.0,3.3369999,0.0,5.0,3,16.59639619892968,16.59639619892968,pobre,basal,3,800.0,783.5,1.0,18.0,16,162,37775,5,0.0
97,1.0,0.0,3.3369999,0.0,6.0,8,16.59639619892968,16.59639619892968,no pobre,basal,2,0.0,692.20001,1.0,49.0,16,162,37776,6,0.0
98,1.0,0.0,3.3369999,,,8,16.59639619892968,16.59639619892968,no pobre,basal,2,0.0,692.20001,1.0,49.0,17,162,37776,6,0.0
97,1.0,0.0,3.3369999,0.0,6.0,8,16.59639619892968,16.59639619892968,no pobre,basal,2,0.0,692.20001,1.0,49.0,15,162,37777,6,0.0
98,1.0,0.0,3.3369999,0.0,6.0,8,16.59639619892968,16.59639619892968,no pobre,basal,2,0.0,692.20001,1.0,49.0,16,162,37777,6,0.0
97,0.0,0.0,3.3369999,1.0,5.0,8,16.59639619892968,16.59639619892968,no pobre,basal,2,0.0,692.20001,1.0,49.0,13,162,37778,5,1.0
98,0.0,0.0,3.3369999,0.0,6.0,8,16.59639619892968,16.59639619892968,no pobre,basal,2,0.0,692.20001,1.0,49.0,14,162,37778,5,1.0
97,0.0,0.0,3.3369999,1.0,4.0,8,16.59639619892968,16.59639619892968,no pobre,basal,2,0.0,692.20001,1.0,49.0,11,162,37779,4,1.0
98,0.0,0.0,3.3369999,1.0,5.0,8,16.59639619892968,16.59639619892968,no pobre,basal,2,0.0,692.20001,1.0,49.0,12,162,37779,4,1.0
97,0.0,0.0,3.3369999,1.0,4.0,4,16.59639619892968,16.59639619892968,no pobre,basal,2,208.33333,756.0,1.0,58.0,10,162,37780,4,1.0
98,0.0,0.0,3.3369999,1.0,5.0,4,16.59639619892968,16.59639619892968,no pobre,basal,2,208.33333,756.0,1.0,58.0,11,162,37780,4,1.0
97,0.0,0.0,3.3369999,0.0,6.0,8,16.59639619892968,16.59639619892968,pobre,basal,3,400.0,610.0,1.0,40.0,15,162,37781,6,0.0
98,0.0,0.0,3.3369999,0.0,6.0,8,16.59639619892968,16.59639619892968,pobre,basal,3,400.0,610.0,1.0,40.0,16,162,37781,6,0.0
97,0.0,0.0,3.3369999,0.0,6.0,8,16.59639619892968,16.59639619892968,pobre,basal,3,400.0,610.0,1.0,40.0,13,162,37782,6,0.0
98,0.0,0.0,3.3369999,0.0,6.0,8,16.59639619892968,16.59639619892968,pobre,basal,3,400.0,610.0,1.0,40.0,14,162,37782,6,0.0
97,0.0,0.0,3.3369999,1.0,5.0,8,16.59639619892968,16.59639619892968,pobre,basal,3,400.0,610.0,1.0,40.0,10,162,37783,5,1.0
98,0.0,0.0,3.3369999,0.0,6.0,8,16.59639619892968,16.59639619892968,pobre,basal,3,400.0,610.0,1.0,40.0,11,162,37783,5,1.0
97,1.0,0.0,3.3369999,1.0,3.0,8,16.59639619892968,16.59639619892968,pobre,basal,3,400.0,610.0,1.0,40.0,9,162,37784,3,1.0
98,1.0,0.0,3.3369999,1.0,4.0,8,16.59639619892968,16.59639619892968,pobre,basal,3,400.0,610.0,1.0,40.0,10,162,37784,3,1.0
97,1.0,0.0,3.3369999,1.0,1.0,8,16.59639619892968,16.59639619892968,pobre,basal,3,400.0,610.0,1.0,40.0,7,162,37785,1,1.0
98,1.0,0.0,3.3369999,1.0,2.0,8,16.59639619892968,16.59639619892968,pobre,basal,3,400.0,610.0,1.0,40.0,8,162,37785,1,1.0
97,0.0,0.0,3.3369999,0.0,6.0,10,16.59639619892968,16.59639619892968,pobre,basal,3,1000.0,617.0,1.0,37.0,16,162,37786,6,0.0
98,0.0,0.0,3.3369999,0.0,6.0,10,16.59639619892968,16.59639619892968,pobre,basal,3,1000.0,617.0,1.0,37.0,17,162,37786,6,0.0
97,0.0,0.0,3.3369999,1.0,5.0,10,16.59639619892968,16.59639619892968,pobre,basal,3,1000.0,617.0,1.0,37.0,13,162,37787,5,1.0
98,0.0,0.0,3.3369999,0.0,6.0,10,16.59639619892968,16.59639619892968,pobre,basal,3,1000.0,617.0,1.0,37.0,14,162,37787,5,1.0
97,0.0,0.0,3.3369999,1.0,3.0,10,16.59639619892968,16.59639619892968,pobre,basal,3,1000.0,617.0,1.0,37.0,11,162,37788,3,1.0
98,0.0,0.0,3.3369999,1.0,4.0,10,16.59639619892968,16.59639619892968,pobre,basal,3,1000.0,617.0,1.0,37.0,12,162,37788,3,1.0
97,1.0,0.0,3.3369999,1.0,2.0,10,16.59639619892968,16.59639619892968,pobre,basal,3,1000.0,617.0,1.0,37.0,9,162,37789,2,1.0
98,1.0,0.0,3.3369999,1.0,3.0,10,16.59639619892968,16.59639619892968,pobre,basal,3,1000.0,617.0,1.0,37.0,10,162,37789,2,1.0
97,0.0,0.0,3.3369999,1.0,1.0,10,16.59639619892968,16.59639619892968,pobre,basal,3,1000.0,617.0,1.0,37.0,7,162,37790,1,1.0
98,0.0,0.0,3.3369999,1.0,1.0,10,16.59639619892968,16.59639619892968,pobre,basal,3,1000.0,617.0,1.0,37.0,8,162,37790,1,1.0
97,1.0,0.0,3.3369999,0.0,6.0,9,16.59639619892968,16.59639619892968,pobre,basal,2,0.0,605.5,1.0,38.0,16,162,37791,6,0.0
98,1.0,0.0,3.3369999,,,9,16.59639619892968,16.59639619892968,pobre,basal,2,0.0,605.5,1.0,38.0,17,162,37791,6,0.0
97,0.0,0.0,3.3369999,0.0,6.0,9,16.59639619892968,16.59639619892968,pobre,basal,2,0.0,605.5,1.0,38.0,14,162,37792,6,0.0
98,0.0,0.0,3.3369999,0.0,6.0,9,16.59639619892968,16.59639619892968,pobre,basal,2,0.0,605.5,1.0,38.0,15,162,37792,6,0.0
97,0.0,0.0,3.3369999,0.0,6.0,9,16.59639619892968,16.59639619892968,pobre,basal,2,0.0,605.5,1.0,38.0,13,162,37793,6,0.0
98,0.0,0.0,3.3369999,0.0,6.0,9,16.59639619892968,16.59639619892968,pobre,basal,2,0.0,605.5,1.0,38.0,14,162,37793,6,0.0
97,0.0,0.0,3.3369999,1.0,5.0,9,16.59639619892968,16.59639619892968,pobre,basal,2,0.0,605.5,1.0,38.0,11,162,37794,5,1.0
98,0.0,0.0,3.3369999,0.0,6.0,9,16.59639619892968,16.59639619892968,pobre,basal,2,0.0,605.5,1.0,38.0,12,162,37794,5,1.0
97,0.0,0.0,3.3369999,1.0,1.0,9,16.59639619892968,16.59639619892968,pobre,basal,2,0.0,605.5,1.0,38.0,6,162,37795,1,1.0
98,0.0,0.0,3.3369999,1.0,1.0,9,16.59639619892968,16.59639619892968,pobre,basal,2,0.0,605.5,1.0,38.0,7,162,37795,1,1.0
97,1.0,0.0,3.3369999,1.0,6.0,4,16.59639619892968,16.59639619892968,pobre,basal,3,0.0,686.0,1.0,36.0,12,162,37796,6,1.0
98,1.0,0.0,3.3369999,1.0,7.0,4,16.59639619892968,16.59639619892968,pobre,basal,3,0.0,686.0,1.0,36.0,13,162,37796,6,1.0
97,0.0,0.0,3.3369999,1.0,4.0,4,16.59639619892968,16.59639619892968,pobre,basal,3,0.0,686.0,1.0,36.0,10,162,37797,4,1.0
98,0.0,0.0,3.3369999,1.0,4.0,4,16.59639619892968,16.59639619892968,pobre,basal,3,0.0,686.0,1.0,36.0,11,162,37797,4,1.0
97,0.0,0.0,3.3369999,1.0,2.0,5,16.59639619892968,16.59639619892968,pobre,basal,4,1120.0,597.0,1.0,28.0,6,162,37798,2,1.0
98,0.0,0.0,3.3369999,1.0,3.0,5,16.59639619892968,16.59639619892968,pobre,basal,4,1120.0,597.0,1.0,28.0,7,162,37798,2,1.0
97,0.0,0.0,3.3369999,1.0,4.0,4,16.59639619892968,16.59639619892968,pobre,basal,3,875.0,726.0,1.0,35.0,13,162,37799,4,1.0
98,0.0,0.0,3.3369999,1.0,5.0,4,16.59639619892968,16.59639619892968,pobre,basal,3,875.0,726.0,1.0,35.0,14,162,37799,4,1.0
97,0.0,0.0,4.7849998,0.0,6.0,9,63.27033508283312,63.27033508283312,pobre,0,0,0.0,609.0,1.0,48.0,16,174,37800,6,0.0
98,0.0,0.0,4.7849998,0.0,6.0,9,63.27033508283312,63.27033508283312,pobre,0,0,0.0,609.0,1.0,48.0,17,174,37800,6,0.0
97,1.0,0.0,4.7849998,0.0,4.0,9,63.27033508283312,63.27033508283312,pobre,0,0,0.0,609.0,1.0,48.0,15,174,37801,4,0.0
98,1.0,0.0,4.7849998,0.0,4.0,9,63.27033508283312,63.27033508283312,pobre,0,0,0.0,609.0,1.0,48.0,16,174,37801,4,0.0
97,1.0,0.0,4.7849998,1.0,4.0,9,63.27033508283312,63.27033508283312,pobre,0,0,0.0,609.0,1.0,48.0,11,174,37802,4,1.0
98,1.0,0.0,4.7849998,1.0,5.0,9,63.27033508283312,63.27033508283312,pobre,0,0,0.0,609.0,1.0,48.0,12,174,37802,4,1.0
97,0.0,0.0,1.2130001,0.0,6.0,8,89.50061484743235,92.32704950149324,pobre,basal,1,0.0,538.33002,1.0,41.0,16,179,37803,6,0.0
98,0.0,0.0,1.2130001,,,8,89.50061484743235,92.32704950149324,pobre,basal,1,0.0,538.33002,1.0,41.0,17,179,37803,6,0.0
97,1.0,0.0,1.2130001,0.0,6.0,8,89.50061484743235,92.32704950149324,pobre,basal,1,0.0,538.33002,1.0,41.0,14,179,37804,6,0.0
98,1.0,0.0,1.2130001,0.0,6.0,8,89.50061484743235,92.32704950149324,pobre,basal,1,0.0,538.33002,1.0,41.0,15,179,37804,6,0.0
97,0.0,0.0,1.2130001,0.0,6.0,8,89.50061484743235,92.32704950149324,pobre,basal,1,0.0,538.33002,1.0,41.0,13,179,37805,6,0.0
98,0.0,0.0,1.2130001,0.0,6.0,8,89.50061484743235,92.32704950149324,pobre,basal,1,0.0,538.33002,1.0,41.0,14,179,37805,6,0.0
97,0.0,0.0,1.2130001,1.0,1.0,8,89.50061484743235,92.32704950149324,pobre,basal,1,0.0,538.33002,1.0,41.0,6,179,37806,1,1.0
98,0.0,0.0,1.2130001,1.0,1.0,8,89.50061484743235,92.32704950149324,pobre,basal,1,0.0,538.33002,1.0,41.0,7,179,37806,1,1.0
97,0.0,0.0,1.2130001,1.0,6.0,8,89.50061484743235,92.32704950149324,pobre,basal,0,0.0,395.32999,1.0,50.0,15,179,37807,6,1.0
98,0.0,0.0,1.2130001,0.0,6.0,8,89.50061484743235,92.32704950149324,pobre,basal,0,0.0,395.32999,1.0,50.0,16,179,37807,6,1.0
97,0.0,0.0,1.2130001,1.0,3.0,8,89.50061484743235,92.32704950149324,pobre,basal,0,0.0,395.32999,1.0,50.0,10,179,37808,3,1.0
98,0.0,0.0,1.2130001,1.0,4.0,8,89.50061484743235,92.32704950149324,pobre,basal,0,0.0,395.32999,1.0,50.0,11,179,37808,3,1.0
97,1.0,0.0,1.2130001,1.0,1.0,8,89.50061484743235,92.32704950149324,pobre,basal,0,0.0,395.32999,1.0,50.0,7,179,37809,1,1.0
98,1.0,0.0,1.2130001,1.0,2.0,8,89.50061484743235,92.32704950149324,pobre,basal,0,0.0,395.32999,1.0,50.0,8,179,37809,1,1.0
97,0.0,0.0,1.2130001,1.0,5.0,10,89.50061484743235,92.32704950149324,pobre,basal,7,0.0,445.67001,1.0,31.0,11,179,37810,5,1.0
98,0.0,0.0,1.2130001,1.0,5.0,10,89.50061484743235,92.32704950149324,pobre,basal,7,0.0,445.67001,1.0,31.0,12,179,37810,5,1.0
97,0.0,0.0,1.2130001,1.0,3.0,10,89.50061484743235,92.32704950149324,pobre,basal,7,0.0,445.67001,1.0,31.0,10,179,37811,3,1.0
98,0.0,0.0,1.2130001,1.0,4.0,10,89.50061484743235,92.32704950149324,pobre,basal,7,0.0,445.67001,1.0,31.0,11,179,37811,3,1.0
97,0.0,0.0,1.2130001,1.0,2.0,10,89.50061484743235,92.32704950149324,pobre,basal,7,0.0,445.67001,1.0,31.0,9,179,37812,2,1.0
98,0.0,0.0,1.2130001,1.0,2.0,10,89.50061484743235,92.32704950149324,pobre,basal,7,0.0,445.67001,1.0,31.0,10,179,37812,2,1.0
97,0.0,0.0,1.2130001,1.0,1.0,10,89.50061484743235,92.32704950149324,pobre,basal,7,0.0,445.67001,1.0,31.0,6,179,37813,1,1.0
98,0.0,0.0,1.2130001,1.0,1.0,10,89.50061484743235,92.32704950149324,pobre,basal,7,0.0,445.67001,1.0,31.0,7,179,37813,1,1.0
97,0.0,0.0,1.2130001,1.0,5.0,10,89.50061484743235,92.32704950149324,pobre,basal,2,0.0,363.67001,1.0,38.0,16,179,37814,5,1.0
98,0.0,0.0,1.2130001,,,10,89.50061484743235,92.32704950149324,pobre,basal,2,0.0,363.67001,1.0,38.0,17,179,37814,5,1.0
97,1.0,0.0,1.2130001,0.0,3.0,10,89.50061484743235,92.32704950149324,pobre,basal,2,0.0,363.67001,1.0,38.0,14,179,37815,3,0.0
98,1.0,0.0,1.2130001,0.0,1.0,10,89.50061484743235,92.32704950149324,pobre,basal,2,0.0,363.67001,1.0,38.0,15,179,37815,3,0.0
97,1.0,0.0,1.2130001,1.0,5.0,10,89.50061484743235,92.32704950149324,pobre,basal,2,0.0,363.67001,1.0,38.0,12,179,37816,5,1.0
98,1.0,0.0,1.2130001,1.0,5.0,10,89.50061484743235,92.32704950149324,pobre,basal,2,0.0,363.67001,1.0,38.0,13,179,37816,5,1.0
97,1.0,0.0,1.2130001,1.0,1.0,10,89.50061484743235,92.32704950149324,pobre,basal,2,0.0,363.67001,1.0,38.0,7,179,37817,1,1.0
98,1.0,0.0,1.2130001,1.0,1.0,10,89.50061484743235,92.32704950149324,pobre,basal,2,0.0,363.67001,1.0,38.0,8,179,37817,1,1.0
97,0.0,0.0,1.2130001,1.0,0.0,10,89.50061484743235,92.32704950149324,pobre,basal,2,0.0,363.67001,1.0,38.0,6,179,37818,0,1.0
98,0.0,0.0,1.2130001,1.0,1.0,10,89.50061484743235,92.32704950149324,pobre,basal,2,0.0,363.67001,1.0,38.0,7,179,37818,0,1.0
97,0.0,0.0,1.2130001,0.0,5.0,10,89.50061484743235,92.32704950149324,pobre,basal,2,0.0,478.0,1.0,37.0,16,179,37819,5,0.0
98,0.0,0.0,1.2130001,0.0,5.0,10,89.50061484743235,92.32704950149324,pobre,basal,2,0.0,478.0,1.0,37.0,17,179,37819,5,0.0
97,0.0,0.0,1.2130001,0.0,4.0,10,89.50061484743235,92.32704950149324,pobre,basal,2,0.0,478.0,1.0,37.0,14,179,37820,4,0.0
98,0.0,0.0,1.2130001,0.0,5.0,10,89.50061484743235,92.32704950149324,pobre,basal,2,0.0,478.0,1.0,37.0,15,179,37820,4,0.0
97,0.0,0.0,1.2130001,1.0,2.0,10,89.50061484743235,92.32704950149324,pobre,basal,2,0.0,478.0,1.0,37.0,13,179,37821,2,1.0
98,0.0,0.0,1.2130001,1.0,7.0,10,89.50061484743235,92.32704950149324,pobre,basal,2,0.0,478.0,1.0,37.0,14,179,37821,2,1.0
97,1.0,0.0,1.2130001,1.0,2.0,10,89.50061484743235,92.32704950149324,pobre,basal,2,0.0,478.0,1.0,37.0,11,179,37822,2,1.0
98,1.0,0.0,1.2130001,1.0,3.0,10,89.50061484743235,92.32704950149324,pobre,basal,2,0.0,478.0,1.0,37.0,12,179,37822,2,1.0
97,1.0,0.0,1.2130001,1.0,1.0,10,89.50061484743235,92.32704950149324,pobre,basal,2,0.0,478.0,1.0,37.0,9,179,37823,1,1.0
98,1.0,0.0,1.2130001,1.0,1.0,10,89.50061484743235,92.32704950149324,pobre,basal,2,0.0,478.0,1.0,37.0,10,179,37823,1,1.0
97,1.0,0.0,1.2130001,1.0,1.0,10,89.50061484743235,92.32704950149324,pobre,basal,2,0.0,478.0,1.0,37.0,9,179,37824,1,1.0
98,1.0,0.0,1.2130001,1.0,2.0,10,89.50061484743235,92.32704950149324,pobre,basal,2,0.0,478.0,1.0,37.0,10,179,37824,1,1.0
97,1.0,0.0,1.2130001,1.0,1.0,10,89.50061484743235,92.32704950149324,pobre,basal,2,0.0,478.0,1.0,37.0,6,179,37825,1,1.0
98,1.0,0.0,1.2130001,1.0,1.0,10,89.50061484743235,92.32704950149324,pobre,basal,2,0.0,478.0,1.0,37.0,7,179,37825,1,1.0
97,0.0,0.0,1.2130001,1.0,5.0,4,89.50061484743235,92.32704950149324,pobre,basal,1,0.0,596.0,1.0,61.0,14,179,37826,5,1.0
98,0.0,0.0,1.2130001,0.0,6.0,4,89.50061484743235,92.32704950149324,pobre,basal,1,0.0,596.0,1.0,61.0,15,179,37826,5,1.0
97,1.0,0.0,1.2130001,1.0,4.0,4,89.50061484743235,92.32704950149324,pobre,basal,1,0.0,596.0,1.0,61.0,13,179,37827,4,1.0
98,1.0,0.0,1.2130001,1.0,5.0,4,89.50061484743235,92.32704950149324,pobre,basal,1,0.0,596.0,1.0,61.0,14,179,37827,4,1.0
97,0.0,0.0,1.2130001,1.0,2.0,8,89.50061484743235,92.32704950149324,pobre,basal,0,0.0,537.0,0.0,60.0,11,179,37828,2,1.0
98,0.0,0.0,1.2130001,1.0,3.0,8,89.50061484743235,92.32704950149324,pobre,basal,0,0.0,537.0,0.0,60.0,12,179,37828,2,1.0
97,1.0,0.0,1.2130001,1.0,1.0,8,89.50061484743235,92.32704950149324,pobre,basal,0,0.0,537.0,0.0,60.0,10,179,37829,1,1.0
98,1.0,0.0,1.2130001,1.0,2.0,8,89.50061484743235,92.32704950149324,pobre,basal,0,0.0,537.0,0.0,60.0,11,179,37829,1,1.0
97,1.0,0.0,1.2130001,1.0,3.0,8,89.50061484743235,92.32704950149324,pobre,basal,0,0.0,537.0,0.0,60.0,8,179,37830,3,1.0
98,1.0,0.0,1.2130001,1.0,2.0,8,89.50061484743235,92.32704950149324,pobre,basal,0,0.0,537.0,0.0,60.0,9,179,37830,3,1.0
97,1.0,0.0,1.2130001,1.0,5.0,9,89.50061484743235,92.32704950149324,pobre,basal,3,4200.0,590.75,1.0,46.0,13,179,37831,5,1.0
98,1.0,0.0,1.2130001,1.0,6.0,9,89.50061484743235,92.32704950149324,pobre,basal,3,4200.0,590.75,1.0,46.0,14,179,37831,5,1.0
97,0.0,0.0,1.2130001,1.0,3.0,9,89.50061484743235,92.32704950149324,pobre,basal,3,4200.0,590.75,1.0,46.0,11,179,37832,3,1.0
98,0.0,0.0,1.2130001,1.0,4.0,9,89.50061484743235,92.32704950149324,pobre,basal,3,4200.0,590.75,1.0,46.0,12,179,37832,3,1.0
97,1.0,0.0,1.2130001,1.0,0.0,9,89.50061484743235,92.32704950149324,pobre,basal,3,4200.0,590.75,1.0,46.0,9,179,37833,0,1.0
98,1.0,0.0,1.2130001,1.0,4.0,9,89.50061484743235,92.32704950149324,pobre,basal,3,4200.0,590.75,1.0,46.0,10,179,37833,0,1.0
97,0.0,0.0,1.2130001,1.0,0.0,9,89.50061484743235,92.32704950149324,pobre,basal,3,4200.0,590.75,1.0,46.0,6,179,37834,0,1.0
98,0.0,0.0,1.2130001,1.0,1.0,9,89.50061484743235,92.32704950149324,pobre,basal,3,4200.0,590.75,1.0,46.0,7,179,37834,0,1.0
97,1.0,0.0,1.2130001,1.0,4.0,6,89.50061484743235,92.32704950149324,pobre,basal,0,0.0,541.0,1.0,77.0,10,179,37835,4,1.0
98,1.0,0.0,1.2130001,1.0,5.0,6,89.50061484743235,92.32704950149324,pobre,basal,0,0.0,541.0,1.0,77.0,11,179,37835,4,1.0
97,1.0,0.0,1.2130001,1.0,2.0,6,89.50061484743235,92.32704950149324,pobre,basal,0,0.0,541.0,1.0,77.0,8,179,37836,2,1.0
98,1.0,0.0,1.2130001,1.0,4.0,6,89.50061484743235,92.32704950149324,pobre,basal,0,0.0,541.0,1.0,77.0,9,179,37836,2,1.0
97,0.0,0.0,1.2130001,1.0,1.0,6,89.50061484743235,92.32704950149324,pobre,basal,0,0.0,541.0,1.0,77.0,7,179,37837,1,1.0
98,0.0,0.0,1.2130001,1.0,2.0,6,89.50061484743235,92.32704950149324,pobre,basal,0,0.0,541.0,1.0,77.0,8,179,37837,1,1.0
97,1.0,0.0,1.2130001,1.0,6.0,6,89.50061484743235,92.32704950149324,no pobre,basal,2,0.0,623.0,1.0,47.0,16,179,37838,6,1.0
98,1.0,0.0,1.2130001,,,6,89.50061484743235,92.32704950149324,no pobre,basal,2,0.0,623.0,1.0,47.0,17,179,37838,6,1.0
97,1.0,0.0,1.2130001,1.0,6.0,6,89.50061484743235,92.32704950149324,no pobre,basal,2,0.0,623.0,1.0,47.0,14,179,37839,6,1.0
98,1.0,0.0,1.2130001,,,6,89.50061484743235,92.32704950149324,no pobre,basal,2,0.0,623.0,1.0,47.0,15,179,37839,6,1.0
97,0.0,0.0,1.2130001,1.0,5.0,6,89.50061484743235,92.32704950149324,no pobre,basal,2,0.0,623.0,1.0,47.0,12,179,37840,5,1.0
98,0.0,0.0,1.2130001,,,6,89.50061484743235,92.32704950149324,no pobre,basal,2,0.0,623.0,1.0,47.0,13,179,37840,5,1.0
97,1.0,0.0,1.2130001,0.0,3.0,6,89.50061484743235,92.32704950149324,pobre,basal,12,0.0,527.0,1.0,27.0,8,179,37841,3,0.0
98,1.0,0.0,1.2130001,1.0,3.0,6,89.50061484743235,92.32704950149324,pobre,basal,12,0.0,527.0,1.0,27.0,9,179,37841,3,0.0
97,1.0,0.0,1.2130001,0.0,5.0,13,89.50061484743235,92.32704950149324,pobre,basal,1,800.0,549.75,1.0,56.0,16,179,37842,5,0.0
98,1.0,0.0,1.2130001,,,13,89.50061484743235,92.32704950149324,pobre,basal,1,800.0,549.75,1.0,56.0,17,179,37842,5,0.0
97,0.0,0.0,1.2130001,1.0,5.0,13,89.50061484743235,92.32704950149324,pobre,basal,1,800.0,549.75,1.0,56.0,12,179,37843,5,1.0
98,0.0,0.0,1.2130001,0.0,6.0,13,89.50061484743235,92.32704950149324,pobre,basal,1,800.0,549.75,1.0,56.0,13,179,37843,5,1.0
97,1.0,0.0,1.2130001,1.0,2.0,13,89.50061484743235,92.32704950149324,pobre,basal,1,800.0,549.75,1.0,56.0,11,179,37844,2,1.0
98,1.0,0.0,1.2130001,1.0,3.0,13,89.50061484743235,92.32704950149324,pobre,basal,1,800.0,549.75,1.0,56.0,12,179,37844,2,1.0
97,1.0,0.0,1.2130001,1.0,4.0,6,89.50061484743235,92.32704950149324,pobre,basal,9,3200.0,738.0,1.0,37.0,10,179,37845,4,1.0
98,1.0,0.0,1.2130001,1.0,5.0,6,89.50061484743235,92.32704950149324,pobre,basal,9,3200.0,738.0,1.0,37.0,11,179,37845,4,1.0
97,1.0,0.0,1.2130001,1.0,6.0,6,89.50061484743235,92.32704950149324,pobre,basal,2,1200.0,515.0,1.0,33.0,13,179,37846,6,1.0
98,1.0,0.0,1.2130001,1.0,7.0,6,89.50061484743235,92.32704950149324,pobre,basal,2,1200.0,515.0,1.0,33.0,14,179,37846,6,1.0
97,0.0,0.0,1.2130001,1.0,4.0,6,89.50061484743235,92.32704950149324,pobre,basal,2,1200.0,515.0,1.0,33.0,11,179,37847,4,1.0
98,0.0,0.0,1.2130001,1.0,5.0,6,89.50061484743235,92.32704950149324,pobre,basal,2,1200.0,515.0,1.0,33.0,12,179,37847,4,1.0
97,1.0,0.0,1.2130001,1.0,2.0,6,89.50061484743235,92.32704950149324,pobre,basal,2,1200.0,515.0,1.0,33.0,8,179,37848,2,1.0
98,1.0,0.0,1.2130001,1.0,3.0,6,89.50061484743235,92.32704950149324,pobre,basal,2,1200.0,515.0,1.0,33.0,9,179,37848,2,1.0
97,0.0,0.0,1.2130001,,0.0,2,89.50061484743235,92.32704950149324,pobre,basal,6,0.0,525.20001,1.0,21.0,14,179,37849,0,
98,0.0,0.0,1.2130001,0.0,6.0,2,89.50061484743235,92.32704950149324,pobre,basal,6,0.0,525.20001,1.0,21.0,15,179,37849,0,
97,1.0,0.0,1.2130001,1.0,2.0,6,89.50061484743235,92.32704950149324,pobre,basal,7,1000.0,548.0,1.0,34.0,8,179,37850,2,1.0
98,1.0,0.0,1.2130001,1.0,3.0,6,89.50061484743235,92.32704950149324,pobre,basal,7,1000.0,548.0,1.0,34.0,9,179,37850,2,1.0
97,1.0,0.0,1.2130001,0.0,3.0,11,89.50061484743235,92.32704950149324,pobre,basal,0,1200.0,499.25,1.0,45.0,14,179,37851,3,0.0
98,1.0,0.0,1.2130001,0.0,2.0,11,89.50061484743235,92.32704950149324,pobre,basal,0,1200.0,499.25,1.0,45.0,15,179,37851,3,0.0
97,0.0,0.0,1.2130001,1.0,3.0,11,89.50061484743235,92.32704950149324,pobre,basal,0,1200.0,499.25,1.0,45.0,12,179,37852,3,1.0
98,0.0,0.0,1.2130001,1.0,4.0,11,89.50061484743235,92.32704950149324,pobre,basal,0,1200.0,499.25,1.0,45.0,13,179,37852,3,1.0
97,0.0,0.0,1.2130001,1.0,1.0,11,89.50061484743235,92.32704950149324,pobre,basal,0,1200.0,499.25,1.0,45.0,7,179,37853,1,1.0
98,0.0,0.0,1.2130001,0.0,1.0,11,89.50061484743235,92.32704950149324,pobre,basal,0,1200.0,499.25,1.0,45.0,8,179,37853,1,1.0
97,0.0,0.0,1.2130001,0.0,4.0,11,89.50061484743235,92.32704950149324,pobre,basal,0,1200.0,499.25,1.0,45.0,16,179,37854,4,0.0
98,0.0,0.0,1.2130001,,,11,89.50061484743235,92.32704950149324,pobre,basal,0,1200.0,499.25,1.0,45.0,17,179,37854,4,0.0
97,1.0,0.0,1.2130001,1.0,0.0,11,89.50061484743235,92.32704950149324,pobre,basal,0,1200.0,499.25,1.0,45.0,6,179,37855,0,1.0
98,1.0,0.0,1.2130001,1.0,0.0,11,89.50061484743235,92.32704950149324,pobre,basal,0,1200.0,499.25,1.0,45.0,7,179,37855,0,1.0
97,0.0,0.0,1.2130001,1.0,4.0,3,89.50061484743235,92.32704950149324,no pobre,basal,0,0.0,596.5,0.0,78.0,11,179,37856,4,1.0
98,0.0,0.0,1.2130001,1.0,5.0,3,89.50061484743235,92.32704950149324,no pobre,basal,0,0.0,596.5,0.0,78.0,12,179,37856,4,1.0
97,0.0,0.0,1.2130001,1.0,5.0,7,89.50061484743235,92.32704950149324,pobre,basal,3,0.0,471.25,1.0,30.0,9,179,37857,5,1.0
98,0.0,0.0,1.2130001,1.0,5.0,7,89.50061484743235,92.32704950149324,pobre,basal,3,0.0,471.25,1.0,30.0,10,179,37857,5,1.0
97,1.0,0.0,1.2130001,1.0,3.0,7,89.50061484743235,92.32704950149324,pobre,basal,3,0.0,471.25,1.0,30.0,8,179,37858,3,1.0
98,1.0,0.0,1.2130001,1.0,4.0,7,89.50061484743235,92.32704950149324,pobre,basal,3,0.0,471.25,1.0,30.0,9,179,37858,3,1.0
97,1.0,0.0,1.2130001,1.0,1.0,7,89.50061484743235,92.32704950149324,pobre,basal,3,0.0,471.25,1.0,30.0,6,179,37859,1,1.0
98,1.0,0.0,1.2130001,1.0,2.0,7,89.50061484743235,92.32704950149324,pobre,basal,3,0.0,471.25,1.0,30.0,7,179,37859,1,1.0
97,1.0,0.0,1.2130001,0.0,6.0,13,89.50061484743235,92.32704950149324,pobre,basal,3,0.0,512.33002,1.0,41.0,15,179,37860,6,0.0
98,1.0,0.0,1.2130001,0.0,6.0,13,89.50061484743235,92.32704950149324,pobre,basal,3,0.0,512.33002,1.0,41.0,16,179,37860,6,0.0
97,1.0,0.0,1.2130001,1.0,5.0,13,89.50061484743235,92.32704950149324,pobre,basal,3,0.0,512.33002,1.0,41.0,13,179,37861,5,1.0
98,1.0,0.0,1.2130001,0.0,6.0,13,89.50061484743235,92.32704950149324,pobre,basal,3,0.0,512.33002,1.0,41.0,14,179,37861,5,1.0
97,1.0,0.0,1.2130001,1.0,3.0,13,89.50061484743235,92.32704950149324,pobre,basal,3,0.0,512.33002,1.0,41.0,10,179,37862,3,1.0
98,1.0,0.0,1.2130001,1.0,4.0,13,89.50061484743235,92.32704950149324,pobre,basal,3,0.0,512.33002,1.0,41.0,11,179,37862,3,1.0
97,1.0,0.0,1.2130001,1.0,3.0,13,89.50061484743235,92.32704950149324,pobre,basal,3,0.0,512.33002,1.0,41.0,6,179,37863,3,1.0
98,1.0,0.0,1.2130001,1.0,1.0,13,89.50061484743235,92.32704950149324,pobre,basal,3,0.0,512.33002,1.0,41.0,7,179,37863,3,1.0
97,0.0,0.0,1.526,,6.0,9,77.42532125889367,90.0733730248069,no pobre,0,0,1400.0,599.95001,1.0,47.0,16,198,37864,6,
98,0.0,0.0,1.526,,,9,77.42532125889367,90.0733730248069,no pobre,0,0,1400.0,599.95001,1.0,47.0,17,198,37864,6,
97,1.0,0.0,1.526,,5.0,9,77.42532125889367,90.0733730248069,no pobre,0,0,1400.0,599.95001,1.0,47.0,13,198,37865,5,
98,1.0,0.0,1.526,,,9,77.42532125889367,90.0733730248069,no pobre,0,0,1400.0,599.95001,1.0,47.0,14,198,37865,5,
97,0.0,0.0,1.526,,4.0,9,77.42532125889367,90.0733730248069,no pobre,0,0,1400.0,599.95001,1.0,47.0,11,198,37866,4,
98,0.0,0.0,1.526,,,9,77.42532125889367,90.0733730248069,no pobre,0,0,1400.0,599.95001,1.0,47.0,12,198,37866,4,
97,0.0,0.0,1.526,,3.0,9,77.42532125889367,90.0733730248069,no pobre,0,0,1400.0,599.95001,1.0,47.0,10,198,37867,3,
98,0.0,0.0,1.526,,,9,77.42532125889367,90.0733730248069,no pobre,0,0,1400.0,599.95001,1.0,47.0,11,198,37867,3,
97,1.0,0.0,1.526,1.0,2.0,6,77.42532125889367,90.0733730248069,pobre,0,0,800.0,432.0,1.0,29.0,8,198,37868,2,1.0
98,1.0,0.0,1.526,1.0,3.0,6,77.42532125889367,90.0733730248069,pobre,0,0,800.0,432.0,1.0,29.0,9,198,37868,2,1.0
97,1.0,0.0,1.526,1.0,1.0,6,77.42532125889367,90.0733730248069,pobre,0,0,800.0,432.0,1.0,29.0,7,198,37869,1,1.0
98,1.0,0.0,1.526,1.0,2.0,6,77.42532125889367,90.0733730248069,pobre,0,0,800.0,432.0,1.0,29.0,8,198,37869,1,1.0
97,1.0,0.0,1.526,,0.0,9,77.42532125889367,90.0733730248069,pobre,0,4,1200.0,493.5,1.0,39.0,15,198,37870,0,
98,1.0,0.0,1.526,0.0,1.0,9,77.42532125889367,90.0733730248069,pobre,0,4,1200.0,493.5,1.0,39.0,16,198,37870,0,
97,1.0,0.0,1.526,1.0,7.0,9,77.42532125889367,90.0733730248069,pobre,0,4,1200.0,493.5,1.0,39.0,14,198,37871,7,1.0
98,1.0,0.0,1.526,1.0,8.0,9,77.42532125889367,90.0733730248069,pobre,0,4,1200.0,493.5,1.0,39.0,15,198,37871,7,1.0
97,0.0,0.0,1.526,0.0,6.0,9,77.42532125889367,90.0733730248069,pobre,0,4,1200.0,493.5,1.0,39.0,12,198,37872,6,0.0
98,0.0,0.0,1.526,0.0,6.0,9,77.42532125889367,90.0733730248069,pobre,0,4,1200.0,493.5,1.0,39.0,13,198,37872,6,0.0
97,1.0,0.0,1.526,1.0,4.0,9,77.42532125889367,90.0733730248069,pobre,0,4,1200.0,493.5,1.0,39.0,10,198,37873,4,1.0
98,1.0,0.0,1.526,1.0,5.0,9,77.42532125889367,90.0733730248069,pobre,0,4,1200.0,493.5,1.0,39.0,11,198,37873,4,1.0
97,1.0,0.0,1.526,1.0,2.0,9,77.42532125889367,90.0733730248069,pobre,0,4,1200.0,493.5,1.0,39.0,7,198,37874,2,1.0
98,1.0,0.0,1.526,1.0,3.0,9,77.42532125889367,90.0733730248069,pobre,0,4,1200.0,493.5,1.0,39.0,8,198,37874,2,1.0
97,1.0,0.0,1.526,1.0,5.0,9,77.42532125889367,90.0733730248069,pobre,0,0,625.0,529.69,1.0,49.0,14,198,37875,5,1.0
98,1.0,0.0,1.526,1.0,6.0,9,77.42532125889367,90.0733730248069,pobre,0,0,625.0,529.69,1.0,49.0,15,198,37875,5,1.0
97,1.0,0.0,1.526,1.0,4.0,9,77.42532125889367,90.0733730248069,pobre,0,0,625.0,529.69,1.0,49.0,12,198,37876,4,1.0
98,1.0,0.0,1.526,1.0,5.0,9,77.42532125889367,90.0733730248069,pobre,0,0,625.0,529.69,1.0,49.0,13,198,37876,4,1.0
97,1.0,0.0,1.526,1.0,1.0,9,77.42532125889367,90.0733730248069,pobre,0,0,625.0,529.69,1.0,49.0,10,198,37877,1,1.0
98,1.0,0.0,1.526,1.0,2.0,9,77.42532125889367,90.0733730248069,pobre,0,0,625.0,529.69,1.0,49.0,11,198,37877,1,1.0
97,0.0,0.0,1.526,1.0,1.0,9,77.42532125889367,90.0733730248069,pobre,0,0,625.0,529.69,1.0,49.0,8,198,37878,1,1.0
98,0.0,0.0,1.526,1.0,2.0,9,77.42532125889367,90.0733730248069,pobre,0,0,625.0,529.69,1.0,49.0,9,198,37878,1,1.0
97,0.0,1.0,0.0,1.0,6.0,10,134.7560732061176,285.4250077588848,pobre,basal,5,500.0,565.0,1.0,48.0,14,431,37879,6,1.0
98,0.0,1.0,0.0,,6.0,10,134.7560732061176,285.4250077588848,pobre,basal,5,500.0,565.0,1.0,48.0,15,431,37879,6,1.0
97,1.0,1.0,0.0,1.0,5.0,10,134.7560732061176,285.4250077588848,pobre,basal,5,500.0,565.0,1.0,48.0,11,431,37880,5,1.0
98,1.0,1.0,0.0,1.0,6.0,10,134.7560732061176,285.4250077588848,pobre,basal,5,500.0,565.0,1.0,48.0,12,431,37880,5,1.0
97,0.0,1.0,0.0,1.0,1.0,10,134.7560732061176,285.4250077588848,pobre,basal,5,500.0,565.0,1.0,48.0,8,431,37881,1,1.0
98,0.0,1.0,0.0,1.0,2.0,10,134.7560732061176,285.4250077588848,pobre,basal,5,500.0,565.0,1.0,48.0,9,431,37881,1,1.0
97,0.0,1.0,0.0,1.0,0.0,10,134.7560732061176,285.4250077588848,pobre,basal,5,500.0,565.0,1.0,48.0,6,431,37882,0,1.0
98,0.0,1.0,0.0,1.0,1.0,10,134.7560732061176,285.4250077588848,pobre,basal,5,500.0,565.0,1.0,48.0,7,431,37882,0,1.0
97,1.0,1.0,0.0,1.0,0.0,5,134.7560732061176,285.4250077588848,pobre,basal,6,500.0,522.0,1.0,26.0,6,431,37883,0,1.0
98,1.0,1.0,0.0,1.0,0.0,5,134.7560732061176,285.4250077588848,pobre,basal,6,500.0,522.0,1.0,26.0,7,431,37883,0,1.0
97,0.0,1.0,0.0,1.0,7.0,8,134.7560732061176,285.4250077588848,pobre,basal,6,500.0,658.0,1.0,34.0,13,431,37884,7,1.0
98,0.0,1.0,0.0,1.0,8.0,8,134.7560732061176,285.4250077588848,pobre,basal,6,500.0,658.0,1.0,34.0,14,431,37884,7,1.0
97,1.0,1.0,0.0,1.0,5.0,8,134.7560732061176,285.4250077588848,pobre,basal,6,500.0,658.0,1.0,34.0,12,431,37885,5,1.0
98,1.0,1.0,0.0,1.0,6.0,8,134.7560732061176,285.4250077588848,pobre,basal,6,500.0,658.0,1.0,34.0,13,431,37885,5,1.0
97,1.0,1.0,0.0,1.0,1.0,8,134.7560732061176,285.4250077588848,pobre,basal,6,500.0,658.0,1.0,34.0,8,431,37886,1,1.0
98,1.0,1.0,0.0,1.0,2.0,8,134.7560732061176,285.4250077588848,pobre,basal,6,500.0,658.0,1.0,34.0,9,431,37886,1,1.0
97,0.0,1.0,0.0,1.0,0.0,8,134.7560732061176,285.4250077588848,pobre,basal,6,500.0,658.0,1.0,34.0,6,431,37887,0,1.0
98,0.0,1.0,0.0,1.0,0.0,8,134.7560732061176,285.4250077588848,pobre,basal,6,500.0,658.0,1.0,34.0,7,431,37887,0,1.0
97,1.0,0.0,2.7709999,1.0,4.0,5,162.3551720465836,177.3929067697574,pobre,basal,9,750.0,702.0,1.0,29.0,9,41,37888,4,1.0
98,1.0,0.0,2.7709999,1.0,4.0,5,162.3551720465836,177.3929067697574,pobre,basal,9,750.0,702.0,1.0,29.0,10,41,37888,4,1.0
97,0.0,0.0,2.7709999,1.0,1.0,5,162.3551720465836,177.3929067697574,pobre,basal,9,750.0,702.0,1.0,29.0,6,41,37889,1,1.0
98,0.0,0.0,2.7709999,1.0,1.0,5,162.3551720465836,177.3929067697574,pobre,basal,9,750.0,702.0,1.0,29.0,7,41,37889,1,1.0
97,0.0,0.0,2.7709999,1.0,1.0,4,162.3551720465836,177.3929067697574,pobre,basal,9,500.0,743.0,1.0,30.0,6,41,37890,1,1.0
98,0.0,0.0,2.7709999,1.0,2.0,4,162.3551720465836,177.3929067697574,pobre,basal,9,500.0,743.0,1.0,30.0,7,41,37890,1,1.0
97,1.0,0.0,2.7709999,1.0,3.0,6,162.3551720465836,177.3929067697574,pobre,basal,3,0.0,585.0,1.0,34.0,8,41,37891,3,1.0
98,1.0,0.0,2.7709999,1.0,3.0,6,162.3551720465836,177.3929067697574,pobre,basal,3,0.0,585.0,1.0,34.0,9,41,37891,3,1.0
97,0.0,0.0,2.7709999,0.0,8.0,8,162.3551720465836,177.3929067697574,pobre,basal,2,625.0,861.0,1.0,48.0,12,41,37892,8,0.0
98,0.0,0.0,2.7709999,,,8,162.3551720465836,177.3929067697574,pobre,basal,2,625.0,861.0,1.0,48.0,13,41,37892,8,0.0
97,0.0,0.0,2.7709999,1.0,5.0,8,162.3551720465836,177.3929067697574,pobre,basal,2,625.0,861.0,1.0,48.0,10,41,37893,5,1.0
98,0.0,0.0,2.7709999,1.0,6.0,8,162.3551720465836,177.3929067697574,pobre,basal,2,625.0,861.0,1.0,48.0,11,41,37893,5,1.0
97,1.0,0.0,2.7709999,1.0,3.0,8,162.3551720465836,177.3929067697574,pobre,basal,2,625.0,861.0,1.0,48.0,8,41,37894,3,1.0
98,1.0,0.0,2.7709999,1.0,4.0,8,162.3551720465836,177.3929067697574,pobre,basal,2,625.0,861.0,1.0,48.0,9,41,37894,3,1.0
97,0.0,0.0,2.7709999,0.0,9.0,3,162.3551720465836,177.3929067697574,pobre,basal,1,0.0,772.0,0.0,72.0,15,41,37895,9,0.0
98,0.0,0.0,2.7709999,1.0,9.0,3,162.3551720465836,177.3929067697574,pobre,basal,1,0.0,772.0,0.0,72.0,16,41,37895,9,0.0
97,1.0,0.0,2.7709999,1.0,2.0,5,162.3551720465836,177.3929067697574,pobre,basal,9,500.0,725.0,1.0,29.0,8,41,37896,2,1.0
98,1.0,0.0,2.7709999,1.0,3.0,5,162.3551720465836,177.3929067697574,pobre,basal,9,500.0,725.0,1.0,29.0,9,41,37896,2,1.0
97,0.0,0.0,2.7709999,1.0,1.0,5,162.3551720465836,177.3929067697574,pobre,basal,9,500.0,725.0,1.0,29.0,7,41,37897,1,1.0
98,0.0,0.0,2.7709999,1.0,2.0,5,162.3551720465836,177.3929067697574,pobre,basal,9,500.0,725.0,1.0,29.0,8,41,37897,1,1.0
97,1.0,0.0,2.7709999,1.0,6.0,3,162.3551720465836,177.3929067697574,pobre,basal,4,0.0,754.0,0.0,40.0,14,41,37898,6,1.0
98,1.0,0.0,2.7709999,1.0,7.0,3,162.3551720465836,177.3929067697574,pobre,basal,4,0.0,754.0,0.0,40.0,15,41,37898,6,1.0
97,1.0,0.0,2.7709999,1.0,6.0,6,162.3551720465836,177.3929067697574,pobre,basal,3,500.0,750.0,1.0,46.0,15,41,37899,6,1.0
98,1.0,0.0,2.7709999,0.0,6.0,6,162.3551720465836,177.3929067697574,pobre,basal,3,500.0,750.0,1.0,46.0,16,41,37899,6,1.0
97,0.0,0.0,2.7709999,1.0,5.0,6,162.3551720465836,177.3929067697574,pobre,basal,3,500.0,750.0,1.0,46.0,11,41,37900,5,1.0
98,0.0,0.0,2.7709999,1.0,6.0,6,162.3551720465836,177.3929067697574,pobre,basal,3,500.0,750.0,1.0,46.0,12,41,37900,5,1.0
97,1.0,0.0,2.7709999,1.0,1.0,6,162.3551720465836,177.3929067697574,pobre,basal,3,500.0,750.0,1.0,46.0,7,41,37901,1,1.0
98,1.0,0.0,2.7709999,1.0,2.0,6,162.3551720465836,177.3929067697574,pobre,basal,3,500.0,750.0,1.0,46.0,8,41,37901,1,1.0
97,1.0,0.0,2.7709999,1.0,8.0,8,162.3551720465836,177.3929067697574,pobre,basal,5,500.0,774.0,1.0,50.0,15,41,37902,8,1.0
98,1.0,0.0,2.7709999,1.0,9.0,8,162.3551720465836,177.3929067697574,pobre,basal,5,500.0,774.0,1.0,50.0,16,41,37902,8,1.0
97,0.0,0.0,2.7709999,1.0,6.0,8,162.3551720465836,177.3929067697574,pobre,basal,5,500.0,774.0,1.0,50.0,12,41,37903,6,1.0
98,0.0,0.0,2.7709999,1.0,7.0,8,162.3551720465836,177.3929067697574,pobre,basal,5,500.0,774.0,1.0,50.0,13,41,37903,6,1.0
97,1.0,0.0,2.7709999,1.0,4.0,8,162.3551720465836,177.3929067697574,pobre,basal,5,500.0,774.0,1.0,50.0,10,41,37904,4,1.0
98,1.0,0.0,2.7709999,1.0,5.0,8,162.3551720465836,177.3929067697574,pobre,basal,5,500.0,774.0,1.0,50.0,11,41,37904,4,1.0
97,1.0,0.0,2.7709999,1.0,4.0,6,162.3551720465836,177.3929067697574,pobre,basal,2,500.0,662.0,1.0,27.0,10,41,37905,4,1.0
98,1.0,0.0,2.7709999,1.0,5.0,6,162.3551720465836,177.3929067697574,pobre,basal,2,500.0,662.0,1.0,27.0,11,41,37905,4,1.0
97,0.0,0.0,2.7709999,1.0,1.0,6,162.3551720465836,177.3929067697574,pobre,basal,2,500.0,662.0,1.0,27.0,8,41,37906,1,1.0
98,0.0,0.0,2.7709999,1.0,1.0,6,162.3551720465836,177.3929067697574,pobre,basal,2,500.0,662.0,1.0,27.0,9,41,37906,1,1.0
97,1.0,0.0,2.7709999,1.0,1.0,6,162.3551720465836,177.3929067697574,pobre,basal,2,500.0,662.0,1.0,27.0,7,41,37907,1,1.0
98,1.0,0.0,2.7709999,1.0,2.0,6,162.3551720465836,177.3929067697574,pobre,basal,2,500.0,662.0,1.0,27.0,8,41,37907,1,1.0
97,1.0,0.0,2.7709999,1.0,1.0,7,162.3551720465836,177.3929067697574,pobre,basal,0,500.0,756.5,1.0,61.0,6,41,37908,1,1.0
98,1.0,0.0,2.7709999,1.0,1.0,7,162.3551720465836,177.3929067697574,pobre,basal,0,500.0,756.5,1.0,61.0,7,41,37908,1,1.0
97,0.0,0.0,0.0,1.0,1.0,6,72.80421840935115,72.80421840935115,pobre,0,6,1000.0,608.0,1.0,24.0,7,283,37909,1,1.0
98,0.0,0.0,0.0,1.0,2.0,6,72.80421840935115,72.80421840935115,pobre,0,6,1000.0,608.0,1.0,24.0,8,283,37909,1,1.0
97,0.0,0.0,0.0,0.0,6.0,13,72.80421840935115,72.80421840935115,no pobre,0,0,0.0,870.45099,0.0,52.0,15,283,37910,6,0.0
98,0.0,0.0,0.0,0.0,8.0,13,72.80421840935115,72.80421840935115,no pobre,0,0,0.0,870.45099,0.0,52.0,16,283,37910,6,0.0
97,1.0,0.0,0.0,1.0,1.0,13,72.80421840935115,72.80421840935115,no pobre,0,0,0.0,870.45099,0.0,52.0,6,283,37911,1,1.0
98,1.0,0.0,0.0,1.0,2.0,13,72.80421840935115,72.80421840935115,no pobre,0,0,0.0,870.45099,0.0,52.0,7,283,37911,1,1.0
97,0.0,0.0,0.0,,0.0,13,72.80421840935115,72.80421840935115,no pobre,0,0,0.0,870.45099,0.0,52.0,6,283,37912,0,
98,0.0,0.0,0.0,1.0,1.0,13,72.80421840935115,72.80421840935115,no pobre,0,0,0.0,870.45099,0.0,52.0,7,283,37912,0,
97,1.0,0.0,0.0,0.0,8.0,5,72.80421840935115,72.80421840935115,pobre,0,2,0.0,772.0,1.0,44.0,15,283,37913,8,0.0
98,1.0,0.0,0.0,,,5,72.80421840935115,72.80421840935115,pobre,0,2,0.0,772.0,1.0,44.0,16,283,37913,8,0.0
97,1.0,0.0,0.0,0.0,6.0,9,72.80421840935115,72.80421840935115,no pobre,0,2,1500.0,834.75,1.0,48.0,13,283,37914,6,0.0
98,1.0,0.0,0.0,0.0,6.0,9,72.80421840935115,72.80421840935115,no pobre,0,2,1500.0,834.75,1.0,48.0,14,283,37914,6,0.0
97,1.0,0.0,0.0,1.0,1.0,9,72.80421840935115,72.80421840935115,no pobre,0,2,1500.0,834.75,1.0,48.0,7,283,37915,1,1.0
98,1.0,0.0,0.0,1.0,2.0,9,72.80421840935115,72.80421840935115,no pobre,0,2,1500.0,834.75,1.0,48.0,8,283,37915,1,1.0
97,0.0,0.0,0.0,1.0,6.0,9,72.80421840935115,72.80421840935115,pobre,0,3,0.0,772.0,0.0,44.0,11,283,37916,6,1.0
98,0.0,0.0,0.0,1.0,7.0,9,72.80421840935115,72.80421840935115,pobre,0,3,0.0,772.0,0.0,44.0,12,283,37916,6,1.0
97,1.0,0.0,0.0,1.0,8.0,9,72.80421840935115,72.80421840935115,pobre,0,3,0.0,772.0,0.0,44.0,15,283,37917,8,1.0
98,1.0,0.0,0.0,0.0,9.0,9,72.80421840935115,72.80421840935115,pobre,0,3,0.0,772.0,0.0,44.0,16,283,37917,8,1.0
97,0.0,0.0,0.0,0.0,9.0,5,72.80421840935115,72.80421840935115,pobre,0,0,750.0,808.5,1.0,45.0,16,283,37918,9,0.0
98,0.0,0.0,0.0,,,5,72.80421840935115,72.80421840935115,pobre,0,0,750.0,808.5,1.0,45.0,17,283,37918,9,0.0
97,1.0,0.0,0.0,1.0,4.0,9,72.80421840935115,72.80421840935115,pobre,0,0,1200.0,711.5,1.0,46.0,14,283,37919,4,1.0
98,1.0,0.0,0.0,0.0,5.0,9,72.80421840935115,72.80421840935115,pobre,0,0,1200.0,711.5,1.0,46.0,15,283,37919,4,1.0
97,1.0,0.0,0.0,1.0,5.0,9,72.80421840935115,72.80421840935115,pobre,0,0,1200.0,711.5,1.0,46.0,12,283,37920,5,1.0
98,1.0,0.0,0.0,0.0,6.0,9,72.80421840935115,72.80421840935115,pobre,0,0,1200.0,711.5,1.0,46.0,13,283,37920,5,1.0
97,1.0,0.0,0.0,,0.0,9,72.80421840935115,72.80421840935115,pobre,0,0,1200.0,711.5,1.0,46.0,8,283,37921,0,
98,1.0,0.0,0.0,1.0,2.0,9,72.80421840935115,72.80421840935115,pobre,0,0,1200.0,711.5,1.0,46.0,9,283,37921,0,
97,1.0,0.0,0.0,0.0,6.0,9,72.80421840935115,72.80421840935115,pobre,0,0,1200.0,711.5,1.0,46.0,16,283,37922,6,0.0
98,1.0,0.0,0.0,0.0,6.0,9,72.80421840935115,72.80421840935115,pobre,0,0,1200.0,711.5,1.0,46.0,17,283,37922,6,0.0
97,1.0,0.0,0.0,1.0,2.0,4,72.80421840935115,72.80421840935115,pobre,0,6,625.0,676.0,1.0,27.0,8,283,37923,2,1.0
98,1.0,0.0,0.0,1.0,3.0,4,72.80421840935115,72.80421840935115,pobre,0,6,625.0,676.0,1.0,27.0,9,283,37923,2,1.0
97,0.0,0.0,0.0,1.0,1.0,4,72.80421840935115,72.80421840935115,pobre,0,6,625.0,676.0,1.0,27.0,7,283,37924,1,1.0
98,0.0,0.0,0.0,1.0,2.0,4,72.80421840935115,72.80421840935115,pobre,0,6,625.0,676.0,1.0,27.0,8,283,37924,1,1.0
97,0.0,0.0,0.0,0.0,6.0,8,72.80421840935115,72.80421840935115,pobre,0,2,625.0,800.0,1.0,70.0,14,283,37925,6,0.0
98,0.0,0.0,0.0,0.0,6.0,8,72.80421840935115,72.80421840935115,pobre,0,2,625.0,800.0,1.0,70.0,15,283,37925,6,0.0
97,1.0,0.0,0.0,0.0,6.0,8,72.80421840935115,72.80421840935115,pobre,0,2,625.0,800.0,1.0,70.0,13,283,37926,6,0.0
98,1.0,0.0,0.0,0.0,6.0,8,72.80421840935115,72.80421840935115,pobre,0,2,625.0,800.0,1.0,70.0,14,283,37926,6,0.0
97,0.0,0.0,0.0,1.0,3.0,8,72.80421840935115,72.80421840935115,pobre,0,2,625.0,800.0,1.0,70.0,12,283,37927,3,1.0
98,0.0,0.0,0.0,1.0,3.0,8,72.80421840935115,72.80421840935115,pobre,0,2,625.0,800.0,1.0,70.0,13,283,37927,3,1.0
97,1.0,0.0,0.0,0.0,9.0,4,72.80421840935115,72.80421840935115,pobre,0,2,0.0,763.0,1.0,36.0,15,283,37928,9,0.0
98,1.0,0.0,0.0,,2.0,4,72.80421840935115,72.80421840935115,pobre,0,2,0.0,763.0,1.0,36.0,16,283,37928,9,0.0
97,0.0,0.0,0.0,1.0,7.0,4,72.80421840935115,72.80421840935115,pobre,0,2,0.0,763.0,1.0,36.0,13,283,37929,7,1.0
98,0.0,0.0,0.0,1.0,8.0,4,72.80421840935115,72.80421840935115,pobre,0,2,0.0,763.0,1.0,36.0,14,283,37929,7,1.0
97,1.0,0.0,0.0,1.0,4.0,6,72.80421840935115,72.80421840935115,pobre,0,6,720.0,701.0,1.0,32.0,10,283,37930,4,1.0
98,1.0,0.0,0.0,1.0,5.0,6,72.80421840935115,72.80421840935115,pobre,0,6,720.0,701.0,1.0,32.0,11,283,37930,4,1.0
97,1.0,0.0,0.0,1.0,3.0,6,72.80421840935115,72.80421840935115,pobre,0,6,720.0,701.0,1.0,32.0,9,283,37931,3,1.0
98,1.0,0.0,0.0,1.0,4.0,6,72.80421840935115,72.80421840935115,pobre,0,6,720.0,701.0,1.0,32.0,10,283,37931,3,1.0
97,0.0,0.0,0.0,1.0,8.0,7,72.80421840935115,72.80421840935115,pobre,0,2,1000.0,639.0,1.0,43.0,15,283,37932,8,1.0
98,0.0,0.0,0.0,0.0,8.0,7,72.80421840935115,72.80421840935115,pobre,0,2,1000.0,639.0,1.0,43.0,16,283,37932,8,1.0
97,0.0,0.0,0.0,1.0,4.0,7,72.80421840935115,72.80421840935115,pobre,0,2,1000.0,639.0,1.0,43.0,10,283,37933,4,1.0
98,0.0,0.0,0.0,1.0,5.0,7,72.80421840935115,72.80421840935115,pobre,0,2,1000.0,639.0,1.0,43.0,11,283,37933,4,1.0
97,0.0,0.0,0.0,1.0,3.0,7,72.80421840935115,72.80421840935115,pobre,0,2,1000.0,639.0,1.0,43.0,9,283,37934,3,1.0
98,0.0,0.0,0.0,1.0,3.0,7,72.80421840935115,72.80421840935115,pobre,0,2,1000.0,639.0,1.0,43.0,10,283,37934,3,1.0
97,1.0,0.0,0.0,0.0,6.0,8,72.80421840935115,72.80421840935115,pobre,0,2,0.0,632.0,0.0,43.0,16,283,37935,6,0.0
98,1.0,0.0,0.0,,,8,72.80421840935115,72.80421840935115,pobre,0,2,0.0,632.0,0.0,43.0,17,283,37935,6,0.0
97,1.0,0.0,0.0,1.0,5.0,8,72.80421840935115,72.80421840935115,pobre,0,2,0.0,632.0,0.0,43.0,13,283,37936,5,1.0
98,1.0,0.0,0.0,0.0,6.0,8,72.80421840935115,72.80421840935115,pobre,0,2,0.0,632.0,0.0,43.0,14,283,37936,5,1.0
97,0.0,0.0,0.0,1.0,0.0,8,72.80421840935115,72.80421840935115,pobre,0,2,0.0,632.0,0.0,43.0,7,283,37937,0,1.0
98,0.0,0.0,0.0,1.0,1.0,8,72.80421840935115,72.80421840935115,pobre,0,2,0.0,632.0,0.0,43.0,8,283,37937,0,1.0
97,0.0,0.0,0.0,1.0,0.0,8,72.80421840935115,72.80421840935115,pobre,0,2,0.0,632.0,0.0,43.0,6,283,37938,0,1.0
98,0.0,0.0,0.0,1.0,0.0,8,72.80421840935115,72.80421840935115,pobre,0,2,0.0,632.0,0.0,43.0,7,283,37938,0,1.0
97,0.0,0.0,0.0,0.0,6.0,10,72.80421840935115,72.80421840935115,pobre,0,3,750.0,512.0,1.0,46.0,16,283,37939,6,0.0
98,0.0,0.0,0.0,,,10,72.80421840935115,72.80421840935115,pobre,0,3,750.0,512.0,1.0,46.0,17,283,37939,6,0.0
97,1.0,0.0,0.0,1.0,5.0,10,72.80421840935115,72.80421840935115,pobre,0,3,750.0,512.0,1.0,46.0,15,283,37940,5,1.0
98,1.0,0.0,0.0,0.0,6.0,10,72.80421840935115,72.80421840935115,pobre,0,3,750.0,512.0,1.0,46.0,16,283,37940,5,1.0
97,1.0,0.0,0.0,1.0,2.0,10,72.80421840935115,72.80421840935115,pobre,0,3,750.0,512.0,1.0,46.0,8,283,37941,2,1.0
98,1.0,0.0,0.0,1.0,3.0,10,72.80421840935115,72.80421840935115,pobre,0,3,750.0,512.0,1.0,46.0,9,283,37941,2,1.0
97,1.0,0.0,0.0,1.0,1.0,7,72.80421840935115,72.80421840935115,pobre,0,2,0.0,679.0,0.0,47.0,7,283,37942,1,1.0
98,1.0,0.0,0.0,1.0,2.0,7,72.80421840935115,72.80421840935115,pobre,0,2,0.0,679.0,0.0,47.0,8,283,37942,1,1.0
97,1.0,0.0,0.0,1.0,0.0,7,72.80421840935115,72.80421840935115,pobre,0,2,0.0,679.0,0.0,47.0,6,283,37943,0,1.0
98,1.0,0.0,0.0,1.0,1.0,7,72.80421840935115,72.80421840935115,pobre,0,2,0.0,679.0,0.0,47.0,7,283,37943,0,1.0
97,0.0,0.0,0.0,1.0,5.0,5,72.80421840935115,72.80421840935115,pobre,0,6,1400.0,710.0,1.0,33.0,12,283,37944,5,1.0
98,0.0,0.0,0.0,1.0,6.0,5,72.80421840935115,72.80421840935115,pobre,0,6,1400.0,710.0,1.0,33.0,13,283,37944,5,1.0
97,1.0,0.0,0.0,1.0,3.0,5,72.80421840935115,72.80421840935115,pobre,0,6,1400.0,710.0,1.0,33.0,9,283,37945,3,1.0
98,1.0,0.0,0.0,1.0,4.0,5,72.80421840935115,72.80421840935115,pobre,0,6,1400.0,710.0,1.0,33.0,10,283,37945,3,1.0
97,1.0,0.0,0.0,1.0,1.0,5,72.80421840935115,72.80421840935115,pobre,0,6,1400.0,710.0,1.0,33.0,7,283,37946,1,1.0
98,1.0,0.0,0.0,1.0,2.0,5,72.80421840935115,72.80421840935115,pobre,0,6,1400.0,710.0,1.0,33.0,8,283,37946,1,1.0
97,1.0,0.0,0.0,0.0,9.0,8,72.80421840935115,72.80421840935115,pobre,0,0,0.0,745.0,1.0,58.0,15,283,37947,9,0.0
98,1.0,0.0,0.0,0.0,9.0,8,72.80421840935115,72.80421840935115,pobre,0,0,0.0,745.0,1.0,58.0,16,283,37947,9,0.0
97,0.0,0.0,0.0,1.0,2.0,5,72.80421840935115,72.80421840935115,pobre,0,6,750.0,908.5,1.0,31.0,8,283,37948,2,1.0
98,0.0,0.0,0.0,1.0,3.0,5,72.80421840935115,72.80421840935115,pobre,0,6,750.0,908.5,1.0,31.0,9,283,37948,2,1.0
97,1.0,0.0,0.0,1.0,1.0,5,72.80421840935115,72.80421840935115,pobre,0,6,750.0,908.5,1.0,31.0,7,283,37949,1,1.0
98,1.0,0.0,0.0,1.0,2.0,5,72.80421840935115,72.80421840935115,pobre,0,6,750.0,908.5,1.0,31.0,8,283,37949,1,1.0
97,0.0,0.0,0.0,1.0,0.0,4,72.80421840935115,72.80421840935115,pobre,0,6,750.0,607.0,1.0,35.0,7,283,37950,0,1.0
98,0.0,0.0,0.0,1.0,1.0,4,72.80421840935115,72.80421840935115,pobre,0,6,750.0,607.0,1.0,35.0,8,283,37950,0,1.0
97,1.0,0.0,0.0,1.0,0.0,4,72.80421840935115,72.80421840935115,pobre,0,6,750.0,607.0,1.0,35.0,6,283,37951,0,1.0
98,1.0,0.0,0.0,1.0,3.0,4,72.80421840935115,72.80421840935115,pobre,0,6,750.0,607.0,1.0,35.0,7,283,37951,0,1.0
97,0.0,0.0,0.0,1.0,1.0,4,72.80421840935115,72.80421840935115,pobre,0,4,750.0,721.0,1.0,25.0,7,283,37952,1,1.0
98,0.0,0.0,0.0,1.0,1.0,4,72.80421840935115,72.80421840935115,pobre,0,4,750.0,721.0,1.0,25.0,8,283,37952,1,1.0
97,0.0,0.0,0.0,0.0,9.0,11,72.80421840935115,72.80421840935115,pobre,0,0,0.0,764.25,0.0,43.0,15,283,37953,9,0.0
98,0.0,0.0,0.0,,,11,72.80421840935115,72.80421840935115,pobre,0,0,0.0,764.25,0.0,43.0,16,283,37953,9,0.0
97,0.0,0.0,0.0,1.0,2.0,11,72.80421840935115,72.80421840935115,pobre,0,0,0.0,764.25,0.0,43.0,8,283,37954,2,1.0
98,0.0,0.0,0.0,,,11,72.80421840935115,72.80421840935115,pobre,0,0,0.0,764.25,0.0,43.0,9,283,37954,2,1.0
97,1.0,0.0,0.0,1.0,6.0,5,72.80421840935115,72.80421840935115,no pobre,0,4,1600.0,828.5,1.0,43.0,12,283,37955,6,1.0
98,1.0,0.0,0.0,1.0,7.0,5,72.80421840935115,72.80421840935115,no pobre,0,4,1600.0,828.5,1.0,43.0,13,283,37955,6,1.0
97,0.0,0.0,0.0,1.0,8.0,9,72.80421840935115,72.80421840935115,no pobre,0,2,750.0,903.0,1.0,60.0,14,283,37956,8,1.0
98,0.0,0.0,0.0,0.0,9.0,9,72.80421840935115,72.80421840935115,no pobre,0,2,750.0,903.0,1.0,60.0,15,283,37956,8,1.0
97,1.0,0.0,0.0,,0.0,9,72.80421840935115,72.80421840935115,no pobre,0,2,750.0,903.0,1.0,60.0,12,283,37957,0,
98,1.0,0.0,0.0,,,9,72.80421840935115,72.80421840935115,no pobre,0,2,750.0,903.0,1.0,60.0,13,283,37957,0,
97,0.0,0.0,0.0,1.0,2.0,9,72.80421840935115,72.80421840935115,no pobre,0,2,750.0,903.0,1.0,60.0,8,283,37958,2,1.0
98,0.0,0.0,0.0,1.0,3.0,9,72.80421840935115,72.80421840935115,no pobre,0,2,750.0,903.0,1.0,60.0,9,283,37958,2,1.0
97,0.0,0.0,0.0,0.0,5.0,3,72.80421840935115,72.80421840935115,pobre,0,0,0.0,853.0,0.0,57.0,15,283,37959,5,0.0
98,0.0,0.0,0.0,0.0,5.0,3,72.80421840935115,72.80421840935115,pobre,0,0,0.0,853.0,0.0,57.0,16,283,37959,5,0.0
97,0.0,0.0,0.0,1.0,6.0,7,72.80421840935115,72.80421840935115,no pobre,0,6,1000.0,862.0,1.0,32.0,12,283,37960,6,1.0
98,0.0,0.0,0.0,1.0,7.0,7,72.80421840935115,72.80421840935115,no pobre,0,6,1000.0,862.0,1.0,32.0,13,283,37960,6,1.0
97,0.0,0.0,0.0,1.0,4.0,7,72.80421840935115,72.80421840935115,no pobre,0,6,1000.0,862.0,1.0,32.0,10,283,37961,4,1.0
98,0.0,0.0,0.0,1.0,5.0,7,72.80421840935115,72.80421840935115,no pobre,0,6,1000.0,862.0,1.0,32.0,11,283,37961,4,1.0
97,1.0,0.0,0.0,1.0,2.0,7,72.80421840935115,72.80421840935115,no pobre,0,6,1000.0,862.0,1.0,32.0,8,283,37962,2,1.0
98,1.0,0.0,0.0,1.0,3.0,7,72.80421840935115,72.80421840935115,no pobre,0,6,1000.0,862.0,1.0,32.0,9,283,37962,2,1.0
97,0.0,0.0,0.0,1.0,1.0,7,72.80421840935115,72.80421840935115,no pobre,0,6,1000.0,862.0,1.0,32.0,7,283,37963,1,1.0
98,0.0,0.0,0.0,1.0,2.0,7,72.80421840935115,72.80421840935115,no pobre,0,6,1000.0,862.0,1.0,32.0,8,283,37963,1,1.0
97,0.0,0.0,0.0,0.0,6.0,9,72.80421840935115,72.80421840935115,no pobre,0,3,800.0,1042.75,1.0,43.0,16,283,37964,6,0.0
98,0.0,0.0,0.0,,,9,72.80421840935115,72.80421840935115,no pobre,0,3,800.0,1042.75,1.0,43.0,17,283,37964,6,0.0
97,1.0,0.0,0.0,1.0,7.0,9,72.80421840935115,72.80421840935115,no pobre,0,3,800.0,1042.75,1.0,43.0,14,283,37965,7,1.0
98,1.0,0.0,0.0,1.0,8.0,9,72.80421840935115,72.80421840935115,no pobre,0,3,800.0,1042.75,1.0,43.0,15,283,37965,7,1.0
97,0.0,0.0,0.0,1.0,3.0,9,72.80421840935115,72.80421840935115,no pobre,0,3,800.0,1042.75,1.0,43.0,10,283,37966,3,1.0
98,0.0,0.0,0.0,1.0,4.0,9,72.80421840935115,72.80421840935115,no pobre,0,3,800.0,1042.75,1.0,43.0,11,283,37966,3,1.0
97,0.0,0.0,0.0,1.0,2.0,9,72.80421840935115,72.80421840935115,no pobre,0,3,800.0,1042.75,1.0,43.0,8,283,37967,2,1.0
98,0.0,0.0,0.0,1.0,3.0,9,72.80421840935115,72.80421840935115,no pobre,0,3,800.0,1042.75,1.0,43.0,9,283,37967,2,1.0
97,1.0,0.0,0.0,0.0,9.0,10,72.80421840935115,72.80421840935115,pobre,0,0,0.0,840.70099,1.0,58.0,16,283,37968,9,0.0
98,1.0,0.0,0.0,,,10,72.80421840935115,72.80421840935115,pobre,0,0,0.0,840.70099,1.0,58.0,17,283,37968,9,0.0
97,0.0,0.0,0.0,0.0,6.0,7,72.80421840935115,72.80421840935115,pobre,0,3,8000.0,767.0,1.0,35.0,13,283,37969,6,0.0
98,0.0,0.0,0.0,0.0,6.0,7,72.80421840935115,72.80421840935115,pobre,0,3,8000.0,767.0,1.0,35.0,14,283,37969,6,0.0
97,1.0,0.0,0.0,1.0,5.0,7,72.80421840935115,72.80421840935115,pobre,0,3,8000.0,767.0,1.0,35.0,11,283,37970,5,1.0
98,1.0,0.0,0.0,1.0,6.0,7,72.80421840935115,72.80421840935115,pobre,0,3,8000.0,767.0,1.0,35.0,12,283,37970,5,1.0
97,0.0,0.0,0.0,1.0,3.0,7,72.80421840935115,72.80421840935115,pobre,0,3,8000.0,767.0,1.0,35.0,9,283,37971,3,1.0
98,0.0,0.0,0.0,1.0,4.0,7,72.80421840935115,72.80421840935115,pobre,0,3,8000.0,767.0,1.0,35.0,10,283,37971,3,1.0
97,1.0,0.0,0.0,1.0,1.0,7,72.80421840935115,72.80421840935115,pobre,0,3,8000.0,767.0,1.0,35.0,7,283,37972,1,1.0
98,1.0,0.0,0.0,1.0,2.0,7,72.80421840935115,72.80421840935115,pobre,0,3,8000.0,767.0,1.0,35.0,8,283,37972,1,1.0
97,1.0,0.0,0.0,1.0,0.0,7,72.80421840935115,72.80421840935115,pobre,0,3,8000.0,767.0,1.0,35.0,6,283,37973,0,1.0
98,1.0,0.0,0.0,1.0,1.0,7,72.80421840935115,72.80421840935115,pobre,0,3,8000.0,767.0,1.0,35.0,7,283,37973,0,1.0
97,0.0,0.0,0.0,1.0,8.0,8,72.80421840935115,72.80421840935115,pobre,0,3,0.0,794.0,1.0,71.0,15,283,37974,8,1.0
98,0.0,0.0,0.0,0.0,9.0,8,72.80421840935115,72.80421840935115,pobre,0,3,0.0,794.0,1.0,71.0,16,283,37974,8,1.0
97,0.0,0.0,0.0,1.0,6.0,8,72.80421840935115,72.80421840935115,pobre,0,3,0.0,794.0,1.0,71.0,12,283,37975,6,1.0
98,0.0,0.0,0.0,0.0,7.0,8,72.80421840935115,72.80421840935115,pobre,0,3,0.0,794.0,1.0,71.0,13,283,37975,6,1.0
97,1.0,0.0,0.0,1.0,3.0,8,72.80421840935115,72.80421840935115,pobre,0,3,0.0,794.0,1.0,71.0,9,283,37976,3,1.0
98,1.0,0.0,0.0,1.0,3.0,8,72.80421840935115,72.80421840935115,pobre,0,3,0.0,794.0,1.0,71.0,10,283,37976,3,1.0
97,0.0,0.0,0.0,1.0,1.0,4,72.80421840935115,72.80421840935115,pobre,0,3,1200.0,758.70099,1.0,27.0,9,283,37977,1,1.0
98,0.0,0.0,0.0,1.0,2.0,4,72.80421840935115,72.80421840935115,pobre,0,3,1200.0,758.70099,1.0,27.0,10,283,37977,1,1.0
97,0.0,0.0,0.0,0.0,6.0,8,72.80421840935115,72.80421840935115,pobre,0,2,600.0,913.20001,1.0,60.0,16,283,37978,6,0.0
98,0.0,0.0,0.0,,,8,72.80421840935115,72.80421840935115,pobre,0,2,600.0,913.20001,1.0,60.0,17,283,37978,6,0.0
97,0.0,0.0,0.0,1.0,4.0,9,72.80421840935115,72.80421840935115,pobre,0,6,3600.0,929.0,1.0,45.0,10,283,37979,4,1.0
98,0.0,0.0,0.0,1.0,5.0,9,72.80421840935115,72.80421840935115,pobre,0,6,3600.0,929.0,1.0,45.0,11,283,37979,4,1.0
97,1.0,0.0,0.0,1.0,1.0,4,72.80421840935115,72.80421840935115,pobre,0,6,7200.0,750.0,1.0,24.0,8,283,37980,1,1.0
98,1.0,0.0,0.0,1.0,2.0,4,72.80421840935115,72.80421840935115,pobre,0,6,7200.0,750.0,1.0,24.0,9,283,37980,1,1.0
97,1.0,0.0,0.0,1.0,4.0,6,72.80421840935115,72.80421840935115,pobre,0,3,600.0,518.33099,1.0,39.0,11,283,37981,4,1.0
98,1.0,0.0,0.0,1.0,5.0,6,72.80421840935115,72.80421840935115,pobre,0,3,600.0,518.33099,1.0,39.0,12,283,37981,4,1.0
97,0.0,0.0,0.0,1.0,3.0,6,72.80421840935115,72.80421840935115,pobre,0,3,600.0,518.33099,1.0,39.0,9,283,37982,3,1.0
98,0.0,0.0,0.0,1.0,4.0,6,72.80421840935115,72.80421840935115,pobre,0,3,600.0,518.33099,1.0,39.0,10,283,37982,3,1.0
97,1.0,0.0,0.0,1.0,1.0,6,72.80421840935115,72.80421840935115,pobre,0,3,600.0,518.33099,1.0,39.0,8,283,37983,1,1.0
98,1.0,0.0,0.0,1.0,2.0,6,72.80421840935115,72.80421840935115,pobre,0,3,600.0,518.33099,1.0,39.0,9,283,37983,1,1.0
97,1.0,0.0,0.0,,0.0,6,72.80421840935115,72.80421840935115,pobre,0,3,600.0,518.33099,1.0,39.0,6,283,37984,0,
98,1.0,0.0,0.0,1.0,0.0,6,72.80421840935115,72.80421840935115,pobre,0,3,600.0,518.33099,1.0,39.0,7,283,37984,0,
97,1.0,0.0,0.0,1.0,0.0,6,72.80421840935115,72.80421840935115,pobre,0,0,0.0,804.0,0.0,65.0,6,283,37985,0,1.0
98,1.0,0.0,0.0,1.0,1.0,6,72.80421840935115,72.80421840935115,pobre,0,0,0.0,804.0,0.0,65.0,7,283,37985,0,1.0
97,0.0,0.0,0.0,1.0,5.0,5,72.80421840935115,72.80421840935115,pobre,0,6,10004.0,553.0,1.0,29.0,11,283,37986,5,1.0
98,0.0,0.0,0.0,0.0,6.0,5,72.80421840935115,72.80421840935115,pobre,0,6,10004.0,553.0,1.0,29.0,12,283,37986,5,1.0
97,1.0,0.0,0.0,1.0,1.0,5,72.80421840935115,72.80421840935115,pobre,0,6,10004.0,553.0,1.0,29.0,7,283,37987,1,1.0
98,1.0,0.0,0.0,1.0,2.0,5,72.80421840935115,72.80421840935115,pobre,0,6,10004.0,553.0,1.0,29.0,8,283,37987,1,1.0
97,0.0,0.0,0.0,1.0,0.0,5,72.80421840935115,72.80421840935115,pobre,0,6,10004.0,553.0,1.0,29.0,6,283,37988,0,1.0
98,0.0,0.0,0.0,1.0,1.0,5,72.80421840935115,72.80421840935115,pobre,0,6,10004.0,553.0,1.0,29.0,7,283,37988,0,1.0
97,1.0,0.0,0.0,1.0,2.0,7,72.80421840935115,72.80421840935115,pobre,0,0,800.0,669.70099,1.0,28.0,8,283,37989,2,1.0
98,1.0,0.0,0.0,1.0,3.0,7,72.80421840935115,72.80421840935115,pobre,0,0,800.0,669.70099,1.0,28.0,9,283,37989,2,1.0
97,1.0,0.0,0.0,1.0,1.0,7,72.80421840935115,72.80421840935115,pobre,0,0,800.0,669.70099,1.0,28.0,6,283,37990,1,1.0
98,1.0,0.0,0.0,,,7,72.80421840935115,72.80421840935115,pobre,0,0,800.0,669.70099,1.0,28.0,7,283,37990,1,1.0
97,0.0,0.0,7.8759999,1.0,7.0,4,138.6725247124352,138.6725247124352,no pobre,0,2,750.0,1187.0,1.0,53.0,14,288,37991,7,1.0
98,0.0,0.0,7.8759999,1.0,8.0,4,138.6725247124352,138.6725247124352,no pobre,0,2,750.0,1187.0,1.0,53.0,15,288,37991,7,1.0
97,1.0,0.0,7.8759999,0.0,6.0,10,138.6725247124352,138.6725247124352,no pobre,0,2,750.0,947.5,1.0,51.0,16,288,37992,6,0.0
98,1.0,0.0,7.8759999,,,10,138.6725247124352,138.6725247124352,no pobre,0,2,750.0,947.5,1.0,51.0,17,288,37992,6,0.0
97,1.0,0.0,7.8759999,1.0,6.0,10,138.6725247124352,138.6725247124352,no pobre,0,2,750.0,947.5,1.0,51.0,12,288,37993,6,1.0
98,1.0,0.0,7.8759999,0.0,6.0,10,138.6725247124352,138.6725247124352,no pobre,0,2,750.0,947.5,1.0,51.0,13,288,37993,6,1.0
97,1.0,0.0,7.8759999,1.0,2.0,10,138.6725247124352,138.6725247124352,no pobre,0,2,750.0,947.5,1.0,51.0,10,288,37994,2,1.0
98,1.0,0.0,7.8759999,1.0,3.0,10,138.6725247124352,138.6725247124352,no pobre,0,2,750.0,947.5,1.0,51.0,11,288,37994,2,1.0
97,1.0,0.0,7.8759999,0.0,6.0,9,138.6725247124352,138.6725247124352,no pobre,0,2,2500.0,1147.75,1.0,44.0,16,288,37995,6,0.0
98,1.0,0.0,7.8759999,,,9,138.6725247124352,138.6725247124352,no pobre,0,2,2500.0,1147.75,1.0,44.0,17,288,37995,6,0.0
97,0.0,0.0,7.8759999,1.0,7.0,9,138.6725247124352,138.6725247124352,no pobre,0,2,2500.0,1147.75,1.0,44.0,14,288,37996,7,1.0
98,0.0,0.0,7.8759999,1.0,8.0,9,138.6725247124352,138.6725247124352,no pobre,0,2,2500.0,1147.75,1.0,44.0,15,288,37996,7,1.0
97,1.0,0.0,7.8759999,1.0,0.0,9,138.6725247124352,138.6725247124352,no pobre,0,2,2500.0,1147.75,1.0,44.0,7,288,37997,0,1.0
98,1.0,0.0,7.8759999,1.0,1.0,9,138.6725247124352,138.6725247124352,no pobre,0,2,2500.0,1147.75,1.0,44.0,8,288,37997,0,1.0
97,0.0,0.0,7.8759999,1.0,7.0,10,138.6725247124352,138.6725247124352,pobre,0,3,750.0,569.0,1.0,35.0,14,288,37998,7,1.0
98,0.0,0.0,7.8759999,1.0,8.0,10,138.6725247124352,138.6725247124352,pobre,0,3,750.0,569.0,1.0,35.0,15,288,37998,7,1.0
97,0.0,0.0,7.8759999,0.0,6.0,10,138.6725247124352,138.6725247124352,pobre,0,3,750.0,569.0,1.0,35.0,12,288,37999,6,0.0
98,0.0,0.0,7.8759999,0.0,6.0,10,138.6725247124352,138.6725247124352,pobre,0,3,750.0,569.0,1.0,35.0,13,288,37999,6,0.0
97,1.0,0.0,7.8759999,1.0,3.0,10,138.6725247124352,138.6725247124352,pobre,0,3,750.0,569.0,1.0,35.0,10,288,38000,3,1.0
98,1.0,0.0,7.8759999,1.0,4.0,10,138.6725247124352,138.6725247124352,pobre,0,3,750.0,569.0,1.0,35.0,11,288,38000,3,1.0
97,0.0,0.0,7.8759999,1.0,1.0,10,138.6725247124352,138.6725247124352,pobre,0,3,750.0,569.0,1.0,35.0,7,288,38001,1,1.0
98,0.0,0.0,7.8759999,1.0,2.0,10,138.6725247124352,138.6725247124352,pobre,0,3,750.0,569.0,1.0,35.0,8,288,38001,1,1.0
97,0.0,0.0,7.8759999,0.0,6.0,9,138.6725247124352,138.6725247124352,pobre,0,3,583.33331,761.5,1.0,57.0,15,288,38002,6,0.0
98,0.0,0.0,7.8759999,1.0,9.0,9,138.6725247124352,138.6725247124352,pobre,0,3,583.33331,761.5,1.0,57.0,16,288,38002,6,0.0
97,0.0,0.0,7.8759999,1.0,7.0,9,138.6725247124352,138.6725247124352,pobre,0,3,583.33331,761.5,1.0,57.0,14,288,38003,7,1.0
98,0.0,0.0,7.8759999,1.0,8.0,9,138.6725247124352,138.6725247124352,pobre,0,3,583.33331,761.5,1.0,57.0,15,288,38003,7,1.0
97,1.0,0.0,7.8759999,1.0,6.0,9,138.6725247124352,138.6725247124352,pobre,0,3,583.33331,761.5,1.0,57.0,13,288,38004,6,1.0
98,1.0,0.0,7.8759999,1.0,7.0,9,138.6725247124352,138.6725247124352,pobre,0,3,583.33331,761.5,1.0,57.0,14,288,38004,6,1.0
97,0.0,0.0,7.8759999,1.0,4.0,9,138.6725247124352,138.6725247124352,pobre,0,3,583.33331,761.5,1.0,57.0,9,288,38005,4,1.0
98,0.0,0.0,7.8759999,1.0,5.0,9,138.6725247124352,138.6725247124352,pobre,0,3,583.33331,761.5,1.0,57.0,10,288,38005,4,1.0
97,1.0,0.0,7.8759999,1.0,2.0,9,138.6725247124352,138.6725247124352,pobre,0,3,583.33331,761.5,1.0,57.0,8,288,38006,2,1.0
98,1.0,0.0,7.8759999,1.0,3.0,9,138.6725247124352,138.6725247124352,pobre,0,3,583.33331,761.5,1.0,57.0,9,288,38006,2,1.0
97,0.0,0.0,7.8759999,1.0,1.0,5,138.6725247124352,138.6725247124352,no pobre,0,3,750.0,1047.0,1.0,37.0,7,288,38007,1,1.0
98,0.0,0.0,7.8759999,1.0,2.0,5,138.6725247124352,138.6725247124352,no pobre,0,3,750.0,1047.0,1.0,37.0,8,288,38007,1,1.0
97,1.0,0.0,3.6010001,0.0,6.0,5,89.38165253308725,89.38165253308725,pobre,basal,2,750.0,857.0,1.0,45.0,16,295,38008,6,0.0
98,1.0,0.0,3.6010001,,,5,89.38165253308725,89.38165253308725,pobre,basal,2,750.0,857.0,1.0,45.0,17,295,38008,6,0.0
97,1.0,0.0,3.6010001,1.0,4.0,5,89.38165253308725,89.38165253308725,pobre,basal,2,750.0,857.0,1.0,45.0,11,295,38009,4,1.0
98,1.0,0.0,3.6010001,1.0,5.0,5,89.38165253308725,89.38165253308725,pobre,basal,2,750.0,857.0,1.0,45.0,12,295,38009,4,1.0
97,0.0,0.0,7.8759999,0.0,6.0,7,138.6725247124352,138.6725247124352,no pobre,0,2,25.0,1036.5,1.0,57.0,15,288,38010,6,0.0
98,0.0,0.0,7.8759999,0.0,5.0,7,138.6725247124352,138.6725247124352,no pobre,0,2,25.0,1036.5,1.0,57.0,16,288,38010,6,0.0
97,1.0,0.0,7.8759999,1.0,3.0,7,138.6725247124352,138.6725247124352,no pobre,0,2,25.0,1036.5,1.0,57.0,9,288,38011,3,1.0
98,1.0,0.0,7.8759999,1.0,4.0,7,138.6725247124352,138.6725247124352,no pobre,0,2,25.0,1036.5,1.0,57.0,10,288,38011,3,1.0
97,1.0,0.0,7.8759999,1.0,2.0,7,138.6725247124352,138.6725247124352,no pobre,0,2,25.0,1036.5,1.0,57.0,7,288,38012,2,1.0
98,1.0,0.0,7.8759999,1.0,3.0,7,138.6725247124352,138.6725247124352,no pobre,0,2,25.0,1036.5,1.0,57.0,8,288,38012,2,1.0
97,1.0,0.0,7.8759999,0.0,4.0,4,138.6725247124352,138.6725247124352,pobre,0,6,3200.0,760.0,1.0,27.0,16,288,38013,4,0.0
98,1.0,0.0,7.8759999,,,4,138.6725247124352,138.6725247124352,pobre,0,6,3200.0,760.0,1.0,27.0,17,288,38013,4,0.0
97,0.0,0.0,7.8759999,1.0,0.0,5,138.6725247124352,138.6725247124352,pobre,0,6,3200.0,644.0,1.0,26.0,6,288,38014,0,1.0
98,0.0,0.0,7.8759999,1.0,1.0,5,138.6725247124352,138.6725247124352,pobre,0,6,3200.0,644.0,1.0,26.0,7,288,38014,0,1.0
97,1.0,0.0,7.8759999,0.0,6.0,9,138.6725247124352,138.6725247124352,pobre,0,3,233.33333,782.75,1.0,59.0,14,288,38015,6,0.0
98,1.0,0.0,7.8759999,0.0,6.0,9,138.6725247124352,138.6725247124352,pobre,0,3,233.33333,782.75,1.0,59.0,15,288,38015,6,0.0
97,0.0,0.0,7.8759999,1.0,3.0,7,138.6725247124352,138.6725247124352,pobre,0,4,750.0,607.0,1.0,64.0,9,288,38016,3,1.0
98,0.0,0.0,7.8759999,1.0,4.0,7,138.6725247124352,138.6725247124352,pobre,0,4,750.0,607.0,1.0,64.0,10,288,38016,3,1.0
97,0.0,0.0,7.8759999,1.0,1.0,7,138.6725247124352,138.6725247124352,pobre,0,4,750.0,607.0,1.0,64.0,8,288,38017,1,1.0
98,0.0,0.0,7.8759999,1.0,2.0,7,138.6725247124352,138.6725247124352,pobre,0,4,750.0,607.0,1.0,64.0,9,288,38017,1,1.0
97,0.0,0.0,7.8759999,1.0,4.0,3,138.6725247124352,138.6725247124352,pobre,0,0,500.0,1019.0,1.0,54.0,10,288,38018,4,1.0
98,0.0,0.0,7.8759999,1.0,5.0,3,138.6725247124352,138.6725247124352,pobre,0,0,500.0,1019.0,1.0,54.0,11,288,38018,4,1.0
97,1.0,0.0,7.8759999,0.0,6.0,6,138.6725247124352,138.6725247124352,pobre,0,3,600.0,790.0,1.0,40.0,15,288,38019,6,0.0
98,1.0,0.0,7.8759999,,,6,138.6725247124352,138.6725247124352,pobre,0,3,600.0,790.0,1.0,40.0,16,288,38019,6,0.0
97,1.0,0.0,7.8759999,1.0,4.0,6,138.6725247124352,138.6725247124352,pobre,0,3,600.0,790.0,1.0,40.0,10,288,38020,4,1.0
98,1.0,0.0,7.8759999,1.0,5.0,6,138.6725247124352,138.6725247124352,pobre,0,3,600.0,790.0,1.0,40.0,11,288,38020,4,1.0
97,0.0,0.0,7.8759999,1.0,1.0,6,138.6725247124352,138.6725247124352,pobre,0,3,600.0,790.0,1.0,40.0,8,288,38021,1,1.0
98,0.0,0.0,7.8759999,1.0,2.0,6,138.6725247124352,138.6725247124352,pobre,0,3,600.0,790.0,1.0,40.0,9,288,38021,1,1.0
97,0.0,0.0,7.8759999,1.0,7.0,8,138.6725247124352,138.6725247124352,pobre,0,4,625.0,698.0,1.0,44.0,15,288,38022,7,1.0
98,0.0,0.0,7.8759999,1.0,8.0,8,138.6725247124352,138.6725247124352,pobre,0,4,625.0,698.0,1.0,44.0,16,288,38022,7,1.0
97,0.0,0.0,7.8759999,1.0,4.0,8,138.6725247124352,138.6725247124352,pobre,0,4,625.0,698.0,1.0,44.0,11,288,38023,4,1.0
98,0.0,0.0,7.8759999,1.0,5.0,8,138.6725247124352,138.6725247124352,pobre,0,4,625.0,698.0,1.0,44.0,12,288,38023,4,1.0
97,0.0,0.0,7.8759999,1.0,1.0,8,138.6725247124352,138.6725247124352,pobre,0,4,625.0,698.0,1.0,44.0,7,288,38024,1,1.0
98,0.0,0.0,7.8759999,1.0,2.0,8,138.6725247124352,138.6725247124352,pobre,0,4,625.0,698.0,1.0,44.0,8,288,38024,1,1.0
97,1.0,0.0,3.6010001,1.0,3.0,6,89.38165253308725,89.38165253308725,pobre,basal,2,0.0,812.0,1.0,36.0,9,295,38025,3,1.0
98,1.0,0.0,3.6010001,1.0,4.0,6,89.38165253308725,89.38165253308725,pobre,basal,2,0.0,812.0,1.0,36.0,10,295,38025,3,1.0
97,1.0,0.0,3.6010001,1.0,2.0,6,89.38165253308725,89.38165253308725,pobre,basal,2,0.0,812.0,1.0,36.0,7,295,38026,2,1.0
98,1.0,0.0,3.6010001,1.0,3.0,6,89.38165253308725,89.38165253308725,pobre,basal,2,0.0,812.0,1.0,36.0,8,295,38026,2,1.0
97,0.0,0.0,3.6010001,1.0,0.0,6,89.38165253308725,89.38165253308725,pobre,basal,2,0.0,812.0,1.0,36.0,6,295,38027,0,1.0
98,0.0,0.0,3.6010001,1.0,1.0,6,89.38165253308725,89.38165253308725,pobre,basal,2,0.0,812.0,1.0,36.0,7,295,38027,0,1.0
97,0.0,0.0,3.6010001,1.0,6.0,8,89.38165253308725,89.38165253308725,pobre,basal,3,666.66669,539.0,1.0,64.0,16,295,38028,6,1.0
98,0.0,0.0,3.6010001,,,8,89.38165253308725,89.38165253308725,pobre,basal,3,666.66669,539.0,1.0,64.0,17,295,38028,6,1.0
97,1.0,0.0,3.6010001,0.0,2.0,8,89.38165253308725,89.38165253308725,pobre,basal,3,666.66669,539.0,1.0,64.0,15,295,38029,2,0.0
98,1.0,0.0,3.6010001,0.0,2.0,8,89.38165253308725,89.38165253308725,pobre,basal,3,666.66669,539.0,1.0,64.0,16,295,38029,2,0.0
97,0.0,0.0,3.6010001,1.0,6.0,8,89.38165253308725,89.38165253308725,pobre,basal,3,666.66669,539.0,1.0,64.0,12,295,38030,6,1.0
98,0.0,0.0,3.6010001,0.0,6.0,8,89.38165253308725,89.38165253308725,pobre,basal,3,666.66669,539.0,1.0,64.0,13,295,38030,6,1.0
97,1.0,0.0,3.6010001,,0.0,8,89.38165253308725,89.38165253308725,pobre,basal,3,666.66669,539.0,1.0,64.0,10,295,38031,0,
98,1.0,0.0,3.6010001,,,8,89.38165253308725,89.38165253308725,pobre,basal,3,666.66669,539.0,1.0,64.0,11,295,38031,0,
97,1.0,0.0,3.6010001,1.0,3.0,8,89.38165253308725,89.38165253308725,pobre,basal,3,666.66669,539.0,1.0,64.0,8,295,38032,3,1.0
98,1.0,0.0,3.6010001,1.0,4.0,8,89.38165253308725,89.38165253308725,pobre,basal,3,666.66669,539.0,1.0,64.0,9,295,38032,3,1.0
97,1.0,0.0,3.6010001,0.0,3.0,3,89.38165253308725,89.38165253308725,pobre,basal,1,200.0,873.5,1.0,64.0,13,295,38033,3,0.0
98,1.0,0.0,3.6010001,0.0,2.0,3,89.38165253308725,89.38165253308725,pobre,basal,1,200.0,873.5,1.0,64.0,14,295,38033,3,0.0
97,1.0,0.0,3.6010001,1.0,1.0,5,89.38165253308725,89.38165253308725,pobre,basal,3,2400.0,802.0,1.0,35.0,7,295,38034,1,1.0
98,1.0,0.0,3.6010001,1.0,2.0,5,89.38165253308725,89.38165253308725,pobre,basal,3,2400.0,802.0,1.0,35.0,8,295,38034,1,1.0
97,1.0,0.0,3.6010001,1.0,0.0,5,89.38165253308725,89.38165253308725,pobre,basal,3,2400.0,802.0,1.0,35.0,6,295,38035,0,1.0
98,1.0,0.0,3.6010001,1.0,1.0,5,89.38165253308725,89.38165253308725,pobre,basal,3,2400.0,802.0,1.0,35.0,7,295,38035,0,1.0
97,0.0,0.0,3.6010001,0.0,6.0,6,89.38165253308725,89.38165253308725,pobre,basal,0,500.0,748.0,1.0,52.0,15,295,38036,6,0.0
98,0.0,0.0,3.6010001,0.0,6.0,6,89.38165253308725,89.38165253308725,pobre,basal,0,500.0,748.0,1.0,52.0,16,295,38036,6,0.0
97,1.0,0.0,3.6010001,1.0,6.0,6,89.38165253308725,89.38165253308725,pobre,basal,0,500.0,748.0,1.0,52.0,13,295,38037,6,1.0
98,1.0,0.0,3.6010001,1.0,7.0,6,89.38165253308725,89.38165253308725,pobre,basal,0,500.0,748.0,1.0,52.0,14,295,38037,6,1.0
97,0.0,0.0,3.6010001,1.0,5.0,6,89.38165253308725,89.38165253308725,pobre,basal,0,500.0,748.0,1.0,52.0,11,295,38038,5,1.0
98,0.0,0.0,3.6010001,0.0,6.0,6,89.38165253308725,89.38165253308725,pobre,basal,0,500.0,748.0,1.0,52.0,12,295,38038,5,1.0
97,0.0,0.0,3.6010001,1.0,3.0,6,89.38165253308725,89.38165253308725,pobre,basal,0,500.0,748.0,1.0,52.0,9,295,38039,3,1.0
98,0.0,0.0,3.6010001,1.0,4.0,6,89.38165253308725,89.38165253308725,pobre,basal,0,500.0,748.0,1.0,52.0,10,295,38039,3,1.0
97,0.0,0.0,0.0,1.0,2.0,3,72.80421840935115,72.80421840935115,pobre,0,0,0.0,735.0,0.0,46.0,8,283,38040,2,1.0
98,0.0,0.0,0.0,1.0,3.0,3,72.80421840935115,72.80421840935115,pobre,0,0,0.0,735.0,0.0,46.0,9,283,38040,2,1.0
97,1.0,0.0,0.0,,0.0,6,72.80421840935115,72.80421840935115,pobre,0,3,1800.0,643.0,1.0,34.0,6,283,38041,0,
98,1.0,0.0,0.0,1.0,0.0,6,72.80421840935115,72.80421840935115,pobre,0,3,1800.0,643.0,1.0,34.0,7,283,38041,0,
97,0.0,0.0,0.0,1.0,4.0,6,72.80421840935115,72.80421840935115,pobre,0,3,1800.0,643.0,1.0,34.0,10,283,38042,4,1.0
98,0.0,0.0,0.0,1.0,5.0,6,72.80421840935115,72.80421840935115,pobre,0,3,1800.0,643.0,1.0,34.0,11,283,38042,4,1.0
97,0.0,0.0,0.0,1.0,7.0,6,72.80421840935115,72.80421840935115,pobre,0,3,1800.0,643.0,1.0,34.0,13,283,38043,7,1.0
98,0.0,0.0,0.0,1.0,8.0,6,72.80421840935115,72.80421840935115,pobre,0,3,1800.0,643.0,1.0,34.0,14,283,38043,7,1.0
97,0.0,0.0,0.0,0.0,9.0,19,72.80421840935115,72.80421840935115,no pobre,0,1,0.0,961.5,1.0,57.0,15,283,38044,9,0.0
98,0.0,0.0,0.0,0.0,9.0,19,72.80421840935115,72.80421840935115,no pobre,0,1,0.0,961.5,1.0,57.0,16,283,38044,9,0.0
97,1.0,0.0,0.0,1.0,3.0,19,72.80421840935115,72.80421840935115,no pobre,0,1,0.0,961.5,1.0,57.0,9,283,38045,3,1.0
98,1.0,0.0,0.0,1.0,4.0,19,72.80421840935115,72.80421840935115,no pobre,0,1,0.0,961.5,1.0,57.0,10,283,38045,3,1.0
97,1.0,0.0,0.0,1.0,1.0,19,72.80421840935115,72.80421840935115,no pobre,0,1,0.0,961.5,1.0,57.0,7,283,38046,1,1.0
98,1.0,0.0,0.0,1.0,2.0,19,72.80421840935115,72.80421840935115,no pobre,0,1,0.0,961.5,1.0,57.0,8,283,38046,1,1.0
97,0.0,0.0,0.0,,0.0,19,72.80421840935115,72.80421840935115,no pobre,0,1,0.0,961.5,1.0,57.0,6,283,38047,0,
98,0.0,0.0,0.0,1.0,0.0,19,72.80421840935115,72.80421840935115,no pobre,0,1,0.0,961.5,1.0,57.0,7,283,38047,0,
97,1.0,0.0,0.0,0.0,6.0,8,72.80421840935115,72.80421840935115,pobre,0,0,600.0,875.0,1.0,61.0,13,283,38048,6,0.0
98,1.0,0.0,0.0,0.0,6.0,8,72.80421840935115,72.80421840935115,pobre,0,0,600.0,875.0,1.0,61.0,14,283,38048,6,0.0
97,0.0,0.0,0.0,0.0,4.0,12,72.80421840935115,72.80421840935115,pobre,0,4,1500.0,805.79999,1.0,38.0,16,283,38049,4,0.0
98,0.0,0.0,0.0,,,12,72.80421840935115,72.80421840935115,pobre,0,4,1500.0,805.79999,1.0,38.0,17,283,38049,4,0.0
97,1.0,0.0,0.0,0.0,9.0,12,72.80421840935115,72.80421840935115,pobre,0,4,1500.0,805.79999,1.0,38.0,16,283,38050,9,0.0
98,1.0,0.0,0.0,,,12,72.80421840935115,72.80421840935115,pobre,0,4,1500.0,805.79999,1.0,38.0,17,283,38050,9,0.0
97,0.0,0.0,0.0,1.0,6.0,12,72.80421840935115,72.80421840935115,pobre,0,4,1500.0,805.79999,1.0,38.0,13,283,38051,6,1.0
98,0.0,0.0,0.0,1.0,7.0,12,72.80421840935115,72.80421840935115,pobre,0,4,1500.0,805.79999,1.0,38.0,14,283,38051,6,1.0
97,1.0,0.0,0.0,1.0,5.0,12,72.80421840935115,72.80421840935115,pobre,0,4,1500.0,805.79999,1.0,38.0,13,283,38052,5,1.0
98,1.0,0.0,0.0,1.0,6.0,12,72.80421840935115,72.80421840935115,pobre,0,4,1500.0,805.79999,1.0,38.0,14,283,38052,5,1.0
97,1.0,0.0,0.0,1.0,3.0,12,72.80421840935115,72.80421840935115,pobre,0,4,1500.0,805.79999,1.0,38.0,10,283,38053,3,1.0
98,1.0,0.0,0.0,1.0,4.0,12,72.80421840935115,72.80421840935115,pobre,0,4,1500.0,805.79999,1.0,38.0,11,283,38053,3,1.0
97,0.0,0.0,0.0,0.0,5.0,4,72.80421840935115,72.80421840935115,pobre,0,0,360.0,818.0,1.0,65.0,12,283,38054,5,0.0
98,0.0,0.0,0.0,1.0,6.0,4,72.80421840935115,72.80421840935115,pobre,0,0,360.0,818.0,1.0,65.0,13,283,38054,5,0.0
97,1.0,0.0,0.0,0.0,9.0,7,72.80421840935115,72.80421840935115,pobre,0,2,875.0,837.33099,1.0,42.0,16,283,38055,9,0.0
98,1.0,0.0,0.0,,,7,72.80421840935115,72.80421840935115,pobre,0,2,875.0,837.33099,1.0,42.0,17,283,38055,9,0.0
97,0.0,0.0,0.0,1.0,8.0,7,72.80421840935115,72.80421840935115,pobre,0,2,875.0,837.33099,1.0,42.0,14,283,38056,8,1.0
98,0.0,0.0,0.0,1.0,9.0,7,72.80421840935115,72.80421840935115,pobre,0,2,875.0,837.33099,1.0,42.0,15,283,38056,8,1.0
97,0.0,0.0,0.0,1.0,2.0,7,72.80421840935115,72.80421840935115,pobre,0,2,875.0,837.33099,1.0,42.0,8,283,38057,2,1.0
98,0.0,0.0,0.0,1.0,3.0,7,72.80421840935115,72.80421840935115,pobre,0,2,875.0,837.33099,1.0,42.0,9,283,38057,2,1.0
97,0.0,0.0,0.0,1.0,1.0,6,72.80421840935115,72.80421840935115,pobre,0,0,1200.0,639.0,1.0,30.0,7,283,38058,1,1.0
98,0.0,0.0,0.0,1.0,2.0,6,72.80421840935115,72.80421840935115,pobre,0,0,1200.0,639.0,1.0,30.0,8,283,38058,1,1.0
97,0.0,0.0,0.0,,0.0,6,72.80421840935115,72.80421840935115,pobre,0,0,1200.0,639.0,1.0,30.0,6,283,38059,0,
98,0.0,0.0,0.0,1.0,1.0,6,72.80421840935115,72.80421840935115,pobre,0,0,1200.0,639.0,1.0,30.0,7,283,38059,0,
97,1.0,0.0,7.8759999,1.0,6.0,7,138.6725247124352,138.6725247124352,no pobre,0,9,0.0,983.0,1.0,32.0,15,288,38060,6,1.0
98,1.0,0.0,7.8759999,1.0,7.0,7,138.6725247124352,138.6725247124352,no pobre,0,9,0.0,983.0,1.0,32.0,16,288,38060,6,1.0
97,0.0,0.0,7.8759999,1.0,5.0,7,138.6725247124352,138.6725247124352,no pobre,0,9,0.0,983.0,1.0,32.0,11,288,38061,5,1.0
98,0.0,0.0,7.8759999,1.0,6.0,7,138.6725247124352,138.6725247124352,no pobre,0,9,0.0,983.0,1.0,32.0,12,288,38061,5,1.0
97,1.0,0.0,7.8759999,1.0,1.0,7,138.6725247124352,138.6725247124352,no pobre,0,9,0.0,983.0,1.0,32.0,7,288,38062,1,1.0
98,1.0,0.0,7.8759999,1.0,2.0,7,138.6725247124352,138.6725247124352,no pobre,0,9,0.0,983.0,1.0,32.0,8,288,38062,1,1.0
97,0.0,0.0,7.8759999,1.0,6.0,6,138.6725247124352,138.6725247124352,pobre,0,9,1200.0,956.0,1.0,55.0,12,288,38063,6,1.0
98,0.0,0.0,7.8759999,1.0,6.0,6,138.6725247124352,138.6725247124352,pobre,0,9,1200.0,956.0,1.0,55.0,13,288,38063,6,1.0
97,0.0,0.0,7.8759999,1.0,4.0,6,138.6725247124352,138.6725247124352,pobre,0,9,1200.0,956.0,1.0,55.0,10,288,38064,4,1.0
98,0.0,0.0,7.8759999,1.0,5.0,6,138.6725247124352,138.6725247124352,pobre,0,9,1200.0,956.0,1.0,55.0,11,288,38064,4,1.0
97,0.0,0.0,7.8759999,1.0,2.0,6,138.6725247124352,138.6725247124352,pobre,0,9,1200.0,956.0,1.0,55.0,8,288,38065,2,1.0
98,0.0,0.0,7.8759999,1.0,3.0,6,138.6725247124352,138.6725247124352,pobre,0,9,1200.0,956.0,1.0,55.0,9,288,38065,2,1.0
97,1.0,1.0,7.8759999,1.0,4.0,6,138.6725247124352,138.6725247124352,pobre,0,4,166.66667,633.0,1.0,43.0,14,288,38066,4,1.0
98,1.0,1.0,7.8759999,1.0,5.0,6,138.6725247124352,138.6725247124352,pobre,0,4,166.66667,633.0,1.0,43.0,15,288,38066,4,1.0
97,1.0,1.0,7.8759999,1.0,4.0,6,138.6725247124352,138.6725247124352,pobre,0,4,166.66667,633.0,1.0,43.0,11,288,38067,4,1.0
98,1.0,1.0,7.8759999,1.0,5.0,6,138.6725247124352,138.6725247124352,pobre,0,4,166.66667,633.0,1.0,43.0,12,288,38067,4,1.0
97,0.0,1.0,7.8759999,1.0,3.0,6,138.6725247124352,138.6725247124352,pobre,0,4,166.66667,633.0,1.0,43.0,10,288,38068,3,1.0
98,0.0,1.0,7.8759999,1.0,4.0,6,138.6725247124352,138.6725247124352,pobre,0,4,166.66667,633.0,1.0,43.0,11,288,38068,3,1.0
97,0.0,0.0,7.8759999,0.0,6.0,10,138.6725247124352,138.6725247124352,no pobre,0,1,83.333336,789.0,1.0,55.0,15,288,38069,6,0.0
98,0.0,0.0,7.8759999,0.0,6.0,10,138.6725247124352,138.6725247124352,no pobre,0,1,83.333336,789.0,1.0,55.0,16,288,38069,6,0.0
97,0.0,0.0,7.8759999,1.0,5.0,10,138.6725247124352,138.6725247124352,no pobre,0,1,83.333336,789.0,1.0,55.0,12,288,38070,5,1.0
98,0.0,0.0,7.8759999,0.0,6.0,10,138.6725247124352,138.6725247124352,no pobre,0,1,83.333336,789.0,1.0,55.0,13,288,38070,5,1.0
97,0.0,0.0,7.8759999,1.0,2.0,10,138.6725247124352,138.6725247124352,no pobre,0,1,83.333336,789.0,1.0,55.0,9,288,38071,2,1.0
98,0.0,0.0,7.8759999,1.0,5.0,10,138.6725247124352,138.6725247124352,no pobre,0,1,83.333336,789.0,1.0,55.0,10,288,38071,2,1.0
97,0.0,0.0,7.8759999,1.0,0.0,10,138.6725247124352,138.6725247124352,no pobre,0,1,83.333336,789.0,1.0,55.0,8,288,38072,0,1.0
98,0.0,0.0,7.8759999,1.0,2.0,10,138.6725247124352,138.6725247124352,no pobre,0,1,83.333336,789.0,1.0,55.0,9,288,38072,0,1.0
97,0.0,,7.8759999,,0.0,10,138.6725247124352,138.6725247124352,no pobre,0,1,83.333336,789.0,1.0,55.0,6,288,38073,0,
98,0.0,,7.8759999,1.0,2.0,10,138.6725247124352,138.6725247124352,no pobre,0,1,83.333336,789.0,1.0,55.0,7,288,38073,0,
97,1.0,0.0,7.8759999,1.0,8.0,6,138.6725247124352,138.6725247124352,no pobre,0,6,3000.0,1140.0,1.0,42.0,13,288,38074,8,1.0
98,1.0,0.0,7.8759999,1.0,8.0,6,138.6725247124352,138.6725247124352,no pobre,0,6,3000.0,1140.0,1.0,42.0,14,288,38074,8,1.0
97,1.0,0.0,7.8759999,1.0,3.0,6,138.6725247124352,138.6725247124352,no pobre,0,6,3000.0,1140.0,1.0,42.0,9,288,38075,3,1.0
98,1.0,0.0,7.8759999,1.0,4.0,6,138.6725247124352,138.6725247124352,no pobre,0,6,3000.0,1140.0,1.0,42.0,10,288,38075,3,1.0
97,1.0,0.0,7.8759999,1.0,7.0,6,138.6725247124352,138.6725247124352,no pobre,0,6,3000.0,1140.0,1.0,42.0,15,288,38076,7,1.0
98,1.0,0.0,7.8759999,,,6,138.6725247124352,138.6725247124352,no pobre,0,6,3000.0,1140.0,1.0,42.0,16,288,38076,7,1.0
97,0.0,0.0,7.8759999,0.0,9.0,6,138.6725247124352,138.6725247124352,pobre,0,4,750.0,832.0,1.0,48.0,15,288,38077,9,0.0
98,0.0,0.0,7.8759999,0.0,9.0,6,138.6725247124352,138.6725247124352,pobre,0,4,750.0,832.0,1.0,48.0,16,288,38077,9,0.0
97,1.0,0.0,7.8759999,1.0,7.0,6,138.6725247124352,138.6725247124352,pobre,0,4,750.0,832.0,1.0,48.0,13,288,38078,7,1.0
98,1.0,0.0,7.8759999,1.0,8.0,6,138.6725247124352,138.6725247124352,pobre,0,4,750.0,832.0,1.0,48.0,14,288,38078,7,1.0
97,1.0,0.0,7.8759999,1.0,4.0,6,138.6725247124352,138.6725247124352,pobre,0,4,750.0,832.0,1.0,48.0,9,288,38079,4,1.0
98,1.0,0.0,7.8759999,1.0,4.0,6,138.6725247124352,138.6725247124352,pobre,0,4,750.0,832.0,1.0,48.0,10,288,38079,4,1.0
97,0.0,0.0,7.8759999,1.0,0.0,5,138.6725247124352,138.6725247124352,no pobre,0,9,333.33334,1058.0,1.0,30.0,6,288,38080,0,1.0
98,0.0,0.0,7.8759999,1.0,1.0,5,138.6725247124352,138.6725247124352,no pobre,0,9,333.33334,1058.0,1.0,30.0,7,288,38080,0,1.0
97,0.0,0.0,7.8759999,0.0,6.0,6,138.6725247124352,138.6725247124352,pobre,0,1,750.0,805.0,1.0,57.0,14,288,38081,6,0.0
98,0.0,0.0,7.8759999,0.0,6.0,6,138.6725247124352,138.6725247124352,pobre,0,1,750.0,805.0,1.0,57.0,15,288,38081,6,0.0
97,1.0,0.0,7.8759999,0.0,6.0,6,138.6725247124352,138.6725247124352,pobre,0,1,750.0,805.0,1.0,57.0,16,288,38082,6,0.0
98,1.0,0.0,7.8759999,0.0,6.0,6,138.6725247124352,138.6725247124352,pobre,0,1,750.0,805.0,1.0,57.0,17,288,38082,6,0.0
97,0.0,0.0,7.8759999,1.0,4.0,6,138.6725247124352,138.6725247124352,pobre,0,1,750.0,805.0,1.0,57.0,10,288,38083,4,1.0
98,0.0,0.0,7.8759999,1.0,5.0,6,138.6725247124352,138.6725247124352,pobre,0,1,750.0,805.0,1.0,57.0,11,288,38083,4,1.0
97,1.0,0.0,7.8759999,1.0,9.0,5,138.6725247124352,138.6725247124352,pobre,0,0,150.0,908.75,1.0,82.0,14,288,38084,9,1.0
98,1.0,0.0,7.8759999,1.0,8.0,5,138.6725247124352,138.6725247124352,pobre,0,0,150.0,908.75,1.0,82.0,15,288,38084,9,1.0
97,1.0,0.0,7.8759999,1.0,7.0,10,138.6725247124352,138.6725247124352,pobre,0,5,750.0,766.0,1.0,38.0,15,288,38085,7,1.0
98,1.0,0.0,7.8759999,1.0,8.0,10,138.6725247124352,138.6725247124352,pobre,0,5,750.0,766.0,1.0,38.0,16,288,38085,7,1.0
97,1.0,0.0,7.8759999,0.0,6.0,10,138.6725247124352,138.6725247124352,pobre,0,5,750.0,766.0,1.0,38.0,13,288,38086,6,0.0
98,1.0,0.0,7.8759999,0.0,6.0,10,138.6725247124352,138.6725247124352,pobre,0,5,750.0,766.0,1.0,38.0,14,288,38086,6,0.0
97,1.0,0.0,7.8759999,1.0,2.0,10,138.6725247124352,138.6725247124352,pobre,0,5,750.0,766.0,1.0,38.0,8,288,38087,2,1.0
98,1.0,0.0,7.8759999,1.0,3.0,10,138.6725247124352,138.6725247124352,pobre,0,5,750.0,766.0,1.0,38.0,9,288,38087,2,1.0
97,0.0,0.0,7.8759999,1.0,4.0,8,138.6725247124352,138.6725247124352,no pobre,0,2,0.0,1067.0,1.0,55.0,11,288,38088,4,1.0
98,0.0,0.0,7.8759999,1.0,5.0,8,138.6725247124352,138.6725247124352,no pobre,0,2,0.0,1067.0,1.0,55.0,12,288,38088,4,1.0
97,0.0,0.0,7.8759999,1.0,2.0,8,138.6725247124352,138.6725247124352,no pobre,0,2,0.0,1067.0,1.0,55.0,8,288,38089,2,1.0
98,0.0,0.0,7.8759999,1.0,3.0,8,138.6725247124352,138.6725247124352,no pobre,0,2,0.0,1067.0,1.0,55.0,9,288,38089,2,1.0
97,1.0,0.0,7.8759999,1.0,3.0,8,138.6725247124352,138.6725247124352,no pobre,0,2,0.0,1067.0,1.0,55.0,9,288,38090,3,1.0
98,1.0,0.0,7.8759999,1.0,4.0,8,138.6725247124352,138.6725247124352,no pobre,0,2,0.0,1067.0,1.0,55.0,10,288,38090,3,1.0
97,0.0,0.0,3.6010001,0.0,6.0,8,89.38165253308725,89.38165253308725,pobre,basal,0,625.0,787.0,1.0,45.0,16,295,38091,6,0.0
98,0.0,0.0,3.6010001,,,8,89.38165253308725,89.38165253308725,pobre,basal,0,625.0,787.0,1.0,45.0,17,295,38091,6,0.0
97,1.0,0.0,3.6010001,1.0,5.0,8,89.38165253308725,89.38165253308725,pobre,basal,0,625.0,787.0,1.0,45.0,11,295,38092,5,1.0
98,1.0,0.0,3.6010001,0.0,6.0,8,89.38165253308725,89.38165253308725,pobre,basal,0,625.0,787.0,1.0,45.0,12,295,38092,5,1.0
97,0.0,0.0,3.6010001,1.0,2.0,4,89.38165253308725,89.38165253308725,pobre,basal,6,1600.0,872.0,1.0,30.0,6,295,38093,2,1.0
98,0.0,0.0,3.6010001,1.0,3.0,4,89.38165253308725,89.38165253308725,pobre,basal,6,1600.0,872.0,1.0,30.0,7,295,38093,2,1.0
97,1.0,0.0,3.6010001,1.0,0.0,4,89.38165253308725,89.38165253308725,pobre,basal,6,1600.0,872.0,1.0,30.0,6,295,38094,0,1.0
98,1.0,0.0,3.6010001,1.0,1.0,4,89.38165253308725,89.38165253308725,pobre,basal,6,1600.0,872.0,1.0,30.0,7,295,38094,0,1.0
97,1.0,0.0,3.6010001,1.0,0.0,5,89.38165253308725,89.38165253308725,pobre,basal,3,125.0,679.0,1.0,40.0,6,295,38095,0,1.0
98,1.0,0.0,3.6010001,1.0,1.0,5,89.38165253308725,89.38165253308725,pobre,basal,3,125.0,679.0,1.0,40.0,7,295,38095,0,1.0
97,1.0,0.0,7.8759999,0.0,6.0,7,138.6725247124352,138.6725247124352,no pobre,0,4,400.0,889.0,1.0,48.0,14,288,38096,6,0.0
98,1.0,0.0,7.8759999,0.0,6.0,7,138.6725247124352,138.6725247124352,no pobre,0,4,400.0,889.0,1.0,48.0,15,288,38096,6,0.0
97,0.0,0.0,7.8759999,0.0,6.0,7,138.6725247124352,138.6725247124352,no pobre,0,4,400.0,889.0,1.0,48.0,12,288,38097,6,0.0
98,0.0,0.0,7.8759999,0.0,6.0,7,138.6725247124352,138.6725247124352,no pobre,0,4,400.0,889.0,1.0,48.0,13,288,38097,6,0.0
97,0.0,0.0,7.8759999,1.0,4.0,7,138.6725247124352,138.6725247124352,no pobre,0,4,400.0,889.0,1.0,48.0,10,288,38098,4,1.0
98,0.0,0.0,7.8759999,1.0,5.0,7,138.6725247124352,138.6725247124352,no pobre,0,4,400.0,889.0,1.0,48.0,11,288,38098,4,1.0
97,1.0,0.0,7.8759999,1.0,1.0,7,138.6725247124352,138.6725247124352,no pobre,0,4,400.0,889.0,1.0,48.0,7,288,38099,1,1.0
98,1.0,0.0,7.8759999,1.0,2.0,7,138.6725247124352,138.6725247124352,no pobre,0,4,400.0,889.0,1.0,48.0,8,288,38099,1,1.0
97,0.0,0.0,7.8759999,0.0,6.0,10,138.6725247124352,138.6725247124352,pobre,0,0,666.66669,816.0,1.0,77.0,16,288,38100,6,0.0
98,0.0,0.0,7.8759999,,,10,138.6725247124352,138.6725247124352,pobre,0,0,666.66669,816.0,1.0,77.0,17,288,38100,6,0.0
97,0.0,0.0,7.8759999,0.0,6.0,10,138.6725247124352,138.6725247124352,pobre,0,0,666.66669,816.0,1.0,77.0,16,288,38101,6,0.0
98,0.0,0.0,7.8759999,,,10,138.6725247124352,138.6725247124352,pobre,0,0,666.66669,816.0,1.0,77.0,17,288,38101,6,0.0
97,0.0,0.0,7.8759999,0.0,6.0,10,138.6725247124352,138.6725247124352,pobre,0,0,666.66669,816.0,1.0,77.0,14,288,38102,6,0.0
98,0.0,0.0,7.8759999,0.0,6.0,10,138.6725247124352,138.6725247124352,pobre,0,0,666.66669,816.0,1.0,77.0,15,288,38102,6,0.0
97,1.0,0.0,7.8759999,1.0,6.0,2,138.6725247124352,138.6725247124352,pobre,0,0,400.0,844.0,0.0,51.0,12,288,38103,6,1.0
98,1.0,0.0,7.8759999,1.0,7.0,2,138.6725247124352,138.6725247124352,pobre,0,0,400.0,844.0,0.0,51.0,13,288,38103,6,1.0
97,1.0,0.0,7.8759999,0.0,6.0,10,138.6725247124352,138.6725247124352,pobre,0,1,625.0,759.0,1.0,54.0,16,288,38104,6,0.0
98,1.0,0.0,7.8759999,0.0,6.0,10,138.6725247124352,138.6725247124352,pobre,0,1,625.0,759.0,1.0,54.0,17,288,38104,6,0.0
97,1.0,0.0,7.8759999,0.0,6.0,10,138.6725247124352,138.6725247124352,pobre,0,1,625.0,759.0,1.0,54.0,14,288,38105,6,0.0
98,1.0,0.0,7.8759999,0.0,6.0,10,138.6725247124352,138.6725247124352,pobre,0,1,625.0,759.0,1.0,54.0,15,288,38105,6,0.0
97,1.0,0.0,7.8759999,0.0,6.0,10,138.6725247124352,138.6725247124352,pobre,0,1,625.0,759.0,1.0,54.0,12,288,38106,6,0.0
98,1.0,0.0,7.8759999,0.0,6.0,10,138.6725247124352,138.6725247124352,pobre,0,1,625.0,759.0,1.0,54.0,13,288,38106,6,0.0
97,1.0,0.0,7.8759999,1.0,0.0,6,138.6725247124352,138.6725247124352,pobre,0,2,1600.0,662.0,1.0,26.0,6,288,38107,0,1.0
98,1.0,0.0,7.8759999,1.0,1.0,6,138.6725247124352,138.6725247124352,pobre,0,2,1600.0,662.0,1.0,26.0,7,288,38107,0,1.0
97,0.0,0.0,7.8759999,1.0,3.0,7,138.6725247124352,138.6725247124352,pobre,0,2,750.0,627.0,1.0,39.0,9,288,38108,3,1.0
98,0.0,0.0,7.8759999,1.0,4.0,7,138.6725247124352,138.6725247124352,pobre,0,2,750.0,627.0,1.0,39.0,10,288,38108,3,1.0
97,1.0,0.0,7.8759999,1.0,2.0,7,138.6725247124352,138.6725247124352,pobre,0,2,750.0,627.0,1.0,39.0,8,288,38109,2,1.0
98,1.0,0.0,7.8759999,1.0,4.0,7,138.6725247124352,138.6725247124352,pobre,0,2,750.0,627.0,1.0,39.0,9,288,38109,2,1.0
97,1.0,0.0,7.8759999,1.0,6.0,9,138.6725247124352,138.6725247124352,pobre,0,0,1600.0,728.0,1.0,51.0,14,288,38110,6,1.0
98,1.0,0.0,7.8759999,0.0,6.0,9,138.6725247124352,138.6725247124352,pobre,0,0,1600.0,728.0,1.0,51.0,15,288,38110,6,1.0
97,0.0,0.0,7.8759999,1.0,4.0,9,138.6725247124352,138.6725247124352,pobre,0,0,1600.0,728.0,1.0,51.0,13,288,38111,4,1.0
98,0.0,0.0,7.8759999,1.0,5.0,9,138.6725247124352,138.6725247124352,pobre,0,0,1600.0,728.0,1.0,51.0,14,288,38111,4,1.0
97,0.0,0.0,7.8759999,1.0,5.0,9,138.6725247124352,138.6725247124352,pobre,0,0,1600.0,728.0,1.0,51.0,11,288,38112,5,1.0
98,0.0,0.0,7.8759999,1.0,6.0,9,138.6725247124352,138.6725247124352,pobre,0,0,1600.0,728.0,1.0,51.0,12,288,38112,5,1.0
97,0.0,0.0,7.8759999,1.0,3.0,9,138.6725247124352,138.6725247124352,pobre,0,0,1600.0,728.0,1.0,51.0,10,288,38113,3,1.0
98,0.0,0.0,7.8759999,1.0,4.0,9,138.6725247124352,138.6725247124352,pobre,0,0,1600.0,728.0,1.0,51.0,11,288,38113,3,1.0
97,0.0,0.0,7.8759999,1.0,2.0,9,138.6725247124352,138.6725247124352,pobre,0,0,1600.0,728.0,1.0,51.0,8,288,38114,2,1.0
98,0.0,0.0,7.8759999,1.0,3.0,9,138.6725247124352,138.6725247124352,pobre,0,0,1600.0,728.0,1.0,51.0,9,288,38114,2,1.0
97,1.0,0.0,7.8759999,1.0,0.0,9,138.6725247124352,138.6725247124352,pobre,0,0,1600.0,728.0,1.0,51.0,7,288,38115,0,1.0
98,1.0,0.0,7.8759999,1.0,0.0,9,138.6725247124352,138.6725247124352,pobre,0,0,1600.0,728.0,1.0,51.0,8,288,38115,0,1.0
97,0.0,0.0,7.8759999,0.0,6.0,9,138.6725247124352,138.6725247124352,pobre,0,0,400.0,776.5,1.0,49.0,15,288,38116,6,0.0
98,0.0,0.0,7.8759999,,,9,138.6725247124352,138.6725247124352,pobre,0,0,400.0,776.5,1.0,49.0,16,288,38116,6,0.0
97,0.0,0.0,7.8759999,1.0,5.0,9,138.6725247124352,138.6725247124352,pobre,0,0,400.0,776.5,1.0,49.0,12,288,38117,5,1.0
98,0.0,0.0,7.8759999,1.0,6.0,9,138.6725247124352,138.6725247124352,pobre,0,0,400.0,776.5,1.0,49.0,13,288,38117,5,1.0
97,1.0,0.0,7.8759999,1.0,0.0,9,138.6725247124352,138.6725247124352,pobre,0,0,400.0,776.5,1.0,49.0,6,288,38118,0,1.0
98,1.0,0.0,7.8759999,1.0,1.0,9,138.6725247124352,138.6725247124352,pobre,0,0,400.0,776.5,1.0,49.0,7,288,38118,0,1.0
97,1.0,1.0,3.3699999,1.0,5.0,9,156.646856539166,269.5102618106659,pobre,0,3,375.0,405.0,1.0,44.0,14,459,38119,5,1.0
98,1.0,1.0,3.3699999,1.0,6.0,9,156.646856539166,269.5102618106659,pobre,0,3,375.0,405.0,1.0,44.0,15,459,38119,5,1.0
97,0.0,1.0,3.3699999,1.0,4.0,9,156.646856539166,269.5102618106659,pobre,0,3,375.0,405.0,1.0,44.0,10,459,38120,4,1.0
98,0.0,1.0,3.3699999,1.0,5.0,9,156.646856539166,269.5102618106659,pobre,0,3,375.0,405.0,1.0,44.0,11,459,38120,4,1.0
97,1.0,1.0,3.3699999,1.0,2.0,9,156.646856539166,269.5102618106659,pobre,0,3,375.0,405.0,1.0,44.0,9,459,38121,2,1.0
98,1.0,1.0,3.3699999,1.0,3.0,9,156.646856539166,269.5102618106659,pobre,0,3,375.0,405.0,1.0,44.0,10,459,38121,2,1.0
97,1.0,1.0,3.3699999,0.0,9.0,12,156.646856539166,269.5102618106659,pobre,0,1,500.0,787.0,1.0,68.0,16,459,38122,9,0.0
98,1.0,1.0,3.3699999,,,12,156.646856539166,269.5102618106659,pobre,0,1,500.0,787.0,1.0,68.0,17,459,38122,9,0.0
97,1.0,1.0,3.3699999,1.0,5.0,12,156.646856539166,269.5102618106659,pobre,0,1,500.0,787.0,1.0,68.0,13,459,38123,5,1.0
98,1.0,1.0,3.3699999,1.0,6.0,12,156.646856539166,269.5102618106659,pobre,0,1,500.0,787.0,1.0,68.0,14,459,38123,5,1.0
97,1.0,1.0,3.3699999,1.0,2.0,12,156.646856539166,269.5102618106659,pobre,0,1,500.0,787.0,1.0,68.0,11,459,38124,2,1.0
98,1.0,1.0,3.3699999,1.0,3.0,12,156.646856539166,269.5102618106659,pobre,0,1,500.0,787.0,1.0,68.0,12,459,38124,2,1.0
97,0.0,1.0,3.3699999,1.0,2.0,12,156.646856539166,269.5102618106659,pobre,0,1,500.0,787.0,1.0,68.0,9,459,38125,2,1.0
98,0.0,1.0,3.3699999,1.0,2.0,12,156.646856539166,269.5102618106659,pobre,0,1,500.0,787.0,1.0,68.0,10,459,38125,2,1.0
97,1.0,1.0,3.3699999,1.0,5.0,9,156.646856539166,269.5102618106659,pobre,0,3,500.0,758.5,1.0,63.0,10,459,38126,5,1.0
98,1.0,1.0,3.3699999,1.0,6.0,9,156.646856539166,269.5102618106659,pobre,0,3,500.0,758.5,1.0,63.0,11,459,38126,5,1.0
97,1.0,1.0,3.3699999,1.0,3.0,9,156.646856539166,269.5102618106659,pobre,0,3,500.0,758.5,1.0,63.0,8,459,38127,3,1.0
98,1.0,1.0,3.3699999,1.0,4.0,9,156.646856539166,269.5102618106659,pobre,0,3,500.0,758.5,1.0,63.0,9,459,38127,3,1.0
97,1.0,0.0,2.793,1.0,2.0,5,13.40444159556136,13.40444159556136,pobre,0,6,800.0,623.0,1.0,35.0,9,166,38128,2,1.0
98,1.0,0.0,2.793,1.0,3.0,5,13.40444159556136,13.40444159556136,pobre,0,6,800.0,623.0,1.0,35.0,10,166,38128,2,1.0
97,1.0,0.0,2.793,1.0,1.0,5,13.40444159556136,13.40444159556136,pobre,0,6,800.0,623.0,1.0,35.0,8,166,38129,1,1.0
98,1.0,0.0,2.793,1.0,2.0,5,13.40444159556136,13.40444159556136,pobre,0,6,800.0,623.0,1.0,35.0,9,166,38129,1,1.0
97,1.0,0.0,2.793,0.0,7.0,6,13.40444159556136,13.40444159556136,no pobre,0,6,1600.0,828.0,1.0,41.0,16,166,38130,7,0.0
98,1.0,0.0,2.793,,,6,13.40444159556136,13.40444159556136,no pobre,0,6,1600.0,828.0,1.0,41.0,17,166,38130,7,0.0
97,1.0,0.0,2.793,1.0,6.0,7,13.40444159556136,13.40444159556136,pobre,0,0,1200.0,560.0,1.0,32.0,13,166,38131,6,1.0
98,1.0,0.0,2.793,0.0,6.0,7,13.40444159556136,13.40444159556136,pobre,0,0,1200.0,560.0,1.0,32.0,14,166,38131,6,1.0
97,1.0,0.0,2.793,1.0,3.0,7,13.40444159556136,13.40444159556136,pobre,0,0,1200.0,560.0,1.0,32.0,12,166,38132,3,1.0
98,1.0,0.0,2.793,1.0,3.0,7,13.40444159556136,13.40444159556136,pobre,0,0,1200.0,560.0,1.0,32.0,13,166,38132,3,1.0
97,1.0,0.0,2.793,1.0,1.0,7,13.40444159556136,13.40444159556136,pobre,0,0,1200.0,560.0,1.0,32.0,8,166,38133,1,1.0
98,1.0,0.0,2.793,1.0,1.0,7,13.40444159556136,13.40444159556136,pobre,0,0,1200.0,560.0,1.0,32.0,9,166,38133,1,1.0
97,0.0,0.0,2.793,1.0,5.0,6,13.40444159556136,13.40444159556136,pobre,0,3,1000.0,601.0,1.0,34.0,12,166,38134,5,1.0
98,0.0,0.0,2.793,0.0,5.0,6,13.40444159556136,13.40444159556136,pobre,0,3,1000.0,601.0,1.0,34.0,13,166,38134,5,1.0
97,1.0,0.0,2.793,1.0,1.0,6,13.40444159556136,13.40444159556136,pobre,0,3,1000.0,601.0,1.0,34.0,8,166,38135,1,1.0
98,1.0,0.0,2.793,1.0,2.0,6,13.40444159556136,13.40444159556136,pobre,0,3,1000.0,601.0,1.0,34.0,9,166,38135,1,1.0
97,0.0,0.0,2.793,1.0,1.0,6,13.40444159556136,13.40444159556136,pobre,0,3,1000.0,601.0,1.0,34.0,7,166,38136,1,1.0
98,0.0,0.0,2.793,1.0,2.0,6,13.40444159556136,13.40444159556136,pobre,0,3,1000.0,601.0,1.0,34.0,8,166,38136,1,1.0
97,1.0,0.0,2.793,1.0,3.0,4,13.40444159556136,13.40444159556136,no pobre,0,6,800.0,718.0,1.0,47.0,12,166,38137,3,1.0
98,1.0,0.0,2.793,1.0,3.0,4,13.40444159556136,13.40444159556136,no pobre,0,6,800.0,718.0,1.0,47.0,13,166,38137,3,1.0
97,1.0,0.0,0.0,1.0,8.0,10,13.31589070824295,13.31589070824295,pobre,basal,3,0.0,643.0,1.0,43.0,14,158,38138,8,1.0
98,1.0,0.0,0.0,1.0,8.0,10,13.31589070824295,13.31589070824295,pobre,basal,3,0.0,643.0,1.0,43.0,15,158,38138,8,1.0
97,0.0,0.0,0.0,0.0,6.0,10,13.31589070824295,13.31589070824295,pobre,basal,3,0.0,643.0,1.0,43.0,12,158,38139,6,0.0
98,0.0,0.0,0.0,0.0,6.0,10,13.31589070824295,13.31589070824295,pobre,basal,3,0.0,643.0,1.0,43.0,13,158,38139,6,0.0
97,1.0,0.0,0.0,1.0,3.0,10,13.31589070824295,13.31589070824295,pobre,basal,3,0.0,643.0,1.0,43.0,10,158,38140,3,1.0
98,1.0,0.0,0.0,1.0,4.0,10,13.31589070824295,13.31589070824295,pobre,basal,3,0.0,643.0,1.0,43.0,11,158,38140,3,1.0
97,0.0,0.0,0.0,1.0,1.0,10,13.31589070824295,13.31589070824295,pobre,basal,3,0.0,643.0,1.0,43.0,6,158,38141,1,1.0
98,0.0,0.0,0.0,1.0,1.0,10,13.31589070824295,13.31589070824295,pobre,basal,3,0.0,643.0,1.0,43.0,7,158,38141,1,1.0
97,1.0,0.0,0.0,1.0,2.0,6,13.31589070824295,13.31589070824295,pobre,basal,4,800.0,714.0,1.0,22.0,11,158,38142,2,1.0
98,1.0,0.0,0.0,1.0,3.0,6,13.31589070824295,13.31589070824295,pobre,basal,4,800.0,714.0,1.0,22.0,12,158,38142,2,1.0
97,0.0,0.0,0.0,1.0,2.0,6,13.31589070824295,13.31589070824295,pobre,basal,4,800.0,714.0,1.0,22.0,9,158,38143,2,1.0
98,0.0,0.0,0.0,1.0,3.0,6,13.31589070824295,13.31589070824295,pobre,basal,4,800.0,714.0,1.0,22.0,10,158,38143,2,1.0
97,0.0,0.0,0.0,0.0,2.0,8,13.31589070824295,13.31589070824295,pobre,basal,0,0.0,649.0,1.0,58.0,14,158,38144,2,0.0
98,0.0,0.0,0.0,0.0,4.0,8,13.31589070824295,13.31589070824295,pobre,basal,0,0.0,649.0,1.0,58.0,15,158,38144,2,0.0
97,1.0,0.0,0.0,0.0,6.0,8,13.31589070824295,13.31589070824295,pobre,basal,0,0.0,649.0,1.0,58.0,13,158,38145,6,0.0
98,1.0,0.0,0.0,0.0,6.0,8,13.31589070824295,13.31589070824295,pobre,basal,0,0.0,649.0,1.0,58.0,14,158,38145,6,0.0
97,1.0,0.0,0.0,1.0,2.0,6,67.72794258129804,180.2667626121013,pobre,basal,9,1250.0,824.0,1.0,28.0,8,353,38146,2,1.0
98,1.0,0.0,0.0,1.0,2.0,6,67.72794258129804,180.2667626121013,pobre,basal,9,1250.0,824.0,1.0,28.0,9,353,38146,2,1.0
97,0.0,0.0,0.0,1.0,0.0,6,67.72794258129804,180.2667626121013,pobre,basal,9,1250.0,824.0,1.0,28.0,6,353,38147,0,1.0
98,0.0,0.0,0.0,,,6,67.72794258129804,180.2667626121013,pobre,basal,9,1250.0,824.0,1.0,28.0,7,353,38147,0,1.0
97,1.0,0.0,4.5120001,1.0,8.0,8,60.22839731787766,60.22839731787766,pobre,basal,3,750.0,553.0,1.0,43.0,14,275,38148,8,1.0
98,1.0,0.0,4.5120001,0.0,9.0,8,60.22839731787766,60.22839731787766,pobre,basal,3,750.0,553.0,1.0,43.0,15,275,38148,8,1.0
97,0.0,0.0,4.5120001,0.0,6.0,8,60.22839731787766,60.22839731787766,pobre,basal,3,750.0,553.0,1.0,43.0,12,275,38149,6,0.0
98,0.0,0.0,4.5120001,1.0,6.0,8,60.22839731787766,60.22839731787766,pobre,basal,3,750.0,553.0,1.0,43.0,13,275,38149,6,0.0
97,1.0,0.0,4.5120001,1.0,2.0,8,60.22839731787766,60.22839731787766,pobre,basal,3,750.0,553.0,1.0,43.0,9,275,38150,2,1.0
98,1.0,0.0,4.5120001,1.0,3.0,8,60.22839731787766,60.22839731787766,pobre,basal,3,750.0,553.0,1.0,43.0,10,275,38150,2,1.0
97,1.0,0.0,4.5120001,1.0,0.0,8,60.22839731787766,60.22839731787766,pobre,basal,3,750.0,553.0,1.0,43.0,6,275,38151,0,1.0
98,1.0,0.0,4.5120001,1.0,1.0,8,60.22839731787766,60.22839731787766,pobre,basal,3,750.0,553.0,1.0,43.0,7,275,38151,0,1.0
97,0.0,0.0,4.5120001,0.0,6.0,9,60.22839731787766,60.22839731787766,pobre,basal,2,41.666668,524.0,1.0,46.0,16,275,38152,6,0.0
98,0.0,0.0,4.5120001,,,9,60.22839731787766,60.22839731787766,pobre,basal,2,41.666668,524.0,1.0,46.0,17,275,38152,6,0.0
97,0.0,0.0,4.5120001,0.0,6.0,9,60.22839731787766,60.22839731787766,pobre,basal,2,41.666668,524.0,1.0,46.0,14,275,38153,6,0.0
98,0.0,0.0,4.5120001,0.0,6.0,9,60.22839731787766,60.22839731787766,pobre,basal,2,41.666668,524.0,1.0,46.0,15,275,38153,6,0.0
97,0.0,0.0,4.5120001,1.0,5.0,9,60.22839731787766,60.22839731787766,pobre,basal,2,41.666668,524.0,1.0,46.0,11,275,38154,5,1.0
98,0.0,0.0,4.5120001,1.0,6.0,9,60.22839731787766,60.22839731787766,pobre,basal,2,41.666668,524.0,1.0,46.0,12,275,38154,5,1.0
97,0.0,0.0,4.5120001,1.0,3.0,9,60.22839731787766,60.22839731787766,pobre,basal,2,41.666668,524.0,1.0,46.0,9,275,38155,3,1.0
98,0.0,0.0,4.5120001,1.0,4.0,9,60.22839731787766,60.22839731787766,pobre,basal,2,41.666668,524.0,1.0,46.0,10,275,38155,3,1.0
97,1.0,0.0,4.5120001,1.0,0.0,9,60.22839731787766,60.22839731787766,pobre,basal,2,41.666668,524.0,1.0,46.0,6,275,38156,0,1.0
98,1.0,0.0,4.5120001,,,9,60.22839731787766,60.22839731787766,pobre,basal,2,41.666668,524.0,1.0,46.0,7,275,38156,0,1.0
97,1.0,0.0,4.5120001,1.0,5.0,4,60.22839731787766,60.22839731787766,pobre,basal,6,0.0,709.0,1.0,49.0,14,275,38157,5,1.0
98,1.0,0.0,4.5120001,1.0,6.0,4,60.22839731787766,60.22839731787766,pobre,basal,6,0.0,709.0,1.0,49.0,15,275,38157,5,1.0
97,0.0,0.0,4.5120001,1.0,8.0,8,60.22839731787766,60.22839731787766,pobre,basal,3,83.333336,755.0,1.0,46.0,15,275,38158,8,1.0
98,0.0,0.0,4.5120001,0.0,9.0,8,60.22839731787766,60.22839731787766,pobre,basal,3,83.333336,755.0,1.0,46.0,16,275,38158,8,1.0
97,1.0,0.0,4.5120001,1.0,6.0,8,60.22839731787766,60.22839731787766,pobre,basal,3,83.333336,755.0,1.0,46.0,13,275,38159,6,1.0
98,1.0,0.0,4.5120001,0.0,6.0,8,60.22839731787766,60.22839731787766,pobre,basal,3,83.333336,755.0,1.0,46.0,14,275,38159,6,1.0
97,1.0,0.0,4.5120001,1.0,5.0,8,60.22839731787766,60.22839731787766,pobre,basal,3,83.333336,755.0,1.0,46.0,11,275,38160,5,1.0
98,1.0,0.0,4.5120001,1.0,6.0,8,60.22839731787766,60.22839731787766,pobre,basal,3,83.333336,755.0,1.0,46.0,12,275,38160,5,1.0
97,0.0,0.0,4.5120001,1.0,1.0,8,60.22839731787766,60.22839731787766,pobre,basal,3,83.333336,755.0,1.0,46.0,7,275,38161,1,1.0
98,0.0,0.0,4.5120001,1.0,2.0,8,60.22839731787766,60.22839731787766,pobre,basal,3,83.333336,755.0,1.0,46.0,8,275,38161,1,1.0
97,1.0,0.0,4.5120001,0.0,6.0,3,60.22839731787766,60.22839731787766,pobre,basal,2,750.0,895.5,1.0,59.0,14,275,38162,6,0.0
98,1.0,0.0,4.5120001,,,3,60.22839731787766,60.22839731787766,pobre,basal,2,750.0,895.5,1.0,59.0,15,275,38162,6,0.0
97,1.0,0.0,4.5120001,0.0,6.0,8,60.22839731787766,60.22839731787766,pobre,basal,6,0.0,577.0,0.0,45.0,12,275,38163,6,0.0
98,1.0,0.0,4.5120001,1.0,6.0,8,60.22839731787766,60.22839731787766,pobre,basal,6,0.0,577.0,0.0,45.0,13,275,38163,6,0.0
97,0.0,0.0,4.5120001,1.0,1.0,8,60.22839731787766,60.22839731787766,pobre,basal,6,0.0,577.0,0.0,45.0,7,275,38164,1,1.0
98,0.0,0.0,4.5120001,1.0,2.0,8,60.22839731787766,60.22839731787766,pobre,basal,6,0.0,577.0,0.0,45.0,8,275,38164,1,1.0
97,0.0,0.0,2.651,1.0,1.0,10,62.54823852241724,62.54823852241724,pobre,0,0,83.333336,779.85712,1.0,62.0,14,276,38165,1,1.0
98,0.0,0.0,2.651,,,10,62.54823852241724,62.54823852241724,pobre,0,0,83.333336,779.85712,1.0,62.0,15,276,38165,1,1.0
97,0.0,0.0,2.651,1.0,2.0,5,62.54823852241724,62.54823852241724,pobre,0,6,66.666664,788.0,1.0,37.0,7,276,38166,2,1.0
98,0.0,0.0,2.651,1.0,3.0,5,62.54823852241724,62.54823852241724,pobre,0,6,66.666664,788.0,1.0,37.0,8,276,38166,2,1.0
97,0.0,0.0,2.651,0.0,6.0,8,62.54823852241724,62.54823852241724,pobre,0,0,166.66667,940.0,1.0,49.0,15,276,38167,6,0.0
98,0.0,0.0,2.651,0.0,6.0,8,62.54823852241724,62.54823852241724,pobre,0,0,166.66667,940.0,1.0,49.0,16,276,38167,6,0.0
97,0.0,0.0,2.651,0.0,6.0,8,62.54823852241724,62.54823852241724,pobre,0,0,166.66667,940.0,1.0,49.0,13,276,38168,6,0.0
98,0.0,0.0,2.651,0.0,6.0,8,62.54823852241724,62.54823852241724,pobre,0,0,166.66667,940.0,1.0,49.0,14,276,38168,6,0.0
97,0.0,0.0,2.651,0.0,9.0,9,62.54823852241724,62.54823852241724,pobre,0,1,83.333336,919.59998,1.0,50.0,16,276,38169,9,0.0
98,0.0,0.0,2.651,,,9,62.54823852241724,62.54823852241724,pobre,0,1,83.333336,919.59998,1.0,50.0,17,276,38169,9,0.0
97,1.0,0.0,2.651,1.0,8.0,9,62.54823852241724,62.54823852241724,pobre,0,1,83.333336,919.59998,1.0,50.0,14,276,38170,8,1.0
98,1.0,0.0,2.651,0.0,8.0,9,62.54823852241724,62.54823852241724,pobre,0,1,83.333336,919.59998,1.0,50.0,15,276,38170,8,1.0
97,0.0,0.0,2.651,1.0,3.0,9,62.54823852241724,62.54823852241724,pobre,0,1,83.333336,919.59998,1.0,50.0,10,276,38171,3,1.0
98,0.0,0.0,2.651,1.0,4.0,9,62.54823852241724,62.54823852241724,pobre,0,1,83.333336,919.59998,1.0,50.0,11,276,38171,3,1.0
97,1.0,0.0,2.651,1.0,4.0,6,62.54823852241724,62.54823852241724,pobre,0,6,25.0,783.0,1.0,38.0,10,276,38172,4,1.0
98,1.0,0.0,2.651,1.0,5.0,6,62.54823852241724,62.54823852241724,pobre,0,6,25.0,783.0,1.0,38.0,11,276,38172,4,1.0
97,0.0,0.0,2.651,1.0,4.0,6,62.54823852241724,62.54823852241724,pobre,0,6,25.0,783.0,1.0,38.0,9,276,38173,4,1.0
98,0.0,0.0,2.651,1.0,5.0,6,62.54823852241724,62.54823852241724,pobre,0,6,25.0,783.0,1.0,38.0,10,276,38173,4,1.0
97,0.0,0.0,2.651,1.0,2.0,6,62.54823852241724,62.54823852241724,pobre,0,6,25.0,783.0,1.0,38.0,7,276,38174,2,1.0
98,0.0,0.0,2.651,1.0,3.0,6,62.54823852241724,62.54823852241724,pobre,0,6,25.0,783.0,1.0,38.0,8,276,38174,2,1.0
97,1.0,0.0,0.0,1.0,5.0,10,67.72794258129804,180.2667626121013,pobre,basal,0,0.0,831.0,1.0,59.0,11,353,38175,5,1.0
98,1.0,0.0,0.0,1.0,6.0,10,67.72794258129804,180.2667626121013,pobre,basal,0,0.0,831.0,1.0,59.0,12,353,38175,5,1.0
97,0.0,0.0,0.0,1.0,8.0,6,67.72794258129804,180.2667626121013,no pobre,basal,0,25.0,919.0,1.0,55.0,14,353,38176,8,1.0
98,0.0,0.0,0.0,1.0,9.0,6,67.72794258129804,180.2667626121013,no pobre,basal,0,25.0,919.0,1.0,55.0,15,353,38176,8,1.0
97,0.0,0.0,0.0,1.0,6.0,6,67.72794258129804,180.2667626121013,no pobre,basal,0,25.0,919.0,1.0,55.0,12,353,38177,6,1.0
98,0.0,0.0,0.0,1.0,7.0,6,67.72794258129804,180.2667626121013,no pobre,basal,0,25.0,919.0,1.0,55.0,13,353,38177,6,1.0
97,1.0,0.0,0.0,,0.0,10,67.72794258129804,180.2667626121013,pobre,basal,0,16.666666,823.0,1.0,82.0,7,353,38178,0,
98,1.0,0.0,0.0,1.0,2.0,10,67.72794258129804,180.2667626121013,pobre,basal,0,16.666666,823.0,1.0,82.0,8,353,38178,0,
97,0.0,,0.0,1.0,8.0,9,67.72794258129804,180.2667626121013,pobre,basal,2,25.0,833.5,1.0,57.0,15,353,38179,8,1.0
98,0.0,,0.0,1.0,9.0,9,67.72794258129804,180.2667626121013,pobre,basal,2,25.0,833.5,1.0,57.0,16,353,38179,8,1.0
97,1.0,,0.0,1.0,1.0,9,67.72794258129804,180.2667626121013,pobre,basal,2,25.0,833.5,1.0,57.0,7,353,38180,1,1.0
98,1.0,,0.0,1.0,2.0,9,67.72794258129804,180.2667626121013,pobre,basal,2,25.0,833.5,1.0,57.0,8,353,38180,1,1.0
97,0.0,0.0,0.0,1.0,8.0,10,67.72794258129804,180.2667626121013,pobre,basal,0,25.0,718.46997,1.0,73.0,15,353,38181,8,1.0
98,0.0,0.0,0.0,0.0,9.0,10,67.72794258129804,180.2667626121013,pobre,basal,0,25.0,718.46997,1.0,73.0,16,353,38181,8,1.0
97,0.0,0.0,0.0,1.0,6.0,10,67.72794258129804,180.2667626121013,pobre,basal,0,25.0,718.46997,1.0,73.0,12,353,38182,6,1.0
98,0.0,0.0,0.0,0.0,7.0,10,67.72794258129804,180.2667626121013,pobre,basal,0,25.0,718.46997,1.0,73.0,13,353,38182,6,1.0
97,1.0,0.0,0.0,,0.0,10,67.72794258129804,180.2667626121013,pobre,basal,0,25.0,718.46997,1.0,73.0,6,353,38183,0,
98,1.0,0.0,0.0,1.0,1.0,10,67.72794258129804,180.2667626121013,pobre,basal,0,25.0,718.46997,1.0,73.0,7,353,38183,0,
97,0.0,0.0,0.0,1.0,8.0,11,67.72794258129804,180.2667626121013,no pobre,basal,3,83.333336,941.5,1.0,46.0,15,353,38184,8,1.0
98,0.0,0.0,0.0,,,11,67.72794258129804,180.2667626121013,no pobre,basal,3,83.333336,941.5,1.0,46.0,16,353,38184,8,1.0
97,1.0,0.0,0.0,1.0,8.0,11,67.72794258129804,180.2667626121013,no pobre,basal,3,83.333336,941.5,1.0,46.0,14,353,38185,8,1.0
98,1.0,0.0,0.0,1.0,9.0,11,67.72794258129804,180.2667626121013,no pobre,basal,3,83.333336,941.5,1.0,46.0,15,353,38185,8,1.0
97,0.0,0.0,0.0,1.0,5.0,11,67.72794258129804,180.2667626121013,no pobre,basal,3,83.333336,941.5,1.0,46.0,12,353,38186,5,1.0
98,0.0,0.0,0.0,1.0,6.0,11,67.72794258129804,180.2667626121013,no pobre,basal,3,83.333336,941.5,1.0,46.0,13,353,38186,5,1.0
97,1.0,0.0,0.0,1.0,3.0,11,67.72794258129804,180.2667626121013,no pobre,basal,3,83.333336,941.5,1.0,46.0,10,353,38187,3,1.0
98,1.0,0.0,0.0,1.0,3.0,11,67.72794258129804,180.2667626121013,no pobre,basal,3,83.333336,941.5,1.0,46.0,11,353,38187,3,1.0
97,1.0,0.0,0.0,0.0,5.0,9,67.72794258129804,180.2667626121013,pobre,basal,0,0.0,776.0,1.0,69.0,16,353,38188,5,0.0
98,1.0,0.0,0.0,0.0,6.0,9,67.72794258129804,180.2667626121013,pobre,basal,0,0.0,776.0,1.0,69.0,17,353,38188,5,0.0
97,0.0,0.0,0.0,1.0,5.0,9,67.72794258129804,180.2667626121013,pobre,basal,0,0.0,776.0,1.0,69.0,15,353,38189,5,1.0
98,0.0,0.0,0.0,0.0,6.0,9,67.72794258129804,180.2667626121013,pobre,basal,0,0.0,776.0,1.0,69.0,16,353,38189,5,1.0
97,0.0,0.0,0.0,1.0,6.0,9,67.72794258129804,180.2667626121013,pobre,basal,0,0.0,776.0,1.0,69.0,13,353,38190,6,1.0
98,0.0,0.0,0.0,0.0,7.0,9,67.72794258129804,180.2667626121013,pobre,basal,0,0.0,776.0,1.0,69.0,14,353,38190,6,1.0
97,1.0,0.0,0.0,1.0,4.0,9,67.72794258129804,180.2667626121013,pobre,basal,0,0.0,776.0,1.0,69.0,11,353,38191,4,1.0
98,1.0,0.0,0.0,1.0,5.0,9,67.72794258129804,180.2667626121013,pobre,basal,0,0.0,776.0,1.0,69.0,12,353,38191,4,1.0
97,1.0,0.0,0.0,1.0,1.0,9,67.72794258129804,180.2667626121013,pobre,basal,0,0.0,776.0,1.0,69.0,7,353,38192,1,1.0
98,1.0,0.0,0.0,1.0,1.0,9,67.72794258129804,180.2667626121013,pobre,basal,0,0.0,776.0,1.0,69.0,8,353,38192,1,1.0
97,1.0,0.0,0.0,0.0,9.0,13,67.72794258129804,180.2667626121013,pobre,basal,3,41.666668,831.20001,1.0,51.0,16,353,38193,9,0.0
98,1.0,0.0,0.0,,,13,67.72794258129804,180.2667626121013,pobre,basal,3,41.666668,831.20001,1.0,51.0,17,353,38193,9,0.0
97,0.0,0.0,0.0,1.0,0.0,13,67.72794258129804,180.2667626121013,pobre,basal,3,41.666668,831.20001,1.0,51.0,6,353,38194,0,1.0
98,0.0,0.0,0.0,1.0,1.0,13,67.72794258129804,180.2667626121013,pobre,basal,3,41.666668,831.20001,1.0,51.0,7,353,38194,0,1.0
97,1.0,0.0,0.0,1.0,7.0,6,67.72794258129804,180.2667626121013,pobre,basal,6,333.33334,826.46997,1.0,36.0,14,353,38195,7,1.0
98,1.0,0.0,0.0,,,6,67.72794258129804,180.2667626121013,pobre,basal,6,333.33334,826.46997,1.0,36.0,15,353,38195,7,1.0
97,1.0,0.0,0.0,1.0,3.0,6,67.72794258129804,180.2667626121013,pobre,basal,6,333.33334,826.46997,1.0,36.0,9,353,38196,3,1.0
98,1.0,0.0,0.0,1.0,3.0,6,67.72794258129804,180.2667626121013,pobre,basal,6,333.33334,826.46997,1.0,36.0,10,353,38196,3,1.0
97,0.0,0.0,0.0,1.0,2.0,4,67.72794258129804,180.2667626121013,no pobre,basal,9,0.0,864.0,1.0,27.0,8,353,38197,2,1.0
98,0.0,0.0,0.0,1.0,3.0,4,67.72794258129804,180.2667626121013,no pobre,basal,9,0.0,864.0,1.0,27.0,9,353,38197,2,1.0
97,0.0,1.0,4.4390001,1.0,2.0,7,141.0977350861535,286.0098668459468,pobre,basal,9,500.0,593.0,1.0,34.0,9,437,38198,2,1.0
98,0.0,1.0,4.4390001,1.0,3.0,7,141.0977350861535,286.0098668459468,pobre,basal,9,500.0,593.0,1.0,34.0,10,437,38198,2,1.0
97,0.0,1.0,4.4390001,1.0,7.0,7,141.0977350861535,286.0098668459468,pobre,basal,9,500.0,593.0,1.0,34.0,13,437,38199,7,1.0
98,0.0,1.0,4.4390001,1.0,8.0,7,141.0977350861535,286.0098668459468,pobre,basal,9,500.0,593.0,1.0,34.0,14,437,38199,7,1.0
97,1.0,0.0,0.58999997,1.0,7.0,4,141.8944903287733,273.2989389602207,pobre,0,3,625.0,776.0,1.0,49.0,14,441,38200,7,1.0
98,1.0,0.0,0.58999997,1.0,8.0,4,141.8944903287733,273.2989389602207,pobre,0,3,625.0,776.0,1.0,49.0,15,441,38200,7,1.0
97,1.0,1.0,0.58999997,1.0,7.0,4,141.8944903287733,273.2989389602207,pobre,0,1,0.0,789.0,1.0,63.0,15,441,38201,7,1.0
98,1.0,1.0,0.58999997,1.0,8.0,4,141.8944903287733,273.2989389602207,pobre,0,1,0.0,789.0,1.0,63.0,16,441,38201,7,1.0
97,0.0,1.0,4.4390001,1.0,7.0,6,141.0977350861535,286.0098668459468,pobre,basal,6,500.0,654.0,1.0,39.0,15,437,38202,7,1.0
98,0.0,1.0,4.4390001,1.0,8.0,6,141.0977350861535,286.0098668459468,pobre,basal,6,500.0,654.0,1.0,39.0,16,437,38202,7,1.0
97,1.0,1.0,4.4390001,1.0,3.0,6,141.0977350861535,286.0098668459468,pobre,basal,6,500.0,654.0,1.0,39.0,9,437,38203,3,1.0
98,1.0,1.0,4.4390001,1.0,4.0,6,141.0977350861535,286.0098668459468,pobre,basal,6,500.0,654.0,1.0,39.0,10,437,38203,3,1.0
97,1.0,1.0,3.3699999,1.0,2.0,7,156.646856539166,269.5102618106659,pobre,0,3,425.0,697.5,1.0,58.0,7,459,38204,2,1.0
98,1.0,1.0,3.3699999,1.0,2.0,7,156.646856539166,269.5102618106659,pobre,0,3,425.0,697.5,1.0,58.0,8,459,38204,2,1.0
97,1.0,1.0,3.3699999,1.0,4.0,8,156.646856539166,269.5102618106659,pobre,0,1,500.0,721.0,1.0,71.0,10,459,38205,4,1.0
98,1.0,1.0,3.3699999,1.0,4.0,8,156.646856539166,269.5102618106659,pobre,0,1,500.0,721.0,1.0,71.0,11,459,38205,4,1.0
97,1.0,1.0,3.3699999,1.0,3.0,8,156.646856539166,269.5102618106659,pobre,0,1,500.0,721.0,1.0,71.0,8,459,38206,3,1.0
98,1.0,1.0,3.3699999,1.0,4.0,8,156.646856539166,269.5102618106659,pobre,0,1,500.0,721.0,1.0,71.0,9,459,38206,3,1.0
97,0.0,1.0,0.72899997,1.0,5.0,8,154.5914288333522,272.0878562975476,pobre,basal,3,500.0,497.0,1.0,29.0,12,469,38207,5,1.0
98,0.0,1.0,0.72899997,1.0,6.0,8,154.5914288333522,272.0878562975476,pobre,basal,3,500.0,497.0,1.0,29.0,13,469,38207,5,1.0
97,0.0,1.0,0.72899997,1.0,4.0,8,154.5914288333522,272.0878562975476,pobre,basal,3,500.0,497.0,1.0,29.0,10,469,38208,4,1.0
98,0.0,1.0,0.72899997,1.0,5.0,8,154.5914288333522,272.0878562975476,pobre,basal,3,500.0,497.0,1.0,29.0,11,469,38208,4,1.0
97,1.0,1.0,0.72899997,,0.0,8,154.5914288333522,272.0878562975476,pobre,basal,3,500.0,497.0,1.0,29.0,8,469,38209,0,
98,1.0,1.0,0.72899997,1.0,1.0,8,154.5914288333522,272.0878562975476,pobre,basal,3,500.0,497.0,1.0,29.0,9,469,38209,0,
97,0.0,1.0,3.3699999,1.0,5.0,8,156.646856539166,269.5102618106659,pobre,0,0,500.0,800.0,1.0,51.0,10,459,38210,5,1.0
98,0.0,1.0,3.3699999,1.0,6.0,8,156.646856539166,269.5102618106659,pobre,0,0,500.0,800.0,1.0,51.0,11,459,38210,5,1.0
97,1.0,1.0,3.3699999,1.0,1.0,8,156.646856539166,269.5102618106659,pobre,0,0,500.0,800.0,1.0,51.0,6,459,38211,1,1.0
98,1.0,1.0,3.3699999,1.0,2.0,8,156.646856539166,269.5102618106659,pobre,0,0,500.0,800.0,1.0,51.0,7,459,38211,1,1.0
97,1.0,1.0,3.3699999,1.0,6.0,4,156.646856539166,269.5102618106659,pobre,0,5,500.0,707.0,1.0,40.0,12,459,38212,6,1.0
98,1.0,1.0,3.3699999,1.0,6.0,4,156.646856539166,269.5102618106659,pobre,0,5,500.0,707.0,1.0,40.0,13,459,38212,6,1.0
97,1.0,1.0,3.3699999,0.0,6.0,9,156.646856539166,269.5102618106659,pobre,0,4,500.0,717.75,1.0,46.0,15,459,38213,6,0.0
98,1.0,1.0,3.3699999,0.0,6.0,9,156.646856539166,269.5102618106659,pobre,0,4,500.0,717.75,1.0,46.0,16,459,38213,6,0.0
97,1.0,1.0,3.3699999,0.0,6.0,9,156.646856539166,269.5102618106659,pobre,0,4,500.0,717.75,1.0,46.0,16,459,38214,6,0.0
98,1.0,1.0,3.3699999,,,9,156.646856539166,269.5102618106659,pobre,0,4,500.0,717.75,1.0,46.0,17,459,38214,6,0.0
97,1.0,1.0,3.3699999,1.0,5.0,9,156.646856539166,269.5102618106659,pobre,0,4,500.0,717.75,1.0,46.0,11,459,38215,5,1.0
98,1.0,1.0,3.3699999,1.0,6.0,9,156.646856539166,269.5102618106659,pobre,0,4,500.0,717.75,1.0,46.0,12,459,38215,5,1.0
97,0.0,1.0,3.3699999,1.0,1.0,9,156.646856539166,269.5102618106659,pobre,0,4,500.0,717.75,1.0,46.0,6,459,38216,1,1.0
98,0.0,1.0,3.3699999,1.0,1.0,9,156.646856539166,269.5102618106659,pobre,0,4,500.0,717.75,1.0,46.0,7,459,38216,1,1.0
97,0.0,1.0,3.3699999,0.0,6.0,9,156.646856539166,269.5102618106659,pobre,0,4,500.0,717.75,1.0,46.0,15,459,38217,6,0.0
98,0.0,1.0,3.3699999,0.0,5.0,9,156.646856539166,269.5102618106659,pobre,0,4,500.0,717.75,1.0,46.0,16,459,38217,6,0.0
97,1.0,1.0,3.3699999,1.0,4.0,8,156.646856539166,269.5102618106659,pobre,0,2,375.0,948.0,1.0,63.0,10,459,38218,4,1.0
98,1.0,1.0,3.3699999,1.0,5.0,8,156.646856539166,269.5102618106659,pobre,0,2,375.0,948.0,1.0,63.0,11,459,38218,4,1.0
97,0.0,1.0,3.3699999,1.0,1.0,8,156.646856539166,269.5102618106659,pobre,0,2,375.0,948.0,1.0,63.0,8,459,38219,1,1.0
98,0.0,1.0,3.3699999,1.0,2.0,8,156.646856539166,269.5102618106659,pobre,0,2,375.0,948.0,1.0,63.0,9,459,38219,1,1.0
97,1.0,1.0,3.3699999,1.0,7.0,6,156.646856539166,269.5102618106659,pobre,0,6,500.0,671.0,1.0,46.0,16,459,38220,7,1.0
98,1.0,1.0,3.3699999,0.0,6.0,6,156.646856539166,269.5102618106659,pobre,0,6,500.0,671.0,1.0,46.0,17,459,38220,7,1.0
97,0.0,1.0,3.3699999,1.0,0.0,6,156.646856539166,269.5102618106659,pobre,0,6,500.0,671.0,1.0,46.0,10,459,38221,0,1.0
98,0.0,1.0,3.3699999,1.0,3.0,6,156.646856539166,269.5102618106659,pobre,0,6,500.0,671.0,1.0,46.0,11,459,38221,0,1.0
97,1.0,1.0,3.3699999,1.0,0.0,6,156.646856539166,269.5102618106659,pobre,0,6,500.0,671.0,1.0,46.0,7,459,38222,0,1.0
98,1.0,1.0,3.3699999,1.0,1.0,6,156.646856539166,269.5102618106659,pobre,0,6,500.0,671.0,1.0,46.0,8,459,38222,0,1.0
97,1.0,1.0,3.3699999,1.0,4.0,5,156.646856539166,269.5102618106659,pobre,0,3,500.0,676.0,1.0,48.0,11,459,38223,4,1.0
98,1.0,1.0,3.3699999,1.0,4.0,5,156.646856539166,269.5102618106659,pobre,0,3,500.0,676.0,1.0,48.0,12,459,38223,4,1.0
97,0.0,1.0,3.3699999,1.0,0.0,5,156.646856539166,269.5102618106659,pobre,0,3,500.0,676.0,1.0,48.0,8,459,38224,0,1.0
98,0.0,1.0,3.3699999,,,5,156.646856539166,269.5102618106659,pobre,0,3,500.0,676.0,1.0,48.0,9,459,38224,0,1.0
97,0.0,1.0,3.3699999,0.0,6.0,6,156.646856539166,269.5102618106659,pobre,0,4,375.0,610.0,1.0,40.0,13,459,38225,6,0.0
98,0.0,1.0,3.3699999,0.0,6.0,6,156.646856539166,269.5102618106659,pobre,0,4,375.0,610.0,1.0,40.0,14,459,38225,6,0.0
97,0.0,1.0,3.3699999,1.0,3.0,6,156.646856539166,269.5102618106659,pobre,0,4,375.0,610.0,1.0,40.0,8,459,38226,3,1.0
98,0.0,1.0,3.3699999,1.0,4.0,6,156.646856539166,269.5102618106659,pobre,0,4,375.0,610.0,1.0,40.0,9,459,38226,3,1.0
97,1.0,1.0,3.3699999,1.0,7.0,5,156.646856539166,269.5102618106659,pobre,0,0,500.0,555.0,1.0,50.0,14,459,38227,7,1.0
98,1.0,1.0,3.3699999,1.0,8.0,5,156.646856539166,269.5102618106659,pobre,0,0,500.0,555.0,1.0,50.0,15,459,38227,7,1.0
97,0.0,1.0,3.3699999,1.0,5.0,5,156.646856539166,269.5102618106659,pobre,0,0,500.0,555.0,1.0,50.0,11,459,38228,5,1.0
98,0.0,1.0,3.3699999,0.0,6.0,5,156.646856539166,269.5102618106659,pobre,0,0,500.0,555.0,1.0,50.0,12,459,38228,5,1.0
97,0.0,1.0,3.3699999,1.0,1.0,5,156.646856539166,269.5102618106659,pobre,0,0,500.0,555.0,1.0,50.0,7,459,38229,1,1.0
98,0.0,1.0,3.3699999,1.0,0.0,5,156.646856539166,269.5102618106659,pobre,0,0,500.0,555.0,1.0,50.0,8,459,38229,1,1.0
97,1.0,1.0,3.3699999,1.0,5.0,4,156.646856539166,269.5102618106659,pobre,0,4,500.0,921.0,1.0,49.0,12,459,38230,5,1.0
98,1.0,1.0,3.3699999,1.0,6.0,4,156.646856539166,269.5102618106659,pobre,0,4,500.0,921.0,1.0,49.0,13,459,38230,5,1.0
97,1.0,1.0,3.3699999,1.0,6.0,4,156.646856539166,269.5102618106659,pobre,0,0,500.0,592.0,1.0,47.0,14,459,38231,6,1.0
98,1.0,1.0,3.3699999,0.0,6.0,4,156.646856539166,269.5102618106659,pobre,0,0,500.0,592.0,1.0,47.0,15,459,38231,6,1.0
97,1.0,1.0,3.3699999,1.0,3.0,4,156.646856539166,269.5102618106659,pobre,0,0,500.0,592.0,1.0,47.0,9,459,38232,3,1.0
98,1.0,1.0,3.3699999,,,4,156.646856539166,269.5102618106659,pobre,0,0,500.0,592.0,1.0,47.0,10,459,38232,3,1.0
97,1.0,1.0,3.3699999,1.0,8.0,10,156.646856539166,269.5102618106659,pobre,0,4,375.0,482.0,1.0,38.0,15,459,38233,8,1.0
98,1.0,1.0,3.3699999,1.0,8.0,10,156.646856539166,269.5102618106659,pobre,0,4,375.0,482.0,1.0,38.0,16,459,38233,8,1.0
97,1.0,1.0,3.3699999,1.0,4.0,10,156.646856539166,269.5102618106659,pobre,0,4,375.0,482.0,1.0,38.0,13,459,38234,4,1.0
98,1.0,1.0,3.3699999,1.0,5.0,10,156.646856539166,269.5102618106659,pobre,0,4,375.0,482.0,1.0,38.0,14,459,38234,4,1.0
97,1.0,1.0,3.3699999,1.0,3.0,10,156.646856539166,269.5102618106659,pobre,0,4,375.0,482.0,1.0,38.0,11,459,38235,3,1.0
98,1.0,1.0,3.3699999,1.0,3.0,10,156.646856539166,269.5102618106659,pobre,0,4,375.0,482.0,1.0,38.0,12,459,38235,3,1.0
97,1.0,1.0,3.3699999,1.0,0.0,10,156.646856539166,269.5102618106659,pobre,0,4,375.0,482.0,1.0,38.0,6,459,38236,0,1.0
98,1.0,1.0,3.3699999,1.0,1.0,10,156.646856539166,269.5102618106659,pobre,0,4,375.0,482.0,1.0,38.0,7,459,38236,0,1.0
97,1.0,1.0,3.3699999,1.0,8.0,7,156.646856539166,269.5102618106659,pobre,0,3,375.0,597.0,1.0,48.0,15,459,38237,8,1.0
98,1.0,1.0,3.3699999,0.0,9.0,7,156.646856539166,269.5102618106659,pobre,0,3,375.0,597.0,1.0,48.0,16,459,38237,8,1.0
97,0.0,1.0,3.3699999,1.0,5.0,7,156.646856539166,269.5102618106659,pobre,0,3,375.0,597.0,1.0,48.0,12,459,38238,5,1.0
98,0.0,1.0,3.3699999,1.0,6.0,7,156.646856539166,269.5102618106659,pobre,0,3,375.0,597.0,1.0,48.0,13,459,38238,5,1.0
97,1.0,1.0,3.3699999,0.0,6.0,10,156.646856539166,269.5102618106659,pobre,0,4,375.0,689.0,1.0,36.0,15,459,38239,6,0.0
98,1.0,1.0,3.3699999,0.0,6.0,10,156.646856539166,269.5102618106659,pobre,0,4,375.0,689.0,1.0,36.0,16,459,38239,6,0.0
97,0.0,1.0,3.3699999,1.0,7.0,10,156.646856539166,269.5102618106659,pobre,0,4,375.0,689.0,1.0,36.0,13,459,38240,7,1.0
98,0.0,1.0,3.3699999,1.0,7.0,10,156.646856539166,269.5102618106659,pobre,0,4,375.0,689.0,1.0,36.0,14,459,38240,7,1.0
97,0.0,1.0,3.3699999,1.0,6.0,10,156.646856539166,269.5102618106659,pobre,0,4,375.0,689.0,1.0,36.0,11,459,38241,6,1.0
98,0.0,1.0,3.3699999,0.0,6.0,10,156.646856539166,269.5102618106659,pobre,0,4,375.0,689.0,1.0,36.0,12,459,38241,6,1.0
97,0.0,1.0,3.3699999,0.0,6.0,5,156.646856539166,269.5102618106659,pobre,0,1,375.0,780.0,0.0,42.0,13,459,38242,6,0.0
98,0.0,1.0,3.3699999,0.0,6.0,5,156.646856539166,269.5102618106659,pobre,0,1,375.0,780.0,0.0,42.0,14,459,38242,6,0.0
97,1.0,1.0,3.3699999,1.0,3.0,5,156.646856539166,269.5102618106659,pobre,0,1,375.0,780.0,0.0,42.0,9,459,38243,3,1.0
98,1.0,1.0,3.3699999,1.0,3.0,5,156.646856539166,269.5102618106659,pobre,0,1,375.0,780.0,0.0,42.0,10,459,38243,3,1.0
97,0.0,0.0,4.5120001,0.0,9.0,6,60.22839731787766,60.22839731787766,pobre,basal,1,66.666664,546.0,1.0,46.0,16,275,38244,9,0.0
98,0.0,0.0,4.5120001,,,6,60.22839731787766,60.22839731787766,pobre,basal,1,66.666664,546.0,1.0,46.0,17,275,38244,9,0.0
97,1.0,0.0,4.5120001,0.0,6.0,6,60.22839731787766,60.22839731787766,pobre,basal,1,66.666664,546.0,1.0,46.0,13,275,38245,6,0.0
98,1.0,0.0,4.5120001,1.0,6.0,6,60.22839731787766,60.22839731787766,pobre,basal,1,66.666664,546.0,1.0,46.0,14,275,38245,6,0.0
97,1.0,1.0,3.3699999,0.0,6.0,7,156.646856539166,269.5102618106659,pobre,0,3,500.0,645.25,1.0,41.0,15,459,38246,6,0.0
98,1.0,1.0,3.3699999,0.0,6.0,7,156.646856539166,269.5102618106659,pobre,0,3,500.0,645.25,1.0,41.0,16,459,38246,6,0.0
97,1.0,1.0,3.3699999,0.0,6.0,7,156.646856539166,269.5102618106659,pobre,0,3,500.0,645.25,1.0,41.0,13,459,38247,6,0.0
98,1.0,1.0,3.3699999,0.0,6.0,7,156.646856539166,269.5102618106659,pobre,0,3,500.0,645.25,1.0,41.0,14,459,38247,6,0.0
97,1.0,1.0,3.3699999,1.0,4.0,7,156.646856539166,269.5102618106659,pobre,0,3,500.0,645.25,1.0,41.0,8,459,38248,4,1.0
98,1.0,1.0,3.3699999,1.0,3.0,7,156.646856539166,269.5102618106659,pobre,0,3,500.0,645.25,1.0,41.0,9,459,38248,4,1.0
97,0.0,1.0,3.3699999,1.0,1.0,7,156.646856539166,269.5102618106659,pobre,0,3,500.0,645.25,1.0,41.0,7,459,38249,1,1.0
98,0.0,1.0,3.3699999,1.0,2.0,7,156.646856539166,269.5102618106659,pobre,0,3,500.0,645.25,1.0,41.0,8,459,38249,1,1.0
97,1.0,1.0,3.3699999,1.0,8.0,10,156.646856539166,269.5102618106659,pobre,0,6,500.0,666.0,1.0,43.0,16,459,38250,8,1.0
98,1.0,1.0,3.3699999,,,10,156.646856539166,269.5102618106659,pobre,0,6,500.0,666.0,1.0,43.0,17,459,38250,8,1.0
97,0.0,1.0,3.3699999,1.0,5.0,10,156.646856539166,269.5102618106659,pobre,0,6,500.0,666.0,1.0,43.0,13,459,38251,5,1.0
98,0.0,1.0,3.3699999,,5.0,10,156.646856539166,269.5102618106659,pobre,0,6,500.0,666.0,1.0,43.0,14,459,38251,5,1.0
97,0.0,1.0,3.3699999,1.0,4.0,10,156.646856539166,269.5102618106659,pobre,0,6,500.0,666.0,1.0,43.0,10,459,38252,4,1.0
98,0.0,1.0,3.3699999,1.0,4.0,10,156.646856539166,269.5102618106659,pobre,0,6,500.0,666.0,1.0,43.0,11,459,38252,4,1.0
97,1.0,1.0,3.3699999,1.0,2.0,10,156.646856539166,269.5102618106659,pobre,0,6,500.0,666.0,1.0,43.0,7,459,38253,2,1.0
98,1.0,1.0,3.3699999,1.0,3.0,10,156.646856539166,269.5102618106659,pobre,0,6,500.0,666.0,1.0,43.0,8,459,38253,2,1.0
97,0.0,1.0,3.3699999,1.0,6.0,7,156.646856539166,269.5102618106659,pobre,0,6,500.0,651.0,1.0,35.0,13,459,38254,6,1.0
98,0.0,1.0,3.3699999,0.0,6.0,7,156.646856539166,269.5102618106659,pobre,0,6,500.0,651.0,1.0,35.0,14,459,38254,6,1.0
97,1.0,1.0,3.3699999,1.0,4.0,7,156.646856539166,269.5102618106659,pobre,0,6,500.0,651.0,1.0,35.0,11,459,38255,4,1.0
98,1.0,1.0,3.3699999,1.0,5.0,7,156.646856539166,269.5102618106659,pobre,0,6,500.0,651.0,1.0,35.0,12,459,38255,4,1.0
97,0.0,1.0,3.3699999,1.0,2.0,7,156.646856539166,269.5102618106659,pobre,0,6,500.0,651.0,1.0,35.0,8,459,38256,2,1.0
98,0.0,1.0,3.3699999,1.0,3.0,7,156.646856539166,269.5102618106659,pobre,0,6,500.0,651.0,1.0,35.0,9,459,38256,2,1.0
97,1.0,1.0,3.3699999,1.0,3.0,5,156.646856539166,269.5102618106659,pobre,0,3,500.0,698.0,1.0,60.0,9,459,38257,3,1.0
98,1.0,1.0,3.3699999,1.0,4.0,5,156.646856539166,269.5102618106659,pobre,0,3,500.0,698.0,1.0,60.0,10,459,38257,3,1.0
97,1.0,1.0,3.3699999,0.0,6.0,6,156.646856539166,269.5102618106659,pobre,0,2,500.0,721.0,1.0,56.0,14,459,38258,6,0.0
98,1.0,1.0,3.3699999,1.0,6.0,6,156.646856539166,269.5102618106659,pobre,0,2,500.0,721.0,1.0,56.0,15,459,38258,6,0.0
97,0.0,1.0,3.3699999,1.0,2.0,6,156.646856539166,269.5102618106659,pobre,0,2,500.0,721.0,1.0,56.0,9,459,38259,2,1.0
98,0.0,1.0,3.3699999,1.0,3.0,6,156.646856539166,269.5102618106659,pobre,0,2,500.0,721.0,1.0,56.0,10,459,38259,2,1.0
97,1.0,1.0,3.3699999,0.0,6.0,3,156.646856539166,269.5102618106659,pobre,0,2,500.0,770.5,1.0,54.0,13,459,38260,6,0.0
98,1.0,1.0,3.3699999,0.0,6.0,3,156.646856539166,269.5102618106659,pobre,0,2,500.0,770.5,1.0,54.0,14,459,38260,6,0.0
97,1.0,1.0,3.3699999,1.0,3.0,4,156.646856539166,269.5102618106659,pobre,0,3,375.0,719.0,1.0,38.0,9,459,38261,3,1.0
98,1.0,1.0,3.3699999,1.0,3.0,4,156.646856539166,269.5102618106659,pobre,0,3,375.0,719.0,1.0,38.0,10,459,38261,3,1.0
97,1.0,1.0,3.3699999,0.0,6.0,12,156.646856539166,269.5102618106659,pobre,0,0,375.0,509.0,1.0,33.0,16,459,38262,6,0.0
98,1.0,1.0,3.3699999,,,12,156.646856539166,269.5102618106659,pobre,0,0,375.0,509.0,1.0,33.0,17,459,38262,6,0.0
97,1.0,1.0,3.3699999,0.0,6.0,12,156.646856539166,269.5102618106659,pobre,0,0,375.0,509.0,1.0,33.0,13,459,38263,6,0.0
98,1.0,1.0,3.3699999,0.0,6.0,12,156.646856539166,269.5102618106659,pobre,0,0,375.0,509.0,1.0,33.0,14,459,38263,6,0.0
97,1.0,1.0,3.3699999,1.0,5.0,12,156.646856539166,269.5102618106659,pobre,0,0,375.0,509.0,1.0,33.0,11,459,38264,5,1.0
98,1.0,1.0,3.3699999,1.0,5.0,12,156.646856539166,269.5102618106659,pobre,0,0,375.0,509.0,1.0,33.0,12,459,38264,5,1.0
97,1.0,1.0,3.3699999,1.0,2.0,12,156.646856539166,269.5102618106659,pobre,0,0,375.0,509.0,1.0,33.0,9,459,38265,2,1.0
98,1.0,1.0,3.3699999,1.0,2.0,12,156.646856539166,269.5102618106659,pobre,0,0,375.0,509.0,1.0,33.0,10,459,38265,2,1.0
97,1.0,1.0,3.3699999,1.0,1.0,12,156.646856539166,269.5102618106659,pobre,0,0,375.0,509.0,1.0,33.0,7,459,38266,1,1.0
98,1.0,1.0,3.3699999,1.0,1.0,12,156.646856539166,269.5102618106659,pobre,0,0,375.0,509.0,1.0,33.0,8,459,38266,1,1.0
97,1.0,1.0,3.3699999,0.0,4.0,12,156.646856539166,269.5102618106659,pobre,0,0,375.0,509.0,1.0,33.0,13,459,38267,4,0.0
98,1.0,1.0,3.3699999,1.0,5.0,12,156.646856539166,269.5102618106659,pobre,0,0,375.0,509.0,1.0,33.0,14,459,38267,4,0.0
97,0.0,1.0,0.72899997,0.0,6.0,8,154.5914288333522,272.0878562975476,pobre,basal,5,500.0,458.0,1.0,36.0,13,469,38268,6,0.0
98,0.0,1.0,0.72899997,0.0,6.0,8,154.5914288333522,272.0878562975476,pobre,basal,5,500.0,458.0,1.0,36.0,14,469,38268,6,0.0
97,0.0,1.0,0.72899997,1.0,5.0,8,154.5914288333522,272.0878562975476,pobre,basal,5,500.0,458.0,1.0,36.0,12,469,38269,5,1.0
98,0.0,1.0,0.72899997,1.0,5.0,8,154.5914288333522,272.0878562975476,pobre,basal,5,500.0,458.0,1.0,36.0,13,469,38269,5,1.0
97,0.0,1.0,0.72899997,1.0,3.0,8,154.5914288333522,272.0878562975476,pobre,basal,5,500.0,458.0,1.0,36.0,8,469,38270,3,1.0
98,0.0,1.0,0.72899997,1.0,4.0,8,154.5914288333522,272.0878562975476,pobre,basal,5,500.0,458.0,1.0,36.0,9,469,38270,3,1.0
97,1.0,1.0,0.72899997,1.0,1.0,5,154.5914288333522,272.0878562975476,pobre,basal,6,500.0,739.5,1.0,24.0,7,469,38271,1,1.0
98,1.0,1.0,0.72899997,1.0,1.0,5,154.5914288333522,272.0878562975476,pobre,basal,6,500.0,739.5,1.0,24.0,8,469,38271,1,1.0
97,0.0,1.0,0.72899997,0.0,6.0,2,154.5914288333522,272.0878562975476,pobre,basal,0,0.0,754.0,0.0,46.0,15,469,38272,6,0.0
98,0.0,1.0,0.72899997,0.0,6.0,2,154.5914288333522,272.0878562975476,pobre,basal,0,0.0,754.0,0.0,46.0,16,469,38272,6,0.0
97,1.0,1.0,3.5569999,1.0,8.0,10,162.7488113547962,283.6375603788808,pobre,0,3,480.0,826.0,1.0,48.0,15,503,38273,8,1.0
98,1.0,1.0,3.5569999,1.0,9.0,10,162.7488113547962,283.6375603788808,pobre,0,3,480.0,826.0,1.0,48.0,16,503,38273,8,1.0
97,1.0,1.0,3.5569999,1.0,3.0,10,162.7488113547962,283.6375603788808,pobre,0,3,480.0,826.0,1.0,48.0,8,503,38274,3,1.0
98,1.0,1.0,3.5569999,1.0,3.0,10,162.7488113547962,283.6375603788808,pobre,0,3,480.0,826.0,1.0,48.0,9,503,38274,3,1.0
97,0.0,1.0,3.5569999,0.0,6.0,7,162.7488113547962,283.6375603788808,pobre,0,0,0.0,470.0,1.0,80.0,15,503,38275,6,0.0
98,0.0,1.0,3.5569999,0.0,6.0,7,162.7488113547962,283.6375603788808,pobre,0,0,0.0,470.0,1.0,80.0,16,503,38275,6,0.0
97,1.0,1.0,3.5569999,1.0,5.0,7,162.7488113547962,283.6375603788808,pobre,0,0,0.0,470.0,1.0,80.0,12,503,38276,5,1.0
98,1.0,1.0,3.5569999,1.0,5.0,7,162.7488113547962,283.6375603788808,pobre,0,0,0.0,470.0,1.0,80.0,13,503,38276,5,1.0
97,1.0,1.0,3.5569999,1.0,3.0,7,162.7488113547962,283.6375603788808,pobre,0,0,0.0,470.0,1.0,80.0,13,503,38277,3,1.0
98,1.0,1.0,3.5569999,1.0,4.0,7,162.7488113547962,283.6375603788808,pobre,0,0,0.0,470.0,1.0,80.0,14,503,38277,3,1.0
97,1.0,1.0,3.5569999,1.0,3.0,4,162.7488113547962,283.6375603788808,pobre,0,6,500.0,807.0,1.0,36.0,9,503,38278,3,1.0
98,1.0,1.0,3.5569999,1.0,4.0,4,162.7488113547962,283.6375603788808,pobre,0,6,500.0,807.0,1.0,36.0,10,503,38278,3,1.0
97,0.0,1.0,3.5569999,1.0,5.0,6,162.7488113547962,283.6375603788808,pobre,0,1,500.0,778.0,1.0,49.0,10,503,38279,5,1.0
98,0.0,1.0,3.5569999,1.0,5.0,6,162.7488113547962,283.6375603788808,pobre,0,1,500.0,778.0,1.0,49.0,11,503,38279,5,1.0
97,1.0,1.0,3.5569999,1.0,2.0,6,162.7488113547962,283.6375603788808,pobre,0,1,500.0,778.0,1.0,49.0,8,503,38280,2,1.0
98,1.0,1.0,3.5569999,1.0,3.0,6,162.7488113547962,283.6375603788808,pobre,0,1,500.0,778.0,1.0,49.0,9,503,38280,2,1.0
97,1.0,1.0,3.5569999,1.0,8.0,6,162.7488113547962,283.6375603788808,pobre,0,1,500.0,778.0,1.0,49.0,14,503,38281,8,1.0
98,1.0,1.0,3.5569999,0.0,9.0,6,162.7488113547962,283.6375603788808,pobre,0,1,500.0,778.0,1.0,49.0,15,503,38281,8,1.0
97,1.0,1.0,3.5569999,1.0,7.0,8,162.7488113547962,283.6375603788808,pobre,0,4,500.0,718.0,1.0,31.0,16,503,38282,7,1.0
98,1.0,1.0,3.5569999,,,8,162.7488113547962,283.6375603788808,pobre,0,4,500.0,718.0,1.0,31.0,17,503,38282,7,1.0
97,1.0,1.0,3.5569999,1.0,6.0,8,162.7488113547962,283.6375603788808,pobre,0,4,500.0,718.0,1.0,31.0,14,503,38283,6,1.0
98,1.0,1.0,3.5569999,,,8,162.7488113547962,283.6375603788808,pobre,0,4,500.0,718.0,1.0,31.0,15,503,38283,6,1.0
97,0.0,1.0,3.5569999,1.0,2.0,8,162.7488113547962,283.6375603788808,pobre,0,4,500.0,718.0,1.0,31.0,7,503,38284,2,1.0
98,0.0,1.0,3.5569999,,,8,162.7488113547962,283.6375603788808,pobre,0,4,500.0,718.0,1.0,31.0,8,503,38284,2,1.0
97,1.0,1.0,1.3049999,1.0,3.0,9,161.6277586009655,273.8507411146721,pobre,0,6,625.0,632.5,1.0,25.0,9,409,38285,3,1.0
98,1.0,1.0,1.3049999,1.0,4.0,9,161.6277586009655,273.8507411146721,pobre,0,6,625.0,632.5,1.0,25.0,10,409,38285,3,1.0
97,1.0,1.0,3.5569999,1.0,8.0,8,162.7488113547962,283.6375603788808,pobre,0,5,0.0,815.0,1.0,51.0,15,503,38286,8,1.0
98,1.0,1.0,3.5569999,1.0,8.0,8,162.7488113547962,283.6375603788808,pobre,0,5,0.0,815.0,1.0,51.0,16,503,38286,8,1.0
97,0.0,1.0,3.5569999,1.0,7.0,8,162.7488113547962,283.6375603788808,pobre,0,5,0.0,815.0,1.0,51.0,14,503,38287,7,1.0
98,0.0,1.0,3.5569999,1.0,8.0,8,162.7488113547962,283.6375603788808,pobre,0,5,0.0,815.0,1.0,51.0,15,503,38287,7,1.0
97,0.0,1.0,3.5569999,1.0,6.0,8,162.7488113547962,283.6375603788808,pobre,0,5,0.0,815.0,1.0,51.0,12,503,38288,6,1.0
98,0.0,1.0,3.5569999,1.0,7.0,8,162.7488113547962,283.6375603788808,pobre,0,5,0.0,815.0,1.0,51.0,13,503,38288,6,1.0
97,0.0,1.0,3.5569999,1.0,3.0,8,162.7488113547962,283.6375603788808,pobre,0,5,0.0,815.0,1.0,51.0,9,503,38289,3,1.0
98,0.0,1.0,3.5569999,1.0,4.0,8,162.7488113547962,283.6375603788808,pobre,0,5,0.0,815.0,1.0,51.0,10,503,38289,3,1.0
97,0.0,1.0,3.5569999,1.0,1.0,8,162.7488113547962,283.6375603788808,pobre,0,5,0.0,815.0,1.0,51.0,7,503,38290,1,1.0
98,0.0,1.0,3.5569999,1.0,2.0,8,162.7488113547962,283.6375603788808,pobre,0,5,0.0,815.0,1.0,51.0,8,503,38290,1,1.0
97,1.0,1.0,3.5569999,1.0,1.0,3,162.7488113547962,283.6375603788808,pobre,0,0,0.0,720.0,0.0,56.0,7,503,38291,1,1.0
98,1.0,1.0,3.5569999,1.0,2.0,3,162.7488113547962,283.6375603788808,pobre,0,0,0.0,720.0,0.0,56.0,8,503,38291,1,1.0
97,1.0,1.0,3.5569999,0.0,6.0,3,162.7488113547962,283.6375603788808,pobre,0,0,500.0,720.5,1.0,52.0,14,503,38292,6,0.0
98,1.0,1.0,3.5569999,0.0,6.0,3,162.7488113547962,283.6375603788808,pobre,0,0,500.0,720.5,1.0,52.0,15,503,38292,6,0.0
97,0.0,1.0,3.5569999,0.0,6.0,5,162.7488113547962,283.6375603788808,pobre,0,3,500.0,766.0,1.0,51.0,15,503,38293,6,0.0
98,0.0,1.0,3.5569999,0.0,6.0,5,162.7488113547962,283.6375603788808,pobre,0,3,500.0,766.0,1.0,51.0,16,503,38293,6,0.0
97,1.0,1.0,3.5569999,1.0,7.0,5,162.7488113547962,283.6375603788808,pobre,0,3,500.0,766.0,1.0,51.0,13,503,38294,7,1.0
98,1.0,1.0,3.5569999,1.0,8.0,5,162.7488113547962,283.6375603788808,pobre,0,3,500.0,766.0,1.0,51.0,14,503,38294,7,1.0
97,1.0,1.0,3.5569999,0.0,8.0,7,162.7488113547962,283.6375603788808,pobre,0,5,0.0,970.25,1.0,46.0,16,503,38295,8,0.0
98,1.0,1.0,3.5569999,,,7,162.7488113547962,283.6375603788808,pobre,0,5,0.0,970.25,1.0,46.0,17,503,38295,8,0.0
97,1.0,1.0,3.5569999,1.0,3.0,7,162.7488113547962,283.6375603788808,pobre,0,5,0.0,970.25,1.0,46.0,9,503,38296,3,1.0
98,1.0,1.0,3.5569999,1.0,4.0,7,162.7488113547962,283.6375603788808,pobre,0,5,0.0,970.25,1.0,46.0,10,503,38296,3,1.0
97,1.0,1.0,3.5569999,0.0,6.0,6,162.7488113547962,283.6375603788808,pobre,0,6,500.0,664.0,1.0,37.0,14,503,38297,6,0.0
98,1.0,1.0,3.5569999,1.0,6.0,6,162.7488113547962,283.6375603788808,pobre,0,6,500.0,664.0,1.0,37.0,15,503,38297,6,0.0
97,1.0,1.0,3.5569999,1.0,5.0,6,162.7488113547962,283.6375603788808,pobre,0,6,500.0,664.0,1.0,37.0,12,503,38298,5,1.0
98,1.0,1.0,3.5569999,1.0,6.0,6,162.7488113547962,283.6375603788808,pobre,0,6,500.0,664.0,1.0,37.0,13,503,38298,5,1.0
97,0.0,1.0,3.5569999,1.0,1.0,6,162.7488113547962,283.6375603788808,pobre,0,6,500.0,664.0,1.0,37.0,7,503,38299,1,1.0
98,0.0,1.0,3.5569999,1.0,2.0,6,162.7488113547962,283.6375603788808,pobre,0,6,500.0,664.0,1.0,37.0,8,503,38299,1,1.0
97,0.0,1.0,3.5569999,1.0,1.0,3,162.7488113547962,283.6375603788808,pobre,0,4,500.0,610.0,1.0,18.0,8,503,38300,1,1.0
98,0.0,1.0,3.5569999,,,3,162.7488113547962,283.6375603788808,pobre,0,4,500.0,610.0,1.0,18.0,9,503,38300,1,1.0
97,0.0,1.0,3.5569999,0.0,6.0,8,162.7488113547962,283.6375603788808,pobre,0,3,500.0,741.0,1.0,51.0,16,503,38301,6,0.0
98,0.0,1.0,3.5569999,,,8,162.7488113547962,283.6375603788808,pobre,0,3,500.0,741.0,1.0,51.0,17,503,38301,6,0.0
97,0.0,1.0,3.5569999,1.0,7.0,8,162.7488113547962,283.6375603788808,pobre,0,3,500.0,741.0,1.0,51.0,13,503,38302,7,1.0
98,0.0,1.0,3.5569999,1.0,7.0,8,162.7488113547962,283.6375603788808,pobre,0,3,500.0,741.0,1.0,51.0,14,503,38302,7,1.0
97,0.0,1.0,3.5569999,1.0,3.0,8,162.7488113547962,283.6375603788808,pobre,0,3,500.0,741.0,1.0,51.0,10,503,38303,3,1.0
98,0.0,1.0,3.5569999,1.0,3.0,8,162.7488113547962,283.6375603788808,pobre,0,3,500.0,741.0,1.0,51.0,11,503,38303,3,1.0
97,0.0,1.0,3.5569999,1.0,1.0,8,162.7488113547962,283.6375603788808,pobre,0,3,500.0,741.0,1.0,51.0,7,503,38304,1,1.0
98,0.0,1.0,3.5569999,,,8,162.7488113547962,283.6375603788808,pobre,0,3,500.0,741.0,1.0,51.0,8,503,38304,1,1.0
97,1.0,1.0,3.5569999,1.0,5.0,7,162.7488113547962,283.6375603788808,pobre,0,3,500.0,752.5,0.0,38.0,16,503,38305,5,1.0
98,1.0,1.0,3.5569999,,,7,162.7488113547962,283.6375603788808,pobre,0,3,500.0,752.5,0.0,38.0,17,503,38305,5,1.0
97,0.0,1.0,3.5569999,1.0,7.0,7,162.7488113547962,283.6375603788808,pobre,0,3,500.0,752.5,0.0,38.0,14,503,38306,7,1.0
98,0.0,1.0,3.5569999,0.0,6.0,7,162.7488113547962,283.6375603788808,pobre,0,3,500.0,752.5,0.0,38.0,15,503,38306,7,1.0
97,1.0,1.0,3.5569999,1.0,5.0,7,162.7488113547962,283.6375603788808,pobre,0,3,500.0,752.5,0.0,38.0,13,503,38307,5,1.0
98,1.0,1.0,3.5569999,1.0,5.0,7,162.7488113547962,283.6375603788808,pobre,0,3,500.0,752.5,0.0,38.0,14,503,38307,5,1.0
97,1.0,1.0,3.5569999,1.0,5.0,3,162.7488113547962,283.6375603788808,pobre,0,3,500.0,794.5,1.0,45.0,14,503,38308,5,1.0
98,1.0,1.0,3.5569999,,,3,162.7488113547962,283.6375603788808,pobre,0,3,500.0,794.5,1.0,45.0,15,503,38308,5,1.0
97,0.0,1.0,3.5569999,0.0,6.0,9,162.7488113547962,283.6375603788808,pobre,0,3,500.0,715.0,1.0,41.0,16,503,38309,6,0.0
98,0.0,1.0,3.5569999,,,9,162.7488113547962,283.6375603788808,pobre,0,3,500.0,715.0,1.0,41.0,17,503,38309,6,0.0
97,0.0,1.0,3.5569999,0.0,6.0,9,162.7488113547962,283.6375603788808,pobre,0,3,500.0,715.0,1.0,41.0,13,503,38310,6,0.0
98,0.0,1.0,3.5569999,,,9,162.7488113547962,283.6375603788808,pobre,0,3,500.0,715.0,1.0,41.0,14,503,38310,6,0.0
97,1.0,1.0,3.5569999,1.0,5.0,9,162.7488113547962,283.6375603788808,pobre,0,3,500.0,715.0,1.0,41.0,11,503,38311,5,1.0
98,1.0,1.0,3.5569999,1.0,6.0,9,162.7488113547962,283.6375603788808,pobre,0,3,500.0,715.0,1.0,41.0,12,503,38311,5,1.0
97,0.0,1.0,3.5569999,1.0,2.0,9,162.7488113547962,283.6375603788808,pobre,0,3,500.0,715.0,1.0,41.0,8,503,38312,2,1.0
98,0.0,1.0,3.5569999,1.0,3.0,9,162.7488113547962,283.6375603788808,pobre,0,3,500.0,715.0,1.0,41.0,9,503,38312,2,1.0
97,0.0,1.0,3.5569999,1.0,1.0,9,162.7488113547962,283.6375603788808,pobre,0,3,500.0,715.0,1.0,41.0,6,503,38313,1,1.0
98,0.0,1.0,3.5569999,1.0,1.0,9,162.7488113547962,283.6375603788808,pobre,0,3,500.0,715.0,1.0,41.0,7,503,38313,1,1.0
97,1.0,1.0,3.5569999,1.0,9.0,7,162.7488113547962,283.6375603788808,pobre,0,3,500.0,746.5,1.0,44.0,16,503,38314,9,1.0
98,1.0,1.0,3.5569999,,,7,162.7488113547962,283.6375603788808,pobre,0,3,500.0,746.5,1.0,44.0,17,503,38314,9,1.0
97,0.0,1.0,3.5569999,1.0,7.0,7,162.7488113547962,283.6375603788808,pobre,0,3,500.0,746.5,1.0,44.0,14,503,38315,7,1.0
98,0.0,1.0,3.5569999,1.0,7.0,7,162.7488113547962,283.6375603788808,pobre,0,3,500.0,746.5,1.0,44.0,15,503,38315,7,1.0
97,0.0,1.0,3.5569999,1.0,5.0,7,162.7488113547962,283.6375603788808,pobre,0,3,500.0,746.5,1.0,44.0,10,503,38316,5,1.0
98,0.0,1.0,3.5569999,1.0,5.0,7,162.7488113547962,283.6375603788808,pobre,0,3,500.0,746.5,1.0,44.0,11,503,38316,5,1.0
97,0.0,1.0,3.5569999,0.0,6.0,7,162.7488113547962,283.6375603788808,pobre,0,0,500.0,773.0,1.0,52.0,16,503,38317,6,0.0
98,0.0,1.0,3.5569999,1.0,6.0,7,162.7488113547962,283.6375603788808,pobre,0,0,500.0,773.0,1.0,52.0,17,503,38317,6,0.0
97,1.0,1.0,3.5569999,1.0,7.0,7,162.7488113547962,283.6375603788808,pobre,0,0,500.0,773.0,1.0,52.0,12,503,38318,7,1.0
98,1.0,1.0,3.5569999,1.0,8.0,7,162.7488113547962,283.6375603788808,pobre,0,0,500.0,773.0,1.0,52.0,13,503,38318,7,1.0
97,1.0,1.0,3.5569999,1.0,4.0,7,162.7488113547962,283.6375603788808,pobre,0,0,500.0,773.0,1.0,52.0,9,503,38319,4,1.0
98,1.0,1.0,3.5569999,1.0,5.0,7,162.7488113547962,283.6375603788808,pobre,0,0,500.0,773.0,1.0,52.0,10,503,38319,4,1.0
97,1.0,1.0,3.5569999,0.0,6.0,8,162.7488113547962,283.6375603788808,pobre,0,3,500.0,699.0,1.0,39.0,15,503,38320,6,0.0
98,1.0,1.0,3.5569999,0.0,6.0,8,162.7488113547962,283.6375603788808,pobre,0,3,500.0,699.0,1.0,39.0,16,503,38320,6,0.0
97,0.0,1.0,3.5569999,1.0,3.0,8,162.7488113547962,283.6375603788808,pobre,0,3,500.0,699.0,1.0,39.0,8,503,38321,3,1.0
98,0.0,1.0,3.5569999,1.0,3.0,8,162.7488113547962,283.6375603788808,pobre,0,3,500.0,699.0,1.0,39.0,9,503,38321,3,1.0
97,1.0,1.0,3.5569999,1.0,1.0,8,162.7488113547962,283.6375603788808,pobre,0,3,500.0,699.0,1.0,39.0,7,503,38322,1,1.0
98,1.0,1.0,3.5569999,1.0,2.0,8,162.7488113547962,283.6375603788808,pobre,0,3,500.0,699.0,1.0,39.0,8,503,38322,1,1.0
97,0.0,1.0,3.5569999,1.0,1.0,5,162.7488113547962,283.6375603788808,pobre,0,3,500.0,744.5,1.0,42.0,7,503,38323,1,1.0
98,0.0,1.0,3.5569999,1.0,1.0,5,162.7488113547962,283.6375603788808,pobre,0,3,500.0,744.5,1.0,42.0,8,503,38323,1,1.0
97,1.0,1.0,3.5569999,0.0,5.0,5,162.7488113547962,283.6375603788808,pobre,0,5,500.0,658.5,1.0,28.0,15,503,38324,5,0.0
98,1.0,1.0,3.5569999,,,5,162.7488113547962,283.6375603788808,pobre,0,5,500.0,658.5,1.0,28.0,16,503,38324,5,0.0
97,0.0,1.0,3.5569999,0.0,5.0,7,162.7488113547962,283.6375603788808,pobre,0,6,500.0,718.5,1.0,29.0,15,503,38325,5,0.0
98,0.0,1.0,3.5569999,0.0,6.0,7,162.7488113547962,283.6375603788808,pobre,0,6,500.0,718.5,1.0,29.0,16,503,38325,5,0.0
97,1.0,1.0,3.5569999,1.0,4.0,7,162.7488113547962,283.6375603788808,pobre,0,6,500.0,718.5,1.0,29.0,13,503,38326,4,1.0
98,1.0,1.0,3.5569999,1.0,4.0,7,162.7488113547962,283.6375603788808,pobre,0,6,500.0,718.5,1.0,29.0,14,503,38326,4,1.0
97,0.0,1.0,3.5569999,1.0,1.0,7,162.7488113547962,283.6375603788808,pobre,0,6,500.0,718.5,1.0,29.0,7,503,38327,1,1.0
98,0.0,1.0,3.5569999,1.0,2.0,7,162.7488113547962,283.6375603788808,pobre,0,6,500.0,718.5,1.0,29.0,8,503,38327,1,1.0
97,1.0,1.0,3.5569999,0.0,9.0,8,162.7488113547962,283.6375603788808,pobre,0,2,500.0,741.0,1.0,44.0,16,503,38328,9,0.0
98,1.0,1.0,3.5569999,,,8,162.7488113547962,283.6375603788808,pobre,0,2,500.0,741.0,1.0,44.0,17,503,38328,9,0.0
97,0.0,1.0,3.5569999,1.0,9.0,8,162.7488113547962,283.6375603788808,pobre,0,2,500.0,741.0,1.0,44.0,15,503,38329,9,1.0
98,0.0,1.0,3.5569999,0.0,9.0,8,162.7488113547962,283.6375603788808,pobre,0,2,500.0,741.0,1.0,44.0,16,503,38329,9,1.0
97,0.0,1.0,3.5569999,1.0,8.0,8,162.7488113547962,283.6375603788808,pobre,0,2,500.0,741.0,1.0,44.0,14,503,38330,8,1.0
98,0.0,1.0,3.5569999,0.0,9.0,8,162.7488113547962,283.6375603788808,pobre,0,2,500.0,741.0,1.0,44.0,15,503,38330,8,1.0
97,1.0,1.0,3.5569999,1.0,5.0,8,162.7488113547962,283.6375603788808,pobre,0,2,500.0,741.0,1.0,44.0,12,503,38331,5,1.0
98,1.0,1.0,3.5569999,0.0,6.0,8,162.7488113547962,283.6375603788808,pobre,0,2,500.0,741.0,1.0,44.0,13,503,38331,5,1.0
97,1.0,1.0,3.5569999,1.0,1.0,8,162.7488113547962,283.6375603788808,pobre,0,2,500.0,741.0,1.0,44.0,6,503,38332,1,1.0
98,1.0,1.0,3.5569999,1.0,1.0,8,162.7488113547962,283.6375603788808,pobre,0,2,500.0,741.0,1.0,44.0,7,503,38332,1,1.0
97,1.0,1.0,3.5569999,1.0,1.0,5,162.7488113547962,283.6375603788808,pobre,0,2,500.0,659.0,1.0,35.0,8,503,38333,1,1.0
98,1.0,1.0,3.5569999,,,5,162.7488113547962,283.6375603788808,pobre,0,2,500.0,659.0,1.0,35.0,9,503,38333,1,1.0
97,0.0,1.0,3.5569999,1.0,0.0,5,162.7488113547962,283.6375603788808,pobre,0,2,500.0,659.0,1.0,35.0,6,503,38334,0,1.0
98,0.0,1.0,3.5569999,,,5,162.7488113547962,283.6375603788808,pobre,0,2,500.0,659.0,1.0,35.0,7,503,38334,0,1.0
97,0.0,1.0,3.5569999,1.0,9.0,5,162.7488113547962,283.6375603788808,pobre,0,12,2600.0,714.0,1.0,25.0,14,503,38335,9,1.0
98,0.0,1.0,3.5569999,1.0,9.0,5,162.7488113547962,283.6375603788808,pobre,0,12,2600.0,714.0,1.0,25.0,15,503,38335,9,1.0
97,0.0,1.0,3.5569999,1.0,7.0,4,162.7488113547962,283.6375603788808,pobre,0,2,500.0,747.0,1.0,45.0,14,503,38336,7,1.0
98,0.0,1.0,3.5569999,,,4,162.7488113547962,283.6375603788808,pobre,0,2,500.0,747.0,1.0,45.0,15,503,38336,7,1.0
97,0.0,1.0,3.5569999,1.0,0.0,4,162.7488113547962,283.6375603788808,pobre,0,2,500.0,747.0,1.0,45.0,7,503,38337,0,1.0
98,0.0,1.0,3.5569999,,,4,162.7488113547962,283.6375603788808,pobre,0,2,500.0,747.0,1.0,45.0,8,503,38337,0,1.0
97,0.0,1.0,3.5569999,1.0,3.0,9,162.7488113547962,283.6375603788808,pobre,0,3,500.0,963.0,1.0,33.0,9,503,38338,3,1.0
98,0.0,1.0,3.5569999,,,9,162.7488113547962,283.6375603788808,pobre,0,3,500.0,963.0,1.0,33.0,10,503,38338,3,1.0
97,0.0,1.0,3.5569999,1.0,1.0,9,162.7488113547962,283.6375603788808,pobre,0,3,500.0,963.0,1.0,33.0,6,503,38339,1,1.0
98,0.0,1.0,3.5569999,,,9,162.7488113547962,283.6375603788808,pobre,0,3,500.0,963.0,1.0,33.0,7,503,38339,1,1.0
97,0.0,1.0,3.5569999,0.0,2.0,9,162.7488113547962,283.6375603788808,pobre,0,3,500.0,963.0,1.0,33.0,14,503,38340,2,0.0
98,0.0,1.0,3.5569999,,,9,162.7488113547962,283.6375603788808,pobre,0,3,500.0,963.0,1.0,33.0,15,503,38340,2,0.0
97,0.0,1.0,3.5569999,0.0,6.0,10,162.7488113547962,283.6375603788808,pobre,0,3,500.0,743.0,1.0,43.0,14,503,38341,6,0.0
98,0.0,1.0,3.5569999,1.0,6.0,10,162.7488113547962,283.6375603788808,pobre,0,3,500.0,743.0,1.0,43.0,15,503,38341,6,0.0
97,1.0,1.0,3.5569999,1.0,5.0,10,162.7488113547962,283.6375603788808,pobre,0,3,500.0,743.0,1.0,43.0,11,503,38342,5,1.0
98,1.0,1.0,3.5569999,1.0,6.0,10,162.7488113547962,283.6375603788808,pobre,0,3,500.0,743.0,1.0,43.0,12,503,38342,5,1.0
97,0.0,1.0,0.72899997,1.0,8.0,10,154.5914288333522,272.0878562975476,pobre,basal,2,500.0,802.0,1.0,52.0,14,469,38343,8,1.0
98,0.0,1.0,0.72899997,0.0,9.0,10,154.5914288333522,272.0878562975476,pobre,basal,2,500.0,802.0,1.0,52.0,15,469,38343,8,1.0
97,0.0,1.0,0.72899997,1.0,1.0,10,154.5914288333522,272.0878562975476,pobre,basal,2,500.0,802.0,1.0,52.0,7,469,38344,1,1.0
98,0.0,1.0,0.72899997,1.0,1.0,10,154.5914288333522,272.0878562975476,pobre,basal,2,500.0,802.0,1.0,52.0,8,469,38344,1,1.0
97,1.0,1.0,3.0439999,1.0,4.0,7,162.0278080249973,264.1598546067176,pobre,0,6,625.0,651.0,1.0,32.0,9,466,38345,4,1.0
98,1.0,1.0,3.0439999,1.0,4.0,7,162.0278080249973,264.1598546067176,pobre,0,6,625.0,651.0,1.0,32.0,10,466,38345,4,1.0
97,0.0,1.0,3.0439999,1.0,2.0,7,162.0278080249973,264.1598546067176,pobre,0,6,625.0,651.0,1.0,32.0,7,466,38346,2,1.0
98,0.0,1.0,3.0439999,1.0,2.0,7,162.0278080249973,264.1598546067176,pobre,0,6,625.0,651.0,1.0,32.0,8,466,38346,2,1.0
97,0.0,1.0,1.3710001,1.0,2.0,6,164.3681010719044,269.0810428787099,pobre,0,8,625.0,620.0,1.0,26.0,8,461,38347,2,1.0
98,0.0,1.0,1.3710001,1.0,3.0,6,164.3681010719044,269.0810428787099,pobre,0,8,625.0,620.0,1.0,26.0,9,461,38347,2,1.0
97,1.0,1.0,1.3710001,1.0,0.0,6,164.3681010719044,269.0810428787099,pobre,0,8,625.0,620.0,1.0,26.0,7,461,38348,0,1.0
98,1.0,1.0,1.3710001,1.0,1.0,6,164.3681010719044,269.0810428787099,pobre,0,8,625.0,620.0,1.0,26.0,8,461,38348,0,1.0
97,1.0,1.0,3.3699999,0.0,6.0,3,156.646856539166,269.5102618106659,pobre,0,4,375.0,887.0,1.0,45.0,14,459,38349,6,0.0
98,1.0,1.0,3.3699999,0.0,6.0,3,156.646856539166,269.5102618106659,pobre,0,4,375.0,887.0,1.0,45.0,15,459,38349,6,0.0
97,1.0,1.0,3.3699999,0.0,6.0,8,156.646856539166,269.5102618106659,pobre,0,5,500.0,669.0,1.0,40.0,15,459,38350,6,0.0
98,1.0,1.0,3.3699999,0.0,6.0,8,156.646856539166,269.5102618106659,pobre,0,5,500.0,669.0,1.0,40.0,16,459,38350,6,0.0
97,1.0,1.0,3.3699999,1.0,3.0,8,156.646856539166,269.5102618106659,pobre,0,5,500.0,669.0,1.0,40.0,12,459,38351,3,1.0
98,1.0,1.0,3.3699999,1.0,4.0,8,156.646856539166,269.5102618106659,pobre,0,5,500.0,669.0,1.0,40.0,13,459,38351,3,1.0
97,1.0,0.0,3.3699999,1.0,1.0,8,156.646856539166,269.5102618106659,pobre,0,5,500.0,669.0,1.0,40.0,8,459,38352,1,1.0
98,1.0,0.0,3.3699999,1.0,2.0,8,156.646856539166,269.5102618106659,pobre,0,5,500.0,669.0,1.0,40.0,9,459,38352,1,1.0
97,1.0,1.0,3.3699999,1.0,8.0,5,156.646856539166,269.5102618106659,pobre,0,12,183.33333,724.0,1.0,39.0,13,459,38353,8,1.0
98,1.0,1.0,3.3699999,1.0,8.0,5,156.646856539166,269.5102618106659,pobre,0,12,183.33333,724.0,1.0,39.0,14,459,38353,8,1.0
97,0.0,1.0,3.3699999,0.0,6.0,5,156.646856539166,269.5102618106659,pobre,0,12,183.33333,724.0,1.0,39.0,15,459,38354,6,0.0
98,0.0,1.0,3.3699999,0.0,6.0,5,156.646856539166,269.5102618106659,pobre,0,12,183.33333,724.0,1.0,39.0,16,459,38354,6,0.0
97,1.0,1.0,3.3699999,1.0,6.0,5,156.646856539166,269.5102618106659,pobre,0,12,183.33333,724.0,1.0,39.0,11,459,38355,6,1.0
98,1.0,1.0,3.3699999,1.0,6.0,5,156.646856539166,269.5102618106659,pobre,0,12,183.33333,724.0,1.0,39.0,12,459,38355,6,1.0
97,1.0,1.0,3.3699999,,8.0,4,156.646856539166,269.5102618106659,pobre,0,0,375.0,767.33099,1.0,66.0,14,459,38356,8,
98,1.0,1.0,3.3699999,1.0,8.0,4,156.646856539166,269.5102618106659,pobre,0,0,375.0,767.33099,1.0,66.0,15,459,38356,8,
97,1.0,1.0,3.3699999,,5.0,4,156.646856539166,269.5102618106659,pobre,0,0,375.0,767.33099,1.0,66.0,12,459,38357,5,
98,1.0,1.0,3.3699999,1.0,6.0,4,156.646856539166,269.5102618106659,pobre,0,0,375.0,767.33099,1.0,66.0,13,459,38357,5,
97,0.0,1.0,3.3699999,0.0,6.0,9,156.646856539166,269.5102618106659,pobre,0,5,80.0,745.0,1.0,50.0,14,459,38358,6,0.0
98,0.0,1.0,3.3699999,0.0,4.0,9,156.646856539166,269.5102618106659,pobre,0,5,80.0,745.0,1.0,50.0,15,459,38358,6,0.0
97,0.0,1.0,3.3699999,1.0,4.0,9,156.646856539166,269.5102618106659,pobre,0,5,80.0,745.0,1.0,50.0,11,459,38359,4,1.0
98,0.0,1.0,3.3699999,1.0,4.0,9,156.646856539166,269.5102618106659,pobre,0,5,80.0,745.0,1.0,50.0,12,459,38359,4,1.0
97,1.0,1.0,3.3699999,1.0,1.0,9,156.646856539166,269.5102618106659,pobre,0,5,80.0,745.0,1.0,50.0,7,459,38360,1,1.0
98,1.0,1.0,3.3699999,1.0,1.0,9,156.646856539166,269.5102618106659,pobre,0,5,80.0,745.0,1.0,50.0,8,459,38360,1,1.0
97,1.0,1.0,3.3699999,0.0,6.0,9,156.646856539166,269.5102618106659,pobre,0,3,625.0,761.0,1.0,42.0,16,459,38361,6,0.0
98,1.0,1.0,3.3699999,,,9,156.646856539166,269.5102618106659,pobre,0,3,625.0,761.0,1.0,42.0,17,459,38361,6,0.0
97,1.0,1.0,3.3699999,1.0,4.0,9,156.646856539166,269.5102618106659,pobre,0,3,625.0,761.0,1.0,42.0,13,459,38362,4,1.0
98,1.0,1.0,3.3699999,1.0,5.0,9,156.646856539166,269.5102618106659,pobre,0,3,625.0,761.0,1.0,42.0,14,459,38362,4,1.0
97,0.0,1.0,3.3699999,1.0,2.0,9,156.646856539166,269.5102618106659,pobre,0,3,625.0,761.0,1.0,42.0,11,459,38363,2,1.0
98,0.0,1.0,3.3699999,1.0,3.0,9,156.646856539166,269.5102618106659,pobre,0,3,625.0,761.0,1.0,42.0,12,459,38363,2,1.0
97,0.0,1.0,3.3699999,1.0,1.0,9,156.646856539166,269.5102618106659,pobre,0,3,625.0,761.0,1.0,42.0,7,459,38364,1,1.0
98,0.0,1.0,3.3699999,1.0,2.0,9,156.646856539166,269.5102618106659,pobre,0,3,625.0,761.0,1.0,42.0,8,459,38364,1,1.0
97,0.0,1.0,3.3699999,1.0,1.0,4,156.646856539166,269.5102618106659,pobre,0,6,500.0,670.0,1.0,30.0,7,459,38365,1,1.0
98,0.0,1.0,3.3699999,1.0,2.0,4,156.646856539166,269.5102618106659,pobre,0,6,500.0,670.0,1.0,30.0,8,459,38365,1,1.0
97,1.0,1.0,3.3699999,1.0,4.0,7,156.646856539166,269.5102618106659,pobre,0,4,500.0,625.79999,1.0,37.0,13,459,38366,4,1.0
98,1.0,1.0,3.3699999,1.0,5.0,7,156.646856539166,269.5102618106659,pobre,0,4,500.0,625.79999,1.0,37.0,14,459,38366,4,1.0
97,0.0,1.0,3.3699999,1.0,4.0,7,156.646856539166,269.5102618106659,pobre,0,4,500.0,625.79999,1.0,37.0,11,459,38367,4,1.0
98,0.0,1.0,3.3699999,1.0,5.0,7,156.646856539166,269.5102618106659,pobre,0,4,500.0,625.79999,1.0,37.0,12,459,38367,4,1.0
97,1.0,1.0,3.3699999,1.0,1.0,7,156.646856539166,269.5102618106659,pobre,0,4,500.0,625.79999,1.0,37.0,9,459,38368,1,1.0
98,1.0,1.0,3.3699999,1.0,1.0,7,156.646856539166,269.5102618106659,pobre,0,4,500.0,625.79999,1.0,37.0,10,459,38368,1,1.0
97,0.0,1.0,3.0439999,1.0,5.0,7,162.0278080249973,264.1598546067176,pobre,0,1,625.0,774.5,1.0,42.0,13,466,38369,5,1.0
98,0.0,1.0,3.0439999,0.0,6.0,7,162.0278080249973,264.1598546067176,pobre,0,1,625.0,774.5,1.0,42.0,14,466,38369,5,1.0
97,0.0,1.0,3.0439999,1.0,4.0,7,162.0278080249973,264.1598546067176,pobre,0,1,625.0,774.5,1.0,42.0,11,466,38370,4,1.0
98,0.0,1.0,3.0439999,1.0,5.0,7,162.0278080249973,264.1598546067176,pobre,0,1,625.0,774.5,1.0,42.0,12,466,38370,4,1.0
97,1.0,1.0,3.0439999,1.0,1.0,7,162.0278080249973,264.1598546067176,pobre,0,1,625.0,774.5,1.0,42.0,7,466,38371,1,1.0
98,1.0,1.0,3.0439999,1.0,2.0,7,162.0278080249973,264.1598546067176,pobre,0,1,625.0,774.5,1.0,42.0,8,466,38371,1,1.0
97,1.0,1.0,3.0439999,0.0,6.0,6,162.0278080249973,264.1598546067176,pobre,0,6,500.0,750.0,1.0,50.0,16,466,38372,6,0.0
98,1.0,1.0,3.0439999,,,6,162.0278080249973,264.1598546067176,pobre,0,6,500.0,750.0,1.0,50.0,17,466,38372,6,0.0
97,0.0,1.0,3.0439999,1.0,5.0,6,162.0278080249973,264.1598546067176,pobre,0,6,500.0,750.0,1.0,50.0,12,466,38373,5,1.0
98,0.0,1.0,3.0439999,0.0,6.0,6,162.0278080249973,264.1598546067176,pobre,0,6,500.0,750.0,1.0,50.0,13,466,38373,5,1.0
97,1.0,1.0,3.0439999,1.0,2.0,6,162.0278080249973,264.1598546067176,pobre,0,6,500.0,750.0,1.0,50.0,10,466,38374,2,1.0
98,1.0,1.0,3.0439999,1.0,3.0,6,162.0278080249973,264.1598546067176,pobre,0,6,500.0,750.0,1.0,50.0,11,466,38374,2,1.0
97,0.0,1.0,3.0439999,1.0,1.0,6,162.0278080249973,264.1598546067176,pobre,0,6,500.0,750.0,1.0,50.0,8,466,38375,1,1.0
98,0.0,1.0,3.0439999,1.0,2.0,6,162.0278080249973,264.1598546067176,pobre,0,6,500.0,750.0,1.0,50.0,9,466,38375,1,1.0
97,1.0,1.0,3.0439999,0.0,6.0,6,162.0278080249973,264.1598546067176,pobre,0,3,500.0,750.5,1.0,57.0,15,466,38376,6,0.0
98,1.0,1.0,3.0439999,,,6,162.0278080249973,264.1598546067176,pobre,0,3,500.0,750.5,1.0,57.0,16,466,38376,6,0.0
97,0.0,1.0,3.0439999,0.0,6.0,4,162.0278080249973,264.1598546067176,pobre,0,3,500.0,668.0,1.0,53.0,14,466,38377,6,0.0
98,0.0,1.0,3.0439999,,,4,162.0278080249973,264.1598546067176,pobre,0,3,500.0,668.0,1.0,53.0,15,466,38377,6,0.0
97,1.0,0.0,1.796,1.0,6.0,9,89.61675500278672,255.3790381929528,pobre,basal,3,240.0,749.0,1.0,54.0,16,356,38378,6,1.0
98,1.0,0.0,1.796,,,9,89.61675500278672,255.3790381929528,pobre,basal,3,240.0,749.0,1.0,54.0,17,356,38378,6,1.0
97,1.0,0.0,1.796,1.0,4.0,9,89.61675500278672,255.3790381929528,pobre,basal,3,240.0,749.0,1.0,54.0,12,356,38379,4,1.0
98,1.0,0.0,1.796,1.0,5.0,9,89.61675500278672,255.3790381929528,pobre,basal,3,240.0,749.0,1.0,54.0,13,356,38379,4,1.0
97,0.0,0.0,1.796,1.0,4.0,9,89.61675500278672,255.3790381929528,pobre,basal,3,240.0,749.0,1.0,54.0,10,356,38380,4,1.0
98,0.0,0.0,1.796,1.0,5.0,9,89.61675500278672,255.3790381929528,pobre,basal,3,240.0,749.0,1.0,54.0,11,356,38380,4,1.0
97,1.0,0.0,1.796,1.0,1.0,9,89.61675500278672,255.3790381929528,pobre,basal,3,240.0,749.0,1.0,54.0,8,356,38381,1,1.0
98,1.0,0.0,1.796,1.0,2.0,9,89.61675500278672,255.3790381929528,pobre,basal,3,240.0,749.0,1.0,54.0,9,356,38381,1,1.0
97,0.0,0.0,1.796,1.0,6.0,4,89.61675500278672,255.3790381929528,no pobre,basal,9,2000.0,905.0,1.0,33.0,11,356,38382,6,1.0
98,0.0,0.0,1.796,1.0,7.0,4,89.61675500278672,255.3790381929528,no pobre,basal,9,2000.0,905.0,1.0,33.0,12,356,38382,6,1.0
97,0.0,0.0,1.796,1.0,7.0,5,89.61675500278672,255.3790381929528,no pobre,basal,2,375.0,1068.5,1.0,62.0,16,356,38383,7,1.0
98,0.0,0.0,1.796,,,5,89.61675500278672,255.3790381929528,no pobre,basal,2,375.0,1068.5,1.0,62.0,17,356,38383,7,1.0
97,1.0,0.0,1.796,0.0,6.0,8,89.61675500278672,255.3790381929528,pobre,basal,4,625.0,723.0,1.0,41.0,14,356,38384,6,0.0
98,1.0,0.0,1.796,0.0,8.0,8,89.61675500278672,255.3790381929528,pobre,basal,4,625.0,723.0,1.0,41.0,15,356,38384,6,0.0
97,1.0,0.0,1.796,1.0,6.0,8,89.61675500278672,255.3790381929528,pobre,basal,4,625.0,723.0,1.0,41.0,12,356,38385,6,1.0
98,1.0,0.0,1.796,1.0,7.0,8,89.61675500278672,255.3790381929528,pobre,basal,4,625.0,723.0,1.0,41.0,13,356,38385,6,1.0
97,1.0,0.0,1.796,1.0,3.0,8,89.61675500278672,255.3790381929528,pobre,basal,4,625.0,723.0,1.0,41.0,10,356,38386,3,1.0
98,1.0,0.0,1.796,1.0,4.0,8,89.61675500278672,255.3790381929528,pobre,basal,4,625.0,723.0,1.0,41.0,11,356,38386,3,1.0
97,1.0,0.0,1.796,1.0,1.0,8,89.61675500278672,255.3790381929528,pobre,basal,4,625.0,723.0,1.0,41.0,8,356,38387,1,1.0
98,1.0,0.0,1.796,1.0,2.0,8,89.61675500278672,255.3790381929528,pobre,basal,4,625.0,723.0,1.0,41.0,9,356,38387,1,1.0
97,1.0,0.0,1.796,1.0,7.0,8,89.61675500278672,255.3790381929528,pobre,basal,0,625.0,789.0,1.0,50.0,16,356,38388,7,1.0
98,1.0,0.0,1.796,,,8,89.61675500278672,255.3790381929528,pobre,basal,0,625.0,789.0,1.0,50.0,17,356,38388,7,1.0
97,0.0,0.0,1.796,1.0,5.0,8,89.61675500278672,255.3790381929528,pobre,basal,0,625.0,789.0,1.0,50.0,11,356,38389,5,1.0
98,0.0,0.0,1.796,1.0,6.0,8,89.61675500278672,255.3790381929528,pobre,basal,0,625.0,789.0,1.0,50.0,12,356,38389,5,1.0
97,1.0,0.0,1.796,1.0,1.0,4,89.61675500278672,255.3790381929528,pobre,basal,6,625.0,665.0,0.0,26.0,7,356,38390,1,1.0
98,1.0,0.0,1.796,1.0,2.0,4,89.61675500278672,255.3790381929528,pobre,basal,6,625.0,665.0,0.0,26.0,8,356,38390,1,1.0
97,0.0,0.0,1.796,0.0,3.0,3,89.61675500278672,255.3790381929528,pobre,basal,3,500.0,737.0,1.0,59.0,16,356,38391,3,0.0
98,0.0,0.0,1.796,,,3,89.61675500278672,255.3790381929528,pobre,basal,3,500.0,737.0,1.0,59.0,17,356,38391,3,0.0
97,0.0,0.0,1.796,0.0,3.0,3,89.61675500278672,255.3790381929528,pobre,basal,3,500.0,737.0,1.0,59.0,14,356,38392,3,0.0
98,0.0,0.0,1.796,0.0,3.0,3,89.61675500278672,255.3790381929528,pobre,basal,3,500.0,737.0,1.0,59.0,15,356,38392,3,0.0
97,0.0,0.0,1.796,1.0,4.0,6,89.61675500278672,255.3790381929528,no pobre,basal,3,500.0,1034.0,1.0,46.0,10,356,38393,4,1.0
98,0.0,0.0,1.796,1.0,5.0,6,89.61675500278672,255.3790381929528,no pobre,basal,3,500.0,1034.0,1.0,46.0,11,356,38393,4,1.0
97,1.0,0.0,1.796,,0.0,5,89.61675500278672,255.3790381929528,no pobre,basal,2,720.0,793.0,1.0,27.0,7,356,38394,0,
98,1.0,0.0,1.796,1.0,2.0,5,89.61675500278672,255.3790381929528,no pobre,basal,2,720.0,793.0,1.0,27.0,8,356,38394,0,
97,1.0,0.0,1.796,1.0,7.0,7,89.61675500278672,255.3790381929528,pobre,basal,3,600.0,760.5,1.0,57.0,16,356,38395,7,1.0
98,1.0,0.0,1.796,,,7,89.61675500278672,255.3790381929528,pobre,basal,3,600.0,760.5,1.0,57.0,17,356,38395,7,1.0
97,1.0,0.0,1.796,1.0,4.0,7,89.61675500278672,255.3790381929528,pobre,basal,3,600.0,760.5,1.0,57.0,11,356,38396,4,1.0
98,1.0,0.0,1.796,1.0,5.0,7,89.61675500278672,255.3790381929528,pobre,basal,3,600.0,760.5,1.0,57.0,12,356,38396,4,1.0
97,1.0,0.0,1.796,0.0,5.0,7,89.61675500278672,255.3790381929528,pobre,basal,3,600.0,760.5,1.0,57.0,14,356,38397,5,0.0
98,1.0,0.0,1.796,0.0,6.0,7,89.61675500278672,255.3790381929528,pobre,basal,3,600.0,760.5,1.0,57.0,15,356,38397,5,0.0
97,1.0,0.0,1.796,0.0,9.0,7,89.61675500278672,255.3790381929528,pobre,basal,5,500.0,668.0,1.0,37.0,16,356,38398,9,0.0
98,1.0,0.0,1.796,,,7,89.61675500278672,255.3790381929528,pobre,basal,5,500.0,668.0,1.0,37.0,17,356,38398,9,0.0
97,1.0,0.0,1.796,1.0,6.0,7,89.61675500278672,255.3790381929528,pobre,basal,5,500.0,668.0,1.0,37.0,12,356,38399,6,1.0
98,1.0,0.0,1.796,1.0,7.0,7,89.61675500278672,255.3790381929528,pobre,basal,5,500.0,668.0,1.0,37.0,13,356,38399,6,1.0
97,1.0,0.0,1.796,1.0,5.0,7,89.61675500278672,255.3790381929528,pobre,basal,5,500.0,668.0,1.0,37.0,11,356,38400,5,1.0
98,1.0,0.0,1.796,1.0,6.0,7,89.61675500278672,255.3790381929528,pobre,basal,5,500.0,668.0,1.0,37.0,12,356,38400,5,1.0
97,0.0,0.0,1.796,1.0,1.0,7,89.61675500278672,255.3790381929528,pobre,basal,5,500.0,668.0,1.0,37.0,10,356,38401,1,1.0
98,0.0,0.0,1.796,1.0,2.0,7,89.61675500278672,255.3790381929528,pobre,basal,5,500.0,668.0,1.0,37.0,11,356,38401,1,1.0
97,0.0,0.0,1.796,1.0,2.0,7,89.61675500278672,255.3790381929528,pobre,basal,5,500.0,668.0,1.0,37.0,8,356,38402,2,1.0
98,0.0,0.0,1.796,1.0,3.0,7,89.61675500278672,255.3790381929528,pobre,basal,5,500.0,668.0,1.0,37.0,9,356,38402,2,1.0
97,1.0,0.0,1.796,0.0,9.0,10,89.61675500278672,255.3790381929528,pobre,basal,0,208.33333,738.0,1.0,50.0,15,356,38403,9,0.0
98,1.0,0.0,1.796,1.0,10.0,10,89.61675500278672,255.3790381929528,pobre,basal,0,208.33333,738.0,1.0,50.0,16,356,38403,9,0.0
97,1.0,0.0,1.796,1.0,6.0,10,89.61675500278672,255.3790381929528,pobre,basal,0,208.33333,738.0,1.0,50.0,12,356,38404,6,1.0
98,1.0,0.0,1.796,1.0,7.0,10,89.61675500278672,255.3790381929528,pobre,basal,0,208.33333,738.0,1.0,50.0,13,356,38404,6,1.0
97,0.0,0.0,1.796,1.0,2.0,10,89.61675500278672,255.3790381929528,pobre,basal,0,208.33333,738.0,1.0,50.0,9,356,38405,2,1.0
98,0.0,0.0,1.796,1.0,3.0,10,89.61675500278672,255.3790381929528,pobre,basal,0,208.33333,738.0,1.0,50.0,10,356,38405,2,1.0
97,1.0,0.0,1.796,1.0,0.0,10,89.61675500278672,255.3790381929528,pobre,basal,0,208.33333,738.0,1.0,50.0,6,356,38406,0,1.0
98,1.0,0.0,1.796,1.0,1.0,10,89.61675500278672,255.3790381929528,pobre,basal,0,208.33333,738.0,1.0,50.0,7,356,38406,0,1.0
97,1.0,0.0,1.796,1.0,4.0,7,89.61675500278672,255.3790381929528,pobre,basal,6,500.0,631.5,1.0,31.0,10,356,38407,4,1.0
98,1.0,0.0,1.796,1.0,5.0,7,89.61675500278672,255.3790381929528,pobre,basal,6,500.0,631.5,1.0,31.0,11,356,38407,4,1.0
97,1.0,0.0,1.796,1.0,2.0,7,89.61675500278672,255.3790381929528,pobre,basal,6,500.0,631.5,1.0,31.0,8,356,38408,2,1.0
98,1.0,0.0,1.796,1.0,2.0,7,89.61675500278672,255.3790381929528,pobre,basal,6,500.0,631.5,1.0,31.0,9,356,38408,2,1.0
97,1.0,0.0,1.796,1.0,0.0,7,89.61675500278672,255.3790381929528,pobre,basal,6,500.0,631.5,1.0,31.0,6,356,38409,0,1.0
98,1.0,0.0,1.796,1.0,0.0,7,89.61675500278672,255.3790381929528,pobre,basal,6,500.0,631.5,1.0,31.0,7,356,38409,0,1.0
97,0.0,0.0,1.796,1.0,2.0,8,89.61675500278672,255.3790381929528,pobre,basal,1,280.0,736.0,1.0,49.0,10,356,38410,2,1.0
98,0.0,0.0,1.796,1.0,3.0,8,89.61675500278672,255.3790381929528,pobre,basal,1,280.0,736.0,1.0,49.0,11,356,38410,2,1.0
97,1.0,0.0,1.796,1.0,6.0,8,89.61675500278672,255.3790381929528,pobre,basal,1,280.0,736.0,1.0,49.0,16,356,38411,6,1.0
98,1.0,0.0,1.796,,,8,89.61675500278672,255.3790381929528,pobre,basal,1,280.0,736.0,1.0,49.0,17,356,38411,6,1.0
97,0.0,0.0,1.796,1.0,6.0,8,89.61675500278672,255.3790381929528,pobre,basal,1,280.0,736.0,1.0,49.0,15,356,38412,6,1.0
98,0.0,0.0,1.796,1.0,7.0,8,89.61675500278672,255.3790381929528,pobre,basal,1,280.0,736.0,1.0,49.0,16,356,38412,6,1.0
97,1.0,0.0,1.796,1.0,5.0,8,89.61675500278672,255.3790381929528,pobre,basal,1,280.0,736.0,1.0,49.0,12,356,38413,5,1.0
98,1.0,0.0,1.796,1.0,6.0,8,89.61675500278672,255.3790381929528,pobre,basal,1,280.0,736.0,1.0,49.0,13,356,38413,5,1.0
97,1.0,0.0,1.796,1.0,6.0,8,89.61675500278672,255.3790381929528,pobre,basal,0,0.0,880.0,0.0,49.0,16,356,38414,6,1.0
98,1.0,0.0,1.796,,,8,89.61675500278672,255.3790381929528,pobre,basal,0,0.0,880.0,0.0,49.0,17,356,38414,6,1.0
97,0.0,0.0,1.796,1.0,5.0,8,89.61675500278672,255.3790381929528,pobre,basal,0,0.0,880.0,0.0,49.0,13,356,38415,5,1.0
98,0.0,0.0,1.796,1.0,6.0,8,89.61675500278672,255.3790381929528,pobre,basal,0,0.0,880.0,0.0,49.0,14,356,38415,5,1.0
97,1.0,0.0,1.796,1.0,1.0,8,89.61675500278672,255.3790381929528,pobre,basal,0,0.0,880.0,0.0,49.0,12,356,38416,1,1.0
98,1.0,0.0,1.796,1.0,2.0,8,89.61675500278672,255.3790381929528,pobre,basal,0,0.0,880.0,0.0,49.0,13,356,38416,1,1.0
97,1.0,0.0,1.796,1.0,2.0,8,89.61675500278672,255.3790381929528,pobre,basal,0,0.0,880.0,0.0,49.0,9,356,38417,2,1.0
98,1.0,0.0,1.796,1.0,3.0,8,89.61675500278672,255.3790381929528,pobre,basal,0,0.0,880.0,0.0,49.0,10,356,38417,2,1.0
97,0.0,0.0,1.796,1.0,6.0,7,89.61675500278672,255.3790381929528,no pobre,basal,4,416.66666,1153.25,1.0,57.0,13,356,38418,6,1.0
98,0.0,0.0,1.796,1.0,7.0,7,89.61675500278672,255.3790381929528,no pobre,basal,4,416.66666,1153.25,1.0,57.0,14,356,38418,6,1.0
97,0.0,0.0,1.796,1.0,9.0,5,89.61675500278672,255.3790381929528,pobre,basal,5,666.66669,730.0,1.0,44.0,15,356,38419,9,1.0
98,0.0,0.0,1.796,1.0,10.0,5,89.61675500278672,255.3790381929528,pobre,basal,5,666.66669,730.0,1.0,44.0,16,356,38419,9,1.0
97,1.0,0.0,1.796,1.0,6.0,5,89.61675500278672,255.3790381929528,pobre,basal,5,666.66669,730.0,1.0,44.0,12,356,38420,6,1.0
98,1.0,0.0,1.796,1.0,7.0,5,89.61675500278672,255.3790381929528,pobre,basal,5,666.66669,730.0,1.0,44.0,13,356,38420,6,1.0
97,0.0,0.0,1.796,1.0,4.0,5,89.61675500278672,255.3790381929528,pobre,basal,5,666.66669,730.0,1.0,44.0,10,356,38421,4,1.0
98,0.0,0.0,1.796,1.0,5.0,5,89.61675500278672,255.3790381929528,pobre,basal,5,666.66669,730.0,1.0,44.0,11,356,38421,4,1.0
97,1.0,0.0,1.796,1.0,10.0,6,89.61675500278672,255.3790381929528,no pobre,basal,2,125.0,1072.0,1.0,69.0,16,356,38422,10,1.0
98,1.0,0.0,1.796,,,6,89.61675500278672,255.3790381929528,no pobre,basal,2,125.0,1072.0,1.0,69.0,17,356,38422,10,1.0
97,1.0,0.0,1.796,1.0,3.0,6,89.61675500278672,255.3790381929528,no pobre,basal,2,125.0,1072.0,1.0,69.0,9,356,38423,3,1.0
98,1.0,0.0,1.796,1.0,4.0,6,89.61675500278672,255.3790381929528,no pobre,basal,2,125.0,1072.0,1.0,69.0,10,356,38423,3,1.0
97,1.0,0.0,1.796,1.0,0.0,6,89.61675500278672,255.3790381929528,no pobre,basal,2,125.0,1072.0,1.0,69.0,7,356,38424,0,1.0
98,1.0,0.0,1.796,1.0,1.0,6,89.61675500278672,255.3790381929528,no pobre,basal,2,125.0,1072.0,1.0,69.0,8,356,38424,0,1.0
97,0.0,0.0,1.796,1.0,3.0,5,89.61675500278672,255.3790381929528,pobre,basal,9,500.0,757.0,1.0,33.0,9,356,38425,3,1.0
98,0.0,0.0,1.796,1.0,4.0,5,89.61675500278672,255.3790381929528,pobre,basal,9,500.0,757.0,1.0,33.0,10,356,38425,3,1.0
97,0.0,0.0,1.796,1.0,0.0,5,89.61675500278672,255.3790381929528,pobre,basal,9,500.0,757.0,1.0,33.0,6,356,38426,0,1.0
98,0.0,0.0,1.796,1.0,1.0,5,89.61675500278672,255.3790381929528,pobre,basal,9,500.0,757.0,1.0,33.0,7,356,38426,0,1.0
97,0.0,0.0,1.796,1.0,8.0,6,89.61675500278672,255.3790381929528,pobre,basal,6,750.0,666.0,1.0,40.0,14,356,38427,8,1.0
98,0.0,0.0,1.796,1.0,9.0,6,89.61675500278672,255.3790381929528,pobre,basal,6,750.0,666.0,1.0,40.0,15,356,38427,8,1.0
97,0.0,0.0,1.796,1.0,4.0,6,89.61675500278672,255.3790381929528,pobre,basal,6,750.0,666.0,1.0,40.0,11,356,38428,4,1.0
98,0.0,0.0,1.796,1.0,5.0,6,89.61675500278672,255.3790381929528,pobre,basal,6,750.0,666.0,1.0,40.0,12,356,38428,4,1.0
97,1.0,0.0,1.796,,0.0,6,89.61675500278672,255.3790381929528,pobre,basal,6,750.0,666.0,1.0,40.0,9,356,38429,0,
98,1.0,0.0,1.796,,,6,89.61675500278672,255.3790381929528,pobre,basal,6,750.0,666.0,1.0,40.0,10,356,38429,0,
97,1.0,0.0,1.796,1.0,2.0,6,89.61675500278672,255.3790381929528,pobre,basal,6,750.0,666.0,1.0,40.0,8,356,38430,2,1.0
98,1.0,0.0,1.796,1.0,3.0,6,89.61675500278672,255.3790381929528,pobre,basal,6,750.0,666.0,1.0,40.0,9,356,38430,2,1.0
97,1.0,0.0,1.796,1.0,4.0,5,89.61675500278672,255.3790381929528,pobre,basal,0,500.0,812.5,1.0,37.0,11,356,38431,4,1.0
98,1.0,0.0,1.796,1.0,5.0,5,89.61675500278672,255.3790381929528,pobre,basal,0,500.0,812.5,1.0,37.0,12,356,38431,4,1.0
97,1.0,0.0,1.796,1.0,2.0,5,89.61675500278672,255.3790381929528,pobre,basal,0,500.0,812.5,1.0,37.0,9,356,38432,2,1.0
98,1.0,0.0,1.796,1.0,3.0,5,89.61675500278672,255.3790381929528,pobre,basal,0,500.0,812.5,1.0,37.0,10,356,38432,2,1.0
97,1.0,0.0,1.796,1.0,0.0,5,89.61675500278672,255.3790381929528,pobre,basal,0,500.0,812.5,1.0,37.0,7,356,38433,0,1.0
98,1.0,0.0,1.796,1.0,1.0,5,89.61675500278672,255.3790381929528,pobre,basal,0,500.0,812.5,1.0,37.0,8,356,38433,0,1.0
97,1.0,0.0,1.796,1.0,7.0,8,89.61675500278672,255.3790381929528,no pobre,basal,3,500.0,978.0,1.0,47.0,16,356,38434,7,1.0
98,1.0,0.0,1.796,,,8,89.61675500278672,255.3790381929528,no pobre,basal,3,500.0,978.0,1.0,47.0,17,356,38434,7,1.0
97,1.0,0.0,1.796,1.0,5.0,8,89.61675500278672,255.3790381929528,no pobre,basal,3,500.0,978.0,1.0,47.0,12,356,38435,5,1.0
98,1.0,0.0,1.796,1.0,6.0,8,89.61675500278672,255.3790381929528,no pobre,basal,3,500.0,978.0,1.0,47.0,13,356,38435,5,1.0
97,0.0,0.0,1.796,0.0,6.0,12,89.61675500278672,255.3790381929528,no pobre,basal,0,1333.3334,963.0,1.0,52.0,16,356,38436,6,0.0
98,0.0,0.0,1.796,,,12,89.61675500278672,255.3790381929528,no pobre,basal,0,1333.3334,963.0,1.0,52.0,17,356,38436,6,0.0
97,0.0,0.0,1.796,1.0,6.0,12,89.61675500278672,255.3790381929528,no pobre,basal,0,1333.3334,963.0,1.0,52.0,12,356,38437,6,1.0
98,0.0,0.0,1.796,1.0,7.0,12,89.61675500278672,255.3790381929528,no pobre,basal,0,1333.3334,963.0,1.0,52.0,13,356,38437,6,1.0
97,0.0,0.0,1.796,1.0,2.0,12,89.61675500278672,255.3790381929528,no pobre,basal,0,1333.3334,963.0,1.0,52.0,10,356,38438,2,1.0
98,0.0,0.0,1.796,1.0,3.0,12,89.61675500278672,255.3790381929528,no pobre,basal,0,1333.3334,963.0,1.0,52.0,11,356,38438,2,1.0
97,0.0,0.0,1.796,1.0,1.0,12,89.61675500278672,255.3790381929528,no pobre,basal,0,1333.3334,963.0,1.0,52.0,7,356,38439,1,1.0
98,0.0,0.0,1.796,1.0,2.0,12,89.61675500278672,255.3790381929528,no pobre,basal,0,1333.3334,963.0,1.0,52.0,8,356,38439,1,1.0
97,1.0,0.0,1.796,1.0,6.0,7,89.61675500278672,255.3790381929528,no pobre,basal,2,320.0,904.0,1.0,47.0,16,356,38440,6,1.0
98,1.0,0.0,1.796,,,7,89.61675500278672,255.3790381929528,no pobre,basal,2,320.0,904.0,1.0,47.0,17,356,38440,6,1.0
97,0.0,0.0,1.796,1.0,5.0,7,89.61675500278672,255.3790381929528,no pobre,basal,2,320.0,904.0,1.0,47.0,13,356,38441,5,1.0
98,0.0,0.0,1.796,1.0,6.0,7,89.61675500278672,255.3790381929528,no pobre,basal,2,320.0,904.0,1.0,47.0,14,356,38441,5,1.0
97,1.0,0.0,1.796,1.0,3.0,7,89.61675500278672,255.3790381929528,no pobre,basal,2,320.0,904.0,1.0,47.0,10,356,38442,3,1.0
98,1.0,0.0,1.796,1.0,4.0,7,89.61675500278672,255.3790381929528,no pobre,basal,2,320.0,904.0,1.0,47.0,11,356,38442,3,1.0
97,1.0,0.0,1.796,1.0,10.0,3,89.61675500278672,255.3790381929528,no pobre,basal,0,320.0,937.5,1.0,59.0,16,356,38443,10,1.0
98,1.0,0.0,1.796,,,3,89.61675500278672,255.3790381929528,no pobre,basal,0,320.0,937.5,1.0,59.0,17,356,38443,10,1.0
97,0.0,0.0,1.796,1.0,2.0,6,89.61675500278672,255.3790381929528,pobre,basal,11,2400.0,675.0,1.0,32.0,8,356,38444,2,1.0
98,0.0,0.0,1.796,1.0,3.0,6,89.61675500278672,255.3790381929528,pobre,basal,11,2400.0,675.0,1.0,32.0,9,356,38444,2,1.0
97,0.0,0.0,1.796,1.0,1.0,6,89.61675500278672,255.3790381929528,pobre,basal,11,2400.0,675.0,1.0,32.0,7,356,38445,1,1.0
98,0.0,0.0,1.796,1.0,2.0,6,89.61675500278672,255.3790381929528,pobre,basal,11,2400.0,675.0,1.0,32.0,8,356,38445,1,1.0
97,0.0,0.0,1.796,1.0,4.0,6,89.61675500278672,255.3790381929528,no pobre,basal,3,320.0,1167.0,1.0,60.0,10,356,38446,4,1.0
98,0.0,0.0,1.796,1.0,5.0,6,89.61675500278672,255.3790381929528,no pobre,basal,3,320.0,1167.0,1.0,60.0,11,356,38446,4,1.0
97,0.0,0.0,1.796,0.0,9.0,5,89.61675500278672,255.3790381929528,no pobre,basal,4,160.0,852.0,1.0,41.0,16,356,38447,9,0.0
98,0.0,0.0,1.796,,,5,89.61675500278672,255.3790381929528,no pobre,basal,4,160.0,852.0,1.0,41.0,17,356,38447,9,0.0
97,1.0,0.0,1.796,1.0,3.0,5,89.61675500278672,255.3790381929528,no pobre,basal,4,160.0,852.0,1.0,41.0,11,356,38448,3,1.0
98,1.0,0.0,1.796,1.0,4.0,5,89.61675500278672,255.3790381929528,no pobre,basal,4,160.0,852.0,1.0,41.0,12,356,38448,3,1.0
97,1.0,0.0,1.796,1.0,2.0,4,89.61675500278672,255.3790381929528,pobre,basal,0,240.0,735.0,1.0,65.0,9,356,38449,2,1.0
98,1.0,0.0,1.796,,,4,89.61675500278672,255.3790381929528,pobre,basal,0,240.0,735.0,1.0,65.0,10,356,38449,2,1.0
97,1.0,0.0,1.796,1.0,1.0,4,89.61675500278672,255.3790381929528,pobre,basal,0,240.0,735.0,1.0,65.0,8,356,38450,1,1.0
98,1.0,0.0,1.796,,,4,89.61675500278672,255.3790381929528,pobre,basal,0,240.0,735.0,1.0,65.0,9,356,38450,1,1.0
97,1.0,0.0,1.796,1.0,6.0,4,89.61675500278672,255.3790381929528,no pobre,basal,6,208.33333,886.0,1.0,46.0,15,356,38451,6,1.0
98,1.0,0.0,1.796,1.0,7.0,4,89.61675500278672,255.3790381929528,no pobre,basal,6,208.33333,886.0,1.0,46.0,16,356,38451,6,1.0
97,1.0,0.0,1.796,1.0,7.0,4,89.61675500278672,255.3790381929528,no pobre,basal,0,0.0,801.0,0.0,74.0,15,356,38452,7,1.0
98,1.0,0.0,1.796,,,4,89.61675500278672,255.3790381929528,no pobre,basal,0,0.0,801.0,0.0,74.0,16,356,38452,7,1.0
97,0.0,0.0,1.796,1.0,9.0,6,89.61675500278672,255.3790381929528,no pobre,basal,6,166.66667,999.0,1.0,54.0,14,356,38453,9,1.0
98,0.0,0.0,1.796,1.0,10.0,6,89.61675500278672,255.3790381929528,no pobre,basal,6,166.66667,999.0,1.0,54.0,15,356,38453,9,1.0
97,0.0,0.0,1.796,1.0,5.0,6,89.61675500278672,255.3790381929528,no pobre,basal,6,166.66667,999.0,1.0,54.0,12,356,38454,5,1.0
98,0.0,0.0,1.796,1.0,6.0,6,89.61675500278672,255.3790381929528,no pobre,basal,6,166.66667,999.0,1.0,54.0,13,356,38454,5,1.0
97,0.0,0.0,1.796,1.0,7.0,10,89.61675500278672,255.3790381929528,pobre,basal,6,200.0,808.0,1.0,48.0,13,356,38455,7,1.0
98,0.0,0.0,1.796,1.0,8.0,10,89.61675500278672,255.3790381929528,pobre,basal,6,200.0,808.0,1.0,48.0,14,356,38455,7,1.0
97,0.0,0.0,1.796,1.0,6.0,10,89.61675500278672,255.3790381929528,pobre,basal,6,200.0,808.0,1.0,48.0,12,356,38456,6,1.0
98,0.0,0.0,1.796,1.0,7.0,10,89.61675500278672,255.3790381929528,pobre,basal,6,200.0,808.0,1.0,48.0,13,356,38456,6,1.0
97,0.0,0.0,1.796,1.0,6.0,10,89.61675500278672,255.3790381929528,pobre,basal,6,200.0,808.0,1.0,48.0,13,356,38457,6,1.0
98,0.0,0.0,1.796,1.0,7.0,10,89.61675500278672,255.3790381929528,pobre,basal,6,200.0,808.0,1.0,48.0,14,356,38457,6,1.0
97,0.0,0.0,1.796,1.0,4.0,10,89.61675500278672,255.3790381929528,pobre,basal,6,200.0,808.0,1.0,48.0,11,356,38458,4,1.0
98,0.0,0.0,1.796,1.0,5.0,10,89.61675500278672,255.3790381929528,pobre,basal,6,200.0,808.0,1.0,48.0,12,356,38458,4,1.0
97,0.0,0.0,1.796,1.0,3.0,10,89.61675500278672,255.3790381929528,pobre,basal,6,200.0,808.0,1.0,48.0,9,356,38459,3,1.0
98,0.0,0.0,1.796,1.0,4.0,10,89.61675500278672,255.3790381929528,pobre,basal,6,200.0,808.0,1.0,48.0,10,356,38459,3,1.0
97,1.0,0.0,1.796,1.0,2.0,10,89.61675500278672,255.3790381929528,pobre,basal,6,200.0,808.0,1.0,48.0,9,356,38460,2,1.0
98,1.0,0.0,1.796,1.0,3.0,10,89.61675500278672,255.3790381929528,pobre,basal,6,200.0,808.0,1.0,48.0,10,356,38460,2,1.0
97,0.0,0.0,1.796,1.0,7.0,6,89.61675500278672,255.3790381929528,no pobre,basal,6,500.0,921.0,0.0,39.0,13,356,38461,7,1.0
98,0.0,0.0,1.796,1.0,8.0,6,89.61675500278672,255.3790381929528,no pobre,basal,6,500.0,921.0,0.0,39.0,14,356,38461,7,1.0
97,0.0,0.0,1.796,1.0,6.0,6,89.61675500278672,255.3790381929528,no pobre,basal,6,500.0,921.0,0.0,39.0,12,356,38462,6,1.0
98,0.0,0.0,1.796,1.0,7.0,6,89.61675500278672,255.3790381929528,no pobre,basal,6,500.0,921.0,0.0,39.0,13,356,38462,6,1.0
97,1.0,0.0,1.796,1.0,4.0,6,89.61675500278672,255.3790381929528,no pobre,basal,6,500.0,921.0,0.0,39.0,10,356,38463,4,1.0
98,1.0,0.0,1.796,1.0,5.0,6,89.61675500278672,255.3790381929528,no pobre,basal,6,500.0,921.0,0.0,39.0,11,356,38463,4,1.0
97,1.0,0.0,1.796,1.0,4.0,7,89.61675500278672,255.3790381929528,pobre,basal,5,333.33334,598.0,1.0,48.0,11,356,38464,4,1.0
98,1.0,0.0,1.796,1.0,5.0,7,89.61675500278672,255.3790381929528,pobre,basal,5,333.33334,598.0,1.0,48.0,12,356,38464,4,1.0
97,0.0,0.0,1.796,1.0,1.0,7,89.61675500278672,255.3790381929528,pobre,basal,5,333.33334,598.0,1.0,48.0,7,356,38465,1,1.0
98,0.0,0.0,1.796,1.0,2.0,7,89.61675500278672,255.3790381929528,pobre,basal,5,333.33334,598.0,1.0,48.0,8,356,38465,1,1.0
97,0.0,0.0,1.796,1.0,0.0,4,89.61675500278672,255.3790381929528,pobre,basal,2,500.0,828.0,1.0,34.0,6,356,38466,0,1.0
98,0.0,0.0,1.796,1.0,1.0,4,89.61675500278672,255.3790381929528,pobre,basal,2,500.0,828.0,1.0,34.0,7,356,38466,0,1.0
97,1.0,0.0,1.796,0.0,4.0,10,89.61675500278672,255.3790381929528,pobre,basal,0,125.0,780.0,1.0,50.0,16,356,38467,4,0.0
98,1.0,0.0,1.796,,,10,89.61675500278672,255.3790381929528,pobre,basal,0,125.0,780.0,1.0,50.0,17,356,38467,4,0.0
97,1.0,0.0,1.796,1.0,8.0,10,89.61675500278672,255.3790381929528,pobre,basal,0,125.0,780.0,1.0,50.0,15,356,38468,8,1.0
98,1.0,0.0,1.796,0.0,9.0,10,89.61675500278672,255.3790381929528,pobre,basal,0,125.0,780.0,1.0,50.0,16,356,38468,8,1.0
97,1.0,0.0,1.796,1.0,8.0,8,89.61675500278672,255.3790381929528,pobre,basal,0,0.0,628.0,0.0,80.0,15,356,38469,8,1.0
98,1.0,0.0,1.796,1.0,9.0,8,89.61675500278672,255.3790381929528,pobre,basal,0,0.0,628.0,0.0,80.0,16,356,38469,8,1.0
97,0.0,0.0,1.796,1.0,6.0,8,89.61675500278672,255.3790381929528,pobre,basal,0,0.0,628.0,0.0,80.0,12,356,38470,6,1.0
98,0.0,0.0,1.796,1.0,7.0,8,89.61675500278672,255.3790381929528,pobre,basal,0,0.0,628.0,0.0,80.0,13,356,38470,6,1.0
97,0.0,0.0,1.796,1.0,3.0,8,89.61675500278672,255.3790381929528,pobre,basal,0,0.0,628.0,0.0,80.0,9,356,38471,3,1.0
98,0.0,0.0,1.796,1.0,4.0,8,89.61675500278672,255.3790381929528,pobre,basal,0,0.0,628.0,0.0,80.0,10,356,38471,3,1.0
97,1.0,0.0,1.796,1.0,1.0,8,89.61675500278672,255.3790381929528,pobre,basal,0,0.0,628.0,0.0,80.0,7,356,38472,1,1.0
98,1.0,0.0,1.796,1.0,2.0,8,89.61675500278672,255.3790381929528,pobre,basal,0,0.0,628.0,0.0,80.0,8,356,38472,1,1.0
97,0.0,0.0,1.796,0.0,9.0,7,89.61675500278672,255.3790381929528,pobre,basal,3,880.0,651.5,1.0,33.0,15,356,38473,9,0.0
98,0.0,0.0,1.796,1.0,9.0,7,89.61675500278672,255.3790381929528,pobre,basal,3,880.0,651.5,1.0,33.0,16,356,38473,9,0.0
97,1.0,0.0,1.796,1.0,4.0,7,89.61675500278672,255.3790381929528,pobre,basal,3,880.0,651.5,1.0,33.0,11,356,38474,4,1.0
98,1.0,0.0,1.796,1.0,5.0,7,89.61675500278672,255.3790381929528,pobre,basal,3,880.0,651.5,1.0,33.0,12,356,38474,4,1.0
97,1.0,0.0,1.796,1.0,1.0,7,89.61675500278672,255.3790381929528,pobre,basal,3,880.0,651.5,1.0,33.0,9,356,38475,1,1.0
98,1.0,0.0,1.796,1.0,2.0,7,89.61675500278672,255.3790381929528,pobre,basal,3,880.0,651.5,1.0,33.0,10,356,38475,1,1.0
97,0.0,0.0,1.796,1.0,6.0,6,89.61675500278672,255.3790381929528,no pobre,basal,6,625.0,787.0,1.0,33.0,12,356,38476,6,1.0
98,0.0,0.0,1.796,1.0,7.0,6,89.61675500278672,255.3790381929528,no pobre,basal,6,625.0,787.0,1.0,33.0,13,356,38476,6,1.0
97,0.0,0.0,1.796,1.0,4.0,6,89.61675500278672,255.3790381929528,no pobre,basal,6,625.0,787.0,1.0,33.0,11,356,38477,4,1.0
98,0.0,0.0,1.796,1.0,5.0,6,89.61675500278672,255.3790381929528,no pobre,basal,6,625.0,787.0,1.0,33.0,12,356,38477,4,1.0
97,1.0,0.0,1.796,0.0,9.0,8,89.61675500278672,255.3790381929528,pobre,basal,3,400.0,714.0,1.0,49.0,15,356,38478,9,0.0
98,1.0,0.0,1.796,0.0,9.0,8,89.61675500278672,255.3790381929528,pobre,basal,3,400.0,714.0,1.0,49.0,16,356,38478,9,0.0
97,0.0,0.0,1.796,1.0,5.0,8,89.61675500278672,255.3790381929528,pobre,basal,3,400.0,714.0,1.0,49.0,12,356,38479,5,1.0
98,0.0,0.0,1.796,1.0,7.0,8,89.61675500278672,255.3790381929528,pobre,basal,3,400.0,714.0,1.0,49.0,13,356,38479,5,1.0
97,1.0,0.0,1.796,1.0,3.0,8,89.61675500278672,255.3790381929528,pobre,basal,3,400.0,714.0,1.0,49.0,9,356,38480,3,1.0
98,1.0,0.0,1.796,1.0,4.0,8,89.61675500278672,255.3790381929528,pobre,basal,3,400.0,714.0,1.0,49.0,10,356,38480,3,1.0
97,0.0,0.0,1.796,1.0,0.0,8,89.61675500278672,255.3790381929528,pobre,basal,3,400.0,714.0,1.0,49.0,6,356,38481,0,1.0
98,0.0,0.0,1.796,1.0,1.0,8,89.61675500278672,255.3790381929528,pobre,basal,3,400.0,714.0,1.0,49.0,7,356,38481,0,1.0
97,0.0,0.0,1.796,1.0,1.0,3,89.61675500278672,255.3790381929528,no pobre,basal,3,625.0,1053.5,1.0,43.0,7,356,38482,1,1.0
98,0.0,0.0,1.796,1.0,2.0,3,89.61675500278672,255.3790381929528,no pobre,basal,3,625.0,1053.5,1.0,43.0,8,356,38482,1,1.0
97,0.0,0.0,1.796,1.0,9.0,5,89.61675500278672,255.3790381929528,no pobre,basal,3,20.0,955.0,1.0,47.0,15,356,38483,9,1.0
98,0.0,0.0,1.796,1.0,9.0,5,89.61675500278672,255.3790381929528,no pobre,basal,3,20.0,955.0,1.0,47.0,16,356,38483,9,1.0
97,1.0,0.0,1.796,1.0,6.0,5,89.61675500278672,255.3790381929528,no pobre,basal,3,20.0,955.0,1.0,47.0,12,356,38484,6,1.0
98,1.0,0.0,1.796,1.0,7.0,5,89.61675500278672,255.3790381929528,no pobre,basal,3,20.0,955.0,1.0,47.0,13,356,38484,6,1.0
97,0.0,0.0,1.796,1.0,3.0,5,89.61675500278672,255.3790381929528,no pobre,basal,3,20.0,955.0,1.0,47.0,9,356,38485,3,1.0
98,0.0,0.0,1.796,1.0,4.0,5,89.61675500278672,255.3790381929528,no pobre,basal,3,20.0,955.0,1.0,47.0,10,356,38485,3,1.0
97,0.0,0.0,1.796,1.0,6.0,10,89.61675500278672,255.3790381929528,no pobre,basal,3,160.0,1111.5,1.0,42.0,12,356,38486,6,1.0
98,0.0,0.0,1.796,1.0,7.0,10,89.61675500278672,255.3790381929528,no pobre,basal,3,160.0,1111.5,1.0,42.0,13,356,38486,6,1.0
97,1.0,0.0,1.796,1.0,3.0,10,89.61675500278672,255.3790381929528,no pobre,basal,3,160.0,1111.5,1.0,42.0,9,356,38487,3,1.0
98,1.0,0.0,1.796,0.0,2.0,10,89.61675500278672,255.3790381929528,no pobre,basal,3,160.0,1111.5,1.0,42.0,10,356,38487,3,1.0
97,0.0,0.0,1.796,1.0,3.0,10,89.61675500278672,255.3790381929528,no pobre,basal,3,160.0,1111.5,1.0,42.0,8,356,38488,3,1.0
98,0.0,0.0,1.796,1.0,3.0,10,89.61675500278672,255.3790381929528,no pobre,basal,3,160.0,1111.5,1.0,42.0,9,356,38488,3,1.0
97,1.0,0.0,1.796,1.0,7.0,5,89.61675500278672,255.3790381929528,pobre,basal,6,500.0,739.0,1.0,41.0,14,356,38489,7,1.0
98,1.0,0.0,1.796,1.0,8.0,5,89.61675500278672,255.3790381929528,pobre,basal,6,500.0,739.0,1.0,41.0,15,356,38489,7,1.0
97,0.0,0.0,1.796,1.0,7.0,5,89.61675500278672,255.3790381929528,no pobre,basal,2,833.33331,796.5,1.0,64.0,12,356,38490,7,1.0
98,0.0,0.0,1.796,1.0,8.0,5,89.61675500278672,255.3790381929528,no pobre,basal,2,833.33331,796.5,1.0,64.0,13,356,38490,7,1.0
97,1.0,0.0,1.796,1.0,3.0,5,89.61675500278672,255.3790381929528,no pobre,basal,2,833.33331,796.5,1.0,64.0,9,356,38491,3,1.0
98,1.0,0.0,1.796,1.0,4.0,5,89.61675500278672,255.3790381929528,no pobre,basal,2,833.33331,796.5,1.0,64.0,10,356,38491,3,1.0
97,1.0,0.0,1.796,1.0,7.0,4,89.61675500278672,255.3790381929528,no pobre,basal,1,583.33331,822.0,1.0,57.0,13,356,38492,7,1.0
98,1.0,0.0,1.796,1.0,8.0,4,89.61675500278672,255.3790381929528,no pobre,basal,1,583.33331,822.0,1.0,57.0,14,356,38492,7,1.0
97,1.0,0.0,1.796,1.0,4.0,5,89.61675500278672,255.3790381929528,pobre,basal,0,500.0,767.5,1.0,47.0,11,356,38493,4,1.0
98,1.0,0.0,1.796,1.0,4.0,5,89.61675500278672,255.3790381929528,pobre,basal,0,500.0,767.5,1.0,47.0,12,356,38493,4,1.0
97,1.0,0.0,1.796,1.0,2.0,5,89.61675500278672,255.3790381929528,pobre,basal,0,500.0,767.5,1.0,47.0,8,356,38494,2,1.0
98,1.0,0.0,1.796,1.0,2.0,5,89.61675500278672,255.3790381929528,pobre,basal,0,500.0,767.5,1.0,47.0,9,356,38494,2,1.0
97,0.0,0.0,1.796,1.0,2.0,4,89.61675500278672,255.3790381929528,no pobre,basal,3,166.66667,1011.0,1.0,44.0,8,356,38495,2,1.0
98,0.0,0.0,1.796,1.0,3.0,4,89.61675500278672,255.3790381929528,no pobre,basal,3,166.66667,1011.0,1.0,44.0,9,356,38495,2,1.0
97,1.0,0.0,1.796,1.0,10.0,7,89.61675500278672,255.3790381929528,no pobre,basal,1,800.0,966.25,1.0,66.0,16,356,38496,10,1.0
98,1.0,0.0,1.796,,,7,89.61675500278672,255.3790381929528,no pobre,basal,1,800.0,966.25,1.0,66.0,17,356,38496,10,1.0
97,1.0,0.0,1.796,1.0,8.0,7,89.61675500278672,255.3790381929528,no pobre,basal,1,800.0,966.25,1.0,66.0,14,356,38497,8,1.0
98,1.0,0.0,1.796,1.0,9.0,7,89.61675500278672,255.3790381929528,no pobre,basal,1,800.0,966.25,1.0,66.0,15,356,38497,8,1.0
97,1.0,0.0,1.796,1.0,6.0,7,89.61675500278672,255.3790381929528,no pobre,basal,1,800.0,966.25,1.0,66.0,12,356,38498,6,1.0
98,1.0,0.0,1.796,1.0,7.0,7,89.61675500278672,255.3790381929528,no pobre,basal,1,800.0,966.25,1.0,66.0,13,356,38498,6,1.0
97,0.0,0.0,1.796,1.0,5.0,7,89.61675500278672,255.3790381929528,no pobre,basal,1,800.0,966.25,1.0,66.0,11,356,38499,5,1.0
98,0.0,0.0,1.796,1.0,6.0,7,89.61675500278672,255.3790381929528,no pobre,basal,1,800.0,966.25,1.0,66.0,12,356,38499,5,1.0
97,1.0,0.0,1.796,1.0,5.0,5,89.61675500278672,255.3790381929528,pobre,basal,9,500.0,692.0,1.0,33.0,12,356,38500,5,1.0
98,1.0,0.0,1.796,1.0,6.0,5,89.61675500278672,255.3790381929528,pobre,basal,9,500.0,692.0,1.0,33.0,13,356,38500,5,1.0
97,1.0,0.0,1.796,1.0,4.0,5,89.61675500278672,255.3790381929528,pobre,basal,9,500.0,692.0,1.0,33.0,10,356,38501,4,1.0
98,1.0,0.0,1.796,1.0,5.0,5,89.61675500278672,255.3790381929528,pobre,basal,9,500.0,692.0,1.0,33.0,11,356,38501,4,1.0
97,0.0,0.0,1.796,1.0,2.0,10,89.61675500278672,255.3790381929528,pobre,basal,1,400.0,667.0,1.0,67.0,10,356,38502,2,1.0
98,0.0,0.0,1.796,1.0,3.0,10,89.61675500278672,255.3790381929528,pobre,basal,1,400.0,667.0,1.0,67.0,11,356,38502,2,1.0
97,1.0,0.0,1.796,1.0,3.0,10,89.61675500278672,255.3790381929528,pobre,basal,1,400.0,667.0,1.0,67.0,9,356,38503,3,1.0
98,1.0,0.0,1.796,,,10,89.61675500278672,255.3790381929528,pobre,basal,1,400.0,667.0,1.0,67.0,10,356,38503,3,1.0
97,0.0,0.0,1.796,1.0,2.0,10,89.61675500278672,255.3790381929528,pobre,basal,1,400.0,667.0,1.0,67.0,8,356,38504,2,1.0
98,0.0,0.0,1.796,,,10,89.61675500278672,255.3790381929528,pobre,basal,1,400.0,667.0,1.0,67.0,9,356,38504,2,1.0
97,0.0,0.0,1.796,1.0,0.0,10,89.61675500278672,255.3790381929528,pobre,basal,1,400.0,667.0,1.0,67.0,7,356,38505,0,1.0
98,0.0,0.0,1.796,1.0,1.0,10,89.61675500278672,255.3790381929528,pobre,basal,1,400.0,667.0,1.0,67.0,8,356,38505,0,1.0
97,1.0,0.0,1.796,1.0,7.0,6,89.61675500278672,255.3790381929528,pobre,basal,9,625.0,813.0,1.0,42.0,13,356,38506,7,1.0
98,1.0,0.0,1.796,1.0,8.0,6,89.61675500278672,255.3790381929528,pobre,basal,9,625.0,813.0,1.0,42.0,14,356,38506,7,1.0
97,1.0,0.0,1.796,1.0,4.0,6,89.61675500278672,255.3790381929528,pobre,basal,9,625.0,813.0,1.0,42.0,10,356,38507,4,1.0
98,1.0,0.0,1.796,1.0,5.0,6,89.61675500278672,255.3790381929528,pobre,basal,9,625.0,813.0,1.0,42.0,11,356,38507,4,1.0
97,0.0,0.0,1.796,1.0,4.0,6,89.61675500278672,255.3790381929528,pobre,basal,9,625.0,813.0,1.0,42.0,10,356,38508,4,1.0
98,0.0,0.0,1.796,1.0,5.0,6,89.61675500278672,255.3790381929528,pobre,basal,9,625.0,813.0,1.0,42.0,11,356,38508,4,1.0
97,1.0,0.0,1.796,1.0,0.0,6,89.61675500278672,255.3790381929528,pobre,basal,9,625.0,813.0,1.0,42.0,6,356,38509,0,1.0
98,1.0,0.0,1.796,1.0,1.0,6,89.61675500278672,255.3790381929528,pobre,basal,9,625.0,813.0,1.0,42.0,7,356,38509,0,1.0
97,0.0,0.0,1.796,1.0,8.0,5,89.61675500278672,255.3790381929528,pobre,basal,3,625.0,666.0,1.0,34.0,14,356,38510,8,1.0
98,0.0,0.0,1.796,0.0,9.0,5,89.61675500278672,255.3790381929528,pobre,basal,3,625.0,666.0,1.0,34.0,15,356,38510,8,1.0
97,0.0,0.0,1.796,1.0,4.0,5,89.61675500278672,255.3790381929528,pobre,basal,3,625.0,666.0,1.0,34.0,10,356,38511,4,1.0
98,0.0,0.0,1.796,1.0,4.0,5,89.61675500278672,255.3790381929528,pobre,basal,3,625.0,666.0,1.0,34.0,11,356,38511,4,1.0
97,1.0,0.0,1.796,1.0,6.0,7,89.61675500278672,255.3790381929528,pobre,basal,6,625.0,613.0,1.0,33.0,11,356,38512,6,1.0
98,1.0,0.0,1.796,1.0,7.0,7,89.61675500278672,255.3790381929528,pobre,basal,6,625.0,613.0,1.0,33.0,12,356,38512,6,1.0
97,0.0,0.0,1.796,1.0,3.0,7,89.61675500278672,255.3790381929528,pobre,basal,6,625.0,613.0,1.0,33.0,10,356,38513,3,1.0
98,0.0,0.0,1.796,1.0,4.0,7,89.61675500278672,255.3790381929528,pobre,basal,6,625.0,613.0,1.0,33.0,11,356,38513,3,1.0
97,1.0,0.0,1.796,1.0,3.0,7,89.61675500278672,255.3790381929528,pobre,basal,6,625.0,613.0,1.0,33.0,9,356,38514,3,1.0
98,1.0,0.0,1.796,1.0,4.0,7,89.61675500278672,255.3790381929528,pobre,basal,6,625.0,613.0,1.0,33.0,10,356,38514,3,1.0
97,1.0,0.0,1.796,1.0,2.0,7,89.61675500278672,255.3790381929528,pobre,basal,6,625.0,613.0,1.0,33.0,8,356,38515,2,1.0
98,1.0,0.0,1.796,1.0,3.0,7,89.61675500278672,255.3790381929528,pobre,basal,6,625.0,613.0,1.0,33.0,9,356,38515,2,1.0
97,0.0,0.0,1.796,1.0,2.0,5,89.61675500278672,255.3790381929528,pobre,basal,4,600.0,566.33002,1.0,38.0,11,356,38516,2,1.0
98,0.0,0.0,1.796,1.0,3.0,5,89.61675500278672,255.3790381929528,pobre,basal,4,600.0,566.33002,1.0,38.0,12,356,38516,2,1.0
97,1.0,0.0,1.796,1.0,1.0,5,89.61675500278672,255.3790381929528,pobre,basal,4,600.0,566.33002,1.0,38.0,9,356,38517,1,1.0
98,1.0,0.0,1.796,1.0,2.0,5,89.61675500278672,255.3790381929528,pobre,basal,4,600.0,566.33002,1.0,38.0,10,356,38517,1,1.0
97,1.0,0.0,1.796,,0.0,5,89.61675500278672,255.3790381929528,pobre,basal,4,600.0,566.33002,1.0,38.0,6,356,38518,0,
98,1.0,0.0,1.796,1.0,0.0,5,89.61675500278672,255.3790381929528,pobre,basal,4,600.0,566.33002,1.0,38.0,7,356,38518,0,
97,0.0,0.0,1.796,0.0,6.0,9,89.61675500278672,255.3790381929528,pobre,basal,3,625.0,730.0,0.0,39.0,16,356,38519,6,0.0
98,0.0,0.0,1.796,,,9,89.61675500278672,255.3790381929528,pobre,basal,3,625.0,730.0,0.0,39.0,17,356,38519,6,0.0
97,1.0,0.0,1.796,1.0,6.0,9,89.61675500278672,255.3790381929528,pobre,basal,3,625.0,730.0,0.0,39.0,13,356,38520,6,1.0
98,1.0,0.0,1.796,1.0,7.0,9,89.61675500278672,255.3790381929528,pobre,basal,3,625.0,730.0,0.0,39.0,14,356,38520,6,1.0
97,1.0,0.0,1.796,1.0,5.0,9,89.61675500278672,255.3790381929528,pobre,basal,3,625.0,730.0,0.0,39.0,12,356,38521,5,1.0
98,1.0,0.0,1.796,1.0,6.0,9,89.61675500278672,255.3790381929528,pobre,basal,3,625.0,730.0,0.0,39.0,13,356,38521,5,1.0
97,0.0,0.0,1.796,1.0,3.0,9,89.61675500278672,255.3790381929528,pobre,basal,3,625.0,730.0,0.0,39.0,9,356,38522,3,1.0
98,0.0,0.0,1.796,1.0,4.0,9,89.61675500278672,255.3790381929528,pobre,basal,3,625.0,730.0,0.0,39.0,10,356,38522,3,1.0
97,0.0,0.0,1.796,1.0,8.0,9,89.61675500278672,255.3790381929528,pobre,basal,3,625.0,730.0,0.0,39.0,16,356,38523,8,1.0
98,0.0,0.0,1.796,,,9,89.61675500278672,255.3790381929528,pobre,basal,3,625.0,730.0,0.0,39.0,17,356,38523,8,1.0
97,1.0,0.0,1.89,1.0,6.0,4,128.1955161670884,203.8889676220904,no pobre,0,12,600.0,1101.0,1.0,34.0,13,321,38524,6,1.0
98,1.0,0.0,1.89,1.0,7.0,4,128.1955161670884,203.8889676220904,no pobre,0,12,600.0,1101.0,1.0,34.0,14,321,38524,6,1.0
97,1.0,0.0,1.89,0.0,9.0,5,128.1955161670884,203.8889676220904,no pobre,0,0,720.0,827.5,1.0,48.0,16,321,38525,9,0.0
98,1.0,0.0,1.89,,,5,128.1955161670884,203.8889676220904,no pobre,0,0,720.0,827.5,1.0,48.0,17,321,38525,9,0.0
97,1.0,0.0,1.89,1.0,5.0,5,128.1955161670884,203.8889676220904,no pobre,0,0,720.0,827.5,1.0,48.0,11,321,38526,5,1.0
98,1.0,0.0,1.89,1.0,6.0,5,128.1955161670884,203.8889676220904,no pobre,0,0,720.0,827.5,1.0,48.0,12,321,38526,5,1.0
97,1.0,0.0,1.89,0.0,9.0,6,128.1955161670884,203.8889676220904,no pobre,0,3,500.0,928.5,1.0,54.0,16,321,38527,9,0.0
98,1.0,0.0,1.89,,,6,128.1955161670884,203.8889676220904,no pobre,0,3,500.0,928.5,1.0,54.0,17,321,38527,9,0.0
97,1.0,0.0,1.89,1.0,7.0,6,128.1955161670884,203.8889676220904,no pobre,0,3,500.0,928.5,1.0,54.0,13,321,38528,7,1.0
98,1.0,0.0,1.89,1.0,8.0,6,128.1955161670884,203.8889676220904,no pobre,0,3,500.0,928.5,1.0,54.0,14,321,38528,7,1.0
97,0.0,0.0,1.89,1.0,6.0,6,128.1955161670884,203.8889676220904,pobre,0,6,500.0,738.0,0.0,35.0,12,321,38529,6,1.0
98,0.0,0.0,1.89,1.0,7.0,6,128.1955161670884,203.8889676220904,pobre,0,6,500.0,738.0,0.0,35.0,13,321,38529,6,1.0
97,0.0,0.0,1.89,0.0,9.0,6,128.1955161670884,203.8889676220904,pobre,0,6,500.0,738.0,0.0,35.0,15,321,38530,9,0.0
98,0.0,0.0,1.89,,,6,128.1955161670884,203.8889676220904,pobre,0,6,500.0,738.0,0.0,35.0,16,321,38530,9,0.0
97,0.0,0.0,1.89,1.0,1.0,6,128.1955161670884,203.8889676220904,pobre,0,6,500.0,738.0,0.0,35.0,7,321,38531,1,1.0
98,0.0,0.0,1.89,1.0,2.0,6,128.1955161670884,203.8889676220904,pobre,0,6,500.0,738.0,0.0,35.0,8,321,38531,1,1.0
97,0.0,0.0,1.89,1.0,7.0,4,128.1955161670884,203.8889676220904,no pobre,0,1,625.0,935.0,1.0,61.0,15,321,38532,7,1.0
98,0.0,0.0,1.89,1.0,8.0,4,128.1955161670884,203.8889676220904,no pobre,0,1,625.0,935.0,1.0,61.0,16,321,38532,7,1.0
97,0.0,0.0,1.89,1.0,8.0,6,128.1955161670884,203.8889676220904,pobre,0,6,500.0,694.0,1.0,33.0,13,321,38533,8,1.0
98,0.0,0.0,1.89,1.0,9.0,6,128.1955161670884,203.8889676220904,pobre,0,6,500.0,694.0,1.0,33.0,14,321,38533,8,1.0
97,0.0,0.0,1.89,1.0,4.0,6,128.1955161670884,203.8889676220904,pobre,0,6,500.0,694.0,1.0,33.0,10,321,38534,4,1.0
98,0.0,0.0,1.89,1.0,5.0,6,128.1955161670884,203.8889676220904,pobre,0,6,500.0,694.0,1.0,33.0,11,321,38534,4,1.0
97,0.0,0.0,1.89,1.0,0.0,6,128.1955161670884,203.8889676220904,pobre,0,6,500.0,694.0,1.0,33.0,6,321,38535,0,1.0
98,0.0,0.0,1.89,1.0,1.0,6,128.1955161670884,203.8889676220904,pobre,0,6,500.0,694.0,1.0,33.0,7,321,38535,0,1.0
97,0.0,0.0,1.89,1.0,5.0,4,128.1955161670884,203.8889676220904,pobre,0,3,750.0,842.0,1.0,36.0,11,321,38536,5,1.0
98,0.0,0.0,1.89,1.0,6.0,4,128.1955161670884,203.8889676220904,pobre,0,3,750.0,842.0,1.0,36.0,12,321,38536,5,1.0
97,0.0,0.0,1.89,1.0,2.0,4,128.1955161670884,203.8889676220904,pobre,0,3,750.0,842.0,1.0,36.0,9,321,38537,2,1.0
98,0.0,0.0,1.89,1.0,3.0,4,128.1955161670884,203.8889676220904,pobre,0,3,750.0,842.0,1.0,36.0,10,321,38537,2,1.0
97,1.0,0.0,1.89,1.0,4.0,3,128.1955161670884,203.8889676220904,pobre,0,1,0.0,761.0,0.0,61.0,10,321,38538,4,1.0
98,1.0,0.0,1.89,1.0,5.0,3,128.1955161670884,203.8889676220904,pobre,0,1,0.0,761.0,0.0,61.0,11,321,38538,4,1.0
97,1.0,0.0,0.0,1.0,5.0,7,149.9579517275712,149.9579517275712,pobre,0,3,0.0,607.0,1.0,58.0,13,336,38539,5,1.0
98,1.0,0.0,0.0,1.0,6.0,7,149.9579517275712,149.9579517275712,pobre,0,3,0.0,607.0,1.0,58.0,14,336,38539,5,1.0
97,0.0,0.0,0.0,1.0,5.0,7,149.9579517275712,149.9579517275712,pobre,0,3,0.0,607.0,1.0,58.0,12,336,38540,5,1.0
98,0.0,0.0,0.0,1.0,6.0,7,149.9579517275712,149.9579517275712,pobre,0,3,0.0,607.0,1.0,58.0,13,336,38540,5,1.0
97,0.0,0.0,0.0,1.0,3.0,7,149.9579517275712,149.9579517275712,pobre,0,3,0.0,607.0,1.0,58.0,9,336,38541,3,1.0
98,0.0,0.0,0.0,1.0,4.0,7,149.9579517275712,149.9579517275712,pobre,0,3,0.0,607.0,1.0,58.0,10,336,38541,3,1.0
97,0.0,0.0,0.0,1.0,0.0,7,149.9579517275712,149.9579517275712,pobre,0,3,0.0,607.0,1.0,58.0,6,336,38542,0,1.0
98,0.0,0.0,0.0,1.0,0.0,7,149.9579517275712,149.9579517275712,pobre,0,3,0.0,607.0,1.0,58.0,7,336,38542,0,1.0
97,1.0,0.0,0.0,1.0,5.0,3,149.9579517275712,149.9579517275712,no pobre,0,2,0.0,859.0,1.0,50.0,11,336,38543,5,1.0
98,1.0,0.0,0.0,1.0,6.0,3,149.9579517275712,149.9579517275712,no pobre,0,2,0.0,859.0,1.0,50.0,12,336,38543,5,1.0
97,0.0,0.0,0.0,0.0,8.0,6,149.9579517275712,149.9579517275712,no pobre,0,6,600.0,831.5,1.0,56.0,16,336,38544,8,0.0
98,0.0,0.0,0.0,,,6,149.9579517275712,149.9579517275712,no pobre,0,6,600.0,831.5,1.0,56.0,17,336,38544,8,0.0
97,0.0,0.0,0.0,1.0,1.0,5,149.9579517275712,149.9579517275712,pobre,0,9,0.0,761.0,1.0,27.0,9,336,38545,1,1.0
98,0.0,0.0,0.0,1.0,2.0,5,149.9579517275712,149.9579517275712,pobre,0,9,0.0,761.0,1.0,27.0,10,336,38545,1,1.0
97,1.0,0.0,0.0,1.0,6.0,5,149.9579517275712,149.9579517275712,no pobre,0,4,6400.0,1133.5,1.0,40.0,16,336,38546,6,1.0
98,1.0,0.0,0.0,,,5,149.9579517275712,149.9579517275712,no pobre,0,4,6400.0,1133.5,1.0,40.0,17,336,38546,6,1.0
97,1.0,0.0,0.0,1.0,0.0,5,149.9579517275712,149.9579517275712,no pobre,0,4,6400.0,1133.5,1.0,40.0,6,336,38547,0,1.0
98,1.0,0.0,0.0,1.0,1.0,5,149.9579517275712,149.9579517275712,no pobre,0,4,6400.0,1133.5,1.0,40.0,7,336,38547,0,1.0
97,0.0,0.0,0.0,0.0,6.0,11,149.9579517275712,149.9579517275712,pobre,0,2,0.0,740.0,1.0,62.0,15,336,38548,6,0.0
98,0.0,0.0,0.0,0.0,6.0,11,149.9579517275712,149.9579517275712,pobre,0,2,0.0,740.0,1.0,62.0,16,336,38548,6,0.0
97,0.0,0.0,0.0,1.0,4.0,11,149.9579517275712,149.9579517275712,pobre,0,2,0.0,740.0,1.0,62.0,13,336,38549,4,1.0
98,0.0,0.0,0.0,1.0,5.0,11,149.9579517275712,149.9579517275712,pobre,0,2,0.0,740.0,1.0,62.0,14,336,38549,4,1.0
97,0.0,0.0,0.0,1.0,5.0,11,149.9579517275712,149.9579517275712,pobre,0,2,0.0,740.0,1.0,62.0,11,336,38550,5,1.0
98,0.0,0.0,0.0,1.0,6.0,11,149.9579517275712,149.9579517275712,pobre,0,2,0.0,740.0,1.0,62.0,12,336,38550,5,1.0
97,0.0,0.0,0.0,1.0,3.0,11,149.9579517275712,149.9579517275712,pobre,0,2,0.0,740.0,1.0,62.0,9,336,38551,3,1.0
98,0.0,0.0,0.0,1.0,4.0,11,149.9579517275712,149.9579517275712,pobre,0,2,0.0,740.0,1.0,62.0,10,336,38551,3,1.0
97,1.0,0.0,0.0,1.0,3.0,7,149.9579517275712,149.9579517275712,pobre,0,6,2250.0,655.0,1.0,37.0,9,336,38552,3,1.0
98,1.0,0.0,0.0,1.0,4.0,7,149.9579517275712,149.9579517275712,pobre,0,6,2250.0,655.0,1.0,37.0,10,336,38552,3,1.0
97,1.0,0.0,0.0,1.0,2.0,7,149.9579517275712,149.9579517275712,pobre,0,6,2250.0,655.0,1.0,37.0,8,336,38553,2,1.0
98,1.0,0.0,0.0,1.0,2.0,7,149.9579517275712,149.9579517275712,pobre,0,6,2250.0,655.0,1.0,37.0,9,336,38553,2,1.0
97,1.0,0.0,0.0,1.0,0.0,7,149.9579517275712,149.9579517275712,pobre,0,6,2250.0,655.0,1.0,37.0,6,336,38554,0,1.0
98,1.0,0.0,0.0,1.0,1.0,7,149.9579517275712,149.9579517275712,pobre,0,6,2250.0,655.0,1.0,37.0,7,336,38554,0,1.0
97,1.0,0.0,0.0,1.0,8.0,7,149.9579517275712,149.9579517275712,no pobre,0,3,0.0,1096.5,1.0,61.0,14,336,38555,8,1.0
98,1.0,0.0,0.0,1.0,9.0,7,149.9579517275712,149.9579517275712,no pobre,0,3,0.0,1096.5,1.0,61.0,15,336,38555,8,1.0
97,0.0,0.0,0.0,1.0,4.0,7,149.9579517275712,149.9579517275712,no pobre,0,3,0.0,1096.5,1.0,61.0,10,336,38556,4,1.0
98,0.0,0.0,0.0,1.0,4.0,7,149.9579517275712,149.9579517275712,no pobre,0,3,0.0,1096.5,1.0,61.0,11,336,38556,4,1.0
97,0.0,0.0,0.0,1.0,7.0,6,149.9579517275712,149.9579517275712,no pobre,0,6,3200.0,1026.0,1.0,43.0,13,336,38557,7,1.0
98,0.0,0.0,0.0,,,6,149.9579517275712,149.9579517275712,no pobre,0,6,3200.0,1026.0,1.0,43.0,14,336,38557,7,1.0
97,1.0,0.0,0.0,1.0,3.0,6,149.9579517275712,149.9579517275712,no pobre,0,6,3200.0,1026.0,1.0,43.0,10,336,38558,3,1.0
98,1.0,0.0,0.0,,,6,149.9579517275712,149.9579517275712,no pobre,0,6,3200.0,1026.0,1.0,43.0,11,336,38558,3,1.0
97,0.0,0.0,0.0,1.0,4.0,5,149.9579517275712,149.9579517275712,no pobre,0,6,0.0,967.0,1.0,38.0,10,336,38559,4,1.0
98,0.0,0.0,0.0,1.0,5.0,5,149.9579517275712,149.9579517275712,no pobre,0,6,0.0,967.0,1.0,38.0,11,336,38559,4,1.0
97,1.0,0.0,0.0,1.0,2.0,5,149.9579517275712,149.9579517275712,no pobre,0,6,0.0,967.0,1.0,38.0,8,336,38560,2,1.0
98,1.0,0.0,0.0,1.0,3.0,5,149.9579517275712,149.9579517275712,no pobre,0,6,0.0,967.0,1.0,38.0,9,336,38560,2,1.0
97,0.0,0.0,0.0,1.0,6.0,10,149.9579517275712,149.9579517275712,no pobre,0,3,0.0,857.5,1.0,50.0,15,336,38561,6,1.0
98,0.0,0.0,0.0,0.0,6.0,10,149.9579517275712,149.9579517275712,no pobre,0,3,0.0,857.5,1.0,50.0,16,336,38561,6,1.0
97,0.0,0.0,0.0,1.0,5.0,10,149.9579517275712,149.9579517275712,no pobre,0,3,0.0,857.5,1.0,50.0,12,336,38562,5,1.0
98,0.0,0.0,0.0,1.0,6.0,10,149.9579517275712,149.9579517275712,no pobre,0,3,0.0,857.5,1.0,50.0,13,336,38562,5,1.0
97,0.0,0.0,0.0,1.0,3.0,10,149.9579517275712,149.9579517275712,no pobre,0,3,0.0,857.5,1.0,50.0,9,336,38563,3,1.0
98,0.0,0.0,0.0,1.0,4.0,10,149.9579517275712,149.9579517275712,no pobre,0,3,0.0,857.5,1.0,50.0,10,336,38563,3,1.0
97,0.0,0.0,0.0,1.0,1.0,10,149.9579517275712,149.9579517275712,no pobre,0,3,0.0,857.5,1.0,50.0,7,336,38564,1,1.0
98,0.0,0.0,0.0,1.0,2.0,10,149.9579517275712,149.9579517275712,no pobre,0,3,0.0,857.5,1.0,50.0,8,336,38564,1,1.0
97,0.0,0.0,0.0,0.0,6.0,6,149.9579517275712,149.9579517275712,no pobre,0,2,0.0,923.40002,1.0,62.0,15,336,38565,6,0.0
98,0.0,0.0,0.0,0.0,6.0,6,149.9579517275712,149.9579517275712,no pobre,0,2,0.0,923.40002,1.0,62.0,16,336,38565,6,0.0
97,1.0,0.0,0.0,1.0,7.0,6,149.9579517275712,149.9579517275712,no pobre,0,2,0.0,923.40002,1.0,62.0,14,336,38566,7,1.0
98,1.0,0.0,0.0,1.0,8.0,6,149.9579517275712,149.9579517275712,no pobre,0,2,0.0,923.40002,1.0,62.0,15,336,38566,7,1.0
97,0.0,0.0,0.0,1.0,1.0,5,149.9579517275712,149.9579517275712,pobre,0,9,1120.0,747.0,1.0,28.0,7,336,38567,1,1.0
98,0.0,0.0,0.0,1.0,2.0,5,149.9579517275712,149.9579517275712,pobre,0,9,1120.0,747.0,1.0,28.0,8,336,38567,1,1.0
97,1.0,0.0,0.0,0.0,9.0,8,149.9579517275712,149.9579517275712,no pobre,0,6,3675.0,897.0,1.0,55.0,16,336,38568,9,0.0
98,1.0,0.0,0.0,,,8,149.9579517275712,149.9579517275712,no pobre,0,6,3675.0,897.0,1.0,55.0,17,336,38568,9,0.0
97,1.0,0.0,0.0,1.0,8.0,8,149.9579517275712,149.9579517275712,no pobre,0,6,3675.0,897.0,1.0,55.0,14,336,38569,8,1.0
98,1.0,0.0,0.0,0.0,9.0,8,149.9579517275712,149.9579517275712,no pobre,0,6,3675.0,897.0,1.0,55.0,15,336,38569,8,1.0
97,1.0,0.0,0.0,1.0,6.0,8,149.9579517275712,149.9579517275712,no pobre,0,6,3675.0,897.0,1.0,55.0,12,336,38570,6,1.0
98,1.0,0.0,0.0,1.0,7.0,8,149.9579517275712,149.9579517275712,no pobre,0,6,3675.0,897.0,1.0,55.0,13,336,38570,6,1.0
97,1.0,0.0,0.0,1.0,8.0,8,149.9579517275712,149.9579517275712,no pobre,0,6,3675.0,897.0,1.0,55.0,15,336,38571,8,1.0
98,1.0,0.0,0.0,0.0,9.0,8,149.9579517275712,149.9579517275712,no pobre,0,6,3675.0,897.0,1.0,55.0,16,336,38571,8,1.0
97,1.0,0.0,0.0,1.0,7.0,11,149.9579517275712,149.9579517275712,pobre,0,3,0.0,894.5,1.0,50.0,13,336,38572,7,1.0
98,1.0,0.0,0.0,1.0,8.0,11,149.9579517275712,149.9579517275712,pobre,0,3,0.0,894.5,1.0,50.0,14,336,38572,7,1.0
97,0.0,0.0,0.0,1.0,5.0,11,149.9579517275712,149.9579517275712,pobre,0,3,0.0,894.5,1.0,50.0,12,336,38573,5,1.0
98,0.0,0.0,0.0,1.0,6.0,11,149.9579517275712,149.9579517275712,pobre,0,3,0.0,894.5,1.0,50.0,13,336,38573,5,1.0
97,0.0,0.0,0.0,1.0,2.0,11,149.9579517275712,149.9579517275712,pobre,0,3,0.0,894.5,1.0,50.0,8,336,38574,2,1.0
98,0.0,0.0,0.0,1.0,3.0,11,149.9579517275712,149.9579517275712,pobre,0,3,0.0,894.5,1.0,50.0,9,336,38574,2,1.0
97,0.0,0.0,0.0,1.0,0.0,11,149.9579517275712,149.9579517275712,pobre,0,3,0.0,894.5,1.0,50.0,6,336,38575,0,1.0
98,0.0,0.0,0.0,1.0,1.0,11,149.9579517275712,149.9579517275712,pobre,0,3,0.0,894.5,1.0,50.0,7,336,38575,0,1.0
97,0.0,0.0,0.0,1.0,6.0,7,149.9579517275712,149.9579517275712,no pobre,0,4,0.0,960.5,0.0,34.0,13,336,38576,6,1.0
98,0.0,0.0,0.0,1.0,7.0,7,149.9579517275712,149.9579517275712,no pobre,0,4,0.0,960.5,0.0,34.0,14,336,38576,6,1.0
97,0.0,0.0,0.0,1.0,2.0,7,149.9579517275712,149.9579517275712,no pobre,0,4,0.0,960.5,0.0,34.0,9,336,38577,2,1.0
98,0.0,0.0,0.0,1.0,3.0,7,149.9579517275712,149.9579517275712,no pobre,0,4,0.0,960.5,0.0,34.0,10,336,38577,2,1.0
97,1.0,0.0,0.0,1.0,2.0,7,149.9579517275712,149.9579517275712,no pobre,0,4,0.0,960.5,0.0,34.0,8,336,38578,2,1.0
98,1.0,0.0,0.0,1.0,3.0,7,149.9579517275712,149.9579517275712,no pobre,0,4,0.0,960.5,0.0,34.0,9,336,38578,2,1.0
97,0.0,0.0,0.0,1.0,0.0,6,149.9579517275712,149.9579517275712,no pobre,0,9,0.0,769.0,1.0,24.0,6,336,38579,0,1.0
98,0.0,0.0,0.0,,,6,149.9579517275712,149.9579517275712,no pobre,0,9,0.0,769.0,1.0,24.0,7,336,38579,0,1.0
97,1.0,0.0,2.527,0.0,6.0,4,109.9433136285297,109.9433136285297,no pobre,basal,1,625.0,839.0,1.0,62.0,16,344,38580,6,0.0
98,1.0,0.0,2.527,,,4,109.9433136285297,109.9433136285297,no pobre,basal,1,625.0,839.0,1.0,62.0,17,344,38580,6,0.0
97,1.0,0.0,2.527,0.0,6.0,10,109.9433136285297,109.9433136285297,pobre,basal,0,0.0,792.0,1.0,70.0,15,344,38581,6,0.0
98,1.0,0.0,2.527,0.0,6.0,10,109.9433136285297,109.9433136285297,pobre,basal,0,0.0,792.0,1.0,70.0,16,344,38581,6,0.0
97,0.0,0.0,2.527,0.0,6.0,10,109.9433136285297,109.9433136285297,pobre,basal,0,0.0,792.0,1.0,70.0,13,344,38582,6,0.0
98,0.0,0.0,2.527,0.0,6.0,10,109.9433136285297,109.9433136285297,pobre,basal,0,0.0,792.0,1.0,70.0,14,344,38582,6,0.0
97,1.0,0.0,2.527,1.0,5.0,10,109.9433136285297,109.9433136285297,pobre,basal,0,0.0,792.0,1.0,70.0,11,344,38583,5,1.0
98,1.0,0.0,2.527,0.0,6.0,10,109.9433136285297,109.9433136285297,pobre,basal,0,0.0,792.0,1.0,70.0,12,344,38583,5,1.0
97,0.0,0.0,2.527,1.0,3.0,10,109.9433136285297,109.9433136285297,pobre,basal,0,0.0,792.0,1.0,70.0,9,344,38584,3,1.0
98,0.0,0.0,2.527,1.0,4.0,10,109.9433136285297,109.9433136285297,pobre,basal,0,0.0,792.0,1.0,70.0,10,344,38584,3,1.0
97,0.0,0.0,2.527,1.0,1.0,10,109.9433136285297,109.9433136285297,pobre,basal,0,0.0,792.0,1.0,70.0,8,344,38585,1,1.0
98,0.0,0.0,2.527,1.0,2.0,10,109.9433136285297,109.9433136285297,pobre,basal,0,0.0,792.0,1.0,70.0,9,344,38585,1,1.0
97,0.0,0.0,2.527,0.0,6.0,10,109.9433136285297,109.9433136285297,pobre,basal,0,0.0,792.0,1.0,70.0,16,344,38586,6,0.0
98,0.0,0.0,2.527,,,10,109.9433136285297,109.9433136285297,pobre,basal,0,0.0,792.0,1.0,70.0,17,344,38586,6,0.0
97,1.0,0.0,2.527,0.0,6.0,10,109.9433136285297,109.9433136285297,pobre,basal,1,1000.0,562.0,1.0,43.0,15,344,38587,6,0.0
98,1.0,0.0,2.527,0.0,6.0,10,109.9433136285297,109.9433136285297,pobre,basal,1,1000.0,562.0,1.0,43.0,16,344,38587,6,0.0
97,1.0,0.0,2.527,0.0,6.0,10,109.9433136285297,109.9433136285297,pobre,basal,1,1000.0,562.0,1.0,43.0,14,344,38588,6,0.0
98,1.0,0.0,2.527,0.0,6.0,10,109.9433136285297,109.9433136285297,pobre,basal,1,1000.0,562.0,1.0,43.0,15,344,38588,6,0.0
97,1.0,0.0,2.527,0.0,4.0,10,109.9433136285297,109.9433136285297,pobre,basal,1,1000.0,562.0,1.0,43.0,10,344,38589,4,0.0
98,1.0,0.0,2.527,1.0,4.0,10,109.9433136285297,109.9433136285297,pobre,basal,1,1000.0,562.0,1.0,43.0,11,344,38589,4,0.0
97,0.0,0.0,2.527,1.0,2.0,10,109.9433136285297,109.9433136285297,pobre,basal,1,1000.0,562.0,1.0,43.0,8,344,38590,2,1.0
98,0.0,0.0,2.527,1.0,3.0,10,109.9433136285297,109.9433136285297,pobre,basal,1,1000.0,562.0,1.0,43.0,9,344,38590,2,1.0
97,1.0,0.0,2.527,1.0,3.0,10,109.9433136285297,109.9433136285297,pobre,basal,1,1000.0,562.0,1.0,43.0,7,344,38591,3,1.0
98,1.0,0.0,2.527,1.0,1.0,10,109.9433136285297,109.9433136285297,pobre,basal,1,1000.0,562.0,1.0,43.0,8,344,38591,3,1.0
97,1.0,0.0,2.527,1.0,2.0,9,109.9433136285297,109.9433136285297,pobre,basal,0,625.0,606.0,1.0,44.0,11,344,38592,2,1.0
98,1.0,0.0,2.527,1.0,3.0,9,109.9433136285297,109.9433136285297,pobre,basal,0,625.0,606.0,1.0,44.0,12,344,38592,2,1.0
97,0.0,0.0,2.527,1.0,1.0,9,109.9433136285297,109.9433136285297,pobre,basal,0,625.0,606.0,1.0,44.0,9,344,38593,1,1.0
98,0.0,0.0,2.527,1.0,2.0,9,109.9433136285297,109.9433136285297,pobre,basal,0,625.0,606.0,1.0,44.0,10,344,38593,1,1.0
97,1.0,0.0,2.527,1.0,3.0,9,109.9433136285297,109.9433136285297,pobre,basal,0,625.0,606.0,1.0,44.0,7,344,38594,3,1.0
98,1.0,0.0,2.527,1.0,1.0,9,109.9433136285297,109.9433136285297,pobre,basal,0,625.0,606.0,1.0,44.0,8,344,38594,3,1.0
97,0.0,0.0,2.527,1.0,8.0,8,109.9433136285297,109.9433136285297,pobre,basal,0,3200.0,683.0,1.0,58.0,14,344,38595,8,1.0
98,0.0,0.0,2.527,,,8,109.9433136285297,109.9433136285297,pobre,basal,0,3200.0,683.0,1.0,58.0,15,344,38595,8,1.0
97,0.0,0.0,2.527,1.0,5.0,8,109.9433136285297,109.9433136285297,pobre,basal,0,3200.0,683.0,1.0,58.0,11,344,38596,5,1.0
98,0.0,0.0,2.527,1.0,6.0,8,109.9433136285297,109.9433136285297,pobre,basal,0,3200.0,683.0,1.0,58.0,12,344,38596,5,1.0
97,0.0,0.0,2.527,1.0,1.0,8,109.9433136285297,109.9433136285297,pobre,basal,0,3200.0,683.0,1.0,58.0,7,344,38597,1,1.0
98,0.0,0.0,2.527,1.0,2.0,8,109.9433136285297,109.9433136285297,pobre,basal,0,3200.0,683.0,1.0,58.0,8,344,38597,1,1.0
97,0.0,0.0,2.527,1.0,4.0,5,109.9433136285297,109.9433136285297,pobre,basal,0,0.0,654.5,1.0,47.0,10,344,38598,4,1.0
98,0.0,0.0,2.527,1.0,5.0,5,109.9433136285297,109.9433136285297,pobre,basal,0,0.0,654.5,1.0,47.0,11,344,38598,4,1.0
97,0.0,0.0,2.527,1.0,2.0,5,109.9433136285297,109.9433136285297,pobre,basal,0,0.0,654.5,1.0,47.0,8,344,38599,2,1.0
98,0.0,0.0,2.527,1.0,3.0,5,109.9433136285297,109.9433136285297,pobre,basal,0,0.0,654.5,1.0,47.0,9,344,38599,2,1.0
97,0.0,0.0,2.527,0.0,6.0,9,109.9433136285297,109.9433136285297,pobre,basal,3,0.0,516.0,1.0,39.0,14,344,38600,6,0.0
98,0.0,0.0,2.527,0.0,6.0,9,109.9433136285297,109.9433136285297,pobre,basal,3,0.0,516.0,1.0,39.0,15,344,38600,6,0.0
97,0.0,0.0,2.527,1.0,5.0,9,109.9433136285297,109.9433136285297,pobre,basal,3,0.0,516.0,1.0,39.0,12,344,38601,5,1.0
98,0.0,0.0,2.527,0.0,6.0,9,109.9433136285297,109.9433136285297,pobre,basal,3,0.0,516.0,1.0,39.0,13,344,38601,5,1.0
97,0.0,0.0,2.527,1.0,4.0,9,109.9433136285297,109.9433136285297,pobre,basal,3,0.0,516.0,1.0,39.0,10,344,38602,4,1.0
98,0.0,0.0,2.527,1.0,5.0,9,109.9433136285297,109.9433136285297,pobre,basal,3,0.0,516.0,1.0,39.0,11,344,38602,4,1.0
97,1.0,0.0,2.527,1.0,2.0,9,109.9433136285297,109.9433136285297,pobre,basal,3,0.0,516.0,1.0,39.0,9,344,38603,2,1.0
98,1.0,0.0,2.527,1.0,3.0,9,109.9433136285297,109.9433136285297,pobre,basal,3,0.0,516.0,1.0,39.0,10,344,38603,2,1.0
97,1.0,0.0,2.527,1.0,3.0,9,109.9433136285297,109.9433136285297,pobre,basal,3,0.0,516.0,1.0,39.0,6,344,38604,3,1.0
98,1.0,0.0,2.527,1.0,1.0,9,109.9433136285297,109.9433136285297,pobre,basal,3,0.0,516.0,1.0,39.0,7,344,38604,3,1.0
97,0.0,1.0,3.148,1.0,1.0,7,137.4732032201517,172.770828657132,pobre,basal,3,500.0,620.0,1.0,26.0,10,348,38605,1,1.0
98,0.0,1.0,3.148,1.0,2.0,7,137.4732032201517,172.770828657132,pobre,basal,3,500.0,620.0,1.0,26.0,11,348,38605,1,1.0
97,0.0,1.0,3.148,1.0,1.0,8,137.4732032201517,172.770828657132,pobre,basal,0,625.0,449.0,1.0,48.0,12,348,38606,1,1.0
98,0.0,1.0,3.148,0.0,2.0,8,137.4732032201517,172.770828657132,pobre,basal,0,625.0,449.0,1.0,48.0,13,348,38606,1,1.0
97,0.0,1.0,3.148,1.0,1.0,8,137.4732032201517,172.770828657132,pobre,basal,0,625.0,449.0,1.0,48.0,7,348,38607,1,1.0
98,0.0,1.0,3.148,1.0,1.0,8,137.4732032201517,172.770828657132,pobre,basal,0,625.0,449.0,1.0,48.0,8,348,38607,1,1.0
97,0.0,1.0,3.148,1.0,1.0,8,137.4732032201517,172.770828657132,pobre,basal,0,625.0,449.0,1.0,48.0,12,348,38608,1,1.0
98,0.0,1.0,3.148,1.0,2.0,8,137.4732032201517,172.770828657132,pobre,basal,0,625.0,449.0,1.0,48.0,13,348,38608,1,1.0
97,0.0,1.0,3.148,,0.0,2,137.4732032201517,172.770828657132,pobre,basal,0,500.0,618.33002,1.0,20.0,14,348,38609,0,
98,0.0,1.0,3.148,,,2,137.4732032201517,172.770828657132,pobre,basal,0,500.0,618.33002,1.0,20.0,15,348,38609,0,
97,1.0,1.0,3.148,0.0,3.0,13,137.4732032201517,172.770828657132,pobre,basal,0,500.0,528.38,1.0,41.0,16,348,38610,3,0.0
98,1.0,1.0,3.148,,,13,137.4732032201517,172.770828657132,pobre,basal,0,500.0,528.38,1.0,41.0,17,348,38610,3,0.0
97,0.0,1.0,3.148,0.0,4.0,13,137.4732032201517,172.770828657132,pobre,basal,0,500.0,528.38,1.0,41.0,15,348,38611,4,0.0
98,0.0,1.0,3.148,,,13,137.4732032201517,172.770828657132,pobre,basal,0,500.0,528.38,1.0,41.0,16,348,38611,4,0.0
97,0.0,1.0,3.148,0.0,4.0,13,137.4732032201517,172.770828657132,pobre,basal,0,500.0,528.38,1.0,41.0,13,348,38612,4,0.0
98,0.0,1.0,3.148,,,13,137.4732032201517,172.770828657132,pobre,basal,0,500.0,528.38,1.0,41.0,14,348,38612,4,0.0
97,0.0,1.0,3.148,1.0,4.0,13,137.4732032201517,172.770828657132,pobre,basal,0,500.0,528.38,1.0,41.0,10,348,38613,4,1.0
98,0.0,1.0,3.148,1.0,1.0,13,137.4732032201517,172.770828657132,pobre,basal,0,500.0,528.38,1.0,41.0,11,348,38613,4,1.0
97,1.0,1.0,3.148,1.0,3.0,13,137.4732032201517,172.770828657132,pobre,basal,0,500.0,528.38,1.0,41.0,9,348,38614,3,1.0
98,1.0,1.0,3.148,1.0,3.0,13,137.4732032201517,172.770828657132,pobre,basal,0,500.0,528.38,1.0,41.0,10,348,38614,3,1.0
97,0.0,1.0,3.148,,0.0,3,137.4732032201517,172.770828657132,pobre,basal,2,500.0,635.33002,1.0,50.0,12,348,38615,0,
98,0.0,1.0,3.148,0.0,3.0,3,137.4732032201517,172.770828657132,pobre,basal,2,500.0,635.33002,1.0,50.0,13,348,38615,0,
97,0.0,1.0,3.148,1.0,4.0,16,137.4732032201517,172.770828657132,pobre,basal,2,0.0,525.33002,1.0,61.0,15,348,38616,4,1.0
98,0.0,1.0,3.148,0.0,4.0,16,137.4732032201517,172.770828657132,pobre,basal,2,0.0,525.33002,1.0,61.0,16,348,38616,4,1.0
97,0.0,1.0,3.148,1.0,2.0,16,137.4732032201517,172.770828657132,pobre,basal,2,0.0,525.33002,1.0,61.0,8,348,38617,2,1.0
98,0.0,1.0,3.148,1.0,2.0,16,137.4732032201517,172.770828657132,pobre,basal,2,0.0,525.33002,1.0,61.0,9,348,38617,2,1.0
97,1.0,1.0,3.148,1.0,2.0,8,137.4732032201517,172.770828657132,pobre,basal,2,500.0,418.0,1.0,32.0,10,348,38618,2,1.0
98,1.0,1.0,3.148,1.0,2.0,8,137.4732032201517,172.770828657132,pobre,basal,2,500.0,418.0,1.0,32.0,11,348,38618,2,1.0
97,0.0,1.0,3.148,1.0,1.0,8,137.4732032201517,172.770828657132,pobre,basal,2,500.0,418.0,1.0,32.0,8,348,38619,1,1.0
98,0.0,1.0,3.148,1.0,2.0,8,137.4732032201517,172.770828657132,pobre,basal,2,500.0,418.0,1.0,32.0,9,348,38619,1,1.0
97,1.0,1.0,3.148,1.0,1.0,8,137.4732032201517,172.770828657132,pobre,basal,2,500.0,418.0,1.0,32.0,6,348,38620,1,1.0
98,1.0,1.0,3.148,1.0,2.0,8,137.4732032201517,172.770828657132,pobre,basal,2,500.0,418.0,1.0,32.0,7,348,38620,1,1.0
97,0.0,1.0,3.148,1.0,2.0,8,137.4732032201517,172.770828657132,pobre,basal,0,500.0,580.0,1.0,56.0,12,348,38621,2,1.0
98,0.0,1.0,3.148,1.0,3.0,8,137.4732032201517,172.770828657132,pobre,basal,0,500.0,580.0,1.0,56.0,13,348,38621,2,1.0
97,1.0,1.0,3.148,1.0,1.0,9,137.4732032201517,172.770828657132,pobre,basal,1,500.0,582.5,1.0,45.0,8,348,38622,1,1.0
98,1.0,1.0,3.148,1.0,2.0,9,137.4732032201517,172.770828657132,pobre,basal,1,500.0,582.5,1.0,45.0,9,348,38622,1,1.0
97,0.0,1.0,3.148,1.0,2.0,6,137.4732032201517,172.770828657132,pobre,basal,0,0.0,599.0,0.0,67.0,11,348,38623,2,1.0
98,0.0,1.0,3.148,1.0,4.0,6,137.4732032201517,172.770828657132,pobre,basal,0,0.0,599.0,0.0,67.0,12,348,38623,2,1.0
97,1.0,1.0,3.148,1.0,1.0,6,137.4732032201517,172.770828657132,pobre,basal,0,0.0,599.0,0.0,67.0,7,348,38624,1,1.0
98,1.0,1.0,3.148,1.0,2.0,6,137.4732032201517,172.770828657132,pobre,basal,0,0.0,599.0,0.0,67.0,8,348,38624,1,1.0
97,0.0,1.0,3.148,0.0,2.0,3,137.4732032201517,172.770828657132,pobre,basal,0,375.0,634.0,1.0,38.0,14,348,38625,2,0.0
98,0.0,1.0,3.148,0.0,3.0,3,137.4732032201517,172.770828657132,pobre,basal,0,375.0,634.0,1.0,38.0,15,348,38625,2,0.0
